,original,predict,differ,abs
0,67,78,-11,11
1,58,67,-9,9
2,88,88,0,0
3,183,170,13,13
4,81,82,-1,1
5,88,87,1,1
6,83,88,-5,5
7,183,157,26,26
8,81,81,0,0
9,117,114,3,3
10,64,66,-2,2
11,59,73,-14,14
12,74,74,0,0
13,100,103,-3,3
14,103,98,5,5
15,66,74,-8,8
16,97,91,6,6
17,120,107,13,13
18,79,81,-2,2
19,110,114,-4,4
20,217,189,28,28
21,156,147,9,9
22,97,89,8,8
23,101,116,-15,15
24,82,79,3,3
25,127,115,12,12
26,112,107,5,5
27,191,165,26,26
28,48,52,-4,4
29,106,111,-5,5
30,133,129,4,4
31,57,66,-9,9
32,108,100,8,8
33,89,82,7,7
34,50,71,-21,21
35,62,55,7,7
36,102,98,4,4
37,55,60,-5,5
38,89,101,-12,12
39,96,102,-6,6
40,70,74,-4,4
41,115,113,2,2
42,82,85,-3,3
43,102,102,0,0
44,167,141,26,26
45,82,91,-9,9
46,118,124,-6,6
47,85,82,3,3
48,93,91,2,2
49,111,95,16,16
50,77,74,3,3
51,136,126,10,10
52,109,95,14,14
53,85,94,-9,9
54,133,119,14,14
55,138,124,14,14
56,100,117,-17,17
57,130,124,6,6
58,96,99,-3,3
59,58,66,-8,8
60,115,109,6,6
61,73,79,-6,6
62,135,119,16,16
63,177,169,8,8
64,96,99,-3,3
65,77,84,-7,7
66,84,85,-1,1
67,105,94,11,11
68,193,182,11,11
69,143,139,4,4
70,111,101,10,10
71,104,92,12,12
72,265,244,21,21
73,88,93,-5,5
74,78,81,-3,3
75,58,65,-7,7
76,86,83,3,3
77,59,70,-11,11
78,139,134,5,5
79,96,91,5,5
80,90,88,2,2
81,83,84,-1,1
82,133,126,7,7
83,141,135,6,6
84,72,73,-1,1
85,75,76,-1,1
86,43,53,-10,10
87,68,73,-5,5
88,170,137,33,33
89,92,97,-5,5
90,64,87,-23,23
91,101,103,-2,2
92,82,81,1,1
93,81,77,4,4
94,75,79,-4,4
95,99,94,5,5
96,45,62,-17,17
97,186,180,6,6
98,127,138,-11,11
99,100,100,0,0
100,66,70,-4,4
101,129,108,21,21
102,107,111,-4,4
103,128,124,4,4
104,90,82,8,8
105,68,73,-5,5
106,107,105,2,2
107,90,85,5,5
108,89,94,-5,5
109,70,76,-6,6
110,174,139,35,35
111,90,80,10,10
112,76,81,-5,5
113,67,70,-3,3
114,76,87,-11,11
115,168,155,13,13
116,91,87,4,4
117,103,101,2,2
118,91,88,3,3
119,67,78,-11,11
120,118,121,-3,3
121,51,59,-8,8
122,76,82,-6,6
123,110,112,-2,2
124,99,93,6,6
125,96,98,-2,2
126,169,155,14,14
127,89,92,-3,3
128,94,97,-3,3
129,123,127,-4,4
130,186,173,13,13
131,132,126,6,6
132,102,86,16,16
133,78,84,-6,6
134,129,114,15,15
135,116,98,18,18
136,136,124,12,12
137,131,126,5,5
138,105,104,1,1
139,69,74,-5,5
140,66,67,-1,1
141,127,118,9,9
142,127,122,5,5
143,66,81,-15,15
144,112,115,-3,3
145,115,106,9,9
146,98,88,10,10
147,69,67,2,2
148,93,84,9,9
149,121,123,-2,2
150,92,96,-4,4
151,73,75,-2,2
152,139,131,8,8
153,80,85,-5,5
154,89,94,-5,5
155,67,72,-5,5
156,66,69,-3,3
157,81,85,-4,4
158,59,70,-11,11
159,128,129,-1,1
160,109,109,0,0
161,50,58,-8,8
162,74,74,0,0
163,80,86,-6,6
164,132,127,5,5
165,51,61,-10,10
166,115,106,9,9
167,70,89,-19,19
168,159,141,18,18
169,151,150,1,1
170,94,95,-1,1
171,81,94,-13,13
172,77,82,-5,5
173,42,51,-9,9
174,135,129,6,6
175,106,100,6,6
176,50,62,-12,12
177,162,136,26,26
178,130,112,18,18
179,120,103,17,17
180,84,90,-6,6
181,76,84,-8,8
182,67,72,-5,5
183,75,77,-2,2
184,39,52,-13,13
185,119,101,18,18
186,55,66,-11,11
187,90,87,3,3
188,124,121,3,3
189,171,165,6,6
190,70,76,-6,6
191,137,133,4,4
192,127,129,-2,2
193,143,147,-4,4
194,195,158,37,37
195,112,103,9,9
196,43,58,-15,15
197,114,108,6,6
198,111,104,7,7
199,80,84,-4,4
200,128,108,20,20
201,176,170,6,6
202,64,67,-3,3
203,142,131,11,11
204,100,90,10,10
205,63,67,-4,4
206,145,128,17,17
207,101,97,4,4
208,78,75,3,3
209,98,94,4,4
210,147,142,5,5
211,50,62,-12,12
212,70,72,-2,2
213,175,163,12,12
214,87,97,-10,10
215,87,82,5,5
216,108,117,-9,9
217,67,71,-4,4
218,95,98,-3,3
219,89,97,-8,8
220,135,132,3,3
221,79,87,-8,8
222,43,57,-14,14
223,195,157,38,38
224,83,86,-3,3
225,81,88,-7,7
226,63,73,-10,10
227,119,115,4,4
228,98,96,2,2
229,44,57,-13,13
230,47,65,-18,18
231,87,74,13,13
232,90,84,6,6
233,62,68,-6,6
234,103,98,5,5
235,140,139,1,1
236,114,111,3,3
237,57,75,-18,18
238,81,80,1,1
239,74,94,-20,20
240,61,77,-16,16
241,43,55,-12,12
242,55,67,-12,12
243,100,93,7,7
244,124,108,16,16
245,107,106,1,1
246,121,121,0,0
247,86,93,-7,7
248,146,131,15,15
249,147,143,4,4
250,47,52,-5,5
251,124,111,13,13
252,89,92,-3,3
253,50,66,-16,16
254,110,111,-1,1
255,158,147,11,11
256,86,83,3,3
257,102,103,-1,1
258,107,110,-3,3
259,64,72,-8,8
260,136,127,9,9
261,125,109,16,16
262,115,100,15,15
263,71,72,-1,1
264,80,84,-4,4
265,82,88,-6,6
266,79,81,-2,2
267,102,93,9,9
268,49,65,-16,16
269,109,105,4,4
270,52,62,-10,10
271,72,74,-2,2
272,68,75,-7,7
273,151,150,1,1
274,112,106,6,6
275,97,106,-9,9
276,82,92,-10,10
277,72,79,-7,7
278,125,128,-3,3
279,128,128,0,0
280,94,95,-1,1
281,76,74,2,2
282,71,78,-7,7
283,112,108,4,4
284,75,76,-1,1
285,77,78,-1,1
286,78,75,3,3
287,89,84,5,5
288,88,82,6,6
289,97,96,1,1
290,80,77,3,3
291,67,78,-11,11
292,83,87,-4,4
293,85,89,-4,4
294,76,76,0,0
295,64,70,-6,6
296,107,106,1,1
297,141,142,-1,1
298,130,122,8,8
299,51,66,-15,15
300,66,68,-2,2
301,75,74,1,1
302,186,160,26,26
303,86,81,5,5
304,141,137,4,4
305,83,83,0,0
306,85,84,1,1
307,148,132,16,16
308,87,86,1,1
309,77,74,3,3
310,27,45,-18,18
311,88,91,-3,3
312,92,86,6,6
313,86,93,-7,7
314,135,132,3,3
315,77,73,4,4
316,73,75,-2,2
317,133,136,-3,3
318,51,61,-10,10
319,125,115,10,10
320,98,106,-8,8
321,143,129,14,14
322,140,132,8,8
323,87,95,-8,8
324,89,79,10,10
325,69,76,-7,7
326,96,80,16,16
327,127,118,9,9
328,79,77,2,2
329,137,118,19,19
330,85,89,-4,4
331,84,89,-5,5
332,52,72,-20,20
333,77,77,0,0
334,78,85,-7,7
335,104,96,8,8
336,89,94,-5,5
337,89,59,30,30
338,56,59,-3,3
339,106,88,18,18
340,71,73,-2,2
341,132,118,14,14
342,82,78,4,4
343,100,95,5,5
344,51,69,-18,18
345,66,70,-4,4
346,85,79,6,6
347,112,107,5,5
348,34,60,-26,26
349,134,113,21,21
350,93,97,-4,4
351,114,127,-13,13
352,137,119,18,18
353,88,88,0,0
354,108,109,-1,1
355,106,98,8,8
356,146,169,-23,23
357,54,69,-15,15
358,170,138,32,32
359,86,79,7,7
360,110,94,16,16
361,82,80,2,2
362,101,96,5,5
363,64,75,-11,11
364,44,59,-15,15
365,84,83,1,1
366,60,66,-6,6
367,101,102,-1,1
368,120,105,15,15
369,60,64,-4,4
370,130,122,8,8
371,41,56,-15,15
372,116,106,10,10
373,58,66,-8,8
374,77,78,-1,1
375,96,99,-3,3
376,88,92,-4,4
377,103,99,4,4
378,35,54,-19,19
379,64,66,-2,2
380,86,78,8,8
381,89,93,-4,4
382,108,101,7,7
383,116,105,11,11
384,82,84,-2,2
385,65,71,-6,6
386,64,76,-12,12
387,134,123,11,11
388,65,74,-9,9
389,77,78,-1,1
390,120,118,2,2
391,54,66,-12,12
392,90,89,1,1
393,87,88,-1,1
394,97,92,5,5
395,17,28,-11,11
396,69,89,-20,20
397,31,51,-20,20
398,90,90,0,0
399,104,102,2,2
400,97,95,2,2
401,52,65,-13,13
402,81,82,-1,1
403,88,86,2,2
404,150,147,3,3
405,103,109,-6,6
406,47,55,-8,8
407,119,111,8,8
408,107,112,-5,5
409,88,70,18,18
410,85,85,0,0
411,95,95,0,0
412,89,83,6,6
413,87,90,-3,3
414,148,130,18,18
415,98,94,4,4
416,148,145,3,3
417,77,84,-7,7
418,70,78,-8,8
419,64,71,-7,7
420,110,124,-14,14
421,143,144,-1,1
422,122,162,-40,40
423,82,83,-1,1
424,112,104,8,8
425,128,126,2,2
426,148,142,6,6
427,80,80,0,0
428,56,71,-15,15
429,90,87,3,3
430,110,106,4,4
431,88,97,-9,9
432,91,90,1,1
433,99,97,2,2
434,122,111,11,11
435,66,72,-6,6
436,106,100,6,6
437,65,67,-2,2
438,164,148,16,16
439,68,70,-2,2
440,48,73,-25,25
441,88,83,5,5
442,107,114,-7,7
443,58,69,-11,11
444,91,87,4,4
445,113,103,10,10
446,107,99,8,8
447,101,95,6,6
448,72,84,-12,12
449,134,127,7,7
450,87,88,-1,1
451,64,72,-8,8
452,72,72,0,0
453,146,144,2,2
454,110,107,3,3
455,104,98,6,6
456,129,130,-1,1
457,134,136,-2,2
458,123,119,4,4
459,62,67,-5,5
460,71,72,-1,1
461,58,69,-11,11
462,88,85,3,3
463,134,131,3,3
464,81,83,-2,2
465,77,93,-16,16
466,118,113,5,5
467,131,123,8,8
468,66,71,-5,5
469,61,69,-8,8
470,43,49,-6,6
471,121,117,4,4
472,101,108,-7,7
473,112,99,13,13
474,67,69,-2,2
475,88,86,2,2
476,57,59,-2,2
477,93,83,10,10
478,77,67,10,10
479,57,66,-9,9
480,55,71,-16,16
481,68,76,-8,8
482,118,108,10,10
483,63,71,-8,8
484,110,109,1,1
485,58,69,-11,11
486,119,106,13,13
487,110,136,-26,26
488,146,137,9,9
489,50,58,-8,8
490,104,101,3,3
491,136,122,14,14
492,145,146,-1,1
493,110,99,11,11
494,124,125,-1,1
495,117,109,8,8
496,134,123,11,11
497,98,88,10,10
498,104,122,-18,18
499,78,78,0,0
500,100,91,9,9
501,45,61,-16,16
502,108,109,-1,1
503,50,63,-13,13
504,69,79,-10,10
505,106,100,6,6
506,66,67,-1,1
507,61,72,-11,11
508,96,95,1,1
509,96,93,3,3
510,53,63,-10,10
511,93,97,-4,4
512,80,76,4,4
513,73,77,-4,4
514,70,80,-10,10
515,100,90,10,10
516,137,127,10,10
517,114,111,3,3
518,70,75,-5,5
519,55,71,-16,16
520,108,95,13,13
521,138,130,8,8
522,95,96,-1,1
523,142,134,8,8
524,83,81,2,2
525,122,110,12,12
526,97,95,2,2
527,56,61,-5,5
528,122,112,10,10
529,73,79,-6,6
530,69,69,0,0
531,95,98,-3,3
532,68,78,-10,10
533,95,88,7,7
534,78,89,-11,11
535,90,90,0,0
536,106,101,5,5
537,42,58,-16,16
538,76,82,-6,6
539,157,160,-3,3
540,119,110,9,9
541,99,101,-2,2
542,61,74,-13,13
543,102,97,5,5
544,92,94,-2,2
545,124,108,16,16
546,82,86,-4,4
547,76,82,-6,6
548,67,73,-6,6
549,148,136,12,12
550,74,80,-6,6
551,66,73,-7,7
552,108,104,4,4
553,64,70,-6,6
554,102,101,1,1
555,63,72,-9,9
556,66,66,0,0
557,74,75,-1,1
558,74,78,-4,4
559,67,72,-5,5
560,86,96,-10,10
561,81,92,-11,11
562,90,91,-1,1
563,47,61,-14,14
564,68,81,-13,13
565,88,80,8,8
566,83,82,1,1
567,76,77,-1,1
568,55,63,-8,8
569,100,105,-5,5
570,108,118,-10,10
571,178,160,18,18
572,80,79,1,1
573,82,85,-3,3
574,149,134,15,15
575,69,73,-4,4
576,70,80,-10,10
577,90,101,-11,11
578,91,88,3,3
579,75,71,4,4
580,88,87,1,1
581,134,118,16,16
582,49,63,-14,14
583,51,61,-10,10
584,113,106,7,7
585,88,86,2,2
586,53,60,-7,7
587,84,77,7,7
588,105,98,7,7
589,85,83,2,2
590,105,98,7,7
591,75,77,-2,2
592,139,130,9,9
593,103,97,6,6
594,87,91,-4,4
595,65,78,-13,13
596,74,76,-2,2
597,98,105,-7,7
598,110,101,9,9
599,112,105,7,7
600,88,85,3,3
601,85,85,0,0
602,55,65,-10,10
603,86,84,2,2
604,124,123,1,1
605,114,113,1,1
606,57,66,-9,9
607,56,64,-8,8
608,78,75,3,3
609,122,132,-10,10
610,79,76,3,3
611,81,79,2,2
612,117,110,7,7
613,112,116,-4,4
614,95,98,-3,3
615,195,173,22,22
616,76,86,-10,10
617,104,98,6,6
618,112,101,11,11
619,103,104,-1,1
620,91,94,-3,3
621,105,97,8,8
622,127,105,22,22
623,60,70,-10,10
624,111,106,5,5
625,106,102,4,4
626,109,103,6,6
627,85,86,-1,1
628,67,76,-9,9
629,81,86,-5,5
630,83,84,-1,1
631,56,68,-12,12
632,92,87,5,5
633,71,83,-12,12
634,95,88,7,7
635,93,92,1,1
636,144,141,3,3
637,53,61,-8,8
638,77,87,-10,10
639,71,74,-3,3
640,95,99,-4,4
641,95,99,-4,4
642,61,65,-4,4
643,141,124,17,17
644,133,122,11,11
645,94,89,5,5
646,112,111,1,1
647,84,84,0,0
648,92,96,-4,4
649,84,84,0,0
650,94,98,-4,4
651,72,79,-7,7
652,102,113,-11,11
653,61,69,-8,8
654,108,108,0,0
655,105,101,4,4
656,85,91,-6,6
657,74,82,-8,8
658,50,61,-11,11
659,101,96,5,5
660,82,78,4,4
661,108,90,18,18
662,148,136,12,12
663,126,115,11,11
664,136,142,-6,6
665,75,79,-4,4
666,36,48,-12,12
667,42,63,-21,21
668,69,70,-1,1
669,126,120,6,6
670,109,97,12,12
671,90,86,4,4
672,116,106,10,10
673,151,180,-29,29
674,147,138,9,9
675,52,92,-40,40
676,107,111,-4,4
677,90,88,2,2
678,162,145,17,17
679,103,101,2,2
680,150,132,18,18
681,62,85,-23,23
682,111,109,2,2
683,77,86,-9,9
684,166,162,4,4
685,151,152,-1,1
686,116,112,4,4
687,79,81,-2,2
688,94,114,-20,20
689,110,109,1,1
690,152,133,19,19
691,176,154,22,22
692,92,95,-3,3
693,156,145,11,11
694,92,95,-3,3
695,77,79,-2,2
696,32,59,-27,27
697,87,88,-1,1
698,108,106,2,2
699,104,90,14,14
700,70,74,-4,4
701,66,58,8,8
702,118,110,8,8
703,65,72,-7,7
704,111,98,13,13
705,74,74,0,0
706,81,87,-6,6
707,88,82,6,6
708,87,83,4,4
709,116,120,-4,4
710,47,53,-6,6
711,95,98,-3,3
712,44,56,-12,12
713,91,103,-12,12
714,83,86,-3,3
715,137,128,9,9
716,80,82,-2,2
717,147,133,14,14
718,119,122,-3,3
719,137,112,25,25
720,133,139,-6,6
721,89,93,-4,4
722,150,137,13,13
723,108,100,8,8
724,96,82,14,14
725,88,86,2,2
726,140,127,13,13
727,128,127,1,1
728,53,62,-9,9
729,100,109,-9,9
730,58,73,-15,15
731,110,103,7,7
732,125,115,10,10
733,124,106,18,18
734,109,119,-10,10
735,122,121,1,1
736,95,94,1,1
737,93,95,-2,2
738,85,79,6,6
739,98,85,13,13
740,68,78,-10,10
741,48,54,-6,6
742,97,97,0,0
743,81,84,-3,3
744,88,84,4,4
745,91,106,-15,15
746,64,70,-6,6
747,204,180,24,24
748,114,106,8,8
749,185,151,34,34
750,75,77,-2,2
751,70,67,3,3
752,145,140,5,5
753,87,85,2,2
754,45,61,-16,16
755,73,75,-2,2
756,125,127,-2,2
757,60,69,-9,9
758,95,93,2,2
759,119,97,22,22
760,76,76,0,0
761,56,67,-11,11
762,44,65,-21,21
763,98,99,-1,1
764,86,83,3,3
765,161,139,22,22
766,102,120,-18,18
767,103,99,4,4
768,69,77,-8,8
769,151,153,-2,2
770,92,76,16,16
771,80,87,-7,7
772,87,90,-3,3
773,108,99,9,9
774,51,61,-10,10
775,110,104,6,6
776,64,69,-5,5
777,73,73,0,0
778,92,87,5,5
779,93,89,4,4
780,103,99,4,4
781,49,51,-2,2
782,71,80,-9,9
783,70,73,-3,3
784,67,70,-3,3
785,100,98,2,2
786,93,98,-5,5
787,75,80,-5,5
788,97,98,-1,1
789,84,87,-3,3
790,140,123,17,17
791,151,134,17,17
792,78,81,-3,3
793,79,82,-3,3
794,108,115,-7,7
795,95,93,2,2
796,98,92,6,6
797,119,119,0,0
798,83,97,-14,14
799,67,73,-6,6
800,64,70,-6,6
801,102,97,5,5
802,75,79,-4,4
803,68,83,-15,15
804,78,80,-2,2
805,53,65,-12,12
806,126,119,7,7
807,89,94,-5,5
808,85,96,-11,11
809,64,73,-9,9
810,85,84,1,1
811,74,76,-2,2
812,66,71,-5,5
813,79,75,4,4
814,125,104,21,21
815,119,109,10,10
816,26,52,-26,26
817,66,73,-7,7
818,88,83,5,5
819,111,96,15,15
820,86,84,2,2
821,76,86,-10,10
822,86,83,3,3
823,145,128,17,17
824,46,57,-11,11
825,107,98,9,9
826,99,87,12,12
827,63,71,-8,8
828,68,74,-6,6
829,100,89,11,11
830,110,118,-8,8
831,77,80,-3,3
832,66,74,-8,8
833,64,70,-6,6
834,77,84,-7,7
835,144,140,4,4
836,106,98,8,8
837,93,100,-7,7
838,73,83,-10,10
839,103,106,-3,3
840,105,103,2,2
841,75,79,-4,4
842,83,83,0,0
843,112,110,2,2
844,156,141,15,15
845,156,139,17,17
846,77,84,-7,7
847,76,79,-3,3
848,95,92,3,3
849,41,58,-17,17
850,106,114,-8,8
851,135,128,7,7
852,92,96,-4,4
853,91,96,-5,5
854,112,106,6,6
855,84,87,-3,3
856,77,75,2,2
857,29,65,-36,36
858,64,75,-11,11
859,143,126,17,17
860,59,65,-6,6
861,155,145,10,10
862,207,164,43,43
863,129,115,14,14
864,115,106,9,9
865,108,97,11,11
866,162,142,20,20
867,69,78,-9,9
868,62,77,-15,15
869,79,95,-16,16
870,57,64,-7,7
871,90,93,-3,3
872,98,95,3,3
873,108,103,5,5
874,80,98,-18,18
875,114,104,10,10
876,57,63,-6,6
877,41,104,-63,63
878,90,89,1,1
879,84,75,9,9
880,87,87,0,0
881,70,84,-14,14
882,109,105,4,4
883,76,79,-3,3
884,62,57,5,5
885,83,81,2,2
886,124,129,-5,5
887,122,119,3,3
888,55,64,-9,9
889,108,111,-3,3
890,109,108,1,1
891,52,78,-26,26
892,134,114,20,20
893,60,60,0,0
894,71,75,-4,4
895,123,113,10,10
896,60,69,-9,9
897,140,128,12,12
898,109,95,14,14
899,150,154,-4,4
900,74,81,-7,7
901,94,85,9,9
902,71,78,-7,7
903,139,127,12,12
904,87,95,-8,8
905,72,77,-5,5
906,53,61,-8,8
907,163,142,21,21
908,111,95,16,16
909,70,68,2,2
910,46,54,-8,8
911,138,131,7,7
912,127,119,8,8
913,70,73,-3,3
914,107,114,-7,7
915,64,67,-3,3
916,69,82,-13,13
917,196,179,17,17
918,136,133,3,3
919,52,64,-12,12
920,79,86,-7,7
921,109,115,-6,6
922,78,82,-4,4
923,115,112,3,3
924,77,80,-3,3
925,110,105,5,5
926,74,75,-1,1
927,49,58,-9,9
928,55,64,-9,9
929,145,131,14,14
930,119,106,13,13
931,96,94,2,2
932,196,183,13,13
933,72,79,-7,7
934,90,98,-8,8
935,62,102,-40,40
936,118,100,18,18
937,137,136,1,1
938,79,81,-2,2
939,152,139,13,13
940,87,93,-6,6
941,112,107,5,5
942,62,71,-9,9
943,72,79,-7,7
944,109,103,6,6
945,83,82,1,1
946,68,70,-2,2
947,97,97,0,0
948,59,66,-7,7
949,173,151,22,22
950,73,75,-2,2
951,85,91,-6,6
952,62,70,-8,8
953,75,75,0,0
954,90,91,-1,1
955,93,99,-6,6
956,98,97,1,1
957,116,111,5,5
958,50,56,-6,6
959,106,104,2,2
960,114,104,10,10
961,98,91,7,7
962,184,175,9,9
963,69,78,-9,9
964,147,139,8,8
965,29,66,-37,37
966,108,113,-5,5
967,65,73,-8,8
968,96,97,-1,1
969,84,89,-5,5
970,70,73,-3,3
971,162,151,11,11
972,112,113,-1,1
973,71,73,-2,2
974,139,129,10,10
975,72,81,-9,9
976,68,76,-8,8
977,76,81,-5,5
978,87,89,-2,2
979,52,60,-8,8
980,115,108,7,7
981,161,146,15,15
982,88,80,8,8
983,107,100,7,7
984,84,80,4,4
985,90,86,4,4
986,55,67,-12,12
987,138,125,13,13
988,90,87,3,3
989,114,102,12,12
990,111,121,-10,10
991,44,53,-9,9
992,111,114,-3,3
993,128,107,21,21
994,98,95,3,3
995,93,85,8,8
996,74,77,-3,3
997,130,125,5,5
998,82,93,-11,11
999,178,152,26,26
1000,42,55,-13,13
1001,96,90,6,6
1002,39,61,-22,22
1003,75,82,-7,7
1004,147,137,10,10
1005,102,104,-2,2
1006,212,187,25,25
1007,64,71,-7,7
1008,91,89,2,2
1009,39,53,-14,14
1010,92,99,-7,7
1011,159,143,16,16
1012,119,109,10,10
1013,128,122,6,6
1014,125,119,6,6
1015,63,70,-7,7
1016,117,109,8,8
1017,117,115,2,2
1018,35,51,-16,16
1019,108,108,0,0
1020,108,101,7,7
1021,77,79,-2,2
1022,88,86,2,2
1023,45,62,-17,17
1024,88,100,-12,12
1025,110,99,11,11
1026,93,88,5,5
1027,77,85,-8,8
1028,144,132,12,12
1029,63,73,-10,10
1030,56,59,-3,3
1031,143,130,13,13
1032,119,127,-8,8
1033,85,82,3,3
1034,94,93,1,1
1035,115,120,-5,5
1036,117,114,3,3
1037,71,71,0,0
1038,79,82,-3,3
1039,119,87,32,32
1040,78,78,0,0
1041,101,109,-8,8
1042,89,97,-8,8
1043,91,96,-5,5
1044,112,103,9,9
1045,131,130,1,1
1046,43,59,-16,16
1047,162,151,11,11
1048,55,65,-10,10
1049,116,115,1,1
1050,49,59,-10,10
1051,88,83,5,5
1052,108,102,6,6
1053,72,72,0,0
1054,115,107,8,8
1055,55,66,-11,11
1056,146,131,15,15
1057,97,81,16,16
1058,81,82,-1,1
1059,146,132,14,14
1060,133,121,12,12
1061,62,71,-9,9
1062,148,138,10,10
1063,98,89,9,9
1064,81,76,5,5
1065,73,79,-6,6
1066,81,76,5,5
1067,148,134,14,14
1068,141,124,17,17
1069,56,60,-4,4
1070,123,114,9,9
1071,83,80,3,3
1072,117,113,4,4
1073,99,98,1,1
1074,99,101,-2,2
1075,64,69,-5,5
1076,92,87,5,5
1077,40,48,-8,8
1078,183,154,29,29
1079,44,63,-19,19
1080,115,109,6,6
1081,49,61,-12,12
1082,127,119,8,8
1083,155,140,15,15
1084,81,91,-10,10
1085,92,89,3,3
1086,74,70,4,4
1087,108,106,2,2
1088,57,65,-8,8
1089,61,72,-11,11
1090,125,128,-3,3
1091,97,89,8,8
1092,60,98,-38,38
1093,78,79,-1,1
1094,71,82,-11,11
1095,84,85,-1,1
1096,177,157,20,20
1097,80,81,-1,1
1098,130,130,0,0
1099,81,88,-7,7
1100,88,89,-1,1
1101,56,64,-8,8
1102,149,134,15,15
1103,92,83,9,9
1104,90,88,2,2
1105,45,61,-16,16
1106,63,76,-13,13
1107,92,92,0,0
1108,124,120,4,4
1109,140,134,6,6
1110,122,129,-7,7
1111,47,59,-12,12
1112,67,76,-9,9
1113,199,175,24,24
1114,110,124,-14,14
1115,78,86,-8,8
1116,42,55,-13,13
1117,51,65,-14,14
1118,183,149,34,34
1119,160,154,6,6
1120,117,112,5,5
1121,70,76,-6,6
1122,90,84,6,6
1123,101,106,-5,5
1124,73,78,-5,5
1125,64,70,-6,6
1126,69,73,-4,4
1127,98,98,0,0
1128,121,117,4,4
1129,83,84,-1,1
1130,170,163,7,7
1131,80,83,-3,3
1132,68,76,-8,8
1133,130,135,-5,5
1134,66,76,-10,10
1135,65,89,-24,24
1136,95,93,2,2
1137,99,97,2,2
1138,95,115,-20,20
1139,174,159,15,15
1140,154,132,22,22
1141,121,108,13,13
1142,109,97,12,12
1143,87,101,-14,14
1144,61,60,1,1
1145,96,96,0,0
1146,96,95,1,1
1147,118,112,6,6
1148,97,90,7,7
1149,105,98,7,7
1150,87,86,1,1
1151,104,99,5,5
1152,80,89,-9,9
1153,54,64,-10,10
1154,92,88,4,4
1155,48,60,-12,12
1156,78,84,-6,6
1157,136,118,18,18
1158,139,128,11,11
1159,61,108,-47,47
1160,83,85,-2,2
1161,103,109,-6,6
1162,128,122,6,6
1163,131,120,11,11
1164,76,73,3,3
1165,74,69,5,5
1166,135,131,4,4
1167,73,79,-6,6
1168,115,115,0,0
1169,81,87,-6,6
1170,140,129,11,11
1171,69,78,-9,9
1172,46,59,-13,13
1173,109,100,9,9
1174,197,171,26,26
1175,111,119,-8,8
1176,100,97,3,3
1177,77,79,-2,2
1178,66,76,-10,10
1179,67,74,-7,7
1180,120,134,-14,14
1181,349,309,40,40
1182,78,77,1,1
1183,118,122,-4,4
1184,51,69,-18,18
1185,82,86,-4,4
1186,49,56,-7,7
1187,72,77,-5,5
1188,112,213,-101,101
1189,140,117,23,23
1190,69,68,1,1
1191,94,97,-3,3
1192,69,74,-5,5
1193,96,98,-2,2
1194,77,110,-33,33
1195,92,100,-8,8
1196,141,140,1,1
1197,94,94,0,0
1198,92,84,8,8
1199,96,112,-16,16
1200,69,68,1,1
1201,35,57,-22,22
1202,78,79,-1,1
1203,113,113,0,0
1204,99,92,7,7
1205,108,102,6,6
1206,118,107,11,11
1207,95,93,2,2
1208,106,107,-1,1
1209,101,82,19,19
1210,77,89,-12,12
1211,97,89,8,8
1212,86,85,1,1
1213,60,68,-8,8
1214,101,107,-6,6
1215,105,96,9,9
1216,73,79,-6,6
1217,90,87,3,3
1218,121,107,14,14
1219,80,86,-6,6
1220,85,95,-10,10
1221,158,151,7,7
1222,75,81,-6,6
1223,70,78,-8,8
1224,66,75,-9,9
1225,107,101,6,6
1226,182,172,10,10
1227,134,126,8,8
1228,103,96,7,7
1229,69,78,-9,9
1230,95,88,7,7
1231,33,49,-16,16
1232,58,65,-7,7
1233,63,73,-10,10
1234,115,99,16,16
1235,111,98,13,13
1236,128,115,13,13
1237,141,124,17,17
1238,50,62,-12,12
1239,129,111,18,18
1240,49,65,-16,16
1241,91,86,5,5
1242,131,117,14,14
1243,120,109,11,11
1244,91,90,1,1
1245,108,105,3,3
1246,70,77,-7,7
1247,51,59,-8,8
1248,92,101,-9,9
1249,77,80,-3,3
1250,149,135,14,14
1251,117,107,10,10
1252,144,136,8,8
1253,82,77,5,5
1254,107,105,2,2
1255,51,59,-8,8
1256,55,66,-11,11
1257,101,99,2,2
1258,99,92,7,7
1259,114,102,12,12
1260,55,70,-15,15
1261,83,83,0,0
1262,174,163,11,11
1263,136,128,8,8
1264,89,94,-5,5
1265,67,77,-10,10
1266,81,85,-4,4
1267,122,123,-1,1
1268,74,84,-10,10
1269,149,164,-15,15
1270,62,73,-11,11
1271,64,74,-10,10
1272,85,88,-3,3
1273,163,139,24,24
1274,72,73,-1,1
1275,62,65,-3,3
1276,50,62,-12,12
1277,57,68,-11,11
1278,82,91,-9,9
1279,58,66,-8,8
1280,51,59,-8,8
1281,63,71,-8,8
1282,125,121,4,4
1283,78,85,-7,7
1284,57,63,-6,6
1285,65,69,-4,4
1286,111,112,-1,1
1287,90,86,4,4
1288,107,102,5,5
1289,81,81,0,0
1290,133,108,25,25
1291,111,117,-6,6
1292,64,78,-14,14
1293,56,81,-25,25
1294,51,64,-13,13
1295,64,71,-7,7
1296,156,146,10,10
1297,96,102,-6,6
1298,94,89,5,5
1299,65,93,-28,28
1300,167,151,16,16
1301,44,55,-11,11
1302,255,217,38,38
1303,80,81,-1,1
1304,142,128,14,14
1305,73,68,5,5
1306,114,102,12,12
1307,81,75,6,6
1308,66,71,-5,5
1309,91,93,-2,2
1310,106,94,12,12
1311,84,90,-6,6
1312,120,116,4,4
1313,115,109,6,6
1314,130,119,11,11
1315,192,189,3,3
1316,150,135,15,15
1317,87,88,-1,1
1318,69,75,-6,6
1319,170,170,0,0
1320,99,95,4,4
1321,72,81,-9,9
1322,106,98,8,8
1323,142,117,25,25
1324,44,56,-12,12
1325,87,95,-8,8
1326,72,79,-7,7
1327,116,106,10,10
1328,66,74,-8,8
1329,43,52,-9,9
1330,145,136,9,9
1331,92,88,4,4
1332,86,88,-2,2
1333,87,96,-9,9
1334,71,72,-1,1
1335,136,123,13,13
1336,73,81,-8,8
1337,81,89,-8,8
1338,65,68,-3,3
1339,97,87,10,10
1340,61,69,-8,8
1341,76,73,3,3
1342,55,59,-4,4
1343,100,93,7,7
1344,120,116,4,4
1345,110,117,-7,7
1346,103,101,2,2
1347,57,66,-9,9
1348,95,85,10,10
1349,82,88,-6,6
1350,105,111,-6,6
1351,68,77,-9,9
1352,177,160,17,17
1353,97,95,2,2
1354,150,126,24,24
1355,38,54,-16,16
1356,85,82,3,3
1357,79,83,-4,4
1358,78,84,-6,6
1359,98,97,1,1
1360,138,129,9,9
1361,92,85,7,7
1362,110,104,6,6
1363,135,137,-2,2
1364,96,97,-1,1
1365,107,98,9,9
1366,84,89,-5,5
1367,82,82,0,0
1368,87,102,-15,15
1369,58,68,-10,10
1370,55,60,-5,5
1371,69,79,-10,10
1372,193,174,19,19
1373,102,104,-2,2
1374,105,98,7,7
1375,74,88,-14,14
1376,122,133,-11,11
1377,85,84,1,1
1378,103,98,5,5
1379,139,125,14,14
1380,91,84,7,7
1381,84,95,-11,11
1382,155,137,18,18
1383,73,77,-4,4
1384,141,127,14,14
1385,70,70,0,0
1386,93,87,6,6
1387,100,93,7,7
1388,96,93,3,3
1389,56,66,-10,10
1390,93,115,-22,22
1391,97,113,-16,16
1392,43,55,-12,12
1393,58,63,-5,5
1394,107,99,8,8
1395,118,112,6,6
1396,64,60,4,4
1397,114,98,16,16
1398,84,82,2,2
1399,68,74,-6,6
1400,170,147,23,23
1401,121,115,6,6
1402,180,169,11,11
1403,81,83,-2,2
1404,131,120,11,11
1405,166,154,12,12
1406,83,86,-3,3
1407,107,94,13,13
1408,95,98,-3,3
1409,88,81,7,7
1410,149,134,15,15
1411,160,151,9,9
1412,112,105,7,7
1413,145,139,6,6
1414,38,48,-10,10
1415,104,98,6,6
1416,125,127,-2,2
1417,86,85,1,1
1418,105,98,7,7
1419,44,60,-16,16
1420,116,100,16,16
1421,136,124,12,12
1422,149,134,15,15
1423,135,103,32,32
1424,51,56,-5,5
1425,94,101,-7,7
1426,88,98,-10,10
1427,128,125,3,3
1428,148,137,11,11
1429,103,106,-3,3
1430,59,67,-8,8
1431,75,78,-3,3
1432,83,84,-1,1
1433,73,76,-3,3
1434,75,94,-19,19
1435,74,82,-8,8
1436,85,85,0,0
1437,74,73,1,1
1438,99,98,1,1
1439,122,117,5,5
1440,130,127,3,3
1441,61,69,-8,8
1442,48,58,-10,10
1443,111,117,-6,6
1444,58,60,-2,2
1445,61,79,-18,18
1446,129,125,4,4
1447,55,61,-6,6
1448,159,144,15,15
1449,81,84,-3,3
1450,44,59,-15,15
1451,64,65,-1,1
1452,105,96,9,9
1453,131,126,5,5
1454,188,169,19,19
1455,107,98,9,9
1456,74,80,-6,6
1457,155,164,-9,9
1458,93,86,7,7
1459,125,120,5,5
1460,113,117,-4,4
1461,81,82,-1,1
1462,73,77,-4,4
1463,78,78,0,0
1464,124,109,15,15
1465,68,77,-9,9
1466,90,92,-2,2
1467,108,97,11,11
1468,73,77,-4,4
1469,92,87,5,5
1470,118,114,4,4
1471,70,70,0,0
1472,98,100,-2,2
1473,70,72,-2,2
1474,72,78,-6,6
1475,107,96,11,11
1476,112,107,5,5
1477,118,111,7,7
1478,86,86,0,0
1479,114,95,19,19
1480,121,109,12,12
1481,120,104,16,16
1482,275,213,62,62
1483,98,87,11,11
1484,95,102,-7,7
1485,80,77,3,3
1486,126,125,1,1
1487,98,96,2,2
1488,133,141,-8,8
1489,61,71,-10,10
1490,129,115,14,14
1491,117,113,4,4
1492,54,80,-26,26
1493,54,64,-10,10
1494,48,63,-15,15
1495,85,84,1,1
1496,56,79,-23,23
1497,77,88,-11,11
1498,140,121,19,19
1499,69,77,-8,8
1500,88,89,-1,1
1501,107,103,4,4
1502,81,84,-3,3
1503,134,118,16,16
1504,80,83,-3,3
1505,121,110,11,11
1506,111,104,7,7
1507,72,80,-8,8
1508,155,151,4,4
1509,61,70,-9,9
1510,70,79,-9,9
1511,55,64,-9,9
1512,74,77,-3,3
1513,151,143,8,8
1514,38,54,-16,16
1515,164,180,-16,16
1516,66,79,-13,13
1517,58,64,-6,6
1518,66,72,-6,6
1519,116,102,14,14
1520,71,87,-16,16
1521,99,98,1,1
1522,108,116,-8,8
1523,77,83,-6,6
1524,56,66,-10,10
1525,126,110,16,16
1526,117,111,6,6
1527,71,72,-1,1
1528,80,78,2,2
1529,69,74,-5,5
1530,76,74,2,2
1531,137,130,7,7
1532,184,165,19,19
1533,131,118,13,13
1534,149,137,12,12
1535,95,97,-2,2
1536,122,116,6,6
1537,54,60,-6,6
1538,88,89,-1,1
1539,83,87,-4,4
1540,69,79,-10,10
1541,87,100,-13,13
1542,156,149,7,7
1543,118,116,2,2
1544,55,66,-11,11
1545,83,82,1,1
1546,81,91,-10,10
1547,101,107,-6,6
1548,73,76,-3,3
1549,105,103,2,2
1550,82,86,-4,4
1551,65,69,-4,4
1552,78,80,-2,2
1553,115,108,7,7
1554,133,120,13,13
1555,58,69,-11,11
1556,108,111,-3,3
1557,128,131,-3,3
1558,136,115,21,21
1559,37,54,-17,17
1560,95,99,-4,4
1561,121,112,9,9
1562,87,85,2,2
1563,100,115,-15,15
1564,89,84,5,5
1565,126,123,3,3
1566,109,116,-7,7
1567,103,100,3,3
1568,150,132,18,18
1569,94,121,-27,27
1570,148,152,-4,4
1571,60,67,-7,7
1572,70,74,-4,4
1573,131,129,2,2
1574,70,70,0,0
1575,95,99,-4,4
1576,66,77,-11,11
1577,86,81,5,5
1578,91,86,5,5
1579,75,84,-9,9
1580,46,58,-12,12
1581,100,102,-2,2
1582,98,91,7,7
1583,92,86,6,6
1584,112,101,11,11
1585,167,150,17,17
1586,90,96,-6,6
1587,109,99,10,10
1588,93,104,-11,11
1589,61,70,-9,9
1590,123,113,10,10
1591,93,95,-2,2
1592,74,73,1,1
1593,36,52,-16,16
1594,89,84,5,5
1595,144,151,-7,7
1596,80,82,-2,2
1597,114,109,5,5
1598,106,105,1,1
1599,57,67,-10,10
1600,70,82,-12,12
1601,112,113,-1,1
1602,92,86,6,6
1603,106,100,6,6
1604,122,121,1,1
1605,128,116,12,12
1606,109,104,5,5
1607,75,76,-1,1
1608,120,107,13,13
1609,60,64,-4,4
1610,137,122,15,15
1611,78,85,-7,7
1612,93,99,-6,6
1613,91,91,0,0
1614,84,83,1,1
1615,137,129,8,8
1616,43,60,-17,17
1617,74,69,5,5
1618,77,78,-1,1
1619,114,113,1,1
1620,104,92,12,12
1621,101,102,-1,1
1622,43,52,-9,9
1623,106,103,3,3
1624,90,86,4,4
1625,114,115,-1,1
1626,82,76,6,6
1627,62,75,-13,13
1628,112,105,7,7
1629,46,63,-17,17
1630,104,91,13,13
1631,106,99,7,7
1632,62,67,-5,5
1633,123,117,6,6
1634,95,96,-1,1
1635,64,74,-10,10
1636,76,83,-7,7
1637,104,98,6,6
1638,126,118,8,8
1639,144,134,10,10
1640,119,119,0,0
1641,74,74,0,0
1642,51,67,-16,16
1643,91,95,-4,4
1644,86,93,-7,7
1645,95,87,8,8
1646,72,77,-5,5
1647,162,145,17,17
1648,87,83,4,4
1649,91,95,-4,4
1650,122,127,-5,5
1651,70,75,-5,5
1652,106,112,-6,6
1653,89,97,-8,8
1654,59,61,-2,2
1655,44,54,-10,10
1656,74,72,2,2
1657,77,82,-5,5
1658,135,124,11,11
1659,107,100,7,7
1660,64,68,-4,4
1661,52,73,-21,21
1662,61,70,-9,9
1663,74,75,-1,1
1664,87,99,-12,12
1665,106,99,7,7
1666,64,70,-6,6
1667,70,76,-6,6
1668,77,82,-5,5
1669,62,70,-8,8
1670,67,71,-4,4
1671,109,104,5,5
1672,118,115,3,3
1673,74,83,-9,9
1674,100,98,2,2
1675,83,97,-14,14
1676,83,79,4,4
1677,121,112,9,9
1678,79,84,-5,5
1679,46,56,-10,10
1680,92,85,7,7
1681,102,97,5,5
1682,103,95,8,8
1683,64,63,1,1
1684,101,94,7,7
1685,105,98,7,7
1686,55,63,-8,8
1687,66,69,-3,3
1688,60,68,-8,8
1689,62,71,-9,9
1690,150,145,5,5
1691,84,90,-6,6
1692,98,105,-7,7
1693,59,69,-10,10
1694,57,69,-12,12
1695,88,123,-35,35
1696,146,142,4,4
1697,58,66,-8,8
1698,73,74,-1,1
1699,192,172,20,20
1700,58,63,-5,5
1701,97,88,9,9
1702,84,85,-1,1
1703,149,136,13,13
1704,162,136,26,26
1705,53,71,-18,18
1706,48,65,-17,17
1707,103,109,-6,6
1708,64,73,-9,9
1709,85,83,2,2
1710,64,72,-8,8
1711,73,73,0,0
1712,72,72,0,0
1713,136,122,14,14
1714,103,96,7,7
1715,161,147,14,14
1716,89,88,1,1
1717,102,95,7,7
1718,66,107,-41,41
1719,87,84,3,3
1720,101,98,3,3
1721,90,96,-6,6
1722,108,111,-3,3
1723,59,69,-10,10
1724,118,108,10,10
1725,56,66,-10,10
1726,195,177,18,18
1727,70,73,-3,3
1728,90,92,-2,2
1729,108,110,-2,2
1730,118,128,-10,10
1731,74,81,-7,7
1732,115,107,8,8
1733,31,50,-19,19
1734,121,119,2,2
1735,43,53,-10,10
1736,78,77,1,1
1737,63,70,-7,7
1738,57,62,-5,5
1739,53,65,-12,12
1740,63,72,-9,9
1741,88,87,1,1
1742,80,87,-7,7
1743,133,132,1,1
1744,90,85,5,5
1745,130,125,5,5
1746,70,74,-4,4
1747,169,145,24,24
1748,45,59,-14,14
1749,171,157,14,14
1750,84,83,1,1
1751,95,98,-3,3
1752,73,81,-8,8
1753,59,68,-9,9
1754,82,88,-6,6
1755,101,96,5,5
1756,77,87,-10,10
1757,57,70,-13,13
1758,97,93,4,4
1759,69,75,-6,6
1760,82,74,8,8
1761,60,80,-20,20
1762,70,75,-5,5
1763,79,83,-4,4
1764,127,118,9,9
1765,92,102,-10,10
1766,119,115,4,4
1767,59,66,-7,7
1768,66,76,-10,10
1769,44,56,-12,12
1770,46,54,-8,8
1771,129,112,17,17
1772,93,85,8,8
1773,98,122,-24,24
1774,89,85,4,4
1775,74,77,-3,3
1776,96,95,1,1
1777,103,93,10,10
1778,84,91,-7,7
1779,75,76,-1,1
1780,167,146,21,21
1781,85,86,-1,1
1782,108,113,-5,5
1783,59,66,-7,7
1784,101,100,1,1
1785,76,78,-2,2
1786,118,114,4,4
1787,67,74,-7,7
1788,53,71,-18,18
1789,108,103,5,5
1790,103,99,4,4
1791,130,137,-7,7
1792,83,85,-2,2
1793,52,71,-19,19
1794,79,86,-7,7
1795,80,87,-7,7
1796,88,73,15,15
1797,55,66,-11,11
1798,53,62,-9,9
1799,116,105,11,11
1800,103,99,4,4
1801,73,83,-10,10
1802,72,78,-6,6
1803,155,140,15,15
1804,205,195,10,10
1805,55,64,-9,9
1806,119,112,7,7
1807,93,87,6,6
1808,81,84,-3,3
1809,93,90,3,3
1810,121,117,4,4
1811,62,66,-4,4
1812,61,73,-12,12
1813,113,111,2,2
1814,79,81,-2,2
1815,130,127,3,3
1816,68,79,-11,11
1817,81,83,-2,2
1818,114,102,12,12
1819,101,87,14,14
1820,63,64,-1,1
1821,87,101,-14,14
1822,117,114,3,3
1823,114,111,3,3
1824,109,102,7,7
1825,96,90,6,6
1826,54,66,-12,12
1827,132,123,9,9
1828,85,94,-9,9
1829,70,73,-3,3
1830,60,64,-4,4
1831,68,72,-4,4
1832,48,56,-8,8
1833,75,82,-7,7
1834,126,114,12,12
1835,106,99,7,7
1836,60,69,-9,9
1837,70,70,0,0
1838,52,56,-4,4
1839,86,81,5,5
1840,74,73,1,1
1841,118,106,12,12
1842,43,59,-16,16
1843,207,181,26,26
1844,97,88,9,9
1845,78,79,-1,1
1846,100,100,0,0
1847,108,100,8,8
1848,73,76,-3,3
1849,151,137,14,14
1850,45,56,-11,11
1851,81,80,1,1
1852,68,75,-7,7
1853,140,147,-7,7
1854,121,109,12,12
1855,88,100,-12,12
1856,42,57,-15,15
1857,76,81,-5,5
1858,89,85,4,4
1859,61,68,-7,7
1860,98,89,9,9
1861,78,84,-6,6
1862,54,66,-12,12
1863,128,141,-13,13
1864,160,149,11,11
1865,65,73,-8,8
1866,109,100,9,9
1867,149,151,-2,2
1868,112,103,9,9
1869,78,77,1,1
1870,61,66,-5,5
1871,82,80,2,2
1872,54,61,-7,7
1873,45,63,-18,18
1874,102,96,6,6
1875,92,95,-3,3
1876,121,116,5,5
1877,119,116,3,3
1878,84,82,2,2
1879,99,103,-4,4
1880,116,115,1,1
1881,119,111,8,8
1882,157,148,9,9
1883,119,104,15,15
1884,92,86,6,6
1885,60,73,-13,13
1886,101,99,2,2
1887,90,95,-5,5
1888,132,135,-3,3
1889,156,142,14,14
1890,101,97,4,4
1891,88,84,4,4
1892,141,113,28,28
1893,56,68,-12,12
1894,85,80,5,5
1895,182,165,17,17
1896,127,108,19,19
1897,76,78,-2,2
1898,83,82,1,1
1899,59,67,-8,8
1900,33,56,-23,23
1901,38,52,-14,14
1902,90,83,7,7
1903,87,99,-12,12
1904,81,90,-9,9
1905,123,122,1,1
1906,111,105,6,6
1907,207,213,-6,6
1908,140,133,7,7
1909,90,86,4,4
1910,67,76,-9,9
1911,102,131,-29,29
1912,65,71,-6,6
1913,81,85,-4,4
1914,75,78,-3,3
1915,93,96,-3,3
1916,87,101,-14,14
1917,183,159,24,24
1918,95,95,0,0
1919,200,191,9,9
1920,95,95,0,0
1921,199,179,20,20
1922,87,64,23,23
1923,56,62,-6,6
1924,55,73,-18,18
1925,90,98,-8,8
1926,64,77,-13,13
1927,57,67,-10,10
1928,179,183,-4,4
1929,78,80,-2,2
1930,54,65,-11,11
1931,112,102,10,10
1932,69,86,-17,17
1933,73,83,-10,10
1934,64,72,-8,8
1935,65,76,-11,11
1936,63,69,-6,6
1937,159,144,15,15
1938,71,78,-7,7
1939,90,86,4,4
1940,116,110,6,6
1941,110,104,6,6
1942,80,83,-3,3
1943,116,119,-3,3
1944,101,102,-1,1
1945,145,135,10,10
1946,144,137,7,7
1947,163,146,17,17
1948,115,123,-8,8
1949,115,119,-4,4
1950,102,105,-3,3
1951,105,97,8,8
1952,61,66,-5,5
1953,74,79,-5,5
1954,88,87,1,1
1955,86,81,5,5
1956,98,98,0,0
1957,113,105,8,8
1958,82,78,4,4
1959,124,107,17,17
1960,76,76,0,0
1961,137,132,5,5
1962,88,99,-11,11
1963,130,120,10,10
1964,75,72,3,3
1965,97,85,12,12
1966,114,119,-5,5
1967,92,90,2,2
1968,106,103,3,3
1969,89,92,-3,3
1970,72,93,-21,21
1971,92,91,1,1
1972,66,73,-7,7
1973,26,40,-14,14
1974,106,99,7,7
1975,82,88,-6,6
1976,112,110,2,2
1977,94,88,6,6
1978,106,103,3,3
1979,114,104,10,10
1980,85,100,-15,15
1981,144,143,1,1
1982,137,119,18,18
1983,56,70,-14,14
1984,62,61,1,1
1985,65,75,-10,10
1986,71,80,-9,9
1987,78,86,-8,8
1988,66,67,-1,1
1989,106,107,-1,1
1990,74,101,-27,27
1991,46,122,-76,76
1992,140,126,14,14
1993,129,120,9,9
1994,83,86,-3,3
1995,81,86,-5,5
1996,49,61,-12,12
1997,124,115,9,9
1998,42,50,-8,8
1999,89,86,3,3
2000,101,95,6,6
2001,184,191,-7,7
2002,113,106,7,7
2003,212,195,17,17
2004,120,106,14,14
2005,95,96,-1,1
2006,120,114,6,6
2007,97,92,5,5
2008,72,76,-4,4
2009,80,74,6,6
2010,87,97,-10,10
2011,100,98,2,2
2012,185,173,12,12
2013,90,90,0,0
2014,77,82,-5,5
2015,67,76,-9,9
2016,63,74,-11,11
2017,74,78,-4,4
2018,104,98,6,6
2019,129,123,6,6
2020,73,75,-2,2
2021,128,120,8,8
2022,64,71,-7,7
2023,88,81,7,7
2024,47,63,-16,16
2025,68,70,-2,2
2026,75,75,0,0
2027,75,77,-2,2
2028,80,86,-6,6
2029,61,72,-11,11
2030,74,78,-4,4
2031,79,84,-5,5
2032,62,75,-13,13
2033,121,122,-1,1
2034,77,81,-4,4
2035,104,103,1,1
2036,116,111,5,5
2037,61,79,-18,18
2038,86,83,3,3
2039,83,96,-13,13
2040,119,119,0,0
2041,109,111,-2,2
2042,83,96,-13,13
2043,66,76,-10,10
2044,112,108,4,4
2045,110,107,3,3
2046,115,120,-5,5
2047,97,96,1,1
2048,115,112,3,3
2049,78,86,-8,8
2050,58,67,-9,9
2051,98,99,-1,1
2052,104,98,6,6
2053,109,99,10,10
2054,143,129,14,14
2055,98,96,2,2
2056,56,69,-13,13
2057,61,68,-7,7
2058,86,83,3,3
2059,73,77,-4,4
2060,101,96,5,5
2061,165,148,17,17
2062,64,63,1,1
2063,62,65,-3,3
2064,68,73,-5,5
2065,101,102,-1,1
2066,72,83,-11,11
2067,56,65,-9,9
2068,109,97,12,12
2069,63,66,-3,3
2070,48,59,-11,11
2071,134,132,2,2
2072,91,98,-7,7
2073,80,85,-5,5
2074,112,106,6,6
2075,49,62,-13,13
2076,91,86,5,5
2077,75,84,-9,9
2078,86,77,9,9
2079,142,123,19,19
2080,79,77,2,2
2081,122,125,-3,3
2082,139,131,8,8
2083,79,75,4,4
2084,184,162,22,22
2085,134,159,-25,25
2086,99,95,4,4
2087,59,73,-14,14
2088,77,83,-6,6
2089,84,84,0,0
2090,116,115,1,1
2091,41,52,-11,11
2092,70,76,-6,6
2093,39,53,-14,14
2094,82,85,-3,3
2095,58,66,-8,8
2096,166,150,16,16
2097,71,76,-5,5
2098,119,109,10,10
2099,92,97,-5,5
2100,116,115,1,1
2101,121,108,13,13
2102,106,101,5,5
2103,82,84,-2,2
2104,137,132,5,5
2105,113,114,-1,1
2106,84,92,-8,8
2107,136,122,14,14
2108,57,64,-7,7
2109,142,129,13,13
2110,55,59,-4,4
2111,82,83,-1,1
2112,208,189,19,19
2113,101,88,13,13
2114,156,155,1,1
2115,175,153,22,22
2116,137,115,22,22
2117,105,115,-10,10
2118,84,87,-3,3
2119,78,83,-5,5
2120,115,101,14,14
2121,74,76,-2,2
2122,67,72,-5,5
2123,46,59,-13,13
2124,123,115,8,8
2125,68,69,-1,1
2126,110,112,-2,2
2127,95,92,3,3
2128,77,86,-9,9
2129,86,94,-8,8
2130,62,66,-4,4
2131,91,84,7,7
2132,76,78,-2,2
2133,92,79,13,13
2134,98,89,9,9
2135,108,101,7,7
2136,142,137,5,5
2137,111,86,25,25
2138,96,98,-2,2
2139,86,86,0,0
2140,138,128,10,10
2141,89,95,-6,6
2142,149,125,24,24
2143,82,85,-3,3
2144,135,129,6,6
2145,94,92,2,2
2146,79,82,-3,3
2147,84,86,-2,2
2148,44,85,-41,41
2149,46,66,-20,20
2150,96,92,4,4
2151,114,105,9,9
2152,57,68,-11,11
2153,79,80,-1,1
2154,78,90,-12,12
2155,117,133,-16,16
2156,98,90,8,8
2157,57,62,-5,5
2158,99,93,6,6
2159,97,92,5,5
2160,98,90,8,8
2161,70,73,-3,3
2162,102,104,-2,2
2163,82,86,-4,4
2164,81,83,-2,2
2165,69,76,-7,7
2166,66,69,-3,3
2167,97,85,12,12
2168,86,88,-2,2
2169,58,64,-6,6
2170,83,94,-11,11
2171,78,82,-4,4
2172,64,66,-2,2
2173,127,99,28,28
2174,73,66,7,7
2175,70,83,-13,13
2176,93,93,0,0
2177,116,111,5,5
2178,103,92,11,11
2179,44,59,-15,15
2180,84,96,-12,12
2181,116,98,18,18
2182,102,104,-2,2
2183,56,62,-6,6
2184,117,108,9,9
2185,111,109,2,2
2186,82,90,-8,8
2187,115,105,10,10
2188,96,102,-6,6
2189,137,110,27,27
2190,111,107,4,4
2191,63,72,-9,9
2192,65,68,-3,3
2193,57,62,-5,5
2194,82,75,7,7
2195,64,84,-20,20
2196,100,97,3,3
2197,68,70,-2,2
2198,57,68,-11,11
2199,76,74,2,2
2200,138,128,10,10
2201,61,74,-13,13
2202,80,86,-6,6
2203,98,99,-1,1
2204,137,134,3,3
2205,101,94,7,7
2206,122,118,4,4
2207,75,85,-10,10
2208,118,112,6,6
2209,87,94,-7,7
2210,116,109,7,7
2211,97,96,1,1
2212,147,155,-8,8
2213,74,74,0,0
2214,55,68,-13,13
2215,110,98,12,12
2216,93,92,1,1
2217,64,77,-13,13
2218,105,109,-4,4
2219,70,98,-28,28
2220,92,85,7,7
2221,63,71,-8,8
2222,93,93,0,0
2223,60,76,-16,16
2224,82,85,-3,3
2225,108,102,6,6
2226,118,115,3,3
2227,167,158,9,9
2228,112,108,4,4
2229,85,87,-2,2
2230,77,95,-18,18
2231,105,103,2,2
2232,144,138,6,6
2233,159,148,11,11
2234,68,72,-4,4
2235,42,54,-12,12
2236,111,127,-16,16
2237,67,81,-14,14
2238,135,124,11,11
2239,45,62,-17,17
2240,79,78,1,1
2241,117,116,1,1
2242,94,89,5,5
2243,44,78,-34,34
2244,94,103,-9,9
2245,140,124,16,16
2246,98,94,4,4
2247,66,75,-9,9
2248,63,73,-10,10
2249,65,77,-12,12
2250,104,106,-2,2
2251,92,96,-4,4
2252,86,88,-2,2
2253,81,83,-2,2
2254,77,90,-13,13
2255,78,81,-3,3
2256,48,63,-15,15
2257,39,49,-10,10
2258,47,54,-7,7
2259,94,102,-8,8
2260,161,148,13,13
2261,72,69,3,3
2262,35,53,-18,18
2263,89,99,-10,10
2264,69,91,-22,22
2265,102,105,-3,3
2266,79,97,-18,18
2267,107,97,10,10
2268,111,123,-12,12
2269,95,97,-2,2
2270,102,102,0,0
2271,89,94,-5,5
2272,65,68,-3,3
2273,108,102,6,6
2274,57,73,-16,16
2275,103,98,5,5
2276,151,126,25,25
2277,184,167,17,17
2278,78,79,-1,1
2279,185,153,32,32
2280,63,75,-12,12
2281,131,127,4,4
2282,155,132,23,23
2283,87,83,4,4
2284,136,129,7,7
2285,104,104,0,0
2286,54,60,-6,6
2287,107,105,2,2
2288,64,68,-4,4
2289,68,76,-8,8
2290,90,93,-3,3
2291,65,77,-12,12
2292,86,94,-8,8
2293,78,81,-3,3
2294,72,71,1,1
2295,50,67,-17,17
2296,107,103,4,4
2297,101,200,-99,99
2298,104,99,5,5
2299,47,59,-12,12
2300,87,85,2,2
2301,102,102,0,0
2302,103,95,8,8
2303,62,62,0,0
2304,57,65,-8,8
2305,68,77,-9,9
2306,109,106,3,3
2307,80,87,-7,7
2308,76,82,-6,6
2309,97,97,0,0
2310,83,81,2,2
2311,116,110,6,6
2312,72,73,-1,1
2313,49,64,-15,15
2314,108,110,-2,2
2315,106,97,9,9
2316,135,123,12,12
2317,115,115,0,0
2318,111,101,10,10
2319,95,86,9,9
2320,56,73,-17,17
2321,154,131,23,23
2322,106,106,0,0
2323,71,76,-5,5
2324,92,86,6,6
2325,96,85,11,11
2326,75,81,-6,6
2327,127,109,18,18
2328,66,74,-8,8
2329,78,80,-2,2
2330,148,141,7,7
2331,95,92,3,3
2332,145,121,24,24
2333,80,86,-6,6
2334,48,56,-8,8
2335,73,83,-10,10
2336,128,130,-2,2
2337,38,58,-20,20
2338,180,168,12,12
2339,63,71,-8,8
2340,60,67,-7,7
2341,149,143,6,6
2342,97,99,-2,2
2343,57,70,-13,13
2344,158,137,21,21
2345,85,88,-3,3
2346,83,78,5,5
2347,145,132,13,13
2348,76,80,-4,4
2349,107,99,8,8
2350,177,162,15,15
2351,106,94,12,12
2352,73,80,-7,7
2353,43,55,-12,12
2354,141,119,22,22
2355,100,103,-3,3
2356,81,100,-19,19
2357,267,193,74,74
2358,69,75,-6,6
2359,114,112,2,2
2360,110,105,5,5
2361,107,105,2,2
2362,95,85,10,10
2363,92,87,5,5
2364,166,143,23,23
2365,83,87,-4,4
2366,140,125,15,15
2367,102,95,7,7
2368,82,87,-5,5
2369,88,94,-6,6
2370,129,112,17,17
2371,171,168,3,3
2372,53,62,-9,9
2373,139,115,24,24
2374,131,116,15,15
2375,137,123,14,14
2376,65,72,-7,7
2377,83,86,-3,3
2378,191,179,12,12
2379,65,66,-1,1
2380,197,183,14,14
2381,101,97,4,4
2382,147,138,9,9
2383,159,151,8,8
2384,46,58,-12,12
2385,151,140,11,11
2386,104,97,7,7
2387,132,133,-1,1
2388,67,70,-3,3
2389,80,81,-1,1
2390,198,181,17,17
2391,116,128,-12,12
2392,72,106,-34,34
2393,152,137,15,15
2394,63,78,-15,15
2395,61,70,-9,9
2396,112,106,6,6
2397,96,88,8,8
2398,90,86,4,4
2399,118,117,1,1
2400,102,104,-2,2
2401,65,70,-5,5
2402,93,95,-2,2
2403,64,70,-6,6
2404,88,109,-21,21
2405,116,108,8,8
2406,94,101,-7,7
2407,96,102,-6,6
2408,83,100,-17,17
2409,125,122,3,3
2410,71,70,1,1
2411,147,151,-4,4
2412,117,115,2,2
2413,125,119,6,6
2414,65,68,-3,3
2415,69,80,-11,11
2416,72,77,-5,5
2417,80,84,-4,4
2418,73,76,-3,3
2419,62,70,-8,8
2420,126,119,7,7
2421,56,65,-9,9
2422,90,96,-6,6
2423,95,99,-4,4
2424,67,76,-9,9
2425,37,53,-16,16
2426,128,115,13,13
2427,63,67,-4,4
2428,32,49,-17,17
2429,63,64,-1,1
2430,42,64,-22,22
2431,90,95,-5,5
2432,58,67,-9,9
2433,159,135,24,24
2434,114,120,-6,6
2435,76,79,-3,3
2436,71,77,-6,6
2437,91,90,1,1
2438,144,127,17,17
2439,71,72,-1,1
2440,70,78,-8,8
2441,109,110,-1,1
2442,86,86,0,0
2443,114,112,2,2
2444,66,65,1,1
2445,92,85,7,7
2446,71,75,-4,4
2447,92,88,4,4
2448,137,148,-11,11
2449,73,85,-12,12
2450,73,78,-5,5
2451,101,96,5,5
2452,119,110,9,9
2453,97,96,1,1
2454,110,102,8,8
2455,69,71,-2,2
2456,81,80,1,1
2457,67,74,-7,7
2458,139,127,12,12
2459,88,90,-2,2
2460,114,106,8,8
2461,64,68,-4,4
2462,86,84,2,2
2463,122,113,9,9
2464,122,110,12,12
2465,94,87,7,7
2466,128,125,3,3
2467,83,83,0,0
2468,92,92,0,0
2469,175,166,9,9
2470,141,137,4,4
2471,72,81,-9,9
2472,135,138,-3,3
2473,84,83,1,1
2474,123,115,8,8
2475,113,111,2,2
2476,135,127,8,8
2477,83,84,-1,1
2478,58,70,-12,12
2479,146,141,5,5
2480,123,121,2,2
2481,50,60,-10,10
2482,67,80,-13,13
2483,80,87,-7,7
2484,136,127,9,9
2485,165,155,10,10
2486,84,80,4,4
2487,107,99,8,8
2488,151,145,6,6
2489,111,109,2,2
2490,51,67,-16,16
2491,78,85,-7,7
2492,145,120,25,25
2493,54,65,-11,11
2494,86,84,2,2
2495,93,91,2,2
2496,117,103,14,14
2497,52,64,-12,12
2498,84,90,-6,6
2499,196,190,6,6
2500,70,68,2,2
2501,166,158,8,8
2502,103,90,13,13
2503,67,83,-16,16
2504,54,64,-10,10
2505,91,88,3,3
2506,124,121,3,3
2507,80,82,-2,2
2508,111,112,-1,1
2509,108,96,12,12
2510,134,134,0,0
2511,98,97,1,1
2512,64,87,-23,23
2513,73,79,-6,6
2514,94,96,-2,2
2515,61,79,-18,18
2516,90,96,-6,6
2517,102,97,5,5
2518,150,137,13,13
2519,97,100,-3,3
2520,76,77,-1,1
2521,58,67,-9,9
2522,90,79,11,11
2523,70,72,-2,2
2524,65,74,-9,9
2525,78,81,-3,3
2526,53,64,-11,11
2527,83,79,4,4
2528,103,76,27,27
2529,74,77,-3,3
2530,173,161,12,12
2531,63,72,-9,9
2532,104,100,4,4
2533,96,99,-3,3
2534,110,117,-7,7
2535,83,82,1,1
2536,89,94,-5,5
2537,95,102,-7,7
2538,74,84,-10,10
2539,55,62,-7,7
2540,117,112,5,5
2541,32,44,-12,12
2542,64,76,-12,12
2543,103,90,13,13
2544,121,122,-1,1
2545,129,115,14,14
2546,90,99,-9,9
2547,119,140,-21,21
2548,105,95,10,10
2549,78,79,-1,1
2550,159,139,20,20
2551,73,80,-7,7
2552,128,123,5,5
2553,149,144,5,5
2554,129,106,23,23
2555,87,94,-7,7
2556,69,77,-8,8
2557,120,112,8,8
2558,57,64,-7,7
2559,107,111,-4,4
2560,56,64,-8,8
2561,128,87,41,41
2562,153,131,22,22
2563,114,120,-6,6
2564,96,100,-4,4
2565,111,103,8,8
2566,130,128,2,2
2567,88,91,-3,3
2568,75,80,-5,5
2569,85,93,-8,8
2570,105,100,5,5
2571,48,60,-12,12
2572,98,96,2,2
2573,62,75,-13,13
2574,142,130,12,12
2575,91,77,14,14
2576,85,86,-1,1
2577,67,71,-4,4
2578,116,109,7,7
2579,82,90,-8,8
2580,136,131,5,5
2581,145,121,24,24
2582,76,84,-8,8
2583,46,59,-13,13
2584,112,127,-15,15
2585,119,121,-2,2
2586,75,93,-18,18
2587,58,72,-14,14
2588,90,99,-9,9
2589,106,111,-5,5
2590,117,110,7,7
2591,97,95,2,2
2592,142,147,-5,5
2593,156,145,11,11
2594,136,98,38,38
2595,73,84,-11,11
2596,98,86,12,12
2597,79,86,-7,7
2598,130,128,2,2
2599,114,113,1,1
2600,122,114,8,8
2601,87,82,5,5
2602,136,125,11,11
2603,157,139,18,18
2604,53,62,-9,9
2605,106,103,3,3
2606,62,73,-11,11
2607,87,93,-6,6
2608,75,75,0,0
2609,71,77,-6,6
2610,87,85,2,2
2611,81,82,-1,1
2612,110,101,9,9
2613,119,115,4,4
2614,103,97,6,6
2615,65,66,-1,1
2616,137,119,18,18
2617,66,81,-15,15
2618,78,79,-1,1
2619,93,98,-5,5
2620,117,108,9,9
2621,95,95,0,0
2622,88,84,4,4
2623,102,90,12,12
2624,49,61,-12,12
2625,82,79,3,3
2626,70,77,-7,7
2627,78,86,-8,8
2628,75,75,0,0
2629,80,91,-11,11
2630,133,123,10,10
2631,82,83,-1,1
2632,147,106,41,41
2633,174,158,16,16
2634,65,72,-7,7
2635,95,95,0,0
2636,105,94,11,11
2637,72,72,0,0
2638,78,83,-5,5
2639,137,132,5,5
2640,153,138,15,15
2641,131,144,-13,13
2642,53,63,-10,10
2643,88,82,6,6
2644,74,80,-6,6
2645,62,68,-6,6
2646,97,103,-6,6
2647,121,113,8,8
2648,106,106,0,0
2649,76,102,-26,26
2650,103,102,1,1
2651,87,84,3,3
2652,67,70,-3,3
2653,68,92,-24,24
2654,123,106,17,17
2655,68,70,-2,2
2656,115,111,4,4
2657,116,103,13,13
2658,95,88,7,7
2659,57,67,-10,10
2660,106,100,6,6
2661,85,86,-1,1
2662,106,93,13,13
2663,87,83,4,4
2664,86,90,-4,4
2665,84,86,-2,2
2666,60,67,-7,7
2667,99,102,-3,3
2668,84,115,-31,31
2669,60,67,-7,7
2670,134,113,21,21
2671,130,127,3,3
2672,78,76,2,2
2673,62,69,-7,7
2674,90,80,10,10
2675,105,111,-6,6
2676,104,104,0,0
2677,102,101,1,1
2678,125,121,4,4
2679,74,71,3,3
2680,100,97,3,3
2681,103,107,-4,4
2682,77,75,2,2
2683,86,85,1,1
2684,97,100,-3,3
2685,81,86,-5,5
2686,88,94,-6,6
2687,52,64,-12,12
2688,59,74,-15,15
2689,89,86,3,3
2690,51,73,-22,22
2691,45,62,-17,17
2692,103,111,-8,8
2693,70,81,-11,11
2694,148,139,9,9
2695,91,98,-7,7
2696,45,56,-11,11
2697,146,145,1,1
2698,119,117,2,2
2699,107,108,-1,1
2700,170,150,20,20
2701,62,69,-7,7
2702,130,107,23,23
2703,40,64,-24,24
2704,91,88,3,3
2705,61,70,-9,9
2706,72,71,1,1
2707,113,111,2,2
2708,120,102,18,18
2709,52,63,-11,11
2710,43,62,-19,19
2711,63,68,-5,5
2712,106,107,-1,1
2713,109,108,1,1
2714,136,133,3,3
2715,100,98,2,2
2716,58,68,-10,10
2717,64,70,-6,6
2718,135,131,4,4
2719,125,121,4,4
2720,91,106,-15,15
2721,81,85,-4,4
2722,53,61,-8,8
2723,120,113,7,7
2724,96,100,-4,4
2725,42,51,-9,9
2726,122,120,2,2
2727,67,68,-1,1
2728,97,89,8,8
2729,65,70,-5,5
2730,86,90,-4,4
2731,72,75,-3,3
2732,62,67,-5,5
2733,72,73,-1,1
2734,83,77,6,6
2735,129,126,3,3
2736,109,104,5,5
2737,72,86,-14,14
2738,78,84,-6,6
2739,175,173,2,2
2740,125,119,6,6
2741,65,64,1,1
2742,122,116,6,6
2743,79,82,-3,3
2744,35,55,-20,20
2745,86,91,-5,5
2746,120,108,12,12
2747,96,95,1,1
2748,152,146,6,6
2749,114,115,-1,1
2750,94,98,-4,4
2751,67,72,-5,5
2752,94,96,-2,2
2753,145,121,24,24
2754,52,64,-12,12
2755,108,107,1,1
2756,86,95,-9,9
2757,91,94,-3,3
2758,132,123,9,9
2759,160,152,8,8
2760,94,85,9,9
2761,136,121,15,15
2762,46,55,-9,9
2763,76,74,2,2
2764,66,76,-10,10
2765,72,77,-5,5
2766,102,100,2,2
2767,77,82,-5,5
2768,56,65,-9,9
2769,139,138,1,1
2770,217,195,22,22
2771,105,103,2,2
2772,86,83,3,3
2773,172,154,18,18
2774,131,126,5,5
2775,141,132,9,9
2776,85,91,-6,6
2777,68,69,-1,1
2778,90,93,-3,3
2779,75,78,-3,3
2780,82,84,-2,2
2781,76,76,0,0
2782,92,93,-1,1
2783,76,79,-3,3
2784,108,101,7,7
2785,99,94,5,5
2786,65,76,-11,11
2787,101,109,-8,8
2788,196,178,18,18
2789,80,86,-6,6
2790,130,129,1,1
2791,57,75,-18,18
2792,105,99,6,6
2793,83,86,-3,3
2794,75,91,-16,16
2795,37,52,-15,15
2796,92,101,-9,9
2797,70,74,-4,4
2798,35,49,-14,14
2799,120,108,12,12
2800,87,79,8,8
2801,56,60,-4,4
2802,84,83,1,1
2803,185,169,16,16
2804,95,88,7,7
2805,76,77,-1,1
2806,60,66,-6,6
2807,84,86,-2,2
2808,67,73,-6,6
2809,79,82,-3,3
2810,106,103,3,3
2811,121,113,8,8
2812,81,95,-14,14
2813,93,92,1,1
2814,150,138,12,12
2815,104,108,-4,4
2816,95,95,0,0
2817,120,112,8,8
2818,140,141,-1,1
2819,106,113,-7,7
2820,92,84,8,8
2821,75,79,-4,4
2822,69,85,-16,16
2823,78,78,0,0
2824,57,68,-11,11
2825,71,70,1,1
2826,110,102,8,8
2827,90,92,-2,2
2828,58,67,-9,9
2829,52,63,-11,11
2830,108,111,-3,3
2831,53,66,-13,13
2832,102,97,5,5
2833,89,95,-6,6
2834,158,140,18,18
2835,81,79,2,2
2836,93,100,-7,7
2837,127,119,8,8
2838,117,109,8,8
2839,105,97,8,8
2840,133,125,8,8
2841,106,95,11,11
2842,149,135,14,14
2843,117,110,7,7
2844,92,91,1,1
2845,74,77,-3,3
2846,156,141,15,15
2847,90,88,2,2
2848,116,116,0,0
2849,118,112,6,6
2850,109,107,2,2
2851,110,104,6,6
2852,84,90,-6,6
2853,120,106,14,14
2854,145,139,6,6
2855,64,71,-7,7
2856,95,107,-12,12
2857,54,62,-8,8
2858,109,102,7,7
2859,81,84,-3,3
2860,74,79,-5,5
2861,123,124,-1,1
2862,88,89,-1,1
2863,153,152,1,1
2864,119,122,-3,3
2865,100,97,3,3
2866,91,88,3,3
2867,85,76,9,9
2868,72,76,-4,4
2869,137,124,13,13
2870,120,141,-21,21
2871,58,68,-10,10
2872,106,101,5,5
2873,100,95,5,5
2874,75,83,-8,8
2875,71,73,-2,2
2876,90,88,2,2
2877,56,64,-8,8
2878,109,104,5,5
2879,97,100,-3,3
2880,95,92,3,3
2881,84,80,4,4
2882,64,69,-5,5
2883,79,79,0,0
2884,66,70,-4,4
2885,65,74,-9,9
2886,117,113,4,4
2887,143,134,9,9
2888,65,70,-5,5
2889,80,81,-1,1
2890,111,115,-4,4
2891,116,112,4,4
2892,80,130,-50,50
2893,89,93,-4,4
2894,181,160,21,21
2895,95,87,8,8
2896,81,82,-1,1
2897,172,148,24,24
2898,137,118,19,19
2899,83,85,-2,2
2900,98,98,0,0
2901,131,118,13,13
2902,75,80,-5,5
2903,160,150,10,10
2904,115,102,13,13
2905,124,125,-1,1
2906,121,109,12,12
2907,113,108,5,5
2908,116,109,7,7
2909,62,70,-8,8
2910,94,92,2,2
2911,92,92,0,0
2912,144,135,9,9
2913,37,90,-53,53
2914,65,76,-11,11
2915,159,170,-11,11
2916,76,76,0,0
2917,116,110,6,6
2918,79,76,3,3
2919,89,99,-10,10
2920,79,79,0,0
2921,100,103,-3,3
2922,92,87,5,5
2923,90,87,3,3
2924,53,63,-10,10
2925,97,104,-7,7
2926,148,137,11,11
2927,104,108,-4,4
2928,57,60,-3,3
2929,71,75,-4,4
2930,116,124,-8,8
2931,191,180,11,11
2932,122,113,9,9
2933,60,68,-8,8
2934,125,150,-25,25
2935,69,77,-8,8
2936,98,99,-1,1
2937,131,116,15,15
2938,105,110,-5,5
2939,103,97,6,6
2940,60,71,-11,11
2941,67,73,-6,6
2942,118,113,5,5
2943,58,81,-23,23
2944,76,78,-2,2
2945,109,98,11,11
2946,72,75,-3,3
2947,87,86,1,1
2948,57,69,-12,12
2949,85,86,-1,1
2950,78,84,-6,6
2951,88,81,7,7
2952,75,73,2,2
2953,124,114,10,10
2954,84,89,-5,5
2955,112,104,8,8
2956,98,92,6,6
2957,152,142,10,10
2958,54,64,-10,10
2959,121,120,1,1
2960,164,143,21,21
2961,58,67,-9,9
2962,164,158,6,6
2963,47,62,-15,15
2964,163,159,4,4
2965,104,98,6,6
2966,66,76,-10,10
2967,111,108,3,3
2968,60,72,-12,12
2969,45,56,-11,11
2970,98,91,7,7
2971,129,111,18,18
2972,94,95,-1,1
2973,100,101,-1,1
2974,88,92,-4,4
2975,79,80,-1,1
2976,73,80,-7,7
2977,125,120,5,5
2978,91,93,-2,2
2979,102,104,-2,2
2980,137,130,7,7
2981,186,175,11,11
2982,67,77,-10,10
2983,59,69,-10,10
2984,36,54,-18,18
2985,128,114,14,14
2986,80,80,0,0
2987,102,112,-10,10
2988,137,111,26,26
2989,58,60,-2,2
2990,94,96,-2,2
2991,90,85,5,5
2992,110,100,10,10
2993,101,108,-7,7
2994,78,81,-3,3
2995,121,104,17,17
2996,87,84,3,3
2997,81,90,-9,9
2998,70,76,-6,6
2999,142,131,11,11
3000,93,96,-3,3
3001,98,88,10,10
3002,125,118,7,7
3003,65,70,-5,5
3004,126,122,4,4
3005,77,82,-5,5
3006,79,87,-8,8
3007,85,87,-2,2
3008,65,69,-4,4
3009,74,81,-7,7
3010,124,123,1,1
3011,112,101,11,11
3012,99,101,-2,2
3013,73,73,0,0
3014,97,105,-8,8
3015,73,78,-5,5
3016,58,79,-21,21
3017,172,162,10,10
3018,91,89,2,2
3019,67,74,-7,7
3020,100,100,0,0
3021,110,106,4,4
3022,58,68,-10,10
3023,96,101,-5,5
3024,69,82,-13,13
3025,91,94,-3,3
3026,64,73,-9,9
3027,71,79,-8,8
3028,49,72,-23,23
3029,88,96,-8,8
3030,147,120,27,27
3031,71,72,-1,1
3032,117,106,11,11
3033,89,97,-8,8
3034,95,89,6,6
3035,78,82,-4,4
3036,82,94,-12,12
3037,72,79,-7,7
3038,137,116,21,21
3039,122,116,6,6
3040,115,105,10,10
3041,120,107,13,13
3042,119,120,-1,1
3043,84,84,0,0
3044,88,85,3,3
3045,60,68,-8,8
3046,115,110,5,5
3047,81,80,1,1
3048,136,139,-3,3
3049,85,92,-7,7
3050,100,106,-6,6
3051,118,120,-2,2
3052,109,100,9,9
3053,61,79,-18,18
3054,105,102,3,3
3055,206,185,21,21
3056,112,109,3,3
3057,83,84,-1,1
3058,181,180,1,1
3059,151,136,15,15
3060,104,103,1,1
3061,83,97,-14,14
3062,109,100,9,9
3063,62,68,-6,6
3064,76,80,-4,4
3065,86,91,-5,5
3066,127,112,15,15
3067,83,82,1,1
3068,122,105,17,17
3069,103,103,0,0
3070,107,107,0,0
3071,94,90,4,4
3072,103,89,14,14
3073,72,74,-2,2
3074,66,72,-6,6
3075,70,88,-18,18
3076,54,61,-7,7
3077,57,74,-17,17
3078,165,157,8,8
3079,125,118,7,7
3080,125,125,0,0
3081,92,89,3,3
3082,53,55,-2,2
3083,106,123,-17,17
3084,95,90,5,5
3085,94,87,7,7
3086,72,81,-9,9
3087,78,81,-3,3
3088,113,108,5,5
3089,106,92,14,14
3090,101,97,4,4
3091,102,108,-6,6
3092,95,90,5,5
3093,69,78,-9,9
3094,74,71,3,3
3095,104,96,8,8
3096,78,85,-7,7
3097,86,88,-2,2
3098,41,54,-13,13
3099,86,86,0,0
3100,80,77,3,3
3101,182,161,21,21
3102,83,85,-2,2
3103,65,68,-3,3
3104,81,77,4,4
3105,159,147,12,12
3106,103,98,5,5
3107,102,95,7,7
3108,60,60,0,0
3109,142,126,16,16
3110,62,70,-8,8
3111,129,117,12,12
3112,79,86,-7,7
3113,87,87,0,0
3114,127,112,15,15
3115,56,68,-12,12
3116,94,100,-6,6
3117,90,85,5,5
3118,62,75,-13,13
3119,60,73,-13,13
3120,110,125,-15,15
3121,98,100,-2,2
3122,58,67,-9,9
3123,88,86,2,2
3124,35,47,-12,12
3125,138,129,9,9
3126,73,79,-6,6
3127,99,84,15,15
3128,87,84,3,3
3129,69,76,-7,7
3130,102,95,7,7
3131,89,93,-4,4
3132,106,97,9,9
3133,116,109,7,7
3134,69,76,-7,7
3135,75,78,-3,3
3136,91,85,6,6
3137,67,75,-8,8
3138,133,136,-3,3
3139,76,83,-7,7
3140,103,96,7,7
3141,71,69,2,2
3142,135,127,8,8
3143,99,102,-3,3
3144,104,99,5,5
3145,146,124,22,22
3146,57,54,3,3
3147,108,111,-3,3
3148,82,82,0,0
3149,106,93,13,13
3150,110,108,2,2
3151,98,100,-2,2
3152,62,63,-1,1
3153,102,99,3,3
3154,130,125,5,5
3155,108,98,10,10
3156,61,71,-10,10
3157,73,85,-12,12
3158,54,63,-9,9
3159,63,65,-2,2
3160,140,120,20,20
3161,47,119,-72,72
3162,68,80,-12,12
3163,134,123,11,11
3164,106,100,6,6
3165,72,78,-6,6
3166,107,106,1,1
3167,107,100,7,7
3168,53,61,-8,8
3169,112,102,10,10
3170,124,121,3,3
3171,103,97,6,6
3172,76,85,-9,9
3173,103,102,1,1
3174,92,105,-13,13
3175,40,56,-16,16
3176,79,81,-2,2
3177,83,87,-4,4
3178,77,80,-3,3
3179,75,77,-2,2
3180,63,63,0,0
3181,134,124,10,10
3182,66,72,-6,6
3183,173,166,7,7
3184,100,93,7,7
3185,119,103,16,16
3186,143,137,6,6
3187,61,74,-13,13
3188,59,68,-9,9
3189,91,96,-5,5
3190,61,65,-4,4
3191,127,118,9,9
3192,164,154,10,10
3193,81,81,0,0
3194,136,128,8,8
3195,73,84,-11,11
3196,72,78,-6,6
3197,82,80,2,2
3198,79,83,-4,4
3199,70,78,-8,8
3200,95,96,-1,1
3201,63,72,-9,9
3202,67,78,-11,11
3203,127,124,3,3
3204,107,100,7,7
3205,58,65,-7,7
3206,91,95,-4,4
3207,60,64,-4,4
3208,94,102,-8,8
3209,90,79,11,11
3210,49,58,-9,9
3211,94,111,-17,17
3212,68,67,1,1
3213,86,79,7,7
3214,107,96,11,11
3215,54,61,-7,7
3216,88,83,5,5
3217,69,78,-9,9
3218,85,84,1,1
3219,99,96,3,3
3220,116,121,-5,5
3221,113,106,7,7
3222,42,64,-22,22
3223,36,50,-14,14
3224,52,64,-12,12
3225,88,82,6,6
3226,62,71,-9,9
3227,87,80,7,7
3228,97,107,-10,10
3229,94,99,-5,5
3230,113,108,5,5
3231,168,156,12,12
3232,107,97,10,10
3233,130,124,6,6
3234,169,153,16,16
3235,84,89,-5,5
3236,151,121,30,30
3237,75,73,2,2
3238,73,75,-2,2
3239,64,73,-9,9
3240,144,147,-3,3
3241,86,90,-4,4
3242,91,87,4,4
3243,76,74,2,2
3244,112,112,0,0
3245,46,72,-26,26
3246,51,60,-9,9
3247,116,105,11,11
3248,106,117,-11,11
3249,63,76,-13,13
3250,115,107,8,8
3251,151,157,-6,6
3252,70,75,-5,5
3253,153,145,8,8
3254,66,71,-5,5
3255,95,100,-5,5
3256,71,76,-5,5
3257,75,81,-6,6
3258,83,81,2,2
3259,75,74,1,1
3260,111,96,15,15
3261,95,96,-1,1
3262,133,113,20,20
3263,56,59,-3,3
3264,42,58,-16,16
3265,61,71,-10,10
3266,72,77,-5,5
3267,60,68,-8,8
3268,95,88,7,7
3269,115,121,-6,6
3270,101,106,-5,5
3271,65,73,-8,8
3272,100,107,-7,7
3273,69,79,-10,10
3274,81,80,1,1
3275,82,83,-1,1
3276,107,103,4,4
3277,112,115,-3,3
3278,99,96,3,3
3279,75,77,-2,2
3280,161,148,13,13
3281,76,77,-1,1
3282,142,137,5,5
3283,111,103,8,8
3284,78,82,-4,4
3285,137,130,7,7
3286,40,52,-12,12
3287,65,72,-7,7
3288,88,93,-5,5
3289,103,89,14,14
3290,143,158,-15,15
3291,37,46,-9,9
3292,65,64,1,1
3293,90,83,7,7
3294,97,85,12,12
3295,107,101,6,6
3296,104,110,-6,6
3297,151,134,17,17
3298,98,96,2,2
3299,91,96,-5,5
3300,90,84,6,6
3301,79,85,-6,6
3302,62,63,-1,1
3303,83,82,1,1
3304,102,103,-1,1
3305,92,99,-7,7
3306,48,59,-11,11
3307,103,101,2,2
3308,65,67,-2,2
3309,84,87,-3,3
3310,57,68,-11,11
3311,108,110,-2,2
3312,80,82,-2,2
3313,66,83,-17,17
3314,106,109,-3,3
3315,52,63,-11,11
3316,107,113,-6,6
3317,107,96,11,11
3318,57,68,-11,11
3319,137,129,8,8
3320,69,74,-5,5
3321,90,84,6,6
3322,65,75,-10,10
3323,49,62,-13,13
3324,153,142,11,11
3325,119,111,8,8
3326,75,80,-5,5
3327,160,147,13,13
3328,140,135,5,5
3329,146,146,0,0
3330,104,87,17,17
3331,94,95,-1,1
3332,60,62,-2,2
3333,118,107,11,11
3334,71,75,-4,4
3335,66,72,-6,6
3336,183,161,22,22
3337,103,93,10,10
3338,119,108,11,11
3339,107,117,-10,10
3340,92,87,5,5
3341,89,92,-3,3
3342,116,105,11,11
3343,84,83,1,1
3344,118,119,-1,1
3345,52,65,-13,13
3346,75,83,-8,8
3347,163,154,9,9
3348,96,93,3,3
3349,104,108,-4,4
3350,135,139,-4,4
3351,78,80,-2,2
3352,127,113,14,14
3353,96,95,1,1
3354,123,107,16,16
3355,119,105,14,14
3356,83,87,-4,4
3357,107,106,1,1
3358,96,84,12,12
3359,105,101,4,4
3360,142,117,25,25
3361,67,78,-11,11
3362,67,78,-11,11
3363,126,117,9,9
3364,59,69,-10,10
3365,59,68,-9,9
3366,74,78,-4,4
3367,87,89,-2,2
3368,69,76,-7,7
3369,66,71,-5,5
3370,117,101,16,16
3371,186,179,7,7
3372,63,72,-9,9
3373,125,125,0,0
3374,87,81,6,6
3375,97,97,0,0
3376,96,88,8,8
3377,49,57,-8,8
3378,105,107,-2,2
3379,48,58,-10,10
3380,111,103,8,8
3381,98,102,-4,4
3382,123,109,14,14
3383,74,69,5,5
3384,55,64,-9,9
3385,124,117,7,7
3386,151,139,12,12
3387,54,60,-6,6
3388,44,56,-12,12
3389,78,86,-8,8
3390,141,140,1,1
3391,85,92,-7,7
3392,40,65,-25,25
3393,77,78,-1,1
3394,104,96,8,8
3395,71,71,0,0
3396,94,99,-5,5
3397,98,102,-4,4
3398,56,67,-11,11
3399,64,74,-10,10
3400,107,105,2,2
3401,58,68,-10,10
3402,40,54,-14,14
3403,107,92,15,15
3404,110,102,8,8
3405,124,107,17,17
3406,100,88,12,12
3407,88,93,-5,5
3408,131,108,23,23
3409,93,87,6,6
3410,134,126,8,8
3411,81,90,-9,9
3412,81,87,-6,6
3413,84,88,-4,4
3414,86,86,0,0
3415,152,151,1,1
3416,64,71,-7,7
3417,73,82,-9,9
3418,118,111,7,7
3419,73,73,0,0
3420,88,83,5,5
3421,112,118,-6,6
3422,141,132,9,9
3423,150,148,2,2
3424,105,102,3,3
3425,163,150,13,13
3426,29,47,-18,18
3427,94,92,2,2
3428,67,76,-9,9
3429,98,112,-14,14
3430,89,94,-5,5
3431,106,100,6,6
3432,100,98,2,2
3433,107,100,7,7
3434,64,76,-12,12
3435,45,62,-17,17
3436,77,82,-5,5
3437,144,128,16,16
3438,103,103,0,0
3439,67,104,-37,37
3440,38,48,-10,10
3441,116,109,7,7
3442,102,101,1,1
3443,119,112,7,7
3444,88,90,-2,2
3445,111,105,6,6
3446,48,59,-11,11
3447,131,109,22,22
3448,86,88,-2,2
3449,76,80,-4,4
3450,80,86,-6,6
3451,99,94,5,5
3452,132,123,9,9
3453,91,102,-11,11
3454,105,100,5,5
3455,159,156,3,3
3456,117,107,10,10
3457,142,143,-1,1
3458,69,69,0,0
3459,79,91,-12,12
3460,134,134,0,0
3461,101,96,5,5
3462,94,93,1,1
3463,97,115,-18,18
3464,112,96,16,16
3465,70,73,-3,3
3466,139,128,11,11
3467,120,108,12,12
3468,93,97,-4,4
3469,70,77,-7,7
3470,77,76,1,1
3471,91,92,-1,1
3472,57,63,-6,6
3473,75,85,-10,10
3474,64,69,-5,5
3475,88,92,-4,4
3476,90,95,-5,5
3477,82,86,-4,4
3478,54,65,-11,11
3479,101,97,4,4
3480,102,104,-2,2
3481,92,91,1,1
3482,77,79,-2,2
3483,76,81,-5,5
3484,109,120,-11,11
3485,48,63,-15,15
3486,86,82,4,4
3487,91,92,-1,1
3488,60,64,-4,4
3489,117,113,4,4
3490,121,122,-1,1
3491,129,130,-1,1
3492,90,95,-5,5
3493,106,86,20,20
3494,80,75,5,5
3495,129,110,19,19
3496,65,71,-6,6
3497,48,58,-10,10
3498,104,99,5,5
3499,72,73,-1,1
3500,69,73,-4,4
3501,115,108,7,7
3502,147,157,-10,10
3503,83,87,-4,4
3504,96,95,1,1
3505,83,82,1,1
3506,106,101,5,5
3507,83,85,-2,2
3508,94,84,10,10
3509,101,85,16,16
3510,112,107,5,5
3511,56,70,-14,14
3512,106,104,2,2
3513,93,88,5,5
3514,83,89,-6,6
3515,60,68,-8,8
3516,116,120,-4,4
3517,127,111,16,16
3518,65,75,-10,10
3519,134,135,-1,1
3520,45,65,-20,20
3521,74,81,-7,7
3522,107,105,2,2
3523,97,97,0,0
3524,145,138,7,7
3525,101,102,-1,1
3526,104,92,12,12
3527,90,93,-3,3
3528,98,95,3,3
3529,107,108,-1,1
3530,66,74,-8,8
3531,76,85,-9,9
3532,39,48,-9,9
3533,89,89,0,0
3534,47,61,-14,14
3535,68,83,-15,15
3536,47,59,-12,12
3537,194,163,31,31
3538,107,113,-6,6
3539,155,148,7,7
3540,163,151,12,12
3541,93,91,2,2
3542,124,126,-2,2
3543,28,45,-17,17
3544,101,108,-7,7
3545,70,74,-4,4
3546,61,70,-9,9
3547,92,86,6,6
3548,78,84,-6,6
3549,51,64,-13,13
3550,99,100,-1,1
3551,95,94,1,1
3552,137,117,20,20
3553,90,85,5,5
3554,84,92,-8,8
3555,72,81,-9,9
3556,83,89,-6,6
3557,94,95,-1,1
3558,86,83,3,3
3559,86,80,6,6
3560,87,89,-2,2
3561,104,112,-8,8
3562,58,67,-9,9
3563,50,68,-18,18
3564,44,55,-11,11
3565,83,85,-2,2
3566,97,95,2,2
3567,146,128,18,18
3568,147,127,20,20
3569,107,100,7,7
3570,117,102,15,15
3571,152,150,2,2
3572,130,108,22,22
3573,157,132,25,25
3574,268,236,32,32
3575,90,85,5,5
3576,101,102,-1,1
3577,73,78,-5,5
3578,120,117,3,3
3579,86,86,0,0
3580,144,127,17,17
3581,97,93,4,4
3582,93,87,6,6
3583,49,59,-10,10
3584,97,99,-2,2
3585,99,90,9,9
3586,63,69,-6,6
3587,135,122,13,13
3588,66,73,-7,7
3589,71,73,-2,2
3590,74,78,-4,4
3591,160,141,19,19
3592,52,65,-13,13
3593,84,79,5,5
3594,127,128,-1,1
3595,82,84,-2,2
3596,80,86,-6,6
3597,108,107,1,1
3598,104,108,-4,4
3599,106,101,5,5
3600,154,143,11,11
3601,54,66,-12,12
3602,91,98,-7,7
3603,115,125,-10,10
3604,98,100,-2,2
3605,117,114,3,3
3606,46,60,-14,14
3607,93,96,-3,3
3608,50,61,-11,11
3609,110,143,-33,33
3610,101,97,4,4
3611,121,117,4,4
3612,129,133,-4,4
3613,123,111,12,12
3614,55,74,-19,19
3615,97,85,12,12
3616,102,100,2,2
3617,127,131,-4,4
3618,66,84,-18,18
3619,75,79,-4,4
3620,125,128,-3,3
3621,75,75,0,0
3622,137,141,-4,4
3623,76,76,0,0
3624,80,71,9,9
3625,93,93,0,0
3626,213,205,8,8
3627,73,76,-3,3
3628,99,96,3,3
3629,152,144,8,8
3630,110,110,0,0
3631,53,68,-15,15
3632,83,83,0,0
3633,94,96,-2,2
3634,60,69,-9,9
3635,150,139,11,11
3636,146,128,18,18
3637,156,162,-6,6
3638,99,97,2,2
3639,66,71,-5,5
3640,85,80,5,5
3641,68,85,-17,17
3642,174,163,11,11
3643,112,98,14,14
3644,102,101,1,1
3645,96,94,2,2
3646,123,115,8,8
3647,62,73,-11,11
3648,42,57,-15,15
3649,84,80,4,4
3650,99,110,-11,11
3651,96,100,-4,4
3652,94,87,7,7
3653,88,84,4,4
3654,113,102,11,11
3655,136,138,-2,2
3656,51,64,-13,13
3657,82,93,-11,11
3658,103,95,8,8
3659,109,102,7,7
3660,39,57,-18,18
3661,66,65,1,1
3662,68,70,-2,2
3663,97,88,9,9
3664,85,84,1,1
3665,123,114,9,9
3666,134,132,2,2
3667,171,159,12,12
3668,88,85,3,3
3669,83,78,5,5
3670,52,62,-10,10
3671,90,88,2,2
3672,75,77,-2,2
3673,80,76,4,4
3674,85,80,5,5
3675,113,123,-10,10
3676,85,76,9,9
3677,124,115,9,9
3678,126,115,11,11
3679,136,118,18,18
3680,111,108,3,3
3681,122,107,15,15
3682,84,85,-1,1
3683,53,61,-8,8
3684,83,85,-2,2
3685,132,126,6,6
3686,133,132,1,1
3687,96,90,6,6
3688,53,63,-10,10
3689,87,96,-9,9
3690,63,68,-5,5
3691,92,82,10,10
3692,73,83,-10,10
3693,142,129,13,13
3694,93,82,11,11
3695,69,71,-2,2
3696,59,66,-7,7
3697,120,120,0,0
3698,52,58,-6,6
3699,50,58,-8,8
3700,80,90,-10,10
3701,68,74,-6,6
3702,73,74,-1,1
3703,245,200,45,45
3704,147,144,3,3
3705,75,77,-2,2
3706,59,71,-12,12
3707,84,83,1,1
3708,92,93,-1,1
3709,146,133,13,13
3710,183,179,4,4
3711,64,71,-7,7
3712,101,88,13,13
3713,102,99,3,3
3714,117,111,6,6
3715,178,176,2,2
3716,143,122,21,21
3717,68,78,-10,10
3718,90,86,4,4
3719,48,56,-8,8
3720,74,78,-4,4
3721,63,67,-4,4
3722,74,77,-3,3
3723,83,85,-2,2
3724,89,92,-3,3
3725,112,102,10,10
3726,89,94,-5,5
3727,71,74,-3,3
3728,72,79,-7,7
3729,66,70,-4,4
3730,173,167,6,6
3731,139,135,4,4
3732,94,96,-2,2
3733,48,62,-14,14
3734,102,102,0,0
3735,69,76,-7,7
3736,67,68,-1,1
3737,91,89,2,2
3738,109,109,0,0
3739,39,52,-13,13
3740,146,133,13,13
3741,103,106,-3,3
3742,149,144,5,5
3743,78,78,0,0
3744,78,83,-5,5
3745,76,72,4,4
3746,81,87,-6,6
3747,155,148,7,7
3748,76,83,-7,7
3749,113,106,7,7
3750,87,88,-1,1
3751,81,73,8,8
3752,82,87,-5,5
3753,107,111,-4,4
3754,148,141,7,7
3755,57,74,-17,17
3756,73,76,-3,3
3757,112,101,11,11
3758,48,59,-11,11
3759,77,86,-9,9
3760,142,125,17,17
3761,142,125,17,17
3762,122,116,6,6
3763,67,73,-6,6
3764,132,113,19,19
3765,134,145,-11,11
3766,96,87,9,9
3767,70,73,-3,3
3768,84,84,0,0
3769,108,97,11,11
3770,159,147,12,12
3771,114,119,-5,5
3772,71,75,-4,4
3773,88,94,-6,6
3774,95,92,3,3
3775,36,48,-12,12
3776,99,98,1,1
3777,54,64,-10,10
3778,148,131,17,17
3779,75,70,5,5
3780,64,77,-13,13
3781,170,161,9,9
3782,176,155,21,21
3783,143,128,15,15
3784,108,96,12,12
3785,94,165,-71,71
3786,102,111,-9,9
3787,92,97,-5,5
3788,132,128,4,4
3789,84,87,-3,3
3790,152,144,8,8
3791,94,85,9,9
3792,103,103,0,0
3793,122,115,7,7
3794,79,85,-6,6
3795,81,73,8,8
3796,81,85,-4,4
3797,65,67,-2,2
3798,90,81,9,9
3799,85,91,-6,6
3800,74,78,-4,4
3801,110,104,6,6
3802,62,77,-15,15
3803,132,129,3,3
3804,94,95,-1,1
3805,77,78,-1,1
3806,69,80,-11,11
3807,90,86,4,4
3808,58,68,-10,10
3809,101,101,0,0
3810,72,79,-7,7
3811,49,71,-22,22
3812,120,118,2,2
3813,60,75,-15,15
3814,140,148,-8,8
3815,53,61,-8,8
3816,66,72,-6,6
3817,60,65,-5,5
3818,103,102,1,1
3819,92,95,-3,3
3820,158,131,27,27
3821,71,89,-18,18
3822,73,79,-6,6
3823,66,76,-10,10
3824,149,144,5,5
3825,146,134,12,12
3826,68,69,-1,1
3827,108,106,2,2
3828,54,67,-13,13
3829,70,74,-4,4
3830,98,96,2,2
3831,112,108,4,4
3832,64,70,-6,6
3833,96,98,-2,2
3834,124,130,-6,6
3835,73,79,-6,6
3836,75,80,-5,5
3837,97,95,2,2
3838,100,99,1,1
3839,153,164,-11,11
3840,145,143,2,2
3841,98,90,8,8
3842,114,100,14,14
3843,111,94,17,17
3844,68,80,-12,12
3845,60,74,-14,14
3846,87,99,-12,12
3847,74,67,7,7
3848,54,68,-14,14
3849,77,80,-3,3
3850,63,65,-2,2
3851,120,109,11,11
3852,107,94,13,13
3853,75,80,-5,5
3854,96,96,0,0
3855,50,53,-3,3
3856,152,127,25,25
3857,133,124,9,9
3858,140,139,1,1
3859,63,73,-10,10
3860,82,91,-9,9
3861,101,108,-7,7
3862,78,78,0,0
3863,101,95,6,6
3864,74,79,-5,5
3865,104,97,7,7
3866,97,96,1,1
3867,55,73,-18,18
3868,166,154,12,12
3869,110,99,11,11
3870,76,96,-20,20
3871,81,86,-5,5
3872,128,117,11,11
3873,108,104,4,4
3874,68,71,-3,3
3875,86,86,0,0
3876,79,82,-3,3
3877,65,71,-6,6
3878,148,142,6,6
3879,165,147,18,18
3880,96,99,-3,3
3881,61,69,-8,8
3882,86,80,6,6
3883,65,73,-8,8
3884,124,129,-5,5
3885,94,89,5,5
3886,55,63,-8,8
3887,71,76,-5,5
3888,132,113,19,19
3889,55,65,-10,10
3890,97,105,-8,8
3891,96,102,-6,6
3892,101,99,2,2
3893,100,85,15,15
3894,78,77,1,1
3895,132,133,-1,1
3896,73,79,-6,6
3897,93,83,10,10
3898,51,56,-5,5
3899,136,130,6,6
3900,80,76,4,4
3901,159,164,-5,5
3902,151,137,14,14
3903,64,69,-5,5
3904,75,81,-6,6
3905,151,129,22,22
3906,72,81,-9,9
3907,113,100,13,13
3908,88,89,-1,1
3909,93,89,4,4
3910,62,76,-14,14
3911,59,73,-14,14
3912,104,102,2,2
3913,133,122,11,11
3914,66,79,-13,13
3915,90,98,-8,8
3916,98,96,2,2
3917,181,139,42,42
3918,68,68,0,0
3919,81,82,-1,1
3920,148,139,9,9
3921,92,85,7,7
3922,109,101,8,8
3923,176,168,8,8
3924,236,204,32,32
3925,112,102,10,10
3926,74,82,-8,8
3927,82,76,6,6
3928,78,79,-1,1
3929,83,86,-3,3
3930,89,91,-2,2
3931,95,96,-1,1
3932,177,163,14,14
3933,53,69,-16,16
3934,94,101,-7,7
3935,104,99,5,5
3936,63,71,-8,8
3937,94,91,3,3
3938,95,91,4,4
3939,122,112,10,10
3940,135,126,9,9
3941,170,146,24,24
3942,104,115,-11,11
3943,153,135,18,18
3944,70,94,-24,24
3945,124,110,14,14
3946,81,81,0,0
3947,143,133,10,10
3948,86,97,-11,11
3949,87,83,4,4
3950,92,93,-1,1
3951,111,104,7,7
3952,73,79,-6,6
3953,83,75,8,8
3954,117,110,7,7
3955,92,89,3,3
3956,70,79,-9,9
3957,107,102,5,5
3958,62,73,-11,11
3959,96,94,2,2
3960,93,92,1,1
3961,50,62,-12,12
3962,61,66,-5,5
3963,118,115,3,3
3964,117,108,9,9
3965,116,104,12,12
3966,183,162,21,21
3967,56,70,-14,14
3968,67,70,-3,3
3969,81,80,1,1
3970,117,106,11,11
3971,98,94,4,4
3972,63,66,-3,3
3973,62,69,-7,7
3974,84,90,-6,6
3975,156,148,8,8
3976,105,96,9,9
3977,89,82,7,7
3978,132,134,-2,2
3979,106,107,-1,1
3980,111,107,4,4
3981,150,154,-4,4
3982,95,102,-7,7
3983,20,47,-27,27
3984,99,98,1,1
3985,103,101,2,2
3986,73,89,-16,16
3987,83,81,2,2
3988,69,70,-1,1
3989,130,125,5,5
3990,106,102,4,4
3991,104,89,15,15
3992,125,128,-3,3
3993,121,99,22,22
3994,190,181,9,9
3995,116,114,2,2
3996,87,102,-15,15
3997,71,77,-6,6
3998,71,82,-11,11
3999,146,148,-2,2
4000,97,96,1,1
4001,98,94,4,4
4002,127,125,2,2
4003,74,78,-4,4
4004,47,55,-8,8
4005,92,90,2,2
4006,82,79,3,3
4007,118,111,7,7
4008,137,113,24,24
4009,101,97,4,4
4010,51,65,-14,14
4011,88,99,-11,11
4012,177,153,24,24
4013,82,80,2,2
4014,90,95,-5,5
4015,99,94,5,5
4016,83,87,-4,4
4017,104,101,3,3
4018,83,78,5,5
4019,57,69,-12,12
4020,155,147,8,8
4021,107,101,6,6
4022,72,80,-8,8
4023,72,71,1,1
4024,102,99,3,3
4025,90,86,4,4
4026,111,101,10,10
4027,123,107,16,16
4028,46,59,-13,13
4029,81,84,-3,3
4030,95,83,12,12
4031,125,115,10,10
4032,105,95,10,10
4033,74,76,-2,2
4034,166,146,20,20
4035,96,98,-2,2
4036,70,74,-4,4
4037,56,52,4,4
4038,66,70,-4,4
4039,85,86,-1,1
4040,46,57,-11,11
4041,47,73,-26,26
4042,68,78,-10,10
4043,130,124,6,6
4044,141,134,7,7
4045,95,96,-1,1
4046,111,98,13,13
4047,50,63,-13,13
4048,111,115,-4,4
4049,100,102,-2,2
4050,72,73,-1,1
4051,80,85,-5,5
4052,120,105,15,15
4053,180,163,17,17
4054,39,55,-16,16
4055,103,111,-8,8
4056,95,96,-1,1
4057,146,152,-6,6
4058,110,105,5,5
4059,48,48,0,0
4060,83,102,-19,19
4061,66,82,-16,16
4062,86,94,-8,8
4063,79,80,-1,1
4064,113,116,-3,3
4065,114,104,10,10
4066,86,79,7,7
4067,165,155,10,10
4068,69,82,-13,13
4069,124,121,3,3
4070,103,107,-4,4
4071,76,63,13,13
4072,118,114,4,4
4073,157,144,13,13
4074,107,103,4,4
4075,170,142,28,28
4076,58,67,-9,9
4077,59,69,-10,10
4078,124,109,15,15
4079,142,119,23,23
4080,105,116,-11,11
4081,116,110,6,6
4082,140,134,6,6
4083,92,87,5,5
4084,130,129,1,1
4085,113,109,4,4
4086,129,134,-5,5
4087,73,87,-14,14
4088,100,98,2,2
4089,87,99,-12,12
4090,75,73,2,2
4091,87,94,-7,7
4092,113,98,15,15
4093,64,73,-9,9
4094,83,81,2,2
4095,75,80,-5,5
4096,124,126,-2,2
4097,87,89,-2,2
4098,63,73,-10,10
4099,78,78,0,0
4100,86,87,-1,1
4101,104,109,-5,5
4102,95,97,-2,2
4103,119,123,-4,4
4104,99,101,-2,2
4105,54,67,-13,13
4106,73,78,-5,5
4107,71,76,-5,5
4108,83,85,-2,2
4109,182,152,30,30
4110,74,85,-11,11
4111,133,124,9,9
4112,80,80,0,0
4113,98,103,-5,5
4114,98,97,1,1
4115,96,92,4,4
4116,84,75,9,9
4117,199,198,1,1
4118,153,136,17,17
4119,121,130,-9,9
4120,104,110,-6,6
4121,79,85,-6,6
4122,109,93,16,16
4123,74,82,-8,8
4124,48,63,-15,15
4125,127,119,8,8
4126,77,83,-6,6
4127,57,72,-15,15
4128,88,85,3,3
4129,76,72,4,4
4130,120,115,5,5
4131,86,92,-6,6
4132,62,73,-11,11
4133,60,66,-6,6
4134,83,83,0,0
4135,90,91,-1,1
4136,69,75,-6,6
4137,65,76,-11,11
4138,97,95,2,2
4139,107,100,7,7
4140,131,130,1,1
4141,118,105,13,13
4142,107,127,-20,20
4143,72,79,-7,7
4144,153,145,8,8
4145,83,84,-1,1
4146,55,67,-12,12
4147,106,103,3,3
4148,97,102,-5,5
4149,176,163,13,13
4150,139,124,15,15
4151,84,96,-12,12
4152,112,102,10,10
4153,58,71,-13,13
4154,119,113,6,6
4155,75,81,-6,6
4156,155,150,5,5
4157,71,68,3,3
4158,150,133,17,17
4159,94,94,0,0
4160,54,68,-14,14
4161,70,76,-6,6
4162,125,112,13,13
4163,36,46,-10,10
4164,78,83,-5,5
4165,96,91,5,5
4166,100,96,4,4
4167,106,99,7,7
4168,129,115,14,14
4169,39,53,-14,14
4170,44,58,-14,14
4171,97,97,0,0
4172,80,89,-9,9
4173,52,61,-9,9
4174,102,99,3,3
4175,101,95,6,6
4176,90,91,-1,1
4177,151,142,9,9
4178,82,79,3,3
4179,117,111,6,6
4180,63,80,-17,17
4181,135,126,9,9
4182,71,73,-2,2
4183,96,103,-7,7
4184,123,116,7,7
4185,75,76,-1,1
4186,60,72,-12,12
4187,103,103,0,0
4188,59,68,-9,9
4189,116,120,-4,4
4190,92,89,3,3
4191,76,72,4,4
4192,53,57,-4,4
4193,107,109,-2,2
4194,70,76,-6,6
4195,101,98,3,3
4196,88,84,4,4
4197,84,87,-3,3
4198,26,57,-31,31
4199,107,107,0,0
4200,121,116,5,5
4201,66,74,-8,8
4202,75,83,-8,8
4203,140,145,-5,5
4204,87,83,4,4
4205,57,61,-4,4
4206,100,100,0,0
4207,183,159,24,24
4208,131,128,3,3
4209,98,122,-24,24
4210,70,80,-10,10
4211,80,80,0,0
4212,112,108,4,4
4213,164,165,-1,1
4214,112,99,13,13
4215,49,61,-12,12
4216,69,79,-10,10
4217,64,81,-17,17
4218,78,85,-7,7
4219,116,123,-7,7
4220,113,101,12,12
4221,123,118,5,5
4222,101,107,-6,6
4223,100,104,-4,4
4224,84,85,-1,1
4225,114,109,5,5
4226,109,100,9,9
4227,52,60,-8,8
4228,115,102,13,13
4229,106,106,0,0
4230,93,90,3,3
4231,69,79,-10,10
4232,149,141,8,8
4233,87,85,2,2
4234,103,97,6,6
4235,106,109,-3,3
4236,76,95,-19,19
4237,124,128,-4,4
4238,115,117,-2,2
4239,82,81,1,1
4240,152,154,-2,2
4241,138,130,8,8
4242,196,176,20,20
4243,133,113,20,20
4244,146,139,7,7
4245,105,108,-3,3
4246,92,98,-6,6
4247,71,74,-3,3
4248,97,100,-3,3
4249,70,77,-7,7
4250,107,111,-4,4
4251,80,85,-5,5
4252,63,82,-19,19
4253,75,74,1,1
4254,75,79,-4,4
4255,75,80,-5,5
4256,104,96,8,8
4257,152,135,17,17
4258,71,74,-3,3
4259,107,99,8,8
4260,161,145,16,16
4261,71,80,-9,9
4262,91,86,5,5
4263,98,90,8,8
4264,108,104,4,4
4265,78,76,2,2
4266,116,114,2,2
4267,108,97,11,11
4268,81,84,-3,3
4269,65,79,-14,14
4270,111,108,3,3
4271,70,72,-2,2
4272,55,65,-10,10
4273,102,97,5,5
4274,102,100,2,2
4275,56,66,-10,10
4276,100,89,11,11
4277,47,56,-9,9
4278,145,132,13,13
4279,108,101,7,7
4280,143,133,10,10
4281,123,119,4,4
4282,172,159,13,13
4283,60,72,-12,12
4284,105,99,6,6
4285,46,47,-1,1
4286,80,75,5,5
4287,114,113,1,1
4288,189,182,7,7
4289,82,78,4,4
4290,126,124,2,2
4291,157,139,18,18
4292,147,165,-18,18
4293,27,61,-34,34
4294,79,80,-1,1
4295,75,77,-2,2
4296,65,68,-3,3
4297,68,71,-3,3
4298,126,118,8,8
4299,133,120,13,13
4300,101,96,5,5
4301,80,82,-2,2
4302,103,95,8,8
4303,95,91,4,4
4304,103,104,-1,1
4305,113,107,6,6
4306,42,48,-6,6
4307,85,90,-5,5
4308,82,84,-2,2
4309,104,101,3,3
4310,85,79,6,6
4311,107,91,16,16
4312,78,78,0,0
4313,66,72,-6,6
4314,108,102,6,6
4315,90,98,-8,8
4316,88,91,-3,3
4317,59,69,-10,10
4318,79,74,5,5
4319,69,76,-7,7
4320,135,130,5,5
4321,96,108,-12,12
4322,148,143,5,5
4323,31,47,-16,16
4324,65,83,-18,18
4325,86,86,0,0
4326,47,55,-8,8
4327,83,83,0,0
4328,170,174,-4,4
4329,63,70,-7,7
4330,110,104,6,6
4331,182,163,19,19
4332,141,136,5,5
4333,94,97,-3,3
4334,81,83,-2,2
4335,87,91,-4,4
4336,131,124,7,7
4337,117,101,16,16
4338,64,68,-4,4
4339,150,166,-16,16
4340,93,99,-6,6
4341,88,88,0,0
4342,90,94,-4,4
4343,86,87,-1,1
4344,96,106,-10,10
4345,173,155,18,18
4346,104,99,5,5
4347,44,62,-18,18
4348,81,75,6,6
4349,71,71,0,0
4350,77,70,7,7
4351,82,78,4,4
4352,196,177,19,19
4353,126,117,9,9
4354,100,98,2,2
4355,159,144,15,15
4356,61,76,-15,15
4357,54,66,-12,12
4358,73,76,-3,3
4359,73,81,-8,8
4360,88,85,3,3
4361,136,130,6,6
4362,94,95,-1,1
4363,164,172,-8,8
4364,100,101,-1,1
4365,126,115,11,11
4366,50,59,-9,9
4367,79,85,-6,6
4368,94,111,-17,17
4369,110,115,-5,5
4370,144,136,8,8
4371,62,64,-2,2
4372,92,94,-2,2
4373,59,69,-10,10
4374,279,234,45,45
4375,149,137,12,12
4376,61,79,-18,18
4377,72,88,-16,16
4378,64,70,-6,6
4379,142,133,9,9
4380,56,63,-7,7
4381,140,140,0,0
4382,221,194,27,27
4383,111,97,14,14
4384,93,90,3,3
4385,110,108,2,2
4386,83,80,3,3
4387,65,77,-12,12
4388,154,147,7,7
4389,92,93,-1,1
4390,144,128,16,16
4391,102,100,2,2
4392,131,119,12,12
4393,98,93,5,5
4394,104,99,5,5
4395,95,97,-2,2
4396,108,111,-3,3
4397,89,86,3,3
4398,139,142,-3,3
4399,116,106,10,10
4400,58,67,-9,9
4401,140,138,2,2
4402,89,90,-1,1
4403,103,100,3,3
4404,67,86,-19,19
4405,62,68,-6,6
4406,162,155,7,7
4407,77,76,1,1
4408,99,101,-2,2
4409,92,81,11,11
4410,105,105,0,0
4411,99,95,4,4
4412,82,97,-15,15
4413,139,125,14,14
4414,99,95,4,4
4415,82,85,-3,3
4416,95,99,-4,4
4417,101,97,4,4
4418,85,87,-2,2
4419,102,99,3,3
4420,133,130,3,3
4421,76,77,-1,1
4422,126,123,3,3
4423,101,98,3,3
4424,119,103,16,16
4425,152,151,1,1
4426,136,117,19,19
4427,87,88,-1,1
4428,116,104,12,12
4429,60,71,-11,11
4430,96,96,0,0
4431,76,83,-7,7
4432,128,117,11,11
4433,85,88,-3,3
4434,84,88,-4,4
4435,153,136,17,17
4436,72,71,1,1
4437,73,73,0,0
4438,108,95,13,13
4439,73,74,-1,1
4440,94,93,1,1
4441,86,84,2,2
4442,89,84,5,5
4443,56,65,-9,9
4444,195,176,19,19
4445,70,75,-5,5
4446,64,70,-6,6
4447,96,88,8,8
4448,103,104,-1,1
4449,131,120,11,11
4450,93,94,-1,1
4451,122,120,2,2
4452,54,64,-10,10
4453,67,80,-13,13
4454,66,68,-2,2
4455,110,108,2,2
4456,108,102,6,6
4457,119,117,2,2
4458,80,75,5,5
4459,60,70,-10,10
4460,88,89,-1,1
4461,123,107,16,16
4462,59,68,-9,9
4463,103,94,9,9
4464,93,91,2,2
4465,90,87,3,3
4466,157,148,9,9
4467,94,91,3,3
4468,79,86,-7,7
4469,131,128,3,3
4470,50,62,-12,12
4471,111,103,8,8
4472,106,104,2,2
4473,104,101,3,3
4474,94,99,-5,5
4475,71,70,1,1
4476,168,146,22,22
4477,102,112,-10,10
4478,58,70,-12,12
4479,49,62,-13,13
4480,96,93,3,3
4481,74,79,-5,5
4482,135,129,6,6
4483,171,154,17,17
4484,70,76,-6,6
4485,118,118,0,0
4486,90,82,8,8
4487,101,115,-14,14
4488,97,97,0,0
4489,107,100,7,7
4490,87,85,2,2
4491,43,57,-14,14
4492,79,79,0,0
4493,106,98,8,8
4494,39,48,-9,9
4495,178,154,24,24
4496,74,84,-10,10
4497,36,52,-16,16
4498,68,74,-6,6
4499,114,114,0,0
4500,80,84,-4,4
4501,109,119,-10,10
4502,128,116,12,12
4503,87,100,-13,13
4504,110,117,-7,7
4505,100,97,3,3
4506,128,129,-1,1
4507,136,131,5,5
4508,129,125,4,4
4509,122,121,1,1
4510,102,98,4,4
4511,109,109,0,0
4512,58,68,-10,10
4513,122,114,8,8
4514,90,89,1,1
4515,57,59,-2,2
4516,107,103,4,4
4517,168,159,9,9
4518,98,99,-1,1
4519,120,109,11,11
4520,74,79,-5,5
4521,88,85,3,3
4522,96,88,8,8
4523,64,76,-12,12
4524,55,66,-11,11
4525,94,94,0,0
4526,148,132,16,16
4527,92,102,-10,10
4528,95,103,-8,8
4529,110,104,6,6
4530,83,80,3,3
4531,139,130,9,9
4532,108,96,12,12
4533,78,82,-4,4
4534,78,82,-4,4
4535,98,95,3,3
4536,104,98,6,6
4537,68,71,-3,3
4538,103,103,0,0
4539,66,62,4,4
4540,100,98,2,2
4541,123,118,5,5
4542,74,91,-17,17
4543,136,121,15,15
4544,47,57,-10,10
4545,92,90,2,2
4546,122,110,12,12
4547,125,125,0,0
4548,122,107,15,15
4549,61,67,-6,6
4550,82,100,-18,18
4551,112,104,8,8
4552,48,45,3,3
4553,146,147,-1,1
4554,67,69,-2,2
4555,115,109,6,6
4556,165,163,2,2
4557,87,94,-7,7
4558,40,54,-14,14
4559,55,63,-8,8
4560,127,114,13,13
4561,70,76,-6,6
4562,99,102,-3,3
4563,45,62,-17,17
4564,95,93,2,2
4565,80,82,-2,2
4566,47,61,-14,14
4567,99,111,-12,12
4568,118,114,4,4
4569,104,106,-2,2
4570,75,79,-4,4
4571,90,89,1,1
4572,82,85,-3,3
4573,163,144,19,19
4574,93,89,4,4
4575,166,171,-5,5
4576,69,78,-9,9
4577,122,132,-10,10
4578,148,144,4,4
4579,56,64,-8,8
4580,66,69,-3,3
4581,83,92,-9,9
4582,63,70,-7,7
4583,108,103,5,5
4584,123,103,20,20
4585,161,169,-8,8
4586,83,103,-20,20
4587,49,58,-9,9
4588,78,81,-3,3
4589,101,101,0,0
4590,38,42,-4,4
4591,98,92,6,6
4592,174,152,22,22
4593,75,101,-26,26
4594,56,67,-11,11
4595,138,125,13,13
4596,38,49,-11,11
4597,51,63,-12,12
4598,69,70,-1,1
4599,98,97,1,1
4600,87,87,0,0
4601,88,86,2,2
4602,156,153,3,3
4603,140,131,9,9
4604,92,99,-7,7
4605,49,63,-14,14
4606,82,89,-7,7
4607,217,223,-6,6
4608,99,99,0,0
4609,110,100,10,10
4610,79,85,-6,6
4611,69,69,0,0
4612,87,80,7,7
4613,84,84,0,0
4614,77,77,0,0
4615,78,76,2,2
4616,100,102,-2,2
4617,112,108,4,4
4618,130,120,10,10
4619,137,118,19,19
4620,125,111,14,14
4621,86,88,-2,2
4622,152,137,15,15
4623,96,101,-5,5
4624,111,111,0,0
4625,99,104,-5,5
4626,56,63,-7,7
4627,211,202,9,9
4628,109,113,-4,4
4629,137,134,3,3
4630,74,81,-7,7
4631,120,119,1,1
4632,81,85,-4,4
4633,71,79,-8,8
4634,88,85,3,3
4635,111,101,10,10
4636,197,185,12,12
4637,85,82,3,3
4638,112,109,3,3
4639,44,70,-26,26
4640,86,89,-3,3
4641,72,84,-12,12
4642,59,68,-9,9
4643,82,95,-13,13
4644,69,74,-5,5
4645,91,86,5,5
4646,142,139,3,3
4647,84,73,11,11
4648,81,84,-3,3
4649,101,99,2,2
4650,190,165,25,25
4651,107,101,6,6
4652,119,121,-2,2
4653,77,77,0,0
4654,152,144,8,8
4655,64,61,3,3
4656,77,80,-3,3
4657,51,57,-6,6
4658,77,83,-6,6
4659,84,92,-8,8
4660,60,67,-7,7
4661,107,101,6,6
4662,87,100,-13,13
4663,116,124,-8,8
4664,160,137,23,23
4665,116,111,5,5
4666,84,82,2,2
4667,113,115,-2,2
4668,105,102,3,3
4669,55,57,-2,2
4670,91,94,-3,3
4671,113,100,13,13
4672,62,66,-4,4
4673,75,78,-3,3
4674,45,59,-14,14
4675,177,158,19,19
4676,131,137,-6,6
4677,112,109,3,3
4678,127,128,-1,1
4679,146,119,27,27
4680,138,132,6,6
4681,93,97,-4,4
4682,65,75,-10,10
4683,168,168,0,0
4684,112,120,-8,8
4685,149,135,14,14
4686,140,141,-1,1
4687,94,95,-1,1
4688,141,130,11,11
4689,75,82,-7,7
4690,134,121,13,13
4691,95,89,6,6
4692,119,102,17,17
4693,95,99,-4,4
4694,65,71,-6,6
4695,95,98,-3,3
4696,97,99,-2,2
4697,132,125,7,7
4698,87,86,1,1
4699,124,122,2,2
4700,115,111,4,4
4701,45,58,-13,13
4702,110,101,9,9
4703,57,66,-9,9
4704,126,102,24,24
4705,50,59,-9,9
4706,132,129,3,3
4707,71,72,-1,1
4708,88,84,4,4
4709,91,100,-9,9
4710,79,81,-2,2
4711,47,52,-5,5
4712,103,107,-4,4
4713,38,52,-14,14
4714,68,68,0,0
4715,130,117,13,13
4716,157,151,6,6
4717,99,97,2,2
4718,62,64,-2,2
4719,79,81,-2,2
4720,74,78,-4,4
4721,154,135,19,19
4722,36,65,-29,29
4723,81,84,-3,3
4724,69,70,-1,1
4725,39,50,-11,11
4726,106,105,1,1
4727,141,131,10,10
4728,71,76,-5,5
4729,108,103,5,5
4730,142,131,11,11
4731,43,55,-12,12
4732,109,114,-5,5
4733,72,76,-4,4
4734,110,101,9,9
4735,84,96,-12,12
4736,88,85,3,3
4737,156,142,14,14
4738,106,110,-4,4
4739,160,154,6,6
4740,105,99,6,6
4741,231,196,35,35
4742,111,100,11,11
4743,53,68,-15,15
4744,124,127,-3,3
4745,105,103,2,2
4746,144,144,0,0
4747,83,88,-5,5
4748,81,84,-3,3
4749,96,96,0,0
4750,143,132,11,11
4751,118,110,8,8
4752,77,82,-5,5
4753,116,111,5,5
4754,116,80,36,36
4755,76,80,-4,4
4756,73,77,-4,4
4757,92,84,8,8
4758,89,83,6,6
4759,58,65,-7,7
4760,70,77,-7,7
4761,134,125,9,9
4762,73,84,-11,11
4763,139,126,13,13
4764,59,68,-9,9
4765,59,67,-8,8
4766,72,77,-5,5
4767,81,82,-1,1
4768,96,95,1,1
4769,190,174,16,16
4770,131,119,12,12
4771,188,184,4,4
4772,141,147,-6,6
4773,103,100,3,3
4774,65,80,-15,15
4775,86,84,2,2
4776,64,73,-9,9
4777,115,118,-3,3
4778,58,71,-13,13
4779,150,140,10,10
4780,70,79,-9,9
4781,91,94,-3,3
4782,104,100,4,4
4783,78,82,-4,4
4784,57,63,-6,6
4785,117,106,11,11
4786,82,83,-1,1
4787,50,62,-12,12
4788,76,84,-8,8
4789,64,71,-7,7
4790,140,134,6,6
4791,88,95,-7,7
4792,41,53,-12,12
4793,56,73,-17,17
4794,161,160,1,1
4795,107,101,6,6
4796,94,95,-1,1
4797,71,70,1,1
4798,163,144,19,19
4799,99,90,9,9
4800,30,47,-17,17
4801,99,89,10,10
4802,161,139,22,22
4803,82,86,-4,4
4804,92,88,4,4
4805,152,128,24,24
4806,131,110,21,21
4807,99,95,4,4
4808,50,57,-7,7
4809,80,85,-5,5
4810,99,96,3,3
4811,69,73,-4,4
4812,67,80,-13,13
4813,143,119,24,24
4814,68,74,-6,6
4815,65,77,-12,12
4816,94,95,-1,1
4817,55,65,-10,10
4818,94,93,1,1
4819,45,60,-15,15
4820,140,132,8,8
4821,65,69,-4,4
4822,62,71,-9,9
4823,94,98,-4,4
4824,129,119,10,10
4825,123,121,2,2
4826,80,81,-1,1
4827,86,83,3,3
4828,112,112,0,0
4829,89,87,2,2
4830,72,76,-4,4
4831,65,72,-7,7
4832,90,93,-3,3
4833,71,84,-13,13
4834,107,111,-4,4
4835,140,133,7,7
4836,57,68,-11,11
4837,104,100,4,4
4838,56,70,-14,14
4839,103,102,1,1
4840,104,101,3,3
4841,78,82,-4,4
4842,126,116,10,10
4843,101,96,5,5
4844,85,91,-6,6
4845,72,72,0,0
4846,57,67,-10,10
4847,51,68,-17,17
4848,102,103,-1,1
4849,85,92,-7,7
4850,71,73,-2,2
4851,87,83,4,4
4852,74,78,-4,4
4853,104,100,4,4
4854,102,102,0,0
4855,181,161,20,20
4856,130,124,6,6
4857,75,87,-12,12
4858,102,100,2,2
4859,56,72,-16,16
4860,72,79,-7,7
4861,90,96,-6,6
4862,66,77,-11,11
4863,82,81,1,1
4864,139,152,-13,13
4865,97,85,12,12
4866,83,84,-1,1
4867,71,83,-12,12
4868,81,77,4,4
4869,80,76,4,4
4870,152,145,7,7
4871,54,64,-10,10
4872,51,63,-12,12
4873,142,122,20,20
4874,134,135,-1,1
4875,253,249,4,4
4876,85,100,-15,15
4877,274,231,43,43
4878,180,157,23,23
4879,85,89,-4,4
4880,68,77,-9,9
4881,126,118,8,8
4882,147,139,8,8
4883,67,74,-7,7
4884,58,70,-12,12
4885,146,140,6,6
4886,170,176,-6,6
4887,80,86,-6,6
4888,117,112,5,5
4889,72,75,-3,3
4890,52,65,-13,13
4891,92,96,-4,4
4892,88,85,3,3
4893,106,103,3,3
4894,93,89,4,4
4895,151,147,4,4
4896,90,86,4,4
4897,71,74,-3,3
4898,63,74,-11,11
4899,171,147,24,24
4900,83,74,9,9
4901,125,112,13,13
4902,123,108,15,15
4903,119,112,7,7
4904,100,95,5,5
4905,97,104,-7,7
4906,82,79,3,3
4907,104,106,-2,2
4908,84,84,0,0
4909,133,131,2,2
4910,66,75,-9,9
4911,328,277,51,51
4912,66,71,-5,5
4913,129,116,13,13
4914,60,65,-5,5
4915,107,118,-11,11
4916,88,83,5,5
4917,92,105,-13,13
4918,97,84,13,13
4919,95,95,0,0
4920,176,152,24,24
4921,93,95,-2,2
4922,124,124,0,0
4923,80,79,1,1
4924,117,109,8,8
4925,92,86,6,6
4926,137,115,22,22
4927,160,151,9,9
4928,114,106,8,8
4929,78,74,4,4
4930,73,79,-6,6
4931,62,65,-3,3
4932,85,89,-4,4
4933,52,67,-15,15
4934,53,67,-14,14
4935,98,80,18,18
4936,92,95,-3,3
4937,100,99,1,1
4938,114,106,8,8
4939,139,136,3,3
4940,76,80,-4,4
4941,119,111,8,8
4942,41,57,-16,16
4943,53,59,-6,6
4944,268,256,12,12
4945,66,68,-2,2
4946,130,116,14,14
4947,115,111,4,4
4948,157,156,1,1
4949,50,64,-14,14
4950,75,79,-4,4
4951,79,77,2,2
4952,85,85,0,0
4953,42,72,-30,30
4954,85,83,2,2
4955,95,96,-1,1
4956,72,84,-12,12
4957,90,97,-7,7
4958,81,81,0,0
4959,109,109,0,0
4960,146,149,-3,3
4961,131,116,15,15
4962,138,124,14,14
4963,32,51,-19,19
4964,86,86,0,0
4965,76,82,-6,6
4966,73,85,-12,12
4967,132,123,9,9
4968,136,130,6,6
4969,36,53,-17,17
4970,40,59,-19,19
4971,62,68,-6,6
4972,99,104,-5,5
4973,63,78,-15,15
4974,90,83,7,7
4975,63,80,-17,17
4976,63,72,-9,9
4977,73,85,-12,12
4978,73,79,-6,6
4979,120,124,-4,4
4980,161,148,13,13
4981,74,77,-3,3
4982,74,72,2,2
4983,49,62,-13,13
4984,157,138,19,19
4985,123,114,9,9
4986,91,85,6,6
4987,115,100,15,15
4988,85,86,-1,1
4989,66,74,-8,8
4990,102,99,3,3
4991,98,96,2,2
4992,100,93,7,7
4993,105,120,-15,15
4994,84,96,-12,12
4995,95,88,7,7
4996,108,97,11,11
4997,62,64,-2,2
4998,116,111,5,5
4999,79,75,4,4
5000,73,73,0,0
5001,50,65,-15,15
5002,97,93,4,4
5003,145,127,18,18
5004,152,132,20,20
5005,134,122,12,12
5006,110,99,11,11
5007,114,107,7,7
5008,72,71,1,1
5009,113,109,4,4
5010,58,74,-16,16
5011,50,56,-6,6
5012,29,43,-14,14
5013,71,73,-2,2
5014,90,95,-5,5
5015,140,129,11,11
5016,123,114,9,9
5017,131,123,8,8
5018,50,59,-9,9
5019,82,83,-1,1
5020,77,85,-8,8
5021,98,90,8,8
5022,83,76,7,7
5023,88,81,7,7
5024,122,104,18,18
5025,87,85,2,2
5026,107,104,3,3
5027,75,83,-8,8
5028,89,93,-4,4
5029,124,126,-2,2
5030,105,102,3,3
5031,62,65,-3,3
5032,125,109,16,16
5033,94,94,0,0
5034,91,96,-5,5
5035,74,88,-14,14
5036,82,95,-13,13
5037,60,66,-6,6
5038,69,74,-5,5
5039,132,120,12,12
5040,76,79,-3,3
5041,169,163,6,6
5042,101,100,1,1
5043,167,159,8,8
5044,79,83,-4,4
5045,78,90,-12,12
5046,61,67,-6,6
5047,137,119,18,18
5048,116,102,14,14
5049,77,86,-9,9
5050,76,80,-4,4
5051,157,160,-3,3
5052,90,98,-8,8
5053,79,76,3,3
5054,131,113,18,18
5055,118,110,8,8
5056,110,98,12,12
5057,151,131,20,20
5058,159,154,5,5
5059,95,98,-3,3
5060,78,79,-1,1
5061,107,111,-4,4
5062,131,122,9,9
5063,87,93,-6,6
5064,42,54,-12,12
5065,66,74,-8,8
5066,101,100,1,1
5067,140,129,11,11
5068,66,68,-2,2
5069,43,56,-13,13
5070,100,96,4,4
5071,120,101,19,19
5072,76,68,8,8
5073,121,124,-3,3
5074,78,82,-4,4
5075,121,115,6,6
5076,51,65,-14,14
5077,101,103,-2,2
5078,136,131,5,5
5079,107,112,-5,5
5080,106,103,3,3
5081,116,106,10,10
5082,89,89,0,0
5083,65,72,-7,7
5084,154,139,15,15
5085,130,115,15,15
5086,98,88,10,10
5087,75,89,-14,14
5088,81,84,-3,3
5089,82,87,-5,5
5090,86,93,-7,7
5091,93,96,-3,3
5092,73,82,-9,9
5093,76,83,-7,7
5094,166,162,4,4
5095,98,96,2,2
5096,120,104,16,16
5097,67,74,-7,7
5098,81,84,-3,3
5099,170,161,9,9
5100,40,59,-19,19
5101,101,99,2,2
5102,80,81,-1,1
5103,121,100,21,21
5104,58,63,-5,5
5105,115,103,12,12
5106,63,68,-5,5
5107,87,90,-3,3
5108,148,149,-1,1
5109,102,99,3,3
5110,79,80,-1,1
5111,118,105,13,13
5112,92,96,-4,4
5113,110,106,4,4
5114,131,125,6,6
5115,139,146,-7,7
5116,68,81,-13,13
5117,122,119,3,3
5118,140,128,12,12
5119,124,115,9,9
5120,103,93,10,10
5121,59,77,-18,18
5122,80,85,-5,5
5123,131,121,10,10
5124,104,96,8,8
5125,155,138,17,17
5126,89,91,-2,2
5127,68,85,-17,17
5128,79,83,-4,4
5129,110,104,6,6
5130,54,63,-9,9
5131,121,129,-8,8
5132,101,102,-1,1
5133,109,112,-3,3
5134,100,97,3,3
5135,132,124,8,8
5136,71,79,-8,8
5137,89,89,0,0
5138,92,93,-1,1
5139,91,88,3,3
5140,117,104,13,13
5141,100,97,3,3
5142,118,106,12,12
5143,160,132,28,28
5144,121,107,14,14
5145,88,96,-8,8
5146,152,145,7,7
5147,56,65,-9,9
5148,51,77,-26,26
5149,110,95,15,15
5150,79,82,-3,3
5151,68,80,-12,12
5152,52,63,-11,11
5153,129,129,0,0
5154,81,79,2,2
5155,39,54,-15,15
5156,55,107,-52,52
5157,53,64,-11,11
5158,92,95,-3,3
5159,72,79,-7,7
5160,103,103,0,0
5161,141,123,18,18
5162,82,87,-5,5
5163,69,75,-6,6
5164,168,157,11,11
5165,65,73,-8,8
5166,76,82,-6,6
5167,104,101,3,3
5168,89,89,0,0
5169,101,102,-1,1
5170,53,69,-16,16
5171,105,97,8,8
5172,90,84,6,6
5173,116,108,8,8
5174,137,128,9,9
5175,126,110,16,16
5176,43,52,-9,9
5177,65,77,-12,12
5178,76,80,-4,4
5179,104,98,6,6
5180,88,84,4,4
5181,75,76,-1,1
5182,82,83,-1,1
5183,40,67,-27,27
5184,77,80,-3,3
5185,66,73,-7,7
5186,154,135,19,19
5187,86,84,2,2
5188,112,115,-3,3
5189,93,96,-3,3
5190,130,142,-12,12
5191,177,162,15,15
5192,148,133,15,15
5193,80,85,-5,5
5194,58,62,-4,4
5195,115,104,11,11
5196,118,106,12,12
5197,66,67,-1,1
5198,161,150,11,11
5199,80,86,-6,6
5200,105,99,6,6
5201,56,61,-5,5
5202,66,72,-6,6
5203,93,93,0,0
5204,105,101,4,4
5205,96,93,3,3
5206,62,70,-8,8
5207,68,78,-10,10
5208,83,79,4,4
5209,110,104,6,6
5210,109,109,0,0
5211,147,131,16,16
5212,68,70,-2,2
5213,121,107,14,14
5214,128,132,-4,4
5215,136,134,2,2
5216,110,100,10,10
5217,84,80,4,4
5218,93,94,-1,1
5219,68,78,-10,10
5220,88,93,-5,5
5221,89,94,-5,5
5222,134,135,-1,1
5223,128,121,7,7
5224,79,82,-3,3
5225,66,71,-5,5
5226,58,61,-3,3
5227,58,79,-21,21
5228,69,74,-5,5
5229,56,63,-7,7
5230,85,88,-3,3
5231,73,77,-4,4
5232,97,93,4,4
5233,100,86,14,14
5234,82,74,8,8
5235,65,72,-7,7
5236,90,98,-8,8
5237,66,85,-19,19
5238,58,66,-8,8
5239,62,97,-35,35
5240,50,60,-10,10
5241,84,80,4,4
5242,82,86,-4,4
5243,147,147,0,0
5244,91,85,6,6
5245,95,92,3,3
5246,121,113,8,8
5247,56,67,-11,11
5248,54,58,-4,4
5249,103,100,3,3
5250,86,77,9,9
5251,85,80,5,5
5252,97,84,13,13
5253,92,82,10,10
5254,59,67,-8,8
5255,115,110,5,5
5256,116,110,6,6
5257,101,101,0,0
5258,120,97,23,23
5259,164,144,20,20
5260,55,58,-3,3
5261,91,95,-4,4
5262,75,83,-8,8
5263,121,119,2,2
5264,57,65,-8,8
5265,38,59,-21,21
5266,92,85,7,7
5267,67,70,-3,3
5268,120,113,7,7
5269,83,84,-1,1
5270,138,133,5,5
5271,169,152,17,17
5272,59,72,-13,13
5273,47,63,-16,16
5274,46,54,-8,8
5275,123,127,-4,4
5276,142,135,7,7
5277,80,88,-8,8
5278,31,51,-20,20
5279,128,123,5,5
5280,112,100,12,12
5281,98,102,-4,4
5282,55,65,-10,10
5283,110,98,12,12
5284,91,96,-5,5
5285,112,95,17,17
5286,115,110,5,5
5287,73,73,0,0
5288,106,101,5,5
5289,93,88,5,5
5290,166,161,5,5
5291,128,133,-5,5
5292,112,106,6,6
5293,89,85,4,4
5294,74,76,-2,2
5295,106,118,-12,12
5296,72,77,-5,5
5297,78,80,-2,2
5298,92,92,0,0
5299,140,126,14,14
5300,103,95,8,8
5301,102,110,-8,8
5302,63,79,-16,16
5303,169,156,13,13
5304,78,81,-3,3
5305,132,120,12,12
5306,50,50,0,0
5307,127,111,16,16
5308,138,110,28,28
5309,61,63,-2,2
5310,87,90,-3,3
5311,109,111,-2,2
5312,77,80,-3,3
5313,92,102,-10,10
5314,84,82,2,2
5315,140,120,20,20
5316,79,85,-6,6
5317,87,85,2,2
5318,76,79,-3,3
5319,54,60,-6,6
5320,77,89,-12,12
5321,28,67,-39,39
5322,85,73,12,12
5323,41,54,-13,13
5324,78,85,-7,7
5325,117,103,14,14
5326,99,100,-1,1
5327,130,125,5,5
5328,58,67,-9,9
5329,76,77,-1,1
5330,72,79,-7,7
5331,72,74,-2,2
5332,130,116,14,14
5333,85,91,-6,6
5334,74,81,-7,7
5335,117,106,11,11
5336,105,107,-2,2
5337,114,107,7,7
5338,94,100,-6,6
5339,127,117,10,10
5340,100,96,4,4
5341,100,100,0,0
5342,114,104,10,10
5343,137,143,-6,6
5344,141,128,13,13
5345,186,169,17,17
5346,49,60,-11,11
5347,71,76,-5,5
5348,144,139,5,5
5349,108,87,21,21
5350,102,90,12,12
5351,129,120,9,9
5352,123,112,11,11
5353,48,60,-12,12
5354,70,74,-4,4
5355,81,82,-1,1
5356,72,80,-8,8
5357,76,81,-5,5
5358,114,123,-9,9
5359,130,119,11,11
5360,113,117,-4,4
5361,57,66,-9,9
5362,77,80,-3,3
5363,117,113,4,4
5364,79,79,0,0
5365,87,94,-7,7
5366,99,98,1,1
5367,211,195,16,16
5368,92,85,7,7
5369,119,110,9,9
5370,54,66,-12,12
5371,111,100,11,11
5372,67,72,-5,5
5373,185,182,3,3
5374,68,82,-14,14
5375,190,162,28,28
5376,124,116,8,8
5377,80,90,-10,10
5378,78,77,1,1
5379,92,103,-11,11
5380,70,72,-2,2
5381,51,72,-21,21
5382,89,88,1,1
5383,82,88,-6,6
5384,83,84,-1,1
5385,204,185,19,19
5386,114,109,5,5
5387,62,68,-6,6
5388,100,90,10,10
5389,143,154,-11,11
5390,89,88,1,1
5391,123,128,-5,5
5392,150,141,9,9
5393,135,111,24,24
5394,114,114,0,0
5395,94,101,-7,7
5396,158,145,13,13
5397,58,73,-15,15
5398,94,102,-8,8
5399,59,66,-7,7
5400,81,96,-15,15
5401,70,73,-3,3
5402,79,82,-3,3
5403,49,61,-12,12
5404,85,83,2,2
5405,85,82,3,3
5406,55,62,-7,7
5407,97,98,-1,1
5408,95,95,0,0
5409,129,120,9,9
5410,53,65,-12,12
5411,109,108,1,1
5412,92,94,-2,2
5413,122,101,21,21
5414,102,101,1,1
5415,98,108,-10,10
5416,68,80,-12,12
5417,108,101,7,7
5418,92,86,6,6
5419,95,92,3,3
5420,65,70,-5,5
5421,27,41,-14,14
5422,62,71,-9,9
5423,109,102,7,7
5424,72,77,-5,5
5425,58,65,-7,7
5426,121,105,16,16
5427,101,96,5,5
5428,63,71,-8,8
5429,38,46,-8,8
5430,145,140,5,5
5431,103,103,0,0
5432,215,211,4,4
5433,122,111,11,11
5434,90,96,-6,6
5435,67,71,-4,4
5436,98,103,-5,5
5437,106,109,-3,3
5438,119,116,3,3
5439,93,93,0,0
5440,48,66,-18,18
5441,87,86,1,1
5442,108,112,-4,4
5443,72,69,3,3
5444,124,117,7,7
5445,114,111,3,3
5446,43,58,-15,15
5447,109,102,7,7
5448,99,102,-3,3
5449,116,105,11,11
5450,72,92,-20,20
5451,122,127,-5,5
5452,98,98,0,0
5453,144,149,-5,5
5454,78,74,4,4
5455,70,71,-1,1
5456,114,106,8,8
5457,137,130,7,7
5458,113,103,10,10
5459,115,100,15,15
5460,85,84,1,1
5461,63,66,-3,3
5462,114,113,1,1
5463,88,90,-2,2
5464,125,110,15,15
5465,116,113,3,3
5466,150,115,35,35
5467,78,81,-3,3
5468,75,75,0,0
5469,81,86,-5,5
5470,116,122,-6,6
5471,64,67,-3,3
5472,93,95,-2,2
5473,96,90,6,6
5474,147,142,5,5
5475,77,80,-3,3
5476,139,133,6,6
5477,64,69,-5,5
5478,82,81,1,1
5479,70,73,-3,3
5480,142,136,6,6
5481,99,93,6,6
5482,64,72,-8,8
5483,80,88,-8,8
5484,69,68,1,1
5485,64,71,-7,7
5486,99,101,-2,2
5487,120,102,18,18
5488,80,81,-1,1
5489,145,141,4,4
5490,161,153,8,8
5491,86,92,-6,6
5492,123,118,5,5
5493,91,88,3,3
5494,147,136,11,11
5495,92,88,4,4
5496,79,86,-7,7
5497,144,127,17,17
5498,72,76,-4,4
5499,91,100,-9,9
5500,162,154,8,8
5501,76,84,-8,8
5502,82,88,-6,6
5503,63,73,-10,10
5504,71,76,-5,5
5505,74,79,-5,5
5506,152,136,16,16
5507,102,101,1,1
5508,70,71,-1,1
5509,46,58,-12,12
5510,85,99,-14,14
5511,81,85,-4,4
5512,85,87,-2,2
5513,108,97,11,11
5514,124,116,8,8
5515,81,85,-4,4
5516,97,121,-24,24
5517,137,134,3,3
5518,125,117,8,8
5519,90,95,-5,5
5520,83,81,2,2
5521,89,91,-2,2
5522,124,109,15,15
5523,101,88,13,13
5524,103,102,1,1
5525,61,67,-6,6
5526,85,78,7,7
5527,102,103,-1,1
5528,83,96,-13,13
5529,91,95,-4,4
5530,131,106,25,25
5531,150,136,14,14
5532,107,103,4,4
5533,115,113,2,2
5534,126,117,9,9
5535,129,121,8,8
5536,95,91,4,4
5537,143,128,15,15
5538,115,114,1,1
5539,85,85,0,0
5540,164,151,13,13
5541,95,96,-1,1
5542,137,140,-3,3
5543,121,114,7,7
5544,83,84,-1,1
5545,115,121,-6,6
5546,154,156,-2,2
5547,115,113,2,2
5548,88,84,4,4
5549,116,114,2,2
5550,119,97,22,22
5551,30,53,-23,23
5552,100,94,6,6
5553,132,133,-1,1
5554,186,168,18,18
5555,82,86,-4,4
5556,176,139,37,37
5557,107,101,6,6
5558,89,83,6,6
5559,94,96,-2,2
5560,51,55,-4,4
5561,138,134,4,4
5562,78,82,-4,4
5563,59,68,-9,9
5564,58,64,-6,6
5565,67,71,-4,4
5566,79,77,2,2
5567,54,63,-9,9
5568,62,67,-5,5
5569,83,83,0,0
5570,75,83,-8,8
5571,115,108,7,7
5572,114,115,-1,1
5573,126,109,17,17
5574,88,100,-12,12
5575,69,70,-1,1
5576,38,61,-23,23
5577,71,73,-2,2
5578,66,68,-2,2
5579,62,69,-7,7
5580,75,73,2,2
5581,59,64,-5,5
5582,97,102,-5,5
5583,81,96,-15,15
5584,69,83,-14,14
5585,81,80,1,1
5586,101,101,0,0
5587,97,90,7,7
5588,60,75,-15,15
5589,119,109,10,10
5590,113,136,-23,23
5591,130,112,18,18
5592,61,75,-14,14
5593,166,152,14,14
5594,51,63,-12,12
5595,140,132,8,8
5596,109,111,-2,2
5597,115,115,0,0
5598,112,103,9,9
5599,89,91,-2,2
5600,65,70,-5,5
5601,97,98,-1,1
5602,81,90,-9,9
5603,59,66,-7,7
5604,52,60,-8,8
5605,74,86,-12,12
5606,76,83,-7,7
5607,111,81,30,30
5608,112,109,3,3
5609,66,73,-7,7
5610,96,95,1,1
5611,61,70,-9,9
5612,162,150,12,12
5613,120,108,12,12
5614,68,86,-18,18
5615,61,77,-16,16
5616,110,105,5,5
5617,114,118,-4,4
5618,41,54,-13,13
5619,63,62,1,1
5620,77,78,-1,1
5621,92,86,6,6
5622,80,79,1,1
5623,40,55,-15,15
5624,56,68,-12,12
5625,72,79,-7,7
5626,123,106,17,17
5627,77,80,-3,3
5628,107,107,0,0
5629,112,106,6,6
5630,72,81,-9,9
5631,99,101,-2,2
5632,118,112,6,6
5633,77,76,1,1
5634,139,129,10,10
5635,84,86,-2,2
5636,62,73,-11,11
5637,100,96,4,4
5638,80,81,-1,1
5639,91,95,-4,4
5640,113,103,10,10
5641,45,54,-9,9
5642,71,69,2,2
5643,122,105,17,17
5644,53,64,-11,11
5645,78,95,-17,17
5646,65,74,-9,9
5647,40,59,-19,19
5648,136,124,12,12
5649,120,108,12,12
5650,104,108,-4,4
5651,85,83,2,2
5652,89,86,3,3
5653,84,90,-6,6
5654,80,89,-9,9
5655,119,119,0,0
5656,105,100,5,5
5657,61,75,-14,14
5658,53,67,-14,14
5659,69,77,-8,8
5660,83,83,0,0
5661,122,103,19,19
5662,88,86,2,2
5663,88,83,5,5
5664,104,104,0,0
5665,94,91,3,3
5666,133,126,7,7
5667,53,59,-6,6
5668,73,80,-7,7
5669,92,90,2,2
5670,92,91,1,1
5671,91,88,3,3
5672,82,86,-4,4
5673,87,89,-2,2
5674,135,124,11,11
5675,126,120,6,6
5676,94,89,5,5
5677,55,65,-10,10
5678,104,96,8,8
5679,127,121,6,6
5680,135,130,5,5
5681,145,127,18,18
5682,99,102,-3,3
5683,96,99,-3,3
5684,103,93,10,10
5685,32,49,-17,17
5686,74,79,-5,5
5687,109,96,13,13
5688,59,69,-10,10
5689,101,96,5,5
5690,69,70,-1,1
5691,71,85,-14,14
5692,101,95,6,6
5693,129,128,1,1
5694,114,109,5,5
5695,73,78,-5,5
5696,179,155,24,24
5697,81,84,-3,3
5698,127,114,13,13
5699,129,125,4,4
5700,57,60,-3,3
5701,50,62,-12,12
5702,80,70,10,10
5703,116,108,8,8
5704,93,85,8,8
5705,164,133,31,31
5706,43,57,-14,14
5707,96,104,-8,8
5708,88,80,8,8
5709,66,64,2,2
5710,97,99,-2,2
5711,86,87,-1,1
5712,83,91,-8,8
5713,87,88,-1,1
5714,61,72,-11,11
5715,81,86,-5,5
5716,164,153,11,11
5717,138,126,12,12
5718,115,118,-3,3
5719,86,88,-2,2
5720,118,135,-17,17
5721,67,73,-6,6
5722,87,94,-7,7
5723,74,72,2,2
5724,51,61,-10,10
5725,67,69,-2,2
5726,84,82,2,2
5727,94,92,2,2
5728,69,74,-5,5
5729,115,114,1,1
5730,48,56,-8,8
5731,77,76,1,1
5732,81,81,0,0
5733,110,112,-2,2
5734,74,89,-15,15
5735,54,68,-14,14
5736,84,85,-1,1
5737,70,79,-9,9
5738,64,72,-8,8
5739,80,88,-8,8
5740,78,77,1,1
5741,83,93,-10,10
5742,81,80,1,1
5743,34,50,-16,16
5744,149,158,-9,9
5745,50,60,-10,10
5746,57,65,-8,8
5747,75,79,-4,4
5748,139,121,18,18
5749,48,58,-10,10
5750,61,72,-11,11
5751,96,90,6,6
5752,64,68,-4,4
5753,90,93,-3,3
5754,81,81,0,0
5755,119,124,-5,5
5756,129,122,7,7
5757,111,115,-4,4
5758,79,83,-4,4
5759,107,101,6,6
5760,77,86,-9,9
5761,67,72,-5,5
5762,103,95,8,8
5763,60,67,-7,7
5764,115,112,3,3
5765,62,64,-2,2
5766,71,80,-9,9
5767,67,82,-15,15
5768,46,57,-11,11
5769,52,63,-11,11
5770,55,63,-8,8
5771,95,90,5,5
5772,119,101,18,18
5773,156,159,-3,3
5774,89,84,5,5
5775,130,107,23,23
5776,149,138,11,11
5777,53,74,-21,21
5778,103,97,6,6
5779,181,156,25,25
5780,88,88,0,0
5781,91,88,3,3
5782,79,75,4,4
5783,64,82,-18,18
5784,85,93,-8,8
5785,45,57,-12,12
5786,72,74,-2,2
5787,118,109,9,9
5788,54,60,-6,6
5789,98,97,1,1
5790,79,85,-6,6
5791,63,69,-6,6
5792,27,46,-19,19
5793,142,134,8,8
5794,67,70,-3,3
5795,146,137,9,9
5796,80,87,-7,7
5797,68,83,-15,15
5798,92,97,-5,5
5799,48,59,-11,11
5800,117,101,16,16
5801,98,97,1,1
5802,73,78,-5,5
5803,84,84,0,0
5804,95,92,3,3
5805,120,116,4,4
5806,151,159,-8,8
5807,50,58,-8,8
5808,93,92,1,1
5809,150,145,5,5
5810,65,81,-16,16
5811,76,81,-5,5
5812,69,73,-4,4
5813,91,89,2,2
5814,81,85,-4,4
5815,92,91,1,1
5816,127,137,-10,10
5817,100,96,4,4
5818,98,99,-1,1
5819,109,102,7,7
5820,69,79,-10,10
5821,94,102,-8,8
5822,156,138,18,18
5823,82,93,-11,11
5824,62,79,-17,17
5825,56,64,-8,8
5826,44,60,-16,16
5827,134,100,34,34
5828,75,77,-2,2
5829,88,93,-5,5
5830,63,75,-12,12
5831,106,104,2,2
5832,121,106,15,15
5833,94,100,-6,6
5834,89,96,-7,7
5835,45,60,-15,15
5836,76,83,-7,7
5837,85,88,-3,3
5838,129,136,-7,7
5839,113,110,3,3
5840,127,117,10,10
5841,129,145,-16,16
5842,92,92,0,0
5843,60,63,-3,3
5844,91,81,10,10
5845,90,86,4,4
5846,143,136,7,7
5847,79,81,-2,2
5848,118,157,-39,39
5849,65,74,-9,9
5850,88,80,8,8
5851,102,102,0,0
5852,67,74,-7,7
5853,104,98,6,6
5854,164,157,7,7
5855,145,137,8,8
5856,51,56,-5,5
5857,35,50,-15,15
5858,125,118,7,7
5859,78,85,-7,7
5860,110,103,7,7
5861,133,128,5,5
5862,92,94,-2,2
5863,89,96,-7,7
5864,66,71,-5,5
5865,96,97,-1,1
5866,74,76,-2,2
5867,21,39,-18,18
5868,52,63,-11,11
5869,49,60,-11,11
5870,133,137,-4,4
5871,56,66,-10,10
5872,48,59,-11,11
5873,53,53,0,0
5874,86,90,-4,4
5875,81,95,-14,14
5876,139,137,2,2
5877,111,119,-8,8
5878,118,121,-3,3
5879,61,68,-7,7
5880,88,96,-8,8
5881,58,67,-9,9
5882,91,85,6,6
5883,110,105,5,5
5884,118,92,26,26
5885,109,98,11,11
5886,52,61,-9,9
5887,69,76,-7,7
5888,144,125,19,19
5889,87,84,3,3
5890,153,135,18,18
5891,49,65,-16,16
5892,106,107,-1,1
5893,85,85,0,0
5894,95,94,1,1
5895,99,96,3,3
5896,154,150,4,4
5897,64,82,-18,18
5898,74,77,-3,3
5899,94,89,5,5
5900,83,70,13,13
5901,66,74,-8,8
5902,48,62,-14,14
5903,87,96,-9,9
5904,28,54,-26,26
5905,63,66,-3,3
5906,117,111,6,6
5907,169,160,9,9
5908,54,61,-7,7
5909,118,114,4,4
5910,77,77,0,0
5911,87,89,-2,2
5912,259,225,34,34
5913,116,119,-3,3
5914,141,133,8,8
5915,63,78,-15,15
5916,194,170,24,24
5917,58,73,-15,15
5918,117,113,4,4
5919,101,99,2,2
5920,128,121,7,7
5921,99,88,11,11
5922,122,105,17,17
5923,146,136,10,10
5924,117,101,16,16
5925,85,88,-3,3
5926,156,146,10,10
5927,85,84,1,1
5928,149,152,-3,3
5929,62,72,-10,10
5930,133,130,3,3
5931,76,81,-5,5
5932,67,73,-6,6
5933,125,140,-15,15
5934,73,73,0,0
5935,106,93,13,13
5936,98,95,3,3
5937,113,108,5,5
5938,151,147,4,4
5939,91,88,3,3
5940,115,118,-3,3
5941,99,102,-3,3
5942,51,63,-12,12
5943,102,112,-10,10
5944,123,112,11,11
5945,71,71,0,0
5946,116,113,3,3
5947,118,111,7,7
5948,151,157,-6,6
5949,93,82,11,11
5950,77,81,-4,4
5951,52,61,-9,9
5952,88,86,2,2
5953,56,62,-6,6
5954,152,160,-8,8
5955,129,129,0,0
5956,75,85,-10,10
5957,98,97,1,1
5958,149,145,4,4
5959,73,76,-3,3
5960,96,108,-12,12
5961,145,142,3,3
5962,88,83,5,5
5963,159,140,19,19
5964,178,159,19,19
5965,81,89,-8,8
5966,142,126,16,16
5967,97,93,4,4
5968,145,140,5,5
5969,91,88,3,3
5970,85,73,12,12
5971,87,80,7,7
5972,90,81,9,9
5973,68,73,-5,5
5974,94,88,6,6
5975,101,96,5,5
5976,92,81,11,11
5977,71,79,-8,8
5978,113,106,7,7
5979,102,99,3,3
5980,114,113,1,1
5981,97,96,1,1
5982,47,64,-17,17
5983,60,67,-7,7
5984,135,127,8,8
5985,58,64,-6,6
5986,206,179,27,27
5987,68,78,-10,10
5988,42,55,-13,13
5989,73,72,1,1
5990,83,79,4,4
5991,72,72,0,0
5992,111,83,28,28
5993,58,60,-2,2
5994,130,134,-4,4
5995,111,107,4,4
5996,140,144,-4,4
5997,95,97,-2,2
5998,96,100,-4,4
5999,91,88,3,3
6000,79,81,-2,2
6001,74,76,-2,2
6002,169,148,21,21
6003,117,116,1,1
6004,78,66,12,12
6005,115,116,-1,1
6006,44,55,-11,11
6007,103,113,-10,10
6008,78,100,-22,22
6009,49,58,-9,9
6010,126,125,1,1
6011,93,85,8,8
6012,140,137,3,3
6013,85,87,-2,2
6014,116,122,-6,6
6015,83,80,3,3
6016,96,103,-7,7
6017,143,131,12,12
6018,74,80,-6,6
6019,92,96,-4,4
6020,63,63,0,0
6021,49,64,-15,15
6022,144,138,6,6
6023,54,62,-8,8
6024,116,158,-42,42
6025,66,79,-13,13
6026,56,66,-10,10
6027,56,92,-36,36
6028,107,108,-1,1
6029,140,130,10,10
6030,92,99,-7,7
6031,76,83,-7,7
6032,90,95,-5,5
6033,138,136,2,2
6034,71,73,-2,2
6035,89,101,-12,12
6036,66,66,0,0
6037,60,68,-8,8
6038,116,122,-6,6
6039,179,170,9,9
6040,90,79,11,11
6041,116,117,-1,1
6042,89,92,-3,3
6043,95,92,3,3
6044,85,82,3,3
6045,53,62,-9,9
6046,166,156,10,10
6047,43,57,-14,14
6048,119,120,-1,1
6049,105,112,-7,7
6050,121,111,10,10
6051,73,76,-3,3
6052,67,68,-1,1
6053,119,118,1,1
6054,106,103,3,3
6055,72,68,4,4
6056,75,75,0,0
6057,70,79,-9,9
6058,143,126,17,17
6059,83,81,2,2
6060,83,79,4,4
6061,46,66,-20,20
6062,47,55,-8,8
6063,119,114,5,5
6064,108,98,10,10
6065,43,65,-22,22
6066,64,65,-1,1
6067,83,86,-3,3
6068,141,129,12,12
6069,107,100,7,7
6070,35,61,-26,26
6071,119,113,6,6
6072,88,83,5,5
6073,77,84,-7,7
6074,75,77,-2,2
6075,140,131,9,9
6076,66,74,-8,8
6077,121,126,-5,5
6078,47,62,-15,15
6079,68,77,-9,9
6080,112,100,12,12
6081,178,160,18,18
6082,87,96,-9,9
6083,164,144,20,20
6084,79,84,-5,5
6085,71,74,-3,3
6086,111,125,-14,14
6087,78,85,-7,7
6088,160,164,-4,4
6089,98,97,1,1
6090,115,154,-39,39
6091,95,106,-11,11
6092,65,69,-4,4
6093,159,154,5,5
6094,85,85,0,0
6095,69,72,-3,3
6096,116,115,1,1
6097,55,65,-10,10
6098,96,96,0,0
6099,94,87,7,7
6100,72,71,1,1
6101,94,85,9,9
6102,124,128,-4,4
6103,62,69,-7,7
6104,79,75,4,4
6105,146,130,16,16
6106,42,58,-16,16
6107,85,83,2,2
6108,100,88,12,12
6109,131,110,21,21
6110,72,82,-10,10
6111,49,59,-10,10
6112,116,105,11,11
6113,102,99,3,3
6114,135,130,5,5
6115,138,130,8,8
6116,40,65,-25,25
6117,104,99,5,5
6118,99,94,5,5
6119,50,55,-5,5
6120,108,104,4,4
6121,106,103,3,3
6122,93,88,5,5
6123,155,152,3,3
6124,127,118,9,9
6125,78,82,-4,4
6126,87,91,-4,4
6127,73,77,-4,4
6128,92,94,-2,2
6129,86,86,0,0
6130,117,112,5,5
6131,65,68,-3,3
6132,44,51,-7,7
6133,142,134,8,8
6134,83,91,-8,8
6135,104,98,6,6
6136,119,101,18,18
6137,112,106,6,6
6138,96,84,12,12
6139,58,68,-10,10
6140,44,55,-11,11
6141,107,108,-1,1
6142,115,111,4,4
6143,87,94,-7,7
6144,102,99,3,3
6145,89,85,4,4
6146,119,111,8,8
6147,101,99,2,2
6148,55,62,-7,7
6149,92,85,7,7
6150,108,99,9,9
6151,57,62,-5,5
6152,119,109,10,10
6153,133,125,8,8
6154,80,85,-5,5
6155,66,73,-7,7
6156,114,104,10,10
6157,111,112,-1,1
6158,140,127,13,13
6159,108,90,18,18
6160,89,97,-8,8
6161,88,82,6,6
6162,76,85,-9,9
6163,80,83,-3,3
6164,98,87,11,11
6165,73,75,-2,2
6166,136,127,9,9
6167,50,58,-8,8
6168,88,99,-11,11
6169,69,76,-7,7
6170,151,141,10,10
6171,66,67,-1,1
6172,73,74,-1,1
6173,65,70,-5,5
6174,72,82,-10,10
6175,52,61,-9,9
6176,108,96,12,12
6177,86,85,1,1
6178,34,57,-23,23
6179,183,178,5,5
6180,54,58,-4,4
6181,122,124,-2,2
6182,64,72,-8,8
6183,75,80,-5,5
6184,105,96,9,9
6185,65,74,-9,9
6186,84,94,-10,10
6187,101,99,2,2
6188,117,107,10,10
6189,148,143,5,5
6190,66,71,-5,5
6191,106,107,-1,1
6192,147,125,22,22
6193,108,110,-2,2
6194,133,104,29,29
6195,42,56,-14,14
6196,67,68,-1,1
6197,117,105,12,12
6198,127,129,-2,2
6199,84,84,0,0
6200,72,73,-1,1
6201,77,76,1,1
6202,83,80,3,3
6203,77,88,-11,11
6204,133,126,7,7
6205,61,73,-12,12
6206,75,85,-10,10
6207,81,80,1,1
6208,95,93,2,2
6209,115,110,5,5
6210,106,97,9,9
6211,85,80,5,5
6212,89,87,2,2
6213,103,102,1,1
6214,78,78,0,0
6215,83,83,0,0
6216,128,110,18,18
6217,64,73,-9,9
6218,87,86,1,1
6219,108,96,12,12
6220,108,104,4,4
6221,77,78,-1,1
6222,65,79,-14,14
6223,56,64,-8,8
6224,69,67,2,2
6225,83,87,-4,4
6226,93,99,-6,6
6227,85,87,-2,2
6228,177,169,8,8
6229,52,61,-9,9
6230,35,50,-15,15
6231,128,112,16,16
6232,98,96,2,2
6233,83,83,0,0
6234,67,71,-4,4
6235,102,100,2,2
6236,115,112,3,3
6237,103,96,7,7
6238,99,100,-1,1
6239,100,98,2,2
6240,148,126,22,22
6241,67,72,-5,5
6242,131,125,6,6
6243,76,79,-3,3
6244,91,90,1,1
6245,110,92,18,18
6246,133,131,2,2
6247,77,101,-24,24
6248,151,145,6,6
6249,130,133,-3,3
6250,80,84,-4,4
6251,86,88,-2,2
6252,117,123,-6,6
6253,72,74,-2,2
6254,104,105,-1,1
6255,108,99,9,9
6256,103,105,-2,2
6257,57,67,-10,10
6258,30,48,-18,18
6259,70,76,-6,6
6260,93,104,-11,11
6261,75,75,0,0
6262,46,58,-12,12
6263,169,132,37,37
6264,88,87,1,1
6265,71,79,-8,8
6266,97,101,-4,4
6267,133,119,14,14
6268,77,84,-7,7
6269,93,95,-2,2
6270,52,71,-19,19
6271,124,132,-8,8
6272,60,90,-30,30
6273,53,67,-14,14
6274,98,95,3,3
6275,105,90,15,15
6276,92,86,6,6
6277,106,99,7,7
6278,55,62,-7,7
6279,94,97,-3,3
6280,94,84,10,10
6281,67,75,-8,8
6282,109,99,10,10
6283,61,71,-10,10
6284,49,64,-15,15
6285,99,92,7,7
6286,109,99,10,10
6287,73,75,-2,2
6288,107,102,5,5
6289,82,83,-1,1
6290,122,118,4,4
6291,50,57,-7,7
6292,102,95,7,7
6293,99,95,4,4
6294,40,51,-11,11
6295,61,65,-4,4
6296,94,96,-2,2
6297,55,66,-11,11
6298,66,71,-5,5
6299,58,72,-14,14
6300,139,145,-6,6
6301,104,90,14,14
6302,74,75,-1,1
6303,77,75,2,2
6304,77,77,0,0
6305,91,89,2,2
6306,74,75,-1,1
6307,63,69,-6,6
6308,56,64,-8,8
6309,103,108,-5,5
6310,83,86,-3,3
6311,69,80,-11,11
6312,165,149,16,16
6313,109,107,2,2
6314,93,83,10,10
6315,123,117,6,6
6316,142,135,7,7
6317,71,73,-2,2
6318,102,100,2,2
6319,81,82,-1,1
6320,178,150,28,28
6321,75,75,0,0
6322,68,76,-8,8
6323,135,123,12,12
6324,103,103,0,0
6325,108,109,-1,1
6326,62,80,-18,18
6327,95,100,-5,5
6328,114,101,13,13
6329,120,115,5,5
6330,124,126,-2,2
6331,90,93,-3,3
6332,29,49,-20,20
6333,69,77,-8,8
6334,61,76,-15,15
6335,85,84,1,1
6336,83,90,-7,7
6337,122,108,14,14
6338,148,136,12,12
6339,108,99,9,9
6340,96,98,-2,2
6341,75,82,-7,7
6342,101,108,-7,7
6343,81,80,1,1
6344,98,101,-3,3
6345,95,92,3,3
6346,100,98,2,2
6347,96,101,-5,5
6348,161,167,-6,6
6349,84,85,-1,1
6350,55,64,-9,9
6351,59,72,-13,13
6352,124,120,4,4
6353,137,131,6,6
6354,118,109,9,9
6355,144,122,22,22
6356,182,168,14,14
6357,126,116,10,10
6358,127,114,13,13
6359,111,106,5,5
6360,92,93,-1,1
6361,106,100,6,6
6362,74,81,-7,7
6363,68,85,-17,17
6364,108,111,-3,3
6365,95,88,7,7
6366,103,102,1,1
6367,81,85,-4,4
6368,86,88,-2,2
6369,170,151,19,19
6370,50,62,-12,12
6371,51,64,-13,13
6372,94,87,7,7
6373,146,153,-7,7
6374,74,79,-5,5
6375,100,91,9,9
6376,128,113,15,15
6377,74,72,2,2
6378,108,104,4,4
6379,77,83,-6,6
6380,63,74,-11,11
6381,50,56,-6,6
6382,109,101,8,8
6383,52,62,-10,10
6384,68,81,-13,13
6385,90,95,-5,5
6386,80,86,-6,6
6387,55,72,-17,17
6388,103,95,8,8
6389,84,86,-2,2
6390,90,83,7,7
6391,66,79,-13,13
6392,167,157,10,10
6393,82,85,-3,3
6394,73,75,-2,2
6395,86,91,-5,5
6396,71,79,-8,8
6397,80,85,-5,5
6398,92,95,-3,3
6399,117,104,13,13
6400,51,57,-6,6
6401,94,97,-3,3
6402,84,85,-1,1
6403,135,133,2,2
6404,66,77,-11,11
6405,151,144,7,7
6406,92,95,-3,3
6407,102,99,3,3
6408,116,102,14,14
6409,50,68,-18,18
6410,88,90,-2,2
6411,119,114,5,5
6412,107,108,-1,1
6413,93,100,-7,7
6414,142,130,12,12
6415,52,61,-9,9
6416,115,113,2,2
6417,52,61,-9,9
6418,56,62,-6,6
6419,152,129,23,23
6420,83,78,5,5
6421,62,68,-6,6
6422,64,79,-15,15
6423,119,107,12,12
6424,157,132,25,25
6425,51,65,-14,14
6426,118,116,2,2
6427,58,73,-15,15
6428,94,90,4,4
6429,45,58,-13,13
6430,120,106,14,14
6431,88,88,0,0
6432,84,92,-8,8
6433,131,128,3,3
6434,98,94,4,4
6435,50,60,-10,10
6436,88,85,3,3
6437,101,108,-7,7
6438,78,77,1,1
6439,40,69,-29,29
6440,103,107,-4,4
6441,96,88,8,8
6442,83,84,-1,1
6443,93,92,1,1
6444,82,78,4,4
6445,103,98,5,5
6446,41,68,-27,27
6447,39,57,-18,18
6448,60,61,-1,1
6449,137,126,11,11
6450,46,55,-9,9
6451,51,63,-12,12
6452,82,86,-4,4
6453,131,115,16,16
6454,66,78,-12,12
6455,76,74,2,2
6456,204,184,20,20
6457,106,103,3,3
6458,72,72,0,0
6459,145,140,5,5
6460,80,81,-1,1
6461,89,95,-6,6
6462,148,144,4,4
6463,141,120,21,21
6464,59,69,-10,10
6465,51,55,-4,4
6466,88,86,2,2
6467,77,81,-4,4
6468,103,108,-5,5
6469,94,86,8,8
6470,92,85,7,7
6471,82,79,3,3
6472,89,97,-8,8
6473,72,79,-7,7
6474,135,123,12,12
6475,135,120,15,15
6476,85,85,0,0
6477,63,72,-9,9
6478,173,160,13,13
6479,108,104,4,4
6480,141,120,21,21
6481,85,89,-4,4
6482,144,136,8,8
6483,66,71,-5,5
6484,86,89,-3,3
6485,84,80,4,4
6486,107,96,11,11
6487,60,67,-7,7
6488,62,74,-12,12
6489,174,169,5,5
6490,68,68,0,0
6491,74,81,-7,7
6492,67,72,-5,5
6493,72,70,2,2
6494,117,108,9,9
6495,93,114,-21,21
6496,69,81,-12,12
6497,75,81,-6,6
6498,84,84,0,0
6499,101,101,0,0
6500,78,80,-2,2
6501,202,186,16,16
6502,97,107,-10,10
6503,79,82,-3,3
6504,97,103,-6,6
6505,60,73,-13,13
6506,58,62,-4,4
6507,113,119,-6,6
6508,63,70,-7,7
6509,79,83,-4,4
6510,94,95,-1,1
6511,129,124,5,5
6512,142,136,6,6
6513,96,95,1,1
6514,83,78,5,5
6515,137,125,12,12
6516,99,94,5,5
6517,92,95,-3,3
6518,92,101,-9,9
6519,69,72,-3,3
6520,126,137,-11,11
6521,148,151,-3,3
6522,90,92,-2,2
6523,94,87,7,7
6524,111,106,5,5
6525,86,95,-9,9
6526,49,62,-13,13
6527,124,113,11,11
6528,107,106,1,1
6529,129,120,9,9
6530,58,61,-3,3
6531,70,74,-4,4
6532,70,80,-10,10
6533,91,85,6,6
6534,86,79,7,7
6535,102,101,1,1
6536,83,86,-3,3
6537,119,116,3,3
6538,76,80,-4,4
6539,49,57,-8,8
6540,94,82,12,12
6541,124,104,20,20
6542,65,70,-5,5
6543,96,105,-9,9
6544,170,161,9,9
6545,68,78,-10,10
6546,28,45,-17,17
6547,135,133,2,2
6548,151,129,22,22
6549,80,87,-7,7
6550,79,95,-16,16
6551,68,83,-15,15
6552,118,102,16,16
6553,73,76,-3,3
6554,104,113,-9,9
6555,147,129,18,18
6556,91,105,-14,14
6557,147,125,22,22
6558,55,68,-13,13
6559,66,72,-6,6
6560,121,111,10,10
6561,70,77,-7,7
6562,107,102,5,5
6563,153,145,8,8
6564,124,123,1,1
6565,59,74,-15,15
6566,90,86,4,4
6567,57,73,-16,16
6568,129,112,17,17
6569,98,101,-3,3
6570,152,136,16,16
6571,55,67,-12,12
6572,93,72,21,21
6573,61,66,-5,5
6574,135,124,11,11
6575,72,72,0,0
6576,105,107,-2,2
6577,65,94,-29,29
6578,91,88,3,3
6579,117,106,11,11
6580,85,90,-5,5
6581,125,113,12,12
6582,57,73,-16,16
6583,151,135,16,16
6584,68,78,-10,10
6585,104,109,-5,5
6586,53,65,-12,12
6587,88,88,0,0
6588,91,87,4,4
6589,184,149,35,35
6590,99,95,4,4
6591,189,163,26,26
6592,186,164,22,22
6593,125,111,14,14
6594,62,77,-15,15
6595,103,101,2,2
6596,183,175,8,8
6597,62,63,-1,1
6598,66,71,-5,5
6599,73,74,-1,1
6600,114,108,6,6
6601,123,124,-1,1
6602,108,93,15,15
6603,115,105,10,10
6604,124,115,9,9
6605,66,81,-15,15
6606,104,86,18,18
6607,75,79,-4,4
6608,108,109,-1,1
6609,81,83,-2,2
6610,82,75,7,7
6611,80,77,3,3
6612,30,50,-20,20
6613,90,87,3,3
6614,62,68,-6,6
6615,86,83,3,3
6616,56,63,-7,7
6617,95,98,-3,3
6618,100,100,0,0
6619,102,98,4,4
6620,102,101,1,1
6621,59,63,-4,4
6622,152,132,20,20
6623,163,158,5,5
6624,143,133,10,10
6625,162,150,12,12
6626,84,87,-3,3
6627,78,84,-6,6
6628,92,97,-5,5
6629,79,84,-5,5
6630,78,78,0,0
6631,120,105,15,15
6632,99,95,4,4
6633,103,93,10,10
6634,76,83,-7,7
6635,80,80,0,0
6636,66,71,-5,5
6637,128,121,7,7
6638,85,77,8,8
6639,100,101,-1,1
6640,46,63,-17,17
6641,125,120,5,5
6642,111,112,-1,1
6643,119,112,7,7
6644,59,68,-9,9
6645,55,63,-8,8
6646,158,149,9,9
6647,106,109,-3,3
6648,136,133,3,3
6649,108,98,10,10
6650,124,115,9,9
6651,106,106,0,0
6652,92,83,9,9
6653,118,119,-1,1
6654,108,100,8,8
6655,114,105,9,9
6656,51,64,-13,13
6657,85,83,2,2
6658,61,88,-27,27
6659,74,77,-3,3
6660,67,73,-6,6
6661,108,101,7,7
6662,132,124,8,8
6663,78,75,3,3
6664,102,107,-5,5
6665,175,145,30,30
6666,140,131,9,9
6667,93,87,6,6
6668,75,84,-9,9
6669,98,96,2,2
6670,98,87,11,11
6671,119,105,14,14
6672,121,143,-22,22
6673,94,96,-2,2
6674,117,102,15,15
6675,108,108,0,0
6676,87,103,-16,16
6677,100,96,4,4
6678,88,84,4,4
6679,86,75,11,11
6680,65,72,-7,7
6681,81,83,-2,2
6682,89,90,-1,1
6683,114,104,10,10
6684,108,103,5,5
6685,95,86,9,9
6686,100,98,2,2
6687,98,97,1,1
6688,88,87,1,1
6689,95,97,-2,2
6690,92,93,-1,1
6691,161,149,12,12
6692,57,62,-5,5
6693,89,91,-2,2
6694,67,62,5,5
6695,101,101,0,0
6696,102,104,-2,2
6697,84,86,-2,2
6698,64,69,-5,5
6699,127,125,2,2
6700,97,97,0,0
6701,101,100,1,1
6702,65,74,-9,9
6703,89,85,4,4
6704,70,74,-4,4
6705,67,78,-11,11
6706,169,157,12,12
6707,59,76,-17,17
6708,163,145,18,18
6709,38,54,-16,16
6710,117,109,8,8
6711,53,63,-10,10
6712,52,61,-9,9
6713,120,116,4,4
6714,80,76,4,4
6715,52,66,-14,14
6716,127,140,-13,13
6717,87,94,-7,7
6718,54,90,-36,36
6719,66,67,-1,1
6720,98,92,6,6
6721,112,111,1,1
6722,56,64,-8,8
6723,114,108,6,6
6724,90,87,3,3
6725,87,88,-1,1
6726,58,70,-12,12
6727,118,112,6,6
6728,96,97,-1,1
6729,102,109,-7,7
6730,84,90,-6,6
6731,111,105,6,6
6732,62,72,-10,10
6733,73,76,-3,3
6734,69,74,-5,5
6735,133,124,9,9
6736,87,83,4,4
6737,64,68,-4,4
6738,85,87,-2,2
6739,103,96,7,7
6740,86,84,2,2
6741,68,75,-7,7
6742,145,142,3,3
6743,74,72,2,2
6744,91,97,-6,6
6745,102,95,7,7
6746,128,121,7,7
6747,104,106,-2,2
6748,110,115,-5,5
6749,56,62,-6,6
6750,83,86,-3,3
6751,109,110,-1,1
6752,77,77,0,0
6753,164,140,24,24
6754,137,131,6,6
6755,134,120,14,14
6756,172,161,11,11
6757,116,108,8,8
6758,80,82,-2,2
6759,50,63,-13,13
6760,168,148,20,20
6761,68,77,-9,9
6762,88,92,-4,4
6763,48,57,-9,9
6764,60,66,-6,6
6765,135,133,2,2
6766,75,69,6,6
6767,187,172,15,15
6768,78,77,1,1
6769,117,98,19,19
6770,109,112,-3,3
6771,79,75,4,4
6772,80,82,-2,2
6773,72,78,-6,6
6774,105,103,2,2
6775,130,133,-3,3
6776,108,111,-3,3
6777,39,57,-18,18
6778,94,98,-4,4
6779,76,84,-8,8
6780,84,87,-3,3
6781,110,117,-7,7
6782,79,81,-2,2
6783,129,108,21,21
6784,66,72,-6,6
6785,73,79,-6,6
6786,90,85,5,5
6787,69,77,-8,8
6788,76,71,5,5
6789,96,109,-13,13
6790,113,107,6,6
6791,118,113,5,5
6792,78,79,-1,1
6793,92,87,5,5
6794,96,89,7,7
6795,111,114,-3,3
6796,143,149,-6,6
6797,101,98,3,3
6798,99,101,-2,2
6799,110,118,-8,8
6800,105,108,-3,3
6801,79,83,-4,4
6802,80,93,-13,13
6803,54,60,-6,6
6804,86,84,2,2
6805,66,78,-12,12
6806,96,92,4,4
6807,151,146,5,5
6808,78,99,-21,21
6809,82,92,-10,10
6810,93,89,4,4
6811,57,72,-15,15
6812,129,116,13,13
6813,89,87,2,2
6814,83,83,0,0
6815,72,83,-11,11
6816,85,86,-1,1
6817,58,68,-10,10
6818,69,74,-5,5
6819,69,83,-14,14
6820,55,60,-5,5
6821,114,103,11,11
6822,145,125,20,20
6823,81,90,-9,9
6824,41,60,-19,19
6825,88,101,-13,13
6826,108,109,-1,1
6827,104,100,4,4
6828,74,71,3,3
6829,111,104,7,7
6830,74,77,-3,3
6831,82,81,1,1
6832,129,119,10,10
6833,75,82,-7,7
6834,137,123,14,14
6835,135,126,9,9
6836,93,84,9,9
6837,73,87,-14,14
6838,125,121,4,4
6839,110,118,-8,8
6840,147,155,-8,8
6841,86,91,-5,5
6842,96,91,5,5
6843,104,99,5,5
6844,110,110,0,0
6845,80,83,-3,3
6846,66,78,-12,12
6847,168,160,8,8
6848,123,131,-8,8
6849,138,136,2,2
6850,66,73,-7,7
6851,66,70,-4,4
6852,143,126,17,17
6853,88,80,8,8
6854,76,86,-10,10
6855,143,144,-1,1
6856,108,99,9,9
6857,74,76,-2,2
6858,76,78,-2,2
6859,59,68,-9,9
6860,87,85,2,2
6861,113,105,8,8
6862,57,66,-9,9
6863,56,72,-16,16
6864,102,94,8,8
6865,74,81,-7,7
6866,89,93,-4,4
6867,75,84,-9,9
6868,128,126,2,2
6869,106,108,-2,2
6870,92,85,7,7
6871,138,135,3,3
6872,75,74,1,1
6873,103,100,3,3
6874,120,106,14,14
6875,136,121,15,15
6876,72,79,-7,7
6877,128,132,-4,4
6878,128,124,4,4
6879,150,143,7,7
6880,86,84,2,2
6881,85,85,0,0
6882,62,69,-7,7
6883,76,81,-5,5
6884,123,117,6,6
6885,64,72,-8,8
6886,116,114,2,2
6887,62,71,-9,9
6888,81,81,0,0
6889,118,107,11,11
6890,117,113,4,4
6891,123,109,14,14
6892,144,127,17,17
6893,109,103,6,6
6894,79,81,-2,2
6895,97,101,-4,4
6896,87,85,2,2
6897,55,64,-9,9
6898,65,72,-7,7
6899,103,100,3,3
6900,90,82,8,8
6901,87,83,4,4
6902,43,57,-14,14
6903,92,90,2,2
6904,147,146,1,1
6905,106,99,7,7
6906,68,79,-11,11
6907,71,69,2,2
6908,97,97,0,0
6909,93,95,-2,2
6910,69,87,-18,18
6911,92,97,-5,5
6912,77,85,-8,8
6913,132,126,6,6
6914,87,88,-1,1
6915,118,107,11,11
6916,58,67,-9,9
6917,43,48,-5,5
6918,80,86,-6,6
6919,118,108,10,10
6920,107,117,-10,10
6921,132,126,6,6
6922,86,92,-6,6
6923,114,105,9,9
6924,85,83,2,2
6925,66,74,-8,8
6926,65,69,-4,4
6927,84,86,-2,2
6928,122,115,7,7
6929,74,81,-7,7
6930,154,157,-3,3
6931,93,91,2,2
6932,40,71,-31,31
6933,88,83,5,5
6934,84,87,-3,3
6935,67,74,-7,7
6936,113,114,-1,1
6937,110,109,1,1
6938,217,188,29,29
6939,99,102,-3,3
6940,107,109,-2,2
6941,120,116,4,4
6942,116,105,11,11
6943,70,84,-14,14
6944,86,84,2,2
6945,89,95,-6,6
6946,75,76,-1,1
6947,72,75,-3,3
6948,75,79,-4,4
6949,55,71,-16,16
6950,196,191,5,5
6951,114,105,9,9
6952,142,92,50,50
6953,76,82,-6,6
6954,71,71,0,0
6955,80,87,-7,7
6956,81,81,0,0
6957,106,99,7,7
6958,126,115,11,11
6959,114,112,2,2
6960,90,90,0,0
6961,134,124,10,10
6962,112,108,4,4
6963,86,87,-1,1
6964,109,112,-3,3
6965,98,105,-7,7
6966,123,121,2,2
6967,48,55,-7,7
6968,89,89,0,0
6969,141,137,4,4
6970,122,116,6,6
6971,65,71,-6,6
6972,163,151,12,12
6973,106,98,8,8
6974,145,140,5,5
6975,65,68,-3,3
6976,111,95,16,16
6977,110,110,0,0
6978,40,53,-13,13
6979,77,80,-3,3
6980,81,81,0,0
6981,136,127,9,9
6982,124,128,-4,4
6983,107,107,0,0
6984,83,85,-2,2
6985,137,128,9,9
6986,93,94,-1,1
6987,95,93,2,2
6988,82,95,-13,13
6989,91,92,-1,1
6990,139,119,20,20
6991,49,58,-9,9
6992,36,49,-13,13
6993,76,71,5,5
6994,57,70,-13,13
6995,128,130,-2,2
6996,77,95,-18,18
6997,86,88,-2,2
6998,144,138,6,6
6999,72,78,-6,6
7000,48,61,-13,13
7001,86,82,4,4
7002,96,89,7,7
7003,67,73,-6,6
7004,65,74,-9,9
7005,132,113,19,19
7006,128,119,9,9
7007,115,106,9,9
7008,109,107,2,2
7009,63,69,-6,6
7010,55,69,-14,14
7011,119,101,18,18
7012,70,69,1,1
7013,125,115,10,10
7014,146,130,16,16
7015,84,85,-1,1
7016,120,121,-1,1
7017,83,88,-5,5
7018,68,70,-2,2
7019,106,99,7,7
7020,147,121,26,26
7021,81,83,-2,2
7022,87,92,-5,5
7023,86,85,1,1
7024,67,79,-12,12
7025,100,93,7,7
7026,81,84,-3,3
7027,70,82,-12,12
7028,94,88,6,6
7029,123,108,15,15
7030,121,114,7,7
7031,71,80,-9,9
7032,73,75,-2,2
7033,79,81,-2,2
7034,98,101,-3,3
7035,147,114,33,33
7036,86,83,3,3
7037,83,80,3,3
7038,117,106,11,11
7039,93,96,-3,3
7040,44,58,-14,14
7041,68,79,-11,11
7042,74,79,-5,5
7043,76,96,-20,20
7044,96,89,7,7
7045,80,72,8,8
7046,73,84,-11,11
7047,93,86,7,7
7048,48,61,-13,13
7049,85,86,-1,1
7050,140,134,6,6
7051,81,84,-3,3
7052,57,64,-7,7
7053,93,88,5,5
7054,119,118,1,1
7055,129,132,-3,3
7056,88,85,3,3
7057,101,96,5,5
7058,91,91,0,0
7059,59,64,-5,5
7060,109,116,-7,7
7061,89,84,5,5
7062,101,87,14,14
7063,116,104,12,12
7064,86,86,0,0
7065,113,107,6,6
7066,101,94,7,7
7067,110,110,0,0
7068,115,137,-22,22
7069,137,140,-3,3
7070,64,78,-14,14
7071,133,119,14,14
7072,80,86,-6,6
7073,61,65,-4,4
7074,116,118,-2,2
7075,154,144,10,10
7076,69,73,-4,4
7077,123,118,5,5
7078,63,71,-8,8
7079,99,115,-16,16
7080,52,60,-8,8
7081,86,86,0,0
7082,79,80,-1,1
7083,97,102,-5,5
7084,68,76,-8,8
7085,79,85,-6,6
7086,82,77,5,5
7087,66,65,1,1
7088,28,37,-9,9
7089,54,72,-18,18
7090,76,78,-2,2
7091,74,85,-11,11
7092,97,97,0,0
7093,82,81,1,1
7094,103,100,3,3
7095,61,65,-4,4
7096,69,68,1,1
7097,60,72,-12,12
7098,61,90,-29,29
7099,100,104,-4,4
7100,100,100,0,0
7101,129,115,14,14
7102,184,162,22,22
7103,119,118,1,1
7104,91,85,6,6
7105,99,105,-6,6
7106,100,99,1,1
7107,58,69,-11,11
7108,70,75,-5,5
7109,76,87,-11,11
7110,77,78,-1,1
7111,70,70,0,0
7112,116,107,9,9
7113,149,138,11,11
7114,124,122,2,2
7115,139,112,27,27
7116,142,146,-4,4
7117,77,84,-7,7
7118,96,88,8,8
7119,215,182,33,33
7120,70,75,-5,5
7121,118,115,3,3
7122,89,91,-2,2
7123,106,97,9,9
7124,117,112,5,5
7125,60,69,-9,9
7126,67,75,-8,8
7127,149,148,1,1
7128,364,381,-17,17
7129,110,103,7,7
7130,106,96,10,10
7131,161,159,2,2
7132,119,128,-9,9
7133,113,139,-26,26
7134,100,101,-1,1
7135,51,65,-14,14
7136,121,113,8,8
7137,108,104,4,4
7138,107,102,5,5
7139,62,69,-7,7
7140,84,86,-2,2
7141,93,84,9,9
7142,143,136,7,7
7143,136,126,10,10
7144,53,69,-16,16
7145,97,100,-3,3
7146,139,140,-1,1
7147,126,128,-2,2
7148,46,64,-18,18
7149,172,166,6,6
7150,101,98,3,3
7151,89,91,-2,2
7152,118,107,11,11
7153,71,75,-4,4
7154,120,120,0,0
7155,77,81,-4,4
7156,145,127,18,18
7157,45,53,-8,8
7158,80,80,0,0
7159,58,71,-13,13
7160,117,105,12,12
7161,91,90,1,1
7162,192,175,17,17
7163,68,70,-2,2
7164,71,69,2,2
7165,82,82,0,0
7166,84,84,0,0
7167,70,81,-11,11
7168,47,66,-19,19
7169,95,90,5,5
7170,59,68,-9,9
7171,154,137,17,17
7172,131,122,9,9
7173,98,100,-2,2
7174,38,55,-17,17
7175,86,91,-5,5
7176,55,63,-8,8
7177,40,51,-11,11
7178,119,113,6,6
7179,247,216,31,31
7180,96,100,-4,4
7181,69,77,-8,8
7182,87,94,-7,7
7183,93,98,-5,5
7184,84,83,1,1
7185,127,128,-1,1
7186,106,100,6,6
7187,62,69,-7,7
7188,84,88,-4,4
7189,48,61,-13,13
7190,116,121,-5,5
7191,83,82,1,1
7192,123,124,-1,1
7193,97,90,7,7
7194,119,104,15,15
7195,113,112,1,1
7196,70,77,-7,7
7197,123,125,-2,2
7198,86,84,2,2
7199,49,61,-12,12
7200,113,107,6,6
7201,100,98,2,2
7202,131,127,4,4
7203,93,95,-2,2
7204,92,84,8,8
7205,73,76,-3,3
7206,61,68,-7,7
7207,72,71,1,1
7208,91,89,2,2
7209,86,87,-1,1
7210,82,82,0,0
7211,179,170,9,9
7212,121,107,14,14
7213,58,67,-9,9
7214,83,77,6,6
7215,100,85,15,15
7216,84,83,1,1
7217,76,78,-2,2
7218,83,78,5,5
7219,81,82,-1,1
7220,119,116,3,3
7221,160,143,17,17
7222,97,99,-2,2
7223,143,151,-8,8
7224,49,50,-1,1
7225,188,167,21,21
7226,79,81,-2,2
7227,62,69,-7,7
7228,71,70,1,1
7229,114,121,-7,7
7230,167,165,2,2
7231,100,90,10,10
7232,90,83,7,7
7233,106,106,0,0
7234,129,128,1,1
7235,81,80,1,1
7236,52,62,-10,10
7237,86,85,1,1
7238,92,105,-13,13
7239,59,72,-13,13
7240,98,102,-4,4
7241,94,91,3,3
7242,173,163,10,10
7243,82,90,-8,8
7244,121,115,6,6
7245,84,80,4,4
7246,44,53,-9,9
7247,88,98,-10,10
7248,91,86,5,5
7249,97,92,5,5
7250,46,55,-9,9
7251,114,107,7,7
7252,108,100,8,8
7253,66,71,-5,5
7254,71,74,-3,3
7255,76,78,-2,2
7256,159,151,8,8
7257,39,37,2,2
7258,47,62,-15,15
7259,142,123,19,19
7260,124,129,-5,5
7261,109,106,3,3
7262,110,111,-1,1
7263,59,63,-4,4
7264,107,97,10,10
7265,59,65,-6,6
7266,93,94,-1,1
7267,96,98,-2,2
7268,40,60,-20,20
7269,124,121,3,3
7270,90,80,10,10
7271,52,62,-10,10
7272,95,88,7,7
7273,81,84,-3,3
7274,171,153,18,18
7275,78,71,7,7
7276,97,85,12,12
7277,82,89,-7,7
7278,93,88,5,5
7279,106,107,-1,1
7280,129,116,13,13
7281,110,115,-5,5
7282,28,62,-34,34
7283,152,150,2,2
7284,113,98,15,15
7285,62,66,-4,4
7286,51,60,-9,9
7287,167,169,-2,2
7288,60,62,-2,2
7289,176,161,15,15
7290,139,134,5,5
7291,193,181,12,12
7292,78,83,-5,5
7293,76,76,0,0
7294,80,77,3,3
7295,86,102,-16,16
7296,102,93,9,9
7297,51,58,-7,7
7298,32,46,-14,14
7299,133,112,21,21
7300,160,142,18,18
7301,75,79,-4,4
7302,84,80,4,4
7303,85,86,-1,1
7304,89,93,-4,4
7305,69,70,-1,1
7306,113,111,2,2
7307,69,71,-2,2
7308,76,83,-7,7
7309,56,80,-24,24
7310,86,79,7,7
7311,92,97,-5,5
7312,54,64,-10,10
7313,100,91,9,9
7314,37,50,-13,13
7315,140,133,7,7
7316,57,75,-18,18
7317,83,87,-4,4
7318,75,70,5,5
7319,59,67,-8,8
7320,99,115,-16,16
7321,108,100,8,8
7322,93,97,-4,4
7323,78,86,-8,8
7324,166,160,6,6
7325,81,85,-4,4
7326,80,82,-2,2
7327,166,142,24,24
7328,56,65,-9,9
7329,108,109,-1,1
7330,88,87,1,1
7331,124,129,-5,5
7332,71,78,-7,7
7333,111,99,12,12
7334,77,89,-12,12
7335,84,83,1,1
7336,85,84,1,1
7337,103,94,9,9
7338,67,80,-13,13
7339,128,114,14,14
7340,54,59,-5,5
7341,98,96,2,2
7342,115,128,-13,13
7343,80,79,1,1
7344,66,70,-4,4
7345,84,81,3,3
7346,179,167,12,12
7347,70,78,-8,8
7348,93,95,-2,2
7349,139,149,-10,10
7350,136,121,15,15
7351,173,165,8,8
7352,112,102,10,10
7353,76,85,-9,9
7354,112,113,-1,1
7355,118,125,-7,7
7356,109,99,10,10
7357,101,106,-5,5
7358,105,94,11,11
7359,67,73,-6,6
7360,131,119,12,12
7361,41,61,-20,20
7362,49,57,-8,8
7363,113,108,5,5
7364,137,136,1,1
7365,96,99,-3,3
7366,68,73,-5,5
7367,110,117,-7,7
7368,70,78,-8,8
7369,155,156,-1,1
7370,58,65,-7,7
7371,140,147,-7,7
7372,119,119,0,0
7373,67,74,-7,7
7374,79,84,-5,5
7375,68,71,-3,3
7376,62,67,-5,5
7377,48,60,-12,12
7378,104,105,-1,1
7379,67,78,-11,11
7380,63,72,-9,9
7381,70,73,-3,3
7382,83,87,-4,4
7383,66,69,-3,3
7384,67,81,-14,14
7385,54,61,-7,7
7386,144,144,0,0
7387,68,74,-6,6
7388,76,82,-6,6
7389,62,66,-4,4
7390,147,129,18,18
7391,80,100,-20,20
7392,53,64,-11,11
7393,73,73,0,0
7394,74,75,-1,1
7395,63,74,-11,11
7396,111,112,-1,1
7397,199,173,26,26
7398,90,91,-1,1
7399,65,71,-6,6
7400,68,69,-1,1
7401,81,83,-2,2
7402,95,91,4,4
7403,83,85,-2,2
7404,99,85,14,14
7405,64,76,-12,12
7406,70,77,-7,7
7407,62,65,-3,3
7408,60,71,-11,11
7409,84,88,-4,4
7410,63,68,-5,5
7411,91,96,-5,5
7412,53,73,-20,20
7413,114,102,12,12
7414,102,98,4,4
7415,80,69,11,11
7416,85,92,-7,7
7417,112,114,-2,2
7418,86,87,-1,1
7419,61,71,-10,10
7420,118,106,12,12
7421,108,87,21,21
7422,179,155,24,24
7423,87,87,0,0
7424,185,163,22,22
7425,91,88,3,3
7426,73,81,-8,8
7427,63,61,2,2
7428,159,137,22,22
7429,146,143,3,3
7430,75,86,-11,11
7431,73,77,-4,4
7432,107,96,11,11
7433,93,92,1,1
7434,89,96,-7,7
7435,82,98,-16,16
7436,79,78,1,1
7437,50,62,-12,12
7438,69,76,-7,7
7439,89,95,-6,6
7440,145,150,-5,5
7441,84,92,-8,8
7442,115,118,-3,3
7443,103,118,-15,15
7444,90,98,-8,8
7445,57,62,-5,5
7446,118,100,18,18
7447,99,99,0,0
7448,124,111,13,13
7449,102,108,-6,6
7450,97,94,3,3
7451,64,71,-7,7
7452,78,76,2,2
7453,121,117,4,4
7454,163,148,15,15
7455,63,65,-2,2
7456,53,66,-13,13
7457,71,76,-5,5
7458,79,84,-5,5
7459,102,101,1,1
7460,130,120,10,10
7461,114,111,3,3
7462,118,123,-5,5
7463,93,96,-3,3
7464,78,78,0,0
7465,87,91,-4,4
7466,107,98,9,9
7467,105,100,5,5
7468,135,133,2,2
7469,64,68,-4,4
7470,80,81,-1,1
7471,79,90,-11,11
7472,156,153,3,3
7473,123,123,0,0
7474,81,90,-9,9
7475,91,92,-1,1
7476,184,163,21,21
7477,62,73,-11,11
7478,76,86,-10,10
7479,112,107,5,5
7480,60,71,-11,11
7481,103,95,8,8
7482,83,85,-2,2
7483,69,73,-4,4
7484,206,191,15,15
7485,78,84,-6,6
7486,82,78,4,4
7487,81,86,-5,5
7488,39,49,-10,10
7489,109,107,2,2
7490,32,58,-26,26
7491,65,75,-10,10
7492,88,86,2,2
7493,94,97,-3,3
7494,87,95,-8,8
7495,74,74,0,0
7496,88,84,4,4
7497,103,109,-6,6
7498,72,70,2,2
7499,83,85,-2,2
7500,197,194,3,3
7501,41,53,-12,12
7502,76,78,-2,2
7503,129,109,20,20
7504,40,69,-29,29
7505,136,134,2,2
7506,62,67,-5,5
7507,66,72,-6,6
7508,106,115,-9,9
7509,62,65,-3,3
7510,109,100,9,9
7511,136,123,13,13
7512,100,96,4,4
7513,160,151,9,9
7514,105,104,1,1
7515,122,110,12,12
7516,98,100,-2,2
7517,78,76,2,2
7518,75,81,-6,6
7519,67,73,-6,6
7520,56,62,-6,6
7521,60,64,-4,4
7522,38,51,-13,13
7523,53,65,-12,12
7524,57,77,-20,20
7525,113,104,9,9
7526,83,80,3,3
7527,81,76,5,5
7528,136,135,1,1
7529,78,76,2,2
7530,89,87,2,2
7531,86,87,-1,1
7532,68,76,-8,8
7533,156,149,7,7
7534,85,84,1,1
7535,126,120,6,6
7536,57,73,-16,16
7537,114,113,1,1
7538,113,99,14,14
7539,75,83,-8,8
7540,130,119,11,11
7541,79,70,9,9
7542,112,107,5,5
7543,120,117,3,3
7544,76,81,-5,5
7545,86,82,4,4
7546,60,66,-6,6
7547,52,65,-13,13
7548,80,75,5,5
7549,136,125,11,11
7550,71,75,-4,4
7551,152,149,3,3
7552,59,70,-11,11
7553,88,82,6,6
7554,71,73,-2,2
7555,71,70,1,1
7556,88,92,-4,4
7557,44,60,-16,16
7558,95,100,-5,5
7559,99,94,5,5
7560,74,84,-10,10
7561,148,133,15,15
7562,74,74,0,0
7563,103,89,14,14
7564,70,70,0,0
7565,128,112,16,16
7566,70,80,-10,10
7567,69,80,-11,11
7568,95,82,13,13
7569,125,122,3,3
7570,87,93,-6,6
7571,130,125,5,5
7572,105,115,-10,10
7573,96,92,4,4
7574,90,92,-2,2
7575,52,61,-9,9
7576,77,91,-14,14
7577,143,137,6,6
7578,97,104,-7,7
7579,81,85,-4,4
7580,55,60,-5,5
7581,122,130,-8,8
7582,59,70,-11,11
7583,106,101,5,5
7584,146,128,18,18
7585,62,68,-6,6
7586,122,118,4,4
7587,166,151,15,15
7588,76,73,3,3
7589,82,88,-6,6
7590,114,105,9,9
7591,113,117,-4,4
7592,94,92,2,2
7593,113,114,-1,1
7594,79,84,-5,5
7595,106,102,4,4
7596,123,119,4,4
7597,118,108,10,10
7598,80,80,0,0
7599,94,92,2,2
7600,89,85,4,4
7601,64,66,-2,2
7602,113,111,2,2
7603,137,126,11,11
7604,53,102,-49,49
7605,133,129,4,4
7606,65,87,-22,22
7607,78,83,-5,5
7608,40,48,-8,8
7609,60,68,-8,8
7610,52,63,-11,11
7611,136,125,11,11
7612,155,148,7,7
7613,94,97,-3,3
7614,75,79,-4,4
7615,36,52,-16,16
7616,132,119,13,13
7617,117,110,7,7
7618,136,142,-6,6
7619,141,126,15,15
7620,65,73,-8,8
7621,96,84,12,12
7622,68,77,-9,9
7623,144,121,23,23
7624,148,140,8,8
7625,117,114,3,3
7626,60,76,-16,16
7627,98,97,1,1
7628,114,108,6,6
7629,139,121,18,18
7630,109,97,12,12
7631,69,80,-11,11
7632,105,99,6,6
7633,116,104,12,12
7634,72,75,-3,3
7635,74,79,-5,5
7636,102,104,-2,2
7637,62,61,1,1
7638,36,45,-9,9
7639,94,90,4,4
7640,78,83,-5,5
7641,150,134,16,16
7642,81,83,-2,2
7643,154,147,7,7
7644,115,116,-1,1
7645,44,63,-19,19
7646,88,91,-3,3
7647,80,79,1,1
7648,75,75,0,0
7649,58,61,-3,3
7650,124,118,6,6
7651,90,89,1,1
7652,117,106,11,11
7653,93,87,6,6
7654,133,126,7,7
7655,71,68,3,3
7656,82,85,-3,3
7657,66,72,-6,6
7658,69,75,-6,6
7659,112,104,8,8
7660,114,102,12,12
7661,81,73,8,8
7662,110,108,2,2
7663,76,74,2,2
7664,97,98,-1,1
7665,83,84,-1,1
7666,73,78,-5,5
7667,109,102,7,7
7668,67,74,-7,7
7669,101,105,-4,4
7670,74,74,0,0
7671,122,116,6,6
7672,51,68,-17,17
7673,80,93,-13,13
7674,118,112,6,6
7675,87,83,4,4
7676,84,80,4,4
7677,135,120,15,15
7678,51,98,-47,47
7679,121,102,19,19
7680,60,67,-7,7
7681,150,143,7,7
7682,41,56,-15,15
7683,55,63,-8,8
7684,149,128,21,21
7685,136,130,6,6
7686,121,102,19,19
7687,121,111,10,10
7688,50,68,-18,18
7689,61,65,-4,4
7690,129,120,9,9
7691,83,95,-12,12
7692,83,96,-13,13
7693,77,77,0,0
7694,110,100,10,10
7695,110,97,13,13
7696,108,114,-6,6
7697,95,100,-5,5
7698,91,87,4,4
7699,99,93,6,6
7700,105,103,2,2
7701,104,128,-24,24
7702,82,83,-1,1
7703,68,73,-5,5
7704,77,80,-3,3
7705,103,98,5,5
7706,87,88,-1,1
7707,55,62,-7,7
7708,94,90,4,4
7709,67,73,-6,6
7710,75,92,-17,17
7711,137,133,4,4
7712,69,74,-5,5
7713,67,72,-5,5
7714,77,93,-16,16
7715,68,74,-6,6
7716,117,113,4,4
7717,109,115,-6,6
7718,164,144,20,20
7719,102,112,-10,10
7720,77,88,-11,11
7721,71,94,-23,23
7722,71,79,-8,8
7723,146,127,19,19
7724,40,50,-10,10
7725,121,110,11,11
7726,86,79,7,7
7727,99,101,-2,2
7728,68,79,-11,11
7729,89,78,11,11
7730,71,79,-8,8
7731,72,76,-4,4
7732,49,58,-9,9
7733,155,122,33,33
7734,145,143,2,2
7735,102,105,-3,3
7736,131,125,6,6
7737,101,85,16,16
7738,61,73,-12,12
7739,108,113,-5,5
7740,62,74,-12,12
7741,93,86,7,7
7742,84,84,0,0
7743,56,95,-39,39
7744,143,131,12,12
7745,145,133,12,12
7746,103,97,6,6
7747,88,87,1,1
7748,96,93,3,3
7749,63,69,-6,6
7750,88,93,-5,5
7751,50,68,-18,18
7752,106,107,-1,1
7753,89,79,10,10
7754,101,105,-4,4
7755,134,123,11,11
7756,91,88,3,3
7757,134,136,-2,2
7758,79,87,-8,8
7759,161,146,15,15
7760,127,122,5,5
7761,88,94,-6,6
7762,61,74,-13,13
7763,60,78,-18,18
7764,102,93,9,9
7765,140,140,0,0
7766,69,76,-7,7
7767,101,110,-9,9
7768,175,165,10,10
7769,129,140,-11,11
7770,115,111,4,4
7771,88,99,-11,11
7772,79,81,-2,2
7773,102,106,-4,4
7774,43,54,-11,11
7775,97,96,1,1
7776,132,134,-2,2
7777,58,64,-6,6
7778,89,96,-7,7
7779,90,94,-4,4
7780,98,102,-4,4
7781,102,99,3,3
7782,88,91,-3,3
7783,106,100,6,6
7784,99,96,3,3
7785,151,139,12,12
7786,111,97,14,14
7787,65,69,-4,4
7788,71,74,-3,3
7789,79,96,-17,17
7790,65,70,-5,5
7791,136,121,15,15
7792,151,151,0,0
7793,108,103,5,5
7794,121,107,14,14
7795,54,68,-14,14
7796,96,100,-4,4
7797,98,90,8,8
7798,62,72,-10,10
7799,78,83,-5,5
7800,97,99,-2,2
7801,80,78,2,2
7802,65,74,-9,9
7803,74,77,-3,3
7804,118,118,0,0
7805,109,99,10,10
7806,99,98,1,1
7807,78,90,-12,12
7808,59,73,-14,14
7809,84,95,-11,11
7810,108,109,-1,1
7811,89,95,-6,6
7812,119,105,14,14
7813,182,160,22,22
7814,133,111,22,22
7815,90,97,-7,7
7816,144,154,-10,10
7817,109,103,6,6
7818,154,137,17,17
7819,54,58,-4,4
7820,59,70,-11,11
7821,120,115,5,5
7822,113,117,-4,4
7823,90,84,6,6
7824,119,105,14,14
7825,72,79,-7,7
7826,173,159,14,14
7827,252,233,19,19
7828,123,131,-8,8
7829,178,165,13,13
7830,207,182,25,25
7831,86,91,-5,5
7832,61,61,0,0
7833,82,92,-10,10
7834,77,80,-3,3
7835,90,86,4,4
7836,85,102,-17,17
7837,133,142,-9,9
7838,67,73,-6,6
7839,71,80,-9,9
7840,118,125,-7,7
7841,168,167,1,1
7842,101,102,-1,1
7843,126,114,12,12
7844,127,122,5,5
7845,197,182,15,15
7846,67,72,-5,5
7847,59,64,-5,5
7848,139,131,8,8
7849,84,86,-2,2
7850,75,80,-5,5
7851,124,119,5,5
7852,61,68,-7,7
7853,78,80,-2,2
7854,102,90,12,12
7855,50,56,-6,6
7856,72,83,-11,11
7857,98,106,-8,8
7858,109,101,8,8
7859,97,91,6,6
7860,79,77,2,2
7861,73,78,-5,5
7862,114,107,7,7
7863,118,108,10,10
7864,101,100,1,1
7865,103,102,1,1
7866,49,61,-12,12
7867,49,64,-15,15
7868,37,57,-20,20
7869,121,115,6,6
7870,69,74,-5,5
7871,126,123,3,3
7872,91,89,2,2
7873,119,110,9,9
7874,105,102,3,3
7875,129,123,6,6
7876,83,80,3,3
7877,99,98,1,1
7878,106,108,-2,2
7879,67,71,-4,4
7880,132,127,5,5
7881,110,97,13,13
7882,72,71,1,1
7883,126,120,6,6
7884,129,138,-9,9
7885,74,78,-4,4
7886,131,126,5,5
7887,97,98,-1,1
7888,118,121,-3,3
7889,124,119,5,5
7890,66,74,-8,8
7891,99,109,-10,10
7892,93,93,0,0
7893,169,163,6,6
7894,109,113,-4,4
7895,194,178,16,16
7896,131,118,13,13
7897,67,73,-6,6
7898,102,100,2,2
7899,126,116,10,10
7900,166,167,-1,1
7901,52,67,-15,15
7902,129,138,-9,9
7903,175,163,12,12
7904,77,73,4,4
7905,52,56,-4,4
7906,73,72,1,1
7907,97,99,-2,2
7908,49,61,-12,12
7909,112,108,4,4
7910,108,112,-4,4
7911,91,85,6,6
7912,84,103,-19,19
7913,35,57,-22,22
7914,182,178,4,4
7915,61,70,-9,9
7916,61,62,-1,1
7917,79,82,-3,3
7918,55,65,-10,10
7919,64,70,-6,6
7920,142,129,13,13
7921,66,73,-7,7
7922,74,82,-8,8
7923,150,139,11,11
7924,99,96,3,3
7925,106,109,-3,3
7926,72,81,-9,9
7927,121,115,6,6
7928,114,107,7,7
7929,75,77,-2,2
7930,65,76,-11,11
7931,116,116,0,0
7932,99,94,5,5
7933,199,190,9,9
7934,60,67,-7,7
7935,67,69,-2,2
7936,81,84,-3,3
7937,178,133,45,45
7938,70,81,-11,11
7939,131,118,13,13
7940,149,134,15,15
7941,70,76,-6,6
7942,97,103,-6,6
7943,104,90,14,14
7944,73,75,-2,2
7945,74,84,-10,10
7946,87,98,-11,11
7947,112,108,4,4
7948,126,115,11,11
7949,86,102,-16,16
7950,134,127,7,7
7951,117,98,19,19
7952,61,68,-7,7
7953,71,81,-10,10
7954,80,92,-12,12
7955,63,68,-5,5
7956,70,70,0,0
7957,63,79,-16,16
7958,46,60,-14,14
7959,59,69,-10,10
7960,89,91,-2,2
7961,134,125,9,9
7962,113,107,6,6
7963,73,85,-12,12
7964,122,109,13,13
7965,59,70,-11,11
7966,142,142,0,0
7967,175,165,10,10
7968,61,64,-3,3
7969,142,150,-8,8
7970,68,66,2,2
7971,51,63,-12,12
7972,94,100,-6,6
7973,104,97,7,7
7974,85,87,-2,2
7975,155,154,1,1
7976,157,163,-6,6
7977,115,109,6,6
7978,94,97,-3,3
7979,86,97,-11,11
7980,115,119,-4,4
7981,85,86,-1,1
7982,106,100,6,6
7983,64,68,-4,4
7984,38,80,-42,42
7985,51,62,-11,11
7986,106,104,2,2
7987,101,104,-3,3
7988,46,60,-14,14
7989,85,79,6,6
7990,104,99,5,5
7991,95,98,-3,3
7992,130,123,7,7
7993,151,138,13,13
7994,57,64,-7,7
7995,93,95,-2,2
7996,69,71,-2,2
7997,39,47,-8,8
7998,76,85,-9,9
7999,84,79,5,5
8000,41,52,-11,11
8001,45,60,-15,15
8002,68,74,-6,6
8003,82,83,-1,1
8004,68,75,-7,7
8005,73,75,-2,2
8006,49,73,-24,24
8007,93,87,6,6
8008,75,76,-1,1
8009,85,82,3,3
8010,103,101,2,2
8011,129,120,9,9
8012,116,113,3,3
8013,77,80,-3,3
8014,83,84,-1,1
8015,104,96,8,8
8016,124,110,14,14
8017,89,92,-3,3
8018,88,101,-13,13
8019,49,68,-19,19
8020,104,106,-2,2
8021,107,105,2,2
8022,125,124,1,1
8023,57,67,-10,10
8024,104,96,8,8
8025,51,76,-25,25
8026,86,84,2,2
8027,96,97,-1,1
8028,190,182,8,8
8029,84,87,-3,3
8030,105,104,1,1
8031,94,93,1,1
8032,74,76,-2,2
8033,100,95,5,5
8034,126,117,9,9
8035,73,77,-4,4
8036,83,86,-3,3
8037,141,127,14,14
8038,124,120,4,4
8039,79,84,-5,5
8040,135,129,6,6
8041,81,74,7,7
8042,137,133,4,4
8043,75,79,-4,4
8044,54,75,-21,21
8045,102,100,2,2
8046,157,138,19,19
8047,93,95,-2,2
8048,155,136,19,19
8049,71,73,-2,2
8050,109,102,7,7
8051,60,72,-12,12
8052,57,75,-18,18
8053,113,111,2,2
8054,130,129,1,1
8055,71,84,-13,13
8056,92,90,2,2
8057,148,122,26,26
8058,117,103,14,14
8059,68,73,-5,5
8060,161,146,15,15
8061,85,83,2,2
8062,65,67,-2,2
8063,43,53,-10,10
8064,102,98,4,4
8065,69,68,1,1
8066,185,182,3,3
8067,133,128,5,5
8068,104,100,4,4
8069,105,103,2,2
8070,120,114,6,6
8071,85,83,2,2
8072,73,68,5,5
8073,158,161,-3,3
8074,76,80,-4,4
8075,87,76,11,11
8076,148,125,23,23
8077,85,87,-2,2
8078,98,86,12,12
8079,66,76,-10,10
8080,100,100,0,0
8081,110,107,3,3
8082,86,88,-2,2
8083,119,122,-3,3
8084,75,75,0,0
8085,110,124,-14,14
8086,69,77,-8,8
8087,127,106,21,21
8088,98,91,7,7
8089,116,121,-5,5
8090,65,74,-9,9
8091,94,95,-1,1
8092,58,65,-7,7
8093,68,85,-17,17
8094,118,109,9,9
8095,27,44,-17,17
8096,74,72,2,2
8097,81,85,-4,4
8098,98,90,8,8
8099,56,65,-9,9
8100,101,98,3,3
8101,128,118,10,10
8102,104,109,-5,5
8103,69,73,-4,4
8104,130,110,20,20
8105,121,120,1,1
8106,42,86,-44,44
8107,89,96,-7,7
8108,71,70,1,1
8109,129,117,12,12
8110,59,74,-15,15
8111,101,103,-2,2
8112,102,100,2,2
8113,109,110,-1,1
8114,94,87,7,7
8115,108,109,-1,1
8116,102,96,6,6
8117,89,92,-3,3
8118,121,119,2,2
8119,122,129,-7,7
8120,67,78,-11,11
8121,51,68,-17,17
8122,89,87,2,2
8123,88,93,-5,5
8124,131,108,23,23
8125,103,100,3,3
8126,151,171,-20,20
8127,134,143,-9,9
8128,108,106,2,2
8129,92,88,4,4
8130,65,66,-1,1
8131,81,85,-4,4
8132,68,81,-13,13
8133,91,92,-1,1
8134,114,109,5,5
8135,48,66,-18,18
8136,102,104,-2,2
8137,149,145,4,4
8138,108,105,3,3
8139,60,68,-8,8
8140,103,104,-1,1
8141,65,76,-11,11
8142,119,120,-1,1
8143,104,109,-5,5
8144,64,68,-4,4
8145,48,60,-12,12
8146,55,59,-4,4
8147,75,80,-5,5
8148,44,62,-18,18
8149,73,82,-9,9
8150,54,63,-9,9
8151,54,68,-14,14
8152,52,63,-11,11
8153,95,86,9,9
8154,66,76,-10,10
8155,85,100,-15,15
8156,75,72,3,3
8157,95,104,-9,9
8158,95,88,7,7
8159,36,49,-13,13
8160,79,85,-6,6
8161,123,117,6,6
8162,81,76,5,5
8163,176,155,21,21
8164,60,60,0,0
8165,61,78,-17,17
8166,140,123,17,17
8167,127,118,9,9
8168,96,95,1,1
8169,99,92,7,7
8170,108,99,9,9
8171,58,69,-11,11
8172,51,70,-19,19
8173,95,87,8,8
8174,58,75,-17,17
8175,76,72,4,4
8176,116,109,7,7
8177,108,99,9,9
8178,168,149,19,19
8179,27,47,-20,20
8180,145,127,18,18
8181,53,65,-12,12
8182,67,71,-4,4
8183,92,91,1,1
8184,78,76,2,2
8185,113,114,-1,1
8186,141,137,4,4
8187,136,121,15,15
8188,103,107,-4,4
8189,86,88,-2,2
8190,195,193,2,2
8191,75,77,-2,2
8192,63,73,-10,10
8193,66,72,-6,6
8194,127,125,2,2
8195,122,109,13,13
8196,54,99,-45,45
8197,101,102,-1,1
8198,93,79,14,14
8199,64,74,-10,10
8200,108,106,2,2
8201,111,104,7,7
8202,77,72,5,5
8203,154,148,6,6
8204,94,86,8,8
8205,84,86,-2,2
8206,76,89,-13,13
8207,87,82,5,5
8208,126,110,16,16
8209,82,82,0,0
8210,82,86,-4,4
8211,80,81,-1,1
8212,126,122,4,4
8213,64,70,-6,6
8214,142,122,20,20
8215,143,136,7,7
8216,127,135,-8,8
8217,76,82,-6,6
8218,57,77,-20,20
8219,109,96,13,13
8220,141,132,9,9
8221,129,117,12,12
8222,114,102,12,12
8223,83,82,1,1
8224,149,144,5,5
8225,47,64,-17,17
8226,88,87,1,1
8227,88,87,1,1
8228,105,106,-1,1
8229,93,99,-6,6
8230,109,96,13,13
8231,87,84,3,3
8232,43,53,-10,10
8233,81,82,-1,1
8234,101,82,19,19
8235,80,70,10,10
8236,112,107,5,5
8237,92,98,-6,6
8238,102,98,4,4
8239,71,73,-2,2
8240,166,153,13,13
8241,98,99,-1,1
8242,129,116,13,13
8243,79,86,-7,7
8244,109,101,8,8
8245,145,138,7,7
8246,166,151,15,15
8247,76,83,-7,7
8248,46,60,-14,14
8249,113,103,10,10
8250,75,86,-11,11
8251,86,80,6,6
8252,76,81,-5,5
8253,88,95,-7,7
8254,67,80,-13,13
8255,100,98,2,2
8256,71,83,-12,12
8257,59,69,-10,10
8258,181,171,10,10
8259,56,65,-9,9
8260,114,94,20,20
8261,92,95,-3,3
8262,100,102,-2,2
8263,75,95,-20,20
8264,188,171,17,17
8265,51,60,-9,9
8266,84,94,-10,10
8267,171,182,-11,11
8268,66,69,-3,3
8269,92,87,5,5
8270,122,119,3,3
8271,40,61,-21,21
8272,87,87,0,0
8273,122,117,5,5
8274,98,88,10,10
8275,96,98,-2,2
8276,120,112,8,8
8277,82,87,-5,5
8278,88,84,4,4
8279,60,71,-11,11
8280,83,83,0,0
8281,81,73,8,8
8282,151,149,2,2
8283,187,176,11,11
8284,98,105,-7,7
8285,95,89,6,6
8286,77,82,-5,5
8287,144,136,8,8
8288,81,86,-5,5
8289,91,94,-3,3
8290,149,144,5,5
8291,99,110,-11,11
8292,96,87,9,9
8293,129,129,0,0
8294,63,68,-5,5
8295,86,84,2,2
8296,64,76,-12,12
8297,74,68,6,6
8298,93,91,2,2
8299,85,81,4,4
8300,248,219,29,29
8301,91,92,-1,1
8302,58,65,-7,7
8303,93,85,8,8
8304,93,95,-2,2
8305,55,65,-10,10
8306,102,102,0,0
8307,107,100,7,7
8308,79,83,-4,4
8309,84,82,2,2
8310,95,90,5,5
8311,110,103,7,7
8312,80,81,-1,1
8313,44,47,-3,3
8314,96,94,2,2
8315,59,72,-13,13
8316,109,107,2,2
8317,198,189,9,9
8318,81,90,-9,9
8319,119,113,6,6
8320,106,107,-1,1
8321,114,100,14,14
8322,51,64,-13,13
8323,110,102,8,8
8324,112,110,2,2
8325,99,101,-2,2
8326,80,79,1,1
8327,59,73,-14,14
8328,110,114,-4,4
8329,125,111,14,14
8330,137,122,15,15
8331,73,78,-5,5
8332,190,179,11,11
8333,137,139,-2,2
8334,46,58,-12,12
8335,124,123,1,1
8336,87,85,2,2
8337,114,105,9,9
8338,83,85,-2,2
8339,85,87,-2,2
8340,142,151,-9,9
8341,108,98,10,10
8342,129,125,4,4
8343,107,98,9,9
8344,109,108,1,1
8345,144,136,8,8
8346,76,80,-4,4
8347,38,65,-27,27
8348,157,153,4,4
8349,55,63,-8,8
8350,99,102,-3,3
8351,153,138,15,15
8352,74,75,-1,1
8353,74,80,-6,6
8354,78,79,-1,1
8355,74,84,-10,10
8356,94,93,1,1
8357,112,100,12,12
8358,141,142,-1,1
8359,82,79,3,3
8360,160,156,4,4
8361,103,101,2,2
8362,110,102,8,8
8363,42,58,-16,16
8364,69,74,-5,5
8365,59,60,-1,1
8366,98,96,2,2
8367,75,76,-1,1
8368,58,65,-7,7
8369,74,72,2,2
8370,108,107,1,1
8371,66,80,-14,14
8372,105,101,4,4
8373,46,67,-21,21
8374,55,61,-6,6
8375,71,71,0,0
8376,115,111,4,4
8377,88,82,6,6
8378,47,55,-8,8
8379,174,156,18,18
8380,94,86,8,8
8381,74,78,-4,4
8382,84,85,-1,1
8383,85,80,5,5
8384,65,65,0,0
8385,39,49,-10,10
8386,118,106,12,12
8387,101,95,6,6
8388,78,84,-6,6
8389,97,108,-11,11
8390,104,98,6,6
8391,98,94,4,4
8392,81,95,-14,14
8393,112,105,7,7
8394,98,96,2,2
8395,96,105,-9,9
8396,53,58,-5,5
8397,67,84,-17,17
8398,70,74,-4,4
8399,114,102,12,12
8400,104,106,-2,2
8401,65,73,-8,8
8402,80,77,3,3
8403,96,83,13,13
8404,70,71,-1,1
8405,105,102,3,3
8406,100,87,13,13
8407,160,143,17,17
8408,91,99,-8,8
8409,100,100,0,0
8410,119,99,20,20
8411,65,73,-8,8
8412,99,101,-2,2
8413,172,135,37,37
8414,83,79,4,4
8415,85,81,4,4
8416,69,71,-2,2
8417,59,70,-11,11
8418,93,96,-3,3
8419,81,84,-3,3
8420,75,80,-5,5
8421,62,67,-5,5
8422,115,105,10,10
8423,107,135,-28,28
8424,105,102,3,3
8425,51,65,-14,14
8426,76,83,-7,7
8427,88,95,-7,7
8428,145,138,7,7
8429,114,115,-1,1
8430,38,49,-11,11
8431,133,124,9,9
8432,74,78,-4,4
8433,119,113,6,6
8434,96,93,3,3
8435,143,124,19,19
8436,60,65,-5,5
8437,130,113,17,17
8438,120,108,12,12
8439,122,136,-14,14
8440,113,106,7,7
8441,68,78,-10,10
8442,98,93,5,5
8443,143,121,22,22
8444,77,76,1,1
8445,92,94,-2,2
8446,61,69,-8,8
8447,74,82,-8,8
8448,94,82,12,12
8449,102,99,3,3
8450,118,113,5,5
8451,119,113,6,6
8452,193,174,19,19
8453,95,101,-6,6
8454,89,88,1,1
8455,129,122,7,7
8456,124,109,15,15
8457,84,80,4,4
8458,76,83,-7,7
8459,55,64,-9,9
8460,143,132,11,11
8461,134,117,17,17
8462,88,91,-3,3
8463,132,131,1,1
8464,114,97,17,17
8465,71,75,-4,4
8466,79,77,2,2
8467,101,97,4,4
8468,134,131,3,3
8469,61,35,26,26
8470,81,76,5,5
8471,107,105,2,2
8472,86,83,3,3
8473,83,85,-2,2
8474,94,95,-1,1
8475,102,102,0,0
8476,110,126,-16,16
8477,137,136,1,1
8478,56,71,-15,15
8479,134,119,15,15
8480,80,86,-6,6
8481,46,58,-12,12
8482,111,108,3,3
8483,112,103,9,9
8484,121,118,3,3
8485,113,109,4,4
8486,91,96,-5,5
8487,47,62,-15,15
8488,65,69,-4,4
8489,56,75,-19,19
8490,83,90,-7,7
8491,85,93,-8,8
8492,102,97,5,5
8493,80,83,-3,3
8494,110,104,6,6
8495,141,140,1,1
8496,90,95,-5,5
8497,73,74,-1,1
8498,60,66,-6,6
8499,178,142,36,36
8500,124,132,-8,8
8501,108,100,8,8
8502,100,99,1,1
8503,78,85,-7,7
8504,115,117,-2,2
8505,127,129,-2,2
8506,47,57,-10,10
8507,58,67,-9,9
8508,151,133,18,18
8509,104,93,11,11
8510,56,72,-16,16
8511,79,88,-9,9
8512,67,76,-9,9
8513,109,108,1,1
8514,83,78,5,5
8515,101,81,20,20
8516,78,85,-7,7
8517,101,128,-27,27
8518,64,76,-12,12
8519,69,74,-5,5
8520,81,81,0,0
8521,185,177,8,8
8522,89,84,5,5
8523,137,119,18,18
8524,98,91,7,7
8525,185,167,18,18
8526,62,59,3,3
8527,135,125,10,10
8528,140,127,13,13
8529,166,168,-2,2
8530,68,77,-9,9
8531,100,107,-7,7
8532,122,130,-8,8
8533,105,100,5,5
8534,129,122,7,7
8535,117,112,5,5
8536,74,81,-7,7
8537,91,88,3,3
8538,96,96,0,0
8539,96,97,-1,1
8540,76,86,-10,10
8541,106,95,11,11
8542,71,72,-1,1
8543,43,57,-14,14
8544,88,85,3,3
8545,79,91,-12,12
8546,104,97,7,7
8547,82,85,-3,3
8548,112,113,-1,1
8549,104,104,0,0
8550,55,66,-11,11
8551,90,88,2,2
8552,47,69,-22,22
8553,111,100,11,11
8554,127,121,6,6
8555,67,79,-12,12
8556,163,145,18,18
8557,154,153,1,1
8558,63,73,-10,10
8559,50,61,-11,11
8560,56,70,-14,14
8561,104,109,-5,5
8562,80,87,-7,7
8563,83,79,4,4
8564,64,70,-6,6
8565,55,64,-9,9
8566,84,77,7,7
8567,130,122,8,8
8568,85,87,-2,2
8569,109,106,3,3
8570,153,138,15,15
8571,104,103,1,1
8572,129,120,9,9
8573,106,98,8,8
8574,173,168,5,5
8575,93,93,0,0
8576,93,87,6,6
8577,99,95,4,4
8578,66,73,-7,7
8579,98,93,5,5
8580,110,134,-24,24
8581,50,68,-18,18
8582,104,101,3,3
8583,110,103,7,7
8584,60,77,-17,17
8585,102,98,4,4
8586,87,82,5,5
8587,133,130,3,3
8588,133,128,5,5
8589,122,102,20,20
8590,92,89,3,3
8591,139,134,5,5
8592,52,62,-10,10
8593,83,95,-12,12
8594,91,86,5,5
8595,65,67,-2,2
8596,113,111,2,2
8597,77,82,-5,5
8598,161,145,16,16
8599,92,92,0,0
8600,180,150,30,30
8601,77,75,2,2
8602,109,104,5,5
8603,81,85,-4,4
8604,98,101,-3,3
8605,54,62,-8,8
8606,126,119,7,7
8607,91,95,-4,4
8608,77,85,-8,8
8609,124,115,9,9
8610,78,83,-5,5
8611,189,156,33,33
8612,80,80,0,0
8613,159,137,22,22
8614,73,81,-8,8
8615,90,98,-8,8
8616,62,68,-6,6
8617,90,90,0,0
8618,134,138,-4,4
8619,121,102,19,19
8620,87,85,2,2
8621,59,67,-8,8
8622,89,101,-12,12
8623,105,106,-1,1
8624,97,91,6,6
8625,110,102,8,8
8626,141,122,19,19
8627,85,87,-2,2
8628,132,125,7,7
8629,89,86,3,3
8630,75,85,-10,10
8631,81,79,2,2
8632,77,75,2,2
8633,104,98,6,6
8634,132,142,-10,10
8635,136,123,13,13
8636,82,86,-4,4
8637,85,92,-7,7
8638,76,77,-1,1
8639,109,123,-14,14
8640,51,65,-14,14
8641,85,93,-8,8
8642,58,67,-9,9
8643,161,156,5,5
8644,85,89,-4,4
8645,61,64,-3,3
8646,82,83,-1,1
8647,114,114,0,0
8648,113,104,9,9
8649,82,81,1,1
8650,128,121,7,7
8651,113,113,0,0
8652,61,78,-17,17
8653,85,81,4,4
8654,112,104,8,8
8655,76,77,-1,1
8656,89,88,1,1
8657,142,128,14,14
8658,81,81,0,0
8659,143,140,3,3
8660,94,86,8,8
8661,134,109,25,25
8662,59,67,-8,8
8663,55,66,-11,11
8664,75,82,-7,7
8665,87,92,-5,5
8666,69,65,4,4
8667,104,103,1,1
8668,57,58,-1,1
8669,68,69,-1,1
8670,169,155,14,14
8671,114,117,-3,3
8672,92,90,2,2
8673,97,85,12,12
8674,121,114,7,7
8675,89,79,10,10
8676,116,113,3,3
8677,93,99,-6,6
8678,116,103,13,13
8679,125,127,-2,2
8680,82,108,-26,26
8681,50,58,-8,8
8682,46,54,-8,8
8683,45,61,-16,16
8684,120,117,3,3
8685,93,89,4,4
8686,102,99,3,3
8687,126,117,9,9
8688,108,124,-16,16
8689,110,105,5,5
8690,101,100,1,1
8691,73,75,-2,2
8692,58,62,-4,4
8693,113,107,6,6
8694,136,139,-3,3
8695,64,73,-9,9
8696,125,157,-32,32
8697,88,81,7,7
8698,92,87,5,5
8699,106,100,6,6
8700,90,104,-14,14
8701,85,84,1,1
8702,80,81,-1,1
8703,110,105,5,5
8704,80,81,-1,1
8705,117,108,9,9
8706,47,70,-23,23
8707,112,102,10,10
8708,84,85,-1,1
8709,116,110,6,6
8710,61,72,-11,11
8711,82,82,0,0
8712,164,136,28,28
8713,125,117,8,8
8714,80,84,-4,4
8715,66,73,-7,7
8716,61,72,-11,11
8717,82,100,-18,18
8718,81,86,-5,5
8719,143,124,19,19
8720,145,123,22,22
8721,75,76,-1,1
8722,60,84,-24,24
8723,86,90,-4,4
8724,99,101,-2,2
8725,112,108,4,4
8726,98,95,3,3
8727,96,90,6,6
8728,64,73,-9,9
8729,62,69,-7,7
8730,123,125,-2,2
8731,83,88,-5,5
8732,101,99,2,2
8733,27,33,-6,6
8734,167,156,11,11
8735,149,145,4,4
8736,94,92,2,2
8737,155,144,11,11
8738,39,49,-10,10
8739,62,70,-8,8
8740,81,74,7,7
8741,58,67,-9,9
8742,74,83,-9,9
8743,139,132,7,7
8744,74,78,-4,4
8745,84,88,-4,4
8746,155,121,34,34
8747,114,112,2,2
8748,152,201,-49,49
8749,104,92,12,12
8750,92,99,-7,7
8751,55,69,-14,14
8752,91,90,1,1
8753,90,85,5,5
8754,86,84,2,2
8755,76,103,-27,27
8756,86,89,-3,3
8757,49,56,-7,7
8758,105,103,2,2
8759,67,72,-5,5
8760,96,120,-24,24
8761,105,103,2,2
8762,98,86,12,12
8763,114,110,4,4
8764,114,114,0,0
8765,103,115,-12,12
8766,128,119,9,9
8767,110,100,10,10
8768,89,81,8,8
8769,67,70,-3,3
8770,136,119,17,17
8771,154,143,11,11
8772,62,84,-22,22
8773,109,106,3,3
8774,91,93,-2,2
8775,63,71,-8,8
8776,172,159,13,13
8777,93,86,7,7
8778,81,81,0,0
8779,87,94,-7,7
8780,49,71,-22,22
8781,157,159,-2,2
8782,87,87,0,0
8783,61,85,-24,24
8784,60,64,-4,4
8785,129,118,11,11
8786,75,76,-1,1
8787,86,96,-10,10
8788,37,49,-12,12
8789,110,108,2,2
8790,124,116,8,8
8791,65,75,-10,10
8792,148,151,-3,3
8793,73,85,-12,12
8794,105,110,-5,5
8795,70,79,-9,9
8796,63,77,-14,14
8797,71,75,-4,4
8798,71,78,-7,7
8799,68,76,-8,8
8800,96,88,8,8
8801,87,85,2,2
8802,88,94,-6,6
8803,69,71,-2,2
8804,83,87,-4,4
8805,72,84,-12,12
8806,98,100,-2,2
8807,126,118,8,8
8808,45,61,-16,16
8809,52,61,-9,9
8810,103,103,0,0
8811,77,76,1,1
8812,83,80,3,3
8813,73,69,4,4
8814,108,103,5,5
8815,73,80,-7,7
8816,80,85,-5,5
8817,57,65,-8,8
8818,63,68,-5,5
8819,24,38,-14,14
8820,89,79,10,10
8821,61,74,-13,13
8822,97,101,-4,4
8823,85,86,-1,1
8824,143,139,4,4
8825,129,120,9,9
8826,75,86,-11,11
8827,71,79,-8,8
8828,92,88,4,4
8829,72,72,0,0
8830,91,83,8,8
8831,83,77,6,6
8832,75,80,-5,5
8833,66,73,-7,7
8834,43,59,-16,16
8835,127,118,9,9
8836,125,127,-2,2
8837,44,57,-13,13
8838,51,67,-16,16
8839,54,64,-10,10
8840,203,208,-5,5
8841,127,116,11,11
8842,102,98,4,4
8843,81,80,1,1
8844,69,72,-3,3
8845,121,116,5,5
8846,85,81,4,4
8847,125,112,13,13
8848,138,122,16,16
8849,191,163,28,28
8850,92,97,-5,5
8851,94,90,4,4
8852,128,124,4,4
8853,35,58,-23,23
8854,104,102,2,2
8855,86,82,4,4
8856,132,117,15,15
8857,89,88,1,1
8858,48,61,-13,13
8859,75,71,4,4
8860,80,74,6,6
8861,100,95,5,5
8862,115,111,4,4
8863,135,127,8,8
8864,88,90,-2,2
8865,108,102,6,6
8866,141,141,0,0
8867,81,81,0,0
8868,147,143,4,4
8869,94,90,4,4
8870,86,88,-2,2
8871,125,119,6,6
8872,62,70,-8,8
8873,82,85,-3,3
8874,123,114,9,9
8875,80,77,3,3
8876,108,101,7,7
8877,91,83,8,8
8878,124,117,7,7
8879,93,101,-8,8
8880,141,152,-11,11
8881,97,73,24,24
8882,177,161,16,16
8883,80,85,-5,5
8884,133,149,-16,16
8885,98,102,-4,4
8886,104,97,7,7
8887,64,71,-7,7
8888,170,157,13,13
8889,91,95,-4,4
8890,98,97,1,1
8891,125,114,11,11
8892,65,72,-7,7
8893,86,89,-3,3
8894,75,68,7,7
8895,72,78,-6,6
8896,53,74,-21,21
8897,93,85,8,8
8898,69,71,-2,2
8899,95,86,9,9
8900,76,82,-6,6
8901,73,77,-4,4
8902,56,64,-8,8
8903,92,93,-1,1
8904,43,60,-17,17
8905,60,69,-9,9
8906,74,83,-9,9
8907,85,91,-6,6
8908,91,91,0,0
8909,92,88,4,4
8910,91,91,0,0
8911,60,75,-15,15
8912,142,144,-2,2
8913,127,129,-2,2
8914,87,87,0,0
8915,130,139,-9,9
8916,104,99,5,5
8917,62,67,-5,5
8918,125,127,-2,2
8919,96,180,-84,84
8920,170,142,28,28
8921,103,119,-16,16
8922,185,173,12,12
8923,80,81,-1,1
8924,56,71,-15,15
8925,105,115,-10,10
8926,63,72,-9,9
8927,88,89,-1,1
8928,79,84,-5,5
8929,60,78,-18,18
8930,84,88,-4,4
8931,123,125,-2,2
8932,107,104,3,3
8933,94,99,-5,5
8934,70,77,-7,7
8935,141,119,22,22
8936,56,56,0,0
8937,166,159,7,7
8938,120,105,15,15
8939,137,120,17,17
8940,88,97,-9,9
8941,127,102,25,25
8942,157,146,11,11
8943,130,134,-4,4
8944,106,110,-4,4
8945,131,126,5,5
8946,54,64,-10,10
8947,132,122,10,10
8948,80,80,0,0
8949,81,86,-5,5
8950,128,109,19,19
8951,36,50,-14,14
8952,106,106,0,0
8953,85,86,-1,1
8954,64,71,-7,7
8955,81,85,-4,4
8956,120,112,8,8
8957,130,115,15,15
8958,99,91,8,8
8959,70,72,-2,2
8960,78,74,4,4
8961,112,113,-1,1
8962,82,83,-1,1
8963,184,159,25,25
8964,129,136,-7,7
8965,111,101,10,10
8966,99,103,-4,4
8967,51,69,-18,18
8968,102,95,7,7
8969,66,76,-10,10
8970,74,78,-4,4
8971,129,128,1,1
8972,54,67,-13,13
8973,117,131,-14,14
8974,120,111,9,9
8975,73,82,-9,9
8976,177,169,8,8
8977,157,147,10,10
8978,77,83,-6,6
8979,55,63,-8,8
8980,132,118,14,14
8981,180,161,19,19
8982,72,73,-1,1
8983,88,93,-5,5
8984,71,78,-7,7
8985,85,84,1,1
8986,51,57,-6,6
8987,61,71,-10,10
8988,76,75,1,1
8989,90,91,-1,1
8990,64,76,-12,12
8991,67,89,-22,22
8992,95,94,1,1
8993,46,57,-11,11
8994,92,85,7,7
8995,121,135,-14,14
8996,93,96,-3,3
8997,92,96,-4,4
8998,52,62,-10,10
8999,112,117,-5,5
9000,66,103,-37,37
9001,76,75,1,1
9002,157,147,10,10
9003,75,78,-3,3
9004,68,73,-5,5
9005,64,73,-9,9
9006,135,118,17,17
9007,107,100,7,7
9008,79,92,-13,13
9009,82,84,-2,2
9010,101,93,8,8
9011,142,160,-18,18
9012,108,105,3,3
9013,93,98,-5,5
9014,111,114,-3,3
9015,111,105,6,6
9016,101,91,10,10
9017,67,73,-6,6
9018,58,64,-6,6
9019,117,108,9,9
9020,100,96,4,4
9021,96,94,2,2
9022,106,104,2,2
9023,82,84,-2,2
9024,57,65,-8,8
9025,95,87,8,8
9026,92,90,2,2
9027,78,83,-5,5
9028,85,82,3,3
9029,46,52,-6,6
9030,60,74,-14,14
9031,68,76,-8,8
9032,90,91,-1,1
9033,106,103,3,3
9034,72,74,-2,2
9035,91,87,4,4
9036,142,135,7,7
9037,63,67,-4,4
9038,55,63,-8,8
9039,112,104,8,8
9040,165,162,3,3
9041,80,81,-1,1
9042,58,63,-5,5
9043,96,100,-4,4
9044,69,73,-4,4
9045,85,99,-14,14
9046,74,81,-7,7
9047,148,136,12,12
9048,61,65,-4,4
9049,114,112,2,2
9050,117,111,6,6
9051,87,89,-2,2
9052,148,140,8,8
9053,129,120,9,9
9054,100,95,5,5
9055,79,80,-1,1
9056,84,85,-1,1
9057,75,75,0,0
9058,101,99,2,2
9059,74,81,-7,7
9060,98,85,13,13
9061,97,100,-3,3
9062,58,62,-4,4
9063,104,98,6,6
9064,122,114,8,8
9065,33,52,-19,19
9066,62,65,-3,3
9067,59,70,-11,11
9068,66,77,-11,11
9069,112,102,10,10
9070,109,99,10,10
9071,67,73,-6,6
9072,157,171,-14,14
9073,147,146,1,1
9074,114,109,5,5
9075,45,50,-5,5
9076,71,80,-9,9
9077,135,126,9,9
9078,64,64,0,0
9079,101,106,-5,5
9080,93,97,-4,4
9081,92,86,6,6
9082,128,120,8,8
9083,90,84,6,6
9084,113,99,14,14
9085,62,67,-5,5
9086,66,68,-2,2
9087,69,76,-7,7
9088,90,86,4,4
9089,69,70,-1,1
9090,87,91,-4,4
9091,70,83,-13,13
9092,88,89,-1,1
9093,60,74,-14,14
9094,172,152,20,20
9095,94,98,-4,4
9096,53,67,-14,14
9097,81,77,4,4
9098,103,98,5,5
9099,146,131,15,15
9100,93,93,0,0
9101,106,105,1,1
9102,115,103,12,12
9103,171,156,15,15
9104,80,81,-1,1
9105,89,81,8,8
9106,75,84,-9,9
9107,197,184,13,13
9108,52,67,-15,15
9109,56,65,-9,9
9110,76,77,-1,1
9111,136,133,3,3
9112,127,124,3,3
9113,102,100,2,2
9114,100,102,-2,2
9115,154,140,14,14
9116,127,134,-7,7
9117,115,103,12,12
9118,69,76,-7,7
9119,113,99,14,14
9120,116,112,4,4
9121,92,96,-4,4
9122,95,99,-4,4
9123,81,76,5,5
9124,81,84,-3,3
9125,148,145,3,3
9126,94,93,1,1
9127,117,116,1,1
9128,47,60,-13,13
9129,100,92,8,8
9130,133,121,12,12
9131,79,101,-22,22
9132,147,134,13,13
9133,62,71,-9,9
9134,77,83,-6,6
9135,154,137,17,17
9136,112,114,-2,2
9137,65,69,-4,4
9138,42,52,-10,10
9139,114,121,-7,7
9140,114,107,7,7
9141,77,77,0,0
9142,68,77,-9,9
9143,84,85,-1,1
9144,120,120,0,0
9145,132,129,3,3
9146,113,120,-7,7
9147,86,85,1,1
9148,78,83,-5,5
9149,73,90,-17,17
9150,68,66,2,2
9151,93,97,-4,4
9152,113,121,-8,8
9153,58,69,-11,11
9154,63,69,-6,6
9155,54,57,-3,3
9156,123,107,16,16
9157,43,54,-11,11
9158,82,83,-1,1
9159,144,134,10,10
9160,73,109,-36,36
9161,49,59,-10,10
9162,103,96,7,7
9163,179,178,1,1
9164,106,101,5,5
9165,93,100,-7,7
9166,135,140,-5,5
9167,120,119,1,1
9168,130,119,11,11
9169,79,92,-13,13
9170,82,83,-1,1
9171,55,64,-9,9
9172,74,73,1,1
9173,153,146,7,7
9174,93,93,0,0
9175,107,102,5,5
9176,136,143,-7,7
9177,88,90,-2,2
9178,56,71,-15,15
9179,171,149,22,22
9180,115,107,8,8
9181,53,68,-15,15
9182,124,123,1,1
9183,117,105,12,12
9184,76,81,-5,5
9185,168,153,15,15
9186,78,78,0,0
9187,42,52,-10,10
9188,74,81,-7,7
9189,156,133,23,23
9190,81,73,8,8
9191,88,81,7,7
9192,169,151,18,18
9193,74,77,-3,3
9194,108,107,1,1
9195,98,94,4,4
9196,175,178,-3,3
9197,39,52,-13,13
9198,47,63,-16,16
9199,100,85,15,15
9200,105,91,14,14
9201,103,102,1,1
9202,114,108,6,6
9203,65,73,-8,8
9204,70,73,-3,3
9205,79,82,-3,3
9206,96,98,-2,2
9207,123,126,-3,3
9208,94,95,-1,1
9209,124,121,3,3
9210,102,96,6,6
9211,108,100,8,8
9212,78,85,-7,7
9213,111,107,4,4
9214,84,93,-9,9
9215,58,58,0,0
9216,124,120,4,4
9217,92,88,4,4
9218,75,81,-6,6
9219,64,59,5,5
9220,89,85,4,4
9221,88,95,-7,7
9222,58,72,-14,14
9223,116,108,8,8
9224,57,68,-11,11
9225,98,97,1,1
9226,138,138,0,0
9227,87,94,-7,7
9228,58,65,-7,7
9229,141,128,13,13
9230,72,74,-2,2
9231,63,75,-12,12
9232,173,157,16,16
9233,113,105,8,8
9234,114,104,10,10
9235,95,89,6,6
9236,80,86,-6,6
9237,75,80,-5,5
9238,113,111,2,2
9239,86,95,-9,9
9240,54,66,-12,12
9241,99,95,4,4
9242,149,138,11,11
9243,73,68,5,5
9244,86,84,2,2
9245,108,101,7,7
9246,74,75,-1,1
9247,59,66,-7,7
9248,106,107,-1,1
9249,158,132,26,26
9250,45,72,-27,27
9251,77,79,-2,2
9252,116,123,-7,7
9253,52,62,-10,10
9254,93,98,-5,5
9255,129,117,12,12
9256,63,73,-10,10
9257,41,53,-12,12
9258,62,64,-2,2
9259,168,158,10,10
9260,117,110,7,7
9261,142,130,12,12
9262,112,104,8,8
9263,101,102,-1,1
9264,86,85,1,1
9265,77,82,-5,5
9266,141,131,10,10
9267,80,94,-14,14
9268,107,114,-7,7
9269,90,92,-2,2
9270,65,73,-8,8
9271,57,59,-2,2
9272,89,84,5,5
9273,63,69,-6,6
9274,121,108,13,13
9275,108,102,6,6
9276,83,86,-3,3
9277,116,111,5,5
9278,66,76,-10,10
9279,128,126,2,2
9280,98,96,2,2
9281,76,79,-3,3
9282,130,119,11,11
9283,55,65,-10,10
9284,64,72,-8,8
9285,107,118,-11,11
9286,117,104,13,13
9287,124,117,7,7
9288,88,87,1,1
9289,44,53,-9,9
9290,89,87,2,2
9291,82,86,-4,4
9292,78,80,-2,2
9293,63,73,-10,10
9294,60,63,-3,3
9295,55,65,-10,10
9296,80,85,-5,5
9297,56,67,-11,11
9298,68,77,-9,9
9299,177,173,4,4
9300,69,73,-4,4
9301,63,72,-9,9
9302,116,107,9,9
9303,96,98,-2,2
9304,142,123,19,19
9305,85,83,2,2
9306,56,69,-13,13
9307,91,91,0,0
9308,72,78,-6,6
9309,69,83,-14,14
9310,114,101,13,13
9311,131,131,0,0
9312,70,78,-8,8
9313,138,130,8,8
9314,103,99,4,4
9315,69,77,-8,8
9316,97,96,1,1
9317,98,109,-11,11
9318,117,106,11,11
9319,95,100,-5,5
9320,130,119,11,11
9321,174,153,21,21
9322,114,115,-1,1
9323,87,97,-10,10
9324,92,94,-2,2
9325,57,68,-11,11
9326,93,88,5,5
9327,90,88,2,2
9328,87,95,-8,8
9329,87,90,-3,3
9330,115,114,1,1
9331,103,102,1,1
9332,66,70,-4,4
9333,95,92,3,3
9334,98,96,2,2
9335,82,82,0,0
9336,63,66,-3,3
9337,39,52,-13,13
9338,60,72,-12,12
9339,112,104,8,8
9340,159,151,8,8
9341,41,56,-15,15
9342,96,94,2,2
9343,117,106,11,11
9344,69,77,-8,8
9345,82,86,-4,4
9346,125,114,11,11
9347,82,82,0,0
9348,65,74,-9,9
9349,92,83,9,9
9350,91,95,-4,4
9351,91,87,4,4
9352,95,92,3,3
9353,28,51,-23,23
9354,64,66,-2,2
9355,73,74,-1,1
9356,122,106,16,16
9357,76,83,-7,7
9358,82,80,2,2
9359,134,123,11,11
9360,118,105,13,13
9361,72,81,-9,9
9362,96,118,-22,22
9363,176,155,21,21
9364,156,146,10,10
9365,64,82,-18,18
9366,99,106,-7,7
9367,94,92,2,2
9368,84,76,8,8
9369,88,92,-4,4
9370,144,140,4,4
9371,123,110,13,13
9372,99,102,-3,3
9373,63,86,-23,23
9374,64,73,-9,9
9375,141,126,15,15
9376,71,85,-14,14
9377,166,151,15,15
9378,118,110,8,8
9379,120,106,14,14
9380,145,130,15,15
9381,87,88,-1,1
9382,90,94,-4,4
9383,80,86,-6,6
9384,125,120,5,5
9385,59,60,-1,1
9386,171,153,18,18
9387,72,72,0,0
9388,121,105,16,16
9389,47,57,-10,10
9390,73,84,-11,11
9391,124,103,21,21
9392,87,95,-8,8
9393,95,95,0,0
9394,77,82,-5,5
9395,167,159,8,8
9396,53,54,-1,1
9397,89,85,4,4
9398,83,80,3,3
9399,77,87,-10,10
9400,127,124,3,3
9401,94,96,-2,2
9402,95,85,10,10
9403,93,96,-3,3
9404,74,76,-2,2
9405,112,113,-1,1
9406,117,106,11,11
9407,69,74,-5,5
9408,88,95,-7,7
9409,71,78,-7,7
9410,57,60,-3,3
9411,89,86,3,3
9412,98,110,-12,12
9413,123,120,3,3
9414,88,86,2,2
9415,136,118,18,18
9416,85,79,6,6
9417,93,91,2,2
9418,150,151,-1,1
9419,50,62,-12,12
9420,77,84,-7,7
9421,87,88,-1,1
9422,123,116,7,7
9423,71,79,-8,8
9424,142,137,5,5
9425,78,84,-6,6
9426,111,111,0,0
9427,54,74,-20,20
9428,66,72,-6,6
9429,110,103,7,7
9430,96,90,6,6
9431,56,65,-9,9
9432,17,37,-20,20
9433,84,82,2,2
9434,108,108,0,0
9435,103,89,14,14
9436,102,99,3,3
9437,81,88,-7,7
9438,125,122,3,3
9439,120,126,-6,6
9440,89,86,3,3
9441,73,75,-2,2
9442,110,100,10,10
9443,86,85,1,1
9444,94,95,-1,1
9445,76,77,-1,1
9446,72,75,-3,3
9447,41,57,-16,16
9448,129,122,7,7
9449,80,82,-2,2
9450,92,86,6,6
9451,208,178,30,30
9452,170,162,8,8
9453,88,93,-5,5
9454,43,56,-13,13
9455,65,67,-2,2
9456,52,63,-11,11
9457,44,53,-9,9
9458,96,101,-5,5
9459,165,156,9,9
9460,92,85,7,7
9461,104,89,15,15
9462,131,123,8,8
9463,73,79,-6,6
9464,131,114,17,17
9465,51,75,-24,24
9466,63,73,-10,10
9467,107,110,-3,3
9468,109,122,-13,13
9469,131,110,21,21
9470,96,89,7,7
9471,90,79,11,11
9472,60,73,-13,13
9473,106,105,1,1
9474,101,86,15,15
9475,67,72,-5,5
9476,117,112,5,5
9477,76,82,-6,6
9478,78,75,3,3
9479,94,91,3,3
9480,95,96,-1,1
9481,78,71,7,7
9482,133,129,4,4
9483,41,62,-21,21
9484,105,104,1,1
9485,102,96,6,6
9486,88,96,-8,8
9487,106,103,3,3
9488,89,86,3,3
9489,98,118,-20,20
9490,128,115,13,13
9491,102,103,-1,1
9492,132,134,-2,2
9493,101,97,4,4
9494,144,139,5,5
9495,61,72,-11,11
9496,61,68,-7,7
9497,114,115,-1,1
9498,125,119,6,6
9499,70,73,-3,3
9500,83,92,-9,9
9501,147,140,7,7
9502,97,98,-1,1
9503,82,84,-2,2
9504,87,82,5,5
9505,94,95,-1,1
9506,54,70,-16,16
9507,71,83,-12,12
9508,105,96,9,9
9509,87,88,-1,1
9510,95,103,-8,8
9511,71,79,-8,8
9512,76,85,-9,9
9513,123,117,6,6
9514,127,117,10,10
9515,84,93,-9,9
9516,48,60,-12,12
9517,108,91,17,17
9518,157,128,29,29
9519,54,62,-8,8
9520,100,93,7,7
9521,118,107,11,11
9522,57,68,-11,11
9523,137,127,10,10
9524,80,86,-6,6
9525,48,61,-13,13
9526,49,53,-4,4
9527,94,95,-1,1
9528,101,94,7,7
9529,64,72,-8,8
9530,114,123,-9,9
9531,82,80,2,2
9532,62,72,-10,10
9533,57,71,-14,14
9534,88,93,-5,5
9535,92,97,-5,5
9536,66,82,-16,16
9537,76,84,-8,8
9538,59,65,-6,6
9539,89,87,2,2
9540,63,71,-8,8
9541,51,57,-6,6
9542,123,119,4,4
9543,88,90,-2,2
9544,59,69,-10,10
9545,66,71,-5,5
9546,135,114,21,21
9547,54,66,-12,12
9548,24,45,-21,21
9549,91,82,9,9
9550,166,154,12,12
9551,45,57,-12,12
9552,95,88,7,7
9553,99,98,1,1
9554,70,82,-12,12
9555,81,78,3,3
9556,97,90,7,7
9557,75,90,-15,15
9558,55,70,-15,15
9559,86,92,-6,6
9560,172,155,17,17
9561,65,83,-18,18
9562,174,155,19,19
9563,78,82,-4,4
9564,81,88,-7,7
9565,68,72,-4,4
9566,74,71,3,3
9567,46,58,-12,12
9568,119,121,-2,2
9569,48,62,-14,14
9570,112,113,-1,1
9571,135,149,-14,14
9572,91,83,8,8
9573,103,95,8,8
9574,95,113,-18,18
9575,91,79,12,12
9576,201,172,29,29
9577,89,89,0,0
9578,71,72,-1,1
9579,198,181,17,17
9580,93,85,8,8
9581,82,84,-2,2
9582,132,121,11,11
9583,79,86,-7,7
9584,60,70,-10,10
9585,72,83,-11,11
9586,107,107,0,0
9587,112,112,0,0
9588,99,102,-3,3
9589,104,110,-6,6
9590,68,73,-5,5
9591,57,65,-8,8
9592,47,61,-14,14
9593,96,91,5,5
9594,95,106,-11,11
9595,43,56,-13,13
9596,116,104,12,12
9597,65,73,-8,8
9598,106,88,18,18
9599,117,124,-7,7
9600,96,95,1,1
9601,67,72,-5,5
9602,100,88,12,12
9603,108,106,2,2
9604,103,97,6,6
9605,58,69,-11,11
9606,88,86,2,2
9607,133,119,14,14
9608,161,155,6,6
9609,95,87,8,8
9610,99,89,10,10
9611,69,69,0,0
9612,112,103,9,9
9613,127,116,11,11
9614,66,75,-9,9
9615,116,118,-2,2
9616,105,115,-10,10
9617,100,91,9,9
9618,93,95,-2,2
9619,79,86,-7,7
9620,121,110,11,11
9621,86,94,-8,8
9622,88,82,6,6
9623,177,154,23,23
9624,67,67,0,0
9625,73,80,-7,7
9626,105,99,6,6
9627,115,109,6,6
9628,141,132,9,9
9629,75,81,-6,6
9630,58,67,-9,9
9631,86,87,-1,1
9632,137,127,10,10
9633,113,112,1,1
9634,92,91,1,1
9635,83,92,-9,9
9636,103,110,-7,7
9637,145,128,17,17
9638,84,83,1,1
9639,123,124,-1,1
9640,104,99,5,5
9641,61,67,-6,6
9642,79,104,-25,25
9643,90,108,-18,18
9644,115,114,1,1
9645,138,143,-5,5
9646,80,83,-3,3
9647,92,96,-4,4
9648,126,117,9,9
9649,62,59,3,3
9650,81,85,-4,4
9651,88,85,3,3
9652,90,93,-3,3
9653,70,75,-5,5
9654,113,109,4,4
9655,81,85,-4,4
9656,70,82,-12,12
9657,87,87,0,0
9658,62,73,-11,11
9659,54,65,-11,11
9660,85,84,1,1
9661,76,77,-1,1
9662,44,57,-13,13
9663,106,99,7,7
9664,116,107,9,9
9665,114,135,-21,21
9666,156,146,10,10
9667,127,114,13,13
9668,61,70,-9,9
9669,57,62,-5,5
9670,128,124,4,4
9671,90,85,5,5
9672,113,108,5,5
9673,81,78,3,3
9674,48,65,-17,17
9675,47,58,-11,11
9676,139,122,17,17
9677,154,145,9,9
9678,104,108,-4,4
9679,97,95,2,2
9680,123,121,2,2
9681,68,65,3,3
9682,94,98,-4,4
9683,77,88,-11,11
9684,45,56,-11,11
9685,78,81,-3,3
9686,75,82,-7,7
9687,79,79,0,0
9688,175,174,1,1
9689,117,110,7,7
9690,108,100,8,8
9691,106,106,0,0
9692,82,77,5,5
9693,112,99,13,13
9694,74,76,-2,2
9695,117,115,2,2
9696,94,99,-5,5
9697,226,201,25,25
9698,120,106,14,14
9699,40,53,-13,13
9700,40,101,-61,61
9701,119,117,2,2
9702,51,64,-13,13
9703,61,68,-7,7
9704,119,111,8,8
9705,97,85,12,12
9706,70,81,-11,11
9707,101,93,8,8
9708,160,150,10,10
9709,88,87,1,1
9710,41,60,-19,19
9711,86,85,1,1
9712,76,83,-7,7
9713,66,76,-10,10
9714,110,108,2,2
9715,120,112,8,8
9716,97,98,-1,1
9717,89,96,-7,7
9718,117,109,8,8
9719,59,74,-15,15
9720,145,140,5,5
9721,84,81,3,3
9722,78,86,-8,8
9723,65,70,-5,5
9724,62,69,-7,7
9725,114,108,6,6
9726,76,83,-7,7
9727,51,64,-13,13
9728,131,136,-5,5
9729,162,166,-4,4
9730,90,100,-10,10
9731,95,98,-3,3
9732,49,70,-21,21
9733,81,86,-5,5
9734,103,100,3,3
9735,136,138,-2,2
9736,116,111,5,5
9737,74,78,-4,4
9738,54,69,-15,15
9739,110,109,1,1
9740,113,100,13,13
9741,142,118,24,24
9742,130,107,23,23
9743,156,143,13,13
9744,186,182,4,4
9745,70,74,-4,4
9746,115,102,13,13
9747,149,126,23,23
9748,135,118,17,17
9749,72,75,-3,3
9750,143,138,5,5
9751,190,170,20,20
9752,117,121,-4,4
9753,124,118,6,6
9754,78,89,-11,11
9755,90,95,-5,5
9756,49,55,-6,6
9757,52,67,-15,15
9758,48,60,-12,12
9759,69,75,-6,6
9760,69,79,-10,10
9761,40,60,-20,20
9762,89,95,-6,6
9763,85,86,-1,1
9764,104,109,-5,5
9765,130,119,11,11
9766,110,93,17,17
9767,136,124,12,12
9768,91,82,9,9
9769,83,87,-4,4
9770,50,59,-9,9
9771,104,102,2,2
9772,83,80,3,3
9773,114,111,3,3
9774,119,128,-9,9
9775,88,84,4,4
9776,68,95,-27,27
9777,84,100,-16,16
9778,93,79,14,14
9779,56,62,-6,6
9780,66,75,-9,9
9781,60,68,-8,8
9782,58,68,-10,10
9783,142,135,7,7
9784,197,175,22,22
9785,53,63,-10,10
9786,86,102,-16,16
9787,85,85,0,0
9788,153,131,22,22
9789,58,67,-9,9
9790,78,79,-1,1
9791,159,145,14,14
9792,129,124,5,5
9793,115,111,4,4
9794,64,70,-6,6
9795,142,134,8,8
9796,83,83,0,0
9797,171,172,-1,1
9798,137,143,-6,6
9799,107,106,1,1
9800,101,89,12,12
9801,75,72,3,3
9802,103,95,8,8
9803,80,82,-2,2
9804,51,66,-15,15
9805,92,83,9,9
9806,88,88,0,0
9807,96,98,-2,2
9808,140,127,13,13
9809,107,105,2,2
9810,59,70,-11,11
9811,128,111,17,17
9812,80,79,1,1
9813,40,53,-13,13
9814,139,134,5,5
9815,79,76,3,3
9816,89,83,6,6
9817,127,119,8,8
9818,132,117,15,15
9819,104,105,-1,1
9820,100,91,9,9
9821,76,78,-2,2
9822,182,144,38,38
9823,43,55,-12,12
9824,56,65,-9,9
9825,140,132,8,8
9826,98,99,-1,1
9827,66,80,-14,14
9828,52,57,-5,5
9829,100,96,4,4
9830,131,113,18,18
9831,47,41,6,6
9832,57,67,-10,10
9833,58,68,-10,10
9834,100,96,4,4
9835,143,144,-1,1
9836,81,77,4,4
9837,130,108,22,22
9838,63,76,-13,13
9839,84,102,-18,18
9840,86,87,-1,1
9841,118,114,4,4
9842,109,99,10,10
9843,176,173,3,3
9844,68,75,-7,7
9845,102,101,1,1
9846,65,69,-4,4
9847,88,92,-4,4
9848,127,115,12,12
9849,56,63,-7,7
9850,104,101,3,3
9851,105,93,12,12
9852,84,84,0,0
9853,27,69,-42,42
9854,95,97,-2,2
9855,77,83,-6,6
9856,192,193,-1,1
9857,78,75,3,3
9858,122,121,1,1
9859,80,84,-4,4
9860,94,85,9,9
9861,126,118,8,8
9862,44,57,-13,13
9863,73,82,-9,9
9864,104,85,19,19
9865,71,72,-1,1
9866,65,77,-12,12
9867,96,83,13,13
9868,116,97,19,19
9869,103,104,-1,1
9870,129,123,6,6
9871,143,136,7,7
9872,100,115,-15,15
9873,133,118,15,15
9874,64,69,-5,5
9875,121,115,6,6
9876,61,73,-12,12
9877,55,70,-15,15
9878,49,57,-8,8
9879,86,84,2,2
9880,85,84,1,1
9881,61,66,-5,5
9882,128,131,-3,3
9883,91,82,9,9
9884,99,84,15,15
9885,92,93,-1,1
9886,179,167,12,12
9887,114,99,15,15
9888,66,68,-2,2
9889,78,86,-8,8
9890,69,76,-7,7
9891,121,112,9,9
9892,85,78,7,7
9893,110,123,-13,13
9894,92,96,-4,4
9895,117,107,10,10
9896,174,159,15,15
9897,135,129,6,6
9898,64,66,-2,2
9899,75,75,0,0
9900,97,105,-8,8
9901,120,122,-2,2
9902,102,97,5,5
9903,91,88,3,3
9904,70,77,-7,7
9905,64,78,-14,14
9906,49,59,-10,10
9907,94,100,-6,6
9908,71,83,-12,12
9909,136,157,-21,21
9910,68,75,-7,7
9911,122,116,6,6
9912,73,77,-4,4
9913,114,112,2,2
9914,98,97,1,1
9915,104,98,6,6
9916,103,96,7,7
9917,108,100,8,8
9918,127,118,9,9
9919,130,132,-2,2
9920,95,95,0,0
9921,89,83,6,6
9922,73,77,-4,4
9923,157,133,24,24
9924,103,95,8,8
9925,105,100,5,5
9926,112,103,9,9
9927,109,99,10,10
9928,79,81,-2,2
9929,92,109,-17,17
9930,72,71,1,1
9931,48,61,-13,13
9932,98,92,6,6
9933,111,108,3,3
9934,119,107,12,12
9935,139,118,21,21
9936,55,74,-19,19
9937,107,107,0,0
9938,135,141,-6,6
9939,102,96,6,6
9940,88,93,-5,5
9941,105,113,-8,8
9942,136,119,17,17
9943,82,87,-5,5
9944,67,73,-6,6
9945,123,116,7,7
9946,120,118,2,2
9947,94,100,-6,6
9948,51,62,-11,11
9949,95,88,7,7
9950,92,94,-2,2
9951,154,130,24,24
9952,76,82,-6,6
9953,59,65,-6,6
9954,153,137,16,16
9955,66,78,-12,12
9956,96,101,-5,5
9957,131,120,11,11
9958,81,81,0,0
9959,80,86,-6,6
9960,59,68,-9,9
9961,72,78,-6,6
9962,148,141,7,7
9963,123,135,-12,12
9964,72,76,-4,4
9965,59,68,-9,9
9966,145,140,5,5
9967,95,97,-2,2
9968,125,120,5,5
9969,79,83,-4,4
9970,79,83,-4,4
9971,68,76,-8,8
9972,135,130,5,5
9973,96,96,0,0
9974,64,71,-7,7
9975,62,65,-3,3
9976,102,97,5,5
9977,141,131,10,10
9978,82,79,3,3
9979,84,78,6,6
9980,85,90,-5,5
9981,77,82,-5,5
9982,107,99,8,8
9983,94,91,3,3
9984,84,79,5,5
9985,90,86,4,4
9986,127,121,6,6
9987,94,95,-1,1
9988,142,157,-15,15
9989,88,97,-9,9
9990,104,98,6,6
9991,66,73,-7,7
9992,48,58,-10,10
9993,76,79,-3,3
9994,105,101,4,4
9995,62,66,-4,4
9996,82,84,-2,2
9997,123,122,1,1
9998,88,95,-7,7
9999,68,71,-3,3
10000,171,152,19,19
10001,134,122,12,12
10002,81,82,-1,1
10003,66,75,-9,9
10004,49,62,-13,13
10005,92,97,-5,5
10006,121,112,9,9
10007,133,122,11,11
10008,147,133,14,14
10009,81,84,-3,3
10010,69,75,-6,6
10011,83,85,-2,2
10012,88,86,2,2
10013,59,59,0,0
10014,91,95,-4,4
10015,153,152,1,1
10016,114,106,8,8
10017,77,86,-9,9
10018,85,76,9,9
10019,80,80,0,0
10020,74,76,-2,2
10021,169,153,16,16
10022,108,104,4,4
10023,121,121,0,0
10024,83,88,-5,5
10025,56,62,-6,6
10026,74,79,-5,5
10027,53,68,-15,15
10028,80,87,-7,7
10029,79,82,-3,3
10030,117,109,8,8
10031,174,157,17,17
10032,77,77,0,0
10033,114,99,15,15
10034,79,82,-3,3
10035,158,146,12,12
10036,80,82,-2,2
10037,90,113,-23,23
10038,111,104,7,7
10039,155,135,20,20
10040,55,66,-11,11
10041,74,78,-4,4
10042,62,73,-11,11
10043,138,132,6,6
10044,143,150,-7,7
10045,113,110,3,3
10046,100,101,-1,1
10047,115,96,19,19
10048,49,59,-10,10
10049,139,140,-1,1
10050,114,114,0,0
10051,125,125,0,0
10052,61,69,-8,8
10053,136,127,9,9
10054,77,76,1,1
10055,211,181,30,30
10056,66,66,0,0
10057,111,103,8,8
10058,122,120,2,2
10059,139,130,9,9
10060,121,109,12,12
10061,108,112,-4,4
10062,85,94,-9,9
10063,110,103,7,7
10064,62,76,-14,14
10065,107,99,8,8
10066,49,58,-9,9
10067,82,84,-2,2
10068,92,88,4,4
10069,59,67,-8,8
10070,56,66,-10,10
10071,105,98,7,7
10072,61,70,-9,9
10073,95,102,-7,7
10074,56,66,-10,10
10075,148,146,2,2
10076,123,124,-1,1
10077,111,115,-4,4
10078,75,76,-1,1
10079,139,145,-6,6
10080,68,75,-7,7
10081,90,85,5,5
10082,150,149,1,1
10083,133,113,20,20
10084,49,64,-15,15
10085,62,70,-8,8
10086,111,100,11,11
10087,117,114,3,3
10088,151,143,8,8
10089,100,95,5,5
10090,42,60,-18,18
10091,78,80,-2,2
10092,48,60,-12,12
10093,118,103,15,15
10094,70,71,-1,1
10095,117,126,-9,9
10096,61,82,-21,21
10097,94,99,-5,5
10098,78,81,-3,3
10099,170,156,14,14
10100,68,70,-2,2
10101,78,77,1,1
10102,47,61,-14,14
10103,130,108,22,22
10104,80,80,0,0
10105,70,80,-10,10
10106,49,53,-4,4
10107,117,110,7,7
10108,86,89,-3,3
10109,82,79,3,3
10110,54,64,-10,10
10111,160,151,9,9
10112,78,91,-13,13
10113,82,83,-1,1
10114,59,61,-2,2
10115,115,110,5,5
10116,86,91,-5,5
10117,119,103,16,16
10118,116,113,3,3
10119,90,97,-7,7
10120,75,80,-5,5
10121,81,83,-2,2
10122,87,93,-6,6
10123,108,103,5,5
10124,50,61,-11,11
10125,53,62,-9,9
10126,130,136,-6,6
10127,125,113,12,12
10128,118,112,6,6
10129,112,105,7,7
10130,62,74,-12,12
10131,105,102,3,3
10132,90,99,-9,9
10133,143,138,5,5
10134,58,63,-5,5
10135,64,74,-10,10
10136,108,98,10,10
10137,98,84,14,14
10138,136,127,9,9
10139,101,110,-9,9
10140,85,91,-6,6
10141,92,95,-3,3
10142,144,129,15,15
10143,80,84,-4,4
10144,110,96,14,14
10145,66,70,-4,4
10146,73,75,-2,2
10147,59,66,-7,7
10148,88,92,-4,4
10149,74,88,-14,14
10150,61,72,-11,11
10151,125,114,11,11
10152,55,61,-6,6
10153,115,110,5,5
10154,58,70,-12,12
10155,76,85,-9,9
10156,137,138,-1,1
10157,81,79,2,2
10158,116,112,4,4
10159,81,81,0,0
10160,94,89,5,5
10161,78,92,-14,14
10162,80,80,0,0
10163,99,93,6,6
10164,118,110,8,8
10165,137,127,10,10
10166,98,105,-7,7
10167,71,73,-2,2
10168,83,87,-4,4
10169,132,139,-7,7
10170,69,75,-6,6
10171,119,111,8,8
10172,101,106,-5,5
10173,92,95,-3,3
10174,74,74,0,0
10175,95,96,-1,1
10176,67,74,-7,7
10177,50,65,-15,15
10178,106,100,6,6
10179,102,96,6,6
10180,359,245,114,114
10181,58,66,-8,8
10182,94,89,5,5
10183,90,82,8,8
10184,88,84,4,4
10185,105,94,11,11
10186,75,78,-3,3
10187,89,88,1,1
10188,86,85,1,1
10189,133,123,10,10
10190,35,52,-17,17
10191,88,85,3,3
10192,177,155,22,22
10193,100,95,5,5
10194,65,67,-2,2
10195,104,98,6,6
10196,67,69,-2,2
10197,86,87,-1,1
10198,123,111,12,12
10199,108,101,7,7
10200,84,84,0,0
10201,54,68,-14,14
10202,95,94,1,1
10203,86,82,4,4
10204,70,83,-13,13
10205,84,81,3,3
10206,107,104,3,3
10207,45,60,-15,15
10208,85,91,-6,6
10209,79,80,-1,1
10210,125,120,5,5
10211,92,88,4,4
10212,74,79,-5,5
10213,139,137,2,2
10214,84,83,1,1
10215,103,114,-11,11
10216,60,74,-14,14
10217,78,84,-6,6
10218,69,61,8,8
10219,131,126,5,5
10220,102,96,6,6
10221,69,74,-5,5
10222,58,69,-11,11
10223,43,55,-12,12
10224,29,48,-19,19
10225,86,89,-3,3
10226,114,112,2,2
10227,38,57,-19,19
10228,113,119,-6,6
10229,74,86,-12,12
10230,67,72,-5,5
10231,221,211,10,10
10232,103,98,5,5
10233,224,202,22,22
10234,82,96,-14,14
10235,104,97,7,7
10236,115,104,11,11
10237,70,88,-18,18
10238,92,91,1,1
10239,118,110,8,8
10240,159,136,23,23
10241,124,106,18,18
10242,165,135,30,30
10243,118,123,-5,5
10244,79,73,6,6
10245,113,105,8,8
10246,61,68,-7,7
10247,112,108,4,4
10248,68,72,-4,4
10249,71,81,-10,10
10250,127,117,10,10
10251,82,81,1,1
10252,63,70,-7,7
10253,189,190,-1,1
10254,73,81,-8,8
10255,76,74,2,2
10256,99,103,-4,4
10257,131,123,8,8
10258,88,90,-2,2
10259,61,70,-9,9
10260,135,125,10,10
10261,52,64,-12,12
10262,114,111,3,3
10263,82,82,0,0
10264,106,105,1,1
10265,102,111,-9,9
10266,105,112,-7,7
10267,77,85,-8,8
10268,66,70,-4,4
10269,129,116,13,13
10270,73,80,-7,7
10271,77,79,-2,2
10272,70,76,-6,6
10273,40,52,-12,12
10274,55,70,-15,15
10275,130,134,-4,4
10276,168,149,19,19
10277,76,72,4,4
10278,136,126,10,10
10279,104,108,-4,4
10280,52,63,-11,11
10281,151,137,14,14
10282,74,79,-5,5
10283,60,75,-15,15
10284,90,86,4,4
10285,81,80,1,1
10286,118,115,3,3
10287,96,94,2,2
10288,96,93,3,3
10289,151,145,6,6
10290,125,115,10,10
10291,73,73,0,0
10292,107,102,5,5
10293,113,111,2,2
10294,118,124,-6,6
10295,71,81,-10,10
10296,68,75,-7,7
10297,65,73,-8,8
10298,48,63,-15,15
10299,73,80,-7,7
10300,86,106,-20,20
10301,45,55,-10,10
10302,87,86,1,1
10303,113,108,5,5
10304,137,132,5,5
10305,114,115,-1,1
10306,61,69,-8,8
10307,106,95,11,11
10308,128,127,1,1
10309,111,110,1,1
10310,100,96,4,4
10311,100,95,5,5
10312,133,137,-4,4
10313,96,95,1,1
10314,133,129,4,4
10315,130,125,5,5
10316,78,84,-6,6
10317,130,109,21,21
10318,110,118,-8,8
10319,75,85,-10,10
10320,144,141,3,3
10321,81,87,-6,6
10322,63,74,-11,11
10323,122,119,3,3
10324,119,124,-5,5
10325,99,101,-2,2
10326,111,106,5,5
10327,143,120,23,23
10328,104,114,-10,10
10329,93,86,7,7
10330,72,82,-10,10
10331,79,84,-5,5
10332,128,129,-1,1
10333,99,96,3,3
10334,76,84,-8,8
10335,100,100,0,0
10336,70,76,-6,6
10337,148,147,1,1
10338,68,72,-4,4
10339,100,109,-9,9
10340,74,88,-14,14
10341,86,82,4,4
10342,93,86,7,7
10343,138,116,22,22
10344,149,155,-6,6
10345,65,68,-3,3
10346,89,93,-4,4
10347,117,87,30,30
10348,98,87,11,11
10349,127,121,6,6
10350,106,99,7,7
10351,68,69,-1,1
10352,160,135,25,25
10353,83,92,-9,9
10354,129,112,17,17
10355,117,101,16,16
10356,74,86,-12,12
10357,101,98,3,3
10358,113,108,5,5
10359,121,110,11,11
10360,122,123,-1,1
10361,117,109,8,8
10362,131,132,-1,1
10363,68,67,1,1
10364,86,95,-9,9
10365,97,93,4,4
10366,125,116,9,9
10367,65,75,-10,10
10368,49,56,-7,7
10369,81,82,-1,1
10370,103,102,1,1
10371,110,101,9,9
10372,86,90,-4,4
10373,103,98,5,5
10374,103,101,2,2
10375,59,67,-8,8
10376,119,105,14,14
10377,40,50,-10,10
10378,102,102,0,0
10379,120,109,11,11
10380,103,103,0,0
10381,101,97,4,4
10382,106,100,6,6
10383,110,108,2,2
10384,82,81,1,1
10385,88,84,4,4
10386,174,167,7,7
10387,99,92,7,7
10388,66,74,-8,8
10389,105,106,-1,1
10390,59,67,-8,8
10391,128,110,18,18
10392,53,69,-16,16
10393,123,125,-2,2
10394,88,90,-2,2
10395,80,80,0,0
10396,72,85,-13,13
10397,73,81,-8,8
10398,60,67,-7,7
10399,88,86,2,2
10400,82,84,-2,2
10401,156,141,15,15
10402,163,139,24,24
10403,73,75,-2,2
10404,105,95,10,10
10405,137,119,18,18
10406,74,79,-5,5
10407,85,81,4,4
10408,71,77,-6,6
10409,56,69,-13,13
10410,95,92,3,3
10411,48,59,-11,11
10412,113,111,2,2
10413,96,94,2,2
10414,111,109,2,2
10415,80,112,-32,32
10416,44,57,-13,13
10417,73,75,-2,2
10418,132,110,22,22
10419,100,88,12,12
10420,126,116,10,10
10421,77,86,-9,9
10422,81,92,-11,11
10423,68,68,0,0
10424,73,91,-18,18
10425,100,99,1,1
10426,98,87,11,11
10427,60,65,-5,5
10428,110,105,5,5
10429,102,98,4,4
10430,75,76,-1,1
10431,138,136,2,2
10432,81,79,2,2
10433,108,110,-2,2
10434,148,134,14,14
10435,59,63,-4,4
10436,88,94,-6,6
10437,104,86,18,18
10438,72,70,2,2
10439,82,86,-4,4
10440,93,91,2,2
10441,93,87,6,6
10442,160,151,9,9
10443,129,124,5,5
10444,113,111,2,2
10445,116,97,19,19
10446,119,114,5,5
10447,86,83,3,3
10448,44,53,-9,9
10449,76,75,1,1
10450,61,73,-12,12
10451,80,88,-8,8
10452,99,85,14,14
10453,87,99,-12,12
10454,117,110,7,7
10455,50,72,-22,22
10456,150,135,15,15
10457,123,107,16,16
10458,100,81,19,19
10459,147,136,11,11
10460,185,182,3,3
10461,59,63,-4,4
10462,81,78,3,3
10463,61,79,-18,18
10464,126,117,9,9
10465,82,85,-3,3
10466,100,96,4,4
10467,81,78,3,3
10468,39,50,-11,11
10469,77,77,0,0
10470,51,60,-9,9
10471,98,102,-4,4
10472,133,140,-7,7
10473,80,82,-2,2
10474,151,127,24,24
10475,88,84,4,4
10476,55,63,-8,8
10477,72,82,-10,10
10478,75,83,-8,8
10479,77,76,1,1
10480,81,74,7,7
10481,144,138,6,6
10482,121,102,19,19
10483,57,66,-9,9
10484,69,89,-20,20
10485,99,98,1,1
10486,64,76,-12,12
10487,130,109,21,21
10488,106,104,2,2
10489,72,78,-6,6
10490,67,77,-10,10
10491,68,72,-4,4
10492,79,87,-8,8
10493,81,83,-2,2
10494,69,74,-5,5
10495,67,72,-5,5
10496,73,77,-4,4
10497,39,55,-16,16
10498,112,118,-6,6
10499,71,78,-7,7
10500,132,118,14,14
10501,133,133,0,0
10502,95,93,2,2
10503,112,103,9,9
10504,112,98,14,14
10505,99,110,-11,11
10506,71,81,-10,10
10507,127,136,-9,9
10508,89,95,-6,6
10509,87,86,1,1
10510,124,113,11,11
10511,66,72,-6,6
10512,92,94,-2,2
10513,80,78,2,2
10514,94,95,-1,1
10515,146,147,-1,1
10516,139,134,5,5
10517,136,127,9,9
10518,63,69,-6,6
10519,54,66,-12,12
10520,171,155,16,16
10521,91,85,6,6
10522,170,150,20,20
10523,147,134,13,13
10524,70,72,-2,2
10525,140,138,2,2
10526,117,114,3,3
10527,72,75,-3,3
10528,132,122,10,10
10529,63,73,-10,10
10530,102,104,-2,2
10531,81,85,-4,4
10532,90,88,2,2
10533,87,92,-5,5
10534,127,118,9,9
10535,56,67,-11,11
10536,44,56,-12,12
10537,122,113,9,9
10538,111,104,7,7
10539,66,75,-9,9
10540,110,111,-1,1
10541,101,98,3,3
10542,119,120,-1,1
10543,75,85,-10,10
10544,65,67,-2,2
10545,55,67,-12,12
10546,76,85,-9,9
10547,70,75,-5,5
10548,157,170,-13,13
10549,27,41,-14,14
10550,83,80,3,3
10551,125,115,10,10
10552,95,98,-3,3
10553,86,81,5,5
10554,116,112,4,4
10555,66,70,-4,4
10556,144,157,-13,13
10557,96,100,-4,4
10558,94,95,-1,1
10559,37,52,-15,15
10560,195,175,20,20
10561,108,104,4,4
10562,130,128,2,2
10563,78,83,-5,5
10564,57,70,-13,13
10565,72,73,-1,1
10566,57,74,-17,17
10567,90,100,-10,10
10568,67,63,4,4
10569,157,152,5,5
10570,57,68,-11,11
10571,94,95,-1,1
10572,69,79,-10,10
10573,86,86,0,0
10574,58,64,-6,6
10575,105,102,3,3
10576,74,75,-1,1
10577,116,113,3,3
10578,78,78,0,0
10579,115,107,8,8
10580,64,69,-5,5
10581,127,115,12,12
10582,77,80,-3,3
10583,99,92,7,7
10584,68,75,-7,7
10585,101,111,-10,10
10586,88,83,5,5
10587,121,115,6,6
10588,100,100,0,0
10589,87,76,11,11
10590,80,76,4,4
10591,43,59,-16,16
10592,103,106,-3,3
10593,149,132,17,17
10594,67,80,-13,13
10595,110,107,3,3
10596,127,112,15,15
10597,55,63,-8,8
10598,133,121,12,12
10599,82,85,-3,3
10600,45,52,-7,7
10601,59,66,-7,7
10602,120,112,8,8
10603,103,106,-3,3
10604,145,141,4,4
10605,119,119,0,0
10606,75,84,-9,9
10607,74,73,1,1
10608,109,107,2,2
10609,148,137,11,11
10610,80,84,-4,4
10611,68,72,-4,4
10612,116,115,1,1
10613,114,103,11,11
10614,100,100,0,0
10615,72,77,-5,5
10616,119,133,-14,14
10617,96,88,8,8
10618,58,68,-10,10
10619,132,133,-1,1
10620,169,163,6,6
10621,70,75,-5,5
10622,90,86,4,4
10623,93,90,3,3
10624,107,119,-12,12
10625,124,110,14,14
10626,43,56,-13,13
10627,102,96,6,6
10628,107,103,4,4
10629,61,73,-12,12
10630,62,73,-11,11
10631,72,76,-4,4
10632,129,120,9,9
10633,74,78,-4,4
10634,81,79,2,2
10635,107,98,9,9
10636,79,78,1,1
10637,43,49,-6,6
10638,72,79,-7,7
10639,102,86,16,16
10640,93,86,7,7
10641,90,89,1,1
10642,66,66,0,0
10643,125,116,9,9
10644,73,76,-3,3
10645,78,76,2,2
10646,49,62,-13,13
10647,81,77,4,4
10648,74,81,-7,7
10649,78,78,0,0
10650,82,84,-2,2
10651,92,107,-15,15
10652,110,88,22,22
10653,96,93,3,3
10654,83,88,-5,5
10655,143,136,7,7
10656,88,82,6,6
10657,111,107,4,4
10658,54,63,-9,9
10659,66,74,-8,8
10660,68,81,-13,13
10661,57,67,-10,10
10662,169,141,28,28
10663,63,78,-15,15
10664,131,133,-2,2
10665,102,99,3,3
10666,47,58,-11,11
10667,58,73,-15,15
10668,127,120,7,7
10669,100,97,3,3
10670,109,109,0,0
10671,109,102,7,7
10672,92,89,3,3
10673,93,93,0,0
10674,64,70,-6,6
10675,95,99,-4,4
10676,97,92,5,5
10677,87,90,-3,3
10678,65,73,-8,8
10679,84,85,-1,1
10680,140,118,22,22
10681,88,84,4,4
10682,56,63,-7,7
10683,131,122,9,9
10684,107,102,5,5
10685,93,87,6,6
10686,125,114,11,11
10687,204,187,17,17
10688,128,117,11,11
10689,80,79,1,1
10690,161,175,-14,14
10691,114,106,8,8
10692,96,81,15,15
10693,79,84,-5,5
10694,60,68,-8,8
10695,176,160,16,16
10696,41,52,-11,11
10697,50,64,-14,14
10698,45,57,-12,12
10699,168,137,31,31
10700,65,71,-6,6
10701,57,57,0,0
10702,98,97,1,1
10703,77,81,-4,4
10704,84,82,2,2
10705,76,81,-5,5
10706,75,87,-12,12
10707,93,98,-5,5
10708,71,102,-31,31
10709,87,84,3,3
10710,65,73,-8,8
10711,130,114,16,16
10712,74,70,4,4
10713,34,50,-16,16
10714,129,106,23,23
10715,114,113,1,1
10716,70,72,-2,2
10717,50,66,-16,16
10718,93,84,9,9
10719,55,61,-6,6
10720,94,83,11,11
10721,46,51,-5,5
10722,50,58,-8,8
10723,104,95,9,9
10724,118,114,4,4
10725,102,97,5,5
10726,84,86,-2,2
10727,165,168,-3,3
10728,97,98,-1,1
10729,92,94,-2,2
10730,89,79,10,10
10731,76,80,-4,4
10732,75,92,-17,17
10733,142,138,4,4
10734,96,95,1,1
10735,145,143,2,2
10736,87,92,-5,5
10737,64,70,-6,6
10738,48,69,-21,21
10739,94,89,5,5
10740,69,70,-1,1
10741,66,68,-2,2
10742,131,117,14,14
10743,98,93,5,5
10744,94,96,-2,2
10745,65,73,-8,8
10746,89,92,-3,3
10747,128,119,9,9
10748,144,130,14,14
10749,53,67,-14,14
10750,108,108,0,0
10751,29,51,-22,22
10752,58,65,-7,7
10753,94,100,-6,6
10754,74,78,-4,4
10755,133,125,8,8
10756,75,77,-2,2
10757,87,83,4,4
10758,133,126,7,7
10759,74,74,0,0
10760,80,83,-3,3
10761,52,63,-11,11
10762,116,109,7,7
10763,158,149,9,9
10764,224,201,23,23
10765,97,96,1,1
10766,128,117,11,11
10767,102,100,2,2
10768,114,102,12,12
10769,41,54,-13,13
10770,86,86,0,0
10771,42,56,-14,14
10772,111,103,8,8
10773,142,140,2,2
10774,68,75,-7,7
10775,65,70,-5,5
10776,116,117,-1,1
10777,91,85,6,6
10778,157,147,10,10
10779,140,133,7,7
10780,126,112,14,14
10781,77,77,0,0
10782,86,88,-2,2
10783,102,103,-1,1
10784,95,90,5,5
10785,64,71,-7,7
10786,103,114,-11,11
10787,55,69,-14,14
10788,77,83,-6,6
10789,160,145,15,15
10790,58,67,-9,9
10791,191,187,4,4
10792,121,122,-1,1
10793,77,72,5,5
10794,161,149,12,12
10795,65,70,-5,5
10796,80,95,-15,15
10797,77,84,-7,7
10798,67,81,-14,14
10799,51,60,-9,9
10800,76,78,-2,2
10801,155,136,19,19
10802,96,87,9,9
10803,65,72,-7,7
10804,98,97,1,1
10805,101,97,4,4
10806,49,53,-4,4
10807,112,108,4,4
10808,81,70,11,11
10809,49,60,-11,11
10810,65,70,-5,5
10811,90,86,4,4
10812,126,112,14,14
10813,48,58,-10,10
10814,120,121,-1,1
10815,55,66,-11,11
10816,75,88,-13,13
10817,83,98,-15,15
10818,135,123,12,12
10819,131,123,8,8
10820,117,119,-2,2
10821,88,84,4,4
10822,92,92,0,0
10823,90,99,-9,9
10824,98,100,-2,2
10825,101,95,6,6
10826,138,136,2,2
10827,84,88,-4,4
10828,104,103,1,1
10829,98,109,-11,11
10830,87,89,-2,2
10831,102,104,-2,2
10832,81,86,-5,5
10833,75,82,-7,7
10834,145,132,13,13
10835,114,105,9,9
10836,63,71,-8,8
10837,51,61,-10,10
10838,109,106,3,3
10839,69,72,-3,3
10840,87,99,-12,12
10841,72,71,1,1
10842,114,112,2,2
10843,96,84,12,12
10844,140,144,-4,4
10845,171,158,13,13
10846,97,97,0,0
10847,77,80,-3,3
10848,125,112,13,13
10849,75,79,-4,4
10850,98,103,-5,5
10851,118,114,4,4
10852,120,111,9,9
10853,69,75,-6,6
10854,57,66,-9,9
10855,129,113,16,16
10856,127,120,7,7
10857,81,85,-4,4
10858,102,105,-3,3
10859,154,139,15,15
10860,116,108,8,8
10861,47,55,-8,8
10862,124,115,9,9
10863,124,112,12,12
10864,138,127,11,11
10865,82,85,-3,3
10866,120,109,11,11
10867,114,100,14,14
10868,90,91,-1,1
10869,88,84,4,4
10870,53,60,-7,7
10871,84,79,5,5
10872,80,83,-3,3
10873,147,134,13,13
10874,79,87,-8,8
10875,115,105,10,10
10876,80,81,-1,1
10877,117,110,7,7
10878,123,115,8,8
10879,54,70,-16,16
10880,93,88,5,5
10881,145,136,9,9
10882,128,130,-2,2
10883,73,78,-5,5
10884,51,60,-9,9
10885,65,71,-6,6
10886,102,108,-6,6
10887,95,100,-5,5
10888,58,64,-6,6
10889,49,68,-19,19
10890,113,108,5,5
10891,121,121,0,0
10892,148,142,6,6
10893,139,138,1,1
10894,96,105,-9,9
10895,143,130,13,13
10896,92,98,-6,6
10897,78,77,1,1
10898,11,20,-9,9
10899,66,74,-8,8
10900,79,81,-2,2
10901,70,75,-5,5
10902,67,75,-8,8
10903,77,80,-3,3
10904,144,137,7,7
10905,84,86,-2,2
10906,50,57,-7,7
10907,79,75,4,4
10908,90,99,-9,9
10909,62,62,0,0
10910,134,143,-9,9
10911,110,101,9,9
10912,78,103,-25,25
10913,142,123,19,19
10914,79,85,-6,6
10915,143,134,9,9
10916,80,87,-7,7
10917,37,48,-11,11
10918,70,72,-2,2
10919,96,101,-5,5
10920,135,137,-2,2
10921,76,78,-2,2
10922,181,166,15,15
10923,105,107,-2,2
10924,49,56,-7,7
10925,65,77,-12,12
10926,139,126,13,13
10927,38,53,-15,15
10928,83,86,-3,3
10929,56,70,-14,14
10930,120,103,17,17
10931,109,108,1,1
10932,160,149,11,11
10933,117,127,-10,10
10934,92,96,-4,4
10935,99,95,4,4
10936,114,110,4,4
10937,70,69,1,1
10938,93,97,-4,4
10939,112,104,8,8
10940,118,105,13,13
10941,72,71,1,1
10942,51,66,-15,15
10943,119,103,16,16
10944,85,85,0,0
10945,101,111,-10,10
10946,78,85,-7,7
10947,75,78,-3,3
10948,69,81,-12,12
10949,120,112,8,8
10950,72,77,-5,5
10951,64,80,-16,16
10952,80,80,0,0
10953,80,87,-7,7
10954,75,75,0,0
10955,76,79,-3,3
10956,157,139,18,18
10957,80,98,-18,18
10958,117,114,3,3
10959,103,91,12,12
10960,129,110,19,19
10961,139,130,9,9
10962,98,96,2,2
10963,87,82,5,5
10964,165,141,24,24
10965,73,80,-7,7
10966,137,131,6,6
10967,150,149,1,1
10968,74,83,-9,9
10969,157,144,13,13
10970,82,97,-15,15
10971,74,74,0,0
10972,37,58,-21,21
10973,95,95,0,0
10974,104,99,5,5
10975,124,123,1,1
10976,37,54,-17,17
10977,80,102,-22,22
10978,80,91,-11,11
10979,88,83,5,5
10980,147,121,26,26
10981,65,76,-11,11
10982,101,99,2,2
10983,93,91,2,2
10984,71,76,-5,5
10985,64,64,0,0
10986,71,79,-8,8
10987,60,72,-12,12
10988,64,80,-16,16
10989,55,63,-8,8
10990,48,76,-28,28
10991,141,126,15,15
10992,95,93,2,2
10993,58,67,-9,9
10994,95,91,4,4
10995,71,80,-9,9
10996,89,87,2,2
10997,125,117,8,8
10998,170,171,-1,1
10999,153,149,4,4
11000,84,84,0,0
11001,137,133,4,4
11002,81,79,2,2
11003,77,92,-15,15
11004,75,84,-9,9
11005,110,107,3,3
11006,53,61,-8,8
11007,92,87,5,5
11008,105,114,-9,9
11009,55,67,-12,12
11010,85,97,-12,12
11011,141,125,16,16
11012,126,126,0,0
11013,82,81,1,1
11014,124,115,9,9
11015,76,90,-14,14
11016,126,108,18,18
11017,56,66,-10,10
11018,65,70,-5,5
11019,91,98,-7,7
11020,65,73,-8,8
11021,84,87,-3,3
11022,95,96,-1,1
11023,109,96,13,13
11024,74,75,-1,1
11025,60,65,-5,5
11026,65,66,-1,1
11027,77,79,-2,2
11028,79,81,-2,2
11029,65,67,-2,2
11030,110,107,3,3
11031,116,123,-7,7
11032,67,75,-8,8
11033,83,85,-2,2
11034,120,111,9,9
11035,157,126,31,31
11036,123,116,7,7
11037,80,81,-1,1
11038,99,107,-8,8
11039,88,83,5,5
11040,67,85,-18,18
11041,134,129,5,5
11042,76,76,0,0
11043,96,103,-7,7
11044,83,91,-8,8
11045,57,69,-12,12
11046,93,90,3,3
11047,60,66,-6,6
11048,85,85,0,0
11049,62,76,-14,14
11050,110,107,3,3
11051,108,106,2,2
11052,66,71,-5,5
11053,67,83,-16,16
11054,71,73,-2,2
11055,79,80,-1,1
11056,145,145,0,0
11057,62,76,-14,14
11058,60,74,-14,14
11059,126,122,4,4
11060,120,117,3,3
11061,67,74,-7,7
11062,96,97,-1,1
11063,54,60,-6,6
11064,66,68,-2,2
11065,101,99,2,2
11066,83,79,4,4
11067,120,107,13,13
11068,186,177,9,9
11069,72,76,-4,4
11070,91,92,-1,1
11071,158,142,16,16
11072,67,74,-7,7
11073,118,99,19,19
11074,63,66,-3,3
11075,105,99,6,6
11076,124,107,17,17
11077,108,89,19,19
11078,121,108,13,13
11079,39,48,-9,9
11080,90,94,-4,4
11081,218,221,-3,3
11082,71,81,-10,10
11083,81,87,-6,6
11084,61,66,-5,5
11085,86,80,6,6
11086,59,65,-6,6
11087,168,170,-2,2
11088,86,96,-10,10
11089,104,107,-3,3
11090,89,90,-1,1
11091,80,81,-1,1
11092,81,81,0,0
11093,87,83,4,4
11094,119,106,13,13
11095,136,124,12,12
11096,113,102,11,11
11097,68,78,-10,10
11098,86,77,9,9
11099,103,100,3,3
11100,72,83,-11,11
11101,142,145,-3,3
11102,172,183,-11,11
11103,166,159,7,7
11104,96,106,-10,10
11105,106,118,-12,12
11106,125,117,8,8
11107,125,115,10,10
11108,75,100,-25,25
11109,94,86,8,8
11110,103,102,1,1
11111,58,62,-4,4
11112,81,79,2,2
11113,133,116,17,17
11114,122,117,5,5
11115,99,103,-4,4
11116,67,73,-6,6
11117,126,116,10,10
11118,91,86,5,5
11119,73,80,-7,7
11120,89,95,-6,6
11121,124,137,-13,13
11122,68,64,4,4
11123,126,118,8,8
11124,76,82,-6,6
11125,167,144,23,23
11126,36,48,-12,12
11127,137,128,9,9
11128,93,92,1,1
11129,115,109,6,6
11130,125,114,11,11
11131,79,81,-2,2
11132,59,66,-7,7
11133,90,91,-1,1
11134,73,77,-4,4
11135,74,75,-1,1
11136,111,101,10,10
11137,129,122,7,7
11138,80,83,-3,3
11139,97,92,5,5
11140,83,83,0,0
11141,129,121,8,8
11142,120,115,5,5
11143,93,86,7,7
11144,95,103,-8,8
11145,101,102,-1,1
11146,93,96,-3,3
11147,112,122,-10,10
11148,103,102,1,1
11149,60,70,-10,10
11150,95,107,-12,12
11151,62,64,-2,2
11152,69,76,-7,7
11153,83,97,-14,14
11154,53,57,-4,4
11155,98,89,9,9
11156,101,108,-7,7
11157,73,85,-12,12
11158,94,102,-8,8
11159,55,67,-12,12
11160,93,105,-12,12
11161,70,78,-8,8
11162,102,108,-6,6
11163,75,75,0,0
11164,77,72,5,5
11165,96,91,5,5
11166,93,100,-7,7
11167,78,85,-7,7
11168,155,139,16,16
11169,94,93,1,1
11170,66,72,-6,6
11171,71,85,-14,14
11172,96,95,1,1
11173,143,137,6,6
11174,60,69,-9,9
11175,79,86,-7,7
11176,93,91,2,2
11177,126,120,6,6
11178,128,117,11,11
11179,103,95,8,8
11180,95,94,1,1
11181,86,97,-11,11
11182,95,91,4,4
11183,68,72,-4,4
11184,102,105,-3,3
11185,74,79,-5,5
11186,94,115,-21,21
11187,83,72,11,11
11188,107,104,3,3
11189,65,68,-3,3
11190,66,74,-8,8
11191,113,108,5,5
11192,164,145,19,19
11193,60,70,-10,10
11194,139,148,-9,9
11195,96,100,-4,4
11196,87,78,9,9
11197,113,107,6,6
11198,180,171,9,9
11199,106,100,6,6
11200,73,80,-7,7
11201,121,122,-1,1
11202,125,119,6,6
11203,62,71,-9,9
11204,56,62,-6,6
11205,81,83,-2,2
11206,103,98,5,5
11207,107,99,8,8
11208,70,70,0,0
11209,107,97,10,10
11210,167,194,-27,27
11211,72,63,9,9
11212,123,111,12,12
11213,178,183,-5,5
11214,142,146,-4,4
11215,138,121,17,17
11216,148,129,19,19
11217,141,136,5,5
11218,119,123,-4,4
11219,67,75,-8,8
11220,126,135,-9,9
11221,35,70,-35,35
11222,86,87,-1,1
11223,82,94,-12,12
11224,135,159,-24,24
11225,111,103,8,8
11226,145,141,4,4
11227,99,83,16,16
11228,69,79,-10,10
11229,81,92,-11,11
11230,58,66,-8,8
11231,58,75,-17,17
11232,141,115,26,26
11233,75,76,-1,1
11234,108,113,-5,5
11235,128,131,-3,3
11236,87,101,-14,14
11237,90,98,-8,8
11238,133,129,4,4
11239,73,75,-2,2
11240,63,69,-6,6
11241,73,80,-7,7
11242,136,139,-3,3
11243,105,97,8,8
11244,60,68,-8,8
11245,102,97,5,5
11246,100,96,4,4
11247,57,66,-9,9
11248,71,77,-6,6
11249,76,77,-1,1
11250,58,67,-9,9
11251,204,188,16,16
11252,96,93,3,3
11253,113,102,11,11
11254,114,96,18,18
11255,138,128,10,10
11256,79,87,-8,8
11257,142,127,15,15
11258,109,104,5,5
11259,141,134,7,7
11260,73,74,-1,1
11261,89,84,5,5
11262,85,90,-5,5
11263,159,142,17,17
11264,107,102,5,5
11265,68,80,-12,12
11266,79,85,-6,6
11267,109,106,3,3
11268,78,75,3,3
11269,61,71,-10,10
11270,102,100,2,2
11271,140,141,-1,1
11272,156,145,11,11
11273,155,147,8,8
11274,118,104,14,14
11275,85,83,2,2
11276,162,147,15,15
11277,105,105,0,0
11278,100,98,2,2
11279,102,92,10,10
11280,130,118,12,12
11281,55,67,-12,12
11282,69,81,-12,12
11283,89,84,5,5
11284,39,59,-20,20
11285,139,131,8,8
11286,94,92,2,2
11287,79,73,6,6
11288,171,159,12,12
11289,139,128,11,11
11290,85,89,-4,4
11291,86,86,0,0
11292,114,105,9,9
11293,134,120,14,14
11294,51,61,-10,10
11295,47,62,-15,15
11296,56,69,-13,13
11297,72,74,-2,2
11298,96,101,-5,5
11299,143,140,3,3
11300,115,100,15,15
11301,99,103,-4,4
11302,91,100,-9,9
11303,85,87,-2,2
11304,151,130,21,21
11305,42,61,-19,19
11306,125,115,10,10
11307,41,75,-34,34
11308,137,111,26,26
11309,100,95,5,5
11310,143,123,20,20
11311,174,168,6,6
11312,81,80,1,1
11313,106,100,6,6
11314,150,132,18,18
11315,66,74,-8,8
11316,119,112,7,7
11317,133,111,22,22
11318,58,68,-10,10
11319,90,94,-4,4
11320,111,106,5,5
11321,157,141,16,16
11322,106,101,5,5
11323,121,112,9,9
11324,61,70,-9,9
11325,111,106,5,5
11326,88,87,1,1
11327,81,85,-4,4
11328,93,90,3,3
11329,77,81,-4,4
11330,163,137,26,26
11331,104,101,3,3
11332,76,74,2,2
11333,52,61,-9,9
11334,87,97,-10,10
11335,104,99,5,5
11336,62,64,-2,2
11337,112,111,1,1
11338,76,84,-8,8
11339,129,124,5,5
11340,106,112,-6,6
11341,63,71,-8,8
11342,87,91,-4,4
11343,106,106,0,0
11344,86,78,8,8
11345,88,89,-1,1
11346,89,92,-3,3
11347,71,78,-7,7
11348,116,104,12,12
11349,55,64,-9,9
11350,83,93,-10,10
11351,64,74,-10,10
11352,71,72,-1,1
11353,128,114,14,14
11354,57,65,-8,8
11355,127,126,1,1
11356,47,54,-7,7
11357,94,87,7,7
11358,60,64,-4,4
11359,60,72,-12,12
11360,55,72,-17,17
11361,97,99,-2,2
11362,82,85,-3,3
11363,109,102,7,7
11364,111,104,7,7
11365,61,68,-7,7
11366,70,79,-9,9
11367,79,80,-1,1
11368,107,105,2,2
11369,89,88,1,1
11370,60,65,-5,5
11371,147,143,4,4
11372,83,83,0,0
11373,104,100,4,4
11374,134,137,-3,3
11375,88,91,-3,3
11376,35,49,-14,14
11377,117,125,-8,8
11378,78,81,-3,3
11379,149,136,13,13
11380,85,87,-2,2
11381,97,96,1,1
11382,115,118,-3,3
11383,109,96,13,13
11384,81,84,-3,3
11385,81,90,-9,9
11386,93,100,-7,7
11387,123,125,-2,2
11388,95,95,0,0
11389,102,96,6,6
11390,57,62,-5,5
11391,179,169,10,10
11392,126,125,1,1
11393,62,68,-6,6
11394,65,77,-12,12
11395,109,100,9,9
11396,74,80,-6,6
11397,113,109,4,4
11398,121,111,10,10
11399,114,106,8,8
11400,63,72,-9,9
11401,103,103,0,0
11402,80,78,2,2
11403,45,79,-34,34
11404,93,94,-1,1
11405,121,110,11,11
11406,166,162,4,4
11407,63,80,-17,17
11408,66,67,-1,1
11409,55,80,-25,25
11410,116,115,1,1
11411,96,95,1,1
11412,76,77,-1,1
11413,54,68,-14,14
11414,108,104,4,4
11415,51,61,-10,10
11416,109,103,6,6
11417,75,76,-1,1
11418,86,93,-7,7
11419,82,92,-10,10
11420,36,53,-17,17
11421,64,74,-10,10
11422,119,102,17,17
11423,53,69,-16,16
11424,73,78,-5,5
11425,58,64,-6,6
11426,41,57,-16,16
11427,58,72,-14,14
11428,118,114,4,4
11429,134,122,12,12
11430,75,80,-5,5
11431,50,62,-12,12
11432,98,99,-1,1
11433,33,50,-17,17
11434,109,102,7,7
11435,79,85,-6,6
11436,60,66,-6,6
11437,100,103,-3,3
11438,85,78,7,7
11439,75,79,-4,4
11440,82,79,3,3
11441,57,66,-9,9
11442,164,158,6,6
11443,157,144,13,13
11444,76,77,-1,1
11445,72,80,-8,8
11446,57,82,-25,25
11447,96,107,-11,11
11448,90,90,0,0
11449,100,98,2,2
11450,129,121,8,8
11451,91,86,5,5
11452,98,96,2,2
11453,102,97,5,5
11454,198,198,0,0
11455,78,78,0,0
11456,60,67,-7,7
11457,173,166,7,7
11458,98,97,1,1
11459,72,76,-4,4
11460,90,120,-30,30
11461,170,156,14,14
11462,163,148,15,15
11463,77,83,-6,6
11464,66,77,-11,11
11465,67,68,-1,1
11466,66,86,-20,20
11467,99,88,11,11
11468,86,85,1,1
11469,85,88,-3,3
11470,71,75,-4,4
11471,136,121,15,15
11472,86,82,4,4
11473,60,68,-8,8
11474,119,116,3,3
11475,132,131,1,1
11476,114,115,-1,1
11477,66,71,-5,5
11478,147,136,11,11
11479,90,90,0,0
11480,112,106,6,6
11481,68,67,1,1
11482,119,108,11,11
11483,121,113,8,8
11484,70,98,-28,28
11485,124,111,13,13
11486,47,60,-13,13
11487,70,82,-12,12
11488,80,76,4,4
11489,44,57,-13,13
11490,75,84,-9,9
11491,65,74,-9,9
11492,80,76,4,4
11493,95,96,-1,1
11494,124,112,12,12
11495,50,66,-16,16
11496,133,119,14,14
11497,77,81,-4,4
11498,105,103,2,2
11499,70,73,-3,3
11500,86,87,-1,1
11501,97,87,10,10
11502,80,79,1,1
11503,98,101,-3,3
11504,106,105,1,1
11505,74,74,0,0
11506,66,72,-6,6
11507,118,115,3,3
11508,110,99,11,11
11509,156,143,13,13
11510,67,70,-3,3
11511,170,138,32,32
11512,117,103,14,14
11513,101,99,2,2
11514,130,121,9,9
11515,93,102,-9,9
11516,105,98,7,7
11517,41,67,-26,26
11518,84,74,10,10
11519,59,66,-7,7
11520,141,131,10,10
11521,47,72,-25,25
11522,114,96,18,18
11523,137,128,9,9
11524,126,133,-7,7
11525,62,68,-6,6
11526,111,107,4,4
11527,74,80,-6,6
11528,81,78,3,3
11529,160,149,11,11
11530,102,99,3,3
11531,91,85,6,6
11532,83,87,-4,4
11533,72,70,2,2
11534,68,78,-10,10
11535,126,109,17,17
11536,77,84,-7,7
11537,160,139,21,21
11538,106,105,1,1
11539,81,85,-4,4
11540,170,140,30,30
11541,131,119,12,12
11542,50,70,-20,20
11543,115,106,9,9
11544,70,81,-11,11
11545,109,115,-6,6
11546,72,69,3,3
11547,74,81,-7,7
11548,67,75,-8,8
11549,81,78,3,3
11550,83,86,-3,3
11551,105,100,5,5
11552,95,102,-7,7
11553,133,118,15,15
11554,115,119,-4,4
11555,98,93,5,5
11556,55,52,3,3
11557,109,108,1,1
11558,50,66,-16,16
11559,145,132,13,13
11560,89,80,9,9
11561,85,87,-2,2
11562,85,87,-2,2
11563,65,86,-21,21
11564,86,89,-3,3
11565,105,93,12,12
11566,53,62,-9,9
11567,60,71,-11,11
11568,121,110,11,11
11569,52,69,-17,17
11570,53,64,-11,11
11571,164,158,6,6
11572,92,98,-6,6
11573,100,100,0,0
11574,111,104,7,7
11575,67,70,-3,3
11576,169,156,13,13
11577,86,85,1,1
11578,51,56,-5,5
11579,96,96,0,0
11580,97,83,14,14
11581,82,75,7,7
11582,75,80,-5,5
11583,103,99,4,4
11584,91,86,5,5
11585,108,108,0,0
11586,85,90,-5,5
11587,137,131,6,6
11588,88,92,-4,4
11589,167,154,13,13
11590,65,74,-9,9
11591,92,84,8,8
11592,98,88,10,10
11593,68,74,-6,6
11594,65,70,-5,5
11595,60,64,-4,4
11596,71,72,-1,1
11597,50,59,-9,9
11598,79,83,-4,4
11599,102,96,6,6
11600,85,83,2,2
11601,69,74,-5,5
11602,105,106,-1,1
11603,114,104,10,10
11604,77,80,-3,3
11605,70,70,0,0
11606,80,82,-2,2
11607,137,139,-2,2
11608,105,99,6,6
11609,83,95,-12,12
11610,95,95,0,0
11611,70,82,-12,12
11612,183,171,12,12
11613,50,63,-13,13
11614,164,153,11,11
11615,125,113,12,12
11616,90,89,1,1
11617,108,103,5,5
11618,150,136,14,14
11619,90,85,5,5
11620,73,75,-2,2
11621,86,96,-10,10
11622,91,100,-9,9
11623,108,104,4,4
11624,120,110,10,10
11625,127,118,9,9
11626,65,67,-2,2
11627,121,95,26,26
11628,80,77,3,3
11629,89,77,12,12
11630,81,79,2,2
11631,96,80,16,16
11632,119,113,6,6
11633,118,115,3,3
11634,128,125,3,3
11635,56,75,-19,19
11636,56,69,-13,13
11637,86,84,2,2
11638,79,79,0,0
11639,116,100,16,16
11640,69,75,-6,6
11641,111,95,16,16
11642,81,95,-14,14
11643,56,65,-9,9
11644,119,117,2,2
11645,82,79,3,3
11646,81,78,3,3
11647,136,116,20,20
11648,127,125,2,2
11649,108,111,-3,3
11650,129,123,6,6
11651,74,96,-22,22
11652,63,82,-19,19
11653,168,151,17,17
11654,100,101,-1,1
11655,66,75,-9,9
11656,70,80,-10,10
11657,101,98,3,3
11658,112,98,14,14
11659,102,90,12,12
11660,124,117,7,7
11661,82,84,-2,2
11662,94,96,-2,2
11663,70,83,-13,13
11664,72,80,-8,8
11665,67,74,-7,7
11666,117,124,-7,7
11667,47,55,-8,8
11668,110,99,11,11
11669,93,90,3,3
11670,64,69,-5,5
11671,134,129,5,5
11672,66,69,-3,3
11673,69,67,2,2
11674,99,105,-6,6
11675,137,126,11,11
11676,58,68,-10,10
11677,85,83,2,2
11678,94,93,1,1
11679,104,102,2,2
11680,108,103,5,5
11681,89,85,4,4
11682,176,160,16,16
11683,88,92,-4,4
11684,46,60,-14,14
11685,94,97,-3,3
11686,162,153,9,9
11687,92,89,3,3
11688,96,92,4,4
11689,124,119,5,5
11690,74,83,-9,9
11691,68,79,-11,11
11692,67,76,-9,9
11693,90,96,-6,6
11694,87,88,-1,1
11695,86,83,3,3
11696,68,74,-6,6
11697,90,87,3,3
11698,77,84,-7,7
11699,126,104,22,22
11700,126,115,11,11
11701,94,99,-5,5
11702,172,169,3,3
11703,63,95,-32,32
11704,101,96,5,5
11705,148,139,9,9
11706,87,93,-6,6
11707,127,114,13,13
11708,121,101,20,20
11709,142,143,-1,1
11710,73,79,-6,6
11711,71,75,-4,4
11712,103,125,-22,22
11713,39,51,-12,12
11714,99,105,-6,6
11715,69,73,-4,4
11716,182,165,17,17
11717,138,158,-20,20
11718,142,131,11,11
11719,114,116,-2,2
11720,54,63,-9,9
11721,93,88,5,5
11722,110,99,11,11
11723,38,52,-14,14
11724,133,131,2,2
11725,143,125,18,18
11726,125,124,1,1
11727,69,74,-5,5
11728,120,115,5,5
11729,121,128,-7,7
11730,71,70,1,1
11731,97,98,-1,1
11732,104,97,7,7
11733,97,93,4,4
11734,47,60,-13,13
11735,184,165,19,19
11736,110,116,-6,6
11737,67,73,-6,6
11738,106,106,0,0
11739,66,81,-15,15
11740,118,105,13,13
11741,81,83,-2,2
11742,83,86,-3,3
11743,64,79,-15,15
11744,70,68,2,2
11745,50,60,-10,10
11746,93,86,7,7
11747,157,136,21,21
11748,51,60,-9,9
11749,77,79,-2,2
11750,87,85,2,2
11751,119,106,13,13
11752,115,106,9,9
11753,85,78,7,7
11754,63,81,-18,18
11755,91,96,-5,5
11756,67,71,-4,4
11757,64,76,-12,12
11758,127,131,-4,4
11759,67,75,-8,8
11760,71,76,-5,5
11761,96,90,6,6
11762,111,109,2,2
11763,62,70,-8,8
11764,77,74,3,3
11765,174,175,-1,1
11766,138,123,15,15
11767,65,72,-7,7
11768,116,105,11,11
11769,47,59,-12,12
11770,119,111,8,8
11771,94,86,8,8
11772,122,114,8,8
11773,92,97,-5,5
11774,148,126,22,22
11775,67,78,-11,11
11776,101,101,0,0
11777,86,86,0,0
11778,53,59,-6,6
11779,77,84,-7,7
11780,126,112,14,14
11781,74,72,2,2
11782,91,91,0,0
11783,81,85,-4,4
11784,43,56,-13,13
11785,114,106,8,8
11786,79,83,-4,4
11787,96,90,6,6
11788,106,95,11,11
11789,79,87,-8,8
11790,120,128,-8,8
11791,107,103,4,4
11792,98,97,1,1
11793,47,54,-7,7
11794,76,82,-6,6
11795,85,86,-1,1
11796,67,82,-15,15
11797,79,78,1,1
11798,90,101,-11,11
11799,84,80,4,4
11800,152,136,16,16
11801,152,135,17,17
11802,87,86,1,1
11803,65,71,-6,6
11804,83,84,-1,1
11805,205,180,25,25
11806,151,148,3,3
11807,114,99,15,15
11808,83,84,-1,1
11809,66,77,-11,11
11810,66,73,-7,7
11811,105,99,6,6
11812,176,155,21,21
11813,166,154,12,12
11814,185,163,22,22
11815,108,106,2,2
11816,95,93,2,2
11817,67,85,-18,18
11818,87,88,-1,1
11819,82,88,-6,6
11820,121,110,11,11
11821,71,82,-11,11
11822,62,72,-10,10
11823,113,94,19,19
11824,104,99,5,5
11825,68,76,-8,8
11826,93,97,-4,4
11827,74,73,1,1
11828,60,70,-10,10
11829,80,87,-7,7
11830,70,80,-10,10
11831,75,82,-7,7
11832,76,73,3,3
11833,75,75,0,0
11834,80,76,4,4
11835,45,64,-19,19
11836,93,103,-10,10
11837,99,105,-6,6
11838,77,80,-3,3
11839,89,86,3,3
11840,143,151,-8,8
11841,83,91,-8,8
11842,102,99,3,3
11843,122,120,2,2
11844,118,106,12,12
11845,132,109,23,23
11846,102,105,-3,3
11847,75,75,0,0
11848,105,104,1,1
11849,124,114,10,10
11850,75,77,-2,2
11851,47,61,-14,14
11852,130,127,3,3
11853,147,138,9,9
11854,134,123,11,11
11855,71,76,-5,5
11856,72,76,-4,4
11857,42,60,-18,18
11858,97,90,7,7
11859,99,102,-3,3
11860,147,148,-1,1
11861,127,121,6,6
11862,65,69,-4,4
11863,73,90,-17,17
11864,54,68,-14,14
11865,87,88,-1,1
11866,125,130,-5,5
11867,120,118,2,2
11868,75,79,-4,4
11869,101,103,-2,2
11870,139,132,7,7
11871,93,88,5,5
11872,85,89,-4,4
11873,162,146,16,16
11874,158,149,9,9
11875,234,197,37,37
11876,76,80,-4,4
11877,68,69,-1,1
11878,60,66,-6,6
11879,115,105,10,10
11880,92,93,-1,1
11881,99,83,16,16
11882,95,91,4,4
11883,69,84,-15,15
11884,53,68,-15,15
11885,100,95,5,5
11886,157,147,10,10
11887,103,97,6,6
11888,117,113,4,4
11889,100,96,4,4
11890,95,88,7,7
11891,146,129,17,17
11892,97,93,4,4
11893,49,58,-9,9
11894,83,86,-3,3
11895,89,82,7,7
11896,97,99,-2,2
11897,98,99,-1,1
11898,99,98,1,1
11899,52,68,-16,16
11900,92,93,-1,1
11901,128,130,-2,2
11902,60,66,-6,6
11903,47,59,-12,12
11904,106,97,9,9
11905,78,75,3,3
11906,143,146,-3,3
11907,90,86,4,4
11908,125,114,11,11
11909,80,90,-10,10
11910,114,106,8,8
11911,161,145,16,16
11912,120,115,5,5
11913,41,67,-26,26
11914,38,54,-16,16
11915,105,113,-8,8
11916,48,58,-10,10
11917,58,68,-10,10
11918,112,103,9,9
11919,59,67,-8,8
11920,76,81,-5,5
11921,118,111,7,7
11922,77,78,-1,1
11923,51,64,-13,13
11924,76,73,3,3
11925,56,67,-11,11
11926,40,56,-16,16
11927,69,74,-5,5
11928,77,80,-3,3
11929,91,94,-3,3
11930,149,142,7,7
11931,110,104,6,6
11932,115,115,0,0
11933,117,111,6,6
11934,93,91,2,2
11935,31,45,-14,14
11936,111,126,-15,15
11937,79,86,-7,7
11938,72,77,-5,5
11939,44,55,-11,11
11940,89,88,1,1
11941,51,63,-12,12
11942,186,181,5,5
11943,144,129,15,15
11944,98,93,5,5
11945,68,71,-3,3
11946,82,83,-1,1
11947,110,103,7,7
11948,101,81,20,20
11949,73,78,-5,5
11950,106,103,3,3
11951,50,59,-9,9
11952,128,121,7,7
11953,82,85,-3,3
11954,39,68,-29,29
11955,57,64,-7,7
11956,100,97,3,3
11957,132,124,8,8
11958,58,69,-11,11
11959,65,68,-3,3
11960,46,59,-13,13
11961,90,87,3,3
11962,132,123,9,9
11963,84,88,-4,4
11964,95,94,1,1
11965,152,146,6,6
11966,67,74,-7,7
11967,96,105,-9,9
11968,78,82,-4,4
11969,99,88,11,11
11970,71,82,-11,11
11971,116,105,11,11
11972,122,124,-2,2
11973,81,83,-2,2
11974,42,59,-17,17
11975,121,114,7,7
11976,144,137,7,7
11977,190,182,8,8
11978,132,123,9,9
11979,112,99,13,13
11980,106,94,12,12
11981,104,97,7,7
11982,79,79,0,0
11983,81,85,-4,4
11984,92,107,-15,15
11985,55,65,-10,10
11986,85,80,5,5
11987,72,77,-5,5
11988,48,58,-10,10
11989,92,100,-8,8
11990,44,55,-11,11
11991,112,107,5,5
11992,118,110,8,8
11993,74,82,-8,8
11994,102,91,11,11
11995,93,99,-6,6
11996,113,103,10,10
11997,89,93,-4,4
11998,133,126,7,7
11999,45,59,-14,14
12000,53,62,-9,9
12001,139,132,7,7
12002,61,66,-5,5
12003,85,100,-15,15
12004,67,71,-4,4
12005,81,80,1,1
12006,33,47,-14,14
12007,74,79,-5,5
12008,81,80,1,1
12009,81,85,-4,4
12010,114,107,7,7
12011,158,160,-2,2
12012,59,71,-12,12
12013,60,71,-11,11
12014,111,103,8,8
12015,102,97,5,5
12016,89,81,8,8
12017,80,81,-1,1
12018,73,79,-6,6
12019,53,61,-8,8
12020,124,118,6,6
12021,108,104,4,4
12022,101,88,13,13
12023,93,97,-4,4
12024,69,80,-11,11
12025,111,113,-2,2
12026,74,83,-9,9
12027,80,81,-1,1
12028,101,93,8,8
12029,127,140,-13,13
12030,78,79,-1,1
12031,143,144,-1,1
12032,114,124,-10,10
12033,49,77,-28,28
12034,115,118,-3,3
12035,103,89,14,14
12036,84,89,-5,5
12037,88,90,-2,2
12038,92,90,2,2
12039,108,109,-1,1
12040,90,87,3,3
12041,65,75,-10,10
12042,60,66,-6,6
12043,72,76,-4,4
12044,129,134,-5,5
12045,76,78,-2,2
12046,109,111,-2,2
12047,88,100,-12,12
12048,60,66,-6,6
12049,47,52,-5,5
12050,100,93,7,7
12051,117,121,-4,4
12052,125,110,15,15
12053,113,105,8,8
12054,54,60,-6,6
12055,111,116,-5,5
12056,156,137,19,19
12057,110,105,5,5
12058,82,87,-5,5
12059,114,104,10,10
12060,68,75,-7,7
12061,66,79,-13,13
12062,90,94,-4,4
12063,63,69,-6,6
12064,100,97,3,3
12065,66,74,-8,8
12066,141,132,9,9
12067,79,80,-1,1
12068,104,91,13,13
12069,140,123,17,17
12070,72,79,-7,7
12071,39,51,-12,12
12072,118,107,11,11
12073,97,87,10,10
12074,95,103,-8,8
12075,86,90,-4,4
12076,90,88,2,2
12077,86,98,-12,12
12078,95,93,2,2
12079,118,106,12,12
12080,94,89,5,5
12081,130,127,3,3
12082,58,64,-6,6
12083,121,120,1,1
12084,125,122,3,3
12085,150,147,3,3
12086,102,99,3,3
12087,122,108,14,14
12088,109,104,5,5
12089,74,82,-8,8
12090,93,86,7,7
12091,53,62,-9,9
12092,117,124,-7,7
12093,93,94,-1,1
12094,191,194,-3,3
12095,142,117,25,25
12096,123,106,17,17
12097,83,87,-4,4
12098,127,119,8,8
12099,83,85,-2,2
12100,85,83,2,2
12101,83,86,-3,3
12102,94,86,8,8
12103,164,148,16,16
12104,72,70,2,2
12105,76,62,14,14
12106,122,103,19,19
12107,59,50,9,9
12108,87,87,0,0
12109,88,68,20,20
12110,61,67,-6,6
12111,154,140,14,14
12112,159,143,16,16
12113,163,144,19,19
12114,104,98,6,6
12115,121,121,0,0
12116,116,105,11,11
12117,98,99,-1,1
12118,84,87,-3,3
12119,42,56,-14,14
12120,78,80,-2,2
12121,99,111,-12,12
12122,77,92,-15,15
12123,189,167,22,22
12124,66,81,-15,15
12125,144,141,3,3
12126,196,183,13,13
12127,107,99,8,8
12128,68,78,-10,10
12129,88,84,4,4
12130,36,55,-19,19
12131,107,106,1,1
12132,123,113,10,10
12133,62,66,-4,4
12134,207,194,13,13
12135,89,86,3,3
12136,74,80,-6,6
12137,87,90,-3,3
12138,135,132,3,3
12139,72,74,-2,2
12140,183,137,46,46
12141,118,125,-7,7
12142,110,90,20,20
12143,111,105,6,6
12144,122,106,16,16
12145,90,93,-3,3
12146,121,120,1,1
12147,58,68,-10,10
12148,126,121,5,5
12149,105,96,9,9
12150,109,103,6,6
12151,71,78,-7,7
12152,148,141,7,7
12153,95,97,-2,2
12154,103,101,2,2
12155,90,90,0,0
12156,77,82,-5,5
12157,126,115,11,11
12158,141,130,11,11
12159,134,117,17,17
12160,49,57,-8,8
12161,99,98,1,1
12162,130,118,12,12
12163,74,75,-1,1
12164,64,68,-4,4
12165,196,174,22,22
12166,106,112,-6,6
12167,100,102,-2,2
12168,88,86,2,2
12169,116,107,9,9
12170,107,104,3,3
12171,128,122,6,6
12172,93,85,8,8
12173,150,130,20,20
12174,92,85,7,7
12175,96,87,9,9
12176,115,105,10,10
12177,111,101,10,10
12178,87,94,-7,7
12179,69,74,-5,5
12180,139,145,-6,6
12181,104,104,0,0
12182,115,115,0,0
12183,114,105,9,9
12184,58,65,-7,7
12185,77,80,-3,3
12186,79,86,-7,7
12187,114,114,0,0
12188,111,112,-1,1
12189,102,97,5,5
12190,161,153,8,8
12191,197,181,16,16
12192,72,76,-4,4
12193,142,137,5,5
12194,49,66,-17,17
12195,63,72,-9,9
12196,135,134,1,1
12197,192,172,20,20
12198,47,58,-11,11
12199,110,105,5,5
12200,71,76,-5,5
12201,108,111,-3,3
12202,137,137,0,0
12203,128,117,11,11
12204,137,130,7,7
12205,148,141,7,7
12206,82,85,-3,3
12207,70,82,-12,12
12208,60,61,-1,1
12209,115,107,8,8
12210,76,78,-2,2
12211,86,82,4,4
12212,97,96,1,1
12213,122,118,4,4
12214,104,98,6,6
12215,149,148,1,1
12216,73,78,-5,5
12217,88,86,2,2
12218,93,86,7,7
12219,94,95,-1,1
12220,110,102,8,8
12221,56,65,-9,9
12222,66,76,-10,10
12223,73,79,-6,6
12224,96,98,-2,2
12225,121,110,11,11
12226,122,123,-1,1
12227,94,92,2,2
12228,88,99,-11,11
12229,130,131,-1,1
12230,63,64,-1,1
12231,141,125,16,16
12232,54,68,-14,14
12233,73,79,-6,6
12234,71,76,-5,5
12235,95,87,8,8
12236,121,106,15,15
12237,73,80,-7,7
12238,125,120,5,5
12239,67,79,-12,12
12240,121,113,8,8
12241,109,107,2,2
12242,64,72,-8,8
12243,96,90,6,6
12244,119,130,-11,11
12245,93,100,-7,7
12246,75,79,-4,4
12247,95,93,2,2
12248,66,75,-9,9
12249,99,98,1,1
12250,47,55,-8,8
12251,84,100,-16,16
12252,165,189,-24,24
12253,97,94,3,3
12254,73,79,-6,6
12255,37,57,-20,20
12256,104,95,9,9
12257,71,77,-6,6
12258,65,73,-8,8
12259,66,65,1,1
12260,63,68,-5,5
12261,96,97,-1,1
12262,130,119,11,11
12263,141,134,7,7
12264,86,103,-17,17
12265,108,108,0,0
12266,128,111,17,17
12267,118,107,11,11
12268,83,79,4,4
12269,68,71,-3,3
12270,84,86,-2,2
12271,105,98,7,7
12272,61,79,-18,18
12273,73,79,-6,6
12274,65,72,-7,7
12275,131,105,26,26
12276,118,106,12,12
12277,93,94,-1,1
12278,76,76,0,0
12279,75,77,-2,2
12280,65,73,-8,8
12281,70,70,0,0
12282,140,140,0,0
12283,95,89,6,6
12284,145,121,24,24
12285,82,75,7,7
12286,185,164,21,21
12287,71,75,-4,4
12288,100,104,-4,4
12289,99,93,6,6
12290,64,73,-9,9
12291,65,73,-8,8
12292,51,59,-8,8
12293,79,91,-12,12
12294,50,63,-13,13
12295,128,137,-9,9
12296,109,100,9,9
12297,106,91,15,15
12298,50,62,-12,12
12299,126,115,11,11
12300,105,103,2,2
12301,39,58,-19,19
12302,70,74,-4,4
12303,134,102,32,32
12304,46,62,-16,16
12305,81,84,-3,3
12306,115,107,8,8
12307,56,71,-15,15
12308,90,86,4,4
12309,107,98,9,9
12310,38,55,-17,17
12311,112,107,5,5
12312,86,90,-4,4
12313,102,98,4,4
12314,81,87,-6,6
12315,133,121,12,12
12316,65,71,-6,6
12317,67,80,-13,13
12318,63,76,-13,13
12319,105,95,10,10
12320,81,83,-2,2
12321,97,100,-3,3
12322,96,100,-4,4
12323,113,126,-13,13
12324,91,93,-2,2
12325,67,82,-15,15
12326,85,84,1,1
12327,102,100,2,2
12328,76,82,-6,6
12329,190,188,2,2
12330,63,74,-11,11
12331,87,77,10,10
12332,140,127,13,13
12333,113,99,14,14
12334,102,99,3,3
12335,62,65,-3,3
12336,57,62,-5,5
12337,48,61,-13,13
12338,62,65,-3,3
12339,94,107,-13,13
12340,95,102,-7,7
12341,183,171,12,12
12342,80,82,-2,2
12343,164,156,8,8
12344,66,67,-1,1
12345,67,84,-17,17
12346,103,112,-9,9
12347,69,84,-15,15
12348,118,116,2,2
12349,78,75,3,3
12350,66,72,-6,6
12351,94,90,4,4
12352,92,93,-1,1
12353,142,131,11,11
12354,55,75,-20,20
12355,101,103,-2,2
12356,79,78,1,1
12357,122,123,-1,1
12358,123,106,17,17
12359,38,48,-10,10
12360,65,78,-13,13
12361,138,122,16,16
12362,76,78,-2,2
12363,114,109,5,5
12364,79,85,-6,6
12365,114,105,9,9
12366,68,75,-7,7
12367,78,80,-2,2
12368,93,99,-6,6
12369,103,101,2,2
12370,163,134,29,29
12371,101,105,-4,4
12372,126,119,7,7
12373,67,68,-1,1
12374,78,79,-1,1
12375,116,107,9,9
12376,128,126,2,2
12377,91,87,4,4
12378,142,128,14,14
12379,65,70,-5,5
12380,145,151,-6,6
12381,61,62,-1,1
12382,136,112,24,24
12383,84,83,1,1
12384,98,94,4,4
12385,87,89,-2,2
12386,107,107,0,0
12387,115,123,-8,8
12388,106,98,8,8
12389,93,98,-5,5
12390,80,76,4,4
12391,130,115,15,15
12392,115,103,12,12
12393,97,108,-11,11
12394,92,91,1,1
12395,88,87,1,1
12396,66,71,-5,5
12397,66,71,-5,5
12398,87,89,-2,2
12399,106,100,6,6
12400,70,83,-13,13
12401,180,160,20,20
12402,87,98,-11,11
12403,89,83,6,6
12404,92,96,-4,4
12405,125,109,16,16
12406,88,98,-10,10
12407,109,103,6,6
12408,35,48,-13,13
12409,67,76,-9,9
12410,117,112,5,5
12411,190,170,20,20
12412,114,107,7,7
12413,137,128,9,9
12414,138,148,-10,10
12415,129,129,0,0
12416,106,93,13,13
12417,63,73,-10,10
12418,58,71,-13,13
12419,57,68,-11,11
12420,86,94,-8,8
12421,104,99,5,5
12422,97,96,1,1
12423,101,101,0,0
12424,137,123,14,14
12425,64,61,3,3
12426,176,192,-16,16
12427,93,87,6,6
12428,120,114,6,6
12429,108,103,5,5
12430,70,76,-6,6
12431,97,95,2,2
12432,83,90,-7,7
12433,83,81,2,2
12434,150,154,-4,4
12435,64,74,-10,10
12436,89,84,5,5
12437,96,94,2,2
12438,114,107,7,7
12439,119,122,-3,3
12440,61,64,-3,3
12441,96,96,0,0
12442,105,103,2,2
12443,61,69,-8,8
12444,141,133,8,8
12445,86,83,3,3
12446,87,85,2,2
12447,90,82,8,8
12448,105,106,-1,1
12449,91,85,6,6
12450,111,112,-1,1
12451,76,81,-5,5
12452,87,89,-2,2
12453,91,95,-4,4
12454,107,111,-4,4
12455,110,105,5,5
12456,124,124,0,0
12457,128,114,14,14
12458,109,104,5,5
12459,71,73,-2,2
12460,87,83,4,4
12461,148,137,11,11
12462,107,99,8,8
12463,134,133,1,1
12464,23,42,-19,19
12465,119,133,-14,14
12466,91,84,7,7
12467,25,43,-18,18
12468,61,80,-19,19
12469,101,98,3,3
12470,72,76,-4,4
12471,95,99,-4,4
12472,47,53,-6,6
12473,97,95,2,2
12474,81,84,-3,3
12475,59,65,-6,6
12476,77,75,2,2
12477,138,118,20,20
12478,120,126,-6,6
12479,136,136,0,0
12480,79,85,-6,6
12481,63,71,-8,8
12482,102,99,3,3
12483,158,145,13,13
12484,73,81,-8,8
12485,53,58,-5,5
12486,83,88,-5,5
12487,155,126,29,29
12488,139,126,13,13
12489,93,86,7,7
12490,128,130,-2,2
12491,98,106,-8,8
12492,96,90,6,6
12493,153,141,12,12
12494,104,103,1,1
12495,115,98,17,17
12496,72,79,-7,7
12497,90,87,3,3
12498,127,131,-4,4
12499,112,122,-10,10
12500,64,75,-11,11
12501,73,73,0,0
12502,72,81,-9,9
12503,73,89,-16,16
12504,56,69,-13,13
12505,106,98,8,8
12506,144,130,14,14
12507,47,76,-29,29
12508,147,137,10,10
12509,95,96,-1,1
12510,76,85,-9,9
12511,128,124,4,4
12512,81,75,6,6
12513,79,85,-6,6
12514,86,84,2,2
12515,44,59,-15,15
12516,87,92,-5,5
12517,102,100,2,2
12518,116,112,4,4
12519,105,102,3,3
12520,113,118,-5,5
12521,152,136,16,16
12522,175,153,22,22
12523,70,75,-5,5
12524,173,153,20,20
12525,87,83,4,4
12526,102,92,10,10
12527,88,91,-3,3
12528,76,78,-2,2
12529,110,99,11,11
12530,99,99,0,0
12531,71,77,-6,6
12532,75,78,-3,3
12533,105,102,3,3
12534,153,152,1,1
12535,100,108,-8,8
12536,90,87,3,3
12537,83,99,-16,16
12538,82,87,-5,5
12539,49,61,-12,12
12540,69,77,-8,8
12541,113,107,6,6
12542,63,70,-7,7
12543,58,70,-12,12
12544,65,70,-5,5
12545,145,139,6,6
12546,50,59,-9,9
12547,83,89,-6,6
12548,100,96,4,4
12549,76,77,-1,1
12550,72,75,-3,3
12551,71,88,-17,17
12552,106,100,6,6
12553,127,129,-2,2
12554,96,89,7,7
12555,67,74,-7,7
12556,140,134,6,6
12557,56,64,-8,8
12558,108,101,7,7
12559,94,89,5,5
12560,59,67,-8,8
12561,84,87,-3,3
12562,96,96,0,0
12563,92,101,-9,9
12564,186,179,7,7
12565,62,70,-8,8
12566,164,150,14,14
12567,49,60,-11,11
12568,62,65,-3,3
12569,50,67,-17,17
12570,128,121,7,7
12571,57,73,-16,16
12572,69,75,-6,6
12573,48,65,-17,17
12574,132,121,11,11
12575,140,137,3,3
12576,107,101,6,6
12577,80,82,-2,2
12578,78,79,-1,1
12579,140,114,26,26
12580,78,82,-4,4
12581,123,109,14,14
12582,87,97,-10,10
12583,91,103,-12,12
12584,119,130,-11,11
12585,107,102,5,5
12586,52,63,-11,11
12587,61,74,-13,13
12588,102,95,7,7
12589,79,78,1,1
12590,81,80,1,1
12591,72,72,0,0
12592,74,86,-12,12
12593,73,71,2,2
12594,114,91,23,23
12595,127,117,10,10
12596,92,84,8,8
12597,118,119,-1,1
12598,115,172,-57,57
12599,73,76,-3,3
12600,93,94,-1,1
12601,70,76,-6,6
12602,73,74,-1,1
12603,107,117,-10,10
12604,96,101,-5,5
12605,101,85,16,16
12606,76,92,-16,16
12607,85,78,7,7
12608,111,103,8,8
12609,42,61,-19,19
12610,69,73,-4,4
12611,97,86,11,11
12612,90,89,1,1
12613,96,91,5,5
12614,114,130,-16,16
12615,121,114,7,7
12616,68,75,-7,7
12617,45,55,-10,10
12618,73,77,-4,4
12619,109,100,9,9
12620,175,166,9,9
12621,90,84,6,6
12622,70,75,-5,5
12623,85,87,-2,2
12624,62,71,-9,9
12625,89,96,-7,7
12626,132,125,7,7
12627,155,142,13,13
12628,99,97,2,2
12629,60,63,-3,3
12630,110,101,9,9
12631,87,87,0,0
12632,98,103,-5,5
12633,80,91,-11,11
12634,127,118,9,9
12635,172,162,10,10
12636,181,165,16,16
12637,130,118,12,12
12638,76,77,-1,1
12639,86,85,1,1
12640,105,98,7,7
12641,105,109,-4,4
12642,56,72,-16,16
12643,65,77,-12,12
12644,42,54,-12,12
12645,120,109,11,11
12646,65,68,-3,3
12647,76,85,-9,9
12648,134,122,12,12
12649,28,71,-43,43
12650,96,94,2,2
12651,92,95,-3,3
12652,53,58,-5,5
12653,66,71,-5,5
12654,79,79,0,0
12655,101,111,-10,10
12656,78,97,-19,19
12657,88,96,-8,8
12658,136,125,11,11
12659,142,134,8,8
12660,73,69,4,4
12661,97,87,10,10
12662,80,79,1,1
12663,51,63,-12,12
12664,69,81,-12,12
12665,52,59,-7,7
12666,57,64,-7,7
12667,100,119,-19,19
12668,147,140,7,7
12669,129,125,4,4
12670,92,100,-8,8
12671,107,95,12,12
12672,99,103,-4,4
12673,89,93,-4,4
12674,58,64,-6,6
12675,103,88,15,15
12676,33,52,-19,19
12677,103,90,13,13
12678,88,87,1,1
12679,81,84,-3,3
12680,53,60,-7,7
12681,70,82,-12,12
12682,32,48,-16,16
12683,88,86,2,2
12684,99,113,-14,14
12685,110,105,5,5
12686,78,81,-3,3
12687,99,96,3,3
12688,46,59,-13,13
12689,136,115,21,21
12690,75,74,1,1
12691,117,98,19,19
12692,93,85,8,8
12693,132,129,3,3
12694,70,75,-5,5
12695,69,76,-7,7
12696,49,48,1,1
12697,71,70,1,1
12698,118,114,4,4
12699,97,97,0,0
12700,76,89,-13,13
12701,195,147,48,48
12702,128,121,7,7
12703,66,63,3,3
12704,120,115,5,5
12705,73,79,-6,6
12706,62,72,-10,10
12707,104,89,15,15
12708,94,97,-3,3
12709,94,86,8,8
12710,110,98,12,12
12711,96,91,5,5
12712,107,100,7,7
12713,77,85,-8,8
12714,91,99,-8,8
12715,63,66,-3,3
12716,128,112,16,16
12717,77,76,1,1
12718,67,80,-13,13
12719,124,111,13,13
12720,94,89,5,5
12721,64,70,-6,6
12722,74,81,-7,7
12723,88,87,1,1
12724,70,77,-7,7
12725,78,81,-3,3
12726,66,80,-14,14
12727,104,104,0,0
12728,134,139,-5,5
12729,92,86,6,6
12730,74,73,1,1
12731,93,88,5,5
12732,98,95,3,3
12733,100,93,7,7
12734,87,89,-2,2
12735,101,95,6,6
12736,49,60,-11,11
12737,121,112,9,9
12738,84,97,-13,13
12739,158,151,7,7
12740,115,102,13,13
12741,125,112,13,13
12742,53,58,-5,5
12743,80,87,-7,7
12744,68,69,-1,1
12745,103,96,7,7
12746,107,106,1,1
12747,77,88,-11,11
12748,100,101,-1,1
12749,120,122,-2,2
12750,91,89,2,2
12751,77,69,8,8
12752,132,117,15,15
12753,131,122,9,9
12754,43,68,-25,25
12755,45,58,-13,13
12756,124,114,10,10
12757,86,82,4,4
12758,107,98,9,9
12759,82,88,-6,6
12760,204,182,22,22
12761,107,99,8,8
12762,120,117,3,3
12763,140,131,9,9
12764,153,135,18,18
12765,83,84,-1,1
12766,47,55,-8,8
12767,91,85,6,6
12768,68,61,7,7
12769,56,62,-6,6
12770,77,84,-7,7
12771,37,57,-20,20
12772,117,107,10,10
12773,85,86,-1,1
12774,101,98,3,3
12775,67,81,-14,14
12776,118,124,-6,6
12777,56,71,-15,15
12778,68,74,-6,6
12779,65,73,-8,8
12780,105,99,6,6
12781,102,107,-5,5
12782,116,103,13,13
12783,69,72,-3,3
12784,79,80,-1,1
12785,105,99,6,6
12786,101,83,18,18
12787,106,95,11,11
12788,89,85,4,4
12789,77,83,-6,6
12790,116,112,4,4
12791,111,102,9,9
12792,91,81,10,10
12793,74,76,-2,2
12794,96,96,0,0
12795,119,125,-6,6
12796,124,115,9,9
12797,83,80,3,3
12798,59,71,-12,12
12799,87,85,2,2
12800,55,64,-9,9
12801,121,116,5,5
12802,94,87,7,7
12803,90,91,-1,1
12804,181,172,9,9
12805,93,90,3,3
12806,72,75,-3,3
12807,92,96,-4,4
12808,153,139,14,14
12809,55,62,-7,7
12810,61,70,-9,9
12811,99,95,4,4
12812,82,85,-3,3
12813,102,92,10,10
12814,148,139,9,9
12815,112,111,1,1
12816,172,168,4,4
12817,133,127,6,6
12818,97,97,0,0
12819,70,80,-10,10
12820,70,82,-12,12
12821,98,85,13,13
12822,96,102,-6,6
12823,69,74,-5,5
12824,90,84,6,6
12825,138,125,13,13
12826,132,123,9,9
12827,153,149,4,4
12828,86,79,7,7
12829,108,97,11,11
12830,80,90,-10,10
12831,154,132,22,22
12832,116,117,-1,1
12833,103,97,6,6
12834,104,105,-1,1
12835,116,107,9,9
12836,107,97,10,10
12837,96,88,8,8
12838,90,93,-3,3
12839,50,66,-16,16
12840,104,100,4,4
12841,72,73,-1,1
12842,106,97,9,9
12843,87,86,1,1
12844,124,121,3,3
12845,27,46,-19,19
12846,133,130,3,3
12847,122,106,16,16
12848,124,133,-9,9
12849,89,95,-6,6
12850,97,125,-28,28
12851,84,91,-7,7
12852,140,141,-1,1
12853,136,123,13,13
12854,20,43,-23,23
12855,93,96,-3,3
12856,85,87,-2,2
12857,74,81,-7,7
12858,103,94,9,9
12859,75,79,-4,4
12860,46,55,-9,9
12861,84,103,-19,19
12862,75,77,-2,2
12863,53,58,-5,5
12864,52,81,-29,29
12865,87,89,-2,2
12866,109,96,13,13
12867,105,97,8,8
12868,67,74,-7,7
12869,154,131,23,23
12870,84,86,-2,2
12871,128,116,12,12
12872,113,116,-3,3
12873,87,82,5,5
12874,101,104,-3,3
12875,96,100,-4,4
12876,39,56,-17,17
12877,133,129,4,4
12878,191,185,6,6
12879,60,68,-8,8
12880,125,117,8,8
12881,75,82,-7,7
12882,40,58,-18,18
12883,103,96,7,7
12884,79,78,1,1
12885,185,176,9,9
12886,124,112,12,12
12887,109,110,-1,1
12888,89,96,-7,7
12889,67,72,-5,5
12890,47,53,-6,6
12891,76,74,2,2
12892,122,125,-3,3
12893,106,97,9,9
12894,142,121,21,21
12895,96,83,13,13
12896,52,61,-9,9
12897,96,94,2,2
12898,117,121,-4,4
12899,69,78,-9,9
12900,89,86,3,3
12901,72,76,-4,4
12902,180,168,12,12
12903,94,89,5,5
12904,53,67,-14,14
12905,93,98,-5,5
12906,161,141,20,20
12907,137,129,8,8
12908,129,126,3,3
12909,89,82,7,7
12910,102,97,5,5
12911,159,153,6,6
12912,67,71,-4,4
12913,67,79,-12,12
12914,97,97,0,0
12915,71,73,-2,2
12916,153,147,6,6
12917,100,97,3,3
12918,92,98,-6,6
12919,79,85,-6,6
12920,79,84,-5,5
12921,73,74,-1,1
12922,133,125,8,8
12923,51,62,-11,11
12924,139,127,12,12
12925,115,118,-3,3
12926,89,88,1,1
12927,124,118,6,6
12928,90,91,-1,1
12929,128,125,3,3
12930,131,116,15,15
12931,71,72,-1,1
12932,113,103,10,10
12933,127,131,-4,4
12934,61,73,-12,12
12935,113,107,6,6
12936,112,89,23,23
12937,75,79,-4,4
12938,125,108,17,17
12939,73,80,-7,7
12940,100,109,-9,9
12941,187,169,18,18
12942,101,97,4,4
12943,103,94,9,9
12944,99,103,-4,4
12945,65,71,-6,6
12946,116,111,5,5
12947,97,107,-10,10
12948,83,88,-5,5
12949,90,100,-10,10
12950,101,100,1,1
12951,97,98,-1,1
12952,107,104,3,3
12953,119,124,-5,5
12954,78,75,3,3
12955,79,82,-3,3
12956,74,81,-7,7
12957,150,139,11,11
12958,83,90,-7,7
12959,131,140,-9,9
12960,68,78,-10,10
12961,222,184,38,38
12962,88,86,2,2
12963,109,100,9,9
12964,149,147,2,2
12965,82,89,-7,7
12966,33,46,-13,13
12967,97,103,-6,6
12968,88,89,-1,1
12969,127,126,1,1
12970,70,77,-7,7
12971,86,85,1,1
12972,63,68,-5,5
12973,101,98,3,3
12974,85,86,-1,1
12975,97,89,8,8
12976,68,72,-4,4
12977,79,95,-16,16
12978,182,169,13,13
12979,68,77,-9,9
12980,68,75,-7,7
12981,81,79,2,2
12982,118,109,9,9
12983,93,94,-1,1
12984,117,99,18,18
12985,144,137,7,7
12986,134,119,15,15
12987,69,73,-4,4
12988,133,123,10,10
12989,88,89,-1,1
12990,63,63,0,0
12991,116,114,2,2
12992,113,118,-5,5
12993,103,94,9,9
12994,127,117,10,10
12995,116,115,1,1
12996,114,105,9,9
12997,123,111,12,12
12998,72,70,2,2
12999,107,97,10,10
13000,121,106,15,15
13001,100,88,12,12
13002,87,89,-2,2
13003,102,95,7,7
13004,155,160,-5,5
13005,72,82,-10,10
13006,84,86,-2,2
13007,86,90,-4,4
13008,115,115,0,0
13009,100,99,1,1
13010,81,75,6,6
13011,51,64,-13,13
13012,54,62,-8,8
13013,86,85,1,1
13014,92,90,2,2
13015,60,69,-9,9
13016,112,106,6,6
13017,92,88,4,4
13018,87,86,1,1
13019,95,96,-1,1
13020,80,80,0,0
13021,139,132,7,7
13022,103,98,5,5
13023,120,125,-5,5
13024,75,85,-10,10
13025,51,54,-3,3
13026,76,77,-1,1
13027,67,78,-11,11
13028,165,146,19,19
13029,84,88,-4,4
13030,83,89,-6,6
13031,61,66,-5,5
13032,159,146,13,13
13033,64,79,-15,15
13034,140,133,7,7
13035,65,79,-14,14
13036,68,75,-7,7
13037,67,67,0,0
13038,87,91,-4,4
13039,109,109,0,0
13040,116,114,2,2
13041,94,108,-14,14
13042,135,122,13,13
13043,77,76,1,1
13044,55,64,-9,9
13045,61,69,-8,8
13046,73,78,-5,5
13047,139,118,21,21
13048,106,111,-5,5
13049,78,86,-8,8
13050,74,70,4,4
13051,99,94,5,5
13052,88,91,-3,3
13053,93,86,7,7
13054,69,71,-2,2
13055,235,209,26,26
13056,83,86,-3,3
13057,101,88,13,13
13058,66,78,-12,12
13059,58,63,-5,5
13060,119,117,2,2
13061,129,126,3,3
13062,82,84,-2,2
13063,168,151,17,17
13064,72,78,-6,6
13065,125,108,17,17
13066,82,79,3,3
13067,97,90,7,7
13068,56,70,-14,14
13069,123,132,-9,9
13070,79,76,3,3
13071,84,84,0,0
13072,112,106,6,6
13073,80,85,-5,5
13074,106,104,2,2
13075,60,70,-10,10
13076,72,80,-8,8
13077,96,99,-3,3
13078,60,53,7,7
13079,117,99,18,18
13080,66,78,-12,12
13081,78,84,-6,6
13082,55,64,-9,9
13083,164,139,25,25
13084,184,172,12,12
13085,78,84,-6,6
13086,61,70,-9,9
13087,109,119,-10,10
13088,101,99,2,2
13089,79,80,-1,1
13090,51,61,-10,10
13091,64,68,-4,4
13092,62,70,-8,8
13093,144,136,8,8
13094,57,66,-9,9
13095,50,58,-8,8
13096,81,80,1,1
13097,99,98,1,1
13098,97,99,-2,2
13099,129,112,17,17
13100,104,99,5,5
13101,93,98,-5,5
13102,84,81,3,3
13103,90,94,-4,4
13104,112,115,-3,3
13105,69,74,-5,5
13106,69,79,-10,10
13107,107,87,20,20
13108,145,122,23,23
13109,84,79,5,5
13110,51,62,-11,11
13111,100,95,5,5
13112,82,89,-7,7
13113,71,85,-14,14
13114,104,96,8,8
13115,67,81,-14,14
13116,89,90,-1,1
13117,61,76,-15,15
13118,74,82,-8,8
13119,101,102,-1,1
13120,67,78,-11,11
13121,72,81,-9,9
13122,70,73,-3,3
13123,158,157,1,1
13124,94,96,-2,2
13125,84,82,2,2
13126,120,113,7,7
13127,152,149,3,3
13128,137,127,10,10
13129,82,87,-5,5
13130,116,107,9,9
13131,112,105,7,7
13132,99,90,9,9
13133,150,150,0,0
13134,66,67,-1,1
13135,81,76,5,5
13136,50,60,-10,10
13137,133,130,3,3
13138,65,72,-7,7
13139,65,68,-3,3
13140,80,84,-4,4
13141,53,55,-2,2
13142,108,99,9,9
13143,80,67,13,13
13144,126,129,-3,3
13145,73,82,-9,9
13146,58,64,-6,6
13147,80,80,0,0
13148,62,68,-6,6
13149,64,73,-9,9
13150,55,64,-9,9
13151,81,82,-1,1
13152,97,97,0,0
13153,78,76,2,2
13154,101,104,-3,3
13155,72,82,-10,10
13156,112,104,8,8
13157,84,87,-3,3
13158,68,77,-9,9
13159,102,103,-1,1
13160,117,124,-7,7
13161,88,86,2,2
13162,127,110,17,17
13163,64,67,-3,3
13164,87,90,-3,3
13165,80,83,-3,3
13166,101,89,12,12
13167,122,115,7,7
13168,67,68,-1,1
13169,131,126,5,5
13170,97,101,-4,4
13171,135,115,20,20
13172,88,86,2,2
13173,115,122,-7,7
13174,134,119,15,15
13175,116,115,1,1
13176,79,83,-4,4
13177,45,55,-10,10
13178,100,98,2,2
13179,85,101,-16,16
13180,63,71,-8,8
13181,89,90,-1,1
13182,76,79,-3,3
13183,138,121,17,17
13184,123,117,6,6
13185,74,84,-10,10
13186,43,63,-20,20
13187,66,76,-10,10
13188,86,104,-18,18
13189,115,127,-12,12
13190,30,51,-21,21
13191,66,75,-9,9
13192,208,172,36,36
13193,90,86,4,4
13194,71,71,0,0
13195,94,87,7,7
13196,171,162,9,9
13197,55,63,-8,8
13198,43,52,-9,9
13199,67,75,-8,8
13200,143,119,24,24
13201,98,99,-1,1
13202,100,97,3,3
13203,108,100,8,8
13204,91,82,9,9
13205,131,124,7,7
13206,79,74,5,5
13207,153,151,2,2
13208,37,54,-17,17
13209,46,52,-6,6
13210,241,217,24,24
13211,89,86,3,3
13212,72,73,-1,1
13213,100,97,3,3
13214,83,83,0,0
13215,98,99,-1,1
13216,128,121,7,7
13217,162,118,44,44
13218,81,81,0,0
13219,98,97,1,1
13220,70,81,-11,11
13221,182,160,22,22
13222,71,75,-4,4
13223,173,167,6,6
13224,54,64,-10,10
13225,66,74,-8,8
13226,85,80,5,5
13227,93,93,0,0
13228,71,106,-35,35
13229,163,154,9,9
13230,86,86,0,0
13231,74,74,0,0
13232,148,143,5,5
13233,112,106,6,6
13234,90,80,10,10
13235,64,67,-3,3
13236,78,96,-18,18
13237,115,117,-2,2
13238,105,96,9,9
13239,90,89,1,1
13240,117,108,9,9
13241,103,92,11,11
13242,139,154,-15,15
13243,107,108,-1,1
13244,118,126,-8,8
13245,94,86,8,8
13246,56,61,-5,5
13247,97,94,3,3
13248,77,75,2,2
13249,117,97,20,20
13250,125,123,2,2
13251,67,77,-10,10
13252,73,77,-4,4
13253,152,135,17,17
13254,73,75,-2,2
13255,121,113,8,8
13256,166,158,8,8
13257,90,86,4,4
13258,96,102,-6,6
13259,149,150,-1,1
13260,61,74,-13,13
13261,144,130,14,14
13262,121,119,2,2
13263,131,117,14,14
13264,58,59,-1,1
13265,51,59,-8,8
13266,54,71,-17,17
13267,72,77,-5,5
13268,99,102,-3,3
13269,124,111,13,13
13270,105,101,4,4
13271,100,93,7,7
13272,153,150,3,3
13273,76,83,-7,7
13274,120,109,11,11
13275,94,93,1,1
13276,85,83,2,2
13277,84,90,-6,6
13278,53,71,-18,18
13279,106,108,-2,2
13280,108,108,0,0
13281,140,123,17,17
13282,113,107,6,6
13283,57,73,-16,16
13284,108,106,2,2
13285,123,110,13,13
13286,108,99,9,9
13287,83,83,0,0
13288,99,85,14,14
13289,78,82,-4,4
13290,96,97,-1,1
13291,58,65,-7,7
13292,82,80,2,2
13293,148,145,3,3
13294,86,95,-9,9
13295,81,76,5,5
13296,119,115,4,4
13297,97,101,-4,4
13298,118,112,6,6
13299,92,85,7,7
13300,102,107,-5,5
13301,72,79,-7,7
13302,64,68,-4,4
13303,86,88,-2,2
13304,57,72,-15,15
13305,102,102,0,0
13306,67,66,1,1
13307,88,92,-4,4
13308,139,117,22,22
13309,61,70,-9,9
13310,77,80,-3,3
13311,158,154,4,4
13312,130,115,15,15
13313,132,132,0,0
13314,187,167,20,20
13315,79,78,1,1
13316,96,102,-6,6
13317,76,79,-3,3
13318,71,73,-2,2
13319,78,83,-5,5
13320,209,190,19,19
13321,75,79,-4,4
13322,146,127,19,19
13323,100,94,6,6
13324,80,89,-9,9
13325,70,72,-2,2
13326,65,73,-8,8
13327,95,103,-8,8
13328,80,83,-3,3
13329,69,75,-6,6
13330,132,135,-3,3
13331,77,75,2,2
13332,98,92,6,6
13333,94,95,-1,1
13334,86,87,-1,1
13335,90,82,8,8
13336,75,74,1,1
13337,130,104,26,26
13338,87,93,-6,6
13339,141,122,19,19
13340,161,142,19,19
13341,68,79,-11,11
13342,97,89,8,8
13343,125,113,12,12
13344,36,53,-17,17
13345,115,108,7,7
13346,68,64,4,4
13347,106,98,8,8
13348,96,107,-11,11
13349,82,84,-2,2
13350,73,71,2,2
13351,89,82,7,7
13352,75,75,0,0
13353,85,95,-10,10
13354,134,142,-8,8
13355,90,85,5,5
13356,83,87,-4,4
13357,129,107,22,22
13358,140,135,5,5
13359,60,61,-1,1
13360,82,81,1,1
13361,153,149,4,4
13362,80,90,-10,10
13363,119,117,2,2
13364,108,102,6,6
13365,54,63,-9,9
13366,99,99,0,0
13367,130,158,-28,28
13368,100,97,3,3
13369,59,64,-5,5
13370,84,93,-9,9
13371,117,113,4,4
13372,60,67,-7,7
13373,55,64,-9,9
13374,96,96,0,0
13375,73,85,-12,12
13376,64,77,-13,13
13377,75,78,-3,3
13378,55,61,-6,6
13379,90,85,5,5
13380,142,144,-2,2
13381,139,131,8,8
13382,118,106,12,12
13383,120,110,10,10
13384,112,107,5,5
13385,43,57,-14,14
13386,106,103,3,3
13387,187,177,10,10
13388,117,116,1,1
13389,111,110,1,1
13390,188,179,9,9
13391,156,130,26,26
13392,136,137,-1,1
13393,88,93,-5,5
13394,29,48,-19,19
13395,107,95,12,12
13396,113,97,16,16
13397,93,92,1,1
13398,81,84,-3,3
13399,22,45,-23,23
13400,69,74,-5,5
13401,168,153,15,15
13402,147,132,15,15
13403,105,112,-7,7
13404,145,131,14,14
13405,58,70,-12,12
13406,60,72,-12,12
13407,150,152,-2,2
13408,70,72,-2,2
13409,69,77,-8,8
13410,140,133,7,7
13411,88,82,6,6
13412,120,113,7,7
13413,63,69,-6,6
13414,81,86,-5,5
13415,66,67,-1,1
13416,91,84,7,7
13417,131,132,-1,1
13418,126,105,21,21
13419,138,136,2,2
13420,103,102,1,1
13421,103,98,5,5
13422,50,72,-22,22
13423,64,77,-13,13
13424,75,83,-8,8
13425,67,73,-6,6
13426,97,89,8,8
13427,109,106,3,3
13428,137,125,12,12
13429,71,75,-4,4
13430,98,88,10,10
13431,82,98,-16,16
13432,65,73,-8,8
13433,117,101,16,16
13434,148,150,-2,2
13435,190,167,23,23
13436,84,81,3,3
13437,110,102,8,8
13438,138,130,8,8
13439,74,80,-6,6
13440,130,117,13,13
13441,79,82,-3,3
13442,92,108,-16,16
13443,137,138,-1,1
13444,104,93,11,11
13445,160,140,20,20
13446,90,92,-2,2
13447,101,99,2,2
13448,123,121,2,2
13449,73,77,-4,4
13450,66,74,-8,8
13451,124,121,3,3
13452,173,148,25,25
13453,142,125,17,17
13454,32,49,-17,17
13455,104,99,5,5
13456,65,84,-19,19
13457,60,68,-8,8
13458,71,81,-10,10
13459,56,65,-9,9
13460,122,118,4,4
13461,135,144,-9,9
13462,162,159,3,3
13463,96,107,-11,11
13464,126,128,-2,2
13465,74,79,-5,5
13466,102,105,-3,3
13467,80,79,1,1
13468,88,84,4,4
13469,92,84,8,8
13470,107,108,-1,1
13471,87,94,-7,7
13472,58,66,-8,8
13473,80,78,2,2
13474,79,74,5,5
13475,114,118,-4,4
13476,78,89,-11,11
13477,75,83,-8,8
13478,168,167,1,1
13479,114,109,5,5
13480,59,74,-15,15
13481,152,152,0,0
13482,66,73,-7,7
13483,98,90,8,8
13484,70,80,-10,10
13485,101,92,9,9
13486,130,125,5,5
13487,114,105,9,9
13488,63,73,-10,10
13489,181,166,15,15
13490,86,83,3,3
13491,107,118,-11,11
13492,59,69,-10,10
13493,74,77,-3,3
13494,134,132,2,2
13495,199,164,35,35
13496,58,72,-14,14
13497,99,98,1,1
13498,103,104,-1,1
13499,183,161,22,22
13500,96,97,-1,1
13501,99,103,-4,4
13502,113,102,11,11
13503,88,83,5,5
13504,88,92,-4,4
13505,128,120,8,8
13506,82,89,-7,7
13507,80,80,0,0
13508,53,66,-13,13
13509,47,59,-12,12
13510,102,90,12,12
13511,97,96,1,1
13512,68,73,-5,5
13513,125,110,15,15
13514,110,115,-5,5
13515,77,77,0,0
13516,127,113,14,14
13517,87,89,-2,2
13518,107,94,13,13
13519,105,107,-2,2
13520,153,123,30,30
13521,61,73,-12,12
13522,33,79,-46,46
13523,146,134,12,12
13524,100,103,-3,3
13525,170,155,15,15
13526,134,119,15,15
13527,78,98,-20,20
13528,73,70,3,3
13529,60,68,-8,8
13530,64,69,-5,5
13531,99,95,4,4
13532,80,89,-9,9
13533,65,71,-6,6
13534,67,69,-2,2
13535,141,121,20,20
13536,60,73,-13,13
13537,138,140,-2,2
13538,154,150,4,4
13539,58,67,-9,9
13540,114,121,-7,7
13541,132,117,15,15
13542,98,99,-1,1
13543,80,86,-6,6
13544,105,107,-2,2
13545,84,92,-8,8
13546,78,82,-4,4
13547,154,142,12,12
13548,67,76,-9,9
13549,95,104,-9,9
13550,125,113,12,12
13551,128,117,11,11
13552,42,54,-12,12
13553,204,192,12,12
13554,98,97,1,1
13555,112,110,2,2
13556,132,121,11,11
13557,139,124,15,15
13558,93,90,3,3
13559,146,134,12,12
13560,56,69,-13,13
13561,65,69,-4,4
13562,124,109,15,15
13563,103,102,1,1
13564,86,81,5,5
13565,60,72,-12,12
13566,98,97,1,1
13567,80,115,-35,35
13568,89,100,-11,11
13569,148,127,21,21
13570,40,53,-13,13
13571,80,87,-7,7
13572,70,84,-14,14
13573,82,76,6,6
13574,133,139,-6,6
13575,75,83,-8,8
13576,75,74,1,1
13577,120,102,18,18
13578,50,65,-15,15
13579,111,120,-9,9
13580,86,88,-2,2
13581,115,118,-3,3
13582,63,67,-4,4
13583,93,92,1,1
13584,104,96,8,8
13585,153,147,6,6
13586,51,63,-12,12
13587,128,114,14,14
13588,92,88,4,4
13589,51,68,-17,17
13590,84,84,0,0
13591,104,99,5,5
13592,101,94,7,7
13593,83,90,-7,7
13594,69,80,-11,11
13595,96,93,3,3
13596,83,83,0,0
13597,54,75,-21,21
13598,83,74,9,9
13599,54,60,-6,6
13600,61,66,-5,5
13601,116,102,14,14
13602,113,101,12,12
13603,76,73,3,3
13604,87,85,2,2
13605,59,65,-6,6
13606,141,132,9,9
13607,97,99,-2,2
13608,89,83,6,6
13609,131,125,6,6
13610,71,71,0,0
13611,60,63,-3,3
13612,39,58,-19,19
13613,68,81,-13,13
13614,61,69,-8,8
13615,107,102,5,5
13616,95,94,1,1
13617,94,108,-14,14
13618,82,86,-4,4
13619,110,109,1,1
13620,113,112,1,1
13621,107,98,9,9
13622,161,141,20,20
13623,180,155,25,25
13624,101,98,3,3
13625,88,84,4,4
13626,87,86,1,1
13627,115,111,4,4
13628,121,110,11,11
13629,139,130,9,9
13630,123,115,8,8
13631,63,70,-7,7
13632,122,111,11,11
13633,68,75,-7,7
13634,110,98,12,12
13635,57,83,-26,26
13636,82,80,2,2
13637,95,93,2,2
13638,134,129,5,5
13639,98,87,11,11
13640,128,114,14,14
13641,95,95,0,0
13642,104,124,-20,20
13643,175,158,17,17
13644,109,96,13,13
13645,164,144,20,20
13646,118,109,9,9
13647,70,78,-8,8
13648,54,71,-17,17
13649,145,139,6,6
13650,68,72,-4,4
13651,82,82,0,0
13652,61,67,-6,6
13653,92,95,-3,3
13654,89,88,1,1
13655,96,92,4,4
13656,122,112,10,10
13657,79,81,-2,2
13658,75,79,-4,4
13659,108,103,5,5
13660,43,54,-11,11
13661,67,73,-6,6
13662,75,84,-9,9
13663,67,73,-6,6
13664,88,93,-5,5
13665,55,64,-9,9
13666,96,105,-9,9
13667,60,68,-8,8
13668,125,112,13,13
13669,56,69,-13,13
13670,111,104,7,7
13671,105,114,-9,9
13672,77,97,-20,20
13673,89,91,-2,2
13674,79,84,-5,5
13675,107,110,-3,3
13676,124,113,11,11
13677,119,113,6,6
13678,57,82,-25,25
13679,127,121,6,6
13680,64,77,-13,13
13681,96,98,-2,2
13682,89,83,6,6
13683,71,80,-9,9
13684,76,77,-1,1
13685,110,108,2,2
13686,120,125,-5,5
13687,98,90,8,8
13688,84,93,-9,9
13689,233,207,26,26
13690,75,76,-1,1
13691,107,89,18,18
13692,76,80,-4,4
13693,84,87,-3,3
13694,86,86,0,0
13695,103,93,10,10
13696,106,95,11,11
13697,150,126,24,24
13698,73,77,-4,4
13699,130,136,-6,6
13700,132,114,18,18
13701,139,133,6,6
13702,115,110,5,5
13703,155,142,13,13
13704,75,85,-10,10
13705,70,79,-9,9
13706,127,112,15,15
13707,65,72,-7,7
13708,100,103,-3,3
13709,170,158,12,12
13710,135,127,8,8
13711,75,76,-1,1
13712,164,167,-3,3
13713,125,110,15,15
13714,104,105,-1,1
13715,53,63,-10,10
13716,146,139,7,7
13717,102,86,16,16
13718,70,78,-8,8
13719,54,66,-12,12
13720,108,102,6,6
13721,97,97,0,0
13722,104,99,5,5
13723,140,135,5,5
13724,94,103,-9,9
13725,62,80,-18,18
13726,105,96,9,9
13727,48,59,-11,11
13728,63,70,-7,7
13729,64,64,0,0
13730,51,61,-10,10
13731,63,67,-4,4
13732,121,115,6,6
13733,120,112,8,8
13734,86,89,-3,3
13735,91,93,-2,2
13736,55,68,-13,13
13737,98,97,1,1
13738,69,68,1,1
13739,45,51,-6,6
13740,126,132,-6,6
13741,169,165,4,4
13742,95,88,7,7
13743,106,106,0,0
13744,91,86,5,5
13745,126,116,10,10
13746,67,74,-7,7
13747,55,64,-9,9
13748,74,82,-8,8
13749,87,80,7,7
13750,87,86,1,1
13751,83,77,6,6
13752,114,120,-6,6
13753,125,122,3,3
13754,120,110,10,10
13755,86,82,4,4
13756,66,76,-10,10
13757,106,102,4,4
13758,62,64,-2,2
13759,87,104,-17,17
13760,68,66,2,2
13761,77,80,-3,3
13762,106,99,7,7
13763,101,98,3,3
13764,93,85,8,8
13765,63,84,-21,21
13766,53,68,-15,15
13767,116,117,-1,1
13768,116,112,4,4
13769,92,112,-20,20
13770,80,87,-7,7
13771,93,95,-2,2
13772,129,120,9,9
13773,97,96,1,1
13774,51,65,-14,14
13775,98,90,8,8
13776,80,102,-22,22
13777,74,78,-4,4
13778,157,140,17,17
13779,163,162,1,1
13780,62,72,-10,10
13781,107,105,2,2
13782,107,95,12,12
13783,107,102,5,5
13784,83,84,-1,1
13785,117,101,16,16
13786,94,100,-6,6
13787,65,73,-8,8
13788,61,71,-10,10
13789,79,85,-6,6
13790,137,134,3,3
13791,141,129,12,12
13792,95,97,-2,2
13793,101,98,3,3
13794,95,96,-1,1
13795,142,125,17,17
13796,107,94,13,13
13797,80,79,1,1
13798,91,96,-5,5
13799,71,76,-5,5
13800,81,84,-3,3
13801,96,93,3,3
13802,151,139,12,12
13803,75,85,-10,10
13804,69,74,-5,5
13805,70,77,-7,7
13806,66,75,-9,9
13807,100,99,1,1
13808,107,99,8,8
13809,116,112,4,4
13810,59,69,-10,10
13811,90,92,-2,2
13812,60,66,-6,6
13813,55,64,-9,9
13814,66,77,-11,11
13815,90,95,-5,5
13816,80,86,-6,6
13817,151,82,69,69
13818,91,88,3,3
13819,59,62,-3,3
13820,73,79,-6,6
13821,51,65,-14,14
13822,95,95,0,0
13823,92,90,2,2
13824,61,68,-7,7
13825,80,82,-2,2
13826,107,116,-9,9
13827,79,84,-5,5
13828,167,148,19,19
13829,58,68,-10,10
13830,104,101,3,3
13831,106,114,-8,8
13832,61,64,-3,3
13833,111,115,-4,4
13834,97,109,-12,12
13835,101,98,3,3
13836,67,77,-10,10
13837,56,69,-13,13
13838,57,64,-7,7
13839,82,72,10,10
13840,95,95,0,0
13841,69,78,-9,9
13842,58,67,-9,9
13843,105,98,7,7
13844,163,142,21,21
13845,61,73,-12,12
13846,90,78,12,12
13847,220,200,20,20
13848,96,84,12,12
13849,44,57,-13,13
13850,59,67,-8,8
13851,60,71,-11,11
13852,64,71,-7,7
13853,94,95,-1,1
13854,151,133,18,18
13855,75,80,-5,5
13856,75,81,-6,6
13857,79,76,3,3
13858,70,81,-11,11
13859,107,105,2,2
13860,145,136,9,9
13861,70,71,-1,1
13862,75,75,0,0
13863,141,132,9,9
13864,66,75,-9,9
13865,79,76,3,3
13866,111,100,11,11
13867,112,99,13,13
13868,125,129,-4,4
13869,121,125,-4,4
13870,108,100,8,8
13871,74,84,-10,10
13872,106,111,-5,5
13873,118,116,2,2
13874,162,142,20,20
13875,142,106,36,36
13876,65,73,-8,8
13877,59,63,-4,4
13878,91,85,6,6
13879,75,74,1,1
13880,125,117,8,8
13881,146,134,12,12
13882,84,82,2,2
13883,95,95,0,0
13884,88,82,6,6
13885,95,89,6,6
13886,54,68,-14,14
13887,68,68,0,0
13888,250,236,14,14
13889,64,66,-2,2
13890,89,84,5,5
13891,63,70,-7,7
13892,47,71,-24,24
13893,113,111,2,2
13894,118,110,8,8
13895,77,77,0,0
13896,175,154,21,21
13897,87,86,1,1
13898,85,85,0,0
13899,107,96,11,11
13900,77,72,5,5
13901,112,117,-5,5
13902,67,74,-7,7
13903,124,131,-7,7
13904,69,75,-6,6
13905,170,161,9,9
13906,91,80,11,11
13907,69,75,-6,6
13908,69,68,1,1
13909,102,101,1,1
13910,87,99,-12,12
13911,61,70,-9,9
13912,140,115,25,25
13913,56,65,-9,9
13914,50,61,-11,11
13915,71,70,1,1
13916,46,62,-16,16
13917,102,102,0,0
13918,72,72,0,0
13919,102,105,-3,3
13920,98,97,1,1
13921,114,114,0,0
13922,83,88,-5,5
13923,75,82,-7,7
13924,92,85,7,7
13925,107,104,3,3
13926,166,149,17,17
13927,72,79,-7,7
13928,43,64,-21,21
13929,98,86,12,12
13930,141,129,12,12
13931,112,99,13,13
13932,149,141,8,8
13933,17,43,-26,26
13934,63,77,-14,14
13935,127,120,7,7
13936,128,122,6,6
13937,64,76,-12,12
13938,59,66,-7,7
13939,45,66,-21,21
13940,104,101,3,3
13941,82,84,-2,2
13942,52,56,-4,4
13943,96,90,6,6
13944,108,101,7,7
13945,122,118,4,4
13946,105,103,2,2
13947,72,79,-7,7
13948,75,76,-1,1
13949,111,106,5,5
13950,86,84,2,2
13951,121,116,5,5
13952,86,88,-2,2
13953,66,67,-1,1
13954,93,93,0,0
13955,128,129,-1,1
13956,142,129,13,13
13957,87,77,10,10
13958,84,86,-2,2
13959,103,105,-2,2
13960,113,101,12,12
13961,136,132,4,4
13962,74,74,0,0
13963,108,118,-10,10
13964,89,95,-6,6
13965,84,84,0,0
13966,98,96,2,2
13967,51,65,-14,14
13968,53,60,-7,7
13969,88,90,-2,2
13970,96,91,5,5
13971,105,113,-8,8
13972,95,88,7,7
13973,119,121,-2,2
13974,79,77,2,2
13975,110,90,20,20
13976,68,69,-1,1
13977,98,98,0,0
13978,162,157,5,5
13979,124,123,1,1
13980,54,60,-6,6
13981,89,96,-7,7
13982,55,66,-11,11
13983,147,128,19,19
13984,118,107,11,11
13985,28,45,-17,17
13986,115,108,7,7
13987,87,91,-4,4
13988,129,120,9,9
13989,100,96,4,4
13990,119,113,6,6
13991,95,95,0,0
13992,130,124,6,6
13993,57,62,-5,5
13994,103,92,11,11
13995,100,98,2,2
13996,95,94,1,1
13997,61,68,-7,7
13998,59,70,-11,11
13999,126,114,12,12
14000,162,166,-4,4
14001,98,99,-1,1
14002,134,107,27,27
14003,118,113,5,5
14004,57,67,-10,10
14005,84,93,-9,9
14006,84,82,2,2
14007,120,128,-8,8
14008,163,158,5,5
14009,64,71,-7,7
14010,83,80,3,3
14011,69,85,-16,16
14012,135,101,34,34
14013,86,82,4,4
14014,60,60,0,0
14015,77,83,-6,6
14016,92,94,-2,2
14017,85,84,1,1
14018,161,149,12,12
14019,126,109,17,17
14020,63,70,-7,7
14021,93,100,-7,7
14022,73,77,-4,4
14023,107,106,1,1
14024,74,82,-8,8
14025,73,69,4,4
14026,108,98,10,10
14027,182,168,14,14
14028,134,117,17,17
14029,67,74,-7,7
14030,91,91,0,0
14031,131,151,-20,20
14032,146,132,14,14
14033,80,83,-3,3
14034,139,128,11,11
14035,188,179,9,9
14036,150,135,15,15
14037,74,78,-4,4
14038,115,115,0,0
14039,87,84,3,3
14040,83,75,8,8
14041,71,75,-4,4
14042,95,96,-1,1
14043,110,99,11,11
14044,91,88,3,3
14045,108,101,7,7
14046,51,61,-10,10
14047,71,80,-9,9
14048,50,63,-13,13
14049,66,74,-8,8
14050,56,73,-17,17
14051,108,106,2,2
14052,114,107,7,7
14053,86,78,8,8
14054,88,85,3,3
14055,66,65,1,1
14056,111,110,1,1
14057,53,64,-11,11
14058,94,93,1,1
14059,74,78,-4,4
14060,129,128,1,1
14061,75,82,-7,7
14062,198,179,19,19
14063,76,77,-1,1
14064,94,96,-2,2
14065,70,71,-1,1
14066,172,146,26,26
14067,61,69,-8,8
14068,80,82,-2,2
14069,102,95,7,7
14070,114,111,3,3
14071,70,75,-5,5
14072,75,85,-10,10
14073,112,103,9,9
14074,44,56,-12,12
14075,145,161,-16,16
14076,68,95,-27,27
14077,148,138,10,10
14078,56,67,-11,11
14079,81,84,-3,3
14080,73,79,-6,6
14081,122,121,1,1
14082,75,84,-9,9
14083,121,123,-2,2
14084,139,137,2,2
14085,63,68,-5,5
14086,125,122,3,3
14087,85,82,3,3
14088,112,118,-6,6
14089,114,106,8,8
14090,134,124,10,10
14091,98,106,-8,8
14092,75,85,-10,10
14093,135,120,15,15
14094,96,97,-1,1
14095,102,98,4,4
14096,150,147,3,3
14097,186,162,24,24
14098,63,66,-3,3
14099,116,104,12,12
14100,83,74,9,9
14101,110,95,15,15
14102,104,100,4,4
14103,71,73,-2,2
14104,111,116,-5,5
14105,106,108,-2,2
14106,147,148,-1,1
14107,67,75,-8,8
14108,212,194,18,18
14109,83,86,-3,3
14110,174,147,27,27
14111,113,121,-8,8
14112,68,84,-16,16
14113,159,160,-1,1
14114,52,65,-13,13
14115,123,121,2,2
14116,112,108,4,4
14117,69,83,-14,14
14118,61,70,-9,9
14119,63,70,-7,7
14120,70,76,-6,6
14121,65,75,-10,10
14122,145,147,-2,2
14123,121,120,1,1
14124,60,63,-3,3
14125,187,165,22,22
14126,24,42,-18,18
14127,136,132,4,4
14128,65,80,-15,15
14129,67,71,-4,4
14130,189,177,12,12
14131,83,103,-20,20
14132,76,81,-5,5
14133,91,90,1,1
14134,74,87,-13,13
14135,55,70,-15,15
14136,107,98,9,9
14137,160,145,15,15
14138,149,134,15,15
14139,96,87,9,9
14140,88,87,1,1
14141,118,111,7,7
14142,91,88,3,3
14143,92,94,-2,2
14144,74,79,-5,5
14145,118,121,-3,3
14146,81,98,-17,17
14147,95,93,2,2
14148,68,75,-7,7
14149,132,115,17,17
14150,49,54,-5,5
14151,115,112,3,3
14152,148,141,7,7
14153,109,122,-13,13
14154,104,95,9,9
14155,159,157,2,2
14156,83,78,5,5
14157,47,58,-11,11
14158,92,88,4,4
14159,101,102,-1,1
14160,57,62,-5,5
14161,40,59,-19,19
14162,153,139,14,14
14163,163,134,29,29
14164,66,74,-8,8
14165,90,86,4,4
14166,55,62,-7,7
14167,52,66,-14,14
14168,96,95,1,1
14169,115,113,2,2
14170,47,59,-12,12
14171,77,91,-14,14
14172,76,82,-6,6
14173,115,115,0,0
14174,93,97,-4,4
14175,120,95,25,25
14176,83,88,-5,5
14177,119,114,5,5
14178,40,59,-19,19
14179,47,60,-13,13
14180,55,64,-9,9
14181,96,98,-2,2
14182,88,93,-5,5
14183,74,88,-14,14
14184,80,87,-7,7
14185,68,70,-2,2
14186,144,134,10,10
14187,101,97,4,4
14188,116,113,3,3
14189,63,70,-7,7
14190,51,58,-7,7
14191,123,123,0,0
14192,145,137,8,8
14193,107,96,11,11
14194,109,104,5,5
14195,115,115,0,0
14196,59,64,-5,5
14197,63,75,-12,12
14198,190,176,14,14
14199,69,74,-5,5
14200,77,79,-2,2
14201,78,86,-8,8
14202,85,93,-8,8
14203,112,95,17,17
14204,82,85,-3,3
14205,150,141,9,9
14206,72,78,-6,6
14207,105,107,-2,2
14208,80,80,0,0
14209,39,53,-14,14
14210,102,109,-7,7
14211,68,78,-10,10
14212,95,93,2,2
14213,24,45,-21,21
14214,50,62,-12,12
14215,66,65,1,1
14216,69,79,-10,10
14217,120,109,11,11
14218,140,121,19,19
14219,69,78,-9,9
14220,187,147,40,40
14221,107,101,6,6
14222,67,73,-6,6
14223,126,124,2,2
14224,112,117,-5,5
14225,93,100,-7,7
14226,89,94,-5,5
14227,93,98,-5,5
14228,48,58,-10,10
14229,153,144,9,9
14230,67,70,-3,3
14231,48,62,-14,14
14232,58,72,-14,14
14233,179,160,19,19
14234,91,93,-2,2
14235,123,118,5,5
14236,70,78,-8,8
14237,32,52,-20,20
14238,96,86,10,10
14239,53,62,-9,9
14240,99,101,-2,2
14241,133,117,16,16
14242,77,86,-9,9
14243,47,61,-14,14
14244,55,63,-8,8
14245,85,82,3,3
14246,135,126,9,9
14247,103,98,5,5
14248,62,78,-16,16
14249,73,78,-5,5
14250,117,126,-9,9
14251,112,105,7,7
14252,34,48,-14,14
14253,46,58,-12,12
14254,68,72,-4,4
14255,42,51,-9,9
14256,88,103,-15,15
14257,88,87,1,1
14258,78,83,-5,5
14259,74,83,-9,9
14260,145,134,11,11
14261,144,134,10,10
14262,146,144,2,2
14263,50,62,-12,12
14264,134,118,16,16
14265,81,79,2,2
14266,81,79,2,2
14267,64,72,-8,8
14268,134,129,5,5
14269,177,170,7,7
14270,115,103,12,12
14271,105,106,-1,1
14272,142,129,13,13
14273,104,104,0,0
14274,74,83,-9,9
14275,177,154,23,23
14276,47,59,-12,12
14277,127,130,-3,3
14278,186,161,25,25
14279,81,95,-14,14
14280,78,80,-2,2
14281,155,136,19,19
14282,170,127,43,43
14283,97,91,6,6
14284,94,92,2,2
14285,77,83,-6,6
14286,83,83,0,0
14287,109,106,3,3
14288,92,96,-4,4
14289,93,94,-1,1
14290,63,84,-21,21
14291,85,86,-1,1
14292,92,100,-8,8
14293,68,64,4,4
14294,111,114,-3,3
14295,181,168,13,13
14296,57,61,-4,4
14297,93,96,-3,3
14298,68,80,-12,12
14299,95,98,-3,3
14300,123,107,16,16
14301,58,67,-9,9
14302,159,137,22,22
14303,97,87,10,10
14304,82,84,-2,2
14305,70,70,0,0
14306,87,78,9,9
14307,63,73,-10,10
14308,138,130,8,8
14309,124,125,-1,1
14310,90,89,1,1
14311,72,73,-1,1
14312,82,91,-9,9
14313,102,115,-13,13
14314,149,125,24,24
14315,127,117,10,10
14316,127,103,24,24
14317,80,80,0,0
14318,79,75,4,4
14319,126,126,0,0
14320,160,150,10,10
14321,88,87,1,1
14322,57,55,2,2
14323,117,112,5,5
14324,88,84,4,4
14325,117,112,5,5
14326,108,101,7,7
14327,122,129,-7,7
14328,126,112,14,14
14329,137,130,7,7
14330,119,102,17,17
14331,94,98,-4,4
14332,89,76,13,13
14333,65,68,-3,3
14334,80,80,0,0
14335,73,79,-6,6
14336,137,120,17,17
14337,112,106,6,6
14338,93,96,-3,3
14339,121,101,20,20
14340,94,96,-2,2
14341,74,79,-5,5
14342,126,118,8,8
14343,102,93,9,9
14344,61,64,-3,3
14345,107,105,2,2
14346,187,168,19,19
14347,129,120,9,9
14348,96,100,-4,4
14349,85,80,5,5
14350,89,94,-5,5
14351,65,65,0,0
14352,67,77,-10,10
14353,95,89,6,6
14354,90,85,5,5
14355,70,86,-16,16
14356,51,67,-16,16
14357,67,78,-11,11
14358,105,93,12,12
14359,72,88,-16,16
14360,73,71,2,2
14361,90,91,-1,1
14362,60,64,-4,4
14363,125,117,8,8
14364,128,115,13,13
14365,114,106,8,8
14366,80,71,9,9
14367,130,110,20,20
14368,170,180,-10,10
14369,163,161,2,2
14370,121,104,17,17
14371,65,72,-7,7
14372,110,103,7,7
14373,86,87,-1,1
14374,136,130,6,6
14375,95,95,0,0
14376,82,83,-1,1
14377,117,106,11,11
14378,122,119,3,3
14379,61,63,-2,2
14380,49,62,-13,13
14381,188,163,25,25
14382,61,71,-10,10
14383,164,155,9,9
14384,64,72,-8,8
14385,100,95,5,5
14386,75,76,-1,1
14387,90,86,4,4
14388,83,80,3,3
14389,74,82,-8,8
14390,88,87,1,1
14391,110,99,11,11
14392,104,99,5,5
14393,61,72,-11,11
14394,80,87,-7,7
14395,121,109,12,12
14396,72,76,-4,4
14397,80,83,-3,3
14398,38,52,-14,14
14399,136,116,20,20
14400,85,91,-6,6
14401,86,87,-1,1
14402,129,121,8,8
14403,58,68,-10,10
14404,73,81,-8,8
14405,135,133,2,2
14406,106,113,-7,7
14407,53,61,-8,8
14408,54,69,-15,15
14409,62,81,-19,19
14410,91,97,-6,6
14411,61,67,-6,6
14412,56,69,-13,13
14413,53,64,-11,11
14414,67,73,-6,6
14415,81,87,-6,6
14416,77,84,-7,7
14417,92,89,3,3
14418,181,167,14,14
14419,68,77,-9,9
14420,73,79,-6,6
14421,102,96,6,6
14422,85,86,-1,1
14423,78,82,-4,4
14424,85,80,5,5
14425,86,91,-5,5
14426,61,71,-10,10
14427,60,66,-6,6
14428,70,84,-14,14
14429,63,74,-11,11
14430,141,144,-3,3
14431,82,79,3,3
14432,125,113,12,12
14433,25,42,-17,17
14434,124,111,13,13
14435,42,56,-14,14
14436,123,125,-2,2
14437,50,64,-14,14
14438,94,99,-5,5
14439,175,159,16,16
14440,119,117,2,2
14441,97,97,0,0
14442,112,107,5,5
14443,105,101,4,4
14444,85,86,-1,1
14445,117,119,-2,2
14446,140,132,8,8
14447,117,105,12,12
14448,45,54,-9,9
14449,73,79,-6,6
14450,71,84,-13,13
14451,41,52,-11,11
14452,134,122,12,12
14453,102,100,2,2
14454,69,75,-6,6
14455,98,100,-2,2
14456,113,103,10,10
14457,90,91,-1,1
14458,67,72,-5,5
14459,83,89,-6,6
14460,64,71,-7,7
14461,192,163,29,29
14462,93,83,10,10
14463,111,110,1,1
14464,122,121,1,1
14465,89,99,-10,10
14466,77,96,-19,19
14467,66,72,-6,6
14468,57,66,-9,9
14469,84,87,-3,3
14470,90,94,-4,4
14471,103,99,4,4
14472,144,135,9,9
14473,120,110,10,10
14474,105,99,6,6
14475,121,115,6,6
14476,51,97,-46,46
14477,91,85,6,6
14478,73,82,-9,9
14479,60,70,-10,10
14480,50,58,-8,8
14481,94,101,-7,7
14482,107,98,9,9
14483,62,64,-2,2
14484,77,79,-2,2
14485,109,101,8,8
14486,113,105,8,8
14487,95,98,-3,3
14488,153,157,-4,4
14489,146,125,21,21
14490,75,81,-6,6
14491,97,97,0,0
14492,96,99,-3,3
14493,112,124,-12,12
14494,93,101,-8,8
14495,88,89,-1,1
14496,143,125,18,18
14497,131,127,4,4
14498,92,91,1,1
14499,77,78,-1,1
14500,94,91,3,3
14501,60,76,-16,16
14502,70,75,-5,5
14503,73,75,-2,2
14504,115,108,7,7
14505,111,110,1,1
14506,41,54,-13,13
14507,49,61,-12,12
14508,141,135,6,6
14509,85,82,3,3
14510,89,90,-1,1
14511,84,76,8,8
14512,102,98,4,4
14513,100,102,-2,2
14514,72,75,-3,3
14515,99,92,7,7
14516,68,71,-3,3
14517,63,66,-3,3
14518,156,158,-2,2
14519,113,103,10,10
14520,109,98,11,11
14521,141,132,9,9
14522,173,163,10,10
14523,95,100,-5,5
14524,89,94,-5,5
14525,103,96,7,7
14526,71,75,-4,4
14527,81,81,0,0
14528,93,91,2,2
14529,138,148,-10,10
14530,94,83,11,11
14531,168,141,27,27
14532,56,67,-11,11
14533,70,69,1,1
14534,143,120,23,23
14535,115,113,2,2
14536,78,78,0,0
14537,71,73,-2,2
14538,61,66,-5,5
14539,174,159,15,15
14540,136,132,4,4
14541,137,139,-2,2
14542,64,65,-1,1
14543,98,94,4,4
14544,61,72,-11,11
14545,79,79,0,0
14546,58,65,-7,7
14547,88,87,1,1
14548,83,84,-1,1
14549,58,68,-10,10
14550,113,100,13,13
14551,65,68,-3,3
14552,98,97,1,1
14553,98,92,6,6
14554,119,105,14,14
14555,81,85,-4,4
14556,107,103,4,4
14557,69,71,-2,2
14558,102,101,1,1
14559,64,73,-9,9
14560,92,97,-5,5
14561,91,80,11,11
14562,76,73,3,3
14563,120,110,10,10
14564,131,121,10,10
14565,73,69,4,4
14566,113,97,16,16
14567,46,59,-13,13
14568,31,42,-11,11
14569,86,96,-10,10
14570,124,127,-3,3
14571,69,72,-3,3
14572,103,98,5,5
14573,78,86,-8,8
14574,85,80,5,5
14575,43,51,-8,8
14576,102,100,2,2
14577,64,76,-12,12
14578,112,116,-4,4
14579,104,101,3,3
14580,116,114,2,2
14581,72,77,-5,5
14582,86,95,-9,9
14583,45,58,-13,13
14584,90,95,-5,5
14585,204,184,20,20
14586,38,54,-16,16
14587,95,81,14,14
14588,102,108,-6,6
14589,193,181,12,12
14590,130,117,13,13
14591,47,59,-12,12
14592,132,129,3,3
14593,176,144,32,32
14594,67,74,-7,7
14595,100,101,-1,1
14596,73,70,3,3
14597,44,62,-18,18
14598,65,75,-10,10
14599,34,52,-18,18
14600,56,74,-18,18
14601,87,89,-2,2
14602,87,107,-20,20
14603,44,62,-18,18
14604,115,101,14,14
14605,82,84,-2,2
14606,134,135,-1,1
14607,161,148,13,13
14608,61,66,-5,5
14609,150,138,12,12
14610,106,99,7,7
14611,68,72,-4,4
14612,106,94,12,12
14613,96,93,3,3
14614,142,142,0,0
14615,74,69,5,5
14616,47,58,-11,11
14617,130,126,4,4
14618,121,119,2,2
14619,104,100,4,4
14620,79,82,-3,3
14621,85,81,4,4
14622,92,92,0,0
14623,52,96,-44,44
14624,144,158,-14,14
14625,92,84,8,8
14626,58,60,-2,2
14627,116,119,-3,3
14628,71,80,-9,9
14629,65,67,-2,2
14630,86,80,6,6
14631,51,63,-12,12
14632,51,64,-13,13
14633,169,157,12,12
14634,117,119,-2,2
14635,94,92,2,2
14636,77,79,-2,2
14637,61,68,-7,7
14638,64,69,-5,5
14639,38,55,-17,17
14640,54,60,-6,6
14641,70,78,-8,8
14642,77,83,-6,6
14643,127,111,16,16
14644,58,68,-10,10
14645,84,86,-2,2
14646,89,94,-5,5
14647,52,61,-9,9
14648,73,79,-6,6
14649,64,76,-12,12
14650,53,68,-15,15
14651,112,101,11,11
14652,92,93,-1,1
14653,90,81,9,9
14654,72,78,-6,6
14655,99,104,-5,5
14656,84,82,2,2
14657,90,90,0,0
14658,135,133,2,2
14659,91,86,5,5
14660,81,87,-6,6
14661,119,110,9,9
14662,70,78,-8,8
14663,62,71,-9,9
14664,80,83,-3,3
14665,69,70,-1,1
14666,107,115,-8,8
14667,145,133,12,12
14668,137,126,11,11
14669,94,97,-3,3
14670,158,137,21,21
14671,174,180,-6,6
14672,100,102,-2,2
14673,141,126,15,15
14674,131,123,8,8
14675,168,156,12,12
14676,98,96,2,2
14677,116,119,-3,3
14678,101,97,4,4
14679,89,105,-16,16
14680,119,110,9,9
14681,139,134,5,5
14682,25,38,-13,13
14683,106,105,1,1
14684,161,156,5,5
14685,123,113,10,10
14686,87,85,2,2
14687,58,68,-10,10
14688,62,71,-9,9
14689,89,87,2,2
14690,81,81,0,0
14691,70,70,0,0
14692,78,79,-1,1
14693,163,156,7,7
14694,46,72,-26,26
14695,57,63,-6,6
14696,108,101,7,7
14697,148,110,38,38
14698,74,79,-5,5
14699,54,67,-13,13
14700,64,78,-14,14
14701,162,139,23,23
14702,124,111,13,13
14703,75,80,-5,5
14704,76,79,-3,3
14705,81,91,-10,10
14706,56,66,-10,10
14707,90,88,2,2
14708,70,80,-10,10
14709,66,85,-19,19
14710,75,80,-5,5
14711,95,107,-12,12
14712,123,119,4,4
14713,125,113,12,12
14714,44,56,-12,12
14715,141,135,6,6
14716,53,65,-12,12
14717,97,95,2,2
14718,100,106,-6,6
14719,78,95,-17,17
14720,199,182,17,17
14721,124,114,10,10
14722,56,76,-20,20
14723,62,64,-2,2
14724,109,101,8,8
14725,149,128,21,21
14726,101,100,1,1
14727,129,119,10,10
14728,138,119,19,19
14729,118,120,-2,2
14730,151,143,8,8
14731,58,64,-6,6
14732,148,141,7,7
14733,89,89,0,0
14734,93,97,-4,4
14735,111,103,8,8
14736,131,123,8,8
14737,106,109,-3,3
14738,123,114,9,9
14739,119,137,-18,18
14740,106,106,0,0
14741,121,112,9,9
14742,74,70,4,4
14743,94,98,-4,4
14744,83,77,6,6
14745,159,145,14,14
14746,126,112,14,14
14747,71,75,-4,4
14748,52,58,-6,6
14749,139,140,-1,1
14750,98,94,4,4
14751,94,97,-3,3
14752,58,62,-4,4
14753,126,122,4,4
14754,65,71,-6,6
14755,98,86,12,12
14756,170,158,12,12
14757,71,82,-11,11
14758,63,77,-14,14
14759,74,82,-8,8
14760,119,113,6,6
14761,73,85,-12,12
14762,88,86,2,2
14763,96,97,-1,1
14764,125,125,0,0
14765,119,115,4,4
14766,88,87,1,1
14767,98,93,5,5
14768,103,112,-9,9
14769,95,94,1,1
14770,80,83,-3,3
14771,88,88,0,0
14772,50,54,-4,4
14773,81,79,2,2
14774,72,70,2,2
14775,56,53,3,3
14776,54,66,-12,12
14777,70,82,-12,12
14778,92,85,7,7
14779,79,82,-3,3
14780,64,73,-9,9
14781,121,119,2,2
14782,55,64,-9,9
14783,110,103,7,7
14784,142,130,12,12
14785,160,149,11,11
14786,61,66,-5,5
14787,59,65,-6,6
14788,102,107,-5,5
14789,95,94,1,1
14790,62,72,-10,10
14791,142,136,6,6
14792,91,82,9,9
14793,114,106,8,8
14794,54,61,-7,7
14795,93,97,-4,4
14796,96,93,3,3
14797,75,75,0,0
14798,95,92,3,3
14799,59,68,-9,9
14800,87,78,9,9
14801,121,103,18,18
14802,85,87,-2,2
14803,74,79,-5,5
14804,94,96,-2,2
14805,117,117,0,0
14806,136,130,6,6
14807,51,60,-9,9
14808,143,133,10,10
14809,110,104,6,6
14810,112,102,10,10
14811,59,63,-4,4
14812,69,71,-2,2
14813,92,88,4,4
14814,92,98,-6,6
14815,125,111,14,14
14816,93,86,7,7
14817,94,88,6,6
14818,183,160,23,23
14819,158,156,2,2
14820,126,122,4,4
14821,201,174,27,27
14822,96,86,10,10
14823,69,86,-17,17
14824,112,117,-5,5
14825,60,72,-12,12
14826,81,79,2,2
14827,229,206,23,23
14828,81,79,2,2
14829,49,65,-16,16
14830,98,89,9,9
14831,104,100,4,4
14832,117,109,8,8
14833,91,93,-2,2
14834,96,87,9,9
14835,82,81,1,1
14836,193,164,29,29
14837,75,83,-8,8
14838,101,100,1,1
14839,128,112,16,16
14840,103,99,4,4
14841,84,83,1,1
14842,162,145,17,17
14843,117,115,2,2
14844,104,121,-17,17
14845,85,85,0,0
14846,90,90,0,0
14847,67,74,-7,7
14848,91,82,9,9
14849,152,145,7,7
14850,60,65,-5,5
14851,107,101,6,6
14852,114,125,-11,11
14853,95,97,-2,2
14854,85,89,-4,4
14855,72,106,-34,34
14856,66,93,-27,27
14857,81,87,-6,6
14858,112,103,9,9
14859,39,52,-13,13
14860,125,135,-10,10
14861,67,72,-5,5
14862,103,94,9,9
14863,44,63,-19,19
14864,52,61,-9,9
14865,58,68,-10,10
14866,105,109,-4,4
14867,55,72,-17,17
14868,107,122,-15,15
14869,102,109,-7,7
14870,61,78,-17,17
14871,129,125,4,4
14872,72,76,-4,4
14873,144,139,5,5
14874,67,76,-9,9
14875,131,118,13,13
14876,59,70,-11,11
14877,142,131,11,11
14878,80,84,-4,4
14879,95,87,8,8
14880,62,74,-12,12
14881,99,99,0,0
14882,69,82,-13,13
14883,36,53,-17,17
14884,53,62,-9,9
14885,174,149,25,25
14886,120,115,5,5
14887,60,73,-13,13
14888,44,53,-9,9
14889,104,105,-1,1
14890,70,72,-2,2
14891,80,79,1,1
14892,72,72,0,0
14893,114,120,-6,6
14894,110,106,4,4
14895,69,68,1,1
14896,108,100,8,8
14897,136,128,8,8
14898,62,71,-9,9
14899,170,164,6,6
14900,109,98,11,11
14901,85,88,-3,3
14902,93,84,9,9
14903,117,109,8,8
14904,102,84,18,18
14905,123,114,9,9
14906,91,103,-12,12
14907,65,72,-7,7
14908,52,62,-10,10
14909,139,119,20,20
14910,88,91,-3,3
14911,67,84,-17,17
14912,143,135,8,8
14913,153,149,4,4
14914,65,73,-8,8
14915,84,86,-2,2
14916,101,107,-6,6
14917,90,113,-23,23
14918,75,77,-2,2
14919,95,94,1,1
14920,197,167,30,30
14921,60,66,-6,6
14922,152,145,7,7
14923,69,70,-1,1
14924,79,83,-4,4
14925,63,75,-12,12
14926,114,108,6,6
14927,94,87,7,7
14928,107,100,7,7
14929,94,93,1,1
14930,68,74,-6,6
14931,95,96,-1,1
14932,123,113,10,10
14933,81,81,0,0
14934,141,119,22,22
14935,78,83,-5,5
14936,100,102,-2,2
14937,120,111,9,9
14938,36,50,-14,14
14939,81,86,-5,5
14940,118,99,19,19
14941,122,121,1,1
14942,80,75,5,5
14943,130,116,14,14
14944,44,54,-10,10
14945,170,162,8,8
14946,74,92,-18,18
14947,66,75,-9,9
14948,192,175,17,17
14949,84,86,-2,2
14950,116,133,-17,17
14951,81,82,-1,1
14952,43,54,-11,11
14953,69,73,-4,4
14954,63,68,-5,5
14955,94,93,1,1
14956,84,84,0,0
14957,56,62,-6,6
14958,106,109,-3,3
14959,152,125,27,27
14960,92,91,1,1
14961,68,71,-3,3
14962,87,92,-5,5
14963,88,99,-11,11
14964,78,84,-6,6
14965,64,78,-14,14
14966,147,137,10,10
14967,57,62,-5,5
14968,81,88,-7,7
14969,59,70,-11,11
14970,70,74,-4,4
14971,87,94,-7,7
14972,90,84,6,6
14973,87,80,7,7
14974,49,61,-12,12
14975,160,134,26,26
14976,131,115,16,16
14977,83,87,-4,4
14978,44,58,-14,14
14979,44,58,-14,14
14980,52,66,-14,14
14981,102,106,-4,4
14982,69,75,-6,6
14983,99,97,2,2
14984,81,91,-10,10
14985,91,99,-8,8
14986,87,86,1,1
14987,57,62,-5,5
14988,82,87,-5,5
14989,56,66,-10,10
14990,76,81,-5,5
14991,79,84,-5,5
14992,78,77,1,1
14993,121,105,16,16
14994,119,107,12,12
14995,68,78,-10,10
14996,146,134,12,12
14997,106,88,18,18
14998,132,114,18,18
14999,47,56,-9,9
15000,70,74,-4,4
15001,114,99,15,15
15002,71,73,-2,2
15003,85,97,-12,12
15004,132,119,13,13
15005,33,44,-11,11
15006,16,39,-23,23
15007,68,74,-6,6
15008,62,69,-7,7
15009,84,89,-5,5
15010,50,64,-14,14
15011,91,92,-1,1
15012,116,110,6,6
15013,97,94,3,3
15014,126,128,-2,2
15015,102,103,-1,1
15016,111,97,14,14
15017,113,106,7,7
15018,149,130,19,19
15019,87,79,8,8
15020,120,106,14,14
15021,124,120,4,4
15022,145,125,20,20
15023,78,81,-3,3
15024,158,149,9,9
15025,47,63,-16,16
15026,228,189,39,39
15027,86,93,-7,7
15028,97,97,0,0
15029,105,99,6,6
15030,59,70,-11,11
15031,134,105,29,29
15032,122,120,2,2
15033,116,128,-12,12
15034,72,83,-11,11
15035,95,104,-9,9
15036,48,58,-10,10
15037,71,74,-3,3
15038,164,163,1,1
15039,80,81,-1,1
15040,96,90,6,6
15041,133,118,15,15
15042,121,123,-2,2
15043,122,121,1,1
15044,99,93,6,6
15045,96,88,8,8
15046,41,58,-17,17
15047,157,133,24,24
15048,104,83,21,21
15049,65,75,-10,10
15050,103,105,-2,2
15051,118,109,9,9
15052,99,97,2,2
15053,126,109,17,17
15054,106,100,6,6
15055,55,59,-4,4
15056,75,76,-1,1
15057,69,79,-10,10
15058,107,105,2,2
15059,122,119,3,3
15060,63,72,-9,9
15061,107,100,7,7
15062,96,114,-18,18
15063,62,78,-16,16
15064,72,76,-4,4
15065,152,140,12,12
15066,65,73,-8,8
15067,78,80,-2,2
15068,115,110,5,5
15069,113,100,13,13
15070,113,97,16,16
15071,105,100,5,5
15072,116,111,5,5
15073,158,146,12,12
15074,57,68,-11,11
15075,141,137,4,4
15076,82,83,-1,1
15077,106,105,1,1
15078,96,87,9,9
15079,104,101,3,3
15080,98,91,7,7
15081,83,94,-11,11
15082,138,127,11,11
15083,148,136,12,12
15084,71,78,-7,7
15085,90,100,-10,10
15086,134,118,16,16
15087,129,131,-2,2
15088,127,123,4,4
15089,77,80,-3,3
15090,69,78,-9,9
15091,102,101,1,1
15092,69,77,-8,8
15093,65,70,-5,5
15094,102,107,-5,5
15095,56,74,-18,18
15096,123,110,13,13
15097,73,72,1,1
15098,61,76,-15,15
15099,102,111,-9,9
15100,98,98,0,0
15101,80,79,1,1
15102,85,88,-3,3
15103,61,61,0,0
15104,127,121,6,6
15105,68,72,-4,4
15106,127,128,-1,1
15107,71,72,-1,1
15108,71,63,8,8
15109,149,137,12,12
15110,91,85,6,6
15111,98,99,-1,1
15112,51,66,-15,15
15113,90,86,4,4
15114,105,110,-5,5
15115,84,85,-1,1
15116,98,94,4,4
15117,188,192,-4,4
15118,57,62,-5,5
15119,135,109,26,26
15120,107,96,11,11
15121,166,154,12,12
15122,102,97,5,5
15123,162,148,14,14
15124,74,73,1,1
15125,81,86,-5,5
15126,58,64,-6,6
15127,93,82,11,11
15128,67,69,-2,2
15129,136,139,-3,3
15130,122,119,3,3
15131,114,115,-1,1
15132,66,67,-1,1
15133,121,105,16,16
15134,82,86,-4,4
15135,110,101,9,9
15136,63,72,-9,9
15137,108,102,6,6
15138,77,76,1,1
15139,86,83,3,3
15140,74,72,2,2
15141,101,102,-1,1
15142,114,117,-3,3
15143,105,99,6,6
15144,106,101,5,5
15145,83,81,2,2
15146,169,162,7,7
15147,71,76,-5,5
15148,87,92,-5,5
15149,67,73,-6,6
15150,86,110,-24,24
15151,244,219,25,25
15152,96,84,12,12
15153,136,132,4,4
15154,64,70,-6,6
15155,131,140,-9,9
15156,142,144,-2,2
15157,63,79,-16,16
15158,56,68,-12,12
15159,65,71,-6,6
15160,116,103,13,13
15161,57,62,-5,5
15162,109,115,-6,6
15163,114,120,-6,6
15164,68,71,-3,3
15165,114,109,5,5
15166,64,84,-20,20
15167,112,116,-4,4
15168,47,62,-15,15
15169,66,69,-3,3
15170,81,88,-7,7
15171,127,126,1,1
15172,109,105,4,4
15173,72,72,0,0
15174,94,95,-1,1
15175,46,59,-13,13
15176,113,86,27,27
15177,70,76,-6,6
15178,80,86,-6,6
15179,64,74,-10,10
15180,113,100,13,13
15181,56,68,-12,12
15182,112,103,9,9
15183,50,67,-17,17
15184,101,94,7,7
15185,173,166,7,7
15186,57,60,-3,3
15187,104,99,5,5
15188,90,86,4,4
15189,76,77,-1,1
15190,94,93,1,1
15191,105,115,-10,10
15192,121,114,7,7
15193,126,128,-2,2
15194,127,108,19,19
15195,116,113,3,3
15196,88,83,5,5
15197,62,75,-13,13
15198,190,182,8,8
15199,91,117,-26,26
15200,68,78,-10,10
15201,102,92,10,10
15202,150,117,33,33
15203,85,88,-3,3
15204,45,56,-11,11
15205,106,106,0,0
15206,64,69,-5,5
15207,152,149,3,3
15208,124,122,2,2
15209,77,85,-8,8
15210,80,87,-7,7
15211,68,68,0,0
15212,131,126,5,5
15213,141,127,14,14
15214,138,121,17,17
15215,139,150,-11,11
15216,54,67,-13,13
15217,81,85,-4,4
15218,131,128,3,3
15219,105,100,5,5
15220,88,82,6,6
15221,97,98,-1,1
15222,132,122,10,10
15223,80,85,-5,5
15224,83,87,-4,4
15225,56,68,-12,12
15226,68,83,-15,15
15227,88,85,3,3
15228,101,104,-3,3
15229,123,113,10,10
15230,123,125,-2,2
15231,56,79,-23,23
15232,139,134,5,5
15233,102,105,-3,3
15234,53,61,-8,8
15235,145,139,6,6
15236,94,96,-2,2
15237,126,119,7,7
15238,92,85,7,7
15239,82,84,-2,2
15240,74,84,-10,10
15241,165,129,36,36
15242,99,102,-3,3
15243,139,143,-4,4
15244,84,77,7,7
15245,85,85,0,0
15246,63,69,-6,6
15247,174,148,26,26
15248,127,107,20,20
15249,93,102,-9,9
15250,106,100,6,6
15251,108,131,-23,23
15252,93,91,2,2
15253,98,84,14,14
15254,91,91,0,0
15255,68,73,-5,5
15256,98,96,2,2
15257,264,239,25,25
15258,105,93,12,12
15259,71,80,-9,9
15260,57,60,-3,3
15261,99,97,2,2
15262,87,84,3,3
15263,109,105,4,4
15264,132,127,5,5
15265,66,79,-13,13
15266,99,100,-1,1
15267,70,70,0,0
15268,111,103,8,8
15269,124,112,12,12
15270,53,66,-13,13
15271,113,100,13,13
15272,69,68,1,1
15273,69,80,-11,11
15274,80,81,-1,1
15275,87,87,0,0
15276,117,104,13,13
15277,105,95,10,10
15278,64,64,0,0
15279,41,56,-15,15
15280,60,66,-6,6
15281,93,95,-2,2
15282,74,73,1,1
15283,100,93,7,7
15284,75,76,-1,1
15285,117,103,14,14
15286,129,127,2,2
15287,145,137,8,8
15288,102,102,0,0
15289,147,143,4,4
15290,55,67,-12,12
15291,91,85,6,6
15292,46,59,-13,13
15293,211,170,41,41
15294,125,131,-6,6
15295,76,81,-5,5
15296,84,83,1,1
15297,104,101,3,3
15298,62,73,-11,11
15299,77,82,-5,5
15300,100,92,8,8
15301,83,87,-4,4
15302,90,93,-3,3
15303,181,158,23,23
15304,132,142,-10,10
15305,88,86,2,2
15306,85,86,-1,1
15307,69,75,-6,6
15308,59,66,-7,7
15309,42,48,-6,6
15310,138,125,13,13
15311,75,74,1,1
15312,116,116,0,0
15313,76,89,-13,13
15314,85,85,0,0
15315,60,70,-10,10
15316,101,97,4,4
15317,117,120,-3,3
15318,73,85,-12,12
15319,65,77,-12,12
15320,136,134,2,2
15321,40,56,-16,16
15322,61,67,-6,6
15323,138,131,7,7
15324,55,67,-12,12
15325,87,82,5,5
15326,60,62,-2,2
15327,42,50,-8,8
15328,184,186,-2,2
15329,136,136,0,0
15330,46,68,-22,22
15331,157,118,39,39
15332,99,101,-2,2
15333,64,64,0,0
15334,95,95,0,0
15335,138,134,4,4
15336,63,71,-8,8
15337,72,68,4,4
15338,52,66,-14,14
15339,90,84,6,6
15340,78,85,-7,7
15341,97,99,-2,2
15342,118,107,11,11
15343,89,92,-3,3
15344,55,66,-11,11
15345,109,100,9,9
15346,64,75,-11,11
15347,103,96,7,7
15348,96,95,1,1
15349,101,93,8,8
15350,130,119,11,11
15351,67,81,-14,14
15352,65,73,-8,8
15353,80,82,-2,2
15354,90,88,2,2
15355,86,82,4,4
15356,62,66,-4,4
15357,162,152,10,10
15358,107,108,-1,1
15359,42,53,-11,11
15360,104,100,4,4
15361,125,116,9,9
15362,93,96,-3,3
15363,163,174,-11,11
15364,42,64,-22,22
15365,127,118,9,9
15366,94,98,-4,4
15367,88,87,1,1
15368,147,136,11,11
15369,155,144,11,11
15370,107,97,10,10
15371,65,71,-6,6
15372,94,104,-10,10
15373,77,84,-7,7
15374,128,125,3,3
15375,70,76,-6,6
15376,51,67,-16,16
15377,101,105,-4,4
15378,108,95,13,13
15379,169,153,16,16
15380,56,68,-12,12
15381,114,101,13,13
15382,129,134,-5,5
15383,98,96,2,2
15384,62,68,-6,6
15385,52,61,-9,9
15386,125,108,17,17
15387,123,112,11,11
15388,107,103,4,4
15389,100,100,0,0
15390,153,164,-11,11
15391,81,89,-8,8
15392,82,86,-4,4
15393,97,98,-1,1
15394,28,44,-16,16
15395,123,122,1,1
15396,66,80,-14,14
15397,91,90,1,1
15398,95,96,-1,1
15399,66,77,-11,11
15400,105,105,0,0
15401,64,69,-5,5
15402,106,100,6,6
15403,136,123,13,13
15404,87,89,-2,2
15405,71,70,1,1
15406,116,117,-1,1
15407,88,94,-6,6
15408,53,64,-11,11
15409,126,113,13,13
15410,144,125,19,19
15411,74,82,-8,8
15412,63,71,-8,8
15413,72,78,-6,6
15414,73,70,3,3
15415,76,81,-5,5
15416,88,86,2,2
15417,78,81,-3,3
15418,103,99,4,4
15419,76,73,3,3
15420,41,82,-41,41
15421,231,196,35,35
15422,134,133,1,1
15423,126,105,21,21
15424,138,124,14,14
15425,103,108,-5,5
15426,90,95,-5,5
15427,73,76,-3,3
15428,63,78,-15,15
15429,81,86,-5,5
15430,120,101,19,19
15431,92,96,-4,4
15432,100,100,0,0
15433,51,65,-14,14
15434,116,116,0,0
15435,97,96,1,1
15436,87,75,12,12
15437,138,121,17,17
15438,52,67,-15,15
15439,36,50,-14,14
15440,167,163,4,4
15441,80,93,-13,13
15442,117,111,6,6
15443,91,83,8,8
15444,163,147,16,16
15445,112,123,-11,11
15446,75,83,-8,8
15447,119,110,9,9
15448,61,69,-8,8
15449,71,71,0,0
15450,117,115,2,2
15451,115,125,-10,10
15452,99,100,-1,1
15453,125,118,7,7
15454,100,99,1,1
15455,153,134,19,19
15456,146,144,2,2
15457,157,139,18,18
15458,104,102,2,2
15459,130,117,13,13
15460,137,141,-4,4
15461,105,109,-4,4
15462,101,93,8,8
15463,110,111,-1,1
15464,97,89,8,8
15465,87,82,5,5
15466,107,103,4,4
15467,87,89,-2,2
15468,90,80,10,10
15469,90,86,4,4
15470,118,113,5,5
15471,57,69,-12,12
15472,108,109,-1,1
15473,51,64,-13,13
15474,56,81,-25,25
15475,53,73,-20,20
15476,55,67,-12,12
15477,68,82,-14,14
15478,61,71,-10,10
15479,142,139,3,3
15480,83,82,1,1
15481,56,70,-14,14
15482,60,74,-14,14
15483,59,70,-11,11
15484,119,116,3,3
15485,60,73,-13,13
15486,60,69,-9,9
15487,106,102,4,4
15488,78,83,-5,5
15489,83,82,1,1
15490,63,73,-10,10
15491,147,140,7,7
15492,182,170,12,12
15493,129,121,8,8
15494,97,99,-2,2
15495,115,107,8,8
15496,105,109,-4,4
15497,102,109,-7,7
15498,127,125,2,2
15499,157,147,10,10
15500,84,84,0,0
15501,152,136,16,16
15502,74,80,-6,6
15503,79,80,-1,1
15504,123,126,-3,3
15505,135,138,-3,3
15506,82,83,-1,1
15507,111,111,0,0
15508,62,87,-25,25
15509,59,70,-11,11
15510,77,86,-9,9
15511,63,76,-13,13
15512,81,85,-4,4
15513,56,63,-7,7
15514,69,79,-10,10
15515,65,77,-12,12
15516,82,84,-2,2
15517,91,87,4,4
15518,190,155,35,35
15519,185,167,18,18
15520,131,118,13,13
15521,65,70,-5,5
15522,158,144,14,14
15523,144,148,-4,4
15524,73,83,-10,10
15525,80,91,-11,11
15526,152,140,12,12
15527,62,73,-11,11
15528,64,75,-11,11
15529,65,74,-9,9
15530,146,134,12,12
15531,124,119,5,5
15532,108,98,10,10
15533,131,118,13,13
15534,107,109,-2,2
15535,104,100,4,4
15536,78,77,1,1
15537,115,117,-2,2
15538,159,147,12,12
15539,103,107,-4,4
15540,101,101,0,0
15541,63,65,-2,2
15542,160,151,9,9
15543,61,72,-11,11
15544,60,66,-6,6
15545,130,133,-3,3
15546,96,96,0,0
15547,84,86,-2,2
15548,93,93,0,0
15549,110,106,4,4
15550,66,68,-2,2
15551,77,77,0,0
15552,103,101,2,2
15553,78,85,-7,7
15554,147,135,12,12
15555,87,93,-6,6
15556,84,80,4,4
15557,83,81,2,2
15558,69,71,-2,2
15559,180,178,2,2
15560,140,135,5,5
15561,57,65,-8,8
15562,120,114,6,6
15563,62,69,-7,7
15564,79,80,-1,1
15565,127,121,6,6
15566,64,74,-10,10
15567,81,76,5,5
15568,100,96,4,4
15569,118,113,5,5
15570,85,76,9,9
15571,77,86,-9,9
15572,104,96,8,8
15573,72,73,-1,1
15574,101,98,3,3
15575,95,99,-4,4
15576,98,93,5,5
15577,62,67,-5,5
15578,98,94,4,4
15579,113,120,-7,7
15580,62,67,-5,5
15581,52,68,-16,16
15582,112,102,10,10
15583,80,83,-3,3
15584,106,114,-8,8
15585,63,73,-10,10
15586,49,68,-19,19
15587,72,78,-6,6
15588,117,99,18,18
15589,116,110,6,6
15590,94,89,5,5
15591,95,96,-1,1
15592,83,96,-13,13
15593,119,118,1,1
15594,106,104,2,2
15595,92,83,9,9
15596,70,80,-10,10
15597,133,128,5,5
15598,64,69,-5,5
15599,169,153,16,16
15600,93,88,5,5
15601,102,100,2,2
15602,87,82,5,5
15603,71,77,-6,6
15604,62,72,-10,10
15605,59,62,-3,3
15606,85,84,1,1
15607,72,77,-5,5
15608,50,60,-10,10
15609,92,90,2,2
15610,127,119,8,8
15611,57,64,-7,7
15612,107,102,5,5
15613,65,66,-1,1
15614,82,85,-3,3
15615,81,85,-4,4
15616,98,96,2,2
15617,82,80,2,2
15618,110,123,-13,13
15619,166,155,11,11
15620,107,102,5,5
15621,50,66,-16,16
15622,148,135,13,13
15623,70,75,-5,5
15624,100,91,9,9
15625,108,106,2,2
15626,113,111,2,2
15627,53,69,-16,16
15628,126,120,6,6
15629,72,77,-5,5
15630,197,177,20,20
15631,47,58,-11,11
15632,89,85,4,4
15633,143,127,16,16
15634,119,114,5,5
15635,76,82,-6,6
15636,73,83,-10,10
15637,68,79,-11,11
15638,111,103,8,8
15639,121,105,16,16
15640,92,99,-7,7
15641,113,104,9,9
15642,98,101,-3,3
15643,152,152,0,0
15644,80,85,-5,5
15645,82,80,2,2
15646,128,118,10,10
15647,49,66,-17,17
15648,128,126,2,2
15649,63,70,-7,7
15650,52,63,-11,11
15651,89,90,-1,1
15652,68,66,2,2
15653,109,103,6,6
15654,83,84,-1,1
15655,97,98,-1,1
15656,73,79,-6,6
15657,75,76,-1,1
15658,127,117,10,10
15659,52,81,-29,29
15660,69,66,3,3
15661,152,143,9,9
15662,87,88,-1,1
15663,130,111,19,19
15664,72,84,-12,12
15665,114,115,-1,1
15666,75,79,-4,4
15667,136,122,14,14
15668,77,81,-4,4
15669,88,86,2,2
15670,64,76,-12,12
15671,90,83,7,7
15672,174,168,6,6
15673,57,69,-12,12
15674,56,69,-13,13
15675,78,80,-2,2
15676,81,80,1,1
15677,67,68,-1,1
15678,123,107,16,16
15679,146,138,8,8
15680,123,122,1,1
15681,98,101,-3,3
15682,61,76,-15,15
15683,109,108,1,1
15684,76,86,-10,10
15685,121,116,5,5
15686,81,85,-4,4
15687,38,63,-25,25
15688,70,77,-7,7
15689,83,78,5,5
15690,100,97,3,3
15691,79,87,-8,8
15692,98,102,-4,4
15693,79,78,1,1
15694,196,173,23,23
15695,137,132,5,5
15696,67,74,-7,7
15697,87,91,-4,4
15698,79,83,-4,4
15699,84,86,-2,2
15700,104,113,-9,9
15701,105,108,-3,3
15702,113,102,11,11
15703,54,63,-9,9
15704,77,77,0,0
15705,124,121,3,3
15706,103,97,6,6
15707,175,155,20,20
15708,67,67,0,0
15709,86,86,0,0
15710,65,76,-11,11
15711,74,76,-2,2
15712,85,65,20,20
15713,77,78,-1,1
15714,94,92,2,2
15715,163,138,25,25
15716,107,105,2,2
15717,126,123,3,3
15718,97,95,2,2
15719,80,81,-1,1
15720,150,153,-3,3
15721,67,77,-10,10
15722,120,103,17,17
15723,86,96,-10,10
15724,80,82,-2,2
15725,79,79,0,0
15726,98,95,3,3
15727,100,102,-2,2
15728,105,105,0,0
15729,140,151,-11,11
15730,110,99,11,11
15731,101,95,6,6
15732,50,60,-10,10
15733,132,124,8,8
15734,160,155,5,5
15735,119,107,12,12
15736,94,89,5,5
15737,83,82,1,1
15738,92,90,2,2
15739,76,69,7,7
15740,103,100,3,3
15741,93,96,-3,3
15742,67,76,-9,9
15743,104,111,-7,7
15744,123,116,7,7
15745,90,83,7,7
15746,75,82,-7,7
15747,120,114,6,6
15748,66,68,-2,2
15749,106,106,0,0
15750,120,112,8,8
15751,98,85,13,13
15752,105,108,-3,3
15753,97,97,0,0
15754,101,96,5,5
15755,80,83,-3,3
15756,87,86,1,1
15757,68,71,-3,3
15758,160,143,17,17
15759,77,83,-6,6
15760,65,73,-8,8
15761,90,94,-4,4
15762,34,47,-13,13
15763,90,97,-7,7
15764,83,78,5,5
15765,47,56,-9,9
15766,47,74,-27,27
15767,106,109,-3,3
15768,63,73,-10,10
15769,96,97,-1,1
15770,108,117,-9,9
15771,85,88,-3,3
15772,157,139,18,18
15773,90,76,14,14
15774,116,117,-1,1
15775,132,127,5,5
15776,123,117,6,6
15777,118,112,6,6
15778,45,62,-17,17
15779,60,67,-7,7
15780,179,153,26,26
15781,111,108,3,3
15782,118,118,0,0
15783,87,96,-9,9
15784,51,67,-16,16
15785,37,54,-17,17
15786,91,89,2,2
15787,69,76,-7,7
15788,130,114,16,16
15789,102,106,-4,4
15790,93,98,-5,5
15791,129,122,7,7
15792,54,61,-7,7
15793,70,75,-5,5
15794,125,109,16,16
15795,59,70,-11,11
15796,46,49,-3,3
15797,64,73,-9,9
15798,113,99,14,14
15799,110,93,17,17
15800,46,60,-14,14
15801,134,136,-2,2
15802,71,85,-14,14
15803,143,142,1,1
15804,63,72,-9,9
15805,120,114,6,6
15806,86,81,5,5
15807,74,84,-10,10
15808,118,118,0,0
15809,61,70,-9,9
15810,65,70,-5,5
15811,136,119,17,17
15812,85,90,-5,5
15813,105,89,16,16
15814,146,137,9,9
15815,98,105,-7,7
15816,30,56,-26,26
15817,76,80,-4,4
15818,148,135,13,13
15819,126,120,6,6
15820,121,113,8,8
15821,173,128,45,45
15822,68,85,-17,17
15823,100,101,-1,1
15824,109,109,0,0
15825,73,82,-9,9
15826,97,96,1,1
15827,92,85,7,7
15828,97,94,3,3
15829,88,98,-10,10
15830,159,141,18,18
15831,104,101,3,3
15832,65,72,-7,7
15833,84,83,1,1
15834,82,83,-1,1
15835,100,107,-7,7
15836,105,103,2,2
15837,70,81,-11,11
15838,77,75,2,2
15839,111,107,4,4
15840,96,87,9,9
15841,98,102,-4,4
15842,89,91,-2,2
15843,62,73,-11,11
15844,144,126,18,18
15845,134,125,9,9
15846,96,98,-2,2
15847,64,79,-15,15
15848,74,78,-4,4
15849,113,102,11,11
15850,125,134,-9,9
15851,122,110,12,12
15852,66,79,-13,13
15853,46,60,-14,14
15854,115,112,3,3
15855,59,72,-13,13
15856,76,78,-2,2
15857,97,94,3,3
15858,125,123,2,2
15859,138,110,28,28
15860,24,43,-19,19
15861,34,50,-16,16
15862,77,80,-3,3
15863,112,119,-7,7
15864,123,120,3,3
15865,88,88,0,0
15866,130,121,9,9
15867,108,103,5,5
15868,52,59,-7,7
15869,112,116,-4,4
15870,41,52,-11,11
15871,68,81,-13,13
15872,111,106,5,5
15873,97,104,-7,7
15874,73,77,-4,4
15875,75,77,-2,2
15876,79,94,-15,15
15877,62,75,-13,13
15878,75,90,-15,15
15879,128,120,8,8
15880,113,112,1,1
15881,49,55,-6,6
15882,65,66,-1,1
15883,64,69,-5,5
15884,97,106,-9,9
15885,117,102,15,15
15886,62,68,-6,6
15887,75,93,-18,18
15888,80,86,-6,6
15889,63,74,-11,11
15890,50,65,-15,15
15891,112,111,1,1
15892,129,124,5,5
15893,78,77,1,1
15894,102,100,2,2
15895,101,92,9,9
15896,67,76,-9,9
15897,49,59,-10,10
15898,184,161,23,23
15899,81,83,-2,2
15900,70,77,-7,7
15901,95,89,6,6
15902,111,101,10,10
15903,141,130,11,11
15904,105,110,-5,5
15905,54,56,-2,2
15906,78,81,-3,3
15907,155,139,16,16
15908,134,121,13,13
15909,88,83,5,5
15910,66,79,-13,13
15911,64,73,-9,9
15912,60,76,-16,16
15913,94,90,4,4
15914,103,93,10,10
15915,146,138,8,8
15916,74,84,-10,10
15917,73,70,3,3
15918,62,73,-11,11
15919,103,101,2,2
15920,126,117,9,9
15921,96,87,9,9
15922,160,143,17,17
15923,118,111,7,7
15924,128,114,14,14
15925,191,179,12,12
15926,123,114,9,9
15927,107,105,2,2
15928,55,63,-8,8
15929,47,49,-2,2
15930,55,60,-5,5
15931,58,64,-6,6
15932,107,102,5,5
15933,76,79,-3,3
15934,96,85,11,11
15935,57,63,-6,6
15936,110,116,-6,6
15937,79,78,1,1
15938,65,77,-12,12
15939,123,112,11,11
15940,61,60,1,1
15941,65,80,-15,15
15942,113,106,7,7
15943,49,57,-8,8
15944,82,95,-13,13
15945,98,100,-2,2
15946,75,81,-6,6
15947,112,115,-3,3
15948,113,102,11,11
15949,94,95,-1,1
15950,58,55,3,3
15951,64,70,-6,6
15952,105,107,-2,2
15953,101,99,2,2
15954,68,75,-7,7
15955,101,91,10,10
15956,52,59,-7,7
15957,70,74,-4,4
15958,97,126,-29,29
15959,117,103,14,14
15960,68,73,-5,5
15961,127,107,20,20
15962,69,80,-11,11
15963,90,98,-8,8
15964,40,54,-14,14
15965,114,103,11,11
15966,98,96,2,2
15967,66,73,-7,7
15968,67,82,-15,15
15969,190,183,7,7
15970,104,98,6,6
15971,74,82,-8,8
15972,69,63,6,6
15973,86,94,-8,8
15974,102,93,9,9
15975,122,114,8,8
15976,142,128,14,14
15977,103,90,13,13
15978,164,146,18,18
15979,110,120,-10,10
15980,64,71,-7,7
15981,74,75,-1,1
15982,61,68,-7,7
15983,63,74,-11,11
15984,100,87,13,13
15985,107,106,1,1
15986,102,98,4,4
15987,31,52,-21,21
15988,147,134,13,13
15989,60,70,-10,10
15990,86,84,2,2
15991,114,118,-4,4
15992,103,113,-10,10
15993,75,80,-5,5
15994,95,103,-8,8
15995,87,81,6,6
15996,99,86,13,13
15997,114,114,0,0
15998,76,84,-8,8
15999,120,120,0,0
16000,90,85,5,5
16001,64,64,0,0
16002,113,106,7,7
16003,66,70,-4,4
16004,123,108,15,15
16005,132,116,16,16
16006,124,104,20,20
16007,56,64,-8,8
16008,125,130,-5,5
16009,101,98,3,3
16010,89,85,4,4
16011,57,73,-16,16
16012,98,91,7,7
16013,101,100,1,1
16014,82,87,-5,5
16015,128,131,-3,3
16016,56,64,-8,8
16017,162,157,5,5
16018,84,93,-9,9
16019,79,80,-1,1
16020,53,65,-12,12
16021,55,66,-11,11
16022,62,66,-4,4
16023,73,79,-6,6
16024,42,57,-15,15
16025,127,134,-7,7
16026,52,64,-12,12
16027,121,120,1,1
16028,75,85,-10,10
16029,89,86,3,3
16030,64,69,-5,5
16031,36,46,-10,10
16032,89,85,4,4
16033,72,70,2,2
16034,148,140,8,8
16035,106,100,6,6
16036,158,159,-1,1
16037,131,119,12,12
16038,130,127,3,3
16039,77,76,1,1
16040,136,126,10,10
16041,102,101,1,1
16042,86,86,0,0
16043,89,84,5,5
16044,101,95,6,6
16045,99,97,2,2
16046,100,95,5,5
16047,69,78,-9,9
16048,92,83,9,9
16049,69,79,-10,10
16050,128,119,9,9
16051,151,140,11,11
16052,39,51,-12,12
16053,44,61,-17,17
16054,74,89,-15,15
16055,82,81,1,1
16056,140,126,14,14
16057,120,106,14,14
16058,79,70,9,9
16059,89,89,0,0
16060,158,181,-23,23
16061,105,121,-16,16
16062,113,111,2,2
16063,58,62,-4,4
16064,95,95,0,0
16065,82,91,-9,9
16066,140,128,12,12
16067,66,77,-11,11
16068,94,94,0,0
16069,116,118,-2,2
16070,70,83,-13,13
16071,90,89,1,1
16072,73,86,-13,13
16073,62,100,-38,38
16074,55,64,-9,9
16075,87,88,-1,1
16076,97,101,-4,4
16077,75,77,-2,2
16078,113,103,10,10
16079,148,127,21,21
16080,144,162,-18,18
16081,64,65,-1,1
16082,117,103,14,14
16083,89,87,2,2
16084,106,99,7,7
16085,130,108,22,22
16086,91,99,-8,8
16087,52,62,-10,10
16088,54,69,-15,15
16089,117,101,16,16
16090,127,131,-4,4
16091,104,87,17,17
16092,122,112,10,10
16093,67,68,-1,1
16094,73,80,-7,7
16095,84,86,-2,2
16096,63,71,-8,8
16097,199,188,11,11
16098,138,149,-11,11
16099,85,83,2,2
16100,112,111,1,1
16101,100,102,-2,2
16102,184,185,-1,1
16103,90,92,-2,2
16104,55,64,-9,9
16105,142,128,14,14
16106,124,121,3,3
16107,83,95,-12,12
16108,79,89,-10,10
16109,52,76,-24,24
16110,92,95,-3,3
16111,71,74,-3,3
16112,47,55,-8,8
16113,83,86,-3,3
16114,68,74,-6,6
16115,65,75,-10,10
16116,99,95,4,4
16117,114,118,-4,4
16118,98,99,-1,1
16119,84,103,-19,19
16120,181,156,25,25
16121,51,61,-10,10
16122,95,82,13,13
16123,77,81,-4,4
16124,70,79,-9,9
16125,103,97,6,6
16126,106,96,10,10
16127,70,81,-11,11
16128,92,93,-1,1
16129,104,118,-14,14
16130,49,65,-16,16
16131,62,74,-12,12
16132,52,61,-9,9
16133,88,86,2,2
16134,84,79,5,5
16135,80,84,-4,4
16136,55,66,-11,11
16137,84,83,1,1
16138,158,133,25,25
16139,76,74,2,2
16140,58,69,-11,11
16141,94,89,5,5
16142,44,54,-10,10
16143,96,94,2,2
16144,134,124,10,10
16145,124,116,8,8
16146,137,134,3,3
16147,139,130,9,9
16148,40,54,-14,14
16149,64,71,-7,7
16150,100,99,1,1
16151,90,93,-3,3
16152,88,90,-2,2
16153,80,84,-4,4
16154,67,72,-5,5
16155,96,95,1,1
16156,74,71,3,3
16157,80,76,4,4
16158,54,70,-16,16
16159,133,126,7,7
16160,71,72,-1,1
16161,151,137,14,14
16162,150,143,7,7
16163,107,109,-2,2
16164,104,101,3,3
16165,96,96,0,0
16166,164,155,9,9
16167,61,79,-18,18
16168,95,96,-1,1
16169,120,114,6,6
16170,107,110,-3,3
16171,116,106,10,10
16172,89,86,3,3
16173,42,53,-11,11
16174,74,78,-4,4
16175,100,106,-6,6
16176,66,68,-2,2
16177,105,103,2,2
16178,108,96,12,12
16179,144,139,5,5
16180,118,123,-5,5
16181,82,81,1,1
16182,164,141,23,23
16183,125,126,-1,1
16184,68,79,-11,11
16185,102,102,0,0
16186,109,113,-4,4
16187,111,96,15,15
16188,115,103,12,12
16189,58,63,-5,5
16190,109,99,10,10
16191,90,89,1,1
16192,99,96,3,3
16193,124,132,-8,8
16194,147,116,31,31
16195,67,71,-4,4
16196,89,89,0,0
16197,77,75,2,2
16198,106,127,-21,21
16199,78,81,-3,3
16200,58,76,-18,18
16201,119,107,12,12
16202,74,82,-8,8
16203,80,83,-3,3
16204,143,133,10,10
16205,160,137,23,23
16206,117,106,11,11
16207,79,78,1,1
16208,103,103,0,0
16209,88,78,10,10
16210,74,81,-7,7
16211,96,99,-3,3
16212,94,114,-20,20
16213,66,69,-3,3
16214,43,59,-16,16
16215,137,127,10,10
16216,89,86,3,3
16217,95,99,-4,4
16218,172,169,3,3
16219,37,53,-16,16
16220,75,80,-5,5
16221,112,107,5,5
16222,98,100,-2,2
16223,137,128,9,9
16224,122,111,11,11
16225,55,60,-5,5
16226,65,68,-3,3
16227,105,104,1,1
16228,67,75,-8,8
16229,115,104,11,11
16230,35,57,-22,22
16231,95,96,-1,1
16232,62,65,-3,3
16233,60,65,-5,5
16234,142,122,20,20
16235,74,88,-14,14
16236,100,97,3,3
16237,179,108,71,71
16238,173,151,22,22
16239,161,154,7,7
16240,76,81,-5,5
16241,79,90,-11,11
16242,116,102,14,14
16243,58,69,-11,11
16244,83,83,0,0
16245,48,60,-12,12
16246,74,74,0,0
16247,57,72,-15,15
16248,84,83,1,1
16249,114,103,11,11
16250,72,69,3,3
16251,96,98,-2,2
16252,113,140,-27,27
16253,105,99,6,6
16254,149,131,18,18
16255,62,70,-8,8
16256,72,69,3,3
16257,77,78,-1,1
16258,152,145,7,7
16259,94,88,6,6
16260,115,106,9,9
16261,56,61,-5,5
16262,65,71,-6,6
16263,111,100,11,11
16264,73,81,-8,8
16265,75,75,0,0
16266,90,98,-8,8
16267,121,126,-5,5
16268,111,101,10,10
16269,179,161,18,18
16270,136,134,2,2
16271,111,121,-10,10
16272,35,72,-37,37
16273,90,91,-1,1
16274,58,65,-7,7
16275,172,153,19,19
16276,77,79,-2,2
16277,81,79,2,2
16278,31,48,-17,17
16279,87,95,-8,8
16280,63,81,-18,18
16281,114,103,11,11
16282,96,97,-1,1
16283,83,81,2,2
16284,117,117,0,0
16285,121,102,19,19
16286,89,92,-3,3
16287,106,104,2,2
16288,108,101,7,7
16289,121,115,6,6
16290,160,144,16,16
16291,110,105,5,5
16292,87,81,6,6
16293,107,102,5,5
16294,117,116,1,1
16295,74,80,-6,6
16296,96,95,1,1
16297,133,123,10,10
16298,81,92,-11,11
16299,81,84,-3,3
16300,76,82,-6,6
16301,57,71,-14,14
16302,131,131,0,0
16303,91,85,6,6
16304,39,54,-15,15
16305,119,106,13,13
16306,138,126,12,12
16307,105,110,-5,5
16308,77,79,-2,2
16309,132,127,5,5
16310,58,69,-11,11
16311,42,54,-12,12
16312,67,70,-3,3
16313,54,61,-7,7
16314,74,75,-1,1
16315,95,95,0,0
16316,73,72,1,1
16317,75,89,-14,14
16318,58,68,-10,10
16319,112,102,10,10
16320,114,103,11,11
16321,118,117,1,1
16322,63,71,-8,8
16323,59,76,-17,17
16324,56,63,-7,7
16325,66,70,-4,4
16326,64,73,-9,9
16327,100,90,10,10
16328,97,99,-2,2
16329,155,140,15,15
16330,93,85,8,8
16331,123,120,3,3
16332,89,82,7,7
16333,76,85,-9,9
16334,178,173,5,5
16335,67,68,-1,1
16336,112,101,11,11
16337,105,101,4,4
16338,95,87,8,8
16339,81,83,-2,2
16340,67,79,-12,12
16341,79,80,-1,1
16342,117,117,0,0
16343,72,82,-10,10
16344,103,103,0,0
16345,109,104,5,5
16346,59,68,-9,9
16347,101,98,3,3
16348,112,109,3,3
16349,158,143,15,15
16350,119,118,1,1
16351,92,87,5,5
16352,38,53,-15,15
16353,66,77,-11,11
16354,69,85,-16,16
16355,51,65,-14,14
16356,200,159,41,41
16357,93,90,3,3
16358,97,96,1,1
16359,171,136,35,35
16360,65,81,-16,16
16361,102,99,3,3
16362,72,72,0,0
16363,55,64,-9,9
16364,118,98,20,20
16365,86,83,3,3
16366,135,121,14,14
16367,78,78,0,0
16368,115,117,-2,2
16369,140,140,0,0
16370,61,72,-11,11
16371,48,63,-15,15
16372,78,80,-2,2
16373,195,186,9,9
16374,48,63,-15,15
16375,71,74,-3,3
16376,126,118,8,8
16377,207,186,21,21
16378,111,98,13,13
16379,75,85,-10,10
16380,106,100,6,6
16381,84,81,3,3
16382,140,133,7,7
16383,77,95,-18,18
16384,88,87,1,1
16385,63,67,-4,4
16386,146,131,15,15
16387,43,58,-15,15
16388,87,87,0,0
16389,63,64,-1,1
16390,92,100,-8,8
16391,64,74,-10,10
16392,107,99,8,8
16393,114,107,7,7
16394,76,73,3,3
16395,108,114,-6,6
16396,61,66,-5,5
16397,157,148,9,9
16398,161,144,17,17
16399,81,81,0,0
16400,42,56,-14,14
16401,120,98,22,22
16402,118,103,15,15
16403,99,98,1,1
16404,78,82,-4,4
16405,39,51,-12,12
16406,62,68,-6,6
16407,93,86,7,7
16408,51,65,-14,14
16409,63,86,-23,23
16410,131,137,-6,6
16411,117,102,15,15
16412,96,88,8,8
16413,158,151,7,7
16414,88,89,-1,1
16415,77,86,-9,9
16416,84,85,-1,1
16417,123,116,7,7
16418,84,84,0,0
16419,122,118,4,4
16420,88,90,-2,2
16421,73,72,1,1
16422,198,185,13,13
16423,87,80,7,7
16424,76,84,-8,8
16425,85,87,-2,2
16426,86,95,-9,9
16427,161,159,2,2
16428,132,108,24,24
16429,65,62,3,3
16430,65,66,-1,1
16431,155,143,12,12
16432,94,100,-6,6
16433,91,86,5,5
16434,94,101,-7,7
16435,132,124,8,8
16436,74,78,-4,4
16437,134,127,7,7
16438,186,176,10,10
16439,117,108,9,9
16440,128,124,4,4
16441,49,60,-11,11
16442,52,64,-12,12
16443,54,58,-4,4
16444,49,61,-12,12
16445,61,73,-12,12
16446,87,87,0,0
16447,121,127,-6,6
16448,110,106,4,4
16449,29,47,-18,18
16450,75,78,-3,3
16451,119,120,-1,1
16452,100,93,7,7
16453,73,92,-19,19
16454,71,79,-8,8
16455,61,84,-23,23
16456,91,102,-11,11
16457,68,82,-14,14
16458,79,81,-2,2
16459,141,149,-8,8
16460,89,91,-2,2
16461,132,125,7,7
16462,110,106,4,4
16463,70,75,-5,5
16464,49,61,-12,12
16465,99,100,-1,1
16466,60,65,-5,5
16467,94,94,0,0
16468,89,87,2,2
16469,149,140,9,9
16470,78,76,2,2
16471,133,139,-6,6
16472,134,139,-5,5
16473,65,75,-10,10
16474,117,101,16,16
16475,96,90,6,6
16476,130,113,17,17
16477,138,132,6,6
16478,85,87,-2,2
16479,128,125,3,3
16480,84,82,2,2
16481,127,115,12,12
16482,67,73,-6,6
16483,149,152,-3,3
16484,77,77,0,0
16485,91,89,2,2
16486,137,122,15,15
16487,142,134,8,8
16488,68,75,-7,7
16489,129,122,7,7
16490,120,105,15,15
16491,38,56,-18,18
16492,109,106,3,3
16493,101,96,5,5
16494,66,100,-34,34
16495,61,74,-13,13
16496,107,103,4,4
16497,112,97,15,15
16498,114,126,-12,12
16499,96,97,-1,1
16500,136,130,6,6
16501,60,68,-8,8
16502,108,97,11,11
16503,109,105,4,4
16504,98,94,4,4
16505,53,76,-23,23
16506,68,65,3,3
16507,114,105,9,9
16508,181,179,2,2
16509,121,110,11,11
16510,67,72,-5,5
16511,78,74,4,4
16512,74,77,-3,3
16513,47,56,-9,9
16514,113,120,-7,7
16515,41,53,-12,12
16516,57,67,-10,10
16517,68,68,0,0
16518,88,91,-3,3
16519,76,97,-21,21
16520,96,97,-1,1
16521,45,60,-15,15
16522,119,113,6,6
16523,104,110,-6,6
16524,111,104,7,7
16525,62,64,-2,2
16526,94,95,-1,1
16527,86,83,3,3
16528,78,89,-11,11
16529,132,127,5,5
16530,105,102,3,3
16531,141,122,19,19
16532,59,68,-9,9
16533,205,167,38,38
16534,91,89,2,2
16535,87,101,-14,14
16536,87,86,1,1
16537,102,89,13,13
16538,94,85,9,9
16539,77,79,-2,2
16540,61,67,-6,6
16541,152,134,18,18
16542,85,86,-1,1
16543,120,111,9,9
16544,83,90,-7,7
16545,135,127,8,8
16546,52,63,-11,11
16547,79,75,4,4
16548,50,63,-13,13
16549,152,136,16,16
16550,80,77,3,3
16551,83,89,-6,6
16552,163,158,5,5
16553,75,85,-10,10
16554,72,78,-6,6
16555,93,89,4,4
16556,118,113,5,5
16557,84,89,-5,5
16558,72,74,-2,2
16559,75,81,-6,6
16560,79,84,-5,5
16561,84,90,-6,6
16562,88,88,0,0
16563,99,96,3,3
16564,59,69,-10,10
16565,112,107,5,5
16566,128,109,19,19
16567,115,109,6,6
16568,101,109,-8,8
16569,60,67,-7,7
16570,80,87,-7,7
16571,134,132,2,2
16572,72,74,-2,2
16573,160,140,20,20
16574,123,116,7,7
16575,111,103,8,8
16576,61,72,-11,11
16577,68,75,-7,7
16578,131,133,-2,2
16579,135,118,17,17
16580,217,218,-1,1
16581,56,59,-3,3
16582,86,89,-3,3
16583,104,100,4,4
16584,87,95,-8,8
16585,76,79,-3,3
16586,137,126,11,11
16587,86,89,-3,3
16588,53,63,-10,10
16589,82,87,-5,5
16590,52,58,-6,6
16591,85,85,0,0
16592,110,100,10,10
16593,58,63,-5,5
16594,103,102,1,1
16595,40,52,-12,12
16596,70,74,-4,4
16597,50,57,-7,7
16598,69,77,-8,8
16599,108,112,-4,4
16600,82,78,4,4
16601,138,127,11,11
16602,103,101,2,2
16603,119,109,10,10
16604,111,99,12,12
16605,154,139,15,15
16606,131,120,11,11
16607,67,74,-7,7
16608,76,75,1,1
16609,104,102,2,2
16610,134,117,17,17
16611,41,59,-18,18
16612,54,59,-5,5
16613,116,108,8,8
16614,58,63,-5,5
16615,74,86,-12,12
16616,101,101,0,0
16617,62,66,-4,4
16618,141,136,5,5
16619,93,85,8,8
16620,98,95,3,3
16621,88,99,-11,11
16622,33,46,-13,13
16623,115,116,-1,1
16624,86,87,-1,1
16625,156,140,16,16
16626,66,71,-5,5
16627,93,85,8,8
16628,61,68,-7,7
16629,128,119,9,9
16630,161,134,27,27
16631,51,64,-13,13
16632,59,69,-10,10
16633,97,96,1,1
16634,157,143,14,14
16635,91,101,-10,10
16636,67,64,3,3
16637,90,94,-4,4
16638,82,82,0,0
16639,104,96,8,8
16640,96,97,-1,1
16641,122,122,0,0
16642,86,83,3,3
16643,126,123,3,3
16644,87,87,0,0
16645,77,85,-8,8
16646,117,107,10,10
16647,144,126,18,18
16648,86,80,6,6
16649,61,60,1,1
16650,79,96,-17,17
16651,96,94,2,2
16652,89,95,-6,6
16653,89,96,-7,7
16654,110,101,9,9
16655,87,82,5,5
16656,39,58,-19,19
16657,98,97,1,1
16658,151,140,11,11
16659,89,89,0,0
16660,67,73,-6,6
16661,71,75,-4,4
16662,119,107,12,12
16663,86,86,0,0
16664,147,134,13,13
16665,51,54,-3,3
16666,83,92,-9,9
16667,83,84,-1,1
16668,54,63,-9,9
16669,138,118,20,20
16670,64,72,-8,8
16671,80,82,-2,2
16672,58,71,-13,13
16673,92,90,2,2
16674,56,75,-19,19
16675,114,121,-7,7
16676,58,67,-9,9
16677,51,65,-14,14
16678,111,105,6,6
16679,66,79,-13,13
16680,64,72,-8,8
16681,99,107,-8,8
16682,73,73,0,0
16683,110,97,13,13
16684,99,107,-8,8
16685,92,86,6,6
16686,57,62,-5,5
16687,138,128,10,10
16688,156,150,6,6
16689,113,106,7,7
16690,37,54,-17,17
16691,119,110,9,9
16692,109,107,2,2
16693,137,129,8,8
16694,187,144,43,43
16695,77,85,-8,8
16696,78,75,3,3
16697,89,91,-2,2
16698,144,144,0,0
16699,111,109,2,2
16700,46,61,-15,15
16701,119,115,4,4
16702,89,81,8,8
16703,85,86,-1,1
16704,155,133,22,22
16705,164,163,1,1
16706,176,162,14,14
16707,61,70,-9,9
16708,143,146,-3,3
16709,66,63,3,3
16710,138,120,18,18
16711,107,104,3,3
16712,80,77,3,3
16713,95,94,1,1
16714,94,101,-7,7
16715,90,86,4,4
16716,65,71,-6,6
16717,75,80,-5,5
16718,54,62,-8,8
16719,84,86,-2,2
16720,129,115,14,14
16721,142,123,19,19
16722,96,102,-6,6
16723,112,109,3,3
16724,93,85,8,8
16725,57,66,-9,9
16726,36,60,-24,24
16727,46,60,-14,14
16728,94,97,-3,3
16729,57,69,-12,12
16730,106,112,-6,6
16731,130,128,2,2
16732,62,68,-6,6
16733,89,95,-6,6
16734,137,126,11,11
16735,107,109,-2,2
16736,58,63,-5,5
16737,73,74,-1,1
16738,86,88,-2,2
16739,103,99,4,4
16740,121,117,4,4
16741,66,67,-1,1
16742,87,92,-5,5
16743,59,63,-4,4
16744,109,109,0,0
16745,79,92,-13,13
16746,68,72,-4,4
16747,66,74,-8,8
16748,72,79,-7,7
16749,100,98,2,2
16750,102,97,5,5
16751,55,65,-10,10
16752,98,96,2,2
16753,107,105,2,2
16754,77,71,6,6
16755,76,83,-7,7
16756,65,74,-9,9
16757,134,113,21,21
16758,39,59,-20,20
16759,123,125,-2,2
16760,64,71,-7,7
16761,105,100,5,5
16762,66,70,-4,4
16763,203,188,15,15
16764,144,114,30,30
16765,75,83,-8,8
16766,106,99,7,7
16767,104,102,2,2
16768,73,84,-11,11
16769,83,77,6,6
16770,81,94,-13,13
16771,83,85,-2,2
16772,100,104,-4,4
16773,103,97,6,6
16774,76,78,-2,2
16775,66,75,-9,9
16776,72,77,-5,5
16777,87,97,-10,10
16778,81,101,-20,20
16779,109,102,7,7
16780,103,93,10,10
16781,112,119,-7,7
16782,170,155,15,15
16783,89,88,1,1
16784,73,82,-9,9
16785,59,64,-5,5
16786,135,128,7,7
16787,61,70,-9,9
16788,78,83,-5,5
16789,125,109,16,16
16790,64,77,-13,13
16791,54,68,-14,14
16792,119,109,10,10
16793,92,96,-4,4
16794,117,116,1,1
16795,88,82,6,6
16796,99,98,1,1
16797,48,60,-12,12
16798,123,121,2,2
16799,113,110,3,3
16800,98,97,1,1
16801,66,70,-4,4
16802,82,80,2,2
16803,38,36,2,2
16804,86,89,-3,3
16805,135,139,-4,4
16806,140,128,12,12
16807,73,74,-1,1
16808,95,96,-1,1
16809,40,55,-15,15
16810,67,88,-21,21
16811,160,150,10,10
16812,121,109,12,12
16813,104,88,16,16
16814,98,95,3,3
16815,125,113,12,12
16816,119,104,15,15
16817,109,109,0,0
16818,73,80,-7,7
16819,212,181,31,31
16820,81,80,1,1
16821,104,103,1,1
16822,44,58,-14,14
16823,82,71,11,11
16824,181,154,27,27
16825,50,57,-7,7
16826,90,100,-10,10
16827,87,86,1,1
16828,76,93,-17,17
16829,211,198,13,13
16830,104,97,7,7
16831,114,106,8,8
16832,143,143,0,0
16833,142,134,8,8
16834,153,162,-9,9
16835,60,65,-5,5
16836,60,67,-7,7
16837,111,95,16,16
16838,143,145,-2,2
16839,76,81,-5,5
16840,73,76,-3,3
16841,76,74,2,2
16842,75,80,-5,5
16843,58,71,-13,13
16844,57,63,-6,6
16845,112,107,5,5
16846,151,139,12,12
16847,51,57,-6,6
16848,64,74,-10,10
16849,80,82,-2,2
16850,89,85,4,4
16851,155,142,13,13
16852,97,93,4,4
16853,82,88,-6,6
16854,122,110,12,12
16855,110,110,0,0
16856,91,85,6,6
16857,27,65,-38,38
16858,55,63,-8,8
16859,107,99,8,8
16860,61,71,-10,10
16861,67,76,-9,9
16862,111,116,-5,5
16863,95,92,3,3
16864,129,124,5,5
16865,165,167,-2,2
16866,139,127,12,12
16867,97,126,-29,29
16868,88,88,0,0
16869,64,77,-13,13
16870,83,81,2,2
16871,118,108,10,10
16872,81,80,1,1
16873,78,79,-1,1
16874,164,157,7,7
16875,60,83,-23,23
16876,23,44,-21,21
16877,60,65,-5,5
16878,58,69,-11,11
16879,102,102,0,0
16880,100,98,2,2
16881,103,101,2,2
16882,98,88,10,10
16883,136,134,2,2
16884,110,105,5,5
16885,95,94,1,1
16886,113,110,3,3
16887,143,151,-8,8
16888,141,133,8,8
16889,117,107,10,10
16890,63,75,-12,12
16891,83,78,5,5
16892,52,65,-13,13
16893,95,104,-9,9
16894,85,87,-2,2
16895,75,83,-8,8
16896,137,126,11,11
16897,81,83,-2,2
16898,55,61,-6,6
16899,128,107,21,21
16900,135,115,20,20
16901,107,103,4,4
16902,68,76,-8,8
16903,95,94,1,1
16904,131,120,11,11
16905,106,101,5,5
16906,84,97,-13,13
16907,120,117,3,3
16908,69,74,-5,5
16909,93,98,-5,5
16910,100,98,2,2
16911,152,143,9,9
16912,139,143,-4,4
16913,109,105,4,4
16914,122,118,4,4
16915,70,77,-7,7
16916,89,85,4,4
16917,81,73,8,8
16918,59,67,-8,8
16919,74,79,-5,5
16920,121,102,19,19
16921,88,84,4,4
16922,72,90,-18,18
16923,107,104,3,3
16924,47,64,-17,17
16925,105,97,8,8
16926,61,75,-14,14
16927,116,112,4,4
16928,110,102,8,8
16929,63,67,-4,4
16930,121,111,10,10
16931,52,60,-8,8
16932,92,86,6,6
16933,102,114,-12,12
16934,86,87,-1,1
16935,171,185,-14,14
16936,97,108,-11,11
16937,105,93,12,12
16938,127,124,3,3
16939,84,91,-7,7
16940,99,91,8,8
16941,65,68,-3,3
16942,86,80,6,6
16943,107,97,10,10
16944,84,84,0,0
16945,136,120,16,16
16946,82,77,5,5
16947,52,65,-13,13
16948,103,112,-9,9
16949,102,98,4,4
16950,126,114,12,12
16951,185,167,18,18
16952,143,132,11,11
16953,48,71,-23,23
16954,142,115,27,27
16955,58,70,-12,12
16956,164,158,6,6
16957,95,95,0,0
16958,191,184,7,7
16959,115,117,-2,2
16960,58,66,-8,8
16961,121,108,13,13
16962,101,97,4,4
16963,79,85,-6,6
16964,84,87,-3,3
16965,69,74,-5,5
16966,153,148,5,5
16967,67,78,-11,11
16968,69,85,-16,16
16969,71,79,-8,8
16970,94,96,-2,2
16971,110,104,6,6
16972,105,101,4,4
16973,88,93,-5,5
16974,93,98,-5,5
16975,70,72,-2,2
16976,65,75,-10,10
16977,62,71,-9,9
16978,120,114,6,6
16979,55,63,-8,8
16980,73,80,-7,7
16981,102,97,5,5
16982,71,76,-5,5
16983,111,126,-15,15
16984,156,148,8,8
16985,89,93,-4,4
16986,67,71,-4,4
16987,71,78,-7,7
16988,71,81,-10,10
16989,108,101,7,7
16990,72,75,-3,3
16991,80,78,2,2
16992,104,94,10,10
16993,111,113,-2,2
16994,58,64,-6,6
16995,68,70,-2,2
16996,92,89,3,3
16997,161,150,11,11
16998,107,99,8,8
16999,66,78,-12,12
17000,76,85,-9,9
17001,105,101,4,4
17002,140,126,14,14
17003,77,78,-1,1
17004,70,77,-7,7
17005,133,121,12,12
17006,50,64,-14,14
17007,66,74,-8,8
17008,60,75,-15,15
17009,72,80,-8,8
17010,123,115,8,8
17011,88,86,2,2
17012,110,103,7,7
17013,94,91,3,3
17014,88,85,3,3
17015,82,77,5,5
17016,107,119,-12,12
17017,69,70,-1,1
17018,85,90,-5,5
17019,81,85,-4,4
17020,57,66,-9,9
17021,124,109,15,15
17022,126,122,4,4
17023,59,59,0,0
17024,78,83,-5,5
17025,112,112,0,0
17026,87,98,-11,11
17027,101,90,11,11
17028,101,97,4,4
17029,150,144,6,6
17030,135,119,16,16
17031,146,139,7,7
17032,61,68,-7,7
17033,103,99,4,4
17034,134,123,11,11
17035,68,73,-5,5
17036,84,80,4,4
17037,59,67,-8,8
17038,115,109,6,6
17039,98,86,12,12
17040,118,126,-8,8
17041,97,97,0,0
17042,94,102,-8,8
17043,143,128,15,15
17044,119,112,7,7
17045,82,95,-13,13
17046,86,94,-8,8
17047,79,85,-6,6
17048,178,180,-2,2
17049,151,132,19,19
17050,133,124,9,9
17051,71,82,-11,11
17052,56,60,-4,4
17053,61,65,-4,4
17054,69,79,-10,10
17055,95,96,-1,1
17056,98,95,3,3
17057,88,90,-2,2
17058,86,92,-6,6
17059,79,86,-7,7
17060,77,78,-1,1
17061,88,99,-11,11
17062,110,103,7,7
17063,138,138,0,0
17064,98,104,-6,6
17065,99,95,4,4
17066,73,77,-4,4
17067,143,130,13,13
17068,44,55,-11,11
17069,136,123,13,13
17070,150,135,15,15
17071,125,123,2,2
17072,134,125,9,9
17073,93,99,-6,6
17074,107,100,7,7
17075,38,56,-18,18
17076,133,144,-11,11
17077,151,143,8,8
17078,104,107,-3,3
17079,83,82,1,1
17080,124,108,16,16
17081,161,154,7,7
17082,72,74,-2,2
17083,77,85,-8,8
17084,111,105,6,6
17085,107,104,3,3
17086,107,109,-2,2
17087,98,103,-5,5
17088,168,158,10,10
17089,100,92,8,8
17090,70,75,-5,5
17091,68,72,-4,4
17092,74,73,1,1
17093,129,128,1,1
17094,121,111,10,10
17095,69,70,-1,1
17096,121,119,2,2
17097,103,104,-1,1
17098,187,181,6,6
17099,61,70,-9,9
17100,81,79,2,2
17101,117,122,-5,5
17102,46,66,-20,20
17103,77,80,-3,3
17104,85,89,-4,4
17105,47,62,-15,15
17106,81,82,-1,1
17107,99,91,8,8
17108,152,155,-3,3
17109,58,74,-16,16
17110,45,61,-16,16
17111,87,85,2,2
17112,100,85,15,15
17113,41,51,-10,10
17114,184,158,26,26
17115,72,77,-5,5
17116,38,52,-14,14
17117,79,98,-19,19
17118,98,87,11,11
17119,71,75,-4,4
17120,62,71,-9,9
17121,90,84,6,6
17122,97,86,11,11
17123,52,60,-8,8
17124,74,73,1,1
17125,154,143,11,11
17126,99,93,6,6
17127,44,51,-7,7
17128,85,81,4,4
17129,128,122,6,6
17130,128,109,19,19
17131,78,95,-17,17
17132,62,71,-9,9
17133,112,119,-7,7
17134,63,73,-10,10
17135,88,88,0,0
17136,51,58,-7,7
17137,129,123,6,6
17138,65,71,-6,6
17139,56,64,-8,8
17140,102,96,6,6
17141,87,84,3,3
17142,129,123,6,6
17143,61,72,-11,11
17144,79,82,-3,3
17145,57,73,-16,16
17146,171,151,20,20
17147,90,91,-1,1
17148,96,94,2,2
17149,91,87,4,4
17150,47,61,-14,14
17151,87,100,-13,13
17152,86,103,-17,17
17153,133,133,0,0
17154,133,125,8,8
17155,89,96,-7,7
17156,64,64,0,0
17157,54,64,-10,10
17158,99,112,-13,13
17159,91,88,3,3
17160,76,84,-8,8
17161,75,78,-3,3
17162,72,72,0,0
17163,107,107,0,0
17164,39,51,-12,12
17165,99,96,3,3
17166,121,112,9,9
17167,89,84,5,5
17168,132,127,5,5
17169,108,113,-5,5
17170,84,79,5,5
17171,104,99,5,5
17172,68,75,-7,7
17173,55,65,-10,10
17174,74,75,-1,1
17175,85,89,-4,4
17176,63,67,-4,4
17177,77,78,-1,1
17178,103,104,-1,1
17179,66,71,-5,5
17180,77,74,3,3
17181,112,101,11,11
17182,127,134,-7,7
17183,100,100,0,0
17184,59,70,-11,11
17185,111,102,9,9
17186,29,46,-17,17
17187,77,79,-2,2
17188,98,100,-2,2
17189,108,106,2,2
17190,196,188,8,8
17191,79,79,0,0
17192,150,146,4,4
17193,99,95,4,4
17194,73,75,-2,2
17195,75,78,-3,3
17196,62,65,-3,3
17197,77,83,-6,6
17198,100,91,9,9
17199,139,134,5,5
17200,80,79,1,1
17201,151,120,31,31
17202,125,120,5,5
17203,70,82,-12,12
17204,141,130,11,11
17205,76,82,-6,6
17206,74,83,-9,9
17207,108,98,10,10
17208,146,122,24,24
17209,65,66,-1,1
17210,92,101,-9,9
17211,98,92,6,6
17212,112,114,-2,2
17213,155,133,22,22
17214,109,105,4,4
17215,127,117,10,10
17216,40,62,-22,22
17217,106,112,-6,6
17218,106,113,-7,7
17219,68,72,-4,4
17220,73,79,-6,6
17221,69,76,-7,7
17222,93,96,-3,3
17223,95,96,-1,1
17224,99,95,4,4
17225,108,103,5,5
17226,77,82,-5,5
17227,76,80,-4,4
17228,102,103,-1,1
17229,117,106,11,11
17230,88,86,2,2
17231,82,83,-1,1
17232,99,94,5,5
17233,147,128,19,19
17234,66,70,-4,4
17235,79,75,4,4
17236,62,74,-12,12
17237,175,166,9,9
17238,101,98,3,3
17239,64,73,-9,9
17240,74,78,-4,4
17241,72,89,-17,17
17242,64,73,-9,9
17243,73,74,-1,1
17244,48,65,-17,17
17245,186,167,19,19
17246,100,116,-16,16
17247,120,109,11,11
17248,53,72,-19,19
17249,120,106,14,14
17250,98,102,-4,4
17251,34,50,-16,16
17252,97,97,0,0
17253,118,106,12,12
17254,128,112,16,16
17255,90,86,4,4
17256,63,71,-8,8
17257,160,139,21,21
17258,177,145,32,32
17259,185,175,10,10
17260,104,100,4,4
17261,68,71,-3,3
17262,119,119,0,0
17263,110,100,10,10
17264,67,66,1,1
17265,56,67,-11,11
17266,160,144,16,16
17267,103,116,-13,13
17268,68,71,-3,3
17269,112,110,2,2
17270,75,77,-2,2
17271,101,100,1,1
17272,89,104,-15,15
17273,57,73,-16,16
17274,65,70,-5,5
17275,95,101,-6,6
17276,93,95,-2,2
17277,100,96,4,4
17278,127,125,2,2
17279,105,94,11,11
17280,58,61,-3,3
17281,70,76,-6,6
17282,146,138,8,8
17283,90,87,3,3
17284,75,78,-3,3
17285,92,96,-4,4
17286,122,115,7,7
17287,77,82,-5,5
17288,50,64,-14,14
17289,69,75,-6,6
17290,36,51,-15,15
17291,97,89,8,8
17292,81,87,-6,6
17293,127,131,-4,4
17294,142,139,3,3
17295,98,99,-1,1
17296,91,82,9,9
17297,84,87,-3,3
17298,94,99,-5,5
17299,71,84,-13,13
17300,87,81,6,6
17301,109,103,6,6
17302,58,62,-4,4
17303,63,71,-8,8
17304,65,72,-7,7
17305,45,54,-9,9
17306,87,76,11,11
17307,64,71,-7,7
17308,82,84,-2,2
17309,156,153,3,3
17310,138,115,23,23
17311,76,80,-4,4
17312,134,123,11,11
17313,115,106,9,9
17314,92,94,-2,2
17315,126,121,5,5
17316,103,103,0,0
17317,56,67,-11,11
17318,125,135,-10,10
17319,108,97,11,11
17320,69,74,-5,5
17321,151,141,10,10
17322,88,96,-8,8
17323,101,97,4,4
17324,165,160,5,5
17325,151,130,21,21
17326,82,81,1,1
17327,65,69,-4,4
17328,93,92,1,1
17329,102,98,4,4
17330,71,77,-6,6
17331,66,75,-9,9
17332,101,101,0,0
17333,109,97,12,12
17334,67,67,0,0
17335,150,138,12,12
17336,71,61,10,10
17337,93,97,-4,4
17338,106,106,0,0
17339,127,117,10,10
17340,167,160,7,7
17341,67,75,-8,8
17342,137,131,6,6
17343,90,90,0,0
17344,48,61,-13,13
17345,79,77,2,2
17346,72,80,-8,8
17347,139,131,8,8
17348,81,87,-6,6
17349,124,123,1,1
17350,114,103,11,11
17351,75,79,-4,4
17352,73,76,-3,3
17353,90,83,7,7
17354,156,152,4,4
17355,107,103,4,4
17356,88,87,1,1
17357,135,141,-6,6
17358,120,102,18,18
17359,55,74,-19,19
17360,58,66,-8,8
17361,104,110,-6,6
17362,53,58,-5,5
17363,65,67,-2,2
17364,71,76,-5,5
17365,36,55,-19,19
17366,135,122,13,13
17367,159,152,7,7
17368,118,101,17,17
17369,93,108,-15,15
17370,91,93,-2,2
17371,66,78,-12,12
17372,68,65,3,3
17373,81,82,-1,1
17374,138,137,1,1
17375,68,77,-9,9
17376,128,125,3,3
17377,97,106,-9,9
17378,83,91,-8,8
17379,194,176,18,18
17380,63,68,-5,5
17381,68,66,2,2
17382,68,74,-6,6
17383,89,94,-5,5
17384,103,95,8,8
17385,113,119,-6,6
17386,95,93,2,2
17387,93,83,10,10
17388,68,73,-5,5
17389,57,61,-4,4
17390,58,69,-11,11
17391,174,154,20,20
17392,71,77,-6,6
17393,106,101,5,5
17394,63,68,-5,5
17395,63,61,2,2
17396,126,112,14,14
17397,104,99,5,5
17398,83,86,-3,3
17399,80,85,-5,5
17400,175,162,13,13
17401,77,96,-19,19
17402,146,134,12,12
17403,78,79,-1,1
17404,114,101,13,13
17405,86,99,-13,13
17406,149,143,6,6
17407,170,162,8,8
17408,121,114,7,7
17409,61,69,-8,8
17410,64,65,-1,1
17411,67,71,-4,4
17412,99,102,-3,3
17413,185,166,19,19
17414,56,73,-17,17
17415,99,93,6,6
17416,75,85,-10,10
17417,85,78,7,7
17418,92,86,6,6
17419,91,85,6,6
17420,80,75,5,5
17421,56,75,-19,19
17422,80,78,2,2
17423,135,128,7,7
17424,98,116,-18,18
17425,150,149,1,1
17426,53,67,-14,14
17427,106,100,6,6
17428,74,79,-5,5
17429,196,190,6,6
17430,88,84,4,4
17431,47,59,-12,12
17432,101,105,-4,4
17433,110,102,8,8
17434,116,113,3,3
17435,96,99,-3,3
17436,65,65,0,0
17437,55,58,-3,3
17438,140,137,3,3
17439,94,85,9,9
17440,89,82,7,7
17441,101,94,7,7
17442,80,77,3,3
17443,112,103,9,9
17444,106,110,-4,4
17445,103,105,-2,2
17446,60,67,-7,7
17447,95,98,-3,3
17448,87,89,-2,2
17449,45,56,-11,11
17450,92,96,-4,4
17451,108,101,7,7
17452,98,95,3,3
17453,62,73,-11,11
17454,107,103,4,4
17455,74,73,1,1
17456,137,119,18,18
17457,75,81,-6,6
17458,66,72,-6,6
17459,100,100,0,0
17460,129,138,-9,9
17461,79,80,-1,1
17462,111,100,11,11
17463,88,95,-7,7
17464,63,70,-7,7
17465,95,100,-5,5
17466,74,80,-6,6
17467,108,104,4,4
17468,115,102,13,13
17469,96,96,0,0
17470,146,130,16,16
17471,178,167,11,11
17472,171,161,10,10
17473,171,141,30,30
17474,151,144,7,7
17475,90,92,-2,2
17476,94,87,7,7
17477,89,81,8,8
17478,71,75,-4,4
17479,223,207,16,16
17480,66,75,-9,9
17481,116,110,6,6
17482,69,69,0,0
17483,153,142,11,11
17484,48,63,-15,15
17485,83,86,-3,3
17486,177,161,16,16
17487,70,86,-16,16
17488,80,85,-5,5
17489,77,82,-5,5
17490,69,71,-2,2
17491,81,78,3,3
17492,115,112,3,3
17493,96,102,-6,6
17494,94,85,9,9
17495,46,60,-14,14
17496,88,102,-14,14
17497,90,80,10,10
17498,89,95,-6,6
17499,65,68,-3,3
17500,78,79,-1,1
17501,76,79,-3,3
17502,116,103,13,13
17503,127,114,13,13
17504,146,141,5,5
17505,89,96,-7,7
17506,42,70,-28,28
17507,73,71,2,2
17508,61,65,-4,4
17509,79,78,1,1
17510,105,100,5,5
17511,64,72,-8,8
17512,115,115,0,0
17513,66,78,-12,12
17514,75,77,-2,2
17515,82,83,-1,1
17516,46,64,-18,18
17517,106,108,-2,2
17518,74,82,-8,8
17519,58,81,-23,23
17520,89,90,-1,1
17521,76,76,0,0
17522,90,82,8,8
17523,108,103,5,5
17524,89,99,-10,10
17525,75,77,-2,2
17526,98,97,1,1
17527,87,83,4,4
17528,65,74,-9,9
17529,121,106,15,15
17530,63,70,-7,7
17531,139,139,0,0
17532,80,85,-5,5
17533,75,79,-4,4
17534,64,71,-7,7
17535,48,57,-9,9
17536,115,109,6,6
17537,82,83,-1,1
17538,120,113,7,7
17539,141,139,2,2
17540,67,76,-9,9
17541,48,69,-21,21
17542,117,109,8,8
17543,173,163,10,10
17544,74,83,-9,9
17545,53,63,-10,10
17546,33,51,-18,18
17547,79,85,-6,6
17548,76,76,0,0
17549,119,104,15,15
17550,139,128,11,11
17551,77,78,-1,1
17552,115,108,7,7
17553,67,77,-10,10
17554,105,93,12,12
17555,127,123,4,4
17556,84,83,1,1
17557,106,109,-3,3
17558,79,92,-13,13
17559,96,101,-5,5
17560,82,81,1,1
17561,146,135,11,11
17562,98,99,-1,1
17563,116,120,-4,4
17564,42,55,-13,13
17565,82,85,-3,3
17566,71,74,-3,3
17567,103,96,7,7
17568,60,69,-9,9
17569,86,86,0,0
17570,137,120,17,17
17571,105,99,6,6
17572,68,79,-11,11
17573,94,97,-3,3
17574,190,173,17,17
17575,61,67,-6,6
17576,112,106,6,6
17577,72,71,1,1
17578,137,122,15,15
17579,85,87,-2,2
17580,190,179,11,11
17581,145,144,1,1
17582,100,101,-1,1
17583,143,127,16,16
17584,81,87,-6,6
17585,58,69,-11,11
17586,79,91,-12,12
17587,119,114,5,5
17588,63,71,-8,8
17589,106,100,6,6
17590,111,102,9,9
17591,90,92,-2,2
17592,134,132,2,2
17593,129,111,18,18
17594,67,72,-5,5
17595,128,125,3,3
17596,43,56,-13,13
17597,58,65,-7,7
17598,123,127,-4,4
17599,63,67,-4,4
17600,61,71,-10,10
17601,74,68,6,6
17602,117,103,14,14
17603,132,104,28,28
17604,73,68,5,5
17605,127,126,1,1
17606,170,160,10,10
17607,101,101,0,0
17608,118,104,14,14
17609,73,74,-1,1
17610,82,85,-3,3
17611,100,99,1,1
17612,62,72,-10,10
17613,80,76,4,4
17614,50,61,-11,11
17615,68,74,-6,6
17616,163,151,12,12
17617,49,61,-12,12
17618,75,80,-5,5
17619,133,120,13,13
17620,115,113,2,2
17621,102,104,-2,2
17622,74,81,-7,7
17623,161,146,15,15
17624,130,128,2,2
17625,122,111,11,11
17626,109,101,8,8
17627,120,127,-7,7
17628,72,60,12,12
17629,90,94,-4,4
17630,80,91,-11,11
17631,103,107,-4,4
17632,134,125,9,9
17633,93,94,-1,1
17634,82,83,-1,1
17635,184,162,22,22
17636,84,84,0,0
17637,62,69,-7,7
17638,65,72,-7,7
17639,68,76,-8,8
17640,118,110,8,8
17641,81,85,-4,4
17642,116,111,5,5
17643,116,110,6,6
17644,85,82,3,3
17645,55,69,-14,14
17646,91,93,-2,2
17647,79,84,-5,5
17648,24,52,-28,28
17649,155,144,11,11
17650,97,85,12,12
17651,69,78,-9,9
17652,105,101,4,4
17653,158,153,5,5
17654,129,125,4,4
17655,115,104,11,11
17656,92,98,-6,6
17657,82,86,-4,4
17658,100,100,0,0
17659,66,64,2,2
17660,46,61,-15,15
17661,141,145,-4,4
17662,128,120,8,8
17663,101,85,16,16
17664,103,96,7,7
17665,75,77,-2,2
17666,125,118,7,7
17667,50,58,-8,8
17668,67,70,-3,3
17669,91,94,-3,3
17670,95,93,2,2
17671,133,121,12,12
17672,124,117,7,7
17673,59,62,-3,3
17674,138,126,12,12
17675,132,128,4,4
17676,109,103,6,6
17677,72,81,-9,9
17678,84,91,-7,7
17679,107,106,1,1
17680,73,83,-10,10
17681,76,81,-5,5
17682,122,108,14,14
17683,107,108,-1,1
17684,38,53,-15,15
17685,127,112,15,15
17686,82,78,4,4
17687,189,165,24,24
17688,115,107,8,8
17689,100,95,5,5
17690,70,69,1,1
17691,81,74,7,7
17692,150,157,-7,7
17693,94,87,7,7
17694,88,85,3,3
17695,81,86,-5,5
17696,148,143,5,5
17697,75,85,-10,10
17698,90,87,3,3
17699,124,117,7,7
17700,46,57,-11,11
17701,103,105,-2,2
17702,101,93,8,8
17703,93,95,-2,2
17704,105,104,1,1
17705,91,96,-5,5
17706,138,132,6,6
17707,85,85,0,0
17708,102,93,9,9
17709,72,86,-14,14
17710,81,81,0,0
17711,118,110,8,8
17712,114,117,-3,3
17713,118,110,8,8
17714,79,85,-6,6
17715,149,132,17,17
17716,74,82,-8,8
17717,46,60,-14,14
17718,76,74,2,2
17719,80,80,0,0
17720,124,132,-8,8
17721,126,128,-2,2
17722,57,63,-6,6
17723,91,104,-13,13
17724,206,176,30,30
17725,122,107,15,15
17726,89,91,-2,2
17727,108,104,4,4
17728,170,154,16,16
17729,89,88,1,1
17730,90,86,4,4
17731,85,89,-4,4
17732,80,73,7,7
17733,105,90,15,15
17734,84,76,8,8
17735,97,96,1,1
17736,60,70,-10,10
17737,39,57,-18,18
17738,103,95,8,8
17739,122,120,2,2
17740,105,103,2,2
17741,72,80,-8,8
17742,72,83,-11,11
17743,126,115,11,11
17744,113,103,10,10
17745,88,84,4,4
17746,121,118,3,3
17747,88,91,-3,3
17748,72,72,0,0
17749,65,77,-12,12
17750,74,84,-10,10
17751,112,116,-4,4
17752,53,61,-8,8
17753,138,128,10,10
17754,108,108,0,0
17755,65,73,-8,8
17756,72,81,-9,9
17757,122,110,12,12
17758,48,67,-19,19
17759,93,88,5,5
17760,124,116,8,8
17761,92,91,1,1
17762,66,74,-8,8
17763,69,71,-2,2
17764,144,150,-6,6
17765,103,105,-2,2
17766,96,93,3,3
17767,107,100,7,7
17768,129,122,7,7
17769,60,66,-6,6
17770,72,73,-1,1
17771,53,60,-7,7
17772,117,106,11,11
17773,109,109,0,0
17774,73,78,-5,5
17775,121,114,7,7
17776,193,184,9,9
17777,69,80,-11,11
17778,80,72,8,8
17779,135,114,21,21
17780,47,58,-11,11
17781,75,74,1,1
17782,135,143,-8,8
17783,97,96,1,1
17784,76,80,-4,4
17785,108,104,4,4
17786,110,110,0,0
17787,87,95,-8,8
17788,59,68,-9,9
17789,163,152,11,11
17790,80,86,-6,6
17791,169,151,18,18
17792,91,92,-1,1
17793,122,117,5,5
17794,97,96,1,1
17795,63,76,-13,13
17796,139,138,1,1
17797,76,78,-2,2
17798,80,80,0,0
17799,79,79,0,0
17800,112,111,1,1
17801,94,95,-1,1
17802,103,106,-3,3
17803,53,66,-13,13
17804,70,78,-8,8
17805,156,151,5,5
17806,29,60,-31,31
17807,128,130,-2,2
17808,125,124,1,1
17809,126,102,24,24
17810,50,94,-44,44
17811,152,145,7,7
17812,195,160,35,35
17813,76,83,-7,7
17814,87,87,0,0
17815,80,77,3,3
17816,66,68,-2,2
17817,72,75,-3,3
17818,104,109,-5,5
17819,67,70,-3,3
17820,109,104,5,5
17821,146,139,7,7
17822,59,74,-15,15
17823,78,78,0,0
17824,73,74,-1,1
17825,139,131,8,8
17826,103,95,8,8
17827,112,113,-1,1
17828,99,91,8,8
17829,68,79,-11,11
17830,53,73,-20,20
17831,152,124,28,28
17832,55,62,-7,7
17833,96,99,-3,3
17834,78,83,-5,5
17835,69,91,-22,22
17836,54,61,-7,7
17837,118,116,2,2
17838,120,105,15,15
17839,45,66,-21,21
17840,94,89,5,5
17841,141,134,7,7
17842,81,89,-8,8
17843,85,95,-10,10
17844,100,100,0,0
17845,104,102,2,2
17846,189,162,27,27
17847,79,75,4,4
17848,98,97,1,1
17849,53,61,-8,8
17850,139,126,13,13
17851,96,111,-15,15
17852,75,79,-4,4
17853,74,79,-5,5
17854,142,135,7,7
17855,135,145,-10,10
17856,40,51,-11,11
17857,176,157,19,19
17858,55,65,-10,10
17859,70,82,-12,12
17860,71,76,-5,5
17861,55,68,-13,13
17862,168,160,8,8
17863,146,129,17,17
17864,111,108,3,3
17865,117,99,18,18
17866,64,69,-5,5
17867,106,98,8,8
17868,110,98,12,12
17869,79,83,-4,4
17870,95,88,7,7
17871,121,115,6,6
17872,129,124,5,5
17873,98,87,11,11
17874,60,66,-6,6
17875,53,64,-11,11
17876,121,108,13,13
17877,112,128,-16,16
17878,54,65,-11,11
17879,76,80,-4,4
17880,126,130,-4,4
17881,131,117,14,14
17882,45,58,-13,13
17883,135,127,8,8
17884,95,87,8,8
17885,80,78,2,2
17886,96,95,1,1
17887,143,131,12,12
17888,59,68,-9,9
17889,140,135,5,5
17890,73,79,-6,6
17891,109,109,0,0
17892,116,123,-7,7
17893,42,57,-15,15
17894,44,53,-9,9
17895,151,142,9,9
17896,109,110,-1,1
17897,106,91,15,15
17898,131,107,24,24
17899,139,125,14,14
17900,77,76,1,1
17901,127,115,12,12
17902,79,90,-11,11
17903,140,133,7,7
17904,63,65,-2,2
17905,121,118,3,3
17906,65,68,-3,3
17907,146,129,17,17
17908,110,100,10,10
17909,101,104,-3,3
17910,35,53,-18,18
17911,105,100,5,5
17912,154,154,0,0
17913,72,74,-2,2
17914,98,98,0,0
17915,126,131,-5,5
17916,142,131,11,11
17917,98,109,-11,11
17918,82,87,-5,5
17919,86,101,-15,15
17920,79,78,1,1
17921,111,97,14,14
17922,74,77,-3,3
17923,58,65,-7,7
17924,48,60,-12,12
17925,74,77,-3,3
17926,123,116,7,7
17927,40,55,-15,15
17928,80,73,7,7
17929,63,63,0,0
17930,115,95,20,20
17931,107,106,1,1
17932,80,77,3,3
17933,85,84,1,1
17934,166,154,12,12
17935,71,82,-11,11
17936,56,70,-14,14
17937,48,62,-14,14
17938,96,92,4,4
17939,54,63,-9,9
17940,124,120,4,4
17941,92,93,-1,1
17942,51,62,-11,11
17943,62,74,-12,12
17944,89,85,4,4
17945,141,129,12,12
17946,87,77,10,10
17947,75,85,-10,10
17948,81,81,0,0
17949,65,82,-17,17
17950,90,84,6,6
17951,85,84,1,1
17952,71,80,-9,9
17953,61,72,-11,11
17954,104,100,4,4
17955,98,102,-4,4
17956,68,75,-7,7
17957,77,76,1,1
17958,90,88,2,2
17959,71,86,-15,15
17960,59,76,-17,17
17961,109,96,13,13
17962,105,106,-1,1
17963,175,157,18,18
17964,83,90,-7,7
17965,139,126,13,13
17966,68,73,-5,5
17967,88,91,-3,3
17968,75,75,0,0
17969,104,105,-1,1
17970,126,116,10,10
17971,91,94,-3,3
17972,94,97,-3,3
17973,89,90,-1,1
17974,41,54,-13,13
17975,91,110,-19,19
17976,81,85,-4,4
17977,72,77,-5,5
17978,146,127,19,19
17979,80,82,-2,2
17980,141,118,23,23
17981,104,98,6,6
17982,111,101,10,10
17983,115,114,1,1
17984,67,71,-4,4
17985,132,121,11,11
17986,118,113,5,5
17987,79,77,2,2
17988,67,80,-13,13
17989,158,131,27,27
17990,90,84,6,6
17991,78,83,-5,5
17992,52,60,-8,8
17993,67,73,-6,6
17994,57,75,-18,18
17995,93,93,0,0
17996,73,77,-4,4
17997,100,102,-2,2
17998,150,131,19,19
17999,68,75,-7,7
18000,74,78,-4,4
18001,100,98,2,2
18002,92,99,-7,7
18003,101,107,-6,6
18004,96,91,5,5
18005,161,146,15,15
18006,71,78,-7,7
18007,97,96,1,1
18008,62,69,-7,7
18009,70,76,-6,6
18010,106,97,9,9
18011,67,77,-10,10
18012,56,71,-15,15
18013,75,74,1,1
18014,47,56,-9,9
18015,78,78,0,0
18016,62,65,-3,3
18017,68,74,-6,6
18018,106,98,8,8
18019,125,110,15,15
18020,84,102,-18,18
18021,107,101,6,6
18022,63,68,-5,5
18023,76,86,-10,10
18024,98,90,8,8
18025,139,110,29,29
18026,94,95,-1,1
18027,142,138,4,4
18028,121,116,5,5
18029,79,82,-3,3
18030,123,121,2,2
18031,82,85,-3,3
18032,174,164,10,10
18033,116,120,-4,4
18034,51,64,-13,13
18035,157,139,18,18
18036,57,67,-10,10
18037,71,71,0,0
18038,30,48,-18,18
18039,102,101,1,1
18040,140,125,15,15
18041,156,152,4,4
18042,44,54,-10,10
18043,157,144,13,13
18044,91,93,-2,2
18045,111,119,-8,8
18046,107,110,-3,3
18047,83,87,-4,4
18048,83,82,1,1
18049,103,97,6,6
18050,84,75,9,9
18051,79,78,1,1
18052,119,104,15,15
18053,66,76,-10,10
18054,34,49,-15,15
18055,134,127,7,7
18056,108,102,6,6
18057,60,74,-14,14
18058,33,47,-14,14
18059,105,111,-6,6
18060,71,77,-6,6
18061,92,96,-4,4
18062,62,68,-6,6
18063,54,64,-10,10
18064,85,85,0,0
18065,154,134,20,20
18066,109,101,8,8
18067,120,130,-10,10
18068,55,61,-6,6
18069,102,106,-4,4
18070,58,64,-6,6
18071,34,50,-16,16
18072,91,91,0,0
18073,110,105,5,5
18074,117,104,13,13
18075,102,123,-21,21
18076,95,89,6,6
18077,38,56,-18,18
18078,88,86,2,2
18079,107,104,3,3
18080,113,107,6,6
18081,58,65,-7,7
18082,56,69,-13,13
18083,68,75,-7,7
18084,59,64,-5,5
18085,169,168,1,1
18086,70,70,0,0
18087,117,111,6,6
18088,84,83,1,1
18089,150,152,-2,2
18090,123,127,-4,4
18091,72,77,-5,5
18092,108,105,3,3
18093,87,90,-3,3
18094,123,141,-18,18
18095,79,82,-3,3
18096,112,125,-13,13
18097,77,76,1,1
18098,123,113,10,10
18099,109,114,-5,5
18100,82,76,6,6
18101,57,65,-8,8
18102,120,107,13,13
18103,117,118,-1,1
18104,53,60,-7,7
18105,72,78,-6,6
18106,90,85,5,5
18107,92,105,-13,13
18108,88,84,4,4
18109,55,76,-21,21
18110,62,63,-1,1
18111,108,109,-1,1
18112,85,77,8,8
18113,66,85,-19,19
18114,165,165,0,0
18115,124,123,1,1
18116,75,84,-9,9
18117,54,60,-6,6
18118,141,134,7,7
18119,67,74,-7,7
18120,94,96,-2,2
18121,102,110,-8,8
18122,119,118,1,1
18123,53,68,-15,15
18124,122,131,-9,9
18125,60,69,-9,9
18126,88,91,-3,3
18127,101,100,1,1
18128,64,73,-9,9
18129,48,73,-25,25
18130,75,77,-2,2
18131,53,74,-21,21
18132,123,105,18,18
18133,90,88,2,2
18134,137,139,-2,2
18135,95,97,-2,2
18136,88,104,-16,16
18137,106,110,-4,4
18138,155,142,13,13
18139,75,73,2,2
18140,62,71,-9,9
18141,91,87,4,4
18142,58,59,-1,1
18143,51,66,-15,15
18144,120,115,5,5
18145,94,99,-5,5
18146,112,107,5,5
18147,84,101,-17,17
18148,67,75,-8,8
18149,83,83,0,0
18150,162,149,13,13
18151,122,118,4,4
18152,36,52,-16,16
18153,127,120,7,7
18154,75,94,-19,19
18155,119,100,19,19
18156,147,137,10,10
18157,105,102,3,3
18158,55,62,-7,7
18159,90,86,4,4
18160,57,64,-7,7
18161,100,99,1,1
18162,63,64,-1,1
18163,58,71,-13,13
18164,140,142,-2,2
18165,107,101,6,6
18166,71,82,-11,11
18167,145,143,2,2
18168,64,75,-11,11
18169,94,86,8,8
18170,71,70,1,1
18171,68,76,-8,8
18172,109,97,12,12
18173,67,74,-7,7
18174,81,85,-4,4
18175,101,94,7,7
18176,135,120,15,15
18177,60,62,-2,2
18178,154,138,16,16
18179,131,116,15,15
18180,97,89,8,8
18181,65,71,-6,6
18182,132,124,8,8
18183,95,96,-1,1
18184,97,93,4,4
18185,122,106,16,16
18186,80,87,-7,7
18187,89,85,4,4
18188,97,87,10,10
18189,106,104,2,2
18190,101,101,0,0
18191,116,122,-6,6
18192,70,86,-16,16
18193,44,54,-10,10
18194,149,140,9,9
18195,95,96,-1,1
18196,79,78,1,1
18197,114,111,3,3
18198,77,74,3,3
18199,121,109,12,12
18200,80,84,-4,4
18201,117,104,13,13
18202,150,135,15,15
18203,85,82,3,3
18204,72,84,-12,12
18205,112,103,9,9
18206,91,85,6,6
18207,61,64,-3,3
18208,126,113,13,13
18209,78,78,0,0
18210,129,121,8,8
18211,71,76,-5,5
18212,72,79,-7,7
18213,166,157,9,9
18214,134,124,10,10
18215,36,45,-9,9
18216,63,71,-8,8
18217,73,76,-3,3
18218,88,92,-4,4
18219,88,94,-6,6
18220,113,116,-3,3
18221,138,128,10,10
18222,88,74,14,14
18223,127,125,2,2
18224,216,206,10,10
18225,108,102,6,6
18226,137,132,5,5
18227,66,82,-16,16
18228,68,79,-11,11
18229,100,97,3,3
18230,50,61,-11,11
18231,130,128,2,2
18232,100,104,-4,4
18233,201,164,37,37
18234,53,62,-9,9
18235,65,72,-7,7
18236,60,66,-6,6
18237,177,168,9,9
18238,88,82,6,6
18239,64,74,-10,10
18240,141,138,3,3
18241,87,90,-3,3
18242,144,134,10,10
18243,118,105,13,13
18244,84,87,-3,3
18245,80,85,-5,5
18246,131,133,-2,2
18247,61,69,-8,8
18248,93,91,2,2
18249,78,88,-10,10
18250,58,66,-8,8
18251,99,88,11,11
18252,107,100,7,7
18253,119,113,6,6
18254,104,109,-5,5
18255,87,93,-6,6
18256,88,84,4,4
18257,131,128,3,3
18258,126,117,9,9
18259,125,112,13,13
18260,99,103,-4,4
18261,127,120,7,7
18262,34,61,-27,27
18263,77,76,1,1
18264,88,88,0,0
18265,106,117,-11,11
18266,104,98,6,6
18267,78,86,-8,8
18268,78,78,0,0
18269,211,185,26,26
18270,68,62,6,6
18271,110,107,3,3
18272,86,85,1,1
18273,102,100,2,2
18274,82,80,2,2
18275,57,66,-9,9
18276,106,106,0,0
18277,52,64,-12,12
18278,60,63,-3,3
18279,78,83,-5,5
18280,66,66,0,0
18281,134,124,10,10
18282,61,71,-10,10
18283,88,86,2,2
18284,95,96,-1,1
18285,79,82,-3,3
18286,109,106,3,3
18287,74,82,-8,8
18288,82,79,3,3
18289,77,79,-2,2
18290,89,87,2,2
18291,115,106,9,9
18292,64,72,-8,8
18293,143,131,12,12
18294,189,175,14,14
18295,27,47,-20,20
18296,82,93,-11,11
18297,127,132,-5,5
18298,121,104,17,17
18299,103,99,4,4
18300,55,65,-10,10
18301,163,159,4,4
18302,93,92,1,1
18303,95,96,-1,1
18304,123,122,1,1
18305,59,69,-10,10
18306,112,102,10,10
18307,76,79,-3,3
18308,77,89,-12,12
18309,62,70,-8,8
18310,71,78,-7,7
18311,60,68,-8,8
18312,141,138,3,3
18313,91,96,-5,5
18314,96,94,2,2
18315,58,66,-8,8
18316,93,93,0,0
18317,165,161,4,4
18318,199,189,10,10
18319,98,94,4,4
18320,152,152,0,0
18321,81,76,5,5
18322,93,86,7,7
18323,122,111,11,11
18324,83,86,-3,3
18325,82,85,-3,3
18326,61,70,-9,9
18327,87,93,-6,6
18328,44,57,-13,13
18329,90,98,-8,8
18330,50,63,-13,13
18331,122,113,9,9
18332,82,83,-1,1
18333,101,102,-1,1
18334,93,97,-4,4
18335,132,117,15,15
18336,111,114,-3,3
18337,96,84,12,12
18338,47,57,-10,10
18339,113,110,3,3
18340,182,175,7,7
18341,107,122,-15,15
18342,99,104,-5,5
18343,72,79,-7,7
18344,84,86,-2,2
18345,55,63,-8,8
18346,154,152,2,2
18347,39,55,-16,16
18348,107,102,5,5
18349,89,95,-6,6
18350,114,118,-4,4
18351,99,98,1,1
18352,76,82,-6,6
18353,61,74,-13,13
18354,112,98,14,14
18355,79,82,-3,3
18356,81,80,1,1
18357,80,85,-5,5
18358,49,69,-20,20
18359,48,45,3,3
18360,113,106,7,7
18361,91,95,-4,4
18362,76,79,-3,3
18363,144,142,2,2
18364,67,71,-4,4
18365,81,76,5,5
18366,111,104,7,7
18367,78,82,-4,4
18368,53,67,-14,14
18369,77,84,-7,7
18370,71,87,-16,16
18371,76,74,2,2
18372,65,71,-6,6
18373,90,89,1,1
18374,165,151,14,14
18375,188,180,8,8
18376,58,157,-99,99
18377,81,82,-1,1
18378,65,73,-8,8
18379,91,93,-2,2
18380,116,112,4,4
18381,145,132,13,13
18382,111,112,-1,1
18383,146,134,12,12
18384,119,104,15,15
18385,91,95,-4,4
18386,116,115,1,1
18387,48,60,-12,12
18388,107,116,-9,9
18389,63,70,-7,7
18390,120,106,14,14
18391,86,85,1,1
18392,93,93,0,0
18393,89,94,-5,5
18394,95,99,-4,4
18395,90,84,6,6
18396,104,100,4,4
18397,144,140,4,4
18398,119,107,12,12
18399,82,84,-2,2
18400,61,77,-16,16
18401,93,102,-9,9
18402,142,130,12,12
18403,73,74,-1,1
18404,133,114,19,19
18405,128,132,-4,4
18406,104,99,5,5
18407,90,87,3,3
18408,88,96,-8,8
18409,65,81,-16,16
18410,102,96,6,6
18411,176,156,20,20
18412,90,92,-2,2
18413,241,217,24,24
18414,115,99,16,16
18415,69,75,-6,6
18416,94,86,8,8
18417,123,114,9,9
18418,96,106,-10,10
18419,90,95,-5,5
18420,59,66,-7,7
18421,76,77,-1,1
18422,72,75,-3,3
18423,70,79,-9,9
18424,67,69,-2,2
18425,83,85,-2,2
18426,205,179,26,26
18427,62,72,-10,10
18428,214,205,9,9
18429,79,77,2,2
18430,142,126,16,16
18431,88,86,2,2
18432,107,109,-2,2
18433,120,108,12,12
18434,108,105,3,3
18435,102,96,6,6
18436,64,73,-9,9
18437,86,92,-6,6
18438,70,76,-6,6
18439,130,107,23,23
18440,97,88,9,9
18441,85,88,-3,3
18442,67,68,-1,1
18443,142,112,30,30
18444,48,61,-13,13
18445,88,84,4,4
18446,123,124,-1,1
18447,69,83,-14,14
18448,92,91,1,1
18449,69,76,-7,7
18450,45,59,-14,14
18451,64,70,-6,6
18452,84,81,3,3
18453,131,124,7,7
18454,78,82,-4,4
18455,32,48,-16,16
18456,85,79,6,6
18457,100,93,7,7
18458,99,84,15,15
18459,125,114,11,11
18460,91,82,9,9
18461,196,181,15,15
18462,94,115,-21,21
18463,54,62,-8,8
18464,134,124,10,10
18465,168,148,20,20
18466,64,68,-4,4
18467,73,80,-7,7
18468,96,89,7,7
18469,82,77,5,5
18470,48,58,-10,10
18471,65,75,-10,10
18472,121,119,2,2
18473,102,102,0,0
18474,69,71,-2,2
18475,92,92,0,0
18476,79,84,-5,5
18477,107,106,1,1
18478,76,92,-16,16
18479,73,80,-7,7
18480,75,74,1,1
18481,150,149,1,1
18482,149,140,9,9
18483,144,132,12,12
18484,113,106,7,7
18485,62,72,-10,10
18486,108,105,3,3
18487,103,105,-2,2
18488,58,103,-45,45
18489,42,63,-21,21
18490,115,98,17,17
18491,58,91,-33,33
18492,115,99,16,16
18493,109,99,10,10
18494,51,53,-2,2
18495,70,72,-2,2
18496,68,87,-19,19
18497,143,140,3,3
18498,83,78,5,5
18499,116,108,8,8
18500,45,55,-10,10
18501,90,88,2,2
18502,67,70,-3,3
18503,100,101,-1,1
18504,113,113,0,0
18505,30,53,-23,23
18506,98,99,-1,1
18507,67,77,-10,10
18508,53,65,-12,12
18509,105,100,5,5
18510,123,125,-2,2
18511,57,65,-8,8
18512,125,112,13,13
18513,98,96,2,2
18514,111,110,1,1
18515,122,116,6,6
18516,117,118,-1,1
18517,74,80,-6,6
18518,84,82,2,2
18519,143,138,5,5
18520,121,112,9,9
18521,121,116,5,5
18522,99,96,3,3
18523,103,95,8,8
18524,104,93,11,11
18525,63,66,-3,3
18526,222,186,36,36
18527,113,101,12,12
18528,88,95,-7,7
18529,122,104,18,18
18530,109,117,-8,8
18531,72,73,-1,1
18532,64,70,-6,6
18533,144,131,13,13
18534,82,84,-2,2
18535,82,87,-5,5
18536,162,151,11,11
18537,112,115,-3,3
18538,62,71,-9,9
18539,78,96,-18,18
18540,48,56,-8,8
18541,90,89,1,1
18542,130,113,17,17
18543,70,76,-6,6
18544,141,149,-8,8
18545,138,132,6,6
18546,126,99,27,27
18547,71,75,-4,4
18548,89,93,-4,4
18549,138,133,5,5
18550,70,70,0,0
18551,123,110,13,13
18552,72,78,-6,6
18553,107,108,-1,1
18554,58,64,-6,6
18555,90,85,5,5
18556,136,138,-2,2
18557,163,155,8,8
18558,108,99,9,9
18559,83,75,8,8
18560,117,111,6,6
18561,142,133,9,9
18562,69,74,-5,5
18563,100,91,9,9
18564,211,185,26,26
18565,148,144,4,4
18566,82,81,1,1
18567,86,88,-2,2
18568,201,190,11,11
18569,113,118,-5,5
18570,126,123,3,3
18571,64,67,-3,3
18572,98,95,3,3
18573,51,59,-8,8
18574,93,102,-9,9
18575,60,69,-9,9
18576,82,82,0,0
18577,95,111,-16,16
18578,94,84,10,10
18579,81,84,-3,3
18580,111,109,2,2
18581,63,74,-11,11
18582,55,64,-9,9
18583,142,137,5,5
18584,139,122,17,17
18585,118,110,8,8
18586,209,167,42,42
18587,73,74,-1,1
18588,103,107,-4,4
18589,118,118,0,0
18590,124,115,9,9
18591,79,92,-13,13
18592,124,114,10,10
18593,129,126,3,3
18594,91,88,3,3
18595,83,91,-8,8
18596,120,104,16,16
18597,91,85,6,6
18598,101,96,5,5
18599,117,106,11,11
18600,154,139,15,15
18601,83,85,-2,2
18602,113,107,6,6
18603,83,86,-3,3
18604,106,110,-4,4
18605,47,61,-14,14
18606,63,69,-6,6
18607,99,96,3,3
18608,47,71,-24,24
18609,111,102,9,9
18610,111,102,9,9
18611,152,140,12,12
18612,91,99,-8,8
18613,111,106,5,5
18614,103,113,-10,10
18615,80,86,-6,6
18616,133,126,7,7
18617,83,80,3,3
18618,67,68,-1,1
18619,124,128,-4,4
18620,93,100,-7,7
18621,80,84,-4,4
18622,64,74,-10,10
18623,74,89,-15,15
18624,92,94,-2,2
18625,122,109,13,13
18626,92,100,-8,8
18627,111,111,0,0
18628,148,127,21,21
18629,102,96,6,6
18630,101,98,3,3
18631,89,92,-3,3
18632,94,101,-7,7
18633,78,80,-2,2
18634,88,80,8,8
18635,87,96,-9,9
18636,59,61,-2,2
18637,75,84,-9,9
18638,101,101,0,0
18639,96,100,-4,4
18640,64,72,-8,8
18641,106,99,7,7
18642,90,92,-2,2
18643,95,99,-4,4
18644,107,107,0,0
18645,95,96,-1,1
18646,78,86,-8,8
18647,124,154,-30,30
18648,142,141,1,1
18649,73,74,-1,1
18650,111,107,4,4
18651,92,81,11,11
18652,205,180,25,25
18653,93,89,4,4
18654,87,99,-12,12
18655,43,51,-8,8
18656,51,64,-13,13
18657,102,101,1,1
18658,85,97,-12,12
18659,152,143,9,9
18660,69,73,-4,4
18661,47,59,-12,12
18662,52,64,-12,12
18663,94,98,-4,4
18664,149,139,10,10
18665,81,75,6,6
18666,96,87,9,9
18667,88,87,1,1
18668,81,79,2,2
18669,129,121,8,8
18670,107,127,-20,20
18671,93,87,6,6
18672,90,95,-5,5
18673,72,80,-8,8
18674,82,83,-1,1
18675,73,76,-3,3
18676,102,102,0,0
18677,52,68,-16,16
18678,79,89,-10,10
18679,131,119,12,12
18680,56,62,-6,6
18681,58,63,-5,5
18682,66,71,-5,5
18683,58,69,-11,11
18684,76,81,-5,5
18685,83,84,-1,1
18686,84,84,0,0
18687,100,102,-2,2
18688,114,102,12,12
18689,112,112,0,0
18690,104,96,8,8
18691,110,106,4,4
18692,160,157,3,3
18693,98,96,2,2
18694,122,114,8,8
18695,39,54,-15,15
18696,120,116,4,4
18697,84,86,-2,2
18698,64,87,-23,23
18699,87,96,-9,9
18700,102,100,2,2
18701,87,87,0,0
18702,76,73,3,3
18703,132,125,7,7
18704,65,66,-1,1
18705,136,117,19,19
18706,87,78,9,9
18707,93,87,6,6
18708,130,121,9,9
18709,96,95,1,1
18710,93,92,1,1
18711,67,79,-12,12
18712,116,112,4,4
18713,81,87,-6,6
18714,107,106,1,1
18715,70,70,0,0
18716,113,108,5,5
18717,78,84,-6,6
18718,93,88,5,5
18719,62,75,-13,13
18720,43,55,-12,12
18721,81,79,2,2
18722,85,85,0,0
18723,128,114,14,14
18724,110,112,-2,2
18725,37,49,-12,12
18726,66,77,-11,11
18727,56,61,-5,5
18728,95,94,1,1
18729,95,97,-2,2
18730,92,93,-1,1
18731,99,103,-4,4
18732,75,84,-9,9
18733,186,157,29,29
18734,30,46,-16,16
18735,63,71,-8,8
18736,60,59,1,1
18737,38,55,-17,17
18738,70,79,-9,9
18739,85,86,-1,1
18740,71,69,2,2
18741,122,125,-3,3
18742,45,49,-4,4
18743,94,91,3,3
18744,133,128,5,5
18745,89,82,7,7
18746,85,82,3,3
18747,80,82,-2,2
18748,141,124,17,17
18749,108,103,5,5
18750,39,59,-20,20
18751,85,98,-13,13
18752,99,99,0,0
18753,81,78,3,3
18754,123,121,2,2
18755,98,96,2,2
18756,81,85,-4,4
18757,110,109,1,1
18758,64,77,-13,13
18759,75,85,-10,10
18760,59,63,-4,4
18761,66,77,-11,11
18762,81,71,10,10
18763,92,91,1,1
18764,115,110,5,5
18765,129,130,-1,1
18766,99,94,5,5
18767,72,80,-8,8
18768,91,89,2,2
18769,69,76,-7,7
18770,80,76,4,4
18771,89,95,-6,6
18772,92,103,-11,11
18773,95,95,0,0
18774,166,148,18,18
18775,61,67,-6,6
18776,59,60,-1,1
18777,42,63,-21,21
18778,53,66,-13,13
18779,101,98,3,3
18780,90,84,6,6
18781,116,109,7,7
18782,83,81,2,2
18783,89,90,-1,1
18784,121,112,9,9
18785,74,66,8,8
18786,113,102,11,11
18787,85,89,-4,4
18788,137,133,4,4
18789,72,85,-13,13
18790,78,71,7,7
18791,113,117,-4,4
18792,144,117,27,27
18793,54,63,-9,9
18794,74,77,-3,3
18795,72,76,-4,4
18796,73,80,-7,7
18797,163,140,23,23
18798,96,96,0,0
18799,90,91,-1,1
18800,64,68,-4,4
18801,61,66,-5,5
18802,79,81,-2,2
18803,118,120,-2,2
18804,70,74,-4,4
18805,108,102,6,6
18806,83,104,-21,21
18807,55,67,-12,12
18808,139,132,7,7
18809,49,60,-11,11
18810,159,143,16,16
18811,30,49,-19,19
18812,111,113,-2,2
18813,112,107,5,5
18814,149,149,0,0
18815,104,99,5,5
18816,166,136,30,30
18817,76,77,-1,1
18818,128,134,-6,6
18819,54,67,-13,13
18820,99,102,-3,3
18821,53,62,-9,9
18822,98,96,2,2
18823,94,98,-4,4
18824,144,144,0,0
18825,47,56,-9,9
18826,124,126,-2,2
18827,137,145,-8,8
18828,55,61,-6,6
18829,79,75,4,4
18830,103,103,0,0
18831,67,76,-9,9
18832,45,54,-9,9
18833,129,112,17,17
18834,33,61,-28,28
18835,108,104,4,4
18836,68,72,-4,4
18837,165,150,15,15
18838,108,98,10,10
18839,142,118,24,24
18840,108,106,2,2
18841,56,68,-12,12
18842,73,81,-8,8
18843,121,116,5,5
18844,139,140,-1,1
18845,124,114,10,10
18846,59,66,-7,7
18847,98,113,-15,15
18848,42,50,-8,8
18849,94,98,-4,4
18850,120,109,11,11
18851,64,72,-8,8
18852,52,66,-14,14
18853,193,176,17,17
18854,99,97,2,2
18855,73,82,-9,9
18856,166,132,34,34
18857,116,112,4,4
18858,69,87,-18,18
18859,67,72,-5,5
18860,81,76,5,5
18861,112,99,13,13
18862,120,104,16,16
18863,67,66,1,1
18864,105,91,14,14
18865,146,132,14,14
18866,110,99,11,11
18867,90,88,2,2
18868,94,86,8,8
18869,106,118,-12,12
18870,95,93,2,2
18871,112,108,4,4
18872,104,95,9,9
18873,60,72,-12,12
18874,93,79,14,14
18875,171,165,6,6
18876,57,62,-5,5
18877,106,95,11,11
18878,83,88,-5,5
18879,65,63,2,2
18880,111,108,3,3
18881,117,116,1,1
18882,71,80,-9,9
18883,46,60,-14,14
18884,87,99,-12,12
18885,80,79,1,1
18886,58,67,-9,9
18887,47,31,16,16
18888,196,173,23,23
18889,100,102,-2,2
18890,122,124,-2,2
18891,126,124,2,2
18892,61,69,-8,8
18893,68,77,-9,9
18894,90,97,-7,7
18895,96,100,-4,4
18896,154,156,-2,2
18897,153,147,6,6
18898,83,82,1,1
18899,130,123,7,7
18900,110,100,10,10
18901,122,116,6,6
18902,85,82,3,3
18903,55,65,-10,10
18904,85,81,4,4
18905,122,115,7,7
18906,71,71,0,0
18907,149,136,13,13
18908,101,98,3,3
18909,81,91,-10,10
18910,95,93,2,2
18911,120,115,5,5
18912,137,137,0,0
18913,132,139,-7,7
18914,83,79,4,4
18915,121,118,3,3
18916,121,113,8,8
18917,125,136,-11,11
18918,81,86,-5,5
18919,137,135,2,2
18920,89,86,3,3
18921,113,104,9,9
18922,23,48,-25,25
18923,123,103,20,20
18924,172,164,8,8
18925,64,70,-6,6
18926,122,128,-6,6
18927,67,70,-3,3
18928,86,86,0,0
18929,42,58,-16,16
18930,126,115,11,11
18931,148,127,21,21
18932,81,77,4,4
18933,78,83,-5,5
18934,74,75,-1,1
18935,52,66,-14,14
18936,67,73,-6,6
18937,69,74,-5,5
18938,76,85,-9,9
18939,56,66,-10,10
18940,103,112,-9,9
18941,86,96,-10,10
18942,67,80,-13,13
18943,74,83,-9,9
18944,61,67,-6,6
18945,42,65,-23,23
18946,106,101,5,5
18947,59,66,-7,7
18948,65,68,-3,3
18949,148,149,-1,1
18950,161,148,13,13
18951,140,131,9,9
18952,140,131,9,9
18953,70,80,-10,10
18954,157,142,15,15
18955,70,83,-13,13
18956,110,114,-4,4
18957,132,151,-19,19
18958,40,55,-15,15
18959,115,105,10,10
18960,165,156,9,9
18961,46,67,-21,21
18962,108,116,-8,8
18963,145,139,6,6
18964,153,140,13,13
18965,64,69,-5,5
18966,104,105,-1,1
18967,104,91,13,13
18968,103,94,9,9
18969,99,107,-8,8
18970,58,67,-9,9
18971,78,77,1,1
18972,116,115,1,1
18973,95,107,-12,12
18974,77,79,-2,2
18975,100,99,1,1
18976,147,137,10,10
18977,73,75,-2,2
18978,90,94,-4,4
18979,91,93,-2,2
18980,136,127,9,9
18981,156,138,18,18
18982,71,76,-5,5
18983,65,70,-5,5
18984,82,82,0,0
18985,116,110,6,6
18986,134,124,10,10
18987,70,77,-7,7
18988,98,97,1,1
18989,194,176,18,18
18990,58,68,-10,10
18991,111,144,-33,33
18992,55,67,-12,12
18993,105,101,4,4
18994,85,87,-2,2
18995,105,96,9,9
18996,83,89,-6,6
18997,96,89,7,7
18998,83,80,3,3
18999,153,147,6,6
19000,81,84,-3,3
19001,60,69,-9,9
19002,137,134,3,3
19003,140,128,12,12
19004,88,95,-7,7
19005,124,119,5,5
19006,101,96,5,5
19007,84,79,5,5
19008,99,97,2,2
19009,59,60,-1,1
19010,83,95,-12,12
19011,113,117,-4,4
19012,83,88,-5,5
19013,65,74,-9,9
19014,52,67,-15,15
19015,120,119,1,1
19016,102,94,8,8
19017,50,79,-29,29
19018,134,136,-2,2
19019,90,88,2,2
19020,79,76,3,3
19021,78,85,-7,7
19022,122,110,12,12
19023,69,77,-8,8
19024,72,76,-4,4
19025,71,79,-8,8
19026,112,99,13,13
19027,111,98,13,13
19028,96,101,-5,5
19029,96,95,1,1
19030,67,73,-6,6
19031,102,101,1,1
19032,71,81,-10,10
19033,147,142,5,5
19034,123,122,1,1
19035,89,79,10,10
19036,72,83,-11,11
19037,81,86,-5,5
19038,61,66,-5,5
19039,79,79,0,0
19040,112,100,12,12
19041,167,166,1,1
19042,74,81,-7,7
19043,122,111,11,11
19044,78,87,-9,9
19045,64,74,-10,10
19046,72,78,-6,6
19047,90,84,6,6
19048,86,80,6,6
19049,122,114,8,8
19050,70,69,1,1
19051,80,83,-3,3
19052,55,65,-10,10
19053,86,80,6,6
19054,117,112,5,5
19055,95,95,0,0
19056,88,88,0,0
19057,123,106,17,17
19058,102,97,5,5
19059,73,75,-2,2
19060,33,45,-12,12
19061,133,117,16,16
19062,65,76,-11,11
19063,75,68,7,7
19064,39,52,-13,13
19065,119,106,13,13
19066,88,88,0,0
19067,110,97,13,13
19068,59,67,-8,8
19069,94,101,-7,7
19070,90,87,3,3
19071,64,70,-6,6
19072,111,106,5,5
19073,95,96,-1,1
19074,77,81,-4,4
19075,60,67,-7,7
19076,151,142,9,9
19077,90,84,6,6
19078,65,73,-8,8
19079,100,109,-9,9
19080,59,68,-9,9
19081,89,88,1,1
19082,91,100,-9,9
19083,152,142,10,10
19084,58,61,-3,3
19085,98,105,-7,7
19086,111,105,6,6
19087,94,88,6,6
19088,98,100,-2,2
19089,99,93,6,6
19090,132,127,5,5
19091,99,117,-18,18
19092,163,167,-4,4
19093,105,101,4,4
19094,109,108,1,1
19095,49,59,-10,10
19096,97,107,-10,10
19097,153,137,16,16
19098,73,100,-27,27
19099,71,77,-6,6
19100,89,83,6,6
19101,110,99,11,11
19102,73,78,-5,5
19103,151,126,25,25
19104,146,139,7,7
19105,74,75,-1,1
19106,76,74,2,2
19107,57,122,-65,65
19108,96,86,10,10
19109,143,121,22,22
19110,98,84,14,14
19111,74,80,-6,6
19112,78,77,1,1
19113,139,149,-10,10
19114,81,86,-5,5
19115,74,84,-10,10
19116,81,83,-2,2
19117,149,160,-11,11
19118,59,71,-12,12
19119,92,99,-7,7
19120,88,85,3,3
19121,94,97,-3,3
19122,106,103,3,3
19123,143,120,23,23
19124,61,73,-12,12
19125,84,81,3,3
19126,107,111,-4,4
19127,129,129,0,0
19128,80,81,-1,1
19129,89,94,-5,5
19130,159,150,9,9
19131,44,59,-15,15
19132,116,115,1,1
19133,79,82,-3,3
19134,82,78,4,4
19135,77,81,-4,4
19136,124,109,15,15
19137,97,98,-1,1
19138,62,72,-10,10
19139,65,74,-9,9
19140,78,76,2,2
19141,105,100,5,5
19142,107,110,-3,3
19143,60,71,-11,11
19144,63,67,-4,4
19145,71,75,-4,4
19146,122,122,0,0
19147,76,79,-3,3
19148,137,136,1,1
19149,89,90,-1,1
19150,87,92,-5,5
19151,147,142,5,5
19152,121,132,-11,11
19153,91,84,7,7
19154,62,66,-4,4
19155,77,86,-9,9
19156,95,91,4,4
19157,71,76,-5,5
19158,129,135,-6,6
19159,114,112,2,2
19160,196,182,14,14
19161,113,112,1,1
19162,122,107,15,15
19163,120,105,15,15
19164,104,116,-12,12
19165,99,97,2,2
19166,80,81,-1,1
19167,69,82,-13,13
19168,100,103,-3,3
19169,63,71,-8,8
19170,145,131,14,14
19171,55,60,-5,5
19172,91,87,4,4
19173,148,136,12,12
19174,75,75,0,0
19175,106,101,5,5
19176,179,158,21,21
19177,86,94,-8,8
19178,72,75,-3,3
19179,127,129,-2,2
19180,68,68,0,0
19181,69,85,-16,16
19182,136,134,2,2
19183,91,93,-2,2
19184,102,106,-4,4
19185,128,116,12,12
19186,94,91,3,3
19187,105,101,4,4
19188,146,133,13,13
19189,72,71,1,1
19190,105,100,5,5
19191,137,126,11,11
19192,169,157,12,12
19193,130,149,-19,19
19194,126,121,5,5
19195,125,112,13,13
19196,102,104,-2,2
19197,74,74,0,0
19198,74,87,-13,13
19199,97,95,2,2
19200,113,109,4,4
19201,54,62,-8,8
19202,127,107,20,20
19203,73,85,-12,12
19204,145,149,-4,4
19205,117,111,6,6
19206,123,116,7,7
19207,188,160,28,28
19208,75,82,-7,7
19209,76,87,-11,11
19210,45,59,-14,14
19211,86,86,0,0
19212,74,83,-9,9
19213,103,108,-5,5
19214,140,124,16,16
19215,95,95,0,0
19216,102,103,-1,1
19217,34,53,-19,19
19218,101,98,3,3
19219,62,78,-16,16
19220,81,88,-7,7
19221,84,87,-3,3
19222,114,123,-9,9
19223,90,85,5,5
19224,66,95,-29,29
19225,98,97,1,1
19226,68,77,-9,9
19227,115,104,11,11
19228,101,78,23,23
19229,137,120,17,17
19230,125,122,3,3
19231,84,87,-3,3
19232,43,62,-19,19
19233,99,96,3,3
19234,126,127,-1,1
19235,97,97,0,0
19236,105,97,8,8
19237,74,81,-7,7
19238,108,103,5,5
19239,70,70,0,0
19240,49,63,-14,14
19241,133,122,11,11
19242,105,97,8,8
19243,147,144,3,3
19244,98,98,0,0
19245,124,115,9,9
19246,73,79,-6,6
19247,78,76,2,2
19248,106,110,-4,4
19249,63,65,-2,2
19250,87,90,-3,3
19251,80,78,2,2
19252,101,98,3,3
19253,80,81,-1,1
19254,107,96,11,11
19255,65,76,-11,11
19256,62,65,-3,3
19257,124,121,3,3
19258,37,49,-12,12
19259,109,103,6,6
19260,48,65,-17,17
19261,152,135,17,17
19262,163,155,8,8
19263,126,118,8,8
19264,62,88,-26,26
19265,128,132,-4,4
19266,104,100,4,4
19267,110,121,-11,11
19268,79,85,-6,6
19269,79,83,-4,4
19270,145,134,11,11
19271,74,82,-8,8
19272,59,67,-8,8
19273,107,105,2,2
19274,88,92,-4,4
19275,47,65,-18,18
19276,111,112,-1,1
19277,108,100,8,8
19278,133,115,18,18
19279,155,153,2,2
19280,85,86,-1,1
19281,135,116,19,19
19282,104,99,5,5
19283,149,149,0,0
19284,78,82,-4,4
19285,76,78,-2,2
19286,96,99,-3,3
19287,130,115,15,15
19288,90,86,4,4
19289,55,82,-27,27
19290,123,126,-3,3
19291,65,70,-5,5
19292,69,66,3,3
19293,50,62,-12,12
19294,51,66,-15,15
19295,81,77,4,4
19296,108,103,5,5
19297,81,82,-1,1
19298,42,54,-12,12
19299,141,114,27,27
19300,66,78,-12,12
19301,103,97,6,6
19302,147,134,13,13
19303,105,93,12,12
19304,136,112,24,24
19305,58,71,-13,13
19306,108,93,15,15
19307,63,67,-4,4
19308,116,116,0,0
19309,147,135,12,12
19310,73,75,-2,2
19311,92,96,-4,4
19312,63,71,-8,8
19313,98,98,0,0
19314,153,145,8,8
19315,98,94,4,4
19316,68,79,-11,11
19317,70,63,7,7
19318,69,126,-57,57
19319,68,71,-3,3
19320,66,70,-4,4
19321,83,83,0,0
19322,113,103,10,10
19323,123,107,16,16
19324,39,55,-16,16
19325,127,112,15,15
19326,119,118,1,1
19327,80,81,-1,1
19328,202,210,-8,8
19329,71,82,-11,11
19330,49,59,-10,10
19331,73,83,-10,10
19332,90,98,-8,8
19333,86,84,2,2
19334,71,85,-14,14
19335,62,71,-9,9
19336,89,88,1,1
19337,205,179,26,26
19338,157,118,39,39
19339,95,108,-13,13
19340,54,70,-16,16
19341,86,88,-2,2
19342,105,103,2,2
19343,51,67,-16,16
19344,56,74,-18,18
19345,142,143,-1,1
19346,151,133,18,18
19347,72,75,-3,3
19348,71,83,-12,12
19349,73,74,-1,1
19350,58,65,-7,7
19351,175,187,-12,12
19352,132,124,8,8
19353,102,101,1,1
19354,115,110,5,5
19355,92,104,-12,12
19356,77,81,-4,4
19357,113,108,5,5
19358,103,104,-1,1
19359,147,154,-7,7
19360,93,105,-12,12
19361,105,105,0,0
19362,95,89,6,6
19363,158,144,14,14
19364,117,114,3,3
19365,113,118,-5,5
19366,84,81,3,3
19367,64,76,-12,12
19368,98,99,-1,1
19369,91,98,-7,7
19370,106,96,10,10
19371,57,69,-12,12
19372,130,124,6,6
19373,67,79,-12,12
19374,60,70,-10,10
19375,80,78,2,2
19376,109,107,2,2
19377,56,84,-28,28
19378,61,76,-15,15
19379,162,151,11,11
19380,105,101,4,4
19381,118,110,8,8
19382,88,84,4,4
19383,61,64,-3,3
19384,101,99,2,2
19385,130,131,-1,1
19386,116,104,12,12
19387,66,80,-14,14
19388,67,76,-9,9
19389,68,79,-11,11
19390,54,61,-7,7
19391,76,80,-4,4
19392,91,91,0,0
19393,48,58,-10,10
19394,108,105,3,3
19395,50,59,-9,9
19396,121,129,-8,8
19397,55,60,-5,5
19398,99,91,8,8
19399,109,106,3,3
19400,129,118,11,11
19401,59,64,-5,5
19402,193,181,12,12
19403,115,108,7,7
19404,168,164,4,4
19405,109,105,4,4
19406,79,92,-13,13
19407,69,74,-5,5
19408,124,120,4,4
19409,86,96,-10,10
19410,108,102,6,6
19411,57,65,-8,8
19412,69,64,5,5
19413,73,80,-7,7
19414,93,100,-7,7
19415,108,101,7,7
19416,47,58,-11,11
19417,96,93,3,3
19418,136,140,-4,4
19419,62,60,2,2
19420,35,56,-21,21
19421,168,168,0,0
19422,72,68,4,4
19423,53,62,-9,9
19424,181,166,15,15
19425,106,99,7,7
19426,110,120,-10,10
19427,71,77,-6,6
19428,81,89,-8,8
19429,66,72,-6,6
19430,96,101,-5,5
19431,94,87,7,7
19432,101,92,9,9
19433,56,64,-8,8
19434,161,145,16,16
19435,120,110,10,10
19436,90,92,-2,2
19437,74,82,-8,8
19438,119,108,11,11
19439,120,113,7,7
19440,116,133,-17,17
19441,72,75,-3,3
19442,100,92,8,8
19443,72,75,-3,3
19444,152,146,6,6
19445,65,76,-11,11
19446,84,84,0,0
19447,100,97,3,3
19448,116,101,15,15
19449,88,90,-2,2
19450,94,104,-10,10
19451,76,78,-2,2
19452,70,79,-9,9
19453,72,90,-18,18
19454,114,108,6,6
19455,95,97,-2,2
19456,88,84,4,4
19457,103,116,-13,13
19458,82,85,-3,3
19459,66,81,-15,15
19460,126,110,16,16
19461,215,205,10,10
19462,127,122,5,5
19463,71,73,-2,2
19464,106,95,11,11
19465,125,122,3,3
19466,98,92,6,6
19467,80,97,-17,17
19468,76,82,-6,6
19469,126,119,7,7
19470,45,59,-14,14
19471,98,98,0,0
19472,75,78,-3,3
19473,76,72,4,4
19474,103,105,-2,2
19475,149,133,16,16
19476,110,108,2,2
19477,71,76,-5,5
19478,121,130,-9,9
19479,86,85,1,1
19480,44,53,-9,9
19481,126,122,4,4
19482,145,127,18,18
19483,94,102,-8,8
19484,49,64,-15,15
19485,99,97,2,2
19486,75,88,-13,13
19487,77,96,-19,19
19488,65,76,-11,11
19489,117,110,7,7
19490,87,86,1,1
19491,87,100,-13,13
19492,138,133,5,5
19493,66,71,-5,5
19494,100,88,12,12
19495,107,100,7,7
19496,82,105,-23,23
19497,76,85,-9,9
19498,67,75,-8,8
19499,40,55,-15,15
19500,88,95,-7,7
19501,184,166,18,18
19502,92,84,8,8
19503,134,133,1,1
19504,105,102,3,3
19505,112,111,1,1
19506,70,74,-4,4
19507,70,77,-7,7
19508,57,68,-11,11
19509,120,114,6,6
19510,98,101,-3,3
19511,115,108,7,7
19512,84,97,-13,13
19513,97,96,1,1
19514,85,86,-1,1
19515,67,76,-9,9
19516,93,85,8,8
19517,123,117,6,6
19518,52,100,-48,48
19519,113,109,4,4
19520,63,69,-6,6
19521,97,90,7,7
19522,103,99,4,4
19523,91,96,-5,5
19524,74,80,-6,6
19525,110,117,-7,7
19526,162,151,11,11
19527,98,96,2,2
19528,103,98,5,5
19529,96,106,-10,10
19530,35,49,-14,14
19531,85,92,-7,7
19532,69,74,-5,5
19533,80,74,6,6
19534,60,68,-8,8
19535,87,102,-15,15
19536,77,80,-3,3
19537,139,128,11,11
19538,51,65,-14,14
19539,122,109,13,13
19540,125,117,8,8
19541,63,64,-1,1
19542,125,112,13,13
19543,85,96,-11,11
19544,112,108,4,4
19545,58,73,-15,15
19546,104,100,4,4
19547,120,108,12,12
19548,43,58,-15,15
19549,90,101,-11,11
19550,29,43,-14,14
19551,92,86,6,6
19552,99,83,16,16
19553,55,67,-12,12
19554,66,70,-4,4
19555,78,81,-3,3
19556,67,67,0,0
19557,91,84,7,7
19558,143,125,18,18
19559,86,97,-11,11
19560,57,74,-17,17
19561,96,92,4,4
19562,101,110,-9,9
19563,58,63,-5,5
19564,113,104,9,9
19565,44,48,-4,4
19566,140,119,21,21
19567,150,145,5,5
19568,117,121,-4,4
19569,86,90,-4,4
19570,99,94,5,5
19571,114,101,13,13
19572,81,83,-2,2
19573,64,66,-2,2
19574,132,128,4,4
19575,82,85,-3,3
19576,141,130,11,11
19577,68,86,-18,18
19578,137,124,13,13
19579,75,75,0,0
19580,71,74,-3,3
19581,59,47,12,12
19582,45,49,-4,4
19583,70,73,-3,3
19584,107,102,5,5
19585,59,66,-7,7
19586,41,57,-16,16
19587,65,73,-8,8
19588,50,58,-8,8
19589,88,93,-5,5
19590,114,109,5,5
19591,64,65,-1,1
19592,154,154,0,0
19593,64,75,-11,11
19594,46,73,-27,27
19595,120,113,7,7
19596,80,82,-2,2
19597,52,60,-8,8
19598,88,104,-16,16
19599,65,91,-26,26
19600,49,65,-16,16
19601,82,94,-12,12
19602,108,114,-6,6
19603,59,74,-15,15
19604,68,74,-6,6
19605,99,90,9,9
19606,100,98,2,2
19607,100,96,4,4
19608,156,144,12,12
19609,91,97,-6,6
19610,152,142,10,10
19611,125,113,12,12
19612,60,67,-7,7
19613,43,57,-14,14
19614,48,56,-8,8
19615,94,99,-5,5
19616,70,71,-1,1
19617,52,60,-8,8
19618,70,73,-3,3
19619,154,137,17,17
19620,133,128,5,5
19621,72,73,-1,1
19622,79,87,-8,8
19623,111,115,-4,4
19624,72,74,-2,2
19625,147,151,-4,4
19626,94,93,1,1
19627,41,54,-13,13
19628,79,87,-8,8
19629,61,66,-5,5
19630,68,77,-9,9
19631,70,73,-3,3
19632,80,86,-6,6
19633,58,73,-15,15
19634,45,57,-12,12
19635,187,168,19,19
19636,84,85,-1,1
19637,76,76,0,0
19638,154,143,11,11
19639,139,125,14,14
19640,173,160,13,13
19641,75,72,3,3
19642,148,136,12,12
19643,174,165,9,9
19644,100,105,-5,5
19645,29,44,-15,15
19646,102,96,6,6
19647,67,76,-9,9
19648,51,60,-9,9
19649,133,108,25,25
19650,36,50,-14,14
19651,66,67,-1,1
19652,65,65,0,0
19653,73,80,-7,7
19654,151,128,23,23
19655,87,80,7,7
19656,138,140,-2,2
19657,65,72,-7,7
19658,97,94,3,3
19659,84,89,-5,5
19660,171,161,10,10
19661,110,103,7,7
19662,120,110,10,10
19663,99,95,4,4
19664,135,140,-5,5
19665,90,89,1,1
19666,70,72,-2,2
19667,99,104,-5,5
19668,58,68,-10,10
19669,109,128,-19,19
19670,77,79,-2,2
19671,74,77,-3,3
19672,134,131,3,3
19673,130,111,19,19
19674,65,72,-7,7
19675,109,100,9,9
19676,75,84,-9,9
19677,125,124,1,1
19678,99,96,3,3
19679,147,144,3,3
19680,160,151,9,9
19681,49,56,-7,7
19682,62,74,-12,12
19683,332,294,38,38
19684,127,118,9,9
19685,34,48,-14,14
19686,145,134,11,11
19687,108,100,8,8
19688,66,74,-8,8
19689,65,74,-9,9
19690,157,139,18,18
19691,89,84,5,5
19692,97,101,-4,4
19693,116,109,7,7
19694,102,100,2,2
19695,118,122,-4,4
19696,161,151,10,10
19697,97,99,-2,2
19698,40,51,-11,11
19699,63,69,-6,6
19700,70,82,-12,12
19701,83,83,0,0
19702,100,100,0,0
19703,76,79,-3,3
19704,105,102,3,3
19705,72,85,-13,13
19706,69,84,-15,15
19707,136,135,1,1
19708,126,104,22,22
19709,130,133,-3,3
19710,116,112,4,4
19711,87,84,3,3
19712,100,101,-1,1
19713,100,93,7,7
19714,55,68,-13,13
19715,92,95,-3,3
19716,101,97,4,4
19717,149,150,-1,1
19718,98,87,11,11
19719,89,92,-3,3
19720,40,53,-13,13
19721,91,87,4,4
19722,103,102,1,1
19723,88,85,3,3
19724,76,90,-14,14
19725,43,63,-20,20
19726,60,67,-7,7
19727,165,147,18,18
19728,148,158,-10,10
19729,114,106,8,8
19730,97,85,12,12
19731,141,139,2,2
19732,82,97,-15,15
19733,89,88,1,1
19734,141,139,2,2
19735,31,54,-23,23
19736,87,97,-10,10
19737,83,89,-6,6
19738,64,73,-9,9
19739,68,79,-11,11
19740,75,72,3,3
19741,102,100,2,2
19742,54,66,-12,12
19743,108,110,-2,2
19744,104,95,9,9
19745,132,127,5,5
19746,77,76,1,1
19747,130,124,6,6
19748,46,53,-7,7
19749,83,34,49,49
19750,79,85,-6,6
19751,180,160,20,20
19752,118,121,-3,3
19753,105,113,-8,8
19754,93,96,-3,3
19755,81,78,3,3
19756,61,70,-9,9
19757,142,136,6,6
19758,93,96,-3,3
19759,100,99,1,1
19760,146,131,15,15
19761,64,73,-9,9
19762,116,109,7,7
19763,55,63,-8,8
19764,55,69,-14,14
19765,86,99,-13,13
19766,90,90,0,0
19767,146,138,8,8
19768,55,63,-8,8
19769,76,80,-4,4
19770,48,65,-17,17
19771,84,75,9,9
19772,62,66,-4,4
19773,93,90,3,3
19774,104,98,6,6
19775,108,103,5,5
19776,83,89,-6,6
19777,57,61,-4,4
19778,76,79,-3,3
19779,100,123,-23,23
19780,96,97,-1,1
19781,124,94,30,30
19782,55,72,-17,17
19783,61,69,-8,8
19784,104,101,3,3
19785,70,78,-8,8
19786,94,86,8,8
19787,64,72,-8,8
19788,113,111,2,2
19789,92,94,-2,2
19790,136,136,0,0
19791,115,107,8,8
19792,103,110,-7,7
19793,84,89,-5,5
19794,60,69,-9,9
19795,83,115,-32,32
19796,127,123,4,4
19797,137,126,11,11
19798,64,64,0,0
19799,180,169,11,11
19800,144,127,17,17
19801,82,80,2,2
19802,89,84,5,5
19803,122,128,-6,6
19804,85,87,-2,2
19805,127,117,10,10
19806,86,84,2,2
19807,81,88,-7,7
19808,102,98,4,4
19809,104,81,23,23
19810,47,58,-11,11
19811,163,143,20,20
19812,102,98,4,4
19813,152,133,19,19
19814,139,124,15,15
19815,88,81,7,7
19816,57,63,-6,6
19817,79,77,2,2
19818,60,58,2,2
19819,104,96,8,8
19820,92,88,4,4
19821,74,76,-2,2
19822,94,91,3,3
19823,102,105,-3,3
19824,109,102,7,7
19825,86,84,2,2
19826,85,79,6,6
19827,86,83,3,3
19828,158,139,19,19
19829,78,83,-5,5
19830,72,74,-2,2
19831,127,119,8,8
19832,81,85,-4,4
19833,99,98,1,1
19834,64,74,-10,10
19835,137,140,-3,3
19836,99,102,-3,3
19837,74,84,-10,10
19838,80,92,-12,12
19839,99,117,-18,18
19840,95,96,-1,1
19841,48,61,-13,13
19842,77,80,-3,3
19843,88,96,-8,8
19844,99,96,3,3
19845,87,83,4,4
19846,75,83,-8,8
19847,103,102,1,1
19848,190,177,13,13
19849,88,62,26,26
19850,85,90,-5,5
19851,59,61,-2,2
19852,63,82,-19,19
19853,85,87,-2,2
19854,67,88,-21,21
19855,76,83,-7,7
19856,115,108,7,7
19857,62,70,-8,8
19858,61,73,-12,12
19859,147,141,6,6
19860,153,140,13,13
19861,68,66,2,2
19862,106,110,-4,4
19863,79,83,-4,4
19864,165,150,15,15
19865,63,69,-6,6
19866,106,107,-1,1
19867,74,80,-6,6
19868,135,124,11,11
19869,76,83,-7,7
19870,113,117,-4,4
19871,77,79,-2,2
19872,67,76,-9,9
19873,93,108,-15,15
19874,170,164,6,6
19875,77,84,-7,7
19876,88,84,4,4
19877,103,97,6,6
19878,85,86,-1,1
19879,82,76,6,6
19880,70,80,-10,10
19881,94,104,-10,10
19882,44,64,-20,20
19883,103,95,8,8
19884,99,97,2,2
19885,67,72,-5,5
19886,56,67,-11,11
19887,94,94,0,0
19888,77,81,-4,4
19889,68,72,-4,4
19890,125,110,15,15
19891,110,105,5,5
19892,102,93,9,9
19893,57,58,-1,1
19894,68,87,-19,19
19895,75,80,-5,5
19896,101,94,7,7
19897,57,61,-4,4
19898,93,106,-13,13
19899,52,50,2,2
19900,57,69,-12,12
19901,123,107,16,16
19902,111,114,-3,3
19903,62,71,-9,9
19904,89,100,-11,11
19905,114,102,12,12
19906,45,61,-16,16
19907,79,79,0,0
19908,134,121,13,13
19909,101,94,7,7
19910,92,88,4,4
19911,74,77,-3,3
19912,95,92,3,3
19913,49,65,-16,16
19914,86,82,4,4
19915,50,71,-21,21
19916,55,64,-9,9
19917,49,54,-5,5
19918,87,93,-6,6
19919,59,74,-15,15
19920,108,109,-1,1
19921,88,83,5,5
19922,118,121,-3,3
19923,108,100,8,8
19924,38,73,-35,35
19925,94,88,6,6
19926,35,48,-13,13
19927,114,110,4,4
19928,124,110,14,14
19929,108,108,0,0
19930,129,133,-4,4
19931,69,76,-7,7
19932,108,110,-2,2
19933,66,74,-8,8
19934,62,66,-4,4
19935,107,109,-2,2
19936,65,70,-5,5
19937,169,148,21,21
19938,115,104,11,11
19939,116,112,4,4
19940,87,87,0,0
19941,62,65,-3,3
19942,128,116,12,12
19943,126,128,-2,2
19944,139,137,2,2
19945,217,187,30,30
19946,147,151,-4,4
19947,117,107,10,10
19948,181,179,2,2
19949,101,119,-18,18
19950,66,75,-9,9
19951,77,78,-1,1
19952,110,107,3,3
19953,186,178,8,8
19954,60,69,-9,9
19955,68,72,-4,4
19956,125,121,4,4
19957,52,63,-11,11
19958,75,79,-4,4
19959,109,109,0,0
19960,44,59,-15,15
19961,123,123,0,0
19962,123,112,11,11
19963,69,73,-4,4
19964,51,62,-11,11
19965,148,127,21,21
19966,104,93,11,11
19967,64,70,-6,6
19968,82,89,-7,7
19969,82,79,3,3
19970,135,137,-2,2
19971,54,68,-14,14
19972,88,81,7,7
19973,88,83,5,5
19974,102,102,0,0
19975,45,61,-16,16
19976,85,84,1,1
19977,117,104,13,13
19978,124,112,12,12
19979,60,75,-15,15
19980,40,68,-28,28
19981,133,126,7,7
19982,101,102,-1,1
19983,80,81,-1,1
19984,90,109,-19,19
19985,85,89,-4,4
19986,68,76,-8,8
19987,150,150,0,0
19988,86,83,3,3
19989,105,106,-1,1
19990,45,60,-15,15
19991,149,158,-9,9
19992,74,82,-8,8
19993,40,53,-13,13
19994,75,83,-8,8
19995,47,62,-15,15
19996,70,77,-7,7
19997,56,66,-10,10
19998,46,59,-13,13
19999,98,100,-2,2
20000,107,102,5,5
20001,121,108,13,13
20002,192,183,9,9
20003,50,61,-11,11
20004,62,81,-19,19
20005,93,93,0,0
20006,96,90,6,6
20007,72,76,-4,4
20008,134,133,1,1
20009,98,98,0,0
20010,159,136,23,23
20011,115,107,8,8
20012,54,67,-13,13
20013,60,70,-10,10
20014,80,80,0,0
20015,103,103,0,0
20016,89,84,5,5
20017,118,119,-1,1
20018,109,102,7,7
20019,65,76,-11,11
20020,62,74,-12,12
20021,100,99,1,1
20022,127,130,-3,3
20023,54,68,-14,14
20024,113,101,12,12
20025,122,113,9,9
20026,140,121,19,19
20027,71,73,-2,2
20028,86,95,-9,9
20029,94,99,-5,5
20030,124,113,11,11
20031,59,67,-8,8
20032,115,104,11,11
20033,61,67,-6,6
20034,65,66,-1,1
20035,79,84,-5,5
20036,122,107,15,15
20037,97,101,-4,4
20038,64,75,-11,11
20039,107,100,7,7
20040,109,108,1,1
20041,70,75,-5,5
20042,63,70,-7,7
20043,104,99,5,5
20044,88,81,7,7
20045,91,94,-3,3
20046,136,134,2,2
20047,67,72,-5,5
20048,65,69,-4,4
20049,97,97,0,0
20050,114,113,1,1
20051,122,128,-6,6
20052,76,75,1,1
20053,96,100,-4,4
20054,90,85,5,5
20055,68,72,-4,4
20056,78,83,-5,5
20057,158,142,16,16
20058,77,83,-6,6
20059,65,69,-4,4
20060,126,116,10,10
20061,102,95,7,7
20062,96,87,9,9
20063,120,123,-3,3
20064,44,61,-17,17
20065,68,79,-11,11
20066,170,164,6,6
20067,40,55,-15,15
20068,43,60,-17,17
20069,95,87,8,8
20070,114,106,8,8
20071,60,69,-9,9
20072,35,59,-24,24
20073,70,73,-3,3
20074,126,123,3,3
20075,68,72,-4,4
20076,137,138,-1,1
20077,154,127,27,27
20078,139,137,2,2
20079,103,102,1,1
20080,82,77,5,5
20081,94,101,-7,7
20082,136,123,13,13
20083,81,80,1,1
20084,51,56,-5,5
20085,126,121,5,5
20086,89,121,-32,32
20087,88,95,-7,7
20088,77,72,5,5
20089,83,86,-3,3
20090,77,72,5,5
20091,84,85,-1,1
20092,82,78,4,4
20093,65,75,-10,10
20094,113,99,14,14
20095,78,86,-8,8
20096,54,63,-9,9
20097,94,99,-5,5
20098,59,74,-15,15
20099,117,119,-2,2
20100,78,72,6,6
20101,48,52,-4,4
20102,54,72,-18,18
20103,99,104,-5,5
20104,71,75,-4,4
20105,136,124,12,12
20106,45,57,-12,12
20107,84,90,-6,6
20108,82,88,-6,6
20109,45,60,-15,15
20110,125,103,22,22
20111,50,61,-11,11
20112,71,80,-9,9
20113,89,85,4,4
20114,61,73,-12,12
20115,105,98,7,7
20116,143,137,6,6
20117,185,168,17,17
20118,48,58,-10,10
20119,98,97,1,1
20120,38,58,-20,20
20121,92,89,3,3
20122,139,131,8,8
20123,99,94,5,5
20124,106,105,1,1
20125,60,80,-20,20
20126,96,82,14,14
20127,138,141,-3,3
20128,83,82,1,1
20129,152,121,31,31
20130,115,116,-1,1
20131,84,95,-11,11
20132,133,121,12,12
20133,128,123,5,5
20134,78,82,-4,4
20135,93,95,-2,2
20136,105,100,5,5
20137,90,91,-1,1
20138,205,171,34,34
20139,80,83,-3,3
20140,80,81,-1,1
20141,118,101,17,17
20142,60,73,-13,13
20143,101,100,1,1
20144,95,94,1,1
20145,130,138,-8,8
20146,113,106,7,7
20147,79,87,-8,8
20148,88,84,4,4
20149,109,103,6,6
20150,98,97,1,1
20151,70,75,-5,5
20152,92,88,4,4
20153,157,157,0,0
20154,44,59,-15,15
20155,95,88,7,7
20156,87,83,4,4
20157,109,93,16,16
20158,111,109,2,2
20159,86,82,4,4
20160,149,146,3,3
20161,111,102,9,9
20162,45,55,-10,10
20163,150,145,5,5
20164,89,85,4,4
20165,67,78,-11,11
20166,87,91,-4,4
20167,150,135,15,15
20168,124,104,20,20
20169,96,93,3,3
20170,125,126,-1,1
20171,116,124,-8,8
20172,80,80,0,0
20173,156,130,26,26
20174,159,157,2,2
20175,108,102,6,6
20176,90,88,2,2
20177,117,104,13,13
20178,139,125,14,14
20179,87,86,1,1
20180,79,74,5,5
20181,103,101,2,2
20182,157,139,18,18
20183,159,165,-6,6
20184,46,81,-35,35
20185,84,86,-2,2
20186,62,75,-13,13
20187,99,100,-1,1
20188,62,69,-7,7
20189,87,100,-13,13
20190,186,181,5,5
20191,104,95,9,9
20192,83,83,0,0
20193,82,83,-1,1
20194,82,85,-3,3
20195,116,114,2,2
20196,48,55,-7,7
20197,72,83,-11,11
20198,81,82,-1,1
20199,89,96,-7,7
20200,66,73,-7,7
20201,99,100,-1,1
20202,97,92,5,5
20203,83,86,-3,3
20204,57,65,-8,8
20205,95,96,-1,1
20206,81,83,-2,2
20207,77,86,-9,9
20208,65,72,-7,7
20209,109,106,3,3
20210,58,63,-5,5
20211,38,55,-17,17
20212,109,105,4,4
20213,128,122,6,6
20214,68,70,-2,2
20215,134,128,6,6
20216,80,84,-4,4
20217,197,179,18,18
20218,105,104,1,1
20219,78,82,-4,4
20220,99,112,-13,13
20221,88,85,3,3
20222,105,101,4,4
20223,63,77,-14,14
20224,76,100,-24,24
20225,80,83,-3,3
20226,68,78,-10,10
20227,97,97,0,0
20228,107,100,7,7
20229,96,80,16,16
20230,120,124,-4,4
20231,110,101,9,9
20232,67,77,-10,10
20233,154,136,18,18
20234,133,113,20,20
20235,98,91,7,7
20236,93,90,3,3
20237,93,95,-2,2
20238,95,97,-2,2
20239,96,91,5,5
20240,66,74,-8,8
20241,54,65,-11,11
20242,89,90,-1,1
20243,165,148,17,17
20244,189,171,18,18
20245,62,74,-12,12
20246,49,62,-13,13
20247,59,64,-5,5
20248,82,83,-1,1
20249,75,81,-6,6
20250,121,109,12,12
20251,116,110,6,6
20252,185,186,-1,1
20253,139,132,7,7
20254,73,80,-7,7
20255,147,142,5,5
20256,109,115,-6,6
20257,119,113,6,6
20258,83,81,2,2
20259,122,123,-1,1
20260,84,93,-9,9
20261,130,120,10,10
20262,137,138,-1,1
20263,96,98,-2,2
20264,81,83,-2,2
20265,123,112,11,11
20266,83,76,7,7
20267,104,101,3,3
20268,121,104,17,17
20269,130,117,13,13
20270,104,96,8,8
20271,107,98,9,9
20272,121,109,12,12
20273,76,81,-5,5
20274,59,69,-10,10
20275,127,125,2,2
20276,179,178,1,1
20277,70,78,-8,8
20278,83,85,-2,2
20279,83,89,-6,6
20280,52,73,-21,21
20281,58,72,-14,14
20282,116,117,-1,1
20283,57,71,-14,14
20284,107,104,3,3
20285,164,159,5,5
20286,110,103,7,7
20287,101,99,2,2
20288,159,145,14,14
20289,103,109,-6,6
20290,133,135,-2,2
20291,59,80,-21,21
20292,93,102,-9,9
20293,129,116,13,13
20294,49,70,-21,21
20295,98,97,1,1
20296,100,97,3,3
20297,131,125,6,6
20298,140,140,0,0
20299,87,85,2,2
20300,138,125,13,13
20301,145,141,4,4
20302,124,112,12,12
20303,111,106,5,5
20304,128,118,10,10
20305,83,79,4,4
20306,90,101,-11,11
20307,96,98,-2,2
20308,160,147,13,13
20309,75,82,-7,7
20310,83,88,-5,5
20311,115,108,7,7
20312,78,85,-7,7
20313,91,90,1,1
20314,60,65,-5,5
20315,92,89,3,3
20316,107,97,10,10
20317,94,102,-8,8
20318,75,105,-30,30
20319,60,69,-9,9
20320,58,71,-13,13
20321,103,100,3,3
20322,68,72,-4,4
20323,141,126,15,15
20324,89,96,-7,7
20325,172,156,16,16
20326,147,142,5,5
20327,94,85,9,9
20328,128,121,7,7
20329,76,81,-5,5
20330,97,90,7,7
20331,110,108,2,2
20332,89,88,1,1
20333,72,70,2,2
20334,104,109,-5,5
20335,82,103,-21,21
20336,87,86,1,1
20337,96,98,-2,2
20338,94,103,-9,9
20339,158,143,15,15
20340,102,100,2,2
20341,62,73,-11,11
20342,53,66,-13,13
20343,98,96,2,2
20344,96,92,4,4
20345,79,85,-6,6
20346,131,116,15,15
20347,44,62,-18,18
20348,102,92,10,10
20349,69,75,-6,6
20350,106,108,-2,2
20351,128,132,-4,4
20352,49,67,-18,18
20353,123,110,13,13
20354,191,162,29,29
20355,116,101,15,15
20356,127,117,10,10
20357,42,56,-14,14
20358,124,100,24,24
20359,92,97,-5,5
20360,143,130,13,13
20361,68,74,-6,6
20362,111,104,7,7
20363,120,126,-6,6
20364,93,90,3,3
20365,46,63,-17,17
20366,116,114,2,2
20367,84,86,-2,2
20368,39,55,-16,16
20369,70,67,3,3
20370,59,77,-18,18
20371,107,124,-17,17
20372,59,67,-8,8
20373,115,108,7,7
20374,92,98,-6,6
20375,105,113,-8,8
20376,110,102,8,8
20377,60,64,-4,4
20378,119,105,14,14
20379,106,108,-2,2
20380,90,91,-1,1
20381,63,72,-9,9
20382,103,97,6,6
20383,105,108,-3,3
20384,98,101,-3,3
20385,48,58,-10,10
20386,110,130,-20,20
20387,119,103,16,16
20388,86,91,-5,5
20389,82,97,-15,15
20390,65,72,-7,7
20391,89,88,1,1
20392,118,119,-1,1
20393,146,131,15,15
20394,65,77,-12,12
20395,125,121,4,4
20396,87,89,-2,2
20397,89,96,-7,7
20398,75,76,-1,1
20399,87,85,2,2
20400,130,126,4,4
20401,51,62,-11,11
20402,129,130,-1,1
20403,81,81,0,0
20404,80,77,3,3
20405,66,77,-11,11
20406,47,62,-15,15
20407,103,102,1,1
20408,77,91,-14,14
20409,60,74,-14,14
20410,133,126,7,7
20411,66,72,-6,6
20412,161,147,14,14
20413,101,104,-3,3
20414,80,91,-11,11
20415,124,125,-1,1
20416,140,133,7,7
20417,120,107,13,13
20418,141,130,11,11
20419,90,90,0,0
20420,54,65,-11,11
20421,63,67,-4,4
20422,115,115,0,0
20423,59,73,-14,14
20424,68,78,-10,10
20425,51,62,-11,11
20426,56,66,-10,10
20427,69,83,-14,14
20428,71,78,-7,7
20429,103,103,0,0
20430,94,98,-4,4
20431,157,168,-11,11
20432,122,112,10,10
20433,111,109,2,2
20434,120,126,-6,6
20435,103,95,8,8
20436,62,74,-12,12
20437,130,127,3,3
20438,81,83,-2,2
20439,166,139,27,27
20440,79,87,-8,8
20441,90,93,-3,3
20442,91,94,-3,3
20443,44,56,-12,12
20444,87,95,-8,8
20445,117,113,4,4
20446,101,107,-6,6
20447,106,114,-8,8
20448,102,94,8,8
20449,74,73,1,1
20450,175,158,17,17
20451,71,84,-13,13
20452,122,114,8,8
20453,165,151,14,14
20454,134,122,12,12
20455,192,167,25,25
20456,80,74,6,6
20457,65,71,-6,6
20458,105,108,-3,3
20459,121,111,10,10
20460,84,87,-3,3
20461,106,107,-1,1
20462,91,89,2,2
20463,174,169,5,5
20464,64,65,-1,1
20465,58,70,-12,12
20466,76,72,4,4
20467,70,75,-5,5
20468,143,134,9,9
20469,92,88,4,4
20470,94,99,-5,5
20471,95,89,6,6
20472,119,110,9,9
20473,101,96,5,5
20474,110,104,6,6
20475,144,148,-4,4
20476,129,137,-8,8
20477,79,81,-2,2
20478,99,104,-5,5
20479,85,86,-1,1
20480,142,130,12,12
20481,77,85,-8,8
20482,62,71,-9,9
20483,122,124,-2,2
20484,106,110,-4,4
20485,52,57,-5,5
20486,79,87,-8,8
20487,95,85,10,10
20488,77,82,-5,5
20489,89,89,0,0
20490,70,79,-9,9
20491,97,96,1,1
20492,100,107,-7,7
20493,79,78,1,1
20494,138,134,4,4
20495,123,110,13,13
20496,152,128,24,24
20497,135,131,4,4
20498,83,86,-3,3
20499,118,103,15,15
20500,91,86,5,5
20501,83,85,-2,2
20502,77,81,-4,4
20503,69,76,-7,7
20504,68,73,-5,5
20505,139,130,9,9
20506,171,160,11,11
20507,80,82,-2,2
20508,83,83,0,0
20509,108,102,6,6
20510,92,94,-2,2
20511,59,68,-9,9
20512,74,77,-3,3
20513,62,69,-7,7
20514,138,130,8,8
20515,55,61,-6,6
20516,85,82,3,3
20517,77,80,-3,3
20518,39,52,-13,13
20519,65,74,-9,9
20520,109,113,-4,4
20521,91,93,-2,2
20522,74,76,-2,2
20523,74,83,-9,9
20524,154,144,10,10
20525,153,143,10,10
20526,40,48,-8,8
20527,110,104,6,6
20528,63,70,-7,7
20529,114,105,9,9
20530,114,123,-9,9
20531,62,77,-15,15
20532,81,76,5,5
20533,49,60,-11,11
20534,63,68,-5,5
20535,93,91,2,2
20536,76,75,1,1
20537,146,140,6,6
20538,87,82,5,5
20539,162,146,16,16
20540,91,96,-5,5
20541,107,124,-17,17
20542,82,89,-7,7
20543,97,95,2,2
20544,42,56,-14,14
20545,81,81,0,0
20546,115,109,6,6
20547,120,113,7,7
20548,62,74,-12,12
20549,131,133,-2,2
20550,82,84,-2,2
20551,59,68,-9,9
20552,127,130,-3,3
20553,100,93,7,7
20554,92,87,5,5
20555,55,68,-13,13
20556,111,109,2,2
20557,92,92,0,0
20558,111,110,1,1
20559,189,159,30,30
20560,93,83,10,10
20561,61,66,-5,5
20562,50,57,-7,7
20563,62,69,-7,7
20564,46,63,-17,17
20565,145,139,6,6
20566,82,85,-3,3
20567,83,85,-2,2
20568,78,80,-2,2
20569,69,71,-2,2
20570,117,101,16,16
20571,142,131,11,11
20572,111,108,3,3
20573,72,77,-5,5
20574,95,91,4,4
20575,141,124,17,17
20576,179,165,14,14
20577,85,89,-4,4
20578,286,222,64,64
20579,87,81,6,6
20580,93,94,-1,1
20581,87,85,2,2
20582,49,62,-13,13
20583,87,89,-2,2
20584,143,117,26,26
20585,98,107,-9,9
20586,70,74,-4,4
20587,112,106,6,6
20588,53,64,-11,11
20589,55,66,-11,11
20590,88,86,2,2
20591,113,113,0,0
20592,86,87,-1,1
20593,59,56,3,3
20594,62,67,-5,5
20595,71,85,-14,14
20596,102,120,-18,18
20597,69,77,-8,8
20598,117,111,6,6
20599,79,84,-5,5
20600,131,131,0,0
20601,45,55,-10,10
20602,81,85,-4,4
20603,62,76,-14,14
20604,82,87,-5,5
20605,86,89,-3,3
20606,52,57,-5,5
20607,79,84,-5,5
20608,108,97,11,11
20609,62,70,-8,8
20610,94,94,0,0
20611,74,86,-12,12
20612,136,124,12,12
20613,151,136,15,15
20614,145,149,-4,4
20615,99,97,2,2
20616,169,177,-8,8
20617,69,75,-6,6
20618,54,61,-7,7
20619,93,85,8,8
20620,106,103,3,3
20621,77,81,-4,4
20622,100,108,-8,8
20623,96,105,-9,9
20624,56,64,-8,8
20625,99,92,7,7
20626,115,113,2,2
20627,90,87,3,3
20628,56,69,-13,13
20629,83,78,5,5
20630,117,107,10,10
20631,75,80,-5,5
20632,88,87,1,1
20633,80,81,-1,1
20634,150,125,25,25
20635,126,110,16,16
20636,92,94,-2,2
20637,117,109,8,8
20638,75,83,-8,8
20639,92,84,8,8
20640,72,78,-6,6
20641,45,61,-16,16
20642,55,73,-18,18
20643,123,125,-2,2
20644,127,116,11,11
20645,128,128,0,0
20646,161,151,10,10
20647,130,121,9,9
20648,87,83,4,4
20649,223,180,43,43
20650,79,85,-6,6
20651,155,139,16,16
20652,77,81,-4,4
20653,82,78,4,4
20654,101,105,-4,4
20655,89,96,-7,7
20656,106,105,1,1
20657,68,65,3,3
20658,98,96,2,2
20659,102,104,-2,2
20660,88,81,7,7
20661,102,98,4,4
20662,173,149,24,24
20663,52,72,-20,20
20664,114,110,4,4
20665,85,78,7,7
20666,86,85,1,1
20667,77,80,-3,3
20668,81,82,-1,1
20669,89,86,3,3
20670,149,140,9,9
20671,68,80,-12,12
20672,77,78,-1,1
20673,83,84,-1,1
20674,71,77,-6,6
20675,71,78,-7,7
20676,91,96,-5,5
20677,56,75,-19,19
20678,80,87,-7,7
20679,129,119,10,10
20680,95,95,0,0
20681,114,102,12,12
20682,149,132,17,17
20683,74,77,-3,3
20684,84,79,5,5
20685,72,72,0,0
20686,119,113,6,6
20687,82,78,4,4
20688,94,116,-22,22
20689,89,98,-9,9
20690,45,60,-15,15
20691,77,71,6,6
20692,169,164,5,5
20693,100,89,11,11
20694,114,104,10,10
20695,95,90,5,5
20696,97,111,-14,14
20697,224,207,17,17
20698,96,100,-4,4
20699,66,75,-9,9
20700,97,97,0,0
20701,113,107,6,6
20702,107,107,0,0
20703,59,77,-18,18
20704,148,150,-2,2
20705,66,62,4,4
20706,151,152,-1,1
20707,87,83,4,4
20708,119,108,11,11
20709,63,66,-3,3
20710,122,108,14,14
20711,75,76,-1,1
20712,142,132,10,10
20713,33,49,-16,16
20714,86,85,1,1
20715,33,48,-15,15
20716,144,119,25,25
20717,124,115,9,9
20718,77,82,-5,5
20719,144,140,4,4
20720,88,96,-8,8
20721,87,93,-6,6
20722,45,59,-14,14
20723,104,94,10,10
20724,70,78,-8,8
20725,87,85,2,2
20726,139,133,6,6
20727,136,131,5,5
20728,85,81,4,4
20729,106,107,-1,1
20730,134,122,12,12
20731,98,94,4,4
20732,77,82,-5,5
20733,131,130,1,1
20734,125,139,-14,14
20735,76,82,-6,6
20736,110,105,5,5
20737,123,108,15,15
20738,56,60,-4,4
20739,62,70,-8,8
20740,59,69,-10,10
20741,96,101,-5,5
20742,107,99,8,8
20743,126,129,-3,3
20744,114,114,0,0
20745,85,94,-9,9
20746,63,66,-3,3
20747,59,78,-19,19
20748,80,79,1,1
20749,93,89,4,4
20750,82,92,-10,10
20751,73,71,2,2
20752,133,123,10,10
20753,145,126,19,19
20754,78,81,-3,3
20755,89,90,-1,1
20756,81,85,-4,4
20757,100,98,2,2
20758,129,134,-5,5
20759,80,85,-5,5
20760,122,112,10,10
20761,26,55,-29,29
20762,151,141,10,10
20763,118,121,-3,3
20764,146,129,17,17
20765,75,78,-3,3
20766,80,101,-21,21
20767,52,70,-18,18
20768,128,110,18,18
20769,76,94,-18,18
20770,73,79,-6,6
20771,55,67,-12,12
20772,94,98,-4,4
20773,115,104,11,11
20774,70,77,-7,7
20775,125,110,15,15
20776,50,58,-8,8
20777,90,95,-5,5
20778,110,103,7,7
20779,120,120,0,0
20780,62,71,-9,9
20781,78,89,-11,11
20782,132,126,6,6
20783,46,61,-15,15
20784,140,145,-5,5
20785,97,96,1,1
20786,53,63,-10,10
20787,93,95,-2,2
20788,145,130,15,15
20789,84,87,-3,3
20790,121,120,1,1
20791,124,123,1,1
20792,65,67,-2,2
20793,129,135,-6,6
20794,111,104,7,7
20795,81,74,7,7
20796,87,76,11,11
20797,64,75,-11,11
20798,92,86,6,6
20799,74,78,-4,4
20800,78,81,-3,3
20801,72,81,-9,9
20802,101,100,1,1
20803,35,56,-21,21
20804,171,153,18,18
20805,54,60,-6,6
20806,155,162,-7,7
20807,151,146,5,5
20808,45,56,-11,11
20809,87,86,1,1
20810,115,106,9,9
20811,75,74,1,1
20812,89,91,-2,2
20813,134,119,15,15
20814,65,73,-8,8
20815,51,62,-11,11
20816,33,49,-16,16
20817,85,99,-14,14
20818,114,113,1,1
20819,120,115,5,5
20820,83,85,-2,2
20821,106,108,-2,2
20822,41,60,-19,19
20823,101,113,-12,12
20824,134,121,13,13
20825,132,129,3,3
20826,53,56,-3,3
20827,89,87,2,2
20828,120,122,-2,2
20829,106,109,-3,3
20830,165,146,19,19
20831,59,77,-18,18
20832,77,82,-5,5
20833,105,99,6,6
20834,113,110,3,3
20835,85,86,-1,1
20836,57,65,-8,8
20837,101,107,-6,6
20838,109,105,4,4
20839,129,134,-5,5
20840,75,92,-17,17
20841,143,134,9,9
20842,48,61,-13,13
20843,115,122,-7,7
20844,57,108,-51,51
20845,76,80,-4,4
20846,79,80,-1,1
20847,107,100,7,7
20848,61,71,-10,10
20849,134,130,4,4
20850,93,95,-2,2
20851,141,138,3,3
20852,81,78,3,3
20853,65,78,-13,13
20854,148,135,13,13
20855,70,82,-12,12
20856,78,91,-13,13
20857,46,57,-11,11
20858,108,109,-1,1
20859,94,93,1,1
20860,165,159,6,6
20861,83,95,-12,12
20862,131,124,7,7
20863,91,84,7,7
20864,86,117,-31,31
20865,99,100,-1,1
20866,111,95,16,16
20867,93,92,1,1
20868,82,88,-6,6
20869,60,79,-19,19
20870,89,85,4,4
20871,153,146,7,7
20872,102,100,2,2
20873,92,101,-9,9
20874,102,98,4,4
20875,118,122,-4,4
20876,75,75,0,0
20877,176,164,12,12
20878,129,117,12,12
20879,69,85,-16,16
20880,83,80,3,3
20881,124,121,3,3
20882,68,70,-2,2
20883,102,99,3,3
20884,63,69,-6,6
20885,96,107,-11,11
20886,120,128,-8,8
20887,75,85,-10,10
20888,111,112,-1,1
20889,181,159,22,22
20890,82,85,-3,3
20891,132,124,8,8
20892,48,76,-28,28
20893,75,81,-6,6
20894,64,71,-7,7
20895,41,55,-14,14
20896,64,84,-20,20
20897,97,100,-3,3
20898,77,84,-7,7
20899,91,86,5,5
20900,51,60,-9,9
20901,68,74,-6,6
20902,121,124,-3,3
20903,86,87,-1,1
20904,59,70,-11,11
20905,107,105,2,2
20906,84,92,-8,8
20907,55,62,-7,7
20908,76,96,-20,20
20909,93,85,8,8
20910,40,50,-10,10
20911,118,101,17,17
20912,156,155,1,1
20913,126,118,8,8
20914,74,76,-2,2
20915,96,97,-1,1
20916,121,116,5,5
20917,76,73,3,3
20918,122,131,-9,9
20919,89,85,4,4
20920,59,65,-6,6
20921,84,79,5,5
20922,83,83,0,0
20923,73,73,0,0
20924,63,68,-5,5
20925,64,76,-12,12
20926,125,111,14,14
20927,101,87,14,14
20928,122,130,-8,8
20929,63,71,-8,8
20930,107,106,1,1
20931,68,76,-8,8
20932,74,80,-6,6
20933,102,103,-1,1
20934,119,121,-2,2
20935,106,97,9,9
20936,66,72,-6,6
20937,87,88,-1,1
20938,85,86,-1,1
20939,66,67,-1,1
20940,145,140,5,5
20941,180,156,24,24
20942,75,82,-7,7
20943,63,77,-14,14
20944,144,140,4,4
20945,66,71,-5,5
20946,49,55,-6,6
20947,98,100,-2,2
20948,77,74,3,3
20949,105,102,3,3
20950,81,101,-20,20
20951,92,85,7,7
20952,104,108,-4,4
20953,151,144,7,7
20954,51,65,-14,14
20955,124,127,-3,3
20956,84,85,-1,1
20957,58,68,-10,10
20958,108,101,7,7
20959,41,56,-15,15
20960,151,139,12,12
20961,113,99,14,14
20962,138,125,13,13
20963,70,80,-10,10
20964,106,106,0,0
20965,95,99,-4,4
20966,121,120,1,1
20967,66,71,-5,5
20968,98,94,4,4
20969,70,77,-7,7
20970,142,134,8,8
20971,139,137,2,2
20972,62,73,-11,11
20973,138,143,-5,5
20974,70,76,-6,6
20975,138,110,28,28
20976,105,99,6,6
20977,61,67,-6,6
20978,113,116,-3,3
20979,173,146,27,27
20980,94,93,1,1
20981,90,87,3,3
20982,112,109,3,3
20983,43,54,-11,11
20984,140,138,2,2
20985,197,198,-1,1
20986,116,106,10,10
20987,229,205,24,24
20988,119,113,6,6
20989,80,71,9,9
20990,115,114,1,1
20991,61,74,-13,13
20992,41,58,-17,17
20993,101,95,6,6
20994,185,182,3,3
20995,46,57,-11,11
20996,221,195,26,26
20997,113,106,7,7
20998,60,66,-6,6
20999,116,99,17,17
21000,125,118,7,7
21001,99,96,3,3
21002,97,109,-12,12
21003,171,150,21,21
21004,79,82,-3,3
21005,73,79,-6,6
21006,80,90,-10,10
21007,148,132,16,16
21008,111,123,-12,12
21009,110,112,-2,2
21010,84,94,-10,10
21011,60,75,-15,15
21012,94,89,5,5
21013,57,66,-9,9
21014,118,117,1,1
21015,115,117,-2,2
21016,118,126,-8,8
21017,133,119,14,14
21018,67,76,-9,9
21019,148,139,9,9
21020,34,92,-58,58
21021,59,66,-7,7
21022,71,73,-2,2
21023,59,63,-4,4
21024,58,72,-14,14
21025,61,65,-4,4
21026,105,105,0,0
21027,144,136,8,8
21028,135,127,8,8
21029,120,113,7,7
21030,180,178,2,2
21031,177,150,27,27
21032,115,130,-15,15
21033,138,125,13,13
21034,113,98,15,15
21035,97,94,3,3
21036,88,82,6,6
21037,108,117,-9,9
21038,106,100,6,6
21039,81,82,-1,1
21040,105,99,6,6
21041,30,46,-16,16
21042,97,99,-2,2
21043,39,47,-8,8
21044,57,66,-9,9
21045,92,108,-16,16
21046,85,85,0,0
21047,94,87,7,7
21048,165,146,19,19
21049,119,118,1,1
21050,120,113,7,7
21051,139,123,16,16
21052,42,55,-13,13
21053,78,82,-4,4
21054,78,84,-6,6
21055,73,73,0,0
21056,84,86,-2,2
21057,159,144,15,15
21058,84,90,-6,6
21059,133,126,7,7
21060,87,92,-5,5
21061,147,129,18,18
21062,83,83,0,0
21063,51,74,-23,23
21064,107,101,6,6
21065,62,69,-7,7
21066,94,89,5,5
21067,62,71,-9,9
21068,79,82,-3,3
21069,177,150,27,27
21070,104,86,18,18
21071,85,96,-11,11
21072,100,97,3,3
21073,69,71,-2,2
21074,119,120,-1,1
21075,90,80,10,10
21076,82,79,3,3
21077,54,61,-7,7
21078,115,100,15,15
21079,74,76,-2,2
21080,113,106,7,7
21081,56,65,-9,9
21082,68,79,-11,11
21083,195,178,17,17
21084,150,128,22,22
21085,62,75,-13,13
21086,71,75,-4,4
21087,81,84,-3,3
21088,131,129,2,2
21089,90,84,6,6
21090,86,94,-8,8
21091,168,170,-2,2
21092,101,98,3,3
21093,109,103,6,6
21094,71,106,-35,35
21095,67,74,-7,7
21096,115,105,10,10
21097,95,95,0,0
21098,84,85,-1,1
21099,74,85,-11,11
21100,69,75,-6,6
21101,63,76,-13,13
21102,127,116,11,11
21103,82,93,-11,11
21104,78,80,-2,2
21105,78,84,-6,6
21106,147,137,10,10
21107,96,96,0,0
21108,72,85,-13,13
21109,65,70,-5,5
21110,107,105,2,2
21111,119,104,15,15
21112,101,97,4,4
21113,162,145,17,17
21114,119,114,5,5
21115,93,97,-4,4
21116,102,99,3,3
21117,145,137,8,8
21118,94,89,5,5
21119,83,83,0,0
21120,166,151,15,15
21121,63,73,-10,10
21122,90,90,0,0
21123,53,63,-10,10
21124,103,103,0,0
21125,117,108,9,9
21126,99,98,1,1
21127,44,49,-5,5
21128,149,137,12,12
21129,104,99,5,5
21130,225,212,13,13
21131,101,99,2,2
21132,101,99,2,2
21133,76,73,3,3
21134,80,80,0,0
21135,70,71,-1,1
21136,130,108,22,22
21137,148,136,12,12
21138,70,86,-16,16
21139,137,143,-6,6
21140,59,66,-7,7
21141,71,79,-8,8
21142,134,125,9,9
21143,116,102,14,14
21144,104,99,5,5
21145,63,76,-13,13
21146,61,67,-6,6
21147,89,109,-20,20
21148,61,66,-5,5
21149,97,99,-2,2
21150,102,98,4,4
21151,63,70,-7,7
21152,165,156,9,9
21153,88,98,-10,10
21154,112,98,14,14
21155,90,88,2,2
21156,179,166,13,13
21157,89,97,-8,8
21158,19,38,-19,19
21159,123,112,11,11
21160,111,133,-22,22
21161,89,86,3,3
21162,86,98,-12,12
21163,92,96,-4,4
21164,93,88,5,5
21165,91,89,2,2
21166,70,75,-5,5
21167,105,101,4,4
21168,85,83,2,2
21169,78,77,1,1
21170,112,109,3,3
21171,96,97,-1,1
21172,54,68,-14,14
21173,121,107,14,14
21174,131,122,9,9
21175,66,73,-7,7
21176,61,71,-10,10
21177,80,83,-3,3
21178,89,86,3,3
21179,74,72,2,2
21180,65,82,-17,17
21181,101,104,-3,3
21182,97,87,10,10
21183,108,108,0,0
21184,96,100,-4,4
21185,132,125,7,7
21186,62,67,-5,5
21187,82,80,2,2
21188,154,134,20,20
21189,82,84,-2,2
21190,50,62,-12,12
21191,68,66,2,2
21192,124,126,-2,2
21193,74,75,-1,1
21194,149,146,3,3
21195,59,66,-7,7
21196,56,63,-7,7
21197,58,69,-11,11
21198,151,151,0,0
21199,113,106,7,7
21200,74,99,-25,25
21201,71,73,-2,2
21202,86,86,0,0
21203,65,68,-3,3
21204,69,75,-6,6
21205,161,153,8,8
21206,89,92,-3,3
21207,36,50,-14,14
21208,55,61,-6,6
21209,97,94,3,3
21210,89,82,7,7
21211,64,70,-6,6
21212,98,99,-1,1
21213,89,84,5,5
21214,44,54,-10,10
21215,162,153,9,9
21216,126,131,-5,5
21217,82,84,-2,2
21218,77,87,-10,10
21219,81,85,-4,4
21220,137,129,8,8
21221,69,74,-5,5
21222,86,86,0,0
21223,67,76,-9,9
21224,101,96,5,5
21225,74,82,-8,8
21226,71,76,-5,5
21227,66,72,-6,6
21228,104,103,1,1
21229,111,121,-10,10
21230,86,91,-5,5
21231,96,96,0,0
21232,79,79,0,0
21233,183,181,2,2
21234,89,87,2,2
21235,133,118,15,15
21236,80,81,-1,1
21237,72,76,-4,4
21238,109,98,11,11
21239,107,101,6,6
21240,84,81,3,3
21241,67,68,-1,1
21242,102,97,5,5
21243,66,178,-112,112
21244,132,132,0,0
21245,103,103,0,0
21246,91,96,-5,5
21247,111,112,-1,1
21248,110,101,9,9
21249,156,154,2,2
21250,44,51,-7,7
21251,48,58,-10,10
21252,79,90,-11,11
21253,58,62,-4,4
21254,134,121,13,13
21255,105,103,2,2
21256,79,78,1,1
21257,124,159,-35,35
21258,109,99,10,10
21259,79,78,1,1
21260,66,75,-9,9
21261,93,92,1,1
21262,93,93,0,0
21263,85,96,-11,11
21264,92,90,2,2
21265,103,103,0,0
21266,104,99,5,5
21267,108,104,4,4
21268,82,81,1,1
21269,92,97,-5,5
21270,41,55,-14,14
21271,47,58,-11,11
21272,79,80,-1,1
21273,101,109,-8,8
21274,66,77,-11,11
21275,83,84,-1,1
21276,89,78,11,11
21277,55,66,-11,11
21278,137,129,8,8
21279,92,87,5,5
21280,131,125,6,6
21281,99,92,7,7
21282,100,105,-5,5
21283,82,81,1,1
21284,57,67,-10,10
21285,74,80,-6,6
21286,79,84,-5,5
21287,83,83,0,0
21288,118,110,8,8
21289,133,155,-22,22
21290,129,127,2,2
21291,70,87,-17,17
21292,145,134,11,11
21293,149,117,32,32
21294,113,116,-3,3
21295,56,73,-17,17
21296,44,55,-11,11
21297,89,98,-9,9
21298,90,95,-5,5
21299,74,74,0,0
21300,117,109,8,8
21301,65,66,-1,1
21302,48,62,-14,14
21303,92,88,4,4
21304,72,77,-5,5
21305,83,76,7,7
21306,63,73,-10,10
21307,135,115,20,20
21308,147,147,0,0
21309,142,145,-3,3
21310,122,107,15,15
21311,77,78,-1,1
21312,106,102,4,4
21313,65,74,-9,9
21314,70,71,-1,1
21315,124,112,12,12
21316,100,96,4,4
21317,56,64,-8,8
21318,72,73,-1,1
21319,83,83,0,0
21320,66,69,-3,3
21321,45,60,-15,15
21322,162,156,6,6
21323,85,89,-4,4
21324,115,115,0,0
21325,122,118,4,4
21326,72,76,-4,4
21327,68,76,-8,8
21328,65,72,-7,7
21329,84,83,1,1
21330,161,140,21,21
21331,149,135,14,14
21332,109,103,6,6
21333,57,70,-13,13
21334,85,83,2,2
21335,100,95,5,5
21336,171,132,39,39
21337,73,78,-5,5
21338,78,83,-5,5
21339,67,82,-15,15
21340,122,127,-5,5
21341,84,80,4,4
21342,171,151,20,20
21343,87,87,0,0
21344,140,119,21,21
21345,86,96,-10,10
21346,85,94,-9,9
21347,50,57,-7,7
21348,78,83,-5,5
21349,67,67,0,0
21350,81,82,-1,1
21351,75,80,-5,5
21352,91,92,-1,1
21353,119,115,4,4
21354,138,131,7,7
21355,58,67,-9,9
21356,137,126,11,11
21357,88,96,-8,8
21358,122,113,9,9
21359,106,99,7,7
21360,101,105,-4,4
21361,88,89,-1,1
21362,83,79,4,4
21363,80,82,-2,2
21364,111,110,1,1
21365,183,171,12,12
21366,73,77,-4,4
21367,97,94,3,3
21368,55,69,-14,14
21369,116,120,-4,4
21370,78,83,-5,5
21371,99,98,1,1
21372,141,126,15,15
21373,56,64,-8,8
21374,65,70,-5,5
21375,72,76,-4,4
21376,99,77,22,22
21377,96,89,7,7
21378,69,79,-10,10
21379,94,104,-10,10
21380,98,89,9,9
21381,55,69,-14,14
21382,107,104,3,3
21383,68,78,-10,10
21384,84,87,-3,3
21385,65,70,-5,5
21386,177,149,28,28
21387,62,67,-5,5
21388,182,160,22,22
21389,72,62,10,10
21390,151,143,8,8
21391,80,79,1,1
21392,122,124,-2,2
21393,136,119,17,17
21394,141,135,6,6
21395,88,85,3,3
21396,88,82,6,6
21397,127,122,5,5
21398,92,97,-5,5
21399,74,73,1,1
21400,111,105,6,6
21401,204,196,8,8
21402,111,102,9,9
21403,59,64,-5,5
21404,129,112,17,17
21405,107,102,5,5
21406,104,97,7,7
21407,76,81,-5,5
21408,113,118,-5,5
21409,110,105,5,5
21410,69,70,-1,1
21411,67,74,-7,7
21412,85,83,2,2
21413,94,96,-2,2
21414,93,87,6,6
21415,90,93,-3,3
21416,61,59,2,2
21417,56,60,-4,4
21418,114,105,9,9
21419,71,72,-1,1
21420,86,89,-3,3
21421,114,114,0,0
21422,50,60,-10,10
21423,155,146,9,9
21424,108,113,-5,5
21425,104,88,16,16
21426,89,86,3,3
21427,75,77,-2,2
21428,149,145,4,4
21429,94,87,7,7
21430,63,81,-18,18
21431,127,133,-6,6
21432,103,101,2,2
21433,90,85,5,5
21434,64,75,-11,11
21435,144,133,11,11
21436,119,109,10,10
21437,45,63,-18,18
21438,78,78,0,0
21439,45,65,-20,20
21440,113,112,1,1
21441,89,93,-4,4
21442,122,121,1,1
21443,93,94,-1,1
21444,54,65,-11,11
21445,89,83,6,6
21446,85,82,3,3
21447,101,99,2,2
21448,132,140,-8,8
21449,47,53,-6,6
21450,83,84,-1,1
21451,89,82,7,7
21452,77,77,0,0
21453,150,132,18,18
21454,130,113,17,17
21455,85,87,-2,2
21456,114,106,8,8
21457,155,149,6,6
21458,63,67,-4,4
21459,94,98,-4,4
21460,42,51,-9,9
21461,138,137,1,1
21462,78,85,-7,7
21463,79,82,-3,3
21464,95,95,0,0
21465,80,77,3,3
21466,80,90,-10,10
21467,39,55,-16,16
21468,143,128,15,15
21469,88,86,2,2
21470,47,60,-13,13
21471,70,73,-3,3
21472,174,160,14,14
21473,148,140,8,8
21474,185,156,29,29
21475,122,130,-8,8
21476,138,130,8,8
21477,99,94,5,5
21478,50,63,-13,13
21479,104,97,7,7
21480,69,74,-5,5
21481,127,119,8,8
21482,59,71,-12,12
21483,89,88,1,1
21484,81,85,-4,4
21485,64,76,-12,12
21486,124,122,2,2
21487,75,86,-11,11
21488,102,97,5,5
21489,156,144,12,12
21490,81,83,-2,2
21491,90,87,3,3
21492,58,78,-20,20
21493,153,134,19,19
21494,100,94,6,6
21495,133,119,14,14
21496,133,120,13,13
21497,68,77,-9,9
21498,104,99,5,5
21499,74,75,-1,1
21500,138,124,14,14
21501,83,85,-2,2
21502,125,135,-10,10
21503,98,99,-1,1
21504,92,89,3,3
21505,39,53,-14,14
21506,93,93,0,0
21507,47,65,-18,18
21508,72,76,-4,4
21509,138,127,11,11
21510,81,85,-4,4
21511,102,102,0,0
21512,146,136,10,10
21513,80,79,1,1
21514,76,76,0,0
21515,130,138,-8,8
21516,138,122,16,16
21517,69,80,-11,11
21518,134,116,18,18
21519,73,80,-7,7
21520,55,69,-14,14
21521,68,76,-8,8
21522,78,93,-15,15
21523,85,83,2,2
21524,118,112,6,6
21525,80,82,-2,2
21526,153,154,-1,1
21527,81,80,1,1
21528,85,86,-1,1
21529,117,112,5,5
21530,126,124,2,2
21531,34,48,-14,14
21532,72,72,0,0
21533,138,127,11,11
21534,82,85,-3,3
21535,113,115,-2,2
21536,63,73,-10,10
21537,80,73,7,7
21538,67,72,-5,5
21539,117,125,-8,8
21540,120,111,9,9
21541,75,74,1,1
21542,117,110,7,7
21543,103,106,-3,3
21544,149,153,-4,4
21545,169,165,4,4
21546,85,97,-12,12
21547,91,88,3,3
21548,121,122,-1,1
21549,95,107,-12,12
21550,123,126,-3,3
21551,36,57,-21,21
21552,71,77,-6,6
21553,106,102,4,4
21554,101,90,11,11
21555,60,79,-19,19
21556,68,72,-4,4
21557,76,77,-1,1
21558,91,86,5,5
21559,84,84,0,0
21560,97,100,-3,3
21561,75,84,-9,9
21562,44,55,-11,11
21563,78,71,7,7
21564,55,64,-9,9
21565,106,114,-8,8
21566,125,117,8,8
21567,185,164,21,21
21568,148,166,-18,18
21569,156,141,15,15
21570,128,117,11,11
21571,96,94,2,2
21572,99,92,7,7
21573,63,76,-13,13
21574,78,85,-7,7
21575,162,135,27,27
21576,75,79,-4,4
21577,103,98,5,5
21578,110,100,10,10
21579,116,108,8,8
21580,51,64,-13,13
21581,126,117,9,9
21582,37,57,-20,20
21583,109,104,5,5
21584,115,114,1,1
21585,70,72,-2,2
21586,94,101,-7,7
21587,113,107,6,6
21588,91,89,2,2
21589,71,76,-5,5
21590,55,65,-10,10
21591,63,75,-12,12
21592,59,65,-6,6
21593,81,81,0,0
21594,135,134,1,1
21595,95,93,2,2
21596,67,78,-11,11
21597,80,83,-3,3
21598,73,86,-13,13
21599,98,90,8,8
21600,104,98,6,6
21601,63,63,0,0
21602,60,62,-2,2
21603,117,110,7,7
21604,60,66,-6,6
21605,127,121,6,6
21606,121,103,18,18
21607,118,114,4,4
21608,80,81,-1,1
21609,77,80,-3,3
21610,104,97,7,7
21611,182,199,-17,17
21612,90,93,-3,3
21613,49,58,-9,9
21614,86,87,-1,1
21615,88,88,0,0
21616,114,102,12,12
21617,56,62,-6,6
21618,66,67,-1,1
21619,68,81,-13,13
21620,88,88,0,0
21621,45,75,-30,30
21622,231,214,17,17
21623,136,124,12,12
21624,69,72,-3,3
21625,123,128,-5,5
21626,60,65,-5,5
21627,72,75,-3,3
21628,84,86,-2,2
21629,123,121,2,2
21630,58,75,-17,17
21631,58,65,-7,7
21632,71,75,-4,4
21633,97,92,5,5
21634,61,68,-7,7
21635,57,68,-11,11
21636,172,160,12,12
21637,62,73,-11,11
21638,112,114,-2,2
21639,126,118,8,8
21640,85,85,0,0
21641,105,113,-8,8
21642,100,99,1,1
21643,117,127,-10,10
21644,76,87,-11,11
21645,85,85,0,0
21646,187,158,29,29
21647,145,137,8,8
21648,64,79,-15,15
21649,107,99,8,8
21650,140,133,7,7
21651,46,62,-16,16
21652,63,66,-3,3
21653,93,89,4,4
21654,111,110,1,1
21655,60,69,-9,9
21656,120,114,6,6
21657,67,76,-9,9
21658,157,144,13,13
21659,133,129,4,4
21660,112,115,-3,3
21661,119,129,-10,10
21662,86,85,1,1
21663,128,127,1,1
21664,109,101,8,8
21665,133,121,12,12
21666,62,67,-5,5
21667,167,152,15,15
21668,122,109,13,13
21669,42,54,-12,12
21670,66,71,-5,5
21671,110,105,5,5
21672,84,95,-11,11
21673,115,107,8,8
21674,174,159,15,15
21675,85,84,1,1
21676,100,97,3,3
21677,56,68,-12,12
21678,72,74,-2,2
21679,87,91,-4,4
21680,70,89,-19,19
21681,76,79,-3,3
21682,89,87,2,2
21683,69,72,-3,3
21684,175,155,20,20
21685,191,167,24,24
21686,66,69,-3,3
21687,145,139,6,6
21688,127,111,16,16
21689,54,59,-5,5
21690,70,71,-1,1
21691,67,70,-3,3
21692,77,79,-2,2
21693,119,126,-7,7
21694,38,58,-20,20
21695,77,80,-3,3
21696,49,58,-9,9
21697,63,80,-17,17
21698,40,51,-11,11
21699,69,83,-14,14
21700,35,54,-19,19
21701,93,89,4,4
21702,61,80,-19,19
21703,50,59,-9,9
21704,113,114,-1,1
21705,123,108,15,15
21706,75,79,-4,4
21707,94,89,5,5
21708,71,79,-8,8
21709,114,116,-2,2
21710,68,68,0,0
21711,129,133,-4,4
21712,61,61,0,0
21713,92,86,6,6
21714,76,74,2,2
21715,106,94,12,12
21716,123,115,8,8
21717,89,92,-3,3
21718,88,91,-3,3
21719,48,63,-15,15
21720,87,90,-3,3
21721,53,66,-13,13
21722,120,109,11,11
21723,105,106,-1,1
21724,117,107,10,10
21725,128,118,10,10
21726,173,154,19,19
21727,85,86,-1,1
21728,97,90,7,7
21729,101,96,5,5
21730,67,74,-7,7
21731,71,78,-7,7
21732,89,84,5,5
21733,85,94,-9,9
21734,83,85,-2,2
21735,78,78,0,0
21736,76,77,-1,1
21737,115,108,7,7
21738,68,71,-3,3
21739,75,76,-1,1
21740,106,96,10,10
21741,76,76,0,0
21742,123,113,10,10
21743,82,85,-3,3
21744,82,86,-4,4
21745,162,155,7,7
21746,64,76,-12,12
21747,66,63,3,3
21748,48,56,-8,8
21749,86,94,-8,8
21750,59,73,-14,14
21751,118,108,10,10
21752,75,79,-4,4
21753,138,122,16,16
21754,50,59,-9,9
21755,96,85,11,11
21756,68,74,-6,6
21757,83,84,-1,1
21758,93,107,-14,14
21759,78,85,-7,7
21760,45,54,-9,9
21761,85,86,-1,1
21762,123,110,13,13
21763,42,59,-17,17
21764,84,84,0,0
21765,123,115,8,8
21766,45,62,-17,17
21767,88,88,0,0
21768,85,85,0,0
21769,79,72,7,7
21770,75,79,-4,4
21771,125,119,6,6
21772,33,52,-19,19
21773,84,88,-4,4
21774,117,119,-2,2
21775,79,83,-4,4
21776,190,182,8,8
21777,112,109,3,3
21778,86,89,-3,3
21779,115,105,10,10
21780,74,76,-2,2
21781,85,87,-2,2
21782,28,45,-17,17
21783,45,59,-14,14
21784,115,108,7,7
21785,92,86,6,6
21786,78,77,1,1
21787,129,122,7,7
21788,119,110,9,9
21789,78,79,-1,1
21790,78,68,10,10
21791,211,188,23,23
21792,95,101,-6,6
21793,101,100,1,1
21794,163,147,16,16
21795,168,152,16,16
21796,109,105,4,4
21797,98,103,-5,5
21798,61,66,-5,5
21799,131,131,0,0
21800,74,77,-3,3
21801,66,77,-11,11
21802,130,120,10,10
21803,71,73,-2,2
21804,135,134,1,1
21805,88,85,3,3
21806,150,164,-14,14
21807,152,128,24,24
21808,117,97,20,20
21809,133,129,4,4
21810,77,82,-5,5
21811,75,72,3,3
21812,63,67,-4,4
21813,73,74,-1,1
21814,72,76,-4,4
21815,62,80,-18,18
21816,98,100,-2,2
21817,103,95,8,8
21818,167,180,-13,13
21819,73,83,-10,10
21820,68,70,-2,2
21821,104,101,3,3
21822,96,96,0,0
21823,165,158,7,7
21824,128,125,3,3
21825,147,135,12,12
21826,139,134,5,5
21827,156,138,18,18
21828,86,91,-5,5
21829,78,80,-2,2
21830,78,77,1,1
21831,89,84,5,5
21832,115,105,10,10
21833,122,116,6,6
21834,47,63,-16,16
21835,60,77,-17,17
21836,87,97,-10,10
21837,77,80,-3,3
21838,115,99,16,16
21839,105,89,16,16
21840,120,117,3,3
21841,95,88,7,7
21842,103,96,7,7
21843,57,67,-10,10
21844,132,120,12,12
21845,118,113,5,5
21846,134,114,20,20
21847,85,95,-10,10
21848,130,135,-5,5
21849,107,111,-4,4
21850,112,106,6,6
21851,63,69,-6,6
21852,176,162,14,14
21853,83,81,2,2
21854,88,97,-9,9
21855,141,123,18,18
21856,121,114,7,7
21857,119,110,9,9
21858,51,64,-13,13
21859,60,70,-10,10
21860,103,86,17,17
21861,122,110,12,12
21862,79,83,-4,4
21863,103,96,7,7
21864,86,83,3,3
21865,58,72,-14,14
21866,103,102,1,1
21867,89,84,5,5
21868,94,89,5,5
21869,115,112,3,3
21870,151,165,-14,14
21871,97,97,0,0
21872,88,86,2,2
21873,78,79,-1,1
21874,79,79,0,0
21875,51,54,-3,3
21876,77,91,-14,14
21877,98,87,11,11
21878,160,135,25,25
21879,114,113,1,1
21880,95,100,-5,5
21881,77,83,-6,6
21882,75,81,-6,6
21883,142,132,10,10
21884,72,78,-6,6
21885,150,132,18,18
21886,67,77,-10,10
21887,104,104,0,0
21888,95,99,-4,4
21889,116,107,9,9
21890,43,78,-35,35
21891,98,100,-2,2
21892,85,79,6,6
21893,93,87,6,6
21894,106,102,4,4
21895,99,97,2,2
21896,179,163,16,16
21897,61,80,-19,19
21898,77,81,-4,4
21899,64,72,-8,8
21900,90,93,-3,3
21901,106,109,-3,3
21902,67,70,-3,3
21903,102,97,5,5
21904,94,58,36,36
21905,92,88,4,4
21906,81,79,2,2
21907,84,82,2,2
21908,131,134,-3,3
21909,96,97,-1,1
21910,89,86,3,3
21911,107,100,7,7
21912,73,81,-8,8
21913,81,76,5,5
21914,69,81,-12,12
21915,73,80,-7,7
21916,150,148,2,2
21917,115,101,14,14
21918,90,85,5,5
21919,63,79,-16,16
21920,138,123,15,15
21921,125,126,-1,1
21922,111,105,6,6
21923,124,108,16,16
21924,37,53,-16,16
21925,114,112,2,2
21926,67,73,-6,6
21927,116,112,4,4
21928,134,139,-5,5
21929,58,68,-10,10
21930,75,75,0,0
21931,119,112,7,7
21932,94,87,7,7
21933,72,73,-1,1
21934,144,141,3,3
21935,86,86,0,0
21936,112,106,6,6
21937,57,62,-5,5
21938,121,127,-6,6
21939,118,110,8,8
21940,79,81,-2,2
21941,53,59,-6,6
21942,61,60,1,1
21943,90,97,-7,7
21944,114,113,1,1
21945,101,101,0,0
21946,180,171,9,9
21947,136,146,-10,10
21948,100,100,0,0
21949,107,104,3,3
21950,95,98,-3,3
21951,75,80,-5,5
21952,86,91,-5,5
21953,71,82,-11,11
21954,126,126,0,0
21955,125,117,8,8
21956,162,151,11,11
21957,71,78,-7,7
21958,60,65,-5,5
21959,118,120,-2,2
21960,104,83,21,21
21961,117,109,8,8
21962,144,131,13,13
21963,78,84,-6,6
21964,95,93,2,2
21965,157,140,17,17
21966,70,76,-6,6
21967,68,74,-6,6
21968,125,116,9,9
21969,111,93,18,18
21970,112,102,10,10
21971,118,103,15,15
21972,71,69,2,2
21973,126,110,16,16
21974,96,94,2,2
21975,59,66,-7,7
21976,82,89,-7,7
21977,101,105,-4,4
21978,80,85,-5,5
21979,61,65,-4,4
21980,89,96,-7,7
21981,107,93,14,14
21982,55,64,-9,9
21983,99,96,3,3
21984,131,134,-3,3
21985,80,79,1,1
21986,110,94,16,16
21987,94,95,-1,1
21988,32,39,-7,7
21989,105,102,3,3
21990,103,104,-1,1
21991,152,151,1,1
21992,136,119,17,17
21993,78,77,1,1
21994,68,70,-2,2
21995,68,79,-11,11
21996,36,49,-13,13
21997,111,113,-2,2
21998,64,64,0,0
21999,70,76,-6,6
22000,89,87,2,2
22001,103,100,3,3
22002,79,82,-3,3
22003,175,168,7,7
22004,103,108,-5,5
22005,84,82,2,2
22006,79,80,-1,1
22007,93,99,-6,6
22008,124,119,5,5
22009,106,103,3,3
22010,144,125,19,19
22011,100,98,2,2
22012,70,77,-7,7
22013,122,125,-3,3
22014,101,100,1,1
22015,125,117,8,8
22016,94,92,2,2
22017,134,141,-7,7
22018,69,75,-6,6
22019,119,104,15,15
22020,106,98,8,8
22021,122,119,3,3
22022,54,62,-8,8
22023,89,88,1,1
22024,76,93,-17,17
22025,86,86,0,0
22026,144,125,19,19
22027,93,83,10,10
22028,105,107,-2,2
22029,101,100,1,1
22030,81,91,-10,10
22031,85,85,0,0
22032,157,133,24,24
22033,112,115,-3,3
22034,76,81,-5,5
22035,85,95,-10,10
22036,141,119,22,22
22037,87,91,-4,4
22038,71,82,-11,11
22039,104,105,-1,1
22040,73,80,-7,7
22041,143,131,12,12
22042,92,98,-6,6
22043,80,85,-5,5
22044,98,100,-2,2
22045,80,78,2,2
22046,54,67,-13,13
22047,134,143,-9,9
22048,70,72,-2,2
22049,114,111,3,3
22050,80,74,6,6
22051,90,85,5,5
22052,82,88,-6,6
22053,103,100,3,3
22054,82,81,1,1
22055,92,90,2,2
22056,82,84,-2,2
22057,66,75,-9,9
22058,124,153,-29,29
22059,61,73,-12,12
22060,63,75,-12,12
22061,91,94,-3,3
22062,72,75,-3,3
22063,54,71,-17,17
22064,87,85,2,2
22065,104,109,-5,5
22066,61,70,-9,9
22067,125,107,18,18
22068,129,130,-1,1
22069,33,53,-20,20
22070,97,98,-1,1
22071,73,88,-15,15
22072,154,138,16,16
22073,74,75,-1,1
22074,125,124,1,1
22075,54,63,-9,9
22076,68,78,-10,10
22077,91,86,5,5
22078,68,73,-5,5
22079,92,102,-10,10
22080,117,101,16,16
22081,98,108,-10,10
22082,124,108,16,16
22083,71,78,-7,7
22084,66,72,-6,6
22085,37,54,-17,17
22086,108,101,7,7
22087,59,64,-5,5
22088,84,85,-1,1
22089,162,144,18,18
22090,108,110,-2,2
22091,120,110,10,10
22092,102,106,-4,4
22093,68,84,-16,16
22094,146,123,23,23
22095,116,115,1,1
22096,66,76,-10,10
22097,67,73,-6,6
22098,46,64,-18,18
22099,92,85,7,7
22100,150,129,21,21
22101,58,61,-3,3
22102,103,109,-6,6
22103,112,103,9,9
22104,90,98,-8,8
22105,98,97,1,1
22106,54,68,-14,14
22107,76,81,-5,5
22108,77,85,-8,8
22109,111,102,9,9
22110,118,118,0,0
22111,125,117,8,8
22112,94,99,-5,5
22113,73,79,-6,6
22114,173,167,6,6
22115,155,151,4,4
22116,120,125,-5,5
22117,86,80,6,6
22118,115,108,7,7
22119,149,134,15,15
22120,68,86,-18,18
22121,130,108,22,22
22122,65,76,-11,11
22123,63,60,3,3
22124,39,53,-14,14
22125,82,82,0,0
22126,74,71,3,3
22127,57,75,-18,18
22128,105,108,-3,3
22129,106,103,3,3
22130,126,144,-18,18
22131,113,107,6,6
22132,109,107,2,2
22133,95,99,-4,4
22134,86,79,7,7
22135,99,95,4,4
22136,65,76,-11,11
22137,70,76,-6,6
22138,66,70,-4,4
22139,45,54,-9,9
22140,77,82,-5,5
22141,50,62,-12,12
22142,105,101,4,4
22143,101,112,-11,11
22144,62,73,-11,11
22145,82,95,-13,13
22146,69,67,2,2
22147,122,134,-12,12
22148,147,139,8,8
22149,220,216,4,4
22150,69,73,-4,4
22151,93,88,5,5
22152,111,106,5,5
22153,152,149,3,3
22154,124,122,2,2
22155,43,54,-11,11
22156,112,97,15,15
22157,83,83,0,0
22158,140,131,9,9
22159,110,106,4,4
22160,71,83,-12,12
22161,96,107,-11,11
22162,148,146,2,2
22163,53,52,1,1
22164,120,106,14,14
22165,188,180,8,8
22166,29,47,-18,18
22167,117,111,6,6
22168,104,100,4,4
22169,81,79,2,2
22170,124,123,1,1
22171,103,113,-10,10
22172,139,134,5,5
22173,79,74,5,5
22174,133,119,14,14
22175,112,112,0,0
22176,99,104,-5,5
22177,101,97,4,4
22178,75,72,3,3
22179,110,104,6,6
22180,121,117,4,4
22181,110,111,-1,1
22182,68,84,-16,16
22183,99,95,4,4
22184,67,79,-12,12
22185,72,81,-9,9
22186,151,130,21,21
22187,87,95,-8,8
22188,83,90,-7,7
22189,58,76,-18,18
22190,56,63,-7,7
22191,72,73,-1,1
22192,91,88,3,3
22193,61,65,-4,4
22194,95,83,12,12
22195,101,96,5,5
22196,98,92,6,6
22197,128,130,-2,2
22198,183,171,12,12
22199,68,76,-8,8
22200,97,95,2,2
22201,74,79,-5,5
22202,127,123,4,4
22203,91,87,4,4
22204,95,91,4,4
22205,83,83,0,0
22206,130,124,6,6
22207,143,84,59,59
22208,68,77,-9,9
22209,72,74,-2,2
22210,81,84,-3,3
22211,63,72,-9,9
22212,92,86,6,6
22213,70,85,-15,15
22214,114,117,-3,3
22215,119,119,0,0
22216,130,125,5,5
22217,94,99,-5,5
22218,104,106,-2,2
22219,99,102,-3,3
22220,55,73,-18,18
22221,111,109,2,2
22222,101,92,9,9
22223,86,85,1,1
22224,89,91,-2,2
22225,91,107,-16,16
22226,140,136,4,4
22227,74,81,-7,7
22228,82,84,-2,2
22229,103,87,16,16
22230,104,91,13,13
22231,75,85,-10,10
22232,92,101,-9,9
22233,53,64,-11,11
22234,74,84,-10,10
22235,38,50,-12,12
22236,141,131,10,10
22237,91,101,-10,10
22238,97,90,7,7
22239,115,107,8,8
22240,141,136,5,5
22241,72,83,-11,11
22242,87,90,-3,3
22243,114,110,4,4
22244,96,88,8,8
22245,68,82,-14,14
22246,123,124,-1,1
22247,91,86,5,5
22248,91,85,6,6
22249,116,116,0,0
22250,49,76,-27,27
22251,57,66,-9,9
22252,124,122,2,2
22253,88,97,-9,9
22254,129,125,4,4
22255,55,62,-7,7
22256,188,165,23,23
22257,64,72,-8,8
22258,71,76,-5,5
22259,45,56,-11,11
22260,93,104,-11,11
22261,68,73,-5,5
22262,161,166,-5,5
22263,69,83,-14,14
22264,113,114,-1,1
22265,74,86,-12,12
22266,58,68,-10,10
22267,149,147,2,2
22268,49,59,-10,10
22269,96,95,1,1
22270,122,111,11,11
22271,92,84,8,8
22272,124,125,-1,1
22273,93,96,-3,3
22274,149,148,1,1
22275,179,163,16,16
22276,147,145,2,2
22277,121,117,4,4
22278,62,67,-5,5
22279,50,60,-10,10
22280,54,60,-6,6
22281,104,97,7,7
22282,73,75,-2,2
22283,101,101,0,0
22284,71,80,-9,9
22285,90,91,-1,1
22286,71,74,-3,3
22287,72,78,-6,6
22288,61,87,-26,26
22289,65,68,-3,3
22290,81,84,-3,3
22291,37,60,-23,23
22292,65,75,-10,10
22293,128,118,10,10
22294,55,83,-28,28
22295,55,71,-16,16
22296,131,111,20,20
22297,67,65,2,2
22298,138,132,6,6
22299,66,71,-5,5
22300,62,68,-6,6
22301,187,176,11,11
22302,127,114,13,13
22303,105,106,-1,1
22304,78,81,-3,3
22305,94,92,2,2
22306,94,94,0,0
22307,108,105,3,3
22308,135,124,11,11
22309,78,78,0,0
22310,87,90,-3,3
22311,59,65,-6,6
22312,134,144,-10,10
22313,89,86,3,3
22314,79,84,-5,5
22315,27,53,-26,26
22316,74,72,2,2
22317,56,67,-11,11
22318,121,123,-2,2
22319,88,93,-5,5
22320,145,146,-1,1
22321,99,100,-1,1
22322,127,113,14,14
22323,85,85,0,0
22324,91,81,10,10
22325,184,182,2,2
22326,76,78,-2,2
22327,86,92,-6,6
22328,88,83,5,5
22329,156,147,9,9
22330,106,104,2,2
22331,102,95,7,7
22332,106,101,5,5
22333,87,89,-2,2
22334,60,71,-11,11
22335,82,82,0,0
22336,112,104,8,8
22337,118,118,0,0
22338,75,71,4,4
22339,94,97,-3,3
22340,57,69,-12,12
22341,96,93,3,3
22342,67,71,-4,4
22343,78,90,-12,12
22344,114,102,12,12
22345,70,73,-3,3
22346,60,70,-10,10
22347,91,90,1,1
22348,86,83,3,3
22349,84,86,-2,2
22350,75,78,-3,3
22351,133,136,-3,3
22352,193,171,22,22
22353,68,74,-6,6
22354,139,133,6,6
22355,57,79,-22,22
22356,110,109,1,1
22357,83,95,-12,12
22358,159,131,28,28
22359,110,104,6,6
22360,150,132,18,18
22361,95,100,-5,5
22362,139,124,15,15
22363,72,73,-1,1
22364,147,131,16,16
22365,89,84,5,5
22366,136,130,6,6
22367,47,54,-7,7
22368,158,153,5,5
22369,111,114,-3,3
22370,99,92,7,7
22371,112,105,7,7
22372,82,90,-8,8
22373,38,51,-13,13
22374,82,81,1,1
22375,80,84,-4,4
22376,119,103,16,16
22377,68,77,-9,9
22378,117,112,5,5
22379,76,77,-1,1
22380,94,94,0,0
22381,68,75,-7,7
22382,49,54,-5,5
22383,59,67,-8,8
22384,135,137,-2,2
22385,111,107,4,4
22386,102,93,9,9
22387,118,118,0,0
22388,90,86,4,4
22389,62,72,-10,10
22390,104,97,7,7
22391,120,109,11,11
22392,105,104,1,1
22393,131,126,5,5
22394,103,110,-7,7
22395,117,110,7,7
22396,92,92,0,0
22397,70,76,-6,6
22398,108,107,1,1
22399,71,74,-3,3
22400,58,71,-13,13
22401,91,79,12,12
22402,98,91,7,7
22403,40,59,-19,19
22404,92,85,7,7
22405,100,102,-2,2
22406,138,140,-2,2
22407,132,114,18,18
22408,101,105,-4,4
22409,71,80,-9,9
22410,86,84,2,2
22411,107,102,5,5
22412,85,85,0,0
22413,68,76,-8,8
22414,80,82,-2,2
22415,125,116,9,9
22416,99,91,8,8
22417,122,111,11,11
22418,190,166,24,24
22419,109,94,15,15
22420,83,77,6,6
22421,121,137,-16,16
22422,79,93,-14,14
22423,142,152,-10,10
22424,63,69,-6,6
22425,66,72,-6,6
22426,114,100,14,14
22427,80,79,1,1
22428,72,74,-2,2
22429,190,179,11,11
22430,91,89,2,2
22431,152,140,12,12
22432,74,70,4,4
22433,88,92,-4,4
22434,181,180,1,1
22435,118,114,4,4
22436,131,120,11,11
22437,64,105,-41,41
22438,86,86,0,0
22439,74,84,-10,10
22440,79,82,-3,3
22441,99,98,1,1
22442,169,161,8,8
22443,68,68,0,0
22444,79,79,0,0
22445,181,160,21,21
22446,119,107,12,12
22447,120,112,8,8
22448,67,80,-13,13
22449,67,81,-14,14
22450,76,77,-1,1
22451,87,85,2,2
22452,91,102,-11,11
22453,161,146,15,15
22454,58,66,-8,8
22455,57,70,-13,13
22456,95,96,-1,1
22457,63,74,-11,11
22458,64,70,-6,6
22459,55,66,-11,11
22460,136,144,-8,8
22461,107,103,4,4
22462,83,90,-7,7
22463,52,69,-17,17
22464,127,135,-8,8
22465,90,92,-2,2
22466,141,129,12,12
22467,87,94,-7,7
22468,99,98,1,1
22469,67,71,-4,4
22470,79,82,-3,3
22471,102,102,0,0
22472,168,167,1,1
22473,154,148,6,6
22474,118,115,3,3
22475,68,82,-14,14
22476,109,106,3,3
22477,41,56,-15,15
22478,65,76,-11,11
22479,108,102,6,6
22480,26,47,-21,21
22481,99,107,-8,8
22482,137,132,5,5
22483,180,172,8,8
22484,223,174,49,49
22485,103,103,0,0
22486,91,91,0,0
22487,120,110,10,10
22488,73,76,-3,3
22489,69,80,-11,11
22490,76,83,-7,7
22491,73,70,3,3
22492,41,52,-11,11
22493,143,145,-2,2
22494,121,131,-10,10
22495,97,107,-10,10
22496,86,93,-7,7
22497,80,86,-6,6
22498,105,112,-7,7
22499,111,101,10,10
22500,133,137,-4,4
22501,120,115,5,5
22502,156,162,-6,6
22503,100,105,-5,5
22504,41,54,-13,13
22505,94,99,-5,5
22506,59,66,-7,7
22507,71,75,-4,4
22508,68,73,-5,5
22509,102,93,9,9
22510,134,127,7,7
22511,60,62,-2,2
22512,169,138,31,31
22513,80,84,-4,4
22514,126,145,-19,19
22515,146,131,15,15
22516,128,131,-3,3
22517,67,68,-1,1
22518,92,98,-6,6
22519,72,77,-5,5
22520,79,82,-3,3
22521,102,94,8,8
22522,62,70,-8,8
22523,59,68,-9,9
22524,116,102,14,14
22525,96,94,2,2
22526,86,87,-1,1
22527,68,80,-12,12
22528,90,94,-4,4
22529,90,82,8,8
22530,141,129,12,12
22531,109,106,3,3
22532,51,76,-25,25
22533,107,99,8,8
22534,130,122,8,8
22535,103,100,3,3
22536,49,66,-17,17
22537,106,97,9,9
22538,87,88,-1,1
22539,68,72,-4,4
22540,88,88,0,0
22541,79,87,-8,8
22542,104,96,8,8
22543,94,94,0,0
22544,123,111,12,12
22545,98,90,8,8
22546,123,116,7,7
22547,104,103,1,1
22548,60,73,-13,13
22549,70,79,-9,9
22550,89,86,3,3
22551,122,108,14,14
22552,55,62,-7,7
22553,141,129,12,12
22554,80,82,-2,2
22555,97,98,-1,1
22556,126,111,15,15
22557,73,81,-8,8
22558,63,76,-13,13
22559,151,132,19,19
22560,109,102,7,7
22561,161,154,7,7
22562,80,81,-1,1
22563,126,111,15,15
22564,89,88,1,1
22565,95,88,7,7
22566,163,142,21,21
22567,121,107,14,14
22568,80,84,-4,4
22569,79,73,6,6
22570,94,88,6,6
22571,143,130,13,13
22572,95,93,2,2
22573,108,103,5,5
22574,94,98,-4,4
22575,102,95,7,7
22576,84,89,-5,5
22577,80,82,-2,2
22578,135,126,9,9
22579,98,86,12,12
22580,113,113,0,0
22581,85,110,-25,25
22582,97,94,3,3
22583,67,70,-3,3
22584,135,128,7,7
22585,31,44,-13,13
22586,154,146,8,8
22587,136,131,5,5
22588,35,49,-14,14
22589,145,132,13,13
22590,76,75,1,1
22591,89,95,-6,6
22592,84,94,-10,10
22593,82,100,-18,18
22594,76,78,-2,2
22595,88,91,-3,3
22596,85,81,4,4
22597,109,113,-4,4
22598,165,153,12,12
22599,88,99,-11,11
22600,54,65,-11,11
22601,93,84,9,9
22602,66,72,-6,6
22603,75,82,-7,7
22604,55,64,-9,9
22605,72,80,-8,8
22606,113,107,6,6
22607,127,120,7,7
22608,53,60,-7,7
22609,94,97,-3,3
22610,90,89,1,1
22611,65,78,-13,13
22612,60,74,-14,14
22613,59,57,2,2
22614,107,100,7,7
22615,93,102,-9,9
22616,128,118,10,10
22617,55,66,-11,11
22618,93,94,-1,1
22619,79,77,2,2
22620,148,130,18,18
22621,129,123,6,6
22622,51,67,-16,16
22623,92,97,-5,5
22624,93,108,-15,15
22625,114,118,-4,4
22626,72,78,-6,6
22627,92,98,-6,6
22628,81,80,1,1
22629,69,83,-14,14
22630,93,87,6,6
22631,189,179,10,10
22632,71,77,-6,6
22633,87,86,1,1
22634,48,79,-31,31
22635,94,92,2,2
22636,116,129,-13,13
22637,62,75,-13,13
22638,240,212,28,28
22639,104,99,5,5
22640,80,87,-7,7
22641,66,63,3,3
22642,100,97,3,3
22643,133,126,7,7
22644,103,97,6,6
22645,137,138,-1,1
22646,165,150,15,15
22647,125,119,6,6
22648,86,83,3,3
22649,95,91,4,4
22650,103,111,-8,8
22651,140,122,18,18
22652,95,97,-2,2
22653,68,79,-11,11
22654,52,62,-10,10
22655,77,79,-2,2
22656,121,110,11,11
22657,107,105,2,2
22658,98,96,2,2
22659,100,97,3,3
22660,81,83,-2,2
22661,46,55,-9,9
22662,162,157,5,5
22663,136,127,9,9
22664,85,89,-4,4
22665,83,79,4,4
22666,135,123,12,12
22667,39,49,-10,10
22668,61,69,-8,8
22669,73,69,4,4
22670,87,81,6,6
22671,76,81,-5,5
22672,84,99,-15,15
22673,94,84,10,10
22674,163,163,0,0
22675,80,90,-10,10
22676,86,102,-16,16
22677,152,135,17,17
22678,100,108,-8,8
22679,75,75,0,0
22680,92,88,4,4
22681,84,85,-1,1
22682,144,133,11,11
22683,69,73,-4,4
22684,109,110,-1,1
22685,109,96,13,13
22686,88,76,12,12
22687,67,73,-6,6
22688,115,106,9,9
22689,125,128,-3,3
22690,95,98,-3,3
22691,87,85,2,2
22692,98,97,1,1
22693,83,96,-13,13
22694,101,98,3,3
22695,51,55,-4,4
22696,108,102,6,6
22697,136,134,2,2
22698,208,202,6,6
22699,121,115,6,6
22700,84,82,2,2
22701,86,83,3,3
22702,148,150,-2,2
22703,110,112,-2,2
22704,117,115,2,2
22705,96,96,0,0
22706,69,74,-5,5
22707,137,129,8,8
22708,66,67,-1,1
22709,89,79,10,10
22710,44,59,-15,15
22711,136,124,12,12
22712,128,111,17,17
22713,73,75,-2,2
22714,155,155,0,0
22715,89,77,12,12
22716,87,78,9,9
22717,147,135,12,12
22718,64,69,-5,5
22719,37,49,-12,12
22720,122,116,6,6
22721,44,57,-13,13
22722,126,121,5,5
22723,60,73,-13,13
22724,148,141,7,7
22725,134,127,7,7
22726,87,81,6,6
22727,135,137,-2,2
22728,90,91,-1,1
22729,60,64,-4,4
22730,86,79,7,7
22731,150,148,2,2
22732,59,77,-18,18
22733,111,101,10,10
22734,54,61,-7,7
22735,158,140,18,18
22736,135,116,19,19
22737,32,48,-16,16
22738,63,69,-6,6
22739,117,100,17,17
22740,83,90,-7,7
22741,54,67,-13,13
22742,151,144,7,7
22743,64,72,-8,8
22744,44,56,-12,12
22745,138,129,9,9
22746,48,67,-19,19
22747,123,110,13,13
22748,97,98,-1,1
22749,59,67,-8,8
22750,96,98,-2,2
22751,19,43,-24,24
22752,112,109,3,3
22753,131,140,-9,9
22754,153,151,2,2
22755,100,99,1,1
22756,183,175,8,8
22757,121,111,10,10
22758,129,121,8,8
22759,93,101,-8,8
22760,89,94,-5,5
22761,92,90,2,2
22762,81,101,-20,20
22763,133,123,10,10
22764,77,85,-8,8
22765,63,71,-8,8
22766,66,68,-2,2
22767,74,84,-10,10
22768,150,150,0,0
22769,76,86,-10,10
22770,68,70,-2,2
22771,73,75,-2,2
22772,93,92,1,1
22773,90,80,10,10
22774,81,95,-14,14
22775,59,63,-4,4
22776,160,139,21,21
22777,47,55,-8,8
22778,109,130,-21,21
22779,133,123,10,10
22780,114,114,0,0
22781,89,83,6,6
22782,86,83,3,3
22783,95,87,8,8
22784,149,152,-3,3
22785,86,83,3,3
22786,112,108,4,4
22787,61,103,-42,42
22788,32,50,-18,18
22789,141,137,4,4
22790,106,99,7,7
22791,62,72,-10,10
22792,98,97,1,1
22793,169,136,33,33
22794,75,89,-14,14
22795,113,106,7,7
22796,69,76,-7,7
22797,54,66,-12,12
22798,72,82,-10,10
22799,140,144,-4,4
22800,86,92,-6,6
22801,106,101,5,5
22802,81,82,-1,1
22803,109,99,10,10
22804,120,102,18,18
22805,103,93,10,10
22806,201,173,28,28
22807,115,131,-16,16
22808,94,83,11,11
22809,110,119,-9,9
22810,90,91,-1,1
22811,117,105,12,12
22812,80,78,2,2
22813,136,128,8,8
22814,95,97,-2,2
22815,121,106,15,15
22816,38,52,-14,14
22817,100,89,11,11
22818,83,86,-3,3
22819,102,99,3,3
22820,100,96,4,4
22821,67,75,-8,8
22822,88,114,-26,26
22823,68,71,-3,3
22824,145,141,4,4
22825,86,84,2,2
22826,107,98,9,9
22827,85,97,-12,12
22828,102,102,0,0
22829,132,127,5,5
22830,61,68,-7,7
22831,70,70,0,0
22832,91,94,-3,3
22833,139,137,2,2
22834,51,59,-8,8
22835,39,52,-13,13
22836,100,88,12,12
22837,93,95,-2,2
22838,89,96,-7,7
22839,92,99,-7,7
22840,35,48,-13,13
22841,93,87,6,6
22842,64,73,-9,9
22843,62,64,-2,2
22844,102,86,16,16
22845,101,99,2,2
22846,93,94,-1,1
22847,63,69,-6,6
22848,88,88,0,0
22849,80,85,-5,5
22850,134,99,35,35
22851,77,81,-4,4
22852,73,78,-5,5
22853,57,68,-11,11
22854,118,91,27,27
22855,134,132,2,2
22856,127,122,5,5
22857,88,89,-1,1
22858,91,88,3,3
22859,110,106,4,4
22860,46,58,-12,12
22861,105,101,4,4
22862,103,104,-1,1
22863,108,98,10,10
22864,93,99,-6,6
22865,75,84,-9,9
22866,131,126,5,5
22867,130,129,1,1
22868,89,87,2,2
22869,49,101,-52,52
22870,120,123,-3,3
22871,151,156,-5,5
22872,92,91,1,1
22873,77,86,-9,9
22874,126,130,-4,4
22875,100,99,1,1
22876,54,63,-9,9
22877,110,99,11,11
22878,133,127,6,6
22879,119,120,-1,1
22880,126,113,13,13
22881,42,55,-13,13
22882,63,72,-9,9
22883,170,166,4,4
22884,68,84,-16,16
22885,114,106,8,8
22886,115,104,11,11
22887,64,75,-11,11
22888,90,89,1,1
22889,126,109,17,17
22890,72,87,-15,15
22891,116,135,-19,19
22892,151,154,-3,3
22893,98,85,13,13
22894,135,124,11,11
22895,132,116,16,16
22896,166,148,18,18
22897,109,103,6,6
22898,73,73,0,0
22899,43,58,-15,15
22900,60,67,-7,7
22901,95,98,-3,3
22902,185,166,19,19
22903,116,112,4,4
22904,120,117,3,3
22905,117,107,10,10
22906,80,87,-7,7
22907,54,65,-11,11
22908,94,95,-1,1
22909,104,106,-2,2
22910,167,170,-3,3
22911,183,174,9,9
22912,125,126,-1,1
22913,67,72,-5,5
22914,127,110,17,17
22915,108,103,5,5
22916,110,105,5,5
22917,72,76,-4,4
22918,76,80,-4,4
22919,60,64,-4,4
22920,127,110,17,17
22921,60,62,-2,2
22922,117,110,7,7
22923,62,71,-9,9
22924,98,93,5,5
22925,64,71,-7,7
22926,90,85,5,5
22927,155,151,4,4
22928,69,73,-4,4
22929,91,86,5,5
22930,91,85,6,6
22931,97,92,5,5
22932,116,105,11,11
22933,100,99,1,1
22934,81,86,-5,5
22935,77,78,-1,1
22936,46,52,-6,6
22937,86,97,-11,11
22938,98,91,7,7
22939,128,100,28,28
22940,53,63,-10,10
22941,86,87,-1,1
22942,106,106,0,0
22943,118,109,9,9
22944,132,131,1,1
22945,179,176,3,3
22946,72,74,-2,2
22947,57,63,-6,6
22948,159,151,8,8
22949,56,69,-13,13
22950,90,98,-8,8
22951,84,87,-3,3
22952,120,121,-1,1
22953,99,90,9,9
22954,121,107,14,14
22955,96,100,-4,4
22956,46,65,-19,19
22957,84,93,-9,9
22958,79,82,-3,3
22959,165,152,13,13
22960,72,79,-7,7
22961,75,79,-4,4
22962,116,113,3,3
22963,117,118,-1,1
22964,95,88,7,7
22965,138,133,5,5
22966,64,72,-8,8
22967,70,77,-7,7
22968,51,60,-9,9
22969,74,85,-11,11
22970,105,103,2,2
22971,137,132,5,5
22972,93,89,4,4
22973,72,81,-9,9
22974,83,81,2,2
22975,113,102,11,11
22976,97,94,3,3
22977,76,78,-2,2
22978,65,70,-5,5
22979,159,146,13,13
22980,72,75,-3,3
22981,127,114,13,13
22982,94,92,2,2
22983,83,85,-2,2
22984,84,87,-3,3
22985,60,69,-9,9
22986,100,101,-1,1
22987,108,107,1,1
22988,118,110,8,8
22989,76,78,-2,2
22990,87,81,6,6
22991,50,60,-10,10
22992,38,52,-14,14
22993,146,127,19,19
22994,114,110,4,4
22995,52,60,-8,8
22996,84,88,-4,4
22997,122,124,-2,2
22998,102,96,6,6
22999,181,165,16,16
23000,98,90,8,8
23001,39,56,-17,17
23002,84,74,10,10
23003,145,111,34,34
23004,124,125,-1,1
23005,110,113,-3,3
23006,57,66,-9,9
23007,88,87,1,1
23008,64,68,-4,4
23009,195,179,16,16
23010,131,133,-2,2
23011,124,117,7,7
23012,79,99,-20,20
23013,66,70,-4,4
23014,100,105,-5,5
23015,82,80,2,2
23016,81,87,-6,6
23017,85,83,2,2
23018,192,185,7,7
23019,112,109,3,3
23020,166,154,12,12
23021,101,98,3,3
23022,82,78,4,4
23023,89,79,10,10
23024,94,87,7,7
23025,79,89,-10,10
23026,108,111,-3,3
23027,117,106,11,11
23028,123,116,7,7
23029,81,82,-1,1
23030,87,83,4,4
23031,66,70,-4,4
23032,35,52,-17,17
23033,102,95,7,7
23034,145,128,17,17
23035,62,68,-6,6
23036,121,109,12,12
23037,69,73,-4,4
23038,142,129,13,13
23039,74,72,2,2
23040,92,86,6,6
23041,63,65,-2,2
23042,71,79,-8,8
23043,148,129,19,19
23044,72,83,-11,11
23045,75,80,-5,5
23046,118,117,1,1
23047,103,106,-3,3
23048,136,119,17,17
23049,126,127,-1,1
23050,93,98,-5,5
23051,101,100,1,1
23052,133,123,10,10
23053,83,90,-7,7
23054,91,94,-3,3
23055,52,57,-5,5
23056,100,98,2,2
23057,88,86,2,2
23058,80,87,-7,7
23059,83,95,-12,12
23060,90,87,3,3
23061,69,98,-29,29
23062,85,80,5,5
23063,107,97,10,10
23064,103,95,8,8
23065,60,69,-9,9
23066,152,148,4,4
23067,40,52,-12,12
23068,87,85,2,2
23069,78,77,1,1
23070,145,142,3,3
23071,47,58,-11,11
23072,139,122,17,17
23073,94,90,4,4
23074,138,144,-6,6
23075,115,99,16,16
23076,94,95,-1,1
23077,106,102,4,4
23078,85,91,-6,6
23079,82,82,0,0
23080,61,66,-5,5
23081,160,149,11,11
23082,157,161,-4,4
23083,87,93,-6,6
23084,135,122,13,13
23085,120,115,5,5
23086,104,99,5,5
23087,165,141,24,24
23088,88,88,0,0
23089,67,77,-10,10
23090,87,84,3,3
23091,66,75,-9,9
23092,74,75,-1,1
23093,76,81,-5,5
23094,62,71,-9,9
23095,79,82,-3,3
23096,91,90,1,1
23097,70,69,1,1
23098,148,132,16,16
23099,135,118,17,17
23100,74,84,-10,10
23101,78,80,-2,2
23102,93,95,-2,2
23103,124,115,9,9
23104,129,130,-1,1
23105,98,94,4,4
23106,72,75,-3,3
23107,53,68,-15,15
23108,138,133,5,5
23109,184,156,28,28
23110,85,87,-2,2
23111,82,84,-2,2
23112,105,110,-5,5
23113,99,96,3,3
23114,65,73,-8,8
23115,73,73,0,0
23116,66,68,-2,2
23117,102,102,0,0
23118,85,81,4,4
23119,188,186,2,2
23120,81,210,-129,129
23121,124,116,8,8
23122,59,69,-10,10
23123,108,102,6,6
23124,92,96,-4,4
23125,100,96,4,4
23126,105,103,2,2
23127,93,94,-1,1
23128,155,147,8,8
23129,71,73,-2,2
23130,65,65,0,0
23131,94,92,2,2
23132,122,123,-1,1
23133,70,76,-6,6
23134,65,72,-7,7
23135,160,149,11,11
23136,115,114,1,1
23137,134,131,3,3
23138,101,102,-1,1
23139,105,99,6,6
23140,93,96,-3,3
23141,94,86,8,8
23142,82,81,1,1
23143,90,88,2,2
23144,78,74,4,4
23145,145,136,9,9
23146,120,114,6,6
23147,94,95,-1,1
23148,95,86,9,9
23149,115,128,-13,13
23150,49,59,-10,10
23151,134,132,2,2
23152,88,85,3,3
23153,82,86,-4,4
23154,67,70,-3,3
23155,71,68,3,3
23156,56,73,-17,17
23157,88,85,3,3
23158,34,51,-17,17
23159,62,79,-17,17
23160,82,85,-3,3
23161,111,115,-4,4
23162,48,58,-10,10
23163,102,102,0,0
23164,143,133,10,10
23165,47,61,-14,14
23166,76,78,-2,2
23167,119,114,5,5
23168,64,68,-4,4
23169,72,73,-1,1
23170,141,132,9,9
23171,64,65,-1,1
23172,127,112,15,15
23173,72,76,-4,4
23174,111,106,5,5
23175,104,87,17,17
23176,77,86,-9,9
23177,133,136,-3,3
23178,113,104,9,9
23179,110,107,3,3
23180,89,87,2,2
23181,125,122,3,3
23182,127,110,17,17
23183,68,69,-1,1
23184,99,106,-7,7
23185,86,95,-9,9
23186,111,107,4,4
23187,118,103,15,15
23188,74,80,-6,6
23189,132,120,12,12
23190,99,90,9,9
23191,139,135,4,4
23192,107,103,4,4
23193,70,79,-9,9
23194,77,74,3,3
23195,101,103,-2,2
23196,103,102,1,1
23197,86,92,-6,6
23198,104,92,12,12
23199,100,105,-5,5
23200,150,138,12,12
23201,69,74,-5,5
23202,129,121,8,8
23203,162,160,2,2
23204,111,117,-6,6
23205,133,124,9,9
23206,87,86,1,1
23207,74,84,-10,10
23208,95,101,-6,6
23209,110,117,-7,7
23210,124,120,4,4
23211,155,143,12,12
23212,74,68,6,6
23213,80,79,1,1
23214,90,85,5,5
23215,100,99,1,1
23216,112,101,11,11
23217,81,74,7,7
23218,73,83,-10,10
23219,122,116,6,6
23220,130,119,11,11
23221,129,118,11,11
23222,123,112,11,11
23223,84,89,-5,5
23224,63,71,-8,8
23225,144,128,16,16
23226,91,154,-63,63
23227,66,79,-13,13
23228,95,93,2,2
23229,129,121,8,8
23230,75,77,-2,2
23231,152,173,-21,21
23232,119,108,11,11
23233,107,105,2,2
23234,184,168,16,16
23235,84,88,-4,4
23236,123,117,6,6
23237,167,143,24,24
23238,59,61,-2,2
23239,68,78,-10,10
23240,119,101,18,18
23241,77,73,4,4
23242,70,82,-12,12
23243,79,77,2,2
23244,114,115,-1,1
23245,75,78,-3,3
23246,64,63,1,1
23247,127,112,15,15
23248,52,64,-12,12
23249,67,66,1,1
23250,73,81,-8,8
23251,85,80,5,5
23252,63,70,-7,7
23253,88,83,5,5
23254,89,102,-13,13
23255,133,109,24,24
23256,82,85,-3,3
23257,115,102,13,13
23258,97,101,-4,4
23259,81,95,-14,14
23260,102,95,7,7
23261,68,66,2,2
23262,64,67,-3,3
23263,70,77,-7,7
23264,73,81,-8,8
23265,59,71,-12,12
23266,136,130,6,6
23267,103,106,-3,3
23268,137,117,20,20
23269,73,78,-5,5
23270,83,84,-1,1
23271,95,86,9,9
23272,138,119,19,19
23273,86,82,4,4
23274,66,87,-21,21
23275,134,159,-25,25
23276,116,106,10,10
23277,70,76,-6,6
23278,118,111,7,7
23279,131,125,6,6
23280,40,69,-29,29
23281,82,83,-1,1
23282,78,81,-3,3
23283,97,88,9,9
23284,89,96,-7,7
23285,133,122,11,11
23286,76,77,-1,1
23287,152,132,20,20
23288,92,88,4,4
23289,62,70,-8,8
23290,179,150,29,29
23291,127,110,17,17
23292,115,107,8,8
23293,54,70,-16,16
23294,136,117,19,19
23295,76,84,-8,8
23296,62,71,-9,9
23297,78,82,-4,4
23298,182,160,22,22
23299,67,70,-3,3
23300,110,100,10,10
23301,92,84,8,8
23302,150,130,20,20
23303,122,125,-3,3
23304,62,74,-12,12
23305,109,101,8,8
23306,123,109,14,14
23307,107,106,1,1
23308,50,64,-14,14
23309,62,71,-9,9
23310,115,110,5,5
23311,41,58,-17,17
23312,106,101,5,5
23313,58,67,-9,9
23314,67,69,-2,2
23315,64,66,-2,2
23316,71,93,-22,22
23317,83,90,-7,7
23318,157,171,-14,14
23319,90,93,-3,3
23320,100,108,-8,8
23321,92,96,-4,4
23322,87,101,-14,14
23323,76,92,-16,16
23324,101,105,-4,4
23325,56,59,-3,3
23326,65,73,-8,8
23327,70,76,-6,6
23328,57,66,-9,9
23329,112,139,-27,27
23330,50,73,-23,23
23331,47,66,-19,19
23332,140,153,-13,13
23333,51,58,-7,7
23334,61,77,-16,16
23335,78,80,-2,2
23336,70,70,0,0
23337,98,89,9,9
23338,152,137,15,15
23339,99,100,-1,1
23340,93,97,-4,4
23341,90,88,2,2
23342,51,62,-11,11
23343,94,87,7,7
23344,82,86,-4,4
23345,137,138,-1,1
23346,85,88,-3,3
23347,131,135,-4,4
23348,110,101,9,9
23349,70,73,-3,3
23350,99,103,-4,4
23351,146,130,16,16
23352,37,52,-15,15
23353,94,86,8,8
23354,124,118,6,6
23355,91,103,-12,12
23356,85,87,-2,2
23357,58,70,-12,12
23358,78,87,-9,9
23359,62,70,-8,8
23360,51,63,-12,12
23361,85,92,-7,7
23362,64,73,-9,9
23363,108,113,-5,5
23364,89,92,-3,3
23365,120,115,5,5
23366,131,114,17,17
23367,50,63,-13,13
23368,109,103,6,6
23369,82,83,-1,1
23370,115,106,9,9
23371,121,122,-1,1
23372,193,179,14,14
23373,66,75,-9,9
23374,125,112,13,13
23375,64,72,-8,8
23376,105,97,8,8
23377,47,63,-16,16
23378,57,76,-19,19
23379,105,97,8,8
23380,124,121,3,3
23381,90,99,-9,9
23382,126,111,15,15
23383,89,97,-8,8
23384,122,110,12,12
23385,116,110,6,6
23386,80,77,3,3
23387,92,88,4,4
23388,62,86,-24,24
23389,144,141,3,3
23390,45,62,-17,17
23391,139,135,4,4
23392,117,110,7,7
23393,99,100,-1,1
23394,98,96,2,2
23395,87,91,-4,4
23396,171,143,28,28
23397,127,103,24,24
23398,114,106,8,8
23399,100,102,-2,2
23400,71,83,-12,12
23401,143,125,18,18
23402,84,82,2,2
23403,89,86,3,3
23404,85,87,-2,2
23405,69,73,-4,4
23406,145,151,-6,6
23407,115,112,3,3
23408,116,115,1,1
23409,114,111,3,3
23410,58,61,-3,3
23411,79,79,0,0
23412,73,77,-4,4
23413,114,119,-5,5
23414,140,139,1,1
23415,92,99,-7,7
23416,111,109,2,2
23417,131,134,-3,3
23418,76,82,-6,6
23419,94,96,-2,2
23420,91,97,-6,6
23421,76,78,-2,2
23422,115,105,10,10
23423,65,68,-3,3
23424,113,116,-3,3
23425,85,90,-5,5
23426,214,212,2,2
23427,211,194,17,17
23428,41,53,-12,12
23429,78,80,-2,2
23430,161,152,9,9
23431,79,75,4,4
23432,51,66,-15,15
23433,103,105,-2,2
23434,73,80,-7,7
23435,55,67,-12,12
23436,136,115,21,21
23437,131,132,-1,1
23438,77,82,-5,5
23439,80,79,1,1
23440,110,105,5,5
23441,54,64,-10,10
23442,111,111,0,0
23443,84,87,-3,3
23444,70,72,-2,2
23445,70,71,-1,1
23446,106,103,3,3
23447,97,98,-1,1
23448,100,94,6,6
23449,135,130,5,5
23450,86,87,-1,1
23451,42,52,-10,10
23452,132,133,-1,1
23453,73,76,-3,3
23454,125,120,5,5
23455,83,85,-2,2
23456,125,120,5,5
23457,120,113,7,7
23458,110,102,8,8
23459,197,177,20,20
23460,111,102,9,9
23461,86,94,-8,8
23462,76,77,-1,1
23463,150,138,12,12
23464,115,112,3,3
23465,89,96,-7,7
23466,176,163,13,13
23467,64,75,-11,11
23468,120,109,11,11
23469,121,111,10,10
23470,64,77,-13,13
23471,49,73,-24,24
23472,70,71,-1,1
23473,112,104,8,8
23474,89,93,-4,4
23475,107,103,4,4
23476,155,149,6,6
23477,73,82,-9,9
23478,129,129,0,0
23479,161,146,15,15
23480,89,89,0,0
23481,113,110,3,3
23482,99,92,7,7
23483,127,125,2,2
23484,115,111,4,4
23485,78,79,-1,1
23486,155,163,-8,8
23487,54,61,-7,7
23488,89,88,1,1
23489,115,106,9,9
23490,82,83,-1,1
23491,165,155,10,10
23492,90,86,4,4
23493,87,90,-3,3
23494,115,105,10,10
23495,70,76,-6,6
23496,85,80,5,5
23497,101,98,3,3
23498,118,126,-8,8
23499,135,113,22,22
23500,74,77,-3,3
23501,108,116,-8,8
23502,134,129,5,5
23503,109,103,6,6
23504,77,80,-3,3
23505,71,72,-1,1
23506,78,75,3,3
23507,125,106,19,19
23508,90,92,-2,2
23509,47,53,-6,6
23510,89,90,-1,1
23511,102,95,7,7
23512,94,93,1,1
23513,137,135,2,2
23514,110,101,9,9
23515,100,98,2,2
23516,125,112,13,13
23517,57,91,-34,34
23518,120,115,5,5
23519,149,140,9,9
23520,69,79,-10,10
23521,91,96,-5,5
23522,69,74,-5,5
23523,143,132,11,11
23524,112,102,10,10
23525,108,97,11,11
23526,83,94,-11,11
23527,102,104,-2,2
23528,55,60,-5,5
23529,101,97,4,4
23530,39,52,-13,13
23531,173,170,3,3
23532,98,94,4,4
23533,136,128,8,8
23534,62,70,-8,8
23535,188,154,34,34
23536,98,97,1,1
23537,132,121,11,11
23538,89,99,-10,10
23539,106,104,2,2
23540,101,104,-3,3
23541,150,131,19,19
23542,194,174,20,20
23543,108,108,0,0
23544,78,89,-11,11
23545,70,74,-4,4
23546,93,100,-7,7
23547,65,77,-12,12
23548,113,101,12,12
23549,129,119,10,10
23550,94,96,-2,2
23551,108,100,8,8
23552,90,95,-5,5
23553,68,74,-6,6
23554,98,98,0,0
23555,96,108,-12,12
23556,85,97,-12,12
23557,137,139,-2,2
23558,112,109,3,3
23559,168,153,15,15
23560,87,95,-8,8
23561,134,123,11,11
23562,75,85,-10,10
23563,135,123,12,12
23564,81,82,-1,1
23565,96,103,-7,7
23566,91,96,-5,5
23567,104,93,11,11
23568,105,97,8,8
23569,56,64,-8,8
23570,111,103,8,8
23571,56,74,-18,18
23572,62,69,-7,7
23573,103,102,1,1
23574,144,144,0,0
23575,101,97,4,4
23576,79,80,-1,1
23577,102,94,8,8
23578,121,118,3,3
23579,140,133,7,7
23580,135,130,5,5
23581,80,79,1,1
23582,51,66,-15,15
23583,152,130,22,22
23584,94,95,-1,1
23585,52,55,-3,3
23586,78,83,-5,5
23587,82,86,-4,4
23588,75,75,0,0
23589,117,111,6,6
23590,136,128,8,8
23591,92,92,0,0
23592,55,59,-4,4
23593,126,114,12,12
23594,55,68,-13,13
23595,43,53,-10,10
23596,83,90,-7,7
23597,116,123,-7,7
23598,113,111,2,2
23599,60,69,-9,9
23600,100,104,-4,4
23601,100,104,-4,4
23602,113,106,7,7
23603,123,138,-15,15
23604,69,74,-5,5
23605,113,126,-13,13
23606,71,79,-8,8
23607,132,120,12,12
23608,151,143,8,8
23609,57,64,-7,7
23610,105,102,3,3
23611,188,178,10,10
23612,79,80,-1,1
23613,151,144,7,7
23614,137,136,1,1
23615,42,57,-15,15
23616,144,138,6,6
23617,41,57,-16,16
23618,82,85,-3,3
23619,91,87,4,4
23620,65,74,-9,9
23621,65,71,-6,6
23622,103,102,1,1
23623,116,108,8,8
23624,149,144,5,5
23625,202,180,22,22
23626,61,69,-8,8
23627,78,83,-5,5
23628,154,136,18,18
23629,87,90,-3,3
23630,93,87,6,6
23631,134,132,2,2
23632,116,116,0,0
23633,124,124,0,0
23634,148,139,9,9
23635,140,139,1,1
23636,69,71,-2,2
23637,107,105,2,2
23638,99,96,3,3
23639,137,123,14,14
23640,165,138,27,27
23641,102,94,8,8
23642,116,108,8,8
23643,95,79,16,16
23644,86,102,-16,16
23645,88,98,-10,10
23646,108,103,5,5
23647,153,151,2,2
23648,69,72,-3,3
23649,76,77,-1,1
23650,103,100,3,3
23651,79,89,-10,10
23652,129,113,16,16
23653,87,87,0,0
23654,67,76,-9,9
23655,81,83,-2,2
23656,118,112,6,6
23657,69,69,0,0
23658,63,75,-12,12
23659,77,79,-2,2
23660,113,106,7,7
23661,143,136,7,7
23662,57,66,-9,9
23663,86,88,-2,2
23664,36,61,-25,25
23665,128,105,23,23
23666,111,106,5,5
23667,68,76,-8,8
23668,60,74,-14,14
23669,90,89,1,1
23670,99,95,4,4
23671,80,82,-2,2
23672,79,88,-9,9
23673,84,89,-5,5
23674,77,72,5,5
23675,132,125,7,7
23676,94,74,20,20
23677,95,97,-2,2
23678,67,72,-5,5
23679,134,119,15,15
23680,148,141,7,7
23681,92,92,0,0
23682,85,76,9,9
23683,69,82,-13,13
23684,107,112,-5,5
23685,113,127,-14,14
23686,49,59,-10,10
23687,31,48,-17,17
23688,72,82,-10,10
23689,135,129,6,6
23690,126,117,9,9
23691,67,75,-8,8
23692,70,81,-11,11
23693,64,70,-6,6
23694,70,97,-27,27
23695,88,84,4,4
23696,66,76,-10,10
23697,80,92,-12,12
23698,82,97,-15,15
23699,85,87,-2,2
23700,128,123,5,5
23701,116,110,6,6
23702,74,70,4,4
23703,107,102,5,5
23704,74,78,-4,4
23705,133,113,20,20
23706,91,87,4,4
23707,100,98,2,2
23708,90,83,7,7
23709,41,55,-14,14
23710,117,109,8,8
23711,91,99,-8,8
23712,108,119,-11,11
23713,61,72,-11,11
23714,201,187,14,14
23715,112,104,8,8
23716,62,66,-4,4
23717,70,74,-4,4
23718,79,81,-2,2
23719,85,82,3,3
23720,138,124,14,14
23721,132,124,8,8
23722,46,62,-16,16
23723,172,166,6,6
23724,120,107,13,13
23725,120,109,11,11
23726,96,100,-4,4
23727,108,101,7,7
23728,125,127,-2,2
23729,72,83,-11,11
23730,110,97,13,13
23731,51,67,-16,16
23732,127,120,7,7
23733,109,105,4,4
23734,70,74,-4,4
23735,91,91,0,0
23736,53,72,-19,19
23737,195,185,10,10
23738,63,73,-10,10
23739,97,99,-2,2
23740,109,100,9,9
23741,116,114,2,2
23742,52,68,-16,16
23743,66,80,-14,14
23744,70,74,-4,4
23745,143,138,5,5
23746,61,112,-51,51
23747,105,96,9,9
23748,58,66,-8,8
23749,141,136,5,5
23750,64,68,-4,4
23751,126,119,7,7
23752,154,146,8,8
23753,103,94,9,9
23754,54,61,-7,7
23755,100,100,0,0
23756,99,102,-3,3
23757,84,88,-4,4
23758,67,74,-7,7
23759,51,69,-18,18
23760,118,119,-1,1
23761,139,122,17,17
23762,83,82,1,1
23763,127,122,5,5
23764,98,92,6,6
23765,86,84,2,2
23766,53,63,-10,10
23767,111,115,-4,4
23768,82,86,-4,4
23769,101,95,6,6
23770,79,82,-3,3
23771,82,90,-8,8
23772,101,92,9,9
23773,172,155,17,17
23774,49,67,-18,18
23775,144,128,16,16
23776,79,83,-4,4
23777,71,78,-7,7
23778,109,106,3,3
23779,97,91,6,6
23780,134,122,12,12
23781,139,154,-15,15
23782,103,101,2,2
23783,104,98,6,6
23784,45,63,-18,18
23785,124,128,-4,4
23786,77,85,-8,8
23787,92,95,-3,3
23788,54,61,-7,7
23789,96,97,-1,1
23790,77,74,3,3
23791,99,91,8,8
23792,46,55,-9,9
23793,128,124,4,4
23794,114,118,-4,4
23795,183,165,18,18
23796,74,82,-8,8
23797,152,133,19,19
23798,95,86,9,9
23799,84,77,7,7
23800,103,100,3,3
23801,118,110,8,8
23802,82,96,-14,14
23803,161,164,-3,3
23804,93,85,8,8
23805,91,83,8,8
23806,106,98,8,8
23807,91,85,6,6
23808,52,62,-10,10
23809,89,87,2,2
23810,80,85,-5,5
23811,112,118,-6,6
23812,69,70,-1,1
23813,68,70,-2,2
23814,219,203,16,16
23815,89,96,-7,7
23816,127,120,7,7
23817,84,98,-14,14
23818,85,82,3,3
23819,28,42,-14,14
23820,141,129,12,12
23821,92,97,-5,5
23822,130,119,11,11
23823,59,71,-12,12
23824,143,127,16,16
23825,145,129,16,16
23826,73,78,-5,5
23827,177,170,7,7
23828,169,150,19,19
23829,54,61,-7,7
23830,128,110,18,18
23831,52,68,-16,16
23832,129,128,1,1
23833,99,102,-3,3
23834,119,102,17,17
23835,75,82,-7,7
23836,119,110,9,9
23837,103,96,7,7
23838,130,125,5,5
23839,119,110,9,9
23840,100,94,6,6
23841,159,160,-1,1
23842,75,76,-1,1
23843,86,88,-2,2
23844,123,120,3,3
23845,74,81,-7,7
23846,50,67,-17,17
23847,57,57,0,0
23848,50,60,-10,10
23849,71,80,-9,9
23850,96,89,7,7
23851,76,77,-1,1
23852,130,119,11,11
23853,62,76,-14,14
23854,92,93,-1,1
23855,98,102,-4,4
23856,67,65,2,2
23857,231,220,11,11
23858,68,65,3,3
23859,59,64,-5,5
23860,82,76,6,6
23861,67,76,-9,9
23862,88,83,5,5
23863,138,111,27,27
23864,81,78,3,3
23865,117,111,6,6
23866,67,76,-9,9
23867,57,70,-13,13
23868,53,64,-11,11
23869,87,88,-1,1
23870,123,123,0,0
23871,128,124,4,4
23872,80,85,-5,5
23873,95,93,2,2
23874,105,105,0,0
23875,92,99,-7,7
23876,97,93,4,4
23877,96,103,-7,7
23878,114,101,13,13
23879,57,67,-10,10
23880,174,154,20,20
23881,98,94,4,4
23882,96,92,4,4
23883,34,63,-29,29
23884,53,63,-10,10
23885,70,75,-5,5
23886,100,102,-2,2
23887,112,113,-1,1
23888,86,93,-7,7
23889,106,97,9,9
23890,75,80,-5,5
23891,97,109,-12,12
23892,93,98,-5,5
23893,105,85,20,20
23894,108,103,5,5
23895,137,131,6,6
23896,99,102,-3,3
23897,71,75,-4,4
23898,157,148,9,9
23899,111,106,5,5
23900,102,94,8,8
23901,144,132,12,12
23902,86,84,2,2
23903,63,78,-15,15
23904,97,87,10,10
23905,30,48,-18,18
23906,77,82,-5,5
23907,111,101,10,10
23908,77,76,1,1
23909,41,54,-13,13
23910,82,88,-6,6
23911,144,130,14,14
23912,117,109,8,8
23913,94,87,7,7
23914,58,65,-7,7
23915,101,98,3,3
23916,105,97,8,8
23917,99,106,-7,7
23918,88,85,3,3
23919,69,80,-11,11
23920,67,66,1,1
23921,51,68,-17,17
23922,120,112,8,8
23923,60,67,-7,7
23924,90,88,2,2
23925,81,81,0,0
23926,163,169,-6,6
23927,142,128,14,14
23928,65,72,-7,7
23929,156,150,6,6
23930,52,58,-6,6
23931,74,73,1,1
23932,115,110,5,5
23933,126,131,-5,5
23934,48,56,-8,8
23935,129,129,0,0
23936,160,144,16,16
23937,110,113,-3,3
23938,121,122,-1,1
23939,97,92,5,5
23940,110,130,-20,20
23941,135,128,7,7
23942,153,150,3,3
23943,103,123,-20,20
23944,103,98,5,5
23945,119,108,11,11
23946,76,86,-10,10
23947,195,198,-3,3
23948,57,67,-10,10
23949,59,74,-15,15
23950,146,142,4,4
23951,91,83,8,8
23952,101,97,4,4
23953,240,193,47,47
23954,88,95,-7,7
23955,83,77,6,6
23956,77,83,-6,6
23957,82,99,-17,17
23958,82,94,-12,12
23959,119,108,11,11
23960,106,98,8,8
23961,101,107,-6,6
23962,78,83,-5,5
23963,82,82,0,0
23964,82,85,-3,3
23965,126,109,17,17
23966,87,96,-9,9
23967,96,94,2,2
23968,68,74,-6,6
23969,100,94,6,6
23970,71,81,-10,10
23971,91,101,-10,10
23972,118,113,5,5
23973,93,95,-2,2
23974,87,87,0,0
23975,75,83,-8,8
23976,64,68,-4,4
23977,94,91,3,3
23978,45,60,-15,15
23979,97,87,10,10
23980,115,104,11,11
23981,84,80,4,4
23982,139,125,14,14
23983,155,159,-4,4
23984,65,71,-6,6
23985,72,80,-8,8
23986,65,76,-11,11
23987,45,53,-8,8
23988,92,98,-6,6
23989,148,132,16,16
23990,163,141,22,22
23991,80,79,1,1
23992,131,116,15,15
23993,74,80,-6,6
23994,62,70,-8,8
23995,65,69,-4,4
23996,110,96,14,14
23997,119,90,29,29
23998,110,103,7,7
23999,89,95,-6,6
24000,104,111,-7,7
24001,110,112,-2,2
24002,83,81,2,2
24003,134,127,7,7
24004,110,111,-1,1
24005,74,81,-7,7
24006,152,145,7,7
24007,103,102,1,1
24008,47,61,-14,14
24009,104,98,6,6
24010,59,69,-10,10
24011,76,74,2,2
24012,82,88,-6,6
24013,100,101,-1,1
24014,127,122,5,5
24015,70,71,-1,1
24016,71,78,-7,7
24017,83,97,-14,14
24018,80,81,-1,1
24019,102,103,-1,1
24020,70,83,-13,13
24021,89,85,4,4
24022,75,79,-4,4
24023,104,100,4,4
24024,84,75,9,9
24025,56,65,-9,9
24026,55,69,-14,14
24027,141,150,-9,9
24028,82,85,-3,3
24029,182,164,18,18
24030,154,151,3,3
24031,86,87,-1,1
24032,78,80,-2,2
24033,91,92,-1,1
24034,115,114,1,1
24035,112,115,-3,3
24036,98,111,-13,13
24037,83,80,3,3
24038,58,68,-10,10
24039,72,75,-3,3
24040,46,59,-13,13
24041,54,62,-8,8
24042,99,98,1,1
24043,100,125,-25,25
24044,114,112,2,2
24045,56,59,-3,3
24046,49,64,-15,15
24047,63,65,-2,2
24048,63,68,-5,5
24049,72,76,-4,4
24050,97,96,1,1
24051,59,68,-9,9
24052,123,124,-1,1
24053,109,110,-1,1
24054,108,103,5,5
24055,95,100,-5,5
24056,94,89,5,5
24057,59,71,-12,12
24058,80,86,-6,6
24059,140,134,6,6
24060,102,102,0,0
24061,65,76,-11,11
24062,117,108,9,9
24063,63,62,1,1
24064,77,86,-9,9
24065,137,100,37,37
24066,114,113,1,1
24067,78,73,5,5
24068,45,57,-12,12
24069,84,89,-5,5
24070,96,108,-12,12
24071,62,71,-9,9
24072,67,80,-13,13
24073,178,156,22,22
24074,78,86,-8,8
24075,112,107,5,5
24076,99,85,14,14
24077,94,97,-3,3
24078,86,77,9,9
24079,116,108,8,8
24080,64,68,-4,4
24081,51,55,-4,4
24082,176,144,32,32
24083,120,107,13,13
24084,121,100,21,21
24085,84,84,0,0
24086,108,102,6,6
24087,97,94,3,3
24088,91,95,-4,4
24089,117,115,2,2
24090,102,94,8,8
24091,53,58,-5,5
24092,82,83,-1,1
24093,63,71,-8,8
24094,50,95,-45,45
24095,121,110,11,11
24096,33,58,-25,25
24097,75,77,-2,2
24098,98,99,-1,1
24099,95,87,8,8
24100,94,95,-1,1
24101,43,56,-13,13
24102,88,98,-10,10
24103,72,77,-5,5
24104,118,106,12,12
24105,76,84,-8,8
24106,58,65,-7,7
24107,104,88,16,16
24108,115,108,7,7
24109,63,65,-2,2
24110,105,106,-1,1
24111,59,64,-5,5
24112,58,62,-4,4
24113,146,132,14,14
24114,82,87,-5,5
24115,114,117,-3,3
24116,95,87,8,8
24117,46,61,-15,15
24118,122,106,16,16
24119,78,81,-3,3
24120,97,94,3,3
24121,111,108,3,3
24122,161,142,19,19
24123,157,155,2,2
24124,90,98,-8,8
24125,69,75,-6,6
24126,78,79,-1,1
24127,111,103,8,8
24128,56,58,-2,2
24129,83,76,7,7
24130,186,170,16,16
24131,76,84,-8,8
24132,76,83,-7,7
24133,136,132,4,4
24134,87,86,1,1
24135,87,83,4,4
24136,72,63,9,9
24137,64,76,-12,12
24138,162,155,7,7
24139,59,69,-10,10
24140,77,75,2,2
24141,58,65,-7,7
24142,65,66,-1,1
24143,103,95,8,8
24144,74,79,-5,5
24145,83,73,10,10
24146,62,71,-9,9
24147,115,101,14,14
24148,88,93,-5,5
24149,79,86,-7,7
24150,102,99,3,3
24151,76,75,1,1
24152,72,77,-5,5
24153,127,129,-2,2
24154,57,68,-11,11
24155,123,119,4,4
24156,108,102,6,6
24157,179,156,23,23
24158,56,83,-27,27
24159,129,132,-3,3
24160,76,85,-9,9
24161,160,135,25,25
24162,108,99,9,9
24163,65,71,-6,6
24164,80,80,0,0
24165,68,85,-17,17
24166,125,150,-25,25
24167,55,64,-9,9
24168,101,103,-2,2
24169,102,97,5,5
24170,151,151,0,0
24171,98,120,-22,22
24172,72,83,-11,11
24173,124,119,5,5
24174,113,102,11,11
24175,84,77,7,7
24176,51,67,-16,16
24177,73,76,-3,3
24178,58,60,-2,2
24179,103,99,4,4
24180,89,78,11,11
24181,103,106,-3,3
24182,122,118,4,4
24183,62,70,-8,8
24184,152,138,14,14
24185,49,62,-13,13
24186,76,81,-5,5
24187,107,100,7,7
24188,63,82,-19,19
24189,132,129,3,3
24190,167,106,61,61
24191,105,98,7,7
24192,160,153,7,7
24193,86,86,0,0
24194,105,97,8,8
24195,88,92,-4,4
24196,102,97,5,5
24197,102,112,-10,10
24198,101,109,-8,8
24199,48,66,-18,18
24200,131,131,0,0
24201,45,52,-7,7
24202,100,98,2,2
24203,77,77,0,0
24204,131,132,-1,1
24205,106,102,4,4
24206,115,107,8,8
24207,140,126,14,14
24208,111,117,-6,6
24209,100,99,1,1
24210,55,66,-11,11
24211,80,78,2,2
24212,98,99,-1,1
24213,61,65,-4,4
24214,106,97,9,9
24215,91,91,0,0
24216,96,92,4,4
24217,88,84,4,4
24218,79,85,-6,6
24219,108,116,-8,8
24220,108,109,-1,1
24221,137,119,18,18
24222,110,104,6,6
24223,67,73,-6,6
24224,81,79,2,2
24225,74,80,-6,6
24226,95,101,-6,6
24227,36,43,-7,7
24228,96,96,0,0
24229,80,86,-6,6
24230,86,83,3,3
24231,145,151,-6,6
24232,163,160,3,3
24233,57,62,-5,5
24234,91,97,-6,6
24235,100,102,-2,2
24236,55,58,-3,3
24237,118,110,8,8
24238,183,172,11,11
24239,79,85,-6,6
24240,82,74,8,8
24241,107,105,2,2
24242,47,59,-12,12
24243,103,105,-2,2
24244,78,82,-4,4
24245,114,113,1,1
24246,127,117,10,10
24247,65,79,-14,14
24248,149,157,-8,8
24249,72,76,-4,4
24250,75,80,-5,5
24251,99,96,3,3
24252,91,88,3,3
24253,50,68,-18,18
24254,116,108,8,8
24255,150,131,19,19
24256,136,139,-3,3
24257,145,106,39,39
24258,64,74,-10,10
24259,81,81,0,0
24260,76,76,0,0
24261,91,81,10,10
24262,64,65,-1,1
24263,52,61,-9,9
24264,85,89,-4,4
24265,93,95,-2,2
24266,80,88,-8,8
24267,84,90,-6,6
24268,71,74,-3,3
24269,73,75,-2,2
24270,54,66,-12,12
24271,87,81,6,6
24272,88,95,-7,7
24273,50,64,-14,14
24274,122,113,9,9
24275,98,97,1,1
24276,82,79,3,3
24277,173,159,14,14
24278,78,78,0,0
24279,106,99,7,7
24280,103,108,-5,5
24281,78,78,0,0
24282,57,67,-10,10
24283,125,129,-4,4
24284,103,110,-7,7
24285,100,97,3,3
24286,78,83,-5,5
24287,122,109,13,13
24288,122,127,-5,5
24289,135,123,12,12
24290,110,95,15,15
24291,174,154,20,20
24292,54,63,-9,9
24293,43,53,-10,10
24294,82,80,2,2
24295,91,82,9,9
24296,104,94,10,10
24297,148,135,13,13
24298,30,44,-14,14
24299,115,103,12,12
24300,122,112,10,10
24301,126,115,11,11
24302,68,76,-8,8
24303,119,100,19,19
24304,124,130,-6,6
24305,81,77,4,4
24306,74,74,0,0
24307,75,77,-2,2
24308,57,73,-16,16
24309,92,80,12,12
24310,79,79,0,0
24311,118,121,-3,3
24312,62,73,-11,11
24313,86,82,4,4
24314,57,59,-2,2
24315,93,104,-11,11
24316,111,99,12,12
24317,77,79,-2,2
24318,66,78,-12,12
24319,142,104,38,38
24320,117,100,17,17
24321,48,59,-11,11
24322,195,171,24,24
24323,100,99,1,1
24324,103,89,14,14
24325,59,75,-16,16
24326,76,77,-1,1
24327,108,107,1,1
24328,127,123,4,4
24329,91,86,5,5
24330,67,76,-9,9
24331,157,146,11,11
24332,120,127,-7,7
24333,79,83,-4,4
24334,95,96,-1,1
24335,103,103,0,0
24336,126,119,7,7
24337,73,100,-27,27
24338,53,67,-14,14
24339,126,124,2,2
24340,78,76,2,2
24341,128,126,2,2
24342,51,65,-14,14
24343,76,77,-1,1
24344,130,128,2,2
24345,87,92,-5,5
24346,76,83,-7,7
24347,71,72,-1,1
24348,115,107,8,8
24349,119,113,6,6
24350,75,75,0,0
24351,75,90,-15,15
24352,93,93,0,0
24353,128,131,-3,3
24354,127,151,-24,24
24355,94,96,-2,2
24356,133,119,14,14
24357,53,54,-1,1
24358,146,128,18,18
24359,117,126,-9,9
24360,74,75,-1,1
24361,126,120,6,6
24362,41,58,-17,17
24363,143,139,4,4
24364,90,88,2,2
24365,73,83,-10,10
24366,156,146,10,10
24367,72,75,-3,3
24368,59,65,-6,6
24369,27,31,-4,4
24370,93,95,-2,2
24371,87,89,-2,2
24372,44,58,-14,14
24373,182,176,6,6
24374,90,92,-2,2
24375,170,147,23,23
24376,128,121,7,7
24377,102,103,-1,1
24378,99,95,4,4
24379,106,99,7,7
24380,86,84,2,2
24381,127,111,16,16
24382,99,87,12,12
24383,101,102,-1,1
24384,155,134,21,21
24385,184,156,28,28
24386,98,96,2,2
24387,95,97,-2,2
24388,108,130,-22,22
24389,103,107,-4,4
24390,147,141,6,6
24391,100,93,7,7
24392,76,97,-21,21
24393,308,204,104,104
24394,71,66,5,5
24395,80,85,-5,5
24396,88,82,6,6
24397,92,101,-9,9
24398,105,108,-3,3
24399,63,78,-15,15
24400,89,89,0,0
24401,77,92,-15,15
24402,94,96,-2,2
24403,72,86,-14,14
24404,65,69,-4,4
24405,132,122,10,10
24406,90,86,4,4
24407,83,85,-2,2
24408,35,75,-40,40
24409,163,154,9,9
24410,73,77,-4,4
24411,117,114,3,3
24412,87,85,2,2
24413,70,77,-7,7
24414,189,172,17,17
24415,81,78,3,3
24416,59,77,-18,18
24417,110,114,-4,4
24418,103,107,-4,4
24419,89,92,-3,3
24420,90,82,8,8
24421,475,396,79,79
24422,66,67,-1,1
24423,97,99,-2,2
24424,89,84,5,5
24425,106,102,4,4
24426,81,82,-1,1
24427,143,141,2,2
24428,113,107,6,6
24429,83,90,-7,7
24430,276,231,45,45
24431,88,87,1,1
24432,91,96,-5,5
24433,179,152,27,27
24434,175,129,46,46
24435,86,87,-1,1
24436,60,70,-10,10
24437,86,86,0,0
24438,104,100,4,4
24439,144,136,8,8
24440,93,91,2,2
24441,98,97,1,1
24442,59,70,-11,11
24443,112,143,-31,31
24444,98,106,-8,8
24445,60,71,-11,11
24446,72,70,2,2
24447,42,59,-17,17
24448,57,64,-7,7
24449,138,122,16,16
24450,99,96,3,3
24451,134,132,2,2
24452,96,84,12,12
24453,101,104,-3,3
24454,88,98,-10,10
24455,79,87,-8,8
24456,61,60,1,1
24457,77,72,5,5
24458,119,118,1,1
24459,124,113,11,11
24460,77,83,-6,6
24461,81,84,-3,3
24462,70,74,-4,4
24463,120,129,-9,9
24464,90,98,-8,8
24465,88,94,-6,6
24466,49,57,-8,8
24467,70,73,-3,3
24468,90,87,3,3
24469,70,72,-2,2
24470,119,102,17,17
24471,99,97,2,2
24472,79,86,-7,7
24473,112,105,7,7
24474,63,69,-6,6
24475,40,58,-18,18
24476,145,133,12,12
24477,82,83,-1,1
24478,87,84,3,3
24479,75,78,-3,3
24480,71,74,-3,3
24481,84,82,2,2
24482,85,84,1,1
24483,101,92,9,9
24484,111,97,14,14
24485,90,94,-4,4
24486,63,68,-5,5
24487,174,171,3,3
24488,106,101,5,5
24489,64,72,-8,8
24490,33,49,-16,16
24491,100,109,-9,9
24492,185,155,30,30
24493,68,74,-6,6
24494,29,43,-14,14
24495,45,59,-14,14
24496,58,68,-10,10
24497,120,105,15,15
24498,124,110,14,14
24499,70,72,-2,2
24500,104,108,-4,4
24501,101,95,6,6
24502,92,93,-1,1
24503,81,79,2,2
24504,59,67,-8,8
24505,84,86,-2,2
24506,67,74,-7,7
24507,105,98,7,7
24508,81,83,-2,2
24509,56,66,-10,10
24510,115,115,0,0
24511,117,112,5,5
24512,95,90,5,5
24513,134,121,13,13
24514,89,94,-5,5
24515,136,134,2,2
24516,100,98,2,2
24517,95,103,-8,8
24518,73,79,-6,6
24519,58,72,-14,14
24520,157,142,15,15
24521,77,79,-2,2
24522,54,54,0,0
24523,90,101,-11,11
24524,85,94,-9,9
24525,71,72,-1,1
24526,73,77,-4,4
24527,87,87,0,0
24528,57,66,-9,9
24529,64,71,-7,7
24530,72,78,-6,6
24531,184,158,26,26
24532,152,117,35,35
24533,88,92,-4,4
24534,90,86,4,4
24535,96,102,-6,6
24536,117,103,14,14
24537,65,71,-6,6
24538,101,92,9,9
24539,130,129,1,1
24540,189,165,24,24
24541,80,86,-6,6
24542,72,77,-5,5
24543,99,100,-1,1
24544,131,122,9,9
24545,120,126,-6,6
24546,64,71,-7,7
24547,59,57,2,2
24548,69,73,-4,4
24549,44,65,-21,21
24550,85,96,-11,11
24551,51,71,-20,20
24552,70,79,-9,9
24553,61,73,-12,12
24554,110,119,-9,9
24555,69,78,-9,9
24556,56,65,-9,9
24557,125,135,-10,10
24558,91,86,5,5
24559,53,68,-15,15
24560,91,91,0,0
24561,42,55,-13,13
24562,85,88,-3,3
24563,33,48,-15,15
24564,94,84,10,10
24565,143,134,9,9
24566,72,68,4,4
24567,85,86,-1,1
24568,132,131,1,1
24569,103,98,5,5
24570,131,110,21,21
24571,72,78,-6,6
24572,109,108,1,1
24573,104,102,2,2
24574,128,118,10,10
24575,147,140,7,7
24576,90,89,1,1
24577,44,62,-18,18
24578,84,85,-1,1
24579,129,130,-1,1
24580,76,89,-13,13
24581,82,93,-11,11
24582,155,129,26,26
24583,141,126,15,15
24584,110,116,-6,6
24585,117,118,-1,1
24586,112,111,1,1
24587,109,108,1,1
24588,63,60,3,3
24589,68,74,-6,6
24590,140,127,13,13
24591,42,56,-14,14
24592,97,104,-7,7
24593,73,73,0,0
24594,49,52,-3,3
24595,163,134,29,29
24596,116,116,0,0
24597,98,109,-11,11
24598,97,96,1,1
24599,76,81,-5,5
24600,84,84,0,0
24601,52,54,-2,2
24602,134,125,9,9
24603,62,65,-3,3
24604,123,119,4,4
24605,55,61,-6,6
24606,80,86,-6,6
24607,77,81,-4,4
24608,121,126,-5,5
24609,45,61,-16,16
24610,66,69,-3,3
24611,59,62,-3,3
24612,45,63,-18,18
24613,63,67,-4,4
24614,65,80,-15,15
24615,95,91,4,4
24616,84,81,3,3
24617,110,122,-12,12
24618,83,86,-3,3
24619,133,112,21,21
24620,111,105,6,6
24621,69,75,-6,6
24622,43,54,-11,11
24623,97,101,-4,4
24624,78,89,-11,11
24625,75,78,-3,3
24626,130,115,15,15
24627,73,79,-6,6
24628,156,155,1,1
24629,110,96,14,14
24630,132,124,8,8
24631,108,107,1,1
24632,97,98,-1,1
24633,139,128,11,11
24634,88,86,2,2
24635,136,119,17,17
24636,115,104,11,11
24637,141,128,13,13
24638,125,118,7,7
24639,114,108,6,6
24640,127,116,11,11
24641,87,91,-4,4
24642,126,122,4,4
24643,83,92,-9,9
24644,68,70,-2,2
24645,100,97,3,3
24646,67,74,-7,7
24647,79,74,5,5
24648,123,111,12,12
24649,49,60,-11,11
24650,73,91,-18,18
24651,105,97,8,8
24652,86,86,0,0
24653,78,91,-13,13
24654,97,93,4,4
24655,95,100,-5,5
24656,46,61,-15,15
24657,105,112,-7,7
24658,157,143,14,14
24659,97,107,-10,10
24660,130,120,10,10
24661,114,124,-10,10
24662,56,67,-11,11
24663,37,53,-16,16
24664,133,127,6,6
24665,80,97,-17,17
24666,56,65,-9,9
24667,64,71,-7,7
24668,78,83,-5,5
24669,96,89,7,7
24670,90,85,5,5
24671,126,115,11,11
24672,85,87,-2,2
24673,60,64,-4,4
24674,92,87,5,5
24675,105,102,3,3
24676,92,95,-3,3
24677,85,83,2,2
24678,187,160,27,27
24679,108,114,-6,6
24680,64,66,-2,2
24681,99,94,5,5
24682,92,95,-3,3
24683,111,107,4,4
24684,83,80,3,3
24685,92,87,5,5
24686,68,69,-1,1
24687,158,134,24,24
24688,54,62,-8,8
24689,86,82,4,4
24690,94,93,1,1
24691,102,99,3,3
24692,55,64,-9,9
24693,52,69,-17,17
24694,69,80,-11,11
24695,97,96,1,1
24696,59,70,-11,11
24697,86,87,-1,1
24698,104,105,-1,1
24699,119,124,-5,5
24700,124,105,19,19
24701,99,98,1,1
24702,94,92,2,2
24703,129,126,3,3
24704,134,116,18,18
24705,58,72,-14,14
24706,131,114,17,17
24707,100,92,8,8
24708,97,87,10,10
24709,75,74,1,1
24710,133,129,4,4
24711,87,82,5,5
24712,76,80,-4,4
24713,55,63,-8,8
24714,167,163,4,4
24715,108,113,-5,5
24716,64,70,-6,6
24717,56,72,-16,16
24718,49,74,-25,25
24719,55,58,-3,3
24720,80,98,-18,18
24721,55,63,-8,8
24722,169,156,13,13
24723,156,145,11,11
24724,102,95,7,7
24725,94,93,1,1
24726,92,95,-3,3
24727,116,125,-9,9
24728,120,117,3,3
24729,107,105,2,2
24730,113,106,7,7
24731,75,80,-5,5
24732,67,67,0,0
24733,98,89,9,9
24734,193,171,22,22
24735,165,161,4,4
24736,92,84,8,8
24737,53,60,-7,7
24738,82,92,-10,10
24739,113,120,-7,7
24740,89,97,-8,8
24741,93,86,7,7
24742,94,95,-1,1
24743,87,84,3,3
24744,145,125,20,20
24745,142,126,16,16
24746,115,108,7,7
24747,82,90,-8,8
24748,87,94,-7,7
24749,74,76,-2,2
24750,61,71,-10,10
24751,125,119,6,6
24752,74,80,-6,6
24753,129,121,8,8
24754,88,84,4,4
24755,93,95,-2,2
24756,83,85,-2,2
24757,123,114,9,9
24758,103,97,6,6
24759,136,133,3,3
24760,88,87,1,1
24761,94,91,3,3
24762,71,81,-10,10
24763,80,84,-4,4
24764,73,78,-5,5
24765,90,84,6,6
24766,81,82,-1,1
24767,85,92,-7,7
24768,48,64,-16,16
24769,122,128,-6,6
24770,120,111,9,9
24771,100,99,1,1
24772,123,113,10,10
24773,154,136,18,18
24774,49,64,-15,15
24775,110,95,15,15
24776,90,94,-4,4
24777,103,97,6,6
24778,69,80,-11,11
24779,113,106,7,7
24780,102,99,3,3
24781,80,107,-27,27
24782,45,60,-15,15
24783,154,143,11,11
24784,116,102,14,14
24785,125,114,11,11
24786,182,159,23,23
24787,68,69,-1,1
24788,82,76,6,6
24789,78,81,-3,3
24790,60,79,-19,19
24791,119,108,11,11
24792,76,81,-5,5
24793,102,100,2,2
24794,94,111,-17,17
24795,76,83,-7,7
24796,52,61,-9,9
24797,82,74,8,8
24798,117,116,1,1
24799,110,103,7,7
24800,165,147,18,18
24801,79,76,3,3
24802,132,120,12,12
24803,118,107,11,11
24804,95,90,5,5
24805,74,80,-6,6
24806,52,74,-22,22
24807,104,104,0,0
24808,103,125,-22,22
24809,119,112,7,7
24810,99,100,-1,1
24811,141,126,15,15
24812,62,67,-5,5
24813,95,97,-2,2
24814,115,109,6,6
24815,97,106,-9,9
24816,46,64,-18,18
24817,122,124,-2,2
24818,121,120,1,1
24819,102,102,0,0
24820,148,137,11,11
24821,71,72,-1,1
24822,114,103,11,11
24823,126,118,8,8
24824,84,83,1,1
24825,83,84,-1,1
24826,101,88,13,13
24827,98,96,2,2
24828,121,111,10,10
24829,84,94,-10,10
24830,56,72,-16,16
24831,90,82,8,8
24832,85,79,6,6
24833,87,85,2,2
24834,113,112,1,1
24835,140,134,6,6
24836,116,115,1,1
24837,120,124,-4,4
24838,82,82,0,0
24839,150,132,18,18
24840,89,86,3,3
24841,72,74,-2,2
24842,106,103,3,3
24843,66,77,-11,11
24844,67,73,-6,6
24845,78,80,-2,2
24846,118,107,11,11
24847,83,97,-14,14
24848,133,135,-2,2
24849,127,123,4,4
24850,178,161,17,17
24851,70,72,-2,2
24852,50,61,-11,11
24853,121,112,9,9
24854,127,119,8,8
24855,62,64,-2,2
24856,74,77,-3,3
24857,79,82,-3,3
24858,95,92,3,3
24859,103,104,-1,1
24860,113,102,11,11
24861,58,79,-21,21
24862,162,122,40,40
24863,43,56,-13,13
24864,73,75,-2,2
24865,60,68,-8,8
24866,134,121,13,13
24867,66,72,-6,6
24868,42,66,-24,24
24869,89,85,4,4
24870,82,76,6,6
24871,133,126,7,7
24872,28,48,-20,20
24873,120,101,19,19
24874,60,66,-6,6
24875,59,73,-14,14
24876,54,60,-6,6
24877,81,86,-5,5
24878,102,100,2,2
24879,47,59,-12,12
24880,90,78,12,12
24881,123,112,11,11
24882,83,84,-1,1
24883,92,101,-9,9
24884,105,99,6,6
24885,108,94,14,14
24886,114,119,-5,5
24887,57,68,-11,11
24888,67,72,-5,5
24889,85,95,-10,10
24890,68,74,-6,6
24891,55,59,-4,4
24892,93,90,3,3
24893,61,71,-10,10
24894,61,67,-6,6
24895,87,88,-1,1
24896,85,84,1,1
24897,88,88,0,0
24898,57,62,-5,5
24899,65,71,-6,6
24900,58,68,-10,10
24901,118,108,10,10
24902,94,95,-1,1
24903,164,154,10,10
24904,74,83,-9,9
24905,106,153,-47,47
24906,97,108,-11,11
24907,117,109,8,8
24908,123,119,4,4
24909,72,82,-10,10
24910,73,73,0,0
24911,105,141,-36,36
24912,53,63,-10,10
24913,63,72,-9,9
24914,85,81,4,4
24915,136,141,-5,5
24916,113,101,12,12
24917,92,101,-9,9
24918,97,98,-1,1
24919,95,102,-7,7
24920,106,101,5,5
24921,167,152,15,15
24922,121,128,-7,7
24923,42,53,-11,11
24924,80,87,-7,7
24925,48,65,-17,17
24926,116,107,9,9
24927,117,109,8,8
24928,67,71,-4,4
24929,69,72,-3,3
24930,114,102,12,12
24931,134,119,15,15
24932,91,88,3,3
24933,88,86,2,2
24934,130,123,7,7
24935,187,174,13,13
24936,99,99,0,0
24937,95,102,-7,7
24938,151,142,9,9
24939,97,96,1,1
24940,66,72,-6,6
24941,39,53,-14,14
24942,114,111,3,3
24943,124,113,11,11
24944,109,105,4,4
24945,92,107,-15,15
24946,50,63,-13,13
24947,139,126,13,13
24948,116,113,3,3
24949,79,82,-3,3
24950,69,84,-15,15
24951,95,98,-3,3
24952,112,110,2,2
24953,57,71,-14,14
24954,57,68,-11,11
24955,112,116,-4,4
24956,77,82,-5,5
24957,79,87,-8,8
24958,115,107,8,8
24959,52,67,-15,15
24960,121,101,20,20
24961,93,92,1,1
24962,51,58,-7,7
24963,71,78,-7,7
24964,126,125,1,1
24965,149,134,15,15
24966,91,103,-12,12
24967,142,137,5,5
24968,55,71,-16,16
24969,110,108,2,2
24970,197,196,1,1
24971,85,84,1,1
24972,115,110,5,5
24973,111,101,10,10
24974,136,124,12,12
24975,57,68,-11,11
24976,100,88,12,12
24977,121,107,14,14
24978,105,97,8,8
24979,145,145,0,0
24980,93,95,-2,2
24981,104,102,2,2
24982,104,97,7,7
24983,89,83,6,6
24984,82,82,0,0
24985,137,117,20,20
24986,112,97,15,15
24987,99,92,7,7
24988,94,96,-2,2
24989,140,128,12,12
24990,75,84,-9,9
24991,114,113,1,1
24992,71,73,-2,2
24993,155,131,24,24
24994,71,77,-6,6
24995,61,67,-6,6
24996,84,98,-14,14
24997,75,76,-1,1
24998,128,135,-7,7
24999,247,242,5,5
25000,101,101,0,0
25001,113,99,14,14
25002,116,108,8,8
25003,112,106,6,6
25004,83,91,-8,8
25005,52,68,-16,16
25006,73,67,6,6
25007,43,63,-20,20
25008,96,95,1,1
25009,49,63,-14,14
25010,57,69,-12,12
25011,104,117,-13,13
25012,86,89,-3,3
25013,66,73,-7,7
25014,69,80,-11,11
25015,92,96,-4,4
25016,120,116,4,4
25017,124,123,1,1
25018,109,101,8,8
25019,90,100,-10,10
25020,88,88,0,0
25021,60,66,-6,6
25022,100,103,-3,3
25023,171,197,-26,26
25024,55,67,-12,12
25025,143,133,10,10
25026,104,99,5,5
25027,120,118,2,2
25028,132,126,6,6
25029,142,140,2,2
25030,68,72,-4,4
25031,74,72,2,2
25032,107,100,7,7
25033,82,81,1,1
25034,48,57,-9,9
25035,83,81,2,2
25036,66,73,-7,7
25037,90,89,1,1
25038,114,112,2,2
25039,123,104,19,19
25040,140,124,16,16
25041,71,70,1,1
25042,112,105,7,7
25043,175,176,-1,1
25044,148,128,20,20
25045,87,84,3,3
25046,156,151,5,5
25047,44,54,-10,10
25048,105,102,3,3
25049,120,122,-2,2
25050,65,70,-5,5
25051,120,115,5,5
25052,69,75,-6,6
25053,91,98,-7,7
25054,135,110,25,25
25055,133,129,4,4
25056,81,85,-4,4
25057,74,69,5,5
25058,144,140,4,4
25059,146,136,10,10
25060,95,85,10,10
25061,223,185,38,38
25062,126,103,23,23
25063,49,61,-12,12
25064,102,100,2,2
25065,116,106,10,10
25066,60,67,-7,7
25067,154,138,16,16
25068,134,111,23,23
25069,100,97,3,3
25070,76,73,3,3
25071,74,76,-2,2
25072,77,71,6,6
25073,88,92,-4,4
25074,76,85,-9,9
25075,81,81,0,0
25076,165,151,14,14
25077,108,106,2,2
25078,53,23,30,30
25079,59,69,-10,10
25080,85,104,-19,19
25081,98,92,6,6
25082,58,67,-9,9
25083,105,103,2,2
25084,148,137,11,11
25085,159,136,23,23
25086,163,158,5,5
25087,102,97,5,5
25088,71,94,-23,23
25089,156,143,13,13
25090,97,93,4,4
25091,97,90,7,7
25092,72,74,-2,2
25093,83,104,-21,21
25094,81,72,9,9
25095,103,99,4,4
25096,95,97,-2,2
25097,82,96,-14,14
25098,121,113,8,8
25099,78,84,-6,6
25100,98,93,5,5
25101,145,141,4,4
25102,122,115,7,7
25103,123,109,14,14
25104,76,78,-2,2
25105,195,171,24,24
25106,48,51,-3,3
25107,59,74,-15,15
25108,73,77,-4,4
25109,73,80,-7,7
25110,63,65,-2,2
25111,178,150,28,28
25112,69,70,-1,1
25113,96,95,1,1
25114,67,74,-7,7
25115,46,57,-11,11
25116,88,89,-1,1
25117,47,63,-16,16
25118,45,56,-11,11
25119,47,54,-7,7
25120,123,117,6,6
25121,124,118,6,6
25122,167,152,15,15
25123,136,128,8,8
25124,72,79,-7,7
25125,109,104,5,5
25126,74,78,-4,4
25127,80,76,4,4
25128,126,122,4,4
25129,119,109,10,10
25130,60,70,-10,10
25131,98,98,0,0
25132,128,115,13,13
25133,96,90,6,6
25134,109,102,7,7
25135,135,124,11,11
25136,86,81,5,5
25137,125,119,6,6
25138,71,81,-10,10
25139,137,129,8,8
25140,86,90,-4,4
25141,150,151,-1,1
25142,83,96,-13,13
25143,57,66,-9,9
25144,87,86,1,1
25145,58,75,-17,17
25146,74,83,-9,9
25147,168,142,26,26
25148,145,131,14,14
25149,65,73,-8,8
25150,76,80,-4,4
25151,114,111,3,3
25152,151,149,2,2
25153,146,158,-12,12
25154,65,71,-6,6
25155,77,86,-9,9
25156,165,147,18,18
25157,89,107,-18,18
25158,107,103,4,4
25159,96,109,-13,13
25160,115,115,0,0
25161,74,73,1,1
25162,160,148,12,12
25163,82,86,-4,4
25164,80,81,-1,1
25165,94,98,-4,4
25166,97,97,0,0
25167,48,73,-25,25
25168,79,76,3,3
25169,16,42,-26,26
25170,100,99,1,1
25171,51,75,-24,24
25172,86,84,2,2
25173,108,111,-3,3
25174,46,55,-9,9
25175,55,62,-7,7
25176,112,120,-8,8
25177,84,84,0,0
25178,100,98,2,2
25179,150,136,14,14
25180,138,130,8,8
25181,92,86,6,6
25182,66,72,-6,6
25183,103,99,4,4
25184,96,96,0,0
25185,148,145,3,3
25186,81,85,-4,4
25187,45,70,-25,25
25188,126,117,9,9
25189,168,158,10,10
25190,76,82,-6,6
25191,134,136,-2,2
25192,83,87,-4,4
25193,118,109,9,9
25194,117,103,14,14
25195,100,105,-5,5
25196,96,99,-3,3
25197,122,112,10,10
25198,76,84,-8,8
25199,96,105,-9,9
25200,103,96,7,7
25201,70,74,-4,4
25202,209,179,30,30
25203,75,78,-3,3
25204,54,72,-18,18
25205,111,111,0,0
25206,70,72,-2,2
25207,100,101,-1,1
25208,108,98,10,10
25209,56,68,-12,12
25210,172,173,-1,1
25211,67,76,-9,9
25212,118,100,18,18
25213,47,60,-13,13
25214,69,74,-5,5
25215,85,91,-6,6
25216,63,65,-2,2
25217,267,213,54,54
25218,101,97,4,4
25219,126,113,13,13
25220,99,99,0,0
25221,124,127,-3,3
25222,145,127,18,18
25223,83,82,1,1
25224,96,90,6,6
25225,149,168,-19,19
25226,65,70,-5,5
25227,83,82,1,1
25228,51,60,-9,9
25229,73,87,-14,14
25230,164,141,23,23
25231,76,83,-7,7
25232,86,85,1,1
25233,128,110,18,18
25234,126,110,16,16
25235,75,77,-2,2
25236,85,87,-2,2
25237,59,65,-6,6
25238,80,77,3,3
25239,115,103,12,12
25240,96,89,7,7
25241,57,68,-11,11
25242,78,75,3,3
25243,92,84,8,8
25244,114,108,6,6
25245,97,87,10,10
25246,67,72,-5,5
25247,68,92,-24,24
25248,88,86,2,2
25249,58,67,-9,9
25250,86,95,-9,9
25251,81,78,3,3
25252,80,83,-3,3
25253,107,106,1,1
25254,65,72,-7,7
25255,77,77,0,0
25256,30,49,-19,19
25257,81,87,-6,6
25258,91,100,-9,9
25259,62,75,-13,13
25260,78,89,-11,11
25261,103,100,3,3
25262,113,105,8,8
25263,121,115,6,6
25264,75,78,-3,3
25265,113,111,2,2
25266,52,67,-15,15
25267,93,99,-6,6
25268,51,66,-15,15
25269,128,113,15,15
25270,86,81,5,5
25271,107,104,3,3
25272,105,103,2,2
25273,195,175,20,20
25274,64,67,-3,3
25275,56,77,-21,21
25276,38,72,-34,34
25277,111,127,-16,16
25278,72,78,-6,6
25279,103,99,4,4
25280,93,91,2,2
25281,90,96,-6,6
25282,64,78,-14,14
25283,142,128,14,14
25284,96,107,-11,11
25285,85,87,-2,2
25286,99,98,1,1
25287,52,62,-10,10
25288,117,132,-15,15
25289,76,79,-3,3
25290,80,74,6,6
25291,99,90,9,9
25292,103,96,7,7
25293,60,72,-12,12
25294,96,97,-1,1
25295,112,107,5,5
25296,77,74,3,3
25297,126,107,19,19
25298,125,118,7,7
25299,132,132,0,0
25300,79,85,-6,6
25301,106,105,1,1
25302,35,53,-18,18
25303,85,82,3,3
25304,63,66,-3,3
25305,65,78,-13,13
25306,23,59,-36,36
25307,73,79,-6,6
25308,103,104,-1,1
25309,79,78,1,1
25310,81,86,-5,5
25311,54,59,-5,5
25312,77,83,-6,6
25313,90,87,3,3
25314,92,90,2,2
25315,54,69,-15,15
25316,101,100,1,1
25317,102,96,6,6
25318,77,85,-8,8
25319,113,123,-10,10
25320,166,149,17,17
25321,74,82,-8,8
25322,116,112,4,4
25323,127,130,-3,3
25324,89,85,4,4
25325,101,101,0,0
25326,103,105,-2,2
25327,127,118,9,9
25328,83,80,3,3
25329,123,123,0,0
25330,118,120,-2,2
25331,160,150,10,10
25332,79,82,-3,3
25333,76,74,2,2
25334,51,56,-5,5
25335,110,111,-1,1
25336,112,125,-13,13
25337,73,75,-2,2
25338,90,85,5,5
25339,87,91,-4,4
25340,97,97,0,0
25341,51,59,-8,8
25342,175,165,10,10
25343,51,64,-13,13
25344,96,95,1,1
25345,96,83,13,13
25346,87,92,-5,5
25347,98,95,3,3
25348,195,174,21,21
25349,74,75,-1,1
25350,111,102,9,9
25351,62,68,-6,6
25352,62,72,-10,10
25353,50,62,-12,12
25354,77,81,-4,4
25355,68,65,3,3
25356,72,81,-9,9
25357,82,77,5,5
25358,69,75,-6,6
25359,133,129,4,4
25360,57,65,-8,8
25361,87,98,-11,11
25362,86,81,5,5
25363,53,84,-31,31
25364,111,129,-18,18
25365,85,95,-10,10
25366,68,73,-5,5
25367,82,88,-6,6
25368,125,110,15,15
25369,127,113,14,14
25370,46,85,-39,39
25371,125,127,-2,2
25372,133,119,14,14
25373,84,88,-4,4
25374,70,73,-3,3
25375,130,115,15,15
25376,86,89,-3,3
25377,161,152,9,9
25378,100,119,-19,19
25379,107,105,2,2
25380,89,95,-6,6
25381,62,58,4,4
25382,75,81,-6,6
25383,82,85,-3,3
25384,104,105,-1,1
25385,83,95,-12,12
25386,109,100,9,9
25387,57,60,-3,3
25388,125,120,5,5
25389,87,80,7,7
25390,201,164,37,37
25391,75,81,-6,6
25392,80,82,-2,2
25393,143,151,-8,8
25394,120,115,5,5
25395,146,141,5,5
25396,70,70,0,0
25397,93,93,0,0
25398,110,108,2,2
25399,43,59,-16,16
25400,97,90,7,7
25401,70,70,0,0
25402,85,83,2,2
25403,91,99,-8,8
25404,85,88,-3,3
25405,120,112,8,8
25406,70,77,-7,7
25407,61,73,-12,12
25408,67,74,-7,7
25409,156,142,14,14
25410,45,54,-9,9
25411,121,124,-3,3
25412,93,102,-9,9
25413,111,115,-4,4
25414,72,83,-11,11
25415,44,55,-11,11
25416,140,142,-2,2
25417,52,65,-13,13
25418,70,75,-5,5
25419,117,116,1,1
25420,60,69,-9,9
25421,73,85,-12,12
25422,107,98,9,9
25423,90,97,-7,7
25424,59,75,-16,16
25425,102,102,0,0
25426,73,78,-5,5
25427,86,89,-3,3
25428,58,66,-8,8
25429,66,70,-4,4
25430,62,98,-36,36
25431,130,121,9,9
25432,121,103,18,18
25433,114,103,11,11
25434,128,122,6,6
25435,106,106,0,0
25436,94,88,6,6
25437,139,137,2,2
25438,57,61,-4,4
25439,62,80,-18,18
25440,59,68,-9,9
25441,134,119,15,15
25442,88,88,0,0
25443,67,76,-9,9
25444,91,93,-2,2
25445,79,77,2,2
25446,99,99,0,0
25447,135,143,-8,8
25448,118,116,2,2
25449,97,96,1,1
25450,96,86,10,10
25451,81,84,-3,3
25452,93,96,-3,3
25453,108,108,0,0
25454,69,72,-3,3
25455,106,108,-2,2
25456,80,86,-6,6
25457,108,102,6,6
25458,95,88,7,7
25459,41,54,-13,13
25460,97,95,2,2
25461,161,132,29,29
25462,96,93,3,3
25463,86,93,-7,7
25464,123,106,17,17
25465,84,79,5,5
25466,81,86,-5,5
25467,99,98,1,1
25468,108,100,8,8
25469,57,70,-13,13
25470,82,86,-4,4
25471,117,139,-22,22
25472,78,89,-11,11
25473,206,189,17,17
25474,70,75,-5,5
25475,66,77,-11,11
25476,132,115,17,17
25477,73,73,0,0
25478,53,65,-12,12
25479,47,63,-16,16
25480,73,83,-10,10
25481,72,76,-4,4
25482,96,93,3,3
25483,182,171,11,11
25484,80,78,2,2
25485,98,91,7,7
25486,103,103,0,0
25487,182,177,5,5
25488,136,142,-6,6
25489,101,102,-1,1
25490,81,79,2,2
25491,161,145,16,16
25492,83,90,-7,7
25493,57,75,-18,18
25494,119,104,15,15
25495,103,98,5,5
25496,143,124,19,19
25497,61,100,-39,39
25498,117,109,8,8
25499,113,107,6,6
25500,94,97,-3,3
25501,70,78,-8,8
25502,116,114,2,2
25503,102,91,11,11
25504,154,144,10,10
25505,91,86,5,5
25506,105,109,-4,4
25507,114,120,-6,6
25508,160,159,1,1
25509,94,89,5,5
25510,151,131,20,20
25511,170,158,12,12
25512,76,76,0,0
25513,74,76,-2,2
25514,101,100,1,1
25515,62,65,-3,3
25516,84,87,-3,3
25517,109,106,3,3
25518,106,102,4,4
25519,119,106,13,13
25520,89,95,-6,6
25521,53,63,-10,10
25522,37,48,-11,11
25523,97,97,0,0
25524,91,89,2,2
25525,94,87,7,7
25526,111,98,13,13
25527,203,192,11,11
25528,71,75,-4,4
25529,63,71,-8,8
25530,55,67,-12,12
25531,87,84,3,3
25532,125,135,-10,10
25533,101,102,-1,1
25534,98,86,12,12
25535,116,119,-3,3
25536,79,84,-5,5
25537,206,187,19,19
25538,102,111,-9,9
25539,153,138,15,15
25540,86,93,-7,7
25541,60,67,-7,7
25542,95,108,-13,13
25543,156,140,16,16
25544,90,85,5,5
25545,131,120,11,11
25546,107,98,9,9
25547,56,65,-9,9
25548,96,97,-1,1
25549,67,81,-14,14
25550,66,72,-6,6
25551,116,117,-1,1
25552,97,100,-3,3
25553,132,121,11,11
25554,87,94,-7,7
25555,94,96,-2,2
25556,50,62,-12,12
25557,104,95,9,9
25558,179,178,1,1
25559,121,102,19,19
25560,54,65,-11,11
25561,86,80,6,6
25562,29,39,-10,10
25563,109,106,3,3
25564,81,90,-9,9
25565,75,84,-9,9
25566,179,158,21,21
25567,59,60,-1,1
25568,122,111,11,11
25569,209,186,23,23
25570,53,65,-12,12
25571,79,75,4,4
25572,97,93,4,4
25573,99,101,-2,2
25574,50,58,-8,8
25575,81,88,-7,7
25576,77,78,-1,1
25577,179,160,19,19
25578,100,103,-3,3
25579,57,72,-15,15
25580,88,91,-3,3
25581,47,64,-17,17
25582,92,93,-1,1
25583,94,85,9,9
25584,49,77,-28,28
25585,155,129,26,26
25586,93,98,-5,5
25587,160,141,19,19
25588,34,48,-14,14
25589,109,103,6,6
25590,112,106,6,6
25591,65,68,-3,3
25592,76,73,3,3
25593,82,91,-9,9
25594,97,83,14,14
25595,72,80,-8,8
25596,95,100,-5,5
25597,59,69,-10,10
25598,52,63,-11,11
25599,81,77,4,4
25600,87,84,3,3
25601,129,120,9,9
25602,57,88,-31,31
25603,54,65,-11,11
25604,122,103,19,19
25605,90,91,-1,1
25606,136,124,12,12
25607,55,63,-8,8
25608,69,79,-10,10
25609,118,110,8,8
25610,103,103,0,0
25611,70,74,-4,4
25612,43,58,-15,15
25613,66,74,-8,8
25614,140,138,2,2
25615,89,96,-7,7
25616,147,115,32,32
25617,112,107,5,5
25618,78,72,6,6
25619,40,54,-14,14
25620,55,67,-12,12
25621,77,81,-4,4
25622,80,95,-15,15
25623,71,77,-6,6
25624,82,85,-3,3
25625,82,90,-8,8
25626,93,100,-7,7
25627,68,71,-3,3
25628,96,87,9,9
25629,116,111,5,5
25630,53,62,-9,9
25631,87,83,4,4
25632,116,113,3,3
25633,102,93,9,9
25634,89,83,6,6
25635,121,112,9,9
25636,92,87,5,5
25637,29,61,-32,32
25638,98,86,12,12
25639,70,67,3,3
25640,127,112,15,15
25641,208,190,18,18
25642,85,81,4,4
25643,84,93,-9,9
25644,92,95,-3,3
25645,118,128,-10,10
25646,66,73,-7,7
25647,79,84,-5,5
25648,167,148,19,19
25649,174,168,6,6
25650,92,89,3,3
25651,90,97,-7,7
25652,103,96,7,7
25653,85,84,1,1
25654,43,55,-12,12
25655,144,137,7,7
25656,66,70,-4,4
25657,33,59,-26,26
25658,50,67,-17,17
25659,68,71,-3,3
25660,152,157,-5,5
25661,102,94,8,8
25662,45,56,-11,11
25663,67,69,-2,2
25664,59,68,-9,9
25665,92,101,-9,9
25666,138,134,4,4
25667,152,141,11,11
25668,79,78,1,1
25669,122,120,2,2
25670,122,112,10,10
25671,59,73,-14,14
25672,164,143,21,21
25673,93,143,-50,50
25674,86,95,-9,9
25675,133,119,14,14
25676,95,107,-12,12
25677,86,91,-5,5
25678,76,77,-1,1
25679,152,140,12,12
25680,99,91,8,8
25681,62,66,-4,4
25682,92,96,-4,4
25683,105,97,8,8
25684,95,93,2,2
25685,103,84,19,19
25686,64,72,-8,8
25687,113,124,-11,11
25688,139,138,1,1
25689,116,105,11,11
25690,109,111,-2,2
25691,110,108,2,2
25692,102,100,2,2
25693,108,109,-1,1
25694,83,77,6,6
25695,151,142,9,9
25696,84,93,-9,9
25697,109,100,9,9
25698,136,123,13,13
25699,109,101,8,8
25700,136,111,25,25
25701,109,101,8,8
25702,68,76,-8,8
25703,76,76,0,0
25704,81,84,-3,3
25705,102,97,5,5
25706,139,131,8,8
25707,86,89,-3,3
25708,105,98,7,7
25709,58,71,-13,13
25710,35,57,-22,22
25711,49,65,-16,16
25712,82,81,1,1
25713,70,78,-8,8
25714,79,83,-4,4
25715,66,67,-1,1
25716,122,117,5,5
25717,77,76,1,1
25718,120,112,8,8
25719,155,134,21,21
25720,123,122,1,1
25721,74,82,-8,8
25722,88,90,-2,2
25723,143,138,5,5
25724,88,78,10,10
25725,57,68,-11,11
25726,130,117,13,13
25727,81,89,-8,8
25728,83,89,-6,6
25729,173,145,28,28
25730,66,73,-7,7
25731,91,90,1,1
25732,70,69,1,1
25733,73,67,6,6
25734,72,82,-10,10
25735,73,77,-4,4
25736,109,115,-6,6
25737,106,73,33,33
25738,72,75,-3,3
25739,80,86,-6,6
25740,188,169,19,19
25741,112,108,4,4
25742,116,108,8,8
25743,115,100,15,15
25744,97,98,-1,1
25745,171,163,8,8
25746,96,98,-2,2
25747,97,91,6,6
25748,60,69,-9,9
25749,119,102,17,17
25750,144,135,9,9
25751,64,70,-6,6
25752,55,69,-14,14
25753,92,88,4,4
25754,92,90,2,2
25755,133,131,2,2
25756,62,70,-8,8
25757,143,135,8,8
25758,92,97,-5,5
25759,95,111,-16,16
25760,43,54,-11,11
25761,110,105,5,5
25762,94,85,9,9
25763,68,75,-7,7
25764,81,84,-3,3
25765,150,128,22,22
25766,129,123,6,6
25767,133,120,13,13
25768,105,102,3,3
25769,66,84,-18,18
25770,91,93,-2,2
25771,90,80,10,10
25772,117,99,18,18
25773,140,128,12,12
25774,165,147,18,18
25775,95,95,0,0
25776,85,82,3,3
25777,158,131,27,27
25778,138,140,-2,2
25779,96,95,1,1
25780,122,113,9,9
25781,65,69,-4,4
25782,63,68,-5,5
25783,111,107,4,4
25784,80,99,-19,19
25785,79,83,-4,4
25786,100,92,8,8
25787,81,84,-3,3
25788,92,93,-1,1
25789,75,94,-19,19
25790,82,85,-3,3
25791,79,88,-9,9
25792,57,75,-18,18
25793,148,121,27,27
25794,79,80,-1,1
25795,122,115,7,7
25796,82,85,-3,3
25797,61,66,-5,5
25798,38,53,-15,15
25799,94,99,-5,5
25800,101,86,15,15
25801,89,85,4,4
25802,68,71,-3,3
25803,47,65,-18,18
25804,90,85,5,5
25805,60,69,-9,9
25806,114,107,7,7
25807,80,88,-8,8
25808,127,107,20,20
25809,102,107,-5,5
25810,69,72,-3,3
25811,53,72,-19,19
25812,59,73,-14,14
25813,95,98,-3,3
25814,64,70,-6,6
25815,144,147,-3,3
25816,71,64,7,7
25817,100,102,-2,2
25818,116,113,3,3
25819,104,97,7,7
25820,177,181,-4,4
25821,108,101,7,7
25822,132,120,12,12
25823,118,105,13,13
25824,135,144,-9,9
25825,115,110,5,5
25826,73,78,-5,5
25827,133,121,12,12
25828,95,95,0,0
25829,80,83,-3,3
25830,48,78,-30,30
25831,158,146,12,12
25832,73,80,-7,7
25833,94,89,5,5
25834,74,97,-23,23
25835,154,153,1,1
25836,127,124,3,3
25837,73,76,-3,3
25838,89,86,3,3
25839,61,71,-10,10
25840,87,82,5,5
25841,65,83,-18,18
25842,81,89,-8,8
25843,99,96,3,3
25844,83,89,-6,6
25845,90,94,-4,4
25846,82,84,-2,2
25847,115,102,13,13
25848,137,136,1,1
25849,78,81,-3,3
25850,94,86,8,8
25851,101,98,3,3
25852,96,93,3,3
25853,77,78,-1,1
25854,112,103,9,9
25855,138,133,5,5
25856,98,96,2,2
25857,91,97,-6,6
25858,143,130,13,13
25859,153,145,8,8
25860,40,51,-11,11
25861,69,71,-2,2
25862,67,71,-4,4
25863,43,59,-16,16
25864,104,104,0,0
25865,117,108,9,9
25866,84,81,3,3
25867,84,87,-3,3
25868,74,72,2,2
25869,75,76,-1,1
25870,147,150,-3,3
25871,94,96,-2,2
25872,92,90,2,2
25873,71,76,-5,5
25874,84,83,1,1
25875,78,99,-21,21
25876,83,83,0,0
25877,84,92,-8,8
25878,42,52,-10,10
25879,149,145,4,4
25880,95,99,-4,4
25881,132,115,17,17
25882,83,91,-8,8
25883,131,128,3,3
25884,62,71,-9,9
25885,87,88,-1,1
25886,91,83,8,8
25887,155,166,-11,11
25888,73,84,-11,11
25889,98,98,0,0
25890,72,75,-3,3
25891,75,81,-6,6
25892,147,138,9,9
25893,54,70,-16,16
25894,128,119,9,9
25895,98,97,1,1
25896,111,105,6,6
25897,81,85,-4,4
25898,87,81,6,6
25899,28,70,-42,42
25900,123,119,4,4
25901,82,79,3,3
25902,82,76,6,6
25903,113,104,9,9
25904,121,130,-9,9
25905,124,119,5,5
25906,85,83,2,2
25907,82,85,-3,3
25908,107,109,-2,2
25909,113,111,2,2
25910,74,85,-11,11
25911,97,92,5,5
25912,56,68,-12,12
25913,89,87,2,2
25914,132,120,12,12
25915,134,124,10,10
25916,93,96,-3,3
25917,128,130,-2,2
25918,121,118,3,3
25919,132,136,-4,4
25920,114,112,2,2
25921,93,87,6,6
25922,132,125,7,7
25923,139,115,24,24
25924,59,66,-7,7
25925,185,160,25,25
25926,47,64,-17,17
25927,68,75,-7,7
25928,122,125,-3,3
25929,130,134,-4,4
25930,98,97,1,1
25931,42,56,-14,14
25932,125,120,5,5
25933,56,64,-8,8
25934,129,123,6,6
25935,60,85,-25,25
25936,51,61,-10,10
25937,78,83,-5,5
25938,62,74,-12,12
25939,80,92,-12,12
25940,39,57,-18,18
25941,120,120,0,0
25942,100,93,7,7
25943,112,118,-6,6
25944,85,85,0,0
25945,118,110,8,8
25946,124,128,-4,4
25947,56,64,-8,8
25948,97,98,-1,1
25949,83,91,-8,8
25950,91,94,-3,3
25951,68,74,-6,6
25952,108,108,0,0
25953,87,90,-3,3
25954,57,67,-10,10
25955,70,72,-2,2
25956,87,89,-2,2
25957,111,104,7,7
25958,79,84,-5,5
25959,117,106,11,11
25960,95,99,-4,4
25961,139,128,11,11
25962,52,59,-7,7
25963,47,99,-52,52
25964,104,101,3,3
25965,89,84,5,5
25966,86,90,-4,4
25967,90,85,5,5
25968,113,105,8,8
25969,89,90,-1,1
25970,94,98,-4,4
25971,134,126,8,8
25972,63,67,-4,4
25973,102,99,3,3
25974,146,130,16,16
25975,140,135,5,5
25976,73,77,-4,4
25977,127,124,3,3
25978,47,66,-19,19
25979,90,102,-12,12
25980,77,81,-4,4
25981,136,124,12,12
25982,121,119,2,2
25983,82,79,3,3
25984,114,122,-8,8
25985,114,106,8,8
25986,80,80,0,0
25987,82,79,3,3
25988,79,80,-1,1
25989,107,108,-1,1
25990,113,99,14,14
25991,114,107,7,7
25992,52,66,-14,14
25993,67,72,-5,5
25994,74,81,-7,7
25995,113,110,3,3
25996,77,77,0,0
25997,125,125,0,0
25998,60,65,-5,5
25999,78,80,-2,2
26000,94,96,-2,2
26001,102,98,4,4
26002,115,105,10,10
26003,114,107,7,7
26004,115,115,0,0
26005,109,105,4,4
26006,107,111,-4,4
26007,80,81,-1,1
26008,111,101,10,10
26009,36,62,-26,26
26010,78,82,-4,4
26011,87,85,2,2
26012,74,78,-4,4
26013,70,79,-9,9
26014,64,72,-8,8
26015,51,61,-10,10
26016,97,97,0,0
26017,106,101,5,5
26018,150,143,7,7
26019,105,97,8,8
26020,80,85,-5,5
26021,81,85,-4,4
26022,78,85,-7,7
26023,103,104,-1,1
26024,68,74,-6,6
26025,69,75,-6,6
26026,100,114,-14,14
26027,100,87,13,13
26028,171,161,10,10
26029,102,99,3,3
26030,98,89,9,9
26031,81,88,-7,7
26032,86,83,3,3
26033,47,62,-15,15
26034,83,90,-7,7
26035,139,135,4,4
26036,71,79,-8,8
26037,142,133,9,9
26038,65,69,-4,4
26039,68,71,-3,3
26040,63,71,-8,8
26041,105,95,10,10
26042,53,67,-14,14
26043,126,118,8,8
26044,137,136,1,1
26045,64,68,-4,4
26046,126,136,-10,10
26047,117,106,11,11
26048,65,92,-27,27
26049,133,133,0,0
26050,64,67,-3,3
26051,96,88,8,8
26052,92,90,2,2
26053,99,101,-2,2
26054,148,145,3,3
26055,54,62,-8,8
26056,99,84,15,15
26057,89,101,-12,12
26058,63,69,-6,6
26059,90,87,3,3
26060,71,82,-11,11
26061,82,77,5,5
26062,89,86,3,3
26063,58,66,-8,8
26064,88,95,-7,7
26065,91,94,-3,3
26066,29,47,-18,18
26067,63,70,-7,7
26068,73,77,-4,4
26069,68,71,-3,3
26070,76,86,-10,10
26071,73,72,1,1
26072,152,135,17,17
26073,113,98,15,15
26074,57,60,-3,3
26075,81,83,-2,2
26076,102,110,-8,8
26077,87,112,-25,25
26078,106,106,0,0
26079,83,88,-5,5
26080,164,150,14,14
26081,122,104,18,18
26082,68,78,-10,10
26083,79,79,0,0
26084,57,67,-10,10
26085,116,115,1,1
26086,57,66,-9,9
26087,105,93,12,12
26088,95,87,8,8
26089,164,155,9,9
26090,159,162,-3,3
26091,92,82,10,10
26092,100,108,-8,8
26093,64,68,-4,4
26094,121,155,-34,34
26095,157,140,17,17
26096,116,110,6,6
26097,46,59,-13,13
26098,106,100,6,6
26099,67,77,-10,10
26100,83,90,-7,7
26101,66,68,-2,2
26102,105,111,-6,6
26103,166,165,1,1
26104,109,93,16,16
26105,75,80,-5,5
26106,86,84,2,2
26107,91,85,6,6
26108,76,78,-2,2
26109,149,152,-3,3
26110,102,95,7,7
26111,76,82,-6,6
26112,64,67,-3,3
26113,108,100,8,8
26114,99,96,3,3
26115,104,102,2,2
26116,136,137,-1,1
26117,72,90,-18,18
26118,92,84,8,8
26119,70,76,-6,6
26120,69,75,-6,6
26121,154,142,12,12
26122,129,118,11,11
26123,102,96,6,6
26124,107,100,7,7
26125,107,106,1,1
26126,75,73,2,2
26127,108,101,7,7
26128,96,89,7,7
26129,80,84,-4,4
26130,73,78,-5,5
26131,129,122,7,7
26132,57,66,-9,9
26133,92,92,0,0
26134,70,81,-11,11
26135,61,73,-12,12
26136,52,75,-23,23
26137,145,132,13,13
26138,74,81,-7,7
26139,75,74,1,1
26140,134,127,7,7
26141,105,107,-2,2
26142,108,99,9,9
26143,98,100,-2,2
26144,96,87,9,9
26145,135,128,7,7
26146,103,102,1,1
26147,84,83,1,1
26148,132,120,12,12
26149,114,97,17,17
26150,87,83,4,4
26151,55,65,-10,10
26152,65,67,-2,2
26153,48,65,-17,17
26154,64,70,-6,6
26155,113,97,16,16
26156,137,122,15,15
26157,124,117,7,7
26158,47,59,-12,12
26159,103,96,7,7
26160,136,128,8,8
26161,80,81,-1,1
26162,65,91,-26,26
26163,117,103,14,14
26164,113,115,-2,2
26165,71,72,-1,1
26166,132,136,-4,4
26167,102,85,17,17
26168,191,176,15,15
26169,127,115,12,12
26170,102,101,1,1
26171,104,101,3,3
26172,113,107,6,6
26173,74,90,-16,16
26174,143,137,6,6
26175,73,72,1,1
26176,143,135,8,8
26177,120,109,11,11
26178,95,92,3,3
26179,84,91,-7,7
26180,146,139,7,7
26181,70,72,-2,2
26182,125,105,20,20
26183,79,81,-2,2
26184,77,86,-9,9
26185,69,71,-2,2
26186,100,96,4,4
26187,190,167,23,23
26188,90,90,0,0
26189,67,83,-16,16
26190,179,170,9,9
26191,68,80,-12,12
26192,79,93,-14,14
26193,149,130,19,19
26194,87,75,12,12
26195,58,87,-29,29
26196,176,177,-1,1
26197,67,72,-5,5
26198,76,81,-5,5
26199,127,118,9,9
26200,73,74,-1,1
26201,68,73,-5,5
26202,70,74,-4,4
26203,101,96,5,5
26204,122,125,-3,3
26205,95,89,6,6
26206,90,88,2,2
26207,85,89,-4,4
26208,138,132,6,6
26209,115,113,2,2
26210,122,113,9,9
26211,59,64,-5,5
26212,51,61,-10,10
26213,106,98,8,8
26214,110,110,0,0
26215,111,112,-1,1
26216,62,81,-19,19
26217,93,82,11,11
26218,46,56,-10,10
26219,107,107,0,0
26220,144,126,18,18
26221,92,84,8,8
26222,92,91,1,1
26223,95,103,-8,8
26224,154,143,11,11
26225,54,62,-8,8
26226,102,99,3,3
26227,61,73,-12,12
26228,109,113,-4,4
26229,155,128,27,27
26230,83,77,6,6
26231,79,82,-3,3
26232,102,98,4,4
26233,133,111,22,22
26234,134,136,-2,2
26235,81,78,3,3
26236,151,142,9,9
26237,46,60,-14,14
26238,97,97,0,0
26239,62,66,-4,4
26240,114,111,3,3
26241,83,88,-5,5
26242,114,107,7,7
26243,87,97,-10,10
26244,110,96,14,14
26245,232,227,5,5
26246,35,52,-17,17
26247,96,95,1,1
26248,87,92,-5,5
26249,52,63,-11,11
26250,89,84,5,5
26251,84,78,6,6
26252,84,86,-2,2
26253,151,142,9,9
26254,51,63,-12,12
26255,112,100,12,12
26256,189,174,15,15
26257,68,72,-4,4
26258,77,79,-2,2
26259,62,71,-9,9
26260,112,108,4,4
26261,95,92,3,3
26262,81,87,-6,6
26263,108,95,13,13
26264,96,95,1,1
26265,58,61,-3,3
26266,84,85,-1,1
26267,116,101,15,15
26268,97,98,-1,1
26269,92,90,2,2
26270,101,106,-5,5
26271,56,61,-5,5
26272,74,80,-6,6
26273,115,105,10,10
26274,74,82,-8,8
26275,58,64,-6,6
26276,129,127,2,2
26277,91,91,0,0
26278,59,62,-3,3
26279,52,60,-8,8
26280,73,80,-7,7
26281,69,69,0,0
26282,119,96,23,23
26283,126,117,9,9
26284,114,94,20,20
26285,100,106,-6,6
26286,86,85,1,1
26287,116,126,-10,10
26288,72,74,-2,2
26289,61,71,-10,10
26290,83,78,5,5
26291,94,96,-2,2
26292,90,98,-8,8
26293,93,98,-5,5
26294,31,49,-18,18
26295,163,153,10,10
26296,99,95,4,4
26297,46,61,-15,15
26298,55,65,-10,10
26299,75,83,-8,8
26300,72,80,-8,8
26301,107,96,11,11
26302,89,96,-7,7
26303,66,61,5,5
26304,67,78,-11,11
26305,145,140,5,5
26306,151,141,10,10
26307,153,129,24,24
26308,56,62,-6,6
26309,97,99,-2,2
26310,162,150,12,12
26311,90,88,2,2
26312,106,99,7,7
26313,27,46,-19,19
26314,93,87,6,6
26315,105,99,6,6
26316,123,131,-8,8
26317,61,71,-10,10
26318,64,66,-2,2
26319,109,111,-2,2
26320,153,145,8,8
26321,81,81,0,0
26322,167,144,23,23
26323,100,95,5,5
26324,40,62,-22,22
26325,84,94,-10,10
26326,126,122,4,4
26327,69,75,-6,6
26328,54,53,1,1
26329,41,55,-14,14
26330,86,93,-7,7
26331,71,71,0,0
26332,97,95,2,2
26333,131,129,2,2
26334,42,53,-11,11
26335,102,101,1,1
26336,83,87,-4,4
26337,187,168,19,19
26338,180,170,10,10
26339,73,79,-6,6
26340,108,126,-18,18
26341,57,69,-12,12
26342,121,116,5,5
26343,88,91,-3,3
26344,105,104,1,1
26345,80,90,-10,10
26346,86,94,-8,8
26347,124,117,7,7
26348,117,109,8,8
26349,112,106,6,6
26350,66,71,-5,5
26351,94,101,-7,7
26352,107,105,2,2
26353,45,55,-10,10
26354,121,113,8,8
26355,82,80,2,2
26356,69,75,-6,6
26357,160,141,19,19
26358,119,106,13,13
26359,58,66,-8,8
26360,100,97,3,3
26361,72,76,-4,4
26362,67,72,-5,5
26363,66,71,-5,5
26364,119,111,8,8
26365,138,140,-2,2
26366,65,70,-5,5
26367,105,107,-2,2
26368,36,61,-25,25
26369,69,75,-6,6
26370,78,79,-1,1
26371,131,116,15,15
26372,109,115,-6,6
26373,75,76,-1,1
26374,63,65,-2,2
26375,53,68,-15,15
26376,105,104,1,1
26377,64,76,-12,12
26378,70,79,-9,9
26379,26,48,-22,22
26380,181,169,12,12
26381,66,74,-8,8
26382,130,135,-5,5
26383,122,121,1,1
26384,94,91,3,3
26385,124,121,3,3
26386,70,79,-9,9
26387,114,115,-1,1
26388,93,87,6,6
26389,106,110,-4,4
26390,96,92,4,4
26391,90,100,-10,10
26392,118,116,2,2
26393,63,88,-25,25
26394,79,85,-6,6
26395,43,61,-18,18
26396,112,114,-2,2
26397,45,50,-5,5
26398,114,119,-5,5
26399,107,96,11,11
26400,83,82,1,1
26401,40,53,-13,13
26402,98,99,-1,1
26403,115,109,6,6
26404,92,99,-7,7
26405,131,133,-2,2
26406,106,91,15,15
26407,99,95,4,4
26408,67,70,-3,3
26409,171,155,16,16
26410,128,109,19,19
26411,88,85,3,3
26412,56,67,-11,11
26413,113,105,8,8
26414,62,57,5,5
26415,81,76,5,5
26416,83,87,-4,4
26417,113,101,12,12
26418,100,102,-2,2
26419,91,86,5,5
26420,79,88,-9,9
26421,156,146,10,10
26422,113,111,2,2
26423,67,83,-16,16
26424,129,118,11,11
26425,89,92,-3,3
26426,66,71,-5,5
26427,102,107,-5,5
26428,131,126,5,5
26429,111,106,5,5
26430,47,56,-9,9
26431,37,56,-19,19
26432,92,95,-3,3
26433,91,90,1,1
26434,101,97,4,4
26435,43,63,-20,20
26436,78,75,3,3
26437,102,101,1,1
26438,92,92,0,0
26439,96,103,-7,7
26440,109,108,1,1
26441,98,101,-3,3
26442,131,115,16,16
26443,104,105,-1,1
26444,96,121,-25,25
26445,98,96,2,2
26446,66,71,-5,5
26447,75,79,-4,4
26448,70,75,-5,5
26449,49,61,-12,12
26450,110,96,14,14
26451,128,111,17,17
26452,50,59,-9,9
26453,85,89,-4,4
26454,59,63,-4,4
26455,41,58,-17,17
26456,71,74,-3,3
26457,117,105,12,12
26458,91,93,-2,2
26459,64,72,-8,8
26460,118,116,2,2
26461,43,58,-15,15
26462,134,130,4,4
26463,101,94,7,7
26464,109,97,12,12
26465,114,124,-10,10
26466,118,124,-6,6
26467,70,82,-12,12
26468,102,98,4,4
26469,157,153,4,4
26470,308,269,39,39
26471,104,111,-7,7
26472,106,94,12,12
26473,74,76,-2,2
26474,148,134,14,14
26475,106,105,1,1
26476,74,78,-4,4
26477,118,107,11,11
26478,114,112,2,2
26479,60,65,-5,5
26480,135,116,19,19
26481,60,66,-6,6
26482,62,71,-9,9
26483,120,121,-1,1
26484,150,160,-10,10
26485,112,100,12,12
26486,87,88,-1,1
26487,100,99,1,1
26488,52,65,-13,13
26489,82,85,-3,3
26490,136,139,-3,3
26491,65,73,-8,8
26492,104,95,9,9
26493,134,123,11,11
26494,104,95,9,9
26495,119,112,7,7
26496,119,107,12,12
26497,60,77,-17,17
26498,155,148,7,7
26499,129,127,2,2
26500,46,60,-14,14
26501,58,67,-9,9
26502,73,68,5,5
26503,114,99,15,15
26504,85,96,-11,11
26505,77,79,-2,2
26506,89,85,4,4
26507,186,168,18,18
26508,74,77,-3,3
26509,80,75,5,5
26510,108,107,1,1
26511,112,86,26,26
26512,38,50,-12,12
26513,61,62,-1,1
26514,109,101,8,8
26515,46,51,-5,5
26516,139,125,14,14
26517,85,88,-3,3
26518,97,92,5,5
26519,60,76,-16,16
26520,36,54,-18,18
26521,89,99,-10,10
26522,147,139,8,8
26523,94,85,9,9
26524,88,84,4,4
26525,120,108,12,12
26526,75,86,-11,11
26527,95,96,-1,1
26528,90,87,3,3
26529,46,63,-17,17
26530,49,60,-11,11
26531,145,135,10,10
26532,93,84,9,9
26533,48,57,-9,9
26534,93,90,3,3
26535,76,74,2,2
26536,51,61,-10,10
26537,102,94,8,8
26538,86,86,0,0
26539,88,86,2,2
26540,97,98,-1,1
26541,139,124,15,15
26542,163,149,14,14
26543,91,101,-10,10
26544,139,120,19,19
26545,56,72,-16,16
26546,56,74,-18,18
26547,84,83,1,1
26548,85,88,-3,3
26549,55,64,-9,9
26550,82,81,1,1
26551,90,86,4,4
26552,102,91,11,11
26553,46,61,-15,15
26554,151,144,7,7
26555,90,85,5,5
26556,78,110,-32,32
26557,70,69,1,1
26558,126,115,11,11
26559,114,114,0,0
26560,135,115,20,20
26561,209,182,27,27
26562,163,150,13,13
26563,62,70,-8,8
26564,79,96,-17,17
26565,90,86,4,4
26566,126,114,12,12
26567,161,141,20,20
26568,119,109,10,10
26569,65,79,-14,14
26570,75,102,-27,27
26571,94,86,8,8
26572,57,62,-5,5
26573,60,67,-7,7
26574,62,69,-7,7
26575,61,72,-11,11
26576,174,160,14,14
26577,65,73,-8,8
26578,122,115,7,7
26579,103,114,-11,11
26580,66,73,-7,7
26581,110,100,10,10
26582,59,69,-10,10
26583,120,108,12,12
26584,101,98,3,3
26585,94,93,1,1
26586,125,119,6,6
26587,76,77,-1,1
26588,66,73,-7,7
26589,85,90,-5,5
26590,101,101,0,0
26591,79,80,-1,1
26592,179,171,8,8
26593,73,83,-10,10
26594,97,101,-4,4
26595,40,69,-29,29
26596,75,78,-3,3
26597,157,151,6,6
26598,77,81,-4,4
26599,108,114,-6,6
26600,129,115,14,14
26601,100,101,-1,1
26602,76,90,-14,14
26603,40,53,-13,13
26604,72,77,-5,5
26605,81,81,0,0
26606,122,111,11,11
26607,77,75,2,2
26608,162,152,10,10
26609,52,61,-9,9
26610,86,82,4,4
26611,61,61,0,0
26612,139,127,12,12
26613,122,114,8,8
26614,129,127,2,2
26615,64,69,-5,5
26616,53,63,-10,10
26617,163,150,13,13
26618,76,87,-11,11
26619,47,57,-10,10
26620,57,68,-11,11
26621,142,127,15,15
26622,89,82,7,7
26623,100,101,-1,1
26624,126,130,-4,4
26625,149,132,17,17
26626,102,94,8,8
26627,51,65,-14,14
26628,131,111,20,20
26629,113,110,3,3
26630,128,113,15,15
26631,84,77,7,7
26632,88,86,2,2
26633,96,92,4,4
26634,131,111,20,20
26635,142,133,9,9
26636,139,128,11,11
26637,62,71,-9,9
26638,162,165,-3,3
26639,100,99,1,1
26640,94,92,2,2
26641,118,109,9,9
26642,140,121,19,19
26643,105,99,6,6
26644,54,65,-11,11
26645,80,84,-4,4
26646,54,61,-7,7
26647,82,87,-5,5
26648,78,81,-3,3
26649,81,82,-1,1
26650,55,64,-9,9
26651,142,143,-1,1
26652,152,138,14,14
26653,121,115,6,6
26654,109,102,7,7
26655,80,88,-8,8
26656,73,78,-5,5
26657,154,121,33,33
26658,122,120,2,2
26659,85,85,0,0
26660,65,75,-10,10
26661,127,112,15,15
26662,44,56,-12,12
26663,90,97,-7,7
26664,115,112,3,3
26665,124,116,8,8
26666,148,146,2,2
26667,49,56,-7,7
26668,77,80,-3,3
26669,173,160,13,13
26670,68,73,-5,5
26671,149,146,3,3
26672,73,76,-3,3
26673,54,62,-8,8
26674,90,83,7,7
26675,73,79,-6,6
26676,74,82,-8,8
26677,49,56,-7,7
26678,79,78,1,1
26679,117,115,2,2
26680,57,72,-15,15
26681,123,106,17,17
26682,94,90,4,4
26683,124,102,22,22
26684,74,80,-6,6
26685,63,71,-8,8
26686,116,105,11,11
26687,93,86,7,7
26688,115,118,-3,3
26689,64,69,-5,5
26690,117,118,-1,1
26691,74,80,-6,6
26692,49,54,-5,5
26693,72,72,0,0
26694,86,88,-2,2
26695,52,63,-11,11
26696,87,87,0,0
26697,152,148,4,4
26698,61,73,-12,12
26699,67,76,-9,9
26700,64,75,-11,11
26701,100,98,2,2
26702,135,114,21,21
26703,120,119,1,1
26704,124,108,16,16
26705,105,110,-5,5
26706,144,147,-3,3
26707,100,98,2,2
26708,80,84,-4,4
26709,73,87,-14,14
26710,82,85,-3,3
26711,76,74,2,2
26712,115,111,4,4
26713,106,105,1,1
26714,125,123,2,2
26715,86,83,3,3
26716,94,90,4,4
26717,80,85,-5,5
26718,145,126,19,19
26719,122,113,9,9
26720,122,116,6,6
26721,115,109,6,6
26722,66,71,-5,5
26723,85,81,4,4
26724,95,100,-5,5
26725,110,98,12,12
26726,49,70,-21,21
26727,80,93,-13,13
26728,101,93,8,8
26729,77,79,-2,2
26730,89,98,-9,9
26731,130,112,18,18
26732,106,116,-10,10
26733,56,62,-6,6
26734,68,69,-1,1
26735,152,141,11,11
26736,113,113,0,0
26737,98,96,2,2
26738,125,116,9,9
26739,71,75,-4,4
26740,123,112,11,11
26741,97,82,15,15
26742,77,78,-1,1
26743,56,69,-13,13
26744,127,118,9,9
26745,49,65,-16,16
26746,115,105,10,10
26747,61,68,-7,7
26748,97,92,5,5
26749,101,102,-1,1
26750,77,85,-8,8
26751,117,122,-5,5
26752,90,98,-8,8
26753,120,110,10,10
26754,80,83,-3,3
26755,71,70,1,1
26756,54,65,-11,11
26757,80,86,-6,6
26758,110,108,2,2
26759,71,89,-18,18
26760,82,87,-5,5
26761,68,80,-12,12
26762,78,86,-8,8
26763,69,68,1,1
26764,87,93,-6,6
26765,94,88,6,6
26766,137,126,11,11
26767,57,66,-9,9
26768,56,62,-6,6
26769,57,71,-14,14
26770,62,68,-6,6
26771,63,77,-14,14
26772,165,150,15,15
26773,115,106,9,9
26774,133,124,9,9
26775,94,85,9,9
26776,107,108,-1,1
26777,106,99,7,7
26778,112,115,-3,3
26779,93,95,-2,2
26780,55,68,-13,13
26781,85,86,-1,1
26782,41,55,-14,14
26783,120,106,14,14
26784,99,96,3,3
26785,83,76,7,7
26786,84,85,-1,1
26787,110,103,7,7
26788,124,139,-15,15
26789,122,112,10,10
26790,38,53,-15,15
26791,120,109,11,11
26792,97,97,0,0
26793,61,70,-9,9
26794,113,116,-3,3
26795,74,74,0,0
26796,79,77,2,2
26797,125,107,18,18
26798,81,83,-2,2
26799,125,116,9,9
26800,123,122,1,1
26801,90,97,-7,7
26802,48,62,-14,14
26803,55,68,-13,13
26804,62,77,-15,15
26805,64,80,-16,16
26806,91,91,0,0
26807,145,144,1,1
26808,86,82,4,4
26809,66,76,-10,10
26810,116,123,-7,7
26811,76,80,-4,4
26812,88,95,-7,7
26813,103,108,-5,5
26814,97,100,-3,3
26815,138,124,14,14
26816,75,80,-5,5
26817,92,86,6,6
26818,149,144,5,5
26819,60,67,-7,7
26820,108,109,-1,1
26821,30,48,-18,18
26822,89,83,6,6
26823,49,65,-16,16
26824,97,92,5,5
26825,128,112,16,16
26826,96,96,0,0
26827,96,94,2,2
26828,63,63,0,0
26829,76,80,-4,4
26830,106,109,-3,3
26831,79,90,-11,11
26832,127,116,11,11
26833,45,60,-15,15
26834,105,109,-4,4
26835,90,89,1,1
26836,43,59,-16,16
26837,235,147,88,88
26838,50,65,-15,15
26839,111,103,8,8
26840,69,69,0,0
26841,52,129,-77,77
26842,105,102,3,3
26843,49,60,-11,11
26844,66,74,-8,8
26845,64,72,-8,8
26846,75,74,1,1
26847,70,76,-6,6
26848,96,90,6,6
26849,86,91,-5,5
26850,109,103,6,6
26851,357,216,141,141
26852,74,76,-2,2
26853,96,98,-2,2
26854,101,103,-2,2
26855,86,88,-2,2
26856,97,87,10,10
26857,47,53,-6,6
26858,76,91,-15,15
26859,139,128,11,11
26860,127,119,8,8
26861,119,110,9,9
26862,133,123,10,10
26863,190,186,4,4
26864,119,107,12,12
26865,96,92,4,4
26866,31,46,-15,15
26867,94,104,-10,10
26868,112,125,-13,13
26869,104,98,6,6
26870,162,144,18,18
26871,128,119,9,9
26872,142,140,2,2
26873,107,81,26,26
26874,120,104,16,16
26875,57,70,-13,13
26876,157,145,12,12
26877,94,92,2,2
26878,109,115,-6,6
26879,58,72,-14,14
26880,108,92,16,16
26881,88,82,6,6
26882,123,125,-2,2
26883,85,85,0,0
26884,136,144,-8,8
26885,72,80,-8,8
26886,77,79,-2,2
26887,59,65,-6,6
26888,154,138,16,16
26889,63,81,-18,18
26890,40,55,-15,15
26891,142,148,-6,6
26892,160,145,15,15
26893,68,67,1,1
26894,91,83,8,8
26895,77,85,-8,8
26896,135,129,6,6
26897,134,194,-60,60
26898,172,170,2,2
26899,131,154,-23,23
26900,86,94,-8,8
26901,67,77,-10,10
26902,55,62,-7,7
26903,148,137,11,11
26904,66,75,-9,9
26905,120,105,15,15
26906,83,85,-2,2
26907,101,94,7,7
26908,83,78,5,5
26909,106,123,-17,17
26910,99,96,3,3
26911,67,73,-6,6
26912,130,124,6,6
26913,79,83,-4,4
26914,43,59,-16,16
26915,146,131,15,15
26916,57,64,-7,7
26917,100,109,-9,9
26918,139,118,21,21
26919,114,99,15,15
26920,61,70,-9,9
26921,77,97,-20,20
26922,102,106,-4,4
26923,104,98,6,6
26924,145,140,5,5
26925,81,88,-7,7
26926,87,95,-8,8
26927,135,139,-4,4
26928,117,113,4,4
26929,82,78,4,4
26930,118,112,6,6
26931,106,108,-2,2
26932,123,121,2,2
26933,109,108,1,1
26934,66,71,-5,5
26935,86,87,-1,1
26936,104,106,-2,2
26937,61,77,-16,16
26938,59,85,-26,26
26939,68,74,-6,6
26940,68,73,-5,5
26941,63,72,-9,9
26942,85,83,2,2
26943,135,133,2,2
26944,117,117,0,0
26945,134,120,14,14
26946,104,103,1,1
26947,73,77,-4,4
26948,79,80,-1,1
26949,137,129,8,8
26950,106,93,13,13
26951,80,74,6,6
26952,175,151,24,24
26953,96,98,-2,2
26954,137,123,14,14
26955,119,114,5,5
26956,118,108,10,10
26957,135,130,5,5
26958,127,101,26,26
26959,103,104,-1,1
26960,87,87,0,0
26961,90,77,13,13
26962,50,62,-12,12
26963,68,75,-7,7
26964,75,80,-5,5
26965,150,150,0,0
26966,107,97,10,10
26967,122,117,5,5
26968,48,56,-8,8
26969,141,139,2,2
26970,96,92,4,4
26971,93,93,0,0
26972,85,82,3,3
26973,55,65,-10,10
26974,51,64,-13,13
26975,99,95,4,4
26976,52,69,-17,17
26977,79,74,5,5
26978,110,106,4,4
26979,121,110,11,11
26980,37,50,-13,13
26981,92,97,-5,5
26982,66,63,3,3
26983,148,116,32,32
26984,83,84,-1,1
26985,175,159,16,16
26986,88,82,6,6
26987,110,101,9,9
26988,79,86,-7,7
26989,64,66,-2,2
26990,124,110,14,14
26991,129,119,10,10
26992,91,92,-1,1
26993,59,65,-6,6
26994,49,72,-23,23
26995,132,124,8,8
26996,76,106,-30,30
26997,110,101,9,9
26998,61,65,-4,4
26999,90,95,-5,5
27000,126,122,4,4
27001,98,97,1,1
27002,59,64,-5,5
27003,93,96,-3,3
27004,76,71,5,5
27005,75,72,3,3
27006,85,90,-5,5
27007,149,131,18,18
27008,89,87,2,2
27009,112,107,5,5
27010,88,82,6,6
27011,65,69,-4,4
27012,86,88,-2,2
27013,64,64,0,0
27014,81,95,-14,14
27015,86,88,-2,2
27016,70,73,-3,3
27017,150,122,28,28
27018,102,98,4,4
27019,92,85,7,7
27020,47,66,-19,19
27021,92,96,-4,4
27022,108,101,7,7
27023,85,87,-2,2
27024,127,119,8,8
27025,114,107,7,7
27026,89,81,8,8
27027,98,100,-2,2
27028,47,52,-5,5
27029,95,102,-7,7
27030,174,169,5,5
27031,74,76,-2,2
27032,214,203,11,11
27033,35,54,-19,19
27034,202,198,4,4
27035,83,82,1,1
27036,125,112,13,13
27037,109,95,14,14
27038,54,67,-13,13
27039,56,65,-9,9
27040,71,78,-7,7
27041,81,80,1,1
27042,78,82,-4,4
27043,61,65,-4,4
27044,77,79,-2,2
27045,114,104,10,10
27046,59,67,-8,8
27047,116,120,-4,4
27048,49,66,-17,17
27049,66,84,-18,18
27050,91,81,10,10
27051,98,98,0,0
27052,73,80,-7,7
27053,78,80,-2,2
27054,105,105,0,0
27055,112,104,8,8
27056,84,91,-7,7
27057,78,73,5,5
27058,112,114,-2,2
27059,178,147,31,31
27060,134,130,4,4
27061,93,91,2,2
27062,99,97,2,2
27063,67,73,-6,6
27064,76,82,-6,6
27065,80,78,2,2
27066,74,75,-1,1
27067,83,87,-4,4
27068,99,108,-9,9
27069,70,70,0,0
27070,64,74,-10,10
27071,128,118,10,10
27072,93,85,8,8
27073,65,70,-5,5
27074,40,55,-15,15
27075,133,121,12,12
27076,97,98,-1,1
27077,89,95,-6,6
27078,73,78,-5,5
27079,102,94,8,8
27080,62,68,-6,6
27081,91,92,-1,1
27082,147,134,13,13
27083,70,71,-1,1
27084,71,74,-3,3
27085,86,86,0,0
27086,62,69,-7,7
27087,104,91,13,13
27088,72,72,0,0
27089,52,61,-9,9
27090,38,54,-16,16
27091,67,76,-9,9
27092,196,180,16,16
27093,47,55,-8,8
27094,51,63,-12,12
27095,88,88,0,0
27096,96,96,0,0
27097,42,53,-11,11
27098,101,103,-2,2
27099,105,97,8,8
27100,70,73,-3,3
27101,87,99,-12,12
27102,120,117,3,3
27103,71,72,-1,1
27104,118,107,11,11
27105,71,84,-13,13
27106,101,106,-5,5
27107,80,79,1,1
27108,107,98,9,9
27109,87,81,6,6
27110,60,68,-8,8
27111,56,59,-3,3
27112,79,87,-8,8
27113,148,139,9,9
27114,75,77,-2,2
27115,53,63,-10,10
27116,88,87,1,1
27117,104,122,-18,18
27118,77,74,3,3
27119,53,62,-9,9
27120,114,109,5,5
27121,74,73,1,1
27122,73,86,-13,13
27123,127,116,11,11
27124,81,80,1,1
27125,127,126,1,1
27126,139,123,16,16
27127,78,81,-3,3
27128,79,79,0,0
27129,115,103,12,12
27130,125,110,15,15
27131,141,133,8,8
27132,127,110,17,17
27133,105,105,0,0
27134,57,69,-12,12
27135,99,100,-1,1
27136,91,86,5,5
27137,98,91,7,7
27138,114,122,-8,8
27139,74,77,-3,3
27140,143,122,21,21
27141,68,73,-5,5
27142,159,145,14,14
27143,69,72,-3,3
27144,72,74,-2,2
27145,48,62,-14,14
27146,110,106,4,4
27147,86,85,1,1
27148,72,77,-5,5
27149,80,77,3,3
27150,70,78,-8,8
27151,37,55,-18,18
27152,79,81,-2,2
27153,53,57,-4,4
27154,82,81,1,1
27155,55,68,-13,13
27156,72,81,-9,9
27157,104,104,0,0
27158,81,83,-2,2
27159,131,131,0,0
27160,110,116,-6,6
27161,70,80,-10,10
27162,96,98,-2,2
27163,56,72,-16,16
27164,76,84,-8,8
27165,87,90,-3,3
27166,100,95,5,5
27167,51,64,-13,13
27168,67,69,-2,2
27169,50,63,-13,13
27170,72,94,-22,22
27171,69,75,-6,6
27172,96,98,-2,2
27173,90,84,6,6
27174,84,86,-2,2
27175,136,134,2,2
27176,83,84,-1,1
27177,93,97,-4,4
27178,130,142,-12,12
27179,111,109,2,2
27180,107,115,-8,8
27181,112,118,-6,6
27182,27,44,-17,17
27183,156,137,19,19
27184,102,94,8,8
27185,122,117,5,5
27186,114,104,10,10
27187,39,56,-17,17
27188,137,125,12,12
27189,86,85,1,1
27190,83,80,3,3
27191,148,139,9,9
27192,108,105,3,3
27193,102,98,4,4
27194,95,96,-1,1
27195,52,68,-16,16
27196,78,85,-7,7
27197,99,98,1,1
27198,124,123,1,1
27199,94,102,-8,8
27200,120,119,1,1
27201,102,102,0,0
27202,128,126,2,2
27203,64,68,-4,4
27204,78,78,0,0
27205,65,78,-13,13
27206,128,127,1,1
27207,88,82,6,6
27208,63,78,-15,15
27209,86,94,-8,8
27210,102,102,0,0
27211,120,96,24,24
27212,95,100,-5,5
27213,83,83,0,0
27214,96,103,-7,7
27215,75,79,-4,4
27216,50,62,-12,12
27217,69,71,-2,2
27218,118,104,14,14
27219,103,106,-3,3
27220,88,94,-6,6
27221,83,85,-2,2
27222,113,102,11,11
27223,89,83,6,6
27224,92,91,1,1
27225,96,99,-3,3
27226,97,115,-18,18
27227,57,63,-6,6
27228,70,76,-6,6
27229,79,87,-8,8
27230,81,82,-1,1
27231,106,99,7,7
27232,178,160,18,18
27233,141,137,4,4
27234,97,95,2,2
27235,152,149,3,3
27236,82,84,-2,2
27237,62,68,-6,6
27238,69,78,-9,9
27239,145,135,10,10
27240,80,79,1,1
27241,124,116,8,8
27242,128,128,0,0
27243,147,131,16,16
27244,181,178,3,3
27245,92,97,-5,5
27246,48,58,-10,10
27247,144,137,7,7
27248,54,68,-14,14
27249,116,106,10,10
27250,106,103,3,3
27251,72,75,-3,3
27252,139,124,15,15
27253,153,149,4,4
27254,105,97,8,8
27255,152,137,15,15
27256,137,115,22,22
27257,123,121,2,2
27258,49,66,-17,17
27259,80,78,2,2
27260,63,64,-1,1
27261,35,67,-32,32
27262,53,64,-11,11
27263,80,86,-6,6
27264,56,62,-6,6
27265,143,143,0,0
27266,160,148,12,12
27267,98,95,3,3
27268,98,93,5,5
27269,83,86,-3,3
27270,117,123,-6,6
27271,143,141,2,2
27272,91,97,-6,6
27273,60,72,-12,12
27274,106,98,8,8
27275,33,52,-19,19
27276,65,69,-4,4
27277,79,79,0,0
27278,47,54,-7,7
27279,78,80,-2,2
27280,108,108,0,0
27281,59,71,-12,12
27282,75,84,-9,9
27283,130,126,4,4
27284,75,85,-10,10
27285,89,90,-1,1
27286,85,82,3,3
27287,127,115,12,12
27288,71,84,-13,13
27289,103,99,4,4
27290,40,53,-13,13
27291,57,76,-19,19
27292,142,132,10,10
27293,61,76,-15,15
27294,77,76,1,1
27295,95,98,-3,3
27296,90,76,14,14
27297,101,100,1,1
27298,64,68,-4,4
27299,154,128,26,26
27300,90,88,2,2
27301,103,99,4,4
27302,134,123,11,11
27303,96,78,18,18
27304,48,60,-12,12
27305,88,82,6,6
27306,126,117,9,9
27307,80,75,5,5
27308,66,71,-5,5
27309,43,52,-9,9
27310,71,72,-1,1
27311,102,100,2,2
27312,78,79,-1,1
27313,99,96,3,3
27314,110,103,7,7
27315,105,101,4,4
27316,103,107,-4,4
27317,103,100,3,3
27318,62,87,-25,25
27319,92,95,-3,3
27320,68,77,-9,9
27321,94,94,0,0
27322,97,97,0,0
27323,50,68,-18,18
27324,46,71,-25,25
27325,76,76,0,0
27326,127,106,21,21
27327,55,62,-7,7
27328,62,68,-6,6
27329,114,114,0,0
27330,70,71,-1,1
27331,110,106,4,4
27332,115,110,5,5
27333,102,92,10,10
27334,105,107,-2,2
27335,99,95,4,4
27336,122,117,5,5
27337,69,78,-9,9
27338,69,66,3,3
27339,79,80,-1,1
27340,67,76,-9,9
27341,76,75,1,1
27342,54,61,-7,7
27343,96,93,3,3
27344,90,89,1,1
27345,73,74,-1,1
27346,76,82,-6,6
27347,48,59,-11,11
27348,104,106,-2,2
27349,64,72,-8,8
27350,76,80,-4,4
27351,106,103,3,3
27352,58,66,-8,8
27353,118,119,-1,1
27354,78,82,-4,4
27355,119,115,4,4
27356,64,73,-9,9
27357,144,115,29,29
27358,112,103,9,9
27359,60,69,-9,9
27360,58,85,-27,27
27361,148,160,-12,12
27362,70,70,0,0
27363,193,170,23,23
27364,90,93,-3,3
27365,50,60,-10,10
27366,94,87,7,7
27367,114,105,9,9
27368,57,70,-13,13
27369,72,86,-14,14
27370,97,85,12,12
27371,121,113,8,8
27372,96,94,2,2
27373,78,82,-4,4
27374,124,126,-2,2
27375,156,149,7,7
27376,103,96,7,7
27377,117,119,-2,2
27378,75,70,5,5
27379,101,102,-1,1
27380,45,55,-10,10
27381,60,65,-5,5
27382,124,121,3,3
27383,129,121,8,8
27384,90,95,-5,5
27385,79,86,-7,7
27386,64,71,-7,7
27387,87,97,-10,10
27388,138,131,7,7
27389,106,103,3,3
27390,96,98,-2,2
27391,124,119,5,5
27392,78,79,-1,1
27393,99,96,3,3
27394,208,170,38,38
27395,111,106,5,5
27396,107,101,6,6
27397,92,85,7,7
27398,87,83,4,4
27399,108,115,-7,7
27400,70,68,2,2
27401,115,110,5,5
27402,86,91,-5,5
27403,86,83,3,3
27404,165,160,5,5
27405,59,96,-37,37
27406,111,114,-3,3
27407,196,169,27,27
27408,99,98,1,1
27409,121,97,24,24
27410,57,63,-6,6
27411,78,78,0,0
27412,98,98,0,0
27413,90,83,7,7
27414,89,95,-6,6
27415,97,94,3,3
27416,77,81,-4,4
27417,78,80,-2,2
27418,95,106,-11,11
27419,98,98,0,0
27420,126,113,13,13
27421,107,105,2,2
27422,83,84,-1,1
27423,129,129,0,0
27424,93,96,-3,3
27425,210,175,35,35
27426,112,110,2,2
27427,51,61,-10,10
27428,93,82,11,11
27429,61,73,-12,12
27430,76,86,-10,10
27431,107,104,3,3
27432,115,97,18,18
27433,106,105,1,1
27434,77,82,-5,5
27435,102,102,0,0
27436,54,68,-14,14
27437,81,77,4,4
27438,64,80,-16,16
27439,134,130,4,4
27440,124,112,12,12
27441,49,62,-13,13
27442,90,99,-9,9
27443,72,70,2,2
27444,76,82,-6,6
27445,114,105,9,9
27446,59,74,-15,15
27447,97,111,-14,14
27448,96,91,5,5
27449,177,141,36,36
27450,111,104,7,7
27451,105,110,-5,5
27452,78,88,-10,10
27453,85,94,-9,9
27454,71,74,-3,3
27455,114,113,1,1
27456,78,85,-7,7
27457,164,150,14,14
27458,75,82,-7,7
27459,128,119,9,9
27460,105,115,-10,10
27461,75,76,-1,1
27462,87,88,-1,1
27463,104,97,7,7
27464,130,119,11,11
27465,101,104,-3,3
27466,81,82,-1,1
27467,75,79,-4,4
27468,115,106,9,9
27469,80,77,3,3
27470,54,70,-16,16
27471,93,95,-2,2
27472,142,113,29,29
27473,41,58,-17,17
27474,78,82,-4,4
27475,62,71,-9,9
27476,68,82,-14,14
27477,45,60,-15,15
27478,99,97,2,2
27479,92,86,6,6
27480,88,82,6,6
27481,134,134,0,0
27482,112,105,7,7
27483,97,101,-4,4
27484,131,134,-3,3
27485,71,74,-3,3
27486,39,55,-16,16
27487,68,74,-6,6
27488,47,53,-6,6
27489,60,64,-4,4
27490,151,120,31,31
27491,81,77,4,4
27492,104,97,7,7
27493,99,102,-3,3
27494,103,100,3,3
27495,84,84,0,0
27496,92,92,0,0
27497,108,106,2,2
27498,124,116,8,8
27499,68,78,-10,10
27500,107,110,-3,3
27501,97,86,11,11
27502,108,101,7,7
27503,54,68,-14,14
27504,75,77,-2,2
27505,43,58,-15,15
27506,105,105,0,0
27507,103,108,-5,5
27508,85,92,-7,7
27509,121,116,5,5
27510,85,87,-2,2
27511,102,95,7,7
27512,113,116,-3,3
27513,70,77,-7,7
27514,120,108,12,12
27515,106,96,10,10
27516,72,80,-8,8
27517,89,92,-3,3
27518,90,88,2,2
27519,52,59,-7,7
27520,78,83,-5,5
27521,88,95,-7,7
27522,290,240,50,50
27523,98,95,3,3
27524,94,98,-4,4
27525,130,116,14,14
27526,50,73,-23,23
27527,102,94,8,8
27528,72,76,-4,4
27529,79,78,1,1
27530,101,99,2,2
27531,88,81,7,7
27532,75,81,-6,6
27533,109,117,-8,8
27534,68,74,-6,6
27535,117,111,6,6
27536,112,112,0,0
27537,149,137,12,12
27538,94,99,-5,5
27539,73,78,-5,5
27540,86,84,2,2
27541,68,79,-11,11
27542,94,93,1,1
27543,96,98,-2,2
27544,86,108,-22,22
27545,84,87,-3,3
27546,98,88,10,10
27547,149,136,13,13
27548,92,92,0,0
27549,72,71,1,1
27550,108,104,4,4
27551,85,96,-11,11
27552,92,93,-1,1
27553,72,81,-9,9
27554,73,82,-9,9
27555,91,92,-1,1
27556,167,167,0,0
27557,78,87,-9,9
27558,50,70,-20,20
27559,96,84,12,12
27560,105,105,0,0
27561,102,99,3,3
27562,106,97,9,9
27563,138,125,13,13
27564,123,124,-1,1
27565,76,78,-2,2
27566,95,93,2,2
27567,87,88,-1,1
27568,154,151,3,3
27569,75,76,-1,1
27570,137,122,15,15
27571,98,86,12,12
27572,96,98,-2,2
27573,68,75,-7,7
27574,66,82,-16,16
27575,96,96,0,0
27576,99,99,0,0
27577,53,71,-18,18
27578,36,68,-32,32
27579,79,94,-15,15
27580,108,106,2,2
27581,20,43,-23,23
27582,95,97,-2,2
27583,78,83,-5,5
27584,114,112,2,2
27585,89,101,-12,12
27586,118,134,-16,16
27587,163,145,18,18
27588,64,68,-4,4
27589,50,55,-5,5
27590,65,70,-5,5
27591,91,87,4,4
27592,126,125,1,1
27593,96,98,-2,2
27594,115,105,10,10
27595,114,107,7,7
27596,139,113,26,26
27597,45,67,-22,22
27598,155,150,5,5
27599,77,75,2,2
27600,105,91,14,14
27601,156,129,27,27
27602,90,91,-1,1
27603,105,96,9,9
27604,36,51,-15,15
27605,134,141,-7,7
27606,111,115,-4,4
27607,61,62,-1,1
27608,97,98,-1,1
27609,76,79,-3,3
27610,81,86,-5,5
27611,71,71,0,0
27612,99,95,4,4
27613,98,99,-1,1
27614,89,85,4,4
27615,153,145,8,8
27616,110,110,0,0
27617,61,68,-7,7
27618,72,81,-9,9
27619,107,102,5,5
27620,107,101,6,6
27621,116,107,9,9
27622,116,106,10,10
27623,71,78,-7,7
27624,95,95,0,0
27625,99,99,0,0
27626,59,65,-6,6
27627,107,124,-17,17
27628,130,122,8,8
27629,95,81,14,14
27630,165,143,22,22
27631,171,150,21,21
27632,93,99,-6,6
27633,79,86,-7,7
27634,175,156,19,19
27635,121,116,5,5
27636,155,148,7,7
27637,174,168,6,6
27638,81,76,5,5
27639,57,63,-6,6
27640,180,147,33,33
27641,116,106,10,10
27642,162,155,7,7
27643,77,80,-3,3
27644,78,79,-1,1
27645,111,104,7,7
27646,87,82,5,5
27647,37,52,-15,15
27648,176,166,10,10
27649,69,79,-10,10
27650,72,79,-7,7
27651,91,95,-4,4
27652,102,101,1,1
27653,81,84,-3,3
27654,142,135,7,7
27655,189,165,24,24
27656,200,178,22,22
27657,61,71,-10,10
27658,89,89,0,0
27659,94,98,-4,4
27660,88,87,1,1
27661,85,83,2,2
27662,88,89,-1,1
27663,52,61,-9,9
27664,61,83,-22,22
27665,79,81,-2,2
27666,141,129,12,12
27667,83,84,-1,1
27668,112,142,-30,30
27669,123,114,9,9
27670,54,62,-8,8
27671,66,71,-5,5
27672,117,114,3,3
27673,73,78,-5,5
27674,70,83,-13,13
27675,66,70,-4,4
27676,105,115,-10,10
27677,77,82,-5,5
27678,100,98,2,2
27679,167,146,21,21
27680,73,73,0,0
27681,130,123,7,7
27682,87,76,11,11
27683,85,82,3,3
27684,69,76,-7,7
27685,73,77,-4,4
27686,77,84,-7,7
27687,138,131,7,7
27688,80,89,-9,9
27689,55,64,-9,9
27690,117,102,15,15
27691,110,104,6,6
27692,60,64,-4,4
27693,96,87,9,9
27694,85,81,4,4
27695,106,111,-5,5
27696,94,92,2,2
27697,69,79,-10,10
27698,125,122,3,3
27699,179,156,23,23
27700,86,84,2,2
27701,129,122,7,7
27702,82,86,-4,4
27703,91,82,9,9
27704,150,143,7,7
27705,57,68,-11,11
27706,70,75,-5,5
27707,134,126,8,8
27708,71,77,-6,6
27709,74,84,-10,10
27710,83,84,-1,1
27711,82,99,-17,17
27712,70,75,-5,5
27713,82,91,-9,9
27714,52,62,-10,10
27715,93,85,8,8
27716,54,68,-14,14
27717,136,136,0,0
27718,72,75,-3,3
27719,86,106,-20,20
27720,108,112,-4,4
27721,93,87,6,6
27722,57,78,-21,21
27723,78,80,-2,2
27724,130,118,12,12
27725,83,87,-4,4
27726,116,102,14,14
27727,103,94,9,9
27728,79,84,-5,5
27729,43,57,-14,14
27730,100,99,1,1
27731,77,80,-3,3
27732,127,119,8,8
27733,83,83,0,0
27734,134,145,-11,11
27735,108,95,13,13
27736,122,110,12,12
27737,86,90,-4,4
27738,71,75,-4,4
27739,111,105,6,6
27740,132,116,16,16
27741,200,185,15,15
27742,77,77,0,0
27743,131,113,18,18
27744,75,80,-5,5
27745,66,69,-3,3
27746,83,83,0,0
27747,155,140,15,15
27748,104,92,12,12
27749,85,84,1,1
27750,149,130,19,19
27751,198,238,-40,40
27752,68,83,-15,15
27753,143,106,37,37
27754,118,103,15,15
27755,75,80,-5,5
27756,150,168,-18,18
27757,52,60,-8,8
27758,153,146,7,7
27759,88,99,-11,11
27760,101,111,-10,10
27761,74,75,-1,1
27762,102,107,-5,5
27763,140,128,12,12
27764,71,69,2,2
27765,110,94,16,16
27766,110,107,3,3
27767,63,69,-6,6
27768,66,76,-10,10
27769,49,62,-13,13
27770,54,62,-8,8
27771,86,87,-1,1
27772,58,65,-7,7
27773,54,64,-10,10
27774,60,71,-11,11
27775,77,79,-2,2
27776,70,81,-11,11
27777,91,88,3,3
27778,112,110,2,2
27779,89,88,1,1
27780,80,79,1,1
27781,95,94,1,1
27782,98,93,5,5
27783,91,89,2,2
27784,117,111,6,6
27785,76,83,-7,7
27786,126,147,-21,21
27787,131,115,16,16
27788,65,72,-7,7
27789,90,85,5,5
27790,77,80,-3,3
27791,114,110,4,4
27792,88,85,3,3
27793,90,88,2,2
27794,84,90,-6,6
27795,135,116,19,19
27796,95,89,6,6
27797,94,101,-7,7
27798,106,102,4,4
27799,75,77,-2,2
27800,115,107,8,8
27801,143,141,2,2
27802,60,59,1,1
27803,68,69,-1,1
27804,73,73,0,0
27805,168,143,25,25
27806,99,102,-3,3
27807,108,104,4,4
27808,77,87,-10,10
27809,60,61,-1,1
27810,79,77,2,2
27811,103,113,-10,10
27812,120,120,0,0
27813,137,143,-6,6
27814,80,90,-10,10
27815,78,81,-3,3
27816,49,66,-17,17
27817,97,106,-9,9
27818,104,102,2,2
27819,172,156,16,16
27820,154,146,8,8
27821,93,97,-4,4
27822,103,96,7,7
27823,51,63,-12,12
27824,72,77,-5,5
27825,81,84,-3,3
27826,69,68,1,1
27827,111,99,12,12
27828,106,102,4,4
27829,143,128,15,15
27830,46,53,-7,7
27831,118,119,-1,1
27832,136,117,19,19
27833,103,96,7,7
27834,115,118,-3,3
27835,100,96,4,4
27836,130,118,12,12
27837,146,130,16,16
27838,106,101,5,5
27839,160,152,8,8
27840,151,114,37,37
27841,111,106,5,5
27842,132,112,20,20
27843,70,68,2,2
27844,95,96,-1,1
27845,113,105,8,8
27846,100,132,-32,32
27847,84,77,7,7
27848,144,125,19,19
27849,75,84,-9,9
27850,127,128,-1,1
27851,35,51,-16,16
27852,48,68,-20,20
27853,52,63,-11,11
27854,110,107,3,3
27855,109,103,6,6
27856,72,80,-8,8
27857,99,96,3,3
27858,58,60,-2,2
27859,81,76,5,5
27860,96,84,12,12
27861,71,74,-3,3
27862,122,101,21,21
27863,151,137,14,14
27864,92,90,2,2
27865,69,75,-6,6
27866,111,104,7,7
27867,106,97,9,9
27868,122,117,5,5
27869,100,85,15,15
27870,62,71,-9,9
27871,77,77,0,0
27872,111,107,4,4
27873,68,79,-11,11
27874,97,93,4,4
27875,118,88,30,30
27876,118,117,1,1
27877,97,104,-7,7
27878,78,82,-4,4
27879,146,140,6,6
27880,99,98,1,1
27881,76,77,-1,1
27882,64,66,-2,2
27883,48,62,-14,14
27884,89,87,2,2
27885,59,67,-8,8
27886,74,81,-7,7
27887,72,80,-8,8
27888,83,81,2,2
27889,83,74,9,9
27890,97,101,-4,4
27891,100,96,4,4
27892,181,179,2,2
27893,37,49,-12,12
27894,64,72,-8,8
27895,84,77,7,7
27896,68,70,-2,2
27897,54,62,-8,8
27898,85,84,1,1
27899,75,80,-5,5
27900,98,98,0,0
27901,147,134,13,13
27902,138,130,8,8
27903,61,67,-6,6
27904,83,90,-7,7
27905,158,141,17,17
27906,119,109,10,10
27907,88,84,4,4
27908,119,111,8,8
27909,118,103,15,15
27910,68,74,-6,6
27911,49,60,-11,11
27912,112,104,8,8
27913,113,106,7,7
27914,83,90,-7,7
27915,81,88,-7,7
27916,31,51,-20,20
27917,87,79,8,8
27918,144,134,10,10
27919,133,138,-5,5
27920,137,132,5,5
27921,95,97,-2,2
27922,80,83,-3,3
27923,109,105,4,4
27924,90,95,-5,5
27925,70,73,-3,3
27926,66,77,-11,11
27927,81,76,5,5
27928,156,148,8,8
27929,70,82,-12,12
27930,95,101,-6,6
27931,109,99,10,10
27932,61,107,-46,46
27933,40,49,-9,9
27934,138,141,-3,3
27935,96,87,9,9
27936,53,69,-16,16
27937,85,94,-9,9
27938,137,122,15,15
27939,113,107,6,6
27940,127,121,6,6
27941,77,74,3,3
27942,66,75,-9,9
27943,36,50,-14,14
27944,83,87,-4,4
27945,120,102,18,18
27946,55,69,-14,14
27947,61,74,-13,13
27948,68,71,-3,3
27949,93,95,-2,2
27950,173,164,9,9
27951,58,68,-10,10
27952,75,79,-4,4
27953,83,75,8,8
27954,141,145,-4,4
27955,67,72,-5,5
27956,35,55,-20,20
27957,63,74,-11,11
27958,52,61,-9,9
27959,183,167,16,16
27960,52,59,-7,7
27961,72,75,-3,3
27962,77,82,-5,5
27963,61,63,-2,2
27964,124,107,17,17
27965,78,82,-4,4
27966,123,118,5,5
27967,122,119,3,3
27968,88,89,-1,1
27969,74,82,-8,8
27970,66,76,-10,10
27971,69,80,-11,11
27972,92,95,-3,3
27973,79,78,1,1
27974,45,70,-25,25
27975,115,115,0,0
27976,143,137,6,6
27977,99,102,-3,3
27978,129,132,-3,3
27979,103,101,2,2
27980,90,99,-9,9
27981,88,87,1,1
27982,123,123,0,0
27983,175,148,27,27
27984,95,92,3,3
27985,105,103,2,2
27986,65,74,-9,9
27987,66,64,2,2
27988,137,120,17,17
27989,84,89,-5,5
27990,110,101,9,9
27991,118,104,14,14
27992,114,112,2,2
27993,97,106,-9,9
27994,90,87,3,3
27995,124,122,2,2
27996,158,152,6,6
27997,67,92,-25,25
27998,96,90,6,6
27999,97,94,3,3
28000,108,102,6,6
28001,106,100,6,6
28002,56,63,-7,7
28003,69,74,-5,5
28004,41,57,-16,16
28005,67,71,-4,4
28006,172,164,8,8
28007,53,63,-10,10
28008,94,88,6,6
28009,121,113,8,8
28010,97,88,9,9
28011,91,101,-10,10
28012,117,97,20,20
28013,125,139,-14,14
28014,59,67,-8,8
28015,114,102,12,12
28016,87,84,3,3
28017,106,104,2,2
28018,77,81,-4,4
28019,135,115,20,20
28020,145,124,21,21
28021,72,76,-4,4
28022,53,69,-16,16
28023,149,136,13,13
28024,101,102,-1,1
28025,76,64,12,12
28026,87,97,-10,10
28027,73,73,0,0
28028,107,102,5,5
28029,67,71,-4,4
28030,67,79,-12,12
28031,80,83,-3,3
28032,91,90,1,1
28033,91,90,1,1
28034,104,114,-10,10
28035,66,64,2,2
28036,90,90,0,0
28037,71,82,-11,11
28038,118,99,19,19
28039,87,93,-6,6
28040,68,74,-6,6
28041,114,116,-2,2
28042,117,117,0,0
28043,130,117,13,13
28044,134,139,-5,5
28045,125,120,5,5
28046,74,76,-2,2
28047,88,85,3,3
28048,56,74,-18,18
28049,116,114,2,2
28050,145,137,8,8
28051,75,71,4,4
28052,71,87,-16,16
28053,50,61,-11,11
28054,97,98,-1,1
28055,55,60,-5,5
28056,52,59,-7,7
28057,154,125,29,29
28058,132,123,9,9
28059,180,156,24,24
28060,68,74,-6,6
28061,86,87,-1,1
28062,147,145,2,2
28063,68,85,-17,17
28064,80,82,-2,2
28065,98,90,8,8
28066,109,115,-6,6
28067,88,90,-2,2
28068,78,85,-7,7
28069,86,79,7,7
28070,42,55,-13,13
28071,74,86,-12,12
28072,137,129,8,8
28073,110,105,5,5
28074,76,87,-11,11
28075,64,70,-6,6
28076,150,135,15,15
28077,116,105,11,11
28078,74,81,-7,7
28079,69,72,-3,3
28080,55,61,-6,6
28081,114,119,-5,5
28082,178,180,-2,2
28083,78,77,1,1
28084,71,74,-3,3
28085,80,87,-7,7
28086,119,129,-10,10
28087,59,70,-11,11
28088,75,71,4,4
28089,77,89,-12,12
28090,64,78,-14,14
28091,118,106,12,12
28092,141,133,8,8
28093,144,144,0,0
28094,118,111,7,7
28095,90,78,12,12
28096,96,96,0,0
28097,107,102,5,5
28098,141,147,-6,6
28099,71,65,6,6
28100,94,85,9,9
28101,196,173,23,23
28102,93,100,-7,7
28103,122,100,22,22
28104,78,82,-4,4
28105,83,99,-16,16
28106,84,82,2,2
28107,65,67,-2,2
28108,165,158,7,7
28109,116,124,-8,8
28110,91,80,11,11
28111,69,71,-2,2
28112,87,81,6,6
28113,94,99,-5,5
28114,113,105,8,8
28115,169,164,5,5
28116,112,98,14,14
28117,85,87,-2,2
28118,113,103,10,10
28119,145,131,14,14
28120,53,64,-11,11
28121,97,96,1,1
28122,102,104,-2,2
28123,107,115,-8,8
28124,88,84,4,4
28125,76,78,-2,2
28126,46,59,-13,13
28127,83,86,-3,3
28128,99,91,8,8
28129,118,112,6,6
28130,85,80,5,5
28131,112,113,-1,1
28132,120,106,14,14
28133,246,211,35,35
28134,124,109,15,15
28135,64,74,-10,10
28136,118,105,13,13
28137,118,109,9,9
28138,78,82,-4,4
28139,74,83,-9,9
28140,86,84,2,2
28141,90,80,10,10
28142,132,138,-6,6
28143,125,118,7,7
28144,70,73,-3,3
28145,69,71,-2,2
28146,119,110,9,9
28147,144,132,12,12
28148,172,157,15,15
28149,83,83,0,0
28150,99,92,7,7
28151,104,101,3,3
28152,127,121,6,6
28153,78,75,3,3
28154,110,98,12,12
28155,53,63,-10,10
28156,79,86,-7,7
28157,47,53,-6,6
28158,123,130,-7,7
28159,132,125,7,7
28160,104,104,0,0
28161,127,121,6,6
28162,105,91,14,14
28163,65,75,-10,10
28164,100,101,-1,1
28165,192,165,27,27
28166,61,90,-29,29
28167,106,108,-2,2
28168,38,77,-39,39
28169,186,158,28,28
28170,166,146,20,20
28171,122,112,10,10
28172,141,135,6,6
28173,122,126,-4,4
28174,39,66,-27,27
28175,117,116,1,1
28176,128,122,6,6
28177,148,139,9,9
28178,118,111,7,7
28179,96,96,0,0
28180,72,83,-11,11
28181,76,75,1,1
28182,63,67,-4,4
28183,84,92,-8,8
28184,102,98,4,4
28185,75,79,-4,4
28186,92,93,-1,1
28187,69,73,-4,4
28188,94,85,9,9
28189,70,73,-3,3
28190,112,101,11,11
28191,87,79,8,8
28192,68,74,-6,6
28193,123,137,-14,14
28194,81,73,8,8
28195,116,126,-10,10
28196,82,87,-5,5
28197,149,131,18,18
28198,60,76,-16,16
28199,59,72,-13,13
28200,110,100,10,10
28201,89,123,-34,34
28202,114,111,3,3
28203,128,118,10,10
28204,57,70,-13,13
28205,77,83,-6,6
28206,85,85,0,0
28207,194,190,4,4
28208,72,88,-16,16
28209,75,82,-7,7
28210,57,85,-28,28
28211,165,149,16,16
28212,99,100,-1,1
28213,84,84,0,0
28214,89,91,-2,2
28215,64,71,-7,7
28216,115,122,-7,7
28217,81,85,-4,4
28218,96,107,-11,11
28219,134,132,2,2
28220,74,77,-3,3
28221,121,135,-14,14
28222,81,90,-9,9
28223,58,65,-7,7
28224,77,74,3,3
28225,97,96,1,1
28226,66,67,-1,1
28227,104,104,0,0
28228,112,113,-1,1
28229,59,65,-6,6
28230,151,135,16,16
28231,111,99,12,12
28232,133,123,10,10
28233,76,80,-4,4
28234,93,96,-3,3
28235,76,80,-4,4
28236,85,81,4,4
28237,151,147,4,4
28238,76,82,-6,6
28239,79,77,2,2
28240,172,184,-12,12
28241,148,131,17,17
28242,89,92,-3,3
28243,87,81,6,6
28244,128,121,7,7
28245,71,72,-1,1
28246,72,73,-1,1
28247,77,82,-5,5
28248,100,96,4,4
28249,107,106,1,1
28250,86,84,2,2
28251,81,76,5,5
28252,93,90,3,3
28253,56,63,-7,7
28254,138,125,13,13
28255,77,83,-6,6
28256,175,163,12,12
28257,72,76,-4,4
28258,93,90,3,3
28259,92,87,5,5
28260,104,114,-10,10
28261,132,111,21,21
28262,81,86,-5,5
28263,71,78,-7,7
28264,140,143,-3,3
28265,102,98,4,4
28266,53,62,-9,9
28267,87,92,-5,5
28268,147,136,11,11
28269,93,100,-7,7
28270,65,70,-5,5
28271,154,140,14,14
28272,222,199,23,23
28273,107,100,7,7
28274,81,78,3,3
28275,59,69,-10,10
28276,63,67,-4,4
28277,100,99,1,1
28278,89,83,6,6
28279,70,71,-1,1
28280,90,95,-5,5
28281,135,134,1,1
28282,112,103,9,9
28283,102,101,1,1
28284,126,126,0,0
28285,87,92,-5,5
28286,98,95,3,3
28287,128,108,20,20
28288,54,64,-10,10
28289,88,88,0,0
28290,79,80,-1,1
28291,177,160,17,17
28292,110,103,7,7
28293,68,78,-10,10
28294,126,121,5,5
28295,115,107,8,8
28296,105,110,-5,5
28297,86,85,1,1
28298,66,97,-31,31
28299,65,67,-2,2
28300,78,87,-9,9
28301,87,85,2,2
28302,108,106,2,2
28303,46,63,-17,17
28304,106,104,2,2
28305,127,116,11,11
28306,137,132,5,5
28307,84,80,4,4
28308,73,85,-12,12
28309,70,71,-1,1
28310,76,76,0,0
28311,84,82,2,2
28312,125,98,27,27
28313,73,80,-7,7
28314,176,167,9,9
28315,97,96,1,1
28316,128,118,10,10
28317,74,78,-4,4
28318,145,134,11,11
28319,93,95,-2,2
28320,70,74,-4,4
28321,67,82,-15,15
28322,84,85,-1,1
28323,59,68,-9,9
28324,92,92,0,0
28325,112,105,7,7
28326,51,59,-8,8
28327,56,62,-6,6
28328,92,91,1,1
28329,49,63,-14,14
28330,98,101,-3,3
28331,71,79,-8,8
28332,72,79,-7,7
28333,68,81,-13,13
28334,87,95,-8,8
28335,121,114,7,7
28336,94,96,-2,2
28337,76,87,-11,11
28338,112,103,9,9
28339,69,68,1,1
28340,113,108,5,5
28341,129,127,2,2
28342,105,106,-1,1
28343,99,105,-6,6
28344,58,67,-9,9
28345,130,117,13,13
28346,85,84,1,1
28347,73,71,2,2
28348,56,60,-4,4
28349,97,103,-6,6
28350,104,105,-1,1
28351,73,78,-5,5
28352,111,102,9,9
28353,73,72,1,1
28354,98,92,6,6
28355,102,103,-1,1
28356,80,78,2,2
28357,47,59,-12,12
28358,102,108,-6,6
28359,76,80,-4,4
28360,69,79,-10,10
28361,85,90,-5,5
28362,111,112,-1,1
28363,34,49,-15,15
28364,137,134,3,3
28365,79,82,-3,3
28366,72,82,-10,10
28367,62,73,-11,11
28368,91,90,1,1
28369,82,84,-2,2
28370,120,130,-10,10
28371,92,97,-5,5
28372,110,111,-1,1
28373,122,114,8,8
28374,119,111,8,8
28375,183,172,11,11
28376,61,71,-10,10
28377,97,87,10,10
28378,117,115,2,2
28379,71,78,-7,7
28380,100,91,9,9
28381,119,109,10,10
28382,94,85,9,9
28383,94,97,-3,3
28384,97,85,12,12
28385,62,63,-1,1
28386,74,80,-6,6
28387,104,104,0,0
28388,143,139,4,4
28389,74,82,-8,8
28390,126,117,9,9
28391,64,79,-15,15
28392,97,91,6,6
28393,82,82,0,0
28394,56,71,-15,15
28395,98,98,0,0
28396,139,130,9,9
28397,102,104,-2,2
28398,100,100,0,0
28399,115,99,16,16
28400,138,117,21,21
28401,39,54,-15,15
28402,132,129,3,3
28403,127,127,0,0
28404,98,92,6,6
28405,83,76,7,7
28406,106,107,-1,1
28407,161,147,14,14
28408,77,69,8,8
28409,76,90,-14,14
28410,96,91,5,5
28411,107,108,-1,1
28412,85,239,-154,154
28413,79,82,-3,3
28414,102,96,6,6
28415,57,58,-1,1
28416,79,84,-5,5
28417,76,87,-11,11
28418,82,87,-5,5
28419,56,64,-8,8
28420,84,83,1,1
28421,110,100,10,10
28422,183,160,23,23
28423,118,122,-4,4
28424,100,96,4,4
28425,109,98,11,11
28426,101,95,6,6
28427,57,69,-12,12
28428,89,105,-16,16
28429,148,130,18,18
28430,202,195,7,7
28431,137,140,-3,3
28432,91,87,4,4
28433,112,105,7,7
28434,68,72,-4,4
28435,83,84,-1,1
28436,72,74,-2,2
28437,79,80,-1,1
28438,116,112,4,4
28439,54,63,-9,9
28440,87,92,-5,5
28441,82,85,-3,3
28442,104,99,5,5
28443,126,118,8,8
28444,106,108,-2,2
28445,116,104,12,12
28446,91,95,-4,4
28447,77,76,1,1
28448,123,140,-17,17
28449,145,134,11,11
28450,88,84,4,4
28451,95,105,-10,10
28452,79,86,-7,7
28453,91,96,-5,5
28454,133,121,12,12
28455,165,172,-7,7
28456,61,69,-8,8
28457,63,74,-11,11
28458,120,112,8,8
28459,54,60,-6,6
28460,145,136,9,9
28461,130,127,3,3
28462,68,76,-8,8
28463,55,62,-7,7
28464,90,87,3,3
28465,102,94,8,8
28466,52,60,-8,8
28467,102,101,1,1
28468,162,155,7,7
28469,85,93,-8,8
28470,81,84,-3,3
28471,57,60,-3,3
28472,82,80,2,2
28473,135,98,37,37
28474,43,56,-13,13
28475,82,78,4,4
28476,66,76,-10,10
28477,102,99,3,3
28478,70,75,-5,5
28479,151,140,11,11
28480,127,122,5,5
28481,77,71,6,6
28482,137,123,14,14
28483,83,77,6,6
28484,183,165,18,18
28485,43,51,-8,8
28486,129,127,2,2
28487,58,62,-4,4
28488,73,79,-6,6
28489,67,68,-1,1
28490,57,68,-11,11
28491,133,140,-7,7
28492,76,81,-5,5
28493,87,87,0,0
28494,76,80,-4,4
28495,99,88,11,11
28496,95,96,-1,1
28497,56,67,-11,11
28498,146,134,12,12
28499,123,108,15,15
28500,93,112,-19,19
28501,71,76,-5,5
28502,97,92,5,5
28503,122,110,12,12
28504,97,98,-1,1
28505,86,84,2,2
28506,87,88,-1,1
28507,134,117,17,17
28508,99,102,-3,3
28509,135,126,9,9
28510,85,84,1,1
28511,132,128,4,4
28512,54,63,-9,9
28513,77,84,-7,7
28514,63,74,-11,11
28515,138,133,5,5
28516,58,67,-9,9
28517,141,130,11,11
28518,161,151,10,10
28519,105,109,-4,4
28520,107,110,-3,3
28521,153,154,-1,1
28522,90,92,-2,2
28523,147,145,2,2
28524,92,96,-4,4
28525,34,47,-13,13
28526,90,95,-5,5
28527,50,64,-14,14
28528,83,81,2,2
28529,127,133,-6,6
28530,59,64,-5,5
28531,57,69,-12,12
28532,115,113,2,2
28533,91,97,-6,6
28534,143,126,17,17
28535,119,107,12,12
28536,97,99,-2,2
28537,155,145,10,10
28538,128,119,9,9
28539,67,72,-5,5
28540,60,71,-11,11
28541,103,97,6,6
28542,128,117,11,11
28543,100,95,5,5
28544,71,75,-4,4
28545,85,87,-2,2
28546,74,77,-3,3
28547,172,138,34,34
28548,73,76,-3,3
28549,51,61,-10,10
28550,76,81,-5,5
28551,110,108,2,2
28552,125,106,19,19
28553,49,64,-15,15
28554,145,129,16,16
28555,81,80,1,1
28556,79,102,-23,23
28557,108,102,6,6
28558,95,93,2,2
28559,66,66,0,0
28560,78,80,-2,2
28561,41,58,-17,17
28562,89,84,5,5
28563,60,70,-10,10
28564,88,83,5,5
28565,54,69,-15,15
28566,112,103,9,9
28567,135,119,16,16
28568,123,119,4,4
28569,76,96,-20,20
28570,82,82,0,0
28571,38,53,-15,15
28572,51,60,-9,9
28573,33,55,-22,22
28574,100,98,2,2
28575,64,76,-12,12
28576,98,98,0,0
28577,104,97,7,7
28578,108,105,3,3
28579,112,109,3,3
28580,54,66,-12,12
28581,75,78,-3,3
28582,89,96,-7,7
28583,137,123,14,14
28584,66,66,0,0
28585,81,87,-6,6
28586,91,93,-2,2
28587,84,87,-3,3
28588,52,61,-9,9
28589,64,73,-9,9
28590,176,172,4,4
28591,59,69,-10,10
28592,70,73,-3,3
28593,69,71,-2,2
28594,83,103,-20,20
28595,71,76,-5,5
28596,61,69,-8,8
28597,65,67,-2,2
28598,94,111,-17,17
28599,53,62,-9,9
28600,66,65,1,1
28601,93,93,0,0
28602,66,70,-4,4
28603,75,74,1,1
28604,96,102,-6,6
28605,66,71,-5,5
28606,158,116,42,42
28607,80,78,2,2
28608,67,71,-4,4
28609,67,73,-6,6
28610,79,80,-1,1
28611,57,66,-9,9
28612,66,76,-10,10
28613,44,56,-12,12
28614,59,65,-6,6
28615,150,135,15,15
28616,128,118,10,10
28617,74,78,-4,4
28618,38,61,-23,23
28619,51,61,-10,10
28620,123,118,5,5
28621,61,63,-2,2
28622,77,71,6,6
28623,61,70,-9,9
28624,94,89,5,5
28625,104,107,-3,3
28626,62,77,-15,15
28627,115,103,12,12
28628,122,102,20,20
28629,96,96,0,0
28630,84,84,0,0
28631,119,115,4,4
28632,99,95,4,4
28633,85,84,1,1
28634,118,106,12,12
28635,144,125,19,19
28636,54,63,-9,9
28637,152,133,19,19
28638,47,60,-13,13
28639,67,70,-3,3
28640,81,82,-1,1
28641,125,117,8,8
28642,104,97,7,7
28643,63,75,-12,12
28644,71,68,3,3
28645,56,71,-15,15
28646,144,141,3,3
28647,125,131,-6,6
28648,64,67,-3,3
28649,108,100,8,8
28650,87,83,4,4
28651,66,78,-12,12
28652,83,87,-4,4
28653,102,97,5,5
28654,120,116,4,4
28655,114,110,4,4
28656,114,106,8,8
28657,148,142,6,6
28658,100,95,5,5
28659,76,76,0,0
28660,53,65,-12,12
28661,104,103,1,1
28662,101,104,-3,3
28663,93,95,-2,2
28664,50,62,-12,12
28665,47,59,-12,12
28666,137,132,5,5
28667,109,100,9,9
28668,83,95,-12,12
28669,32,47,-15,15
28670,69,69,0,0
28671,92,88,4,4
28672,78,84,-6,6
28673,96,108,-12,12
28674,92,89,3,3
28675,53,61,-8,8
28676,144,137,7,7
28677,107,98,9,9
28678,112,104,8,8
28679,72,72,0,0
28680,108,98,10,10
28681,84,80,4,4
28682,54,66,-12,12
28683,82,107,-25,25
28684,98,87,11,11
28685,73,80,-7,7
28686,50,65,-15,15
28687,89,90,-1,1
28688,66,71,-5,5
28689,140,141,-1,1
28690,97,96,1,1
28691,77,85,-8,8
28692,106,84,22,22
28693,73,79,-6,6
28694,122,115,7,7
28695,80,81,-1,1
28696,60,70,-10,10
28697,90,85,5,5
28698,83,87,-4,4
28699,86,90,-4,4
28700,33,46,-13,13
28701,134,127,7,7
28702,117,114,3,3
28703,60,65,-5,5
28704,116,109,7,7
28705,110,114,-4,4
28706,129,124,5,5
28707,88,86,2,2
28708,76,79,-3,3
28709,171,160,11,11
28710,98,85,13,13
28711,100,95,5,5
28712,66,64,2,2
28713,140,124,16,16
28714,101,87,14,14
28715,61,65,-4,4
28716,89,86,3,3
28717,93,91,2,2
28718,101,98,3,3
28719,63,76,-13,13
28720,85,89,-4,4
28721,94,98,-4,4
28722,114,130,-16,16
28723,104,108,-4,4
28724,78,80,-2,2
28725,108,122,-14,14
28726,57,63,-6,6
28727,38,54,-16,16
28728,69,79,-10,10
28729,106,105,1,1
28730,77,81,-4,4
28731,235,229,6,6
28732,98,98,0,0
28733,111,104,7,7
28734,70,87,-17,17
28735,102,97,5,5
28736,92,95,-3,3
28737,67,78,-11,11
28738,83,89,-6,6
28739,71,74,-3,3
28740,92,75,17,17
28741,59,67,-8,8
28742,90,89,1,1
28743,71,71,0,0
28744,52,65,-13,13
28745,109,95,14,14
28746,105,110,-5,5
28747,79,79,0,0
28748,81,79,2,2
28749,84,87,-3,3
28750,80,77,3,3
28751,56,68,-12,12
28752,84,83,1,1
28753,44,59,-15,15
28754,85,86,-1,1
28755,62,72,-10,10
28756,83,80,3,3
28757,59,78,-19,19
28758,92,86,6,6
28759,99,101,-2,2
28760,131,143,-12,12
28761,58,66,-8,8
28762,164,144,20,20
28763,132,112,20,20
28764,73,73,0,0
28765,82,84,-2,2
28766,57,68,-11,11
28767,97,105,-8,8
28768,26,49,-23,23
28769,107,99,8,8
28770,88,82,6,6
28771,84,87,-3,3
28772,82,86,-4,4
28773,141,146,-5,5
28774,78,79,-1,1
28775,146,136,10,10
28776,84,83,1,1
28777,93,85,8,8
28778,74,79,-5,5
28779,139,128,11,11
28780,125,124,1,1
28781,65,74,-9,9
28782,101,104,-3,3
28783,114,119,-5,5
28784,54,66,-12,12
28785,99,95,4,4
28786,83,88,-5,5
28787,128,117,11,11
28788,90,95,-5,5
28789,77,77,0,0
28790,68,64,4,4
28791,78,95,-17,17
28792,76,81,-5,5
28793,85,83,2,2
28794,106,104,2,2
28795,207,174,33,33
28796,105,101,4,4
28797,110,113,-3,3
28798,86,81,5,5
28799,166,132,34,34
28800,118,110,8,8
28801,99,96,3,3
28802,80,88,-8,8
28803,27,55,-28,28
28804,125,108,17,17
28805,92,91,1,1
28806,85,82,3,3
28807,91,94,-3,3
28808,61,64,-3,3
28809,86,83,3,3
28810,50,61,-11,11
28811,101,100,1,1
28812,79,74,5,5
28813,82,98,-16,16
28814,63,65,-2,2
28815,100,93,7,7
28816,103,86,17,17
28817,150,139,11,11
28818,86,82,4,4
28819,72,81,-9,9
28820,54,65,-11,11
28821,136,134,2,2
28822,60,64,-4,4
28823,118,109,9,9
28824,64,66,-2,2
28825,78,79,-1,1
28826,76,73,3,3
28827,145,137,8,8
28828,62,74,-12,12
28829,98,99,-1,1
28830,100,99,1,1
28831,142,133,9,9
28832,77,92,-15,15
28833,81,95,-14,14
28834,79,82,-3,3
28835,78,78,0,0
28836,84,88,-4,4
28837,63,65,-2,2
28838,94,93,1,1
28839,89,85,4,4
28840,78,80,-2,2
28841,132,135,-3,3
28842,151,141,10,10
28843,156,145,11,11
28844,41,64,-23,23
28845,106,104,2,2
28846,99,99,0,0
28847,42,57,-15,15
28848,79,76,3,3
28849,60,75,-15,15
28850,136,139,-3,3
28851,130,125,5,5
28852,136,139,-3,3
28853,81,80,1,1
28854,112,104,8,8
28855,60,68,-8,8
28856,93,81,12,12
28857,103,107,-4,4
28858,180,165,15,15
28859,93,90,3,3
28860,172,160,12,12
28861,95,103,-8,8
28862,79,89,-10,10
28863,55,68,-13,13
28864,105,103,2,2
28865,118,109,9,9
28866,111,105,6,6
28867,66,74,-8,8
28868,146,122,24,24
28869,81,110,-29,29
28870,75,76,-1,1
28871,79,85,-6,6
28872,64,67,-3,3
28873,97,99,-2,2
28874,103,99,4,4
28875,68,76,-8,8
28876,74,83,-9,9
28877,80,78,2,2
28878,90,83,7,7
28879,59,63,-4,4
28880,109,110,-1,1
28881,90,87,3,3
28882,71,82,-11,11
28883,108,105,3,3
28884,83,76,7,7
28885,130,122,8,8
28886,85,90,-5,5
28887,49,65,-16,16
28888,73,77,-4,4
28889,104,103,1,1
28890,131,127,4,4
28891,69,73,-4,4
28892,102,96,6,6
28893,74,77,-3,3
28894,58,65,-7,7
28895,167,151,16,16
28896,144,131,13,13
28897,108,111,-3,3
28898,70,73,-3,3
28899,84,86,-2,2
28900,50,60,-10,10
28901,68,77,-9,9
28902,128,131,-3,3
28903,106,111,-5,5
28904,63,70,-7,7
28905,61,84,-23,23
28906,82,79,3,3
28907,100,103,-3,3
28908,92,94,-2,2
28909,75,84,-9,9
28910,132,125,7,7
28911,85,93,-8,8
28912,183,164,19,19
28913,115,104,11,11
28914,125,120,5,5
28915,99,96,3,3
28916,102,99,3,3
28917,125,127,-2,2
28918,75,79,-4,4
28919,173,162,11,11
28920,66,76,-10,10
28921,90,82,8,8
28922,88,90,-2,2
28923,124,120,4,4
28924,70,69,1,1
28925,93,87,6,6
28926,64,65,-1,1
28927,60,62,-2,2
28928,134,130,4,4
28929,104,97,7,7
28930,44,58,-14,14
28931,109,96,13,13
28932,68,69,-1,1
28933,81,85,-4,4
28934,103,102,1,1
28935,99,100,-1,1
28936,80,82,-2,2
28937,104,103,1,1
28938,67,74,-7,7
28939,126,116,10,10
28940,53,60,-7,7
28941,135,127,8,8
28942,95,84,11,11
28943,95,101,-6,6
28944,63,72,-9,9
28945,140,120,20,20
28946,71,84,-13,13
28947,79,79,0,0
28948,47,79,-32,32
28949,87,97,-10,10
28950,57,69,-12,12
28951,81,83,-2,2
28952,53,65,-12,12
28953,88,96,-8,8
28954,109,107,2,2
28955,85,87,-2,2
28956,114,106,8,8
28957,81,85,-4,4
28958,85,96,-11,11
28959,95,96,-1,1
28960,61,74,-13,13
28961,65,71,-6,6
28962,47,66,-19,19
28963,57,63,-6,6
28964,66,78,-12,12
28965,86,92,-6,6
28966,76,79,-3,3
28967,143,128,15,15
28968,79,96,-17,17
28969,87,80,7,7
28970,99,97,2,2
28971,103,114,-11,11
28972,83,79,4,4
28973,116,109,7,7
28974,128,125,3,3
28975,159,152,7,7
28976,113,101,12,12
28977,124,116,8,8
28978,81,87,-6,6
28979,66,64,2,2
28980,82,71,11,11
28981,58,73,-15,15
28982,101,105,-4,4
28983,67,77,-10,10
28984,97,87,10,10
28985,78,84,-6,6
28986,104,104,0,0
28987,117,115,2,2
28988,82,91,-9,9
28989,125,125,0,0
28990,152,144,8,8
28991,92,97,-5,5
28992,128,116,12,12
28993,68,76,-8,8
28994,101,97,4,4
28995,96,97,-1,1
28996,98,98,0,0
28997,134,119,15,15
28998,106,109,-3,3
28999,54,64,-10,10
29000,88,95,-7,7
29001,66,69,-3,3
29002,99,98,1,1
29003,82,87,-5,5
29004,118,117,1,1
29005,66,69,-3,3
29006,96,95,1,1
29007,139,134,5,5
29008,25,45,-20,20
29009,123,110,13,13
29010,130,119,11,11
29011,92,88,4,4
29012,80,83,-3,3
29013,67,67,0,0
29014,71,72,-1,1
29015,92,94,-2,2
29016,113,99,14,14
29017,67,81,-14,14
29018,58,66,-8,8
29019,39,88,-49,49
29020,78,86,-8,8
29021,113,99,14,14
29022,50,63,-13,13
29023,66,69,-3,3
29024,88,90,-2,2
29025,88,98,-10,10
29026,131,119,12,12
29027,64,84,-20,20
29028,91,88,3,3
29029,101,92,9,9
29030,110,102,8,8
29031,56,68,-12,12
29032,77,81,-4,4
29033,129,121,8,8
29034,91,100,-9,9
29035,97,99,-2,2
29036,98,97,1,1
29037,75,82,-7,7
29038,109,92,17,17
29039,64,78,-14,14
29040,71,77,-6,6
29041,54,63,-9,9
29042,59,72,-13,13
29043,145,137,8,8
29044,86,78,8,8
29045,56,63,-7,7
29046,79,87,-8,8
29047,114,112,2,2
29048,65,76,-11,11
29049,104,90,14,14
29050,61,73,-12,12
29051,155,152,3,3
29052,106,104,2,2
29053,48,66,-18,18
29054,173,141,32,32
29055,31,51,-20,20
29056,87,91,-4,4
29057,147,140,7,7
29058,79,82,-3,3
29059,92,101,-9,9
29060,100,90,10,10
29061,118,126,-8,8
29062,83,84,-1,1
29063,72,77,-5,5
29064,101,96,5,5
29065,83,88,-5,5
29066,94,95,-1,1
29067,103,104,-1,1
29068,73,79,-6,6
29069,179,167,12,12
29070,115,102,13,13
29071,85,80,5,5
29072,101,97,4,4
29073,130,126,4,4
29074,155,156,-1,1
29075,65,71,-6,6
29076,116,117,-1,1
29077,71,75,-4,4
29078,78,85,-7,7
29079,129,124,5,5
29080,78,77,1,1
29081,141,127,14,14
29082,139,123,16,16
29083,90,84,6,6
29084,174,161,13,13
29085,92,91,1,1
29086,76,80,-4,4
29087,40,57,-17,17
29088,36,47,-11,11
29089,78,79,-1,1
29090,89,96,-7,7
29091,63,74,-11,11
29092,79,78,1,1
29093,127,111,16,16
29094,61,74,-13,13
29095,118,77,41,41
29096,112,99,13,13
29097,131,122,9,9
29098,78,79,-1,1
29099,95,91,4,4
29100,75,77,-2,2
29101,170,158,12,12
29102,97,99,-2,2
29103,62,70,-8,8
29104,130,118,12,12
29105,116,130,-14,14
29106,72,83,-11,11
29107,89,85,4,4
29108,95,99,-4,4
29109,82,83,-1,1
29110,54,69,-15,15
29111,102,98,4,4
29112,106,100,6,6
29113,138,124,14,14
29114,90,93,-3,3
29115,53,67,-14,14
29116,111,98,13,13
29117,91,90,1,1
29118,84,90,-6,6
29119,116,103,13,13
29120,119,110,9,9
29121,82,86,-4,4
29122,102,94,8,8
29123,64,72,-8,8
29124,40,60,-20,20
29125,104,104,0,0
29126,73,75,-2,2
29127,92,90,2,2
29128,127,108,19,19
29129,155,143,12,12
29130,82,84,-2,2
29131,86,87,-1,1
29132,61,62,-1,1
29133,136,124,12,12
29134,123,130,-7,7
29135,40,59,-19,19
29136,103,96,7,7
29137,145,141,4,4
29138,92,98,-6,6
29139,60,82,-22,22
29140,71,73,-2,2
29141,63,71,-8,8
29142,51,66,-15,15
29143,92,92,0,0
29144,48,59,-11,11
29145,66,62,4,4
29146,165,145,20,20
29147,114,104,10,10
29148,48,58,-10,10
29149,121,107,14,14
29150,134,126,8,8
29151,68,70,-2,2
29152,34,60,-26,26
29153,68,72,-4,4
29154,72,78,-6,6
29155,63,72,-9,9
29156,59,71,-12,12
29157,94,98,-4,4
29158,59,65,-6,6
29159,77,88,-11,11
29160,119,110,9,9
29161,134,127,7,7
29162,120,116,4,4
29163,90,84,6,6
29164,79,81,-2,2
29165,70,75,-5,5
29166,103,97,6,6
29167,111,97,14,14
29168,62,69,-7,7
29169,139,120,19,19
29170,138,136,2,2
29171,213,203,10,10
29172,73,79,-6,6
29173,116,111,5,5
29174,135,130,5,5
29175,77,78,-1,1
29176,89,83,6,6
29177,40,47,-7,7
29178,82,80,2,2
29179,101,105,-4,4
29180,81,96,-15,15
29181,159,149,10,10
29182,89,93,-4,4
29183,74,83,-9,9
29184,106,100,6,6
29185,53,67,-14,14
29186,98,116,-18,18
29187,96,92,4,4
29188,116,119,-3,3
29189,68,73,-5,5
29190,74,81,-7,7
29191,167,163,4,4
29192,90,98,-8,8
29193,106,101,5,5
29194,62,63,-1,1
29195,46,57,-11,11
29196,68,80,-12,12
29197,73,78,-5,5
29198,78,82,-4,4
29199,58,65,-7,7
29200,129,119,10,10
29201,79,91,-12,12
29202,92,86,6,6
29203,34,55,-21,21
29204,81,65,16,16
29205,73,74,-1,1
29206,171,165,6,6
29207,90,99,-9,9
29208,70,83,-13,13
29209,199,194,5,5
29210,68,70,-2,2
29211,161,153,8,8
29212,46,56,-10,10
29213,61,70,-9,9
29214,112,105,7,7
29215,133,121,12,12
29216,91,84,7,7
29217,80,93,-13,13
29218,160,126,34,34
29219,90,88,2,2
29220,103,95,8,8
29221,87,79,8,8
29222,148,133,15,15
29223,183,123,60,60
29224,87,84,3,3
29225,161,147,14,14
29226,80,79,1,1
29227,128,129,-1,1
29228,123,117,6,6
29229,159,144,15,15
29230,48,57,-9,9
29231,77,83,-6,6
29232,87,87,0,0
29233,53,57,-4,4
29234,118,109,9,9
29235,89,73,16,16
29236,76,80,-4,4
29237,145,129,16,16
29238,125,108,17,17
29239,97,104,-7,7
29240,49,62,-13,13
29241,62,81,-19,19
29242,81,85,-4,4
29243,136,133,3,3
29244,100,103,-3,3
29245,187,191,-4,4
29246,105,110,-5,5
29247,176,150,26,26
29248,113,107,6,6
29249,115,117,-2,2
29250,86,92,-6,6
29251,120,106,14,14
29252,74,83,-9,9
29253,86,96,-10,10
29254,99,105,-6,6
29255,70,72,-2,2
29256,109,112,-3,3
29257,110,101,9,9
29258,102,101,1,1
29259,156,142,14,14
29260,107,106,1,1
29261,53,64,-11,11
29262,121,111,10,10
29263,97,95,2,2
29264,103,110,-7,7
29265,66,70,-4,4
29266,108,125,-17,17
29267,59,70,-11,11
29268,64,75,-11,11
29269,70,76,-6,6
29270,86,83,3,3
29271,118,105,13,13
29272,61,71,-10,10
29273,120,108,12,12
29274,112,106,6,6
29275,176,149,27,27
29276,61,70,-9,9
29277,89,100,-11,11
29278,115,99,16,16
29279,112,100,12,12
29280,110,103,7,7
29281,92,91,1,1
29282,124,110,14,14
29283,60,66,-6,6
29284,70,72,-2,2
29285,98,93,5,5
29286,77,81,-4,4
29287,60,63,-3,3
29288,149,142,7,7
29289,135,125,10,10
29290,71,75,-4,4
29291,47,64,-17,17
29292,141,125,16,16
29293,76,84,-8,8
29294,85,81,4,4
29295,66,73,-7,7
29296,86,90,-4,4
29297,144,136,8,8
29298,74,80,-6,6
29299,181,164,17,17
29300,79,86,-7,7
29301,106,99,7,7
29302,138,123,15,15
29303,91,78,13,13
29304,76,78,-2,2
29305,140,125,15,15
29306,77,81,-4,4
29307,54,69,-15,15
29308,71,77,-6,6
29309,110,99,11,11
29310,90,85,5,5
29311,116,116,0,0
29312,83,85,-2,2
29313,59,69,-10,10
29314,92,93,-1,1
29315,144,133,11,11
29316,67,64,3,3
29317,105,99,6,6
29318,62,67,-5,5
29319,136,123,13,13
29320,111,109,2,2
29321,64,76,-12,12
29322,73,70,3,3
29323,86,94,-8,8
29324,84,85,-1,1
29325,74,81,-7,7
29326,135,127,8,8
29327,119,110,9,9
29328,83,88,-5,5
29329,102,99,3,3
29330,84,90,-6,6
29331,66,115,-49,49
29332,47,57,-10,10
29333,97,94,3,3
29334,106,102,4,4
29335,75,77,-2,2
29336,108,115,-7,7
29337,154,144,10,10
29338,91,86,5,5
29339,75,84,-9,9
29340,155,137,18,18
29341,75,87,-12,12
29342,211,182,29,29
29343,69,70,-1,1
29344,52,64,-12,12
29345,84,75,9,9
29346,89,91,-2,2
29347,79,81,-2,2
29348,78,83,-5,5
29349,90,86,4,4
29350,305,256,49,49
29351,83,88,-5,5
29352,193,185,8,8
29353,124,125,-1,1
29354,46,57,-11,11
29355,85,79,6,6
29356,84,86,-2,2
29357,98,97,1,1
29358,72,80,-8,8
29359,60,71,-11,11
29360,102,98,4,4
29361,92,88,4,4
29362,102,99,3,3
29363,74,87,-13,13
29364,114,102,12,12
29365,86,95,-9,9
29366,114,112,2,2
29367,151,159,-8,8
29368,91,89,2,2
29369,78,71,7,7
29370,153,142,11,11
29371,80,93,-13,13
29372,108,108,0,0
29373,88,80,8,8
29374,153,136,17,17
29375,71,85,-14,14
29376,95,99,-4,4
29377,127,117,10,10
29378,139,139,0,0
29379,46,59,-13,13
29380,124,115,9,9
29381,93,96,-3,3
29382,114,102,12,12
29383,93,88,5,5
29384,67,70,-3,3
29385,110,105,5,5
29386,63,73,-10,10
29387,70,69,1,1
29388,87,86,1,1
29389,122,113,9,9
29390,107,110,-3,3
29391,153,143,10,10
29392,94,95,-1,1
29393,101,99,2,2
29394,78,84,-6,6
29395,82,92,-10,10
29396,88,86,2,2
29397,94,90,4,4
29398,37,59,-22,22
29399,67,72,-5,5
29400,85,84,1,1
29401,105,94,11,11
29402,40,64,-24,24
29403,194,166,28,28
29404,123,119,4,4
29405,87,83,4,4
29406,102,98,4,4
29407,145,133,12,12
29408,68,70,-2,2
29409,159,138,21,21
29410,82,85,-3,3
29411,83,75,8,8
29412,82,81,1,1
29413,69,69,0,0
29414,103,105,-2,2
29415,105,105,0,0
29416,100,109,-9,9
29417,55,63,-8,8
29418,80,84,-4,4
29419,73,82,-9,9
29420,51,32,19,19
29421,124,116,8,8
29422,52,62,-10,10
29423,115,130,-15,15
29424,116,107,9,9
29425,101,100,1,1
29426,63,60,3,3
29427,52,64,-12,12
29428,84,81,3,3
29429,142,135,7,7
29430,71,80,-9,9
29431,82,95,-13,13
29432,85,94,-9,9
29433,74,78,-4,4
29434,61,61,0,0
29435,107,110,-3,3
29436,98,98,0,0
29437,80,84,-4,4
29438,69,79,-10,10
29439,64,72,-8,8
29440,137,124,13,13
29441,77,77,0,0
29442,94,104,-10,10
29443,86,83,3,3
29444,60,69,-9,9
29445,54,71,-17,17
29446,62,68,-6,6
29447,86,93,-7,7
29448,60,64,-4,4
29449,64,70,-6,6
29450,91,93,-2,2
29451,71,74,-3,3
29452,78,89,-11,11
29453,104,99,5,5
29454,103,101,2,2
29455,167,168,-1,1
29456,129,108,21,21
29457,125,149,-24,24
29458,108,110,-2,2
29459,77,80,-3,3
29460,121,121,0,0
29461,77,78,-1,1
29462,61,72,-11,11
29463,67,71,-4,4
29464,96,93,3,3
29465,113,118,-5,5
29466,70,72,-2,2
29467,79,77,2,2
29468,91,94,-3,3
29469,86,95,-9,9
29470,74,75,-1,1
29471,78,85,-7,7
29472,117,103,14,14
29473,82,75,7,7
29474,79,86,-7,7
29475,138,147,-9,9
29476,92,87,5,5
29477,69,73,-4,4
29478,81,92,-11,11
29479,73,81,-8,8
29480,100,100,0,0
29481,51,57,-6,6
29482,60,68,-8,8
29483,109,102,7,7
29484,131,127,4,4
29485,71,77,-6,6
29486,77,85,-8,8
29487,97,105,-8,8
29488,69,74,-5,5
29489,124,117,7,7
29490,69,73,-4,4
29491,131,122,9,9
29492,87,90,-3,3
29493,178,171,7,7
29494,111,106,5,5
29495,122,105,17,17
29496,155,138,17,17
29497,136,112,24,24
29498,113,120,-7,7
29499,64,74,-10,10
29500,111,106,5,5
29501,94,97,-3,3
29502,58,68,-10,10
29503,89,82,7,7
29504,82,80,2,2
29505,87,96,-9,9
29506,50,69,-19,19
29507,79,78,1,1
29508,140,123,17,17
29509,134,186,-52,52
29510,119,108,11,11
29511,140,137,3,3
29512,119,116,3,3
29513,52,63,-11,11
29514,124,132,-8,8
29515,131,104,27,27
29516,45,58,-13,13
29517,70,73,-3,3
29518,99,99,0,0
29519,82,80,2,2
29520,73,74,-1,1
29521,120,124,-4,4
29522,107,107,0,0
29523,88,88,0,0
29524,82,83,-1,1
29525,59,66,-7,7
29526,90,99,-9,9
29527,56,72,-16,16
29528,113,114,-1,1
29529,78,72,6,6
29530,61,75,-14,14
29531,89,88,1,1
29532,44,60,-16,16
29533,62,66,-4,4
29534,111,110,1,1
29535,75,81,-6,6
29536,74,78,-4,4
29537,79,76,3,3
29538,89,91,-2,2
29539,94,96,-2,2
29540,116,105,11,11
29541,120,108,12,12
29542,180,164,16,16
29543,48,57,-9,9
29544,85,87,-2,2
29545,112,102,10,10
29546,114,104,10,10
29547,78,80,-2,2
29548,111,121,-10,10
29549,71,77,-6,6
29550,64,74,-10,10
29551,47,56,-9,9
29552,85,90,-5,5
29553,90,97,-7,7
29554,137,119,18,18
29555,138,134,4,4
29556,64,64,0,0
29557,78,79,-1,1
29558,42,50,-8,8
29559,98,97,1,1
29560,59,61,-2,2
29561,76,86,-10,10
29562,106,98,8,8
29563,33,45,-12,12
29564,121,120,1,1
29565,108,97,11,11
29566,76,82,-6,6
29567,64,67,-3,3
29568,73,70,3,3
29569,112,106,6,6
29570,105,99,6,6
29571,59,73,-14,14
29572,205,172,33,33
29573,78,86,-8,8
29574,79,89,-10,10
29575,123,122,1,1
29576,83,85,-2,2
29577,115,113,2,2
29578,75,78,-3,3
29579,86,88,-2,2
29580,111,122,-11,11
29581,82,104,-22,22
29582,157,153,4,4
29583,58,65,-7,7
29584,101,98,3,3
29585,99,99,0,0
29586,96,96,0,0
29587,133,139,-6,6
29588,93,94,-1,1
29589,79,76,3,3
29590,87,76,11,11
29591,101,105,-4,4
29592,73,77,-4,4
29593,76,80,-4,4
29594,110,100,10,10
29595,100,97,3,3
29596,87,91,-4,4
29597,126,125,1,1
29598,81,78,3,3
29599,70,83,-13,13
29600,139,136,3,3
29601,74,77,-3,3
29602,147,120,27,27
29603,92,85,7,7
29604,133,111,22,22
29605,87,88,-1,1
29606,96,98,-2,2
29607,70,101,-31,31
29608,75,83,-8,8
29609,121,113,8,8
29610,88,87,1,1
29611,96,99,-3,3
29612,196,130,66,66
29613,90,95,-5,5
29614,110,104,6,6
29615,59,64,-5,5
29616,131,120,11,11
29617,56,62,-6,6
29618,98,101,-3,3
29619,94,92,2,2
29620,73,83,-10,10
29621,52,56,-4,4
29622,97,88,9,9
29623,119,110,9,9
29624,94,85,9,9
29625,144,133,11,11
29626,128,119,9,9
29627,81,77,4,4
29628,101,95,6,6
29629,138,126,12,12
29630,68,73,-5,5
29631,124,105,19,19
29632,61,79,-18,18
29633,118,104,14,14
29634,69,78,-9,9
29635,84,86,-2,2
29636,175,157,18,18
29637,54,65,-11,11
29638,72,84,-12,12
29639,82,80,2,2
29640,102,95,7,7
29641,107,104,3,3
29642,110,105,5,5
29643,128,121,7,7
29644,132,130,2,2
29645,80,79,1,1
29646,60,68,-8,8
29647,54,63,-9,9
29648,89,95,-6,6
29649,90,95,-5,5
29650,62,82,-20,20
29651,64,82,-18,18
29652,74,72,2,2
29653,123,199,-76,76
29654,77,82,-5,5
29655,79,78,1,1
29656,88,88,0,0
29657,77,85,-8,8
29658,96,102,-6,6
29659,80,83,-3,3
29660,104,100,4,4
29661,46,57,-11,11
29662,70,80,-10,10
29663,93,100,-7,7
29664,103,99,4,4
29665,117,104,13,13
29666,80,85,-5,5
29667,93,93,0,0
29668,88,90,-2,2
29669,101,101,0,0
29670,69,76,-7,7
29671,97,98,-1,1
29672,56,65,-9,9
29673,101,97,4,4
29674,122,115,7,7
29675,95,100,-5,5
29676,113,107,6,6
29677,150,128,22,22
29678,164,163,1,1
29679,87,88,-1,1
29680,128,119,9,9
29681,66,72,-6,6
29682,68,66,2,2
29683,120,111,9,9
29684,151,148,3,3
29685,72,69,3,3
29686,89,94,-5,5
29687,231,205,26,26
29688,49,72,-23,23
29689,68,70,-2,2
29690,81,81,0,0
29691,96,96,0,0
29692,123,107,16,16
29693,88,87,1,1
29694,188,176,12,12
29695,78,74,4,4
29696,78,80,-2,2
29697,105,106,-1,1
29698,102,97,5,5
29699,74,85,-11,11
29700,74,84,-10,10
29701,63,72,-9,9
29702,106,102,4,4
29703,90,84,6,6
29704,100,97,3,3
29705,106,101,5,5
29706,74,79,-5,5
29707,75,83,-8,8
29708,119,126,-7,7
29709,115,112,3,3
29710,125,111,14,14
29711,106,102,4,4
29712,113,112,1,1
29713,81,82,-1,1
29714,84,81,3,3
29715,79,88,-9,9
29716,129,118,11,11
29717,55,62,-7,7
29718,99,101,-2,2
29719,88,96,-8,8
29720,129,109,20,20
29721,92,93,-1,1
29722,113,110,3,3
29723,67,70,-3,3
29724,96,107,-11,11
29725,64,74,-10,10
29726,132,140,-8,8
29727,172,151,21,21
29728,104,104,0,0
29729,83,78,5,5
29730,70,86,-16,16
29731,104,100,4,4
29732,78,74,4,4
29733,66,85,-19,19
29734,81,83,-2,2
29735,63,73,-10,10
29736,74,82,-8,8
29737,109,95,14,14
29738,70,75,-5,5
29739,91,82,9,9
29740,95,96,-1,1
29741,76,82,-6,6
29742,68,71,-3,3
29743,92,89,3,3
29744,65,72,-7,7
29745,36,52,-16,16
29746,105,105,0,0
29747,110,105,5,5
29748,121,112,9,9
29749,49,57,-8,8
29750,98,85,13,13
29751,117,108,9,9
29752,52,100,-48,48
29753,84,88,-4,4
29754,148,138,10,10
29755,63,66,-3,3
29756,63,76,-13,13
29757,92,97,-5,5
29758,85,82,3,3
29759,93,92,1,1
29760,88,77,11,11
29761,80,85,-5,5
29762,83,85,-2,2
29763,61,71,-10,10
29764,76,78,-2,2
29765,81,88,-7,7
29766,75,72,3,3
29767,61,62,-1,1
29768,110,104,6,6
29769,91,87,4,4
29770,63,63,0,0
29771,126,122,4,4
29772,102,91,11,11
29773,102,97,5,5
29774,107,100,7,7
29775,49,60,-11,11
29776,71,80,-9,9
29777,70,85,-15,15
29778,94,97,-3,3
29779,201,189,12,12
29780,80,85,-5,5
29781,62,66,-4,4
29782,97,94,3,3
29783,77,81,-4,4
29784,74,98,-24,24
29785,55,66,-11,11
29786,88,85,3,3
29787,27,55,-28,28
29788,64,66,-2,2
29789,95,106,-11,11
29790,74,79,-5,5
29791,99,104,-5,5
29792,68,71,-3,3
29793,65,74,-9,9
29794,97,101,-4,4
29795,73,77,-4,4
29796,88,104,-16,16
29797,121,126,-5,5
29798,102,93,9,9
29799,101,103,-2,2
29800,78,85,-7,7
29801,156,142,14,14
29802,76,86,-10,10
29803,66,69,-3,3
29804,91,100,-9,9
29805,82,78,4,4
29806,150,146,4,4
29807,46,58,-12,12
29808,164,159,5,5
29809,134,127,7,7
29810,124,118,6,6
29811,75,79,-4,4
29812,64,78,-14,14
29813,207,191,16,16
29814,125,125,0,0
29815,143,127,16,16
29816,79,77,2,2
29817,62,69,-7,7
29818,149,148,1,1
29819,136,126,10,10
29820,48,61,-13,13
29821,117,104,13,13
29822,50,62,-12,12
29823,88,86,2,2
29824,62,70,-8,8
29825,37,55,-18,18
29826,142,125,17,17
29827,59,65,-6,6
29828,123,116,7,7
29829,78,81,-3,3
29830,117,107,10,10
29831,84,89,-5,5
29832,191,170,21,21
29833,176,155,21,21
29834,68,67,1,1
29835,58,63,-5,5
29836,74,79,-5,5
29837,166,157,9,9
29838,178,165,13,13
29839,102,100,2,2
29840,106,101,5,5
29841,121,120,1,1
29842,157,150,7,7
29843,60,65,-5,5
29844,116,108,8,8
29845,133,128,5,5
29846,50,58,-8,8
29847,90,89,1,1
29848,138,126,12,12
29849,216,204,12,12
29850,114,109,5,5
29851,107,104,3,3
29852,68,70,-2,2
29853,52,66,-14,14
29854,139,126,13,13
29855,98,88,10,10
29856,143,131,12,12
29857,97,87,10,10
29858,80,86,-6,6
29859,60,62,-2,2
29860,104,100,4,4
29861,102,105,-3,3
29862,155,147,8,8
29863,157,141,16,16
29864,122,105,17,17
29865,89,90,-1,1
29866,68,73,-5,5
29867,68,73,-5,5
29868,102,103,-1,1
29869,107,111,-4,4
29870,62,67,-5,5
29871,145,147,-2,2
29872,92,92,0,0
29873,113,104,9,9
29874,72,72,0,0
29875,67,72,-5,5
29876,86,86,0,0
29877,78,83,-5,5
29878,94,96,-2,2
29879,103,91,12,12
29880,145,147,-2,2
29881,74,84,-10,10
29882,128,130,-2,2
29883,146,120,26,26
29884,54,64,-10,10
29885,162,147,15,15
29886,150,149,1,1
29887,57,69,-12,12
29888,118,117,1,1
29889,37,55,-18,18
29890,121,108,13,13
29891,130,114,16,16
29892,62,72,-10,10
29893,66,73,-7,7
29894,119,99,20,20
29895,120,106,14,14
29896,100,103,-3,3
29897,121,124,-3,3
29898,85,97,-12,12
29899,99,96,3,3
29900,63,74,-11,11
29901,98,87,11,11
29902,62,67,-5,5
29903,78,81,-3,3
29904,61,67,-6,6
29905,110,98,12,12
29906,90,92,-2,2
29907,125,100,25,25
29908,59,63,-4,4
29909,83,80,3,3
29910,103,110,-7,7
29911,66,72,-6,6
29912,131,127,4,4
29913,72,81,-9,9
29914,56,66,-10,10
29915,110,108,2,2
29916,72,79,-7,7
29917,120,121,-1,1
29918,82,86,-4,4
29919,79,85,-6,6
29920,169,158,11,11
29921,140,144,-4,4
29922,139,136,3,3
29923,53,66,-13,13
29924,93,99,-6,6
29925,95,91,4,4
29926,91,87,4,4
29927,96,89,7,7
29928,115,112,3,3
29929,80,76,4,4
29930,61,61,0,0
29931,125,126,-1,1
29932,79,77,2,2
29933,113,104,9,9
29934,113,115,-2,2
29935,79,81,-2,2
29936,143,131,12,12
29937,69,86,-17,17
29938,71,96,-25,25
29939,67,73,-6,6
29940,53,61,-8,8
29941,132,135,-3,3
29942,129,119,10,10
29943,85,84,1,1
29944,107,103,4,4
29945,143,134,9,9
29946,57,58,-1,1
29947,99,97,2,2
29948,54,67,-13,13
29949,102,105,-3,3
29950,64,71,-7,7
29951,86,98,-12,12
29952,88,86,2,2
29953,170,150,20,20
29954,71,80,-9,9
29955,127,120,7,7
29956,61,69,-8,8
29957,63,73,-10,10
29958,46,61,-15,15
29959,78,78,0,0
29960,85,91,-6,6
29961,86,79,7,7
29962,91,84,7,7
29963,75,74,1,1
29964,75,79,-4,4
29965,73,100,-27,27
29966,74,76,-2,2
29967,69,79,-10,10
29968,77,74,3,3
29969,119,117,2,2
29970,77,88,-11,11
29971,143,138,5,5
29972,132,131,1,1
29973,89,94,-5,5
29974,60,66,-6,6
29975,131,136,-5,5
29976,83,82,1,1
29977,80,78,2,2
29978,92,88,4,4
29979,187,181,6,6
29980,128,122,6,6
29981,151,139,12,12
29982,44,54,-10,10
29983,83,86,-3,3
29984,78,77,1,1
29985,81,85,-4,4
29986,73,77,-4,4
29987,138,136,2,2
29988,45,57,-12,12
29989,58,68,-10,10
29990,105,103,2,2
29991,103,100,3,3
29992,91,89,2,2
29993,48,62,-14,14
29994,74,82,-8,8
29995,104,92,12,12
29996,69,76,-7,7
29997,62,70,-8,8
29998,140,152,-12,12
29999,129,147,-18,18
30000,98,95,3,3
30001,99,95,4,4
30002,71,73,-2,2
30003,149,155,-6,6
30004,101,102,-1,1
30005,114,122,-8,8
30006,181,166,15,15
30007,112,121,-9,9
30008,112,107,5,5
30009,95,98,-3,3
30010,133,128,5,5
30011,168,149,19,19
30012,24,52,-28,28
30013,119,111,8,8
30014,102,98,4,4
30015,84,82,2,2
30016,134,124,10,10
30017,69,69,0,0
30018,66,68,-2,2
30019,74,73,1,1
30020,113,107,6,6
30021,64,73,-9,9
30022,79,80,-1,1
30023,103,87,16,16
30024,107,105,2,2
30025,66,77,-11,11
30026,88,87,1,1
30027,158,159,-1,1
30028,123,109,14,14
30029,73,82,-9,9
30030,105,102,3,3
30031,65,73,-8,8
30032,119,118,1,1
30033,68,71,-3,3
30034,64,68,-4,4
30035,74,78,-4,4
30036,23,38,-15,15
30037,97,96,1,1
30038,124,115,9,9
30039,72,78,-6,6
30040,132,122,10,10
30041,42,64,-22,22
30042,121,108,13,13
30043,89,85,4,4
30044,113,105,8,8
30045,114,105,9,9
30046,57,64,-7,7
30047,63,69,-6,6
30048,121,116,5,5
30049,144,131,13,13
30050,118,116,2,2
30051,64,71,-7,7
30052,121,115,6,6
30053,135,126,9,9
30054,80,85,-5,5
30055,110,103,7,7
30056,100,97,3,3
30057,94,99,-5,5
30058,83,81,2,2
30059,87,91,-4,4
30060,67,73,-6,6
30061,95,101,-6,6
30062,88,84,4,4
30063,93,96,-3,3
30064,91,81,10,10
30065,133,121,12,12
30066,77,96,-19,19
30067,106,106,0,0
30068,53,67,-14,14
30069,89,94,-5,5
30070,154,126,28,28
30071,98,102,-4,4
30072,54,63,-9,9
30073,79,84,-5,5
30074,115,107,8,8
30075,135,130,5,5
30076,81,82,-1,1
30077,56,69,-13,13
30078,54,70,-16,16
30079,73,69,4,4
30080,80,87,-7,7
30081,114,104,10,10
30082,170,165,5,5
30083,124,116,8,8
30084,63,68,-5,5
30085,93,106,-13,13
30086,77,80,-3,3
30087,178,167,11,11
30088,67,69,-2,2
30089,72,70,2,2
30090,60,65,-5,5
30091,64,72,-8,8
30092,85,82,3,3
30093,158,147,11,11
30094,124,108,16,16
30095,70,114,-44,44
30096,61,74,-13,13
30097,110,116,-6,6
30098,94,99,-5,5
30099,161,145,16,16
30100,98,99,-1,1
30101,165,149,16,16
30102,82,87,-5,5
30103,102,107,-5,5
30104,105,101,4,4
30105,85,97,-12,12
30106,106,107,-1,1
30107,91,84,7,7
30108,86,89,-3,3
30109,44,54,-10,10
30110,96,100,-4,4
30111,114,103,11,11
30112,83,85,-2,2
30113,24,31,-7,7
30114,75,83,-8,8
30115,140,143,-3,3
30116,46,57,-11,11
30117,80,78,2,2
30118,82,98,-16,16
30119,125,117,8,8
30120,56,67,-11,11
30121,76,80,-4,4
30122,44,57,-13,13
30123,102,93,9,9
30124,146,140,6,6
30125,46,56,-10,10
30126,80,84,-4,4
30127,117,119,-2,2
30128,85,79,6,6
30129,60,66,-6,6
30130,81,90,-9,9
30131,42,49,-7,7
30132,79,91,-12,12
30133,98,92,6,6
30134,110,106,4,4
30135,74,76,-2,2
30136,54,63,-9,9
30137,113,115,-2,2
30138,78,91,-13,13
30139,52,58,-6,6
30140,449,325,124,124
30141,121,117,4,4
30142,68,73,-5,5
30143,35,50,-15,15
30144,36,51,-15,15
30145,81,87,-6,6
30146,155,148,7,7
30147,207,180,27,27
30148,105,108,-3,3
30149,66,78,-12,12
30150,105,94,11,11
30151,63,66,-3,3
30152,97,93,4,4
30153,114,102,12,12
30154,69,73,-4,4
30155,181,172,9,9
30156,58,72,-14,14
30157,56,68,-12,12
30158,41,55,-14,14
30159,61,70,-9,9
30160,108,114,-6,6
30161,113,104,9,9
30162,46,48,-2,2
30163,85,82,3,3
30164,109,110,-1,1
30165,144,141,3,3
30166,45,81,-36,36
30167,56,58,-2,2
30168,71,72,-1,1
30169,83,78,5,5
30170,72,79,-7,7
30171,92,85,7,7
30172,97,113,-16,16
30173,52,65,-13,13
30174,135,135,0,0
30175,69,75,-6,6
30176,88,91,-3,3
30177,79,77,2,2
30178,74,78,-4,4
30179,74,82,-8,8
30180,102,107,-5,5
30181,154,134,20,20
30182,225,212,13,13
30183,98,104,-6,6
30184,77,83,-6,6
30185,164,143,21,21
30186,144,110,34,34
30187,75,77,-2,2
30188,142,145,-3,3
30189,115,111,4,4
30190,81,85,-4,4
30191,103,105,-2,2
30192,94,99,-5,5
30193,76,95,-19,19
30194,50,62,-12,12
30195,108,118,-10,10
30196,146,133,13,13
30197,90,89,1,1
30198,129,122,7,7
30199,74,86,-12,12
30200,105,98,7,7
30201,91,93,-2,2
30202,121,122,-1,1
30203,109,95,14,14
30204,85,99,-14,14
30205,111,115,-4,4
30206,136,124,12,12
30207,74,77,-3,3
30208,89,100,-11,11
30209,102,98,4,4
30210,63,66,-3,3
30211,113,111,2,2
30212,92,83,9,9
30213,87,92,-5,5
30214,98,93,5,5
30215,111,109,2,2
30216,116,103,13,13
30217,133,136,-3,3
30218,160,150,10,10
30219,86,87,-1,1
30220,132,130,2,2
30221,110,106,4,4
30222,53,64,-11,11
30223,95,96,-1,1
30224,88,92,-4,4
30225,56,64,-8,8
30226,75,80,-5,5
30227,76,79,-3,3
30228,47,60,-13,13
30229,96,93,3,3
30230,39,67,-28,28
30231,159,138,21,21
30232,61,69,-8,8
30233,53,59,-6,6
30234,84,85,-1,1
30235,85,83,2,2
30236,82,88,-6,6
30237,88,93,-5,5
30238,87,87,0,0
30239,111,106,5,5
30240,161,147,14,14
30241,131,130,1,1
30242,89,82,7,7
30243,156,147,9,9
30244,61,68,-7,7
30245,94,99,-5,5
30246,102,86,16,16
30247,167,166,1,1
30248,182,165,17,17
30249,59,61,-2,2
30250,162,141,21,21
30251,132,126,6,6
30252,66,68,-2,2
30253,88,87,1,1
30254,106,88,18,18
30255,59,68,-9,9
30256,86,89,-3,3
30257,45,59,-14,14
30258,42,59,-17,17
30259,54,62,-8,8
30260,79,85,-6,6
30261,139,138,1,1
30262,98,100,-2,2
30263,113,108,5,5
30264,87,86,1,1
30265,55,67,-12,12
30266,47,58,-11,11
30267,93,98,-5,5
30268,55,65,-10,10
30269,113,139,-26,26
30270,87,81,6,6
30271,138,136,2,2
30272,106,98,8,8
30273,76,81,-5,5
30274,89,91,-2,2
30275,90,84,6,6
30276,119,113,6,6
30277,106,103,3,3
30278,89,87,2,2
30279,80,85,-5,5
30280,77,80,-3,3
30281,138,120,18,18
30282,99,95,4,4
30283,70,81,-11,11
30284,107,102,5,5
30285,64,71,-7,7
30286,123,118,5,5
30287,75,81,-6,6
30288,46,65,-19,19
30289,94,93,1,1
30290,68,72,-4,4
30291,116,118,-2,2
30292,68,78,-10,10
30293,42,46,-4,4
30294,74,68,6,6
30295,102,103,-1,1
30296,111,104,7,7
30297,102,106,-4,4
30298,155,169,-14,14
30299,97,98,-1,1
30300,75,75,0,0
30301,158,165,-7,7
30302,66,64,2,2
30303,72,73,-1,1
30304,197,160,37,37
30305,133,115,18,18
30306,103,104,-1,1
30307,119,111,8,8
30308,88,93,-5,5
30309,56,70,-14,14
30310,59,72,-13,13
30311,73,86,-13,13
30312,100,95,5,5
30313,83,78,5,5
30314,104,100,4,4
30315,91,98,-7,7
30316,86,88,-2,2
30317,62,65,-3,3
30318,90,99,-9,9
30319,79,79,0,0
30320,127,123,4,4
30321,108,115,-7,7
30322,38,71,-33,33
30323,63,76,-13,13
30324,55,65,-10,10
30325,111,94,17,17
30326,53,67,-14,14
30327,77,76,1,1
30328,143,141,2,2
30329,136,128,8,8
30330,47,62,-15,15
30331,85,82,3,3
30332,96,93,3,3
30333,87,84,3,3
30334,87,86,1,1
30335,144,130,14,14
30336,105,98,7,7
30337,96,100,-4,4
30338,78,83,-5,5
30339,140,149,-9,9
30340,69,71,-2,2
30341,41,58,-17,17
30342,73,83,-10,10
30343,75,78,-3,3
30344,54,69,-15,15
30345,71,76,-5,5
30346,92,97,-5,5
30347,78,79,-1,1
30348,106,102,4,4
30349,77,84,-7,7
30350,74,78,-4,4
30351,59,64,-5,5
30352,94,106,-12,12
30353,86,84,2,2
30354,102,107,-5,5
30355,87,94,-7,7
30356,121,119,2,2
30357,75,73,2,2
30358,108,101,7,7
30359,174,155,19,19
30360,119,114,5,5
30361,84,91,-7,7
30362,98,97,1,1
30363,84,89,-5,5
30364,89,84,5,5
30365,87,81,6,6
30366,43,57,-14,14
30367,95,99,-4,4
30368,62,68,-6,6
30369,97,101,-4,4
30370,110,103,7,7
30371,102,105,-3,3
30372,95,98,-3,3
30373,84,88,-4,4
30374,88,94,-6,6
30375,101,99,2,2
30376,154,150,4,4
30377,159,145,14,14
30378,103,98,5,5
30379,75,80,-5,5
30380,119,107,12,12
30381,27,40,-13,13
30382,77,83,-6,6
30383,169,146,23,23
30384,151,153,-2,2
30385,72,72,0,0
30386,145,124,21,21
30387,62,75,-13,13
30388,52,72,-20,20
30389,69,81,-12,12
30390,74,78,-4,4
30391,102,83,19,19
30392,91,95,-4,4
30393,93,88,5,5
30394,81,83,-2,2
30395,137,129,8,8
30396,157,151,6,6
30397,48,58,-10,10
30398,122,122,0,0
30399,64,74,-10,10
30400,175,160,15,15
30401,74,68,6,6
30402,47,58,-11,11
30403,103,99,4,4
30404,88,93,-5,5
30405,64,78,-14,14
30406,94,94,0,0
30407,111,106,5,5
30408,209,178,31,31
30409,80,82,-2,2
30410,108,110,-2,2
30411,103,99,4,4
30412,93,115,-22,22
30413,86,89,-3,3
30414,105,100,5,5
30415,110,104,6,6
30416,82,87,-5,5
30417,69,70,-1,1
30418,43,53,-10,10
30419,74,84,-10,10
30420,131,113,18,18
30421,137,139,-2,2
30422,110,117,-7,7
30423,61,69,-8,8
30424,90,88,2,2
30425,78,73,5,5
30426,82,86,-4,4
30427,82,86,-4,4
30428,66,71,-5,5
30429,136,135,1,1
30430,112,102,10,10
30431,71,78,-7,7
30432,114,111,3,3
30433,105,149,-44,44
30434,93,84,9,9
30435,122,120,2,2
30436,167,164,3,3
30437,67,71,-4,4
30438,62,81,-19,19
30439,116,107,9,9
30440,120,105,15,15
30441,126,120,6,6
30442,110,101,9,9
30443,85,87,-2,2
30444,124,111,13,13
30445,129,130,-1,1
30446,99,110,-11,11
30447,172,158,14,14
30448,76,84,-8,8
30449,64,73,-9,9
30450,138,122,16,16
30451,59,67,-8,8
30452,123,109,14,14
30453,140,104,36,36
30454,67,70,-3,3
30455,211,189,22,22
30456,155,139,16,16
30457,84,96,-12,12
30458,125,123,2,2
30459,72,77,-5,5
30460,121,123,-2,2
30461,121,120,1,1
30462,141,140,1,1
30463,67,73,-6,6
30464,73,100,-27,27
30465,107,105,2,2
30466,72,71,1,1
30467,65,74,-9,9
30468,82,82,0,0
30469,87,83,4,4
30470,87,83,4,4
30471,52,63,-11,11
30472,84,82,2,2
30473,81,79,2,2
30474,75,82,-7,7
30475,126,125,1,1
30476,45,58,-13,13
30477,48,61,-13,13
30478,77,81,-4,4
30479,150,129,21,21
30480,100,98,2,2
30481,128,131,-3,3
30482,86,87,-1,1
30483,72,72,0,0
30484,108,106,2,2
30485,61,53,8,8
30486,121,120,1,1
30487,132,131,1,1
30488,112,115,-3,3
30489,148,138,10,10
30490,89,100,-11,11
30491,47,64,-17,17
30492,75,80,-5,5
30493,113,123,-10,10
30494,82,93,-11,11
30495,82,84,-2,2
30496,155,138,17,17
30497,114,109,5,5
30498,85,95,-10,10
30499,97,99,-2,2
30500,117,104,13,13
30501,57,65,-8,8
30502,121,115,6,6
30503,50,59,-9,9
30504,32,50,-18,18
30505,126,117,9,9
30506,85,86,-1,1
30507,45,63,-18,18
30508,105,98,7,7
30509,84,89,-5,5
30510,99,91,8,8
30511,129,99,30,30
30512,115,105,10,10
30513,127,125,2,2
30514,42,70,-28,28
30515,86,95,-9,9
30516,106,101,5,5
30517,108,101,7,7
30518,143,137,6,6
30519,98,101,-3,3
30520,131,106,25,25
30521,117,111,6,6
30522,82,79,3,3
30523,79,81,-2,2
30524,58,65,-7,7
30525,96,90,6,6
30526,105,94,11,11
30527,103,106,-3,3
30528,72,85,-13,13
30529,108,115,-7,7
30530,155,145,10,10
30531,164,147,17,17
30532,60,67,-7,7
30533,130,116,14,14
30534,123,116,7,7
30535,104,103,1,1
30536,79,77,2,2
30537,136,128,8,8
30538,130,123,7,7
30539,135,120,15,15
30540,77,81,-4,4
30541,136,124,12,12
30542,107,89,18,18
30543,127,115,12,12
30544,116,112,4,4
30545,132,124,8,8
30546,88,84,4,4
30547,74,73,1,1
30548,71,85,-14,14
30549,53,58,-5,5
30550,57,65,-8,8
30551,189,174,15,15
30552,49,56,-7,7
30553,124,125,-1,1
30554,127,118,9,9
30555,45,68,-23,23
30556,110,113,-3,3
30557,104,108,-4,4
30558,82,85,-3,3
30559,133,123,10,10
30560,229,204,25,25
30561,64,74,-10,10
30562,107,97,10,10
30563,109,108,1,1
30564,174,159,15,15
30565,176,165,11,11
30566,101,91,10,10
30567,113,107,6,6
30568,139,126,13,13
30569,56,66,-10,10
30570,75,78,-3,3
30571,89,88,1,1
30572,34,49,-15,15
30573,130,125,5,5
30574,81,79,2,2
30575,103,115,-12,12
30576,99,99,0,0
30577,136,135,1,1
30578,37,54,-17,17
30579,82,79,3,3
30580,125,120,5,5
30581,121,114,7,7
30582,94,90,4,4
30583,67,72,-5,5
30584,110,119,-9,9
30585,82,82,0,0
30586,106,116,-10,10
30587,154,142,12,12
30588,97,97,0,0
30589,65,71,-6,6
30590,81,89,-8,8
30591,53,62,-9,9
30592,123,112,11,11
30593,123,111,12,12
30594,60,60,0,0
30595,59,69,-10,10
30596,71,97,-26,26
30597,154,145,9,9
30598,89,88,1,1
30599,89,86,3,3
30600,95,87,8,8
30601,78,83,-5,5
30602,79,85,-6,6
30603,132,129,3,3
30604,124,121,3,3
30605,125,116,9,9
30606,73,76,-3,3
30607,109,109,0,0
30608,84,84,0,0
30609,114,117,-3,3
30610,98,100,-2,2
30611,229,211,18,18
30612,118,119,-1,1
30613,105,103,2,2
30614,56,69,-13,13
30615,86,86,0,0
30616,72,81,-9,9
30617,144,164,-20,20
30618,151,137,14,14
30619,91,88,3,3
30620,134,130,4,4
30621,142,134,8,8
30622,119,117,2,2
30623,115,105,10,10
30624,122,120,2,2
30625,121,108,13,13
30626,145,152,-7,7
30627,151,143,8,8
30628,99,82,17,17
30629,90,92,-2,2
30630,115,137,-22,22
30631,65,84,-19,19
30632,90,88,2,2
30633,78,83,-5,5
30634,65,77,-12,12
30635,77,80,-3,3
30636,64,72,-8,8
30637,204,176,28,28
30638,134,138,-4,4
30639,144,130,14,14
30640,127,124,3,3
30641,88,82,6,6
30642,61,70,-9,9
30643,118,120,-2,2
30644,91,90,1,1
30645,143,122,21,21
30646,166,146,20,20
30647,77,77,0,0
30648,97,91,6,6
30649,97,99,-2,2
30650,98,86,12,12
30651,71,76,-5,5
30652,77,76,1,1
30653,145,134,11,11
30654,127,120,7,7
30655,144,137,7,7
30656,128,114,14,14
30657,148,139,9,9
30658,67,70,-3,3
30659,147,144,3,3
30660,85,95,-10,10
30661,98,99,-1,1
30662,72,75,-3,3
30663,74,80,-6,6
30664,111,111,0,0
30665,80,82,-2,2
30666,73,74,-1,1
30667,79,83,-4,4
30668,90,81,9,9
30669,104,97,7,7
30670,70,77,-7,7
30671,99,101,-2,2
30672,64,70,-6,6
30673,68,73,-5,5
30674,96,90,6,6
30675,44,57,-13,13
30676,84,86,-2,2
30677,81,79,2,2
30678,152,144,8,8
30679,69,75,-6,6
30680,86,102,-16,16
30681,89,96,-7,7
30682,151,142,9,9
30683,80,86,-6,6
30684,97,101,-4,4
30685,55,62,-7,7
30686,126,114,12,12
30687,110,115,-5,5
30688,112,119,-7,7
30689,156,137,19,19
30690,52,62,-10,10
30691,88,89,-1,1
30692,98,105,-7,7
30693,131,120,11,11
30694,114,105,9,9
30695,154,151,3,3
30696,52,63,-11,11
30697,134,131,3,3
30698,60,66,-6,6
30699,68,75,-7,7
30700,119,117,2,2
30701,61,64,-3,3
30702,94,101,-7,7
30703,98,102,-4,4
30704,103,109,-6,6
30705,120,120,0,0
30706,97,97,0,0
30707,126,114,12,12
30708,103,99,4,4
30709,97,98,-1,1
30710,89,86,3,3
30711,69,72,-3,3
30712,58,66,-8,8
30713,109,100,9,9
30714,91,82,9,9
30715,76,77,-1,1
30716,206,192,14,14
30717,109,97,12,12
30718,167,156,11,11
30719,124,113,11,11
30720,68,72,-4,4
30721,162,135,27,27
30722,92,93,-1,1
30723,160,155,5,5
30724,107,103,4,4
30725,104,94,10,10
30726,72,72,0,0
30727,59,69,-10,10
30728,102,94,8,8
30729,110,118,-8,8
30730,71,75,-4,4
30731,96,89,7,7
30732,117,110,7,7
30733,67,72,-5,5
30734,64,70,-6,6
30735,111,105,6,6
30736,54,56,-2,2
30737,70,75,-5,5
30738,89,85,4,4
30739,125,129,-4,4
30740,81,93,-12,12
30741,132,118,14,14
30742,122,121,1,1
30743,83,89,-6,6
30744,49,66,-17,17
30745,134,112,22,22
30746,86,86,0,0
30747,87,85,2,2
30748,113,112,1,1
30749,147,143,4,4
30750,57,71,-14,14
30751,81,80,1,1
30752,84,94,-10,10
30753,130,120,10,10
30754,103,97,6,6
30755,57,66,-9,9
30756,58,66,-8,8
30757,147,125,22,22
30758,136,132,4,4
30759,78,84,-6,6
30760,92,95,-3,3
30761,69,78,-9,9
30762,151,138,13,13
30763,155,153,2,2
30764,80,86,-6,6
30765,71,71,0,0
30766,113,144,-31,31
30767,129,110,19,19
30768,113,108,5,5
30769,82,88,-6,6
30770,69,65,4,4
30771,95,92,3,3
30772,86,87,-1,1
30773,86,83,3,3
30774,73,74,-1,1
30775,84,87,-3,3
30776,99,96,3,3
30777,159,139,20,20
30778,94,96,-2,2
30779,93,96,-3,3
30780,52,60,-8,8
30781,92,92,0,0
30782,77,88,-11,11
30783,83,88,-5,5
30784,145,140,5,5
30785,89,87,2,2
30786,98,94,4,4
30787,128,128,0,0
30788,70,83,-13,13
30789,85,86,-1,1
30790,94,93,1,1
30791,63,75,-12,12
30792,120,106,14,14
30793,93,101,-8,8
30794,113,107,6,6
30795,164,166,-2,2
30796,121,114,7,7
30797,61,64,-3,3
30798,100,134,-34,34
30799,67,65,2,2
30800,107,106,1,1
30801,56,58,-2,2
30802,79,83,-4,4
30803,116,144,-28,28
30804,139,130,9,9
30805,112,116,-4,4
30806,92,88,4,4
30807,108,102,6,6
30808,124,130,-6,6
30809,158,156,2,2
30810,106,95,11,11
30811,132,122,10,10
30812,100,97,3,3
30813,64,97,-33,33
30814,128,120,8,8
30815,53,60,-7,7
30816,54,63,-9,9
30817,81,82,-1,1
30818,67,75,-8,8
30819,97,108,-11,11
30820,129,114,15,15
30821,122,102,20,20
30822,139,131,8,8
30823,44,52,-8,8
30824,131,127,4,4
30825,67,77,-10,10
30826,115,112,3,3
30827,53,59,-6,6
30828,84,84,0,0
30829,124,118,6,6
30830,74,71,3,3
30831,104,111,-7,7
30832,70,79,-9,9
30833,112,107,5,5
30834,90,80,10,10
30835,83,97,-14,14
30836,71,79,-8,8
30837,81,80,1,1
30838,124,139,-15,15
30839,161,158,3,3
30840,52,65,-13,13
30841,78,86,-8,8
30842,57,61,-4,4
30843,113,111,2,2
30844,105,95,10,10
30845,119,106,13,13
30846,48,63,-15,15
30847,123,112,11,11
30848,96,93,3,3
30849,124,114,10,10
30850,129,128,1,1
30851,125,121,4,4
30852,104,104,0,0
30853,117,111,6,6
30854,151,144,7,7
30855,125,115,10,10
30856,87,94,-7,7
30857,71,77,-6,6
30858,58,65,-7,7
30859,127,126,1,1
30860,143,123,20,20
30861,78,80,-2,2
30862,114,120,-6,6
30863,49,59,-10,10
30864,86,88,-2,2
30865,81,93,-12,12
30866,85,87,-2,2
30867,158,136,22,22
30868,57,63,-6,6
30869,109,105,4,4
30870,95,92,3,3
30871,45,58,-13,13
30872,76,85,-9,9
30873,83,82,1,1
30874,100,110,-10,10
30875,65,82,-17,17
30876,76,84,-8,8
30877,47,64,-17,17
30878,70,76,-6,6
30879,157,151,6,6
30880,204,172,32,32
30881,88,86,2,2
30882,93,87,6,6
30883,53,67,-14,14
30884,97,99,-2,2
30885,84,83,1,1
30886,66,78,-12,12
30887,73,80,-7,7
30888,64,75,-11,11
30889,102,94,8,8
30890,56,66,-10,10
30891,73,80,-7,7
30892,78,87,-9,9
30893,64,77,-13,13
30894,89,91,-2,2
30895,108,107,1,1
30896,79,75,4,4
30897,99,99,0,0
30898,104,100,4,4
30899,174,154,20,20
30900,76,83,-7,7
30901,67,79,-12,12
30902,103,99,4,4
30903,72,75,-3,3
30904,65,80,-15,15
30905,79,85,-6,6
30906,39,73,-34,34
30907,42,50,-8,8
30908,43,57,-14,14
30909,130,125,5,5
30910,56,63,-7,7
30911,67,75,-8,8
30912,61,69,-8,8
30913,79,75,4,4
30914,122,101,21,21
30915,121,114,7,7
30916,87,81,6,6
30917,95,99,-4,4
30918,76,80,-4,4
30919,98,89,9,9
30920,149,145,4,4
30921,37,53,-16,16
30922,91,81,10,10
30923,99,99,0,0
30924,64,75,-11,11
30925,113,104,9,9
30926,82,85,-3,3
30927,71,77,-6,6
30928,103,105,-2,2
30929,58,70,-12,12
30930,112,105,7,7
30931,61,66,-5,5
30932,60,73,-13,13
30933,118,120,-2,2
30934,48,60,-12,12
30935,86,80,6,6
30936,61,74,-13,13
30937,123,107,16,16
30938,151,142,9,9
30939,50,57,-7,7
30940,123,126,-3,3
30941,186,179,7,7
30942,59,69,-10,10
30943,141,135,6,6
30944,130,144,-14,14
30945,83,79,4,4
30946,63,70,-7,7
30947,168,146,22,22
30948,88,88,0,0
30949,49,61,-12,12
30950,47,62,-15,15
30951,81,86,-5,5
30952,176,149,27,27
30953,58,67,-9,9
30954,48,53,-5,5
30955,117,112,5,5
30956,115,102,13,13
30957,120,111,9,9
30958,90,89,1,1
30959,46,62,-16,16
30960,113,124,-11,11
30961,64,73,-9,9
30962,126,116,10,10
30963,153,135,18,18
30964,114,103,11,11
30965,182,178,4,4
30966,114,111,3,3
30967,91,92,-1,1
30968,116,104,12,12
30969,135,120,15,15
30970,70,75,-5,5
30971,80,76,4,4
30972,50,69,-19,19
30973,90,90,0,0
30974,50,64,-14,14
30975,144,126,18,18
30976,77,77,0,0
30977,81,79,2,2
30978,41,49,-8,8
30979,80,84,-4,4
30980,97,94,3,3
30981,65,73,-8,8
30982,70,76,-6,6
30983,176,176,0,0
30984,143,135,8,8
30985,79,80,-1,1
30986,122,115,7,7
30987,135,132,3,3
30988,85,93,-8,8
30989,50,67,-17,17
30990,88,88,0,0
30991,120,107,13,13
30992,134,128,6,6
30993,74,75,-1,1
30994,86,91,-5,5
30995,95,95,0,0
30996,56,67,-11,11
30997,92,87,5,5
30998,86,88,-2,2
30999,70,89,-19,19
31000,81,80,1,1
31001,113,111,2,2
31002,99,96,3,3
31003,77,82,-5,5
31004,31,41,-10,10
31005,99,96,3,3
31006,85,85,0,0
31007,80,88,-8,8
31008,92,94,-2,2
31009,56,66,-10,10
31010,139,148,-9,9
31011,51,59,-8,8
31012,36,37,-1,1
31013,126,113,13,13
31014,76,78,-2,2
31015,96,106,-10,10
31016,87,92,-5,5
31017,117,111,6,6
31018,102,102,0,0
31019,89,94,-5,5
31020,107,92,15,15
31021,79,82,-3,3
31022,89,87,2,2
31023,67,67,0,0
31024,114,111,3,3
31025,69,77,-8,8
31026,115,98,17,17
31027,168,167,1,1
31028,84,99,-15,15
31029,79,67,12,12
31030,133,135,-2,2
31031,123,104,19,19
31032,102,108,-6,6
31033,123,112,11,11
31034,97,89,8,8
31035,89,94,-5,5
31036,92,96,-4,4
31037,171,150,21,21
31038,72,71,1,1
31039,92,99,-7,7
31040,54,70,-16,16
31041,113,113,0,0
31042,110,97,13,13
31043,64,70,-6,6
31044,64,70,-6,6
31045,69,68,1,1
31046,81,83,-2,2
31047,101,100,1,1
31048,92,99,-7,7
31049,85,94,-9,9
31050,58,66,-8,8
31051,124,113,11,11
31052,81,80,1,1
31053,108,98,10,10
31054,93,88,5,5
31055,70,67,3,3
31056,119,97,22,22
31057,65,72,-7,7
31058,90,85,5,5
31059,53,64,-11,11
31060,73,81,-8,8
31061,52,62,-10,10
31062,97,99,-2,2
31063,118,101,17,17
31064,95,90,5,5
31065,89,88,1,1
31066,66,72,-6,6
31067,75,81,-6,6
31068,107,99,8,8
31069,63,66,-3,3
31070,148,133,15,15
31071,110,104,6,6
31072,96,105,-9,9
31073,123,121,2,2
31074,123,110,13,13
31075,106,94,12,12
31076,101,96,5,5
31077,105,105,0,0
31078,94,99,-5,5
31079,53,72,-19,19
31080,53,70,-17,17
31081,116,112,4,4
31082,122,125,-3,3
31083,96,101,-5,5
31084,117,110,7,7
31085,105,99,6,6
31086,74,78,-4,4
31087,43,61,-18,18
31088,110,108,2,2
31089,71,75,-4,4
31090,72,72,0,0
31091,109,104,5,5
31092,142,139,3,3
31093,69,68,1,1
31094,127,133,-6,6
31095,113,117,-4,4
31096,61,67,-6,6
31097,108,102,6,6
31098,83,80,3,3
31099,58,68,-10,10
31100,107,103,4,4
31101,108,123,-15,15
31102,97,92,5,5
31103,101,89,12,12
31104,101,104,-3,3
31105,123,110,13,13
31106,68,74,-6,6
31107,89,85,4,4
31108,47,59,-12,12
31109,128,114,14,14
31110,117,112,5,5
31111,94,87,7,7
31112,111,103,8,8
31113,51,61,-10,10
31114,65,77,-12,12
31115,79,98,-19,19
31116,140,134,6,6
31117,152,128,24,24
31118,108,107,1,1
31119,115,105,10,10
31120,78,88,-10,10
31121,100,100,0,0
31122,69,77,-8,8
31123,127,120,7,7
31124,64,64,0,0
31125,148,139,9,9
31126,105,98,7,7
31127,123,114,9,9
31128,56,64,-8,8
31129,60,76,-16,16
31130,100,95,5,5
31131,77,99,-22,22
31132,89,109,-20,20
31133,63,73,-10,10
31134,70,73,-3,3
31135,74,75,-1,1
31136,74,85,-11,11
31137,149,130,19,19
31138,60,71,-11,11
31139,115,151,-36,36
31140,65,74,-9,9
31141,95,88,7,7
31142,126,138,-12,12
31143,84,95,-11,11
31144,114,100,14,14
31145,130,118,12,12
31146,117,107,10,10
31147,135,135,0,0
31148,110,113,-3,3
31149,74,74,0,0
31150,91,98,-7,7
31151,102,97,5,5
31152,76,85,-9,9
31153,81,97,-16,16
31154,117,107,10,10
31155,58,67,-9,9
31156,52,75,-23,23
31157,44,65,-21,21
31158,126,128,-2,2
31159,102,99,3,3
31160,68,68,0,0
31161,96,108,-12,12
31162,116,99,17,17
31163,96,88,8,8
31164,44,61,-17,17
31165,49,56,-7,7
31166,109,105,4,4
31167,40,58,-18,18
31168,84,111,-27,27
31169,57,66,-9,9
31170,85,89,-4,4
31171,44,58,-14,14
31172,77,80,-3,3
31173,70,83,-13,13
31174,63,76,-13,13
31175,75,78,-3,3
31176,88,90,-2,2
31177,98,96,2,2
31178,66,84,-18,18
31179,78,78,0,0
31180,95,99,-4,4
31181,99,123,-24,24
31182,20,94,-74,74
31183,88,90,-2,2
31184,165,152,13,13
31185,127,118,9,9
31186,55,66,-11,11
31187,145,135,10,10
31188,72,73,-1,1
31189,84,79,5,5
31190,62,68,-6,6
31191,107,97,10,10
31192,113,95,18,18
31193,64,71,-7,7
31194,132,111,21,21
31195,80,80,0,0
31196,64,75,-11,11
31197,58,71,-13,13
31198,53,73,-20,20
31199,101,99,2,2
31200,97,93,4,4
31201,93,94,-1,1
31202,87,78,9,9
31203,78,79,-1,1
31204,70,68,2,2
31205,119,84,35,35
31206,66,73,-7,7
31207,82,92,-10,10
31208,117,99,18,18
31209,106,103,3,3
31210,79,80,-1,1
31211,129,154,-25,25
31212,95,86,9,9
31213,66,74,-8,8
31214,63,67,-4,4
31215,128,131,-3,3
31216,86,82,4,4
31217,87,92,-5,5
31218,115,114,1,1
31219,126,123,3,3
31220,66,101,-35,35
31221,138,133,5,5
31222,118,101,17,17
31223,105,101,4,4
31224,59,70,-11,11
31225,51,65,-14,14
31226,45,68,-23,23
31227,79,82,-3,3
31228,103,90,13,13
31229,86,105,-19,19
31230,63,69,-6,6
31231,104,102,2,2
31232,144,136,8,8
31233,160,144,16,16
31234,55,63,-8,8
31235,83,83,0,0
31236,104,102,2,2
31237,61,69,-8,8
31238,92,99,-7,7
31239,72,80,-8,8
31240,103,97,6,6
31241,192,163,29,29
31242,89,84,5,5
31243,76,76,0,0
31244,70,82,-12,12
31245,81,77,4,4
31246,96,96,0,0
31247,120,113,7,7
31248,88,89,-1,1
31249,81,76,5,5
31250,91,92,-1,1
31251,104,95,9,9
31252,71,74,-3,3
31253,51,59,-8,8
31254,138,128,10,10
31255,88,78,10,10
31256,64,78,-14,14
31257,108,107,1,1
31258,120,113,7,7
31259,78,100,-22,22
31260,158,138,20,20
31261,185,161,24,24
31262,168,169,-1,1
31263,96,101,-5,5
31264,100,83,17,17
31265,48,102,-54,54
31266,80,83,-3,3
31267,49,62,-13,13
31268,108,104,4,4
31269,71,79,-8,8
31270,111,108,3,3
31271,75,74,1,1
31272,117,114,3,3
31273,156,139,17,17
31274,111,101,10,10
31275,108,106,2,2
31276,54,65,-11,11
31277,83,93,-10,10
31278,91,84,7,7
31279,53,67,-14,14
31280,46,60,-14,14
31281,39,57,-18,18
31282,97,109,-12,12
31283,97,106,-9,9
31284,93,86,7,7
31285,173,158,15,15
31286,76,78,-2,2
31287,146,133,13,13
31288,128,132,-4,4
31289,81,77,4,4
31290,90,92,-2,2
31291,109,111,-2,2
31292,123,107,16,16
31293,100,98,2,2
31294,77,84,-7,7
31295,77,81,-4,4
31296,109,118,-9,9
31297,85,85,0,0
31298,94,93,1,1
31299,57,61,-4,4
31300,51,65,-14,14
31301,50,65,-15,15
31302,80,79,1,1
31303,73,73,0,0
31304,68,79,-11,11
31305,153,134,19,19
31306,120,125,-5,5
31307,99,98,1,1
31308,97,94,3,3
31309,82,80,2,2
31310,85,97,-12,12
31311,84,87,-3,3
31312,93,104,-11,11
31313,55,65,-10,10
31314,53,65,-12,12
31315,148,136,12,12
31316,115,117,-2,2
31317,116,112,4,4
31318,109,97,12,12
31319,72,81,-9,9
31320,85,87,-2,2
31321,78,72,6,6
31322,133,119,14,14
31323,89,86,3,3
31324,53,69,-16,16
31325,145,152,-7,7
31326,75,76,-1,1
31327,60,67,-7,7
31328,71,77,-6,6
31329,62,72,-10,10
31330,165,151,14,14
31331,51,65,-14,14
31332,146,143,3,3
31333,64,70,-6,6
31334,75,85,-10,10
31335,79,78,1,1
31336,85,87,-2,2
31337,100,99,1,1
31338,119,111,8,8
31339,106,113,-7,7
31340,79,82,-3,3
31341,163,155,8,8
31342,121,119,2,2
31343,66,75,-9,9
31344,114,111,3,3
31345,77,83,-6,6
31346,57,65,-8,8
31347,87,94,-7,7
31348,86,85,1,1
31349,71,80,-9,9
31350,124,114,10,10
31351,65,68,-3,3
31352,111,102,9,9
31353,62,72,-10,10
31354,94,85,9,9
31355,76,80,-4,4
31356,122,131,-9,9
31357,136,146,-10,10
31358,76,77,-1,1
31359,82,97,-15,15
31360,62,67,-5,5
31361,65,65,0,0
31362,63,74,-11,11
31363,50,57,-7,7
31364,56,72,-16,16
31365,80,86,-6,6
31366,95,87,8,8
31367,94,97,-3,3
31368,90,81,9,9
31369,116,98,18,18
31370,113,102,11,11
31371,70,71,-1,1
31372,31,48,-17,17
31373,70,80,-10,10
31374,72,71,1,1
31375,92,87,5,5
31376,82,81,1,1
31377,58,69,-11,11
31378,104,104,0,0
31379,75,79,-4,4
31380,90,95,-5,5
31381,130,120,10,10
31382,126,123,3,3
31383,89,86,3,3
31384,108,104,4,4
31385,51,64,-13,13
31386,132,128,4,4
31387,91,92,-1,1
31388,109,113,-4,4
31389,103,118,-15,15
31390,87,83,4,4
31391,123,120,3,3
31392,109,100,9,9
31393,77,92,-15,15
31394,96,96,0,0
31395,82,85,-3,3
31396,111,108,3,3
31397,72,75,-3,3
31398,117,105,12,12
31399,117,110,7,7
31400,137,131,6,6
31401,107,95,12,12
31402,91,92,-1,1
31403,110,104,6,6
31404,76,87,-11,11
31405,83,80,3,3
31406,142,140,2,2
31407,97,96,1,1
31408,54,62,-8,8
31409,71,80,-9,9
31410,91,98,-7,7
31411,100,100,0,0
31412,47,59,-12,12
31413,114,102,12,12
31414,65,63,2,2
31415,33,48,-15,15
31416,88,85,3,3
31417,102,101,1,1
31418,72,90,-18,18
31419,95,98,-3,3
31420,100,96,4,4
31421,200,188,12,12
31422,147,130,17,17
31423,98,104,-6,6
31424,111,105,6,6
31425,105,105,0,0
31426,89,89,0,0
31427,108,105,3,3
31428,35,70,-35,35
31429,54,67,-13,13
31430,124,115,9,9
31431,90,82,8,8
31432,130,124,6,6
31433,138,126,12,12
31434,143,128,15,15
31435,74,78,-4,4
31436,47,66,-19,19
31437,64,72,-8,8
31438,174,172,2,2
31439,96,91,5,5
31440,132,130,2,2
31441,66,78,-12,12
31442,105,102,3,3
31443,128,127,1,1
31444,99,98,1,1
31445,70,74,-4,4
31446,62,64,-2,2
31447,78,80,-2,2
31448,93,95,-2,2
31449,89,78,11,11
31450,104,111,-7,7
31451,74,75,-1,1
31452,102,87,15,15
31453,58,64,-6,6
31454,89,88,1,1
31455,84,80,4,4
31456,128,115,13,13
31457,91,96,-5,5
31458,80,75,5,5
31459,84,95,-11,11
31460,100,104,-4,4
31461,115,106,9,9
31462,92,97,-5,5
31463,155,152,3,3
31464,175,146,29,29
31465,79,78,1,1
31466,70,70,0,0
31467,64,77,-13,13
31468,111,109,2,2
31469,83,84,-1,1
31470,92,96,-4,4
31471,153,142,11,11
31472,138,131,7,7
31473,90,102,-12,12
31474,104,106,-2,2
31475,52,58,-6,6
31476,72,80,-8,8
31477,76,83,-7,7
31478,69,74,-5,5
31479,145,132,13,13
31480,67,71,-4,4
31481,79,80,-1,1
31482,103,96,7,7
31483,145,146,-1,1
31484,86,87,-1,1
31485,112,103,9,9
31486,130,123,7,7
31487,173,158,15,15
31488,75,80,-5,5
31489,195,163,32,32
31490,93,90,3,3
31491,102,95,7,7
31492,64,66,-2,2
31493,68,73,-5,5
31494,58,71,-13,13
31495,93,84,9,9
31496,119,100,19,19
31497,54,59,-5,5
31498,72,92,-20,20
31499,82,86,-4,4
31500,130,125,5,5
31501,75,83,-8,8
31502,73,80,-7,7
31503,72,78,-6,6
31504,243,247,-4,4
31505,62,83,-21,21
31506,79,77,2,2
31507,129,132,-3,3
31508,119,109,10,10
31509,121,119,2,2
31510,135,128,7,7
31511,64,64,0,0
31512,84,86,-2,2
31513,68,76,-8,8
31514,89,85,4,4
31515,59,62,-3,3
31516,67,77,-10,10
31517,108,110,-2,2
31518,55,65,-10,10
31519,161,137,24,24
31520,75,80,-5,5
31521,113,105,8,8
31522,102,98,4,4
31523,116,107,9,9
31524,134,128,6,6
31525,161,130,31,31
31526,122,105,17,17
31527,103,98,5,5
31528,75,80,-5,5
31529,162,139,23,23
31530,76,85,-9,9
31531,57,68,-11,11
31532,74,82,-8,8
31533,78,77,1,1
31534,68,74,-6,6
31535,101,96,5,5
31536,66,73,-7,7
31537,61,73,-12,12
31538,120,111,9,9
31539,62,70,-8,8
31540,149,128,21,21
31541,85,95,-10,10
31542,126,109,17,17
31543,192,183,9,9
31544,94,89,5,5
31545,69,76,-7,7
31546,99,90,9,9
31547,114,105,9,9
31548,75,81,-6,6
31549,113,119,-6,6
31550,165,151,14,14
31551,133,121,12,12
31552,86,96,-10,10
31553,72,72,0,0
31554,97,96,1,1
31555,113,145,-32,32
31556,110,107,3,3
31557,119,121,-2,2
31558,60,69,-9,9
31559,72,87,-15,15
31560,110,104,6,6
31561,151,133,18,18
31562,70,81,-11,11
31563,89,91,-2,2
31564,112,105,7,7
31565,70,75,-5,5
31566,64,73,-9,9
31567,155,153,2,2
31568,103,99,4,4
31569,115,109,6,6
31570,57,62,-5,5
31571,92,97,-5,5
31572,96,88,8,8
31573,61,70,-9,9
31574,144,126,18,18
31575,75,81,-6,6
31576,138,126,12,12
31577,103,104,-1,1
31578,118,106,12,12
31579,80,86,-6,6
31580,107,98,9,9
31581,84,84,0,0
31582,87,86,1,1
31583,56,61,-5,5
31584,129,130,-1,1
31585,94,93,1,1
31586,72,85,-13,13
31587,193,168,25,25
31588,141,120,21,21
31589,98,97,1,1
31590,116,117,-1,1
31591,154,144,10,10
31592,116,121,-5,5
31593,75,84,-9,9
31594,107,97,10,10
31595,83,80,3,3
31596,103,107,-4,4
31597,99,95,4,4
31598,109,107,2,2
31599,95,92,3,3
31600,85,79,6,6
31601,81,82,-1,1
31602,112,98,14,14
31603,82,78,4,4
31604,56,64,-8,8
31605,64,71,-7,7
31606,105,118,-13,13
31607,118,113,5,5
31608,82,85,-3,3
31609,96,96,0,0
31610,69,70,-1,1
31611,128,124,4,4
31612,88,95,-7,7
31613,90,85,5,5
31614,141,133,8,8
31615,75,86,-11,11
31616,108,106,2,2
31617,153,141,12,12
31618,101,98,3,3
31619,76,81,-5,5
31620,86,95,-9,9
31621,49,59,-10,10
31622,130,125,5,5
31623,95,92,3,3
31624,33,54,-21,21
31625,156,154,2,2
31626,49,56,-7,7
31627,89,85,4,4
31628,86,80,6,6
31629,80,80,0,0
31630,97,96,1,1
31631,59,70,-11,11
31632,153,141,12,12
31633,51,63,-12,12
31634,88,78,10,10
31635,145,153,-8,8
31636,165,172,-7,7
31637,74,83,-9,9
31638,80,92,-12,12
31639,101,96,5,5
31640,46,58,-12,12
31641,62,70,-8,8
31642,107,96,11,11
31643,66,73,-7,7
31644,153,143,10,10
31645,75,77,-2,2
31646,49,59,-10,10
31647,120,121,-1,1
31648,131,123,8,8
31649,106,109,-3,3
31650,147,136,11,11
31651,81,84,-3,3
31652,94,96,-2,2
31653,57,67,-10,10
31654,61,76,-15,15
31655,47,57,-10,10
31656,53,60,-7,7
31657,117,106,11,11
31658,98,81,17,17
31659,48,56,-8,8
31660,190,182,8,8
31661,68,75,-7,7
31662,106,99,7,7
31663,57,69,-12,12
31664,131,133,-2,2
31665,132,125,7,7
31666,74,79,-5,5
31667,125,120,5,5
31668,86,89,-3,3
31669,49,58,-9,9
31670,95,83,12,12
31671,67,70,-3,3
31672,82,87,-5,5
31673,93,102,-9,9
31674,52,66,-14,14
31675,55,62,-7,7
31676,111,107,4,4
31677,73,77,-4,4
31678,72,83,-11,11
31679,160,151,9,9
31680,97,99,-2,2
31681,95,88,7,7
31682,117,92,25,25
31683,67,66,1,1
31684,55,66,-11,11
31685,103,98,5,5
31686,108,108,0,0
31687,82,80,2,2
31688,155,142,13,13
31689,87,85,2,2
31690,88,86,2,2
31691,84,96,-12,12
31692,66,82,-16,16
31693,59,67,-8,8
31694,80,79,1,1
31695,120,121,-1,1
31696,92,91,1,1
31697,36,48,-12,12
31698,89,82,7,7
31699,113,101,12,12
31700,86,91,-5,5
31701,117,134,-17,17
31702,78,76,2,2
31703,72,82,-10,10
31704,76,72,4,4
31705,76,80,-4,4
31706,87,87,0,0
31707,76,99,-23,23
31708,79,68,11,11
31709,51,53,-2,2
31710,121,130,-9,9
31711,100,92,8,8
31712,83,84,-1,1
31713,84,79,5,5
31714,100,102,-2,2
31715,125,120,5,5
31716,73,72,1,1
31717,59,68,-9,9
31718,79,83,-4,4
31719,76,85,-9,9
31720,108,111,-3,3
31721,64,79,-15,15
31722,101,96,5,5
31723,140,120,20,20
31724,89,92,-3,3
31725,72,74,-2,2
31726,82,87,-5,5
31727,68,75,-7,7
31728,41,62,-21,21
31729,77,82,-5,5
31730,150,140,10,10
31731,121,111,10,10
31732,96,112,-16,16
31733,50,60,-10,10
31734,45,57,-12,12
31735,118,122,-4,4
31736,108,103,5,5
31737,74,73,1,1
31738,148,128,20,20
31739,109,102,7,7
31740,53,63,-10,10
31741,69,71,-2,2
31742,75,78,-3,3
31743,75,89,-14,14
31744,93,90,3,3
31745,36,49,-13,13
31746,62,74,-12,12
31747,139,133,6,6
31748,67,74,-7,7
31749,199,190,9,9
31750,61,64,-3,3
31751,66,74,-8,8
31752,58,68,-10,10
31753,58,68,-10,10
31754,98,102,-4,4
31755,65,69,-4,4
31756,96,96,0,0
31757,105,108,-3,3
31758,44,57,-13,13
31759,116,110,6,6
31760,87,82,5,5
31761,94,105,-11,11
31762,130,130,0,0
31763,103,101,2,2
31764,85,84,1,1
31765,94,100,-6,6
31766,78,80,-2,2
31767,120,111,9,9
31768,48,61,-13,13
31769,107,97,10,10
31770,87,93,-6,6
31771,115,115,0,0
31772,122,116,6,6
31773,137,122,15,15
31774,19,42,-23,23
31775,90,94,-4,4
31776,45,56,-11,11
31777,53,66,-13,13
31778,132,117,15,15
31779,54,58,-4,4
31780,123,129,-6,6
31781,88,102,-14,14
31782,90,81,9,9
31783,112,108,4,4
31784,67,71,-4,4
31785,50,63,-13,13
31786,65,71,-6,6
31787,44,58,-14,14
31788,86,95,-9,9
31789,65,73,-8,8
31790,80,98,-18,18
31791,128,118,10,10
31792,166,134,32,32
31793,105,96,9,9
31794,77,80,-3,3
31795,113,115,-2,2
31796,82,83,-1,1
31797,94,100,-6,6
31798,123,115,8,8
31799,118,116,2,2
31800,159,144,15,15
31801,100,85,15,15
31802,95,89,6,6
31803,128,128,0,0
31804,67,80,-13,13
31805,131,115,16,16
31806,78,80,-2,2
31807,58,68,-10,10
31808,126,113,13,13
31809,136,138,-2,2
31810,75,77,-2,2
31811,100,100,0,0
31812,52,60,-8,8
31813,94,92,2,2
31814,64,77,-13,13
31815,65,71,-6,6
31816,85,85,0,0
31817,100,98,2,2
31818,134,126,8,8
31819,88,86,2,2
31820,87,87,0,0
31821,112,106,6,6
31822,222,201,21,21
31823,103,96,7,7
31824,131,149,-18,18
31825,143,147,-4,4
31826,89,91,-2,2
31827,144,127,17,17
31828,90,88,2,2
31829,117,108,9,9
31830,41,55,-14,14
31831,161,153,8,8
31832,87,92,-5,5
31833,67,73,-6,6
31834,89,107,-18,18
31835,58,60,-2,2
31836,54,61,-7,7
31837,66,70,-4,4
31838,62,77,-15,15
31839,46,57,-11,11
31840,116,111,5,5
31841,146,144,2,2
31842,153,155,-2,2
31843,110,96,14,14
31844,83,76,7,7
31845,138,122,16,16
31846,117,108,9,9
31847,86,82,4,4
31848,170,158,12,12
31849,96,100,-4,4
31850,57,63,-6,6
31851,102,93,9,9
31852,96,96,0,0
31853,88,86,2,2
31854,117,116,1,1
31855,83,96,-13,13
31856,94,102,-8,8
31857,68,80,-12,12
31858,81,79,2,2
31859,165,157,8,8
31860,93,85,8,8
31861,169,161,8,8
31862,79,85,-6,6
31863,91,87,4,4
31864,96,95,1,1
31865,107,93,14,14
31866,98,95,3,3
31867,81,81,0,0
31868,125,124,1,1
31869,111,106,5,5
31870,50,62,-12,12
31871,102,102,0,0
31872,94,87,7,7
31873,57,64,-7,7
31874,110,106,4,4
31875,89,85,4,4
31876,69,73,-4,4
31877,116,115,1,1
31878,135,118,17,17
31879,76,76,0,0
31880,98,87,11,11
31881,72,75,-3,3
31882,68,77,-9,9
31883,77,79,-2,2
31884,125,136,-11,11
31885,115,104,11,11
31886,136,118,18,18
31887,80,79,1,1
31888,82,84,-2,2
31889,76,84,-8,8
31890,82,82,0,0
31891,138,125,13,13
31892,108,98,10,10
31893,153,141,12,12
31894,76,80,-4,4
31895,100,90,10,10
31896,97,100,-3,3
31897,119,112,7,7
31898,35,56,-21,21
31899,39,51,-12,12
31900,102,96,6,6
31901,93,105,-12,12
31902,122,114,8,8
31903,88,84,4,4
31904,84,87,-3,3
31905,207,187,20,20
31906,67,72,-5,5
31907,111,111,0,0
31908,75,79,-4,4
31909,112,103,9,9
31910,59,66,-7,7
31911,66,70,-4,4
31912,161,155,6,6
31913,80,87,-7,7
31914,64,74,-10,10
31915,123,83,40,40
31916,123,115,8,8
31917,144,137,7,7
31918,61,69,-8,8
31919,85,77,8,8
31920,100,95,5,5
31921,100,95,5,5
31922,65,66,-1,1
31923,75,74,1,1
31924,104,94,10,10
31925,112,114,-2,2
31926,93,91,2,2
31927,69,70,-1,1
31928,58,65,-7,7
31929,120,103,17,17
31930,131,115,16,16
31931,101,93,8,8
31932,156,149,7,7
31933,83,82,1,1
31934,62,70,-8,8
31935,94,96,-2,2
31936,87,93,-6,6
31937,182,165,17,17
31938,132,125,7,7
31939,100,102,-2,2
31940,74,78,-4,4
31941,57,69,-12,12
31942,95,95,0,0
31943,64,63,1,1
31944,99,95,4,4
31945,102,109,-7,7
31946,144,128,16,16
31947,152,136,16,16
31948,66,69,-3,3
31949,57,66,-9,9
31950,73,82,-9,9
31951,85,83,2,2
31952,111,99,12,12
31953,78,83,-5,5
31954,87,85,2,2
31955,58,69,-11,11
31956,125,118,7,7
31957,98,95,3,3
31958,127,119,8,8
31959,125,111,14,14
31960,107,106,1,1
31961,57,69,-12,12
31962,161,144,17,17
31963,109,101,8,8
31964,110,98,12,12
31965,64,70,-6,6
31966,304,282,22,22
31967,75,76,-1,1
31968,161,156,5,5
31969,85,97,-12,12
31970,124,105,19,19
31971,53,63,-10,10
31972,98,100,-2,2
31973,124,122,2,2
31974,67,68,-1,1
31975,59,71,-12,12
31976,115,103,12,12
31977,91,85,6,6
31978,108,107,1,1
31979,82,87,-5,5
31980,104,96,8,8
31981,65,78,-13,13
31982,107,101,6,6
31983,140,140,0,0
31984,83,85,-2,2
31985,128,134,-6,6
31986,65,66,-1,1
31987,70,77,-7,7
31988,160,157,3,3
31989,94,95,-1,1
31990,74,73,1,1
31991,99,99,0,0
31992,105,99,6,6
31993,65,74,-9,9
31994,46,58,-12,12
31995,72,73,-1,1
31996,53,58,-5,5
31997,110,106,4,4
31998,100,94,6,6
31999,65,74,-9,9
32000,102,96,6,6
32001,128,119,9,9
32002,90,85,5,5
32003,139,146,-7,7
32004,145,124,21,21
32005,89,84,5,5
32006,68,80,-12,12
32007,64,70,-6,6
32008,79,88,-9,9
32009,86,79,7,7
32010,60,73,-13,13
32011,101,92,9,9
32012,36,55,-19,19
32013,103,100,3,3
32014,52,61,-9,9
32015,152,144,8,8
32016,80,92,-12,12
32017,142,122,20,20
32018,129,114,15,15
32019,140,117,23,23
32020,49,61,-12,12
32021,147,145,2,2
32022,100,91,9,9
32023,59,72,-13,13
32024,106,106,0,0
32025,88,88,0,0
32026,86,87,-1,1
32027,106,95,11,11
32028,110,106,4,4
32029,43,49,-6,6
32030,114,116,-2,2
32031,77,76,1,1
32032,103,102,1,1
32033,125,120,5,5
32034,65,71,-6,6
32035,105,101,4,4
32036,98,112,-14,14
32037,132,141,-9,9
32038,119,107,12,12
32039,80,83,-3,3
32040,107,104,3,3
32041,94,85,9,9
32042,59,78,-19,19
32043,109,112,-3,3
32044,144,145,-1,1
32045,45,58,-13,13
32046,66,54,12,12
32047,122,121,1,1
32048,88,86,2,2
32049,53,56,-3,3
32050,58,72,-14,14
32051,68,73,-5,5
32052,104,97,7,7
32053,129,130,-1,1
32054,55,65,-10,10
32055,80,74,6,6
32056,100,106,-6,6
32057,64,78,-14,14
32058,150,142,8,8
32059,80,81,-1,1
32060,96,90,6,6
32061,83,85,-2,2
32062,39,52,-13,13
32063,112,97,15,15
32064,146,136,10,10
32065,91,98,-7,7
32066,77,89,-12,12
32067,121,117,4,4
32068,113,108,5,5
32069,132,135,-3,3
32070,102,104,-2,2
32071,71,71,0,0
32072,81,80,1,1
32073,60,75,-15,15
32074,112,99,13,13
32075,95,88,7,7
32076,116,106,10,10
32077,85,87,-2,2
32078,116,122,-6,6
32079,107,102,5,5
32080,156,138,18,18
32081,84,86,-2,2
32082,77,79,-2,2
32083,111,100,11,11
32084,61,86,-25,25
32085,124,124,0,0
32086,106,96,10,10
32087,116,111,5,5
32088,64,81,-17,17
32089,108,105,3,3
32090,76,79,-3,3
32091,72,78,-6,6
32092,75,78,-3,3
32093,66,72,-6,6
32094,128,132,-4,4
32095,189,163,26,26
32096,120,118,2,2
32097,64,69,-5,5
32098,141,137,4,4
32099,96,95,1,1
32100,170,161,9,9
32101,83,84,-1,1
32102,101,101,0,0
32103,81,88,-7,7
32104,43,57,-14,14
32105,150,140,10,10
32106,70,71,-1,1
32107,89,82,7,7
32108,115,104,11,11
32109,103,99,4,4
32110,54,64,-10,10
32111,63,69,-6,6
32112,127,132,-5,5
32113,96,83,13,13
32114,79,95,-16,16
32115,83,84,-1,1
32116,108,101,7,7
32117,116,107,9,9
32118,121,112,9,9
32119,127,111,16,16
32120,109,110,-1,1
32121,96,96,0,0
32122,82,84,-2,2
32123,103,127,-24,24
32124,142,141,1,1
32125,161,146,15,15
32126,126,125,1,1
32127,78,75,3,3
32128,157,153,4,4
32129,63,72,-9,9
32130,64,71,-7,7
32131,90,85,5,5
32132,95,99,-4,4
32133,146,137,9,9
32134,56,61,-5,5
32135,48,58,-10,10
32136,68,72,-4,4
32137,94,96,-2,2
32138,87,86,1,1
32139,122,107,15,15
32140,126,110,16,16
32141,55,78,-23,23
32142,61,69,-8,8
32143,89,97,-8,8
32144,62,74,-12,12
32145,71,75,-4,4
32146,87,89,-2,2
32147,39,50,-11,11
32148,123,111,12,12
32149,79,87,-8,8
32150,109,101,8,8
32151,101,102,-1,1
32152,107,101,6,6
32153,114,108,6,6
32154,81,90,-9,9
32155,167,155,12,12
32156,71,76,-5,5
32157,65,77,-12,12
32158,76,75,1,1
32159,94,91,3,3
32160,162,146,16,16
32161,86,98,-12,12
32162,162,155,7,7
32163,50,62,-12,12
32164,109,99,10,10
32165,70,72,-2,2
32166,69,73,-4,4
32167,36,44,-8,8
32168,117,106,11,11
32169,104,89,15,15
32170,107,106,1,1
32171,66,73,-7,7
32172,98,98,0,0
32173,113,114,-1,1
32174,57,67,-10,10
32175,117,113,4,4
32176,79,93,-14,14
32177,88,91,-3,3
32178,101,97,4,4
32179,98,99,-1,1
32180,164,167,-3,3
32181,108,104,4,4
32182,79,78,1,1
32183,77,86,-9,9
32184,81,84,-3,3
32185,111,104,7,7
32186,108,102,6,6
32187,104,102,2,2
32188,51,56,-5,5
32189,79,82,-3,3
32190,141,132,9,9
32191,105,102,3,3
32192,79,84,-5,5
32193,121,109,12,12
32194,85,92,-7,7
32195,60,68,-8,8
32196,76,78,-2,2
32197,66,69,-3,3
32198,140,127,13,13
32199,115,98,17,17
32200,135,120,15,15
32201,137,142,-5,5
32202,108,112,-4,4
32203,56,67,-11,11
32204,145,136,9,9
32205,107,100,7,7
32206,75,76,-1,1
32207,73,77,-4,4
32208,58,66,-8,8
32209,73,73,0,0
32210,100,97,3,3
32211,154,143,11,11
32212,89,85,4,4
32213,86,80,6,6
32214,218,186,32,32
32215,96,93,3,3
32216,72,79,-7,7
32217,136,143,-7,7
32218,197,184,13,13
32219,75,83,-8,8
32220,138,129,9,9
32221,112,113,-1,1
32222,97,102,-5,5
32223,50,63,-13,13
32224,144,132,12,12
32225,62,72,-10,10
32226,91,101,-10,10
32227,108,107,1,1
32228,111,105,6,6
32229,154,142,12,12
32230,84,87,-3,3
32231,181,171,10,10
32232,80,83,-3,3
32233,134,125,9,9
32234,78,89,-11,11
32235,243,216,27,27
32236,59,62,-3,3
32237,83,75,8,8
32238,76,70,6,6
32239,88,87,1,1
32240,62,69,-7,7
32241,81,82,-1,1
32242,127,123,4,4
32243,119,109,10,10
32244,70,78,-8,8
32245,114,98,16,16
32246,91,90,1,1
32247,120,103,17,17
32248,61,64,-3,3
32249,73,78,-5,5
32250,77,87,-10,10
32251,175,172,3,3
32252,86,86,0,0
32253,125,117,8,8
32254,109,100,9,9
32255,90,97,-7,7
32256,71,77,-6,6
32257,64,71,-7,7
32258,91,86,5,5
32259,116,108,8,8
32260,63,67,-4,4
32261,79,80,-1,1
32262,56,61,-5,5
32263,144,133,11,11
32264,130,112,18,18
32265,73,76,-3,3
32266,64,64,0,0
32267,146,125,21,21
32268,30,58,-28,28
32269,107,105,2,2
32270,80,86,-6,6
32271,94,109,-15,15
32272,57,64,-7,7
32273,85,90,-5,5
32274,157,143,14,14
32275,131,130,1,1
32276,170,142,28,28
32277,115,119,-4,4
32278,124,106,18,18
32279,83,86,-3,3
32280,139,131,8,8
32281,104,104,0,0
32282,54,64,-10,10
32283,117,107,10,10
32284,84,96,-12,12
32285,97,90,7,7
32286,50,55,-5,5
32287,57,73,-16,16
32288,84,83,1,1
32289,70,79,-9,9
32290,75,82,-7,7
32291,33,63,-30,30
32292,110,122,-12,12
32293,60,68,-8,8
32294,66,73,-7,7
32295,121,112,9,9
32296,97,97,0,0
32297,128,117,11,11
32298,82,82,0,0
32299,110,103,7,7
32300,135,133,2,2
32301,96,96,0,0
32302,79,76,3,3
32303,82,79,3,3
32304,112,101,11,11
32305,119,119,0,0
32306,113,92,21,21
32307,129,126,3,3
32308,30,47,-17,17
32309,143,139,4,4
32310,48,59,-11,11
32311,70,77,-7,7
32312,66,97,-31,31
32313,117,119,-2,2
32314,49,59,-10,10
32315,73,76,-3,3
32316,104,108,-4,4
32317,78,90,-12,12
32318,94,97,-3,3
32319,39,53,-14,14
32320,163,149,14,14
32321,131,129,2,2
32322,78,85,-7,7
32323,107,111,-4,4
32324,40,55,-15,15
32325,83,83,0,0
32326,88,99,-11,11
32327,104,99,5,5
32328,116,104,12,12
32329,144,127,17,17
32330,93,95,-2,2
32331,89,88,1,1
32332,110,105,5,5
32333,62,87,-25,25
32334,100,97,3,3
32335,79,83,-4,4
32336,80,82,-2,2
32337,120,116,4,4
32338,84,100,-16,16
32339,88,91,-3,3
32340,132,132,0,0
32341,93,87,6,6
32342,79,86,-7,7
32343,27,47,-20,20
32344,97,97,0,0
32345,167,149,18,18
32346,146,150,-4,4
32347,45,55,-10,10
32348,53,60,-7,7
32349,57,64,-7,7
32350,40,56,-16,16
32351,77,88,-11,11
32352,120,116,4,4
32353,87,98,-11,11
32354,189,168,21,21
32355,84,92,-8,8
32356,68,71,-3,3
32357,85,91,-6,6
32358,75,84,-9,9
32359,58,66,-8,8
32360,67,73,-6,6
32361,58,65,-7,7
32362,38,52,-14,14
32363,63,73,-10,10
32364,82,89,-7,7
32365,111,123,-12,12
32366,168,149,19,19
32367,67,72,-5,5
32368,92,95,-3,3
32369,43,50,-7,7
32370,126,112,14,14
32371,94,93,1,1
32372,108,114,-6,6
32373,80,88,-8,8
32374,159,143,16,16
32375,101,85,16,16
32376,71,73,-2,2
32377,77,83,-6,6
32378,53,62,-9,9
32379,96,98,-2,2
32380,144,125,19,19
32381,96,97,-1,1
32382,120,118,2,2
32383,91,89,2,2
32384,57,72,-15,15
32385,95,98,-3,3
32386,114,115,-1,1
32387,115,118,-3,3
32388,63,64,-1,1
32389,103,93,10,10
32390,213,194,19,19
32391,82,91,-9,9
32392,113,101,12,12
32393,75,80,-5,5
32394,122,122,0,0
32395,82,75,7,7
32396,112,101,11,11
32397,114,110,4,4
32398,62,59,3,3
32399,145,127,18,18
32400,153,155,-2,2
32401,102,79,23,23
32402,65,73,-8,8
32403,79,73,6,6
32404,85,90,-5,5
32405,69,70,-1,1
32406,69,78,-9,9
32407,106,98,8,8
32408,73,76,-3,3
32409,95,87,8,8
32410,68,77,-9,9
32411,72,81,-9,9
32412,71,81,-10,10
32413,135,126,9,9
32414,115,106,9,9
32415,75,81,-6,6
32416,57,67,-10,10
32417,33,48,-15,15
32418,73,75,-2,2
32419,147,142,5,5
32420,100,99,1,1
32421,81,83,-2,2
32422,130,127,3,3
32423,63,69,-6,6
32424,75,80,-5,5
32425,97,101,-4,4
32426,80,89,-9,9
32427,67,72,-5,5
32428,135,131,4,4
32429,48,57,-9,9
32430,113,116,-3,3
32431,62,68,-6,6
32432,66,69,-3,3
32433,62,61,1,1
32434,140,150,-10,10
32435,82,86,-4,4
32436,86,88,-2,2
32437,123,120,3,3
32438,134,126,8,8
32439,63,73,-10,10
32440,142,131,11,11
32441,63,69,-6,6
32442,94,86,8,8
32443,72,81,-9,9
32444,146,134,12,12
32445,90,77,13,13
32446,57,66,-9,9
32447,51,68,-17,17
32448,64,71,-7,7
32449,80,88,-8,8
32450,105,105,0,0
32451,109,105,4,4
32452,99,105,-6,6
32453,209,188,21,21
32454,82,78,4,4
32455,49,64,-15,15
32456,72,73,-1,1
32457,62,69,-7,7
32458,50,64,-14,14
32459,153,148,5,5
32460,140,124,16,16
32461,95,89,6,6
32462,81,82,-1,1
32463,114,102,12,12
32464,130,124,6,6
32465,31,49,-18,18
32466,86,92,-6,6
32467,100,104,-4,4
32468,58,65,-7,7
32469,58,63,-5,5
32470,95,86,9,9
32471,121,118,3,3
32472,83,85,-2,2
32473,152,138,14,14
32474,138,139,-1,1
32475,128,127,1,1
32476,92,101,-9,9
32477,64,76,-12,12
32478,72,81,-9,9
32479,110,112,-2,2
32480,57,63,-6,6
32481,99,97,2,2
32482,98,93,5,5
32483,73,85,-12,12
32484,53,66,-13,13
32485,55,73,-18,18
32486,61,68,-7,7
32487,239,198,41,41
32488,86,87,-1,1
32489,133,115,18,18
32490,80,84,-4,4
32491,76,75,1,1
32492,79,76,3,3
32493,140,122,18,18
32494,97,99,-2,2
32495,74,69,5,5
32496,142,131,11,11
32497,82,84,-2,2
32498,62,66,-4,4
32499,101,107,-6,6
32500,69,86,-17,17
32501,171,156,15,15
32502,69,79,-10,10
32503,72,76,-4,4
32504,93,90,3,3
32505,78,86,-8,8
32506,68,74,-6,6
32507,54,62,-8,8
32508,110,109,1,1
32509,69,82,-13,13
32510,92,87,5,5
32511,65,70,-5,5
32512,28,40,-12,12
32513,65,73,-8,8
32514,69,69,0,0
32515,119,104,15,15
32516,78,80,-2,2
32517,75,77,-2,2
32518,70,72,-2,2
32519,57,72,-15,15
32520,88,88,0,0
32521,80,74,6,6
32522,113,109,4,4
32523,63,72,-9,9
32524,91,88,3,3
32525,141,120,21,21
32526,88,89,-1,1
32527,46,61,-15,15
32528,109,105,4,4
32529,98,102,-4,4
32530,177,162,15,15
32531,142,136,6,6
32532,56,68,-12,12
32533,166,140,26,26
32534,70,73,-3,3
32535,64,73,-9,9
32536,70,75,-5,5
32537,66,77,-11,11
32538,104,98,6,6
32539,131,116,15,15
32540,82,86,-4,4
32541,65,70,-5,5
32542,95,95,0,0
32543,79,78,1,1
32544,86,84,2,2
32545,84,84,0,0
32546,103,93,10,10
32547,77,81,-4,4
32548,125,113,12,12
32549,122,118,4,4
32550,64,69,-5,5
32551,95,103,-8,8
32552,79,84,-5,5
32553,67,71,-4,4
32554,160,146,14,14
32555,103,100,3,3
32556,114,107,7,7
32557,74,83,-9,9
32558,123,116,7,7
32559,50,66,-16,16
32560,53,64,-11,11
32561,195,191,4,4
32562,71,78,-7,7
32563,171,143,28,28
32564,90,97,-7,7
32565,75,80,-5,5
32566,84,89,-5,5
32567,86,101,-15,15
32568,101,102,-1,1
32569,131,115,16,16
32570,159,140,19,19
32571,52,68,-16,16
32572,119,112,7,7
32573,85,85,0,0
32574,97,94,3,3
32575,73,81,-8,8
32576,54,70,-16,16
32577,73,75,-2,2
32578,127,116,11,11
32579,164,157,7,7
32580,104,94,10,10
32581,57,63,-6,6
32582,40,57,-17,17
32583,103,103,0,0
32584,149,131,18,18
32585,105,98,7,7
32586,184,161,23,23
32587,74,76,-2,2
32588,145,126,19,19
32589,74,83,-9,9
32590,83,97,-14,14
32591,82,78,4,4
32592,85,93,-8,8
32593,133,131,2,2
32594,68,72,-4,4
32595,56,78,-22,22
32596,183,169,14,14
32597,66,70,-4,4
32598,115,120,-5,5
32599,86,86,0,0
32600,64,75,-11,11
32601,41,54,-13,13
32602,97,112,-15,15
32603,76,78,-2,2
32604,64,72,-8,8
32605,67,73,-6,6
32606,92,86,6,6
32607,86,87,-1,1
32608,86,87,-1,1
32609,114,108,6,6
32610,134,117,17,17
32611,80,77,3,3
32612,151,163,-12,12
32613,99,96,3,3
32614,144,137,7,7
32615,118,104,14,14
32616,74,81,-7,7
32617,85,81,4,4
32618,51,68,-17,17
32619,57,70,-13,13
32620,152,142,10,10
32621,80,85,-5,5
32622,83,78,5,5
32623,69,70,-1,1
32624,126,138,-12,12
32625,178,160,18,18
32626,101,105,-4,4
32627,110,106,4,4
32628,53,66,-13,13
32629,89,97,-8,8
32630,97,98,-1,1
32631,81,80,1,1
32632,87,85,2,2
32633,52,60,-8,8
32634,98,95,3,3
32635,109,101,8,8
32636,103,100,3,3
32637,90,77,13,13
32638,73,75,-2,2
32639,157,149,8,8
32640,106,97,9,9
32641,144,134,10,10
32642,105,105,0,0
32643,191,175,16,16
32644,79,78,1,1
32645,113,106,7,7
32646,66,72,-6,6
32647,62,82,-20,20
32648,71,82,-11,11
32649,93,94,-1,1
32650,90,81,9,9
32651,81,82,-1,1
32652,97,102,-5,5
32653,43,65,-22,22
32654,150,131,19,19
32655,78,79,-1,1
32656,122,106,16,16
32657,76,79,-3,3
32658,50,67,-17,17
32659,78,92,-14,14
32660,68,82,-14,14
32661,92,84,8,8
32662,65,77,-12,12
32663,112,103,9,9
32664,69,74,-5,5
32665,86,86,0,0
32666,73,74,-1,1
32667,99,96,3,3
32668,99,98,1,1
32669,70,81,-11,11
32670,88,85,3,3
32671,66,72,-6,6
32672,123,111,12,12
32673,72,68,4,4
32674,120,127,-7,7
32675,51,67,-16,16
32676,68,66,2,2
32677,103,105,-2,2
32678,76,79,-3,3
32679,77,87,-10,10
32680,143,150,-7,7
32681,128,125,3,3
32682,87,80,7,7
32683,47,55,-8,8
32684,119,116,3,3
32685,119,113,6,6
32686,52,65,-13,13
32687,123,100,23,23
32688,78,84,-6,6
32689,135,134,1,1
32690,65,71,-6,6
32691,50,64,-14,14
32692,59,82,-23,23
32693,95,86,9,9
32694,74,89,-15,15
32695,127,109,18,18
32696,135,108,27,27
32697,80,81,-1,1
32698,81,86,-5,5
32699,102,99,3,3
32700,131,125,6,6
32701,96,88,8,8
32702,100,101,-1,1
32703,104,104,0,0
32704,112,109,3,3
32705,103,92,11,11
32706,96,97,-1,1
32707,86,84,2,2
32708,130,132,-2,2
32709,47,57,-10,10
32710,118,107,11,11
32711,81,83,-2,2
32712,117,92,25,25
32713,77,81,-4,4
32714,129,119,10,10
32715,111,92,19,19
32716,131,119,12,12
32717,67,76,-9,9
32718,66,69,-3,3
32719,111,115,-4,4
32720,71,85,-14,14
32721,58,62,-4,4
32722,61,81,-20,20
32723,65,70,-5,5
32724,91,97,-6,6
32725,126,117,9,9
32726,79,72,7,7
32727,98,89,9,9
32728,83,103,-20,20
32729,46,57,-11,11
32730,71,76,-5,5
32731,56,73,-17,17
32732,74,73,1,1
32733,86,83,3,3
32734,125,117,8,8
32735,71,72,-1,1
32736,62,70,-8,8
32737,96,71,25,25
32738,145,122,23,23
32739,73,74,-1,1
32740,67,71,-4,4
32741,87,89,-2,2
32742,79,73,6,6
32743,93,95,-2,2
32744,72,76,-4,4
32745,68,70,-2,2
32746,72,76,-4,4
32747,132,119,13,13
32748,75,76,-1,1
32749,86,88,-2,2
32750,101,95,6,6
32751,193,188,5,5
32752,124,115,9,9
32753,96,88,8,8
32754,102,102,0,0
32755,48,55,-7,7
32756,95,86,9,9
32757,172,165,7,7
32758,174,170,4,4
32759,171,145,26,26
32760,64,66,-2,2
32761,90,91,-1,1
32762,77,81,-4,4
32763,79,82,-3,3
32764,82,84,-2,2
32765,128,121,7,7
32766,96,100,-4,4
32767,88,88,0,0
32768,78,81,-3,3
32769,115,116,-1,1
32770,75,84,-9,9
32771,132,123,9,9
32772,161,143,18,18
32773,117,106,11,11
32774,61,63,-2,2
32775,84,77,7,7
32776,102,104,-2,2
32777,108,104,4,4
32778,108,117,-9,9
32779,156,142,14,14
32780,107,101,6,6
32781,74,73,1,1
32782,185,191,-6,6
32783,61,78,-17,17
32784,106,100,6,6
32785,73,79,-6,6
32786,83,78,5,5
32787,53,63,-10,10
32788,216,197,19,19
32789,90,88,2,2
32790,94,101,-7,7
32791,113,113,0,0
32792,48,60,-12,12
32793,125,138,-13,13
32794,58,66,-8,8
32795,112,107,5,5
32796,91,84,7,7
32797,90,98,-8,8
32798,104,96,8,8
32799,59,69,-10,10
32800,74,82,-8,8
32801,99,104,-5,5
32802,76,87,-11,11
32803,101,98,3,3
32804,143,133,10,10
32805,66,73,-7,7
32806,108,92,16,16
32807,126,117,9,9
32808,102,95,7,7
32809,106,109,-3,3
32810,84,83,1,1
32811,133,126,7,7
32812,68,73,-5,5
32813,133,125,8,8
32814,91,91,0,0
32815,148,140,8,8
32816,131,122,9,9
32817,105,96,9,9
32818,111,124,-13,13
32819,50,61,-11,11
32820,118,105,13,13
32821,56,70,-14,14
32822,76,82,-6,6
32823,141,128,13,13
32824,162,150,12,12
32825,144,141,3,3
32826,131,136,-5,5
32827,57,58,-1,1
32828,105,114,-9,9
32829,74,75,-1,1
32830,118,140,-22,22
32831,157,146,11,11
32832,105,100,5,5
32833,90,86,4,4
32834,96,100,-4,4
32835,161,156,5,5
32836,83,82,1,1
32837,145,132,13,13
32838,55,64,-9,9
32839,113,121,-8,8
32840,72,79,-7,7
32841,199,188,11,11
32842,57,75,-18,18
32843,86,89,-3,3
32844,124,113,11,11
32845,59,77,-18,18
32846,65,63,2,2
32847,82,84,-2,2
32848,127,121,6,6
32849,82,88,-6,6
32850,101,92,9,9
32851,105,99,6,6
32852,94,95,-1,1
32853,125,114,11,11
32854,96,81,15,15
32855,48,60,-12,12
32856,68,75,-7,7
32857,98,98,0,0
32858,152,139,13,13
32859,139,112,27,27
32860,80,87,-7,7
32861,113,107,6,6
32862,102,111,-9,9
32863,94,90,4,4
32864,56,68,-12,12
32865,112,107,5,5
32866,71,74,-3,3
32867,163,160,3,3
32868,95,99,-4,4
32869,165,157,8,8
32870,100,102,-2,2
32871,104,98,6,6
32872,68,81,-13,13
32873,152,140,12,12
32874,62,76,-14,14
32875,56,66,-10,10
32876,87,92,-5,5
32877,48,58,-10,10
32878,85,84,1,1
32879,82,97,-15,15
32880,70,88,-18,18
32881,80,81,-1,1
32882,100,102,-2,2
32883,158,145,13,13
32884,143,131,12,12
32885,76,78,-2,2
32886,64,73,-9,9
32887,121,111,10,10
32888,72,79,-7,7
32889,53,62,-9,9
32890,202,182,20,20
32891,54,64,-10,10
32892,58,66,-8,8
32893,125,116,9,9
32894,74,70,4,4
32895,58,101,-43,43
32896,144,140,4,4
32897,124,120,4,4
32898,84,87,-3,3
32899,27,67,-40,40
32900,84,80,4,4
32901,176,152,24,24
32902,44,58,-14,14
32903,66,74,-8,8
32904,73,85,-12,12
32905,71,86,-15,15
32906,42,75,-33,33
32907,61,83,-22,22
32908,71,72,-1,1
32909,90,98,-8,8
32910,74,73,1,1
32911,109,98,11,11
32912,124,115,9,9
32913,94,92,2,2
32914,158,164,-6,6
32915,97,89,8,8
32916,73,71,2,2
32917,90,98,-8,8
32918,64,69,-5,5
32919,144,145,-1,1
32920,104,106,-2,2
32921,186,163,23,23
32922,102,96,6,6
32923,85,85,0,0
32924,96,100,-4,4
32925,122,114,8,8
32926,97,94,3,3
32927,96,92,4,4
32928,50,54,-4,4
32929,110,125,-15,15
32930,89,86,3,3
32931,98,92,6,6
32932,123,128,-5,5
32933,53,65,-12,12
32934,114,114,0,0
32935,152,151,1,1
32936,146,148,-2,2
32937,134,121,13,13
32938,105,107,-2,2
32939,38,84,-46,46
32940,99,95,4,4
32941,107,101,6,6
32942,92,85,7,7
32943,120,117,3,3
32944,129,123,6,6
32945,95,91,4,4
32946,90,88,2,2
32947,103,102,1,1
32948,114,108,6,6
32949,59,69,-10,10
32950,36,24,12,12
32951,99,99,0,0
32952,76,77,-1,1
32953,149,122,27,27
32954,106,90,16,16
32955,61,75,-14,14
32956,47,71,-24,24
32957,158,166,-8,8
32958,54,61,-7,7
32959,50,61,-11,11
32960,98,97,1,1
32961,94,88,6,6
32962,67,73,-6,6
32963,49,59,-10,10
32964,146,138,8,8
32965,135,120,15,15
32966,87,80,7,7
32967,98,103,-5,5
32968,59,66,-7,7
32969,86,84,2,2
32970,62,71,-9,9
32971,113,105,8,8
32972,93,92,1,1
32973,75,85,-10,10
32974,83,82,1,1
32975,138,131,7,7
32976,67,75,-8,8
32977,84,80,4,4
32978,117,116,1,1
32979,64,72,-8,8
32980,80,80,0,0
32981,85,86,-1,1
32982,67,72,-5,5
32983,96,96,0,0
32984,72,78,-6,6
32985,63,78,-15,15
32986,151,131,20,20
32987,49,61,-12,12
32988,103,84,19,19
32989,32,49,-17,17
32990,70,69,1,1
32991,135,133,2,2
32992,55,65,-10,10
32993,99,99,0,0
32994,114,111,3,3
32995,82,79,3,3
32996,119,119,0,0
32997,104,104,0,0
32998,123,110,13,13
32999,113,115,-2,2
33000,153,149,4,4
33001,89,93,-4,4
33002,48,77,-29,29
33003,113,102,11,11
33004,83,86,-3,3
33005,129,116,13,13
33006,67,79,-12,12
33007,96,93,3,3
33008,92,93,-1,1
33009,103,96,7,7
33010,121,106,15,15
33011,48,65,-17,17
33012,98,88,10,10
33013,112,107,5,5
33014,107,106,1,1
33015,92,83,9,9
33016,72,80,-8,8
33017,86,86,0,0
33018,86,86,0,0
33019,120,107,13,13
33020,65,74,-9,9
33021,86,83,3,3
33022,138,124,14,14
33023,74,84,-10,10
33024,60,70,-10,10
33025,125,110,15,15
33026,61,71,-10,10
33027,99,96,3,3
33028,150,139,11,11
33029,69,71,-2,2
33030,41,50,-9,9
33031,108,99,9,9
33032,163,162,1,1
33033,121,111,10,10
33034,72,78,-6,6
33035,109,101,8,8
33036,133,132,1,1
33037,74,82,-8,8
33038,119,119,0,0
33039,77,78,-1,1
33040,97,105,-8,8
33041,76,82,-6,6
33042,102,93,9,9
33043,88,84,4,4
33044,139,128,11,11
33045,93,91,2,2
33046,171,163,8,8
33047,115,128,-13,13
33048,73,76,-3,3
33049,102,96,6,6
33050,97,99,-2,2
33051,107,108,-1,1
33052,180,174,6,6
33053,78,80,-2,2
33054,279,253,26,26
33055,86,95,-9,9
33056,80,84,-4,4
33057,131,137,-6,6
33058,49,62,-13,13
33059,100,93,7,7
33060,53,68,-15,15
33061,116,107,9,9
33062,61,67,-6,6
33063,73,70,3,3
33064,70,70,0,0
33065,56,62,-6,6
33066,69,72,-3,3
33067,76,77,-1,1
33068,57,69,-12,12
33069,36,47,-11,11
33070,75,86,-11,11
33071,62,65,-3,3
33072,78,79,-1,1
33073,112,107,5,5
33074,85,82,3,3
33075,164,141,23,23
33076,52,70,-18,18
33077,102,99,3,3
33078,34,51,-17,17
33079,52,63,-11,11
33080,63,80,-17,17
33081,60,68,-8,8
33082,145,136,9,9
33083,74,82,-8,8
33084,106,108,-2,2
33085,53,61,-8,8
33086,114,116,-2,2
33087,135,138,-3,3
33088,119,115,4,4
33089,84,99,-15,15
33090,62,71,-9,9
33091,150,144,6,6
33092,178,194,-16,16
33093,125,123,2,2
33094,125,122,3,3
33095,56,68,-12,12
33096,83,86,-3,3
33097,79,90,-11,11
33098,66,73,-7,7
33099,62,69,-7,7
33100,77,83,-6,6
33101,113,111,2,2
33102,119,120,-1,1
33103,100,89,11,11
33104,121,118,3,3
33105,102,99,3,3
33106,106,115,-9,9
33107,67,70,-3,3
33108,104,95,9,9
33109,133,131,2,2
33110,138,124,14,14
33111,62,76,-14,14
33112,110,115,-5,5
33113,140,129,11,11
33114,80,81,-1,1
33115,103,103,0,0
33116,114,105,9,9
33117,55,63,-8,8
33118,91,89,2,2
33119,38,57,-19,19
33120,89,80,9,9
33121,129,122,7,7
33122,30,69,-39,39
33123,103,97,6,6
33124,100,102,-2,2
33125,87,93,-6,6
33126,99,92,7,7
33127,87,86,1,1
33128,91,97,-6,6
33129,105,97,8,8
33130,104,99,5,5
33131,46,59,-13,13
33132,86,81,5,5
33133,59,78,-19,19
33134,135,136,-1,1
33135,47,60,-13,13
33136,108,95,13,13
33137,108,98,10,10
33138,120,121,-1,1
33139,50,77,-27,27
33140,102,118,-16,16
33141,129,135,-6,6
33142,82,120,-38,38
33143,141,125,16,16
33144,87,84,3,3
33145,108,104,4,4
33146,113,121,-8,8
33147,166,156,10,10
33148,82,84,-2,2
33149,34,68,-34,34
33150,57,65,-8,8
33151,128,130,-2,2
33152,86,92,-6,6
33153,70,72,-2,2
33154,106,101,5,5
33155,111,107,4,4
33156,89,100,-11,11
33157,28,40,-12,12
33158,102,100,2,2
33159,159,134,25,25
33160,170,151,19,19
33161,98,98,0,0
33162,77,83,-6,6
33163,118,118,0,0
33164,96,93,3,3
33165,51,68,-17,17
33166,63,66,-3,3
33167,70,75,-5,5
33168,99,108,-9,9
33169,58,64,-6,6
33170,60,68,-8,8
33171,78,84,-6,6
33172,45,66,-21,21
33173,89,100,-11,11
33174,69,76,-7,7
33175,84,91,-7,7
33176,73,74,-1,1
33177,178,157,21,21
33178,63,75,-12,12
33179,108,101,7,7
33180,105,104,1,1
33181,43,57,-14,14
33182,82,82,0,0
33183,76,83,-7,7
33184,143,123,20,20
33185,91,86,5,5
33186,63,71,-8,8
33187,136,126,10,10
33188,83,81,2,2
33189,128,117,11,11
33190,63,72,-9,9
33191,72,80,-8,8
33192,96,100,-4,4
33193,66,71,-5,5
33194,89,103,-14,14
33195,74,73,1,1
33196,69,75,-6,6
33197,86,86,0,0
33198,105,99,6,6
33199,92,96,-4,4
33200,49,64,-15,15
33201,151,130,21,21
33202,87,99,-12,12
33203,86,86,0,0
33204,55,62,-7,7
33205,113,124,-11,11
33206,96,96,0,0
33207,84,84,0,0
33208,102,99,3,3
33209,85,91,-6,6
33210,141,135,6,6
33211,90,80,10,10
33212,57,65,-8,8
33213,80,87,-7,7
33214,111,103,8,8
33215,82,118,-36,36
33216,85,87,-2,2
33217,85,82,3,3
33218,67,73,-6,6
33219,86,81,5,5
33220,102,96,6,6
33221,71,75,-4,4
33222,130,150,-20,20
33223,76,85,-9,9
33224,70,77,-7,7
33225,86,92,-6,6
33226,55,56,-1,1
33227,97,97,0,0
33228,98,114,-16,16
33229,70,69,1,1
33230,102,97,5,5
33231,79,75,4,4
33232,104,98,6,6
33233,70,69,1,1
33234,94,89,5,5
33235,103,102,1,1
33236,102,106,-4,4
33237,102,96,6,6
33238,67,71,-4,4
33239,165,157,8,8
33240,73,92,-19,19
33241,149,132,17,17
33242,92,89,3,3
33243,57,72,-15,15
33244,76,72,4,4
33245,129,120,9,9
33246,66,74,-8,8
33247,132,120,12,12
33248,108,99,9,9
33249,162,164,-2,2
33250,104,98,6,6
33251,98,106,-8,8
33252,81,79,2,2
33253,106,107,-1,1
33254,134,136,-2,2
33255,118,116,2,2
33256,156,135,21,21
33257,73,75,-2,2
33258,106,107,-1,1
33259,64,68,-4,4
33260,66,69,-3,3
33261,126,110,16,16
33262,103,106,-3,3
33263,57,66,-9,9
33264,158,161,-3,3
33265,103,101,2,2
33266,103,100,3,3
33267,172,156,16,16
33268,137,135,2,2
33269,95,89,6,6
33270,127,115,12,12
33271,87,86,1,1
33272,136,113,23,23
33273,51,63,-12,12
33274,95,91,4,4
33275,100,100,0,0
33276,140,130,10,10
33277,102,107,-5,5
33278,69,73,-4,4
33279,148,138,10,10
33280,121,132,-11,11
33281,133,130,3,3
33282,106,107,-1,1
33283,95,93,2,2
33284,71,86,-15,15
33285,148,146,2,2
33286,188,176,12,12
33287,111,106,5,5
33288,88,92,-4,4
33289,71,85,-14,14
33290,83,87,-4,4
33291,44,60,-16,16
33292,69,74,-5,5
33293,44,57,-13,13
33294,111,107,4,4
33295,105,107,-2,2
33296,76,83,-7,7
33297,95,96,-1,1
33298,181,172,9,9
33299,128,113,15,15
33300,81,79,2,2
33301,175,153,22,22
33302,57,65,-8,8
33303,70,73,-3,3
33304,77,75,2,2
33305,61,70,-9,9
33306,108,110,-2,2
33307,69,78,-9,9
33308,61,68,-7,7
33309,116,108,8,8
33310,50,61,-11,11
33311,95,87,8,8
33312,62,75,-13,13
33313,161,146,15,15
33314,101,102,-1,1
33315,84,83,1,1
33316,87,93,-6,6
33317,71,77,-6,6
33318,56,68,-12,12
33319,77,81,-4,4
33320,100,111,-11,11
33321,74,81,-7,7
33322,59,73,-14,14
33323,117,111,6,6
33324,102,97,5,5
33325,97,96,1,1
33326,77,80,-3,3
33327,128,133,-5,5
33328,89,91,-2,2
33329,67,73,-6,6
33330,69,79,-10,10
33331,104,102,2,2
33332,55,67,-12,12
33333,62,70,-8,8
33334,101,98,3,3
33335,78,88,-10,10
33336,86,78,8,8
33337,81,83,-2,2
33338,104,95,9,9
33339,57,63,-6,6
33340,101,95,6,6
33341,84,82,2,2
33342,73,82,-9,9
33343,106,106,0,0
33344,102,108,-6,6
33345,71,80,-9,9
33346,144,140,4,4
33347,131,114,17,17
33348,82,77,5,5
33349,83,79,4,4
33350,169,158,11,11
33351,70,74,-4,4
33352,158,145,13,13
33353,162,134,28,28
33354,104,97,7,7
33355,52,52,0,0
33356,59,65,-6,6
33357,70,77,-7,7
33358,112,118,-6,6
33359,106,98,8,8
33360,130,118,12,12
33361,111,102,9,9
33362,117,105,12,12
33363,118,126,-8,8
33364,74,84,-10,10
33365,52,60,-8,8
33366,97,106,-9,9
33367,72,78,-6,6
33368,84,81,3,3
33369,50,62,-12,12
33370,101,100,1,1
33371,52,62,-10,10
33372,85,88,-3,3
33373,90,87,3,3
33374,66,78,-12,12
33375,132,115,17,17
33376,91,95,-4,4
33377,46,62,-16,16
33378,36,54,-18,18
33379,94,94,0,0
33380,65,69,-4,4
33381,85,87,-2,2
33382,78,79,-1,1
33383,140,145,-5,5
33384,79,81,-2,2
33385,108,103,5,5
33386,84,84,0,0
33387,89,88,1,1
33388,119,106,13,13
33389,52,58,-6,6
33390,130,112,18,18
33391,57,60,-3,3
33392,128,117,11,11
33393,106,96,10,10
33394,65,66,-1,1
33395,75,81,-6,6
33396,153,154,-1,1
33397,42,54,-12,12
33398,70,73,-3,3
33399,157,149,8,8
33400,153,143,10,10
33401,93,87,6,6
33402,85,83,2,2
33403,70,80,-10,10
33404,84,89,-5,5
33405,61,67,-6,6
33406,80,83,-3,3
33407,60,65,-5,5
33408,60,67,-7,7
33409,122,115,7,7
33410,87,88,-1,1
33411,207,161,46,46
33412,102,102,0,0
33413,52,68,-16,16
33414,75,80,-5,5
33415,62,68,-6,6
33416,82,89,-7,7
33417,144,122,22,22
33418,130,132,-2,2
33419,90,80,10,10
33420,71,80,-9,9
33421,77,74,3,3
33422,72,76,-4,4
33423,46,57,-11,11
33424,55,69,-14,14
33425,64,98,-34,34
33426,73,74,-1,1
33427,76,84,-8,8
33428,100,100,0,0
33429,108,98,10,10
33430,130,122,8,8
33431,136,125,11,11
33432,89,90,-1,1
33433,79,85,-6,6
33434,110,99,11,11
33435,125,125,0,0
33436,79,88,-9,9
33437,32,43,-11,11
33438,97,122,-25,25
33439,135,127,8,8
33440,93,96,-3,3
33441,111,108,3,3
33442,87,100,-13,13
33443,131,115,16,16
33444,72,76,-4,4
33445,72,83,-11,11
33446,192,163,29,29
33447,129,117,12,12
33448,102,99,3,3
33449,86,79,7,7
33450,134,117,17,17
33451,157,149,8,8
33452,75,82,-7,7
33453,93,96,-3,3
33454,96,95,1,1
33455,105,104,1,1
33456,110,104,6,6
33457,137,123,14,14
33458,194,187,7,7
33459,82,83,-1,1
33460,102,111,-9,9
33461,92,94,-2,2
33462,119,99,20,20
33463,113,104,9,9
33464,85,87,-2,2
33465,66,76,-10,10
33466,145,137,8,8
33467,112,110,2,2
33468,133,130,3,3
33469,113,100,13,13
33470,175,146,29,29
33471,113,115,-2,2
33472,59,65,-6,6
33473,97,99,-2,2
33474,74,77,-3,3
33475,53,59,-6,6
33476,108,108,0,0
33477,133,114,19,19
33478,46,57,-11,11
33479,135,117,18,18
33480,111,102,9,9
33481,117,106,11,11
33482,69,76,-7,7
33483,175,153,22,22
33484,83,83,0,0
33485,80,85,-5,5
33486,95,104,-9,9
33487,80,83,-3,3
33488,71,76,-5,5
33489,61,69,-8,8
33490,83,86,-3,3
33491,168,152,16,16
33492,78,79,-1,1
33493,79,88,-9,9
33494,112,117,-5,5
33495,73,78,-5,5
33496,71,87,-16,16
33497,86,88,-2,2
33498,105,109,-4,4
33499,103,97,6,6
33500,81,83,-2,2
33501,70,77,-7,7
33502,107,96,11,11
33503,150,146,4,4
33504,70,69,1,1
33505,80,88,-8,8
33506,48,66,-18,18
33507,100,104,-4,4
33508,52,68,-16,16
33509,97,97,0,0
33510,172,162,10,10
33511,28,44,-16,16
33512,42,79,-37,37
33513,120,115,5,5
33514,60,70,-10,10
33515,118,111,7,7
33516,175,158,17,17
33517,69,76,-7,7
33518,50,62,-12,12
33519,90,90,0,0
33520,109,104,5,5
33521,63,76,-13,13
33522,63,69,-6,6
33523,54,65,-11,11
33524,115,112,3,3
33525,61,70,-9,9
33526,91,95,-4,4
33527,76,94,-18,18
33528,72,81,-9,9
33529,64,71,-7,7
33530,47,55,-8,8
33531,67,70,-3,3
33532,111,105,6,6
33533,102,126,-24,24
33534,68,70,-2,2
33535,101,86,15,15
33536,154,131,23,23
33537,71,78,-7,7
33538,77,77,0,0
33539,74,76,-2,2
33540,95,98,-3,3
33541,98,98,0,0
33542,87,84,3,3
33543,134,130,4,4
33544,118,114,4,4
33545,146,137,9,9
33546,82,96,-14,14
33547,85,74,11,11
33548,68,91,-23,23
33549,62,67,-5,5
33550,79,72,7,7
33551,33,46,-13,13
33552,130,115,15,15
33553,88,79,9,9
33554,132,126,6,6
33555,69,80,-11,11
33556,98,89,9,9
33557,113,99,14,14
33558,84,87,-3,3
33559,78,79,-1,1
33560,121,111,10,10
33561,69,75,-6,6
33562,70,85,-15,15
33563,89,95,-6,6
33564,97,95,2,2
33565,89,92,-3,3
33566,128,120,8,8
33567,149,141,8,8
33568,115,105,10,10
33569,68,82,-14,14
33570,44,50,-6,6
33571,36,52,-16,16
33572,64,83,-19,19
33573,75,71,4,4
33574,85,85,0,0
33575,90,94,-4,4
33576,98,110,-12,12
33577,110,97,13,13
33578,91,96,-5,5
33579,179,159,20,20
33580,97,83,14,14
33581,65,75,-10,10
33582,111,114,-3,3
33583,191,159,32,32
33584,181,157,24,24
33585,58,70,-12,12
33586,90,79,11,11
33587,101,94,7,7
33588,164,138,26,26
33589,117,103,14,14
33590,84,92,-8,8
33591,112,103,9,9
33592,117,104,13,13
33593,80,84,-4,4
33594,150,135,15,15
33595,94,96,-2,2
33596,115,114,1,1
33597,157,139,18,18
33598,69,79,-10,10
33599,61,67,-6,6
33600,97,98,-1,1
33601,74,80,-6,6
33602,90,92,-2,2
33603,59,67,-8,8
33604,121,104,17,17
33605,102,92,10,10
33606,107,111,-4,4
33607,102,107,-5,5
33608,256,242,14,14
33609,75,82,-7,7
33610,80,84,-4,4
33611,67,76,-9,9
33612,122,115,7,7
33613,65,66,-1,1
33614,74,82,-8,8
33615,86,87,-1,1
33616,206,193,13,13
33617,139,139,0,0
33618,76,78,-2,2
33619,186,170,16,16
33620,111,109,2,2
33621,80,74,6,6
33622,148,140,8,8
33623,76,86,-10,10
33624,123,141,-18,18
33625,79,96,-17,17
33626,118,109,9,9
33627,51,60,-9,9
33628,88,102,-14,14
33629,157,148,9,9
33630,84,88,-4,4
33631,129,116,13,13
33632,131,113,18,18
33633,74,98,-24,24
33634,93,94,-1,1
33635,88,89,-1,1
33636,74,83,-9,9
33637,102,100,2,2
33638,143,133,10,10
33639,67,71,-4,4
33640,197,177,20,20
33641,98,91,7,7
33642,117,103,14,14
33643,120,119,1,1
33644,118,119,-1,1
33645,63,58,5,5
33646,139,137,2,2
33647,144,144,0,0
33648,96,96,0,0
33649,110,93,17,17
33650,121,118,3,3
33651,68,81,-13,13
33652,84,105,-21,21
33653,118,112,6,6
33654,96,96,0,0
33655,78,85,-7,7
33656,27,39,-12,12
33657,157,143,14,14
33658,137,124,13,13
33659,107,107,0,0
33660,95,96,-1,1
33661,45,66,-21,21
33662,69,98,-29,29
33663,196,172,24,24
33664,108,93,15,15
33665,88,84,4,4
33666,199,174,25,25
33667,111,112,-1,1
33668,179,160,19,19
33669,157,150,7,7
33670,82,76,6,6
33671,77,76,1,1
33672,56,61,-5,5
33673,63,74,-11,11
33674,196,178,18,18
33675,89,97,-8,8
33676,126,117,9,9
33677,39,47,-8,8
33678,80,88,-8,8
33679,97,96,1,1
33680,85,82,3,3
33681,58,62,-4,4
33682,132,120,12,12
33683,54,73,-19,19
33684,99,98,1,1
33685,91,95,-4,4
33686,75,74,1,1
33687,57,73,-16,16
33688,66,75,-9,9
33689,105,109,-4,4
33690,51,57,-6,6
33691,134,123,11,11
33692,27,43,-16,16
33693,71,73,-2,2
33694,65,67,-2,2
33695,112,93,19,19
33696,100,105,-5,5
33697,56,62,-6,6
33698,74,77,-3,3
33699,137,127,10,10
33700,96,99,-3,3
33701,113,120,-7,7
33702,56,68,-12,12
33703,91,96,-5,5
33704,179,171,8,8
33705,54,60,-6,6
33706,90,98,-8,8
33707,92,92,0,0
33708,87,82,5,5
33709,122,109,13,13
33710,150,132,18,18
33711,90,86,4,4
33712,98,95,3,3
33713,59,69,-10,10
33714,122,119,3,3
33715,150,147,3,3
33716,74,75,-1,1
33717,65,75,-10,10
33718,53,66,-13,13
33719,93,94,-1,1
33720,108,100,8,8
33721,70,82,-12,12
33722,135,124,11,11
33723,87,96,-9,9
33724,65,79,-14,14
33725,55,56,-1,1
33726,40,54,-14,14
33727,88,84,4,4
33728,168,149,19,19
33729,37,49,-12,12
33730,80,75,5,5
33731,92,84,8,8
33732,157,139,18,18
33733,121,120,1,1
33734,119,122,-3,3
33735,131,107,24,24
33736,112,101,11,11
33737,71,85,-14,14
33738,73,77,-4,4
33739,99,96,3,3
33740,81,78,3,3
33741,70,78,-8,8
33742,91,86,5,5
33743,63,71,-8,8
33744,65,69,-4,4
33745,92,98,-6,6
33746,83,80,3,3
33747,62,71,-9,9
33748,137,131,6,6
33749,194,172,22,22
33750,104,96,8,8
33751,136,129,7,7
33752,149,140,9,9
33753,109,107,2,2
33754,70,74,-4,4
33755,121,112,9,9
33756,73,77,-4,4
33757,97,92,5,5
33758,105,96,9,9
33759,131,123,8,8
33760,118,109,9,9
33761,97,93,4,4
33762,49,57,-8,8
33763,110,107,3,3
33764,87,96,-9,9
33765,107,103,4,4
33766,72,74,-2,2
33767,173,161,12,12
33768,117,113,4,4
33769,91,97,-6,6
33770,93,83,10,10
33771,34,38,-4,4
33772,75,75,0,0
33773,110,111,-1,1
33774,76,87,-11,11
33775,122,152,-30,30
33776,94,98,-4,4
33777,60,68,-8,8
33778,96,99,-3,3
33779,92,97,-5,5
33780,155,140,15,15
33781,116,104,12,12
33782,113,108,5,5
33783,70,72,-2,2
33784,127,127,0,0
33785,104,108,-4,4
33786,103,103,0,0
33787,66,67,-1,1
33788,58,68,-10,10
33789,47,66,-19,19
33790,124,124,0,0
33791,47,53,-6,6
33792,134,120,14,14
33793,126,109,17,17
33794,133,130,3,3
33795,101,103,-2,2
33796,48,59,-11,11
33797,69,80,-11,11
33798,62,68,-6,6
33799,112,100,12,12
33800,124,128,-4,4
33801,68,71,-3,3
33802,70,72,-2,2
33803,98,98,0,0
33804,61,80,-19,19
33805,98,105,-7,7
33806,128,116,12,12
33807,112,105,7,7
33808,62,72,-10,10
33809,106,96,10,10
33810,90,84,6,6
33811,57,65,-8,8
33812,127,121,6,6
33813,83,81,2,2
33814,123,119,4,4
33815,99,93,6,6
33816,114,115,-1,1
33817,124,126,-2,2
33818,63,71,-8,8
33819,169,157,12,12
33820,86,86,0,0
33821,97,96,1,1
33822,95,91,4,4
33823,97,97,0,0
33824,120,107,13,13
33825,100,97,3,3
33826,127,130,-3,3
33827,65,73,-8,8
33828,74,79,-5,5
33829,146,139,7,7
33830,93,94,-1,1
33831,76,78,-2,2
33832,127,119,8,8
33833,61,68,-7,7
33834,81,86,-5,5
33835,132,106,26,26
33836,69,64,5,5
33837,56,73,-17,17
33838,103,98,5,5
33839,110,111,-1,1
33840,102,98,4,4
33841,74,73,1,1
33842,111,111,0,0
33843,74,75,-1,1
33844,58,67,-9,9
33845,96,100,-4,4
33846,67,76,-9,9
33847,57,65,-8,8
33848,104,97,7,7
33849,60,75,-15,15
33850,50,67,-17,17
33851,120,116,4,4
33852,73,77,-4,4
33853,45,55,-10,10
33854,95,96,-1,1
33855,125,125,0,0
33856,106,104,2,2
33857,80,79,1,1
33858,138,130,8,8
33859,105,104,1,1
33860,100,102,-2,2
33861,89,89,0,0
33862,161,134,27,27
33863,115,115,0,0
33864,109,100,9,9
33865,120,111,9,9
33866,64,68,-4,4
33867,85,86,-1,1
33868,139,134,5,5
33869,56,69,-13,13
33870,100,102,-2,2
33871,61,70,-9,9
33872,87,92,-5,5
33873,78,75,3,3
33874,135,122,13,13
33875,149,145,4,4
33876,123,113,10,10
33877,114,98,16,16
33878,106,106,0,0
33879,121,104,17,17
33880,103,114,-11,11
33881,133,132,1,1
33882,83,83,0,0
33883,90,84,6,6
33884,43,55,-12,12
33885,195,176,19,19
33886,82,81,1,1
33887,121,114,7,7
33888,77,81,-4,4
33889,80,85,-5,5
33890,56,67,-11,11
33891,70,71,-1,1
33892,57,65,-8,8
33893,98,99,-1,1
33894,85,86,-1,1
33895,102,99,3,3
33896,114,100,14,14
33897,153,138,15,15
33898,61,66,-5,5
33899,99,96,3,3
33900,77,78,-1,1
33901,89,80,9,9
33902,79,75,4,4
33903,108,113,-5,5
33904,102,86,16,16
33905,54,69,-15,15
33906,101,94,7,7
33907,131,119,12,12
33908,56,69,-13,13
33909,110,101,9,9
33910,78,77,1,1
33911,153,137,16,16
33912,73,80,-7,7
33913,105,100,5,5
33914,57,76,-19,19
33915,95,105,-10,10
33916,56,73,-17,17
33917,107,100,7,7
33918,62,82,-20,20
33919,157,147,10,10
33920,94,89,5,5
33921,84,76,8,8
33922,131,124,7,7
33923,75,76,-1,1
33924,122,114,8,8
33925,114,121,-7,7
33926,61,65,-4,4
33927,137,143,-6,6
33928,72,75,-3,3
33929,115,97,18,18
33930,49,86,-37,37
33931,98,90,8,8
33932,114,115,-1,1
33933,79,81,-2,2
33934,75,75,0,0
33935,111,91,20,20
33936,84,86,-2,2
33937,61,66,-5,5
33938,70,79,-9,9
33939,103,105,-2,2
33940,119,104,15,15
33941,62,71,-9,9
33942,94,84,10,10
33943,161,147,14,14
33944,253,219,34,34
33945,112,111,1,1
33946,63,76,-13,13
33947,90,86,4,4
33948,124,119,5,5
33949,85,77,8,8
33950,167,157,10,10
33951,115,99,16,16
33952,113,100,13,13
33953,95,96,-1,1
33954,93,91,2,2
33955,138,121,17,17
33956,74,79,-5,5
33957,52,64,-12,12
33958,104,99,5,5
33959,143,135,8,8
33960,74,85,-11,11
33961,69,74,-5,5
33962,133,126,7,7
33963,82,80,2,2
33964,98,90,8,8
33965,77,79,-2,2
33966,142,137,5,5
33967,84,88,-4,4
33968,95,100,-5,5
33969,83,81,2,2
33970,114,99,15,15
33971,53,80,-27,27
33972,91,86,5,5
33973,122,125,-3,3
33974,89,110,-21,21
33975,81,88,-7,7
33976,110,110,0,0
33977,96,89,7,7
33978,119,109,10,10
33979,80,86,-6,6
33980,108,101,7,7
33981,71,73,-2,2
33982,80,81,-1,1
33983,157,155,2,2
33984,85,76,9,9
33985,47,61,-14,14
33986,68,67,1,1
33987,86,78,8,8
33988,71,74,-3,3
33989,64,67,-3,3
33990,65,70,-5,5
33991,155,155,0,0
33992,108,115,-7,7
33993,188,168,20,20
33994,109,112,-3,3
33995,64,75,-11,11
33996,120,140,-20,20
33997,72,77,-5,5
33998,55,67,-12,12
33999,69,70,-1,1
34000,186,166,20,20
34001,96,109,-13,13
34002,77,84,-7,7
34003,83,85,-2,2
34004,79,77,2,2
34005,55,72,-17,17
34006,155,144,11,11
34007,91,91,0,0
34008,48,65,-17,17
34009,122,118,4,4
34010,75,88,-13,13
34011,109,107,2,2
34012,110,102,8,8
34013,79,78,1,1
34014,69,73,-4,4
34015,78,85,-7,7
34016,129,125,4,4
34017,131,125,6,6
34018,45,60,-15,15
34019,96,92,4,4
34020,105,122,-17,17
34021,128,126,2,2
34022,139,132,7,7
34023,116,103,13,13
34024,81,81,0,0
34025,77,84,-7,7
34026,100,97,3,3
34027,68,70,-2,2
34028,70,80,-10,10
34029,222,217,5,5
34030,22,44,-22,22
34031,121,116,5,5
34032,67,74,-7,7
34033,87,83,4,4
34034,58,63,-5,5
34035,69,82,-13,13
34036,71,85,-14,14
34037,54,70,-16,16
34038,60,64,-4,4
34039,87,87,0,0
34040,101,96,5,5
34041,61,67,-6,6
34042,141,124,17,17
34043,121,122,-1,1
34044,102,96,6,6
34045,78,84,-6,6
34046,96,107,-11,11
34047,56,60,-4,4
34048,101,90,11,11
34049,64,71,-7,7
34050,55,69,-14,14
34051,89,81,8,8
34052,84,81,3,3
34053,90,88,2,2
34054,166,147,19,19
34055,85,107,-22,22
34056,94,94,0,0
34057,130,132,-2,2
34058,146,146,0,0
34059,77,93,-16,16
34060,97,90,7,7
34061,102,95,7,7
34062,150,148,2,2
34063,104,99,5,5
34064,90,88,2,2
34065,70,74,-4,4
34066,45,56,-11,11
34067,76,75,1,1
34068,90,108,-18,18
34069,63,65,-2,2
34070,123,118,5,5
34071,91,81,10,10
34072,102,89,13,13
34073,120,110,10,10
34074,48,74,-26,26
34075,42,59,-17,17
34076,85,87,-2,2
34077,67,70,-3,3
34078,73,66,7,7
34079,67,73,-6,6
34080,87,89,-2,2
34081,172,141,31,31
34082,128,133,-5,5
34083,116,114,2,2
34084,102,95,7,7
34085,134,129,5,5
34086,94,101,-7,7
34087,55,67,-12,12
34088,175,174,1,1
34089,71,74,-3,3
34090,53,66,-13,13
34091,92,99,-7,7
34092,111,104,7,7
34093,120,123,-3,3
34094,107,114,-7,7
34095,48,57,-9,9
34096,85,81,4,4
34097,122,142,-20,20
34098,90,94,-4,4
34099,70,70,0,0
34100,63,69,-6,6
34101,110,102,8,8
34102,56,66,-10,10
34103,96,99,-3,3
34104,79,83,-4,4
34105,56,65,-9,9
34106,115,102,13,13
34107,60,74,-14,14
34108,59,65,-6,6
34109,74,75,-1,1
34110,110,111,-1,1
34111,99,108,-9,9
34112,106,103,3,3
34113,62,61,1,1
34114,93,93,0,0
34115,59,65,-6,6
34116,88,82,6,6
34117,75,89,-14,14
34118,78,77,1,1
34119,67,75,-8,8
34120,118,110,8,8
34121,66,69,-3,3
34122,69,73,-4,4
34123,110,100,10,10
34124,102,100,2,2
34125,127,121,6,6
34126,99,99,0,0
34127,127,127,0,0
34128,97,85,12,12
34129,52,56,-4,4
34130,56,70,-14,14
34131,64,67,-3,3
34132,111,101,10,10
34133,114,109,5,5
34134,162,144,18,18
34135,56,76,-20,20
34136,35,50,-15,15
34137,83,85,-2,2
34138,151,149,2,2
34139,77,82,-5,5
34140,65,75,-10,10
34141,67,73,-6,6
34142,81,82,-1,1
34143,56,65,-9,9
34144,67,70,-3,3
34145,59,64,-5,5
34146,142,120,22,22
34147,79,82,-3,3
34148,104,100,4,4
34149,68,75,-7,7
34150,67,77,-10,10
34151,56,67,-11,11
34152,66,72,-6,6
34153,31,41,-10,10
34154,121,109,12,12
34155,115,110,5,5
34156,68,70,-2,2
34157,103,101,2,2
34158,71,77,-6,6
34159,115,119,-4,4
34160,122,106,16,16
34161,99,95,4,4
34162,112,109,3,3
34163,215,213,2,2
34164,68,77,-9,9
34165,84,81,3,3
34166,82,82,0,0
34167,82,85,-3,3
34168,95,90,5,5
34169,80,84,-4,4
34170,121,109,12,12
34171,103,95,8,8
34172,74,81,-7,7
34173,59,68,-9,9
34174,106,101,5,5
34175,62,64,-2,2
34176,49,58,-9,9
34177,62,72,-10,10
34178,151,143,8,8
34179,178,150,28,28
34180,96,97,-1,1
34181,91,95,-4,4
34182,74,75,-1,1
34183,78,86,-8,8
34184,95,114,-19,19
34185,109,103,6,6
34186,59,68,-9,9
34187,64,64,0,0
34188,122,105,17,17
34189,106,107,-1,1
34190,137,129,8,8
34191,79,78,1,1
34192,45,60,-15,15
34193,96,90,6,6
34194,53,61,-8,8
34195,121,110,11,11
34196,138,133,5,5
34197,107,98,9,9
34198,90,88,2,2
34199,83,84,-1,1
34200,65,70,-5,5
34201,68,80,-12,12
34202,50,60,-10,10
34203,44,74,-30,30
34204,78,85,-7,7
34205,74,78,-4,4
34206,67,71,-4,4
34207,116,102,14,14
34208,50,57,-7,7
34209,100,95,5,5
34210,52,64,-12,12
34211,70,70,0,0
34212,92,93,-1,1
34213,130,118,12,12
34214,139,143,-4,4
34215,96,90,6,6
34216,98,93,5,5
34217,49,59,-10,10
34218,90,83,7,7
34219,103,111,-8,8
34220,39,58,-19,19
34221,172,147,25,25
34222,104,95,9,9
34223,63,69,-6,6
34224,78,77,1,1
34225,65,73,-8,8
34226,58,63,-5,5
34227,140,136,4,4
34228,95,101,-6,6
34229,77,77,0,0
34230,122,111,11,11
34231,63,60,3,3
34232,26,43,-17,17
34233,78,80,-2,2
34234,60,71,-11,11
34235,80,82,-2,2
34236,96,96,0,0
34237,62,70,-8,8
34238,77,85,-8,8
34239,101,96,5,5
34240,103,103,0,0
34241,87,91,-4,4
34242,132,125,7,7
34243,223,190,33,33
34244,117,105,12,12
34245,151,139,12,12
34246,87,95,-8,8
34247,103,98,5,5
34248,59,70,-11,11
34249,150,129,21,21
34250,100,95,5,5
34251,92,83,9,9
34252,65,80,-15,15
34253,72,72,0,0
34254,48,58,-10,10
34255,114,108,6,6
34256,63,63,0,0
34257,139,131,8,8
34258,86,86,0,0
34259,96,84,12,12
34260,80,84,-4,4
34261,126,109,17,17
34262,112,108,4,4
34263,99,108,-9,9
34264,83,78,5,5
34265,62,66,-4,4
34266,53,72,-19,19
34267,40,55,-15,15
34268,103,99,4,4
34269,87,100,-13,13
34270,66,72,-6,6
34271,116,102,14,14
34272,107,96,11,11
34273,121,118,3,3
34274,114,98,16,16
34275,111,105,6,6
34276,105,103,2,2
34277,103,101,2,2
34278,106,93,13,13
34279,126,120,6,6
34280,104,99,5,5
34281,77,76,1,1
34282,114,111,3,3
34283,77,82,-5,5
34284,83,84,-1,1
34285,78,90,-12,12
34286,81,86,-5,5
34287,64,70,-6,6
34288,134,122,12,12
34289,78,83,-5,5
34290,137,128,9,9
34291,80,78,2,2
34292,145,126,19,19
34293,103,111,-8,8
34294,101,99,2,2
34295,87,84,3,3
34296,83,84,-1,1
34297,98,88,10,10
34298,133,131,2,2
34299,114,114,0,0
34300,119,105,14,14
34301,94,93,1,1
34302,85,90,-5,5
34303,162,155,7,7
34304,85,76,9,9
34305,62,65,-3,3
34306,83,81,2,2
34307,99,94,5,5
34308,79,83,-4,4
34309,95,96,-1,1
34310,140,137,3,3
34311,165,150,15,15
34312,104,98,6,6
34313,110,123,-13,13
34314,138,172,-34,34
34315,117,127,-10,10
34316,120,112,8,8
34317,67,80,-13,13
34318,82,83,-1,1
34319,110,98,12,12
34320,110,99,11,11
34321,63,76,-13,13
34322,54,62,-8,8
34323,128,128,0,0
34324,90,84,6,6
34325,99,98,1,1
34326,121,139,-18,18
34327,47,64,-17,17
34328,88,82,6,6
34329,96,88,8,8
34330,83,100,-17,17
34331,91,82,9,9
34332,100,102,-2,2
34333,68,77,-9,9
34334,44,55,-11,11
34335,94,91,3,3
34336,48,60,-12,12
34337,63,69,-6,6
34338,114,106,8,8
34339,88,83,5,5
34340,105,96,9,9
34341,67,73,-6,6
34342,61,62,-1,1
34343,120,114,6,6
34344,111,99,12,12
34345,102,94,8,8
34346,111,102,9,9
34347,48,57,-9,9
34348,102,103,-1,1
34349,101,99,2,2
34350,88,92,-4,4
34351,58,71,-13,13
34352,64,71,-7,7
34353,65,72,-7,7
34354,156,147,9,9
34355,84,83,1,1
34356,169,145,24,24
34357,130,110,20,20
34358,51,66,-15,15
34359,60,65,-5,5
34360,109,97,12,12
34361,107,105,2,2
34362,133,140,-7,7
34363,73,74,-1,1
34364,117,108,9,9
34365,105,99,6,6
34366,118,135,-17,17
34367,107,104,3,3
34368,89,90,-1,1
34369,130,121,9,9
34370,107,112,-5,5
34371,86,87,-1,1
34372,87,92,-5,5
34373,166,151,15,15
34374,91,94,-3,3
34375,83,80,3,3
34376,90,102,-12,12
34377,60,75,-15,15
34378,73,81,-8,8
34379,133,115,18,18
34380,131,123,8,8
34381,128,149,-21,21
34382,93,88,5,5
34383,48,59,-11,11
34384,126,104,22,22
34385,62,76,-14,14
34386,50,68,-18,18
34387,70,74,-4,4
34388,111,110,1,1
34389,89,82,7,7
34390,94,97,-3,3
34391,38,55,-17,17
34392,76,88,-12,12
34393,92,90,2,2
34394,66,70,-4,4
34395,84,84,0,0
34396,72,77,-5,5
34397,79,78,1,1
34398,78,80,-2,2
34399,61,66,-5,5
34400,68,74,-6,6
34401,114,101,13,13
34402,84,86,-2,2
34403,51,69,-18,18
34404,96,87,9,9
34405,74,76,-2,2
34406,64,78,-14,14
34407,79,83,-4,4
34408,89,81,8,8
34409,150,146,4,4
34410,137,117,20,20
34411,62,68,-6,6
34412,120,107,13,13
34413,75,72,3,3
34414,63,73,-10,10
34415,144,146,-2,2
34416,83,79,4,4
34417,71,100,-29,29
34418,125,123,2,2
34419,71,78,-7,7
34420,90,90,0,0
34421,57,62,-5,5
34422,68,77,-9,9
34423,117,105,12,12
34424,142,135,7,7
34425,95,87,8,8
34426,91,97,-6,6
34427,86,89,-3,3
34428,119,123,-4,4
34429,71,88,-17,17
34430,97,89,8,8
34431,92,97,-5,5
34432,86,93,-7,7
34433,48,54,-6,6
34434,50,52,-2,2
34435,105,137,-32,32
34436,105,107,-2,2
34437,127,113,14,14
34438,108,103,5,5
34439,71,74,-3,3
34440,73,80,-7,7
34441,68,81,-13,13
34442,147,130,17,17
34443,142,141,1,1
34444,39,54,-15,15
34445,91,84,7,7
34446,79,85,-6,6
34447,84,81,3,3
34448,123,125,-2,2
34449,63,72,-9,9
34450,196,182,14,14
34451,161,157,4,4
34452,152,122,30,30
34453,144,130,14,14
34454,96,98,-2,2
34455,125,123,2,2
34456,82,80,2,2
34457,128,115,13,13
34458,160,157,3,3
34459,43,56,-13,13
34460,68,76,-8,8
34461,108,88,20,20
34462,74,75,-1,1
34463,52,64,-12,12
34464,107,115,-8,8
34465,64,77,-13,13
34466,89,87,2,2
34467,85,77,8,8
34468,73,81,-8,8
34469,177,181,-4,4
34470,111,102,9,9
34471,67,79,-12,12
34472,76,74,2,2
34473,152,134,18,18
34474,90,91,-1,1
34475,79,81,-2,2
34476,99,100,-1,1
34477,78,78,0,0
34478,131,124,7,7
34479,100,96,4,4
34480,74,83,-9,9
34481,99,97,2,2
34482,135,128,7,7
34483,104,105,-1,1
34484,67,72,-5,5
34485,102,91,11,11
34486,48,62,-14,14
34487,243,231,12,12
34488,97,96,1,1
34489,112,104,8,8
34490,118,120,-2,2
34491,77,83,-6,6
34492,73,70,3,3
34493,99,100,-1,1
34494,60,82,-22,22
34495,155,148,7,7
34496,125,117,8,8
34497,202,163,39,39
34498,82,90,-8,8
34499,100,95,5,5
34500,78,78,0,0
34501,59,74,-15,15
34502,48,64,-16,16
34503,121,122,-1,1
34504,128,120,8,8
34505,96,101,-5,5
34506,133,116,17,17
34507,107,103,4,4
34508,106,99,7,7
34509,111,125,-14,14
34510,48,76,-28,28
34511,79,89,-10,10
34512,121,106,15,15
34513,147,138,9,9
34514,113,108,5,5
34515,58,64,-6,6
34516,93,85,8,8
34517,109,103,6,6
34518,85,91,-6,6
34519,69,82,-13,13
34520,70,75,-5,5
34521,81,90,-9,9
34522,47,59,-12,12
34523,121,110,11,11
34524,151,128,23,23
34525,80,85,-5,5
34526,60,65,-5,5
34527,133,124,9,9
34528,65,72,-7,7
34529,162,162,0,0
34530,73,74,-1,1
34531,108,101,7,7
34532,87,86,1,1
34533,101,107,-6,6
34534,90,91,-1,1
34535,130,143,-13,13
34536,133,119,14,14
34537,139,135,4,4
34538,95,99,-4,4
34539,96,97,-1,1
34540,66,72,-6,6
34541,69,78,-9,9
34542,69,74,-5,5
34543,86,85,1,1
34544,95,95,0,0
34545,91,86,5,5
34546,189,159,30,30
34547,109,104,5,5
34548,63,68,-5,5
34549,156,149,7,7
34550,64,68,-4,4
34551,117,105,12,12
34552,55,60,-5,5
34553,115,114,1,1
34554,103,96,7,7
34555,155,145,10,10
34556,78,81,-3,3
34557,159,160,-1,1
34558,73,72,1,1
34559,188,171,17,17
34560,150,145,5,5
34561,103,96,7,7
34562,80,84,-4,4
34563,92,94,-2,2
34564,121,117,4,4
34565,113,114,-1,1
34566,106,99,7,7
34567,72,72,0,0
34568,120,114,6,6
34569,49,64,-15,15
34570,124,125,-1,1
34571,82,84,-2,2
34572,145,154,-9,9
34573,61,68,-7,7
34574,108,104,4,4
34575,53,63,-10,10
34576,117,108,9,9
34577,88,88,0,0
34578,122,98,24,24
34579,56,65,-9,9
34580,161,146,15,15
34581,115,107,8,8
34582,100,99,1,1
34583,149,145,4,4
34584,126,113,13,13
34585,74,79,-5,5
34586,124,115,9,9
34587,101,97,4,4
34588,83,98,-15,15
34589,105,99,6,6
34590,143,131,12,12
34591,153,144,9,9
34592,54,65,-11,11
34593,52,54,-2,2
34594,87,85,2,2
34595,63,72,-9,9
34596,84,89,-5,5
34597,96,96,0,0
34598,59,72,-13,13
34599,141,127,14,14
34600,121,107,14,14
34601,21,29,-8,8
34602,93,87,6,6
34603,126,123,3,3
34604,91,89,2,2
34605,126,120,6,6
34606,79,77,2,2
34607,133,133,0,0
34608,72,79,-7,7
34609,117,98,19,19
34610,51,66,-15,15
34611,92,89,3,3
34612,78,84,-6,6
34613,70,77,-7,7
34614,77,82,-5,5
34615,94,86,8,8
34616,75,80,-5,5
34617,93,95,-2,2
34618,75,71,4,4
34619,149,143,6,6
34620,99,97,2,2
34621,94,105,-11,11
34622,98,90,8,8
34623,68,75,-7,7
34624,101,141,-40,40
34625,115,102,13,13
34626,87,84,3,3
34627,100,108,-8,8
34628,80,88,-8,8
34629,133,119,14,14
34630,54,64,-10,10
34631,164,154,10,10
34632,98,96,2,2
34633,75,80,-5,5
34634,77,75,2,2
34635,126,119,7,7
34636,124,117,7,7
34637,89,89,0,0
34638,77,80,-3,3
34639,162,144,18,18
34640,129,112,17,17
34641,126,122,4,4
34642,90,84,6,6
34643,145,135,10,10
34644,59,73,-14,14
34645,79,78,1,1
34646,100,89,11,11
34647,136,128,8,8
34648,53,70,-17,17
34649,109,99,10,10
34650,79,79,0,0
34651,111,103,8,8
34652,172,139,33,33
34653,142,134,8,8
34654,81,81,0,0
34655,100,97,3,3
34656,71,75,-4,4
34657,37,55,-18,18
34658,91,87,4,4
34659,85,84,1,1
34660,96,96,0,0
34661,96,95,1,1
34662,72,73,-1,1
34663,58,66,-8,8
34664,128,133,-5,5
34665,90,82,8,8
34666,79,82,-3,3
34667,57,62,-5,5
34668,164,139,25,25
34669,147,115,32,32
34670,42,60,-18,18
34671,92,101,-9,9
34672,73,80,-7,7
34673,80,82,-2,2
34674,82,81,1,1
34675,82,85,-3,3
34676,124,116,8,8
34677,87,94,-7,7
34678,93,96,-3,3
34679,151,129,22,22
34680,88,87,1,1
34681,99,92,7,7
34682,104,102,2,2
34683,80,83,-3,3
34684,91,84,7,7
34685,116,129,-13,13
34686,136,122,14,14
34687,76,108,-32,32
34688,125,130,-5,5
34689,99,91,8,8
34690,112,114,-2,2
34691,103,110,-7,7
34692,152,142,10,10
34693,122,115,7,7
34694,74,77,-3,3
34695,106,105,1,1
34696,76,77,-1,1
34697,59,71,-12,12
34698,100,121,-21,21
34699,58,67,-9,9
34700,69,75,-6,6
34701,120,125,-5,5
34702,74,77,-3,3
34703,55,65,-10,10
34704,89,89,0,0
34705,79,77,2,2
34706,137,136,1,1
34707,81,85,-4,4
34708,64,80,-16,16
34709,170,159,11,11
34710,69,76,-7,7
34711,72,72,0,0
34712,73,72,1,1
34713,66,79,-13,13
34714,114,109,5,5
34715,96,105,-9,9
34716,67,72,-5,5
34717,83,85,-2,2
34718,72,75,-3,3
34719,150,144,6,6
34720,56,62,-6,6
34721,66,73,-7,7
34722,53,67,-14,14
34723,169,150,19,19
34724,66,75,-9,9
34725,105,111,-6,6
34726,101,98,3,3
34727,78,83,-5,5
34728,130,122,8,8
34729,140,129,11,11
34730,91,103,-12,12
34731,89,81,8,8
34732,73,77,-4,4
34733,111,104,7,7
34734,111,110,1,1
34735,154,135,19,19
34736,56,66,-10,10
34737,136,125,11,11
34738,101,88,13,13
34739,120,119,1,1
34740,62,62,0,0
34741,105,103,2,2
34742,76,80,-4,4
34743,161,155,6,6
34744,88,93,-5,5
34745,51,61,-10,10
34746,108,104,4,4
34747,101,98,3,3
34748,74,77,-3,3
34749,189,161,28,28
34750,46,58,-12,12
34751,58,68,-10,10
34752,100,87,13,13
34753,171,142,29,29
34754,45,57,-12,12
34755,87,77,10,10
34756,57,62,-5,5
34757,137,117,20,20
34758,72,78,-6,6
34759,115,109,6,6
34760,98,96,2,2
34761,58,71,-13,13
34762,87,105,-18,18
34763,79,81,-2,2
34764,79,78,1,1
34765,67,72,-5,5
34766,32,48,-16,16
34767,76,79,-3,3
34768,80,74,6,6
34769,106,95,11,11
34770,54,71,-17,17
34771,75,81,-6,6
34772,149,138,11,11
34773,110,97,13,13
34774,106,106,0,0
34775,130,127,3,3
34776,49,60,-11,11
34777,119,121,-2,2
34778,75,80,-5,5
34779,89,88,1,1
34780,63,65,-2,2
34781,64,61,3,3
34782,116,113,3,3
34783,79,77,2,2
34784,92,95,-3,3
34785,70,79,-9,9
34786,120,115,5,5
34787,165,152,13,13
34788,187,190,-3,3
34789,82,83,-1,1
34790,53,72,-19,19
34791,88,88,0,0
34792,75,77,-2,2
34793,66,68,-2,2
34794,80,81,-1,1
34795,113,100,13,13
34796,48,51,-3,3
34797,52,57,-5,5
34798,169,155,14,14
34799,100,104,-4,4
34800,71,85,-14,14
34801,103,112,-9,9
34802,127,121,6,6
34803,132,132,0,0
34804,136,130,6,6
34805,67,67,0,0
34806,127,127,0,0
34807,142,138,4,4
34808,114,115,-1,1
34809,71,79,-8,8
34810,77,80,-3,3
34811,86,96,-10,10
34812,166,141,25,25
34813,116,106,10,10
34814,42,52,-10,10
34815,91,85,6,6
34816,81,80,1,1
34817,109,101,8,8
34818,164,159,5,5
34819,119,117,2,2
34820,79,76,3,3
34821,122,116,6,6
34822,67,73,-6,6
34823,96,93,3,3
34824,81,83,-2,2
34825,110,83,27,27
34826,142,134,8,8
34827,30,48,-18,18
34828,102,110,-8,8
34829,128,116,12,12
34830,127,132,-5,5
34831,55,91,-36,36
34832,125,152,-27,27
34833,85,87,-2,2
34834,82,85,-3,3
34835,99,102,-3,3
34836,142,140,2,2
34837,99,107,-8,8
34838,96,101,-5,5
34839,87,98,-11,11
34840,76,77,-1,1
34841,95,103,-8,8
34842,61,68,-7,7
34843,58,71,-13,13
34844,88,90,-2,2
34845,87,97,-10,10
34846,89,88,1,1
34847,100,92,8,8
34848,87,90,-3,3
34849,86,86,0,0
34850,43,60,-17,17
34851,33,46,-13,13
34852,97,95,2,2
34853,130,117,13,13
34854,149,134,15,15
34855,139,120,19,19
34856,71,78,-7,7
34857,53,70,-17,17
34858,69,68,1,1
34859,114,99,15,15
34860,60,74,-14,14
34861,53,64,-11,11
34862,80,79,1,1
34863,75,70,5,5
34864,101,115,-14,14
34865,147,141,6,6
34866,100,91,9,9
34867,112,118,-6,6
34868,61,69,-8,8
34869,68,72,-4,4
34870,41,66,-25,25
34871,72,80,-8,8
34872,69,81,-12,12
34873,135,119,16,16
34874,112,109,3,3
34875,63,66,-3,3
34876,83,82,1,1
34877,74,79,-5,5
34878,85,93,-8,8
34879,91,83,8,8
34880,150,145,5,5
34881,96,91,5,5
34882,61,85,-24,24
34883,51,76,-25,25
34884,61,69,-8,8
34885,143,155,-12,12
34886,64,72,-8,8
34887,59,66,-7,7
34888,67,82,-15,15
34889,65,88,-23,23
34890,142,127,15,15
34891,66,71,-5,5
34892,73,81,-8,8
34893,107,106,1,1
34894,112,96,16,16
34895,104,101,3,3
34896,46,59,-13,13
34897,83,79,4,4
34898,89,87,2,2
34899,73,70,3,3
34900,59,65,-6,6
34901,59,66,-7,7
34902,112,105,7,7
34903,75,81,-6,6
34904,68,77,-9,9
34905,80,95,-15,15
34906,70,82,-12,12
34907,77,79,-2,2
34908,49,61,-12,12
34909,91,86,5,5
34910,65,67,-2,2
34911,77,77,0,0
34912,130,112,18,18
34913,77,83,-6,6
34914,175,171,4,4
34915,103,107,-4,4
34916,79,79,0,0
34917,74,76,-2,2
34918,98,104,-6,6
34919,111,108,3,3
34920,105,117,-12,12
34921,106,104,2,2
34922,43,55,-12,12
34923,91,98,-7,7
34924,88,88,0,0
34925,121,113,8,8
34926,111,103,8,8
34927,65,73,-8,8
34928,63,64,-1,1
34929,91,97,-6,6
34930,70,77,-7,7
34931,117,104,13,13
34932,56,68,-12,12
34933,153,148,5,5
34934,135,130,5,5
34935,66,71,-5,5
34936,97,97,0,0
34937,94,100,-6,6
34938,79,81,-2,2
34939,89,84,5,5
34940,117,108,9,9
34941,50,59,-9,9
34942,172,170,2,2
34943,71,82,-11,11
34944,94,95,-1,1
34945,146,144,2,2
34946,57,65,-8,8
34947,91,95,-4,4
34948,44,59,-15,15
34949,124,118,6,6
34950,117,99,18,18
34951,93,86,7,7
34952,100,102,-2,2
34953,167,153,14,14
34954,97,96,1,1
34955,117,110,7,7
34956,142,133,9,9
34957,62,69,-7,7
34958,99,101,-2,2
34959,83,84,-1,1
34960,61,75,-14,14
34961,80,85,-5,5
34962,85,83,2,2
34963,102,101,1,1
34964,127,130,-3,3
34965,123,124,-1,1
34966,117,110,7,7
34967,102,113,-11,11
34968,100,98,2,2
34969,105,101,4,4
34970,116,102,14,14
34971,104,107,-3,3
34972,70,73,-3,3
34973,71,77,-6,6
34974,59,75,-16,16
34975,86,84,2,2
34976,121,101,20,20
34977,104,96,8,8
34978,93,87,6,6
34979,78,82,-4,4
34980,124,113,11,11
34981,83,87,-4,4
34982,126,121,5,5
34983,91,90,1,1
34984,89,100,-11,11
34985,79,77,2,2
34986,110,105,5,5
34987,80,81,-1,1
34988,116,110,6,6
34989,133,114,19,19
34990,91,101,-10,10
34991,94,86,8,8
34992,160,142,18,18
34993,107,111,-4,4
34994,61,72,-11,11
34995,74,72,2,2
34996,80,82,-2,2
34997,50,65,-15,15
34998,98,99,-1,1
34999,47,59,-12,12
35000,63,83,-20,20
35001,92,98,-6,6
35002,97,96,1,1
35003,101,103,-2,2
35004,48,64,-16,16
35005,114,112,2,2
35006,106,100,6,6
35007,98,95,3,3
35008,133,130,3,3
35009,98,85,13,13
35010,41,53,-12,12
35011,85,86,-1,1
35012,102,101,1,1
35013,97,91,6,6
35014,49,62,-13,13
35015,50,63,-13,13
35016,86,89,-3,3
35017,96,104,-8,8
35018,110,98,12,12
35019,95,100,-5,5
35020,89,83,6,6
35021,92,91,1,1
35022,109,102,7,7
35023,75,79,-4,4
35024,61,63,-2,2
35025,82,94,-12,12
35026,88,94,-6,6
35027,139,134,5,5
35028,67,86,-19,19
35029,106,102,4,4
35030,108,104,4,4
35031,80,88,-8,8
35032,78,85,-7,7
35033,87,89,-2,2
35034,57,65,-8,8
35035,63,69,-6,6
35036,105,91,14,14
35037,129,111,18,18
35038,65,69,-4,4
35039,93,92,1,1
35040,50,59,-9,9
35041,30,53,-23,23
35042,81,80,1,1
35043,55,71,-16,16
35044,76,77,-1,1
35045,135,118,17,17
35046,55,68,-13,13
35047,140,137,3,3
35048,92,85,7,7
35049,124,118,6,6
35050,100,100,0,0
35051,40,53,-13,13
35052,50,57,-7,7
35053,85,87,-2,2
35054,87,96,-9,9
35055,136,124,12,12
35056,65,72,-7,7
35057,97,77,20,20
35058,80,82,-2,2
35059,99,97,2,2
35060,69,76,-7,7
35061,97,102,-5,5
35062,65,69,-4,4
35063,67,75,-8,8
35064,108,104,4,4
35065,105,105,0,0
35066,98,89,9,9
35067,73,75,-2,2
35068,87,87,0,0
35069,80,76,4,4
35070,115,113,2,2
35071,129,109,20,20
35072,62,71,-9,9
35073,141,127,14,14
35074,165,154,11,11
35075,167,156,11,11
35076,128,114,14,14
35077,163,142,21,21
35078,49,72,-23,23
35079,73,85,-12,12
35080,117,160,-43,43
35081,182,159,23,23
35082,91,84,7,7
35083,73,83,-10,10
35084,130,125,5,5
35085,92,91,1,1
35086,164,137,27,27
35087,100,108,-8,8
35088,106,107,-1,1
35089,155,154,1,1
35090,84,86,-2,2
35091,115,117,-2,2
35092,74,81,-7,7
35093,62,66,-4,4
35094,76,81,-5,5
35095,82,90,-8,8
35096,116,105,11,11
35097,84,83,1,1
35098,61,72,-11,11
35099,155,138,17,17
35100,87,141,-54,54
35101,118,116,2,2
35102,126,125,1,1
35103,123,121,2,2
35104,72,81,-9,9
35105,106,102,4,4
35106,119,107,12,12
35107,79,82,-3,3
35108,70,86,-16,16
35109,129,113,16,16
35110,93,85,8,8
35111,98,89,9,9
35112,164,163,1,1
35113,110,111,-1,1
35114,108,103,5,5
35115,79,79,0,0
35116,140,137,3,3
35117,81,88,-7,7
35118,84,94,-10,10
35119,64,67,-3,3
35120,101,99,2,2
35121,65,76,-11,11
35122,71,83,-12,12
35123,66,73,-7,7
35124,81,84,-3,3
35125,82,97,-15,15
35126,101,106,-5,5
35127,95,96,-1,1
35128,95,98,-3,3
35129,177,171,6,6
35130,148,152,-4,4
35131,83,88,-5,5
35132,79,80,-1,1
35133,87,82,5,5
35134,120,112,8,8
35135,140,159,-19,19
35136,117,111,6,6
35137,88,88,0,0
35138,79,76,3,3
35139,89,92,-3,3
35140,83,79,4,4
35141,79,92,-13,13
35142,118,111,7,7
35143,79,86,-7,7
35144,95,93,2,2
35145,62,69,-7,7
35146,67,77,-10,10
35147,63,74,-11,11
35148,99,88,11,11
35149,164,159,5,5
35150,71,68,3,3
35151,49,58,-9,9
35152,88,88,0,0
35153,93,92,1,1
35154,90,88,2,2
35155,96,84,12,12
35156,91,92,-1,1
35157,41,53,-12,12
35158,94,96,-2,2
35159,58,62,-4,4
35160,87,89,-2,2
35161,100,97,3,3
35162,117,115,2,2
35163,106,99,7,7
35164,65,81,-16,16
35165,126,124,2,2
35166,92,94,-2,2
35167,78,87,-9,9
35168,98,96,2,2
35169,102,113,-11,11
35170,115,102,13,13
35171,93,88,5,5
35172,48,65,-17,17
35173,64,74,-10,10
35174,168,167,1,1
35175,95,85,10,10
35176,125,118,7,7
35177,128,132,-4,4
35178,137,114,23,23
35179,62,64,-2,2
35180,76,75,1,1
35181,66,71,-5,5
35182,50,64,-14,14
35183,98,94,4,4
35184,101,104,-3,3
35185,77,82,-5,5
35186,97,99,-2,2
35187,116,107,9,9
35188,118,106,12,12
35189,157,152,5,5
35190,48,63,-15,15
35191,86,92,-6,6
35192,79,96,-17,17
35193,93,87,6,6
35194,58,68,-10,10
35195,65,72,-7,7
35196,203,181,22,22
35197,59,66,-7,7
35198,103,97,6,6
35199,35,49,-14,14
35200,95,100,-5,5
35201,89,93,-4,4
35202,122,109,13,13
35203,97,94,3,3
35204,84,84,0,0
35205,146,123,23,23
35206,129,114,15,15
35207,76,85,-9,9
35208,79,80,-1,1
35209,92,93,-1,1
35210,82,77,5,5
35211,111,100,11,11
35212,88,84,4,4
35213,155,145,10,10
35214,75,74,1,1
35215,109,102,7,7
35216,64,67,-3,3
35217,76,76,0,0
35218,114,115,-1,1
35219,84,82,2,2
35220,90,87,3,3
35221,49,60,-11,11
35222,103,103,0,0
35223,140,132,8,8
35224,64,71,-7,7
35225,171,167,4,4
35226,89,88,1,1
35227,57,70,-13,13
35228,99,79,20,20
35229,62,73,-11,11
35230,191,170,21,21
35231,108,98,10,10
35232,116,108,8,8
35233,157,140,17,17
35234,98,110,-12,12
35235,167,167,0,0
35236,89,83,6,6
35237,65,75,-10,10
35238,103,102,1,1
35239,107,102,5,5
35240,66,68,-2,2
35241,137,126,11,11
35242,68,71,-3,3
35243,64,65,-1,1
35244,137,126,11,11
35245,101,98,3,3
35246,120,110,10,10
35247,99,103,-4,4
35248,58,69,-11,11
35249,93,97,-4,4
35250,48,73,-25,25
35251,96,115,-19,19
35252,68,74,-6,6
35253,95,98,-3,3
35254,117,104,13,13
35255,61,76,-15,15
35256,122,119,3,3
35257,77,87,-10,10
35258,69,78,-9,9
35259,105,98,7,7
35260,126,126,0,0
35261,67,66,1,1
35262,122,116,6,6
35263,96,92,4,4
35264,188,164,24,24
35265,72,67,5,5
35266,122,110,12,12
35267,53,68,-15,15
35268,49,66,-17,17
35269,131,114,17,17
35270,118,101,17,17
35271,68,68,0,0
35272,84,90,-6,6
35273,80,87,-7,7
35274,95,103,-8,8
35275,54,63,-9,9
35276,80,85,-5,5
35277,55,68,-13,13
35278,50,56,-6,6
35279,141,135,6,6
35280,118,108,10,10
35281,64,74,-10,10
35282,132,115,17,17
35283,81,81,0,0
35284,49,56,-7,7
35285,86,85,1,1
35286,107,102,5,5
35287,123,119,4,4
35288,109,97,12,12
35289,121,114,7,7
35290,89,94,-5,5
35291,57,68,-11,11
35292,123,113,10,10
35293,102,103,-1,1
35294,143,125,18,18
35295,57,65,-8,8
35296,84,81,3,3
35297,73,73,0,0
35298,124,119,5,5
35299,86,81,5,5
35300,128,120,8,8
35301,146,128,18,18
35302,92,85,7,7
35303,68,80,-12,12
35304,88,89,-1,1
35305,147,143,4,4
35306,134,132,2,2
35307,91,95,-4,4
35308,137,127,10,10
35309,130,128,2,2
35310,103,97,6,6
35311,78,91,-13,13
35312,85,81,4,4
35313,57,63,-6,6
35314,159,141,18,18
35315,80,87,-7,7
35316,113,120,-7,7
35317,152,133,19,19
35318,163,145,18,18
35319,137,117,20,20
35320,116,112,4,4
35321,144,135,9,9
35322,61,72,-11,11
35323,158,148,10,10
35324,120,144,-24,24
35325,64,73,-9,9
35326,106,99,7,7
35327,60,70,-10,10
35328,87,93,-6,6
35329,72,72,0,0
35330,92,93,-1,1
35331,164,148,16,16
35332,121,124,-3,3
35333,63,70,-7,7
35334,108,107,1,1
35335,70,72,-2,2
35336,66,76,-10,10
35337,81,127,-46,46
35338,84,85,-1,1
35339,69,76,-7,7
35340,161,158,3,3
35341,73,75,-2,2
35342,62,67,-5,5
35343,66,73,-7,7
35344,80,86,-6,6
35345,110,121,-11,11
35346,145,128,17,17
35347,32,63,-31,31
35348,62,72,-10,10
35349,191,180,11,11
35350,84,85,-1,1
35351,96,93,3,3
35352,87,80,7,7
35353,54,67,-13,13
35354,85,86,-1,1
35355,118,105,13,13
35356,52,57,-5,5
35357,102,87,15,15
35358,66,75,-9,9
35359,151,150,1,1
35360,129,135,-6,6
35361,61,62,-1,1
35362,102,108,-6,6
35363,88,94,-6,6
35364,61,75,-14,14
35365,77,84,-7,7
35366,79,82,-3,3
35367,110,100,10,10
35368,96,90,6,6
35369,74,73,1,1
35370,120,115,5,5
35371,134,125,9,9
35372,66,70,-4,4
35373,61,66,-5,5
35374,130,117,13,13
35375,60,71,-11,11
35376,66,73,-7,7
35377,115,109,6,6
35378,99,96,3,3
35379,55,62,-7,7
35380,104,95,9,9
35381,104,100,4,4
35382,97,100,-3,3
35383,48,59,-11,11
35384,51,63,-12,12
35385,51,55,-4,4
35386,80,84,-4,4
35387,57,63,-6,6
35388,77,65,12,12
35389,128,118,10,10
35390,141,140,1,1
35391,77,81,-4,4
35392,132,124,8,8
35393,110,106,4,4
35394,43,47,-4,4
35395,110,113,-3,3
35396,85,79,6,6
35397,92,97,-5,5
35398,49,59,-10,10
35399,69,73,-4,4
35400,64,72,-8,8
35401,82,80,2,2
35402,59,72,-13,13
35403,69,72,-3,3
35404,66,72,-6,6
35405,92,90,2,2
35406,101,89,12,12
35407,62,78,-16,16
35408,126,108,18,18
35409,119,119,0,0
35410,117,101,16,16
35411,162,148,14,14
35412,100,97,3,3
35413,107,110,-3,3
35414,49,65,-16,16
35415,75,81,-6,6
35416,85,84,1,1
35417,87,77,10,10
35418,58,61,-3,3
35419,86,105,-19,19
35420,54,64,-10,10
35421,149,143,6,6
35422,99,95,4,4
35423,118,115,3,3
35424,88,90,-2,2
35425,128,140,-12,12
35426,121,117,4,4
35427,62,70,-8,8
35428,32,44,-12,12
35429,152,135,17,17
35430,58,66,-8,8
35431,77,86,-9,9
35432,127,110,17,17
35433,109,101,8,8
35434,116,112,4,4
35435,83,86,-3,3
35436,70,84,-14,14
35437,101,91,10,10
35438,70,73,-3,3
35439,117,105,12,12
35440,93,97,-4,4
35441,72,82,-10,10
35442,131,130,1,1
35443,64,74,-10,10
35444,160,149,11,11
35445,86,80,6,6
35446,84,88,-4,4
35447,56,64,-8,8
35448,94,87,7,7
35449,149,133,16,16
35450,128,115,13,13
35451,97,105,-8,8
35452,178,163,15,15
35453,102,98,4,4
35454,53,63,-10,10
35455,124,110,14,14
35456,79,85,-6,6
35457,136,141,-5,5
35458,71,84,-13,13
35459,54,60,-6,6
35460,97,90,7,7
35461,72,79,-7,7
35462,169,144,25,25
35463,80,79,1,1
35464,53,68,-15,15
35465,64,66,-2,2
35466,52,62,-10,10
35467,38,58,-20,20
35468,78,80,-2,2
35469,160,79,81,81
35470,113,104,9,9
35471,90,97,-7,7
35472,63,68,-5,5
35473,79,87,-8,8
35474,56,66,-10,10
35475,241,234,7,7
35476,68,76,-8,8
35477,145,144,1,1
35478,69,72,-3,3
35479,107,101,6,6
35480,79,84,-5,5
35481,123,123,0,0
35482,97,89,8,8
35483,77,77,0,0
35484,66,132,-66,66
35485,83,84,-1,1
35486,82,86,-4,4
35487,78,82,-4,4
35488,89,85,4,4
35489,76,72,4,4
35490,61,69,-8,8
35491,116,107,9,9
35492,128,132,-4,4
35493,130,127,3,3
35494,46,58,-12,12
35495,105,99,6,6
35496,150,124,26,26
35497,156,153,3,3
35498,69,73,-4,4
35499,89,85,4,4
35500,77,75,2,2
35501,123,120,3,3
35502,97,92,5,5
35503,87,82,5,5
35504,80,83,-3,3
35505,79,83,-4,4
35506,58,72,-14,14
35507,53,60,-7,7
35508,105,108,-3,3
35509,74,84,-10,10
35510,101,102,-1,1
35511,56,63,-7,7
35512,115,107,8,8
35513,141,145,-4,4
35514,116,107,9,9
35515,47,55,-8,8
35516,43,53,-10,10
35517,80,87,-7,7
35518,91,98,-7,7
35519,75,87,-12,12
35520,114,103,11,11
35521,79,83,-4,4
35522,106,98,8,8
35523,69,67,2,2
35524,87,79,8,8
35525,118,122,-4,4
35526,84,86,-2,2
35527,90,95,-5,5
35528,97,89,8,8
35529,57,63,-6,6
35530,132,125,7,7
35531,90,105,-15,15
35532,108,107,1,1
35533,132,116,16,16
35534,76,84,-8,8
35535,38,47,-9,9
35536,52,62,-10,10
35537,68,70,-2,2
35538,141,137,4,4
35539,90,91,-1,1
35540,72,73,-1,1
35541,74,75,-1,1
35542,89,87,2,2
35543,72,74,-2,2
35544,78,67,11,11
35545,67,71,-4,4
35546,94,89,5,5
35547,65,70,-5,5
35548,75,77,-2,2
35549,76,85,-9,9
35550,78,75,3,3
35551,70,81,-11,11
35552,124,110,14,14
35553,123,116,7,7
35554,185,168,17,17
35555,126,105,21,21
35556,104,101,3,3
35557,79,80,-1,1
35558,74,66,8,8
35559,82,83,-1,1
35560,47,60,-13,13
35561,40,53,-13,13
35562,102,100,2,2
35563,68,79,-11,11
35564,95,98,-3,3
35565,111,102,9,9
35566,74,79,-5,5
35567,63,74,-11,11
35568,118,113,5,5
35569,181,158,23,23
35570,63,72,-9,9
35571,73,75,-2,2
35572,76,83,-7,7
35573,80,83,-3,3
35574,99,98,1,1
35575,83,91,-8,8
35576,48,58,-10,10
35577,140,122,18,18
35578,101,105,-4,4
35579,76,88,-12,12
35580,84,98,-14,14
35581,95,87,8,8
35582,60,66,-6,6
35583,78,79,-1,1
35584,125,119,6,6
35585,90,94,-4,4
35586,99,97,2,2
35587,58,61,-3,3
35588,128,124,4,4
35589,67,72,-5,5
35590,96,108,-12,12
35591,96,91,5,5
35592,141,132,9,9
35593,77,85,-8,8
35594,114,101,13,13
35595,86,84,2,2
35596,175,160,15,15
35597,129,121,8,8
35598,50,63,-13,13
35599,70,70,0,0
35600,224,195,29,29
35601,146,137,9,9
35602,81,78,3,3
35603,97,90,7,7
35604,118,126,-8,8
35605,77,71,6,6
35606,73,75,-2,2
35607,85,85,0,0
35608,102,98,4,4
35609,130,123,7,7
35610,133,129,4,4
35611,129,121,8,8
35612,80,82,-2,2
35613,93,96,-3,3
35614,91,86,5,5
35615,41,96,-55,55
35616,82,88,-6,6
35617,67,70,-3,3
35618,85,85,0,0
35619,75,83,-8,8
35620,118,118,0,0
35621,118,98,20,20
35622,79,81,-2,2
35623,63,68,-5,5
35624,170,165,5,5
35625,73,80,-7,7
35626,114,89,25,25
35627,154,155,-1,1
35628,54,73,-19,19
35629,115,106,9,9
35630,49,119,-70,70
35631,99,99,0,0
35632,80,79,1,1
35633,152,146,6,6
35634,71,74,-3,3
35635,118,142,-24,24
35636,106,97,9,9
35637,106,110,-4,4
35638,173,152,21,21
35639,89,95,-6,6
35640,65,70,-5,5
35641,93,91,2,2
35642,109,105,4,4
35643,126,126,0,0
35644,143,156,-13,13
35645,127,127,0,0
35646,114,105,9,9
35647,84,90,-6,6
35648,68,78,-10,10
35649,60,72,-12,12
35650,111,109,2,2
35651,127,132,-5,5
35652,83,80,3,3
35653,98,96,2,2
35654,83,76,7,7
35655,77,80,-3,3
35656,51,60,-9,9
35657,88,89,-1,1
35658,48,65,-17,17
35659,147,140,7,7
35660,66,82,-16,16
35661,100,94,6,6
35662,76,82,-6,6
35663,59,69,-10,10
35664,116,109,7,7
35665,61,70,-9,9
35666,155,138,17,17
35667,99,101,-2,2
35668,112,104,8,8
35669,70,64,6,6
35670,79,84,-5,5
35671,96,98,-2,2
35672,90,96,-6,6
35673,104,98,6,6
35674,99,95,4,4
35675,81,86,-5,5
35676,134,144,-10,10
35677,126,125,1,1
35678,160,111,49,49
35679,75,80,-5,5
35680,104,105,-1,1
35681,150,130,20,20
35682,120,115,5,5
35683,90,90,0,0
35684,120,106,14,14
35685,142,132,10,10
35686,75,76,-1,1
35687,102,102,0,0
35688,162,146,16,16
35689,74,76,-2,2
35690,75,77,-2,2
35691,99,100,-1,1
35692,130,125,5,5
35693,53,60,-7,7
35694,127,128,-1,1
35695,103,90,13,13
35696,94,87,7,7
35697,76,90,-14,14
35698,83,86,-3,3
35699,195,171,24,24
35700,58,75,-17,17
35701,51,70,-19,19
35702,153,141,12,12
35703,190,174,16,16
35704,87,86,1,1
35705,96,96,0,0
35706,100,90,10,10
35707,74,76,-2,2
35708,67,72,-5,5
35709,124,120,4,4
35710,74,74,0,0
35711,111,98,13,13
35712,93,111,-18,18
35713,107,97,10,10
35714,70,66,4,4
35715,154,143,11,11
35716,125,108,17,17
35717,107,98,9,9
35718,69,87,-18,18
35719,101,100,1,1
35720,95,86,9,9
35721,96,89,7,7
35722,85,84,1,1
35723,70,96,-26,26
35724,68,72,-4,4
35725,61,69,-8,8
35726,155,151,4,4
35727,58,69,-11,11
35728,72,79,-7,7
35729,47,62,-15,15
35730,98,98,0,0
35731,145,129,16,16
35732,52,63,-11,11
35733,120,102,18,18
35734,78,79,-1,1
35735,56,68,-12,12
35736,89,95,-6,6
35737,82,86,-4,4
35738,104,104,0,0
35739,128,134,-6,6
35740,159,133,26,26
35741,79,86,-7,7
35742,109,105,4,4
35743,120,117,3,3
35744,79,94,-15,15
35745,73,68,5,5
35746,64,64,0,0
35747,97,90,7,7
35748,135,109,26,26
35749,81,89,-8,8
35750,91,87,4,4
35751,58,61,-3,3
35752,78,78,0,0
35753,77,77,0,0
35754,47,55,-8,8
35755,167,151,16,16
35756,65,87,-22,22
35757,152,144,8,8
35758,159,150,9,9
35759,89,104,-15,15
35760,205,194,11,11
35761,108,99,9,9
35762,101,95,6,6
35763,129,125,4,4
35764,123,116,7,7
35765,90,86,4,4
35766,138,127,11,11
35767,105,95,10,10
35768,93,86,7,7
35769,129,114,15,15
35770,110,98,12,12
35771,86,101,-15,15
35772,72,80,-8,8
35773,122,114,8,8
35774,37,53,-16,16
35775,173,167,6,6
35776,97,87,10,10
35777,45,55,-10,10
35778,97,85,12,12
35779,85,92,-7,7
35780,83,86,-3,3
35781,105,96,9,9
35782,138,130,8,8
35783,98,92,6,6
35784,128,116,12,12
35785,94,86,8,8
35786,131,109,22,22
35787,67,72,-5,5
35788,176,167,9,9
35789,116,110,6,6
35790,116,119,-3,3
35791,80,60,20,20
35792,84,84,0,0
35793,69,78,-9,9
35794,165,158,7,7
35795,55,70,-15,15
35796,123,121,2,2
35797,117,118,-1,1
35798,81,75,6,6
35799,86,85,1,1
35800,185,175,10,10
35801,104,102,2,2
35802,89,90,-1,1
35803,85,83,2,2
35804,156,140,16,16
35805,72,73,-1,1
35806,95,80,15,15
35807,86,82,4,4
35808,72,74,-2,2
35809,168,145,23,23
35810,42,55,-13,13
35811,93,95,-2,2
35812,103,93,10,10
35813,83,85,-2,2
35814,137,127,10,10
35815,117,123,-6,6
35816,77,85,-8,8
35817,79,89,-10,10
35818,121,115,6,6
35819,110,116,-6,6
35820,101,96,5,5
35821,88,96,-8,8
35822,91,87,4,4
35823,166,147,19,19
35824,63,66,-3,3
35825,92,94,-2,2
35826,138,122,16,16
35827,110,110,0,0
35828,151,146,5,5
35829,121,126,-5,5
35830,73,75,-2,2
35831,77,74,3,3
35832,197,188,9,9
35833,94,81,13,13
35834,67,76,-9,9
35835,147,122,25,25
35836,92,111,-19,19
35837,138,133,5,5
35838,71,84,-13,13
35839,93,87,6,6
35840,115,106,9,9
35841,90,85,5,5
35842,137,128,9,9
35843,136,138,-2,2
35844,63,70,-7,7
35845,68,77,-9,9
35846,105,104,1,1
35847,61,66,-5,5
35848,75,79,-4,4
35849,120,119,1,1
35850,145,142,3,3
35851,106,99,7,7
35852,171,153,18,18
35853,87,89,-2,2
35854,112,100,12,12
35855,75,80,-5,5
35856,84,90,-6,6
35857,55,63,-8,8
35858,57,68,-11,11
35859,71,73,-2,2
35860,150,136,14,14
35861,42,55,-13,13
35862,95,93,2,2
35863,100,100,0,0
35864,77,74,3,3
35865,134,138,-4,4
35866,100,87,13,13
35867,117,119,-2,2
35868,74,104,-30,30
35869,106,97,9,9
35870,121,113,8,8
35871,115,106,9,9
35872,137,127,10,10
35873,80,83,-3,3
35874,81,87,-6,6
35875,50,63,-13,13
35876,60,73,-13,13
35877,143,121,22,22
35878,80,91,-11,11
35879,72,76,-4,4
35880,74,75,-1,1
35881,125,120,5,5
35882,111,98,13,13
35883,99,98,1,1
35884,72,76,-4,4
35885,84,80,4,4
35886,52,58,-6,6
35887,54,62,-8,8
35888,63,70,-7,7
35889,101,97,4,4
35890,65,62,3,3
35891,74,83,-9,9
35892,141,138,3,3
35893,84,84,0,0
35894,156,135,21,21
35895,105,96,9,9
35896,130,117,13,13
35897,74,78,-4,4
35898,97,105,-8,8
35899,111,108,3,3
35900,65,72,-7,7
35901,124,115,9,9
35902,80,82,-2,2
35903,93,89,4,4
35904,122,113,9,9
35905,84,93,-9,9
35906,92,95,-3,3
35907,52,77,-25,25
35908,86,91,-5,5
35909,69,80,-11,11
35910,114,108,6,6
35911,68,70,-2,2
35912,123,123,0,0
35913,104,119,-15,15
35914,119,107,12,12
35915,123,103,20,20
35916,99,94,5,5
35917,117,125,-8,8
35918,94,99,-5,5
35919,126,122,4,4
35920,148,134,14,14
35921,112,100,12,12
35922,168,168,0,0
35923,81,81,0,0
35924,100,98,2,2
35925,78,84,-6,6
35926,109,103,6,6
35927,120,111,9,9
35928,119,121,-2,2
35929,83,105,-22,22
35930,138,129,9,9
35931,63,73,-10,10
35932,63,64,-1,1
35933,88,84,4,4
35934,50,59,-9,9
35935,171,160,11,11
35936,111,97,14,14
35937,154,152,2,2
35938,131,114,17,17
35939,110,100,10,10
35940,74,77,-3,3
35941,116,119,-3,3
35942,112,107,5,5
35943,89,91,-2,2
35944,109,108,1,1
35945,68,74,-6,6
35946,77,80,-3,3
35947,69,73,-4,4
35948,54,70,-16,16
35949,74,77,-3,3
35950,140,133,7,7
35951,92,82,10,10
35952,47,63,-16,16
35953,49,66,-17,17
35954,72,78,-6,6
35955,79,84,-5,5
35956,45,62,-17,17
35957,53,65,-12,12
35958,114,115,-1,1
35959,64,72,-8,8
35960,63,65,-2,2
35961,113,99,14,14
35962,103,96,7,7
35963,109,101,8,8
35964,94,92,2,2
35965,65,70,-5,5
35966,94,89,5,5
35967,142,141,1,1
35968,38,52,-14,14
35969,91,98,-7,7
35970,86,84,2,2
35971,150,139,11,11
35972,66,73,-7,7
35973,68,72,-4,4
35974,62,65,-3,3
35975,53,60,-7,7
35976,53,61,-8,8
35977,117,111,6,6
35978,89,90,-1,1
35979,96,85,11,11
35980,109,107,2,2
35981,100,100,0,0
35982,132,119,13,13
35983,125,122,3,3
35984,47,56,-9,9
35985,76,92,-16,16
35986,80,84,-4,4
35987,108,125,-17,17
35988,72,79,-7,7
35989,79,81,-2,2
35990,103,98,5,5
35991,93,92,1,1
35992,90,81,9,9
35993,76,79,-3,3
35994,88,85,3,3
35995,70,77,-7,7
35996,162,137,25,25
35997,86,81,5,5
35998,62,68,-6,6
35999,78,78,0,0
36000,51,58,-7,7
36001,131,110,21,21
36002,81,82,-1,1
36003,100,100,0,0
36004,107,104,3,3
36005,71,78,-7,7
36006,99,96,3,3
36007,128,114,14,14
36008,102,103,-1,1
36009,111,118,-7,7
36010,114,111,3,3
36011,145,136,9,9
36012,123,107,16,16
36013,64,69,-5,5
36014,138,132,6,6
36015,120,121,-1,1
36016,96,96,0,0
36017,143,137,6,6
36018,79,80,-1,1
36019,139,140,-1,1
36020,124,115,9,9
36021,76,84,-8,8
36022,67,74,-7,7
36023,65,80,-15,15
36024,62,69,-7,7
36025,184,175,9,9
36026,102,99,3,3
36027,60,71,-11,11
36028,79,86,-7,7
36029,63,70,-7,7
36030,70,65,5,5
36031,91,97,-6,6
36032,68,77,-9,9
36033,86,92,-6,6
36034,97,105,-8,8
36035,78,87,-9,9
36036,110,91,19,19
36037,94,86,8,8
36038,68,83,-15,15
36039,150,137,13,13
36040,81,80,1,1
36041,58,66,-8,8
36042,48,59,-11,11
36043,76,80,-4,4
36044,102,94,8,8
36045,74,80,-6,6
36046,60,70,-10,10
36047,75,85,-10,10
36048,92,89,3,3
36049,62,71,-9,9
36050,91,95,-4,4
36051,93,90,3,3
36052,146,143,3,3
36053,94,89,5,5
36054,88,88,0,0
36055,124,120,4,4
36056,92,95,-3,3
36057,87,109,-22,22
36058,113,120,-7,7
36059,99,95,4,4
36060,90,88,2,2
36061,95,87,8,8
36062,61,70,-9,9
36063,139,127,12,12
36064,106,114,-8,8
36065,42,57,-15,15
36066,95,99,-4,4
36067,121,124,-3,3
36068,130,135,-5,5
36069,121,125,-4,4
36070,74,77,-3,3
36071,84,84,0,0
36072,70,73,-3,3
36073,73,80,-7,7
36074,116,104,12,12
36075,120,110,10,10
36076,151,141,10,10
36077,80,84,-4,4
36078,90,96,-6,6
36079,68,76,-8,8
36080,102,97,5,5
36081,180,170,10,10
36082,44,80,-36,36
36083,170,159,11,11
36084,99,87,12,12
36085,130,120,10,10
36086,78,102,-24,24
36087,107,99,8,8
36088,93,100,-7,7
36089,146,139,7,7
36090,97,89,8,8
36091,107,97,10,10
36092,116,106,10,10
36093,81,91,-10,10
36094,84,81,3,3
36095,88,96,-8,8
36096,77,71,6,6
36097,65,72,-7,7
36098,158,143,15,15
36099,76,82,-6,6
36100,56,64,-8,8
36101,119,119,0,0
36102,82,82,0,0
36103,52,67,-15,15
36104,44,62,-18,18
36105,122,106,16,16
36106,92,94,-2,2
36107,87,86,1,1
36108,152,150,2,2
36109,97,97,0,0
36110,127,115,12,12
36111,61,69,-8,8
36112,58,69,-11,11
36113,94,96,-2,2
36114,123,117,6,6
36115,141,120,21,21
36116,61,74,-13,13
36117,151,167,-16,16
36118,117,113,4,4
36119,88,88,0,0
36120,71,71,0,0
36121,131,130,1,1
36122,98,92,6,6
36123,54,63,-9,9
36124,133,120,13,13
36125,68,67,1,1
36126,49,65,-16,16
36127,106,99,7,7
36128,144,135,9,9
36129,105,103,2,2
36130,59,61,-2,2
36131,65,74,-9,9
36132,136,123,13,13
36133,58,62,-4,4
36134,49,56,-7,7
36135,47,59,-12,12
36136,87,87,0,0
36137,81,89,-8,8
36138,110,98,12,12
36139,119,112,7,7
36140,114,108,6,6
36141,77,77,0,0
36142,114,109,5,5
36143,112,110,2,2
36144,86,107,-21,21
36145,91,95,-4,4
36146,136,122,14,14
36147,52,58,-6,6
36148,85,87,-2,2
36149,97,94,3,3
36150,151,140,11,11
36151,118,107,11,11
36152,156,134,22,22
36153,61,62,-1,1
36154,107,101,6,6
36155,173,167,6,6
36156,86,89,-3,3
36157,74,82,-8,8
36158,90,85,5,5
36159,61,72,-11,11
36160,112,112,0,0
36161,114,103,11,11
36162,86,89,-3,3
36163,115,115,0,0
36164,128,125,3,3
36165,62,70,-8,8
36166,81,86,-5,5
36167,102,100,2,2
36168,104,102,2,2
36169,70,81,-11,11
36170,85,83,2,2
36171,59,70,-11,11
36172,112,99,13,13
36173,141,145,-4,4
36174,103,117,-14,14
36175,89,90,-1,1
36176,83,82,1,1
36177,54,60,-6,6
36178,70,80,-10,10
36179,75,82,-7,7
36180,124,116,8,8
36181,64,68,-4,4
36182,137,124,13,13
36183,112,121,-9,9
36184,60,75,-15,15
36185,103,105,-2,2
36186,76,76,0,0
36187,100,89,11,11
36188,68,76,-8,8
36189,72,85,-13,13
36190,52,64,-12,12
36191,91,94,-3,3
36192,57,63,-6,6
36193,71,65,6,6
36194,99,100,-1,1
36195,117,127,-10,10
36196,179,164,15,15
36197,109,104,5,5
36198,33,45,-12,12
36199,101,98,3,3
36200,105,98,7,7
36201,88,86,2,2
36202,152,153,-1,1
36203,88,82,6,6
36204,140,126,14,14
36205,123,104,19,19
36206,129,122,7,7
36207,57,65,-8,8
36208,53,62,-9,9
36209,65,73,-8,8
36210,72,74,-2,2
36211,127,136,-9,9
36212,62,76,-14,14
36213,47,61,-14,14
36214,101,109,-8,8
36215,58,59,-1,1
36216,90,95,-5,5
36217,71,73,-2,2
36218,148,133,15,15
36219,131,118,13,13
36220,173,169,4,4
36221,140,123,17,17
36222,88,88,0,0
36223,105,107,-2,2
36224,129,117,12,12
36225,105,98,7,7
36226,113,121,-8,8
36227,83,90,-7,7
36228,58,65,-7,7
36229,59,68,-9,9
36230,110,90,20,20
36231,106,104,2,2
36232,95,94,1,1
36233,101,89,12,12
36234,56,69,-13,13
36235,134,131,3,3
36236,118,112,6,6
36237,114,101,13,13
36238,70,74,-4,4
36239,68,76,-8,8
36240,66,75,-9,9
36241,92,87,5,5
36242,113,112,1,1
36243,108,101,7,7
36244,91,100,-9,9
36245,146,141,5,5
36246,114,106,8,8
36247,103,102,1,1
36248,108,128,-20,20
36249,60,67,-7,7
36250,62,71,-9,9
36251,102,99,3,3
36252,110,111,-1,1
36253,194,165,29,29
36254,53,66,-13,13
36255,102,100,2,2
36256,175,155,20,20
36257,66,67,-1,1
36258,108,103,5,5
36259,112,103,9,9
36260,154,139,15,15
36261,121,121,0,0
36262,66,69,-3,3
36263,84,84,0,0
36264,72,78,-6,6
36265,97,90,7,7
36266,125,116,9,9
36267,53,61,-8,8
36268,56,64,-8,8
36269,139,140,-1,1
36270,76,83,-7,7
36271,98,94,4,4
36272,64,70,-6,6
36273,102,98,4,4
36274,63,71,-8,8
36275,125,121,4,4
36276,133,110,23,23
36277,61,68,-7,7
36278,57,66,-9,9
36279,87,84,3,3
36280,65,76,-11,11
36281,45,59,-14,14
36282,105,108,-3,3
36283,123,121,2,2
36284,96,88,8,8
36285,146,140,6,6
36286,65,74,-9,9
36287,93,88,5,5
36288,67,74,-7,7
36289,112,92,20,20
36290,128,116,12,12
36291,78,81,-3,3
36292,73,74,-1,1
36293,89,85,4,4
36294,62,69,-7,7
36295,127,128,-1,1
36296,126,112,14,14
36297,80,79,1,1
36298,84,89,-5,5
36299,85,102,-17,17
36300,65,73,-8,8
36301,63,68,-5,5
36302,42,59,-17,17
36303,84,83,1,1
36304,73,76,-3,3
36305,50,55,-5,5
36306,107,124,-17,17
36307,108,100,8,8
36308,65,73,-8,8
36309,150,122,28,28
36310,101,98,3,3
36311,51,55,-4,4
36312,74,81,-7,7
36313,79,80,-1,1
36314,117,101,16,16
36315,71,83,-12,12
36316,70,79,-9,9
36317,75,78,-3,3
36318,38,60,-22,22
36319,104,105,-1,1
36320,97,95,2,2
36321,117,106,11,11
36322,78,76,2,2
36323,58,77,-19,19
36324,133,127,6,6
36325,51,60,-9,9
36326,117,114,3,3
36327,82,78,4,4
36328,155,146,9,9
36329,102,107,-5,5
36330,137,130,7,7
36331,85,83,2,2
36332,132,128,4,4
36333,35,49,-14,14
36334,72,82,-10,10
36335,119,120,-1,1
36336,90,88,2,2
36337,69,76,-7,7
36338,76,82,-6,6
36339,85,87,-2,2
36340,114,102,12,12
36341,84,105,-21,21
36342,78,82,-4,4
36343,55,69,-14,14
36344,102,102,0,0
36345,163,139,24,24
36346,69,74,-5,5
36347,126,122,4,4
36348,43,49,-6,6
36349,61,64,-3,3
36350,54,64,-10,10
36351,109,103,6,6
36352,102,114,-12,12
36353,80,85,-5,5
36354,206,180,26,26
36355,51,59,-8,8
36356,89,78,11,11
36357,72,81,-9,9
36358,127,124,3,3
36359,76,82,-6,6
36360,107,100,7,7
36361,71,73,-2,2
36362,66,69,-3,3
36363,76,77,-1,1
36364,184,166,18,18
36365,129,126,3,3
36366,55,64,-9,9
36367,110,108,2,2
36368,75,82,-7,7
36369,61,69,-8,8
36370,136,125,11,11
36371,103,92,11,11
36372,115,119,-4,4
36373,55,64,-9,9
36374,113,104,9,9
36375,89,83,6,6
36376,121,105,16,16
36377,80,95,-15,15
36378,141,129,12,12
36379,150,161,-11,11
36380,90,87,3,3
36381,73,78,-5,5
36382,137,153,-16,16
36383,107,94,13,13
36384,86,86,0,0
36385,112,112,0,0
36386,46,63,-17,17
36387,72,77,-5,5
36388,99,98,1,1
36389,63,72,-9,9
36390,126,102,24,24
36391,64,65,-1,1
36392,90,101,-11,11
36393,59,69,-10,10
36394,66,65,1,1
36395,114,97,17,17
36396,102,96,6,6
36397,77,79,-2,2
36398,90,79,11,11
36399,68,75,-7,7
36400,78,73,5,5
36401,71,75,-4,4
36402,49,60,-11,11
36403,83,81,2,2
36404,112,119,-7,7
36405,102,106,-4,4
36406,134,108,26,26
36407,57,65,-8,8
36408,71,76,-5,5
36409,163,159,4,4
36410,130,118,12,12
36411,123,128,-5,5
36412,117,113,4,4
36413,78,80,-2,2
36414,39,56,-17,17
36415,49,61,-12,12
36416,57,63,-6,6
36417,51,65,-14,14
36418,123,110,13,13
36419,92,94,-2,2
36420,93,98,-5,5
36421,77,80,-3,3
36422,197,153,44,44
36423,112,113,-1,1
36424,63,76,-13,13
36425,83,88,-5,5
36426,68,86,-18,18
36427,105,100,5,5
36428,62,75,-13,13
36429,71,73,-2,2
36430,91,87,4,4
36431,85,82,3,3
36432,197,193,4,4
36433,124,109,15,15
36434,119,113,6,6
36435,130,135,-5,5
36436,81,81,0,0
36437,92,93,-1,1
36438,71,75,-4,4
36439,67,70,-3,3
36440,99,92,7,7
36441,94,97,-3,3
36442,114,116,-2,2
36443,167,152,15,15
36444,120,106,14,14
36445,125,105,20,20
36446,70,69,1,1
36447,114,106,8,8
36448,95,96,-1,1
36449,46,63,-17,17
36450,101,103,-2,2
36451,61,65,-4,4
36452,90,97,-7,7
36453,67,130,-63,63
36454,157,139,18,18
36455,79,77,2,2
36456,105,102,3,3
36457,112,97,15,15
36458,89,94,-5,5
36459,105,102,3,3
36460,124,109,15,15
36461,65,68,-3,3
36462,73,76,-3,3
36463,66,75,-9,9
36464,61,72,-11,11
36465,125,134,-9,9
36466,122,126,-4,4
36467,76,77,-1,1
36468,90,96,-6,6
36469,176,149,27,27
36470,62,73,-11,11
36471,139,133,6,6
36472,43,51,-8,8
36473,67,77,-10,10
36474,50,61,-11,11
36475,66,73,-7,7
36476,59,71,-12,12
36477,81,78,3,3
36478,83,78,5,5
36479,92,88,4,4
36480,76,85,-9,9
36481,62,65,-3,3
36482,64,82,-18,18
36483,92,99,-7,7
36484,123,117,6,6
36485,84,76,8,8
36486,88,93,-5,5
36487,58,68,-10,10
36488,87,87,0,0
36489,73,77,-4,4
36490,44,65,-21,21
36491,123,116,7,7
36492,76,74,2,2
36493,82,88,-6,6
36494,84,84,0,0
36495,69,72,-3,3
36496,80,86,-6,6
36497,104,102,2,2
36498,81,83,-2,2
36499,79,86,-7,7
36500,90,102,-12,12
36501,105,103,2,2
36502,140,134,6,6
36503,85,86,-1,1
36504,96,92,4,4
36505,102,98,4,4
36506,81,79,2,2
36507,117,108,9,9
36508,68,70,-2,2
36509,79,81,-2,2
36510,143,129,14,14
36511,66,64,2,2
36512,52,63,-11,11
36513,109,97,12,12
36514,40,61,-21,21
36515,140,125,15,15
36516,115,107,8,8
36517,74,86,-12,12
36518,61,73,-12,12
36519,66,75,-9,9
36520,92,81,11,11
36521,48,78,-30,30
36522,116,110,6,6
36523,141,128,13,13
36524,113,104,9,9
36525,89,84,5,5
36526,139,123,16,16
36527,134,129,5,5
36528,152,143,9,9
36529,88,87,1,1
36530,93,94,-1,1
36531,161,149,12,12
36532,90,93,-3,3
36533,68,70,-2,2
36534,148,133,15,15
36535,82,82,0,0
36536,96,92,4,4
36537,171,168,3,3
36538,96,103,-7,7
36539,66,72,-6,6
36540,113,104,9,9
36541,78,81,-3,3
36542,82,82,0,0
36543,61,67,-6,6
36544,82,80,2,2
36545,99,104,-5,5
36546,225,182,43,43
36547,81,80,1,1
36548,62,64,-2,2
36549,66,73,-7,7
36550,44,67,-23,23
36551,74,86,-12,12
36552,83,83,0,0
36553,109,104,5,5
36554,51,64,-13,13
36555,121,109,12,12
36556,83,76,7,7
36557,81,92,-11,11
36558,53,66,-13,13
36559,73,84,-11,11
36560,109,99,10,10
36561,151,146,5,5
36562,115,110,5,5
36563,122,110,12,12
36564,116,114,2,2
36565,107,99,8,8
36566,109,100,9,9
36567,72,74,-2,2
36568,43,52,-9,9
36569,78,78,0,0
36570,127,113,14,14
36571,50,62,-12,12
36572,96,96,0,0
36573,53,66,-13,13
36574,37,51,-14,14
36575,94,85,9,9
36576,56,70,-14,14
36577,27,49,-22,22
36578,38,53,-15,15
36579,109,109,0,0
36580,109,105,4,4
36581,70,79,-9,9
36582,60,72,-12,12
36583,82,91,-9,9
36584,67,71,-4,4
36585,67,75,-8,8
36586,78,78,0,0
36587,62,78,-16,16
36588,49,63,-14,14
36589,109,98,11,11
36590,88,93,-5,5
36591,81,95,-14,14
36592,82,87,-5,5
36593,90,86,4,4
36594,79,81,-2,2
36595,97,90,7,7
36596,75,82,-7,7
36597,104,96,8,8
36598,84,90,-6,6
36599,146,136,10,10
36600,62,69,-7,7
36601,104,108,-4,4
36602,106,104,2,2
36603,92,95,-3,3
36604,92,90,2,2
36605,92,96,-4,4
36606,71,74,-3,3
36607,91,94,-3,3
36608,87,85,2,2
36609,79,95,-16,16
36610,86,99,-13,13
36611,128,111,17,17
36612,186,177,9,9
36613,138,123,15,15
36614,89,83,6,6
36615,168,153,15,15
36616,46,58,-12,12
36617,93,90,3,3
36618,72,81,-9,9
36619,110,99,11,11
36620,99,88,11,11
36621,51,58,-7,7
36622,93,96,-3,3
36623,99,97,2,2
36624,126,118,8,8
36625,64,71,-7,7
36626,209,189,20,20
36627,102,100,2,2
36628,98,100,-2,2
36629,79,75,4,4
36630,85,92,-7,7
36631,64,70,-6,6
36632,83,82,1,1
36633,121,99,22,22
36634,111,103,8,8
36635,72,77,-5,5
36636,97,93,4,4
36637,96,87,9,9
36638,64,71,-7,7
36639,128,116,12,12
36640,34,49,-15,15
36641,124,100,24,24
36642,84,80,4,4
36643,132,125,7,7
36644,55,65,-10,10
36645,118,111,7,7
36646,47,59,-12,12
36647,74,76,-2,2
36648,75,75,0,0
36649,93,91,2,2
36650,171,142,29,29
36651,81,85,-4,4
36652,62,71,-9,9
36653,81,79,2,2
36654,83,79,4,4
36655,65,71,-6,6
36656,61,69,-8,8
36657,83,88,-5,5
36658,102,98,4,4
36659,78,80,-2,2
36660,85,85,0,0
36661,122,113,9,9
36662,60,66,-6,6
36663,151,152,-1,1
36664,72,79,-7,7
36665,93,95,-2,2
36666,99,94,5,5
36667,95,100,-5,5
36668,105,99,6,6
36669,83,74,9,9
36670,128,128,0,0
36671,76,104,-28,28
36672,114,100,14,14
36673,125,125,0,0
36674,88,85,3,3
36675,117,118,-1,1
36676,54,62,-8,8
36677,102,99,3,3
36678,60,60,0,0
36679,47,70,-23,23
36680,76,76,0,0
36681,53,65,-12,12
36682,83,88,-5,5
36683,148,151,-3,3
36684,101,97,4,4
36685,126,117,9,9
36686,124,185,-61,61
36687,114,108,6,6
36688,74,82,-8,8
36689,83,94,-11,11
36690,109,97,12,12
36691,89,97,-8,8
36692,76,81,-5,5
36693,53,65,-12,12
36694,78,81,-3,3
36695,60,69,-9,9
36696,136,125,11,11
36697,42,64,-22,22
36698,126,115,11,11
36699,99,104,-5,5
36700,96,98,-2,2
36701,45,59,-14,14
36702,77,77,0,0
36703,167,144,23,23
36704,102,127,-25,25
36705,92,97,-5,5
36706,61,64,-3,3
36707,138,126,12,12
36708,117,123,-6,6
36709,127,115,12,12
36710,92,79,13,13
36711,83,86,-3,3
36712,69,74,-5,5
36713,189,168,21,21
36714,89,82,7,7
36715,154,144,10,10
36716,78,83,-5,5
36717,92,91,1,1
36718,151,152,-1,1
36719,138,141,-3,3
36720,73,76,-3,3
36721,152,146,6,6
36722,122,116,6,6
36723,71,71,0,0
36724,118,110,8,8
36725,93,83,10,10
36726,104,100,4,4
36727,85,81,4,4
36728,91,92,-1,1
36729,50,59,-9,9
36730,102,87,15,15
36731,120,114,6,6
36732,111,101,10,10
36733,71,80,-9,9
36734,57,62,-5,5
36735,161,114,47,47
36736,53,60,-7,7
36737,122,133,-11,11
36738,125,121,4,4
36739,83,84,-1,1
36740,74,83,-9,9
36741,78,81,-3,3
36742,51,61,-10,10
36743,167,138,29,29
36744,78,84,-6,6
36745,207,189,18,18
36746,120,115,5,5
36747,142,140,2,2
36748,71,83,-12,12
36749,144,120,24,24
36750,55,60,-5,5
36751,75,72,3,3
36752,113,118,-5,5
36753,100,107,-7,7
36754,56,68,-12,12
36755,137,118,19,19
36756,92,93,-1,1
36757,142,129,13,13
36758,114,109,5,5
36759,47,60,-13,13
36760,61,65,-4,4
36761,130,118,12,12
36762,68,75,-7,7
36763,72,86,-14,14
36764,39,51,-12,12
36765,116,117,-1,1
36766,135,121,14,14
36767,121,110,11,11
36768,126,117,9,9
36769,115,122,-7,7
36770,92,89,3,3
36771,137,119,18,18
36772,67,72,-5,5
36773,58,64,-6,6
36774,74,80,-6,6
36775,66,65,1,1
36776,70,68,2,2
36777,89,106,-17,17
36778,85,92,-7,7
36779,77,82,-5,5
36780,54,63,-9,9
36781,103,103,0,0
36782,45,63,-18,18
36783,35,55,-20,20
36784,84,109,-25,25
36785,61,77,-16,16
36786,114,104,10,10
36787,47,61,-14,14
36788,86,85,1,1
36789,92,103,-11,11
36790,61,62,-1,1
36791,96,95,1,1
36792,48,58,-10,10
36793,115,123,-8,8
36794,209,181,28,28
36795,89,89,0,0
36796,63,65,-2,2
36797,68,74,-6,6
36798,88,97,-9,9
36799,63,75,-12,12
36800,121,125,-4,4
36801,146,155,-9,9
36802,64,69,-5,5
36803,75,78,-3,3
36804,118,124,-6,6
36805,121,121,0,0
36806,87,84,3,3
36807,80,83,-3,3
36808,80,85,-5,5
36809,107,96,11,11
36810,137,128,9,9
36811,96,87,9,9
36812,74,72,2,2
36813,90,83,7,7
36814,70,70,0,0
36815,45,58,-13,13
36816,63,65,-2,2
36817,122,112,10,10
36818,80,76,4,4
36819,91,92,-1,1
36820,241,214,27,27
36821,49,62,-13,13
36822,115,122,-7,7
36823,136,103,33,33
36824,87,79,8,8
36825,90,101,-11,11
36826,86,85,1,1
36827,126,116,10,10
36828,63,81,-18,18
36829,68,70,-2,2
36830,83,78,5,5
36831,101,100,1,1
36832,82,108,-26,26
36833,105,107,-2,2
36834,141,140,1,1
36835,67,76,-9,9
36836,29,49,-20,20
36837,96,99,-3,3
36838,69,69,0,0
36839,62,71,-9,9
36840,68,78,-10,10
36841,96,85,11,11
36842,122,124,-2,2
36843,109,110,-1,1
36844,83,82,1,1
36845,127,116,11,11
36846,115,124,-9,9
36847,95,91,4,4
36848,64,67,-3,3
36849,80,85,-5,5
36850,285,269,16,16
36851,88,87,1,1
36852,154,119,35,35
36853,163,149,14,14
36854,68,109,-41,41
36855,72,80,-8,8
36856,184,175,9,9
36857,87,83,4,4
36858,58,68,-10,10
36859,110,114,-4,4
36860,62,74,-12,12
36861,53,57,-4,4
36862,158,158,0,0
36863,87,101,-14,14
36864,70,83,-13,13
36865,72,77,-5,5
36866,141,120,21,21
36867,94,88,6,6
36868,48,65,-17,17
36869,56,65,-9,9
36870,169,153,16,16
36871,81,102,-21,21
36872,71,73,-2,2
36873,97,86,11,11
36874,73,77,-4,4
36875,90,94,-4,4
36876,122,113,9,9
36877,68,69,-1,1
36878,128,115,13,13
36879,68,74,-6,6
36880,128,124,4,4
36881,80,83,-3,3
36882,76,72,4,4
36883,131,136,-5,5
36884,96,99,-3,3
36885,118,125,-7,7
36886,112,101,11,11
36887,174,161,13,13
36888,44,52,-8,8
36889,92,96,-4,4
36890,66,71,-5,5
36891,90,95,-5,5
36892,144,132,12,12
36893,110,99,11,11
36894,164,139,25,25
36895,85,84,1,1
36896,87,99,-12,12
36897,126,141,-15,15
36898,70,75,-5,5
36899,111,109,2,2
36900,56,63,-7,7
36901,50,60,-10,10
36902,93,96,-3,3
36903,66,74,-8,8
36904,77,79,-2,2
36905,59,67,-8,8
36906,95,99,-4,4
36907,79,78,1,1
36908,84,85,-1,1
36909,81,81,0,0
36910,118,101,17,17
36911,62,66,-4,4
36912,113,109,4,4
36913,89,80,9,9
36914,109,99,10,10
36915,157,144,13,13
36916,144,157,-13,13
36917,113,101,12,12
36918,136,118,18,18
36919,55,55,0,0
36920,100,124,-24,24
36921,127,111,16,16
36922,137,132,5,5
36923,77,76,1,1
36924,75,78,-3,3
36925,96,97,-1,1
36926,183,169,14,14
36927,100,94,6,6
36928,66,66,0,0
36929,87,91,-4,4
36930,76,81,-5,5
36931,79,97,-18,18
36932,84,84,0,0
36933,101,96,5,5
36934,110,109,1,1
36935,97,97,0,0
36936,55,62,-7,7
36937,94,85,9,9
36938,65,73,-8,8
36939,78,79,-1,1
36940,69,69,0,0
36941,171,159,12,12
36942,78,80,-2,2
36943,58,65,-7,7
36944,79,80,-1,1
36945,90,83,7,7
36946,43,51,-8,8
36947,80,96,-16,16
36948,121,127,-6,6
36949,186,165,21,21
36950,87,86,1,1
36951,25,37,-12,12
36952,77,84,-7,7
36953,111,108,3,3
36954,60,63,-3,3
36955,70,78,-8,8
36956,145,129,16,16
36957,83,86,-3,3
36958,87,79,8,8
36959,79,80,-1,1
36960,110,106,4,4
36961,70,70,0,0
36962,157,145,12,12
36963,95,95,0,0
36964,62,71,-9,9
36965,83,84,-1,1
36966,64,68,-4,4
36967,240,224,16,16
36968,77,82,-5,5
36969,171,151,20,20
36970,111,109,2,2
36971,98,89,9,9
36972,60,64,-4,4
36973,94,93,1,1
36974,117,105,12,12
36975,113,112,1,1
36976,149,157,-8,8
36977,84,85,-1,1
36978,50,63,-13,13
36979,109,118,-9,9
36980,77,90,-13,13
36981,125,116,9,9
36982,74,85,-11,11
36983,80,82,-2,2
36984,70,75,-5,5
36985,79,84,-5,5
36986,125,104,21,21
36987,102,86,16,16
36988,72,75,-3,3
36989,99,100,-1,1
36990,73,84,-11,11
36991,104,95,9,9
36992,99,93,6,6
36993,97,89,8,8
36994,135,132,3,3
36995,80,85,-5,5
36996,146,140,6,6
36997,59,70,-11,11
36998,95,94,1,1
36999,159,136,23,23
37000,73,71,2,2
37001,94,96,-2,2
37002,159,132,27,27
37003,178,148,30,30
37004,58,64,-6,6
37005,88,83,5,5
37006,88,95,-7,7
37007,81,87,-6,6
37008,79,78,1,1
37009,54,60,-6,6
37010,88,85,3,3
37011,75,73,2,2
37012,101,91,10,10
37013,89,83,6,6
37014,51,62,-11,11
37015,121,115,6,6
37016,110,112,-2,2
37017,99,88,11,11
37018,63,73,-10,10
37019,113,109,4,4
37020,137,135,2,2
37021,114,120,-6,6
37022,87,83,4,4
37023,176,144,32,32
37024,136,127,9,9
37025,104,98,6,6
37026,131,151,-20,20
37027,100,107,-7,7
37028,110,111,-1,1
37029,54,59,-5,5
37030,99,99,0,0
37031,55,68,-13,13
37032,141,124,17,17
37033,142,133,9,9
37034,125,105,20,20
37035,114,119,-5,5
37036,121,120,1,1
37037,138,124,14,14
37038,66,81,-15,15
37039,108,101,7,7
37040,137,128,9,9
37041,57,64,-7,7
37042,97,100,-3,3
37043,114,101,13,13
37044,124,147,-23,23
37045,66,73,-7,7
37046,51,60,-9,9
37047,162,146,16,16
37048,161,152,9,9
37049,116,108,8,8
37050,111,112,-1,1
37051,143,138,5,5
37052,41,60,-19,19
37053,97,86,11,11
37054,49,61,-12,12
37055,156,142,14,14
37056,48,58,-10,10
37057,82,80,2,2
37058,58,61,-3,3
37059,81,81,0,0
37060,81,82,-1,1
37061,68,74,-6,6
37062,120,117,3,3
37063,28,48,-20,20
37064,84,93,-9,9
37065,96,99,-3,3
37066,79,82,-3,3
37067,446,366,80,80
37068,132,131,1,1
37069,131,121,10,10
37070,60,75,-15,15
37071,78,77,1,1
37072,113,108,5,5
37073,67,72,-5,5
37074,83,83,0,0
37075,77,76,1,1
37076,82,84,-2,2
37077,60,69,-9,9
37078,112,106,6,6
37079,124,112,12,12
37080,150,129,21,21
37081,87,86,1,1
37082,129,118,11,11
37083,151,140,11,11
37084,36,53,-17,17
37085,100,103,-3,3
37086,57,106,-49,49
37087,108,110,-2,2
37088,78,85,-7,7
37089,72,71,1,1
37090,69,83,-14,14
37091,108,107,1,1
37092,87,84,3,3
37093,51,70,-19,19
37094,48,59,-11,11
37095,98,109,-11,11
37096,31,62,-31,31
37097,140,115,25,25
37098,74,76,-2,2
37099,95,100,-5,5
37100,87,86,1,1
37101,120,117,3,3
37102,83,80,3,3
37103,81,95,-14,14
37104,75,79,-4,4
37105,87,89,-2,2
37106,145,138,7,7
37107,98,91,7,7
37108,52,56,-4,4
37109,83,84,-1,1
37110,55,75,-20,20
37111,110,111,-1,1
37112,125,127,-2,2
37113,87,81,6,6
37114,101,99,2,2
37115,81,75,6,6
37116,143,135,8,8
37117,218,192,26,26
37118,79,76,3,3
37119,97,88,9,9
37120,58,66,-8,8
37121,116,118,-2,2
37122,76,72,4,4
37123,94,94,0,0
37124,79,93,-14,14
37125,60,66,-6,6
37126,103,106,-3,3
37127,51,60,-9,9
37128,113,103,10,10
37129,83,98,-15,15
37130,121,118,3,3
37131,87,76,11,11
37132,152,144,8,8
37133,97,91,6,6
37134,169,159,10,10
37135,73,86,-13,13
37136,141,144,-3,3
37137,88,80,8,8
37138,75,164,-89,89
37139,78,78,0,0
37140,114,103,11,11
37141,95,85,10,10
37142,100,105,-5,5
37143,94,95,-1,1
37144,62,73,-11,11
37145,75,108,-33,33
37146,91,93,-2,2
37147,155,130,25,25
37148,82,81,1,1
37149,120,112,8,8
37150,154,137,17,17
37151,45,55,-10,10
37152,69,75,-6,6
37153,70,78,-8,8
37154,129,126,3,3
37155,83,80,3,3
37156,102,94,8,8
37157,34,51,-17,17
37158,84,82,2,2
37159,93,89,4,4
37160,173,152,21,21
37161,81,86,-5,5
37162,112,120,-8,8
37163,141,131,10,10
37164,117,108,9,9
37165,87,95,-8,8
37166,89,101,-12,12
37167,138,137,1,1
37168,77,83,-6,6
37169,71,79,-8,8
37170,108,109,-1,1
37171,84,83,1,1
37172,90,98,-8,8
37173,156,142,14,14
37174,90,91,-1,1
37175,91,89,2,2
37176,64,68,-4,4
37177,66,72,-6,6
37178,59,61,-2,2
37179,124,111,13,13
37180,49,55,-6,6
37181,108,110,-2,2
37182,83,85,-2,2
37183,115,100,15,15
37184,59,69,-10,10
37185,51,72,-21,21
37186,90,84,6,6
37187,77,88,-11,11
37188,59,63,-4,4
37189,100,99,1,1
37190,138,123,15,15
37191,237,213,24,24
37192,71,75,-4,4
37193,51,60,-9,9
37194,160,159,1,1
37195,162,125,37,37
37196,121,116,5,5
37197,122,110,12,12
37198,64,67,-3,3
37199,78,78,0,0
37200,107,130,-23,23
37201,102,103,-1,1
37202,74,84,-10,10
37203,90,98,-8,8
37204,65,67,-2,2
37205,85,88,-3,3
37206,88,89,-1,1
37207,95,100,-5,5
37208,92,94,-2,2
37209,148,125,23,23
37210,89,87,2,2
37211,63,71,-8,8
37212,98,88,10,10
37213,74,75,-1,1
37214,69,74,-5,5
37215,58,68,-10,10
37216,148,130,18,18
37217,75,82,-7,7
37218,128,121,7,7
37219,63,76,-13,13
37220,113,98,15,15
37221,88,95,-7,7
37222,68,66,2,2
37223,98,97,1,1
37224,79,83,-4,4
37225,69,78,-9,9
37226,284,255,29,29
37227,76,79,-3,3
37228,98,97,1,1
37229,73,79,-6,6
37230,135,128,7,7
37231,71,72,-1,1
37232,85,81,4,4
37233,58,69,-11,11
37234,110,108,2,2
37235,63,68,-5,5
37236,91,94,-3,3
37237,72,78,-6,6
37238,111,131,-20,20
37239,75,73,2,2
37240,127,128,-1,1
37241,157,138,19,19
37242,136,133,3,3
37243,66,69,-3,3
37244,53,62,-9,9
37245,76,82,-6,6
37246,76,74,2,2
37247,123,128,-5,5
37248,90,91,-1,1
37249,62,69,-7,7
37250,93,109,-16,16
37251,150,134,16,16
37252,114,108,6,6
37253,99,85,14,14
37254,85,83,2,2
37255,68,70,-2,2
37256,54,62,-8,8
37257,64,69,-5,5
37258,126,124,2,2
37259,52,61,-9,9
37260,119,108,11,11
37261,112,104,8,8
37262,257,220,37,37
37263,75,83,-8,8
37264,58,63,-5,5
37265,87,86,1,1
37266,50,59,-9,9
37267,79,83,-4,4
37268,142,128,14,14
37269,122,123,-1,1
37270,69,75,-6,6
37271,82,81,1,1
37272,83,87,-4,4
37273,87,82,5,5
37274,132,125,7,7
37275,110,116,-6,6
37276,98,86,12,12
37277,93,94,-1,1
37278,112,118,-6,6
37279,101,92,9,9
37280,97,98,-1,1
37281,111,111,0,0
37282,53,61,-8,8
37283,78,97,-19,19
37284,104,97,7,7
37285,86,82,4,4
37286,109,104,5,5
37287,136,125,11,11
37288,113,125,-12,12
37289,53,63,-10,10
37290,85,78,7,7
37291,142,126,16,16
37292,141,134,7,7
37293,87,87,0,0
37294,79,79,0,0
37295,171,151,20,20
37296,104,104,0,0
37297,91,118,-27,27
37298,70,74,-4,4
37299,93,98,-5,5
37300,115,111,4,4
37301,49,52,-3,3
37302,115,101,14,14
37303,85,84,1,1
37304,96,99,-3,3
37305,112,109,3,3
37306,133,133,0,0
37307,114,105,9,9
37308,78,97,-19,19
37309,158,142,16,16
37310,73,73,0,0
37311,44,56,-12,12
37312,160,155,5,5
37313,114,111,3,3
37314,163,115,48,48
37315,113,101,12,12
37316,92,100,-8,8
37317,35,53,-18,18
37318,135,128,7,7
37319,113,107,6,6
37320,105,97,8,8
37321,79,77,2,2
37322,130,117,13,13
37323,129,124,5,5
37324,81,85,-4,4
37325,71,80,-9,9
37326,233,199,34,34
37327,79,86,-7,7
37328,88,88,0,0
37329,121,121,0,0
37330,132,119,13,13
37331,179,159,20,20
37332,199,181,18,18
37333,133,123,10,10
37334,127,117,10,10
37335,71,77,-6,6
37336,59,68,-9,9
37337,92,92,0,0
37338,98,98,0,0
37339,93,83,10,10
37340,103,81,22,22
37341,114,119,-5,5
37342,80,84,-4,4
37343,84,85,-1,1
37344,95,88,7,7
37345,141,131,10,10
37346,184,167,17,17
37347,138,112,26,26
37348,59,68,-9,9
37349,172,161,11,11
37350,146,132,14,14
37351,72,78,-6,6
37352,139,138,1,1
37353,108,103,5,5
37354,91,98,-7,7
37355,38,50,-12,12
37356,44,62,-18,18
37357,86,82,4,4
37358,68,79,-11,11
37359,68,68,0,0
37360,100,101,-1,1
37361,135,119,16,16
37362,30,53,-23,23
37363,149,140,9,9
37364,93,93,0,0
37365,132,132,0,0
37366,61,65,-4,4
37367,104,106,-2,2
37368,119,112,7,7
37369,61,69,-8,8
37370,79,83,-4,4
37371,48,62,-14,14
37372,80,72,8,8
37373,145,164,-19,19
37374,65,77,-12,12
37375,68,71,-3,3
37376,68,73,-5,5
37377,78,84,-6,6
37378,65,68,-3,3
37379,98,95,3,3
37380,102,104,-2,2
37381,115,96,19,19
37382,71,74,-3,3
37383,63,72,-9,9
37384,64,79,-15,15
37385,97,95,2,2
37386,102,94,8,8
37387,101,100,1,1
37388,34,48,-14,14
37389,70,76,-6,6
37390,53,67,-14,14
37391,92,91,1,1
37392,83,86,-3,3
37393,101,104,-3,3
37394,76,75,1,1
37395,76,81,-5,5
37396,111,105,6,6
37397,49,68,-19,19
37398,55,69,-14,14
37399,115,105,10,10
37400,126,119,7,7
37401,121,105,16,16
37402,145,130,15,15
37403,60,81,-21,21
37404,73,69,4,4
37405,63,71,-8,8
37406,71,75,-4,4
37407,81,82,-1,1
37408,98,98,0,0
37409,138,133,5,5
37410,69,79,-10,10
37411,172,180,-8,8
37412,57,71,-14,14
37413,119,109,10,10
37414,65,73,-8,8
37415,54,65,-11,11
37416,86,96,-10,10
37417,116,115,1,1
37418,145,128,17,17
37419,102,103,-1,1
37420,108,101,7,7
37421,63,69,-6,6
37422,125,115,10,10
37423,90,89,1,1
37424,139,136,3,3
37425,94,95,-1,1
37426,86,88,-2,2
37427,44,53,-9,9
37428,89,96,-7,7
37429,82,82,0,0
37430,114,101,13,13
37431,60,64,-4,4
37432,103,103,0,0
37433,58,61,-3,3
37434,108,112,-4,4
37435,140,142,-2,2
37436,160,154,6,6
37437,54,64,-10,10
37438,106,100,6,6
37439,140,136,4,4
37440,101,99,2,2
37441,120,115,5,5
37442,118,107,11,11
37443,116,111,5,5
37444,108,105,3,3
37445,205,203,2,2
37446,192,180,12,12
37447,97,95,2,2
37448,59,67,-8,8
37449,60,71,-11,11
37450,51,59,-8,8
37451,48,58,-10,10
37452,118,108,10,10
37453,209,187,22,22
37454,64,72,-8,8
37455,76,84,-8,8
37456,130,122,8,8
37457,83,101,-18,18
37458,69,80,-11,11
37459,66,64,2,2
37460,81,89,-8,8
37461,116,129,-13,13
37462,91,95,-4,4
37463,178,169,9,9
37464,148,157,-9,9
37465,160,155,5,5
37466,116,126,-10,10
37467,87,91,-4,4
37468,93,96,-3,3
37469,71,78,-7,7
37470,121,111,10,10
37471,85,77,8,8
37472,75,79,-4,4
37473,101,98,3,3
37474,72,76,-4,4
37475,60,67,-7,7
37476,102,91,11,11
37477,111,101,10,10
37478,81,89,-8,8
37479,75,90,-15,15
37480,107,111,-4,4
37481,75,82,-7,7
37482,67,77,-10,10
37483,126,127,-1,1
37484,106,105,1,1
37485,126,120,6,6
37486,104,104,0,0
37487,65,78,-13,13
37488,92,93,-1,1
37489,78,75,3,3
37490,127,121,6,6
37491,88,90,-2,2
37492,35,51,-16,16
37493,87,88,-1,1
37494,53,69,-16,16
37495,108,105,3,3
37496,89,89,0,0
37497,79,78,1,1
37498,79,86,-7,7
37499,138,116,22,22
37500,92,86,6,6
37501,84,85,-1,1
37502,65,69,-4,4
37503,74,77,-3,3
37504,147,136,11,11
37505,96,100,-4,4
37506,124,119,5,5
37507,84,88,-4,4
37508,118,112,6,6
37509,80,79,1,1
37510,89,98,-9,9
37511,154,152,2,2
37512,96,106,-10,10
37513,73,84,-11,11
37514,218,185,33,33
37515,108,102,6,6
37516,156,144,12,12
37517,56,68,-12,12
37518,105,100,5,5
37519,103,123,-20,20
37520,98,100,-2,2
37521,161,152,9,9
37522,150,126,24,24
37523,50,61,-11,11
37524,99,96,3,3
37525,62,70,-8,8
37526,102,100,2,2
37527,86,85,1,1
37528,81,81,0,0
37529,51,64,-13,13
37530,100,95,5,5
37531,74,76,-2,2
37532,65,65,0,0
37533,95,95,0,0
37534,99,96,3,3
37535,84,89,-5,5
37536,114,100,14,14
37537,99,89,10,10
37538,58,62,-4,4
37539,49,58,-9,9
37540,119,105,14,14
37541,83,86,-3,3
37542,96,98,-2,2
37543,70,78,-8,8
37544,108,103,5,5
37545,128,109,19,19
37546,75,77,-2,2
37547,72,72,0,0
37548,88,78,10,10
37549,71,73,-2,2
37550,103,95,8,8
37551,109,102,7,7
37552,77,85,-8,8
37553,74,76,-2,2
37554,105,97,8,8
37555,56,55,1,1
37556,95,93,2,2
37557,152,137,15,15
37558,62,68,-6,6
37559,128,120,8,8
37560,108,99,9,9
37561,58,70,-12,12
37562,144,123,21,21
37563,109,99,10,10
37564,66,70,-4,4
37565,114,111,3,3
37566,150,132,18,18
37567,98,93,5,5
37568,151,140,11,11
37569,73,75,-2,2
37570,84,82,2,2
37571,126,121,5,5
37572,50,62,-12,12
37573,101,110,-9,9
37574,56,68,-12,12
37575,95,96,-1,1
37576,65,75,-10,10
37577,141,121,20,20
37578,94,91,3,3
37579,67,75,-8,8
37580,55,67,-12,12
37581,65,71,-6,6
37582,52,71,-19,19
37583,95,87,8,8
37584,158,146,12,12
37585,106,49,57,57
37586,101,98,3,3
37587,96,91,5,5
37588,132,132,0,0
37589,91,86,5,5
37590,80,82,-2,2
37591,209,187,22,22
37592,71,83,-12,12
37593,94,103,-9,9
37594,93,86,7,7
37595,103,104,-1,1
37596,69,81,-12,12
37597,190,186,4,4
37598,92,90,2,2
37599,105,96,9,9
37600,69,78,-9,9
37601,54,73,-19,19
37602,59,67,-8,8
37603,82,85,-3,3
37604,84,86,-2,2
37605,30,61,-31,31
37606,150,135,15,15
37607,65,70,-5,5
37608,88,85,3,3
37609,80,81,-1,1
37610,174,159,15,15
37611,134,151,-17,17
37612,82,81,1,1
37613,77,74,3,3
37614,65,74,-9,9
37615,49,60,-11,11
37616,95,99,-4,4
37617,67,73,-6,6
37618,69,70,-1,1
37619,125,129,-4,4
37620,124,128,-4,4
37621,81,84,-3,3
37622,93,93,0,0
37623,148,121,27,27
37624,158,141,17,17
37625,107,102,5,5
37626,138,122,16,16
37627,106,104,2,2
37628,102,104,-2,2
37629,151,149,2,2
37630,103,106,-3,3
37631,77,77,0,0
37632,139,130,9,9
37633,122,117,5,5
37634,86,81,5,5
37635,85,84,1,1
37636,76,74,2,2
37637,115,102,13,13
37638,137,121,16,16
37639,113,128,-15,15
37640,155,133,22,22
37641,66,79,-13,13
37642,75,77,-2,2
37643,120,118,2,2
37644,116,100,16,16
37645,152,145,7,7
37646,56,66,-10,10
37647,205,180,25,25
37648,96,99,-3,3
37649,101,92,9,9
37650,100,98,2,2
37651,94,87,7,7
37652,130,118,12,12
37653,61,81,-20,20
37654,123,114,9,9
37655,111,117,-6,6
37656,136,139,-3,3
37657,166,146,20,20
37658,85,97,-12,12
37659,99,97,2,2
37660,58,66,-8,8
37661,98,91,7,7
37662,88,79,9,9
37663,164,136,28,28
37664,67,73,-6,6
37665,112,95,17,17
37666,105,100,5,5
37667,151,135,16,16
37668,80,73,7,7
37669,121,124,-3,3
37670,179,143,36,36
37671,151,140,11,11
37672,116,113,3,3
37673,93,89,4,4
37674,96,98,-2,2
37675,112,115,-3,3
37676,45,55,-10,10
37677,100,97,3,3
37678,71,83,-12,12
37679,72,72,0,0
37680,124,114,10,10
37681,54,60,-6,6
37682,135,126,9,9
37683,125,115,10,10
37684,125,102,23,23
37685,104,111,-7,7
37686,76,77,-1,1
37687,106,127,-21,21
37688,76,80,-4,4
37689,87,88,-1,1
37690,146,136,10,10
37691,91,83,8,8
37692,72,86,-14,14
37693,149,144,5,5
37694,82,83,-1,1
37695,157,148,9,9
37696,138,121,17,17
37697,122,116,6,6
37698,105,102,3,3
37699,88,83,5,5
37700,157,166,-9,9
37701,108,97,11,11
37702,94,89,5,5
37703,102,103,-1,1
37704,51,71,-20,20
37705,84,86,-2,2
37706,67,83,-16,16
37707,128,114,14,14
37708,130,125,5,5
37709,165,149,16,16
37710,100,112,-12,12
37711,121,126,-5,5
37712,74,81,-7,7
37713,58,61,-3,3
37714,88,99,-11,11
37715,105,108,-3,3
37716,116,110,6,6
37717,103,95,8,8
37718,101,99,2,2
37719,108,111,-3,3
37720,75,91,-16,16
37721,106,105,1,1
37722,69,76,-7,7
37723,87,87,0,0
37724,68,81,-13,13
37725,51,62,-11,11
37726,61,69,-8,8
37727,110,106,4,4
37728,104,98,6,6
37729,70,71,-1,1
37730,47,63,-16,16
37731,69,85,-16,16
37732,48,65,-17,17
37733,92,90,2,2
37734,116,112,4,4
37735,94,98,-4,4
37736,79,86,-7,7
37737,116,126,-10,10
37738,133,134,-1,1
37739,70,77,-7,7
37740,153,143,10,10
37741,41,85,-44,44
37742,73,77,-4,4
37743,109,108,1,1
37744,145,122,23,23
37745,106,106,0,0
37746,89,84,5,5
37747,69,83,-14,14
37748,73,78,-5,5
37749,61,69,-8,8
37750,127,117,10,10
37751,104,103,1,1
37752,103,99,4,4
37753,107,95,12,12
37754,116,116,0,0
37755,66,76,-10,10
37756,130,124,6,6
37757,102,95,7,7
37758,102,100,2,2
37759,72,80,-8,8
37760,98,94,4,4
37761,55,65,-10,10
37762,90,98,-8,8
37763,116,109,7,7
37764,64,75,-11,11
37765,113,103,10,10
37766,75,82,-7,7
37767,75,92,-17,17
37768,119,113,6,6
37769,81,77,4,4
37770,74,77,-3,3
37771,156,144,12,12
37772,93,96,-3,3
37773,84,85,-1,1
37774,118,137,-19,19
37775,70,72,-2,2
37776,197,189,8,8
37777,57,67,-10,10
37778,41,65,-24,24
37779,110,115,-5,5
37780,94,92,2,2
37781,121,110,11,11
37782,77,82,-5,5
37783,104,86,18,18
37784,98,93,5,5
37785,101,97,4,4
37786,65,79,-14,14
37787,140,125,15,15
37788,113,103,10,10
37789,103,89,14,14
37790,84,79,5,5
37791,75,76,-1,1
37792,136,121,15,15
37793,123,117,6,6
37794,117,118,-1,1
37795,107,99,8,8
37796,64,69,-5,5
37797,61,72,-11,11
37798,216,175,41,41
37799,94,96,-2,2
37800,96,98,-2,2
37801,83,101,-18,18
37802,42,55,-13,13
37803,93,100,-7,7
37804,61,71,-10,10
37805,101,82,19,19
37806,118,109,9,9
37807,100,101,-1,1
37808,107,125,-18,18
37809,98,98,0,0
37810,64,68,-4,4
37811,215,204,11,11
37812,127,119,8,8
37813,91,86,5,5
37814,113,125,-12,12
37815,82,85,-3,3
37816,120,119,1,1
37817,72,73,-1,1
37818,77,91,-14,14
37819,79,86,-7,7
37820,67,77,-10,10
37821,89,91,-2,2
37822,54,64,-10,10
37823,97,102,-5,5
37824,82,84,-2,2
37825,91,102,-11,11
37826,83,78,5,5
37827,54,71,-17,17
37828,116,114,2,2
37829,80,85,-5,5
37830,75,74,1,1
37831,187,183,4,4
37832,78,86,-8,8
37833,95,99,-4,4
37834,87,89,-2,2
37835,74,82,-8,8
37836,67,71,-4,4
37837,66,67,-1,1
37838,78,75,3,3
37839,107,99,8,8
37840,59,60,-1,1
37841,92,95,-3,3
37842,41,64,-23,23
37843,130,121,9,9
37844,100,102,-2,2
37845,88,84,4,4
37846,67,70,-3,3
37847,100,93,7,7
37848,99,101,-2,2
37849,69,73,-4,4
37850,115,116,-1,1
37851,116,108,8,8
37852,49,56,-7,7
37853,91,96,-5,5
37854,67,82,-15,15
37855,105,99,6,6
37856,137,132,5,5
37857,72,86,-14,14
37858,61,70,-9,9
37859,86,84,2,2
37860,91,95,-4,4
37861,85,86,-1,1
37862,83,88,-5,5
37863,68,68,0,0
37864,103,95,8,8
37865,106,97,9,9
37866,139,112,27,27
37867,115,115,0,0
37868,48,61,-13,13
37869,159,157,2,2
37870,61,67,-6,6
37871,113,116,-3,3
37872,101,101,0,0
37873,77,79,-2,2
37874,134,129,5,5
37875,67,67,0,0
37876,106,100,6,6
37877,57,64,-7,7
37878,95,99,-4,4
37879,93,98,-5,5
37880,95,85,10,10
37881,179,168,11,11
37882,153,165,-12,12
37883,62,74,-12,12
37884,69,75,-6,6
37885,165,160,5,5
37886,180,183,-3,3
37887,87,86,1,1
37888,110,109,1,1
37889,116,116,0,0
37890,159,158,1,1
37891,99,101,-2,2
37892,114,111,3,3
37893,102,90,12,12
37894,154,147,7,7
37895,91,90,1,1
37896,124,106,18,18
37897,91,89,2,2
37898,41,56,-15,15
37899,45,56,-11,11
37900,71,87,-16,16
37901,76,81,-5,5
37902,99,106,-7,7
37903,111,102,9,9
37904,97,91,6,6
37905,124,112,12,12
37906,96,100,-4,4
37907,79,80,-1,1
37908,122,124,-2,2
37909,115,99,16,16
37910,89,86,3,3
37911,73,74,-1,1
37912,111,111,0,0
37913,89,97,-8,8
37914,138,130,8,8
37915,100,105,-5,5
37916,78,82,-4,4
37917,83,90,-7,7
37918,86,92,-6,6
37919,135,134,1,1
37920,114,109,5,5
37921,56,67,-11,11
37922,149,158,-9,9
37923,81,83,-2,2
37924,79,82,-3,3
37925,103,102,1,1
37926,56,77,-21,21
37927,150,144,6,6
37928,78,81,-3,3
37929,78,82,-4,4
37930,41,55,-14,14
37931,121,107,14,14
37932,123,119,4,4
37933,76,90,-14,14
37934,103,99,4,4
37935,35,64,-29,29
37936,124,115,9,9
37937,55,69,-14,14
37938,88,86,2,2
37939,90,89,1,1
37940,120,97,23,23
37941,71,77,-6,6
37942,79,84,-5,5
37943,62,74,-12,12
37944,86,86,0,0
37945,64,71,-7,7
37946,131,140,-9,9
37947,146,135,11,11
37948,86,83,3,3
37949,98,94,4,4
37950,183,155,28,28
37951,91,93,-2,2
37952,77,77,0,0
37953,142,136,6,6
37954,79,81,-2,2
37955,41,50,-9,9
37956,105,103,2,2
37957,197,186,11,11
37958,115,110,5,5
37959,71,75,-4,4
37960,140,141,-1,1
37961,130,123,7,7
37962,83,82,1,1
37963,108,119,-11,11
37964,67,69,-2,2
37965,70,85,-15,15
37966,93,96,-3,3
37967,64,74,-10,10
37968,98,113,-15,15
37969,115,111,4,4
37970,62,67,-5,5
37971,88,91,-3,3
37972,61,69,-8,8
37973,198,177,21,21
37974,101,105,-4,4
37975,66,68,-2,2
37976,31,45,-14,14
37977,94,89,5,5
37978,93,101,-8,8
37979,117,151,-34,34
37980,99,98,1,1
37981,36,51,-15,15
37982,76,80,-4,4
37983,67,78,-11,11
37984,78,89,-11,11
37985,50,62,-12,12
37986,55,58,-3,3
37987,92,96,-4,4
37988,94,88,6,6
37989,137,134,3,3
37990,102,99,3,3
37991,113,110,3,3
37992,89,82,7,7
37993,124,129,-5,5
37994,82,83,-1,1
37995,60,72,-12,12
37996,125,108,17,17
37997,78,89,-11,11
37998,143,130,13,13
37999,142,138,4,4
38000,106,96,10,10
38001,124,113,11,11
38002,52,66,-14,14
38003,97,113,-16,16
38004,80,79,1,1
38005,107,114,-7,7
38006,141,132,9,9
38007,57,68,-11,11
38008,89,82,7,7
38009,104,111,-7,7
38010,154,142,12,12
38011,76,87,-11,11
38012,95,83,12,12
38013,179,157,22,22
38014,64,80,-16,16
38015,119,106,13,13
38016,108,117,-9,9
38017,114,108,6,6
38018,92,89,3,3
38019,109,102,7,7
38020,139,140,-1,1
38021,130,124,6,6
38022,112,102,10,10
38023,123,111,12,12
38024,125,115,10,10
38025,66,67,-1,1
38026,77,88,-11,11
38027,87,87,0,0
38028,97,103,-6,6
38029,56,60,-4,4
38030,146,133,13,13
38031,71,75,-4,4
38032,176,161,15,15
38033,96,89,7,7
38034,105,98,7,7
38035,127,122,5,5
38036,82,84,-2,2
38037,137,147,-10,10
38038,120,117,3,3
38039,82,82,0,0
38040,73,73,0,0
38041,78,75,3,3
38042,83,85,-2,2
38043,83,86,-3,3
38044,74,81,-7,7
38045,81,85,-4,4
38046,178,154,24,24
38047,96,107,-11,11
38048,48,61,-13,13
38049,74,84,-10,10
38050,143,126,17,17
38051,94,86,8,8
38052,142,138,4,4
38053,144,143,1,1
38054,114,112,2,2
38055,91,95,-4,4
38056,127,123,4,4
38057,65,78,-13,13
38058,152,141,11,11
38059,106,101,5,5
38060,140,127,13,13
38061,96,99,-3,3
38062,72,104,-32,32
38063,71,52,19,19
38064,116,107,9,9
38065,156,142,14,14
38066,57,62,-5,5
38067,24,41,-17,17
38068,122,112,10,10
38069,118,106,12,12
38070,96,98,-2,2
38071,86,85,1,1
38072,163,151,12,12
38073,60,73,-13,13
38074,80,76,4,4
38075,78,80,-2,2
38076,82,82,0,0
38077,113,102,11,11
38078,104,109,-5,5
38079,154,168,-14,14
38080,34,54,-20,20
38081,111,109,2,2
38082,103,99,4,4
38083,88,87,1,1
38084,112,114,-2,2
38085,115,110,5,5
38086,60,61,-1,1
38087,150,139,11,11
38088,116,111,5,5
38089,80,80,0,0
38090,112,100,12,12
38091,116,112,4,4
38092,83,88,-5,5
38093,161,143,18,18
38094,65,75,-10,10
38095,74,81,-7,7
38096,72,67,5,5
38097,185,158,27,27
38098,89,76,13,13
38099,90,88,2,2
38100,175,159,16,16
38101,96,87,9,9
38102,96,94,2,2
38103,111,110,1,1
38104,46,58,-12,12
38105,105,114,-9,9
38106,69,76,-7,7
38107,117,108,9,9
38108,91,90,1,1
38109,70,80,-10,10
38110,150,132,18,18
38111,122,121,1,1
38112,98,104,-6,6
38113,100,92,8,8
38114,160,134,26,26
38115,139,130,9,9
38116,170,156,14,14
38117,79,86,-7,7
38118,132,121,11,11
38119,121,118,3,3
38120,118,116,2,2
38121,102,91,11,11
38122,98,94,4,4
38123,115,120,-5,5
38124,159,151,8,8
38125,92,92,0,0
38126,41,62,-21,21
38127,84,86,-2,2
38128,132,138,-6,6
38129,109,96,13,13
38130,78,87,-9,9
38131,114,101,13,13
38132,121,110,11,11
38133,93,88,5,5
38134,115,112,3,3
38135,44,55,-11,11
38136,74,79,-5,5
38137,49,57,-8,8
38138,165,153,12,12
38139,83,82,1,1
38140,158,145,13,13
38141,101,91,10,10
38142,118,111,7,7
38143,94,91,3,3
38144,117,129,-12,12
38145,109,103,6,6
38146,73,88,-15,15
38147,76,83,-7,7
38148,138,129,9,9
38149,113,103,10,10
38150,96,96,0,0
38151,73,82,-9,9
38152,112,102,10,10
38153,63,74,-11,11
38154,104,94,10,10
38155,82,88,-6,6
38156,54,67,-13,13
38157,84,85,-1,1
38158,133,134,-1,1
38159,101,99,2,2
38160,108,109,-1,1
38161,83,81,2,2
38162,78,85,-7,7
38163,82,82,0,0
38164,76,82,-6,6
38165,90,87,3,3
38166,105,102,3,3
38167,61,66,-5,5
38168,102,110,-8,8
38169,104,118,-14,14
38170,72,78,-6,6
38171,74,72,2,2
38172,92,97,-5,5
38173,85,84,1,1
38174,99,96,3,3
38175,111,118,-7,7
38176,67,77,-10,10
38177,76,78,-2,2
38178,113,99,14,14
38179,107,98,9,9
38180,117,110,7,7
38181,116,116,0,0
38182,97,96,1,1
38183,125,119,6,6
38184,112,113,-1,1
38185,71,84,-13,13
38186,115,110,5,5
38187,59,83,-24,24
38188,97,96,1,1
38189,124,112,12,12
38190,45,59,-14,14
38191,87,88,-1,1
38192,103,124,-21,21
38193,64,70,-6,6
38194,100,95,5,5
38195,97,84,13,13
38196,121,114,7,7
38197,111,116,-5,5
38198,74,75,-1,1
38199,118,144,-26,26
38200,91,86,5,5
38201,89,91,-2,2
38202,105,89,16,16
38203,79,84,-5,5
38204,68,77,-9,9
38205,125,123,2,2
38206,87,85,2,2
38207,123,108,15,15
38208,93,95,-2,2
38209,100,94,6,6
38210,64,65,-1,1
38211,108,101,7,7
38212,68,64,4,4
38213,86,89,-3,3
38214,107,98,9,9
38215,73,79,-6,6
38216,128,132,-4,4
38217,119,111,8,8
38218,54,56,-2,2
38219,72,75,-3,3
38220,73,81,-8,8
38221,159,147,12,12
38222,83,87,-4,4
38223,97,95,2,2
38224,131,124,7,7
38225,69,75,-6,6
38226,86,80,6,6
38227,119,116,3,3
38228,100,95,5,5
38229,102,104,-2,2
38230,67,69,-2,2
38231,53,67,-14,14
38232,85,94,-9,9
38233,168,155,13,13
38234,61,59,2,2
38235,77,78,-1,1
38236,85,89,-4,4
38237,69,72,-3,3
38238,124,116,8,8
38239,89,84,5,5
38240,148,143,5,5
38241,143,129,14,14
38242,57,79,-22,22
38243,144,135,9,9
38244,66,73,-7,7
38245,83,97,-14,14
38246,120,117,3,3
38247,131,125,6,6
38248,51,63,-12,12
38249,77,68,9,9
38250,62,72,-10,10
38251,125,128,-3,3
38252,87,86,1,1
38253,89,87,2,2
38254,162,150,12,12
38255,109,108,1,1
38256,126,127,-1,1
38257,87,93,-6,6
38258,87,100,-13,13
38259,116,110,6,6
38260,51,63,-12,12
38261,65,66,-1,1
38262,95,89,6,6
38263,86,81,5,5
38264,98,99,-1,1
38265,74,75,-1,1
38266,87,116,-29,29
38267,113,107,6,6
38268,70,88,-18,18
38269,119,111,8,8
38270,180,165,15,15
38271,94,84,10,10
38272,67,77,-10,10
38273,85,87,-2,2
38274,147,148,-1,1
38275,79,72,7,7
38276,76,80,-4,4
38277,60,61,-1,1
38278,55,65,-10,10
38279,95,98,-3,3
38280,127,112,15,15
38281,100,97,3,3
38282,85,86,-1,1
38283,127,117,10,10
38284,101,89,12,12
38285,70,74,-4,4
38286,102,96,6,6
38287,73,78,-5,5
38288,107,104,3,3
38289,129,128,1,1
38290,114,106,8,8
38291,45,64,-19,19
38292,52,59,-7,7
38293,69,74,-5,5
38294,71,77,-6,6
38295,65,72,-7,7
38296,211,174,37,37
38297,113,125,-12,12
38298,97,96,1,1
38299,60,73,-13,13
38300,184,151,33,33
38301,106,100,6,6
38302,121,117,4,4
38303,112,115,-3,3
38304,137,133,4,4
38305,104,101,3,3
38306,124,131,-7,7
38307,72,73,-1,1
38308,116,104,12,12
38309,76,77,-1,1
38310,99,102,-3,3
38311,75,80,-5,5
38312,81,83,-2,2
38313,69,76,-7,7
38314,72,80,-8,8
38315,87,80,7,7
38316,93,86,7,7
38317,136,127,9,9
38318,101,94,7,7
38319,89,86,3,3
38320,112,105,7,7
38321,65,71,-6,6
38322,118,104,14,14
38323,92,86,6,6
38324,80,87,-7,7
38325,98,92,6,6
38326,70,74,-4,4
38327,127,118,9,9
38328,149,129,20,20
38329,70,72,-2,2
38330,139,139,0,0
38331,82,84,-2,2
38332,91,97,-6,6
38333,39,53,-14,14
38334,82,98,-16,16
38335,105,101,4,4
38336,147,142,5,5
38337,104,112,-8,8
38338,117,100,17,17
38339,91,102,-11,11
38340,90,94,-4,4
38341,104,95,9,9
38342,47,61,-14,14
38343,56,68,-12,12
38344,110,108,2,2
38345,43,63,-20,20
38346,120,107,13,13
38347,70,75,-5,5
38348,75,83,-8,8
38349,77,81,-4,4
38350,72,74,-2,2
38351,105,98,7,7
38352,218,192,26,26
38353,56,67,-11,11
38354,100,102,-2,2
38355,123,133,-10,10
38356,130,119,11,11
38357,63,67,-4,4
38358,89,91,-2,2
38359,60,75,-15,15
38360,65,78,-13,13
38361,118,114,4,4
38362,86,89,-3,3
38363,166,164,2,2
38364,106,105,1,1
38365,58,70,-12,12
38366,141,123,18,18
38367,96,93,3,3
38368,106,97,9,9
38369,110,114,-4,4
38370,64,67,-3,3
38371,83,84,-1,1
38372,92,106,-14,14
38373,70,73,-3,3
38374,122,124,-2,2
38375,86,90,-4,4
38376,105,93,12,12
38377,99,101,-2,2
38378,57,60,-3,3
38379,79,81,-2,2
38380,59,64,-5,5
38381,70,77,-7,7
38382,104,98,6,6
38383,86,87,-1,1
38384,112,116,-4,4
38385,102,102,0,0
38386,63,71,-8,8
38387,118,111,7,7
38388,63,67,-4,4
38389,104,122,-18,18
38390,86,93,-7,7
38391,167,152,15,15
38392,164,154,10,10
38393,85,87,-2,2
38394,111,111,0,0
38395,121,110,11,11
38396,94,89,5,5
38397,77,86,-9,9
38398,35,48,-13,13
38399,95,90,5,5
38400,133,130,3,3
38401,85,86,-1,1
38402,67,67,0,0
38403,114,113,1,1
38404,157,144,13,13
38405,157,144,13,13
38406,94,100,-6,6
38407,54,70,-16,16
38408,64,67,-3,3
38409,109,102,7,7
38410,71,76,-5,5
38411,73,80,-7,7
38412,76,84,-8,8
38413,130,114,16,16
38414,79,78,1,1
38415,142,147,-5,5
38416,89,87,2,2
38417,105,106,-1,1
38418,78,88,-10,10
38419,64,70,-6,6
38420,63,73,-10,10
38421,89,89,0,0
38422,171,164,7,7
38423,111,98,13,13
38424,86,79,7,7
38425,102,101,1,1
38426,61,71,-10,10
38427,85,88,-3,3
38428,134,117,17,17
38429,81,84,-3,3
38430,142,136,6,6
38431,80,78,2,2
38432,83,84,-1,1
38433,121,110,11,11
38434,67,63,4,4
38435,100,112,-12,12
38436,129,124,5,5
38437,102,109,-7,7
38438,126,120,6,6
38439,98,97,1,1
38440,63,66,-3,3
38441,72,80,-8,8
38442,88,94,-6,6
38443,64,73,-9,9
38444,107,114,-7,7
38445,89,83,6,6
38446,93,94,-1,1
38447,146,136,10,10
38448,101,104,-3,3
38449,87,86,1,1
38450,97,95,2,2
38451,78,69,9,9
38452,130,112,18,18
38453,85,79,6,6
38454,77,77,0,0
38455,44,59,-15,15
38456,96,93,3,3
38457,89,83,6,6
38458,117,114,3,3
38459,41,53,-12,12
38460,113,112,1,1
38461,103,87,16,16
38462,161,145,16,16
38463,196,184,12,12
38464,64,63,1,1
38465,82,79,3,3
38466,66,91,-25,25
38467,80,77,3,3
38468,54,66,-12,12
38469,104,106,-2,2
38470,55,61,-6,6
38471,57,64,-7,7
38472,49,62,-13,13
38473,70,75,-5,5
38474,74,83,-9,9
38475,33,48,-15,15
38476,83,91,-8,8
38477,89,88,1,1
38478,102,95,7,7
38479,156,159,-3,3
38480,36,58,-22,22
38481,62,65,-3,3
38482,102,95,7,7
38483,87,96,-9,9
38484,50,59,-9,9
38485,89,96,-7,7
38486,100,95,5,5
38487,98,86,12,12
38488,56,66,-10,10
38489,75,73,2,2
38490,98,84,14,14
38491,117,105,12,12
38492,235,206,29,29
38493,54,62,-8,8
38494,68,69,-1,1
38495,116,120,-4,4
38496,32,46,-14,14
38497,55,61,-6,6
38498,82,83,-1,1
38499,119,115,4,4
38500,183,180,3,3
38501,112,85,27,27
38502,57,73,-16,16
38503,120,116,4,4
38504,77,85,-8,8
38505,68,80,-12,12
38506,126,116,10,10
38507,68,68,0,0
38508,103,95,8,8
38509,110,111,-1,1
38510,122,102,20,20
38511,100,110,-10,10
38512,74,76,-2,2
38513,185,156,29,29
38514,118,125,-7,7
38515,41,57,-16,16
38516,91,94,-3,3
38517,83,79,4,4
38518,79,84,-5,5
38519,82,76,6,6
38520,84,91,-7,7
38521,70,70,0,0
38522,97,100,-3,3
38523,99,97,2,2
38524,108,104,4,4
38525,85,83,2,2
38526,132,124,8,8
38527,99,96,3,3
38528,62,63,-1,1
38529,80,79,1,1
38530,96,87,9,9
38531,98,91,7,7
38532,109,107,2,2
38533,124,125,-1,1
38534,101,110,-9,9
38535,118,119,-1,1
38536,57,64,-7,7
38537,79,84,-5,5
38538,86,88,-2,2
38539,77,80,-3,3
38540,132,115,17,17
38541,74,69,5,5
38542,108,100,8,8
38543,137,120,17,17
38544,102,102,0,0
38545,150,138,12,12
38546,51,60,-9,9
38547,77,77,0,0
38548,59,62,-3,3
38549,42,51,-9,9
38550,141,136,5,5
38551,132,121,11,11
38552,67,69,-2,2
38553,108,102,6,6
38554,144,147,-3,3
38555,69,74,-5,5
38556,85,84,1,1
38557,64,68,-4,4
38558,65,71,-6,6
38559,221,210,11,11
38560,70,77,-7,7
38561,56,64,-8,8
38562,62,73,-11,11
38563,88,100,-12,12
38564,108,111,-3,3
38565,178,158,20,20
38566,74,75,-1,1
38567,85,94,-9,9
38568,61,74,-13,13
38569,111,82,29,29
38570,103,109,-6,6
38571,110,106,4,4
38572,74,75,-1,1
38573,172,165,7,7
38574,87,97,-10,10
38575,141,142,-1,1
38576,86,83,3,3
38577,89,102,-13,13
38578,106,89,17,17
38579,103,98,5,5
38580,115,98,17,17
38581,61,63,-2,2
38582,102,101,1,1
38583,64,72,-8,8
38584,121,112,9,9
38585,61,73,-12,12
38586,75,73,2,2
38587,43,51,-8,8
38588,84,84,0,0
38589,118,111,7,7
38590,50,55,-5,5
38591,81,76,5,5
38592,160,148,12,12
38593,121,108,13,13
38594,77,87,-10,10
38595,124,117,7,7
38596,140,128,12,12
38597,56,66,-10,10
38598,92,84,8,8
38599,99,96,3,3
38600,169,160,9,9
38601,102,110,-8,8
38602,149,141,8,8
38603,161,167,-6,6
38604,73,81,-8,8
38605,81,84,-3,3
38606,76,80,-4,4
38607,131,117,14,14
38608,155,155,0,0
38609,87,90,-3,3
38610,62,67,-5,5
38611,87,79,8,8
38612,78,87,-9,9
38613,74,75,-1,1
38614,49,77,-28,28
38615,92,88,4,4
38616,133,125,8,8
38617,149,140,9,9
38618,120,120,0,0
38619,89,84,5,5
38620,102,97,5,5
38621,62,63,-1,1
38622,57,56,1,1
38623,43,67,-24,24
38624,72,76,-4,4
38625,58,68,-10,10
38626,66,68,-2,2
38627,73,79,-6,6
38628,112,97,15,15
38629,158,139,19,19
38630,70,81,-11,11
38631,136,127,9,9
38632,85,82,3,3
38633,37,58,-21,21
38634,87,93,-6,6
38635,130,133,-3,3
38636,88,89,-1,1
38637,57,67,-10,10
38638,117,113,4,4
38639,105,97,8,8
38640,75,82,-7,7
38641,153,151,2,2
38642,90,99,-9,9
38643,130,115,15,15
38644,86,87,-1,1
38645,124,128,-4,4
38646,83,84,-1,1
38647,145,126,19,19
38648,77,84,-7,7
38649,64,70,-6,6
38650,129,124,5,5
38651,109,111,-2,2
38652,94,89,5,5
38653,84,83,1,1
38654,64,70,-6,6
38655,90,88,2,2
38656,171,160,11,11
38657,93,97,-4,4
38658,121,121,0,0
38659,72,81,-9,9
38660,72,85,-13,13
38661,85,86,-1,1
38662,86,82,4,4
38663,93,99,-6,6
38664,94,83,11,11
38665,118,118,0,0
38666,72,69,3,3
38667,64,70,-6,6
38668,127,111,16,16
38669,64,68,-4,4
38670,75,79,-4,4
38671,57,68,-11,11
38672,61,69,-8,8
38673,74,87,-13,13
38674,53,74,-21,21
38675,80,84,-4,4
38676,83,84,-1,1
38677,124,113,11,11
38678,81,92,-11,11
38679,84,95,-11,11
38680,128,114,14,14
38681,93,94,-1,1
38682,79,84,-5,5
38683,81,98,-17,17
38684,81,83,-2,2
38685,104,105,-1,1
38686,82,84,-2,2
38687,84,75,9,9
38688,71,76,-5,5
38689,62,69,-7,7
38690,66,74,-8,8
38691,63,70,-7,7
38692,77,84,-7,7
38693,56,67,-11,11
38694,155,144,11,11
38695,143,130,13,13
38696,75,77,-2,2
38697,92,100,-8,8
38698,108,99,9,9
38699,105,101,4,4
38700,63,67,-4,4
38701,117,116,1,1
38702,123,107,16,16
38703,69,76,-7,7
38704,119,126,-7,7
38705,92,101,-9,9
38706,94,88,6,6
38707,80,84,-4,4
38708,101,96,5,5
38709,150,143,7,7
38710,92,85,7,7
38711,97,95,2,2
38712,100,98,2,2
38713,74,88,-14,14
38714,157,150,7,7
38715,65,76,-11,11
38716,97,95,2,2
38717,79,81,-2,2
38718,86,85,1,1
38719,91,85,6,6
38720,51,60,-9,9
38721,110,109,1,1
38722,106,107,-1,1
38723,50,62,-12,12
38724,76,75,1,1
38725,126,118,8,8
38726,73,75,-2,2
38727,80,85,-5,5
38728,90,84,6,6
38729,94,83,11,11
38730,99,97,2,2
38731,140,123,17,17
38732,92,90,2,2
38733,96,97,-1,1
38734,107,105,2,2
38735,120,105,15,15
38736,141,133,8,8
38737,58,68,-10,10
38738,99,97,2,2
38739,75,78,-3,3
38740,118,104,14,14
38741,93,93,0,0
38742,104,95,9,9
38743,81,85,-4,4
38744,107,101,6,6
38745,91,109,-18,18
38746,87,87,0,0
38747,53,63,-10,10
38748,147,137,10,10
38749,108,96,12,12
38750,76,76,0,0
38751,59,65,-6,6
38752,85,94,-9,9
38753,82,85,-3,3
38754,57,69,-12,12
38755,37,56,-19,19
38756,129,126,3,3
38757,57,62,-5,5
38758,67,73,-6,6
38759,76,76,0,0
38760,85,83,2,2
38761,130,115,15,15
38762,106,102,4,4
38763,104,110,-6,6
38764,88,90,-2,2
38765,65,74,-9,9
38766,75,78,-3,3
38767,145,131,14,14
38768,149,138,11,11
38769,44,58,-14,14
38770,69,70,-1,1
38771,93,97,-4,4
38772,78,80,-2,2
38773,63,72,-9,9
38774,78,85,-7,7
38775,85,84,1,1
38776,55,62,-7,7
38777,73,91,-18,18
38778,107,103,4,4
38779,131,123,8,8
38780,87,86,1,1
38781,40,62,-22,22
38782,139,115,24,24
38783,85,92,-7,7
38784,163,165,-2,2
38785,64,75,-11,11
38786,193,179,14,14
38787,86,96,-10,10
38788,98,101,-3,3
38789,51,68,-17,17
38790,128,122,6,6
38791,141,122,19,19
38792,84,83,1,1
38793,142,136,6,6
38794,59,70,-11,11
38795,108,101,7,7
38796,39,55,-16,16
38797,156,147,9,9
38798,107,112,-5,5
38799,99,105,-6,6
38800,166,153,13,13
38801,85,85,0,0
38802,84,87,-3,3
38803,98,96,2,2
38804,76,74,2,2
38805,138,124,14,14
38806,93,91,2,2
38807,182,155,27,27
38808,149,127,22,22
38809,132,113,19,19
38810,127,114,13,13
38811,70,75,-5,5
38812,57,64,-7,7
38813,176,176,0,0
38814,68,74,-6,6
38815,46,56,-10,10
38816,66,73,-7,7
38817,113,115,-2,2
38818,135,132,3,3
38819,48,57,-9,9
38820,135,129,6,6
38821,70,76,-6,6
38822,91,92,-1,1
38823,125,115,10,10
38824,109,95,14,14
38825,53,63,-10,10
38826,91,88,3,3
38827,70,73,-3,3
38828,65,74,-9,9
38829,125,111,14,14
38830,72,78,-6,6
38831,103,101,2,2
38832,103,83,20,20
38833,101,82,19,19
38834,117,122,-5,5
38835,63,65,-2,2
38836,164,157,7,7
38837,57,71,-14,14
38838,120,119,1,1
38839,133,125,8,8
38840,83,88,-5,5
38841,64,73,-9,9
38842,102,96,6,6
38843,70,72,-2,2
38844,124,128,-4,4
38845,106,96,10,10
38846,156,145,11,11
38847,67,74,-7,7
38848,147,143,4,4
38849,113,113,0,0
38850,121,115,6,6
38851,97,94,3,3
38852,59,73,-14,14
38853,50,68,-18,18
38854,118,101,17,17
38855,56,65,-9,9
38856,87,82,5,5
38857,89,98,-9,9
38858,65,76,-11,11
38859,62,70,-8,8
38860,138,135,3,3
38861,149,143,6,6
38862,69,68,1,1
38863,76,87,-11,11
38864,65,77,-12,12
38865,70,71,-1,1
38866,133,134,-1,1
38867,77,80,-3,3
38868,93,96,-3,3
38869,105,124,-19,19
38870,67,77,-10,10
38871,84,82,2,2
38872,83,92,-9,9
38873,46,55,-9,9
38874,102,96,6,6
38875,80,78,2,2
38876,106,104,2,2
38877,91,96,-5,5
38878,70,70,0,0
38879,213,193,20,20
38880,84,86,-2,2
38881,124,103,21,21
38882,113,107,6,6
38883,89,95,-6,6
38884,112,105,7,7
38885,78,78,0,0
38886,60,67,-7,7
38887,119,105,14,14
38888,58,68,-10,10
38889,109,96,13,13
38890,113,131,-18,18
38891,101,88,13,13
38892,61,65,-4,4
38893,76,84,-8,8
38894,84,83,1,1
38895,86,94,-8,8
38896,108,99,9,9
38897,102,93,9,9
38898,151,146,5,5
38899,66,72,-6,6
38900,71,71,0,0
38901,66,76,-10,10
38902,131,126,5,5
38903,49,58,-9,9
38904,99,100,-1,1
38905,69,81,-12,12
38906,72,70,2,2
38907,179,155,24,24
38908,152,142,10,10
38909,70,76,-6,6
38910,63,73,-10,10
38911,104,105,-1,1
38912,22,43,-21,21
38913,105,98,7,7
38914,174,166,8,8
38915,123,118,5,5
38916,34,52,-18,18
38917,76,82,-6,6
38918,114,105,9,9
38919,84,99,-15,15
38920,114,98,16,16
38921,236,202,34,34
38922,86,92,-6,6
38923,91,84,7,7
38924,109,106,3,3
38925,99,89,10,10
38926,79,73,6,6
38927,51,64,-13,13
38928,201,180,21,21
38929,60,69,-9,9
38930,89,93,-4,4
38931,84,85,-1,1
38932,40,55,-15,15
38933,68,71,-3,3
38934,58,65,-7,7
38935,73,73,0,0
38936,121,121,0,0
38937,55,61,-6,6
38938,91,91,0,0
38939,57,71,-14,14
38940,68,68,0,0
38941,93,79,14,14
38942,59,70,-11,11
38943,76,73,3,3
38944,99,100,-1,1
38945,85,103,-18,18
38946,113,101,12,12
38947,107,95,12,12
38948,184,166,18,18
38949,80,83,-3,3
38950,99,101,-2,2
38951,180,161,19,19
38952,94,101,-7,7
38953,37,49,-12,12
38954,59,73,-14,14
38955,65,69,-4,4
38956,93,93,0,0
38957,88,95,-7,7
38958,92,93,-1,1
38959,128,110,18,18
38960,111,110,1,1
38961,128,162,-34,34
38962,48,60,-12,12
38963,116,118,-2,2
38964,54,58,-4,4
38965,57,73,-16,16
38966,61,72,-11,11
38967,79,82,-3,3
38968,61,65,-4,4
38969,122,113,9,9
38970,89,87,2,2
38971,121,111,10,10
38972,119,112,7,7
38973,108,116,-8,8
38974,100,102,-2,2
38975,58,64,-6,6
38976,106,95,11,11
38977,88,91,-3,3
38978,103,93,10,10
38979,31,46,-15,15
38980,34,64,-30,30
38981,87,87,0,0
38982,111,108,3,3
38983,101,99,2,2
38984,41,52,-11,11
38985,60,70,-10,10
38986,115,112,3,3
38987,136,133,3,3
38988,74,74,0,0
38989,84,80,4,4
38990,110,103,7,7
38991,73,79,-6,6
38992,126,116,10,10
38993,77,76,1,1
38994,129,121,8,8
38995,123,125,-2,2
38996,99,92,7,7
38997,88,71,17,17
38998,61,75,-14,14
38999,74,79,-5,5
39000,107,100,7,7
39001,122,110,12,12
39002,60,69,-9,9
39003,188,174,14,14
39004,84,81,3,3
39005,146,141,5,5
39006,154,147,7,7
39007,114,116,-2,2
39008,117,106,11,11
39009,163,160,3,3
39010,74,79,-5,5
39011,113,107,6,6
39012,68,75,-7,7
39013,137,127,10,10
39014,86,88,-2,2
39015,136,133,3,3
39016,77,76,1,1
39017,156,145,11,11
39018,146,134,12,12
39019,62,66,-4,4
39020,66,77,-11,11
39021,121,116,5,5
39022,161,143,18,18
39023,102,109,-7,7
39024,67,65,2,2
39025,129,125,4,4
39026,120,125,-5,5
39027,174,167,7,7
39028,179,171,8,8
39029,92,86,6,6
39030,112,110,2,2
39031,110,99,11,11
39032,97,97,0,0
39033,68,68,0,0
39034,117,117,0,0
39035,155,138,17,17
39036,60,68,-8,8
39037,167,141,26,26
39038,115,106,9,9
39039,134,130,4,4
39040,48,63,-15,15
39041,89,83,6,6
39042,42,63,-21,21
39043,31,54,-23,23
39044,105,98,7,7
39045,138,126,12,12
39046,97,87,10,10
39047,83,85,-2,2
39048,54,62,-8,8
39049,65,70,-5,5
39050,94,99,-5,5
39051,86,86,0,0
39052,88,95,-7,7
39053,63,67,-4,4
39054,144,137,7,7
39055,62,68,-6,6
39056,63,81,-18,18
39057,98,97,1,1
39058,60,66,-6,6
39059,49,61,-12,12
39060,96,91,5,5
39061,71,80,-9,9
39062,120,109,11,11
39063,150,127,23,23
39064,80,80,0,0
39065,58,68,-10,10
39066,64,78,-14,14
39067,140,133,7,7
39068,124,121,3,3
39069,97,91,6,6
39070,161,135,26,26
39071,50,68,-18,18
39072,101,109,-8,8
39073,44,61,-17,17
39074,99,100,-1,1
39075,171,148,23,23
39076,43,57,-14,14
39077,93,101,-8,8
39078,139,132,7,7
39079,120,112,8,8
39080,98,103,-5,5
39081,101,103,-2,2
39082,80,78,2,2
39083,63,66,-3,3
39084,149,144,5,5
39085,132,120,12,12
39086,71,76,-5,5
39087,92,101,-9,9
39088,61,77,-16,16
39089,110,106,4,4
39090,67,73,-6,6
39091,38,68,-30,30
39092,89,105,-16,16
39093,86,88,-2,2
39094,157,162,-5,5
39095,63,75,-12,12
39096,56,68,-12,12
39097,96,101,-5,5
39098,58,69,-11,11
39099,164,158,6,6
39100,107,101,6,6
39101,131,111,20,20
39102,119,109,10,10
39103,103,101,2,2
39104,58,66,-8,8
39105,158,133,25,25
39106,148,131,17,17
39107,107,108,-1,1
39108,108,95,13,13
39109,85,78,7,7
39110,76,83,-7,7
39111,72,72,0,0
39112,133,123,10,10
39113,71,76,-5,5
39114,90,85,5,5
39115,105,103,2,2
39116,107,107,0,0
39117,84,83,1,1
39118,67,76,-9,9
39119,154,141,13,13
39120,63,80,-17,17
39121,182,161,21,21
39122,130,118,12,12
39123,126,125,1,1
39124,135,126,9,9
39125,86,86,0,0
39126,90,95,-5,5
39127,69,70,-1,1
39128,99,103,-4,4
39129,81,90,-9,9
39130,92,94,-2,2
39131,83,85,-2,2
39132,76,76,0,0
39133,79,75,4,4
39134,59,68,-9,9
39135,100,99,1,1
39136,60,73,-13,13
39137,76,83,-7,7
39138,110,96,14,14
39139,112,104,8,8
39140,93,98,-5,5
39141,101,99,2,2
39142,107,107,0,0
39143,180,167,13,13
39144,109,104,5,5
39145,85,81,4,4
39146,123,112,11,11
39147,90,91,-1,1
39148,118,112,6,6
39149,108,99,9,9
39150,95,89,6,6
39151,119,110,9,9
39152,115,96,19,19
39153,145,129,16,16
39154,46,65,-19,19
39155,59,70,-11,11
39156,127,131,-4,4
39157,114,111,3,3
39158,101,99,2,2
39159,134,129,5,5
39160,99,98,1,1
39161,143,134,9,9
39162,136,123,13,13
39163,152,144,8,8
39164,103,102,1,1
39165,79,79,0,0
39166,83,81,2,2
39167,125,107,18,18
39168,74,93,-19,19
39169,44,58,-14,14
39170,100,102,-2,2
39171,111,106,5,5
39172,65,69,-4,4
39173,102,97,5,5
39174,109,103,6,6
39175,80,75,5,5
39176,117,111,6,6
39177,121,110,11,11
39178,154,143,11,11
39179,55,64,-9,9
39180,90,95,-5,5
39181,137,112,25,25
39182,53,56,-3,3
39183,137,130,7,7
39184,64,70,-6,6
39185,133,119,14,14
39186,38,45,-7,7
39187,105,91,14,14
39188,45,58,-13,13
39189,133,118,15,15
39190,121,117,4,4
39191,138,123,15,15
39192,84,78,6,6
39193,79,81,-2,2
39194,48,62,-14,14
39195,51,68,-17,17
39196,90,89,1,1
39197,79,78,1,1
39198,73,75,-2,2
39199,82,76,6,6
39200,90,95,-5,5
39201,98,77,21,21
39202,56,66,-10,10
39203,100,95,5,5
39204,55,74,-19,19
39205,116,120,-4,4
39206,61,68,-7,7
39207,77,78,-1,1
39208,131,125,6,6
39209,115,120,-5,5
39210,94,85,9,9
39211,80,80,0,0
39212,57,66,-9,9
39213,112,104,8,8
39214,98,95,3,3
39215,136,136,0,0
39216,125,108,17,17
39217,90,96,-6,6
39218,81,85,-4,4
39219,123,119,4,4
39220,114,117,-3,3
39221,35,55,-20,20
39222,55,65,-10,10
39223,110,101,9,9
39224,52,63,-11,11
39225,191,168,23,23
39226,48,68,-20,20
39227,70,68,2,2
39228,116,112,4,4
39229,114,113,1,1
39230,71,76,-5,5
39231,130,112,18,18
39232,92,93,-1,1
39233,111,112,-1,1
39234,150,145,5,5
39235,112,127,-15,15
39236,85,86,-1,1
39237,75,77,-2,2
39238,64,72,-8,8
39239,65,71,-6,6
39240,164,154,10,10
39241,63,47,16,16
39242,105,101,4,4
39243,96,94,2,2
39244,102,88,14,14
39245,84,79,5,5
39246,72,83,-11,11
39247,118,118,0,0
39248,110,105,5,5
39249,81,82,-1,1
39250,109,110,-1,1
39251,76,73,3,3
39252,64,69,-5,5
39253,133,116,17,17
39254,143,123,20,20
39255,72,77,-5,5
39256,74,83,-9,9
39257,41,55,-14,14
39258,65,71,-6,6
39259,73,71,2,2
39260,63,75,-12,12
39261,175,159,16,16
39262,85,98,-13,13
39263,82,82,0,0
39264,48,60,-12,12
39265,97,91,6,6
39266,86,89,-3,3
39267,66,72,-6,6
39268,80,80,0,0
39269,84,86,-2,2
39270,90,89,1,1
39271,76,86,-10,10
39272,90,91,-1,1
39273,128,128,0,0
39274,76,86,-10,10
39275,84,86,-2,2
39276,116,114,2,2
39277,72,82,-10,10
39278,88,83,5,5
39279,58,63,-5,5
39280,80,79,1,1
39281,122,109,13,13
39282,84,92,-8,8
39283,62,70,-8,8
39284,78,79,-1,1
39285,113,111,2,2
39286,152,142,10,10
39287,68,73,-5,5
39288,72,74,-2,2
39289,104,102,2,2
39290,100,97,3,3
39291,92,87,5,5
39292,95,86,9,9
39293,66,68,-2,2
39294,78,85,-7,7
39295,117,101,16,16
39296,109,90,19,19
39297,157,137,20,20
39298,100,86,14,14
39299,101,95,6,6
39300,68,69,-1,1
39301,137,117,20,20
39302,144,145,-1,1
39303,152,146,6,6
39304,121,106,15,15
39305,83,84,-1,1
39306,86,100,-14,14
39307,72,70,2,2
39308,82,95,-13,13
39309,115,104,11,11
39310,44,54,-10,10
39311,130,133,-3,3
39312,84,84,0,0
39313,104,100,4,4
39314,70,68,2,2
39315,152,128,24,24
39316,66,75,-9,9
39317,137,112,25,25
39318,86,85,1,1
39319,130,115,15,15
39320,105,100,5,5
39321,79,83,-4,4
39322,79,78,1,1
39323,68,72,-4,4
39324,86,82,4,4
39325,90,97,-7,7
39326,174,152,22,22
39327,41,57,-16,16
39328,109,97,12,12
39329,98,93,5,5
39330,79,86,-7,7
39331,107,111,-4,4
39332,138,133,5,5
39333,49,51,-2,2
39334,68,78,-10,10
39335,465,260,205,205
39336,102,88,14,14
39337,108,109,-1,1
39338,98,100,-2,2
39339,70,68,2,2
39340,90,88,2,2
39341,103,99,4,4
39342,84,77,7,7
39343,128,133,-5,5
39344,205,184,21,21
39345,149,133,16,16
39346,51,62,-11,11
39347,64,69,-5,5
39348,155,139,16,16
39349,61,70,-9,9
39350,91,88,3,3
39351,69,77,-8,8
39352,51,69,-18,18
39353,59,67,-8,8
39354,110,97,13,13
39355,145,124,21,21
39356,86,97,-11,11
39357,192,178,14,14
39358,80,73,7,7
39359,62,69,-7,7
39360,116,115,1,1
39361,94,101,-7,7
39362,60,69,-9,9
39363,128,139,-11,11
39364,129,121,8,8
39365,111,110,1,1
39366,137,131,6,6
39367,164,146,18,18
39368,119,110,9,9
39369,90,89,1,1
39370,114,123,-9,9
39371,26,36,-10,10
39372,107,106,1,1
39373,68,74,-6,6
39374,118,116,2,2
39375,124,113,11,11
39376,170,156,14,14
39377,61,72,-11,11
39378,136,131,5,5
39379,196,142,54,54
39380,87,80,7,7
39381,95,103,-8,8
39382,108,110,-2,2
39383,151,142,9,9
39384,67,75,-8,8
39385,149,140,9,9
39386,113,103,10,10
39387,50,63,-13,13
39388,79,85,-6,6
39389,103,97,6,6
39390,80,77,3,3
39391,172,168,4,4
39392,105,109,-4,4
39393,82,84,-2,2
39394,47,58,-11,11
39395,54,56,-2,2
39396,80,77,3,3
39397,64,66,-2,2
39398,150,135,15,15
39399,134,126,8,8
39400,61,75,-14,14
39401,108,101,7,7
39402,116,113,3,3
39403,101,115,-14,14
39404,81,82,-1,1
39405,90,95,-5,5
39406,71,80,-9,9
39407,119,115,4,4
39408,133,129,4,4
39409,125,131,-6,6
39410,70,71,-1,1
39411,182,165,17,17
39412,114,116,-2,2
39413,136,134,2,2
39414,76,81,-5,5
39415,114,101,13,13
39416,46,58,-12,12
39417,97,109,-12,12
39418,70,78,-8,8
39419,63,63,0,0
39420,100,93,7,7
39421,114,106,8,8
39422,52,60,-8,8
39423,130,128,2,2
39424,108,96,12,12
39425,133,118,15,15
39426,26,49,-23,23
39427,75,81,-6,6
39428,112,118,-6,6
39429,73,73,0,0
39430,44,62,-18,18
39431,75,79,-4,4
39432,93,91,2,2
39433,60,76,-16,16
39434,83,85,-2,2
39435,140,126,14,14
39436,100,102,-2,2
39437,107,98,9,9
39438,95,83,12,12
39439,111,99,12,12
39440,112,102,10,10
39441,67,76,-9,9
39442,52,61,-9,9
39443,113,101,12,12
39444,77,81,-4,4
39445,135,129,6,6
39446,61,67,-6,6
39447,58,75,-17,17
39448,60,69,-9,9
39449,100,98,2,2
39450,49,64,-15,15
39451,71,73,-2,2
39452,104,102,2,2
39453,49,63,-14,14
39454,141,131,10,10
39455,113,109,4,4
39456,74,73,1,1
39457,135,130,5,5
39458,61,72,-11,11
39459,115,115,0,0
39460,89,96,-7,7
39461,76,77,-1,1
39462,111,118,-7,7
39463,61,73,-12,12
39464,54,60,-6,6
39465,95,102,-7,7
39466,125,123,2,2
39467,168,163,5,5
39468,71,71,0,0
39469,80,80,0,0
39470,224,221,3,3
39471,87,93,-6,6
39472,65,73,-8,8
39473,130,135,-5,5
39474,111,111,0,0
39475,76,75,1,1
39476,111,104,7,7
39477,88,95,-7,7
39478,97,97,0,0
39479,118,116,2,2
39480,93,83,10,10
39481,131,120,11,11
39482,82,85,-3,3
39483,153,136,17,17
39484,76,82,-6,6
39485,105,110,-5,5
39486,38,50,-12,12
39487,56,70,-14,14
39488,75,76,-1,1
39489,40,48,-8,8
39490,139,140,-1,1
39491,78,94,-16,16
39492,72,77,-5,5
39493,123,128,-5,5
39494,71,73,-2,2
39495,144,134,10,10
39496,51,62,-11,11
39497,63,70,-7,7
39498,51,66,-15,15
39499,98,96,2,2
39500,83,82,1,1
39501,75,88,-13,13
39502,108,105,3,3
39503,100,96,4,4
39504,61,64,-3,3
39505,76,78,-2,2
39506,156,195,-39,39
39507,69,74,-5,5
39508,219,208,11,11
39509,112,107,5,5
39510,86,89,-3,3
39511,53,61,-8,8
39512,108,103,5,5
39513,82,84,-2,2
39514,89,83,6,6
39515,125,118,7,7
39516,96,112,-16,16
39517,113,107,6,6
39518,61,73,-12,12
39519,39,55,-16,16
39520,65,81,-16,16
39521,101,98,3,3
39522,188,162,26,26
39523,73,75,-2,2
39524,51,71,-20,20
39525,126,122,4,4
39526,95,115,-20,20
39527,85,105,-20,20
39528,112,120,-8,8
39529,117,115,2,2
39530,109,94,15,15
39531,47,64,-17,17
39532,63,76,-13,13
39533,92,95,-3,3
39534,78,81,-3,3
39535,100,95,5,5
39536,137,120,17,17
39537,163,153,10,10
39538,74,81,-7,7
39539,64,78,-14,14
39540,87,78,9,9
39541,87,87,0,0
39542,120,121,-1,1
39543,129,121,8,8
39544,137,129,8,8
39545,65,70,-5,5
39546,67,75,-8,8
39547,83,84,-1,1
39548,91,89,2,2
39549,88,85,3,3
39550,47,59,-12,12
39551,119,117,2,2
39552,76,79,-3,3
39553,96,92,4,4
39554,69,81,-12,12
39555,91,92,-1,1
39556,95,96,-1,1
39557,89,98,-9,9
39558,89,84,5,5
39559,106,103,3,3
39560,86,74,12,12
39561,119,104,15,15
39562,76,84,-8,8
39563,95,86,9,9
39564,93,91,2,2
39565,93,82,11,11
39566,87,88,-1,1
39567,142,144,-2,2
39568,81,84,-3,3
39569,54,59,-5,5
39570,131,117,14,14
39571,53,62,-9,9
39572,132,131,1,1
39573,83,86,-3,3
39574,77,74,3,3
39575,86,90,-4,4
39576,135,124,11,11
39577,114,105,9,9
39578,75,87,-12,12
39579,62,78,-16,16
39580,96,92,4,4
39581,88,81,7,7
39582,58,65,-7,7
39583,55,65,-10,10
39584,70,73,-3,3
39585,162,149,13,13
39586,98,91,7,7
39587,73,73,0,0
39588,52,65,-13,13
39589,86,86,0,0
39590,133,116,17,17
39591,102,101,1,1
39592,137,129,8,8
39593,58,63,-5,5
39594,94,80,14,14
39595,158,142,16,16
39596,88,89,-1,1
39597,81,89,-8,8
39598,88,80,8,8
39599,170,172,-2,2
39600,132,124,8,8
39601,160,157,3,3
39602,69,74,-5,5
39603,78,80,-2,2
39604,47,73,-26,26
39605,122,117,5,5
39606,46,54,-8,8
39607,81,85,-4,4
39608,173,172,1,1
39609,36,106,-70,70
39610,84,78,6,6
39611,118,105,13,13
39612,113,100,13,13
39613,162,151,11,11
39614,98,104,-6,6
39615,96,93,3,3
39616,71,78,-7,7
39617,68,71,-3,3
39618,85,83,2,2
39619,34,71,-37,37
39620,69,77,-8,8
39621,69,78,-9,9
39622,128,120,8,8
39623,99,100,-1,1
39624,121,119,2,2
39625,179,160,19,19
39626,92,97,-5,5
39627,171,169,2,2
39628,94,98,-4,4
39629,112,111,1,1
39630,79,79,0,0
39631,57,71,-14,14
39632,72,83,-11,11
39633,161,137,24,24
39634,132,124,8,8
39635,126,114,12,12
39636,78,84,-6,6
39637,72,72,0,0
39638,88,93,-5,5
39639,93,91,2,2
39640,56,65,-9,9
39641,179,160,19,19
39642,99,99,0,0
39643,143,124,19,19
39644,25,45,-20,20
39645,85,82,3,3
39646,50,63,-13,13
39647,110,103,7,7
39648,133,123,10,10
39649,103,97,6,6
39650,149,143,6,6
39651,146,143,3,3
39652,65,76,-11,11
39653,117,129,-12,12
39654,53,61,-8,8
39655,155,135,20,20
39656,127,124,3,3
39657,87,88,-1,1
39658,167,149,18,18
39659,74,75,-1,1
39660,65,72,-7,7
39661,50,59,-9,9
39662,109,106,3,3
39663,65,74,-9,9
39664,98,93,5,5
39665,128,121,7,7
39666,132,130,2,2
39667,174,170,4,4
39668,81,83,-2,2
39669,69,77,-8,8
39670,77,74,3,3
39671,69,71,-2,2
39672,68,75,-7,7
39673,132,131,1,1
39674,152,158,-6,6
39675,87,88,-1,1
39676,30,49,-19,19
39677,98,88,10,10
39678,99,93,6,6
39679,116,114,2,2
39680,100,99,1,1
39681,137,128,9,9
39682,63,71,-8,8
39683,82,87,-5,5
39684,99,109,-10,10
39685,58,69,-11,11
39686,68,73,-5,5
39687,121,110,11,11
39688,91,80,11,11
39689,61,82,-21,21
39690,46,59,-13,13
39691,107,113,-6,6
39692,80,82,-2,2
39693,78,82,-4,4
39694,83,81,2,2
39695,139,129,10,10
39696,113,113,0,0
39697,109,112,-3,3
39698,168,158,10,10
39699,148,134,14,14
39700,90,85,5,5
39701,49,63,-14,14
39702,91,99,-8,8
39703,48,58,-10,10
39704,99,100,-1,1
39705,125,128,-3,3
39706,77,94,-17,17
39707,89,86,3,3
39708,85,81,4,4
39709,85,84,1,1
39710,60,68,-8,8
39711,100,96,4,4
39712,61,71,-10,10
39713,87,86,1,1
39714,79,83,-4,4
39715,48,57,-9,9
39716,90,97,-7,7
39717,85,84,1,1
39718,77,78,-1,1
39719,56,67,-11,11
39720,55,64,-9,9
39721,148,139,9,9
39722,108,99,9,9
39723,69,71,-2,2
39724,151,137,14,14
39725,98,84,14,14
39726,87,91,-4,4
39727,76,77,-1,1
39728,84,83,1,1
39729,39,54,-15,15
39730,105,102,3,3
39731,68,96,-28,28
39732,58,74,-16,16
39733,81,80,1,1
39734,108,107,1,1
39735,98,99,-1,1
39736,148,131,17,17
39737,71,75,-4,4
39738,108,99,9,9
39739,68,79,-11,11
39740,82,86,-4,4
39741,159,138,21,21
39742,109,96,13,13
39743,113,102,11,11
39744,106,100,6,6
39745,124,110,14,14
39746,74,79,-5,5
39747,23,38,-15,15
39748,94,88,6,6
39749,69,75,-6,6
39750,63,75,-12,12
39751,49,64,-15,15
39752,83,81,2,2
39753,65,69,-4,4
39754,122,99,23,23
39755,110,108,2,2
39756,145,138,7,7
39757,128,112,16,16
39758,61,63,-2,2
39759,135,120,15,15
39760,62,60,2,2
39761,143,120,23,23
39762,59,67,-8,8
39763,133,125,8,8
39764,84,92,-8,8
39765,127,118,9,9
39766,75,77,-2,2
39767,128,122,6,6
39768,85,88,-3,3
39769,127,112,15,15
39770,66,77,-11,11
39771,45,54,-9,9
39772,89,88,1,1
39773,82,82,0,0
39774,98,90,8,8
39775,51,64,-13,13
39776,112,110,2,2
39777,70,77,-7,7
39778,75,66,9,9
39779,97,100,-3,3
39780,59,77,-18,18
39781,51,56,-5,5
39782,53,62,-9,9
39783,56,74,-18,18
39784,67,68,-1,1
39785,66,78,-12,12
39786,89,89,0,0
39787,94,83,11,11
39788,77,85,-8,8
39789,41,55,-14,14
39790,85,86,-1,1
39791,72,73,-1,1
39792,108,108,0,0
39793,105,105,0,0
39794,67,73,-6,6
39795,97,95,2,2
39796,76,80,-4,4
39797,133,142,-9,9
39798,93,93,0,0
39799,40,57,-17,17
39800,66,69,-3,3
39801,43,56,-13,13
39802,145,134,11,11
39803,135,118,17,17
39804,64,72,-8,8
39805,76,95,-19,19
39806,55,64,-9,9
39807,78,77,1,1
39808,103,98,5,5
39809,141,139,2,2
39810,152,147,5,5
39811,110,115,-5,5
39812,122,113,9,9
39813,78,83,-5,5
39814,82,82,0,0
39815,104,92,12,12
39816,112,106,6,6
39817,69,72,-3,3
39818,48,59,-11,11
39819,60,71,-11,11
39820,54,61,-7,7
39821,128,117,11,11
39822,61,65,-4,4
39823,108,119,-11,11
39824,86,86,0,0
39825,74,84,-10,10
39826,168,154,14,14
39827,76,78,-2,2
39828,80,82,-2,2
39829,96,91,5,5
39830,74,75,-1,1
39831,59,65,-6,6
39832,143,137,6,6
39833,68,66,2,2
39834,76,79,-3,3
39835,97,99,-2,2
39836,66,73,-7,7
39837,94,93,1,1
39838,159,147,12,12
39839,76,71,5,5
39840,121,122,-1,1
39841,123,121,2,2
39842,80,83,-3,3
39843,77,81,-4,4
39844,52,64,-12,12
39845,115,116,-1,1
39846,180,152,28,28
39847,70,75,-5,5
39848,79,86,-7,7
39849,112,101,11,11
39850,89,92,-3,3
39851,83,85,-2,2
39852,108,111,-3,3
39853,67,74,-7,7
39854,86,86,0,0
39855,82,90,-8,8
39856,156,148,8,8
39857,141,127,14,14
39858,154,143,11,11
39859,63,70,-7,7
39860,52,60,-8,8
39861,122,108,14,14
39862,69,83,-14,14
39863,93,90,3,3
39864,106,110,-4,4
39865,76,89,-13,13
39866,97,92,5,5
39867,96,95,1,1
39868,116,113,3,3
39869,98,102,-4,4
39870,89,85,4,4
39871,137,134,3,3
39872,88,79,9,9
39873,115,112,3,3
39874,135,126,9,9
39875,99,100,-1,1
39876,68,78,-10,10
39877,98,98,0,0
39878,119,109,10,10
39879,77,78,-1,1
39880,74,85,-11,11
39881,115,107,8,8
39882,67,75,-8,8
39883,79,87,-8,8
39884,107,110,-3,3
39885,83,85,-2,2
39886,74,83,-9,9
39887,160,151,9,9
39888,56,69,-13,13
39889,74,79,-5,5
39890,95,96,-1,1
39891,141,147,-6,6
39892,98,96,2,2
39893,84,86,-2,2
39894,118,109,9,9
39895,58,63,-5,5
39896,54,69,-15,15
39897,74,78,-4,4
39898,69,76,-7,7
39899,123,104,19,19
39900,59,65,-6,6
39901,50,66,-16,16
39902,56,62,-6,6
39903,55,67,-12,12
39904,145,130,15,15
39905,89,86,3,3
39906,74,69,5,5
39907,67,74,-7,7
39908,100,102,-2,2
39909,99,99,0,0
39910,64,72,-8,8
39911,49,66,-17,17
39912,144,139,5,5
39913,65,70,-5,5
39914,57,64,-7,7
39915,74,79,-5,5
39916,82,86,-4,4
39917,80,79,1,1
39918,167,174,-7,7
39919,55,58,-3,3
39920,98,98,0,0
39921,69,74,-5,5
39922,60,66,-6,6
39923,149,140,9,9
39924,170,163,7,7
39925,56,67,-11,11
39926,120,116,4,4
39927,114,112,2,2
39928,123,120,3,3
39929,67,78,-11,11
39930,145,138,7,7
39931,72,76,-4,4
39932,85,84,1,1
39933,117,112,5,5
39934,87,104,-17,17
39935,66,78,-12,12
39936,116,120,-4,4
39937,53,70,-17,17
39938,109,103,6,6
39939,26,45,-19,19
39940,51,62,-11,11
39941,65,66,-1,1
39942,89,83,6,6
39943,110,96,14,14
39944,70,78,-8,8
39945,46,59,-13,13
39946,119,114,5,5
39947,127,119,8,8
39948,95,89,6,6
39949,68,73,-5,5
39950,73,76,-3,3
39951,112,102,10,10
39952,152,155,-3,3
39953,83,84,-1,1
39954,115,106,9,9
39955,131,104,27,27
39956,49,56,-7,7
39957,118,99,19,19
39958,94,84,10,10
39959,120,120,0,0
39960,64,80,-16,16
39961,145,132,13,13
39962,63,72,-9,9
39963,62,70,-8,8
39964,55,62,-7,7
39965,113,117,-4,4
39966,62,67,-5,5
39967,80,79,1,1
39968,100,95,5,5
39969,72,80,-8,8
39970,75,78,-3,3
39971,104,98,6,6
39972,56,60,-4,4
39973,116,126,-10,10
39974,87,94,-7,7
39975,109,105,4,4
39976,107,108,-1,1
39977,63,73,-10,10
39978,127,129,-2,2
39979,124,107,17,17
39980,67,70,-3,3
39981,229,178,51,51
39982,144,122,22,22
39983,110,109,1,1
39984,70,70,0,0
39985,102,97,5,5
39986,153,131,22,22
39987,82,85,-3,3
39988,50,62,-12,12
39989,54,66,-12,12
39990,97,95,2,2
39991,75,82,-7,7
39992,83,82,1,1
39993,88,85,3,3
39994,129,118,11,11
39995,91,80,11,11
39996,115,99,16,16
39997,96,96,0,0
39998,177,170,7,7
39999,109,107,2,2
40000,91,89,2,2
40001,102,97,5,5
40002,75,74,1,1
40003,67,75,-8,8
40004,85,86,-1,1
40005,133,123,10,10
40006,122,118,4,4
40007,99,96,3,3
40008,72,80,-8,8
40009,80,85,-5,5
40010,61,68,-7,7
40011,118,105,13,13
40012,112,108,4,4
40013,69,80,-11,11
40014,156,145,11,11
40015,140,131,9,9
40016,55,65,-10,10
40017,85,93,-8,8
40018,104,96,8,8
40019,113,101,12,12
40020,61,72,-11,11
40021,110,114,-4,4
40022,142,124,18,18
40023,93,92,1,1
40024,49,62,-13,13
40025,139,132,7,7
40026,42,57,-15,15
40027,80,79,1,1
40028,138,126,12,12
40029,148,140,8,8
40030,28,54,-26,26
40031,54,67,-13,13
40032,85,79,6,6
40033,84,84,0,0
40034,161,145,16,16
40035,80,79,1,1
40036,108,118,-10,10
40037,91,94,-3,3
40038,92,85,7,7
40039,92,97,-5,5
40040,91,85,6,6
40041,146,129,17,17
40042,59,75,-16,16
40043,109,98,11,11
40044,67,75,-8,8
40045,89,92,-3,3
40046,156,140,16,16
40047,106,99,7,7
40048,71,78,-7,7
40049,161,148,13,13
40050,97,95,2,2
40051,95,93,2,2
40052,128,128,0,0
40053,79,93,-14,14
40054,127,133,-6,6
40055,88,93,-5,5
40056,63,69,-6,6
40057,47,59,-12,12
40058,67,80,-13,13
40059,44,51,-7,7
40060,70,69,1,1
40061,59,64,-5,5
40062,115,115,0,0
40063,123,127,-4,4
40064,49,58,-9,9
40065,81,81,0,0
40066,55,64,-9,9
40067,105,95,10,10
40068,120,120,0,0
40069,95,98,-3,3
40070,73,80,-7,7
40071,76,83,-7,7
40072,95,93,2,2
40073,35,49,-14,14
40074,85,81,4,4
40075,65,82,-17,17
40076,125,121,4,4
40077,62,68,-6,6
40078,95,96,-1,1
40079,139,129,10,10
40080,77,83,-6,6
40081,65,71,-6,6
40082,53,65,-12,12
40083,83,77,6,6
40084,62,60,2,2
40085,74,74,0,0
40086,32,48,-16,16
40087,67,72,-5,5
40088,134,115,19,19
40089,78,87,-9,9
40090,88,86,2,2
40091,81,86,-5,5
40092,60,72,-12,12
40093,117,101,16,16
40094,61,71,-10,10
40095,147,139,8,8
40096,217,190,27,27
40097,84,87,-3,3
40098,67,71,-4,4
40099,158,168,-10,10
40100,51,68,-17,17
40101,91,94,-3,3
40102,72,72,0,0
40103,121,121,0,0
40104,76,75,1,1
40105,117,109,8,8
40106,63,67,-4,4
40107,82,88,-6,6
40108,87,96,-9,9
40109,77,79,-2,2
40110,67,78,-11,11
40111,129,105,24,24
40112,56,64,-8,8
40113,60,73,-13,13
40114,130,115,15,15
40115,106,111,-5,5
40116,73,71,2,2
40117,89,86,3,3
40118,85,91,-6,6
40119,71,70,1,1
40120,206,214,-8,8
40121,142,146,-4,4
40122,106,106,0,0
40123,98,96,2,2
40124,60,76,-16,16
40125,113,116,-3,3
40126,57,68,-11,11
40127,73,72,1,1
40128,186,151,35,35
40129,87,93,-6,6
40130,122,113,9,9
40131,80,87,-7,7
40132,130,118,12,12
40133,106,103,3,3
40134,175,187,-12,12
40135,135,127,8,8
40136,115,110,5,5
40137,80,81,-1,1
40138,125,112,13,13
40139,85,92,-7,7
40140,85,81,4,4
40141,143,132,11,11
40142,92,88,4,4
40143,74,68,6,6
40144,66,81,-15,15
40145,68,75,-7,7
40146,103,98,5,5
40147,82,83,-1,1
40148,57,64,-7,7
40149,102,107,-5,5
40150,117,115,2,2
40151,79,86,-7,7
40152,179,152,27,27
40153,111,117,-6,6
40154,59,70,-11,11
40155,90,87,3,3
40156,82,106,-24,24
40157,120,114,6,6
40158,89,91,-2,2
40159,76,79,-3,3
40160,74,74,0,0
40161,54,65,-11,11
40162,51,64,-13,13
40163,71,78,-7,7
40164,116,98,18,18
40165,84,81,3,3
40166,107,97,10,10
40167,83,81,2,2
40168,170,153,17,17
40169,118,116,2,2
40170,115,105,10,10
40171,78,90,-12,12
40172,155,142,13,13
40173,143,143,0,0
40174,80,87,-7,7
40175,64,79,-15,15
40176,97,86,11,11
40177,92,96,-4,4
40178,63,74,-11,11
40179,196,167,29,29
40180,70,82,-12,12
40181,95,95,0,0
40182,73,80,-7,7
40183,64,78,-14,14
40184,86,95,-9,9
40185,93,98,-5,5
40186,81,81,0,0
40187,132,106,26,26
40188,89,78,11,11
40189,80,76,4,4
40190,61,69,-8,8
40191,148,146,2,2
40192,104,98,6,6
40193,105,101,4,4
40194,94,88,6,6
40195,72,79,-7,7
40196,71,75,-4,4
40197,115,108,7,7
40198,100,97,3,3
40199,64,69,-5,5
40200,88,91,-3,3
40201,175,177,-2,2
40202,153,153,0,0
40203,58,63,-5,5
40204,143,143,0,0
40205,49,57,-8,8
40206,62,66,-4,4
40207,72,76,-4,4
40208,112,110,2,2
40209,90,84,6,6
40210,88,85,3,3
40211,92,87,5,5
40212,25,41,-16,16
40213,97,94,3,3
40214,133,116,17,17
40215,86,87,-1,1
40216,81,80,1,1
40217,164,148,16,16
40218,64,67,-3,3
40219,79,79,0,0
40220,108,105,3,3
40221,62,74,-12,12
40222,84,86,-2,2
40223,187,180,7,7
40224,70,81,-11,11
40225,119,107,12,12
40226,86,102,-16,16
40227,118,107,11,11
40228,79,85,-6,6
40229,77,79,-2,2
40230,85,90,-5,5
40231,107,95,12,12
40232,76,80,-4,4
40233,54,57,-3,3
40234,66,70,-4,4
40235,64,77,-13,13
40236,56,57,-1,1
40237,147,151,-4,4
40238,92,82,10,10
40239,119,107,12,12
40240,61,74,-13,13
40241,112,100,12,12
40242,116,117,-1,1
40243,68,79,-11,11
40244,153,146,7,7
40245,114,122,-8,8
40246,115,110,5,5
40247,91,91,0,0
40248,68,76,-8,8
40249,111,103,8,8
40250,79,75,4,4
40251,57,72,-15,15
40252,114,110,4,4
40253,66,76,-10,10
40254,96,85,11,11
40255,83,93,-10,10
40256,93,85,8,8
40257,83,80,3,3
40258,80,78,2,2
40259,82,82,0,0
40260,114,113,1,1
40261,49,65,-16,16
40262,67,80,-13,13
40263,79,81,-2,2
40264,77,80,-3,3
40265,64,72,-8,8
40266,177,162,15,15
40267,71,80,-9,9
40268,99,93,6,6
40269,90,86,4,4
40270,107,102,5,5
40271,103,94,9,9
40272,144,133,11,11
40273,81,81,0,0
40274,69,75,-6,6
40275,63,82,-19,19
40276,105,103,2,2
40277,100,91,9,9
40278,118,116,2,2
40279,89,82,7,7
40280,90,88,2,2
40281,88,93,-5,5
40282,69,70,-1,1
40283,59,63,-4,4
40284,84,83,1,1
40285,143,137,6,6
40286,112,117,-5,5
40287,143,150,-7,7
40288,78,87,-9,9
40289,38,57,-19,19
40290,107,95,12,12
40291,57,66,-9,9
40292,62,93,-31,31
40293,79,83,-4,4
40294,72,77,-5,5
40295,85,83,2,2
40296,83,86,-3,3
40297,69,75,-6,6
40298,62,68,-6,6
40299,80,86,-6,6
40300,55,70,-15,15
40301,77,75,2,2
40302,77,89,-12,12
40303,81,90,-9,9
40304,88,85,3,3
40305,75,85,-10,10
40306,103,103,0,0
40307,63,67,-4,4
40308,115,99,16,16
40309,149,148,1,1
40310,48,56,-8,8
40311,67,67,0,0
40312,167,142,25,25
40313,116,111,5,5
40314,40,57,-17,17
40315,93,96,-3,3
40316,98,93,5,5
40317,105,96,9,9
40318,150,135,15,15
40319,174,144,30,30
40320,156,140,16,16
40321,61,97,-36,36
40322,124,124,0,0
40323,61,65,-4,4
40324,58,66,-8,8
40325,147,143,4,4
40326,80,91,-11,11
40327,115,102,13,13
40328,139,134,5,5
40329,73,77,-4,4
40330,208,193,15,15
40331,92,98,-6,6
40332,63,65,-2,2
40333,126,113,13,13
40334,31,47,-16,16
40335,55,75,-20,20
40336,154,141,13,13
40337,110,107,3,3
40338,62,67,-5,5
40339,124,114,10,10
40340,81,78,3,3
40341,78,72,6,6
40342,122,129,-7,7
40343,110,117,-7,7
40344,100,86,14,14
40345,112,106,6,6
40346,58,63,-5,5
40347,92,87,5,5
40348,143,134,9,9
40349,76,79,-3,3
40350,62,74,-12,12
40351,72,78,-6,6
40352,96,100,-4,4
40353,98,96,2,2
40354,209,177,32,32
40355,81,81,0,0
40356,65,75,-10,10
40357,111,99,12,12
40358,158,141,17,17
40359,106,109,-3,3
40360,124,112,12,12
40361,90,84,6,6
40362,95,94,1,1
40363,86,90,-4,4
40364,89,85,4,4
40365,59,75,-16,16
40366,132,119,13,13
40367,91,79,12,12
40368,90,84,6,6
40369,85,85,0,0
40370,77,92,-15,15
40371,68,68,0,0
40372,77,86,-9,9
40373,125,125,0,0
40374,53,59,-6,6
40375,100,103,-3,3
40376,128,125,3,3
40377,78,76,2,2
40378,73,90,-17,17
40379,79,82,-3,3
40380,89,89,0,0
40381,101,99,2,2
40382,93,105,-12,12
40383,93,93,0,0
40384,62,69,-7,7
40385,113,114,-1,1
40386,117,110,7,7
40387,133,123,10,10
40388,107,111,-4,4
40389,64,87,-23,23
40390,48,62,-14,14
40391,103,102,1,1
40392,91,95,-4,4
40393,121,125,-4,4
40394,109,104,5,5
40395,92,91,1,1
40396,118,105,13,13
40397,82,86,-4,4
40398,76,73,3,3
40399,98,90,8,8
40400,118,106,12,12
40401,124,123,1,1
40402,120,98,22,22
40403,85,89,-4,4
40404,112,105,7,7
40405,88,92,-4,4
40406,65,65,0,0
40407,48,58,-10,10
40408,66,81,-15,15
40409,106,85,21,21
40410,174,143,31,31
40411,161,149,12,12
40412,42,64,-22,22
40413,65,78,-13,13
40414,47,62,-15,15
40415,100,107,-7,7
40416,91,92,-1,1
40417,59,69,-10,10
40418,77,86,-9,9
40419,83,81,2,2
40420,91,91,0,0
40421,91,89,2,2
40422,163,153,10,10
40423,89,85,4,4
40424,144,145,-1,1
40425,107,112,-5,5
40426,75,77,-2,2
40427,210,208,2,2
40428,168,159,9,9
40429,116,116,0,0
40430,67,80,-13,13
40431,66,74,-8,8
40432,23,47,-24,24
40433,99,96,3,3
40434,66,72,-6,6
40435,56,66,-10,10
40436,92,88,4,4
40437,132,120,12,12
40438,67,77,-10,10
40439,42,51,-9,9
40440,123,120,3,3
40441,44,57,-13,13
40442,117,110,7,7
40443,109,103,6,6
40444,106,99,7,7
40445,92,93,-1,1
40446,88,83,5,5
40447,74,79,-5,5
40448,114,121,-7,7
40449,146,126,20,20
40450,105,99,6,6
40451,91,97,-6,6
40452,124,117,7,7
40453,178,164,14,14
40454,98,95,3,3
40455,145,149,-4,4
40456,76,78,-2,2
40457,100,101,-1,1
40458,128,109,19,19
40459,152,140,12,12
40460,40,55,-15,15
40461,65,74,-9,9
40462,107,106,1,1
40463,90,87,3,3
40464,100,102,-2,2
40465,71,84,-13,13
40466,55,66,-11,11
40467,80,81,-1,1
40468,131,118,13,13
40469,28,51,-23,23
40470,93,99,-6,6
40471,149,153,-4,4
40472,88,95,-7,7
40473,50,64,-14,14
40474,82,93,-11,11
40475,125,113,12,12
40476,131,115,16,16
40477,93,99,-6,6
40478,83,84,-1,1
40479,149,148,1,1
40480,74,84,-10,10
40481,124,120,4,4
40482,174,149,25,25
40483,83,110,-27,27
40484,119,118,1,1
40485,85,83,2,2
40486,70,70,0,0
40487,197,189,8,8
40488,131,123,8,8
40489,130,115,15,15
40490,73,84,-11,11
40491,97,94,3,3
40492,85,102,-17,17
40493,198,167,31,31
40494,100,94,6,6
40495,81,90,-9,9
40496,71,78,-7,7
40497,97,98,-1,1
40498,77,88,-11,11
40499,88,87,1,1
40500,90,83,7,7
40501,74,78,-4,4
40502,70,75,-5,5
40503,63,67,-4,4
40504,149,132,17,17
40505,97,89,8,8
40506,65,75,-10,10
40507,81,83,-2,2
40508,100,99,1,1
40509,79,88,-9,9
40510,106,102,4,4
40511,79,84,-5,5
40512,137,132,5,5
40513,82,87,-5,5
40514,68,65,3,3
40515,100,94,6,6
40516,40,58,-18,18
40517,57,63,-6,6
40518,73,83,-10,10
40519,85,88,-3,3
40520,135,124,11,11
40521,126,122,4,4
40522,158,148,10,10
40523,110,103,7,7
40524,125,127,-2,2
40525,115,105,10,10
40526,112,112,0,0
40527,71,80,-9,9
40528,121,133,-12,12
40529,97,102,-5,5
40530,104,102,2,2
40531,97,96,1,1
40532,54,63,-9,9
40533,76,81,-5,5
40534,132,109,23,23
40535,98,100,-2,2
40536,107,102,5,5
40537,119,106,13,13
40538,125,114,11,11
40539,96,99,-3,3
40540,49,63,-14,14
40541,89,80,9,9
40542,101,95,6,6
40543,86,96,-10,10
40544,43,55,-12,12
40545,40,53,-13,13
40546,109,105,4,4
40547,49,63,-14,14
40548,99,101,-2,2
40549,120,101,19,19
40550,70,85,-15,15
40551,177,158,19,19
40552,59,74,-15,15
40553,90,90,0,0
40554,99,97,2,2
40555,99,99,0,0
40556,113,103,10,10
40557,87,81,6,6
40558,120,118,2,2
40559,122,108,14,14
40560,156,152,4,4
40561,90,84,6,6
40562,109,105,4,4
40563,59,73,-14,14
40564,110,110,0,0
40565,64,70,-6,6
40566,76,80,-4,4
40567,93,88,5,5
40568,81,87,-6,6
40569,155,141,14,14
40570,77,90,-13,13
40571,52,62,-10,10
40572,48,63,-15,15
40573,94,98,-4,4
40574,72,83,-11,11
40575,78,95,-17,17
40576,108,100,8,8
40577,74,86,-12,12
40578,67,71,-4,4
40579,88,84,4,4
40580,127,122,5,5
40581,88,99,-11,11
40582,53,68,-15,15
40583,101,99,2,2
40584,105,98,7,7
40585,120,114,6,6
40586,63,75,-12,12
40587,50,64,-14,14
40588,67,73,-6,6
40589,121,119,2,2
40590,76,81,-5,5
40591,95,80,15,15
40592,97,97,0,0
40593,63,76,-13,13
40594,135,129,6,6
40595,61,68,-7,7
40596,79,82,-3,3
40597,133,123,10,10
40598,97,100,-3,3
40599,78,72,6,6
40600,96,90,6,6
40601,47,57,-10,10
40602,139,121,18,18
40603,99,95,4,4
40604,113,98,15,15
40605,94,88,6,6
40606,100,103,-3,3
40607,71,83,-12,12
40608,102,106,-4,4
40609,113,105,8,8
40610,85,85,0,0
40611,75,71,4,4
40612,62,65,-3,3
40613,111,91,20,20
40614,80,82,-2,2
40615,117,113,4,4
40616,107,102,5,5
40617,75,78,-3,3
40618,82,86,-4,4
40619,73,77,-4,4
40620,110,102,8,8
40621,115,107,8,8
40622,151,141,10,10
40623,60,71,-11,11
40624,51,63,-12,12
40625,76,75,1,1
40626,115,104,11,11
40627,79,82,-3,3
40628,85,92,-7,7
40629,84,91,-7,7
40630,136,119,17,17
40631,76,83,-7,7
40632,30,55,-25,25
40633,141,133,8,8
40634,83,83,0,0
40635,81,87,-6,6
40636,79,85,-6,6
40637,113,112,1,1
40638,88,84,4,4
40639,145,164,-19,19
40640,156,144,12,12
40641,80,92,-12,12
40642,103,98,5,5
40643,116,107,9,9
40644,76,73,3,3
40645,123,116,7,7
40646,93,93,0,0
40647,103,104,-1,1
40648,67,72,-5,5
40649,102,107,-5,5
40650,92,83,9,9
40651,86,86,0,0
40652,56,67,-11,11
40653,80,87,-7,7
40654,137,129,8,8
40655,48,62,-14,14
40656,87,79,8,8
40657,112,117,-5,5
40658,74,76,-2,2
40659,87,87,0,0
40660,101,105,-4,4
40661,58,71,-13,13
40662,116,105,11,11
40663,97,91,6,6
40664,65,72,-7,7
40665,98,91,7,7
40666,98,89,9,9
40667,156,142,14,14
40668,88,88,0,0
40669,85,93,-8,8
40670,64,67,-3,3
40671,72,79,-7,7
40672,107,109,-2,2
40673,87,100,-13,13
40674,115,111,4,4
40675,102,90,12,12
40676,120,107,13,13
40677,87,91,-4,4
40678,81,84,-3,3
40679,53,64,-11,11
40680,71,83,-12,12
40681,78,80,-2,2
40682,104,97,7,7
40683,113,114,-1,1
40684,51,58,-7,7
40685,65,76,-11,11
40686,109,125,-16,16
40687,78,84,-6,6
40688,105,93,12,12
40689,93,100,-7,7
40690,103,98,5,5
40691,113,98,15,15
40692,77,87,-10,10
40693,135,124,11,11
40694,82,76,6,6
40695,84,86,-2,2
40696,56,72,-16,16
40697,54,61,-7,7
40698,146,132,14,14
40699,149,138,11,11
40700,91,84,7,7
40701,61,66,-5,5
40702,117,122,-5,5
40703,46,54,-8,8
40704,159,152,7,7
40705,94,84,10,10
40706,153,136,17,17
40707,108,100,8,8
40708,85,80,5,5
40709,69,79,-10,10
40710,295,215,80,80
40711,74,78,-4,4
40712,103,100,3,3
40713,80,80,0,0
40714,68,74,-6,6
40715,120,123,-3,3
40716,86,86,0,0
40717,118,110,8,8
40718,74,82,-8,8
40719,99,85,14,14
40720,76,74,2,2
40721,134,117,17,17
40722,97,107,-10,10
40723,66,77,-11,11
40724,92,99,-7,7
40725,50,61,-11,11
40726,83,89,-6,6
40727,98,98,0,0
40728,72,77,-5,5
40729,71,77,-6,6
40730,71,82,-11,11
40731,78,85,-7,7
40732,81,86,-5,5
40733,126,120,6,6
40734,71,72,-1,1
40735,70,74,-4,4
40736,141,132,9,9
40737,75,74,1,1
40738,85,81,4,4
40739,89,93,-4,4
40740,82,87,-5,5
40741,174,152,22,22
40742,77,77,0,0
40743,113,113,0,0
40744,165,157,8,8
40745,55,62,-7,7
40746,94,83,11,11
40747,81,88,-7,7
40748,103,96,7,7
40749,87,84,3,3
40750,68,86,-18,18
40751,205,206,-1,1
40752,85,86,-1,1
40753,66,70,-4,4
40754,68,73,-5,5
40755,87,87,0,0
40756,101,93,8,8
40757,115,110,5,5
40758,69,75,-6,6
40759,144,133,11,11
40760,97,99,-2,2
40761,107,107,0,0
40762,88,99,-11,11
40763,138,127,11,11
40764,90,81,9,9
40765,129,133,-4,4
40766,66,70,-4,4
40767,75,78,-3,3
40768,118,110,8,8
40769,99,97,2,2
40770,77,77,0,0
40771,89,88,1,1
40772,95,99,-4,4
40773,56,61,-5,5
40774,115,107,8,8
40775,59,65,-6,6
40776,117,114,3,3
40777,110,108,2,2
40778,120,100,20,20
40779,98,85,13,13
40780,121,118,3,3
40781,100,85,15,15
40782,85,85,0,0
40783,106,102,4,4
40784,165,148,17,17
40785,65,77,-12,12
40786,58,66,-8,8
40787,165,155,10,10
40788,56,66,-10,10
40789,62,76,-14,14
40790,85,82,3,3
40791,93,97,-4,4
40792,57,69,-12,12
40793,97,96,1,1
40794,96,98,-2,2
40795,45,56,-11,11
40796,114,108,6,6
40797,77,76,1,1
40798,77,84,-7,7
40799,89,86,3,3
40800,70,77,-7,7
40801,84,87,-3,3
40802,89,99,-10,10
40803,104,105,-1,1
40804,88,86,2,2
40805,68,73,-5,5
40806,67,74,-7,7
40807,51,60,-9,9
40808,144,144,0,0
40809,135,128,7,7
40810,89,91,-2,2
40811,122,113,9,9
40812,110,102,8,8
40813,81,84,-3,3
40814,147,148,-1,1
40815,60,65,-5,5
40816,137,141,-4,4
40817,110,107,3,3
40818,125,117,8,8
40819,89,94,-5,5
40820,129,138,-9,9
40821,70,69,1,1
40822,149,150,-1,1
40823,72,88,-16,16
40824,96,98,-2,2
40825,76,85,-9,9
40826,154,144,10,10
40827,220,191,29,29
40828,106,105,1,1
40829,95,99,-4,4
40830,158,155,3,3
40831,140,137,3,3
40832,86,88,-2,2
40833,96,85,11,11
40834,100,96,4,4
40835,70,79,-9,9
40836,64,71,-7,7
40837,147,138,9,9
40838,75,79,-4,4
40839,80,80,0,0
40840,161,143,18,18
40841,83,100,-17,17
40842,89,81,8,8
40843,169,157,12,12
40844,85,86,-1,1
40845,151,149,2,2
40846,85,81,4,4
40847,61,73,-12,12
40848,62,67,-5,5
40849,118,107,11,11
40850,97,94,3,3
40851,118,106,12,12
40852,104,91,13,13
40853,44,56,-12,12
40854,101,95,6,6
40855,69,75,-6,6
40856,52,60,-8,8
40857,115,110,5,5
40858,56,63,-7,7
40859,110,115,-5,5
40860,96,113,-17,17
40861,88,86,2,2
40862,94,96,-2,2
40863,60,66,-6,6
40864,108,102,6,6
40865,114,101,13,13
40866,87,88,-1,1
40867,102,99,3,3
40868,75,77,-2,2
40869,56,61,-5,5
40870,123,125,-2,2
40871,29,55,-26,26
40872,70,83,-13,13
40873,87,83,4,4
40874,48,68,-20,20
40875,108,99,9,9
40876,164,160,4,4
40877,125,108,17,17
40878,66,73,-7,7
40879,190,176,14,14
40880,91,87,4,4
40881,116,95,21,21
40882,96,93,3,3
40883,86,86,0,0
40884,157,161,-4,4
40885,149,133,16,16
40886,54,60,-6,6
40887,81,82,-1,1
40888,97,101,-4,4
40889,128,119,9,9
40890,96,98,-2,2
40891,121,119,2,2
40892,131,121,10,10
40893,133,116,17,17
40894,130,122,8,8
40895,97,92,5,5
40896,68,79,-11,11
40897,118,103,15,15
40898,91,87,4,4
40899,90,101,-11,11
40900,65,71,-6,6
40901,143,126,17,17
40902,80,72,8,8
40903,96,81,15,15
40904,104,96,8,8
40905,112,110,2,2
40906,86,85,1,1
40907,91,94,-3,3
40908,205,173,32,32
40909,73,86,-13,13
40910,101,96,5,5
40911,73,81,-8,8
40912,90,86,4,4
40913,191,186,5,5
40914,90,89,1,1
40915,149,142,7,7
40916,73,84,-11,11
40917,152,147,5,5
40918,115,108,7,7
40919,88,95,-7,7
40920,86,85,1,1
40921,103,99,4,4
40922,37,50,-13,13
40923,83,79,4,4
40924,76,73,3,3
40925,56,59,-3,3
40926,130,121,9,9
40927,67,70,-3,3
40928,78,76,2,2
40929,105,100,5,5
40930,101,99,2,2
40931,88,86,2,2
40932,83,86,-3,3
40933,108,106,2,2
40934,67,68,-1,1
40935,107,101,6,6
40936,43,50,-7,7
40937,71,80,-9,9
40938,99,90,9,9
40939,120,122,-2,2
40940,132,116,16,16
40941,30,52,-22,22
40942,88,86,2,2
40943,82,93,-11,11
40944,59,73,-14,14
40945,68,75,-7,7
40946,120,102,18,18
40947,60,64,-4,4
40948,103,97,6,6
40949,110,104,6,6
40950,114,105,9,9
40951,90,88,2,2
40952,192,174,18,18
40953,100,99,1,1
40954,119,117,2,2
40955,91,84,7,7
40956,98,98,0,0
40957,51,60,-9,9
40958,94,87,7,7
40959,98,100,-2,2
40960,71,71,0,0
40961,106,117,-11,11
40962,78,84,-6,6
40963,66,78,-12,12
40964,79,84,-5,5
40965,85,88,-3,3
40966,147,144,3,3
40967,68,72,-4,4
40968,66,70,-4,4
40969,81,82,-1,1
40970,133,128,5,5
40971,120,110,10,10
40972,71,79,-8,8
40973,169,161,8,8
40974,159,145,14,14
40975,57,73,-16,16
40976,73,80,-7,7
40977,44,56,-12,12
40978,85,91,-6,6
40979,49,68,-19,19
40980,54,61,-7,7
40981,89,84,5,5
40982,62,74,-12,12
40983,88,84,4,4
40984,93,100,-7,7
40985,66,72,-6,6
40986,69,74,-5,5
40987,138,145,-7,7
40988,88,93,-5,5
40989,102,103,-1,1
40990,45,56,-11,11
40991,48,57,-9,9
40992,106,106,0,0
40993,158,123,35,35
40994,125,116,9,9
40995,64,81,-17,17
40996,153,149,4,4
40997,66,72,-6,6
40998,87,89,-2,2
40999,90,86,4,4
41000,105,103,2,2
41001,51,61,-10,10
41002,148,131,17,17
41003,123,128,-5,5
41004,59,67,-8,8
41005,88,77,11,11
41006,91,93,-2,2
41007,77,82,-5,5
41008,98,95,3,3
41009,84,88,-4,4
41010,97,94,3,3
41011,129,115,14,14
41012,158,157,1,1
41013,99,100,-1,1
41014,153,148,5,5
41015,140,117,23,23
41016,97,92,5,5
41017,116,118,-2,2
41018,108,99,9,9
41019,117,113,4,4
41020,112,104,8,8
41021,70,76,-6,6
41022,117,120,-3,3
41023,186,176,10,10
41024,88,88,0,0
41025,40,54,-14,14
41026,69,75,-6,6
41027,138,118,20,20
41028,68,75,-7,7
41029,194,168,26,26
41030,141,133,8,8
41031,66,80,-14,14
41032,87,96,-9,9
41033,112,107,5,5
41034,120,106,14,14
41035,117,105,12,12
41036,116,118,-2,2
41037,113,119,-6,6
41038,109,117,-8,8
41039,116,109,7,7
41040,107,100,7,7
41041,156,140,16,16
41042,54,64,-10,10
41043,96,89,7,7
41044,116,108,8,8
41045,105,98,7,7
41046,53,55,-2,2
41047,146,135,11,11
41048,111,117,-6,6
41049,55,60,-5,5
41050,130,120,10,10
41051,89,86,3,3
41052,99,109,-10,10
41053,101,91,10,10
41054,107,105,2,2
41055,56,66,-10,10
41056,72,80,-8,8
41057,141,133,8,8
41058,49,62,-13,13
41059,50,57,-7,7
41060,106,95,11,11
41061,71,73,-2,2
41062,82,96,-14,14
41063,112,101,11,11
41064,114,113,1,1
41065,91,93,-2,2
41066,79,82,-3,3
41067,87,89,-2,2
41068,72,72,0,0
41069,140,135,5,5
41070,79,86,-7,7
41071,103,98,5,5
41072,105,104,1,1
41073,80,84,-4,4
41074,63,71,-8,8
41075,89,86,3,3
41076,58,69,-11,11
41077,71,72,-1,1
41078,91,96,-5,5
41079,64,63,1,1
41080,134,125,9,9
41081,144,139,5,5
41082,46,72,-26,26
41083,79,88,-9,9
41084,137,119,18,18
41085,71,78,-7,7
41086,88,84,4,4
41087,99,93,6,6
41088,77,82,-5,5
41089,71,77,-6,6
41090,66,71,-5,5
41091,57,69,-12,12
41092,107,103,4,4
41093,157,150,7,7
41094,59,72,-13,13
41095,107,114,-7,7
41096,150,135,15,15
41097,97,98,-1,1
41098,56,67,-11,11
41099,122,116,6,6
41100,118,102,16,16
41101,98,84,14,14
41102,87,94,-7,7
41103,84,75,9,9
41104,67,70,-3,3
41105,97,100,-3,3
41106,110,108,2,2
41107,75,80,-5,5
41108,49,63,-14,14
41109,121,129,-8,8
41110,124,117,7,7
41111,86,86,0,0
41112,91,90,1,1
41113,74,76,-2,2
41114,87,82,5,5
41115,61,71,-10,10
41116,76,81,-5,5
41117,169,166,3,3
41118,79,81,-2,2
41119,85,94,-9,9
41120,129,115,14,14
41121,68,76,-8,8
41122,88,110,-22,22
41123,136,121,15,15
41124,81,84,-3,3
41125,143,144,-1,1
41126,66,70,-4,4
41127,90,96,-6,6
41128,69,73,-4,4
41129,129,131,-2,2
41130,77,86,-9,9
41131,128,124,4,4
41132,110,110,0,0
41133,125,119,6,6
41134,82,81,1,1
41135,147,132,15,15
41136,77,82,-5,5
41137,81,72,9,9
41138,91,87,4,4
41139,106,90,16,16
41140,65,73,-8,8
41141,59,65,-6,6
41142,107,109,-2,2
41143,75,86,-11,11
41144,86,99,-13,13
41145,92,92,0,0
41146,87,90,-3,3
41147,115,120,-5,5
41148,70,76,-6,6
41149,78,75,3,3
41150,77,77,0,0
41151,142,146,-4,4
41152,161,152,9,9
41153,145,128,17,17
41154,102,98,4,4
41155,68,75,-7,7
41156,81,87,-6,6
41157,92,84,8,8
41158,91,92,-1,1
41159,87,86,1,1
41160,168,159,9,9
41161,58,65,-7,7
41162,119,99,20,20
41163,55,61,-6,6
41164,69,76,-7,7
41165,69,73,-4,4
41166,99,101,-2,2
41167,72,77,-5,5
41168,82,88,-6,6
41169,134,123,11,11
41170,88,82,6,6
41171,61,73,-12,12
41172,77,82,-5,5
41173,106,104,2,2
41174,89,89,0,0
41175,90,88,2,2
41176,102,108,-6,6
41177,77,78,-1,1
41178,63,69,-6,6
41179,76,78,-2,2
41180,67,67,0,0
41181,64,81,-17,17
41182,66,74,-8,8
41183,126,120,6,6
41184,91,98,-7,7
41185,148,129,19,19
41186,111,102,9,9
41187,58,72,-14,14
41188,93,88,5,5
41189,80,80,0,0
41190,173,158,15,15
41191,80,79,1,1
41192,117,108,9,9
41193,69,66,3,3
41194,115,111,4,4
41195,122,107,15,15
41196,76,82,-6,6
41197,89,75,14,14
41198,92,104,-12,12
41199,101,102,-1,1
41200,156,144,12,12
41201,88,89,-1,1
41202,61,68,-7,7
41203,80,80,0,0
41204,128,121,7,7
41205,101,94,7,7
41206,114,107,7,7
41207,142,121,21,21
41208,53,59,-6,6
41209,138,126,12,12
41210,49,59,-10,10
41211,146,127,19,19
41212,91,86,5,5
41213,136,141,-5,5
41214,60,75,-15,15
41215,147,134,13,13
41216,86,85,1,1
41217,71,73,-2,2
41218,127,150,-23,23
41219,62,70,-8,8
41220,109,100,9,9
41221,69,75,-6,6
41222,186,177,9,9
41223,44,58,-14,14
41224,39,50,-11,11
41225,89,93,-4,4
41226,113,113,0,0
41227,65,70,-5,5
41228,63,75,-12,12
41229,61,73,-12,12
41230,132,121,11,11
41231,70,80,-10,10
41232,179,168,11,11
41233,103,106,-3,3
41234,118,107,11,11
41235,71,75,-4,4
41236,156,136,20,20
41237,95,92,3,3
41238,108,111,-3,3
41239,92,91,1,1
41240,125,113,12,12
41241,103,92,11,11
41242,87,80,7,7
41243,57,73,-16,16
41244,95,93,2,2
41245,207,209,-2,2
41246,72,81,-9,9
41247,158,152,6,6
41248,78,82,-4,4
41249,59,70,-11,11
41250,77,74,3,3
41251,78,76,2,2
41252,120,104,16,16
41253,137,127,10,10
41254,71,72,-1,1
41255,117,110,7,7
41256,97,97,0,0
41257,108,106,2,2
41258,64,75,-11,11
41259,125,115,10,10
41260,57,59,-2,2
41261,47,61,-14,14
41262,110,97,13,13
41263,173,174,-1,1
41264,70,71,-1,1
41265,112,104,8,8
41266,69,73,-4,4
41267,95,89,6,6
41268,50,59,-9,9
41269,60,66,-6,6
41270,108,106,2,2
41271,88,88,0,0
41272,141,158,-17,17
41273,65,72,-7,7
41274,111,121,-10,10
41275,110,100,10,10
41276,156,126,30,30
41277,70,88,-18,18
41278,77,87,-10,10
41279,111,105,6,6
41280,77,84,-7,7
41281,132,142,-10,10
41282,94,85,9,9
41283,87,90,-3,3
41284,71,79,-8,8
41285,69,80,-11,11
41286,57,67,-10,10
41287,63,72,-9,9
41288,170,164,6,6
41289,99,96,3,3
41290,91,91,0,0
41291,75,83,-8,8
41292,155,146,9,9
41293,169,154,15,15
41294,121,107,14,14
41295,56,65,-9,9
41296,73,76,-3,3
41297,142,84,58,58
41298,76,85,-9,9
41299,117,111,6,6
41300,113,116,-3,3
41301,63,64,-1,1
41302,146,128,18,18
41303,71,72,-1,1
41304,68,70,-2,2
41305,96,96,0,0
41306,64,74,-10,10
41307,79,74,5,5
41308,77,80,-3,3
41309,54,68,-14,14
41310,81,85,-4,4
41311,106,106,0,0
41312,130,116,14,14
41313,63,71,-8,8
41314,74,82,-8,8
41315,87,89,-2,2
41316,97,95,2,2
41317,136,140,-4,4
41318,78,78,0,0
41319,114,100,14,14
41320,172,188,-16,16
41321,69,85,-16,16
41322,55,70,-15,15
41323,68,72,-4,4
41324,84,83,1,1
41325,64,73,-9,9
41326,44,59,-15,15
41327,98,93,5,5
41328,118,119,-1,1
41329,115,104,11,11
41330,151,141,10,10
41331,66,74,-8,8
41332,150,129,21,21
41333,94,87,7,7
41334,83,90,-7,7
41335,138,123,15,15
41336,96,93,3,3
41337,117,110,7,7
41338,32,43,-11,11
41339,167,156,11,11
41340,162,142,20,20
41341,120,120,0,0
41342,84,86,-2,2
41343,64,69,-5,5
41344,147,137,10,10
41345,74,81,-7,7
41346,42,60,-18,18
41347,65,79,-14,14
41348,87,84,3,3
41349,101,104,-3,3
41350,64,68,-4,4
41351,54,70,-16,16
41352,99,100,-1,1
41353,60,70,-10,10
41354,62,70,-8,8
41355,134,120,14,14
41356,79,84,-5,5
41357,74,77,-3,3
41358,103,110,-7,7
41359,160,158,2,2
41360,103,99,4,4
41361,96,98,-2,2
41362,66,69,-3,3
41363,72,72,0,0
41364,69,76,-7,7
41365,115,109,6,6
41366,74,72,2,2
41367,47,59,-12,12
41368,116,101,15,15
41369,75,86,-11,11
41370,74,87,-13,13
41371,138,127,11,11
41372,83,86,-3,3
41373,78,86,-8,8
41374,144,130,14,14
41375,94,89,5,5
41376,91,86,5,5
41377,97,101,-4,4
41378,79,80,-1,1
41379,87,88,-1,1
41380,50,63,-13,13
41381,61,66,-5,5
41382,66,79,-13,13
41383,83,83,0,0
41384,69,70,-1,1
41385,117,101,16,16
41386,123,111,12,12
41387,152,125,27,27
41388,53,63,-10,10
41389,41,76,-35,35
41390,120,106,14,14
41391,50,65,-15,15
41392,103,102,1,1
41393,59,80,-21,21
41394,146,138,8,8
41395,74,72,2,2
41396,119,109,10,10
41397,100,100,0,0
41398,109,98,11,11
41399,140,123,17,17
41400,104,99,5,5
41401,118,120,-2,2
41402,129,115,14,14
41403,62,71,-9,9
41404,80,85,-5,5
41405,67,73,-6,6
41406,45,60,-15,15
41407,111,109,2,2
41408,110,108,2,2
41409,68,76,-8,8
41410,84,97,-13,13
41411,132,112,20,20
41412,67,71,-4,4
41413,66,73,-7,7
41414,53,68,-15,15
41415,88,90,-2,2
41416,115,115,0,0
41417,142,141,1,1
41418,134,131,3,3
41419,108,103,5,5
41420,63,73,-10,10
41421,68,70,-2,2
41422,96,85,11,11
41423,73,80,-7,7
41424,88,91,-3,3
41425,107,97,10,10
41426,114,129,-15,15
41427,132,128,4,4
41428,64,77,-13,13
41429,73,72,1,1
41430,109,99,10,10
41431,65,68,-3,3
41432,138,111,27,27
41433,103,102,1,1
41434,132,121,11,11
41435,67,73,-6,6
41436,70,75,-5,5
41437,114,128,-14,14
41438,54,67,-13,13
41439,87,84,3,3
41440,57,69,-12,12
41441,163,159,4,4
41442,83,86,-3,3
41443,48,58,-10,10
41444,62,72,-10,10
41445,110,100,10,10
41446,64,72,-8,8
41447,154,143,11,11
41448,119,110,9,9
41449,81,89,-8,8
41450,76,79,-3,3
41451,125,101,24,24
41452,82,81,1,1
41453,140,132,8,8
41454,58,62,-4,4
41455,90,82,8,8
41456,94,88,6,6
41457,70,76,-6,6
41458,126,112,14,14
41459,42,57,-15,15
41460,96,91,5,5
41461,144,124,20,20
41462,84,79,5,5
41463,91,88,3,3
41464,89,86,3,3
41465,68,75,-7,7
41466,74,78,-4,4
41467,73,78,-5,5
41468,95,85,10,10
41469,141,128,13,13
41470,144,127,17,17
41471,115,114,1,1
41472,126,108,18,18
41473,81,82,-1,1
41474,70,70,0,0
41475,101,100,1,1
41476,36,51,-15,15
41477,103,98,5,5
41478,50,63,-13,13
41479,108,96,12,12
41480,168,170,-2,2
41481,89,99,-10,10
41482,128,118,10,10
41483,87,79,8,8
41484,72,71,1,1
41485,166,155,11,11
41486,75,76,-1,1
41487,116,114,2,2
41488,66,73,-7,7
41489,89,96,-7,7
41490,72,81,-9,9
41491,103,113,-10,10
41492,82,86,-4,4
41493,108,107,1,1
41494,115,100,15,15
41495,154,165,-11,11
41496,96,99,-3,3
41497,70,73,-3,3
41498,105,99,6,6
41499,103,105,-2,2
41500,80,85,-5,5
41501,167,137,30,30
41502,131,129,2,2
41503,87,87,0,0
41504,83,85,-2,2
41505,221,196,25,25
41506,67,69,-2,2
41507,114,110,4,4
41508,88,80,8,8
41509,80,79,1,1
41510,183,170,13,13
41511,67,76,-9,9
41512,172,160,12,12
41513,56,61,-5,5
41514,60,67,-7,7
41515,60,66,-6,6
41516,77,82,-5,5
41517,85,80,5,5
41518,64,73,-9,9
41519,88,93,-5,5
41520,143,124,19,19
41521,148,143,5,5
41522,73,78,-5,5
41523,97,97,0,0
41524,85,97,-12,12
41525,62,67,-5,5
41526,82,82,0,0
41527,63,67,-4,4
41528,55,61,-6,6
41529,133,121,12,12
41530,96,99,-3,3
41531,98,96,2,2
41532,67,71,-4,4
41533,104,107,-3,3
41534,118,147,-29,29
41535,83,93,-10,10
41536,110,110,0,0
41537,138,126,12,12
41538,79,79,0,0
41539,75,75,0,0
41540,67,72,-5,5
41541,59,67,-8,8
41542,63,62,1,1
41543,125,114,11,11
41544,156,153,3,3
41545,88,84,4,4
41546,106,101,5,5
41547,88,86,2,2
41548,126,123,3,3
41549,71,81,-10,10
41550,109,104,5,5
41551,61,97,-36,36
41552,100,101,-1,1
41553,157,128,29,29
41554,168,159,9,9
41555,110,106,4,4
41556,92,97,-5,5
41557,118,122,-4,4
41558,159,157,2,2
41559,67,71,-4,4
41560,78,88,-10,10
41561,93,96,-3,3
41562,76,78,-2,2
41563,156,143,13,13
41564,63,74,-11,11
41565,87,86,1,1
41566,79,79,0,0
41567,56,66,-10,10
41568,65,71,-6,6
41569,99,100,-1,1
41570,90,81,9,9
41571,108,108,0,0
41572,59,67,-8,8
41573,48,78,-30,30
41574,73,74,-1,1
41575,111,100,11,11
41576,69,72,-3,3
41577,149,124,25,25
41578,87,80,7,7
41579,87,84,3,3
41580,85,83,2,2
41581,112,98,14,14
41582,78,93,-15,15
41583,74,86,-12,12
41584,85,86,-1,1
41585,77,83,-6,6
41586,113,102,11,11
41587,106,102,4,4
41588,61,74,-13,13
41589,82,89,-7,7
41590,115,114,1,1
41591,51,65,-14,14
41592,109,95,14,14
41593,61,66,-5,5
41594,60,71,-11,11
41595,129,121,8,8
41596,152,125,27,27
41597,90,86,4,4
41598,204,190,14,14
41599,95,87,8,8
41600,81,86,-5,5
41601,75,79,-4,4
41602,95,89,6,6
41603,108,105,3,3
41604,140,127,13,13
41605,47,57,-10,10
41606,92,82,10,10
41607,127,126,1,1
41608,64,76,-12,12
41609,86,78,8,8
41610,83,79,4,4
41611,86,95,-9,9
41612,110,106,4,4
41613,128,129,-1,1
41614,152,144,8,8
41615,106,110,-4,4
41616,71,78,-7,7
41617,70,81,-11,11
41618,71,74,-3,3
41619,80,85,-5,5
41620,10,33,-23,23
41621,95,88,7,7
41622,88,86,2,2
41623,55,53,2,2
41624,96,83,13,13
41625,114,99,15,15
41626,113,104,9,9
41627,115,105,10,10
41628,50,60,-10,10
41629,130,127,3,3
41630,130,122,8,8
41631,85,85,0,0
41632,72,77,-5,5
41633,177,163,14,14
41634,90,96,-6,6
41635,131,137,-6,6
41636,68,77,-9,9
41637,46,61,-15,15
41638,96,97,-1,1
41639,161,145,16,16
41640,60,67,-7,7
41641,73,79,-6,6
41642,50,62,-12,12
41643,60,59,1,1
41644,122,116,6,6
41645,136,123,13,13
41646,90,86,4,4
41647,131,122,9,9
41648,95,88,7,7
41649,66,73,-7,7
41650,105,111,-6,6
41651,82,83,-1,1
41652,107,104,3,3
41653,61,65,-4,4
41654,136,120,16,16
41655,128,137,-9,9
41656,66,79,-13,13
41657,125,120,5,5
41658,69,71,-2,2
41659,68,82,-14,14
41660,84,86,-2,2
41661,47,65,-18,18
41662,77,81,-4,4
41663,113,103,10,10
41664,155,152,3,3
41665,88,95,-7,7
41666,76,79,-3,3
41667,104,142,-38,38
41668,43,57,-14,14
41669,69,81,-12,12
41670,94,102,-8,8
41671,121,114,7,7
41672,178,165,13,13
41673,69,70,-1,1
41674,113,113,0,0
41675,118,112,6,6
41676,86,86,0,0
41677,71,74,-3,3
41678,112,107,5,5
41679,114,102,12,12
41680,68,69,-1,1
41681,75,77,-2,2
41682,103,98,5,5
41683,71,80,-9,9
41684,57,64,-7,7
41685,88,87,1,1
41686,165,148,17,17
41687,79,83,-4,4
41688,133,129,4,4
41689,125,111,14,14
41690,91,104,-13,13
41691,117,116,1,1
41692,108,101,7,7
41693,101,98,3,3
41694,61,69,-8,8
41695,170,152,18,18
41696,152,140,12,12
41697,86,86,0,0
41698,89,87,2,2
41699,137,127,10,10
41700,107,104,3,3
41701,145,136,9,9
41702,152,153,-1,1
41703,89,81,8,8
41704,81,81,0,0
41705,102,104,-2,2
41706,85,91,-6,6
41707,70,75,-5,5
41708,85,85,0,0
41709,105,100,5,5
41710,79,75,4,4
41711,55,69,-14,14
41712,94,91,3,3
41713,49,64,-15,15
41714,42,52,-10,10
41715,302,227,75,75
41716,116,106,10,10
41717,68,74,-6,6
41718,81,84,-3,3
41719,98,106,-8,8
41720,120,105,15,15
41721,135,135,0,0
41722,85,87,-2,2
41723,76,81,-5,5
41724,125,117,8,8
41725,26,39,-13,13
41726,111,95,16,16
41727,152,133,19,19
41728,85,85,0,0
41729,99,101,-2,2
41730,98,114,-16,16
41731,99,97,2,2
41732,81,80,1,1
41733,98,108,-10,10
41734,101,87,14,14
41735,64,71,-7,7
41736,185,176,9,9
41737,97,98,-1,1
41738,93,99,-6,6
41739,65,73,-8,8
41740,89,91,-2,2
41741,53,66,-13,13
41742,96,95,1,1
41743,133,121,12,12
41744,149,128,21,21
41745,155,142,13,13
41746,86,80,6,6
41747,64,69,-5,5
41748,133,122,11,11
41749,119,125,-6,6
41750,70,77,-7,7
41751,57,65,-8,8
41752,56,68,-12,12
41753,55,63,-8,8
41754,57,68,-11,11
41755,106,104,2,2
41756,85,90,-5,5
41757,80,83,-3,3
41758,71,87,-16,16
41759,79,92,-13,13
41760,72,80,-8,8
41761,67,70,-3,3
41762,200,181,19,19
41763,55,66,-11,11
41764,103,100,3,3
41765,80,83,-3,3
41766,113,110,3,3
41767,34,72,-38,38
41768,77,84,-7,7
41769,145,141,4,4
41770,143,145,-2,2
41771,100,97,3,3
41772,53,52,1,1
41773,61,89,-28,28
41774,109,111,-2,2
41775,86,80,6,6
41776,72,78,-6,6
41777,86,95,-9,9
41778,115,123,-8,8
41779,74,83,-9,9
41780,85,84,1,1
41781,97,91,6,6
41782,111,106,5,5
41783,63,83,-20,20
41784,104,104,0,0
41785,101,99,2,2
41786,110,101,9,9
41787,72,83,-11,11
41788,128,122,6,6
41789,74,87,-13,13
41790,108,97,11,11
41791,110,106,4,4
41792,68,73,-5,5
41793,41,53,-12,12
41794,153,155,-2,2
41795,115,113,2,2
41796,58,71,-13,13
41797,45,70,-25,25
41798,92,91,1,1
41799,57,68,-11,11
41800,125,114,11,11
41801,82,87,-5,5
41802,61,69,-8,8
41803,148,136,12,12
41804,72,75,-3,3
41805,108,108,0,0
41806,97,105,-8,8
41807,134,120,14,14
41808,50,61,-11,11
41809,66,70,-4,4
41810,61,65,-4,4
41811,91,88,3,3
41812,133,122,11,11
41813,131,108,23,23
41814,67,80,-13,13
41815,112,104,8,8
41816,100,107,-7,7
41817,193,180,13,13
41818,90,85,5,5
41819,77,78,-1,1
41820,80,84,-4,4
41821,117,109,8,8
41822,87,92,-5,5
41823,64,72,-8,8
41824,61,67,-6,6
41825,120,121,-1,1
41826,119,117,2,2
41827,137,122,15,15
41828,54,63,-9,9
41829,162,143,19,19
41830,152,158,-6,6
41831,69,68,1,1
41832,80,79,1,1
41833,92,92,0,0
41834,96,89,7,7
41835,107,108,-1,1
41836,71,78,-7,7
41837,83,88,-5,5
41838,89,95,-6,6
41839,121,112,9,9
41840,81,86,-5,5
41841,112,113,-1,1
41842,147,131,16,16
41843,62,68,-6,6
41844,129,122,7,7
41845,74,84,-10,10
41846,168,142,26,26
41847,47,56,-9,9
41848,128,130,-2,2
41849,49,64,-15,15
41850,56,67,-11,11
41851,89,84,5,5
41852,67,73,-6,6
41853,68,80,-12,12
41854,114,111,3,3
41855,137,149,-12,12
41856,122,115,7,7
41857,74,78,-4,4
41858,67,69,-2,2
41859,129,121,8,8
41860,139,135,4,4
41861,62,71,-9,9
41862,100,99,1,1
41863,88,86,2,2
41864,64,71,-7,7
41865,92,86,6,6
41866,119,131,-12,12
41867,81,85,-4,4
41868,59,69,-10,10
41869,106,99,7,7
41870,94,87,7,7
41871,112,101,11,11
41872,80,84,-4,4
41873,101,107,-6,6
41874,135,123,12,12
41875,135,124,11,11
41876,104,95,9,9
41877,85,84,1,1
41878,176,162,14,14
41879,79,80,-1,1
41880,69,70,-1,1
41881,41,52,-11,11
41882,47,55,-8,8
41883,67,75,-8,8
41884,69,79,-10,10
41885,51,62,-11,11
41886,73,85,-12,12
41887,108,103,5,5
41888,47,54,-7,7
41889,120,126,-6,6
41890,117,109,8,8
41891,91,98,-7,7
41892,110,113,-3,3
41893,82,83,-1,1
41894,97,96,1,1
41895,92,92,0,0
41896,72,77,-5,5
41897,74,73,1,1
41898,80,95,-15,15
41899,49,60,-11,11
41900,133,122,11,11
41901,85,87,-2,2
41902,116,108,8,8
41903,72,75,-3,3
41904,125,119,6,6
41905,91,90,1,1
41906,103,100,3,3
41907,110,105,5,5
41908,102,101,1,1
41909,111,99,12,12
41910,50,69,-19,19
41911,50,58,-8,8
41912,106,101,5,5
41913,79,81,-2,2
41914,138,118,20,20
41915,110,115,-5,5
41916,59,68,-9,9
41917,72,73,-1,1
41918,190,168,22,22
41919,93,90,3,3
41920,47,54,-7,7
41921,46,63,-17,17
41922,135,125,10,10
41923,56,75,-19,19
41924,67,70,-3,3
41925,101,100,1,1
41926,78,81,-3,3
41927,61,78,-17,17
41928,43,63,-20,20
41929,142,141,1,1
41930,88,95,-7,7
41931,119,113,6,6
41932,146,124,22,22
41933,93,99,-6,6
41934,109,109,0,0
41935,105,100,5,5
41936,98,99,-1,1
41937,75,78,-3,3
41938,78,84,-6,6
41939,101,108,-7,7
41940,88,103,-15,15
41941,133,138,-5,5
41942,66,71,-5,5
41943,101,96,5,5
41944,94,98,-4,4
41945,86,83,3,3
41946,95,89,6,6
41947,96,100,-4,4
41948,83,84,-1,1
41949,119,98,21,21
41950,116,115,1,1
41951,92,86,6,6
41952,89,97,-8,8
41953,215,210,5,5
41954,96,95,1,1
41955,138,126,12,12
41956,73,78,-5,5
41957,72,84,-12,12
41958,83,92,-9,9
41959,119,111,8,8
41960,83,84,-1,1
41961,140,126,14,14
41962,164,147,17,17
41963,105,96,9,9
41964,109,95,14,14
41965,100,94,6,6
41966,95,97,-2,2
41967,85,83,2,2
41968,83,84,-1,1
41969,148,138,10,10
41970,95,97,-2,2
41971,110,120,-10,10
41972,104,111,-7,7
41973,125,137,-12,12
41974,110,119,-9,9
41975,109,103,6,6
41976,87,82,5,5
41977,166,160,6,6
41978,68,84,-16,16
41979,104,94,10,10
41980,127,100,27,27
41981,60,70,-10,10
41982,106,96,10,10
41983,58,67,-9,9
41984,59,66,-7,7
41985,98,96,2,2
41986,150,151,-1,1
41987,107,112,-5,5
41988,75,85,-10,10
41989,95,97,-2,2
41990,82,83,-1,1
41991,101,87,14,14
41992,63,76,-13,13
41993,81,71,10,10
41994,60,68,-8,8
41995,121,114,7,7
41996,110,98,12,12
41997,73,83,-10,10
41998,62,72,-10,10
41999,66,75,-9,9
42000,87,91,-4,4
42001,130,136,-6,6
42002,84,87,-3,3
42003,142,129,13,13
42004,61,69,-8,8
42005,109,104,5,5
42006,147,133,14,14
42007,37,65,-28,28
42008,246,194,52,52
42009,61,75,-14,14
42010,111,106,5,5
42011,92,95,-3,3
42012,133,139,-6,6
42013,161,146,15,15
42014,128,134,-6,6
42015,73,71,2,2
42016,115,111,4,4
42017,159,150,9,9
42018,75,76,-1,1
42019,85,96,-11,11
42020,79,84,-5,5
42021,103,97,6,6
42022,109,103,6,6
42023,89,88,1,1
42024,158,154,4,4
42025,86,88,-2,2
42026,114,99,15,15
42027,145,132,13,13
42028,83,83,0,0
42029,142,138,4,4
42030,48,62,-14,14
42031,69,77,-8,8
42032,90,103,-13,13
42033,152,136,16,16
42034,72,79,-7,7
42035,93,93,0,0
42036,59,68,-9,9
42037,142,129,13,13
42038,95,85,10,10
42039,152,132,20,20
42040,87,89,-2,2
42041,79,71,8,8
42042,80,83,-3,3
42043,89,92,-3,3
42044,74,75,-1,1
42045,78,80,-2,2
42046,100,98,2,2
42047,92,97,-5,5
42048,135,132,3,3
42049,112,110,2,2
42050,109,107,2,2
42051,86,78,8,8
42052,80,79,1,1
42053,92,103,-11,11
42054,93,94,-1,1
42055,111,112,-1,1
42056,64,72,-8,8
42057,96,82,14,14
42058,79,94,-15,15
42059,148,158,-10,10
42060,74,84,-10,10
42061,91,83,8,8
42062,85,86,-1,1
42063,104,97,7,7
42064,132,133,-1,1
42065,75,85,-10,10
42066,175,173,2,2
42067,77,73,4,4
42068,92,97,-5,5
42069,150,139,11,11
42070,35,20,15,15
42071,79,78,1,1
42072,57,71,-14,14
42073,70,63,7,7
42074,117,128,-11,11
42075,84,84,0,0
42076,51,80,-29,29
42077,88,98,-10,10
42078,83,84,-1,1
42079,89,82,7,7
42080,79,83,-4,4
42081,76,83,-7,7
42082,50,68,-18,18
42083,102,95,7,7
42084,111,121,-10,10
42085,82,87,-5,5
42086,114,120,-6,6
42087,99,89,10,10
42088,111,105,6,6
42089,99,101,-2,2
42090,68,70,-2,2
42091,159,137,22,22
42092,78,83,-5,5
42093,43,63,-20,20
42094,64,72,-8,8
42095,77,84,-7,7
42096,38,57,-19,19
42097,39,51,-12,12
42098,87,95,-8,8
42099,89,83,6,6
42100,101,99,2,2
42101,115,109,6,6
42102,101,97,4,4
42103,52,67,-15,15
42104,68,77,-9,9
42105,57,69,-12,12
42106,97,91,6,6
42107,80,87,-7,7
42108,95,93,2,2
42109,155,140,15,15
42110,74,76,-2,2
42111,104,94,10,10
42112,63,76,-13,13
42113,28,46,-18,18
42114,96,95,1,1
42115,104,104,0,0
42116,118,113,5,5
42117,81,79,2,2
42118,58,68,-10,10
42119,85,90,-5,5
42120,59,68,-9,9
42121,91,101,-10,10
42122,120,107,13,13
42123,58,54,4,4
42124,89,80,9,9
42125,101,104,-3,3
42126,89,86,3,3
42127,68,67,1,1
42128,122,106,16,16
42129,71,80,-9,9
42130,71,74,-3,3
42131,75,98,-23,23
42132,130,129,1,1
42133,103,91,12,12
42134,114,107,7,7
42135,145,135,10,10
42136,108,101,7,7
42137,102,100,2,2
42138,107,99,8,8
42139,97,97,0,0
42140,94,86,8,8
42141,70,75,-5,5
42142,91,94,-3,3
42143,92,99,-7,7
42144,60,71,-11,11
42145,83,86,-3,3
42146,92,85,7,7
42147,106,108,-2,2
42148,47,67,-20,20
42149,72,72,0,0
42150,137,127,10,10
42151,69,76,-7,7
42152,69,67,2,2
42153,123,114,9,9
42154,77,84,-7,7
42155,74,71,3,3
42156,144,142,2,2
42157,132,125,7,7
42158,109,101,8,8
42159,93,94,-1,1
42160,56,61,-5,5
42161,125,117,8,8
42162,54,70,-16,16
42163,127,115,12,12
42164,96,97,-1,1
42165,106,94,12,12
42166,98,97,1,1
42167,97,97,0,0
42168,65,72,-7,7
42169,91,85,6,6
42170,90,92,-2,2
42171,135,120,15,15
42172,109,115,-6,6
42173,101,94,7,7
42174,80,83,-3,3
42175,105,106,-1,1
42176,64,70,-6,6
42177,155,151,4,4
42178,119,119,0,0
42179,76,71,5,5
42180,122,113,9,9
42181,59,70,-11,11
42182,63,70,-7,7
42183,92,98,-6,6
42184,101,99,2,2
42185,100,96,4,4
42186,88,96,-8,8
42187,98,96,2,2
42188,153,132,21,21
42189,92,89,3,3
42190,76,75,1,1
42191,110,102,8,8
42192,86,89,-3,3
42193,130,122,8,8
42194,126,128,-2,2
42195,78,76,2,2
42196,77,80,-3,3
42197,104,104,0,0
42198,126,133,-7,7
42199,79,82,-3,3
42200,117,125,-8,8
42201,45,58,-13,13
42202,100,100,0,0
42203,83,74,9,9
42204,134,129,5,5
42205,83,82,1,1
42206,90,96,-6,6
42207,86,92,-6,6
42208,89,88,1,1
42209,60,71,-11,11
42210,78,81,-3,3
42211,120,121,-1,1
42212,72,80,-8,8
42213,104,102,2,2
42214,188,171,17,17
42215,93,91,2,2
42216,159,142,17,17
42217,80,79,1,1
42218,96,99,-3,3
42219,114,113,1,1
42220,113,112,1,1
42221,62,76,-14,14
42222,140,133,7,7
42223,157,140,17,17
42224,61,71,-10,10
42225,95,102,-7,7
42226,130,126,4,4
42227,134,138,-4,4
42228,84,88,-4,4
42229,83,84,-1,1
42230,96,97,-1,1
42231,85,83,2,2
42232,117,122,-5,5
42233,49,62,-13,13
42234,55,63,-8,8
42235,116,101,15,15
42236,65,71,-6,6
42237,86,86,0,0
42238,58,74,-16,16
42239,55,68,-13,13
42240,109,103,6,6
42241,109,95,14,14
42242,115,110,5,5
42243,131,108,23,23
42244,79,83,-4,4
42245,74,82,-8,8
42246,114,106,8,8
42247,125,110,15,15
42248,90,83,7,7
42249,81,84,-3,3
42250,109,101,8,8
42251,90,86,4,4
42252,58,63,-5,5
42253,67,76,-9,9
42254,88,83,5,5
42255,71,86,-15,15
42256,118,129,-11,11
42257,109,106,3,3
42258,75,95,-20,20
42259,38,51,-13,13
42260,173,162,11,11
42261,153,149,4,4
42262,66,66,0,0
42263,58,70,-12,12
42264,44,55,-11,11
42265,86,82,4,4
42266,100,96,4,4
42267,86,91,-5,5
42268,106,103,3,3
42269,80,81,-1,1
42270,84,82,2,2
42271,76,79,-3,3
42272,96,92,4,4
42273,90,91,-1,1
42274,116,120,-4,4
42275,196,168,28,28
42276,103,98,5,5
42277,95,101,-6,6
42278,68,71,-3,3
42279,96,86,10,10
42280,109,100,9,9
42281,86,91,-5,5
42282,174,165,9,9
42283,78,85,-7,7
42284,47,61,-14,14
42285,96,94,2,2
42286,92,92,0,0
42287,79,74,5,5
42288,85,83,2,2
42289,113,115,-2,2
42290,96,96,0,0
42291,80,81,-1,1
42292,43,52,-9,9
42293,93,99,-6,6
42294,63,75,-12,12
42295,96,88,8,8
42296,103,101,2,2
42297,53,67,-14,14
42298,99,94,5,5
42299,79,82,-3,3
42300,70,72,-2,2
42301,106,95,11,11
42302,104,138,-34,34
42303,141,134,7,7
42304,99,87,12,12
42305,96,96,0,0
42306,55,62,-7,7
42307,99,98,1,1
42308,116,117,-1,1
42309,64,92,-28,28
42310,152,132,20,20
42311,63,72,-9,9
42312,78,79,-1,1
42313,123,133,-10,10
42314,126,121,5,5
42315,79,77,2,2
42316,92,79,13,13
42317,94,99,-5,5
42318,200,182,18,18
42319,157,155,2,2
42320,80,83,-3,3
42321,57,67,-10,10
42322,141,135,6,6
42323,60,70,-10,10
42324,85,81,4,4
42325,54,58,-4,4
42326,159,159,0,0
42327,150,132,18,18
42328,87,83,4,4
42329,47,67,-20,20
42330,96,95,1,1
42331,82,83,-1,1
42332,74,76,-2,2
42333,120,117,3,3
42334,109,91,18,18
42335,86,91,-5,5
42336,129,121,8,8
42337,196,179,17,17
42338,178,159,19,19
42339,105,98,7,7
42340,61,73,-12,12
42341,67,75,-8,8
42342,109,105,4,4
42343,111,120,-9,9
42344,52,71,-19,19
42345,89,83,6,6
42346,71,84,-13,13
42347,111,105,6,6
42348,40,51,-11,11
42349,79,86,-7,7
42350,99,95,4,4
42351,96,96,0,0
42352,63,65,-2,2
42353,103,121,-18,18
42354,97,107,-10,10
42355,90,92,-2,2
42356,119,104,15,15
42357,176,158,18,18
42358,97,97,0,0
42359,131,135,-4,4
42360,86,79,7,7
42361,77,78,-1,1
42362,84,85,-1,1
42363,70,70,0,0
42364,109,106,3,3
42365,121,114,7,7
42366,125,135,-10,10
42367,150,123,27,27
42368,103,98,5,5
42369,151,126,25,25
42370,58,65,-7,7
42371,64,70,-6,6
42372,122,119,3,3
42373,104,95,9,9
42374,92,87,5,5
42375,100,100,0,0
42376,142,126,16,16
42377,93,89,4,4
42378,120,111,9,9
42379,75,83,-8,8
42380,106,100,6,6
42381,60,64,-4,4
42382,83,86,-3,3
42383,98,96,2,2
42384,56,58,-2,2
42385,37,48,-11,11
42386,97,86,11,11
42387,152,145,7,7
42388,97,90,7,7
42389,76,77,-1,1
42390,80,90,-10,10
42391,56,66,-10,10
42392,108,98,10,10
42393,128,107,21,21
42394,117,110,7,7
42395,103,97,6,6
42396,31,49,-18,18
42397,84,81,3,3
42398,92,96,-4,4
42399,115,125,-10,10
42400,128,129,-1,1
42401,128,121,7,7
42402,75,84,-9,9
42403,72,91,-19,19
42404,95,89,6,6
42405,56,67,-11,11
42406,83,90,-7,7
42407,97,100,-3,3
42408,109,96,13,13
42409,126,116,10,10
42410,135,134,1,1
42411,75,79,-4,4
42412,73,74,-1,1
42413,89,92,-3,3
42414,94,95,-1,1
42415,81,83,-2,2
42416,78,84,-6,6
42417,79,78,1,1
42418,78,83,-5,5
42419,105,110,-5,5
42420,112,106,6,6
42421,75,72,3,3
42422,98,96,2,2
42423,94,93,1,1
42424,56,69,-13,13
42425,92,87,5,5
42426,68,75,-7,7
42427,104,101,3,3
42428,144,120,24,24
42429,50,67,-17,17
42430,51,61,-10,10
42431,61,76,-15,15
42432,83,88,-5,5
42433,28,49,-21,21
42434,99,102,-3,3
42435,83,88,-5,5
42436,162,148,14,14
42437,104,100,4,4
42438,88,95,-7,7
42439,95,92,3,3
42440,116,106,10,10
42441,144,129,15,15
42442,69,62,7,7
42443,102,109,-7,7
42444,116,112,4,4
42445,61,69,-8,8
42446,108,106,2,2
42447,55,64,-9,9
42448,142,131,11,11
42449,156,145,11,11
42450,129,114,15,15
42451,180,168,12,12
42452,111,112,-1,1
42453,179,172,7,7
42454,89,97,-8,8
42455,114,106,8,8
42456,96,89,7,7
42457,117,114,3,3
42458,64,73,-9,9
42459,57,64,-7,7
42460,54,70,-16,16
42461,95,88,7,7
42462,89,75,14,14
42463,109,97,12,12
42464,76,81,-5,5
42465,67,71,-4,4
42466,65,71,-6,6
42467,76,87,-11,11
42468,92,93,-1,1
42469,92,91,1,1
42470,74,74,0,0
42471,92,86,6,6
42472,80,79,1,1
42473,89,92,-3,3
42474,43,58,-15,15
42475,69,78,-9,9
42476,88,91,-3,3
42477,84,92,-8,8
42478,115,114,1,1
42479,56,64,-8,8
42480,95,101,-6,6
42481,80,91,-11,11
42482,80,79,1,1
42483,98,96,2,2
42484,49,61,-12,12
42485,91,84,7,7
42486,64,75,-11,11
42487,53,65,-12,12
42488,85,81,4,4
42489,98,96,2,2
42490,100,92,8,8
42491,69,77,-8,8
42492,48,59,-11,11
42493,105,96,9,9
42494,163,142,21,21
42495,150,146,4,4
42496,85,87,-2,2
42497,128,124,4,4
42498,99,102,-3,3
42499,103,95,8,8
42500,128,111,17,17
42501,107,107,0,0
42502,55,70,-15,15
42503,84,92,-8,8
42504,90,96,-6,6
42505,90,95,-5,5
42506,72,75,-3,3
42507,91,91,0,0
42508,87,94,-7,7
42509,84,75,9,9
42510,42,56,-14,14
42511,65,76,-11,11
42512,131,125,6,6
42513,48,67,-19,19
42514,109,100,9,9
42515,85,93,-8,8
42516,66,67,-1,1
42517,83,88,-5,5
42518,46,53,-7,7
42519,141,130,11,11
42520,59,70,-11,11
42521,87,86,1,1
42522,84,95,-11,11
42523,86,94,-8,8
42524,127,115,12,12
42525,111,110,1,1
42526,102,104,-2,2
42527,65,75,-10,10
42528,70,74,-4,4
42529,61,73,-12,12
42530,104,99,5,5
42531,111,107,4,4
42532,202,169,33,33
42533,100,92,8,8
42534,136,130,6,6
42535,35,52,-17,17
42536,40,54,-14,14
42537,115,108,7,7
42538,116,106,10,10
42539,72,70,2,2
42540,108,105,3,3
42541,106,113,-7,7
42542,62,72,-10,10
42543,127,117,10,10
42544,94,87,7,7
42545,89,84,5,5
42546,70,76,-6,6
42547,72,81,-9,9
42548,98,87,11,11
42549,96,89,7,7
42550,108,109,-1,1
42551,142,116,26,26
42552,77,80,-3,3
42553,67,72,-5,5
42554,81,86,-5,5
42555,54,64,-10,10
42556,124,120,4,4
42557,110,114,-4,4
42558,101,99,2,2
42559,86,88,-2,2
42560,117,110,7,7
42561,111,102,9,9
42562,136,123,13,13
42563,78,75,3,3
42564,62,80,-18,18
42565,231,203,28,28
42566,180,180,0,0
42567,91,89,2,2
42568,134,129,5,5
42569,80,86,-6,6
42570,100,98,2,2
42571,123,117,6,6
42572,109,105,4,4
42573,70,75,-5,5
42574,57,62,-5,5
42575,148,137,11,11
42576,76,78,-2,2
42577,70,76,-6,6
42578,82,83,-1,1
42579,102,106,-4,4
42580,198,188,10,10
42581,56,61,-5,5
42582,94,98,-4,4
42583,97,98,-1,1
42584,103,96,7,7
42585,81,82,-1,1
42586,102,96,6,6
42587,85,87,-2,2
42588,165,144,21,21
42589,50,67,-17,17
42590,124,123,1,1
42591,101,98,3,3
42592,79,79,0,0
42593,138,141,-3,3
42594,191,144,47,47
42595,162,154,8,8
42596,126,114,12,12
42597,103,103,0,0
42598,49,62,-13,13
42599,113,116,-3,3
42600,100,97,3,3
42601,118,114,4,4
42602,117,120,-3,3
42603,84,87,-3,3
42604,110,98,12,12
42605,128,111,17,17
42606,105,104,1,1
42607,59,63,-4,4
42608,91,92,-1,1
42609,68,66,2,2
42610,72,83,-11,11
42611,135,129,6,6
42612,79,98,-19,19
42613,107,105,2,2
42614,30,49,-19,19
42615,70,76,-6,6
42616,105,101,4,4
42617,92,94,-2,2
42618,177,168,9,9
42619,84,93,-9,9
42620,67,81,-14,14
42621,150,126,24,24
42622,65,87,-22,22
42623,69,75,-6,6
42624,94,89,5,5
42625,87,77,10,10
42626,73,85,-12,12
42627,70,79,-9,9
42628,93,88,5,5
42629,110,102,8,8
42630,87,80,7,7
42631,109,106,3,3
42632,71,79,-8,8
42633,103,105,-2,2
42634,152,141,11,11
42635,70,76,-6,6
42636,125,103,22,22
42637,91,95,-4,4
42638,172,161,11,11
42639,60,76,-16,16
42640,99,125,-26,26
42641,61,67,-6,6
42642,91,89,2,2
42643,94,86,8,8
42644,135,123,12,12
42645,43,62,-19,19
42646,83,87,-4,4
42647,93,89,4,4
42648,116,111,5,5
42649,131,104,27,27
42650,140,145,-5,5
42651,101,104,-3,3
42652,160,144,16,16
42653,157,131,26,26
42654,147,170,-23,23
42655,151,145,6,6
42656,162,155,7,7
42657,52,99,-47,47
42658,77,74,3,3
42659,86,82,4,4
42660,86,93,-7,7
42661,91,84,7,7
42662,118,105,13,13
42663,103,100,3,3
42664,103,101,2,2
42665,74,78,-4,4
42666,119,109,10,10
42667,89,87,2,2
42668,107,100,7,7
42669,109,142,-33,33
42670,85,92,-7,7
42671,70,71,-1,1
42672,86,85,1,1
42673,105,101,4,4
42674,98,99,-1,1
42675,75,79,-4,4
42676,50,65,-15,15
42677,67,74,-7,7
42678,76,77,-1,1
42679,80,76,4,4
42680,124,123,1,1
42681,60,73,-13,13
42682,73,78,-5,5
42683,52,60,-8,8
42684,102,98,4,4
42685,29,40,-11,11
42686,66,78,-12,12
42687,80,77,3,3
42688,76,78,-2,2
42689,107,104,3,3
42690,68,67,1,1
42691,129,115,14,14
42692,51,58,-7,7
42693,131,131,0,0
42694,73,81,-8,8
42695,157,145,12,12
42696,96,101,-5,5
42697,19,59,-40,40
42698,109,98,11,11
42699,67,73,-6,6
42700,132,128,4,4
42701,156,122,34,34
42702,85,99,-14,14
42703,90,91,-1,1
42704,85,83,2,2
42705,44,63,-19,19
42706,150,136,14,14
42707,65,72,-7,7
42708,91,103,-12,12
42709,63,80,-17,17
42710,80,85,-5,5
42711,163,163,0,0
42712,110,99,11,11
42713,100,95,5,5
42714,89,83,6,6
42715,51,58,-7,7
42716,97,102,-5,5
42717,82,85,-3,3
42718,85,86,-1,1
42719,73,82,-9,9
42720,80,77,3,3
42721,50,65,-15,15
42722,81,81,0,0
42723,68,73,-5,5
42724,76,82,-6,6
42725,75,73,2,2
42726,82,90,-8,8
42727,78,81,-3,3
42728,53,76,-23,23
42729,55,65,-10,10
42730,41,51,-10,10
42731,95,97,-2,2
42732,55,62,-7,7
42733,99,109,-10,10
42734,64,77,-13,13
42735,93,103,-10,10
42736,61,64,-3,3
42737,95,95,0,0
42738,116,113,3,3
42739,83,78,5,5
42740,82,76,6,6
42741,137,111,26,26
42742,69,78,-9,9
42743,69,68,1,1
42744,60,62,-2,2
42745,81,91,-10,10
42746,128,124,4,4
42747,78,77,1,1
42748,79,84,-5,5
42749,74,84,-10,10
42750,69,76,-7,7
42751,140,133,7,7
42752,108,111,-3,3
42753,61,67,-6,6
42754,142,137,5,5
42755,42,51,-9,9
42756,68,70,-2,2
42757,74,79,-5,5
42758,94,96,-2,2
42759,164,153,11,11
42760,77,75,2,2
42761,94,87,7,7
42762,192,190,2,2
42763,121,119,2,2
42764,61,67,-6,6
42765,120,121,-1,1
42766,103,98,5,5
42767,89,85,4,4
42768,100,89,11,11
42769,97,86,11,11
42770,64,74,-10,10
42771,165,160,5,5
42772,74,75,-1,1
42773,65,70,-5,5
42774,39,58,-19,19
42775,183,166,17,17
42776,82,87,-5,5
42777,111,105,6,6
42778,150,131,19,19
42779,89,81,8,8
42780,116,107,9,9
42781,106,101,5,5
42782,129,129,0,0
42783,59,69,-10,10
42784,161,132,29,29
42785,108,118,-10,10
42786,63,78,-15,15
42787,114,108,6,6
42788,80,89,-9,9
42789,81,86,-5,5
42790,72,75,-3,3
42791,99,95,4,4
42792,98,84,14,14
42793,111,96,15,15
42794,120,117,3,3
42795,119,113,6,6
42796,69,77,-8,8
42797,137,124,13,13
42798,130,129,1,1
42799,106,94,12,12
42800,58,70,-12,12
42801,144,134,10,10
42802,117,118,-1,1
42803,146,153,-7,7
42804,137,125,12,12
42805,116,117,-1,1
42806,86,81,5,5
42807,89,87,2,2
42808,107,103,4,4
42809,108,107,1,1
42810,109,98,11,11
42811,53,66,-13,13
42812,79,74,5,5
42813,59,69,-10,10
42814,84,82,2,2
42815,156,140,16,16
42816,121,116,5,5
42817,66,72,-6,6
42818,74,77,-3,3
42819,47,107,-60,60
42820,106,106,0,0
42821,98,89,9,9
42822,68,69,-1,1
42823,58,72,-14,14
42824,86,89,-3,3
42825,87,94,-7,7
42826,85,96,-11,11
42827,143,131,12,12
42828,168,145,23,23
42829,63,77,-14,14
42830,72,112,-40,40
42831,170,177,-7,7
42832,139,140,-1,1
42833,104,106,-2,2
42834,66,68,-2,2
42835,78,83,-5,5
42836,66,66,0,0
42837,78,79,-1,1
42838,178,152,26,26
42839,176,163,13,13
42840,77,75,2,2
42841,51,61,-10,10
42842,112,94,18,18
42843,110,126,-16,16
42844,140,144,-4,4
42845,120,104,16,16
42846,88,86,2,2
42847,85,95,-10,10
42848,166,148,18,18
42849,71,74,-3,3
42850,112,118,-6,6
42851,73,74,-1,1
42852,80,84,-4,4
42853,113,125,-12,12
42854,62,70,-8,8
42855,94,74,20,20
42856,145,141,4,4
42857,131,134,-3,3
42858,103,100,3,3
42859,98,104,-6,6
42860,84,80,4,4
42861,133,119,14,14
42862,144,131,13,13
42863,141,122,19,19
42864,119,106,13,13
42865,87,86,1,1
42866,79,84,-5,5
42867,63,76,-13,13
42868,89,95,-6,6
42869,38,55,-17,17
42870,99,103,-4,4
42871,114,102,12,12
42872,129,111,18,18
42873,155,147,8,8
42874,87,77,10,10
42875,70,73,-3,3
42876,112,102,10,10
42877,137,129,8,8
42878,92,86,6,6
42879,145,135,10,10
42880,154,129,25,25
42881,130,119,11,11
42882,45,53,-8,8
42883,63,67,-4,4
42884,58,63,-5,5
42885,96,100,-4,4
42886,102,97,5,5
42887,118,123,-5,5
42888,119,109,10,10
42889,75,76,-1,1
42890,115,114,1,1
42891,94,96,-2,2
42892,108,103,5,5
42893,101,97,4,4
42894,136,130,6,6
42895,110,108,2,2
42896,127,118,9,9
42897,94,82,12,12
42898,124,111,13,13
42899,68,77,-9,9
42900,128,116,12,12
42901,138,129,9,9
42902,83,86,-3,3
42903,125,103,22,22
42904,63,70,-7,7
42905,133,105,28,28
42906,77,77,0,0
42907,94,91,3,3
42908,116,100,16,16
42909,93,90,3,3
42910,84,88,-4,4
42911,125,121,4,4
42912,123,124,-1,1
42913,92,88,4,4
42914,155,146,9,9
42915,86,171,-85,85
42916,75,81,-6,6
42917,74,81,-7,7
42918,78,85,-7,7
42919,96,87,9,9
42920,113,114,-1,1
42921,139,157,-18,18
42922,95,90,5,5
42923,83,84,-1,1
42924,128,124,4,4
42925,102,99,3,3
42926,124,136,-12,12
42927,71,77,-6,6
42928,63,70,-7,7
42929,71,74,-3,3
42930,131,131,0,0
42931,115,132,-17,17
42932,91,86,5,5
42933,92,100,-8,8
42934,59,61,-2,2
42935,138,133,5,5
42936,71,73,-2,2
42937,53,58,-5,5
42938,103,105,-2,2
42939,85,81,4,4
42940,92,93,-1,1
42941,109,118,-9,9
42942,74,86,-12,12
42943,100,97,3,3
42944,111,106,5,5
42945,112,109,3,3
42946,112,102,10,10
42947,31,49,-18,18
42948,57,78,-21,21
42949,194,182,12,12
42950,75,74,1,1
42951,119,115,4,4
42952,106,100,6,6
42953,89,79,10,10
42954,75,76,-1,1
42955,77,81,-4,4
42956,68,78,-10,10
42957,48,55,-7,7
42958,53,59,-6,6
42959,91,92,-1,1
42960,90,101,-11,11
42961,57,72,-15,15
42962,81,84,-3,3
42963,113,106,7,7
42964,89,88,1,1
42965,74,75,-1,1
42966,89,86,3,3
42967,73,82,-9,9
42968,54,56,-2,2
42969,77,81,-4,4
42970,108,95,13,13
42971,59,74,-15,15
42972,218,198,20,20
42973,118,124,-6,6
42974,86,93,-7,7
42975,153,141,12,12
42976,123,116,7,7
42977,117,113,4,4
42978,51,59,-8,8
42979,77,78,-1,1
42980,59,67,-8,8
42981,69,77,-8,8
42982,67,77,-10,10
42983,83,80,3,3
42984,137,123,14,14
42985,96,88,8,8
42986,68,74,-6,6
42987,91,97,-6,6
42988,81,86,-5,5
42989,79,73,6,6
42990,50,55,-5,5
42991,78,80,-2,2
42992,32,44,-12,12
42993,64,67,-3,3
42994,80,85,-5,5
42995,99,99,0,0
42996,131,133,-2,2
42997,48,60,-12,12
42998,77,76,1,1
42999,128,124,4,4
43000,120,114,6,6
43001,55,63,-8,8
43002,79,73,6,6
43003,85,86,-1,1
43004,148,134,14,14
43005,136,131,5,5
43006,111,117,-6,6
43007,105,130,-25,25
43008,93,89,4,4
43009,79,82,-3,3
43010,87,87,0,0
43011,69,76,-7,7
43012,109,103,6,6
43013,156,142,14,14
43014,106,107,-1,1
43015,105,105,0,0
43016,42,51,-9,9
43017,84,84,0,0
43018,15,36,-21,21
43019,89,97,-8,8
43020,179,170,9,9
43021,65,72,-7,7
43022,108,110,-2,2
43023,40,58,-18,18
43024,89,85,4,4
43025,138,123,15,15
43026,134,139,-5,5
43027,102,97,5,5
43028,103,98,5,5
43029,143,124,19,19
43030,65,75,-10,10
43031,74,77,-3,3
43032,116,104,12,12
43033,79,81,-2,2
43034,74,78,-4,4
43035,91,77,14,14
43036,99,96,3,3
43037,64,66,-2,2
43038,120,109,11,11
43039,103,94,9,9
43040,90,86,4,4
43041,51,58,-7,7
43042,96,89,7,7
43043,77,78,-1,1
43044,142,139,3,3
43045,77,71,6,6
43046,90,88,2,2
43047,141,131,10,10
43048,85,91,-6,6
43049,98,92,6,6
43050,146,141,5,5
43051,120,109,11,11
43052,107,109,-2,2
43053,97,99,-2,2
43054,125,123,2,2
43055,81,85,-4,4
43056,99,102,-3,3
43057,90,96,-6,6
43058,53,61,-8,8
43059,88,82,6,6
43060,70,70,0,0
43061,57,78,-21,21
43062,77,74,3,3
43063,51,69,-18,18
43064,110,110,0,0
43065,72,76,-4,4
43066,101,100,1,1
43067,177,154,23,23
43068,153,132,21,21
43069,157,148,9,9
43070,67,73,-6,6
43071,63,69,-6,6
43072,208,184,24,24
43073,84,83,1,1
43074,69,76,-7,7
43075,110,99,11,11
43076,85,75,10,10
43077,37,47,-10,10
43078,142,114,28,28
43079,82,88,-6,6
43080,81,92,-11,11
43081,94,95,-1,1
43082,143,141,2,2
43083,118,106,12,12
43084,86,94,-8,8
43085,76,86,-10,10
43086,73,71,2,2
43087,131,111,20,20
43088,53,73,-20,20
43089,66,72,-6,6
43090,101,99,2,2
43091,115,111,4,4
43092,136,128,8,8
43093,61,86,-25,25
43094,86,88,-2,2
43095,71,83,-12,12
43096,81,83,-2,2
43097,69,81,-12,12
43098,36,53,-17,17
43099,157,146,11,11
43100,57,69,-12,12
43101,73,69,4,4
43102,185,161,24,24
43103,62,62,0,0
43104,123,119,4,4
43105,65,69,-4,4
43106,73,73,0,0
43107,98,96,2,2
43108,101,94,7,7
43109,104,98,6,6
43110,83,86,-3,3
43111,58,69,-11,11
43112,85,87,-2,2
43113,55,66,-11,11
43114,80,74,6,6
43115,66,71,-5,5
43116,83,78,5,5
43117,107,111,-4,4
43118,104,97,7,7
43119,44,48,-4,4
43120,63,73,-10,10
43121,85,81,4,4
43122,133,128,5,5
43123,59,69,-10,10
43124,130,105,25,25
43125,74,78,-4,4
43126,62,66,-4,4
43127,109,99,10,10
43128,71,77,-6,6
43129,55,93,-38,38
43130,142,138,4,4
43131,117,118,-1,1
43132,110,100,10,10
43133,35,53,-18,18
43134,85,90,-5,5
43135,63,67,-4,4
43136,79,88,-9,9
43137,101,94,7,7
43138,73,78,-5,5
43139,150,152,-2,2
43140,164,139,25,25
43141,121,114,7,7
43142,56,67,-11,11
43143,82,85,-3,3
43144,115,128,-13,13
43145,103,95,8,8
43146,80,80,0,0
43147,90,100,-10,10
43148,103,98,5,5
43149,122,123,-1,1
43150,113,113,0,0
43151,62,75,-13,13
43152,120,118,2,2
43153,94,97,-3,3
43154,93,94,-1,1
43155,52,60,-8,8
43156,89,83,6,6
43157,72,69,3,3
43158,65,64,1,1
43159,92,86,6,6
43160,59,67,-8,8
43161,86,104,-18,18
43162,119,111,8,8
43163,64,72,-8,8
43164,142,111,31,31
43165,80,84,-4,4
43166,68,72,-4,4
43167,85,94,-9,9
43168,69,75,-6,6
43169,157,147,10,10
43170,120,102,18,18
43171,135,127,8,8
43172,72,72,0,0
43173,99,86,13,13
43174,88,94,-6,6
43175,101,96,5,5
43176,72,79,-7,7
43177,166,163,3,3
43178,49,62,-13,13
43179,89,86,3,3
43180,113,102,11,11
43181,113,101,12,12
43182,85,89,-4,4
43183,67,79,-12,12
43184,89,89,0,0
43185,63,73,-10,10
43186,52,81,-29,29
43187,127,118,9,9
43188,106,100,6,6
43189,120,102,18,18
43190,97,112,-15,15
43191,57,72,-15,15
43192,68,84,-16,16
43193,105,103,2,2
43194,106,109,-3,3
43195,133,127,6,6
43196,63,75,-12,12
43197,58,66,-8,8
43198,106,107,-1,1
43199,103,95,8,8
43200,71,77,-6,6
43201,103,103,0,0
43202,42,52,-10,10
43203,91,86,5,5
43204,103,105,-2,2
43205,90,91,-1,1
43206,103,103,0,0
43207,111,102,9,9
43208,132,117,15,15
43209,115,108,7,7
43210,121,121,0,0
43211,122,109,13,13
43212,132,121,11,11
43213,32,53,-21,21
43214,110,99,11,11
43215,87,92,-5,5
43216,135,124,11,11
43217,102,96,6,6
43218,82,87,-5,5
43219,131,121,10,10
43220,102,102,0,0
43221,52,61,-9,9
43222,100,102,-2,2
43223,100,95,5,5
43224,90,96,-6,6
43225,85,91,-6,6
43226,61,68,-7,7
43227,154,160,-6,6
43228,137,121,16,16
43229,107,101,6,6
43230,98,101,-3,3
43231,92,89,3,3
43232,191,162,29,29
43233,113,116,-3,3
43234,104,103,1,1
43235,62,67,-5,5
43236,80,81,-1,1
43237,50,58,-8,8
43238,100,83,17,17
43239,126,121,5,5
43240,113,101,12,12
43241,69,75,-6,6
43242,62,67,-5,5
43243,52,76,-24,24
43244,118,110,8,8
43245,59,69,-10,10
43246,40,55,-15,15
43247,93,93,0,0
43248,105,109,-4,4
43249,127,113,14,14
43250,84,91,-7,7
43251,93,103,-10,10
43252,121,124,-3,3
43253,94,97,-3,3
43254,64,72,-8,8
43255,109,100,9,9
43256,123,128,-5,5
43257,130,117,13,13
43258,138,129,9,9
43259,67,75,-8,8
43260,99,96,3,3
43261,84,82,2,2
43262,112,120,-8,8
43263,103,101,2,2
43264,60,63,-3,3
43265,90,107,-17,17
43266,131,131,0,0
43267,47,59,-12,12
43268,90,88,2,2
43269,81,83,-2,2
43270,84,84,0,0
43271,81,86,-5,5
43272,105,104,1,1
43273,67,73,-6,6
43274,86,89,-3,3
43275,140,140,0,0
43276,78,74,4,4
43277,96,91,5,5
43278,102,102,0,0
43279,43,57,-14,14
43280,71,85,-14,14
43281,91,98,-7,7
43282,84,85,-1,1
43283,125,115,10,10
43284,50,61,-11,11
43285,90,95,-5,5
43286,68,68,0,0
43287,129,121,8,8
43288,133,135,-2,2
43289,72,92,-20,20
43290,150,142,8,8
43291,179,159,20,20
43292,96,90,6,6
43293,72,72,0,0
43294,178,150,28,28
43295,89,85,4,4
43296,129,115,14,14
43297,84,82,2,2
43298,87,81,6,6
43299,82,81,1,1
43300,82,92,-10,10
43301,91,93,-2,2
43302,112,112,0,0
43303,88,94,-6,6
43304,100,103,-3,3
43305,164,149,15,15
43306,89,93,-4,4
43307,72,82,-10,10
43308,111,116,-5,5
43309,123,124,-1,1
43310,163,141,22,22
43311,65,72,-7,7
43312,130,136,-6,6
43313,145,140,5,5
43314,92,89,3,3
43315,50,66,-16,16
43316,73,92,-19,19
43317,57,67,-10,10
43318,89,80,9,9
43319,82,82,0,0
43320,67,69,-2,2
43321,91,98,-7,7
43322,112,107,5,5
43323,73,77,-4,4
43324,64,69,-5,5
43325,119,129,-10,10
43326,61,64,-3,3
43327,26,46,-20,20
43328,67,71,-4,4
43329,178,159,19,19
43330,97,84,13,13
43331,132,106,26,26
43332,121,120,1,1
43333,143,117,26,26
43334,92,98,-6,6
43335,78,83,-5,5
43336,99,102,-3,3
43337,68,69,-1,1
43338,61,68,-7,7
43339,139,138,1,1
43340,162,156,6,6
43341,86,86,0,0
43342,106,99,7,7
43343,48,57,-9,9
43344,125,115,10,10
43345,123,117,6,6
43346,117,109,8,8
43347,229,195,34,34
43348,83,87,-4,4
43349,72,113,-41,41
43350,130,123,7,7
43351,49,63,-14,14
43352,124,120,4,4
43353,123,121,2,2
43354,127,130,-3,3
43355,78,80,-2,2
43356,87,108,-21,21
43357,129,116,13,13
43358,97,89,8,8
43359,129,140,-11,11
43360,69,71,-2,2
43361,84,85,-1,1
43362,122,105,17,17
43363,158,140,18,18
43364,77,84,-7,7
43365,86,97,-11,11
43366,100,103,-3,3
43367,93,100,-7,7
43368,117,108,9,9
43369,139,125,14,14
43370,100,96,4,4
43371,162,148,14,14
43372,68,76,-8,8
43373,68,73,-5,5
43374,85,79,6,6
43375,105,96,9,9
43376,174,151,23,23
43377,85,87,-2,2
43378,108,99,9,9
43379,67,74,-7,7
43380,115,111,4,4
43381,63,69,-6,6
43382,107,103,4,4
43383,99,105,-6,6
43384,52,65,-13,13
43385,87,84,3,3
43386,125,97,28,28
43387,64,64,0,0
43388,101,108,-7,7
43389,118,114,4,4
43390,129,124,5,5
43391,100,101,-1,1
43392,71,71,0,0
43393,70,84,-14,14
43394,70,78,-8,8
43395,101,86,15,15
43396,71,78,-7,7
43397,70,74,-4,4
43398,115,112,3,3
43399,56,61,-5,5
43400,106,102,4,4
43401,125,118,7,7
43402,104,99,5,5
43403,84,83,1,1
43404,64,73,-9,9
43405,82,83,-1,1
43406,99,105,-6,6
43407,167,157,10,10
43408,107,105,2,2
43409,91,86,5,5
43410,83,89,-6,6
43411,89,79,10,10
43412,92,87,5,5
43413,114,105,9,9
43414,126,101,25,25
43415,133,121,12,12
43416,51,64,-13,13
43417,87,82,5,5
43418,67,68,-1,1
43419,67,69,-2,2
43420,142,130,12,12
43421,139,124,15,15
43422,125,109,16,16
43423,81,81,0,0
43424,210,183,27,27
43425,113,103,10,10
43426,57,76,-19,19
43427,94,92,2,2
43428,121,96,25,25
43429,107,102,5,5
43430,38,57,-19,19
43431,81,85,-4,4
43432,126,112,14,14
43433,248,234,14,14
43434,92,91,1,1
43435,153,144,9,9
43436,127,124,3,3
43437,45,59,-14,14
43438,81,102,-21,21
43439,164,156,8,8
43440,140,146,-6,6
43441,114,107,7,7
43442,115,112,3,3
43443,87,85,2,2
43444,57,66,-9,9
43445,51,54,-3,3
43446,95,105,-10,10
43447,33,46,-13,13
43448,128,119,9,9
43449,101,97,4,4
43450,75,82,-7,7
43451,138,130,8,8
43452,136,120,16,16
43453,63,88,-25,25
43454,80,73,7,7
43455,90,100,-10,10
43456,47,54,-7,7
43457,96,95,1,1
43458,62,65,-3,3
43459,98,93,5,5
43460,140,136,4,4
43461,84,78,6,6
43462,143,144,-1,1
43463,84,87,-3,3
43464,151,148,3,3
43465,87,81,6,6
43466,107,111,-4,4
43467,118,105,13,13
43468,60,71,-11,11
43469,82,86,-4,4
43470,167,155,12,12
43471,110,99,11,11
43472,98,98,0,0
43473,83,85,-2,2
43474,76,77,-1,1
43475,93,108,-15,15
43476,102,100,2,2
43477,76,70,6,6
43478,76,83,-7,7
43479,115,110,5,5
43480,77,83,-6,6
43481,98,96,2,2
43482,149,138,11,11
43483,78,78,0,0
43484,119,114,5,5
43485,121,113,8,8
43486,46,79,-33,33
43487,67,82,-15,15
43488,129,116,13,13
43489,114,114,0,0
43490,73,79,-6,6
43491,118,116,2,2
43492,90,94,-4,4
43493,165,160,5,5
43494,147,143,4,4
43495,52,53,-1,1
43496,111,119,-8,8
43497,160,138,22,22
43498,88,96,-8,8
43499,105,101,4,4
43500,105,91,14,14
43501,90,95,-5,5
43502,120,118,2,2
43503,89,76,13,13
43504,79,84,-5,5
43505,82,93,-11,11
43506,122,122,0,0
43507,96,92,4,4
43508,48,62,-14,14
43509,70,71,-1,1
43510,65,80,-15,15
43511,78,82,-4,4
43512,133,127,6,6
43513,48,60,-12,12
43514,90,91,-1,1
43515,54,66,-12,12
43516,104,95,9,9
43517,91,84,7,7
43518,112,107,5,5
43519,63,72,-9,9
43520,113,108,5,5
43521,99,87,12,12
43522,100,96,4,4
43523,69,75,-6,6
43524,122,110,12,12
43525,84,87,-3,3
43526,119,103,16,16
43527,103,97,6,6
43528,91,106,-15,15
43529,55,68,-13,13
43530,64,73,-9,9
43531,87,86,1,1
43532,220,200,20,20
43533,85,88,-3,3
43534,63,73,-10,10
43535,64,69,-5,5
43536,109,114,-5,5
43537,80,82,-2,2
43538,91,89,2,2
43539,146,147,-1,1
43540,125,122,3,3
43541,130,128,2,2
43542,127,135,-8,8
43543,113,100,13,13
43544,125,121,4,4
43545,84,88,-4,4
43546,111,105,6,6
43547,138,126,12,12
43548,47,60,-13,13
43549,75,87,-12,12
43550,98,107,-9,9
43551,163,151,12,12
43552,140,121,19,19
43553,50,56,-6,6
43554,77,80,-3,3
43555,64,66,-2,2
43556,76,76,0,0
43557,108,102,6,6
43558,53,57,-4,4
43559,65,78,-13,13
43560,197,181,16,16
43561,182,166,16,16
43562,71,76,-5,5
43563,134,115,19,19
43564,126,109,17,17
43565,54,65,-11,11
43566,132,134,-2,2
43567,86,84,2,2
43568,106,107,-1,1
43569,53,62,-9,9
43570,87,87,0,0
43571,80,83,-3,3
43572,150,151,-1,1
43573,49,57,-8,8
43574,137,103,34,34
43575,51,61,-10,10
43576,90,85,5,5
43577,125,118,7,7
43578,110,111,-1,1
43579,112,115,-3,3
43580,51,65,-14,14
43581,105,92,13,13
43582,110,112,-2,2
43583,93,97,-4,4
43584,169,154,15,15
43585,97,83,14,14
43586,97,84,13,13
43587,89,93,-4,4
43588,75,78,-3,3
43589,119,114,5,5
43590,93,97,-4,4
43591,53,63,-10,10
43592,121,100,21,21
43593,61,81,-20,20
43594,98,102,-4,4
43595,92,93,-1,1
43596,63,67,-4,4
43597,101,86,15,15
43598,180,163,17,17
43599,70,75,-5,5
43600,66,70,-4,4
43601,121,156,-35,35
43602,100,96,4,4
43603,151,145,6,6
43604,44,69,-25,25
43605,93,93,0,0
43606,79,76,3,3
43607,133,116,17,17
43608,51,59,-8,8
43609,111,108,3,3
43610,83,86,-3,3
43611,93,99,-6,6
43612,78,76,2,2
43613,75,78,-3,3
43614,133,129,4,4
43615,128,114,14,14
43616,98,104,-6,6
43617,137,119,18,18
43618,79,86,-7,7
43619,90,87,3,3
43620,62,69,-7,7
43621,170,167,3,3
43622,123,115,8,8
43623,57,70,-13,13
43624,87,97,-10,10
43625,35,58,-23,23
43626,76,86,-10,10
43627,95,86,9,9
43628,63,73,-10,10
43629,74,76,-2,2
43630,125,127,-2,2
43631,115,111,4,4
43632,63,70,-7,7
43633,141,132,9,9
43634,78,79,-1,1
43635,71,75,-4,4
43636,90,88,2,2
43637,235,219,16,16
43638,118,105,13,13
43639,65,74,-9,9
43640,98,92,6,6
43641,97,103,-6,6
43642,48,65,-17,17
43643,110,110,0,0
43644,96,96,0,0
43645,119,109,10,10
43646,141,133,8,8
43647,80,83,-3,3
43648,88,107,-19,19
43649,93,92,1,1
43650,141,135,6,6
43651,59,81,-22,22
43652,98,94,4,4
43653,66,80,-14,14
43654,91,94,-3,3
43655,90,90,0,0
43656,111,107,4,4
43657,96,95,1,1
43658,103,97,6,6
43659,59,66,-7,7
43660,68,75,-7,7
43661,73,76,-3,3
43662,60,70,-10,10
43663,75,90,-15,15
43664,65,74,-9,9
43665,91,95,-4,4
43666,53,71,-18,18
43667,97,98,-1,1
43668,66,69,-3,3
43669,94,93,1,1
43670,97,96,1,1
43671,81,82,-1,1
43672,134,123,11,11
43673,96,101,-5,5
43674,115,117,-2,2
43675,51,78,-27,27
43676,75,80,-5,5
43677,157,142,15,15
43678,86,89,-3,3
43679,147,148,-1,1
43680,85,85,0,0
43681,88,94,-6,6
43682,46,57,-11,11
43683,119,114,5,5
43684,109,98,11,11
43685,142,139,3,3
43686,95,98,-3,3
43687,93,98,-5,5
43688,79,79,0,0
43689,142,134,8,8
43690,83,86,-3,3
43691,93,91,2,2
43692,149,107,42,42
43693,114,102,12,12
43694,99,88,11,11
43695,125,124,1,1
43696,116,103,13,13
43697,131,135,-4,4
43698,103,97,6,6
43699,79,73,6,6
43700,171,164,7,7
43701,69,79,-10,10
43702,78,90,-12,12
43703,67,83,-16,16
43704,82,84,-2,2
43705,110,115,-5,5
43706,171,153,18,18
43707,46,54,-8,8
43708,60,68,-8,8
43709,179,156,23,23
43710,68,76,-8,8
43711,66,71,-5,5
43712,67,71,-4,4
43713,87,105,-18,18
43714,61,68,-7,7
43715,61,72,-11,11
43716,122,123,-1,1
43717,96,96,0,0
43718,106,95,11,11
43719,54,62,-8,8
43720,76,80,-4,4
43721,111,110,1,1
43722,44,56,-12,12
43723,163,157,6,6
43724,71,67,4,4
43725,74,77,-3,3
43726,97,97,0,0
43727,134,125,9,9
43728,82,80,2,2
43729,79,99,-20,20
43730,138,121,17,17
43731,82,101,-19,19
43732,152,145,7,7
43733,111,110,1,1
43734,123,110,13,13
43735,77,76,1,1
43736,146,131,15,15
43737,82,82,0,0
43738,69,78,-9,9
43739,91,98,-7,7
43740,166,150,16,16
43741,53,61,-8,8
43742,71,72,-1,1
43743,84,85,-1,1
43744,68,74,-6,6
43745,94,100,-6,6
43746,101,126,-25,25
43747,106,100,6,6
43748,93,89,4,4
43749,69,76,-7,7
43750,136,119,17,17
43751,90,90,0,0
43752,87,79,8,8
43753,64,65,-1,1
43754,62,102,-40,40
43755,77,84,-7,7
43756,47,71,-24,24
43757,122,118,4,4
43758,67,75,-8,8
43759,87,97,-10,10
43760,84,78,6,6
43761,68,75,-7,7
43762,60,70,-10,10
43763,75,78,-3,3
43764,90,86,4,4
43765,69,86,-17,17
43766,77,78,-1,1
43767,82,78,4,4
43768,127,120,7,7
43769,58,67,-9,9
43770,151,136,15,15
43771,125,130,-5,5
43772,114,108,6,6
43773,106,107,-1,1
43774,85,86,-1,1
43775,92,90,2,2
43776,70,73,-3,3
43777,124,120,4,4
43778,97,100,-3,3
43779,71,80,-9,9
43780,146,142,4,4
43781,93,93,0,0
43782,91,84,7,7
43783,63,68,-5,5
43784,60,68,-8,8
43785,84,102,-18,18
43786,192,186,6,6
43787,93,87,6,6
43788,133,120,13,13
43789,95,91,4,4
43790,65,65,0,0
43791,81,91,-10,10
43792,107,112,-5,5
43793,131,120,11,11
43794,130,130,0,0
43795,68,70,-2,2
43796,77,83,-6,6
43797,112,115,-3,3
43798,67,79,-12,12
43799,91,90,1,1
43800,90,87,3,3
43801,125,120,5,5
43802,69,71,-2,2
43803,106,103,3,3
43804,110,100,10,10
43805,65,71,-6,6
43806,87,94,-7,7
43807,60,65,-5,5
43808,91,87,4,4
43809,153,134,19,19
43810,95,95,0,0
43811,150,137,13,13
43812,61,71,-10,10
43813,169,174,-5,5
43814,76,78,-2,2
43815,93,94,-1,1
43816,75,74,1,1
43817,76,86,-10,10
43818,85,102,-17,17
43819,63,75,-12,12
43820,86,92,-6,6
43821,111,103,8,8
43822,81,81,0,0
43823,225,165,60,60
43824,49,57,-8,8
43825,90,93,-3,3
43826,67,70,-3,3
43827,109,109,0,0
43828,103,95,8,8
43829,73,72,1,1
43830,137,133,4,4
43831,93,99,-6,6
43832,68,75,-7,7
43833,82,98,-16,16
43834,66,77,-11,11
43835,110,97,13,13
43836,170,169,1,1
43837,104,100,4,4
43838,73,79,-6,6
43839,137,123,14,14
43840,55,63,-8,8
43841,52,67,-15,15
43842,95,88,7,7
43843,48,59,-11,11
43844,67,81,-14,14
43845,64,71,-7,7
43846,71,76,-5,5
43847,77,78,-1,1
43848,66,68,-2,2
43849,78,80,-2,2
43850,71,77,-6,6
43851,117,112,5,5
43852,83,76,7,7
43853,43,56,-13,13
43854,100,92,8,8
43855,50,63,-13,13
43856,140,136,4,4
43857,86,100,-14,14
43858,63,69,-6,6
43859,91,94,-3,3
43860,113,105,8,8
43861,63,68,-5,5
43862,61,65,-4,4
43863,78,85,-7,7
43864,34,59,-25,25
43865,90,102,-12,12
43866,47,53,-6,6
43867,64,76,-12,12
43868,58,71,-13,13
43869,116,116,0,0
43870,117,112,5,5
43871,84,90,-6,6
43872,105,105,0,0
43873,86,87,-1,1
43874,68,73,-5,5
43875,131,134,-3,3
43876,77,83,-6,6
43877,76,73,3,3
43878,117,104,13,13
43879,97,92,5,5
43880,123,118,5,5
43881,98,101,-3,3
43882,71,75,-4,4
43883,127,118,9,9
43884,56,62,-6,6
43885,122,110,12,12
43886,49,67,-18,18
43887,60,69,-9,9
43888,115,106,9,9
43889,78,84,-6,6
43890,46,62,-16,16
43891,119,113,6,6
43892,129,140,-11,11
43893,66,68,-2,2
43894,142,137,5,5
43895,79,80,-1,1
43896,71,81,-10,10
43897,144,135,9,9
43898,106,107,-1,1
43899,77,82,-5,5
43900,74,82,-8,8
43901,69,73,-4,4
43902,88,85,3,3
43903,59,67,-8,8
43904,123,119,4,4
43905,54,62,-8,8
43906,43,59,-16,16
43907,155,126,29,29
43908,68,74,-6,6
43909,131,128,3,3
43910,146,136,10,10
43911,102,87,15,15
43912,80,84,-4,4
43913,57,69,-12,12
43914,81,80,1,1
43915,104,114,-10,10
43916,39,49,-10,10
43917,78,82,-4,4
43918,112,105,7,7
43919,44,86,-42,42
43920,79,80,-1,1
43921,132,126,6,6
43922,117,130,-13,13
43923,80,85,-5,5
43924,88,81,7,7
43925,61,68,-7,7
43926,57,59,-2,2
43927,123,118,5,5
43928,60,72,-12,12
43929,113,102,11,11
43930,64,72,-8,8
43931,101,94,7,7
43932,143,138,5,5
43933,71,80,-9,9
43934,80,75,5,5
43935,70,72,-2,2
43936,45,57,-12,12
43937,44,60,-16,16
43938,92,85,7,7
43939,67,75,-8,8
43940,63,63,0,0
43941,139,129,10,10
43942,127,117,10,10
43943,69,72,-3,3
43944,136,124,12,12
43945,109,111,-2,2
43946,120,113,7,7
43947,63,71,-8,8
43948,50,60,-10,10
43949,97,90,7,7
43950,103,91,12,12
43951,89,84,5,5
43952,85,81,4,4
43953,173,160,13,13
43954,128,123,5,5
43955,171,167,4,4
43956,49,55,-6,6
43957,99,86,13,13
43958,129,132,-3,3
43959,85,90,-5,5
43960,102,98,4,4
43961,124,120,4,4
43962,122,107,15,15
43963,137,128,9,9
43964,89,93,-4,4
43965,51,58,-7,7
43966,81,100,-19,19
43967,88,81,7,7
43968,76,84,-8,8
43969,111,114,-3,3
43970,86,88,-2,2
43971,131,122,9,9
43972,23,43,-20,20
43973,109,103,6,6
43974,84,83,1,1
43975,101,102,-1,1
43976,139,133,6,6
43977,58,72,-14,14
43978,71,77,-6,6
43979,95,83,12,12
43980,70,71,-1,1
43981,65,74,-9,9
43982,95,90,5,5
43983,109,102,7,7
43984,57,66,-9,9
43985,103,101,2,2
43986,184,160,24,24
43987,80,81,-1,1
43988,103,101,2,2
43989,94,118,-24,24
43990,62,69,-7,7
43991,110,91,19,19
43992,109,107,2,2
43993,47,60,-13,13
43994,107,109,-2,2
43995,184,160,24,24
43996,122,125,-3,3
43997,155,150,5,5
43998,66,78,-12,12
43999,63,70,-7,7
44000,104,114,-10,10
44001,100,92,8,8
44002,82,102,-20,20
44003,162,157,5,5
44004,122,125,-3,3
44005,78,130,-52,52
44006,71,72,-1,1
44007,131,108,23,23
44008,113,107,6,6
44009,84,91,-7,7
44010,65,69,-4,4
44011,81,85,-4,4
44012,93,84,9,9
44013,67,70,-3,3
44014,148,128,20,20
44015,72,80,-8,8
44016,106,97,9,9
44017,79,91,-12,12
44018,113,109,4,4
44019,66,69,-3,3
44020,68,66,2,2
44021,63,66,-3,3
44022,81,98,-17,17
44023,117,113,4,4
44024,70,104,-34,34
44025,78,81,-3,3
44026,165,168,-3,3
44027,40,52,-12,12
44028,85,93,-8,8
44029,73,110,-37,37
44030,104,101,3,3
44031,129,115,14,14
44032,116,104,12,12
44033,115,107,8,8
44034,82,83,-1,1
44035,84,90,-6,6
44036,82,88,-6,6
44037,29,67,-38,38
44038,64,79,-15,15
44039,66,65,1,1
44040,114,110,4,4
44041,146,129,17,17
44042,65,68,-3,3
44043,42,55,-13,13
44044,157,158,-1,1
44045,89,86,3,3
44046,116,129,-13,13
44047,54,66,-12,12
44048,77,78,-1,1
44049,79,82,-3,3
44050,137,133,4,4
44051,67,71,-4,4
44052,105,110,-5,5
44053,149,121,28,28
44054,57,66,-9,9
44055,104,109,-5,5
44056,89,97,-8,8
44057,82,87,-5,5
44058,106,120,-14,14
44059,191,177,14,14
44060,87,86,1,1
44061,58,65,-7,7
44062,114,110,4,4
44063,114,119,-5,5
44064,118,104,14,14
44065,159,147,12,12
44066,58,62,-4,4
44067,95,95,0,0
44068,74,77,-3,3
44069,135,116,19,19
44070,134,132,2,2
44071,87,87,0,0
44072,130,113,17,17
44073,119,112,7,7
44074,142,132,10,10
44075,152,145,7,7
44076,105,101,4,4
44077,63,71,-8,8
44078,92,94,-2,2
44079,75,73,2,2
44080,96,94,2,2
44081,75,72,3,3
44082,56,64,-8,8
44083,72,74,-2,2
44084,89,106,-17,17
44085,58,69,-11,11
44086,76,78,-2,2
44087,90,102,-12,12
44088,73,85,-12,12
44089,78,83,-5,5
44090,110,119,-9,9
44091,174,148,26,26
44092,104,92,12,12
44093,94,99,-5,5
44094,165,148,17,17
44095,107,97,10,10
44096,78,78,0,0
44097,90,89,1,1
44098,124,115,9,9
44099,129,113,16,16
44100,66,72,-6,6
44101,73,81,-8,8
44102,139,137,2,2
44103,72,81,-9,9
44104,140,130,10,10
44105,93,99,-6,6
44106,135,124,11,11
44107,56,65,-9,9
44108,76,77,-1,1
44109,102,107,-5,5
44110,102,102,0,0
44111,130,124,6,6
44112,152,148,4,4
44113,76,76,0,0
44114,178,173,5,5
44115,85,78,7,7
44116,78,78,0,0
44117,97,110,-13,13
44118,113,117,-4,4
44119,81,90,-9,9
44120,65,80,-15,15
44121,42,56,-14,14
44122,72,84,-12,12
44123,115,110,5,5
44124,80,87,-7,7
44125,39,51,-12,12
44126,85,83,2,2
44127,101,96,5,5
44128,158,152,6,6
44129,91,94,-3,3
44130,68,74,-6,6
44131,112,116,-4,4
44132,161,155,6,6
44133,147,150,-3,3
44134,63,72,-9,9
44135,60,78,-18,18
44136,84,88,-4,4
44137,112,110,2,2
44138,129,117,12,12
44139,136,132,4,4
44140,130,121,9,9
44141,74,78,-4,4
44142,111,114,-3,3
44143,118,116,2,2
44144,60,66,-6,6
44145,59,74,-15,15
44146,90,89,1,1
44147,72,81,-9,9
44148,118,113,5,5
44149,63,70,-7,7
44150,91,88,3,3
44151,106,107,-1,1
44152,89,92,-3,3
44153,111,108,3,3
44154,131,124,7,7
44155,85,97,-12,12
44156,97,98,-1,1
44157,41,55,-14,14
44158,104,101,3,3
44159,137,138,-1,1
44160,110,102,8,8
44161,50,80,-30,30
44162,143,126,17,17
44163,110,104,6,6
44164,79,82,-3,3
44165,79,83,-4,4
44166,71,80,-9,9
44167,116,113,3,3
44168,89,87,2,2
44169,85,87,-2,2
44170,62,76,-14,14
44171,105,95,10,10
44172,110,113,-3,3
44173,68,81,-13,13
44174,125,125,0,0
44175,120,114,6,6
44176,118,110,8,8
44177,63,68,-5,5
44178,42,55,-13,13
44179,49,63,-14,14
44180,96,97,-1,1
44181,107,104,3,3
44182,108,111,-3,3
44183,94,93,1,1
44184,89,86,3,3
44185,117,113,4,4
44186,120,117,3,3
44187,71,76,-5,5
44188,71,77,-6,6
44189,58,69,-11,11
44190,90,98,-8,8
44191,118,109,9,9
44192,43,71,-28,28
44193,78,79,-1,1
44194,159,145,14,14
44195,99,106,-7,7
44196,92,95,-3,3
44197,148,133,15,15
44198,97,86,11,11
44199,84,90,-6,6
44200,45,55,-10,10
44201,63,71,-8,8
44202,117,114,3,3
44203,122,113,9,9
44204,115,107,8,8
44205,110,104,6,6
44206,114,104,10,10
44207,71,76,-5,5
44208,132,138,-6,6
44209,73,73,0,0
44210,137,125,12,12
44211,79,78,1,1
44212,79,73,6,6
44213,106,102,4,4
44214,99,94,5,5
44215,77,100,-23,23
44216,127,128,-1,1
44217,96,89,7,7
44218,66,68,-2,2
44219,63,68,-5,5
44220,95,96,-1,1
44221,97,94,3,3
44222,42,51,-9,9
44223,60,59,1,1
44224,59,71,-12,12
44225,66,70,-4,4
44226,140,103,37,37
44227,64,73,-9,9
44228,72,78,-6,6
44229,85,85,0,0
44230,119,99,20,20
44231,99,92,7,7
44232,133,121,12,12
44233,75,83,-8,8
44234,66,71,-5,5
44235,102,97,5,5
44236,63,75,-12,12
44237,133,123,10,10
44238,144,137,7,7
44239,141,124,17,17
44240,97,102,-5,5
44241,90,97,-7,7
44242,124,125,-1,1
44243,123,124,-1,1
44244,191,175,16,16
44245,62,69,-7,7
44246,58,71,-13,13
44247,98,94,4,4
44248,113,107,6,6
44249,107,98,9,9
44250,106,106,0,0
44251,95,91,4,4
44252,144,134,10,10
44253,50,54,-4,4
44254,195,168,27,27
44255,122,103,19,19
44256,97,82,15,15
44257,71,65,6,6
44258,153,135,18,18
44259,67,77,-10,10
44260,51,64,-13,13
44261,65,75,-10,10
44262,78,81,-3,3
44263,87,86,1,1
44264,72,81,-9,9
44265,81,83,-2,2
44266,149,141,8,8
44267,119,103,16,16
44268,102,93,9,9
44269,93,91,2,2
44270,116,114,2,2
44271,125,118,7,7
44272,138,129,9,9
44273,75,85,-10,10
44274,100,99,1,1
44275,107,94,13,13
44276,91,114,-23,23
44277,135,129,6,6
44278,47,64,-17,17
44279,95,86,9,9
44280,88,99,-11,11
44281,71,72,-1,1
44282,110,120,-10,10
44283,108,107,1,1
44284,49,71,-22,22
44285,48,59,-11,11
44286,93,95,-2,2
44287,94,96,-2,2
44288,140,131,9,9
44289,68,72,-4,4
44290,79,88,-9,9
44291,147,142,5,5
44292,107,98,9,9
44293,77,77,0,0
44294,87,87,0,0
44295,183,175,8,8
44296,123,110,13,13
44297,143,130,13,13
44298,94,92,2,2
44299,96,88,8,8
44300,85,92,-7,7
44301,112,108,4,4
44302,82,85,-3,3
44303,103,99,4,4
44304,98,97,1,1
44305,104,104,0,0
44306,81,77,4,4
44307,57,67,-10,10
44308,113,125,-12,12
44309,80,83,-3,3
44310,117,112,5,5
44311,68,71,-3,3
44312,76,81,-5,5
44313,69,83,-14,14
44314,86,95,-9,9
44315,107,98,9,9
44316,63,64,-1,1
44317,127,121,6,6
44318,87,88,-1,1
44319,82,83,-1,1
44320,92,91,1,1
44321,78,81,-3,3
44322,117,109,8,8
44323,93,105,-12,12
44324,116,112,4,4
44325,51,64,-13,13
44326,80,80,0,0
44327,126,125,1,1
44328,48,67,-19,19
44329,183,175,8,8
44330,61,71,-10,10
44331,128,129,-1,1
44332,95,87,8,8
44333,107,95,12,12
44334,87,95,-8,8
44335,136,134,2,2
44336,49,59,-10,10
44337,77,76,1,1
44338,114,106,8,8
44339,139,120,19,19
44340,90,92,-2,2
44341,164,170,-6,6
44342,124,129,-5,5
44343,115,113,2,2
44344,111,104,7,7
44345,144,138,6,6
44346,72,82,-10,10
44347,121,111,10,10
44348,131,122,9,9
44349,99,106,-7,7
44350,55,67,-12,12
44351,125,115,10,10
44352,43,55,-12,12
44353,75,74,1,1
44354,71,74,-3,3
44355,62,69,-7,7
44356,86,84,2,2
44357,78,82,-4,4
44358,101,100,1,1
44359,81,85,-4,4
44360,144,129,15,15
44361,121,108,13,13
44362,84,84,0,0
44363,91,87,4,4
44364,108,121,-13,13
44365,84,86,-2,2
44366,96,88,8,8
44367,130,125,5,5
44368,53,61,-8,8
44369,111,117,-6,6
44370,65,68,-3,3
44371,138,125,13,13
44372,39,52,-13,13
44373,54,68,-14,14
44374,48,55,-7,7
44375,62,67,-5,5
44376,110,108,2,2
44377,88,93,-5,5
44378,92,86,6,6
44379,124,113,11,11
44380,86,87,-1,1
44381,89,98,-9,9
44382,96,101,-5,5
44383,50,64,-14,14
44384,92,86,6,6
44385,70,77,-7,7
44386,101,101,0,0
44387,143,131,12,12
44388,128,135,-7,7
44389,83,86,-3,3
44390,59,66,-7,7
44391,131,118,13,13
44392,79,78,1,1
44393,66,69,-3,3
44394,110,105,5,5
44395,99,95,4,4
44396,100,102,-2,2
44397,92,92,0,0
44398,115,102,13,13
44399,87,81,6,6
44400,105,96,9,9
44401,77,81,-4,4
44402,93,98,-5,5
44403,124,118,6,6
44404,71,82,-11,11
44405,68,73,-5,5
44406,107,111,-4,4
44407,130,126,4,4
44408,32,48,-16,16
44409,96,104,-8,8
44410,82,79,3,3
44411,73,74,-1,1
44412,57,82,-25,25
44413,60,70,-10,10
44414,61,66,-5,5
44415,127,110,17,17
44416,67,68,-1,1
44417,148,133,15,15
44418,111,111,0,0
44419,119,106,13,13
44420,86,80,6,6
44421,88,87,1,1
44422,68,71,-3,3
44423,65,73,-8,8
44424,64,77,-13,13
44425,158,133,25,25
44426,144,126,18,18
44427,91,93,-2,2
44428,63,71,-8,8
44429,88,92,-4,4
44430,122,107,15,15
44431,51,62,-11,11
44432,124,130,-6,6
44433,118,103,15,15
44434,49,55,-6,6
44435,94,85,9,9
44436,69,71,-2,2
44437,168,155,13,13
44438,79,86,-7,7
44439,70,78,-8,8
44440,199,195,4,4
44441,43,62,-19,19
44442,85,93,-8,8
44443,51,61,-10,10
44444,135,123,12,12
44445,57,81,-24,24
44446,191,189,2,2
44447,94,101,-7,7
44448,109,109,0,0
44449,76,82,-6,6
44450,175,168,7,7
44451,126,129,-3,3
44452,143,129,14,14
44453,101,98,3,3
44454,50,80,-30,30
44455,84,88,-4,4
44456,94,90,4,4
44457,110,104,6,6
44458,170,141,29,29
44459,149,139,10,10
44460,94,98,-4,4
44461,102,102,0,0
44462,118,126,-8,8
44463,112,114,-2,2
44464,108,104,4,4
44465,58,71,-13,13
44466,39,108,-69,69
44467,112,106,6,6
44468,107,114,-7,7
44469,61,65,-4,4
44470,99,97,2,2
44471,62,75,-13,13
44472,119,107,12,12
44473,105,98,7,7
44474,93,85,8,8
44475,109,105,4,4
44476,132,122,10,10
44477,83,105,-22,22
44478,46,56,-10,10
44479,170,153,17,17
44480,217,180,37,37
44481,119,115,4,4
44482,140,149,-9,9
44483,106,99,7,7
44484,100,99,1,1
44485,61,66,-5,5
44486,111,126,-15,15
44487,117,98,19,19
44488,68,80,-12,12
44489,94,95,-1,1
44490,74,77,-3,3
44491,109,114,-5,5
44492,98,110,-12,12
44493,103,94,9,9
44494,78,91,-13,13
44495,80,81,-1,1
44496,83,85,-2,2
44497,76,86,-10,10
44498,110,105,5,5
44499,152,140,12,12
44500,81,77,4,4
44501,133,127,6,6
44502,66,69,-3,3
44503,102,97,5,5
44504,102,101,1,1
44505,53,66,-13,13
44506,139,135,4,4
44507,133,124,9,9
44508,57,68,-11,11
44509,61,64,-3,3
44510,116,103,13,13
44511,97,95,2,2
44512,187,156,31,31
44513,62,69,-7,7
44514,102,102,0,0
44515,62,78,-16,16
44516,48,53,-5,5
44517,108,109,-1,1
44518,68,71,-3,3
44519,112,107,5,5
44520,154,143,11,11
44521,76,81,-5,5
44522,110,110,0,0
44523,89,95,-6,6
44524,128,120,8,8
44525,61,74,-13,13
44526,60,72,-12,12
44527,143,141,2,2
44528,107,110,-3,3
44529,76,74,2,2
44530,79,80,-1,1
44531,65,68,-3,3
44532,104,106,-2,2
44533,145,138,7,7
44534,86,80,6,6
44535,83,85,-2,2
44536,88,101,-13,13
44537,178,164,14,14
44538,116,119,-3,3
44539,105,117,-12,12
44540,72,79,-7,7
44541,77,80,-3,3
44542,56,72,-16,16
44543,109,97,12,12
44544,45,56,-11,11
44545,106,99,7,7
44546,42,55,-13,13
44547,118,117,1,1
44548,102,96,6,6
44549,47,77,-30,30
44550,70,77,-7,7
44551,103,104,-1,1
44552,123,126,-3,3
44553,170,145,25,25
44554,124,129,-5,5
44555,98,100,-2,2
44556,57,73,-16,16
44557,122,125,-3,3
44558,59,66,-7,7
44559,107,105,2,2
44560,73,74,-1,1
44561,65,70,-5,5
44562,53,59,-6,6
44563,152,141,11,11
44564,81,79,2,2
44565,87,84,3,3
44566,77,76,1,1
44567,129,129,0,0
44568,165,155,10,10
44569,111,111,0,0
44570,108,112,-4,4
44571,67,74,-7,7
44572,78,79,-1,1
44573,105,98,7,7
44574,72,72,0,0
44575,75,87,-12,12
44576,85,83,2,2
44577,57,65,-8,8
44578,115,120,-5,5
44579,74,75,-1,1
44580,170,159,11,11
44581,90,94,-4,4
44582,85,89,-4,4
44583,65,73,-8,8
44584,45,55,-10,10
44585,160,135,25,25
44586,160,141,19,19
44587,99,101,-2,2
44588,62,74,-12,12
44589,121,121,0,0
44590,129,120,9,9
44591,98,101,-3,3
44592,104,100,4,4
44593,69,75,-6,6
44594,75,74,1,1
44595,95,92,3,3
44596,118,115,3,3
44597,94,134,-40,40
44598,100,103,-3,3
44599,129,114,15,15
44600,118,114,4,4
44601,57,151,-94,94
44602,68,72,-4,4
44603,123,119,4,4
44604,93,86,7,7
44605,53,65,-12,12
44606,92,91,1,1
44607,78,83,-5,5
44608,175,146,29,29
44609,115,123,-8,8
44610,70,79,-9,9
44611,161,139,22,22
44612,61,68,-7,7
44613,64,70,-6,6
44614,86,93,-7,7
44615,84,85,-1,1
44616,152,135,17,17
44617,116,110,6,6
44618,53,64,-11,11
44619,57,67,-10,10
44620,68,81,-13,13
44621,178,167,11,11
44622,93,87,6,6
44623,120,112,8,8
44624,136,135,1,1
44625,39,56,-17,17
44626,102,101,1,1
44627,167,169,-2,2
44628,65,69,-4,4
44629,50,68,-18,18
44630,80,80,0,0
44631,126,120,6,6
44632,67,74,-7,7
44633,59,73,-14,14
44634,116,111,5,5
44635,95,95,0,0
44636,57,65,-8,8
44637,75,86,-11,11
44638,99,99,0,0
44639,94,97,-3,3
44640,65,67,-2,2
44641,90,90,0,0
44642,126,115,11,11
44643,86,97,-11,11
44644,103,100,3,3
44645,92,102,-10,10
44646,120,114,6,6
44647,86,84,2,2
44648,19,36,-17,17
44649,138,126,12,12
44650,86,87,-1,1
44651,126,118,8,8
44652,103,103,0,0
44653,89,87,2,2
44654,71,77,-6,6
44655,63,68,-5,5
44656,76,79,-3,3
44657,154,142,12,12
44658,64,72,-8,8
44659,73,78,-5,5
44660,61,71,-10,10
44661,57,71,-14,14
44662,142,140,2,2
44663,193,180,13,13
44664,58,78,-20,20
44665,89,96,-7,7
44666,88,88,0,0
44667,121,111,10,10
44668,110,105,5,5
44669,116,108,8,8
44670,100,95,5,5
44671,62,67,-5,5
44672,100,104,-4,4
44673,146,123,23,23
44674,33,47,-14,14
44675,105,107,-2,2
44676,93,91,2,2
44677,48,64,-16,16
44678,74,78,-4,4
44679,55,66,-11,11
44680,77,77,0,0
44681,83,79,4,4
44682,162,147,15,15
44683,59,67,-8,8
44684,196,185,11,11
44685,95,90,5,5
44686,64,68,-4,4
44687,107,111,-4,4
44688,163,147,16,16
44689,78,79,-1,1
44690,66,79,-13,13
44691,62,78,-16,16
44692,109,100,9,9
44693,77,81,-4,4
44694,125,112,13,13
44695,103,97,6,6
44696,81,83,-2,2
44697,50,61,-11,11
44698,116,126,-10,10
44699,70,82,-12,12
44700,68,70,-2,2
44701,96,91,5,5
44702,155,133,22,22
44703,128,132,-4,4
44704,75,77,-2,2
44705,116,112,4,4
44706,88,88,0,0
44707,100,91,9,9
44708,73,78,-5,5
44709,140,140,0,0
44710,106,102,4,4
44711,87,90,-3,3
44712,78,92,-14,14
44713,92,88,4,4
44714,109,100,9,9
44715,69,77,-8,8
44716,174,162,12,12
44717,60,68,-8,8
44718,61,67,-6,6
44719,59,69,-10,10
44720,124,117,7,7
44721,85,85,0,0
44722,136,106,30,30
44723,118,118,0,0
44724,81,84,-3,3
44725,80,82,-2,2
44726,69,70,-1,1
44727,60,72,-12,12
44728,63,72,-9,9
44729,46,53,-7,7
44730,61,68,-7,7
44731,65,78,-13,13
44732,104,105,-1,1
44733,144,133,11,11
44734,73,94,-21,21
44735,77,79,-2,2
44736,96,93,3,3
44737,71,83,-12,12
44738,74,80,-6,6
44739,60,68,-8,8
44740,80,84,-4,4
44741,74,82,-8,8
44742,168,147,21,21
44743,145,131,14,14
44744,86,92,-6,6
44745,137,132,5,5
44746,121,114,7,7
44747,91,83,8,8
44748,68,75,-7,7
44749,78,76,2,2
44750,84,89,-5,5
44751,150,136,14,14
44752,103,94,9,9
44753,79,82,-3,3
44754,63,75,-12,12
44755,70,73,-3,3
44756,229,214,15,15
44757,130,135,-5,5
44758,81,89,-8,8
44759,112,101,11,11
44760,134,114,20,20
44761,82,85,-3,3
44762,152,195,-43,43
44763,90,100,-10,10
44764,105,107,-2,2
44765,138,134,4,4
44766,95,96,-1,1
44767,86,84,2,2
44768,91,83,8,8
44769,58,80,-22,22
44770,130,117,13,13
44771,154,137,17,17
44772,69,76,-7,7
44773,158,132,26,26
44774,136,130,6,6
44775,56,69,-13,13
44776,86,83,3,3
44777,49,61,-12,12
44778,138,131,7,7
44779,100,98,2,2
44780,146,137,9,9
44781,56,64,-8,8
44782,79,82,-3,3
44783,53,61,-8,8
44784,59,64,-5,5
44785,64,68,-4,4
44786,108,101,7,7
44787,66,73,-7,7
44788,117,114,3,3
44789,60,66,-6,6
44790,51,59,-8,8
44791,104,98,6,6
44792,92,109,-17,17
44793,87,83,4,4
44794,84,102,-18,18
44795,155,149,6,6
44796,100,100,0,0
44797,43,54,-11,11
44798,72,69,3,3
44799,124,131,-7,7
44800,116,131,-15,15
44801,159,138,21,21
44802,91,104,-13,13
44803,71,68,3,3
44804,158,146,12,12
44805,71,77,-6,6
44806,102,99,3,3
44807,117,110,7,7
44808,94,94,0,0
44809,79,91,-12,12
44810,51,62,-11,11
44811,63,67,-4,4
44812,55,66,-11,11
44813,152,127,25,25
44814,78,70,8,8
44815,54,64,-10,10
44816,80,80,0,0
44817,59,68,-9,9
44818,84,85,-1,1
44819,110,102,8,8
44820,124,108,16,16
44821,92,82,10,10
44822,126,122,4,4
44823,130,117,13,13
44824,89,91,-2,2
44825,109,103,6,6
44826,87,95,-8,8
44827,75,71,4,4
44828,225,212,13,13
44829,182,174,8,8
44830,82,85,-3,3
44831,54,69,-15,15
44832,187,165,22,22
44833,128,129,-1,1
44834,87,79,8,8
44835,92,82,10,10
44836,58,73,-15,15
44837,63,68,-5,5
44838,100,94,6,6
44839,102,108,-6,6
44840,46,60,-14,14
44841,89,97,-8,8
44842,61,63,-2,2
44843,134,130,4,4
44844,69,75,-6,6
44845,118,110,8,8
44846,153,141,12,12
44847,115,108,7,7
44848,88,85,3,3
44849,91,90,1,1
44850,51,49,2,2
44851,68,81,-13,13
44852,155,142,13,13
44853,52,62,-10,10
44854,71,78,-7,7
44855,100,100,0,0
44856,81,80,1,1
44857,168,154,14,14
44858,80,80,0,0
44859,83,80,3,3
44860,90,96,-6,6
44861,99,97,2,2
44862,45,55,-10,10
44863,110,107,3,3
44864,118,101,17,17
44865,98,97,1,1
44866,162,148,14,14
44867,54,61,-7,7
44868,80,84,-4,4
44869,91,85,6,6
44870,81,76,5,5
44871,89,88,1,1
44872,58,64,-6,6
44873,194,196,-2,2
44874,78,83,-5,5
44875,63,68,-5,5
44876,61,64,-3,3
44877,98,96,2,2
44878,95,94,1,1
44879,97,90,7,7
44880,96,106,-10,10
44881,89,83,6,6
44882,154,139,15,15
44883,51,59,-8,8
44884,117,99,18,18
44885,42,61,-19,19
44886,92,87,5,5
44887,91,95,-4,4
44888,162,164,-2,2
44889,75,81,-6,6
44890,104,103,1,1
44891,117,115,2,2
44892,74,84,-10,10
44893,52,61,-9,9
44894,77,79,-2,2
44895,83,80,3,3
44896,71,77,-6,6
44897,57,64,-7,7
44898,62,69,-7,7
44899,114,106,8,8
44900,58,73,-15,15
44901,120,116,4,4
44902,74,78,-4,4
44903,95,86,9,9
44904,63,76,-13,13
44905,84,96,-12,12
44906,57,72,-15,15
44907,70,80,-10,10
44908,71,83,-12,12
44909,71,68,3,3
44910,140,120,20,20
44911,116,119,-3,3
44912,62,72,-10,10
44913,96,102,-6,6
44914,73,78,-5,5
44915,79,78,1,1
44916,97,86,11,11
44917,80,76,4,4
44918,76,79,-3,3
44919,67,71,-4,4
44920,176,164,12,12
44921,71,86,-15,15
44922,89,88,1,1
44923,75,78,-3,3
44924,142,129,13,13
44925,96,99,-3,3
44926,70,76,-6,6
44927,134,125,9,9
44928,123,117,6,6
44929,71,83,-12,12
44930,45,63,-18,18
44931,102,99,3,3
44932,130,128,2,2
44933,134,131,3,3
44934,71,81,-10,10
44935,111,123,-12,12
44936,134,118,16,16
44937,131,109,22,22
44938,136,156,-20,20
44939,116,107,9,9
44940,156,143,13,13
44941,139,122,17,17
44942,102,100,2,2
44943,69,80,-11,11
44944,81,79,2,2
44945,109,112,-3,3
44946,94,91,3,3
44947,77,75,2,2
44948,173,174,-1,1
44949,70,78,-8,8
44950,77,84,-7,7
44951,95,93,2,2
44952,96,95,1,1
44953,90,94,-4,4
44954,47,72,-25,25
44955,116,119,-3,3
44956,84,79,5,5
44957,62,76,-14,14
44958,128,137,-9,9
44959,83,83,0,0
44960,90,96,-6,6
44961,86,87,-1,1
44962,113,105,8,8
44963,153,132,21,21
44964,90,88,2,2
44965,96,97,-1,1
44966,76,87,-11,11
44967,73,79,-6,6
44968,98,97,1,1
44969,23,57,-34,34
44970,57,67,-10,10
44971,65,85,-20,20
44972,107,104,3,3
44973,140,134,6,6
44974,112,99,13,13
44975,149,158,-9,9
44976,100,83,17,17
44977,100,96,4,4
44978,64,67,-3,3
44979,89,86,3,3
44980,154,141,13,13
44981,53,65,-12,12
44982,45,55,-10,10
44983,61,69,-8,8
44984,108,104,4,4
44985,88,82,6,6
44986,109,107,2,2
44987,143,119,24,24
44988,91,101,-10,10
44989,102,99,3,3
44990,61,77,-16,16
44991,85,91,-6,6
44992,121,103,18,18
44993,65,71,-6,6
44994,56,64,-8,8
44995,103,98,5,5
44996,111,97,14,14
44997,102,96,6,6
44998,99,89,10,10
44999,97,116,-19,19
45000,79,80,-1,1
45001,139,127,12,12
45002,107,94,13,13
45003,166,165,1,1
45004,51,59,-8,8
45005,75,71,4,4
45006,113,108,5,5
45007,69,80,-11,11
45008,129,124,5,5
45009,197,189,8,8
45010,104,104,0,0
45011,99,102,-3,3
45012,86,78,8,8
45013,95,86,9,9
45014,138,125,13,13
45015,78,78,0,0
45016,47,86,-39,39
45017,56,65,-9,9
45018,62,74,-12,12
45019,64,74,-10,10
45020,105,89,16,16
45021,104,98,6,6
45022,140,129,11,11
45023,84,103,-19,19
45024,126,131,-5,5
45025,82,83,-1,1
45026,75,79,-4,4
45027,92,96,-4,4
45028,77,81,-4,4
45029,100,100,0,0
45030,140,139,1,1
45031,67,65,2,2
45032,117,118,-1,1
45033,54,66,-12,12
45034,81,84,-3,3
45035,130,128,2,2
45036,100,96,4,4
45037,86,83,3,3
45038,57,70,-13,13
45039,115,110,5,5
45040,147,142,5,5
45041,86,86,0,0
45042,39,56,-17,17
45043,79,82,-3,3
45044,89,97,-8,8
45045,70,70,0,0
45046,73,82,-9,9
45047,113,104,9,9
45048,99,104,-5,5
45049,78,81,-3,3
45050,132,128,4,4
45051,79,87,-8,8
45052,143,135,8,8
45053,57,66,-9,9
45054,49,59,-10,10
45055,85,88,-3,3
45056,49,83,-34,34
45057,96,88,8,8
45058,87,92,-5,5
45059,151,117,34,34
45060,147,141,6,6
45061,94,99,-5,5
45062,91,88,3,3
45063,56,62,-6,6
45064,123,130,-7,7
45065,188,166,22,22
45066,55,57,-2,2
45067,117,106,11,11
45068,106,100,6,6
45069,109,116,-7,7
45070,61,62,-1,1
45071,46,64,-18,18
45072,62,70,-8,8
45073,102,98,4,4
45074,62,65,-3,3
45075,85,87,-2,2
45076,89,89,0,0
45077,96,96,0,0
45078,132,126,6,6
45079,94,92,2,2
45080,118,107,11,11
45081,73,78,-5,5
45082,69,75,-6,6
45083,57,70,-13,13
45084,86,88,-2,2
45085,130,112,18,18
45086,144,132,12,12
45087,67,71,-4,4
45088,64,94,-30,30
45089,85,82,3,3
45090,104,107,-3,3
45091,109,102,7,7
45092,110,105,5,5
45093,129,113,16,16
45094,97,93,4,4
45095,85,84,1,1
45096,104,98,6,6
45097,77,85,-8,8
45098,81,87,-6,6
45099,97,94,3,3
45100,130,138,-8,8
45101,67,73,-6,6
45102,55,64,-9,9
45103,92,87,5,5
45104,83,87,-4,4
45105,135,139,-4,4
45106,69,71,-2,2
45107,109,108,1,1
45108,98,86,12,12
45109,95,92,3,3
45110,121,121,0,0
45111,80,74,6,6
45112,79,83,-4,4
45113,123,124,-1,1
45114,117,112,5,5
45115,59,68,-9,9
45116,89,90,-1,1
45117,82,84,-2,2
45118,117,102,15,15
45119,69,77,-8,8
45120,123,104,19,19
45121,57,73,-16,16
45122,87,81,6,6
45123,105,106,-1,1
45124,108,104,4,4
45125,76,75,1,1
45126,74,103,-29,29
45127,84,77,7,7
45128,96,97,-1,1
45129,78,81,-3,3
45130,76,86,-10,10
45131,88,98,-10,10
45132,89,94,-5,5
45133,90,96,-6,6
45134,60,64,-4,4
45135,53,65,-12,12
45136,67,76,-9,9
45137,89,90,-1,1
45138,149,126,23,23
45139,95,96,-1,1
45140,109,114,-5,5
45141,169,170,-1,1
45142,78,78,0,0
45143,122,118,4,4
45144,48,70,-22,22
45145,108,116,-8,8
45146,90,90,0,0
45147,147,125,22,22
45148,69,75,-6,6
45149,112,103,9,9
45150,158,147,11,11
45151,123,130,-7,7
45152,42,57,-15,15
45153,135,123,12,12
45154,148,134,14,14
45155,109,107,2,2
45156,73,71,2,2
45157,88,86,2,2
45158,90,84,6,6
45159,55,65,-10,10
45160,83,88,-5,5
45161,54,59,-5,5
45162,85,92,-7,7
45163,75,76,-1,1
45164,121,116,5,5
45165,65,68,-3,3
45166,77,75,2,2
45167,102,98,4,4
45168,104,110,-6,6
45169,67,68,-1,1
45170,134,117,17,17
45171,107,97,10,10
45172,87,92,-5,5
45173,168,158,10,10
45174,145,140,5,5
45175,127,127,0,0
45176,168,149,19,19
45177,113,106,7,7
45178,64,76,-12,12
45179,64,72,-8,8
45180,83,87,-4,4
45181,83,84,-1,1
45182,125,110,15,15
45183,61,66,-5,5
45184,40,54,-14,14
45185,57,63,-6,6
45186,153,138,15,15
45187,101,104,-3,3
45188,83,85,-2,2
45189,89,99,-10,10
45190,111,108,3,3
45191,77,79,-2,2
45192,127,115,12,12
45193,128,116,12,12
45194,146,130,16,16
45195,49,64,-15,15
45196,49,69,-20,20
45197,57,71,-14,14
45198,89,85,4,4
45199,88,102,-14,14
45200,153,157,-4,4
45201,71,78,-7,7
45202,135,134,1,1
45203,109,99,10,10
45204,73,77,-4,4
45205,185,166,19,19
45206,69,74,-5,5
45207,109,108,1,1
45208,74,81,-7,7
45209,181,152,29,29
45210,96,96,0,0
45211,93,107,-14,14
45212,60,68,-8,8
45213,104,103,1,1
45214,67,61,6,6
45215,89,95,-6,6
45216,128,110,18,18
45217,100,96,4,4
45218,96,94,2,2
45219,90,84,6,6
45220,68,70,-2,2
45221,126,111,15,15
45222,54,67,-13,13
45223,106,107,-1,1
45224,63,72,-9,9
45225,113,96,17,17
45226,45,63,-18,18
45227,98,92,6,6
45228,156,139,17,17
45229,52,64,-12,12
45230,134,118,16,16
45231,74,76,-2,2
45232,102,101,1,1
45233,100,98,2,2
45234,62,72,-10,10
45235,82,79,3,3
45236,105,93,12,12
45237,69,74,-5,5
45238,124,133,-9,9
45239,118,115,3,3
45240,82,86,-4,4
45241,63,73,-10,10
45242,70,72,-2,2
45243,68,75,-7,7
45244,121,109,12,12
45245,73,73,0,0
45246,51,63,-12,12
45247,81,81,0,0
45248,146,132,14,14
45249,88,88,0,0
45250,101,99,2,2
45251,126,129,-3,3
45252,119,115,4,4
45253,113,117,-4,4
45254,172,146,26,26
45255,81,79,2,2
45256,90,88,2,2
45257,110,106,4,4
45258,134,134,0,0
45259,37,58,-21,21
45260,62,69,-7,7
45261,65,70,-5,5
45262,52,60,-8,8
45263,76,82,-6,6
45264,116,110,6,6
45265,98,118,-20,20
45266,61,69,-8,8
45267,84,87,-3,3
45268,153,139,14,14
45269,72,69,3,3
45270,77,81,-4,4
45271,86,90,-4,4
45272,99,102,-3,3
45273,124,116,8,8
45274,66,80,-14,14
45275,76,79,-3,3
45276,67,60,7,7
45277,133,119,14,14
45278,91,94,-3,3
45279,71,82,-11,11
45280,207,191,16,16
45281,65,73,-8,8
45282,97,99,-2,2
45283,131,130,1,1
45284,120,106,14,14
45285,59,68,-9,9
45286,124,117,7,7
45287,74,78,-4,4
45288,101,98,3,3
45289,85,87,-2,2
45290,85,87,-2,2
45291,137,124,13,13
45292,76,76,0,0
45293,136,136,0,0
45294,139,130,9,9
45295,49,62,-13,13
45296,136,126,10,10
45297,75,75,0,0
45298,109,103,6,6
45299,53,63,-10,10
45300,110,107,3,3
45301,59,69,-10,10
45302,119,115,4,4
45303,86,85,1,1
45304,139,125,14,14
45305,132,123,9,9
45306,191,178,13,13
45307,87,83,4,4
45308,90,90,0,0
45309,122,118,4,4
45310,73,70,3,3
45311,122,105,17,17
45312,93,96,-3,3
45313,46,63,-17,17
45314,84,92,-8,8
45315,103,95,8,8
45316,39,48,-9,9
45317,96,100,-4,4
45318,72,77,-5,5
45319,146,131,15,15
45320,80,90,-10,10
45321,68,78,-10,10
45322,49,59,-10,10
45323,110,106,4,4
45324,117,115,2,2
45325,121,109,12,12
45326,55,75,-20,20
45327,149,153,-4,4
45328,78,80,-2,2
45329,60,72,-12,12
45330,161,153,8,8
45331,95,101,-6,6
45332,75,67,8,8
45333,92,97,-5,5
45334,112,118,-6,6
45335,67,76,-9,9
45336,91,89,2,2
45337,109,103,6,6
45338,177,161,16,16
45339,105,105,0,0
45340,82,80,2,2
45341,89,80,9,9
45342,109,108,1,1
45343,67,81,-14,14
45344,117,111,6,6
45345,96,98,-2,2
45346,49,66,-17,17
45347,110,101,9,9
45348,57,61,-4,4
45349,118,93,25,25
45350,120,110,10,10
45351,77,82,-5,5
45352,107,96,11,11
45353,60,76,-16,16
45354,70,68,2,2
45355,115,112,3,3
45356,70,78,-8,8
45357,70,67,3,3
45358,96,105,-9,9
45359,72,84,-12,12
45360,72,72,0,0
45361,67,77,-10,10
45362,170,150,20,20
45363,57,63,-6,6
45364,67,71,-4,4
45365,85,89,-4,4
45366,95,107,-12,12
45367,119,139,-20,20
45368,84,82,2,2
45369,65,87,-22,22
45370,225,216,9,9
45371,97,99,-2,2
45372,81,85,-4,4
45373,104,100,4,4
45374,23,35,-12,12
45375,75,78,-3,3
45376,115,109,6,6
45377,111,100,11,11
45378,60,65,-5,5
45379,72,78,-6,6
45380,100,97,3,3
45381,85,84,1,1
45382,60,69,-9,9
45383,55,70,-15,15
45384,120,122,-2,2
45385,121,121,0,0
45386,79,78,1,1
45387,89,88,1,1
45388,127,113,14,14
45389,86,86,0,0
45390,58,64,-6,6
45391,99,90,9,9
45392,126,126,0,0
45393,53,61,-8,8
45394,55,66,-11,11
45395,107,108,-1,1
45396,67,67,0,0
45397,83,94,-11,11
45398,81,86,-5,5
45399,92,87,5,5
45400,109,100,9,9
45401,148,147,1,1
45402,115,118,-3,3
45403,124,114,10,10
45404,103,101,2,2
45405,122,121,1,1
45406,104,105,-1,1
45407,58,55,3,3
45408,68,73,-5,5
45409,83,92,-9,9
45410,51,69,-18,18
45411,84,84,0,0
45412,129,131,-2,2
45413,64,72,-8,8
45414,150,135,15,15
45415,48,59,-11,11
45416,67,66,1,1
45417,72,77,-5,5
45418,101,97,4,4
45419,68,71,-3,3
45420,135,123,12,12
45421,98,99,-1,1
45422,73,76,-3,3
45423,93,99,-6,6
45424,161,156,5,5
45425,58,66,-8,8
45426,125,121,4,4
45427,91,96,-5,5
45428,82,81,1,1
45429,82,89,-7,7
45430,89,105,-16,16
45431,45,54,-9,9
45432,56,85,-29,29
45433,152,173,-21,21
45434,110,102,8,8
45435,81,80,1,1
45436,43,55,-12,12
45437,154,156,-2,2
45438,82,77,5,5
45439,104,107,-3,3
45440,78,87,-9,9
45441,130,116,14,14
45442,66,81,-15,15
45443,86,89,-3,3
45444,98,101,-3,3
45445,106,105,1,1
45446,78,85,-7,7
45447,89,82,7,7
45448,84,87,-3,3
45449,111,99,12,12
45450,73,78,-5,5
45451,115,137,-22,22
45452,174,159,15,15
45453,87,80,7,7
45454,102,100,2,2
45455,77,74,3,3
45456,37,48,-11,11
45457,131,124,7,7
45458,104,101,3,3
45459,109,138,-29,29
45460,89,85,4,4
45461,108,101,7,7
45462,158,146,12,12
45463,69,73,-4,4
45464,89,82,7,7
45465,42,53,-11,11
45466,97,84,13,13
45467,70,79,-9,9
45468,116,109,7,7
45469,138,144,-6,6
45470,110,107,3,3
45471,105,98,7,7
45472,51,66,-15,15
45473,94,100,-6,6
45474,75,78,-3,3
45475,129,131,-2,2
45476,88,83,5,5
45477,100,90,10,10
45478,79,82,-3,3
45479,176,167,9,9
45480,86,84,2,2
45481,88,96,-8,8
45482,105,113,-8,8
45483,140,131,9,9
45484,72,75,-3,3
45485,111,94,17,17
45486,105,96,9,9
45487,191,174,17,17
45488,120,113,7,7
45489,99,102,-3,3
45490,45,60,-15,15
45491,94,93,1,1
45492,80,89,-9,9
45493,85,87,-2,2
45494,74,72,2,2
45495,78,83,-5,5
45496,131,118,13,13
45497,95,96,-1,1
45498,59,68,-9,9
45499,72,71,1,1
45500,108,108,0,0
45501,71,80,-9,9
45502,74,75,-1,1
45503,134,135,-1,1
45504,101,101,0,0
45505,68,73,-5,5
45506,127,126,1,1
45507,195,166,29,29
45508,73,76,-3,3
45509,77,79,-2,2
45510,79,76,3,3
45511,59,61,-2,2
45512,115,99,16,16
45513,79,82,-3,3
45514,91,89,2,2
45515,82,82,0,0
45516,72,76,-4,4
45517,63,75,-12,12
45518,89,90,-1,1
45519,69,77,-8,8
45520,62,95,-33,33
45521,45,63,-18,18
45522,87,92,-5,5
45523,75,84,-9,9
45524,105,102,3,3
45525,93,99,-6,6
45526,104,103,1,1
45527,86,90,-4,4
45528,159,152,7,7
45529,93,84,9,9
45530,112,109,3,3
45531,120,109,11,11
45532,62,64,-2,2
45533,108,101,7,7
45534,124,124,0,0
45535,167,148,19,19
45536,163,162,1,1
45537,113,103,10,10
45538,98,91,7,7
45539,64,77,-13,13
45540,120,109,11,11
45541,52,57,-5,5
45542,42,55,-13,13
45543,131,137,-6,6
45544,95,86,9,9
45545,85,87,-2,2
45546,71,74,-3,3
45547,116,106,10,10
45548,91,84,7,7
45549,94,91,3,3
45550,52,64,-12,12
45551,84,100,-16,16
45552,61,66,-5,5
45553,101,101,0,0
45554,97,95,2,2
45555,96,101,-5,5
45556,141,143,-2,2
45557,124,113,11,11
45558,72,79,-7,7
45559,79,128,-49,49
45560,155,152,3,3
45561,112,116,-4,4
45562,63,70,-7,7
45563,73,80,-7,7
45564,67,76,-9,9
45565,61,68,-7,7
45566,114,106,8,8
45567,33,48,-15,15
45568,64,70,-6,6
45569,79,80,-1,1
45570,149,154,-5,5
45571,97,94,3,3
45572,84,85,-1,1
45573,134,136,-2,2
45574,85,95,-10,10
45575,123,110,13,13
45576,97,96,1,1
45577,69,70,-1,1
45578,116,105,11,11
45579,92,85,7,7
45580,125,123,2,2
45581,103,95,8,8
45582,99,87,12,12
45583,154,157,-3,3
45584,102,100,2,2
45585,53,63,-10,10
45586,104,104,0,0
45587,218,184,34,34
45588,57,64,-7,7
45589,154,156,-2,2
45590,141,142,-1,1
45591,113,119,-6,6
45592,69,76,-7,7
45593,87,100,-13,13
45594,126,121,5,5
45595,99,99,0,0
45596,85,91,-6,6
45597,78,89,-11,11
45598,85,76,9,9
45599,77,76,1,1
45600,97,94,3,3
45601,67,79,-12,12
45602,114,105,9,9
45603,130,130,0,0
45604,127,114,13,13
45605,66,69,-3,3
45606,74,82,-8,8
45607,117,111,6,6
45608,57,64,-7,7
45609,169,155,14,14
45610,79,84,-5,5
45611,122,133,-11,11
45612,117,114,3,3
45613,82,84,-2,2
45614,119,110,9,9
45615,105,99,6,6
45616,121,108,13,13
45617,107,105,2,2
45618,63,71,-8,8
45619,76,81,-5,5
45620,141,111,30,30
45621,76,81,-5,5
45622,189,139,50,50
45623,78,81,-3,3
45624,105,117,-12,12
45625,69,74,-5,5
45626,95,103,-8,8
45627,55,67,-12,12
45628,85,77,8,8
45629,62,71,-9,9
45630,72,75,-3,3
45631,91,89,2,2
45632,78,90,-12,12
45633,69,72,-3,3
45634,58,63,-5,5
45635,104,96,8,8
45636,90,94,-4,4
45637,45,59,-14,14
45638,109,97,12,12
45639,174,175,-1,1
45640,102,110,-8,8
45641,72,79,-7,7
45642,93,93,0,0
45643,88,111,-23,23
45644,147,130,17,17
45645,116,108,8,8
45646,71,95,-24,24
45647,59,70,-11,11
45648,110,103,7,7
45649,112,105,7,7
45650,67,63,4,4
45651,63,72,-9,9
45652,99,86,13,13
45653,71,73,-2,2
45654,61,73,-12,12
45655,145,178,-33,33
45656,59,68,-9,9
45657,91,96,-5,5
45658,97,97,0,0
45659,67,72,-5,5
45660,75,74,1,1
45661,107,91,16,16
45662,47,68,-21,21
45663,111,111,0,0
45664,122,112,10,10
45665,145,135,10,10
45666,133,114,19,19
45667,90,88,2,2
45668,153,143,10,10
45669,83,78,5,5
45670,44,63,-19,19
45671,64,71,-7,7
45672,74,82,-8,8
45673,98,97,1,1
45674,117,75,42,42
45675,83,87,-4,4
45676,52,66,-14,14
45677,74,80,-6,6
45678,128,121,7,7
45679,75,77,-2,2
45680,71,75,-4,4
45681,72,76,-4,4
45682,80,81,-1,1
45683,98,95,3,3
45684,138,133,5,5
45685,161,149,12,12
45686,152,147,5,5
45687,117,108,9,9
45688,96,102,-6,6
45689,76,81,-5,5
45690,150,146,4,4
45691,71,78,-7,7
45692,127,128,-1,1
45693,93,95,-2,2
45694,116,113,3,3
45695,128,118,10,10
45696,47,60,-13,13
45697,53,65,-12,12
45698,173,166,7,7
45699,84,99,-15,15
45700,74,75,-1,1
45701,40,54,-14,14
45702,125,105,20,20
45703,100,106,-6,6
45704,62,70,-8,8
45705,120,106,14,14
45706,163,136,27,27
45707,111,108,3,3
45708,62,78,-16,16
45709,104,109,-5,5
45710,96,89,7,7
45711,71,70,1,1
45712,94,98,-4,4
45713,109,107,2,2
45714,46,57,-11,11
45715,94,94,0,0
45716,52,59,-7,7
45717,88,83,5,5
45718,68,77,-9,9
45719,193,195,-2,2
45720,137,125,12,12
45721,109,106,3,3
45722,97,105,-8,8
45723,114,106,8,8
45724,90,89,1,1
45725,57,70,-13,13
45726,119,110,9,9
45727,157,144,13,13
45728,86,83,3,3
45729,108,104,4,4
45730,82,85,-3,3
45731,111,102,9,9
45732,110,105,5,5
45733,108,90,18,18
45734,92,84,8,8
45735,38,48,-10,10
45736,92,91,1,1
45737,92,90,2,2
45738,68,67,1,1
45739,74,84,-10,10
45740,83,88,-5,5
45741,106,92,14,14
45742,86,86,0,0
45743,78,77,1,1
45744,155,157,-2,2
45745,116,114,2,2
45746,129,104,25,25
45747,99,94,5,5
45748,114,103,11,11
45749,103,96,7,7
45750,82,76,6,6
45751,50,60,-10,10
45752,86,87,-1,1
45753,82,82,0,0
45754,82,93,-11,11
45755,50,63,-13,13
45756,88,76,12,12
45757,86,84,2,2
45758,103,101,2,2
45759,60,65,-5,5
45760,68,72,-4,4
45761,86,79,7,7
45762,85,84,1,1
45763,80,79,1,1
45764,58,72,-14,14
45765,63,82,-19,19
45766,117,113,4,4
45767,97,104,-7,7
45768,59,67,-8,8
45769,66,75,-9,9
45770,121,112,9,9
45771,77,75,2,2
45772,47,58,-11,11
45773,61,73,-12,12
45774,128,121,7,7
45775,225,207,18,18
45776,145,128,17,17
45777,125,132,-7,7
45778,40,55,-15,15
45779,94,85,9,9
45780,103,99,4,4
45781,137,126,11,11
45782,151,140,11,11
45783,98,98,0,0
45784,115,108,7,7
45785,77,77,0,0
45786,75,99,-24,24
45787,75,84,-9,9
45788,117,109,8,8
45789,133,129,4,4
45790,89,99,-10,10
45791,92,95,-3,3
45792,66,69,-3,3
45793,26,43,-17,17
45794,135,124,11,11
45795,82,89,-7,7
45796,44,61,-17,17
45797,79,60,19,19
45798,135,138,-3,3
45799,122,128,-6,6
45800,177,171,6,6
45801,93,89,4,4
45802,54,59,-5,5
45803,104,112,-8,8
45804,69,70,-1,1
45805,64,75,-11,11
45806,113,120,-7,7
45807,69,73,-4,4
45808,127,129,-2,2
45809,115,111,4,4
45810,75,80,-5,5
45811,81,80,1,1
45812,35,50,-15,15
45813,120,117,3,3
45814,86,86,0,0
45815,111,100,11,11
45816,149,132,17,17
45817,86,84,2,2
45818,122,113,9,9
45819,80,87,-7,7
45820,91,86,5,5
45821,106,101,5,5
45822,30,44,-14,14
45823,84,85,-1,1
45824,159,125,34,34
45825,76,85,-9,9
45826,73,79,-6,6
45827,78,83,-5,5
45828,271,238,33,33
45829,138,139,-1,1
45830,72,80,-8,8
45831,77,76,1,1
45832,94,94,0,0
45833,101,98,3,3
45834,72,79,-7,7
45835,101,104,-3,3
45836,120,115,5,5
45837,159,153,6,6
45838,78,81,-3,3
45839,78,85,-7,7
45840,106,101,5,5
45841,87,95,-8,8
45842,62,68,-6,6
45843,106,109,-3,3
45844,127,134,-7,7
45845,101,100,1,1
45846,56,65,-9,9
45847,41,61,-20,20
45848,83,86,-3,3
45849,128,125,3,3
45850,86,81,5,5
45851,82,87,-5,5
45852,104,99,5,5
45853,116,133,-17,17
45854,115,120,-5,5
45855,81,86,-5,5
45856,82,97,-15,15
45857,88,84,4,4
45858,115,110,5,5
45859,170,165,5,5
45860,110,107,3,3
45861,228,199,29,29
45862,161,140,21,21
45863,72,77,-5,5
45864,171,149,22,22
45865,117,103,14,14
45866,116,112,4,4
45867,60,60,0,0
45868,113,112,1,1
45869,121,113,8,8
45870,41,65,-24,24
45871,98,93,5,5
45872,83,84,-1,1
45873,56,66,-10,10
45874,107,98,9,9
45875,90,84,6,6
45876,91,96,-5,5
45877,68,78,-10,10
45878,131,117,14,14
45879,95,92,3,3
45880,93,89,4,4
45881,99,97,2,2
45882,195,159,36,36
45883,124,111,13,13
45884,124,115,9,9
45885,44,65,-21,21
45886,63,68,-5,5
45887,175,156,19,19
45888,127,112,15,15
45889,113,112,1,1
45890,118,98,20,20
45891,99,104,-5,5
45892,89,85,4,4
45893,64,73,-9,9
45894,73,77,-4,4
45895,104,99,5,5
45896,50,66,-16,16
45897,94,82,12,12
45898,115,112,3,3
45899,91,94,-3,3
45900,80,74,6,6
45901,81,86,-5,5
45902,80,86,-6,6
45903,100,95,5,5
45904,123,120,3,3
45905,89,82,7,7
45906,71,75,-4,4
45907,162,138,24,24
45908,152,129,23,23
45909,69,75,-6,6
45910,81,91,-10,10
45911,71,78,-7,7
45912,90,87,3,3
45913,104,98,6,6
45914,106,98,8,8
45915,66,73,-7,7
45916,66,68,-2,2
45917,79,92,-13,13
45918,45,61,-16,16
45919,89,85,4,4
45920,105,87,18,18
45921,59,66,-7,7
45922,103,98,5,5
45923,116,116,0,0
45924,93,89,4,4
45925,116,123,-7,7
45926,133,119,14,14
45927,86,82,4,4
45928,86,80,6,6
45929,65,70,-5,5
45930,139,126,13,13
45931,117,118,-1,1
45932,67,71,-4,4
45933,119,99,20,20
45934,81,100,-19,19
45935,127,119,8,8
45936,142,129,13,13
45937,87,86,1,1
45938,70,72,-2,2
45939,79,81,-2,2
45940,119,113,6,6
45941,73,74,-1,1
45942,72,68,4,4
45943,87,90,-3,3
45944,108,100,8,8
45945,120,114,6,6
45946,82,81,1,1
45947,97,100,-3,3
45948,73,83,-10,10
45949,69,74,-5,5
45950,96,95,1,1
45951,44,56,-12,12
45952,104,97,7,7
45953,68,78,-10,10
45954,108,83,25,25
45955,81,86,-5,5
45956,124,116,8,8
45957,91,84,7,7
45958,116,128,-12,12
45959,41,54,-13,13
45960,93,95,-2,2
45961,100,102,-2,2
45962,70,83,-13,13
45963,82,84,-2,2
45964,124,106,18,18
45965,168,152,16,16
45966,81,81,0,0
45967,124,124,0,0
45968,74,76,-2,2
45969,191,174,17,17
45970,99,105,-6,6
45971,72,79,-7,7
45972,92,98,-6,6
45973,122,119,3,3
45974,104,98,6,6
45975,93,89,4,4
45976,50,62,-12,12
45977,79,88,-9,9
45978,86,88,-2,2
45979,147,156,-9,9
45980,129,137,-8,8
45981,135,142,-7,7
45982,124,107,17,17
45983,91,90,1,1
45984,80,92,-12,12
45985,150,155,-5,5
45986,113,105,8,8
45987,74,70,4,4
45988,165,148,17,17
45989,105,95,10,10
45990,49,62,-13,13
45991,96,101,-5,5
45992,115,112,3,3
45993,132,123,9,9
45994,111,99,12,12
45995,44,40,4,4
45996,98,88,10,10
45997,52,59,-7,7
45998,78,84,-6,6
45999,71,77,-6,6
46000,30,44,-14,14
46001,116,114,2,2
46002,128,146,-18,18
46003,75,85,-10,10
46004,47,59,-12,12
46005,89,97,-8,8
46006,88,79,9,9
46007,102,98,4,4
46008,48,58,-10,10
46009,59,63,-4,4
46010,131,119,12,12
46011,71,76,-5,5
46012,81,86,-5,5
46013,110,104,6,6
46014,154,145,9,9
46015,120,118,2,2
46016,155,138,17,17
46017,109,106,3,3
46018,71,83,-12,12
46019,81,84,-3,3
46020,58,67,-9,9
46021,69,82,-13,13
46022,134,125,9,9
46023,99,96,3,3
46024,71,77,-6,6
46025,99,96,3,3
46026,76,82,-6,6
46027,98,86,12,12
46028,68,72,-4,4
46029,105,96,9,9
46030,109,101,8,8
46031,143,148,-5,5
46032,112,104,8,8
46033,82,100,-18,18
46034,59,65,-6,6
46035,170,153,17,17
46036,84,90,-6,6
46037,84,98,-14,14
46038,97,98,-1,1
46039,241,210,31,31
46040,216,192,24,24
46041,121,119,2,2
46042,72,74,-2,2
46043,61,67,-6,6
46044,76,76,0,0
46045,140,137,3,3
46046,101,95,6,6
46047,92,85,7,7
46048,65,68,-3,3
46049,62,71,-9,9
46050,62,72,-10,10
46051,172,145,27,27
46052,82,83,-1,1
46053,118,113,5,5
46054,99,93,6,6
46055,121,114,7,7
46056,108,103,5,5
46057,96,82,14,14
46058,145,123,22,22
46059,111,135,-24,24
46060,46,58,-12,12
46061,74,68,6,6
46062,96,96,0,0
46063,60,66,-6,6
46064,110,132,-22,22
46065,78,84,-6,6
46066,114,99,15,15
46067,154,163,-9,9
46068,165,148,17,17
46069,42,55,-13,13
46070,91,85,6,6
46071,100,99,1,1
46072,110,92,18,18
46073,67,79,-12,12
46074,68,77,-9,9
46075,137,113,24,24
46076,87,88,-1,1
46077,93,86,7,7
46078,86,87,-1,1
46079,200,199,1,1
46080,119,112,7,7
46081,176,160,16,16
46082,75,79,-4,4
46083,125,126,-1,1
46084,74,82,-8,8
46085,102,95,7,7
46086,53,62,-9,9
46087,107,98,9,9
46088,95,94,1,1
46089,120,117,3,3
46090,88,87,1,1
46091,66,79,-13,13
46092,94,89,5,5
46093,137,135,2,2
46094,67,79,-12,12
46095,83,81,2,2
46096,56,66,-10,10
46097,139,123,16,16
46098,100,91,9,9
46099,78,87,-9,9
46100,103,97,6,6
46101,59,75,-16,16
46102,47,63,-16,16
46103,65,67,-2,2
46104,112,101,11,11
46105,132,113,19,19
46106,82,90,-8,8
46107,118,116,2,2
46108,109,96,13,13
46109,91,87,4,4
46110,67,74,-7,7
46111,83,86,-3,3
46112,79,81,-2,2
46113,26,37,-11,11
46114,44,64,-20,20
46115,71,81,-10,10
46116,86,83,3,3
46117,77,77,0,0
46118,53,62,-9,9
46119,98,90,8,8
46120,144,125,19,19
46121,89,86,3,3
46122,67,74,-7,7
46123,147,132,15,15
46124,127,127,0,0
46125,85,85,0,0
46126,66,68,-2,2
46127,89,82,7,7
46128,89,92,-3,3
46129,75,77,-2,2
46130,72,76,-4,4
46131,101,99,2,2
46132,126,98,28,28
46133,62,66,-4,4
46134,83,84,-1,1
46135,151,140,11,11
46136,102,108,-6,6
46137,215,200,15,15
46138,149,135,14,14
46139,133,123,10,10
46140,90,83,7,7
46141,100,84,16,16
46142,57,61,-4,4
46143,61,70,-9,9
46144,41,49,-8,8
46145,137,123,14,14
46146,164,149,15,15
46147,242,217,25,25
46148,99,97,2,2
46149,51,61,-10,10
46150,68,72,-4,4
46151,78,77,1,1
46152,120,113,7,7
46153,87,88,-1,1
46154,105,95,10,10
46155,112,102,10,10
46156,87,94,-7,7
46157,88,87,1,1
46158,71,74,-3,3
46159,125,116,9,9
46160,73,79,-6,6
46161,108,106,2,2
46162,76,78,-2,2
46163,45,56,-11,11
46164,100,100,0,0
46165,76,80,-4,4
46166,158,148,10,10
46167,92,94,-2,2
46168,77,84,-7,7
46169,44,54,-10,10
46170,115,119,-4,4
46171,85,90,-5,5
46172,109,103,6,6
46173,89,93,-4,4
46174,39,56,-17,17
46175,66,74,-8,8
46176,62,73,-11,11
46177,89,94,-5,5
46178,130,124,6,6
46179,92,89,3,3
46180,138,117,21,21
46181,118,106,12,12
46182,219,226,-7,7
46183,104,104,0,0
46184,94,97,-3,3
46185,100,86,14,14
46186,54,60,-6,6
46187,153,132,21,21
46188,84,85,-1,1
46189,91,100,-9,9
46190,46,59,-13,13
46191,53,71,-18,18
46192,77,75,2,2
46193,80,77,3,3
46194,138,121,17,17
46195,80,77,3,3
46196,138,120,18,18
46197,141,130,11,11
46198,91,87,4,4
46199,176,161,15,15
46200,117,115,2,2
46201,69,79,-10,10
46202,108,114,-6,6
46203,101,96,5,5
46204,135,125,10,10
46205,115,110,5,5
46206,102,103,-1,1
46207,56,70,-14,14
46208,96,96,0,0
46209,69,74,-5,5
46210,106,110,-4,4
46211,151,150,1,1
46212,110,103,7,7
46213,112,113,-1,1
46214,134,119,15,15
46215,65,70,-5,5
46216,66,72,-6,6
46217,97,98,-1,1
46218,109,107,2,2
46219,141,128,13,13
46220,78,93,-15,15
46221,94,109,-15,15
46222,64,75,-11,11
46223,47,68,-21,21
46224,79,81,-2,2
46225,104,103,1,1
46226,39,47,-8,8
46227,62,75,-13,13
46228,123,119,4,4
46229,144,124,20,20
46230,108,109,-1,1
46231,183,151,32,32
46232,85,85,0,0
46233,49,62,-13,13
46234,40,55,-15,15
46235,27,53,-26,26
46236,107,103,4,4
46237,135,141,-6,6
46238,129,116,13,13
46239,77,77,0,0
46240,61,72,-11,11
46241,58,75,-17,17
46242,144,135,9,9
46243,53,63,-10,10
46244,95,100,-5,5
46245,82,78,4,4
46246,73,80,-7,7
46247,174,171,3,3
46248,101,95,6,6
46249,100,118,-18,18
46250,81,75,6,6
46251,94,91,3,3
46252,76,82,-6,6
46253,70,79,-9,9
46254,100,101,-1,1
46255,79,79,0,0
46256,83,84,-1,1
46257,90,94,-4,4
46258,136,127,9,9
46259,61,66,-5,5
46260,106,107,-1,1
46261,90,88,2,2
46262,32,49,-17,17
46263,100,105,-5,5
46264,74,73,1,1
46265,62,71,-9,9
46266,101,95,6,6
46267,104,97,7,7
46268,94,85,9,9
46269,95,101,-6,6
46270,134,130,4,4
46271,134,130,4,4
46272,77,77,0,0
46273,80,97,-17,17
46274,90,87,3,3
46275,128,113,15,15
46276,108,108,0,0
46277,64,77,-13,13
46278,44,61,-17,17
46279,115,108,7,7
46280,49,64,-15,15
46281,64,79,-15,15
46282,64,70,-6,6
46283,128,118,10,10
46284,69,77,-8,8
46285,73,73,0,0
46286,38,54,-16,16
46287,71,75,-4,4
46288,94,95,-1,1
46289,89,91,-2,2
46290,63,72,-9,9
46291,116,104,12,12
46292,83,87,-4,4
46293,38,55,-17,17
46294,57,66,-9,9
46295,84,85,-1,1
46296,552,401,151,151
46297,75,75,0,0
46298,70,70,0,0
46299,90,101,-11,11
46300,181,195,-14,14
46301,109,112,-3,3
46302,99,105,-6,6
46303,99,96,3,3
46304,73,77,-4,4
46305,71,77,-6,6
46306,125,124,1,1
46307,142,141,1,1
46308,125,116,9,9
46309,99,94,5,5
46310,127,117,10,10
46311,134,113,21,21
46312,87,82,5,5
46313,99,104,-5,5
46314,116,120,-4,4
46315,57,70,-13,13
46316,160,147,13,13
46317,104,97,7,7
46318,106,103,3,3
46319,82,87,-5,5
46320,149,133,16,16
46321,122,121,1,1
46322,46,62,-16,16
46323,44,62,-18,18
46324,47,64,-17,17
46325,46,73,-27,27
46326,103,104,-1,1
46327,118,114,4,4
46328,62,70,-8,8
46329,61,74,-13,13
46330,90,93,-3,3
46331,87,82,5,5
46332,163,139,24,24
46333,108,106,2,2
46334,68,74,-6,6
46335,128,119,9,9
46336,132,150,-18,18
46337,48,63,-15,15
46338,66,69,-3,3
46339,62,75,-13,13
46340,77,87,-10,10
46341,47,68,-21,21
46342,124,114,10,10
46343,95,101,-6,6
46344,65,66,-1,1
46345,70,77,-7,7
46346,133,125,8,8
46347,98,98,0,0
46348,138,140,-2,2
46349,93,96,-3,3
46350,136,124,12,12
46351,119,110,9,9
46352,102,109,-7,7
46353,106,120,-14,14
46354,75,80,-5,5
46355,58,63,-5,5
46356,130,110,20,20
46357,85,87,-2,2
46358,102,108,-6,6
46359,66,72,-6,6
46360,83,98,-15,15
46361,85,88,-3,3
46362,122,117,5,5
46363,107,108,-1,1
46364,68,79,-11,11
46365,58,68,-10,10
46366,87,84,3,3
46367,67,76,-9,9
46368,74,81,-7,7
46369,68,71,-3,3
46370,104,94,10,10
46371,158,151,7,7
46372,131,116,15,15
46373,103,102,1,1
46374,109,109,0,0
46375,64,68,-4,4
46376,123,106,17,17
46377,111,101,10,10
46378,38,53,-15,15
46379,59,63,-4,4
46380,46,68,-22,22
46381,101,106,-5,5
46382,149,137,12,12
46383,116,110,6,6
46384,62,83,-21,21
46385,78,85,-7,7
46386,92,88,4,4
46387,109,101,8,8
46388,94,95,-1,1
46389,107,109,-2,2
46390,75,84,-9,9
46391,64,75,-11,11
46392,30,51,-21,21
46393,127,124,3,3
46394,67,72,-5,5
46395,109,106,3,3
46396,187,165,22,22
46397,90,94,-4,4
46398,123,116,7,7
46399,72,74,-2,2
46400,124,118,6,6
46401,110,107,3,3
46402,108,110,-2,2
46403,65,71,-6,6
46404,116,113,3,3
46405,77,90,-13,13
46406,40,59,-19,19
46407,108,105,3,3
46408,159,148,11,11
46409,60,67,-7,7
46410,116,102,14,14
46411,124,138,-14,14
46412,94,96,-2,2
46413,90,81,9,9
46414,30,46,-16,16
46415,89,88,1,1
46416,89,83,6,6
46417,111,117,-6,6
46418,84,89,-5,5
46419,49,61,-12,12
46420,75,70,5,5
46421,136,113,23,23
46422,41,65,-24,24
46423,72,75,-3,3
46424,173,160,13,13
46425,70,80,-10,10
46426,90,92,-2,2
46427,153,150,3,3
46428,138,141,-3,3
46429,147,141,6,6
46430,116,128,-12,12
46431,148,138,10,10
46432,117,111,6,6
46433,103,99,4,4
46434,123,116,7,7
46435,151,134,17,17
46436,126,121,5,5
46437,105,110,-5,5
46438,111,110,1,1
46439,71,69,2,2
46440,99,111,-12,12
46441,59,75,-16,16
46442,104,98,6,6
46443,60,64,-4,4
46444,88,89,-1,1
46445,63,66,-3,3
46446,186,174,12,12
46447,97,88,9,9
46448,128,116,12,12
46449,162,146,16,16
46450,74,76,-2,2
46451,92,86,6,6
46452,153,141,12,12
46453,97,95,2,2
46454,116,111,5,5
46455,161,132,29,29
46456,73,81,-8,8
46457,107,106,1,1
46458,112,122,-10,10
46459,89,85,4,4
46460,92,90,2,2
46461,83,84,-1,1
46462,108,117,-9,9
46463,108,108,0,0
46464,49,58,-9,9
46465,64,71,-7,7
46466,109,114,-5,5
46467,52,61,-9,9
46468,139,136,3,3
46469,90,87,3,3
46470,90,90,0,0
46471,70,79,-9,9
46472,97,101,-4,4
46473,56,65,-9,9
46474,64,79,-15,15
46475,67,69,-2,2
46476,48,62,-14,14
46477,69,71,-2,2
46478,93,94,-1,1
46479,144,136,8,8
46480,145,148,-3,3
46481,142,138,4,4
46482,150,145,5,5
46483,58,59,-1,1
46484,120,104,16,16
46485,102,97,5,5
46486,142,142,0,0
46487,100,101,-1,1
46488,125,120,5,5
46489,84,98,-14,14
46490,123,119,4,4
46491,145,148,-3,3
46492,86,89,-3,3
46493,73,77,-4,4
46494,97,92,5,5
46495,57,67,-10,10
46496,122,115,7,7
46497,71,71,0,0
46498,99,99,0,0
46499,83,77,6,6
46500,165,152,13,13
46501,193,171,22,22
46502,104,98,6,6
46503,110,121,-11,11
46504,65,70,-5,5
46505,72,80,-8,8
46506,76,79,-3,3
46507,173,163,10,10
46508,76,88,-12,12
46509,95,90,5,5
46510,96,94,2,2
46511,82,80,2,2
46512,91,100,-9,9
46513,88,84,4,4
46514,104,102,2,2
46515,114,115,-1,1
46516,109,101,8,8
46517,74,78,-4,4
46518,137,124,13,13
46519,93,90,3,3
46520,88,88,0,0
46521,55,72,-17,17
46522,72,78,-6,6
46523,71,92,-21,21
46524,110,98,12,12
46525,114,111,3,3
46526,128,129,-1,1
46527,65,82,-17,17
46528,114,114,0,0
46529,97,94,3,3
46530,117,141,-24,24
46531,72,79,-7,7
46532,92,88,4,4
46533,64,68,-4,4
46534,125,126,-1,1
46535,99,98,1,1
46536,56,71,-15,15
46537,54,66,-12,12
46538,122,119,3,3
46539,178,173,5,5
46540,179,164,15,15
46541,80,79,1,1
46542,109,101,8,8
46543,83,85,-2,2
46544,103,96,7,7
46545,61,72,-11,11
46546,125,114,11,11
46547,96,89,7,7
46548,96,112,-16,16
46549,97,95,2,2
46550,108,93,15,15
46551,89,92,-3,3
46552,55,61,-6,6
46553,87,125,-38,38
46554,49,63,-14,14
46555,94,95,-1,1
46556,93,114,-21,21
46557,75,79,-4,4
46558,65,75,-10,10
46559,52,57,-5,5
46560,83,84,-1,1
46561,123,104,19,19
46562,92,87,5,5
46563,74,82,-8,8
46564,109,98,11,11
46565,52,66,-14,14
46566,76,72,4,4
46567,116,108,8,8
46568,83,77,6,6
46569,82,82,0,0
46570,144,132,12,12
46571,35,50,-15,15
46572,155,146,9,9
46573,136,125,11,11
46574,123,116,7,7
46575,81,82,-1,1
46576,66,78,-12,12
46577,131,116,15,15
46578,133,115,18,18
46579,71,76,-5,5
46580,82,84,-2,2
46581,82,84,-2,2
46582,42,53,-11,11
46583,137,144,-7,7
46584,140,161,-21,21
46585,58,71,-13,13
46586,117,101,16,16
46587,69,83,-14,14
46588,85,88,-3,3
46589,52,55,-3,3
46590,87,96,-9,9
46591,135,137,-2,2
46592,64,72,-8,8
46593,129,107,22,22
46594,190,179,11,11
46595,68,77,-9,9
46596,82,80,2,2
46597,75,81,-6,6
46598,149,127,22,22
46599,84,83,1,1
46600,54,63,-9,9
46601,98,95,3,3
46602,99,87,12,12
46603,125,121,4,4
46604,86,88,-2,2
46605,95,92,3,3
46606,75,81,-6,6
46607,80,79,1,1
46608,118,113,5,5
46609,91,85,6,6
46610,106,97,9,9
46611,85,93,-8,8
46612,153,144,9,9
46613,103,101,2,2
46614,159,153,6,6
46615,69,72,-3,3
46616,166,126,40,40
46617,109,103,6,6
46618,133,120,13,13
46619,191,167,24,24
46620,113,96,17,17
46621,124,108,16,16
46622,139,129,10,10
46623,88,89,-1,1
46624,43,64,-21,21
46625,71,79,-8,8
46626,116,109,7,7
46627,115,104,11,11
46628,118,114,4,4
46629,62,69,-7,7
46630,106,106,0,0
46631,116,127,-11,11
46632,137,123,14,14
46633,201,170,31,31
46634,53,65,-12,12
46635,73,81,-8,8
46636,46,64,-18,18
46637,90,90,0,0
46638,126,124,2,2
46639,113,110,3,3
46640,80,75,5,5
46641,102,92,10,10
46642,161,140,21,21
46643,103,104,-1,1
46644,119,130,-11,11
46645,54,70,-16,16
46646,159,142,17,17
46647,87,81,6,6
46648,59,64,-5,5
46649,59,73,-14,14
46650,90,88,2,2
46651,59,68,-9,9
46652,104,96,8,8
46653,131,133,-2,2
46654,60,65,-5,5
46655,68,69,-1,1
46656,86,84,2,2
46657,88,84,4,4
46658,146,141,5,5
46659,62,69,-7,7
46660,152,146,6,6
46661,104,100,4,4
46662,67,71,-4,4
46663,102,102,0,0
46664,96,99,-3,3
46665,99,105,-6,6
46666,99,102,-3,3
46667,76,83,-7,7
46668,97,97,0,0
46669,83,92,-9,9
46670,112,111,1,1
46671,63,71,-8,8
46672,136,138,-2,2
46673,74,80,-6,6
46674,172,147,25,25
46675,136,116,20,20
46676,120,123,-3,3
46677,116,116,0,0
46678,126,119,7,7
46679,114,105,9,9
46680,72,78,-6,6
46681,104,100,4,4
46682,147,148,-1,1
46683,103,101,2,2
46684,81,76,5,5
46685,80,82,-2,2
46686,101,98,3,3
46687,125,109,16,16
46688,92,75,17,17
46689,84,84,0,0
46690,80,107,-27,27
46691,150,140,10,10
46692,61,70,-9,9
46693,112,104,8,8
46694,112,103,9,9
46695,67,67,0,0
46696,137,131,6,6
46697,58,68,-10,10
46698,105,102,3,3
46699,88,93,-5,5
46700,76,76,0,0
46701,88,83,5,5
46702,108,109,-1,1
46703,97,93,4,4
46704,141,137,4,4
46705,64,82,-18,18
46706,51,64,-13,13
46707,101,93,8,8
46708,158,152,6,6
46709,97,94,3,3
46710,79,86,-7,7
46711,69,73,-4,4
46712,97,102,-5,5
46713,90,90,0,0
46714,85,95,-10,10
46715,90,87,3,3
46716,120,111,9,9
46717,61,71,-10,10
46718,145,141,4,4
46719,77,81,-4,4
46720,49,62,-13,13
46721,81,84,-3,3
46722,70,75,-5,5
46723,107,96,11,11
46724,87,86,1,1
46725,66,74,-8,8
46726,108,107,1,1
46727,86,82,4,4
46728,68,73,-5,5
46729,84,77,7,7
46730,72,78,-6,6
46731,67,76,-9,9
46732,73,78,-5,5
46733,81,83,-2,2
46734,65,65,0,0
46735,130,107,23,23
46736,47,55,-8,8
46737,117,117,0,0
46738,141,123,18,18
46739,204,168,36,36
46740,85,84,1,1
46741,116,118,-2,2
46742,118,107,11,11
46743,110,107,3,3
46744,100,96,4,4
46745,93,95,-2,2
46746,53,60,-7,7
46747,86,82,4,4
46748,70,77,-7,7
46749,80,82,-2,2
46750,146,142,4,4
46751,72,75,-3,3
46752,154,148,6,6
46753,206,202,4,4
46754,72,79,-7,7
46755,141,130,11,11
46756,83,101,-18,18
46757,141,143,-2,2
46758,97,101,-4,4
46759,137,127,10,10
46760,124,122,2,2
46761,84,86,-2,2
46762,102,114,-12,12
46763,22,61,-39,39
46764,97,101,-4,4
46765,59,66,-7,7
46766,124,126,-2,2
46767,198,189,9,9
46768,93,85,8,8
46769,96,96,0,0
46770,99,93,6,6
46771,191,152,39,39
46772,88,85,3,3
46773,88,83,5,5
46774,114,108,6,6
46775,85,96,-11,11
46776,85,76,9,9
46777,63,74,-11,11
46778,129,106,23,23
46779,142,145,-3,3
46780,66,78,-12,12
46781,64,67,-3,3
46782,72,74,-2,2
46783,143,140,3,3
46784,73,71,2,2
46785,92,91,1,1
46786,80,90,-10,10
46787,123,115,8,8
46788,67,78,-11,11
46789,87,101,-14,14
46790,81,70,11,11
46791,77,102,-25,25
46792,70,73,-3,3
46793,120,117,3,3
46794,119,120,-1,1
46795,116,115,1,1
46796,193,186,7,7
46797,90,97,-7,7
46798,113,125,-12,12
46799,109,100,9,9
46800,85,87,-2,2
46801,63,71,-8,8
46802,56,64,-8,8
46803,131,131,0,0
46804,108,103,5,5
46805,58,68,-10,10
46806,57,69,-12,12
46807,98,117,-19,19
46808,86,104,-18,18
46809,60,69,-9,9
46810,54,68,-14,14
46811,160,141,19,19
46812,91,101,-10,10
46813,179,144,35,35
46814,68,88,-20,20
46815,143,134,9,9
46816,86,79,7,7
46817,115,119,-4,4
46818,139,120,19,19
46819,95,95,0,0
46820,66,82,-16,16
46821,66,70,-4,4
46822,143,136,7,7
46823,87,85,2,2
46824,85,95,-10,10
46825,77,84,-7,7
46826,77,77,0,0
46827,91,83,8,8
46828,80,83,-3,3
46829,23,41,-18,18
46830,92,91,1,1
46831,109,101,8,8
46832,115,107,8,8
46833,93,95,-2,2
46834,67,74,-7,7
46835,150,146,4,4
46836,78,72,6,6
46837,159,154,5,5
46838,124,109,15,15
46839,93,101,-8,8
46840,133,133,0,0
46841,79,85,-6,6
46842,62,69,-7,7
46843,73,74,-1,1
46844,66,71,-5,5
46845,69,72,-3,3
46846,146,156,-10,10
46847,73,70,3,3
46848,91,100,-9,9
46849,67,70,-3,3
46850,80,98,-18,18
46851,96,92,4,4
46852,75,75,0,0
46853,72,83,-11,11
46854,87,85,2,2
46855,93,85,8,8
46856,115,105,10,10
46857,142,130,12,12
46858,168,130,38,38
46859,149,133,16,16
46860,91,89,2,2
46861,69,76,-7,7
46862,112,108,4,4
46863,83,82,1,1
46864,63,65,-2,2
46865,84,86,-2,2
46866,113,100,13,13
46867,98,96,2,2
46868,174,168,6,6
46869,103,96,7,7
46870,32,76,-44,44
46871,126,123,3,3
46872,132,129,3,3
46873,49,57,-8,8
46874,107,105,2,2
46875,121,130,-9,9
46876,132,119,13,13
46877,75,77,-2,2
46878,71,78,-7,7
46879,69,81,-12,12
46880,158,138,20,20
46881,73,74,-1,1
46882,146,126,20,20
46883,49,67,-18,18
46884,124,121,3,3
46885,71,73,-2,2
46886,43,54,-11,11
46887,94,100,-6,6
46888,120,125,-5,5
46889,107,103,4,4
46890,83,78,5,5
46891,111,104,7,7
46892,79,83,-4,4
46893,93,97,-4,4
46894,130,125,5,5
46895,119,110,9,9
46896,80,78,2,2
46897,80,75,5,5
46898,76,78,-2,2
46899,101,101,0,0
46900,131,124,7,7
46901,91,95,-4,4
46902,81,87,-6,6
46903,102,102,0,0
46904,108,93,15,15
46905,79,81,-2,2
46906,121,108,13,13
46907,135,135,0,0
46908,68,82,-14,14
46909,104,110,-6,6
46910,44,54,-10,10
46911,103,105,-2,2
46912,136,137,-1,1
46913,107,93,14,14
46914,78,89,-11,11
46915,75,82,-7,7
46916,37,49,-12,12
46917,24,44,-20,20
46918,166,159,7,7
46919,134,123,11,11
46920,116,111,5,5
46921,85,85,0,0
46922,130,127,3,3
46923,150,139,11,11
46924,103,95,8,8
46925,92,89,3,3
46926,127,127,0,0
46927,72,80,-8,8
46928,95,99,-4,4
46929,56,65,-9,9
46930,170,147,23,23
46931,106,99,7,7
46932,78,84,-6,6
46933,135,134,1,1
46934,113,104,9,9
46935,191,179,12,12
46936,61,71,-10,10
46937,95,86,9,9
46938,119,113,6,6
46939,114,100,14,14
46940,88,87,1,1
46941,71,75,-4,4
46942,76,76,0,0
46943,50,66,-16,16
46944,69,73,-4,4
46945,51,77,-26,26
46946,74,84,-10,10
46947,79,80,-1,1
46948,74,85,-11,11
46949,113,113,0,0
46950,99,106,-7,7
46951,86,87,-1,1
46952,91,90,1,1
46953,83,96,-13,13
46954,106,99,7,7
46955,66,71,-5,5
46956,74,74,0,0
46957,78,79,-1,1
46958,101,100,1,1
46959,78,88,-10,10
46960,91,102,-11,11
46961,94,99,-5,5
46962,86,87,-1,1
46963,64,74,-10,10
46964,98,84,14,14
46965,100,109,-9,9
46966,148,134,14,14
46967,96,102,-6,6
46968,135,117,18,18
46969,123,132,-9,9
46970,65,73,-8,8
46971,86,84,2,2
46972,86,85,1,1
46973,93,94,-1,1
46974,106,101,5,5
46975,122,112,10,10
46976,75,87,-12,12
46977,86,85,1,1
46978,51,60,-9,9
46979,56,67,-11,11
46980,125,129,-4,4
46981,92,89,3,3
46982,108,114,-6,6
46983,151,139,12,12
46984,83,86,-3,3
46985,66,76,-10,10
46986,138,121,17,17
46987,120,118,2,2
46988,79,78,1,1
46989,86,95,-9,9
46990,163,160,3,3
46991,112,111,1,1
46992,98,91,7,7
46993,40,74,-34,34
46994,85,90,-5,5
46995,73,82,-9,9
46996,84,95,-11,11
46997,127,127,0,0
46998,113,102,11,11
46999,116,106,10,10
47000,91,96,-5,5
47001,91,78,13,13
47002,50,62,-12,12
47003,78,83,-5,5
47004,90,92,-2,2
47005,125,118,7,7
47006,84,89,-5,5
47007,79,79,0,0
47008,69,71,-2,2
47009,115,101,14,14
47010,227,238,-11,11
47011,107,107,0,0
47012,136,156,-20,20
47013,88,85,3,3
47014,117,113,4,4
47015,81,86,-5,5
47016,150,140,10,10
47017,101,117,-16,16
47018,169,155,14,14
47019,75,83,-8,8
47020,146,144,2,2
47021,96,92,4,4
47022,66,70,-4,4
47023,73,77,-4,4
47024,85,98,-13,13
47025,104,88,16,16
47026,53,64,-11,11
47027,148,152,-4,4
47028,119,109,10,10
47029,45,54,-9,9
47030,72,76,-4,4
47031,126,127,-1,1
47032,64,69,-5,5
47033,119,117,2,2
47034,89,96,-7,7
47035,139,131,8,8
47036,111,113,-2,2
47037,100,103,-3,3
47038,82,86,-4,4
47039,138,130,8,8
47040,47,60,-13,13
47041,167,149,18,18
47042,63,70,-7,7
47043,118,109,9,9
47044,201,200,1,1
47045,82,89,-7,7
47046,91,97,-6,6
47047,81,84,-3,3
47048,91,86,5,5
47049,119,109,10,10
47050,88,83,5,5
47051,76,81,-5,5
47052,86,86,0,0
47053,47,58,-11,11
47054,134,130,4,4
47055,96,97,-1,1
47056,82,83,-1,1
47057,82,80,2,2
47058,89,91,-2,2
47059,99,103,-4,4
47060,93,95,-2,2
47061,87,87,0,0
47062,62,81,-19,19
47063,58,64,-6,6
47064,82,85,-3,3
47065,142,141,1,1
47066,101,96,5,5
47067,127,116,11,11
47068,46,56,-10,10
47069,116,105,11,11
47070,54,65,-11,11
47071,71,75,-4,4
47072,121,136,-15,15
47073,80,82,-2,2
47074,86,86,0,0
47075,119,112,7,7
47076,71,79,-8,8
47077,171,154,17,17
47078,126,108,18,18
47079,57,63,-6,6
47080,99,97,2,2
47081,55,68,-13,13
47082,77,82,-5,5
47083,110,104,6,6
47084,77,101,-24,24
47085,111,105,6,6
47086,164,160,4,4
47087,104,96,8,8
47088,85,87,-2,2
47089,75,79,-4,4
47090,119,108,11,11
47091,82,86,-4,4
47092,122,108,14,14
47093,111,107,4,4
47094,102,96,6,6
47095,54,62,-8,8
47096,96,95,1,1
47097,65,73,-8,8
47098,135,135,0,0
47099,79,77,2,2
47100,92,82,10,10
47101,56,67,-11,11
47102,109,95,14,14
47103,124,121,3,3
47104,65,75,-10,10
47105,84,86,-2,2
47106,107,100,7,7
47107,114,111,3,3
47108,92,84,8,8
47109,129,119,10,10
47110,159,145,14,14
47111,80,86,-6,6
47112,106,103,3,3
47113,76,80,-4,4
47114,81,90,-9,9
47115,115,112,3,3
47116,89,99,-10,10
47117,66,75,-9,9
47118,49,64,-15,15
47119,74,76,-2,2
47120,77,77,0,0
47121,98,94,4,4
47122,181,164,17,17
47123,65,70,-5,5
47124,125,116,9,9
47125,120,122,-2,2
47126,92,84,8,8
47127,125,116,9,9
47128,97,96,1,1
47129,113,99,14,14
47130,69,79,-10,10
47131,41,58,-17,17
47132,112,108,4,4
47133,93,85,8,8
47134,77,79,-2,2
47135,114,124,-10,10
47136,90,88,2,2
47137,119,120,-1,1
47138,85,94,-9,9
47139,99,103,-4,4
47140,113,94,19,19
47141,112,115,-3,3
47142,43,59,-16,16
47143,73,77,-4,4
47144,149,145,4,4
47145,72,80,-8,8
47146,62,70,-8,8
47147,74,77,-3,3
47148,197,180,17,17
47149,93,103,-10,10
47150,103,81,22,22
47151,96,90,6,6
47152,191,160,31,31
47153,116,109,7,7
47154,75,77,-2,2
47155,99,103,-4,4
47156,94,85,9,9
47157,124,126,-2,2
47158,83,82,1,1
47159,131,122,9,9
47160,108,94,14,14
47161,108,117,-9,9
47162,77,79,-2,2
47163,77,73,4,4
47164,126,116,10,10
47165,59,84,-25,25
47166,101,108,-7,7
47167,121,113,8,8
47168,116,116,0,0
47169,124,113,11,11
47170,69,69,0,0
47171,160,149,11,11
47172,67,79,-12,12
47173,111,113,-2,2
47174,80,100,-20,20
47175,44,57,-13,13
47176,89,86,3,3
47177,92,89,3,3
47178,105,107,-2,2
47179,113,103,10,10
47180,83,85,-2,2
47181,54,62,-8,8
47182,47,60,-13,13
47183,105,97,8,8
47184,65,67,-2,2
47185,118,108,10,10
47186,115,103,12,12
47187,92,96,-4,4
47188,69,65,4,4
47189,42,59,-17,17
47190,64,66,-2,2
47191,119,120,-1,1
47192,142,127,15,15
47193,117,106,11,11
47194,67,77,-10,10
47195,157,145,12,12
47196,57,70,-13,13
47197,122,108,14,14
47198,84,77,7,7
47199,112,113,-1,1
47200,96,97,-1,1
47201,75,75,0,0
47202,86,85,1,1
47203,168,148,20,20
47204,128,107,21,21
47205,111,122,-11,11
47206,95,98,-3,3
47207,74,86,-12,12
47208,101,88,13,13
47209,69,71,-2,2
47210,160,154,6,6
47211,139,124,15,15
47212,24,68,-44,44
47213,89,85,4,4
47214,102,101,1,1
47215,49,59,-10,10
47216,94,104,-10,10
47217,76,73,3,3
47218,170,146,24,24
47219,158,149,9,9
47220,31,83,-52,52
47221,66,72,-6,6
47222,106,94,12,12
47223,60,78,-18,18
47224,77,84,-7,7
47225,68,72,-4,4
47226,129,125,4,4
47227,60,67,-7,7
47228,106,103,3,3
47229,64,66,-2,2
47230,67,70,-3,3
47231,85,87,-2,2
47232,79,74,5,5
47233,175,162,13,13
47234,20,67,-47,47
47235,169,148,21,21
47236,90,95,-5,5
47237,74,79,-5,5
47238,68,83,-15,15
47239,52,68,-16,16
47240,81,86,-5,5
47241,106,109,-3,3
47242,113,110,3,3
47243,64,72,-8,8
47244,98,101,-3,3
47245,120,118,2,2
47246,85,84,1,1
47247,70,68,2,2
47248,121,115,6,6
47249,132,119,13,13
47250,50,55,-5,5
47251,68,82,-14,14
47252,55,64,-9,9
47253,122,112,10,10
47254,107,97,10,10
47255,69,77,-8,8
47256,115,107,8,8
47257,118,112,6,6
47258,184,204,-20,20
47259,78,91,-13,13
47260,47,62,-15,15
47261,65,70,-5,5
47262,109,97,12,12
47263,89,83,6,6
47264,141,137,4,4
47265,68,92,-24,24
47266,167,146,21,21
47267,68,81,-13,13
47268,86,96,-10,10
47269,93,92,1,1
47270,91,89,2,2
47271,65,76,-11,11
47272,132,129,3,3
47273,91,95,-4,4
47274,71,70,1,1
47275,71,71,0,0
47276,120,119,1,1
47277,118,109,9,9
47278,117,116,1,1
47279,157,154,3,3
47280,73,79,-6,6
47281,108,107,1,1
47282,82,75,7,7
47283,122,115,7,7
47284,143,140,3,3
47285,172,158,14,14
47286,76,71,5,5
47287,130,132,-2,2
47288,61,66,-5,5
47289,65,74,-9,9
47290,128,116,12,12
47291,98,97,1,1
47292,161,167,-6,6
47293,56,63,-7,7
47294,97,131,-34,34
47295,176,194,-18,18
47296,125,117,8,8
47297,115,107,8,8
47298,81,84,-3,3
47299,103,100,3,3
47300,53,62,-9,9
47301,173,166,7,7
47302,132,118,14,14
47303,129,118,11,11
47304,120,114,6,6
47305,123,107,16,16
47306,203,167,36,36
47307,59,59,0,0
47308,67,75,-8,8
47309,132,116,16,16
47310,182,161,21,21
47311,143,141,2,2
47312,97,89,8,8
47313,91,86,5,5
47314,96,103,-7,7
47315,91,87,4,4
47316,87,84,3,3
47317,143,145,-2,2
47318,65,62,3,3
47319,78,75,3,3
47320,78,79,-1,1
47321,140,136,4,4
47322,93,93,0,0
47323,52,62,-10,10
47324,95,100,-5,5
47325,96,87,9,9
47326,72,78,-6,6
47327,113,109,4,4
47328,97,93,4,4
47329,77,82,-5,5
47330,71,79,-8,8
47331,58,65,-7,7
47332,72,74,-2,2
47333,210,178,32,32
47334,97,91,6,6
47335,141,140,1,1
47336,130,129,1,1
47337,105,105,0,0
47338,66,78,-12,12
47339,78,88,-10,10
47340,96,99,-3,3
47341,120,114,6,6
47342,57,66,-9,9
47343,162,150,12,12
47344,134,132,2,2
47345,161,146,15,15
47346,171,164,7,7
47347,91,96,-5,5
47348,46,58,-12,12
47349,128,117,11,11
47350,113,98,15,15
47351,96,91,5,5
47352,55,63,-8,8
47353,101,104,-3,3
47354,146,135,11,11
47355,83,119,-36,36
47356,41,57,-16,16
47357,117,110,7,7
47358,118,119,-1,1
47359,89,94,-5,5
47360,88,87,1,1
47361,37,47,-10,10
47362,68,77,-9,9
47363,53,57,-4,4
47364,106,100,6,6
47365,125,114,11,11
47366,79,81,-2,2
47367,100,94,6,6
47368,99,105,-6,6
47369,99,99,0,0
47370,130,122,8,8
47371,75,85,-10,10
47372,101,98,3,3
47373,90,90,0,0
47374,154,138,16,16
47375,116,109,7,7
47376,60,79,-19,19
47377,144,140,4,4
47378,75,80,-5,5
47379,110,103,7,7
47380,124,121,3,3
47381,79,90,-11,11
47382,38,51,-13,13
47383,90,91,-1,1
47384,84,78,6,6
47385,76,83,-7,7
47386,88,91,-3,3
47387,124,123,1,1
47388,76,84,-8,8
47389,84,82,2,2
47390,75,78,-3,3
47391,78,79,-1,1
47392,48,62,-14,14
47393,70,80,-10,10
47394,125,112,13,13
47395,129,127,2,2
47396,75,75,0,0
47397,91,101,-10,10
47398,108,102,6,6
47399,100,95,5,5
47400,56,74,-18,18
47401,140,123,17,17
47402,62,66,-4,4
47403,224,179,45,45
47404,109,117,-8,8
47405,159,156,3,3
47406,90,95,-5,5
47407,125,115,10,10
47408,96,99,-3,3
47409,74,88,-14,14
47410,109,111,-2,2
47411,84,86,-2,2
47412,50,56,-6,6
47413,146,136,10,10
47414,116,103,13,13
47415,93,87,6,6
47416,92,86,6,6
47417,72,71,1,1
47418,159,137,22,22
47419,79,79,0,0
47420,117,109,8,8
47421,92,84,8,8
47422,102,98,4,4
47423,61,69,-8,8
47424,55,60,-5,5
47425,91,81,10,10
47426,94,87,7,7
47427,64,74,-10,10
47428,121,113,8,8
47429,50,60,-10,10
47430,91,86,5,5
47431,87,87,0,0
47432,100,95,5,5
47433,60,62,-2,2
47434,139,135,4,4
47435,77,79,-2,2
47436,54,62,-8,8
47437,117,96,21,21
47438,105,115,-10,10
47439,105,101,4,4
47440,78,81,-3,3
47441,108,96,12,12
47442,111,117,-6,6
47443,112,112,0,0
47444,69,73,-4,4
47445,100,106,-6,6
47446,96,96,0,0
47447,31,53,-22,22
47448,75,75,0,0
47449,68,76,-8,8
47450,53,66,-13,13
47451,63,72,-9,9
47452,85,83,2,2
47453,126,124,2,2
47454,107,102,5,5
47455,130,122,8,8
47456,65,69,-4,4
47457,73,78,-5,5
47458,107,107,0,0
47459,121,120,1,1
47460,99,100,-1,1
47461,92,98,-6,6
47462,170,161,9,9
47463,85,75,10,10
47464,142,134,8,8
47465,86,85,1,1
47466,63,69,-6,6
47467,121,107,14,14
47468,84,96,-12,12
47469,66,69,-3,3
47470,60,67,-7,7
47471,68,71,-3,3
47472,113,123,-10,10
47473,101,98,3,3
47474,48,62,-14,14
47475,154,148,6,6
47476,160,150,10,10
47477,102,95,7,7
47478,94,96,-2,2
47479,84,82,2,2
47480,107,109,-2,2
47481,66,75,-9,9
47482,87,94,-7,7
47483,84,76,8,8
47484,86,91,-5,5
47485,101,69,32,32
47486,83,82,1,1
47487,70,68,2,2
47488,104,93,11,11
47489,78,77,1,1
47490,69,75,-6,6
47491,172,156,16,16
47492,66,79,-13,13
47493,96,92,4,4
47494,73,77,-4,4
47495,122,129,-7,7
47496,66,78,-12,12
47497,78,83,-5,5
47498,70,116,-46,46
47499,62,72,-10,10
47500,64,71,-7,7
47501,189,170,19,19
47502,101,99,2,2
47503,83,84,-1,1
47504,88,83,5,5
47505,108,101,7,7
47506,109,105,4,4
47507,50,57,-7,7
47508,100,93,7,7
47509,98,94,4,4
47510,74,73,1,1
47511,151,132,19,19
47512,67,75,-8,8
47513,145,130,15,15
47514,99,97,2,2
47515,79,81,-2,2
47516,66,78,-12,12
47517,87,82,5,5
47518,104,92,12,12
47519,75,74,1,1
47520,81,78,3,3
47521,79,86,-7,7
47522,82,83,-1,1
47523,202,177,25,25
47524,64,67,-3,3
47525,142,134,8,8
47526,77,87,-10,10
47527,95,110,-15,15
47528,127,126,1,1
47529,89,94,-5,5
47530,136,141,-5,5
47531,63,71,-8,8
47532,123,116,7,7
47533,113,105,8,8
47534,98,97,1,1
47535,136,118,18,18
47536,124,114,10,10
47537,124,113,11,11
47538,162,146,16,16
47539,81,98,-17,17
47540,93,93,0,0
47541,83,87,-4,4
47542,127,109,18,18
47543,60,64,-4,4
47544,83,86,-3,3
47545,60,66,-6,6
47546,103,106,-3,3
47547,93,79,14,14
47548,78,82,-4,4
47549,97,89,8,8
47550,73,75,-2,2
47551,128,116,12,12
47552,92,96,-4,4
47553,37,52,-15,15
47554,154,144,10,10
47555,60,70,-10,10
47556,94,92,2,2
47557,103,100,3,3
47558,72,78,-6,6
47559,65,79,-14,14
47560,85,89,-4,4
47561,111,102,9,9
47562,88,94,-6,6
47563,110,100,10,10
47564,102,99,3,3
47565,59,66,-7,7
47566,89,83,6,6
47567,113,97,16,16
47568,65,78,-13,13
47569,148,141,7,7
47570,83,85,-2,2
47571,81,84,-3,3
47572,88,86,2,2
47573,67,77,-10,10
47574,44,60,-16,16
47575,98,102,-4,4
47576,89,86,3,3
47577,85,87,-2,2
47578,165,143,22,22
47579,58,74,-16,16
47580,118,109,9,9
47581,138,118,20,20
47582,85,82,3,3
47583,77,83,-6,6
47584,58,66,-8,8
47585,78,76,2,2
47586,94,107,-13,13
47587,51,64,-13,13
47588,109,112,-3,3
47589,72,81,-9,9
47590,71,76,-5,5
47591,83,91,-8,8
47592,97,95,2,2
47593,81,84,-3,3
47594,192,200,-8,8
47595,152,142,10,10
47596,101,98,3,3
47597,65,66,-1,1
47598,77,81,-4,4
47599,130,117,13,13
47600,124,98,26,26
47601,89,94,-5,5
47602,105,108,-3,3
47603,85,83,2,2
47604,147,144,3,3
47605,108,116,-8,8
47606,86,87,-1,1
47607,66,74,-8,8
47608,62,70,-8,8
47609,74,74,0,0
47610,144,120,24,24
47611,77,78,-1,1
47612,53,55,-2,2
47613,81,79,2,2
47614,121,113,8,8
47615,71,71,0,0
47616,75,68,7,7
47617,105,96,9,9
47618,98,100,-2,2
47619,133,131,2,2
47620,115,114,1,1
47621,56,65,-9,9
47622,139,129,10,10
47623,108,109,-1,1
47624,207,174,33,33
47625,43,66,-23,23
47626,135,122,13,13
47627,122,118,4,4
47628,61,72,-11,11
47629,97,90,7,7
47630,77,79,-2,2
47631,123,102,21,21
47632,59,70,-11,11
47633,113,117,-4,4
47634,125,117,8,8
47635,88,89,-1,1
47636,72,73,-1,1
47637,137,135,2,2
47638,113,101,12,12
47639,112,103,9,9
47640,60,70,-10,10
47641,106,104,2,2
47642,143,137,6,6
47643,91,92,-1,1
47644,95,92,3,3
47645,155,132,23,23
47646,106,104,2,2
47647,103,114,-11,11
47648,142,123,19,19
47649,76,75,1,1
47650,115,116,-1,1
47651,96,120,-24,24
47652,103,96,7,7
47653,106,105,1,1
47654,67,70,-3,3
47655,100,96,4,4
47656,103,97,6,6
47657,72,79,-7,7
47658,142,131,11,11
47659,32,60,-28,28
47660,137,138,-1,1
47661,57,72,-15,15
47662,69,76,-7,7
47663,47,57,-10,10
47664,82,86,-4,4
47665,113,101,12,12
47666,81,87,-6,6
47667,96,95,1,1
47668,67,72,-5,5
47669,138,125,13,13
47670,73,74,-1,1
47671,62,83,-21,21
47672,45,63,-18,18
47673,106,99,7,7
47674,65,72,-7,7
47675,79,82,-3,3
47676,109,114,-5,5
47677,147,137,10,10
47678,67,70,-3,3
47679,94,89,5,5
47680,73,77,-4,4
47681,57,71,-14,14
47682,124,110,14,14
47683,68,76,-8,8
47684,89,86,3,3
47685,105,95,10,10
47686,64,79,-15,15
47687,78,86,-8,8
47688,108,98,10,10
47689,171,165,6,6
47690,92,84,8,8
47691,63,72,-9,9
47692,66,74,-8,8
47693,85,90,-5,5
47694,134,129,5,5
47695,73,78,-5,5
47696,85,85,0,0
47697,81,80,1,1
47698,119,113,6,6
47699,64,68,-4,4
47700,73,74,-1,1
47701,120,105,15,15
47702,122,113,9,9
47703,97,99,-2,2
47704,69,76,-7,7
47705,88,87,1,1
47706,86,87,-1,1
47707,87,87,0,0
47708,152,138,14,14
47709,65,69,-4,4
47710,37,57,-20,20
47711,125,108,17,17
47712,117,122,-5,5
47713,72,78,-6,6
47714,120,135,-15,15
47715,67,69,-2,2
47716,147,138,9,9
47717,142,131,11,11
47718,111,117,-6,6
47719,104,99,5,5
47720,90,85,5,5
47721,76,78,-2,2
47722,82,78,4,4
47723,122,96,26,26
47724,176,159,17,17
47725,97,81,16,16
47726,84,86,-2,2
47727,94,90,4,4
47728,175,177,-2,2
47729,90,95,-5,5
47730,62,69,-7,7
47731,116,104,12,12
47732,137,131,6,6
47733,141,130,11,11
47734,96,103,-7,7
47735,99,97,2,2
47736,66,67,-1,1
47737,183,173,10,10
47738,64,68,-4,4
47739,137,139,-2,2
47740,51,60,-9,9
47741,35,48,-13,13
47742,137,121,16,16
47743,151,144,7,7
47744,115,109,6,6
47745,94,87,7,7
47746,42,53,-11,11
47747,57,69,-12,12
47748,102,104,-2,2
47749,59,65,-6,6
47750,73,86,-13,13
47751,80,81,-1,1
47752,102,107,-5,5
47753,111,106,5,5
47754,150,145,5,5
47755,149,133,16,16
47756,129,115,14,14
47757,35,55,-20,20
47758,50,65,-15,15
47759,85,81,4,4
47760,90,88,2,2
47761,129,112,17,17
47762,111,112,-1,1
47763,80,90,-10,10
47764,165,160,5,5
47765,69,74,-5,5
47766,132,118,14,14
47767,145,130,15,15
47768,51,61,-10,10
47769,152,134,18,18
47770,64,68,-4,4
47771,168,151,17,17
47772,100,101,-1,1
47773,72,72,0,0
47774,86,95,-9,9
47775,67,78,-11,11
47776,71,77,-6,6
47777,156,150,6,6
47778,92,89,3,3
47779,93,95,-2,2
47780,95,100,-5,5
47781,113,104,9,9
47782,105,97,8,8
47783,77,85,-8,8
47784,96,103,-7,7
47785,103,102,1,1
47786,76,91,-15,15
47787,77,77,0,0
47788,103,94,9,9
47789,80,84,-4,4
47790,72,79,-7,7
47791,98,98,0,0
47792,94,86,8,8
47793,145,149,-4,4
47794,57,63,-6,6
47795,95,89,6,6
47796,97,82,15,15
47797,160,144,16,16
47798,161,152,9,9
47799,71,72,-1,1
47800,95,91,4,4
47801,100,97,3,3
47802,57,57,0,0
47803,96,97,-1,1
47804,70,72,-2,2
47805,51,82,-31,31
47806,70,74,-4,4
47807,27,45,-18,18
47808,93,87,6,6
47809,110,106,4,4
47810,128,117,11,11
47811,146,149,-3,3
47812,81,74,7,7
47813,100,94,6,6
47814,77,73,4,4
47815,57,68,-11,11
47816,110,102,8,8
47817,90,98,-8,8
47818,105,108,-3,3
47819,91,84,7,7
47820,158,149,9,9
47821,79,76,3,3
47822,52,60,-8,8
47823,86,86,0,0
47824,100,97,3,3
47825,65,69,-4,4
47826,116,108,8,8
47827,75,73,2,2
47828,95,88,7,7
47829,71,80,-9,9
47830,87,95,-8,8
47831,79,73,6,6
47832,77,78,-1,1
47833,55,64,-9,9
47834,94,96,-2,2
47835,99,97,2,2
47836,98,98,0,0
47837,95,107,-12,12
47838,123,122,1,1
47839,76,89,-13,13
47840,157,157,0,0
47841,75,79,-4,4
47842,114,109,5,5
47843,47,52,-5,5
47844,110,104,6,6
47845,122,112,10,10
47846,89,99,-10,10
47847,65,72,-7,7
47848,63,72,-9,9
47849,140,127,13,13
47850,101,101,0,0
47851,132,124,8,8
47852,175,180,-5,5
47853,79,77,2,2
47854,97,92,5,5
47855,108,94,14,14
47856,76,74,2,2
47857,80,78,2,2
47858,114,101,13,13
47859,160,167,-7,7
47860,101,93,8,8
47861,143,127,16,16
47862,40,52,-12,12
47863,151,141,10,10
47864,111,121,-10,10
47865,105,117,-12,12
47866,93,87,6,6
47867,121,119,2,2
47868,162,150,12,12
47869,91,100,-9,9
47870,86,85,1,1
47871,133,134,-1,1
47872,69,77,-8,8
47873,110,107,3,3
47874,76,76,0,0
47875,70,78,-8,8
47876,129,106,23,23
47877,105,95,10,10
47878,118,109,9,9
47879,51,63,-12,12
47880,155,140,15,15
47881,80,81,-1,1
47882,91,102,-11,11
47883,87,84,3,3
47884,61,75,-14,14
47885,65,73,-8,8
47886,85,89,-4,4
47887,89,88,1,1
47888,62,70,-8,8
47889,85,92,-7,7
47890,65,78,-13,13
47891,127,118,9,9
47892,94,94,0,0
47893,106,106,0,0
47894,72,73,-1,1
47895,115,109,6,6
47896,100,92,8,8
47897,56,62,-6,6
47898,78,91,-13,13
47899,100,101,-1,1
47900,94,87,7,7
47901,104,96,8,8
47902,76,90,-14,14
47903,100,99,1,1
47904,114,105,9,9
47905,94,85,9,9
47906,92,94,-2,2
47907,51,61,-10,10
47908,129,128,1,1
47909,30,43,-13,13
47910,91,102,-11,11
47911,72,77,-5,5
47912,99,97,2,2
47913,59,66,-7,7
47914,103,96,7,7
47915,140,118,22,22
47916,71,75,-4,4
47917,77,80,-3,3
47918,108,106,2,2
47919,87,78,9,9
47920,150,148,2,2
47921,108,110,-2,2
47922,78,78,0,0
47923,143,134,9,9
47924,109,117,-8,8
47925,81,83,-2,2
47926,82,88,-6,6
47927,46,55,-9,9
47928,142,125,17,17
47929,54,63,-9,9
47930,89,90,-1,1
47931,53,61,-8,8
47932,73,75,-2,2
47933,74,75,-1,1
47934,43,53,-10,10
47935,89,93,-4,4
47936,71,80,-9,9
47937,62,80,-18,18
47938,59,70,-11,11
47939,114,103,11,11
47940,56,65,-9,9
47941,94,97,-3,3
47942,102,107,-5,5
47943,112,105,7,7
47944,75,79,-4,4
47945,77,89,-12,12
47946,124,115,9,9
47947,128,115,13,13
47948,70,79,-9,9
47949,84,130,-46,46
47950,151,135,16,16
47951,113,104,9,9
47952,85,84,1,1
47953,82,101,-19,19
47954,163,158,5,5
47955,124,130,-6,6
47956,80,78,2,2
47957,122,143,-21,21
47958,88,80,8,8
47959,66,69,-3,3
47960,83,85,-2,2
47961,118,107,11,11
47962,57,62,-5,5
47963,66,77,-11,11
47964,108,103,5,5
47965,93,99,-6,6
47966,51,60,-9,9
47967,171,156,15,15
47968,114,101,13,13
47969,45,56,-11,11
47970,86,83,3,3
47971,62,73,-11,11
47972,67,76,-9,9
47973,76,81,-5,5
47974,108,110,-2,2
47975,100,115,-15,15
47976,139,131,8,8
47977,115,112,3,3
47978,144,113,31,31
47979,90,84,6,6
47980,91,83,8,8
47981,75,82,-7,7
47982,135,126,9,9
47983,67,79,-12,12
47984,117,101,16,16
47985,127,108,19,19
47986,59,65,-6,6
47987,48,64,-16,16
47988,69,73,-4,4
47989,93,83,10,10
47990,123,120,3,3
47991,131,136,-5,5
47992,105,100,5,5
47993,121,124,-3,3
47994,111,110,1,1
47995,43,56,-13,13
47996,131,121,10,10
47997,133,116,17,17
47998,74,77,-3,3
47999,154,130,24,24
48000,36,52,-16,16
48001,83,88,-5,5
48002,114,114,0,0
48003,115,106,9,9
48004,117,107,10,10
48005,129,117,12,12
48006,119,110,9,9
48007,65,72,-7,7
48008,88,90,-2,2
48009,80,75,5,5
48010,43,51,-8,8
48011,68,75,-7,7
48012,157,145,12,12
48013,104,102,2,2
48014,56,60,-4,4
48015,52,66,-14,14
48016,115,105,10,10
48017,64,69,-5,5
48018,139,134,5,5
48019,58,64,-6,6
48020,105,103,2,2
48021,196,185,11,11
48022,117,104,13,13
48023,108,89,19,19
48024,109,114,-5,5
48025,53,60,-7,7
48026,97,91,6,6
48027,89,94,-5,5
48028,136,126,10,10
48029,156,161,-5,5
48030,107,98,9,9
48031,48,58,-10,10
48032,108,111,-3,3
48033,151,131,20,20
48034,71,86,-15,15
48035,99,92,7,7
48036,119,99,20,20
48037,131,123,8,8
48038,72,78,-6,6
48039,112,105,7,7
48040,142,148,-6,6
48041,130,126,4,4
48042,103,103,0,0
48043,136,130,6,6
48044,61,69,-8,8
48045,93,88,5,5
48046,124,120,4,4
48047,44,61,-17,17
48048,166,168,-2,2
48049,134,134,0,0
48050,85,84,1,1
48051,56,71,-15,15
48052,58,73,-15,15
48053,95,95,0,0
48054,113,104,9,9
48055,80,88,-8,8
48056,105,98,7,7
48057,56,60,-4,4
48058,79,86,-7,7
48059,77,86,-9,9
48060,90,87,3,3
48061,68,81,-13,13
48062,65,74,-9,9
48063,95,98,-3,3
48064,51,64,-13,13
48065,99,93,6,6
48066,81,78,3,3
48067,116,101,15,15
48068,72,76,-4,4
48069,55,70,-15,15
48070,144,134,10,10
48071,74,80,-6,6
48072,135,134,1,1
48073,60,70,-10,10
48074,76,84,-8,8
48075,144,117,27,27
48076,141,117,24,24
48077,80,71,9,9
48078,74,83,-9,9
48079,83,84,-1,1
48080,76,75,1,1
48081,100,96,4,4
48082,97,94,3,3
48083,141,118,23,23
48084,109,104,5,5
48085,87,108,-21,21
48086,104,101,3,3
48087,69,74,-5,5
48088,60,73,-13,13
48089,71,77,-6,6
48090,64,69,-5,5
48091,69,80,-11,11
48092,92,91,1,1
48093,93,92,1,1
48094,88,85,3,3
48095,11,37,-26,26
48096,132,115,17,17
48097,62,75,-13,13
48098,73,91,-18,18
48099,110,100,10,10
48100,84,89,-5,5
48101,63,63,0,0
48102,110,109,1,1
48103,61,66,-5,5
48104,81,91,-10,10
48105,107,106,1,1
48106,161,144,17,17
48107,66,67,-1,1
48108,59,74,-15,15
48109,115,120,-5,5
48110,113,105,8,8
48111,125,122,3,3
48112,104,100,4,4
48113,90,90,0,0
48114,84,85,-1,1
48115,101,103,-2,2
48116,151,135,16,16
48117,127,117,10,10
48118,102,96,6,6
48119,85,91,-6,6
48120,64,74,-10,10
48121,114,108,6,6
48122,104,97,7,7
48123,99,100,-1,1
48124,60,70,-10,10
48125,102,106,-4,4
48126,125,118,7,7
48127,109,120,-11,11
48128,106,99,7,7
48129,91,92,-1,1
48130,54,73,-19,19
48131,86,100,-14,14
48132,108,114,-6,6
48133,61,71,-10,10
48134,63,82,-19,19
48135,112,107,5,5
48136,35,47,-12,12
48137,86,84,2,2
48138,79,85,-6,6
48139,112,106,6,6
48140,180,175,5,5
48141,94,86,8,8
48142,125,117,8,8
48143,82,81,1,1
48144,94,98,-4,4
48145,83,79,4,4
48146,93,98,-5,5
48147,89,90,-1,1
48148,63,70,-7,7
48149,120,118,2,2
48150,91,82,9,9
48151,102,125,-23,23
48152,70,80,-10,10
48153,66,68,-2,2
48154,73,76,-3,3
48155,122,104,18,18
48156,50,64,-14,14
48157,65,74,-9,9
48158,146,138,8,8
48159,72,80,-8,8
48160,109,98,11,11
48161,67,78,-11,11
48162,138,125,13,13
48163,78,80,-2,2
48164,143,139,4,4
48165,82,83,-1,1
48166,147,150,-3,3
48167,115,110,5,5
48168,107,107,0,0
48169,60,72,-12,12
48170,95,86,9,9
48171,95,96,-1,1
48172,39,59,-20,20
48173,75,85,-10,10
48174,61,69,-8,8
48175,194,201,-7,7
48176,67,79,-12,12
48177,104,97,7,7
48178,79,84,-5,5
48179,57,75,-18,18
48180,45,58,-13,13
48181,66,76,-10,10
48182,70,75,-5,5
48183,61,81,-20,20
48184,93,93,0,0
48185,104,102,2,2
48186,122,131,-9,9
48187,64,71,-7,7
48188,68,76,-8,8
48189,132,125,7,7
48190,55,64,-9,9
48191,117,110,7,7
48192,89,85,4,4
48193,83,91,-8,8
48194,94,109,-15,15
48195,59,63,-4,4
48196,149,138,11,11
48197,77,85,-8,8
48198,92,95,-3,3
48199,84,80,4,4
48200,71,73,-2,2
48201,75,75,0,0
48202,123,116,7,7
48203,108,109,-1,1
48204,90,94,-4,4
48205,99,86,13,13
48206,38,54,-16,16
48207,59,71,-12,12
48208,104,100,4,4
48209,114,122,-8,8
48210,83,89,-6,6
48211,182,157,25,25
48212,89,106,-17,17
48213,77,72,5,5
48214,146,131,15,15
48215,74,78,-4,4
48216,73,73,0,0
48217,71,75,-4,4
48218,70,69,1,1
48219,139,140,-1,1
48220,75,69,6,6
48221,110,124,-14,14
48222,106,105,1,1
48223,150,145,5,5
48224,132,124,8,8
48225,108,96,12,12
48226,56,66,-10,10
48227,133,127,6,6
48228,123,107,16,16
48229,58,60,-2,2
48230,73,79,-6,6
48231,118,108,10,10
48232,83,84,-1,1
48233,66,70,-4,4
48234,83,85,-2,2
48235,89,89,0,0
48236,87,97,-10,10
48237,95,92,3,3
48238,57,70,-13,13
48239,124,120,4,4
48240,136,131,5,5
48241,102,100,2,2
48242,123,120,3,3
48243,53,62,-9,9
48244,59,72,-13,13
48245,150,133,17,17
48246,140,124,16,16
48247,88,86,2,2
48248,140,127,13,13
48249,86,87,-1,1
48250,106,99,7,7
48251,127,134,-7,7
48252,88,83,5,5
48253,99,106,-7,7
48254,83,84,-1,1
48255,81,85,-4,4
48256,151,131,20,20
48257,144,143,1,1
48258,55,62,-7,7
48259,66,68,-2,2
48260,103,99,4,4
48261,100,97,3,3
48262,76,74,2,2
48263,115,109,6,6
48264,135,125,10,10
48265,128,113,15,15
48266,163,146,17,17
48267,81,81,0,0
48268,88,87,1,1
48269,86,114,-28,28
48270,147,133,14,14
48271,179,163,16,16
48272,98,94,4,4
48273,91,87,4,4
48274,145,135,10,10
48275,53,65,-12,12
48276,122,120,2,2
48277,79,79,0,0
48278,118,127,-9,9
48279,100,86,14,14
48280,76,75,1,1
48281,148,143,5,5
48282,55,44,11,11
48283,80,83,-3,3
48284,129,134,-5,5
48285,52,67,-15,15
48286,108,104,4,4
48287,71,73,-2,2
48288,49,55,-6,6
48289,111,102,9,9
48290,97,89,8,8
48291,106,98,8,8
48292,31,46,-15,15
48293,62,64,-2,2
48294,140,151,-11,11
48295,102,94,8,8
48296,68,66,2,2
48297,66,73,-7,7
48298,98,98,0,0
48299,29,39,-10,10
48300,162,151,11,11
48301,68,76,-8,8
48302,39,54,-15,15
48303,61,69,-8,8
48304,126,125,1,1
48305,82,74,8,8
48306,95,88,7,7
48307,86,91,-5,5
48308,91,92,-1,1
48309,68,84,-16,16
48310,70,77,-7,7
48311,56,58,-2,2
48312,113,110,3,3
48313,83,78,5,5
48314,185,166,19,19
48315,133,124,9,9
48316,98,96,2,2
48317,47,64,-17,17
48318,86,83,3,3
48319,115,103,12,12
48320,121,113,8,8
48321,130,130,0,0
48322,116,108,8,8
48323,55,59,-4,4
48324,88,88,0,0
48325,158,155,3,3
48326,208,202,6,6
48327,104,97,7,7
48328,109,105,4,4
48329,94,100,-6,6
48330,49,65,-16,16
48331,66,76,-10,10
48332,135,150,-15,15
48333,112,102,10,10
48334,75,74,1,1
48335,99,96,3,3
48336,98,100,-2,2
48337,77,86,-9,9
48338,108,99,9,9
48339,81,81,0,0
48340,99,104,-5,5
48341,113,93,20,20
48342,68,78,-10,10
48343,111,109,2,2
48344,57,69,-12,12
48345,141,122,19,19
48346,96,96,0,0
48347,57,70,-13,13
48348,86,86,0,0
48349,64,83,-19,19
48350,58,62,-4,4
48351,68,76,-8,8
48352,79,81,-2,2
48353,128,121,7,7
48354,133,121,12,12
48355,129,135,-6,6
48356,98,91,7,7
48357,126,109,17,17
48358,68,75,-7,7
48359,98,93,5,5
48360,76,67,9,9
48361,151,131,20,20
48362,143,142,1,1
48363,81,88,-7,7
48364,154,137,17,17
48365,99,99,0,0
48366,58,70,-12,12
48367,40,55,-15,15
48368,101,104,-3,3
48369,88,84,4,4
48370,102,96,6,6
48371,82,79,3,3
48372,80,80,0,0
48373,77,80,-3,3
48374,91,88,3,3
48375,133,129,4,4
48376,160,139,21,21
48377,137,133,4,4
48378,110,101,9,9
48379,78,78,0,0
48380,83,83,0,0
48381,68,82,-14,14
48382,85,91,-6,6
48383,90,87,3,3
48384,51,64,-13,13
48385,95,96,-1,1
48386,133,118,15,15
48387,63,72,-9,9
48388,64,70,-6,6
48389,64,67,-3,3
48390,128,127,1,1
48391,94,97,-3,3
48392,87,87,0,0
48393,49,66,-17,17
48394,66,66,0,0
48395,53,64,-11,11
48396,99,99,0,0
48397,55,67,-12,12
48398,166,154,12,12
48399,179,162,17,17
48400,100,96,4,4
48401,97,94,3,3
48402,139,122,17,17
48403,59,68,-9,9
48404,175,160,15,15
48405,123,124,-1,1
48406,72,78,-6,6
48407,77,87,-10,10
48408,86,82,4,4
48409,52,64,-12,12
48410,122,131,-9,9
48411,83,84,-1,1
48412,109,115,-6,6
48413,123,111,12,12
48414,72,79,-7,7
48415,86,83,3,3
48416,97,105,-8,8
48417,98,90,8,8
48418,98,87,11,11
48419,72,72,0,0
48420,160,141,19,19
48421,61,64,-3,3
48422,91,91,0,0
48423,65,68,-3,3
48424,145,133,12,12
48425,60,67,-7,7
48426,125,115,10,10
48427,57,67,-10,10
48428,117,107,10,10
48429,104,100,4,4
48430,141,130,11,11
48431,65,70,-5,5
48432,78,78,0,0
48433,74,78,-4,4
48434,82,83,-1,1
48435,83,85,-2,2
48436,79,84,-5,5
48437,79,84,-5,5
48438,73,75,-2,2
48439,154,131,23,23
48440,89,90,-1,1
48441,83,88,-5,5
48442,79,80,-1,1
48443,167,147,20,20
48444,103,117,-14,14
48445,89,88,1,1
48446,199,175,24,24
48447,63,77,-14,14
48448,67,67,0,0
48449,152,158,-6,6
48450,98,101,-3,3
48451,78,82,-4,4
48452,78,81,-3,3
48453,119,121,-2,2
48454,93,98,-5,5
48455,121,120,1,1
48456,105,94,11,11
48457,184,134,50,50
48458,60,70,-10,10
48459,167,142,25,25
48460,51,65,-14,14
48461,114,116,-2,2
48462,59,64,-5,5
48463,98,102,-4,4
48464,62,72,-10,10
48465,74,68,6,6
48466,87,85,2,2
48467,84,81,3,3
48468,63,71,-8,8
48469,103,95,8,8
48470,133,116,17,17
48471,125,107,18,18
48472,137,132,5,5
48473,82,76,6,6
48474,145,136,9,9
48475,111,110,1,1
48476,117,110,7,7
48477,61,66,-5,5
48478,107,109,-2,2
48479,127,122,5,5
48480,50,57,-7,7
48481,75,77,-2,2
48482,173,160,13,13
48483,162,142,20,20
48484,72,84,-12,12
48485,104,102,2,2
48486,84,81,3,3
48487,84,81,3,3
48488,99,98,1,1
48489,109,105,4,4
48490,125,125,0,0
48491,100,100,0,0
48492,108,111,-3,3
48493,118,119,-1,1
48494,70,80,-10,10
48495,67,62,5,5
48496,39,51,-12,12
48497,87,88,-1,1
48498,71,86,-15,15
48499,65,73,-8,8
48500,185,164,21,21
48501,89,86,3,3
48502,94,89,5,5
48503,68,72,-4,4
48504,66,68,-2,2
48505,126,116,10,10
48506,99,102,-3,3
48507,100,96,4,4
48508,85,80,5,5
48509,38,56,-18,18
48510,170,158,12,12
48511,109,97,12,12
48512,90,84,6,6
48513,58,66,-8,8
48514,52,65,-13,13
48515,162,169,-7,7
48516,60,67,-7,7
48517,99,97,2,2
48518,80,80,0,0
48519,82,94,-12,12
48520,112,107,5,5
48521,81,79,2,2
48522,112,122,-10,10
48523,160,147,13,13
48524,44,59,-15,15
48525,60,68,-8,8
48526,87,80,7,7
48527,66,66,0,0
48528,54,62,-8,8
48529,158,137,21,21
48530,125,121,4,4
48531,61,71,-10,10
48532,179,155,24,24
48533,174,142,32,32
48534,86,102,-16,16
48535,86,95,-9,9
48536,79,98,-19,19
48537,60,66,-6,6
48538,78,81,-3,3
48539,128,128,0,0
48540,111,104,7,7
48541,98,97,1,1
48542,142,118,24,24
48543,65,70,-5,5
48544,142,119,23,23
48545,176,166,10,10
48546,88,85,3,3
48547,165,156,9,9
48548,85,93,-8,8
48549,85,83,2,2
48550,88,87,1,1
48551,97,101,-4,4
48552,125,118,7,7
48553,99,92,7,7
48554,83,81,2,2
48555,97,92,5,5
48556,96,97,-1,1
48557,62,70,-8,8
48558,99,108,-9,9
48559,57,69,-12,12
48560,77,84,-7,7
48561,77,83,-6,6
48562,104,125,-21,21
48563,114,103,11,11
48564,94,88,6,6
48565,67,85,-18,18
48566,112,101,11,11
48567,128,116,12,12
48568,93,95,-2,2
48569,115,121,-6,6
48570,63,68,-5,5
48571,67,80,-13,13
48572,136,134,2,2
48573,96,104,-8,8
48574,97,104,-7,7
48575,97,105,-8,8
48576,100,95,5,5
48577,60,66,-6,6
48578,155,166,-11,11
48579,80,92,-12,12
48580,92,102,-10,10
48581,130,120,10,10
48582,139,124,15,15
48583,121,119,2,2
48584,58,71,-13,13
48585,73,78,-5,5
48586,98,97,1,1
48587,95,99,-4,4
48588,126,113,13,13
48589,112,102,10,10
48590,82,86,-4,4
48591,105,97,8,8
48592,68,82,-14,14
48593,67,83,-16,16
48594,121,120,1,1
48595,164,140,24,24
48596,107,109,-2,2
48597,110,102,8,8
48598,125,124,1,1
48599,71,74,-3,3
48600,77,85,-8,8
48601,97,94,3,3
48602,114,120,-6,6
48603,140,134,6,6
48604,57,70,-13,13
48605,99,96,3,3
48606,99,93,6,6
48607,52,55,-3,3
48608,83,80,3,3
48609,173,215,-42,42
48610,94,98,-4,4
48611,47,62,-15,15
48612,58,70,-12,12
48613,61,74,-13,13
48614,82,96,-14,14
48615,53,73,-20,20
48616,53,62,-9,9
48617,77,81,-4,4
48618,88,97,-9,9
48619,74,79,-5,5
48620,74,76,-2,2
48621,150,136,14,14
48622,135,136,-1,1
48623,176,168,8,8
48624,53,66,-13,13
48625,140,130,10,10
48626,106,109,-3,3
48627,189,164,25,25
48628,104,112,-8,8
48629,71,85,-14,14
48630,66,70,-4,4
48631,82,86,-4,4
48632,111,118,-7,7
48633,114,115,-1,1
48634,140,136,4,4
48635,95,99,-4,4
48636,152,141,11,11
48637,101,107,-6,6
48638,67,68,-1,1
48639,47,68,-21,21
48640,73,84,-11,11
48641,84,101,-17,17
48642,92,88,4,4
48643,157,151,6,6
48644,128,127,1,1
48645,96,105,-9,9
48646,91,88,3,3
48647,92,88,4,4
48648,132,121,11,11
48649,170,160,10,10
48650,103,90,13,13
48651,46,59,-13,13
48652,123,108,15,15
48653,91,82,9,9
48654,111,108,3,3
48655,144,143,1,1
48656,73,79,-6,6
48657,116,105,11,11
48658,137,135,2,2
48659,131,118,13,13
48660,37,53,-16,16
48661,84,87,-3,3
48662,91,86,5,5
48663,175,168,7,7
48664,137,131,6,6
48665,91,86,5,5
48666,41,60,-19,19
48667,88,82,6,6
48668,86,85,1,1
48669,67,72,-5,5
48670,181,159,22,22
48671,108,103,5,5
48672,51,57,-6,6
48673,145,131,14,14
48674,87,87,0,0
48675,42,53,-11,11
48676,92,91,1,1
48677,196,172,24,24
48678,43,56,-13,13
48679,108,110,-2,2
48680,131,116,15,15
48681,105,106,-1,1
48682,77,83,-6,6
48683,80,83,-3,3
48684,144,132,12,12
48685,120,130,-10,10
48686,70,76,-6,6
48687,62,71,-9,9
48688,40,53,-13,13
48689,80,78,2,2
48690,93,85,8,8
48691,41,59,-18,18
48692,90,97,-7,7
48693,82,81,1,1
48694,85,87,-2,2
48695,103,97,6,6
48696,119,114,5,5
48697,65,73,-8,8
48698,85,82,3,3
48699,114,104,10,10
48700,95,93,2,2
48701,39,50,-11,11
48702,89,86,3,3
48703,116,113,3,3
48704,133,133,0,0
48705,76,79,-3,3
48706,146,123,23,23
48707,55,69,-14,14
48708,170,162,8,8
48709,76,78,-2,2
48710,89,92,-3,3
48711,76,97,-21,21
48712,107,97,10,10
48713,69,72,-3,3
48714,94,100,-6,6
48715,106,103,3,3
48716,91,78,13,13
48717,158,159,-1,1
48718,110,109,1,1
48719,69,76,-7,7
48720,90,86,4,4
48721,99,94,5,5
48722,74,75,-1,1
48723,94,97,-3,3
48724,70,72,-2,2
48725,81,93,-12,12
48726,136,140,-4,4
48727,89,92,-3,3
48728,113,114,-1,1
48729,110,100,10,10
48730,137,136,1,1
48731,100,99,1,1
48732,114,106,8,8
48733,122,104,18,18
48734,27,41,-14,14
48735,105,107,-2,2
48736,65,78,-13,13
48737,120,126,-6,6
48738,68,76,-8,8
48739,158,145,13,13
48740,76,82,-6,6
48741,123,117,6,6
48742,71,69,2,2
48743,86,91,-5,5
48744,68,81,-13,13
48745,118,111,7,7
48746,36,51,-15,15
48747,26,42,-16,16
48748,55,64,-9,9
48749,87,91,-4,4
48750,117,108,9,9
48751,36,54,-18,18
48752,112,103,9,9
48753,73,72,1,1
48754,93,90,3,3
48755,122,111,11,11
48756,117,116,1,1
48757,116,125,-9,9
48758,95,92,3,3
48759,51,60,-9,9
48760,81,82,-1,1
48761,88,79,9,9
48762,62,70,-8,8
48763,84,74,10,10
48764,69,78,-9,9
48765,62,73,-11,11
48766,101,102,-1,1
48767,112,108,4,4
48768,182,157,25,25
48769,51,67,-16,16
48770,89,87,2,2
48771,123,122,1,1
48772,91,91,0,0
48773,67,77,-10,10
48774,150,133,17,17
48775,61,71,-10,10
48776,107,103,4,4
48777,53,65,-12,12
48778,79,84,-5,5
48779,143,152,-9,9
48780,115,117,-2,2
48781,66,75,-9,9
48782,104,99,5,5
48783,154,155,-1,1
48784,96,88,8,8
48785,165,162,3,3
48786,124,121,3,3
48787,108,100,8,8
48788,106,107,-1,1
48789,124,125,-1,1
48790,91,99,-8,8
48791,98,115,-17,17
48792,74,82,-8,8
48793,146,145,1,1
48794,136,134,2,2
48795,96,108,-12,12
48796,117,113,4,4
48797,113,105,8,8
48798,118,106,12,12
48799,151,132,19,19
48800,157,150,7,7
48801,98,86,12,12
48802,136,130,6,6
48803,119,130,-11,11
48804,66,70,-4,4
48805,144,131,13,13
48806,118,115,3,3
48807,186,163,23,23
48808,91,91,0,0
48809,99,96,3,3
48810,78,84,-6,6
48811,81,87,-6,6
48812,77,85,-8,8
48813,51,64,-13,13
48814,81,86,-5,5
48815,110,107,3,3
48816,83,84,-1,1
48817,75,87,-12,12
48818,73,77,-4,4
48819,113,111,2,2
48820,84,81,3,3
48821,94,96,-2,2
48822,77,91,-14,14
48823,101,97,4,4
48824,100,93,7,7
48825,68,69,-1,1
48826,65,75,-10,10
48827,159,156,3,3
48828,66,83,-17,17
48829,149,124,25,25
48830,81,99,-18,18
48831,56,62,-6,6
48832,149,160,-11,11
48833,56,62,-6,6
48834,110,104,6,6
48835,61,69,-8,8
48836,57,61,-4,4
48837,107,108,-1,1
48838,58,68,-10,10
48839,106,105,1,1
48840,145,125,20,20
48841,70,78,-8,8
48842,115,114,1,1
48843,106,84,22,22
48844,144,130,14,14
48845,129,111,18,18
48846,127,119,8,8
48847,223,189,34,34
48848,147,145,2,2
48849,95,90,5,5
48850,34,47,-13,13
48851,66,67,-1,1
48852,88,89,-1,1
48853,91,86,5,5
48854,90,84,6,6
48855,131,129,2,2
48856,61,71,-10,10
48857,66,68,-2,2
48858,125,130,-5,5
48859,69,71,-2,2
48860,73,83,-10,10
48861,87,87,0,0
48862,89,87,2,2
48863,69,78,-9,9
48864,114,108,6,6
48865,64,70,-6,6
48866,146,136,10,10
48867,93,97,-4,4
48868,54,69,-15,15
48869,171,172,-1,1
48870,63,73,-10,10
48871,70,83,-13,13
48872,61,68,-7,7
48873,75,74,1,1
48874,158,138,20,20
48875,65,79,-14,14
48876,93,95,-2,2
48877,97,89,8,8
48878,126,118,8,8
48879,122,118,4,4
48880,128,135,-7,7
48881,109,106,3,3
48882,90,85,5,5
48883,167,160,7,7
48884,79,76,3,3
48885,56,66,-10,10
48886,117,109,8,8
48887,80,80,0,0
48888,48,60,-12,12
48889,72,78,-6,6
48890,69,74,-5,5
48891,105,104,1,1
48892,103,99,4,4
48893,94,96,-2,2
48894,91,84,7,7
48895,117,109,8,8
48896,168,159,9,9
48897,60,67,-7,7
48898,93,101,-8,8
48899,110,101,9,9
48900,61,66,-5,5
48901,133,126,7,7
48902,124,105,19,19
48903,131,125,6,6
48904,81,83,-2,2
48905,78,77,1,1
48906,117,108,9,9
48907,116,110,6,6
48908,75,83,-8,8
48909,50,65,-15,15
48910,76,74,2,2
48911,120,114,6,6
48912,96,95,1,1
48913,99,119,-20,20
48914,163,148,15,15
48915,136,122,14,14
48916,150,134,16,16
48917,87,96,-9,9
48918,116,111,5,5
48919,127,120,7,7
48920,73,75,-2,2
48921,110,114,-4,4
48922,65,71,-6,6
48923,74,78,-4,4
48924,98,96,2,2
48925,74,76,-2,2
48926,105,101,4,4
48927,92,96,-4,4
48928,80,84,-4,4
48929,111,108,3,3
48930,93,92,1,1
48931,69,73,-4,4
48932,76,81,-5,5
48933,59,65,-6,6
48934,127,121,6,6
48935,45,64,-19,19
48936,100,83,17,17
48937,111,108,3,3
48938,165,197,-32,32
48939,161,169,-8,8
48940,108,110,-2,2
48941,85,73,12,12
48942,131,134,-3,3
48943,28,47,-19,19
48944,92,86,6,6
48945,55,63,-8,8
48946,134,121,13,13
48947,112,102,10,10
48948,123,109,14,14
48949,137,132,5,5
48950,72,84,-12,12
48951,116,106,10,10
48952,136,125,11,11
48953,122,116,6,6
48954,120,116,4,4
48955,85,80,5,5
48956,98,103,-5,5
48957,108,126,-18,18
48958,95,97,-2,2
48959,71,73,-2,2
48960,160,135,25,25
48961,112,118,-6,6
48962,98,101,-3,3
48963,72,74,-2,2
48964,102,100,2,2
48965,95,87,8,8
48966,130,118,12,12
48967,96,96,0,0
48968,123,113,10,10
48969,100,104,-4,4
48970,172,164,8,8
48971,55,64,-9,9
48972,60,78,-18,18
48973,101,103,-2,2
48974,90,100,-10,10
48975,76,86,-10,10
48976,80,81,-1,1
48977,100,108,-8,8
48978,61,70,-9,9
48979,75,75,0,0
48980,81,99,-18,18
48981,121,113,8,8
48982,81,85,-4,4
48983,139,135,4,4
48984,86,79,7,7
48985,94,94,0,0
48986,121,117,4,4
48987,83,79,4,4
48988,127,122,5,5
48989,49,69,-20,20
48990,83,92,-9,9
48991,76,76,0,0
48992,113,107,6,6
48993,73,76,-3,3
48994,85,87,-2,2
48995,97,97,0,0
48996,82,82,0,0
48997,103,99,4,4
48998,68,73,-5,5
48999,65,73,-8,8
49000,46,64,-18,18
49001,108,98,10,10
49002,96,102,-6,6
49003,133,125,8,8
49004,97,96,1,1
49005,62,64,-2,2
49006,95,98,-3,3
49007,132,116,16,16
49008,164,147,17,17
49009,62,69,-7,7
49010,81,84,-3,3
49011,91,95,-4,4
49012,73,76,-3,3
49013,73,79,-6,6
49014,105,109,-4,4
49015,75,80,-5,5
49016,73,68,5,5
49017,94,101,-7,7
49018,112,115,-3,3
49019,107,96,11,11
49020,79,79,0,0
49021,128,126,2,2
49022,100,96,4,4
49023,68,74,-6,6
49024,84,78,6,6
49025,115,133,-18,18
49026,68,74,-6,6
49027,50,62,-12,12
49028,80,85,-5,5
49029,71,78,-7,7
49030,115,114,1,1
49031,103,112,-9,9
49032,112,108,4,4
49033,95,88,7,7
49034,132,130,2,2
49035,108,110,-2,2
49036,89,99,-10,10
49037,96,89,7,7
49038,110,107,3,3
49039,103,150,-47,47
49040,113,97,16,16
49041,72,84,-12,12
49042,85,91,-6,6
49043,106,107,-1,1
49044,101,99,2,2
49045,117,129,-12,12
49046,67,80,-13,13
49047,82,85,-3,3
49048,61,71,-10,10
49049,64,68,-4,4
49050,86,87,-1,1
49051,89,90,-1,1
49052,49,60,-11,11
49053,136,116,20,20
49054,137,136,1,1
49055,79,73,6,6
49056,127,112,15,15
49057,130,120,10,10
49058,119,125,-6,6
49059,83,78,5,5
49060,98,99,-1,1
49061,124,117,7,7
49062,72,87,-15,15
49063,114,120,-6,6
49064,144,134,10,10
49065,117,103,14,14
49066,68,73,-5,5
49067,41,55,-14,14
49068,88,93,-5,5
49069,156,145,11,11
49070,85,86,-1,1
49071,99,99,0,0
49072,71,87,-16,16
49073,152,135,17,17
49074,86,83,3,3
49075,95,88,7,7
49076,100,97,3,3
49077,99,98,1,1
49078,137,117,20,20
49079,78,72,6,6
49080,142,130,12,12
49081,80,93,-13,13
49082,70,74,-4,4
49083,112,106,6,6
49084,116,114,2,2
49085,76,83,-7,7
49086,128,118,10,10
49087,101,97,4,4
49088,111,108,3,3
49089,71,74,-3,3
49090,129,124,5,5
49091,170,155,15,15
49092,136,117,19,19
49093,105,97,8,8
49094,117,109,8,8
49095,102,97,5,5
49096,77,83,-6,6
49097,103,108,-5,5
49098,53,62,-9,9
49099,94,99,-5,5
49100,73,71,2,2
49101,65,70,-5,5
49102,107,122,-15,15
49103,78,87,-9,9
49104,83,82,1,1
49105,117,114,3,3
49106,33,46,-13,13
49107,97,97,0,0
49108,119,117,2,2
49109,74,75,-1,1
49110,96,94,2,2
49111,113,112,1,1
49112,68,83,-15,15
49113,78,79,-1,1
49114,123,101,22,22
49115,121,125,-4,4
49116,74,75,-1,1
49117,100,90,10,10
49118,71,77,-6,6
49119,46,60,-14,14
49120,90,93,-3,3
49121,63,79,-16,16
49122,94,106,-12,12
49123,83,85,-2,2
49124,86,90,-4,4
49125,116,120,-4,4
49126,107,99,8,8
49127,111,117,-6,6
49128,211,177,34,34
49129,71,73,-2,2
49130,57,71,-14,14
49131,135,128,7,7
49132,111,106,5,5
49133,97,92,5,5
49134,139,132,7,7
49135,96,96,0,0
49136,91,88,3,3
49137,131,128,3,3
49138,134,128,6,6
49139,81,83,-2,2
49140,123,112,11,11
49141,122,125,-3,3
49142,149,141,8,8
49143,122,112,10,10
49144,114,108,6,6
49145,112,99,13,13
49146,110,100,10,10
49147,111,114,-3,3
49148,50,61,-11,11
49149,52,62,-10,10
49150,119,126,-7,7
49151,67,73,-6,6
49152,135,129,6,6
49153,81,76,5,5
49154,122,104,18,18
49155,130,129,1,1
49156,60,70,-10,10
49157,108,114,-6,6
49158,97,100,-3,3
49159,50,63,-13,13
49160,77,75,2,2
49161,106,100,6,6
49162,100,102,-2,2
49163,70,78,-8,8
49164,99,99,0,0
49165,108,108,0,0
49166,138,125,13,13
49167,132,130,2,2
49168,73,82,-9,9
49169,73,83,-10,10
49170,111,101,10,10
49171,101,98,3,3
49172,123,118,5,5
49173,80,118,-38,38
49174,56,56,0,0
49175,101,92,9,9
49176,119,116,3,3
49177,125,137,-12,12
49178,107,106,1,1
49179,141,137,4,4
49180,110,122,-12,12
49181,91,86,5,5
49182,67,73,-6,6
49183,91,96,-5,5
49184,62,69,-7,7
49185,66,67,-1,1
49186,51,73,-22,22
49187,26,44,-18,18
49188,112,112,0,0
49189,85,82,3,3
49190,173,155,18,18
49191,65,67,-2,2
49192,71,79,-8,8
49193,48,49,-1,1
49194,113,118,-5,5
49195,111,109,2,2
49196,76,83,-7,7
49197,72,78,-6,6
49198,104,97,7,7
49199,113,108,5,5
49200,80,82,-2,2
49201,129,129,0,0
49202,80,80,0,0
49203,99,99,0,0
49204,98,101,-3,3
49205,186,173,13,13
49206,84,86,-2,2
49207,46,58,-12,12
49208,81,95,-14,14
49209,62,67,-5,5
49210,85,84,1,1
49211,63,65,-2,2
49212,114,120,-6,6
49213,91,87,4,4
49214,100,112,-12,12
49215,53,62,-9,9
49216,127,108,19,19
49217,93,86,7,7
49218,59,69,-10,10
49219,52,61,-9,9
49220,100,98,2,2
49221,73,81,-8,8
49222,110,110,0,0
49223,88,77,11,11
49224,87,88,-1,1
49225,53,63,-10,10
49226,96,96,0,0
49227,70,84,-14,14
49228,80,88,-8,8
49229,80,83,-3,3
49230,78,78,0,0
49231,45,55,-10,10
49232,97,97,0,0
49233,172,155,17,17
49234,92,93,-1,1
49235,72,75,-3,3
49236,125,132,-7,7
49237,72,77,-5,5
49238,156,147,9,9
49239,61,68,-7,7
49240,118,122,-4,4
49241,89,112,-23,23
49242,126,107,19,19
49243,121,105,16,16
49244,63,78,-15,15
49245,96,88,8,8
49246,123,110,13,13
49247,80,86,-6,6
49248,120,120,0,0
49249,75,81,-6,6
49250,128,120,8,8
49251,166,156,10,10
49252,129,120,9,9
49253,74,80,-6,6
49254,70,79,-9,9
49255,75,79,-4,4
49256,115,97,18,18
49257,109,107,2,2
49258,86,85,1,1
49259,90,95,-5,5
49260,95,89,6,6
49261,102,111,-9,9
49262,178,160,18,18
49263,140,127,13,13
49264,148,141,7,7
49265,75,82,-7,7
49266,94,85,9,9
49267,83,88,-5,5
49268,184,169,15,15
49269,98,88,10,10
49270,36,45,-9,9
49271,68,72,-4,4
49272,88,86,2,2
49273,71,73,-2,2
49274,80,79,1,1
49275,81,82,-1,1
49276,98,103,-5,5
49277,99,88,11,11
49278,41,62,-21,21
49279,51,64,-13,13
49280,161,150,11,11
49281,76,79,-3,3
49282,103,98,5,5
49283,86,83,3,3
49284,111,102,9,9
49285,132,117,15,15
49286,91,85,6,6
49287,114,102,12,12
49288,106,97,9,9
49289,140,134,6,6
49290,54,61,-7,7
49291,231,202,29,29
49292,74,78,-4,4
49293,59,65,-6,6
49294,149,130,19,19
49295,98,91,7,7
49296,96,95,1,1
49297,98,102,-4,4
49298,29,46,-17,17
49299,80,79,1,1
49300,115,105,10,10
49301,75,74,1,1
49302,93,95,-2,2
49303,86,84,2,2
49304,67,66,1,1
49305,56,63,-7,7
49306,120,116,4,4
49307,188,165,23,23
49308,31,53,-22,22
49309,51,68,-17,17
49310,55,65,-10,10
49311,81,85,-4,4
49312,75,81,-6,6
49313,63,72,-9,9
49314,85,84,1,1
49315,32,46,-14,14
49316,83,90,-7,7
49317,86,95,-9,9
49318,122,103,19,19
49319,46,59,-13,13
49320,122,109,13,13
49321,101,100,1,1
49322,55,74,-19,19
49323,80,89,-9,9
49324,106,106,0,0
49325,79,92,-13,13
49326,143,143,0,0
49327,124,124,0,0
49328,128,122,6,6
49329,88,92,-4,4
49330,98,100,-2,2
49331,207,185,22,22
49332,133,118,15,15
49333,46,58,-12,12
49334,115,120,-5,5
49335,75,68,7,7
49336,93,89,4,4
49337,99,102,-3,3
49338,107,106,1,1
49339,99,95,4,4
49340,78,80,-2,2
49341,104,92,12,12
49342,112,112,0,0
49343,75,80,-5,5
49344,84,87,-3,3
49345,87,98,-11,11
49346,83,83,0,0
49347,151,138,13,13
49348,23,54,-31,31
49349,168,154,14,14
49350,62,73,-11,11
49351,65,69,-4,4
49352,68,75,-7,7
49353,110,111,-1,1
49354,159,141,18,18
49355,44,59,-15,15
49356,144,134,10,10
49357,71,74,-3,3
49358,71,73,-2,2
49359,131,108,23,23
49360,148,101,47,47
49361,116,112,4,4
49362,117,102,15,15
49363,116,132,-16,16
49364,95,91,4,4
49365,59,76,-17,17
49366,41,54,-13,13
49367,80,88,-8,8
49368,66,74,-8,8
49369,98,88,10,10
49370,186,176,10,10
49371,109,102,7,7
49372,97,120,-23,23
49373,74,71,3,3
49374,113,108,5,5
49375,61,64,-3,3
49376,108,105,3,3
49377,123,114,9,9
49378,78,83,-5,5
49379,57,68,-11,11
49380,42,55,-13,13
49381,118,122,-4,4
49382,59,64,-5,5
49383,96,102,-6,6
49384,69,75,-6,6
49385,94,84,10,10
49386,84,97,-13,13
49387,182,179,3,3
49388,44,57,-13,13
49389,74,86,-12,12
49390,84,78,6,6
49391,173,154,19,19
49392,73,82,-9,9
49393,67,72,-5,5
49394,84,89,-5,5
49395,106,102,4,4
49396,80,84,-4,4
49397,79,92,-13,13
49398,61,64,-3,3
49399,73,83,-10,10
49400,50,60,-10,10
49401,94,96,-2,2
49402,86,93,-7,7
49403,71,74,-3,3
49404,60,74,-14,14
49405,126,122,4,4
49406,60,64,-4,4
49407,65,67,-2,2
49408,83,83,0,0
49409,47,54,-7,7
49410,234,191,43,43
49411,101,87,14,14
49412,111,103,8,8
49413,65,67,-2,2
49414,50,63,-13,13
49415,63,76,-13,13
49416,121,119,2,2
49417,63,58,5,5
49418,105,97,8,8
49419,51,68,-17,17
49420,85,79,6,6
49421,154,133,21,21
49422,130,115,15,15
49423,95,96,-1,1
49424,55,62,-7,7
49425,95,97,-2,2
49426,154,142,12,12
49427,109,105,4,4
49428,57,69,-12,12
49429,109,102,7,7
49430,125,110,15,15
49431,85,81,4,4
49432,76,73,3,3
49433,66,83,-17,17
49434,89,84,5,5
49435,64,68,-4,4
49436,46,64,-18,18
49437,79,83,-4,4
49438,114,112,2,2
49439,73,74,-1,1
49440,130,128,2,2
49441,78,77,1,1
49442,62,73,-11,11
49443,49,59,-10,10
49444,65,76,-11,11
49445,66,72,-6,6
49446,72,79,-7,7
49447,81,83,-2,2
49448,131,127,4,4
49449,113,111,2,2
49450,103,100,3,3
49451,60,67,-7,7
49452,61,67,-6,6
49453,62,67,-5,5
49454,79,78,1,1
49455,111,123,-12,12
49456,108,102,6,6
49457,124,102,22,22
49458,93,107,-14,14
49459,121,121,0,0
49460,49,59,-10,10
49461,72,79,-7,7
49462,86,77,9,9
49463,64,70,-6,6
49464,95,84,11,11
49465,108,109,-1,1
49466,148,138,10,10
49467,71,70,1,1
49468,85,101,-16,16
49469,72,80,-8,8
49470,107,104,3,3
49471,121,106,15,15
49472,119,126,-7,7
49473,81,103,-22,22
49474,94,95,-1,1
49475,147,117,30,30
49476,101,100,1,1
49477,106,109,-3,3
49478,59,70,-11,11
49479,70,74,-4,4
49480,52,61,-9,9
49481,89,82,7,7
49482,128,123,5,5
49483,111,115,-4,4
49484,146,137,9,9
49485,49,58,-9,9
49486,110,103,7,7
49487,119,107,12,12
49488,96,99,-3,3
49489,119,113,6,6
49490,140,130,10,10
49491,124,117,7,7
49492,90,85,5,5
49493,68,75,-7,7
49494,92,99,-7,7
49495,163,148,15,15
49496,77,76,1,1
49497,103,97,6,6
49498,126,105,21,21
49499,70,80,-10,10
49500,127,115,12,12
49501,76,83,-7,7
49502,138,133,5,5
49503,88,92,-4,4
49504,58,82,-24,24
49505,68,70,-2,2
49506,146,142,4,4
49507,139,134,5,5
49508,71,82,-11,11
49509,143,130,13,13
49510,123,103,20,20
49511,55,65,-10,10
49512,93,96,-3,3
49513,74,83,-9,9
49514,122,117,5,5
49515,79,84,-5,5
49516,75,78,-3,3
49517,72,84,-12,12
49518,122,117,5,5
49519,82,83,-1,1
49520,66,72,-6,6
49521,67,75,-8,8
49522,62,71,-9,9
49523,108,98,10,10
49524,82,86,-4,4
49525,93,96,-3,3
49526,57,65,-8,8
49527,73,79,-6,6
49528,116,100,16,16
49529,97,87,10,10
49530,107,104,3,3
49531,69,74,-5,5
49532,118,110,8,8
49533,112,107,5,5
49534,75,82,-7,7
49535,128,129,-1,1
49536,96,99,-3,3
49537,81,85,-4,4
49538,149,134,15,15
49539,65,75,-10,10
49540,28,40,-12,12
49541,92,91,1,1
49542,82,76,6,6
49543,65,81,-16,16
49544,130,124,6,6
49545,85,85,0,0
49546,105,107,-2,2
49547,119,120,-1,1
49548,124,109,15,15
49549,89,87,2,2
49550,52,58,-6,6
49551,95,90,5,5
49552,111,122,-11,11
49553,110,96,14,14
49554,104,102,2,2
49555,107,112,-5,5
49556,79,82,-3,3
49557,98,89,9,9
49558,113,115,-2,2
49559,59,67,-8,8
49560,86,80,6,6
49561,40,55,-15,15
49562,59,66,-7,7
49563,108,104,4,4
49564,49,65,-16,16
49565,86,78,8,8
49566,84,81,3,3
49567,93,94,-1,1
49568,74,79,-5,5
49569,73,75,-2,2
49570,89,94,-5,5
49571,83,89,-6,6
49572,94,101,-7,7
49573,103,96,7,7
49574,117,124,-7,7
49575,162,150,12,12
49576,72,86,-14,14
49577,107,113,-6,6
49578,122,114,8,8
49579,108,106,2,2
49580,96,84,12,12
49581,98,95,3,3
49582,111,114,-3,3
49583,51,61,-10,10
49584,70,82,-12,12
49585,64,71,-7,7
49586,47,52,-5,5
49587,45,59,-14,14
49588,69,92,-23,23
49589,91,87,4,4
49590,77,71,6,6
49591,83,81,2,2
49592,73,74,-1,1
49593,70,76,-6,6
49594,228,181,47,47
49595,50,61,-11,11
49596,69,73,-4,4
49597,88,86,2,2
49598,76,80,-4,4
49599,80,77,3,3
49600,73,78,-5,5
49601,86,87,-1,1
49602,103,123,-20,20
49603,135,125,10,10
49604,75,84,-9,9
49605,78,84,-6,6
49606,114,96,18,18
49607,112,112,0,0
49608,66,77,-11,11
49609,94,87,7,7
49610,86,81,5,5
49611,86,83,3,3
49612,115,120,-5,5
49613,81,79,2,2
49614,96,103,-7,7
49615,100,102,-2,2
49616,137,132,5,5
49617,71,73,-2,2
49618,77,77,0,0
49619,102,98,4,4
49620,83,88,-5,5
49621,87,87,0,0
49622,123,107,16,16
49623,65,75,-10,10
49624,59,71,-12,12
49625,98,96,2,2
49626,127,130,-3,3
49627,141,122,19,19
49628,55,63,-8,8
49629,63,72,-9,9
49630,102,97,5,5
49631,63,75,-12,12
49632,108,97,11,11
49633,105,101,4,4
49634,57,57,0,0
49635,64,60,4,4
49636,83,84,-1,1
49637,97,96,1,1
49638,97,98,-1,1
49639,84,96,-12,12
49640,117,112,5,5
49641,99,93,6,6
49642,106,106,0,0
49643,101,101,0,0
49644,91,84,7,7
49645,131,116,15,15
49646,162,156,6,6
49647,81,83,-2,2
49648,56,66,-10,10
49649,120,105,15,15
49650,103,95,8,8
49651,43,53,-10,10
49652,59,68,-9,9
49653,90,86,4,4
49654,116,108,8,8
49655,55,60,-5,5
49656,97,94,3,3
49657,99,92,7,7
49658,52,63,-11,11
49659,32,51,-19,19
49660,91,99,-8,8
49661,92,95,-3,3
49662,52,63,-11,11
49663,159,142,17,17
49664,144,124,20,20
49665,115,109,6,6
49666,44,58,-14,14
49667,114,116,-2,2
49668,183,165,18,18
49669,94,91,3,3
49670,82,97,-15,15
49671,85,77,8,8
49672,71,70,1,1
49673,151,140,11,11
49674,98,95,3,3
49675,116,114,2,2
49676,108,100,8,8
49677,85,85,0,0
49678,96,105,-9,9
49679,94,102,-8,8
49680,59,68,-9,9
49681,81,81,0,0
49682,125,123,2,2
49683,64,75,-11,11
49684,106,98,8,8
49685,89,88,1,1
49686,91,85,6,6
49687,72,69,3,3
49688,69,80,-11,11
49689,94,82,12,12
49690,133,123,10,10
49691,115,111,4,4
49692,92,86,6,6
49693,171,148,23,23
49694,108,101,7,7
49695,102,100,2,2
49696,133,135,-2,2
49697,89,82,7,7
49698,93,89,4,4
49699,39,59,-20,20
49700,119,108,11,11
49701,116,114,2,2
49702,71,69,2,2
49703,121,123,-2,2
49704,109,105,4,4
49705,121,105,16,16
49706,87,90,-3,3
49707,73,85,-12,12
49708,103,94,9,9
49709,50,59,-9,9
49710,53,63,-10,10
49711,94,96,-2,2
49712,143,146,-3,3
49713,68,71,-3,3
49714,148,130,18,18
49715,54,60,-6,6
49716,121,108,13,13
49717,116,113,3,3
49718,91,99,-8,8
49719,74,75,-1,1
49720,68,71,-3,3
49721,129,125,4,4
49722,69,68,1,1
49723,43,58,-15,15
49724,125,120,5,5
49725,101,107,-6,6
49726,188,162,26,26
49727,135,119,16,16
49728,57,68,-11,11
49729,96,99,-3,3
49730,68,70,-2,2
49731,154,135,19,19
49732,101,103,-2,2
49733,48,64,-16,16
49734,62,77,-15,15
49735,182,167,15,15
49736,83,79,4,4
49737,52,64,-12,12
49738,97,84,13,13
49739,108,107,1,1
49740,90,104,-14,14
49741,88,85,3,3
49742,109,108,1,1
49743,84,96,-12,12
49744,93,104,-11,11
49745,87,84,3,3
49746,75,78,-3,3
49747,77,83,-6,6
49748,159,138,21,21
49749,56,65,-9,9
49750,135,115,20,20
49751,42,55,-13,13
49752,42,51,-9,9
49753,82,95,-13,13
49754,106,112,-6,6
49755,98,104,-6,6
49756,59,70,-11,11
49757,158,135,23,23
49758,109,112,-3,3
49759,93,92,1,1
49760,174,160,14,14
49761,91,94,-3,3
49762,138,116,22,22
49763,104,96,8,8
49764,92,95,-3,3
49765,67,76,-9,9
49766,87,93,-6,6
49767,135,122,13,13
49768,102,95,7,7
49769,164,149,15,15
49770,67,76,-9,9
49771,106,91,15,15
49772,88,95,-7,7
49773,109,109,0,0
49774,97,86,11,11
49775,49,63,-14,14
49776,124,115,9,9
49777,64,68,-4,4
49778,160,143,17,17
49779,108,105,3,3
49780,71,75,-4,4
49781,108,99,9,9
49782,87,86,1,1
49783,181,162,19,19
49784,100,95,5,5
49785,52,60,-8,8
49786,128,123,5,5
49787,84,83,1,1
49788,123,107,16,16
49789,131,128,3,3
49790,113,116,-3,3
49791,127,125,2,2
49792,85,91,-6,6
49793,71,77,-6,6
49794,108,105,3,3
49795,74,73,1,1
49796,160,146,14,14
49797,72,83,-11,11
49798,75,78,-3,3
49799,122,124,-2,2
49800,85,85,0,0
49801,74,83,-9,9
49802,44,78,-34,34
49803,110,122,-12,12
49804,64,75,-11,11
49805,40,62,-22,22
49806,124,110,14,14
49807,88,90,-2,2
49808,123,117,6,6
49809,122,122,0,0
49810,122,119,3,3
49811,104,96,8,8
49812,100,105,-5,5
49813,83,82,1,1
49814,50,63,-13,13
49815,93,93,0,0
49816,91,86,5,5
49817,78,84,-6,6
49818,121,113,8,8
49819,90,87,3,3
49820,53,63,-10,10
49821,112,100,12,12
49822,82,83,-1,1
49823,167,155,12,12
49824,97,94,3,3
49825,63,71,-8,8
49826,112,109,3,3
49827,102,86,16,16
49828,78,81,-3,3
49829,124,121,3,3
49830,60,66,-6,6
49831,59,64,-5,5
49832,55,69,-14,14
49833,154,141,13,13
49834,86,86,0,0
49835,102,97,5,5
49836,70,75,-5,5
49837,47,59,-12,12
49838,79,68,11,11
49839,62,68,-6,6
49840,114,131,-17,17
49841,117,103,14,14
49842,60,67,-7,7
49843,86,80,6,6
49844,152,146,6,6
49845,168,161,7,7
49846,124,126,-2,2
49847,60,68,-8,8
49848,125,110,15,15
49849,62,72,-10,10
49850,88,92,-4,4
49851,66,70,-4,4
49852,175,156,19,19
49853,88,90,-2,2
49854,45,65,-20,20
49855,74,76,-2,2
49856,135,126,9,9
49857,106,99,7,7
49858,130,111,19,19
49859,79,86,-7,7
49860,81,82,-1,1
49861,65,77,-12,12
49862,107,95,12,12
49863,97,90,7,7
49864,76,86,-10,10
49865,116,102,14,14
49866,59,66,-7,7
49867,54,70,-16,16
49868,98,98,0,0
49869,128,140,-12,12
49870,106,100,6,6
49871,78,82,-4,4
49872,131,129,2,2
49873,69,73,-4,4
49874,153,153,0,0
49875,71,79,-8,8
49876,67,76,-9,9
49877,107,100,7,7
49878,75,101,-26,26
49879,87,88,-1,1
49880,94,85,9,9
49881,90,99,-9,9
49882,74,80,-6,6
49883,135,130,5,5
49884,134,124,10,10
49885,151,135,16,16
49886,92,98,-6,6
49887,92,97,-5,5
49888,80,83,-3,3
49889,91,93,-2,2
49890,89,94,-5,5
49891,86,82,4,4
49892,76,81,-5,5
49893,107,102,5,5
49894,140,108,32,32
49895,85,100,-15,15
49896,85,85,0,0
49897,69,67,2,2
49898,96,93,3,3
49899,62,64,-2,2
49900,79,81,-2,2
49901,138,115,23,23
49902,115,101,14,14
49903,106,100,6,6
49904,93,88,5,5
49905,122,115,7,7
49906,106,96,10,10
49907,90,89,1,1
49908,88,81,7,7
49909,72,74,-2,2
49910,84,93,-9,9
49911,138,132,6,6
49912,92,96,-4,4
49913,95,96,-1,1
49914,86,84,2,2
49915,73,72,1,1
49916,70,84,-14,14
49917,61,69,-8,8
49918,161,146,15,15
49919,89,86,3,3
49920,130,123,7,7
49921,99,75,24,24
49922,79,82,-3,3
49923,47,67,-20,20
49924,75,87,-12,12
49925,69,74,-5,5
49926,78,82,-4,4
49927,45,57,-12,12
49928,67,81,-14,14
49929,99,103,-4,4
49930,92,101,-9,9
49931,116,112,4,4
49932,132,117,15,15
49933,88,94,-6,6
49934,94,98,-4,4
49935,112,117,-5,5
49936,40,61,-21,21
49937,58,67,-9,9
49938,88,82,6,6
49939,85,85,0,0
49940,86,57,29,29
49941,145,139,6,6
49942,105,97,8,8
49943,99,91,8,8
49944,62,68,-6,6
49945,95,96,-1,1
49946,90,82,8,8
49947,57,57,0,0
49948,104,102,2,2
49949,70,75,-5,5
49950,103,95,8,8
49951,102,94,8,8
49952,56,62,-6,6
49953,67,75,-8,8
49954,65,73,-8,8
49955,65,78,-13,13
49956,100,121,-21,21
49957,77,86,-9,9
49958,140,123,17,17
49959,86,80,6,6
49960,123,121,2,2
49961,33,80,-47,47
49962,102,95,7,7
49963,116,106,10,10
49964,63,73,-10,10
49965,79,86,-7,7
49966,160,145,15,15
49967,60,66,-6,6
49968,65,67,-2,2
49969,84,85,-1,1
49970,67,73,-6,6
49971,90,93,-3,3
49972,70,82,-12,12
49973,68,76,-8,8
49974,104,114,-10,10
49975,87,86,1,1
49976,124,106,18,18
49977,128,124,4,4
49978,166,160,6,6
49979,72,78,-6,6
49980,54,63,-9,9
49981,111,100,11,11
49982,93,88,5,5
49983,107,100,7,7
49984,137,130,7,7
49985,89,84,5,5
49986,68,68,0,0
49987,52,61,-9,9
49988,75,87,-12,12
49989,79,80,-1,1
49990,48,65,-17,17
49991,75,74,1,1
49992,85,82,3,3
49993,78,84,-6,6
49994,101,97,4,4
49995,173,147,26,26
49996,90,84,6,6
49997,55,60,-5,5
49998,98,99,-1,1
49999,131,113,18,18
50000,149,131,18,18
50001,90,91,-1,1
50002,51,58,-7,7
50003,68,73,-5,5
50004,111,99,12,12
50005,77,83,-6,6
50006,150,140,10,10
50007,123,113,10,10
50008,42,59,-17,17
50009,111,102,9,9
50010,73,77,-4,4
50011,77,81,-4,4
50012,74,96,-22,22
50013,145,124,21,21
50014,77,74,3,3
50015,102,101,1,1
50016,79,82,-3,3
50017,65,72,-7,7
50018,64,71,-7,7
50019,54,58,-4,4
50020,127,117,10,10
50021,126,130,-4,4
50022,83,84,-1,1
50023,108,99,9,9
50024,103,99,4,4
50025,132,131,1,1
50026,141,124,17,17
50027,132,125,7,7
50028,71,77,-6,6
50029,111,106,5,5
50030,133,122,11,11
50031,102,99,3,3
50032,57,63,-6,6
50033,92,101,-9,9
50034,120,108,12,12
50035,85,83,2,2
50036,86,96,-10,10
50037,79,78,1,1
50038,69,78,-9,9
50039,63,60,3,3
50040,118,120,-2,2
50041,132,116,16,16
50042,72,79,-7,7
50043,98,107,-9,9
50044,110,104,6,6
50045,105,105,0,0
50046,67,73,-6,6
50047,92,96,-4,4
50048,118,127,-9,9
50049,134,114,20,20
50050,70,71,-1,1
50051,129,114,15,15
50052,67,71,-4,4
50053,36,37,-1,1
50054,137,142,-5,5
50055,40,59,-19,19
50056,89,91,-2,2
50057,89,89,0,0
50058,83,84,-1,1
50059,70,89,-19,19
50060,125,120,5,5
50061,113,104,9,9
50062,64,71,-7,7
50063,101,93,8,8
50064,92,86,6,6
50065,118,108,10,10
50066,70,77,-7,7
50067,87,114,-27,27
50068,112,107,5,5
50069,195,185,10,10
50070,122,119,3,3
50071,59,66,-7,7
50072,155,139,16,16
50073,131,120,11,11
50074,143,116,27,27
50075,117,102,15,15
50076,120,115,5,5
50077,113,103,10,10
50078,102,97,5,5
50079,131,116,15,15
50080,105,97,8,8
50081,87,91,-4,4
50082,66,72,-6,6
50083,122,131,-9,9
50084,116,98,18,18
50085,104,98,6,6
50086,51,64,-13,13
50087,90,92,-2,2
50088,87,87,0,0
50089,93,100,-7,7
50090,61,75,-14,14
50091,106,106,0,0
50092,47,59,-12,12
50093,80,80,0,0
50094,74,76,-2,2
50095,50,62,-12,12
50096,167,155,12,12
50097,56,61,-5,5
50098,110,117,-7,7
50099,160,120,40,40
50100,105,103,2,2
50101,63,68,-5,5
50102,97,95,2,2
50103,98,97,1,1
50104,108,104,4,4
50105,105,103,2,2
50106,119,104,15,15
50107,144,129,15,15
50108,65,70,-5,5
50109,112,105,7,7
50110,113,103,10,10
50111,98,102,-4,4
50112,83,79,4,4
50113,170,155,15,15
50114,88,91,-3,3
50115,109,101,8,8
50116,92,90,2,2
50117,121,120,1,1
50118,58,57,1,1
50119,96,122,-26,26
50120,108,102,6,6
50121,150,142,8,8
50122,78,81,-3,3
50123,43,55,-12,12
50124,49,65,-16,16
50125,173,150,23,23
50126,100,95,5,5
50127,104,96,8,8
50128,76,92,-16,16
50129,108,103,5,5
50130,148,135,13,13
50131,74,79,-5,5
50132,72,72,0,0
50133,78,75,3,3
50134,108,106,2,2
50135,92,95,-3,3
50136,94,99,-5,5
50137,104,103,1,1
50138,102,105,-3,3
50139,70,72,-2,2
50140,88,84,4,4
50141,104,108,-4,4
50142,115,97,18,18
50143,87,82,5,5
50144,110,106,4,4
50145,70,76,-6,6
50146,78,81,-3,3
50147,80,84,-4,4
50148,56,64,-8,8
50149,125,118,7,7
50150,79,81,-2,2
50151,90,84,6,6
50152,134,131,3,3
50153,123,116,7,7
50154,116,99,17,17
50155,79,82,-3,3
50156,100,112,-12,12
50157,55,66,-11,11
50158,86,85,1,1
50159,125,128,-3,3
50160,68,74,-6,6
50161,73,80,-7,7
50162,103,96,7,7
50163,172,171,1,1
50164,18,35,-17,17
50165,80,84,-4,4
50166,64,70,-6,6
50167,90,89,1,1
50168,100,101,-1,1
50169,52,65,-13,13
50170,199,183,16,16
50171,90,96,-6,6
50172,80,96,-16,16
50173,138,139,-1,1
50174,64,75,-11,11
50175,101,96,5,5
50176,116,128,-12,12
50177,134,114,20,20
50178,113,106,7,7
50179,84,83,1,1
50180,55,75,-20,20
50181,194,176,18,18
50182,81,88,-7,7
50183,100,97,3,3
50184,97,98,-1,1
50185,64,69,-5,5
50186,55,65,-10,10
50187,68,78,-10,10
50188,103,104,-1,1
50189,102,88,14,14
50190,68,69,-1,1
50191,95,91,4,4
50192,74,81,-7,7
50193,77,68,9,9
50194,97,102,-5,5
50195,77,71,6,6
50196,124,113,11,11
50197,62,70,-8,8
50198,78,85,-7,7
50199,149,136,13,13
50200,53,70,-17,17
50201,80,90,-10,10
50202,82,88,-6,6
50203,69,73,-4,4
50204,80,90,-10,10
50205,45,55,-10,10
50206,66,72,-6,6
50207,46,64,-18,18
50208,82,87,-5,5
50209,45,58,-13,13
50210,105,99,6,6
50211,109,97,12,12
50212,89,88,1,1
50213,69,74,-5,5
50214,132,107,25,25
50215,106,105,1,1
50216,132,123,9,9
50217,141,137,4,4
50218,282,247,35,35
50219,151,159,-8,8
50220,93,88,5,5
50221,129,127,2,2
50222,82,91,-9,9
50223,72,79,-7,7
50224,86,85,1,1
50225,42,51,-9,9
50226,85,81,4,4
50227,105,92,13,13
50228,110,101,9,9
50229,50,62,-12,12
50230,88,98,-10,10
50231,98,87,11,11
50232,85,82,3,3
50233,122,125,-3,3
50234,122,141,-19,19
50235,124,114,10,10
50236,77,84,-7,7
50237,117,113,4,4
50238,98,109,-11,11
50239,90,87,3,3
50240,129,117,12,12
50241,88,97,-9,9
50242,73,79,-6,6
50243,77,83,-6,6
50244,139,142,-3,3
50245,96,93,3,3
50246,102,95,7,7
50247,87,94,-7,7
50248,70,74,-4,4
50249,159,148,11,11
50250,60,69,-9,9
50251,69,69,0,0
50252,113,109,4,4
50253,156,142,14,14
50254,118,107,11,11
50255,53,62,-9,9
50256,104,106,-2,2
50257,83,78,5,5
50258,67,68,-1,1
50259,95,104,-9,9
50260,103,99,4,4
50261,132,141,-9,9
50262,115,103,12,12
50263,89,94,-5,5
50264,107,98,9,9
50265,99,101,-2,2
50266,97,98,-1,1
50267,54,65,-11,11
50268,101,99,2,2
50269,97,88,9,9
50270,81,88,-7,7
50271,150,154,-4,4
50272,76,101,-25,25
50273,87,92,-5,5
50274,101,116,-15,15
50275,51,63,-12,12
50276,99,99,0,0
50277,76,79,-3,3
50278,170,154,16,16
50279,129,105,24,24
50280,73,81,-8,8
50281,172,172,0,0
50282,142,133,9,9
50283,104,101,3,3
50284,125,115,10,10
50285,51,63,-12,12
50286,127,124,3,3
50287,150,135,15,15
50288,71,81,-10,10
50289,129,132,-3,3
50290,92,98,-6,6
50291,83,81,2,2
50292,82,86,-4,4
50293,143,148,-5,5
50294,105,99,6,6
50295,60,69,-9,9
50296,79,84,-5,5
50297,26,46,-20,20
50298,131,115,16,16
50299,90,86,4,4
50300,72,77,-5,5
50301,62,70,-8,8
50302,76,73,3,3
50303,138,132,6,6
50304,81,89,-8,8
50305,108,99,9,9
50306,88,97,-9,9
50307,115,117,-2,2
50308,123,113,10,10
50309,89,96,-7,7
50310,123,120,3,3
50311,104,98,6,6
50312,67,68,-1,1
50313,82,89,-7,7
50314,68,72,-4,4
50315,72,72,0,0
50316,92,93,-1,1
50317,60,67,-7,7
50318,76,93,-17,17
50319,91,96,-5,5
50320,95,87,8,8
50321,101,101,0,0
50322,96,97,-1,1
50323,122,114,8,8
50324,139,135,4,4
50325,141,113,28,28
50326,89,84,5,5
50327,103,113,-10,10
50328,51,67,-16,16
50329,75,84,-9,9
50330,107,119,-12,12
50331,64,73,-9,9
50332,54,62,-8,8
50333,90,86,4,4
50334,75,84,-9,9
50335,136,123,13,13
50336,99,105,-6,6
50337,128,134,-6,6
50338,125,103,22,22
50339,131,114,17,17
50340,61,60,1,1
50341,60,67,-7,7
50342,70,84,-14,14
50343,136,134,2,2
50344,91,82,9,9
50345,74,76,-2,2
50346,63,73,-10,10
50347,113,100,13,13
50348,78,70,8,8
50349,208,183,25,25
50350,153,144,9,9
50351,154,149,5,5
50352,92,91,1,1
50353,61,67,-6,6
50354,88,93,-5,5
50355,53,73,-20,20
50356,60,66,-6,6
50357,101,95,6,6
50358,108,103,5,5
50359,70,70,0,0
50360,73,75,-2,2
50361,86,87,-1,1
50362,63,70,-7,7
50363,105,104,1,1
50364,72,69,3,3
50365,145,128,17,17
50366,71,76,-5,5
50367,148,133,15,15
50368,68,78,-10,10
50369,158,140,18,18
50370,176,164,12,12
50371,98,82,16,16
50372,151,140,11,11
50373,72,91,-19,19
50374,48,60,-12,12
50375,77,80,-3,3
50376,65,72,-7,7
50377,107,105,2,2
50378,93,88,5,5
50379,103,108,-5,5
50380,95,89,6,6
50381,45,61,-16,16
50382,148,139,9,9
50383,130,124,6,6
50384,123,112,11,11
50385,91,94,-3,3
50386,127,147,-20,20
50387,66,78,-12,12
50388,71,73,-2,2
50389,133,123,10,10
50390,111,114,-3,3
50391,92,101,-9,9
50392,72,74,-2,2
50393,70,74,-4,4
50394,158,148,10,10
50395,56,63,-7,7
50396,63,72,-9,9
50397,73,76,-3,3
50398,170,151,19,19
50399,118,120,-2,2
50400,83,90,-7,7
50401,59,71,-12,12
50402,95,82,13,13
50403,79,68,11,11
50404,79,78,1,1
50405,103,118,-15,15
50406,127,119,8,8
50407,93,97,-4,4
50408,82,84,-2,2
50409,48,58,-10,10
50410,90,93,-3,3
50411,76,71,5,5
50412,91,95,-4,4
50413,43,58,-15,15
50414,66,74,-8,8
50415,55,64,-9,9
50416,93,95,-2,2
50417,102,96,6,6
50418,56,65,-9,9
50419,91,89,2,2
50420,126,124,2,2
50421,78,86,-8,8
50422,81,81,0,0
50423,103,100,3,3
50424,114,106,8,8
50425,103,101,2,2
50426,137,136,1,1
50427,111,104,7,7
50428,71,75,-4,4
50429,99,86,13,13
50430,118,111,7,7
50431,145,132,13,13
50432,83,82,1,1
50433,59,64,-5,5
50434,79,83,-4,4
50435,60,65,-5,5
50436,59,64,-5,5
50437,109,108,1,1
50438,74,82,-8,8
50439,125,129,-4,4
50440,112,101,11,11
50441,74,79,-5,5
50442,149,139,10,10
50443,79,87,-8,8
50444,76,77,-1,1
50445,124,113,11,11
50446,62,70,-8,8
50447,59,80,-21,21
50448,190,173,17,17
50449,62,81,-19,19
50450,105,115,-10,10
50451,97,83,14,14
50452,128,124,4,4
50453,113,108,5,5
50454,98,91,7,7
50455,37,54,-17,17
50456,136,132,4,4
50457,79,91,-12,12
50458,47,64,-17,17
50459,98,86,12,12
50460,101,102,-1,1
50461,87,88,-1,1
50462,49,65,-16,16
50463,88,78,10,10
50464,92,88,4,4
50465,128,122,6,6
50466,111,102,9,9
50467,106,100,6,6
50468,57,70,-13,13
50469,95,101,-6,6
50470,60,64,-4,4
50471,131,116,15,15
50472,88,83,5,5
50473,83,85,-2,2
50474,109,101,8,8
50475,114,113,1,1
50476,84,87,-3,3
50477,85,86,-1,1
50478,86,88,-2,2
50479,76,80,-4,4
50480,112,98,14,14
50481,106,110,-4,4
50482,56,63,-7,7
50483,120,120,0,0
50484,53,67,-14,14
50485,32,60,-28,28
50486,184,176,8,8
50487,82,77,5,5
50488,66,73,-7,7
50489,67,80,-13,13
50490,123,120,3,3
50491,123,116,7,7
50492,146,123,23,23
50493,74,80,-6,6
50494,113,102,11,11
50495,102,106,-4,4
50496,143,127,16,16
50497,88,85,3,3
50498,136,126,10,10
50499,149,149,0,0
50500,165,158,7,7
50501,59,67,-8,8
50502,87,85,2,2
50503,85,83,2,2
50504,54,66,-12,12
50505,48,53,-5,5
50506,73,72,1,1
50507,74,74,0,0
50508,125,128,-3,3
50509,71,70,1,1
50510,36,53,-17,17
50511,127,108,19,19
50512,71,72,-1,1
50513,92,90,2,2
50514,55,63,-8,8
50515,62,62,0,0
50516,76,71,5,5
50517,64,68,-4,4
50518,129,123,6,6
50519,147,136,11,11
50520,69,77,-8,8
50521,76,76,0,0
50522,86,87,-1,1
50523,66,62,4,4
50524,76,78,-2,2
50525,74,83,-9,9
50526,54,64,-10,10
50527,109,109,0,0
50528,141,131,10,10
50529,55,68,-13,13
50530,121,103,18,18
50531,79,85,-6,6
50532,80,78,2,2
50533,156,153,3,3
50534,44,56,-12,12
50535,114,102,12,12
50536,105,100,5,5
50537,73,78,-5,5
50538,84,85,-1,1
50539,176,160,16,16
50540,62,66,-4,4
50541,121,112,9,9
50542,114,116,-2,2
50543,87,94,-7,7
50544,77,84,-7,7
50545,64,69,-5,5
50546,165,151,14,14
50547,139,144,-5,5
50548,121,113,8,8
50549,97,96,1,1
50550,193,162,31,31
50551,125,126,-1,1
50552,76,98,-22,22
50553,54,61,-7,7
50554,134,135,-1,1
50555,72,78,-6,6
50556,96,92,4,4
50557,37,48,-11,11
50558,125,113,12,12
50559,87,83,4,4
50560,33,56,-23,23
50561,71,74,-3,3
50562,53,64,-11,11
50563,59,69,-10,10
50564,110,100,10,10
50565,82,86,-4,4
50566,110,102,8,8
50567,64,66,-2,2
50568,65,72,-7,7
50569,134,122,12,12
50570,58,68,-10,10
50571,90,97,-7,7
50572,79,83,-4,4
50573,66,84,-18,18
50574,88,98,-10,10
50575,89,120,-31,31
50576,124,120,4,4
50577,111,103,8,8
50578,144,128,16,16
50579,131,129,2,2
50580,133,126,7,7
50581,104,101,3,3
50582,63,72,-9,9
50583,72,69,3,3
50584,76,77,-1,1
50585,59,62,-3,3
50586,110,99,11,11
50587,69,72,-3,3
50588,112,108,4,4
50589,41,62,-21,21
50590,135,127,8,8
50591,101,119,-18,18
50592,86,84,2,2
50593,116,119,-3,3
50594,88,87,1,1
50595,74,86,-12,12
50596,41,60,-19,19
50597,91,98,-7,7
50598,164,148,16,16
50599,58,61,-3,3
50600,203,168,35,35
50601,84,87,-3,3
50602,91,78,13,13
50603,98,99,-1,1
50604,123,124,-1,1
50605,63,62,1,1
50606,88,83,5,5
50607,92,99,-7,7
50608,117,112,5,5
50609,72,70,2,2
50610,69,73,-4,4
50611,77,78,-1,1
50612,77,79,-2,2
50613,73,74,-1,1
50614,94,93,1,1
50615,118,110,8,8
50616,98,96,2,2
50617,82,84,-2,2
50618,137,119,18,18
50619,84,96,-12,12
50620,113,107,6,6
50621,145,125,20,20
50622,67,73,-6,6
50623,101,101,0,0
50624,37,67,-30,30
50625,49,63,-14,14
50626,63,74,-11,11
50627,76,77,-1,1
50628,216,181,35,35
50629,138,137,1,1
50630,96,98,-2,2
50631,76,87,-11,11
50632,66,72,-6,6
50633,55,62,-7,7
50634,92,92,0,0
50635,83,89,-6,6
50636,107,119,-12,12
50637,124,112,12,12
50638,78,78,0,0
50639,149,143,6,6
50640,154,147,7,7
50641,67,69,-2,2
50642,82,83,-1,1
50643,99,102,-3,3
50644,107,106,1,1
50645,156,145,11,11
50646,174,189,-15,15
50647,103,98,5,5
50648,116,113,3,3
50649,44,49,-5,5
50650,108,105,3,3
50651,94,102,-8,8
50652,63,76,-13,13
50653,95,94,1,1
50654,57,66,-9,9
50655,72,78,-6,6
50656,72,74,-2,2
50657,101,101,0,0
50658,94,113,-19,19
50659,86,77,9,9
50660,157,143,14,14
50661,56,66,-10,10
50662,77,80,-3,3
50663,76,87,-11,11
50664,164,159,5,5
50665,68,79,-11,11
50666,65,75,-10,10
50667,124,122,2,2
50668,62,70,-8,8
50669,138,124,14,14
50670,146,136,10,10
50671,135,149,-14,14
50672,124,113,11,11
50673,105,99,6,6
50674,71,73,-2,2
50675,84,83,1,1
50676,84,79,5,5
50677,70,71,-1,1
50678,112,101,11,11
50679,127,123,4,4
50680,51,124,-73,73
50681,104,100,4,4
50682,96,103,-7,7
50683,97,85,12,12
50684,72,79,-7,7
50685,117,109,8,8
50686,115,125,-10,10
50687,76,83,-7,7
50688,98,100,-2,2
50689,70,80,-10,10
50690,97,99,-2,2
50691,131,140,-9,9
50692,50,62,-12,12
50693,68,74,-6,6
50694,64,66,-2,2
50695,103,102,1,1
50696,48,57,-9,9
50697,106,100,6,6
50698,80,84,-4,4
50699,131,127,4,4
50700,59,66,-7,7
50701,196,182,14,14
50702,143,145,-2,2
50703,74,73,1,1
50704,69,78,-9,9
50705,70,77,-7,7
50706,114,101,13,13
50707,70,73,-3,3
50708,42,59,-17,17
50709,112,118,-6,6
50710,79,79,0,0
50711,159,152,7,7
50712,121,104,17,17
50713,69,76,-7,7
50714,93,84,9,9
50715,90,90,0,0
50716,91,98,-7,7
50717,65,75,-10,10
50718,136,139,-3,3
50719,65,75,-10,10
50720,51,66,-15,15
50721,131,116,15,15
50722,81,85,-4,4
50723,60,115,-55,55
50724,99,94,5,5
50725,37,78,-41,41
50726,131,120,11,11
50727,164,140,24,24
50728,63,72,-9,9
50729,208,185,23,23
50730,40,59,-19,19
50731,94,103,-9,9
50732,114,112,2,2
50733,72,81,-9,9
50734,83,80,3,3
50735,65,74,-9,9
50736,124,127,-3,3
50737,45,60,-15,15
50738,78,79,-1,1
50739,139,126,13,13
50740,63,72,-9,9
50741,88,95,-7,7
50742,81,83,-2,2
50743,79,74,5,5
50744,106,101,5,5
50745,129,120,9,9
50746,107,107,0,0
50747,67,79,-12,12
50748,119,113,6,6
50749,96,101,-5,5
50750,96,87,9,9
50751,64,73,-9,9
50752,110,106,4,4
50753,122,124,-2,2
50754,159,156,3,3
50755,84,87,-3,3
50756,78,77,1,1
50757,186,182,4,4
50758,77,81,-4,4
50759,95,87,8,8
50760,78,81,-3,3
50761,84,104,-20,20
50762,115,105,10,10
50763,104,103,1,1
50764,84,79,5,5
50765,94,90,4,4
50766,103,94,9,9
50767,120,113,7,7
50768,80,87,-7,7
50769,63,64,-1,1
50770,113,118,-5,5
50771,82,90,-8,8
50772,111,108,3,3
50773,103,103,0,0
50774,122,116,6,6
50775,81,83,-2,2
50776,141,139,2,2
50777,122,118,4,4
50778,136,128,8,8
50779,67,75,-8,8
50780,91,104,-13,13
50781,86,89,-3,3
50782,97,93,4,4
50783,42,69,-27,27
50784,63,72,-9,9
50785,118,113,5,5
50786,81,89,-8,8
50787,62,64,-2,2
50788,55,69,-14,14
50789,89,95,-6,6
50790,71,77,-6,6
50791,57,69,-12,12
50792,83,88,-5,5
50793,153,141,12,12
50794,106,98,8,8
50795,122,107,15,15
50796,76,79,-3,3
50797,90,96,-6,6
50798,70,84,-14,14
50799,33,49,-16,16
50800,83,82,1,1
50801,50,63,-13,13
50802,118,111,7,7
50803,115,105,10,10
50804,45,52,-7,7
50805,58,66,-8,8
50806,38,56,-18,18
50807,97,102,-5,5
50808,39,59,-20,20
50809,28,48,-20,20
50810,117,114,3,3
50811,115,104,11,11
50812,121,113,8,8
50813,105,110,-5,5
50814,88,85,3,3
50815,64,79,-15,15
50816,85,86,-1,1
50817,103,91,12,12
50818,76,81,-5,5
50819,60,70,-10,10
50820,73,79,-6,6
50821,70,71,-1,1
50822,54,64,-10,10
50823,83,95,-12,12
50824,77,79,-2,2
50825,58,64,-6,6
50826,105,95,10,10
50827,145,138,7,7
50828,119,102,17,17
50829,100,97,3,3
50830,84,86,-2,2
50831,88,81,7,7
50832,90,86,4,4
50833,65,78,-13,13
50834,131,121,10,10
50835,76,90,-14,14
50836,166,166,0,0
50837,52,61,-9,9
50838,156,153,3,3
50839,139,146,-7,7
50840,80,81,-1,1
50841,73,79,-6,6
50842,94,94,0,0
50843,83,85,-2,2
50844,108,98,10,10
50845,71,75,-4,4
50846,98,103,-5,5
50847,94,93,1,1
50848,99,95,4,4
50849,29,45,-16,16
50850,85,83,2,2
50851,92,95,-3,3
50852,96,100,-4,4
50853,107,99,8,8
50854,31,58,-27,27
50855,80,73,7,7
50856,86,84,2,2
50857,147,133,14,14
50858,113,115,-2,2
50859,58,63,-5,5
50860,69,80,-11,11
50861,81,87,-6,6
50862,105,105,0,0
50863,146,125,21,21
50864,126,116,10,10
50865,72,76,-4,4
50866,110,101,9,9
50867,140,141,-1,1
50868,93,87,6,6
50869,88,87,1,1
50870,84,102,-18,18
50871,57,64,-7,7
50872,78,78,0,0
50873,76,75,1,1
50874,143,123,20,20
50875,108,137,-29,29
50876,45,64,-19,19
50877,87,94,-7,7
50878,77,81,-4,4
50879,96,114,-18,18
50880,84,83,1,1
50881,60,69,-9,9
50882,74,84,-10,10
50883,83,82,1,1
50884,69,70,-1,1
50885,58,61,-3,3
50886,73,76,-3,3
50887,81,87,-6,6
50888,106,103,3,3
50889,140,147,-7,7
50890,75,81,-6,6
50891,102,102,0,0
50892,137,113,24,24
50893,63,95,-32,32
50894,80,78,2,2
50895,65,75,-10,10
50896,151,137,14,14
50897,138,135,3,3
50898,104,97,7,7
50899,142,131,11,11
50900,77,87,-10,10
50901,102,101,1,1
50902,83,85,-2,2
50903,74,85,-11,11
50904,113,107,6,6
50905,115,106,9,9
50906,86,97,-11,11
50907,66,68,-2,2
50908,123,113,10,10
50909,173,160,13,13
50910,138,139,-1,1
50911,121,119,2,2
50912,187,178,9,9
50913,103,93,10,10
50914,93,147,-54,54
50915,134,124,10,10
50916,84,80,4,4
50917,140,129,11,11
50918,139,123,16,16
50919,112,119,-7,7
50920,81,83,-2,2
50921,48,55,-7,7
50922,111,105,6,6
50923,133,124,9,9
50924,158,145,13,13
50925,47,61,-14,14
50926,115,118,-3,3
50927,59,72,-13,13
50928,136,126,10,10
50929,86,95,-9,9
50930,89,96,-7,7
50931,104,105,-1,1
50932,88,92,-4,4
50933,68,74,-6,6
50934,105,97,8,8
50935,122,113,9,9
50936,93,86,7,7
50937,172,160,12,12
50938,77,84,-7,7
50939,141,130,11,11
50940,106,109,-3,3
50941,102,107,-5,5
50942,136,122,14,14
50943,83,80,3,3
50944,60,69,-9,9
50945,90,100,-10,10
50946,69,75,-6,6
50947,96,93,3,3
50948,101,100,1,1
50949,90,81,9,9
50950,95,99,-4,4
50951,80,93,-13,13
50952,91,94,-3,3
50953,125,115,10,10
50954,85,82,3,3
50955,129,125,4,4
50956,117,115,2,2
50957,77,81,-4,4
50958,82,90,-8,8
50959,135,126,9,9
50960,120,112,8,8
50961,89,79,10,10
50962,161,153,8,8
50963,70,78,-8,8
50964,60,70,-10,10
50965,172,157,15,15
50966,136,127,9,9
50967,86,82,4,4
50968,106,111,-5,5
50969,107,109,-2,2
50970,98,98,0,0
50971,120,142,-22,22
50972,158,149,9,9
50973,61,66,-5,5
50974,101,96,5,5
50975,94,93,1,1
50976,60,72,-12,12
50977,68,75,-7,7
50978,99,89,10,10
50979,56,62,-6,6
50980,110,101,9,9
50981,102,101,1,1
50982,83,86,-3,3
50983,92,94,-2,2
50984,77,77,0,0
50985,125,133,-8,8
50986,79,78,1,1
50987,67,71,-4,4
50988,113,108,5,5
50989,122,121,1,1
50990,131,123,8,8
50991,104,98,6,6
50992,89,104,-15,15
50993,92,95,-3,3
50994,217,144,73,73
50995,45,46,-1,1
50996,69,84,-15,15
50997,112,113,-1,1
50998,146,119,27,27
50999,95,97,-2,2
51000,91,96,-5,5
51001,70,78,-8,8
51002,75,86,-11,11
51003,95,96,-1,1
51004,112,96,16,16
51005,58,65,-7,7
51006,54,62,-8,8
51007,94,98,-4,4
51008,108,99,9,9
51009,89,92,-3,3
51010,90,93,-3,3
51011,129,121,8,8
51012,105,98,7,7
51013,94,91,3,3
51014,132,143,-11,11
51015,95,96,-1,1
51016,68,66,2,2
51017,97,89,8,8
51018,128,114,14,14
51019,116,116,0,0
51020,93,94,-1,1
51021,89,83,6,6
51022,176,173,3,3
51023,172,168,4,4
51024,54,62,-8,8
51025,60,72,-12,12
51026,39,57,-18,18
51027,96,85,11,11
51028,60,78,-18,18
51029,52,60,-8,8
51030,105,101,4,4
51031,137,134,3,3
51032,151,134,17,17
51033,108,117,-9,9
51034,100,96,4,4
51035,68,77,-9,9
51036,99,100,-1,1
51037,100,98,2,2
51038,112,102,10,10
51039,78,76,2,2
51040,110,107,3,3
51041,70,70,0,0
51042,122,114,8,8
51043,72,80,-8,8
51044,191,171,20,20
51045,106,105,1,1
51046,102,100,2,2
51047,130,115,15,15
51048,83,84,-1,1
51049,70,75,-5,5
51050,93,97,-4,4
51051,98,92,6,6
51052,72,74,-2,2
51053,121,107,14,14
51054,157,143,14,14
51055,72,80,-8,8
51056,88,86,2,2
51057,109,105,4,4
51058,129,115,14,14
51059,185,166,19,19
51060,82,93,-11,11
51061,45,51,-6,6
51062,47,63,-16,16
51063,75,84,-9,9
51064,107,98,9,9
51065,73,81,-8,8
51066,90,90,0,0
51067,69,76,-7,7
51068,100,105,-5,5
51069,87,80,7,7
51070,56,64,-8,8
51071,83,81,2,2
51072,140,139,1,1
51073,64,63,1,1
51074,97,94,3,3
51075,86,87,-1,1
51076,129,114,15,15
51077,119,107,12,12
51078,85,87,-2,2
51079,109,97,12,12
51080,92,92,0,0
51081,152,135,17,17
51082,74,81,-7,7
51083,147,183,-36,36
51084,117,112,5,5
51085,85,94,-9,9
51086,115,122,-7,7
51087,96,91,5,5
51088,109,106,3,3
51089,70,78,-8,8
51090,107,99,8,8
51091,71,83,-12,12
51092,80,84,-4,4
51093,117,108,9,9
51094,149,148,1,1
51095,74,76,-2,2
51096,100,96,4,4
51097,131,134,-3,3
51098,100,98,2,2
51099,72,73,-1,1
51100,92,105,-13,13
51101,68,70,-2,2
51102,71,80,-9,9
51103,60,63,-3,3
51104,74,80,-6,6
51105,114,110,4,4
51106,44,57,-13,13
51107,104,113,-9,9
51108,143,135,8,8
51109,159,141,18,18
51110,76,78,-2,2
51111,93,92,1,1
51112,91,94,-3,3
51113,91,95,-4,4
51114,188,165,23,23
51115,85,86,-1,1
51116,58,58,0,0
51117,115,107,8,8
51118,51,63,-12,12
51119,49,58,-9,9
51120,108,109,-1,1
51121,92,94,-2,2
51122,102,102,0,0
51123,113,108,5,5
51124,100,98,2,2
51125,80,77,3,3
51126,109,112,-3,3
51127,72,77,-5,5
51128,91,98,-7,7
51129,93,94,-1,1
51130,44,55,-11,11
51131,104,106,-2,2
51132,50,68,-18,18
51133,76,81,-5,5
51134,53,60,-7,7
51135,119,112,7,7
51136,105,94,11,11
51137,110,120,-10,10
51138,148,147,1,1
51139,105,95,10,10
51140,139,126,13,13
51141,97,87,10,10
51142,113,99,14,14
51143,85,84,1,1
51144,113,103,10,10
51145,60,67,-7,7
51146,66,68,-2,2
51147,115,106,9,9
51148,30,40,-10,10
51149,76,75,1,1
51150,73,82,-9,9
51151,72,83,-11,11
51152,141,131,10,10
51153,58,70,-12,12
51154,101,100,1,1
51155,80,75,5,5
51156,76,78,-2,2
51157,118,119,-1,1
51158,97,99,-2,2
51159,96,105,-9,9
51160,40,54,-14,14
51161,157,143,14,14
51162,125,117,8,8
51163,99,95,4,4
51164,66,72,-6,6
51165,117,112,5,5
51166,94,100,-6,6
51167,54,66,-12,12
51168,62,65,-3,3
51169,74,76,-2,2
51170,166,151,15,15
51171,142,139,3,3
51172,81,91,-10,10
51173,110,116,-6,6
51174,114,102,12,12
51175,96,98,-2,2
51176,54,63,-9,9
51177,97,99,-2,2
51178,86,101,-15,15
51179,67,77,-10,10
51180,65,70,-5,5
51181,89,97,-8,8
51182,86,92,-6,6
51183,71,79,-8,8
51184,146,140,6,6
51185,81,76,5,5
51186,108,101,7,7
51187,116,111,5,5
51188,90,96,-6,6
51189,108,98,10,10
51190,127,116,11,11
51191,60,70,-10,10
51192,66,67,-1,1
51193,180,161,19,19
51194,52,61,-9,9
51195,93,92,1,1
51196,127,123,4,4
51197,96,89,7,7
51198,110,97,13,13
51199,102,106,-4,4
51200,110,105,5,5
51201,72,72,0,0
51202,161,149,12,12
51203,89,84,5,5
51204,78,81,-3,3
51205,77,86,-9,9
51206,80,80,0,0
51207,78,81,-3,3
51208,135,118,17,17
51209,88,83,5,5
51210,102,86,16,16
51211,73,78,-5,5
51212,101,98,3,3
51213,84,82,2,2
51214,87,86,1,1
51215,79,87,-8,8
51216,84,87,-3,3
51217,140,134,6,6
51218,106,108,-2,2
51219,75,71,4,4
51220,94,95,-1,1
51221,79,87,-8,8
51222,93,90,3,3
51223,155,150,5,5
51224,97,100,-3,3
51225,109,119,-10,10
51226,115,103,12,12
51227,126,116,10,10
51228,90,95,-5,5
51229,72,79,-7,7
51230,63,65,-2,2
51231,105,100,5,5
51232,68,73,-5,5
51233,143,130,13,13
51234,116,112,4,4
51235,121,123,-2,2
51236,130,106,24,24
51237,75,77,-2,2
51238,70,81,-11,11
51239,109,97,12,12
51240,98,95,3,3
51241,106,91,15,15
51242,76,81,-5,5
51243,60,62,-2,2
51244,68,77,-9,9
51245,165,143,22,22
51246,90,105,-15,15
51247,178,158,20,20
51248,79,84,-5,5
51249,72,71,1,1
51250,87,84,3,3
51251,82,82,0,0
51252,57,67,-10,10
51253,110,109,1,1
51254,111,107,4,4
51255,70,84,-14,14
51256,112,112,0,0
51257,52,59,-7,7
51258,94,89,5,5
51259,97,98,-1,1
51260,66,70,-4,4
51261,67,77,-10,10
51262,66,75,-9,9
51263,107,104,3,3
51264,156,184,-28,28
51265,40,88,-48,48
51266,60,70,-10,10
51267,109,128,-19,19
51268,62,69,-7,7
51269,126,112,14,14
51270,96,100,-4,4
51271,106,93,13,13
51272,109,97,12,12
51273,77,81,-4,4
51274,70,72,-2,2
51275,75,97,-22,22
51276,194,180,14,14
51277,24,44,-20,20
51278,94,95,-1,1
51279,102,95,7,7
51280,126,117,9,9
51281,150,125,25,25
51282,126,123,3,3
51283,82,90,-8,8
51284,92,102,-10,10
51285,87,87,0,0
51286,122,127,-5,5
51287,129,127,2,2
51288,93,94,-1,1
51289,62,73,-11,11
51290,148,146,2,2
51291,73,78,-5,5
51292,114,102,12,12
51293,82,82,0,0
51294,99,101,-2,2
51295,181,162,19,19
51296,158,140,18,18
51297,100,99,1,1
51298,143,134,9,9
51299,118,114,4,4
51300,85,87,-2,2
51301,127,131,-4,4
51302,83,91,-8,8
51303,95,94,1,1
51304,63,64,-1,1
51305,76,78,-2,2
51306,111,117,-6,6
51307,69,78,-9,9
51308,100,92,8,8
51309,47,59,-12,12
51310,83,89,-6,6
51311,85,89,-4,4
51312,74,80,-6,6
51313,53,73,-20,20
51314,75,81,-6,6
51315,71,85,-14,14
51316,108,100,8,8
51317,71,79,-8,8
51318,121,115,6,6
51319,100,106,-6,6
51320,113,112,1,1
51321,86,82,4,4
51322,86,80,6,6
51323,115,108,7,7
51324,38,53,-15,15
51325,140,131,9,9
51326,119,117,2,2
51327,104,101,3,3
51328,135,115,20,20
51329,147,129,18,18
51330,116,107,9,9
51331,137,128,9,9
51332,86,89,-3,3
51333,96,95,1,1
51334,76,73,3,3
51335,64,68,-4,4
51336,57,65,-8,8
51337,90,101,-11,11
51338,56,78,-22,22
51339,84,96,-12,12
51340,109,100,9,9
51341,124,121,3,3
51342,138,120,18,18
51343,73,77,-4,4
51344,98,95,3,3
51345,93,84,9,9
51346,51,55,-4,4
51347,54,63,-9,9
51348,62,67,-5,5
51349,126,122,4,4
51350,85,84,1,1
51351,86,79,7,7
51352,67,69,-2,2
51353,80,84,-4,4
51354,55,66,-11,11
51355,115,108,7,7
51356,71,76,-5,5
51357,86,84,2,2
51358,120,112,8,8
51359,94,90,4,4
51360,71,77,-6,6
51361,106,116,-10,10
51362,101,95,6,6
51363,41,57,-16,16
51364,77,75,2,2
51365,130,118,12,12
51366,154,140,14,14
51367,102,91,11,11
51368,56,64,-8,8
51369,108,100,8,8
51370,74,80,-6,6
51371,33,101,-68,68
51372,109,103,6,6
51373,113,104,9,9
51374,115,109,6,6
51375,73,79,-6,6
51376,60,73,-13,13
51377,115,108,7,7
51378,85,92,-7,7
51379,121,106,15,15
51380,128,121,7,7
51381,76,87,-11,11
51382,158,151,7,7
51383,109,106,3,3
51384,47,59,-12,12
51385,76,75,1,1
51386,75,72,3,3
51387,92,85,7,7
51388,92,93,-1,1
51389,110,97,13,13
51390,101,100,1,1
51391,95,89,6,6
51392,107,102,5,5
51393,96,96,0,0
51394,127,122,5,5
51395,104,101,3,3
51396,84,81,3,3
51397,44,53,-9,9
51398,112,117,-5,5
51399,94,100,-6,6
51400,65,71,-6,6
51401,67,76,-9,9
51402,106,102,4,4
51403,85,80,5,5
51404,75,85,-10,10
51405,72,74,-2,2
51406,99,81,18,18
51407,63,71,-8,8
51408,157,147,10,10
51409,70,73,-3,3
51410,79,77,2,2
51411,99,95,4,4
51412,100,100,0,0
51413,152,136,16,16
51414,111,120,-9,9
51415,73,78,-5,5
51416,117,111,6,6
51417,74,76,-2,2
51418,84,94,-10,10
51419,117,111,6,6
51420,70,76,-6,6
51421,72,81,-9,9
51422,62,70,-8,8
51423,90,97,-7,7
51424,123,104,19,19
51425,81,85,-4,4
51426,62,68,-6,6
51427,74,76,-2,2
51428,189,166,23,23
51429,97,99,-2,2
51430,131,123,8,8
51431,66,77,-11,11
51432,131,122,9,9
51433,101,93,8,8
51434,205,199,6,6
51435,92,96,-4,4
51436,74,86,-12,12
51437,108,98,10,10
51438,78,76,2,2
51439,69,77,-8,8
51440,92,86,6,6
51441,76,82,-6,6
51442,83,84,-1,1
51443,104,100,4,4
51444,85,82,3,3
51445,74,75,-1,1
51446,134,136,-2,2
51447,119,110,9,9
51448,92,85,7,7
51449,88,87,1,1
51450,126,126,0,0
51451,100,96,4,4
51452,45,63,-18,18
51453,131,115,16,16
51454,55,66,-11,11
51455,180,167,13,13
51456,133,113,20,20
51457,94,71,23,23
51458,62,84,-22,22
51459,119,112,7,7
51460,183,174,9,9
51461,88,84,4,4
51462,115,92,23,23
51463,100,89,11,11
51464,64,76,-12,12
51465,83,106,-23,23
51466,138,134,4,4
51467,62,76,-14,14
51468,193,166,27,27
51469,90,81,9,9
51470,77,87,-10,10
51471,111,103,8,8
51472,99,85,14,14
51473,118,118,0,0
51474,131,119,12,12
51475,71,70,1,1
51476,78,83,-5,5
51477,94,86,8,8
51478,92,95,-3,3
51479,97,97,0,0
51480,89,88,1,1
51481,131,116,15,15
51482,119,99,20,20
51483,59,72,-13,13
51484,80,84,-4,4
51485,116,106,10,10
51486,93,88,5,5
51487,72,81,-9,9
51488,185,160,25,25
51489,85,88,-3,3
51490,108,110,-2,2
51491,84,87,-3,3
51492,100,101,-1,1
51493,109,89,20,20
51494,43,54,-11,11
51495,77,81,-4,4
51496,87,80,7,7
51497,121,109,12,12
51498,109,107,2,2
51499,83,93,-10,10
51500,108,96,12,12
51501,166,138,28,28
51502,68,72,-4,4
51503,112,125,-13,13
51504,103,103,0,0
51505,106,106,0,0
51506,33,46,-13,13
51507,56,60,-4,4
51508,72,74,-2,2
51509,136,130,6,6
51510,79,81,-2,2
51511,143,123,20,20
51512,103,97,6,6
51513,75,80,-5,5
51514,73,77,-4,4
51515,68,74,-6,6
51516,68,83,-15,15
51517,102,88,14,14
51518,83,82,1,1
51519,70,84,-14,14
51520,88,86,2,2
51521,124,117,7,7
51522,111,108,3,3
51523,103,104,-1,1
51524,104,105,-1,1
51525,122,114,8,8
51526,119,116,3,3
51527,71,102,-31,31
51528,196,189,7,7
51529,70,73,-3,3
51530,70,88,-18,18
51531,88,86,2,2
51532,122,112,10,10
51533,102,94,8,8
51534,119,108,11,11
51535,138,127,11,11
51536,165,148,17,17
51537,94,101,-7,7
51538,52,62,-10,10
51539,86,84,2,2
51540,63,73,-10,10
51541,92,84,8,8
51542,65,69,-4,4
51543,47,56,-9,9
51544,62,67,-5,5
51545,79,89,-10,10
51546,166,133,33,33
51547,96,92,4,4
51548,120,126,-6,6
51549,117,111,6,6
51550,99,93,6,6
51551,124,127,-3,3
51552,138,124,14,14
51553,60,73,-13,13
51554,90,89,1,1
51555,76,84,-8,8
51556,113,126,-13,13
51557,129,122,7,7
51558,80,82,-2,2
51559,99,95,4,4
51560,87,90,-3,3
51561,74,80,-6,6
51562,70,76,-6,6
51563,50,63,-13,13
51564,83,84,-1,1
51565,150,137,13,13
51566,104,98,6,6
51567,107,103,4,4
51568,101,92,9,9
51569,153,144,9,9
51570,81,83,-2,2
51571,58,78,-20,20
51572,104,99,5,5
51573,64,68,-4,4
51574,58,63,-5,5
51575,137,134,3,3
51576,132,107,25,25
51577,110,104,6,6
51578,120,115,5,5
51579,92,95,-3,3
51580,83,111,-28,28
51581,41,60,-19,19
51582,194,189,5,5
51583,79,77,2,2
51584,65,70,-5,5
51585,126,128,-2,2
51586,125,133,-8,8
51587,148,136,12,12
51588,63,67,-4,4
51589,82,88,-6,6
51590,127,117,10,10
51591,141,127,14,14
51592,98,102,-4,4
51593,140,139,1,1
51594,92,88,4,4
51595,78,86,-8,8
51596,72,78,-6,6
51597,133,116,17,17
51598,82,88,-6,6
51599,53,67,-14,14
51600,68,73,-5,5
51601,135,131,4,4
51602,76,94,-18,18
51603,84,80,4,4
51604,109,102,7,7
51605,115,116,-1,1
51606,32,41,-9,9
51607,202,174,28,28
51608,64,69,-5,5
51609,69,72,-3,3
51610,61,69,-8,8
51611,81,79,2,2
51612,81,89,-8,8
51613,103,98,5,5
51614,73,73,0,0
51615,103,115,-12,12
51616,153,152,1,1
51617,78,83,-5,5
51618,100,96,4,4
51619,136,140,-4,4
51620,58,65,-7,7
51621,75,83,-8,8
51622,130,113,17,17
51623,127,112,15,15
51624,51,65,-14,14
51625,87,80,7,7
51626,99,99,0,0
51627,121,111,10,10
51628,83,85,-2,2
51629,65,69,-4,4
51630,86,87,-1,1
51631,129,123,6,6
51632,77,87,-10,10
51633,63,75,-12,12
51634,70,73,-3,3
51635,75,81,-6,6
51636,75,80,-5,5
51637,132,130,2,2
51638,157,149,8,8
51639,130,130,0,0
51640,80,86,-6,6
51641,97,99,-2,2
51642,68,71,-3,3
51643,98,98,0,0
51644,81,85,-4,4
51645,51,59,-8,8
51646,84,84,0,0
51647,79,82,-3,3
51648,151,142,9,9
51649,82,84,-2,2
51650,127,122,5,5
51651,63,73,-10,10
51652,97,92,5,5
51653,121,114,7,7
51654,157,142,15,15
51655,101,98,3,3
51656,160,156,4,4
51657,92,94,-2,2
51658,107,110,-3,3
51659,108,95,13,13
51660,119,101,18,18
51661,61,73,-12,12
51662,112,104,8,8
51663,71,73,-2,2
51664,99,100,-1,1
51665,68,80,-12,12
51666,116,118,-2,2
51667,64,74,-10,10
51668,124,125,-1,1
51669,139,129,10,10
51670,80,79,1,1
51671,157,142,15,15
51672,101,95,6,6
51673,114,107,7,7
51674,126,126,0,0
51675,148,138,10,10
51676,77,83,-6,6
51677,187,173,14,14
51678,139,136,3,3
51679,164,152,12,12
51680,98,98,0,0
51681,86,91,-5,5
51682,61,66,-5,5
51683,143,147,-4,4
51684,57,66,-9,9
51685,52,59,-7,7
51686,92,100,-8,8
51687,108,102,6,6
51688,156,136,20,20
51689,159,141,18,18
51690,157,140,17,17
51691,102,97,5,5
51692,138,122,16,16
51693,78,81,-3,3
51694,83,76,7,7
51695,108,98,10,10
51696,60,64,-4,4
51697,142,117,25,25
51698,55,62,-7,7
51699,65,70,-5,5
51700,125,116,9,9
51701,90,91,-1,1
51702,74,79,-5,5
51703,156,144,12,12
51704,76,80,-4,4
51705,94,97,-3,3
51706,84,84,0,0
51707,84,80,4,4
51708,68,79,-11,11
51709,144,137,7,7
51710,74,75,-1,1
51711,104,103,1,1
51712,98,79,19,19
51713,92,91,1,1
51714,106,101,5,5
51715,94,93,1,1
51716,91,95,-4,4
51717,61,55,6,6
51718,77,81,-4,4
51719,71,77,-6,6
51720,98,94,4,4
51721,73,81,-8,8
51722,103,104,-1,1
51723,124,114,10,10
51724,135,125,10,10
51725,118,120,-2,2
51726,96,100,-4,4
51727,54,66,-12,12
51728,112,97,15,15
51729,72,79,-7,7
51730,70,78,-8,8
51731,85,81,4,4
51732,51,57,-6,6
51733,106,112,-6,6
51734,113,103,10,10
51735,76,72,4,4
51736,63,77,-14,14
51737,140,123,17,17
51738,103,97,6,6
51739,163,157,6,6
51740,126,120,6,6
51741,92,109,-17,17
51742,40,54,-14,14
51743,33,48,-15,15
51744,99,98,1,1
51745,113,100,13,13
51746,59,65,-6,6
51747,88,101,-13,13
51748,58,67,-9,9
51749,98,95,3,3
51750,135,117,18,18
51751,92,91,1,1
51752,101,99,2,2
51753,116,107,9,9
51754,171,164,7,7
51755,98,87,11,11
51756,99,93,6,6
51757,77,76,1,1
51758,99,93,6,6
51759,61,66,-5,5
51760,124,104,20,20
51761,36,46,-10,10
51762,124,109,15,15
51763,89,87,2,2
51764,144,146,-2,2
51765,113,105,8,8
51766,157,144,13,13
51767,95,89,6,6
51768,101,103,-2,2
51769,76,82,-6,6
51770,65,76,-11,11
51771,222,176,46,46
51772,123,111,12,12
51773,71,91,-20,20
51774,102,92,10,10
51775,96,99,-3,3
51776,105,98,7,7
51777,81,86,-5,5
51778,122,133,-11,11
51779,64,72,-8,8
51780,43,69,-26,26
51781,114,100,14,14
51782,62,71,-9,9
51783,104,111,-7,7
51784,175,177,-2,2
51785,98,103,-5,5
51786,87,80,7,7
51787,144,137,7,7
51788,76,88,-12,12
51789,125,119,6,6
51790,70,77,-7,7
51791,86,95,-9,9
51792,140,117,23,23
51793,44,61,-17,17
51794,101,95,6,6
51795,68,72,-4,4
51796,155,149,6,6
51797,125,118,7,7
51798,49,61,-12,12
51799,140,139,1,1
51800,105,97,8,8
51801,192,191,1,1
51802,89,81,8,8
51803,140,129,11,11
51804,140,130,10,10
51805,112,113,-1,1
51806,136,117,19,19
51807,76,85,-9,9
51808,64,77,-13,13
51809,64,79,-15,15
51810,83,86,-3,3
51811,72,73,-1,1
51812,145,139,6,6
51813,113,102,11,11
51814,114,102,12,12
51815,154,138,16,16
51816,67,72,-5,5
51817,197,174,23,23
51818,61,71,-10,10
51819,99,97,2,2
51820,91,93,-2,2
51821,181,151,30,30
51822,45,57,-12,12
51823,55,66,-11,11
51824,183,190,-7,7
51825,106,106,0,0
51826,57,61,-4,4
51827,133,120,13,13
51828,36,53,-17,17
51829,98,100,-2,2
51830,54,59,-5,5
51831,140,136,4,4
51832,114,109,5,5
51833,99,94,5,5
51834,69,76,-7,7
51835,144,136,8,8
51836,112,117,-5,5
51837,101,96,5,5
51838,88,83,5,5
51839,88,88,0,0
51840,94,87,7,7
51841,67,71,-4,4
51842,46,62,-16,16
51843,72,72,0,0
51844,80,76,4,4
51845,75,76,-1,1
51846,94,86,8,8
51847,117,116,1,1
51848,67,74,-7,7
51849,71,78,-7,7
51850,67,85,-18,18
51851,68,66,2,2
51852,91,91,0,0
51853,71,79,-8,8
51854,114,113,1,1
51855,93,99,-6,6
51856,73,83,-10,10
51857,164,148,16,16
51858,132,119,13,13
51859,66,64,2,2
51860,153,122,31,31
51861,108,113,-5,5
51862,110,103,7,7
51863,156,134,22,22
51864,162,147,15,15
51865,150,143,7,7
51866,125,120,5,5
51867,61,67,-6,6
51868,95,97,-2,2
51869,152,130,22,22
51870,125,125,0,0
51871,119,102,17,17
51872,166,177,-11,11
51873,120,101,19,19
51874,58,69,-11,11
51875,45,52,-7,7
51876,117,122,-5,5
51877,65,69,-4,4
51878,105,106,-1,1
51879,70,75,-5,5
51880,78,80,-2,2
51881,91,85,6,6
51882,78,76,2,2
51883,116,130,-14,14
51884,132,111,21,21
51885,143,130,13,13
51886,117,118,-1,1
51887,147,149,-2,2
51888,63,76,-13,13
51889,80,96,-16,16
51890,98,96,2,2
51891,51,65,-14,14
51892,51,59,-8,8
51893,73,74,-1,1
51894,95,88,7,7
51895,100,96,4,4
51896,74,85,-11,11
51897,110,100,10,10
51898,78,83,-5,5
51899,54,67,-13,13
51900,115,113,2,2
51901,139,127,12,12
51902,73,82,-9,9
51903,67,72,-5,5
51904,76,82,-6,6
51905,108,103,5,5
51906,104,99,5,5
51907,130,123,7,7
51908,116,114,2,2
51909,57,65,-8,8
51910,102,101,1,1
51911,108,100,8,8
51912,95,87,8,8
51913,40,53,-13,13
51914,76,85,-9,9
51915,71,73,-2,2
51916,137,130,7,7
51917,118,106,12,12
51918,129,118,11,11
51919,67,78,-11,11
51920,72,78,-6,6
51921,111,113,-2,2
51922,95,95,0,0
51923,130,138,-8,8
51924,116,116,0,0
51925,68,73,-5,5
51926,103,100,3,3
51927,95,94,1,1
51928,117,112,5,5
51929,62,61,1,1
51930,75,83,-8,8
51931,56,73,-17,17
51932,120,104,16,16
51933,113,107,6,6
51934,85,84,1,1
51935,71,92,-21,21
51936,130,129,1,1
51937,87,92,-5,5
51938,156,143,13,13
51939,89,89,0,0
51940,61,65,-4,4
51941,115,111,4,4
51942,144,126,18,18
51943,73,83,-10,10
51944,94,97,-3,3
51945,102,97,5,5
51946,125,123,2,2
51947,71,72,-1,1
51948,140,128,12,12
51949,143,130,13,13
51950,77,84,-7,7
51951,86,80,6,6
51952,70,71,-1,1
51953,101,90,11,11
51954,82,84,-2,2
51955,93,87,6,6
51956,55,66,-11,11
51957,138,140,-2,2
51958,88,87,1,1
51959,81,85,-4,4
51960,176,153,23,23
51961,90,96,-6,6
51962,52,65,-13,13
51963,97,95,2,2
51964,45,63,-18,18
51965,114,114,0,0
51966,155,144,11,11
51967,151,170,-19,19
51968,60,70,-10,10
51969,82,79,3,3
51970,96,95,1,1
51971,126,113,13,13
51972,90,88,2,2
51973,83,74,9,9
51974,72,81,-9,9
51975,139,125,14,14
51976,137,127,10,10
51977,119,115,4,4
51978,115,96,19,19
51979,76,78,-2,2
51980,80,96,-16,16
51981,101,95,6,6
51982,92,89,3,3
51983,65,71,-6,6
51984,89,94,-5,5
51985,72,75,-3,3
51986,45,54,-9,9
51987,69,72,-3,3
51988,81,82,-1,1
51989,95,95,0,0
51990,76,79,-3,3
51991,49,57,-8,8
51992,97,99,-2,2
51993,90,85,5,5
51994,130,124,6,6
51995,74,82,-8,8
51996,46,65,-19,19
51997,74,83,-9,9
51998,108,99,9,9
51999,115,117,-2,2
52000,37,58,-21,21
52001,79,78,1,1
52002,75,82,-7,7
52003,174,151,23,23
52004,107,103,4,4
52005,53,60,-7,7
52006,83,89,-6,6
52007,60,65,-5,5
52008,98,101,-3,3
52009,57,65,-8,8
52010,54,64,-10,10
52011,83,80,3,3
52012,182,197,-15,15
52013,107,111,-4,4
52014,89,97,-8,8
52015,105,103,2,2
52016,109,107,2,2
52017,141,122,19,19
52018,121,117,4,4
52019,91,102,-11,11
52020,117,110,7,7
52021,58,62,-4,4
52022,80,74,6,6
52023,88,87,1,1
52024,80,84,-4,4
52025,146,138,8,8
52026,105,100,5,5
52027,128,135,-7,7
52028,79,81,-2,2
52029,123,123,0,0
52030,85,86,-1,1
52031,77,77,0,0
52032,70,73,-3,3
52033,100,99,1,1
52034,71,71,0,0
52035,123,111,12,12
52036,85,88,-3,3
52037,113,106,7,7
52038,98,95,3,3
52039,67,77,-10,10
52040,130,128,2,2
52041,176,153,23,23
52042,117,109,8,8
52043,130,117,13,13
52044,114,106,8,8
52045,108,105,3,3
52046,111,115,-4,4
52047,91,88,3,3
52048,153,133,20,20
52049,83,104,-21,21
52050,91,92,-1,1
52051,103,101,2,2
52052,123,119,4,4
52053,57,69,-12,12
52054,115,108,7,7
52055,86,90,-4,4
52056,147,135,12,12
52057,116,129,-13,13
52058,87,88,-1,1
52059,81,82,-1,1
52060,58,63,-5,5
52061,97,85,12,12
52062,138,139,-1,1
52063,74,75,-1,1
52064,60,74,-14,14
52065,94,95,-1,1
52066,150,151,-1,1
52067,143,135,8,8
52068,72,76,-4,4
52069,80,87,-7,7
52070,94,97,-3,3
52071,85,84,1,1
52072,108,100,8,8
52073,106,95,11,11
52074,86,94,-8,8
52075,160,144,16,16
52076,84,84,0,0
52077,78,74,4,4
52078,89,95,-6,6
52079,76,86,-10,10
52080,57,60,-3,3
52081,93,95,-2,2
52082,92,95,-3,3
52083,79,98,-19,19
52084,105,102,3,3
52085,146,138,8,8
52086,79,86,-7,7
52087,96,97,-1,1
52088,97,96,1,1
52089,74,78,-4,4
52090,79,86,-7,7
52091,90,89,1,1
52092,133,128,5,5
52093,81,85,-4,4
52094,140,129,11,11
52095,20,32,-12,12
52096,42,95,-53,53
52097,178,150,28,28
52098,57,72,-15,15
52099,91,95,-4,4
52100,125,131,-6,6
52101,77,78,-1,1
52102,73,77,-4,4
52103,96,100,-4,4
52104,63,68,-5,5
52105,75,78,-3,3
52106,117,109,8,8
52107,135,131,4,4
52108,105,109,-4,4
52109,141,136,5,5
52110,123,105,18,18
52111,71,85,-14,14
52112,108,95,13,13
52113,104,107,-3,3
52114,108,116,-8,8
52115,93,95,-2,2
52116,102,97,5,5
52117,99,88,11,11
52118,95,99,-4,4
52119,53,62,-9,9
52120,117,99,18,18
52121,79,89,-10,10
52122,55,70,-15,15
52123,163,156,7,7
52124,53,64,-11,11
52125,80,81,-1,1
52126,124,114,10,10
52127,75,75,0,0
52128,133,126,7,7
52129,83,85,-2,2
52130,54,70,-16,16
52131,52,64,-12,12
52132,67,75,-8,8
52133,75,78,-3,3
52134,106,99,7,7
52135,140,132,8,8
52136,124,123,1,1
52137,65,75,-10,10
52138,94,101,-7,7
52139,108,106,2,2
52140,132,111,21,21
52141,123,115,8,8
52142,73,84,-11,11
52143,246,230,16,16
52144,91,81,10,10
52145,48,62,-14,14
52146,109,97,12,12
52147,120,107,13,13
52148,71,70,1,1
52149,44,54,-10,10
52150,83,82,1,1
52151,77,74,3,3
52152,108,100,8,8
52153,76,77,-1,1
52154,116,100,16,16
52155,98,106,-8,8
52156,114,103,11,11
52157,142,123,19,19
52158,92,101,-9,9
52159,82,82,0,0
52160,86,86,0,0
52161,65,75,-10,10
52162,91,89,2,2
52163,158,155,3,3
52164,79,81,-2,2
52165,89,85,4,4
52166,54,59,-5,5
52167,144,122,22,22
52168,167,165,2,2
52169,94,102,-8,8
52170,75,79,-4,4
52171,110,115,-5,5
52172,113,104,9,9
52173,63,72,-9,9
52174,138,128,10,10
52175,101,92,9,9
52176,99,104,-5,5
52177,98,99,-1,1
52178,138,147,-9,9
52179,116,113,3,3
52180,53,70,-17,17
52181,97,99,-2,2
52182,79,72,7,7
52183,94,103,-9,9
52184,72,83,-11,11
52185,104,104,0,0
52186,113,99,14,14
52187,105,108,-3,3
52188,84,83,1,1
52189,66,74,-8,8
52190,75,78,-3,3
52191,106,100,6,6
52192,100,96,4,4
52193,75,84,-9,9
52194,45,53,-8,8
52195,126,126,0,0
52196,102,98,4,4
52197,108,109,-1,1
52198,99,95,4,4
52199,146,133,13,13
52200,107,107,0,0
52201,105,108,-3,3
52202,58,61,-3,3
52203,114,115,-1,1
52204,151,130,21,21
52205,72,79,-7,7
52206,79,77,2,2
52207,131,117,14,14
52208,91,91,0,0
52209,52,64,-12,12
52210,81,73,8,8
52211,85,75,10,10
52212,96,91,5,5
52213,42,57,-15,15
52214,73,72,1,1
52215,100,96,4,4
52216,104,99,5,5
52217,85,95,-10,10
52218,67,79,-12,12
52219,71,77,-6,6
52220,100,94,6,6
52221,134,109,25,25
52222,104,105,-1,1
52223,90,83,7,7
52224,96,124,-28,28
52225,61,89,-28,28
52226,65,76,-11,11
52227,139,131,8,8
52228,46,55,-9,9
52229,70,75,-5,5
52230,142,132,10,10
52231,90,90,0,0
52232,112,104,8,8
52233,113,102,11,11
52234,59,69,-10,10
52235,111,106,5,5
52236,84,84,0,0
52237,74,77,-3,3
52238,78,77,1,1
52239,145,146,-1,1
52240,100,115,-15,15
52241,103,98,5,5
52242,55,62,-7,7
52243,93,95,-2,2
52244,78,80,-2,2
52245,80,80,0,0
52246,104,95,9,9
52247,66,75,-9,9
52248,68,68,0,0
52249,60,64,-4,4
52250,103,115,-12,12
52251,69,73,-4,4
52252,92,91,1,1
52253,48,65,-17,17
52254,54,68,-14,14
52255,54,62,-8,8
52256,58,68,-10,10
52257,160,144,16,16
52258,83,80,3,3
52259,90,85,5,5
52260,71,118,-47,47
52261,168,169,-1,1
52262,137,136,1,1
52263,139,137,2,2
52264,74,74,0,0
52265,75,83,-8,8
52266,65,67,-2,2
52267,93,84,9,9
52268,94,94,0,0
52269,65,81,-16,16
52270,110,107,3,3
52271,29,48,-19,19
52272,91,87,4,4
52273,78,78,0,0
52274,77,79,-2,2
52275,93,95,-2,2
52276,158,142,16,16
52277,206,190,16,16
52278,98,98,0,0
52279,131,121,10,10
52280,115,103,12,12
52281,129,105,24,24
52282,97,91,6,6
52283,97,94,3,3
52284,78,93,-15,15
52285,81,85,-4,4
52286,107,101,6,6
52287,80,89,-9,9
52288,67,76,-9,9
52289,66,76,-10,10
52290,56,65,-9,9
52291,72,74,-2,2
52292,50,63,-13,13
52293,70,102,-32,32
52294,128,116,12,12
52295,138,138,0,0
52296,38,53,-15,15
52297,113,105,8,8
52298,168,156,12,12
52299,115,102,13,13
52300,88,86,2,2
52301,80,81,-1,1
52302,124,130,-6,6
52303,190,181,9,9
52304,92,97,-5,5
52305,83,85,-2,2
52306,78,83,-5,5
52307,64,67,-3,3
52308,121,116,5,5
52309,74,80,-6,6
52310,59,66,-7,7
52311,200,154,46,46
52312,157,143,14,14
52313,86,89,-3,3
52314,126,119,7,7
52315,75,78,-3,3
52316,95,105,-10,10
52317,118,104,14,14
52318,174,158,16,16
52319,148,132,16,16
52320,70,79,-9,9
52321,99,96,3,3
52322,73,78,-5,5
52323,178,151,27,27
52324,127,119,8,8
52325,137,133,4,4
52326,35,55,-20,20
52327,58,66,-8,8
52328,104,104,0,0
52329,85,85,0,0
52330,91,89,2,2
52331,40,52,-12,12
52332,83,85,-2,2
52333,100,101,-1,1
52334,73,81,-8,8
52335,51,66,-15,15
52336,263,190,73,73
52337,87,91,-4,4
52338,85,83,2,2
52339,85,86,-1,1
52340,89,85,4,4
52341,176,167,9,9
52342,103,100,3,3
52343,128,130,-2,2
52344,166,160,6,6
52345,92,104,-12,12
52346,100,98,2,2
52347,98,86,12,12
52348,57,68,-11,11
52349,127,116,11,11
52350,86,87,-1,1
52351,144,140,4,4
52352,60,68,-8,8
52353,113,106,7,7
52354,113,110,3,3
52355,103,100,3,3
52356,90,87,3,3
52357,56,56,0,0
52358,47,61,-14,14
52359,105,102,3,3
52360,61,69,-8,8
52361,128,133,-5,5
52362,55,80,-25,25
52363,67,69,-2,2
52364,65,71,-6,6
52365,116,105,11,11
52366,76,82,-6,6
52367,41,54,-13,13
52368,83,80,3,3
52369,82,92,-10,10
52370,50,65,-15,15
52371,81,93,-12,12
52372,57,61,-4,4
52373,83,83,0,0
52374,87,95,-8,8
52375,56,59,-3,3
52376,68,72,-4,4
52377,71,72,-1,1
52378,77,80,-3,3
52379,67,70,-3,3
52380,120,105,15,15
52381,74,80,-6,6
52382,121,118,3,3
52383,73,80,-7,7
52384,53,63,-10,10
52385,68,75,-7,7
52386,95,89,6,6
52387,103,102,1,1
52388,46,58,-12,12
52389,73,70,3,3
52390,148,138,10,10
52391,145,124,21,21
52392,105,95,10,10
52393,71,77,-6,6
52394,43,60,-17,17
52395,106,102,4,4
52396,114,110,4,4
52397,80,79,1,1
52398,64,89,-25,25
52399,125,109,16,16
52400,84,97,-13,13
52401,86,89,-3,3
52402,101,97,4,4
52403,95,90,5,5
52404,90,96,-6,6
52405,93,91,2,2
52406,62,70,-8,8
52407,146,134,12,12
52408,87,87,0,0
52409,85,79,6,6
52410,134,119,15,15
52411,82,79,3,3
52412,46,54,-8,8
52413,73,70,3,3
52414,23,40,-17,17
52415,167,148,19,19
52416,116,97,19,19
52417,112,112,0,0
52418,227,211,16,16
52419,108,106,2,2
52420,93,95,-2,2
52421,76,83,-7,7
52422,75,80,-5,5
52423,74,81,-7,7
52424,85,79,6,6
52425,68,76,-8,8
52426,93,86,7,7
52427,143,133,10,10
52428,132,122,10,10
52429,68,73,-5,5
52430,49,63,-14,14
52431,116,104,12,12
52432,87,82,5,5
52433,114,99,15,15
52434,133,124,9,9
52435,81,80,1,1
52436,105,94,11,11
52437,88,92,-4,4
52438,158,137,21,21
52439,82,80,2,2
52440,91,91,0,0
52441,158,151,7,7
52442,77,84,-7,7
52443,61,84,-23,23
52444,57,65,-8,8
52445,76,82,-6,6
52446,80,84,-4,4
52447,90,98,-8,8
52448,75,72,3,3
52449,105,98,7,7
52450,99,97,2,2
52451,134,130,4,4
52452,70,78,-8,8
52453,139,141,-2,2
52454,67,73,-6,6
52455,186,163,23,23
52456,101,96,5,5
52457,142,135,7,7
52458,66,67,-1,1
52459,88,84,4,4
52460,79,85,-6,6
52461,80,85,-5,5
52462,103,108,-5,5
52463,133,139,-6,6
52464,21,60,-39,39
52465,98,85,13,13
52466,67,71,-4,4
52467,117,132,-15,15
52468,71,74,-3,3
52469,45,59,-14,14
52470,90,84,6,6
52471,122,105,17,17
52472,133,123,10,10
52473,70,73,-3,3
52474,99,100,-1,1
52475,161,147,14,14
52476,123,113,10,10
52477,116,103,13,13
52478,148,128,20,20
52479,55,58,-3,3
52480,107,105,2,2
52481,69,70,-1,1
52482,103,115,-12,12
52483,50,59,-9,9
52484,76,79,-3,3
52485,98,101,-3,3
52486,63,70,-7,7
52487,69,73,-4,4
52488,115,111,4,4
52489,64,70,-6,6
52490,80,84,-4,4
52491,93,87,6,6
52492,93,91,2,2
52493,107,97,10,10
52494,91,89,2,2
52495,73,87,-14,14
52496,163,144,19,19
52497,82,79,3,3
52498,133,133,0,0
52499,70,83,-13,13
52500,74,77,-3,3
52501,72,77,-5,5
52502,51,54,-3,3
52503,192,162,30,30
52504,59,73,-14,14
52505,69,70,-1,1
52506,47,60,-13,13
52507,146,153,-7,7
52508,149,130,19,19
52509,96,106,-10,10
52510,73,69,4,4
52511,143,129,14,14
52512,101,102,-1,1
52513,96,99,-3,3
52514,108,111,-3,3
52515,77,79,-2,2
52516,45,60,-15,15
52517,89,95,-6,6
52518,160,146,14,14
52519,97,98,-1,1
52520,82,84,-2,2
52521,80,79,1,1
52522,70,73,-3,3
52523,123,110,13,13
52524,109,102,7,7
52525,162,153,9,9
52526,129,122,7,7
52527,80,78,2,2
52528,49,65,-16,16
52529,129,107,22,22
52530,79,78,1,1
52531,89,97,-8,8
52532,92,95,-3,3
52533,87,84,3,3
52534,104,96,8,8
52535,106,93,13,13
52536,169,163,6,6
52537,96,104,-8,8
52538,66,75,-9,9
52539,140,135,5,5
52540,128,114,14,14
52541,82,80,2,2
52542,128,115,13,13
52543,109,108,1,1
52544,59,72,-13,13
52545,61,71,-10,10
52546,109,92,17,17
52547,72,81,-9,9
52548,57,71,-14,14
52549,94,99,-5,5
52550,86,88,-2,2
52551,57,66,-9,9
52552,142,133,9,9
52553,79,87,-8,8
52554,150,139,11,11
52555,122,129,-7,7
52556,106,108,-2,2
52557,41,54,-13,13
52558,218,195,23,23
52559,106,98,8,8
52560,80,79,1,1
52561,87,88,-1,1
52562,121,123,-2,2
52563,68,72,-4,4
52564,79,82,-3,3
52565,63,69,-6,6
52566,57,75,-18,18
52567,132,133,-1,1
52568,86,87,-1,1
52569,92,89,3,3
52570,187,168,19,19
52571,97,92,5,5
52572,135,125,10,10
52573,126,109,17,17
52574,79,82,-3,3
52575,69,83,-14,14
52576,142,136,6,6
52577,97,90,7,7
52578,104,108,-4,4
52579,112,111,1,1
52580,168,166,2,2
52581,145,128,17,17
52582,137,126,11,11
52583,142,127,15,15
52584,81,81,0,0
52585,97,92,5,5
52586,90,80,10,10
52587,121,133,-12,12
52588,71,79,-8,8
52589,61,68,-7,7
52590,95,110,-15,15
52591,95,113,-18,18
52592,53,70,-17,17
52593,126,125,1,1
52594,72,83,-11,11
52595,86,80,6,6
52596,141,141,0,0
52597,96,101,-5,5
52598,98,103,-5,5
52599,123,117,6,6
52600,46,59,-13,13
52601,95,85,10,10
52602,127,115,12,12
52603,153,125,28,28
52604,115,107,8,8
52605,104,97,7,7
52606,53,64,-11,11
52607,95,87,8,8
52608,88,86,2,2
52609,133,110,23,23
52610,88,87,1,1
52611,25,56,-31,31
52612,142,121,21,21
52613,98,102,-4,4
52614,93,88,5,5
52615,99,94,5,5
52616,152,141,11,11
52617,124,120,4,4
52618,112,113,-1,1
52619,134,118,16,16
52620,104,107,-3,3
52621,86,82,4,4
52622,117,113,4,4
52623,77,82,-5,5
52624,88,90,-2,2
52625,72,76,-4,4
52626,87,106,-19,19
52627,80,81,-1,1
52628,103,100,3,3
52629,136,133,3,3
52630,105,107,-2,2
52631,96,95,1,1
52632,90,83,7,7
52633,53,59,-6,6
52634,77,81,-4,4
52635,60,66,-6,6
52636,115,119,-4,4
52637,93,88,5,5
52638,91,83,8,8
52639,162,156,6,6
52640,115,103,12,12
52641,148,151,-3,3
52642,68,72,-4,4
52643,79,86,-7,7
52644,53,63,-10,10
52645,60,68,-8,8
52646,63,76,-13,13
52647,102,99,3,3
52648,111,105,6,6
52649,116,113,3,3
52650,50,58,-8,8
52651,113,102,11,11
52652,46,66,-20,20
52653,62,68,-6,6
52654,112,107,5,5
52655,58,76,-18,18
52656,85,93,-8,8
52657,111,101,10,10
52658,105,102,3,3
52659,113,119,-6,6
52660,174,159,15,15
52661,125,112,13,13
52662,109,104,5,5
52663,67,71,-4,4
52664,76,74,2,2
52665,193,214,-21,21
52666,128,123,5,5
52667,88,82,6,6
52668,70,78,-8,8
52669,63,68,-5,5
52670,148,133,15,15
52671,89,99,-10,10
52672,152,146,6,6
52673,62,74,-12,12
52674,141,117,24,24
52675,48,59,-11,11
52676,185,169,16,16
52677,89,87,2,2
52678,87,86,1,1
52679,50,65,-15,15
52680,79,75,4,4
52681,124,130,-6,6
52682,109,102,7,7
52683,54,64,-10,10
52684,90,88,2,2
52685,85,85,0,0
52686,35,98,-63,63
52687,86,86,0,0
52688,47,58,-11,11
52689,103,96,7,7
52690,105,105,0,0
52691,47,65,-18,18
52692,44,58,-14,14
52693,137,127,10,10
52694,69,80,-11,11
52695,47,59,-12,12
52696,63,72,-9,9
52697,118,117,1,1
52698,83,87,-4,4
52699,80,94,-14,14
52700,119,99,20,20
52701,107,111,-4,4
52702,100,109,-9,9
52703,96,100,-4,4
52704,90,100,-10,10
52705,136,126,10,10
52706,142,142,0,0
52707,82,84,-2,2
52708,64,61,3,3
52709,89,93,-4,4
52710,49,63,-14,14
52711,138,121,17,17
52712,74,70,4,4
52713,55,75,-20,20
52714,147,126,21,21
52715,87,92,-5,5
52716,67,82,-15,15
52717,90,83,7,7
52718,72,93,-21,21
52719,110,101,9,9
52720,166,160,6,6
52721,128,103,25,25
52722,70,80,-10,10
52723,95,97,-2,2
52724,58,61,-3,3
52725,95,94,1,1
52726,78,84,-6,6
52727,99,103,-4,4
52728,79,76,3,3
52729,96,86,10,10
52730,87,84,3,3
52731,57,69,-12,12
52732,67,72,-5,5
52733,84,88,-4,4
52734,73,79,-6,6
52735,77,79,-2,2
52736,65,70,-5,5
52737,34,54,-20,20
52738,103,99,4,4
52739,117,118,-1,1
52740,73,70,3,3
52741,121,109,12,12
52742,67,76,-9,9
52743,118,100,18,18
52744,145,141,4,4
52745,83,84,-1,1
52746,105,101,4,4
52747,81,76,5,5
52748,92,93,-1,1
52749,44,54,-10,10
52750,104,101,3,3
52751,45,56,-11,11
52752,96,92,4,4
52753,115,114,1,1
52754,91,97,-6,6
52755,64,79,-15,15
52756,63,65,-2,2
52757,83,88,-5,5
52758,126,124,2,2
52759,57,71,-14,14
52760,209,184,25,25
52761,153,134,19,19
52762,57,68,-11,11
52763,70,73,-3,3
52764,118,125,-7,7
52765,110,109,1,1
52766,63,65,-2,2
52767,117,109,8,8
52768,151,123,28,28
52769,135,143,-8,8
52770,75,78,-3,3
52771,121,111,10,10
52772,142,145,-3,3
52773,107,100,7,7
52774,87,89,-2,2
52775,83,90,-7,7
52776,54,57,-3,3
52777,120,114,6,6
52778,75,82,-7,7
52779,116,109,7,7
52780,80,82,-2,2
52781,132,135,-3,3
52782,61,73,-12,12
52783,70,80,-10,10
52784,57,57,0,0
52785,137,128,9,9
52786,112,97,15,15
52787,77,82,-5,5
52788,78,81,-3,3
52789,94,97,-3,3
52790,85,91,-6,6
52791,61,65,-4,4
52792,80,81,-1,1
52793,116,102,14,14
52794,64,85,-21,21
52795,69,78,-9,9
52796,124,104,20,20
52797,78,72,6,6
52798,109,111,-2,2
52799,90,85,5,5
52800,148,141,7,7
52801,64,73,-9,9
52802,59,68,-9,9
52803,42,52,-10,10
52804,132,122,10,10
52805,132,124,8,8
52806,68,65,3,3
52807,173,172,1,1
52808,73,76,-3,3
52809,88,86,2,2
52810,95,93,2,2
52811,56,59,-3,3
52812,83,79,4,4
52813,131,130,1,1
52814,65,78,-13,13
52815,77,79,-2,2
52816,110,110,0,0
52817,80,106,-26,26
52818,76,74,2,2
52819,73,80,-7,7
52820,66,74,-8,8
52821,149,132,17,17
52822,55,65,-10,10
52823,60,61,-1,1
52824,151,144,7,7
52825,112,114,-2,2
52826,67,70,-3,3
52827,67,85,-18,18
52828,77,86,-9,9
52829,114,116,-2,2
52830,123,130,-7,7
52831,83,83,0,0
52832,42,60,-18,18
52833,104,109,-5,5
52834,90,90,0,0
52835,107,111,-4,4
52836,153,136,17,17
52837,68,73,-5,5
52838,41,55,-14,14
52839,82,83,-1,1
52840,55,64,-9,9
52841,114,103,11,11
52842,92,88,4,4
52843,90,95,-5,5
52844,70,76,-6,6
52845,75,83,-8,8
52846,112,95,17,17
52847,76,83,-7,7
52848,107,82,25,25
52849,96,95,1,1
52850,107,103,4,4
52851,46,57,-11,11
52852,103,108,-5,5
52853,122,115,7,7
52854,117,110,7,7
52855,69,84,-15,15
52856,100,100,0,0
52857,70,67,3,3
52858,96,101,-5,5
52859,89,87,2,2
52860,112,111,1,1
52861,93,109,-16,16
52862,104,99,5,5
52863,79,80,-1,1
52864,150,137,13,13
52865,145,135,10,10
52866,135,131,4,4
52867,61,67,-6,6
52868,75,81,-6,6
52869,63,66,-3,3
52870,77,83,-6,6
52871,115,118,-3,3
52872,94,90,4,4
52873,60,68,-8,8
52874,99,97,2,2
52875,162,162,0,0
52876,89,93,-4,4
52877,84,89,-5,5
52878,90,98,-8,8
52879,132,124,8,8
52880,106,98,8,8
52881,50,57,-7,7
52882,66,69,-3,3
52883,153,141,12,12
52884,55,64,-9,9
52885,92,87,5,5
52886,113,111,2,2
52887,54,63,-9,9
52888,132,123,9,9
52889,116,100,16,16
52890,88,199,-111,111
52891,127,118,9,9
52892,80,86,-6,6
52893,125,109,16,16
52894,108,97,11,11
52895,104,101,3,3
52896,62,74,-12,12
52897,76,85,-9,9
52898,77,84,-7,7
52899,120,114,6,6
52900,71,80,-9,9
52901,54,74,-20,20
52902,115,116,-1,1
52903,138,138,0,0
52904,95,87,8,8
52905,31,50,-19,19
52906,46,53,-7,7
52907,147,128,19,19
52908,129,131,-2,2
52909,82,76,6,6
52910,81,86,-5,5
52911,62,67,-5,5
52912,140,127,13,13
52913,101,98,3,3
52914,120,103,17,17
52915,48,55,-7,7
52916,132,123,9,9
52917,164,146,18,18
52918,48,67,-19,19
52919,81,93,-12,12
52920,74,79,-5,5
52921,79,90,-11,11
52922,97,96,1,1
52923,81,88,-7,7
52924,47,62,-15,15
52925,97,102,-5,5
52926,59,70,-11,11
52927,68,70,-2,2
52928,67,69,-2,2
52929,66,72,-6,6
52930,143,125,18,18
52931,88,88,0,0
52932,96,97,-1,1
52933,169,137,32,32
52934,106,95,11,11
52935,106,103,3,3
52936,78,81,-3,3
52937,107,109,-2,2
52938,132,133,-1,1
52939,88,80,8,8
52940,68,83,-15,15
52941,104,96,8,8
52942,79,81,-2,2
52943,96,88,8,8
52944,159,146,13,13
52945,133,133,0,0
52946,81,85,-4,4
52947,67,78,-11,11
52948,86,93,-7,7
52949,75,78,-3,3
52950,106,105,1,1
52951,55,69,-14,14
52952,167,144,23,23
52953,33,47,-14,14
52954,114,119,-5,5
52955,153,130,23,23
52956,76,83,-7,7
52957,74,85,-11,11
52958,152,149,3,3
52959,176,133,43,43
52960,86,82,4,4
52961,191,153,38,38
52962,116,111,5,5
52963,87,85,2,2
52964,133,125,8,8
52965,131,131,0,0
52966,96,95,1,1
52967,113,114,-1,1
52968,52,61,-9,9
52969,68,80,-12,12
52970,110,106,4,4
52971,58,66,-8,8
52972,104,117,-13,13
52973,93,91,2,2
52974,118,118,0,0
52975,92,94,-2,2
52976,77,83,-6,6
52977,43,53,-10,10
52978,19,46,-27,27
52979,156,133,23,23
52980,145,138,7,7
52981,85,91,-6,6
52982,85,76,9,9
52983,121,110,11,11
52984,76,77,-1,1
52985,137,138,-1,1
52986,76,80,-4,4
52987,91,87,4,4
52988,93,88,5,5
52989,133,134,-1,1
52990,128,118,10,10
52991,106,102,4,4
52992,77,81,-4,4
52993,104,98,6,6
52994,82,84,-2,2
52995,77,81,-4,4
52996,91,100,-9,9
52997,73,97,-24,24
52998,144,132,12,12
52999,103,98,5,5
53000,97,112,-15,15
53001,238,208,30,30
53002,87,84,3,3
53003,135,124,11,11
53004,63,71,-8,8
53005,95,94,1,1
53006,42,53,-11,11
53007,69,79,-10,10
53008,98,89,9,9
53009,147,139,8,8
53010,108,109,-1,1
53011,52,60,-8,8
53012,69,70,-1,1
53013,92,80,12,12
53014,129,129,0,0
53015,83,87,-4,4
53016,108,107,1,1
53017,126,129,-3,3
53018,84,84,0,0
53019,86,78,8,8
53020,82,100,-18,18
53021,88,89,-1,1
53022,101,87,14,14
53023,130,115,15,15
53024,83,87,-4,4
53025,118,125,-7,7
53026,106,102,4,4
53027,108,109,-1,1
53028,85,73,12,12
53029,133,121,12,12
53030,77,79,-2,2
53031,110,101,9,9
53032,71,86,-15,15
53033,72,80,-8,8
53034,44,56,-12,12
53035,69,69,0,0
53036,106,102,4,4
53037,103,101,2,2
53038,82,79,3,3
53039,119,122,-3,3
53040,94,96,-2,2
53041,67,70,-3,3
53042,81,80,1,1
53043,102,93,9,9
53044,68,69,-1,1
53045,154,133,21,21
53046,80,79,1,1
53047,120,107,13,13
53048,59,59,0,0
53049,149,145,4,4
53050,66,76,-10,10
53051,80,73,7,7
53052,61,71,-10,10
53053,40,58,-18,18
53054,80,89,-9,9
53055,54,63,-9,9
53056,90,108,-18,18
53057,107,100,7,7
53058,62,68,-6,6
53059,157,158,-1,1
53060,113,103,10,10
53061,107,114,-7,7
53062,87,75,12,12
53063,90,90,0,0
53064,155,144,11,11
53065,37,57,-20,20
53066,66,74,-8,8
53067,92,96,-4,4
53068,74,74,0,0
53069,38,49,-11,11
53070,83,78,5,5
53071,90,100,-10,10
53072,262,249,13,13
53073,83,85,-2,2
53074,65,67,-2,2
53075,84,81,3,3
53076,50,58,-8,8
53077,95,100,-5,5
53078,80,87,-7,7
53079,135,123,12,12
53080,75,75,0,0
53081,79,85,-6,6
53082,179,166,13,13
53083,119,114,5,5
53084,89,80,9,9
53085,58,70,-12,12
53086,98,102,-4,4
53087,58,66,-8,8
53088,62,69,-7,7
53089,65,71,-6,6
53090,90,86,4,4
53091,134,120,14,14
53092,61,71,-10,10
53093,142,134,8,8
53094,71,79,-8,8
53095,147,123,24,24
53096,122,116,6,6
53097,151,134,17,17
53098,105,102,3,3
53099,56,66,-10,10
53100,124,123,1,1
53101,140,140,0,0
53102,107,101,6,6
53103,103,105,-2,2
53104,98,89,9,9
53105,63,62,1,1
53106,51,66,-15,15
53107,81,80,1,1
53108,65,76,-11,11
53109,150,139,11,11
53110,134,128,6,6
53111,46,51,-5,5
53112,120,106,14,14
53113,80,86,-6,6
53114,93,91,2,2
53115,176,151,25,25
53116,115,119,-4,4
53117,128,125,3,3
53118,143,131,12,12
53119,55,65,-10,10
53120,85,80,5,5
53121,102,95,7,7
53122,54,63,-9,9
53123,151,121,30,30
53124,83,80,3,3
53125,47,59,-12,12
53126,80,81,-1,1
53127,126,111,15,15
53128,105,108,-3,3
53129,103,110,-7,7
53130,70,79,-9,9
53131,64,67,-3,3
53132,116,111,5,5
53133,124,129,-5,5
53134,89,86,3,3
53135,73,79,-6,6
53136,131,133,-2,2
53137,120,109,11,11
53138,102,96,6,6
53139,88,83,5,5
53140,82,82,0,0
53141,88,88,0,0
53142,135,111,24,24
53143,119,110,9,9
53144,67,75,-8,8
53145,55,60,-5,5
53146,170,158,12,12
53147,125,126,-1,1
53148,132,112,20,20
53149,146,140,6,6
53150,83,84,-1,1
53151,85,82,3,3
53152,101,98,3,3
53153,84,86,-2,2
53154,135,127,8,8
53155,54,61,-7,7
53156,74,68,6,6
53157,72,78,-6,6
53158,112,94,18,18
53159,137,135,2,2
53160,82,78,4,4
53161,121,107,14,14
53162,83,84,-1,1
53163,112,117,-5,5
53164,66,67,-1,1
53165,90,84,6,6
53166,111,116,-5,5
53167,70,81,-11,11
53168,98,101,-3,3
53169,101,97,4,4
53170,108,97,11,11
53171,77,81,-4,4
53172,94,99,-5,5
53173,77,83,-6,6
53174,52,69,-17,17
53175,114,114,0,0
53176,79,82,-3,3
53177,43,63,-20,20
53178,110,97,13,13
53179,51,53,-2,2
53180,81,83,-2,2
53181,122,111,11,11
53182,128,123,5,5
53183,92,103,-11,11
53184,111,105,6,6
53185,106,97,9,9
53186,56,67,-11,11
53187,137,121,16,16
53188,75,73,2,2
53189,71,75,-4,4
53190,67,72,-5,5
53191,89,87,2,2
53192,96,96,0,0
53193,106,104,2,2
53194,71,75,-4,4
53195,128,112,16,16
53196,63,74,-11,11
53197,82,80,2,2
53198,67,74,-7,7
53199,80,82,-2,2
53200,124,113,11,11
53201,117,108,9,9
53202,115,124,-9,9
53203,107,107,0,0
53204,65,73,-8,8
53205,119,114,5,5
53206,88,96,-8,8
53207,53,65,-12,12
53208,156,140,16,16
53209,71,76,-5,5
53210,89,88,1,1
53211,88,83,5,5
53212,113,109,4,4
53213,43,58,-15,15
53214,106,105,1,1
53215,85,86,-1,1
53216,108,126,-18,18
53217,70,66,4,4
53218,163,153,10,10
53219,102,102,0,0
53220,74,75,-1,1
53221,60,67,-7,7
53222,107,100,7,7
53223,59,83,-24,24
53224,90,76,14,14
53225,134,123,11,11
53226,159,145,14,14
53227,99,89,10,10
53228,75,80,-5,5
53229,62,64,-2,2
53230,93,93,0,0
53231,101,100,1,1
53232,61,72,-11,11
53233,88,78,10,10
53234,99,106,-7,7
53235,45,60,-15,15
53236,65,74,-9,9
53237,120,108,12,12
53238,85,86,-1,1
53239,76,83,-7,7
53240,111,100,11,11
53241,75,79,-4,4
53242,96,101,-5,5
53243,134,115,19,19
53244,62,62,0,0
53245,69,68,1,1
53246,95,95,0,0
53247,93,88,5,5
53248,73,79,-6,6
53249,89,81,8,8
53250,59,61,-2,2
53251,73,72,1,1
53252,115,116,-1,1
53253,86,86,0,0
53254,141,154,-13,13
53255,109,126,-17,17
53256,112,100,12,12
53257,74,80,-6,6
53258,57,68,-11,11
53259,61,71,-10,10
53260,104,101,3,3
53261,111,95,16,16
53262,80,85,-5,5
53263,107,100,7,7
53264,43,54,-11,11
53265,71,81,-10,10
53266,54,64,-10,10
53267,74,83,-9,9
53268,77,76,1,1
53269,86,101,-15,15
53270,65,72,-7,7
53271,103,94,9,9
53272,67,76,-9,9
53273,77,73,4,4
53274,53,67,-14,14
53275,128,118,10,10
53276,75,78,-3,3
53277,111,129,-18,18
53278,94,91,3,3
53279,93,92,1,1
53280,131,115,16,16
53281,61,91,-30,30
53282,69,72,-3,3
53283,70,69,1,1
53284,50,60,-10,10
53285,69,70,-1,1
53286,101,93,8,8
53287,86,80,6,6
53288,98,96,2,2
53289,140,103,37,37
53290,88,91,-3,3
53291,51,62,-11,11
53292,72,77,-5,5
53293,109,108,1,1
53294,67,79,-12,12
53295,114,104,10,10
53296,98,92,6,6
53297,98,105,-7,7
53298,107,110,-3,3
53299,133,139,-6,6
53300,161,156,5,5
53301,161,133,28,28
53302,125,118,7,7
53303,90,90,0,0
53304,112,111,1,1
53305,61,68,-7,7
53306,186,178,8,8
53307,102,107,-5,5
53308,273,247,26,26
53309,125,125,0,0
53310,124,127,-3,3
53311,115,108,7,7
53312,86,85,1,1
53313,67,74,-7,7
53314,90,95,-5,5
53315,146,134,12,12
53316,64,72,-8,8
53317,78,81,-3,3
53318,73,75,-2,2
53319,132,122,10,10
53320,78,81,-3,3
53321,108,112,-4,4
53322,72,73,-1,1
53323,112,120,-8,8
53324,110,105,5,5
53325,157,141,16,16
53326,87,85,2,2
53327,63,67,-4,4
53328,47,58,-11,11
53329,55,70,-15,15
53330,57,63,-6,6
53331,77,83,-6,6
53332,73,73,0,0
53333,52,62,-10,10
53334,60,80,-20,20
53335,171,177,-6,6
53336,153,140,13,13
53337,128,123,5,5
53338,101,98,3,3
53339,58,66,-8,8
53340,67,70,-3,3
53341,58,71,-13,13
53342,69,72,-3,3
53343,198,166,32,32
53344,85,83,2,2
53345,96,86,10,10
53346,68,95,-27,27
53347,80,78,2,2
53348,56,68,-12,12
53349,67,72,-5,5
53350,57,64,-7,7
53351,39,51,-12,12
53352,81,89,-8,8
53353,117,111,6,6
53354,104,101,3,3
53355,105,104,1,1
53356,83,83,0,0
53357,135,131,4,4
53358,76,72,4,4
53359,122,108,14,14
53360,78,82,-4,4
53361,37,49,-12,12
53362,134,119,15,15
53363,71,73,-2,2
53364,119,111,8,8
53365,23,43,-20,20
53366,145,136,9,9
53367,99,96,3,3
53368,70,81,-11,11
53369,41,68,-27,27
53370,82,90,-8,8
53371,102,93,9,9
53372,64,67,-3,3
53373,60,66,-6,6
53374,157,144,13,13
53375,144,125,19,19
53376,107,106,1,1
53377,108,114,-6,6
53378,79,82,-3,3
53379,77,86,-9,9
53380,102,97,5,5
53381,62,70,-8,8
53382,87,94,-7,7
53383,156,138,18,18
53384,59,65,-6,6
53385,54,66,-12,12
53386,114,116,-2,2
53387,87,99,-12,12
53388,132,129,3,3
53389,135,125,10,10
53390,126,106,20,20
53391,105,107,-2,2
53392,95,100,-5,5
53393,101,99,2,2
53394,51,66,-15,15
53395,63,75,-12,12
53396,149,141,8,8
53397,72,70,2,2
53398,147,135,12,12
53399,67,70,-3,3
53400,106,108,-2,2
53401,98,100,-2,2
53402,100,93,7,7
53403,93,104,-11,11
53404,69,77,-8,8
53405,116,128,-12,12
53406,88,85,3,3
53407,114,134,-20,20
53408,53,63,-10,10
53409,55,64,-9,9
53410,86,94,-8,8
53411,110,101,9,9
53412,82,82,0,0
53413,87,84,3,3
53414,60,65,-5,5
53415,59,67,-8,8
53416,72,68,4,4
53417,99,91,8,8
53418,111,97,14,14
53419,105,106,-1,1
53420,110,104,6,6
53421,56,65,-9,9
53422,126,129,-3,3
53423,75,84,-9,9
53424,56,63,-7,7
53425,119,134,-15,15
53426,98,95,3,3
53427,171,167,4,4
53428,169,142,27,27
53429,126,125,1,1
53430,194,165,29,29
53431,112,101,11,11
53432,73,76,-3,3
53433,106,104,2,2
53434,101,87,14,14
53435,119,105,14,14
53436,96,85,11,11
53437,58,64,-6,6
53438,89,94,-5,5
53439,78,85,-7,7
53440,85,89,-4,4
53441,87,87,0,0
53442,70,81,-11,11
53443,50,65,-15,15
53444,51,60,-9,9
53445,91,86,5,5
53446,79,82,-3,3
53447,98,97,1,1
53448,117,122,-5,5
53449,94,100,-6,6
53450,141,131,10,10
53451,133,133,0,0
53452,48,60,-12,12
53453,121,116,5,5
53454,90,94,-4,4
53455,50,66,-16,16
53456,69,80,-11,11
53457,90,102,-12,12
53458,83,83,0,0
53459,89,101,-12,12
53460,84,84,0,0
53461,72,76,-4,4
53462,65,73,-8,8
53463,93,89,4,4
53464,70,74,-4,4
53465,68,75,-7,7
53466,128,134,-6,6
53467,102,85,17,17
53468,111,110,1,1
53469,54,62,-8,8
53470,94,100,-6,6
53471,102,95,7,7
53472,104,99,5,5
53473,90,90,0,0
53474,96,99,-3,3
53475,119,127,-8,8
53476,80,86,-6,6
53477,77,81,-4,4
53478,228,243,-15,15
53479,134,114,20,20
53480,140,150,-10,10
53481,47,60,-13,13
53482,113,105,8,8
53483,58,63,-5,5
53484,34,49,-15,15
53485,46,51,-5,5
53486,68,67,1,1
53487,68,76,-8,8
53488,43,57,-14,14
53489,74,85,-11,11
53490,88,92,-4,4
53491,130,137,-7,7
53492,112,93,19,19
53493,91,87,4,4
53494,70,78,-8,8
53495,137,127,10,10
53496,67,68,-1,1
53497,90,83,7,7
53498,137,121,16,16
53499,83,92,-9,9
53500,105,112,-7,7
53501,78,83,-5,5
53502,93,79,14,14
53503,88,83,5,5
53504,65,70,-5,5
53505,105,98,7,7
53506,131,133,-2,2
53507,52,57,-5,5
53508,48,58,-10,10
53509,127,128,-1,1
53510,70,84,-14,14
53511,62,65,-3,3
53512,119,115,4,4
53513,75,79,-4,4
53514,90,83,7,7
53515,60,75,-15,15
53516,133,119,14,14
53517,86,84,2,2
53518,77,85,-8,8
53519,81,83,-2,2
53520,98,99,-1,1
53521,101,102,-1,1
53522,70,77,-7,7
53523,86,80,6,6
53524,111,113,-2,2
53525,99,93,6,6
53526,62,70,-8,8
53527,111,109,2,2
53528,57,66,-9,9
53529,93,93,0,0
53530,77,82,-5,5
53531,122,115,7,7
53532,96,100,-4,4
53533,52,63,-11,11
53534,66,68,-2,2
53535,102,99,3,3
53536,79,95,-16,16
53537,83,93,-10,10
53538,90,91,-1,1
53539,117,108,9,9
53540,87,90,-3,3
53541,127,113,14,14
53542,50,64,-14,14
53543,62,69,-7,7
53544,63,77,-14,14
53545,80,77,3,3
53546,111,128,-17,17
53547,53,50,3,3
53548,105,101,4,4
53549,97,89,8,8
53550,48,55,-7,7
53551,66,75,-9,9
53552,113,108,5,5
53553,142,134,8,8
53554,42,50,-8,8
53555,55,61,-6,6
53556,111,98,13,13
53557,89,85,4,4
53558,76,91,-15,15
53559,126,113,13,13
53560,103,100,3,3
53561,53,64,-11,11
53562,90,90,0,0
53563,66,66,0,0
53564,60,74,-14,14
53565,49,66,-17,17
53566,230,202,28,28
53567,64,63,1,1
53568,104,102,2,2
53569,82,84,-2,2
53570,157,150,7,7
53571,53,62,-9,9
53572,93,96,-3,3
53573,76,76,0,0
53574,61,72,-11,11
53575,100,89,11,11
53576,52,65,-13,13
53577,69,73,-4,4
53578,117,111,6,6
53579,124,116,8,8
53580,100,102,-2,2
53581,149,125,24,24
53582,99,98,1,1
53583,120,104,16,16
53584,79,86,-7,7
53585,177,170,7,7
53586,62,69,-7,7
53587,99,95,4,4
53588,157,142,15,15
53589,117,117,0,0
53590,98,92,6,6
53591,68,72,-4,4
53592,85,85,0,0
53593,91,96,-5,5
53594,106,97,9,9
53595,129,120,9,9
53596,134,119,15,15
53597,85,85,0,0
53598,122,122,0,0
53599,89,89,0,0
53600,46,60,-14,14
53601,91,95,-4,4
53602,136,132,4,4
53603,52,60,-8,8
53604,98,101,-3,3
53605,98,91,7,7
53606,129,121,8,8
53607,49,57,-8,8
53608,75,76,-1,1
53609,70,79,-9,9
53610,102,98,4,4
53611,114,110,4,4
53612,31,51,-20,20
53613,120,113,7,7
53614,108,101,7,7
53615,84,88,-4,4
53616,61,70,-9,9
53617,150,146,4,4
53618,52,85,-33,33
53619,44,59,-15,15
53620,71,80,-9,9
53621,62,71,-9,9
53622,74,79,-5,5
53623,100,97,3,3
53624,83,87,-4,4
53625,82,85,-3,3
53626,149,130,19,19
53627,113,119,-6,6
53628,99,91,8,8
53629,94,96,-2,2
53630,77,86,-9,9
53631,116,123,-7,7
53632,154,152,2,2
53633,84,88,-4,4
53634,116,100,16,16
53635,169,157,12,12
53636,126,117,9,9
53637,31,48,-17,17
53638,84,85,-1,1
53639,81,79,2,2
53640,109,102,7,7
53641,96,96,0,0
53642,78,81,-3,3
53643,100,99,1,1
53644,101,96,5,5
53645,63,75,-12,12
53646,118,113,5,5
53647,119,108,11,11
53648,70,69,1,1
53649,82,80,2,2
53650,57,61,-4,4
53651,89,92,-3,3
53652,124,111,13,13
53653,67,73,-6,6
53654,87,79,8,8
53655,115,105,10,10
53656,76,75,1,1
53657,63,74,-11,11
53658,105,98,7,7
53659,77,80,-3,3
53660,124,127,-3,3
53661,84,81,3,3
53662,52,57,-5,5
53663,55,66,-11,11
53664,120,108,12,12
53665,206,173,33,33
53666,67,76,-9,9
53667,93,96,-3,3
53668,67,73,-6,6
53669,71,73,-2,2
53670,87,81,6,6
53671,72,73,-1,1
53672,108,103,5,5
53673,116,106,10,10
53674,62,65,-3,3
53675,61,75,-14,14
53676,57,66,-9,9
53677,100,93,7,7
53678,78,74,4,4
53679,93,94,-1,1
53680,102,103,-1,1
53681,187,181,6,6
53682,88,81,7,7
53683,100,101,-1,1
53684,169,158,11,11
53685,160,162,-2,2
53686,142,134,8,8
53687,146,143,3,3
53688,81,86,-5,5
53689,41,55,-14,14
53690,111,97,14,14
53691,124,110,14,14
53692,114,115,-1,1
53693,133,135,-2,2
53694,88,80,8,8
53695,90,85,5,5
53696,76,79,-3,3
53697,83,95,-12,12
53698,130,122,8,8
53699,48,67,-19,19
53700,85,97,-12,12
53701,77,78,-1,1
53702,130,126,4,4
53703,118,105,13,13
53704,106,100,6,6
53705,67,75,-8,8
53706,111,109,2,2
53707,94,90,4,4
53708,69,74,-5,5
53709,76,93,-17,17
53710,96,90,6,6
53711,84,82,2,2
53712,144,112,32,32
53713,66,81,-15,15
53714,86,85,1,1
53715,56,70,-14,14
53716,103,110,-7,7
53717,154,140,14,14
53718,80,77,3,3
53719,89,91,-2,2
53720,63,76,-13,13
53721,90,89,1,1
53722,102,87,15,15
53723,132,128,4,4
53724,103,102,1,1
53725,138,131,7,7
53726,107,99,8,8
53727,84,88,-4,4
53728,158,140,18,18
53729,143,138,5,5
53730,83,88,-5,5
53731,101,93,8,8
53732,42,60,-18,18
53733,156,144,12,12
53734,96,100,-4,4
53735,124,128,-4,4
53736,91,92,-1,1
53737,139,130,9,9
53738,80,78,2,2
53739,95,90,5,5
53740,95,88,7,7
53741,83,89,-6,6
53742,88,93,-5,5
53743,120,120,0,0
53744,79,82,-3,3
53745,114,104,10,10
53746,54,65,-11,11
53747,72,80,-8,8
53748,122,108,14,14
53749,125,120,5,5
53750,100,96,4,4
53751,90,99,-9,9
53752,92,89,3,3
53753,85,82,3,3
53754,115,111,4,4
53755,76,72,4,4
53756,94,104,-10,10
53757,128,116,12,12
53758,49,86,-37,37
53759,134,121,13,13
53760,114,108,6,6
53761,75,77,-2,2
53762,71,74,-3,3
53763,131,123,8,8
53764,110,102,8,8
53765,113,103,10,10
53766,79,87,-8,8
53767,90,99,-9,9
53768,112,97,15,15
53769,92,93,-1,1
53770,141,126,15,15
53771,46,59,-13,13
53772,103,100,3,3
53773,124,122,2,2
53774,98,94,4,4
53775,106,94,12,12
53776,95,85,10,10
53777,50,60,-10,10
53778,98,92,6,6
53779,127,120,7,7
53780,147,140,7,7
53781,136,123,13,13
53782,68,72,-4,4
53783,133,128,5,5
53784,112,107,5,5
53785,73,73,0,0
53786,104,105,-1,1
53787,118,110,8,8
53788,84,93,-9,9
53789,66,72,-6,6
53790,74,75,-1,1
53791,71,69,2,2
53792,122,115,7,7
53793,88,88,0,0
53794,90,95,-5,5
53795,44,58,-14,14
53796,68,82,-14,14
53797,72,81,-9,9
53798,141,133,8,8
53799,84,106,-22,22
53800,120,110,10,10
53801,46,52,-6,6
53802,59,65,-6,6
53803,136,129,7,7
53804,47,58,-11,11
53805,57,66,-9,9
53806,64,80,-16,16
53807,114,97,17,17
53808,75,73,2,2
53809,72,77,-5,5
53810,58,63,-5,5
53811,70,73,-3,3
53812,146,134,12,12
53813,83,99,-16,16
53814,116,131,-15,15
53815,143,138,5,5
53816,118,104,14,14
53817,200,174,26,26
53818,116,100,16,16
53819,124,113,11,11
53820,142,139,3,3
53821,184,154,30,30
53822,137,124,13,13
53823,76,79,-3,3
53824,96,94,2,2
53825,52,62,-10,10
53826,91,83,8,8
53827,55,63,-8,8
53828,95,87,8,8
53829,59,68,-9,9
53830,145,143,2,2
53831,84,75,9,9
53832,112,111,1,1
53833,63,79,-16,16
53834,60,68,-8,8
53835,134,127,7,7
53836,88,82,6,6
53837,72,78,-6,6
53838,107,112,-5,5
53839,74,77,-3,3
53840,94,83,11,11
53841,84,81,3,3
53842,55,78,-23,23
53843,30,44,-14,14
53844,31,51,-20,20
53845,77,84,-7,7
53846,74,78,-4,4
53847,99,86,13,13
53848,148,137,11,11
53849,70,80,-10,10
53850,86,83,3,3
53851,124,135,-11,11
53852,144,139,5,5
53853,77,74,3,3
53854,117,107,10,10
53855,78,75,3,3
53856,53,69,-16,16
53857,105,98,7,7
53858,79,71,8,8
53859,127,115,12,12
53860,94,87,7,7
53861,159,155,4,4
53862,90,87,3,3
53863,71,76,-5,5
53864,156,140,16,16
53865,140,132,8,8
53866,57,54,3,3
53867,91,92,-1,1
53868,61,66,-5,5
53869,91,94,-3,3
53870,54,64,-10,10
53871,78,77,1,1
53872,133,111,22,22
53873,121,108,13,13
53874,151,144,7,7
53875,119,111,8,8
53876,76,104,-28,28
53877,98,95,3,3
53878,97,95,2,2
53879,41,54,-13,13
53880,149,155,-6,6
53881,119,114,5,5
53882,80,82,-2,2
53883,67,70,-3,3
53884,70,79,-9,9
53885,120,110,10,10
53886,125,120,5,5
53887,76,80,-4,4
53888,77,84,-7,7
53889,89,92,-3,3
53890,63,65,-2,2
53891,163,152,11,11
53892,51,54,-3,3
53893,68,70,-2,2
53894,131,127,4,4
53895,109,106,3,3
53896,61,63,-2,2
53897,118,126,-8,8
53898,103,101,2,2
53899,137,119,18,18
53900,93,91,2,2
53901,116,100,16,16
53902,61,72,-11,11
53903,80,85,-5,5
53904,88,88,0,0
53905,121,125,-4,4
53906,63,70,-7,7
53907,150,139,11,11
53908,130,121,9,9
53909,112,106,6,6
53910,48,63,-15,15
53911,159,153,6,6
53912,75,76,-1,1
53913,66,75,-9,9
53914,75,80,-5,5
53915,70,72,-2,2
53916,80,80,0,0
53917,95,97,-2,2
53918,57,58,-1,1
53919,79,76,3,3
53920,69,70,-1,1
53921,60,66,-6,6
53922,115,103,12,12
53923,121,97,24,24
53924,71,68,3,3
53925,88,83,5,5
53926,97,95,2,2
53927,56,68,-12,12
53928,107,97,10,10
53929,35,49,-14,14
53930,112,110,2,2
53931,74,83,-9,9
53932,80,81,-1,1
53933,89,100,-11,11
53934,81,88,-7,7
53935,142,136,6,6
53936,109,111,-2,2
53937,118,103,15,15
53938,93,89,4,4
53939,127,120,7,7
53940,84,85,-1,1
53941,135,130,5,5
53942,128,124,4,4
53943,88,83,5,5
53944,77,85,-8,8
53945,73,82,-9,9
53946,92,85,7,7
53947,163,158,5,5
53948,117,105,12,12
53949,186,174,12,12
53950,118,120,-2,2
53951,79,73,6,6
53952,81,85,-4,4
53953,114,125,-11,11
53954,83,82,1,1
53955,89,80,9,9
53956,139,137,2,2
53957,85,86,-1,1
53958,52,63,-11,11
53959,112,98,14,14
53960,79,84,-5,5
53961,90,84,6,6
53962,102,99,3,3
53963,86,87,-1,1
53964,83,84,-1,1
53965,149,133,16,16
53966,50,62,-12,12
53967,73,76,-3,3
53968,66,70,-4,4
53969,106,107,-1,1
53970,78,74,4,4
53971,85,86,-1,1
53972,97,108,-11,11
53973,50,57,-7,7
53974,126,133,-7,7
53975,83,90,-7,7
53976,98,88,10,10
53977,75,77,-2,2
53978,93,90,3,3
53979,143,130,13,13
53980,142,122,20,20
53981,55,68,-13,13
53982,68,71,-3,3
53983,61,67,-6,6
53984,68,70,-2,2
53985,119,99,20,20
53986,85,83,2,2
53987,56,60,-4,4
53988,105,110,-5,5
53989,74,79,-5,5
53990,61,67,-6,6
53991,125,123,2,2
53992,49,59,-10,10
53993,117,120,-3,3
53994,109,110,-1,1
53995,108,119,-11,11
53996,153,160,-7,7
53997,59,62,-3,3
53998,173,157,16,16
53999,90,89,1,1
54000,102,100,2,2
54001,53,64,-11,11
54002,91,96,-5,5
54003,162,127,35,35
54004,129,123,6,6
54005,110,105,5,5
54006,80,77,3,3
54007,94,85,9,9
54008,107,100,7,7
54009,57,69,-12,12
54010,109,106,3,3
54011,73,76,-3,3
54012,229,196,33,33
54013,170,162,8,8
54014,70,68,2,2
54015,104,104,0,0
54016,83,83,0,0
54017,101,95,6,6
54018,86,88,-2,2
54019,108,107,1,1
54020,96,96,0,0
54021,80,85,-5,5
54022,68,75,-7,7
54023,91,85,6,6
54024,112,110,2,2
54025,122,114,8,8
54026,132,116,16,16
54027,96,95,1,1
54028,81,87,-6,6
54029,80,93,-13,13
54030,101,96,5,5
54031,117,113,4,4
54032,100,93,7,7
54033,83,95,-12,12
54034,93,90,3,3
54035,103,100,3,3
54036,48,69,-21,21
54037,110,101,9,9
54038,128,114,14,14
54039,37,51,-14,14
54040,110,114,-4,4
54041,94,93,1,1
54042,127,136,-9,9
54043,70,70,0,0
54044,112,104,8,8
54045,189,187,2,2
54046,95,100,-5,5
54047,123,125,-2,2
54048,152,145,7,7
54049,85,85,0,0
54050,60,71,-11,11
54051,74,71,3,3
54052,89,90,-1,1
54053,97,97,0,0
54054,159,140,19,19
54055,90,88,2,2
54056,76,80,-4,4
54057,83,97,-14,14
54058,71,83,-12,12
54059,105,95,10,10
54060,102,100,2,2
54061,161,142,19,19
54062,123,104,19,19
54063,85,85,0,0
54064,41,55,-14,14
54065,165,150,15,15
54066,60,95,-35,35
54067,123,120,3,3
54068,59,64,-5,5
54069,51,56,-5,5
54070,160,154,6,6
54071,134,145,-11,11
54072,87,92,-5,5
54073,91,93,-2,2
54074,52,64,-12,12
54075,111,102,9,9
54076,139,145,-6,6
54077,65,76,-11,11
54078,96,91,5,5
54079,92,87,5,5
54080,77,86,-9,9
54081,106,109,-3,3
54082,194,181,13,13
54083,127,118,9,9
54084,121,103,18,18
54085,140,144,-4,4
54086,129,126,3,3
54087,59,68,-9,9
54088,82,90,-8,8
54089,59,69,-10,10
54090,98,93,5,5
54091,214,184,30,30
54092,107,104,3,3
54093,122,121,1,1
54094,75,76,-1,1
54095,52,60,-8,8
54096,129,117,12,12
54097,59,66,-7,7
54098,64,68,-4,4
54099,144,127,17,17
54100,99,99,0,0
54101,156,139,17,17
54102,173,164,9,9
54103,82,84,-2,2
54104,145,125,20,20
54105,105,96,9,9
54106,102,108,-6,6
54107,69,75,-6,6
54108,51,62,-11,11
54109,44,57,-13,13
54110,30,46,-16,16
54111,118,104,14,14
54112,85,81,4,4
54113,70,74,-4,4
54114,61,77,-16,16
54115,69,70,-1,1
54116,81,83,-2,2
54117,68,69,-1,1
54118,149,138,11,11
54119,47,68,-21,21
54120,53,67,-14,14
54121,143,138,5,5
54122,91,98,-7,7
54123,93,95,-2,2
54124,45,58,-13,13
54125,122,117,5,5
54126,112,102,10,10
54127,165,146,19,19
54128,57,69,-12,12
54129,101,104,-3,3
54130,54,63,-9,9
54131,55,65,-10,10
54132,74,73,1,1
54133,95,93,2,2
54134,58,88,-30,30
54135,114,122,-8,8
54136,73,91,-18,18
54137,81,80,1,1
54138,63,64,-1,1
54139,139,144,-5,5
54140,96,94,2,2
54141,111,104,7,7
54142,157,141,16,16
54143,167,161,6,6
54144,166,138,28,28
54145,115,115,0,0
54146,80,79,1,1
54147,166,136,30,30
54148,89,86,3,3
54149,69,69,0,0
54150,34,55,-21,21
54151,92,88,4,4
54152,81,88,-7,7
54153,131,127,4,4
54154,65,73,-8,8
54155,107,104,3,3
54156,61,70,-9,9
54157,77,84,-7,7
54158,92,94,-2,2
54159,175,171,4,4
54160,154,149,5,5
54161,101,102,-1,1
54162,96,92,4,4
54163,82,82,0,0
54164,72,74,-2,2
54165,60,69,-9,9
54166,137,120,17,17
54167,44,60,-16,16
54168,77,75,2,2
54169,111,104,7,7
54170,41,61,-20,20
54171,119,106,13,13
54172,83,86,-3,3
54173,108,99,9,9
54174,128,107,21,21
54175,76,90,-14,14
54176,41,61,-20,20
54177,79,84,-5,5
54178,175,163,12,12
54179,115,102,13,13
54180,87,94,-7,7
54181,136,118,18,18
54182,76,78,-2,2
54183,107,114,-7,7
54184,86,96,-10,10
54185,118,106,12,12
54186,98,92,6,6
54187,73,75,-2,2
54188,176,158,18,18
54189,110,97,13,13
54190,73,74,-1,1
54191,73,77,-4,4
54192,109,113,-4,4
54193,96,100,-4,4
54194,128,116,12,12
54195,65,69,-4,4
54196,81,86,-5,5
54197,76,78,-2,2
54198,81,88,-7,7
54199,55,58,-3,3
54200,93,93,0,0
54201,138,137,1,1
54202,127,117,10,10
54203,110,93,17,17
54204,97,90,7,7
54205,106,111,-5,5
54206,70,77,-7,7
54207,84,99,-15,15
54208,103,96,7,7
54209,109,99,10,10
54210,82,81,1,1
54211,82,85,-3,3
54212,75,73,2,2
54213,96,93,3,3
54214,74,79,-5,5
54215,50,59,-9,9
54216,80,78,2,2
54217,129,133,-4,4
54218,127,125,2,2
54219,101,110,-9,9
54220,94,91,3,3
54221,80,84,-4,4
54222,51,59,-8,8
54223,98,96,2,2
54224,93,97,-4,4
54225,138,140,-2,2
54226,127,113,14,14
54227,115,107,8,8
54228,57,66,-9,9
54229,62,70,-8,8
54230,125,124,1,1
54231,74,84,-10,10
54232,104,94,10,10
54233,112,109,3,3
54234,101,95,6,6
54235,81,74,7,7
54236,58,68,-10,10
54237,98,86,12,12
54238,60,63,-3,3
54239,60,69,-9,9
54240,119,104,15,15
54241,92,88,4,4
54242,79,85,-6,6
54243,72,76,-4,4
54244,59,70,-11,11
54245,53,62,-9,9
54246,133,122,11,11
54247,81,95,-14,14
54248,167,152,15,15
54249,110,102,8,8
54250,62,68,-6,6
54251,77,78,-1,1
54252,81,95,-14,14
54253,108,92,16,16
54254,107,98,9,9
54255,56,65,-9,9
54256,74,74,0,0
54257,55,72,-17,17
54258,41,53,-12,12
54259,95,89,6,6
54260,80,85,-5,5
54261,107,104,3,3
54262,89,90,-1,1
54263,69,72,-3,3
54264,89,84,5,5
54265,125,111,14,14
54266,139,130,9,9
54267,63,69,-6,6
54268,79,86,-7,7
54269,111,116,-5,5
54270,80,84,-4,4
54271,89,97,-8,8
54272,65,66,-1,1
54273,139,124,15,15
54274,105,99,6,6
54275,59,65,-6,6
54276,108,97,11,11
54277,71,77,-6,6
54278,57,72,-15,15
54279,65,72,-7,7
54280,66,69,-3,3
54281,171,163,8,8
54282,69,89,-20,20
54283,137,119,18,18
54284,62,71,-9,9
54285,92,90,2,2
54286,87,80,7,7
54287,131,122,9,9
54288,160,164,-4,4
54289,78,85,-7,7
54290,82,92,-10,10
54291,152,164,-12,12
54292,34,49,-15,15
54293,80,89,-9,9
54294,201,191,10,10
54295,89,88,1,1
54296,88,92,-4,4
54297,137,127,10,10
54298,58,66,-8,8
54299,87,99,-12,12
54300,106,102,4,4
54301,67,72,-5,5
54302,57,60,-3,3
54303,83,80,3,3
54304,105,95,10,10
54305,187,155,32,32
54306,92,89,3,3
54307,43,52,-9,9
54308,130,129,1,1
54309,103,98,5,5
54310,79,82,-3,3
54311,176,163,13,13
54312,120,110,10,10
54313,75,79,-4,4
54314,75,73,2,2
54315,77,75,2,2
54316,87,86,1,1
54317,49,68,-19,19
54318,164,137,27,27
54319,142,127,15,15
54320,136,127,9,9
54321,51,64,-13,13
54322,79,81,-2,2
54323,173,161,12,12
54324,118,111,7,7
54325,75,77,-2,2
54326,87,93,-6,6
54327,66,68,-2,2
54328,67,73,-6,6
54329,124,113,11,11
54330,62,69,-7,7
54331,88,96,-8,8
54332,87,86,1,1
54333,125,125,0,0
54334,107,86,21,21
54335,65,69,-4,4
54336,50,63,-13,13
54337,80,77,3,3
54338,166,155,11,11
54339,142,130,12,12
54340,171,159,12,12
54341,57,64,-7,7
54342,87,88,-1,1
54343,106,99,7,7
54344,95,100,-5,5
54345,108,98,10,10
54346,105,96,9,9
54347,112,105,7,7
54348,101,89,12,12
54349,89,85,4,4
54350,49,63,-14,14
54351,84,83,1,1
54352,101,102,-1,1
54353,66,71,-5,5
54354,83,82,1,1
54355,58,65,-7,7
54356,85,89,-4,4
54357,91,111,-20,20
54358,53,71,-18,18
54359,94,96,-2,2
54360,97,85,12,12
54361,76,76,0,0
54362,45,64,-19,19
54363,49,58,-9,9
54364,150,145,5,5
54365,104,97,7,7
54366,111,113,-2,2
54367,68,69,-1,1
54368,93,100,-7,7
54369,100,101,-1,1
54370,107,104,3,3
54371,121,118,3,3
54372,60,74,-14,14
54373,134,129,5,5
54374,127,118,9,9
54375,76,80,-4,4
54376,122,105,17,17
54377,71,71,0,0
54378,73,86,-13,13
54379,74,75,-1,1
54380,133,125,8,8
54381,78,78,0,0
54382,60,77,-17,17
54383,112,122,-10,10
54384,87,91,-4,4
54385,105,97,8,8
54386,62,70,-8,8
54387,76,76,0,0
54388,124,113,11,11
54389,108,110,-2,2
54390,63,68,-5,5
54391,192,176,16,16
54392,63,78,-15,15
54393,94,96,-2,2
54394,76,94,-18,18
54395,153,146,7,7
54396,145,135,10,10
54397,118,122,-4,4
54398,144,144,0,0
54399,80,88,-8,8
54400,81,80,1,1
54401,167,139,28,28
54402,112,89,23,23
54403,87,93,-6,6
54404,114,85,29,29
54405,96,98,-2,2
54406,72,74,-2,2
54407,148,145,3,3
54408,105,105,0,0
54409,138,142,-4,4
54410,80,85,-5,5
54411,79,87,-8,8
54412,92,89,3,3
54413,104,103,1,1
54414,60,77,-17,17
54415,179,158,21,21
54416,86,85,1,1
54417,32,57,-25,25
54418,134,109,25,25
54419,71,74,-3,3
54420,93,95,-2,2
54421,112,106,6,6
54422,117,112,5,5
54423,112,107,5,5
54424,83,86,-3,3
54425,111,110,1,1
54426,143,135,8,8
54427,84,98,-14,14
54428,58,69,-11,11
54429,78,82,-4,4
54430,116,103,13,13
54431,120,106,14,14
54432,102,92,10,10
54433,155,85,70,70
54434,106,104,2,2
54435,79,75,4,4
54436,111,113,-2,2
54437,72,76,-4,4
54438,59,66,-7,7
54439,139,143,-4,4
54440,119,108,11,11
54441,100,95,5,5
54442,59,73,-14,14
54443,67,76,-9,9
54444,149,150,-1,1
54445,74,77,-3,3
54446,96,98,-2,2
54447,196,191,5,5
54448,144,138,6,6
54449,101,94,7,7
54450,80,95,-15,15
54451,76,90,-14,14
54452,96,97,-1,1
54453,112,103,9,9
54454,73,97,-24,24
54455,126,123,3,3
54456,92,89,3,3
54457,125,127,-2,2
54458,64,71,-7,7
54459,146,137,9,9
54460,77,95,-18,18
54461,148,142,6,6
54462,126,121,5,5
54463,95,99,-4,4
54464,58,61,-3,3
54465,146,130,16,16
54466,148,131,17,17
54467,104,105,-1,1
54468,129,119,10,10
54469,60,62,-2,2
54470,83,83,0,0
54471,67,63,4,4
54472,132,118,14,14
54473,82,89,-7,7
54474,34,63,-29,29
54475,76,87,-11,11
54476,116,121,-5,5
54477,119,119,0,0
54478,96,99,-3,3
54479,138,126,12,12
54480,80,80,0,0
54481,109,109,0,0
54482,103,98,5,5
54483,57,68,-11,11
54484,41,49,-8,8
54485,121,116,5,5
54486,87,83,4,4
54487,125,118,7,7
54488,82,89,-7,7
54489,36,55,-19,19
54490,63,64,-1,1
54491,112,104,8,8
54492,90,84,6,6
54493,110,114,-4,4
54494,184,164,20,20
54495,97,99,-2,2
54496,64,74,-10,10
54497,115,101,14,14
54498,85,83,2,2
54499,60,67,-7,7
54500,68,80,-12,12
54501,118,113,5,5
54502,56,71,-15,15
54503,49,70,-21,21
54504,92,97,-5,5
54505,62,69,-7,7
54506,131,114,17,17
54507,125,120,5,5
54508,146,144,2,2
54509,78,83,-5,5
54510,69,71,-2,2
54511,76,77,-1,1
54512,66,71,-5,5
54513,71,78,-7,7
54514,97,102,-5,5
54515,264,246,18,18
54516,38,55,-17,17
54517,134,138,-4,4
54518,70,72,-2,2
54519,67,72,-5,5
54520,128,120,8,8
54521,138,103,35,35
54522,101,110,-9,9
54523,76,79,-3,3
54524,42,61,-19,19
54525,138,120,18,18
54526,126,115,11,11
54527,80,80,0,0
54528,61,63,-2,2
54529,105,94,11,11
54530,113,109,4,4
54531,96,96,0,0
54532,97,98,-1,1
54533,74,87,-13,13
54534,129,129,0,0
54535,83,79,4,4
54536,87,84,3,3
54537,72,73,-1,1
54538,120,110,10,10
54539,95,113,-18,18
54540,62,69,-7,7
54541,54,67,-13,13
54542,80,85,-5,5
54543,109,97,12,12
54544,90,83,7,7
54545,30,41,-11,11
54546,103,98,5,5
54547,91,100,-9,9
54548,92,84,8,8
54549,79,87,-8,8
54550,120,113,7,7
54551,131,120,11,11
54552,91,95,-4,4
54553,64,67,-3,3
54554,106,103,3,3
54555,81,84,-3,3
54556,86,83,3,3
54557,190,186,4,4
54558,80,79,1,1
54559,108,113,-5,5
54560,136,139,-3,3
54561,84,84,0,0
54562,122,118,4,4
54563,80,80,0,0
54564,80,78,2,2
54565,143,135,8,8
54566,31,50,-19,19
54567,96,92,4,4
54568,74,70,4,4
54569,130,122,8,8
54570,99,96,3,3
54571,90,97,-7,7
54572,89,83,6,6
54573,122,103,19,19
54574,116,113,3,3
54575,111,111,0,0
54576,129,120,9,9
54577,97,99,-2,2
54578,122,102,20,20
54579,94,113,-19,19
54580,78,84,-6,6
54581,101,98,3,3
54582,77,85,-8,8
54583,99,103,-4,4
54584,91,105,-14,14
54585,74,79,-5,5
54586,120,114,6,6
54587,109,100,9,9
54588,54,67,-13,13
54589,105,95,10,10
54590,140,142,-2,2
54591,175,162,13,13
54592,103,97,6,6
54593,80,85,-5,5
54594,71,80,-9,9
54595,101,96,5,5
54596,91,92,-1,1
54597,75,84,-9,9
54598,51,63,-12,12
54599,59,65,-6,6
54600,108,100,8,8
54601,198,173,25,25
54602,48,55,-7,7
54603,117,110,7,7
54604,44,55,-11,11
54605,105,102,3,3
54606,78,82,-4,4
54607,92,100,-8,8
54608,89,86,3,3
54609,68,73,-5,5
54610,50,65,-15,15
54611,83,79,4,4
54612,71,74,-3,3
54613,96,114,-18,18
54614,146,131,15,15
54615,134,106,28,28
54616,73,105,-32,32
54617,84,106,-22,22
54618,86,93,-7,7
54619,152,139,13,13
54620,59,68,-9,9
54621,183,164,19,19
54622,50,62,-12,12
54623,83,84,-1,1
54624,103,95,8,8
54625,63,69,-6,6
54626,58,69,-11,11
54627,79,79,0,0
54628,65,90,-25,25
54629,50,65,-15,15
54630,89,83,6,6
54631,132,116,16,16
54632,91,97,-6,6
54633,79,83,-4,4
54634,89,83,6,6
54635,117,118,-1,1
54636,89,82,7,7
54637,109,111,-2,2
54638,124,115,9,9
54639,97,91,6,6
54640,131,127,4,4
54641,86,86,0,0
54642,77,81,-4,4
54643,96,98,-2,2
54644,94,91,3,3
54645,74,75,-1,1
54646,129,121,8,8
54647,104,99,5,5
54648,113,118,-5,5
54649,99,100,-1,1
54650,63,59,4,4
54651,95,94,1,1
54652,68,81,-13,13
54653,194,157,37,37
54654,99,104,-5,5
54655,123,130,-7,7
54656,119,110,9,9
54657,108,95,13,13
54658,66,83,-17,17
54659,60,69,-9,9
54660,58,70,-12,12
54661,183,170,13,13
54662,190,172,18,18
54663,165,143,22,22
54664,80,89,-9,9
54665,166,155,11,11
54666,123,122,1,1
54667,131,130,1,1
54668,62,72,-10,10
54669,83,75,8,8
54670,125,112,13,13
54671,103,104,-1,1
54672,101,104,-3,3
54673,95,90,5,5
54674,59,67,-8,8
54675,107,99,8,8
54676,79,72,7,7
54677,87,82,5,5
54678,84,88,-4,4
54679,67,71,-4,4
54680,75,74,1,1
54681,85,81,4,4
54682,89,83,6,6
54683,105,112,-7,7
54684,71,74,-3,3
54685,150,130,20,20
54686,59,67,-8,8
54687,86,83,3,3
54688,85,85,0,0
54689,110,111,-1,1
54690,76,74,2,2
54691,100,100,0,0
54692,109,98,11,11
54693,110,105,5,5
54694,97,104,-7,7
54695,109,106,3,3
54696,188,172,16,16
54697,52,65,-13,13
54698,56,67,-11,11
54699,87,86,1,1
54700,72,75,-3,3
54701,171,160,11,11
54702,109,101,8,8
54703,86,91,-5,5
54704,140,130,10,10
54705,113,105,8,8
54706,89,88,1,1
54707,102,98,4,4
54708,82,80,2,2
54709,87,84,3,3
54710,85,89,-4,4
54711,150,138,12,12
54712,151,130,21,21
54713,65,79,-14,14
54714,150,139,11,11
54715,102,99,3,3
54716,88,86,2,2
54717,108,107,1,1
54718,38,59,-21,21
54719,123,117,6,6
54720,92,82,10,10
54721,120,110,10,10
54722,108,99,9,9
54723,72,70,2,2
54724,62,65,-3,3
54725,105,103,2,2
54726,71,85,-14,14
54727,99,89,10,10
54728,88,89,-1,1
54729,79,91,-12,12
54730,86,85,1,1
54731,116,100,16,16
54732,74,82,-8,8
54733,93,97,-4,4
54734,198,172,26,26
54735,96,94,2,2
54736,78,80,-2,2
54737,57,61,-4,4
54738,45,60,-15,15
54739,140,131,9,9
54740,76,78,-2,2
54741,88,93,-5,5
54742,127,125,2,2
54743,50,66,-16,16
54744,101,106,-5,5
54745,71,80,-9,9
54746,141,127,14,14
54747,110,115,-5,5
54748,144,128,16,16
54749,114,117,-3,3
54750,66,70,-4,4
54751,90,96,-6,6
54752,83,82,1,1
54753,143,124,19,19
54754,81,82,-1,1
54755,41,48,-7,7
54756,165,157,8,8
54757,92,98,-6,6
54758,43,73,-30,30
54759,84,80,4,4
54760,58,74,-16,16
54761,74,72,2,2
54762,102,85,17,17
54763,62,77,-15,15
54764,115,103,12,12
54765,93,99,-6,6
54766,155,136,19,19
54767,173,172,1,1
54768,145,134,11,11
54769,75,80,-5,5
54770,116,102,14,14
54771,114,116,-2,2
54772,115,114,1,1
54773,123,114,9,9
54774,86,99,-13,13
54775,95,89,6,6
54776,59,66,-7,7
54777,123,119,4,4
54778,111,112,-1,1
54779,109,124,-15,15
54780,92,90,2,2
54781,118,127,-9,9
54782,42,55,-13,13
54783,65,70,-5,5
54784,74,76,-2,2
54785,144,142,2,2
54786,139,130,9,9
54787,71,77,-6,6
54788,66,70,-4,4
54789,81,82,-1,1
54790,103,105,-2,2
54791,65,68,-3,3
54792,137,145,-8,8
54793,86,92,-6,6
54794,64,58,6,6
54795,96,96,0,0
54796,76,90,-14,14
54797,56,65,-9,9
54798,59,68,-9,9
54799,70,76,-6,6
54800,79,78,1,1
54801,92,87,5,5
54802,64,76,-12,12
54803,141,139,2,2
54804,111,106,5,5
54805,123,105,18,18
54806,55,66,-11,11
54807,58,66,-8,8
54808,105,88,17,17
54809,124,109,15,15
54810,76,77,-1,1
54811,72,90,-18,18
54812,68,77,-9,9
54813,39,57,-18,18
54814,83,78,5,5
54815,90,86,4,4
54816,84,78,6,6
54817,131,112,19,19
54818,100,93,7,7
54819,68,75,-7,7
54820,199,173,26,26
54821,111,102,9,9
54822,63,64,-1,1
54823,112,108,4,4
54824,58,66,-8,8
54825,167,160,7,7
54826,167,152,15,15
54827,204,177,27,27
54828,88,91,-3,3
54829,112,114,-2,2
54830,109,105,4,4
54831,74,71,3,3
54832,118,115,3,3
54833,114,108,6,6
54834,52,61,-9,9
54835,79,80,-1,1
54836,63,67,-4,4
54837,34,52,-18,18
54838,75,78,-3,3
54839,66,71,-5,5
54840,165,168,-3,3
54841,140,105,35,35
54842,68,75,-7,7
54843,119,109,10,10
54844,109,104,5,5
54845,79,81,-2,2
54846,96,85,11,11
54847,96,92,4,4
54848,58,63,-5,5
54849,99,97,2,2
54850,68,77,-9,9
54851,61,67,-6,6
54852,89,90,-1,1
54853,135,122,13,13
54854,60,67,-7,7
54855,92,90,2,2
54856,84,80,4,4
54857,84,86,-2,2
54858,94,98,-4,4
54859,101,107,-6,6
54860,119,111,8,8
54861,139,146,-7,7
54862,84,84,0,0
54863,204,162,42,42
54864,97,94,3,3
54865,79,87,-8,8
54866,101,101,0,0
54867,86,84,2,2
54868,84,82,2,2
54869,67,74,-7,7
54870,98,98,0,0
54871,79,81,-2,2
54872,90,80,10,10
54873,62,69,-7,7
54874,65,72,-7,7
54875,62,73,-11,11
54876,41,53,-12,12
54877,140,122,18,18
54878,167,151,16,16
54879,129,123,6,6
54880,170,181,-11,11
54881,76,79,-3,3
54882,88,86,2,2
54883,57,63,-6,6
54884,55,65,-10,10
54885,81,80,1,1
54886,142,132,10,10
54887,118,109,9,9
54888,66,69,-3,3
54889,61,72,-11,11
54890,97,98,-1,1
54891,88,86,2,2
54892,101,99,2,2
54893,64,66,-2,2
54894,116,108,8,8
54895,90,84,6,6
54896,87,99,-12,12
54897,98,89,9,9
54898,111,109,2,2
54899,67,68,-1,1
54900,51,67,-16,16
54901,123,123,0,0
54902,59,70,-11,11
54903,67,69,-2,2
54904,48,59,-11,11
54905,52,71,-19,19
54906,180,180,0,0
54907,61,69,-8,8
54908,162,149,13,13
54909,76,81,-5,5
54910,57,66,-9,9
54911,90,86,4,4
54912,55,71,-16,16
54913,103,111,-8,8
54914,72,82,-10,10
54915,70,66,4,4
54916,154,137,17,17
54917,113,114,-1,1
54918,108,103,5,5
54919,50,70,-20,20
54920,45,68,-23,23
54921,71,68,3,3
54922,132,122,10,10
54923,164,151,13,13
54924,100,98,2,2
54925,46,54,-8,8
54926,85,83,2,2
54927,88,83,5,5
54928,107,109,-2,2
54929,84,83,1,1
54930,48,59,-11,11
54931,98,98,0,0
54932,154,142,12,12
54933,115,113,2,2
54934,69,77,-8,8
54935,47,61,-14,14
54936,79,74,5,5
54937,74,74,0,0
54938,77,85,-8,8
54939,52,64,-12,12
54940,146,135,11,11
54941,74,84,-10,10
54942,122,114,8,8
54943,83,103,-20,20
54944,134,104,30,30
54945,113,121,-8,8
54946,113,105,8,8
54947,100,113,-13,13
54948,77,78,-1,1
54949,91,87,4,4
54950,112,140,-28,28
54951,109,99,10,10
54952,97,93,4,4
54953,156,146,10,10
54954,128,118,10,10
54955,88,94,-6,6
54956,68,75,-7,7
54957,69,75,-6,6
54958,137,132,5,5
54959,68,82,-14,14
54960,65,71,-6,6
54961,93,88,5,5
54962,58,65,-7,7
54963,55,68,-13,13
54964,121,115,6,6
54965,133,135,-2,2
54966,50,59,-9,9
54967,228,206,22,22
54968,101,95,6,6
54969,51,61,-10,10
54970,89,87,2,2
54971,63,79,-16,16
54972,70,82,-12,12
54973,41,50,-9,9
54974,114,105,9,9
54975,65,76,-11,11
54976,83,86,-3,3
54977,61,67,-6,6
54978,68,70,-2,2
54979,107,104,3,3
54980,70,143,-73,73
54981,122,103,19,19
54982,44,59,-15,15
54983,138,135,3,3
54984,178,169,9,9
54985,94,89,5,5
54986,107,95,12,12
54987,63,70,-7,7
54988,84,95,-11,11
54989,124,114,10,10
54990,68,84,-16,16
54991,78,84,-6,6
54992,177,161,16,16
54993,49,65,-16,16
54994,60,63,-3,3
54995,63,78,-15,15
54996,39,70,-31,31
54997,88,90,-2,2
54998,150,144,6,6
54999,105,98,7,7
55000,88,84,4,4
55001,58,54,4,4
55002,47,57,-10,10
55003,135,119,16,16
55004,101,95,6,6
55005,61,67,-6,6
55006,114,101,13,13
55007,75,76,-1,1
55008,88,83,5,5
55009,69,71,-2,2
55010,95,86,9,9
55011,120,130,-10,10
55012,148,156,-8,8
55013,80,80,0,0
55014,54,63,-9,9
55015,85,86,-1,1
55016,123,92,31,31
55017,101,100,1,1
55018,108,111,-3,3
55019,62,69,-7,7
55020,68,84,-16,16
55021,55,64,-9,9
55022,103,101,2,2
55023,115,105,10,10
55024,94,92,2,2
55025,77,81,-4,4
55026,146,124,22,22
55027,62,72,-10,10
55028,57,66,-9,9
55029,204,184,20,20
55030,52,70,-18,18
55031,111,122,-11,11
55032,67,72,-5,5
55033,116,109,7,7
55034,168,162,6,6
55035,47,58,-11,11
55036,75,73,2,2
55037,92,94,-2,2
55038,139,141,-2,2
55039,130,139,-9,9
55040,118,106,12,12
55041,72,78,-6,6
55042,90,96,-6,6
55043,104,83,21,21
55044,99,101,-2,2
55045,98,97,1,1
55046,84,90,-6,6
55047,106,93,13,13
55048,69,73,-4,4
55049,72,82,-10,10
55050,86,86,0,0
55051,122,107,15,15
55052,103,90,13,13
55053,113,113,0,0
55054,70,68,2,2
55055,73,94,-21,21
55056,79,79,0,0
55057,102,95,7,7
55058,79,78,1,1
55059,67,72,-5,5
55060,61,67,-6,6
55061,78,84,-6,6
55062,83,83,0,0
55063,91,85,6,6
55064,49,65,-16,16
55065,64,69,-5,5
55066,76,80,-4,4
55067,155,147,8,8
55068,90,90,0,0
55069,78,113,-35,35
55070,67,75,-8,8
55071,112,108,4,4
55072,90,87,3,3
55073,98,99,-1,1
55074,93,94,-1,1
55075,103,101,2,2
55076,64,72,-8,8
55077,94,98,-4,4
55078,58,68,-10,10
55079,76,83,-7,7
55080,153,139,14,14
55081,96,87,9,9
55082,151,145,6,6
55083,60,70,-10,10
55084,87,80,7,7
55085,30,54,-24,24
55086,83,78,5,5
55087,107,111,-4,4
55088,114,103,11,11
55089,74,78,-4,4
55090,99,108,-9,9
55091,120,113,7,7
55092,89,87,2,2
55093,215,198,17,17
55094,53,59,-6,6
55095,74,78,-4,4
55096,112,101,11,11
55097,76,83,-7,7
55098,69,73,-4,4
55099,146,135,11,11
55100,92,91,1,1
55101,72,77,-5,5
55102,184,175,9,9
55103,50,61,-11,11
55104,82,80,2,2
55105,90,85,5,5
55106,152,133,19,19
55107,41,56,-15,15
55108,149,140,9,9
55109,83,82,1,1
55110,45,63,-18,18
55111,225,200,25,25
55112,169,158,11,11
55113,44,61,-17,17
55114,118,121,-3,3
55115,108,100,8,8
55116,125,116,9,9
55117,124,120,4,4
55118,65,84,-19,19
55119,164,143,21,21
55120,138,132,6,6
55121,87,85,2,2
55122,51,63,-12,12
55123,98,104,-6,6
55124,64,72,-8,8
55125,63,73,-10,10
55126,101,99,2,2
55127,90,84,6,6
55128,104,93,11,11
55129,140,130,10,10
55130,121,112,9,9
55131,107,104,3,3
55132,85,90,-5,5
55133,116,114,2,2
55134,55,70,-15,15
55135,74,84,-10,10
55136,178,132,46,46
55137,134,116,18,18
55138,62,70,-8,8
55139,113,108,5,5
55140,75,74,1,1
55141,84,82,2,2
55142,88,81,7,7
55143,68,81,-13,13
55144,46,59,-13,13
55145,150,161,-11,11
55146,99,87,12,12
55147,108,100,8,8
55148,118,85,33,33
55149,48,64,-16,16
55150,104,92,12,12
55151,73,69,4,4
55152,109,100,9,9
55153,62,69,-7,7
55154,91,81,10,10
55155,119,117,2,2
55156,157,146,11,11
55157,117,106,11,11
55158,60,69,-9,9
55159,90,90,0,0
55160,102,99,3,3
55161,100,94,6,6
55162,99,96,3,3
55163,108,96,12,12
55164,90,86,4,4
55165,120,114,6,6
55166,97,97,0,0
55167,78,82,-4,4
55168,105,102,3,3
55169,160,148,12,12
55170,143,129,14,14
55171,112,113,-1,1
55172,152,141,11,11
55173,153,138,15,15
55174,65,66,-1,1
55175,66,73,-7,7
55176,63,71,-8,8
55177,55,83,-28,28
55178,75,78,-3,3
55179,91,85,6,6
55180,81,80,1,1
55181,138,123,15,15
55182,120,107,13,13
55183,86,85,1,1
55184,75,77,-2,2
55185,15,34,-19,19
55186,71,75,-4,4
55187,158,142,16,16
55188,102,89,13,13
55189,58,66,-8,8
55190,54,57,-3,3
55191,77,82,-5,5
55192,82,79,3,3
55193,69,75,-6,6
55194,92,99,-7,7
55195,132,131,1,1
55196,109,109,0,0
55197,192,176,16,16
55198,62,68,-6,6
55199,41,53,-12,12
55200,120,115,5,5
55201,82,84,-2,2
55202,116,105,11,11
55203,44,62,-18,18
55204,87,84,3,3
55205,63,74,-11,11
55206,75,79,-4,4
55207,106,97,9,9
55208,198,182,16,16
55209,87,83,4,4
55210,45,53,-8,8
55211,95,91,4,4
55212,128,119,9,9
55213,72,76,-4,4
55214,80,85,-5,5
55215,144,145,-1,1
55216,83,81,2,2
55217,138,132,6,6
55218,107,97,10,10
55219,42,59,-17,17
55220,105,105,0,0
55221,129,119,10,10
55222,78,82,-4,4
55223,157,135,22,22
55224,135,126,9,9
55225,38,49,-11,11
55226,174,158,16,16
55227,83,85,-2,2
55228,79,76,3,3
55229,172,172,0,0
55230,76,70,6,6
55231,106,87,19,19
55232,102,103,-1,1
55233,60,73,-13,13
55234,160,140,20,20
55235,58,68,-10,10
55236,66,73,-7,7
55237,93,91,2,2
55238,97,92,5,5
55239,99,103,-4,4
55240,232,218,14,14
55241,111,100,11,11
55242,57,71,-14,14
55243,92,102,-10,10
55244,70,70,0,0
55245,58,75,-17,17
55246,58,64,-6,6
55247,80,86,-6,6
55248,119,109,10,10
55249,111,102,9,9
55250,73,80,-7,7
55251,72,72,0,0
55252,98,90,8,8
55253,114,116,-2,2
55254,115,109,6,6
55255,180,56,124,124
55256,137,143,-6,6
55257,106,92,14,14
55258,116,111,5,5
55259,161,148,13,13
55260,53,64,-11,11
55261,160,145,15,15
55262,105,105,0,0
55263,85,85,0,0
55264,137,133,4,4
55265,78,84,-6,6
55266,152,152,0,0
55267,107,101,6,6
55268,61,70,-9,9
55269,113,104,9,9
55270,145,140,5,5
55271,125,112,13,13
55272,63,69,-6,6
55273,83,86,-3,3
55274,139,119,20,20
55275,79,79,0,0
55276,136,128,8,8
55277,77,81,-4,4
55278,101,90,11,11
55279,54,63,-9,9
55280,103,102,1,1
55281,84,85,-1,1
55282,62,70,-8,8
55283,149,149,0,0
55284,52,64,-12,12
55285,143,139,4,4
55286,185,170,15,15
55287,121,105,16,16
55288,93,101,-8,8
55289,89,86,3,3
55290,71,71,0,0
55291,96,88,8,8
55292,92,82,10,10
55293,132,120,12,12
55294,110,109,1,1
55295,81,84,-3,3
55296,138,126,12,12
55297,121,121,0,0
55298,136,120,16,16
55299,108,111,-3,3
55300,102,98,4,4
55301,107,113,-6,6
55302,123,115,8,8
55303,78,79,-1,1
55304,123,124,-1,1
55305,191,166,25,25
55306,83,79,4,4
55307,66,72,-6,6
55308,147,134,13,13
55309,75,76,-1,1
55310,142,141,1,1
55311,54,65,-11,11
55312,79,85,-6,6
55313,65,64,1,1
55314,69,73,-4,4
55315,92,92,0,0
55316,116,99,17,17
55317,138,109,29,29
55318,60,69,-9,9
55319,113,106,7,7
55320,107,105,2,2
55321,71,82,-11,11
55322,87,83,4,4
55323,66,76,-10,10
55324,115,115,0,0
55325,88,90,-2,2
55326,59,71,-12,12
55327,109,103,6,6
55328,101,99,2,2
55329,99,89,10,10
55330,84,84,0,0
55331,79,77,2,2
55332,144,120,24,24
55333,74,82,-8,8
55334,67,74,-7,7
55335,79,82,-3,3
55336,69,72,-3,3
55337,64,74,-10,10
55338,74,70,4,4
55339,122,142,-20,20
55340,88,94,-6,6
55341,85,98,-13,13
55342,135,140,-5,5
55343,150,129,21,21
55344,120,112,8,8
55345,85,85,0,0
55346,87,93,-6,6
55347,69,79,-10,10
55348,136,122,14,14
55349,139,115,24,24
55350,81,82,-1,1
55351,88,88,0,0
55352,117,111,6,6
55353,127,136,-9,9
55354,83,86,-3,3
55355,53,62,-9,9
55356,41,51,-10,10
55357,97,96,1,1
55358,169,158,11,11
55359,112,100,12,12
55360,38,55,-17,17
55361,84,83,1,1
55362,67,73,-6,6
55363,92,86,6,6
55364,110,104,6,6
55365,88,97,-9,9
55366,78,79,-1,1
55367,84,89,-5,5
55368,69,74,-5,5
55369,99,96,3,3
55370,101,107,-6,6
55371,86,86,0,0
55372,102,101,1,1
55373,60,67,-7,7
55374,54,65,-11,11
55375,111,116,-5,5
55376,138,126,12,12
55377,82,77,5,5
55378,96,109,-13,13
55379,62,71,-9,9
55380,161,155,6,6
55381,73,80,-7,7
55382,92,89,3,3
55383,115,112,3,3
55384,150,138,12,12
55385,78,82,-4,4
55386,93,89,4,4
55387,80,81,-1,1
55388,88,94,-6,6
55389,89,87,2,2
55390,107,102,5,5
55391,76,73,3,3
55392,115,115,0,0
55393,96,96,0,0
55394,119,114,5,5
55395,56,68,-12,12
55396,100,117,-17,17
55397,101,95,6,6
55398,89,84,5,5
55399,75,84,-9,9
55400,106,99,7,7
55401,68,75,-7,7
55402,69,71,-2,2
55403,83,81,2,2
55404,85,90,-5,5
55405,130,126,4,4
55406,64,69,-5,5
55407,44,64,-20,20
55408,83,79,4,4
55409,54,94,-40,40
55410,130,111,19,19
55411,91,92,-1,1
55412,59,82,-23,23
55413,109,96,13,13
55414,145,136,9,9
55415,65,66,-1,1
55416,50,59,-9,9
55417,147,133,14,14
55418,90,96,-6,6
55419,143,142,1,1
55420,97,95,2,2
55421,111,104,7,7
55422,63,66,-3,3
55423,70,85,-15,15
55424,109,95,14,14
55425,108,116,-8,8
55426,149,139,10,10
55427,98,96,2,2
55428,137,129,8,8
55429,45,58,-13,13
55430,95,93,2,2
55431,59,75,-16,16
55432,71,71,0,0
55433,117,114,3,3
55434,73,80,-7,7
55435,80,85,-5,5
55436,168,136,32,32
55437,149,152,-3,3
55438,53,60,-7,7
55439,65,71,-6,6
55440,160,143,17,17
55441,83,84,-1,1
55442,88,88,0,0
55443,98,85,13,13
55444,51,64,-13,13
55445,54,68,-14,14
55446,70,80,-10,10
55447,80,84,-4,4
55448,169,141,28,28
55449,109,104,5,5
55450,57,69,-12,12
55451,119,118,1,1
55452,238,218,20,20
55453,132,129,3,3
55454,78,84,-6,6
55455,88,85,3,3
55456,85,87,-2,2
55457,27,57,-30,30
55458,62,74,-12,12
55459,131,124,7,7
55460,138,127,11,11
55461,43,92,-49,49
55462,58,73,-15,15
55463,76,83,-7,7
55464,72,84,-12,12
55465,121,95,26,26
55466,107,99,8,8
55467,81,83,-2,2
55468,49,73,-24,24
55469,113,102,11,11
55470,71,71,0,0
55471,44,57,-13,13
55472,81,81,0,0
55473,73,73,0,0
55474,85,90,-5,5
55475,100,96,4,4
55476,126,114,12,12
55477,96,90,6,6
55478,67,72,-5,5
55479,114,120,-6,6
55480,97,82,15,15
55481,185,159,26,26
55482,55,65,-10,10
55483,177,175,2,2
55484,85,85,0,0
55485,117,114,3,3
55486,157,141,16,16
55487,129,119,10,10
55488,94,101,-7,7
55489,87,93,-6,6
55490,139,118,21,21
55491,121,116,5,5
55492,65,64,1,1
55493,58,72,-14,14
55494,98,92,6,6
55495,37,51,-14,14
55496,63,73,-10,10
55497,193,189,4,4
55498,101,106,-5,5
55499,69,85,-16,16
55500,133,125,8,8
55501,121,106,15,15
55502,91,94,-3,3
55503,85,87,-2,2
55504,67,78,-11,11
55505,117,112,5,5
55506,61,63,-2,2
55507,61,67,-6,6
55508,97,104,-7,7
55509,81,86,-5,5
55510,89,92,-3,3
55511,58,72,-14,14
55512,80,75,5,5
55513,96,85,11,11
55514,87,89,-2,2
55515,69,78,-9,9
55516,116,122,-6,6
55517,138,142,-4,4
55518,65,75,-10,10
55519,90,87,3,3
55520,87,86,1,1
55521,102,97,5,5
55522,79,92,-13,13
55523,146,145,1,1
55524,130,115,15,15
55525,127,108,19,19
55526,96,92,4,4
55527,80,81,-1,1
55528,132,133,-1,1
55529,115,99,16,16
55530,81,92,-11,11
55531,86,87,-1,1
55532,105,96,9,9
55533,130,120,10,10
55534,84,84,0,0
55535,52,97,-45,45
55536,72,71,1,1
55537,82,84,-2,2
55538,115,109,6,6
55539,100,95,5,5
55540,102,99,3,3
55541,107,105,2,2
55542,116,111,5,5
55543,61,65,-4,4
55544,95,97,-2,2
55545,78,77,1,1
55546,78,86,-8,8
55547,79,76,3,3
55548,82,86,-4,4
55549,71,80,-9,9
55550,128,118,10,10
55551,89,91,-2,2
55552,115,131,-16,16
55553,83,76,7,7
55554,80,76,4,4
55555,79,94,-15,15
55556,69,84,-15,15
55557,123,113,10,10
55558,67,76,-9,9
55559,135,125,10,10
55560,134,153,-19,19
55561,133,123,10,10
55562,52,64,-12,12
55563,175,161,14,14
55564,95,85,10,10
55565,122,114,8,8
55566,74,75,-1,1
55567,73,80,-7,7
55568,53,65,-12,12
55569,69,76,-7,7
55570,103,109,-6,6
55571,45,57,-12,12
55572,107,99,8,8
55573,49,62,-13,13
55574,132,116,16,16
55575,89,88,1,1
55576,62,70,-8,8
55577,109,108,1,1
55578,81,82,-1,1
55579,72,83,-11,11
55580,52,58,-6,6
55581,74,77,-3,3
55582,36,54,-18,18
55583,68,74,-6,6
55584,73,81,-8,8
55585,89,91,-2,2
55586,63,66,-3,3
55587,69,79,-10,10
55588,103,106,-3,3
55589,53,68,-15,15
55590,103,104,-1,1
55591,108,97,11,11
55592,109,155,-46,46
55593,187,186,1,1
55594,69,76,-7,7
55595,124,113,11,11
55596,117,114,3,3
55597,94,95,-1,1
55598,44,48,-4,4
55599,120,111,9,9
55600,140,138,2,2
55601,131,119,12,12
55602,100,104,-4,4
55603,147,144,3,3
55604,55,59,-4,4
55605,126,128,-2,2
55606,84,91,-7,7
55607,81,86,-5,5
55608,110,91,19,19
55609,68,75,-7,7
55610,90,95,-5,5
55611,79,83,-4,4
55612,108,107,1,1
55613,69,77,-8,8
55614,67,68,-1,1
55615,151,151,0,0
55616,121,111,10,10
55617,67,77,-10,10
55618,100,93,7,7
55619,105,103,2,2
55620,105,111,-6,6
55621,92,98,-6,6
55622,107,109,-2,2
55623,163,153,10,10
55624,110,104,6,6
55625,115,107,8,8
55626,93,87,6,6
55627,143,130,13,13
55628,105,85,20,20
55629,102,94,8,8
55630,54,60,-6,6
55631,117,114,3,3
55632,94,87,7,7
55633,121,104,17,17
55634,51,61,-10,10
55635,93,99,-6,6
55636,136,134,2,2
55637,75,73,2,2
55638,83,76,7,7
55639,90,87,3,3
55640,110,104,6,6
55641,69,73,-4,4
55642,110,104,6,6
55643,78,84,-6,6
55644,85,81,4,4
55645,89,91,-2,2
55646,86,96,-10,10
55647,106,110,-4,4
55648,102,98,4,4
55649,52,65,-13,13
55650,207,203,4,4
55651,93,86,7,7
55652,113,113,0,0
55653,97,98,-1,1
55654,80,93,-13,13
55655,118,123,-5,5
55656,90,91,-1,1
55657,88,98,-10,10
55658,96,98,-2,2
55659,103,108,-5,5
55660,65,72,-7,7
55661,48,59,-11,11
55662,85,79,6,6
55663,104,98,6,6
55664,54,66,-12,12
55665,89,82,7,7
55666,132,130,2,2
55667,83,87,-4,4
55668,80,82,-2,2
55669,76,85,-9,9
55670,67,70,-3,3
55671,89,87,2,2
55672,149,143,6,6
55673,106,110,-4,4
55674,149,144,5,5
55675,52,68,-16,16
55676,58,71,-13,13
55677,70,78,-8,8
55678,78,80,-2,2
55679,212,187,25,25
55680,105,107,-2,2
55681,101,89,12,12
55682,107,98,9,9
55683,145,135,10,10
55684,77,80,-3,3
55685,108,98,10,10
55686,97,95,2,2
55687,90,82,8,8
55688,104,103,1,1
55689,99,95,4,4
55690,94,88,6,6
55691,105,109,-4,4
55692,69,78,-9,9
55693,81,87,-6,6
55694,88,88,0,0
55695,112,114,-2,2
55696,93,96,-3,3
55697,130,128,2,2
55698,145,123,22,22
55699,130,121,9,9
55700,62,81,-19,19
55701,99,98,1,1
55702,67,72,-5,5
55703,129,114,15,15
55704,72,79,-7,7
55705,96,93,3,3
55706,76,82,-6,6
55707,102,97,5,5
55708,81,83,-2,2
55709,157,149,8,8
55710,100,103,-3,3
55711,122,112,10,10
55712,65,73,-8,8
55713,82,79,3,3
55714,95,90,5,5
55715,133,136,-3,3
55716,108,105,3,3
55717,81,83,-2,2
55718,91,90,1,1
55719,134,122,12,12
55720,146,135,11,11
55721,93,96,-3,3
55722,53,63,-10,10
55723,108,98,10,10
55724,93,89,4,4
55725,99,89,10,10
55726,158,145,13,13
55727,66,79,-13,13
55728,66,70,-4,4
55729,83,90,-7,7
55730,103,98,5,5
55731,54,67,-13,13
55732,144,133,11,11
55733,88,99,-11,11
55734,105,95,10,10
55735,115,106,9,9
55736,125,113,12,12
55737,67,78,-11,11
55738,193,167,26,26
55739,127,102,25,25
55740,29,39,-10,10
55741,86,84,2,2
55742,121,119,2,2
55743,94,86,8,8
55744,125,114,11,11
55745,174,168,6,6
55746,163,152,11,11
55747,128,109,19,19
55748,155,140,15,15
55749,123,125,-2,2
55750,100,98,2,2
55751,80,87,-7,7
55752,121,112,9,9
55753,31,49,-18,18
55754,96,87,9,9
55755,80,79,1,1
55756,83,83,0,0
55757,82,84,-2,2
55758,97,99,-2,2
55759,72,78,-6,6
55760,69,77,-8,8
55761,86,86,0,0
55762,73,88,-15,15
55763,100,101,-1,1
55764,66,74,-8,8
55765,83,75,8,8
55766,92,99,-7,7
55767,68,68,0,0
55768,118,119,-1,1
55769,97,109,-12,12
55770,62,71,-9,9
55771,78,78,0,0
55772,48,61,-13,13
55773,98,96,2,2
55774,71,77,-6,6
55775,62,74,-12,12
55776,45,61,-16,16
55777,122,120,2,2
55778,91,87,4,4
55779,71,135,-64,64
55780,68,72,-4,4
55781,118,119,-1,1
55782,79,85,-6,6
55783,120,119,1,1
55784,134,139,-5,5
55785,72,79,-7,7
55786,92,87,5,5
55787,49,75,-26,26
55788,100,99,1,1
55789,90,95,-5,5
55790,71,77,-6,6
55791,83,86,-3,3
55792,71,74,-3,3
55793,90,94,-4,4
55794,168,165,3,3
55795,68,85,-17,17
55796,50,64,-14,14
55797,59,64,-5,5
55798,52,66,-14,14
55799,104,101,3,3
55800,95,98,-3,3
55801,57,69,-12,12
55802,211,201,10,10
55803,58,64,-6,6
55804,125,116,9,9
55805,99,98,1,1
55806,88,97,-9,9
55807,182,154,28,28
55808,99,99,0,0
55809,66,66,0,0
55810,169,154,15,15
55811,105,100,5,5
55812,92,96,-4,4
55813,110,105,5,5
55814,111,101,10,10
55815,95,91,4,4
55816,74,78,-4,4
55817,135,117,18,18
55818,51,95,-44,44
55819,78,77,1,1
55820,118,105,13,13
55821,118,116,2,2
55822,104,101,3,3
55823,37,56,-19,19
55824,96,94,2,2
55825,93,87,6,6
55826,60,88,-28,28
55827,102,97,5,5
55828,112,111,1,1
55829,73,84,-11,11
55830,142,126,16,16
55831,67,71,-4,4
55832,69,71,-2,2
55833,103,168,-65,65
55834,42,75,-33,33
55835,99,85,14,14
55836,181,161,20,20
55837,94,88,6,6
55838,83,86,-3,3
55839,98,85,13,13
55840,151,132,19,19
55841,149,127,22,22
55842,92,96,-4,4
55843,129,129,0,0
55844,79,78,1,1
55845,119,122,-3,3
55846,159,147,12,12
55847,63,74,-11,11
55848,74,77,-3,3
55849,141,139,2,2
55850,133,123,10,10
55851,106,100,6,6
55852,180,165,15,15
55853,152,130,22,22
55854,85,82,3,3
55855,118,109,9,9
55856,127,119,8,8
55857,143,145,-2,2
55858,80,89,-9,9
55859,123,118,5,5
55860,131,120,11,11
55861,53,54,-1,1
55862,83,80,3,3
55863,97,89,8,8
55864,120,117,3,3
55865,71,73,-2,2
55866,127,109,18,18
55867,68,74,-6,6
55868,79,83,-4,4
55869,104,110,-6,6
55870,139,142,-3,3
55871,143,148,-5,5
55872,102,107,-5,5
55873,75,74,1,1
55874,105,107,-2,2
55875,71,67,4,4
55876,52,59,-7,7
55877,73,72,1,1
55878,95,86,9,9
55879,84,79,5,5
55880,77,81,-4,4
55881,63,78,-15,15
55882,80,89,-9,9
55883,111,102,9,9
55884,146,128,18,18
55885,136,142,-6,6
55886,58,64,-6,6
55887,77,79,-2,2
55888,74,99,-25,25
55889,157,149,8,8
55890,113,115,-2,2
55891,88,86,2,2
55892,98,97,1,1
55893,70,77,-7,7
55894,70,83,-13,13
55895,95,94,1,1
55896,113,98,15,15
55897,65,71,-6,6
55898,82,78,4,4
55899,89,93,-4,4
55900,90,86,4,4
55901,75,95,-20,20
55902,73,72,1,1
55903,45,62,-17,17
55904,75,87,-12,12
55905,89,85,4,4
55906,127,111,16,16
55907,189,184,5,5
55908,132,122,10,10
55909,95,90,5,5
55910,113,103,10,10
55911,81,84,-3,3
55912,121,120,1,1
55913,73,78,-5,5
55914,107,99,8,8
55915,72,72,0,0
55916,110,113,-3,3
55917,69,74,-5,5
55918,149,134,15,15
55919,63,71,-8,8
55920,115,108,7,7
55921,105,98,7,7
55922,88,89,-1,1
55923,65,74,-9,9
55924,87,92,-5,5
55925,94,101,-7,7
55926,125,118,7,7
55927,93,85,8,8
55928,112,101,11,11
55929,103,93,10,10
55930,117,110,7,7
55931,95,95,0,0
55932,76,75,1,1
55933,94,102,-8,8
55934,50,60,-10,10
55935,115,114,1,1
55936,105,97,8,8
55937,108,100,8,8
55938,141,138,3,3
55939,102,103,-1,1
55940,58,74,-16,16
55941,108,103,5,5
55942,89,83,6,6
55943,71,80,-9,9
55944,59,64,-5,5
55945,89,85,4,4
55946,57,65,-8,8
55947,106,97,9,9
55948,161,139,22,22
55949,92,88,4,4
55950,66,73,-7,7
55951,82,83,-1,1
55952,84,78,6,6
55953,115,101,14,14
55954,110,105,5,5
55955,135,126,9,9
55956,93,92,1,1
55957,134,147,-13,13
55958,105,94,11,11
55959,79,78,1,1
55960,25,34,-9,9
55961,124,126,-2,2
55962,29,48,-19,19
55963,96,85,11,11
55964,125,117,8,8
55965,52,63,-11,11
55966,101,99,2,2
55967,70,74,-4,4
55968,98,91,7,7
55969,77,74,3,3
55970,167,148,19,19
55971,82,82,0,0
55972,91,88,3,3
55973,70,74,-4,4
55974,74,77,-3,3
55975,121,118,3,3
55976,46,68,-22,22
55977,76,81,-5,5
55978,111,113,-2,2
55979,58,63,-5,5
55980,65,70,-5,5
55981,53,62,-9,9
55982,109,117,-8,8
55983,80,83,-3,3
55984,88,91,-3,3
55985,110,103,7,7
55986,98,92,6,6
55987,97,107,-10,10
55988,128,115,13,13
55989,144,131,13,13
55990,82,87,-5,5
55991,131,125,6,6
55992,100,94,6,6
55993,95,97,-2,2
55994,108,101,7,7
55995,82,83,-1,1
55996,73,71,2,2
55997,94,96,-2,2
55998,99,109,-10,10
55999,88,85,3,3
56000,157,152,5,5
56001,75,80,-5,5
56002,95,97,-2,2
56003,82,81,1,1
56004,160,170,-10,10
56005,146,136,10,10
56006,166,171,-5,5
56007,76,78,-2,2
56008,139,133,6,6
56009,110,106,4,4
56010,118,122,-4,4
56011,122,111,11,11
56012,50,67,-17,17
56013,59,66,-7,7
56014,112,108,4,4
56015,108,120,-12,12
56016,42,54,-12,12
56017,112,112,0,0
56018,126,112,14,14
56019,88,95,-7,7
56020,121,104,17,17
56021,83,82,1,1
56022,95,102,-7,7
56023,98,91,7,7
56024,104,104,0,0
56025,66,72,-6,6
56026,129,124,5,5
56027,85,81,4,4
56028,101,100,1,1
56029,68,76,-8,8
56030,86,88,-2,2
56031,79,80,-1,1
56032,91,93,-2,2
56033,113,120,-7,7
56034,149,137,12,12
56035,76,80,-4,4
56036,107,106,1,1
56037,110,109,1,1
56038,75,82,-7,7
56039,100,100,0,0
56040,110,114,-4,4
56041,115,107,8,8
56042,128,121,7,7
56043,177,162,15,15
56044,105,98,7,7
56045,79,140,-61,61
56046,126,122,4,4
56047,135,146,-11,11
56048,66,69,-3,3
56049,148,135,13,13
56050,128,123,5,5
56051,106,97,9,9
56052,99,84,15,15
56053,73,69,4,4
56054,64,72,-8,8
56055,98,120,-22,22
56056,111,104,7,7
56057,124,123,1,1
56058,117,109,8,8
56059,94,90,4,4
56060,86,82,4,4
56061,80,81,-1,1
56062,105,107,-2,2
56063,77,83,-6,6
56064,101,98,3,3
56065,118,109,9,9
56066,130,108,22,22
56067,97,97,0,0
56068,77,81,-4,4
56069,76,82,-6,6
56070,122,123,-1,1
56071,116,134,-18,18
56072,67,81,-14,14
56073,109,100,9,9
56074,62,70,-8,8
56075,95,84,11,11
56076,130,123,7,7
56077,49,68,-19,19
56078,64,70,-6,6
56079,84,85,-1,1
56080,147,126,21,21
56081,121,106,15,15
56082,158,154,4,4
56083,105,95,10,10
56084,99,101,-2,2
56085,108,109,-1,1
56086,159,152,7,7
56087,87,85,2,2
56088,128,135,-7,7
56089,58,74,-16,16
56090,110,107,3,3
56091,187,177,10,10
56092,87,89,-2,2
56093,143,143,0,0
56094,84,78,6,6
56095,132,132,0,0
56096,74,77,-3,3
56097,109,106,3,3
56098,86,105,-19,19
56099,111,106,5,5
56100,49,56,-7,7
56101,73,76,-3,3
56102,125,131,-6,6
56103,75,77,-2,2
56104,78,80,-2,2
56105,99,96,3,3
56106,103,109,-6,6
56107,106,99,7,7
56108,57,63,-6,6
56109,139,130,9,9
56110,90,84,6,6
56111,67,70,-3,3
56112,60,70,-10,10
56113,46,54,-8,8
56114,56,69,-13,13
56115,135,123,12,12
56116,52,65,-13,13
56117,102,96,6,6
56118,79,82,-3,3
56119,75,81,-6,6
56120,118,115,3,3
56121,107,109,-2,2
56122,24,35,-11,11
56123,102,99,3,3
56124,78,83,-5,5
56125,94,84,10,10
56126,109,93,16,16
56127,139,133,6,6
56128,105,107,-2,2
56129,155,144,11,11
56130,53,61,-8,8
56131,82,92,-10,10
56132,159,160,-1,1
56133,105,98,7,7
56134,102,100,2,2
56135,78,81,-3,3
56136,67,72,-5,5
56137,149,143,6,6
56138,84,87,-3,3
56139,87,95,-8,8
56140,132,139,-7,7
56141,83,81,2,2
56142,75,76,-1,1
56143,99,95,4,4
56144,77,87,-10,10
56145,97,91,6,6
56146,132,106,26,26
56147,105,108,-3,3
56148,105,89,16,16
56149,59,65,-6,6
56150,69,72,-3,3
56151,120,113,7,7
56152,59,68,-9,9
56153,105,95,10,10
56154,81,82,-1,1
56155,156,152,4,4
56156,62,71,-9,9
56157,63,70,-7,7
56158,156,135,21,21
56159,48,131,-83,83
56160,81,84,-3,3
56161,78,82,-4,4
56162,72,72,0,0
56163,110,106,4,4
56164,76,84,-8,8
56165,82,84,-2,2
56166,76,78,-2,2
56167,106,101,5,5
56168,109,115,-6,6
56169,96,90,6,6
56170,129,133,-4,4
56171,71,73,-2,2
56172,124,134,-10,10
56173,107,103,4,4
56174,97,95,2,2
56175,113,99,14,14
56176,152,141,11,11
56177,91,104,-13,13
56178,78,79,-1,1
56179,158,144,14,14
56180,117,109,8,8
56181,97,97,0,0
56182,83,82,1,1
56183,132,124,8,8
56184,79,83,-4,4
56185,101,102,-1,1
56186,135,121,14,14
56187,96,77,19,19
56188,82,79,3,3
56189,70,80,-10,10
56190,110,102,8,8
56191,141,127,14,14
56192,61,65,-4,4
56193,97,91,6,6
56194,119,99,20,20
56195,67,74,-7,7
56196,92,101,-9,9
56197,84,76,8,8
56198,65,73,-8,8
56199,84,91,-7,7
56200,124,112,12,12
56201,135,132,3,3
56202,146,132,14,14
56203,109,110,-1,1
56204,145,143,2,2
56205,89,84,5,5
56206,136,130,6,6
56207,85,83,2,2
56208,55,68,-13,13
56209,92,99,-7,7
56210,61,70,-9,9
56211,132,120,12,12
56212,65,72,-7,7
56213,112,112,0,0
56214,107,98,9,9
56215,48,55,-7,7
56216,55,64,-9,9
56217,109,103,6,6
56218,136,126,10,10
56219,94,97,-3,3
56220,45,57,-12,12
56221,139,126,13,13
56222,72,81,-9,9
56223,156,133,23,23
56224,58,70,-12,12
56225,96,86,10,10
56226,83,84,-1,1
56227,94,90,4,4
56228,29,45,-16,16
56229,124,117,7,7
56230,71,79,-8,8
56231,146,129,17,17
56232,97,88,9,9
56233,104,102,2,2
56234,32,50,-18,18
56235,140,132,8,8
56236,57,64,-7,7
56237,112,107,5,5
56238,70,80,-10,10
56239,92,86,6,6
56240,57,69,-12,12
56241,107,111,-4,4
56242,76,81,-5,5
56243,81,82,-1,1
56244,115,121,-6,6
56245,22,72,-50,50
56246,96,99,-3,3
56247,84,91,-7,7
56248,103,100,3,3
56249,126,108,18,18
56250,76,77,-1,1
56251,159,140,19,19
56252,74,72,2,2
56253,87,81,6,6
56254,46,64,-18,18
56255,33,49,-16,16
56256,76,73,3,3
56257,98,96,2,2
56258,73,73,0,0
56259,105,97,8,8
56260,51,66,-15,15
56261,94,83,11,11
56262,54,72,-18,18
56263,86,89,-3,3
56264,60,71,-11,11
56265,144,133,11,11
56266,74,70,4,4
56267,90,83,7,7
56268,100,103,-3,3
56269,107,112,-5,5
56270,129,107,22,22
56271,133,119,14,14
56272,70,78,-8,8
56273,101,93,8,8
56274,60,72,-12,12
56275,200,177,23,23
56276,64,66,-2,2
56277,143,133,10,10
56278,90,88,2,2
56279,72,72,0,0
56280,85,89,-4,4
56281,136,133,3,3
56282,94,103,-9,9
56283,135,117,18,18
56284,102,96,6,6
56285,71,84,-13,13
56286,74,77,-3,3
56287,122,125,-3,3
56288,86,85,1,1
56289,40,54,-14,14
56290,109,113,-4,4
56291,113,116,-3,3
56292,110,103,7,7
56293,68,73,-5,5
56294,130,130,0,0
56295,89,94,-5,5
56296,106,107,-1,1
56297,98,99,-1,1
56298,71,65,6,6
56299,128,127,1,1
56300,158,136,22,22
56301,82,83,-1,1
56302,42,55,-13,13
56303,67,72,-5,5
56304,107,114,-7,7
56305,77,80,-3,3
56306,113,114,-1,1
56307,73,76,-3,3
56308,189,179,10,10
56309,101,100,1,1
56310,117,125,-8,8
56311,113,110,3,3
56312,81,80,1,1
56313,113,106,7,7
56314,108,100,8,8
56315,133,138,-5,5
56316,117,111,6,6
56317,119,112,7,7
56318,72,73,-1,1
56319,72,86,-14,14
56320,105,105,0,0
56321,70,73,-3,3
56322,66,68,-2,2
56323,152,134,18,18
56324,89,87,2,2
56325,20,29,-9,9
56326,72,78,-6,6
56327,89,86,3,3
56328,83,93,-10,10
56329,121,132,-11,11
56330,119,109,10,10
56331,101,99,2,2
56332,84,85,-1,1
56333,78,85,-7,7
56334,166,152,14,14
56335,117,109,8,8
56336,141,140,1,1
56337,123,119,4,4
56338,162,154,8,8
56339,50,63,-13,13
56340,60,62,-2,2
56341,86,88,-2,2
56342,70,76,-6,6
56343,129,128,1,1
56344,65,74,-9,9
56345,75,84,-9,9
56346,91,76,15,15
56347,55,65,-10,10
56348,82,86,-4,4
56349,102,102,0,0
56350,74,76,-2,2
56351,84,84,0,0
56352,128,116,12,12
56353,91,91,0,0
56354,120,113,7,7
56355,85,89,-4,4
56356,108,115,-7,7
56357,72,76,-4,4
56358,90,83,7,7
56359,85,91,-6,6
56360,112,105,7,7
56361,148,149,-1,1
56362,105,105,0,0
56363,44,43,1,1
56364,42,63,-21,21
56365,103,94,9,9
56366,93,82,11,11
56367,63,67,-4,4
56368,169,175,-6,6
56369,65,71,-6,6
56370,74,79,-5,5
56371,99,101,-2,2
56372,129,127,2,2
56373,93,90,3,3
56374,139,130,9,9
56375,64,109,-45,45
56376,93,91,2,2
56377,53,75,-22,22
56378,110,104,6,6
56379,97,94,3,3
56380,170,159,11,11
56381,56,73,-17,17
56382,172,167,5,5
56383,71,74,-3,3
56384,161,145,16,16
56385,130,132,-2,2
56386,101,101,0,0
56387,107,104,3,3
56388,101,100,1,1
56389,64,74,-10,10
56390,75,77,-2,2
56391,128,127,1,1
56392,80,81,-1,1
56393,129,124,5,5
56394,54,67,-13,13
56395,71,80,-9,9
56396,55,58,-3,3
56397,91,94,-3,3
56398,119,111,8,8
56399,94,95,-1,1
56400,158,142,16,16
56401,60,69,-9,9
56402,158,155,3,3
56403,56,61,-5,5
56404,121,119,2,2
56405,79,74,5,5
56406,120,109,11,11
56407,64,77,-13,13
56408,62,81,-19,19
56409,80,81,-1,1
56410,135,125,10,10
56411,102,120,-18,18
56412,115,106,9,9
56413,142,143,-1,1
56414,115,127,-12,12
56415,119,122,-3,3
56416,138,133,5,5
56417,97,89,8,8
56418,80,79,1,1
56419,97,98,-1,1
56420,111,109,2,2
56421,91,91,0,0
56422,95,101,-6,6
56423,91,96,-5,5
56424,101,89,12,12
56425,130,124,6,6
56426,89,90,-1,1
56427,86,94,-8,8
56428,178,159,19,19
56429,168,157,11,11
56430,63,67,-4,4
56431,69,70,-1,1
56432,186,164,22,22
56433,143,130,13,13
56434,76,70,6,6
56435,87,90,-3,3
56436,46,61,-15,15
56437,81,85,-4,4
56438,43,55,-12,12
56439,125,121,4,4
56440,190,177,13,13
56441,112,96,16,16
56442,161,151,10,10
56443,119,108,11,11
56444,98,101,-3,3
56445,122,112,10,10
56446,94,92,2,2
56447,68,78,-10,10
56448,103,91,12,12
56449,126,104,22,22
56450,75,77,-2,2
56451,123,109,14,14
56452,81,83,-2,2
56453,144,148,-4,4
56454,53,57,-4,4
56455,164,147,17,17
56456,60,71,-11,11
56457,117,109,8,8
56458,121,116,5,5
56459,90,95,-5,5
56460,86,85,1,1
56461,63,71,-8,8
56462,147,130,17,17
56463,103,97,6,6
56464,68,74,-6,6
56465,91,86,5,5
56466,81,75,6,6
56467,71,74,-3,3
56468,63,69,-6,6
56469,123,122,1,1
56470,105,103,2,2
56471,81,85,-4,4
56472,112,113,-1,1
56473,78,78,0,0
56474,85,86,-1,1
56475,118,115,3,3
56476,65,68,-3,3
56477,127,131,-4,4
56478,83,84,-1,1
56479,91,86,5,5
56480,62,71,-9,9
56481,75,81,-6,6
56482,88,95,-7,7
56483,163,152,11,11
56484,48,67,-19,19
56485,93,102,-9,9
56486,85,85,0,0
56487,142,139,3,3
56488,93,99,-6,6
56489,73,75,-2,2
56490,65,71,-6,6
56491,83,82,1,1
56492,77,79,-2,2
56493,113,106,7,7
56494,121,113,8,8
56495,71,77,-6,6
56496,64,68,-4,4
56497,70,81,-11,11
56498,155,145,10,10
56499,59,64,-5,5
56500,80,79,1,1
56501,80,85,-5,5
56502,59,69,-10,10
56503,83,78,5,5
56504,68,69,-1,1
56505,77,87,-10,10
56506,121,103,18,18
56507,63,79,-16,16
56508,82,83,-1,1
56509,145,139,6,6
56510,63,73,-10,10
56511,124,123,1,1
56512,83,95,-12,12
56513,175,169,6,6
56514,185,180,5,5
56515,65,71,-6,6
56516,61,66,-5,5
56517,76,77,-1,1
56518,75,84,-9,9
56519,74,88,-14,14
56520,136,116,20,20
56521,47,53,-6,6
56522,66,63,3,3
56523,131,121,10,10
56524,123,108,15,15
56525,118,113,5,5
56526,58,65,-7,7
56527,89,87,2,2
56528,156,141,15,15
56529,55,67,-12,12
56530,115,105,10,10
56531,111,106,5,5
56532,116,127,-11,11
56533,62,75,-13,13
56534,108,99,9,9
56535,120,122,-2,2
56536,112,113,-1,1
56537,56,70,-14,14
56538,142,139,3,3
56539,91,84,7,7
56540,86,85,1,1
56541,121,117,4,4
56542,80,79,1,1
56543,103,101,2,2
56544,76,83,-7,7
56545,100,119,-19,19
56546,94,89,5,5
56547,117,122,-5,5
56548,84,84,0,0
56549,87,94,-7,7
56550,127,112,15,15
56551,90,103,-13,13
56552,96,90,6,6
56553,56,64,-8,8
56554,74,77,-3,3
56555,98,93,5,5
56556,107,111,-4,4
56557,125,107,18,18
56558,66,68,-2,2
56559,91,97,-6,6
56560,154,162,-8,8
56561,151,128,23,23
56562,77,80,-3,3
56563,60,70,-10,10
56564,72,82,-10,10
56565,132,117,15,15
56566,74,77,-3,3
56567,63,70,-7,7
56568,129,126,3,3
56569,169,162,7,7
56570,88,98,-10,10
56571,129,122,7,7
56572,140,129,11,11
56573,80,88,-8,8
56574,94,98,-4,4
56575,49,65,-16,16
56576,145,141,4,4
56577,97,98,-1,1
56578,94,97,-3,3
56579,83,83,0,0
56580,135,128,7,7
56581,103,98,5,5
56582,40,56,-16,16
56583,119,138,-19,19
56584,60,69,-9,9
56585,44,54,-10,10
56586,104,105,-1,1
56587,49,58,-9,9
56588,70,89,-19,19
56589,59,69,-10,10
56590,114,121,-7,7
56591,65,68,-3,3
56592,60,70,-10,10
56593,121,128,-7,7
56594,115,108,7,7
56595,75,75,0,0
56596,74,74,0,0
56597,103,98,5,5
56598,59,65,-6,6
56599,125,128,-3,3
56600,94,91,3,3
56601,73,77,-4,4
56602,54,59,-5,5
56603,58,64,-6,6
56604,174,167,7,7
56605,46,56,-10,10
56606,79,82,-3,3
56607,108,99,9,9
56608,50,66,-16,16
56609,120,106,14,14
56610,159,145,14,14
56611,171,172,-1,1
56612,81,89,-8,8
56613,85,86,-1,1
56614,118,134,-16,16
56615,73,79,-6,6
56616,114,108,6,6
56617,77,74,3,3
56618,150,128,22,22
56619,72,80,-8,8
56620,64,88,-24,24
56621,85,97,-12,12
56622,112,111,1,1
56623,57,66,-9,9
56624,101,98,3,3
56625,83,87,-4,4
56626,74,76,-2,2
56627,142,131,11,11
56628,111,98,13,13
56629,135,115,20,20
56630,64,72,-8,8
56631,75,72,3,3
56632,188,185,3,3
56633,63,83,-20,20
56634,124,111,13,13
56635,42,59,-17,17
56636,136,119,17,17
56637,50,62,-12,12
56638,87,95,-8,8
56639,140,129,11,11
56640,94,94,0,0
56641,94,94,0,0
56642,61,77,-16,16
56643,86,89,-3,3
56644,126,111,15,15
56645,63,69,-6,6
56646,82,81,1,1
56647,140,141,-1,1
56648,134,118,16,16
56649,79,82,-3,3
56650,126,134,-8,8
56651,101,103,-2,2
56652,103,100,3,3
56653,70,73,-3,3
56654,85,81,4,4
56655,84,89,-5,5
56656,58,69,-11,11
56657,139,125,14,14
56658,67,80,-13,13
56659,101,103,-2,2
56660,83,86,-3,3
56661,66,66,0,0
56662,59,66,-7,7
56663,77,83,-6,6
56664,53,67,-14,14
56665,130,122,8,8
56666,59,70,-11,11
56667,94,85,9,9
56668,120,111,9,9
56669,108,100,8,8
56670,95,88,7,7
56671,67,71,-4,4
56672,103,99,4,4
56673,68,71,-3,3
56674,82,82,0,0
56675,111,110,1,1
56676,78,81,-3,3
56677,59,71,-12,12
56678,72,81,-9,9
56679,101,97,4,4
56680,77,86,-9,9
56681,65,70,-5,5
56682,64,76,-12,12
56683,57,70,-13,13
56684,95,97,-2,2
56685,68,73,-5,5
56686,137,126,11,11
56687,65,75,-10,10
56688,82,82,0,0
56689,73,82,-9,9
56690,96,105,-9,9
56691,110,107,3,3
56692,139,134,5,5
56693,87,77,10,10
56694,113,102,11,11
56695,40,48,-8,8
56696,81,85,-4,4
56697,51,68,-17,17
56698,173,152,21,21
56699,72,84,-12,12
56700,107,101,6,6
56701,112,114,-2,2
56702,125,110,15,15
56703,56,66,-10,10
56704,141,127,14,14
56705,150,137,13,13
56706,136,135,1,1
56707,127,115,12,12
56708,132,135,-3,3
56709,96,91,5,5
56710,35,57,-22,22
56711,86,86,0,0
56712,108,98,10,10
56713,149,136,13,13
56714,103,101,2,2
56715,144,151,-7,7
56716,135,119,16,16
56717,112,104,8,8
56718,86,96,-10,10
56719,54,61,-7,7
56720,78,78,0,0
56721,72,76,-4,4
56722,87,92,-5,5
56723,79,98,-19,19
56724,109,123,-14,14
56725,120,105,15,15
56726,173,157,16,16
56727,57,70,-13,13
56728,40,52,-12,12
56729,82,86,-4,4
56730,70,80,-10,10
56731,86,89,-3,3
56732,98,98,0,0
56733,134,139,-5,5
56734,45,55,-10,10
56735,129,116,13,13
56736,68,79,-11,11
56737,91,87,4,4
56738,113,105,8,8
56739,52,67,-15,15
56740,94,90,4,4
56741,94,100,-6,6
56742,113,109,4,4
56743,128,114,14,14
56744,99,105,-6,6
56745,105,98,7,7
56746,86,102,-16,16
56747,148,138,10,10
56748,138,119,19,19
56749,99,88,11,11
56750,94,95,-1,1
56751,73,78,-5,5
56752,153,135,18,18
56753,95,97,-2,2
56754,118,120,-2,2
56755,129,122,7,7
56756,50,71,-21,21
56757,123,110,13,13
56758,142,133,9,9
56759,123,116,7,7
56760,148,142,6,6
56761,107,100,7,7
56762,98,102,-4,4
56763,112,110,2,2
56764,137,125,12,12
56765,106,102,4,4
56766,97,90,7,7
56767,96,98,-2,2
56768,245,188,57,57
56769,115,112,3,3
56770,81,80,1,1
56771,130,108,22,22
56772,86,80,6,6
56773,128,119,9,9
56774,73,74,-1,1
56775,110,103,7,7
56776,130,121,9,9
56777,97,98,-1,1
56778,80,84,-4,4
56779,91,88,3,3
56780,88,85,3,3
56781,105,104,1,1
56782,75,61,14,14
56783,93,102,-9,9
56784,115,108,7,7
56785,133,123,10,10
56786,142,121,21,21
56787,62,75,-13,13
56788,78,82,-4,4
56789,91,86,5,5
56790,102,98,4,4
56791,109,106,3,3
56792,102,98,4,4
56793,90,83,7,7
56794,135,117,18,18
56795,31,61,-30,30
56796,143,133,10,10
56797,123,118,5,5
56798,102,96,6,6
56799,59,67,-8,8
56800,83,87,-4,4
56801,99,97,2,2
56802,50,73,-23,23
56803,168,146,22,22
56804,80,84,-4,4
56805,104,111,-7,7
56806,117,107,10,10
56807,113,116,-3,3
56808,73,95,-22,22
56809,72,79,-7,7
56810,144,116,28,28
56811,131,128,3,3
56812,107,120,-13,13
56813,85,89,-4,4
56814,58,70,-12,12
56815,67,72,-5,5
56816,62,69,-7,7
56817,63,65,-2,2
56818,148,147,1,1
56819,139,124,15,15
56820,82,93,-11,11
56821,133,127,6,6
56822,70,79,-9,9
56823,99,100,-1,1
56824,115,109,6,6
56825,121,117,4,4
56826,107,111,-4,4
56827,113,101,12,12
56828,61,74,-13,13
56829,80,79,1,1
56830,78,78,0,0
56831,68,71,-3,3
56832,122,124,-2,2
56833,109,107,2,2
56834,71,70,1,1
56835,60,73,-13,13
56836,125,117,8,8
56837,68,73,-5,5
56838,114,110,4,4
56839,93,84,9,9
56840,75,82,-7,7
56841,99,99,0,0
56842,133,125,8,8
56843,78,85,-7,7
56844,45,53,-8,8
56845,87,80,7,7
56846,72,82,-10,10
56847,129,122,7,7
56848,93,91,2,2
56849,95,97,-2,2
56850,119,118,1,1
56851,96,85,11,11
56852,45,57,-12,12
56853,151,138,13,13
56854,75,77,-2,2
56855,84,88,-4,4
56856,75,77,-2,2
56857,97,135,-38,38
56858,79,83,-4,4
56859,132,126,6,6
56860,108,100,8,8
56861,115,106,9,9
56862,89,100,-11,11
56863,84,88,-4,4
56864,132,126,6,6
56865,94,89,5,5
56866,182,179,3,3
56867,170,152,18,18
56868,93,91,2,2
56869,70,79,-9,9
56870,38,53,-15,15
56871,102,105,-3,3
56872,139,125,14,14
56873,97,104,-7,7
56874,87,85,2,2
56875,86,82,4,4
56876,76,86,-10,10
56877,91,99,-8,8
56878,81,82,-1,1
56879,86,79,7,7
56880,90,86,4,4
56881,73,81,-8,8
56882,122,120,2,2
56883,81,81,0,0
56884,182,165,17,17
56885,73,81,-8,8
56886,108,102,6,6
56887,70,71,-1,1
56888,170,154,16,16
56889,98,97,1,1
56890,83,86,-3,3
56891,89,93,-4,4
56892,79,84,-5,5
56893,77,84,-7,7
56894,82,90,-8,8
56895,79,82,-3,3
56896,165,146,19,19
56897,57,72,-15,15
56898,94,105,-11,11
56899,101,93,8,8
56900,170,174,-4,4
56901,68,80,-12,12
56902,121,114,7,7
56903,137,123,14,14
56904,72,73,-1,1
56905,109,106,3,3
56906,81,81,0,0
56907,71,78,-7,7
56908,135,132,3,3
56909,105,102,3,3
56910,101,97,4,4
56911,71,82,-11,11
56912,93,95,-2,2
56913,75,79,-4,4
56914,68,131,-63,63
56915,107,108,-1,1
56916,76,77,-1,1
56917,127,117,10,10
56918,117,117,0,0
56919,123,105,18,18
56920,158,156,2,2
56921,96,95,1,1
56922,44,55,-11,11
56923,100,97,3,3
56924,69,77,-8,8
56925,77,85,-8,8
56926,66,78,-12,12
56927,71,72,-1,1
56928,117,113,4,4
56929,103,105,-2,2
56930,99,93,6,6
56931,131,125,6,6
56932,50,54,-4,4
56933,39,49,-10,10
56934,74,76,-2,2
56935,51,64,-13,13
56936,91,94,-3,3
56937,104,109,-5,5
56938,76,80,-4,4
56939,126,122,4,4
56940,79,83,-4,4
56941,88,90,-2,2
56942,103,99,4,4
56943,156,139,17,17
56944,153,148,5,5
56945,82,82,0,0
56946,69,77,-8,8
56947,85,96,-11,11
56948,90,99,-9,9
56949,118,105,13,13
56950,113,110,3,3
56951,63,74,-11,11
56952,39,58,-19,19
56953,125,118,7,7
56954,111,127,-16,16
56955,85,85,0,0
56956,69,79,-10,10
56957,164,152,12,12
56958,115,113,2,2
56959,100,117,-17,17
56960,97,96,1,1
56961,76,87,-11,11
56962,109,116,-7,7
56963,122,114,8,8
56964,75,81,-6,6
56965,94,94,0,0
56966,73,73,0,0
56967,138,126,12,12
56968,109,92,17,17
56969,84,96,-12,12
56970,65,67,-2,2
56971,97,94,3,3
56972,150,140,10,10
56973,158,151,7,7
56974,74,79,-5,5
56975,64,75,-11,11
56976,102,101,1,1
56977,83,93,-10,10
56978,181,159,22,22
56979,149,130,19,19
56980,67,69,-2,2
56981,108,108,0,0
56982,126,121,5,5
56983,129,118,11,11
56984,123,114,9,9
56985,88,84,4,4
56986,79,86,-7,7
56987,122,104,18,18
56988,88,82,6,6
56989,129,133,-4,4
56990,82,83,-1,1
56991,72,79,-7,7
56992,116,104,12,12
56993,93,104,-11,11
56994,82,81,1,1
56995,153,149,4,4
56996,169,149,20,20
56997,79,93,-14,14
56998,92,91,1,1
56999,123,115,8,8
57000,75,95,-20,20
57001,162,163,-1,1
57002,79,83,-4,4
57003,90,87,3,3
57004,74,86,-12,12
57005,130,123,7,7
57006,128,114,14,14
57007,75,85,-10,10
57008,86,87,-1,1
57009,111,109,2,2
57010,100,97,3,3
57011,57,69,-12,12
57012,126,120,6,6
57013,61,71,-10,10
57014,79,83,-4,4
57015,80,74,6,6
57016,49,65,-16,16
57017,83,86,-3,3
57018,65,73,-8,8
57019,76,80,-4,4
57020,99,98,1,1
57021,152,135,17,17
57022,74,78,-4,4
57023,90,96,-6,6
57024,116,120,-4,4
57025,150,136,14,14
57026,98,109,-11,11
57027,136,121,15,15
57028,109,108,1,1
57029,131,144,-13,13
57030,44,59,-15,15
57031,52,62,-10,10
57032,73,75,-2,2
57033,160,119,41,41
57034,104,101,3,3
57035,71,72,-1,1
57036,52,62,-10,10
57037,69,72,-3,3
57038,120,104,16,16
57039,51,55,-4,4
57040,65,76,-11,11
57041,93,88,5,5
57042,62,80,-18,18
57043,108,105,3,3
57044,86,92,-6,6
57045,65,77,-12,12
57046,151,147,4,4
57047,82,92,-10,10
57048,54,63,-9,9
57049,57,68,-11,11
57050,87,85,2,2
57051,75,83,-8,8
57052,76,81,-5,5
57053,144,137,7,7
57054,82,87,-5,5
57055,70,73,-3,3
57056,65,73,-8,8
57057,130,128,2,2
57058,179,181,-2,2
57059,143,142,1,1
57060,128,122,6,6
57061,59,67,-8,8
57062,141,131,10,10
57063,91,88,3,3
57064,117,109,8,8
57065,103,99,4,4
57066,102,103,-1,1
57067,150,116,34,34
57068,91,86,5,5
57069,82,87,-5,5
57070,72,71,1,1
57071,146,130,16,16
57072,51,61,-10,10
57073,119,120,-1,1
57074,94,97,-3,3
57075,113,100,13,13
57076,115,109,6,6
57077,50,61,-11,11
57078,72,87,-15,15
57079,127,117,10,10
57080,67,86,-19,19
57081,76,81,-5,5
57082,96,104,-8,8
57083,137,145,-8,8
57084,189,179,10,10
57085,83,86,-3,3
57086,90,91,-1,1
57087,85,83,2,2
57088,99,99,0,0
57089,88,88,0,0
57090,163,163,0,0
57091,78,85,-7,7
57092,63,69,-6,6
57093,87,93,-6,6
57094,81,86,-5,5
57095,117,127,-10,10
57096,86,82,4,4
57097,97,97,0,0
57098,120,113,7,7
57099,61,66,-5,5
57100,109,111,-2,2
57101,82,84,-2,2
57102,98,89,9,9
57103,100,95,5,5
57104,114,103,11,11
57105,61,69,-8,8
57106,88,94,-6,6
57107,75,80,-5,5
57108,96,96,0,0
57109,125,130,-5,5
57110,216,197,19,19
57111,91,90,1,1
57112,149,169,-20,20
57113,104,94,10,10
57114,69,75,-6,6
57115,65,70,-5,5
57116,116,105,11,11
57117,66,71,-5,5
57118,53,63,-10,10
57119,61,73,-12,12
57120,106,105,1,1
57121,118,106,12,12
57122,145,139,6,6
57123,90,87,3,3
57124,76,78,-2,2
57125,48,63,-15,15
57126,38,50,-12,12
57127,65,72,-7,7
57128,98,93,5,5
57129,48,65,-17,17
57130,93,96,-3,3
57131,117,117,0,0
57132,66,75,-9,9
57133,110,97,13,13
57134,121,115,6,6
57135,95,94,1,1
57136,81,82,-1,1
57137,48,64,-16,16
57138,80,87,-7,7
57139,136,146,-10,10
57140,55,61,-6,6
57141,110,102,8,8
57142,104,115,-11,11
57143,89,83,6,6
57144,90,101,-11,11
57145,111,108,3,3
57146,85,94,-9,9
57147,113,108,5,5
57148,100,99,1,1
57149,147,134,13,13
57150,86,94,-8,8
57151,76,84,-8,8
57152,164,139,25,25
57153,130,115,15,15
57154,99,90,9,9
57155,40,55,-15,15
57156,175,176,-1,1
57157,148,144,4,4
57158,106,106,0,0
57159,152,150,2,2
57160,91,96,-5,5
57161,98,97,1,1
57162,51,68,-17,17
57163,88,90,-2,2
57164,89,87,2,2
57165,63,66,-3,3
57166,84,86,-2,2
57167,75,75,0,0
57168,117,107,10,10
57169,111,112,-1,1
57170,134,145,-11,11
57171,81,88,-7,7
57172,101,107,-6,6
57173,61,65,-4,4
57174,116,112,4,4
57175,77,84,-7,7
57176,121,114,7,7
57177,101,97,4,4
57178,22,42,-20,20
57179,89,90,-1,1
57180,134,129,5,5
57181,132,136,-4,4
57182,48,60,-12,12
57183,102,98,4,4
57184,90,86,4,4
57185,89,89,0,0
57186,109,108,1,1
57187,164,146,18,18
57188,93,97,-4,4
57189,93,96,-3,3
57190,63,78,-15,15
57191,99,99,0,0
57192,72,76,-4,4
57193,85,86,-1,1
57194,76,82,-6,6
57195,85,84,1,1
57196,125,95,30,30
57197,63,70,-7,7
57198,47,65,-18,18
57199,123,121,2,2
57200,88,98,-10,10
57201,75,75,0,0
57202,78,81,-3,3
57203,73,68,5,5
57204,113,124,-11,11
57205,88,85,3,3
57206,91,82,9,9
57207,99,97,2,2
57208,92,100,-8,8
57209,102,104,-2,2
57210,84,87,-3,3
57211,153,143,10,10
57212,117,120,-3,3
57213,61,66,-5,5
57214,81,80,1,1
57215,148,141,7,7
57216,88,78,10,10
57217,109,103,6,6
57218,124,114,10,10
57219,44,63,-19,19
57220,75,78,-3,3
57221,107,106,1,1
57222,74,81,-7,7
57223,75,73,2,2
57224,97,87,10,10
57225,95,86,9,9
57226,72,72,0,0
57227,71,73,-2,2
57228,100,97,3,3
57229,110,97,13,13
57230,67,67,0,0
57231,59,64,-5,5
57232,162,149,13,13
57233,97,100,-3,3
57234,66,78,-12,12
57235,87,84,3,3
57236,142,127,15,15
57237,77,81,-4,4
57238,61,62,-1,1
57239,61,113,-52,52
57240,131,117,14,14
57241,84,85,-1,1
57242,77,83,-6,6
57243,60,66,-6,6
57244,77,84,-7,7
57245,47,61,-14,14
57246,71,81,-10,10
57247,118,119,-1,1
57248,105,112,-7,7
57249,137,128,9,9
57250,48,71,-23,23
57251,81,84,-3,3
57252,105,95,10,10
57253,107,104,3,3
57254,149,142,7,7
57255,88,82,6,6
57256,104,97,7,7
57257,130,111,19,19
57258,118,116,2,2
57259,50,74,-24,24
57260,113,104,9,9
57261,48,58,-10,10
57262,105,105,0,0
57263,63,76,-13,13
57264,63,71,-8,8
57265,65,76,-11,11
57266,105,103,2,2
57267,38,54,-16,16
57268,57,64,-7,7
57269,94,91,3,3
57270,87,81,6,6
57271,68,75,-7,7
57272,66,79,-13,13
57273,87,89,-2,2
57274,121,109,12,12
57275,104,95,9,9
57276,124,123,1,1
57277,158,138,20,20
57278,30,48,-18,18
57279,101,119,-18,18
57280,86,78,8,8
57281,93,90,3,3
57282,123,132,-9,9
57283,102,89,13,13
57284,142,151,-9,9
57285,61,81,-20,20
57286,75,84,-9,9
57287,125,127,-2,2
57288,95,94,1,1
57289,171,160,11,11
57290,96,124,-28,28
57291,123,118,5,5
57292,106,112,-6,6
57293,62,69,-7,7
57294,87,87,0,0
57295,57,66,-9,9
57296,56,58,-2,2
57297,124,116,8,8
57298,81,82,-1,1
57299,109,95,14,14
57300,165,171,-6,6
57301,171,171,0,0
57302,104,99,5,5
57303,59,71,-12,12
57304,40,56,-16,16
57305,74,91,-17,17
57306,127,122,5,5
57307,73,86,-13,13
57308,130,120,10,10
57309,47,68,-21,21
57310,59,66,-7,7
57311,156,134,22,22
57312,101,95,6,6
57313,89,81,8,8
57314,95,94,1,1
57315,60,77,-17,17
57316,91,95,-4,4
57317,74,77,-3,3
57318,160,149,11,11
57319,114,105,9,9
57320,148,137,11,11
57321,80,78,2,2
57322,24,41,-17,17
57323,52,62,-10,10
57324,259,227,32,32
57325,44,58,-14,14
57326,149,138,11,11
57327,57,69,-12,12
57328,126,127,-1,1
57329,142,128,14,14
57330,111,111,0,0
57331,167,154,13,13
57332,76,79,-3,3
57333,69,73,-4,4
57334,110,111,-1,1
57335,92,108,-16,16
57336,99,86,13,13
57337,95,96,-1,1
57338,114,104,10,10
57339,91,96,-5,5
57340,104,99,5,5
57341,84,85,-1,1
57342,164,147,17,17
57343,44,60,-16,16
57344,75,74,1,1
57345,95,94,1,1
57346,27,51,-24,24
57347,81,82,-1,1
57348,72,79,-7,7
57349,100,89,11,11
57350,131,113,18,18
57351,61,73,-12,12
57352,89,86,3,3
57353,65,74,-9,9
57354,53,70,-17,17
57355,103,110,-7,7
57356,129,124,5,5
57357,114,102,12,12
57358,102,99,3,3
57359,87,96,-9,9
57360,77,74,3,3
57361,72,78,-6,6
57362,71,80,-9,9
57363,67,67,0,0
57364,116,113,3,3
57365,102,97,5,5
57366,83,82,1,1
57367,55,61,-6,6
57368,71,86,-15,15
57369,84,82,2,2
57370,98,96,2,2
57371,101,90,11,11
57372,82,79,3,3
57373,117,118,-1,1
57374,126,128,-2,2
57375,66,76,-10,10
57376,81,89,-8,8
57377,189,188,1,1
57378,90,83,7,7
57379,86,84,2,2
57380,107,99,8,8
57381,117,132,-15,15
57382,54,65,-11,11
57383,81,88,-7,7
57384,85,81,4,4
57385,88,93,-5,5
57386,57,67,-10,10
57387,103,104,-1,1
57388,103,97,6,6
57389,95,85,10,10
57390,107,102,5,5
57391,91,89,2,2
57392,111,124,-13,13
57393,200,179,21,21
57394,83,88,-5,5
57395,86,86,0,0
57396,80,85,-5,5
57397,109,111,-2,2
57398,69,70,-1,1
57399,78,79,-1,1
57400,70,80,-10,10
57401,77,82,-5,5
57402,69,72,-3,3
57403,96,88,8,8
57404,121,139,-18,18
57405,90,95,-5,5
57406,152,139,13,13
57407,91,86,5,5
57408,89,88,1,1
57409,104,100,4,4
57410,88,77,11,11
57411,113,108,5,5
57412,81,91,-10,10
57413,92,85,7,7
57414,112,100,12,12
57415,113,114,-1,1
57416,119,107,12,12
57417,68,74,-6,6
57418,183,155,28,28
57419,154,139,15,15
57420,115,113,2,2
57421,173,190,-17,17
57422,108,99,9,9
57423,124,128,-4,4
57424,71,71,0,0
57425,84,83,1,1
57426,80,85,-5,5
57427,90,100,-10,10
57428,74,75,-1,1
57429,89,79,10,10
57430,81,90,-9,9
57431,100,91,9,9
57432,136,132,4,4
57433,55,62,-7,7
57434,105,104,1,1
57435,77,77,0,0
57436,192,180,12,12
57437,99,94,5,5
57438,90,87,3,3
57439,134,120,14,14
57440,113,106,7,7
57441,90,85,5,5
57442,150,134,16,16
57443,52,62,-10,10
57444,102,98,4,4
57445,55,62,-7,7
57446,110,107,3,3
57447,57,66,-9,9
57448,57,67,-10,10
57449,97,91,6,6
57450,117,117,0,0
57451,83,86,-3,3
57452,121,109,12,12
57453,58,70,-12,12
57454,101,99,2,2
57455,63,71,-8,8
57456,105,102,3,3
57457,94,90,4,4
57458,138,131,7,7
57459,62,66,-4,4
57460,113,114,-1,1
57461,50,65,-15,15
57462,90,95,-5,5
57463,135,134,1,1
57464,68,67,1,1
57465,94,95,-1,1
57466,63,68,-5,5
57467,179,158,21,21
57468,78,78,0,0
57469,197,168,29,29
57470,124,118,6,6
57471,115,122,-7,7
57472,105,102,3,3
57473,135,132,3,3
57474,59,66,-7,7
57475,75,90,-15,15
57476,131,123,8,8
57477,125,122,3,3
57478,82,92,-10,10
57479,193,178,15,15
57480,23,37,-14,14
57481,67,71,-4,4
57482,204,187,17,17
57483,78,84,-6,6
57484,95,100,-5,5
57485,143,141,2,2
57486,69,74,-5,5
57487,78,77,1,1
57488,185,175,10,10
57489,60,70,-10,10
57490,93,86,7,7
57491,49,59,-10,10
57492,151,129,22,22
57493,93,88,5,5
57494,109,98,11,11
57495,58,66,-8,8
57496,132,112,20,20
57497,85,80,5,5
57498,118,99,19,19
57499,69,77,-8,8
57500,76,81,-5,5
57501,68,80,-12,12
57502,68,74,-6,6
57503,103,112,-9,9
57504,116,112,4,4
57505,189,161,28,28
57506,64,76,-12,12
57507,54,60,-6,6
57508,99,100,-1,1
57509,140,125,15,15
57510,52,59,-7,7
57511,144,135,9,9
57512,96,96,0,0
57513,60,86,-26,26
57514,131,130,1,1
57515,101,109,-8,8
57516,21,40,-19,19
57517,77,81,-4,4
57518,94,96,-2,2
57519,64,67,-3,3
57520,77,73,4,4
57521,89,91,-2,2
57522,68,74,-6,6
57523,100,81,19,19
57524,94,93,1,1
57525,99,96,3,3
57526,104,103,1,1
57527,76,79,-3,3
57528,41,57,-16,16
57529,89,83,6,6
57530,159,135,24,24
57531,145,126,19,19
57532,89,83,6,6
57533,117,120,-3,3
57534,56,72,-16,16
57535,112,102,10,10
57536,59,62,-3,3
57537,54,63,-9,9
57538,83,78,5,5
57539,70,78,-8,8
57540,64,72,-8,8
57541,134,126,8,8
57542,107,116,-9,9
57543,81,83,-2,2
57544,117,118,-1,1
57545,123,120,3,3
57546,114,101,13,13
57547,173,154,19,19
57548,79,76,3,3
57549,117,105,12,12
57550,32,52,-20,20
57551,87,84,3,3
57552,189,180,9,9
57553,70,80,-10,10
57554,155,133,22,22
57555,81,85,-4,4
57556,168,155,13,13
57557,114,111,3,3
57558,153,158,-5,5
57559,124,113,11,11
57560,51,56,-5,5
57561,105,109,-4,4
57562,101,112,-11,11
57563,86,89,-3,3
57564,129,120,9,9
57565,122,113,9,9
57566,149,134,15,15
57567,85,83,2,2
57568,73,75,-2,2
57569,66,74,-8,8
57570,180,156,24,24
57571,33,46,-13,13
57572,70,79,-9,9
57573,101,113,-12,12
57574,89,97,-8,8
57575,120,115,5,5
57576,121,109,12,12
57577,91,94,-3,3
57578,90,87,3,3
57579,121,115,6,6
57580,154,155,-1,1
57581,110,101,9,9
57582,65,67,-2,2
57583,107,114,-7,7
57584,141,131,10,10
57585,61,70,-9,9
57586,119,117,2,2
57587,135,133,2,2
57588,185,161,24,24
57589,46,56,-10,10
57590,89,89,0,0
57591,134,128,6,6
57592,102,96,6,6
57593,138,135,3,3
57594,104,98,6,6
57595,176,161,15,15
57596,112,107,5,5
57597,135,129,6,6
57598,119,115,4,4
57599,82,79,3,3
57600,99,102,-3,3
57601,119,108,11,11
57602,98,107,-9,9
57603,96,100,-4,4
57604,90,98,-8,8
57605,81,75,6,6
57606,65,71,-6,6
57607,120,112,8,8
57608,90,86,4,4
57609,80,85,-5,5
57610,81,89,-8,8
57611,78,99,-21,21
57612,82,78,4,4
57613,155,130,25,25
57614,77,76,1,1
57615,116,117,-1,1
57616,78,83,-5,5
57617,69,73,-4,4
57618,64,72,-8,8
57619,88,88,0,0
57620,56,65,-9,9
57621,62,72,-10,10
57622,49,63,-14,14
57623,120,106,14,14
57624,154,144,10,10
57625,86,88,-2,2
57626,61,72,-11,11
57627,66,71,-5,5
57628,145,119,26,26
57629,83,90,-7,7
57630,136,129,7,7
57631,88,98,-10,10
57632,71,86,-15,15
57633,93,87,6,6
57634,97,93,4,4
57635,94,86,8,8
57636,97,100,-3,3
57637,57,71,-14,14
57638,142,138,4,4
57639,119,113,6,6
57640,87,92,-5,5
57641,131,134,-3,3
57642,119,119,0,0
57643,76,76,0,0
57644,55,61,-6,6
57645,106,99,7,7
57646,70,79,-9,9
57647,103,99,4,4
57648,96,86,10,10
57649,150,145,5,5
57650,128,126,2,2
57651,38,52,-14,14
57652,65,79,-14,14
57653,79,78,1,1
57654,96,87,9,9
57655,88,84,4,4
57656,185,189,-4,4
57657,81,78,3,3
57658,151,133,18,18
57659,94,97,-3,3
57660,72,78,-6,6
57661,110,100,10,10
57662,109,103,6,6
57663,80,78,2,2
57664,68,76,-8,8
57665,111,98,13,13
57666,67,75,-8,8
57667,95,88,7,7
57668,114,112,2,2
57669,51,64,-13,13
57670,111,106,5,5
57671,118,102,16,16
57672,157,131,26,26
57673,82,85,-3,3
57674,119,97,22,22
57675,73,80,-7,7
57676,88,82,6,6
57677,46,57,-11,11
57678,61,65,-4,4
57679,81,84,-3,3
57680,117,109,8,8
57681,87,85,2,2
57682,71,69,2,2
57683,70,69,1,1
57684,98,112,-14,14
57685,89,92,-3,3
57686,100,93,7,7
57687,124,110,14,14
57688,166,155,11,11
57689,90,86,4,4
57690,43,57,-14,14
57691,175,155,20,20
57692,104,107,-3,3
57693,180,168,12,12
57694,57,62,-5,5
57695,36,56,-20,20
57696,144,149,-5,5
57697,136,125,11,11
57698,56,64,-8,8
57699,93,96,-3,3
57700,91,90,1,1
57701,98,97,1,1
57702,82,73,9,9
57703,101,111,-10,10
57704,113,111,2,2
57705,53,68,-15,15
57706,55,65,-10,10
57707,120,111,9,9
57708,105,97,8,8
57709,71,82,-11,11
57710,78,81,-3,3
57711,165,157,8,8
57712,82,87,-5,5
57713,126,114,12,12
57714,114,104,10,10
57715,143,133,10,10
57716,118,116,2,2
57717,94,96,-2,2
57718,41,51,-10,10
57719,67,74,-7,7
57720,83,83,0,0
57721,119,101,18,18
57722,62,71,-9,9
57723,55,59,-4,4
57724,95,97,-2,2
57725,91,95,-4,4
57726,68,72,-4,4
57727,144,143,1,1
57728,64,72,-8,8
57729,43,66,-23,23
57730,81,87,-6,6
57731,94,82,12,12
57732,77,79,-2,2
57733,167,166,1,1
57734,51,66,-15,15
57735,117,106,11,11
57736,93,92,1,1
57737,71,75,-4,4
57738,64,74,-10,10
57739,168,156,12,12
57740,98,97,1,1
57741,38,50,-12,12
57742,124,113,11,11
57743,104,111,-7,7
57744,45,57,-12,12
57745,36,51,-15,15
57746,82,83,-1,1
57747,120,107,13,13
57748,108,113,-5,5
57749,43,60,-17,17
57750,85,80,5,5
57751,146,135,11,11
57752,82,100,-18,18
57753,115,101,14,14
57754,98,87,11,11
57755,87,86,1,1
57756,124,124,0,0
57757,86,86,0,0
57758,92,107,-15,15
57759,109,89,20,20
57760,125,117,8,8
57761,140,144,-4,4
57762,84,99,-15,15
57763,66,74,-8,8
57764,131,117,14,14
57765,81,78,3,3
57766,88,85,3,3
57767,143,148,-5,5
57768,74,80,-6,6
57769,118,123,-5,5
57770,56,70,-14,14
57771,61,69,-8,8
57772,112,116,-4,4
57773,119,105,14,14
57774,102,93,9,9
57775,101,117,-16,16
57776,71,75,-4,4
57777,118,113,5,5
57778,119,131,-12,12
57779,83,87,-4,4
57780,133,118,15,15
57781,57,66,-9,9
57782,87,85,2,2
57783,6,20,-14,14
57784,76,86,-10,10
57785,124,115,9,9
57786,28,43,-15,15
57787,65,70,-5,5
57788,86,77,9,9
57789,111,113,-2,2
57790,59,73,-14,14
57791,94,96,-2,2
57792,97,107,-10,10
57793,115,115,0,0
57794,75,81,-6,6
57795,144,136,8,8
57796,86,97,-11,11
57797,74,77,-3,3
57798,102,105,-3,3
57799,79,80,-1,1
57800,99,96,3,3
57801,140,149,-9,9
57802,101,100,1,1
57803,156,139,17,17
57804,92,90,2,2
57805,70,78,-8,8
57806,59,75,-16,16
57807,116,108,8,8
57808,138,129,9,9
57809,136,136,0,0
57810,61,69,-8,8
57811,53,61,-8,8
57812,79,75,4,4
57813,90,85,5,5
57814,127,118,9,9
57815,177,145,32,32
57816,110,118,-8,8
57817,129,120,9,9
57818,106,122,-16,16
57819,74,80,-6,6
57820,154,154,0,0
57821,129,126,3,3
57822,73,75,-2,2
57823,77,85,-8,8
57824,84,90,-6,6
57825,103,97,6,6
57826,90,121,-31,31
57827,109,106,3,3
57828,68,69,-1,1
57829,72,73,-1,1
57830,105,114,-9,9
57831,65,71,-6,6
57832,95,87,8,8
57833,133,130,3,3
57834,103,96,7,7
57835,107,112,-5,5
57836,79,78,1,1
57837,116,106,10,10
57838,91,84,7,7
57839,72,86,-14,14
57840,66,85,-19,19
57841,147,133,14,14
57842,90,99,-9,9
57843,192,202,-10,10
57844,98,109,-11,11
57845,105,98,7,7
57846,44,58,-14,14
57847,102,89,13,13
57848,82,91,-9,9
57849,107,103,4,4
57850,102,99,3,3
57851,135,122,13,13
57852,157,143,14,14
57853,61,63,-2,2
57854,155,141,14,14
57855,121,125,-4,4
57856,77,78,-1,1
57857,142,133,9,9
57858,95,89,6,6
57859,104,96,8,8
57860,77,81,-4,4
57861,135,127,8,8
57862,101,100,1,1
57863,65,71,-6,6
57864,108,102,6,6
57865,46,60,-14,14
57866,196,184,12,12
57867,83,82,1,1
57868,92,86,6,6
57869,66,67,-1,1
57870,87,84,3,3
57871,76,80,-4,4
57872,24,27,-3,3
57873,94,99,-5,5
57874,85,75,10,10
57875,147,188,-41,41
57876,104,111,-7,7
57877,97,97,0,0
57878,159,138,21,21
57879,103,98,5,5
57880,114,116,-2,2
57881,133,131,2,2
57882,66,71,-5,5
57883,101,103,-2,2
57884,71,70,1,1
57885,85,86,-1,1
57886,87,80,7,7
57887,116,96,20,20
57888,88,82,6,6
57889,64,68,-4,4
57890,48,58,-10,10
57891,55,65,-10,10
57892,61,87,-26,26
57893,86,94,-8,8
57894,56,61,-5,5
57895,58,61,-3,3
57896,77,83,-6,6
57897,70,79,-9,9
57898,78,85,-7,7
57899,136,122,14,14
57900,69,73,-4,4
57901,68,69,-1,1
57902,102,98,4,4
57903,67,71,-4,4
57904,82,80,2,2
57905,54,60,-6,6
57906,70,80,-10,10
57907,83,81,2,2
57908,129,115,14,14
57909,43,54,-11,11
57910,46,68,-22,22
57911,119,115,4,4
57912,50,63,-13,13
57913,76,81,-5,5
57914,168,154,14,14
57915,83,83,0,0
57916,116,103,13,13
57917,121,129,-8,8
57918,96,102,-6,6
57919,126,129,-3,3
57920,86,87,-1,1
57921,85,82,3,3
57922,93,81,12,12
57923,52,64,-12,12
57924,129,120,9,9
57925,87,84,3,3
57926,38,56,-18,18
57927,61,78,-17,17
57928,77,80,-3,3
57929,73,75,-2,2
57930,143,145,-2,2
57931,59,71,-12,12
57932,57,65,-8,8
57933,64,71,-7,7
57934,140,132,8,8
57935,109,112,-3,3
57936,91,89,2,2
57937,64,72,-8,8
57938,105,92,13,13
57939,121,108,13,13
57940,65,67,-2,2
57941,80,83,-3,3
57942,75,78,-3,3
57943,90,84,6,6
57944,93,99,-6,6
57945,60,68,-8,8
57946,75,76,-1,1
57947,97,97,0,0
57948,130,120,10,10
57949,111,103,8,8
57950,82,79,3,3
57951,102,98,4,4
57952,72,77,-5,5
57953,180,180,0,0
57954,71,84,-13,13
57955,92,92,0,0
57956,109,102,7,7
57957,113,105,8,8
57958,117,113,4,4
57959,105,106,-1,1
57960,85,85,0,0
57961,75,74,1,1
57962,77,81,-4,4
57963,79,83,-4,4
57964,106,99,7,7
57965,52,69,-17,17
57966,107,85,22,22
57967,89,92,-3,3
57968,150,140,10,10
57969,84,84,0,0
57970,78,84,-6,6
57971,124,113,11,11
57972,58,67,-9,9
57973,110,106,4,4
57974,108,107,1,1
57975,95,105,-10,10
57976,139,125,14,14
57977,92,89,3,3
57978,63,74,-11,11
57979,81,87,-6,6
57980,103,89,14,14
57981,75,76,-1,1
57982,75,85,-10,10
57983,125,119,6,6
57984,98,104,-6,6
57985,101,97,4,4
57986,73,84,-11,11
57987,95,92,3,3
57988,120,111,9,9
57989,90,102,-12,12
57990,178,155,23,23
57991,111,110,1,1
57992,90,89,1,1
57993,91,80,11,11
57994,92,84,8,8
57995,77,80,-3,3
57996,87,84,3,3
57997,121,116,5,5
57998,99,92,7,7
57999,119,123,-4,4
58000,85,92,-7,7
58001,102,99,3,3
58002,102,98,4,4
58003,68,71,-3,3
58004,159,136,23,23
58005,91,81,10,10
58006,85,91,-6,6
58007,77,85,-8,8
58008,136,133,3,3
58009,182,167,15,15
58010,101,99,2,2
58011,63,65,-2,2
58012,89,100,-11,11
58013,78,81,-3,3
58014,104,101,3,3
58015,113,104,9,9
58016,88,89,-1,1
58017,87,85,2,2
58018,182,160,22,22
58019,97,94,3,3
58020,123,116,7,7
58021,93,118,-25,25
58022,77,69,8,8
58023,87,85,2,2
58024,71,76,-5,5
58025,60,66,-6,6
58026,95,99,-4,4
58027,92,85,7,7
58028,78,78,0,0
58029,84,88,-4,4
58030,153,139,14,14
58031,140,140,0,0
58032,99,87,12,12
58033,57,65,-8,8
58034,83,89,-6,6
58035,79,78,1,1
58036,87,88,-1,1
58037,85,105,-20,20
58038,80,82,-2,2
58039,69,79,-10,10
58040,68,75,-7,7
58041,94,98,-4,4
58042,79,86,-7,7
58043,115,109,6,6
58044,59,68,-9,9
58045,183,182,1,1
58046,64,71,-7,7
58047,109,99,10,10
58048,54,58,-4,4
58049,62,67,-5,5
58050,69,85,-16,16
58051,62,65,-3,3
58052,71,72,-1,1
58053,140,131,9,9
58054,73,74,-1,1
58055,124,120,4,4
58056,86,94,-8,8
58057,142,145,-3,3
58058,170,163,7,7
58059,69,72,-3,3
58060,124,119,5,5
58061,123,123,0,0
58062,104,87,17,17
58063,65,77,-12,12
58064,110,108,2,2
58065,80,81,-1,1
58066,66,74,-8,8
58067,96,94,2,2
58068,116,117,-1,1
58069,74,76,-2,2
58070,59,66,-7,7
58071,64,65,-1,1
58072,115,115,0,0
58073,89,84,5,5
58074,136,120,16,16
58075,51,59,-8,8
58076,73,76,-3,3
58077,68,84,-16,16
58078,116,110,6,6
58079,135,135,0,0
58080,29,46,-17,17
58081,96,86,10,10
58082,38,71,-33,33
58083,170,165,5,5
58084,125,117,8,8
58085,160,141,19,19
58086,108,114,-6,6
58087,144,133,11,11
58088,70,69,1,1
58089,100,96,4,4
58090,62,69,-7,7
58091,129,125,4,4
58092,99,91,8,8
58093,93,99,-6,6
58094,108,96,12,12
58095,59,63,-4,4
58096,43,57,-14,14
58097,119,105,14,14
58098,71,69,2,2
58099,147,158,-11,11
58100,60,66,-6,6
58101,79,89,-10,10
58102,64,73,-9,9
58103,73,80,-7,7
58104,105,104,1,1
58105,80,80,0,0
58106,79,85,-6,6
58107,90,86,4,4
58108,89,83,6,6
58109,73,73,0,0
58110,113,114,-1,1
58111,78,86,-8,8
58112,63,84,-21,21
58113,142,129,13,13
58114,145,155,-10,10
58115,95,96,-1,1
58116,101,98,3,3
58117,126,112,14,14
58118,154,137,17,17
58119,184,150,34,34
58120,116,116,0,0
58121,84,86,-2,2
58122,129,125,4,4
58123,74,77,-3,3
58124,97,89,8,8
58125,88,106,-18,18
58126,102,103,-1,1
58127,69,75,-6,6
58128,73,85,-12,12
58129,77,73,4,4
58130,98,96,2,2
58131,78,82,-4,4
58132,108,91,17,17
58133,78,82,-4,4
58134,86,96,-10,10
58135,70,71,-1,1
58136,70,78,-8,8
58137,78,78,0,0
58138,81,80,1,1
58139,55,70,-15,15
58140,37,52,-15,15
58141,80,83,-3,3
58142,68,73,-5,5
58143,130,127,3,3
58144,100,96,4,4
58145,71,80,-9,9
58146,97,96,1,1
58147,147,140,7,7
58148,93,96,-3,3
58149,165,160,5,5
58150,70,79,-9,9
58151,59,73,-14,14
58152,46,56,-10,10
58153,132,111,21,21
58154,90,79,11,11
58155,208,197,11,11
58156,124,125,-1,1
58157,92,99,-7,7
58158,75,78,-3,3
58159,103,98,5,5
58160,47,63,-16,16
58161,72,66,6,6
58162,65,73,-8,8
58163,107,107,0,0
58164,131,126,5,5
58165,67,77,-10,10
58166,119,110,9,9
58167,63,69,-6,6
58168,153,134,19,19
58169,72,79,-7,7
58170,131,139,-8,8
58171,92,89,3,3
58172,70,75,-5,5
58173,93,99,-6,6
58174,48,70,-22,22
58175,75,74,1,1
58176,185,172,13,13
58177,90,87,3,3
58178,53,61,-8,8
58179,130,126,4,4
58180,139,137,2,2
58181,92,96,-4,4
58182,77,106,-29,29
58183,130,115,15,15
58184,88,83,5,5
58185,68,80,-12,12
58186,144,119,25,25
58187,73,79,-6,6
58188,136,132,4,4
58189,115,104,11,11
58190,79,85,-6,6
58191,97,95,2,2
58192,70,73,-3,3
58193,76,82,-6,6
58194,110,102,8,8
58195,103,109,-6,6
58196,106,108,-2,2
58197,82,83,-1,1
58198,82,86,-4,4
58199,64,72,-8,8
58200,108,105,3,3
58201,162,150,12,12
58202,64,72,-8,8
58203,42,58,-16,16
58204,128,122,6,6
58205,93,89,4,4
58206,83,78,5,5
58207,75,72,3,3
58208,113,103,10,10
58209,131,120,11,11
58210,70,70,0,0
58211,82,85,-3,3
58212,53,64,-11,11
58213,92,94,-2,2
58214,123,111,12,12
58215,132,120,12,12
58216,71,75,-4,4
58217,83,86,-3,3
58218,52,62,-10,10
58219,102,98,4,4
58220,51,64,-13,13
58221,90,84,6,6
58222,121,124,-3,3
58223,125,123,2,2
58224,66,69,-3,3
58225,99,106,-7,7
58226,71,83,-12,12
58227,103,101,2,2
58228,87,91,-4,4
58229,130,129,1,1
58230,74,77,-3,3
58231,171,156,15,15
58232,146,120,26,26
58233,81,82,-1,1
58234,72,71,1,1
58235,81,96,-15,15
58236,58,66,-8,8
58237,111,103,8,8
58238,148,144,4,4
58239,76,77,-1,1
58240,78,77,1,1
58241,91,92,-1,1
58242,91,92,-1,1
58243,70,77,-7,7
58244,155,134,21,21
58245,89,95,-6,6
58246,55,60,-5,5
58247,97,86,11,11
58248,71,77,-6,6
58249,134,136,-2,2
58250,85,78,7,7
58251,76,72,4,4
58252,98,106,-8,8
58253,51,62,-11,11
58254,111,106,5,5
58255,59,69,-10,10
58256,112,104,8,8
58257,43,54,-11,11
58258,122,109,13,13
58259,62,85,-23,23
58260,57,62,-5,5
58261,94,101,-7,7
58262,92,89,3,3
58263,113,115,-2,2
58264,125,116,9,9
58265,98,99,-1,1
58266,58,66,-8,8
58267,110,102,8,8
58268,69,76,-7,7
58269,57,72,-15,15
58270,54,60,-6,6
58271,69,73,-4,4
58272,84,96,-12,12
58273,81,93,-12,12
58274,72,78,-6,6
58275,120,112,8,8
58276,59,70,-11,11
58277,121,111,10,10
58278,54,69,-15,15
58279,62,68,-6,6
58280,83,79,4,4
58281,85,82,3,3
58282,102,101,1,1
58283,109,99,10,10
58284,128,136,-8,8
58285,128,112,16,16
58286,155,118,37,37
58287,75,79,-4,4
58288,44,48,-4,4
58289,106,103,3,3
58290,122,109,13,13
58291,99,95,4,4
58292,76,79,-3,3
58293,93,88,5,5
58294,59,67,-8,8
58295,115,104,11,11
58296,147,134,13,13
58297,104,104,0,0
58298,56,67,-11,11
58299,119,110,9,9
58300,92,97,-5,5
58301,55,68,-13,13
58302,70,69,1,1
58303,79,85,-6,6
58304,106,100,6,6
58305,141,122,19,19
58306,142,139,3,3
58307,100,99,1,1
58308,71,74,-3,3
58309,37,49,-12,12
58310,58,65,-7,7
58311,107,109,-2,2
58312,104,100,4,4
58313,125,120,5,5
58314,95,120,-25,25
58315,164,151,13,13
58316,45,64,-19,19
58317,86,82,4,4
58318,101,101,0,0
58319,117,105,12,12
58320,85,98,-13,13
58321,60,68,-8,8
58322,141,143,-2,2
58323,101,101,0,0
58324,113,98,15,15
58325,108,107,1,1
58326,86,85,1,1
58327,121,107,14,14
58328,165,175,-10,10
58329,58,65,-7,7
58330,165,159,6,6
58331,99,99,0,0
58332,77,84,-7,7
58333,120,113,7,7
58334,132,117,15,15
58335,138,118,20,20
58336,104,121,-17,17
58337,59,63,-4,4
58338,68,69,-1,1
58339,76,82,-6,6
58340,81,87,-6,6
58341,126,122,4,4
58342,125,100,25,25
58343,39,48,-9,9
58344,103,86,17,17
58345,64,74,-10,10
58346,120,108,12,12
58347,53,65,-12,12
58348,81,78,3,3
58349,128,118,10,10
58350,75,78,-3,3
58351,67,67,0,0
58352,158,137,21,21
58353,77,93,-16,16
58354,140,137,3,3
58355,75,84,-9,9
58356,114,113,1,1
58357,82,81,1,1
58358,96,98,-2,2
58359,142,126,16,16
58360,84,95,-11,11
58361,84,73,11,11
58362,69,75,-6,6
58363,63,69,-6,6
58364,83,88,-5,5
58365,136,131,5,5
58366,107,100,7,7
58367,95,96,-1,1
58368,157,135,22,22
58369,89,88,1,1
58370,85,85,0,0
58371,102,100,2,2
58372,103,105,-2,2
58373,88,85,3,3
58374,100,96,4,4
58375,69,73,-4,4
58376,84,78,6,6
58377,32,50,-18,18
58378,52,62,-10,10
58379,156,140,16,16
58380,71,70,1,1
58381,114,112,2,2
58382,83,85,-2,2
58383,81,83,-2,2
58384,164,132,32,32
58385,109,101,8,8
58386,89,96,-7,7
58387,125,105,20,20
58388,82,77,5,5
58389,73,80,-7,7
58390,117,136,-19,19
58391,69,77,-8,8
58392,98,95,3,3
58393,114,100,14,14
58394,86,86,0,0
58395,112,100,12,12
58396,96,101,-5,5
58397,113,104,9,9
58398,86,93,-7,7
58399,130,123,7,7
58400,80,80,0,0
58401,134,129,5,5
58402,158,155,3,3
58403,59,64,-5,5
58404,55,67,-12,12
58405,87,92,-5,5
58406,42,56,-14,14
58407,76,77,-1,1
58408,62,63,-1,1
58409,119,111,8,8
58410,103,101,2,2
58411,172,168,4,4
58412,134,131,3,3
58413,68,71,-3,3
58414,62,61,1,1
58415,57,71,-14,14
58416,147,131,16,16
58417,93,94,-1,1
58418,116,106,10,10
58419,161,153,8,8
58420,79,94,-15,15
58421,148,145,3,3
58422,118,113,5,5
58423,46,66,-20,20
58424,130,130,0,0
58425,163,146,17,17
58426,56,67,-11,11
58427,74,75,-1,1
58428,66,80,-14,14
58429,84,76,8,8
58430,76,83,-7,7
58431,88,83,5,5
58432,69,72,-3,3
58433,60,71,-11,11
58434,75,78,-3,3
58435,164,148,16,16
58436,71,83,-12,12
58437,125,101,24,24
58438,86,91,-5,5
58439,62,66,-4,4
58440,82,84,-2,2
58441,55,63,-8,8
58442,58,77,-19,19
58443,52,69,-17,17
58444,107,99,8,8
58445,82,92,-10,10
58446,118,113,5,5
58447,104,99,5,5
58448,65,68,-3,3
58449,148,153,-5,5
58450,104,107,-3,3
58451,189,172,17,17
58452,126,128,-2,2
58453,92,93,-1,1
58454,122,117,5,5
58455,75,79,-4,4
58456,99,98,1,1
58457,99,99,0,0
58458,154,147,7,7
58459,89,97,-8,8
58460,145,142,3,3
58461,81,75,6,6
58462,146,156,-10,10
58463,171,171,0,0
58464,52,60,-8,8
58465,81,78,3,3
58466,102,98,4,4
58467,137,145,-8,8
58468,43,56,-13,13
58469,93,99,-6,6
58470,62,69,-7,7
58471,110,99,11,11
58472,78,76,2,2
58473,112,114,-2,2
58474,64,73,-9,9
58475,52,59,-7,7
58476,51,74,-23,23
58477,71,82,-11,11
58478,62,69,-7,7
58479,54,59,-5,5
58480,81,70,11,11
58481,156,132,24,24
58482,76,81,-5,5
58483,74,72,2,2
58484,63,73,-10,10
58485,59,59,0,0
58486,45,54,-9,9
58487,127,106,21,21
58488,110,100,10,10
58489,68,75,-7,7
58490,89,90,-1,1
58491,64,68,-4,4
58492,116,119,-3,3
58493,68,78,-10,10
58494,211,208,3,3
58495,93,87,6,6
58496,79,81,-2,2
58497,84,84,0,0
58498,73,72,1,1
58499,82,80,2,2
58500,80,99,-19,19
58501,75,82,-7,7
58502,83,86,-3,3
58503,123,115,8,8
58504,52,55,-3,3
58505,133,122,11,11
58506,90,86,4,4
58507,70,75,-5,5
58508,74,82,-8,8
58509,84,90,-6,6
58510,90,90,0,0
58511,92,92,0,0
58512,55,73,-18,18
58513,62,71,-9,9
58514,120,115,5,5
58515,84,85,-1,1
58516,83,77,6,6
58517,95,110,-15,15
58518,79,75,4,4
58519,89,94,-5,5
58520,149,136,13,13
58521,81,111,-30,30
58522,91,96,-5,5
58523,87,77,10,10
58524,76,82,-6,6
58525,45,55,-10,10
58526,226,216,10,10
58527,125,115,10,10
58528,148,158,-10,10
58529,60,69,-9,9
58530,134,128,6,6
58531,165,153,12,12
58532,129,115,14,14
58533,65,68,-3,3
58534,89,85,4,4
58535,95,99,-4,4
58536,83,84,-1,1
58537,79,79,0,0
58538,111,102,9,9
58539,83,83,0,0
58540,121,114,7,7
58541,97,97,0,0
58542,114,110,4,4
58543,55,59,-4,4
58544,118,113,5,5
58545,95,102,-7,7
58546,80,79,1,1
58547,112,111,1,1
58548,127,115,12,12
58549,140,128,12,12
58550,100,155,-55,55
58551,50,62,-12,12
58552,130,123,7,7
58553,77,79,-2,2
58554,86,95,-9,9
58555,117,100,17,17
58556,163,153,10,10
58557,78,81,-3,3
58558,118,113,5,5
58559,110,111,-1,1
58560,93,84,9,9
58561,76,90,-14,14
58562,71,69,2,2
58563,85,88,-3,3
58564,39,54,-15,15
58565,77,84,-7,7
58566,57,63,-6,6
58567,68,74,-6,6
58568,74,77,-3,3
58569,80,79,1,1
58570,86,89,-3,3
58571,55,62,-7,7
58572,129,107,22,22
58573,181,180,1,1
58574,71,75,-4,4
58575,106,124,-18,18
58576,43,55,-12,12
58577,157,148,9,9
58578,68,74,-6,6
58579,134,118,16,16
58580,137,142,-5,5
58581,71,75,-4,4
58582,48,58,-10,10
58583,45,62,-17,17
58584,75,80,-5,5
58585,67,82,-15,15
58586,108,98,10,10
58587,81,81,0,0
58588,94,97,-3,3
58589,229,217,12,12
58590,58,69,-11,11
58591,75,81,-6,6
58592,97,112,-15,15
58593,142,136,6,6
58594,196,159,37,37
58595,78,82,-4,4
58596,101,108,-7,7
58597,100,98,2,2
58598,82,80,2,2
58599,100,100,0,0
58600,81,86,-5,5
58601,81,90,-9,9
58602,106,131,-25,25
58603,74,73,1,1
58604,77,87,-10,10
58605,124,112,12,12
58606,35,51,-16,16
58607,76,82,-6,6
58608,106,102,4,4
58609,83,87,-4,4
58610,82,86,-4,4
58611,77,81,-4,4
58612,113,108,5,5
58613,86,83,3,3
58614,115,107,8,8
58615,98,95,3,3
58616,69,80,-11,11
58617,90,95,-5,5
58618,99,94,5,5
58619,59,76,-17,17
58620,109,99,10,10
58621,72,80,-8,8
58622,130,121,9,9
58623,118,115,3,3
58624,113,107,6,6
58625,98,96,2,2
58626,102,96,6,6
58627,142,125,17,17
58628,95,104,-9,9
58629,89,89,0,0
58630,45,66,-21,21
58631,35,48,-13,13
58632,54,64,-10,10
58633,102,89,13,13
58634,27,37,-10,10
58635,66,71,-5,5
58636,35,56,-21,21
58637,115,107,8,8
58638,148,140,8,8
58639,98,91,7,7
58640,115,113,2,2
58641,79,89,-10,10
58642,84,85,-1,1
58643,147,140,7,7
58644,79,76,3,3
58645,62,68,-6,6
58646,95,85,10,10
58647,71,75,-4,4
58648,66,75,-9,9
58649,84,86,-2,2
58650,142,128,14,14
58651,142,122,20,20
58652,91,92,-1,1
58653,102,100,2,2
58654,105,133,-28,28
58655,66,68,-2,2
58656,83,89,-6,6
58657,63,71,-8,8
58658,66,76,-10,10
58659,109,118,-9,9
58660,71,71,0,0
58661,92,94,-2,2
58662,139,142,-3,3
58663,117,112,5,5
58664,120,115,5,5
58665,94,110,-16,16
58666,99,96,3,3
58667,58,63,-5,5
58668,129,124,5,5
58669,66,81,-15,15
58670,126,105,21,21
58671,111,114,-3,3
58672,54,62,-8,8
58673,153,125,28,28
58674,82,83,-1,1
58675,56,68,-12,12
58676,59,71,-12,12
58677,146,123,23,23
58678,64,71,-7,7
58679,56,64,-8,8
58680,60,66,-6,6
58681,21,55,-34,34
58682,132,130,2,2
58683,85,85,0,0
58684,113,103,10,10
58685,81,84,-3,3
58686,110,109,1,1
58687,98,93,5,5
58688,86,93,-7,7
58689,102,97,5,5
58690,129,146,-17,17
58691,89,84,5,5
58692,121,120,1,1
58693,104,100,4,4
58694,63,72,-9,9
58695,138,133,5,5
58696,119,130,-11,11
58697,92,92,0,0
58698,113,104,9,9
58699,97,97,0,0
58700,162,148,14,14
58701,41,57,-16,16
58702,112,112,0,0
58703,124,116,8,8
58704,76,75,1,1
58705,116,116,0,0
58706,86,84,2,2
58707,69,70,-1,1
58708,99,104,-5,5
58709,65,72,-7,7
58710,70,83,-13,13
58711,111,98,13,13
58712,79,78,1,1
58713,92,95,-3,3
58714,92,84,8,8
58715,126,121,5,5
58716,109,104,5,5
58717,65,77,-12,12
58718,79,77,2,2
58719,160,150,10,10
58720,75,83,-8,8
58721,95,88,7,7
58722,97,94,3,3
58723,102,115,-13,13
58724,75,76,-1,1
58725,119,119,0,0
58726,31,44,-13,13
58727,137,123,14,14
58728,99,105,-6,6
58729,135,125,10,10
58730,143,141,2,2
58731,128,120,8,8
58732,135,131,4,4
58733,56,61,-5,5
58734,79,75,4,4
58735,157,137,20,20
58736,103,110,-7,7
58737,147,137,10,10
58738,78,80,-2,2
58739,124,116,8,8
58740,57,71,-14,14
58741,63,83,-20,20
58742,79,76,3,3
58743,87,92,-5,5
58744,105,97,8,8
58745,119,112,7,7
58746,41,55,-14,14
58747,62,73,-11,11
58748,148,150,-2,2
58749,113,104,9,9
58750,236,214,22,22
58751,49,61,-12,12
58752,78,85,-7,7
58753,105,104,1,1
58754,136,123,13,13
58755,93,93,0,0
58756,55,67,-12,12
58757,87,89,-2,2
58758,67,79,-12,12
58759,113,103,10,10
58760,52,60,-8,8
58761,102,118,-16,16
58762,149,129,20,20
58763,65,77,-12,12
58764,106,99,7,7
58765,88,86,2,2
58766,175,154,21,21
58767,116,117,-1,1
58768,128,122,6,6
58769,86,87,-1,1
58770,154,153,1,1
58771,93,90,3,3
58772,65,96,-31,31
58773,119,113,6,6
58774,81,81,0,0
58775,93,119,-26,26
58776,77,84,-7,7
58777,144,118,26,26
58778,105,104,1,1
58779,111,94,17,17
58780,143,128,15,15
58781,96,93,3,3
58782,86,96,-10,10
58783,78,78,0,0
58784,136,125,11,11
58785,82,80,2,2
58786,91,89,2,2
58787,83,87,-4,4
58788,106,106,0,0
58789,94,96,-2,2
58790,99,102,-3,3
58791,78,75,3,3
58792,154,141,13,13
58793,77,72,5,5
58794,184,171,13,13
58795,192,176,16,16
58796,77,78,-1,1
58797,105,105,0,0
58798,62,73,-11,11
58799,103,99,4,4
58800,59,66,-7,7
58801,77,73,4,4
58802,155,154,1,1
58803,90,85,5,5
58804,98,115,-17,17
58805,93,91,2,2
58806,132,130,2,2
58807,115,111,4,4
58808,67,72,-5,5
58809,198,191,7,7
58810,90,86,4,4
58811,114,107,7,7
58812,108,105,3,3
58813,77,84,-7,7
58814,114,120,-6,6
58815,126,136,-10,10
58816,86,85,1,1
58817,67,73,-6,6
58818,108,102,6,6
58819,92,90,2,2
58820,123,119,4,4
58821,96,98,-2,2
58822,64,69,-5,5
58823,166,156,10,10
58824,218,208,10,10
58825,89,92,-3,3
58826,76,84,-8,8
58827,69,74,-5,5
58828,122,116,6,6
58829,115,113,2,2
58830,87,111,-24,24
58831,119,112,7,7
58832,95,88,7,7
58833,82,83,-1,1
58834,57,68,-11,11
58835,100,103,-3,3
58836,86,83,3,3
58837,101,92,9,9
58838,65,63,2,2
58839,106,100,6,6
58840,75,78,-3,3
58841,142,126,16,16
58842,81,77,4,4
58843,77,83,-6,6
58844,59,68,-9,9
58845,130,114,16,16
58846,100,94,6,6
58847,92,97,-5,5
58848,55,69,-14,14
58849,101,124,-23,23
58850,66,70,-4,4
58851,108,95,13,13
58852,83,86,-3,3
58853,69,71,-2,2
58854,140,125,15,15
58855,87,85,2,2
58856,96,96,0,0
58857,167,141,26,26
58858,72,75,-3,3
58859,88,87,1,1
58860,124,114,10,10
58861,91,95,-4,4
58862,51,60,-9,9
58863,87,73,14,14
58864,92,96,-4,4
58865,58,67,-9,9
58866,45,57,-12,12
58867,95,86,9,9
58868,134,117,17,17
58869,91,91,0,0
58870,121,108,13,13
58871,51,59,-8,8
58872,58,62,-4,4
58873,48,61,-13,13
58874,75,81,-6,6
58875,46,62,-16,16
58876,56,68,-12,12
58877,87,85,2,2
58878,47,70,-23,23
58879,88,94,-6,6
58880,112,100,12,12
58881,56,69,-13,13
58882,104,100,4,4
58883,61,66,-5,5
58884,96,98,-2,2
58885,113,100,13,13
58886,66,69,-3,3
58887,153,151,2,2
58888,115,116,-1,1
58889,100,101,-1,1
58890,73,75,-2,2
58891,89,78,11,11
58892,101,107,-6,6
58893,82,94,-12,12
58894,89,97,-8,8
58895,94,99,-5,5
58896,93,86,7,7
58897,113,111,2,2
58898,129,119,10,10
58899,68,67,1,1
58900,68,66,2,2
58901,94,89,5,5
58902,157,142,15,15
58903,99,97,2,2
58904,54,65,-11,11
58905,123,113,10,10
58906,94,82,12,12
58907,183,175,8,8
58908,74,78,-4,4
58909,59,67,-8,8
58910,173,156,17,17
58911,122,112,10,10
58912,75,75,0,0
58913,77,83,-6,6
58914,63,69,-6,6
58915,90,95,-5,5
58916,56,70,-14,14
58917,82,84,-2,2
58918,86,102,-16,16
58919,149,143,6,6
58920,108,100,8,8
58921,73,75,-2,2
58922,67,76,-9,9
58923,93,96,-3,3
58924,55,62,-7,7
58925,108,110,-2,2
58926,118,105,13,13
58927,30,49,-19,19
58928,70,64,6,6
58929,94,96,-2,2
58930,84,80,4,4
58931,77,77,0,0
58932,64,66,-2,2
58933,103,101,2,2
58934,93,113,-20,20
58935,91,85,6,6
58936,65,73,-8,8
58937,108,101,7,7
58938,117,103,14,14
58939,45,57,-12,12
58940,113,114,-1,1
58941,70,72,-2,2
58942,75,95,-20,20
58943,79,81,-2,2
58944,59,65,-6,6
58945,59,62,-3,3
58946,42,61,-19,19
58947,96,88,8,8
58948,109,101,8,8
58949,95,101,-6,6
58950,126,120,6,6
58951,89,93,-4,4
58952,99,99,0,0
58953,145,143,2,2
58954,108,102,6,6
58955,84,85,-1,1
58956,82,87,-5,5
58957,171,157,14,14
58958,103,92,11,11
58959,118,106,12,12
58960,180,157,23,23
58961,61,68,-7,7
58962,163,143,20,20
58963,135,146,-11,11
58964,152,135,17,17
58965,109,94,15,15
58966,61,71,-10,10
58967,108,108,0,0
58968,181,185,-4,4
58969,104,107,-3,3
58970,105,98,7,7
58971,68,77,-9,9
58972,116,138,-22,22
58973,144,130,14,14
58974,85,81,4,4
58975,141,145,-4,4
58976,152,152,0,0
58977,114,114,0,0
58978,143,131,12,12
58979,155,145,10,10
58980,191,173,18,18
58981,102,94,8,8
58982,77,79,-2,2
58983,97,101,-4,4
58984,85,93,-8,8
58985,82,78,4,4
58986,83,81,2,2
58987,64,70,-6,6
58988,135,129,6,6
58989,86,83,3,3
58990,59,62,-3,3
58991,71,67,4,4
58992,65,64,1,1
58993,134,123,11,11
58994,85,87,-2,2
58995,159,148,11,11
58996,145,144,1,1
58997,66,75,-9,9
58998,71,77,-6,6
58999,154,128,26,26
59000,159,164,-5,5
59001,50,60,-10,10
59002,95,104,-9,9
59003,81,79,2,2
59004,128,110,18,18
59005,79,79,0,0
59006,93,99,-6,6
59007,156,152,4,4
59008,107,115,-8,8
59009,48,59,-11,11
59010,49,60,-11,11
59011,52,105,-53,53
59012,43,59,-16,16
59013,166,153,13,13
59014,59,67,-8,8
59015,97,92,5,5
59016,143,149,-6,6
59017,107,113,-6,6
59018,122,115,7,7
59019,77,76,1,1
59020,77,81,-4,4
59021,52,64,-12,12
59022,70,76,-6,6
59023,93,92,1,1
59024,93,104,-11,11
59025,110,113,-3,3
59026,53,63,-10,10
59027,67,68,-1,1
59028,185,174,11,11
59029,90,80,10,10
59030,107,100,7,7
59031,148,150,-2,2
59032,119,120,-1,1
59033,95,103,-8,8
59034,112,96,16,16
59035,171,178,-7,7
59036,110,91,19,19
59037,76,85,-9,9
59038,99,95,4,4
59039,94,99,-5,5
59040,107,110,-3,3
59041,73,78,-5,5
59042,133,115,18,18
59043,70,80,-10,10
59044,80,73,7,7
59045,149,136,13,13
59046,78,66,12,12
59047,95,93,2,2
59048,79,87,-8,8
59049,42,62,-20,20
59050,73,70,3,3
59051,346,265,81,81
59052,70,51,19,19
59053,75,80,-5,5
59054,144,142,2,2
59055,63,66,-3,3
59056,80,83,-3,3
59057,124,107,17,17
59058,69,73,-4,4
59059,99,96,3,3
59060,140,112,28,28
59061,117,111,6,6
59062,58,68,-10,10
59063,84,85,-1,1
59064,47,58,-11,11
59065,86,83,3,3
59066,52,64,-12,12
59067,77,84,-7,7
59068,69,74,-5,5
59069,107,100,7,7
59070,118,107,11,11
59071,81,92,-11,11
59072,109,99,10,10
59073,97,101,-4,4
59074,85,88,-3,3
59075,81,74,7,7
59076,65,62,3,3
59077,101,109,-8,8
59078,90,98,-8,8
59079,68,79,-11,11
59080,59,62,-3,3
59081,97,95,2,2
59082,104,98,6,6
59083,52,59,-7,7
59084,58,68,-10,10
59085,64,75,-11,11
59086,92,89,3,3
59087,179,158,21,21
59088,112,100,12,12
59089,100,107,-7,7
59090,60,63,-3,3
59091,102,99,3,3
59092,111,101,10,10
59093,100,94,6,6
59094,80,78,2,2
59095,89,84,5,5
59096,124,127,-3,3
59097,70,75,-5,5
59098,85,92,-7,7
59099,79,85,-6,6
59100,74,78,-4,4
59101,66,77,-11,11
59102,75,82,-7,7
59103,83,85,-2,2
59104,65,76,-11,11
59105,119,118,1,1
59106,102,99,3,3
59107,81,85,-4,4
59108,77,82,-5,5
59109,81,82,-1,1
59110,94,96,-2,2
59111,103,104,-1,1
59112,104,99,5,5
59113,118,101,17,17
59114,90,84,6,6
59115,71,78,-7,7
59116,114,104,10,10
59117,120,98,22,22
59118,85,84,1,1
59119,79,83,-4,4
59120,49,58,-9,9
59121,74,76,-2,2
59122,99,97,2,2
59123,106,108,-2,2
59124,89,91,-2,2
59125,21,47,-26,26
59126,114,111,3,3
59127,90,99,-9,9
59128,129,120,9,9
59129,64,67,-3,3
59130,44,59,-15,15
59131,150,131,19,19
59132,136,129,7,7
59133,119,120,-1,1
59134,68,78,-10,10
59135,87,95,-8,8
59136,66,74,-8,8
59137,103,101,2,2
59138,117,112,5,5
59139,111,97,14,14
59140,112,87,25,25
59141,101,97,4,4
59142,143,139,4,4
59143,81,83,-2,2
59144,180,155,25,25
59145,61,67,-6,6
59146,131,125,6,6
59147,70,72,-2,2
59148,107,104,3,3
59149,135,115,20,20
59150,92,87,5,5
59151,81,81,0,0
59152,108,101,7,7
59153,90,87,3,3
59154,86,78,8,8
59155,127,116,11,11
59156,47,64,-17,17
59157,130,122,8,8
59158,84,94,-10,10
59159,79,79,0,0
59160,91,92,-1,1
59161,120,106,14,14
59162,80,84,-4,4
59163,59,70,-11,11
59164,81,94,-13,13
59165,143,140,3,3
59166,117,101,16,16
59167,143,134,9,9
59168,154,120,34,34
59169,57,68,-11,11
59170,69,70,-1,1
59171,44,58,-14,14
59172,84,94,-10,10
59173,96,93,3,3
59174,80,81,-1,1
59175,61,77,-16,16
59176,64,75,-11,11
59177,67,76,-9,9
59178,108,103,5,5
59179,87,88,-1,1
59180,87,85,2,2
59181,112,96,16,16
59182,147,141,6,6
59183,143,133,10,10
59184,124,117,7,7
59185,160,144,16,16
59186,109,106,3,3
59187,71,70,1,1
59188,138,130,8,8
59189,76,78,-2,2
59190,96,87,9,9
59191,94,93,1,1
59192,44,55,-11,11
59193,83,89,-6,6
59194,49,59,-10,10
59195,75,87,-12,12
59196,104,109,-5,5
59197,75,78,-3,3
59198,93,94,-1,1
59199,96,99,-3,3
59200,81,89,-8,8
59201,80,80,0,0
59202,97,82,15,15
59203,65,74,-9,9
59204,46,61,-15,15
59205,79,84,-5,5
59206,88,86,2,2
59207,62,81,-19,19
59208,84,77,7,7
59209,70,73,-3,3
59210,129,128,1,1
59211,104,80,24,24
59212,116,118,-2,2
59213,126,119,7,7
59214,95,98,-3,3
59215,66,70,-4,4
59216,81,81,0,0
59217,133,111,22,22
59218,95,98,-3,3
59219,151,134,17,17
59220,88,88,0,0
59221,110,108,2,2
59222,69,70,-1,1
59223,106,97,9,9
59224,64,71,-7,7
59225,126,110,16,16
59226,41,56,-15,15
59227,97,96,1,1
59228,46,76,-30,30
59229,52,72,-20,20
59230,66,65,1,1
59231,81,79,2,2
59232,81,86,-5,5
59233,85,84,1,1
59234,35,50,-15,15
59235,118,108,10,10
59236,94,93,1,1
59237,92,90,2,2
59238,55,64,-9,9
59239,99,95,4,4
59240,68,73,-5,5
59241,56,62,-6,6
59242,97,100,-3,3
59243,110,112,-2,2
59244,152,137,15,15
59245,40,56,-16,16
59246,52,69,-17,17
59247,169,168,1,1
59248,160,141,19,19
59249,78,75,3,3
59250,77,88,-11,11
59251,40,58,-18,18
59252,93,111,-18,18
59253,115,105,10,10
59254,108,110,-2,2
59255,69,76,-7,7
59256,126,147,-21,21
59257,133,142,-9,9
59258,116,114,2,2
59259,76,89,-13,13
59260,42,55,-13,13
59261,74,82,-8,8
59262,145,134,11,11
59263,72,70,2,2
59264,103,108,-5,5
59265,67,74,-7,7
59266,139,119,20,20
59267,93,91,2,2
59268,112,106,6,6
59269,176,167,9,9
59270,70,73,-3,3
59271,158,122,36,36
59272,71,74,-3,3
59273,47,56,-9,9
59274,93,84,9,9
59275,57,73,-16,16
59276,75,75,0,0
59277,62,77,-15,15
59278,104,123,-19,19
59279,143,139,4,4
59280,83,83,0,0
59281,75,73,2,2
59282,92,90,2,2
59283,60,85,-25,25
59284,117,111,6,6
59285,64,72,-8,8
59286,61,68,-7,7
59287,87,78,9,9
59288,175,176,-1,1
59289,58,67,-9,9
59290,77,72,5,5
59291,96,81,15,15
59292,120,122,-2,2
59293,176,159,17,17
59294,132,124,8,8
59295,67,74,-7,7
59296,73,79,-6,6
59297,120,137,-17,17
59298,71,76,-5,5
59299,63,67,-4,4
59300,74,73,1,1
59301,35,60,-25,25
59302,129,113,16,16
59303,132,133,-1,1
59304,75,82,-7,7
59305,122,111,11,11
59306,89,87,2,2
59307,90,84,6,6
59308,71,74,-3,3
59309,92,85,7,7
59310,184,162,22,22
59311,59,87,-28,28
59312,90,95,-5,5
59313,100,110,-10,10
59314,83,80,3,3
59315,83,85,-2,2
59316,78,79,-1,1
59317,106,103,3,3
59318,107,107,0,0
59319,45,59,-14,14
59320,82,86,-4,4
59321,85,94,-9,9
59322,109,90,19,19
59323,70,78,-8,8
59324,70,79,-9,9
59325,109,106,3,3
59326,62,69,-7,7
59327,63,76,-13,13
59328,67,79,-12,12
59329,38,49,-11,11
59330,45,53,-8,8
59331,111,101,10,10
59332,99,110,-11,11
59333,52,63,-11,11
59334,93,92,1,1
59335,103,115,-12,12
59336,86,86,0,0
59337,69,72,-3,3
59338,52,82,-30,30
59339,215,175,40,40
59340,90,88,2,2
59341,54,65,-11,11
59342,110,102,8,8
59343,97,87,10,10
59344,150,112,38,38
59345,142,127,15,15
59346,57,74,-17,17
59347,116,106,10,10
59348,177,157,20,20
59349,109,108,1,1
59350,78,80,-2,2
59351,79,84,-5,5
59352,51,62,-11,11
59353,80,83,-3,3
59354,99,106,-7,7
59355,49,57,-8,8
59356,153,149,4,4
59357,174,162,12,12
59358,100,99,1,1
59359,147,128,19,19
59360,75,89,-14,14
59361,138,123,15,15
59362,78,76,2,2
59363,77,85,-8,8
59364,93,84,9,9
59365,148,135,13,13
59366,176,155,21,21
59367,74,75,-1,1
59368,178,182,-4,4
59369,107,110,-3,3
59370,103,97,6,6
59371,125,114,11,11
59372,119,106,13,13
59373,98,97,1,1
59374,69,68,1,1
59375,72,74,-2,2
59376,81,96,-15,15
59377,54,66,-12,12
59378,110,106,4,4
59379,84,86,-2,2
59380,148,142,6,6
59381,61,62,-1,1
59382,94,100,-6,6
59383,79,91,-12,12
59384,77,78,-1,1
59385,83,85,-2,2
59386,102,88,14,14
59387,99,96,3,3
59388,104,97,7,7
59389,128,133,-5,5
59390,73,82,-9,9
59391,85,85,0,0
59392,123,130,-7,7
59393,87,95,-8,8
59394,135,114,21,21
59395,71,72,-1,1
59396,81,95,-14,14
59397,64,65,-1,1
59398,71,74,-3,3
59399,105,100,5,5
59400,59,63,-4,4
59401,140,129,11,11
59402,161,151,10,10
59403,100,93,7,7
59404,89,90,-1,1
59405,64,73,-9,9
59406,154,144,10,10
59407,167,129,38,38
59408,178,160,18,18
59409,88,80,8,8
59410,79,99,-20,20
59411,72,82,-10,10
59412,85,85,0,0
59413,92,94,-2,2
59414,71,82,-11,11
59415,60,75,-15,15
59416,66,67,-1,1
59417,95,86,9,9
59418,82,81,1,1
59419,82,87,-5,5
59420,91,83,8,8
59421,121,107,14,14
59422,78,78,0,0
59423,148,137,11,11
59424,95,95,0,0
59425,138,140,-2,2
59426,61,72,-11,11
59427,66,72,-6,6
59428,83,82,1,1
59429,61,73,-12,12
59430,60,68,-8,8
59431,56,64,-8,8
59432,127,118,9,9
59433,62,64,-2,2
59434,133,131,2,2
59435,79,76,3,3
59436,123,101,22,22
59437,53,64,-11,11
59438,79,81,-2,2
59439,126,110,16,16
59440,117,127,-10,10
59441,136,127,9,9
59442,81,101,-20,20
59443,105,122,-17,17
59444,118,121,-3,3
59445,66,75,-9,9
59446,59,63,-4,4
59447,129,128,1,1
59448,93,100,-7,7
59449,87,89,-2,2
59450,45,57,-12,12
59451,64,68,-4,4
59452,121,119,2,2
59453,168,146,22,22
59454,81,75,6,6
59455,99,94,5,5
59456,117,101,16,16
59457,95,86,9,9
59458,66,74,-8,8
59459,122,111,11,11
59460,112,120,-8,8
59461,71,83,-12,12
59462,172,169,3,3
59463,108,97,11,11
59464,85,85,0,0
59465,130,119,11,11
59466,64,67,-3,3
59467,74,81,-7,7
59468,63,69,-6,6
59469,145,137,8,8
59470,95,96,-1,1
59471,138,140,-2,2
59472,105,102,3,3
59473,51,64,-13,13
59474,109,114,-5,5
59475,91,106,-15,15
59476,70,67,3,3
59477,129,120,9,9
59478,106,93,13,13
59479,82,79,3,3
59480,54,58,-4,4
59481,151,155,-4,4
59482,120,108,12,12
59483,151,145,6,6
59484,96,104,-8,8
59485,62,70,-8,8
59486,165,151,14,14
59487,138,122,16,16
59488,128,122,6,6
59489,80,75,5,5
59490,94,97,-3,3
59491,86,91,-5,5
59492,130,123,7,7
59493,154,139,15,15
59494,81,83,-2,2
59495,152,136,16,16
59496,52,71,-19,19
59497,65,69,-4,4
59498,109,94,15,15
59499,72,73,-1,1
59500,103,97,6,6
59501,112,97,15,15
59502,65,77,-12,12
59503,77,86,-9,9
59504,189,184,5,5
59505,178,166,12,12
59506,48,55,-7,7
59507,145,135,10,10
59508,47,68,-21,21
59509,146,136,10,10
59510,118,114,4,4
59511,78,83,-5,5
59512,93,99,-6,6
59513,72,76,-4,4
59514,86,91,-5,5
59515,118,107,11,11
59516,87,87,0,0
59517,42,60,-18,18
59518,87,96,-9,9
59519,87,90,-3,3
59520,159,152,7,7
59521,96,97,-1,1
59522,50,62,-12,12
59523,76,93,-17,17
59524,111,112,-1,1
59525,140,129,11,11
59526,133,120,13,13
59527,89,98,-9,9
59528,94,100,-6,6
59529,60,62,-2,2
59530,67,76,-9,9
59531,166,142,24,24
59532,74,83,-9,9
59533,88,90,-2,2
59534,113,107,6,6
59535,114,110,4,4
59536,98,88,10,10
59537,52,68,-16,16
59538,109,104,5,5
59539,51,61,-10,10
59540,92,89,3,3
59541,79,83,-4,4
59542,65,71,-6,6
59543,80,84,-4,4
59544,130,115,15,15
59545,90,93,-3,3
59546,108,96,12,12
59547,84,92,-8,8
59548,160,153,7,7
59549,53,60,-7,7
59550,62,76,-14,14
59551,65,78,-13,13
59552,65,72,-7,7
59553,61,66,-5,5
59554,35,51,-16,16
59555,113,105,8,8
59556,69,79,-10,10
59557,56,64,-8,8
59558,103,112,-9,9
59559,76,75,1,1
59560,106,111,-5,5
59561,157,149,8,8
59562,150,142,8,8
59563,79,81,-2,2
59564,94,97,-3,3
59565,59,69,-10,10
59566,135,152,-17,17
59567,91,98,-7,7
59568,129,120,9,9
59569,80,87,-7,7
59570,58,62,-4,4
59571,96,85,11,11
59572,160,156,4,4
59573,80,77,3,3
59574,55,63,-8,8
59575,101,96,5,5
59576,85,80,5,5
59577,68,77,-9,9
59578,95,107,-12,12
59579,110,108,2,2
59580,75,76,-1,1
59581,73,82,-9,9
59582,90,95,-5,5
59583,78,83,-5,5
59584,148,135,13,13
59585,94,91,3,3
59586,64,72,-8,8
59587,186,164,22,22
59588,40,55,-15,15
59589,74,79,-5,5
59590,140,129,11,11
59591,103,96,7,7
59592,179,144,35,35
59593,209,168,41,41
59594,114,112,2,2
59595,44,65,-21,21
59596,84,82,2,2
59597,55,64,-9,9
59598,150,139,11,11
59599,64,68,-4,4
59600,61,73,-12,12
59601,89,93,-4,4
59602,129,111,18,18
59603,61,68,-7,7
59604,125,105,20,20
59605,129,117,12,12
59606,94,96,-2,2
59607,86,81,5,5
59608,124,119,5,5
59609,45,61,-16,16
59610,131,117,14,14
59611,89,86,3,3
59612,140,141,-1,1
59613,85,90,-5,5
59614,178,163,15,15
59615,120,111,9,9
59616,135,122,13,13
59617,72,72,0,0
59618,45,58,-13,13
59619,63,69,-6,6
59620,62,76,-14,14
59621,87,88,-1,1
59622,165,166,-1,1
59623,107,125,-18,18
59624,69,82,-13,13
59625,94,94,0,0
59626,58,67,-9,9
59627,105,100,5,5
59628,115,109,6,6
59629,92,86,6,6
59630,80,80,0,0
59631,154,154,0,0
59632,61,60,1,1
59633,115,112,3,3
59634,52,58,-6,6
59635,69,72,-3,3
59636,58,70,-12,12
59637,92,95,-3,3
59638,56,67,-11,11
59639,94,105,-11,11
59640,70,77,-7,7
59641,126,100,26,26
59642,77,81,-4,4
59643,77,77,0,0
59644,160,154,6,6
59645,69,74,-5,5
59646,73,76,-3,3
59647,72,79,-7,7
59648,72,75,-3,3
59649,124,123,1,1
59650,78,79,-1,1
59651,81,83,-2,2
59652,156,147,9,9
59653,67,68,-1,1
59654,118,112,6,6
59655,79,76,3,3
59656,81,80,1,1
59657,87,81,6,6
59658,57,74,-17,17
59659,70,170,-100,100
59660,147,108,39,39
59661,141,127,14,14
59662,42,61,-19,19
59663,89,95,-6,6
59664,94,94,0,0
59665,103,102,1,1
59666,100,100,0,0
59667,56,64,-8,8
59668,85,83,2,2
59669,77,79,-2,2
59670,89,87,2,2
59671,125,135,-10,10
59672,41,52,-11,11
59673,135,116,19,19
59674,70,85,-15,15
59675,51,57,-6,6
59676,86,96,-10,10
59677,100,98,2,2
59678,103,103,0,0
59679,62,69,-7,7
59680,153,132,21,21
59681,173,163,10,10
59682,137,147,-10,10
59683,107,95,12,12
59684,161,144,17,17
59685,139,137,2,2
59686,62,62,0,0
59687,71,69,2,2
59688,104,124,-20,20
59689,115,108,7,7
59690,144,138,6,6
59691,76,81,-5,5
59692,168,157,11,11
59693,76,76,0,0
59694,78,84,-6,6
59695,94,118,-24,24
59696,92,88,4,4
59697,96,87,9,9
59698,131,116,15,15
59699,93,96,-3,3
59700,93,86,7,7
59701,60,73,-13,13
59702,78,71,7,7
59703,72,82,-10,10
59704,141,106,35,35
59705,116,106,10,10
59706,83,90,-7,7
59707,78,86,-8,8
59708,79,85,-6,6
59709,113,112,1,1
59710,46,60,-14,14
59711,93,97,-4,4
59712,99,90,9,9
59713,103,111,-8,8
59714,98,87,11,11
59715,113,103,10,10
59716,121,135,-14,14
59717,58,67,-9,9
59718,92,89,3,3
59719,89,95,-6,6
59720,99,99,0,0
59721,89,91,-2,2
59722,79,85,-6,6
59723,138,127,11,11
59724,79,80,-1,1
59725,73,81,-8,8
59726,88,84,4,4
59727,73,86,-13,13
59728,95,98,-3,3
59729,104,104,0,0
59730,77,75,2,2
59731,54,64,-10,10
59732,128,122,6,6
59733,88,92,-4,4
59734,89,87,2,2
59735,100,101,-1,1
59736,132,126,6,6
59737,73,80,-7,7
59738,69,78,-9,9
59739,88,81,7,7
59740,127,122,5,5
59741,135,132,3,3
59742,71,76,-5,5
59743,133,126,7,7
59744,98,96,2,2
59745,96,86,10,10
59746,121,112,9,9
59747,110,97,13,13
59748,63,71,-8,8
59749,149,139,10,10
59750,75,89,-14,14
59751,61,75,-14,14
59752,203,176,27,27
59753,106,107,-1,1
59754,90,89,1,1
59755,111,95,16,16
59756,98,91,7,7
59757,70,87,-17,17
59758,77,75,2,2
59759,65,72,-7,7
59760,110,104,6,6
59761,82,94,-12,12
59762,135,124,11,11
59763,133,125,8,8
59764,93,89,4,4
59765,96,102,-6,6
59766,83,85,-2,2
59767,83,84,-1,1
59768,114,102,12,12
59769,169,173,-4,4
59770,83,76,7,7
59771,87,86,1,1
59772,80,96,-16,16
59773,64,74,-10,10
59774,185,168,17,17
59775,110,98,12,12
59776,109,98,11,11
59777,52,61,-9,9
59778,103,102,1,1
59779,34,56,-22,22
59780,69,114,-45,45
59781,154,136,18,18
59782,149,141,8,8
59783,81,80,1,1
59784,81,84,-3,3
59785,68,76,-8,8
59786,93,84,9,9
59787,57,66,-9,9
59788,129,121,8,8
59789,98,99,-1,1
59790,117,120,-3,3
59791,76,85,-9,9
59792,36,43,-7,7
59793,130,123,7,7
59794,81,84,-3,3
59795,72,82,-10,10
59796,76,83,-7,7
59797,63,73,-10,10
59798,97,95,2,2
59799,61,73,-12,12
59800,85,85,0,0
59801,110,128,-18,18
59802,85,86,-1,1
59803,77,91,-14,14
59804,127,114,13,13
59805,49,59,-10,10
59806,85,82,3,3
59807,83,90,-7,7
59808,132,134,-2,2
59809,136,133,3,3
59810,73,73,0,0
59811,71,76,-5,5
59812,79,78,1,1
59813,88,95,-7,7
59814,70,124,-54,54
59815,75,75,0,0
59816,46,53,-7,7
59817,101,97,4,4
59818,128,136,-8,8
59819,92,85,7,7
59820,149,124,25,25
59821,122,89,33,33
59822,79,95,-16,16
59823,48,72,-24,24
59824,101,97,4,4
59825,94,91,3,3
59826,125,119,6,6
59827,91,97,-6,6
59828,78,81,-3,3
59829,121,115,6,6
59830,166,143,23,23
59831,96,92,4,4
59832,124,138,-14,14
59833,159,146,13,13
59834,66,74,-8,8
59835,82,80,2,2
59836,75,80,-5,5
59837,59,61,-2,2
59838,85,85,0,0
59839,99,87,12,12
59840,148,136,12,12
59841,109,99,10,10
59842,81,82,-1,1
59843,99,93,6,6
59844,47,55,-8,8
59845,78,82,-4,4
59846,85,84,1,1
59847,76,86,-10,10
59848,54,58,-4,4
59849,106,112,-6,6
59850,83,80,3,3
59851,66,70,-4,4
59852,47,68,-21,21
59853,60,71,-11,11
59854,109,106,3,3
59855,122,116,6,6
59856,92,87,5,5
59857,102,93,9,9
59858,130,134,-4,4
59859,104,98,6,6
59860,106,94,12,12
59861,74,78,-4,4
59862,149,144,5,5
59863,46,64,-18,18
59864,55,62,-7,7
59865,81,84,-3,3
59866,86,93,-7,7
59867,159,146,13,13
59868,49,59,-10,10
59869,76,84,-8,8
59870,109,107,2,2
59871,88,81,7,7
59872,66,75,-9,9
59873,95,99,-4,4
59874,123,114,9,9
59875,49,64,-15,15
59876,60,64,-4,4
59877,140,132,8,8
59878,72,70,2,2
59879,103,106,-3,3
59880,88,94,-6,6
59881,94,94,0,0
59882,97,90,7,7
59883,112,107,5,5
59884,37,63,-26,26
59885,70,79,-9,9
59886,217,204,13,13
59887,159,134,25,25
59888,86,87,-1,1
59889,116,113,3,3
59890,76,75,1,1
59891,159,144,15,15
59892,102,95,7,7
59893,72,78,-6,6
59894,102,102,0,0
59895,94,85,9,9
59896,56,60,-4,4
59897,136,137,-1,1
59898,78,79,-1,1
59899,75,83,-8,8
59900,138,132,6,6
59901,79,80,-1,1
59902,89,90,-1,1
59903,63,77,-14,14
59904,59,61,-2,2
59905,127,125,2,2
59906,100,91,9,9
59907,60,70,-10,10
59908,100,97,3,3
59909,108,98,10,10
59910,152,139,13,13
59911,118,116,2,2
59912,81,85,-4,4
59913,49,57,-8,8
59914,90,85,5,5
59915,97,94,3,3
59916,90,86,4,4
59917,138,128,10,10
59918,116,125,-9,9
59919,86,88,-2,2
59920,106,95,11,11
59921,155,138,17,17
59922,100,95,5,5
59923,66,71,-5,5
59924,84,83,1,1
59925,103,100,3,3
59926,56,68,-12,12
59927,100,91,9,9
59928,93,88,5,5
59929,135,132,3,3
59930,32,49,-17,17
59931,93,103,-10,10
59932,107,124,-17,17
59933,62,73,-11,11
59934,59,66,-7,7
59935,91,91,0,0
59936,75,84,-9,9
59937,73,74,-1,1
59938,96,100,-4,4
59939,115,111,4,4
59940,63,71,-8,8
59941,85,97,-12,12
59942,72,84,-12,12
59943,158,158,0,0
59944,91,88,3,3
59945,69,78,-9,9
59946,89,112,-23,23
59947,74,75,-1,1
59948,104,236,-132,132
59949,49,63,-14,14
59950,99,95,4,4
59951,127,120,7,7
59952,73,82,-9,9
59953,49,65,-16,16
59954,87,87,0,0
59955,157,142,15,15
59956,80,88,-8,8
59957,144,118,26,26
59958,83,94,-11,11
59959,131,130,1,1
59960,95,99,-4,4
59961,141,135,6,6
59962,89,101,-12,12
59963,59,62,-3,3
59964,86,83,3,3
59965,118,114,4,4
59966,78,85,-7,7
59967,148,138,10,10
59968,59,64,-5,5
59969,104,106,-2,2
59970,85,83,2,2
59971,103,104,-1,1
59972,236,198,38,38
59973,66,84,-18,18
59974,50,72,-22,22
59975,77,74,3,3
59976,114,97,17,17
59977,85,85,0,0
59978,88,87,1,1
59979,74,75,-1,1
59980,71,79,-8,8
59981,155,145,10,10
59982,62,72,-10,10
59983,100,90,10,10
59984,82,88,-6,6
59985,113,107,6,6
59986,104,104,0,0
59987,104,99,5,5
59988,105,125,-20,20
59989,153,142,11,11
59990,76,78,-2,2
59991,85,79,6,6
59992,119,123,-4,4
59993,106,95,11,11
59994,73,84,-11,11
59995,137,117,20,20
59996,79,78,1,1
59997,186,177,9,9
59998,63,72,-9,9
59999,93,90,3,3
60000,126,134,-8,8
60001,70,72,-2,2
60002,128,110,18,18
60003,61,68,-7,7
60004,83,80,3,3
60005,108,98,10,10
60006,87,95,-8,8
60007,97,98,-1,1
60008,62,70,-8,8
60009,129,125,4,4
60010,124,111,13,13
60011,63,70,-7,7
60012,138,126,12,12
60013,53,60,-7,7
60014,76,73,3,3
60015,138,141,-3,3
60016,123,127,-4,4
60017,57,64,-7,7
60018,83,82,1,1
60019,96,100,-4,4
60020,119,127,-8,8
60021,72,76,-4,4
60022,78,72,6,6
60023,106,96,10,10
60024,83,79,4,4
60025,71,71,0,0
60026,205,176,29,29
60027,59,70,-11,11
60028,57,62,-5,5
60029,90,94,-4,4
60030,34,65,-31,31
60031,215,174,41,41
60032,85,88,-3,3
60033,158,152,6,6
60034,136,123,13,13
60035,55,55,0,0
60036,119,114,5,5
60037,109,140,-31,31
60038,57,67,-10,10
60039,92,85,7,7
60040,99,97,2,2
60041,95,95,0,0
60042,74,72,2,2
60043,84,81,3,3
60044,107,101,6,6
60045,78,76,2,2
60046,64,71,-7,7
60047,66,78,-12,12
60048,88,85,3,3
60049,135,114,21,21
60050,139,128,11,11
60051,126,142,-16,16
60052,82,83,-1,1
60053,70,71,-1,1
60054,81,86,-5,5
60055,60,68,-8,8
60056,56,63,-7,7
60057,131,123,8,8
60058,59,67,-8,8
60059,83,78,5,5
60060,145,137,8,8
60061,86,86,0,0
60062,102,101,1,1
60063,77,82,-5,5
60064,136,116,20,20
60065,68,73,-5,5
60066,81,78,3,3
60067,82,78,4,4
60068,85,84,1,1
60069,121,116,5,5
60070,69,72,-3,3
60071,56,68,-12,12
60072,170,151,19,19
60073,123,121,2,2
60074,71,71,0,0
60075,77,83,-6,6
60076,140,130,10,10
60077,141,132,9,9
60078,98,95,3,3
60079,93,83,10,10
60080,69,82,-13,13
60081,104,101,3,3
60082,53,68,-15,15
60083,75,82,-7,7
60084,120,113,7,7
60085,86,95,-9,9
60086,98,94,4,4
60087,84,86,-2,2
60088,88,85,3,3
60089,113,107,6,6
60090,74,79,-5,5
60091,91,87,4,4
60092,149,130,19,19
60093,82,84,-2,2
60094,84,81,3,3
60095,195,185,10,10
60096,117,118,-1,1
60097,120,121,-1,1
60098,180,163,17,17
60099,80,89,-9,9
60100,122,115,7,7
60101,135,125,10,10
60102,159,154,5,5
60103,107,107,0,0
60104,76,83,-7,7
60105,85,87,-2,2
60106,87,82,5,5
60107,88,83,5,5
60108,41,55,-14,14
60109,78,79,-1,1
60110,61,68,-7,7
60111,87,85,2,2
60112,129,113,16,16
60113,84,83,1,1
60114,142,125,17,17
60115,126,126,0,0
60116,89,87,2,2
60117,74,73,1,1
60118,51,56,-5,5
60119,141,122,19,19
60120,83,81,2,2
60121,120,152,-32,32
60122,144,136,8,8
60123,67,80,-13,13
60124,82,87,-5,5
60125,67,76,-9,9
60126,85,85,0,0
60127,62,59,3,3
60128,106,102,4,4
60129,59,65,-6,6
60130,73,73,0,0
60131,145,136,9,9
60132,65,68,-3,3
60133,72,75,-3,3
60134,118,105,13,13
60135,105,115,-10,10
60136,71,74,-3,3
60137,96,95,1,1
60138,111,101,10,10
60139,73,91,-18,18
60140,88,83,5,5
60141,210,195,15,15
60142,104,97,7,7
60143,76,75,1,1
60144,43,62,-19,19
60145,110,101,9,9
60146,93,89,4,4
60147,114,107,7,7
60148,190,180,10,10
60149,87,87,0,0
60150,85,79,6,6
60151,95,97,-2,2
60152,97,111,-14,14
60153,58,65,-7,7
60154,126,130,-4,4
60155,145,124,21,21
60156,61,72,-11,11
60157,113,97,16,16
60158,42,56,-14,14
60159,108,99,9,9
60160,93,85,8,8
60161,157,150,7,7
60162,75,80,-5,5
60163,59,70,-11,11
60164,101,89,12,12
60165,83,81,2,2
60166,95,97,-2,2
60167,100,96,4,4
60168,69,72,-3,3
60169,108,112,-4,4
60170,79,76,3,3
60171,105,99,6,6
60172,98,110,-12,12
60173,123,124,-1,1
60174,103,100,3,3
60175,158,144,14,14
60176,98,96,2,2
60177,128,119,9,9
60178,54,60,-6,6
60179,54,70,-16,16
60180,86,87,-1,1
60181,119,118,1,1
60182,67,70,-3,3
60183,114,108,6,6
60184,104,98,6,6
60185,81,85,-4,4
60186,84,83,1,1
60187,86,85,1,1
60188,93,95,-2,2
60189,75,75,0,0
60190,69,74,-5,5
60191,96,89,7,7
60192,117,116,1,1
60193,164,146,18,18
60194,121,113,8,8
60195,93,87,6,6
60196,91,88,3,3
60197,144,135,9,9
60198,101,100,1,1
60199,135,114,21,21
60200,102,100,2,2
60201,83,84,-1,1
60202,88,82,6,6
60203,101,104,-3,3
60204,102,102,0,0
60205,102,110,-8,8
60206,105,98,7,7
60207,99,102,-3,3
60208,151,135,16,16
60209,67,76,-9,9
60210,164,139,25,25
60211,85,87,-2,2
60212,89,95,-6,6
60213,59,66,-7,7
60214,94,86,8,8
60215,123,118,5,5
60216,79,100,-21,21
60217,74,77,-3,3
60218,176,165,11,11
60219,59,72,-13,13
60220,100,101,-1,1
60221,123,122,1,1
60222,104,104,0,0
60223,145,146,-1,1
60224,97,99,-2,2
60225,175,159,16,16
60226,63,68,-5,5
60227,124,117,7,7
60228,68,71,-3,3
60229,139,124,15,15
60230,78,75,3,3
60231,79,75,4,4
60232,48,64,-16,16
60233,141,137,4,4
60234,136,121,15,15
60235,123,126,-3,3
60236,85,86,-1,1
60237,128,118,10,10
60238,97,93,4,4
60239,63,71,-8,8
60240,141,143,-2,2
60241,87,86,1,1
60242,93,100,-7,7
60243,54,62,-8,8
60244,133,115,18,18
60245,50,63,-13,13
60246,71,73,-2,2
60247,75,77,-2,2
60248,165,157,8,8
60249,64,71,-7,7
60250,95,85,10,10
60251,65,68,-3,3
60252,106,99,7,7
60253,91,82,9,9
60254,70,83,-13,13
60255,124,118,6,6
60256,48,62,-14,14
60257,74,77,-3,3
60258,64,67,-3,3
60259,104,99,5,5
60260,82,84,-2,2
60261,82,84,-2,2
60262,147,144,3,3
60263,123,102,21,21
60264,81,86,-5,5
60265,146,145,1,1
60266,88,86,2,2
60267,78,80,-2,2
60268,118,122,-4,4
60269,160,151,9,9
60270,176,161,15,15
60271,133,119,14,14
60272,122,114,8,8
60273,74,80,-6,6
60274,75,80,-5,5
60275,116,117,-1,1
60276,116,111,5,5
60277,126,121,5,5
60278,53,62,-9,9
60279,58,85,-27,27
60280,169,160,9,9
60281,100,107,-7,7
60282,56,66,-10,10
60283,63,76,-13,13
60284,58,66,-8,8
60285,56,73,-17,17
60286,131,137,-6,6
60287,74,73,1,1
60288,143,132,11,11
60289,127,129,-2,2
60290,98,98,0,0
60291,60,62,-2,2
60292,65,88,-23,23
60293,76,71,5,5
60294,72,77,-5,5
60295,83,84,-1,1
60296,41,56,-15,15
60297,91,86,5,5
60298,125,123,2,2
60299,119,124,-5,5
60300,92,83,9,9
60301,100,110,-10,10
60302,125,117,8,8
60303,95,98,-3,3
60304,108,102,6,6
60305,118,111,7,7
60306,124,133,-9,9
60307,31,47,-16,16
60308,175,170,5,5
60309,122,120,2,2
60310,117,123,-6,6
60311,30,58,-28,28
60312,184,165,19,19
60313,93,88,5,5
60314,98,96,2,2
60315,82,82,0,0
60316,91,96,-5,5
60317,67,80,-13,13
60318,103,80,23,23
60319,127,128,-1,1
60320,64,71,-7,7
60321,70,83,-13,13
60322,68,74,-6,6
60323,87,100,-13,13
60324,103,101,2,2
60325,91,91,0,0
60326,77,75,2,2
60327,70,70,0,0
60328,90,93,-3,3
60329,64,71,-7,7
60330,53,63,-10,10
60331,87,81,6,6
60332,112,100,12,12
60333,91,87,4,4
60334,132,127,5,5
60335,116,112,4,4
60336,99,100,-1,1
60337,80,80,0,0
60338,125,124,1,1
60339,83,81,2,2
60340,123,124,-1,1
60341,126,118,8,8
60342,114,111,3,3
60343,139,130,9,9
60344,135,137,-2,2
60345,61,65,-4,4
60346,70,77,-7,7
60347,112,103,9,9
60348,79,83,-4,4
60349,58,73,-15,15
60350,131,137,-6,6
60351,154,143,11,11
60352,85,88,-3,3
60353,116,102,14,14
60354,71,78,-7,7
60355,62,76,-14,14
60356,72,81,-9,9
60357,137,136,1,1
60358,152,148,4,4
60359,85,84,1,1
60360,63,72,-9,9
60361,67,65,2,2
60362,108,111,-3,3
60363,120,125,-5,5
60364,103,100,3,3
60365,96,101,-5,5
60366,108,109,-1,1
60367,49,105,-56,56
60368,83,88,-5,5
60369,91,85,6,6
60370,112,102,10,10
60371,148,135,13,13
60372,110,116,-6,6
60373,90,88,2,2
60374,71,65,6,6
60375,95,104,-9,9
60376,78,77,1,1
60377,102,104,-2,2
60378,99,94,5,5
60379,71,75,-4,4
60380,103,100,3,3
60381,75,80,-5,5
60382,128,124,4,4
60383,37,58,-21,21
60384,82,82,0,0
60385,82,92,-10,10
60386,105,105,0,0
60387,96,94,2,2
60388,57,59,-2,2
60389,135,134,1,1
60390,87,86,1,1
60391,75,85,-10,10
60392,75,88,-13,13
60393,127,113,14,14
60394,105,103,2,2
60395,61,67,-6,6
60396,66,95,-29,29
60397,140,131,9,9
60398,129,128,1,1
60399,150,130,20,20
60400,109,102,7,7
60401,115,120,-5,5
60402,118,112,6,6
60403,58,64,-6,6
60404,79,74,5,5
60405,28,46,-18,18
60406,173,149,24,24
60407,89,95,-6,6
60408,95,85,10,10
60409,71,81,-10,10
60410,87,90,-3,3
60411,77,75,2,2
60412,106,104,2,2
60413,88,93,-5,5
60414,74,80,-6,6
60415,66,83,-17,17
60416,64,82,-18,18
60417,115,115,0,0
60418,59,66,-7,7
60419,142,125,17,17
60420,73,68,5,5
60421,138,125,13,13
60422,110,105,5,5
60423,81,87,-6,6
60424,143,154,-11,11
60425,137,119,18,18
60426,177,161,16,16
60427,100,101,-1,1
60428,112,111,1,1
60429,136,136,0,0
60430,48,59,-11,11
60431,112,127,-15,15
60432,115,111,4,4
60433,134,129,5,5
60434,97,103,-6,6
60435,86,85,1,1
60436,115,105,10,10
60437,80,78,2,2
60438,157,143,14,14
60439,59,63,-4,4
60440,118,116,2,2
60441,64,77,-13,13
60442,123,114,9,9
60443,70,78,-8,8
60444,60,71,-11,11
60445,76,85,-9,9
60446,161,149,12,12
60447,129,136,-7,7
60448,66,71,-5,5
60449,104,95,9,9
60450,86,81,5,5
60451,53,59,-6,6
60452,76,76,0,0
60453,202,173,29,29
60454,81,79,2,2
60455,136,132,4,4
60456,80,75,5,5
60457,54,63,-9,9
60458,71,71,0,0
60459,37,52,-15,15
60460,92,90,2,2
60461,81,87,-6,6
60462,94,113,-19,19
60463,116,109,7,7
60464,89,95,-6,6
60465,123,112,11,11
60466,95,88,7,7
60467,114,108,6,6
60468,134,132,2,2
60469,153,145,8,8
60470,82,84,-2,2
60471,104,98,6,6
60472,101,105,-4,4
60473,73,71,2,2
60474,121,121,0,0
60475,147,125,22,22
60476,70,80,-10,10
60477,126,119,7,7
60478,284,245,39,39
60479,124,128,-4,4
60480,107,103,4,4
60481,78,81,-3,3
60482,116,111,5,5
60483,139,125,14,14
60484,127,120,7,7
60485,61,71,-10,10
60486,56,64,-8,8
60487,105,99,6,6
60488,68,77,-9,9
60489,101,93,8,8
60490,64,65,-1,1
60491,70,76,-6,6
60492,129,123,6,6
60493,86,83,3,3
60494,71,71,0,0
60495,57,129,-72,72
60496,63,82,-19,19
60497,100,93,7,7
60498,138,140,-2,2
60499,143,132,11,11
60500,123,115,8,8
60501,114,115,-1,1
60502,69,73,-4,4
60503,71,74,-3,3
60504,65,63,2,2
60505,94,101,-7,7
60506,73,80,-7,7
60507,77,83,-6,6
60508,68,74,-6,6
60509,126,136,-10,10
60510,133,123,10,10
60511,111,118,-7,7
60512,80,84,-4,4
60513,74,83,-9,9
60514,91,88,3,3
60515,111,114,-3,3
60516,100,98,2,2
60517,191,162,29,29
60518,124,108,16,16
60519,55,63,-8,8
60520,113,101,12,12
60521,34,53,-19,19
60522,108,98,10,10
60523,74,75,-1,1
60524,163,141,22,22
60525,135,116,19,19
60526,86,99,-13,13
60527,122,112,10,10
60528,135,129,6,6
60529,68,82,-14,14
60530,75,77,-2,2
60531,127,131,-4,4
60532,65,71,-6,6
60533,83,87,-4,4
60534,103,95,8,8
60535,79,81,-2,2
60536,77,80,-3,3
60537,116,116,0,0
60538,123,115,8,8
60539,70,72,-2,2
60540,66,77,-11,11
60541,102,106,-4,4
60542,108,124,-16,16
60543,64,63,1,1
60544,116,122,-6,6
60545,154,155,-1,1
60546,78,83,-5,5
60547,97,98,-1,1
60548,64,73,-9,9
60549,109,103,6,6
60550,109,99,10,10
60551,110,114,-4,4
60552,124,117,7,7
60553,50,60,-10,10
60554,75,77,-2,2
60555,112,113,-1,1
60556,72,82,-10,10
60557,113,107,6,6
60558,70,82,-12,12
60559,112,85,27,27
60560,71,74,-3,3
60561,117,112,5,5
60562,88,84,4,4
60563,88,82,6,6
60564,96,86,10,10
60565,114,115,-1,1
60566,46,63,-17,17
60567,82,88,-6,6
60568,77,81,-4,4
60569,68,80,-12,12
60570,79,89,-10,10
60571,78,79,-1,1
60572,48,59,-11,11
60573,55,66,-11,11
60574,110,107,3,3
60575,106,101,5,5
60576,88,83,5,5
60577,90,99,-9,9
60578,84,93,-9,9
60579,78,86,-8,8
60580,108,110,-2,2
60581,52,68,-16,16
60582,162,140,22,22
60583,46,58,-12,12
60584,100,104,-4,4
60585,95,92,3,3
60586,138,135,3,3
60587,53,63,-10,10
60588,100,93,7,7
60589,93,89,4,4
60590,90,107,-17,17
60591,103,105,-2,2
60592,92,85,7,7
60593,52,57,-5,5
60594,104,100,4,4
60595,49,61,-12,12
60596,82,80,2,2
60597,104,96,8,8
60598,167,160,7,7
60599,58,71,-13,13
60600,79,81,-2,2
60601,75,71,4,4
60602,70,79,-9,9
60603,78,83,-5,5
60604,70,73,-3,3
60605,130,127,3,3
60606,90,96,-6,6
60607,68,75,-7,7
60608,97,101,-4,4
60609,83,86,-3,3
60610,51,66,-15,15
60611,70,78,-8,8
60612,35,62,-27,27
60613,24,40,-16,16
60614,113,98,15,15
60615,133,121,12,12
60616,90,95,-5,5
60617,84,82,2,2
60618,86,85,1,1
60619,63,71,-8,8
60620,51,63,-12,12
60621,153,137,16,16
60622,113,107,6,6
60623,47,59,-12,12
60624,111,99,12,12
60625,67,68,-1,1
60626,51,67,-16,16
60627,57,69,-12,12
60628,67,65,2,2
60629,149,138,11,11
60630,71,72,-1,1
60631,100,108,-8,8
60632,94,99,-5,5
60633,61,66,-5,5
60634,100,89,11,11
60635,147,139,8,8
60636,92,91,1,1
60637,79,86,-7,7
60638,95,98,-3,3
60639,155,152,3,3
60640,88,82,6,6
60641,149,153,-4,4
60642,128,121,7,7
60643,73,66,7,7
60644,124,116,8,8
60645,78,85,-7,7
60646,73,77,-4,4
60647,104,96,8,8
60648,124,106,18,18
60649,65,76,-11,11
60650,98,97,1,1
60651,100,99,1,1
60652,79,77,2,2
60653,216,181,35,35
60654,77,82,-5,5
60655,64,80,-16,16
60656,43,52,-9,9
60657,124,110,14,14
60658,87,87,0,0
60659,98,98,0,0
60660,91,86,5,5
60661,81,82,-1,1
60662,109,117,-8,8
60663,61,80,-19,19
60664,86,92,-6,6
60665,126,116,10,10
60666,85,81,4,4
60667,94,111,-17,17
60668,68,75,-7,7
60669,77,77,0,0
60670,72,75,-3,3
60671,107,109,-2,2
60672,83,83,0,0
60673,116,111,5,5
60674,59,64,-5,5
60675,53,62,-9,9
60676,137,133,4,4
60677,128,112,16,16
60678,97,96,1,1
60679,97,97,0,0
60680,75,77,-2,2
60681,107,97,10,10
60682,96,93,3,3
60683,139,127,12,12
60684,62,66,-4,4
60685,90,86,4,4
60686,104,105,-1,1
60687,124,115,9,9
60688,107,103,4,4
60689,124,125,-1,1
60690,105,97,8,8
60691,134,134,0,0
60692,122,111,11,11
60693,70,81,-11,11
60694,152,149,3,3
60695,95,92,3,3
60696,67,86,-19,19
60697,109,101,8,8
60698,170,201,-31,31
60699,80,84,-4,4
60700,88,84,4,4
60701,131,100,31,31
60702,84,84,0,0
60703,97,99,-2,2
60704,149,127,22,22
60705,79,85,-6,6
60706,93,105,-12,12
60707,81,84,-3,3
60708,125,121,4,4
60709,82,82,0,0
60710,79,81,-2,2
60711,65,63,2,2
60712,95,96,-1,1
60713,111,114,-3,3
60714,113,104,9,9
60715,119,118,1,1
60716,68,76,-8,8
60717,135,114,21,21
60718,102,88,14,14
60719,96,107,-11,11
60720,107,102,5,5
60721,86,84,2,2
60722,158,130,28,28
60723,141,127,14,14
60724,129,127,2,2
60725,49,55,-6,6
60726,149,138,11,11
60727,114,111,3,3
60728,40,53,-13,13
60729,55,66,-11,11
60730,85,82,3,3
60731,65,70,-5,5
60732,97,103,-6,6
60733,148,137,11,11
60734,141,125,16,16
60735,69,69,0,0
60736,80,82,-2,2
60737,158,137,21,21
60738,75,82,-7,7
60739,88,87,1,1
60740,110,103,7,7
60741,82,86,-4,4
60742,58,74,-16,16
60743,76,76,0,0
60744,48,62,-14,14
60745,106,92,14,14
60746,108,104,4,4
60747,191,173,18,18
60748,100,98,2,2
60749,58,68,-10,10
60750,117,114,3,3
60751,233,186,47,47
60752,78,83,-5,5
60753,83,79,4,4
60754,66,73,-7,7
60755,55,62,-7,7
60756,77,84,-7,7
60757,102,98,4,4
60758,62,68,-6,6
60759,71,76,-5,5
60760,139,135,4,4
60761,132,130,2,2
60762,94,98,-4,4
60763,107,110,-3,3
60764,60,76,-16,16
60765,94,105,-11,11
60766,72,69,3,3
60767,86,84,2,2
60768,75,85,-10,10
60769,87,89,-2,2
60770,148,129,19,19
60771,120,110,10,10
60772,68,75,-7,7
60773,81,79,2,2
60774,222,208,14,14
60775,68,71,-3,3
60776,103,107,-4,4
60777,133,113,20,20
60778,135,112,23,23
60779,97,94,3,3
60780,56,65,-9,9
60781,73,73,0,0
60782,110,112,-2,2
60783,116,111,5,5
60784,46,52,-6,6
60785,119,108,11,11
60786,42,52,-10,10
60787,71,83,-12,12
60788,80,69,11,11
60789,87,88,-1,1
60790,73,76,-3,3
60791,99,95,4,4
60792,36,54,-18,18
60793,70,74,-4,4
60794,55,62,-7,7
60795,104,99,5,5
60796,135,133,2,2
60797,103,98,5,5
60798,83,86,-3,3
60799,87,81,6,6
60800,78,77,1,1
60801,68,80,-12,12
60802,70,81,-11,11
60803,112,100,12,12
60804,99,97,2,2
60805,103,100,3,3
60806,87,87,0,0
60807,105,101,4,4
60808,94,97,-3,3
60809,185,165,20,20
60810,167,157,10,10
60811,67,77,-10,10
60812,98,83,15,15
60813,109,106,3,3
60814,139,132,7,7
60815,88,85,3,3
60816,117,108,9,9
60817,101,109,-8,8
60818,124,131,-7,7
60819,182,150,32,32
60820,198,169,29,29
60821,115,112,3,3
60822,92,93,-1,1
60823,77,76,1,1
60824,104,100,4,4
60825,75,73,2,2
60826,93,81,12,12
60827,173,167,6,6
60828,121,120,1,1
60829,141,111,30,30
60830,66,82,-16,16
60831,72,71,1,1
60832,104,109,-5,5
60833,103,97,6,6
60834,81,83,-2,2
60835,122,105,17,17
60836,131,117,14,14
60837,58,65,-7,7
60838,106,106,0,0
60839,119,104,15,15
60840,57,63,-6,6
60841,77,78,-1,1
60842,67,67,0,0
60843,85,83,2,2
60844,62,73,-11,11
60845,140,131,9,9
60846,72,82,-10,10
60847,125,122,3,3
60848,166,153,13,13
60849,133,118,15,15
60850,101,83,18,18
60851,156,143,13,13
60852,68,75,-7,7
60853,70,72,-2,2
60854,127,117,10,10
60855,89,85,4,4
60856,111,97,14,14
60857,154,128,26,26
60858,91,86,5,5
60859,59,69,-10,10
60860,105,99,6,6
60861,108,123,-15,15
60862,87,98,-11,11
60863,143,134,9,9
60864,88,89,-1,1
60865,83,87,-4,4
60866,105,96,9,9
60867,96,100,-4,4
60868,95,89,6,6
60869,104,110,-6,6
60870,97,112,-15,15
60871,111,112,-1,1
60872,93,89,4,4
60873,54,60,-6,6
60874,90,93,-3,3
60875,52,62,-10,10
60876,85,88,-3,3
60877,114,111,3,3
60878,152,154,-2,2
60879,79,76,3,3
60880,118,120,-2,2
60881,85,80,5,5
60882,94,87,7,7
60883,49,62,-13,13
60884,56,63,-7,7
60885,156,140,16,16
60886,55,59,-4,4
60887,116,109,7,7
60888,84,86,-2,2
60889,105,101,4,4
60890,122,113,9,9
60891,80,86,-6,6
60892,89,79,10,10
60893,117,105,12,12
60894,50,59,-9,9
60895,65,77,-12,12
60896,115,111,4,4
60897,78,80,-2,2
60898,112,113,-1,1
60899,84,81,3,3
60900,144,141,3,3
60901,95,89,6,6
60902,125,120,5,5
60903,115,126,-11,11
60904,76,77,-1,1
60905,119,112,7,7
60906,133,144,-11,11
60907,90,84,6,6
60908,112,107,5,5
60909,76,77,-1,1
60910,147,137,10,10
60911,55,65,-10,10
60912,131,116,15,15
60913,116,106,10,10
60914,84,84,0,0
60915,72,77,-5,5
60916,73,78,-5,5
60917,43,61,-18,18
60918,73,76,-3,3
60919,82,90,-8,8
60920,56,66,-10,10
60921,99,93,6,6
60922,105,112,-7,7
60923,79,92,-13,13
60924,138,123,15,15
60925,111,116,-5,5
60926,36,56,-20,20
60927,138,126,12,12
60928,89,95,-6,6
60929,93,84,9,9
60930,132,129,3,3
60931,108,100,8,8
60932,66,71,-5,5
60933,71,77,-6,6
60934,65,67,-2,2
60935,200,180,20,20
60936,72,104,-32,32
60937,232,224,8,8
60938,75,78,-3,3
60939,186,166,20,20
60940,125,114,11,11
60941,95,103,-8,8
60942,203,148,55,55
60943,176,153,23,23
60944,129,125,4,4
60945,76,79,-3,3
60946,143,138,5,5
60947,49,58,-9,9
60948,92,88,4,4
60949,92,88,4,4
60950,75,86,-11,11
60951,105,97,8,8
60952,155,130,25,25
60953,95,101,-6,6
60954,86,94,-8,8
60955,132,119,13,13
60956,46,61,-15,15
60957,69,79,-10,10
60958,58,74,-16,16
60959,140,127,13,13
60960,70,71,-1,1
60961,89,86,3,3
60962,84,73,11,11
60963,124,118,6,6
60964,71,75,-4,4
60965,127,120,7,7
60966,69,73,-4,4
60967,111,102,9,9
60968,125,121,4,4
60969,85,90,-5,5
60970,76,80,-4,4
60971,85,90,-5,5
60972,55,65,-10,10
60973,92,94,-2,2
60974,182,160,22,22
60975,89,87,2,2
60976,102,97,5,5
60977,113,111,2,2
60978,131,133,-2,2
60979,133,141,-8,8
60980,98,95,3,3
60981,154,133,21,21
60982,99,95,4,4
60983,114,109,5,5
60984,110,103,7,7
60985,125,107,18,18
60986,52,70,-18,18
60987,42,52,-10,10
60988,80,78,2,2
60989,83,84,-1,1
60990,143,134,9,9
60991,56,65,-9,9
60992,131,121,10,10
60993,112,122,-10,10
60994,110,105,5,5
60995,104,97,7,7
60996,71,75,-4,4
60997,36,49,-13,13
60998,57,66,-9,9
60999,72,84,-12,12
61000,119,101,18,18
61001,194,173,21,21
61002,107,98,9,9
61003,123,118,5,5
61004,87,83,4,4
61005,157,146,11,11
61006,75,81,-6,6
61007,94,96,-2,2
61008,85,88,-3,3
61009,85,93,-8,8
61010,44,59,-15,15
61011,78,86,-8,8
61012,97,81,16,16
61013,34,62,-28,28
61014,38,49,-11,11
61015,93,92,1,1
61016,113,107,6,6
61017,130,117,13,13
61018,46,56,-10,10
61019,94,98,-4,4
61020,144,128,16,16
61021,60,66,-6,6
61022,110,109,1,1
61023,78,84,-6,6
61024,172,162,10,10
61025,117,127,-10,10
61026,60,75,-15,15
61027,114,99,15,15
61028,136,142,-6,6
61029,130,134,-4,4
61030,140,125,15,15
61031,58,68,-10,10
61032,87,83,4,4
61033,154,140,14,14
61034,84,85,-1,1
61035,78,76,2,2
61036,224,249,-25,25
61037,77,78,-1,1
61038,114,109,5,5
61039,64,70,-6,6
61040,145,134,11,11
61041,62,68,-6,6
61042,123,122,1,1
61043,126,123,3,3
61044,59,77,-18,18
61045,59,75,-16,16
61046,65,81,-16,16
61047,81,88,-7,7
61048,104,95,9,9
61049,94,96,-2,2
61050,131,125,6,6
61051,60,64,-4,4
61052,111,101,10,10
61053,159,140,19,19
61054,145,140,5,5
61055,67,70,-3,3
61056,114,108,6,6
61057,82,80,2,2
61058,93,96,-3,3
61059,53,67,-14,14
61060,83,93,-10,10
61061,101,101,0,0
61062,112,119,-7,7
61063,71,70,1,1
61064,86,82,4,4
61065,49,99,-50,50
61066,59,65,-6,6
61067,125,110,15,15
61068,157,152,5,5
61069,90,92,-2,2
61070,160,158,2,2
61071,128,106,22,22
61072,78,83,-5,5
61073,153,147,6,6
61074,87,99,-12,12
61075,133,122,11,11
61076,96,99,-3,3
61077,88,100,-12,12
61078,69,79,-10,10
61079,150,156,-6,6
61080,134,119,15,15
61081,122,117,5,5
61082,91,93,-2,2
61083,156,137,19,19
61084,76,80,-4,4
61085,44,55,-11,11
61086,117,119,-2,2
61087,110,104,6,6
61088,101,85,16,16
61089,81,78,3,3
61090,52,63,-11,11
61091,164,155,9,9
61092,40,53,-13,13
61093,80,85,-5,5
61094,129,115,14,14
61095,131,116,15,15
61096,87,88,-1,1
61097,79,78,1,1
61098,110,107,3,3
61099,120,108,12,12
61100,100,119,-19,19
61101,113,110,3,3
61102,97,114,-17,17
61103,75,73,2,2
61104,85,93,-8,8
61105,49,55,-6,6
61106,103,116,-13,13
61107,177,164,13,13
61108,94,96,-2,2
61109,130,121,9,9
61110,72,80,-8,8
61111,158,150,8,8
61112,47,63,-16,16
61113,74,87,-13,13
61114,101,104,-3,3
61115,51,67,-16,16
61116,83,84,-1,1
61117,142,137,5,5
61118,58,70,-12,12
61119,83,87,-4,4
61120,45,53,-8,8
61121,138,132,6,6
61122,152,139,13,13
61123,101,105,-4,4
61124,77,75,2,2
61125,52,80,-28,28
61126,89,83,6,6
61127,149,133,16,16
61128,78,74,4,4
61129,146,141,5,5
61130,122,122,0,0
61131,88,83,5,5
61132,131,127,4,4
61133,67,74,-7,7
61134,107,94,13,13
61135,139,141,-2,2
61136,164,148,16,16
61137,134,125,9,9
61138,71,75,-4,4
61139,87,79,8,8
61140,68,73,-5,5
61141,56,103,-47,47
61142,118,120,-2,2
61143,101,105,-4,4
61144,75,80,-5,5
61145,127,134,-7,7
61146,85,87,-2,2
61147,57,81,-24,24
61148,37,57,-20,20
61149,116,108,8,8
61150,108,101,7,7
61151,137,129,8,8
61152,58,68,-10,10
61153,67,87,-20,20
61154,106,105,1,1
61155,132,116,16,16
61156,102,94,8,8
61157,115,115,0,0
61158,85,87,-2,2
61159,107,106,1,1
61160,49,61,-12,12
61161,139,150,-11,11
61162,126,129,-3,3
61163,135,138,-3,3
61164,69,69,0,0
61165,88,80,8,8
61166,117,109,8,8
61167,77,78,-1,1
61168,51,67,-16,16
61169,92,101,-9,9
61170,80,86,-6,6
61171,82,81,1,1
61172,157,149,8,8
61173,83,84,-1,1
61174,136,124,12,12
61175,147,133,14,14
61176,49,59,-10,10
61177,86,86,0,0
61178,125,114,11,11
61179,73,74,-1,1
61180,99,108,-9,9
61181,102,102,0,0
61182,101,100,1,1
61183,109,100,9,9
61184,126,120,6,6
61185,142,122,20,20
61186,62,69,-7,7
61187,113,109,4,4
61188,149,126,23,23
61189,61,68,-7,7
61190,66,76,-10,10
61191,122,112,10,10
61192,89,88,1,1
61193,76,80,-4,4
61194,74,87,-13,13
61195,61,73,-12,12
61196,44,57,-13,13
61197,107,119,-12,12
61198,104,97,7,7
61199,109,106,3,3
61200,140,126,14,14
61201,43,59,-16,16
61202,40,53,-13,13
61203,223,190,33,33
61204,95,92,3,3
61205,47,62,-15,15
61206,71,71,0,0
61207,121,102,19,19
61208,119,122,-3,3
61209,135,129,6,6
61210,78,76,2,2
61211,96,86,10,10
61212,71,73,-2,2
61213,71,83,-12,12
61214,108,125,-17,17
61215,64,71,-7,7
61216,169,177,-8,8
61217,80,83,-3,3
61218,78,82,-4,4
61219,100,92,8,8
61220,90,86,4,4
61221,108,100,8,8
61222,84,87,-3,3
61223,150,139,11,11
61224,91,108,-17,17
61225,55,77,-22,22
61226,83,83,0,0
61227,119,150,-31,31
61228,86,87,-1,1
61229,101,103,-2,2
61230,89,83,6,6
61231,80,85,-5,5
61232,116,107,9,9
61233,146,144,2,2
61234,64,78,-14,14
61235,175,165,10,10
61236,139,133,6,6
61237,79,78,1,1
61238,120,114,6,6
61239,84,93,-9,9
61240,132,128,4,4
61241,71,76,-5,5
61242,104,96,8,8
61243,60,69,-9,9
61244,171,145,26,26
61245,93,95,-2,2
61246,132,125,7,7
61247,55,64,-9,9
61248,74,65,9,9
61249,126,107,19,19
61250,75,83,-8,8
61251,45,65,-20,20
61252,95,96,-1,1
61253,154,133,21,21
61254,143,128,15,15
61255,111,106,5,5
61256,97,104,-7,7
61257,203,215,-12,12
61258,42,51,-9,9
61259,49,58,-9,9
61260,111,110,1,1
61261,76,71,5,5
61262,79,79,0,0
61263,70,80,-10,10
61264,57,60,-3,3
61265,60,56,4,4
61266,119,117,2,2
61267,76,81,-5,5
61268,72,73,-1,1
61269,124,102,22,22
61270,138,113,25,25
61271,118,115,3,3
61272,119,109,10,10
61273,94,83,11,11
61274,113,127,-14,14
61275,69,85,-16,16
61276,106,98,8,8
61277,41,58,-17,17
61278,88,81,7,7
61279,124,130,-6,6
61280,51,63,-12,12
61281,70,84,-14,14
61282,112,110,2,2
61283,100,97,3,3
61284,143,132,11,11
61285,87,95,-8,8
61286,61,70,-9,9
61287,64,73,-9,9
61288,130,137,-7,7
61289,81,82,-1,1
61290,73,71,2,2
61291,47,54,-7,7
61292,99,111,-12,12
61293,95,93,2,2
61294,105,104,1,1
61295,126,122,4,4
61296,108,98,10,10
61297,67,75,-8,8
61298,72,82,-10,10
61299,65,69,-4,4
61300,109,104,5,5
61301,52,63,-11,11
61302,122,112,10,10
61303,59,72,-13,13
61304,117,124,-7,7
61305,79,76,3,3
61306,46,57,-11,11
61307,64,76,-12,12
61308,71,84,-13,13
61309,60,69,-9,9
61310,70,75,-5,5
61311,114,107,7,7
61312,101,101,0,0
61313,138,135,3,3
61314,98,89,9,9
61315,92,97,-5,5
61316,196,178,18,18
61317,109,109,0,0
61318,55,60,-5,5
61319,166,159,7,7
61320,68,75,-7,7
61321,61,70,-9,9
61322,79,82,-3,3
61323,86,82,4,4
61324,90,86,4,4
61325,128,118,10,10
61326,102,101,1,1
61327,118,106,12,12
61328,86,84,2,2
61329,105,103,2,2
61330,78,79,-1,1
61331,96,96,0,0
61332,38,55,-17,17
61333,96,97,-1,1
61334,123,116,7,7
61335,85,82,3,3
61336,117,102,15,15
61337,78,104,-26,26
61338,131,130,1,1
61339,82,82,0,0
61340,87,88,-1,1
61341,81,82,-1,1
61342,59,61,-2,2
61343,84,87,-3,3
61344,89,94,-5,5
61345,65,72,-7,7
61346,131,131,0,0
61347,55,64,-9,9
61348,66,53,13,13
61349,74,74,0,0
61350,84,74,10,10
61351,110,102,8,8
61352,63,80,-17,17
61353,97,86,11,11
61354,55,70,-15,15
61355,94,97,-3,3
61356,148,143,5,5
61357,110,98,12,12
61358,161,149,12,12
61359,139,127,12,12
61360,63,77,-14,14
61361,120,114,6,6
61362,79,84,-5,5
61363,131,132,-1,1
61364,150,126,24,24
61365,80,84,-4,4
61366,37,48,-11,11
61367,116,115,1,1
61368,82,82,0,0
61369,130,123,7,7
61370,68,77,-9,9
61371,86,84,2,2
61372,90,84,6,6
61373,57,65,-8,8
61374,149,138,11,11
61375,79,83,-4,4
61376,126,125,1,1
61377,120,126,-6,6
61378,197,176,21,21
61379,62,66,-4,4
61380,88,86,2,2
61381,144,130,14,14
61382,99,90,9,9
61383,101,113,-12,12
61384,111,100,11,11
61385,61,69,-8,8
61386,85,84,1,1
61387,96,95,1,1
61388,125,121,4,4
61389,107,99,8,8
61390,136,120,16,16
61391,148,140,8,8
61392,98,100,-2,2
61393,66,69,-3,3
61394,95,82,13,13
61395,107,94,13,13
61396,47,65,-18,18
61397,78,83,-5,5
61398,81,79,2,2
61399,72,77,-5,5
61400,84,98,-14,14
61401,145,147,-2,2
61402,77,80,-3,3
61403,90,85,5,5
61404,131,116,15,15
61405,91,83,8,8
61406,38,73,-35,35
61407,94,95,-1,1
61408,111,106,5,5
61409,145,138,7,7
61410,84,86,-2,2
61411,87,79,8,8
61412,115,106,9,9
61413,95,89,6,6
61414,144,128,16,16
61415,90,86,4,4
61416,101,97,4,4
61417,91,95,-4,4
61418,190,184,6,6
61419,80,83,-3,3
61420,167,148,19,19
61421,83,80,3,3
61422,66,71,-5,5
61423,50,61,-11,11
61424,111,110,1,1
61425,83,92,-9,9
61426,72,74,-2,2
61427,73,74,-1,1
61428,79,86,-7,7
61429,66,76,-10,10
61430,83,83,0,0
61431,262,229,33,33
61432,108,115,-7,7
61433,117,111,6,6
61434,98,88,10,10
61435,85,87,-2,2
61436,63,68,-5,5
61437,190,177,13,13
61438,85,85,0,0
61439,123,114,9,9
61440,144,134,10,10
61441,75,81,-6,6
61442,97,95,2,2
61443,85,80,5,5
61444,69,72,-3,3
61445,77,83,-6,6
61446,61,72,-11,11
61447,75,76,-1,1
61448,97,119,-22,22
61449,70,75,-5,5
61450,85,82,3,3
61451,61,72,-11,11
61452,77,77,0,0
61453,58,70,-12,12
61454,83,77,6,6
61455,91,96,-5,5
61456,53,66,-13,13
61457,55,58,-3,3
61458,87,89,-2,2
61459,80,86,-6,6
61460,53,65,-12,12
61461,133,120,13,13
61462,90,95,-5,5
61463,60,71,-11,11
61464,68,75,-7,7
61465,66,63,3,3
61466,112,109,3,3
61467,139,133,6,6
61468,50,65,-15,15
61469,120,116,4,4
61470,77,82,-5,5
61471,81,73,8,8
61472,87,84,3,3
61473,43,57,-14,14
61474,68,68,0,0
61475,58,63,-5,5
61476,120,118,2,2
61477,114,102,12,12
61478,173,156,17,17
61479,62,70,-8,8
61480,115,103,12,12
61481,213,191,22,22
61482,108,104,4,4
61483,53,73,-20,20
61484,85,80,5,5
61485,119,116,3,3
61486,74,82,-8,8
61487,93,87,6,6
61488,72,73,-1,1
61489,104,89,15,15
61490,88,89,-1,1
61491,56,67,-11,11
61492,139,129,10,10
61493,110,108,2,2
61494,93,86,7,7
61495,54,59,-5,5
61496,83,90,-7,7
61497,73,73,0,0
61498,202,175,27,27
61499,95,95,0,0
61500,51,65,-14,14
61501,141,120,21,21
61502,130,124,6,6
61503,89,96,-7,7
61504,67,70,-3,3
61505,92,115,-23,23
61506,138,142,-4,4
61507,50,60,-10,10
61508,85,79,6,6
61509,118,99,19,19
61510,84,83,1,1
61511,95,89,6,6
61512,92,96,-4,4
61513,141,147,-6,6
61514,94,98,-4,4
61515,117,118,-1,1
61516,82,74,8,8
61517,73,82,-9,9
61518,108,99,9,9
61519,93,102,-9,9
61520,156,151,5,5
61521,84,88,-4,4
61522,106,95,11,11
61523,91,94,-3,3
61524,88,90,-2,2
61525,78,76,2,2
61526,136,130,6,6
61527,59,73,-14,14
61528,94,101,-7,7
61529,100,99,1,1
61530,144,135,9,9
61531,89,108,-19,19
61532,67,75,-8,8
61533,28,46,-18,18
61534,114,108,6,6
61535,123,126,-3,3
61536,85,78,7,7
61537,77,82,-5,5
61538,89,103,-14,14
61539,90,85,5,5
61540,80,85,-5,5
61541,114,116,-2,2
61542,46,56,-10,10
61543,123,115,8,8
61544,132,126,6,6
61545,106,115,-9,9
61546,93,97,-4,4
61547,100,121,-21,21
61548,82,81,1,1
61549,170,173,-3,3
61550,103,118,-15,15
61551,60,71,-11,11
61552,101,110,-9,9
61553,101,96,5,5
61554,106,98,8,8
61555,53,71,-18,18
61556,45,54,-9,9
61557,102,115,-13,13
61558,74,74,0,0
61559,107,111,-4,4
61560,95,99,-4,4
61561,96,95,1,1
61562,100,97,3,3
61563,40,59,-19,19
61564,85,84,1,1
61565,59,70,-11,11
61566,107,102,5,5
61567,157,146,11,11
61568,72,80,-8,8
61569,104,92,12,12
61570,53,66,-13,13
61571,131,124,7,7
61572,147,133,14,14
61573,80,78,2,2
61574,135,131,4,4
61575,119,107,12,12
61576,128,119,9,9
61577,126,119,7,7
61578,91,83,8,8
61579,102,91,11,11
61580,55,71,-16,16
61581,69,74,-5,5
61582,57,71,-14,14
61583,53,66,-13,13
61584,109,96,13,13
61585,106,88,18,18
61586,106,106,0,0
61587,128,111,17,17
61588,84,81,3,3
61589,73,77,-4,4
61590,137,117,20,20
61591,96,96,0,0
61592,106,102,4,4
61593,119,112,7,7
61594,113,110,3,3
61595,138,127,11,11
61596,52,66,-14,14
61597,115,110,5,5
61598,66,71,-5,5
61599,114,113,1,1
61600,46,59,-13,13
61601,108,104,4,4
61602,85,83,2,2
61603,67,68,-1,1
61604,66,67,-1,1
61605,76,83,-7,7
61606,93,87,6,6
61607,145,149,-4,4
61608,122,110,12,12
61609,88,82,6,6
61610,59,67,-8,8
61611,77,82,-5,5
61612,84,88,-4,4
61613,71,79,-8,8
61614,93,88,5,5
61615,71,73,-2,2
61616,40,57,-17,17
61617,165,149,16,16
61618,104,101,3,3
61619,54,60,-6,6
61620,46,53,-7,7
61621,70,73,-3,3
61622,51,61,-10,10
61623,86,85,1,1
61624,86,84,2,2
61625,90,85,5,5
61626,160,158,2,2
61627,119,114,5,5
61628,78,85,-7,7
61629,112,120,-8,8
61630,89,80,9,9
61631,96,100,-4,4
61632,96,97,-1,1
61633,96,98,-2,2
61634,33,51,-18,18
61635,78,76,2,2
61636,65,65,0,0
61637,69,77,-8,8
61638,85,87,-2,2
61639,71,69,2,2
61640,119,105,14,14
61641,100,96,4,4
61642,102,99,3,3
61643,96,88,8,8
61644,77,78,-1,1
61645,91,93,-2,2
61646,175,159,16,16
61647,96,97,-1,1
61648,133,120,13,13
61649,107,121,-14,14
61650,98,92,6,6
61651,94,97,-3,3
61652,67,73,-6,6
61653,116,117,-1,1
61654,73,83,-10,10
61655,83,73,10,10
61656,75,81,-6,6
61657,109,120,-11,11
61658,143,143,0,0
61659,84,85,-1,1
61660,79,85,-6,6
61661,104,100,4,4
61662,44,53,-9,9
61663,53,55,-2,2
61664,108,102,6,6
61665,86,93,-7,7
61666,119,119,0,0
61667,56,49,7,7
61668,88,91,-3,3
61669,118,118,0,0
61670,102,100,2,2
61671,49,58,-9,9
61672,99,98,1,1
61673,105,164,-59,59
61674,131,113,18,18
61675,78,76,2,2
61676,99,93,6,6
61677,23,41,-18,18
61678,126,121,5,5
61679,92,88,4,4
61680,85,93,-8,8
61681,61,73,-12,12
61682,137,136,1,1
61683,74,81,-7,7
61684,129,120,9,9
61685,156,154,2,2
61686,72,73,-1,1
61687,151,135,16,16
61688,72,71,1,1
61689,81,87,-6,6
61690,128,117,11,11
61691,136,120,16,16
61692,111,112,-1,1
61693,150,152,-2,2
61694,79,83,-4,4
61695,124,118,6,6
61696,133,118,15,15
61697,106,111,-5,5
61698,71,81,-10,10
61699,69,71,-2,2
61700,105,109,-4,4
61701,60,67,-7,7
61702,97,95,2,2
61703,129,129,0,0
61704,70,73,-3,3
61705,137,139,-2,2
61706,110,98,12,12
61707,97,95,2,2
61708,149,161,-12,12
61709,63,72,-9,9
61710,71,77,-6,6
61711,108,99,9,9
61712,127,121,6,6
61713,92,97,-5,5
61714,41,54,-13,13
61715,87,85,2,2
61716,95,95,0,0
61717,58,67,-9,9
61718,103,109,-6,6
61719,106,102,4,4
61720,100,101,-1,1
61721,49,64,-15,15
61722,103,124,-21,21
61723,147,150,-3,3
61724,110,103,7,7
61725,121,137,-16,16
61726,66,71,-5,5
61727,66,72,-6,6
61728,75,77,-2,2
61729,127,129,-2,2
61730,96,93,3,3
61731,179,162,17,17
61732,153,147,6,6
61733,89,85,4,4
61734,111,105,6,6
61735,124,104,20,20
61736,86,78,8,8
61737,98,105,-7,7
61738,82,85,-3,3
61739,138,119,19,19
61740,98,89,9,9
61741,187,172,15,15
61742,141,126,15,15
61743,72,82,-10,10
61744,110,102,8,8
61745,87,95,-8,8
61746,60,68,-8,8
61747,71,75,-4,4
61748,123,124,-1,1
61749,57,67,-10,10
61750,113,115,-2,2
61751,148,142,6,6
61752,73,79,-6,6
61753,62,74,-12,12
61754,108,124,-16,16
61755,105,100,5,5
61756,152,120,32,32
61757,51,62,-11,11
61758,127,120,7,7
61759,31,39,-8,8
61760,68,73,-5,5
61761,163,147,16,16
61762,160,144,16,16
61763,73,80,-7,7
61764,43,60,-17,17
61765,102,98,4,4
61766,91,105,-14,14
61767,136,119,17,17
61768,92,86,6,6
61769,60,69,-9,9
61770,45,60,-15,15
61771,111,101,10,10
61772,95,99,-4,4
61773,100,97,3,3
61774,139,142,-3,3
61775,99,96,3,3
61776,68,78,-10,10
61777,55,63,-8,8
61778,110,101,9,9
61779,67,78,-11,11
61780,103,98,5,5
61781,115,111,4,4
61782,131,138,-7,7
61783,106,110,-4,4
61784,154,140,14,14
61785,104,112,-8,8
61786,91,86,5,5
61787,139,138,1,1
61788,56,67,-11,11
61789,139,131,8,8
61790,72,69,3,3
61791,144,136,8,8
61792,112,108,4,4
61793,68,70,-2,2
61794,88,88,0,0
61795,79,93,-14,14
61796,104,106,-2,2
61797,54,61,-7,7
61798,111,100,11,11
61799,87,87,0,0
61800,185,169,16,16
61801,92,88,4,4
61802,68,76,-8,8
61803,91,88,3,3
61804,84,83,1,1
61805,82,85,-3,3
61806,126,119,7,7
61807,71,78,-7,7
61808,72,75,-3,3
61809,137,134,3,3
61810,61,73,-12,12
61811,106,106,0,0
61812,59,62,-3,3
61813,77,76,1,1
61814,149,127,22,22
61815,63,70,-7,7
61816,66,75,-9,9
61817,105,98,7,7
61818,85,85,0,0
61819,109,98,11,11
61820,81,88,-7,7
61821,60,66,-6,6
61822,40,56,-16,16
61823,95,87,8,8
61824,110,97,13,13
61825,68,69,-1,1
61826,67,73,-6,6
61827,76,80,-4,4
61828,188,176,12,12
61829,59,65,-6,6
61830,131,116,15,15
61831,108,106,2,2
61832,114,117,-3,3
61833,108,106,2,2
61834,104,96,8,8
61835,94,95,-1,1
61836,47,57,-10,10
61837,77,75,2,2
61838,80,85,-5,5
61839,96,95,1,1
61840,103,100,3,3
61841,109,103,6,6
61842,66,80,-14,14
61843,98,89,9,9
61844,126,106,20,20
61845,97,106,-9,9
61846,99,95,4,4
61847,107,106,1,1
61848,129,124,5,5
61849,87,89,-2,2
61850,69,73,-4,4
61851,115,102,13,13
61852,99,101,-2,2
61853,99,96,3,3
61854,155,158,-3,3
61855,121,113,8,8
61856,123,123,0,0
61857,91,87,4,4
61858,68,79,-11,11
61859,118,105,13,13
61860,98,100,-2,2
61861,108,100,8,8
61862,112,106,6,6
61863,80,75,5,5
61864,92,127,-35,35
61865,116,103,13,13
61866,56,68,-12,12
61867,127,123,4,4
61868,50,63,-13,13
61869,121,108,13,13
61870,157,150,7,7
61871,78,79,-1,1
61872,85,83,2,2
61873,142,136,6,6
61874,42,55,-13,13
61875,62,71,-9,9
61876,61,69,-8,8
61877,75,79,-4,4
61878,82,86,-4,4
61879,107,101,6,6
61880,130,128,2,2
61881,64,74,-10,10
61882,75,78,-3,3
61883,109,102,7,7
61884,65,81,-16,16
61885,112,111,1,1
61886,88,95,-7,7
61887,140,132,8,8
61888,132,122,10,10
61889,108,107,1,1
61890,92,79,13,13
61891,63,68,-5,5
61892,48,58,-10,10
61893,144,118,26,26
61894,104,101,3,3
61895,107,99,8,8
61896,52,71,-19,19
61897,73,75,-2,2
61898,44,57,-13,13
61899,120,111,9,9
61900,87,84,3,3
61901,110,112,-2,2
61902,73,76,-3,3
61903,79,87,-8,8
61904,57,71,-14,14
61905,68,76,-8,8
61906,81,98,-17,17
61907,63,67,-4,4
61908,41,52,-11,11
61909,71,72,-1,1
61910,106,113,-7,7
61911,105,94,11,11
61912,183,146,37,37
61913,111,115,-4,4
61914,137,128,9,9
61915,51,65,-14,14
61916,40,52,-12,12
61917,70,81,-11,11
61918,120,116,4,4
61919,57,72,-15,15
61920,66,69,-3,3
61921,140,119,21,21
61922,71,81,-10,10
61923,96,90,6,6
61924,108,105,3,3
61925,134,141,-7,7
61926,97,95,2,2
61927,44,52,-8,8
61928,49,59,-10,10
61929,63,65,-2,2
61930,97,100,-3,3
61931,38,50,-12,12
61932,68,70,-2,2
61933,114,109,5,5
61934,105,105,0,0
61935,36,46,-10,10
61936,69,68,1,1
61937,101,98,3,3
61938,155,138,17,17
61939,53,76,-23,23
61940,151,139,12,12
61941,65,68,-3,3
61942,64,72,-8,8
61943,181,162,19,19
61944,110,109,1,1
61945,93,95,-2,2
61946,183,171,12,12
61947,94,89,5,5
61948,91,91,0,0
61949,105,108,-3,3
61950,51,61,-10,10
61951,76,78,-2,2
61952,60,75,-15,15
61953,72,76,-4,4
61954,108,102,6,6
61955,119,111,8,8
61956,98,106,-8,8
61957,119,103,16,16
61958,122,116,6,6
61959,90,89,1,1
61960,55,66,-11,11
61961,62,64,-2,2
61962,41,50,-9,9
61963,86,85,1,1
61964,58,68,-10,10
61965,159,155,4,4
61966,84,86,-2,2
61967,101,99,2,2
61968,107,97,10,10
61969,150,141,9,9
61970,105,108,-3,3
61971,83,84,-1,1
61972,78,85,-7,7
61973,51,60,-9,9
61974,83,91,-8,8
61975,111,109,2,2
61976,116,120,-4,4
61977,124,101,23,23
61978,116,110,6,6
61979,133,123,10,10
61980,143,133,10,10
61981,102,101,1,1
61982,94,97,-3,3
61983,66,72,-6,6
61984,76,85,-9,9
61985,108,101,7,7
61986,69,67,2,2
61987,90,82,8,8
61988,65,77,-12,12
61989,157,152,5,5
61990,81,80,1,1
61991,116,120,-4,4
61992,94,93,1,1
61993,98,111,-13,13
61994,149,136,13,13
61995,87,88,-1,1
61996,124,122,2,2
61997,121,116,5,5
61998,157,142,15,15
61999,100,95,5,5
62000,129,127,2,2
62001,97,95,2,2
62002,57,65,-8,8
62003,108,102,6,6
62004,64,68,-4,4
62005,195,171,24,24
62006,81,81,0,0
62007,92,88,4,4
62008,139,142,-3,3
62009,67,70,-3,3
62010,78,87,-9,9
62011,56,65,-9,9
62012,90,87,3,3
62013,69,77,-8,8
62014,109,100,9,9
62015,67,72,-5,5
62016,65,74,-9,9
62017,67,78,-11,11
62018,128,112,16,16
62019,101,96,5,5
62020,103,101,2,2
62021,66,68,-2,2
62022,78,83,-5,5
62023,121,111,10,10
62024,99,103,-4,4
62025,69,67,2,2
62026,64,74,-10,10
62027,66,68,-2,2
62028,76,79,-3,3
62029,91,93,-2,2
62030,49,64,-15,15
62031,222,186,36,36
62032,71,71,0,0
62033,155,148,7,7
62034,80,84,-4,4
62035,94,79,15,15
62036,70,75,-5,5
62037,106,101,5,5
62038,81,85,-4,4
62039,90,83,7,7
62040,73,77,-4,4
62041,65,67,-2,2
62042,71,79,-8,8
62043,140,119,21,21
62044,109,112,-3,3
62045,72,76,-4,4
62046,95,103,-8,8
62047,92,86,6,6
62048,104,111,-7,7
62049,74,79,-5,5
62050,102,101,1,1
62051,75,82,-7,7
62052,100,95,5,5
62053,111,113,-2,2
62054,52,60,-8,8
62055,79,76,3,3
62056,99,93,6,6
62057,140,140,0,0
62058,181,178,3,3
62059,106,106,0,0
62060,59,60,-1,1
62061,129,118,11,11
62062,95,113,-18,18
62063,50,63,-13,13
62064,71,74,-3,3
62065,46,70,-24,24
62066,103,107,-4,4
62067,82,85,-3,3
62068,114,105,9,9
62069,114,108,6,6
62070,92,91,1,1
62071,74,80,-6,6
62072,102,99,3,3
62073,104,99,5,5
62074,86,83,3,3
62075,51,76,-25,25
62076,86,84,2,2
62077,78,83,-5,5
62078,99,101,-2,2
62079,95,86,9,9
62080,82,85,-3,3
62081,111,114,-3,3
62082,129,111,18,18
62083,90,110,-20,20
62084,139,136,3,3
62085,72,84,-12,12
62086,55,69,-14,14
62087,165,151,14,14
62088,115,116,-1,1
62089,61,76,-15,15
62090,84,81,3,3
62091,136,132,4,4
62092,83,82,1,1
62093,27,45,-18,18
62094,108,103,5,5
62095,147,129,18,18
62096,120,118,2,2
62097,73,91,-18,18
62098,60,73,-13,13
62099,123,124,-1,1
62100,89,91,-2,2
62101,73,73,0,0
62102,64,71,-7,7
62103,62,71,-9,9
62104,100,94,6,6
62105,100,92,8,8
62106,48,71,-23,23
62107,119,110,9,9
62108,53,63,-10,10
62109,142,141,1,1
62110,58,65,-7,7
62111,100,106,-6,6
62112,77,77,0,0
62113,71,86,-15,15
62114,126,122,4,4
62115,50,61,-11,11
62116,205,168,37,37
62117,60,72,-12,12
62118,91,94,-3,3
62119,70,81,-11,11
62120,90,95,-5,5
62121,159,151,8,8
62122,75,79,-4,4
62123,116,93,23,23
62124,109,111,-2,2
62125,143,132,11,11
62126,112,102,10,10
62127,84,87,-3,3
62128,170,169,1,1
62129,150,145,5,5
62130,109,104,5,5
62131,161,147,14,14
62132,99,103,-4,4
62133,127,108,19,19
62134,62,33,29,29
62135,133,128,5,5
62136,101,109,-8,8
62137,127,116,11,11
62138,89,87,2,2
62139,95,90,5,5
62140,150,137,13,13
62141,49,57,-8,8
62142,92,94,-2,2
62143,92,89,3,3
62144,38,59,-21,21
62145,145,147,-2,2
62146,156,158,-2,2
62147,125,119,6,6
62148,51,57,-6,6
62149,134,110,24,24
62150,92,105,-13,13
62151,85,94,-9,9
62152,60,66,-6,6
62153,67,75,-8,8
62154,99,107,-8,8
62155,159,161,-2,2
62156,86,91,-5,5
62157,75,67,8,8
62158,42,53,-11,11
62159,71,77,-6,6
62160,136,135,1,1
62161,67,81,-14,14
62162,112,109,3,3
62163,71,78,-7,7
62164,48,68,-20,20
62165,139,138,1,1
62166,114,146,-32,32
62167,48,56,-8,8
62168,86,85,1,1
62169,119,108,11,11
62170,94,93,1,1
62171,105,104,1,1
62172,104,95,9,9
62173,85,88,-3,3
62174,66,69,-3,3
62175,93,87,6,6
62176,88,94,-6,6
62177,67,70,-3,3
62178,91,99,-8,8
62179,110,108,2,2
62180,80,78,2,2
62181,98,104,-6,6
62182,126,122,4,4
62183,52,65,-13,13
62184,63,73,-10,10
62185,91,96,-5,5
62186,103,102,1,1
62187,68,71,-3,3
62188,73,83,-10,10
62189,95,96,-1,1
62190,100,96,4,4
62191,111,99,12,12
62192,100,102,-2,2
62193,75,80,-5,5
62194,84,88,-4,4
62195,75,80,-5,5
62196,139,123,16,16
62197,105,107,-2,2
62198,84,95,-11,11
62199,137,120,17,17
62200,65,97,-32,32
62201,97,89,8,8
62202,78,82,-4,4
62203,122,123,-1,1
62204,72,80,-8,8
62205,80,100,-20,20
62206,132,117,15,15
62207,113,107,6,6
62208,121,115,6,6
62209,72,76,-4,4
62210,95,99,-4,4
62211,124,116,8,8
62212,122,115,7,7
62213,152,150,2,2
62214,105,98,7,7
62215,103,106,-3,3
62216,111,99,12,12
62217,60,62,-2,2
62218,75,97,-22,22
62219,69,78,-9,9
62220,85,81,4,4
62221,91,99,-8,8
62222,106,98,8,8
62223,76,86,-10,10
62224,43,57,-14,14
62225,65,66,-1,1
62226,180,174,6,6
62227,38,64,-26,26
62228,86,86,0,0
62229,77,80,-3,3
62230,110,110,0,0
62231,111,109,2,2
62232,134,125,9,9
62233,123,125,-2,2
62234,67,74,-7,7
62235,77,82,-5,5
62236,95,101,-6,6
62237,94,96,-2,2
62238,131,129,2,2
62239,88,99,-11,11
62240,130,124,6,6
62241,78,80,-2,2
62242,98,98,0,0
62243,66,73,-7,7
62244,63,72,-9,9
62245,85,82,3,3
62246,82,86,-4,4
62247,82,88,-6,6
62248,104,99,5,5
62249,120,117,3,3
62250,68,74,-6,6
62251,108,108,0,0
62252,101,98,3,3
62253,102,97,5,5
62254,161,159,2,2
62255,48,62,-14,14
62256,82,89,-7,7
62257,134,129,5,5
62258,102,96,6,6
62259,47,61,-14,14
62260,101,81,20,20
62261,103,99,4,4
62262,158,141,17,17
62263,79,83,-4,4
62264,126,117,9,9
62265,72,81,-9,9
62266,103,100,3,3
62267,86,95,-9,9
62268,73,83,-10,10
62269,150,142,8,8
62270,69,71,-2,2
62271,89,84,5,5
62272,102,96,6,6
62273,89,91,-2,2
62274,92,96,-4,4
62275,91,90,1,1
62276,69,75,-6,6
62277,31,51,-20,20
62278,62,67,-5,5
62279,74,82,-8,8
62280,73,72,1,1
62281,92,82,10,10
62282,68,75,-7,7
62283,121,109,12,12
62284,160,154,6,6
62285,124,117,7,7
62286,71,72,-1,1
62287,98,87,11,11
62288,85,85,0,0
62289,93,86,7,7
62290,87,80,7,7
62291,210,174,36,36
62292,74,79,-5,5
62293,84,89,-5,5
62294,141,135,6,6
62295,68,74,-6,6
62296,118,111,7,7
62297,75,81,-6,6
62298,150,144,6,6
62299,162,151,11,11
62300,59,65,-6,6
62301,82,84,-2,2
62302,118,108,10,10
62303,94,98,-4,4
62304,75,96,-21,21
62305,71,76,-5,5
62306,131,120,11,11
62307,120,111,9,9
62308,91,95,-4,4
62309,112,101,11,11
62310,145,138,7,7
62311,93,84,9,9
62312,93,90,3,3
62313,89,82,7,7
62314,110,101,9,9
62315,78,81,-3,3
62316,80,79,1,1
62317,133,131,2,2
62318,50,58,-8,8
62319,82,83,-1,1
62320,145,124,21,21
62321,126,105,21,21
62322,105,100,5,5
62323,159,152,7,7
62324,118,121,-3,3
62325,142,134,8,8
62326,108,97,11,11
62327,110,107,3,3
62328,106,97,9,9
62329,119,117,2,2
62330,90,93,-3,3
62331,68,76,-8,8
62332,119,111,8,8
62333,162,152,10,10
62334,76,83,-7,7
62335,89,83,6,6
62336,57,69,-12,12
62337,79,82,-3,3
62338,72,82,-10,10
62339,110,96,14,14
62340,82,82,0,0
62341,76,77,-1,1
62342,68,79,-11,11
62343,79,101,-22,22
62344,64,74,-10,10
62345,151,133,18,18
62346,64,71,-7,7
62347,110,103,7,7
62348,78,74,4,4
62349,123,120,3,3
62350,118,115,3,3
62351,58,72,-14,14
62352,140,128,12,12
62353,128,112,16,16
62354,57,59,-2,2
62355,101,101,0,0
62356,106,99,7,7
62357,71,82,-11,11
62358,61,66,-5,5
62359,187,158,29,29
62360,123,111,12,12
62361,64,68,-4,4
62362,59,69,-10,10
62363,83,84,-1,1
62364,68,77,-9,9
62365,83,80,3,3
62366,111,104,7,7
62367,86,97,-11,11
62368,87,89,-2,2
62369,97,94,3,3
62370,76,78,-2,2
62371,91,95,-4,4
62372,169,149,20,20
62373,51,60,-9,9
62374,57,77,-20,20
62375,168,166,2,2
62376,93,75,18,18
62377,93,92,1,1
62378,98,87,11,11
62379,76,86,-10,10
62380,142,130,12,12
62381,60,67,-7,7
62382,118,107,11,11
62383,40,67,-27,27
62384,68,70,-2,2
62385,75,73,2,2
62386,97,96,1,1
62387,124,118,6,6
62388,68,69,-1,1
62389,89,88,1,1
62390,109,104,5,5
62391,53,62,-9,9
62392,112,108,4,4
62393,140,139,1,1
62394,113,102,11,11
62395,105,113,-8,8
62396,69,72,-3,3
62397,98,115,-17,17
62398,150,142,8,8
62399,93,96,-3,3
62400,117,120,-3,3
62401,44,57,-13,13
62402,65,65,0,0
62403,78,75,3,3
62404,149,145,4,4
62405,75,75,0,0
62406,82,85,-3,3
62407,93,89,4,4
62408,129,121,8,8
62409,46,63,-17,17
62410,56,60,-4,4
62411,99,85,14,14
62412,31,58,-27,27
62413,113,112,1,1
62414,167,164,3,3
62415,113,114,-1,1
62416,171,170,1,1
62417,71,79,-8,8
62418,103,103,0,0
62419,76,84,-8,8
62420,64,65,-1,1
62421,105,106,-1,1
62422,176,163,13,13
62423,127,114,13,13
62424,118,103,15,15
62425,88,98,-10,10
62426,133,129,4,4
62427,84,93,-9,9
62428,108,108,0,0
62429,72,75,-3,3
62430,128,119,9,9
62431,36,56,-20,20
62432,116,101,15,15
62433,105,106,-1,1
62434,85,89,-4,4
62435,48,57,-9,9
62436,142,124,18,18
62437,78,69,9,9
62438,72,82,-10,10
62439,255,223,32,32
62440,113,117,-4,4
62441,98,89,9,9
62442,143,125,18,18
62443,85,104,-19,19
62444,111,112,-1,1
62445,106,102,4,4
62446,111,112,-1,1
62447,84,82,2,2
62448,74,80,-6,6
62449,87,89,-2,2
62450,133,130,3,3
62451,111,114,-3,3
62452,78,80,-2,2
62453,83,86,-3,3
62454,117,103,14,14
62455,97,94,3,3
62456,127,127,0,0
62457,66,69,-3,3
62458,124,116,8,8
62459,72,77,-5,5
62460,108,97,11,11
62461,124,119,5,5
62462,137,116,21,21
62463,84,86,-2,2
62464,175,171,4,4
62465,32,48,-16,16
62466,127,107,20,20
62467,139,135,4,4
62468,84,103,-19,19
62469,138,140,-2,2
62470,147,146,1,1
62471,49,62,-13,13
62472,87,86,1,1
62473,71,77,-6,6
62474,89,80,9,9
62475,122,117,5,5
62476,110,114,-4,4
62477,112,108,4,4
62478,161,141,20,20
62479,78,90,-12,12
62480,84,87,-3,3
62481,96,90,6,6
62482,83,86,-3,3
62483,166,143,23,23
62484,69,71,-2,2
62485,48,57,-9,9
62486,84,75,9,9
62487,113,98,15,15
62488,89,93,-4,4
62489,51,63,-12,12
62490,101,101,0,0
62491,70,74,-4,4
62492,107,98,9,9
62493,99,95,4,4
62494,142,128,14,14
62495,123,111,12,12
62496,81,81,0,0
62497,60,67,-7,7
62498,139,124,15,15
62499,93,92,1,1
62500,123,131,-8,8
62501,101,82,19,19
62502,128,124,4,4
62503,72,77,-5,5
62504,134,116,18,18
62505,89,89,0,0
62506,162,149,13,13
62507,129,110,19,19
62508,97,97,0,0
62509,63,79,-16,16
62510,88,90,-2,2
62511,47,59,-12,12
62512,163,147,16,16
62513,169,170,-1,1
62514,88,87,1,1
62515,116,113,3,3
62516,68,74,-6,6
62517,66,75,-9,9
62518,75,82,-7,7
62519,79,86,-7,7
62520,132,128,4,4
62521,64,76,-12,12
62522,154,144,10,10
62523,159,128,31,31
62524,97,98,-1,1
62525,151,141,10,10
62526,64,71,-7,7
62527,86,81,5,5
62528,86,102,-16,16
62529,105,102,3,3
62530,135,133,2,2
62531,78,87,-9,9
62532,180,158,22,22
62533,126,118,8,8
62534,115,112,3,3
62535,95,105,-10,10
62536,123,107,16,16
62537,49,59,-10,10
62538,94,98,-4,4
62539,170,160,10,10
62540,92,89,3,3
62541,101,102,-1,1
62542,93,92,1,1
62543,123,134,-11,11
62544,83,79,4,4
62545,122,106,16,16
62546,109,121,-12,12
62547,67,65,2,2
62548,59,69,-10,10
62549,79,75,4,4
62550,82,87,-5,5
62551,69,76,-7,7
62552,83,89,-6,6
62553,116,106,10,10
62554,202,174,28,28
62555,92,100,-8,8
62556,95,89,6,6
62557,104,105,-1,1
62558,124,116,8,8
62559,203,187,16,16
62560,95,93,2,2
62561,131,124,7,7
62562,42,54,-12,12
62563,106,88,18,18
62564,40,54,-14,14
62565,81,83,-2,2
62566,125,111,14,14
62567,82,85,-3,3
62568,121,112,9,9
62569,85,95,-10,10
62570,104,95,9,9
62571,82,79,3,3
62572,76,77,-1,1
62573,60,69,-9,9
62574,91,78,13,13
62575,96,89,7,7
62576,118,111,7,7
62577,101,93,8,8
62578,140,136,4,4
62579,153,144,9,9
62580,115,121,-6,6
62581,38,61,-23,23
62582,74,79,-5,5
62583,28,65,-37,37
62584,65,72,-7,7
62585,113,116,-3,3
62586,109,108,1,1
62587,93,91,2,2
62588,87,85,2,2
62589,54,65,-11,11
62590,125,115,10,10
62591,141,135,6,6
62592,114,114,0,0
62593,122,116,6,6
62594,138,136,2,2
62595,98,91,7,7
62596,84,82,2,2
62597,118,114,4,4
62598,114,111,3,3
62599,69,79,-10,10
62600,47,65,-18,18
62601,72,66,6,6
62602,72,69,3,3
62603,85,87,-2,2
62604,48,58,-10,10
62605,96,90,6,6
62606,90,91,-1,1
62607,99,91,8,8
62608,122,126,-4,4
62609,60,70,-10,10
62610,80,86,-6,6
62611,79,84,-5,5
62612,54,60,-6,6
62613,90,95,-5,5
62614,84,93,-9,9
62615,98,97,1,1
62616,106,101,5,5
62617,70,80,-10,10
62618,93,86,7,7
62619,81,82,-1,1
62620,108,101,7,7
62621,66,74,-8,8
62622,92,90,2,2
62623,58,61,-3,3
62624,80,83,-3,3
62625,72,81,-9,9
62626,92,88,4,4
62627,114,116,-2,2
62628,149,131,18,18
62629,85,83,2,2
62630,61,61,0,0
62631,104,96,8,8
62632,100,90,10,10
62633,132,127,5,5
62634,132,121,11,11
62635,114,100,14,14
62636,89,95,-6,6
62637,52,61,-9,9
62638,51,58,-7,7
62639,109,109,0,0
62640,112,115,-3,3
62641,80,79,1,1
62642,158,172,-14,14
62643,103,96,7,7
62644,59,70,-11,11
62645,118,109,9,9
62646,114,107,7,7
62647,101,99,2,2
62648,64,71,-7,7
62649,75,79,-4,4
62650,110,97,13,13
62651,168,176,-8,8
62652,109,97,12,12
62653,106,103,3,3
62654,32,83,-51,51
62655,86,90,-4,4
62656,185,146,39,39
62657,125,135,-10,10
62658,48,60,-12,12
62659,128,126,2,2
62660,138,139,-1,1
62661,75,72,3,3
62662,84,104,-20,20
62663,115,101,14,14
62664,58,73,-15,15
62665,97,96,1,1
62666,152,132,20,20
62667,94,97,-3,3
62668,114,108,6,6
62669,130,137,-7,7
62670,61,68,-7,7
62671,185,162,23,23
62672,110,106,4,4
62673,58,65,-7,7
62674,79,84,-5,5
62675,79,80,-1,1
62676,93,87,6,6
62677,129,125,4,4
62678,134,125,9,9
62679,98,100,-2,2
62680,162,155,7,7
62681,83,85,-2,2
62682,107,95,12,12
62683,98,110,-12,12
62684,131,117,14,14
62685,57,59,-2,2
62686,153,134,19,19
62687,126,119,7,7
62688,89,88,1,1
62689,68,72,-4,4
62690,131,119,12,12
62691,68,82,-14,14
62692,94,88,6,6
62693,135,121,14,14
62694,96,97,-1,1
62695,95,102,-7,7
62696,90,87,3,3
62697,55,66,-11,11
62698,108,110,-2,2
62699,36,48,-12,12
62700,73,71,2,2
62701,73,85,-12,12
62702,102,97,5,5
62703,52,60,-8,8
62704,22,42,-20,20
62705,102,92,10,10
62706,136,117,19,19
62707,83,87,-4,4
62708,76,79,-3,3
62709,135,131,4,4
62710,116,116,0,0
62711,69,75,-6,6
62712,42,57,-15,15
62713,86,80,6,6
62714,131,123,8,8
62715,119,110,9,9
62716,65,69,-4,4
62717,100,104,-4,4
62718,65,74,-9,9
62719,73,78,-5,5
62720,63,70,-7,7
62721,115,146,-31,31
62722,164,147,17,17
62723,146,143,3,3
62724,64,72,-8,8
62725,101,97,4,4
62726,124,116,8,8
62727,74,82,-8,8
62728,92,82,10,10
62729,90,87,3,3
62730,93,90,3,3
62731,76,82,-6,6
62732,133,133,0,0
62733,54,64,-10,10
62734,147,121,26,26
62735,107,106,1,1
62736,132,114,18,18
62737,129,114,15,15
62738,95,90,5,5
62739,78,88,-10,10
62740,93,89,4,4
62741,85,91,-6,6
62742,138,150,-12,12
62743,106,109,-3,3
62744,45,60,-15,15
62745,50,66,-16,16
62746,55,53,2,2
62747,44,66,-22,22
62748,70,73,-3,3
62749,125,115,10,10
62750,82,85,-3,3
62751,80,82,-2,2
62752,120,113,7,7
62753,100,97,3,3
62754,70,70,0,0
62755,65,72,-7,7
62756,96,100,-4,4
62757,93,93,0,0
62758,106,98,8,8
62759,168,147,21,21
62760,169,154,15,15
62761,95,101,-6,6
62762,95,94,1,1
62763,81,79,2,2
62764,65,74,-9,9
62765,64,79,-15,15
62766,62,79,-17,17
62767,119,114,5,5
62768,93,87,6,6
62769,77,78,-1,1
62770,141,136,5,5
62771,66,74,-8,8
62772,76,92,-16,16
62773,148,138,10,10
62774,57,75,-18,18
62775,78,67,11,11
62776,134,112,22,22
62777,133,126,7,7
62778,66,72,-6,6
62779,75,74,1,1
62780,97,93,4,4
62781,131,116,15,15
62782,171,158,13,13
62783,222,213,9,9
62784,102,102,0,0
62785,60,68,-8,8
62786,144,140,4,4
62787,43,58,-15,15
62788,82,81,1,1
62789,84,86,-2,2
62790,92,98,-6,6
62791,94,80,14,14
62792,179,173,6,6
62793,119,117,2,2
62794,61,72,-11,11
62795,93,98,-5,5
62796,53,63,-10,10
62797,142,138,4,4
62798,69,73,-4,4
62799,90,94,-4,4
62800,139,136,3,3
62801,90,108,-18,18
62802,56,64,-8,8
62803,113,115,-2,2
62804,91,90,1,1
62805,86,86,0,0
62806,111,106,5,5
62807,74,72,2,2
62808,139,122,17,17
62809,96,89,7,7
62810,105,98,7,7
62811,139,135,4,4
62812,61,71,-10,10
62813,70,77,-7,7
62814,70,77,-7,7
62815,61,67,-6,6
62816,127,131,-4,4
62817,92,97,-5,5
62818,120,107,13,13
62819,52,62,-10,10
62820,86,87,-1,1
62821,62,68,-6,6
62822,101,118,-17,17
62823,85,100,-15,15
62824,96,100,-4,4
62825,105,103,2,2
62826,122,117,5,5
62827,116,112,4,4
62828,98,85,13,13
62829,154,140,14,14
62830,100,96,4,4
62831,164,154,10,10
62832,162,149,13,13
62833,136,135,1,1
62834,62,75,-13,13
62835,178,170,8,8
62836,109,92,17,17
62837,121,104,17,17
62838,108,120,-12,12
62839,84,87,-3,3
62840,131,112,19,19
62841,122,106,16,16
62842,64,77,-13,13
62843,84,85,-1,1
62844,72,74,-2,2
62845,185,162,23,23
62846,77,78,-1,1
62847,137,154,-17,17
62848,93,102,-9,9
62849,86,98,-12,12
62850,144,124,20,20
62851,78,85,-7,7
62852,61,72,-11,11
62853,129,115,14,14
62854,52,70,-18,18
62855,195,179,16,16
62856,87,89,-2,2
62857,101,100,1,1
62858,103,105,-2,2
62859,169,157,12,12
62860,104,100,4,4
62861,80,80,0,0
62862,40,64,-24,24
62863,90,96,-6,6
62864,89,98,-9,9
62865,105,100,5,5
62866,86,92,-6,6
62867,133,125,8,8
62868,89,86,3,3
62869,64,67,-3,3
62870,94,101,-7,7
62871,86,95,-9,9
62872,128,120,8,8
62873,53,62,-9,9
62874,91,81,10,10
62875,74,77,-3,3
62876,64,71,-7,7
62877,81,78,3,3
62878,66,74,-8,8
62879,76,73,3,3
62880,91,89,2,2
62881,76,78,-2,2
62882,109,99,10,10
62883,77,78,-1,1
62884,76,79,-3,3
62885,110,98,12,12
62886,88,87,1,1
62887,120,112,8,8
62888,127,123,4,4
62889,106,108,-2,2
62890,201,187,14,14
62891,111,107,4,4
62892,231,205,26,26
62893,59,69,-10,10
62894,150,137,13,13
62895,141,127,14,14
62896,62,65,-3,3
62897,191,183,8,8
62898,119,114,5,5
62899,72,82,-10,10
62900,103,100,3,3
62901,79,86,-7,7
62902,106,103,3,3
62903,104,117,-13,13
62904,88,93,-5,5
62905,78,88,-10,10
62906,81,93,-12,12
62907,98,101,-3,3
62908,123,117,6,6
62909,142,141,1,1
62910,74,77,-3,3
62911,163,150,13,13
62912,102,90,12,12
62913,60,69,-9,9
62914,133,112,21,21
62915,59,65,-6,6
62916,47,64,-17,17
62917,86,90,-4,4
62918,124,112,12,12
62919,28,46,-18,18
62920,59,67,-8,8
62921,124,132,-8,8
62922,105,99,6,6
62923,103,97,6,6
62924,80,84,-4,4
62925,82,80,2,2
62926,84,81,3,3
62927,128,123,5,5
62928,101,101,0,0
62929,72,75,-3,3
62930,89,81,8,8
62931,119,118,1,1
62932,181,168,13,13
62933,146,140,6,6
62934,58,66,-8,8
62935,80,77,3,3
62936,37,53,-16,16
62937,45,66,-21,21
62938,95,104,-9,9
62939,108,104,4,4
62940,79,75,4,4
62941,85,77,8,8
62942,53,70,-17,17
62943,211,186,25,25
62944,103,100,3,3
62945,77,79,-2,2
62946,75,75,0,0
62947,95,95,0,0
62948,102,95,7,7
62949,77,81,-4,4
62950,54,62,-8,8
62951,110,101,9,9
62952,121,111,10,10
62953,89,80,9,9
62954,93,98,-5,5
62955,44,59,-15,15
62956,84,96,-12,12
62957,135,122,13,13
62958,66,69,-3,3
62959,104,111,-7,7
62960,141,129,12,12
62961,98,95,3,3
62962,90,97,-7,7
62963,115,107,8,8
62964,109,110,-1,1
62965,69,80,-11,11
62966,64,69,-5,5
62967,185,167,18,18
62968,114,104,10,10
62969,191,168,23,23
62970,49,56,-7,7
62971,83,89,-6,6
62972,100,99,1,1
62973,98,88,10,10
62974,69,82,-13,13
62975,103,91,12,12
62976,148,153,-5,5
62977,81,78,3,3
62978,151,145,6,6
62979,70,67,3,3
62980,88,85,3,3
62981,93,97,-4,4
62982,60,80,-20,20
62983,88,83,5,5
62984,63,73,-10,10
62985,92,85,7,7
62986,108,109,-1,1
62987,78,90,-12,12
62988,156,140,16,16
62989,63,70,-7,7
62990,58,71,-13,13
62991,38,50,-12,12
62992,107,100,7,7
62993,101,96,5,5
62994,65,75,-10,10
62995,120,116,4,4
62996,101,95,6,6
62997,106,96,10,10
62998,72,76,-4,4
62999,127,116,11,11
63000,65,73,-8,8
63001,126,110,16,16
63002,113,107,6,6
63003,104,108,-4,4
63004,152,140,12,12
63005,57,68,-11,11
63006,83,80,3,3
63007,101,100,1,1
63008,81,82,-1,1
63009,54,70,-16,16
63010,80,83,-3,3
63011,83,88,-5,5
63012,31,42,-11,11
63013,64,70,-6,6
63014,159,157,2,2
63015,133,124,9,9
63016,116,120,-4,4
63017,57,63,-6,6
63018,99,96,3,3
63019,62,62,0,0
63020,90,86,4,4
63021,117,112,5,5
63022,142,127,15,15
63023,177,159,18,18
63024,59,65,-6,6
63025,89,98,-9,9
63026,69,73,-4,4
63027,63,75,-12,12
63028,46,77,-31,31
63029,136,140,-4,4
63030,105,114,-9,9
63031,127,132,-5,5
63032,66,74,-8,8
63033,138,136,2,2
63034,71,75,-4,4
63035,97,96,1,1
63036,112,113,-1,1
63037,77,84,-7,7
63038,57,68,-11,11
63039,84,87,-3,3
63040,85,81,4,4
63041,111,101,10,10
63042,123,114,9,9
63043,110,115,-5,5
63044,114,113,1,1
63045,111,132,-21,21
63046,71,83,-12,12
63047,93,85,8,8
63048,343,298,45,45
63049,72,78,-6,6
63050,186,159,27,27
63051,62,67,-5,5
63052,79,81,-2,2
63053,129,127,2,2
63054,121,136,-15,15
63055,105,99,6,6
63056,157,143,14,14
63057,115,104,11,11
63058,78,79,-1,1
63059,179,181,-2,2
63060,80,82,-2,2
63061,113,115,-2,2
63062,87,89,-2,2
63063,95,96,-1,1
63064,95,101,-6,6
63065,104,99,5,5
63066,88,88,0,0
63067,61,72,-11,11
63068,63,63,0,0
63069,87,104,-17,17
63070,157,161,-4,4
63071,92,114,-22,22
63072,53,62,-9,9
63073,128,110,18,18
63074,114,106,8,8
63075,95,91,4,4
63076,102,100,2,2
63077,120,120,0,0
63078,110,115,-5,5
63079,207,194,13,13
63080,103,101,2,2
63081,55,62,-7,7
63082,98,94,4,4
63083,99,99,0,0
63084,94,98,-4,4
63085,82,88,-6,6
63086,60,86,-26,26
63087,95,101,-6,6
63088,113,103,10,10
63089,113,108,5,5
63090,105,98,7,7
63091,80,73,7,7
63092,104,108,-4,4
63093,97,98,-1,1
63094,62,70,-8,8
63095,62,77,-15,15
63096,85,89,-4,4
63097,114,111,3,3
63098,72,72,0,0
63099,82,80,2,2
63100,94,87,7,7
63101,90,93,-3,3
63102,110,97,13,13
63103,90,84,6,6
63104,80,85,-5,5
63105,109,98,11,11
63106,61,72,-11,11
63107,185,174,11,11
63108,117,113,4,4
63109,139,131,8,8
63110,56,65,-9,9
63111,74,75,-1,1
63112,107,111,-4,4
63113,78,87,-9,9
63114,51,61,-10,10
63115,87,86,1,1
63116,114,107,7,7
63117,83,84,-1,1
63118,137,128,9,9
63119,117,108,9,9
63120,87,96,-9,9
63121,69,81,-12,12
63122,86,89,-3,3
63123,150,145,5,5
63124,162,150,12,12
63125,87,87,0,0
63126,68,70,-2,2
63127,68,71,-3,3
63128,126,106,20,20
63129,109,100,9,9
63130,106,113,-7,7
63131,114,105,9,9
63132,136,138,-2,2
63133,128,108,20,20
63134,109,111,-2,2
63135,114,114,0,0
63136,102,102,0,0
63137,144,130,14,14
63138,52,57,-5,5
63139,73,85,-12,12
63140,116,110,6,6
63141,111,96,15,15
63142,106,105,1,1
63143,125,121,4,4
63144,119,101,18,18
63145,77,82,-5,5
63146,78,78,0,0
63147,62,67,-5,5
63148,80,90,-10,10
63149,101,103,-2,2
63150,130,129,1,1
63151,165,147,18,18
63152,88,82,6,6
63153,97,105,-8,8
63154,125,112,13,13
63155,55,67,-12,12
63156,76,84,-8,8
63157,124,124,0,0
63158,82,86,-4,4
63159,60,71,-11,11
63160,107,101,6,6
63161,109,108,1,1
63162,162,149,13,13
63163,95,110,-15,15
63164,54,63,-9,9
63165,125,120,5,5
63166,107,97,10,10
63167,74,71,3,3
63168,155,147,8,8
63169,77,84,-7,7
63170,80,79,1,1
63171,122,123,-1,1
63172,71,81,-10,10
63173,112,100,12,12
63174,61,73,-12,12
63175,88,95,-7,7
63176,171,149,22,22
63177,98,95,3,3
63178,59,67,-8,8
63179,150,147,3,3
63180,94,96,-2,2
63181,112,110,2,2
63182,113,93,20,20
63183,92,94,-2,2
63184,121,121,0,0
63185,101,96,5,5
63186,82,84,-2,2
63187,125,108,17,17
63188,74,77,-3,3
63189,68,71,-3,3
63190,104,109,-5,5
63191,80,83,-3,3
63192,101,92,9,9
63193,96,102,-6,6
63194,96,94,2,2
63195,79,87,-8,8
63196,75,78,-3,3
63197,121,115,6,6
63198,173,157,16,16
63199,123,114,9,9
63200,124,117,7,7
63201,123,113,10,10
63202,129,129,0,0
63203,119,103,16,16
63204,107,107,0,0
63205,117,106,11,11
63206,74,80,-6,6
63207,72,82,-10,10
63208,92,99,-7,7
63209,102,95,7,7
63210,123,131,-8,8
63211,119,124,-5,5
63212,71,74,-3,3
63213,64,76,-12,12
63214,108,103,5,5
63215,140,122,18,18
63216,90,91,-1,1
63217,128,116,12,12
63218,99,99,0,0
63219,82,95,-13,13
63220,156,148,8,8
63221,137,132,5,5
63222,78,74,4,4
63223,95,96,-1,1
63224,82,95,-13,13
63225,90,92,-2,2
63226,64,71,-7,7
63227,73,80,-7,7
63228,53,69,-16,16
63229,123,120,3,3
63230,62,71,-9,9
63231,92,97,-5,5
63232,123,114,9,9
63233,125,113,12,12
63234,41,51,-10,10
63235,187,171,16,16
63236,91,89,2,2
63237,76,81,-5,5
63238,176,161,15,15
63239,93,97,-4,4
63240,87,90,-3,3
63241,89,94,-5,5
63242,88,85,3,3
63243,99,92,7,7
63244,134,114,20,20
63245,95,95,0,0
63246,105,103,2,2
63247,42,62,-20,20
63248,96,92,4,4
63249,50,69,-19,19
63250,63,69,-6,6
63251,95,102,-7,7
63252,99,96,3,3
63253,109,112,-3,3
63254,133,113,20,20
63255,90,81,9,9
63256,71,74,-3,3
63257,58,76,-18,18
63258,173,162,11,11
63259,77,75,2,2
63260,88,66,22,22
63261,72,74,-2,2
63262,116,106,10,10
63263,61,71,-10,10
63264,94,85,9,9
63265,117,120,-3,3
63266,114,108,6,6
63267,147,138,9,9
63268,125,115,10,10
63269,100,108,-8,8
63270,101,92,9,9
63271,112,110,2,2
63272,94,85,9,9
63273,119,111,8,8
63274,154,146,8,8
63275,82,83,-1,1
63276,58,70,-12,12
63277,131,109,22,22
63278,82,93,-11,11
63279,96,95,1,1
63280,80,79,1,1
63281,118,117,1,1
63282,51,72,-21,21
63283,164,156,8,8
63284,77,101,-24,24
63285,144,142,2,2
63286,132,134,-2,2
63287,89,86,3,3
63288,78,76,2,2
63289,51,65,-14,14
63290,100,103,-3,3
63291,108,105,3,3
63292,143,125,18,18
63293,88,86,2,2
63294,67,72,-5,5
63295,121,124,-3,3
63296,90,85,5,5
63297,65,72,-7,7
63298,79,83,-4,4
63299,144,132,12,12
63300,55,52,3,3
63301,78,83,-5,5
63302,82,93,-11,11
63303,78,80,-2,2
63304,160,158,2,2
63305,89,84,5,5
63306,101,104,-3,3
63307,114,98,16,16
63308,86,82,4,4
63309,155,150,5,5
63310,105,110,-5,5
63311,76,76,0,0
63312,149,135,14,14
63313,99,104,-5,5
63314,120,106,14,14
63315,69,72,-3,3
63316,102,101,1,1
63317,59,66,-7,7
63318,54,72,-18,18
63319,107,98,9,9
63320,60,65,-5,5
63321,70,71,-1,1
63322,219,209,10,10
63323,83,84,-1,1
63324,68,72,-4,4
63325,89,92,-3,3
63326,68,79,-11,11
63327,108,109,-1,1
63328,94,101,-7,7
63329,90,92,-2,2
63330,171,153,18,18
63331,35,48,-13,13
63332,39,49,-10,10
63333,80,111,-31,31
63334,69,72,-3,3
63335,109,106,3,3
63336,112,114,-2,2
63337,127,124,3,3
63338,87,87,0,0
63339,60,118,-58,58
63340,67,78,-11,11
63341,151,138,13,13
63342,115,107,8,8
63343,86,92,-6,6
63344,97,86,11,11
63345,128,115,13,13
63346,137,120,17,17
63347,102,102,0,0
63348,76,81,-5,5
63349,33,43,-10,10
63350,89,92,-3,3
63351,68,71,-3,3
63352,55,63,-8,8
63353,104,105,-1,1
63354,98,99,-1,1
63355,67,69,-2,2
63356,103,102,1,1
63357,87,86,1,1
63358,92,90,2,2
63359,97,85,12,12
63360,144,135,9,9
63361,94,105,-11,11
63362,95,85,10,10
63363,131,115,16,16
63364,102,96,6,6
63365,132,128,4,4
63366,83,88,-5,5
63367,127,123,4,4
63368,71,74,-3,3
63369,86,86,0,0
63370,202,181,21,21
63371,181,166,15,15
63372,129,125,4,4
63373,112,103,9,9
63374,118,111,7,7
63375,46,52,-6,6
63376,120,102,18,18
63377,55,70,-15,15
63378,141,130,11,11
63379,92,88,4,4
63380,137,135,2,2
63381,59,67,-8,8
63382,192,193,-1,1
63383,144,140,4,4
63384,91,92,-1,1
63385,111,106,5,5
63386,52,61,-9,9
63387,135,125,10,10
63388,43,59,-16,16
63389,138,120,18,18
63390,159,140,19,19
63391,88,92,-4,4
63392,63,71,-8,8
63393,90,94,-4,4
63394,101,93,8,8
63395,72,76,-4,4
63396,64,67,-3,3
63397,81,79,2,2
63398,94,96,-2,2
63399,125,125,0,0
63400,64,71,-7,7
63401,68,75,-7,7
63402,77,85,-8,8
63403,125,125,0,0
63404,68,74,-6,6
63405,131,124,7,7
63406,72,76,-4,4
63407,113,103,10,10
63408,136,135,1,1
63409,136,124,12,12
63410,129,114,15,15
63411,118,112,6,6
63412,79,79,0,0
63413,98,94,4,4
63414,117,114,3,3
63415,98,104,-6,6
63416,30,47,-17,17
63417,76,75,1,1
63418,87,84,3,3
63419,110,102,8,8
63420,80,85,-5,5
63421,48,68,-20,20
63422,120,111,9,9
63423,98,103,-5,5
63424,43,58,-15,15
63425,84,84,0,0
63426,62,71,-9,9
63427,165,162,3,3
63428,56,65,-9,9
63429,85,85,0,0
63430,109,98,11,11
63431,149,136,13,13
63432,55,63,-8,8
63433,89,96,-7,7
63434,68,82,-14,14
63435,68,73,-5,5
63436,146,139,7,7
63437,112,109,3,3
63438,104,98,6,6
63439,49,56,-7,7
63440,67,68,-1,1
63441,70,67,3,3
63442,109,101,8,8
63443,56,63,-7,7
63444,148,139,9,9
63445,97,99,-2,2
63446,79,83,-4,4
63447,116,103,13,13
63448,97,99,-2,2
63449,79,81,-2,2
63450,74,73,1,1
63451,67,67,0,0
63452,118,110,8,8
63453,72,81,-9,9
63454,128,109,19,19
63455,113,113,0,0
63456,103,109,-6,6
63457,86,94,-8,8
63458,59,70,-11,11
63459,114,118,-4,4
63460,125,127,-2,2
63461,105,99,6,6
63462,70,72,-2,2
63463,147,132,15,15
63464,90,84,6,6
63465,81,88,-7,7
63466,65,79,-14,14
63467,63,69,-6,6
63468,110,104,6,6
63469,108,98,10,10
63470,62,81,-19,19
63471,107,104,3,3
63472,47,58,-11,11
63473,76,81,-5,5
63474,92,93,-1,1
63475,129,125,4,4
63476,87,88,-1,1
63477,90,82,8,8
63478,75,79,-4,4
63479,69,78,-9,9
63480,61,70,-9,9
63481,76,78,-2,2
63482,49,61,-12,12
63483,133,123,10,10
63484,147,148,-1,1
63485,115,102,13,13
63486,88,97,-9,9
63487,70,75,-5,5
63488,77,81,-4,4
63489,64,70,-6,6
63490,182,159,23,23
63491,103,97,6,6
63492,91,92,-1,1
63493,104,99,5,5
63494,67,65,2,2
63495,90,93,-3,3
63496,81,86,-5,5
63497,140,134,6,6
63498,64,70,-6,6
63499,132,123,9,9
63500,64,69,-5,5
63501,117,114,3,3
63502,86,94,-8,8
63503,216,190,26,26
63504,129,119,10,10
63505,107,103,4,4
63506,114,108,6,6
63507,99,91,8,8
63508,232,201,31,31
63509,81,86,-5,5
63510,117,116,1,1
63511,142,139,3,3
63512,33,46,-13,13
63513,80,84,-4,4
63514,95,90,5,5
63515,84,83,1,1
63516,111,113,-2,2
63517,53,64,-11,11
63518,47,67,-20,20
63519,80,84,-4,4
63520,81,83,-2,2
63521,74,76,-2,2
63522,49,61,-12,12
63523,124,109,15,15
63524,98,90,8,8
63525,155,151,4,4
63526,58,69,-11,11
63527,111,102,9,9
63528,99,109,-10,10
63529,124,111,13,13
63530,62,65,-3,3
63531,55,68,-13,13
63532,72,77,-5,5
63533,62,69,-7,7
63534,74,74,0,0
63535,76,71,5,5
63536,102,97,5,5
63537,87,92,-5,5
63538,136,126,10,10
63539,89,86,3,3
63540,68,71,-3,3
63541,67,73,-6,6
63542,97,101,-4,4
63543,123,112,11,11
63544,170,146,24,24
63545,120,118,2,2
63546,110,115,-5,5
63547,100,100,0,0
63548,37,56,-19,19
63549,84,76,8,8
63550,62,71,-9,9
63551,145,131,14,14
63552,106,103,3,3
63553,115,105,10,10
63554,126,122,4,4
63555,141,147,-6,6
63556,92,89,3,3
63557,110,104,6,6
63558,59,76,-17,17
63559,90,84,6,6
63560,77,78,-1,1
63561,70,77,-7,7
63562,77,76,1,1
63563,79,77,2,2
63564,154,142,12,12
63565,137,134,3,3
63566,106,101,5,5
63567,116,107,9,9
63568,119,106,13,13
63569,65,66,-1,1
63570,139,130,9,9
63571,145,129,16,16
63572,141,133,8,8
63573,119,106,13,13
63574,70,76,-6,6
63575,78,80,-2,2
63576,75,67,8,8
63577,100,96,4,4
63578,163,148,15,15
63579,162,155,7,7
63580,153,142,11,11
63581,94,96,-2,2
63582,74,76,-2,2
63583,88,88,0,0
63584,67,75,-8,8
63585,100,106,-6,6
63586,117,121,-4,4
63587,80,80,0,0
63588,95,85,10,10
63589,77,82,-5,5
63590,121,111,10,10
63591,141,129,12,12
63592,83,79,4,4
63593,55,65,-10,10
63594,87,81,6,6
63595,76,82,-6,6
63596,116,102,14,14
63597,162,174,-12,12
63598,114,111,3,3
63599,79,82,-3,3
63600,117,117,0,0
63601,54,63,-9,9
63602,87,91,-4,4
63603,124,121,3,3
63604,101,100,1,1
63605,53,66,-13,13
63606,133,124,9,9
63607,75,88,-13,13
63608,78,89,-11,11
63609,69,83,-14,14
63610,40,55,-15,15
63611,84,83,1,1
63612,94,96,-2,2
63613,75,75,0,0
63614,95,94,1,1
63615,82,97,-15,15
63616,75,78,-3,3
63617,141,114,27,27
63618,98,100,-2,2
63619,101,108,-7,7
63620,49,58,-9,9
63621,45,54,-9,9
63622,94,96,-2,2
63623,132,110,22,22
63624,122,106,16,16
63625,96,96,0,0
63626,89,86,3,3
63627,114,111,3,3
63628,112,103,9,9
63629,55,71,-16,16
63630,63,69,-6,6
63631,133,113,20,20
63632,71,83,-12,12
63633,81,77,4,4
63634,104,104,0,0
63635,97,84,13,13
63636,103,104,-1,1
63637,110,98,12,12
63638,91,91,0,0
63639,60,70,-10,10
63640,58,68,-10,10
63641,91,91,0,0
63642,69,75,-6,6
63643,75,86,-11,11
63644,175,174,1,1
63645,62,68,-6,6
63646,121,118,3,3
63647,64,70,-6,6
63648,103,96,7,7
63649,109,79,30,30
63650,111,102,9,9
63651,87,81,6,6
63652,146,133,13,13
63653,68,77,-9,9
63654,69,71,-2,2
63655,79,84,-5,5
63656,111,117,-6,6
63657,72,75,-3,3
63658,110,103,7,7
63659,106,104,2,2
63660,112,99,13,13
63661,85,81,4,4
63662,153,153,0,0
63663,102,88,14,14
63664,75,80,-5,5
63665,123,112,11,11
63666,80,95,-15,15
63667,81,85,-4,4
63668,76,81,-5,5
63669,107,133,-26,26
63670,163,151,12,12
63671,75,85,-10,10
63672,83,83,0,0
63673,72,71,1,1
63674,73,78,-5,5
63675,47,68,-21,21
63676,127,117,10,10
63677,31,46,-15,15
63678,88,83,5,5
63679,131,127,4,4
63680,140,150,-10,10
63681,172,167,5,5
63682,86,83,3,3
63683,137,127,10,10
63684,108,102,6,6
63685,67,72,-5,5
63686,157,167,-10,10
63687,42,60,-18,18
63688,81,83,-2,2
63689,96,85,11,11
63690,189,168,21,21
63691,97,107,-10,10
63692,82,92,-10,10
63693,105,95,10,10
63694,107,98,9,9
63695,81,84,-3,3
63696,44,56,-12,12
63697,93,91,2,2
63698,63,70,-7,7
63699,46,97,-51,51
63700,128,132,-4,4
63701,133,140,-7,7
63702,40,54,-14,14
63703,119,113,6,6
63704,100,93,7,7
63705,96,95,1,1
63706,84,87,-3,3
63707,188,181,7,7
63708,66,74,-8,8
63709,145,142,3,3
63710,50,67,-17,17
63711,74,79,-5,5
63712,82,83,-1,1
63713,92,90,2,2
63714,131,126,5,5
63715,69,74,-5,5
63716,97,87,10,10
63717,137,129,8,8
63718,98,99,-1,1
63719,67,77,-10,10
63720,107,112,-5,5
63721,49,59,-10,10
63722,76,79,-3,3
63723,66,72,-6,6
63724,170,153,17,17
63725,101,104,-3,3
63726,95,83,12,12
63727,76,76,0,0
63728,82,82,0,0
63729,84,83,1,1
63730,106,104,2,2
63731,64,77,-13,13
63732,91,93,-2,2
63733,86,86,0,0
63734,54,62,-8,8
63735,82,98,-16,16
63736,89,95,-6,6
63737,97,96,1,1
63738,161,148,13,13
63739,48,53,-5,5
63740,109,105,4,4
63741,159,144,15,15
63742,106,104,2,2
63743,181,154,27,27
63744,129,132,-3,3
63745,101,105,-4,4
63746,114,107,7,7
63747,126,110,16,16
63748,168,147,21,21
63749,95,101,-6,6
63750,80,85,-5,5
63751,96,92,4,4
63752,35,52,-17,17
63753,73,78,-5,5
63754,89,86,3,3
63755,107,96,11,11
63756,88,92,-4,4
63757,92,96,-4,4
63758,91,82,9,9
63759,91,84,7,7
63760,120,129,-9,9
63761,82,82,0,0
63762,80,86,-6,6
63763,55,63,-8,8
63764,76,74,2,2
63765,72,74,-2,2
63766,105,98,7,7
63767,113,104,9,9
63768,67,69,-2,2
63769,101,102,-1,1
63770,80,85,-5,5
63771,80,87,-7,7
63772,96,90,6,6
63773,71,81,-10,10
63774,148,150,-2,2
63775,72,73,-1,1
63776,127,128,-1,1
63777,75,80,-5,5
63778,83,87,-4,4
63779,90,95,-5,5
63780,86,87,-1,1
63781,75,86,-11,11
63782,72,78,-6,6
63783,70,66,4,4
63784,105,101,4,4
63785,41,55,-14,14
63786,68,75,-7,7
63787,86,82,4,4
63788,64,64,0,0
63789,86,90,-4,4
63790,51,65,-14,14
63791,124,109,15,15
63792,88,94,-6,6
63793,93,92,1,1
63794,54,74,-20,20
63795,71,71,0,0
63796,132,130,2,2
63797,101,98,3,3
63798,172,151,21,21
63799,176,166,10,10
63800,173,172,1,1
63801,130,125,5,5
63802,79,80,-1,1
63803,102,102,0,0
63804,133,127,6,6
63805,90,76,14,14
63806,102,97,5,5
63807,65,71,-6,6
63808,128,120,8,8
63809,159,125,34,34
63810,57,64,-7,7
63811,171,157,14,14
63812,66,77,-11,11
63813,165,150,15,15
63814,51,59,-8,8
63815,111,106,5,5
63816,211,177,34,34
63817,89,84,5,5
63818,74,78,-4,4
63819,86,97,-11,11
63820,129,106,23,23
63821,67,68,-1,1
63822,112,110,2,2
63823,102,87,15,15
63824,76,79,-3,3
63825,67,81,-14,14
63826,96,95,1,1
63827,115,115,0,0
63828,95,98,-3,3
63829,129,121,8,8
63830,78,76,2,2
63831,58,70,-12,12
63832,93,92,1,1
63833,53,61,-8,8
63834,62,70,-8,8
63835,89,92,-3,3
63836,110,106,4,4
63837,109,114,-5,5
63838,34,68,-34,34
63839,94,88,6,6
63840,54,65,-11,11
63841,111,110,1,1
63842,128,128,0,0
63843,141,136,5,5
63844,92,86,6,6
63845,102,86,16,16
63846,94,97,-3,3
63847,130,117,13,13
63848,93,97,-4,4
63849,86,77,9,9
63850,102,98,4,4
63851,137,118,19,19
63852,55,55,0,0
63853,118,111,7,7
63854,121,109,12,12
63855,155,143,12,12
63856,71,80,-9,9
63857,140,131,9,9
63858,64,76,-12,12
63859,110,114,-4,4
63860,119,116,3,3
63861,55,69,-14,14
63862,80,85,-5,5
63863,142,125,17,17
63864,44,61,-17,17
63865,111,111,0,0
63866,113,103,10,10
63867,146,128,18,18
63868,169,167,2,2
63869,129,115,14,14
63870,76,83,-7,7
63871,67,70,-3,3
63872,75,76,-1,1
63873,68,74,-6,6
63874,74,83,-9,9
63875,80,81,-1,1
63876,33,49,-16,16
63877,91,90,1,1
63878,75,76,-1,1
63879,94,89,5,5
63880,142,125,17,17
63881,50,103,-53,53
63882,193,190,3,3
63883,81,86,-5,5
63884,111,101,10,10
63885,130,124,6,6
63886,51,60,-9,9
63887,73,74,-1,1
63888,136,137,-1,1
63889,94,91,3,3
63890,111,97,14,14
63891,119,112,7,7
63892,101,100,1,1
63893,79,78,1,1
63894,92,92,0,0
63895,84,79,5,5
63896,48,62,-14,14
63897,105,103,2,2
63898,87,81,6,6
63899,91,95,-4,4
63900,78,86,-8,8
63901,136,143,-7,7
63902,123,119,4,4
63903,130,124,6,6
63904,126,113,13,13
63905,84,95,-11,11
63906,122,122,0,0
63907,124,120,4,4
63908,117,106,11,11
63909,49,57,-8,8
63910,63,69,-6,6
63911,64,70,-6,6
63912,57,68,-11,11
63913,37,55,-18,18
63914,38,56,-18,18
63915,56,61,-5,5
63916,137,126,11,11
63917,109,108,1,1
63918,158,145,13,13
63919,112,115,-3,3
63920,96,102,-6,6
63921,99,101,-2,2
63922,68,72,-4,4
63923,94,97,-3,3
63924,118,117,1,1
63925,80,83,-3,3
63926,78,84,-6,6
63927,94,89,5,5
63928,172,163,9,9
63929,39,51,-12,12
63930,62,78,-16,16
63931,152,131,21,21
63932,120,110,10,10
63933,90,85,5,5
63934,105,96,9,9
63935,80,78,2,2
63936,58,69,-11,11
63937,51,66,-15,15
63938,90,88,2,2
63939,107,98,9,9
63940,71,77,-6,6
63941,61,72,-11,11
63942,111,125,-14,14
63943,88,95,-7,7
63944,56,67,-11,11
63945,93,88,5,5
63946,106,98,8,8
63947,96,94,2,2
63948,81,88,-7,7
63949,63,68,-5,5
63950,112,112,0,0
63951,120,107,13,13
63952,59,63,-4,4
63953,103,95,8,8
63954,50,63,-13,13
63955,115,95,20,20
63956,54,71,-17,17
63957,71,73,-2,2
63958,59,65,-6,6
63959,115,106,9,9
63960,47,63,-16,16
63961,100,99,1,1
63962,77,82,-5,5
63963,195,174,21,21
63964,118,112,6,6
63965,90,94,-4,4
63966,101,97,4,4
63967,141,131,10,10
63968,153,140,13,13
63969,72,81,-9,9
63970,76,83,-7,7
63971,141,118,23,23
63972,168,148,20,20
63973,189,161,28,28
63974,52,64,-12,12
63975,90,88,2,2
63976,81,84,-3,3
63977,54,65,-11,11
63978,128,118,10,10
63979,86,91,-5,5
63980,65,76,-11,11
63981,53,63,-10,10
63982,57,70,-13,13
63983,90,70,20,20
63984,73,82,-9,9
63985,75,86,-11,11
63986,85,84,1,1
63987,143,134,9,9
63988,44,64,-20,20
63989,81,78,3,3
63990,76,85,-9,9
63991,126,115,11,11
63992,46,62,-16,16
63993,139,118,21,21
63994,154,145,9,9
63995,161,158,3,3
63996,59,63,-4,4
63997,78,85,-7,7
63998,85,86,-1,1
63999,48,69,-21,21
64000,71,74,-3,3
64001,79,85,-6,6
64002,65,71,-6,6
64003,78,80,-2,2
64004,117,116,1,1
64005,51,59,-8,8
64006,153,89,64,64
64007,118,121,-3,3
64008,66,68,-2,2
64009,75,83,-8,8
64010,102,104,-2,2
64011,85,85,0,0
64012,64,71,-7,7
64013,95,98,-3,3
64014,160,147,13,13
64015,94,87,7,7
64016,68,80,-12,12
64017,180,170,10,10
64018,52,82,-30,30
64019,106,104,2,2
64020,85,86,-1,1
64021,115,127,-12,12
64022,57,59,-2,2
64023,104,102,2,2
64024,53,61,-8,8
64025,79,76,3,3
64026,68,82,-14,14
64027,86,81,5,5
64028,121,108,13,13
64029,54,59,-5,5
64030,74,77,-3,3
64031,122,135,-13,13
64032,67,73,-6,6
64033,128,129,-1,1
64034,56,67,-11,11
64035,146,138,8,8
64036,111,113,-2,2
64037,86,88,-2,2
64038,96,86,10,10
64039,144,147,-3,3
64040,73,77,-4,4
64041,50,60,-10,10
64042,179,172,7,7
64043,83,89,-6,6
64044,62,68,-6,6
64045,103,99,4,4
64046,101,99,2,2
64047,59,68,-9,9
64048,74,74,0,0
64049,72,72,0,0
64050,75,86,-11,11
64051,109,106,3,3
64052,102,89,13,13
64053,143,132,11,11
64054,83,96,-13,13
64055,156,155,1,1
64056,124,112,12,12
64057,80,79,1,1
64058,161,142,19,19
64059,54,69,-15,15
64060,75,90,-15,15
64061,155,134,21,21
64062,117,101,16,16
64063,130,127,3,3
64064,225,193,32,32
64065,94,90,4,4
64066,63,65,-2,2
64067,72,75,-3,3
64068,179,164,15,15
64069,141,133,8,8
64070,82,77,5,5
64071,62,60,2,2
64072,122,118,4,4
64073,79,77,2,2
64074,93,82,11,11
64075,137,156,-19,19
64076,110,108,2,2
64077,137,131,6,6
64078,84,75,9,9
64079,64,71,-7,7
64080,64,65,-1,1
64081,56,68,-12,12
64082,70,74,-4,4
64083,76,81,-5,5
64084,118,106,12,12
64085,88,80,8,8
64086,81,78,3,3
64087,129,117,12,12
64088,64,74,-10,10
64089,97,97,0,0
64090,123,122,1,1
64091,86,78,8,8
64092,97,94,3,3
64093,115,114,1,1
64094,96,101,-5,5
64095,77,80,-3,3
64096,168,178,-10,10
64097,51,62,-11,11
64098,90,86,4,4
64099,56,70,-14,14
64100,71,79,-8,8
64101,107,105,2,2
64102,94,83,11,11
64103,46,66,-20,20
64104,118,104,14,14
64105,129,118,11,11
64106,106,108,-2,2
64107,81,85,-4,4
64108,82,79,3,3
64109,56,64,-8,8
64110,79,75,4,4
64111,71,76,-5,5
64112,148,151,-3,3
64113,205,183,22,22
64114,142,124,18,18
64115,85,82,3,3
64116,47,60,-13,13
64117,91,89,2,2
64118,108,101,7,7
64119,73,72,1,1
64120,102,101,1,1
64121,129,133,-4,4
64122,130,158,-28,28
64123,103,95,8,8
64124,70,92,-22,22
64125,90,86,4,4
64126,118,130,-12,12
64127,85,75,10,10
64128,63,75,-12,12
64129,62,65,-3,3
64130,93,91,2,2
64131,66,84,-18,18
64132,57,65,-8,8
64133,43,59,-16,16
64134,104,96,8,8
64135,131,121,10,10
64136,88,83,5,5
64137,79,84,-5,5
64138,83,76,7,7
64139,77,76,1,1
64140,82,86,-4,4
64141,109,102,7,7
64142,118,109,9,9
64143,134,133,1,1
64144,124,127,-3,3
64145,105,105,0,0
64146,102,93,9,9
64147,109,103,6,6
64148,100,99,1,1
64149,84,87,-3,3
64150,88,84,4,4
64151,86,85,1,1
64152,92,83,9,9
64153,125,112,13,13
64154,70,70,0,0
64155,167,137,30,30
64156,151,156,-5,5
64157,80,76,4,4
64158,125,105,20,20
64159,140,146,-6,6
64160,101,99,2,2
64161,68,72,-4,4
64162,48,66,-18,18
64163,105,98,7,7
64164,72,72,0,0
64165,73,78,-5,5
64166,139,133,6,6
64167,88,93,-5,5
64168,65,97,-32,32
64169,100,97,3,3
64170,150,146,4,4
64171,116,110,6,6
64172,64,69,-5,5
64173,115,101,14,14
64174,58,68,-10,10
64175,132,137,-5,5
64176,91,84,7,7
64177,75,72,3,3
64178,98,102,-4,4
64179,109,105,4,4
64180,115,102,13,13
64181,86,95,-9,9
64182,100,86,14,14
64183,77,81,-4,4
64184,156,154,2,2
64185,63,68,-5,5
64186,81,84,-3,3
64187,95,89,6,6
64188,70,75,-5,5
64189,100,97,3,3
64190,92,94,-2,2
64191,150,146,4,4
64192,99,105,-6,6
64193,133,121,12,12
64194,46,58,-12,12
64195,99,89,10,10
64196,128,115,13,13
64197,77,80,-3,3
64198,77,81,-4,4
64199,62,72,-10,10
64200,175,151,24,24
64201,183,170,13,13
64202,80,85,-5,5
64203,124,119,5,5
64204,116,108,8,8
64205,140,152,-12,12
64206,74,75,-1,1
64207,104,115,-11,11
64208,43,62,-19,19
64209,191,175,16,16
64210,245,223,22,22
64211,94,88,6,6
64212,110,97,13,13
64213,86,87,-1,1
64214,49,69,-20,20
64215,116,112,4,4
64216,58,66,-8,8
64217,51,58,-7,7
64218,96,96,0,0
64219,73,83,-10,10
64220,100,101,-1,1
64221,83,137,-54,54
64222,130,123,7,7
64223,64,75,-11,11
64224,77,79,-2,2
64225,126,128,-2,2
64226,52,58,-6,6
64227,84,83,1,1
64228,69,83,-14,14
64229,107,123,-16,16
64230,104,94,10,10
64231,55,63,-8,8
64232,87,92,-5,5
64233,88,95,-7,7
64234,147,146,1,1
64235,122,109,13,13
64236,120,108,12,12
64237,166,155,11,11
64238,80,88,-8,8
64239,122,117,5,5
64240,43,52,-9,9
64241,121,111,10,10
64242,70,79,-9,9
64243,101,97,4,4
64244,57,69,-12,12
64245,100,97,3,3
64246,52,64,-12,12
64247,69,77,-8,8
64248,52,56,-4,4
64249,60,67,-7,7
64250,74,74,0,0
64251,92,93,-1,1
64252,47,62,-15,15
64253,91,95,-4,4
64254,72,80,-8,8
64255,45,54,-9,9
64256,70,81,-11,11
64257,119,116,3,3
64258,113,113,0,0
64259,51,62,-11,11
64260,56,66,-10,10
64261,95,92,3,3
64262,82,92,-10,10
64263,79,82,-3,3
64264,70,77,-7,7
64265,78,82,-4,4
64266,94,97,-3,3
64267,68,73,-5,5
64268,87,89,-2,2
64269,164,176,-12,12
64270,101,95,6,6
64271,145,141,4,4
64272,50,61,-11,11
64273,65,82,-17,17
64274,108,98,10,10
64275,77,77,0,0
64276,153,137,16,16
64277,113,104,9,9
64278,181,150,31,31
64279,52,62,-10,10
64280,96,102,-6,6
64281,139,126,13,13
64282,91,94,-3,3
64283,73,79,-6,6
64284,77,80,-3,3
64285,71,78,-7,7
64286,51,63,-12,12
64287,90,94,-4,4
64288,68,72,-4,4
64289,73,78,-5,5
64290,94,99,-5,5
64291,69,72,-3,3
64292,90,90,0,0
64293,154,152,2,2
64294,163,139,24,24
64295,74,80,-6,6
64296,55,70,-15,15
64297,73,80,-7,7
64298,33,38,-5,5
64299,154,141,13,13
64300,70,60,10,10
64301,72,76,-4,4
64302,96,100,-4,4
64303,117,111,6,6
64304,127,123,4,4
64305,84,88,-4,4
64306,99,101,-2,2
64307,72,73,-1,1
64308,144,127,17,17
64309,74,80,-6,6
64310,75,81,-6,6
64311,89,85,4,4
64312,122,110,12,12
64313,165,152,13,13
64314,45,58,-13,13
64315,82,87,-5,5
64316,84,82,2,2
64317,166,157,9,9
64318,140,125,15,15
64319,96,106,-10,10
64320,73,75,-2,2
64321,200,184,16,16
64322,113,109,4,4
64323,137,127,10,10
64324,87,91,-4,4
64325,127,119,8,8
64326,74,70,4,4
64327,89,86,3,3
64328,128,130,-2,2
64329,73,80,-7,7
64330,53,61,-8,8
64331,26,55,-29,29
64332,104,101,3,3
64333,91,84,7,7
64334,157,146,11,11
64335,93,87,6,6
64336,125,126,-1,1
64337,66,68,-2,2
64338,125,115,10,10
64339,144,116,28,28
64340,106,97,9,9
64341,129,115,14,14
64342,86,94,-8,8
64343,188,172,16,16
64344,142,129,13,13
64345,54,64,-10,10
64346,185,152,33,33
64347,152,142,10,10
64348,55,61,-6,6
64349,74,82,-8,8
64350,132,134,-2,2
64351,80,75,5,5
64352,77,80,-3,3
64353,67,76,-9,9
64354,71,73,-2,2
64355,129,120,9,9
64356,116,104,12,12
64357,97,92,5,5
64358,39,53,-14,14
64359,44,59,-15,15
64360,73,78,-5,5
64361,78,79,-1,1
64362,68,71,-3,3
64363,57,61,-4,4
64364,97,82,15,15
64365,77,81,-4,4
64366,159,150,9,9
64367,144,127,17,17
64368,58,70,-12,12
64369,74,85,-11,11
64370,47,61,-14,14
64371,86,88,-2,2
64372,95,85,10,10
64373,74,76,-2,2
64374,84,96,-12,12
64375,175,163,12,12
64376,47,58,-11,11
64377,110,100,10,10
64378,181,167,14,14
64379,117,113,4,4
64380,77,70,7,7
64381,88,80,8,8
64382,84,90,-6,6
64383,56,60,-4,4
64384,49,57,-8,8
64385,75,83,-8,8
64386,58,63,-5,5
64387,110,108,2,2
64388,80,83,-3,3
64389,120,122,-2,2
64390,79,97,-18,18
64391,107,111,-4,4
64392,79,81,-2,2
64393,69,73,-4,4
64394,36,53,-17,17
64395,106,102,4,4
64396,64,70,-6,6
64397,91,97,-6,6
64398,70,79,-9,9
64399,69,74,-5,5
64400,75,83,-8,8
64401,54,62,-8,8
64402,69,83,-14,14
64403,105,112,-7,7
64404,67,76,-9,9
64405,28,48,-20,20
64406,57,67,-10,10
64407,46,50,-4,4
64408,52,62,-10,10
64409,122,115,7,7
64410,101,99,2,2
64411,129,117,12,12
64412,143,150,-7,7
64413,193,176,17,17
64414,55,65,-10,10
64415,92,91,1,1
64416,107,89,18,18
64417,137,115,22,22
64418,100,101,-1,1
64419,61,71,-10,10
64420,113,98,15,15
64421,112,104,8,8
64422,78,76,2,2
64423,82,93,-11,11
64424,58,73,-15,15
64425,65,60,5,5
64426,52,69,-17,17
64427,106,104,2,2
64428,47,64,-17,17
64429,72,81,-9,9
64430,75,83,-8,8
64431,135,139,-4,4
64432,87,91,-4,4
64433,175,164,11,11
64434,99,104,-5,5
64435,50,61,-11,11
64436,90,87,3,3
64437,83,93,-10,10
64438,68,75,-7,7
64439,85,88,-3,3
64440,73,79,-6,6
64441,58,74,-16,16
64442,78,78,0,0
64443,89,98,-9,9
64444,49,60,-11,11
64445,73,71,2,2
64446,108,86,22,22
64447,60,69,-9,9
64448,142,125,17,17
64449,217,191,26,26
64450,57,60,-3,3
64451,61,68,-7,7
64452,82,79,3,3
64453,73,78,-5,5
64454,108,103,5,5
64455,139,143,-4,4
64456,80,80,0,0
64457,218,204,14,14
64458,119,114,5,5
64459,105,100,5,5
64460,57,71,-14,14
64461,106,114,-8,8
64462,74,84,-10,10
64463,77,84,-7,7
64464,143,134,9,9
64465,103,99,4,4
64466,120,111,9,9
64467,124,108,16,16
64468,112,105,7,7
64469,105,96,9,9
64470,144,138,6,6
64471,97,88,9,9
64472,65,71,-6,6
64473,74,74,0,0
64474,55,66,-11,11
64475,80,84,-4,4
64476,115,109,6,6
64477,145,146,-1,1
64478,103,107,-4,4
64479,132,118,14,14
64480,46,31,15,15
64481,59,66,-7,7
64482,83,83,0,0
64483,150,138,12,12
64484,182,172,10,10
64485,44,60,-16,16
64486,64,79,-15,15
64487,53,64,-11,11
64488,78,86,-8,8
64489,112,116,-4,4
64490,109,101,8,8
64491,95,100,-5,5
64492,62,85,-23,23
64493,57,68,-11,11
64494,130,124,6,6
64495,101,95,6,6
64496,135,135,0,0
64497,100,112,-12,12
64498,107,114,-7,7
64499,97,100,-3,3
64500,79,79,0,0
64501,80,85,-5,5
64502,94,77,17,17
64503,122,115,7,7
64504,57,68,-11,11
64505,58,70,-12,12
64506,76,77,-1,1
64507,144,125,19,19
64508,51,59,-8,8
64509,54,67,-13,13
64510,85,86,-1,1
64511,61,70,-9,9
64512,148,124,24,24
64513,33,51,-18,18
64514,99,96,3,3
64515,117,107,10,10
64516,82,81,1,1
64517,54,81,-27,27
64518,144,130,14,14
64519,141,133,8,8
64520,80,88,-8,8
64521,203,179,24,24
64522,93,92,1,1
64523,65,71,-6,6
64524,61,66,-5,5
64525,139,128,11,11
64526,84,85,-1,1
64527,72,81,-9,9
64528,68,80,-12,12
64529,56,75,-19,19
64530,101,98,3,3
64531,63,76,-13,13
64532,94,97,-3,3
64533,120,115,5,5
64534,113,113,0,0
64535,32,51,-19,19
64536,94,100,-6,6
64537,116,113,3,3
64538,101,96,5,5
64539,57,71,-14,14
64540,144,132,12,12
64541,76,82,-6,6
64542,94,94,0,0
64543,80,84,-4,4
64544,100,97,3,3
64545,150,133,17,17
64546,85,89,-4,4
64547,77,80,-3,3
64548,75,79,-4,4
64549,170,153,17,17
64550,138,140,-2,2
64551,74,75,-1,1
64552,83,83,0,0
64553,193,184,9,9
64554,95,87,8,8
64555,132,125,7,7
64556,69,76,-7,7
64557,120,127,-7,7
64558,102,99,3,3
64559,87,86,1,1
64560,133,112,21,21
64561,106,101,5,5
64562,90,96,-6,6
64563,61,71,-10,10
64564,87,88,-1,1
64565,130,119,11,11
64566,77,84,-7,7
64567,80,98,-18,18
64568,95,84,11,11
64569,64,72,-8,8
64570,57,72,-15,15
64571,70,76,-6,6
64572,111,104,7,7
64573,54,65,-11,11
64574,142,160,-18,18
64575,52,64,-12,12
64576,47,63,-16,16
64577,133,133,0,0
64578,140,142,-2,2
64579,60,70,-10,10
64580,186,157,29,29
64581,77,81,-4,4
64582,101,95,6,6
64583,59,65,-6,6
64584,121,122,-1,1
64585,104,110,-6,6
64586,155,129,26,26
64587,83,81,2,2
64588,77,79,-2,2
64589,123,106,17,17
64590,59,65,-6,6
64591,105,92,13,13
64592,75,86,-11,11
64593,116,103,13,13
64594,72,79,-7,7
64595,149,149,0,0
64596,119,110,9,9
64597,63,76,-13,13
64598,87,85,2,2
64599,137,125,12,12
64600,82,79,3,3
64601,125,120,5,5
64602,36,38,-2,2
64603,67,75,-8,8
64604,116,114,2,2
64605,155,137,18,18
64606,103,89,14,14
64607,104,96,8,8
64608,143,138,5,5
64609,123,118,5,5
64610,121,109,12,12
64611,87,80,7,7
64612,72,79,-7,7
64613,49,70,-21,21
64614,69,85,-16,16
64615,72,89,-17,17
64616,116,97,19,19
64617,138,140,-2,2
64618,97,100,-3,3
64619,63,70,-7,7
64620,109,101,8,8
64621,80,84,-4,4
64622,96,93,3,3
64623,98,88,10,10
64624,101,104,-3,3
64625,143,135,8,8
64626,90,89,1,1
64627,85,81,4,4
64628,120,123,-3,3
64629,65,68,-3,3
64630,161,139,22,22
64631,124,104,20,20
64632,103,101,2,2
64633,99,94,5,5
64634,121,122,-1,1
64635,122,116,6,6
64636,104,109,-5,5
64637,160,165,-5,5
64638,109,87,22,22
64639,63,70,-7,7
64640,112,110,2,2
64641,88,88,0,0
64642,88,85,3,3
64643,101,109,-8,8
64644,50,62,-12,12
64645,170,170,0,0
64646,64,77,-13,13
64647,102,110,-8,8
64648,93,91,2,2
64649,132,124,8,8
64650,75,85,-10,10
64651,84,76,8,8
64652,60,68,-8,8
64653,103,114,-11,11
64654,58,67,-9,9
64655,153,135,18,18
64656,135,119,16,16
64657,62,80,-18,18
64658,162,145,17,17
64659,74,79,-5,5
64660,90,84,6,6
64661,127,120,7,7
64662,97,101,-4,4
64663,102,98,4,4
64664,117,112,5,5
64665,38,57,-19,19
64666,114,104,10,10
64667,45,49,-4,4
64668,100,98,2,2
64669,61,65,-4,4
64670,101,93,8,8
64671,120,115,5,5
64672,152,138,14,14
64673,84,87,-3,3
64674,100,90,10,10
64675,108,100,8,8
64676,124,131,-7,7
64677,148,146,2,2
64678,46,59,-13,13
64679,119,116,3,3
64680,118,106,12,12
64681,52,67,-15,15
64682,104,106,-2,2
64683,82,101,-19,19
64684,100,90,10,10
64685,118,109,9,9
64686,70,79,-9,9
64687,104,90,14,14
64688,141,132,9,9
64689,97,96,1,1
64690,24,39,-15,15
64691,192,163,29,29
64692,71,68,3,3
64693,78,87,-9,9
64694,46,60,-14,14
64695,79,84,-5,5
64696,153,138,15,15
64697,88,99,-11,11
64698,64,77,-13,13
64699,81,79,2,2
64700,81,81,0,0
64701,105,98,7,7
64702,88,97,-9,9
64703,120,120,0,0
64704,68,70,-2,2
64705,84,84,0,0
64706,121,110,11,11
64707,80,79,1,1
64708,138,137,1,1
64709,90,83,7,7
64710,87,92,-5,5
64711,92,95,-3,3
64712,111,114,-3,3
64713,77,77,0,0
64714,74,80,-6,6
64715,170,139,31,31
64716,77,82,-5,5
64717,117,122,-5,5
64718,151,130,21,21
64719,84,86,-2,2
64720,108,115,-7,7
64721,69,79,-10,10
64722,121,122,-1,1
64723,94,101,-7,7
64724,41,55,-14,14
64725,140,129,11,11
64726,76,73,3,3
64727,85,80,5,5
64728,104,105,-1,1
64729,48,63,-15,15
64730,128,129,-1,1
64731,68,71,-3,3
64732,70,76,-6,6
64733,93,86,7,7
64734,69,86,-17,17
64735,56,59,-3,3
64736,96,96,0,0
64737,50,60,-10,10
64738,64,73,-9,9
64739,69,82,-13,13
64740,89,86,3,3
64741,75,83,-8,8
64742,77,80,-3,3
64743,68,71,-3,3
64744,59,90,-31,31
64745,140,117,23,23
64746,79,76,3,3
64747,46,56,-10,10
64748,54,61,-7,7
64749,89,96,-7,7
64750,99,99,0,0
64751,68,73,-5,5
64752,86,92,-6,6
64753,106,95,11,11
64754,82,80,2,2
64755,97,122,-25,25
64756,29,55,-26,26
64757,99,95,4,4
64758,119,120,-1,1
64759,102,102,0,0
64760,104,102,2,2
64761,148,123,25,25
64762,146,134,12,12
64763,107,98,9,9
64764,49,56,-7,7
64765,45,55,-10,10
64766,133,126,7,7
64767,102,105,-3,3
64768,110,113,-3,3
64769,100,96,4,4
64770,112,102,10,10
64771,59,74,-15,15
64772,73,68,5,5
64773,115,121,-6,6
64774,88,87,1,1
64775,77,87,-10,10
64776,133,127,6,6
64777,86,87,-1,1
64778,74,70,4,4
64779,125,117,8,8
64780,97,100,-3,3
64781,71,69,2,2
64782,42,57,-15,15
64783,140,136,4,4
64784,70,71,-1,1
64785,76,83,-7,7
64786,59,64,-5,5
64787,87,95,-8,8
64788,134,118,16,16
64789,173,158,15,15
64790,47,61,-14,14
64791,112,97,15,15
64792,94,100,-6,6
64793,81,82,-1,1
64794,152,145,7,7
64795,56,63,-7,7
64796,72,79,-7,7
64797,82,83,-1,1
64798,68,73,-5,5
64799,87,92,-5,5
64800,116,130,-14,14
64801,49,57,-8,8
64802,124,115,9,9
64803,146,149,-3,3
64804,151,135,16,16
64805,67,86,-19,19
64806,57,92,-35,35
64807,147,141,6,6
64808,104,102,2,2
64809,124,121,3,3
64810,46,64,-18,18
64811,118,122,-4,4
64812,110,106,4,4
64813,82,83,-1,1
64814,97,89,8,8
64815,104,94,10,10
64816,46,56,-10,10
64817,76,83,-7,7
64818,66,73,-7,7
64819,51,58,-7,7
64820,63,63,0,0
64821,81,82,-1,1
64822,110,108,2,2
64823,160,152,8,8
64824,65,70,-5,5
64825,43,55,-12,12
64826,67,110,-43,43
64827,104,101,3,3
64828,83,89,-6,6
64829,57,76,-19,19
64830,139,131,8,8
64831,78,81,-3,3
64832,68,69,-1,1
64833,91,91,0,0
64834,117,117,0,0
64835,117,112,5,5
64836,110,111,-1,1
64837,67,75,-8,8
64838,89,92,-3,3
64839,96,100,-4,4
64840,92,99,-7,7
64841,87,87,0,0
64842,92,84,8,8
64843,59,71,-12,12
64844,66,70,-4,4
64845,160,158,2,2
64846,188,164,24,24
64847,96,94,2,2
64848,75,83,-8,8
64849,140,129,11,11
64850,95,93,2,2
64851,83,84,-1,1
64852,103,100,3,3
64853,81,86,-5,5
64854,87,88,-1,1
64855,90,92,-2,2
64856,66,71,-5,5
64857,100,90,10,10
64858,75,79,-4,4
64859,50,60,-10,10
64860,68,71,-3,3
64861,82,84,-2,2
64862,72,69,3,3
64863,56,65,-9,9
64864,113,106,7,7
64865,41,61,-20,20
64866,56,68,-12,12
64867,92,90,2,2
64868,68,74,-6,6
64869,63,70,-7,7
64870,111,110,1,1
64871,74,81,-7,7
64872,91,92,-1,1
64873,84,131,-47,47
64874,107,110,-3,3
64875,95,94,1,1
64876,80,77,3,3
64877,125,127,-2,2
64878,57,63,-6,6
64879,115,122,-7,7
64880,117,109,8,8
64881,71,80,-9,9
64882,72,75,-3,3
64883,199,174,25,25
64884,100,103,-3,3
64885,75,72,3,3
64886,78,77,1,1
64887,82,81,1,1
64888,85,90,-5,5
64889,53,66,-13,13
64890,89,89,0,0
64891,111,100,11,11
64892,58,66,-8,8
64893,74,75,-1,1
64894,106,116,-10,10
64895,139,133,6,6
64896,94,89,5,5
64897,66,69,-3,3
64898,140,120,20,20
64899,100,97,3,3
64900,60,69,-9,9
64901,118,107,11,11
64902,108,95,13,13
64903,131,116,15,15
64904,141,146,-5,5
64905,107,111,-4,4
64906,65,78,-13,13
64907,104,103,1,1
64908,121,120,1,1
64909,93,98,-5,5
64910,85,97,-12,12
64911,77,86,-9,9
64912,113,105,8,8
64913,44,55,-11,11
64914,110,121,-11,11
64915,75,74,1,1
64916,65,76,-11,11
64917,59,64,-5,5
64918,102,92,10,10
64919,93,106,-13,13
64920,85,86,-1,1
64921,57,65,-8,8
64922,129,120,9,9
64923,45,67,-22,22
64924,60,79,-19,19
64925,89,96,-7,7
64926,93,96,-3,3
64927,104,100,4,4
64928,55,62,-7,7
64929,83,87,-4,4
64930,137,126,11,11
64931,109,100,9,9
64932,69,73,-4,4
64933,110,119,-9,9
64934,119,99,20,20
64935,97,92,5,5
64936,81,84,-3,3
64937,104,100,4,4
64938,71,81,-10,10
64939,50,67,-17,17
64940,136,124,12,12
64941,70,71,-1,1
64942,63,76,-13,13
64943,90,98,-8,8
64944,102,97,5,5
64945,50,59,-9,9
64946,138,121,17,17
64947,103,123,-20,20
64948,127,119,8,8
64949,129,129,0,0
64950,144,137,7,7
64951,52,65,-13,13
64952,72,79,-7,7
64953,94,98,-4,4
64954,77,76,1,1
64955,62,71,-9,9
64956,91,96,-5,5
64957,58,66,-8,8
64958,78,81,-3,3
64959,63,69,-6,6
64960,111,101,10,10
64961,87,92,-5,5
64962,85,83,2,2
64963,224,191,33,33
64964,99,92,7,7
64965,84,81,3,3
64966,101,96,5,5
64967,156,134,22,22
64968,50,60,-10,10
64969,82,84,-2,2
64970,190,188,2,2
64971,127,130,-3,3
64972,61,68,-7,7
64973,100,102,-2,2
64974,81,86,-5,5
64975,141,121,20,20
64976,80,78,2,2
64977,67,71,-4,4
64978,90,92,-2,2
64979,81,80,1,1
64980,55,63,-8,8
64981,85,87,-2,2
64982,36,55,-19,19
64983,87,79,8,8
64984,73,86,-13,13
64985,90,91,-1,1
64986,69,68,1,1
64987,88,87,1,1
64988,64,72,-8,8
64989,56,65,-9,9
64990,130,118,12,12
64991,59,65,-6,6
64992,140,141,-1,1
64993,129,115,14,14
64994,122,115,7,7
64995,69,70,-1,1
64996,65,76,-11,11
64997,103,99,4,4
64998,36,48,-12,12
64999,193,188,5,5
65000,123,113,10,10
65001,77,81,-4,4
65002,75,74,1,1
65003,85,96,-11,11
65004,124,120,4,4
65005,148,145,3,3
65006,92,97,-5,5
65007,70,73,-3,3
65008,129,121,8,8
65009,51,61,-10,10
65010,98,89,9,9
65011,130,117,13,13
65012,134,126,8,8
65013,89,86,3,3
65014,83,90,-7,7
65015,89,88,1,1
65016,101,98,3,3
65017,110,98,12,12
65018,68,76,-8,8
65019,68,69,-1,1
65020,72,78,-6,6
65021,77,81,-4,4
65022,147,129,18,18
65023,117,111,6,6
65024,79,98,-19,19
65025,103,104,-1,1
65026,65,77,-12,12
65027,102,99,3,3
65028,66,72,-6,6
65029,101,93,8,8
65030,77,80,-3,3
65031,58,69,-11,11
65032,75,79,-4,4
65033,50,71,-21,21
65034,116,110,6,6
65035,78,80,-2,2
65036,111,99,12,12
65037,35,52,-17,17
65038,94,89,5,5
65039,136,124,12,12
65040,71,74,-3,3
65041,94,104,-10,10
65042,81,81,0,0
65043,54,59,-5,5
65044,94,87,7,7
65045,94,96,-2,2
65046,143,135,8,8
65047,82,84,-2,2
65048,156,143,13,13
65049,81,87,-6,6
65050,169,159,10,10
65051,104,100,4,4
65052,107,106,1,1
65053,69,83,-14,14
65054,123,103,20,20
65055,51,63,-12,12
65056,88,95,-7,7
65057,41,54,-13,13
65058,56,69,-13,13
65059,138,135,3,3
65060,102,97,5,5
65061,97,97,0,0
65062,124,124,0,0
65063,124,111,13,13
65064,119,129,-10,10
65065,55,61,-6,6
65066,116,113,3,3
65067,60,65,-5,5
65068,134,117,17,17
65069,63,91,-28,28
65070,73,76,-3,3
65071,145,139,6,6
65072,111,108,3,3
65073,110,114,-4,4
65074,194,175,19,19
65075,92,96,-4,4
65076,97,87,10,10
65077,116,115,1,1
65078,61,63,-2,2
65079,150,143,7,7
65080,45,56,-11,11
65081,99,89,10,10
65082,79,77,2,2
65083,118,118,0,0
65084,74,74,0,0
65085,108,104,4,4
65086,85,85,0,0
65087,89,81,8,8
65088,107,105,2,2
65089,165,163,2,2
65090,84,83,1,1
65091,132,120,12,12
65092,90,86,4,4
65093,144,117,27,27
65094,87,92,-5,5
65095,103,88,15,15
65096,98,100,-2,2
65097,88,89,-1,1
65098,125,117,8,8
65099,112,101,11,11
65100,51,65,-14,14
65101,105,107,-2,2
65102,149,126,23,23
65103,109,102,7,7
65104,74,79,-5,5
65105,83,85,-2,2
65106,85,88,-3,3
65107,75,72,3,3
65108,78,86,-8,8
65109,67,73,-6,6
65110,48,56,-8,8
65111,109,88,21,21
65112,92,92,0,0
65113,90,95,-5,5
65114,90,86,4,4
65115,98,97,1,1
65116,76,77,-1,1
65117,83,88,-5,5
65118,148,146,2,2
65119,99,97,2,2
65120,68,73,-5,5
65121,79,75,4,4
65122,98,100,-2,2
65123,194,183,11,11
65124,90,86,4,4
65125,70,72,-2,2
65126,88,87,1,1
65127,66,72,-6,6
65128,81,75,6,6
65129,122,119,3,3
65130,96,95,1,1
65131,69,73,-4,4
65132,113,98,15,15
65133,61,75,-14,14
65134,101,86,15,15
65135,178,162,16,16
65136,111,103,8,8
65137,81,78,3,3
65138,147,159,-12,12
65139,121,114,7,7
65140,78,76,2,2
65141,86,85,1,1
65142,54,61,-7,7
65143,46,57,-11,11
65144,62,72,-10,10
65145,94,97,-3,3
65146,101,96,5,5
65147,60,70,-10,10
65148,72,72,0,0
65149,75,84,-9,9
65150,148,135,13,13
65151,123,115,8,8
65152,81,95,-14,14
65153,126,123,3,3
65154,163,148,15,15
65155,105,101,4,4
65156,85,84,1,1
65157,102,98,4,4
65158,89,88,1,1
65159,123,121,2,2
65160,62,65,-3,3
65161,78,88,-10,10
65162,98,95,3,3
65163,68,71,-3,3
65164,99,100,-1,1
65165,112,104,8,8
65166,89,86,3,3
65167,89,94,-5,5
65168,83,80,3,3
65169,119,112,7,7
65170,92,100,-8,8
65171,77,83,-6,6
65172,74,74,0,0
65173,115,130,-15,15
65174,107,100,7,7
65175,98,90,8,8
65176,136,122,14,14
65177,42,58,-16,16
65178,119,117,2,2
65179,119,115,4,4
65180,109,101,8,8
65181,113,108,5,5
65182,164,154,10,10
65183,86,83,3,3
65184,97,95,2,2
65185,112,110,2,2
65186,124,117,7,7
65187,84,96,-12,12
65188,77,81,-4,4
65189,87,81,6,6
65190,52,62,-10,10
65191,112,104,8,8
65192,78,81,-3,3
65193,93,96,-3,3
65194,115,123,-8,8
65195,76,77,-1,1
65196,209,187,22,22
65197,41,61,-20,20
65198,115,105,10,10
65199,155,136,19,19
65200,53,60,-7,7
65201,72,78,-6,6
65202,110,90,20,20
65203,91,95,-4,4
65204,99,96,3,3
65205,88,97,-9,9
65206,100,99,1,1
65207,73,89,-16,16
65208,70,71,-1,1
65209,126,119,7,7
65210,102,99,3,3
65211,97,90,7,7
65212,60,71,-11,11
65213,44,56,-12,12
65214,62,75,-13,13
65215,52,64,-12,12
65216,128,122,6,6
65217,168,159,9,9
65218,101,100,1,1
65219,106,108,-2,2
65220,191,169,22,22
65221,51,71,-20,20
65222,196,161,35,35
65223,92,97,-5,5
65224,47,55,-8,8
65225,115,104,11,11
65226,70,71,-1,1
65227,84,94,-10,10
65228,145,137,8,8
65229,102,103,-1,1
65230,31,44,-13,13
65231,65,70,-5,5
65232,92,88,4,4
65233,77,85,-8,8
65234,90,88,2,2
65235,30,41,-11,11
65236,72,84,-12,12
65237,109,109,0,0
65238,148,145,3,3
65239,81,82,-1,1
65240,75,76,-1,1
65241,60,69,-9,9
65242,147,136,11,11
65243,95,81,14,14
65244,71,79,-8,8
65245,145,146,-1,1
65246,91,96,-5,5
65247,48,75,-27,27
65248,94,95,-1,1
65249,86,96,-10,10
65250,70,75,-5,5
65251,120,119,1,1
65252,117,112,5,5
65253,118,95,23,23
65254,66,72,-6,6
65255,70,71,-1,1
65256,51,59,-8,8
65257,80,85,-5,5
65258,78,84,-6,6
65259,136,118,18,18
65260,105,107,-2,2
65261,94,86,8,8
65262,119,108,11,11
65263,119,120,-1,1
65264,66,67,-1,1
65265,133,121,12,12
65266,106,101,5,5
65267,110,98,12,12
65268,109,100,9,9
65269,97,108,-11,11
65270,54,68,-14,14
65271,143,125,18,18
65272,103,103,0,0
65273,55,62,-7,7
65274,72,77,-5,5
65275,300,220,80,80
65276,110,108,2,2
65277,120,116,4,4
65278,114,117,-3,3
65279,65,71,-6,6
65280,51,61,-10,10
65281,107,98,9,9
65282,86,89,-3,3
65283,91,90,1,1
65284,102,98,4,4
65285,72,70,2,2
65286,82,83,-1,1
65287,134,125,9,9
65288,133,120,13,13
65289,79,86,-7,7
65290,146,141,5,5
65291,176,149,27,27
65292,117,110,7,7
65293,82,85,-3,3
65294,105,100,5,5
65295,89,97,-8,8
65296,72,79,-7,7
65297,71,68,3,3
65298,117,117,0,0
65299,140,126,14,14
65300,80,85,-5,5
65301,53,62,-9,9
65302,185,177,8,8
65303,111,99,12,12
65304,92,97,-5,5
65305,91,87,4,4
65306,112,98,14,14
65307,59,65,-6,6
65308,106,98,8,8
65309,53,68,-15,15
65310,132,127,5,5
65311,80,88,-8,8
65312,163,156,7,7
65313,58,71,-13,13
65314,138,126,12,12
65315,173,162,11,11
65316,64,75,-11,11
65317,78,79,-1,1
65318,101,103,-2,2
65319,103,99,4,4
65320,87,83,4,4
65321,105,100,5,5
65322,94,91,3,3
65323,89,89,0,0
65324,63,77,-14,14
65325,92,90,2,2
65326,139,139,0,0
65327,78,82,-4,4
65328,58,82,-24,24
65329,77,83,-6,6
65330,71,108,-37,37
65331,154,151,3,3
65332,93,89,4,4
65333,61,65,-4,4
65334,168,153,15,15
65335,139,126,13,13
65336,78,82,-4,4
65337,132,123,9,9
65338,56,63,-7,7
65339,78,84,-6,6
65340,86,87,-1,1
65341,68,73,-5,5
65342,31,65,-34,34
65343,60,68,-8,8
65344,150,136,14,14
65345,117,109,8,8
65346,104,99,5,5
65347,102,102,0,0
65348,77,85,-8,8
65349,64,73,-9,9
65350,103,103,0,0
65351,113,116,-3,3
65352,96,98,-2,2
65353,114,94,20,20
65354,126,120,6,6
65355,106,104,2,2
65356,59,71,-12,12
65357,81,86,-5,5
65358,109,99,10,10
65359,121,126,-5,5
65360,70,72,-2,2
65361,148,143,5,5
65362,94,93,1,1
65363,127,121,6,6
65364,117,118,-1,1
65365,104,96,8,8
65366,46,64,-18,18
65367,106,113,-7,7
65368,94,91,3,3
65369,124,109,15,15
65370,62,72,-10,10
65371,62,80,-18,18
65372,74,84,-10,10
65373,53,62,-9,9
65374,40,56,-16,16
65375,70,76,-6,6
65376,60,69,-9,9
65377,45,51,-6,6
65378,111,109,2,2
65379,37,58,-21,21
65380,88,98,-10,10
65381,51,105,-54,54
65382,66,73,-7,7
65383,76,75,1,1
65384,91,86,5,5
65385,121,121,0,0
65386,135,123,12,12
65387,87,96,-9,9
65388,99,96,3,3
65389,106,103,3,3
65390,83,90,-7,7
65391,94,87,7,7
65392,76,79,-3,3
65393,69,73,-4,4
65394,100,110,-10,10
65395,118,115,3,3
65396,66,85,-19,19
65397,89,89,0,0
65398,104,116,-12,12
65399,110,98,12,12
65400,106,99,7,7
65401,118,114,4,4
65402,83,93,-10,10
65403,85,87,-2,2
65404,73,86,-13,13
65405,72,71,1,1
65406,61,68,-7,7
65407,59,66,-7,7
65408,114,115,-1,1
65409,68,78,-10,10
65410,179,171,8,8
65411,70,75,-5,5
65412,91,86,5,5
65413,114,106,8,8
65414,108,103,5,5
65415,79,82,-3,3
65416,79,80,-1,1
65417,125,121,4,4
65418,117,100,17,17
65419,68,79,-11,11
65420,79,82,-3,3
65421,103,110,-7,7
65422,207,182,25,25
65423,63,73,-10,10
65424,117,112,5,5
65425,63,68,-5,5
65426,71,72,-1,1
65427,74,85,-11,11
65428,55,65,-10,10
65429,170,152,18,18
65430,69,72,-3,3
65431,51,68,-17,17
65432,55,62,-7,7
65433,73,78,-5,5
65434,89,106,-17,17
65435,173,155,18,18
65436,119,113,6,6
65437,85,86,-1,1
65438,94,96,-2,2
65439,104,96,8,8
65440,96,96,0,0
65441,61,72,-11,11
65442,86,88,-2,2
65443,95,93,2,2
65444,161,148,13,13
65445,80,82,-2,2
65446,112,101,11,11
65447,75,82,-7,7
65448,141,126,15,15
65449,161,154,7,7
65450,99,99,0,0
65451,94,96,-2,2
65452,146,130,16,16
65453,72,76,-4,4
65454,105,93,12,12
65455,69,73,-4,4
65456,113,103,10,10
65457,132,111,21,21
65458,121,118,3,3
65459,91,98,-7,7
65460,70,72,-2,2
65461,96,96,0,0
65462,155,144,11,11
65463,130,136,-6,6
65464,186,160,26,26
65465,96,102,-6,6
65466,146,155,-9,9
65467,113,106,7,7
65468,86,88,-2,2
65469,104,98,6,6
65470,66,71,-5,5
65471,96,87,9,9
65472,88,82,6,6
65473,111,101,10,10
65474,146,130,16,16
65475,86,77,9,9
65476,46,58,-12,12
65477,72,76,-4,4
65478,170,151,19,19
65479,35,48,-13,13
65480,90,89,1,1
65481,143,140,3,3
65482,157,144,13,13
65483,62,72,-10,10
65484,65,69,-4,4
65485,75,77,-2,2
65486,89,88,1,1
65487,82,78,4,4
65488,80,87,-7,7
65489,56,60,-4,4
65490,76,77,-1,1
65491,113,110,3,3
65492,104,109,-5,5
65493,99,93,6,6
65494,62,68,-6,6
65495,140,141,-1,1
65496,76,83,-7,7
65497,114,107,7,7
65498,108,111,-3,3
65499,81,77,4,4
65500,63,70,-7,7
65501,125,119,6,6
65502,70,66,4,4
65503,90,91,-1,1
65504,37,53,-16,16
65505,92,102,-10,10
65506,96,104,-8,8
65507,85,85,0,0
65508,106,105,1,1
65509,86,82,4,4
65510,101,87,14,14
65511,101,103,-2,2
65512,100,100,0,0
65513,105,98,7,7
65514,71,79,-8,8
65515,58,63,-5,5
65516,179,164,15,15
65517,106,104,2,2
65518,89,84,5,5
65519,84,80,4,4
65520,113,102,11,11
65521,129,119,10,10
65522,87,95,-8,8
65523,122,120,2,2
65524,109,107,2,2
65525,78,88,-10,10
65526,96,97,-1,1
65527,176,147,29,29
65528,114,105,9,9
65529,89,79,10,10
65530,115,100,15,15
65531,73,71,2,2
65532,68,75,-7,7
65533,148,137,11,11
65534,70,74,-4,4
65535,108,100,8,8
65536,60,64,-4,4
65537,98,89,9,9
65538,47,57,-10,10
65539,84,89,-5,5
65540,60,63,-3,3
65541,119,119,0,0
65542,66,75,-9,9
65543,115,110,5,5
65544,172,149,23,23
65545,105,99,6,6
65546,83,82,1,1
65547,75,75,0,0
65548,48,57,-9,9
65549,100,97,3,3
65550,59,71,-12,12
65551,67,70,-3,3
65552,103,106,-3,3
65553,48,58,-10,10
65554,108,115,-7,7
65555,77,67,10,10
65556,126,121,5,5
65557,82,103,-21,21
65558,38,58,-20,20
65559,99,92,7,7
65560,56,67,-11,11
65561,131,111,20,20
65562,96,87,9,9
65563,83,86,-3,3
65564,120,107,13,13
65565,102,97,5,5
65566,93,95,-2,2
65567,127,119,8,8
65568,67,64,3,3
65569,98,93,5,5
65570,77,74,3,3
65571,84,80,4,4
65572,96,91,5,5
65573,118,112,6,6
65574,84,84,0,0
65575,70,88,-18,18
65576,100,99,1,1
65577,118,108,10,10
65578,54,64,-10,10
65579,170,154,16,16
65580,91,99,-8,8
65581,86,84,2,2
65582,82,85,-3,3
65583,123,119,4,4
65584,94,93,1,1
65585,86,78,8,8
65586,142,144,-2,2
65587,132,112,20,20
65588,140,130,10,10
65589,177,149,28,28
65590,54,69,-15,15
65591,51,63,-12,12
65592,130,120,10,10
65593,71,77,-6,6
65594,61,65,-4,4
65595,93,90,3,3
65596,93,99,-6,6
65597,83,82,1,1
65598,104,94,10,10
65599,93,96,-3,3
65600,88,85,3,3
65601,89,93,-4,4
65602,154,148,6,6
65603,53,62,-9,9
65604,85,85,0,0
65605,89,96,-7,7
65606,107,104,3,3
65607,102,98,4,4
65608,88,97,-9,9
65609,35,51,-16,16
65610,118,107,11,11
65611,63,67,-4,4
65612,56,69,-13,13
65613,41,51,-10,10
65614,108,106,2,2
65615,137,132,5,5
65616,70,71,-1,1
65617,131,140,-9,9
65618,83,79,4,4
65619,87,87,0,0
65620,87,95,-8,8
65621,134,125,9,9
65622,108,93,15,15
65623,73,88,-15,15
65624,110,101,9,9
65625,100,80,20,20
65626,57,73,-16,16
65627,101,97,4,4
65628,124,115,9,9
65629,100,99,1,1
65630,116,118,-2,2
65631,124,106,18,18
65632,119,121,-2,2
65633,95,106,-11,11
65634,131,115,16,16
65635,46,58,-12,12
65636,119,109,10,10
65637,86,82,4,4
65638,148,143,5,5
65639,63,69,-6,6
65640,84,82,2,2
65641,88,84,4,4
65642,125,113,12,12
65643,180,153,27,27
65644,92,96,-4,4
65645,73,80,-7,7
65646,54,65,-11,11
65647,125,126,-1,1
65648,158,148,10,10
65649,115,108,7,7
65650,176,169,7,7
65651,71,89,-18,18
65652,109,113,-4,4
65653,115,107,8,8
65654,135,126,9,9
65655,75,77,-2,2
65656,71,78,-7,7
65657,74,85,-11,11
65658,123,131,-8,8
65659,85,87,-2,2
65660,124,113,11,11
65661,51,59,-8,8
65662,53,67,-14,14
65663,97,103,-6,6
65664,92,93,-1,1
65665,122,118,4,4
65666,183,163,20,20
65667,94,101,-7,7
65668,151,134,17,17
65669,65,72,-7,7
65670,146,139,7,7
65671,68,81,-13,13
65672,186,141,45,45
65673,121,107,14,14
65674,77,79,-2,2
65675,99,104,-5,5
65676,102,101,1,1
65677,80,82,-2,2
65678,123,116,7,7
65679,90,96,-6,6
65680,96,98,-2,2
65681,119,99,20,20
65682,136,127,9,9
65683,84,79,5,5
65684,135,132,3,3
65685,84,102,-18,18
65686,56,64,-8,8
65687,81,85,-4,4
65688,69,65,4,4
65689,89,78,11,11
65690,105,99,6,6
65691,113,112,1,1
65692,79,80,-1,1
65693,167,149,18,18
65694,85,81,4,4
65695,80,84,-4,4
65696,72,77,-5,5
65697,129,128,1,1
65698,155,130,25,25
65699,53,62,-9,9
65700,48,59,-11,11
65701,45,51,-6,6
65702,55,64,-9,9
65703,99,101,-2,2
65704,91,91,0,0
65705,75,76,-1,1
65706,84,82,2,2
65707,38,57,-19,19
65708,41,55,-14,14
65709,86,86,0,0
65710,76,75,1,1
65711,53,66,-13,13
65712,63,71,-8,8
65713,79,77,2,2
65714,145,134,11,11
65715,97,98,-1,1
65716,120,116,4,4
65717,74,80,-6,6
65718,96,98,-2,2
65719,101,93,8,8
65720,94,101,-7,7
65721,92,85,7,7
65722,83,75,8,8
65723,122,102,20,20
65724,57,64,-7,7
65725,56,66,-10,10
65726,123,121,2,2
65727,104,100,4,4
65728,147,132,15,15
65729,190,190,0,0
65730,120,111,9,9
65731,173,159,14,14
65732,52,58,-6,6
65733,134,125,9,9
65734,110,100,10,10
65735,84,81,3,3
65736,92,95,-3,3
65737,112,101,11,11
65738,60,66,-6,6
65739,76,79,-3,3
65740,159,142,17,17
65741,61,73,-12,12
65742,141,128,13,13
65743,107,103,4,4
65744,103,95,8,8
65745,129,130,-1,1
65746,61,65,-4,4
65747,77,75,2,2
65748,84,86,-2,2
65749,78,79,-1,1
65750,47,58,-11,11
65751,140,127,13,13
65752,56,62,-6,6
65753,154,137,17,17
65754,77,85,-8,8
65755,85,76,9,9
65756,104,114,-10,10
65757,70,87,-17,17
65758,71,78,-7,7
65759,63,68,-5,5
65760,84,82,2,2
65761,110,97,13,13
65762,88,99,-11,11
65763,74,79,-5,5
65764,72,87,-15,15
65765,46,58,-12,12
65766,94,91,3,3
65767,93,99,-6,6
65768,63,70,-7,7
65769,100,97,3,3
65770,71,76,-5,5
65771,113,111,2,2
65772,88,86,2,2
65773,83,75,8,8
65774,76,87,-11,11
65775,83,77,6,6
65776,153,127,26,26
65777,134,131,3,3
65778,91,89,2,2
65779,56,64,-8,8
65780,89,91,-2,2
65781,51,62,-11,11
65782,121,110,11,11
65783,107,103,4,4
65784,97,143,-46,46
65785,79,77,2,2
65786,115,104,11,11
65787,60,70,-10,10
65788,105,99,6,6
65789,65,73,-8,8
65790,57,65,-8,8
65791,169,151,18,18
65792,92,91,1,1
65793,104,116,-12,12
65794,68,70,-2,2
65795,72,74,-2,2
65796,92,93,-1,1
65797,124,117,7,7
65798,85,88,-3,3
65799,123,117,6,6
65800,112,102,10,10
65801,138,142,-4,4
65802,205,188,17,17
65803,88,90,-2,2
65804,82,85,-3,3
65805,77,81,-4,4
65806,68,72,-4,4
65807,125,116,9,9
65808,87,85,2,2
65809,112,113,-1,1
65810,66,79,-13,13
65811,132,117,15,15
65812,136,117,19,19
65813,232,207,25,25
65814,63,74,-11,11
65815,77,86,-9,9
65816,121,115,6,6
65817,161,148,13,13
65818,200,158,42,42
65819,65,69,-4,4
65820,104,92,12,12
65821,129,113,16,16
65822,129,132,-3,3
65823,123,114,9,9
65824,72,82,-10,10
65825,59,67,-8,8
65826,94,106,-12,12
65827,102,110,-8,8
65828,74,76,-2,2
65829,64,71,-7,7
65830,48,61,-13,13
65831,80,83,-3,3
65832,112,98,14,14
65833,67,120,-53,53
65834,79,86,-7,7
65835,79,84,-5,5
65836,51,64,-13,13
65837,213,195,18,18
65838,116,117,-1,1
65839,82,86,-4,4
65840,88,92,-4,4
65841,154,160,-6,6
65842,93,87,6,6
65843,115,111,4,4
65844,58,63,-5,5
65845,89,97,-8,8
65846,69,72,-3,3
65847,124,113,11,11
65848,87,85,2,2
65849,114,112,2,2
65850,75,82,-7,7
65851,46,73,-27,27
65852,54,66,-12,12
65853,63,64,-1,1
65854,54,61,-7,7
65855,70,72,-2,2
65856,98,91,7,7
65857,74,79,-5,5
65858,76,77,-1,1
65859,80,78,2,2
65860,73,126,-53,53
65861,108,104,4,4
65862,100,99,1,1
65863,64,66,-2,2
65864,101,102,-1,1
65865,75,78,-3,3
65866,66,77,-11,11
65867,142,130,12,12
65868,47,58,-11,11
65869,71,72,-1,1
65870,26,45,-19,19
65871,53,68,-15,15
65872,133,128,5,5
65873,96,96,0,0
65874,91,97,-6,6
65875,83,80,3,3
65876,103,105,-2,2
65877,89,81,8,8
65878,90,92,-2,2
65879,95,101,-6,6
65880,32,47,-15,15
65881,72,79,-7,7
65882,99,85,14,14
65883,115,110,5,5
65884,86,95,-9,9
65885,93,103,-10,10
65886,129,115,14,14
65887,92,91,1,1
65888,114,114,0,0
65889,84,89,-5,5
65890,93,93,0,0
65891,89,102,-13,13
65892,59,67,-8,8
65893,63,71,-8,8
65894,59,68,-9,9
65895,115,113,2,2
65896,144,119,25,25
65897,76,83,-7,7
65898,112,108,4,4
65899,118,125,-7,7
65900,80,85,-5,5
65901,106,102,4,4
65902,92,99,-7,7
65903,65,74,-9,9
65904,130,133,-3,3
65905,108,102,6,6
65906,44,66,-22,22
65907,101,101,0,0
65908,72,81,-9,9
65909,67,73,-6,6
65910,73,77,-4,4
65911,184,169,15,15
65912,83,83,0,0
65913,77,79,-2,2
65914,113,106,7,7
65915,46,53,-7,7
65916,101,105,-4,4
65917,92,91,1,1
65918,122,114,8,8
65919,67,71,-4,4
65920,134,121,13,13
65921,82,85,-3,3
65922,142,143,-1,1
65923,101,93,8,8
65924,119,122,-3,3
65925,44,59,-15,15
65926,105,104,1,1
65927,99,104,-5,5
65928,127,117,10,10
65929,76,79,-3,3
65930,107,94,13,13
65931,104,105,-1,1
65932,104,95,9,9
65933,100,97,3,3
65934,106,98,8,8
65935,66,66,0,0
65936,154,138,16,16
65937,124,125,-1,1
65938,118,113,5,5
65939,79,82,-3,3
65940,76,79,-3,3
65941,89,84,5,5
65942,67,76,-9,9
65943,104,105,-1,1
65944,108,95,13,13
65945,76,78,-2,2
65946,47,59,-12,12
65947,98,104,-6,6
65948,137,140,-3,3
65949,111,102,9,9
65950,62,67,-5,5
65951,37,51,-14,14
65952,69,72,-3,3
65953,115,120,-5,5
65954,98,101,-3,3
65955,62,69,-7,7
65956,94,94,0,0
65957,46,65,-19,19
65958,97,87,10,10
65959,108,98,10,10
65960,124,119,5,5
65961,74,88,-14,14
65962,113,106,7,7
65963,96,99,-3,3
65964,135,128,7,7
65965,81,86,-5,5
65966,101,98,3,3
65967,109,110,-1,1
65968,121,112,9,9
65969,62,64,-2,2
65970,105,108,-3,3
65971,105,92,13,13
65972,96,81,15,15
65973,90,77,13,13
65974,81,80,1,1
65975,137,124,13,13
65976,86,81,5,5
65977,86,91,-5,5
65978,105,106,-1,1
65979,120,109,11,11
65980,70,72,-2,2
65981,90,86,4,4
65982,90,88,2,2
65983,79,82,-3,3
65984,62,69,-7,7
65985,56,65,-9,9
65986,62,66,-4,4
65987,123,106,17,17
65988,108,111,-3,3
65989,73,80,-7,7
65990,92,86,6,6
65991,97,93,4,4
65992,94,93,1,1
65993,119,116,3,3
65994,125,121,4,4
65995,252,213,39,39
65996,124,120,4,4
65997,76,84,-8,8
65998,120,115,5,5
65999,83,83,0,0
66000,82,86,-4,4
66001,93,98,-5,5
66002,56,69,-13,13
66003,78,91,-13,13
66004,121,149,-28,28
66005,100,93,7,7
66006,91,83,8,8
66007,66,70,-4,4
66008,62,68,-6,6
66009,72,75,-3,3
66010,77,83,-6,6
66011,93,93,0,0
66012,176,157,19,19
66013,55,65,-10,10
66014,75,84,-9,9
66015,60,67,-7,7
66016,143,130,13,13
66017,117,116,1,1
66018,36,55,-19,19
66019,45,57,-12,12
66020,96,94,2,2
66021,81,89,-8,8
66022,106,100,6,6
66023,83,91,-8,8
66024,105,97,8,8
66025,80,85,-5,5
66026,43,53,-10,10
66027,103,105,-2,2
66028,134,122,12,12
66029,53,62,-9,9
66030,115,104,11,11
66031,157,133,24,24
66032,67,87,-20,20
66033,104,114,-10,10
66034,148,144,4,4
66035,116,103,13,13
66036,100,95,5,5
66037,63,71,-8,8
66038,71,83,-12,12
66039,71,71,0,0
66040,67,80,-13,13
66041,105,111,-6,6
66042,102,98,4,4
66043,53,61,-8,8
66044,71,77,-6,6
66045,115,112,3,3
66046,105,99,6,6
66047,62,82,-20,20
66048,119,113,6,6
66049,151,136,15,15
66050,55,70,-15,15
66051,76,83,-7,7
66052,37,51,-14,14
66053,126,101,25,25
66054,116,93,23,23
66055,119,112,7,7
66056,86,84,2,2
66057,64,75,-11,11
66058,53,69,-16,16
66059,108,99,9,9
66060,118,110,8,8
66061,126,122,4,4
66062,71,71,0,0
66063,99,98,1,1
66064,49,65,-16,16
66065,87,91,-4,4
66066,75,76,-1,1
66067,89,94,-5,5
66068,94,88,6,6
66069,100,93,7,7
66070,80,75,5,5
66071,78,81,-3,3
66072,65,73,-8,8
66073,104,96,8,8
66074,111,112,-1,1
66075,182,149,33,33
66076,69,75,-6,6
66077,67,74,-7,7
66078,99,114,-15,15
66079,82,79,3,3
66080,99,86,13,13
66081,66,72,-6,6
66082,162,152,10,10
66083,142,126,16,16
66084,84,85,-1,1
66085,70,85,-15,15
66086,106,100,6,6
66087,57,68,-11,11
66088,89,84,5,5
66089,119,108,11,11
66090,90,84,6,6
66091,59,71,-12,12
66092,80,80,0,0
66093,113,107,6,6
66094,47,60,-13,13
66095,72,79,-7,7
66096,178,179,-1,1
66097,76,87,-11,11
66098,96,99,-3,3
66099,83,86,-3,3
66100,63,71,-8,8
66101,144,139,5,5
66102,42,62,-20,20
66103,52,58,-6,6
66104,125,109,16,16
66105,63,71,-8,8
66106,69,67,2,2
66107,78,78,0,0
66108,63,79,-16,16
66109,80,86,-6,6
66110,101,99,2,2
66111,187,152,35,35
66112,163,146,17,17
66113,109,113,-4,4
66114,101,108,-7,7
66115,86,88,-2,2
66116,72,86,-14,14
66117,142,158,-16,16
66118,99,86,13,13
66119,64,71,-7,7
66120,79,81,-2,2
66121,85,73,12,12
66122,107,86,21,21
66123,97,96,1,1
66124,116,111,5,5
66125,67,73,-6,6
66126,89,99,-10,10
66127,122,109,13,13
66128,140,134,6,6
66129,62,67,-5,5
66130,119,129,-10,10
66131,117,106,11,11
66132,104,114,-10,10
66133,47,61,-14,14
66134,73,79,-6,6
66135,159,131,28,28
66136,101,100,1,1
66137,77,73,4,4
66138,58,63,-5,5
66139,78,83,-5,5
66140,97,90,7,7
66141,76,78,-2,2
66142,88,87,1,1
66143,64,70,-6,6
66144,81,93,-12,12
66145,69,74,-5,5
66146,115,127,-12,12
66147,65,86,-21,21
66148,76,73,3,3
66149,58,68,-10,10
66150,33,45,-12,12
66151,133,123,10,10
66152,45,72,-27,27
66153,123,119,4,4
66154,100,96,4,4
66155,82,86,-4,4
66156,83,86,-3,3
66157,117,102,15,15
66158,74,74,0,0
66159,103,102,1,1
66160,72,76,-4,4
66161,142,125,17,17
66162,121,106,15,15
66163,82,81,1,1
66164,80,80,0,0
66165,100,102,-2,2
66166,164,157,7,7
66167,95,88,7,7
66168,57,67,-10,10
66169,81,76,5,5
66170,39,50,-11,11
66171,123,113,10,10
66172,127,120,7,7
66173,82,83,-1,1
66174,105,101,4,4
66175,72,74,-2,2
66176,37,53,-16,16
66177,85,87,-2,2
66178,152,140,12,12
66179,80,78,2,2
66180,55,65,-10,10
66181,76,94,-18,18
66182,21,53,-32,32
66183,220,195,25,25
66184,159,139,20,20
66185,90,92,-2,2
66186,148,144,4,4
66187,102,95,7,7
66188,83,81,2,2
66189,80,92,-12,12
66190,100,87,13,13
66191,111,97,14,14
66192,79,83,-4,4
66193,82,83,-1,1
66194,82,82,0,0
66195,197,182,15,15
66196,188,167,21,21
66197,177,174,3,3
66198,76,79,-3,3
66199,157,169,-12,12
66200,49,62,-13,13
66201,44,52,-8,8
66202,66,73,-7,7
66203,156,140,16,16
66204,111,117,-6,6
66205,69,81,-12,12
66206,188,173,15,15
66207,126,108,18,18
66208,73,74,-1,1
66209,111,98,13,13
66210,94,84,10,10
66211,57,69,-12,12
66212,132,119,13,13
66213,164,158,6,6
66214,55,66,-11,11
66215,139,124,15,15
66216,77,75,2,2
66217,43,58,-15,15
66218,96,88,8,8
66219,88,86,2,2
66220,74,74,0,0
66221,81,84,-3,3
66222,84,87,-3,3
66223,100,99,1,1
66224,108,95,13,13
66225,44,65,-21,21
66226,77,85,-8,8
66227,79,85,-6,6
66228,111,108,3,3
66229,86,86,0,0
66230,61,61,0,0
66231,85,84,1,1
66232,45,58,-13,13
66233,81,78,3,3
66234,159,140,19,19
66235,80,80,0,0
66236,94,88,6,6
66237,89,93,-4,4
66238,96,93,3,3
66239,95,85,10,10
66240,127,110,17,17
66241,71,69,2,2
66242,68,71,-3,3
66243,80,87,-7,7
66244,122,115,7,7
66245,136,130,6,6
66246,95,97,-2,2
66247,89,87,2,2
66248,88,93,-5,5
66249,44,56,-12,12
66250,121,110,11,11
66251,47,57,-10,10
66252,72,72,0,0
66253,72,75,-3,3
66254,145,155,-10,10
66255,77,83,-6,6
66256,129,136,-7,7
66257,65,74,-9,9
66258,121,111,10,10
66259,92,87,5,5
66260,100,104,-4,4
66261,36,53,-17,17
66262,122,114,8,8
66263,112,96,16,16
66264,76,74,2,2
66265,112,119,-7,7
66266,75,82,-7,7
66267,81,83,-2,2
66268,102,88,14,14
66269,43,56,-13,13
66270,92,95,-3,3
66271,118,99,19,19
66272,73,76,-3,3
66273,179,184,-5,5
66274,63,75,-12,12
66275,128,131,-3,3
66276,161,159,2,2
66277,178,152,26,26
66278,90,85,5,5
66279,74,78,-4,4
66280,74,81,-7,7
66281,95,100,-5,5
66282,98,100,-2,2
66283,94,89,5,5
66284,115,118,-3,3
66285,131,131,0,0
66286,99,82,17,17
66287,87,87,0,0
66288,74,81,-7,7
66289,56,66,-10,10
66290,58,68,-10,10
66291,77,83,-6,6
66292,122,106,16,16
66293,70,78,-8,8
66294,40,59,-19,19
66295,106,108,-2,2
66296,100,101,-1,1
66297,73,79,-6,6
66298,72,71,1,1
66299,99,102,-3,3
66300,135,132,3,3
66301,184,160,24,24
66302,50,73,-23,23
66303,77,80,-3,3
66304,48,57,-9,9
66305,76,81,-5,5
66306,87,95,-8,8
66307,137,122,15,15
66308,110,114,-4,4
66309,84,88,-4,4
66310,74,83,-9,9
66311,83,80,3,3
66312,76,77,-1,1
66313,107,130,-23,23
66314,78,75,3,3
66315,87,83,4,4
66316,64,71,-7,7
66317,60,68,-8,8
66318,94,99,-5,5
66319,80,80,0,0
66320,50,58,-8,8
66321,54,60,-6,6
66322,65,68,-3,3
66323,101,107,-6,6
66324,89,85,4,4
66325,127,119,8,8
66326,59,74,-15,15
66327,90,97,-7,7
66328,77,82,-5,5
66329,100,103,-3,3
66330,103,99,4,4
66331,33,61,-28,28
66332,61,66,-5,5
66333,63,82,-19,19
66334,47,61,-14,14
66335,51,62,-11,11
66336,141,134,7,7
66337,74,75,-1,1
66338,74,80,-6,6
66339,85,84,1,1
66340,149,130,19,19
66341,90,98,-8,8
66342,79,88,-9,9
66343,93,102,-9,9
66344,79,78,1,1
66345,146,142,4,4
66346,81,81,0,0
66347,83,105,-22,22
66348,196,189,7,7
66349,114,100,14,14
66350,102,97,5,5
66351,140,131,9,9
66352,46,54,-8,8
66353,189,173,16,16
66354,102,103,-1,1
66355,96,91,5,5
66356,73,85,-12,12
66357,131,137,-6,6
66358,143,124,19,19
66359,94,111,-17,17
66360,95,97,-2,2
66361,131,118,13,13
66362,138,123,15,15
66363,55,70,-15,15
66364,40,50,-10,10
66365,97,90,7,7
66366,70,80,-10,10
66367,95,90,5,5
66368,86,82,4,4
66369,107,99,8,8
66370,45,63,-18,18
66371,107,102,5,5
66372,77,74,3,3
66373,75,77,-2,2
66374,85,87,-2,2
66375,81,87,-6,6
66376,100,96,4,4
66377,65,77,-12,12
66378,57,68,-11,11
66379,61,64,-3,3
66380,79,83,-4,4
66381,104,103,1,1
66382,106,101,5,5
66383,55,63,-8,8
66384,100,95,5,5
66385,89,89,0,0
66386,73,76,-3,3
66387,77,86,-9,9
66388,59,65,-6,6
66389,71,79,-8,8
66390,52,72,-20,20
66391,58,63,-5,5
66392,72,71,1,1
66393,90,84,6,6
66394,57,67,-10,10
66395,82,99,-17,17
66396,92,89,3,3
66397,88,80,8,8
66398,49,61,-12,12
66399,91,86,5,5
66400,171,153,18,18
66401,75,87,-12,12
66402,82,83,-1,1
66403,74,74,0,0
66404,116,115,1,1
66405,95,85,10,10
66406,116,104,12,12
66407,74,100,-26,26
66408,100,96,4,4
66409,81,88,-7,7
66410,141,149,-8,8
66411,113,103,10,10
66412,100,94,6,6
66413,80,77,3,3
66414,96,91,5,5
66415,83,85,-2,2
66416,68,81,-13,13
66417,66,69,-3,3
66418,73,79,-6,6
66419,169,162,7,7
66420,119,100,19,19
66421,82,95,-13,13
66422,85,85,0,0
66423,92,103,-11,11
66424,92,91,1,1
66425,164,151,13,13
66426,131,129,2,2
66427,106,120,-14,14
66428,72,75,-3,3
66429,54,64,-10,10
66430,75,80,-5,5
66431,62,66,-4,4
66432,89,90,-1,1
66433,63,64,-1,1
66434,87,85,2,2
66435,136,121,15,15
66436,79,80,-1,1
66437,86,92,-6,6
66438,71,79,-8,8
66439,68,71,-3,3
66440,127,119,8,8
66441,78,85,-7,7
66442,43,56,-13,13
66443,82,82,0,0
66444,61,73,-12,12
66445,91,98,-7,7
66446,78,81,-3,3
66447,121,114,7,7
66448,83,85,-2,2
66449,169,166,3,3
66450,56,67,-11,11
66451,78,70,8,8
66452,73,80,-7,7
66453,66,72,-6,6
66454,67,67,0,0
66455,69,63,6,6
66456,96,99,-3,3
66457,118,106,12,12
66458,67,75,-8,8
66459,58,72,-14,14
66460,77,70,7,7
66461,164,144,20,20
66462,57,69,-12,12
66463,98,96,2,2
66464,97,91,6,6
66465,58,67,-9,9
66466,107,104,3,3
66467,70,79,-9,9
66468,121,112,9,9
66469,144,126,18,18
66470,157,150,7,7
66471,113,112,1,1
66472,66,71,-5,5
66473,47,84,-37,37
66474,106,97,9,9
66475,77,81,-4,4
66476,180,176,4,4
66477,55,64,-9,9
66478,57,72,-15,15
66479,104,100,4,4
66480,120,113,7,7
66481,124,109,15,15
66482,157,158,-1,1
66483,185,179,6,6
66484,63,69,-6,6
66485,158,136,22,22
66486,161,161,0,0
66487,61,70,-9,9
66488,104,102,2,2
66489,65,70,-5,5
66490,174,159,15,15
66491,52,64,-12,12
66492,118,104,14,14
66493,89,87,2,2
66494,88,86,2,2
66495,88,88,0,0
66496,62,75,-13,13
66497,67,73,-6,6
66498,118,109,9,9
66499,113,117,-4,4
66500,99,102,-3,3
66501,68,71,-3,3
66502,50,57,-7,7
66503,123,119,4,4
66504,97,95,2,2
66505,93,106,-13,13
66506,132,107,25,25
66507,70,78,-8,8
66508,65,68,-3,3
66509,80,95,-15,15
66510,79,79,0,0
66511,96,96,0,0
66512,69,80,-11,11
66513,142,132,10,10
66514,126,120,6,6
66515,88,107,-19,19
66516,57,65,-8,8
66517,68,69,-1,1
66518,97,101,-4,4
66519,128,128,0,0
66520,129,136,-7,7
66521,92,90,2,2
66522,146,124,22,22
66523,83,84,-1,1
66524,92,86,6,6
66525,207,174,33,33
66526,40,61,-21,21
66527,92,98,-6,6
66528,95,105,-10,10
66529,107,98,9,9
66530,51,62,-11,11
66531,210,182,28,28
66532,73,78,-5,5
66533,103,96,7,7
66534,120,115,5,5
66535,132,112,20,20
66536,112,104,8,8
66537,86,84,2,2
66538,195,185,10,10
66539,69,74,-5,5
66540,91,87,4,4
66541,57,77,-20,20
66542,112,104,8,8
66543,72,85,-13,13
66544,90,86,4,4
66545,99,97,2,2
66546,46,57,-11,11
66547,51,61,-10,10
66548,107,103,4,4
66549,156,152,4,4
66550,61,69,-8,8
66551,88,83,5,5
66552,107,100,7,7
66553,121,107,14,14
66554,89,83,6,6
66555,99,102,-3,3
66556,87,92,-5,5
66557,46,64,-18,18
66558,152,150,2,2
66559,67,73,-6,6
66560,164,161,3,3
66561,68,74,-6,6
66562,94,95,-1,1
66563,60,68,-8,8
66564,205,175,30,30
66565,92,88,4,4
66566,95,90,5,5
66567,67,66,1,1
66568,55,65,-10,10
66569,151,131,20,20
66570,160,147,13,13
66571,29,47,-18,18
66572,108,102,6,6
66573,112,116,-4,4
66574,109,147,-38,38
66575,86,84,2,2
66576,75,83,-8,8
66577,60,72,-12,12
66578,64,73,-9,9
66579,64,85,-21,21
66580,110,112,-2,2
66581,81,89,-8,8
66582,79,80,-1,1
66583,124,110,14,14
66584,94,97,-3,3
66585,73,90,-17,17
66586,111,103,8,8
66587,107,102,5,5
66588,71,72,-1,1
66589,125,118,7,7
66590,123,106,17,17
66591,63,67,-4,4
66592,98,98,0,0
66593,101,92,9,9
66594,129,124,5,5
66595,96,98,-2,2
66596,58,67,-9,9
66597,162,156,6,6
66598,48,58,-10,10
66599,151,141,10,10
66600,67,71,-4,4
66601,122,113,9,9
66602,100,102,-2,2
66603,135,140,-5,5
66604,213,175,38,38
66605,129,136,-7,7
66606,61,70,-9,9
66607,70,77,-7,7
66608,88,90,-2,2
66609,75,80,-5,5
66610,159,152,7,7
66611,100,105,-5,5
66612,75,75,0,0
66613,120,133,-13,13
66614,70,77,-7,7
66615,129,115,14,14
66616,124,98,26,26
66617,105,99,6,6
66618,60,64,-4,4
66619,76,72,4,4
66620,64,77,-13,13
66621,145,136,9,9
66622,95,106,-11,11
66623,104,105,-1,1
66624,148,134,14,14
66625,126,126,0,0
66626,142,131,11,11
66627,67,72,-5,5
66628,96,100,-4,4
66629,114,104,10,10
66630,47,65,-18,18
66631,125,127,-2,2
66632,66,76,-10,10
66633,203,225,-22,22
66634,58,69,-11,11
66635,114,107,7,7
66636,100,117,-17,17
66637,92,97,-5,5
66638,114,120,-6,6
66639,67,75,-8,8
66640,56,62,-6,6
66641,78,80,-2,2
66642,62,68,-6,6
66643,77,88,-11,11
66644,104,95,9,9
66645,37,55,-18,18
66646,94,91,3,3
66647,108,97,11,11
66648,42,52,-10,10
66649,106,103,3,3
66650,74,78,-4,4
66651,116,98,18,18
66652,77,72,5,5
66653,123,124,-1,1
66654,89,95,-6,6
66655,74,76,-2,2
66656,118,110,8,8
66657,73,79,-6,6
66658,69,87,-18,18
66659,79,82,-3,3
66660,58,71,-13,13
66661,172,143,29,29
66662,118,106,12,12
66663,140,125,15,15
66664,124,120,4,4
66665,111,98,13,13
66666,88,99,-11,11
66667,90,115,-25,25
66668,59,62,-3,3
66669,139,139,0,0
66670,125,122,3,3
66671,64,69,-5,5
66672,147,132,15,15
66673,50,63,-13,13
66674,81,85,-4,4
66675,105,101,4,4
66676,63,72,-9,9
66677,87,92,-5,5
66678,90,86,4,4
66679,47,58,-11,11
66680,134,125,9,9
66681,61,69,-8,8
66682,73,90,-17,17
66683,73,72,1,1
66684,78,84,-6,6
66685,134,118,16,16
66686,51,57,-6,6
66687,108,106,2,2
66688,96,95,1,1
66689,54,87,-33,33
66690,122,118,4,4
66691,129,123,6,6
66692,86,76,10,10
66693,114,110,4,4
66694,70,77,-7,7
66695,79,83,-4,4
66696,56,64,-8,8
66697,66,72,-6,6
66698,89,85,4,4
66699,106,99,7,7
66700,77,84,-7,7
66701,82,82,0,0
66702,63,84,-21,21
66703,87,87,0,0
66704,119,124,-5,5
66705,146,131,15,15
66706,71,69,2,2
66707,70,85,-15,15
66708,82,85,-3,3
66709,72,79,-7,7
66710,91,94,-3,3
66711,57,74,-17,17
66712,68,73,-5,5
66713,92,87,5,5
66714,71,76,-5,5
66715,100,95,5,5
66716,106,97,9,9
66717,64,64,0,0
66718,58,70,-12,12
66719,74,77,-3,3
66720,104,112,-8,8
66721,133,121,12,12
66722,59,66,-7,7
66723,77,80,-3,3
66724,90,87,3,3
66725,116,95,21,21
66726,94,91,3,3
66727,102,104,-2,2
66728,130,124,6,6
66729,115,114,1,1
66730,79,76,3,3
66731,151,137,14,14
66732,88,97,-9,9
66733,188,168,20,20
66734,91,91,0,0
66735,81,80,1,1
66736,74,82,-8,8
66737,80,83,-3,3
66738,125,112,13,13
66739,140,129,11,11
66740,60,69,-9,9
66741,45,61,-16,16
66742,65,77,-12,12
66743,120,117,3,3
66744,105,109,-4,4
66745,136,134,2,2
66746,31,69,-38,38
66747,77,83,-6,6
66748,79,92,-13,13
66749,96,98,-2,2
66750,40,65,-25,25
66751,54,62,-8,8
66752,94,85,9,9
66753,83,102,-19,19
66754,54,65,-11,11
66755,92,94,-2,2
66756,146,125,21,21
66757,172,156,16,16
66758,62,67,-5,5
66759,155,148,7,7
66760,111,102,9,9
66761,99,93,6,6
66762,126,107,19,19
66763,55,62,-7,7
66764,202,192,10,10
66765,60,67,-7,7
66766,97,92,5,5
66767,111,100,11,11
66768,114,113,1,1
66769,81,78,3,3
66770,35,59,-24,24
66771,88,89,-1,1
66772,62,71,-9,9
66773,84,85,-1,1
66774,96,87,9,9
66775,105,102,3,3
66776,67,73,-6,6
66777,68,79,-11,11
66778,75,79,-4,4
66779,64,73,-9,9
66780,165,140,25,25
66781,92,114,-22,22
66782,136,117,19,19
66783,93,94,-1,1
66784,58,59,-1,1
66785,72,78,-6,6
66786,87,86,1,1
66787,53,67,-14,14
66788,138,133,5,5
66789,98,101,-3,3
66790,81,83,-2,2
66791,82,87,-5,5
66792,140,136,4,4
66793,92,90,2,2
66794,116,114,2,2
66795,169,157,12,12
66796,76,84,-8,8
66797,70,75,-5,5
66798,206,181,25,25
66799,118,110,8,8
66800,82,89,-7,7
66801,143,136,7,7
66802,113,102,11,11
66803,82,83,-1,1
66804,72,77,-5,5
66805,53,60,-7,7
66806,38,62,-24,24
66807,102,96,6,6
66808,98,99,-1,1
66809,60,73,-13,13
66810,133,119,14,14
66811,108,100,8,8
66812,103,95,8,8
66813,58,68,-10,10
66814,80,81,-1,1
66815,72,77,-5,5
66816,103,96,7,7
66817,115,121,-6,6
66818,66,80,-14,14
66819,134,125,9,9
66820,129,120,9,9
66821,82,85,-3,3
66822,92,89,3,3
66823,72,75,-3,3
66824,156,147,9,9
66825,97,98,-1,1
66826,80,84,-4,4
66827,110,92,18,18
66828,112,99,13,13
66829,73,75,-2,2
66830,93,97,-4,4
66831,84,95,-11,11
66832,69,68,1,1
66833,63,79,-16,16
66834,97,95,2,2
66835,51,69,-18,18
66836,117,112,5,5
66837,102,110,-8,8
66838,63,72,-9,9
66839,90,111,-21,21
66840,75,76,-1,1
66841,31,82,-51,51
66842,118,117,1,1
66843,110,121,-11,11
66844,126,119,7,7
66845,132,133,-1,1
66846,94,86,8,8
66847,55,73,-18,18
66848,119,106,13,13
66849,47,59,-12,12
66850,152,132,20,20
66851,38,56,-18,18
66852,96,107,-11,11
66853,79,75,4,4
66854,63,65,-2,2
66855,120,119,1,1
66856,97,87,10,10
66857,65,69,-4,4
66858,108,103,5,5
66859,146,140,6,6
66860,99,100,-1,1
66861,50,61,-11,11
66862,98,98,0,0
66863,61,65,-4,4
66864,67,76,-9,9
66865,102,98,4,4
66866,98,94,4,4
66867,127,117,10,10
66868,134,123,11,11
66869,107,100,7,7
66870,62,69,-7,7
66871,83,82,1,1
66872,41,48,-7,7
66873,65,78,-13,13
66874,73,79,-6,6
66875,81,81,0,0
66876,85,83,2,2
66877,85,78,7,7
66878,117,110,7,7
66879,128,129,-1,1
66880,89,89,0,0
66881,42,52,-10,10
66882,125,140,-15,15
66883,68,75,-7,7
66884,72,81,-9,9
66885,96,96,0,0
66886,134,129,5,5
66887,122,119,3,3
66888,87,88,-1,1
66889,54,65,-11,11
66890,79,81,-2,2
66891,148,129,19,19
66892,66,77,-11,11
66893,142,130,12,12
66894,106,96,10,10
66895,48,57,-9,9
66896,57,75,-18,18
66897,126,118,8,8
66898,51,65,-14,14
66899,109,119,-10,10
66900,106,104,2,2
66901,102,100,2,2
66902,94,92,2,2
66903,112,106,6,6
66904,140,125,15,15
66905,117,117,0,0
66906,112,93,19,19
66907,49,71,-22,22
66908,156,144,12,12
66909,89,85,4,4
66910,74,83,-9,9
66911,67,80,-13,13
66912,70,85,-15,15
66913,93,97,-4,4
66914,93,95,-2,2
66915,101,102,-1,1
66916,76,86,-10,10
66917,67,76,-9,9
66918,106,100,6,6
66919,72,82,-10,10
66920,65,70,-5,5
66921,87,89,-2,2
66922,89,86,3,3
66923,257,260,-3,3
66924,175,170,5,5
66925,69,70,-1,1
66926,76,74,2,2
66927,65,67,-2,2
66928,153,142,11,11
66929,68,76,-8,8
66930,116,104,12,12
66931,114,119,-5,5
66932,76,82,-6,6
66933,65,65,0,0
66934,104,96,8,8
66935,148,133,15,15
66936,43,55,-12,12
66937,90,88,2,2
66938,99,99,0,0
66939,128,129,-1,1
66940,110,107,3,3
66941,42,60,-18,18
66942,120,115,5,5
66943,135,109,26,26
66944,134,133,1,1
66945,116,118,-2,2
66946,138,119,19,19
66947,125,112,13,13
66948,43,55,-12,12
66949,89,82,7,7
66950,126,105,21,21
66951,90,85,5,5
66952,77,83,-6,6
66953,91,93,-2,2
66954,120,107,13,13
66955,63,70,-7,7
66956,88,84,4,4
66957,50,63,-13,13
66958,110,108,2,2
66959,71,72,-1,1
66960,81,82,-1,1
66961,120,111,9,9
66962,94,93,1,1
66963,51,67,-16,16
66964,84,92,-8,8
66965,96,95,1,1
66966,179,159,20,20
66967,57,63,-6,6
66968,114,108,6,6
66969,111,113,-2,2
66970,111,103,8,8
66971,101,95,6,6
66972,53,58,-5,5
66973,97,96,1,1
66974,98,94,4,4
66975,50,63,-13,13
66976,82,84,-2,2
66977,108,100,8,8
66978,59,71,-12,12
66979,69,75,-6,6
66980,68,76,-8,8
66981,69,77,-8,8
66982,73,79,-6,6
66983,28,45,-17,17
66984,75,79,-4,4
66985,68,73,-5,5
66986,110,110,0,0
66987,99,102,-3,3
66988,72,77,-5,5
66989,74,79,-5,5
66990,70,80,-10,10
66991,109,98,11,11
66992,191,180,11,11
66993,54,61,-7,7
66994,119,118,1,1
66995,76,78,-2,2
66996,174,163,11,11
66997,87,87,0,0
66998,88,85,3,3
66999,53,60,-7,7
67000,75,81,-6,6
67001,68,71,-3,3
67002,118,117,1,1
67003,114,105,9,9
67004,101,99,2,2
67005,102,100,2,2
67006,82,86,-4,4
67007,100,101,-1,1
67008,134,127,7,7
67009,140,139,1,1
67010,109,114,-5,5
67011,124,119,5,5
67012,157,132,25,25
67013,67,70,-3,3
67014,117,112,5,5
67015,64,67,-3,3
67016,89,95,-6,6
67017,52,55,-3,3
67018,126,121,5,5
67019,99,98,1,1
67020,82,83,-1,1
67021,96,85,11,11
67022,85,81,4,4
67023,68,85,-17,17
67024,132,117,15,15
67025,148,137,11,11
67026,56,63,-7,7
67027,173,167,6,6
67028,115,116,-1,1
67029,99,97,2,2
67030,115,119,-4,4
67031,71,77,-6,6
67032,141,132,9,9
67033,111,103,8,8
67034,53,64,-11,11
67035,279,206,73,73
67036,101,90,11,11
67037,93,92,1,1
67038,71,72,-1,1
67039,163,155,8,8
67040,52,57,-5,5
67041,109,106,3,3
67042,80,90,-10,10
67043,72,104,-32,32
67044,72,73,-1,1
67045,87,85,2,2
67046,82,86,-4,4
67047,74,77,-3,3
67048,156,142,14,14
67049,133,121,12,12
67050,123,110,13,13
67051,63,69,-6,6
67052,70,78,-8,8
67053,40,52,-12,12
67054,76,86,-10,10
67055,201,196,5,5
67056,76,86,-10,10
67057,109,110,-1,1
67058,116,113,3,3
67059,45,56,-11,11
67060,59,65,-6,6
67061,104,93,11,11
67062,122,146,-24,24
67063,108,95,13,13
67064,59,70,-11,11
67065,111,118,-7,7
67066,47,54,-7,7
67067,123,118,5,5
67068,127,113,14,14
67069,98,97,1,1
67070,90,89,1,1
67071,70,79,-9,9
67072,102,98,4,4
67073,101,97,4,4
67074,72,89,-17,17
67075,86,100,-14,14
67076,77,81,-4,4
67077,175,150,25,25
67078,85,87,-2,2
67079,109,103,6,6
67080,143,129,14,14
67081,79,86,-7,7
67082,81,82,-1,1
67083,110,99,11,11
67084,68,81,-13,13
67085,107,104,3,3
67086,115,107,8,8
67087,120,121,-1,1
67088,67,75,-8,8
67089,95,87,8,8
67090,116,109,7,7
67091,83,87,-4,4
67092,97,87,10,10
67093,85,89,-4,4
67094,91,100,-9,9
67095,147,136,11,11
67096,60,74,-14,14
67097,104,96,8,8
67098,99,96,3,3
67099,142,128,14,14
67100,65,72,-7,7
67101,58,66,-8,8
67102,81,88,-7,7
67103,85,84,1,1
67104,158,147,11,11
67105,57,64,-7,7
67106,32,52,-20,20
67107,161,146,15,15
67108,139,129,10,10
67109,123,117,6,6
67110,141,138,3,3
67111,127,122,5,5
67112,65,74,-9,9
67113,177,158,19,19
67114,131,125,6,6
67115,140,131,9,9
67116,51,65,-14,14
67117,85,88,-3,3
67118,75,80,-5,5
67119,103,99,4,4
67120,155,135,20,20
67121,85,82,3,3
67122,72,75,-3,3
67123,80,73,7,7
67124,62,70,-8,8
67125,58,67,-9,9
67126,53,66,-13,13
67127,76,90,-14,14
67128,117,115,2,2
67129,75,75,0,0
67130,138,126,12,12
67131,82,81,1,1
67132,79,84,-5,5
67133,83,93,-10,10
67134,79,78,1,1
67135,141,126,15,15
67136,76,75,1,1
67137,165,152,13,13
67138,150,147,3,3
67139,65,68,-3,3
67140,37,52,-15,15
67141,55,64,-9,9
67142,227,206,21,21
67143,82,86,-4,4
67144,70,76,-6,6
67145,57,64,-7,7
67146,73,73,0,0
67147,78,79,-1,1
67148,58,66,-8,8
67149,87,85,2,2
67150,48,64,-16,16
67151,127,125,2,2
67152,65,65,0,0
67153,111,95,16,16
67154,74,80,-6,6
67155,103,95,8,8
67156,91,83,8,8
67157,188,198,-10,10
67158,98,109,-11,11
67159,86,86,0,0
67160,68,68,0,0
67161,99,98,1,1
67162,68,73,-5,5
67163,87,83,4,4
67164,110,110,0,0
67165,53,68,-15,15
67166,75,76,-1,1
67167,113,108,5,5
67168,103,121,-18,18
67169,48,65,-17,17
67170,180,161,19,19
67171,67,80,-13,13
67172,69,77,-8,8
67173,114,122,-8,8
67174,82,78,4,4
67175,152,141,11,11
67176,108,106,2,2
67177,126,119,7,7
67178,126,133,-7,7
67179,68,75,-7,7
67180,111,104,7,7
67181,127,108,19,19
67182,106,98,8,8
67183,93,100,-7,7
67184,134,132,2,2
67185,65,74,-9,9
67186,129,116,13,13
67187,84,86,-2,2
67188,64,71,-7,7
67189,147,138,9,9
67190,123,114,9,9
67191,102,98,4,4
67192,66,68,-2,2
67193,56,67,-11,11
67194,99,104,-5,5
67195,92,88,4,4
67196,96,96,0,0
67197,125,130,-5,5
67198,85,82,3,3
67199,100,95,5,5
67200,77,83,-6,6
67201,69,75,-6,6
67202,95,95,0,0
67203,87,84,3,3
67204,112,107,5,5
67205,124,117,7,7
67206,99,96,3,3
67207,65,68,-3,3
67208,119,99,20,20
67209,66,74,-8,8
67210,89,85,4,4
67211,139,121,18,18
67212,111,98,13,13
67213,81,90,-9,9
67214,100,99,1,1
67215,82,81,1,1
67216,145,150,-5,5
67217,91,97,-6,6
67218,187,181,6,6
67219,84,86,-2,2
67220,45,58,-13,13
67221,116,114,2,2
67222,69,74,-5,5
67223,80,85,-5,5
67224,44,50,-6,6
67225,93,99,-6,6
67226,58,63,-5,5
67227,74,82,-8,8
67228,74,79,-5,5
67229,99,107,-8,8
67230,93,98,-5,5
67231,67,73,-6,6
67232,108,107,1,1
67233,108,113,-5,5
67234,116,101,15,15
67235,127,109,18,18
67236,98,96,2,2
67237,115,122,-7,7
67238,131,130,1,1
67239,185,163,22,22
67240,120,103,17,17
67241,75,82,-7,7
67242,165,134,31,31
67243,44,77,-33,33
67244,82,84,-2,2
67245,66,81,-15,15
67246,72,79,-7,7
67247,137,124,13,13
67248,66,74,-8,8
67249,79,95,-16,16
67250,48,61,-13,13
67251,76,82,-6,6
67252,87,84,3,3
67253,90,89,1,1
67254,67,75,-8,8
67255,139,132,7,7
67256,52,64,-12,12
67257,97,89,8,8
67258,135,124,11,11
67259,60,61,-1,1
67260,65,73,-8,8
67261,61,62,-1,1
67262,175,158,17,17
67263,146,128,18,18
67264,64,81,-17,17
67265,122,116,6,6
67266,66,73,-7,7
67267,62,68,-6,6
67268,97,98,-1,1
67269,117,118,-1,1
67270,72,80,-8,8
67271,66,85,-19,19
67272,147,120,27,27
67273,139,123,16,16
67274,143,145,-2,2
67275,106,105,1,1
67276,81,95,-14,14
67277,85,80,5,5
67278,112,103,9,9
67279,74,86,-12,12
67280,157,145,12,12
67281,76,74,2,2
67282,69,73,-4,4
67283,133,121,12,12
67284,79,88,-9,9
67285,58,70,-12,12
67286,111,111,0,0
67287,195,175,20,20
67288,129,110,19,19
67289,58,84,-26,26
67290,101,106,-5,5
67291,186,177,9,9
67292,76,72,4,4
67293,72,75,-3,3
67294,100,101,-1,1
67295,60,69,-9,9
67296,59,71,-12,12
67297,118,110,8,8
67298,195,170,25,25
67299,92,86,6,6
67300,245,242,3,3
67301,102,109,-7,7
67302,84,88,-4,4
67303,95,95,0,0
67304,126,115,11,11
67305,101,94,7,7
67306,192,170,22,22
67307,118,113,5,5
67308,72,84,-12,12
67309,66,75,-9,9
67310,72,78,-6,6
67311,75,81,-6,6
67312,47,57,-10,10
67313,53,63,-10,10
67314,75,84,-9,9
67315,77,92,-15,15
67316,133,137,-4,4
67317,66,73,-7,7
67318,122,120,2,2
67319,151,146,5,5
67320,95,107,-12,12
67321,70,82,-12,12
67322,66,72,-6,6
67323,101,99,2,2
67324,92,87,5,5
67325,94,88,6,6
67326,80,77,3,3
67327,86,90,-4,4
67328,99,97,2,2
67329,167,147,20,20
67330,104,97,7,7
67331,92,85,7,7
67332,82,93,-11,11
67333,93,88,5,5
67334,57,63,-6,6
67335,80,81,-1,1
67336,154,130,24,24
67337,92,89,3,3
67338,121,110,11,11
67339,90,97,-7,7
67340,94,95,-1,1
67341,100,98,2,2
67342,55,68,-13,13
67343,179,171,8,8
67344,157,140,17,17
67345,58,76,-18,18
67346,94,103,-9,9
67347,85,84,1,1
67348,55,70,-15,15
67349,72,70,2,2
67350,114,105,9,9
67351,99,98,1,1
67352,75,73,2,2
67353,45,53,-8,8
67354,58,63,-5,5
67355,110,104,6,6
67356,69,79,-10,10
67357,68,71,-3,3
67358,102,96,6,6
67359,77,84,-7,7
67360,85,83,2,2
67361,112,106,6,6
67362,40,53,-13,13
67363,73,80,-7,7
67364,76,83,-7,7
67365,65,72,-7,7
67366,72,88,-16,16
67367,89,110,-21,21
67368,110,112,-2,2
67369,91,92,-1,1
67370,59,86,-27,27
67371,90,83,7,7
67372,84,87,-3,3
67373,130,119,11,11
67374,63,67,-4,4
67375,63,69,-6,6
67376,87,85,2,2
67377,106,111,-5,5
67378,145,130,15,15
67379,128,128,0,0
67380,81,85,-4,4
67381,111,98,13,13
67382,76,84,-8,8
67383,53,70,-17,17
67384,82,81,1,1
67385,100,98,2,2
67386,74,87,-13,13
67387,105,102,3,3
67388,58,67,-9,9
67389,102,101,1,1
67390,113,104,9,9
67391,99,100,-1,1
67392,113,106,7,7
67393,55,62,-7,7
67394,98,87,11,11
67395,108,108,0,0
67396,54,61,-7,7
67397,99,95,4,4
67398,78,83,-5,5
67399,68,63,5,5
67400,45,53,-8,8
67401,71,80,-9,9
67402,216,178,38,38
67403,103,98,5,5
67404,77,80,-3,3
67405,64,70,-6,6
67406,108,104,4,4
67407,106,87,19,19
67408,124,104,20,20
67409,71,78,-7,7
67410,91,84,7,7
67411,80,85,-5,5
67412,122,118,4,4
67413,105,103,2,2
67414,80,85,-5,5
67415,142,119,23,23
67416,64,90,-26,26
67417,95,79,16,16
67418,112,119,-7,7
67419,83,80,3,3
67420,147,135,12,12
67421,47,61,-14,14
67422,80,85,-5,5
67423,104,105,-1,1
67424,71,80,-9,9
67425,67,70,-3,3
67426,69,81,-12,12
67427,82,85,-3,3
67428,85,81,4,4
67429,144,136,8,8
67430,81,87,-6,6
67431,141,135,6,6
67432,86,83,3,3
67433,176,170,6,6
67434,74,71,3,3
67435,91,88,3,3
67436,102,85,17,17
67437,74,73,1,1
67438,97,93,4,4
67439,60,70,-10,10
67440,97,96,1,1
67441,119,115,4,4
67442,97,101,-4,4
67443,70,77,-7,7
67444,102,94,8,8
67445,61,75,-14,14
67446,86,80,6,6
67447,45,57,-12,12
67448,51,64,-13,13
67449,130,128,2,2
67450,74,82,-8,8
67451,78,84,-6,6
67452,163,156,7,7
67453,52,67,-15,15
67454,99,102,-3,3
67455,84,89,-5,5
67456,109,99,10,10
67457,84,84,0,0
67458,88,96,-8,8
67459,117,109,8,8
67460,186,168,18,18
67461,55,64,-9,9
67462,65,83,-18,18
67463,119,126,-7,7
67464,71,78,-7,7
67465,87,84,3,3
67466,51,65,-14,14
67467,46,57,-11,11
67468,61,68,-7,7
67469,103,92,11,11
67470,84,83,1,1
67471,56,67,-11,11
67472,73,81,-8,8
67473,84,81,3,3
67474,127,110,17,17
67475,178,173,5,5
67476,71,76,-5,5
67477,107,99,8,8
67478,111,99,12,12
67479,69,77,-8,8
67480,94,99,-5,5
67481,45,62,-17,17
67482,94,99,-5,5
67483,120,124,-4,4
67484,63,73,-10,10
67485,78,80,-2,2
67486,40,56,-16,16
67487,114,106,8,8
67488,112,103,9,9
67489,152,142,10,10
67490,184,153,31,31
67491,84,84,0,0
67492,122,111,11,11
67493,108,99,9,9
67494,64,70,-6,6
67495,114,106,8,8
67496,143,140,3,3
67497,97,88,9,9
67498,99,95,4,4
67499,145,147,-2,2
67500,63,69,-6,6
67501,111,110,1,1
67502,68,76,-8,8
67503,108,115,-7,7
67504,94,83,11,11
67505,77,81,-4,4
67506,49,65,-16,16
67507,82,83,-1,1
67508,66,72,-6,6
67509,74,73,1,1
67510,142,143,-1,1
67511,82,87,-5,5
67512,87,82,5,5
67513,78,82,-4,4
67514,58,71,-13,13
67515,108,104,4,4
67516,50,82,-32,32
67517,170,158,12,12
67518,74,81,-7,7
67519,102,100,2,2
67520,95,95,0,0
67521,90,85,5,5
67522,118,110,8,8
67523,70,75,-5,5
67524,111,107,4,4
67525,96,102,-6,6
67526,81,84,-3,3
67527,110,101,9,9
67528,94,88,6,6
67529,99,101,-2,2
67530,107,105,2,2
67531,129,130,-1,1
67532,135,121,14,14
67533,123,108,15,15
67534,67,74,-7,7
67535,79,83,-4,4
67536,91,97,-6,6
67537,72,75,-3,3
67538,150,151,-1,1
67539,117,121,-4,4
67540,60,73,-13,13
67541,102,104,-2,2
67542,32,57,-25,25
67543,65,72,-7,7
67544,163,147,16,16
67545,99,94,5,5
67546,76,79,-3,3
67547,146,129,17,17
67548,137,124,13,13
67549,131,127,4,4
67550,152,137,15,15
67551,93,104,-11,11
67552,78,81,-3,3
67553,83,81,2,2
67554,109,96,13,13
67555,134,139,-5,5
67556,56,76,-20,20
67557,82,81,1,1
67558,50,54,-4,4
67559,104,100,4,4
67560,78,84,-6,6
67561,60,68,-8,8
67562,137,120,17,17
67563,64,67,-3,3
67564,144,139,5,5
67565,49,58,-9,9
67566,104,98,6,6
67567,66,71,-5,5
67568,71,74,-3,3
67569,128,119,9,9
67570,84,104,-20,20
67571,141,141,0,0
67572,97,89,8,8
67573,52,59,-7,7
67574,74,79,-5,5
67575,98,113,-15,15
67576,71,73,-2,2
67577,56,64,-8,8
67578,71,81,-10,10
67579,123,111,12,12
67580,146,127,19,19
67581,77,81,-4,4
67582,68,75,-7,7
67583,110,96,14,14
67584,85,85,0,0
67585,162,121,41,41
67586,105,95,10,10
67587,68,73,-5,5
67588,100,88,12,12
67589,103,99,4,4
67590,121,106,15,15
67591,96,86,10,10
67592,199,169,30,30
67593,83,85,-2,2
67594,91,92,-1,1
67595,61,74,-13,13
67596,103,104,-1,1
67597,95,96,-1,1
67598,68,74,-6,6
67599,94,88,6,6
67600,54,63,-9,9
67601,160,130,30,30
67602,123,107,16,16
67603,154,137,17,17
67604,48,62,-14,14
67605,66,75,-9,9
67606,81,82,-1,1
67607,56,68,-12,12
67608,160,138,22,22
67609,121,141,-20,20
67610,103,90,13,13
67611,126,113,13,13
67612,82,82,0,0
67613,63,76,-13,13
67614,88,89,-1,1
67615,111,116,-5,5
67616,139,131,8,8
67617,103,98,5,5
67618,74,79,-5,5
67619,133,118,15,15
67620,49,61,-12,12
67621,93,91,2,2
67622,86,86,0,0
67623,77,77,0,0
67624,56,75,-19,19
67625,66,68,-2,2
67626,132,122,10,10
67627,149,128,21,21
67628,39,50,-11,11
67629,117,110,7,7
67630,98,94,4,4
67631,59,65,-6,6
67632,146,139,7,7
67633,106,95,11,11
67634,63,73,-10,10
67635,90,90,0,0
67636,73,79,-6,6
67637,80,80,0,0
67638,89,87,2,2
67639,88,87,1,1
67640,51,59,-8,8
67641,85,85,0,0
67642,106,122,-16,16
67643,136,124,12,12
67644,46,56,-10,10
67645,107,107,0,0
67646,154,152,2,2
67647,109,105,4,4
67648,79,80,-1,1
67649,94,85,9,9
67650,64,70,-6,6
67651,63,65,-2,2
67652,62,66,-4,4
67653,58,67,-9,9
67654,48,60,-12,12
67655,67,77,-10,10
67656,74,76,-2,2
67657,94,91,3,3
67658,75,76,-1,1
67659,158,138,20,20
67660,134,120,14,14
67661,189,167,22,22
67662,62,74,-12,12
67663,73,77,-4,4
67664,89,94,-5,5
67665,42,44,-2,2
67666,129,113,16,16
67667,65,78,-13,13
67668,49,61,-12,12
67669,163,148,15,15
67670,93,96,-3,3
67671,185,166,19,19
67672,91,90,1,1
67673,43,56,-13,13
67674,163,157,6,6
67675,65,73,-8,8
67676,49,49,0,0
67677,62,69,-7,7
67678,123,127,-4,4
67679,78,83,-5,5
67680,144,130,14,14
67681,75,101,-26,26
67682,83,83,0,0
67683,122,107,15,15
67684,92,91,1,1
67685,101,97,4,4
67686,75,90,-15,15
67687,130,111,19,19
67688,160,150,10,10
67689,58,68,-10,10
67690,154,144,10,10
67691,101,92,9,9
67692,54,67,-13,13
67693,177,166,11,11
67694,198,176,22,22
67695,98,102,-4,4
67696,87,99,-12,12
67697,116,110,6,6
67698,63,65,-2,2
67699,95,90,5,5
67700,57,63,-6,6
67701,64,66,-2,2
67702,69,67,2,2
67703,79,81,-2,2
67704,89,101,-12,12
67705,53,63,-10,10
67706,94,97,-3,3
67707,85,94,-9,9
67708,85,84,1,1
67709,80,92,-12,12
67710,80,91,-11,11
67711,95,90,5,5
67712,95,92,3,3
67713,72,79,-7,7
67714,59,70,-11,11
67715,122,104,18,18
67716,76,78,-2,2
67717,103,93,10,10
67718,80,84,-4,4
67719,84,84,0,0
67720,108,102,6,6
67721,94,91,3,3
67722,128,121,7,7
67723,121,120,1,1
67724,156,136,20,20
67725,120,110,10,10
67726,97,98,-1,1
67727,87,101,-14,14
67728,116,106,10,10
67729,48,56,-8,8
67730,139,133,6,6
67731,93,86,7,7
67732,184,183,1,1
67733,62,66,-4,4
67734,116,116,0,0
67735,114,102,12,12
67736,104,98,6,6
67737,94,101,-7,7
67738,169,159,10,10
67739,89,95,-6,6
67740,91,97,-6,6
67741,97,100,-3,3
67742,111,110,1,1
67743,69,73,-4,4
67744,120,108,12,12
67745,105,119,-14,14
67746,99,97,2,2
67747,37,72,-35,35
67748,105,91,14,14
67749,69,74,-5,5
67750,67,72,-5,5
67751,31,47,-16,16
67752,60,69,-9,9
67753,90,94,-4,4
67754,74,77,-3,3
67755,123,112,11,11
67756,97,97,0,0
67757,55,59,-4,4
67758,127,118,9,9
67759,122,118,4,4
67760,103,102,1,1
67761,141,134,7,7
67762,67,72,-5,5
67763,113,112,1,1
67764,135,131,4,4
67765,203,181,22,22
67766,88,88,0,0
67767,94,101,-7,7
67768,103,100,3,3
67769,86,85,1,1
67770,143,140,3,3
67771,52,61,-9,9
67772,75,85,-10,10
67773,114,114,0,0
67774,92,85,7,7
67775,113,106,7,7
67776,123,116,7,7
67777,68,81,-13,13
67778,86,95,-9,9
67779,27,49,-22,22
67780,126,123,3,3
67781,89,85,4,4
67782,113,99,14,14
67783,106,98,8,8
67784,90,86,4,4
67785,82,79,3,3
67786,88,91,-3,3
67787,97,94,3,3
67788,141,125,16,16
67789,123,109,14,14
67790,188,191,-3,3
67791,108,106,2,2
67792,73,76,-3,3
67793,104,101,3,3
67794,87,92,-5,5
67795,78,82,-4,4
67796,75,75,0,0
67797,153,139,14,14
67798,74,72,2,2
67799,129,111,18,18
67800,117,107,10,10
67801,82,85,-3,3
67802,103,99,4,4
67803,93,83,10,10
67804,89,91,-2,2
67805,44,60,-16,16
67806,76,79,-3,3
67807,79,95,-16,16
67808,87,90,-3,3
67809,38,50,-12,12
67810,120,115,5,5
67811,88,90,-2,2
67812,155,134,21,21
67813,120,105,15,15
67814,89,83,6,6
67815,100,92,8,8
67816,66,71,-5,5
67817,85,95,-10,10
67818,90,80,10,10
67819,126,122,4,4
67820,153,126,27,27
67821,83,82,1,1
67822,113,102,11,11
67823,88,95,-7,7
67824,152,150,2,2
67825,104,95,9,9
67826,75,76,-1,1
67827,48,57,-9,9
67828,127,111,16,16
67829,79,78,1,1
67830,117,112,5,5
67831,63,73,-10,10
67832,113,114,-1,1
67833,143,152,-9,9
67834,110,102,8,8
67835,75,87,-12,12
67836,48,59,-11,11
67837,64,92,-28,28
67838,99,99,0,0
67839,91,87,4,4
67840,111,99,12,12
67841,89,87,2,2
67842,141,129,12,12
67843,101,93,8,8
67844,74,77,-3,3
67845,124,106,18,18
67846,115,120,-5,5
67847,94,101,-7,7
67848,110,114,-4,4
67849,70,76,-6,6
67850,89,96,-7,7
67851,53,63,-10,10
67852,85,93,-8,8
67853,166,148,18,18
67854,77,77,0,0
67855,76,76,0,0
67856,137,142,-5,5
67857,79,87,-8,8
67858,144,118,26,26
67859,57,59,-2,2
67860,102,100,2,2
67861,77,82,-5,5
67862,105,111,-6,6
67863,99,95,4,4
67864,40,54,-14,14
67865,96,92,4,4
67866,99,99,0,0
67867,69,71,-2,2
67868,111,101,10,10
67869,119,121,-2,2
67870,152,140,12,12
67871,138,128,10,10
67872,146,153,-7,7
67873,79,99,-20,20
67874,113,103,10,10
67875,65,76,-11,11
67876,135,119,16,16
67877,58,51,7,7
67878,68,79,-11,11
67879,103,95,8,8
67880,110,109,1,1
67881,57,66,-9,9
67882,191,169,22,22
67883,87,83,4,4
67884,130,115,15,15
67885,94,94,0,0
67886,101,106,-5,5
67887,52,57,-5,5
67888,134,128,6,6
67889,75,78,-3,3
67890,91,94,-3,3
67891,109,105,4,4
67892,96,95,1,1
67893,55,65,-10,10
67894,114,105,9,9
67895,159,143,16,16
67896,74,77,-3,3
67897,89,95,-6,6
67898,45,61,-16,16
67899,50,76,-26,26
67900,78,77,1,1
67901,136,138,-2,2
67902,81,84,-3,3
67903,104,93,11,11
67904,42,55,-13,13
67905,45,56,-11,11
67906,91,82,9,9
67907,81,84,-3,3
67908,73,79,-6,6
67909,163,147,16,16
67910,62,66,-4,4
67911,62,80,-18,18
67912,117,101,16,16
67913,91,95,-4,4
67914,81,90,-9,9
67915,183,153,30,30
67916,115,112,3,3
67917,45,51,-6,6
67918,67,76,-9,9
67919,73,73,0,0
67920,115,114,1,1
67921,143,129,14,14
67922,122,110,12,12
67923,158,133,25,25
67924,132,124,8,8
67925,56,69,-13,13
67926,138,133,5,5
67927,128,114,14,14
67928,170,151,19,19
67929,101,97,4,4
67930,147,136,11,11
67931,116,115,1,1
67932,97,112,-15,15
67933,116,116,0,0
67934,73,78,-5,5
67935,58,61,-3,3
67936,99,93,6,6
67937,148,146,2,2
67938,56,62,-6,6
67939,144,142,2,2
67940,73,77,-4,4
67941,124,128,-4,4
67942,58,87,-29,29
67943,72,79,-7,7
67944,57,66,-9,9
67945,77,73,4,4
67946,93,94,-1,1
67947,136,125,11,11
67948,56,65,-9,9
67949,106,96,10,10
67950,68,70,-2,2
67951,107,102,5,5
67952,137,126,11,11
67953,51,63,-12,12
67954,161,156,5,5
67955,75,79,-4,4
67956,207,179,28,28
67957,134,139,-5,5
67958,139,134,5,5
67959,85,86,-1,1
67960,64,72,-8,8
67961,57,67,-10,10
67962,87,87,0,0
67963,143,132,11,11
67964,89,91,-2,2
67965,78,77,1,1
67966,73,94,-21,21
67967,188,192,-4,4
67968,115,98,17,17
67969,119,98,21,21
67970,74,83,-9,9
67971,96,98,-2,2
67972,64,71,-7,7
67973,117,109,8,8
67974,127,127,0,0
67975,70,80,-10,10
67976,97,102,-5,5
67977,163,141,22,22
67978,143,127,16,16
67979,69,82,-13,13
67980,98,103,-5,5
67981,87,86,1,1
67982,100,99,1,1
67983,111,119,-8,8
67984,129,130,-1,1
67985,94,85,9,9
67986,124,116,8,8
67987,70,80,-10,10
67988,64,69,-5,5
67989,131,119,12,12
67990,81,89,-8,8
67991,121,108,13,13
67992,139,125,14,14
67993,49,62,-13,13
67994,54,70,-16,16
67995,109,108,1,1
67996,71,80,-9,9
67997,124,108,16,16
67998,110,98,12,12
67999,103,104,-1,1
68000,104,112,-8,8
68001,95,111,-16,16
68002,85,78,7,7
68003,83,80,3,3
68004,111,113,-2,2
68005,68,66,2,2
68006,76,76,0,0
68007,47,57,-10,10
68008,143,126,17,17
68009,64,71,-7,7
68010,102,99,3,3
68011,77,83,-6,6
68012,52,69,-17,17
68013,52,64,-12,12
68014,75,82,-7,7
68015,83,83,0,0
68016,70,72,-2,2
68017,44,56,-12,12
68018,41,54,-13,13
68019,77,77,0,0
68020,53,58,-5,5
68021,132,129,3,3
68022,112,101,11,11
68023,81,79,2,2
68024,85,86,-1,1
68025,90,91,-1,1
68026,51,63,-12,12
68027,55,68,-13,13
68028,45,73,-28,28
68029,52,61,-9,9
68030,98,98,0,0
68031,72,74,-2,2
68032,239,222,17,17
68033,123,106,17,17
68034,164,146,18,18
68035,75,76,-1,1
68036,145,137,8,8
68037,63,73,-10,10
68038,63,99,-36,36
68039,100,104,-4,4
68040,110,111,-1,1
68041,76,87,-11,11
68042,94,99,-5,5
68043,109,97,12,12
68044,59,75,-16,16
68045,140,147,-7,7
68046,83,80,3,3
68047,136,126,10,10
68048,50,59,-9,9
68049,85,82,3,3
68050,113,101,12,12
68051,49,65,-16,16
68052,98,84,14,14
68053,80,74,6,6
68054,95,96,-1,1
68055,129,126,3,3
68056,89,85,4,4
68057,115,107,8,8
68058,73,81,-8,8
68059,75,84,-9,9
68060,168,151,17,17
68061,52,66,-14,14
68062,76,77,-1,1
68063,104,98,6,6
68064,124,107,17,17
68065,113,112,1,1
68066,80,77,3,3
68067,79,102,-23,23
68068,89,89,0,0
68069,90,81,9,9
68070,46,62,-16,16
68071,80,77,3,3
68072,108,117,-9,9
68073,46,54,-8,8
68074,106,96,10,10
68075,139,129,10,10
68076,99,99,0,0
68077,50,59,-9,9
68078,65,70,-5,5
68079,69,74,-5,5
68080,125,117,8,8
68081,97,95,2,2
68082,84,88,-4,4
68083,114,116,-2,2
68084,39,46,-7,7
68085,106,99,7,7
68086,88,93,-5,5
68087,80,85,-5,5
68088,178,162,16,16
68089,104,110,-6,6
68090,76,76,0,0
68091,108,97,11,11
68092,82,92,-10,10
68093,44,58,-14,14
68094,67,70,-3,3
68095,69,80,-11,11
68096,69,70,-1,1
68097,112,102,10,10
68098,151,130,21,21
68099,47,58,-11,11
68100,70,73,-3,3
68101,86,84,2,2
68102,95,97,-2,2
68103,68,78,-10,10
68104,44,56,-12,12
68105,70,78,-8,8
68106,132,121,11,11
68107,66,72,-6,6
68108,104,99,5,5
68109,155,148,7,7
68110,136,126,10,10
68111,74,79,-5,5
68112,109,105,4,4
68113,88,94,-6,6
68114,156,158,-2,2
68115,153,148,5,5
68116,83,79,4,4
68117,88,83,5,5
68118,167,170,-3,3
68119,44,54,-10,10
68120,124,105,19,19
68121,71,74,-3,3
68122,131,115,16,16
68123,94,89,5,5
68124,64,71,-7,7
68125,81,81,0,0
68126,69,72,-3,3
68127,52,63,-11,11
68128,84,83,1,1
68129,59,66,-7,7
68130,117,114,3,3
68131,115,105,10,10
68132,86,88,-2,2
68133,111,103,8,8
68134,69,78,-9,9
68135,119,108,11,11
68136,73,76,-3,3
68137,81,80,1,1
68138,79,90,-11,11
68139,89,99,-10,10
68140,51,62,-11,11
68141,63,71,-8,8
68142,87,91,-4,4
68143,116,107,9,9
68144,115,110,5,5
68145,111,113,-2,2
68146,38,50,-12,12
68147,130,133,-3,3
68148,100,91,9,9
68149,60,63,-3,3
68150,91,86,5,5
68151,67,72,-5,5
68152,73,73,0,0
68153,152,145,7,7
68154,199,181,18,18
68155,156,142,14,14
68156,61,71,-10,10
68157,109,97,12,12
68158,69,74,-5,5
68159,87,87,0,0
68160,65,71,-6,6
68161,83,86,-3,3
68162,94,95,-1,1
68163,104,88,16,16
68164,72,80,-8,8
68165,74,88,-14,14
68166,93,83,10,10
68167,88,86,2,2
68168,88,80,8,8
68169,75,86,-11,11
68170,102,102,0,0
68171,72,76,-4,4
68172,95,83,12,12
68173,98,95,3,3
68174,86,86,0,0
68175,91,103,-12,12
68176,67,72,-5,5
68177,73,80,-7,7
68178,129,126,3,3
68179,64,68,-4,4
68180,94,96,-2,2
68181,123,107,16,16
68182,89,94,-5,5
68183,45,60,-15,15
68184,95,94,1,1
68185,77,78,-1,1
68186,61,74,-13,13
68187,151,150,1,1
68188,53,66,-13,13
68189,109,99,10,10
68190,84,88,-4,4
68191,86,92,-6,6
68192,105,101,4,4
68193,107,116,-9,9
68194,97,101,-4,4
68195,41,53,-12,12
68196,69,76,-7,7
68197,111,85,26,26
68198,40,55,-15,15
68199,140,133,7,7
68200,65,75,-10,10
68201,149,120,29,29
68202,46,54,-8,8
68203,103,99,4,4
68204,80,84,-4,4
68205,41,49,-8,8
68206,97,129,-32,32
68207,65,70,-5,5
68208,124,136,-12,12
68209,65,74,-9,9
68210,85,84,1,1
68211,151,143,8,8
68212,75,78,-3,3
68213,92,94,-2,2
68214,96,92,4,4
68215,120,123,-3,3
68216,71,76,-5,5
68217,77,82,-5,5
68218,84,93,-9,9
68219,100,104,-4,4
68220,105,112,-7,7
68221,123,111,12,12
68222,53,65,-12,12
68223,178,171,7,7
68224,99,98,1,1
68225,64,69,-5,5
68226,78,86,-8,8
68227,108,101,7,7
68228,77,80,-3,3
68229,157,137,20,20
68230,72,82,-10,10
68231,68,75,-7,7
68232,87,83,4,4
68233,70,79,-9,9
68234,52,64,-12,12
68235,85,81,4,4
68236,100,103,-3,3
68237,71,74,-3,3
68238,109,113,-4,4
68239,154,158,-4,4
68240,96,80,16,16
68241,78,87,-9,9
68242,82,94,-12,12
68243,114,109,5,5
68244,103,105,-2,2
68245,118,118,0,0
68246,87,91,-4,4
68247,121,124,-3,3
68248,94,93,1,1
68249,62,64,-2,2
68250,89,86,3,3
68251,105,100,5,5
68252,85,79,6,6
68253,79,88,-9,9
68254,86,85,1,1
68255,100,98,2,2
68256,104,97,7,7
68257,83,83,0,0
68258,90,84,6,6
68259,112,123,-11,11
68260,69,77,-8,8
68261,121,100,21,21
68262,84,91,-7,7
68263,87,86,1,1
68264,92,95,-3,3
68265,147,141,6,6
68266,86,93,-7,7
68267,89,85,4,4
68268,52,71,-19,19
68269,110,103,7,7
68270,145,133,12,12
68271,87,86,1,1
68272,107,89,18,18
68273,145,116,29,29
68274,55,67,-12,12
68275,51,69,-18,18
68276,95,95,0,0
68277,101,97,4,4
68278,72,72,0,0
68279,90,86,4,4
68280,91,82,9,9
68281,94,96,-2,2
68282,60,71,-11,11
68283,59,63,-4,4
68284,96,88,8,8
68285,55,62,-7,7
68286,101,89,12,12
68287,95,100,-5,5
68288,113,104,9,9
68289,77,77,0,0
68290,114,121,-7,7
68291,101,107,-6,6
68292,100,103,-3,3
68293,64,73,-9,9
68294,100,92,8,8
68295,158,135,23,23
68296,81,83,-2,2
68297,62,69,-7,7
68298,136,125,11,11
68299,156,146,10,10
68300,160,145,15,15
68301,128,125,3,3
68302,49,54,-5,5
68303,135,120,15,15
68304,81,85,-4,4
68305,85,86,-1,1
68306,74,73,1,1
68307,141,127,14,14
68308,98,96,2,2
68309,140,131,9,9
68310,102,94,8,8
68311,91,99,-8,8
68312,68,72,-4,4
68313,117,104,13,13
68314,57,62,-5,5
68315,70,76,-6,6
68316,203,166,37,37
68317,96,108,-12,12
68318,128,128,0,0
68319,81,78,3,3
68320,81,95,-14,14
68321,66,67,-1,1
68322,128,120,8,8
68323,150,138,12,12
68324,79,87,-8,8
68325,68,77,-9,9
68326,57,70,-13,13
68327,63,77,-14,14
68328,110,107,3,3
68329,84,83,1,1
68330,84,76,8,8
68331,59,69,-10,10
68332,101,89,12,12
68333,73,80,-7,7
68334,82,86,-4,4
68335,163,152,11,11
68336,113,109,4,4
68337,95,78,17,17
68338,73,78,-5,5
68339,83,84,-1,1
68340,114,111,3,3
68341,136,117,19,19
68342,86,86,0,0
68343,81,81,0,0
68344,108,113,-5,5
68345,149,148,1,1
68346,101,98,3,3
68347,78,84,-6,6
68348,126,110,16,16
68349,122,127,-5,5
68350,112,102,10,10
68351,67,68,-1,1
68352,62,68,-6,6
68353,112,107,5,5
68354,171,152,19,19
68355,65,67,-2,2
68356,97,88,9,9
68357,43,55,-12,12
68358,71,68,3,3
68359,71,75,-4,4
68360,55,55,0,0
68361,72,86,-14,14
68362,85,85,0,0
68363,190,168,22,22
68364,97,96,1,1
68365,100,99,1,1
68366,75,83,-8,8
68367,130,112,18,18
68368,60,67,-7,7
68369,105,101,4,4
68370,85,85,0,0
68371,89,90,-1,1
68372,93,94,-1,1
68373,39,71,-32,32
68374,74,69,5,5
68375,148,147,1,1
68376,136,122,14,14
68377,61,76,-15,15
68378,181,164,17,17
68379,99,95,4,4
68380,165,151,14,14
68381,97,95,2,2
68382,116,104,12,12
68383,105,108,-3,3
68384,50,55,-5,5
68385,71,85,-14,14
68386,115,106,9,9
68387,61,65,-4,4
68388,101,103,-2,2
68389,80,83,-3,3
68390,100,102,-2,2
68391,79,95,-16,16
68392,121,113,8,8
68393,85,96,-11,11
68394,87,90,-3,3
68395,61,70,-9,9
68396,125,127,-2,2
68397,85,94,-9,9
68398,87,87,0,0
68399,64,76,-12,12
68400,66,72,-6,6
68401,85,90,-5,5
68402,159,140,19,19
68403,132,135,-3,3
68404,96,98,-2,2
68405,100,106,-6,6
68406,76,76,0,0
68407,117,116,1,1
68408,101,111,-10,10
68409,86,89,-3,3
68410,117,109,8,8
68411,96,94,2,2
68412,55,66,-11,11
68413,145,129,16,16
68414,68,79,-11,11
68415,71,73,-2,2
68416,129,121,8,8
68417,121,116,5,5
68418,92,81,11,11
68419,57,67,-10,10
68420,50,57,-7,7
68421,56,66,-10,10
68422,52,63,-11,11
68423,61,67,-6,6
68424,164,150,14,14
68425,119,114,5,5
68426,85,80,5,5
68427,83,81,2,2
68428,149,138,11,11
68429,103,92,11,11
68430,61,49,12,12
68431,142,138,4,4
68432,80,86,-6,6
68433,49,61,-12,12
68434,109,98,11,11
68435,101,97,4,4
68436,77,80,-3,3
68437,160,162,-2,2
68438,108,112,-4,4
68439,137,131,6,6
68440,125,120,5,5
68441,76,80,-4,4
68442,145,128,17,17
68443,86,91,-5,5
68444,131,120,11,11
68445,99,104,-5,5
68446,97,98,-1,1
68447,67,67,0,0
68448,107,124,-17,17
68449,87,85,2,2
68450,104,102,2,2
68451,77,78,-1,1
68452,49,61,-12,12
68453,152,137,15,15
68454,138,128,10,10
68455,183,169,14,14
68456,53,65,-12,12
68457,100,99,1,1
68458,71,77,-6,6
68459,73,86,-13,13
68460,108,100,8,8
68461,85,93,-8,8
68462,72,79,-7,7
68463,92,91,1,1
68464,127,119,8,8
68465,61,84,-23,23
68466,86,98,-12,12
68467,56,62,-6,6
68468,104,95,9,9
68469,86,89,-3,3
68470,142,138,4,4
68471,78,87,-9,9
68472,96,86,10,10
68473,75,81,-6,6
68474,88,86,2,2
68475,69,75,-6,6
68476,62,69,-7,7
68477,107,104,3,3
68478,65,69,-4,4
68479,129,134,-5,5
68480,86,92,-6,6
68481,77,75,2,2
68482,115,98,17,17
68483,87,84,3,3
68484,32,42,-10,10
68485,80,87,-7,7
68486,107,100,7,7
68487,112,124,-12,12
68488,83,85,-2,2
68489,89,93,-4,4
68490,65,70,-5,5
68491,63,72,-9,9
68492,56,68,-12,12
68493,99,86,13,13
68494,88,89,-1,1
68495,130,125,5,5
68496,59,70,-11,11
68497,157,122,35,35
68498,94,104,-10,10
68499,94,93,1,1
68500,61,71,-10,10
68501,98,99,-1,1
68502,98,93,5,5
68503,108,102,6,6
68504,122,113,9,9
68505,115,111,4,4
68506,49,61,-12,12
68507,79,84,-5,5
68508,96,98,-2,2
68509,81,91,-10,10
68510,54,64,-10,10
68511,70,80,-10,10
68512,141,127,14,14
68513,113,186,-73,73
68514,110,118,-8,8
68515,75,83,-8,8
68516,85,96,-11,11
68517,85,82,3,3
68518,105,102,3,3
68519,62,74,-12,12
68520,39,55,-16,16
68521,83,85,-2,2
68522,103,97,6,6
68523,69,76,-7,7
68524,103,100,3,3
68525,82,80,2,2
68526,98,93,5,5
68527,134,120,14,14
68528,51,68,-17,17
68529,98,95,3,3
68530,58,70,-12,12
68531,66,79,-13,13
68532,66,70,-4,4
68533,139,122,17,17
68534,182,165,17,17
68535,118,129,-11,11
68536,69,68,1,1
68537,61,74,-13,13
68538,101,93,8,8
68539,126,98,28,28
68540,87,88,-1,1
68541,53,62,-9,9
68542,83,78,5,5
68543,113,116,-3,3
68544,109,100,9,9
68545,60,68,-8,8
68546,113,110,3,3
68547,84,92,-8,8
68548,60,63,-3,3
68549,56,56,0,0
68550,52,60,-8,8
68551,111,101,10,10
68552,74,83,-9,9
68553,57,64,-7,7
68554,72,77,-5,5
68555,77,83,-6,6
68556,93,90,3,3
68557,167,143,24,24
68558,64,72,-8,8
68559,97,93,4,4
68560,106,108,-2,2
68561,165,147,18,18
68562,86,105,-19,19
68563,146,130,16,16
68564,98,96,2,2
68565,88,86,2,2
68566,89,87,2,2
68567,99,96,3,3
68568,86,86,0,0
68569,95,105,-10,10
68570,70,71,-1,1
68571,91,98,-7,7
68572,98,95,3,3
68573,92,89,3,3
68574,103,100,3,3
68575,91,85,6,6
68576,58,75,-17,17
68577,61,70,-9,9
68578,53,64,-11,11
68579,83,82,1,1
68580,56,65,-9,9
68581,84,86,-2,2
68582,73,82,-9,9
68583,73,75,-2,2
68584,81,82,-1,1
68585,69,75,-6,6
68586,71,80,-9,9
68587,107,110,-3,3
68588,111,107,4,4
68589,107,98,9,9
68590,115,98,17,17
68591,75,81,-6,6
68592,129,111,18,18
68593,94,90,4,4
68594,52,61,-9,9
68595,146,140,6,6
68596,99,101,-2,2
68597,93,108,-15,15
68598,57,67,-10,10
68599,102,106,-4,4
68600,58,74,-16,16
68601,95,130,-35,35
68602,92,91,1,1
68603,99,92,7,7
68604,115,112,3,3
68605,77,80,-3,3
68606,176,171,5,5
68607,97,102,-5,5
68608,153,132,21,21
68609,74,76,-2,2
68610,182,160,22,22
68611,91,101,-10,10
68612,67,78,-11,11
68613,85,96,-11,11
68614,109,103,6,6
68615,113,103,10,10
68616,111,109,2,2
68617,95,107,-12,12
68618,74,78,-4,4
68619,110,103,7,7
68620,58,62,-4,4
68621,135,125,10,10
68622,108,108,0,0
68623,112,115,-3,3
68624,49,62,-13,13
68625,114,113,1,1
68626,57,65,-8,8
68627,74,75,-1,1
68628,99,98,1,1
68629,96,93,3,3
68630,88,86,2,2
68631,79,88,-9,9
68632,82,74,8,8
68633,99,96,3,3
68634,116,108,8,8
68635,80,83,-3,3
68636,120,113,7,7
68637,70,70,0,0
68638,74,79,-5,5
68639,55,72,-17,17
68640,97,94,3,3
68641,74,81,-7,7
68642,92,97,-5,5
68643,71,78,-7,7
68644,86,84,2,2
68645,66,69,-3,3
68646,74,72,2,2
68647,90,87,3,3
68648,110,104,6,6
68649,94,95,-1,1
68650,101,97,4,4
68651,115,112,3,3
68652,91,94,-3,3
68653,102,100,2,2
68654,116,118,-2,2
68655,130,123,7,7
68656,45,59,-14,14
68657,77,80,-3,3
68658,117,124,-7,7
68659,109,106,3,3
68660,94,94,0,0
68661,130,120,10,10
68662,37,53,-16,16
68663,73,81,-8,8
68664,79,76,3,3
68665,80,88,-8,8
68666,143,121,22,22
68667,69,74,-5,5
68668,143,136,7,7
68669,105,103,2,2
68670,150,137,13,13
68671,94,87,7,7
68672,107,98,9,9
68673,64,68,-4,4
68674,154,129,25,25
68675,129,123,6,6
68676,118,109,9,9
68677,86,87,-1,1
68678,98,98,0,0
68679,134,136,-2,2
68680,96,96,0,0
68681,90,91,-1,1
68682,173,169,4,4
68683,83,86,-3,3
68684,168,160,8,8
68685,97,97,0,0
68686,88,88,0,0
68687,54,65,-11,11
68688,142,116,26,26
68689,152,136,16,16
68690,75,86,-11,11
68691,73,78,-5,5
68692,170,174,-4,4
68693,82,84,-2,2
68694,103,108,-5,5
68695,135,122,13,13
68696,98,97,1,1
68697,190,171,19,19
68698,110,95,15,15
68699,56,71,-15,15
68700,160,141,19,19
68701,86,98,-12,12
68702,105,102,3,3
68703,42,53,-11,11
68704,148,154,-6,6
68705,78,74,4,4
68706,108,107,1,1
68707,81,81,0,0
68708,135,128,7,7
68709,84,92,-8,8
68710,115,117,-2,2
68711,124,114,10,10
68712,67,81,-14,14
68713,97,96,1,1
68714,90,88,2,2
68715,158,143,15,15
68716,162,148,14,14
68717,165,157,8,8
68718,76,81,-5,5
68719,174,167,7,7
68720,125,113,12,12
68721,155,145,10,10
68722,80,88,-8,8
68723,150,149,1,1
68724,54,58,-4,4
68725,119,103,16,16
68726,83,78,5,5
68727,56,68,-12,12
68728,69,81,-12,12
68729,94,99,-5,5
68730,103,106,-3,3
68731,120,111,9,9
68732,119,124,-5,5
68733,92,91,1,1
68734,102,98,4,4
68735,75,78,-3,3
68736,64,70,-6,6
68737,175,156,19,19
68738,66,70,-4,4
68739,69,74,-5,5
68740,66,71,-5,5
68741,42,58,-16,16
68742,222,203,19,19
68743,161,152,9,9
68744,139,118,21,21
68745,88,90,-2,2
68746,81,78,3,3
68747,160,157,3,3
68748,100,102,-2,2
68749,64,75,-11,11
68750,26,43,-17,17
68751,126,117,9,9
68752,49,57,-8,8
68753,101,101,0,0
68754,78,78,0,0
68755,82,85,-3,3
68756,68,72,-4,4
68757,90,95,-5,5
68758,78,80,-2,2
68759,114,114,0,0
68760,160,148,12,12
68761,108,103,5,5
68762,93,95,-2,2
68763,52,60,-8,8
68764,142,132,10,10
68765,151,151,0,0
68766,118,117,1,1
68767,90,89,1,1
68768,103,95,8,8
68769,126,116,10,10
68770,121,116,5,5
68771,111,112,-1,1
68772,87,86,1,1
68773,48,62,-14,14
68774,86,78,8,8
68775,60,100,-40,40
68776,162,136,26,26
68777,98,90,8,8
68778,134,122,12,12
68779,147,140,7,7
68780,113,112,1,1
68781,79,79,0,0
68782,76,75,1,1
68783,72,84,-12,12
68784,59,72,-13,13
68785,151,137,14,14
68786,114,106,8,8
68787,71,81,-10,10
68788,146,138,8,8
68789,83,83,0,0
68790,65,71,-6,6
68791,60,62,-2,2
68792,113,97,16,16
68793,146,129,17,17
68794,103,107,-4,4
68795,123,108,15,15
68796,59,69,-10,10
68797,158,134,24,24
68798,114,100,14,14
68799,133,118,15,15
68800,151,138,13,13
68801,41,51,-10,10
68802,80,82,-2,2
68803,71,72,-1,1
68804,88,89,-1,1
68805,94,103,-9,9
68806,41,62,-21,21
68807,129,138,-9,9
68808,126,115,11,11
68809,132,109,23,23
68810,38,61,-23,23
68811,81,86,-5,5
68812,97,98,-1,1
68813,99,97,2,2
68814,159,151,8,8
68815,113,114,-1,1
68816,42,60,-18,18
68817,176,155,21,21
68818,96,86,10,10
68819,122,120,2,2
68820,134,134,0,0
68821,63,71,-8,8
68822,81,81,0,0
68823,94,98,-4,4
68824,122,114,8,8
68825,99,88,11,11
68826,103,104,-1,1
68827,77,99,-22,22
68828,90,97,-7,7
68829,139,119,20,20
68830,74,81,-7,7
68831,83,85,-2,2
68832,84,85,-1,1
68833,108,99,9,9
68834,80,87,-7,7
68835,117,112,5,5
68836,81,82,-1,1
68837,73,78,-5,5
68838,146,136,10,10
68839,83,87,-4,4
68840,71,73,-2,2
68841,99,104,-5,5
68842,52,61,-9,9
68843,97,102,-5,5
68844,80,77,3,3
68845,112,107,5,5
68846,57,74,-17,17
68847,105,101,4,4
68848,145,144,1,1
68849,104,91,13,13
68850,94,89,5,5
68851,109,110,-1,1
68852,73,76,-3,3
68853,54,65,-11,11
68854,99,93,6,6
68855,204,185,19,19
68856,42,59,-17,17
68857,40,50,-10,10
68858,61,62,-1,1
68859,98,98,0,0
68860,88,92,-4,4
68861,107,116,-9,9
68862,101,98,3,3
68863,156,143,13,13
68864,43,58,-15,15
68865,85,83,2,2
68866,130,117,13,13
68867,49,65,-16,16
68868,82,83,-1,1
68869,105,103,2,2
68870,141,150,-9,9
68871,124,122,2,2
68872,149,158,-9,9
68873,61,62,-1,1
68874,163,157,6,6
68875,94,97,-3,3
68876,64,76,-12,12
68877,129,138,-9,9
68878,71,79,-8,8
68879,95,99,-4,4
68880,106,109,-3,3
68881,103,85,18,18
68882,81,80,1,1
68883,89,82,7,7
68884,144,131,13,13
68885,64,75,-11,11
68886,37,114,-77,77
68887,87,81,6,6
68888,34,47,-13,13
68889,94,95,-1,1
68890,84,87,-3,3
68891,76,76,0,0
68892,79,79,0,0
68893,96,103,-7,7
68894,99,95,4,4
68895,102,98,4,4
68896,66,70,-4,4
68897,96,85,11,11
68898,75,80,-5,5
68899,98,89,9,9
68900,75,76,-1,1
68901,106,100,6,6
68902,85,84,1,1
68903,104,115,-11,11
68904,83,88,-5,5
68905,92,94,-2,2
68906,110,120,-10,10
68907,89,102,-13,13
68908,148,134,14,14
68909,105,101,4,4
68910,90,85,5,5
68911,42,64,-22,22
68912,102,100,2,2
68913,142,132,10,10
68914,122,114,8,8
68915,109,97,12,12
68916,101,103,-2,2
68917,89,98,-9,9
68918,118,113,5,5
68919,146,133,13,13
68920,100,102,-2,2
68921,99,95,4,4
68922,62,67,-5,5
68923,84,79,5,5
68924,62,76,-14,14
68925,190,167,23,23
68926,105,109,-4,4
68927,101,97,4,4
68928,69,81,-12,12
68929,105,99,6,6
68930,135,130,5,5
68931,162,161,1,1
68932,96,96,0,0
68933,80,77,3,3
68934,83,86,-3,3
68935,133,128,5,5
68936,77,78,-1,1
68937,130,121,9,9
68938,143,154,-11,11
68939,83,87,-4,4
68940,77,81,-4,4
68941,148,136,12,12
68942,88,84,4,4
68943,47,55,-8,8
68944,66,64,2,2
68945,54,72,-18,18
68946,97,93,4,4
68947,80,86,-6,6
68948,51,72,-21,21
68949,122,123,-1,1
68950,134,117,17,17
68951,152,146,6,6
68952,96,99,-3,3
68953,75,82,-7,7
68954,143,138,5,5
68955,164,155,9,9
68956,99,99,0,0
68957,149,147,2,2
68958,126,113,13,13
68959,90,86,4,4
68960,102,100,2,2
68961,18,44,-26,26
68962,103,129,-26,26
68963,130,118,12,12
68964,67,78,-11,11
68965,69,69,0,0
68966,84,83,1,1
68967,122,122,0,0
68968,103,97,6,6
68969,65,65,0,0
68970,111,114,-3,3
68971,177,171,6,6
68972,64,69,-5,5
68973,159,156,3,3
68974,123,123,0,0
68975,67,72,-5,5
68976,138,140,-2,2
68977,88,96,-8,8
68978,94,106,-12,12
68979,114,102,12,12
68980,81,81,0,0
68981,68,71,-3,3
68982,214,191,23,23
68983,145,125,20,20
68984,54,65,-11,11
68985,100,94,6,6
68986,146,138,8,8
68987,213,186,27,27
68988,106,112,-6,6
68989,57,58,-1,1
68990,128,121,7,7
68991,97,96,1,1
68992,90,98,-8,8
68993,102,98,4,4
68994,153,133,20,20
68995,84,84,0,0
68996,27,43,-16,16
68997,51,57,-6,6
68998,73,80,-7,7
68999,86,83,3,3
69000,77,78,-1,1
69001,154,136,18,18
69002,107,100,7,7
69003,173,162,11,11
69004,80,82,-2,2
69005,92,93,-1,1
69006,86,86,0,0
69007,70,75,-5,5
69008,116,118,-2,2
69009,79,81,-2,2
69010,101,98,3,3
69011,138,129,9,9
69012,125,107,18,18
69013,65,73,-8,8
69014,82,87,-5,5
69015,88,93,-5,5
69016,40,61,-21,21
69017,104,102,2,2
69018,111,107,4,4
69019,81,82,-1,1
69020,67,83,-16,16
69021,91,98,-7,7
69022,135,130,5,5
69023,155,161,-6,6
69024,89,84,5,5
69025,58,74,-16,16
69026,137,127,10,10
69027,69,73,-4,4
69028,84,85,-1,1
69029,110,96,14,14
69030,68,95,-27,27
69031,126,110,16,16
69032,185,144,41,41
69033,64,62,2,2
69034,119,111,8,8
69035,133,124,9,9
69036,96,91,5,5
69037,54,64,-10,10
69038,90,88,2,2
69039,75,74,1,1
69040,123,125,-2,2
69041,91,93,-2,2
69042,114,111,3,3
69043,49,82,-33,33
69044,119,108,11,11
69045,78,78,0,0
69046,105,99,6,6
69047,113,110,3,3
69048,75,76,-1,1
69049,162,156,6,6
69050,62,66,-4,4
69051,93,83,10,10
69052,67,73,-6,6
69053,118,116,2,2
69054,76,78,-2,2
69055,132,121,11,11
69056,43,54,-11,11
69057,69,80,-11,11
69058,99,99,0,0
69059,81,79,2,2
69060,103,100,3,3
69061,87,82,5,5
69062,88,83,5,5
69063,92,90,2,2
69064,102,91,11,11
69065,53,63,-10,10
69066,80,82,-2,2
69067,86,80,6,6
69068,107,105,2,2
69069,165,163,2,2
69070,43,58,-15,15
69071,84,81,3,3
69072,129,125,4,4
69073,135,130,5,5
69074,32,67,-35,35
69075,49,71,-22,22
69076,91,93,-2,2
69077,72,79,-7,7
69078,85,83,2,2
69079,75,83,-8,8
69080,95,111,-16,16
69081,132,121,11,11
69082,98,104,-6,6
69083,34,47,-13,13
69084,114,109,5,5
69085,104,97,7,7
69086,111,100,11,11
69087,59,62,-3,3
69088,38,57,-19,19
69089,45,55,-10,10
69090,160,167,-7,7
69091,87,86,1,1
69092,78,86,-8,8
69093,180,143,37,37
69094,112,114,-2,2
69095,99,102,-3,3
69096,77,82,-5,5
69097,64,83,-19,19
69098,93,80,13,13
69099,135,148,-13,13
69100,80,82,-2,2
69101,105,91,14,14
69102,93,95,-2,2
69103,97,100,-3,3
69104,93,100,-7,7
69105,126,104,22,22
69106,100,95,5,5
69107,93,91,2,2
69108,116,112,4,4
69109,89,87,2,2
69110,72,86,-14,14
69111,158,137,21,21
69112,107,92,15,15
69113,57,68,-11,11
69114,95,102,-7,7
69115,199,184,15,15
69116,98,96,2,2
69117,50,61,-11,11
69118,72,73,-1,1
69119,86,81,5,5
69120,36,39,-3,3
69121,77,72,5,5
69122,144,141,3,3
69123,101,115,-14,14
69124,141,137,4,4
69125,136,122,14,14
69126,81,78,3,3
69127,96,114,-18,18
69128,92,90,2,2
69129,37,54,-17,17
69130,117,115,2,2
69131,96,95,1,1
69132,120,132,-12,12
69133,58,67,-9,9
69134,147,120,27,27
69135,60,72,-12,12
69136,85,83,2,2
69137,71,72,-1,1
69138,74,73,1,1
69139,98,98,0,0
69140,59,65,-6,6
69141,77,82,-5,5
69142,77,84,-7,7
69143,76,80,-4,4
69144,52,64,-12,12
69145,116,107,9,9
69146,78,87,-9,9
69147,74,80,-6,6
69148,124,117,7,7
69149,58,60,-2,2
69150,86,83,3,3
69151,132,118,14,14
69152,108,97,11,11
69153,38,52,-14,14
69154,138,135,3,3
69155,74,77,-3,3
69156,73,80,-7,7
69157,95,83,12,12
69158,129,129,0,0
69159,102,95,7,7
69160,112,104,8,8
69161,141,135,6,6
69162,76,78,-2,2
69163,142,134,8,8
69164,72,75,-3,3
69165,163,152,11,11
69166,122,116,6,6
69167,44,50,-6,6
69168,104,101,3,3
69169,72,84,-12,12
69170,60,65,-5,5
69171,69,71,-2,2
69172,113,103,10,10
69173,89,87,2,2
69174,42,53,-11,11
69175,146,138,8,8
69176,147,121,26,26
69177,132,144,-12,12
69178,107,99,8,8
69179,77,84,-7,7
69180,102,99,3,3
69181,153,133,20,20
69182,56,79,-23,23
69183,105,106,-1,1
69184,129,123,6,6
69185,99,94,5,5
69186,55,64,-9,9
69187,102,110,-8,8
69188,102,94,8,8
69189,111,109,2,2
69190,123,123,0,0
69191,62,73,-11,11
69192,152,160,-8,8
69193,89,85,4,4
69194,94,87,7,7
69195,35,58,-23,23
69196,94,93,1,1
69197,110,112,-2,2
69198,175,170,5,5
69199,105,97,8,8
69200,42,57,-15,15
69201,152,138,14,14
69202,149,134,15,15
69203,207,179,28,28
69204,152,152,0,0
69205,88,96,-8,8
69206,94,90,4,4
69207,76,75,1,1
69208,84,85,-1,1
69209,87,85,2,2
69210,59,58,1,1
69211,112,103,9,9
69212,110,100,10,10
69213,136,111,25,25
69214,81,94,-13,13
69215,177,157,20,20
69216,120,122,-2,2
69217,86,84,2,2
69218,57,66,-9,9
69219,100,83,17,17
69220,134,126,8,8
69221,75,76,-1,1
69222,88,85,3,3
69223,82,89,-7,7
69224,54,66,-12,12
69225,74,75,-1,1
69226,50,60,-10,10
69227,125,113,12,12
69228,85,88,-3,3
69229,148,139,9,9
69230,88,92,-4,4
69231,58,77,-19,19
69232,124,105,19,19
69233,129,125,4,4
69234,100,97,3,3
69235,76,80,-4,4
69236,86,80,6,6
69237,57,75,-18,18
69238,84,86,-2,2
69239,103,95,8,8
69240,87,86,1,1
69241,114,113,1,1
69242,58,68,-10,10
69243,100,93,7,7
69244,92,98,-6,6
69245,78,83,-5,5
69246,73,86,-13,13
69247,73,72,1,1
69248,106,104,2,2
69249,135,129,6,6
69250,95,106,-11,11
69251,75,83,-8,8
69252,116,120,-4,4
69253,58,64,-6,6
69254,135,122,13,13
69255,75,79,-4,4
69256,51,63,-12,12
69257,69,73,-4,4
69258,97,108,-11,11
69259,73,81,-8,8
69260,91,96,-5,5
69261,156,148,8,8
69262,67,76,-9,9
69263,77,80,-3,3
69264,133,135,-2,2
69265,129,142,-13,13
69266,110,105,5,5
69267,121,131,-10,10
69268,150,141,9,9
69269,89,87,2,2
69270,71,78,-7,7
69271,119,103,16,16
69272,70,81,-11,11
69273,121,125,-4,4
69274,116,115,1,1
69275,123,126,-3,3
69276,95,88,7,7
69277,70,73,-3,3
69278,111,95,16,16
69279,113,106,7,7
69280,92,80,12,12
69281,52,66,-14,14
69282,114,110,4,4
69283,106,100,6,6
69284,102,114,-12,12
69285,72,84,-12,12
69286,134,116,18,18
69287,101,97,4,4
69288,134,117,17,17
69289,111,110,1,1
69290,99,98,1,1
69291,98,92,6,6
69292,94,96,-2,2
69293,44,57,-13,13
69294,92,96,-4,4
69295,81,82,-1,1
69296,74,80,-6,6
69297,51,57,-6,6
69298,135,127,8,8
69299,34,52,-18,18
69300,151,146,5,5
69301,64,70,-6,6
69302,105,109,-4,4
69303,117,99,18,18
69304,88,87,1,1
69305,100,101,-1,1
69306,88,85,3,3
69307,84,85,-1,1
69308,189,179,10,10
69309,45,60,-15,15
69310,64,72,-8,8
69311,94,93,1,1
69312,199,179,20,20
69313,80,78,2,2
69314,105,107,-2,2
69315,112,105,7,7
69316,59,52,7,7
69317,54,65,-11,11
69318,123,112,11,11
69319,59,67,-8,8
69320,186,170,16,16
69321,110,107,3,3
69322,117,106,11,11
69323,82,84,-2,2
69324,202,168,34,34
69325,129,110,19,19
69326,91,94,-3,3
69327,131,106,25,25
69328,117,104,13,13
69329,82,78,4,4
69330,78,86,-8,8
69331,129,124,5,5
69332,46,50,-4,4
69333,122,122,0,0
69334,124,112,12,12
69335,186,190,-4,4
69336,103,99,4,4
69337,112,114,-2,2
69338,135,135,0,0
69339,68,75,-7,7
69340,110,107,3,3
69341,57,65,-8,8
69342,144,135,9,9
69343,115,99,16,16
69344,143,133,10,10
69345,75,84,-9,9
69346,69,70,-1,1
69347,140,122,18,18
69348,93,98,-5,5
69349,74,78,-4,4
69350,165,158,7,7
69351,77,83,-6,6
69352,57,66,-9,9
69353,87,99,-12,12
69354,123,122,1,1
69355,78,85,-7,7
69356,120,118,2,2
69357,100,98,2,2
69358,112,110,2,2
69359,87,92,-5,5
69360,98,84,14,14
69361,106,103,3,3
69362,91,97,-6,6
69363,107,104,3,3
69364,67,69,-2,2
69365,125,119,6,6
69366,61,62,-1,1
69367,96,99,-3,3
69368,73,77,-4,4
69369,70,75,-5,5
69370,89,84,5,5
69371,114,107,7,7
69372,74,82,-8,8
69373,133,113,20,20
69374,107,109,-2,2
69375,91,89,2,2
69376,83,79,4,4
69377,76,76,0,0
69378,75,85,-10,10
69379,83,83,0,0
69380,62,69,-7,7
69381,71,83,-12,12
69382,40,51,-11,11
69383,131,118,13,13
69384,138,138,0,0
69385,43,60,-17,17
69386,76,85,-9,9
69387,128,148,-20,20
69388,62,68,-6,6
69389,128,118,10,10
69390,79,85,-6,6
69391,140,126,14,14
69392,94,101,-7,7
69393,96,96,0,0
69394,43,53,-10,10
69395,159,147,12,12
69396,62,64,-2,2
69397,131,120,11,11
69398,65,70,-5,5
69399,63,73,-10,10
69400,116,123,-7,7
69401,65,83,-18,18
69402,70,73,-3,3
69403,56,65,-9,9
69404,95,95,0,0
69405,120,109,11,11
69406,93,97,-4,4
69407,92,91,1,1
69408,101,92,9,9
69409,106,106,0,0
69410,151,137,14,14
69411,98,94,4,4
69412,63,71,-8,8
69413,120,119,1,1
69414,93,90,3,3
69415,89,85,4,4
69416,47,59,-12,12
69417,92,95,-3,3
69418,95,87,8,8
69419,90,84,6,6
69420,116,103,13,13
69421,88,90,-2,2
69422,107,112,-5,5
69423,168,175,-7,7
69424,49,58,-9,9
69425,111,103,8,8
69426,76,83,-7,7
69427,89,89,0,0
69428,72,78,-6,6
69429,131,126,5,5
69430,61,78,-17,17
69431,106,98,8,8
69432,65,75,-10,10
69433,76,80,-4,4
69434,62,96,-34,34
69435,63,68,-5,5
69436,77,79,-2,2
69437,120,106,14,14
69438,109,107,2,2
69439,93,91,2,2
69440,66,70,-4,4
69441,72,72,0,0
69442,94,87,7,7
69443,143,124,19,19
69444,75,80,-5,5
69445,99,98,1,1
69446,112,112,0,0
69447,66,75,-9,9
69448,72,72,0,0
69449,46,62,-16,16
69450,100,98,2,2
69451,89,83,6,6
69452,101,98,3,3
69453,63,66,-3,3
69454,108,103,5,5
69455,89,92,-3,3
69456,101,100,1,1
69457,94,92,2,2
69458,73,79,-6,6
69459,148,117,31,31
69460,142,128,14,14
69461,92,91,1,1
69462,151,138,13,13
69463,119,112,7,7
69464,61,71,-10,10
69465,124,122,2,2
69466,46,64,-18,18
69467,67,81,-14,14
69468,46,70,-24,24
69469,81,78,3,3
69470,104,106,-2,2
69471,47,56,-9,9
69472,88,90,-2,2
69473,115,86,29,29
69474,92,109,-17,17
69475,100,86,14,14
69476,141,133,8,8
69477,107,103,4,4
69478,127,108,19,19
69479,117,122,-5,5
69480,72,76,-4,4
69481,81,86,-5,5
69482,100,126,-26,26
69483,84,101,-17,17
69484,70,70,0,0
69485,152,139,13,13
69486,32,52,-20,20
69487,121,117,4,4
69488,69,74,-5,5
69489,63,73,-10,10
69490,76,80,-4,4
69491,81,86,-5,5
69492,106,99,7,7
69493,69,80,-11,11
69494,54,64,-10,10
69495,92,88,4,4
69496,61,71,-10,10
69497,141,124,17,17
69498,78,80,-2,2
69499,124,139,-15,15
69500,94,94,0,0
69501,66,75,-9,9
69502,156,154,2,2
69503,80,99,-19,19
69504,84,88,-4,4
69505,161,155,6,6
69506,106,96,10,10
69507,98,100,-2,2
69508,108,102,6,6
69509,109,99,10,10
69510,85,85,0,0
69511,74,83,-9,9
69512,74,77,-3,3
69513,88,98,-10,10
69514,128,118,10,10
69515,93,90,3,3
69516,140,132,8,8
69517,109,103,6,6
69518,58,64,-6,6
69519,73,69,4,4
69520,86,88,-2,2
69521,94,94,0,0
69522,332,305,27,27
69523,112,100,12,12
69524,48,57,-9,9
69525,73,81,-8,8
69526,116,111,5,5
69527,105,92,13,13
69528,65,71,-6,6
69529,108,101,7,7
69530,83,94,-11,11
69531,81,87,-6,6
69532,155,156,-1,1
69533,110,101,9,9
69534,120,107,13,13
69535,92,85,7,7
69536,152,139,13,13
69537,131,131,0,0
69538,48,71,-23,23
69539,68,71,-3,3
69540,74,75,-1,1
69541,86,97,-11,11
69542,148,153,-5,5
69543,188,175,13,13
69544,79,87,-8,8
69545,125,116,9,9
69546,95,83,12,12
69547,63,67,-4,4
69548,78,78,0,0
69549,116,116,0,0
69550,83,85,-2,2
69551,68,75,-7,7
69552,104,109,-5,5
69553,107,102,5,5
69554,93,85,8,8
69555,115,111,4,4
69556,105,88,17,17
69557,76,95,-19,19
69558,129,114,15,15
69559,53,58,-5,5
69560,78,91,-13,13
69561,108,104,4,4
69562,39,53,-14,14
69563,81,79,2,2
69564,122,122,0,0
69565,74,76,-2,2
69566,63,73,-10,10
69567,115,106,9,9
69568,119,120,-1,1
69569,130,123,7,7
69570,103,123,-20,20
69571,107,107,0,0
69572,69,81,-12,12
69573,130,116,14,14
69574,98,111,-13,13
69575,126,111,15,15
69576,119,102,17,17
69577,86,90,-4,4
69578,211,194,17,17
69579,82,84,-2,2
69580,64,68,-4,4
69581,96,79,17,17
69582,63,69,-6,6
69583,102,101,1,1
69584,119,119,0,0
69585,82,88,-6,6
69586,119,107,12,12
69587,64,69,-5,5
69588,48,57,-9,9
69589,140,130,10,10
69590,112,102,10,10
69591,93,103,-10,10
69592,88,88,0,0
69593,93,93,0,0
69594,60,65,-5,5
69595,66,73,-7,7
69596,48,56,-8,8
69597,101,94,7,7
69598,54,65,-11,11
69599,99,91,8,8
69600,81,82,-1,1
69601,155,140,15,15
69602,80,83,-3,3
69603,69,75,-6,6
69604,65,80,-15,15
69605,81,89,-8,8
69606,100,101,-1,1
69607,89,96,-7,7
69608,86,92,-6,6
69609,107,109,-2,2
69610,61,71,-10,10
69611,59,64,-5,5
69612,51,66,-15,15
69613,147,144,3,3
69614,127,109,18,18
69615,130,131,-1,1
69616,53,59,-6,6
69617,117,96,21,21
69618,132,127,5,5
69619,119,112,7,7
69620,107,94,13,13
69621,79,94,-15,15
69622,157,150,7,7
69623,125,106,19,19
69624,60,69,-9,9
69625,79,75,4,4
69626,80,85,-5,5
69627,151,130,21,21
69628,109,101,8,8
69629,64,70,-6,6
69630,111,98,13,13
69631,44,61,-17,17
69632,95,85,10,10
69633,137,124,13,13
69634,121,99,22,22
69635,51,66,-15,15
69636,53,71,-18,18
69637,93,90,3,3
69638,91,96,-5,5
69639,125,111,14,14
69640,59,69,-10,10
69641,63,68,-5,5
69642,111,97,14,14
69643,117,117,0,0
69644,74,79,-5,5
69645,117,115,2,2
69646,65,69,-4,4
69647,100,91,9,9
69648,227,213,14,14
69649,145,158,-13,13
69650,82,86,-4,4
69651,93,81,12,12
69652,120,127,-7,7
69653,122,107,15,15
69654,121,110,11,11
69655,106,89,17,17
69656,95,99,-4,4
69657,71,75,-4,4
69658,64,76,-12,12
69659,103,102,1,1
69660,66,80,-14,14
69661,60,69,-9,9
69662,85,86,-1,1
69663,110,105,5,5
69664,109,106,3,3
69665,80,95,-15,15
69666,80,73,7,7
69667,147,145,2,2
69668,107,109,-2,2
69669,61,67,-6,6
69670,163,156,7,7
69671,60,67,-7,7
69672,85,84,1,1
69673,152,156,-4,4
69674,90,90,0,0
69675,81,81,0,0
69676,76,75,1,1
69677,95,90,5,5
69678,70,74,-4,4
69679,101,96,5,5
69680,65,68,-3,3
69681,78,87,-9,9
69682,94,95,-1,1
69683,69,75,-6,6
69684,161,158,3,3
69685,97,101,-4,4
69686,66,77,-11,11
69687,171,152,19,19
69688,93,84,9,9
69689,98,90,8,8
69690,101,102,-1,1
69691,97,98,-1,1
69692,74,83,-9,9
69693,88,79,9,9
69694,184,179,5,5
69695,74,82,-8,8
69696,65,78,-13,13
69697,193,173,20,20
69698,103,96,7,7
69699,57,68,-11,11
69700,113,129,-16,16
69701,145,161,-16,16
69702,60,70,-10,10
69703,128,135,-7,7
69704,89,89,0,0
69705,80,83,-3,3
69706,79,75,4,4
69707,114,105,9,9
69708,200,186,14,14
69709,133,124,9,9
69710,114,103,11,11
69711,125,113,12,12
69712,82,83,-1,1
69713,90,84,6,6
69714,95,93,2,2
69715,140,142,-2,2
69716,96,100,-4,4
69717,186,171,15,15
69718,89,98,-9,9
69719,57,65,-8,8
69720,76,80,-4,4
69721,64,70,-6,6
69722,138,125,13,13
69723,97,92,5,5
69724,95,104,-9,9
69725,157,153,4,4
69726,76,75,1,1
69727,77,84,-7,7
69728,110,105,5,5
69729,191,174,17,17
69730,70,77,-7,7
69731,100,111,-11,11
69732,98,101,-3,3
69733,64,72,-8,8
69734,106,100,6,6
69735,95,95,0,0
69736,70,81,-11,11
69737,132,114,18,18
69738,43,49,-6,6
69739,177,156,21,21
69740,59,66,-7,7
69741,42,59,-17,17
69742,40,48,-8,8
69743,82,40,42,42
69744,79,85,-6,6
69745,62,78,-16,16
69746,108,100,8,8
69747,103,111,-8,8
69748,92,88,4,4
69749,63,71,-8,8
69750,65,72,-7,7
69751,144,143,1,1
69752,92,92,0,0
69753,129,125,4,4
69754,137,135,2,2
69755,122,122,0,0
69756,48,72,-24,24
69757,85,75,10,10
69758,90,96,-6,6
69759,82,75,7,7
69760,112,102,10,10
69761,85,85,0,0
69762,91,85,6,6
69763,78,84,-6,6
69764,69,75,-6,6
69765,121,107,14,14
69766,68,77,-9,9
69767,131,127,4,4
69768,89,90,-1,1
69769,93,89,4,4
69770,54,57,-3,3
69771,136,133,3,3
69772,35,77,-42,42
69773,178,156,22,22
69774,105,99,6,6
69775,145,143,2,2
69776,75,85,-10,10
69777,117,103,14,14
69778,63,70,-7,7
69779,132,125,7,7
69780,100,101,-1,1
69781,67,72,-5,5
69782,47,62,-15,15
69783,128,114,14,14
69784,119,123,-4,4
69785,119,116,3,3
69786,93,80,13,13
69787,121,117,4,4
69788,79,77,2,2
69789,166,154,12,12
69790,87,82,5,5
69791,85,87,-2,2
69792,80,82,-2,2
69793,68,73,-5,5
69794,131,131,0,0
69795,124,115,9,9
69796,146,146,0,0
69797,71,71,0,0
69798,89,99,-10,10
69799,60,72,-12,12
69800,64,68,-4,4
69801,63,75,-12,12
69802,61,70,-9,9
69803,119,103,16,16
69804,83,89,-6,6
69805,96,97,-1,1
69806,116,130,-14,14
69807,122,113,9,9
69808,102,94,8,8
69809,85,87,-2,2
69810,129,129,0,0
69811,109,98,11,11
69812,41,53,-12,12
69813,95,98,-3,3
69814,131,107,24,24
69815,98,80,18,18
69816,105,97,8,8
69817,35,57,-22,22
69818,65,69,-4,4
69819,69,72,-3,3
69820,72,75,-3,3
69821,101,102,-1,1
69822,86,85,1,1
69823,103,102,1,1
69824,110,97,13,13
69825,77,74,3,3
69826,98,78,20,20
69827,107,100,7,7
69828,72,81,-9,9
69829,109,105,4,4
69830,68,69,-1,1
69831,64,67,-3,3
69832,158,150,8,8
69833,112,114,-2,2
69834,71,84,-13,13
69835,119,111,8,8
69836,63,72,-9,9
69837,66,70,-4,4
69838,90,86,4,4
69839,114,115,-1,1
69840,81,85,-4,4
69841,136,122,14,14
69842,92,89,3,3
69843,46,69,-23,23
69844,48,58,-10,10
69845,99,88,11,11
69846,63,75,-12,12
69847,113,109,4,4
69848,77,82,-5,5
69849,95,106,-11,11
69850,95,93,2,2
69851,92,95,-3,3
69852,77,78,-1,1
69853,108,104,4,4
69854,80,82,-2,2
69855,106,103,3,3
69856,193,181,12,12
69857,138,120,18,18
69858,146,141,5,5
69859,146,144,2,2
69860,121,106,15,15
69861,134,115,19,19
69862,92,94,-2,2
69863,109,101,8,8
69864,94,98,-4,4
69865,96,101,-5,5
69866,105,117,-12,12
69867,124,124,0,0
69868,101,96,5,5
69869,63,76,-13,13
69870,91,93,-2,2
69871,75,85,-10,10
69872,89,100,-11,11
69873,134,129,5,5
69874,130,118,12,12
69875,71,85,-14,14
69876,152,145,7,7
69877,79,69,10,10
69878,82,75,7,7
69879,80,92,-12,12
69880,51,63,-12,12
69881,134,126,8,8
69882,120,103,17,17
69883,88,86,2,2
69884,66,78,-12,12
69885,40,59,-19,19
69886,81,76,5,5
69887,125,111,14,14
69888,57,65,-8,8
69889,127,114,13,13
69890,70,70,0,0
69891,144,101,43,43
69892,100,108,-8,8
69893,190,166,24,24
69894,79,83,-4,4
69895,95,78,17,17
69896,86,78,8,8
69897,75,67,8,8
69898,108,99,9,9
69899,74,78,-4,4
69900,110,116,-6,6
69901,121,109,12,12
69902,75,80,-5,5
69903,193,166,27,27
69904,102,97,5,5
69905,83,86,-3,3
69906,161,154,7,7
69907,43,63,-20,20
69908,157,172,-15,15
69909,152,154,-2,2
69910,166,151,15,15
69911,61,67,-6,6
69912,123,114,9,9
69913,77,71,6,6
69914,76,74,2,2
69915,103,106,-3,3
69916,73,75,-2,2
69917,94,99,-5,5
69918,71,81,-10,10
69919,69,84,-15,15
69920,46,56,-10,10
69921,59,67,-8,8
69922,109,99,10,10
69923,166,167,-1,1
69924,65,69,-4,4
69925,97,94,3,3
69926,170,153,17,17
69927,76,81,-5,5
69928,79,81,-2,2
69929,84,92,-8,8
69930,36,46,-10,10
69931,149,143,6,6
69932,61,65,-4,4
69933,109,104,5,5
69934,160,137,23,23
69935,96,90,6,6
69936,139,137,2,2
69937,59,67,-8,8
69938,52,54,-2,2
69939,148,133,15,15
69940,90,77,13,13
69941,68,67,1,1
69942,60,69,-9,9
69943,110,105,5,5
69944,80,98,-18,18
69945,37,49,-12,12
69946,75,86,-11,11
69947,62,74,-12,12
69948,66,72,-6,6
69949,99,102,-3,3
69950,105,100,5,5
69951,165,147,18,18
69952,164,152,12,12
69953,93,94,-1,1
69954,58,79,-21,21
69955,93,90,3,3
69956,37,52,-15,15
69957,68,76,-8,8
69958,122,123,-1,1
69959,36,50,-14,14
69960,109,104,5,5
69961,111,102,9,9
69962,39,53,-14,14
69963,139,129,10,10
69964,109,107,2,2
69965,169,161,8,8
69966,138,132,6,6
69967,104,118,-14,14
69968,170,177,-7,7
69969,66,73,-7,7
69970,154,148,6,6
69971,46,60,-14,14
69972,136,119,17,17
69973,81,81,0,0
69974,390,307,83,83
69975,88,86,2,2
69976,66,80,-14,14
69977,69,73,-4,4
69978,48,61,-13,13
69979,136,124,12,12
69980,85,86,-1,1
69981,73,76,-3,3
69982,128,134,-6,6
69983,90,99,-9,9
69984,105,103,2,2
69985,127,116,11,11
69986,102,101,1,1
69987,111,102,9,9
69988,110,97,13,13
69989,92,88,4,4
69990,66,101,-35,35
69991,103,99,4,4
69992,111,100,11,11
69993,120,114,6,6
69994,96,98,-2,2
69995,141,132,9,9
69996,89,103,-14,14
69997,66,73,-7,7
69998,95,86,9,9
69999,83,90,-7,7
70000,62,68,-6,6
70001,136,132,4,4
70002,99,99,0,0
70003,78,75,3,3
70004,79,87,-8,8
70005,86,82,4,4
70006,70,75,-5,5
70007,128,124,4,4
70008,100,83,17,17
70009,116,100,16,16
70010,165,175,-10,10
70011,125,118,7,7
70012,63,74,-11,11
70013,93,99,-6,6
70014,135,120,15,15
70015,61,66,-5,5
70016,55,74,-19,19
70017,95,90,5,5
70018,98,98,0,0
70019,54,63,-9,9
70020,85,87,-2,2
70021,96,86,10,10
70022,132,128,4,4
70023,81,87,-6,6
70024,57,68,-11,11
70025,71,73,-2,2
70026,92,91,1,1
70027,99,86,13,13
70028,87,85,2,2
70029,116,99,17,17
70030,46,61,-15,15
70031,29,39,-10,10
70032,163,166,-3,3
70033,110,100,10,10
70034,68,74,-6,6
70035,62,67,-5,5
70036,60,62,-2,2
70037,91,96,-5,5
70038,35,48,-13,13
70039,61,72,-11,11
70040,101,87,14,14
70041,135,125,10,10
70042,169,164,5,5
70043,122,110,12,12
70044,182,167,15,15
70045,86,93,-7,7
70046,121,109,12,12
70047,65,68,-3,3
70048,84,89,-5,5
70049,98,90,8,8
70050,61,70,-9,9
70051,71,82,-11,11
70052,54,66,-12,12
70053,130,115,15,15
70054,47,60,-13,13
70055,78,79,-1,1
70056,83,77,6,6
70057,119,104,15,15
70058,86,82,4,4
70059,92,94,-2,2
70060,76,77,-1,1
70061,80,86,-6,6
70062,103,94,9,9
70063,113,106,7,7
70064,79,86,-7,7
70065,68,74,-6,6
70066,115,106,9,9
70067,62,73,-11,11
70068,107,115,-8,8
70069,115,104,11,11
70070,138,135,3,3
70071,115,119,-4,4
70072,117,102,15,15
70073,92,133,-41,41
70074,122,109,13,13
70075,54,64,-10,10
70076,76,82,-6,6
70077,96,93,3,3
70078,57,67,-10,10
70079,108,107,1,1
70080,104,105,-1,1
70081,107,106,1,1
70082,66,68,-2,2
70083,57,68,-11,11
70084,72,75,-3,3
70085,63,94,-31,31
70086,119,120,-1,1
70087,123,111,12,12
70088,86,86,0,0
70089,121,101,20,20
70090,72,71,1,1
70091,70,75,-5,5
70092,84,79,5,5
70093,72,79,-7,7
70094,61,64,-3,3
70095,128,111,17,17
70096,90,95,-5,5
70097,138,148,-10,10
70098,80,82,-2,2
70099,134,102,32,32
70100,135,134,1,1
70101,108,101,7,7
70102,114,103,11,11
70103,87,82,5,5
70104,29,59,-30,30
70105,84,84,0,0
70106,139,135,4,4
70107,126,111,15,15
70108,61,64,-3,3
70109,22,41,-19,19
70110,61,77,-16,16
70111,74,85,-11,11
70112,120,111,9,9
70113,69,75,-6,6
70114,61,74,-13,13
70115,88,93,-5,5
70116,102,104,-2,2
70117,107,104,3,3
70118,103,98,5,5
70119,89,96,-7,7
70120,134,133,1,1
70121,52,70,-18,18
70122,63,91,-28,28
70123,116,104,12,12
70124,123,133,-10,10
70125,101,95,6,6
70126,58,67,-9,9
70127,95,96,-1,1
70128,66,70,-4,4
70129,69,72,-3,3
70130,107,100,7,7
70131,118,125,-7,7
70132,155,135,20,20
70133,75,78,-3,3
70134,103,95,8,8
70135,81,79,2,2
70136,94,94,0,0
70137,64,71,-7,7
70138,135,127,8,8
70139,116,132,-16,16
70140,213,185,28,28
70141,87,88,-1,1
70142,109,121,-12,12
70143,149,142,7,7
70144,81,94,-13,13
70145,78,80,-2,2
70146,62,68,-6,6
70147,73,79,-6,6
70148,68,65,3,3
70149,103,88,15,15
70150,121,104,17,17
70151,165,149,16,16
70152,105,100,5,5
70153,71,70,1,1
70154,139,143,-4,4
70155,75,100,-25,25
70156,146,151,-5,5
70157,88,91,-3,3
70158,184,179,5,5
70159,122,106,16,16
70160,50,80,-30,30
70161,98,97,1,1
70162,28,74,-46,46
70163,68,68,0,0
70164,34,48,-14,14
70165,88,80,8,8
70166,87,92,-5,5
70167,91,87,4,4
70168,97,94,3,3
70169,93,79,14,14
70170,46,55,-9,9
70171,63,69,-6,6
70172,54,67,-13,13
70173,68,77,-9,9
70174,100,111,-11,11
70175,51,61,-10,10
70176,92,95,-3,3
70177,111,108,3,3
70178,66,68,-2,2
70179,60,74,-14,14
70180,66,70,-4,4
70181,130,106,24,24
70182,125,108,17,17
70183,134,133,1,1
70184,139,136,3,3
70185,105,109,-4,4
70186,70,77,-7,7
70187,106,98,8,8
70188,146,128,18,18
70189,144,144,0,0
70190,108,123,-15,15
70191,77,82,-5,5
70192,99,94,5,5
70193,79,82,-3,3
70194,65,72,-7,7
70195,65,81,-16,16
70196,89,98,-9,9
70197,128,111,17,17
70198,95,115,-20,20
70199,131,140,-9,9
70200,48,55,-7,7
70201,127,111,16,16
70202,102,101,1,1
70203,127,117,10,10
70204,53,65,-12,12
70205,148,130,18,18
70206,173,155,18,18
70207,110,104,6,6
70208,61,69,-8,8
70209,65,71,-6,6
70210,83,80,3,3
70211,125,122,3,3
70212,94,93,1,1
70213,82,82,0,0
70214,95,90,5,5
70215,48,61,-13,13
70216,112,109,3,3
70217,74,76,-2,2
70218,114,101,13,13
70219,64,75,-11,11
70220,109,99,10,10
70221,163,148,15,15
70222,136,131,5,5
70223,218,191,27,27
70224,114,104,10,10
70225,152,142,10,10
70226,115,114,1,1
70227,70,79,-9,9
70228,76,78,-2,2
70229,101,100,1,1
70230,122,111,11,11
70231,95,87,8,8
70232,112,138,-26,26
70233,114,112,2,2
70234,93,92,1,1
70235,56,74,-18,18
70236,110,113,-3,3
70237,97,95,2,2
70238,86,96,-10,10
70239,87,85,2,2
70240,55,75,-20,20
70241,183,192,-9,9
70242,99,99,0,0
70243,102,99,3,3
70244,113,107,6,6
70245,95,92,3,3
70246,191,168,23,23
70247,82,86,-4,4
70248,55,60,-5,5
70249,60,68,-8,8
70250,81,75,6,6
70251,87,87,0,0
70252,142,140,2,2
70253,97,85,12,12
70254,116,99,17,17
70255,73,77,-4,4
70256,87,91,-4,4
70257,102,93,9,9
70258,57,67,-10,10
70259,56,68,-12,12
70260,193,159,34,34
70261,99,97,2,2
70262,61,72,-11,11
70263,90,86,4,4
70264,129,133,-4,4
70265,86,88,-2,2
70266,68,79,-11,11
70267,106,97,9,9
70268,101,107,-6,6
70269,139,126,13,13
70270,97,102,-5,5
70271,79,90,-11,11
70272,54,66,-12,12
70273,47,61,-14,14
70274,119,105,14,14
70275,93,93,0,0
70276,70,73,-3,3
70277,109,104,5,5
70278,55,74,-19,19
70279,127,129,-2,2
70280,76,81,-5,5
70281,35,52,-17,17
70282,66,70,-4,4
70283,72,76,-4,4
70284,91,99,-8,8
70285,128,135,-7,7
70286,123,120,3,3
70287,129,124,5,5
70288,106,96,10,10
70289,84,90,-6,6
70290,99,88,11,11
70291,59,64,-5,5
70292,54,67,-13,13
70293,120,114,6,6
70294,188,168,20,20
70295,83,83,0,0
70296,146,128,18,18
70297,69,74,-5,5
70298,58,65,-7,7
70299,173,141,32,32
70300,131,116,15,15
70301,150,137,13,13
70302,115,107,8,8
70303,107,96,11,11
70304,131,132,-1,1
70305,101,99,2,2
70306,105,91,14,14
70307,104,102,2,2
70308,138,122,16,16
70309,62,68,-6,6
70310,88,93,-5,5
70311,44,56,-12,12
70312,116,115,1,1
70313,84,84,0,0
70314,80,99,-19,19
70315,112,107,5,5
70316,85,83,2,2
70317,82,79,3,3
70318,101,101,0,0
70319,123,120,3,3
70320,137,125,12,12
70321,112,96,16,16
70322,72,80,-8,8
70323,100,94,6,6
70324,106,97,9,9
70325,64,61,3,3
70326,115,102,13,13
70327,44,58,-14,14
70328,112,107,5,5
70329,113,102,11,11
70330,203,176,27,27
70331,113,102,11,11
70332,154,148,6,6
70333,88,92,-4,4
70334,88,99,-11,11
70335,56,67,-11,11
70336,116,113,3,3
70337,104,100,4,4
70338,96,93,3,3
70339,99,98,1,1
70340,98,104,-6,6
70341,128,133,-5,5
70342,79,78,1,1
70343,97,102,-5,5
70344,68,80,-12,12
70345,93,84,9,9
70346,99,96,3,3
70347,68,73,-5,5
70348,83,81,2,2
70349,85,88,-3,3
70350,89,97,-8,8
70351,95,91,4,4
70352,133,125,8,8
70353,86,86,0,0
70354,94,95,-1,1
70355,63,76,-13,13
70356,134,126,8,8
70357,79,85,-6,6
70358,55,62,-7,7
70359,82,87,-5,5
70360,60,72,-12,12
70361,63,76,-13,13
70362,179,159,20,20
70363,127,123,4,4
70364,65,67,-2,2
70365,101,101,0,0
70366,112,103,9,9
70367,66,72,-6,6
70368,104,101,3,3
70369,80,97,-17,17
70370,84,79,5,5
70371,57,66,-9,9
70372,55,62,-7,7
70373,134,128,6,6
70374,125,114,11,11
70375,83,84,-1,1
70376,66,69,-3,3
70377,59,83,-24,24
70378,117,112,5,5
70379,103,117,-14,14
70380,101,93,8,8
70381,128,123,5,5
70382,92,96,-4,4
70383,167,153,14,14
70384,79,81,-2,2
70385,121,111,10,10
70386,85,82,3,3
70387,80,70,10,10
70388,26,41,-15,15
70389,52,65,-13,13
70390,58,72,-14,14
70391,137,129,8,8
70392,48,60,-12,12
70393,138,128,10,10
70394,81,72,9,9
70395,132,124,8,8
70396,111,102,9,9
70397,115,112,3,3
70398,129,123,6,6
70399,125,121,4,4
70400,138,160,-22,22
70401,51,66,-15,15
70402,131,139,-8,8
70403,164,166,-2,2
70404,107,91,16,16
70405,102,99,3,3
70406,66,74,-8,8
70407,59,66,-7,7
70408,60,66,-6,6
70409,145,136,9,9
70410,143,133,10,10
70411,121,117,4,4
70412,98,103,-5,5
70413,107,94,13,13
70414,69,73,-4,4
70415,154,151,3,3
70416,93,94,-1,1
70417,93,96,-3,3
70418,41,50,-9,9
70419,103,104,-1,1
70420,81,83,-2,2
70421,105,95,10,10
70422,60,63,-3,3
70423,90,97,-7,7
70424,76,79,-3,3
70425,98,96,2,2
70426,70,73,-3,3
70427,49,65,-16,16
70428,113,106,7,7
70429,45,69,-24,24
70430,109,101,8,8
70431,53,65,-12,12
70432,98,87,11,11
70433,70,73,-3,3
70434,91,88,3,3
70435,126,115,11,11
70436,68,64,4,4
70437,54,79,-25,25
70438,99,91,8,8
70439,85,87,-2,2
70440,85,83,2,2
70441,93,96,-3,3
70442,69,74,-5,5
70443,59,65,-6,6
70444,47,65,-18,18
70445,83,84,-1,1
70446,103,105,-2,2
70447,93,84,9,9
70448,125,132,-7,7
70449,97,95,2,2
70450,103,104,-1,1
70451,79,82,-3,3
70452,103,112,-9,9
70453,132,118,14,14
70454,165,167,-2,2
70455,132,125,7,7
70456,88,86,2,2
70457,92,86,6,6
70458,75,77,-2,2
70459,108,97,11,11
70460,98,95,3,3
70461,133,149,-16,16
70462,75,72,3,3
70463,187,183,4,4
70464,123,116,7,7
70465,63,83,-20,20
70466,92,100,-8,8
70467,117,115,2,2
70468,98,88,10,10
70469,247,211,36,36
70470,98,98,0,0
70471,102,90,12,12
70472,66,78,-12,12
70473,62,64,-2,2
70474,84,86,-2,2
70475,52,58,-6,6
70476,107,100,7,7
70477,155,140,15,15
70478,118,114,4,4
70479,150,148,2,2
70480,112,104,8,8
70481,106,106,0,0
70482,61,67,-6,6
70483,101,99,2,2
70484,80,72,8,8
70485,65,84,-19,19
70486,86,85,1,1
70487,74,72,2,2
70488,163,142,21,21
70489,100,100,0,0
70490,44,60,-16,16
70491,86,77,9,9
70492,119,109,10,10
70493,80,79,1,1
70494,57,70,-13,13
70495,136,123,13,13
70496,113,113,0,0
70497,75,77,-2,2
70498,41,59,-18,18
70499,125,134,-9,9
70500,77,78,-1,1
70501,97,91,6,6
70502,159,161,-2,2
70503,43,57,-14,14
70504,47,61,-14,14
70505,53,64,-11,11
70506,141,123,18,18
70507,79,85,-6,6
70508,74,78,-4,4
70509,117,112,5,5
70510,39,57,-18,18
70511,74,82,-8,8
70512,131,128,3,3
70513,95,96,-1,1
70514,152,134,18,18
70515,80,86,-6,6
70516,125,105,20,20
70517,114,115,-1,1
70518,113,108,5,5
70519,58,74,-16,16
70520,98,90,8,8
70521,135,123,12,12
70522,88,95,-7,7
70523,147,142,5,5
70524,83,83,0,0
70525,145,138,7,7
70526,144,142,2,2
70527,142,127,15,15
70528,65,72,-7,7
70529,59,69,-10,10
70530,116,110,6,6
70531,51,66,-15,15
70532,48,59,-11,11
70533,113,115,-2,2
70534,87,69,18,18
70535,72,81,-9,9
70536,100,96,4,4
70537,66,73,-7,7
70538,106,108,-2,2
70539,128,111,17,17
70540,71,71,0,0
70541,69,80,-11,11
70542,117,126,-9,9
70543,125,121,4,4
70544,105,97,8,8
70545,43,53,-10,10
70546,154,154,0,0
70547,77,84,-7,7
70548,104,101,3,3
70549,112,106,6,6
70550,84,83,1,1
70551,69,72,-3,3
70552,135,122,13,13
70553,130,114,16,16
70554,117,122,-5,5
70555,47,66,-19,19
70556,114,112,2,2
70557,100,103,-3,3
70558,129,129,0,0
70559,59,67,-8,8
70560,159,147,12,12
70561,61,69,-8,8
70562,51,65,-14,14
70563,92,92,0,0
70564,73,78,-5,5
70565,98,83,15,15
70566,117,110,7,7
70567,100,106,-6,6
70568,54,75,-21,21
70569,76,76,0,0
70570,132,126,6,6
70571,178,132,46,46
70572,91,95,-4,4
70573,127,112,15,15
70574,75,75,0,0
70575,70,76,-6,6
70576,124,119,5,5
70577,125,122,3,3
70578,80,84,-4,4
70579,59,67,-8,8
70580,82,91,-9,9
70581,130,126,4,4
70582,82,88,-6,6
70583,93,85,8,8
70584,82,87,-5,5
70585,160,145,15,15
70586,83,81,2,2
70587,128,111,17,17
70588,123,108,15,15
70589,98,92,6,6
70590,104,93,11,11
70591,109,99,10,10
70592,48,58,-10,10
70593,62,67,-5,5
70594,63,66,-3,3
70595,63,71,-8,8
70596,115,103,12,12
70597,94,89,5,5
70598,94,98,-4,4
70599,91,88,3,3
70600,141,142,-1,1
70601,162,155,7,7
70602,91,95,-4,4
70603,88,91,-3,3
70604,117,123,-6,6
70605,52,60,-8,8
70606,57,65,-8,8
70607,106,88,18,18
70608,77,85,-8,8
70609,58,68,-10,10
70610,85,80,5,5
70611,110,101,9,9
70612,74,83,-9,9
70613,97,86,11,11
70614,58,67,-9,9
70615,92,96,-4,4
70616,97,96,1,1
70617,73,79,-6,6
70618,89,91,-2,2
70619,108,99,9,9
70620,129,117,12,12
70621,83,79,4,4
70622,97,91,6,6
70623,88,86,2,2
70624,88,83,5,5
70625,74,81,-7,7
70626,103,105,-2,2
70627,93,85,8,8
70628,39,54,-15,15
70629,168,151,17,17
70630,102,91,11,11
70631,77,84,-7,7
70632,209,208,1,1
70633,88,85,3,3
70634,88,94,-6,6
70635,95,97,-2,2
70636,113,101,12,12
70637,109,108,1,1
70638,93,96,-3,3
70639,167,152,15,15
70640,55,77,-22,22
70641,115,111,4,4
70642,101,102,-1,1
70643,52,69,-17,17
70644,155,152,3,3
70645,47,64,-17,17
70646,123,122,1,1
70647,71,75,-4,4
70648,109,109,0,0
70649,63,76,-13,13
70650,132,141,-9,9
70651,74,81,-7,7
70652,89,99,-10,10
70653,131,123,8,8
70654,71,78,-7,7
70655,100,86,14,14
70656,76,88,-12,12
70657,67,71,-4,4
70658,121,104,17,17
70659,45,65,-20,20
70660,79,72,7,7
70661,145,138,7,7
70662,242,210,32,32
70663,64,75,-11,11
70664,146,132,14,14
70665,80,80,0,0
70666,135,134,1,1
70667,94,88,6,6
70668,88,84,4,4
70669,119,119,0,0
70670,129,119,10,10
70671,86,86,0,0
70672,60,63,-3,3
70673,148,151,-3,3
70674,43,64,-21,21
70675,41,55,-14,14
70676,272,240,32,32
70677,116,100,16,16
70678,86,84,2,2
70679,69,77,-8,8
70680,51,61,-10,10
70681,80,83,-3,3
70682,83,83,0,0
70683,108,106,2,2
70684,66,70,-4,4
70685,178,180,-2,2
70686,138,135,3,3
70687,124,108,16,16
70688,58,63,-5,5
70689,93,93,0,0
70690,135,123,12,12
70691,98,82,16,16
70692,91,84,7,7
70693,83,79,4,4
70694,192,179,13,13
70695,119,101,18,18
70696,44,65,-21,21
70697,83,86,-3,3
70698,75,81,-6,6
70699,216,204,12,12
70700,178,167,11,11
70701,81,83,-2,2
70702,56,73,-17,17
70703,85,85,0,0
70704,87,85,2,2
70705,77,79,-2,2
70706,73,79,-6,6
70707,122,120,2,2
70708,169,145,24,24
70709,155,138,17,17
70710,111,109,2,2
70711,37,55,-18,18
70712,116,112,4,4
70713,107,101,6,6
70714,63,73,-10,10
70715,97,88,9,9
70716,108,92,16,16
70717,94,95,-1,1
70718,56,65,-9,9
70719,49,57,-8,8
70720,87,93,-6,6
70721,110,107,3,3
70722,89,98,-9,9
70723,87,82,5,5
70724,127,123,4,4
70725,82,84,-2,2
70726,58,65,-7,7
70727,69,75,-6,6
70728,66,71,-5,5
70729,62,82,-20,20
70730,80,84,-4,4
70731,62,70,-8,8
70732,46,57,-11,11
70733,48,73,-25,25
70734,77,76,1,1
70735,99,111,-12,12
70736,98,98,0,0
70737,87,87,0,0
70738,63,75,-12,12
70739,114,114,0,0
70740,121,124,-3,3
70741,70,74,-4,4
70742,118,105,13,13
70743,116,110,6,6
70744,89,95,-6,6
70745,100,95,5,5
70746,249,237,12,12
70747,202,184,18,18
70748,152,140,12,12
70749,140,132,8,8
70750,162,147,15,15
70751,90,87,3,3
70752,132,115,17,17
70753,79,74,5,5
70754,73,74,-1,1
70755,115,103,12,12
70756,188,173,15,15
70757,72,75,-3,3
70758,112,110,2,2
70759,131,122,9,9
70760,128,125,3,3
70761,125,122,3,3
70762,133,121,12,12
70763,159,145,14,14
70764,96,97,-1,1
70765,85,87,-2,2
70766,103,100,3,3
70767,74,74,0,0
70768,139,135,4,4
70769,114,106,8,8
70770,35,50,-15,15
70771,56,66,-10,10
70772,85,89,-4,4
70773,111,98,13,13
70774,107,103,4,4
70775,138,135,3,3
70776,79,79,0,0
70777,89,90,-1,1
70778,97,89,8,8
70779,88,85,3,3
70780,77,82,-5,5
70781,83,81,2,2
70782,138,134,4,4
70783,109,105,4,4
70784,58,72,-14,14
70785,65,73,-8,8
70786,97,100,-3,3
70787,95,95,0,0
70788,93,93,0,0
70789,80,86,-6,6
70790,88,80,8,8
70791,104,104,0,0
70792,72,80,-8,8
70793,75,74,1,1
70794,88,88,0,0
70795,104,110,-6,6
70796,70,74,-4,4
70797,83,87,-4,4
70798,108,96,12,12
70799,84,81,3,3
70800,91,95,-4,4
70801,115,113,2,2
70802,80,84,-4,4
70803,122,123,-1,1
70804,116,113,3,3
70805,119,110,9,9
70806,105,110,-5,5
70807,80,85,-5,5
70808,63,84,-21,21
70809,108,112,-4,4
70810,73,76,-3,3
70811,116,114,2,2
70812,101,90,11,11
70813,78,83,-5,5
70814,137,137,0,0
70815,94,98,-4,4
70816,63,64,-1,1
70817,122,131,-9,9
70818,145,131,14,14
70819,110,99,11,11
70820,86,81,5,5
70821,160,149,11,11
70822,149,135,14,14
70823,93,86,7,7
70824,77,75,2,2
70825,43,60,-17,17
70826,85,91,-6,6
70827,85,81,4,4
70828,71,73,-2,2
70829,68,80,-12,12
70830,85,88,-3,3
70831,74,84,-10,10
70832,152,161,-9,9
70833,161,142,19,19
70834,130,130,0,0
70835,83,81,2,2
70836,102,103,-1,1
70837,96,101,-5,5
70838,111,110,1,1
70839,41,53,-12,12
70840,54,69,-15,15
70841,119,110,9,9
70842,89,78,11,11
70843,105,96,9,9
70844,163,150,13,13
70845,102,98,4,4
70846,90,86,4,4
70847,52,68,-16,16
70848,61,67,-6,6
70849,84,94,-10,10
70850,87,89,-2,2
70851,56,76,-20,20
70852,86,96,-10,10
70853,153,140,13,13
70854,130,115,15,15
70855,171,152,19,19
70856,81,84,-3,3
70857,76,75,1,1
70858,82,89,-7,7
70859,114,115,-1,1
70860,103,103,0,0
70861,98,97,1,1
70862,130,125,5,5
70863,145,123,22,22
70864,66,84,-18,18
70865,136,112,24,24
70866,96,102,-6,6
70867,35,58,-23,23
70868,77,79,-2,2
70869,108,101,7,7
70870,91,103,-12,12
70871,68,79,-11,11
70872,114,112,2,2
70873,38,54,-16,16
70874,123,103,20,20
70875,81,83,-2,2
70876,96,87,9,9
70877,89,90,-1,1
70878,129,140,-11,11
70879,93,94,-1,1
70880,57,65,-8,8
70881,81,81,0,0
70882,137,125,12,12
70883,83,78,5,5
70884,97,95,2,2
70885,100,102,-2,2
70886,83,87,-4,4
70887,94,86,8,8
70888,87,99,-12,12
70889,154,145,9,9
70890,126,119,7,7
70891,74,76,-2,2
70892,87,94,-7,7
70893,62,76,-14,14
70894,61,66,-5,5
70895,94,84,10,10
70896,91,85,6,6
70897,67,73,-6,6
70898,87,83,4,4
70899,58,69,-11,11
70900,126,116,10,10
70901,102,96,6,6
70902,97,99,-2,2
70903,60,70,-10,10
70904,84,86,-2,2
70905,168,120,48,48
70906,89,90,-1,1
70907,60,67,-7,7
70908,99,99,0,0
70909,119,110,9,9
70910,90,88,2,2
70911,150,146,4,4
70912,95,96,-1,1
70913,79,84,-5,5
70914,45,58,-13,13
70915,101,91,10,10
70916,123,114,9,9
70917,145,139,6,6
70918,56,68,-12,12
70919,83,86,-3,3
70920,48,62,-14,14
70921,65,68,-3,3
70922,102,103,-1,1
70923,75,79,-4,4
70924,194,206,-12,12
70925,55,67,-12,12
70926,61,67,-6,6
70927,97,94,3,3
70928,123,123,0,0
70929,47,64,-17,17
70930,99,112,-13,13
70931,88,86,2,2
70932,65,70,-5,5
70933,71,76,-5,5
70934,140,130,10,10
70935,113,109,4,4
70936,70,75,-5,5
70937,123,119,4,4
70938,113,99,14,14
70939,170,150,20,20
70940,101,102,-1,1
70941,113,102,11,11
70942,102,97,5,5
70943,74,80,-6,6
70944,73,82,-9,9
70945,90,98,-8,8
70946,62,68,-6,6
70947,104,117,-13,13
70948,119,111,8,8
70949,71,71,0,0
70950,129,134,-5,5
70951,48,64,-16,16
70952,149,150,-1,1
70953,63,68,-5,5
70954,115,108,7,7
70955,110,107,3,3
70956,93,116,-23,23
70957,100,99,1,1
70958,90,92,-2,2
70959,46,63,-17,17
70960,126,117,9,9
70961,99,97,2,2
70962,65,70,-5,5
70963,77,78,-1,1
70964,70,70,0,0
70965,82,92,-10,10
70966,91,92,-1,1
70967,142,128,14,14
70968,73,73,0,0
70969,146,131,15,15
70970,106,102,4,4
70971,185,178,7,7
70972,72,78,-6,6
70973,119,105,14,14
70974,56,68,-12,12
70975,110,100,10,10
70976,94,90,4,4
70977,79,86,-7,7
70978,50,59,-9,9
70979,86,85,1,1
70980,73,75,-2,2
70981,81,83,-2,2
70982,68,76,-8,8
70983,69,78,-9,9
70984,135,119,16,16
70985,162,144,18,18
70986,107,102,5,5
70987,74,79,-5,5
70988,61,71,-10,10
70989,101,93,8,8
70990,70,71,-1,1
70991,101,120,-19,19
70992,61,69,-8,8
70993,103,100,3,3
70994,47,105,-58,58
70995,87,87,0,0
70996,73,78,-5,5
70997,100,86,14,14
70998,97,88,9,9
70999,75,84,-9,9
71000,77,79,-2,2
71001,59,62,-3,3
71002,136,134,2,2
71003,44,57,-13,13
71004,149,137,12,12
71005,85,88,-3,3
71006,132,125,7,7
71007,54,66,-12,12
71008,98,93,5,5
71009,102,106,-4,4
71010,122,117,5,5
71011,70,72,-2,2
71012,121,127,-6,6
71013,86,86,0,0
71014,99,96,3,3
71015,71,73,-2,2
71016,113,109,4,4
71017,100,99,1,1
71018,61,67,-6,6
71019,69,77,-8,8
71020,103,111,-8,8
71021,122,136,-14,14
71022,90,84,6,6
71023,113,98,15,15
71024,99,104,-5,5
71025,100,90,10,10
71026,77,83,-6,6
71027,84,82,2,2
71028,101,97,4,4
71029,86,87,-1,1
71030,43,54,-11,11
71031,73,79,-6,6
71032,128,120,8,8
71033,81,76,5,5
71034,67,66,1,1
71035,137,128,9,9
71036,77,78,-1,1
71037,52,65,-13,13
71038,103,108,-5,5
71039,107,103,4,4
71040,101,93,8,8
71041,80,84,-4,4
71042,114,111,3,3
71043,112,111,1,1
71044,118,101,17,17
71045,110,105,5,5
71046,88,83,5,5
71047,63,89,-26,26
71048,125,108,17,17
71049,126,110,16,16
71050,68,81,-13,13
71051,59,69,-10,10
71052,69,75,-6,6
71053,90,83,7,7
71054,108,110,-2,2
71055,80,82,-2,2
71056,63,70,-7,7
71057,52,61,-9,9
71058,72,81,-9,9
71059,76,83,-7,7
71060,92,92,0,0
71061,133,151,-18,18
71062,65,75,-10,10
71063,69,70,-1,1
71064,121,105,16,16
71065,92,85,7,7
71066,67,71,-4,4
71067,134,122,12,12
71068,81,79,2,2
71069,68,82,-14,14
71070,67,75,-8,8
71071,52,63,-11,11
71072,107,104,3,3
71073,120,111,9,9
71074,133,131,2,2
71075,150,131,19,19
71076,124,137,-13,13
71077,86,87,-1,1
71078,29,45,-16,16
71079,170,148,22,22
71080,88,90,-2,2
71081,158,144,14,14
71082,58,68,-10,10
71083,129,117,12,12
71084,94,91,3,3
71085,116,111,5,5
71086,159,148,11,11
71087,86,86,0,0
71088,174,171,3,3
71089,104,95,9,9
71090,90,82,8,8
71091,101,98,3,3
71092,107,106,1,1
71093,133,115,18,18
71094,70,70,0,0
71095,100,97,3,3
71096,174,167,7,7
71097,41,52,-11,11
71098,85,87,-2,2
71099,76,75,1,1
71100,73,79,-6,6
71101,131,126,5,5
71102,83,83,0,0
71103,88,96,-8,8
71104,128,123,5,5
71105,86,89,-3,3
71106,163,153,10,10
71107,104,100,4,4
71108,50,60,-10,10
71109,114,97,17,17
71110,108,107,1,1
71111,72,80,-8,8
71112,63,70,-7,7
71113,51,65,-14,14
71114,94,93,1,1
71115,76,73,3,3
71116,39,49,-10,10
71117,100,101,-1,1
71118,64,68,-4,4
71119,87,86,1,1
71120,112,101,11,11
71121,105,103,2,2
71122,84,87,-3,3
71123,135,124,11,11
71124,66,69,-3,3
71125,164,157,7,7
71126,53,64,-11,11
71127,131,114,17,17
71128,97,95,2,2
71129,44,63,-19,19
71130,85,87,-2,2
71131,58,60,-2,2
71132,105,109,-4,4
71133,51,61,-10,10
71134,67,72,-5,5
71135,82,92,-10,10
71136,100,93,7,7
71137,154,134,20,20
71138,89,95,-6,6
71139,88,83,5,5
71140,104,86,18,18
71141,82,76,6,6
71142,97,96,1,1
71143,87,101,-14,14
71144,71,68,3,3
71145,87,95,-8,8
71146,71,74,-3,3
71147,168,155,13,13
71148,124,109,15,15
71149,75,72,3,3
71150,137,105,32,32
71151,131,124,7,7
71152,161,159,2,2
71153,80,79,1,1
71154,109,104,5,5
71155,65,72,-7,7
71156,152,150,2,2
71157,120,110,10,10
71158,116,116,0,0
71159,82,98,-16,16
71160,214,191,23,23
71161,75,77,-2,2
71162,95,87,8,8
71163,120,111,9,9
71164,126,121,5,5
71165,112,103,9,9
71166,115,120,-5,5
71167,94,90,4,4
71168,84,87,-3,3
71169,99,100,-1,1
71170,69,72,-3,3
71171,62,65,-3,3
71172,106,103,3,3
71173,110,100,10,10
71174,78,84,-6,6
71175,161,182,-21,21
71176,140,102,38,38
71177,83,98,-15,15
71178,110,99,11,11
71179,50,61,-11,11
71180,160,141,19,19
71181,93,88,5,5
71182,161,153,8,8
71183,37,55,-18,18
71184,58,59,-1,1
71185,109,118,-9,9
71186,99,99,0,0
71187,124,140,-16,16
71188,65,67,-2,2
71189,113,104,9,9
71190,114,123,-9,9
71191,127,113,14,14
71192,99,94,5,5
71193,83,83,0,0
71194,74,82,-8,8
71195,112,113,-1,1
71196,76,78,-2,2
71197,86,84,2,2
71198,59,71,-12,12
71199,185,158,27,27
71200,113,95,18,18
71201,90,89,1,1
71202,60,72,-12,12
71203,136,115,21,21
71204,94,94,0,0
71205,100,92,8,8
71206,93,91,2,2
71207,80,84,-4,4
71208,138,118,20,20
71209,123,113,10,10
71210,84,86,-2,2
71211,96,101,-5,5
71212,123,115,8,8
71213,46,87,-41,41
71214,54,60,-6,6
71215,135,130,5,5
71216,135,113,22,22
71217,79,85,-6,6
71218,127,115,12,12
71219,75,82,-7,7
71220,43,66,-23,23
71221,107,89,18,18
71222,86,80,6,6
71223,114,114,0,0
71224,56,62,-6,6
71225,80,81,-1,1
71226,86,83,3,3
71227,62,65,-3,3
71228,78,74,4,4
71229,158,156,2,2
71230,96,111,-15,15
71231,88,87,1,1
71232,62,66,-4,4
71233,116,103,13,13
71234,103,102,1,1
71235,108,116,-8,8
71236,96,96,0,0
71237,65,73,-8,8
71238,64,74,-10,10
71239,136,123,13,13
71240,92,97,-5,5
71241,66,66,0,0
71242,106,107,-1,1
71243,168,149,19,19
71244,91,93,-2,2
71245,90,96,-6,6
71246,83,85,-2,2
71247,198,185,13,13
71248,98,97,1,1
71249,116,97,19,19
71250,77,83,-6,6
71251,95,92,3,3
71252,113,107,6,6
71253,102,99,3,3
71254,54,63,-9,9
71255,138,138,0,0
71256,76,81,-5,5
71257,58,64,-6,6
71258,74,76,-2,2
71259,93,101,-8,8
71260,56,80,-24,24
71261,139,139,0,0
71262,169,169,0,0
71263,131,126,5,5
71264,64,58,6,6
71265,89,95,-6,6
71266,111,103,8,8
71267,149,139,10,10
71268,86,84,2,2
71269,67,91,-24,24
71270,54,63,-9,9
71271,47,62,-15,15
71272,43,57,-14,14
71273,90,93,-3,3
71274,139,122,17,17
71275,62,71,-9,9
71276,67,77,-10,10
71277,75,81,-6,6
71278,87,86,1,1
71279,82,82,0,0
71280,41,61,-20,20
71281,86,87,-1,1
71282,151,134,17,17
71283,87,83,4,4
71284,107,106,1,1
71285,67,72,-5,5
71286,90,99,-9,9
71287,133,125,8,8
71288,42,54,-12,12
71289,124,113,11,11
71290,66,72,-6,6
71291,74,81,-7,7
71292,54,64,-10,10
71293,123,115,8,8
71294,137,132,5,5
71295,67,71,-4,4
71296,113,115,-2,2
71297,103,95,8,8
71298,161,140,21,21
71299,114,103,11,11
71300,112,120,-8,8
71301,103,103,0,0
71302,112,112,0,0
71303,123,127,-4,4
71304,65,74,-9,9
71305,97,88,9,9
71306,68,68,0,0
71307,69,73,-4,4
71308,69,69,0,0
71309,143,131,12,12
71310,107,101,6,6
71311,59,81,-22,22
71312,125,112,13,13
71313,57,70,-13,13
71314,108,108,0,0
71315,86,87,-1,1
71316,98,95,3,3
71317,82,83,-1,1
71318,87,115,-28,28
71319,65,74,-9,9
71320,96,87,9,9
71321,60,64,-4,4
71322,77,80,-3,3
71323,81,81,0,0
71324,147,140,7,7
71325,75,73,2,2
71326,75,76,-1,1
71327,85,95,-10,10
71328,94,93,1,1
71329,158,151,7,7
71330,103,83,20,20
71331,125,111,14,14
71332,119,139,-20,20
71333,109,104,5,5
71334,64,68,-4,4
71335,74,81,-7,7
71336,33,47,-14,14
71337,104,97,7,7
71338,73,82,-9,9
71339,148,122,26,26
71340,57,71,-14,14
71341,62,66,-4,4
71342,143,132,11,11
71343,96,106,-10,10
71344,61,69,-8,8
71345,126,120,6,6
71346,66,84,-18,18
71347,97,102,-5,5
71348,58,69,-11,11
71349,85,86,-1,1
71350,207,183,24,24
71351,114,109,5,5
71352,105,100,5,5
71353,92,93,-1,1
71354,80,82,-2,2
71355,97,94,3,3
71356,93,95,-2,2
71357,55,65,-10,10
71358,89,86,3,3
71359,116,110,6,6
71360,98,98,0,0
71361,79,78,1,1
71362,127,123,4,4
71363,112,105,7,7
71364,131,113,18,18
71365,92,93,-1,1
71366,81,81,0,0
71367,236,213,23,23
71368,110,119,-9,9
71369,66,75,-9,9
71370,100,106,-6,6
71371,98,99,-1,1
71372,118,106,12,12
71373,91,98,-7,7
71374,162,140,22,22
71375,77,77,0,0
71376,67,72,-5,5
71377,131,125,6,6
71378,103,102,1,1
71379,57,65,-8,8
71380,93,85,8,8
71381,72,82,-10,10
71382,67,66,1,1
71383,49,66,-17,17
71384,72,75,-3,3
71385,56,62,-6,6
71386,154,173,-19,19
71387,72,82,-10,10
71388,44,61,-17,17
71389,97,96,1,1
71390,173,137,36,36
71391,151,138,13,13
71392,92,85,7,7
71393,41,66,-25,25
71394,101,102,-1,1
71395,151,129,22,22
71396,112,99,13,13
71397,82,85,-3,3
71398,147,135,12,12
71399,104,90,14,14
71400,156,140,16,16
71401,69,71,-2,2
71402,88,90,-2,2
71403,49,66,-17,17
71404,72,78,-6,6
71405,87,87,0,0
71406,83,81,2,2
71407,78,72,6,6
71408,109,108,1,1
71409,118,125,-7,7
71410,146,175,-29,29
71411,95,89,6,6
71412,139,128,11,11
71413,112,113,-1,1
71414,74,83,-9,9
71415,101,104,-3,3
71416,69,73,-4,4
71417,60,66,-6,6
71418,52,62,-10,10
71419,70,77,-7,7
71420,52,59,-7,7
71421,93,96,-3,3
71422,75,80,-5,5
71423,50,70,-20,20
71424,64,71,-7,7
71425,167,141,26,26
71426,59,67,-8,8
71427,117,115,2,2
71428,97,95,2,2
71429,93,97,-4,4
71430,70,79,-9,9
71431,91,84,7,7
71432,52,63,-11,11
71433,97,101,-4,4
71434,66,62,4,4
71435,91,88,3,3
71436,72,103,-31,31
71437,113,102,11,11
71438,91,87,4,4
71439,50,69,-19,19
71440,85,100,-15,15
71441,167,155,12,12
71442,78,82,-4,4
71443,149,135,14,14
71444,102,97,5,5
71445,116,109,7,7
71446,69,82,-13,13
71447,63,69,-6,6
71448,108,111,-3,3
71449,81,81,0,0
71450,82,83,-1,1
71451,113,110,3,3
71452,83,85,-2,2
71453,97,91,6,6
71454,78,91,-13,13
71455,102,98,4,4
71456,109,111,-2,2
71457,64,78,-14,14
71458,98,96,2,2
71459,156,135,21,21
71460,126,122,4,4
71461,90,93,-3,3
71462,122,114,8,8
71463,67,75,-8,8
71464,60,66,-6,6
71465,60,72,-12,12
71466,73,75,-2,2
71467,135,133,2,2
71468,116,108,8,8
71469,92,88,4,4
71470,116,111,5,5
71471,76,79,-3,3
71472,137,131,6,6
71473,38,58,-20,20
71474,212,191,21,21
71475,115,109,6,6
71476,170,154,16,16
71477,140,153,-13,13
71478,194,161,33,33
71479,119,110,9,9
71480,46,60,-14,14
71481,67,71,-4,4
71482,114,104,10,10
71483,107,122,-15,15
71484,83,99,-16,16
71485,103,97,6,6
71486,75,85,-10,10
71487,117,153,-36,36
71488,59,64,-5,5
71489,68,93,-25,25
71490,117,117,0,0
71491,142,128,14,14
71492,50,56,-6,6
71493,72,78,-6,6
71494,114,120,-6,6
71495,161,154,7,7
71496,104,100,4,4
71497,241,211,30,30
71498,72,77,-5,5
71499,89,94,-5,5
71500,76,80,-4,4
71501,97,99,-2,2
71502,93,86,7,7
71503,73,69,4,4
71504,67,66,1,1
71505,89,92,-3,3
71506,91,94,-3,3
71507,112,108,4,4
71508,156,151,5,5
71509,59,70,-11,11
71510,71,81,-10,10
71511,35,48,-13,13
71512,60,67,-7,7
71513,151,151,0,0
71514,83,86,-3,3
71515,114,115,-1,1
71516,66,68,-2,2
71517,68,76,-8,8
71518,128,119,9,9
71519,168,141,27,27
71520,84,86,-2,2
71521,87,89,-2,2
71522,94,91,3,3
71523,44,63,-19,19
71524,93,96,-3,3
71525,135,123,12,12
71526,80,79,1,1
71527,105,95,10,10
71528,86,88,-2,2
71529,115,113,2,2
71530,183,162,21,21
71531,120,108,12,12
71532,25,48,-23,23
71533,53,62,-9,9
71534,131,109,22,22
71535,164,151,13,13
71536,74,79,-5,5
71537,125,112,13,13
71538,91,97,-6,6
71539,106,95,11,11
71540,95,91,4,4
71541,75,75,0,0
71542,114,102,12,12
71543,70,71,-1,1
71544,89,84,5,5
71545,37,47,-10,10
71546,90,86,4,4
71547,60,68,-8,8
71548,106,108,-2,2
71549,59,70,-11,11
71550,114,117,-3,3
71551,69,71,-2,2
71552,96,99,-3,3
71553,90,95,-5,5
71554,132,135,-3,3
71555,117,116,1,1
71556,78,82,-4,4
71557,63,74,-11,11
71558,96,102,-6,6
71559,132,104,28,28
71560,83,83,0,0
71561,114,106,8,8
71562,109,104,5,5
71563,97,91,6,6
71564,81,84,-3,3
71565,95,95,0,0
71566,82,86,-4,4
71567,127,127,0,0
71568,108,109,-1,1
71569,91,102,-11,11
71570,87,85,2,2
71571,92,90,2,2
71572,165,156,9,9
71573,85,86,-1,1
71574,50,66,-16,16
71575,62,66,-4,4
71576,97,98,-1,1
71577,87,91,-4,4
71578,66,67,-1,1
71579,76,77,-1,1
71580,75,83,-8,8
71581,172,156,16,16
71582,45,62,-17,17
71583,86,88,-2,2
71584,73,85,-12,12
71585,189,158,31,31
71586,65,72,-7,7
71587,76,78,-2,2
71588,95,95,0,0
71589,95,90,5,5
71590,87,86,1,1
71591,108,104,4,4
71592,91,83,8,8
71593,69,81,-12,12
71594,141,143,-2,2
71595,75,80,-5,5
71596,82,88,-6,6
71597,55,65,-10,10
71598,55,72,-17,17
71599,121,115,6,6
71600,55,59,-4,4
71601,131,114,17,17
71602,111,99,12,12
71603,52,66,-14,14
71604,141,125,16,16
71605,82,83,-1,1
71606,49,61,-12,12
71607,67,83,-16,16
71608,65,73,-8,8
71609,116,115,1,1
71610,112,110,2,2
71611,117,109,8,8
71612,137,129,8,8
71613,95,100,-5,5
71614,59,71,-12,12
71615,84,93,-9,9
71616,89,82,7,7
71617,137,130,7,7
71618,194,162,32,32
71619,144,124,20,20
71620,106,96,10,10
71621,122,104,18,18
71622,67,80,-13,13
71623,104,103,1,1
71624,114,107,7,7
71625,84,95,-11,11
71626,49,69,-20,20
71627,232,190,42,42
71628,79,77,2,2
71629,101,103,-2,2
71630,105,101,4,4
71631,104,103,1,1
71632,221,186,35,35
71633,124,103,21,21
71634,154,138,16,16
71635,110,102,8,8
71636,75,80,-5,5
71637,175,164,11,11
71638,162,160,2,2
71639,169,143,26,26
71640,82,94,-12,12
71641,69,73,-4,4
71642,63,71,-8,8
71643,101,102,-1,1
71644,59,65,-6,6
71645,123,119,4,4
71646,105,107,-2,2
71647,99,88,11,11
71648,58,71,-13,13
71649,103,99,4,4
71650,77,85,-8,8
71651,64,65,-1,1
71652,49,59,-10,10
71653,96,92,4,4
71654,78,80,-2,2
71655,124,126,-2,2
71656,66,88,-22,22
71657,163,148,15,15
71658,140,147,-7,7
71659,77,83,-6,6
71660,55,69,-14,14
71661,64,67,-3,3
71662,73,84,-11,11
71663,86,89,-3,3
71664,87,91,-4,4
71665,80,85,-5,5
71666,74,83,-9,9
71667,69,70,-1,1
71668,118,113,5,5
71669,74,82,-8,8
71670,162,153,9,9
71671,63,73,-10,10
71672,88,87,1,1
71673,105,104,1,1
71674,70,66,4,4
71675,86,92,-6,6
71676,82,82,0,0
71677,181,176,5,5
71678,60,69,-9,9
71679,139,136,3,3
71680,45,50,-5,5
71681,84,85,-1,1
71682,87,84,3,3
71683,94,85,9,9
71684,94,93,1,1
71685,102,119,-17,17
71686,82,83,-1,1
71687,102,88,14,14
71688,51,61,-10,10
71689,91,90,1,1
71690,92,94,-2,2
71691,119,115,4,4
71692,98,101,-3,3
71693,92,89,3,3
71694,144,134,10,10
71695,117,118,-1,1
71696,61,63,-2,2
71697,55,60,-5,5
71698,89,85,4,4
71699,83,84,-1,1
71700,122,106,16,16
71701,101,104,-3,3
71702,71,79,-8,8
71703,183,178,5,5
71704,79,82,-3,3
71705,68,83,-15,15
71706,124,118,6,6
71707,96,90,6,6
71708,82,81,1,1
71709,99,104,-5,5
71710,145,122,23,23
71711,143,140,3,3
71712,131,130,1,1
71713,83,82,1,1
71714,118,128,-10,10
71715,65,73,-8,8
71716,52,69,-17,17
71717,78,78,0,0
71718,76,80,-4,4
71719,142,126,16,16
71720,90,85,5,5
71721,64,73,-9,9
71722,70,74,-4,4
71723,81,92,-11,11
71724,155,143,12,12
71725,94,106,-12,12
71726,64,68,-4,4
71727,83,82,1,1
71728,112,105,7,7
71729,112,94,18,18
71730,132,124,8,8
71731,84,82,2,2
71732,63,71,-8,8
71733,78,84,-6,6
71734,143,129,14,14
71735,71,78,-7,7
71736,94,91,3,3
71737,75,79,-4,4
71738,54,70,-16,16
71739,81,75,6,6
71740,72,81,-9,9
71741,95,90,5,5
71742,136,124,12,12
71743,89,87,2,2
71744,66,75,-9,9
71745,95,91,4,4
71746,85,86,-1,1
71747,114,111,3,3
71748,70,69,1,1
71749,70,82,-12,12
71750,115,115,0,0
71751,139,136,3,3
71752,104,99,5,5
71753,65,71,-6,6
71754,145,130,15,15
71755,108,105,3,3
71756,81,85,-4,4
71757,85,78,7,7
71758,59,74,-15,15
71759,146,148,-2,2
71760,89,100,-11,11
71761,94,92,2,2
71762,82,82,0,0
71763,58,69,-11,11
71764,78,81,-3,3
71765,92,84,8,8
71766,65,69,-4,4
71767,100,96,4,4
71768,126,116,10,10
71769,115,103,12,12
71770,64,66,-2,2
71771,67,76,-9,9
71772,114,103,11,11
71773,73,76,-3,3
71774,86,85,1,1
71775,92,84,8,8
71776,393,350,43,43
71777,121,133,-12,12
71778,77,86,-9,9
71779,106,92,14,14
71780,81,84,-3,3
71781,99,89,10,10
71782,150,146,4,4
71783,98,97,1,1
71784,107,106,1,1
71785,59,63,-4,4
71786,53,55,-2,2
71787,99,92,7,7
71788,138,130,8,8
71789,58,69,-11,11
71790,85,84,1,1
71791,129,116,13,13
71792,60,66,-6,6
71793,67,68,-1,1
71794,107,100,7,7
71795,42,60,-18,18
71796,73,76,-3,3
71797,81,90,-9,9
71798,154,125,29,29
71799,84,83,1,1
71800,67,76,-9,9
71801,62,64,-2,2
71802,93,86,7,7
71803,119,109,10,10
71804,112,102,10,10
71805,146,137,9,9
71806,45,55,-10,10
71807,127,115,12,12
71808,87,87,0,0
71809,122,117,5,5
71810,83,80,3,3
71811,116,109,7,7
71812,95,98,-3,3
71813,101,101,0,0
71814,132,127,5,5
71815,116,106,10,10
71816,79,75,4,4
71817,94,91,3,3
71818,131,119,12,12
71819,61,66,-5,5
71820,66,72,-6,6
71821,78,84,-6,6
71822,145,139,6,6
71823,166,162,4,4
71824,88,83,5,5
71825,99,92,7,7
71826,85,91,-6,6
71827,62,69,-7,7
71828,85,90,-5,5
71829,103,100,3,3
71830,123,142,-19,19
71831,43,60,-17,17
71832,89,97,-8,8
71833,61,69,-8,8
71834,65,70,-5,5
71835,81,83,-2,2
71836,77,76,1,1
71837,118,115,3,3
71838,53,61,-8,8
71839,90,84,6,6
71840,101,115,-14,14
71841,88,89,-1,1
71842,136,131,5,5
71843,142,132,10,10
71844,79,75,4,4
71845,124,121,3,3
71846,69,73,-4,4
71847,55,63,-8,8
71848,84,85,-1,1
71849,34,52,-18,18
71850,86,81,5,5
71851,67,70,-3,3
71852,234,209,25,25
71853,175,165,10,10
71854,50,58,-8,8
71855,75,75,0,0
71856,61,68,-7,7
71857,103,98,5,5
71858,59,66,-7,7
71859,83,95,-12,12
71860,50,58,-8,8
71861,89,89,0,0
71862,65,77,-12,12
71863,140,122,18,18
71864,158,149,9,9
71865,113,113,0,0
71866,118,116,2,2
71867,172,149,23,23
71868,119,119,0,0
71869,106,103,3,3
71870,146,139,7,7
71871,72,77,-5,5
71872,84,84,0,0
71873,78,84,-6,6
71874,58,64,-6,6
71875,85,80,5,5
71876,137,125,12,12
71877,86,113,-27,27
71878,78,75,3,3
71879,88,93,-5,5
71880,108,102,6,6
71881,104,95,9,9
71882,77,88,-11,11
71883,101,99,2,2
71884,109,102,7,7
71885,84,80,4,4
71886,70,71,-1,1
71887,134,137,-3,3
71888,51,57,-6,6
71889,128,122,6,6
71890,103,109,-6,6
71891,76,81,-5,5
71892,101,107,-6,6
71893,92,92,0,0
71894,72,80,-8,8
71895,68,76,-8,8
71896,84,87,-3,3
71897,88,89,-1,1
71898,119,124,-5,5
71899,56,58,-2,2
71900,31,48,-17,17
71901,91,95,-4,4
71902,163,153,10,10
71903,124,110,14,14
71904,71,72,-1,1
71905,101,94,7,7
71906,112,137,-25,25
71907,103,99,4,4
71908,74,76,-2,2
71909,57,69,-12,12
71910,137,131,6,6
71911,124,109,15,15
71912,77,92,-15,15
71913,83,83,0,0
71914,66,83,-17,17
71915,110,96,14,14
71916,65,73,-8,8
71917,98,101,-3,3
71918,87,86,1,1
71919,90,85,5,5
71920,140,135,5,5
71921,116,109,7,7
71922,128,113,15,15
71923,73,74,-1,1
71924,155,168,-13,13
71925,96,102,-6,6
71926,115,113,2,2
71927,63,70,-7,7
71928,57,61,-4,4
71929,113,116,-3,3
71930,104,95,9,9
71931,53,65,-12,12
71932,62,63,-1,1
71933,53,65,-12,12
71934,71,71,0,0
71935,76,81,-5,5
71936,117,108,9,9
71937,57,67,-10,10
71938,79,74,5,5
71939,69,85,-16,16
71940,78,78,0,0
71941,40,70,-30,30
71942,58,77,-19,19
71943,105,94,11,11
71944,87,97,-10,10
71945,118,100,18,18
71946,101,110,-9,9
71947,32,45,-13,13
71948,75,81,-6,6
71949,112,108,4,4
71950,112,98,14,14
71951,124,130,-6,6
71952,68,72,-4,4
71953,72,72,0,0
71954,52,61,-9,9
71955,84,83,1,1
71956,78,76,2,2
71957,106,91,15,15
71958,126,123,3,3
71959,103,101,2,2
71960,110,98,12,12
71961,91,83,8,8
71962,149,133,16,16
71963,55,63,-8,8
71964,113,107,6,6
71965,72,76,-4,4
71966,79,84,-5,5
71967,125,117,8,8
71968,126,115,11,11
71969,156,159,-3,3
71970,69,73,-4,4
71971,59,58,1,1
71972,92,107,-15,15
71973,65,71,-6,6
71974,94,95,-1,1
71975,76,85,-9,9
71976,145,134,11,11
71977,141,136,5,5
71978,71,79,-8,8
71979,91,88,3,3
71980,56,68,-12,12
71981,107,110,-3,3
71982,73,69,4,4
71983,120,128,-8,8
71984,109,79,30,30
71985,125,113,12,12
71986,80,81,-1,1
71987,55,65,-10,10
71988,92,95,-3,3
71989,125,117,8,8
71990,74,78,-4,4
71991,65,77,-12,12
71992,85,86,-1,1
71993,41,53,-12,12
71994,73,84,-11,11
71995,133,105,28,28
71996,48,58,-10,10
71997,81,83,-2,2
71998,109,115,-6,6
71999,98,95,3,3
72000,123,116,7,7
72001,103,105,-2,2
72002,79,81,-2,2
72003,60,71,-11,11
72004,93,91,2,2
72005,162,129,33,33
72006,121,109,12,12
72007,113,119,-6,6
72008,64,72,-8,8
72009,61,73,-12,12
72010,110,105,5,5
72011,106,99,7,7
72012,111,101,10,10
72013,72,83,-11,11
72014,50,59,-9,9
72015,58,59,-1,1
72016,112,115,-3,3
72017,86,98,-12,12
72018,77,76,1,1
72019,116,111,5,5
72020,77,84,-7,7
72021,156,136,20,20
72022,94,96,-2,2
72023,152,134,18,18
72024,153,145,8,8
72025,91,89,2,2
72026,114,106,8,8
72027,54,66,-12,12
72028,68,73,-5,5
72029,108,122,-14,14
72030,144,132,12,12
72031,122,110,12,12
72032,94,97,-3,3
72033,100,95,5,5
72034,63,72,-9,9
72035,109,100,9,9
72036,92,80,12,12
72037,104,96,8,8
72038,80,76,4,4
72039,83,82,1,1
72040,115,116,-1,1
72041,149,147,2,2
72042,111,111,0,0
72043,64,77,-13,13
72044,117,100,17,17
72045,68,74,-6,6
72046,98,92,6,6
72047,58,66,-8,8
72048,109,100,9,9
72049,84,80,4,4
72050,59,70,-11,11
72051,122,103,19,19
72052,67,77,-10,10
72053,74,71,3,3
72054,65,73,-8,8
72055,95,91,4,4
72056,90,94,-4,4
72057,71,76,-5,5
72058,46,54,-8,8
72059,37,67,-30,30
72060,128,119,9,9
72061,110,106,4,4
72062,98,103,-5,5
72063,55,62,-7,7
72064,118,105,13,13
72065,28,46,-18,18
72066,164,154,10,10
72067,97,98,-1,1
72068,149,129,20,20
72069,100,92,8,8
72070,102,106,-4,4
72071,99,97,2,2
72072,170,144,26,26
72073,124,124,0,0
72074,109,116,-7,7
72075,146,132,14,14
72076,170,165,5,5
72077,85,70,15,15
72078,106,99,7,7
72079,96,98,-2,2
72080,105,103,2,2
72081,116,104,12,12
72082,61,71,-10,10
72083,114,111,3,3
72084,105,102,3,3
72085,163,172,-9,9
72086,50,63,-13,13
72087,141,118,23,23
72088,79,87,-8,8
72089,129,119,10,10
72090,82,83,-1,1
72091,61,70,-9,9
72092,69,76,-7,7
72093,62,78,-16,16
72094,93,91,2,2
72095,92,98,-6,6
72096,91,101,-10,10
72097,45,55,-10,10
72098,167,152,15,15
72099,71,75,-4,4
72100,43,56,-13,13
72101,122,112,10,10
72102,73,69,4,4
72103,99,92,7,7
72104,82,82,0,0
72105,119,105,14,14
72106,135,118,17,17
72107,46,55,-9,9
72108,102,92,10,10
72109,66,69,-3,3
72110,159,155,4,4
72111,93,91,2,2
72112,93,84,9,9
72113,71,74,-3,3
72114,106,86,20,20
72115,99,92,7,7
72116,145,153,-8,8
72117,102,108,-6,6
72118,146,138,8,8
72119,129,126,3,3
72120,105,112,-7,7
72121,119,105,14,14
72122,49,61,-12,12
72123,114,102,12,12
72124,137,132,5,5
72125,84,84,0,0
72126,63,69,-6,6
72127,120,109,11,11
72128,63,65,-2,2
72129,153,134,19,19
72130,73,82,-9,9
72131,110,101,9,9
72132,178,164,14,14
72133,73,98,-25,25
72134,80,78,2,2
72135,98,96,2,2
72136,122,120,2,2
72137,122,117,5,5
72138,95,97,-2,2
72139,100,103,-3,3
72140,107,107,0,0
72141,86,79,7,7
72142,62,67,-5,5
72143,77,79,-2,2
72144,49,64,-15,15
72145,68,77,-9,9
72146,25,31,-6,6
72147,83,81,2,2
72148,54,58,-4,4
72149,122,119,3,3
72150,115,117,-2,2
72151,92,84,8,8
72152,120,126,-6,6
72153,161,148,13,13
72154,100,95,5,5
72155,127,123,4,4
72156,56,66,-10,10
72157,120,115,5,5
72158,319,279,40,40
72159,161,143,18,18
72160,120,106,14,14
72161,119,104,15,15
72162,119,102,17,17
72163,155,133,22,22
72164,90,95,-5,5
72165,43,62,-19,19
72166,67,69,-2,2
72167,75,72,3,3
72168,86,84,2,2
72169,107,101,6,6
72170,109,105,4,4
72171,105,107,-2,2
72172,120,119,1,1
72173,57,63,-6,6
72174,81,85,-4,4
72175,114,108,6,6
72176,101,97,4,4
72177,104,93,11,11
72178,105,92,13,13
72179,93,96,-3,3
72180,117,109,8,8
72181,93,86,7,7
72182,60,69,-9,9
72183,81,70,11,11
72184,96,94,2,2
72185,99,100,-1,1
72186,88,82,6,6
72187,113,114,-1,1
72188,91,97,-6,6
72189,142,130,12,12
72190,95,97,-2,2
72191,79,84,-5,5
72192,80,95,-15,15
72193,54,63,-9,9
72194,124,111,13,13
72195,86,92,-6,6
72196,154,128,26,26
72197,77,83,-6,6
72198,129,112,17,17
72199,196,166,30,30
72200,78,80,-2,2
72201,63,73,-10,10
72202,176,158,18,18
72203,102,99,3,3
72204,102,103,-1,1
72205,92,91,1,1
72206,145,131,14,14
72207,64,69,-5,5
72208,100,94,6,6
72209,96,108,-12,12
72210,96,86,10,10
72211,51,61,-10,10
72212,61,74,-13,13
72213,129,120,9,9
72214,196,175,21,21
72215,61,68,-7,7
72216,86,87,-1,1
72217,69,81,-12,12
72218,121,110,11,11
72219,87,93,-6,6
72220,105,95,10,10
72221,67,83,-16,16
72222,71,87,-16,16
72223,165,149,16,16
72224,132,122,10,10
72225,171,160,11,11
72226,81,79,2,2
72227,142,133,9,9
72228,75,80,-5,5
72229,102,95,7,7
72230,86,92,-6,6
72231,136,122,14,14
72232,63,69,-6,6
72233,122,121,1,1
72234,89,95,-6,6
72235,97,103,-6,6
72236,67,74,-7,7
72237,105,99,6,6
72238,64,65,-1,1
72239,85,97,-12,12
72240,99,103,-4,4
72241,80,72,8,8
72242,115,105,10,10
72243,65,71,-6,6
72244,104,94,10,10
72245,115,113,2,2
72246,147,137,10,10
72247,105,99,6,6
72248,141,133,8,8
72249,163,153,10,10
72250,129,116,13,13
72251,90,91,-1,1
72252,73,79,-6,6
72253,101,91,10,10
72254,103,103,0,0
72255,53,67,-14,14
72256,67,77,-10,10
72257,78,84,-6,6
72258,75,75,0,0
72259,76,79,-3,3
72260,105,104,1,1
72261,103,92,11,11
72262,108,110,-2,2
72263,154,129,25,25
72264,84,91,-7,7
72265,125,117,8,8
72266,71,75,-4,4
72267,84,92,-8,8
72268,81,83,-2,2
72269,95,93,2,2
72270,249,212,37,37
72271,101,99,2,2
72272,69,77,-8,8
72273,109,112,-3,3
72274,76,80,-4,4
72275,92,95,-3,3
72276,56,68,-12,12
72277,85,96,-11,11
72278,51,63,-12,12
72279,117,102,15,15
72280,74,81,-7,7
72281,184,162,22,22
72282,82,87,-5,5
72283,93,99,-6,6
72284,87,83,4,4
72285,56,63,-7,7
72286,65,69,-4,4
72287,95,88,7,7
72288,112,114,-2,2
72289,110,108,2,2
72290,137,131,6,6
72291,73,79,-6,6
72292,128,111,17,17
72293,99,86,13,13
72294,133,125,8,8
72295,109,105,4,4
72296,74,88,-14,14
72297,99,91,8,8
72298,23,44,-21,21
72299,87,99,-12,12
72300,175,161,14,14
72301,71,80,-9,9
72302,64,75,-11,11
72303,74,85,-11,11
72304,127,125,2,2
72305,136,138,-2,2
72306,114,111,3,3
72307,143,133,10,10
72308,115,110,5,5
72309,83,89,-6,6
72310,118,109,9,9
72311,64,74,-10,10
72312,94,95,-1,1
72313,69,65,4,4
72314,142,128,14,14
72315,75,76,-1,1
72316,58,64,-6,6
72317,19,38,-19,19
72318,83,86,-3,3
72319,59,69,-10,10
72320,99,97,2,2
72321,69,77,-8,8
72322,95,91,4,4
72323,248,193,55,55
72324,129,119,10,10
72325,45,59,-14,14
72326,129,124,5,5
72327,99,92,7,7
72328,98,95,3,3
72329,115,113,2,2
72330,136,135,1,1
72331,111,102,9,9
72332,98,103,-5,5
72333,85,94,-9,9
72334,141,130,11,11
72335,94,99,-5,5
72336,94,96,-2,2
72337,112,118,-6,6
72338,107,107,0,0
72339,127,121,6,6
72340,113,101,12,12
72341,131,112,19,19
72342,69,79,-10,10
72343,51,62,-11,11
72344,148,133,15,15
72345,79,74,5,5
72346,108,104,4,4
72347,105,108,-3,3
72348,82,99,-17,17
72349,152,158,-6,6
72350,77,84,-7,7
72351,96,100,-4,4
72352,118,131,-13,13
72353,176,169,7,7
72354,161,162,-1,1
72355,74,74,0,0
72356,89,108,-19,19
72357,126,128,-2,2
72358,105,101,4,4
72359,102,99,3,3
72360,74,82,-8,8
72361,122,111,11,11
72362,80,85,-5,5
72363,75,79,-4,4
72364,148,141,7,7
72365,129,121,8,8
72366,68,71,-3,3
72367,74,88,-14,14
72368,96,88,8,8
72369,88,86,2,2
72370,53,72,-19,19
72371,79,81,-2,2
72372,78,80,-2,2
72373,69,76,-7,7
72374,134,120,14,14
72375,77,78,-1,1
72376,144,127,17,17
72377,102,101,1,1
72378,112,118,-6,6
72379,122,113,9,9
72380,87,86,1,1
72381,111,112,-1,1
72382,102,100,2,2
72383,73,78,-5,5
72384,86,86,0,0
72385,74,76,-2,2
72386,132,117,15,15
72387,128,125,3,3
72388,130,123,7,7
72389,62,66,-4,4
72390,44,59,-15,15
72391,78,82,-4,4
72392,95,92,3,3
72393,95,87,8,8
72394,116,114,2,2
72395,80,81,-1,1
72396,57,68,-11,11
72397,84,98,-14,14
72398,122,110,12,12
72399,115,114,1,1
72400,185,160,25,25
72401,144,121,23,23
72402,54,64,-10,10
72403,125,117,8,8
72404,107,109,-2,2
72405,140,143,-3,3
72406,59,68,-9,9
72407,64,73,-9,9
72408,83,87,-4,4
72409,56,64,-8,8
72410,79,76,3,3
72411,58,63,-5,5
72412,92,95,-3,3
72413,138,131,7,7
72414,110,106,4,4
72415,197,173,24,24
72416,102,99,3,3
72417,75,77,-2,2
72418,127,114,13,13
72419,95,99,-4,4
72420,64,64,0,0
72421,68,78,-10,10
72422,174,162,12,12
72423,61,68,-7,7
72424,74,73,1,1
72425,106,104,2,2
72426,60,69,-9,9
72427,73,87,-14,14
72428,92,87,5,5
72429,189,156,33,33
72430,99,92,7,7
72431,147,134,13,13
72432,120,110,10,10
72433,75,79,-4,4
72434,57,66,-9,9
72435,56,63,-7,7
72436,73,76,-3,3
72437,67,71,-4,4
72438,176,158,18,18
72439,131,125,6,6
72440,101,99,2,2
72441,77,78,-1,1
72442,90,109,-19,19
72443,106,109,-3,3
72444,120,112,8,8
72445,82,82,0,0
72446,117,111,6,6
72447,57,79,-22,22
72448,57,75,-18,18
72449,104,99,5,5
72450,85,84,1,1
72451,112,111,1,1
72452,89,93,-4,4
72453,88,100,-12,12
72454,87,82,5,5
72455,103,119,-16,16
72456,151,135,16,16
72457,92,95,-3,3
72458,98,91,7,7
72459,63,79,-16,16
72460,88,90,-2,2
72461,85,82,3,3
72462,29,46,-17,17
72463,88,98,-10,10
72464,105,107,-2,2
72465,108,100,8,8
72466,69,71,-2,2
72467,100,97,3,3
72468,67,78,-11,11
72469,78,73,5,5
72470,97,97,0,0
72471,84,78,6,6
72472,57,71,-14,14
72473,124,112,12,12
72474,117,110,7,7
72475,101,96,5,5
72476,104,103,1,1
72477,97,103,-6,6
72478,69,73,-4,4
72479,105,100,5,5
72480,78,85,-7,7
72481,75,73,2,2
72482,67,65,2,2
72483,182,158,24,24
72484,49,62,-13,13
72485,89,90,-1,1
72486,72,77,-5,5
72487,97,97,0,0
72488,72,73,-1,1
72489,66,68,-2,2
72490,118,120,-2,2
72491,49,65,-16,16
72492,87,82,5,5
72493,157,134,23,23
72494,63,73,-10,10
72495,69,82,-13,13
72496,163,160,3,3
72497,221,210,11,11
72498,60,73,-13,13
72499,97,99,-2,2
72500,64,65,-1,1
72501,87,99,-12,12
72502,101,99,2,2
72503,96,97,-1,1
72504,111,113,-2,2
72505,67,73,-6,6
72506,112,109,3,3
72507,92,85,7,7
72508,90,99,-9,9
72509,127,130,-3,3
72510,62,73,-11,11
72511,82,87,-5,5
72512,131,111,20,20
72513,66,69,-3,3
72514,122,127,-5,5
72515,80,91,-11,11
72516,83,90,-7,7
72517,71,81,-10,10
72518,76,75,1,1
72519,130,132,-2,2
72520,72,68,4,4
72521,51,59,-8,8
72522,114,115,-1,1
72523,62,73,-11,11
72524,46,57,-11,11
72525,58,72,-14,14
72526,84,90,-6,6
72527,69,73,-4,4
72528,59,113,-54,54
72529,65,72,-7,7
72530,175,162,13,13
72531,135,130,5,5
72532,106,101,5,5
72533,72,82,-10,10
72534,124,117,7,7
72535,126,119,7,7
72536,120,115,5,5
72537,92,89,3,3
72538,68,71,-3,3
72539,109,100,9,9
72540,74,87,-13,13
72541,61,73,-12,12
72542,96,94,2,2
72543,115,120,-5,5
72544,88,94,-6,6
72545,112,104,8,8
72546,182,159,23,23
72547,156,141,15,15
72548,156,143,13,13
72549,103,90,13,13
72550,89,86,3,3
72551,114,101,13,13
72552,106,94,12,12
72553,85,78,7,7
72554,107,96,11,11
72555,75,77,-2,2
72556,84,87,-3,3
72557,120,112,8,8
72558,95,85,10,10
72559,48,58,-10,10
72560,65,66,-1,1
72561,59,72,-13,13
72562,85,85,0,0
72563,125,114,11,11
72564,89,86,3,3
72565,92,87,5,5
72566,131,132,-1,1
72567,83,84,-1,1
72568,81,81,0,0
72569,82,80,2,2
72570,66,71,-5,5
72571,126,125,1,1
72572,167,149,18,18
72573,103,102,1,1
72574,119,108,11,11
72575,133,129,4,4
72576,138,134,4,4
72577,136,128,8,8
72578,57,67,-10,10
72579,111,102,9,9
72580,75,82,-7,7
72581,64,68,-4,4
72582,111,110,1,1
72583,126,121,5,5
72584,147,133,14,14
72585,188,157,31,31
72586,123,71,52,52
72587,87,96,-9,9
72588,77,81,-4,4
72589,82,81,1,1
72590,83,84,-1,1
72591,69,80,-11,11
72592,136,135,1,1
72593,53,67,-14,14
72594,81,84,-3,3
72595,124,123,1,1
72596,111,105,6,6
72597,120,118,2,2
72598,66,78,-12,12
72599,68,75,-7,7
72600,147,146,1,1
72601,193,167,26,26
72602,62,70,-8,8
72603,113,114,-1,1
72604,83,84,-1,1
72605,114,112,2,2
72606,138,133,5,5
72607,63,76,-13,13
72608,153,133,20,20
72609,75,83,-8,8
72610,104,103,1,1
72611,138,138,0,0
72612,86,79,7,7
72613,85,86,-1,1
72614,132,127,5,5
72615,86,85,1,1
72616,60,72,-12,12
72617,119,109,10,10
72618,233,201,32,32
72619,125,130,-5,5
72620,128,122,6,6
72621,135,131,4,4
72622,92,87,5,5
72623,134,124,10,10
72624,108,103,5,5
72625,154,135,19,19
72626,149,143,6,6
72627,112,100,12,12
72628,117,111,6,6
72629,158,148,10,10
72630,83,81,2,2
72631,92,91,1,1
72632,80,80,0,0
72633,86,89,-3,3
72634,23,38,-15,15
72635,90,91,-1,1
72636,129,125,4,4
72637,122,115,7,7
72638,49,66,-17,17
72639,58,71,-13,13
72640,115,104,11,11
72641,92,91,1,1
72642,146,158,-12,12
72643,69,87,-18,18
72644,107,113,-6,6
72645,152,138,14,14
72646,106,91,15,15
72647,78,82,-4,4
72648,122,103,19,19
72649,97,102,-5,5
72650,62,71,-9,9
72651,125,118,7,7
72652,172,155,17,17
72653,73,79,-6,6
72654,88,87,1,1
72655,69,74,-5,5
72656,72,71,1,1
72657,87,91,-4,4
72658,53,63,-10,10
72659,65,71,-6,6
72660,117,110,7,7
72661,105,106,-1,1
72662,168,154,14,14
72663,83,95,-12,12
72664,65,72,-7,7
72665,108,100,8,8
72666,45,60,-15,15
72667,123,108,15,15
72668,62,74,-12,12
72669,69,74,-5,5
72670,65,72,-7,7
72671,88,98,-10,10
72672,70,75,-5,5
72673,115,109,6,6
72674,68,72,-4,4
72675,109,105,4,4
72676,117,114,3,3
72677,68,74,-6,6
72678,93,87,6,6
72679,76,76,0,0
72680,147,134,13,13
72681,124,114,10,10
72682,146,132,14,14
72683,104,111,-7,7
72684,85,88,-3,3
72685,107,96,11,11
72686,131,116,15,15
72687,71,73,-2,2
72688,78,75,3,3
72689,69,77,-8,8
72690,124,128,-4,4
72691,101,95,6,6
72692,64,66,-2,2
72693,69,74,-5,5
72694,60,75,-15,15
72695,97,93,4,4
72696,78,79,-1,1
72697,106,124,-18,18
72698,102,95,7,7
72699,102,98,4,4
72700,135,128,7,7
72701,84,96,-12,12
72702,132,119,13,13
72703,81,79,2,2
72704,55,60,-5,5
72705,80,79,1,1
72706,89,101,-12,12
72707,218,293,-75,75
72708,68,69,-1,1
72709,136,110,26,26
72710,78,78,0,0
72711,66,76,-10,10
72712,115,110,5,5
72713,102,95,7,7
72714,64,74,-10,10
72715,32,43,-11,11
72716,61,66,-5,5
72717,98,98,0,0
72718,87,74,13,13
72719,75,70,5,5
72720,131,118,13,13
72721,82,93,-11,11
72722,102,98,4,4
72723,68,69,-1,1
72724,129,123,6,6
72725,147,139,8,8
72726,54,63,-9,9
72727,95,98,-3,3
72728,181,169,12,12
72729,102,102,0,0
72730,49,64,-15,15
72731,100,92,8,8
72732,72,79,-7,7
72733,137,140,-3,3
72734,57,63,-6,6
72735,85,82,3,3
72736,69,74,-5,5
72737,44,52,-8,8
72738,102,99,3,3
72739,140,138,2,2
72740,59,68,-9,9
72741,59,75,-16,16
72742,67,70,-3,3
72743,96,97,-1,1
72744,54,55,-1,1
72745,81,78,3,3
72746,154,144,10,10
72747,134,138,-4,4
72748,100,85,15,15
72749,104,96,8,8
72750,92,101,-9,9
72751,63,69,-6,6
72752,115,98,17,17
72753,55,63,-8,8
72754,163,152,11,11
72755,122,120,2,2
72756,106,101,5,5
72757,90,95,-5,5
72758,97,91,6,6
72759,69,73,-4,4
72760,86,86,0,0
72761,87,88,-1,1
72762,134,118,16,16
72763,83,89,-6,6
72764,96,97,-1,1
72765,75,74,1,1
72766,91,81,10,10
72767,74,72,2,2
72768,105,102,3,3
72769,109,101,8,8
72770,50,75,-25,25
72771,83,74,9,9
72772,101,97,4,4
72773,98,100,-2,2
72774,78,82,-4,4
72775,115,102,13,13
72776,151,135,16,16
72777,50,56,-6,6
72778,111,109,2,2
72779,75,86,-11,11
72780,191,176,15,15
72781,82,79,3,3
72782,133,119,14,14
72783,131,125,6,6
72784,69,72,-3,3
72785,112,102,10,10
72786,52,65,-13,13
72787,109,116,-7,7
72788,82,85,-3,3
72789,106,111,-5,5
72790,36,48,-12,12
72791,84,86,-2,2
72792,103,99,4,4
72793,56,65,-9,9
72794,78,81,-3,3
72795,69,74,-5,5
72796,67,73,-6,6
72797,83,91,-8,8
72798,103,103,0,0
72799,84,83,1,1
72800,68,79,-11,11
72801,78,80,-2,2
72802,118,109,9,9
72803,112,107,5,5
72804,108,106,2,2
72805,113,106,7,7
72806,116,100,16,16
72807,67,71,-4,4
72808,110,108,2,2
72809,100,94,6,6
72810,111,98,13,13
72811,82,87,-5,5
72812,157,149,8,8
72813,75,80,-5,5
72814,102,100,2,2
72815,90,93,-3,3
72816,60,69,-9,9
72817,88,91,-3,3
72818,96,97,-1,1
72819,117,136,-19,19
72820,76,84,-8,8
72821,166,147,19,19
72822,187,149,38,38
72823,73,71,2,2
72824,91,96,-5,5
72825,125,119,6,6
72826,60,72,-12,12
72827,91,87,4,4
72828,99,113,-14,14
72829,80,74,6,6
72830,125,119,6,6
72831,111,113,-2,2
72832,54,66,-12,12
72833,192,174,18,18
72834,159,142,17,17
72835,71,74,-3,3
72836,80,87,-7,7
72837,58,66,-8,8
72838,78,76,2,2
72839,146,128,18,18
72840,73,75,-2,2
72841,178,151,27,27
72842,94,93,1,1
72843,131,119,12,12
72844,70,67,3,3
72845,126,123,3,3
72846,84,83,1,1
72847,80,85,-5,5
72848,214,187,27,27
72849,111,106,5,5
72850,134,133,1,1
72851,89,98,-9,9
72852,124,132,-8,8
72853,112,101,11,11
72854,94,100,-6,6
72855,110,102,8,8
72856,143,136,7,7
72857,70,77,-7,7
72858,112,112,0,0
72859,88,86,2,2
72860,89,82,7,7
72861,78,78,0,0
72862,121,108,13,13
72863,69,73,-4,4
72864,82,84,-2,2
72865,137,161,-24,24
72866,116,113,3,3
72867,169,152,17,17
72868,108,97,11,11
72869,62,66,-4,4
72870,66,84,-18,18
72871,126,115,11,11
72872,77,75,2,2
72873,170,159,11,11
72874,48,64,-16,16
72875,123,108,15,15
72876,135,125,10,10
72877,128,122,6,6
72878,108,103,5,5
72879,102,94,8,8
72880,89,91,-2,2
72881,68,74,-6,6
72882,83,79,4,4
72883,174,168,6,6
72884,130,104,26,26
72885,176,157,19,19
72886,87,97,-10,10
72887,69,69,0,0
72888,69,75,-6,6
72889,100,85,15,15
72890,164,153,11,11
72891,94,99,-5,5
72892,82,82,0,0
72893,191,183,8,8
72894,99,97,2,2
72895,78,83,-5,5
72896,68,73,-5,5
72897,121,101,20,20
72898,128,118,10,10
72899,149,140,9,9
72900,164,148,16,16
72901,74,81,-7,7
72902,67,67,0,0
72903,59,70,-11,11
72904,100,114,-14,14
72905,62,78,-16,16
72906,100,98,2,2
72907,79,84,-5,5
72908,137,149,-12,12
72909,74,76,-2,2
72910,94,95,-1,1
72911,119,101,18,18
72912,103,99,4,4
72913,95,92,3,3
72914,60,60,0,0
72915,111,102,9,9
72916,34,49,-15,15
72917,78,87,-9,9
72918,97,95,2,2
72919,111,107,4,4
72920,85,93,-8,8
72921,149,135,14,14
72922,90,85,5,5
72923,49,58,-9,9
72924,138,125,13,13
72925,69,70,-1,1
72926,79,74,5,5
72927,70,71,-1,1
72928,82,83,-1,1
72929,79,83,-4,4
72930,85,96,-11,11
72931,89,83,6,6
72932,67,73,-6,6
72933,106,114,-8,8
72934,70,80,-10,10
72935,74,84,-10,10
72936,55,69,-14,14
72937,164,156,8,8
72938,77,79,-2,2
72939,57,65,-8,8
72940,97,106,-9,9
72941,136,139,-3,3
72942,83,84,-1,1
72943,66,72,-6,6
72944,92,95,-3,3
72945,92,95,-3,3
72946,71,71,0,0
72947,67,79,-12,12
72948,150,134,16,16
72949,69,78,-9,9
72950,132,120,12,12
72951,194,177,17,17
72952,137,135,2,2
72953,68,76,-8,8
72954,90,97,-7,7
72955,113,109,4,4
72956,61,63,-2,2
72957,160,143,17,17
72958,149,142,7,7
72959,48,62,-14,14
72960,128,122,6,6
72961,102,101,1,1
72962,95,96,-1,1
72963,68,70,-2,2
72964,164,155,9,9
72965,92,101,-9,9
72966,100,92,8,8
72967,68,79,-11,11
72968,81,84,-3,3
72969,87,83,4,4
72970,121,104,17,17
72971,95,98,-3,3
72972,99,87,12,12
72973,59,73,-14,14
72974,140,124,16,16
72975,109,91,18,18
72976,147,131,16,16
72977,84,85,-1,1
72978,111,104,7,7
72979,85,89,-4,4
72980,63,75,-12,12
72981,64,66,-2,2
72982,75,75,0,0
72983,136,116,20,20
72984,140,141,-1,1
72985,45,59,-14,14
72986,159,155,4,4
72987,110,100,10,10
72988,54,71,-17,17
72989,129,126,3,3
72990,170,171,-1,1
72991,111,104,7,7
72992,72,75,-3,3
72993,129,124,5,5
72994,67,73,-6,6
72995,159,167,-8,8
72996,60,73,-13,13
72997,91,90,1,1
72998,126,110,16,16
72999,240,199,41,41
73000,113,108,5,5
73001,85,82,3,3
73002,54,67,-13,13
73003,68,74,-6,6
73004,89,86,3,3
73005,142,129,13,13
73006,146,130,16,16
73007,87,86,1,1
73008,122,121,1,1
73009,81,67,14,14
73010,77,81,-4,4
73011,113,99,14,14
73012,182,179,3,3
73013,111,103,8,8
73014,97,89,8,8
73015,90,86,4,4
73016,149,137,12,12
73017,62,79,-17,17
73018,121,115,6,6
73019,90,87,3,3
73020,64,67,-3,3
73021,158,149,9,9
73022,89,90,-1,1
73023,93,88,5,5
73024,82,76,6,6
73025,80,83,-3,3
73026,231,223,8,8
73027,52,65,-13,13
73028,185,162,23,23
73029,125,127,-2,2
73030,116,104,12,12
73031,70,77,-7,7
73032,92,87,5,5
73033,135,133,2,2
73034,83,89,-6,6
73035,78,82,-4,4
73036,89,90,-1,1
73037,98,94,4,4
73038,74,81,-7,7
73039,117,115,2,2
73040,65,197,-132,132
73041,80,81,-1,1
73042,82,81,1,1
73043,144,144,0,0
73044,64,69,-5,5
73045,144,133,11,11
73046,46,54,-8,8
73047,29,46,-17,17
73048,81,82,-1,1
73049,115,108,7,7
73050,99,93,6,6
73051,80,77,3,3
73052,111,105,6,6
73053,113,107,6,6
73054,119,99,20,20
73055,49,52,-3,3
73056,128,120,8,8
73057,168,152,16,16
73058,52,61,-9,9
73059,115,111,4,4
73060,230,197,33,33
73061,113,127,-14,14
73062,66,67,-1,1
73063,102,100,2,2
73064,52,61,-9,9
73065,94,94,0,0
73066,69,77,-8,8
73067,146,151,-5,5
73068,130,119,11,11
73069,82,76,6,6
73070,51,60,-9,9
73071,114,104,10,10
73072,58,73,-15,15
73073,70,81,-11,11
73074,74,76,-2,2
73075,75,73,2,2
73076,54,62,-8,8
73077,134,132,2,2
73078,46,54,-8,8
73079,79,78,1,1
73080,66,77,-11,11
73081,114,113,1,1
73082,76,86,-10,10
73083,149,138,11,11
73084,126,116,10,10
73085,91,97,-6,6
73086,56,63,-7,7
73087,131,125,6,6
73088,119,127,-8,8
73089,119,113,6,6
73090,124,117,7,7
73091,142,135,7,7
73092,215,184,31,31
73093,59,68,-9,9
73094,60,66,-6,6
73095,76,83,-7,7
73096,54,58,-4,4
73097,78,89,-11,11
73098,133,138,-5,5
73099,56,62,-6,6
73100,79,83,-4,4
73101,74,74,0,0
73102,55,72,-17,17
73103,62,63,-1,1
73104,47,55,-8,8
73105,112,113,-1,1
73106,112,103,9,9
73107,122,111,11,11
73108,104,100,4,4
73109,81,98,-17,17
73110,76,85,-9,9
73111,61,66,-5,5
73112,230,178,52,52
73113,87,85,2,2
73114,94,88,6,6
73115,83,82,1,1
73116,154,128,26,26
73117,140,126,14,14
73118,81,86,-5,5
73119,78,76,2,2
73120,112,103,9,9
73121,133,116,17,17
73122,72,79,-7,7
73123,150,123,27,27
73124,133,124,9,9
73125,74,72,2,2
73126,122,118,4,4
73127,90,88,2,2
73128,69,70,-1,1
73129,75,83,-8,8
73130,50,56,-6,6
73131,135,125,10,10
73132,126,117,9,9
73133,68,86,-18,18
73134,88,86,2,2
73135,78,86,-8,8
73136,55,67,-12,12
73137,94,99,-5,5
73138,57,75,-18,18
73139,70,78,-8,8
73140,150,138,12,12
73141,67,76,-9,9
73142,78,84,-6,6
73143,82,89,-7,7
73144,123,122,1,1
73145,75,74,1,1
73146,151,148,3,3
73147,79,76,3,3
73148,116,106,10,10
73149,89,86,3,3
73150,143,133,10,10
73151,94,96,-2,2
73152,94,100,-6,6
73153,81,89,-8,8
73154,77,84,-7,7
73155,85,86,-1,1
73156,104,107,-3,3
73157,58,69,-11,11
73158,76,85,-9,9
73159,72,76,-4,4
73160,90,86,4,4
73161,126,131,-5,5
73162,81,83,-2,2
73163,113,107,6,6
73164,72,81,-9,9
73165,111,113,-2,2
73166,94,89,5,5
73167,77,78,-1,1
73168,76,74,2,2
73169,91,85,6,6
73170,84,88,-4,4
73171,50,68,-18,18
73172,111,112,-1,1
73173,160,148,12,12
73174,90,84,6,6
73175,165,168,-3,3
73176,153,133,20,20
73177,38,52,-14,14
73178,76,90,-14,14
73179,73,77,-4,4
73180,99,101,-2,2
73181,64,70,-6,6
73182,148,135,13,13
73183,146,138,8,8
73184,86,86,0,0
73185,70,80,-10,10
73186,74,73,1,1
73187,102,97,5,5
73188,76,70,6,6
73189,115,112,3,3
73190,111,105,6,6
73191,67,72,-5,5
73192,120,126,-6,6
73193,72,77,-5,5
73194,93,90,3,3
73195,256,229,27,27
73196,157,149,8,8
73197,70,73,-3,3
73198,95,104,-9,9
73199,99,101,-2,2
73200,94,90,4,4
73201,81,80,1,1
73202,102,95,7,7
73203,107,105,2,2
73204,137,125,12,12
73205,91,91,0,0
73206,90,97,-7,7
73207,68,72,-4,4
73208,59,69,-10,10
73209,86,87,-1,1
73210,118,124,-6,6
73211,197,184,13,13
73212,55,74,-19,19
73213,82,81,1,1
73214,96,100,-4,4
73215,88,99,-11,11
73216,72,85,-13,13
73217,56,67,-11,11
73218,110,103,7,7
73219,75,75,0,0
73220,107,113,-6,6
73221,100,102,-2,2
73222,137,120,17,17
73223,76,82,-6,6
73224,174,165,9,9
73225,101,105,-4,4
73226,85,88,-3,3
73227,53,66,-13,13
73228,108,94,14,14
73229,82,81,1,1
73230,84,90,-6,6
73231,92,94,-2,2
73232,125,132,-7,7
73233,93,100,-7,7
73234,54,66,-12,12
73235,113,102,11,11
73236,196,186,10,10
73237,71,72,-1,1
73238,75,77,-2,2
73239,46,58,-12,12
73240,107,106,1,1
73241,82,90,-8,8
73242,88,99,-11,11
73243,57,61,-4,4
73244,153,135,18,18
73245,131,132,-1,1
73246,111,122,-11,11
73247,136,133,3,3
73248,58,70,-12,12
73249,85,85,0,0
73250,98,90,8,8
73251,80,83,-3,3
73252,82,90,-8,8
73253,74,74,0,0
73254,135,117,18,18
73255,88,90,-2,2
73256,27,53,-26,26
73257,60,73,-13,13
73258,82,83,-1,1
73259,176,168,8,8
73260,163,138,25,25
73261,130,131,-1,1
73262,120,113,7,7
73263,143,122,21,21
73264,138,136,2,2
73265,88,84,4,4
73266,125,120,5,5
73267,81,80,1,1
73268,56,63,-7,7
73269,70,74,-4,4
73270,59,71,-12,12
73271,117,130,-13,13
73272,35,49,-14,14
73273,115,103,12,12
73274,59,70,-11,11
73275,88,84,4,4
73276,124,126,-2,2
73277,110,95,15,15
73278,118,108,10,10
73279,103,95,8,8
73280,121,118,3,3
73281,78,80,-2,2
73282,69,78,-9,9
73283,129,120,9,9
73284,75,72,3,3
73285,54,63,-9,9
73286,185,163,22,22
73287,105,99,6,6
73288,65,66,-1,1
73289,145,123,22,22
73290,134,118,16,16
73291,102,96,6,6
73292,75,80,-5,5
73293,106,100,6,6
73294,122,117,5,5
73295,42,59,-17,17
73296,144,145,-1,1
73297,104,98,6,6
73298,117,106,11,11
73299,69,76,-7,7
73300,63,75,-12,12
73301,184,147,37,37
73302,96,95,1,1
73303,86,79,7,7
73304,98,96,2,2
73305,78,80,-2,2
73306,91,91,0,0
73307,53,60,-7,7
73308,79,82,-3,3
73309,141,130,11,11
73310,82,83,-1,1
73311,49,61,-12,12
73312,109,102,7,7
73313,61,70,-9,9
73314,90,93,-3,3
73315,61,63,-2,2
73316,94,102,-8,8
73317,134,133,1,1
73318,65,75,-10,10
73319,136,128,8,8
73320,164,151,13,13
73321,98,102,-4,4
73322,83,85,-2,2
73323,40,55,-15,15
73324,67,81,-14,14
73325,90,88,2,2
73326,62,62,0,0
73327,60,64,-4,4
73328,115,103,12,12
73329,135,130,5,5
73330,75,78,-3,3
73331,35,67,-32,32
73332,94,104,-10,10
73333,113,103,10,10
73334,133,123,10,10
73335,103,72,31,31
73336,108,98,10,10
73337,65,71,-6,6
73338,67,65,2,2
73339,121,112,9,9
73340,89,99,-10,10
73341,69,75,-6,6
73342,128,124,4,4
73343,99,90,9,9
73344,100,97,3,3
73345,88,78,10,10
73346,160,143,17,17
73347,94,92,2,2
73348,111,108,3,3
73349,83,78,5,5
73350,51,68,-17,17
73351,126,118,8,8
73352,150,132,18,18
73353,57,65,-8,8
73354,63,73,-10,10
73355,112,109,3,3
73356,196,178,18,18
73357,71,77,-6,6
73358,152,144,8,8
73359,87,87,0,0
73360,59,64,-5,5
73361,144,134,10,10
73362,122,110,12,12
73363,61,73,-12,12
73364,99,104,-5,5
73365,74,71,3,3
73366,68,74,-6,6
73367,92,97,-5,5
73368,147,148,-1,1
73369,114,109,5,5
73370,64,70,-6,6
73371,92,81,11,11
73372,85,83,2,2
73373,100,92,8,8
73374,142,129,13,13
73375,34,43,-9,9
73376,107,95,12,12
73377,110,102,8,8
73378,154,142,12,12
73379,69,73,-4,4
73380,91,99,-8,8
73381,124,111,13,13
73382,71,71,0,0
73383,61,65,-4,4
73384,110,103,7,7
73385,86,98,-12,12
73386,143,129,14,14
73387,65,70,-5,5
73388,82,81,1,1
73389,90,95,-5,5
73390,156,155,1,1
73391,177,169,8,8
73392,108,102,6,6
73393,100,107,-7,7
73394,60,73,-13,13
73395,81,91,-10,10
73396,99,101,-2,2
73397,63,88,-25,25
73398,87,100,-13,13
73399,53,60,-7,7
73400,47,59,-12,12
73401,65,77,-12,12
73402,79,79,0,0
73403,65,73,-8,8
73404,99,100,-1,1
73405,61,69,-8,8
73406,101,105,-4,4
73407,75,74,1,1
73408,99,105,-6,6
73409,84,85,-1,1
73410,130,122,8,8
73411,147,129,18,18
73412,103,100,3,3
73413,48,56,-8,8
73414,88,86,2,2
73415,115,103,12,12
73416,81,83,-2,2
73417,69,81,-12,12
73418,144,141,3,3
73419,103,97,6,6
73420,84,83,1,1
73421,175,162,13,13
73422,133,113,20,20
73423,88,88,0,0
73424,112,108,4,4
73425,98,99,-1,1
73426,79,79,0,0
73427,65,71,-6,6
73428,75,86,-11,11
73429,101,102,-1,1
73430,44,58,-14,14
73431,89,88,1,1
73432,107,104,3,3
73433,85,86,-1,1
73434,42,57,-15,15
73435,86,91,-5,5
73436,92,87,5,5
73437,70,77,-7,7
73438,79,82,-3,3
73439,39,62,-23,23
73440,90,89,1,1
73441,126,114,12,12
73442,116,108,8,8
73443,69,76,-7,7
73444,51,64,-13,13
73445,107,98,9,9
73446,88,89,-1,1
73447,104,96,8,8
73448,81,76,5,5
73449,78,80,-2,2
73450,87,93,-6,6
73451,63,78,-15,15
73452,92,95,-3,3
73453,125,125,0,0
73454,113,106,7,7
73455,50,59,-9,9
73456,71,73,-2,2
73457,78,81,-3,3
73458,65,71,-6,6
73459,145,131,14,14
73460,64,67,-3,3
73461,83,83,0,0
73462,162,140,22,22
73463,84,86,-2,2
73464,149,144,5,5
73465,68,77,-9,9
73466,84,87,-3,3
73467,74,72,2,2
73468,106,102,4,4
73469,87,90,-3,3
73470,102,113,-11,11
73471,142,125,17,17
73472,159,149,10,10
73473,49,60,-11,11
73474,133,133,0,0
73475,89,87,2,2
73476,47,61,-14,14
73477,111,110,1,1
73478,79,80,-1,1
73479,108,116,-8,8
73480,58,67,-9,9
73481,111,116,-5,5
73482,46,58,-12,12
73483,69,75,-6,6
73484,144,142,2,2
73485,122,114,8,8
73486,114,106,8,8
73487,60,65,-5,5
73488,75,82,-7,7
73489,79,83,-4,4
73490,97,100,-3,3
73491,177,169,8,8
73492,111,102,9,9
73493,35,51,-16,16
73494,133,117,16,16
73495,58,61,-3,3
73496,114,99,15,15
73497,80,85,-5,5
73498,133,113,20,20
73499,116,115,1,1
73500,88,77,11,11
73501,126,115,11,11
73502,135,121,14,14
73503,85,88,-3,3
73504,154,147,7,7
73505,118,110,8,8
73506,92,90,2,2
73507,146,146,0,0
73508,63,72,-9,9
73509,77,84,-7,7
73510,113,105,8,8
73511,110,107,3,3
73512,63,72,-9,9
73513,78,75,3,3
73514,130,118,12,12
73515,64,66,-2,2
73516,81,86,-5,5
73517,75,71,4,4
73518,41,60,-19,19
73519,139,128,11,11
73520,60,67,-7,7
73521,81,85,-4,4
73522,108,104,4,4
73523,102,100,2,2
73524,63,70,-7,7
73525,111,100,11,11
73526,42,54,-12,12
73527,93,95,-2,2
73528,106,109,-3,3
73529,92,85,7,7
73530,87,86,1,1
73531,100,100,0,0
73532,73,76,-3,3
73533,65,68,-3,3
73534,84,94,-10,10
73535,158,149,9,9
73536,73,77,-4,4
73537,116,124,-8,8
73538,79,88,-9,9
73539,114,102,12,12
73540,108,104,4,4
73541,89,86,3,3
73542,65,78,-13,13
73543,123,112,11,11
73544,70,77,-7,7
73545,58,67,-9,9
73546,61,74,-13,13
73547,118,126,-8,8
73548,91,97,-6,6
73549,82,89,-7,7
73550,42,63,-21,21
73551,43,56,-13,13
73552,144,126,18,18
73553,60,77,-17,17
73554,29,50,-21,21
73555,111,98,13,13
73556,69,74,-5,5
73557,192,165,27,27
73558,88,103,-15,15
73559,64,71,-7,7
73560,131,129,2,2
73561,107,107,0,0
73562,95,102,-7,7
73563,70,76,-6,6
73564,51,58,-7,7
73565,195,176,19,19
73566,77,81,-4,4
73567,117,118,-1,1
73568,87,82,5,5
73569,46,57,-11,11
73570,71,73,-2,2
73571,65,68,-3,3
73572,171,176,-5,5
73573,106,102,4,4
73574,82,84,-2,2
73575,130,116,14,14
73576,58,70,-12,12
73577,105,108,-3,3
73578,121,119,2,2
73579,148,150,-2,2
73580,87,86,1,1
73581,98,101,-3,3
73582,74,85,-11,11
73583,138,131,7,7
73584,95,99,-4,4
73585,104,102,2,2
73586,64,67,-3,3
73587,74,79,-5,5
73588,126,102,24,24
73589,93,99,-6,6
73590,80,83,-3,3
73591,62,71,-9,9
73592,56,68,-12,12
73593,91,95,-4,4
73594,202,179,23,23
73595,97,98,-1,1
73596,109,114,-5,5
73597,62,55,7,7
73598,156,148,8,8
73599,62,65,-3,3
73600,156,151,5,5
73601,60,69,-9,9
73602,67,69,-2,2
73603,109,111,-2,2
73604,129,119,10,10
73605,126,115,11,11
73606,141,128,13,13
73607,117,101,16,16
73608,167,154,13,13
73609,123,127,-4,4
73610,127,114,13,13
73611,70,74,-4,4
73612,67,72,-5,5
73613,93,93,0,0
73614,79,80,-1,1
73615,80,83,-3,3
73616,81,89,-8,8
73617,77,80,-3,3
73618,57,67,-10,10
73619,125,129,-4,4
73620,137,121,16,16
73621,98,100,-2,2
73622,76,77,-1,1
73623,99,90,9,9
73624,88,92,-4,4
73625,71,75,-4,4
73626,85,84,1,1
73627,93,95,-2,2
73628,112,102,10,10
73629,63,72,-9,9
73630,79,91,-12,12
73631,90,90,0,0
73632,71,75,-4,4
73633,67,84,-17,17
73634,147,124,23,23
73635,57,79,-22,22
73636,61,68,-7,7
73637,100,95,5,5
73638,79,79,0,0
73639,136,107,29,29
73640,88,94,-6,6
73641,67,72,-5,5
73642,173,170,3,3
73643,111,98,13,13
73644,96,83,13,13
73645,91,86,5,5
73646,90,84,6,6
73647,93,92,1,1
73648,99,98,1,1
73649,57,64,-7,7
73650,71,72,-1,1
73651,165,149,16,16
73652,91,103,-12,12
73653,59,63,-4,4
73654,103,99,4,4
73655,72,76,-4,4
73656,95,93,2,2
73657,86,81,5,5
73658,142,114,28,28
73659,92,89,3,3
73660,86,88,-2,2
73661,143,129,14,14
73662,37,55,-18,18
73663,66,73,-7,7
73664,121,114,7,7
73665,89,93,-4,4
73666,54,75,-21,21
73667,64,72,-8,8
73668,48,56,-8,8
73669,33,51,-18,18
73670,154,145,9,9
73671,55,65,-10,10
73672,85,79,6,6
73673,68,72,-4,4
73674,88,88,0,0
73675,61,67,-6,6
73676,123,110,13,13
73677,98,99,-1,1
73678,161,150,11,11
73679,53,63,-10,10
73680,68,77,-9,9
73681,131,117,14,14
73682,100,97,3,3
73683,64,67,-3,3
73684,109,116,-7,7
73685,87,88,-1,1
73686,78,84,-6,6
73687,56,68,-12,12
73688,96,91,5,5
73689,104,99,5,5
73690,94,95,-1,1
73691,66,71,-5,5
73692,106,98,8,8
73693,132,140,-8,8
73694,142,116,26,26
73695,112,114,-2,2
73696,104,81,23,23
73697,129,132,-3,3
73698,107,100,7,7
73699,137,139,-2,2
73700,81,86,-5,5
73701,57,65,-8,8
73702,126,115,11,11
73703,57,75,-18,18
73704,141,124,17,17
73705,94,90,4,4
73706,56,72,-16,16
73707,100,92,8,8
73708,65,74,-9,9
73709,153,145,8,8
73710,106,107,-1,1
73711,65,71,-6,6
73712,89,94,-5,5
73713,69,67,2,2
73714,172,157,15,15
73715,74,79,-5,5
73716,55,70,-15,15
73717,95,90,5,5
73718,80,84,-4,4
73719,72,81,-9,9
73720,69,74,-5,5
73721,77,85,-8,8
73722,136,126,10,10
73723,60,65,-5,5
73724,106,100,6,6
73725,98,92,6,6
73726,113,109,4,4
73727,66,72,-6,6
73728,117,106,11,11
73729,75,77,-2,2
73730,123,119,4,4
73731,54,61,-7,7
73732,157,160,-3,3
73733,100,93,7,7
73734,74,80,-6,6
73735,61,69,-8,8
73736,72,78,-6,6
73737,81,79,2,2
73738,138,143,-5,5
73739,137,137,0,0
73740,163,141,22,22
73741,65,80,-15,15
73742,130,126,4,4
73743,68,80,-12,12
73744,97,90,7,7
73745,167,159,8,8
73746,93,81,12,12
73747,63,73,-10,10
73748,91,87,4,4
73749,174,157,17,17
73750,138,119,19,19
73751,75,81,-6,6
73752,129,131,-2,2
73753,116,102,14,14
73754,47,52,-5,5
73755,116,103,13,13
73756,103,97,6,6
73757,112,104,8,8
73758,133,120,13,13
73759,55,65,-10,10
73760,75,83,-8,8
73761,53,62,-9,9
73762,88,97,-9,9
73763,132,122,10,10
73764,35,48,-13,13
73765,45,61,-16,16
73766,67,74,-7,7
73767,124,103,21,21
73768,148,133,15,15
73769,138,121,17,17
73770,98,91,7,7
73771,81,81,0,0
73772,54,63,-9,9
73773,35,47,-12,12
73774,69,70,-1,1
73775,66,70,-4,4
73776,116,104,12,12
73777,86,86,0,0
73778,95,97,-2,2
73779,95,98,-3,3
73780,61,67,-6,6
73781,79,83,-4,4
73782,74,93,-19,19
73783,117,112,5,5
73784,63,70,-7,7
73785,138,118,20,20
73786,125,122,3,3
73787,95,97,-2,2
73788,66,73,-7,7
73789,53,64,-11,11
73790,83,85,-2,2
73791,60,72,-12,12
73792,52,61,-9,9
73793,55,62,-7,7
73794,100,102,-2,2
73795,91,108,-17,17
73796,87,89,-2,2
73797,63,63,0,0
73798,122,96,26,26
73799,75,77,-2,2
73800,57,72,-15,15
73801,55,68,-13,13
73802,110,98,12,12
73803,88,92,-4,4
73804,155,159,-4,4
73805,96,99,-3,3
73806,81,88,-7,7
73807,102,100,2,2
73808,141,120,21,21
73809,105,100,5,5
73810,68,70,-2,2
73811,80,79,1,1
73812,94,99,-5,5
73813,60,67,-7,7
73814,107,93,14,14
73815,112,110,2,2
73816,92,95,-3,3
73817,86,81,5,5
73818,131,110,21,21
73819,62,65,-3,3
73820,146,141,5,5
73821,67,83,-16,16
73822,77,82,-5,5
73823,101,102,-1,1
73824,80,78,2,2
73825,97,84,13,13
73826,140,125,15,15
73827,128,137,-9,9
73828,108,110,-2,2
73829,91,89,2,2
73830,91,96,-5,5
73831,87,83,4,4
73832,151,129,22,22
73833,91,96,-5,5
73834,161,144,17,17
73835,60,69,-9,9
73836,135,121,14,14
73837,73,89,-16,16
73838,88,101,-13,13
73839,71,73,-2,2
73840,80,83,-3,3
73841,50,60,-10,10
73842,106,102,4,4
73843,66,71,-5,5
73844,90,96,-6,6
73845,122,122,0,0
73846,99,95,4,4
73847,73,76,-3,3
73848,60,66,-6,6
73849,63,67,-4,4
73850,105,120,-15,15
73851,34,49,-15,15
73852,74,85,-11,11
73853,122,113,9,9
73854,123,109,14,14
73855,66,68,-2,2
73856,122,112,10,10
73857,114,105,9,9
73858,165,158,7,7
73859,139,149,-10,10
73860,58,57,1,1
73861,70,74,-4,4
73862,71,71,0,0
73863,158,175,-17,17
73864,66,70,-4,4
73865,166,127,39,39
73866,129,127,2,2
73867,91,91,0,0
73868,109,126,-17,17
73869,118,128,-10,10
73870,90,93,-3,3
73871,125,115,10,10
73872,94,88,6,6
73873,107,99,8,8
73874,144,123,21,21
73875,83,81,2,2
73876,71,79,-8,8
73877,93,94,-1,1
73878,103,101,2,2
73879,78,82,-4,4
73880,33,78,-45,45
73881,44,82,-38,38
73882,129,122,7,7
73883,210,188,22,22
73884,98,96,2,2
73885,60,81,-21,21
73886,110,99,11,11
73887,56,66,-10,10
73888,149,132,17,17
73889,86,86,0,0
73890,101,99,2,2
73891,80,79,1,1
73892,96,93,3,3
73893,66,71,-5,5
73894,73,75,-2,2
73895,87,78,9,9
73896,73,71,2,2
73897,96,93,3,3
73898,36,56,-20,20
73899,171,196,-25,25
73900,125,119,6,6
73901,82,86,-4,4
73902,79,76,3,3
73903,148,134,14,14
73904,137,128,9,9
73905,82,85,-3,3
73906,72,96,-24,24
73907,57,67,-10,10
73908,162,158,4,4
73909,148,130,18,18
73910,82,78,4,4
73911,76,77,-1,1
73912,72,72,0,0
73913,42,49,-7,7
73914,102,104,-2,2
73915,61,69,-8,8
73916,107,103,4,4
73917,72,73,-1,1
73918,117,126,-9,9
73919,70,72,-2,2
73920,60,67,-7,7
73921,110,96,14,14
73922,94,95,-1,1
73923,121,124,-3,3
73924,102,100,2,2
73925,61,70,-9,9
73926,69,77,-8,8
73927,51,71,-20,20
73928,113,120,-7,7
73929,148,164,-16,16
73930,129,125,4,4
73931,60,66,-6,6
73932,82,98,-16,16
73933,149,136,13,13
73934,64,65,-1,1
73935,95,99,-4,4
73936,105,102,3,3
73937,129,125,4,4
73938,140,131,9,9
73939,143,143,0,0
73940,67,70,-3,3
73941,81,84,-3,3
73942,131,117,14,14
73943,61,64,-3,3
73944,95,94,1,1
73945,121,113,8,8
73946,96,86,10,10
73947,159,131,28,28
73948,51,62,-11,11
73949,72,80,-8,8
73950,83,84,-1,1
73951,114,107,7,7
73952,90,94,-4,4
73953,72,75,-3,3
73954,88,84,4,4
73955,149,134,15,15
73956,69,71,-2,2
73957,67,76,-9,9
73958,65,78,-13,13
73959,119,121,-2,2
73960,146,128,18,18
73961,75,84,-9,9
73962,175,153,22,22
73963,109,114,-5,5
73964,80,82,-2,2
73965,99,89,10,10
73966,137,131,6,6
73967,77,92,-15,15
73968,44,74,-30,30
73969,96,95,1,1
73970,55,62,-7,7
73971,113,101,12,12
73972,108,104,4,4
73973,55,63,-8,8
73974,138,116,22,22
73975,74,77,-3,3
73976,69,76,-7,7
73977,131,122,9,9
73978,129,155,-26,26
73979,103,105,-2,2
73980,50,62,-12,12
73981,90,93,-3,3
73982,42,52,-10,10
73983,140,150,-10,10
73984,76,92,-16,16
73985,113,104,9,9
73986,43,61,-18,18
73987,73,87,-14,14
73988,116,111,5,5
73989,112,114,-2,2
73990,126,123,3,3
73991,98,103,-5,5
73992,83,90,-7,7
73993,51,63,-12,12
73994,73,95,-22,22
73995,220,186,34,34
73996,72,83,-11,11
73997,63,70,-7,7
73998,107,104,3,3
73999,90,85,5,5
74000,50,65,-15,15
74001,100,96,4,4
74002,126,113,13,13
74003,73,78,-5,5
74004,88,91,-3,3
74005,65,80,-15,15
74006,73,76,-3,3
74007,83,84,-1,1
74008,118,119,-1,1
74009,77,76,1,1
74010,175,162,13,13
74011,101,98,3,3
74012,72,76,-4,4
74013,84,86,-2,2
74014,320,343,-23,23
74015,86,99,-13,13
74016,48,58,-10,10
74017,82,78,4,4
74018,111,102,9,9
74019,83,85,-2,2
74020,105,118,-13,13
74021,87,91,-4,4
74022,92,92,0,0
74023,106,101,5,5
74024,179,169,10,10
74025,123,111,12,12
74026,68,77,-9,9
74027,52,58,-6,6
74028,155,129,26,26
74029,97,106,-9,9
74030,78,84,-6,6
74031,52,60,-8,8
74032,62,69,-7,7
74033,92,95,-3,3
74034,113,105,8,8
74035,141,131,10,10
74036,66,76,-10,10
74037,97,88,9,9
74038,80,98,-18,18
74039,71,93,-22,22
74040,117,108,9,9
74041,202,185,17,17
74042,89,84,5,5
74043,65,77,-12,12
74044,83,92,-9,9
74045,151,137,14,14
74046,68,71,-3,3
74047,84,90,-6,6
74048,114,106,8,8
74049,67,74,-7,7
74050,48,56,-8,8
74051,108,107,1,1
74052,159,136,23,23
74053,84,82,2,2
74054,153,136,17,17
74055,52,72,-20,20
74056,159,149,10,10
74057,118,117,1,1
74058,83,88,-5,5
74059,50,60,-10,10
74060,125,113,12,12
74061,41,91,-50,50
74062,62,78,-16,16
74063,85,79,6,6
74064,133,130,3,3
74065,129,116,13,13
74066,97,97,0,0
74067,102,101,1,1
74068,23,47,-24,24
74069,74,81,-7,7
74070,41,60,-19,19
74071,108,110,-2,2
74072,104,100,4,4
74073,108,95,13,13
74074,97,96,1,1
74075,74,80,-6,6
74076,94,94,0,0
74077,78,79,-1,1
74078,117,118,-1,1
74079,119,117,2,2
74080,60,62,-2,2
74081,86,84,2,2
74082,84,85,-1,1
74083,72,76,-4,4
74084,93,98,-5,5
74085,72,76,-4,4
74086,156,131,25,25
74087,73,81,-8,8
74088,108,103,5,5
74089,126,134,-8,8
74090,93,91,2,2
74091,79,74,5,5
74092,181,149,32,32
74093,83,82,1,1
74094,119,112,7,7
74095,71,75,-4,4
74096,77,75,2,2
74097,104,116,-12,12
74098,72,81,-9,9
74099,68,73,-5,5
74100,98,98,0,0
74101,57,81,-24,24
74102,80,104,-24,24
74103,73,79,-6,6
74104,191,163,28,28
74105,100,93,7,7
74106,132,114,18,18
74107,40,49,-9,9
74108,54,62,-8,8
74109,154,143,11,11
74110,139,128,11,11
74111,107,103,4,4
74112,128,115,13,13
74113,133,119,14,14
74114,83,76,7,7
74115,63,86,-23,23
74116,81,82,-1,1
74117,163,150,13,13
74118,109,104,5,5
74119,63,69,-6,6
74120,90,93,-3,3
74121,81,92,-11,11
74122,66,69,-3,3
74123,120,120,0,0
74124,89,85,4,4
74125,67,75,-8,8
74126,85,88,-3,3
74127,78,82,-4,4
74128,75,83,-8,8
74129,198,182,16,16
74130,92,94,-2,2
74131,118,104,14,14
74132,57,69,-12,12
74133,155,145,10,10
74134,86,85,1,1
74135,67,69,-2,2
74136,178,144,34,34
74137,68,73,-5,5
74138,85,85,0,0
74139,79,85,-6,6
74140,93,85,8,8
74141,50,66,-16,16
74142,58,65,-7,7
74143,104,102,2,2
74144,100,96,4,4
74145,201,185,16,16
74146,105,104,1,1
74147,105,105,0,0
74148,90,90,0,0
74149,68,79,-11,11
74150,74,83,-9,9
74151,60,66,-6,6
74152,59,80,-21,21
74153,97,101,-4,4
74154,87,85,2,2
74155,55,71,-16,16
74156,111,101,10,10
74157,119,102,17,17
74158,115,113,2,2
74159,59,61,-2,2
74160,61,68,-7,7
74161,30,59,-29,29
74162,96,92,4,4
74163,131,108,23,23
74164,183,171,12,12
74165,161,162,-1,1
74166,146,141,5,5
74167,200,178,22,22
74168,100,99,1,1
74169,114,107,7,7
74170,108,104,4,4
74171,73,77,-4,4
74172,75,76,-1,1
74173,72,76,-4,4
74174,143,147,-4,4
74175,101,93,8,8
74176,66,73,-7,7
74177,164,143,21,21
74178,85,84,1,1
74179,88,88,0,0
74180,98,98,0,0
74181,54,94,-40,40
74182,95,97,-2,2
74183,64,73,-9,9
74184,144,136,8,8
74185,105,101,4,4
74186,102,107,-5,5
74187,114,96,18,18
74188,54,67,-13,13
74189,112,102,10,10
74190,181,161,20,20
74191,110,99,11,11
74192,75,71,4,4
74193,51,69,-18,18
74194,98,94,4,4
74195,85,87,-2,2
74196,54,69,-15,15
74197,57,67,-10,10
74198,77,88,-11,11
74199,66,82,-16,16
74200,84,79,5,5
74201,102,102,0,0
74202,124,122,2,2
74203,129,120,9,9
74204,195,184,11,11
74205,111,109,2,2
74206,109,117,-8,8
74207,68,71,-3,3
74208,57,64,-7,7
74209,76,88,-12,12
74210,99,95,4,4
74211,78,87,-9,9
74212,124,124,0,0
74213,83,80,3,3
74214,82,77,5,5
74215,73,75,-2,2
74216,66,72,-6,6
74217,102,101,1,1
74218,107,109,-2,2
74219,101,96,5,5
74220,119,116,3,3
74221,120,127,-7,7
74222,69,74,-5,5
74223,80,96,-16,16
74224,113,106,7,7
74225,63,73,-10,10
74226,94,84,10,10
74227,146,142,4,4
74228,109,101,8,8
74229,117,105,12,12
74230,66,73,-7,7
74231,151,128,23,23
74232,60,64,-4,4
74233,146,153,-7,7
74234,135,125,10,10
74235,90,81,9,9
74236,48,61,-13,13
74237,71,74,-3,3
74238,155,151,4,4
74239,86,79,7,7
74240,111,118,-7,7
74241,96,94,2,2
74242,137,148,-11,11
74243,81,85,-4,4
74244,60,71,-11,11
74245,83,95,-12,12
74246,106,104,2,2
74247,67,78,-11,11
74248,52,62,-10,10
74249,104,98,6,6
74250,73,82,-9,9
74251,87,97,-10,10
74252,148,144,4,4
74253,77,76,1,1
74254,92,97,-5,5
74255,201,184,17,17
74256,50,60,-10,10
74257,149,142,7,7
74258,150,130,20,20
74259,89,98,-9,9
74260,131,119,12,12
74261,73,71,2,2
74262,83,89,-6,6
74263,155,146,9,9
74264,80,67,13,13
74265,128,123,5,5
74266,59,65,-6,6
74267,85,92,-7,7
74268,87,102,-15,15
74269,85,83,2,2
74270,72,73,-1,1
74271,72,80,-8,8
74272,56,65,-9,9
74273,127,123,4,4
74274,73,73,0,0
74275,94,82,12,12
74276,72,76,-4,4
74277,48,55,-7,7
74278,130,112,18,18
74279,103,88,15,15
74280,96,85,11,11
74281,140,140,0,0
74282,63,74,-11,11
74283,61,65,-4,4
74284,78,81,-3,3
74285,75,73,2,2
74286,81,88,-7,7
74287,79,85,-6,6
74288,94,96,-2,2
74289,117,114,3,3
74290,59,64,-5,5
74291,84,84,0,0
74292,149,139,10,10
74293,109,108,1,1
74294,46,64,-18,18
74295,131,114,17,17
74296,118,107,11,11
74297,83,95,-12,12
74298,68,85,-17,17
74299,70,86,-16,16
74300,49,62,-13,13
74301,73,76,-3,3
74302,132,128,4,4
74303,93,85,8,8
74304,159,155,4,4
74305,107,105,2,2
74306,185,164,21,21
74307,143,137,6,6
74308,60,73,-13,13
74309,78,74,4,4
74310,106,106,0,0
74311,98,92,6,6
74312,101,87,14,14
74313,39,65,-26,26
74314,104,104,0,0
74315,51,71,-20,20
74316,88,83,5,5
74317,83,83,0,0
74318,116,126,-10,10
74319,59,65,-6,6
74320,88,86,2,2
74321,206,171,35,35
74322,147,125,22,22
74323,40,59,-19,19
74324,45,58,-13,13
74325,89,92,-3,3
74326,146,135,11,11
74327,76,82,-6,6
74328,92,78,14,14
74329,35,54,-19,19
74330,77,95,-18,18
74331,104,108,-4,4
74332,97,90,7,7
74333,135,126,9,9
74334,63,68,-5,5
74335,54,64,-10,10
74336,117,116,1,1
74337,79,78,1,1
74338,64,74,-10,10
74339,63,72,-9,9
74340,63,69,-6,6
74341,80,84,-4,4
74342,136,128,8,8
74343,106,92,14,14
74344,76,76,0,0
74345,80,83,-3,3
74346,126,117,9,9
74347,96,90,6,6
74348,56,62,-6,6
74349,124,121,3,3
74350,137,129,8,8
74351,63,72,-9,9
74352,59,70,-11,11
74353,102,98,4,4
74354,41,51,-10,10
74355,84,90,-6,6
74356,99,99,0,0
74357,108,113,-5,5
74358,125,120,5,5
74359,115,107,8,8
74360,84,85,-1,1
74361,100,102,-2,2
74362,128,125,3,3
74363,60,70,-10,10
74364,77,84,-7,7
74365,63,65,-2,2
74366,90,100,-10,10
74367,64,79,-15,15
74368,61,64,-3,3
74369,99,102,-3,3
74370,97,98,-1,1
74371,65,66,-1,1
74372,99,103,-4,4
74373,181,162,19,19
74374,83,88,-5,5
74375,102,99,3,3
74376,136,139,-3,3
74377,56,63,-7,7
74378,132,126,6,6
74379,76,80,-4,4
74380,101,96,5,5
74381,110,92,18,18
74382,51,60,-9,9
74383,60,74,-14,14
74384,127,122,5,5
74385,81,104,-23,23
74386,59,67,-8,8
74387,82,82,0,0
74388,103,96,7,7
74389,99,94,5,5
74390,50,53,-3,3
74391,85,97,-12,12
74392,67,66,1,1
74393,125,114,11,11
74394,93,92,1,1
74395,116,109,7,7
74396,68,79,-11,11
74397,77,79,-2,2
74398,95,95,0,0
74399,59,69,-10,10
74400,111,99,12,12
74401,79,84,-5,5
74402,84,88,-4,4
74403,89,97,-8,8
74404,164,151,13,13
74405,72,76,-4,4
74406,78,84,-6,6
74407,149,153,-4,4
74408,95,81,14,14
74409,85,73,12,12
74410,96,93,3,3
74411,72,70,2,2
74412,112,98,14,14
74413,77,78,-1,1
74414,40,55,-15,15
74415,110,108,2,2
74416,59,75,-16,16
74417,107,103,4,4
74418,66,80,-14,14
74419,87,85,2,2
74420,72,78,-6,6
74421,85,95,-10,10
74422,49,60,-11,11
74423,72,81,-9,9
74424,156,158,-2,2
74425,75,66,9,9
74426,83,79,4,4
74427,107,105,2,2
74428,97,91,6,6
74429,108,101,7,7
74430,89,84,5,5
74431,103,112,-9,9
74432,133,126,7,7
74433,56,62,-6,6
74434,77,79,-2,2
74435,88,96,-8,8
74436,106,109,-3,3
74437,134,134,0,0
74438,81,87,-6,6
74439,126,120,6,6
74440,69,76,-7,7
74441,120,155,-35,35
74442,121,107,14,14
74443,62,73,-11,11
74444,85,83,2,2
74445,93,88,5,5
74446,111,105,6,6
74447,99,115,-16,16
74448,50,63,-13,13
74449,98,106,-8,8
74450,83,78,5,5
74451,94,101,-7,7
74452,144,141,3,3
74453,49,61,-12,12
74454,46,55,-9,9
74455,87,91,-4,4
74456,80,85,-5,5
74457,150,121,29,29
74458,67,78,-11,11
74459,39,49,-10,10
74460,82,77,5,5
74461,76,78,-2,2
74462,56,65,-9,9
74463,33,51,-18,18
74464,95,88,7,7
74465,67,63,4,4
74466,87,92,-5,5
74467,101,97,4,4
74468,62,67,-5,5
74469,62,74,-12,12
74470,93,86,7,7
74471,71,67,4,4
74472,79,83,-4,4
74473,86,82,4,4
74474,70,79,-9,9
74475,117,106,11,11
74476,51,73,-22,22
74477,168,156,12,12
74478,120,104,16,16
74479,99,94,5,5
74480,73,84,-11,11
74481,120,118,2,2
74482,136,125,11,11
74483,57,66,-9,9
74484,89,85,4,4
74485,89,96,-7,7
74486,81,88,-7,7
74487,72,66,6,6
74488,104,102,2,2
74489,141,128,13,13
74490,79,83,-4,4
74491,167,152,15,15
74492,86,85,1,1
74493,138,119,19,19
74494,66,72,-6,6
74495,59,65,-6,6
74496,110,121,-11,11
74497,82,80,2,2
74498,92,91,1,1
74499,62,68,-6,6
74500,82,77,5,5
74501,62,71,-9,9
74502,94,87,7,7
74503,135,151,-16,16
74504,227,227,0,0
74505,85,84,1,1
74506,74,86,-12,12
74507,106,135,-29,29
74508,52,63,-11,11
74509,96,105,-9,9
74510,97,97,0,0
74511,143,138,5,5
74512,84,76,8,8
74513,77,74,3,3
74514,49,59,-10,10
74515,116,108,8,8
74516,67,92,-25,25
74517,74,84,-10,10
74518,83,83,0,0
74519,77,78,-1,1
74520,113,112,1,1
74521,125,112,13,13
74522,59,65,-6,6
74523,62,70,-8,8
74524,148,143,5,5
74525,56,71,-15,15
74526,85,99,-14,14
74527,158,134,24,24
74528,79,89,-10,10
74529,87,81,6,6
74530,115,140,-25,25
74531,62,68,-6,6
74532,78,81,-3,3
74533,107,97,10,10
74534,129,121,8,8
74535,109,99,10,10
74536,46,62,-16,16
74537,73,74,-1,1
74538,47,57,-10,10
74539,57,65,-8,8
74540,136,136,0,0
74541,74,77,-3,3
74542,73,75,-2,2
74543,117,109,8,8
74544,64,58,6,6
74545,65,79,-14,14
74546,61,69,-8,8
74547,40,60,-20,20
74548,84,81,3,3
74549,96,102,-6,6
74550,108,96,12,12
74551,148,142,6,6
74552,111,107,4,4
74553,131,131,0,0
74554,55,67,-12,12
74555,132,122,10,10
74556,156,122,34,34
74557,68,72,-4,4
74558,109,103,6,6
74559,65,70,-5,5
74560,78,75,3,3
74561,136,126,10,10
74562,190,188,2,2
74563,157,150,7,7
74564,110,111,-1,1
74565,50,63,-13,13
74566,123,127,-4,4
74567,127,121,6,6
74568,88,90,-2,2
74569,116,108,8,8
74570,85,90,-5,5
74571,116,104,12,12
74572,181,171,10,10
74573,87,95,-8,8
74574,135,134,1,1
74575,64,80,-16,16
74576,92,88,4,4
74577,59,68,-9,9
74578,81,76,5,5
74579,71,74,-3,3
74580,130,132,-2,2
74581,96,89,7,7
74582,86,83,3,3
74583,107,123,-16,16
74584,118,109,9,9
74585,93,95,-2,2
74586,88,94,-6,6
74587,54,69,-15,15
74588,101,100,1,1
74589,58,69,-11,11
74590,109,100,9,9
74591,106,110,-4,4
74592,139,132,7,7
74593,50,63,-13,13
74594,168,160,8,8
74595,115,114,1,1
74596,70,78,-8,8
74597,92,89,3,3
74598,133,125,8,8
74599,74,80,-6,6
74600,159,160,-1,1
74601,120,121,-1,1
74602,84,100,-16,16
74603,103,102,1,1
74604,183,149,34,34
74605,139,128,11,11
74606,86,93,-7,7
74607,82,85,-3,3
74608,61,75,-14,14
74609,123,101,22,22
74610,87,88,-1,1
74611,135,129,6,6
74612,99,93,6,6
74613,74,74,0,0
74614,74,82,-8,8
74615,139,137,2,2
74616,85,86,-1,1
74617,70,78,-8,8
74618,106,102,4,4
74619,123,117,6,6
74620,100,99,1,1
74621,61,67,-6,6
74622,92,94,-2,2
74623,132,130,2,2
74624,59,70,-11,11
74625,226,204,22,22
74626,84,79,5,5
74627,165,164,1,1
74628,83,92,-9,9
74629,115,107,8,8
74630,159,141,18,18
74631,93,85,8,8
74632,126,128,-2,2
74633,51,60,-9,9
74634,118,112,6,6
74635,80,73,7,7
74636,161,139,22,22
74637,91,89,2,2
74638,83,84,-1,1
74639,91,88,3,3
74640,234,217,17,17
74641,78,76,2,2
74642,101,96,5,5
74643,72,75,-3,3
74644,92,77,15,15
74645,44,66,-22,22
74646,76,81,-5,5
74647,106,100,6,6
74648,119,106,13,13
74649,111,93,18,18
74650,111,112,-1,1
74651,105,97,8,8
74652,62,72,-10,10
74653,113,113,0,0
74654,94,101,-7,7
74655,155,140,15,15
74656,59,65,-6,6
74657,86,96,-10,10
74658,61,66,-5,5
74659,198,174,24,24
74660,83,84,-1,1
74661,50,65,-15,15
74662,126,118,8,8
74663,95,90,5,5
74664,95,87,8,8
74665,24,46,-22,22
74666,90,93,-3,3
74667,47,59,-12,12
74668,64,77,-13,13
74669,107,108,-1,1
74670,94,87,7,7
74671,77,79,-2,2
74672,111,121,-10,10
74673,107,104,3,3
74674,33,48,-15,15
74675,73,76,-3,3
74676,63,72,-9,9
74677,90,93,-3,3
74678,89,141,-52,52
74679,79,77,2,2
74680,128,125,3,3
74681,91,91,0,0
74682,114,104,10,10
74683,103,94,9,9
74684,61,56,5,5
74685,122,130,-8,8
74686,114,108,6,6
74687,143,135,8,8
74688,75,78,-3,3
74689,66,71,-5,5
74690,90,94,-4,4
74691,108,95,13,13
74692,74,79,-5,5
74693,137,133,4,4
74694,121,107,14,14
74695,85,104,-19,19
74696,47,61,-14,14
74697,51,68,-17,17
74698,79,75,4,4
74699,80,79,1,1
74700,111,105,6,6
74701,126,130,-4,4
74702,37,50,-13,13
74703,87,85,2,2
74704,102,99,3,3
74705,73,78,-5,5
74706,81,97,-16,16
74707,85,77,8,8
74708,127,116,11,11
74709,127,109,18,18
74710,93,104,-11,11
74711,122,118,4,4
74712,175,150,25,25
74713,96,96,0,0
74714,88,84,4,4
74715,162,136,26,26
74716,124,131,-7,7
74717,42,49,-7,7
74718,90,94,-4,4
74719,91,94,-3,3
74720,129,121,8,8
74721,53,63,-10,10
74722,75,79,-4,4
74723,88,88,0,0
74724,70,69,1,1
74725,185,172,13,13
74726,105,101,4,4
74727,128,118,10,10
74728,103,97,6,6
74729,100,102,-2,2
74730,71,78,-7,7
74731,157,135,22,22
74732,103,105,-2,2
74733,118,116,2,2
74734,140,164,-24,24
74735,102,100,2,2
74736,71,73,-2,2
74737,143,144,-1,1
74738,58,72,-14,14
74739,96,98,-2,2
74740,112,108,4,4
74741,85,86,-1,1
74742,92,101,-9,9
74743,81,86,-5,5
74744,102,100,2,2
74745,43,69,-26,26
74746,87,85,2,2
74747,118,114,4,4
74748,85,80,5,5
74749,100,99,1,1
74750,83,93,-10,10
74751,83,70,13,13
74752,89,87,2,2
74753,50,60,-10,10
74754,134,125,9,9
74755,65,65,0,0
74756,72,80,-8,8
74757,75,74,1,1
74758,78,79,-1,1
74759,81,87,-6,6
74760,105,115,-10,10
74761,67,71,-4,4
74762,136,76,60,60
74763,86,98,-12,12
74764,139,130,9,9
74765,78,78,0,0
74766,38,47,-9,9
74767,78,77,1,1
74768,59,64,-5,5
74769,91,86,5,5
74770,152,138,14,14
74771,148,151,-3,3
74772,108,100,8,8
74773,77,75,2,2
74774,83,77,6,6
74775,89,85,4,4
74776,104,95,9,9
74777,117,117,0,0
74778,151,141,10,10
74779,45,61,-16,16
74780,60,63,-3,3
74781,125,120,5,5
74782,41,51,-10,10
74783,49,60,-11,11
74784,140,130,10,10
74785,90,94,-4,4
74786,93,96,-3,3
74787,100,87,13,13
74788,125,115,10,10
74789,114,111,3,3
74790,128,121,7,7
74791,60,67,-7,7
74792,191,174,17,17
74793,140,139,1,1
74794,82,93,-11,11
74795,76,75,1,1
74796,117,112,5,5
74797,83,89,-6,6
74798,82,82,0,0
74799,122,126,-4,4
74800,60,69,-9,9
74801,117,112,5,5
74802,96,90,6,6
74803,115,111,4,4
74804,134,126,8,8
74805,109,105,4,4
74806,91,85,6,6
74807,72,78,-6,6
74808,96,89,7,7
74809,80,85,-5,5
74810,71,77,-6,6
74811,95,85,10,10
74812,101,100,1,1
74813,67,71,-4,4
74814,87,92,-5,5
74815,89,88,1,1
74816,62,69,-7,7
74817,126,149,-23,23
74818,78,86,-8,8
74819,100,102,-2,2
74820,96,92,4,4
74821,100,98,2,2
74822,59,68,-9,9
74823,93,89,4,4
74824,120,113,7,7
74825,70,78,-8,8
74826,46,58,-12,12
74827,153,141,12,12
74828,91,92,-1,1
74829,94,95,-1,1
74830,74,89,-15,15
74831,87,79,8,8
74832,76,81,-5,5
74833,56,68,-12,12
74834,104,119,-15,15
74835,126,122,4,4
74836,115,110,5,5
74837,107,111,-4,4
74838,41,61,-20,20
74839,75,73,2,2
74840,76,83,-7,7
74841,75,80,-5,5
74842,50,62,-12,12
74843,118,115,3,3
74844,131,125,6,6
74845,92,134,-42,42
74846,113,105,8,8
74847,126,110,16,16
74848,65,78,-13,13
74849,128,117,11,11
74850,89,90,-1,1
74851,100,90,10,10
74852,85,83,2,2
74853,166,146,20,20
74854,100,112,-12,12
74855,119,114,5,5
74856,72,71,1,1
74857,78,83,-5,5
74858,70,68,2,2
74859,84,85,-1,1
74860,56,60,-4,4
74861,18,43,-25,25
74862,75,80,-5,5
74863,107,111,-4,4
74864,86,81,5,5
74865,128,124,4,4
74866,99,102,-3,3
74867,69,78,-9,9
74868,130,119,11,11
74869,127,122,5,5
74870,188,171,17,17
74871,99,100,-1,1
74872,83,82,1,1
74873,105,107,-2,2
74874,56,65,-9,9
74875,84,84,0,0
74876,43,62,-19,19
74877,104,111,-7,7
74878,93,93,0,0
74879,111,114,-3,3
74880,106,115,-9,9
74881,77,77,0,0
74882,74,74,0,0
74883,138,132,6,6
74884,47,54,-7,7
74885,158,151,7,7
74886,111,110,1,1
74887,84,91,-7,7
74888,129,126,3,3
74889,76,81,-5,5
74890,84,86,-2,2
74891,67,71,-4,4
74892,61,58,3,3
74893,107,98,9,9
74894,79,75,4,4
74895,112,118,-6,6
74896,53,62,-9,9
74897,84,85,-1,1
74898,46,56,-10,10
74899,115,104,11,11
74900,48,56,-8,8
74901,51,59,-8,8
74902,73,88,-15,15
74903,81,100,-19,19
74904,53,63,-10,10
74905,144,133,11,11
74906,93,88,5,5
74907,63,80,-17,17
74908,47,57,-10,10
74909,117,102,15,15
74910,172,124,48,48
74911,57,68,-11,11
74912,143,137,6,6
74913,108,109,-1,1
74914,140,125,15,15
74915,70,77,-7,7
74916,96,96,0,0
74917,107,107,0,0
74918,116,107,9,9
74919,120,115,5,5
74920,60,61,-1,1
74921,77,84,-7,7
74922,112,110,2,2
74923,97,106,-9,9
74924,183,182,1,1
74925,95,94,1,1
74926,92,90,2,2
74927,76,89,-13,13
74928,99,100,-1,1
74929,85,81,4,4
74930,76,84,-8,8
74931,93,97,-4,4
74932,50,64,-14,14
74933,55,66,-11,11
74934,88,92,-4,4
74935,97,103,-6,6
74936,83,85,-2,2
74937,54,59,-5,5
74938,86,83,3,3
74939,77,84,-7,7
74940,282,303,-21,21
74941,136,125,11,11
74942,91,83,8,8
74943,150,158,-8,8
74944,66,77,-11,11
74945,71,84,-13,13
74946,87,84,3,3
74947,87,95,-8,8
74948,119,117,2,2
74949,148,133,15,15
74950,117,110,7,7
74951,85,87,-2,2
74952,97,95,2,2
74953,49,64,-15,15
74954,103,108,-5,5
74955,38,50,-12,12
74956,86,97,-11,11
74957,49,56,-7,7
74958,103,97,6,6
74959,103,118,-15,15
74960,45,54,-9,9
74961,103,99,4,4
74962,83,79,4,4
74963,95,90,5,5
74964,60,74,-14,14
74965,102,101,1,1
74966,138,144,-6,6
74967,83,85,-2,2
74968,95,96,-1,1
74969,96,96,0,0
74970,150,148,2,2
74971,53,61,-8,8
74972,133,113,20,20
74973,45,61,-16,16
74974,50,56,-6,6
74975,35,85,-50,50
74976,103,94,9,9
74977,58,64,-6,6
74978,72,80,-8,8
74979,100,102,-2,2
74980,95,90,5,5
74981,109,101,8,8
74982,57,74,-17,17
74983,68,86,-18,18
74984,89,85,4,4
74985,129,122,7,7
74986,118,113,5,5
74987,114,108,6,6
74988,112,103,9,9
74989,103,96,7,7
74990,95,95,0,0
74991,130,134,-4,4
74992,95,84,11,11
74993,129,125,4,4
74994,84,83,1,1
74995,103,107,-4,4
74996,146,140,6,6
74997,84,94,-10,10
74998,143,133,10,10
74999,84,89,-5,5
75000,69,80,-11,11
75001,94,99,-5,5
75002,56,78,-22,22
75003,133,131,2,2
75004,49,65,-16,16
75005,58,62,-4,4
75006,122,105,17,17
75007,117,112,5,5
75008,87,83,4,4
75009,113,110,3,3
75010,60,67,-7,7
75011,65,73,-8,8
75012,103,99,4,4
75013,152,135,17,17
75014,121,116,5,5
75015,119,110,9,9
75016,47,61,-14,14
75017,113,102,11,11
75018,101,99,2,2
75019,73,84,-11,11
75020,88,97,-9,9
75021,156,141,15,15
75022,99,90,9,9
75023,86,88,-2,2
75024,101,101,0,0
75025,91,88,3,3
75026,59,67,-8,8
75027,72,77,-5,5
75028,111,100,11,11
75029,108,106,2,2
75030,78,82,-4,4
75031,63,73,-10,10
75032,97,99,-2,2
75033,76,80,-4,4
75034,94,104,-10,10
75035,83,84,-1,1
75036,72,74,-2,2
75037,113,99,14,14
75038,126,119,7,7
75039,86,96,-10,10
75040,67,66,1,1
75041,149,138,11,11
75042,89,84,5,5
75043,115,107,8,8
75044,111,97,14,14
75045,135,135,0,0
75046,54,66,-12,12
75047,123,121,2,2
75048,82,87,-5,5
75049,26,51,-25,25
75050,66,72,-6,6
75051,117,104,13,13
75052,135,141,-6,6
75053,70,73,-3,3
75054,59,65,-6,6
75055,141,136,5,5
75056,64,66,-2,2
75057,126,125,1,1
75058,97,95,2,2
75059,54,63,-9,9
75060,99,96,3,3
75061,138,122,16,16
75062,130,130,0,0
75063,111,90,21,21
75064,81,83,-2,2
75065,97,95,2,2
75066,146,141,5,5
75067,92,87,5,5
75068,68,66,2,2
75069,70,76,-6,6
75070,79,75,4,4
75071,57,71,-14,14
75072,70,70,0,0
75073,52,65,-13,13
75074,82,94,-12,12
75075,72,77,-5,5
75076,86,83,3,3
75077,124,110,14,14
75078,71,74,-3,3
75079,75,68,7,7
75080,111,100,11,11
75081,85,77,8,8
75082,77,78,-1,1
75083,116,115,1,1
75084,121,127,-6,6
75085,63,66,-3,3
75086,65,71,-6,6
75087,92,95,-3,3
75088,115,106,9,9
75089,62,67,-5,5
75090,90,86,4,4
75091,50,60,-10,10
75092,81,88,-7,7
75093,33,50,-17,17
75094,141,129,12,12
75095,51,60,-9,9
75096,32,50,-18,18
75097,89,100,-11,11
75098,117,115,2,2
75099,97,102,-5,5
75100,92,85,7,7
75101,71,74,-3,3
75102,76,79,-3,3
75103,42,53,-11,11
75104,84,92,-8,8
75105,87,95,-8,8
75106,153,139,14,14
75107,91,93,-2,2
75108,59,84,-25,25
75109,69,73,-4,4
75110,109,98,11,11
75111,115,103,12,12
75112,169,163,6,6
75113,67,73,-6,6
75114,96,95,1,1
75115,94,95,-1,1
75116,173,136,37,37
75117,96,94,2,2
75118,127,103,24,24
75119,58,65,-7,7
75120,69,71,-2,2
75121,68,74,-6,6
75122,141,137,4,4
75123,110,131,-21,21
75124,46,93,-47,47
75125,56,114,-58,58
75126,99,109,-10,10
75127,117,111,6,6
75128,53,64,-11,11
75129,92,90,2,2
75130,100,108,-8,8
75131,100,93,7,7
75132,92,98,-6,6
75133,67,66,1,1
75134,148,127,21,21
75135,122,115,7,7
75136,162,153,9,9
75137,86,89,-3,3
75138,165,146,19,19
75139,106,96,10,10
75140,84,98,-14,14
75141,97,93,4,4
75142,61,64,-3,3
75143,187,182,5,5
75144,153,157,-4,4
75145,57,67,-10,10
75146,101,98,3,3
75147,154,125,29,29
75148,108,103,5,5
75149,55,61,-6,6
75150,113,98,15,15
75151,55,64,-9,9
75152,101,88,13,13
75153,91,96,-5,5
75154,89,94,-5,5
75155,96,91,5,5
75156,52,71,-19,19
75157,54,64,-10,10
75158,69,76,-7,7
75159,95,106,-11,11
75160,88,84,4,4
75161,126,118,8,8
75162,82,94,-12,12
75163,76,84,-8,8
75164,112,103,9,9
75165,117,107,10,10
75166,113,107,6,6
75167,97,92,5,5
75168,98,98,0,0
75169,83,82,1,1
75170,76,76,0,0
75171,80,76,4,4
75172,111,111,0,0
75173,135,123,12,12
75174,62,71,-9,9
75175,140,133,7,7
75176,68,75,-7,7
75177,141,139,2,2
75178,53,69,-16,16
75179,140,137,3,3
75180,74,76,-2,2
75181,70,73,-3,3
75182,78,89,-11,11
75183,103,98,5,5
75184,97,96,1,1
75185,75,79,-4,4
75186,143,141,2,2
75187,163,151,12,12
75188,71,74,-3,3
75189,58,65,-7,7
75190,69,75,-6,6
75191,72,77,-5,5
75192,158,152,6,6
75193,93,100,-7,7
75194,80,84,-4,4
75195,142,133,9,9
75196,46,70,-24,24
75197,76,74,2,2
75198,129,163,-34,34
75199,82,82,0,0
75200,146,131,15,15
75201,93,92,1,1
75202,113,102,11,11
75203,142,145,-3,3
75204,72,75,-3,3
75205,74,78,-4,4
75206,88,102,-14,14
75207,105,111,-6,6
75208,110,113,-3,3
75209,83,84,-1,1
75210,27,54,-27,27
75211,136,128,8,8
75212,81,82,-1,1
75213,98,94,4,4
75214,120,114,6,6
75215,92,80,12,12
75216,145,137,8,8
75217,137,132,5,5
75218,103,105,-2,2
75219,121,130,-9,9
75220,54,74,-20,20
75221,112,108,4,4
75222,76,81,-5,5
75223,89,86,3,3
75224,160,120,40,40
75225,28,54,-26,26
75226,76,72,4,4
75227,165,157,8,8
75228,100,93,7,7
75229,152,136,16,16
75230,82,86,-4,4
75231,94,86,8,8
75232,60,70,-10,10
75233,125,119,6,6
75234,69,77,-8,8
75235,120,100,20,20
75236,91,87,4,4
75237,96,89,7,7
75238,45,57,-12,12
75239,56,67,-11,11
75240,76,77,-1,1
75241,75,81,-6,6
75242,79,82,-3,3
75243,124,111,13,13
75244,106,96,10,10
75245,122,115,7,7
75246,51,62,-11,11
75247,69,75,-6,6
75248,85,91,-6,6
75249,115,146,-31,31
75250,115,105,10,10
75251,115,106,9,9
75252,60,73,-13,13
75253,76,77,-1,1
75254,32,50,-18,18
75255,79,82,-3,3
75256,44,52,-8,8
75257,58,67,-9,9
75258,130,123,7,7
75259,132,120,12,12
75260,79,82,-3,3
75261,92,94,-2,2
75262,144,143,1,1
75263,54,65,-11,11
75264,133,116,17,17
75265,64,78,-14,14
75266,92,94,-2,2
75267,156,146,10,10
75268,58,64,-6,6
75269,82,77,5,5
75270,86,87,-1,1
75271,173,165,8,8
75272,94,94,0,0
75273,60,74,-14,14
75274,108,100,8,8
75275,126,120,6,6
75276,56,64,-8,8
75277,98,99,-1,1
75278,92,84,8,8
75279,117,105,12,12
75280,52,55,-3,3
75281,94,91,3,3
75282,78,78,0,0
75283,76,98,-22,22
75284,67,71,-4,4
75285,124,126,-2,2
75286,128,122,6,6
75287,73,73,0,0
75288,62,65,-3,3
75289,100,107,-7,7
75290,130,128,2,2
75291,61,67,-6,6
75292,262,226,36,36
75293,60,65,-5,5
75294,102,109,-7,7
75295,57,66,-9,9
75296,97,104,-7,7
75297,84,87,-3,3
75298,61,87,-26,26
75299,135,121,14,14
75300,104,87,17,17
75301,79,82,-3,3
75302,187,155,32,32
75303,62,65,-3,3
75304,94,93,1,1
75305,94,103,-9,9
75306,94,86,8,8
75307,126,111,15,15
75308,126,112,14,14
75309,108,99,9,9
75310,60,61,-1,1
75311,93,104,-11,11
75312,53,64,-11,11
75313,61,71,-10,10
75314,79,81,-2,2
75315,74,74,0,0
75316,50,55,-5,5
75317,75,68,7,7
75318,40,61,-21,21
75319,47,59,-12,12
75320,78,83,-5,5
75321,51,62,-11,11
75322,97,96,1,1
75323,54,58,-4,4
75324,100,101,-1,1
75325,91,87,4,4
75326,48,62,-14,14
75327,46,58,-12,12
75328,153,146,7,7
75329,123,119,4,4
75330,52,66,-14,14
75331,92,86,6,6
75332,71,84,-13,13
75333,141,123,18,18
75334,46,51,-5,5
75335,72,79,-7,7
75336,84,84,0,0
75337,82,90,-8,8
75338,78,77,1,1
75339,77,75,2,2
75340,93,83,10,10
75341,47,59,-12,12
75342,67,71,-4,4
75343,67,72,-5,5
75344,113,101,12,12
75345,179,165,14,14
75346,95,96,-1,1
75347,164,156,8,8
75348,45,56,-11,11
75349,127,114,13,13
75350,118,122,-4,4
75351,96,89,7,7
75352,57,61,-4,4
75353,151,142,9,9
75354,69,89,-20,20
75355,79,81,-2,2
75356,86,85,1,1
75357,186,175,11,11
75358,147,131,16,16
75359,109,110,-1,1
75360,97,88,9,9
75361,110,106,4,4
75362,69,72,-3,3
75363,65,71,-6,6
75364,119,110,9,9
75365,58,71,-13,13
75366,77,80,-3,3
75367,97,102,-5,5
75368,95,95,0,0
75369,123,121,2,2
75370,107,124,-17,17
75371,117,110,7,7
75372,72,84,-12,12
75373,119,107,12,12
75374,103,102,1,1
75375,129,127,2,2
75376,83,80,3,3
75377,248,239,9,9
75378,93,86,7,7
75379,129,126,3,3
75380,68,81,-13,13
75381,117,110,7,7
75382,87,91,-4,4
75383,118,111,7,7
75384,98,92,6,6
75385,103,103,0,0
75386,69,75,-6,6
75387,110,105,5,5
75388,125,115,10,10
75389,113,106,7,7
75390,112,103,9,9
75391,81,77,4,4
75392,86,88,-2,2
75393,148,133,15,15
75394,102,96,6,6
75395,31,46,-15,15
75396,64,71,-7,7
75397,114,113,1,1
75398,87,89,-2,2
75399,127,124,3,3
75400,91,100,-9,9
75401,74,76,-2,2
75402,175,154,21,21
75403,223,164,59,59
75404,87,80,7,7
75405,67,68,-1,1
75406,59,63,-4,4
75407,104,90,14,14
75408,64,88,-24,24
75409,149,153,-4,4
75410,125,114,11,11
75411,45,55,-10,10
75412,93,96,-3,3
75413,86,86,0,0
75414,80,78,2,2
75415,73,65,8,8
75416,92,86,6,6
75417,120,137,-17,17
75418,126,113,13,13
75419,73,75,-2,2
75420,54,65,-11,11
75421,65,73,-8,8
75422,100,99,1,1
75423,105,99,6,6
75424,85,82,3,3
75425,100,94,6,6
75426,81,90,-9,9
75427,67,73,-6,6
75428,174,162,12,12
75429,132,122,10,10
75430,127,103,24,24
75431,96,102,-6,6
75432,73,73,0,0
75433,86,85,1,1
75434,73,75,-2,2
75435,124,117,7,7
75436,75,75,0,0
75437,49,67,-18,18
75438,99,124,-25,25
75439,55,62,-7,7
75440,141,110,31,31
75441,62,74,-12,12
75442,75,77,-2,2
75443,99,96,3,3
75444,97,93,4,4
75445,104,100,4,4
75446,96,88,8,8
75447,122,119,3,3
75448,101,92,9,9
75449,109,107,2,2
75450,111,104,7,7
75451,99,92,7,7
75452,77,87,-10,10
75453,118,119,-1,1
75454,89,88,1,1
75455,75,82,-7,7
75456,59,67,-8,8
75457,57,69,-12,12
75458,99,93,6,6
75459,88,79,9,9
75460,106,100,6,6
75461,101,104,-3,3
75462,131,120,11,11
75463,127,121,6,6
75464,65,69,-4,4
75465,101,91,10,10
75466,140,128,12,12
75467,122,114,8,8
75468,80,83,-3,3
75469,128,127,1,1
75470,85,87,-2,2
75471,111,111,0,0
75472,78,88,-10,10
75473,93,93,0,0
75474,42,53,-11,11
75475,66,62,4,4
75476,95,98,-3,3
75477,90,80,10,10
75478,100,105,-5,5
75479,82,84,-2,2
75480,67,81,-14,14
75481,105,98,7,7
75482,110,99,11,11
75483,56,65,-9,9
75484,37,49,-12,12
75485,65,73,-8,8
75486,72,79,-7,7
75487,106,104,2,2
75488,99,97,2,2
75489,104,100,4,4
75490,87,90,-3,3
75491,76,85,-9,9
75492,53,56,-3,3
75493,57,69,-12,12
75494,69,70,-1,1
75495,83,81,2,2
75496,56,69,-13,13
75497,78,82,-4,4
75498,95,101,-6,6
75499,78,81,-3,3
75500,74,76,-2,2
75501,82,102,-20,20
75502,95,90,5,5
75503,85,81,4,4
75504,63,75,-12,12
75505,124,120,4,4
75506,67,67,0,0
75507,112,109,3,3
75508,94,95,-1,1
75509,69,72,-3,3
75510,121,125,-4,4
75511,82,85,-3,3
75512,111,103,8,8
75513,126,123,3,3
75514,74,73,1,1
75515,81,81,0,0
75516,100,100,0,0
75517,148,132,16,16
75518,88,87,1,1
75519,70,75,-5,5
75520,150,129,21,21
75521,88,85,3,3
75522,28,45,-17,17
75523,93,94,-1,1
75524,96,101,-5,5
75525,90,87,3,3
75526,150,156,-6,6
75527,75,84,-9,9
75528,93,102,-9,9
75529,150,141,9,9
75530,123,101,22,22
75531,133,129,4,4
75532,69,88,-19,19
75533,167,136,31,31
75534,46,49,-3,3
75535,92,97,-5,5
75536,54,64,-10,10
75537,154,134,20,20
75538,45,59,-14,14
75539,137,129,8,8
75540,115,103,12,12
75541,99,91,8,8
75542,93,86,7,7
75543,83,79,4,4
75544,115,103,12,12
75545,23,63,-40,40
75546,92,94,-2,2
75547,85,89,-4,4
75548,80,78,2,2
75549,190,185,5,5
75550,95,90,5,5
75551,153,130,23,23
75552,83,91,-8,8
75553,51,60,-9,9
75554,85,85,0,0
75555,85,88,-3,3
75556,59,71,-12,12
75557,172,155,17,17
75558,53,64,-11,11
75559,128,111,17,17
75560,72,76,-4,4
75561,130,117,13,13
75562,54,68,-14,14
75563,145,116,29,29
75564,94,100,-6,6
75565,111,107,4,4
75566,35,56,-21,21
75567,74,82,-8,8
75568,85,95,-10,10
75569,129,119,10,10
75570,49,65,-16,16
75571,56,70,-14,14
75572,99,96,3,3
75573,79,97,-18,18
75574,129,121,8,8
75575,74,79,-5,5
75576,78,91,-13,13
75577,70,77,-7,7
75578,157,169,-12,12
75579,98,97,1,1
75580,66,74,-8,8
75581,75,80,-5,5
75582,76,76,0,0
75583,94,98,-4,4
75584,100,92,8,8
75585,50,59,-9,9
75586,98,98,0,0
75587,96,99,-3,3
75588,134,130,4,4
75589,108,97,11,11
75590,212,198,14,14
75591,138,132,6,6
75592,88,85,3,3
75593,12,37,-25,25
75594,66,72,-6,6
75595,98,90,8,8
75596,110,103,7,7
75597,75,77,-2,2
75598,146,143,3,3
75599,176,183,-7,7
75600,91,83,8,8
75601,88,85,3,3
75602,51,60,-9,9
75603,190,167,23,23
75604,128,123,5,5
75605,74,79,-5,5
75606,83,86,-3,3
75607,64,74,-10,10
75608,127,125,2,2
75609,130,117,13,13
75610,95,87,8,8
75611,66,127,-61,61
75612,46,45,1,1
75613,79,83,-4,4
75614,110,106,4,4
75615,116,113,3,3
75616,68,76,-8,8
75617,70,85,-15,15
75618,59,78,-19,19
75619,107,96,11,11
75620,77,86,-9,9
75621,97,117,-20,20
75622,160,146,14,14
75623,130,137,-7,7
75624,60,66,-6,6
75625,104,100,4,4
75626,91,90,1,1
75627,89,98,-9,9
75628,49,61,-12,12
75629,155,147,8,8
75630,94,91,3,3
75631,146,139,7,7
75632,87,95,-8,8
75633,127,120,7,7
75634,79,85,-6,6
75635,93,94,-1,1
75636,121,120,1,1
75637,74,72,2,2
75638,113,108,5,5
75639,163,143,20,20
75640,122,103,19,19
75641,118,119,-1,1
75642,56,67,-11,11
75643,129,120,9,9
75644,128,119,9,9
75645,159,143,16,16
75646,62,69,-7,7
75647,108,107,1,1
75648,72,74,-2,2
75649,79,84,-5,5
75650,166,150,16,16
75651,62,75,-13,13
75652,144,144,0,0
75653,129,116,13,13
75654,72,78,-6,6
75655,93,85,8,8
75656,86,96,-10,10
75657,126,118,8,8
75658,86,85,1,1
75659,87,89,-2,2
75660,183,171,12,12
75661,68,69,-1,1
75662,80,79,1,1
75663,63,75,-12,12
75664,61,72,-11,11
75665,103,103,0,0
75666,46,58,-12,12
75667,107,97,10,10
75668,127,125,2,2
75669,89,86,3,3
75670,104,106,-2,2
75671,82,90,-8,8
75672,114,113,1,1
75673,82,83,-1,1
75674,109,111,-2,2
75675,105,102,3,3
75676,67,78,-11,11
75677,64,71,-7,7
75678,109,103,6,6
75679,50,60,-10,10
75680,49,59,-10,10
75681,89,92,-3,3
75682,163,153,10,10
75683,64,74,-10,10
75684,180,162,18,18
75685,73,117,-44,44
75686,155,142,13,13
75687,106,103,3,3
75688,102,96,6,6
75689,142,138,4,4
75690,62,67,-5,5
75691,93,95,-2,2
75692,125,103,22,22
75693,71,76,-5,5
75694,62,76,-14,14
75695,129,119,10,10
75696,109,119,-10,10
75697,174,162,12,12
75698,103,106,-3,3
75699,124,109,15,15
75700,74,82,-8,8
75701,96,90,6,6
75702,112,106,6,6
75703,78,81,-3,3
75704,59,64,-5,5
75705,54,65,-11,11
75706,86,83,3,3
75707,99,112,-13,13
75708,120,131,-11,11
75709,134,121,13,13
75710,141,125,16,16
75711,99,99,0,0
75712,92,95,-3,3
75713,121,118,3,3
75714,74,78,-4,4
75715,101,88,13,13
75716,14,92,-78,78
75717,80,82,-2,2
75718,88,85,3,3
75719,60,70,-10,10
75720,112,109,3,3
75721,153,130,23,23
75722,108,101,7,7
75723,98,100,-2,2
75724,78,97,-19,19
75725,115,137,-22,22
75726,71,73,-2,2
75727,129,124,5,5
75728,56,65,-9,9
75729,68,72,-4,4
75730,80,83,-3,3
75731,110,118,-8,8
75732,86,95,-9,9
75733,139,130,9,9
75734,125,117,8,8
75735,73,76,-3,3
75736,122,110,12,12
75737,99,98,1,1
75738,78,79,-1,1
75739,150,133,17,17
75740,112,93,19,19
75741,95,99,-4,4
75742,85,83,2,2
75743,67,76,-9,9
75744,91,86,5,5
75745,110,100,10,10
75746,88,77,11,11
75747,115,125,-10,10
75748,78,81,-3,3
75749,89,96,-7,7
75750,71,73,-2,2
75751,65,67,-2,2
75752,67,84,-17,17
75753,144,128,16,16
75754,98,99,-1,1
75755,78,79,-1,1
75756,130,130,0,0
75757,75,78,-3,3
75758,83,83,0,0
75759,72,74,-2,2
75760,106,99,7,7
75761,44,53,-9,9
75762,108,101,7,7
75763,80,75,5,5
75764,98,101,-3,3
75765,97,94,3,3
75766,124,132,-8,8
75767,96,86,10,10
75768,71,75,-4,4
75769,118,116,2,2
75770,115,105,10,10
75771,88,88,0,0
75772,104,102,2,2
75773,75,74,1,1
75774,115,105,10,10
75775,94,85,9,9
75776,97,100,-3,3
75777,71,74,-3,3
75778,73,87,-14,14
75779,64,72,-8,8
75780,61,70,-9,9
75781,46,56,-10,10
75782,81,83,-2,2
75783,56,69,-13,13
75784,99,100,-1,1
75785,131,136,-5,5
75786,75,90,-15,15
75787,74,75,-1,1
75788,111,105,6,6
75789,136,122,14,14
75790,81,82,-1,1
75791,50,61,-11,11
75792,95,94,1,1
75793,108,115,-7,7
75794,62,101,-39,39
75795,78,83,-5,5
75796,92,86,6,6
75797,42,54,-12,12
75798,102,109,-7,7
75799,104,104,0,0
75800,55,70,-15,15
75801,69,80,-11,11
75802,90,93,-3,3
75803,63,78,-15,15
75804,101,100,1,1
75805,43,55,-12,12
75806,69,77,-8,8
75807,109,103,6,6
75808,142,140,2,2
75809,140,131,9,9
75810,67,74,-7,7
75811,62,70,-8,8
75812,114,100,14,14
75813,107,102,5,5
75814,85,99,-14,14
75815,167,157,10,10
75816,163,160,3,3
75817,85,86,-1,1
75818,73,83,-10,10
75819,109,101,8,8
75820,61,71,-10,10
75821,77,82,-5,5
75822,207,174,33,33
75823,99,98,1,1
75824,182,162,20,20
75825,99,98,1,1
75826,83,86,-3,3
75827,75,79,-4,4
75828,139,135,4,4
75829,47,53,-6,6
75830,65,82,-17,17
75831,143,115,28,28
75832,73,77,-4,4
75833,79,83,-4,4
75834,85,81,4,4
75835,88,93,-5,5
75836,141,129,12,12
75837,71,96,-25,25
75838,96,92,4,4
75839,153,141,12,12
75840,133,117,16,16
75841,80,86,-6,6
75842,171,168,3,3
75843,125,124,1,1
75844,91,86,5,5
75845,61,68,-7,7
75846,131,118,13,13
75847,136,113,23,23
75848,58,65,-7,7
75849,93,88,5,5
75850,88,87,1,1
75851,68,75,-7,7
75852,129,124,5,5
75853,127,111,16,16
75854,98,141,-43,43
75855,87,89,-2,2
75856,84,84,0,0
75857,51,82,-31,31
75858,72,76,-4,4
75859,144,136,8,8
75860,96,98,-2,2
75861,61,64,-3,3
75862,86,83,3,3
75863,78,75,3,3
75864,51,64,-13,13
75865,151,141,10,10
75866,109,102,7,7
75867,108,117,-9,9
75868,80,77,3,3
75869,67,67,0,0
75870,125,134,-9,9
75871,75,74,1,1
75872,176,167,9,9
75873,105,107,-2,2
75874,82,88,-6,6
75875,146,137,9,9
75876,49,84,-35,35
75877,68,86,-18,18
75878,119,119,0,0
75879,40,50,-10,10
75880,118,114,4,4
75881,65,70,-5,5
75882,92,99,-7,7
75883,69,70,-1,1
75884,110,104,6,6
75885,94,94,0,0
75886,152,170,-18,18
75887,118,111,7,7
75888,72,77,-5,5
75889,141,127,14,14
75890,43,56,-13,13
75891,122,111,11,11
75892,73,78,-5,5
75893,92,93,-1,1
75894,101,107,-6,6
75895,66,66,0,0
75896,70,71,-1,1
75897,43,58,-15,15
75898,84,82,2,2
75899,83,97,-14,14
75900,71,73,-2,2
75901,97,86,11,11
75902,116,109,7,7
75903,107,113,-6,6
75904,152,138,14,14
75905,130,143,-13,13
75906,49,57,-8,8
75907,111,102,9,9
75908,124,108,16,16
75909,75,77,-2,2
75910,112,125,-13,13
75911,111,113,-2,2
75912,97,95,2,2
75913,47,52,-5,5
75914,114,100,14,14
75915,107,108,-1,1
75916,93,92,1,1
75917,107,102,5,5
75918,114,110,4,4
75919,124,128,-4,4
75920,133,117,16,16
75921,64,67,-3,3
75922,80,83,-3,3
75923,155,135,20,20
75924,98,106,-8,8
75925,82,74,8,8
75926,50,62,-12,12
75927,64,67,-3,3
75928,97,100,-3,3
75929,123,110,13,13
75930,46,60,-14,14
75931,78,76,2,2
75932,122,117,5,5
75933,181,162,19,19
75934,64,73,-9,9
75935,56,66,-10,10
75936,72,86,-14,14
75937,141,128,13,13
75938,126,118,8,8
75939,71,69,2,2
75940,81,73,8,8
75941,137,126,11,11
75942,91,91,0,0
75943,117,106,11,11
75944,160,152,8,8
75945,101,89,12,12
75946,55,70,-15,15
75947,104,102,2,2
75948,72,75,-3,3
75949,165,154,11,11
75950,74,72,2,2
75951,72,78,-6,6
75952,138,119,19,19
75953,87,89,-2,2
75954,66,69,-3,3
75955,78,84,-6,6
75956,80,78,2,2
75957,111,109,2,2
75958,132,127,5,5
75959,70,74,-4,4
75960,96,92,4,4
75961,127,121,6,6
75962,121,118,3,3
75963,57,66,-9,9
75964,203,189,14,14
75965,94,95,-1,1
75966,81,96,-15,15
75967,52,61,-9,9
75968,150,134,16,16
75969,83,107,-24,24
75970,99,90,9,9
75971,64,73,-9,9
75972,79,81,-2,2
75973,81,84,-3,3
75974,47,61,-14,14
75975,54,63,-9,9
75976,152,138,14,14
75977,44,58,-14,14
75978,87,87,0,0
75979,161,151,10,10
75980,83,85,-2,2
75981,75,80,-5,5
75982,111,112,-1,1
75983,60,64,-4,4
75984,98,88,10,10
75985,74,84,-10,10
75986,81,76,5,5
75987,113,111,2,2
75988,110,98,12,12
75989,84,87,-3,3
75990,57,65,-8,8
75991,70,74,-4,4
75992,175,152,23,23
75993,95,96,-1,1
75994,94,93,1,1
75995,107,102,5,5
75996,75,80,-5,5
75997,85,92,-7,7
75998,162,138,24,24
75999,93,95,-2,2
76000,73,79,-6,6
76001,86,86,0,0
76002,179,166,13,13
76003,202,189,13,13
76004,98,98,0,0
76005,85,88,-3,3
76006,37,57,-20,20
76007,121,108,13,13
76008,128,116,12,12
76009,87,95,-8,8
76010,141,139,2,2
76011,70,69,1,1
76012,151,155,-4,4
76013,116,113,3,3
76014,81,79,2,2
76015,81,77,4,4
76016,89,89,0,0
76017,124,105,19,19
76018,94,98,-4,4
76019,56,71,-15,15
76020,151,144,7,7
76021,157,146,11,11
76022,70,75,-5,5
76023,154,145,9,9
76024,130,120,10,10
76025,121,111,10,10
76026,119,120,-1,1
76027,94,96,-2,2
76028,62,74,-12,12
76029,99,93,6,6
76030,82,78,4,4
76031,145,140,5,5
76032,107,116,-9,9
76033,107,107,0,0
76034,128,114,14,14
76035,52,62,-10,10
76036,103,98,5,5
76037,70,72,-2,2
76038,161,160,1,1
76039,74,78,-4,4
76040,70,71,-1,1
76041,114,101,13,13
76042,150,143,7,7
76043,105,113,-8,8
76044,119,126,-7,7
76045,71,79,-8,8
76046,102,95,7,7
76047,43,63,-20,20
76048,84,85,-1,1
76049,70,80,-10,10
76050,82,85,-3,3
76051,74,68,6,6
76052,98,99,-1,1
76053,55,69,-14,14
76054,110,110,0,0
76055,145,148,-3,3
76056,80,82,-2,2
76057,137,130,7,7
76058,77,89,-12,12
76059,80,78,2,2
76060,73,71,2,2
76061,83,81,2,2
76062,100,93,7,7
76063,85,83,2,2
76064,101,100,1,1
76065,79,82,-3,3
76066,89,98,-9,9
76067,60,69,-9,9
76068,112,96,16,16
76069,173,163,10,10
76070,60,67,-7,7
76071,41,53,-12,12
76072,57,68,-11,11
76073,88,92,-4,4
76074,101,95,6,6
76075,82,75,7,7
76076,100,97,3,3
76077,85,87,-2,2
76078,117,101,16,16
76079,83,85,-2,2
76080,162,141,21,21
76081,59,67,-8,8
76082,127,114,13,13
76083,170,148,22,22
76084,114,104,10,10
76085,111,106,5,5
76086,44,56,-12,12
76087,91,97,-6,6
76088,76,83,-7,7
76089,64,76,-12,12
76090,67,71,-4,4
76091,135,128,7,7
76092,75,80,-5,5
76093,110,103,7,7
76094,84,82,2,2
76095,77,77,0,0
76096,97,98,-1,1
76097,85,90,-5,5
76098,61,63,-2,2
76099,86,88,-2,2
76100,75,79,-4,4
76101,83,106,-23,23
76102,168,157,11,11
76103,97,97,0,0
76104,64,72,-8,8
76105,126,115,11,11
76106,85,93,-8,8
76107,111,111,0,0
76108,87,85,2,2
76109,101,109,-8,8
76110,162,107,55,55
76111,143,142,1,1
76112,123,113,10,10
76113,82,81,1,1
76114,101,97,4,4
76115,92,100,-8,8
76116,87,97,-10,10
76117,93,84,9,9
76118,100,105,-5,5
76119,92,87,5,5
76120,85,78,7,7
76121,49,58,-9,9
76122,79,92,-13,13
76123,58,65,-7,7
76124,85,90,-5,5
76125,61,67,-6,6
76126,140,132,8,8
76127,127,126,1,1
76128,152,145,7,7
76129,67,71,-4,4
76130,64,71,-7,7
76131,136,131,5,5
76132,74,75,-1,1
76133,100,92,8,8
76134,158,139,19,19
76135,80,86,-6,6
76136,88,87,1,1
76137,110,113,-3,3
76138,74,71,3,3
76139,116,116,0,0
76140,82,80,2,2
76141,117,106,11,11
76142,81,83,-2,2
76143,74,77,-3,3
76144,104,101,3,3
76145,147,127,20,20
76146,82,82,0,0
76147,50,59,-9,9
76148,180,166,14,14
76149,182,179,3,3
76150,63,80,-17,17
76151,190,161,29,29
76152,122,133,-11,11
76153,99,96,3,3
76154,66,75,-9,9
76155,53,74,-21,21
76156,63,72,-9,9
76157,125,135,-10,10
76158,112,102,10,10
76159,85,87,-2,2
76160,56,69,-13,13
76161,85,83,2,2
76162,70,81,-11,11
76163,83,88,-5,5
76164,135,128,7,7
76165,57,66,-9,9
76166,84,85,-1,1
76167,90,99,-9,9
76168,59,80,-21,21
76169,77,79,-2,2
76170,64,68,-4,4
76171,99,100,-1,1
76172,109,102,7,7
76173,97,98,-1,1
76174,92,86,6,6
76175,87,93,-6,6
76176,42,56,-14,14
76177,74,84,-10,10
76178,162,173,-11,11
76179,125,111,14,14
76180,178,176,2,2
76181,98,105,-7,7
76182,89,97,-8,8
76183,72,70,2,2
76184,78,80,-2,2
76185,53,64,-11,11
76186,85,81,4,4
76187,122,114,8,8
76188,101,104,-3,3
76189,81,81,0,0
76190,128,96,32,32
76191,98,98,0,0
76192,154,160,-6,6
76193,122,124,-2,2
76194,63,68,-5,5
76195,83,88,-5,5
76196,98,97,1,1
76197,70,75,-5,5
76198,89,105,-16,16
76199,111,116,-5,5
76200,44,64,-20,20
76201,48,64,-16,16
76202,104,98,6,6
76203,106,103,3,3
76204,148,127,21,21
76205,128,128,0,0
76206,118,110,8,8
76207,105,92,13,13
76208,141,144,-3,3
76209,115,103,12,12
76210,161,151,10,10
76211,71,91,-20,20
76212,149,140,9,9
76213,77,79,-2,2
76214,117,109,8,8
76215,119,110,9,9
76216,116,102,14,14
76217,88,85,3,3
76218,107,107,0,0
76219,72,84,-12,12
76220,137,148,-11,11
76221,122,122,0,0
76222,126,121,5,5
76223,50,68,-18,18
76224,119,102,17,17
76225,79,78,1,1
76226,124,124,0,0
76227,128,125,3,3
76228,132,116,16,16
76229,90,87,3,3
76230,95,97,-2,2
76231,97,93,4,4
76232,63,73,-10,10
76233,109,102,7,7
76234,133,139,-6,6
76235,104,101,3,3
76236,35,79,-44,44
76237,72,77,-5,5
76238,65,74,-9,9
76239,120,103,17,17
76240,135,154,-19,19
76241,130,116,14,14
76242,137,136,1,1
76243,81,79,2,2
76244,83,86,-3,3
76245,51,64,-13,13
76246,77,86,-9,9
76247,116,105,11,11
76248,72,83,-11,11
76249,97,101,-4,4
76250,78,77,1,1
76251,63,70,-7,7
76252,130,132,-2,2
76253,158,148,10,10
76254,75,84,-9,9
76255,76,78,-2,2
76256,101,97,4,4
76257,44,61,-17,17
76258,74,76,-2,2
76259,98,93,5,5
76260,134,144,-10,10
76261,104,98,6,6
76262,88,86,2,2
76263,179,154,25,25
76264,46,60,-14,14
76265,141,140,1,1
76266,91,84,7,7
76267,72,78,-6,6
76268,82,83,-1,1
76269,73,77,-4,4
76270,139,126,13,13
76271,124,118,6,6
76272,100,95,5,5
76273,98,92,6,6
76274,80,84,-4,4
76275,97,113,-16,16
76276,62,73,-11,11
76277,136,130,6,6
76278,93,87,6,6
76279,104,101,3,3
76280,158,152,6,6
76281,105,99,6,6
76282,82,71,11,11
76283,150,142,8,8
76284,161,145,16,16
76285,68,74,-6,6
76286,97,98,-1,1
76287,106,99,7,7
76288,75,77,-2,2
76289,95,94,1,1
76290,84,85,-1,1
76291,144,130,14,14
76292,115,113,2,2
76293,45,61,-16,16
76294,99,95,4,4
76295,91,87,4,4
76296,75,75,0,0
76297,134,113,21,21
76298,69,70,-1,1
76299,74,75,-1,1
76300,53,63,-10,10
76301,74,81,-7,7
76302,95,92,3,3
76303,54,67,-13,13
76304,96,94,2,2
76305,93,93,0,0
76306,108,102,6,6
76307,104,116,-12,12
76308,80,83,-3,3
76309,87,81,6,6
76310,98,104,-6,6
76311,60,69,-9,9
76312,65,71,-6,6
76313,75,85,-10,10
76314,80,91,-11,11
76315,81,90,-9,9
76316,123,110,13,13
76317,89,96,-7,7
76318,142,135,7,7
76319,64,67,-3,3
76320,100,100,0,0
76321,45,61,-16,16
76322,118,105,13,13
76323,73,79,-6,6
76324,74,79,-5,5
76325,102,105,-3,3
76326,66,83,-17,17
76327,120,123,-3,3
76328,57,65,-8,8
76329,149,131,18,18
76330,131,128,3,3
76331,81,81,0,0
76332,61,69,-8,8
76333,89,94,-5,5
76334,66,70,-4,4
76335,64,71,-7,7
76336,76,83,-7,7
76337,124,113,11,11
76338,48,65,-17,17
76339,68,72,-4,4
76340,100,100,0,0
76341,96,96,0,0
76342,50,57,-7,7
76343,85,88,-3,3
76344,85,86,-1,1
76345,61,69,-8,8
76346,91,83,8,8
76347,72,76,-4,4
76348,129,115,14,14
76349,104,96,8,8
76350,54,70,-16,16
76351,53,64,-11,11
76352,105,109,-4,4
76353,91,103,-12,12
76354,66,78,-12,12
76355,59,66,-7,7
76356,118,111,7,7
76357,109,113,-4,4
76358,63,67,-4,4
76359,63,61,2,2
76360,68,73,-5,5
76361,166,175,-9,9
76362,84,80,4,4
76363,66,69,-3,3
76364,100,106,-6,6
76365,104,97,7,7
76366,65,71,-6,6
76367,57,66,-9,9
76368,99,95,4,4
76369,96,108,-12,12
76370,71,76,-5,5
76371,57,68,-11,11
76372,105,107,-2,2
76373,88,84,4,4
76374,54,66,-12,12
76375,181,158,23,23
76376,100,100,0,0
76377,103,100,3,3
76378,138,124,14,14
76379,65,73,-8,8
76380,71,78,-7,7
76381,70,72,-2,2
76382,72,73,-1,1
76383,66,66,0,0
76384,79,80,-1,1
76385,169,157,12,12
76386,129,120,9,9
76387,129,105,24,24
76388,63,68,-5,5
76389,92,91,1,1
76390,109,110,-1,1
76391,58,70,-12,12
76392,108,98,10,10
76393,107,95,12,12
76394,162,155,7,7
76395,57,67,-10,10
76396,109,111,-2,2
76397,86,86,0,0
76398,91,86,5,5
76399,89,82,7,7
76400,93,97,-4,4
76401,70,72,-2,2
76402,73,75,-2,2
76403,71,74,-3,3
76404,59,60,-1,1
76405,166,162,4,4
76406,71,71,0,0
76407,71,69,2,2
76408,132,115,17,17
76409,103,105,-2,2
76410,114,102,12,12
76411,103,109,-6,6
76412,98,98,0,0
76413,92,86,6,6
76414,102,109,-7,7
76415,113,116,-3,3
76416,130,151,-21,21
76417,56,69,-13,13
76418,127,116,11,11
76419,53,71,-18,18
76420,129,121,8,8
76421,93,91,2,2
76422,133,119,14,14
76423,93,90,3,3
76424,92,96,-4,4
76425,45,63,-18,18
76426,96,86,10,10
76427,104,126,-22,22
76428,65,69,-4,4
76429,114,106,8,8
76430,52,63,-11,11
76431,80,83,-3,3
76432,135,127,8,8
76433,78,111,-33,33
76434,69,73,-4,4
76435,61,63,-2,2
76436,75,74,1,1
76437,131,131,0,0
76438,108,112,-4,4
76439,96,95,1,1
76440,178,158,20,20
76441,171,171,0,0
76442,81,77,4,4
76443,91,84,7,7
76444,69,78,-9,9
76445,146,132,14,14
76446,111,99,12,12
76447,65,69,-4,4
76448,86,84,2,2
76449,79,92,-13,13
76450,108,98,10,10
76451,94,97,-3,3
76452,107,104,3,3
76453,100,95,5,5
76454,121,109,12,12
76455,144,149,-5,5
76456,66,74,-8,8
76457,40,56,-16,16
76458,99,100,-1,1
76459,32,52,-20,20
76460,69,71,-2,2
76461,145,139,6,6
76462,76,83,-7,7
76463,85,84,1,1
76464,53,63,-10,10
76465,27,49,-22,22
76466,55,72,-17,17
76467,41,50,-9,9
76468,57,68,-11,11
76469,83,85,-2,2
76470,77,75,2,2
76471,85,97,-12,12
76472,118,102,16,16
76473,55,65,-10,10
76474,62,67,-5,5
76475,111,106,5,5
76476,108,102,6,6
76477,89,96,-7,7
76478,97,88,9,9
76479,94,98,-4,4
76480,61,71,-10,10
76481,82,92,-10,10
76482,83,86,-3,3
76483,140,119,21,21
76484,152,130,22,22
76485,86,82,4,4
76486,33,51,-18,18
76487,88,83,5,5
76488,71,74,-3,3
76489,97,108,-11,11
76490,81,86,-5,5
76491,129,122,7,7
76492,55,67,-12,12
76493,122,121,1,1
76494,103,108,-5,5
76495,98,91,7,7
76496,89,85,4,4
76497,87,84,3,3
76498,79,86,-7,7
76499,98,102,-4,4
76500,49,66,-17,17
76501,82,84,-2,2
76502,120,116,4,4
76503,108,108,0,0
76504,169,154,15,15
76505,161,154,7,7
76506,134,131,3,3
76507,96,98,-2,2
76508,56,61,-5,5
76509,101,102,-1,1
76510,86,90,-4,4
76511,82,88,-6,6
76512,85,92,-7,7
76513,79,79,0,0
76514,78,85,-7,7
76515,105,93,12,12
76516,142,133,9,9
76517,65,78,-13,13
76518,57,69,-12,12
76519,81,84,-3,3
76520,139,107,32,32
76521,84,83,1,1
76522,81,84,-3,3
76523,154,128,26,26
76524,147,132,15,15
76525,153,137,16,16
76526,73,80,-7,7
76527,141,126,15,15
76528,43,58,-15,15
76529,101,97,4,4
76530,42,59,-17,17
76531,78,81,-3,3
76532,97,111,-14,14
76533,65,74,-9,9
76534,58,65,-7,7
76535,79,90,-11,11
76536,95,95,0,0
76537,105,114,-9,9
76538,37,56,-19,19
76539,82,92,-10,10
76540,130,124,6,6
76541,99,105,-6,6
76542,125,104,21,21
76543,51,70,-19,19
76544,87,88,-1,1
76545,147,147,0,0
76546,61,62,-1,1
76547,122,119,3,3
76548,70,83,-13,13
76549,81,78,3,3
76550,93,89,4,4
76551,136,130,6,6
76552,61,70,-9,9
76553,75,86,-11,11
76554,118,102,16,16
76555,110,111,-1,1
76556,153,156,-3,3
76557,57,63,-6,6
76558,128,112,16,16
76559,118,105,13,13
76560,81,88,-7,7
76561,82,83,-1,1
76562,126,117,9,9
76563,110,105,5,5
76564,91,95,-4,4
76565,106,85,21,21
76566,92,86,6,6
76567,74,83,-9,9
76568,119,113,6,6
76569,47,60,-13,13
76570,81,90,-9,9
76571,101,96,5,5
76572,91,91,0,0
76573,68,74,-6,6
76574,119,110,9,9
76575,90,86,4,4
76576,104,103,1,1
76577,80,85,-5,5
76578,84,91,-7,7
76579,132,118,14,14
76580,32,74,-42,42
76581,139,127,12,12
76582,85,81,4,4
76583,83,86,-3,3
76584,55,65,-10,10
76585,98,107,-9,9
76586,177,169,8,8
76587,81,87,-6,6
76588,90,96,-6,6
76589,133,118,15,15
76590,85,74,11,11
76591,58,64,-6,6
76592,133,125,8,8
76593,81,82,-1,1
76594,149,135,14,14
76595,107,101,6,6
76596,113,95,18,18
76597,108,98,10,10
76598,93,88,5,5
76599,100,88,12,12
76600,66,73,-7,7
76601,109,99,10,10
76602,77,87,-10,10
76603,208,175,33,33
76604,79,85,-6,6
76605,74,73,1,1
76606,74,75,-1,1
76607,131,123,8,8
76608,127,111,16,16
76609,77,77,0,0
76610,100,79,21,21
76611,82,108,-26,26
76612,100,103,-3,3
76613,65,77,-12,12
76614,97,101,-4,4
76615,146,127,19,19
76616,99,84,15,15
76617,117,103,14,14
76618,71,78,-7,7
76619,60,68,-8,8
76620,75,80,-5,5
76621,46,56,-10,10
76622,121,104,17,17
76623,55,63,-8,8
76624,119,118,1,1
76625,178,166,12,12
76626,131,124,7,7
76627,123,115,8,8
76628,99,98,1,1
76629,164,161,3,3
76630,69,75,-6,6
76631,55,64,-9,9
76632,148,147,1,1
76633,67,70,-3,3
76634,138,130,8,8
76635,115,104,11,11
76636,134,121,13,13
76637,91,99,-8,8
76638,94,93,1,1
76639,114,106,8,8
76640,92,89,3,3
76641,98,104,-6,6
76642,41,50,-9,9
76643,49,63,-14,14
76644,59,75,-16,16
76645,90,86,4,4
76646,165,150,15,15
76647,53,65,-12,12
76648,67,74,-7,7
76649,77,78,-1,1
76650,87,85,2,2
76651,65,69,-4,4
76652,133,124,9,9
76653,98,96,2,2
76654,103,101,2,2
76655,85,83,2,2
76656,153,137,16,16
76657,85,79,6,6
76658,126,127,-1,1
76659,102,108,-6,6
76660,115,106,9,9
76661,78,87,-9,9
76662,152,149,3,3
76663,72,74,-2,2
76664,65,69,-4,4
76665,71,76,-5,5
76666,134,134,0,0
76667,104,101,3,3
76668,54,67,-13,13
76669,133,117,16,16
76670,99,87,12,12
76671,69,73,-4,4
76672,169,161,8,8
76673,94,97,-3,3
76674,106,109,-3,3
76675,86,87,-1,1
76676,107,99,8,8
76677,52,64,-12,12
76678,71,79,-8,8
76679,87,84,3,3
76680,155,156,-1,1
76681,58,69,-11,11
76682,144,131,13,13
76683,111,103,8,8
76684,90,88,2,2
76685,74,68,6,6
76686,100,90,10,10
76687,112,105,7,7
76688,117,112,5,5
76689,48,90,-42,42
76690,107,92,15,15
76691,144,135,9,9
76692,86,82,4,4
76693,101,96,5,5
76694,94,98,-4,4
76695,129,109,20,20
76696,132,130,2,2
76697,61,69,-8,8
76698,103,104,-1,1
76699,104,96,8,8
76700,135,114,21,21
76701,76,82,-6,6
76702,112,114,-2,2
76703,114,98,16,16
76704,69,68,1,1
76705,92,83,9,9
76706,80,84,-4,4
76707,139,122,17,17
76708,76,78,-2,2
76709,71,71,0,0
76710,100,98,2,2
76711,106,97,9,9
76712,145,137,8,8
76713,76,86,-10,10
76714,92,100,-8,8
76715,49,57,-8,8
76716,110,102,8,8
76717,92,95,-3,3
76718,173,141,32,32
76719,98,99,-1,1
76720,175,148,27,27
76721,75,85,-10,10
76722,103,88,15,15
76723,111,117,-6,6
76724,215,208,7,7
76725,131,119,12,12
76726,67,77,-10,10
76727,127,131,-4,4
76728,72,78,-6,6
76729,43,71,-28,28
76730,65,70,-5,5
76731,69,73,-4,4
76732,149,152,-3,3
76733,75,75,0,0
76734,81,84,-3,3
76735,76,71,5,5
76736,53,69,-16,16
76737,79,87,-8,8
76738,152,135,17,17
76739,97,97,0,0
76740,48,59,-11,11
76741,107,106,1,1
76742,118,115,3,3
76743,78,79,-1,1
76744,98,100,-2,2
76745,121,111,10,10
76746,108,98,10,10
76747,59,64,-5,5
76748,95,98,-3,3
76749,98,100,-2,2
76750,71,74,-3,3
76751,76,80,-4,4
76752,100,103,-3,3
76753,70,72,-2,2
76754,71,69,2,2
76755,94,79,15,15
76756,86,89,-3,3
76757,102,103,-1,1
76758,106,100,6,6
76759,74,84,-10,10
76760,49,65,-16,16
76761,103,98,5,5
76762,70,76,-6,6
76763,168,159,9,9
76764,66,77,-11,11
76765,128,129,-1,1
76766,110,106,4,4
76767,82,78,4,4
76768,92,85,7,7
76769,187,176,11,11
76770,101,112,-11,11
76771,47,58,-11,11
76772,72,76,-4,4
76773,77,82,-5,5
76774,30,49,-19,19
76775,124,121,3,3
76776,218,184,34,34
76777,110,112,-2,2
76778,106,105,1,1
76779,133,116,17,17
76780,88,80,8,8
76781,58,64,-6,6
76782,184,159,25,25
76783,152,129,23,23
76784,87,94,-7,7
76785,167,148,19,19
76786,93,98,-5,5
76787,130,104,26,26
76788,96,84,12,12
76789,119,121,-2,2
76790,81,84,-3,3
76791,52,59,-7,7
76792,66,69,-3,3
76793,102,105,-3,3
76794,76,76,0,0
76795,117,100,17,17
76796,98,89,9,9
76797,81,84,-3,3
76798,99,100,-1,1
76799,81,79,2,2
76800,64,73,-9,9
76801,139,138,1,1
76802,84,86,-2,2
76803,68,71,-3,3
76804,42,55,-13,13
76805,73,70,3,3
76806,158,111,47,47
76807,101,101,0,0
76808,122,112,10,10
76809,76,86,-10,10
76810,129,148,-19,19
76811,99,90,9,9
76812,71,72,-1,1
76813,80,80,0,0
76814,141,125,16,16
76815,48,56,-8,8
76816,146,132,14,14
76817,83,87,-4,4
76818,102,100,2,2
76819,87,87,0,0
76820,83,80,3,3
76821,63,77,-14,14
76822,89,87,2,2
76823,142,127,15,15
76824,90,96,-6,6
76825,97,91,6,6
76826,130,123,7,7
76827,88,86,2,2
76828,146,144,2,2
76829,118,104,14,14
76830,124,117,7,7
76831,108,115,-7,7
76832,53,68,-15,15
76833,78,84,-6,6
76834,54,62,-8,8
76835,121,109,12,12
76836,105,114,-9,9
76837,47,66,-19,19
76838,58,66,-8,8
76839,126,110,16,16
76840,165,144,21,21
76841,118,108,10,10
76842,54,64,-10,10
76843,98,94,4,4
76844,39,46,-7,7
76845,88,96,-8,8
76846,85,85,0,0
76847,92,100,-8,8
76848,101,99,2,2
76849,69,81,-12,12
76850,70,70,0,0
76851,57,93,-36,36
76852,89,87,2,2
76853,165,153,12,12
76854,88,91,-3,3
76855,142,129,13,13
76856,109,108,1,1
76857,105,101,4,4
76858,94,95,-1,1
76859,124,116,8,8
76860,119,110,9,9
76861,41,50,-9,9
76862,102,100,2,2
76863,90,76,14,14
76864,126,123,3,3
76865,59,76,-17,17
76866,74,77,-3,3
76867,104,108,-4,4
76868,101,99,2,2
76869,102,99,3,3
76870,123,122,1,1
76871,90,92,-2,2
76872,85,81,4,4
76873,85,91,-6,6
76874,57,65,-8,8
76875,73,79,-6,6
76876,73,80,-7,7
76877,106,109,-3,3
76878,47,54,-7,7
76879,91,97,-6,6
76880,93,84,9,9
76881,63,76,-13,13
76882,80,79,1,1
76883,71,73,-2,2
76884,92,87,5,5
76885,125,116,9,9
76886,82,93,-11,11
76887,97,103,-6,6
76888,59,63,-4,4
76889,125,132,-7,7
76890,115,102,13,13
76891,103,98,5,5
76892,97,97,0,0
76893,89,91,-2,2
76894,78,82,-4,4
76895,159,140,19,19
76896,117,120,-3,3
76897,100,95,5,5
76898,104,101,3,3
76899,97,106,-9,9
76900,114,102,12,12
76901,118,122,-4,4
76902,99,86,13,13
76903,98,93,5,5
76904,114,111,3,3
76905,99,98,1,1
76906,95,96,-1,1
76907,68,77,-9,9
76908,119,112,7,7
76909,125,114,11,11
76910,74,80,-6,6
76911,97,90,7,7
76912,101,96,5,5
76913,157,151,6,6
76914,141,130,11,11
76915,132,130,2,2
76916,104,101,3,3
76917,85,87,-2,2
76918,110,107,3,3
76919,91,112,-21,21
76920,53,60,-7,7
76921,81,84,-3,3
76922,78,84,-6,6
76923,79,92,-13,13
76924,73,77,-4,4
76925,81,84,-3,3
76926,89,86,3,3
76927,78,80,-2,2
76928,122,107,15,15
76929,64,72,-8,8
76930,52,63,-11,11
76931,87,93,-6,6
76932,134,130,4,4
76933,104,94,10,10
76934,116,118,-2,2
76935,102,105,-3,3
76936,160,142,18,18
76937,83,80,3,3
76938,159,161,-2,2
76939,130,132,-2,2
76940,92,88,4,4
76941,95,91,4,4
76942,179,178,1,1
76943,132,110,22,22
76944,53,61,-8,8
76945,100,100,0,0
76946,105,96,9,9
76947,77,82,-5,5
76948,115,108,7,7
76949,126,123,3,3
76950,91,91,0,0
76951,79,83,-4,4
76952,40,57,-17,17
76953,128,118,10,10
76954,145,138,7,7
76955,153,138,15,15
76956,81,79,2,2
76957,113,119,-6,6
76958,138,117,21,21
76959,100,101,-1,1
76960,77,72,5,5
76961,71,79,-8,8
76962,110,107,3,3
76963,118,112,6,6
76964,137,132,5,5
76965,94,97,-3,3
76966,65,68,-3,3
76967,52,74,-22,22
76968,74,80,-6,6
76969,68,73,-5,5
76970,101,99,2,2
76971,104,99,5,5
76972,138,128,10,10
76973,71,76,-5,5
76974,140,123,17,17
76975,83,83,0,0
76976,91,93,-2,2
76977,125,114,11,11
76978,77,86,-9,9
76979,63,65,-2,2
76980,116,109,7,7
76981,102,99,3,3
76982,121,126,-5,5
76983,116,108,8,8
76984,181,171,10,10
76985,112,115,-3,3
76986,151,153,-2,2
76987,127,118,9,9
76988,87,85,2,2
76989,123,120,3,3
76990,74,87,-13,13
76991,161,149,12,12
76992,48,60,-12,12
76993,207,192,15,15
76994,124,121,3,3
76995,91,99,-8,8
76996,104,99,5,5
76997,118,119,-1,1
76998,112,104,8,8
76999,70,73,-3,3
77000,76,72,4,4
77001,133,120,13,13
77002,79,75,4,4
77003,56,72,-16,16
77004,111,128,-17,17
77005,48,65,-17,17
77006,80,72,8,8
77007,144,133,11,11
77008,39,47,-8,8
77009,91,96,-5,5
77010,97,94,3,3
77011,93,87,6,6
77012,142,127,15,15
77013,116,109,7,7
77014,86,94,-8,8
77015,128,128,0,0
77016,101,106,-5,5
77017,53,67,-14,14
77018,153,143,10,10
77019,69,81,-12,12
77020,101,95,6,6
77021,146,146,0,0
77022,107,102,5,5
77023,86,86,0,0
77024,44,60,-16,16
77025,64,74,-10,10
77026,90,75,15,15
77027,69,77,-8,8
77028,78,101,-23,23
77029,141,131,10,10
77030,54,57,-3,3
77031,61,65,-4,4
77032,140,123,17,17
77033,158,124,34,34
77034,96,90,6,6
77035,159,149,10,10
77036,155,125,30,30
77037,152,138,14,14
77038,62,63,-1,1
77039,84,82,2,2
77040,197,183,14,14
77041,123,118,5,5
77042,80,86,-6,6
77043,25,44,-19,19
77044,140,137,3,3
77045,65,78,-13,13
77046,67,96,-29,29
77047,62,70,-8,8
77048,71,74,-3,3
77049,138,131,7,7
77050,73,75,-2,2
77051,84,91,-7,7
77052,227,187,40,40
77053,97,90,7,7
77054,47,59,-12,12
77055,74,78,-4,4
77056,75,81,-6,6
77057,64,72,-8,8
77058,107,104,3,3
77059,60,65,-5,5
77060,70,77,-7,7
77061,117,98,19,19
77062,110,115,-5,5
77063,118,117,1,1
77064,86,86,0,0
77065,61,74,-13,13
77066,72,74,-2,2
77067,153,136,17,17
77068,92,96,-4,4
77069,117,113,4,4
77070,79,80,-1,1
77071,111,101,10,10
77072,48,59,-11,11
77073,71,71,0,0
77074,100,99,1,1
77075,90,84,6,6
77076,67,76,-9,9
77077,111,105,6,6
77078,68,71,-3,3
77079,113,101,12,12
77080,78,93,-15,15
77081,94,95,-1,1
77082,86,94,-8,8
77083,131,127,4,4
77084,142,124,18,18
77085,83,93,-10,10
77086,62,83,-21,21
77087,74,69,5,5
77088,143,135,8,8
77089,163,160,3,3
77090,78,77,1,1
77091,42,54,-12,12
77092,69,75,-6,6
77093,68,76,-8,8
77094,132,120,12,12
77095,59,62,-3,3
77096,107,103,4,4
77097,107,105,2,2
77098,49,59,-10,10
77099,114,109,5,5
77100,87,85,2,2
77101,103,87,16,16
77102,122,110,12,12
77103,114,112,2,2
77104,172,156,16,16
77105,69,78,-9,9
77106,57,71,-14,14
77107,108,106,2,2
77108,80,98,-18,18
77109,70,78,-8,8
77110,126,122,4,4
77111,102,97,5,5
77112,45,58,-13,13
77113,72,74,-2,2
77114,174,156,18,18
77115,101,104,-3,3
77116,53,62,-9,9
77117,71,74,-3,3
77118,157,162,-5,5
77119,139,126,13,13
77120,116,103,13,13
77121,86,81,5,5
77122,96,87,9,9
77123,107,107,0,0
77124,98,102,-4,4
77125,89,94,-5,5
77126,117,123,-6,6
77127,108,105,3,3
77128,54,61,-7,7
77129,116,114,2,2
77130,111,108,3,3
77131,139,140,-1,1
77132,74,74,0,0
77133,117,120,-3,3
77134,106,109,-3,3
77135,158,145,13,13
77136,97,96,1,1
77137,70,71,-1,1
77138,106,104,2,2
77139,82,79,3,3
77140,141,123,18,18
77141,132,120,12,12
77142,114,100,14,14
77143,145,131,14,14
77144,56,68,-12,12
77145,109,99,10,10
77146,131,115,16,16
77147,154,117,37,37
77148,73,72,1,1
77149,63,72,-9,9
77150,134,143,-9,9
77151,91,85,6,6
77152,127,117,10,10
77153,42,53,-11,11
77154,101,103,-2,2
77155,52,60,-8,8
77156,143,141,2,2
77157,92,88,4,4
77158,84,85,-1,1
77159,101,111,-10,10
77160,117,114,3,3
77161,85,85,0,0
77162,52,64,-12,12
77163,74,73,1,1
77164,78,71,7,7
77165,64,70,-6,6
77166,90,91,-1,1
77167,59,73,-14,14
77168,53,69,-16,16
77169,94,98,-4,4
77170,77,82,-5,5
77171,108,92,16,16
77172,138,123,15,15
77173,83,87,-4,4
77174,150,131,19,19
77175,108,101,7,7
77176,64,74,-10,10
77177,101,109,-8,8
77178,92,86,6,6
77179,150,136,14,14
77180,133,129,4,4
77181,42,58,-16,16
77182,43,58,-15,15
77183,63,66,-3,3
77184,82,85,-3,3
77185,56,60,-4,4
77186,101,111,-10,10
77187,65,80,-15,15
77188,112,105,7,7
77189,50,60,-10,10
77190,130,121,9,9
77191,88,97,-9,9
77192,74,72,2,2
77193,129,131,-2,2
77194,57,72,-15,15
77195,110,103,7,7
77196,99,101,-2,2
77197,77,75,2,2
77198,117,108,9,9
77199,107,100,7,7
77200,62,66,-4,4
77201,75,83,-8,8
77202,97,101,-4,4
77203,54,68,-14,14
77204,80,78,2,2
77205,84,82,2,2
77206,52,59,-7,7
77207,106,102,4,4
77208,99,109,-10,10
77209,92,89,3,3
77210,53,64,-11,11
77211,135,131,4,4
77212,116,98,18,18
77213,96,99,-3,3
77214,116,107,9,9
77215,90,86,4,4
77216,187,150,37,37
77217,55,93,-38,38
77218,48,50,-2,2
77219,77,82,-5,5
77220,74,81,-7,7
77221,97,102,-5,5
77222,159,149,10,10
77223,127,117,10,10
77224,83,85,-2,2
77225,67,73,-6,6
77226,103,93,10,10
77227,68,68,0,0
77228,75,74,1,1
77229,88,91,-3,3
77230,82,110,-28,28
77231,128,114,14,14
77232,177,158,19,19
77233,140,126,14,14
77234,108,89,19,19
77235,59,61,-2,2
77236,97,96,1,1
77237,105,103,2,2
77238,59,64,-5,5
77239,74,76,-2,2
77240,63,65,-2,2
77241,53,62,-9,9
77242,67,73,-6,6
77243,88,87,1,1
77244,116,111,5,5
77245,141,138,3,3
77246,123,120,3,3
77247,111,108,3,3
77248,89,90,-1,1
77249,112,113,-1,1
77250,118,110,8,8
77251,51,64,-13,13
77252,165,143,22,22
77253,70,78,-8,8
77254,92,84,8,8
77255,156,130,26,26
77256,160,138,22,22
77257,64,69,-5,5
77258,137,134,3,3
77259,93,88,5,5
77260,124,123,1,1
77261,77,82,-5,5
77262,128,124,4,4
77263,79,73,6,6
77264,61,71,-10,10
77265,112,103,9,9
77266,45,57,-12,12
77267,67,69,-2,2
77268,126,121,5,5
77269,92,87,5,5
77270,74,79,-5,5
77271,67,79,-12,12
77272,105,100,5,5
77273,167,162,5,5
77274,131,123,8,8
77275,84,126,-42,42
77276,110,113,-3,3
77277,72,83,-11,11
77278,71,117,-46,46
77279,115,111,4,4
77280,159,149,10,10
77281,82,96,-14,14
77282,100,111,-11,11
77283,70,69,1,1
77284,104,103,1,1
77285,49,56,-7,7
77286,104,103,1,1
77287,101,104,-3,3
77288,66,77,-11,11
77289,87,87,0,0
77290,85,95,-10,10
77291,124,130,-6,6
77292,121,106,15,15
77293,97,93,4,4
77294,63,69,-6,6
77295,93,95,-2,2
77296,79,77,2,2
77297,49,56,-7,7
77298,95,95,0,0
77299,76,83,-7,7
77300,133,127,6,6
77301,66,73,-7,7
77302,85,89,-4,4
77303,228,233,-5,5
77304,124,125,-1,1
77305,90,84,6,6
77306,95,96,-1,1
77307,54,67,-13,13
77308,82,88,-6,6
77309,155,139,16,16
77310,173,162,11,11
77311,171,150,21,21
77312,42,59,-17,17
77313,141,135,6,6
77314,92,87,5,5
77315,94,91,3,3
77316,82,86,-4,4
77317,132,120,12,12
77318,124,111,13,13
77319,94,88,6,6
77320,60,65,-5,5
77321,58,72,-14,14
77322,102,107,-5,5
77323,112,107,5,5
77324,121,114,7,7
77325,133,134,-1,1
77326,54,73,-19,19
77327,105,109,-4,4
77328,82,85,-3,3
77329,104,95,9,9
77330,91,89,2,2
77331,103,107,-4,4
77332,96,102,-6,6
77333,147,157,-10,10
77334,95,96,-1,1
77335,111,117,-6,6
77336,106,104,2,2
77337,59,66,-7,7
77338,77,77,0,0
77339,97,86,11,11
77340,73,65,8,8
77341,105,99,6,6
77342,122,109,13,13
77343,55,72,-17,17
77344,108,106,2,2
77345,59,64,-5,5
77346,124,123,1,1
77347,116,119,-3,3
77348,100,96,4,4
77349,76,82,-6,6
77350,102,96,6,6
77351,95,102,-7,7
77352,138,129,9,9
77353,119,115,4,4
77354,78,85,-7,7
77355,108,108,0,0
77356,34,50,-16,16
77357,105,105,0,0
77358,120,108,12,12
77359,91,93,-2,2
77360,103,113,-10,10
77361,75,78,-3,3
77362,176,154,22,22
77363,85,82,3,3
77364,75,78,-3,3
77365,103,102,1,1
77366,81,85,-4,4
77367,105,109,-4,4
77368,50,66,-16,16
77369,118,112,6,6
77370,163,153,10,10
77371,137,126,11,11
77372,167,163,4,4
77373,116,113,3,3
77374,52,66,-14,14
77375,115,102,13,13
77376,188,184,4,4
77377,187,167,20,20
77378,84,83,1,1
77379,124,113,11,11
77380,95,94,1,1
77381,79,87,-8,8
77382,72,72,0,0
77383,68,74,-6,6
77384,116,111,5,5
77385,83,104,-21,21
77386,94,88,6,6
77387,63,71,-8,8
77388,200,183,17,17
77389,61,73,-12,12
77390,148,132,16,16
77391,56,64,-8,8
77392,110,111,-1,1
77393,94,97,-3,3
77394,59,76,-17,17
77395,76,75,1,1
77396,67,79,-12,12
77397,102,102,0,0
77398,165,142,23,23
77399,79,79,0,0
77400,74,73,1,1
77401,136,124,12,12
77402,116,106,10,10
77403,95,99,-4,4
77404,112,110,2,2
77405,65,75,-10,10
77406,43,54,-11,11
77407,92,92,0,0
77408,48,60,-12,12
77409,75,80,-5,5
77410,118,115,3,3
77411,99,90,9,9
77412,101,97,4,4
77413,41,68,-27,27
77414,78,86,-8,8
77415,129,114,15,15
77416,109,111,-2,2
77417,81,80,1,1
77418,167,151,16,16
77419,55,80,-25,25
77420,202,174,28,28
77421,118,109,9,9
77422,122,119,3,3
77423,67,72,-5,5
77424,67,73,-6,6
77425,54,61,-7,7
77426,54,66,-12,12
77427,89,94,-5,5
77428,107,99,8,8
77429,94,92,2,2
77430,72,70,2,2
77431,127,126,1,1
77432,84,102,-18,18
77433,64,71,-7,7
77434,96,96,0,0
77435,116,109,7,7
77436,127,121,6,6
77437,128,119,9,9
77438,118,129,-11,11
77439,62,72,-10,10
77440,73,72,1,1
77441,36,51,-15,15
77442,165,138,27,27
77443,100,103,-3,3
77444,65,72,-7,7
77445,75,81,-6,6
77446,75,88,-13,13
77447,97,100,-3,3
77448,93,102,-9,9
77449,57,67,-10,10
77450,59,65,-6,6
77451,85,83,2,2
77452,99,106,-7,7
77453,87,88,-1,1
77454,102,109,-7,7
77455,75,83,-8,8
77456,92,94,-2,2
77457,79,89,-10,10
77458,50,66,-16,16
77459,48,63,-15,15
77460,217,180,37,37
77461,132,118,14,14
77462,101,98,3,3
77463,82,85,-3,3
77464,116,115,1,1
77465,112,100,12,12
77466,66,80,-14,14
77467,81,86,-5,5
77468,56,65,-9,9
77469,97,87,10,10
77470,84,78,6,6
77471,37,54,-17,17
77472,74,77,-3,3
77473,127,118,9,9
77474,54,65,-11,11
77475,80,80,0,0
77476,57,58,-1,1
77477,106,83,23,23
77478,91,92,-1,1
77479,103,101,2,2
77480,114,98,16,16
77481,131,128,3,3
77482,85,84,1,1
77483,85,87,-2,2
77484,93,96,-3,3
77485,74,68,6,6
77486,88,92,-4,4
77487,52,58,-6,6
77488,41,49,-8,8
77489,82,84,-2,2
77490,112,106,6,6
77491,67,66,1,1
77492,69,83,-14,14
77493,150,136,14,14
77494,93,96,-3,3
77495,63,65,-2,2
77496,95,85,10,10
77497,46,61,-15,15
77498,72,73,-1,1
77499,77,85,-8,8
77500,87,92,-5,5
77501,121,117,4,4
77502,149,134,15,15
77503,82,76,6,6
77504,57,63,-6,6
77505,127,112,15,15
77506,103,95,8,8
77507,96,95,1,1
77508,82,79,3,3
77509,161,149,12,12
77510,133,125,8,8
77511,73,75,-2,2
77512,71,68,3,3
77513,168,161,7,7
77514,137,131,6,6
77515,72,77,-5,5
77516,77,82,-5,5
77517,114,114,0,0
77518,115,109,6,6
77519,70,69,1,1
77520,78,85,-7,7
77521,118,118,0,0
77522,88,86,2,2
77523,81,78,3,3
77524,118,116,2,2
77525,60,60,0,0
77526,98,100,-2,2
77527,99,89,10,10
77528,55,63,-8,8
77529,100,96,4,4
77530,75,81,-6,6
77531,77,76,1,1
77532,139,137,2,2
77533,99,91,8,8
77534,106,108,-2,2
77535,92,98,-6,6
77536,87,88,-1,1
77537,55,69,-14,14
77538,89,96,-7,7
77539,106,112,-6,6
77540,161,160,1,1
77541,72,76,-4,4
77542,119,103,16,16
77543,90,85,5,5
77544,110,105,5,5
77545,51,65,-14,14
77546,63,73,-10,10
77547,42,53,-11,11
77548,85,82,3,3
77549,144,135,9,9
77550,69,80,-11,11
77551,43,57,-14,14
77552,94,99,-5,5
77553,178,181,-3,3
77554,80,80,0,0
77555,65,70,-5,5
77556,62,70,-8,8
77557,62,67,-5,5
77558,144,144,0,0
77559,102,99,3,3
77560,104,101,3,3
77561,45,61,-16,16
77562,57,63,-6,6
77563,132,108,24,24
77564,105,97,8,8
77565,99,97,2,2
77566,60,74,-14,14
77567,72,81,-9,9
77568,122,123,-1,1
77569,141,133,8,8
77570,94,91,3,3
77571,89,97,-8,8
77572,43,59,-16,16
77573,160,146,14,14
77574,84,77,7,7
77575,84,81,3,3
77576,90,95,-5,5
77577,68,74,-6,6
77578,189,175,14,14
77579,77,87,-10,10
77580,59,68,-9,9
77581,139,137,2,2
77582,98,98,0,0
77583,147,133,14,14
77584,158,129,29,29
77585,97,94,3,3
77586,109,107,2,2
77587,112,105,7,7
77588,74,77,-3,3
77589,155,138,17,17
77590,75,76,-1,1
77591,129,116,13,13
77592,189,179,10,10
77593,98,99,-1,1
77594,68,74,-6,6
77595,100,100,0,0
77596,136,117,19,19
77597,144,135,9,9
77598,123,124,-1,1
77599,60,65,-5,5
77600,131,121,10,10
77601,74,83,-9,9
77602,148,116,32,32
77603,112,103,9,9
77604,60,71,-11,11
77605,89,84,5,5
77606,83,89,-6,6
77607,100,92,8,8
77608,70,76,-6,6
77609,119,124,-5,5
77610,52,65,-13,13
77611,72,77,-5,5
77612,127,122,5,5
77613,82,86,-4,4
77614,65,68,-3,3
77615,75,73,2,2
77616,65,69,-4,4
77617,80,96,-16,16
77618,95,118,-23,23
77619,74,82,-8,8
77620,107,103,4,4
77621,63,69,-6,6
77622,117,110,7,7
77623,83,76,7,7
77624,74,75,-1,1
77625,56,60,-4,4
77626,143,144,-1,1
77627,61,73,-12,12
77628,92,97,-5,5
77629,147,154,-7,7
77630,68,80,-12,12
77631,95,91,4,4
77632,80,87,-7,7
77633,129,115,14,14
77634,133,146,-13,13
77635,47,57,-10,10
77636,65,66,-1,1
77637,85,82,3,3
77638,100,93,7,7
77639,113,106,7,7
77640,104,96,8,8
77641,70,74,-4,4
77642,16,37,-21,21
77643,102,97,5,5
77644,125,108,17,17
77645,83,85,-2,2
77646,114,99,15,15
77647,150,145,5,5
77648,164,148,16,16
77649,97,96,1,1
77650,71,72,-1,1
77651,78,81,-3,3
77652,128,122,6,6
77653,111,101,10,10
77654,78,76,2,2
77655,83,85,-2,2
77656,84,80,4,4
77657,81,84,-3,3
77658,103,114,-11,11
77659,91,94,-3,3
77660,79,80,-1,1
77661,84,85,-1,1
77662,143,117,26,26
77663,97,96,1,1
77664,85,85,0,0
77665,120,106,14,14
77666,88,99,-11,11
77667,114,100,14,14
77668,116,108,8,8
77669,72,85,-13,13
77670,101,98,3,3
77671,129,126,3,3
77672,119,107,12,12
77673,86,88,-2,2
77674,75,81,-6,6
77675,76,76,0,0
77676,84,79,5,5
77677,75,81,-6,6
77678,124,113,11,11
77679,177,184,-7,7
77680,75,77,-2,2
77681,117,115,2,2
77682,99,129,-30,30
77683,50,58,-8,8
77684,70,81,-11,11
77685,115,110,5,5
77686,60,67,-7,7
77687,96,93,3,3
77688,142,137,5,5
77689,87,83,4,4
77690,112,113,-1,1
77691,116,101,15,15
77692,56,65,-9,9
77693,158,154,4,4
77694,188,175,13,13
77695,181,162,19,19
77696,104,87,17,17
77697,159,152,7,7
77698,122,124,-2,2
77699,69,77,-8,8
77700,105,97,8,8
77701,84,89,-5,5
77702,80,82,-2,2
77703,62,65,-3,3
77704,75,76,-1,1
77705,72,83,-11,11
77706,86,83,3,3
77707,99,113,-14,14
77708,59,69,-10,10
77709,104,96,8,8
77710,78,79,-1,1
77711,97,99,-2,2
77712,129,120,9,9
77713,64,76,-12,12
77714,105,98,7,7
77715,93,86,7,7
77716,92,90,2,2
77717,40,53,-13,13
77718,98,103,-5,5
77719,132,131,1,1
77720,67,77,-10,10
77721,51,83,-32,32
77722,81,94,-13,13
77723,142,140,2,2
77724,145,133,12,12
77725,72,75,-3,3
77726,102,98,4,4
77727,87,83,4,4
77728,111,106,5,5
77729,80,79,1,1
77730,85,84,1,1
77731,144,128,16,16
77732,66,77,-11,11
77733,98,94,4,4
77734,91,92,-1,1
77735,61,72,-11,11
77736,46,64,-18,18
77737,89,97,-8,8
77738,105,95,10,10
77739,102,94,8,8
77740,100,99,1,1
77741,58,70,-12,12
77742,116,114,2,2
77743,73,81,-8,8
77744,96,95,1,1
77745,89,85,4,4
77746,79,84,-5,5
77747,74,79,-5,5
77748,100,88,12,12
77749,35,59,-24,24
77750,49,60,-11,11
77751,79,79,0,0
77752,102,95,7,7
77753,104,85,19,19
77754,198,172,26,26
77755,136,123,13,13
77756,62,76,-14,14
77757,100,101,-1,1
77758,89,87,2,2
77759,131,124,7,7
77760,82,84,-2,2
77761,157,144,13,13
77762,71,77,-6,6
77763,54,62,-8,8
77764,115,116,-1,1
77765,80,82,-2,2
77766,69,71,-2,2
77767,80,75,5,5
77768,89,88,1,1
77769,91,88,3,3
77770,171,144,27,27
77771,86,82,4,4
77772,120,116,4,4
77773,72,76,-4,4
77774,67,70,-3,3
77775,122,137,-15,15
77776,71,80,-9,9
77777,119,112,7,7
77778,80,83,-3,3
77779,110,101,9,9
77780,47,57,-10,10
77781,193,168,25,25
77782,80,81,-1,1
77783,52,64,-12,12
77784,61,70,-9,9
77785,90,85,5,5
77786,85,84,1,1
77787,74,77,-3,3
77788,85,86,-1,1
77789,125,142,-17,17
77790,150,135,15,15
77791,89,88,1,1
77792,93,92,1,1
77793,131,130,1,1
77794,66,76,-10,10
77795,78,75,3,3
77796,151,145,6,6
77797,91,93,-2,2
77798,75,84,-9,9
77799,39,49,-10,10
77800,54,60,-6,6
77801,106,98,8,8
77802,128,127,1,1
77803,49,66,-17,17
77804,124,116,8,8
77805,76,79,-3,3
77806,89,86,3,3
77807,48,52,-4,4
77808,135,148,-13,13
77809,108,108,0,0
77810,113,100,13,13
77811,97,105,-8,8
77812,155,150,5,5
77813,154,137,17,17
77814,118,103,15,15
77815,87,85,2,2
77816,56,66,-10,10
77817,56,78,-22,22
77818,70,80,-10,10
77819,45,59,-14,14
77820,49,77,-28,28
77821,91,84,7,7
77822,76,75,1,1
77823,81,102,-21,21
77824,121,120,1,1
77825,109,104,5,5
77826,72,79,-7,7
77827,75,79,-4,4
77828,35,55,-20,20
77829,90,94,-4,4
77830,132,127,5,5
77831,140,141,-1,1
77832,75,81,-6,6
77833,76,78,-2,2
77834,111,128,-17,17
77835,92,98,-6,6
77836,120,127,-7,7
77837,119,112,7,7
77838,78,86,-8,8
77839,86,85,1,1
77840,60,71,-11,11
77841,158,145,13,13
77842,94,90,4,4
77843,126,119,7,7
77844,112,99,13,13
77845,112,102,10,10
77846,73,79,-6,6
77847,94,97,-3,3
77848,133,123,10,10
77849,70,72,-2,2
77850,83,79,4,4
77851,117,116,1,1
77852,104,99,5,5
77853,109,104,5,5
77854,173,149,24,24
77855,55,71,-16,16
77856,46,60,-14,14
77857,36,53,-17,17
77858,76,79,-3,3
77859,136,127,9,9
77860,102,98,4,4
77861,110,106,4,4
77862,94,87,7,7
77863,80,82,-2,2
77864,149,135,14,14
77865,249,222,27,27
77866,150,149,1,1
77867,49,66,-17,17
77868,58,66,-8,8
77869,54,60,-6,6
77870,83,76,7,7
77871,119,102,17,17
77872,58,65,-7,7
77873,123,109,14,14
77874,125,115,10,10
77875,115,119,-4,4
77876,74,90,-16,16
77877,71,72,-1,1
77878,162,139,23,23
77879,96,98,-2,2
77880,63,70,-7,7
77881,87,90,-3,3
77882,74,69,5,5
77883,70,92,-22,22
77884,114,114,0,0
77885,72,75,-3,3
77886,58,71,-13,13
77887,117,106,11,11
77888,77,98,-21,21
77889,57,73,-16,16
77890,142,134,8,8
77891,57,71,-14,14
77892,77,78,-1,1
77893,100,117,-17,17
77894,92,108,-16,16
77895,53,68,-15,15
77896,98,91,7,7
77897,96,96,0,0
77898,67,70,-3,3
77899,69,74,-5,5
77900,108,105,3,3
77901,97,91,6,6
77902,75,77,-2,2
77903,97,100,-3,3
77904,127,114,13,13
77905,87,83,4,4
77906,86,85,1,1
77907,84,77,7,7
77908,86,86,0,0
77909,88,86,2,2
77910,97,98,-1,1
77911,86,85,1,1
77912,79,89,-10,10
77913,183,171,12,12
77914,97,97,0,0
77915,136,125,11,11
77916,78,79,-1,1
77917,128,127,1,1
77918,116,106,10,10
77919,167,155,12,12
77920,143,147,-4,4
77921,72,80,-8,8
77922,101,97,4,4
77923,89,91,-2,2
77924,63,64,-1,1
77925,136,125,11,11
77926,129,123,6,6
77927,77,81,-4,4
77928,70,81,-11,11
77929,114,105,9,9
77930,100,108,-8,8
77931,133,120,13,13
77932,130,127,3,3
77933,64,69,-5,5
77934,105,99,6,6
77935,171,153,18,18
77936,120,110,10,10
77937,95,96,-1,1
77938,72,77,-5,5
77939,75,72,3,3
77940,110,98,12,12
77941,119,105,14,14
77942,184,164,20,20
77943,132,125,7,7
77944,128,130,-2,2
77945,78,97,-19,19
77946,124,117,7,7
77947,123,122,1,1
77948,105,93,12,12
77949,51,68,-17,17
77950,89,100,-11,11
77951,58,68,-10,10
77952,112,102,10,10
77953,97,96,1,1
77954,95,96,-1,1
77955,79,83,-4,4
77956,85,86,-1,1
77957,135,118,17,17
77958,127,131,-4,4
77959,95,86,9,9
77960,141,144,-3,3
77961,76,80,-4,4
77962,63,70,-7,7
77963,106,101,5,5
77964,95,87,8,8
77965,91,89,2,2
77966,147,138,9,9
77967,124,110,14,14
77968,88,81,7,7
77969,70,76,-6,6
77970,80,93,-13,13
77971,41,56,-15,15
77972,59,66,-7,7
77973,97,103,-6,6
77974,61,68,-7,7
77975,148,127,21,21
77976,106,96,10,10
77977,102,110,-8,8
77978,66,72,-6,6
77979,75,74,1,1
77980,98,94,4,4
77981,58,62,-4,4
77982,59,65,-6,6
77983,53,61,-8,8
77984,53,80,-27,27
77985,121,103,18,18
77986,101,86,15,15
77987,145,127,18,18
77988,57,67,-10,10
77989,74,75,-1,1
77990,65,71,-6,6
77991,79,89,-10,10
77992,117,117,0,0
77993,65,70,-5,5
77994,64,74,-10,10
77995,81,79,2,2
77996,125,105,20,20
77997,67,72,-5,5
77998,69,76,-7,7
77999,59,61,-2,2
78000,126,115,11,11
78001,106,106,0,0
78002,63,70,-7,7
78003,89,96,-7,7
78004,120,98,22,22
78005,97,97,0,0
78006,70,73,-3,3
78007,116,118,-2,2
78008,77,72,5,5
78009,49,62,-13,13
78010,71,71,0,0
78011,64,76,-12,12
78012,72,70,2,2
78013,128,109,19,19
78014,98,93,5,5
78015,66,73,-7,7
78016,112,112,0,0
78017,51,61,-10,10
78018,85,84,1,1
78019,100,91,9,9
78020,92,88,4,4
78021,111,108,3,3
78022,100,114,-14,14
78023,96,94,2,2
78024,166,148,18,18
78025,137,141,-4,4
78026,72,74,-2,2
78027,115,115,0,0
78028,88,86,2,2
78029,91,90,1,1
78030,103,109,-6,6
78031,47,61,-14,14
78032,86,95,-9,9
78033,136,120,16,16
78034,157,152,5,5
78035,124,118,6,6
78036,137,132,5,5
78037,101,101,0,0
78038,74,73,1,1
78039,85,79,6,6
78040,45,52,-7,7
78041,168,153,15,15
78042,115,100,15,15
78043,116,127,-11,11
78044,84,92,-8,8
78045,102,98,4,4
78046,59,78,-19,19
78047,106,109,-3,3
78048,60,76,-16,16
78049,123,113,10,10
78050,85,78,7,7
78051,60,72,-12,12
78052,82,75,7,7
78053,160,142,18,18
78054,82,85,-3,3
78055,83,86,-3,3
78056,73,81,-8,8
78057,113,116,-3,3
78058,95,86,9,9
78059,100,96,4,4
78060,40,55,-15,15
78061,80,85,-5,5
78062,110,101,9,9
78063,144,141,3,3
78064,115,102,13,13
78065,64,79,-15,15
78066,119,107,12,12
78067,102,104,-2,2
78068,159,136,23,23
78069,104,97,7,7
78070,91,92,-1,1
78071,133,128,5,5
78072,98,94,4,4
78073,96,99,-3,3
78074,134,121,13,13
78075,160,148,12,12
78076,59,76,-17,17
78077,74,81,-7,7
78078,106,97,9,9
78079,64,69,-5,5
78080,90,98,-8,8
78081,67,70,-3,3
78082,100,98,2,2
78083,68,74,-6,6
78084,159,147,12,12
78085,87,87,0,0
78086,123,130,-7,7
78087,78,81,-3,3
78088,95,87,8,8
78089,56,77,-21,21
78090,102,102,0,0
78091,108,96,12,12
78092,73,73,0,0
78093,111,108,3,3
78094,137,130,7,7
78095,84,90,-6,6
78096,89,83,6,6
78097,70,82,-12,12
78098,78,85,-7,7
78099,152,144,8,8
78100,81,84,-3,3
78101,49,59,-10,10
78102,69,75,-6,6
78103,102,92,10,10
78104,62,71,-9,9
78105,91,88,3,3
78106,72,58,14,14
78107,47,55,-8,8
78108,184,155,29,29
78109,103,93,10,10
78110,69,77,-8,8
78111,51,66,-15,15
78112,120,127,-7,7
78113,105,86,19,19
78114,46,62,-16,16
78115,75,78,-3,3
78116,71,74,-3,3
78117,45,63,-18,18
78118,80,87,-7,7
78119,79,88,-9,9
78120,78,82,-4,4
78121,62,75,-13,13
78122,86,83,3,3
78123,122,119,3,3
78124,101,96,5,5
78125,72,77,-5,5
78126,141,136,5,5
78127,69,77,-8,8
78128,93,88,5,5
78129,55,60,-5,5
78130,121,113,8,8
78131,105,107,-2,2
78132,99,88,11,11
78133,195,168,27,27
78134,76,79,-3,3
78135,124,112,12,12
78136,100,85,15,15
78137,152,148,4,4
78138,108,100,8,8
78139,49,60,-11,11
78140,176,160,16,16
78141,104,191,-87,87
78142,81,72,9,9
78143,97,96,1,1
78144,58,64,-6,6
78145,110,102,8,8
78146,55,68,-13,13
78147,69,72,-3,3
78148,107,131,-24,24
78149,71,74,-3,3
78150,88,92,-4,4
78151,43,61,-18,18
78152,117,114,3,3
78153,81,72,9,9
78154,75,83,-8,8
78155,108,103,5,5
78156,63,71,-8,8
78157,74,82,-8,8
78158,68,76,-8,8
78159,62,67,-5,5
78160,52,59,-7,7
78161,78,87,-9,9
78162,108,111,-3,3
78163,188,159,29,29
78164,61,71,-10,10
78165,77,79,-2,2
78166,97,92,5,5
78167,67,58,9,9
78168,77,101,-24,24
78169,91,94,-3,3
78170,69,77,-8,8
78171,131,130,1,1
78172,56,63,-7,7
78173,49,65,-16,16
78174,126,120,6,6
78175,114,108,6,6
78176,90,91,-1,1
78177,75,87,-12,12
78178,83,77,6,6
78179,92,98,-6,6
78180,83,86,-3,3
78181,89,82,7,7
78182,85,86,-1,1
78183,70,72,-2,2
78184,108,101,7,7
78185,71,76,-5,5
78186,68,68,0,0
78187,70,77,-7,7
78188,107,108,-1,1
78189,58,67,-9,9
78190,51,61,-10,10
78191,55,70,-15,15
78192,161,157,4,4
78193,46,67,-21,21
78194,92,91,1,1
78195,154,145,9,9
78196,83,87,-4,4
78197,128,123,5,5
78198,73,77,-4,4
78199,87,86,1,1
78200,122,109,13,13
78201,108,93,15,15
78202,76,91,-15,15
78203,59,74,-15,15
78204,83,86,-3,3
78205,92,94,-2,2
78206,96,98,-2,2
78207,105,96,9,9
78208,58,71,-13,13
78209,81,81,0,0
78210,110,99,11,11
78211,44,61,-17,17
78212,81,80,1,1
78213,63,75,-12,12
78214,78,81,-3,3
78215,68,79,-11,11
78216,120,122,-2,2
78217,181,164,17,17
78218,141,132,9,9
78219,178,161,17,17
78220,64,67,-3,3
78221,72,79,-7,7
78222,45,50,-5,5
78223,143,129,14,14
78224,145,128,17,17
78225,111,105,6,6
78226,86,85,1,1
78227,125,128,-3,3
78228,79,85,-6,6
78229,67,77,-10,10
78230,173,156,17,17
78231,81,85,-4,4
78232,88,96,-8,8
78233,63,72,-9,9
78234,66,88,-22,22
78235,96,92,4,4
78236,100,82,18,18
78237,57,62,-5,5
78238,125,111,14,14
78239,156,145,11,11
78240,125,115,10,10
78241,133,125,8,8
78242,66,72,-6,6
78243,159,159,0,0
78244,44,62,-18,18
78245,67,68,-1,1
78246,105,100,5,5
78247,77,79,-2,2
78248,64,76,-12,12
78249,62,86,-24,24
78250,69,72,-3,3
78251,163,149,14,14
78252,62,71,-9,9
78253,50,60,-10,10
78254,100,98,2,2
78255,108,98,10,10
78256,70,76,-6,6
78257,97,94,3,3
78258,83,80,3,3
78259,137,138,-1,1
78260,70,72,-2,2
78261,122,98,24,24
78262,79,86,-7,7
78263,52,76,-24,24
78264,86,91,-5,5
78265,93,87,6,6
78266,93,107,-14,14
78267,62,69,-7,7
78268,109,95,14,14
78269,107,105,2,2
78270,83,85,-2,2
78271,57,66,-9,9
78272,61,73,-12,12
78273,43,58,-15,15
78274,156,133,23,23
78275,102,96,6,6
78276,56,72,-16,16
78277,199,187,12,12
78278,103,104,-1,1
78279,77,81,-4,4
78280,147,155,-8,8
78281,99,110,-11,11
78282,74,105,-31,31
78283,71,70,1,1
78284,142,136,6,6
78285,72,70,2,2
78286,28,29,-1,1
78287,99,107,-8,8
78288,145,151,-6,6
78289,51,60,-9,9
78290,132,133,-1,1
78291,102,99,3,3
78292,69,76,-7,7
78293,142,134,8,8
78294,52,59,-7,7
78295,87,93,-6,6
78296,122,121,1,1
78297,93,100,-7,7
78298,85,90,-5,5
78299,101,95,6,6
78300,88,90,-2,2
78301,64,67,-3,3
78302,131,124,7,7
78303,91,89,2,2
78304,174,153,21,21
78305,50,61,-11,11
78306,78,86,-8,8
78307,76,83,-7,7
78308,118,111,7,7
78309,56,66,-10,10
78310,53,60,-7,7
78311,98,100,-2,2
78312,119,120,-1,1
78313,133,124,9,9
78314,66,71,-5,5
78315,117,118,-1,1
78316,94,90,4,4
78317,79,85,-6,6
78318,114,112,2,2
78319,96,88,8,8
78320,81,83,-2,2
78321,83,86,-3,3
78322,74,82,-8,8
78323,89,86,3,3
78324,73,82,-9,9
78325,160,151,9,9
78326,120,111,9,9
78327,52,59,-7,7
78328,127,125,2,2
78329,93,90,3,3
78330,108,116,-8,8
78331,95,95,0,0
78332,75,78,-3,3
78333,124,108,16,16
78334,90,90,0,0
78335,101,104,-3,3
78336,44,57,-13,13
78337,113,106,7,7
78338,64,77,-13,13
78339,135,126,9,9
78340,147,133,14,14
78341,112,115,-3,3
78342,63,69,-6,6
78343,91,101,-10,10
78344,93,79,14,14
78345,116,108,8,8
78346,124,127,-3,3
78347,127,123,4,4
78348,114,118,-4,4
78349,137,113,24,24
78350,56,68,-12,12
78351,54,64,-10,10
78352,78,84,-6,6
78353,71,77,-6,6
78354,72,78,-6,6
78355,67,79,-12,12
78356,48,58,-10,10
78357,115,131,-16,16
78358,53,63,-10,10
78359,95,95,0,0
78360,56,76,-20,20
78361,45,48,-3,3
78362,209,189,20,20
78363,85,96,-11,11
78364,80,81,-1,1
78365,139,141,-2,2
78366,64,71,-7,7
78367,83,90,-7,7
78368,121,112,9,9
78369,102,110,-8,8
78370,94,91,3,3
78371,119,109,10,10
78372,59,70,-11,11
78373,61,89,-28,28
78374,74,76,-2,2
78375,76,81,-5,5
78376,91,92,-1,1
78377,132,113,19,19
78378,54,67,-13,13
78379,74,77,-3,3
78380,96,87,9,9
78381,60,72,-12,12
78382,91,96,-5,5
78383,102,101,1,1
78384,131,126,5,5
78385,95,91,4,4
78386,35,48,-13,13
78387,70,82,-12,12
78388,115,102,13,13
78389,63,70,-7,7
78390,70,83,-13,13
78391,73,75,-2,2
78392,79,84,-5,5
78393,114,113,1,1
78394,75,89,-14,14
78395,103,101,2,2
78396,111,104,7,7
78397,110,111,-1,1
78398,55,61,-6,6
78399,89,95,-6,6
78400,53,71,-18,18
78401,114,101,13,13
78402,104,107,-3,3
78403,45,57,-12,12
78404,122,115,7,7
78405,72,78,-6,6
78406,140,128,12,12
78407,132,116,16,16
78408,127,152,-25,25
78409,133,124,9,9
78410,66,71,-5,5
78411,99,97,2,2
78412,112,107,5,5
78413,104,88,16,16
78414,143,134,9,9
78415,107,99,8,8
78416,122,118,4,4
78417,166,157,9,9
78418,169,160,9,9
78419,165,164,1,1
78420,147,125,22,22
78421,63,69,-6,6
78422,71,80,-9,9
78423,59,61,-2,2
78424,127,127,0,0
78425,168,150,18,18
78426,43,58,-15,15
78427,103,96,7,7
78428,109,98,11,11
78429,99,102,-3,3
78430,71,77,-6,6
78431,94,95,-1,1
78432,104,100,4,4
78433,96,98,-2,2
78434,85,81,4,4
78435,122,103,19,19
78436,85,87,-2,2
78437,49,62,-13,13
78438,44,72,-28,28
78439,65,69,-4,4
78440,78,83,-5,5
78441,117,110,7,7
78442,103,96,7,7
78443,106,92,14,14
78444,97,101,-4,4
78445,167,175,-8,8
78446,50,61,-11,11
78447,134,120,14,14
78448,100,105,-5,5
78449,81,84,-3,3
78450,108,109,-1,1
78451,55,66,-11,11
78452,82,87,-5,5
78453,94,107,-13,13
78454,94,87,7,7
78455,61,68,-7,7
78456,141,135,6,6
78457,79,81,-2,2
78458,71,84,-13,13
78459,48,62,-14,14
78460,140,137,3,3
78461,70,77,-7,7
78462,63,67,-4,4
78463,137,122,15,15
78464,40,51,-11,11
78465,103,98,5,5
78466,67,77,-10,10
78467,82,80,2,2
78468,119,120,-1,1
78469,131,123,8,8
78470,77,91,-14,14
78471,98,94,4,4
78472,148,150,-2,2
78473,91,91,0,0
78474,95,98,-3,3
78475,60,66,-6,6
78476,72,76,-4,4
78477,123,113,10,10
78478,68,73,-5,5
78479,124,129,-5,5
78480,128,124,4,4
78481,114,116,-2,2
78482,90,88,2,2
78483,108,105,3,3
78484,114,105,9,9
78485,33,59,-26,26
78486,95,96,-1,1
78487,113,106,7,7
78488,57,64,-7,7
78489,71,71,0,0
78490,110,108,2,2
78491,67,76,-9,9
78492,59,68,-9,9
78493,105,104,1,1
78494,132,117,15,15
78495,93,100,-7,7
78496,90,96,-6,6
78497,134,119,15,15
78498,32,50,-18,18
78499,108,141,-33,33
78500,81,77,4,4
78501,94,93,1,1
78502,116,118,-2,2
78503,131,125,6,6
78504,63,75,-12,12
78505,96,95,1,1
78506,71,68,3,3
78507,71,71,0,0
78508,79,88,-9,9
78509,115,111,4,4
78510,48,72,-24,24
78511,85,83,2,2
78512,113,104,9,9
78513,89,92,-3,3
78514,131,126,5,5
78515,91,95,-4,4
78516,72,74,-2,2
78517,169,150,19,19
78518,133,131,2,2
78519,176,158,18,18
78520,118,119,-1,1
78521,71,83,-12,12
78522,65,76,-11,11
78523,144,121,23,23
78524,72,86,-14,14
78525,70,80,-10,10
78526,70,76,-6,6
78527,117,103,14,14
78528,97,96,1,1
78529,57,66,-9,9
78530,61,84,-23,23
78531,80,82,-2,2
78532,92,91,1,1
78533,85,93,-8,8
78534,125,108,17,17
78535,90,98,-8,8
78536,80,77,3,3
78537,71,81,-10,10
78538,149,132,17,17
78539,69,68,1,1
78540,104,97,7,7
78541,95,92,3,3
78542,129,107,22,22
78543,144,116,28,28
78544,61,69,-8,8
78545,130,117,13,13
78546,144,129,15,15
78547,39,54,-15,15
78548,114,105,9,9
78549,48,58,-10,10
78550,94,87,7,7
78551,92,86,6,6
78552,101,90,11,11
78553,79,86,-7,7
78554,113,101,12,12
78555,69,80,-11,11
78556,41,55,-14,14
78557,69,81,-12,12
78558,108,104,4,4
78559,66,72,-6,6
78560,93,84,9,9
78561,86,83,3,3
78562,79,78,1,1
78563,80,86,-6,6
78564,87,82,5,5
78565,179,160,19,19
78566,67,70,-3,3
78567,71,81,-10,10
78568,86,82,4,4
78569,92,97,-5,5
78570,109,107,2,2
78571,45,64,-19,19
78572,84,84,0,0
78573,158,150,8,8
78574,92,86,6,6
78575,75,77,-2,2
78576,84,85,-1,1
78577,65,80,-15,15
78578,104,94,10,10
78579,44,57,-13,13
78580,198,160,38,38
78581,124,114,10,10
78582,134,117,17,17
78583,122,107,15,15
78584,77,79,-2,2
78585,103,96,7,7
78586,98,91,7,7
78587,59,64,-5,5
78588,87,74,13,13
78589,74,73,1,1
78590,67,78,-11,11
78591,85,84,1,1
78592,79,78,1,1
78593,96,98,-2,2
78594,121,118,3,3
78595,98,106,-8,8
78596,145,126,19,19
78597,110,103,7,7
78598,144,144,0,0
78599,85,84,1,1
78600,114,119,-5,5
78601,95,92,3,3
78602,51,69,-18,18
78603,97,92,5,5
78604,81,75,6,6
78605,81,83,-2,2
78606,85,85,0,0
78607,154,148,6,6
78608,125,120,5,5
78609,97,100,-3,3
78610,161,143,18,18
78611,144,123,21,21
78612,127,113,14,14
78613,88,87,1,1
78614,180,165,15,15
78615,90,95,-5,5
78616,66,79,-13,13
78617,95,92,3,3
78618,94,100,-6,6
78619,75,80,-5,5
78620,65,78,-13,13
78621,111,117,-6,6
78622,67,68,-1,1
78623,86,96,-10,10
78624,141,125,16,16
78625,102,99,3,3
78626,142,142,0,0
78627,188,181,7,7
78628,62,60,2,2
78629,104,107,-3,3
78630,63,67,-4,4
78631,100,91,9,9
78632,148,136,12,12
78633,103,102,1,1
78634,122,124,-2,2
78635,69,74,-5,5
78636,89,86,3,3
78637,113,94,19,19
78638,135,127,8,8
78639,158,140,18,18
78640,74,73,1,1
78641,54,63,-9,9
78642,106,100,6,6
78643,56,87,-31,31
78644,113,105,8,8
78645,95,84,11,11
78646,134,130,4,4
78647,73,79,-6,6
78648,51,61,-10,10
78649,50,54,-4,4
78650,33,47,-14,14
78651,130,116,14,14
78652,111,116,-5,5
78653,58,66,-8,8
78654,103,98,5,5
78655,136,138,-2,2
78656,99,97,2,2
78657,99,92,7,7
78658,116,104,12,12
78659,149,138,11,11
78660,69,77,-8,8
78661,81,92,-11,11
78662,57,66,-9,9
78663,85,84,1,1
78664,78,97,-19,19
78665,94,95,-1,1
78666,112,102,10,10
78667,141,117,24,24
78668,133,116,17,17
78669,85,97,-12,12
78670,100,101,-1,1
78671,62,65,-3,3
78672,121,114,7,7
78673,54,65,-11,11
78674,154,145,9,9
78675,142,122,20,20
78676,104,116,-12,12
78677,103,98,5,5
78678,70,71,-1,1
78679,118,111,7,7
78680,115,109,6,6
78681,145,139,6,6
78682,106,106,0,0
78683,114,112,2,2
78684,87,84,3,3
78685,155,132,23,23
78686,142,126,16,16
78687,132,121,11,11
78688,94,92,2,2
78689,142,137,5,5
78690,150,141,9,9
78691,53,69,-16,16
78692,94,88,6,6
78693,85,96,-11,11
78694,62,72,-10,10
78695,53,59,-6,6
78696,81,88,-7,7
78697,175,166,9,9
78698,55,61,-6,6
78699,72,85,-13,13
78700,93,91,2,2
78701,73,84,-11,11
78702,47,64,-17,17
78703,67,75,-8,8
78704,117,107,10,10
78705,104,100,4,4
78706,76,79,-3,3
78707,99,88,11,11
78708,131,118,13,13
78709,84,92,-8,8
78710,105,111,-6,6
78711,157,133,24,24
78712,111,118,-7,7
78713,91,92,-1,1
78714,74,85,-11,11
78715,79,81,-2,2
78716,103,95,8,8
78717,119,108,11,11
78718,163,141,22,22
78719,69,74,-5,5
78720,112,105,7,7
78721,55,69,-14,14
78722,97,102,-5,5
78723,99,87,12,12
78724,58,73,-15,15
78725,125,109,16,16
78726,88,83,5,5
78727,81,84,-3,3
78728,158,155,3,3
78729,55,73,-18,18
78730,114,116,-2,2
78731,95,96,-1,1
78732,87,102,-15,15
78733,139,117,22,22
78734,79,79,0,0
78735,75,73,2,2
78736,56,67,-11,11
78737,113,131,-18,18
78738,148,132,16,16
78739,160,138,22,22
78740,97,97,0,0
78741,88,90,-2,2
78742,89,86,3,3
78743,101,96,5,5
78744,53,64,-11,11
78745,97,105,-8,8
78746,67,73,-6,6
78747,117,104,13,13
78748,72,71,1,1
78749,40,58,-18,18
78750,48,57,-9,9
78751,88,84,4,4
78752,95,79,16,16
78753,132,120,12,12
78754,63,68,-5,5
78755,95,95,0,0
78756,84,85,-1,1
78757,33,49,-16,16
78758,70,76,-6,6
78759,154,147,7,7
78760,163,150,13,13
78761,175,154,21,21
78762,92,86,6,6
78763,150,143,7,7
78764,67,74,-7,7
78765,127,124,3,3
78766,131,116,15,15
78767,194,169,25,25
78768,113,105,8,8
78769,106,100,6,6
78770,88,85,3,3
78771,75,78,-3,3
78772,56,77,-21,21
78773,86,100,-14,14
78774,66,71,-5,5
78775,171,159,12,12
78776,127,119,8,8
78777,110,108,2,2
78778,93,95,-2,2
78779,89,89,0,0
78780,72,86,-14,14
78781,98,90,8,8
78782,77,81,-4,4
78783,93,90,3,3
78784,112,98,14,14
78785,68,73,-5,5
78786,104,112,-8,8
78787,78,78,0,0
78788,69,80,-11,11
78789,48,57,-9,9
78790,65,78,-13,13
78791,109,109,0,0
78792,90,101,-11,11
78793,141,132,9,9
78794,100,102,-2,2
78795,133,134,-1,1
78796,110,100,10,10
78797,54,61,-7,7
78798,71,74,-3,3
78799,144,136,8,8
78800,57,73,-16,16
78801,88,91,-3,3
78802,107,97,10,10
78803,128,120,8,8
78804,93,96,-3,3
78805,136,136,0,0
78806,107,94,13,13
78807,151,136,15,15
78808,114,106,8,8
78809,67,72,-5,5
78810,94,92,2,2
78811,90,82,8,8
78812,105,95,10,10
78813,132,118,14,14
78814,90,86,4,4
78815,120,124,-4,4
78816,91,106,-15,15
78817,155,148,7,7
78818,62,67,-5,5
78819,109,101,8,8
78820,100,103,-3,3
78821,160,137,23,23
78822,96,97,-1,1
78823,104,111,-7,7
78824,93,91,2,2
78825,72,76,-4,4
78826,59,78,-19,19
78827,74,73,1,1
78828,83,78,5,5
78829,92,86,6,6
78830,100,105,-5,5
78831,87,84,3,3
78832,122,119,3,3
78833,78,77,1,1
78834,79,76,3,3
78835,138,121,17,17
78836,158,147,11,11
78837,75,79,-4,4
78838,100,97,3,3
78839,134,119,15,15
78840,138,148,-10,10
78841,82,90,-8,8
78842,52,61,-9,9
78843,74,79,-5,5
78844,60,66,-6,6
78845,49,51,-2,2
78846,45,58,-13,13
78847,83,81,2,2
78848,55,70,-15,15
78849,74,74,0,0
78850,96,89,7,7
78851,71,80,-9,9
78852,73,76,-3,3
78853,104,115,-11,11
78854,57,63,-6,6
78855,79,82,-3,3
78856,109,109,0,0
78857,65,70,-5,5
78858,129,135,-6,6
78859,75,78,-3,3
78860,209,183,26,26
78861,102,98,4,4
78862,102,105,-3,3
78863,142,125,17,17
78864,140,115,25,25
78865,44,55,-11,11
78866,102,103,-1,1
78867,89,83,6,6
78868,86,83,3,3
78869,85,85,0,0
78870,88,85,3,3
78871,77,85,-8,8
78872,123,126,-3,3
78873,62,79,-17,17
78874,163,157,6,6
78875,114,111,3,3
78876,55,68,-13,13
78877,112,109,3,3
78878,125,118,7,7
78879,123,119,4,4
78880,96,92,4,4
78881,111,102,9,9
78882,136,121,15,15
78883,75,79,-4,4
78884,134,131,3,3
78885,77,85,-8,8
78886,98,100,-2,2
78887,94,91,3,3
78888,77,82,-5,5
78889,83,82,1,1
78890,97,88,9,9
78891,82,85,-3,3
78892,126,117,9,9
78893,159,153,6,6
78894,100,108,-8,8
78895,100,109,-9,9
78896,121,116,5,5
78897,117,101,16,16
78898,81,86,-5,5
78899,90,90,0,0
78900,68,71,-3,3
78901,110,107,3,3
78902,118,127,-9,9
78903,97,96,1,1
78904,81,78,3,3
78905,105,104,1,1
78906,95,88,7,7
78907,66,88,-22,22
78908,109,106,3,3
78909,141,136,5,5
78910,52,60,-8,8
78911,80,77,3,3
78912,93,86,7,7
78913,76,78,-2,2
78914,111,111,0,0
78915,107,99,8,8
78916,132,120,12,12
78917,100,101,-1,1
78918,138,124,14,14
78919,122,113,9,9
78920,105,101,4,4
78921,85,86,-1,1
78922,96,89,7,7
78923,60,65,-5,5
78924,106,99,7,7
78925,47,71,-24,24
78926,97,90,7,7
78927,36,49,-13,13
78928,111,98,13,13
78929,121,127,-6,6
78930,85,79,6,6
78931,95,88,7,7
78932,78,82,-4,4
78933,113,118,-5,5
78934,72,73,-1,1
78935,110,116,-6,6
78936,38,58,-20,20
78937,133,125,8,8
78938,52,81,-29,29
78939,49,60,-11,11
78940,57,65,-8,8
78941,209,166,43,43
78942,93,98,-5,5
78943,62,70,-8,8
78944,51,66,-15,15
78945,82,101,-19,19
78946,77,78,-1,1
78947,165,146,19,19
78948,58,66,-8,8
78949,108,101,7,7
78950,43,61,-18,18
78951,83,85,-2,2
78952,92,89,3,3
78953,127,117,10,10
78954,47,58,-11,11
78955,78,78,0,0
78956,62,62,0,0
78957,136,120,16,16
78958,121,120,1,1
78959,79,85,-6,6
78960,83,92,-9,9
78961,100,101,-1,1
78962,86,103,-17,17
78963,89,91,-2,2
78964,74,71,3,3
78965,133,126,7,7
78966,107,103,4,4
78967,89,85,4,4
78968,72,76,-4,4
78969,78,87,-9,9
78970,52,63,-11,11
78971,94,98,-4,4
78972,107,105,2,2
78973,61,66,-5,5
78974,224,195,29,29
78975,75,72,3,3
78976,53,66,-13,13
78977,95,97,-2,2
78978,63,68,-5,5
78979,133,129,4,4
78980,45,57,-12,12
78981,65,68,-3,3
78982,93,91,2,2
78983,68,81,-13,13
78984,86,90,-4,4
78985,116,108,8,8
78986,112,113,-1,1
78987,79,77,2,2
78988,83,81,2,2
78989,136,144,-8,8
78990,58,68,-10,10
78991,98,93,5,5
78992,216,215,1,1
78993,135,123,12,12
78994,87,85,2,2
78995,99,94,5,5
78996,85,83,2,2
78997,57,63,-6,6
78998,69,71,-2,2
78999,72,76,-4,4
79000,42,58,-16,16
79001,50,61,-11,11
79002,120,113,7,7
79003,43,55,-12,12
79004,58,65,-7,7
79005,64,76,-12,12
79006,47,59,-12,12
79007,118,106,12,12
79008,91,110,-19,19
79009,115,113,2,2
79010,132,131,1,1
79011,124,115,9,9
79012,127,136,-9,9
79013,90,86,4,4
79014,142,138,4,4
79015,72,77,-5,5
79016,91,97,-6,6
79017,93,96,-3,3
79018,159,154,5,5
79019,76,84,-8,8
79020,89,97,-8,8
79021,127,105,22,22
79022,76,79,-3,3
79023,101,95,6,6
79024,95,95,0,0
79025,82,84,-2,2
79026,109,106,3,3
79027,108,99,9,9
79028,84,87,-3,3
79029,184,171,13,13
79030,77,78,-1,1
79031,92,83,9,9
79032,57,69,-12,12
79033,104,99,5,5
79034,118,117,1,1
79035,111,100,11,11
79036,78,72,6,6
79037,122,106,16,16
79038,72,75,-3,3
79039,106,93,13,13
79040,61,65,-4,4
79041,106,105,1,1
79042,122,119,3,3
79043,119,113,6,6
79044,141,120,21,21
79045,114,108,6,6
79046,124,110,14,14
79047,86,82,4,4
79048,43,64,-21,21
79049,177,171,6,6
79050,169,187,-18,18
79051,100,101,-1,1
79052,70,77,-7,7
79053,80,84,-4,4
79054,82,90,-8,8
79055,97,92,5,5
79056,112,102,10,10
79057,122,110,12,12
79058,62,69,-7,7
79059,146,122,24,24
79060,77,87,-10,10
79061,95,97,-2,2
79062,167,143,24,24
79063,62,90,-28,28
79064,112,133,-21,21
79065,56,66,-10,10
79066,126,107,19,19
79067,127,113,14,14
79068,221,202,19,19
79069,180,169,11,11
79070,73,69,4,4
79071,53,65,-12,12
79072,82,90,-8,8
79073,58,66,-8,8
79074,78,79,-1,1
79075,130,121,9,9
79076,39,50,-11,11
79077,93,110,-17,17
79078,87,82,5,5
79079,82,78,4,4
79080,130,129,1,1
79081,74,78,-4,4
79082,93,88,5,5
79083,69,80,-11,11
79084,57,67,-10,10
79085,79,80,-1,1
79086,120,112,8,8
79087,91,82,9,9
79088,99,103,-4,4
79089,100,95,5,5
79090,93,88,5,5
79091,78,84,-6,6
79092,82,86,-4,4
79093,242,209,33,33
79094,154,143,11,11
79095,63,69,-6,6
79096,52,63,-11,11
79097,106,99,7,7
79098,87,104,-17,17
79099,106,104,2,2
79100,36,47,-11,11
79101,108,123,-15,15
79102,153,183,-30,30
79103,44,69,-25,25
79104,119,113,6,6
79105,51,58,-7,7
79106,156,137,19,19
79107,114,126,-12,12
79108,123,116,7,7
79109,149,136,13,13
79110,90,85,5,5
79111,67,73,-6,6
79112,179,169,10,10
79113,123,120,3,3
79114,88,89,-1,1
79115,211,201,10,10
79116,149,135,14,14
79117,58,65,-7,7
79118,85,85,0,0
79119,94,92,2,2
79120,125,127,-2,2
79121,50,61,-11,11
79122,78,77,1,1
79123,91,85,6,6
79124,166,157,9,9
79125,89,84,5,5
79126,55,71,-16,16
79127,140,129,11,11
79128,122,120,2,2
79129,92,80,12,12
79130,59,69,-10,10
79131,112,115,-3,3
79132,97,98,-1,1
79133,109,111,-2,2
79134,121,140,-19,19
79135,75,80,-5,5
79136,80,78,2,2
79137,104,101,3,3
79138,130,126,4,4
79139,148,146,2,2
79140,54,60,-6,6
79141,121,106,15,15
79142,65,83,-18,18
79143,51,65,-14,14
79144,142,120,22,22
79145,40,51,-11,11
79146,58,70,-12,12
79147,92,91,1,1
79148,71,79,-8,8
79149,96,91,5,5
79150,118,107,11,11
79151,54,68,-14,14
79152,91,96,-5,5
79153,70,74,-4,4
79154,85,85,0,0
79155,47,60,-13,13
79156,137,132,5,5
79157,88,102,-14,14
79158,73,76,-3,3
79159,99,93,6,6
79160,68,78,-10,10
79161,174,171,3,3
79162,119,120,-1,1
79163,84,85,-1,1
79164,103,117,-14,14
79165,174,165,9,9
79166,98,95,3,3
79167,86,77,9,9
79168,101,100,1,1
79169,88,80,8,8
79170,78,75,3,3
79171,94,93,1,1
79172,131,124,7,7
79173,104,97,7,7
79174,89,95,-6,6
79175,104,117,-13,13
79176,43,61,-18,18
79177,85,86,-1,1
79178,66,75,-9,9
79179,108,115,-7,7
79180,89,99,-10,10
79181,54,67,-13,13
79182,75,80,-5,5
79183,85,94,-9,9
79184,94,91,3,3
79185,58,69,-11,11
79186,191,177,14,14
79187,63,69,-6,6
79188,73,74,-1,1
79189,92,94,-2,2
79190,125,111,14,14
79191,90,90,0,0
79192,128,127,1,1
79193,38,57,-19,19
79194,84,80,4,4
79195,85,84,1,1
79196,147,135,12,12
79197,54,60,-6,6
79198,78,82,-4,4
79199,117,104,13,13
79200,78,85,-7,7
79201,83,78,5,5
79202,125,146,-21,21
79203,108,102,6,6
79204,94,95,-1,1
79205,45,57,-12,12
79206,120,114,6,6
79207,86,85,1,1
79208,85,87,-2,2
79209,50,58,-8,8
79210,89,85,4,4
79211,90,86,4,4
79212,75,76,-1,1
79213,110,111,-1,1
79214,82,82,0,0
79215,140,134,6,6
79216,102,101,1,1
79217,78,84,-6,6
79218,90,94,-4,4
79219,49,61,-12,12
79220,60,67,-7,7
79221,128,140,-12,12
79222,91,97,-6,6
79223,94,90,4,4
79224,101,95,6,6
79225,90,87,3,3
79226,115,107,8,8
79227,111,96,15,15
79228,110,115,-5,5
79229,64,74,-10,10
79230,112,98,14,14
79231,88,97,-9,9
79232,108,100,8,8
79233,100,99,1,1
79234,66,70,-4,4
79235,142,121,21,21
79236,64,72,-8,8
79237,140,131,9,9
79238,124,116,8,8
79239,66,70,-4,4
79240,99,91,8,8
79241,78,74,4,4
79242,103,104,-1,1
79243,121,117,4,4
79244,96,90,6,6
79245,30,50,-20,20
79246,69,70,-1,1
79247,97,89,8,8
79248,81,79,2,2
79249,72,76,-4,4
79250,93,85,8,8
79251,84,95,-11,11
79252,84,91,-7,7
79253,98,100,-2,2
79254,57,74,-17,17
79255,81,85,-4,4
79256,88,95,-7,7
79257,98,94,4,4
79258,171,155,16,16
79259,76,79,-3,3
79260,126,128,-2,2
79261,90,90,0,0
79262,91,83,8,8
79263,94,86,8,8
79264,91,84,7,7
79265,122,117,5,5
79266,81,90,-9,9
79267,86,101,-15,15
79268,79,80,-1,1
79269,76,86,-10,10
79270,97,102,-5,5
79271,125,144,-19,19
79272,125,124,1,1
79273,62,67,-5,5
79274,63,74,-11,11
79275,81,84,-3,3
79276,115,98,17,17
79277,162,160,2,2
79278,103,96,7,7
79279,64,73,-9,9
79280,153,134,19,19
79281,69,82,-13,13
79282,132,116,16,16
79283,76,74,2,2
79284,63,80,-17,17
79285,65,71,-6,6
79286,89,83,6,6
79287,165,138,27,27
79288,84,83,1,1
79289,89,84,5,5
79290,130,123,7,7
79291,73,71,2,2
79292,110,117,-7,7
79293,157,137,20,20
79294,82,89,-7,7
79295,100,98,2,2
79296,128,117,11,11
79297,122,116,6,6
79298,102,99,3,3
79299,102,94,8,8
79300,86,78,8,8
79301,124,123,1,1
79302,157,143,14,14
79303,104,100,4,4
79304,94,96,-2,2
79305,59,65,-6,6
79306,103,97,6,6
79307,78,76,2,2
79308,73,77,-4,4
79309,76,80,-4,4
79310,112,123,-11,11
79311,103,111,-8,8
79312,159,130,29,29
79313,42,59,-17,17
79314,83,80,3,3
79315,108,106,2,2
79316,129,118,11,11
79317,129,126,3,3
79318,145,132,13,13
79319,70,76,-6,6
79320,71,74,-3,3
79321,60,67,-7,7
79322,100,95,5,5
79323,173,164,9,9
79324,156,140,16,16
79325,101,97,4,4
79326,99,99,0,0
79327,130,122,8,8
79328,68,121,-53,53
79329,138,122,16,16
79330,138,136,2,2
79331,126,120,6,6
79332,74,74,0,0
79333,75,76,-1,1
79334,79,80,-1,1
79335,67,76,-9,9
79336,80,117,-37,37
79337,86,78,8,8
79338,57,65,-8,8
79339,111,117,-6,6
79340,95,97,-2,2
79341,85,82,3,3
79342,88,84,4,4
79343,72,72,0,0
79344,22,45,-23,23
79345,97,85,12,12
79346,130,115,15,15
79347,55,65,-10,10
79348,95,89,6,6
79349,86,86,0,0
79350,53,65,-12,12
79351,66,71,-5,5
79352,122,128,-6,6
79353,130,126,4,4
79354,135,124,11,11
79355,47,59,-12,12
79356,65,99,-34,34
79357,46,51,-5,5
79358,155,134,21,21
79359,60,70,-10,10
79360,75,82,-7,7
79361,97,87,10,10
79362,142,117,25,25
79363,57,70,-13,13
79364,80,80,0,0
79365,44,54,-10,10
79366,107,106,1,1
79367,39,63,-24,24
79368,163,159,4,4
79369,152,163,-11,11
79370,119,113,6,6
79371,98,86,12,12
79372,67,83,-16,16
79373,61,64,-3,3
79374,99,99,0,0
79375,62,71,-9,9
79376,68,73,-5,5
79377,72,82,-10,10
79378,83,87,-4,4
79379,103,95,8,8
79380,116,125,-9,9
79381,122,119,3,3
79382,88,95,-7,7
79383,129,117,12,12
79384,86,84,2,2
79385,82,86,-4,4
79386,83,86,-3,3
79387,71,84,-13,13
79388,77,80,-3,3
79389,100,104,-4,4
79390,206,191,15,15
79391,152,168,-16,16
79392,58,66,-8,8
79393,141,133,8,8
79394,96,87,9,9
79395,149,126,23,23
79396,80,78,2,2
79397,48,56,-8,8
79398,75,81,-6,6
79399,95,89,6,6
79400,126,128,-2,2
79401,74,78,-4,4
79402,95,91,4,4
79403,59,74,-15,15
79404,164,162,2,2
79405,95,93,2,2
79406,46,58,-12,12
79407,88,85,3,3
79408,135,139,-4,4
79409,140,124,16,16
79410,103,101,2,2
79411,69,73,-4,4
79412,144,122,22,22
79413,147,132,15,15
79414,105,110,-5,5
79415,154,122,32,32
79416,77,79,-2,2
79417,74,79,-5,5
79418,132,120,12,12
79419,56,65,-9,9
79420,48,60,-12,12
79421,77,79,-2,2
79422,20,47,-27,27
79423,94,97,-3,3
79424,66,75,-9,9
79425,72,76,-4,4
79426,130,118,12,12
79427,282,244,38,38
79428,139,111,28,28
79429,99,107,-8,8
79430,67,73,-6,6
79431,72,80,-8,8
79432,96,103,-7,7
79433,76,82,-6,6
79434,119,109,10,10
79435,93,86,7,7
79436,61,71,-10,10
79437,79,77,2,2
79438,107,99,8,8
79439,152,156,-4,4
79440,85,80,5,5
79441,62,58,4,4
79442,103,91,12,12
79443,59,64,-5,5
79444,109,111,-2,2
79445,84,92,-8,8
79446,85,87,-2,2
79447,77,89,-12,12
79448,182,170,12,12
79449,105,105,0,0
79450,165,158,7,7
79451,101,98,3,3
79452,91,87,4,4
79453,93,91,2,2
79454,105,107,-2,2
79455,98,102,-4,4
79456,140,137,3,3
79457,150,135,15,15
79458,168,152,16,16
79459,155,141,14,14
79460,75,73,2,2
79461,56,65,-9,9
79462,41,65,-24,24
79463,84,83,1,1
79464,46,60,-14,14
79465,168,158,10,10
79466,148,134,14,14
79467,92,96,-4,4
79468,93,91,2,2
79469,108,98,10,10
79470,52,63,-11,11
79471,100,94,6,6
79472,77,84,-7,7
79473,95,87,8,8
79474,67,74,-7,7
79475,84,77,7,7
79476,107,101,6,6
79477,80,80,0,0
79478,104,101,3,3
79479,86,86,0,0
79480,90,82,8,8
79481,70,83,-13,13
79482,125,131,-6,6
79483,68,72,-4,4
79484,125,120,5,5
79485,133,129,4,4
79486,77,76,1,1
79487,70,79,-9,9
79488,182,167,15,15
79489,114,97,17,17
79490,114,110,4,4
79491,183,173,10,10
79492,57,71,-14,14
79493,111,110,1,1
79494,49,62,-13,13
79495,58,66,-8,8
79496,97,104,-7,7
79497,141,142,-1,1
79498,133,130,3,3
79499,115,100,15,15
79500,142,128,14,14
79501,53,61,-8,8
79502,69,72,-3,3
79503,152,131,21,21
79504,52,58,-6,6
79505,145,136,9,9
79506,90,89,1,1
79507,125,111,14,14
79508,73,68,5,5
79509,72,74,-2,2
79510,69,82,-13,13
79511,146,130,16,16
79512,149,146,3,3
79513,79,82,-3,3
79514,105,110,-5,5
79515,65,70,-5,5
79516,139,122,17,17
79517,123,112,11,11
79518,105,86,19,19
79519,40,55,-15,15
79520,65,72,-7,7
79521,134,127,7,7
79522,123,114,9,9
79523,127,114,13,13
79524,39,75,-36,36
79525,104,111,-7,7
79526,48,59,-11,11
79527,78,87,-9,9
79528,102,100,2,2
79529,72,68,4,4
79530,130,128,2,2
79531,107,103,4,4
79532,90,88,2,2
79533,85,82,3,3
79534,103,103,0,0
79535,118,109,9,9
79536,67,80,-13,13
79537,101,85,16,16
79538,108,106,2,2
79539,134,144,-10,10
79540,83,81,2,2
79541,103,108,-5,5
79542,43,67,-24,24
79543,154,135,19,19
79544,137,133,4,4
79545,133,120,13,13
79546,165,137,28,28
79547,68,75,-7,7
79548,144,136,8,8
79549,112,110,2,2
79550,96,96,0,0
79551,84,78,6,6
79552,131,110,21,21
79553,95,93,2,2
79554,166,147,19,19
79555,56,68,-12,12
79556,112,106,6,6
79557,55,62,-7,7
79558,88,87,1,1
79559,81,79,2,2
79560,79,79,0,0
79561,105,102,3,3
79562,52,64,-12,12
79563,131,125,6,6
79564,101,101,0,0
79565,98,74,24,24
79566,60,64,-4,4
79567,66,75,-9,9
79568,85,79,6,6
79569,81,81,0,0
79570,117,118,-1,1
79571,61,67,-6,6
79572,74,79,-5,5
79573,64,74,-10,10
79574,61,67,-6,6
79575,106,101,5,5
79576,82,81,1,1
79577,68,86,-18,18
79578,100,101,-1,1
79579,111,92,19,19
79580,73,82,-9,9
79581,110,107,3,3
79582,110,109,1,1
79583,150,138,12,12
79584,119,119,0,0
79585,140,134,6,6
79586,107,98,9,9
79587,31,54,-23,23
79588,111,104,7,7
79589,93,95,-2,2
79590,73,80,-7,7
79591,75,84,-9,9
79592,106,118,-12,12
79593,46,61,-15,15
79594,169,158,11,11
79595,128,119,9,9
79596,189,174,15,15
79597,119,111,8,8
79598,61,61,0,0
79599,109,104,5,5
79600,129,116,13,13
79601,118,116,2,2
79602,91,93,-2,2
79603,95,96,-1,1
79604,106,92,14,14
79605,188,173,15,15
79606,78,82,-4,4
79607,59,75,-16,16
79608,66,67,-1,1
79609,62,71,-9,9
79610,137,127,10,10
79611,82,84,-2,2
79612,115,116,-1,1
79613,102,118,-16,16
79614,50,81,-31,31
79615,119,112,7,7
79616,159,155,4,4
79617,146,142,4,4
79618,62,65,-3,3
79619,72,73,-1,1
79620,82,83,-1,1
79621,64,68,-4,4
79622,74,79,-5,5
79623,104,96,8,8
79624,169,130,39,39
79625,86,89,-3,3
79626,178,180,-2,2
79627,83,81,2,2
79628,115,113,2,2
79629,124,120,4,4
79630,123,146,-23,23
79631,90,93,-3,3
79632,51,61,-10,10
79633,99,94,5,5
79634,99,121,-22,22
79635,108,96,12,12
79636,124,107,17,17
79637,144,143,1,1
79638,128,131,-3,3
79639,70,76,-6,6
79640,74,84,-10,10
79641,134,134,0,0
79642,119,123,-4,4
79643,41,57,-16,16
79644,101,106,-5,5
79645,149,136,13,13
79646,121,107,14,14
79647,56,62,-6,6
79648,108,104,4,4
79649,72,79,-7,7
79650,98,86,12,12
79651,67,73,-6,6
79652,69,75,-6,6
79653,89,87,2,2
79654,122,129,-7,7
79655,75,79,-4,4
79656,80,85,-5,5
79657,184,178,6,6
79658,80,82,-2,2
79659,136,129,7,7
79660,85,86,-1,1
79661,86,84,2,2
79662,99,103,-4,4
79663,161,159,2,2
79664,106,112,-6,6
79665,86,86,0,0
79666,160,148,12,12
79667,140,141,-1,1
79668,157,152,5,5
79669,121,118,3,3
79670,61,72,-11,11
79671,108,104,4,4
79672,110,104,6,6
79673,101,96,5,5
79674,85,85,0,0
79675,125,120,5,5
79676,67,73,-6,6
79677,64,72,-8,8
79678,47,68,-21,21
79679,111,117,-6,6
79680,45,59,-14,14
79681,79,73,6,6
79682,102,96,6,6
79683,99,85,14,14
79684,121,114,7,7
79685,75,85,-10,10
79686,172,161,11,11
79687,67,78,-11,11
79688,111,99,12,12
79689,119,125,-6,6
79690,134,120,14,14
79691,139,132,7,7
79692,67,75,-8,8
79693,100,115,-15,15
79694,64,73,-9,9
79695,105,102,3,3
79696,106,106,0,0
79697,41,55,-14,14
79698,122,112,10,10
79699,96,100,-4,4
79700,74,78,-4,4
79701,97,94,3,3
79702,106,99,7,7
79703,58,61,-3,3
79704,61,68,-7,7
79705,72,72,0,0
79706,97,102,-5,5
79707,104,103,1,1
79708,90,89,1,1
79709,190,172,18,18
79710,113,120,-7,7
79711,72,96,-24,24
79712,102,96,6,6
79713,143,113,30,30
79714,71,76,-5,5
79715,80,87,-7,7
79716,45,57,-12,12
79717,57,66,-9,9
79718,109,103,6,6
79719,80,83,-3,3
79720,54,67,-13,13
79721,75,81,-6,6
79722,80,90,-10,10
79723,73,79,-6,6
79724,216,192,24,24
79725,73,83,-10,10
79726,124,118,6,6
79727,160,126,34,34
79728,140,129,11,11
79729,136,124,12,12
79730,68,70,-2,2
79731,91,90,1,1
79732,69,66,3,3
79733,93,101,-8,8
79734,103,97,6,6
79735,93,94,-1,1
79736,53,69,-16,16
79737,116,109,7,7
79738,57,73,-16,16
79739,89,87,2,2
79740,58,66,-8,8
79741,136,129,7,7
79742,95,96,-1,1
79743,59,73,-14,14
79744,169,150,19,19
79745,105,103,2,2
79746,119,102,17,17
79747,89,89,0,0
79748,132,118,14,14
79749,81,78,3,3
79750,52,55,-3,3
79751,139,117,22,22
79752,60,65,-5,5
79753,128,118,10,10
79754,54,60,-6,6
79755,123,118,5,5
79756,99,96,3,3
79757,36,52,-16,16
79758,40,54,-14,14
79759,114,110,4,4
79760,89,82,7,7
79761,68,76,-8,8
79762,96,85,11,11
79763,120,111,9,9
79764,85,85,0,0
79765,67,70,-3,3
79766,90,90,0,0
79767,59,65,-6,6
79768,86,83,3,3
79769,187,167,20,20
79770,117,108,9,9
79771,50,67,-17,17
79772,90,87,3,3
79773,92,85,7,7
79774,57,67,-10,10
79775,55,65,-10,10
79776,51,65,-14,14
79777,84,85,-1,1
79778,110,109,1,1
79779,52,73,-21,21
79780,56,73,-17,17
79781,82,84,-2,2
79782,141,137,4,4
79783,104,96,8,8
79784,113,117,-4,4
79785,119,111,8,8
79786,124,119,5,5
79787,79,81,-2,2
79788,99,95,4,4
79789,133,117,16,16
79790,53,63,-10,10
79791,88,87,1,1
79792,58,64,-6,6
79793,90,90,0,0
79794,89,96,-7,7
79795,91,100,-9,9
79796,110,103,7,7
79797,77,81,-4,4
79798,71,76,-5,5
79799,77,83,-6,6
79800,115,114,1,1
79801,62,78,-16,16
79802,167,162,5,5
79803,105,106,-1,1
79804,100,94,6,6
79805,100,106,-6,6
79806,111,113,-2,2
79807,92,91,1,1
79808,162,153,9,9
79809,109,107,2,2
79810,164,153,11,11
79811,63,64,-1,1
79812,67,75,-8,8
79813,158,160,-2,2
79814,82,83,-1,1
79815,65,66,-1,1
79816,118,104,14,14
79817,87,96,-9,9
79818,159,154,5,5
79819,122,108,14,14
79820,102,101,1,1
79821,63,73,-10,10
79822,94,92,2,2
79823,100,99,1,1
79824,87,77,10,10
79825,98,94,4,4
79826,79,77,2,2
79827,104,97,7,7
79828,115,104,11,11
79829,118,132,-14,14
79830,82,83,-1,1
79831,130,116,14,14
79832,98,100,-2,2
79833,141,141,0,0
79834,197,177,20,20
79835,141,139,2,2
79836,91,95,-4,4
79837,80,79,1,1
79838,104,91,13,13
79839,171,159,12,12
79840,292,246,46,46
79841,113,116,-3,3
79842,111,103,8,8
79843,116,112,4,4
79844,66,69,-3,3
79845,146,137,9,9
79846,62,67,-5,5
79847,105,99,6,6
79848,66,72,-6,6
79849,59,64,-5,5
79850,74,81,-7,7
79851,91,85,6,6
79852,117,112,5,5
79853,101,101,0,0
79854,167,167,0,0
79855,69,72,-3,3
79856,120,116,4,4
79857,119,109,10,10
79858,130,115,15,15
79859,69,71,-2,2
79860,97,99,-2,2
79861,76,81,-5,5
79862,183,171,12,12
79863,65,77,-12,12
79864,155,138,17,17
79865,80,77,3,3
79866,107,106,1,1
79867,46,71,-25,25
79868,95,89,6,6
79869,72,77,-5,5
79870,74,84,-10,10
79871,73,77,-4,4
79872,66,68,-2,2
79873,76,80,-4,4
79874,75,82,-7,7
79875,36,66,-30,30
79876,82,84,-2,2
79877,150,134,16,16
79878,88,93,-5,5
79879,40,53,-13,13
79880,82,84,-2,2
79881,166,153,13,13
79882,113,110,3,3
79883,120,122,-2,2
79884,136,126,10,10
79885,53,66,-13,13
79886,233,206,27,27
79887,78,79,-1,1
79888,112,104,8,8
79889,103,110,-7,7
79890,100,93,7,7
79891,86,93,-7,7
79892,69,77,-8,8
79893,109,104,5,5
79894,105,98,7,7
79895,51,86,-35,35
79896,99,107,-8,8
79897,138,138,0,0
79898,42,90,-48,48
79899,87,84,3,3
79900,141,133,8,8
79901,75,87,-12,12
79902,96,91,5,5
79903,56,66,-10,10
79904,122,113,9,9
79905,65,71,-6,6
79906,113,99,14,14
79907,67,70,-3,3
79908,83,83,0,0
79909,91,80,11,11
79910,136,133,3,3
79911,85,80,5,5
79912,66,74,-8,8
79913,79,69,10,10
79914,73,74,-1,1
79915,106,101,5,5
79916,76,79,-3,3
79917,149,135,14,14
79918,38,56,-18,18
79919,108,99,9,9
79920,91,96,-5,5
79921,105,102,3,3
79922,85,88,-3,3
79923,62,75,-13,13
79924,117,130,-13,13
79925,62,73,-11,11
79926,115,103,12,12
79927,85,77,8,8
79928,150,147,3,3
79929,132,131,1,1
79930,74,80,-6,6
79931,44,72,-28,28
79932,152,152,0,0
79933,142,140,2,2
79934,106,106,0,0
79935,97,99,-2,2
79936,97,89,8,8
79937,53,67,-14,14
79938,116,112,4,4
79939,141,135,6,6
79940,109,107,2,2
79941,90,88,2,2
79942,111,109,2,2
79943,186,181,5,5
79944,133,124,9,9
79945,83,80,3,3
79946,69,82,-13,13
79947,73,79,-6,6
79948,154,135,19,19
79949,93,102,-9,9
79950,87,87,0,0
79951,126,123,3,3
79952,91,92,-1,1
79953,79,82,-3,3
79954,82,87,-5,5
79955,112,93,19,19
79956,72,70,2,2
79957,179,172,7,7
79958,67,76,-9,9
79959,61,82,-21,21
79960,134,121,13,13
79961,129,112,17,17
79962,79,80,-1,1
79963,95,97,-2,2
79964,147,136,11,11
79965,86,91,-5,5
79966,64,72,-8,8
79967,73,80,-7,7
79968,60,68,-8,8
79969,122,124,-2,2
79970,91,94,-3,3
79971,78,88,-10,10
79972,69,80,-11,11
79973,64,85,-21,21
79974,120,109,11,11
79975,101,98,3,3
79976,51,59,-8,8
79977,80,87,-7,7
79978,100,124,-24,24
79979,104,103,1,1
79980,69,81,-12,12
79981,94,95,-1,1
79982,110,116,-6,6
79983,157,152,5,5
79984,56,68,-12,12
79985,118,115,3,3
79986,29,35,-6,6
79987,110,130,-20,20
79988,102,100,2,2
79989,78,80,-2,2
79990,116,123,-7,7
79991,129,123,6,6
79992,124,129,-5,5
79993,69,86,-17,17
79994,94,97,-3,3
79995,105,97,8,8
79996,127,137,-10,10
79997,99,97,2,2
79998,106,97,9,9
79999,45,53,-8,8
80000,73,77,-4,4
80001,57,62,-5,5
80002,71,73,-2,2
80003,84,86,-2,2
80004,91,92,-1,1
80005,93,89,4,4
80006,75,83,-8,8
80007,98,92,6,6
80008,76,79,-3,3
80009,87,87,0,0
80010,100,102,-2,2
80011,101,94,7,7
80012,63,76,-13,13
80013,94,88,6,6
80014,58,67,-9,9
80015,77,72,5,5
80016,136,119,17,17
80017,86,88,-2,2
80018,109,102,7,7
80019,77,79,-2,2
80020,146,135,11,11
80021,128,123,5,5
80022,164,152,12,12
80023,71,76,-5,5
80024,147,145,2,2
80025,96,90,6,6
80026,65,68,-3,3
80027,95,95,0,0
80028,84,85,-1,1
80029,104,99,5,5
80030,75,80,-5,5
80031,168,158,10,10
80032,200,174,26,26
80033,153,153,0,0
80034,171,169,2,2
80035,111,115,-4,4
80036,65,77,-12,12
80037,85,96,-11,11
80038,98,86,12,12
80039,111,110,1,1
80040,112,109,3,3
80041,113,105,8,8
80042,148,129,19,19
80043,115,111,4,4
80044,63,74,-11,11
80045,95,90,5,5
80046,98,100,-2,2
80047,117,115,2,2
80048,144,131,13,13
80049,115,117,-2,2
80050,124,114,10,10
80051,115,114,1,1
80052,93,98,-5,5
80053,83,86,-3,3
80054,83,83,0,0
80055,106,104,2,2
80056,104,100,4,4
80057,149,160,-11,11
80058,94,98,-4,4
80059,61,68,-7,7
80060,63,79,-16,16
80061,98,100,-2,2
80062,70,78,-8,8
80063,96,100,-4,4
80064,89,86,3,3
80065,120,137,-17,17
80066,85,80,5,5
80067,159,129,30,30
80068,144,141,3,3
80069,63,73,-10,10
80070,102,99,3,3
80071,119,106,13,13
80072,106,106,0,0
80073,88,79,9,9
80074,54,64,-10,10
80075,58,65,-7,7
80076,130,115,15,15
80077,168,150,18,18
80078,73,76,-3,3
80079,133,132,1,1
80080,98,100,-2,2
80081,86,80,6,6
80082,81,85,-4,4
80083,83,85,-2,2
80084,59,71,-12,12
80085,43,58,-15,15
80086,80,83,-3,3
80087,73,80,-7,7
80088,86,86,0,0
80089,89,109,-20,20
80090,77,79,-2,2
80091,59,61,-2,2
80092,64,98,-34,34
80093,82,80,2,2
80094,47,58,-11,11
80095,99,83,16,16
80096,104,102,2,2
80097,62,71,-9,9
80098,70,78,-8,8
80099,65,74,-9,9
80100,79,79,0,0
80101,86,87,-1,1
80102,105,102,3,3
80103,91,99,-8,8
80104,117,102,15,15
80105,43,57,-14,14
80106,171,157,14,14
80107,115,107,8,8
80108,111,110,1,1
80109,73,78,-5,5
80110,118,109,9,9
80111,84,82,2,2
80112,96,100,-4,4
80113,115,113,2,2
80114,172,160,12,12
80115,138,128,10,10
80116,130,119,11,11
80117,142,133,9,9
80118,92,91,1,1
80119,71,74,-3,3
80120,42,55,-13,13
80121,93,89,4,4
80122,116,104,12,12
80123,90,82,8,8
80124,74,80,-6,6
80125,56,69,-13,13
80126,139,119,20,20
80127,76,86,-10,10
80128,97,99,-2,2
80129,88,93,-5,5
80130,70,73,-3,3
80131,148,136,12,12
80132,70,73,-3,3
80133,112,106,6,6
80134,81,73,8,8
80135,52,62,-10,10
80136,95,97,-2,2
80137,80,83,-3,3
80138,46,59,-13,13
80139,50,62,-12,12
80140,129,122,7,7
80141,90,90,0,0
80142,132,109,23,23
80143,143,134,9,9
80144,130,145,-15,15
80145,147,133,14,14
80146,103,95,8,8
80147,61,64,-3,3
80148,88,95,-7,7
80149,158,147,11,11
80150,50,61,-11,11
80151,115,113,2,2
80152,86,91,-5,5
80153,95,92,3,3
80154,135,142,-7,7
80155,84,86,-2,2
80156,116,130,-14,14
80157,31,51,-20,20
80158,86,88,-2,2
80159,87,81,6,6
80160,99,91,8,8
80161,61,73,-12,12
80162,66,71,-5,5
80163,99,96,3,3
80164,83,75,8,8
80165,63,71,-8,8
80166,85,78,7,7
80167,90,93,-3,3
80168,114,109,5,5
80169,77,80,-3,3
80170,74,83,-9,9
80171,85,84,1,1
80172,49,88,-39,39
80173,29,50,-21,21
80174,77,74,3,3
80175,70,73,-3,3
80176,72,80,-8,8
80177,67,85,-18,18
80178,73,77,-4,4
80179,112,101,11,11
80180,153,153,0,0
80181,120,115,5,5
80182,96,97,-1,1
80183,104,101,3,3
80184,74,79,-5,5
80185,50,59,-9,9
80186,74,76,-2,2
80187,91,86,5,5
80188,100,102,-2,2
80189,45,62,-17,17
80190,96,98,-2,2
80191,57,65,-8,8
80192,117,107,10,10
80193,116,108,8,8
80194,117,114,3,3
80195,85,95,-10,10
80196,90,94,-4,4
80197,120,102,18,18
80198,63,74,-11,11
80199,131,143,-12,12
80200,55,64,-9,9
80201,159,159,0,0
80202,95,88,7,7
80203,91,92,-1,1
80204,52,62,-10,10
80205,73,72,1,1
80206,107,101,6,6
80207,73,81,-8,8
80208,144,130,14,14
80209,101,107,-6,6
80210,84,80,4,4
80211,72,81,-9,9
80212,100,111,-11,11
80213,57,66,-9,9
80214,89,85,4,4
80215,85,85,0,0
80216,136,131,5,5
80217,104,103,1,1
80218,180,161,19,19
80219,88,85,3,3
80220,81,91,-10,10
80221,98,96,2,2
80222,63,66,-3,3
80223,81,92,-11,11
80224,132,136,-4,4
80225,139,134,5,5
80226,156,140,16,16
80227,94,94,0,0
80228,113,112,1,1
80229,155,168,-13,13
80230,106,96,10,10
80231,71,76,-5,5
80232,98,104,-6,6
80233,48,127,-79,79
80234,54,64,-10,10
80235,86,84,2,2
80236,103,102,1,1
80237,148,133,15,15
80238,73,71,2,2
80239,135,136,-1,1
80240,93,93,0,0
80241,137,133,4,4
80242,82,81,1,1
80243,78,78,0,0
80244,95,97,-2,2
80245,74,76,-2,2
80246,95,94,1,1
80247,64,71,-7,7
80248,100,104,-4,4
80249,95,99,-4,4
80250,28,51,-23,23
80251,38,53,-15,15
80252,92,91,1,1
80253,134,133,1,1
80254,68,75,-7,7
80255,117,111,6,6
80256,118,106,12,12
80257,79,78,1,1
80258,61,70,-9,9
80259,132,117,15,15
80260,98,105,-7,7
80261,70,78,-8,8
80262,117,109,8,8
80263,61,66,-5,5
80264,69,75,-6,6
80265,76,73,3,3
80266,56,67,-11,11
80267,108,102,6,6
80268,70,70,0,0
80269,53,63,-10,10
80270,94,95,-1,1
80271,158,149,9,9
80272,146,136,10,10
80273,94,97,-3,3
80274,48,59,-11,11
80275,85,90,-5,5
80276,117,102,15,15
80277,119,106,13,13
80278,72,82,-10,10
80279,103,101,2,2
80280,85,83,2,2
80281,121,106,15,15
80282,66,79,-13,13
80283,177,183,-6,6
80284,85,83,2,2
80285,151,150,1,1
80286,57,65,-8,8
80287,83,72,11,11
80288,68,72,-4,4
80289,118,116,2,2
80290,70,73,-3,3
80291,30,55,-25,25
80292,94,102,-8,8
80293,68,76,-8,8
80294,153,151,2,2
80295,81,77,4,4
80296,106,101,5,5
80297,93,87,6,6
80298,152,148,4,4
80299,117,113,4,4
80300,121,112,9,9
80301,104,107,-3,3
80302,130,117,13,13
80303,113,105,8,8
80304,108,99,9,9
80305,110,101,9,9
80306,76,88,-12,12
80307,119,113,6,6
80308,79,74,5,5
80309,96,96,0,0
80310,74,94,-20,20
80311,71,73,-2,2
80312,79,77,2,2
80313,62,73,-11,11
80314,67,72,-5,5
80315,149,126,23,23
80316,70,77,-7,7
80317,87,87,0,0
80318,302,244,58,58
80319,51,63,-12,12
80320,73,75,-2,2
80321,47,58,-11,11
80322,138,124,14,14
80323,155,143,12,12
80324,67,80,-13,13
80325,118,120,-2,2
80326,73,75,-2,2
80327,67,75,-8,8
80328,43,65,-22,22
80329,101,105,-4,4
80330,89,84,5,5
80331,67,73,-6,6
80332,148,141,7,7
80333,131,124,7,7
80334,73,70,3,3
80335,135,140,-5,5
80336,71,81,-10,10
80337,71,74,-3,3
80338,108,93,15,15
80339,131,119,12,12
80340,115,124,-9,9
80341,56,62,-6,6
80342,84,82,2,2
80343,92,97,-5,5
80344,38,51,-13,13
80345,134,117,17,17
80346,75,81,-6,6
80347,124,107,17,17
80348,126,121,5,5
80349,103,112,-9,9
80350,57,66,-9,9
80351,82,92,-10,10
80352,113,112,1,1
80353,103,110,-7,7
80354,119,102,17,17
80355,259,249,10,10
80356,87,87,0,0
80357,180,146,34,34
80358,84,95,-11,11
80359,110,115,-5,5
80360,116,104,12,12
80361,114,111,3,3
80362,124,128,-4,4
80363,92,86,6,6
80364,86,93,-7,7
80365,85,89,-4,4
80366,65,69,-4,4
80367,73,76,-3,3
80368,72,76,-4,4
80369,108,105,3,3
80370,47,55,-8,8
80371,96,97,-1,1
80372,66,76,-10,10
80373,70,80,-10,10
80374,134,123,11,11
80375,47,60,-13,13
80376,50,66,-16,16
80377,69,81,-12,12
80378,82,83,-1,1
80379,103,100,3,3
80380,79,81,-2,2
80381,82,85,-3,3
80382,77,88,-11,11
80383,77,82,-5,5
80384,99,96,3,3
80385,99,98,1,1
80386,156,160,-4,4
80387,82,79,3,3
80388,123,109,14,14
80389,75,73,2,2
80390,47,60,-13,13
80391,32,51,-19,19
80392,72,81,-9,9
80393,92,94,-2,2
80394,128,103,25,25
80395,100,101,-1,1
80396,78,86,-8,8
80397,141,128,13,13
80398,361,275,86,86
80399,142,128,14,14
80400,28,65,-37,37
80401,53,63,-10,10
80402,80,85,-5,5
80403,81,84,-3,3
80404,181,152,29,29
80405,55,68,-13,13
80406,81,82,-1,1
80407,58,69,-11,11
80408,28,42,-14,14
80409,76,83,-7,7
80410,77,84,-7,7
80411,125,120,5,5
80412,89,98,-9,9
80413,91,91,0,0
80414,103,104,-1,1
80415,97,95,2,2
80416,90,83,7,7
80417,69,74,-5,5
80418,140,136,4,4
80419,59,63,-4,4
80420,140,136,4,4
80421,119,116,3,3
80422,86,94,-8,8
80423,71,77,-6,6
80424,179,167,12,12
80425,119,105,14,14
80426,115,102,13,13
80427,61,75,-14,14
80428,160,157,3,3
80429,127,126,1,1
80430,186,186,0,0
80431,95,101,-6,6
80432,73,81,-8,8
80433,86,82,4,4
80434,64,74,-10,10
80435,164,153,11,11
80436,80,80,0,0
80437,107,123,-16,16
80438,138,126,12,12
80439,95,94,1,1
80440,161,145,16,16
80441,81,79,2,2
80442,118,114,4,4
80443,102,100,2,2
80444,79,82,-3,3
80445,83,85,-2,2
80446,96,85,11,11
80447,99,99,0,0
80448,101,99,2,2
80449,73,79,-6,6
80450,151,143,8,8
80451,86,91,-5,5
80452,107,100,7,7
80453,102,96,6,6
80454,87,87,0,0
80455,110,103,7,7
80456,75,90,-15,15
80457,68,89,-21,21
80458,88,90,-2,2
80459,84,83,1,1
80460,81,79,2,2
80461,78,81,-3,3
80462,73,77,-4,4
80463,103,96,7,7
80464,175,156,19,19
80465,122,114,8,8
80466,106,99,7,7
80467,53,58,-5,5
80468,120,114,6,6
80469,135,132,3,3
80470,96,94,2,2
80471,69,75,-6,6
80472,86,86,0,0
80473,94,97,-3,3
80474,46,60,-14,14
80475,93,94,-1,1
80476,111,111,0,0
80477,54,64,-10,10
80478,63,64,-1,1
80479,59,69,-10,10
80480,61,69,-8,8
80481,68,79,-11,11
80482,140,121,19,19
80483,79,75,4,4
80484,148,149,-1,1
80485,114,108,6,6
80486,77,82,-5,5
80487,95,87,8,8
80488,53,60,-7,7
80489,102,102,0,0
80490,150,150,0,0
80491,142,121,21,21
80492,123,126,-3,3
80493,85,82,3,3
80494,86,80,6,6
80495,106,98,8,8
80496,123,112,11,11
80497,99,96,3,3
80498,78,76,2,2
80499,74,75,-1,1
80500,83,83,0,0
80501,68,96,-28,28
80502,100,103,-3,3
80503,71,68,3,3
80504,85,76,9,9
80505,105,100,5,5
80506,132,124,8,8
80507,109,99,10,10
80508,95,93,2,2
80509,101,98,3,3
80510,49,64,-15,15
80511,37,52,-15,15
80512,80,86,-6,6
80513,66,64,2,2
80514,70,75,-5,5
80515,93,86,7,7
80516,54,64,-10,10
80517,99,107,-8,8
80518,100,96,4,4
80519,143,136,7,7
80520,67,67,0,0
80521,69,74,-5,5
80522,72,93,-21,21
80523,88,93,-5,5
80524,116,95,21,21
80525,103,101,2,2
80526,129,126,3,3
80527,112,107,5,5
80528,47,59,-12,12
80529,80,83,-3,3
80530,87,85,2,2
80531,102,103,-1,1
80532,111,109,2,2
80533,113,116,-3,3
80534,85,85,0,0
80535,57,68,-11,11
80536,110,101,9,9
80537,91,89,2,2
80538,127,121,6,6
80539,71,70,1,1
80540,110,98,12,12
80541,143,139,4,4
80542,90,92,-2,2
80543,122,110,12,12
80544,124,112,12,12
80545,53,65,-12,12
80546,77,84,-7,7
80547,35,48,-13,13
80548,63,80,-17,17
80549,115,105,10,10
80550,128,120,8,8
80551,99,98,1,1
80552,90,95,-5,5
80553,80,79,1,1
80554,98,96,2,2
80555,95,91,4,4
80556,138,132,6,6
80557,84,84,0,0
80558,129,132,-3,3
80559,101,91,10,10
80560,109,95,14,14
80561,142,138,4,4
80562,72,65,7,7
80563,110,104,6,6
80564,52,60,-8,8
80565,66,83,-17,17
80566,69,73,-4,4
80567,79,78,1,1
80568,69,76,-7,7
80569,97,94,3,3
80570,96,93,3,3
80571,105,100,5,5
80572,144,133,11,11
80573,129,116,13,13
80574,75,80,-5,5
80575,111,101,10,10
80576,149,142,7,7
80577,110,104,6,6
80578,73,78,-5,5
80579,58,69,-11,11
80580,47,57,-10,10
80581,82,88,-6,6
80582,70,74,-4,4
80583,124,104,20,20
80584,78,80,-2,2
80585,136,121,15,15
80586,147,148,-1,1
80587,84,100,-16,16
80588,121,113,8,8
80589,63,64,-1,1
80590,94,91,3,3
80591,125,127,-2,2
80592,82,87,-5,5
80593,158,138,20,20
80594,67,75,-8,8
80595,61,73,-12,12
80596,119,111,8,8
80597,65,74,-9,9
80598,86,90,-4,4
80599,98,83,15,15
80600,143,135,8,8
80601,105,102,3,3
80602,113,124,-11,11
80603,77,77,0,0
80604,107,110,-3,3
80605,58,72,-14,14
80606,145,139,6,6
80607,52,75,-23,23
80608,109,99,10,10
80609,71,73,-2,2
80610,64,74,-10,10
80611,129,116,13,13
80612,83,91,-8,8
80613,40,65,-25,25
80614,102,107,-5,5
80615,65,69,-4,4
80616,100,85,15,15
80617,131,123,8,8
80618,90,85,5,5
80619,92,96,-4,4
80620,67,82,-15,15
80621,121,112,9,9
80622,126,109,17,17
80623,93,95,-2,2
80624,157,149,8,8
80625,89,86,3,3
80626,53,65,-12,12
80627,96,92,4,4
80628,111,101,10,10
80629,121,112,9,9
80630,67,82,-15,15
80631,59,65,-6,6
80632,88,88,0,0
80633,71,86,-15,15
80634,57,66,-9,9
80635,118,109,9,9
80636,78,77,1,1
80637,118,111,7,7
80638,85,85,0,0
80639,102,99,3,3
80640,69,79,-10,10
80641,179,176,3,3
80642,94,105,-11,11
80643,100,100,0,0
80644,91,85,6,6
80645,139,143,-4,4
80646,77,85,-8,8
80647,64,71,-7,7
80648,64,69,-5,5
80649,137,132,5,5
80650,113,108,5,5
80651,93,85,8,8
80652,100,101,-1,1
80653,88,85,3,3
80654,87,86,1,1
80655,144,133,11,11
80656,41,59,-18,18
80657,51,65,-14,14
80658,78,78,0,0
80659,72,74,-2,2
80660,66,73,-7,7
80661,58,71,-13,13
80662,123,122,1,1
80663,90,86,4,4
80664,56,61,-5,5
80665,98,85,13,13
80666,91,88,3,3
80667,126,116,10,10
80668,68,60,8,8
80669,117,108,9,9
80670,46,60,-14,14
80671,71,76,-5,5
80672,111,101,10,10
80673,89,85,4,4
80674,58,70,-12,12
80675,104,100,4,4
80676,110,102,8,8
80677,101,97,4,4
80678,203,208,-5,5
80679,90,94,-4,4
80680,82,82,0,0
80681,133,114,19,19
80682,67,70,-3,3
80683,75,77,-2,2
80684,90,84,6,6
80685,91,86,5,5
80686,91,94,-3,3
80687,67,76,-9,9
80688,122,117,5,5
80689,59,67,-8,8
80690,40,56,-16,16
80691,104,97,7,7
80692,118,115,3,3
80693,92,83,9,9
80694,157,164,-7,7
80695,65,74,-9,9
80696,60,68,-8,8
80697,100,95,5,5
80698,31,46,-15,15
80699,94,87,7,7
80700,45,60,-15,15
80701,109,99,10,10
80702,85,82,3,3
80703,86,93,-7,7
80704,185,167,18,18
80705,97,93,4,4
80706,69,66,3,3
80707,194,180,14,14
80708,63,80,-17,17
80709,141,136,5,5
80710,87,78,9,9
80711,131,123,8,8
80712,152,134,18,18
80713,96,95,1,1
80714,111,106,5,5
80715,92,85,7,7
80716,108,100,8,8
80717,83,81,2,2
80718,52,64,-12,12
80719,103,103,0,0
80720,189,173,16,16
80721,80,74,6,6
80722,149,134,15,15
80723,146,126,20,20
80724,66,70,-4,4
80725,38,55,-17,17
80726,124,128,-4,4
80727,55,68,-13,13
80728,141,115,26,26
80729,83,113,-30,30
80730,144,146,-2,2
80731,127,127,0,0
80732,80,76,4,4
80733,125,118,7,7
80734,115,106,9,9
80735,79,80,-1,1
80736,73,77,-4,4
80737,92,75,17,17
80738,84,86,-2,2
80739,103,102,1,1
80740,104,111,-7,7
80741,101,102,-1,1
80742,92,99,-7,7
80743,169,151,18,18
80744,53,61,-8,8
80745,114,103,11,11
80746,138,137,1,1
80747,86,83,3,3
80748,85,85,0,0
80749,147,143,4,4
80750,58,71,-13,13
80751,128,122,6,6
80752,65,73,-8,8
80753,89,87,2,2
80754,95,97,-2,2
80755,84,89,-5,5
80756,115,101,14,14
80757,142,132,10,10
80758,120,110,10,10
80759,102,107,-5,5
80760,121,137,-16,16
80761,48,63,-15,15
80762,127,102,25,25
80763,76,76,0,0
80764,133,119,14,14
80765,108,100,8,8
80766,67,71,-4,4
80767,33,52,-19,19
80768,148,129,19,19
80769,115,102,13,13
80770,68,101,-33,33
80771,132,138,-6,6
80772,167,151,16,16
80773,145,147,-2,2
80774,126,118,8,8
80775,72,70,2,2
80776,108,109,-1,1
80777,75,82,-7,7
80778,66,77,-11,11
80779,72,72,0,0
80780,99,90,9,9
80781,67,71,-4,4
80782,113,109,4,4
80783,108,100,8,8
80784,94,91,3,3
80785,57,70,-13,13
80786,97,89,8,8
80787,64,73,-9,9
80788,127,125,2,2
80789,90,83,7,7
80790,185,179,6,6
80791,110,98,12,12
80792,59,69,-10,10
80793,119,106,13,13
80794,88,98,-10,10
80795,196,177,19,19
80796,95,97,-2,2
80797,69,79,-10,10
80798,159,161,-2,2
80799,66,86,-20,20
80800,100,88,12,12
80801,90,96,-6,6
80802,71,74,-3,3
80803,63,68,-5,5
80804,104,96,8,8
80805,64,74,-10,10
80806,67,81,-14,14
80807,71,78,-7,7
80808,155,141,14,14
80809,89,83,6,6
80810,128,118,10,10
80811,95,99,-4,4
80812,51,60,-9,9
80813,118,111,7,7
80814,102,99,3,3
80815,124,119,5,5
80816,68,77,-9,9
80817,50,61,-11,11
80818,86,90,-4,4
80819,89,91,-2,2
80820,113,98,15,15
80821,126,114,12,12
80822,64,80,-16,16
80823,120,116,4,4
80824,62,66,-4,4
80825,73,89,-16,16
80826,145,138,7,7
80827,63,67,-4,4
80828,80,88,-8,8
80829,82,83,-1,1
80830,41,51,-10,10
80831,93,95,-2,2
80832,107,104,3,3
80833,60,67,-7,7
80834,93,87,6,6
80835,97,96,1,1
80836,90,91,-1,1
80837,111,115,-4,4
80838,57,65,-8,8
80839,75,76,-1,1
80840,54,66,-12,12
80841,55,73,-18,18
80842,84,86,-2,2
80843,95,95,0,0
80844,101,91,10,10
80845,91,90,1,1
80846,65,71,-6,6
80847,59,67,-8,8
80848,112,106,6,6
80849,164,156,8,8
80850,61,70,-9,9
80851,75,81,-6,6
80852,149,139,10,10
80853,152,136,16,16
80854,65,75,-10,10
80855,90,89,1,1
80856,96,98,-2,2
80857,105,101,4,4
80858,75,84,-9,9
80859,61,70,-9,9
80860,102,99,3,3
80861,96,87,9,9
80862,96,87,9,9
80863,89,85,4,4
80864,100,98,2,2
80865,96,88,8,8
80866,57,67,-10,10
80867,67,78,-11,11
80868,148,139,9,9
80869,108,100,8,8
80870,50,62,-12,12
80871,151,138,13,13
80872,72,84,-12,12
80873,55,69,-14,14
80874,166,141,25,25
80875,75,82,-7,7
80876,154,135,19,19
80877,71,80,-9,9
80878,77,83,-6,6
80879,72,71,1,1
80880,79,83,-4,4
80881,166,149,17,17
80882,72,79,-7,7
80883,91,87,4,4
80884,80,85,-5,5
80885,111,88,23,23
80886,81,90,-9,9
80887,74,79,-5,5
80888,129,119,10,10
80889,120,106,14,14
80890,79,79,0,0
80891,95,90,5,5
80892,82,87,-5,5
80893,124,109,15,15
80894,73,75,-2,2
80895,328,394,-66,66
80896,95,87,8,8
80897,90,86,4,4
80898,105,102,3,3
80899,131,127,4,4
80900,96,91,5,5
80901,64,61,3,3
80902,129,106,23,23
80903,84,78,6,6
80904,126,117,9,9
80905,132,118,14,14
80906,108,105,3,3
80907,74,77,-3,3
80908,122,112,10,10
80909,96,108,-12,12
80910,172,176,-4,4
80911,150,134,16,16
80912,82,85,-3,3
80913,119,116,3,3
80914,42,56,-14,14
80915,125,109,16,16
80916,47,55,-8,8
80917,78,75,3,3
80918,51,62,-11,11
80919,56,68,-12,12
80920,100,103,-3,3
80921,105,99,6,6
80922,241,184,57,57
80923,148,136,12,12
80924,49,59,-10,10
80925,116,107,9,9
80926,45,47,-2,2
80927,89,84,5,5
80928,83,87,-4,4
80929,106,104,2,2
80930,84,93,-9,9
80931,82,79,3,3
80932,69,76,-7,7
80933,87,88,-1,1
80934,85,100,-15,15
80935,75,73,2,2
80936,142,140,2,2
80937,84,84,0,0
80938,112,97,15,15
80939,74,80,-6,6
80940,82,86,-4,4
80941,96,95,1,1
80942,106,100,6,6
80943,41,63,-22,22
80944,70,71,-1,1
80945,62,70,-8,8
80946,108,107,1,1
80947,115,100,15,15
80948,79,80,-1,1
80949,101,99,2,2
80950,73,74,-1,1
80951,69,75,-6,6
80952,42,53,-11,11
80953,130,119,11,11
80954,74,70,4,4
80955,69,74,-5,5
80956,112,102,10,10
80957,95,98,-3,3
80958,56,62,-6,6
80959,98,92,6,6
80960,93,97,-4,4
80961,93,89,4,4
80962,99,98,1,1
80963,137,127,10,10
80964,127,123,4,4
80965,82,82,0,0
80966,58,74,-16,16
80967,83,78,5,5
80968,130,116,14,14
80969,99,84,15,15
80970,134,130,4,4
80971,134,122,12,12
80972,73,73,0,0
80973,98,108,-10,10
80974,56,64,-8,8
80975,106,105,1,1
80976,157,143,14,14
80977,70,75,-5,5
80978,105,100,5,5
80979,108,115,-7,7
80980,65,73,-8,8
80981,82,80,2,2
80982,75,76,-1,1
80983,88,94,-6,6
80984,79,83,-4,4
80985,85,93,-8,8
80986,98,94,4,4
80987,70,74,-4,4
80988,132,133,-1,1
80989,121,104,17,17
80990,120,132,-12,12
80991,131,117,14,14
80992,100,100,0,0
80993,103,99,4,4
80994,89,89,0,0
80995,87,92,-5,5
80996,63,74,-11,11
80997,101,94,7,7
80998,80,78,2,2
80999,60,66,-6,6
81000,53,64,-11,11
81001,147,130,17,17
81002,83,85,-2,2
81003,91,92,-1,1
81004,120,111,9,9
81005,79,79,0,0
81006,66,66,0,0
81007,126,103,23,23
81008,155,135,20,20
81009,73,79,-6,6
81010,75,77,-2,2
81011,110,107,3,3
81012,87,87,0,0
81013,92,89,3,3
81014,133,131,2,2
81015,100,91,9,9
81016,89,87,2,2
81017,73,80,-7,7
81018,56,64,-8,8
81019,117,106,11,11
81020,77,68,9,9
81021,58,64,-6,6
81022,132,133,-1,1
81023,149,122,27,27
81024,60,63,-3,3
81025,88,85,3,3
81026,118,102,16,16
81027,71,80,-9,9
81028,158,150,8,8
81029,143,126,17,17
81030,63,77,-14,14
81031,49,64,-15,15
81032,111,103,8,8
81033,121,117,4,4
81034,97,89,8,8
81035,116,112,4,4
81036,58,65,-7,7
81037,66,68,-2,2
81038,63,70,-7,7
81039,54,58,-4,4
81040,83,86,-3,3
81041,66,74,-8,8
81042,48,60,-12,12
81043,69,78,-9,9
81044,39,70,-31,31
81045,158,123,35,35
81046,48,59,-11,11
81047,63,68,-5,5
81048,93,100,-7,7
81049,87,88,-1,1
81050,64,59,5,5
81051,148,123,25,25
81052,58,66,-8,8
81053,51,63,-12,12
81054,53,67,-14,14
81055,138,134,4,4
81056,75,81,-6,6
81057,94,96,-2,2
81058,49,67,-18,18
81059,132,135,-3,3
81060,98,96,2,2
81061,97,103,-6,6
81062,100,94,6,6
81063,107,99,8,8
81064,65,70,-5,5
81065,67,72,-5,5
81066,54,64,-10,10
81067,123,118,5,5
81068,133,118,15,15
81069,105,122,-17,17
81070,91,93,-2,2
81071,121,116,5,5
81072,81,86,-5,5
81073,59,73,-14,14
81074,154,133,21,21
81075,85,85,0,0
81076,80,94,-14,14
81077,181,169,12,12
81078,112,107,5,5
81079,80,81,-1,1
81080,140,124,16,16
81081,92,82,10,10
81082,87,82,5,5
81083,62,77,-15,15
81084,136,123,13,13
81085,74,77,-3,3
81086,74,75,-1,1
81087,45,55,-10,10
81088,87,85,2,2
81089,81,82,-1,1
81090,37,49,-12,12
81091,73,77,-4,4
81092,81,84,-3,3
81093,119,111,8,8
81094,139,134,5,5
81095,106,105,1,1
81096,105,101,4,4
81097,129,120,9,9
81098,97,100,-3,3
81099,94,116,-22,22
81100,89,112,-23,23
81101,84,83,1,1
81102,182,161,21,21
81103,44,60,-16,16
81104,98,92,6,6
81105,83,82,1,1
81106,159,147,12,12
81107,61,68,-7,7
81108,145,123,22,22
81109,113,130,-17,17
81110,74,78,-4,4
81111,44,50,-6,6
81112,70,81,-11,11
81113,87,103,-16,16
81114,156,137,19,19
81115,78,79,-1,1
81116,99,93,6,6
81117,120,107,13,13
81118,100,113,-13,13
81119,90,86,4,4
81120,90,92,-2,2
81121,126,122,4,4
81122,59,57,2,2
81123,82,82,0,0
81124,71,86,-15,15
81125,87,87,0,0
81126,72,80,-8,8
81127,112,102,10,10
81128,65,69,-4,4
81129,68,74,-6,6
81130,62,68,-6,6
81131,130,127,3,3
81132,60,66,-6,6
81133,100,104,-4,4
81134,48,63,-15,15
81135,97,95,2,2
81136,85,81,4,4
81137,143,118,25,25
81138,112,110,2,2
81139,70,78,-8,8
81140,107,116,-9,9
81141,103,98,5,5
81142,79,79,0,0
81143,65,68,-3,3
81144,74,73,1,1
81145,62,72,-10,10
81146,146,140,6,6
81147,138,132,6,6
81148,109,105,4,4
81149,57,65,-8,8
81150,81,85,-4,4
81151,100,97,3,3
81152,55,67,-12,12
81153,71,78,-7,7
81154,137,124,13,13
81155,173,162,11,11
81156,53,63,-10,10
81157,69,74,-5,5
81158,115,100,15,15
81159,71,80,-9,9
81160,129,117,12,12
81161,142,126,16,16
81162,48,61,-13,13
81163,77,82,-5,5
81164,81,90,-9,9
81165,103,98,5,5
81166,75,77,-2,2
81167,86,84,2,2
81168,105,103,2,2
81169,61,64,-3,3
81170,109,99,10,10
81171,98,94,4,4
81172,153,149,4,4
81173,50,65,-15,15
81174,178,157,21,21
81175,85,82,3,3
81176,118,117,1,1
81177,94,85,9,9
81178,116,99,17,17
81179,92,87,5,5
81180,96,95,1,1
81181,44,57,-13,13
81182,96,94,2,2
81183,146,121,25,25
81184,90,80,10,10
81185,86,86,0,0
81186,112,111,1,1
81187,102,109,-7,7
81188,47,57,-10,10
81189,107,98,9,9
81190,52,70,-18,18
81191,122,119,3,3
81192,84,80,4,4
81193,76,80,-4,4
81194,72,78,-6,6
81195,181,171,10,10
81196,71,78,-7,7
81197,92,94,-2,2
81198,152,141,11,11
81199,133,130,3,3
81200,97,98,-1,1
81201,135,133,2,2
81202,75,80,-5,5
81203,99,105,-6,6
81204,92,116,-24,24
81205,113,115,-2,2
81206,65,67,-2,2
81207,100,102,-2,2
81208,124,125,-1,1
81209,82,83,-1,1
81210,111,115,-4,4
81211,101,95,6,6
81212,60,70,-10,10
81213,141,123,18,18
81214,69,75,-6,6
81215,141,141,0,0
81216,111,98,13,13
81217,169,159,10,10
81218,126,119,7,7
81219,75,83,-8,8
81220,120,108,12,12
81221,141,143,-2,2
81222,104,113,-9,9
81223,48,63,-15,15
81224,93,94,-1,1
81225,140,129,11,11
81226,97,85,12,12
81227,110,103,7,7
81228,45,52,-7,7
81229,92,94,-2,2
81230,87,80,7,7
81231,90,83,7,7
81232,68,73,-5,5
81233,64,78,-14,14
81234,59,63,-4,4
81235,135,127,8,8
81236,52,66,-14,14
81237,121,124,-3,3
81238,78,83,-5,5
81239,97,100,-3,3
81240,64,88,-24,24
81241,113,111,2,2
81242,83,84,-1,1
81243,79,79,0,0
81244,77,83,-6,6
81245,56,69,-13,13
81246,156,149,7,7
81247,134,122,12,12
81248,66,73,-7,7
81249,113,111,2,2
81250,89,85,4,4
81251,95,100,-5,5
81252,98,97,1,1
81253,137,141,-4,4
81254,113,102,11,11
81255,173,156,17,17
81256,122,116,6,6
81257,92,88,4,4
81258,142,130,12,12
81259,82,83,-1,1
81260,42,55,-13,13
81261,116,137,-21,21
81262,89,89,0,0
81263,140,133,7,7
81264,130,102,28,28
81265,80,79,1,1
81266,113,114,-1,1
81267,60,67,-7,7
81268,143,168,-25,25
81269,86,84,2,2
81270,126,117,9,9
81271,75,73,2,2
81272,120,109,11,11
81273,125,115,10,10
81274,195,181,14,14
81275,71,77,-6,6
81276,131,124,7,7
81277,111,109,2,2
81278,89,95,-6,6
81279,93,89,4,4
81280,80,83,-3,3
81281,80,78,2,2
81282,46,56,-10,10
81283,134,125,9,9
81284,83,81,2,2
81285,145,138,7,7
81286,80,81,-1,1
81287,82,78,4,4
81288,86,80,6,6
81289,62,75,-13,13
81290,46,61,-15,15
81291,112,105,7,7
81292,99,100,-1,1
81293,145,126,19,19
81294,166,160,6,6
81295,45,59,-14,14
81296,126,106,20,20
81297,89,87,2,2
81298,99,103,-4,4
81299,77,80,-3,3
81300,119,102,17,17
81301,93,106,-13,13
81302,102,105,-3,3
81303,62,68,-6,6
81304,57,62,-5,5
81305,63,73,-10,10
81306,56,67,-11,11
81307,137,130,7,7
81308,101,98,3,3
81309,90,85,5,5
81310,136,126,10,10
81311,70,73,-3,3
81312,81,83,-2,2
81313,66,72,-6,6
81314,93,90,3,3
81315,73,74,-1,1
81316,90,86,4,4
81317,83,84,-1,1
81318,89,80,9,9
81319,103,106,-3,3
81320,105,97,8,8
81321,83,102,-19,19
81322,115,112,3,3
81323,99,102,-3,3
81324,85,88,-3,3
81325,73,81,-8,8
81326,80,86,-6,6
81327,49,67,-18,18
81328,80,80,0,0
81329,63,71,-8,8
81330,33,51,-18,18
81331,178,182,-4,4
81332,105,126,-21,21
81333,41,64,-23,23
81334,92,96,-4,4
81335,98,94,4,4
81336,71,77,-6,6
81337,30,41,-11,11
81338,62,70,-8,8
81339,126,138,-12,12
81340,102,100,2,2
81341,122,118,4,4
81342,79,84,-5,5
81343,152,141,11,11
81344,159,140,19,19
81345,161,157,4,4
81346,71,69,2,2
81347,84,88,-4,4
81348,118,104,14,14
81349,73,78,-5,5
81350,118,114,4,4
81351,102,86,16,16
81352,69,81,-12,12
81353,101,95,6,6
81354,127,117,10,10
81355,84,78,6,6
81356,40,51,-11,11
81357,70,73,-3,3
81358,135,124,11,11
81359,77,81,-4,4
81360,78,83,-5,5
81361,70,76,-6,6
81362,73,80,-7,7
81363,85,83,2,2
81364,106,97,9,9
81365,151,141,10,10
81366,153,153,0,0
81367,133,118,15,15
81368,121,116,5,5
81369,110,105,5,5
81370,71,82,-11,11
81371,98,96,2,2
81372,126,127,-1,1
81373,86,89,-3,3
81374,77,79,-2,2
81375,198,177,21,21
81376,133,128,5,5
81377,124,125,-1,1
81378,90,86,4,4
81379,60,69,-9,9
81380,80,93,-13,13
81381,47,61,-14,14
81382,82,79,3,3
81383,119,98,21,21
81384,66,73,-7,7
81385,136,119,17,17
81386,141,127,14,14
81387,50,69,-19,19
81388,71,82,-11,11
81389,98,95,3,3
81390,121,103,18,18
81391,81,92,-11,11
81392,117,110,7,7
81393,112,108,4,4
81394,94,95,-1,1
81395,55,77,-22,22
81396,97,106,-9,9
81397,92,97,-5,5
81398,137,132,5,5
81399,54,61,-7,7
81400,140,133,7,7
81401,138,121,17,17
81402,85,83,2,2
81403,84,90,-6,6
81404,104,99,5,5
81405,113,109,4,4
81406,109,111,-2,2
81407,76,94,-18,18
81408,79,84,-5,5
81409,65,71,-6,6
81410,81,81,0,0
81411,131,108,23,23
81412,204,180,24,24
81413,77,76,1,1
81414,161,138,23,23
81415,97,98,-1,1
81416,110,96,14,14
81417,76,81,-5,5
81418,70,74,-4,4
81419,122,120,2,2
81420,52,62,-10,10
81421,121,117,4,4
81422,89,89,0,0
81423,99,87,12,12
81424,62,69,-7,7
81425,117,107,10,10
81426,92,97,-5,5
81427,169,162,7,7
81428,122,111,11,11
81429,88,96,-8,8
81430,94,91,3,3
81431,163,132,31,31
81432,72,74,-2,2
81433,87,95,-8,8
81434,104,111,-7,7
81435,51,63,-12,12
81436,57,61,-4,4
81437,149,140,9,9
81438,87,87,0,0
81439,109,106,3,3
81440,120,109,11,11
81441,79,77,2,2
81442,129,120,9,9
81443,162,145,17,17
81444,133,127,6,6
81445,82,80,2,2
81446,110,105,5,5
81447,180,161,19,19
81448,104,99,5,5
81449,134,122,12,12
81450,114,103,11,11
81451,130,137,-7,7
81452,94,96,-2,2
81453,182,162,20,20
81454,93,96,-3,3
81455,74,80,-6,6
81456,66,73,-7,7
81457,164,240,-76,76
81458,125,166,-41,41
81459,74,83,-9,9
81460,148,143,5,5
81461,69,74,-5,5
81462,98,92,6,6
81463,71,79,-8,8
81464,107,99,8,8
81465,133,118,15,15
81466,72,74,-2,2
81467,68,73,-5,5
81468,97,94,3,3
81469,185,154,31,31
81470,184,173,11,11
81471,106,108,-2,2
81472,143,140,3,3
81473,82,97,-15,15
81474,47,64,-17,17
81475,82,78,4,4
81476,97,83,14,14
81477,58,67,-9,9
81478,115,104,11,11
81479,137,117,20,20
81480,112,108,4,4
81481,101,97,4,4
81482,56,63,-7,7
81483,80,79,1,1
81484,79,81,-2,2
81485,186,160,26,26
81486,79,74,5,5
81487,80,76,4,4
81488,85,81,4,4
81489,123,109,14,14
81490,94,85,9,9
81491,71,85,-14,14
81492,83,85,-2,2
81493,45,58,-13,13
81494,120,136,-16,16
81495,165,154,11,11
81496,73,77,-4,4
81497,87,83,4,4
81498,80,85,-5,5
81499,132,135,-3,3
81500,82,80,2,2
81501,77,77,0,0
81502,62,71,-9,9
81503,74,80,-6,6
81504,87,95,-8,8
81505,142,131,11,11
81506,119,110,9,9
81507,62,66,-4,4
