,original,predict,differ,abs
0,67,75,-8,8
1,58,64,-6,6
2,88,82,6,6
3,183,169,14,14
4,81,82,-1,1
5,88,93,-5,5
6,83,91,-8,8
7,183,155,28,28
8,81,80,1,1
9,117,115,2,2
10,64,64,0,0
11,59,71,-12,12
12,74,72,2,2
13,100,106,-6,6
14,103,102,1,1
15,66,71,-5,5
16,97,93,4,4
17,120,108,12,12
18,79,80,-1,1
19,110,115,-5,5
20,217,193,24,24
21,156,148,8,8
22,97,92,5,5
23,101,118,-17,17
24,82,76,6,6
25,127,117,10,10
26,112,109,3,3
27,191,166,25,25
28,48,47,1,1
29,106,114,-8,8
30,133,130,3,3
31,57,64,-7,7
32,108,104,4,4
33,89,82,7,7
34,50,65,-15,15
35,62,52,10,10
36,102,102,0,0
37,55,56,-1,1
38,89,103,-14,14
39,96,105,-9,9
40,70,72,-2,2
41,115,118,-3,3
42,82,86,-4,4
43,102,103,-1,1
44,167,144,23,23
45,82,93,-11,11
46,118,127,-9,9
47,85,84,1,1
48,93,94,-1,1
49,111,98,13,13
50,77,71,6,6
51,136,127,9,9
52,109,95,14,14
53,85,96,-11,11
54,133,123,10,10
55,138,126,12,12
56,100,119,-19,19
57,130,126,4,4
58,96,104,-8,8
59,58,62,-4,4
60,115,113,2,2
61,73,78,-5,5
62,135,118,17,17
63,177,170,7,7
64,96,102,-6,6
65,77,83,-6,6
66,84,86,-2,2
67,105,97,8,8
68,193,183,10,10
69,143,141,2,2
70,111,104,7,7
71,104,94,10,10
72,265,244,21,21
73,88,94,-6,6
74,78,82,-4,4
75,58,62,-4,4
76,86,82,4,4
77,59,68,-9,9
78,139,136,3,3
79,96,93,3,3
80,90,92,-2,2
81,83,83,0,0
82,133,130,3,3
83,141,136,5,5
84,72,72,0,0
85,75,75,0,0
86,43,46,-3,3
87,68,71,-3,3
88,170,137,33,33
89,92,99,-7,7
90,64,90,-26,26
91,101,107,-6,6
92,82,76,6,6
93,81,75,6,6
94,75,76,-1,1
95,99,97,2,2
96,45,58,-13,13
97,186,183,3,3
98,127,140,-13,13
99,100,103,-3,3
100,66,68,-2,2
101,129,110,19,19
102,107,113,-6,6
103,128,126,2,2
104,90,84,6,6
105,68,71,-3,3
106,107,107,0,0
107,90,90,0,0
108,89,94,-5,5
109,70,74,-4,4
110,174,144,30,30
111,90,80,10,10
112,76,80,-4,4
113,67,69,-2,2
114,76,92,-16,16
115,168,158,10,10
116,91,91,0,0
117,103,105,-2,2
118,91,91,0,0
119,67,75,-8,8
120,118,124,-6,6
121,51,53,-2,2
122,76,81,-5,5
123,110,116,-6,6
124,99,93,6,6
125,96,101,-5,5
126,169,158,11,11
127,89,95,-6,6
128,94,100,-6,6
129,123,129,-6,6
130,186,178,8,8
131,132,128,4,4
132,102,91,11,11
133,78,84,-6,6
134,129,116,13,13
135,116,101,15,15
136,136,126,10,10
137,131,129,2,2
138,105,107,-2,2
139,69,71,-2,2
140,66,65,1,1
141,127,118,9,9
142,127,120,7,7
143,66,81,-15,15
144,112,116,-4,4
145,115,109,6,6
146,98,93,5,5
147,69,65,4,4
148,93,85,8,8
149,121,125,-4,4
150,92,97,-5,5
151,73,73,0,0
152,139,133,6,6
153,80,89,-9,9
154,89,98,-9,9
155,67,68,-1,1
156,66,65,1,1
157,81,87,-6,6
158,59,67,-8,8
159,128,132,-4,4
160,109,112,-3,3
161,50,54,-4,4
162,74,72,2,2
163,80,86,-6,6
164,132,134,-2,2
165,51,56,-5,5
166,115,109,6,6
167,70,92,-22,22
168,159,144,15,15
169,151,153,-2,2
170,94,99,-5,5
171,81,96,-15,15
172,77,84,-7,7
173,42,45,-3,3
174,135,129,6,6
175,106,103,3,3
176,50,55,-5,5
177,162,137,25,25
178,130,115,15,15
179,120,107,13,13
180,84,92,-8,8
181,76,81,-5,5
182,67,70,-3,3
183,75,75,0,0
184,39,44,-5,5
185,119,105,14,14
186,55,62,-7,7
187,90,90,0,0
188,124,123,1,1
189,171,170,1,1
190,70,74,-4,4
191,137,135,2,2
192,127,130,-3,3
193,143,147,-4,4
194,195,158,37,37
195,112,106,6,6
196,43,48,-5,5
197,114,112,2,2
198,111,111,0,0
199,80,84,-4,4
200,128,111,17,17
201,176,171,5,5
202,64,64,0,0
203,142,133,9,9
204,100,94,6,6
205,63,63,0,0
206,145,130,15,15
207,101,100,1,1
208,78,74,4,4
209,98,98,0,0
210,147,144,3,3
211,50,56,-6,6
212,70,71,-1,1
213,175,163,12,12
214,87,97,-10,10
215,87,83,4,4
216,108,117,-9,9
217,67,69,-2,2
218,95,100,-5,5
219,89,100,-11,11
220,135,135,0,0
221,79,91,-12,12
222,43,53,-10,10
223,195,159,36,36
224,83,90,-7,7
225,81,92,-11,11
226,63,71,-8,8
227,119,117,2,2
228,98,99,-1,1
229,44,53,-9,9
230,47,57,-10,10
231,87,71,16,16
232,90,83,7,7
233,62,64,-2,2
234,103,102,1,1
235,140,140,0,0
236,114,115,-1,1
237,57,72,-15,15
238,81,80,1,1
239,74,95,-21,21
240,61,74,-13,13
241,43,46,-3,3
242,55,62,-7,7
243,100,94,6,6
244,124,109,15,15
245,107,106,1,1
246,121,125,-4,4
247,86,95,-9,9
248,146,132,14,14
249,147,144,3,3
250,47,45,2,2
251,124,114,10,10
252,89,93,-4,4
253,50,63,-13,13
254,110,111,-1,1
255,158,151,7,7
256,86,83,3,3
257,102,106,-4,4
258,107,115,-8,8
259,64,69,-5,5
260,136,130,6,6
261,125,110,15,15
262,115,103,12,12
263,71,70,1,1
264,80,83,-3,3
265,82,92,-10,10
266,79,83,-4,4
267,102,96,6,6
268,49,59,-10,10
269,109,108,1,1
270,52,57,-5,5
271,72,72,0,0
272,68,74,-6,6
273,151,152,-1,1
274,112,110,2,2
275,97,111,-14,14
276,82,94,-12,12
277,72,76,-4,4
278,125,131,-6,6
279,128,130,-2,2
280,94,97,-3,3
281,76,72,4,4
282,71,75,-4,4
283,112,111,1,1
284,75,73,2,2
285,77,75,2,2
286,78,72,6,6
287,89,85,4,4
288,88,83,5,5
289,97,97,0,0
290,80,77,3,3
291,67,74,-7,7
292,83,90,-7,7
293,85,90,-5,5
294,76,74,2,2
295,64,67,-3,3
296,107,110,-3,3
297,141,152,-11,11
298,130,123,7,7
299,51,62,-11,11
300,66,66,0,0
301,75,74,1,1
302,186,160,26,26
303,86,81,5,5
304,141,139,2,2
305,83,83,0,0
306,85,85,0,0
307,148,134,14,14
308,87,87,0,0
309,77,72,5,5
310,27,40,-13,13
311,88,91,-3,3
312,92,91,1,1
313,86,92,-6,6
314,135,134,1,1
315,77,73,4,4
316,73,72,1,1
317,133,139,-6,6
318,51,57,-6,6
319,125,117,8,8
320,98,108,-10,10
321,143,131,12,12
322,140,133,7,7
323,87,97,-10,10
324,89,77,12,12
325,69,74,-5,5
326,96,79,17,17
327,127,119,8,8
328,79,74,5,5
329,137,119,18,18
330,85,91,-6,6
331,84,93,-9,9
332,52,68,-16,16
333,77,74,3,3
334,78,84,-6,6
335,104,100,4,4
336,89,95,-6,6
337,89,33,56,56
338,56,55,1,1
339,106,91,15,15
340,71,70,1,1
341,132,119,13,13
342,82,76,6,6
343,100,96,4,4
344,51,65,-14,14
345,66,68,-2,2
346,85,78,7,7
347,112,111,1,1
348,34,54,-20,20
349,134,116,18,18
350,93,100,-7,7
351,114,129,-15,15
352,137,123,14,14
353,88,92,-4,4
354,108,112,-4,4
355,106,103,3,3
356,146,174,-28,28
357,54,67,-13,13
358,170,140,30,30
359,86,79,7,7
360,110,95,15,15
361,82,81,1,1
362,101,99,2,2
363,64,73,-9,9
364,44,53,-9,9
365,84,87,-3,3
366,60,63,-3,3
367,101,105,-4,4
368,120,108,12,12
369,60,63,-3,3
370,130,125,5,5
371,41,50,-9,9
372,116,107,9,9
373,58,63,-5,5
374,77,75,2,2
375,96,104,-8,8
376,88,95,-7,7
377,103,103,0,0
378,35,38,-3,3
379,64,63,1,1
380,86,76,10,10
381,89,94,-5,5
382,108,105,3,3
383,116,108,8,8
384,82,84,-2,2
385,65,69,-4,4
386,64,74,-10,10
387,134,126,8,8
388,65,72,-7,7
389,77,76,1,1
390,120,121,-1,1
391,54,63,-9,9
392,90,92,-2,2
393,87,92,-5,5
394,97,94,3,3
395,17,32,-15,15
396,69,91,-22,22
397,31,40,-9,9
398,90,93,-3,3
399,104,104,0,0
400,97,97,0,0
401,52,62,-10,10
402,81,83,-2,2
403,88,90,-2,2
404,150,148,2,2
405,103,111,-8,8
406,47,47,0,0
407,119,114,5,5
408,107,115,-8,8
409,88,67,21,21
410,85,86,-1,1
411,95,96,-1,1
412,89,84,5,5
413,87,95,-8,8
414,148,132,16,16
415,98,96,2,2
416,148,147,1,1
417,77,86,-9,9
418,70,75,-5,5
419,64,68,-4,4
420,110,125,-15,15
421,143,144,-1,1
422,122,163,-41,41
423,82,84,-2,2
424,112,108,4,4
425,128,127,1,1
426,148,143,5,5
427,80,81,-1,1
428,56,66,-10,10
429,90,91,-1,1
430,110,110,0,0
431,88,102,-14,14
432,91,93,-2,2
433,99,103,-4,4
434,122,115,7,7
435,66,71,-5,5
436,106,102,4,4
437,65,64,1,1
438,164,151,13,13
439,68,67,1,1
440,48,71,-23,23
441,88,82,6,6
442,107,108,-1,1
443,58,68,-10,10
444,91,91,0,0
445,113,107,6,6
446,107,102,5,5
447,101,98,3,3
448,72,86,-14,14
449,134,129,5,5
450,87,91,-4,4
451,64,71,-7,7
452,72,70,2,2
453,146,145,1,1
454,110,107,3,3
455,104,102,2,2
456,129,133,-4,4
457,134,137,-3,3
458,123,123,0,0
459,62,64,-2,2
460,71,71,0,0
461,58,67,-9,9
462,88,85,3,3
463,134,133,1,1
464,81,82,-1,1
465,77,96,-19,19
466,118,115,3,3
467,131,125,6,6
468,66,68,-2,2
469,61,67,-6,6
470,43,42,1,1
471,121,118,3,3
472,101,109,-8,8
473,112,103,9,9
474,67,67,0,0
475,88,85,3,3
476,57,55,2,2
477,93,86,7,7
478,77,64,13,13
479,57,62,-5,5
480,55,70,-15,15
481,68,73,-5,5
482,118,111,7,7
483,63,69,-6,6
484,110,113,-3,3
485,58,62,-4,4
486,119,108,11,11
487,110,138,-28,28
488,146,139,7,7
489,50,51,-1,1
490,104,104,0,0
491,136,124,12,12
492,145,148,-3,3
493,110,102,8,8
494,124,130,-6,6
495,117,113,4,4
496,134,127,7,7
497,98,92,6,6
498,104,122,-18,18
499,78,75,3,3
500,100,94,6,6
501,45,57,-12,12
502,108,112,-4,4
503,50,58,-8,8
504,69,77,-8,8
505,106,104,2,2
506,66,65,1,1
507,61,69,-8,8
508,96,95,1,1
509,96,98,-2,2
510,53,59,-6,6
511,93,97,-4,4
512,80,74,6,6
513,73,74,-1,1
514,70,80,-10,10
515,100,93,7,7
516,137,130,7,7
517,114,113,1,1
518,70,73,-3,3
519,55,69,-14,14
520,108,94,14,14
521,138,131,7,7
522,95,100,-5,5
523,142,135,7,7
524,83,82,1,1
525,122,114,8,8
526,97,96,1,1
527,56,56,0,0
528,122,114,8,8
529,73,77,-4,4
530,69,65,4,4
531,95,102,-7,7
532,68,75,-7,7
533,95,92,3,3
534,78,92,-14,14
535,90,93,-3,3
536,106,104,2,2
537,42,52,-10,10
538,76,81,-5,5
539,157,162,-5,5
540,119,112,7,7
541,99,103,-4,4
542,61,72,-11,11
543,102,99,3,3
544,92,96,-4,4
545,124,112,12,12
546,82,91,-9,9
547,76,82,-6,6
548,67,72,-5,5
549,148,138,10,10
550,74,79,-5,5
551,66,72,-6,6
552,108,106,2,2
553,64,68,-4,4
554,102,105,-3,3
555,63,66,-3,3
556,66,63,3,3
557,74,73,1,1
558,74,75,-1,1
559,67,71,-4,4
560,86,99,-13,13
561,81,94,-13,13
562,90,94,-4,4
563,47,57,-10,10
564,68,78,-10,10
565,88,79,9,9
566,83,82,1,1
567,76,75,1,1
568,55,59,-4,4
569,100,108,-8,8
570,108,120,-12,12
571,178,161,17,17
572,80,78,2,2
573,82,89,-7,7
574,149,136,13,13
575,69,73,-4,4
576,70,78,-8,8
577,90,104,-14,14
578,91,92,-1,1
579,75,71,4,4
580,88,90,-2,2
581,134,118,16,16
582,49,60,-11,11
583,51,54,-3,3
584,113,106,7,7
585,88,90,-2,2
586,53,53,0,0
587,84,72,12,12
588,105,102,3,3
589,85,83,2,2
590,105,102,3,3
591,75,75,0,0
592,139,133,6,6
593,103,100,3,3
594,87,94,-7,7
595,65,75,-10,10
596,74,74,0,0
597,98,107,-9,9
598,110,104,6,6
599,112,106,6,6
600,88,84,4,4
601,85,87,-2,2
602,55,60,-5,5
603,86,88,-2,2
604,124,126,-2,2
605,114,114,0,0
606,57,62,-5,5
607,56,61,-5,5
608,78,73,5,5
609,122,132,-10,10
610,79,73,6,6
611,81,77,4,4
612,117,110,7,7
613,112,118,-6,6
614,95,100,-5,5
615,195,174,21,21
616,76,91,-15,15
617,104,98,6,6
618,112,104,8,8
619,103,106,-3,3
620,91,95,-4,4
621,105,99,6,6
622,127,107,20,20
623,60,68,-8,8
624,111,108,3,3
625,106,106,0,0
626,109,106,3,3
627,85,91,-6,6
628,67,73,-6,6
629,81,88,-7,7
630,83,85,-2,2
631,56,65,-9,9
632,92,91,1,1
633,71,83,-12,12
634,95,91,4,4
635,93,95,-2,2
636,144,143,1,1
637,53,58,-5,5
638,77,90,-13,13
639,71,71,0,0
640,95,100,-5,5
641,95,103,-8,8
642,61,62,-1,1
643,141,125,16,16
644,133,126,7,7
645,94,92,2,2
646,112,115,-3,3
647,84,87,-3,3
648,92,93,-1,1
649,84,83,1,1
650,94,102,-8,8
651,72,76,-4,4
652,102,115,-13,13
653,61,68,-7,7
654,108,112,-4,4
655,105,104,1,1
656,85,94,-9,9
657,74,81,-7,7
658,50,57,-7,7
659,101,100,1,1
660,82,77,5,5
661,108,93,15,15
662,148,137,11,11
663,126,116,10,10
664,136,144,-8,8
665,75,76,-1,1
666,36,39,-3,3
667,42,60,-18,18
668,69,68,1,1
669,126,123,3,3
670,109,101,8,8
671,90,89,1,1
672,116,108,8,8
673,151,180,-29,29
674,147,140,7,7
675,52,94,-42,42
676,107,114,-7,7
677,90,92,-2,2
678,162,146,16,16
679,103,105,-2,2
680,150,134,16,16
681,62,81,-19,19
682,111,107,4,4
683,77,90,-13,13
684,166,163,3,3
685,151,153,-2,2
686,116,117,-1,1
687,79,81,-2,2
688,94,115,-21,21
689,110,113,-3,3
690,152,136,16,16
691,176,155,21,21
692,92,96,-4,4
693,156,144,12,12
694,92,95,-3,3
695,77,76,1,1
696,32,54,-22,22
697,87,93,-6,6
698,108,109,-1,1
699,104,93,11,11
700,70,72,-2,2
701,66,54,12,12
702,118,114,4,4
703,65,69,-4,4
704,111,102,9,9
705,74,72,2,2
706,81,90,-9,9
707,88,82,6,6
708,87,83,4,4
709,116,123,-7,7
710,47,45,2,2
711,95,101,-6,6
712,44,49,-5,5
713,91,104,-13,13
714,83,85,-2,2
715,137,131,6,6
716,80,83,-3,3
717,147,135,12,12
718,119,126,-7,7
719,137,114,23,23
720,133,142,-9,9
721,89,96,-7,7
722,150,139,11,11
723,108,102,6,6
724,96,84,12,12
725,88,90,-2,2
726,140,129,11,11
727,128,128,0,0
728,53,59,-6,6
729,100,111,-11,11
730,58,70,-12,12
731,110,106,4,4
732,125,116,9,9
733,124,109,15,15
734,109,124,-15,15
735,122,120,2,2
736,95,97,-2,2
737,93,96,-3,3
738,85,79,6,6
739,98,84,14,14
740,68,74,-6,6
741,48,46,2,2
742,97,101,-4,4
743,81,83,-2,2
744,88,85,3,3
745,91,110,-19,19
746,64,68,-4,4
747,204,185,19,19
748,114,109,5,5
749,185,152,33,33
750,75,75,0,0
751,70,66,4,4
752,145,141,4,4
753,87,86,1,1
754,45,57,-12,12
755,73,73,0,0
756,125,129,-4,4
757,60,68,-8,8
758,95,97,-2,2
759,119,99,20,20
760,76,74,2,2
761,56,64,-8,8
762,44,61,-17,17
763,98,103,-5,5
764,86,82,4,4
765,161,140,21,21
766,102,117,-15,15
767,103,102,1,1
768,69,74,-5,5
769,151,155,-4,4
770,92,74,18,18
771,80,91,-11,11
772,87,92,-5,5
773,108,102,6,6
774,51,58,-7,7
775,110,107,3,3
776,64,66,-2,2
777,73,71,2,2
778,92,91,1,1
779,93,94,-1,1
780,103,103,0,0
781,49,47,2,2
782,71,78,-7,7
783,70,71,-1,1
784,67,68,-1,1
785,100,102,-2,2
786,93,100,-7,7
787,75,79,-4,4
788,97,102,-5,5
789,84,89,-5,5
790,140,125,15,15
791,151,136,15,15
792,78,82,-4,4
793,79,81,-2,2
794,108,117,-9,9
795,95,96,-1,1
796,98,95,3,3
797,119,121,-2,2
798,83,99,-16,16
799,67,70,-3,3
800,64,68,-4,4
801,102,97,5,5
802,75,78,-3,3
803,68,82,-14,14
804,78,79,-1,1
805,53,60,-7,7
806,126,124,2,2
807,89,96,-7,7
808,85,97,-12,12
809,64,71,-7,7
810,85,83,2,2
811,74,73,1,1
812,66,68,-2,2
813,79,74,5,5
814,125,106,19,19
815,119,111,8,8
816,26,46,-20,20
817,66,71,-5,5
818,88,85,3,3
819,111,97,14,14
820,86,83,3,3
821,76,90,-14,14
822,86,83,3,3
823,145,129,16,16
824,46,52,-6,6
825,107,102,5,5
826,99,91,8,8
827,63,68,-5,5
828,68,72,-4,4
829,100,94,6,6
830,110,117,-7,7
831,77,79,-2,2
832,66,72,-6,6
833,64,66,-2,2
834,77,90,-13,13
835,144,143,1,1
836,106,102,4,4
837,93,98,-5,5
838,73,81,-8,8
839,103,108,-5,5
840,105,106,-1,1
841,75,79,-4,4
842,83,82,1,1
843,112,111,1,1
844,156,142,14,14
845,156,141,15,15
846,77,85,-8,8
847,76,76,0,0
848,95,94,1,1
849,41,54,-13,13
850,106,116,-10,10
851,135,131,4,4
852,92,98,-6,6
853,91,97,-6,6
854,112,108,4,4
855,84,92,-8,8
856,77,73,4,4
857,29,60,-31,31
858,64,71,-7,7
859,143,127,16,16
860,59,60,-1,1
861,155,147,8,8
862,207,166,41,41
863,129,117,12,12
864,115,109,6,6
865,108,100,8,8
866,162,144,18,18
867,69,76,-7,7
868,62,75,-13,13
869,79,97,-18,18
870,57,61,-4,4
871,90,92,-2,2
872,98,97,1,1
873,108,107,1,1
874,80,100,-20,20
875,114,106,8,8
876,57,58,-1,1
877,41,108,-67,67
878,90,90,0,0
879,84,73,11,11
880,87,92,-5,5
881,70,82,-12,12
882,109,107,2,2
883,76,76,0,0
884,62,57,5,5
885,83,81,2,2
886,124,133,-9,9
887,122,122,0,0
888,55,60,-5,5
889,108,115,-7,7
890,109,112,-3,3
891,52,60,-8,8
892,134,117,17,17
893,60,57,3,3
894,71,73,-2,2
895,123,116,7,7
896,60,67,-7,7
897,140,130,10,10
898,109,96,13,13
899,150,158,-8,8
900,74,79,-5,5
901,94,85,9,9
902,71,75,-4,4
903,139,131,8,8
904,87,97,-10,10
905,72,76,-4,4
906,53,56,-3,3
907,163,144,19,19
908,111,97,14,14
909,70,66,4,4
910,46,50,-4,4
911,138,133,5,5
912,127,121,6,6
913,70,69,1,1
914,107,115,-8,8
915,64,65,-1,1
916,69,80,-11,11
917,196,181,15,15
918,136,133,3,3
919,52,47,5,5
920,79,86,-7,7
921,109,117,-8,8
922,78,83,-5,5
923,115,113,2,2
924,77,83,-6,6
925,110,108,2,2
926,74,72,2,2
927,49,53,-4,4
928,55,59,-4,4
929,145,134,11,11
930,119,116,3,3
931,96,96,0,0
932,196,185,11,11
933,72,78,-6,6
934,90,102,-12,12
935,62,105,-43,43
936,118,103,15,15
937,137,138,-1,1
938,79,83,-4,4
939,152,140,12,12
940,87,96,-9,9
941,112,112,0,0
942,62,67,-5,5
943,72,77,-5,5
944,109,106,3,3
945,83,81,2,2
946,68,68,0,0
947,97,102,-5,5
948,59,62,-3,3
949,173,153,20,20
950,73,73,0,0
951,85,91,-6,6
952,62,68,-6,6
953,75,73,2,2
954,90,94,-4,4
955,93,101,-8,8
956,98,100,-2,2
957,116,114,2,2
958,50,49,1,1
959,106,107,-1,1
960,114,107,7,7
961,98,92,6,6
962,184,177,7,7
963,69,75,-6,6
964,147,140,7,7
965,29,63,-34,34
966,108,115,-7,7
967,65,71,-6,6
968,96,100,-4,4
969,84,92,-8,8
970,70,70,0,0
971,162,153,9,9
972,112,117,-5,5
973,71,71,0,0
974,139,129,10,10
975,72,81,-9,9
976,68,73,-5,5
977,76,82,-6,6
978,87,83,4,4
979,52,54,-2,2
980,115,110,5,5
981,161,148,13,13
982,88,80,8,8
983,107,104,3,3
984,84,81,3,3
985,90,88,2,2
986,55,63,-8,8
987,138,127,11,11
988,90,92,-2,2
989,114,106,8,8
990,111,123,-12,12
991,44,46,-2,2
992,111,116,-5,5
993,128,111,17,17
994,98,96,2,2
995,93,90,3,3
996,74,74,0,0
997,130,128,2,2
998,82,95,-13,13
999,178,154,24,24
1000,42,49,-7,7
1001,96,92,4,4
1002,39,56,-17,17
1003,75,84,-9,9
1004,147,139,8,8
1005,102,107,-5,5
1006,212,189,23,23
1007,64,68,-4,4
1008,91,91,0,0
1009,39,46,-7,7
1010,92,102,-10,10
1011,159,145,14,14
1012,119,109,10,10
1013,128,125,3,3
1014,125,121,4,4
1015,63,67,-4,4
1016,117,110,7,7
1017,117,117,0,0
1018,35,44,-9,9
1019,108,110,-2,2
1020,108,105,3,3
1021,77,79,-2,2
1022,88,91,-3,3
1023,45,56,-11,11
1024,88,101,-13,13
1025,110,102,8,8
1026,93,92,1,1
1027,77,84,-7,7
1028,144,131,13,13
1029,63,71,-8,8
1030,56,56,0,0
1031,143,131,12,12
1032,119,128,-9,9
1033,85,82,3,3
1034,94,94,0,0
1035,115,122,-7,7
1036,117,116,1,1
1037,71,70,1,1
1038,79,84,-5,5
1039,119,88,31,31
1040,78,78,0,0
1041,101,111,-10,10
1042,89,101,-12,12
1043,91,101,-10,10
1044,112,106,6,6
1045,131,132,-1,1
1046,43,51,-8,8
1047,162,152,10,10
1048,55,62,-7,7
1049,116,117,-1,1
1050,49,54,-5,5
1051,88,82,6,6
1052,108,104,4,4
1053,72,69,3,3
1054,115,111,4,4
1055,55,62,-7,7
1056,146,133,13,13
1057,97,81,16,16
1058,81,82,-1,1
1059,146,134,12,12
1060,133,123,10,10
1061,62,69,-7,7
1062,148,140,8,8
1063,98,91,7,7
1064,81,73,8,8
1065,73,78,-5,5
1066,81,74,7,7
1067,148,138,10,10
1068,141,126,15,15
1069,56,52,4,4
1070,123,116,7,7
1071,83,74,9,9
1072,117,116,1,1
1073,99,101,-2,2
1074,99,104,-5,5
1075,64,67,-3,3
1076,92,90,2,2
1077,40,40,0,0
1078,183,158,25,25
1079,44,60,-16,16
1080,115,114,1,1
1081,49,53,-4,4
1082,127,122,5,5
1083,155,139,16,16
1084,81,93,-12,12
1085,92,91,1,1
1086,74,68,6,6
1087,108,109,-1,1
1088,57,62,-5,5
1089,61,68,-7,7
1090,125,131,-6,6
1091,97,93,4,4
1092,60,99,-39,39
1093,78,78,0,0
1094,71,83,-12,12
1095,84,89,-5,5
1096,177,159,18,18
1097,80,80,0,0
1098,130,132,-2,2
1099,81,90,-9,9
1100,88,93,-5,5
1101,56,59,-3,3
1102,149,136,13,13
1103,92,83,9,9
1104,90,92,-2,2
1105,45,54,-9,9
1106,63,74,-11,11
1107,92,94,-2,2
1108,124,122,2,2
1109,140,134,6,6
1110,122,130,-8,8
1111,47,54,-7,7
1112,67,74,-7,7
1113,199,176,23,23
1114,110,129,-19,19
1115,78,85,-7,7
1116,42,47,-5,5
1117,51,59,-8,8
1118,183,155,28,28
1119,160,156,4,4
1120,117,115,2,2
1121,70,75,-5,5
1122,90,85,5,5
1123,101,107,-6,6
1124,73,75,-2,2
1125,64,68,-4,4
1126,69,72,-3,3
1127,98,102,-4,4
1128,121,118,3,3
1129,83,84,-1,1
1130,170,163,7,7
1131,80,82,-2,2
1132,68,73,-5,5
1133,130,138,-8,8
1134,66,74,-8,8
1135,65,90,-25,25
1136,95,95,0,0
1137,99,100,-1,1
1138,95,115,-20,20
1139,174,160,14,14
1140,154,134,20,20
1141,121,110,11,11
1142,109,101,8,8
1143,87,103,-16,16
1144,61,56,5,5
1145,96,99,-3,3
1146,96,97,-1,1
1147,118,115,3,3
1148,97,90,7,7
1149,105,102,3,3
1150,87,85,2,2
1151,104,101,3,3
1152,80,93,-13,13
1153,54,61,-7,7
1154,92,94,-2,2
1155,48,55,-7,7
1156,78,84,-6,6
1157,136,120,16,16
1158,139,130,9,9
1159,61,106,-45,45
1160,83,87,-4,4
1161,103,111,-8,8
1162,128,126,2,2
1163,131,124,7,7
1164,76,73,3,3
1165,74,69,5,5
1166,135,133,2,2
1167,73,79,-6,6
1168,115,120,-5,5
1169,81,90,-9,9
1170,140,132,8,8
1171,69,76,-7,7
1172,46,54,-8,8
1173,109,103,6,6
1174,197,172,25,25
1175,111,118,-7,7
1176,100,101,-1,1
1177,77,76,1,1
1178,66,73,-7,7
1179,67,71,-4,4
1180,120,136,-16,16
1181,349,304,45,45
1182,78,75,3,3
1183,118,125,-7,7
1184,51,67,-16,16
1185,82,91,-9,9
1186,49,49,0,0
1187,72,74,-2,2
1188,112,218,-106,106
1189,140,117,23,23
1190,69,64,5,5
1191,94,100,-6,6
1192,69,72,-3,3
1193,96,101,-5,5
1194,77,114,-37,37
1195,92,104,-12,12
1196,141,142,-1,1
1197,94,96,-2,2
1198,92,84,8,8
1199,96,114,-18,18
1200,69,66,3,3
1201,35,51,-16,16
1202,78,77,1,1
1203,113,115,-2,2
1204,99,94,5,5
1205,108,105,3,3
1206,118,109,9,9
1207,95,94,1,1
1208,106,110,-4,4
1209,101,85,16,16
1210,77,92,-15,15
1211,97,93,4,4
1212,86,84,2,2
1213,60,65,-5,5
1214,101,109,-8,8
1215,105,99,6,6
1216,73,76,-3,3
1217,90,90,0,0
1218,121,110,11,11
1219,80,87,-7,7
1220,85,96,-11,11
1221,158,151,7,7
1222,75,81,-6,6
1223,70,77,-7,7
1224,66,73,-7,7
1225,107,102,5,5
1226,182,173,9,9
1227,134,127,7,7
1228,103,100,3,3
1229,69,76,-7,7
1230,95,91,4,4
1231,33,39,-6,6
1232,58,62,-4,4
1233,63,71,-8,8
1234,115,99,16,16
1235,111,101,10,10
1236,128,116,12,12
1237,141,129,12,12
1238,50,58,-8,8
1239,129,113,16,16
1240,49,62,-13,13
1241,91,90,1,1
1242,131,122,9,9
1243,120,110,10,10
1244,91,93,-2,2
1245,108,109,-1,1
1246,70,75,-5,5
1247,51,54,-3,3
1248,92,103,-11,11
1249,77,79,-2,2
1250,149,137,12,12
1251,117,110,7,7
1252,144,138,6,6
1253,82,74,8,8
1254,107,107,0,0
1255,51,55,-4,4
1256,55,63,-8,8
1257,101,101,0,0
1258,99,94,5,5
1259,114,104,10,10
1260,55,67,-12,12
1261,83,83,0,0
1262,174,163,11,11
1263,136,130,6,6
1264,89,95,-6,6
1265,67,76,-9,9
1266,81,84,-3,3
1267,122,126,-4,4
1268,74,83,-9,9
1269,149,165,-16,16
1270,62,70,-8,8
1271,64,72,-8,8
1272,85,91,-6,6
1273,163,141,22,22
1274,72,70,2,2
1275,62,62,0,0
1276,50,58,-8,8
1277,57,65,-8,8
1278,82,93,-11,11
1279,58,62,-4,4
1280,51,55,-4,4
1281,63,69,-6,6
1282,125,134,-9,9
1283,78,86,-8,8
1284,57,60,-3,3
1285,65,67,-2,2
1286,111,115,-4,4
1287,90,89,1,1
1288,107,105,2,2
1289,81,79,2,2
1290,133,111,22,22
1291,111,118,-7,7
1292,64,76,-12,12
1293,56,79,-23,23
1294,51,60,-9,9
1295,64,66,-2,2
1296,156,150,6,6
1297,96,105,-9,9
1298,94,90,4,4
1299,65,94,-29,29
1300,167,154,13,13
1301,44,50,-6,6
1302,255,217,38,38
1303,80,79,1,1
1304,142,129,13,13
1305,73,66,7,7
1306,114,105,9,9
1307,81,74,7,7
1308,66,69,-3,3
1309,91,92,-1,1
1310,106,96,10,10
1311,84,92,-8,8
1312,120,119,1,1
1313,115,112,3,3
1314,130,123,7,7
1315,192,188,4,4
1316,150,138,12,12
1317,87,91,-4,4
1318,69,73,-4,4
1319,170,172,-2,2
1320,99,96,3,3
1321,72,82,-10,10
1322,106,102,4,4
1323,142,118,24,24
1324,44,49,-5,5
1325,87,95,-8,8
1326,72,77,-5,5
1327,116,107,9,9
1328,66,71,-5,5
1329,43,44,-1,1
1330,145,139,6,6
1331,92,91,1,1
1332,86,94,-8,8
1333,87,101,-14,14
1334,71,70,1,1
1335,136,126,10,10
1336,73,78,-5,5
1337,81,91,-10,10
1338,65,63,2,2
1339,97,90,7,7
1340,61,66,-5,5
1341,76,71,5,5
1342,55,56,-1,1
1343,100,96,4,4
1344,120,116,4,4
1345,110,119,-9,9
1346,103,104,-1,1
1347,57,62,-5,5
1348,95,84,11,11
1349,82,91,-9,9
1350,105,115,-10,10
1351,68,75,-7,7
1352,177,160,17,17
1353,97,95,2,2
1354,150,130,20,20
1355,38,46,-8,8
1356,85,83,2,2
1357,79,83,-4,4
1358,78,85,-7,7
1359,98,102,-4,4
1360,138,130,8,8
1361,92,86,6,6
1362,110,108,2,2
1363,135,139,-4,4
1364,96,99,-3,3
1365,107,102,5,5
1366,84,91,-7,7
1367,82,81,1,1
1368,87,105,-18,18
1369,58,65,-7,7
1370,55,54,1,1
1371,69,76,-7,7
1372,193,175,18,18
1373,102,107,-5,5
1374,105,102,3,3
1375,74,91,-17,17
1376,122,139,-17,17
1377,85,87,-2,2
1378,103,102,1,1
1379,139,126,13,13
1380,91,91,0,0
1381,84,96,-12,12
1382,155,141,14,14
1383,73,75,-2,2
1384,141,126,15,15
1385,70,68,2,2
1386,93,91,2,2
1387,100,94,6,6
1388,96,94,2,2
1389,56,62,-6,6
1390,93,116,-23,23
1391,97,117,-20,20
1392,43,47,-4,4
1393,58,61,-3,3
1394,107,103,4,4
1395,118,115,3,3
1396,64,57,7,7
1397,114,100,14,14
1398,84,82,2,2
1399,68,73,-5,5
1400,170,149,21,21
1401,121,118,3,3
1402,180,169,11,11
1403,81,84,-3,3
1404,131,123,8,8
1405,166,154,12,12
1406,83,87,-4,4
1407,107,96,11,11
1408,95,100,-5,5
1409,88,81,7,7
1410,149,136,13,13
1411,160,152,8,8
1412,112,108,4,4
1413,145,140,5,5
1414,38,39,-1,1
1415,104,101,3,3
1416,125,131,-6,6
1417,86,87,-1,1
1418,105,101,4,4
1419,44,55,-11,11
1420,116,104,12,12
1421,136,124,12,12
1422,149,137,12,12
1423,135,104,31,31
1424,51,55,-4,4
1425,94,104,-10,10
1426,88,102,-14,14
1427,128,129,-1,1
1428,148,139,9,9
1429,103,109,-6,6
1430,59,64,-5,5
1431,75,76,-1,1
1432,83,85,-2,2
1433,73,74,-1,1
1434,75,95,-20,20
1435,74,81,-7,7
1436,85,86,-1,1
1437,74,70,4,4
1438,99,101,-2,2
1439,122,119,3,3
1440,130,131,-1,1
1441,61,67,-6,6
1442,48,53,-5,5
1443,111,119,-8,8
1444,58,57,1,1
1445,61,78,-17,17
1446,129,128,1,1
1447,55,56,-1,1
1448,159,145,14,14
1449,81,82,-1,1
1450,44,54,-10,10
1451,64,63,1,1
1452,105,98,7,7
1453,131,126,5,5
1454,188,171,17,17
1455,107,102,5,5
1456,74,78,-4,4
1457,155,167,-12,12
1458,93,92,1,1
1459,125,124,1,1
1460,113,119,-6,6
1461,81,82,-1,1
1462,73,74,-1,1
1463,78,79,-1,1
1464,124,108,16,16
1465,68,75,-7,7
1466,90,94,-4,4
1467,108,99,9,9
1468,73,75,-2,2
1469,92,91,1,1
1470,118,116,2,2
1471,70,67,3,3
1472,98,100,-2,2
1473,70,70,0,0
1474,72,76,-4,4
1475,107,100,7,7
1476,112,109,3,3
1477,118,115,3,3
1478,86,88,-2,2
1479,114,96,18,18
1480,121,112,9,9
1481,120,107,13,13
1482,275,213,62,62
1483,98,91,7,7
1484,95,104,-9,9
1485,80,75,5,5
1486,126,126,0,0
1487,98,100,-2,2
1488,133,142,-9,9
1489,61,67,-6,6
1490,129,119,10,10
1491,117,115,2,2
1492,54,78,-24,24
1493,54,61,-7,7
1494,48,56,-8,8
1495,85,84,1,1
1496,56,78,-22,22
1497,77,92,-15,15
1498,140,123,17,17
1499,69,73,-4,4
1500,88,92,-4,4
1501,107,104,3,3
1502,81,83,-2,2
1503,134,120,14,14
1504,80,81,-1,1
1505,121,115,6,6
1506,111,108,3,3
1507,72,79,-7,7
1508,155,153,2,2
1509,61,68,-7,7
1510,70,77,-7,7
1511,55,59,-4,4
1512,74,75,-1,1
1513,151,143,8,8
1514,38,48,-10,10
1515,164,182,-18,18
1516,66,77,-11,11
1517,58,61,-3,3
1518,66,69,-3,3
1519,116,105,11,11
1520,71,90,-19,19
1521,99,102,-3,3
1522,108,118,-10,10
1523,77,82,-5,5
1524,56,63,-7,7
1525,126,112,14,14
1526,117,113,4,4
1527,71,69,2,2
1528,80,75,5,5
1529,69,72,-3,3
1530,76,69,7,7
1531,137,131,6,6
1532,184,165,19,19
1533,131,119,12,12
1534,149,139,10,10
1535,95,97,-2,2
1536,122,118,4,4
1537,54,54,0,0
1538,88,93,-5,5
1539,83,92,-9,9
1540,69,77,-8,8
1541,87,101,-14,14
1542,156,153,3,3
1543,118,120,-2,2
1544,55,62,-7,7
1545,83,83,0,0
1546,81,96,-15,15
1547,101,109,-8,8
1548,73,74,-1,1
1549,105,106,-1,1
1550,82,93,-11,11
1551,65,67,-2,2
1552,78,79,-1,1
1553,115,110,5,5
1554,133,121,12,12
1555,58,66,-8,8
1556,108,113,-5,5
1557,128,128,0,0
1558,136,118,18,18
1559,37,48,-11,11
1560,95,103,-8,8
1561,121,115,6,6
1562,87,85,2,2
1563,100,115,-15,15
1564,89,84,5,5
1565,126,127,-1,1
1566,109,120,-11,11
1567,103,102,1,1
1568,150,134,16,16
1569,94,125,-31,31
1570,148,152,-4,4
1571,60,65,-5,5
1572,70,72,-2,2
1573,131,131,0,0
1574,70,68,2,2
1575,95,102,-7,7
1576,66,73,-7,7
1577,86,81,5,5
1578,91,90,1,1
1579,75,83,-8,8
1580,46,52,-6,6
1581,100,105,-5,5
1582,98,93,5,5
1583,92,85,7,7
1584,112,103,9,9
1585,167,151,16,16
1586,90,99,-9,9
1587,109,101,8,8
1588,93,106,-13,13
1589,61,68,-7,7
1590,123,116,7,7
1591,93,96,-3,3
1592,74,71,3,3
1593,36,45,-9,9
1594,89,85,4,4
1595,144,152,-8,8
1596,80,82,-2,2
1597,114,110,4,4
1598,106,106,0,0
1599,57,63,-6,6
1600,70,82,-12,12
1601,112,115,-3,3
1602,92,88,4,4
1603,106,102,4,4
1604,122,125,-3,3
1605,128,119,9,9
1606,109,107,2,2
1607,75,74,1,1
1608,120,109,11,11
1609,60,60,0,0
1610,137,124,13,13
1611,78,84,-6,6
1612,93,101,-8,8
1613,91,93,-2,2
1614,84,83,1,1
1615,137,130,7,7
1616,43,53,-10,10
1617,74,64,10,10
1618,77,75,2,2
1619,114,116,-2,2
1620,104,94,10,10
1621,101,103,-2,2
1622,43,46,-3,3
1623,106,103,3,3
1624,90,91,-1,1
1625,114,116,-2,2
1626,82,73,9,9
1627,62,73,-11,11
1628,112,108,4,4
1629,46,57,-11,11
1630,104,91,13,13
1631,106,103,3,3
1632,62,64,-2,2
1633,123,120,3,3
1634,95,100,-5,5
1635,64,72,-8,8
1636,76,84,-8,8
1637,104,101,3,3
1638,126,120,6,6
1639,144,137,7,7
1640,119,122,-3,3
1641,74,73,1,1
1642,51,63,-12,12
1643,91,98,-7,7
1644,86,96,-10,10
1645,95,91,4,4
1646,72,75,-3,3
1647,162,144,18,18
1648,87,84,3,3
1649,91,96,-5,5
1650,122,131,-9,9
1651,70,73,-3,3
1652,106,114,-8,8
1653,89,98,-9,9
1654,59,58,1,1
1655,44,48,-4,4
1656,74,70,4,4
1657,77,82,-5,5
1658,135,126,9,9
1659,107,103,4,4
1660,64,66,-2,2
1661,52,72,-20,20
1662,61,68,-7,7
1663,74,74,0,0
1664,87,98,-11,11
1665,106,103,3,3
1666,64,68,-4,4
1667,70,74,-4,4
1668,77,80,-3,3
1669,62,64,-2,2
1670,67,67,0,0
1671,109,107,2,2
1672,118,118,0,0
1673,74,84,-10,10
1674,100,97,3,3
1675,83,99,-16,16
1676,83,76,7,7
1677,121,115,6,6
1678,79,89,-10,10
1679,46,51,-5,5
1680,92,86,6,6
1681,102,99,3,3
1682,103,96,7,7
1683,64,59,5,5
1684,101,96,5,5
1685,105,102,3,3
1686,55,60,-5,5
1687,66,67,-1,1
1688,60,65,-5,5
1689,62,70,-8,8
1690,150,146,4,4
1691,84,93,-9,9
1692,98,108,-10,10
1693,59,66,-7,7
1694,57,66,-9,9
1695,88,123,-35,35
1696,146,143,3,3
1697,58,64,-6,6
1698,73,69,4,4
1699,192,173,19,19
1700,58,58,0,0
1701,97,89,8,8
1702,84,85,-1,1
1703,149,139,10,10
1704,162,139,23,23
1705,53,69,-16,16
1706,48,61,-13,13
1707,103,111,-8,8
1708,64,67,-3,3
1709,85,81,4,4
1710,64,69,-5,5
1711,73,72,1,1
1712,72,70,2,2
1713,136,129,7,7
1714,103,96,7,7
1715,161,148,13,13
1716,89,91,-2,2
1717,102,98,4,4
1718,66,111,-45,45
1719,87,84,3,3
1720,101,103,-2,2
1721,90,99,-9,9
1722,108,112,-4,4
1723,59,67,-8,8
1724,118,111,7,7
1725,56,61,-5,5
1726,195,178,17,17
1727,70,71,-1,1
1728,90,95,-5,5
1729,108,115,-7,7
1730,118,130,-12,12
1731,74,80,-6,6
1732,115,109,6,6
1733,31,42,-11,11
1734,121,118,3,3
1735,43,46,-3,3
1736,78,76,2,2
1737,63,69,-6,6
1738,57,57,0,0
1739,53,62,-9,9
1740,63,68,-5,5
1741,88,91,-3,3
1742,80,91,-11,11
1743,133,137,-4,4
1744,90,85,5,5
1745,130,128,2,2
1746,70,71,-1,1
1747,169,144,25,25
1748,45,54,-9,9
1749,171,159,12,12
1750,84,84,0,0
1751,95,102,-7,7
1752,73,81,-8,8
1753,59,65,-6,6
1754,82,92,-10,10
1755,101,98,3,3
1756,77,89,-12,12
1757,57,68,-11,11
1758,97,94,3,3
1759,69,74,-5,5
1760,82,71,11,11
1761,60,80,-20,20
1762,70,73,-3,3
1763,79,83,-4,4
1764,127,117,10,10
1765,92,105,-13,13
1766,119,117,2,2
1767,59,62,-3,3
1768,66,72,-6,6
1769,44,51,-7,7
1770,46,48,-2,2
1771,129,115,14,14
1772,93,85,8,8
1773,98,124,-26,26
1774,89,84,5,5
1775,74,75,-1,1
1776,96,98,-2,2
1777,103,95,8,8
1778,84,93,-9,9
1779,75,73,2,2
1780,167,149,18,18
1781,85,91,-6,6
1782,108,116,-8,8
1783,59,62,-3,3
1784,101,102,-1,1
1785,76,77,-1,1
1786,118,117,1,1
1787,67,72,-5,5
1788,53,69,-16,16
1789,108,106,2,2
1790,103,99,4,4
1791,130,139,-9,9
1792,83,87,-4,4
1793,52,66,-14,14
1794,79,83,-4,4
1795,80,89,-9,9
1796,88,71,17,17
1797,55,65,-10,10
1798,53,59,-6,6
1799,116,106,10,10
1800,103,103,0,0
1801,73,83,-10,10
1802,72,76,-4,4
1803,155,143,12,12
1804,205,194,11,11
1805,55,60,-5,5
1806,119,116,3,3
1807,93,91,2,2
1808,81,88,-7,7
1809,93,93,0,0
1810,121,121,0,0
1811,62,63,-1,1
1812,61,69,-8,8
1813,113,114,-1,1
1814,79,78,1,1
1815,130,129,1,1
1816,68,76,-8,8
1817,81,83,-2,2
1818,114,105,9,9
1819,101,90,11,11
1820,63,60,3,3
1821,87,103,-16,16
1822,117,116,1,1
1823,114,115,-1,1
1824,109,105,4,4
1825,96,93,3,3
1826,54,63,-9,9
1827,132,127,5,5
1828,85,97,-12,12
1829,70,71,-1,1
1830,60,59,1,1
1831,68,70,-2,2
1832,48,50,-2,2
1833,75,82,-7,7
1834,126,116,10,10
1835,106,101,5,5
1836,60,66,-6,6
1837,70,68,2,2
1838,52,50,2,2
1839,86,81,5,5
1840,74,71,3,3
1841,118,109,9,9
1842,43,53,-10,10
1843,207,187,20,20
1844,97,92,5,5
1845,78,79,-1,1
1846,100,104,-4,4
1847,108,102,6,6
1848,73,74,-1,1
1849,151,139,12,12
1850,45,51,-6,6
1851,81,79,2,2
1852,68,72,-4,4
1853,140,148,-8,8
1854,121,111,10,10
1855,88,104,-16,16
1856,42,50,-8,8
1857,76,80,-4,4
1858,89,86,3,3
1859,61,65,-4,4
1860,98,92,6,6
1861,78,85,-7,7
1862,54,63,-9,9
1863,128,143,-15,15
1864,160,151,9,9
1865,65,71,-6,6
1866,109,103,6,6
1867,149,153,-4,4
1868,112,106,6,6
1869,78,77,1,1
1870,61,62,-1,1
1871,82,81,1,1
1872,54,57,-3,3
1873,45,58,-13,13
1874,102,100,2,2
1875,92,95,-3,3
1876,121,118,3,3
1877,119,119,0,0
1878,84,82,2,2
1879,99,105,-6,6
1880,116,117,-1,1
1881,119,115,4,4
1882,157,151,6,6
1883,119,107,12,12
1884,92,90,2,2
1885,60,70,-10,10
1886,101,102,-1,1
1887,90,97,-7,7
1888,132,137,-5,5
1889,156,147,9,9
1890,101,102,-1,1
1891,88,85,3,3
1892,141,115,26,26
1893,56,65,-9,9
1894,85,79,6,6
1895,182,164,18,18
1896,127,111,16,16
1897,76,75,1,1
1898,83,82,1,1
1899,59,64,-5,5
1900,33,43,-10,10
1901,38,46,-8,8
1902,90,83,7,7
1903,87,102,-15,15
1904,81,91,-10,10
1905,123,124,-1,1
1906,111,106,5,5
1907,207,212,-5,5
1908,140,133,7,7
1909,90,91,-1,1
1910,67,74,-7,7
1911,102,133,-31,31
1912,65,68,-3,3
1913,81,87,-6,6
1914,75,75,0,0
1915,93,100,-7,7
1916,87,102,-15,15
1917,183,160,23,23
1918,95,96,-1,1
1919,200,193,7,7
1920,95,97,-2,2
1921,199,178,21,21
1922,87,64,23,23
1923,56,58,-2,2
1924,55,71,-16,16
1925,90,100,-10,10
1926,64,74,-10,10
1927,57,62,-5,5
1928,179,183,-4,4
1929,78,79,-1,1
1930,54,60,-6,6
1931,112,104,8,8
1932,69,85,-16,16
1933,73,82,-9,9
1934,64,70,-6,6
1935,65,74,-9,9
1936,63,67,-4,4
1937,159,144,15,15
1938,71,76,-5,5
1939,90,87,3,3
1940,116,114,2,2
1941,110,105,5,5
1942,80,83,-3,3
1943,116,119,-3,3
1944,101,105,-4,4
1945,145,138,7,7
1946,144,141,3,3
1947,163,150,13,13
1948,115,126,-11,11
1949,115,118,-3,3
1950,102,106,-4,4
1951,105,98,7,7
1952,61,63,-2,2
1953,74,76,-2,2
1954,88,92,-4,4
1955,86,83,3,3
1956,98,101,-3,3
1957,113,108,5,5
1958,82,73,9,9
1959,124,109,15,15
1960,76,74,2,2
1961,137,134,3,3
1962,88,102,-14,14
1963,130,123,7,7
1964,75,71,4,4
1965,97,85,12,12
1966,114,119,-5,5
1967,92,93,-1,1
1968,106,107,-1,1
1969,89,94,-5,5
1970,72,93,-21,21
1971,92,93,-1,1
1972,66,69,-3,3
1973,26,30,-4,4
1974,106,103,3,3
1975,82,90,-8,8
1976,112,113,-1,1
1977,94,91,3,3
1978,106,105,1,1
1979,114,105,9,9
1980,85,102,-17,17
1981,144,143,1,1
1982,137,122,15,15
1983,56,67,-11,11
1984,62,55,7,7
1985,65,73,-8,8
1986,71,78,-7,7
1987,78,91,-13,13
1988,66,63,3,3
1989,106,109,-3,3
1990,74,102,-28,28
1991,46,119,-73,73
1992,140,127,13,13
1993,129,124,5,5
1994,83,89,-6,6
1995,81,90,-9,9
1996,49,55,-6,6
1997,124,117,7,7
1998,42,43,-1,1
1999,89,87,2,2
2000,101,96,5,5
2001,184,191,-7,7
2002,113,109,4,4
2003,212,198,14,14
2004,120,108,12,12
2005,95,100,-5,5
2006,120,117,3,3
2007,97,95,2,2
2008,72,74,-2,2
2009,80,72,8,8
2010,87,102,-15,15
2011,100,102,-2,2
2012,185,175,10,10
2013,90,92,-2,2
2014,77,82,-5,5
2015,67,74,-7,7
2016,63,71,-8,8
2017,74,76,-2,2
2018,104,100,4,4
2019,129,127,2,2
2020,73,73,0,0
2021,128,123,5,5
2022,64,69,-5,5
2023,88,82,6,6
2024,47,58,-11,11
2025,68,68,0,0
2026,75,71,4,4
2027,75,75,0,0
2028,80,85,-5,5
2029,61,69,-8,8
2030,74,76,-2,2
2031,79,85,-6,6
2032,62,72,-10,10
2033,121,125,-4,4
2034,77,79,-2,2
2035,104,106,-2,2
2036,116,115,1,1
2037,61,76,-15,15
2038,86,84,2,2
2039,83,95,-12,12
2040,119,116,3,3
2041,109,114,-5,5
2042,83,98,-15,15
2043,66,74,-8,8
2044,112,111,1,1
2045,110,110,0,0
2046,115,121,-6,6
2047,97,101,-4,4
2048,115,114,1,1
2049,78,86,-8,8
2050,58,63,-5,5
2051,98,101,-3,3
2052,104,100,4,4
2053,109,103,6,6
2054,143,131,12,12
2055,98,99,-1,1
2056,56,66,-10,10
2057,61,67,-6,6
2058,86,82,4,4
2059,73,74,-1,1
2060,101,97,4,4
2061,165,149,16,16
2062,64,52,12,12
2063,62,63,-1,1
2064,68,70,-2,2
2065,101,104,-3,3
2066,72,82,-10,10
2067,56,61,-5,5
2068,109,100,9,9
2069,63,62,1,1
2070,48,54,-6,6
2071,134,133,1,1
2072,91,102,-11,11
2073,80,86,-6,6
2074,112,108,4,4
2075,49,56,-7,7
2076,91,90,1,1
2077,75,84,-9,9
2078,86,75,11,11
2079,142,125,17,17
2080,79,75,4,4
2081,122,128,-6,6
2082,139,133,6,6
2083,79,71,8,8
2084,184,163,21,21
2085,134,161,-27,27
2086,99,95,4,4
2087,59,71,-12,12
2088,77,83,-6,6
2089,84,84,0,0
2090,116,117,-1,1
2091,41,45,-4,4
2092,70,70,0,0
2093,39,46,-7,7
2094,82,85,-3,3
2095,58,63,-5,5
2096,166,155,11,11
2097,71,74,-3,3
2098,119,114,5,5
2099,92,101,-9,9
2100,116,117,-1,1
2101,121,110,11,11
2102,106,104,2,2
2103,82,83,-1,1
2104,137,134,3,3
2105,113,118,-5,5
2106,84,94,-10,10
2107,136,124,12,12
2108,57,62,-5,5
2109,142,131,11,11
2110,55,55,0,0
2111,82,82,0,0
2112,208,187,21,21
2113,101,91,10,10
2114,156,157,-1,1
2115,175,153,22,22
2116,137,115,22,22
2117,105,117,-12,12
2118,84,92,-8,8
2119,78,84,-6,6
2120,115,104,11,11
2121,74,74,0,0
2122,67,70,-3,3
2123,46,53,-7,7
2124,123,117,6,6
2125,68,68,0,0
2126,110,115,-5,5
2127,95,95,0,0
2128,77,89,-12,12
2129,86,96,-10,10
2130,62,63,-1,1
2131,91,83,8,8
2132,76,77,-1,1
2133,92,77,15,15
2134,98,92,6,6
2135,108,104,4,4
2136,142,136,6,6
2137,111,89,22,22
2138,96,102,-6,6
2139,86,90,-4,4
2140,138,129,9,9
2141,89,98,-9,9
2142,149,127,22,22
2143,82,87,-5,5
2144,135,133,2,2
2145,94,92,2,2
2146,79,80,-1,1
2147,84,85,-1,1
2148,44,82,-38,38
2149,46,64,-18,18
2150,96,96,0,0
2151,114,108,6,6
2152,57,62,-5,5
2153,79,79,0,0
2154,78,91,-13,13
2155,117,135,-18,18
2156,98,93,5,5
2157,57,58,-1,1
2158,99,93,6,6
2159,97,93,4,4
2160,98,93,5,5
2161,70,70,0,0
2162,102,107,-5,5
2163,82,88,-6,6
2164,81,83,-2,2
2165,69,74,-5,5
2166,66,66,0,0
2167,97,88,9,9
2168,86,91,-5,5
2169,58,61,-3,3
2170,83,93,-10,10
2171,78,80,-2,2
2172,64,64,0,0
2173,127,100,27,27
2174,73,64,9,9
2175,70,83,-13,13
2176,93,96,-3,3
2177,116,115,1,1
2178,103,92,11,11
2179,44,48,-4,4
2180,84,101,-17,17
2181,116,99,17,17
2182,102,107,-5,5
2183,56,55,1,1
2184,117,111,6,6
2185,111,112,-1,1
2186,82,92,-10,10
2187,115,108,7,7
2188,96,104,-8,8
2189,137,112,25,25
2190,111,109,2,2
2191,63,69,-6,6
2192,65,66,-1,1
2193,57,58,-1,1
2194,82,73,9,9
2195,64,89,-25,25
2196,100,99,1,1
2197,68,68,0,0
2198,57,65,-8,8
2199,76,72,4,4
2200,138,129,9,9
2201,61,71,-10,10
2202,80,91,-11,11
2203,98,103,-5,5
2204,137,136,1,1
2205,101,95,6,6
2206,122,122,0,0
2207,75,85,-10,10
2208,118,113,5,5
2209,87,94,-7,7
2210,116,109,7,7
2211,97,100,-3,3
2212,147,157,-10,10
2213,74,73,1,1
2214,55,65,-10,10
2215,110,100,10,10
2216,93,94,-1,1
2217,64,74,-10,10
2218,105,112,-7,7
2219,70,101,-31,31
2220,92,90,2,2
2221,63,68,-5,5
2222,93,96,-3,3
2223,60,70,-10,10
2224,82,84,-2,2
2225,108,105,3,3
2226,118,113,5,5
2227,167,161,6,6
2228,112,108,4,4
2229,85,83,2,2
2230,77,95,-18,18
2231,105,106,-1,1
2232,144,140,4,4
2233,159,151,8,8
2234,68,70,-2,2
2235,42,44,-2,2
2236,111,130,-19,19
2237,67,81,-14,14
2238,135,126,9,9
2239,45,58,-13,13
2240,79,76,3,3
2241,117,119,-2,2
2242,94,93,1,1
2243,44,80,-36,36
2244,94,104,-10,10
2245,140,124,16,16
2246,98,94,4,4
2247,66,72,-6,6
2248,63,72,-9,9
2249,65,73,-8,8
2250,104,109,-5,5
2251,92,97,-5,5
2252,86,94,-8,8
2253,81,84,-3,3
2254,77,92,-15,15
2255,78,81,-3,3
2256,48,59,-11,11
2257,39,43,-4,4
2258,47,46,1,1
2259,94,105,-11,11
2260,161,148,13,13
2261,72,66,6,6
2262,35,45,-10,10
2263,89,99,-10,10
2264,69,93,-24,24
2265,102,109,-7,7
2266,79,98,-19,19
2267,107,98,9,9
2268,111,124,-13,13
2269,95,100,-5,5
2270,102,105,-3,3
2271,89,98,-9,9
2272,65,65,0,0
2273,108,105,3,3
2274,57,71,-14,14
2275,103,101,2,2
2276,151,128,23,23
2277,184,169,15,15
2278,78,78,0,0
2279,185,153,32,32
2280,63,72,-9,9
2281,131,134,-3,3
2282,155,134,21,21
2283,87,83,4,4
2284,136,132,4,4
2285,104,106,-2,2
2286,54,56,-2,2
2287,107,107,0,0
2288,64,65,-1,1
2289,68,74,-6,6
2290,90,95,-5,5
2291,65,75,-10,10
2292,86,96,-10,10
2293,78,80,-2,2
2294,72,69,3,3
2295,50,63,-13,13
2296,107,106,1,1
2297,101,208,-107,107
2298,104,103,1,1
2299,47,52,-5,5
2300,87,87,0,0
2301,102,106,-4,4
2302,103,99,4,4
2303,62,59,3,3
2304,57,61,-4,4
2305,68,74,-6,6
2306,109,110,-1,1
2307,80,93,-13,13
2308,76,84,-8,8
2309,97,99,-2,2
2310,83,81,2,2
2311,116,112,4,4
2312,72,70,2,2
2313,49,60,-11,11
2314,108,111,-3,3
2315,106,99,7,7
2316,135,125,10,10
2317,115,116,-1,1
2318,111,104,7,7
2319,95,90,5,5
2320,56,71,-15,15
2321,154,133,21,21
2322,106,108,-2,2
2323,71,74,-3,3
2324,92,89,3,3
2325,96,90,6,6
2326,75,82,-7,7
2327,127,111,16,16
2328,66,72,-6,6
2329,78,81,-3,3
2330,148,143,5,5
2331,95,94,1,1
2332,145,123,22,22
2333,80,89,-9,9
2334,48,51,-3,3
2335,73,86,-13,13
2336,128,133,-5,5
2337,38,49,-11,11
2338,180,170,10,10
2339,63,68,-5,5
2340,60,63,-3,3
2341,149,143,6,6
2342,97,103,-6,6
2343,57,67,-10,10
2344,158,139,19,19
2345,85,91,-6,6
2346,83,76,7,7
2347,145,135,10,10
2348,76,78,-2,2
2349,107,102,5,5
2350,177,164,13,13
2351,106,95,11,11
2352,73,78,-5,5
2353,43,50,-7,7
2354,141,122,19,19
2355,100,107,-7,7
2356,81,104,-23,23
2357,267,198,69,69
2358,69,74,-5,5
2359,114,116,-2,2
2360,110,108,2,2
2361,107,109,-2,2
2362,95,91,4,4
2363,92,91,1,1
2364,166,143,23,23
2365,83,91,-8,8
2366,140,127,13,13
2367,102,98,4,4
2368,82,92,-10,10
2369,88,97,-9,9
2370,129,115,14,14
2371,171,180,-9,9
2372,53,56,-3,3
2373,139,119,20,20
2374,131,117,14,14
2375,137,126,11,11
2376,65,70,-5,5
2377,83,87,-4,4
2378,191,179,12,12
2379,65,63,2,2
2380,197,185,12,12
2381,101,102,-1,1
2382,147,143,4,4
2383,159,153,6,6
2384,46,51,-5,5
2385,151,140,11,11
2386,104,100,4,4
2387,132,136,-4,4
2388,67,68,-1,1
2389,80,80,0,0
2390,198,182,16,16
2391,116,130,-14,14
2392,72,109,-37,37
2393,152,137,15,15
2394,63,76,-13,13
2395,61,67,-6,6
2396,112,109,3,3
2397,96,91,5,5
2398,90,89,1,1
2399,118,117,1,1
2400,102,108,-6,6
2401,65,68,-3,3
2402,93,97,-4,4
2403,64,66,-2,2
2404,88,114,-26,26
2405,116,110,6,6
2406,94,103,-9,9
2407,96,105,-9,9
2408,83,102,-19,19
2409,125,125,0,0
2410,71,69,2,2
2411,147,153,-6,6
2412,117,118,-1,1
2413,125,121,4,4
2414,65,65,0,0
2415,69,78,-9,9
2416,72,74,-2,2
2417,80,87,-7,7
2418,73,73,0,0
2419,62,68,-6,6
2420,126,122,4,4
2421,56,62,-6,6
2422,90,96,-6,6
2423,95,100,-5,5
2424,67,72,-5,5
2425,37,44,-7,7
2426,128,118,10,10
2427,63,63,0,0
2428,32,32,0,0
2429,63,61,2,2
2430,42,59,-17,17
2431,90,96,-6,6
2432,58,64,-6,6
2433,159,137,22,22
2434,114,122,-8,8
2435,76,75,1,1
2436,71,75,-4,4
2437,91,94,-3,3
2438,144,128,16,16
2439,71,71,0,0
2440,70,76,-6,6
2441,109,112,-3,3
2442,86,91,-5,5
2443,114,115,-1,1
2444,66,61,5,5
2445,92,87,5,5
2446,71,71,0,0
2447,92,91,1,1
2448,137,148,-11,11
2449,73,91,-18,18
2450,73,75,-2,2
2451,101,96,5,5
2452,119,112,7,7
2453,97,96,1,1
2454,110,104,6,6
2455,69,69,0,0
2456,81,78,3,3
2457,67,73,-6,6
2458,139,129,10,10
2459,88,89,-1,1
2460,114,109,5,5
2461,64,65,-1,1
2462,86,86,0,0
2463,122,115,7,7
2464,122,112,10,10
2465,94,91,3,3
2466,128,126,2,2
2467,83,83,0,0
2468,92,93,-1,1
2469,175,167,8,8
2470,141,139,2,2
2471,72,80,-8,8
2472,135,138,-3,3
2473,84,83,1,1
2474,123,115,8,8
2475,113,112,1,1
2476,135,129,6,6
2477,83,87,-4,4
2478,58,67,-9,9
2479,146,142,4,4
2480,123,124,-1,1
2481,50,55,-5,5
2482,67,78,-11,11
2483,80,90,-10,10
2484,136,129,7,7
2485,165,156,9,9
2486,84,79,5,5
2487,107,103,4,4
2488,151,147,4,4
2489,111,113,-2,2
2490,51,61,-10,10
2491,78,84,-6,6
2492,145,120,25,25
2493,54,62,-8,8
2494,86,84,2,2
2495,93,94,-1,1
2496,117,107,10,10
2497,52,58,-6,6
2498,84,94,-10,10
2499,196,189,7,7
2500,70,63,7,7
2501,166,160,6,6
2502,103,93,10,10
2503,67,82,-15,15
2504,54,56,-2,2
2505,91,93,-2,2
2506,124,124,0,0
2507,80,81,-1,1
2508,111,115,-4,4
2509,108,100,8,8
2510,134,135,-1,1
2511,98,98,0,0
2512,64,90,-26,26
2513,73,76,-3,3
2514,94,101,-7,7
2515,61,77,-16,16
2516,90,97,-7,7
2517,102,101,1,1
2518,150,137,13,13
2519,97,102,-5,5
2520,76,75,1,1
2521,58,63,-5,5
2522,90,76,14,14
2523,70,71,-1,1
2524,65,71,-6,6
2525,78,80,-2,2
2526,53,62,-9,9
2527,83,79,4,4
2528,103,72,31,31
2529,74,74,0,0
2530,173,162,11,11
2531,63,71,-8,8
2532,104,102,2,2
2533,96,102,-6,6
2534,110,116,-6,6
2535,83,82,1,1
2536,89,95,-6,6
2537,95,105,-10,10
2538,74,86,-12,12
2539,55,55,0,0
2540,117,114,3,3
2541,32,35,-3,3
2542,64,74,-10,10
2543,103,92,11,11
2544,121,125,-4,4
2545,129,116,13,13
2546,90,99,-9,9
2547,119,141,-22,22
2548,105,98,7,7
2549,78,76,2,2
2550,159,141,18,18
2551,73,79,-6,6
2552,128,125,3,3
2553,149,146,3,3
2554,129,109,20,20
2555,87,96,-9,9
2556,69,75,-6,6
2557,120,114,6,6
2558,57,59,-2,2
2559,107,115,-8,8
2560,56,59,-3,3
2561,128,88,40,40
2562,153,135,18,18
2563,114,121,-7,7
2564,96,103,-7,7
2565,111,106,5,5
2566,130,130,0,0
2567,88,93,-5,5
2568,75,78,-3,3
2569,85,95,-10,10
2570,105,103,2,2
2571,48,53,-5,5
2572,98,99,-1,1
2573,62,73,-11,11
2574,142,134,8,8
2575,91,72,19,19
2576,85,90,-5,5
2577,67,69,-2,2
2578,116,113,3,3
2579,82,94,-12,12
2580,136,136,0,0
2581,145,121,24,24
2582,76,83,-7,7
2583,46,55,-9,9
2584,112,130,-18,18
2585,119,124,-5,5
2586,75,94,-19,19
2587,58,70,-12,12
2588,90,102,-12,12
2589,106,113,-7,7
2590,117,115,2,2
2591,97,99,-2,2
2592,142,149,-7,7
2593,156,146,10,10
2594,136,95,41,41
2595,73,83,-10,10
2596,98,91,7,7
2597,79,90,-11,11
2598,130,131,-1,1
2599,114,117,-3,3
2600,122,115,7,7
2601,87,81,6,6
2602,136,125,11,11
2603,157,141,16,16
2604,53,60,-7,7
2605,106,104,2,2
2606,62,70,-8,8
2607,87,95,-8,8
2608,75,73,2,2
2609,71,75,-4,4
2610,87,87,0,0
2611,81,83,-2,2
2612,110,103,7,7
2613,119,117,2,2
2614,103,100,3,3
2615,65,64,1,1
2616,137,121,16,16
2617,66,78,-12,12
2618,78,76,2,2
2619,93,99,-6,6
2620,117,111,6,6
2621,95,97,-2,2
2622,88,83,5,5
2623,102,95,7,7
2624,49,54,-5,5
2625,82,78,4,4
2626,70,75,-5,5
2627,78,86,-8,8
2628,75,72,3,3
2629,80,83,-3,3
2630,133,124,9,9
2631,82,85,-3,3
2632,147,108,39,39
2633,174,159,15,15
2634,65,70,-5,5
2635,95,94,1,1
2636,105,95,10,10
2637,72,70,2,2
2638,78,82,-4,4
2639,137,134,3,3
2640,153,140,13,13
2641,131,145,-14,14
2642,53,59,-6,6
2643,88,84,4,4
2644,74,79,-5,5
2645,62,64,-2,2
2646,97,105,-8,8
2647,121,118,3,3
2648,106,107,-1,1
2649,76,104,-28,28
2650,103,105,-2,2
2651,87,80,7,7
2652,67,67,0,0
2653,68,93,-25,25
2654,123,109,14,14
2655,68,67,1,1
2656,115,114,1,1
2657,116,106,10,10
2658,95,92,3,3
2659,57,65,-8,8
2660,106,102,4,4
2661,85,90,-5,5
2662,106,95,11,11
2663,87,84,3,3
2664,86,91,-5,5
2665,84,90,-6,6
2666,60,64,-4,4
2667,99,105,-6,6
2668,84,111,-27,27
2669,60,64,-4,4
2670,134,116,18,18
2671,130,129,1,1
2672,78,74,4,4
2673,62,67,-5,5
2674,90,81,9,9
2675,105,111,-6,6
2676,104,107,-3,3
2677,102,103,-1,1
2678,125,123,2,2
2679,74,66,8,8
2680,100,101,-1,1
2681,103,110,-7,7
2682,77,72,5,5
2683,86,90,-4,4
2684,97,103,-6,6
2685,81,88,-7,7
2686,88,97,-9,9
2687,52,61,-9,9
2688,59,72,-13,13
2689,89,87,2,2
2690,51,70,-19,19
2691,45,58,-13,13
2692,103,112,-9,9
2693,70,81,-11,11
2694,148,142,6,6
2695,91,102,-11,11
2696,45,49,-4,4
2697,146,148,-2,2
2698,119,122,-3,3
2699,107,111,-4,4
2700,170,150,20,20
2701,62,66,-4,4
2702,130,109,21,21
2703,40,61,-21,21
2704,91,89,2,2
2705,61,67,-6,6
2706,72,68,4,4
2707,113,113,0,0
2708,120,103,17,17
2709,52,55,-3,3
2710,43,56,-13,13
2711,63,65,-2,2
2712,106,108,-2,2
2713,109,111,-2,2
2714,136,136,0,0
2715,100,100,0,0
2716,58,65,-7,7
2717,64,69,-5,5
2718,135,134,1,1
2719,125,121,4,4
2720,91,108,-17,17
2721,81,90,-9,9
2722,53,56,-3,3
2723,120,114,6,6
2724,96,103,-7,7
2725,42,45,-3,3
2726,122,122,0,0
2727,67,65,2,2
2728,97,92,5,5
2729,65,68,-3,3
2730,86,92,-6,6
2731,72,73,-1,1
2732,62,64,-2,2
2733,72,72,0,0
2734,83,75,8,8
2735,129,128,1,1
2736,109,106,3,3
2737,72,90,-18,18
2738,78,84,-6,6
2739,175,175,0,0
2740,125,120,5,5
2741,65,59,6,6
2742,122,117,5,5
2743,79,83,-4,4
2744,35,49,-14,14
2745,86,94,-8,8
2746,120,111,9,9
2747,96,98,-2,2
2748,152,146,6,6
2749,114,120,-6,6
2750,94,100,-6,6
2751,67,69,-2,2
2752,94,97,-3,3
2753,145,124,21,21
2754,52,59,-7,7
2755,108,109,-1,1
2756,86,97,-11,11
2757,91,97,-6,6
2758,132,125,7,7
2759,160,154,6,6
2760,94,90,4,4
2761,136,125,11,11
2762,46,48,-2,2
2763,76,72,4,4
2764,66,73,-7,7
2765,72,74,-2,2
2766,102,104,-2,2
2767,77,81,-4,4
2768,56,63,-7,7
2769,139,139,0,0
2770,217,196,21,21
2771,105,105,0,0
2772,86,82,4,4
2773,172,156,16,16
2774,131,128,3,3
2775,141,134,7,7
2776,85,95,-10,10
2777,68,66,2,2
2778,90,94,-4,4
2779,75,76,-1,1
2780,82,85,-3,3
2781,76,73,3,3
2782,92,94,-2,2
2783,76,79,-3,3
2784,108,104,4,4
2785,99,96,3,3
2786,65,73,-8,8
2787,101,111,-10,10
2788,196,178,18,18
2789,80,91,-11,11
2790,130,131,-1,1
2791,57,72,-15,15
2792,105,101,4,4
2793,83,90,-7,7
2794,75,93,-18,18
2795,37,47,-10,10
2796,92,101,-9,9
2797,70,71,-1,1
2798,35,40,-5,5
2799,120,109,11,11
2800,87,77,10,10
2801,56,55,1,1
2802,84,83,1,1
2803,185,170,15,15
2804,95,90,5,5
2805,76,75,1,1
2806,60,63,-3,3
2807,84,88,-4,4
2808,67,71,-4,4
2809,79,82,-3,3
2810,106,102,4,4
2811,121,116,5,5
2812,81,92,-11,11
2813,93,94,-1,1
2814,150,139,11,11
2815,104,111,-7,7
2816,95,97,-2,2
2817,120,116,4,4
2818,140,141,-1,1
2819,106,115,-9,9
2820,92,84,8,8
2821,75,77,-2,2
2822,69,91,-22,22
2823,78,78,0,0
2824,57,64,-7,7
2825,71,69,2,2
2826,110,105,5,5
2827,90,94,-4,4
2828,58,63,-5,5
2829,52,60,-8,8
2830,108,113,-5,5
2831,53,63,-10,10
2832,102,101,1,1
2833,89,98,-9,9
2834,158,141,17,17
2835,81,78,3,3
2836,93,103,-10,10
2837,127,124,3,3
2838,117,111,6,6
2839,105,100,5,5
2840,133,127,6,6
2841,106,98,8,8
2842,149,137,12,12
2843,117,114,3,3
2844,92,93,-1,1
2845,74,75,-1,1
2846,156,140,16,16
2847,90,94,-4,4
2848,116,117,-1,1
2849,118,114,4,4
2850,109,108,1,1
2851,110,107,3,3
2852,84,93,-9,9
2853,120,108,12,12
2854,145,139,6,6
2855,64,69,-5,5
2856,95,110,-15,15
2857,54,60,-6,6
2858,109,106,3,3
2859,81,83,-2,2
2860,74,82,-8,8
2861,123,127,-4,4
2862,88,90,-2,2
2863,153,153,0,0
2864,119,125,-6,6
2865,100,98,2,2
2866,91,91,0,0
2867,85,74,11,11
2868,72,74,-2,2
2869,137,126,11,11
2870,120,142,-22,22
2871,58,65,-7,7
2872,106,104,2,2
2873,100,94,6,6
2874,75,82,-7,7
2875,71,72,-1,1
2876,90,90,0,0
2877,56,60,-4,4
2878,109,106,3,3
2879,97,103,-6,6
2880,95,93,2,2
2881,84,80,4,4
2882,64,67,-3,3
2883,79,78,1,1
2884,66,69,-3,3
2885,65,71,-6,6
2886,117,117,0,0
2887,143,136,7,7
2888,65,69,-4,4
2889,80,81,-1,1
2890,111,116,-5,5
2891,116,116,0,0
2892,80,130,-50,50
2893,89,94,-5,5
2894,181,163,18,18
2895,95,93,2,2
2896,81,82,-1,1
2897,172,148,24,24
2898,137,118,19,19
2899,83,90,-7,7
2900,98,101,-3,3
2901,131,119,12,12
2902,75,81,-6,6
2903,160,152,8,8
2904,115,104,11,11
2905,124,126,-2,2
2906,121,111,10,10
2907,113,109,4,4
2908,116,112,4,4
2909,62,69,-7,7
2910,94,91,3,3
2911,92,93,-1,1
2912,144,137,7,7
2913,37,88,-51,51
2914,65,73,-8,8
2915,159,172,-13,13
2916,76,74,2,2
2917,116,113,3,3
2918,79,75,4,4
2919,89,100,-11,11
2920,79,76,3,3
2921,100,107,-7,7
2922,92,91,1,1
2923,90,96,-6,6
2924,53,59,-6,6
2925,97,106,-9,9
2926,148,141,7,7
2927,104,109,-5,5
2928,57,57,0,0
2929,71,73,-2,2
2930,116,126,-10,10
2931,191,179,12,12
2932,122,115,7,7
2933,60,65,-5,5
2934,125,151,-26,26
2935,69,78,-9,9
2936,98,102,-4,4
2937,131,118,13,13
2938,105,112,-7,7
2939,103,99,4,4
2940,60,69,-9,9
2941,67,73,-6,6
2942,118,116,2,2
2943,58,84,-26,26
2944,76,78,-2,2
2945,109,100,9,9
2946,72,73,-1,1
2947,87,90,-3,3
2948,57,67,-10,10
2949,85,87,-2,2
2950,78,84,-6,6
2951,88,81,7,7
2952,75,72,3,3
2953,124,115,9,9
2954,84,92,-8,8
2955,112,106,6,6
2956,98,95,3,3
2957,152,143,9,9
2958,54,60,-6,6
2959,121,124,-3,3
2960,164,142,22,22
2961,58,64,-6,6
2962,164,159,5,5
2963,47,58,-11,11
2964,163,162,1,1
2965,104,100,4,4
2966,66,73,-7,7
2967,111,112,-1,1
2968,60,70,-10,10
2969,45,50,-5,5
2970,98,91,7,7
2971,129,115,14,14
2972,94,96,-2,2
2973,100,104,-4,4
2974,88,95,-7,7
2975,79,79,0,0
2976,73,78,-5,5
2977,125,121,4,4
2978,91,94,-3,3
2979,102,107,-5,5
2980,137,132,5,5
2981,186,175,11,11
2982,67,74,-7,7
2983,59,66,-7,7
2984,36,46,-10,10
2985,128,116,12,12
2986,80,78,2,2
2987,102,115,-13,13
2988,137,113,24,24
2989,58,51,7,7
2990,94,97,-3,3
2991,90,88,2,2
2992,110,104,6,6
2993,101,112,-11,11
2994,78,79,-1,1
2995,121,107,14,14
2996,87,89,-2,2
2997,81,83,-2,2
2998,70,73,-3,3
2999,142,132,10,10
3000,93,97,-4,4
3001,98,91,7,7
3002,125,121,4,4
3003,65,66,-1,1
3004,126,122,4,4
3005,77,79,-2,2
3006,79,86,-7,7
3007,85,91,-6,6
3008,65,66,-1,1
3009,74,84,-10,10
3010,124,124,0,0
3011,112,102,10,10
3012,99,104,-5,5
3013,73,71,2,2
3014,97,102,-5,5
3015,73,76,-3,3
3016,58,74,-16,16
3017,172,160,12,12
3018,91,92,-1,1
3019,67,73,-6,6
3020,100,103,-3,3
3021,110,109,1,1
3022,58,65,-7,7
3023,96,102,-6,6
3024,69,79,-10,10
3025,91,94,-3,3
3026,64,70,-6,6
3027,71,76,-5,5
3028,49,70,-21,21
3029,88,100,-12,12
3030,147,122,25,25
3031,71,71,0,0
3032,117,109,8,8
3033,89,101,-12,12
3034,95,92,3,3
3035,78,83,-5,5
3036,82,96,-14,14
3037,72,77,-5,5
3038,137,117,20,20
3039,122,120,2,2
3040,115,108,7,7
3041,120,111,9,9
3042,119,122,-3,3
3043,84,90,-6,6
3044,88,84,4,4
3045,60,66,-6,6
3046,115,113,2,2
3047,81,79,2,2
3048,136,141,-5,5
3049,85,96,-11,11
3050,100,108,-8,8
3051,118,122,-4,4
3052,109,104,5,5
3053,61,76,-15,15
3054,105,104,1,1
3055,206,186,20,20
3056,112,113,-1,1
3057,83,85,-2,2
3058,181,182,-1,1
3059,151,138,13,13
3060,104,105,-1,1
3061,83,98,-15,15
3062,109,104,5,5
3063,62,66,-4,4
3064,76,78,-2,2
3065,86,93,-7,7
3066,127,115,12,12
3067,83,84,-1,1
3068,122,107,15,15
3069,103,106,-3,3
3070,107,110,-3,3
3071,94,93,1,1
3072,103,92,11,11
3073,72,71,1,1
3074,66,71,-5,5
3075,70,90,-20,20
3076,54,54,0,0
3077,57,72,-15,15
3078,165,159,6,6
3079,125,121,4,4
3080,125,129,-4,4
3081,92,91,1,1
3082,53,48,5,5
3083,106,125,-19,19
3084,95,92,3,3
3085,94,91,3,3
3086,72,79,-7,7
3087,78,81,-3,3
3088,113,109,4,4
3089,106,95,11,11
3090,101,99,2,2
3091,102,109,-7,7
3092,95,93,2,2
3093,69,75,-6,6
3094,74,69,5,5
3095,104,97,7,7
3096,78,86,-8,8
3097,86,91,-5,5
3098,41,45,-4,4
3099,86,87,-1,1
3100,80,75,5,5
3101,182,162,20,20
3102,83,85,-2,2
3103,65,64,1,1
3104,81,75,6,6
3105,159,148,11,11
3106,103,102,1,1
3107,102,96,6,6
3108,60,56,4,4
3109,142,125,17,17
3110,62,67,-5,5
3111,129,121,8,8
3112,79,88,-9,9
3113,87,93,-6,6
3114,127,114,13,13
3115,56,65,-9,9
3116,94,104,-10,10
3117,90,89,1,1
3118,62,73,-11,11
3119,60,71,-11,11
3120,110,127,-17,17
3121,98,104,-6,6
3122,58,66,-8,8
3123,88,91,-3,3
3124,35,38,-3,3
3125,138,132,6,6
3126,73,77,-4,4
3127,99,90,9,9
3128,87,84,3,3
3129,69,74,-5,5
3130,102,96,6,6
3131,89,95,-6,6
3132,106,102,4,4
3133,116,111,5,5
3134,69,75,-6,6
3135,75,76,-1,1
3136,91,85,6,6
3137,67,74,-7,7
3138,133,137,-4,4
3139,76,80,-4,4
3140,103,94,9,9
3141,71,67,4,4
3142,135,128,7,7
3143,99,104,-5,5
3144,104,100,4,4
3145,146,126,20,20
3146,57,49,8,8
3147,108,113,-5,5
3148,82,80,2,2
3149,106,97,9,9
3150,110,109,1,1
3151,98,103,-5,5
3152,62,59,3,3
3153,102,102,0,0
3154,130,130,0,0
3155,108,99,9,9
3156,61,68,-7,7
3157,73,90,-17,17
3158,54,57,-3,3
3159,63,62,1,1
3160,140,121,19,19
3161,47,122,-75,75
3162,68,77,-9,9
3163,134,125,9,9
3164,106,104,2,2
3165,72,75,-3,3
3166,107,109,-2,2
3167,107,103,4,4
3168,53,55,-2,2
3169,112,105,7,7
3170,124,122,2,2
3171,103,100,3,3
3172,76,84,-8,8
3173,103,104,-1,1
3174,92,99,-7,7
3175,40,48,-8,8
3176,79,81,-2,2
3177,83,93,-10,10
3178,77,76,1,1
3179,75,75,0,0
3180,63,59,4,4
3181,134,126,8,8
3182,66,69,-3,3
3183,173,168,5,5
3184,100,81,19,19
3185,119,105,14,14
3186,143,137,6,6
3187,61,72,-11,11
3188,59,66,-7,7
3189,91,99,-8,8
3190,61,63,-2,2
3191,127,116,11,11
3192,164,156,8,8
3193,81,82,-1,1
3194,136,131,5,5
3195,73,86,-13,13
3196,72,76,-4,4
3197,82,79,3,3
3198,79,83,-4,4
3199,70,75,-5,5
3200,95,97,-2,2
3201,63,69,-6,6
3202,67,68,-1,1
3203,127,126,1,1
3204,107,104,3,3
3205,58,63,-5,5
3206,91,97,-6,6
3207,60,58,2,2
3208,94,105,-11,11
3209,90,76,14,14
3210,49,54,-5,5
3211,94,113,-19,19
3212,68,64,4,4
3213,86,78,8,8
3214,107,100,7,7
3215,54,57,-3,3
3216,88,86,2,2
3217,69,76,-7,7
3218,85,83,2,2
3219,99,97,2,2
3220,116,126,-10,10
3221,113,106,7,7
3222,42,59,-17,17
3223,36,41,-5,5
3224,52,60,-8,8
3225,88,84,4,4
3226,62,68,-6,6
3227,87,80,7,7
3228,97,109,-12,12
3229,94,102,-8,8
3230,113,110,3,3
3231,168,147,21,21
3232,107,102,5,5
3233,130,127,3,3
3234,169,151,18,18
3235,84,92,-8,8
3236,151,121,30,30
3237,75,70,5,5
3238,73,73,0,0
3239,64,72,-8,8
3240,144,148,-4,4
3241,86,92,-6,6
3242,91,91,0,0
3243,76,72,4,4
3244,112,114,-2,2
3245,46,67,-21,21
3246,51,58,-7,7
3247,116,106,10,10
3248,106,118,-12,12
3249,63,74,-11,11
3250,115,111,4,4
3251,151,158,-7,7
3252,70,72,-2,2
3253,153,148,5,5
3254,66,68,-2,2
3255,95,103,-8,8
3256,71,73,-2,2
3257,75,78,-3,3
3258,83,82,1,1
3259,75,71,4,4
3260,111,100,11,11
3261,95,97,-2,2
3262,133,115,18,18
3263,56,54,2,2
3264,42,53,-11,11
3265,61,69,-8,8
3266,72,75,-3,3
3267,60,65,-5,5
3268,95,92,3,3
3269,115,126,-11,11
3270,101,109,-8,8
3271,65,72,-7,7
3272,100,109,-9,9
3273,69,76,-7,7
3274,81,78,3,3
3275,82,90,-8,8
3276,107,106,1,1
3277,112,116,-4,4
3278,99,100,-1,1
3279,75,74,1,1
3280,161,150,11,11
3281,76,75,1,1
3282,142,139,3,3
3283,111,104,7,7
3284,78,82,-4,4
3285,137,132,5,5
3286,40,46,-6,6
3287,65,69,-4,4
3288,88,97,-9,9
3289,103,93,10,10
3290,143,159,-16,16
3291,37,36,1,1
3292,65,62,3,3
3293,90,84,6,6
3294,97,88,9,9
3295,107,104,3,3
3296,104,112,-8,8
3297,151,135,16,16
3298,98,99,-1,1
3299,91,99,-8,8
3300,90,84,6,6
3301,79,85,-6,6
3302,62,60,2,2
3303,83,81,2,2
3304,102,106,-4,4
3305,92,103,-11,11
3306,48,54,-6,6
3307,103,102,1,1
3308,65,64,1,1
3309,84,88,-4,4
3310,57,64,-7,7
3311,108,114,-6,6
3312,80,82,-2,2
3313,66,84,-18,18
3314,106,110,-4,4
3315,52,59,-7,7
3316,107,115,-8,8
3317,107,97,10,10
3318,57,65,-8,8
3319,137,130,7,7
3320,69,71,-2,2
3321,90,84,6,6
3322,65,73,-8,8
3323,49,54,-5,5
3324,153,143,10,10
3325,119,116,3,3
3326,75,79,-4,4
3327,160,147,13,13
3328,140,138,2,2
3329,146,148,-2,2
3330,104,93,11,11
3331,94,96,-2,2
3332,60,57,3,3
3333,118,107,11,11
3334,71,74,-3,3
3335,66,70,-4,4
3336,183,163,20,20
3337,103,97,6,6
3338,119,111,8,8
3339,107,119,-12,12
3340,92,91,1,1
3341,89,95,-6,6
3342,116,107,9,9
3343,84,83,1,1
3344,118,123,-5,5
3345,52,60,-8,8
3346,75,84,-9,9
3347,163,156,7,7
3348,96,94,2,2
3349,104,111,-7,7
3350,135,140,-5,5
3351,78,81,-3,3
3352,127,116,11,11
3353,96,97,-1,1
3354,123,109,14,14
3355,119,108,11,11
3356,83,90,-7,7
3357,107,109,-2,2
3358,96,85,11,11
3359,105,102,3,3
3360,142,119,23,23
3361,67,75,-8,8
3362,67,76,-9,9
3363,126,118,8,8
3364,59,66,-7,7
3365,59,65,-6,6
3366,74,76,-2,2
3367,87,91,-4,4
3368,69,74,-5,5
3369,66,69,-3,3
3370,117,104,13,13
3371,186,180,6,6
3372,63,70,-7,7
3373,125,128,-3,3
3374,87,81,6,6
3375,97,100,-3,3
3376,96,90,6,6
3377,49,50,-1,1
3378,105,108,-3,3
3379,48,51,-3,3
3380,111,107,4,4
3381,98,105,-7,7
3382,123,111,12,12
3383,74,67,7,7
3384,55,58,-3,3
3385,124,121,3,3
3386,151,141,10,10
3387,54,56,-2,2
3388,44,49,-5,5
3389,78,88,-10,10
3390,141,142,-1,1
3391,85,86,-1,1
3392,40,60,-20,20
3393,77,77,0,0
3394,104,96,8,8
3395,71,67,4,4
3396,94,103,-9,9
3397,98,105,-7,7
3398,56,65,-9,9
3399,64,73,-9,9
3400,107,108,-1,1
3401,58,64,-6,6
3402,40,48,-8,8
3403,107,94,13,13
3404,110,105,5,5
3405,124,110,14,14
3406,100,93,7,7
3407,88,96,-8,8
3408,131,109,22,22
3409,93,91,2,2
3410,134,127,7,7
3411,81,94,-13,13
3412,81,90,-9,9
3413,84,91,-7,7
3414,86,90,-4,4
3415,152,152,0,0
3416,64,68,-4,4
3417,73,82,-9,9
3418,118,113,5,5
3419,73,72,1,1
3420,88,83,5,5
3421,112,122,-10,10
3422,141,135,6,6
3423,150,149,1,1
3424,105,105,0,0
3425,163,152,11,11
3426,29,39,-10,10
3427,94,96,-2,2
3428,67,74,-7,7
3429,98,115,-17,17
3430,89,97,-8,8
3431,106,103,3,3
3432,100,102,-2,2
3433,107,100,7,7
3434,64,73,-9,9
3435,45,58,-13,13
3436,77,83,-6,6
3437,144,130,14,14
3438,103,107,-4,4
3439,67,106,-39,39
3440,38,41,-3,3
3441,116,111,5,5
3442,102,104,-2,2
3443,119,113,6,6
3444,88,91,-3,3
3445,111,107,4,4
3446,48,54,-6,6
3447,131,112,19,19
3448,86,91,-5,5
3449,76,81,-5,5
3450,80,84,-4,4
3451,99,95,4,4
3452,132,128,4,4
3453,91,104,-13,13
3454,105,105,0,0
3455,159,159,0,0
3456,117,110,7,7
3457,142,145,-3,3
3458,69,67,2,2
3459,79,81,-2,2
3460,134,135,-1,1
3461,101,98,3,3
3462,94,92,2,2
3463,97,118,-21,21
3464,112,95,17,17
3465,70,71,-1,1
3466,139,130,9,9
3467,120,110,10,10
3468,93,98,-5,5
3469,70,78,-8,8
3470,77,75,2,2
3471,91,94,-3,3
3472,57,58,-1,1
3473,75,85,-10,10
3474,64,67,-3,3
3475,88,93,-5,5
3476,90,98,-8,8
3477,82,90,-8,8
3478,54,62,-8,8
3479,101,100,1,1
3480,102,106,-4,4
3481,92,94,-2,2
3482,77,79,-2,2
3483,76,82,-6,6
3484,109,130,-21,21
3485,48,58,-10,10
3486,86,83,3,3
3487,91,93,-2,2
3488,60,60,0,0
3489,117,116,1,1
3490,121,124,-3,3
3491,129,133,-4,4
3492,90,99,-9,9
3493,106,88,18,18
3494,80,73,7,7
3495,129,112,17,17
3496,65,67,-2,2
3497,48,53,-5,5
3498,104,102,2,2
3499,72,72,0,0
3500,69,71,-2,2
3501,115,111,4,4
3502,147,158,-11,11
3503,83,91,-8,8
3504,96,96,0,0
3505,83,83,0,0
3506,106,103,3,3
3507,83,88,-5,5
3508,94,84,10,10
3509,101,87,14,14
3510,112,109,3,3
3511,56,66,-10,10
3512,106,105,1,1
3513,93,91,2,2
3514,83,93,-10,10
3515,60,65,-5,5
3516,116,125,-9,9
3517,127,114,13,13
3518,65,73,-8,8
3519,134,138,-4,4
3520,45,61,-16,16
3521,74,81,-7,7
3522,107,108,-1,1
3523,97,99,-2,2
3524,145,139,6,6
3525,101,105,-4,4
3526,104,94,10,10
3527,90,97,-7,7
3528,98,98,0,0
3529,107,110,-3,3
3530,66,72,-6,6
3531,76,90,-14,14
3532,39,43,-4,4
3533,89,92,-3,3
3534,47,53,-6,6
3535,68,83,-15,15
3536,47,53,-6,6
3537,194,163,31,31
3538,107,115,-8,8
3539,155,150,5,5
3540,163,154,9,9
3541,93,89,4,4
3542,124,132,-8,8
3543,28,33,-5,5
3544,101,111,-10,10
3545,70,72,-2,2
3546,61,68,-7,7
3547,92,91,1,1
3548,78,87,-9,9
3549,51,60,-9,9
3550,99,102,-3,3
3551,95,96,-1,1
3552,137,117,20,20
3553,90,92,-2,2
3554,84,95,-11,11
3555,72,80,-8,8
3556,83,92,-9,9
3557,94,96,-2,2
3558,86,82,4,4
3559,86,78,8,8
3560,87,93,-6,6
3561,104,114,-10,10
3562,58,64,-6,6
3563,50,67,-17,17
3564,44,50,-6,6
3565,83,86,-3,3
3566,97,94,3,3
3567,146,130,16,16
3568,147,129,18,18
3569,107,103,4,4
3570,117,105,12,12
3571,152,152,0,0
3572,130,112,18,18
3573,157,136,21,21
3574,268,240,28,28
3575,90,87,3,3
3576,101,104,-3,3
3577,73,75,-2,2
3578,120,118,2,2
3579,86,91,-5,5
3580,144,129,15,15
3581,97,96,1,1
3582,93,93,0,0
3583,49,54,-5,5
3584,97,102,-5,5
3585,99,92,7,7
3586,63,66,-3,3
3587,135,124,11,11
3588,66,71,-5,5
3589,71,71,0,0
3590,74,75,-1,1
3591,160,142,18,18
3592,52,61,-9,9
3593,84,79,5,5
3594,127,130,-3,3
3595,82,82,0,0
3596,80,84,-4,4
3597,108,109,-1,1
3598,104,111,-7,7
3599,106,103,3,3
3600,154,144,10,10
3601,54,62,-8,8
3602,91,102,-11,11
3603,115,128,-13,13
3604,98,104,-6,6
3605,117,116,1,1
3606,46,54,-8,8
3607,93,100,-7,7
3608,50,56,-6,6
3609,110,143,-33,33
3610,101,102,-1,1
3611,121,125,-4,4
3612,129,134,-5,5
3613,123,114,9,9
3614,55,70,-15,15
3615,97,90,7,7
3616,102,103,-1,1
3617,127,133,-6,6
3618,66,71,-5,5
3619,75,76,-1,1
3620,125,131,-6,6
3621,75,73,2,2
3622,137,143,-6,6
3623,76,74,2,2
3624,80,69,11,11
3625,93,95,-2,2
3626,213,208,5,5
3627,73,73,0,0
3628,99,99,0,0
3629,152,144,8,8
3630,110,114,-4,4
3631,53,63,-10,10
3632,83,86,-3,3
3633,94,98,-4,4
3634,60,67,-7,7
3635,150,140,10,10
3636,146,130,16,16
3637,156,165,-9,9
3638,99,102,-3,3
3639,66,69,-3,3
3640,85,82,3,3
3641,68,91,-23,23
3642,174,164,10,10
3643,112,99,13,13
3644,102,105,-3,3
3645,96,96,0,0
3646,123,116,7,7
3647,62,71,-9,9
3648,42,51,-9,9
3649,84,81,3,3
3650,99,112,-13,13
3651,96,104,-8,8
3652,94,91,3,3
3653,88,87,1,1
3654,113,105,8,8
3655,136,140,-4,4
3656,51,61,-10,10
3657,82,96,-14,14
3658,103,97,6,6
3659,109,105,4,4
3660,39,52,-13,13
3661,66,63,3,3
3662,68,67,1,1
3663,97,92,5,5
3664,85,85,0,0
3665,123,116,7,7
3666,134,133,1,1
3667,171,161,10,10
3668,88,90,-2,2
3669,83,77,6,6
3670,52,59,-7,7
3671,90,93,-3,3
3672,75,76,-1,1
3673,80,76,4,4
3674,85,81,4,4
3675,113,124,-11,11
3676,85,75,10,10
3677,124,116,8,8
3678,126,117,9,9
3679,136,120,16,16
3680,111,112,-1,1
3681,122,110,12,12
3682,84,85,-1,1
3683,53,59,-6,6
3684,83,84,-1,1
3685,132,128,4,4
3686,133,133,0,0
3687,96,92,4,4
3688,53,59,-6,6
3689,87,100,-13,13
3690,63,65,-2,2
3691,92,82,10,10
3692,73,82,-9,9
3693,142,131,11,11
3694,93,83,10,10
3695,69,70,-1,1
3696,59,63,-4,4
3697,120,123,-3,3
3698,52,55,-3,3
3699,50,53,-3,3
3700,80,92,-12,12
3701,68,72,-4,4
3702,73,72,1,1
3703,245,205,40,40
3704,147,145,2,2
3705,75,75,0,0
3706,59,68,-9,9
3707,84,82,2,2
3708,92,94,-2,2
3709,146,136,10,10
3710,183,181,2,2
3711,64,69,-5,5
3712,101,86,15,15
3713,102,103,-1,1
3714,117,113,4,4
3715,178,169,9,9
3716,143,123,20,20
3717,68,79,-11,11
3718,90,87,3,3
3719,48,50,-2,2
3720,74,75,-1,1
3721,63,63,0,0
3722,74,76,-2,2
3723,83,89,-6,6
3724,89,94,-5,5
3725,112,105,7,7
3726,89,96,-7,7
3727,71,70,1,1
3728,72,77,-5,5
3729,66,68,-2,2
3730,173,174,-1,1
3731,139,135,4,4
3732,94,98,-4,4
3733,48,57,-9,9
3734,102,105,-3,3
3735,69,74,-5,5
3736,67,67,0,0
3737,91,93,-2,2
3738,109,112,-3,3
3739,39,45,-6,6
3740,146,135,11,11
3741,103,107,-4,4
3742,149,146,3,3
3743,78,75,3,3
3744,78,82,-4,4
3745,76,69,7,7
3746,81,90,-9,9
3747,155,149,6,6
3748,76,82,-6,6
3749,113,107,6,6
3750,87,90,-3,3
3751,81,72,9,9
3752,82,89,-7,7
3753,107,114,-7,7
3754,148,142,6,6
3755,57,71,-14,14
3756,73,74,-1,1
3757,112,105,7,7
3758,48,53,-5,5
3759,77,91,-14,14
3760,142,128,14,14
3761,142,127,15,15
3762,122,118,4,4
3763,67,71,-4,4
3764,132,114,18,18
3765,134,146,-12,12
3766,96,88,8,8
3767,70,71,-1,1
3768,84,83,1,1
3769,108,100,8,8
3770,159,149,10,10
3771,114,122,-8,8
3772,71,73,-2,2
3773,88,95,-7,7
3774,95,93,2,2
3775,36,41,-5,5
3776,99,100,-1,1
3777,54,58,-4,4
3778,148,131,17,17
3779,75,68,7,7
3780,64,74,-10,10
3781,170,162,8,8
3782,176,155,21,21
3783,143,132,11,11
3784,108,97,11,11
3785,94,162,-68,68
3786,102,115,-13,13
3787,92,101,-9,9
3788,132,129,3,3
3789,84,91,-7,7
3790,152,145,7,7
3791,94,85,9,9
3792,103,104,-1,1
3793,122,117,5,5
3794,79,85,-6,6
3795,81,71,10,10
3796,81,85,-4,4
3797,65,63,2,2
3798,90,81,9,9
3799,85,93,-8,8
3800,74,76,-2,2
3801,110,106,4,4
3802,62,71,-9,9
3803,132,130,2,2
3804,94,96,-2,2
3805,77,76,1,1
3806,69,78,-9,9
3807,90,88,2,2
3808,58,63,-5,5
3809,101,105,-4,4
3810,72,82,-10,10
3811,49,68,-19,19
3812,120,119,1,1
3813,60,72,-12,12
3814,140,150,-10,10
3815,53,58,-5,5
3816,66,70,-4,4
3817,60,63,-3,3
3818,103,105,-2,2
3819,92,97,-5,5
3820,158,132,26,26
3821,71,93,-22,22
3822,73,77,-4,4
3823,66,74,-8,8
3824,149,146,3,3
3825,146,135,11,11
3826,68,66,2,2
3827,108,108,0,0
3828,54,64,-10,10
3829,70,72,-2,2
3830,98,97,1,1
3831,112,110,2,2
3832,64,68,-4,4
3833,96,99,-3,3
3834,124,132,-8,8
3835,73,77,-4,4
3836,75,77,-2,2
3837,97,97,0,0
3838,100,102,-2,2
3839,153,165,-12,12
3840,145,147,-2,2
3841,98,93,5,5
3842,114,101,13,13
3843,111,95,16,16
3844,68,81,-13,13
3845,60,72,-12,12
3846,87,102,-15,15
3847,74,66,8,8
3848,54,63,-9,9
3849,77,78,-1,1
3850,63,63,0,0
3851,120,113,7,7
3852,107,96,11,11
3853,75,80,-5,5
3854,96,99,-3,3
3855,50,48,2,2
3856,152,128,24,24
3857,133,126,7,7
3858,140,141,-1,1
3859,63,69,-6,6
3860,82,92,-10,10
3861,101,110,-9,9
3862,78,76,2,2
3863,101,96,5,5
3864,74,75,-1,1
3865,104,99,5,5
3866,97,99,-2,2
3867,55,71,-16,16
3868,166,155,11,11
3869,110,102,8,8
3870,76,98,-22,22
3871,81,90,-9,9
3872,128,120,8,8
3873,108,107,1,1
3874,68,69,-1,1
3875,86,87,-1,1
3876,79,82,-3,3
3877,65,69,-4,4
3878,148,144,4,4
3879,165,149,16,16
3880,96,103,-7,7
3881,61,66,-5,5
3882,86,81,5,5
3883,65,73,-8,8
3884,124,129,-5,5
3885,94,92,2,2
3886,55,60,-5,5
3887,71,73,-2,2
3888,132,116,16,16
3889,55,61,-6,6
3890,97,107,-10,10
3891,96,106,-10,10
3892,101,103,-2,2
3893,100,88,12,12
3894,78,75,3,3
3895,132,136,-4,4
3896,73,76,-3,3
3897,93,82,11,11
3898,51,49,2,2
3899,136,132,4,4
3900,80,74,6,6
3901,159,167,-8,8
3902,151,141,10,10
3903,64,66,-2,2
3904,75,80,-5,5
3905,151,131,20,20
3906,72,81,-9,9
3907,113,97,16,16
3908,88,93,-5,5
3909,93,95,-2,2
3910,62,74,-12,12
3911,59,71,-12,12
3912,104,104,0,0
3913,133,125,8,8
3914,66,76,-10,10
3915,90,101,-11,11
3916,98,101,-3,3
3917,181,140,41,41
3918,68,66,2,2
3919,81,80,1,1
3920,148,142,6,6
3921,92,85,7,7
3922,109,105,4,4
3923,176,170,6,6
3924,236,209,27,27
3925,112,104,8,8
3926,74,81,-7,7
3927,82,75,7,7
3928,78,78,0,0
3929,83,88,-5,5
3930,89,94,-5,5
3931,95,97,-2,2
3932,177,164,13,13
3933,53,67,-14,14
3934,94,105,-11,11
3935,104,103,1,1
3936,63,65,-2,2
3937,94,93,1,1
3938,95,93,2,2
3939,122,116,6,6
3940,135,128,7,7
3941,170,149,21,21
3942,104,116,-12,12
3943,153,141,12,12
3944,70,96,-26,26
3945,124,113,11,11
3946,81,80,1,1
3947,143,136,7,7
3948,86,100,-14,14
3949,87,85,2,2
3950,92,96,-4,4
3951,111,107,4,4
3952,73,78,-5,5
3953,83,74,9,9
3954,117,113,4,4
3955,92,93,-1,1
3956,70,79,-9,9
3957,107,104,3,3
3958,62,71,-9,9
3959,96,97,-1,1
3960,93,93,0,0
3961,50,59,-9,9
3962,61,63,-2,2
3963,118,118,0,0
3964,117,111,6,6
3965,116,107,9,9
3966,183,163,20,20
3967,56,68,-12,12
3968,67,69,-2,2
3969,81,78,3,3
3970,117,109,8,8
3971,98,96,2,2
3972,63,64,-1,1
3973,62,66,-4,4
3974,84,93,-9,9
3975,156,150,6,6
3976,105,97,8,8
3977,89,83,6,6
3978,132,135,-3,3
3979,106,108,-2,2
3980,111,108,3,3
3981,150,155,-5,5
3982,95,104,-9,9
3983,20,37,-17,17
3984,99,100,-1,1
3985,103,102,1,1
3986,73,90,-17,17
3987,83,84,-1,1
3988,69,67,2,2
3989,130,128,2,2
3990,106,105,1,1
3991,104,92,12,12
3992,125,130,-5,5
3993,121,103,18,18
3994,190,183,7,7
3995,116,116,0,0
3996,87,104,-17,17
3997,71,75,-4,4
3998,71,82,-11,11
3999,146,149,-3,3
4000,97,97,0,0
4001,98,96,2,2
4002,127,126,1,1
4003,74,76,-2,2
4004,47,51,-4,4
4005,92,93,-1,1
4006,82,80,2,2
4007,118,116,2,2
4008,137,115,22,22
4009,101,101,0,0
4010,51,60,-9,9
4011,88,99,-11,11
4012,177,154,23,23
4013,82,80,2,2
4014,90,94,-4,4
4015,99,96,3,3
4016,83,89,-6,6
4017,104,103,1,1
4018,83,75,8,8
4019,57,67,-10,10
4020,155,148,7,7
4021,107,104,3,3
4022,72,78,-6,6
4023,72,68,4,4
4024,102,103,-1,1
4025,90,91,-1,1
4026,111,104,7,7
4027,123,109,14,14
4028,46,52,-6,6
4029,81,82,-1,1
4030,95,82,13,13
4031,125,115,10,10
4032,105,98,7,7
4033,74,74,0,0
4034,166,145,21,21
4035,96,103,-7,7
4036,70,71,-1,1
4037,56,50,6,6
4038,66,67,-1,1
4039,85,90,-5,5
4040,46,52,-6,6
4041,47,68,-21,21
4042,68,75,-7,7
4043,130,124,6,6
4044,141,135,6,6
4045,95,97,-2,2
4046,111,102,9,9
4047,50,58,-8,8
4048,111,117,-6,6
4049,100,105,-5,5
4050,72,71,1,1
4051,80,85,-5,5
4052,120,107,13,13
4053,180,163,17,17
4054,39,49,-10,10
4055,103,114,-11,11
4056,95,99,-4,4
4057,146,153,-7,7
4058,110,106,4,4
4059,48,42,6,6
4060,83,102,-19,19
4061,66,82,-16,16
4062,86,95,-9,9
4063,79,81,-2,2
4064,113,116,-3,3
4065,114,106,8,8
4066,86,79,7,7
4067,165,157,8,8
4068,69,82,-13,13
4069,124,127,-3,3
4070,103,110,-7,7
4071,76,55,21,21
4072,118,118,0,0
4073,157,147,10,10
4074,107,105,2,2
4075,170,142,28,28
4076,58,64,-6,6
4077,59,66,-7,7
4078,124,110,14,14
4079,142,118,24,24
4080,105,116,-11,11
4081,116,113,3,3
4082,140,137,3,3
4083,92,91,1,1
4084,130,130,0,0
4085,113,110,3,3
4086,129,136,-7,7
4087,73,83,-10,10
4088,100,101,-1,1
4089,87,102,-15,15
4090,75,71,4,4
4091,87,95,-8,8
4092,113,103,10,10
4093,64,70,-6,6
4094,83,81,2,2
4095,75,79,-4,4
4096,124,128,-4,4
4097,87,94,-7,7
4098,63,70,-7,7
4099,78,76,2,2
4100,86,92,-6,6
4101,104,112,-8,8
4102,95,98,-3,3
4103,119,126,-7,7
4104,99,105,-6,6
4105,54,64,-10,10
4106,73,75,-2,2
4107,71,74,-3,3
4108,83,85,-2,2
4109,182,155,27,27
4110,74,88,-14,14
4111,133,127,6,6
4112,80,79,1,1
4113,98,105,-7,7
4114,98,99,-1,1
4115,96,93,3,3
4116,84,73,11,11
4117,199,199,0,0
4118,153,137,16,16
4119,121,132,-11,11
4120,104,110,-6,6
4121,79,85,-6,6
4122,109,95,14,14
4123,74,82,-8,8
4124,48,59,-11,11
4125,127,123,4,4
4126,77,82,-5,5
4127,57,69,-12,12
4128,88,90,-2,2
4129,76,71,5,5
4130,120,116,4,4
4131,86,94,-8,8
4132,62,71,-9,9
4133,60,62,-2,2
4134,83,82,1,1
4135,90,93,-3,3
4136,69,72,-3,3
4137,65,72,-7,7
4138,97,96,1,1
4139,107,102,5,5
4140,131,132,-1,1
4141,118,108,10,10
4142,107,120,-13,13
4143,72,80,-8,8
4144,153,147,6,6
4145,83,84,-1,1
4146,55,64,-9,9
4147,106,107,-1,1
4148,97,105,-8,8
4149,176,164,12,12
4150,139,126,13,13
4151,84,96,-12,12
4152,112,105,7,7
4153,58,70,-12,12
4154,119,117,2,2
4155,75,80,-5,5
4156,155,151,4,4
4157,71,66,5,5
4158,150,136,14,14
4159,94,96,-2,2
4160,54,64,-10,10
4161,70,74,-4,4
4162,125,115,10,10
4163,36,33,3,3
4164,78,83,-5,5
4165,96,93,3,3
4166,100,96,4,4
4167,106,103,3,3
4168,129,116,13,13
4169,39,47,-8,8
4170,44,52,-8,8
4171,97,97,0,0
4172,80,92,-12,12
4173,52,56,-4,4
4174,102,102,0,0
4175,101,96,5,5
4176,90,89,1,1
4177,151,143,8,8
4178,82,79,3,3
4179,117,113,4,4
4180,63,81,-18,18
4181,135,130,5,5
4182,71,70,1,1
4183,96,105,-9,9
4184,123,119,4,4
4185,75,74,1,1
4186,60,69,-9,9
4187,103,105,-2,2
4188,59,65,-6,6
4189,116,124,-8,8
4190,92,93,-1,1
4191,76,68,8,8
4192,53,52,1,1
4193,107,113,-6,6
4194,70,74,-4,4
4195,101,101,0,0
4196,88,84,4,4
4197,84,89,-5,5
4198,26,54,-28,28
4199,107,110,-3,3
4200,121,119,2,2
4201,66,72,-6,6
4202,75,88,-13,13
4203,140,146,-6,6
4204,87,84,3,3
4205,57,57,0,0
4206,100,102,-2,2
4207,183,161,22,22
4208,131,127,4,4
4209,98,128,-30,30
4210,70,78,-8,8
4211,80,79,1,1
4212,112,111,1,1
4213,164,166,-2,2
4214,112,102,10,10
4215,49,55,-6,6
4216,69,78,-9,9
4217,64,78,-14,14
4218,78,90,-12,12
4219,116,126,-10,10
4220,113,104,9,9
4221,123,120,3,3
4222,101,110,-9,9
4223,100,107,-7,7
4224,84,85,-1,1
4225,114,111,3,3
4226,109,102,7,7
4227,52,54,-2,2
4228,115,105,10,10
4229,106,108,-2,2
4230,93,93,0,0
4231,69,77,-8,8
4232,149,141,8,8
4233,87,86,1,1
4234,103,100,3,3
4235,106,111,-5,5
4236,76,95,-19,19
4237,124,129,-5,5
4238,115,119,-4,4
4239,82,82,0,0
4240,152,155,-3,3
4241,138,132,6,6
4242,196,178,18,18
4243,133,115,18,18
4244,146,141,5,5
4245,105,109,-4,4
4246,92,101,-9,9
4247,71,71,0,0
4248,97,104,-7,7
4249,70,75,-5,5
4250,107,115,-8,8
4251,80,85,-5,5
4252,63,83,-20,20
4253,75,72,3,3
4254,75,76,-1,1
4255,75,78,-3,3
4256,104,94,10,10
4257,152,137,15,15
4258,71,72,-1,1
4259,107,103,4,4
4260,161,146,15,15
4261,71,81,-10,10
4262,91,90,1,1
4263,98,93,5,5
4264,108,108,0,0
4265,78,74,4,4
4266,116,116,0,0
4267,108,96,12,12
4268,81,84,-3,3
4269,65,76,-11,11
4270,111,112,-1,1
4271,70,71,-1,1
4272,55,61,-6,6
4273,102,101,1,1
4274,102,104,-2,2
4275,56,61,-5,5
4276,100,88,12,12
4277,47,50,-3,3
4278,145,137,8,8
4279,108,104,4,4
4280,143,133,10,10
4281,123,122,1,1
4282,172,160,12,12
4283,60,69,-9,9
4284,105,101,4,4
4285,46,32,14,14
4286,80,72,8,8
4287,114,116,-2,2
4288,189,185,4,4
4289,82,77,5,5
4290,126,127,-1,1
4291,157,141,16,16
4292,147,165,-18,18
4293,27,62,-35,35
4294,79,79,0,0
4295,75,75,0,0
4296,65,66,-1,1
4297,68,69,-1,1
4298,126,123,3,3
4299,133,124,9,9
4300,101,95,6,6
4301,80,82,-2,2
4302,103,96,7,7
4303,95,94,1,1
4304,103,108,-5,5
4305,113,111,2,2
4306,42,43,-1,1
4307,85,91,-6,6
4308,82,90,-8,8
4309,104,105,-1,1
4310,85,78,7,7
4311,107,91,16,16
4312,78,75,3,3
4313,66,69,-3,3
4314,108,105,3,3
4315,90,102,-12,12
4316,88,92,-4,4
4317,59,65,-6,6
4318,79,73,6,6
4319,69,73,-4,4
4320,135,133,2,2
4321,96,109,-13,13
4322,148,145,3,3
4323,31,40,-9,9
4324,65,84,-19,19
4325,86,88,-2,2
4326,47,49,-2,2
4327,83,80,3,3
4328,170,176,-6,6
4329,63,67,-4,4
4330,110,106,4,4
4331,182,163,19,19
4332,141,138,3,3
4333,94,100,-6,6
4334,81,83,-2,2
4335,87,92,-5,5
4336,131,124,7,7
4337,117,105,12,12
4338,64,64,0,0
4339,150,169,-19,19
4340,93,99,-6,6
4341,88,91,-3,3
4342,90,96,-6,6
4343,86,92,-6,6
4344,96,107,-11,11
4345,173,157,16,16
4346,104,102,2,2
4347,44,57,-13,13
4348,81,74,7,7
4349,71,69,2,2
4350,77,67,10,10
4351,82,76,6,6
4352,196,179,17,17
4353,126,116,10,10
4354,100,102,-2,2
4355,159,146,13,13
4356,61,72,-11,11
4357,54,60,-6,6
4358,73,74,-1,1
4359,73,81,-8,8
4360,88,84,4,4
4361,136,133,3,3
4362,94,96,-2,2
4363,164,173,-9,9
4364,100,103,-3,3
4365,126,116,10,10
4366,50,55,-5,5
4367,79,84,-5,5
4368,94,112,-18,18
4369,110,119,-9,9
4370,144,137,7,7
4371,62,62,0,0
4372,92,96,-4,4
4373,59,66,-7,7
4374,279,237,42,42
4375,149,139,10,10
4376,61,76,-15,15
4377,72,91,-19,19
4378,64,68,-4,4
4379,142,134,8,8
4380,56,60,-4,4
4381,140,142,-2,2
4382,221,195,26,26
4383,111,97,14,14
4384,93,93,0,0
4385,110,109,1,1
4386,83,77,6,6
4387,65,75,-10,10
4388,154,148,6,6
4389,92,94,-2,2
4390,144,130,14,14
4391,102,104,-2,2
4392,131,124,7,7
4393,98,96,2,2
4394,104,103,1,1
4395,95,101,-6,6
4396,108,116,-8,8
4397,89,91,-2,2
4398,139,144,-5,5
4399,116,108,8,8
4400,58,64,-6,6
4401,140,139,1,1
4402,89,92,-3,3
4403,103,103,0,0
4404,67,88,-21,21
4405,62,65,-3,3
4406,162,157,5,5
4407,77,75,2,2
4408,99,104,-5,5
4409,92,81,11,11
4410,105,107,-2,2
4411,99,97,2,2
4412,82,99,-17,17
4413,139,127,12,12
4414,99,98,1,1
4415,82,88,-6,6
4416,95,103,-8,8
4417,101,101,0,0
4418,85,92,-7,7
4419,102,99,3,3
4420,133,131,2,2
4421,76,76,0,0
4422,126,124,2,2
4423,101,102,-1,1
4424,119,106,13,13
4425,152,154,-2,2
4426,136,117,19,19
4427,87,91,-4,4
4428,116,104,12,12
4429,60,69,-9,9
4430,96,98,-2,2
4431,76,84,-8,8
4432,128,120,8,8
4433,85,89,-4,4
4434,84,92,-8,8
4435,153,137,16,16
4436,72,69,3,3
4437,73,70,3,3
4438,108,98,10,10
4439,73,72,1,1
4440,94,94,0,0
4441,86,85,1,1
4442,89,85,4,4
4443,56,62,-6,6
4444,195,179,16,16
4445,70,73,-3,3
4446,64,68,-4,4
4447,96,92,4,4
4448,103,107,-4,4
4449,131,119,12,12
4450,93,96,-3,3
4451,122,124,-2,2
4452,54,60,-6,6
4453,67,79,-12,12
4454,66,65,1,1
4455,110,110,0,0
4456,108,105,3,3
4457,119,120,-1,1
4458,80,73,7,7
4459,60,68,-8,8
4460,88,92,-4,4
4461,123,109,14,14
4462,59,66,-7,7
4463,103,95,8,8
4464,93,93,0,0
4465,90,91,-1,1
4466,157,150,7,7
4467,94,94,0,0
4468,79,88,-9,9
4469,131,130,1,1
4470,50,57,-7,7
4471,111,105,6,6
4472,106,107,-1,1
4473,104,104,0,0
4474,94,103,-9,9
4475,71,68,3,3
4476,168,146,22,22
4477,102,115,-13,13
4478,58,69,-11,11
4479,49,57,-8,8
4480,96,92,4,4
4481,74,79,-5,5
4482,135,133,2,2
4483,171,156,15,15
4484,70,73,-3,3
4485,118,120,-2,2
4486,90,82,8,8
4487,101,118,-17,17
4488,97,100,-3,3
4489,107,102,5,5
4490,87,87,0,0
4491,43,51,-8,8
4492,79,77,2,2
4493,106,101,5,5
4494,39,41,-2,2
4495,178,155,23,23
4496,74,82,-8,8
4497,36,43,-7,7
4498,68,71,-3,3
4499,114,121,-7,7
4500,80,85,-5,5
4501,109,120,-11,11
4502,128,118,10,10
4503,87,103,-16,16
4504,110,120,-10,10
4505,100,96,4,4
4506,128,132,-4,4
4507,136,129,7,7
4508,129,127,2,2
4509,122,124,-2,2
4510,102,100,2,2
4511,109,110,-1,1
4512,58,67,-9,9
4513,122,117,5,5
4514,90,92,-2,2
4515,57,55,2,2
4516,107,106,1,1
4517,168,160,8,8
4518,98,103,-5,5
4519,120,110,10,10
4520,74,76,-2,2
4521,88,85,3,3
4522,96,91,5,5
4523,64,73,-9,9
4524,55,61,-6,6
4525,94,97,-3,3
4526,148,129,19,19
4527,92,104,-12,12
4528,95,106,-11,11
4529,110,106,4,4
4530,83,78,5,5
4531,139,132,7,7
4532,108,101,7,7
4533,78,81,-3,3
4534,78,82,-4,4
4535,98,97,1,1
4536,104,101,3,3
4537,68,68,0,0
4538,103,106,-3,3
4539,66,58,8,8
4540,100,102,-2,2
4541,123,118,5,5
4542,74,83,-9,9
4543,136,123,13,13
4544,47,52,-5,5
4545,92,94,-2,2
4546,122,113,9,9
4547,125,126,-1,1
4548,122,109,13,13
4549,61,64,-3,3
4550,82,103,-21,21
4551,112,107,5,5
4552,48,52,-4,4
4553,146,149,-3,3
4554,67,64,3,3
4555,115,113,2,2
4556,165,165,0,0
4557,87,97,-10,10
4558,40,46,-6,6
4559,55,55,0,0
4560,127,117,10,10
4561,70,73,-3,3
4562,99,104,-5,5
4563,45,56,-11,11
4564,95,95,0,0
4565,80,83,-3,3
4566,47,57,-10,10
4567,99,115,-16,16
4568,118,116,2,2
4569,104,108,-4,4
4570,75,76,-1,1
4571,90,93,-3,3
4572,82,83,-1,1
4573,163,144,19,19
4574,93,92,1,1
4575,166,172,-6,6
4576,69,75,-6,6
4577,122,134,-12,12
4578,148,145,3,3
4579,56,58,-2,2
4580,66,66,0,0
4581,83,94,-11,11
4582,63,67,-4,4
4583,108,105,3,3
4584,123,105,18,18
4585,161,170,-9,9
4586,83,105,-22,22
4587,49,50,-1,1
4588,78,82,-4,4
4589,101,103,-2,2
4590,38,42,-4,4
4591,98,95,3,3
4592,174,155,19,19
4593,75,83,-8,8
4594,56,63,-7,7
4595,138,126,12,12
4596,38,40,-2,2
4597,51,58,-7,7
4598,69,68,1,1
4599,98,100,-2,2
4600,87,92,-5,5
4601,88,87,1,1
4602,156,155,1,1
4603,140,133,7,7
4604,92,99,-7,7
4605,49,60,-11,11
4606,82,91,-9,9
4607,217,220,-3,3
4608,99,102,-3,3
4609,110,102,8,8
4610,79,84,-5,5
4611,69,66,3,3
4612,87,79,8,8
4613,84,83,1,1
4614,77,73,4,4
4615,78,74,4,4
4616,100,104,-4,4
4617,112,108,4,4
4618,130,124,6,6
4619,137,120,17,17
4620,125,115,10,10
4621,86,94,-8,8
4622,152,141,11,11
4623,96,101,-5,5
4624,111,112,-1,1
4625,99,107,-8,8
4626,56,58,-2,2
4627,211,207,4,4
4628,109,115,-6,6
4629,137,136,1,1
4630,74,81,-7,7
4631,120,121,-1,1
4632,81,89,-8,8
4633,71,78,-7,7
4634,88,85,3,3
4635,111,104,7,7
4636,197,186,11,11
4637,85,83,2,2
4638,112,112,0,0
4639,44,67,-23,23
4640,86,92,-6,6
4641,72,86,-14,14
4642,59,65,-6,6
4643,82,97,-15,15
4644,69,71,-2,2
4645,91,91,0,0
4646,142,140,2,2
4647,84,70,14,14
4648,81,84,-3,3
4649,101,103,-2,2
4650,190,164,26,26
4651,107,104,3,3
4652,119,123,-4,4
4653,77,74,3,3
4654,152,144,8,8
4655,64,58,6,6
4656,77,79,-2,2
4657,51,52,-1,1
4658,77,82,-5,5
4659,84,95,-11,11
4660,60,65,-5,5
4661,107,103,4,4
4662,87,101,-14,14
4663,116,126,-10,10
4664,160,139,21,21
4665,116,114,2,2
4666,84,83,1,1
4667,113,120,-7,7
4668,105,105,0,0
4669,55,52,3,3
4670,91,97,-6,6
4671,113,103,10,10
4672,62,63,-1,1
4673,75,75,0,0
4674,45,52,-7,7
4675,177,157,20,20
4676,131,139,-8,8
4677,112,112,0,0
4678,127,124,3,3
4679,146,121,25,25
4680,138,135,3,3
4681,93,100,-7,7
4682,65,73,-8,8
4683,168,169,-1,1
4684,112,122,-10,10
4685,149,137,12,12
4686,140,142,-2,2
4687,94,98,-4,4
4688,141,132,9,9
4689,75,82,-7,7
4690,134,125,9,9
4691,95,90,5,5
4692,119,105,14,14
4693,95,100,-5,5
4694,65,69,-4,4
4695,95,102,-7,7
4696,97,100,-3,3
4697,132,129,3,3
4698,87,87,0,0
4699,124,128,-4,4
4700,115,115,0,0
4701,45,50,-5,5
4702,110,105,5,5
4703,57,64,-7,7
4704,126,104,22,22
4705,50,54,-4,4
4706,132,130,2,2
4707,71,71,0,0
4708,88,83,5,5
4709,91,104,-13,13
4710,79,83,-4,4
4711,47,45,2,2
4712,103,111,-8,8
4713,38,45,-7,7
4714,68,63,5,5
4715,130,123,7,7
4716,157,152,5,5
4717,99,102,-3,3
4718,62,61,1,1
4719,79,82,-3,3
4720,74,76,-2,2
4721,154,139,15,15
4722,36,58,-22,22
4723,81,85,-4,4
4724,69,68,1,1
4725,39,44,-5,5
4726,106,106,0,0
4727,141,127,14,14
4728,71,74,-3,3
4729,108,106,2,2
4730,142,134,8,8
4731,43,50,-7,7
4732,109,116,-7,7
4733,72,74,-2,2
4734,110,104,6,6
4735,84,101,-17,17
4736,88,90,-2,2
4737,156,144,12,12
4738,106,114,-8,8
4739,160,156,4,4
4740,105,104,1,1
4741,231,196,35,35
4742,111,104,7,7
4743,53,64,-11,11
4744,124,131,-7,7
4745,105,105,0,0
4746,144,146,-2,2
4747,83,94,-11,11
4748,81,84,-3,3
4749,96,101,-5,5
4750,143,135,8,8
4751,118,114,4,4
4752,77,82,-5,5
4753,116,113,3,3
4754,116,87,29,29
4755,76,81,-5,5
4756,73,76,-3,3
4757,92,86,6,6
4758,89,84,5,5
4759,58,61,-3,3
4760,70,75,-5,5
4761,134,129,5,5
4762,73,88,-15,15
4763,139,128,11,11
4764,59,66,-7,7
4765,59,65,-6,6
4766,72,74,-2,2
4767,81,82,-1,1
4768,96,96,0,0
4769,190,166,24,24
4770,131,118,13,13
4771,188,184,4,4
4772,141,149,-8,8
4773,103,102,1,1
4774,65,79,-14,14
4775,86,86,0,0
4776,64,69,-5,5
4777,115,119,-4,4
4778,58,69,-11,11
4779,150,141,9,9
4780,70,77,-7,7
4781,91,94,-3,3
4782,104,103,1,1
4783,78,83,-5,5
4784,57,60,-3,3
4785,117,108,9,9
4786,82,83,-1,1
4787,50,57,-7,7
4788,76,83,-7,7
4789,64,69,-5,5
4790,140,135,5,5
4791,88,98,-10,10
4792,41,45,-4,4
4793,56,71,-15,15
4794,161,163,-2,2
4795,107,103,4,4
4796,94,96,-2,2
4797,71,66,5,5
4798,163,145,18,18
4799,99,94,5,5
4800,30,35,-5,5
4801,99,92,7,7
4802,161,140,21,21
4803,82,84,-2,2
4804,92,91,1,1
4805,152,129,23,23
4806,131,112,19,19
4807,99,98,1,1
4808,50,52,-2,2
4809,80,90,-10,10
4810,99,101,-2,2
4811,69,71,-2,2
4812,67,78,-11,11
4813,143,117,26,26
4814,68,72,-4,4
4815,65,74,-9,9
4816,94,98,-4,4
4817,55,60,-5,5
4818,94,94,0,0
4819,45,54,-9,9
4820,140,134,6,6
4821,65,66,-1,1
4822,62,69,-7,7
4823,94,101,-7,7
4824,129,121,8,8
4825,123,123,0,0
4826,80,82,-2,2
4827,86,82,4,4
4828,112,115,-3,3
4829,89,91,-2,2
4830,72,73,-1,1
4831,65,69,-4,4
4832,90,96,-6,6
4833,71,85,-14,14
4834,107,114,-7,7
4835,140,137,3,3
4836,57,66,-9,9
4837,104,104,0,0
4838,56,65,-9,9
4839,103,105,-2,2
4840,104,105,-1,1
4841,78,82,-4,4
4842,126,119,7,7
4843,101,97,4,4
4844,85,95,-10,10
4845,72,68,4,4
4846,57,65,-8,8
4847,51,66,-15,15
4848,102,106,-4,4
4849,85,93,-8,8
4850,71,71,0,0
4851,87,83,4,4
4852,74,76,-2,2
4853,104,103,1,1
4854,102,104,-2,2
4855,181,166,15,15
4856,130,127,3,3
4857,75,90,-15,15
4858,102,103,-1,1
4859,56,68,-12,12
4860,72,77,-5,5
4861,90,99,-9,9
4862,66,74,-8,8
4863,82,84,-2,2
4864,139,158,-19,19
4865,97,85,12,12
4866,83,84,-1,1
4867,71,83,-12,12
4868,81,76,5,5
4869,80,74,6,6
4870,152,146,6,6
4871,54,60,-6,6
4872,51,56,-5,5
4873,142,124,18,18
4874,134,137,-3,3
4875,253,261,-8,8
4876,85,101,-16,16
4877,274,235,39,39
4878,180,159,21,21
4879,85,92,-7,7
4880,68,75,-7,7
4881,126,118,8,8
4882,147,139,8,8
4883,67,72,-5,5
4884,58,68,-10,10
4885,146,141,5,5
4886,170,178,-8,8
4887,80,92,-12,12
4888,117,115,2,2
4889,72,72,0,0
4890,52,61,-9,9
4891,92,98,-6,6
4892,88,91,-3,3
4893,106,106,0,0
4894,93,93,0,0
4895,151,151,0,0
4896,90,90,0,0
4897,71,73,-2,2
4898,63,70,-7,7
4899,171,147,24,24
4900,83,73,10,10
4901,125,113,12,12
4902,123,110,13,13
4903,119,115,4,4
4904,100,99,1,1
4905,97,106,-9,9
4906,82,77,5,5
4907,104,107,-3,3
4908,84,85,-1,1
4909,133,129,4,4
4910,66,72,-6,6
4911,328,283,45,45
4912,66,70,-4,4
4913,129,120,9,9
4914,60,63,-3,3
4915,107,120,-13,13
4916,88,83,5,5
4917,92,108,-16,16
4918,97,83,14,14
4919,95,96,-1,1
4920,176,160,16,16
4921,93,97,-4,4
4922,124,125,-1,1
4923,80,76,4,4
4924,117,111,6,6
4925,92,90,2,2
4926,137,115,22,22
4927,160,152,8,8
4928,114,108,6,6
4929,78,73,5,5
4930,73,79,-6,6
4931,62,62,0,0
4932,85,91,-6,6
4933,52,63,-11,11
4934,53,61,-8,8
4935,98,81,17,17
4936,92,97,-5,5
4937,100,102,-2,2
4938,114,110,4,4
4939,139,139,0,0
4940,76,79,-3,3
4941,119,114,5,5
4942,41,50,-9,9
4943,53,51,2,2
4944,268,266,2,2
4945,66,67,-1,1
4946,130,117,13,13
4947,115,116,-1,1
4948,157,157,0,0
4949,50,62,-12,12
4950,75,76,-1,1
4951,79,75,4,4
4952,85,85,0,0
4953,42,69,-27,27
4954,85,82,3,3
4955,95,99,-4,4
4956,72,83,-11,11
4957,90,99,-9,9
4958,81,81,0,0
4959,109,110,-1,1
4960,146,149,-3,3
4961,131,118,13,13
4962,138,127,11,11
4963,32,44,-12,12
4964,86,91,-5,5
4965,76,83,-7,7
4966,73,83,-10,10
4967,132,126,6,6
4968,136,135,1,1
4969,36,46,-10,10
4970,40,53,-13,13
4971,62,65,-3,3
4972,99,105,-6,6
4973,63,75,-12,12
4974,90,82,8,8
4975,63,79,-16,16
4976,63,70,-7,7
4977,73,84,-11,11
4978,73,77,-4,4
4979,120,134,-14,14
4980,161,151,10,10
4981,74,76,-2,2
4982,74,72,2,2
4983,49,58,-9,9
4984,157,139,18,18
4985,123,115,8,8
4986,91,86,5,5
4987,115,102,13,13
4988,85,90,-5,5
4989,66,71,-5,5
4990,102,102,0,0
4991,98,97,1,1
4992,100,96,4,4
4993,105,121,-16,16
4994,84,95,-11,11
4995,95,91,4,4
4996,108,102,6,6
4997,62,63,-1,1
4998,116,114,2,2
4999,79,74,5,5
5000,73,70,3,3
5001,50,62,-12,12
5002,97,93,4,4
5003,145,130,15,15
5004,152,135,17,17
5005,134,126,8,8
5006,110,103,7,7
5007,114,111,3,3
5008,72,68,4,4
5009,113,110,3,3
5010,58,70,-12,12
5011,50,50,0,0
5012,29,28,1,1
5013,71,71,0,0
5014,90,96,-6,6
5015,140,133,7,7
5016,123,117,6,6
5017,131,128,3,3
5018,50,55,-5,5
5019,82,83,-1,1
5020,77,86,-9,9
5021,98,92,6,6
5022,83,74,9,9
5023,88,82,6,6
5024,122,107,15,15
5025,87,84,3,3
5026,107,106,1,1
5027,75,82,-7,7
5028,89,97,-8,8
5029,124,127,-3,3
5030,105,105,0,0
5031,62,63,-1,1
5032,125,111,14,14
5033,94,95,-1,1
5034,91,97,-6,6
5035,74,90,-16,16
5036,82,97,-15,15
5037,60,63,-3,3
5038,69,72,-3,3
5039,132,125,7,7
5040,76,78,-2,2
5041,169,163,6,6
5042,101,103,-2,2
5043,167,160,7,7
5044,79,83,-4,4
5045,78,93,-15,15
5046,61,66,-5,5
5047,137,120,17,17
5048,116,105,11,11
5049,77,86,-9,9
5050,76,73,3,3
5051,157,160,-3,3
5052,90,102,-12,12
5053,79,73,6,6
5054,131,115,16,16
5055,118,107,11,11
5056,110,101,9,9
5057,151,133,18,18
5058,159,154,5,5
5059,95,99,-4,4
5060,78,80,-2,2
5061,107,114,-7,7
5062,131,126,5,5
5063,87,96,-9,9
5064,42,48,-6,6
5065,66,73,-7,7
5066,101,102,-1,1
5067,140,131,9,9
5068,66,66,0,0
5069,43,49,-6,6
5070,100,100,0,0
5071,120,103,17,17
5072,76,66,10,10
5073,121,124,-3,3
5074,78,81,-3,3
5075,121,116,5,5
5076,51,60,-9,9
5077,101,106,-5,5
5078,136,133,3,3
5079,107,116,-9,9
5080,106,106,0,0
5081,116,108,8,8
5082,89,94,-5,5
5083,65,69,-4,4
5084,154,141,13,13
5085,130,115,15,15
5086,98,91,7,7
5087,75,92,-17,17
5088,81,84,-3,3
5089,82,90,-8,8
5090,86,94,-8,8
5091,93,100,-7,7
5092,73,81,-8,8
5093,76,81,-5,5
5094,166,164,2,2
5095,98,97,1,1
5096,120,105,15,15
5097,67,72,-5,5
5098,81,83,-2,2
5099,170,162,8,8
5100,40,53,-13,13
5101,101,102,-1,1
5102,80,80,0,0
5103,121,103,18,18
5104,58,59,-1,1
5105,115,106,9,9
5106,63,64,-1,1
5107,87,92,-5,5
5108,148,151,-3,3
5109,102,103,-1,1
5110,79,79,0,0
5111,118,107,11,11
5112,92,95,-3,3
5113,110,110,0,0
5114,131,127,4,4
5115,139,148,-9,9
5116,68,78,-10,10
5117,122,124,-2,2
5118,140,131,9,9
5119,124,118,6,6
5120,103,96,7,7
5121,59,74,-15,15
5122,80,90,-10,10
5123,131,123,8,8
5124,104,99,5,5
5125,155,141,14,14
5126,89,93,-4,4
5127,68,88,-20,20
5128,79,82,-3,3
5129,110,106,4,4
5130,54,59,-5,5
5131,121,130,-9,9
5132,101,106,-5,5
5133,109,115,-6,6
5134,100,101,-1,1
5135,132,128,4,4
5136,71,76,-5,5
5137,89,91,-2,2
5138,92,93,-1,1
5139,91,93,-2,2
5140,117,106,11,11
5141,100,98,2,2
5142,118,109,9,9
5143,160,135,25,25
5144,121,109,12,12
5145,88,100,-12,12
5146,152,144,8,8
5147,56,60,-4,4
5148,51,71,-20,20
5149,110,96,14,14
5150,79,85,-6,6
5151,68,79,-11,11
5152,52,58,-6,6
5153,129,131,-2,2
5154,81,78,3,3
5155,39,46,-7,7
5156,55,112,-57,57
5157,53,60,-7,7
5158,92,97,-5,5
5159,72,77,-5,5
5160,103,105,-2,2
5161,141,127,14,14
5162,82,92,-10,10
5163,69,74,-5,5
5164,168,158,10,10
5165,65,72,-7,7
5166,76,82,-6,6
5167,104,101,3,3
5168,89,92,-3,3
5169,101,105,-4,4
5170,53,65,-12,12
5171,105,101,4,4
5172,90,84,6,6
5173,116,111,5,5
5174,137,131,6,6
5175,126,113,13,13
5176,43,44,-1,1
5177,65,74,-9,9
5178,76,76,0,0
5179,104,101,3,3
5180,88,83,5,5
5181,75,74,1,1
5182,82,83,-1,1
5183,40,62,-22,22
5184,77,77,0,0
5185,66,70,-4,4
5186,154,133,21,21
5187,86,82,4,4
5188,112,115,-3,3
5189,93,99,-6,6
5190,130,143,-13,13
5191,177,162,15,15
5192,148,136,12,12
5193,80,85,-5,5
5194,58,58,0,0
5195,115,108,7,7
5196,118,108,10,10
5197,66,65,1,1
5198,161,150,11,11
5199,80,90,-10,10
5200,105,101,4,4
5201,56,57,-1,1
5202,66,71,-5,5
5203,93,94,-1,1
5204,105,99,6,6
5205,96,95,1,1
5206,62,65,-3,3
5207,68,75,-7,7
5208,83,81,2,2
5209,110,103,7,7
5210,109,112,-3,3
5211,147,135,12,12
5212,68,66,2,2
5213,121,110,11,11
5214,128,133,-5,5
5215,136,131,5,5
5216,110,103,7,7
5217,84,78,6,6
5218,93,95,-2,2
5219,68,75,-7,7
5220,88,94,-6,6
5221,89,95,-6,6
5222,134,137,-3,3
5223,128,123,5,5
5224,79,82,-3,3
5225,66,68,-2,2
5226,58,57,1,1
5227,58,76,-18,18
5228,69,73,-4,4
5229,56,61,-5,5
5230,85,92,-7,7
5231,73,75,-2,2
5232,97,94,3,3
5233,100,89,11,11
5234,82,72,10,10
5235,65,70,-5,5
5236,90,99,-9,9
5237,66,84,-18,18
5238,58,61,-3,3
5239,62,100,-38,38
5240,50,53,-3,3
5241,84,86,-2,2
5242,82,85,-3,3
5243,147,149,-2,2
5244,91,85,6,6
5245,95,94,1,1
5246,121,116,5,5
5247,56,64,-8,8
5248,54,50,4,4
5249,103,104,-1,1
5250,86,73,13,13
5251,85,81,4,4
5252,97,84,13,13
5253,92,86,6,6
5254,59,65,-6,6
5255,115,113,2,2
5256,116,110,6,6
5257,101,103,-2,2
5258,120,96,24,24
5259,164,145,19,19
5260,55,54,1,1
5261,91,95,-4,4
5262,75,82,-7,7
5263,121,119,2,2
5264,57,63,-6,6
5265,38,55,-17,17
5266,92,85,7,7
5267,67,68,-1,1
5268,120,116,4,4
5269,83,83,0,0
5270,138,137,1,1
5271,169,154,15,15
5272,59,70,-11,11
5273,47,58,-11,11
5274,46,49,-3,3
5275,123,128,-5,5
5276,142,139,3,3
5277,80,92,-12,12
5278,31,43,-12,12
5279,128,127,1,1
5280,112,104,8,8
5281,98,104,-6,6
5282,55,61,-6,6
5283,110,102,8,8
5284,91,97,-6,6
5285,112,98,14,14
5286,115,114,1,1
5287,73,72,1,1
5288,106,103,3,3
5289,93,91,2,2
5290,166,163,3,3
5291,128,135,-7,7
5292,112,109,3,3
5293,89,84,5,5
5294,74,75,-1,1
5295,106,118,-12,12
5296,72,74,-2,2
5297,78,78,0,0
5298,92,95,-3,3
5299,140,130,10,10
5300,103,96,7,7
5301,102,112,-10,10
5302,63,76,-13,13
5303,169,156,13,13
5304,78,82,-4,4
5305,132,120,12,12
5306,50,50,0,0
5307,127,114,13,13
5308,138,112,26,26
5309,61,59,2,2
5310,87,93,-6,6
5311,109,113,-4,4
5312,77,80,-3,3
5313,92,105,-13,13
5314,84,83,1,1
5315,140,120,20,20
5316,79,90,-11,11
5317,87,83,4,4
5318,76,75,1,1
5319,54,55,-1,1
5320,77,90,-13,13
5321,28,63,-35,35
5322,85,71,14,14
5323,41,45,-4,4
5324,78,89,-11,11
5325,117,105,12,12
5326,99,102,-3,3
5327,130,128,2,2
5328,58,64,-6,6
5329,76,74,2,2
5330,72,76,-4,4
5331,72,72,0,0
5332,130,116,14,14
5333,85,93,-8,8
5334,74,81,-7,7
5335,117,105,12,12
5336,105,108,-3,3
5337,114,111,3,3
5338,94,86,8,8
5339,127,122,5,5
5340,100,99,1,1
5341,100,103,-3,3
5342,114,107,7,7
5343,137,146,-9,9
5344,141,131,10,10
5345,186,171,15,15
5346,49,56,-7,7
5347,71,73,-2,2
5348,144,141,3,3
5349,108,92,16,16
5350,102,92,10,10
5351,129,120,9,9
5352,123,114,9,9
5353,48,56,-8,8
5354,70,72,-2,2
5355,81,82,-1,1
5356,72,78,-6,6
5357,76,80,-4,4
5358,114,127,-13,13
5359,130,122,8,8
5360,113,119,-6,6
5361,57,63,-6,6
5362,77,80,-3,3
5363,117,116,1,1
5364,79,77,2,2
5365,87,96,-9,9
5366,99,100,-1,1
5367,211,196,15,15
5368,92,85,7,7
5369,119,112,7,7
5370,54,63,-9,9
5371,111,102,9,9
5372,67,70,-3,3
5373,185,183,2,2
5374,68,81,-13,13
5375,190,165,25,25
5376,124,118,6,6
5377,80,92,-12,12
5378,78,78,0,0
5379,92,106,-14,14
5380,70,70,0,0
5381,51,70,-19,19
5382,89,92,-3,3
5383,82,91,-9,9
5384,83,84,-1,1
5385,204,183,21,21
5386,114,110,4,4
5387,62,65,-3,3
5388,100,92,8,8
5389,143,156,-13,13
5390,89,91,-2,2
5391,123,131,-8,8
5392,150,142,8,8
5393,135,112,23,23
5394,114,116,-2,2
5395,94,105,-11,11
5396,158,148,10,10
5397,58,71,-13,13
5398,94,101,-7,7
5399,59,64,-5,5
5400,81,95,-14,14
5401,70,72,-2,2
5402,79,81,-2,2
5403,49,58,-9,9
5404,85,82,3,3
5405,85,83,2,2
5406,55,58,-3,3
5407,97,102,-5,5
5408,95,99,-4,4
5409,129,124,5,5
5410,53,61,-8,8
5411,109,111,-2,2
5412,92,95,-3,3
5413,122,102,20,20
5414,102,105,-3,3
5415,98,110,-12,12
5416,68,78,-10,10
5417,108,102,6,6
5418,92,91,1,1
5419,95,93,2,2
5420,65,66,-1,1
5421,27,30,-3,3
5422,62,67,-5,5
5423,109,105,4,4
5424,72,76,-4,4
5425,58,62,-4,4
5426,121,107,14,14
5427,101,99,2,2
5428,63,69,-6,6
5429,38,38,0,0
5430,145,143,2,2
5431,103,106,-3,3
5432,215,220,-5,5
5433,122,115,7,7
5434,90,98,-8,8
5435,67,69,-2,2
5436,98,105,-7,7
5437,106,112,-6,6
5438,119,119,0,0
5439,93,97,-4,4
5440,48,62,-14,14
5441,87,91,-4,4
5442,108,113,-5,5
5443,72,67,5,5
5444,124,117,7,7
5445,114,112,2,2
5446,43,47,-4,4
5447,109,104,5,5
5448,99,106,-7,7
5449,116,107,9,9
5450,72,92,-20,20
5451,122,129,-7,7
5452,98,97,1,1
5453,144,153,-9,9
5454,78,72,6,6
5455,70,69,1,1
5456,114,107,7,7
5457,137,136,1,1
5458,113,105,8,8
5459,115,104,11,11
5460,85,88,-3,3
5461,63,61,2,2
5462,114,116,-2,2
5463,88,89,-1,1
5464,125,112,13,13
5465,116,114,2,2
5466,150,116,34,34
5467,78,80,-2,2
5468,75,73,2,2
5469,81,90,-9,9
5470,116,123,-7,7
5471,64,65,-1,1
5472,93,98,-5,5
5473,96,91,5,5
5474,147,142,5,5
5475,77,78,-1,1
5476,139,137,2,2
5477,64,66,-2,2
5478,82,81,1,1
5479,70,71,-1,1
5480,142,139,3,3
5481,99,96,3,3
5482,64,68,-4,4
5483,80,91,-11,11
5484,69,66,3,3
5485,64,68,-4,4
5486,99,103,-4,4
5487,120,106,14,14
5488,80,78,2,2
5489,145,143,2,2
5490,161,155,6,6
5491,86,94,-8,8
5492,123,120,3,3
5493,91,91,0,0
5494,147,139,8,8
5495,92,91,1,1
5496,79,84,-5,5
5497,144,130,14,14
5498,72,73,-1,1
5499,91,104,-13,13
5500,162,155,7,7
5501,76,85,-9,9
5502,82,89,-7,7
5503,63,72,-9,9
5504,71,74,-3,3
5505,74,77,-3,3
5506,152,137,15,15
5507,102,104,-2,2
5508,70,69,1,1
5509,46,52,-6,6
5510,85,102,-17,17
5511,81,84,-3,3
5512,85,88,-3,3
5513,108,102,6,6
5514,124,116,8,8
5515,81,88,-7,7
5516,97,122,-25,25
5517,137,136,1,1
5518,125,120,5,5
5519,90,98,-8,8
5520,83,85,-2,2
5521,89,94,-5,5
5522,124,112,12,12
5523,101,91,10,10
5524,103,105,-2,2
5525,61,64,-3,3
5526,85,76,9,9
5527,102,107,-5,5
5528,83,98,-15,15
5529,91,98,-7,7
5530,131,109,22,22
5531,150,139,11,11
5532,107,106,1,1
5533,115,115,0,0
5534,126,117,9,9
5535,129,123,6,6
5536,95,93,2,2
5537,143,131,12,12
5538,115,115,0,0
5539,85,85,0,0
5540,164,152,12,12
5541,95,97,-2,2
5542,137,145,-8,8
5543,121,116,5,5
5544,83,83,0,0
5545,115,123,-8,8
5546,154,155,-1,1
5547,115,116,-1,1
5548,88,84,4,4
5549,116,115,1,1
5550,119,97,22,22
5551,30,40,-10,10
5552,100,93,7,7
5553,132,135,-3,3
5554,186,171,15,15
5555,82,90,-8,8
5556,176,141,35,35
5557,107,104,3,3
5558,89,84,5,5
5559,94,98,-4,4
5560,51,50,1,1
5561,138,135,3,3
5562,78,81,-3,3
5563,59,65,-6,6
5564,58,61,-3,3
5565,67,70,-3,3
5566,79,75,4,4
5567,54,58,-4,4
5568,62,65,-3,3
5569,83,84,-1,1
5570,75,83,-8,8
5571,115,111,4,4
5572,114,119,-5,5
5573,126,110,16,16
5574,88,103,-15,15
5575,69,68,1,1
5576,38,57,-19,19
5577,71,71,0,0
5578,66,66,0,0
5579,62,66,-4,4
5580,75,71,4,4
5581,59,60,-1,1
5582,97,104,-7,7
5583,81,95,-14,14
5584,69,85,-16,16
5585,81,78,3,3
5586,101,101,0,0
5587,97,93,4,4
5588,60,74,-14,14
5589,119,113,6,6
5590,113,136,-23,23
5591,130,113,17,17
5592,61,73,-12,12
5593,166,154,12,12
5594,51,59,-8,8
5595,140,135,5,5
5596,109,114,-5,5
5597,115,117,-2,2
5598,112,106,6,6
5599,89,92,-3,3
5600,65,69,-4,4
5601,97,102,-5,5
5602,81,92,-11,11
5603,59,63,-4,4
5604,52,55,-3,3
5605,74,86,-12,12
5606,76,82,-6,6
5607,111,80,31,31
5608,112,111,1,1
5609,66,69,-3,3
5610,96,94,2,2
5611,61,68,-7,7
5612,162,150,12,12
5613,120,112,8,8
5614,68,90,-22,22
5615,61,74,-13,13
5616,110,108,2,2
5617,114,120,-6,6
5618,41,46,-5,5
5619,63,59,4,4
5620,77,75,2,2
5621,92,90,2,2
5622,80,77,3,3
5623,40,49,-9,9
5624,56,63,-7,7
5625,72,76,-4,4
5626,123,109,14,14
5627,77,77,0,0
5628,107,109,-2,2
5629,112,109,3,3
5630,72,79,-7,7
5631,99,105,-6,6
5632,118,115,3,3
5633,77,74,3,3
5634,139,134,5,5
5635,84,84,0,0
5636,62,70,-8,8
5637,100,99,1,1
5638,80,81,-1,1
5639,91,97,-6,6
5640,113,106,7,7
5641,45,47,-2,2
5642,71,67,4,4
5643,122,107,15,15
5644,53,58,-5,5
5645,78,94,-16,16
5646,65,72,-7,7
5647,40,55,-15,15
5648,136,126,10,10
5649,120,110,10,10
5650,104,110,-6,6
5651,85,84,1,1
5652,89,86,3,3
5653,84,93,-9,9
5654,80,92,-12,12
5655,119,122,-3,3
5656,105,103,2,2
5657,61,73,-12,12
5658,53,65,-12,12
5659,69,76,-7,7
5660,83,83,0,0
5661,122,106,16,16
5662,88,91,-3,3
5663,88,83,5,5
5664,104,107,-3,3
5665,94,94,0,0
5666,133,129,4,4
5667,53,61,-8,8
5668,73,78,-5,5
5669,92,93,-1,1
5670,92,93,-1,1
5671,91,93,-2,2
5672,82,90,-8,8
5673,87,94,-7,7
5674,135,125,10,10
5675,126,118,8,8
5676,94,93,1,1
5677,55,60,-5,5
5678,104,97,7,7
5679,127,123,4,4
5680,135,131,4,4
5681,145,128,17,17
5682,99,105,-6,6
5683,96,103,-7,7
5684,103,95,8,8
5685,32,39,-7,7
5686,74,76,-2,2
5687,109,98,11,11
5688,59,67,-8,8
5689,101,100,1,1
5690,69,69,0,0
5691,71,88,-17,17
5692,101,98,3,3
5693,129,130,-1,1
5694,114,113,1,1
5695,73,73,0,0
5696,179,157,22,22
5697,81,83,-2,2
5698,127,115,12,12
5699,129,128,1,1
5700,57,55,2,2
5701,50,60,-10,10
5702,80,68,12,12
5703,116,113,3,3
5704,93,90,3,3
5705,164,135,29,29
5706,43,49,-6,6
5707,96,106,-10,10
5708,88,80,8,8
5709,66,62,4,4
5710,97,103,-6,6
5711,86,92,-6,6
5712,83,93,-10,10
5713,87,89,-2,2
5714,61,69,-8,8
5715,81,86,-5,5
5716,164,157,7,7
5717,138,127,11,11
5718,115,118,-3,3
5719,86,91,-5,5
5720,118,136,-18,18
5721,67,71,-4,4
5722,87,95,-8,8
5723,74,69,5,5
5724,51,53,-2,2
5725,67,67,0,0
5726,84,82,2,2
5727,94,94,0,0
5728,69,72,-3,3
5729,115,117,-2,2
5730,48,50,-2,2
5731,77,75,2,2
5732,81,78,3,3
5733,110,116,-6,6
5734,74,93,-19,19
5735,54,66,-12,12
5736,84,85,-1,1
5737,70,77,-7,7
5738,64,69,-5,5
5739,80,90,-10,10
5740,78,74,4,4
5741,83,95,-12,12
5742,81,79,2,2
5743,34,40,-6,6
5744,149,160,-11,11
5745,50,54,-4,4
5746,57,60,-3,3
5747,75,77,-2,2
5748,139,122,17,17
5749,48,53,-5,5
5750,61,70,-9,9
5751,96,94,2,2
5752,64,63,1,1
5753,90,85,5,5
5754,81,84,-3,3
5755,119,127,-8,8
5756,129,125,4,4
5757,111,115,-4,4
5758,79,85,-6,6
5759,107,105,2,2
5760,77,88,-11,11
5761,67,70,-3,3
5762,103,96,7,7
5763,60,64,-4,4
5764,115,116,-1,1
5765,62,61,1,1
5766,71,77,-6,6
5767,67,81,-14,14
5768,46,50,-4,4
5769,52,57,-5,5
5770,55,60,-5,5
5771,95,92,3,3
5772,119,103,16,16
5773,156,161,-5,5
5774,89,84,5,5
5775,130,110,20,20
5776,149,137,12,12
5777,53,71,-18,18
5778,103,102,1,1
5779,181,158,23,23
5780,88,92,-4,4
5781,91,92,-1,1
5782,79,74,5,5
5783,64,82,-18,18
5784,85,95,-10,10
5785,45,51,-6,6
5786,72,73,-1,1
5787,118,112,6,6
5788,54,54,0,0
5789,98,102,-4,4
5790,79,85,-6,6
5791,63,66,-3,3
5792,27,37,-10,10
5793,142,137,5,5
5794,67,69,-2,2
5795,146,139,7,7
5796,80,90,-10,10
5797,68,89,-21,21
5798,92,99,-7,7
5799,48,54,-6,6
5800,117,102,15,15
5801,98,101,-3,3
5802,73,77,-4,4
5803,84,86,-2,2
5804,95,93,2,2
5805,120,121,-1,1
5806,151,159,-8,8
5807,50,53,-3,3
5808,93,95,-2,2
5809,150,147,3,3
5810,65,80,-15,15
5811,76,80,-4,4
5812,69,71,-2,2
5813,91,90,1,1
5814,81,86,-5,5
5815,92,93,-1,1
5816,127,140,-13,13
5817,100,100,0,0
5818,98,102,-4,4
5819,109,106,3,3
5820,69,76,-7,7
5821,94,104,-10,10
5822,156,140,16,16
5823,82,95,-13,13
5824,62,75,-13,13
5825,56,60,-4,4
5826,44,52,-8,8
5827,134,102,32,32
5828,75,75,0,0
5829,88,94,-6,6
5830,63,73,-10,10
5831,106,106,0,0
5832,121,109,12,12
5833,94,104,-10,10
5834,89,98,-9,9
5835,45,54,-9,9
5836,76,83,-7,7
5837,85,91,-6,6
5838,129,137,-8,8
5839,113,112,1,1
5840,127,118,9,9
5841,129,147,-18,18
5842,92,91,1,1
5843,60,59,1,1
5844,91,81,10,10
5845,90,90,0,0
5846,143,139,4,4
5847,79,80,-1,1
5848,118,158,-40,40
5849,65,72,-7,7
5850,88,79,9,9
5851,102,104,-2,2
5852,67,72,-5,5
5853,104,102,2,2
5854,164,160,4,4
5855,145,140,5,5
5856,51,50,1,1
5857,35,40,-5,5
5858,125,119,6,6
5859,78,84,-6,6
5860,110,105,5,5
5861,133,130,3,3
5862,92,96,-4,4
5863,89,98,-9,9
5864,66,70,-4,4
5865,96,100,-4,4
5866,74,74,0,0
5867,21,28,-7,7
5868,52,57,-5,5
5869,49,54,-5,5
5870,133,138,-5,5
5871,56,61,-5,5
5872,48,55,-7,7
5873,53,49,4,4
5874,86,94,-8,8
5875,81,95,-14,14
5876,139,139,0,0
5877,111,117,-6,6
5878,118,123,-5,5
5879,61,66,-5,5
5880,88,97,-9,9
5881,58,63,-5,5
5882,91,89,2,2
5883,110,108,2,2
5884,118,93,25,25
5885,109,102,7,7
5886,52,57,-5,5
5887,69,74,-5,5
5888,144,126,18,18
5889,87,85,2,2
5890,153,132,21,21
5891,49,60,-11,11
5892,106,110,-4,4
5893,85,90,-5,5
5894,95,95,0,0
5895,99,99,0,0
5896,154,149,5,5
5897,64,81,-17,17
5898,74,75,-1,1
5899,94,90,4,4
5900,83,64,19,19
5901,66,69,-3,3
5902,48,58,-10,10
5903,87,99,-12,12
5904,28,51,-23,23
5905,63,64,-1,1
5906,117,115,2,2
5907,169,160,9,9
5908,54,57,-3,3
5909,118,115,3,3
5910,77,75,2,2
5911,87,93,-6,6
5912,259,226,33,33
5913,116,122,-6,6
5914,141,135,6,6
5915,63,75,-12,12
5916,194,172,22,22
5917,58,71,-13,13
5918,117,116,1,1
5919,101,100,1,1
5920,128,125,3,3
5921,99,91,8,8
5922,122,106,16,16
5923,146,141,5,5
5924,117,103,14,14
5925,85,92,-7,7
5926,156,146,10,10
5927,85,85,0,0
5928,149,153,-4,4
5929,62,70,-8,8
5930,133,132,1,1
5931,76,80,-4,4
5932,67,71,-4,4
5933,125,144,-19,19
5934,73,71,2,2
5935,106,96,10,10
5936,98,96,2,2
5937,113,111,2,2
5938,151,149,2,2
5939,91,90,1,1
5940,115,119,-4,4
5941,99,103,-4,4
5942,51,55,-4,4
5943,102,116,-14,14
5944,123,113,10,10
5945,71,70,1,1
5946,116,114,2,2
5947,118,115,3,3
5948,151,160,-9,9
5949,93,83,10,10
5950,77,82,-5,5
5951,52,54,-2,2
5952,88,91,-3,3
5953,56,58,-2,2
5954,152,161,-9,9
5955,129,131,-2,2
5956,75,84,-9,9
5957,98,99,-1,1
5958,149,145,4,4
5959,73,74,-1,1
5960,96,112,-16,16
5961,145,144,1,1
5962,88,85,3,3
5963,159,141,18,18
5964,178,161,17,17
5965,81,93,-12,12
5966,142,128,14,14
5967,97,93,4,4
5968,145,143,2,2
5969,91,92,-1,1
5970,85,71,14,14
5971,87,79,8,8
5972,90,83,7,7
5973,68,72,-4,4
5974,94,93,1,1
5975,101,101,0,0
5976,92,83,9,9
5977,71,76,-5,5
5978,113,109,4,4
5979,102,103,-1,1
5980,114,115,-1,1
5981,97,97,0,0
5982,47,61,-14,14
5983,60,63,-3,3
5984,135,129,6,6
5985,58,60,-2,2
5986,206,178,28,28
5987,68,75,-7,7
5988,42,49,-7,7
5989,73,70,3,3
5990,83,78,5,5
5991,72,69,3,3
5992,111,87,24,24
5993,58,54,4,4
5994,130,136,-6,6
5995,111,109,2,2
5996,140,146,-6,6
5997,95,99,-4,4
5998,96,101,-5,5
5999,91,90,1,1
6000,79,82,-3,3
6001,74,74,0,0
6002,169,151,18,18
6003,117,117,0,0
6004,78,64,14,14
6005,115,116,-1,1
6006,44,46,-2,2
6007,103,117,-14,14
6008,78,99,-21,21
6009,49,53,-4,4
6010,126,127,-1,1
6011,93,86,7,7
6012,140,140,0,0
6013,85,89,-4,4
6014,116,125,-9,9
6015,83,78,5,5
6016,96,104,-8,8
6017,143,134,9,9
6018,74,82,-8,8
6019,92,100,-8,8
6020,63,60,3,3
6021,49,61,-12,12
6022,144,140,4,4
6023,54,57,-3,3
6024,116,166,-50,50
6025,66,78,-12,12
6026,56,64,-8,8
6027,56,94,-38,38
6028,107,111,-4,4
6029,140,133,7,7
6030,92,102,-10,10
6031,76,82,-6,6
6032,90,100,-10,10
6033,138,137,1,1
6034,71,71,0,0
6035,89,102,-13,13
6036,66,63,3,3
6037,60,65,-5,5
6038,116,125,-9,9
6039,179,176,3,3
6040,90,77,13,13
6041,116,119,-3,3
6042,89,92,-3,3
6043,95,94,1,1
6044,85,83,2,2
6045,53,58,-5,5
6046,166,157,9,9
6047,43,51,-8,8
6048,119,120,-1,1
6049,105,116,-11,11
6050,121,112,9,9
6051,73,74,-1,1
6052,67,67,0,0
6053,119,122,-3,3
6054,106,106,0,0
6055,72,67,5,5
6056,75,73,2,2
6057,70,77,-7,7
6058,143,128,15,15
6059,83,85,-2,2
6060,83,79,4,4
6061,46,63,-17,17
6062,47,49,-2,2
6063,119,118,1,1
6064,108,101,7,7
6065,43,59,-16,16
6066,64,61,3,3
6067,83,90,-7,7
6068,141,131,10,10
6069,107,104,3,3
6070,35,55,-20,20
6071,119,116,3,3
6072,88,82,6,6
6073,77,85,-8,8
6074,75,75,0,0
6075,140,133,7,7
6076,66,70,-4,4
6077,121,128,-7,7
6078,47,59,-12,12
6079,68,74,-6,6
6080,112,103,9,9
6081,178,161,17,17
6082,87,95,-8,8
6083,164,146,18,18
6084,79,84,-5,5
6085,71,72,-1,1
6086,111,126,-15,15
6087,78,84,-6,6
6088,160,166,-6,6
6089,98,98,0,0
6090,115,154,-39,39
6091,95,106,-11,11
6092,65,66,-1,1
6093,159,155,4,4
6094,85,87,-2,2
6095,69,69,0,0
6096,116,116,0,0
6097,55,62,-7,7
6098,96,99,-3,3
6099,94,92,2,2
6100,72,70,2,2
6101,94,86,8,8
6102,124,129,-5,5
6103,62,65,-3,3
6104,79,73,6,6
6105,146,132,14,14
6106,42,52,-10,10
6107,85,83,2,2
6108,100,91,9,9
6109,131,109,22,22
6110,72,82,-10,10
6111,49,54,-5,5
6112,116,109,7,7
6113,102,101,1,1
6114,135,133,2,2
6115,138,133,5,5
6116,40,61,-21,21
6117,104,101,3,3
6118,99,97,2,2
6119,50,49,1,1
6120,108,106,2,2
6121,106,106,0,0
6122,93,92,1,1
6123,155,152,3,3
6124,127,118,9,9
6125,78,83,-5,5
6126,87,93,-6,6
6127,73,75,-2,2
6128,92,98,-6,6
6129,86,90,-4,4
6130,117,115,2,2
6131,65,65,0,0
6132,44,45,-1,1
6133,142,138,4,4
6134,83,93,-10,10
6135,104,103,1,1
6136,119,102,17,17
6137,112,108,4,4
6138,96,85,11,11
6139,58,65,-7,7
6140,44,45,-1,1
6141,107,110,-3,3
6142,115,112,3,3
6143,87,96,-9,9
6144,102,102,0,0
6145,89,91,-2,2
6146,119,113,6,6
6147,101,100,1,1
6148,55,59,-4,4
6149,92,88,4,4
6150,108,102,6,6
6151,57,58,-1,1
6152,119,111,8,8
6153,133,127,6,6
6154,80,84,-4,4
6155,66,72,-6,6
6156,114,107,7,7
6157,111,115,-4,4
6158,140,128,12,12
6159,108,92,16,16
6160,89,101,-12,12
6161,88,81,7,7
6162,76,86,-10,10
6163,80,83,-3,3
6164,98,93,5,5
6165,73,70,3,3
6166,136,130,6,6
6167,50,51,-1,1
6168,88,101,-13,13
6169,69,74,-5,5
6170,151,141,10,10
6171,66,65,1,1
6172,73,73,0,0
6173,65,66,-1,1
6174,72,79,-7,7
6175,52,56,-4,4
6176,108,95,13,13
6177,86,84,2,2
6178,34,47,-13,13
6179,183,179,4,4
6180,54,53,1,1
6181,122,126,-4,4
6182,64,69,-5,5
6183,75,79,-4,4
6184,105,97,8,8
6185,65,72,-7,7
6186,84,96,-12,12
6187,101,103,-2,2
6188,117,110,7,7
6189,148,146,2,2
6190,66,68,-2,2
6191,106,109,-3,3
6192,147,128,19,19
6193,108,113,-5,5
6194,133,105,28,28
6195,42,49,-7,7
6196,67,65,2,2
6197,117,108,9,9
6198,127,132,-5,5
6199,84,84,0,0
6200,72,71,1,1
6201,77,75,2,2
6202,83,82,1,1
6203,77,93,-16,16
6204,133,130,3,3
6205,61,71,-10,10
6206,75,86,-11,11
6207,81,78,3,3
6208,95,96,-1,1
6209,115,111,4,4
6210,106,99,7,7
6211,85,81,4,4
6212,89,90,-1,1
6213,103,103,0,0
6214,78,76,2,2
6215,83,82,1,1
6216,128,110,18,18
6217,64,72,-8,8
6218,87,87,0,0
6219,108,97,11,11
6220,108,105,3,3
6221,77,76,1,1
6222,65,76,-11,11
6223,56,59,-3,3
6224,69,64,5,5
6225,83,89,-6,6
6226,93,100,-7,7
6227,85,90,-5,5
6228,177,168,9,9
6229,52,57,-5,5
6230,35,44,-9,9
6231,128,115,13,13
6232,98,97,1,1
6233,83,84,-1,1
6234,67,68,-1,1
6235,102,102,0,0
6236,115,114,1,1
6237,103,97,6,6
6238,99,103,-4,4
6239,100,102,-2,2
6240,148,127,21,21
6241,67,70,-3,3
6242,131,126,5,5
6243,76,76,0,0
6244,91,93,-2,2
6245,110,95,15,15
6246,133,133,0,0
6247,77,83,-6,6
6248,151,147,4,4
6249,130,135,-5,5
6250,80,85,-5,5
6251,86,90,-4,4
6252,117,126,-9,9
6253,72,72,0,0
6254,104,107,-3,3
6255,108,103,5,5
6256,103,107,-4,4
6257,57,66,-9,9
6258,30,41,-11,11
6259,70,74,-4,4
6260,93,106,-13,13
6261,75,74,1,1
6262,46,51,-5,5
6263,169,131,38,38
6264,88,91,-3,3
6265,71,77,-6,6
6266,97,103,-6,6
6267,133,122,11,11
6268,77,83,-6,6
6269,93,97,-4,4
6270,52,68,-16,16
6271,124,134,-10,10
6272,60,93,-33,33
6273,53,63,-10,10
6274,98,99,-1,1
6275,105,92,13,13
6276,92,90,2,2
6277,106,101,5,5
6278,55,59,-4,4
6279,94,102,-8,8
6280,94,84,10,10
6281,67,72,-5,5
6282,109,101,8,8
6283,61,67,-6,6
6284,49,60,-11,11
6285,99,94,5,5
6286,109,102,7,7
6287,73,72,1,1
6288,107,105,2,2
6289,82,83,-1,1
6290,122,119,3,3
6291,50,52,-2,2
6292,102,97,5,5
6293,99,98,1,1
6294,40,44,-4,4
6295,61,62,-1,1
6296,94,99,-5,5
6297,55,62,-7,7
6298,66,68,-2,2
6299,58,70,-12,12
6300,139,146,-7,7
6301,104,92,12,12
6302,74,72,2,2
6303,77,73,4,4
6304,77,76,1,1
6305,91,93,-2,2
6306,74,74,0,0
6307,63,66,-3,3
6308,56,59,-3,3
6309,103,111,-8,8
6310,83,92,-9,9
6311,69,78,-9,9
6312,165,151,14,14
6313,109,108,1,1
6314,93,84,9,9
6315,123,122,1,1
6316,142,135,7,7
6317,71,70,1,1
6318,102,104,-2,2
6319,81,83,-2,2
6320,178,152,26,26
6321,75,72,3,3
6322,68,74,-6,6
6323,135,126,9,9
6324,103,105,-2,2
6325,108,111,-3,3
6326,62,77,-15,15
6327,95,103,-8,8
6328,114,105,9,9
6329,120,116,4,4
6330,124,129,-5,5
6331,90,93,-3,3
6332,29,41,-12,12
6333,69,74,-5,5
6334,61,74,-13,13
6335,85,84,1,1
6336,83,94,-11,11
6337,122,111,11,11
6338,148,137,11,11
6339,108,102,6,6
6340,96,102,-6,6
6341,75,81,-6,6
6342,101,110,-9,9
6343,81,80,1,1
6344,98,102,-4,4
6345,95,94,1,1
6346,100,99,1,1
6347,96,105,-9,9
6348,161,168,-7,7
6349,84,83,1,1
6350,55,60,-5,5
6351,59,69,-10,10
6352,124,124,0,0
6353,137,132,5,5
6354,118,111,7,7
6355,144,125,19,19
6356,182,169,13,13
6357,126,118,8,8
6358,127,116,11,11
6359,111,108,3,3
6360,92,95,-3,3
6361,106,103,3,3
6362,74,80,-6,6
6363,68,85,-17,17
6364,108,114,-6,6
6365,95,91,4,4
6366,103,106,-3,3
6367,81,90,-9,9
6368,86,91,-5,5
6369,170,153,17,17
6370,50,55,-5,5
6371,51,59,-8,8
6372,94,90,4,4
6373,146,155,-9,9
6374,74,77,-3,3
6375,100,92,8,8
6376,128,115,13,13
6377,74,70,4,4
6378,108,103,5,5
6379,77,83,-6,6
6380,63,71,-8,8
6381,50,50,0,0
6382,109,103,6,6
6383,52,58,-6,6
6384,68,80,-12,12
6385,90,96,-6,6
6386,80,90,-10,10
6387,55,69,-14,14
6388,103,95,8,8
6389,84,91,-7,7
6390,90,84,6,6
6391,66,79,-13,13
6392,167,158,9,9
6393,82,87,-5,5
6394,73,73,0,0
6395,86,94,-8,8
6396,71,76,-5,5
6397,80,86,-6,6
6398,92,97,-5,5
6399,117,105,12,12
6400,51,57,-6,6
6401,94,99,-5,5
6402,84,86,-2,2
6403,135,134,1,1
6404,66,75,-9,9
6405,151,145,6,6
6406,92,96,-4,4
6407,102,101,1,1
6408,116,106,10,10
6409,50,62,-12,12
6410,88,95,-7,7
6411,119,117,2,2
6412,107,112,-5,5
6413,93,101,-8,8
6414,142,132,10,10
6415,52,56,-4,4
6416,115,115,0,0
6417,52,55,-3,3
6418,56,59,-3,3
6419,152,132,20,20
6420,83,77,6,6
6421,62,66,-4,4
6422,64,76,-12,12
6423,119,110,9,9
6424,157,132,25,25
6425,51,63,-12,12
6426,118,117,1,1
6427,58,70,-12,12
6428,94,92,2,2
6429,45,52,-7,7
6430,120,108,12,12
6431,88,92,-4,4
6432,84,94,-10,10
6433,131,130,1,1
6434,98,96,2,2
6435,50,54,-4,4
6436,88,84,4,4
6437,101,110,-9,9
6438,78,75,3,3
6439,40,66,-26,26
6440,103,109,-6,6
6441,96,91,5,5
6442,83,84,-1,1
6443,93,94,-1,1
6444,82,75,7,7
6445,103,98,5,5
6446,41,66,-25,25
6447,39,51,-12,12
6448,60,58,2,2
6449,137,128,9,9
6450,46,48,-2,2
6451,51,58,-7,7
6452,82,90,-8,8
6453,131,117,14,14
6454,66,76,-10,10
6455,76,73,3,3
6456,204,186,18,18
6457,106,105,1,1
6458,72,70,2,2
6459,145,142,3,3
6460,80,81,-1,1
6461,89,98,-9,9
6462,148,151,-3,3
6463,141,124,17,17
6464,59,67,-8,8
6465,51,49,2,2
6466,88,90,-2,2
6467,77,77,0,0
6468,103,118,-15,15
6469,94,87,7,7
6470,92,84,8,8
6471,82,79,3,3
6472,89,102,-13,13
6473,72,76,-4,4
6474,135,126,9,9
6475,135,123,12,12
6476,85,85,0,0
6477,63,69,-6,6
6478,173,163,10,10
6479,108,106,2,2
6480,141,121,20,20
6481,85,93,-8,8
6482,144,139,5,5
6483,66,69,-3,3
6484,86,92,-6,6
6485,84,79,5,5
6486,107,99,8,8
6487,60,64,-4,4
6488,62,73,-11,11
6489,174,172,2,2
6490,68,66,2,2
6491,74,80,-6,6
6492,67,69,-2,2
6493,72,68,4,4
6494,117,107,10,10
6495,93,115,-22,22
6496,69,81,-12,12
6497,75,79,-4,4
6498,84,83,1,1
6499,101,105,-4,4
6500,78,81,-3,3
6501,202,187,15,15
6502,97,108,-11,11
6503,79,83,-4,4
6504,97,105,-8,8
6505,60,71,-11,11
6506,58,60,-2,2
6507,113,121,-8,8
6508,63,67,-4,4
6509,79,79,0,0
6510,94,97,-3,3
6511,129,126,3,3
6512,142,139,3,3
6513,96,98,-2,2
6514,83,76,7,7
6515,137,128,9,9
6516,99,95,4,4
6517,92,95,-3,3
6518,92,102,-10,10
6519,69,70,-1,1
6520,126,139,-13,13
6521,148,152,-4,4
6522,90,94,-4,4
6523,94,92,2,2
6524,111,109,2,2
6525,86,95,-9,9
6526,49,57,-8,8
6527,124,114,10,10
6528,107,109,-2,2
6529,129,125,4,4
6530,58,56,2,2
6531,70,72,-2,2
6532,70,78,-8,8
6533,91,84,7,7
6534,86,77,9,9
6535,102,104,-2,2
6536,83,90,-7,7
6537,119,117,2,2
6538,76,77,-1,1
6539,49,52,-3,3
6540,94,82,12,12
6541,124,106,18,18
6542,65,67,-2,2
6543,96,109,-13,13
6544,170,161,9,9
6545,68,75,-7,7
6546,28,33,-5,5
6547,135,136,-1,1
6548,151,131,20,20
6549,80,90,-10,10
6550,79,100,-21,21
6551,68,86,-18,18
6552,118,106,12,12
6553,73,73,0,0
6554,104,115,-11,11
6555,147,132,15,15
6556,91,97,-6,6
6557,147,129,18,18
6558,55,65,-10,10
6559,66,70,-4,4
6560,121,113,8,8
6561,70,74,-4,4
6562,107,104,3,3
6563,153,146,7,7
6564,124,126,-2,2
6565,59,71,-12,12
6566,90,87,3,3
6567,57,70,-13,13
6568,129,114,15,15
6569,98,105,-7,7
6570,152,140,12,12
6571,55,65,-10,10
6572,93,68,25,25
6573,61,62,-1,1
6574,135,128,7,7
6575,72,70,2,2
6576,105,110,-5,5
6577,65,95,-30,30
6578,91,93,-2,2
6579,117,108,9,9
6580,85,95,-10,10
6581,125,117,8,8
6582,57,68,-11,11
6583,151,137,14,14
6584,68,75,-7,7
6585,104,114,-10,10
6586,53,62,-9,9
6587,88,91,-3,3
6588,91,90,1,1
6589,184,150,34,34
6590,99,98,1,1
6591,189,163,26,26
6592,186,165,21,21
6593,125,115,10,10
6594,62,74,-12,12
6595,103,104,-1,1
6596,183,177,6,6
6597,62,59,3,3
6598,66,70,-4,4
6599,73,71,2,2
6600,114,110,4,4
6601,123,128,-5,5
6602,108,95,13,13
6603,115,107,8,8
6604,124,117,7,7
6605,66,80,-14,14
6606,104,88,16,16
6607,75,78,-3,3
6608,108,110,-2,2
6609,81,85,-4,4
6610,82,73,9,9
6611,80,75,5,5
6612,30,42,-12,12
6613,90,92,-2,2
6614,62,64,-2,2
6615,86,83,3,3
6616,56,60,-4,4
6617,95,102,-7,7
6618,100,103,-3,3
6619,102,102,0,0
6620,102,101,1,1
6621,59,61,-2,2
6622,152,134,18,18
6623,163,160,3,3
6624,143,136,7,7
6625,162,152,10,10
6626,84,93,-9,9
6627,78,82,-4,4
6628,92,100,-8,8
6629,79,84,-5,5
6630,78,76,2,2
6631,120,107,13,13
6632,99,99,0,0
6633,103,98,5,5
6634,76,85,-9,9
6635,80,81,-1,1
6636,66,69,-3,3
6637,128,124,4,4
6638,85,74,11,11
6639,100,105,-5,5
6640,46,58,-12,12
6641,125,123,2,2
6642,111,115,-4,4
6643,119,113,6,6
6644,59,65,-6,6
6645,55,58,-3,3
6646,158,151,7,7
6647,106,113,-7,7
6648,136,134,2,2
6649,108,102,6,6
6650,124,118,6,6
6651,106,108,-2,2
6652,92,84,8,8
6653,118,121,-3,3
6654,108,103,5,5
6655,114,108,6,6
6656,51,58,-7,7
6657,85,85,0,0
6658,61,92,-31,31
6659,74,74,0,0
6660,67,70,-3,3
6661,108,104,4,4
6662,132,126,6,6
6663,78,73,5,5
6664,102,111,-9,9
6665,175,144,31,31
6666,140,132,8,8
6667,93,91,2,2
6668,75,82,-7,7
6669,98,98,0,0
6670,98,94,4,4
6671,119,108,11,11
6672,121,146,-25,25
6673,94,97,-3,3
6674,117,103,14,14
6675,108,111,-3,3
6676,87,106,-19,19
6677,100,99,1,1
6678,88,85,3,3
6679,86,74,12,12
6680,65,69,-4,4
6681,81,81,0,0
6682,89,90,-1,1
6683,114,104,10,10
6684,108,106,2,2
6685,95,89,6,6
6686,100,97,3,3
6687,98,99,-1,1
6688,88,89,-1,1
6689,95,96,-1,1
6690,92,94,-2,2
6691,161,150,11,11
6692,57,59,-2,2
6693,89,93,-4,4
6694,67,57,10,10
6695,101,104,-3,3
6696,102,107,-5,5
6697,84,87,-3,3
6698,64,66,-2,2
6699,127,127,0,0
6700,97,102,-5,5
6701,101,104,-3,3
6702,65,73,-8,8
6703,89,87,2,2
6704,70,72,-2,2
6705,67,75,-8,8
6706,169,159,10,10
6707,59,73,-14,14
6708,163,146,17,17
6709,38,48,-10,10
6710,117,110,7,7
6711,53,59,-6,6
6712,52,57,-5,5
6713,120,117,3,3
6714,80,73,7,7
6715,52,63,-11,11
6716,127,141,-14,14
6717,87,94,-7,7
6718,54,80,-26,26
6719,66,64,2,2
6720,98,95,3,3
6721,112,113,-1,1
6722,56,62,-6,6
6723,114,110,4,4
6724,90,91,-1,1
6725,87,91,-4,4
6726,58,66,-8,8
6727,118,114,4,4
6728,96,102,-6,6
6729,102,113,-11,11
6730,84,93,-9,9
6731,111,106,5,5
6732,62,70,-8,8
6733,73,73,0,0
6734,69,71,-2,2
6735,133,127,6,6
6736,87,83,4,4
6737,64,65,-1,1
6738,85,92,-7,7
6739,103,99,4,4
6740,86,83,3,3
6741,68,72,-4,4
6742,145,145,0,0
6743,74,70,4,4
6744,91,100,-9,9
6745,102,98,4,4
6746,128,125,3,3
6747,104,107,-3,3
6748,110,116,-6,6
6749,56,57,-1,1
6750,83,89,-6,6
6751,109,111,-2,2
6752,77,74,3,3
6753,164,141,23,23
6754,137,134,3,3
6755,134,124,10,10
6756,172,162,10,10
6757,116,111,5,5
6758,80,82,-2,2
6759,50,59,-9,9
6760,168,150,18,18
6761,68,75,-7,7
6762,88,94,-6,6
6763,48,51,-3,3
6764,60,63,-3,3
6765,135,136,-1,1
6766,75,68,7,7
6767,187,173,14,14
6768,78,74,4,4
6769,117,101,16,16
6770,109,117,-8,8
6771,79,73,6,6
6772,80,82,-2,2
6773,72,75,-3,3
6774,105,106,-1,1
6775,130,135,-5,5
6776,108,113,-5,5
6777,39,50,-11,11
6778,94,101,-7,7
6779,76,90,-14,14
6780,84,90,-6,6
6781,110,123,-13,13
6782,79,81,-2,2
6783,129,107,22,22
6784,66,71,-5,5
6785,73,76,-3,3
6786,90,84,6,6
6787,69,74,-5,5
6788,76,69,7,7
6789,96,107,-11,11
6790,113,109,4,4
6791,118,115,3,3
6792,78,77,1,1
6793,92,91,1,1
6794,96,92,4,4
6795,111,115,-4,4
6796,143,149,-6,6
6797,101,102,-1,1
6798,99,104,-5,5
6799,110,120,-10,10
6800,105,110,-5,5
6801,79,83,-4,4
6802,80,93,-13,13
6803,54,56,-2,2
6804,86,85,1,1
6805,66,74,-8,8
6806,96,93,3,3
6807,151,147,4,4
6808,78,98,-20,20
6809,82,93,-11,11
6810,93,91,2,2
6811,57,70,-13,13
6812,129,119,10,10
6813,89,91,-2,2
6814,83,84,-1,1
6815,72,83,-11,11
6816,85,89,-4,4
6817,58,64,-6,6
6818,69,72,-3,3
6819,69,83,-14,14
6820,55,57,-2,2
6821,114,104,10,10
6822,145,128,17,17
6823,81,93,-12,12
6824,41,52,-11,11
6825,88,105,-17,17
6826,108,111,-3,3
6827,104,103,1,1
6828,74,68,6,6
6829,111,107,4,4
6830,74,75,-1,1
6831,82,81,1,1
6832,129,119,10,10
6833,75,82,-7,7
6834,137,126,11,11
6835,135,127,8,8
6836,93,84,9,9
6837,73,90,-17,17
6838,125,123,2,2
6839,110,119,-9,9
6840,147,159,-12,12
6841,86,94,-8,8
6842,96,95,1,1
6843,104,101,3,3
6844,110,114,-4,4
6845,80,82,-2,2
6846,66,75,-9,9
6847,168,163,5,5
6848,123,132,-9,9
6849,138,139,-1,1
6850,66,70,-4,4
6851,66,67,-1,1
6852,143,128,15,15
6853,88,78,10,10
6854,76,89,-13,13
6855,143,144,-1,1
6856,108,103,5,5
6857,74,74,0,0
6858,76,76,0,0
6859,59,65,-6,6
6860,87,85,2,2
6861,113,107,6,6
6862,57,62,-5,5
6863,56,70,-14,14
6864,102,97,5,5
6865,74,79,-5,5
6866,89,95,-6,6
6867,75,82,-7,7
6868,128,128,0,0
6869,106,109,-3,3
6870,92,88,4,4
6871,138,138,0,0
6872,75,72,3,3
6873,103,103,0,0
6874,120,108,12,12
6875,136,125,11,11
6876,72,76,-4,4
6877,128,133,-5,5
6878,128,126,2,2
6879,150,146,4,4
6880,86,84,2,2
6881,85,90,-5,5
6882,62,66,-4,4
6883,76,79,-3,3
6884,123,118,5,5
6885,64,70,-6,6
6886,116,116,0,0
6887,62,69,-7,7
6888,81,85,-4,4
6889,118,109,9,9
6890,117,115,2,2
6891,123,112,11,11
6892,144,128,16,16
6893,109,107,2,2
6894,79,81,-2,2
6895,97,104,-7,7
6896,87,83,4,4
6897,55,59,-4,4
6898,65,70,-5,5
6899,103,104,-1,1
6900,90,81,9,9
6901,87,87,0,0
6902,43,50,-7,7
6903,92,93,-1,1
6904,147,148,-1,1
6905,106,102,4,4
6906,68,78,-10,10
6907,71,67,4,4
6908,97,98,-1,1
6909,93,98,-5,5
6910,69,90,-21,21
6911,92,100,-8,8
6912,77,84,-7,7
6913,132,129,3,3
6914,87,92,-5,5
6915,118,109,9,9
6916,58,63,-5,5
6917,43,41,2,2
6918,80,90,-10,10
6919,118,111,7,7
6920,107,119,-12,12
6921,132,128,4,4
6922,86,93,-7,7
6923,114,107,7,7
6924,85,83,2,2
6925,66,72,-6,6
6926,65,67,-2,2
6927,84,93,-9,9
6928,122,119,3,3
6929,74,82,-8,8
6930,154,158,-4,4
6931,93,94,-1,1
6932,40,68,-28,28
6933,88,84,4,4
6934,84,91,-7,7
6935,67,72,-5,5
6936,113,117,-4,4
6937,110,111,-1,1
6938,217,190,27,27
6939,99,103,-4,4
6940,107,109,-2,2
6941,120,117,3,3
6942,116,108,8,8
6943,70,83,-13,13
6944,86,84,2,2
6945,89,99,-10,10
6946,75,75,0,0
6947,72,73,-1,1
6948,75,77,-2,2
6949,55,68,-13,13
6950,196,191,5,5
6951,114,106,8,8
6952,142,96,46,46
6953,76,82,-6,6
6954,71,68,3,3
6955,80,90,-10,10
6956,81,82,-1,1
6957,106,100,6,6
6958,126,118,8,8
6959,114,116,-2,2
6960,90,93,-3,3
6961,134,129,5,5
6962,112,112,0,0
6963,86,91,-5,5
6964,109,114,-5,5
6965,98,108,-10,10
6966,123,124,-1,1
6967,48,47,1,1
6968,89,90,-1,1
6969,141,140,1,1
6970,122,116,6,6
6971,65,34,31,31
6972,163,154,9,9
6973,106,99,7,7
6974,145,145,0,0
6975,65,66,-1,1
6976,111,96,15,15
6977,110,112,-2,2
6978,40,46,-6,6
6979,77,78,-1,1
6980,81,80,1,1
6981,136,131,5,5
6982,124,131,-7,7
6983,107,110,-3,3
6984,83,84,-1,1
6985,137,129,8,8
6986,93,95,-2,2
6987,95,94,1,1
6988,82,94,-12,12
6989,91,94,-3,3
6990,139,120,19,19
6991,49,53,-4,4
6992,36,38,-2,2
6993,76,70,6,6
6994,57,66,-9,9
6995,128,133,-5,5
6996,77,96,-19,19
6997,86,91,-5,5
6998,144,140,4,4
6999,72,78,-6,6
7000,48,55,-7,7
7001,86,82,4,4
7002,96,92,4,4
7003,67,70,-3,3
7004,65,70,-5,5
7005,132,115,17,17
7006,128,123,5,5
7007,115,108,7,7
7008,109,108,1,1
7009,63,67,-4,4
7010,55,67,-12,12
7011,119,104,15,15
7012,70,66,4,4
7013,125,119,6,6
7014,146,133,13,13
7015,84,90,-6,6
7016,120,125,-5,5
7017,83,91,-8,8
7018,68,68,0,0
7019,106,104,2,2
7020,147,124,23,23
7021,81,82,-1,1
7022,87,95,-8,8
7023,86,85,1,1
7024,67,76,-9,9
7025,100,95,5,5
7026,81,91,-10,10
7027,70,81,-11,11
7028,94,93,1,1
7029,123,111,12,12
7030,121,117,4,4
7031,71,77,-6,6
7032,73,74,-1,1
7033,79,83,-4,4
7034,98,103,-5,5
7035,147,116,31,31
7036,86,79,7,7
7037,83,79,4,4
7038,117,107,10,10
7039,93,100,-7,7
7040,44,52,-8,8
7041,68,75,-7,7
7042,74,77,-3,3
7043,76,99,-23,23
7044,96,93,3,3
7045,80,70,10,10
7046,73,87,-14,14
7047,93,88,5,5
7048,48,57,-9,9
7049,85,86,-1,1
7050,140,137,3,3
7051,81,85,-4,4
7052,57,60,-3,3
7053,93,93,0,0
7054,119,119,0,0
7055,129,133,-4,4
7056,88,89,-1,1
7057,101,98,3,3
7058,91,94,-3,3
7059,59,59,0,0
7060,109,118,-9,9
7061,89,83,6,6
7062,101,92,9,9
7063,116,107,9,9
7064,86,91,-5,5
7065,113,109,4,4
7066,101,95,6,6
7067,110,113,-3,3
7068,115,139,-24,24
7069,137,140,-3,3
7070,64,75,-11,11
7071,133,119,14,14
7072,80,88,-8,8
7073,61,63,-2,2
7074,116,121,-5,5
7075,154,147,7,7
7076,69,72,-3,3
7077,123,118,5,5
7078,63,69,-6,6
7079,99,116,-17,17
7080,52,54,-2,2
7081,86,84,2,2
7082,79,78,1,1
7083,97,105,-8,8
7084,68,74,-6,6
7085,79,87,-8,8
7086,82,75,7,7
7087,66,62,4,4
7088,28,24,4,4
7089,54,70,-16,16
7090,76,76,0,0
7091,74,85,-11,11
7092,97,101,-4,4
7093,82,82,0,0
7094,103,103,0,0
7095,61,62,-1,1
7096,69,64,5,5
7097,60,69,-9,9
7098,61,91,-30,30
7099,100,105,-5,5
7100,100,105,-5,5
7101,129,117,12,12
7102,184,164,20,20
7103,119,123,-4,4
7104,91,85,6,6
7105,99,107,-8,8
7106,100,103,-3,3
7107,58,68,-10,10
7108,70,73,-3,3
7109,76,86,-10,10
7110,77,75,2,2
7111,70,69,1,1
7112,116,110,6,6
7113,149,141,8,8
7114,124,126,-2,2
7115,139,115,24,24
7116,142,148,-6,6
7117,77,84,-7,7
7118,96,91,5,5
7119,215,184,31,31
7120,70,72,-2,2
7121,118,118,0,0
7122,89,93,-4,4
7123,106,99,7,7
7124,117,113,4,4
7125,60,67,-7,7
7126,67,74,-7,7
7127,149,150,-1,1
7128,364,372,-8,8
7129,110,104,6,6
7130,106,101,5,5
7131,161,162,-1,1
7132,119,130,-11,11
7133,113,140,-27,27
7134,100,104,-4,4
7135,51,62,-11,11
7136,121,116,5,5
7137,108,107,1,1
7138,107,105,2,2
7139,62,66,-4,4
7140,84,90,-6,6
7141,93,83,10,10
7142,143,138,5,5
7143,136,129,7,7
7144,53,68,-15,15
7145,97,103,-6,6
7146,139,143,-4,4
7147,126,133,-7,7
7148,46,59,-13,13
7149,172,168,4,4
7150,101,102,-1,1
7151,89,94,-5,5
7152,118,111,7,7
7153,71,74,-3,3
7154,120,122,-2,2
7155,77,81,-4,4
7156,145,130,15,15
7157,45,44,1,1
7158,80,78,2,2
7159,58,67,-9,9
7160,117,108,9,9
7161,91,92,-1,1
7162,192,177,15,15
7163,68,67,1,1
7164,71,67,4,4
7165,82,82,0,0
7166,84,85,-1,1
7167,70,81,-11,11
7168,47,59,-12,12
7169,95,92,3,3
7170,59,65,-6,6
7171,154,142,12,12
7172,131,125,6,6
7173,98,104,-6,6
7174,38,47,-9,9
7175,86,94,-8,8
7176,55,61,-6,6
7177,40,44,-4,4
7178,119,114,5,5
7179,247,218,29,29
7180,96,102,-6,6
7181,69,75,-6,6
7182,87,95,-8,8
7183,93,102,-9,9
7184,84,83,1,1
7185,127,130,-3,3
7186,106,103,3,3
7187,62,66,-4,4
7188,84,91,-7,7
7189,48,58,-10,10
7190,116,124,-8,8
7191,83,80,3,3
7192,123,126,-3,3
7193,97,92,5,5
7194,119,107,12,12
7195,113,116,-3,3
7196,70,75,-5,5
7197,123,126,-3,3
7198,86,83,3,3
7199,49,57,-8,8
7200,113,108,5,5
7201,100,99,1,1
7202,131,130,1,1
7203,93,96,-3,3
7204,92,90,2,2
7205,73,73,0,0
7206,61,66,-5,5
7207,72,69,3,3
7208,91,92,-1,1
7209,86,91,-5,5
7210,82,82,0,0
7211,179,172,7,7
7212,121,108,13,13
7213,58,64,-6,6
7214,83,76,7,7
7215,100,84,16,16
7216,84,83,1,1
7217,76,75,1,1
7218,83,76,7,7
7219,81,84,-3,3
7220,119,119,0,0
7221,160,145,15,15
7222,97,102,-5,5
7223,143,153,-10,10
7224,49,56,-7,7
7225,188,167,21,21
7226,79,82,-3,3
7227,62,67,-5,5
7228,71,67,4,4
7229,114,125,-11,11
7230,167,166,1,1
7231,100,92,8,8
7232,90,88,2,2
7233,106,109,-3,3
7234,129,132,-3,3
7235,81,79,2,2
7236,52,55,-3,3
7237,86,84,2,2
7238,92,107,-15,15
7239,59,69,-10,10
7240,98,106,-8,8
7241,94,93,1,1
7242,173,165,8,8
7243,82,93,-11,11
7244,121,116,5,5
7245,84,78,6,6
7246,44,46,-2,2
7247,88,100,-12,12
7248,91,85,6,6
7249,97,94,3,3
7250,46,48,-2,2
7251,114,109,5,5
7252,108,101,7,7
7253,66,69,-3,3
7254,71,73,-2,2
7255,76,75,1,1
7256,159,153,6,6
7257,39,32,7,7
7258,47,58,-11,11
7259,142,125,17,17
7260,124,131,-7,7
7261,109,110,-1,1
7262,110,115,-5,5
7263,59,60,-1,1
7264,107,102,5,5
7265,59,60,-1,1
7266,93,95,-2,2
7267,96,102,-6,6
7268,40,52,-12,12
7269,124,125,-1,1
7270,90,79,11,11
7271,52,57,-5,5
7272,95,90,5,5
7273,81,84,-3,3
7274,171,156,15,15
7275,78,69,9,9
7276,97,89,8,8
7277,82,92,-10,10
7278,93,91,2,2
7279,106,108,-2,2
7280,129,121,8,8
7281,110,117,-7,7
7282,28,57,-29,29
7283,152,152,0,0
7284,113,101,12,12
7285,62,63,-1,1
7286,51,54,-3,3
7287,167,173,-6,6
7288,60,58,2,2
7289,176,163,13,13
7290,139,136,3,3
7291,193,184,9,9
7292,78,85,-7,7
7293,76,73,3,3
7294,80,76,4,4
7295,86,105,-19,19
7296,102,95,7,7
7297,51,51,0,0
7298,32,36,-4,4
7299,133,115,18,18
7300,160,145,15,15
7301,75,75,0,0
7302,84,81,3,3
7303,85,91,-6,6
7304,89,95,-6,6
7305,69,68,1,1
7306,113,116,-3,3
7307,69,70,-1,1
7308,76,85,-9,9
7309,56,78,-22,22
7310,86,78,8,8
7311,92,102,-10,10
7312,54,62,-8,8
7313,100,94,6,6
7314,37,43,-6,6
7315,140,137,3,3
7316,57,72,-15,15
7317,83,92,-9,9
7318,75,69,6,6
7319,59,66,-7,7
7320,99,117,-18,18
7321,108,103,5,5
7322,93,99,-6,6
7323,78,86,-8,8
7324,166,162,4,4
7325,81,83,-2,2
7326,80,82,-2,2
7327,166,142,24,24
7328,56,60,-4,4
7329,108,111,-3,3
7330,88,91,-3,3
7331,124,135,-11,11
7332,71,75,-4,4
7333,111,99,12,12
7334,77,91,-14,14
7335,84,82,2,2
7336,85,89,-4,4
7337,103,96,7,7
7338,67,77,-10,10
7339,128,117,11,11
7340,54,52,2,2
7341,98,99,-1,1
7342,115,131,-16,16
7343,80,81,-1,1
7344,66,69,-3,3
7345,84,81,3,3
7346,179,169,10,10
7347,70,75,-5,5
7348,93,98,-5,5
7349,139,150,-11,11
7350,136,123,13,13
7351,173,167,6,6
7352,112,105,7,7
7353,76,86,-10,10
7354,112,116,-4,4
7355,118,126,-8,8
7356,109,103,6,6
7357,101,109,-8,8
7358,105,95,10,10
7359,67,64,3,3
7360,131,124,7,7
7361,41,55,-14,14
7362,49,51,-2,2
7363,113,110,3,3
7364,137,138,-1,1
7365,96,103,-7,7
7366,68,70,-2,2
7367,110,124,-14,14
7368,70,75,-5,5
7369,155,159,-4,4
7370,58,61,-3,3
7371,140,148,-8,8
7372,119,124,-5,5
7373,67,72,-5,5
7374,79,83,-4,4
7375,68,70,-2,2
7376,62,64,-2,2
7377,48,55,-7,7
7378,104,107,-3,3
7379,67,76,-9,9
7380,63,69,-6,6
7381,70,71,-1,1
7382,83,90,-7,7
7383,66,67,-1,1
7384,67,81,-14,14
7385,54,57,-3,3
7386,144,146,-2,2
7387,68,73,-5,5
7388,76,83,-7,7
7389,62,63,-1,1
7390,147,131,16,16
7391,80,103,-23,23
7392,53,59,-6,6
7393,73,70,3,3
7394,74,74,0,0
7395,63,72,-9,9
7396,111,113,-2,2
7397,199,173,26,26
7398,90,93,-3,3
7399,65,68,-3,3
7400,68,67,1,1
7401,81,83,-2,2
7402,95,94,1,1
7403,83,87,-4,4
7404,99,90,9,9
7405,64,73,-9,9
7406,70,74,-4,4
7407,62,61,1,1
7408,60,68,-8,8
7409,84,92,-8,8
7410,63,66,-3,3
7411,91,96,-5,5
7412,53,71,-18,18
7413,114,105,9,9
7414,102,100,2,2
7415,80,68,12,12
7416,85,95,-10,10
7417,112,115,-3,3
7418,86,90,-4,4
7419,61,69,-8,8
7420,118,109,9,9
7421,108,94,14,14
7422,179,156,23,23
7423,87,93,-6,6
7424,185,164,21,21
7425,91,90,1,1
7426,73,77,-4,4
7427,63,58,5,5
7428,159,139,20,20
7429,146,146,0,0
7430,75,86,-11,11
7431,73,75,-2,2
7432,107,96,11,11
7433,93,94,-1,1
7434,89,100,-11,11
7435,82,102,-20,20
7436,79,76,3,3
7437,50,56,-6,6
7438,69,74,-5,5
7439,89,96,-7,7
7440,145,150,-5,5
7441,84,94,-10,10
7442,115,121,-6,6
7443,103,120,-17,17
7444,90,99,-9,9
7445,57,57,0,0
7446,118,100,18,18
7447,99,103,-4,4
7448,124,115,9,9
7449,102,112,-10,10
7450,97,95,2,2
7451,64,66,-2,2
7452,78,72,6,6
7453,121,120,1,1
7454,163,150,13,13
7455,63,62,1,1
7456,53,61,-8,8
7457,71,74,-3,3
7458,79,83,-4,4
7459,102,104,-2,2
7460,130,123,7,7
7461,114,113,1,1
7462,118,127,-9,9
7463,93,98,-5,5
7464,78,75,3,3
7465,87,91,-4,4
7466,107,103,4,4
7467,105,104,1,1
7468,135,140,-5,5
7469,64,66,-2,2
7470,80,78,2,2
7471,79,92,-13,13
7472,156,156,0,0
7473,123,126,-3,3
7474,81,94,-13,13
7475,91,94,-3,3
7476,184,165,19,19
7477,62,72,-10,10
7478,76,85,-9,9
7479,112,109,3,3
7480,60,69,-9,9
7481,103,98,5,5
7482,83,85,-2,2
7483,69,71,-2,2
7484,206,193,13,13
7485,78,84,-6,6
7486,82,75,7,7
7487,81,90,-9,9
7488,39,40,-1,1
7489,109,109,0,0
7490,32,59,-27,27
7491,65,73,-8,8
7492,88,91,-3,3
7493,94,100,-6,6
7494,87,97,-10,10
7495,74,72,2,2
7496,88,85,3,3
7497,103,110,-7,7
7498,72,66,6,6
7499,83,84,-1,1
7500,197,201,-4,4
7501,41,47,-6,6
7502,76,75,1,1
7503,129,114,15,15
7504,40,65,-25,25
7505,136,136,0,0
7506,62,65,-3,3
7507,66,68,-2,2
7508,106,116,-10,10
7509,62,63,-1,1
7510,109,104,5,5
7511,136,126,10,10
7512,100,97,3,3
7513,160,152,8,8
7514,105,105,0,0
7515,122,112,10,10
7516,98,102,-4,4
7517,78,75,3,3
7518,75,81,-6,6
7519,67,71,-4,4
7520,56,59,-3,3
7521,60,62,-2,2
7522,38,42,-4,4
7523,53,62,-9,9
7524,57,74,-17,17
7525,113,106,7,7
7526,83,79,4,4
7527,81,74,7,7
7528,136,138,-2,2
7529,78,74,4,4
7530,89,91,-2,2
7531,86,91,-5,5
7532,68,73,-5,5
7533,156,150,6,6
7534,85,86,-1,1
7535,126,123,3,3
7536,57,71,-14,14
7537,114,115,-1,1
7538,113,103,10,10
7539,75,87,-12,12
7540,130,123,7,7
7541,79,67,12,12
7542,112,108,4,4
7543,120,121,-1,1
7544,76,82,-6,6
7545,86,82,4,4
7546,60,63,-3,3
7547,52,60,-8,8
7548,80,74,6,6
7549,136,128,8,8
7550,71,74,-3,3
7551,152,150,2,2
7552,59,67,-8,8
7553,88,81,7,7
7554,71,71,0,0
7555,71,69,2,2
7556,88,94,-6,6
7557,44,53,-9,9
7558,95,101,-6,6
7559,99,94,5,5
7560,74,84,-10,10
7561,148,135,13,13
7562,74,72,2,2
7563,103,92,11,11
7564,70,67,3,3
7565,128,115,13,13
7566,70,73,-3,3
7567,69,77,-8,8
7568,95,79,16,16
7569,125,125,0,0
7570,87,94,-7,7
7571,130,128,2,2
7572,105,117,-12,12
7573,96,94,2,2
7574,90,94,-4,4
7575,52,56,-4,4
7576,77,94,-17,17
7577,143,138,5,5
7578,97,107,-10,10
7579,81,84,-3,3
7580,55,55,0,0
7581,122,135,-13,13
7582,59,67,-8,8
7583,106,105,1,1
7584,146,134,12,12
7585,62,65,-3,3
7586,122,121,1,1
7587,166,153,13,13
7588,76,71,5,5
7589,82,92,-10,10
7590,114,108,6,6
7591,113,117,-4,4
7592,94,94,0,0
7593,113,116,-3,3
7594,79,84,-5,5
7595,106,106,0,0
7596,123,121,2,2
7597,118,111,7,7
7598,80,80,0,0
7599,94,94,0,0
7600,89,85,4,4
7601,64,63,1,1
7602,113,115,-2,2
7603,137,128,9,9
7604,53,104,-51,51
7605,133,133,0,0
7606,65,78,-13,13
7607,78,83,-5,5
7608,40,39,1,1
7609,60,66,-6,6
7610,52,59,-7,7
7611,136,128,8,8
7612,155,150,5,5
7613,94,102,-8,8
7614,75,79,-4,4
7615,36,46,-10,10
7616,132,119,13,13
7617,117,112,5,5
7618,136,143,-7,7
7619,141,128,13,13
7620,65,74,-9,9
7621,96,87,9,9
7622,68,73,-5,5
7623,144,124,20,20
7624,148,143,5,5
7625,117,116,1,1
7626,60,74,-14,14
7627,98,101,-3,3
7628,114,111,3,3
7629,139,125,14,14
7630,109,101,8,8
7631,69,78,-9,9
7632,105,103,2,2
7633,116,107,9,9
7634,72,72,0,0
7635,74,82,-8,8
7636,102,106,-4,4
7637,62,56,6,6
7638,36,36,0,0
7639,94,93,1,1
7640,78,82,-4,4
7641,150,137,13,13
7642,81,82,-1,1
7643,154,149,5,5
7644,115,118,-3,3
7645,44,59,-15,15
7646,88,94,-6,6
7647,80,78,2,2
7648,75,73,2,2
7649,58,58,0,0
7650,124,118,6,6
7651,90,92,-2,2
7652,117,109,8,8
7653,93,90,3,3
7654,133,127,6,6
7655,71,67,4,4
7656,82,84,-2,2
7657,66,70,-4,4
7658,69,73,-4,4
7659,112,107,5,5
7660,114,105,9,9
7661,81,71,10,10
7662,110,112,-2,2
7663,76,72,4,4
7664,97,101,-4,4
7665,83,84,-1,1
7666,73,77,-4,4
7667,109,106,3,3
7668,67,70,-3,3
7669,101,108,-7,7
7670,74,72,2,2
7671,122,116,6,6
7672,51,64,-13,13
7673,80,95,-15,15
7674,118,117,1,1
7675,87,82,5,5
7676,84,78,6,6
7677,135,121,14,14
7678,51,100,-49,49
7679,121,104,17,17
7680,60,64,-4,4
7681,150,144,6,6
7682,41,49,-8,8
7683,55,59,-4,4
7684,149,131,18,18
7685,136,132,4,4
7686,121,104,17,17
7687,121,116,5,5
7688,50,65,-15,15
7689,61,60,1,1
7690,129,119,10,10
7691,83,96,-13,13
7692,83,97,-14,14
7693,77,75,2,2
7694,110,103,7,7
7695,110,101,9,9
7696,108,117,-9,9
7697,95,103,-8,8
7698,91,91,0,0
7699,99,93,6,6
7700,105,105,0,0
7701,104,130,-26,26
7702,82,85,-3,3
7703,68,70,-2,2
7704,77,79,-2,2
7705,103,101,2,2
7706,87,92,-5,5
7707,55,58,-3,3
7708,94,93,1,1
7709,67,71,-4,4
7710,75,94,-19,19
7711,137,136,1,1
7712,69,72,-3,3
7713,67,70,-3,3
7714,77,92,-15,15
7715,68,71,-3,3
7716,117,115,2,2
7717,109,116,-7,7
7718,164,146,18,18
7719,102,113,-11,11
7720,77,91,-14,14
7721,71,95,-24,24
7722,71,77,-6,6
7723,146,128,18,18
7724,40,42,-2,2
7725,121,114,7,7
7726,86,77,9,9
7727,99,101,-2,2
7728,68,76,-8,8
7729,89,76,13,13
7730,71,76,-5,5
7731,72,74,-2,2
7732,49,52,-3,3
7733,155,121,34,34
7734,145,145,0,0
7735,102,108,-6,6
7736,131,126,5,5
7737,101,86,15,15
7738,61,71,-10,10
7739,108,116,-8,8
7740,62,71,-9,9
7741,93,90,3,3
7742,84,87,-3,3
7743,56,98,-42,42
7744,143,132,11,11
7745,145,134,11,11
7746,103,98,5,5
7747,88,92,-4,4
7748,96,95,1,1
7749,63,67,-4,4
7750,88,94,-6,6
7751,50,65,-15,15
7752,106,109,-3,3
7753,89,76,13,13
7754,101,107,-6,6
7755,134,126,8,8
7756,91,91,0,0
7757,134,139,-5,5
7758,79,89,-10,10
7759,161,147,14,14
7760,127,125,2,2
7761,88,94,-6,6
7762,61,72,-11,11
7763,60,75,-15,15
7764,102,95,7,7
7765,140,144,-4,4
7766,69,73,-4,4
7767,101,111,-10,10
7768,175,167,8,8
7769,129,141,-12,12
7770,115,115,0,0
7771,88,102,-14,14
7772,79,80,-1,1
7773,102,107,-5,5
7774,43,46,-3,3
7775,97,97,0,0
7776,132,136,-4,4
7777,58,60,-2,2
7778,89,98,-9,9
7779,90,96,-6,6
7780,98,104,-6,6
7781,102,103,-1,1
7782,88,93,-5,5
7783,106,103,3,3
7784,99,95,4,4
7785,151,143,8,8
7786,111,99,12,12
7787,65,67,-2,2
7788,71,72,-1,1
7789,79,100,-21,21
7790,65,68,-3,3
7791,136,126,10,10
7792,151,153,-2,2
7793,108,106,2,2
7794,121,109,12,12
7795,54,65,-11,11
7796,96,104,-8,8
7797,98,92,6,6
7798,62,69,-7,7
7799,78,83,-5,5
7800,97,99,-2,2
7801,80,76,4,4
7802,65,72,-7,7
7803,74,74,0,0
7804,118,121,-3,3
7805,109,103,6,6
7806,99,103,-4,4
7807,78,92,-14,14
7808,59,71,-12,12
7809,84,100,-16,16
7810,108,113,-5,5
7811,89,96,-7,7
7812,119,107,12,12
7813,182,161,21,21
7814,133,113,20,20
7815,90,100,-10,10
7816,144,154,-10,10
7817,109,107,2,2
7818,154,139,15,15
7819,54,56,-2,2
7820,59,67,-8,8
7821,120,118,2,2
7822,113,118,-5,5
7823,90,87,3,3
7824,119,107,12,12
7825,72,76,-4,4
7826,173,159,14,14
7827,252,226,26,26
7828,123,132,-9,9
7829,178,168,10,10
7830,207,169,38,38
7831,86,94,-8,8
7832,61,58,3,3
7833,82,93,-11,11
7834,77,79,-2,2
7835,90,91,-1,1
7836,85,105,-20,20
7837,133,145,-12,12
7838,67,70,-3,3
7839,71,78,-7,7
7840,118,127,-9,9
7841,168,167,1,1
7842,101,103,-2,2
7843,126,115,11,11
7844,127,126,1,1
7845,197,183,14,14
7846,67,68,-1,1
7847,59,61,-2,2
7848,139,132,7,7
7849,84,86,-2,2
7850,75,81,-6,6
7851,124,121,3,3
7852,61,65,-4,4
7853,78,79,-1,1
7854,102,94,8,8
7855,50,50,0,0
7856,72,83,-11,11
7857,98,109,-11,11
7858,109,104,5,5
7859,97,93,4,4
7860,79,74,5,5
7861,73,76,-3,3
7862,114,108,6,6
7863,118,111,7,7
7864,101,101,0,0
7865,103,104,-1,1
7866,49,57,-8,8
7867,49,61,-12,12
7868,37,50,-13,13
7869,121,116,5,5
7870,69,72,-3,3
7871,126,127,-1,1
7872,91,92,-1,1
7873,119,113,6,6
7874,105,104,1,1
7875,129,125,4,4
7876,83,77,6,6
7877,99,97,2,2
7878,106,111,-5,5
7879,67,68,-1,1
7880,132,132,0,0
7881,110,98,12,12
7882,72,70,2,2
7883,126,121,5,5
7884,129,139,-10,10
7885,74,77,-3,3
7886,131,127,4,4
7887,97,101,-4,4
7888,118,125,-7,7
7889,124,123,1,1
7890,66,72,-6,6
7891,99,107,-8,8
7892,93,94,-1,1
7893,169,165,4,4
7894,109,116,-7,7
7895,194,179,15,15
7896,131,120,11,11
7897,67,71,-4,4
7898,102,102,0,0
7899,126,121,5,5
7900,166,168,-2,2
7901,52,63,-11,11
7902,129,141,-12,12
7903,175,165,10,10
7904,77,72,5,5
7905,52,51,1,1
7906,73,70,3,3
7907,97,104,-7,7
7908,49,55,-6,6
7909,112,112,0,0
7910,108,113,-5,5
7911,91,86,5,5
7912,84,106,-22,22
7913,35,51,-16,16
7914,182,186,-4,4
7915,61,66,-5,5
7916,61,58,3,3
7917,79,82,-3,3
7918,55,62,-7,7
7919,64,67,-3,3
7920,142,131,11,11
7921,66,71,-5,5
7922,74,82,-8,8
7923,150,140,10,10
7924,99,99,0,0
7925,106,114,-8,8
7926,72,82,-10,10
7927,121,117,4,4
7928,114,111,3,3
7929,75,75,0,0
7930,65,73,-8,8
7931,116,121,-5,5
7932,99,95,4,4
7933,199,195,4,4
7934,60,64,-4,4
7935,67,67,0,0
7936,81,82,-1,1
7937,178,134,44,44
7938,70,78,-8,8
7939,131,120,11,11
7940,149,137,12,12
7941,70,74,-4,4
7942,97,105,-8,8
7943,104,94,10,10
7944,73,73,0,0
7945,74,83,-9,9
7946,87,102,-15,15
7947,112,111,1,1
7948,126,117,9,9
7949,86,102,-16,16
7950,134,132,2,2
7951,117,98,19,19
7952,61,66,-5,5
7953,71,82,-11,11
7954,80,92,-12,12
7955,63,66,-3,3
7956,70,68,2,2
7957,63,78,-15,15
7958,46,54,-8,8
7959,59,67,-8,8
7960,89,94,-5,5
7961,134,128,6,6
7962,113,110,3,3
7963,73,90,-17,17
7964,122,113,9,9
7965,59,66,-7,7
7966,142,143,-1,1
7967,175,167,8,8
7968,61,61,0,0
7969,142,151,-9,9
7970,68,63,5,5
7971,51,59,-8,8
7972,94,103,-9,9
7973,104,100,4,4
7974,85,81,4,4
7975,155,155,0,0
7976,157,164,-7,7
7977,115,111,4,4
7978,94,101,-7,7
7979,86,98,-12,12
7980,115,120,-5,5
7981,85,89,-4,4
7982,106,103,3,3
7983,64,67,-3,3
7984,38,79,-41,41
7985,51,57,-6,6
7986,106,107,-1,1
7987,101,106,-5,5
7988,46,57,-11,11
7989,85,77,8,8
7990,104,102,2,2
7991,95,98,-3,3
7992,130,128,2,2
7993,151,139,12,12
7994,57,60,-3,3
7995,93,97,-4,4
7996,69,68,1,1
7997,39,38,1,1
7998,76,84,-8,8
7999,84,76,8,8
8000,41,46,-5,5
8001,45,55,-10,10
8002,68,72,-4,4
8003,82,90,-8,8
8004,68,74,-6,6
8005,73,73,0,0
8006,49,67,-18,18
8007,93,91,2,2
8008,75,74,1,1
8009,85,81,4,4
8010,103,105,-2,2
8011,129,121,8,8
8012,116,115,1,1
8013,77,77,0,0
8014,83,85,-2,2
8015,104,99,5,5
8016,124,112,12,12
8017,89,93,-4,4
8018,88,102,-14,14
8019,49,65,-16,16
8020,104,108,-4,4
8021,107,105,2,2
8022,125,127,-2,2
8023,57,64,-7,7
8024,104,100,4,4
8025,51,72,-21,21
8026,86,83,3,3
8027,96,102,-6,6
8028,190,180,10,10
8029,84,91,-7,7
8030,105,106,-1,1
8031,94,95,-1,1
8032,74,74,0,0
8033,100,96,4,4
8034,126,119,7,7
8035,73,75,-2,2
8036,83,86,-3,3
8037,141,130,11,11
8038,124,124,0,0
8039,79,84,-5,5
8040,135,130,5,5
8041,81,73,8,8
8042,137,137,0,0
8043,75,78,-3,3
8044,54,73,-19,19
8045,102,104,-2,2
8046,157,141,16,16
8047,93,96,-3,3
8048,155,139,16,16
8049,71,71,0,0
8050,109,105,4,4
8051,60,70,-10,10
8052,57,72,-15,15
8053,113,113,0,0
8054,130,133,-3,3
8055,71,87,-16,16
8056,92,94,-2,2
8057,148,123,25,25
8058,117,106,11,11
8059,68,73,-5,5
8060,161,148,13,13
8061,85,83,2,2
8062,65,65,0,0
8063,43,46,-3,3
8064,102,101,1,1
8065,69,66,3,3
8066,185,181,4,4
8067,133,132,1,1
8068,104,104,0,0
8069,105,106,-1,1
8070,120,115,5,5
8071,85,85,0,0
8072,73,63,10,10
8073,158,162,-4,4
8074,76,78,-2,2
8075,87,73,14,14
8076,148,125,23,23
8077,85,90,-5,5
8078,98,90,8,8
8079,66,74,-8,8
8080,100,103,-3,3
8081,110,110,0,0
8082,86,92,-6,6
8083,119,125,-6,6
8084,75,74,1,1
8085,110,129,-19,19
8086,69,74,-5,5
8087,127,109,18,18
8088,98,93,5,5
8089,116,124,-8,8
8090,65,72,-7,7
8091,94,97,-3,3
8092,58,62,-4,4
8093,68,87,-19,19
8094,118,112,6,6
8095,27,33,-6,6
8096,74,69,5,5
8097,81,87,-6,6
8098,98,92,6,6
8099,56,62,-6,6
8100,101,102,-1,1
8101,128,120,8,8
8102,104,110,-6,6
8103,69,69,0,0
8104,130,112,18,18
8105,121,121,0,0
8106,42,84,-42,42
8107,89,98,-9,9
8108,71,69,2,2
8109,129,118,11,11
8110,59,71,-12,12
8111,101,105,-4,4
8112,102,103,-1,1
8113,109,113,-4,4
8114,94,90,4,4
8115,108,112,-4,4
8116,102,100,2,2
8117,89,94,-5,5
8118,121,123,-2,2
8119,122,132,-10,10
8120,67,75,-8,8
8121,51,66,-15,15
8122,89,92,-3,3
8123,88,96,-8,8
8124,131,114,17,17
8125,103,103,0,0
8126,151,170,-19,19
8127,134,146,-12,12
8128,108,109,-1,1
8129,92,90,2,2
8130,65,63,2,2
8131,81,84,-3,3
8132,68,83,-15,15
8133,91,92,-1,1
8134,114,107,7,7
8135,48,63,-15,15
8136,102,106,-4,4
8137,149,147,2,2
8138,108,107,1,1
8139,60,65,-5,5
8140,103,106,-3,3
8141,65,73,-8,8
8142,119,120,-1,1
8143,104,111,-7,7
8144,64,62,2,2
8145,48,54,-6,6
8146,55,55,0,0
8147,75,79,-4,4
8148,44,58,-14,14
8149,73,81,-8,8
8150,54,59,-5,5
8151,54,64,-10,10
8152,52,60,-8,8
8153,95,91,4,4
8154,66,74,-8,8
8155,85,99,-14,14
8156,75,68,7,7
8157,95,106,-11,11
8158,95,91,4,4
8159,36,42,-6,6
8160,79,84,-5,5
8161,123,117,6,6
8162,81,74,7,7
8163,176,157,19,19
8164,60,56,4,4
8165,61,74,-13,13
8166,140,123,17,17
8167,127,119,8,8
8168,96,95,1,1
8169,99,95,4,4
8170,108,102,6,6
8171,58,66,-8,8
8172,51,67,-16,16
8173,95,91,4,4
8174,58,72,-14,14
8175,76,71,5,5
8176,116,110,6,6
8177,108,103,5,5
8178,168,149,19,19
8179,27,38,-11,11
8180,145,130,15,15
8181,53,60,-7,7
8182,67,69,-2,2
8183,92,93,-1,1
8184,78,74,4,4
8185,113,116,-3,3
8186,141,137,4,4
8187,136,126,10,10
8188,103,108,-5,5
8189,86,89,-3,3
8190,195,198,-3,3
8191,75,75,0,0
8192,63,71,-8,8
8193,66,70,-4,4
8194,127,126,1,1
8195,122,111,11,11
8196,54,102,-48,48
8197,101,105,-4,4
8198,93,78,15,15
8199,64,71,-7,7
8200,108,109,-1,1
8201,111,107,4,4
8202,77,69,8,8
8203,154,151,3,3
8204,94,91,3,3
8205,84,90,-6,6
8206,76,91,-15,15
8207,87,83,4,4
8208,126,113,13,13
8209,82,80,2,2
8210,82,91,-9,9
8211,80,80,0,0
8212,126,128,-2,2
8213,64,68,-4,4
8214,142,124,18,18
8215,143,139,4,4
8216,127,136,-9,9
8217,76,84,-8,8
8218,57,74,-17,17
8219,109,98,11,11
8220,141,135,6,6
8221,129,120,9,9
8222,114,106,8,8
8223,83,84,-1,1
8224,149,145,4,4
8225,47,60,-13,13
8226,88,93,-5,5
8227,88,88,0,0
8228,105,107,-2,2
8229,93,102,-9,9
8230,109,95,14,14
8231,87,85,2,2
8232,43,42,1,1
8233,81,82,-1,1
8234,101,83,18,18
8235,80,69,11,11
8236,112,110,2,2
8237,92,99,-7,7
8238,102,101,1,1
8239,71,71,0,0
8240,166,154,12,12
8241,98,98,0,0
8242,129,121,8,8
8243,79,90,-11,11
8244,109,104,5,5
8245,145,141,4,4
8246,166,153,13,13
8247,76,84,-8,8
8248,46,54,-8,8
8249,113,106,7,7
8250,75,85,-10,10
8251,86,77,9,9
8252,76,79,-3,3
8253,88,94,-6,6
8254,67,78,-11,11
8255,100,98,2,2
8256,71,82,-11,11
8257,59,66,-7,7
8258,181,173,8,8
8259,56,62,-6,6
8260,114,95,19,19
8261,92,95,-3,3
8262,100,104,-4,4
8263,75,96,-21,21
8264,188,172,16,16
8265,51,56,-5,5
8266,84,95,-11,11
8267,171,183,-12,12
8268,66,65,1,1
8269,92,91,1,1
8270,122,124,-2,2
8271,40,57,-17,17
8272,87,91,-4,4
8273,122,119,3,3
8274,98,92,6,6
8275,96,97,-1,1
8276,120,113,7,7
8277,82,89,-7,7
8278,88,84,4,4
8279,60,68,-8,8
8280,83,83,0,0
8281,81,70,11,11
8282,151,151,0,0
8283,187,177,10,10
8284,98,107,-9,9
8285,95,92,3,3
8286,77,81,-4,4
8287,144,138,6,6
8288,81,85,-4,4
8289,91,95,-4,4
8290,149,146,3,3
8291,99,113,-14,14
8292,96,90,6,6
8293,129,132,-3,3
8294,63,65,-2,2
8295,86,90,-4,4
8296,64,73,-9,9
8297,74,65,9,9
8298,93,93,0,0
8299,85,82,3,3
8300,248,219,29,29
8301,91,91,0,0
8302,58,62,-4,4
8303,93,88,5,5
8304,93,98,-5,5
8305,55,62,-7,7
8306,102,105,-3,3
8307,107,101,6,6
8308,79,83,-4,4
8309,84,82,2,2
8310,95,95,0,0
8311,110,106,4,4
8312,80,81,-1,1
8313,44,32,12,12
8314,96,96,0,0
8315,59,69,-10,10
8316,109,109,0,0
8317,198,190,8,8
8318,81,93,-12,12
8319,119,116,3,3
8320,106,108,-2,2
8321,114,103,11,11
8322,51,61,-10,10
8323,110,105,5,5
8324,112,114,-2,2
8325,99,104,-5,5
8326,80,78,2,2
8327,59,70,-11,11
8328,110,116,-6,6
8329,125,115,10,10
8330,137,126,11,11
8331,73,77,-4,4
8332,190,181,9,9
8333,137,142,-5,5
8334,46,49,-3,3
8335,124,125,-1,1
8336,87,85,2,2
8337,114,104,10,10
8338,83,84,-1,1
8339,85,90,-5,5
8340,142,150,-8,8
8341,108,103,5,5
8342,129,128,1,1
8343,107,100,7,7
8344,109,110,-1,1
8345,144,141,3,3
8346,76,78,-2,2
8347,38,62,-24,24
8348,157,155,2,2
8349,55,61,-6,6
8350,99,104,-5,5
8351,153,142,11,11
8352,74,73,1,1
8353,74,78,-4,4
8354,78,78,0,0
8355,74,85,-11,11
8356,94,94,0,0
8357,112,103,9,9
8358,141,144,-3,3
8359,82,77,5,5
8360,160,157,3,3
8361,103,104,-1,1
8362,110,105,5,5
8363,42,50,-8,8
8364,69,73,-4,4
8365,59,55,4,4
8366,98,99,-1,1
8367,75,72,3,3
8368,58,63,-5,5
8369,74,71,3,3
8370,108,108,0,0
8371,66,78,-12,12
8372,105,105,0,0
8373,46,63,-17,17
8374,55,56,-1,1
8375,71,68,3,3
8376,115,111,4,4
8377,88,83,5,5
8378,47,49,-2,2
8379,174,157,17,17
8380,94,91,3,3
8381,74,75,-1,1
8382,84,83,1,1
8383,85,77,8,8
8384,65,62,3,3
8385,39,40,-1,1
8386,118,109,9,9
8387,101,96,5,5
8388,78,90,-12,12
8389,97,109,-12,12
8390,104,100,4,4
8391,98,95,3,3
8392,81,96,-15,15
8393,112,107,5,5
8394,98,100,-2,2
8395,96,106,-10,10
8396,53,52,1,1
8397,67,88,-21,21
8398,70,74,-4,4
8399,114,104,10,10
8400,104,107,-3,3
8401,65,72,-7,7
8402,80,74,6,6
8403,96,87,9,9
8404,70,70,0,0
8405,105,104,1,1
8406,100,93,7,7
8407,160,144,16,16
8408,91,103,-12,12
8409,100,102,-2,2
8410,119,102,17,17
8411,65,70,-5,5
8412,99,105,-6,6
8413,172,136,36,36
8414,83,76,7,7
8415,85,81,4,4
8416,69,68,1,1
8417,59,67,-8,8
8418,93,98,-5,5
8419,81,83,-2,2
8420,75,79,-4,4
8421,62,65,-3,3
8422,115,108,7,7
8423,107,139,-32,32
8424,105,105,0,0
8425,51,61,-10,10
8426,76,82,-6,6
8427,88,96,-8,8
8428,145,138,7,7
8429,114,116,-2,2
8430,38,43,-5,5
8431,133,125,8,8
8432,74,75,-1,1
8433,119,115,4,4
8434,96,95,1,1
8435,143,126,17,17
8436,60,62,-2,2
8437,130,113,17,17
8438,120,109,11,11
8439,122,139,-17,17
8440,113,108,5,5
8441,68,76,-8,8
8442,98,95,3,3
8443,143,124,19,19
8444,77,74,3,3
8445,92,98,-6,6
8446,61,64,-3,3
8447,74,82,-8,8
8448,94,87,7,7
8449,102,101,1,1
8450,118,113,5,5
8451,119,115,4,4
8452,193,175,18,18
8453,95,101,-6,6
8454,89,94,-5,5
8455,129,122,7,7
8456,124,112,12,12
8457,84,79,5,5
8458,76,82,-6,6
8459,55,60,-5,5
8460,143,135,8,8
8461,134,118,16,16
8462,88,94,-6,6
8463,132,133,-1,1
8464,114,102,12,12
8465,71,72,-1,1
8466,79,75,4,4
8467,101,101,0,0
8468,134,133,1,1
8469,61,32,29,29
8470,81,76,5,5
8471,107,108,-1,1
8472,86,83,3,3
8473,83,87,-4,4
8474,94,96,-2,2
8475,102,105,-3,3
8476,110,127,-17,17
8477,137,139,-2,2
8478,56,70,-14,14
8479,134,124,10,10
8480,80,90,-10,10
8481,46,53,-7,7
8482,111,111,0,0
8483,112,106,6,6
8484,121,119,2,2
8485,113,111,2,2
8486,91,98,-7,7
8487,47,57,-10,10
8488,65,67,-2,2
8489,56,72,-16,16
8490,83,92,-9,9
8491,85,97,-12,12
8492,102,101,1,1
8493,80,85,-5,5
8494,110,106,4,4
8495,141,141,0,0
8496,90,99,-9,9
8497,73,72,1,1
8498,60,64,-4,4
8499,178,146,32,32
8500,124,134,-10,10
8501,108,104,4,4
8502,100,101,-1,1
8503,78,83,-5,5
8504,115,117,-2,2
8505,127,131,-4,4
8506,47,47,0,0
8507,58,64,-6,6
8508,151,137,14,14
8509,104,95,9,9
8510,56,69,-13,13
8511,79,92,-13,13
8512,67,73,-6,6
8513,109,109,0,0
8514,83,76,7,7
8515,101,77,24,24
8516,78,85,-7,7
8517,101,131,-30,30
8518,64,74,-10,10
8519,69,70,-1,1
8520,81,80,1,1
8521,185,181,4,4
8522,89,84,5,5
8523,137,122,15,15
8524,98,93,5,5
8525,185,167,18,18
8526,62,58,4,4
8527,135,127,8,8
8528,140,128,12,12
8529,166,170,-4,4
8530,68,74,-6,6
8531,100,109,-9,9
8532,122,134,-12,12
8533,105,102,3,3
8534,129,125,4,4
8535,117,115,2,2
8536,74,82,-8,8
8537,91,92,-1,1
8538,96,98,-2,2
8539,96,100,-4,4
8540,76,90,-14,14
8541,106,96,10,10
8542,71,70,1,1
8543,43,50,-7,7
8544,88,84,4,4
8545,79,92,-13,13
8546,104,102,2,2
8547,82,86,-4,4
8548,112,117,-5,5
8549,104,105,-1,1
8550,55,61,-6,6
8551,90,91,-1,1
8552,47,65,-18,18
8553,111,102,9,9
8554,127,126,1,1
8555,67,76,-9,9
8556,163,147,16,16
8557,154,154,0,0
8558,63,69,-6,6
8559,50,55,-5,5
8560,56,69,-13,13
8561,104,112,-8,8
8562,80,89,-9,9
8563,83,78,5,5
8564,64,68,-4,4
8565,55,59,-4,4
8566,84,75,9,9
8567,130,123,7,7
8568,85,90,-5,5
8569,109,109,0,0
8570,153,144,9,9
8571,104,104,0,0
8572,129,125,4,4
8573,106,103,3,3
8574,173,170,3,3
8575,93,97,-4,4
8576,93,91,2,2
8577,99,98,1,1
8578,66,71,-5,5
8579,98,96,2,2
8580,110,136,-26,26
8581,50,65,-15,15
8582,104,104,0,0
8583,110,105,5,5
8584,60,74,-14,14
8585,102,100,2,2
8586,87,82,5,5
8587,133,133,0,0
8588,133,130,3,3
8589,122,105,17,17
8590,92,92,0,0
8591,139,135,4,4
8592,52,57,-5,5
8593,83,96,-13,13
8594,91,92,-1,1
8595,65,66,-1,1
8596,113,114,-1,1
8597,77,82,-5,5
8598,161,148,13,13
8599,92,96,-4,4
8600,180,152,28,28
8601,77,74,3,3
8602,109,106,3,3
8603,81,87,-6,6
8604,98,104,-6,6
8605,54,58,-4,4
8606,126,119,7,7
8607,91,99,-8,8
8608,77,84,-7,7
8609,124,118,6,6
8610,78,84,-6,6
8611,189,158,31,31
8612,80,78,2,2
8613,159,138,21,21
8614,73,81,-8,8
8615,90,100,-10,10
8616,62,58,4,4
8617,90,93,-3,3
8618,134,139,-5,5
8619,121,104,17,17
8620,87,85,2,2
8621,59,64,-5,5
8622,89,103,-14,14
8623,105,109,-4,4
8624,97,94,3,3
8625,110,105,5,5
8626,141,125,16,16
8627,85,92,-7,7
8628,132,128,4,4
8629,89,90,-1,1
8630,75,83,-8,8
8631,81,76,5,5
8632,77,72,5,5
8633,104,102,2,2
8634,132,142,-10,10
8635,136,124,12,12
8636,82,90,-8,8
8637,85,94,-9,9
8638,76,75,1,1
8639,109,125,-16,16
8640,51,61,-10,10
8641,85,95,-10,10
8642,58,64,-6,6
8643,161,158,3,3
8644,85,90,-5,5
8645,61,58,3,3
8646,82,84,-2,2
8647,114,115,-1,1
8648,113,106,7,7
8649,82,80,2,2
8650,128,122,6,6
8651,113,115,-2,2
8652,61,74,-13,13
8653,85,82,3,3
8654,112,106,6,6
8655,76,79,-3,3
8656,89,92,-3,3
8657,142,131,11,11
8658,81,80,1,1
8659,143,147,-4,4
8660,94,87,7,7
8661,134,110,24,24
8662,59,62,-3,3
8663,55,64,-9,9
8664,75,82,-7,7
8665,87,95,-8,8
8666,69,62,7,7
8667,104,105,-1,1
8668,57,54,3,3
8669,68,66,2,2
8670,169,157,12,12
8671,114,117,-3,3
8672,92,93,-1,1
8673,97,86,11,11
8674,121,117,4,4
8675,89,77,12,12
8676,116,116,0,0
8677,93,100,-7,7
8678,116,105,11,11
8679,125,129,-4,4
8680,82,108,-26,26
8681,50,53,-3,3
8682,46,65,-19,19
8683,45,54,-9,9
8684,120,117,3,3
8685,93,93,0,0
8686,102,103,-1,1
8687,126,116,10,10
8688,108,127,-19,19
8689,110,109,1,1
8690,101,101,0,0
8691,73,74,-1,1
8692,58,60,-2,2
8693,113,109,4,4
8694,136,142,-6,6
8695,64,71,-7,7
8696,125,157,-32,32
8697,88,81,7,7
8698,92,92,0,0
8699,106,104,2,2
8700,90,106,-16,16
8701,85,85,0,0
8702,80,80,0,0
8703,110,106,4,4
8704,80,82,-2,2
8705,117,108,9,9
8706,47,66,-19,19
8707,112,106,6,6
8708,84,92,-8,8
8709,116,113,3,3
8710,61,69,-8,8
8711,82,81,1,1
8712,164,137,27,27
8713,125,119,6,6
8714,80,83,-3,3
8715,66,72,-6,6
8716,61,70,-9,9
8717,82,104,-22,22
8718,81,89,-8,8
8719,143,126,17,17
8720,145,125,20,20
8721,75,73,2,2
8722,60,81,-21,21
8723,86,94,-8,8
8724,99,105,-6,6
8725,112,111,1,1
8726,98,96,2,2
8727,96,90,6,6
8728,64,71,-7,7
8729,62,67,-5,5
8730,123,129,-6,6
8731,83,92,-9,9
8732,101,101,0,0
8733,27,32,-5,5
8734,167,157,10,10
8735,149,146,3,3
8736,94,93,1,1
8737,155,146,9,9
8738,39,41,-2,2
8739,62,68,-6,6
8740,81,72,9,9
8741,58,63,-5,5
8742,74,85,-11,11
8743,139,138,1,1
8744,74,75,-1,1
8745,84,93,-9,9
8746,155,119,36,36
8747,114,116,-2,2
8748,152,192,-40,40
8749,104,96,8,8
8750,92,103,-11,11
8751,55,68,-13,13
8752,91,93,-2,2
8753,90,85,5,5
8754,86,84,2,2
8755,76,85,-9,9
8756,86,93,-7,7
8757,49,51,-2,2
8758,105,106,-1,1
8759,67,70,-3,3
8760,96,120,-24,24
8761,105,105,0,0
8762,98,91,7,7
8763,114,113,1,1
8764,114,116,-2,2
8765,103,119,-16,16
8766,128,124,4,4
8767,110,102,8,8
8768,89,82,7,7
8769,67,67,0,0
8770,136,116,20,20
8771,154,145,9,9
8772,62,74,-12,12
8773,109,108,1,1
8774,91,96,-5,5
8775,63,68,-5,5
8776,172,157,15,15
8777,93,88,5,5
8778,81,81,0,0
8779,87,95,-8,8
8780,49,67,-18,18
8781,157,160,-3,3
8782,87,89,-2,2
8783,61,86,-25,25
8784,60,61,-1,1
8785,129,122,7,7
8786,75,72,3,3
8787,86,96,-10,10
8788,37,40,-3,3
8789,110,110,0,0
8790,124,117,7,7
8791,65,72,-7,7
8792,148,153,-5,5
8793,73,84,-11,11
8794,105,113,-8,8
8795,70,78,-8,8
8796,63,73,-10,10
8797,71,73,-2,2
8798,71,75,-4,4
8799,68,73,-5,5
8800,96,92,4,4
8801,87,91,-4,4
8802,88,93,-5,5
8803,69,70,-1,1
8804,83,90,-7,7
8805,72,87,-15,15
8806,98,104,-6,6
8807,126,119,7,7
8808,45,55,-10,10
8809,52,55,-3,3
8810,103,106,-3,3
8811,77,74,3,3
8812,83,78,5,5
8813,73,68,5,5
8814,108,104,4,4
8815,73,79,-6,6
8816,80,85,-5,5
8817,57,62,-5,5
8818,63,65,-2,2
8819,24,36,-12,12
8820,89,78,11,11
8821,61,72,-11,11
8822,97,104,-7,7
8823,85,91,-6,6
8824,143,140,3,3
8825,129,123,6,6
8826,75,86,-11,11
8827,71,76,-5,5
8828,92,90,2,2
8829,72,69,3,3
8830,91,85,6,6
8831,83,74,9,9
8832,75,81,-6,6
8833,66,71,-5,5
8834,43,52,-9,9
8835,127,119,8,8
8836,125,131,-6,6
8837,44,51,-7,7
8838,51,63,-12,12
8839,54,60,-6,6
8840,203,217,-14,14
8841,127,117,10,10
8842,102,100,2,2
8843,81,78,3,3
8844,69,69,0,0
8845,121,119,2,2
8846,85,78,7,7
8847,125,115,10,10
8848,138,125,13,13
8849,191,163,28,28
8850,92,101,-9,9
8851,94,92,2,2
8852,128,126,2,2
8853,35,48,-13,13
8854,104,105,-1,1
8855,86,83,3,3
8856,132,117,15,15
8857,89,91,-2,2
8858,48,56,-8,8
8859,75,70,5,5
8860,80,71,9,9
8861,100,99,1,1
8862,115,114,1,1
8863,135,129,6,6
8864,88,94,-6,6
8865,108,103,5,5
8866,141,143,-2,2
8867,81,80,1,1
8868,147,145,2,2
8869,94,93,1,1
8870,86,91,-5,5
8871,125,123,2,2
8872,62,67,-5,5
8873,82,86,-4,4
8874,123,116,7,7
8875,80,76,4,4
8876,108,104,4,4
8877,91,83,8,8
8878,124,117,7,7
8879,93,102,-9,9
8880,141,152,-11,11
8881,97,68,29,29
8882,177,161,16,16
8883,80,87,-7,7
8884,133,153,-20,20
8885,98,105,-7,7
8886,104,100,4,4
8887,64,69,-5,5
8888,170,158,12,12
8889,91,99,-8,8
8890,98,100,-2,2
8891,125,115,10,10
8892,65,70,-5,5
8893,86,91,-5,5
8894,75,67,8,8
8895,72,77,-5,5
8896,53,72,-19,19
8897,93,88,5,5
8898,69,69,0,0
8899,95,91,4,4
8900,76,82,-6,6
8901,73,75,-2,2
8902,56,59,-3,3
8903,92,95,-3,3
8904,43,53,-10,10
8905,60,62,-2,2
8906,74,83,-9,9
8907,85,93,-8,8
8908,91,93,-2,2
8909,92,92,0,0
8910,91,91,0,0
8911,60,72,-12,12
8912,142,145,-3,3
8913,127,134,-7,7
8914,87,91,-4,4
8915,130,143,-13,13
8916,104,102,2,2
8917,62,64,-2,2
8918,125,128,-3,3
8919,96,179,-83,83
8920,170,142,28,28
8921,103,124,-21,21
8922,185,173,12,12
8923,80,80,0,0
8924,56,68,-12,12
8925,105,116,-11,11
8926,63,70,-7,7
8927,88,93,-5,5
8928,79,86,-7,7
8929,60,75,-15,15
8930,84,90,-6,6
8931,123,128,-5,5
8932,107,106,1,1
8933,94,103,-9,9
8934,70,74,-4,4
8935,141,118,23,23
8936,56,51,5,5
8937,166,161,5,5
8938,120,108,12,12
8939,137,125,12,12
8940,88,92,-4,4
8941,127,105,22,22
8942,157,147,10,10
8943,130,136,-6,6
8944,106,112,-6,6
8945,131,129,2,2
8946,54,61,-7,7
8947,132,124,8,8
8948,80,78,2,2
8949,81,90,-9,9
8950,128,113,15,15
8951,36,39,-3,3
8952,106,109,-3,3
8953,85,91,-6,6
8954,64,69,-5,5
8955,81,85,-4,4
8956,120,114,6,6
8957,130,117,13,13
8958,99,93,6,6
8959,70,70,0,0
8960,78,73,5,5
8961,112,112,0,0
8962,82,83,-1,1
8963,184,161,23,23
8964,129,139,-10,10
8965,111,105,6,6
8966,99,105,-6,6
8967,51,65,-14,14
8968,102,96,6,6
8969,66,74,-8,8
8970,74,76,-2,2
8971,129,131,-2,2
8972,54,64,-10,10
8973,117,133,-16,16
8974,120,113,7,7
8975,73,82,-9,9
8976,177,164,13,13
8977,157,148,9,9
8978,77,83,-6,6
8979,55,60,-5,5
8980,132,120,12,12
8981,180,163,17,17
8982,72,71,1,1
8983,88,96,-8,8
8984,71,76,-5,5
8985,85,84,1,1
8986,51,51,0,0
8987,61,68,-7,7
8988,76,73,3,3
8989,90,93,-3,3
8990,64,73,-9,9
8991,67,86,-19,19
8992,95,95,0,0
8993,46,50,-4,4
8994,92,85,7,7
8995,121,136,-15,15
8996,93,97,-4,4
8997,92,100,-8,8
8998,52,57,-5,5
8999,112,117,-5,5
9000,66,106,-40,40
9001,76,72,4,4
9002,157,149,8,8
9003,75,76,-1,1
9004,68,72,-4,4
9005,64,71,-7,7
9006,135,120,15,15
9007,107,103,4,4
9008,79,85,-6,6
9009,82,84,-2,2
9010,101,95,6,6
9011,142,163,-21,21
9012,108,108,0,0
9013,93,100,-7,7
9014,111,115,-4,4
9015,111,106,5,5
9016,101,94,7,7
9017,67,70,-3,3
9018,58,61,-3,3
9019,117,112,5,5
9020,100,97,3,3
9021,96,95,1,1
9022,106,107,-1,1
9023,82,84,-2,2
9024,57,63,-6,6
9025,95,90,5,5
9026,92,93,-1,1
9027,78,82,-4,4
9028,85,83,2,2
9029,46,46,0,0
9030,60,70,-10,10
9031,68,74,-6,6
9032,90,93,-3,3
9033,106,106,0,0
9034,72,72,0,0
9035,91,90,1,1
9036,142,138,4,4
9037,63,63,0,0
9038,55,59,-4,4
9039,112,107,5,5
9040,165,165,0,0
9041,80,81,-1,1
9042,58,60,-2,2
9043,96,104,-8,8
9044,69,71,-2,2
9045,85,100,-15,15
9046,74,81,-7,7
9047,148,138,10,10
9048,61,62,-1,1
9049,114,113,1,1
9050,117,115,2,2
9051,87,91,-4,4
9052,148,141,7,7
9053,129,120,9,9
9054,100,97,3,3
9055,79,80,-1,1
9056,84,84,0,0
9057,75,75,0,0
9058,101,103,-2,2
9059,74,81,-7,7
9060,98,87,11,11
9061,97,100,-3,3
9062,58,58,0,0
9063,104,102,2,2
9064,122,116,6,6
9065,33,43,-10,10
9066,62,60,2,2
9067,59,67,-8,8
9068,66,75,-9,9
9069,112,106,6,6
9070,109,103,6,6
9071,67,72,-5,5
9072,157,172,-15,15
9073,147,148,-1,1
9074,114,113,1,1
9075,45,43,2,2
9076,71,79,-8,8
9077,135,130,5,5
9078,64,61,3,3
9079,101,108,-7,7
9080,93,101,-8,8
9081,92,86,6,6
9082,128,124,4,4
9083,90,85,5,5
9084,113,102,11,11
9085,62,64,-2,2
9086,66,65,1,1
9087,69,75,-6,6
9088,90,91,-1,1
9089,69,67,2,2
9090,87,93,-6,6
9091,70,85,-15,15
9092,88,91,-3,3
9093,60,72,-12,12
9094,172,152,20,20
9095,94,97,-3,3
9096,53,64,-11,11
9097,81,76,5,5
9098,103,100,3,3
9099,146,134,12,12
9100,93,94,-1,1
9101,106,108,-2,2
9102,115,106,9,9
9103,171,157,14,14
9104,80,81,-1,1
9105,89,82,7,7
9106,75,89,-14,14
9107,197,183,14,14
9108,52,64,-12,12
9109,56,62,-6,6
9110,76,75,1,1
9111,136,135,1,1
9112,127,127,0,0
9113,102,104,-2,2
9114,100,105,-5,5
9115,154,143,11,11
9116,127,137,-10,10
9117,115,106,9,9
9118,69,74,-5,5
9119,113,100,13,13
9120,116,112,4,4
9121,92,100,-8,8
9122,95,101,-6,6
9123,81,74,7,7
9124,81,85,-4,4
9125,148,147,1,1
9126,94,94,0,0
9127,117,116,1,1
9128,47,55,-8,8
9129,100,94,6,6
9130,133,124,9,9
9131,79,104,-25,25
9132,147,136,11,11
9133,62,69,-7,7
9134,77,84,-7,7
9135,154,140,14,14
9136,112,115,-3,3
9137,65,66,-1,1
9138,42,46,-4,4
9139,114,125,-11,11
9140,114,109,5,5
9141,77,74,3,3
9142,68,75,-7,7
9143,84,91,-7,7
9144,120,125,-5,5
9145,132,132,0,0
9146,113,121,-8,8
9147,86,87,-1,1
9148,78,82,-4,4
9149,73,92,-19,19
9150,68,64,4,4
9151,93,99,-6,6
9152,113,124,-11,11
9153,58,64,-6,6
9154,63,67,-4,4
9155,54,52,2,2
9156,123,107,16,16
9157,43,45,-2,2
9158,82,86,-4,4
9159,144,135,9,9
9160,73,98,-25,25
9161,49,54,-5,5
9162,103,97,6,6
9163,179,180,-1,1
9164,106,105,1,1
9165,93,104,-11,11
9166,135,143,-8,8
9167,120,121,-1,1
9168,130,119,11,11
9169,79,94,-15,15
9170,82,82,0,0
9171,55,58,-3,3
9172,74,71,3,3
9173,153,147,6,6
9174,93,95,-2,2
9175,107,105,2,2
9176,136,146,-10,10
9177,88,94,-6,6
9178,56,69,-13,13
9179,171,150,21,21
9180,115,111,4,4
9181,53,66,-13,13
9182,124,126,-2,2
9183,117,108,9,9
9184,76,80,-4,4
9185,168,154,14,14
9186,78,76,2,2
9187,42,45,-3,3
9188,74,79,-5,5
9189,156,135,21,21
9190,81,72,9,9
9191,88,82,6,6
9192,169,153,16,16
9193,74,76,-2,2
9194,108,109,-1,1
9195,98,94,4,4
9196,175,182,-7,7
9197,39,44,-5,5
9198,47,57,-10,10
9199,100,89,11,11
9200,105,94,11,11
9201,103,105,-2,2
9202,114,111,3,3
9203,65,71,-6,6
9204,70,71,-1,1
9205,79,79,0,0
9206,96,101,-5,5
9207,123,128,-5,5
9208,94,97,-3,3
9209,124,123,1,1
9210,102,99,3,3
9211,108,103,5,5
9212,78,84,-6,6
9213,111,108,3,3
9214,84,96,-12,12
9215,58,54,4,4
9216,124,122,2,2
9217,92,90,2,2
9218,75,81,-6,6
9219,64,56,8,8
9220,89,90,-1,1
9221,88,95,-7,7
9222,58,71,-13,13
9223,116,110,6,6
9224,57,65,-8,8
9225,98,102,-4,4
9226,138,140,-2,2
9227,87,93,-6,6
9228,58,61,-3,3
9229,141,130,11,11
9230,72,73,-1,1
9231,63,74,-11,11
9232,173,159,14,14
9233,113,107,6,6
9234,114,106,8,8
9235,95,91,4,4
9236,80,85,-5,5
9237,75,78,-3,3
9238,113,113,0,0
9239,86,97,-11,11
9240,54,62,-8,8
9241,99,98,1,1
9242,149,139,10,10
9243,73,65,8,8
9244,86,82,4,4
9245,108,105,3,3
9246,74,73,1,1
9247,59,64,-5,5
9248,106,109,-3,3
9249,158,133,25,25
9250,45,67,-22,22
9251,77,77,0,0
9252,116,125,-9,9
9253,52,56,-4,4
9254,93,99,-6,6
9255,129,120,9,9
9256,63,69,-6,6
9257,41,46,-5,5
9258,62,61,1,1
9259,168,158,10,10
9260,117,113,4,4
9261,142,134,8,8
9262,112,107,5,5
9263,101,104,-3,3
9264,86,84,2,2
9265,77,82,-5,5
9266,141,132,9,9
9267,80,93,-13,13
9268,107,116,-9,9
9269,90,94,-4,4
9270,65,73,-8,8
9271,57,57,0,0
9272,89,84,5,5
9273,63,68,-5,5
9274,121,110,11,11
9275,108,105,3,3
9276,83,91,-8,8
9277,116,114,2,2
9278,66,74,-8,8
9279,128,127,1,1
9280,98,98,0,0
9281,76,77,-1,1
9282,130,123,7,7
9283,55,60,-5,5
9284,64,70,-6,6
9285,107,120,-13,13
9286,117,106,11,11
9287,124,117,7,7
9288,88,91,-3,3
9289,44,46,-2,2
9290,89,92,-3,3
9291,82,84,-2,2
9292,78,79,-1,1
9293,63,71,-8,8
9294,60,60,0,0
9295,55,60,-5,5
9296,80,86,-6,6
9297,56,63,-7,7
9298,68,75,-7,7
9299,177,174,3,3
9300,69,72,-3,3
9301,63,70,-7,7
9302,116,108,8,8
9303,96,103,-7,7
9304,142,121,21,21
9305,85,86,-1,1
9306,56,67,-11,11
9307,91,92,-1,1
9308,72,75,-3,3
9309,69,83,-14,14
9310,114,104,10,10
9311,131,133,-2,2
9312,70,75,-5,5
9313,138,133,5,5
9314,103,102,1,1
9315,69,75,-6,6
9316,97,99,-2,2
9317,98,113,-15,15
9318,117,109,8,8
9319,95,103,-8,8
9320,130,122,8,8
9321,174,155,19,19
9322,114,118,-4,4
9323,87,100,-13,13
9324,92,94,-2,2
9325,57,64,-7,7
9326,93,91,2,2
9327,90,90,0,0
9328,87,96,-9,9
9329,87,91,-4,4
9330,115,116,-1,1
9331,103,105,-2,2
9332,66,68,-2,2
9333,95,94,1,1
9334,98,98,0,0
9335,82,82,0,0
9336,63,63,0,0
9337,39,46,-7,7
9338,60,67,-7,7
9339,112,107,5,5
9340,159,151,8,8
9341,41,51,-10,10
9342,96,97,-1,1
9343,117,109,8,8
9344,69,78,-9,9
9345,82,90,-8,8
9346,125,116,9,9
9347,82,82,0,0
9348,65,72,-7,7
9349,92,84,8,8
9350,91,97,-6,6
9351,91,91,0,0
9352,95,93,2,2
9353,28,38,-10,10
9354,64,64,0,0
9355,73,72,1,1
9356,122,108,14,14
9357,76,82,-6,6
9358,82,81,1,1
9359,134,124,10,10
9360,118,106,12,12
9361,72,79,-7,7
9362,96,123,-27,27
9363,176,154,22,22
9364,156,148,8,8
9365,64,86,-22,22
9366,99,108,-9,9
9367,94,93,1,1
9368,84,75,9,9
9369,88,94,-6,6
9370,144,141,3,3
9371,123,112,11,11
9372,99,104,-5,5
9373,63,88,-25,25
9374,64,70,-6,6
9375,141,127,14,14
9376,71,87,-16,16
9377,166,153,13,13
9378,118,110,8,8
9379,120,107,13,13
9380,145,131,14,14
9381,87,90,-3,3
9382,90,98,-8,8
9383,80,91,-11,11
9384,125,123,2,2
9385,59,56,3,3
9386,171,154,17,17
9387,72,70,2,2
9388,121,108,13,13
9389,47,49,-2,2
9390,73,85,-12,12
9391,124,105,19,19
9392,87,98,-11,11
9393,95,97,-2,2
9394,77,81,-4,4
9395,167,160,7,7
9396,53,34,19,19
9397,89,85,4,4
9398,83,75,8,8
9399,77,91,-14,14
9400,127,127,0,0
9401,94,98,-4,4
9402,95,90,5,5
9403,93,99,-6,6
9404,74,72,2,2
9405,112,116,-4,4
9406,117,108,9,9
9407,69,72,-3,3
9408,88,87,1,1
9409,71,73,-2,2
9410,57,55,2,2
9411,89,90,-1,1
9412,98,112,-14,14
9413,123,124,-1,1
9414,88,90,-2,2
9415,136,119,17,17
9416,85,76,9,9
9417,93,92,1,1
9418,150,152,-2,2
9419,50,57,-7,7
9420,77,84,-7,7
9421,87,93,-6,6
9422,123,117,6,6
9423,71,77,-6,6
9424,142,140,2,2
9425,78,84,-6,6
9426,111,108,3,3
9427,54,72,-18,18
9428,66,71,-5,5
9429,110,104,6,6
9430,96,93,3,3
9431,56,61,-5,5
9432,17,19,-2,2
9433,84,83,1,1
9434,108,108,0,0
9435,103,92,11,11
9436,102,101,1,1
9437,81,91,-10,10
9438,125,125,0,0
9439,120,129,-9,9
9440,89,90,-1,1
9441,73,73,0,0
9442,110,103,7,7
9443,86,87,-1,1
9444,94,98,-4,4
9445,76,74,2,2
9446,72,73,-1,1
9447,41,51,-10,10
9448,129,126,3,3
9449,80,82,-2,2
9450,92,86,6,6
9451,208,177,31,31
9452,170,163,7,7
9453,88,95,-7,7
9454,43,51,-8,8
9455,65,63,2,2
9456,52,57,-5,5
9457,44,47,-3,3
9458,96,104,-8,8
9459,165,159,6,6
9460,92,89,3,3
9461,104,92,12,12
9462,131,125,6,6
9463,73,77,-4,4
9464,131,118,13,13
9465,51,73,-22,22
9466,63,71,-8,8
9467,107,111,-4,4
9468,109,124,-15,15
9469,131,112,19,19
9470,96,93,3,3
9471,90,79,11,11
9472,60,71,-11,11
9473,106,106,0,0
9474,101,91,10,10
9475,67,70,-3,3
9476,117,116,1,1
9477,76,81,-5,5
9478,78,74,4,4
9479,94,92,2,2
9480,95,98,-3,3
9481,78,69,9,9
9482,133,130,3,3
9483,41,63,-22,22
9484,105,104,1,1
9485,102,96,6,6
9486,88,98,-10,10
9487,106,106,0,0
9488,89,90,-1,1
9489,98,116,-18,18
9490,128,116,12,12
9491,102,105,-3,3
9492,132,138,-6,6
9493,101,99,2,2
9494,144,142,2,2
9495,61,69,-8,8
9496,61,65,-4,4
9497,114,117,-3,3
9498,125,119,6,6
9499,70,71,-1,1
9500,83,93,-10,10
9501,147,141,6,6
9502,97,100,-3,3
9503,82,86,-4,4
9504,87,82,5,5
9505,94,95,-1,1
9506,54,68,-14,14
9507,71,82,-11,11
9508,105,97,8,8
9509,87,92,-5,5
9510,95,106,-11,11
9511,71,77,-6,6
9512,76,85,-9,9
9513,123,118,5,5
9514,127,122,5,5
9515,84,95,-11,11
9516,48,57,-9,9
9517,108,93,15,15
9518,157,130,27,27
9519,54,57,-3,3
9520,100,95,5,5
9521,118,109,9,9
9522,57,65,-8,8
9523,137,129,8,8
9524,80,91,-11,11
9525,48,56,-8,8
9526,49,47,2,2
9527,94,100,-6,6
9528,101,97,4,4
9529,64,70,-6,6
9530,114,125,-11,11
9531,82,79,3,3
9532,62,69,-7,7
9533,57,69,-12,12
9534,88,96,-8,8
9535,92,102,-10,10
9536,66,83,-17,17
9537,76,84,-8,8
9538,59,60,-1,1
9539,89,91,-2,2
9540,63,69,-6,6
9541,51,52,-1,1
9542,123,120,3,3
9543,88,93,-5,5
9544,59,67,-8,8
9545,66,69,-3,3
9546,135,118,17,17
9547,54,63,-9,9
9548,24,32,-8,8
9549,91,82,9,9
9550,166,156,10,10
9551,45,49,-4,4
9552,95,91,4,4
9553,99,99,0,0
9554,70,82,-12,12
9555,81,75,6,6
9556,97,92,5,5
9557,75,91,-16,16
9558,55,66,-11,11
9559,86,95,-9,9
9560,172,157,15,15
9561,65,81,-16,16
9562,174,152,22,22
9563,78,83,-5,5
9564,81,92,-11,11
9565,68,69,-1,1
9566,74,69,5,5
9567,46,53,-7,7
9568,119,125,-6,6
9569,48,55,-7,7
9570,112,115,-3,3
9571,135,151,-16,16
9572,91,82,9,9
9573,103,98,5,5
9574,95,116,-21,21
9575,91,79,12,12
9576,201,174,27,27
9577,89,92,-3,3
9578,71,70,1,1
9579,198,182,16,16
9580,93,87,6,6
9581,82,84,-2,2
9582,132,122,10,10
9583,79,93,-14,14
9584,60,68,-8,8
9585,72,83,-11,11
9586,107,109,-2,2
9587,112,115,-3,3
9588,99,105,-6,6
9589,104,113,-9,9
9590,68,71,-3,3
9591,57,62,-5,5
9592,47,56,-9,9
9593,96,93,3,3
9594,95,107,-12,12
9595,43,50,-7,7
9596,116,107,9,9
9597,65,71,-6,6
9598,106,94,12,12
9599,117,125,-8,8
9600,96,97,-1,1
9601,67,68,-1,1
9602,100,91,9,9
9603,108,108,0,0
9604,103,99,4,4
9605,58,65,-7,7
9606,88,90,-2,2
9607,133,120,13,13
9608,161,157,4,4
9609,95,91,4,4
9610,99,92,7,7
9611,69,68,1,1
9612,112,105,7,7
9613,127,118,9,9
9614,66,72,-6,6
9615,116,120,-4,4
9616,105,124,-19,19
9617,100,94,6,6
9618,93,97,-4,4
9619,79,90,-11,11
9620,121,113,8,8
9621,86,95,-9,9
9622,88,82,6,6
9623,177,158,19,19
9624,67,65,2,2
9625,73,77,-4,4
9626,105,102,3,3
9627,115,112,3,3
9628,141,137,4,4
9629,75,80,-5,5
9630,58,64,-6,6
9631,86,92,-6,6
9632,137,131,6,6
9633,113,114,-1,1
9634,92,93,-1,1
9635,83,94,-11,11
9636,103,111,-8,8
9637,145,128,17,17
9638,84,84,0,0
9639,123,128,-5,5
9640,104,102,2,2
9641,61,64,-3,3
9642,79,96,-17,17
9643,90,109,-19,19
9644,115,118,-3,3
9645,138,144,-6,6
9646,80,83,-3,3
9647,92,100,-8,8
9648,126,121,5,5
9649,62,54,8,8
9650,81,85,-4,4
9651,88,87,1,1
9652,90,93,-3,3
9653,70,73,-3,3
9654,113,112,1,1
9655,81,89,-8,8
9656,70,82,-12,12
9657,87,91,-4,4
9658,62,70,-8,8
9659,54,61,-7,7
9660,85,85,0,0
9661,76,75,1,1
9662,44,51,-7,7
9663,106,103,3,3
9664,116,109,7,7
9665,114,138,-24,24
9666,156,147,9,9
9667,127,116,11,11
9668,61,67,-6,6
9669,57,59,-2,2
9670,128,128,0,0
9671,90,85,5,5
9672,113,109,4,4
9673,81,76,5,5
9674,48,63,-15,15
9675,47,53,-6,6
9676,139,126,13,13
9677,154,148,6,6
9678,104,110,-6,6
9679,97,98,-1,1
9680,123,122,1,1
9681,68,62,6,6
9682,94,103,-9,9
9683,77,91,-14,14
9684,45,49,-4,4
9685,78,80,-2,2
9686,75,82,-7,7
9687,79,77,2,2
9688,175,172,3,3
9689,117,113,4,4
9690,108,104,4,4
9691,106,107,-1,1
9692,82,74,8,8
9693,112,104,8,8
9694,74,75,-1,1
9695,117,119,-2,2
9696,94,101,-7,7
9697,226,199,27,27
9698,120,109,11,11
9699,40,47,-7,7
9700,40,104,-64,64
9701,119,118,1,1
9702,51,60,-9,9
9703,61,64,-3,3
9704,119,113,6,6
9705,97,92,5,5
9706,70,81,-11,11
9707,101,96,5,5
9708,160,151,9,9
9709,88,90,-2,2
9710,41,54,-13,13
9711,86,84,2,2
9712,76,82,-6,6
9713,66,74,-8,8
9714,110,110,0,0
9715,120,116,4,4
9716,97,97,0,0
9717,89,101,-12,12
9718,117,113,4,4
9719,59,72,-13,13
9720,145,143,2,2
9721,84,79,5,5
9722,78,91,-13,13
9723,65,67,-2,2
9724,62,63,-1,1
9725,114,111,3,3
9726,76,83,-7,7
9727,51,58,-7,7
9728,131,138,-7,7
9729,162,168,-6,6
9730,90,102,-12,12
9731,95,98,-3,3
9732,49,66,-17,17
9733,81,87,-6,6
9734,103,104,-1,1
9735,136,141,-5,5
9736,116,114,2,2
9737,74,76,-2,2
9738,54,67,-13,13
9739,110,111,-1,1
9740,113,103,10,10
9741,142,118,24,24
9742,130,109,21,21
9743,156,146,10,10
9744,186,182,4,4
9745,70,72,-2,2
9746,115,104,11,11
9747,149,131,18,18
9748,135,119,16,16
9749,72,72,0,0
9750,143,139,4,4
9751,190,171,19,19
9752,117,125,-8,8
9753,124,119,5,5
9754,78,92,-14,14
9755,90,94,-4,4
9756,49,48,1,1
9757,52,64,-12,12
9758,48,58,-10,10
9759,69,72,-3,3
9760,69,76,-7,7
9761,40,55,-15,15
9762,89,96,-7,7
9763,85,91,-6,6
9764,104,108,-4,4
9765,130,119,11,11
9766,110,95,15,15
9767,136,127,9,9
9768,91,82,9,9
9769,83,91,-8,8
9770,50,54,-4,4
9771,104,104,0,0
9772,83,82,1,1
9773,114,115,-1,1
9774,119,131,-12,12
9775,88,86,2,2
9776,68,93,-25,25
9777,84,104,-20,20
9778,93,77,16,16
9779,56,59,-3,3
9780,66,72,-6,6
9781,60,64,-4,4
9782,58,65,-7,7
9783,142,136,6,6
9784,197,178,19,19
9785,53,60,-7,7
9786,86,104,-18,18
9787,85,88,-3,3
9788,153,133,20,20
9789,58,63,-5,5
9790,78,79,-1,1
9791,159,148,11,11
9792,129,127,2,2
9793,115,116,-1,1
9794,64,68,-4,4
9795,142,136,6,6
9796,83,84,-1,1
9797,171,173,-2,2
9798,137,146,-9,9
9799,107,108,-1,1
9800,101,91,10,10
9801,75,70,5,5
9802,103,98,5,5
9803,80,82,-2,2
9804,51,61,-10,10
9805,92,85,7,7
9806,88,92,-4,4
9807,96,99,-3,3
9808,140,125,15,15
9809,107,107,0,0
9810,59,68,-9,9
9811,128,113,15,15
9812,80,78,2,2
9813,40,47,-7,7
9814,139,135,4,4
9815,79,73,6,6
9816,89,86,3,3
9817,127,122,5,5
9818,132,119,13,13
9819,104,107,-3,3
9820,100,92,8,8
9821,76,76,0,0
9822,182,146,36,36
9823,43,45,-2,2
9824,56,62,-6,6
9825,140,136,4,4
9826,98,103,-5,5
9827,66,79,-13,13
9828,52,52,0,0
9829,100,101,-1,1
9830,131,115,16,16
9831,47,34,13,13
9832,57,61,-4,4
9833,58,65,-7,7
9834,100,97,3,3
9835,143,146,-3,3
9836,81,76,5,5
9837,130,114,16,16
9838,63,74,-11,11
9839,84,104,-20,20
9840,86,90,-4,4
9841,118,117,1,1
9842,109,103,6,6
9843,176,174,2,2
9844,68,72,-4,4
9845,102,104,-2,2
9846,65,65,0,0
9847,88,95,-7,7
9848,127,116,11,11
9849,56,57,-1,1
9850,104,104,0,0
9851,105,95,10,10
9852,84,84,0,0
9853,27,67,-40,40
9854,95,99,-4,4
9855,77,82,-5,5
9856,192,196,-4,4
9857,78,73,5,5
9858,122,124,-2,2
9859,80,85,-5,5
9860,94,85,9,9
9861,126,122,4,4
9862,44,51,-7,7
9863,73,81,-8,8
9864,104,85,19,19
9865,71,70,1,1
9866,65,74,-9,9
9867,96,87,9,9
9868,116,97,19,19
9869,103,107,-4,4
9870,129,126,3,3
9871,143,137,6,6
9872,100,117,-17,17
9873,133,119,14,14
9874,64,66,-2,2
9875,121,115,6,6
9876,61,70,-9,9
9877,55,66,-11,11
9878,49,52,-3,3
9879,86,85,1,1
9880,85,84,1,1
9881,61,65,-4,4
9882,128,132,-4,4
9883,91,81,10,10
9884,99,85,14,14
9885,92,94,-2,2
9886,179,170,9,9
9887,114,104,10,10
9888,66,65,1,1
9889,78,91,-13,13
9890,69,74,-5,5
9891,121,115,6,6
9892,85,75,10,10
9893,110,126,-16,16
9894,92,97,-5,5
9895,117,110,7,7
9896,174,160,14,14
9897,135,130,5,5
9898,64,64,0,0
9899,75,72,3,3
9900,97,108,-11,11
9901,120,125,-5,5
9902,102,97,5,5
9903,91,92,-1,1
9904,70,75,-5,5
9905,64,75,-11,11
9906,49,55,-6,6
9907,94,103,-9,9
9908,71,82,-11,11
9909,136,159,-23,23
9910,68,73,-5,5
9911,122,119,3,3
9912,73,74,-1,1
9913,114,115,-1,1
9914,98,102,-4,4
9915,104,101,3,3
9916,103,99,4,4
9917,108,103,5,5
9918,127,119,8,8
9919,130,132,-2,2
9920,95,98,-3,3
9921,89,84,5,5
9922,73,76,-3,3
9923,157,136,21,21
9924,103,97,6,6
9925,105,104,1,1
9926,112,105,7,7
9927,109,104,5,5
9928,79,80,-1,1
9929,92,113,-21,21
9930,72,68,4,4
9931,48,57,-9,9
9932,98,93,5,5
9933,111,111,0,0
9934,119,110,9,9
9935,139,120,19,19
9936,55,72,-17,17
9937,107,109,-2,2
9938,135,144,-9,9
9939,102,97,5,5
9940,88,95,-7,7
9941,105,115,-10,10
9942,136,121,15,15
9943,82,91,-9,9
9944,67,71,-4,4
9945,123,118,5,5
9946,120,117,3,3
9947,94,103,-9,9
9948,51,56,-5,5
9949,95,91,4,4
9950,92,95,-3,3
9951,154,129,25,25
9952,76,83,-7,7
9953,59,61,-2,2
9954,153,137,16,16
9955,66,77,-11,11
9956,96,103,-7,7
9957,131,124,7,7
9958,81,82,-1,1
9959,80,88,-8,8
9960,59,66,-7,7
9961,72,76,-4,4
9962,148,144,4,4
9963,123,138,-15,15
9964,72,71,1,1
9965,59,66,-7,7
9966,145,141,4,4
9967,95,100,-5,5
9968,125,122,3,3
9969,79,82,-3,3
9970,79,82,-3,3
9971,68,75,-7,7
9972,135,132,3,3
9973,96,98,-2,2
9974,64,69,-5,5
9975,62,61,1,1
9976,102,101,1,1
9977,141,131,10,10
9978,82,75,7,7
9979,84,77,7,7
9980,85,91,-6,6
9981,77,82,-5,5
9982,107,104,3,3
9983,94,95,-1,1
9984,84,76,8,8
9985,90,91,-1,1
9986,127,126,1,1
9987,94,96,-2,2
9988,142,156,-14,14
9989,88,98,-10,10
9990,104,102,2,2
9991,66,71,-5,5
9992,48,53,-5,5
9993,76,75,1,1
9994,105,103,2,2
9995,62,62,0,0
9996,82,85,-3,3
9997,123,125,-2,2
9998,88,97,-9,9
9999,68,68,0,0
10000,171,153,18,18
10001,134,124,10,10
10002,81,81,0,0
10003,66,73,-7,7
10004,49,57,-8,8
10005,92,101,-9,9
10006,121,115,6,6
10007,133,126,7,7
10008,147,135,12,12
10009,81,84,-3,3
10010,69,73,-4,4
10011,83,86,-3,3
10012,88,91,-3,3
10013,59,56,3,3
10014,91,98,-7,7
10015,153,155,-2,2
10016,114,107,7,7
10017,77,90,-13,13
10018,85,74,11,11
10019,80,79,1,1
10020,74,74,0,0
10021,169,155,14,14
10022,108,107,1,1
10023,121,126,-5,5
10024,83,91,-8,8
10025,56,57,-1,1
10026,74,77,-3,3
10027,53,65,-12,12
10028,80,90,-10,10
10029,79,84,-5,5
10030,117,112,5,5
10031,174,159,15,15
10032,77,74,3,3
10033,114,100,14,14
10034,79,83,-4,4
10035,158,147,11,11
10036,80,82,-2,2
10037,90,115,-25,25
10038,111,107,4,4
10039,155,138,17,17
10040,55,63,-8,8
10041,74,77,-3,3
10042,62,70,-8,8
10043,138,134,4,4
10044,143,152,-9,9
10045,113,114,-1,1
10046,100,102,-2,2
10047,115,97,18,18
10048,49,54,-5,5
10049,139,140,-1,1
10050,114,116,-2,2
10051,125,129,-4,4
10052,61,65,-4,4
10053,136,129,7,7
10054,77,74,3,3
10055,211,183,28,28
10056,66,62,4,4
10057,111,105,6,6
10058,122,123,-1,1
10059,139,132,7,7
10060,121,113,8,8
10061,108,116,-8,8
10062,85,96,-11,11
10063,110,105,5,5
10064,62,74,-12,12
10065,107,102,5,5
10066,49,53,-4,4
10067,82,86,-4,4
10068,92,94,-2,2
10069,59,65,-6,6
10070,56,60,-4,4
10071,105,102,3,3
10072,61,68,-7,7
10073,95,105,-10,10
10074,56,63,-7,7
10075,148,149,-1,1
10076,123,129,-6,6
10077,111,117,-6,6
10078,75,74,1,1
10079,139,147,-8,8
10080,68,73,-5,5
10081,90,90,0,0
10082,150,150,0,0
10083,133,115,18,18
10084,49,60,-11,11
10085,62,67,-5,5
10086,111,104,7,7
10087,117,116,1,1
10088,151,146,5,5
10089,100,97,3,3
10090,42,56,-14,14
10091,78,79,-1,1
10092,48,55,-7,7
10093,118,107,11,11
10094,70,69,1,1
10095,117,128,-11,11
10096,61,85,-24,24
10097,94,103,-9,9
10098,78,82,-4,4
10099,170,158,12,12
10100,68,67,1,1
10101,78,74,4,4
10102,47,54,-7,7
10103,130,109,21,21
10104,80,76,4,4
10105,70,79,-9,9
10106,49,54,-5,5
10107,117,113,4,4
10108,86,92,-6,6
10109,82,79,3,3
10110,54,58,-4,4
10111,160,154,6,6
10112,78,95,-17,17
10113,82,84,-2,2
10114,59,59,0,0
10115,115,116,-1,1
10116,86,92,-6,6
10117,119,106,13,13
10118,116,117,-1,1
10119,90,100,-10,10
10120,75,80,-5,5
10121,81,81,0,0
10122,87,94,-7,7
10123,108,105,3,3
10124,50,55,-5,5
10125,53,58,-5,5
10126,130,141,-11,11
10127,125,116,9,9
10128,118,113,5,5
10129,112,108,4,4
10130,62,70,-8,8
10131,105,105,0,0
10132,90,103,-13,13
10133,143,140,3,3
10134,58,60,-2,2
10135,64,72,-8,8
10136,108,102,6,6
10137,98,85,13,13
10138,136,128,8,8
10139,101,114,-13,13
10140,85,92,-7,7
10141,92,100,-8,8
10142,144,130,14,14
10143,80,85,-5,5
10144,110,100,10,10
10145,66,67,-1,1
10146,73,73,0,0
10147,59,61,-2,2
10148,88,92,-4,4
10149,74,84,-10,10
10150,61,69,-8,8
10151,125,118,7,7
10152,55,57,-2,2
10153,115,114,1,1
10154,58,67,-9,9
10155,76,84,-8,8
10156,137,139,-2,2
10157,81,77,4,4
10158,116,116,0,0
10159,81,80,1,1
10160,94,92,2,2
10161,78,94,-16,16
10162,80,79,1,1
10163,99,96,3,3
10164,118,112,6,6
10165,137,129,8,8
10166,98,107,-9,9
10167,71,70,1,1
10168,83,91,-8,8
10169,132,140,-8,8
10170,69,72,-3,3
10171,119,113,6,6
10172,101,108,-7,7
10173,92,98,-6,6
10174,74,73,1,1
10175,95,98,-3,3
10176,67,71,-4,4
10177,50,61,-11,11
10178,106,102,4,4
10179,102,98,4,4
10180,359,241,118,118
10181,58,65,-7,7
10182,94,93,1,1
10183,90,83,7,7
10184,88,87,1,1
10185,105,95,10,10
10186,75,76,-1,1
10187,89,92,-3,3
10188,86,86,0,0
10189,133,127,6,6
10190,35,43,-8,8
10191,88,84,4,4
10192,177,156,21,21
10193,100,97,3,3
10194,65,65,0,0
10195,104,103,1,1
10196,67,67,0,0
10197,86,91,-5,5
10198,123,113,10,10
10199,108,104,4,4
10200,84,85,-1,1
10201,54,65,-11,11
10202,95,95,0,0
10203,86,84,2,2
10204,70,84,-14,14
10205,84,80,4,4
10206,107,108,-1,1
10207,45,54,-9,9
10208,85,92,-7,7
10209,79,79,0,0
10210,125,123,2,2
10211,92,91,1,1
10212,74,78,-4,4
10213,139,139,0,0
10214,84,84,0,0
10215,103,116,-13,13
10216,60,72,-12,12
10217,78,83,-5,5
10218,69,56,13,13
10219,131,128,3,3
10220,102,99,3,3
10221,69,72,-3,3
10222,58,66,-8,8
10223,43,49,-6,6
10224,29,35,-6,6
10225,86,93,-7,7
10226,114,115,-1,1
10227,38,51,-13,13
10228,113,124,-11,11
10229,74,90,-16,16
10230,67,70,-3,3
10231,221,212,9,9
10232,103,89,14,14
10233,224,208,16,16
10234,82,97,-15,15
10235,104,102,2,2
10236,115,106,9,9
10237,70,91,-21,21
10238,92,93,-1,1
10239,118,112,6,6
10240,159,137,22,22
10241,124,109,15,15
10242,165,138,27,27
10243,118,126,-8,8
10244,79,72,7,7
10245,113,108,5,5
10246,61,65,-4,4
10247,112,112,0,0
10248,68,70,-2,2
10249,71,79,-8,8
10250,127,118,9,9
10251,82,83,-1,1
10252,63,67,-4,4
10253,189,191,-2,2
10254,73,82,-9,9
10255,76,72,4,4
10256,99,106,-7,7
10257,131,127,4,4
10258,88,93,-5,5
10259,61,68,-7,7
10260,135,127,8,8
10261,52,59,-7,7
10262,114,114,0,0
10263,82,83,-1,1
10264,106,104,2,2
10265,102,114,-12,12
10266,105,115,-10,10
10267,77,85,-8,8
10268,66,66,0,0
10269,129,117,12,12
10270,73,78,-5,5
10271,77,77,0,0
10272,70,73,-3,3
10273,40,42,-2,2
10274,55,69,-14,14
10275,130,137,-7,7
10276,168,150,18,18
10277,76,69,7,7
10278,136,130,6,6
10279,104,110,-6,6
10280,52,59,-7,7
10281,151,138,13,13
10282,74,78,-4,4
10283,60,72,-12,12
10284,90,91,-1,1
10285,81,77,4,4
10286,118,117,1,1
10287,96,95,1,1
10288,96,93,3,3
10289,151,145,6,6
10290,125,116,9,9
10291,73,69,4,4
10292,107,104,3,3
10293,113,113,0,0
10294,118,128,-10,10
10295,71,82,-11,11
10296,68,72,-4,4
10297,65,71,-6,6
10298,48,59,-11,11
10299,73,78,-5,5
10300,86,109,-23,23
10301,45,49,-4,4
10302,87,90,-3,3
10303,113,110,3,3
10304,137,135,2,2
10305,114,118,-4,4
10306,61,67,-6,6
10307,106,94,12,12
10308,128,128,0,0
10309,111,113,-2,2
10310,100,98,2,2
10311,100,94,6,6
10312,133,138,-5,5
10313,96,98,-2,2
10314,133,129,4,4
10315,130,127,3,3
10316,78,83,-5,5
10317,130,112,18,18
10318,110,117,-7,7
10319,75,84,-9,9
10320,144,143,1,1
10321,81,91,-10,10
10322,63,72,-9,9
10323,122,120,2,2
10324,119,123,-4,4
10325,99,100,-1,1
10326,111,109,2,2
10327,143,123,20,20
10328,104,115,-11,11
10329,93,92,1,1
10330,72,82,-10,10
10331,79,90,-11,11
10332,128,129,-1,1
10333,99,99,0,0
10334,76,86,-10,10
10335,100,103,-3,3
10336,70,73,-3,3
10337,148,149,-1,1
10338,68,70,-2,2
10339,100,111,-11,11
10340,74,90,-16,16
10341,86,84,2,2
10342,93,89,4,4
10343,138,120,18,18
10344,149,157,-8,8
10345,65,66,-1,1
10346,89,97,-8,8
10347,117,89,28,28
10348,98,91,7,7
10349,127,124,3,3
10350,106,102,4,4
10351,68,68,0,0
10352,160,137,23,23
10353,83,95,-12,12
10354,129,115,14,14
10355,117,103,14,14
10356,74,90,-16,16
10357,101,100,1,1
10358,113,109,4,4
10359,121,112,9,9
10360,122,125,-3,3
10361,117,113,4,4
10362,131,134,-3,3
10363,68,65,3,3
10364,86,97,-11,11
10365,97,94,3,3
10366,125,117,8,8
10367,65,73,-8,8
10368,49,50,-1,1
10369,81,82,-1,1
10370,103,105,-2,2
10371,110,105,5,5
10372,86,92,-6,6
10373,103,102,1,1
10374,103,105,-2,2
10375,59,64,-5,5
10376,119,107,12,12
10377,40,42,-2,2
10378,102,106,-4,4
10379,120,112,8,8
10380,103,104,-1,1
10381,101,99,2,2
10382,106,104,2,2
10383,110,109,1,1
10384,82,80,2,2
10385,88,84,4,4
10386,174,168,6,6
10387,99,93,6,6
10388,66,72,-6,6
10389,105,107,-2,2
10390,59,64,-5,5
10391,128,114,14,14
10392,53,66,-13,13
10393,123,128,-5,5
10394,88,92,-4,4
10395,80,81,-1,1
10396,72,85,-13,13
10397,73,81,-8,8
10398,60,64,-4,4
10399,88,92,-4,4
10400,82,83,-1,1
10401,156,143,13,13
10402,163,140,23,23
10403,73,72,1,1
10404,105,95,10,10
10405,137,119,18,18
10406,74,76,-2,2
10407,85,82,3,3
10408,71,76,-5,5
10409,56,65,-9,9
10410,95,91,4,4
10411,48,53,-5,5
10412,113,114,-1,1
10413,96,95,1,1
10414,111,112,-1,1
10415,80,113,-33,33
10416,44,51,-7,7
10417,73,73,0,0
10418,132,113,19,19
10419,100,91,9,9
10420,126,119,7,7
10421,77,87,-10,10
10422,81,95,-14,14
10423,68,64,4,4
10424,73,94,-21,21
10425,100,99,1,1
10426,98,90,8,8
10427,60,61,-1,1
10428,110,108,2,2
10429,102,102,0,0
10430,75,75,0,0
10431,138,138,0,0
10432,81,78,3,3
10433,108,112,-4,4
10434,148,136,12,12
10435,59,60,-1,1
10436,88,96,-8,8
10437,104,90,14,14
10438,72,68,4,4
10439,82,87,-5,5
10440,93,93,0,0
10441,93,87,6,6
10442,160,153,7,7
10443,129,126,3,3
10444,113,114,-1,1
10445,116,97,19,19
10446,119,117,2,2
10447,86,84,2,2
10448,44,32,12,12
10449,76,72,4,4
10450,61,71,-10,10
10451,80,94,-14,14
10452,99,91,8,8
10453,87,103,-16,16
10454,117,113,4,4
10455,50,70,-20,20
10456,150,137,13,13
10457,123,109,14,14
10458,100,78,22,22
10459,147,138,9,9
10460,185,182,3,3
10461,59,61,-2,2
10462,81,76,5,5
10463,61,76,-15,15
10464,126,119,7,7
10465,82,85,-3,3
10466,100,98,2,2
10467,81,77,4,4
10468,39,43,-4,4
10469,77,74,3,3
10470,51,54,-3,3
10471,98,105,-7,7
10472,133,141,-8,8
10473,80,83,-3,3
10474,151,127,24,24
10475,88,82,6,6
10476,55,59,-4,4
10477,72,80,-8,8
10478,75,85,-10,10
10479,77,74,3,3
10480,81,73,8,8
10481,144,140,4,4
10482,121,104,17,17
10483,57,60,-3,3
10484,69,85,-16,16
10485,99,101,-2,2
10486,64,74,-10,10
10487,130,111,19,19
10488,106,106,0,0
10489,72,76,-4,4
10490,67,75,-8,8
10491,68,70,-2,2
10492,79,90,-11,11
10493,81,84,-3,3
10494,69,72,-3,3
10495,67,70,-3,3
10496,73,74,-1,1
10497,39,48,-9,9
10498,112,120,-8,8
10499,71,76,-5,5
10500,132,119,13,13
10501,133,134,-1,1
10502,95,96,-1,1
10503,112,105,7,7
10504,112,101,11,11
10505,99,112,-13,13
10506,71,80,-9,9
10507,127,139,-12,12
10508,89,97,-8,8
10509,87,90,-3,3
10510,124,115,9,9
10511,66,70,-4,4
10512,92,96,-4,4
10513,80,76,4,4
10514,94,96,-2,2
10515,146,148,-2,2
10516,139,135,4,4
10517,136,129,7,7
10518,63,66,-3,3
10519,54,61,-7,7
10520,171,156,15,15
10521,91,90,1,1
10522,170,152,18,18
10523,147,139,8,8
10524,70,70,0,0
10525,140,139,1,1
10526,117,118,-1,1
10527,72,73,-1,1
10528,132,125,7,7
10529,63,70,-7,7
10530,102,107,-5,5
10531,81,87,-6,6
10532,90,92,-2,2
10533,87,93,-6,6
10534,127,120,7,7
10535,56,64,-8,8
10536,44,49,-5,5
10537,122,116,6,6
10538,111,106,5,5
10539,66,73,-7,7
10540,110,115,-5,5
10541,101,101,0,0
10542,119,121,-2,2
10543,75,87,-12,12
10544,65,65,0,0
10545,55,62,-7,7
10546,76,85,-9,9
10547,70,73,-3,3
10548,157,177,-20,20
10549,27,30,-3,3
10550,83,80,3,3
10551,125,117,8,8
10552,95,102,-7,7
10553,86,80,6,6
10554,116,114,2,2
10555,66,68,-2,2
10556,144,158,-14,14
10557,96,104,-8,8
10558,94,97,-3,3
10559,37,44,-7,7
10560,195,174,21,21
10561,108,107,1,1
10562,130,130,0,0
10563,78,83,-5,5
10564,57,65,-8,8
10565,72,70,2,2
10566,57,72,-15,15
10567,90,103,-13,13
10568,67,60,7,7
10569,157,154,3,3
10570,57,65,-8,8
10571,94,96,-2,2
10572,69,79,-10,10
10573,86,91,-5,5
10574,58,61,-3,3
10575,105,104,1,1
10576,74,73,1,1
10577,116,113,3,3
10578,78,75,3,3
10579,115,110,5,5
10580,64,68,-4,4
10581,127,117,10,10
10582,77,80,-3,3
10583,99,94,5,5
10584,68,73,-5,5
10585,101,113,-12,12
10586,88,84,4,4
10587,121,115,6,6
10588,100,103,-3,3
10589,87,74,13,13
10590,80,74,6,6
10591,43,51,-8,8
10592,103,109,-6,6
10593,149,133,16,16
10594,67,78,-11,11
10595,110,109,1,1
10596,127,111,16,16
10597,55,60,-5,5
10598,133,122,11,11
10599,82,85,-3,3
10600,45,45,0,0
10601,59,63,-4,4
10602,120,115,5,5
10603,103,109,-6,6
10604,145,143,2,2
10605,119,121,-2,2
10606,75,84,-9,9
10607,74,72,2,2
10608,109,110,-1,1
10609,148,141,7,7
10610,80,83,-3,3
10611,68,70,-2,2
10612,116,116,0,0
10613,114,106,8,8
10614,100,103,-3,3
10615,72,74,-2,2
10616,119,136,-17,17
10617,96,90,6,6
10618,58,65,-7,7
10619,132,136,-4,4
10620,169,163,6,6
10621,70,73,-3,3
10622,90,90,0,0
10623,93,94,-1,1
10624,107,124,-17,17
10625,124,114,10,10
10626,43,49,-6,6
10627,102,98,4,4
10628,107,106,1,1
10629,61,70,-9,9
10630,62,68,-6,6
10631,72,72,0,0
10632,129,123,6,6
10633,74,75,-1,1
10634,81,78,3,3
10635,107,103,4,4
10636,79,76,3,3
10637,43,41,2,2
10638,72,77,-5,5
10639,102,91,11,11
10640,93,90,3,3
10641,90,92,-2,2
10642,66,63,3,3
10643,125,116,9,9
10644,73,74,-1,1
10645,78,74,4,4
10646,49,55,-6,6
10647,81,75,6,6
10648,74,81,-7,7
10649,78,77,1,1
10650,82,83,-1,1
10651,92,109,-17,17
10652,110,90,20,20
10653,96,95,1,1
10654,83,92,-9,9
10655,143,138,5,5
10656,88,82,6,6
10657,111,108,3,3
10658,54,58,-4,4
10659,66,71,-5,5
10660,68,82,-14,14
10661,57,65,-8,8
10662,169,141,28,28
10663,63,75,-12,12
10664,131,137,-6,6
10665,102,104,-2,2
10666,47,53,-6,6
10667,58,69,-11,11
10668,127,118,9,9
10669,100,97,3,3
10670,109,110,-1,1
10671,109,105,4,4
10672,92,92,0,0
10673,93,94,-1,1
10674,64,67,-3,3
10675,95,101,-6,6
10676,97,94,3,3
10677,87,93,-6,6
10678,65,70,-5,5
10679,84,85,-1,1
10680,140,118,22,22
10681,88,84,4,4
10682,56,58,-2,2
10683,131,125,6,6
10684,107,106,1,1
10685,93,90,3,3
10686,125,117,8,8
10687,204,187,17,17
10688,128,118,10,10
10689,80,78,2,2
10690,161,177,-16,16
10691,114,110,4,4
10692,96,81,15,15
10693,79,83,-4,4
10694,60,65,-5,5
10695,176,161,15,15
10696,41,45,-4,4
10697,50,59,-9,9
10698,45,50,-5,5
10699,168,140,28,28
10700,65,67,-2,2
10701,57,51,6,6
10702,98,99,-1,1
10703,77,81,-4,4
10704,84,83,1,1
10705,76,80,-4,4
10706,75,91,-16,16
10707,93,96,-3,3
10708,71,103,-32,32
10709,87,83,4,4
10710,65,70,-5,5
10711,130,117,13,13
10712,74,67,7,7
10713,34,42,-8,8
10714,129,110,19,19
10715,114,117,-3,3
10716,70,70,0,0
10717,50,63,-13,13
10718,93,87,6,6
10719,55,56,-1,1
10720,94,84,10,10
10721,46,42,4,4
10722,50,52,-2,2
10723,104,97,7,7
10724,118,115,3,3
10725,102,103,-1,1
10726,84,88,-4,4
10727,165,169,-4,4
10728,97,100,-3,3
10729,92,96,-4,4
10730,89,77,12,12
10731,76,81,-5,5
10732,75,94,-19,19
10733,142,139,3,3
10734,96,99,-3,3
10735,145,146,-1,1
10736,87,94,-7,7
10737,64,67,-3,3
10738,48,65,-17,17
10739,94,92,2,2
10740,69,67,2,2
10741,66,65,1,1
10742,131,119,12,12
10743,98,94,4,4
10744,94,97,-3,3
10745,65,71,-6,6
10746,89,94,-5,5
10747,128,122,6,6
10748,144,134,10,10
10749,53,66,-13,13
10750,108,111,-3,3
10751,29,42,-13,13
10752,58,62,-4,4
10753,94,103,-9,9
10754,74,75,-1,1
10755,133,128,5,5
10756,75,75,0,0
10757,87,83,4,4
10758,133,128,5,5
10759,74,71,3,3
10760,80,82,-2,2
10761,52,56,-4,4
10762,116,113,3,3
10763,158,150,8,8
10764,224,200,24,24
10765,97,98,-1,1
10766,128,122,6,6
10767,102,102,0,0
10768,114,105,9,9
10769,41,47,-6,6
10770,86,88,-2,2
10771,42,52,-10,10
10772,111,107,4,4
10773,142,141,1,1
10774,68,72,-4,4
10775,65,65,0,0
10776,116,121,-5,5
10777,91,89,2,2
10778,157,147,10,10
10779,140,134,6,6
10780,126,115,11,11
10781,77,74,3,3
10782,86,92,-6,6
10783,102,106,-4,4
10784,95,93,2,2
10785,64,68,-4,4
10786,103,117,-14,14
10787,55,68,-13,13
10788,77,84,-7,7
10789,160,146,14,14
10790,58,65,-7,7
10791,191,187,4,4
10792,121,123,-2,2
10793,77,71,6,6
10794,161,148,13,13
10795,65,67,-2,2
10796,80,97,-17,17
10797,77,84,-7,7
10798,67,80,-13,13
10799,51,54,-3,3
10800,76,76,0,0
10801,155,139,16,16
10802,96,90,6,6
10803,65,70,-5,5
10804,98,99,-1,1
10805,101,102,-1,1
10806,49,48,1,1
10807,112,106,6,6
10808,81,67,14,14
10809,49,54,-5,5
10810,65,67,-2,2
10811,90,87,3,3
10812,126,115,11,11
10813,48,53,-5,5
10814,120,117,3,3
10815,55,62,-7,7
10816,75,91,-16,16
10817,83,102,-19,19
10818,135,126,9,9
10819,131,128,3,3
10820,117,122,-5,5
10821,88,83,5,5
10822,92,94,-2,2
10823,90,103,-13,13
10824,98,103,-5,5
10825,101,99,2,2
10826,138,137,1,1
10827,84,92,-8,8
10828,104,106,-2,2
10829,98,112,-14,14
10830,87,92,-5,5
10831,102,106,-4,4
10832,81,85,-4,4
10833,75,81,-6,6
10834,145,133,12,12
10835,114,109,5,5
10836,63,69,-6,6
10837,51,56,-5,5
10838,109,107,2,2
10839,69,70,-1,1
10840,87,100,-13,13
10841,72,69,3,3
10842,114,114,0,0
10843,96,85,11,11
10844,140,147,-7,7
10845,171,160,11,11
10846,97,100,-3,3
10847,77,78,-1,1
10848,125,107,18,18
10849,75,76,-1,1
10850,98,105,-7,7
10851,118,115,3,3
10852,120,115,5,5
10853,69,72,-3,3
10854,57,61,-4,4
10855,129,114,15,15
10856,127,119,8,8
10857,81,87,-6,6
10858,102,106,-4,4
10859,154,141,13,13
10860,116,110,6,6
10861,47,49,-2,2
10862,124,115,9,9
10863,124,115,9,9
10864,138,125,13,13
10865,82,88,-6,6
10866,120,112,8,8
10867,114,103,11,11
10868,90,93,-3,3
10869,88,90,-2,2
10870,53,57,-4,4
10871,84,79,5,5
10872,80,82,-2,2
10873,147,136,11,11
10874,79,90,-11,11
10875,115,107,8,8
10876,80,82,-2,2
10877,117,113,4,4
10878,123,117,6,6
10879,54,67,-13,13
10880,93,92,1,1
10881,145,138,7,7
10882,128,133,-5,5
10883,73,76,-3,3
10884,51,55,-4,4
10885,65,69,-4,4
10886,102,111,-9,9
10887,95,102,-7,7
10888,58,60,-2,2
10889,49,64,-15,15
10890,113,110,3,3
10891,121,125,-4,4
10892,148,144,4,4
10893,139,140,-1,1
10894,96,108,-12,12
10895,143,132,11,11
10896,92,100,-8,8
10897,78,75,3,3
10898,11,32,-21,21
10899,66,72,-6,6
10900,79,80,-1,1
10901,70,73,-3,3
10902,67,73,-6,6
10903,77,79,-2,2
10904,144,138,6,6
10905,84,90,-6,6
10906,50,52,-2,2
10907,79,74,5,5
10908,90,102,-12,12
10909,62,60,2,2
10910,134,146,-12,12
10911,110,106,4,4
10912,78,102,-24,24
10913,142,126,16,16
10914,79,85,-6,6
10915,143,136,7,7
10916,80,90,-10,10
10917,37,39,-2,2
10918,70,69,1,1
10919,96,102,-6,6
10920,135,140,-5,5
10921,76,75,1,1
10922,181,167,14,14
10923,105,110,-5,5
10924,49,51,-2,2
10925,65,75,-10,10
10926,139,128,11,11
10927,38,44,-6,6
10928,83,93,-10,10
10929,56,67,-11,11
10930,120,105,15,15
10931,109,110,-1,1
10932,160,152,8,8
10933,117,127,-10,10
10934,92,99,-7,7
10935,99,98,1,1
10936,114,112,2,2
10937,70,65,5,5
10938,93,98,-5,5
10939,112,106,6,6
10940,118,107,11,11
10941,72,69,3,3
10942,51,63,-12,12
10943,119,105,14,14
10944,85,84,1,1
10945,101,110,-9,9
10946,78,84,-6,6
10947,75,76,-1,1
10948,69,81,-12,12
10949,120,115,5,5
10950,72,73,-1,1
10951,64,82,-18,18
10952,80,79,1,1
10953,80,91,-11,11
10954,75,74,1,1
10955,76,76,0,0
10956,157,138,19,19
10957,80,100,-20,20
10958,117,117,0,0
10959,103,95,8,8
10960,129,112,17,17
10961,139,133,6,6
10962,98,99,-1,1
10963,87,85,2,2
10964,165,144,21,21
10965,73,81,-8,8
10966,137,134,3,3
10967,150,153,-3,3
10968,74,83,-9,9
10969,157,146,11,11
10970,82,100,-18,18
10971,74,71,3,3
10972,37,32,5,5
10973,95,96,-1,1
10974,104,102,2,2
10975,124,126,-2,2
10976,37,48,-11,11
10977,80,104,-24,24
10978,80,94,-14,14
10979,88,85,3,3
10980,147,125,22,22
10981,65,73,-8,8
10982,101,103,-2,2
10983,93,95,-2,2
10984,71,73,-2,2
10985,64,62,2,2
10986,71,77,-6,6
10987,60,71,-11,11
10988,64,80,-16,16
10989,55,59,-4,4
10990,48,75,-27,27
10991,141,128,13,13
10992,95,96,-1,1
10993,58,64,-6,6
10994,95,94,1,1
10995,71,78,-7,7
10996,89,90,-1,1
10997,125,120,5,5
10998,170,173,-3,3
10999,153,152,1,1
11000,84,88,-4,4
11001,137,135,2,2
11002,81,77,4,4
11003,77,93,-16,16
11004,75,84,-9,9
11005,110,111,-1,1
11006,53,57,-4,4
11007,92,91,1,1
11008,105,116,-11,11
11009,55,64,-9,9
11010,85,99,-14,14
11011,141,128,13,13
11012,126,128,-2,2
11013,82,81,1,1
11014,124,116,8,8
11015,76,94,-18,18
11016,126,109,17,17
11017,56,63,-7,7
11018,65,68,-3,3
11019,91,100,-9,9
11020,65,72,-7,7
11021,84,90,-6,6
11022,95,99,-4,4
11023,109,100,9,9
11024,74,72,2,2
11025,60,59,1,1
11026,65,63,2,2
11027,77,77,0,0
11028,79,80,-1,1
11029,65,65,0,0
11030,110,109,1,1
11031,116,127,-11,11
11032,67,72,-5,5
11033,83,85,-2,2
11034,120,115,5,5
11035,157,127,30,30
11036,123,120,3,3
11037,80,81,-1,1
11038,99,110,-11,11
11039,88,83,5,5
11040,67,84,-17,17
11041,134,133,1,1
11042,76,75,1,1
11043,96,106,-10,10
11044,83,93,-10,10
11045,57,65,-8,8
11046,93,93,0,0
11047,60,64,-4,4
11048,85,87,-2,2
11049,62,74,-12,12
11050,110,110,0,0
11051,108,109,-1,1
11052,66,68,-2,2
11053,67,80,-13,13
11054,71,70,1,1
11055,79,79,0,0
11056,145,146,-1,1
11057,62,74,-12,12
11058,60,71,-11,11
11059,126,124,2,2
11060,120,120,0,0
11061,67,71,-4,4
11062,96,101,-5,5
11063,54,56,-2,2
11064,66,65,1,1
11065,101,103,-2,2
11066,83,77,6,6
11067,120,111,9,9
11068,186,178,8,8
11069,72,74,-2,2
11070,91,96,-5,5
11071,158,144,14,14
11072,67,73,-6,6
11073,118,102,16,16
11074,63,63,0,0
11075,105,103,2,2
11076,124,108,16,16
11077,108,93,15,15
11078,121,110,11,11
11079,39,39,0,0
11080,90,95,-5,5
11081,218,222,-4,4
11082,71,84,-13,13
11083,81,92,-11,11
11084,61,60,1,1
11085,86,81,5,5
11086,59,62,-3,3
11087,168,170,-2,2
11088,86,96,-10,10
11089,104,110,-6,6
11090,89,93,-4,4
11091,80,82,-2,2
11092,81,81,0,0
11093,87,83,4,4
11094,119,108,11,11
11095,136,125,11,11
11096,113,105,8,8
11097,68,78,-10,10
11098,86,74,12,12
11099,103,104,-1,1
11100,72,82,-10,10
11101,142,147,-5,5
11102,172,185,-13,13
11103,166,161,5,5
11104,96,107,-11,11
11105,106,123,-17,17
11106,125,119,6,6
11107,125,118,7,7
11108,75,103,-28,28
11109,94,90,4,4
11110,103,104,-1,1
11111,58,59,-1,1
11112,81,76,5,5
11113,133,117,16,16
11114,122,122,0,0
11115,99,106,-7,7
11116,67,71,-4,4
11117,126,117,9,9
11118,91,90,1,1
11119,73,79,-6,6
11120,89,96,-7,7
11121,124,138,-14,14
11122,68,60,8,8
11123,126,121,5,5
11124,76,81,-5,5
11125,167,146,21,21
11126,36,40,-4,4
11127,137,131,6,6
11128,93,93,0,0
11129,115,112,3,3
11130,125,116,9,9
11131,79,80,-1,1
11132,59,64,-5,5
11133,90,93,-3,3
11134,73,76,-3,3
11135,74,72,2,2
11136,111,105,6,6
11137,129,126,3,3
11138,80,80,0,0
11139,97,94,3,3
11140,83,83,0,0
11141,129,123,6,6
11142,120,117,3,3
11143,93,90,3,3
11144,95,106,-11,11
11145,101,103,-2,2
11146,93,97,-4,4
11147,112,126,-14,14
11148,103,104,-1,1
11149,60,67,-7,7
11150,95,109,-14,14
11151,62,57,5,5
11152,69,74,-5,5
11153,83,98,-15,15
11154,53,50,3,3
11155,98,91,7,7
11156,101,109,-8,8
11157,73,88,-15,15
11158,94,105,-11,11
11159,55,62,-7,7
11160,93,108,-15,15
11161,70,75,-5,5
11162,102,111,-9,9
11163,75,73,2,2
11164,77,70,7,7
11165,96,94,2,2
11166,93,103,-10,10
11167,78,87,-9,9
11168,155,141,14,14
11169,94,96,-2,2
11170,66,70,-4,4
11171,71,90,-19,19
11172,96,97,-1,1
11173,143,137,6,6
11174,60,63,-3,3
11175,79,85,-6,6
11176,93,93,0,0
11177,126,122,4,4
11178,128,117,11,11
11179,103,98,5,5
11180,95,95,0,0
11181,86,100,-14,14
11182,95,93,2,2
11183,68,69,-1,1
11184,102,108,-6,6
11185,74,76,-2,2
11186,94,119,-25,25
11187,83,68,15,15
11188,107,106,1,1
11189,65,65,0,0
11190,66,71,-5,5
11191,113,112,1,1
11192,164,148,16,16
11193,60,68,-8,8
11194,139,148,-9,9
11195,96,102,-6,6
11196,87,76,11,11
11197,113,110,3,3
11198,180,172,8,8
11199,106,104,2,2
11200,73,78,-5,5
11201,121,126,-5,5
11202,125,119,6,6
11203,62,69,-7,7
11204,56,55,1,1
11205,81,82,-1,1
11206,103,98,5,5
11207,107,102,5,5
11208,70,68,2,2
11209,107,100,7,7
11210,167,204,-37,37
11211,72,61,11,11
11212,123,114,9,9
11213,178,186,-8,8
11214,142,149,-7,7
11215,138,126,12,12
11216,148,127,21,21
11217,141,141,0,0
11218,119,127,-8,8
11219,67,72,-5,5
11220,126,138,-12,12
11221,35,80,-45,45
11222,86,93,-7,7
11223,82,96,-14,14
11224,135,161,-26,26
11225,111,105,6,6
11226,145,143,2,2
11227,99,83,16,16
11228,69,78,-9,9
11229,81,93,-12,12
11230,58,63,-5,5
11231,58,72,-14,14
11232,141,116,25,25
11233,75,73,2,2
11234,108,115,-7,7
11235,128,134,-6,6
11236,87,104,-17,17
11237,90,102,-12,12
11238,133,131,2,2
11239,73,73,0,0
11240,63,66,-3,3
11241,73,78,-5,5
11242,136,142,-6,6
11243,105,100,5,5
11244,60,66,-6,6
11245,102,101,1,1
11246,100,100,0,0
11247,57,63,-6,6
11248,71,72,-1,1
11249,76,75,1,1
11250,58,65,-7,7
11251,204,190,14,14
11252,96,96,0,0
11253,113,105,8,8
11254,114,97,17,17
11255,138,130,8,8
11256,79,91,-12,12
11257,142,129,13,13
11258,109,104,5,5
11259,141,136,5,5
11260,73,71,2,2
11261,89,84,5,5
11262,85,93,-8,8
11263,159,145,14,14
11264,107,105,2,2
11265,68,78,-10,10
11266,79,86,-7,7
11267,109,108,1,1
11268,78,73,5,5
11269,61,69,-8,8
11270,102,104,-2,2
11271,140,141,-1,1
11272,156,147,9,9
11273,155,148,7,7
11274,118,107,11,11
11275,85,82,3,3
11276,162,147,15,15
11277,105,107,-2,2
11278,100,103,-3,3
11279,102,94,8,8
11280,130,124,6,6
11281,55,63,-8,8
11282,69,81,-12,12
11283,89,83,6,6
11284,39,54,-15,15
11285,139,134,5,5
11286,94,95,-1,1
11287,79,72,7,7
11288,171,159,12,12
11289,139,129,10,10
11290,85,92,-7,7
11291,86,91,-5,5
11292,114,107,7,7
11293,134,125,9,9
11294,51,56,-5,5
11295,47,57,-10,10
11296,56,65,-9,9
11297,72,73,-1,1
11298,96,104,-8,8
11299,143,137,6,6
11300,115,101,14,14
11301,99,106,-7,7
11302,91,103,-12,12
11303,85,91,-6,6
11304,151,132,19,19
11305,42,56,-14,14
11306,125,118,7,7
11307,41,72,-31,31
11308,137,112,25,25
11309,100,99,1,1
11310,143,125,18,18
11311,174,170,4,4
11312,81,79,2,2
11313,106,103,3,3
11314,150,134,16,16
11315,66,73,-7,7
11316,119,115,4,4
11317,133,114,19,19
11318,58,66,-8,8
11319,90,94,-4,4
11320,111,109,2,2
11321,157,141,16,16
11322,106,104,2,2
11323,121,116,5,5
11324,61,66,-5,5
11325,111,108,3,3
11326,88,93,-5,5
11327,81,87,-6,6
11328,93,92,1,1
11329,77,80,-3,3
11330,163,140,23,23
11331,104,105,-1,1
11332,76,71,5,5
11333,52,57,-5,5
11334,87,97,-10,10
11335,104,104,0,0
11336,62,61,1,1
11337,112,114,-2,2
11338,76,83,-7,7
11339,129,124,5,5
11340,106,114,-8,8
11341,63,68,-5,5
11342,87,93,-6,6
11343,106,107,-1,1
11344,86,76,10,10
11345,88,91,-3,3
11346,89,93,-4,4
11347,71,76,-5,5
11348,116,106,10,10
11349,55,59,-4,4
11350,83,94,-11,11
11351,64,71,-7,7
11352,71,70,1,1
11353,128,115,13,13
11354,57,58,-1,1
11355,127,129,-2,2
11356,47,48,-1,1
11357,94,91,3,3
11358,60,60,0,0
11359,60,70,-10,10
11360,55,68,-13,13
11361,97,100,-3,3
11362,82,85,-3,3
11363,109,105,4,4
11364,111,105,6,6
11365,61,65,-4,4
11366,70,76,-6,6
11367,79,79,0,0
11368,107,107,0,0
11369,89,91,-2,2
11370,60,61,-1,1
11371,147,144,3,3
11372,83,83,0,0
11373,104,103,1,1
11374,134,138,-4,4
11375,88,90,-2,2
11376,35,42,-7,7
11377,117,127,-10,10
11378,78,80,-2,2
11379,149,137,12,12
11380,85,91,-6,6
11381,97,100,-3,3
11382,115,121,-6,6
11383,109,99,10,10
11384,81,82,-1,1
11385,81,93,-12,12
11386,93,102,-9,9
11387,123,127,-4,4
11388,95,96,-1,1
11389,102,97,5,5
11390,57,58,-1,1
11391,179,179,0,0
11392,126,128,-2,2
11393,62,66,-4,4
11394,65,75,-10,10
11395,109,104,5,5
11396,74,77,-3,3
11397,113,111,2,2
11398,121,113,8,8
11399,114,112,2,2
11400,63,68,-5,5
11401,103,104,-1,1
11402,80,75,5,5
11403,45,78,-33,33
11404,93,95,-2,2
11405,121,113,8,8
11406,166,164,2,2
11407,63,78,-15,15
11408,66,64,2,2
11409,55,78,-23,23
11410,116,116,0,0
11411,96,96,0,0
11412,76,75,1,1
11413,54,65,-11,11
11414,108,108,0,0
11415,51,57,-6,6
11416,109,104,5,5
11417,75,74,1,1
11418,86,96,-10,10
11419,82,94,-12,12
11420,36,44,-8,8
11421,64,75,-11,11
11422,119,106,13,13
11423,53,66,-13,13
11424,73,76,-3,3
11425,58,60,-2,2
11426,41,48,-7,7
11427,58,69,-11,11
11428,118,117,1,1
11429,134,125,9,9
11430,75,81,-6,6
11431,50,59,-9,9
11432,98,101,-3,3
11433,33,40,-7,7
11434,109,104,5,5
11435,79,85,-6,6
11436,60,62,-2,2
11437,100,104,-4,4
11438,85,75,10,10
11439,75,80,-5,5
11440,82,77,5,5
11441,57,62,-5,5
11442,164,161,3,3
11443,157,146,11,11
11444,76,74,2,2
11445,72,80,-8,8
11446,57,86,-29,29
11447,96,109,-13,13
11448,90,92,-2,2
11449,100,101,-1,1
11450,129,121,8,8
11451,91,91,0,0
11452,98,98,0,0
11453,102,102,0,0
11454,198,200,-2,2
11455,78,77,1,1
11456,60,65,-5,5
11457,173,166,7,7
11458,98,99,-1,1
11459,72,73,-1,1
11460,90,116,-26,26
11461,170,156,14,14
11462,163,150,13,13
11463,77,83,-6,6
11464,66,73,-7,7
11465,67,64,3,3
11466,66,90,-24,24
11467,99,90,9,9
11468,86,85,1,1
11469,85,91,-6,6
11470,71,74,-3,3
11471,136,125,11,11
11472,86,83,3,3
11473,60,66,-6,6
11474,119,117,2,2
11475,132,128,4,4
11476,114,117,-3,3
11477,66,68,-2,2
11478,147,135,12,12
11479,90,93,-3,3
11480,112,109,3,3
11481,68,65,3,3
11482,119,111,8,8
11483,121,114,7,7
11484,70,99,-29,29
11485,124,113,11,11
11486,47,56,-9,9
11487,70,83,-13,13
11488,80,74,6,6
11489,44,50,-6,6
11490,75,83,-8,8
11491,65,72,-7,7
11492,80,74,6,6
11493,95,100,-5,5
11494,124,116,8,8
11495,50,60,-10,10
11496,133,119,14,14
11497,77,81,-4,4
11498,105,108,-3,3
11499,70,71,-1,1
11500,86,91,-5,5
11501,97,90,7,7
11502,80,77,3,3
11503,98,101,-3,3
11504,106,107,-1,1
11505,74,72,2,2
11506,66,70,-4,4
11507,118,117,1,1
11508,110,102,8,8
11509,156,146,10,10
11510,67,68,-1,1
11511,170,139,31,31
11512,117,107,10,10
11513,101,101,0,0
11514,130,124,6,6
11515,93,103,-10,10
11516,105,102,3,3
11517,41,64,-23,23
11518,84,73,11,11
11519,59,63,-4,4
11520,141,132,9,9
11521,47,67,-20,20
11522,114,95,19,19
11523,137,129,8,8
11524,126,135,-9,9
11525,62,65,-3,3
11526,111,110,1,1
11527,74,78,-4,4
11528,81,76,5,5
11529,160,151,9,9
11530,102,103,-1,1
11531,91,85,6,6
11532,83,91,-8,8
11533,72,68,4,4
11534,68,75,-7,7
11535,126,113,13,13
11536,77,84,-7,7
11537,160,141,19,19
11538,106,108,-2,2
11539,81,86,-5,5
11540,170,139,31,31
11541,131,124,7,7
11542,50,66,-16,16
11543,115,110,5,5
11544,70,80,-10,10
11545,109,117,-8,8
11546,72,67,5,5
11547,74,82,-8,8
11548,67,72,-5,5
11549,81,76,5,5
11550,83,88,-5,5
11551,105,103,2,2
11552,95,105,-10,10
11553,133,122,11,11
11554,115,123,-8,8
11555,98,97,1,1
11556,55,48,7,7
11557,109,109,0,0
11558,50,63,-13,13
11559,145,133,12,12
11560,89,82,7,7
11561,85,90,-5,5
11562,85,90,-5,5
11563,65,87,-22,22
11564,86,90,-4,4
11565,105,95,10,10
11566,53,58,-5,5
11567,60,67,-7,7
11568,121,113,8,8
11569,52,68,-16,16
11570,53,61,-8,8
11571,164,159,5,5
11572,92,102,-10,10
11573,100,103,-3,3
11574,111,106,5,5
11575,67,68,-1,1
11576,169,158,11,11
11577,86,85,1,1
11578,51,47,4,4
11579,96,97,-1,1
11580,97,83,14,14
11581,82,73,9,9
11582,75,78,-3,3
11583,103,102,1,1
11584,91,90,1,1
11585,108,109,-1,1
11586,85,91,-6,6
11587,137,134,3,3
11588,88,94,-6,6
11589,167,155,12,12
11590,65,72,-7,7
11591,92,90,2,2
11592,98,92,6,6
11593,68,72,-4,4
11594,65,66,-1,1
11595,60,61,-1,1
11596,71,70,1,1
11597,50,55,-5,5
11598,79,82,-3,3
11599,102,101,1,1
11600,85,82,3,3
11601,69,72,-3,3
11602,105,108,-3,3
11603,114,107,7,7
11604,77,80,-3,3
11605,70,67,3,3
11606,80,82,-2,2
11607,137,142,-5,5
11608,105,101,4,4
11609,83,97,-14,14
11610,95,98,-3,3
11611,70,83,-13,13
11612,183,172,11,11
11613,50,60,-10,10
11614,164,154,10,10
11615,125,116,9,9
11616,90,93,-3,3
11617,108,107,1,1
11618,150,139,11,11
11619,90,84,6,6
11620,73,74,-1,1
11621,86,98,-12,12
11622,91,103,-12,12
11623,108,106,2,2
11624,120,109,11,11
11625,127,118,9,9
11626,65,65,0,0
11627,121,96,25,25
11628,80,75,5,5
11629,89,75,14,14
11630,81,78,3,3
11631,96,76,20,20
11632,119,115,4,4
11633,118,116,2,2
11634,128,128,0,0
11635,56,73,-17,17
11636,56,66,-10,10
11637,86,86,0,0
11638,79,77,2,2
11639,116,103,13,13
11640,69,73,-4,4
11641,111,96,15,15
11642,81,96,-15,15
11643,56,60,-4,4
11644,119,121,-2,2
11645,82,76,6,6
11646,81,78,3,3
11647,136,117,19,19
11648,127,127,0,0
11649,108,113,-5,5
11650,129,128,1,1
11651,74,97,-23,23
11652,63,81,-18,18
11653,168,152,16,16
11654,100,105,-5,5
11655,66,73,-7,7
11656,70,81,-11,11
11657,101,100,1,1
11658,112,101,11,11
11659,102,93,9,9
11660,124,119,5,5
11661,82,84,-2,2
11662,94,100,-6,6
11663,70,82,-12,12
11664,72,78,-6,6
11665,67,71,-4,4
11666,117,126,-9,9
11667,47,49,-2,2
11668,110,101,9,9
11669,93,94,-1,1
11670,64,66,-2,2
11671,134,132,2,2
11672,66,65,1,1
11673,69,65,4,4
11674,99,105,-6,6
11675,137,128,9,9
11676,58,66,-8,8
11677,85,82,3,3
11678,94,92,2,2
11679,104,104,0,0
11680,108,104,4,4
11681,89,85,4,4
11682,176,161,15,15
11683,88,93,-5,5
11684,46,55,-9,9
11685,94,100,-6,6
11686,162,156,6,6
11687,92,92,0,0
11688,96,96,0,0
11689,124,122,2,2
11690,74,82,-8,8
11691,68,78,-10,10
11692,67,73,-6,6
11693,90,99,-9,9
11694,87,94,-7,7
11695,86,82,4,4
11696,68,72,-4,4
11697,90,89,1,1
11698,77,87,-10,10
11699,126,106,20,20
11700,126,117,9,9
11701,94,103,-9,9
11702,172,163,9,9
11703,63,93,-30,30
11704,101,100,1,1
11705,148,139,9,9
11706,87,95,-8,8
11707,127,115,12,12
11708,121,104,17,17
11709,142,148,-6,6
11710,73,77,-4,4
11711,71,73,-2,2
11712,103,126,-23,23
11713,39,44,-5,5
11714,99,104,-5,5
11715,69,71,-2,2
11716,182,164,18,18
11717,138,159,-21,21
11718,142,135,7,7
11719,114,117,-3,3
11720,54,51,3,3
11721,93,91,2,2
11722,110,103,7,7
11723,38,45,-7,7
11724,133,135,-2,2
11725,143,122,21,21
11726,125,128,-3,3
11727,69,72,-3,3
11728,120,117,3,3
11729,121,132,-11,11
11730,71,70,1,1
11731,97,98,-1,1
11732,104,101,3,3
11733,97,94,3,3
11734,47,54,-7,7
11735,184,175,9,9
11736,110,118,-8,8
11737,67,70,-3,3
11738,106,108,-2,2
11739,66,81,-15,15
11740,118,107,11,11
11741,81,82,-1,1
11742,83,90,-7,7
11743,64,77,-13,13
11744,70,64,6,6
11745,50,57,-7,7
11746,93,90,3,3
11747,157,140,17,17
11748,51,56,-5,5
11749,77,78,-1,1
11750,87,91,-4,4
11751,119,110,9,9
11752,115,109,6,6
11753,85,75,10,10
11754,63,77,-14,14
11755,91,99,-8,8
11756,67,68,-1,1
11757,64,74,-10,10
11758,127,133,-6,6
11759,67,72,-5,5
11760,71,74,-3,3
11761,96,85,11,11
11762,111,113,-2,2
11763,62,66,-4,4
11764,77,72,5,5
11765,174,177,-3,3
11766,138,126,12,12
11767,65,70,-5,5
11768,116,108,8,8
11769,47,53,-6,6
11770,119,115,4,4
11771,94,89,5,5
11772,122,116,6,6
11773,92,101,-9,9
11774,148,127,21,21
11775,67,76,-9,9
11776,101,105,-4,4
11777,86,87,-1,1
11778,53,51,2,2
11779,77,84,-7,7
11780,126,114,12,12
11781,74,69,5,5
11782,91,94,-3,3
11783,81,88,-7,7
11784,43,50,-7,7
11785,114,108,6,6
11786,79,87,-8,8
11787,96,95,1,1
11788,106,99,7,7
11789,79,91,-12,12
11790,120,130,-10,10
11791,107,106,1,1
11792,98,100,-2,2
11793,47,48,-1,1
11794,76,82,-6,6
11795,85,87,-2,2
11796,67,81,-14,14
11797,79,76,3,3
11798,90,105,-15,15
11799,84,80,4,4
11800,152,135,17,17
11801,152,135,17,17
11802,87,90,-3,3
11803,65,69,-4,4
11804,83,84,-1,1
11805,205,188,17,17
11806,151,149,2,2
11807,114,103,11,11
11808,83,88,-5,5
11809,66,75,-9,9
11810,66,72,-6,6
11811,105,103,2,2
11812,176,155,21,21
11813,166,161,5,5
11814,185,165,20,20
11815,108,110,-2,2
11816,95,96,-1,1
11817,67,85,-18,18
11818,87,90,-3,3
11819,82,91,-9,9
11820,121,112,9,9
11821,71,82,-11,11
11822,62,69,-7,7
11823,113,98,15,15
11824,104,102,2,2
11825,68,74,-6,6
11826,93,97,-4,4
11827,74,69,5,5
11828,60,68,-8,8
11829,80,90,-10,10
11830,70,78,-8,8
11831,75,82,-7,7
11832,76,71,5,5
11833,75,73,2,2
11834,80,73,7,7
11835,45,58,-13,13
11836,93,105,-12,12
11837,99,108,-9,9
11838,77,72,5,5
11839,89,86,3,3
11840,143,153,-10,10
11841,83,93,-10,10
11842,102,103,-1,1
11843,122,123,-1,1
11844,118,108,10,10
11845,132,111,21,21
11846,102,107,-5,5
11847,75,74,1,1
11848,105,107,-2,2
11849,124,117,7,7
11850,75,73,2,2
11851,47,58,-11,11
11852,130,128,2,2
11853,147,139,8,8
11854,134,126,8,8
11855,71,74,-3,3
11856,72,74,-2,2
11857,42,50,-8,8
11858,97,93,4,4
11859,99,105,-6,6
11860,147,152,-5,5
11861,127,120,7,7
11862,65,66,-1,1
11863,73,93,-20,20
11864,54,65,-11,11
11865,87,83,4,4
11866,125,131,-6,6
11867,120,122,-2,2
11868,75,75,0,0
11869,101,105,-4,4
11870,139,133,6,6
11871,93,92,1,1
11872,85,92,-7,7
11873,162,147,15,15
11874,158,154,4,4
11875,234,199,35,35
11876,76,81,-5,5
11877,68,67,1,1
11878,60,62,-2,2
11879,115,108,7,7
11880,92,94,-2,2
11881,99,86,13,13
11882,95,94,1,1
11883,69,85,-16,16
11884,53,63,-10,10
11885,100,97,3,3
11886,157,148,9,9
11887,103,101,2,2
11888,117,116,1,1
11889,100,97,3,3
11890,95,91,4,4
11891,146,132,14,14
11892,97,96,1,1
11893,49,53,-4,4
11894,83,88,-5,5
11895,89,83,6,6
11896,97,102,-5,5
11897,98,103,-5,5
11898,99,101,-2,2
11899,52,65,-13,13
11900,92,97,-5,5
11901,128,133,-5,5
11902,60,63,-3,3
11903,47,54,-7,7
11904,106,100,6,6
11905,78,72,6,6
11906,143,147,-4,4
11907,90,90,0,0
11908,125,117,8,8
11909,80,92,-12,12
11910,114,110,4,4
11911,161,145,16,16
11912,120,116,4,4
11913,41,64,-23,23
11914,38,44,-6,6
11915,105,115,-10,10
11916,48,50,-2,2
11917,58,65,-7,7
11918,112,106,6,6
11919,59,63,-4,4
11920,76,82,-6,6
11921,118,115,3,3
11922,77,76,1,1
11923,51,61,-10,10
11924,76,72,4,4
11925,56,62,-6,6
11926,40,49,-9,9
11927,69,72,-3,3
11928,77,78,-1,1
11929,91,95,-4,4
11930,149,145,4,4
11931,110,106,4,4
11932,115,117,-2,2
11933,117,113,4,4
11934,93,93,0,0
11935,31,32,-1,1
11936,111,119,-8,8
11937,79,91,-12,12
11938,72,75,-3,3
11939,44,49,-5,5
11940,89,92,-3,3
11941,51,57,-6,6
11942,186,187,-1,1
11943,144,131,13,13
11944,98,94,4,4
11945,68,69,-1,1
11946,82,84,-2,2
11947,110,102,8,8
11948,101,81,20,20
11949,73,76,-3,3
11950,106,106,0,0
11951,50,52,-2,2
11952,128,119,9,9
11953,82,83,-1,1
11954,39,65,-26,26
11955,57,63,-6,6
11956,100,101,-1,1
11957,132,126,6,6
11958,58,66,-8,8
11959,65,65,0,0
11960,46,53,-7,7
11961,90,91,-1,1
11962,132,126,6,6
11963,84,91,-7,7
11964,95,97,-2,2
11965,152,147,5,5
11966,67,70,-3,3
11967,96,107,-11,11
11968,78,84,-6,6
11969,99,92,7,7
11970,71,81,-10,10
11971,116,109,7,7
11972,122,125,-3,3
11973,81,83,-2,2
11974,42,51,-9,9
11975,121,116,5,5
11976,144,138,6,6
11977,190,183,7,7
11978,132,125,7,7
11979,112,103,9,9
11980,106,95,11,11
11981,104,95,9,9
11982,79,76,3,3
11983,81,86,-5,5
11984,92,109,-17,17
11985,55,62,-7,7
11986,85,79,6,6
11987,72,75,-3,3
11988,48,53,-5,5
11989,92,103,-11,11
11990,44,49,-5,5
11991,112,107,5,5
11992,118,113,5,5
11993,74,82,-8,8
11994,102,93,9,9
11995,93,101,-8,8
11996,113,106,7,7
11997,89,97,-8,8
11998,133,128,5,5
11999,45,52,-7,7
12000,53,58,-5,5
12001,139,132,7,7
12002,61,61,0,0
12003,85,102,-17,17
12004,67,70,-3,3
12005,81,78,3,3
12006,33,39,-6,6
12007,74,77,-3,3
12008,81,80,1,1
12009,81,80,1,1
12010,114,109,5,5
12011,158,160,-2,2
12012,59,70,-11,11
12013,60,68,-8,8
12014,111,107,4,4
12015,102,100,2,2
12016,89,83,6,6
12017,80,80,0,0
12018,73,78,-5,5
12019,53,56,-3,3
12020,124,119,5,5
12021,108,106,2,2
12022,101,92,9,9
12023,93,101,-8,8
12024,69,71,-2,2
12025,111,115,-4,4
12026,74,82,-8,8
12027,80,82,-2,2
12028,101,95,6,6
12029,127,142,-15,15
12030,78,76,2,2
12031,143,146,-3,3
12032,114,128,-14,14
12033,49,73,-24,24
12034,115,119,-4,4
12035,103,92,11,11
12036,84,92,-8,8
12037,88,91,-3,3
12038,92,92,0,0
12039,108,113,-5,5
12040,90,91,-1,1
12041,65,73,-8,8
12042,60,64,-4,4
12043,72,73,-1,1
12044,129,136,-7,7
12045,76,75,1,1
12046,109,114,-5,5
12047,88,103,-15,15
12048,60,63,-3,3
12049,47,43,4,4
12050,100,95,5,5
12051,117,124,-7,7
12052,125,115,10,10
12053,113,106,7,7
12054,54,58,-4,4
12055,111,119,-8,8
12056,156,141,15,15
12057,110,107,3,3
12058,82,91,-9,9
12059,114,106,8,8
12060,68,74,-6,6
12061,66,77,-11,11
12062,90,95,-5,5
12063,63,67,-4,4
12064,100,101,-1,1
12065,66,72,-6,6
12066,141,133,8,8
12067,79,80,-1,1
12068,104,95,9,9
12069,140,125,15,15
12070,72,77,-5,5
12071,39,44,-5,5
12072,118,109,9,9
12073,97,91,6,6
12074,95,106,-11,11
12075,86,92,-6,6
12076,90,91,-1,1
12077,86,103,-17,17
12078,95,94,1,1
12079,118,107,11,11
12080,94,93,1,1
12081,130,128,2,2
12082,58,60,-2,2
12083,121,122,-1,1
12084,125,124,1,1
12085,150,148,2,2
12086,102,103,-1,1
12087,122,110,12,12
12088,109,106,3,3
12089,74,81,-7,7
12090,93,90,3,3
12091,53,59,-6,6
12092,117,128,-11,11
12093,93,94,-1,1
12094,191,193,-2,2
12095,142,116,26,26
12096,123,107,16,16
12097,83,91,-8,8
12098,127,124,3,3
12099,83,91,-8,8
12100,85,83,2,2
12101,83,86,-3,3
12102,94,92,2,2
12103,164,148,16,16
12104,72,67,5,5
12105,76,61,15,15
12106,122,106,16,16
12107,59,43,16,16
12108,87,88,-1,1
12109,88,69,19,19
12110,61,65,-4,4
12111,154,142,12,12
12112,159,146,13,13
12113,163,145,18,18
12114,104,102,2,2
12115,121,125,-4,4
12116,116,107,9,9
12117,98,104,-6,6
12118,84,91,-7,7
12119,42,51,-9,9
12120,78,81,-3,3
12121,99,113,-14,14
12122,77,94,-17,17
12123,189,168,21,21
12124,66,81,-15,15
12125,144,142,2,2
12126,196,183,13,13
12127,107,103,4,4
12128,68,76,-8,8
12129,88,89,-1,1
12130,36,47,-11,11
12131,107,104,3,3
12132,123,110,13,13
12133,62,64,-2,2
12134,207,194,13,13
12135,89,91,-2,2
12136,74,81,-7,7
12137,87,91,-4,4
12138,135,135,0,0
12139,72,72,0,0
12140,183,139,44,44
12141,118,128,-10,10
12142,110,91,19,19
12143,111,108,3,3
12144,122,109,13,13
12145,90,95,-5,5
12146,121,122,-1,1
12147,58,62,-4,4
12148,126,123,3,3
12149,105,97,8,8
12150,109,106,3,3
12151,71,75,-4,4
12152,148,143,5,5
12153,95,99,-4,4
12154,103,103,0,0
12155,90,91,-1,1
12156,77,83,-6,6
12157,126,117,9,9
12158,141,132,9,9
12159,134,118,16,16
12160,49,51,-2,2
12161,99,103,-4,4
12162,130,119,11,11
12163,74,72,2,2
12164,64,65,-1,1
12165,196,174,22,22
12166,106,116,-10,10
12167,100,104,-4,4
12168,88,88,0,0
12169,116,110,6,6
12170,107,107,0,0
12171,128,128,0,0
12172,93,91,2,2
12173,150,134,16,16
12174,92,84,8,8
12175,96,93,3,3
12176,115,107,8,8
12177,111,103,8,8
12178,87,95,-8,8
12179,69,73,-4,4
12180,139,145,-6,6
12181,104,108,-4,4
12182,115,117,-2,2
12183,114,106,8,8
12184,58,60,-2,2
12185,77,80,-3,3
12186,79,86,-7,7
12187,114,116,-2,2
12188,111,115,-4,4
12189,102,100,2,2
12190,161,156,5,5
12191,197,183,14,14
12192,72,71,1,1
12193,142,141,1,1
12194,49,59,-10,10
12195,63,70,-7,7
12196,135,135,0,0
12197,192,172,20,20
12198,47,51,-4,4
12199,110,107,3,3
12200,71,74,-3,3
12201,108,115,-7,7
12202,137,137,0,0
12203,128,122,6,6
12204,137,133,4,4
12205,148,141,7,7
12206,82,85,-3,3
12207,70,81,-11,11
12208,60,58,2,2
12209,115,110,5,5
12210,76,76,0,0
12211,86,84,2,2
12212,97,99,-2,2
12213,122,119,3,3
12214,104,102,2,2
12215,149,149,0,0
12216,73,76,-3,3
12217,88,91,-3,3
12218,93,88,5,5
12219,94,96,-2,2
12220,110,105,5,5
12221,56,67,-11,11
12222,66,73,-7,7
12223,73,79,-6,6
12224,96,102,-6,6
12225,121,111,10,10
12226,122,126,-4,4
12227,94,96,-2,2
12228,88,102,-14,14
12229,130,133,-3,3
12230,63,62,1,1
12231,141,128,13,13
12232,54,66,-12,12
12233,73,77,-4,4
12234,71,73,-2,2
12235,95,92,3,3
12236,121,109,12,12
12237,73,76,-3,3
12238,125,124,1,1
12239,67,76,-9,9
12240,121,114,7,7
12241,109,109,0,0
12242,64,69,-5,5
12243,96,92,4,4
12244,119,130,-11,11
12245,93,99,-6,6
12246,75,76,-1,1
12247,95,95,0,0
12248,66,73,-7,7
12249,99,103,-4,4
12250,47,52,-5,5
12251,84,103,-19,19
12252,165,187,-22,22
12253,97,95,2,2
12254,73,76,-3,3
12255,37,47,-10,10
12256,104,96,8,8
12257,71,74,-3,3
12258,65,70,-5,5
12259,66,63,3,3
12260,63,66,-3,3
12261,96,101,-5,5
12262,130,119,11,11
12263,141,136,5,5
12264,86,105,-19,19
12265,108,111,-3,3
12266,128,114,14,14
12267,118,109,9,9
12268,83,76,7,7
12269,68,68,0,0
12270,84,88,-4,4
12271,105,101,4,4
12272,61,76,-15,15
12273,73,77,-4,4
12274,65,70,-5,5
12275,131,108,23,23
12276,118,109,9,9
12277,93,96,-3,3
12278,76,74,2,2
12279,75,75,0,0
12280,65,71,-6,6
12281,70,68,2,2
12282,140,142,-2,2
12283,95,92,3,3
12284,145,125,20,20
12285,82,73,9,9
12286,185,166,19,19
12287,71,74,-3,3
12288,100,105,-5,5
12289,99,95,4,4
12290,64,71,-7,7
12291,65,68,-3,3
12292,51,53,-2,2
12293,79,92,-13,13
12294,50,60,-10,10
12295,128,140,-12,12
12296,109,104,5,5
12297,106,94,12,12
12298,50,58,-8,8
12299,126,118,8,8
12300,105,104,1,1
12301,39,51,-12,12
12302,70,72,-2,2
12303,134,101,33,33
12304,46,57,-11,11
12305,81,85,-4,4
12306,115,110,5,5
12307,56,69,-13,13
12308,90,91,-1,1
12309,107,102,5,5
12310,38,45,-7,7
12311,112,104,8,8
12312,86,94,-8,8
12313,102,102,0,0
12314,81,92,-11,11
12315,133,125,8,8
12316,65,68,-3,3
12317,67,84,-17,17
12318,63,73,-10,10
12319,105,97,8,8
12320,81,84,-3,3
12321,97,105,-8,8
12322,96,104,-8,8
12323,113,129,-16,16
12324,91,94,-3,3
12325,67,82,-15,15
12326,85,87,-2,2
12327,102,103,-1,1
12328,76,81,-5,5
12329,190,189,1,1
12330,63,72,-9,9
12331,87,75,12,12
12332,140,128,12,12
12333,113,102,11,11
12334,102,103,-1,1
12335,62,62,0,0
12336,57,58,-1,1
12337,48,54,-6,6
12338,62,63,-1,1
12339,94,108,-14,14
12340,95,106,-11,11
12341,183,171,12,12
12342,80,81,-1,1
12343,164,158,6,6
12344,66,61,5,5
12345,67,83,-16,16
12346,103,108,-5,5
12347,69,83,-14,14
12348,118,116,2,2
12349,78,77,1,1
12350,66,70,-4,4
12351,94,93,1,1
12352,92,94,-2,2
12353,142,136,6,6
12354,55,72,-17,17
12355,101,106,-5,5
12356,79,75,4,4
12357,122,126,-4,4
12358,123,107,16,16
12359,38,39,-1,1
12360,65,77,-12,12
12361,138,123,15,15
12362,76,77,-1,1
12363,114,114,0,0
12364,79,87,-8,8
12365,114,107,7,7
12366,68,73,-5,5
12367,78,79,-1,1
12368,93,99,-6,6
12369,103,105,-2,2
12370,163,135,28,28
12371,101,106,-5,5
12372,126,118,8,8
12373,67,65,2,2
12374,78,76,2,2
12375,116,109,7,7
12376,128,129,-1,1
12377,91,91,0,0
12378,142,131,11,11
12379,65,69,-4,4
12380,145,151,-6,6
12381,61,60,1,1
12382,136,122,14,14
12383,84,82,2,2
12384,98,96,2,2
12385,87,92,-5,5
12386,107,110,-3,3
12387,115,126,-11,11
12388,106,98,8,8
12389,93,103,-10,10
12390,80,73,7,7
12391,130,115,15,15
12392,115,107,8,8
12393,97,109,-12,12
12394,92,93,-1,1
12395,88,87,1,1
12396,66,69,-3,3
12397,66,69,-3,3
12398,87,92,-5,5
12399,106,103,3,3
12400,70,83,-13,13
12401,180,161,19,19
12402,87,98,-11,11
12403,89,83,6,6
12404,92,98,-6,6
12405,125,112,13,13
12406,88,102,-14,14
12407,109,104,5,5
12408,35,43,-8,8
12409,67,73,-6,6
12410,117,115,2,2
12411,190,169,21,21
12412,114,110,4,4
12413,137,130,7,7
12414,138,149,-11,11
12415,129,133,-4,4
12416,106,95,11,11
12417,63,71,-8,8
12418,58,67,-9,9
12419,57,65,-8,8
12420,86,93,-7,7
12421,104,102,2,2
12422,97,101,-4,4
12423,101,103,-2,2
12424,137,126,11,11
12425,64,57,7,7
12426,176,191,-15,15
12427,93,93,0,0
12428,120,116,4,4
12429,108,106,2,2
12430,70,74,-4,4
12431,97,97,0,0
12432,83,93,-10,10
12433,83,80,3,3
12434,150,155,-5,5
12435,64,72,-8,8
12436,89,85,4,4
12437,96,95,1,1
12438,114,109,5,5
12439,119,126,-7,7
12440,61,59,2,2
12441,96,99,-3,3
12442,105,107,-2,2
12443,61,65,-4,4
12444,141,134,7,7
12445,86,84,2,2
12446,87,85,2,2
12447,90,85,5,5
12448,105,108,-3,3
12449,91,85,6,6
12450,111,114,-3,3
12451,76,81,-5,5
12452,87,93,-6,6
12453,91,97,-6,6
12454,107,115,-8,8
12455,110,107,3,3
12456,124,127,-3,3
12457,128,116,12,12
12458,109,106,3,3
12459,71,71,0,0
12460,87,83,4,4
12461,148,137,11,11
12462,107,102,5,5
12463,134,132,2,2
12464,23,28,-5,5
12465,119,135,-16,16
12466,91,84,7,7
12467,25,35,-10,10
12468,61,79,-18,18
12469,101,103,-2,2
12470,72,73,-1,1
12471,95,103,-8,8
12472,47,48,-1,1
12473,97,98,-1,1
12474,81,85,-4,4
12475,59,61,-2,2
12476,77,73,4,4
12477,138,122,16,16
12478,120,136,-16,16
12479,136,138,-2,2
12480,79,85,-6,6
12481,63,68,-5,5
12482,102,103,-1,1
12483,158,148,10,10
12484,73,80,-7,7
12485,53,52,1,1
12486,83,92,-9,9
12487,155,130,25,25
12488,139,125,14,14
12489,93,86,7,7
12490,128,132,-4,4
12491,98,109,-11,11
12492,96,92,4,4
12493,153,141,12,12
12494,104,107,-3,3
12495,115,100,15,15
12496,72,76,-4,4
12497,90,90,0,0
12498,127,132,-5,5
12499,112,125,-13,13
12500,64,72,-8,8
12501,73,71,2,2
12502,72,80,-8,8
12503,73,90,-17,17
12504,56,65,-9,9
12505,106,103,3,3
12506,144,134,10,10
12507,47,71,-24,24
12508,147,139,8,8
12509,95,96,-1,1
12510,76,84,-8,8
12511,128,125,3,3
12512,81,74,7,7
12513,79,84,-5,5
12514,86,83,3,3
12515,44,54,-10,10
12516,87,94,-7,7
12517,102,104,-2,2
12518,116,116,0,0
12519,105,106,-1,1
12520,113,123,-10,10
12521,152,138,14,14
12522,175,157,18,18
12523,70,73,-3,3
12524,173,157,16,16
12525,87,84,3,3
12526,102,95,7,7
12527,88,94,-6,6
12528,76,76,0,0
12529,110,102,8,8
12530,99,102,-3,3
12531,71,75,-4,4
12532,75,78,-3,3
12533,105,105,0,0
12534,153,154,-1,1
12535,100,110,-10,10
12536,90,90,0,0
12537,83,102,-19,19
12538,82,90,-8,8
12539,49,55,-6,6
12540,69,76,-7,7
12541,113,111,2,2
12542,63,67,-4,4
12543,58,65,-7,7
12544,65,67,-2,2
12545,145,142,3,3
12546,50,54,-4,4
12547,83,91,-8,8
12548,100,98,2,2
12549,76,75,1,1
12550,72,73,-1,1
12551,71,91,-20,20
12552,106,103,3,3
12553,127,131,-4,4
12554,96,93,3,3
12555,67,72,-5,5
12556,140,133,7,7
12557,56,60,-4,4
12558,108,105,3,3
12559,94,90,4,4
12560,59,63,-4,4
12561,84,91,-7,7
12562,96,100,-4,4
12563,92,103,-11,11
12564,186,180,6,6
12565,62,67,-5,5
12566,164,151,13,13
12567,49,55,-6,6
12568,62,61,1,1
12569,50,64,-14,14
12570,128,120,8,8
12571,57,70,-13,13
12572,69,73,-4,4
12573,48,61,-13,13
12574,132,126,6,6
12575,140,138,2,2
12576,107,104,3,3
12577,80,82,-2,2
12578,78,78,0,0
12579,140,118,22,22
12580,78,83,-5,5
12581,123,115,8,8
12582,87,99,-12,12
12583,91,105,-14,14
12584,119,133,-14,14
12585,107,106,1,1
12586,52,59,-7,7
12587,61,71,-10,10
12588,102,97,5,5
12589,79,75,4,4
12590,81,82,-1,1
12591,72,70,2,2
12592,74,85,-11,11
12593,73,69,4,4
12594,114,93,21,21
12595,127,121,6,6
12596,92,84,8,8
12597,118,119,-1,1
12598,115,168,-53,53
12599,73,74,-1,1
12600,93,96,-3,3
12601,70,74,-4,4
12602,73,72,1,1
12603,107,118,-11,11
12604,96,104,-8,8
12605,101,86,15,15
12606,76,93,-17,17
12607,85,76,9,9
12608,111,105,6,6
12609,42,55,-13,13
12610,69,71,-2,2
12611,97,90,7,7
12612,90,92,-2,2
12613,96,94,2,2
12614,114,133,-19,19
12615,121,116,5,5
12616,68,73,-5,5
12617,45,49,-4,4
12618,73,74,-1,1
12619,109,103,6,6
12620,175,168,7,7
12621,90,83,7,7
12622,70,74,-4,4
12623,85,93,-8,8
12624,62,69,-7,7
12625,89,96,-7,7
12626,132,126,6,6
12627,155,140,15,15
12628,99,100,-1,1
12629,60,60,0,0
12630,110,104,6,6
12631,87,89,-2,2
12632,98,105,-7,7
12633,80,92,-12,12
12634,127,119,8,8
12635,172,156,16,16
12636,181,166,15,15
12637,130,120,10,10
12638,76,75,1,1
12639,86,84,2,2
12640,105,101,4,4
12641,105,113,-8,8
12642,56,69,-13,13
12643,65,75,-10,10
12644,42,48,-6,6
12645,120,113,7,7
12646,65,66,-1,1
12647,76,85,-9,9
12648,134,124,10,10
12649,28,69,-41,41
12650,96,95,1,1
12651,92,96,-4,4
12652,53,53,0,0
12653,66,68,-2,2
12654,79,79,0,0
12655,101,114,-13,13
12656,78,101,-23,23
12657,88,97,-9,9
12658,136,128,8,8
12659,142,137,5,5
12660,73,68,5,5
12661,97,94,3,3
12662,80,75,5,5
12663,51,59,-8,8
12664,69,82,-13,13
12665,52,55,-3,3
12666,57,60,-3,3
12667,100,122,-22,22
12668,147,141,6,6
12669,129,127,2,2
12670,92,103,-11,11
12671,107,97,10,10
12672,99,105,-6,6
12673,89,95,-6,6
12674,58,61,-3,3
12675,103,91,12,12
12676,33,39,-6,6
12677,103,93,10,10
12678,88,88,0,0
12679,81,88,-7,7
12680,53,57,-4,4
12681,70,82,-12,12
12682,32,42,-10,10
12683,88,91,-3,3
12684,99,115,-16,16
12685,110,106,4,4
12686,78,81,-3,3
12687,99,99,0,0
12688,46,51,-5,5
12689,136,119,17,17
12690,75,72,3,3
12691,117,101,16,16
12692,93,89,4,4
12693,132,132,0,0
12694,70,74,-4,4
12695,69,74,-5,5
12696,49,41,8,8
12697,71,69,2,2
12698,118,116,2,2
12699,97,100,-3,3
12700,76,91,-15,15
12701,195,154,41,41
12702,128,123,5,5
12703,66,61,5,5
12704,120,117,3,3
12705,73,77,-4,4
12706,62,69,-7,7
12707,104,93,11,11
12708,94,98,-4,4
12709,94,90,4,4
12710,110,101,9,9
12711,96,94,2,2
12712,107,104,3,3
12713,77,90,-13,13
12714,91,102,-11,11
12715,63,63,0,0
12716,128,113,15,15
12717,77,74,3,3
12718,67,77,-10,10
12719,124,113,11,11
12720,94,93,1,1
12721,64,68,-4,4
12722,74,81,-7,7
12723,88,92,-4,4
12724,70,75,-5,5
12725,78,79,-1,1
12726,66,80,-14,14
12727,104,107,-3,3
12728,134,141,-7,7
12729,92,90,2,2
12730,74,72,2,2
12731,93,91,2,2
12732,98,100,-2,2
12733,100,93,7,7
12734,87,91,-4,4
12735,101,97,4,4
12736,49,56,-7,7
12737,121,115,6,6
12738,84,101,-17,17
12739,158,153,5,5
12740,115,104,11,11
12741,125,116,9,9
12742,53,53,0,0
12743,80,91,-11,11
12744,68,67,1,1
12745,103,98,5,5
12746,107,110,-3,3
12747,77,91,-14,14
12748,100,104,-4,4
12749,120,121,-1,1
12750,91,92,-1,1
12751,77,68,9,9
12752,132,121,11,11
12753,131,123,8,8
12754,43,65,-22,22
12755,45,48,-3,3
12756,124,117,7,7
12757,86,82,4,4
12758,107,102,5,5
12759,82,90,-8,8
12760,204,183,21,21
12761,107,101,6,6
12762,120,122,-2,2
12763,140,132,8,8
12764,153,136,17,17
12765,83,88,-5,5
12766,47,46,1,1
12767,91,84,7,7
12768,68,59,9,9
12769,56,59,-3,3
12770,77,84,-7,7
12771,37,50,-13,13
12772,117,110,7,7
12773,85,87,-2,2
12774,101,97,4,4
12775,67,78,-11,11
12776,118,125,-7,7
12777,56,67,-11,11
12778,68,71,-3,3
12779,65,68,-3,3
12780,105,102,3,3
12781,102,109,-7,7
12782,116,106,10,10
12783,69,72,-3,3
12784,79,79,0,0
12785,105,101,4,4
12786,101,83,18,18
12787,106,96,10,10
12788,89,85,4,4
12789,77,82,-5,5
12790,116,116,0,0
12791,111,106,5,5
12792,91,82,9,9
12793,74,72,2,2
12794,96,97,-1,1
12795,119,129,-10,10
12796,124,118,6,6
12797,83,81,2,2
12798,59,67,-8,8
12799,87,83,4,4
12800,55,61,-6,6
12801,121,119,2,2
12802,94,95,-1,1
12803,90,91,-1,1
12804,181,173,8,8
12805,93,90,3,3
12806,72,74,-2,2
12807,92,97,-5,5
12808,153,141,12,12
12809,55,58,-3,3
12810,61,68,-7,7
12811,99,99,0,0
12812,82,88,-6,6
12813,102,94,8,8
12814,148,141,7,7
12815,112,111,1,1
12816,172,170,2,2
12817,133,131,2,2
12818,97,99,-2,2
12819,70,76,-6,6
12820,70,81,-11,11
12821,98,91,7,7
12822,96,106,-10,10
12823,69,71,-2,2
12824,90,85,5,5
12825,138,126,12,12
12826,132,124,8,8
12827,153,150,3,3
12828,86,76,10,10
12829,108,102,6,6
12830,80,93,-13,13
12831,154,134,20,20
12832,116,120,-4,4
12833,103,101,2,2
12834,104,107,-3,3
12835,116,110,6,6
12836,107,97,10,10
12837,96,91,5,5
12838,90,96,-6,6
12839,50,63,-13,13
12840,104,103,1,1
12841,72,70,2,2
12842,106,99,7,7
12843,87,91,-4,4
12844,124,123,1,1
12845,27,32,-5,5
12846,133,127,6,6
12847,122,108,14,14
12848,124,133,-9,9
12849,89,99,-10,10
12850,97,124,-27,27
12851,84,94,-10,10
12852,140,143,-3,3
12853,136,128,8,8
12854,20,26,-6,6
12855,93,99,-6,6
12856,85,90,-5,5
12857,74,81,-7,7
12858,103,96,7,7
12859,75,77,-2,2
12860,46,49,-3,3
12861,84,105,-21,21
12862,75,75,0,0
12863,53,54,-1,1
12864,52,81,-29,29
12865,87,90,-3,3
12866,109,99,10,10
12867,105,101,4,4
12868,67,72,-5,5
12869,154,132,22,22
12870,84,91,-7,7
12871,128,119,9,9
12872,113,116,-3,3
12873,87,82,5,5
12874,101,107,-6,6
12875,96,103,-7,7
12876,39,50,-11,11
12877,133,130,3,3
12878,191,186,5,5
12879,60,66,-6,6
12880,125,117,8,8
12881,75,82,-7,7
12882,40,50,-10,10
12883,103,99,4,4
12884,79,77,2,2
12885,185,178,7,7
12886,124,115,9,9
12887,109,112,-3,3
12888,89,99,-10,10
12889,67,71,-4,4
12890,47,49,-2,2
12891,76,72,4,4
12892,122,128,-6,6
12893,106,99,7,7
12894,142,125,17,17
12895,96,85,11,11
12896,52,57,-5,5
12897,96,97,-1,1
12898,117,124,-7,7
12899,69,76,-7,7
12900,89,85,4,4
12901,72,74,-2,2
12902,180,168,12,12
12903,94,91,3,3
12904,53,63,-10,10
12905,93,101,-8,8
12906,161,143,18,18
12907,137,131,6,6
12908,129,130,-1,1
12909,89,87,2,2
12910,102,102,0,0
12911,159,153,6,6
12912,67,69,-2,2
12913,67,71,-4,4
12914,97,101,-4,4
12915,71,72,-1,1
12916,153,148,5,5
12917,100,100,0,0
12918,92,101,-9,9
12919,79,90,-11,11
12920,79,83,-4,4
12921,73,71,2,2
12922,133,127,6,6
12923,51,57,-6,6
12924,139,131,8,8
12925,115,118,-3,3
12926,89,92,-3,3
12927,124,121,3,3
12928,90,93,-3,3
12929,128,127,1,1
12930,131,118,13,13
12931,71,71,0,0
12932,113,106,7,7
12933,127,134,-7,7
12934,61,70,-9,9
12935,113,111,2,2
12936,112,91,21,21
12937,75,77,-2,2
12938,125,112,13,13
12939,73,77,-4,4
12940,100,111,-11,11
12941,187,169,18,18
12942,101,100,1,1
12943,103,97,6,6
12944,99,107,-8,8
12945,65,68,-3,3
12946,116,114,2,2
12947,97,110,-13,13
12948,83,91,-8,8
12949,90,104,-14,14
12950,101,100,1,1
12951,97,102,-5,5
12952,107,107,0,0
12953,119,126,-7,7
12954,78,73,5,5
12955,79,82,-3,3
12956,74,82,-8,8
12957,150,141,9,9
12958,83,93,-10,10
12959,131,141,-10,10
12960,68,75,-7,7
12961,222,187,35,35
12962,88,86,2,2
12963,109,102,7,7
12964,149,149,0,0
12965,82,91,-9,9
12966,33,39,-6,6
12967,97,105,-8,8
12968,88,92,-4,4
12969,127,127,0,0
12970,70,74,-4,4
12971,86,90,-4,4
12972,63,66,-3,3
12973,101,98,3,3
12974,85,91,-6,6
12975,97,92,5,5
12976,68,70,-2,2
12977,79,97,-18,18
12978,182,172,10,10
12979,68,76,-8,8
12980,68,72,-4,4
12981,81,77,4,4
12982,118,112,6,6
12983,93,95,-2,2
12984,117,100,17,17
12985,144,139,5,5
12986,134,122,12,12
12987,69,71,-2,2
12988,133,126,7,7
12989,88,93,-5,5
12990,63,61,2,2
12991,116,116,0,0
12992,113,119,-6,6
12993,103,95,8,8
12994,127,120,7,7
12995,116,117,-1,1
12996,114,107,7,7
12997,123,113,10,10
12998,72,66,6,6
12999,107,101,6,6
13000,121,107,14,14
13001,100,91,9,9
13002,87,90,-3,3
13003,102,95,7,7
13004,155,159,-4,4
13005,72,82,-10,10
13006,84,84,0,0
13007,86,94,-8,8
13008,115,117,-2,2
13009,100,99,1,1
13010,81,73,8,8
13011,51,60,-9,9
13012,54,58,-4,4
13013,86,86,0,0
13014,92,93,-1,1
13015,60,68,-8,8
13016,112,109,3,3
13017,92,92,0,0
13018,87,87,0,0
13019,95,101,-6,6
13020,80,80,0,0
13021,139,132,7,7
13022,103,97,6,6
13023,120,128,-8,8
13024,75,90,-15,15
13025,51,48,3,3
13026,76,75,1,1
13027,67,75,-8,8
13028,165,150,15,15
13029,84,90,-6,6
13030,83,91,-8,8
13031,61,64,-3,3
13032,159,150,9,9
13033,64,74,-10,10
13034,140,135,5,5
13035,65,78,-13,13
13036,68,73,-5,5
13037,67,65,2,2
13038,87,93,-6,6
13039,109,112,-3,3
13040,116,119,-3,3
13041,94,110,-16,16
13042,135,125,10,10
13043,77,74,3,3
13044,55,58,-3,3
13045,61,65,-4,4
13046,73,76,-3,3
13047,139,117,22,22
13048,106,112,-6,6
13049,78,90,-12,12
13050,74,68,6,6
13051,99,95,4,4
13052,88,94,-6,6
13053,93,91,2,2
13054,69,69,0,0
13055,235,213,22,22
13056,83,90,-7,7
13057,101,91,10,10
13058,66,75,-9,9
13059,58,57,1,1
13060,119,120,-1,1
13061,129,128,1,1
13062,82,85,-3,3
13063,168,156,12,12
13064,72,77,-5,5
13065,125,110,15,15
13066,82,76,6,6
13067,97,95,2,2
13068,56,67,-11,11
13069,123,136,-13,13
13070,79,74,5,5
13071,84,84,0,0
13072,112,109,3,3
13073,80,85,-5,5
13074,106,106,0,0
13075,60,68,-8,8
13076,72,79,-7,7
13077,96,102,-6,6
13078,60,51,9,9
13079,117,101,16,16
13080,66,75,-9,9
13081,78,83,-5,5
13082,55,61,-6,6
13083,164,140,24,24
13084,184,170,14,14
13085,78,84,-6,6
13086,61,68,-7,7
13087,109,123,-14,14
13088,101,102,-1,1
13089,79,77,2,2
13090,51,58,-7,7
13091,64,66,-2,2
13092,62,68,-6,6
13093,144,138,6,6
13094,57,63,-6,6
13095,50,55,-5,5
13096,81,80,1,1
13097,99,102,-3,3
13098,97,102,-5,5
13099,129,115,14,14
13100,104,101,3,3
13101,93,100,-7,7
13102,84,81,3,3
13103,90,94,-4,4
13104,112,117,-5,5
13105,69,73,-4,4
13106,69,76,-7,7
13107,107,92,15,15
13108,145,125,20,20
13109,84,76,8,8
13110,51,57,-6,6
13111,100,100,0,0
13112,82,92,-10,10
13113,71,89,-18,18
13114,104,97,7,7
13115,67,80,-13,13
13116,89,94,-5,5
13117,61,73,-12,12
13118,74,81,-7,7
13119,101,104,-3,3
13120,67,76,-9,9
13121,72,82,-10,10
13122,70,72,-2,2
13123,158,161,-3,3
13124,94,98,-4,4
13125,84,82,2,2
13126,120,117,3,3
13127,152,151,1,1
13128,137,129,8,8
13129,82,91,-9,9
13130,116,109,7,7
13131,112,107,5,5
13132,99,93,6,6
13133,150,151,-1,1
13134,66,65,1,1
13135,81,73,8,8
13136,50,57,-7,7
13137,133,133,0,0
13138,65,70,-5,5
13139,65,65,0,0
13140,80,83,-3,3
13141,53,49,4,4
13142,108,102,6,6
13143,80,67,13,13
13144,126,132,-6,6
13145,73,82,-9,9
13146,58,60,-2,2
13147,80,80,0,0
13148,62,66,-4,4
13149,64,70,-6,6
13150,55,59,-4,4
13151,81,82,-1,1
13152,97,99,-2,2
13153,78,74,4,4
13154,101,98,3,3
13155,72,82,-10,10
13156,112,107,5,5
13157,84,91,-7,7
13158,68,74,-6,6
13159,102,107,-5,5
13160,117,126,-9,9
13161,88,88,0,0
13162,127,114,13,13
13163,64,61,3,3
13164,87,92,-5,5
13165,80,83,-3,3
13166,101,93,8,8
13167,122,116,6,6
13168,67,65,2,2
13169,131,128,3,3
13170,97,102,-5,5
13171,135,116,19,19
13172,88,91,-3,3
13173,115,124,-9,9
13174,134,123,11,11
13175,116,116,0,0
13176,79,83,-4,4
13177,45,49,-4,4
13178,100,101,-1,1
13179,85,104,-19,19
13180,63,69,-6,6
13181,89,92,-3,3
13182,76,78,-2,2
13183,138,122,16,16
13184,123,118,5,5
13185,74,84,-10,10
13186,43,57,-14,14
13187,66,74,-8,8
13188,86,105,-19,19
13189,115,130,-15,15
13190,30,32,-2,2
13191,66,72,-6,6
13192,208,176,32,32
13193,90,91,-1,1
13194,71,69,2,2
13195,94,90,4,4
13196,171,160,11,11
13197,55,59,-4,4
13198,43,44,-1,1
13199,67,73,-6,6
13200,143,118,25,25
13201,98,103,-5,5
13202,100,98,2,2
13203,108,104,4,4
13204,91,82,9,9
13205,131,122,9,9
13206,79,71,8,8
13207,153,153,0,0
13208,37,44,-7,7
13209,46,46,0,0
13210,241,221,20,20
13211,89,90,-1,1
13212,72,71,1,1
13213,100,99,1,1
13214,83,90,-7,7
13215,98,102,-4,4
13216,128,123,5,5
13217,162,119,43,43
13218,81,81,0,0
13219,98,99,-1,1
13220,70,81,-11,11
13221,182,161,21,21
13222,71,73,-2,2
13223,173,169,4,4
13224,54,61,-7,7
13225,66,72,-6,6
13226,85,79,6,6
13227,93,93,0,0
13228,71,110,-39,39
13229,163,156,7,7
13230,86,85,1,1
13231,74,73,1,1
13232,148,143,5,5
13233,112,109,3,3
13234,90,79,11,11
13235,64,62,2,2
13236,78,98,-20,20
13237,115,119,-4,4
13238,105,99,6,6
13239,90,92,-2,2
13240,117,110,7,7
13241,103,94,9,9
13242,139,154,-15,15
13243,107,113,-6,6
13244,118,130,-12,12
13245,94,90,4,4
13246,56,57,-1,1
13247,97,96,1,1
13248,77,73,4,4
13249,117,98,19,19
13250,125,126,-1,1
13251,67,75,-8,8
13252,73,75,-2,2
13253,152,137,15,15
13254,73,72,1,1
13255,121,115,6,6
13256,166,159,7,7
13257,90,90,0,0
13258,96,105,-9,9
13259,149,152,-3,3
13260,61,70,-9,9
13261,144,131,13,13
13262,121,122,-1,1
13263,131,121,10,10
13264,58,53,5,5
13265,51,56,-5,5
13266,54,68,-14,14
13267,72,75,-3,3
13268,99,105,-6,6
13269,124,113,11,11
13270,105,104,1,1
13271,100,95,5,5
13272,153,151,2,2
13273,76,82,-6,6
13274,120,113,7,7
13275,94,94,0,0
13276,85,82,3,3
13277,84,92,-8,8
13278,53,70,-17,17
13279,106,111,-5,5
13280,108,111,-3,3
13281,140,127,13,13
13282,113,106,7,7
13283,57,71,-14,14
13284,108,108,0,0
13285,123,112,11,11
13286,108,102,6,6
13287,83,83,0,0
13288,99,85,14,14
13289,78,87,-9,9
13290,96,101,-5,5
13291,58,61,-3,3
13292,82,81,1,1
13293,148,146,2,2
13294,86,97,-11,11
13295,81,75,6,6
13296,119,117,2,2
13297,97,102,-5,5
13298,118,116,2,2
13299,92,93,-1,1
13300,102,110,-8,8
13301,72,78,-6,6
13302,64,65,-1,1
13303,86,90,-4,4
13304,57,70,-13,13
13305,102,104,-2,2
13306,67,63,4,4
13307,88,93,-5,5
13308,139,120,19,19
13309,61,67,-6,6
13310,77,79,-2,2
13311,158,157,1,1
13312,130,118,12,12
13313,132,136,-4,4
13314,187,169,18,18
13315,79,75,4,4
13316,96,102,-6,6
13317,76,78,-2,2
13318,71,71,0,0
13319,78,83,-5,5
13320,209,198,11,11
13321,75,78,-3,3
13322,146,128,18,18
13323,100,95,5,5
13324,80,91,-11,11
13325,70,71,-1,1
13326,65,71,-6,6
13327,95,105,-10,10
13328,80,83,-3,3
13329,69,72,-3,3
13330,132,138,-6,6
13331,77,73,4,4
13332,98,95,3,3
13333,94,96,-2,2
13334,86,91,-5,5
13335,90,84,6,6
13336,75,73,2,2
13337,130,105,25,25
13338,87,94,-7,7
13339,141,124,17,17
13340,161,143,18,18
13341,68,75,-7,7
13342,97,93,4,4
13343,125,115,10,10
13344,36,45,-9,9
13345,115,111,4,4
13346,68,61,7,7
13347,106,101,5,5
13348,96,109,-13,13
13349,82,83,-1,1
13350,73,69,4,4
13351,89,81,8,8
13352,75,72,3,3
13353,85,94,-9,9
13354,134,145,-11,11
13355,90,86,4,4
13356,83,92,-9,9
13357,129,106,23,23
13358,140,136,4,4
13359,60,60,0,0
13360,82,79,3,3
13361,153,149,4,4
13362,80,92,-12,12
13363,119,117,2,2
13364,108,105,3,3
13365,54,59,-5,5
13366,99,104,-5,5
13367,130,161,-31,31
13368,100,101,-1,1
13369,59,61,-2,2
13370,84,95,-11,11
13371,117,116,1,1
13372,60,64,-4,4
13373,55,59,-4,4
13374,96,97,-1,1
13375,73,83,-10,10
13376,64,75,-11,11
13377,75,75,0,0
13378,55,57,-2,2
13379,90,86,4,4
13380,142,145,-3,3
13381,139,133,6,6
13382,118,109,9,9
13383,120,111,9,9
13384,112,110,2,2
13385,43,51,-8,8
13386,106,105,1,1
13387,187,174,13,13
13388,117,118,-1,1
13389,111,114,-3,3
13390,188,179,9,9
13391,156,133,23,23
13392,136,139,-3,3
13393,88,95,-7,7
13394,29,38,-9,9
13395,107,98,9,9
13396,113,99,14,14
13397,93,92,1,1
13398,81,84,-3,3
13399,22,32,-10,10
13400,69,72,-3,3
13401,168,152,16,16
13402,147,135,12,12
13403,105,115,-10,10
13404,145,132,13,13
13405,58,68,-10,10
13406,60,70,-10,10
13407,150,153,-3,3
13408,70,71,-1,1
13409,69,74,-5,5
13410,140,136,4,4
13411,88,83,5,5
13412,120,115,5,5
13413,63,66,-3,3
13414,81,90,-9,9
13415,66,63,3,3
13416,91,89,2,2
13417,131,135,-4,4
13418,126,108,18,18
13419,138,139,-1,1
13420,103,105,-2,2
13421,103,102,1,1
13422,50,67,-17,17
13423,64,75,-11,11
13424,75,83,-8,8
13425,67,71,-4,4
13426,97,97,0,0
13427,109,109,0,0
13428,137,128,9,9
13429,71,73,-2,2
13430,98,93,5,5
13431,82,99,-17,17
13432,65,71,-6,6
13433,117,104,13,13
13434,148,152,-4,4
13435,190,170,20,20
13436,84,83,1,1
13437,110,102,8,8
13438,138,133,5,5
13439,74,77,-3,3
13440,130,117,13,13
13441,79,82,-3,3
13442,92,110,-18,18
13443,137,141,-4,4
13444,104,95,9,9
13445,160,136,24,24
13446,90,92,-2,2
13447,101,102,-1,1
13448,123,125,-2,2
13449,73,75,-2,2
13450,66,72,-6,6
13451,124,123,1,1
13452,173,156,17,17
13453,142,128,14,14
13454,32,41,-9,9
13455,104,101,3,3
13456,65,87,-22,22
13457,60,64,-4,4
13458,71,81,-10,10
13459,56,59,-3,3
13460,122,119,3,3
13461,135,144,-9,9
13462,162,160,2,2
13463,96,108,-12,12
13464,126,131,-5,5
13465,74,78,-4,4
13466,102,105,-3,3
13467,80,78,2,2
13468,88,84,4,4
13469,92,83,9,9
13470,107,112,-5,5
13471,87,97,-10,10
13472,58,62,-4,4
13473,80,75,5,5
13474,79,72,7,7
13475,114,122,-8,8
13476,78,91,-13,13
13477,75,90,-15,15
13478,168,168,0,0
13479,114,110,4,4
13480,59,72,-13,13
13481,152,153,-1,1
13482,66,71,-5,5
13483,98,92,6,6
13484,70,76,-6,6
13485,101,95,6,6
13486,130,130,0,0
13487,114,107,7,7
13488,63,71,-8,8
13489,181,168,13,13
13490,86,84,2,2
13491,107,121,-14,14
13492,59,66,-7,7
13493,74,74,0,0
13494,134,135,-1,1
13495,199,165,34,34
13496,58,68,-10,10
13497,99,101,-2,2
13498,103,106,-3,3
13499,183,162,21,21
13500,96,98,-2,2
13501,99,103,-4,4
13502,113,104,9,9
13503,88,82,6,6
13504,88,95,-7,7
13505,128,121,7,7
13506,82,93,-11,11
13507,80,79,1,1
13508,53,63,-10,10
13509,47,53,-6,6
13510,102,92,10,10
13511,97,100,-3,3
13512,68,72,-4,4
13513,125,112,13,13
13514,110,117,-7,7
13515,77,74,3,3
13516,127,116,11,11
13517,87,89,-2,2
13518,107,95,12,12
13519,105,108,-3,3
13520,153,125,28,28
13521,61,71,-10,10
13522,33,78,-45,45
13523,146,136,10,10
13524,100,106,-6,6
13525,170,155,15,15
13526,134,122,12,12
13527,78,98,-20,20
13528,73,68,5,5
13529,60,65,-5,5
13530,64,66,-2,2
13531,99,97,2,2
13532,80,92,-12,12
13533,65,69,-4,4
13534,67,66,1,1
13535,141,119,22,22
13536,60,69,-9,9
13537,138,143,-5,5
13538,154,152,2,2
13539,58,64,-6,6
13540,114,122,-8,8
13541,132,121,11,11
13542,98,103,-5,5
13543,80,86,-6,6
13544,105,108,-3,3
13545,84,93,-9,9
13546,78,82,-4,4
13547,154,145,9,9
13548,67,73,-6,6
13549,95,105,-10,10
13550,125,115,10,10
13551,128,117,11,11
13552,42,46,-4,4
13553,204,193,11,11
13554,98,99,-1,1
13555,112,112,0,0
13556,132,127,5,5
13557,139,125,14,14
13558,93,91,2,2
13559,146,137,9,9
13560,56,63,-7,7
13561,65,66,-1,1
13562,124,112,12,12
13563,103,105,-2,2
13564,86,82,4,4
13565,60,70,-10,10
13566,98,100,-2,2
13567,80,115,-35,35
13568,89,104,-15,15
13569,148,129,19,19
13570,40,47,-7,7
13571,80,91,-11,11
13572,70,82,-12,12
13573,82,75,7,7
13574,133,141,-8,8
13575,75,83,-8,8
13576,75,72,3,3
13577,120,104,16,16
13578,50,61,-11,11
13579,111,120,-9,9
13580,86,91,-5,5
13581,115,120,-5,5
13582,63,63,0,0
13583,93,96,-3,3
13584,104,98,6,6
13585,153,149,4,4
13586,51,59,-8,8
13587,128,115,13,13
13588,92,91,1,1
13589,51,61,-10,10
13590,84,84,0,0
13591,104,101,3,3
13592,101,96,5,5
13593,83,93,-10,10
13594,69,78,-9,9
13595,96,94,2,2
13596,83,84,-1,1
13597,54,75,-21,21
13598,83,72,11,11
13599,54,55,-1,1
13600,61,63,-2,2
13601,116,105,11,11
13602,113,104,9,9
13603,76,71,5,5
13604,87,84,3,3
13605,59,62,-3,3
13606,141,134,7,7
13607,97,103,-6,6
13608,89,83,6,6
13609,131,127,4,4
13610,71,69,2,2
13611,60,60,0,0
13612,39,51,-12,12
13613,68,80,-12,12
13614,61,66,-5,5
13615,107,103,4,4
13616,95,95,0,0
13617,94,109,-15,15
13618,82,87,-5,5
13619,110,111,-1,1
13620,113,115,-2,2
13621,107,101,6,6
13622,161,144,17,17
13623,180,156,24,24
13624,101,101,0,0
13625,88,85,3,3
13626,87,85,2,2
13627,115,114,1,1
13628,121,113,8,8
13629,139,134,5,5
13630,123,118,5,5
13631,63,67,-4,4
13632,122,113,9,9
13633,68,73,-5,5
13634,110,103,7,7
13635,57,85,-28,28
13636,82,76,6,6
13637,95,96,-1,1
13638,134,132,2,2
13639,98,90,8,8
13640,128,115,13,13
13641,95,96,-1,1
13642,104,126,-22,22
13643,175,159,16,16
13644,109,98,11,11
13645,164,147,17,17
13646,118,113,5,5
13647,70,78,-8,8
13648,54,67,-13,13
13649,145,140,5,5
13650,68,69,-1,1
13651,82,84,-2,2
13652,61,65,-4,4
13653,92,95,-3,3
13654,89,89,0,0
13655,96,96,0,0
13656,122,115,7,7
13657,79,80,-1,1
13658,75,77,-2,2
13659,108,105,3,3
13660,43,48,-5,5
13661,67,70,-3,3
13662,75,82,-7,7
13663,67,70,-3,3
13664,88,96,-8,8
13665,55,59,-4,4
13666,96,107,-11,11
13667,60,66,-6,6
13668,125,113,12,12
13669,56,67,-11,11
13670,111,105,6,6
13671,105,116,-11,11
13672,77,101,-24,24
13673,89,93,-4,4
13674,79,84,-5,5
13675,107,114,-7,7
13676,124,115,9,9
13677,119,115,4,4
13678,57,83,-26,26
13679,127,125,2,2
13680,64,75,-11,11
13681,96,102,-6,6
13682,89,83,6,6
13683,71,78,-7,7
13684,76,75,1,1
13685,110,111,-1,1
13686,120,128,-8,8
13687,98,93,5,5
13688,84,94,-10,10
13689,233,214,19,19
13690,75,74,1,1
13691,107,93,14,14
13692,76,78,-2,2
13693,84,93,-9,9
13694,86,91,-5,5
13695,103,95,8,8
13696,106,98,8,8
13697,150,129,21,21
13698,73,72,1,1
13699,130,138,-8,8
13700,132,116,16,16
13701,139,134,5,5
13702,115,112,3,3
13703,155,144,11,11
13704,75,86,-11,11
13705,70,76,-6,6
13706,127,115,12,12
13707,65,69,-4,4
13708,100,105,-5,5
13709,170,160,10,10
13710,135,129,6,6
13711,75,75,0,0
13712,164,168,-4,4
13713,125,112,13,13
13714,104,106,-2,2
13715,53,59,-6,6
13716,146,141,5,5
13717,102,91,11,11
13718,70,78,-8,8
13719,54,61,-7,7
13720,108,105,3,3
13721,97,99,-2,2
13722,104,102,2,2
13723,140,135,5,5
13724,94,104,-10,10
13725,62,78,-16,16
13726,105,99,6,6
13727,48,54,-6,6
13728,63,69,-6,6
13729,64,61,3,3
13730,51,54,-3,3
13731,63,65,-2,2
13732,121,117,4,4
13733,120,118,2,2
13734,86,91,-5,5
13735,91,94,-3,3
13736,55,67,-12,12
13737,98,99,-1,1
13738,69,65,4,4
13739,45,45,0,0
13740,126,136,-10,10
13741,169,167,2,2
13742,95,93,2,2
13743,106,111,-5,5
13744,91,88,3,3
13745,126,115,11,11
13746,67,72,-5,5
13747,55,61,-6,6
13748,74,81,-7,7
13749,87,78,9,9
13750,87,90,-3,3
13751,83,75,8,8
13752,114,124,-10,10
13753,125,124,1,1
13754,120,114,6,6
13755,86,82,4,4
13756,66,73,-7,7
13757,106,104,2,2
13758,62,62,0,0
13759,87,106,-19,19
13760,68,63,5,5
13761,77,79,-2,2
13762,106,103,3,3
13763,101,102,-1,1
13764,93,88,5,5
13765,63,85,-22,22
13766,53,64,-11,11
13767,116,118,-2,2
13768,116,115,1,1
13769,92,114,-22,22
13770,80,87,-7,7
13771,93,97,-4,4
13772,129,122,7,7
13773,97,98,-1,1
13774,51,61,-10,10
13775,98,94,4,4
13776,80,104,-24,24
13777,74,74,0,0
13778,157,142,15,15
13779,163,161,2,2
13780,62,69,-7,7
13781,107,107,0,0
13782,107,96,11,11
13783,107,104,3,3
13784,83,84,-1,1
13785,117,103,14,14
13786,94,102,-8,8
13787,65,71,-6,6
13788,61,69,-8,8
13789,79,85,-6,6
13790,137,136,1,1
13791,141,132,9,9
13792,95,100,-5,5
13793,101,102,-1,1
13794,95,100,-5,5
13795,142,127,15,15
13796,107,97,10,10
13797,80,78,2,2
13798,91,96,-5,5
13799,71,74,-3,3
13800,81,82,-1,1
13801,96,92,4,4
13802,151,141,10,10
13803,75,85,-10,10
13804,69,73,-4,4
13805,70,75,-5,5
13806,66,73,-7,7
13807,100,103,-3,3
13808,107,101,6,6
13809,116,113,3,3
13810,59,66,-7,7
13811,90,95,-5,5
13812,60,59,1,1
13813,55,61,-6,6
13814,66,74,-8,8
13815,90,97,-7,7
13816,80,90,-10,10
13817,151,86,65,65
13818,91,92,-1,1
13819,59,61,-2,2
13820,73,78,-5,5
13821,51,61,-10,10
13822,95,96,-1,1
13823,92,93,-1,1
13824,61,66,-5,5
13825,80,83,-3,3
13826,107,119,-12,12
13827,79,83,-4,4
13828,167,148,19,19
13829,58,65,-7,7
13830,104,104,0,0
13831,106,116,-10,10
13832,61,61,0,0
13833,111,119,-8,8
13834,97,110,-13,13
13835,101,102,-1,1
13836,67,75,-8,8
13837,56,65,-9,9
13838,57,59,-2,2
13839,82,70,12,12
13840,95,96,-1,1
13841,69,81,-12,12
13842,58,65,-7,7
13843,105,103,2,2
13844,163,144,19,19
13845,61,71,-10,10
13846,90,76,14,14
13847,220,201,19,19
13848,96,86,10,10
13849,44,50,-6,6
13850,59,62,-3,3
13851,60,68,-8,8
13852,64,68,-4,4
13853,94,96,-2,2
13854,151,136,15,15
13855,75,78,-3,3
13856,75,78,-3,3
13857,79,74,5,5
13858,70,81,-11,11
13859,107,109,-2,2
13860,145,139,6,6
13861,70,67,3,3
13862,75,71,4,4
13863,141,135,6,6
13864,66,73,-7,7
13865,79,73,6,6
13866,111,104,7,7
13867,112,103,9,9
13868,125,131,-6,6
13869,121,127,-6,6
13870,108,101,7,7
13871,74,86,-12,12
13872,106,113,-7,7
13873,118,122,-4,4
13874,162,146,16,16
13875,142,109,33,33
13876,65,71,-6,6
13877,59,60,-1,1
13878,91,85,6,6
13879,75,72,3,3
13880,125,123,2,2
13881,146,135,11,11
13882,84,82,2,2
13883,95,95,0,0
13884,88,82,6,6
13885,95,93,2,2
13886,54,66,-12,12
13887,68,66,2,2
13888,250,231,19,19
13889,64,63,1,1
13890,89,85,4,4
13891,63,68,-5,5
13892,47,68,-21,21
13893,113,116,-3,3
13894,118,113,5,5
13895,77,75,2,2
13896,175,154,21,21
13897,87,91,-4,4
13898,85,86,-1,1
13899,107,98,9,9
13900,77,70,7,7
13901,112,119,-7,7
13902,67,72,-5,5
13903,124,135,-11,11
13904,69,72,-3,3
13905,170,166,4,4
13906,91,80,11,11
13907,69,73,-4,4
13908,69,66,3,3
13909,102,105,-3,3
13910,87,103,-16,16
13911,61,66,-5,5
13912,140,115,25,25
13913,56,61,-5,5
13914,50,55,-5,5
13915,71,69,2,2
13916,46,58,-12,12
13917,102,106,-4,4
13918,72,71,1,1
13919,102,108,-6,6
13920,98,101,-3,3
13921,114,117,-3,3
13922,83,91,-8,8
13923,75,82,-7,7
13924,92,85,7,7
13925,107,106,1,1
13926,166,150,16,16
13927,72,76,-4,4
13928,43,60,-17,17
13929,98,86,12,12
13930,141,134,7,7
13931,112,102,10,10
13932,149,136,13,13
13933,17,35,-18,18
13934,63,74,-11,11
13935,127,123,4,4
13936,128,124,4,4
13937,64,74,-10,10
13938,59,64,-5,5
13939,45,62,-17,17
13940,104,102,2,2
13941,82,82,0,0
13942,52,49,3,3
13943,96,91,5,5
13944,108,104,4,4
13945,122,122,0,0
13946,105,106,-1,1
13947,72,79,-7,7
13948,75,74,1,1
13949,111,109,2,2
13950,86,84,2,2
13951,121,116,5,5
13952,86,85,1,1
13953,66,65,1,1
13954,93,95,-2,2
13955,128,133,-5,5
13956,142,132,10,10
13957,87,75,12,12
13958,84,81,3,3
13959,103,107,-4,4
13960,113,105,8,8
13961,136,133,3,3
13962,74,72,2,2
13963,108,119,-11,11
13964,89,95,-6,6
13965,84,91,-7,7
13966,98,97,1,1
13967,51,62,-11,11
13968,53,54,-1,1
13969,88,85,3,3
13970,96,92,4,4
13971,105,116,-11,11
13972,95,91,4,4
13973,119,123,-4,4
13974,79,74,5,5
13975,110,93,17,17
13976,68,67,1,1
13977,98,99,-1,1
13978,162,156,6,6
13979,124,126,-2,2
13980,54,57,-3,3
13981,89,99,-10,10
13982,55,59,-4,4
13983,147,129,18,18
13984,118,110,8,8
13985,28,54,-26,26
13986,115,112,3,3
13987,87,93,-6,6
13988,129,123,6,6
13989,100,99,1,1
13990,119,117,2,2
13991,95,96,-1,1
13992,130,126,4,4
13993,57,56,1,1
13994,103,93,10,10
13995,100,102,-2,2
13996,95,96,-1,1
13997,61,64,-3,3
13998,59,68,-9,9
13999,126,115,11,11
14000,162,168,-6,6
14001,98,102,-4,4
14002,134,108,26,26
14003,118,117,1,1
14004,57,64,-7,7
14005,84,95,-11,11
14006,84,83,1,1
14007,120,129,-9,9
14008,163,158,5,5
14009,64,69,-5,5
14010,83,78,5,5
14011,69,85,-16,16
14012,135,104,31,31
14013,86,82,4,4
14014,60,56,4,4
14015,77,86,-9,9
14016,92,95,-3,3
14017,85,83,2,2
14018,161,151,10,10
14019,126,111,15,15
14020,63,68,-5,5
14021,93,103,-10,10
14022,73,73,0,0
14023,107,109,-2,2
14024,74,81,-7,7
14025,73,67,6,6
14026,108,99,9,9
14027,182,171,11,11
14028,134,121,13,13
14029,67,73,-6,6
14030,91,91,0,0
14031,131,153,-22,22
14032,146,134,12,12
14033,80,81,-1,1
14034,139,130,9,9
14035,188,179,9,9
14036,150,134,16,16
14037,74,75,-1,1
14038,115,117,-2,2
14039,87,83,4,4
14040,83,74,9,9
14041,71,73,-2,2
14042,95,98,-3,3
14043,110,103,7,7
14044,91,93,-2,2
14045,108,105,3,3
14046,51,57,-6,6
14047,71,78,-7,7
14048,50,59,-9,9
14049,66,72,-6,6
14050,56,70,-14,14
14051,108,108,0,0
14052,114,107,7,7
14053,86,75,11,11
14054,88,88,0,0
14055,66,64,2,2
14056,111,113,-2,2
14057,53,61,-8,8
14058,94,95,-1,1
14059,74,75,-1,1
14060,129,130,-1,1
14061,75,82,-7,7
14062,198,179,19,19
14063,76,75,1,1
14064,94,100,-6,6
14065,70,68,2,2
14066,172,147,25,25
14067,61,65,-4,4
14068,80,83,-3,3
14069,102,96,6,6
14070,114,115,-1,1
14071,70,73,-3,3
14072,75,84,-9,9
14073,112,105,7,7
14074,44,49,-5,5
14075,145,161,-16,16
14076,68,95,-27,27
14077,148,140,8,8
14078,56,64,-8,8
14079,81,85,-4,4
14080,73,75,-2,2
14081,122,124,-2,2
14082,75,85,-10,10
14083,121,129,-8,8
14084,139,139,0,0
14085,63,66,-3,3
14086,125,128,-3,3
14087,85,87,-2,2
14088,112,126,-14,14
14089,114,108,6,6
14090,134,126,8,8
14091,98,108,-10,10
14092,75,86,-11,11
14093,135,118,17,17
14094,96,101,-5,5
14095,102,102,0,0
14096,150,149,1,1
14097,186,162,24,24
14098,63,61,2,2
14099,116,106,10,10
14100,83,72,11,11
14101,110,96,14,14
14102,104,102,2,2
14103,71,71,0,0
14104,111,119,-8,8
14105,106,114,-8,8
14106,147,149,-2,2
14107,67,71,-4,4
14108,212,194,18,18
14109,83,90,-7,7
14110,174,149,25,25
14111,113,120,-7,7
14112,68,83,-15,15
14113,159,161,-2,2
14114,52,63,-11,11
14115,123,124,-1,1
14116,112,112,0,0
14117,69,82,-13,13
14118,61,67,-6,6
14119,63,68,-5,5
14120,70,74,-4,4
14121,65,72,-7,7
14122,145,149,-4,4
14123,121,123,-2,2
14124,60,60,0,0
14125,187,167,20,20
14126,24,31,-7,7
14127,136,134,2,2
14128,65,78,-13,13
14129,67,69,-2,2
14130,189,176,13,13
14131,83,106,-23,23
14132,76,81,-5,5
14133,91,92,-1,1
14134,74,91,-17,17
14135,55,68,-13,13
14136,107,102,5,5
14137,160,146,14,14
14138,149,137,12,12
14139,96,94,2,2
14140,88,93,-5,5
14141,118,111,7,7
14142,91,94,-3,3
14143,92,98,-6,6
14144,74,77,-3,3
14145,118,125,-7,7
14146,81,102,-21,21
14147,95,94,1,1
14148,68,73,-5,5
14149,132,117,15,15
14150,49,49,0,0
14151,115,115,0,0
14152,148,142,6,6
14153,109,124,-15,15
14154,104,96,8,8
14155,159,158,1,1
14156,83,75,8,8
14157,47,51,-4,4
14158,92,93,-1,1
14159,101,106,-5,5
14160,57,58,-1,1
14161,40,52,-12,12
14162,153,140,13,13
14163,163,133,30,30
14164,66,71,-5,5
14165,90,87,3,3
14166,55,55,0,0
14167,52,64,-12,12
14168,96,97,-1,1
14169,115,115,0,0
14170,47,52,-5,5
14171,77,93,-16,16
14172,76,82,-6,6
14173,115,117,-2,2
14174,93,102,-9,9
14175,120,95,25,25
14176,83,90,-7,7
14177,119,115,4,4
14178,40,53,-13,13
14179,47,56,-9,9
14180,55,59,-4,4
14181,96,101,-5,5
14182,88,97,-9,9
14183,74,90,-16,16
14184,80,91,-11,11
14185,68,68,0,0
14186,144,136,8,8
14187,101,101,0,0
14188,116,115,1,1
14189,63,66,-3,3
14190,51,54,-3,3
14191,123,133,-10,10
14192,145,141,4,4
14193,107,100,7,7
14194,109,107,2,2
14195,115,118,-3,3
14196,59,59,0,0
14197,63,73,-10,10
14198,190,178,12,12
14199,69,70,-1,1
14200,77,76,1,1
14201,78,89,-11,11
14202,85,95,-10,10
14203,112,95,17,17
14204,82,85,-3,3
14205,150,143,7,7
14206,72,76,-4,4
14207,105,110,-5,5
14208,80,78,2,2
14209,39,46,-7,7
14210,102,111,-9,9
14211,68,75,-7,7
14212,95,94,1,1
14213,24,34,-10,10
14214,50,56,-6,6
14215,66,63,3,3
14216,69,76,-7,7
14217,120,111,9,9
14218,140,123,17,17
14219,69,75,-6,6
14220,187,144,43,43
14221,107,105,2,2
14222,67,70,-3,3
14223,126,128,-2,2
14224,112,116,-4,4
14225,93,104,-11,11
14226,89,97,-8,8
14227,93,101,-8,8
14228,48,49,-1,1
14229,153,145,8,8
14230,67,68,-1,1
14231,48,57,-9,9
14232,58,71,-13,13
14233,179,161,18,18
14234,91,94,-3,3
14235,123,121,2,2
14236,70,71,-1,1
14237,32,37,-5,5
14238,96,87,9,9
14239,53,57,-4,4
14240,99,102,-3,3
14241,133,118,15,15
14242,77,90,-13,13
14243,47,51,-4,4
14244,55,60,-5,5
14245,85,82,3,3
14246,135,128,7,7
14247,103,98,5,5
14248,62,75,-13,13
14249,73,75,-2,2
14250,117,130,-13,13
14251,112,106,6,6
14252,34,38,-4,4
14253,46,52,-6,6
14254,68,70,-2,2
14255,42,44,-2,2
14256,88,103,-15,15
14257,88,91,-3,3
14258,78,84,-6,6
14259,74,82,-8,8
14260,145,136,9,9
14261,144,135,9,9
14262,146,145,1,1
14263,50,58,-8,8
14264,134,120,14,14
14265,81,75,6,6
14266,81,77,4,4
14267,64,70,-6,6
14268,134,132,2,2
14269,177,171,6,6
14270,115,105,10,10
14271,105,107,-2,2
14272,142,131,11,11
14273,104,106,-2,2
14274,74,84,-10,10
14275,177,155,22,22
14276,47,52,-5,5
14277,127,131,-4,4
14278,186,161,25,25
14279,81,94,-13,13
14280,78,78,0,0
14281,155,139,16,16
14282,170,130,40,40
14283,97,94,3,3
14284,94,91,3,3
14285,77,83,-6,6
14286,83,86,-3,3
14287,109,108,1,1
14288,92,100,-8,8
14289,93,97,-4,4
14290,63,89,-26,26
14291,85,89,-4,4
14292,92,104,-12,12
14293,68,60,8,8
14294,111,115,-4,4
14295,181,166,15,15
14296,57,59,-2,2
14297,93,99,-6,6
14298,68,81,-13,13
14299,95,98,-3,3
14300,123,111,12,12
14301,58,65,-7,7
14302,159,140,19,19
14303,97,90,7,7
14304,82,84,-2,2
14305,70,67,3,3
14306,87,75,12,12
14307,63,70,-7,7
14308,138,131,7,7
14309,124,126,-2,2
14310,90,92,-2,2
14311,72,70,2,2
14312,82,93,-11,11
14313,102,120,-18,18
14314,149,125,24,24
14315,127,116,11,11
14316,127,104,23,23
14317,80,80,0,0
14318,79,73,6,6
14319,126,129,-3,3
14320,160,151,9,9
14321,88,90,-2,2
14322,57,50,7,7
14323,117,114,3,3
14324,88,83,5,5
14325,117,115,2,2
14326,108,105,3,3
14327,122,132,-10,10
14328,126,114,12,12
14329,137,132,5,5
14330,119,103,16,16
14331,94,100,-6,6
14332,89,74,15,15
14333,65,65,0,0
14334,80,82,-2,2
14335,73,76,-3,3
14336,137,124,13,13
14337,112,107,5,5
14338,93,96,-3,3
14339,121,99,22,22
14340,94,98,-4,4
14341,74,78,-4,4
14342,126,122,4,4
14343,102,94,8,8
14344,61,61,0,0
14345,107,109,-2,2
14346,187,170,17,17
14347,129,121,8,8
14348,96,101,-5,5
14349,85,78,7,7
14350,89,96,-7,7
14351,65,61,4,4
14352,67,77,-10,10
14353,95,92,3,3
14354,90,85,5,5
14355,70,88,-18,18
14356,51,63,-12,12
14357,67,76,-9,9
14358,105,96,9,9
14359,72,91,-19,19
14360,73,69,4,4
14361,90,96,-6,6
14362,60,60,0,0
14363,125,121,4,4
14364,128,116,12,12
14365,114,107,7,7
14366,80,66,14,14
14367,130,113,17,17
14368,170,181,-11,11
14369,163,163,0,0
14370,121,107,14,14
14371,65,71,-6,6
14372,110,107,3,3
14373,86,90,-4,4
14374,136,132,4,4
14375,95,99,-4,4
14376,82,82,0,0
14377,117,109,8,8
14378,122,123,-1,1
14379,61,60,1,1
14380,49,56,-7,7
14381,188,165,23,23
14382,61,70,-9,9
14383,164,163,1,1
14384,64,70,-6,6
14385,100,94,6,6
14386,75,74,1,1
14387,90,91,-1,1
14388,83,78,5,5
14389,74,82,-8,8
14390,88,90,-2,2
14391,110,102,8,8
14392,104,102,2,2
14393,61,69,-8,8
14394,80,92,-12,12
14395,121,111,10,10
14396,72,74,-2,2
14397,80,83,-3,3
14398,38,44,-6,6
14399,136,118,18,18
14400,85,93,-8,8
14401,86,89,-3,3
14402,129,125,4,4
14403,58,62,-4,4
14404,73,80,-7,7
14405,135,135,0,0
14406,106,115,-9,9
14407,53,58,-5,5
14408,54,65,-11,11
14409,62,80,-18,18
14410,91,99,-8,8
14411,61,62,-1,1
14412,56,66,-10,10
14413,53,60,-7,7
14414,67,71,-4,4
14415,81,91,-10,10
14416,77,84,-7,7
14417,92,92,0,0
14418,181,169,12,12
14419,68,75,-7,7
14420,73,77,-4,4
14421,102,100,2,2
14422,85,87,-2,2
14423,78,83,-5,5
14424,85,80,5,5
14425,86,95,-9,9
14426,61,59,2,2
14427,60,62,-2,2
14428,70,79,-9,9
14429,63,72,-9,9
14430,141,147,-6,6
14431,82,76,6,6
14432,125,115,10,10
14433,25,32,-7,7
14434,124,114,10,10
14435,42,48,-6,6
14436,123,130,-7,7
14437,50,58,-8,8
14438,94,102,-8,8
14439,175,159,16,16
14440,119,117,2,2
14441,97,98,-1,1
14442,112,109,3,3
14443,105,105,0,0
14444,85,85,0,0
14445,117,122,-5,5
14446,140,136,4,4
14447,117,108,9,9
14448,45,49,-4,4
14449,73,77,-4,4
14450,71,83,-12,12
14451,41,45,-4,4
14452,134,127,7,7
14453,102,103,-1,1
14454,69,73,-4,4
14455,98,105,-7,7
14456,113,105,8,8
14457,90,93,-3,3
14458,67,71,-4,4
14459,83,91,-8,8
14460,64,68,-4,4
14461,192,163,29,29
14462,93,84,9,9
14463,111,112,-1,1
14464,122,125,-3,3
14465,89,102,-13,13
14466,77,97,-20,20
14467,66,71,-5,5
14468,57,63,-6,6
14469,84,90,-6,6
14470,90,92,-2,2
14471,103,103,0,0
14472,144,137,7,7
14473,120,108,12,12
14474,105,103,2,2
14475,121,116,5,5
14476,51,98,-47,47
14477,91,84,7,7
14478,73,84,-11,11
14479,60,67,-7,7
14480,50,53,-3,3
14481,94,102,-8,8
14482,107,100,7,7
14483,62,60,2,2
14484,77,78,-1,1
14485,109,104,5,5
14486,113,107,6,6
14487,95,99,-4,4
14488,153,162,-9,9
14489,146,127,19,19
14490,75,79,-4,4
14491,97,101,-4,4
14492,96,100,-4,4
14493,112,127,-15,15
14494,93,105,-12,12
14495,88,91,-3,3
14496,143,129,14,14
14497,131,130,1,1
14498,92,94,-2,2
14499,77,76,1,1
14500,94,95,-1,1
14501,60,74,-14,14
14502,70,73,-3,3
14503,73,73,0,0
14504,115,111,4,4
14505,111,112,-1,1
14506,41,46,-5,5
14507,49,53,-4,4
14508,141,137,4,4
14509,85,82,3,3
14510,89,92,-3,3
14511,84,75,9,9
14512,102,102,0,0
14513,100,105,-5,5
14514,72,74,-2,2
14515,99,95,4,4
14516,68,68,0,0
14517,63,62,1,1
14518,156,159,-3,3
14519,113,106,7,7
14520,109,102,7,7
14521,141,135,6,6
14522,173,164,9,9
14523,95,102,-7,7
14524,89,97,-8,8
14525,103,98,5,5
14526,71,73,-2,2
14527,81,82,-1,1
14528,93,95,-2,2
14529,138,147,-9,9
14530,94,84,10,10
14531,168,146,22,22
14532,56,64,-8,8
14533,70,67,3,3
14534,143,123,20,20
14535,115,115,0,0
14536,78,75,3,3
14537,71,68,3,3
14538,61,63,-2,2
14539,174,161,13,13
14540,136,134,2,2
14541,137,140,-3,3
14542,64,62,2,2
14543,98,95,3,3
14544,61,70,-9,9
14545,79,78,1,1
14546,58,61,-3,3
14547,88,92,-4,4
14548,83,83,0,0
14549,58,66,-8,8
14550,113,102,11,11
14551,65,63,2,2
14552,98,99,-1,1
14553,98,93,5,5
14554,119,108,11,11
14555,81,84,-3,3
14556,107,107,0,0
14557,69,69,0,0
14558,102,105,-3,3
14559,64,70,-6,6
14560,92,99,-7,7
14561,91,80,11,11
14562,76,71,5,5
14563,120,114,6,6
14564,131,127,4,4
14565,73,67,6,6
14566,113,93,20,20
14567,46,60,-14,14
14568,31,31,0,0
14569,86,91,-5,5
14570,124,129,-5,5
14571,69,70,-1,1
14572,103,103,0,0
14573,78,87,-9,9
14574,85,79,6,6
14575,43,45,-2,2
14576,102,103,-1,1
14577,64,73,-9,9
14578,112,118,-6,6
14579,104,104,0,0
14580,116,116,0,0
14581,72,75,-3,3
14582,86,97,-11,11
14583,45,49,-4,4
14584,90,99,-9,9
14585,204,186,18,18
14586,38,48,-10,10
14587,95,82,13,13
14588,102,111,-9,9
14589,193,181,12,12
14590,130,121,9,9
14591,47,53,-6,6
14592,132,130,2,2
14593,176,145,31,31
14594,67,73,-6,6
14595,100,105,-5,5
14596,73,68,5,5
14597,44,56,-12,12
14598,65,74,-9,9
14599,34,44,-10,10
14600,56,70,-14,14
14601,87,92,-5,5
14602,87,107,-20,20
14603,44,57,-13,13
14604,115,103,12,12
14605,82,83,-1,1
14606,134,138,-4,4
14607,161,150,11,11
14608,61,62,-1,1
14609,150,141,9,9
14610,106,103,3,3
14611,68,70,-2,2
14612,106,97,9,9
14613,96,94,2,2
14614,142,144,-2,2
14615,74,68,6,6
14616,47,53,-6,6
14617,130,127,3,3
14618,121,120,1,1
14619,104,104,0,0
14620,79,82,-3,3
14621,85,82,3,3
14622,92,95,-3,3
14623,52,97,-45,45
14624,144,156,-12,12
14625,92,84,8,8
14626,58,57,1,1
14627,116,120,-4,4
14628,71,78,-7,7
14629,65,64,1,1
14630,86,81,5,5
14631,51,59,-8,8
14632,51,61,-10,10
14633,169,158,11,11
14634,117,121,-4,4
14635,94,95,-1,1
14636,77,76,1,1
14637,61,65,-4,4
14638,64,67,-3,3
14639,38,46,-8,8
14640,54,56,-2,2
14641,70,74,-4,4
14642,77,82,-5,5
14643,127,115,12,12
14644,58,65,-7,7
14645,84,88,-4,4
14646,89,96,-7,7
14647,52,54,-2,2
14648,73,75,-2,2
14649,64,74,-10,10
14650,53,65,-12,12
14651,112,104,8,8
14652,92,95,-3,3
14653,90,85,5,5
14654,72,74,-2,2
14655,99,105,-6,6
14656,84,81,3,3
14657,90,93,-3,3
14658,135,135,0,0
14659,91,90,1,1
14660,81,93,-12,12
14661,119,112,7,7
14662,70,76,-6,6
14663,62,67,-5,5
14664,80,83,-3,3
14665,69,69,0,0
14666,107,116,-9,9
14667,145,136,9,9
14668,137,128,9,9
14669,94,100,-6,6
14670,158,140,18,18
14671,174,169,5,5
14672,100,105,-5,5
14673,141,127,14,14
14674,131,126,5,5
14675,168,159,9,9
14676,98,98,0,0
14677,116,120,-4,4
14678,101,97,4,4
14679,89,105,-16,16
14680,119,115,4,4
14681,139,136,3,3
14682,25,27,-2,2
14683,106,106,0,0
14684,161,157,4,4
14685,123,117,6,6
14686,87,90,-3,3
14687,58,65,-7,7
14688,62,68,-6,6
14689,89,92,-3,3
14690,81,78,3,3
14691,70,67,3,3
14692,78,77,1,1
14693,163,157,6,6
14694,46,69,-23,23
14695,57,61,-4,4
14696,108,103,5,5
14697,148,115,33,33
14698,74,79,-5,5
14699,54,62,-8,8
14700,64,75,-11,11
14701,162,139,23,23
14702,124,114,10,10
14703,75,78,-3,3
14704,76,77,-1,1
14705,81,93,-12,12
14706,56,64,-8,8
14707,90,90,0,0
14708,70,79,-9,9
14709,66,84,-18,18
14710,75,80,-5,5
14711,95,109,-14,14
14712,123,123,0,0
14713,125,116,9,9
14714,44,50,-6,6
14715,141,137,4,4
14716,53,61,-8,8
14717,97,96,1,1
14718,100,99,1,1
14719,78,97,-19,19
14720,199,182,17,17
14721,124,115,9,9
14722,56,72,-16,16
14723,62,61,1,1
14724,109,104,5,5
14725,149,129,20,20
14726,101,102,-1,1
14727,129,119,10,10
14728,138,121,17,17
14729,118,121,-3,3
14730,151,145,6,6
14731,58,58,0,0
14732,148,142,6,6
14733,89,93,-4,4
14734,93,101,-8,8
14735,111,104,7,7
14736,131,126,5,5
14737,106,113,-7,7
14738,123,115,8,8
14739,119,140,-21,21
14740,106,108,-2,2
14741,121,115,6,6
14742,74,68,6,6
14743,94,98,-4,4
14744,83,75,8,8
14745,159,147,12,12
14746,126,113,13,13
14747,71,74,-3,3
14748,52,52,0,0
14749,139,141,-2,2
14750,98,96,2,2
14751,94,95,-1,1
14752,58,59,-1,1
14753,126,124,2,2
14754,65,69,-4,4
14755,98,91,7,7
14756,170,160,10,10
14757,71,82,-11,11
14758,63,74,-11,11
14759,74,80,-6,6
14760,119,115,4,4
14761,73,88,-15,15
14762,88,91,-3,3
14763,96,101,-5,5
14764,125,127,-2,2
14765,119,116,3,3
14766,88,91,-3,3
14767,98,93,5,5
14768,103,115,-12,12
14769,95,94,1,1
14770,80,83,-3,3
14771,88,92,-4,4
14772,50,54,-4,4
14773,81,79,2,2
14774,72,69,3,3
14775,56,48,8,8
14776,54,60,-6,6
14777,70,80,-10,10
14778,92,88,4,4
14779,79,81,-2,2
14780,64,70,-6,6
14781,121,118,3,3
14782,55,58,-3,3
14783,110,105,5,5
14784,142,130,12,12
14785,160,151,9,9
14786,61,63,-2,2
14787,59,61,-2,2
14788,102,110,-8,8
14789,95,97,-2,2
14790,62,69,-7,7
14791,142,137,5,5
14792,91,79,12,12
14793,114,110,4,4
14794,54,56,-2,2
14795,93,102,-9,9
14796,96,95,1,1
14797,75,73,2,2
14798,95,93,2,2
14799,59,66,-7,7
14800,87,77,10,10
14801,121,107,14,14
14802,85,92,-7,7
14803,74,77,-3,3
14804,94,98,-4,4
14805,117,120,-3,3
14806,136,131,5,5
14807,51,57,-6,6
14808,143,135,8,8
14809,110,107,3,3
14810,112,105,7,7
14811,59,58,1,1
14812,69,69,0,0
14813,92,93,-1,1
14814,92,99,-7,7
14815,125,114,11,11
14816,93,90,3,3
14817,94,91,3,3
14818,183,160,23,23
14819,158,156,2,2
14820,126,125,1,1
14821,201,183,18,18
14822,96,90,6,6
14823,69,88,-19,19
14824,112,119,-7,7
14825,60,70,-10,10
14826,81,77,4,4
14827,229,210,19,19
14828,81,78,3,3
14829,49,61,-12,12
14830,98,93,5,5
14831,104,101,3,3
14832,117,110,7,7
14833,91,95,-4,4
14834,96,88,8,8
14835,82,82,0,0
14836,193,164,29,29
14837,75,82,-7,7
14838,101,104,-3,3
14839,128,115,13,13
14840,103,102,1,1
14841,84,82,2,2
14842,162,146,16,16
14843,117,117,0,0
14844,104,124,-20,20
14845,85,87,-2,2
14846,90,93,-3,3
14847,67,72,-5,5
14848,91,83,8,8
14849,152,144,8,8
14850,60,62,-2,2
14851,107,105,2,2
14852,114,128,-14,14
14853,95,100,-5,5
14854,85,91,-6,6
14855,72,104,-32,32
14856,66,82,-16,16
14857,81,90,-9,9
14858,112,105,7,7
14859,39,45,-6,6
14860,125,138,-13,13
14861,67,70,-3,3
14862,103,96,7,7
14863,44,60,-16,16
14864,52,55,-3,3
14865,58,64,-6,6
14866,105,110,-5,5
14867,55,68,-13,13
14868,107,125,-18,18
14869,102,115,-13,13
14870,61,79,-18,18
14871,129,126,3,3
14872,72,73,-1,1
14873,144,141,3,3
14874,67,73,-6,6
14875,131,118,13,13
14876,59,65,-6,6
14877,142,133,9,9
14878,80,84,-4,4
14879,95,93,2,2
14880,62,72,-10,10
14881,99,102,-3,3
14882,69,82,-13,13
14883,36,46,-10,10
14884,53,59,-6,6
14885,174,150,24,24
14886,120,116,4,4
14887,60,71,-11,11
14888,44,44,0,0
14889,104,107,-3,3
14890,70,69,1,1
14891,80,76,4,4
14892,72,70,2,2
14893,114,121,-7,7
14894,110,110,0,0
14895,69,67,2,2
14896,108,103,5,5
14897,136,128,8,8
14898,62,69,-7,7
14899,170,165,5,5
14900,109,101,8,8
14901,85,91,-6,6
14902,93,83,10,10
14903,117,111,6,6
14904,102,84,18,18
14905,123,119,4,4
14906,91,106,-15,15
14907,65,70,-5,5
14908,52,58,-6,6
14909,139,121,18,18
14910,88,94,-6,6
14911,67,84,-17,17
14912,143,138,5,5
14913,153,151,2,2
14914,65,70,-5,5
14915,84,92,-8,8
14916,101,110,-9,9
14917,90,116,-26,26
14918,75,75,0,0
14919,95,97,-2,2
14920,197,166,31,31
14921,60,63,-3,3
14922,152,147,5,5
14923,69,67,2,2
14924,79,83,-4,4
14925,63,71,-8,8
14926,114,111,3,3
14927,94,92,2,2
14928,107,104,3,3
14929,94,95,-1,1
14930,68,71,-3,3
14931,95,99,-4,4
14932,123,114,9,9
14933,81,82,-1,1
14934,141,121,20,20
14935,78,82,-4,4
14936,100,105,-5,5
14937,120,114,6,6
14938,36,33,3,3
14939,81,90,-9,9
14940,118,102,16,16
14941,122,123,-1,1
14942,80,72,8,8
14943,130,116,14,14
14944,44,47,-3,3
14945,170,164,6,6
14946,74,96,-22,22
14947,66,74,-8,8
14948,192,174,18,18
14949,84,91,-7,7
14950,116,136,-20,20
14951,81,83,-2,2
14952,43,46,-3,3
14953,69,72,-3,3
14954,63,65,-2,2
14955,94,94,0,0
14956,84,83,1,1
14957,56,57,-1,1
14958,106,113,-7,7
14959,152,128,24,24
14960,92,94,-2,2
14961,68,68,0,0
14962,87,94,-7,7
14963,88,99,-11,11
14964,78,83,-5,5
14965,64,75,-11,11
14966,147,139,8,8
14967,57,59,-2,2
14968,81,88,-7,7
14969,59,68,-9,9
14970,70,72,-2,2
14971,87,97,-10,10
14972,90,84,6,6
14973,87,80,7,7
14974,49,52,-3,3
14975,160,136,24,24
14976,131,118,13,13
14977,83,89,-6,6
14978,44,52,-8,8
14979,44,52,-8,8
14980,52,59,-7,7
14981,102,107,-5,5
14982,69,73,-4,4
14983,99,100,-1,1
14984,81,93,-12,12
14985,91,103,-12,12
14986,87,90,-3,3
14987,57,59,-2,2
14988,82,93,-11,11
14989,56,62,-6,6
14990,76,81,-5,5
14991,79,83,-4,4
14992,78,75,3,3
14993,121,107,14,14
14994,119,101,18,18
14995,68,76,-8,8
14996,146,135,11,11
14997,106,92,14,14
14998,132,116,16,16
14999,47,51,-4,4
15000,70,72,-2,2
15001,114,102,12,12
15002,71,71,0,0
15003,85,100,-15,15
15004,132,121,11,11
15005,33,35,-2,2
15006,16,39,-23,23
15007,68,72,-4,4
15008,62,67,-5,5
15009,84,92,-8,8
15010,50,60,-10,10
15011,91,95,-4,4
15012,116,112,4,4
15013,97,97,0,0
15014,126,131,-5,5
15015,102,106,-4,4
15016,111,100,11,11
15017,113,109,4,4
15018,149,132,17,17
15019,87,74,13,13
15020,120,108,12,12
15021,124,124,0,0
15022,145,126,19,19
15023,78,81,-3,3
15024,158,150,8,8
15025,47,59,-12,12
15026,228,187,41,41
15027,86,94,-8,8
15028,97,98,-1,1
15029,105,103,2,2
15030,59,68,-9,9
15031,134,110,24,24
15032,122,125,-3,3
15033,116,131,-15,15
15034,72,87,-15,15
15035,95,107,-12,12
15036,48,53,-5,5
15037,71,72,-1,1
15038,164,165,-1,1
15039,80,83,-3,3
15040,96,92,4,4
15041,133,117,16,16
15042,121,125,-4,4
15043,122,124,-2,2
15044,99,94,5,5
15045,96,92,4,4
15046,41,53,-12,12
15047,157,136,21,21
15048,104,88,16,16
15049,65,73,-8,8
15050,103,109,-6,6
15051,118,113,5,5
15052,99,101,-2,2
15053,126,111,15,15
15054,106,103,3,3
15055,55,53,2,2
15056,75,74,1,1
15057,69,77,-8,8
15058,107,107,0,0
15059,122,120,2,2
15060,63,70,-7,7
15061,107,103,4,4
15062,96,116,-20,20
15063,62,73,-11,11
15064,72,75,-3,3
15065,152,142,10,10
15066,65,71,-6,6
15067,78,78,0,0
15068,115,113,2,2
15069,113,104,9,9
15070,113,98,15,15
15071,105,102,3,3
15072,116,114,2,2
15073,158,148,10,10
15074,57,65,-8,8
15075,141,137,4,4
15076,82,82,0,0
15077,106,107,-1,1
15078,96,90,6,6
15079,104,103,1,1
15080,98,93,5,5
15081,83,97,-14,14
15082,138,127,11,11
15083,148,139,9,9
15084,71,73,-2,2
15085,90,100,-10,10
15086,134,119,15,15
15087,129,135,-6,6
15088,127,128,-1,1
15089,77,77,0,0
15090,69,76,-7,7
15091,102,104,-2,2
15092,69,75,-6,6
15093,65,68,-3,3
15094,102,110,-8,8
15095,56,71,-15,15
15096,123,112,11,11
15097,73,70,3,3
15098,61,74,-13,13
15099,102,114,-12,12
15100,98,99,-1,1
15101,80,76,4,4
15102,85,91,-6,6
15103,61,62,-1,1
15104,127,121,6,6
15105,68,71,-3,3
15106,127,130,-3,3
15107,71,70,1,1
15108,71,61,10,10
15109,149,140,9,9
15110,91,89,2,2
15111,98,103,-5,5
15112,51,59,-8,8
15113,90,86,4,4
15114,105,113,-8,8
15115,84,85,-1,1
15116,98,96,2,2
15117,188,191,-3,3
15118,57,59,-2,2
15119,135,111,24,24
15120,107,98,9,9
15121,166,156,10,10
15122,102,100,2,2
15123,162,149,13,13
15124,74,72,2,2
15125,81,90,-9,9
15126,58,62,-4,4
15127,93,81,12,12
15128,67,66,1,1
15129,136,141,-5,5
15130,122,122,0,0
15131,114,115,-1,1
15132,66,65,1,1
15133,121,108,13,13
15134,82,91,-9,9
15135,110,104,6,6
15136,63,70,-7,7
15137,108,106,2,2
15138,77,75,2,2
15139,86,86,0,0
15140,74,70,4,4
15141,101,104,-3,3
15142,114,117,-3,3
15143,105,103,2,2
15144,106,104,2,2
15145,83,82,1,1
15146,169,163,6,6
15147,71,73,-2,2
15148,87,94,-7,7
15149,67,69,-2,2
15150,86,113,-27,27
15151,244,224,20,20
15152,96,86,10,10
15153,136,134,2,2
15154,64,68,-4,4
15155,131,142,-11,11
15156,142,145,-3,3
15157,63,76,-13,13
15158,56,65,-9,9
15159,65,69,-4,4
15160,116,104,12,12
15161,57,58,-1,1
15162,109,117,-8,8
15163,114,121,-7,7
15164,68,69,-1,1
15165,114,112,2,2
15166,64,84,-20,20
15167,112,117,-5,5
15168,47,57,-10,10
15169,66,65,1,1
15170,81,91,-10,10
15171,127,130,-3,3
15172,109,107,2,2
15173,72,70,2,2
15174,94,98,-4,4
15175,46,54,-8,8
15176,113,86,27,27
15177,70,74,-4,4
15178,80,87,-7,7
15179,64,71,-7,7
15180,113,103,10,10
15181,56,65,-9,9
15182,112,105,7,7
15183,50,63,-13,13
15184,101,98,3,3
15185,173,168,5,5
15186,57,55,2,2
15187,104,103,1,1
15188,90,86,4,4
15189,76,75,1,1
15190,94,93,1,1
15191,105,117,-12,12
15192,121,116,5,5
15193,126,132,-6,6
15194,127,111,16,16
15195,116,116,0,0
15196,88,86,2,2
15197,62,73,-11,11
15198,190,183,7,7
15199,91,124,-33,33
15200,68,75,-7,7
15201,102,96,6,6
15202,150,117,33,33
15203,85,92,-7,7
15204,45,51,-6,6
15205,106,107,-1,1
15206,64,66,-2,2
15207,152,151,1,1
15208,124,124,0,0
15209,77,84,-7,7
15210,80,91,-11,11
15211,68,63,5,5
15212,131,131,0,0
15213,141,128,13,13
15214,138,124,14,14
15215,139,155,-16,16
15216,54,65,-11,11
15217,81,84,-3,3
15218,131,140,-9,9
15219,105,103,2,2
15220,88,82,6,6
15221,97,102,-5,5
15222,132,124,8,8
15223,80,86,-6,6
15224,83,90,-7,7
15225,56,66,-10,10
15226,68,82,-14,14
15227,88,90,-2,2
15228,101,105,-4,4
15229,123,116,7,7
15230,123,130,-7,7
15231,56,77,-21,21
15232,139,136,3,3
15233,102,108,-6,6
15234,53,55,-2,2
15235,145,140,5,5
15236,94,99,-5,5
15237,126,121,5,5
15238,92,84,8,8
15239,82,85,-3,3
15240,74,87,-13,13
15241,165,130,35,35
15242,99,105,-6,6
15243,139,143,-4,4
15244,84,75,9,9
15245,85,85,0,0
15246,63,68,-5,5
15247,174,149,25,25
15248,127,107,20,20
15249,93,105,-12,12
15250,106,103,3,3
15251,108,132,-24,24
15252,93,94,-1,1
15253,98,86,12,12
15254,91,94,-3,3
15255,68,71,-3,3
15256,98,99,-1,1
15257,264,243,21,21
15258,105,95,10,10
15259,71,79,-8,8
15260,57,56,1,1
15261,99,99,0,0
15262,87,83,4,4
15263,109,107,2,2
15264,132,130,2,2
15265,66,76,-10,10
15266,99,103,-4,4
15267,70,66,4,4
15268,111,106,5,5
15269,124,116,8,8
15270,53,63,-10,10
15271,113,103,10,10
15272,69,65,4,4
15273,69,80,-11,11
15274,80,82,-2,2
15275,87,90,-3,3
15276,117,107,10,10
15277,105,99,6,6
15278,64,61,3,3
15279,41,48,-7,7
15280,60,61,-1,1
15281,93,95,-2,2
15282,74,71,3,3
15283,100,94,6,6
15284,75,74,1,1
15285,117,107,10,10
15286,129,129,0,0
15287,145,141,4,4
15288,102,104,-2,2
15289,147,146,1,1
15290,55,63,-8,8
15291,91,89,2,2
15292,46,55,-9,9
15293,211,172,39,39
15294,125,135,-10,10
15295,76,78,-2,2
15296,84,83,1,1
15297,104,103,1,1
15298,62,71,-9,9
15299,77,84,-7,7
15300,100,94,6,6
15301,83,90,-7,7
15302,90,94,-4,4
15303,181,157,24,24
15304,132,143,-11,11
15305,88,87,1,1
15306,85,90,-5,5
15307,69,72,-3,3
15308,59,62,-3,3
15309,42,40,2,2
15310,138,127,11,11
15311,75,72,3,3
15312,116,116,0,0
15313,76,93,-17,17
15314,85,86,-1,1
15315,60,67,-7,7
15316,101,99,2,2
15317,117,123,-6,6
15318,73,85,-12,12
15319,65,71,-6,6
15320,136,136,0,0
15321,40,50,-10,10
15322,61,63,-2,2
15323,138,132,6,6
15324,55,63,-8,8
15325,87,82,5,5
15326,60,57,3,3
15327,42,44,-2,2
15328,184,186,-2,2
15329,136,138,-2,2
15330,46,63,-17,17
15331,157,119,38,38
15332,99,103,-4,4
15333,64,61,3,3
15334,95,95,0,0
15335,138,137,1,1
15336,63,69,-6,6
15337,72,68,4,4
15338,52,62,-10,10
15339,90,85,5,5
15340,78,85,-7,7
15341,97,102,-5,5
15342,118,108,10,10
15343,89,95,-6,6
15344,55,62,-7,7
15345,109,104,5,5
15346,64,73,-9,9
15347,103,98,5,5
15348,96,99,-3,3
15349,101,94,7,7
15350,130,124,6,6
15351,67,82,-15,15
15352,65,71,-6,6
15353,80,83,-3,3
15354,90,92,-2,2
15355,86,83,3,3
15356,62,64,-2,2
15357,162,154,8,8
15358,107,111,-4,4
15359,42,44,-2,2
15360,104,101,3,3
15361,125,119,6,6
15362,93,97,-4,4
15363,163,174,-11,11
15364,42,60,-18,18
15365,127,118,9,9
15366,94,102,-8,8
15367,88,91,-3,3
15368,147,138,9,9
15369,155,145,10,10
15370,107,100,7,7
15371,65,68,-3,3
15372,94,107,-13,13
15373,77,85,-8,8
15374,128,125,3,3
15375,70,74,-4,4
15376,51,64,-13,13
15377,101,107,-6,6
15378,108,99,9,9
15379,169,154,15,15
15380,56,65,-9,9
15381,114,104,10,10
15382,129,135,-6,6
15383,98,101,-3,3
15384,62,59,3,3
15385,52,57,-5,5
15386,125,109,16,16
15387,123,115,8,8
15388,107,106,1,1
15389,100,101,-1,1
15390,153,165,-12,12
15391,81,92,-11,11
15392,82,89,-7,7
15393,97,100,-3,3
15394,28,31,-3,3
15395,123,126,-3,3
15396,66,77,-11,11
15397,91,94,-3,3
15398,95,97,-2,2
15399,66,75,-9,9
15400,105,108,-3,3
15401,64,66,-2,2
15402,106,102,4,4
15403,136,124,12,12
15404,87,91,-4,4
15405,71,68,3,3
15406,116,122,-6,6
15407,88,95,-7,7
15408,53,59,-6,6
15409,126,115,11,11
15410,144,129,15,15
15411,74,82,-8,8
15412,63,69,-6,6
15413,72,76,-4,4
15414,73,68,5,5
15415,76,81,-5,5
15416,88,90,-2,2
15417,78,83,-5,5
15418,103,102,1,1
15419,76,71,5,5
15420,41,82,-41,41
15421,231,204,27,27
15422,134,129,5,5
15423,126,107,19,19
15424,138,126,12,12
15425,103,111,-8,8
15426,90,96,-6,6
15427,73,73,0,0
15428,63,76,-13,13
15429,81,90,-9,9
15430,120,104,16,16
15431,92,98,-6,6
15432,100,103,-3,3
15433,51,63,-12,12
15434,116,118,-2,2
15435,97,98,-1,1
15436,87,74,13,13
15437,138,125,13,13
15438,52,64,-12,12
15439,36,44,-8,8
15440,167,165,2,2
15441,80,94,-14,14
15442,117,115,2,2
15443,91,84,7,7
15444,163,147,16,16
15445,112,127,-15,15
15446,75,82,-7,7
15447,119,113,6,6
15448,61,68,-7,7
15449,71,68,3,3
15450,117,117,0,0
15451,115,127,-12,12
15452,99,104,-5,5
15453,125,123,2,2
15454,100,102,-2,2
15455,153,133,20,20
15456,146,146,0,0
15457,157,141,16,16
15458,104,105,-1,1
15459,130,120,10,10
15460,137,144,-7,7
15461,105,112,-7,7
15462,101,94,7,7
15463,110,115,-5,5
15464,97,94,3,3
15465,87,79,8,8
15466,107,105,2,2
15467,87,91,-4,4
15468,90,76,14,14
15469,90,91,-1,1
15470,118,117,1,1
15471,57,67,-10,10
15472,108,113,-5,5
15473,51,60,-9,9
15474,56,77,-21,21
15475,53,70,-17,17
15476,55,63,-8,8
15477,68,82,-14,14
15478,61,68,-7,7
15479,142,142,0,0
15480,83,87,-4,4
15481,56,67,-11,11
15482,60,72,-12,12
15483,59,67,-8,8
15484,119,120,-1,1
15485,60,71,-11,11
15486,60,67,-7,7
15487,106,104,2,2
15488,78,82,-4,4
15489,83,82,1,1
15490,63,70,-7,7
15491,147,143,4,4
15492,182,173,9,9
15493,129,125,4,4
15494,97,102,-5,5
15495,115,109,6,6
15496,105,111,-6,6
15497,102,109,-7,7
15498,127,129,-2,2
15499,157,148,9,9
15500,84,83,1,1
15501,152,137,15,15
15502,74,79,-5,5
15503,79,82,-3,3
15504,123,129,-6,6
15505,135,141,-6,6
15506,82,84,-2,2
15507,111,113,-2,2
15508,62,90,-28,28
15509,59,68,-9,9
15510,77,91,-14,14
15511,63,73,-10,10
15512,81,85,-4,4
15513,56,60,-4,4
15514,69,75,-6,6
15515,65,75,-10,10
15516,82,83,-1,1
15517,91,93,-2,2
15518,190,156,34,34
15519,185,169,16,16
15520,131,124,7,7
15521,65,67,-2,2
15522,158,146,12,12
15523,144,149,-5,5
15524,73,85,-12,12
15525,80,86,-6,6
15526,152,143,9,9
15527,62,70,-8,8
15528,64,72,-8,8
15529,65,71,-6,6
15530,146,137,9,9
15531,124,120,4,4
15532,108,102,6,6
15533,131,118,13,13
15534,107,111,-4,4
15535,104,104,0,0
15536,78,74,4,4
15537,115,116,-1,1
15538,159,146,13,13
15539,103,105,-2,2
15540,101,103,-2,2
15541,63,61,2,2
15542,160,152,8,8
15543,61,69,-8,8
15544,60,63,-3,3
15545,130,134,-4,4
15546,96,96,0,0
15547,84,90,-6,6
15548,93,94,-1,1
15549,110,109,1,1
15550,66,65,1,1
15551,77,75,2,2
15552,103,104,-1,1
15553,78,84,-6,6
15554,147,136,11,11
15555,87,92,-5,5
15556,84,78,6,6
15557,83,81,2,2
15558,69,68,1,1
15559,180,165,15,15
15560,140,137,3,3
15561,57,62,-5,5
15562,120,117,3,3
15563,62,67,-5,5
15564,79,80,-1,1
15565,127,126,1,1
15566,64,73,-9,9
15567,81,74,7,7
15568,100,96,4,4
15569,118,116,2,2
15570,85,75,10,10
15571,77,87,-10,10
15572,104,97,7,7
15573,72,72,0,0
15574,101,99,2,2
15575,95,102,-7,7
15576,98,95,3,3
15577,62,64,-2,2
15578,98,95,3,3
15579,113,120,-7,7
15580,62,65,-3,3
15581,52,64,-12,12
15582,112,101,11,11
15583,80,83,-3,3
15584,106,116,-10,10
15585,63,70,-7,7
15586,49,65,-16,16
15587,72,75,-3,3
15588,117,104,13,13
15589,116,113,3,3
15590,94,94,0,0
15591,95,100,-5,5
15592,83,98,-15,15
15593,119,120,-1,1
15594,106,107,-1,1
15595,92,84,8,8
15596,70,80,-10,10
15597,133,130,3,3
15598,64,65,-1,1
15599,169,155,14,14
15600,93,91,2,2
15601,102,103,-1,1
15602,87,84,3,3
15603,71,74,-3,3
15604,62,70,-8,8
15605,59,58,1,1
15606,85,85,0,0
15607,72,75,-3,3
15608,50,56,-6,6
15609,92,92,0,0
15610,127,124,3,3
15611,57,59,-2,2
15612,107,104,3,3
15613,65,64,1,1
15614,82,86,-4,4
15615,81,89,-8,8
15616,98,100,-2,2
15617,82,79,3,3
15618,110,123,-13,13
15619,166,156,10,10
15620,107,105,2,2
15621,50,61,-11,11
15622,148,136,12,12
15623,70,72,-2,2
15624,100,92,8,8
15625,108,108,0,0
15626,113,112,1,1
15627,53,67,-14,14
15628,126,123,3,3
15629,72,75,-3,3
15630,197,179,18,18
15631,47,50,-3,3
15632,89,91,-2,2
15633,143,130,13,13
15634,119,116,3,3
15635,76,82,-6,6
15636,73,83,-10,10
15637,68,77,-9,9
15638,111,106,5,5
15639,121,107,14,14
15640,92,101,-9,9
15641,113,107,6,6
15642,98,103,-5,5
15643,152,154,-2,2
15644,80,84,-4,4
15645,82,83,-1,1
15646,128,120,8,8
15647,49,62,-13,13
15648,128,128,0,0
15649,63,68,-5,5
15650,52,59,-7,7
15651,89,91,-2,2
15652,68,64,4,4
15653,109,106,3,3
15654,83,85,-2,2
15655,97,100,-3,3
15656,73,76,-3,3
15657,75,74,1,1
15658,127,120,7,7
15659,52,81,-29,29
15660,69,62,7,7
15661,152,143,9,9
15662,87,91,-4,4
15663,130,114,16,16
15664,72,86,-14,14
15665,114,119,-5,5
15666,75,74,1,1
15667,136,124,12,12
15668,77,78,-1,1
15669,88,85,3,3
15670,64,73,-9,9
15671,90,82,8,8
15672,174,169,5,5
15673,57,68,-11,11
15674,56,66,-10,10
15675,78,79,-1,1
15676,81,81,0,0
15677,67,64,3,3
15678,123,108,15,15
15679,146,141,5,5
15680,123,124,-1,1
15681,98,104,-6,6
15682,61,66,-5,5
15683,109,111,-2,2
15684,76,85,-9,9
15685,121,119,2,2
15686,81,84,-3,3
15687,38,56,-18,18
15688,70,73,-3,3
15689,83,78,5,5
15690,100,99,1,1
15691,79,91,-12,12
15692,98,105,-7,7
15693,79,77,2,2
15694,196,174,22,22
15695,137,135,2,2
15696,67,72,-5,5
15697,87,94,-7,7
15698,79,83,-4,4
15699,84,86,-2,2
15700,104,116,-12,12
15701,105,110,-5,5
15702,113,105,8,8
15703,54,57,-3,3
15704,77,76,1,1
15705,124,124,0,0
15706,103,99,4,4
15707,175,157,18,18
15708,67,65,2,2
15709,86,89,-3,3
15710,65,73,-8,8
15711,74,73,1,1
15712,85,59,26,26
15713,77,79,-2,2
15714,94,94,0,0
15715,163,139,24,24
15716,107,107,0,0
15717,126,125,1,1
15718,97,97,0,0
15719,80,82,-2,2
15720,150,154,-4,4
15721,67,74,-7,7
15722,120,105,15,15
15723,86,97,-11,11
15724,80,82,-2,2
15725,79,77,2,2
15726,98,98,0,0
15727,100,104,-4,4
15728,105,107,-2,2
15729,140,153,-13,13
15730,110,102,8,8
15731,101,99,2,2
15732,50,57,-7,7
15733,132,127,5,5
15734,160,157,3,3
15735,119,109,10,10
15736,94,94,0,0
15737,83,82,1,1
15738,92,92,0,0
15739,76,68,8,8
15740,103,100,3,3
15741,93,100,-7,7
15742,67,73,-6,6
15743,104,113,-9,9
15744,123,118,5,5
15745,90,84,6,6
15746,75,82,-7,7
15747,120,116,4,4
15748,66,65,1,1
15749,106,110,-4,4
15750,120,114,6,6
15751,98,86,12,12
15752,105,110,-5,5
15753,97,100,-3,3
15754,101,97,4,4
15755,80,82,-2,2
15756,87,91,-4,4
15757,68,69,-1,1
15758,160,144,16,16
15759,77,82,-5,5
15760,65,70,-5,5
15761,90,97,-7,7
15762,34,41,-7,7
15763,90,101,-11,11
15764,83,76,7,7
15765,47,50,-3,3
15766,47,72,-25,25
15767,106,112,-6,6
15768,63,70,-7,7
15769,96,102,-6,6
15770,108,121,-13,13
15771,85,90,-5,5
15772,157,141,16,16
15773,90,72,18,18
15774,116,120,-4,4
15775,132,130,2,2
15776,123,121,2,2
15777,118,116,2,2
15778,45,58,-13,13
15779,60,64,-4,4
15780,179,155,24,24
15781,111,110,1,1
15782,118,121,-3,3
15783,87,99,-12,12
15784,51,64,-13,13
15785,37,48,-11,11
15786,91,93,-2,2
15787,69,74,-5,5
15788,130,116,14,14
15789,102,109,-7,7
15790,93,103,-10,10
15791,129,124,5,5
15792,54,57,-3,3
15793,70,73,-3,3
15794,125,110,15,15
15795,59,67,-8,8
15796,46,42,4,4
15797,64,70,-6,6
15798,113,103,10,10
15799,110,95,15,15
15800,46,56,-10,10
15801,134,139,-5,5
15802,71,86,-15,15
15803,143,138,5,5
15804,63,70,-7,7
15805,120,117,3,3
15806,86,82,4,4
15807,74,85,-11,11
15808,118,122,-4,4
15809,61,66,-5,5
15810,65,67,-2,2
15811,136,121,15,15
15812,85,93,-8,8
15813,105,92,13,13
15814,146,139,7,7
15815,98,106,-8,8
15816,30,49,-19,19
15817,76,81,-5,5
15818,148,137,11,11
15819,126,119,7,7
15820,121,116,5,5
15821,173,127,46,46
15822,68,87,-19,19
15823,100,104,-4,4
15824,109,113,-4,4
15825,73,81,-8,8
15826,97,101,-4,4
15827,92,85,7,7
15828,97,94,3,3
15829,88,103,-15,15
15830,159,142,17,17
15831,104,102,2,2
15832,65,70,-5,5
15833,84,82,2,2
15834,82,83,-1,1
15835,100,110,-10,10
15836,105,103,2,2
15837,70,81,-11,11
15838,77,72,5,5
15839,111,110,1,1
15840,96,90,6,6
15841,98,106,-8,8
15842,89,93,-4,4
15843,62,71,-9,9
15844,144,127,17,17
15845,134,128,6,6
15846,96,98,-2,2
15847,64,76,-12,12
15848,74,76,-2,2
15849,113,105,8,8
15850,125,131,-6,6
15851,122,114,8,8
15852,66,77,-11,11
15853,46,53,-7,7
15854,115,115,0,0
15855,59,59,0,0
15856,76,76,0,0
15857,97,96,1,1
15858,125,125,0,0
15859,138,111,27,27
15860,24,29,-5,5
15861,34,40,-6,6
15862,77,76,1,1
15863,112,121,-9,9
15864,123,123,0,0
15865,88,90,-2,2
15866,130,123,7,7
15867,108,106,2,2
15868,52,53,-1,1
15869,112,120,-8,8
15870,41,43,-2,2
15871,68,78,-10,10
15872,111,108,3,3
15873,97,106,-9,9
15874,73,75,-2,2
15875,75,75,0,0
15876,79,97,-18,18
15877,62,73,-11,11
15878,75,94,-19,19
15879,128,120,8,8
15880,113,115,-2,2
15881,49,49,0,0
15882,65,64,1,1
15883,64,68,-4,4
15884,97,106,-9,9
15885,117,103,14,14
15886,62,65,-3,3
15887,75,95,-20,20
15888,80,86,-6,6
15889,63,72,-9,9
15890,50,61,-11,11
15891,112,113,-1,1
15892,129,126,3,3
15893,78,75,3,3
15894,102,104,-2,2
15895,101,93,8,8
15896,67,73,-6,6
15897,49,53,-4,4
15898,184,163,21,21
15899,81,83,-2,2
15900,70,74,-4,4
15901,95,92,3,3
15902,111,104,7,7
15903,141,132,9,9
15904,105,110,-5,5
15905,54,51,3,3
15906,78,80,-2,2
15907,155,140,15,15
15908,134,124,10,10
15909,88,83,5,5
15910,66,75,-9,9
15911,64,70,-6,6
15912,60,74,-14,14
15913,94,92,2,2
15914,103,96,7,7
15915,146,140,6,6
15916,74,83,-9,9
15917,73,68,5,5
15918,62,71,-9,9
15919,103,105,-2,2
15920,126,120,6,6
15921,96,90,6,6
15922,160,143,17,17
15923,118,113,5,5
15924,128,116,12,12
15925,191,180,11,11
15926,123,116,7,7
15927,107,107,0,0
15928,55,58,-3,3
15929,47,44,3,3
15930,55,56,-1,1
15931,58,63,-5,5
15932,107,105,2,2
15933,76,76,0,0
15934,96,90,6,6
15935,57,60,-3,3
15936,110,118,-8,8
15937,79,75,4,4
15938,65,74,-9,9
15939,123,115,8,8
15940,61,55,6,6
15941,65,76,-11,11
15942,113,108,5,5
15943,49,51,-2,2
15944,82,97,-15,15
15945,98,103,-5,5
15946,75,80,-5,5
15947,112,117,-5,5
15948,113,104,9,9
15949,94,99,-5,5
15950,58,51,7,7
15951,64,67,-3,3
15952,105,110,-5,5
15953,101,102,-1,1
15954,68,73,-5,5
15955,101,94,7,7
15956,52,54,-2,2
15957,70,69,1,1
15958,97,128,-31,31
15959,117,105,12,12
15960,68,72,-4,4
15961,127,109,18,18
15962,69,81,-12,12
15963,90,102,-12,12
15964,40,50,-10,10
15965,114,106,8,8
15966,98,98,0,0
15967,66,70,-4,4
15968,67,81,-14,14
15969,190,184,6,6
15970,104,99,5,5
15971,74,83,-9,9
15972,69,60,9,9
15973,86,95,-9,9
15974,102,94,8,8
15975,122,117,5,5
15976,142,130,12,12
15977,103,94,9,9
15978,164,148,16,16
15979,110,123,-13,13
15980,64,68,-4,4
15981,74,73,1,1
15982,61,62,-1,1
15983,63,72,-9,9
15984,100,94,6,6
15985,107,109,-2,2
15986,102,101,1,1
15987,31,43,-12,12
15988,147,137,10,10
15989,60,67,-7,7
15990,86,83,3,3
15991,114,120,-6,6
15992,103,115,-12,12
15993,75,80,-5,5
15994,95,105,-10,10
15995,87,82,5,5
15996,99,91,8,8
15997,114,115,-1,1
15998,76,84,-8,8
15999,120,121,-1,1
16000,90,84,6,6
16001,64,63,1,1
16002,113,109,4,4
16003,66,68,-2,2
16004,123,110,13,13
16005,132,117,15,15
16006,124,106,18,18
16007,56,60,-4,4
16008,125,130,-5,5
16009,101,101,0,0
16010,89,85,4,4
16011,57,71,-14,14
16012,98,94,4,4
16013,101,102,-1,1
16014,82,93,-11,11
16015,128,133,-5,5
16016,56,62,-6,6
16017,162,160,2,2
16018,84,93,-9,9
16019,79,78,1,1
16020,53,62,-9,9
16021,55,63,-8,8
16022,62,63,-1,1
16023,73,78,-5,5
16024,42,48,-6,6
16025,127,135,-8,8
16026,52,61,-9,9
16027,121,123,-2,2
16028,75,86,-11,11
16029,89,86,3,3
16030,64,67,-3,3
16031,36,37,-1,1
16032,89,84,5,5
16033,72,68,4,4
16034,148,143,5,5
16035,106,102,4,4
16036,158,161,-3,3
16037,131,121,10,10
16038,130,129,1,1
16039,77,74,3,3
16040,136,128,8,8
16041,102,104,-2,2
16042,86,90,-4,4
16043,89,87,2,2
16044,101,98,3,3
16045,99,99,0,0
16046,100,96,4,4
16047,69,76,-7,7
16048,92,85,7,7
16049,69,78,-9,9
16050,128,122,6,6
16051,151,142,9,9
16052,39,41,-2,2
16053,44,56,-12,12
16054,74,81,-7,7
16055,82,79,3,3
16056,140,130,10,10
16057,120,108,12,12
16058,79,68,11,11
16059,89,92,-3,3
16060,158,182,-24,24
16061,105,123,-18,18
16062,113,114,-1,1
16063,58,59,-1,1
16064,95,96,-1,1
16065,82,93,-11,11
16066,140,131,9,9
16067,66,75,-9,9
16068,94,96,-2,2
16069,116,117,-1,1
16070,70,82,-12,12
16071,90,91,-1,1
16072,73,87,-14,14
16073,62,103,-41,41
16074,55,59,-4,4
16075,87,90,-3,3
16076,97,102,-5,5
16077,75,75,0,0
16078,113,105,8,8
16079,148,129,19,19
16080,144,163,-19,19
16081,64,63,1,1
16082,117,106,11,11
16083,89,91,-2,2
16084,106,102,4,4
16085,130,114,16,16
16086,91,102,-11,11
16087,52,57,-5,5
16088,54,66,-12,12
16089,117,104,13,13
16090,127,134,-7,7
16091,104,91,13,13
16092,122,114,8,8
16093,67,65,2,2
16094,73,79,-6,6
16095,84,86,-2,2
16096,63,68,-5,5
16097,199,190,9,9
16098,138,150,-12,12
16099,85,83,2,2
16100,112,115,-3,3
16101,100,105,-5,5
16102,184,190,-6,6
16103,90,92,-2,2
16104,55,58,-3,3
16105,142,130,12,12
16106,124,123,1,1
16107,83,97,-14,14
16108,79,92,-13,13
16109,52,73,-21,21
16110,92,97,-5,5
16111,71,73,-2,2
16112,47,48,-1,1
16113,83,85,-2,2
16114,68,72,-4,4
16115,65,73,-8,8
16116,99,99,0,0
16117,114,120,-6,6
16118,98,103,-5,5
16119,84,103,-19,19
16120,181,158,23,23
16121,51,56,-5,5
16122,95,84,11,11
16123,77,84,-7,7
16124,70,78,-8,8
16125,103,96,7,7
16126,106,96,10,10
16127,70,78,-8,8
16128,92,96,-4,4
16129,104,130,-26,26
16130,49,63,-14,14
16131,62,72,-10,10
16132,52,57,-5,5
16133,88,86,2,2
16134,84,77,7,7
16135,80,89,-9,9
16136,55,65,-10,10
16137,84,82,2,2
16138,158,132,26,26
16139,76,72,4,4
16140,58,66,-8,8
16141,94,92,2,2
16142,44,48,-4,4
16143,96,94,2,2
16144,134,124,10,10
16145,124,119,5,5
16146,137,137,0,0
16147,139,132,7,7
16148,40,46,-6,6
16149,64,70,-6,6
16150,100,103,-3,3
16151,90,95,-5,5
16152,88,94,-6,6
16153,80,83,-3,3
16154,67,68,-1,1
16155,96,95,1,1
16156,74,69,5,5
16157,80,74,6,6
16158,54,66,-12,12
16159,133,129,4,4
16160,71,71,0,0
16161,151,141,10,10
16162,150,146,4,4
16163,107,111,-4,4
16164,104,105,-1,1
16165,96,98,-2,2
16166,164,159,5,5
16167,61,77,-16,16
16168,95,101,-6,6
16169,120,116,4,4
16170,107,110,-3,3
16171,116,107,9,9
16172,89,88,1,1
16173,42,46,-4,4
16174,74,75,-1,1
16175,100,105,-5,5
16176,66,66,0,0
16177,105,106,-1,1
16178,108,98,10,10
16179,144,141,3,3
16180,118,125,-7,7
16181,82,79,3,3
16182,164,139,25,25
16183,125,127,-2,2
16184,68,78,-10,10
16185,102,104,-2,2
16186,109,116,-7,7
16187,111,100,11,11
16188,115,105,10,10
16189,58,58,0,0
16190,109,102,7,7
16191,90,90,0,0
16192,99,99,0,0
16193,124,134,-10,10
16194,147,117,30,30
16195,67,70,-3,3
16196,89,92,-3,3
16197,77,73,4,4
16198,106,130,-24,24
16199,78,81,-3,3
16200,58,72,-14,14
16201,119,110,9,9
16202,74,82,-8,8
16203,80,85,-5,5
16204,143,135,8,8
16205,160,135,25,25
16206,117,108,9,9
16207,79,75,4,4
16208,103,106,-3,3
16209,88,74,14,14
16210,74,80,-6,6
16211,96,102,-6,6
16212,94,124,-30,30
16213,66,66,0,0
16214,43,54,-11,11
16215,137,132,5,5
16216,89,87,2,2
16217,95,101,-6,6
16218,172,171,1,1
16219,37,47,-10,10
16220,75,79,-4,4
16221,112,109,3,3
16222,98,104,-6,6
16223,137,132,5,5
16224,122,113,9,9
16225,55,55,0,0
16226,65,66,-1,1
16227,105,106,-1,1
16228,67,73,-6,6
16229,115,106,9,9
16230,35,52,-17,17
16231,95,94,1,1
16232,62,62,0,0
16233,60,62,-2,2
16234,142,127,15,15
16235,74,92,-18,18
16236,100,100,0,0
16237,179,95,84,84
16238,173,154,19,19
16239,161,156,5,5
16240,76,82,-6,6
16241,79,92,-13,13
16242,116,105,11,11
16243,58,67,-9,9
16244,83,86,-3,3
16245,48,56,-8,8
16246,74,70,4,4
16247,57,68,-11,11
16248,84,85,-1,1
16249,114,106,8,8
16250,72,66,6,6
16251,96,103,-7,7
16252,113,138,-25,25
16253,105,103,2,2
16254,149,132,17,17
16255,62,68,-6,6
16256,72,69,3,3
16257,77,75,2,2
16258,152,147,5,5
16259,94,93,1,1
16260,115,108,7,7
16261,56,56,0,0
16262,65,68,-3,3
16263,111,102,9,9
16264,73,80,-7,7
16265,75,72,3,3
16266,90,93,-3,3
16267,121,128,-7,7
16268,111,104,7,7
16269,179,163,16,16
16270,136,136,0,0
16271,111,131,-20,20
16272,35,68,-33,33
16273,90,90,0,0
16274,58,62,-4,4
16275,172,154,18,18
16276,77,79,-2,2
16277,81,76,5,5
16278,31,40,-9,9
16279,87,97,-10,10
16280,63,80,-17,17
16281,114,107,7,7
16282,96,102,-6,6
16283,83,81,2,2
16284,117,120,-3,3
16285,121,104,17,17
16286,89,95,-6,6
16287,106,106,0,0
16288,108,103,5,5
16289,121,118,3,3
16290,160,146,14,14
16291,110,108,2,2
16292,87,81,6,6
16293,107,105,2,2
16294,117,117,0,0
16295,74,79,-5,5
16296,96,98,-2,2
16297,133,126,7,7
16298,81,95,-14,14
16299,81,83,-2,2
16300,76,82,-6,6
16301,57,69,-12,12
16302,131,133,-2,2
16303,91,84,7,7
16304,39,48,-9,9
16305,119,109,10,10
16306,138,129,9,9
16307,105,112,-7,7
16308,77,73,4,4
16309,132,129,3,3
16310,58,67,-9,9
16311,42,47,-5,5
16312,67,70,-3,3
16313,54,56,-2,2
16314,74,73,1,1
16315,95,98,-3,3
16316,73,69,4,4
16317,75,91,-16,16
16318,58,63,-5,5
16319,112,106,6,6
16320,114,106,8,8
16321,118,118,0,0
16322,63,67,-4,4
16323,59,74,-15,15
16324,56,57,-1,1
16325,66,67,-1,1
16326,64,71,-7,7
16327,100,93,7,7
16328,97,102,-5,5
16329,155,141,14,14
16330,93,84,9,9
16331,123,122,1,1
16332,89,86,3,3
16333,76,84,-8,8
16334,178,172,6,6
16335,67,66,1,1
16336,112,103,9,9
16337,105,104,1,1
16338,95,92,3,3
16339,81,89,-8,8
16340,67,79,-12,12
16341,79,78,1,1
16342,117,118,-1,1
16343,72,82,-10,10
16344,103,104,-1,1
16345,109,108,1,1
16346,59,66,-7,7
16347,101,102,-1,1
16348,112,112,0,0
16349,158,147,11,11
16350,119,119,0,0
16351,92,91,1,1
16352,38,45,-7,7
16353,66,75,-9,9
16354,69,87,-18,18
16355,51,61,-10,10
16356,200,164,36,36
16357,93,94,-1,1
16358,97,100,-3,3
16359,171,137,34,34
16360,65,77,-12,12
16361,102,103,-1,1
16362,72,71,1,1
16363,55,62,-7,7
16364,118,99,19,19
16365,86,84,2,2
16366,135,124,11,11
16367,78,74,4,4
16368,115,118,-3,3
16369,140,142,-2,2
16370,61,70,-9,9
16371,48,59,-11,11
16372,78,81,-3,3
16373,195,192,3,3
16374,48,60,-12,12
16375,71,69,2,2
16376,126,119,7,7
16377,207,187,20,20
16378,111,102,9,9
16379,75,88,-13,13
16380,106,103,3,3
16381,84,82,2,2
16382,140,135,5,5
16383,77,96,-19,19
16384,88,91,-3,3
16385,63,62,1,1
16386,146,132,14,14
16387,43,51,-8,8
16388,87,91,-4,4
16389,63,62,1,1
16390,92,103,-11,11
16391,64,71,-7,7
16392,107,102,5,5
16393,114,109,5,5
16394,76,71,5,5
16395,108,116,-8,8
16396,61,63,-2,2
16397,157,149,8,8
16398,161,145,16,16
16399,81,80,1,1
16400,42,50,-8,8
16401,120,95,25,25
16402,118,103,15,15
16403,99,97,2,2
16404,78,82,-4,4
16405,39,43,-4,4
16406,62,66,-4,4
16407,93,89,4,4
16408,51,61,-10,10
16409,63,90,-27,27
16410,131,137,-6,6
16411,117,104,13,13
16412,96,92,4,4
16413,158,152,6,6
16414,88,92,-4,4
16415,77,85,-8,8
16416,84,85,-1,1
16417,123,118,5,5
16418,84,83,1,1
16419,122,120,2,2
16420,88,93,-5,5
16421,73,70,3,3
16422,198,185,13,13
16423,87,78,9,9
16424,76,91,-15,15
16425,85,90,-5,5
16426,86,94,-8,8
16427,161,163,-2,2
16428,132,109,23,23
16429,65,60,5,5
16430,65,63,2,2
16431,155,145,10,10
16432,94,102,-8,8
16433,91,91,0,0
16434,94,105,-11,11
16435,132,128,4,4
16436,74,76,-2,2
16437,134,129,5,5
16438,186,177,9,9
16439,117,111,6,6
16440,128,126,2,2
16441,49,56,-7,7
16442,52,60,-8,8
16443,54,53,1,1
16444,49,57,-8,8
16445,61,71,-10,10
16446,87,92,-5,5
16447,121,130,-9,9
16448,110,108,2,2
16449,29,38,-9,9
16450,75,76,-1,1
16451,119,123,-4,4
16452,100,96,4,4
16453,73,93,-20,20
16454,71,77,-6,6
16455,61,87,-26,26
16456,91,106,-15,15
16457,68,84,-16,16
16458,79,82,-3,3
16459,141,151,-10,10
16460,89,93,-4,4
16461,132,130,2,2
16462,110,108,2,2
16463,70,73,-3,3
16464,49,56,-7,7
16465,99,104,-5,5
16466,60,62,-2,2
16467,94,95,-1,1
16468,89,93,-4,4
16469,149,143,6,6
16470,78,74,4,4
16471,133,140,-7,7
16472,134,141,-7,7
16473,65,73,-8,8
16474,117,103,14,14
16475,96,94,2,2
16476,130,116,14,14
16477,138,136,2,2
16478,85,93,-8,8
16479,128,123,5,5
16480,84,84,0,0
16481,127,117,10,10
16482,67,72,-5,5
16483,149,153,-4,4
16484,77,72,5,5
16485,91,94,-3,3
16486,137,124,13,13
16487,142,136,6,6
16488,68,73,-5,5
16489,129,126,3,3
16490,120,108,12,12
16491,38,46,-8,8
16492,109,108,1,1
16493,101,97,4,4
16494,66,99,-33,33
16495,61,69,-8,8
16496,107,106,1,1
16497,112,100,12,12
16498,114,129,-15,15
16499,96,102,-6,6
16500,136,132,4,4
16501,60,65,-5,5
16502,108,98,10,10
16503,109,107,2,2
16504,98,97,1,1
16505,53,72,-19,19
16506,68,63,5,5
16507,114,107,7,7
16508,181,180,1,1
16509,121,110,11,11
16510,67,70,-3,3
16511,78,72,6,6
16512,74,75,-1,1
16513,47,50,-3,3
16514,113,121,-8,8
16515,41,46,-5,5
16516,57,62,-5,5
16517,68,66,2,2
16518,88,96,-8,8
16519,76,96,-20,20
16520,96,102,-6,6
16521,45,54,-9,9
16522,119,116,3,3
16523,104,114,-10,10
16524,111,106,5,5
16525,62,61,1,1
16526,94,99,-5,5
16527,86,84,2,2
16528,78,92,-14,14
16529,132,129,3,3
16530,105,104,1,1
16531,141,126,15,15
16532,59,66,-7,7
16533,205,168,37,37
16534,91,92,-1,1
16535,87,103,-16,16
16536,87,90,-3,3
16537,102,92,10,10
16538,94,90,4,4
16539,77,79,-2,2
16540,61,64,-3,3
16541,152,136,16,16
16542,85,91,-6,6
16543,120,114,6,6
16544,83,92,-9,9
16545,135,130,5,5
16546,52,57,-5,5
16547,79,74,5,5
16548,50,60,-10,10
16549,152,138,14,14
16550,80,75,5,5
16551,83,90,-7,7
16552,163,161,2,2
16553,75,90,-15,15
16554,72,77,-5,5
16555,93,91,2,2
16556,118,111,7,7
16557,84,91,-7,7
16558,72,72,0,0
16559,75,81,-6,6
16560,79,84,-5,5
16561,84,93,-9,9
16562,88,93,-5,5
16563,99,98,1,1
16564,59,66,-7,7
16565,112,109,3,3
16566,128,111,17,17
16567,115,113,2,2
16568,101,112,-11,11
16569,60,64,-4,4
16570,80,92,-12,12
16571,134,134,0,0
16572,72,73,-1,1
16573,160,142,18,18
16574,123,118,5,5
16575,111,106,5,5
16576,61,69,-8,8
16577,68,73,-5,5
16578,131,135,-4,4
16579,135,120,15,15
16580,217,222,-5,5
16581,56,55,1,1
16582,86,93,-7,7
16583,104,101,3,3
16584,87,96,-9,9
16585,76,77,-1,1
16586,137,129,8,8
16587,86,91,-5,5
16588,53,58,-5,5
16589,82,91,-9,9
16590,52,52,0,0
16591,85,87,-2,2
16592,110,104,6,6
16593,58,61,-3,3
16594,103,105,-2,2
16595,40,42,-2,2
16596,70,70,0,0
16597,50,52,-2,2
16598,69,74,-5,5
16599,108,113,-5,5
16600,82,76,6,6
16601,138,128,10,10
16602,103,104,-1,1
16603,119,111,8,8
16604,111,103,8,8
16605,154,142,12,12
16606,131,122,9,9
16607,67,74,-7,7
16608,76,74,2,2
16609,104,105,-1,1
16610,134,118,16,16
16611,41,55,-14,14
16612,54,53,1,1
16613,116,110,6,6
16614,58,60,-2,2
16615,74,87,-13,13
16616,101,103,-2,2
16617,62,64,-2,2
16618,141,139,2,2
16619,93,87,6,6
16620,98,98,0,0
16621,88,100,-12,12
16622,33,38,-5,5
16623,115,117,-2,2
16624,86,89,-3,3
16625,156,142,14,14
16626,66,67,-1,1
16627,93,87,6,6
16628,61,65,-4,4
16629,128,121,7,7
16630,161,138,23,23
16631,51,58,-7,7
16632,59,66,-7,7
16633,97,101,-4,4
16634,157,144,13,13
16635,91,103,-12,12
16636,67,60,7,7
16637,90,96,-6,6
16638,82,82,0,0
16639,104,100,4,4
16640,96,102,-6,6
16641,122,127,-5,5
16642,86,83,3,3
16643,126,124,2,2
16644,87,89,-2,2
16645,77,91,-14,14
16646,117,109,8,8
16647,144,129,15,15
16648,86,79,7,7
16649,61,57,4,4
16650,79,97,-18,18
16651,96,97,-1,1
16652,89,96,-7,7
16653,89,100,-11,11
16654,110,105,5,5
16655,87,82,5,5
16656,39,51,-12,12
16657,98,101,-3,3
16658,151,143,8,8
16659,89,93,-4,4
16660,67,71,-4,4
16661,71,72,-1,1
16662,119,108,11,11
16663,86,87,-1,1
16664,147,137,10,10
16665,51,48,3,3
16666,83,95,-12,12
16667,83,85,-2,2
16668,54,59,-5,5
16669,138,121,17,17
16670,64,69,-5,5
16671,80,84,-4,4
16672,58,67,-9,9
16673,92,93,-1,1
16674,56,74,-18,18
16675,114,125,-11,11
16676,58,64,-6,6
16677,51,61,-10,10
16678,111,108,3,3
16679,66,80,-14,14
16680,64,69,-5,5
16681,99,108,-9,9
16682,73,72,1,1
16683,110,101,9,9
16684,99,109,-10,10
16685,92,92,0,0
16686,57,59,-2,2
16687,138,130,8,8
16688,156,151,5,5
16689,113,108,5,5
16690,37,45,-8,8
16691,119,113,6,6
16692,109,109,0,0
16693,137,131,6,6
16694,187,145,42,42
16695,77,85,-8,8
16696,78,73,5,5
16697,89,96,-7,7
16698,144,145,-1,1
16699,111,110,1,1
16700,46,56,-10,10
16701,119,116,3,3
16702,89,80,9,9
16703,85,88,-3,3
16704,155,134,21,21
16705,164,162,2,2
16706,176,163,13,13
16707,61,67,-6,6
16708,143,148,-5,5
16709,66,59,7,7
16710,138,125,13,13
16711,107,106,1,1
16712,80,76,4,4
16713,95,96,-1,1
16714,94,105,-11,11
16715,90,90,0,0
16716,65,68,-3,3
16717,75,76,-1,1
16718,54,59,-5,5
16719,84,86,-2,2
16720,129,117,12,12
16721,142,123,19,19
16722,96,104,-8,8
16723,112,112,0,0
16724,93,85,8,8
16725,57,63,-6,6
16726,36,55,-19,19
16727,46,55,-9,9
16728,94,102,-8,8
16729,57,65,-8,8
16730,106,113,-7,7
16731,130,131,-1,1
16732,62,67,-5,5
16733,89,98,-9,9
16734,137,130,7,7
16735,107,111,-4,4
16736,58,59,-1,1
16737,73,72,1,1
16738,86,90,-4,4
16739,103,99,4,4
16740,121,120,1,1
16741,66,64,2,2
16742,87,95,-8,8
16743,59,58,1,1
16744,109,110,-1,1
16745,79,93,-14,14
16746,68,70,-2,2
16747,66,73,-7,7
16748,72,77,-5,5
16749,100,103,-3,3
16750,102,101,1,1
16751,55,61,-6,6
16752,98,91,7,7
16753,107,108,-1,1
16754,77,66,11,11
16755,76,84,-8,8
16756,65,71,-6,6
16757,134,116,18,18
16758,39,54,-15,15
16759,123,126,-3,3
16760,64,68,-4,4
16761,105,103,2,2
16762,66,68,-2,2
16763,203,187,16,16
16764,144,115,29,29
16765,75,82,-7,7
16766,106,102,4,4
16767,104,103,1,1
16768,73,84,-11,11
16769,83,74,9,9
16770,81,96,-15,15
16771,83,85,-2,2
16772,100,107,-7,7
16773,103,102,1,1
16774,76,78,-2,2
16775,66,72,-6,6
16776,72,74,-2,2
16777,87,101,-14,14
16778,81,86,-5,5
16779,109,106,3,3
16780,103,97,6,6
16781,112,119,-7,7
16782,170,160,10,10
16783,89,91,-2,2
16784,73,82,-9,9
16785,59,62,-3,3
16786,135,130,5,5
16787,61,68,-7,7
16788,78,82,-4,4
16789,125,111,14,14
16790,64,74,-10,10
16791,54,64,-10,10
16792,119,112,7,7
16793,92,100,-8,8
16794,117,116,1,1
16795,88,82,6,6
16796,99,102,-3,3
16797,48,54,-6,6
16798,123,123,0,0
16799,113,112,1,1
16800,98,98,0,0
16801,66,68,-2,2
16802,82,81,1,1
16803,38,34,4,4
16804,86,92,-6,6
16805,135,143,-8,8
16806,140,130,10,10
16807,73,72,1,1
16808,95,99,-4,4
16809,40,46,-6,6
16810,67,92,-25,25
16811,160,151,9,9
16812,121,111,10,10
16813,104,92,12,12
16814,98,97,1,1
16815,125,116,9,9
16816,119,105,14,14
16817,109,112,-3,3
16818,73,79,-6,6
16819,212,186,26,26
16820,81,80,1,1
16821,104,105,-1,1
16822,44,52,-8,8
16823,82,69,13,13
16824,181,159,22,22
16825,50,51,-1,1
16826,90,102,-12,12
16827,87,87,0,0
16828,76,94,-18,18
16829,211,198,13,13
16830,104,101,3,3
16831,114,110,4,4
16832,143,145,-2,2
16833,142,136,6,6
16834,153,163,-10,10
16835,60,61,-1,1
16836,60,64,-4,4
16837,111,98,13,13
16838,143,146,-3,3
16839,76,80,-4,4
16840,73,74,-1,1
16841,76,71,5,5
16842,75,78,-3,3
16843,58,68,-10,10
16844,57,58,-1,1
16845,112,108,4,4
16846,151,142,9,9
16847,51,50,1,1
16848,64,71,-7,7
16849,80,82,-2,2
16850,89,86,3,3
16851,155,142,13,13
16852,97,95,2,2
16853,82,92,-10,10
16854,122,112,10,10
16855,110,112,-2,2
16856,91,85,6,6
16857,27,61,-34,34
16858,55,58,-3,3
16859,107,103,4,4
16860,61,68,-7,7
16861,67,75,-8,8
16862,111,117,-6,6
16863,95,93,2,2
16864,129,127,2,2
16865,165,172,-7,7
16866,139,129,10,10
16867,97,127,-30,30
16868,88,91,-3,3
16869,64,75,-11,11
16870,83,80,3,3
16871,118,109,9,9
16872,81,81,0,0
16873,78,78,0,0
16874,164,159,5,5
16875,60,76,-16,16
16876,23,30,-7,7
16877,60,62,-2,2
16878,58,68,-10,10
16879,102,106,-4,4
16880,100,102,-2,2
16881,103,103,0,0
16882,98,91,7,7
16883,136,140,-4,4
16884,110,106,4,4
16885,95,97,-2,2
16886,113,114,-1,1
16887,143,153,-10,10
16888,141,134,7,7
16889,117,110,7,7
16890,63,73,-10,10
16891,83,76,7,7
16892,52,60,-8,8
16893,95,106,-11,11
16894,85,83,2,2
16895,75,83,-8,8
16896,137,130,7,7
16897,81,83,-2,2
16898,55,63,-8,8
16899,128,111,17,17
16900,135,116,19,19
16901,107,105,2,2
16902,68,74,-6,6
16903,95,97,-2,2
16904,131,123,8,8
16905,106,103,3,3
16906,84,100,-16,16
16907,120,117,3,3
16908,69,72,-3,3
16909,93,102,-9,9
16910,100,103,-3,3
16911,152,144,8,8
16912,139,144,-5,5
16913,109,107,2,2
16914,122,119,3,3
16915,70,74,-4,4
16916,89,85,4,4
16917,81,72,9,9
16918,59,64,-5,5
16919,74,76,-2,2
16920,121,105,16,16
16921,88,84,4,4
16922,72,93,-21,21
16923,107,107,0,0
16924,47,62,-15,15
16925,105,99,6,6
16926,61,73,-12,12
16927,116,116,0,0
16928,110,105,5,5
16929,63,64,-1,1
16930,121,114,7,7
16931,52,56,-4,4
16932,92,87,5,5
16933,102,116,-14,14
16934,86,91,-5,5
16935,171,185,-14,14
16936,97,112,-15,15
16937,105,95,10,10
16938,127,132,-5,5
16939,84,92,-8,8
16940,99,93,6,6
16941,65,65,0,0
16942,86,80,6,6
16943,107,100,7,7
16944,84,88,-4,4
16945,136,122,14,14
16946,82,75,7,7
16947,52,62,-10,10
16948,103,114,-11,11
16949,102,102,0,0
16950,126,116,10,10
16951,185,168,17,17
16952,143,133,10,10
16953,48,68,-20,20
16954,142,115,27,27
16955,58,66,-8,8
16956,164,161,3,3
16957,95,99,-4,4
16958,191,185,6,6
16959,115,118,-3,3
16960,58,62,-4,4
16961,121,111,10,10
16962,101,101,0,0
16963,79,85,-6,6
16964,84,91,-7,7
16965,69,72,-3,3
16966,153,151,2,2
16967,67,77,-10,10
16968,69,85,-16,16
16969,71,76,-5,5
16970,94,98,-4,4
16971,110,108,2,2
16972,105,103,2,2
16973,88,94,-6,6
16974,93,102,-9,9
16975,70,70,0,0
16976,65,73,-8,8
16977,62,68,-6,6
16978,120,118,2,2
16979,55,58,-3,3
16980,73,78,-5,5
16981,102,98,4,4
16982,71,74,-3,3
16983,111,128,-17,17
16984,156,149,7,7
16985,89,95,-6,6
16986,67,69,-2,2
16987,71,76,-5,5
16988,71,80,-9,9
16989,108,103,5,5
16990,72,73,-1,1
16991,80,76,4,4
16992,104,95,9,9
16993,111,115,-4,4
16994,58,60,-2,2
16995,68,68,0,0
16996,92,92,0,0
16997,161,151,10,10
16998,107,100,7,7
16999,66,77,-11,11
17000,76,84,-8,8
17001,105,104,1,1
17002,140,129,11,11
17003,77,76,1,1
17004,70,75,-5,5
17005,133,126,7,7
17006,50,60,-10,10
17007,66,71,-5,5
17008,60,73,-13,13
17009,72,83,-11,11
17010,123,113,10,10
17011,88,90,-2,2
17012,110,106,4,4
17013,94,94,0,0
17014,88,89,-1,1
17015,82,75,7,7
17016,107,121,-14,14
17017,69,68,1,1
17018,85,92,-7,7
17019,81,85,-4,4
17020,57,63,-6,6
17021,124,110,14,14
17022,126,126,0,0
17023,59,55,4,4
17024,78,82,-4,4
17025,112,116,-4,4
17026,87,103,-16,16
17027,101,85,16,16
17028,101,101,0,0
17029,150,145,5,5
17030,135,124,11,11
17031,146,140,6,6
17032,61,65,-4,4
17033,103,103,0,0
17034,134,127,7,7
17035,68,72,-4,4
17036,84,79,5,5
17037,59,64,-5,5
17038,115,111,4,4
17039,98,85,13,13
17040,118,125,-7,7
17041,97,101,-4,4
17042,94,104,-10,10
17043,143,133,10,10
17044,119,115,4,4
17045,82,92,-10,10
17046,86,95,-9,9
17047,79,85,-6,6
17048,178,181,-3,3
17049,151,134,17,17
17050,133,127,6,6
17051,71,81,-10,10
17052,56,54,2,2
17053,61,63,-2,2
17054,69,76,-7,7
17055,95,99,-4,4
17056,98,97,1,1
17057,88,93,-5,5
17058,86,93,-7,7
17059,79,85,-6,6
17060,77,75,2,2
17061,88,103,-15,15
17062,110,106,4,4
17063,138,139,-1,1
17064,98,106,-8,8
17065,99,96,3,3
17066,73,75,-2,2
17067,143,132,11,11
17068,44,49,-5,5
17069,136,127,9,9
17070,150,138,12,12
17071,125,125,0,0
17072,134,127,7,7
17073,93,101,-8,8
17074,107,102,5,5
17075,38,48,-10,10
17076,133,146,-13,13
17077,151,143,8,8
17078,104,111,-7,7
17079,83,81,2,2
17080,124,105,19,19
17081,161,155,6,6
17082,72,73,-1,1
17083,77,85,-8,8
17084,111,107,4,4
17085,107,106,1,1
17086,107,112,-5,5
17087,98,106,-8,8
17088,168,160,8,8
17089,100,94,6,6
17090,70,73,-3,3
17091,68,69,-1,1
17092,74,71,3,3
17093,129,130,-1,1
17094,121,116,5,5
17095,69,69,0,0
17096,121,122,-1,1
17097,103,106,-3,3
17098,187,181,6,6
17099,61,66,-5,5
17100,81,78,3,3
17101,117,127,-10,10
17102,46,55,-9,9
17103,77,79,-2,2
17104,85,92,-7,7
17105,47,57,-10,10
17106,81,83,-2,2
17107,99,93,6,6
17108,152,155,-3,3
17109,58,72,-14,14
17110,45,57,-12,12
17111,87,85,2,2
17112,100,90,10,10
17113,41,43,-2,2
17114,184,160,24,24
17115,72,75,-3,3
17116,38,44,-6,6
17117,79,102,-23,23
17118,98,92,6,6
17119,71,73,-2,2
17120,62,68,-6,6
17121,90,84,6,6
17122,97,86,11,11
17123,52,56,-4,4
17124,74,71,3,3
17125,154,145,9,9
17126,99,96,3,3
17127,44,44,0,0
17128,85,82,3,3
17129,128,121,7,7
17130,128,110,18,18
17131,78,96,-18,18
17132,62,69,-7,7
17133,112,121,-9,9
17134,63,72,-9,9
17135,88,91,-3,3
17136,51,52,-1,1
17137,129,126,3,3
17138,65,69,-4,4
17139,56,60,-4,4
17140,102,99,3,3
17141,87,83,4,4
17142,129,126,3,3
17143,61,69,-8,8
17144,79,82,-3,3
17145,57,71,-14,14
17146,171,155,16,16
17147,90,95,-5,5
17148,96,96,0,0
17149,91,91,0,0
17150,47,56,-9,9
17151,87,102,-15,15
17152,86,105,-19,19
17153,133,136,-3,3
17154,133,127,6,6
17155,89,100,-11,11
17156,64,61,3,3
17157,54,60,-6,6
17158,99,115,-16,16
17159,91,92,-1,1
17160,76,83,-7,7
17161,75,76,-1,1
17162,72,70,2,2
17163,107,108,-1,1
17164,39,43,-4,4
17165,99,98,1,1
17166,121,115,6,6
17167,89,86,3,3
17168,132,130,2,2
17169,108,116,-8,8
17170,84,75,9,9
17171,104,102,2,2
17172,68,71,-3,3
17173,55,62,-7,7
17174,74,72,2,2
17175,85,94,-9,9
17176,63,65,-2,2
17177,77,78,-1,1
17178,103,107,-4,4
17179,66,69,-3,3
17180,77,72,5,5
17181,112,105,7,7
17182,127,136,-9,9
17183,100,103,-3,3
17184,59,68,-9,9
17185,111,103,8,8
17186,29,39,-10,10
17187,77,76,1,1
17188,98,104,-6,6
17189,108,108,0,0
17190,196,189,7,7
17191,79,77,2,2
17192,150,148,2,2
17193,99,96,3,3
17194,73,73,0,0
17195,75,75,0,0
17196,62,62,0,0
17197,77,83,-6,6
17198,100,93,7,7
17199,139,137,2,2
17200,80,80,0,0
17201,151,121,30,30
17202,125,124,1,1
17203,70,83,-13,13
17204,141,133,8,8
17205,76,83,-7,7
17206,74,84,-10,10
17207,108,101,7,7
17208,146,123,23,23
17209,65,63,2,2
17210,92,105,-13,13
17211,98,95,3,3
17212,112,116,-4,4
17213,155,135,20,20
17214,109,108,1,1
17215,127,118,9,9
17216,40,57,-17,17
17217,106,115,-9,9
17218,106,117,-11,11
17219,68,70,-2,2
17220,73,79,-6,6
17221,69,73,-4,4
17222,93,99,-6,6
17223,95,96,-1,1
17224,99,98,1,1
17225,108,105,3,3
17226,77,79,-2,2
17227,76,79,-3,3
17228,102,106,-4,4
17229,117,109,8,8
17230,88,87,1,1
17231,82,83,-1,1
17232,99,97,2,2
17233,147,132,15,15
17234,66,68,-2,2
17235,79,73,6,6
17236,62,71,-9,9
17237,175,166,9,9
17238,101,100,1,1
17239,64,71,-7,7
17240,74,75,-1,1
17241,72,92,-20,20
17242,64,71,-7,7
17243,73,72,1,1
17244,48,61,-13,13
17245,186,168,18,18
17246,100,116,-16,16
17247,120,112,8,8
17248,53,69,-16,16
17249,120,108,12,12
17250,98,104,-6,6
17251,34,43,-9,9
17252,97,98,-1,1
17253,118,109,9,9
17254,128,115,13,13
17255,90,86,4,4
17256,63,69,-6,6
17257,160,140,20,20
17258,177,146,31,31
17259,185,177,8,8
17260,104,103,1,1
17261,68,69,-1,1
17262,119,125,-6,6
17263,110,103,7,7
17264,67,64,3,3
17265,56,63,-7,7
17266,160,145,15,15
17267,103,117,-14,14
17268,68,68,0,0
17269,112,113,-1,1
17270,75,76,-1,1
17271,101,104,-3,3
17272,89,106,-17,17
17273,57,71,-14,14
17274,65,68,-3,3
17275,95,104,-9,9
17276,93,96,-3,3
17277,100,97,3,3
17278,127,127,0,0
17279,105,96,9,9
17280,58,55,3,3
17281,70,76,-6,6
17282,146,139,7,7
17283,90,87,3,3
17284,75,75,0,0
17285,92,96,-4,4
17286,122,117,5,5
17287,77,81,-4,4
17288,50,59,-9,9
17289,69,78,-9,9
17290,36,44,-8,8
17291,97,92,5,5
17292,81,92,-11,11
17293,127,133,-6,6
17294,142,142,0,0
17295,98,103,-5,5
17296,91,82,9,9
17297,84,91,-7,7
17298,94,107,-13,13
17299,71,84,-13,13
17300,87,80,7,7
17301,109,105,4,4
17302,58,57,1,1
17303,63,69,-6,6
17304,65,70,-5,5
17305,45,48,-3,3
17306,87,75,12,12
17307,64,67,-3,3
17308,82,84,-2,2
17309,156,155,1,1
17310,138,116,22,22
17311,76,80,-4,4
17312,134,126,8,8
17313,115,108,7,7
17314,92,96,-4,4
17315,126,126,0,0
17316,103,105,-2,2
17317,56,63,-7,7
17318,125,137,-12,12
17319,108,97,11,11
17320,69,73,-4,4
17321,151,141,10,10
17322,88,99,-11,11
17323,101,102,-1,1
17324,165,160,5,5
17325,151,133,18,18
17326,82,80,2,2
17327,65,67,-2,2
17328,93,94,-1,1
17329,102,101,1,1
17330,71,75,-4,4
17331,66,73,-7,7
17332,101,104,-3,3
17333,109,100,9,9
17334,67,65,2,2
17335,150,140,10,10
17336,71,57,14,14
17337,93,101,-8,8
17338,106,109,-3,3
17339,127,118,9,9
17340,167,161,6,6
17341,67,72,-5,5
17342,137,133,4,4
17343,90,92,-2,2
17344,48,57,-9,9
17345,79,76,3,3
17346,72,79,-7,7
17347,139,133,6,6
17348,81,88,-7,7
17349,124,126,-2,2
17350,114,106,8,8
17351,75,79,-4,4
17352,73,74,-1,1
17353,90,85,5,5
17354,156,154,2,2
17355,107,106,1,1
17356,88,91,-3,3
17357,135,144,-9,9
17358,120,105,15,15
17359,55,73,-18,18
17360,58,64,-6,6
17361,104,113,-9,9
17362,53,52,1,1
17363,65,65,0,0
17364,71,74,-3,3
17365,36,45,-9,9
17366,135,125,10,10
17367,159,151,8,8
17368,118,104,14,14
17369,93,105,-12,12
17370,91,96,-5,5
17371,66,75,-9,9
17372,68,62,6,6
17373,81,82,-1,1
17374,138,140,-2,2
17375,68,74,-6,6
17376,128,126,2,2
17377,97,110,-13,13
17378,83,93,-10,10
17379,194,178,16,16
17380,63,66,-3,3
17381,68,64,4,4
17382,68,72,-4,4
17383,89,96,-7,7
17384,103,99,4,4
17385,113,119,-6,6
17386,95,94,1,1
17387,93,85,8,8
17388,68,72,-4,4
17389,57,56,1,1
17390,58,65,-7,7
17391,174,159,15,15
17392,71,74,-3,3
17393,106,102,4,4
17394,63,66,-3,3
17395,63,59,4,4
17396,126,116,10,10
17397,104,100,4,4
17398,83,89,-6,6
17399,80,85,-5,5
17400,175,163,12,12
17401,77,95,-18,18
17402,146,133,13,13
17403,78,77,1,1
17404,114,103,11,11
17405,86,103,-17,17
17406,149,145,4,4
17407,170,163,7,7
17408,121,116,5,5
17409,61,67,-6,6
17410,64,61,3,3
17411,67,68,-1,1
17412,99,106,-7,7
17413,185,166,19,19
17414,56,71,-15,15
17415,99,96,3,3
17416,75,86,-11,11
17417,85,77,8,8
17418,92,91,1,1
17419,91,91,0,0
17420,80,73,7,7
17421,56,73,-17,17
17422,80,76,4,4
17423,135,130,5,5
17424,98,118,-20,20
17425,150,150,0,0
17426,53,64,-11,11
17427,106,103,3,3
17428,74,76,-2,2
17429,196,196,0,0
17430,88,87,1,1
17431,47,55,-8,8
17432,101,105,-4,4
17433,110,105,5,5
17434,116,116,0,0
17435,96,102,-6,6
17436,65,62,3,3
17437,55,54,1,1
17438,140,138,2,2
17439,94,90,4,4
17440,89,82,7,7
17441,101,94,7,7
17442,80,74,6,6
17443,112,106,6,6
17444,106,110,-4,4
17445,103,108,-5,5
17446,60,66,-6,6
17447,95,105,-10,10
17448,87,93,-6,6
17449,45,49,-4,4
17450,92,100,-8,8
17451,108,103,5,5
17452,98,99,-1,1
17453,62,71,-9,9
17454,107,107,0,0
17455,74,71,3,3
17456,137,121,16,16
17457,75,79,-4,4
17458,66,70,-4,4
17459,100,104,-4,4
17460,129,143,-14,14
17461,79,78,1,1
17462,111,104,7,7
17463,88,96,-8,8
17464,63,66,-3,3
17465,95,102,-7,7
17466,74,77,-3,3
17467,108,106,2,2
17468,115,105,10,10
17469,96,95,1,1
17470,146,132,14,14
17471,178,168,10,10
17472,171,164,7,7
17473,171,144,27,27
17474,151,142,9,9
17475,90,94,-4,4
17476,94,91,3,3
17477,89,80,9,9
17478,71,73,-2,2
17479,223,206,17,17
17480,66,72,-6,6
17481,116,112,4,4
17482,69,68,1,1
17483,153,145,8,8
17484,48,60,-12,12
17485,83,88,-5,5
17486,177,164,13,13
17487,70,82,-12,12
17488,80,85,-5,5
17489,77,82,-5,5
17490,69,68,1,1
17491,81,75,6,6
17492,115,117,-2,2
17493,96,105,-9,9
17494,94,92,2,2
17495,46,54,-8,8
17496,88,104,-16,16
17497,90,81,9,9
17498,89,95,-6,6
17499,65,64,1,1
17500,78,77,1,1
17501,76,78,-2,2
17502,116,107,9,9
17503,127,117,10,10
17504,146,141,5,5
17505,89,96,-7,7
17506,42,67,-25,25
17507,73,67,6,6
17508,61,62,-1,1
17509,79,76,3,3
17510,105,103,2,2
17511,64,70,-6,6
17512,115,119,-4,4
17513,66,75,-9,9
17514,75,75,0,0
17515,82,83,-1,1
17516,46,61,-15,15
17517,106,110,-4,4
17518,74,82,-8,8
17519,58,80,-22,22
17520,89,94,-5,5
17521,76,74,2,2
17522,90,82,8,8
17523,108,106,2,2
17524,89,103,-14,14
17525,75,74,1,1
17526,98,100,-2,2
17527,87,84,3,3
17528,65,71,-6,6
17529,121,109,12,12
17530,63,68,-5,5
17531,139,141,-2,2
17532,80,84,-4,4
17533,75,74,1,1
17534,64,69,-5,5
17535,48,50,-2,2
17536,115,110,5,5
17537,82,83,-1,1
17538,120,115,5,5
17539,141,141,0,0
17540,67,71,-4,4
17541,48,65,-17,17
17542,117,111,6,6
17543,173,167,6,6
17544,74,86,-12,12
17545,53,61,-8,8
17546,33,32,1,1
17547,79,87,-8,8
17548,76,73,3,3
17549,119,107,12,12
17550,139,134,5,5
17551,77,75,2,2
17552,115,110,5,5
17553,67,74,-7,7
17554,105,96,9,9
17555,127,128,-1,1
17556,84,83,1,1
17557,106,110,-4,4
17558,79,92,-13,13
17559,96,104,-8,8
17560,82,81,1,1
17561,146,138,8,8
17562,98,102,-4,4
17563,116,126,-10,10
17564,42,49,-7,7
17565,82,91,-9,9
17566,71,72,-1,1
17567,103,98,5,5
17568,60,67,-7,7
17569,86,89,-3,3
17570,137,125,12,12
17571,105,103,2,2
17572,68,77,-9,9
17573,94,99,-5,5
17574,190,173,17,17
17575,61,65,-4,4
17576,112,110,2,2
17577,72,69,3,3
17578,137,125,12,12
17579,85,91,-6,6
17580,190,179,11,11
17581,145,143,2,2
17582,100,104,-4,4
17583,143,129,14,14
17584,81,88,-7,7
17585,58,67,-9,9
17586,79,92,-13,13
17587,119,117,2,2
17588,63,68,-5,5
17589,106,104,2,2
17590,111,105,6,6
17591,90,96,-6,6
17592,134,134,0,0
17593,129,110,19,19
17594,67,69,-2,2
17595,128,128,0,0
17596,43,50,-7,7
17597,58,62,-4,4
17598,123,130,-7,7
17599,63,65,-2,2
17600,61,69,-8,8
17601,74,66,8,8
17602,117,105,12,12
17603,132,106,26,26
17604,73,66,7,7
17605,127,128,-1,1
17606,170,161,9,9
17607,101,104,-3,3
17608,118,108,10,10
17609,73,72,1,1
17610,82,85,-3,3
17611,100,100,0,0
17612,62,69,-7,7
17613,80,74,6,6
17614,50,56,-6,6
17615,68,72,-4,4
17616,163,155,8,8
17617,49,53,-4,4
17618,75,77,-2,2
17619,133,122,11,11
17620,115,117,-2,2
17621,102,108,-6,6
17622,74,79,-5,5
17623,161,148,13,13
17624,130,129,1,1
17625,122,116,6,6
17626,109,104,5,5
17627,120,129,-9,9
17628,72,55,17,17
17629,90,96,-6,6
17630,80,93,-13,13
17631,103,110,-7,7
17632,134,129,5,5
17633,93,95,-2,2
17634,82,82,0,0
17635,184,164,20,20
17636,84,84,0,0
17637,62,65,-3,3
17638,65,69,-4,4
17639,68,73,-5,5
17640,118,113,5,5
17641,81,85,-4,4
17642,116,115,1,1
17643,116,113,3,3
17644,85,82,3,3
17645,55,66,-11,11
17646,91,92,-1,1
17647,79,84,-5,5
17648,24,45,-21,21
17649,155,146,9,9
17650,97,85,12,12
17651,69,76,-7,7
17652,105,105,0,0
17653,158,157,1,1
17654,129,127,2,2
17655,115,108,7,7
17656,92,101,-9,9
17657,82,87,-5,5
17658,100,103,-3,3
17659,66,61,5,5
17660,46,55,-9,9
17661,141,145,-4,4
17662,128,123,5,5
17663,101,85,16,16
17664,103,99,4,4
17665,75,74,1,1
17666,125,119,6,6
17667,50,53,-3,3
17668,67,69,-2,2
17669,91,95,-4,4
17670,95,95,0,0
17671,133,123,10,10
17672,124,118,6,6
17673,59,57,2,2
17674,138,129,9,9
17675,132,128,4,4
17676,109,107,2,2
17677,72,81,-9,9
17678,84,86,-2,2
17679,107,108,-1,1
17680,73,85,-12,12
17681,76,81,-5,5
17682,122,111,11,11
17683,107,111,-4,4
17684,38,45,-7,7
17685,127,116,11,11
17686,82,76,6,6
17687,189,165,24,24
17688,115,110,5,5
17689,100,98,2,2
17690,70,67,3,3
17691,81,72,9,9
17692,150,158,-8,8
17693,94,92,2,2
17694,88,90,-2,2
17695,81,90,-9,9
17696,148,146,2,2
17697,75,87,-12,12
17698,90,89,1,1
17699,124,122,2,2
17700,46,49,-3,3
17701,103,108,-5,5
17702,101,95,6,6
17703,93,97,-4,4
17704,105,107,-2,2
17705,91,96,-5,5
17706,138,135,3,3
17707,85,90,-5,5
17708,102,96,6,6
17709,72,85,-13,13
17710,81,82,-1,1
17711,118,111,7,7
17712,114,119,-5,5
17713,118,113,5,5
17714,79,84,-5,5
17715,149,131,18,18
17716,74,82,-8,8
17717,46,55,-9,9
17718,76,72,4,4
17719,80,82,-2,2
17720,124,136,-12,12
17721,126,130,-4,4
17722,57,58,-1,1
17723,91,107,-16,16
17724,206,176,30,30
17725,122,109,13,13
17726,89,94,-5,5
17727,108,107,1,1
17728,170,155,15,15
17729,89,91,-2,2
17730,90,90,0,0
17731,85,91,-6,6
17732,80,71,9,9
17733,105,93,12,12
17734,84,73,11,11
17735,97,101,-4,4
17736,60,68,-8,8
17737,39,51,-12,12
17738,103,99,4,4
17739,122,123,-1,1
17740,105,106,-1,1
17741,72,78,-6,6
17742,72,82,-10,10
17743,126,118,8,8
17744,113,106,7,7
17745,88,86,2,2
17746,121,122,-1,1
17747,88,92,-4,4
17748,72,70,2,2
17749,65,73,-8,8
17750,74,84,-10,10
17751,112,118,-6,6
17752,53,59,-6,6
17753,138,129,9,9
17754,108,111,-3,3
17755,65,70,-5,5
17756,72,79,-7,7
17757,122,112,10,10
17758,48,61,-13,13
17759,93,91,2,2
17760,124,120,4,4
17761,92,94,-2,2
17762,66,73,-7,7
17763,69,69,0,0
17764,144,152,-8,8
17765,103,109,-6,6
17766,96,96,0,0
17767,107,103,4,4
17768,129,124,5,5
17769,60,64,-4,4
17770,72,71,1,1
17771,53,57,-4,4
17772,117,107,10,10
17773,109,111,-2,2
17774,73,75,-2,2
17775,121,117,4,4
17776,193,186,7,7
17777,69,80,-11,11
17778,80,71,9,9
17779,135,116,19,19
17780,47,52,-5,5
17781,75,72,3,3
17782,135,145,-10,10
17783,97,98,-1,1
17784,76,81,-5,5
17785,108,106,2,2
17786,110,113,-3,3
17787,87,95,-8,8
17788,59,63,-4,4
17789,163,155,8,8
17790,80,85,-5,5
17791,169,150,19,19
17792,91,93,-2,2
17793,122,121,1,1
17794,97,97,0,0
17795,63,73,-10,10
17796,139,140,-1,1
17797,76,74,2,2
17798,80,80,0,0
17799,79,76,3,3
17800,112,116,-4,4
17801,94,99,-5,5
17802,103,109,-6,6
17803,53,63,-10,10
17804,70,76,-6,6
17805,156,152,4,4
17806,29,56,-27,27
17807,128,132,-4,4
17808,125,130,-5,5
17809,126,102,24,24
17810,50,86,-36,36
17811,152,147,5,5
17812,195,162,33,33
17813,76,83,-7,7
17814,87,88,-1,1
17815,80,75,5,5
17816,66,67,-1,1
17817,72,73,-1,1
17818,104,112,-8,8
17819,67,68,-1,1
17820,109,106,3,3
17821,146,141,5,5
17822,59,72,-13,13
17823,78,76,2,2
17824,73,73,0,0
17825,139,134,5,5
17826,103,96,7,7
17827,112,115,-3,3
17828,99,93,6,6
17829,68,78,-10,10
17830,53,58,-5,5
17831,152,125,27,27
17832,55,56,-1,1
17833,96,103,-7,7
17834,78,82,-4,4
17835,69,94,-25,25
17836,54,57,-3,3
17837,118,110,8,8
17838,120,108,12,12
17839,45,63,-18,18
17840,94,92,2,2
17841,141,138,3,3
17842,81,92,-11,11
17843,85,94,-9,9
17844,100,103,-3,3
17845,104,106,-2,2
17846,189,163,26,26
17847,79,74,5,5
17848,98,102,-4,4
17849,53,57,-4,4
17850,139,128,11,11
17851,96,114,-18,18
17852,75,77,-2,2
17853,74,77,-3,3
17854,142,136,6,6
17855,135,147,-12,12
17856,40,42,-2,2
17857,176,159,17,17
17858,55,61,-6,6
17859,70,81,-11,11
17860,71,74,-3,3
17861,55,65,-10,10
17862,168,160,8,8
17863,146,131,15,15
17864,111,111,0,0
17865,117,100,17,17
17866,64,66,-2,2
17867,106,103,3,3
17868,110,102,8,8
17869,79,83,-4,4
17870,95,92,3,3
17871,121,118,3,3
17872,129,127,2,2
17873,98,90,8,8
17874,60,63,-3,3
17875,53,59,-6,6
17876,121,111,10,10
17877,112,130,-18,18
17878,54,62,-8,8
17879,76,82,-6,6
17880,126,132,-6,6
17881,131,119,12,12
17882,45,53,-8,8
17883,135,130,5,5
17884,95,92,3,3
17885,80,76,4,4
17886,96,97,-1,1
17887,143,134,9,9
17888,59,65,-6,6
17889,140,135,5,5
17890,73,76,-3,3
17891,109,112,-3,3
17892,116,124,-8,8
17893,42,51,-9,9
17894,44,46,-2,2
17895,151,142,9,9
17896,109,112,-3,3
17897,106,93,13,13
17898,131,105,26,26
17899,139,128,11,11
17900,77,74,3,3
17901,127,116,11,11
17902,79,89,-10,10
17903,140,135,5,5
17904,63,62,1,1
17905,121,117,4,4
17906,65,66,-1,1
17907,146,127,19,19
17908,110,103,7,7
17909,101,107,-6,6
17910,35,45,-10,10
17911,105,105,0,0
17912,154,155,-1,1
17913,72,73,-1,1
17914,98,103,-5,5
17915,126,133,-7,7
17916,142,132,10,10
17917,98,111,-13,13
17918,82,91,-9,9
17919,86,88,-2,2
17920,79,75,4,4
17921,111,99,12,12
17922,74,74,0,0
17923,58,61,-3,3
17924,48,54,-6,6
17925,74,76,-2,2
17926,123,117,6,6
17927,40,45,-5,5
17928,80,71,9,9
17929,63,63,0,0
17930,115,100,15,15
17931,107,108,-1,1
17932,80,74,6,6
17933,85,91,-6,6
17934,166,156,10,10
17935,71,82,-11,11
17936,56,68,-12,12
17937,48,57,-9,9
17938,96,92,4,4
17939,54,60,-6,6
17940,124,120,4,4
17941,92,94,-2,2
17942,51,58,-7,7
17943,62,71,-9,9
17944,89,86,3,3
17945,141,133,8,8
17946,87,74,13,13
17947,75,86,-11,11
17948,81,81,0,0
17949,65,83,-18,18
17950,90,83,7,7
17951,85,82,3,3
17952,71,79,-8,8
17953,61,70,-9,9
17954,104,102,2,2
17955,98,105,-7,7
17956,68,72,-4,4
17957,77,74,3,3
17958,90,91,-1,1
17959,71,85,-14,14
17960,59,74,-15,15
17961,109,97,12,12
17962,105,108,-3,3
17963,175,157,18,18
17964,83,93,-10,10
17965,139,127,12,12
17966,68,72,-4,4
17967,88,95,-7,7
17968,75,74,1,1
17969,104,107,-3,3
17970,126,116,10,10
17971,91,96,-5,5
17972,94,101,-7,7
17973,89,85,4,4
17974,41,49,-8,8
17975,91,113,-22,22
17976,81,82,-1,1
17977,72,75,-3,3
17978,146,129,17,17
17979,80,82,-2,2
17980,141,117,24,24
17981,104,100,4,4
17982,111,100,11,11
17983,115,115,0,0
17984,67,68,-1,1
17985,132,124,8,8
17986,118,114,4,4
17987,79,75,4,4
17988,67,79,-12,12
17989,158,136,22,22
17990,90,85,5,5
17991,78,82,-4,4
17992,52,58,-6,6
17993,67,71,-4,4
17994,57,71,-14,14
17995,93,95,-2,2
17996,73,75,-2,2
17997,100,106,-6,6
17998,150,135,15,15
17999,68,72,-4,4
18000,74,78,-4,4
18001,100,103,-3,3
18002,92,102,-10,10
18003,101,110,-9,9
18004,96,91,5,5
18005,161,149,12,12
18006,71,76,-5,5
18007,97,100,-3,3
18008,62,67,-5,5
18009,70,74,-4,4
18010,106,101,5,5
18011,67,74,-7,7
18012,56,69,-13,13
18013,75,72,3,3
18014,47,51,-4,4
18015,78,75,3,3
18016,62,62,0,0
18017,68,69,-1,1
18018,106,102,4,4
18019,125,112,13,13
18020,84,98,-14,14
18021,107,104,3,3
18022,63,65,-2,2
18023,76,88,-12,12
18024,98,94,4,4
18025,139,113,26,26
18026,94,97,-3,3
18027,142,139,3,3
18028,121,117,4,4
18029,79,81,-2,2
18030,123,124,-1,1
18031,82,85,-3,3
18032,174,165,9,9
18033,116,120,-4,4
18034,51,60,-9,9
18035,157,141,16,16
18036,57,64,-7,7
18037,71,68,3,3
18038,30,39,-9,9
18039,102,104,-2,2
18040,140,128,12,12
18041,156,153,3,3
18042,44,48,-4,4
18043,157,144,13,13
18044,91,97,-6,6
18045,111,124,-13,13
18046,107,125,-18,18
18047,83,91,-8,8
18048,83,82,1,1
18049,103,102,1,1
18050,84,74,10,10
18051,79,75,4,4
18052,119,106,13,13
18053,66,73,-7,7
18054,34,49,-15,15
18055,134,127,7,7
18056,108,106,2,2
18057,60,72,-12,12
18058,33,39,-6,6
18059,105,115,-10,10
18060,71,75,-4,4
18061,92,99,-7,7
18062,62,65,-3,3
18063,54,61,-7,7
18064,85,90,-5,5
18065,154,136,18,18
18066,109,105,4,4
18067,120,135,-15,15
18068,55,57,-2,2
18069,102,108,-6,6
18070,58,60,-2,2
18071,34,43,-9,9
18072,91,94,-3,3
18073,110,107,3,3
18074,117,108,9,9
18075,102,123,-21,21
18076,95,92,3,3
18077,38,49,-11,11
18078,88,85,3,3
18079,107,99,8,8
18080,113,110,3,3
18081,58,63,-5,5
18082,56,66,-10,10
18083,68,73,-5,5
18084,59,59,0,0
18085,169,168,1,1
18086,70,67,3,3
18087,117,111,6,6
18088,84,82,2,2
18089,150,154,-4,4
18090,123,130,-7,7
18091,72,74,-2,2
18092,108,108,0,0
18093,87,91,-4,4
18094,123,143,-20,20
18095,79,82,-3,3
18096,112,126,-14,14
18097,77,74,3,3
18098,123,114,9,9
18099,109,116,-7,7
18100,82,74,8,8
18101,57,63,-6,6
18102,120,110,10,10
18103,117,120,-3,3
18104,53,55,-2,2
18105,72,77,-5,5
18106,90,85,5,5
18107,92,108,-16,16
18108,88,83,5,5
18109,55,74,-19,19
18110,62,60,2,2
18111,108,112,-4,4
18112,85,75,10,10
18113,66,90,-24,24
18114,165,167,-2,2
18115,124,127,-3,3
18116,75,84,-9,9
18117,54,57,-3,3
18118,141,135,6,6
18119,67,72,-5,5
18120,94,97,-3,3
18121,102,113,-11,11
18122,119,117,2,2
18123,53,62,-9,9
18124,122,135,-13,13
18125,60,67,-7,7
18126,88,93,-5,5
18127,101,104,-3,3
18128,64,70,-6,6
18129,48,71,-23,23
18130,75,74,1,1
18131,53,71,-18,18
18132,123,107,16,16
18133,90,90,0,0
18134,137,142,-5,5
18135,95,102,-7,7
18136,88,106,-18,18
18137,106,110,-4,4
18138,155,143,12,12
18139,75,69,6,6
18140,62,68,-6,6
18141,91,87,4,4
18142,58,55,3,3
18143,51,64,-13,13
18144,120,116,4,4
18145,94,103,-9,9
18146,112,109,3,3
18147,84,101,-17,17
18148,67,73,-6,6
18149,83,83,0,0
18150,162,151,11,11
18151,122,119,3,3
18152,36,44,-8,8
18153,127,125,2,2
18154,75,84,-9,9
18155,119,105,14,14
18156,147,135,12,12
18157,105,106,-1,1
18158,55,58,-3,3
18159,90,86,4,4
18160,57,61,-4,4
18161,100,103,-3,3
18162,63,61,2,2
18163,58,68,-10,10
18164,140,145,-5,5
18165,107,105,2,2
18166,71,81,-10,10
18167,145,143,2,2
18168,64,73,-9,9
18169,94,90,4,4
18170,71,69,2,2
18171,68,74,-6,6
18172,109,99,10,10
18173,67,72,-5,5
18174,81,84,-3,3
18175,101,94,7,7
18176,135,120,15,15
18177,60,58,2,2
18178,154,140,14,14
18179,131,118,13,13
18180,97,92,5,5
18181,65,68,-3,3
18182,132,127,5,5
18183,95,100,-5,5
18184,97,94,3,3
18185,122,109,13,13
18186,80,89,-9,9
18187,89,85,4,4
18188,97,89,8,8
18189,106,107,-1,1
18190,101,104,-3,3
18191,116,125,-9,9
18192,70,91,-21,21
18193,44,48,-4,4
18194,149,141,8,8
18195,95,97,-2,2
18196,79,77,2,2
18197,114,113,1,1
18198,77,72,5,5
18199,121,112,9,9
18200,80,82,-2,2
18201,117,107,10,10
18202,150,137,13,13
18203,85,81,4,4
18204,72,83,-11,11
18205,112,106,6,6
18206,91,91,0,0
18207,61,61,0,0
18208,126,114,12,12
18209,78,76,2,2
18210,129,122,7,7
18211,71,75,-4,4
18212,72,77,-5,5
18213,166,159,7,7
18214,134,126,8,8
18215,36,37,-1,1
18216,63,69,-6,6
18217,73,74,-1,1
18218,88,93,-5,5
18219,88,97,-9,9
18220,113,119,-6,6
18221,138,131,7,7
18222,88,73,15,15
18223,127,126,1,1
18224,216,205,11,11
18225,108,104,4,4
18226,137,135,2,2
18227,66,83,-17,17
18228,68,76,-8,8
18229,100,99,1,1
18230,50,56,-6,6
18231,130,130,0,0
18232,100,105,-5,5
18233,201,165,36,36
18234,53,57,-4,4
18235,65,70,-5,5
18236,60,62,-2,2
18237,177,171,6,6
18238,88,82,6,6
18239,64,71,-7,7
18240,141,140,1,1
18241,87,93,-6,6
18242,144,136,8,8
18243,118,107,11,11
18244,84,92,-8,8
18245,80,89,-9,9
18246,131,135,-4,4
18247,61,66,-5,5
18248,93,94,-1,1
18249,78,90,-12,12
18250,58,61,-3,3
18251,99,91,8,8
18252,107,104,3,3
18253,119,116,3,3
18254,104,112,-8,8
18255,87,94,-7,7
18256,88,83,5,5
18257,131,131,0,0
18258,126,120,6,6
18259,125,115,10,10
18260,99,105,-6,6
18261,127,121,6,6
18262,34,54,-20,20
18263,77,74,3,3
18264,88,91,-3,3
18265,106,118,-12,12
18266,104,101,3,3
18267,78,88,-10,10
18268,78,78,0,0
18269,211,186,25,25
18270,68,57,11,11
18271,110,111,-1,1
18272,86,87,-1,1
18273,102,103,-1,1
18274,82,79,3,3
18275,57,62,-5,5
18276,106,108,-2,2
18277,52,61,-9,9
18278,60,60,0,0
18279,78,83,-5,5
18280,66,64,2,2
18281,134,126,8,8
18282,61,67,-6,6
18283,88,91,-3,3
18284,95,99,-4,4
18285,79,82,-3,3
18286,109,107,2,2
18287,74,80,-6,6
18288,82,75,7,7
18289,77,77,0,0
18290,89,91,-2,2
18291,115,107,8,8
18292,64,71,-7,7
18293,143,133,10,10
18294,189,177,12,12
18295,27,40,-13,13
18296,82,94,-12,12
18297,127,134,-7,7
18298,121,106,15,15
18299,103,102,1,1
18300,55,61,-6,6
18301,163,161,2,2
18302,93,96,-3,3
18303,95,97,-2,2
18304,123,119,4,4
18305,59,67,-8,8
18306,112,104,8,8
18307,76,78,-2,2
18308,77,90,-13,13
18309,62,67,-5,5
18310,71,75,-4,4
18311,60,64,-4,4
18312,141,143,-2,2
18313,91,99,-8,8
18314,96,95,1,1
18315,58,63,-5,5
18316,93,95,-2,2
18317,165,162,3,3
18318,199,190,9,9
18319,98,97,1,1
18320,152,156,-4,4
18321,81,74,7,7
18322,93,90,3,3
18323,122,114,8,8
18324,83,90,-7,7
18325,82,91,-9,9
18326,61,67,-6,6
18327,87,92,-5,5
18328,44,43,1,1
18329,90,101,-11,11
18330,50,56,-6,6
18331,122,114,8,8
18332,82,83,-1,1
18333,101,105,-4,4
18334,93,99,-6,6
18335,132,121,11,11
18336,111,116,-5,5
18337,96,86,10,10
18338,47,52,-5,5
18339,113,112,1,1
18340,182,176,6,6
18341,107,127,-20,20
18342,99,108,-9,9
18343,72,76,-4,4
18344,84,92,-8,8
18345,55,60,-5,5
18346,154,154,0,0
18347,39,48,-9,9
18348,107,106,1,1
18349,89,97,-8,8
18350,114,127,-13,13
18351,99,102,-3,3
18352,76,84,-8,8
18353,61,70,-9,9
18354,112,100,12,12
18355,79,82,-3,3
18356,81,81,0,0
18357,80,91,-11,11
18358,49,68,-19,19
18359,48,32,16,16
18360,113,107,6,6
18361,91,96,-5,5
18362,76,77,-1,1
18363,144,143,1,1
18364,67,67,0,0
18365,81,74,7,7
18366,111,108,3,3
18367,78,81,-3,3
18368,53,63,-10,10
18369,77,86,-9,9
18370,71,88,-17,17
18371,76,72,4,4
18372,65,69,-4,4
18373,90,93,-3,3
18374,165,152,13,13
18375,188,182,6,6
18376,58,159,-101,101
18377,81,84,-3,3
18378,65,71,-6,6
18379,91,95,-4,4
18380,116,115,1,1
18381,145,135,10,10
18382,111,114,-3,3
18383,146,136,10,10
18384,119,106,13,13
18385,91,99,-8,8
18386,116,117,-1,1
18387,48,55,-7,7
18388,107,117,-10,10
18389,63,69,-6,6
18390,120,109,11,11
18391,86,86,0,0
18392,93,94,-1,1
18393,89,95,-6,6
18394,95,99,-4,4
18395,90,85,5,5
18396,104,102,2,2
18397,144,142,2,2
18398,119,110,9,9
18399,82,84,-2,2
18400,61,74,-13,13
18401,93,102,-9,9
18402,142,127,15,15
18403,73,72,1,1
18404,133,117,16,16
18405,128,135,-7,7
18406,104,103,1,1
18407,90,92,-2,2
18408,88,97,-9,9
18409,65,82,-17,17
18410,102,99,3,3
18411,176,157,19,19
18412,90,94,-4,4
18413,241,216,25,25
18414,115,100,15,15
18415,69,73,-4,4
18416,94,91,3,3
18417,123,115,8,8
18418,96,109,-13,13
18419,90,98,-8,8
18420,59,63,-4,4
18421,76,75,1,1
18422,72,73,-1,1
18423,70,74,-4,4
18424,67,66,1,1
18425,83,86,-3,3
18426,205,181,24,24
18427,62,70,-8,8
18428,214,204,10,10
18429,79,74,5,5
18430,142,129,13,13
18431,88,86,2,2
18432,107,111,-4,4
18433,120,111,9,9
18434,108,108,0,0
18435,102,99,3,3
18436,64,71,-7,7
18437,86,96,-10,10
18438,70,74,-4,4
18439,130,112,18,18
18440,97,92,5,5
18441,85,91,-6,6
18442,67,67,0,0
18443,142,115,27,27
18444,48,56,-8,8
18445,88,84,4,4
18446,123,127,-4,4
18447,69,82,-13,13
18448,92,94,-2,2
18449,69,74,-5,5
18450,45,53,-8,8
18451,64,66,-2,2
18452,84,78,6,6
18453,131,125,6,6
18454,78,82,-4,4
18455,32,41,-9,9
18456,85,79,6,6
18457,100,96,4,4
18458,99,86,13,13
18459,125,118,7,7
18460,91,83,8,8
18461,196,181,15,15
18462,94,116,-22,22
18463,54,58,-4,4
18464,134,127,7,7
18465,168,149,19,19
18466,64,65,-1,1
18467,73,79,-6,6
18468,96,93,3,3
18469,82,74,8,8
18470,48,57,-9,9
18471,65,73,-8,8
18472,121,118,3,3
18473,102,105,-3,3
18474,69,71,-2,2
18475,92,91,1,1
18476,79,83,-4,4
18477,107,110,-3,3
18478,76,91,-15,15
18479,73,78,-5,5
18480,75,73,2,2
18481,150,150,0,0
18482,149,142,7,7
18483,144,134,10,10
18484,113,108,5,5
18485,62,70,-8,8
18486,108,109,-1,1
18487,103,106,-3,3
18488,58,98,-40,40
18489,42,59,-17,17
18490,115,101,14,14
18491,58,93,-35,35
18492,115,103,12,12
18493,109,104,5,5
18494,51,47,4,4
18495,70,71,-1,1
18496,68,88,-20,20
18497,143,148,-5,5
18498,83,75,8,8
18499,116,111,5,5
18500,45,51,-6,6
18501,90,92,-2,2
18502,67,68,-1,1
18503,100,104,-4,4
18504,113,116,-3,3
18505,30,48,-18,18
18506,98,101,-3,3
18507,67,74,-7,7
18508,53,61,-8,8
18509,105,104,1,1
18510,123,131,-8,8
18511,57,62,-5,5
18512,125,114,11,11
18513,98,99,-1,1
18514,111,115,-4,4
18515,122,117,5,5
18516,117,122,-5,5
18517,74,78,-4,4
18518,84,82,2,2
18519,143,139,4,4
18520,121,115,6,6
18521,121,117,4,4
18522,99,98,1,1
18523,103,98,5,5
18524,104,93,11,11
18525,63,63,0,0
18526,222,186,36,36
18527,113,104,9,9
18528,88,95,-7,7
18529,122,106,16,16
18530,109,119,-10,10
18531,72,71,1,1
18532,64,66,-2,2
18533,144,134,10,10
18534,82,85,-3,3
18535,82,91,-9,9
18536,162,152,10,10
18537,112,119,-7,7
18538,62,66,-4,4
18539,78,95,-17,17
18540,48,49,-1,1
18541,90,92,-2,2
18542,130,117,13,13
18543,70,74,-4,4
18544,141,151,-10,10
18545,138,133,5,5
18546,126,99,27,27
18547,71,73,-2,2
18548,89,97,-8,8
18549,138,133,5,5
18550,70,67,3,3
18551,123,113,10,10
18552,72,75,-3,3
18553,107,108,-1,1
18554,58,60,-2,2
18555,90,90,0,0
18556,136,141,-5,5
18557,163,157,6,6
18558,108,103,5,5
18559,83,71,12,12
18560,117,115,2,2
18561,142,136,6,6
18562,69,72,-3,3
18563,100,93,7,7
18564,211,186,25,25
18565,148,146,2,2
18566,82,80,2,2
18567,86,92,-6,6
18568,201,190,11,11
18569,113,121,-8,8
18570,126,126,0,0
18571,64,65,-1,1
18572,98,95,3,3
18573,51,55,-4,4
18574,93,105,-12,12
18575,60,66,-6,6
18576,82,81,1,1
18577,95,111,-16,16
18578,94,85,9,9
18579,81,83,-2,2
18580,111,111,0,0
18581,63,72,-9,9
18582,55,59,-4,4
18583,142,140,2,2
18584,139,120,19,19
18585,118,111,7,7
18586,209,176,33,33
18587,73,71,2,2
18588,103,109,-6,6
18589,118,120,-2,2
18590,124,117,7,7
18591,79,96,-17,17
18592,124,117,7,7
18593,129,128,1,1
18594,91,90,1,1
18595,83,95,-12,12
18596,120,106,14,14
18597,91,85,6,6
18598,101,97,4,4
18599,117,109,8,8
18600,154,140,14,14
18601,83,85,-2,2
18602,113,111,2,2
18603,83,89,-6,6
18604,106,114,-8,8
18605,47,56,-9,9
18606,63,67,-4,4
18607,99,99,0,0
18608,47,68,-21,21
18609,111,105,6,6
18610,111,104,7,7
18611,152,142,10,10
18612,91,103,-12,12
18613,111,109,2,2
18614,103,115,-12,12
18615,80,91,-11,11
18616,133,129,4,4
18617,83,81,2,2
18618,67,65,2,2
18619,124,130,-6,6
18620,93,104,-11,11
18621,80,83,-3,3
18622,64,72,-8,8
18623,74,90,-16,16
18624,92,95,-3,3
18625,122,112,10,10
18626,92,104,-12,12
18627,111,114,-3,3
18628,148,129,19,19
18629,102,99,3,3
18630,101,99,2,2
18631,89,92,-3,3
18632,94,103,-9,9
18633,78,79,-1,1
18634,88,78,10,10
18635,87,96,-9,9
18636,59,57,2,2
18637,75,83,-8,8
18638,101,104,-3,3
18639,96,103,-7,7
18640,64,70,-6,6
18641,106,101,5,5
18642,90,94,-4,4
18643,95,101,-6,6
18644,107,111,-4,4
18645,95,98,-3,3
18646,78,91,-13,13
18647,124,158,-34,34
18648,142,143,-1,1
18649,73,70,3,3
18650,111,110,1,1
18651,92,82,10,10
18652,205,182,23,23
18653,93,91,2,2
18654,87,103,-16,16
18655,43,45,-2,2
18656,51,58,-7,7
18657,102,103,-1,1
18658,85,99,-14,14
18659,152,144,8,8
18660,69,71,-2,2
18661,47,54,-7,7
18662,52,60,-8,8
18663,94,103,-9,9
18664,149,140,9,9
18665,81,73,8,8
18666,96,92,4,4
18667,88,90,-2,2
18668,81,78,3,3
18669,129,123,6,6
18670,107,129,-22,22
18671,93,89,4,4
18672,90,95,-5,5
18673,72,79,-7,7
18674,82,81,1,1
18675,73,74,-1,1
18676,102,103,-1,1
18677,52,63,-11,11
18678,79,94,-15,15
18679,131,123,8,8
18680,56,59,-3,3
18681,58,58,0,0
18682,66,66,0,0
18683,58,67,-9,9
18684,76,81,-5,5
18685,83,82,1,1
18686,84,84,0,0
18687,100,101,-1,1
18688,114,103,11,11
18689,112,115,-3,3
18690,104,100,4,4
18691,110,110,0,0
18692,160,159,1,1
18693,98,101,-3,3
18694,122,118,4,4
18695,39,46,-7,7
18696,120,119,1,1
18697,84,89,-5,5
18698,64,89,-25,25
18699,87,96,-9,9
18700,102,104,-2,2
18701,87,91,-4,4
18702,76,71,5,5
18703,132,127,5,5
18704,65,63,2,2
18705,136,121,15,15
18706,87,76,11,11
18707,93,92,1,1
18708,130,124,6,6
18709,96,98,-2,2
18710,93,94,-1,1
18711,67,77,-10,10
18712,116,116,0,0
18713,81,92,-11,11
18714,107,108,-1,1
18715,70,66,4,4
18716,113,108,5,5
18717,78,84,-6,6
18718,93,92,1,1
18719,62,72,-10,10
18720,43,49,-6,6
18721,81,78,3,3
18722,85,90,-5,5
18723,128,116,12,12
18724,110,115,-5,5
18725,37,39,-2,2
18726,66,75,-9,9
18727,56,57,-1,1
18728,95,95,0,0
18729,95,100,-5,5
18730,92,95,-3,3
18731,99,105,-6,6
18732,75,84,-9,9
18733,186,159,27,27
18734,30,38,-8,8
18735,63,68,-5,5
18736,60,55,5,5
18737,38,46,-8,8
18738,70,79,-9,9
18739,85,82,3,3
18740,71,62,9,9
18741,122,127,-5,5
18742,45,50,-5,5
18743,94,93,1,1
18744,133,132,1,1
18745,89,85,4,4
18746,85,80,5,5
18747,80,83,-3,3
18748,141,127,14,14
18749,108,106,2,2
18750,39,56,-17,17
18751,85,102,-17,17
18752,99,102,-3,3
18753,81,77,4,4
18754,123,125,-2,2
18755,98,101,-3,3
18756,81,90,-9,9
18757,110,113,-3,3
18758,64,74,-10,10
18759,75,85,-10,10
18760,59,59,0,0
18761,66,74,-8,8
18762,81,66,15,15
18763,92,93,-1,1
18764,115,114,1,1
18765,129,133,-4,4
18766,99,98,1,1
18767,72,80,-8,8
18768,91,92,-1,1
18769,69,73,-4,4
18770,80,74,6,6
18771,89,96,-7,7
18772,92,103,-11,11
18773,95,96,-1,1
18774,166,150,16,16
18775,61,63,-2,2
18776,59,53,6,6
18777,42,60,-18,18
18778,53,62,-9,9
18779,101,102,-1,1
18780,90,89,1,1
18781,116,110,6,6
18782,83,78,5,5
18783,89,93,-4,4
18784,121,115,6,6
18785,74,63,11,11
18786,113,103,10,10
18787,85,92,-7,7
18788,137,135,2,2
18789,72,87,-15,15
18790,78,69,9,9
18791,113,117,-4,4
18792,144,120,24,24
18793,54,59,-5,5
18794,74,74,0,0
18795,72,73,-1,1
18796,73,78,-5,5
18797,163,140,23,23
18798,96,99,-3,3
18799,90,93,-3,3
18800,64,65,-1,1
18801,61,65,-4,4
18802,79,80,-1,1
18803,118,123,-5,5
18804,70,72,-2,2
18805,108,106,2,2
18806,83,106,-23,23
18807,55,61,-6,6
18808,139,136,3,3
18809,49,55,-6,6
18810,159,145,14,14
18811,30,46,-16,16
18812,111,114,-3,3
18813,112,110,2,2
18814,149,150,-1,1
18815,104,102,2,2
18816,166,136,30,30
18817,76,75,1,1
18818,128,136,-8,8
18819,54,64,-10,10
18820,99,103,-4,4
18821,53,57,-4,4
18822,98,96,2,2
18823,94,100,-6,6
18824,144,151,-7,7
18825,47,48,-1,1
18826,124,128,-4,4
18827,137,146,-9,9
18828,55,55,0,0
18829,79,73,6,6
18830,103,106,-3,3
18831,67,72,-5,5
18832,45,49,-4,4
18833,129,115,14,14
18834,33,57,-24,24
18835,108,107,1,1
18836,68,70,-2,2
18837,165,152,13,13
18838,108,98,10,10
18839,142,117,25,25
18840,108,109,-1,1
18841,56,66,-10,10
18842,73,80,-7,7
18843,121,116,5,5
18844,139,140,-1,1
18845,124,117,7,7
18846,59,63,-4,4
18847,98,115,-17,17
18848,42,43,-1,1
18849,94,102,-8,8
18850,120,110,10,10
18851,64,70,-6,6
18852,52,63,-11,11
18853,193,177,16,16
18854,99,99,0,0
18855,73,84,-11,11
18856,166,133,33,33
18857,116,115,1,1
18858,69,91,-22,22
18859,67,70,-3,3
18860,81,73,8,8
18861,112,103,9,9
18862,120,106,14,14
18863,67,63,4,4
18864,105,93,12,12
18865,146,135,11,11
18866,110,103,7,7
18867,90,92,-2,2
18868,94,91,3,3
18869,106,123,-17,17
18870,95,96,-1,1
18871,112,111,1,1
18872,104,95,9,9
18873,60,71,-11,11
18874,93,80,13,13
18875,171,167,4,4
18876,57,59,-2,2
18877,106,96,10,10
18878,83,93,-10,10
18879,65,61,4,4
18880,111,109,2,2
18881,117,115,2,2
18882,71,82,-11,11
18883,46,60,-14,14
18884,87,103,-16,16
18885,80,79,1,1
18886,58,64,-6,6
18887,47,36,11,11
18888,196,176,20,20
18889,100,105,-5,5
18890,122,126,-4,4
18891,126,128,-2,2
18892,61,66,-5,5
18893,68,74,-6,6
18894,90,98,-8,8
18895,96,100,-4,4
18896,154,157,-3,3
18897,153,148,5,5
18898,83,83,0,0
18899,130,126,4,4
18900,110,103,7,7
18901,122,120,2,2
18902,85,82,3,3
18903,55,61,-6,6
18904,85,82,3,3
18905,122,116,6,6
18906,71,70,1,1
18907,149,137,12,12
18908,101,104,-3,3
18909,81,93,-12,12
18910,95,96,-1,1
18911,120,116,4,4
18912,137,138,-1,1
18913,132,140,-8,8
18914,83,76,7,7
18915,121,122,-1,1
18916,121,116,5,5
18917,125,138,-13,13
18918,81,88,-7,7
18919,137,138,-1,1
18920,89,91,-2,2
18921,113,106,7,7
18922,23,43,-20,20
18923,123,104,19,19
18924,172,166,6,6
18925,64,68,-4,4
18926,122,131,-9,9
18927,67,68,-1,1
18928,86,91,-5,5
18929,42,53,-11,11
18930,126,117,9,9
18931,148,128,20,20
18932,81,74,7,7
18933,78,82,-4,4
18934,74,72,2,2
18935,52,62,-10,10
18936,67,71,-4,4
18937,69,72,-3,3
18938,76,87,-11,11
18939,56,63,-7,7
18940,103,116,-13,13
18941,86,100,-14,14
18942,67,81,-14,14
18943,74,83,-9,9
18944,61,63,-2,2
18945,42,60,-18,18
18946,106,105,1,1
18947,59,64,-5,5
18948,65,65,0,0
18949,148,152,-4,4
18950,161,148,13,13
18951,140,133,7,7
18952,140,134,6,6
18953,70,78,-8,8
18954,157,144,13,13
18955,70,81,-11,11
18956,110,118,-8,8
18957,132,151,-19,19
18958,40,66,-26,26
18959,115,107,8,8
18960,165,157,8,8
18961,46,64,-18,18
18962,108,119,-11,11
18963,145,140,5,5
18964,153,141,12,12
18965,64,67,-3,3
18966,104,108,-4,4
18967,104,92,12,12
18968,103,95,8,8
18969,99,110,-11,11
18970,58,63,-5,5
18971,78,75,3,3
18972,116,121,-5,5
18973,95,109,-14,14
18974,77,76,1,1
18975,100,97,3,3
18976,147,139,8,8
18977,73,74,-1,1
18978,90,95,-5,5
18979,91,95,-4,4
18980,136,129,7,7
18981,156,140,16,16
18982,71,74,-3,3
18983,65,68,-3,3
18984,82,82,0,0
18985,116,113,3,3
18986,134,125,9,9
18987,70,75,-5,5
18988,98,98,0,0
18989,194,178,16,16
18990,58,66,-8,8
18991,111,150,-39,39
18992,55,63,-8,8
18993,105,104,1,1
18994,85,91,-6,6
18995,105,99,6,6
18996,83,93,-10,10
18997,96,91,5,5
18998,83,80,3,3
18999,153,149,4,4
19000,81,84,-3,3
19001,60,67,-7,7
19002,137,137,0,0
19003,140,131,9,9
19004,88,98,-10,10
19005,124,124,0,0
19006,101,100,1,1
19007,84,78,6,6
19008,99,100,-1,1
19009,59,56,3,3
19010,83,98,-15,15
19011,113,116,-3,3
19012,83,90,-7,7
19013,65,72,-7,7
19014,52,64,-12,12
19015,120,124,-4,4
19016,102,94,8,8
19017,50,76,-26,26
19018,134,135,-1,1
19019,90,91,-1,1
19020,79,75,4,4
19021,78,84,-6,6
19022,122,112,10,10
19023,69,75,-6,6
19024,72,73,-1,1
19025,71,77,-6,6
19026,112,102,10,10
19027,111,100,11,11
19028,96,104,-8,8
19029,96,97,-1,1
19030,67,70,-3,3
19031,102,104,-2,2
19032,71,82,-11,11
19033,147,144,3,3
19034,123,126,-3,3
19035,89,76,13,13
19036,72,83,-11,11
19037,81,91,-10,10
19038,61,63,-2,2
19039,79,82,-3,3
19040,112,103,9,9
19041,167,167,0,0
19042,74,80,-6,6
19043,122,113,9,9
19044,78,91,-13,13
19045,64,70,-6,6
19046,72,76,-4,4
19047,90,84,6,6
19048,86,81,5,5
19049,122,115,7,7
19050,70,66,4,4
19051,80,83,-3,3
19052,55,61,-6,6
19053,86,77,9,9
19054,117,115,2,2
19055,95,98,-3,3
19056,88,92,-4,4
19057,123,108,15,15
19058,102,101,1,1
19059,73,73,0,0
19060,33,37,-4,4
19061,133,120,13,13
19062,65,74,-9,9
19063,75,65,10,10
19064,39,43,-4,4
19065,119,108,11,11
19066,88,93,-5,5
19067,110,100,10,10
19068,59,64,-5,5
19069,94,104,-10,10
19070,90,91,-1,1
19071,64,68,-4,4
19072,111,109,2,2
19073,95,100,-5,5
19074,77,80,-3,3
19075,60,64,-4,4
19076,151,144,7,7
19077,90,84,6,6
19078,65,70,-5,5
19079,100,112,-12,12
19080,59,65,-6,6
19081,89,93,-4,4
19082,91,103,-12,12
19083,152,145,7,7
19084,58,60,-2,2
19085,98,108,-10,10
19086,111,107,4,4
19087,94,93,1,1
19088,98,105,-7,7
19089,99,94,5,5
19090,132,127,5,5
19091,99,119,-20,20
19092,163,169,-6,6
19093,105,103,2,2
19094,109,112,-3,3
19095,49,52,-3,3
19096,97,109,-12,12
19097,153,140,13,13
19098,73,103,-30,30
19099,71,75,-4,4
19100,89,86,3,3
19101,110,99,11,11
19102,73,76,-3,3
19103,151,127,24,24
19104,146,142,4,4
19105,74,73,1,1
19106,76,72,4,4
19107,57,106,-49,49
19108,96,92,4,4
19109,143,123,20,20
19110,98,86,12,12
19111,74,79,-5,5
19112,78,75,3,3
19113,139,148,-9,9
19114,81,90,-9,9
19115,74,85,-11,11
19116,81,83,-2,2
19117,149,162,-13,13
19118,59,69,-10,10
19119,92,103,-11,11
19120,88,89,-1,1
19121,94,97,-3,3
19122,106,107,-1,1
19123,143,121,22,22
19124,61,71,-10,10
19125,84,83,1,1
19126,107,114,-7,7
19127,129,131,-2,2
19128,80,82,-2,2
19129,89,95,-6,6
19130,159,153,6,6
19131,44,53,-9,9
19132,116,118,-2,2
19133,79,84,-5,5
19134,82,77,5,5
19135,77,80,-3,3
19136,124,111,13,13
19137,97,103,-6,6
19138,62,69,-7,7
19139,65,72,-7,7
19140,78,73,5,5
19141,105,104,1,1
19142,107,113,-6,6
19143,60,67,-7,7
19144,63,63,0,0
19145,71,73,-2,2
19146,122,124,-2,2
19147,76,76,0,0
19148,137,138,-1,1
19149,89,94,-5,5
19150,87,95,-8,8
19151,147,144,3,3
19152,121,134,-13,13
19153,91,90,1,1
19154,62,62,0,0
19155,77,87,-10,10
19156,95,95,0,0
19157,71,74,-3,3
19158,129,136,-7,7
19159,114,116,-2,2
19160,196,185,11,11
19161,113,114,-1,1
19162,122,109,13,13
19163,120,108,12,12
19164,104,117,-13,13
19165,99,101,-2,2
19166,80,82,-2,2
19167,69,82,-13,13
19168,100,106,-6,6
19169,63,68,-5,5
19170,145,133,12,12
19171,55,55,0,0
19172,91,91,0,0
19173,148,136,12,12
19174,75,73,2,2
19175,106,105,1,1
19176,179,159,20,20
19177,86,97,-11,11
19178,72,73,-1,1
19179,127,131,-4,4
19180,68,67,1,1
19181,69,90,-21,21
19182,136,136,0,0
19183,91,94,-3,3
19184,102,108,-6,6
19185,128,118,10,10
19186,94,94,0,0
19187,105,103,2,2
19188,146,134,12,12
19189,72,69,3,3
19190,105,104,1,1
19191,137,127,10,10
19192,169,158,11,11
19193,130,152,-22,22
19194,126,126,0,0
19195,125,113,12,12
19196,102,104,-2,2
19197,74,72,2,2
19198,74,82,-8,8
19199,97,96,1,1
19200,113,114,-1,1
19201,54,57,-3,3
19202,127,109,18,18
19203,73,83,-10,10
19204,145,152,-7,7
19205,117,115,2,2
19206,123,116,7,7
19207,188,160,28,28
19208,75,84,-9,9
19209,76,90,-14,14
19210,45,54,-9,9
19211,86,90,-4,4
19212,74,82,-8,8
19213,103,111,-8,8
19214,140,127,13,13
19215,95,98,-3,3
19216,102,105,-3,3
19217,34,44,-10,10
19218,101,102,-1,1
19219,62,75,-13,13
19220,81,92,-11,11
19221,84,86,-2,2
19222,114,124,-10,10
19223,90,86,4,4
19224,66,95,-29,29
19225,98,100,-2,2
19226,68,74,-6,6
19227,115,106,9,9
19228,101,74,27,27
19229,137,122,15,15
19230,125,123,2,2
19231,84,90,-6,6
19232,43,58,-15,15
19233,99,100,-1,1
19234,126,130,-4,4
19235,97,100,-3,3
19236,105,97,8,8
19237,74,80,-6,6
19238,108,107,1,1
19239,70,67,3,3
19240,49,58,-9,9
19241,133,127,6,6
19242,105,99,6,6
19243,147,146,1,1
19244,98,101,-3,3
19245,124,116,8,8
19246,73,77,-4,4
19247,78,75,3,3
19248,106,113,-7,7
19249,63,62,1,1
19250,87,92,-5,5
19251,80,76,4,4
19252,101,102,-1,1
19253,80,80,0,0
19254,107,97,10,10
19255,65,74,-9,9
19256,62,60,2,2
19257,124,122,2,2
19258,37,42,-5,5
19259,109,106,3,3
19260,48,61,-13,13
19261,152,137,15,15
19262,163,156,7,7
19263,126,123,3,3
19264,62,90,-28,28
19265,128,134,-6,6
19266,104,103,1,1
19267,110,125,-15,15
19268,79,86,-7,7
19269,79,84,-5,5
19270,145,136,9,9
19271,74,82,-8,8
19272,59,64,-5,5
19273,107,105,2,2
19274,88,96,-8,8
19275,47,62,-15,15
19276,111,115,-4,4
19277,108,102,6,6
19278,133,115,18,18
19279,155,154,1,1
19280,85,90,-5,5
19281,135,116,19,19
19282,104,103,1,1
19283,149,151,-2,2
19284,78,81,-3,3
19285,76,75,1,1
19286,96,104,-8,8
19287,130,116,14,14
19288,90,92,-2,2
19289,55,86,-31,31
19290,123,128,-5,5
19291,65,68,-3,3
19292,69,59,10,10
19293,50,58,-8,8
19294,51,64,-13,13
19295,81,75,6,6
19296,108,105,3,3
19297,81,82,-1,1
19298,42,46,-4,4
19299,141,116,25,25
19300,66,76,-10,10
19301,103,102,1,1
19302,147,137,10,10
19303,105,94,11,11
19304,136,115,21,21
19305,58,66,-8,8
19306,108,95,13,13
19307,63,65,-2,2
19308,116,119,-3,3
19309,147,136,11,11
19310,73,73,0,0
19311,92,97,-5,5
19312,63,66,-3,3
19313,98,102,-4,4
19314,153,146,7,7
19315,98,96,2,2
19316,68,76,-8,8
19317,70,60,10,10
19318,69,128,-59,59
19319,68,70,-2,2
19320,66,68,-2,2
19321,83,84,-1,1
19322,113,106,7,7
19323,123,109,14,14
19324,39,47,-8,8
19325,127,115,12,12
19326,119,121,-2,2
19327,80,81,-1,1
19328,202,215,-13,13
19329,71,81,-10,10
19330,49,56,-7,7
19331,73,83,-10,10
19332,90,102,-12,12
19333,86,85,1,1
19334,71,85,-14,14
19335,62,69,-7,7
19336,89,87,2,2
19337,205,179,26,26
19338,157,122,35,35
19339,95,107,-12,12
19340,54,66,-12,12
19341,86,90,-4,4
19342,105,104,1,1
19343,51,63,-12,12
19344,56,63,-7,7
19345,142,145,-3,3
19346,151,134,17,17
19347,72,71,1,1
19348,71,87,-16,16
19349,73,72,1,1
19350,58,64,-6,6
19351,175,198,-23,23
19352,132,126,6,6
19353,102,105,-3,3
19354,115,111,4,4
19355,92,106,-14,14
19356,77,79,-2,2
19357,113,109,4,4
19358,103,106,-3,3
19359,147,156,-9,9
19360,93,108,-15,15
19361,105,107,-2,2
19362,95,94,1,1
19363,158,146,12,12
19364,117,115,2,2
19365,113,125,-12,12
19366,84,80,4,4
19367,64,73,-9,9
19368,98,101,-3,3
19369,91,102,-11,11
19370,106,95,11,11
19371,57,66,-9,9
19372,130,126,4,4
19373,67,78,-11,11
19374,60,66,-6,6
19375,80,76,4,4
19376,109,110,-1,1
19377,56,84,-28,28
19378,61,73,-12,12
19379,162,151,11,11
19380,105,105,0,0
19381,118,115,3,3
19382,88,85,3,3
19383,61,59,2,2
19384,101,102,-1,1
19385,130,132,-2,2
19386,116,107,9,9
19387,66,78,-12,12
19388,67,70,-3,3
19389,68,77,-9,9
19390,54,56,-2,2
19391,76,82,-6,6
19392,91,94,-3,3
19393,48,51,-3,3
19394,108,108,0,0
19395,50,54,-4,4
19396,121,130,-9,9
19397,55,57,-2,2
19398,99,92,7,7
19399,109,108,1,1
19400,129,119,10,10
19401,59,60,-1,1
19402,193,182,11,11
19403,115,111,4,4
19404,168,166,2,2
19405,109,108,1,1
19406,79,94,-15,15
19407,69,71,-2,2
19408,124,120,4,4
19409,86,99,-13,13
19410,108,105,3,3
19411,57,62,-5,5
19412,69,59,10,10
19413,73,82,-9,9
19414,93,103,-10,10
19415,108,101,7,7
19416,47,52,-5,5
19417,96,96,0,0
19418,136,141,-5,5
19419,62,56,6,6
19420,35,51,-16,16
19421,168,169,-1,1
19422,72,67,5,5
19423,53,58,-5,5
19424,181,173,8,8
19425,106,104,2,2
19426,110,121,-11,11
19427,71,75,-4,4
19428,81,91,-10,10
19429,66,70,-4,4
19430,96,105,-9,9
19431,94,84,10,10
19432,101,94,7,7
19433,56,58,-2,2
19434,161,148,13,13
19435,120,113,7,7
19436,90,94,-4,4
19437,74,80,-6,6
19438,119,111,8,8
19439,120,116,4,4
19440,116,134,-18,18
19441,72,74,-2,2
19442,100,94,6,6
19443,72,70,2,2
19444,152,148,4,4
19445,65,74,-9,9
19446,84,85,-1,1
19447,100,101,-1,1
19448,116,103,13,13
19449,88,94,-6,6
19450,94,106,-12,12
19451,76,76,0,0
19452,70,78,-8,8
19453,72,92,-20,20
19454,114,111,3,3
19455,95,102,-7,7
19456,88,83,5,5
19457,103,127,-24,24
19458,82,85,-3,3
19459,66,78,-12,12
19460,126,113,13,13
19461,215,214,1,1
19462,127,125,2,2
19463,71,71,0,0
19464,106,98,8,8
19465,125,127,-2,2
19466,98,94,4,4
19467,80,101,-21,21
19468,76,81,-5,5
19469,126,121,5,5
19470,45,54,-9,9
19471,98,100,-2,2
19472,75,75,0,0
19473,76,70,6,6
19474,103,108,-5,5
19475,149,138,11,11
19476,110,110,0,0
19477,71,74,-3,3
19478,121,136,-15,15
19479,86,92,-6,6
19480,44,44,0,0
19481,126,124,2,2
19482,145,129,16,16
19483,94,104,-10,10
19484,49,60,-11,11
19485,99,99,0,0
19486,75,90,-15,15
19487,77,97,-20,20
19488,65,74,-9,9
19489,117,113,4,4
19490,87,90,-3,3
19491,87,103,-16,16
19492,138,136,2,2
19493,66,70,-4,4
19494,100,91,9,9
19495,107,103,4,4
19496,82,107,-25,25
19497,76,88,-12,12
19498,67,71,-4,4
19499,40,53,-13,13
19500,88,98,-10,10
19501,184,169,15,15
19502,92,83,9,9
19503,134,135,-1,1
19504,105,104,1,1
19505,112,113,-1,1
19506,70,72,-2,2
19507,70,75,-5,5
19508,57,66,-9,9
19509,120,116,4,4
19510,98,103,-5,5
19511,115,111,4,4
19512,84,97,-13,13
19513,97,100,-3,3
19514,85,90,-5,5
19515,67,74,-7,7
19516,93,90,3,3
19517,123,119,4,4
19518,52,102,-50,50
19519,113,111,2,2
19520,63,66,-3,3
19521,97,93,4,4
19522,103,102,1,1
19523,91,98,-7,7
19524,74,79,-5,5
19525,110,118,-8,8
19526,162,152,10,10
19527,98,98,0,0
19528,103,100,3,3
19529,96,107,-11,11
19530,35,42,-7,7
19531,85,93,-8,8
19532,69,72,-3,3
19533,80,73,7,7
19534,60,65,-5,5
19535,87,104,-17,17
19536,77,79,-2,2
19537,139,132,7,7
19538,51,59,-8,8
19539,122,111,11,11
19540,125,119,6,6
19541,63,61,2,2
19542,125,115,10,10
19543,85,102,-17,17
19544,112,109,3,3
19545,58,70,-12,12
19546,104,104,0,0
19547,120,112,8,8
19548,43,51,-8,8
19549,90,105,-15,15
19550,29,33,-4,4
19551,92,89,3,3
19552,99,88,11,11
19553,55,62,-7,7
19554,66,68,-2,2
19555,78,78,0,0
19556,67,64,3,3
19557,91,83,8,8
19558,143,127,16,16
19559,86,99,-13,13
19560,57,71,-14,14
19561,96,91,5,5
19562,101,112,-11,11
19563,58,58,0,0
19564,113,106,7,7
19565,44,42,2,2
19566,140,123,17,17
19567,150,146,4,4
19568,117,125,-8,8
19569,86,93,-7,7
19570,99,95,4,4
19571,114,103,11,11
19572,81,82,-1,1
19573,64,63,1,1
19574,132,128,4,4
19575,82,87,-5,5
19576,141,132,9,9
19577,68,88,-20,20
19578,137,127,10,10
19579,75,72,3,3
19580,71,73,-2,2
19581,59,33,26,26
19582,45,42,3,3
19583,70,70,0,0
19584,107,106,1,1
19585,59,63,-4,4
19586,41,48,-7,7
19587,65,71,-6,6
19588,50,53,-3,3
19589,88,95,-7,7
19590,114,112,2,2
19591,64,61,3,3
19592,154,157,-3,3
19593,64,73,-9,9
19594,46,70,-24,24
19595,120,116,4,4
19596,80,83,-3,3
19597,52,57,-5,5
19598,88,107,-19,19
19599,65,93,-28,28
19600,49,61,-12,12
19601,82,96,-14,14
19602,108,115,-7,7
19603,59,70,-11,11
19604,68,71,-3,3
19605,99,93,6,6
19606,100,101,-1,1
19607,100,96,4,4
19608,156,144,12,12
19609,91,99,-8,8
19610,152,144,8,8
19611,125,116,9,9
19612,60,64,-4,4
19613,43,52,-9,9
19614,48,50,-2,2
19615,94,102,-8,8
19616,70,69,1,1
19617,52,55,-3,3
19618,70,70,0,0
19619,154,138,16,16
19620,133,133,0,0
19621,72,72,0,0
19622,79,92,-13,13
19623,111,120,-9,9
19624,72,72,0,0
19625,147,152,-5,5
19626,94,94,0,0
19627,41,48,-7,7
19628,79,91,-12,12
19629,61,64,-3,3
19630,68,75,-7,7
19631,70,71,-1,1
19632,80,91,-11,11
19633,58,70,-12,12
19634,45,51,-6,6
19635,187,171,16,16
19636,84,85,-1,1
19637,76,75,1,1
19638,154,144,10,10
19639,139,127,12,12
19640,173,161,12,12
19641,75,70,5,5
19642,148,135,13,13
19643,174,164,10,10
19644,100,108,-8,8
19645,29,33,-4,4
19646,102,99,3,3
19647,67,74,-7,7
19648,51,55,-4,4
19649,133,111,22,22
19650,36,39,-3,3
19651,66,65,1,1
19652,65,62,3,3
19653,73,81,-8,8
19654,151,130,21,21
19655,87,85,2,2
19656,138,143,-5,5
19657,65,69,-4,4
19658,97,96,1,1
19659,84,90,-6,6
19660,171,165,6,6
19661,110,106,4,4
19662,120,112,8,8
19663,99,97,2,2
19664,135,148,-13,13
19665,90,93,-3,3
19666,70,70,0,0
19667,99,106,-7,7
19668,58,64,-6,6
19669,109,130,-21,21
19670,77,78,-1,1
19671,74,74,0,0
19672,134,133,1,1
19673,130,115,15,15
19674,65,69,-4,4
19675,109,104,5,5
19676,75,84,-9,9
19677,125,126,-1,1
19678,99,98,1,1
19679,147,147,0,0
19680,160,151,9,9
19681,49,50,-1,1
19682,62,71,-9,9
19683,332,282,50,50
19684,127,122,5,5
19685,34,38,-4,4
19686,145,138,7,7
19687,108,104,4,4
19688,66,71,-5,5
19689,65,72,-7,7
19690,157,141,16,16
19691,89,90,-1,1
19692,97,105,-8,8
19693,116,111,5,5
19694,102,104,-2,2
19695,118,126,-8,8
19696,161,150,11,11
19697,97,105,-8,8
19698,40,43,-3,3
19699,63,67,-4,4
19700,70,82,-12,12
19701,83,83,0,0
19702,100,103,-3,3
19703,76,77,-1,1
19704,105,105,0,0
19705,72,90,-18,18
19706,69,84,-15,15
19707,136,136,0,0
19708,126,107,19,19
19709,130,134,-4,4
19710,116,113,3,3
19711,87,86,1,1
19712,100,104,-4,4
19713,100,96,4,4
19714,55,63,-8,8
19715,92,98,-6,6
19716,101,102,-1,1
19717,149,152,-3,3
19718,98,90,8,8
19719,89,94,-5,5
19720,40,53,-13,13
19721,91,91,0,0
19722,103,105,-2,2
19723,88,90,-2,2
19724,76,93,-17,17
19725,43,59,-16,16
19726,60,61,-1,1
19727,165,149,16,16
19728,148,149,-1,1
19729,114,108,6,6
19730,97,91,6,6
19731,141,140,1,1
19732,82,95,-13,13
19733,89,91,-2,2
19734,141,141,0,0
19735,31,48,-17,17
19736,87,101,-14,14
19737,83,92,-9,9
19738,64,71,-7,7
19739,68,77,-9,9
19740,75,71,4,4
19741,102,105,-3,3
19742,54,61,-7,7
19743,108,113,-5,5
19744,104,97,7,7
19745,132,129,3,3
19746,77,74,3,3
19747,130,125,5,5
19748,46,48,-2,2
19749,83,32,51,51
19750,79,85,-6,6
19751,180,163,17,17
19752,118,124,-6,6
19753,105,116,-11,11
19754,93,97,-4,4
19755,81,77,4,4
19756,61,67,-6,6
19757,142,139,3,3
19758,93,100,-7,7
19759,100,103,-3,3
19760,146,135,11,11
19761,64,72,-8,8
19762,116,111,5,5
19763,55,57,-2,2
19764,55,65,-10,10
19765,86,101,-15,15
19766,90,89,1,1
19767,146,139,7,7
19768,55,58,-3,3
19769,76,77,-1,1
19770,48,61,-13,13
19771,84,73,11,11
19772,62,64,-2,2
19773,93,93,0,0
19774,104,102,2,2
19775,108,106,2,2
19776,83,93,-10,10
19777,57,57,0,0
19778,76,76,0,0
19779,100,123,-23,23
19780,96,101,-5,5
19781,124,95,29,29
19782,55,70,-15,15
19783,61,66,-5,5
19784,104,105,-1,1
19785,70,75,-5,5
19786,94,90,4,4
19787,64,71,-7,7
19788,113,114,-1,1
19789,92,96,-4,4
19790,136,141,-5,5
19791,115,109,6,6
19792,103,113,-10,10
19793,84,92,-8,8
19794,60,67,-7,7
19795,83,116,-33,33
19796,127,128,-1,1
19797,137,128,9,9
19798,64,60,4,4
19799,180,170,10,10
19800,144,128,16,16
19801,82,80,2,2
19802,89,84,5,5
19803,122,130,-8,8
19804,85,91,-6,6
19805,127,117,10,10
19806,86,84,2,2
19807,81,91,-10,10
19808,102,94,8,8
19809,104,80,24,24
19810,47,52,-5,5
19811,163,143,20,20
19812,102,102,0,0
19813,152,140,12,12
19814,139,129,10,10
19815,88,80,8,8
19816,57,56,1,1
19817,79,76,3,3
19818,60,54,6,6
19819,104,100,4,4
19820,92,92,0,0
19821,74,74,0,0
19822,94,93,1,1
19823,102,108,-6,6
19824,109,105,4,4
19825,86,85,1,1
19826,85,77,8,8
19827,86,84,2,2
19828,158,142,16,16
19829,78,82,-4,4
19830,72,73,-1,1
19831,127,124,3,3
19832,81,90,-9,9
19833,99,102,-3,3
19834,64,71,-7,7
19835,137,142,-5,5
19836,99,106,-7,7
19837,74,83,-9,9
19838,80,92,-12,12
19839,99,114,-15,15
19840,95,100,-5,5
19841,48,56,-8,8
19842,77,80,-3,3
19843,88,97,-9,9
19844,99,98,1,1
19845,87,85,2,2
19846,75,83,-8,8
19847,103,106,-3,3
19848,190,176,14,14
19849,88,61,27,27
19850,85,91,-6,6
19851,59,57,2,2
19852,63,83,-20,20
19853,85,92,-7,7
19854,67,91,-24,24
19855,76,82,-6,6
19856,115,110,5,5
19857,62,67,-5,5
19858,61,69,-8,8
19859,147,142,5,5
19860,153,143,10,10
19861,68,64,4,4
19862,106,113,-7,7
19863,79,83,-4,4
19864,165,152,13,13
19865,63,66,-3,3
19866,106,110,-4,4
19867,74,79,-5,5
19868,135,128,7,7
19869,76,85,-9,9
19870,113,119,-6,6
19871,77,77,0,0
19872,67,72,-5,5
19873,93,111,-18,18
19874,170,164,6,6
19875,77,84,-7,7
19876,88,88,0,0
19877,103,99,4,4
19878,85,91,-6,6
19879,82,74,8,8
19880,70,79,-9,9
19881,94,106,-12,12
19882,44,59,-15,15
19883,103,96,7,7
19884,99,101,-2,2
19885,67,69,-2,2
19886,56,65,-9,9
19887,94,98,-4,4
19888,77,80,-3,3
19889,68,70,-2,2
19890,125,114,11,11
19891,110,107,3,3
19892,102,95,7,7
19893,57,54,3,3
19894,68,90,-22,22
19895,75,78,-3,3
19896,101,96,5,5
19897,57,56,1,1
19898,93,107,-14,14
19899,52,32,20,20
19900,57,64,-7,7
19901,123,110,13,13
19902,111,115,-4,4
19903,62,69,-7,7
19904,89,104,-15,15
19905,114,105,9,9
19906,45,56,-11,11
19907,79,79,0,0
19908,134,124,10,10
19909,101,96,5,5
19910,92,94,-2,2
19911,74,75,-1,1
19912,95,95,0,0
19913,49,62,-13,13
19914,86,82,4,4
19915,50,70,-20,20
19916,55,60,-5,5
19917,49,47,2,2
19918,87,95,-8,8
19919,59,71,-12,12
19920,108,111,-3,3
19921,88,87,1,1
19922,118,125,-7,7
19923,108,101,7,7
19924,38,68,-30,30
19925,94,92,2,2
19926,35,43,-8,8
19927,114,115,-1,1
19928,124,115,9,9
19929,108,110,-2,2
19930,129,134,-5,5
19931,69,74,-5,5
19932,108,116,-8,8
19933,66,72,-6,6
19934,62,63,-1,1
19935,107,109,-2,2
19936,65,67,-2,2
19937,169,149,20,20
19938,115,107,8,8
19939,116,115,1,1
19940,87,93,-6,6
19941,62,68,-6,6
19942,128,118,10,10
19943,126,130,-4,4
19944,139,139,0,0
19945,217,187,30,30
19946,147,148,-1,1
19947,117,110,7,7
19948,181,182,-1,1
19949,101,123,-22,22
19950,66,74,-8,8
19951,77,76,1,1
19952,110,109,1,1
19953,186,181,5,5
19954,60,65,-5,5
19955,68,70,-2,2
19956,125,123,2,2
19957,52,57,-5,5
19958,75,76,-1,1
19959,109,112,-3,3
19960,44,55,-11,11
19961,123,123,0,0
19962,123,113,10,10
19963,69,71,-2,2
19964,51,59,-8,8
19965,148,131,17,17
19966,104,94,10,10
19967,64,66,-2,2
19968,82,92,-10,10
19969,82,76,6,6
19970,135,139,-4,4
19971,54,63,-9,9
19972,88,79,9,9
19973,88,84,4,4
19974,102,105,-3,3
19975,45,55,-10,10
19976,85,84,1,1
19977,117,106,11,11
19978,124,116,8,8
19979,60,69,-9,9
19980,40,65,-25,25
19981,133,127,6,6
19982,101,104,-3,3
19983,80,81,-1,1
19984,90,111,-21,21
19985,85,92,-7,7
19986,68,74,-6,6
19987,150,155,-5,5
19988,86,81,5,5
19989,105,108,-3,3
19990,45,54,-9,9
19991,149,159,-10,10
19992,74,81,-7,7
19993,40,48,-8,8
19994,75,83,-8,8
19995,47,54,-7,7
19996,70,75,-5,5
19997,56,62,-6,6
19998,46,53,-7,7
19999,98,103,-5,5
20000,107,105,2,2
20001,121,110,11,11
20002,192,184,8,8
20003,50,57,-7,7
20004,62,81,-19,19
20005,93,96,-3,3
20006,96,90,6,6
20007,72,73,-1,1
20008,134,134,0,0
20009,98,101,-3,3
20010,159,137,22,22
20011,115,109,6,6
20012,54,62,-8,8
20013,60,67,-7,7
20014,80,82,-2,2
20015,103,104,-1,1
20016,89,83,6,6
20017,118,119,-1,1
20018,109,105,4,4
20019,65,74,-9,9
20020,62,72,-10,10
20021,100,99,1,1
20022,127,133,-6,6
20023,54,65,-11,11
20024,113,104,9,9
20025,122,116,6,6
20026,140,122,18,18
20027,71,68,3,3
20028,86,96,-10,10
20029,94,103,-9,9
20030,124,115,9,9
20031,59,65,-6,6
20032,115,108,7,7
20033,61,63,-2,2
20034,65,60,5,5
20035,79,85,-6,6
20036,122,110,12,12
20037,97,104,-7,7
20038,64,74,-10,10
20039,107,103,4,4
20040,109,111,-2,2
20041,70,73,-3,3
20042,63,67,-4,4
20043,104,102,2,2
20044,88,80,8,8
20045,91,97,-6,6
20046,136,136,0,0
20047,67,71,-4,4
20048,65,66,-1,1
20049,97,99,-2,2
20050,114,117,-3,3
20051,122,132,-10,10
20052,76,73,3,3
20053,96,103,-7,7
20054,90,89,1,1
20055,68,70,-2,2
20056,78,82,-4,4
20057,158,145,13,13
20058,77,83,-6,6
20059,65,67,-2,2
20060,126,119,7,7
20061,102,96,6,6
20062,96,91,5,5
20063,120,124,-4,4
20064,44,53,-9,9
20065,68,76,-8,8
20066,170,168,2,2
20067,40,46,-6,6
20068,43,55,-12,12
20069,95,91,4,4
20070,114,108,6,6
20071,60,67,-7,7
20072,35,50,-15,15
20073,70,71,-1,1
20074,126,123,3,3
20075,68,70,-2,2
20076,137,141,-4,4
20077,154,130,24,24
20078,139,139,0,0
20079,103,101,2,2
20080,82,75,7,7
20081,94,104,-10,10
20082,136,126,10,10
20083,81,78,3,3
20084,51,49,2,2
20085,126,123,3,3
20086,89,120,-31,31
20087,88,98,-10,10
20088,77,71,6,6
20089,83,90,-7,7
20090,77,71,6,6
20091,84,90,-6,6
20092,82,74,8,8
20093,65,71,-6,6
20094,113,102,11,11
20095,78,92,-14,14
20096,54,60,-6,6
20097,94,103,-9,9
20098,59,71,-12,12
20099,117,122,-5,5
20100,78,70,8,8
20101,48,44,4,4
20102,54,70,-16,16
20103,99,106,-7,7
20104,71,72,-1,1
20105,136,129,7,7
20106,45,53,-8,8
20107,84,95,-11,11
20108,82,90,-8,8
20109,45,55,-10,10
20110,125,105,20,20
20111,50,57,-7,7
20112,71,78,-7,7
20113,89,84,5,5
20114,61,71,-10,10
20115,105,100,5,5
20116,143,138,5,5
20117,185,170,15,15
20118,48,50,-2,2
20119,98,100,-2,2
20120,38,50,-12,12
20121,92,92,0,0
20122,139,133,6,6
20123,99,95,4,4
20124,106,107,-1,1
20125,60,76,-16,16
20126,96,82,14,14
20127,138,142,-4,4
20128,83,90,-7,7
20129,152,120,32,32
20130,115,116,-1,1
20131,84,95,-11,11
20132,133,125,8,8
20133,128,128,0,0
20134,78,82,-4,4
20135,93,97,-4,4
20136,105,103,2,2
20137,90,93,-3,3
20138,205,170,35,35
20139,80,83,-3,3
20140,80,82,-2,2
20141,118,104,14,14
20142,60,72,-12,12
20143,101,102,-1,1
20144,95,94,1,1
20145,130,140,-10,10
20146,113,108,5,5
20147,79,91,-12,12
20148,88,93,-5,5
20149,109,104,5,5
20150,98,81,17,17
20151,70,72,-2,2
20152,92,91,1,1
20153,157,157,0,0
20154,44,54,-10,10
20155,95,91,4,4
20156,87,83,4,4
20157,109,93,16,16
20158,111,111,0,0
20159,86,83,3,3
20160,149,148,1,1
20161,111,105,6,6
20162,45,51,-6,6
20163,150,148,2,2
20164,89,84,5,5
20165,67,76,-9,9
20166,87,93,-6,6
20167,150,137,13,13
20168,124,107,17,17
20169,96,94,2,2
20170,125,129,-4,4
20171,116,128,-12,12
20172,80,80,0,0
20173,156,133,23,23
20174,159,159,0,0
20175,108,105,3,3
20176,90,92,-2,2
20177,117,106,11,11
20178,139,126,13,13
20179,87,90,-3,3
20180,79,72,7,7
20181,103,104,-1,1
20182,157,140,17,17
20183,159,167,-8,8
20184,46,82,-36,36
20185,84,92,-8,8
20186,62,73,-11,11
20187,99,104,-5,5
20188,62,66,-4,4
20189,87,102,-15,15
20190,186,183,3,3
20191,104,98,6,6
20192,83,84,-1,1
20193,82,83,-1,1
20194,82,85,-3,3
20195,116,116,0,0
20196,48,50,-2,2
20197,72,84,-12,12
20198,81,83,-2,2
20199,89,98,-9,9
20200,66,71,-5,5
20201,99,100,-1,1
20202,97,94,3,3
20203,83,84,-1,1
20204,57,60,-3,3
20205,95,101,-6,6
20206,81,83,-2,2
20207,77,90,-13,13
20208,65,70,-5,5
20209,109,108,1,1
20210,58,60,-2,2
20211,38,43,-5,5
20212,109,108,1,1
20213,128,125,3,3
20214,68,67,1,1
20215,134,131,3,3
20216,80,84,-4,4
20217,197,178,19,19
20218,105,106,-1,1
20219,78,82,-4,4
20220,99,113,-14,14
20221,88,90,-2,2
20222,105,103,2,2
20223,63,75,-12,12
20224,76,103,-27,27
20225,80,83,-3,3
20226,68,76,-8,8
20227,97,101,-4,4
20228,107,104,3,3
20229,96,78,18,18
20230,120,125,-5,5
20231,110,104,6,6
20232,67,73,-6,6
20233,154,136,18,18
20234,133,115,18,18
20235,98,92,6,6
20236,93,94,-1,1
20237,93,96,-3,3
20238,95,98,-3,3
20239,96,93,3,3
20240,66,72,-6,6
20241,54,60,-6,6
20242,89,91,-2,2
20243,165,150,15,15
20244,189,181,8,8
20245,62,71,-9,9
20246,49,55,-6,6
20247,59,62,-3,3
20248,82,82,0,0
20249,75,79,-4,4
20250,121,111,10,10
20251,116,121,-5,5
20252,185,187,-2,2
20253,139,133,6,6
20254,73,78,-5,5
20255,147,141,6,6
20256,109,116,-7,7
20257,119,116,3,3
20258,83,82,1,1
20259,122,126,-4,4
20260,84,94,-10,10
20261,130,121,9,9
20262,137,140,-3,3
20263,96,102,-6,6
20264,81,83,-2,2
20265,123,115,8,8
20266,83,74,9,9
20267,104,102,2,2
20268,121,106,15,15
20269,130,117,13,13
20270,104,96,8,8
20271,107,101,6,6
20272,121,109,12,12
20273,76,82,-6,6
20274,59,66,-7,7
20275,127,127,0,0
20276,179,179,0,0
20277,70,75,-5,5
20278,83,85,-2,2
20279,83,89,-6,6
20280,52,71,-19,19
20281,58,70,-12,12
20282,116,120,-4,4
20283,57,69,-12,12
20284,107,106,1,1
20285,164,160,4,4
20286,110,106,4,4
20287,101,103,-2,2
20288,159,146,13,13
20289,103,112,-9,9
20290,133,137,-4,4
20291,59,79,-20,20
20292,93,104,-11,11
20293,129,119,10,10
20294,49,67,-18,18
20295,98,96,2,2
20296,100,101,-1,1
20297,131,130,1,1
20298,140,140,0,0
20299,87,95,-8,8
20300,138,126,12,12
20301,145,144,1,1
20302,124,113,11,11
20303,111,108,3,3
20304,128,121,7,7
20305,83,76,7,7
20306,90,103,-13,13
20307,96,99,-3,3
20308,160,149,11,11
20309,75,82,-7,7
20310,83,92,-9,9
20311,115,110,5,5
20312,78,90,-12,12
20313,91,94,-3,3
20314,60,60,0,0
20315,92,92,0,0
20316,107,100,7,7
20317,94,105,-11,11
20318,75,107,-32,32
20319,60,66,-6,6
20320,58,70,-12,12
20321,103,104,-1,1
20322,68,71,-3,3
20323,141,127,14,14
20324,89,98,-9,9
20325,172,157,15,15
20326,147,144,3,3
20327,94,90,4,4
20328,128,126,2,2
20329,76,80,-4,4
20330,97,94,3,3
20331,110,111,-1,1
20332,89,92,-3,3
20333,72,69,3,3
20334,104,113,-9,9
20335,82,104,-22,22
20336,87,87,0,0
20337,96,104,-8,8
20338,94,106,-12,12
20339,158,151,7,7
20340,102,102,0,0
20341,62,72,-10,10
20342,53,63,-10,10
20343,98,98,0,0
20344,96,96,0,0
20345,79,87,-8,8
20346,131,120,11,11
20347,44,57,-13,13
20348,102,94,8,8
20349,69,75,-6,6
20350,106,112,-6,6
20351,128,134,-6,6
20352,49,62,-13,13
20353,123,113,10,10
20354,191,164,27,27
20355,116,105,11,11
20356,127,122,5,5
20357,42,49,-7,7
20358,124,102,22,22
20359,92,99,-7,7
20360,143,129,14,14
20361,68,72,-4,4
20362,111,107,4,4
20363,120,131,-11,11
20364,93,93,0,0
20365,46,57,-11,11
20366,116,119,-3,3
20367,84,90,-6,6
20368,39,47,-8,8
20369,70,64,6,6
20370,59,74,-15,15
20371,107,126,-19,19
20372,59,63,-4,4
20373,115,110,5,5
20374,92,100,-8,8
20375,105,115,-10,10
20376,110,105,5,5
20377,60,62,-2,2
20378,119,105,14,14
20379,106,109,-3,3
20380,90,94,-4,4
20381,63,70,-7,7
20382,103,99,4,4
20383,105,112,-7,7
20384,98,103,-5,5
20385,48,54,-6,6
20386,110,132,-22,22
20387,119,105,14,14
20388,86,94,-8,8
20389,82,100,-18,18
20390,65,68,-3,3
20391,89,92,-3,3
20392,118,122,-4,4
20393,146,133,13,13
20394,65,75,-10,10
20395,125,125,0,0
20396,87,90,-3,3
20397,89,100,-11,11
20398,75,73,2,2
20399,87,86,1,1
20400,130,128,2,2
20401,51,57,-6,6
20402,129,133,-4,4
20403,81,80,1,1
20404,80,75,5,5
20405,66,75,-9,9
20406,47,57,-10,10
20407,103,105,-2,2
20408,77,92,-15,15
20409,60,70,-10,10
20410,133,131,2,2
20411,66,70,-4,4
20412,161,149,12,12
20413,101,105,-4,4
20414,80,91,-11,11
20415,124,129,-5,5
20416,140,133,7,7
20417,120,110,10,10
20418,141,130,11,11
20419,90,94,-4,4
20420,54,62,-8,8
20421,63,63,0,0
20422,115,117,-2,2
20423,59,72,-13,13
20424,68,75,-7,7
20425,51,57,-6,6
20426,56,63,-7,7
20427,69,83,-14,14
20428,71,76,-5,5
20429,103,106,-3,3
20430,94,99,-5,5
20431,157,170,-13,13
20432,122,115,7,7
20433,111,115,-4,4
20434,120,127,-7,7
20435,103,99,4,4
20436,62,72,-10,10
20437,130,129,1,1
20438,81,82,-1,1
20439,166,141,25,25
20440,79,90,-11,11
20441,90,97,-7,7
20442,91,96,-5,5
20443,44,50,-6,6
20444,87,99,-12,12
20445,117,115,2,2
20446,101,110,-9,9
20447,106,115,-9,9
20448,102,95,7,7
20449,74,72,2,2
20450,175,159,16,16
20451,71,84,-13,13
20452,122,117,5,5
20453,165,153,12,12
20454,134,123,11,11
20455,192,168,24,24
20456,80,73,7,7
20457,65,68,-3,3
20458,105,110,-5,5
20459,121,115,6,6
20460,84,91,-7,7
20461,106,109,-3,3
20462,91,92,-1,1
20463,174,170,4,4
20464,64,61,3,3
20465,58,66,-8,8
20466,76,71,5,5
20467,70,73,-3,3
20468,143,135,8,8
20469,92,92,0,0
20470,94,103,-9,9
20471,95,92,3,3
20472,119,113,6,6
20473,101,99,2,2
20474,110,106,4,4
20475,144,149,-5,5
20476,129,137,-8,8
20477,79,79,0,0
20478,99,106,-7,7
20479,85,87,-2,2
20480,142,132,10,10
20481,77,86,-9,9
20482,62,69,-7,7
20483,122,128,-6,6
20484,106,112,-6,6
20485,52,51,1,1
20486,79,81,-2,2
20487,95,87,8,8
20488,77,82,-5,5
20489,89,92,-3,3
20490,70,76,-6,6
20491,97,99,-2,2
20492,100,109,-9,9
20493,79,75,4,4
20494,138,135,3,3
20495,123,114,9,9
20496,152,131,21,21
20497,135,133,2,2
20498,83,90,-7,7
20499,118,105,13,13
20500,91,90,1,1
20501,83,88,-5,5
20502,77,81,-4,4
20503,69,72,-3,3
20504,68,71,-3,3
20505,139,131,8,8
20506,171,160,11,11
20507,80,82,-2,2
20508,83,82,1,1
20509,108,106,2,2
20510,92,96,-4,4
20511,59,64,-5,5
20512,74,74,0,0
20513,62,66,-4,4
20514,138,133,5,5
20515,55,56,-1,1
20516,85,82,3,3
20517,77,80,-3,3
20518,39,42,-3,3
20519,65,69,-4,4
20520,109,116,-7,7
20521,91,95,-4,4
20522,74,74,0,0
20523,74,85,-11,11
20524,154,147,7,7
20525,153,144,9,9
20526,40,38,2,2
20527,110,107,3,3
20528,63,67,-4,4
20529,114,109,5,5
20530,114,125,-11,11
20531,62,74,-12,12
20532,81,73,8,8
20533,49,57,-8,8
20534,63,66,-3,3
20535,93,93,0,0
20536,76,74,2,2
20537,146,141,5,5
20538,87,83,4,4
20539,162,150,12,12
20540,91,98,-7,7
20541,107,127,-20,20
20542,82,92,-10,10
20543,97,99,-2,2
20544,42,50,-8,8
20545,81,81,0,0
20546,115,114,1,1
20547,120,115,5,5
20548,62,70,-8,8
20549,131,134,-3,3
20550,82,85,-3,3
20551,59,66,-7,7
20552,127,132,-5,5
20553,100,92,8,8
20554,92,90,2,2
20555,55,65,-10,10
20556,111,112,-1,1
20557,92,95,-3,3
20558,111,113,-2,2
20559,189,161,28,28
20560,93,84,9,9
20561,61,63,-2,2
20562,50,50,0,0
20563,62,66,-4,4
20564,46,57,-11,11
20565,145,141,4,4
20566,82,90,-8,8
20567,83,84,-1,1
20568,78,81,-3,3
20569,69,69,0,0
20570,117,102,15,15
20571,142,133,9,9
20572,111,110,1,1
20573,72,74,-2,2
20574,95,96,-1,1
20575,141,127,14,14
20576,179,167,12,12
20577,85,93,-8,8
20578,286,239,47,47
20579,87,85,2,2
20580,93,95,-2,2
20581,87,85,2,2
20582,49,57,-8,8
20583,87,92,-5,5
20584,143,117,26,26
20585,98,110,-12,12
20586,70,72,-2,2
20587,112,107,5,5
20588,53,60,-7,7
20589,55,63,-8,8
20590,88,90,-2,2
20591,113,115,-2,2
20592,86,91,-5,5
20593,59,53,6,6
20594,62,64,-2,2
20595,71,82,-11,11
20596,102,122,-20,20
20597,69,75,-6,6
20598,117,114,3,3
20599,79,82,-3,3
20600,131,131,0,0
20601,45,49,-4,4
20602,81,89,-8,8
20603,62,74,-12,12
20604,82,90,-8,8
20605,86,92,-6,6
20606,52,52,0,0
20607,79,85,-6,6
20608,108,99,9,9
20609,62,69,-7,7
20610,94,96,-2,2
20611,74,90,-16,16
20612,136,125,11,11
20613,151,136,15,15
20614,145,150,-5,5
20615,99,100,-1,1
20616,169,178,-9,9
20617,69,72,-3,3
20618,54,58,-4,4
20619,93,86,7,7
20620,106,105,1,1
20621,77,81,-4,4
20622,100,111,-11,11
20623,96,107,-11,11
20624,56,58,-2,2
20625,99,94,5,5
20626,115,115,0,0
20627,90,92,-2,2
20628,56,67,-11,11
20629,83,75,8,8
20630,117,111,6,6
20631,75,81,-6,6
20632,88,91,-3,3
20633,80,80,0,0
20634,150,129,21,21
20635,126,113,13,13
20636,92,94,-2,2
20637,117,111,6,6
20638,75,82,-7,7
20639,92,84,8,8
20640,72,75,-3,3
20641,45,54,-9,9
20642,55,71,-16,16
20643,123,126,-3,3
20644,127,118,9,9
20645,128,130,-2,2
20646,161,154,7,7
20647,130,124,6,6
20648,87,82,5,5
20649,223,182,41,41
20650,79,84,-5,5
20651,155,143,12,12
20652,77,83,-6,6
20653,82,76,6,6
20654,101,107,-6,6
20655,89,98,-9,9
20656,106,107,-1,1
20657,68,62,6,6
20658,98,100,-2,2
20659,102,108,-6,6
20660,88,81,7,7
20661,102,101,1,1
20662,173,149,24,24
20663,52,69,-17,17
20664,114,113,1,1
20665,85,77,8,8
20666,86,84,2,2
20667,77,78,-1,1
20668,81,83,-2,2
20669,89,90,-1,1
20670,149,141,8,8
20671,68,75,-7,7
20672,77,76,1,1
20673,83,84,-1,1
20674,71,74,-3,3
20675,71,75,-4,4
20676,91,100,-9,9
20677,56,71,-15,15
20678,80,90,-10,10
20679,129,122,7,7
20680,95,99,-4,4
20681,114,106,8,8
20682,149,134,15,15
20683,74,73,1,1
20684,84,75,9,9
20685,72,71,1,1
20686,119,115,4,4
20687,82,76,6,6
20688,94,117,-23,23
20689,89,103,-14,14
20690,45,54,-9,9
20691,77,69,8,8
20692,169,163,6,6
20693,100,92,8,8
20694,114,107,7,7
20695,95,93,2,2
20696,97,115,-18,18
20697,224,211,13,13
20698,96,103,-7,7
20699,66,72,-6,6
20700,97,99,-2,2
20701,113,110,3,3
20702,107,109,-2,2
20703,59,74,-15,15
20704,148,151,-3,3
20705,66,60,6,6
20706,151,152,-1,1
20707,87,84,3,3
20708,119,112,7,7
20709,63,63,0,0
20710,122,110,12,12
20711,75,74,1,1
20712,142,136,6,6
20713,33,41,-8,8
20714,86,88,-2,2
20715,33,39,-6,6
20716,144,121,23,23
20717,124,118,6,6
20718,77,82,-5,5
20719,144,142,2,2
20720,88,99,-11,11
20721,87,94,-7,7
20722,45,52,-7,7
20723,104,96,8,8
20724,70,75,-5,5
20725,87,86,1,1
20726,139,135,4,4
20727,136,133,3,3
20728,85,79,6,6
20729,106,108,-2,2
20730,134,125,9,9
20731,98,96,2,2
20732,77,82,-5,5
20733,131,133,-2,2
20734,125,140,-15,15
20735,76,80,-4,4
20736,110,104,6,6
20737,123,111,12,12
20738,56,56,0,0
20739,62,68,-6,6
20740,59,65,-6,6
20741,96,105,-9,9
20742,107,102,5,5
20743,126,132,-6,6
20744,114,116,-2,2
20745,85,95,-10,10
20746,63,64,-1,1
20747,59,76,-17,17
20748,80,77,3,3
20749,93,92,1,1
20750,82,93,-11,11
20751,73,71,2,2
20752,133,124,9,9
20753,145,128,17,17
20754,78,81,-3,3
20755,89,93,-4,4
20756,81,83,-2,2
20757,100,101,-1,1
20758,129,137,-8,8
20759,80,85,-5,5
20760,122,116,6,6
20761,26,48,-22,22
20762,151,142,9,9
20763,118,124,-6,6
20764,146,132,14,14
20765,75,77,-2,2
20766,80,103,-23,23
20767,52,66,-14,14
20768,128,112,16,16
20769,76,94,-18,18
20770,73,78,-5,5
20771,55,62,-7,7
20772,94,100,-6,6
20773,115,106,9,9
20774,70,74,-4,4
20775,125,112,13,13
20776,50,51,-1,1
20777,90,96,-6,6
20778,110,107,3,3
20779,120,121,-1,1
20780,62,68,-6,6
20781,78,92,-14,14
20782,132,127,5,5
20783,46,54,-8,8
20784,140,145,-5,5
20785,97,100,-3,3
20786,53,59,-6,6
20787,93,96,-3,3
20788,145,132,13,13
20789,84,92,-8,8
20790,121,124,-3,3
20791,124,126,-2,2
20792,65,65,0,0
20793,129,138,-9,9
20794,111,105,6,6
20795,81,73,8,8
20796,87,74,13,13
20797,64,72,-8,8
20798,92,91,1,1
20799,74,76,-2,2
20800,78,80,-2,2
20801,72,81,-9,9
20802,101,104,-3,3
20803,35,48,-13,13
20804,171,154,17,17
20805,54,55,-1,1
20806,155,166,-11,11
20807,151,146,5,5
20808,45,48,-3,3
20809,87,91,-4,4
20810,115,107,8,8
20811,75,72,3,3
20812,89,94,-5,5
20813,134,118,16,16
20814,65,71,-6,6
20815,51,58,-7,7
20816,33,41,-8,8
20817,85,100,-15,15
20818,114,121,-7,7
20819,120,115,5,5
20820,83,87,-4,4
20821,106,110,-4,4
20822,41,52,-11,11
20823,101,116,-15,15
20824,134,121,13,13
20825,132,132,0,0
20826,53,46,7,7
20827,89,90,-1,1
20828,120,127,-7,7
20829,106,113,-7,7
20830,165,148,17,17
20831,59,75,-16,16
20832,77,81,-4,4
20833,105,101,4,4
20834,113,113,0,0
20835,85,88,-3,3
20836,57,61,-4,4
20837,101,110,-9,9
20838,109,107,2,2
20839,129,137,-8,8
20840,75,94,-19,19
20841,143,136,7,7
20842,48,56,-8,8
20843,115,126,-11,11
20844,57,112,-55,55
20845,76,81,-5,5
20846,79,79,0,0
20847,107,103,4,4
20848,61,68,-7,7
20849,134,132,2,2
20850,93,95,-2,2
20851,141,139,2,2
20852,81,76,5,5
20853,65,75,-10,10
20854,148,137,11,11
20855,70,82,-12,12
20856,78,94,-16,16
20857,46,52,-6,6
20858,108,112,-4,4
20859,94,96,-2,2
20860,165,161,4,4
20861,83,99,-16,16
20862,131,126,5,5
20863,91,90,1,1
20864,86,121,-35,35
20865,99,103,-4,4
20866,111,99,12,12
20867,93,94,-1,1
20868,82,90,-8,8
20869,60,76,-16,16
20870,89,90,-1,1
20871,153,147,6,6
20872,102,103,-1,1
20873,92,103,-11,11
20874,102,100,2,2
20875,118,123,-5,5
20876,75,73,2,2
20877,176,163,13,13
20878,129,117,12,12
20879,69,90,-21,21
20880,83,80,3,3
20881,124,125,-1,1
20882,68,66,2,2
20883,102,102,0,0
20884,63,67,-4,4
20885,96,110,-14,14
20886,120,131,-11,11
20887,75,85,-10,10
20888,111,115,-4,4
20889,181,160,21,21
20890,82,85,-3,3
20891,132,125,7,7
20892,48,74,-26,26
20893,75,81,-6,6
20894,64,69,-5,5
20895,41,48,-7,7
20896,64,82,-18,18
20897,97,101,-4,4
20898,77,83,-6,6
20899,91,90,1,1
20900,51,57,-6,6
20901,68,72,-4,4
20902,121,129,-8,8
20903,86,87,-1,1
20904,59,68,-9,9
20905,107,106,1,1
20906,84,93,-9,9
20907,55,58,-3,3
20908,76,94,-18,18
20909,93,86,7,7
20910,40,43,-3,3
20911,118,103,15,15
20912,156,157,-1,1
20913,126,119,7,7
20914,74,74,0,0
20915,96,101,-5,5
20916,121,115,6,6
20917,76,72,4,4
20918,122,132,-10,10
20919,89,86,3,3
20920,59,61,-2,2
20921,84,76,8,8
20922,83,82,1,1
20923,73,71,2,2
20924,63,65,-2,2
20925,64,74,-10,10
20926,125,113,12,12
20927,101,88,13,13
20928,122,132,-10,10
20929,63,69,-6,6
20930,107,108,-1,1
20931,68,73,-5,5
20932,74,79,-5,5
20933,102,103,-1,1
20934,119,123,-4,4
20935,106,100,6,6
20936,66,70,-4,4
20937,87,92,-5,5
20938,85,84,1,1
20939,66,64,2,2
20940,145,143,2,2
20941,180,158,22,22
20942,75,80,-5,5
20943,63,75,-12,12
20944,144,143,1,1
20945,66,68,-2,2
20946,49,44,5,5
20947,98,103,-5,5
20948,77,71,6,6
20949,105,104,1,1
20950,81,103,-22,22
20951,92,85,7,7
20952,104,110,-6,6
20953,151,146,5,5
20954,51,60,-9,9
20955,124,128,-4,4
20956,84,84,0,0
20957,58,65,-7,7
20958,108,105,3,3
20959,41,49,-8,8
20960,151,139,12,12
20961,113,103,10,10
20962,138,128,10,10
20963,70,77,-7,7
20964,106,109,-3,3
20965,95,102,-7,7
20966,121,119,2,2
20967,66,68,-2,2
20968,98,95,3,3
20969,70,75,-5,5
20970,142,136,6,6
20971,139,138,1,1
20972,62,69,-7,7
20973,138,144,-6,6
20974,70,74,-4,4
20975,138,111,27,27
20976,105,102,3,3
20977,61,64,-3,3
20978,113,120,-7,7
20979,173,148,25,25
20980,94,94,0,0
20981,90,90,0,0
20982,112,110,2,2
20983,43,47,-4,4
20984,140,139,1,1
20985,197,200,-3,3
20986,116,109,7,7
20987,229,204,25,25
20988,119,115,4,4
20989,80,69,11,11
20990,115,117,-2,2
20991,61,72,-11,11
20992,41,52,-11,11
20993,101,97,4,4
20994,185,185,0,0
20995,46,52,-6,6
20996,221,204,17,17
20997,113,109,4,4
20998,60,64,-4,4
20999,116,102,14,14
21000,125,118,7,7
21001,99,100,-1,1
21002,97,110,-13,13
21003,171,150,21,21
21004,79,82,-3,3
21005,73,76,-3,3
21006,80,93,-13,13
21007,148,131,17,17
21008,111,125,-14,14
21009,110,115,-5,5
21010,84,95,-11,11
21011,60,72,-12,12
21012,94,94,0,0
21013,57,62,-5,5
21014,118,121,-3,3
21015,115,119,-4,4
21016,118,129,-11,11
21017,133,123,10,10
21018,67,74,-7,7
21019,148,141,7,7
21020,34,92,-58,58
21021,59,61,-2,2
21022,71,71,0,0
21023,59,61,-2,2
21024,58,70,-12,12
21025,61,61,0,0
21026,105,106,-1,1
21027,144,139,5,5
21028,135,129,6,6
21029,120,116,4,4
21030,180,171,9,9
21031,177,152,25,25
21032,115,132,-17,17
21033,138,127,11,11
21034,113,100,13,13
21035,97,98,-1,1
21036,88,86,2,2
21037,108,117,-9,9
21038,106,102,4,4
21039,81,82,-1,1
21040,105,103,2,2
21041,30,38,-8,8
21042,97,103,-6,6
21043,39,42,-3,3
21044,57,63,-6,6
21045,92,110,-18,18
21046,85,85,0,0
21047,94,90,4,4
21048,165,146,19,19
21049,119,121,-2,2
21050,120,115,5,5
21051,139,127,12,12
21052,42,48,-6,6
21053,78,83,-5,5
21054,78,89,-11,11
21055,73,72,1,1
21056,84,87,-3,3
21057,159,144,15,15
21058,84,93,-9,9
21059,133,129,4,4
21060,87,95,-8,8
21061,147,130,17,17
21062,83,84,-1,1
21063,51,39,12,12
21064,107,105,2,2
21065,62,66,-4,4
21066,94,91,3,3
21067,62,68,-6,6
21068,79,82,-3,3
21069,177,150,27,27
21070,104,87,17,17
21071,85,98,-13,13
21072,100,98,2,2
21073,69,70,-1,1
21074,119,120,-1,1
21075,90,80,10,10
21076,82,79,3,3
21077,54,56,-2,2
21078,115,102,13,13
21079,74,74,0,0
21080,113,108,5,5
21081,56,62,-6,6
21082,68,77,-9,9
21083,195,179,16,16
21084,150,130,20,20
21085,62,73,-11,11
21086,71,74,-3,3
21087,81,82,-1,1
21088,131,131,0,0
21089,90,91,-1,1
21090,86,97,-11,11
21091,168,171,-3,3
21092,101,99,2,2
21093,109,106,3,3
21094,71,107,-36,36
21095,67,71,-4,4
21096,115,109,6,6
21097,95,85,10,10
21098,84,84,0,0
21099,74,85,-11,11
21100,69,69,0,0
21101,63,73,-10,10
21102,127,119,8,8
21103,82,95,-13,13
21104,78,78,0,0
21105,78,84,-6,6
21106,147,143,4,4
21107,96,100,-4,4
21108,72,84,-12,12
21109,65,67,-2,2
21110,107,108,-1,1
21111,119,108,11,11
21112,101,102,-1,1
21113,162,146,16,16
21114,119,117,2,2
21115,93,102,-9,9
21116,102,102,0,0
21117,145,140,5,5
21118,94,93,1,1
21119,83,85,-2,2
21120,166,154,12,12
21121,63,72,-9,9
21122,90,92,-2,2
21123,53,59,-6,6
21124,103,104,-1,1
21125,117,110,7,7
21126,99,102,-3,3
21127,44,45,-1,1
21128,149,137,12,12
21129,104,103,1,1
21130,225,212,13,13
21131,101,101,0,0
21132,101,102,-1,1
21133,76,72,4,4
21134,80,80,0,0
21135,70,70,0,0
21136,130,106,24,24
21137,148,138,10,10
21138,70,85,-15,15
21139,137,144,-7,7
21140,59,63,-4,4
21141,71,77,-6,6
21142,134,127,7,7
21143,116,105,11,11
21144,104,103,1,1
21145,63,74,-11,11
21146,61,65,-4,4
21147,89,111,-22,22
21148,61,62,-1,1
21149,97,101,-4,4
21150,102,101,1,1
21151,63,66,-3,3
21152,165,157,8,8
21153,88,102,-14,14
21154,112,101,11,11
21155,90,92,-2,2
21156,179,167,12,12
21157,89,101,-12,12
21158,19,21,-2,2
21159,123,114,9,9
21160,111,137,-26,26
21161,89,90,-1,1
21162,86,103,-17,17
21163,92,97,-5,5
21164,93,92,1,1
21165,91,92,-1,1
21166,70,73,-3,3
21167,105,105,0,0
21168,85,82,3,3
21169,78,75,3,3
21170,112,113,-1,1
21171,96,99,-3,3
21172,54,64,-10,10
21173,121,110,11,11
21174,131,127,4,4
21175,66,71,-5,5
21176,61,68,-7,7
21177,80,85,-5,5
21178,89,87,2,2
21179,74,69,5,5
21180,65,82,-17,17
21181,101,107,-6,6
21182,97,91,6,6
21183,108,111,-3,3
21184,96,103,-7,7
21185,132,128,4,4
21186,62,63,-1,1
21187,82,79,3,3
21188,154,135,19,19
21189,82,80,2,2
21190,50,57,-7,7
21191,68,64,4,4
21192,124,125,-1,1
21193,74,74,0,0
21194,149,148,1,1
21195,59,64,-5,5
21196,56,61,-5,5
21197,58,64,-6,6
21198,151,152,-1,1
21199,113,109,4,4
21200,74,100,-26,26
21201,71,70,1,1
21202,86,85,1,1
21203,65,66,-1,1
21204,69,73,-4,4
21205,161,155,6,6
21206,89,95,-6,6
21207,36,44,-8,8
21208,55,57,-2,2
21209,97,95,2,2
21210,89,82,7,7
21211,64,67,-3,3
21212,98,102,-4,4
21213,89,84,5,5
21214,44,46,-2,2
21215,162,155,7,7
21216,126,133,-7,7
21217,82,83,-1,1
21218,77,91,-14,14
21219,81,84,-3,3
21220,137,133,4,4
21221,69,73,-4,4
21222,86,86,0,0
21223,67,74,-7,7
21224,101,98,3,3
21225,74,81,-7,7
21226,71,73,-2,2
21227,66,70,-4,4
21228,104,106,-2,2
21229,111,124,-13,13
21230,86,94,-8,8
21231,96,96,0,0
21232,79,78,1,1
21233,183,189,-6,6
21234,89,89,0,0
21235,133,120,13,13
21236,80,82,-2,2
21237,72,74,-2,2
21238,109,102,7,7
21239,107,105,2,2
21240,84,82,2,2
21241,67,64,3,3
21242,102,100,2,2
21243,66,189,-123,123
21244,132,134,-2,2
21245,103,107,-4,4
21246,91,99,-8,8
21247,111,114,-3,3
21248,110,103,7,7
21249,156,156,0,0
21250,44,45,-1,1
21251,48,54,-6,6
21252,79,84,-5,5
21253,58,57,1,1
21254,134,124,10,10
21255,105,107,-2,2
21256,79,76,3,3
21257,124,160,-36,36
21258,109,102,7,7
21259,79,75,4,4
21260,66,73,-7,7
21261,93,93,0,0
21262,93,96,-3,3
21263,85,97,-12,12
21264,92,93,-1,1
21265,103,105,-2,2
21266,104,103,1,1
21267,108,106,2,2
21268,82,82,0,0
21269,92,98,-6,6
21270,41,47,-6,6
21271,47,53,-6,6
21272,79,81,-2,2
21273,101,111,-10,10
21274,66,75,-9,9
21275,83,82,1,1
21276,89,79,10,10
21277,55,62,-7,7
21278,137,131,6,6
21279,92,91,1,1
21280,131,128,3,3
21281,99,95,4,4
21282,100,107,-7,7
21283,82,81,1,1
21284,57,64,-7,7
21285,74,83,-9,9
21286,79,83,-4,4
21287,83,82,1,1
21288,118,112,6,6
21289,133,158,-25,25
21290,129,127,2,2
21291,70,91,-21,21
21292,145,136,9,9
21293,149,116,33,33
21294,113,120,-7,7
21295,56,69,-13,13
21296,44,49,-5,5
21297,89,101,-12,12
21298,90,98,-8,8
21299,74,72,2,2
21300,117,111,6,6
21301,65,63,2,2
21302,48,57,-9,9
21303,92,93,-1,1
21304,72,75,-3,3
21305,83,80,3,3
21306,63,70,-7,7
21307,135,119,16,16
21308,147,148,-1,1
21309,142,145,-3,3
21310,122,108,14,14
21311,77,76,1,1
21312,106,106,0,0
21313,65,72,-7,7
21314,70,69,1,1
21315,124,115,9,9
21316,100,97,3,3
21317,56,59,-3,3
21318,72,72,0,0
21319,83,84,-1,1
21320,66,67,-1,1
21321,45,54,-9,9
21322,162,156,6,6
21323,85,93,-8,8
21324,115,117,-2,2
21325,122,121,1,1
21326,72,73,-1,1
21327,68,74,-6,6
21328,65,69,-4,4
21329,84,84,0,0
21330,161,143,18,18
21331,149,139,10,10
21332,109,106,3,3
21333,57,68,-11,11
21334,85,82,3,3
21335,100,99,1,1
21336,171,132,39,39
21337,73,79,-6,6
21338,78,83,-5,5
21339,67,82,-15,15
21340,122,129,-7,7
21341,84,79,5,5
21342,171,152,19,19
21343,87,90,-3,3
21344,140,123,17,17
21345,86,100,-14,14
21346,85,95,-10,10
21347,50,52,-2,2
21348,78,83,-5,5
21349,67,64,3,3
21350,81,81,0,0
21351,75,78,-3,3
21352,91,94,-3,3
21353,119,118,1,1
21354,138,136,2,2
21355,58,63,-5,5
21356,137,128,9,9
21357,88,97,-9,9
21358,122,115,7,7
21359,106,102,4,4
21360,101,107,-6,6
21361,88,93,-5,5
21362,83,77,6,6
21363,80,82,-2,2
21364,111,111,0,0
21365,183,174,9,9
21366,73,75,-2,2
21367,97,95,2,2
21368,55,66,-11,11
21369,116,123,-7,7
21370,78,82,-4,4
21371,99,102,-3,3
21372,141,129,12,12
21373,56,59,-3,3
21374,65,68,-3,3
21375,72,74,-2,2
21376,99,75,24,24
21377,96,92,4,4
21378,69,78,-9,9
21379,94,106,-12,12
21380,98,91,7,7
21381,55,66,-11,11
21382,107,107,0,0
21383,68,74,-6,6
21384,84,91,-7,7
21385,65,67,-2,2
21386,177,150,27,27
21387,62,63,-1,1
21388,182,162,20,20
21389,72,55,17,17
21390,151,145,6,6
21391,80,77,3,3
21392,122,128,-6,6
21393,136,122,14,14
21394,141,135,6,6
21395,88,89,-1,1
21396,88,83,5,5
21397,127,123,4,4
21398,92,101,-9,9
21399,74,71,3,3
21400,111,106,5,5
21401,204,198,6,6
21402,111,103,8,8
21403,59,61,-2,2
21404,129,114,15,15
21405,107,105,2,2
21406,104,102,2,2
21407,76,83,-7,7
21408,113,120,-7,7
21409,110,108,2,2
21410,69,69,0,0
21411,67,72,-5,5
21412,85,83,2,2
21413,94,98,-4,4
21414,93,91,2,2
21415,90,94,-4,4
21416,61,53,8,8
21417,56,56,0,0
21418,114,107,7,7
21419,71,71,0,0
21420,86,92,-6,6
21421,114,118,-4,4
21422,50,55,-5,5
21423,155,147,8,8
21424,108,116,-8,8
21425,104,91,13,13
21426,89,86,3,3
21427,75,75,0,0
21428,149,146,3,3
21429,94,92,2,2
21430,63,80,-17,17
21431,127,136,-9,9
21432,103,103,0,0
21433,90,84,6,6
21434,64,71,-7,7
21435,144,131,13,13
21436,119,113,6,6
21437,45,57,-12,12
21438,78,75,3,3
21439,45,60,-15,15
21440,113,114,-1,1
21441,89,95,-6,6
21442,122,124,-2,2
21443,93,98,-5,5
21444,54,61,-7,7
21445,89,83,6,6
21446,85,84,1,1
21447,101,101,0,0
21448,132,141,-9,9
21449,47,47,0,0
21450,83,84,-1,1
21451,89,82,7,7
21452,77,73,4,4
21453,150,132,18,18
21454,130,114,16,16
21455,85,91,-6,6
21456,114,109,5,5
21457,155,151,4,4
21458,63,65,-2,2
21459,94,98,-4,4
21460,42,43,-1,1
21461,138,139,-1,1
21462,78,85,-7,7
21463,79,82,-3,3
21464,95,95,0,0
21465,80,74,6,6
21466,80,94,-14,14
21467,39,50,-11,11
21468,143,129,14,14
21469,88,89,-1,1
21470,47,56,-9,9
21471,70,71,-1,1
21472,174,162,12,12
21473,148,140,8,8
21474,185,159,26,26
21475,122,132,-10,10
21476,138,134,4,4
21477,99,95,4,4
21478,50,58,-8,8
21479,104,98,6,6
21480,69,71,-2,2
21481,127,120,7,7
21482,59,68,-9,9
21483,89,91,-2,2
21484,81,86,-5,5
21485,64,74,-10,10
21486,124,124,0,0
21487,75,85,-10,10
21488,102,101,1,1
21489,156,146,10,10
21490,81,83,-2,2
21491,90,90,0,0
21492,58,74,-16,16
21493,153,139,14,14
21494,100,97,3,3
21495,133,122,11,11
21496,133,121,12,12
21497,68,75,-7,7
21498,104,103,1,1
21499,74,74,0,0
21500,138,126,12,12
21501,83,87,-4,4
21502,125,137,-12,12
21503,98,103,-5,5
21504,92,93,-1,1
21505,39,44,-5,5
21506,93,95,-2,2
21507,47,62,-15,15
21508,72,72,0,0
21509,138,130,8,8
21510,81,84,-3,3
21511,102,105,-3,3
21512,146,138,8,8
21513,80,78,2,2
21514,76,73,3,3
21515,130,140,-10,10
21516,138,128,10,10
21517,69,77,-8,8
21518,134,118,16,16
21519,73,78,-5,5
21520,55,66,-11,11
21521,68,74,-6,6
21522,78,94,-16,16
21523,85,84,1,1
21524,118,116,2,2
21525,80,82,-2,2
21526,153,156,-3,3
21527,81,79,2,2
21528,85,86,-1,1
21529,117,116,1,1
21530,126,126,0,0
21531,34,40,-6,6
21532,72,70,2,2
21533,138,128,10,10
21534,82,86,-4,4
21535,113,117,-4,4
21536,63,72,-9,9
21537,80,71,9,9
21538,67,70,-3,3
21539,117,128,-11,11
21540,120,114,6,6
21541,75,73,2,2
21542,117,107,10,10
21543,103,110,-7,7
21544,149,154,-5,5
21545,169,167,2,2
21546,85,99,-14,14
21547,91,90,1,1
21548,121,126,-5,5
21549,95,109,-14,14
21550,123,128,-5,5
21551,36,50,-14,14
21552,71,73,-2,2
21553,106,103,3,3
21554,101,93,8,8
21555,60,81,-21,21
21556,68,70,-2,2
21557,76,75,1,1
21558,91,90,1,1
21559,84,81,3,3
21560,97,104,-7,7
21561,75,83,-8,8
21562,44,49,-5,5
21563,78,67,11,11
21564,55,61,-6,6
21565,106,113,-7,7
21566,125,122,3,3
21567,185,165,20,20
21568,148,168,-20,20
21569,156,143,13,13
21570,128,120,8,8
21571,96,96,0,0
21572,99,94,5,5
21573,63,74,-11,11
21574,78,89,-11,11
21575,162,131,31,31
21576,75,78,-3,3
21577,103,100,3,3
21578,110,103,7,7
21579,116,109,7,7
21580,51,57,-6,6
21581,126,120,6,6
21582,37,51,-14,14
21583,109,107,2,2
21584,115,117,-2,2
21585,70,69,1,1
21586,94,100,-6,6
21587,113,108,5,5
21588,91,92,-1,1
21589,71,75,-4,4
21590,55,62,-7,7
21591,63,73,-10,10
21592,59,61,-2,2
21593,81,81,0,0
21594,135,136,-1,1
21595,95,94,1,1
21596,67,76,-9,9
21597,80,83,-3,3
21598,73,90,-17,17
21599,98,92,6,6
21600,104,99,5,5
21601,63,61,2,2
21602,60,61,-1,1
21603,117,111,6,6
21604,60,63,-3,3
21605,127,123,4,4
21606,121,106,15,15
21607,118,116,2,2
21608,80,81,-1,1
21609,77,79,-2,2
21610,104,101,3,3
21611,182,200,-18,18
21612,90,94,-4,4
21613,49,52,-3,3
21614,86,90,-4,4
21615,88,91,-3,3
21616,114,105,9,9
21617,56,58,-2,2
21618,66,64,2,2
21619,68,76,-8,8
21620,88,92,-4,4
21621,45,73,-28,28
21622,231,215,16,16
21623,136,126,10,10
21624,69,70,-1,1
21625,123,130,-7,7
21626,60,62,-2,2
21627,72,74,-2,2
21628,84,93,-9,9
21629,123,126,-3,3
21630,58,71,-13,13
21631,58,61,-3,3
21632,71,66,5,5
21633,97,93,4,4
21634,61,65,-4,4
21635,57,66,-9,9
21636,172,161,11,11
21637,62,69,-7,7
21638,112,115,-3,3
21639,126,119,7,7
21640,85,84,1,1
21641,105,116,-11,11
21642,100,103,-3,3
21643,117,130,-13,13
21644,76,90,-14,14
21645,85,88,-3,3
21646,187,158,29,29
21647,145,139,6,6
21648,64,76,-12,12
21649,107,103,4,4
21650,140,135,5,5
21651,46,55,-9,9
21652,63,63,0,0
21653,93,94,-1,1
21654,111,112,-1,1
21655,60,65,-5,5
21656,120,116,4,4
21657,67,74,-7,7
21658,157,144,13,13
21659,133,131,2,2
21660,112,115,-3,3
21661,119,130,-11,11
21662,86,85,1,1
21663,128,130,-2,2
21664,109,104,5,5
21665,133,126,7,7
21666,62,63,-1,1
21667,167,154,13,13
21668,122,110,12,12
21669,42,46,-4,4
21670,66,68,-2,2
21671,110,109,1,1
21672,84,96,-12,12
21673,115,111,4,4
21674,174,161,13,13
21675,85,91,-6,6
21676,100,101,-1,1
21677,56,64,-8,8
21678,72,71,1,1
21679,87,94,-7,7
21680,70,91,-21,21
21681,76,76,0,0
21682,89,91,-2,2
21683,69,71,-2,2
21684,175,156,19,19
21685,191,169,22,22
21686,66,67,-1,1
21687,145,139,6,6
21688,127,115,12,12
21689,54,56,-2,2
21690,70,68,2,2
21691,67,69,-2,2
21692,77,77,0,0
21693,119,129,-10,10
21694,38,51,-13,13
21695,77,79,-2,2
21696,49,51,-2,2
21697,63,76,-13,13
21698,40,43,-3,3
21699,69,85,-16,16
21700,35,46,-11,11
21701,93,91,2,2
21702,61,80,-19,19
21703,50,53,-3,3
21704,113,115,-2,2
21705,123,110,13,13
21706,75,77,-2,2
21707,94,94,0,0
21708,71,78,-7,7
21709,114,117,-3,3
21710,68,66,2,2
21711,129,137,-8,8
21712,61,57,4,4
21713,92,90,2,2
21714,76,72,4,4
21715,106,97,9,9
21716,123,117,6,6
21717,89,93,-4,4
21718,88,94,-6,6
21719,48,59,-11,11
21720,87,94,-7,7
21721,53,65,-12,12
21722,120,110,10,10
21723,105,109,-4,4
21724,117,110,7,7
21725,128,118,10,10
21726,173,155,18,18
21727,85,89,-4,4
21728,97,93,4,4
21729,101,97,4,4
21730,67,72,-5,5
21731,71,76,-5,5
21732,89,83,6,6
21733,85,96,-11,11
21734,83,84,-1,1
21735,78,75,3,3
21736,76,75,1,1
21737,115,112,3,3
21738,68,68,0,0
21739,75,73,2,2
21740,106,98,8,8
21741,76,74,2,2
21742,123,115,8,8
21743,82,84,-2,2
21744,82,87,-5,5
21745,162,155,7,7
21746,64,73,-9,9
21747,66,61,5,5
21748,48,49,-1,1
21749,86,94,-8,8
21750,59,69,-10,10
21751,118,110,8,8
21752,75,76,-1,1
21753,138,125,13,13
21754,50,54,-4,4
21755,96,88,8,8
21756,68,72,-4,4
21757,83,87,-4,4
21758,93,109,-16,16
21759,78,85,-7,7
21760,45,48,-3,3
21761,85,86,-1,1
21762,123,113,10,10
21763,42,52,-10,10
21764,84,83,1,1
21765,123,115,8,8
21766,45,58,-13,13
21767,88,92,-4,4
21768,85,87,-2,2
21769,79,71,8,8
21770,75,77,-2,2
21771,125,123,2,2
21772,33,51,-18,18
21773,84,90,-6,6
21774,117,121,-4,4
21775,79,82,-3,3
21776,190,182,8,8
21777,112,111,1,1
21778,86,93,-7,7
21779,115,108,7,7
21780,74,74,0,0
21781,85,91,-6,6
21782,28,34,-6,6
21783,45,53,-8,8
21784,115,110,5,5
21785,92,86,6,6
21786,78,74,4,4
21787,129,125,4,4
21788,119,108,11,11
21789,78,77,1,1
21790,78,67,11,11
21791,211,189,22,22
21792,95,104,-9,9
21793,101,101,0,0
21794,163,149,14,14
21795,168,153,15,15
21796,109,108,1,1
21797,98,105,-7,7
21798,61,64,-3,3
21799,131,132,-1,1
21800,74,74,0,0
21801,66,75,-9,9
21802,130,122,8,8
21803,71,72,-1,1
21804,135,136,-1,1
21805,88,84,4,4
21806,150,166,-16,16
21807,152,135,17,17
21808,117,97,20,20
21809,133,131,2,2
21810,77,81,-4,4
21811,75,70,5,5
21812,63,63,0,0
21813,73,72,1,1
21814,72,74,-2,2
21815,62,78,-16,16
21816,98,103,-5,5
21817,103,96,7,7
21818,167,179,-12,12
21819,73,83,-10,10
21820,68,68,0,0
21821,104,104,0,0
21822,96,97,-1,1
21823,165,160,5,5
21824,128,128,0,0
21825,147,137,10,10
21826,139,136,3,3
21827,156,139,17,17
21828,86,93,-7,7
21829,78,79,-1,1
21830,78,75,3,3
21831,89,90,-1,1
21832,115,107,8,8
21833,122,119,3,3
21834,47,61,-14,14
21835,60,75,-15,15
21836,87,102,-15,15
21837,77,79,-2,2
21838,115,104,11,11
21839,105,95,10,10
21840,120,119,1,1
21841,95,90,5,5
21842,103,99,4,4
21843,57,60,-3,3
21844,132,122,10,10
21845,118,120,-2,2
21846,134,116,18,18
21847,85,97,-12,12
21848,130,137,-7,7
21849,107,115,-8,8
21850,112,107,5,5
21851,63,67,-4,4
21852,176,164,12,12
21853,83,82,1,1
21854,88,101,-13,13
21855,141,125,16,16
21856,121,115,6,6
21857,119,112,7,7
21858,51,62,-11,11
21859,60,65,-5,5
21860,103,91,12,12
21861,122,114,8,8
21862,79,82,-3,3
21863,103,99,4,4
21864,86,88,-2,2
21865,58,70,-12,12
21866,103,105,-2,2
21867,89,84,5,5
21868,94,91,3,3
21869,115,115,0,0
21870,151,167,-16,16
21871,97,101,-4,4
21872,88,86,2,2
21873,78,79,-1,1
21874,79,76,3,3
21875,51,52,-1,1
21876,77,91,-14,14
21877,98,91,7,7
21878,160,138,22,22
21879,114,116,-2,2
21880,95,103,-8,8
21881,77,84,-7,7
21882,75,80,-5,5
21883,142,133,9,9
21884,72,76,-4,4
21885,150,134,16,16
21886,67,75,-8,8
21887,104,107,-3,3
21888,95,102,-7,7
21889,116,108,8,8
21890,43,75,-32,32
21891,98,101,-3,3
21892,85,77,8,8
21893,93,90,3,3
21894,106,105,1,1
21895,99,101,-2,2
21896,179,164,15,15
21897,61,79,-18,18
21898,77,81,-4,4
21899,64,69,-5,5
21900,90,94,-4,4
21901,106,113,-7,7
21902,67,68,-1,1
21903,102,99,3,3
21904,94,36,58,58
21905,92,90,2,2
21906,81,76,5,5
21907,84,82,2,2
21908,131,136,-5,5
21909,96,100,-4,4
21910,89,86,3,3
21911,107,103,4,4
21912,73,81,-8,8
21913,81,75,6,6
21914,69,79,-10,10
21915,73,77,-4,4
21916,150,149,1,1
21917,115,104,11,11
21918,90,85,5,5
21919,63,75,-12,12
21920,138,125,13,13
21921,125,129,-4,4
21922,111,107,4,4
21923,124,110,14,14
21924,37,45,-8,8
21925,114,114,0,0
21926,67,70,-3,3
21927,116,116,0,0
21928,134,140,-6,6
21929,58,65,-7,7
21930,75,74,1,1
21931,119,116,3,3
21932,94,91,3,3
21933,72,71,1,1
21934,144,142,2,2
21935,86,89,-3,3
21936,112,108,4,4
21937,57,60,-3,3
21938,121,128,-7,7
21939,118,113,5,5
21940,79,81,-2,2
21941,53,55,-2,2
21942,61,55,6,6
21943,90,101,-11,11
21944,114,117,-3,3
21945,101,104,-3,3
21946,180,172,8,8
21947,136,146,-10,10
21948,100,103,-3,3
21949,107,107,0,0
21950,95,103,-8,8
21951,75,79,-4,4
21952,86,94,-8,8
21953,71,80,-9,9
21954,126,127,-1,1
21955,125,120,5,5
21956,162,152,10,10
21957,71,76,-5,5
21958,60,60,0,0
21959,118,123,-5,5
21960,104,88,16,16
21961,117,112,5,5
21962,144,133,11,11
21963,78,85,-7,7
21964,95,95,0,0
21965,157,141,16,16
21966,70,75,-5,5
21967,68,73,-5,5
21968,125,119,6,6
21969,111,96,15,15
21970,112,105,7,7
21971,118,105,13,13
21972,71,66,5,5
21973,126,112,14,14
21974,96,96,0,0
21975,59,66,-7,7
21976,82,94,-12,12
21977,101,108,-7,7
21978,80,90,-10,10
21979,61,63,-2,2
21980,89,97,-8,8
21981,107,94,13,13
21982,55,61,-6,6
21983,99,101,-2,2
21984,131,136,-5,5
21985,80,77,3,3
21986,110,95,15,15
21987,94,96,-2,2
21988,32,29,3,3
21989,105,106,-1,1
21990,103,105,-2,2
21991,152,153,-1,1
21992,136,120,16,16
21993,78,73,5,5
21994,68,67,1,1
21995,68,80,-12,12
21996,36,41,-5,5
21997,111,117,-6,6
21998,64,62,2,2
21999,70,74,-4,4
22000,89,90,-1,1
22001,103,100,3,3
22002,79,80,-1,1
22003,175,170,5,5
22004,103,109,-6,6
22005,84,83,1,1
22006,79,77,2,2
22007,93,100,-7,7
22008,124,121,3,3
22009,106,106,0,0
22010,144,125,19,19
22011,100,102,-2,2
22012,70,76,-6,6
22013,122,128,-6,6
22014,101,104,-3,3
22015,125,121,4,4
22016,94,92,2,2
22017,134,142,-8,8
22018,69,74,-5,5
22019,119,106,13,13
22020,106,101,5,5
22021,122,124,-2,2
22022,54,59,-5,5
22023,89,91,-2,2
22024,76,93,-17,17
22025,86,90,-4,4
22026,144,128,16,16
22027,93,84,9,9
22028,105,109,-4,4
22029,101,104,-3,3
22030,81,92,-11,11
22031,85,87,-2,2
22032,157,133,24,24
22033,112,119,-7,7
22034,76,81,-5,5
22035,85,94,-9,9
22036,141,120,21,21
22037,87,94,-7,7
22038,71,81,-10,10
22039,104,108,-4,4
22040,73,79,-6,6
22041,143,133,10,10
22042,92,102,-10,10
22043,80,90,-10,10
22044,98,103,-5,5
22045,80,76,4,4
22046,54,63,-9,9
22047,134,142,-8,8
22048,70,68,2,2
22049,114,115,-1,1
22050,80,72,8,8
22051,90,86,4,4
22052,82,94,-12,12
22053,103,102,1,1
22054,82,81,1,1
22055,92,91,1,1
22056,82,83,-1,1
22057,66,72,-6,6
22058,124,161,-37,37
22059,61,71,-10,10
22060,63,72,-9,9
22061,91,96,-5,5
22062,72,73,-1,1
22063,54,68,-14,14
22064,87,89,-2,2
22065,104,110,-6,6
22066,61,67,-6,6
22067,125,109,16,16
22068,129,132,-3,3
22069,33,47,-14,14
22070,97,103,-6,6
22071,73,91,-18,18
22072,154,139,15,15
22073,74,73,1,1
22074,125,125,0,0
22075,54,59,-5,5
22076,68,75,-7,7
22077,91,92,-1,1
22078,68,70,-2,2
22079,92,105,-13,13
22080,117,105,12,12
22081,98,110,-12,12
22082,124,111,13,13
22083,71,77,-6,6
22084,66,70,-4,4
22085,37,44,-7,7
22086,108,105,3,3
22087,59,61,-2,2
22088,84,85,-1,1
22089,162,146,16,16
22090,108,114,-6,6
22091,120,111,9,9
22092,102,109,-7,7
22093,68,83,-15,15
22094,146,127,19,19
22095,116,117,-1,1
22096,66,73,-7,7
22097,67,72,-5,5
22098,46,60,-14,14
22099,92,85,7,7
22100,150,132,18,18
22101,58,58,0,0
22102,103,113,-10,10
22103,112,105,7,7
22104,90,102,-12,12
22105,98,99,-1,1
22106,54,64,-10,10
22107,76,81,-5,5
22108,77,84,-7,7
22109,111,106,5,5
22110,118,121,-3,3
22111,125,119,6,6
22112,94,103,-9,9
22113,73,79,-6,6
22114,173,167,6,6
22115,155,154,1,1
22116,120,126,-6,6
22117,86,76,10,10
22118,115,111,4,4
22119,149,138,11,11
22120,68,87,-19,19
22121,130,111,19,19
22122,65,74,-9,9
22123,63,57,6,6
22124,39,43,-4,4
22125,82,82,0,0
22126,74,70,4,4
22127,57,72,-15,15
22128,105,113,-8,8
22129,106,106,0,0
22130,126,147,-21,21
22131,113,110,3,3
22132,109,109,0,0
22133,95,103,-8,8
22134,86,79,7,7
22135,99,96,3,3
22136,65,53,12,12
22137,70,74,-4,4
22138,66,68,-2,2
22139,45,50,-5,5
22140,77,81,-4,4
22141,50,60,-10,10
22142,105,105,0,0
22143,101,113,-12,12
22144,62,71,-9,9
22145,82,94,-12,12
22146,69,65,4,4
22147,122,135,-13,13
22148,147,140,7,7
22149,220,200,20,20
22150,69,72,-3,3
22151,93,92,1,1
22152,111,108,3,3
22153,152,148,4,4
22154,124,128,-4,4
22155,43,47,-4,4
22156,112,100,12,12
22157,83,84,-1,1
22158,140,133,7,7
22159,110,109,1,1
22160,71,83,-12,12
22161,96,108,-12,12
22162,148,147,1,1
22163,53,48,5,5
22164,120,108,12,12
22165,188,187,1,1
22166,29,41,-12,12
22167,117,114,3,3
22168,104,103,1,1
22169,81,79,2,2
22170,124,127,-3,3
22171,103,115,-12,12
22172,139,136,3,3
22173,79,73,6,6
22174,133,119,14,14
22175,112,115,-3,3
22176,99,106,-7,7
22177,101,100,1,1
22178,75,71,4,4
22179,110,107,3,3
22180,121,118,3,3
22181,110,115,-5,5
22182,68,88,-20,20
22183,99,96,3,3
22184,67,76,-9,9
22185,72,82,-10,10
22186,151,133,18,18
22187,87,94,-7,7
22188,83,91,-8,8
22189,58,73,-15,15
22190,56,60,-4,4
22191,72,71,1,1
22192,91,92,-1,1
22193,61,62,-1,1
22194,95,83,12,12
22195,101,97,4,4
22196,98,94,4,4
22197,128,131,-3,3
22198,183,170,13,13
22199,68,72,-4,4
22200,97,97,0,0
22201,74,75,-1,1
22202,127,128,-1,1
22203,91,91,0,0
22204,95,94,1,1
22205,83,83,0,0
22206,130,127,3,3
22207,143,47,96,96
22208,68,74,-6,6
22209,72,73,-1,1
22210,81,83,-2,2
22211,63,69,-6,6
22212,92,91,1,1
22213,70,84,-14,14
22214,114,118,-4,4
22215,119,116,3,3
22216,130,129,1,1
22217,94,99,-5,5
22218,104,107,-3,3
22219,99,106,-7,7
22220,55,69,-14,14
22221,111,113,-2,2
22222,101,95,6,6
22223,86,89,-3,3
22224,89,94,-5,5
22225,91,109,-18,18
22226,140,138,2,2
22227,74,80,-6,6
22228,82,83,-1,1
22229,103,89,14,14
22230,104,93,11,11
22231,75,86,-11,11
22232,92,105,-13,13
22233,53,60,-7,7
22234,74,86,-12,12
22235,38,42,-4,4
22236,141,132,9,9
22237,91,85,6,6
22238,97,93,4,4
22239,115,109,6,6
22240,141,141,0,0
22241,72,84,-12,12
22242,87,93,-6,6
22243,114,114,0,0
22244,96,92,4,4
22245,68,82,-14,14
22246,123,124,-1,1
22247,91,91,0,0
22248,91,92,-1,1
22249,116,120,-4,4
22250,49,74,-25,25
22251,57,61,-4,4
22252,124,125,-1,1
22253,88,101,-13,13
22254,129,127,2,2
22255,55,58,-3,3
22256,188,166,22,22
22257,64,69,-5,5
22258,71,74,-3,3
22259,45,53,-8,8
22260,93,105,-12,12
22261,68,71,-3,3
22262,161,167,-6,6
22263,69,82,-13,13
22264,113,115,-2,2
22265,74,85,-11,11
22266,58,65,-7,7
22267,149,148,1,1
22268,49,53,-4,4
22269,96,95,1,1
22270,122,114,8,8
22271,92,86,6,6
22272,124,127,-3,3
22273,93,96,-3,3
22274,149,149,0,0
22275,179,163,16,16
22276,147,147,0,0
22277,121,118,3,3
22278,62,65,-3,3
22279,50,54,-4,4
22280,54,57,-3,3
22281,104,102,2,2
22282,73,73,0,0
22283,101,104,-3,3
22284,71,79,-8,8
22285,90,93,-3,3
22286,71,72,-1,1
22287,72,76,-4,4
22288,61,86,-25,25
22289,65,66,-1,1
22290,81,83,-2,2
22291,37,53,-16,16
22292,65,73,-8,8
22293,128,120,8,8
22294,55,89,-34,34
22295,55,70,-15,15
22296,131,113,18,18
22297,67,64,3,3
22298,138,134,4,4
22299,66,69,-3,3
22300,62,65,-3,3
22301,187,178,9,9
22302,127,116,11,11
22303,105,109,-4,4
22304,78,80,-2,2
22305,94,93,1,1
22306,94,95,-1,1
22307,108,107,1,1
22308,135,125,10,10
22309,78,75,3,3
22310,87,93,-6,6
22311,59,61,-2,2
22312,134,145,-11,11
22313,89,90,-1,1
22314,79,84,-5,5
22315,27,46,-19,19
22316,74,70,4,4
22317,56,64,-8,8
22318,121,125,-4,4
22319,88,96,-8,8
22320,145,145,0,0
22321,99,102,-3,3
22322,127,117,10,10
22323,85,85,0,0
22324,91,80,11,11
22325,184,183,1,1
22326,76,76,0,0
22327,86,92,-6,6
22328,88,84,4,4
22329,156,149,7,7
22330,106,108,-2,2
22331,102,96,6,6
22332,106,104,2,2
22333,87,92,-5,5
22334,60,67,-7,7
22335,82,83,-1,1
22336,112,107,5,5
22337,118,120,-2,2
22338,75,69,6,6
22339,94,102,-8,8
22340,57,68,-11,11
22341,96,95,1,1
22342,67,69,-2,2
22343,78,94,-16,16
22344,114,104,10,10
22345,70,71,-1,1
22346,60,66,-6,6
22347,91,93,-2,2
22348,86,82,4,4
22349,84,87,-3,3
22350,75,76,-1,1
22351,133,137,-4,4
22352,193,172,21,21
22353,68,73,-5,5
22354,139,134,5,5
22355,57,76,-19,19
22356,110,112,-2,2
22357,83,96,-13,13
22358,159,133,26,26
22359,110,106,4,4
22360,150,134,16,16
22361,95,104,-9,9
22362,139,126,13,13
22363,72,69,3,3
22364,147,133,14,14
22365,89,84,5,5
22366,136,131,5,5
22367,47,47,0,0
22368,158,154,4,4
22369,111,116,-5,5
22370,99,94,5,5
22371,112,107,5,5
22372,82,92,-10,10
22373,38,44,-6,6
22374,82,79,3,3
22375,80,84,-4,4
22376,119,106,13,13
22377,68,74,-6,6
22378,117,115,2,2
22379,76,76,0,0
22380,94,97,-3,3
22381,68,74,-6,6
22382,49,51,-2,2
22383,59,63,-4,4
22384,135,138,-3,3
22385,111,111,0,0
22386,102,95,7,7
22387,118,121,-3,3
22388,90,91,-1,1
22389,62,69,-7,7
22390,104,99,5,5
22391,120,114,6,6
22392,105,106,-1,1
22393,131,129,2,2
22394,103,113,-10,10
22395,117,114,3,3
22396,92,94,-2,2
22397,70,74,-4,4
22398,108,111,-3,3
22399,71,72,-1,1
22400,58,69,-11,11
22401,91,78,13,13
22402,98,93,5,5
22403,40,55,-15,15
22404,92,83,9,9
22405,100,104,-4,4
22406,138,143,-5,5
22407,132,117,15,15
22408,101,106,-5,5
22409,71,80,-9,9
22410,86,85,1,1
22411,107,104,3,3
22412,85,89,-4,4
22413,68,74,-6,6
22414,80,86,-6,6
22415,125,119,6,6
22416,99,92,7,7
22417,122,116,6,6
22418,190,167,23,23
22419,109,95,14,14
22420,83,74,9,9
22421,121,134,-13,13
22422,79,94,-15,15
22423,142,154,-12,12
22424,63,66,-3,3
22425,66,70,-4,4
22426,114,100,14,14
22427,80,79,1,1
22428,72,72,0,0
22429,190,181,9,9
22430,91,93,-2,2
22431,152,142,10,10
22432,74,67,7,7
22433,88,93,-5,5
22434,181,182,-1,1
22435,118,116,2,2
22436,131,126,5,5
22437,64,108,-44,44
22438,86,89,-3,3
22439,74,88,-14,14
22440,79,82,-3,3
22441,99,101,-2,2
22442,169,163,6,6
22443,68,65,3,3
22444,79,80,-1,1
22445,181,159,22,22
22446,119,110,9,9
22447,120,115,5,5
22448,67,76,-9,9
22449,67,81,-14,14
22450,76,75,1,1
22451,87,86,1,1
22452,91,104,-13,13
22453,161,149,12,12
22454,58,62,-4,4
22455,57,65,-8,8
22456,95,97,-2,2
22457,63,72,-9,9
22458,64,68,-4,4
22459,55,63,-8,8
22460,136,145,-9,9
22461,107,106,1,1
22462,83,94,-11,11
22463,52,66,-14,14
22464,127,135,-8,8
22465,90,95,-5,5
22466,141,130,11,11
22467,87,97,-10,10
22468,99,102,-3,3
22469,67,69,-2,2
22470,79,85,-6,6
22471,102,104,-2,2
22472,168,170,-2,2
22473,154,149,5,5
22474,118,116,2,2
22475,68,81,-13,13
22476,109,108,1,1
22477,41,48,-7,7
22478,65,74,-9,9
22479,108,105,3,3
22480,26,42,-16,16
22481,99,107,-8,8
22482,137,134,3,3
22483,180,170,10,10
22484,223,176,47,47
22485,103,105,-2,2
22486,91,92,-1,1
22487,120,110,10,10
22488,73,74,-1,1
22489,69,79,-10,10
22490,76,87,-11,11
22491,73,68,5,5
22492,41,45,-4,4
22493,143,148,-5,5
22494,121,134,-13,13
22495,97,109,-12,12
22496,86,94,-8,8
22497,80,90,-10,10
22498,105,115,-10,10
22499,111,98,13,13
22500,133,139,-6,6
22501,120,116,4,4
22502,156,163,-7,7
22503,100,108,-8,8
22504,41,48,-7,7
22505,94,103,-9,9
22506,59,62,-3,3
22507,71,72,-1,1
22508,68,71,-3,3
22509,102,96,6,6
22510,134,129,5,5
22511,60,58,2,2
22512,169,140,29,29
22513,80,88,-8,8
22514,126,147,-21,21
22515,146,132,14,14
22516,128,135,-7,7
22517,67,67,0,0
22518,92,103,-11,11
22519,72,76,-4,4
22520,79,83,-4,4
22521,102,96,6,6
22522,62,67,-5,5
22523,59,66,-7,7
22524,116,104,12,12
22525,96,95,1,1
22526,86,91,-5,5
22527,68,78,-10,10
22528,90,95,-5,5
22529,90,85,5,5
22530,141,133,8,8
22531,109,110,-1,1
22532,51,73,-22,22
22533,107,102,5,5
22534,130,124,6,6
22535,103,103,0,0
22536,49,64,-15,15
22537,106,96,10,10
22538,87,91,-4,4
22539,68,69,-1,1
22540,88,93,-5,5
22541,79,87,-8,8
22542,104,98,6,6
22543,94,94,0,0
22544,123,114,9,9
22545,98,93,5,5
22546,123,117,6,6
22547,104,107,-3,3
22548,60,69,-9,9
22549,70,76,-6,6
22550,89,90,-1,1
22551,122,111,11,11
22552,55,59,-4,4
22553,141,130,11,11
22554,80,82,-2,2
22555,97,100,-3,3
22556,126,115,11,11
22557,73,80,-7,7
22558,63,74,-11,11
22559,151,135,16,16
22560,109,102,7,7
22561,161,155,6,6
22562,80,82,-2,2
22563,126,113,13,13
22564,89,91,-2,2
22565,95,91,4,4
22566,163,143,20,20
22567,121,109,12,12
22568,80,85,-5,5
22569,79,71,8,8
22570,94,93,1,1
22571,143,132,11,11
22572,95,94,1,1
22573,108,107,1,1
22574,94,101,-7,7
22575,102,99,3,3
22576,84,93,-9,9
22577,80,81,-1,1
22578,135,127,8,8
22579,98,89,9,9
22580,113,117,-4,4
22581,85,104,-19,19
22582,97,95,2,2
22583,67,68,-1,1
22584,135,130,5,5
22585,31,34,-3,3
22586,154,150,4,4
22587,136,135,1,1
22588,35,39,-4,4
22589,145,136,9,9
22590,76,73,3,3
22591,89,95,-6,6
22592,84,97,-13,13
22593,82,101,-19,19
22594,76,75,1,1
22595,88,93,-5,5
22596,85,81,4,4
22597,109,116,-7,7
22598,165,156,9,9
22599,88,98,-10,10
22600,54,62,-8,8
22601,93,84,9,9
22602,66,70,-4,4
22603,75,82,-7,7
22604,55,61,-6,6
22605,72,78,-6,6
22606,113,108,5,5
22607,127,124,3,3
22608,53,53,0,0
22609,94,98,-4,4
22610,90,92,-2,2
22611,65,76,-11,11
22612,60,71,-11,11
22613,59,52,7,7
22614,107,103,4,4
22615,93,104,-11,11
22616,128,118,10,10
22617,55,60,-5,5
22618,93,97,-4,4
22619,79,75,4,4
22620,148,132,16,16
22621,129,125,4,4
22622,51,64,-13,13
22623,92,94,-2,2
22624,93,110,-17,17
22625,114,122,-8,8
22626,72,76,-4,4
22627,92,102,-10,10
22628,81,78,3,3
22629,69,82,-13,13
22630,93,93,0,0
22631,189,180,9,9
22632,71,75,-4,4
22633,87,90,-3,3
22634,48,35,13,13
22635,94,96,-2,2
22636,116,133,-17,17
22637,62,71,-9,9
22638,240,214,26,26
22639,104,102,2,2
22640,80,91,-11,11
22641,66,61,5,5
22642,100,96,4,4
22643,133,128,5,5
22644,103,102,1,1
22645,137,139,-2,2
22646,165,150,15,15
22647,125,122,3,3
22648,86,83,3,3
22649,95,92,3,3
22650,103,114,-11,11
22651,140,123,17,17
22652,95,101,-6,6
22653,68,76,-8,8
22654,52,57,-5,5
22655,77,77,0,0
22656,121,113,8,8
22657,107,109,-2,2
22658,98,99,-1,1
22659,100,101,-1,1
22660,81,83,-2,2
22661,46,48,-2,2
22662,162,159,3,3
22663,136,129,7,7
22664,85,92,-7,7
22665,83,77,6,6
22666,135,125,10,10
22667,39,42,-3,3
22668,61,66,-5,5
22669,73,66,7,7
22670,87,80,7,7
22671,76,80,-4,4
22672,84,100,-16,16
22673,94,89,5,5
22674,163,165,-2,2
22675,80,91,-11,11
22676,86,104,-18,18
22677,152,138,14,14
22678,100,111,-11,11
22679,75,72,3,3
22680,92,92,0,0
22681,84,83,1,1
22682,144,134,10,10
22683,69,70,-1,1
22684,109,113,-4,4
22685,109,100,9,9
22686,88,74,14,14
22687,67,71,-4,4
22688,115,108,7,7
22689,125,131,-6,6
22690,95,102,-7,7
22691,87,90,-3,3
22692,98,97,1,1
22693,83,97,-14,14
22694,101,102,-1,1
22695,51,50,1,1
22696,108,105,3,3
22697,136,135,1,1
22698,208,210,-2,2
22699,121,116,5,5
22700,84,81,3,3
22701,86,83,3,3
22702,148,151,-3,3
22703,110,115,-5,5
22704,117,117,0,0
22705,96,98,-2,2
22706,69,71,-2,2
22707,137,130,7,7
22708,66,65,1,1
22709,89,76,13,13
22710,44,52,-8,8
22711,136,126,10,10
22712,128,115,13,13
22713,73,73,0,0
22714,155,156,-1,1
22715,89,75,14,14
22716,87,76,11,11
22717,147,136,11,11
22718,64,67,-3,3
22719,37,41,-4,4
22720,122,118,4,4
22721,44,44,0,0
22722,126,123,3,3
22723,60,71,-11,11
22724,148,144,4,4
22725,134,129,5,5
22726,87,82,5,5
22727,135,138,-3,3
22728,90,93,-3,3
22729,60,61,-1,1
22730,86,78,8,8
22731,150,150,0,0
22732,59,73,-14,14
22733,111,101,10,10
22734,54,57,-3,3
22735,158,139,19,19
22736,135,116,19,19
22737,32,36,-4,4
22738,63,66,-3,3
22739,117,101,16,16
22740,83,91,-8,8
22741,54,63,-9,9
22742,151,147,4,4
22743,64,70,-6,6
22744,44,51,-7,7
22745,138,131,7,7
22746,48,65,-17,17
22747,123,114,9,9
22748,97,103,-6,6
22749,59,63,-4,4
22750,96,100,-4,4
22751,19,27,-8,8
22752,112,110,2,2
22753,131,141,-10,10
22754,153,156,-3,3
22755,100,103,-3,3
22756,183,175,8,8
22757,121,113,8,8
22758,129,126,3,3
22759,93,105,-12,12
22760,89,96,-7,7
22761,92,94,-2,2
22762,81,103,-22,22
22763,133,125,8,8
22764,77,85,-8,8
22765,63,69,-6,6
22766,66,65,1,1
22767,74,89,-15,15
22768,150,150,0,0
22769,76,90,-14,14
22770,68,64,4,4
22771,73,72,1,1
22772,93,91,2,2
22773,90,82,8,8
22774,81,98,-17,17
22775,59,56,3,3
22776,160,140,20,20
22777,47,50,-3,3
22778,109,132,-23,23
22779,133,126,7,7
22780,114,118,-4,4
22781,89,82,7,7
22782,86,83,3,3
22783,95,90,5,5
22784,149,153,-4,4
22785,86,84,2,2
22786,112,112,0,0
22787,61,105,-44,44
22788,32,43,-11,11
22789,141,140,1,1
22790,106,103,3,3
22791,62,69,-7,7
22792,98,100,-2,2
22793,169,137,32,32
22794,75,91,-16,16
22795,113,108,5,5
22796,69,74,-5,5
22797,54,62,-8,8
22798,72,82,-10,10
22799,140,146,-6,6
22800,86,94,-8,8
22801,106,104,2,2
22802,81,83,-2,2
22803,109,102,7,7
22804,120,106,14,14
22805,103,94,9,9
22806,201,173,28,28
22807,115,133,-18,18
22808,94,87,7,7
22809,110,121,-11,11
22810,90,92,-2,2
22811,117,108,9,9
22812,80,74,6,6
22813,136,128,8,8
22814,95,102,-7,7
22815,121,107,14,14
22816,38,45,-7,7
22817,100,94,6,6
22818,83,93,-10,10
22819,102,102,0,0
22820,100,101,-1,1
22821,67,73,-6,6
22822,88,118,-30,30
22823,68,68,0,0
22824,145,143,2,2
22825,86,85,1,1
22826,107,102,5,5
22827,85,100,-15,15
22828,102,106,-4,4
22829,132,130,2,2
22830,61,64,-3,3
22831,70,68,2,2
22832,91,96,-5,5
22833,139,138,1,1
22834,51,54,-3,3
22835,39,43,-4,4
22836,100,91,9,9
22837,93,98,-5,5
22838,89,98,-9,9
22839,92,101,-9,9
22840,35,41,-6,6
22841,93,91,2,2
22842,64,69,-5,5
22843,62,59,3,3
22844,102,89,13,13
22845,101,102,-1,1
22846,93,97,-4,4
22847,63,67,-4,4
22848,88,91,-3,3
22849,80,85,-5,5
22850,134,99,35,35
22851,77,80,-3,3
22852,73,76,-3,3
22853,57,65,-8,8
22854,118,93,25,25
22855,134,136,-2,2
22856,127,125,2,2
22857,88,91,-3,3
22858,91,92,-1,1
22859,110,109,1,1
22860,46,50,-4,4
22861,105,104,1,1
22862,103,107,-4,4
22863,108,101,7,7
22864,93,103,-10,10
22865,75,83,-8,8
22866,131,129,2,2
22867,130,132,-2,2
22868,89,92,-3,3
22869,49,104,-55,55
22870,120,122,-2,2
22871,151,157,-6,6
22872,92,85,7,7
22873,77,84,-7,7
22874,126,131,-5,5
22875,100,102,-2,2
22876,54,62,-8,8
22877,110,103,7,7
22878,133,130,3,3
22879,119,120,-1,1
22880,126,115,11,11
22881,42,48,-6,6
22882,63,69,-6,6
22883,170,169,1,1
22884,68,83,-15,15
22885,114,108,6,6
22886,115,110,5,5
22887,64,73,-9,9
22888,90,94,-4,4
22889,126,112,14,14
22890,72,90,-18,18
22891,116,137,-21,21
22892,151,155,-4,4
22893,98,85,13,13
22894,135,127,8,8
22895,132,116,16,16
22896,166,149,17,17
22897,109,106,3,3
22898,73,71,2,2
22899,43,49,-6,6
22900,60,64,-4,4
22901,95,103,-8,8
22902,185,166,19,19
22903,116,114,2,2
22904,120,118,2,2
22905,117,110,7,7
22906,80,91,-11,11
22907,54,60,-6,6
22908,94,97,-3,3
22909,104,108,-4,4
22910,167,172,-5,5
22911,183,174,9,9
22912,125,129,-4,4
22913,67,70,-3,3
22914,127,114,13,13
22915,108,105,3,3
22916,110,107,3,3
22917,72,74,-2,2
22918,76,80,-4,4
22919,60,62,-2,2
22920,127,114,13,13
22921,60,59,1,1
22922,117,112,5,5
22923,62,68,-6,6
22924,98,93,5,5
22925,64,68,-4,4
22926,90,90,0,0
22927,155,152,3,3
22928,69,72,-3,3
22929,91,90,1,1
22930,91,85,6,6
22931,97,94,3,3
22932,116,107,9,9
22933,100,101,-1,1
22934,81,89,-8,8
22935,77,76,1,1
22936,46,46,0,0
22937,86,100,-14,14
22938,98,93,5,5
22939,128,101,27,27
22940,53,58,-5,5
22941,86,88,-2,2
22942,106,110,-4,4
22943,118,114,4,4
22944,132,133,-1,1
22945,179,177,2,2
22946,72,72,0,0
22947,57,59,-2,2
22948,159,154,5,5
22949,56,66,-10,10
22950,90,101,-11,11
22951,84,90,-6,6
22952,120,123,-3,3
22953,99,92,7,7
22954,121,111,10,10
22955,96,102,-6,6
22956,46,60,-14,14
22957,84,94,-10,10
22958,79,82,-3,3
22959,165,154,11,11
22960,72,76,-4,4
22961,75,77,-2,2
22962,116,116,0,0
22963,117,118,-1,1
22964,95,92,3,3
22965,138,135,3,3
22966,64,70,-6,6
22967,70,75,-5,5
22968,51,56,-5,5
22969,74,88,-14,14
22970,105,104,1,1
22971,137,134,3,3
22972,93,93,0,0
22973,72,79,-7,7
22974,83,80,3,3
22975,113,105,8,8
22976,97,97,0,0
22977,76,78,-2,2
22978,65,67,-2,2
22979,159,147,12,12
22980,72,73,-1,1
22981,127,116,11,11
22982,94,95,-1,1
22983,83,84,-1,1
22984,84,92,-8,8
22985,60,68,-8,8
22986,100,105,-5,5
22987,108,109,-1,1
22988,118,113,5,5
22989,76,77,-1,1
22990,87,84,3,3
22991,50,55,-5,5
22992,38,45,-7,7
22993,146,129,17,17
22994,114,110,4,4
22995,52,56,-4,4
22996,84,92,-8,8
22997,122,127,-5,5
22998,102,98,4,4
22999,181,166,15,15
23000,98,92,6,6
23001,39,49,-10,10
23002,84,72,12,12
23003,145,113,32,32
23004,124,128,-4,4
23005,110,115,-5,5
23006,57,64,-7,7
23007,88,87,1,1
23008,64,66,-2,2
23009,195,180,15,15
23010,131,135,-4,4
23011,124,120,4,4
23012,79,97,-18,18
23013,66,68,-2,2
23014,100,107,-7,7
23015,82,81,1,1
23016,81,89,-8,8
23017,85,83,2,2
23018,192,186,6,6
23019,112,111,1,1
23020,166,155,11,11
23021,101,100,1,1
23022,82,76,6,6
23023,89,78,11,11
23024,94,91,3,3
23025,79,92,-13,13
23026,108,114,-6,6
23027,117,110,7,7
23028,123,117,6,6
23029,81,82,-1,1
23030,87,83,4,4
23031,66,69,-3,3
23032,35,42,-7,7
23033,102,98,4,4
23034,145,133,12,12
23035,62,65,-3,3
23036,121,112,9,9
23037,69,72,-3,3
23038,142,130,12,12
23039,74,70,4,4
23040,92,90,2,2
23041,63,63,0,0
23042,71,77,-6,6
23043,148,131,17,17
23044,72,84,-12,12
23045,75,75,0,0
23046,118,120,-2,2
23047,103,108,-5,5
23048,136,121,15,15
23049,126,128,-2,2
23050,93,102,-9,9
23051,101,103,-2,2
23052,133,125,8,8
23053,83,93,-10,10
23054,91,94,-3,3
23055,52,51,1,1
23056,100,102,-2,2
23057,88,90,-2,2
23058,80,90,-10,10
23059,83,94,-11,11
23060,90,91,-1,1
23061,69,98,-29,29
23062,85,78,7,7
23063,107,99,8,8
23064,103,99,4,4
23065,60,66,-6,6
23066,152,149,3,3
23067,40,45,-5,5
23068,87,89,-2,2
23069,78,75,3,3
23070,145,142,3,3
23071,47,53,-6,6
23072,139,124,15,15
23073,94,93,1,1
23074,138,148,-10,10
23075,115,103,12,12
23076,94,100,-6,6
23077,106,106,0,0
23078,85,91,-6,6
23079,82,81,1,1
23080,61,64,-3,3
23081,160,149,11,11
23082,157,163,-6,6
23083,87,94,-7,7
23084,135,124,11,11
23085,120,116,4,4
23086,104,102,2,2
23087,165,142,23,23
23088,88,91,-3,3
23089,67,75,-8,8
23090,87,83,4,4
23091,66,74,-8,8
23092,74,74,0,0
23093,76,80,-4,4
23094,62,68,-6,6
23095,79,83,-4,4
23096,91,93,-2,2
23097,70,67,3,3
23098,148,134,14,14
23099,135,121,14,14
23100,74,84,-10,10
23101,78,79,-1,1
23102,93,96,-3,3
23103,124,118,6,6
23104,129,131,-2,2
23105,98,98,0,0
23106,72,72,0,0
23107,53,62,-9,9
23108,138,135,3,3
23109,184,160,24,24
23110,85,91,-6,6
23111,82,87,-5,5
23112,105,111,-6,6
23113,99,100,-1,1
23114,65,72,-7,7
23115,73,71,2,2
23116,66,65,1,1
23117,102,104,-2,2
23118,85,78,7,7
23119,188,186,2,2
23120,81,216,-135,135
23121,124,117,7,7
23122,59,65,-6,6
23123,108,105,3,3
23124,92,96,-4,4
23125,100,98,2,2
23126,105,103,2,2
23127,93,95,-2,2
23128,155,148,7,7
23129,71,71,0,0
23130,65,61,4,4
23131,94,95,-1,1
23132,122,126,-4,4
23133,70,74,-4,4
23134,65,70,-5,5
23135,160,150,10,10
23136,115,116,-1,1
23137,134,132,2,2
23138,101,106,-5,5
23139,105,103,2,2
23140,93,98,-5,5
23141,94,89,5,5
23142,82,79,3,3
23143,90,91,-1,1
23144,78,72,6,6
23145,145,137,8,8
23146,120,117,3,3
23147,94,98,-4,4
23148,95,90,5,5
23149,115,132,-17,17
23150,49,50,-1,1
23151,134,133,1,1
23152,88,90,-2,2
23153,82,92,-10,10
23154,67,67,0,0
23155,71,67,4,4
23156,56,71,-15,15
23157,88,85,3,3
23158,34,42,-8,8
23159,62,76,-14,14
23160,82,91,-9,9
23161,111,119,-8,8
23162,48,53,-5,5
23163,102,105,-3,3
23164,143,134,9,9
23165,47,54,-7,7
23166,76,76,0,0
23167,119,115,4,4
23168,64,65,-1,1
23169,72,71,1,1
23170,141,137,4,4
23171,64,62,2,2
23172,127,114,13,13
23173,72,74,-2,2
23174,111,108,3,3
23175,104,90,14,14
23176,77,88,-11,11
23177,133,140,-7,7
23178,113,107,6,6
23179,110,110,0,0
23180,89,91,-2,2
23181,125,124,1,1
23182,127,113,14,14
23183,68,65,3,3
23184,99,106,-7,7
23185,86,94,-8,8
23186,111,109,2,2
23187,118,107,11,11
23188,74,79,-5,5
23189,132,119,13,13
23190,99,94,5,5
23191,139,137,2,2
23192,107,106,1,1
23193,70,78,-8,8
23194,77,72,5,5
23195,101,105,-4,4
23196,103,105,-2,2
23197,86,91,-5,5
23198,104,96,8,8
23199,100,107,-7,7
23200,150,141,9,9
23201,69,71,-2,2
23202,129,125,4,4
23203,162,160,2,2
23204,111,120,-9,9
23205,133,127,6,6
23206,87,87,0,0
23207,74,84,-10,10
23208,95,103,-8,8
23209,110,120,-10,10
23210,124,125,-1,1
23211,155,144,11,11
23212,74,67,7,7
23213,80,73,7,7
23214,90,91,-1,1
23215,100,103,-3,3
23216,112,103,9,9
23217,81,72,9,9
23218,73,82,-9,9
23219,122,118,4,4
23220,130,121,9,9
23221,129,122,7,7
23222,123,115,8,8
23223,84,91,-7,7
23224,63,69,-6,6
23225,144,131,13,13
23226,91,155,-64,64
23227,66,75,-9,9
23228,95,94,1,1
23229,129,124,5,5
23230,75,76,-1,1
23231,152,172,-20,20
23232,119,98,21,21
23233,107,108,-1,1
23234,184,171,13,13
23235,84,90,-6,6
23236,123,119,4,4
23237,167,143,24,24
23238,59,58,1,1
23239,68,75,-7,7
23240,119,109,10,10
23241,77,68,9,9
23242,70,82,-12,12
23243,79,75,4,4
23244,114,115,-1,1
23245,75,78,-3,3
23246,64,60,4,4
23247,127,115,12,12
23248,52,60,-8,8
23249,67,62,5,5
23250,73,81,-8,8
23251,85,81,4,4
23252,63,69,-6,6
23253,88,82,6,6
23254,89,105,-16,16
23255,133,113,20,20
23256,82,85,-3,3
23257,115,105,10,10
23258,97,104,-7,7
23259,81,97,-16,16
23260,102,97,5,5
23261,68,63,5,5
23262,64,65,-1,1
23263,70,73,-3,3
23264,73,80,-7,7
23265,59,69,-10,10
23266,136,129,7,7
23267,103,108,-5,5
23268,137,118,19,19
23269,73,75,-2,2
23270,83,89,-6,6
23271,95,91,4,4
23272,138,121,17,17
23273,86,80,6,6
23274,66,91,-25,25
23275,134,164,-30,30
23276,116,109,7,7
23277,70,72,-2,2
23278,118,114,4,4
23279,131,127,4,4
23280,40,66,-26,26
23281,82,84,-2,2
23282,78,78,0,0
23283,97,91,6,6
23284,89,97,-8,8
23285,133,124,9,9
23286,76,74,2,2
23287,152,134,18,18
23288,92,91,1,1
23289,62,66,-4,4
23290,179,150,29,29
23291,127,112,15,15
23292,115,110,5,5
23293,54,69,-15,15
23294,136,118,18,18
23295,76,87,-11,11
23296,62,67,-5,5
23297,78,82,-4,4
23298,182,161,21,21
23299,67,69,-2,2
23300,110,102,8,8
23301,92,85,7,7
23302,150,134,16,16
23303,122,128,-6,6
23304,62,73,-11,11
23305,109,104,5,5
23306,123,112,11,11
23307,107,108,-1,1
23308,50,62,-12,12
23309,62,69,-7,7
23310,115,111,4,4
23311,41,50,-9,9
23312,106,104,2,2
23313,58,62,-4,4
23314,67,67,0,0
23315,64,63,1,1
23316,71,94,-23,23
23317,83,91,-8,8
23318,157,172,-15,15
23319,90,96,-6,6
23320,100,111,-11,11
23321,92,98,-6,6
23322,87,102,-15,15
23323,76,94,-18,18
23324,101,108,-7,7
23325,56,53,3,3
23326,65,71,-6,6
23327,70,74,-4,4
23328,57,63,-6,6
23329,112,140,-28,28
23330,50,71,-21,21
23331,47,62,-15,15
23332,140,154,-14,14
23333,51,53,-2,2
23334,61,75,-14,14
23335,78,81,-3,3
23336,70,67,3,3
23337,98,93,5,5
23338,152,139,13,13
23339,99,103,-4,4
23340,93,100,-7,7
23341,90,91,-1,1
23342,51,58,-7,7
23343,94,91,3,3
23344,82,91,-9,9
23345,137,144,-7,7
23346,85,91,-6,6
23347,131,137,-6,6
23348,110,104,6,6
23349,70,71,-1,1
23350,99,106,-7,7
23351,146,132,14,14
23352,37,44,-7,7
23353,94,93,1,1
23354,124,122,2,2
23355,91,105,-14,14
23356,85,90,-5,5
23357,58,67,-9,9
23358,78,90,-12,12
23359,62,68,-6,6
23360,51,58,-7,7
23361,85,93,-8,8
23362,64,71,-7,7
23363,108,116,-8,8
23364,89,93,-4,4
23365,120,116,4,4
23366,131,116,15,15
23367,50,59,-9,9
23368,109,105,4,4
23369,82,82,0,0
23370,115,109,6,6
23371,121,132,-11,11
23372,193,179,14,14
23373,66,72,-6,6
23374,125,115,10,10
23375,64,69,-5,5
23376,105,99,6,6
23377,47,57,-10,10
23378,57,73,-16,16
23379,105,101,4,4
23380,124,125,-1,1
23381,90,99,-9,9
23382,126,114,12,12
23383,89,98,-9,9
23384,122,113,9,9
23385,116,112,4,4
23386,80,75,5,5
23387,92,92,0,0
23388,62,92,-30,30
23389,144,142,2,2
23390,45,58,-13,13
23391,139,138,1,1
23392,117,110,7,7
23393,99,104,-5,5
23394,98,99,-1,1
23395,87,94,-7,7
23396,171,144,27,27
23397,127,106,21,21
23398,114,109,5,5
23399,100,104,-4,4
23400,71,82,-11,11
23401,143,127,16,16
23402,84,85,-1,1
23403,89,86,3,3
23404,85,85,0,0
23405,69,71,-2,2
23406,145,151,-6,6
23407,115,113,2,2
23408,116,119,-3,3
23409,114,115,-1,1
23410,58,57,1,1
23411,79,78,1,1
23412,73,74,-1,1
23413,114,122,-8,8
23414,140,142,-2,2
23415,92,102,-10,10
23416,111,112,-1,1
23417,131,136,-5,5
23418,76,82,-6,6
23419,94,98,-4,4
23420,91,101,-10,10
23421,76,75,1,1
23422,115,106,9,9
23423,65,66,-1,1
23424,113,117,-4,4
23425,85,92,-7,7
23426,214,220,-6,6
23427,211,194,17,17
23428,41,47,-6,6
23429,78,78,0,0
23430,161,153,8,8
23431,79,75,4,4
23432,51,62,-11,11
23433,103,108,-5,5
23434,73,79,-6,6
23435,55,65,-10,10
23436,136,115,21,21
23437,131,134,-3,3
23438,77,82,-5,5
23439,80,77,3,3
23440,110,107,3,3
23441,54,60,-6,6
23442,111,112,-1,1
23443,84,90,-6,6
23444,70,70,0,0
23445,70,70,0,0
23446,106,104,2,2
23447,97,100,-3,3
23448,100,95,5,5
23449,135,131,4,4
23450,86,89,-3,3
23451,42,42,0,0
23452,132,138,-6,6
23453,73,75,-2,2
23454,125,124,1,1
23455,83,87,-4,4
23456,125,124,1,1
23457,120,116,4,4
23458,110,105,5,5
23459,197,176,21,21
23460,111,105,6,6
23461,86,95,-9,9
23462,76,73,3,3
23463,150,139,11,11
23464,115,115,0,0
23465,89,99,-10,10
23466,176,178,-2,2
23467,64,73,-9,9
23468,120,111,9,9
23469,121,114,7,7
23470,64,79,-15,15
23471,49,68,-19,19
23472,70,69,1,1
23473,112,107,5,5
23474,89,94,-5,5
23475,107,106,1,1
23476,155,151,4,4
23477,73,81,-8,8
23478,129,134,-5,5
23479,161,148,13,13
23480,89,92,-3,3
23481,113,110,3,3
23482,99,92,7,7
23483,127,127,0,0
23484,115,114,1,1
23485,78,79,-1,1
23486,155,167,-12,12
23487,54,56,-2,2
23488,89,92,-3,3
23489,115,108,7,7
23490,82,83,-1,1
23491,165,156,9,9
23492,90,91,-1,1
23493,87,92,-5,5
23494,115,107,8,8
23495,70,74,-4,4
23496,85,79,6,6
23497,101,103,-2,2
23498,118,127,-9,9
23499,135,115,20,20
23500,74,75,-1,1
23501,108,116,-8,8
23502,134,130,4,4
23503,109,106,3,3
23504,77,77,0,0
23505,71,70,1,1
23506,78,73,5,5
23507,125,107,18,18
23508,90,90,0,0
23509,47,45,2,2
23510,89,89,0,0
23511,102,97,5,5
23512,94,95,-1,1
23513,137,135,2,2
23514,110,103,7,7
23515,100,101,-1,1
23516,125,112,13,13
23517,57,93,-36,36
23518,120,119,1,1
23519,149,140,9,9
23520,69,77,-8,8
23521,91,100,-9,9
23522,69,72,-3,3
23523,143,132,11,11
23524,112,105,7,7
23525,108,102,6,6
23526,83,96,-13,13
23527,102,106,-4,4
23528,55,56,-1,1
23529,101,100,1,1
23530,39,44,-5,5
23531,173,171,2,2
23532,98,95,3,3
23533,136,130,6,6
23534,62,67,-5,5
23535,188,157,31,31
23536,98,101,-3,3
23537,132,123,9,9
23538,89,102,-13,13
23539,106,107,-1,1
23540,101,106,-5,5
23541,150,132,18,18
23542,194,175,19,19
23543,108,110,-2,2
23544,78,91,-13,13
23545,70,72,-2,2
23546,93,104,-11,11
23547,65,75,-10,10
23548,113,105,8,8
23549,129,120,9,9
23550,94,99,-5,5
23551,108,104,4,4
23552,90,98,-8,8
23553,68,72,-4,4
23554,98,105,-7,7
23555,96,114,-18,18
23556,85,100,-15,15
23557,137,143,-6,6
23558,112,113,-1,1
23559,168,154,14,14
23560,87,98,-11,11
23561,134,124,10,10
23562,75,89,-14,14
23563,135,126,9,9
23564,81,82,-1,1
23565,96,107,-11,11
23566,91,97,-6,6
23567,104,94,10,10
23568,105,102,3,3
23569,56,60,-4,4
23570,111,106,5,5
23571,56,71,-15,15
23572,62,65,-3,3
23573,103,104,-1,1
23574,144,144,0,0
23575,101,99,2,2
23576,79,76,3,3
23577,102,96,6,6
23578,121,124,-3,3
23579,140,135,5,5
23580,135,132,3,3
23581,80,78,2,2
23582,51,63,-12,12
23583,152,138,14,14
23584,94,96,-2,2
23585,52,50,2,2
23586,78,84,-6,6
23587,82,90,-8,8
23588,75,73,2,2
23589,117,112,5,5
23590,136,132,4,4
23591,92,93,-1,1
23592,55,54,1,1
23593,126,115,11,11
23594,55,65,-10,10
23595,43,47,-4,4
23596,83,93,-10,10
23597,116,126,-10,10
23598,113,113,0,0
23599,60,66,-6,6
23600,100,106,-6,6
23601,100,107,-7,7
23602,113,109,4,4
23603,123,141,-18,18
23604,69,73,-4,4
23605,113,129,-16,16
23606,71,77,-6,6
23607,132,121,11,11
23608,151,144,7,7
23609,57,60,-3,3
23610,105,105,0,0
23611,188,178,10,10
23612,79,78,1,1
23613,151,145,6,6
23614,137,140,-3,3
23615,42,38,4,4
23616,144,140,4,4
23617,41,51,-10,10
23618,82,84,-2,2
23619,91,90,1,1
23620,65,72,-7,7
23621,65,69,-4,4
23622,103,105,-2,2
23623,116,110,6,6
23624,149,147,2,2
23625,202,181,21,21
23626,61,66,-5,5
23627,78,83,-5,5
23628,154,139,15,15
23629,87,92,-5,5
23630,93,92,1,1
23631,134,139,-5,5
23632,116,117,-1,1
23633,124,129,-5,5
23634,148,142,6,6
23635,140,141,-1,1
23636,69,69,0,0
23637,107,107,0,0
23638,99,97,2,2
23639,137,127,10,10
23640,165,140,25,25
23641,102,96,6,6
23642,116,110,6,6
23643,95,76,19,19
23644,86,106,-20,20
23645,88,100,-12,12
23646,108,106,2,2
23647,153,153,0,0
23648,69,69,0,0
23649,76,75,1,1
23650,103,103,0,0
23651,79,92,-13,13
23652,129,115,14,14
23653,87,91,-4,4
23654,67,73,-6,6
23655,81,84,-3,3
23656,118,116,2,2
23657,69,67,2,2
23658,63,73,-10,10
23659,77,77,0,0
23660,113,108,5,5
23661,143,138,5,5
23662,57,62,-5,5
23663,86,91,-5,5
23664,36,57,-21,21
23665,128,106,22,22
23666,111,107,4,4
23667,68,74,-6,6
23668,60,72,-12,12
23669,90,93,-3,3
23670,99,96,3,3
23671,80,80,0,0
23672,79,92,-13,13
23673,84,92,-8,8
23674,77,71,6,6
23675,132,128,4,4
23676,94,70,24,24
23677,95,100,-5,5
23678,67,70,-3,3
23679,134,120,14,14
23680,148,143,5,5
23681,92,94,-2,2
23682,85,75,10,10
23683,69,82,-13,13
23684,107,115,-8,8
23685,113,130,-17,17
23686,49,54,-5,5
23687,31,39,-8,8
23688,72,81,-9,9
23689,135,132,3,3
23690,126,118,8,8
23691,67,71,-4,4
23692,70,81,-11,11
23693,64,68,-4,4
23694,70,102,-32,32
23695,88,84,4,4
23696,66,74,-8,8
23697,80,95,-15,15
23698,82,101,-19,19
23699,85,92,-7,7
23700,128,124,4,4
23701,116,113,3,3
23702,74,68,6,6
23703,107,105,2,2
23704,74,75,-1,1
23705,133,115,18,18
23706,91,91,0,0
23707,100,102,-2,2
23708,90,83,7,7
23709,41,49,-8,8
23710,117,111,6,6
23711,91,100,-9,9
23712,108,121,-13,13
23713,61,67,-6,6
23714,201,187,14,14
23715,112,107,5,5
23716,62,64,-2,2
23717,70,72,-2,2
23718,79,81,-2,2
23719,85,82,3,3
23720,138,126,12,12
23721,132,126,6,6
23722,46,58,-12,12
23723,172,168,4,4
23724,120,110,10,10
23725,120,112,8,8
23726,96,103,-7,7
23727,108,104,4,4
23728,125,129,-4,4
23729,72,82,-10,10
23730,110,102,8,8
23731,51,65,-14,14
23732,127,122,5,5
23733,109,107,2,2
23734,70,72,-2,2
23735,91,92,-1,1
23736,53,69,-16,16
23737,195,185,10,10
23738,63,69,-6,6
23739,97,102,-5,5
23740,109,104,5,5
23741,116,114,2,2
23742,52,64,-12,12
23743,66,78,-12,12
23744,70,71,-1,1
23745,143,138,5,5
23746,61,34,27,27
23747,105,98,7,7
23748,58,61,-3,3
23749,141,138,3,3
23750,64,65,-1,1
23751,126,122,4,4
23752,154,148,6,6
23753,103,95,8,8
23754,54,58,-4,4
23755,100,104,-4,4
23756,99,106,-7,7
23757,84,91,-7,7
23758,67,72,-5,5
23759,51,65,-14,14
23760,118,121,-3,3
23761,139,123,16,16
23762,83,83,0,0
23763,127,127,0,0
23764,98,95,3,3
23765,86,85,1,1
23766,53,58,-5,5
23767,111,117,-6,6
23768,82,86,-4,4
23769,101,95,6,6
23770,79,82,-3,3
23771,82,92,-10,10
23772,101,93,8,8
23773,172,158,14,14
23774,49,64,-15,15
23775,144,131,13,13
23776,79,81,-2,2
23777,71,76,-5,5
23778,109,108,1,1
23779,97,95,2,2
23780,134,126,8,8
23781,139,156,-17,17
23782,103,102,1,1
23783,104,101,3,3
23784,45,59,-14,14
23785,124,130,-6,6
23786,77,84,-7,7
23787,92,96,-4,4
23788,54,57,-3,3
23789,96,100,-4,4
23790,77,71,6,6
23791,99,94,5,5
23792,46,49,-3,3
23793,128,129,-1,1
23794,114,122,-8,8
23795,183,167,16,16
23796,74,81,-7,7
23797,152,136,16,16
23798,95,86,9,9
23799,84,75,9,9
23800,103,103,0,0
23801,118,112,6,6
23802,82,100,-18,18
23803,161,164,-3,3
23804,93,91,2,2
23805,91,84,7,7
23806,106,100,6,6
23807,91,90,1,1
23808,52,59,-7,7
23809,89,91,-2,2
23810,80,85,-5,5
23811,112,120,-8,8
23812,69,68,1,1
23813,68,68,0,0
23814,219,207,12,12
23815,89,100,-11,11
23816,127,120,7,7
23817,84,97,-13,13
23818,85,83,2,2
23819,28,33,-5,5
23820,141,132,9,9
23821,92,100,-8,8
23822,130,122,8,8
23823,59,68,-9,9
23824,143,133,10,10
23825,145,131,14,14
23826,73,76,-3,3
23827,177,172,5,5
23828,169,151,18,18
23829,54,57,-3,3
23830,128,115,13,13
23831,52,63,-11,11
23832,129,129,0,0
23833,99,103,-4,4
23834,119,105,14,14
23835,75,82,-7,7
23836,119,111,8,8
23837,103,100,3,3
23838,130,129,1,1
23839,119,113,6,6
23840,100,97,3,3
23841,159,162,-3,3
23842,75,72,3,3
23843,86,92,-6,6
23844,123,121,2,2
23845,74,79,-5,5
23846,50,63,-13,13
23847,57,52,5,5
23848,50,57,-7,7
23849,71,78,-7,7
23850,96,91,5,5
23851,76,74,2,2
23852,130,124,6,6
23853,62,73,-11,11
23854,92,95,-3,3
23855,98,105,-7,7
23856,67,63,4,4
23857,231,219,12,12
23858,68,62,6,6
23859,59,61,-2,2
23860,82,73,9,9
23861,67,72,-5,5
23862,88,82,6,6
23863,138,116,22,22
23864,81,75,6,6
23865,117,115,2,2
23866,67,74,-7,7
23867,57,65,-8,8
23868,53,58,-5,5
23869,87,92,-5,5
23870,123,125,-2,2
23871,128,126,2,2
23872,80,83,-3,3
23873,95,94,1,1
23874,105,108,-3,3
23875,92,98,-6,6
23876,97,94,3,3
23877,96,104,-8,8
23878,114,105,9,9
23879,57,65,-8,8
23880,174,157,17,17
23881,98,97,1,1
23882,96,93,3,3
23883,34,58,-24,24
23884,53,58,-5,5
23885,70,73,-3,3
23886,100,106,-6,6
23887,112,115,-3,3
23888,86,97,-11,11
23889,106,99,7,7
23890,75,81,-6,6
23891,97,111,-14,14
23892,93,102,-9,9
23893,105,90,15,15
23894,108,106,2,2
23895,137,136,1,1
23896,99,104,-5,5
23897,71,74,-3,3
23898,157,159,-2,2
23899,111,107,4,4
23900,102,96,6,6
23901,144,134,10,10
23902,86,85,1,1
23903,63,75,-12,12
23904,97,91,6,6
23905,30,41,-11,11
23906,77,81,-4,4
23907,111,105,6,6
23908,77,75,2,2
23909,41,46,-5,5
23910,82,91,-9,9
23911,144,131,13,13
23912,117,111,6,6
23913,94,91,3,3
23914,58,61,-3,3
23915,101,101,0,0
23916,105,100,5,5
23917,99,109,-10,10
23918,88,84,4,4
23919,69,79,-10,10
23920,67,64,3,3
23921,51,65,-14,14
23922,120,115,5,5
23923,60,65,-5,5
23924,90,92,-2,2
23925,81,81,0,0
23926,163,173,-10,10
23927,142,129,13,13
23928,65,69,-4,4
23929,156,150,6,6
23930,52,54,-2,2
23931,74,71,3,3
23932,115,113,2,2
23933,126,132,-6,6
23934,48,49,-1,1
23935,129,130,-1,1
23936,160,144,16,16
23937,110,115,-5,5
23938,121,127,-6,6
23939,97,94,3,3
23940,110,132,-22,22
23941,135,131,4,4
23942,153,150,3,3
23943,103,127,-24,24
23944,103,102,1,1
23945,119,110,9,9
23946,76,88,-12,12
23947,195,196,-1,1
23948,57,64,-7,7
23949,59,72,-13,13
23950,146,142,4,4
23951,91,82,9,9
23952,101,101,0,0
23953,240,205,35,35
23954,88,97,-9,9
23955,83,76,7,7
23956,77,82,-5,5
23957,82,86,-4,4
23958,82,96,-14,14
23959,119,110,9,9
23960,106,103,3,3
23961,101,110,-9,9
23962,78,84,-6,6
23963,82,81,1,1
23964,82,84,-2,2
23965,126,112,14,14
23966,87,99,-12,12
23967,96,96,0,0
23968,68,72,-4,4
23969,100,96,4,4
23970,71,79,-8,8
23971,91,103,-12,12
23972,118,115,3,3
23973,93,98,-5,5
23974,87,93,-6,6
23975,75,83,-8,8
23976,64,64,0,0
23977,94,91,3,3
23978,45,55,-10,10
23979,97,91,6,6
23980,115,107,8,8
23981,84,74,10,10
23982,139,128,11,11
23983,155,160,-5,5
23984,65,69,-4,4
23985,72,77,-5,5
23986,65,75,-10,10
23987,45,49,-4,4
23988,92,100,-8,8
23989,148,137,11,11
23990,163,142,21,21
23991,80,77,3,3
23992,131,117,14,14
23993,74,76,-2,2
23994,62,68,-6,6
23995,65,66,-1,1
23996,110,97,13,13
23997,119,92,27,27
23998,110,106,4,4
23999,89,99,-10,10
24000,104,113,-9,9
24001,110,115,-5,5
24002,83,79,4,4
24003,134,129,5,5
24004,110,114,-4,4
24005,74,84,-10,10
24006,152,146,6,6
24007,103,105,-2,2
24008,47,54,-7,7
24009,104,103,1,1
24010,59,66,-7,7
24011,76,71,5,5
24012,82,90,-8,8
24013,100,103,-3,3
24014,127,124,3,3
24015,70,68,2,2
24016,71,77,-6,6
24017,83,97,-14,14
24018,80,82,-2,2
24019,102,106,-4,4
24020,70,82,-12,12
24021,89,85,4,4
24022,75,77,-2,2
24023,104,103,1,1
24024,84,74,10,10
24025,56,63,-7,7
24026,55,67,-12,12
24027,141,153,-12,12
24028,82,85,-3,3
24029,182,166,16,16
24030,154,154,0,0
24031,86,91,-5,5
24032,78,81,-3,3
24033,91,94,-3,3
24034,115,117,-2,2
24035,112,118,-6,6
24036,98,115,-17,17
24037,83,81,2,2
24038,58,65,-7,7
24039,72,73,-1,1
24040,46,54,-8,8
24041,54,59,-5,5
24042,99,100,-1,1
24043,100,127,-27,27
24044,114,116,-2,2
24045,56,55,1,1
24046,49,58,-9,9
24047,63,61,2,2
24048,63,65,-2,2
24049,72,75,-3,3
24050,97,99,-2,2
24051,59,65,-6,6
24052,123,127,-4,4
24053,109,112,-3,3
24054,108,106,2,2
24055,95,104,-9,9
24056,94,92,2,2
24057,59,68,-9,9
24058,80,90,-10,10
24059,140,136,4,4
24060,102,105,-3,3
24061,65,74,-9,9
24062,117,111,6,6
24063,63,62,1,1
24064,77,90,-13,13
24065,137,99,38,38
24066,114,115,-1,1
24067,78,71,7,7
24068,45,52,-7,7
24069,84,93,-9,9
24070,96,110,-14,14
24071,62,70,-8,8
24072,67,78,-11,11
24073,178,157,21,21
24074,78,91,-13,13
24075,112,108,4,4
24076,99,89,10,10
24077,94,99,-5,5
24078,86,79,7,7
24079,116,110,6,6
24080,64,65,-1,1
24081,51,52,-1,1
24082,176,148,28,28
24083,120,110,10,10
24084,121,103,18,18
24085,84,85,-1,1
24086,108,105,3,3
24087,97,95,2,2
24088,91,96,-5,5
24089,117,116,1,1
24090,102,97,5,5
24091,53,54,-1,1
24092,82,83,-1,1
24093,63,69,-6,6
24094,50,93,-43,43
24095,121,112,9,9
24096,33,52,-19,19
24097,75,75,0,0
24098,98,103,-5,5
24099,95,94,1,1
24100,94,94,0,0
24101,43,50,-7,7
24102,88,103,-15,15
24103,72,75,-3,3
24104,118,107,11,11
24105,76,83,-7,7
24106,58,62,-4,4
24107,104,92,12,12
24108,115,108,7,7
24109,63,61,2,2
24110,105,108,-3,3
24111,59,61,-2,2
24112,58,59,-1,1
24113,146,134,12,12
24114,82,91,-9,9
24115,114,117,-3,3
24116,95,90,5,5
24117,46,57,-11,11
24118,122,110,12,12
24119,78,80,-2,2
24120,97,96,1,1
24121,111,112,-1,1
24122,161,144,17,17
24123,157,155,2,2
24124,90,102,-12,12
24125,69,73,-4,4
24126,78,76,2,2
24127,111,106,5,5
24128,56,52,4,4
24129,83,73,10,10
24130,186,172,14,14
24131,76,84,-8,8
24132,76,83,-7,7
24133,136,133,3,3
24134,87,91,-4,4
24135,87,82,5,5
24136,72,34,38,38
24137,64,75,-11,11
24138,162,155,7,7
24139,59,67,-8,8
24140,77,73,4,4
24141,58,63,-5,5
24142,65,64,1,1
24143,103,96,7,7
24144,74,72,2,2
24145,83,73,10,10
24146,62,67,-5,5
24147,115,103,12,12
24148,88,94,-6,6
24149,79,86,-7,7
24150,102,102,0,0
24151,76,74,2,2
24152,72,74,-2,2
24153,127,131,-4,4
24154,57,65,-8,8
24155,123,118,5,5
24156,108,104,4,4
24157,179,157,22,22
24158,56,82,-26,26
24159,129,133,-4,4
24160,76,85,-9,9
24161,160,136,24,24
24162,108,101,7,7
24163,65,69,-4,4
24164,80,78,2,2
24165,68,85,-17,17
24166,125,154,-29,29
24167,55,61,-6,6
24168,101,106,-5,5
24169,102,99,3,3
24170,151,154,-3,3
24171,98,120,-22,22
24172,72,83,-11,11
24173,124,120,4,4
24174,113,106,7,7
24175,84,76,8,8
24176,51,64,-13,13
24177,73,75,-2,2
24178,58,50,8,8
24179,103,102,1,1
24180,89,77,12,12
24181,103,108,-5,5
24182,122,119,3,3
24183,62,69,-7,7
24184,152,141,11,11
24185,49,56,-7,7
24186,76,81,-5,5
24187,107,103,4,4
24188,63,83,-20,20
24189,132,132,0,0
24190,167,111,56,56
24191,105,101,4,4
24192,160,154,6,6
24193,86,90,-4,4
24194,105,100,5,5
24195,88,93,-5,5
24196,102,101,1,1
24197,102,114,-12,12
24198,101,110,-9,9
24199,48,59,-11,11
24200,131,133,-2,2
24201,45,45,0,0
24202,100,101,-1,1
24203,77,75,2,2
24204,131,134,-3,3
24205,106,104,2,2
24206,115,110,5,5
24207,140,128,12,12
24208,111,118,-7,7
24209,100,99,1,1
24210,55,62,-7,7
24211,80,76,4,4
24212,98,99,-1,1
24213,61,60,1,1
24214,106,99,7,7
24215,91,94,-3,3
24216,96,96,0,0
24217,88,86,2,2
24218,79,84,-5,5
24219,108,117,-9,9
24220,108,111,-3,3
24221,137,121,16,16
24222,110,107,3,3
24223,67,71,-4,4
24224,81,78,3,3
24225,74,79,-5,5
24226,95,104,-9,9
24227,36,35,1,1
24228,96,99,-3,3
24229,80,91,-11,11
24230,86,82,4,4
24231,145,154,-9,9
24232,163,162,1,1
24233,57,58,-1,1
24234,91,101,-10,10
24235,100,105,-5,5
24236,55,54,1,1
24237,118,112,6,6
24238,183,179,4,4
24239,79,87,-8,8
24240,82,72,10,10
24241,107,106,1,1
24242,47,53,-6,6
24243,103,107,-4,4
24244,78,81,-3,3
24245,114,114,0,0
24246,127,117,10,10
24247,65,75,-10,10
24248,149,159,-10,10
24249,72,73,-1,1
24250,75,77,-2,2
24251,99,99,0,0
24252,91,92,-1,1
24253,50,64,-14,14
24254,116,111,5,5
24255,150,133,17,17
24256,136,140,-4,4
24257,145,106,39,39
24258,64,72,-8,8
24259,81,82,-1,1
24260,76,73,3,3
24261,91,82,9,9
24262,64,63,1,1
24263,52,61,-9,9
24264,85,91,-6,6
24265,93,98,-5,5
24266,80,92,-12,12
24267,84,91,-7,7
24268,71,72,-1,1
24269,73,73,0,0
24270,54,63,-9,9
24271,87,82,5,5
24272,88,96,-8,8
24273,50,61,-11,11
24274,122,116,6,6
24275,98,101,-3,3
24276,82,77,5,5
24277,173,159,14,14
24278,78,76,2,2
24279,106,100,6,6
24280,103,109,-6,6
24281,78,79,-1,1
24282,57,64,-7,7
24283,125,131,-6,6
24284,103,117,-14,14
24285,100,101,-1,1
24286,78,84,-6,6
24287,122,111,11,11
24288,122,128,-6,6
24289,135,129,6,6
24290,110,95,15,15
24291,174,154,20,20
24292,54,60,-6,6
24293,43,47,-4,4
24294,82,81,1,1
24295,91,83,8,8
24296,104,96,8,8
24297,148,136,12,12
24298,30,35,-5,5
24299,115,105,10,10
24300,122,115,7,7
24301,126,116,10,10
24302,68,72,-4,4
24303,119,102,17,17
24304,124,130,-6,6
24305,81,74,7,7
24306,74,72,2,2
24307,75,75,0,0
24308,57,69,-12,12
24309,92,77,15,15
24310,79,77,2,2
24311,118,124,-6,6
24312,62,71,-9,9
24313,86,82,4,4
24314,57,52,5,5
24315,93,106,-13,13
24316,111,104,7,7
24317,77,78,-1,1
24318,66,76,-10,10
24319,142,107,35,35
24320,117,103,14,14
24321,48,55,-7,7
24322,195,173,22,22
24323,100,104,-4,4
24324,103,90,13,13
24325,59,74,-15,15
24326,76,76,0,0
24327,108,110,-2,2
24328,127,127,0,0
24329,91,91,0,0
24330,67,74,-7,7
24331,157,148,9,9
24332,120,130,-10,10
24333,79,82,-3,3
24334,95,98,-3,3
24335,103,106,-3,3
24336,126,119,7,7
24337,73,99,-26,26
24338,53,64,-11,11
24339,126,126,0,0
24340,78,75,3,3
24341,128,128,0,0
24342,51,61,-10,10
24343,76,75,1,1
24344,130,129,1,1
24345,87,94,-7,7
24346,76,83,-7,7
24347,71,70,1,1
24348,115,109,6,6
24349,119,115,4,4
24350,75,74,1,1
24351,75,90,-15,15
24352,93,86,7,7
24353,128,134,-6,6
24354,127,152,-25,25
24355,94,96,-2,2
24356,133,120,13,13
24357,53,49,4,4
24358,146,127,19,19
24359,117,128,-11,11
24360,74,74,0,0
24361,126,121,5,5
24362,41,53,-12,12
24363,143,141,2,2
24364,90,92,-2,2
24365,73,81,-8,8
24366,156,147,9,9
24367,72,73,-1,1
24368,59,60,-1,1
24369,27,32,-5,5
24370,93,96,-3,3
24371,87,93,-6,6
24372,44,56,-12,12
24373,182,181,1,1
24374,90,96,-6,6
24375,170,150,20,20
24376,128,124,4,4
24377,102,100,2,2
24378,99,95,4,4
24379,106,101,5,5
24380,86,85,1,1
24381,127,114,13,13
24382,99,92,7,7
24383,101,103,-2,2
24384,155,135,20,20
24385,184,157,27,27
24386,98,98,0,0
24387,95,99,-4,4
24388,108,133,-25,25
24389,103,108,-5,5
24390,147,141,6,6
24391,100,96,4,4
24392,76,99,-23,23
24393,308,238,70,70
24394,71,63,8,8
24395,80,90,-10,10
24396,88,82,6,6
24397,92,105,-13,13
24398,105,111,-6,6
24399,63,74,-11,11
24400,89,92,-3,3
24401,77,90,-13,13
24402,94,97,-3,3
24403,72,91,-19,19
24404,65,66,-1,1
24405,132,124,8,8
24406,90,92,-2,2
24407,83,84,-1,1
24408,35,74,-39,39
24409,163,156,7,7
24410,73,74,-1,1
24411,117,115,2,2
24412,87,85,2,2
24413,70,75,-5,5
24414,189,173,16,16
24415,81,77,4,4
24416,59,72,-13,13
24417,110,118,-8,8
24418,103,108,-5,5
24419,89,96,-7,7
24420,90,81,9,9
24421,475,466,9,9
24422,66,64,2,2
24423,97,103,-6,6
24424,89,83,6,6
24425,106,105,1,1
24426,81,82,-1,1
24427,143,143,0,0
24428,113,110,3,3
24429,83,91,-8,8
24430,276,235,41,41
24431,88,90,-2,2
24432,91,98,-7,7
24433,179,152,27,27
24434,175,130,45,45
24435,86,91,-5,5
24436,60,67,-7,7
24437,86,92,-6,6
24438,104,102,2,2
24439,144,138,6,6
24440,93,93,0,0
24441,98,100,-2,2
24442,59,69,-10,10
24443,112,144,-32,32
24444,98,108,-10,10
24445,60,68,-8,8
24446,72,69,3,3
24447,42,53,-11,11
24448,57,60,-3,3
24449,138,126,12,12
24450,99,100,-1,1
24451,134,134,0,0
24452,96,85,11,11
24453,101,89,12,12
24454,88,96,-8,8
24455,79,90,-11,11
24456,61,58,3,3
24457,77,70,7,7
24458,119,119,0,0
24459,124,115,9,9
24460,77,84,-7,7
24461,81,85,-4,4
24462,70,72,-2,2
24463,120,131,-11,11
24464,90,100,-10,10
24465,88,97,-9,9
24466,49,53,-4,4
24467,70,72,-2,2
24468,90,91,-1,1
24469,70,69,1,1
24470,119,106,13,13
24471,99,102,-3,3
24472,79,91,-12,12
24473,112,107,5,5
24474,63,68,-5,5
24475,40,51,-11,11
24476,145,136,9,9
24477,82,81,1,1
24478,87,93,-6,6
24479,75,75,0,0
24480,71,73,-2,2
24481,84,82,2,2
24482,85,82,3,3
24483,101,93,8,8
24484,111,99,12,12
24485,90,95,-5,5
24486,63,66,-3,3
24487,174,173,1,1
24488,106,104,2,2
24489,64,71,-7,7
24490,33,40,-7,7
24491,100,113,-13,13
24492,185,157,28,28
24493,68,72,-4,4
24494,29,33,-4,4
24495,45,53,-8,8
24496,58,65,-7,7
24497,120,108,12,12
24498,124,112,12,12
24499,70,70,0,0
24500,104,110,-6,6
24501,101,99,2,2
24502,92,94,-2,2
24503,81,76,5,5
24504,59,65,-6,6
24505,84,86,-2,2
24506,67,73,-6,6
24507,105,103,2,2
24508,81,83,-2,2
24509,56,64,-8,8
24510,115,117,-2,2
24511,117,116,1,1
24512,95,93,2,2
24513,134,124,10,10
24514,89,95,-6,6
24515,136,135,1,1
24516,100,102,-2,2
24517,95,107,-12,12
24518,73,76,-3,3
24519,58,70,-12,12
24520,157,144,13,13
24521,77,81,-4,4
24522,54,50,4,4
24523,90,104,-14,14
24524,85,93,-8,8
24525,71,72,-1,1
24526,73,75,-2,2
24527,87,83,4,4
24528,57,64,-7,7
24529,64,68,-4,4
24530,72,75,-3,3
24531,184,160,24,24
24532,152,117,35,35
24533,88,93,-5,5
24534,90,88,2,2
24535,96,104,-8,8
24536,117,105,12,12
24537,65,67,-2,2
24538,101,94,7,7
24539,130,131,-1,1
24540,189,166,23,23
24541,80,85,-5,5
24542,72,74,-2,2
24543,99,103,-4,4
24544,131,123,8,8
24545,120,129,-9,9
24546,64,69,-5,5
24547,59,52,7,7
24548,69,72,-3,3
24549,44,59,-15,15
24550,85,100,-15,15
24551,51,69,-18,18
24552,70,78,-8,8
24553,61,72,-11,11
24554,110,124,-14,14
24555,69,76,-7,7
24556,56,62,-6,6
24557,125,138,-13,13
24558,91,87,4,4
24559,53,66,-13,13
24560,91,94,-3,3
24561,42,50,-8,8
24562,85,92,-7,7
24563,33,39,-6,6
24564,94,85,9,9
24565,143,135,8,8
24566,72,66,6,6
24567,85,85,0,0
24568,132,133,-1,1
24569,103,103,0,0
24570,131,113,18,18
24571,72,75,-3,3
24572,109,111,-2,2
24573,104,103,1,1
24574,128,117,11,11
24575,147,141,6,6
24576,90,92,-2,2
24577,44,57,-13,13
24578,84,87,-3,3
24579,129,130,-1,1
24580,76,92,-16,16
24581,82,96,-14,14
24582,155,131,24,24
24583,141,130,11,11
24584,110,116,-6,6
24585,117,118,-1,1
24586,112,114,-2,2
24587,109,112,-3,3
24588,63,56,7,7
24589,68,72,-4,4
24590,140,128,12,12
24591,42,51,-9,9
24592,97,107,-10,10
24593,73,72,1,1
24594,49,47,2,2
24595,163,136,27,27
24596,116,116,0,0
24597,98,112,-14,14
24598,97,100,-3,3
24599,76,79,-3,3
24600,84,85,-1,1
24601,52,49,3,3
24602,134,128,6,6
24603,62,62,0,0
24604,123,119,4,4
24605,55,57,-2,2
24606,80,87,-7,7
24607,77,80,-3,3
24608,121,128,-7,7
24609,45,56,-11,11
24610,66,72,-6,6
24611,59,57,2,2
24612,45,57,-12,12
24613,63,65,-2,2
24614,65,78,-13,13
24615,95,94,1,1
24616,84,81,3,3
24617,110,124,-14,14
24618,83,90,-7,7
24619,133,116,17,17
24620,111,108,3,3
24621,69,73,-4,4
24622,43,45,-2,2
24623,97,104,-7,7
24624,78,93,-15,15
24625,75,77,-2,2
24626,130,117,13,13
24627,73,75,-2,2
24628,156,153,3,3
24629,110,101,9,9
24630,132,129,3,3
24631,108,110,-2,2
24632,97,101,-4,4
24633,139,129,10,10
24634,88,88,0,0
24635,136,122,14,14
24636,115,107,8,8
24637,141,130,11,11
24638,125,118,7,7
24639,114,110,4,4
24640,127,117,10,10
24641,87,90,-3,3
24642,126,124,2,2
24643,83,94,-11,11
24644,68,67,1,1
24645,100,97,3,3
24646,67,73,-6,6
24647,79,71,8,8
24648,123,110,13,13
24649,49,54,-5,5
24650,73,90,-17,17
24651,105,100,5,5
24652,86,86,0,0
24653,78,92,-14,14
24654,97,92,5,5
24655,95,104,-9,9
24656,46,55,-9,9
24657,105,117,-12,12
24658,157,146,11,11
24659,97,111,-14,14
24660,130,120,10,10
24661,114,126,-12,12
24662,56,65,-9,9
24663,37,45,-8,8
24664,133,129,4,4
24665,80,101,-21,21
24666,56,61,-5,5
24667,64,69,-5,5
24668,78,83,-5,5
24669,96,92,4,4
24670,90,86,4,4
24671,126,116,10,10
24672,85,92,-7,7
24673,60,60,0,0
24674,92,90,2,2
24675,105,105,0,0
24676,92,99,-7,7
24677,85,83,2,2
24678,187,162,25,25
24679,108,114,-6,6
24680,64,63,1,1
24681,99,96,3,3
24682,92,99,-7,7
24683,111,110,1,1
24684,83,77,6,6
24685,92,90,2,2
24686,68,66,2,2
24687,158,136,22,22
24688,54,56,-2,2
24689,86,82,4,4
24690,94,97,-3,3
24691,102,102,0,0
24692,55,59,-4,4
24693,52,65,-13,13
24694,69,77,-8,8
24695,97,97,0,0
24696,59,68,-9,9
24697,86,91,-5,5
24698,104,107,-3,3
24699,119,127,-8,8
24700,124,108,16,16
24701,99,101,-2,2
24702,94,93,1,1
24703,129,128,1,1
24704,134,117,17,17
24705,58,69,-11,11
24706,131,116,15,15
24707,100,95,5,5
24708,97,93,4,4
24709,75,72,3,3
24710,133,132,1,1
24711,87,85,2,2
24712,76,78,-2,2
24713,55,60,-5,5
24714,167,164,3,3
24715,108,116,-8,8
24716,64,67,-3,3
24717,56,70,-14,14
24718,49,71,-22,22
24719,55,52,3,3
24720,80,99,-19,19
24721,55,59,-4,4
24722,169,157,12,12
24723,156,147,9,9
24724,102,96,6,6
24725,94,93,1,1
24726,92,98,-6,6
24727,116,129,-13,13
24728,120,121,-1,1
24729,107,107,0,0
24730,113,107,6,6
24731,75,79,-4,4
24732,67,65,2,2
24733,98,92,6,6
24734,193,171,22,22
24735,165,160,5,5
24736,92,84,8,8
24737,53,55,-2,2
24738,82,92,-10,10
24739,113,125,-12,12
24740,89,98,-9,9
24741,93,91,2,2
24742,94,99,-5,5
24743,87,85,2,2
24744,145,124,21,21
24745,142,128,14,14
24746,115,110,5,5
24747,82,92,-10,10
24748,87,94,-7,7
24749,74,74,0,0
24750,61,65,-4,4
24751,125,119,6,6
24752,74,77,-3,3
24753,129,124,5,5
24754,88,83,5,5
24755,93,96,-3,3
24756,83,86,-3,3
24757,123,117,6,6
24758,103,98,5,5
24759,136,135,1,1
24760,88,91,-3,3
24761,94,93,1,1
24762,71,79,-8,8
24763,80,87,-7,7
24764,73,75,-2,2
24765,90,87,3,3
24766,81,81,0,0
24767,85,95,-10,10
24768,48,59,-11,11
24769,122,130,-8,8
24770,120,113,7,7
24771,100,103,-3,3
24772,123,115,8,8
24773,154,137,17,17
24774,49,61,-12,12
24775,110,96,14,14
24776,90,95,-5,5
24777,103,100,3,3
24778,69,79,-10,10
24779,113,110,3,3
24780,102,104,-2,2
24781,80,106,-26,26
24782,45,53,-8,8
24783,154,146,8,8
24784,116,104,12,12
24785,125,116,9,9
24786,182,162,20,20
24787,68,68,0,0
24788,82,74,8,8
24789,78,82,-4,4
24790,60,76,-16,16
24791,119,111,8,8
24792,76,80,-4,4
24793,102,103,-1,1
24794,94,112,-18,18
24795,76,82,-6,6
24796,52,57,-5,5
24797,82,74,8,8
24798,117,117,0,0
24799,110,103,7,7
24800,165,148,17,17
24801,79,73,6,6
24802,132,124,8,8
24803,118,111,7,7
24804,95,93,2,2
24805,74,81,-7,7
24806,52,70,-18,18
24807,104,106,-2,2
24808,103,127,-24,24
24809,119,113,6,6
24810,99,102,-3,3
24811,141,128,13,13
24812,62,63,-1,1
24813,95,98,-3,3
24814,115,113,2,2
24815,97,109,-12,12
24816,46,56,-10,10
24817,122,128,-6,6
24818,121,123,-2,2
24819,102,105,-3,3
24820,148,140,8,8
24821,71,69,2,2
24822,114,100,14,14
24823,126,118,8,8
24824,84,85,-1,1
24825,83,85,-2,2
24826,101,91,10,10
24827,98,97,1,1
24828,121,114,7,7
24829,84,95,-11,11
24830,56,68,-12,12
24831,90,81,9,9
24832,85,80,5,5
24833,87,84,3,3
24834,113,116,-3,3
24835,140,136,4,4
24836,116,117,-1,1
24837,120,126,-6,6
24838,82,81,1,1
24839,150,134,16,16
24840,89,88,1,1
24841,72,72,0,0
24842,106,105,1,1
24843,66,75,-9,9
24844,67,70,-3,3
24845,78,77,1,1
24846,118,110,8,8
24847,83,102,-19,19
24848,133,134,-1,1
24849,127,126,1,1
24850,178,161,17,17
24851,70,71,-1,1
24852,50,55,-5,5
24853,121,113,8,8
24854,127,122,5,5
24855,62,60,2,2
24856,74,75,-1,1
24857,79,82,-3,3
24858,95,94,1,1
24859,103,107,-4,4
24860,113,105,8,8
24861,58,76,-18,18
24862,162,124,38,38
24863,43,49,-6,6
24864,73,73,0,0
24865,60,64,-4,4
24866,134,126,8,8
24867,66,70,-4,4
24868,42,61,-19,19
24869,89,85,4,4
24870,82,73,9,9
24871,133,129,4,4
24872,28,34,-6,6
24873,120,104,16,16
24874,60,63,-3,3
24875,59,71,-12,12
24876,54,56,-2,2
24877,81,87,-6,6
24878,102,104,-2,2
24879,47,55,-8,8
24880,90,79,11,11
24881,123,115,8,8
24882,83,83,0,0
24883,92,104,-12,12
24884,105,102,3,3
24885,108,94,14,14
24886,114,120,-6,6
24887,57,65,-8,8
24888,67,70,-3,3
24889,85,97,-12,12
24890,68,71,-3,3
24891,55,56,-1,1
24892,93,94,-1,1
24893,61,69,-8,8
24894,61,64,-3,3
24895,87,91,-4,4
24896,85,85,0,0
24897,88,94,-6,6
24898,57,58,-1,1
24899,65,69,-4,4
24900,58,65,-7,7
24901,118,112,6,6
24902,94,98,-4,4
24903,164,154,10,10
24904,74,81,-7,7
24905,106,153,-47,47
24906,97,111,-14,14
24907,117,110,7,7
24908,123,118,5,5
24909,72,83,-11,11
24910,73,73,0,0
24911,105,143,-38,38
24912,53,59,-6,6
24913,63,68,-5,5
24914,85,82,3,3
24915,136,144,-8,8
24916,113,104,9,9
24917,92,104,-12,12
24918,97,100,-3,3
24919,95,106,-11,11
24920,106,103,3,3
24921,167,158,9,9
24922,121,131,-10,10
24923,42,46,-4,4
24924,80,92,-12,12
24925,48,59,-11,11
24926,116,111,5,5
24927,117,110,7,7
24928,67,67,0,0
24929,69,71,-2,2
24930,114,104,10,10
24931,134,120,14,14
24932,91,88,3,3
24933,88,86,2,2
24934,130,128,2,2
24935,187,176,11,11
24936,99,102,-3,3
24937,95,105,-10,10
24938,151,142,9,9
24939,97,99,-2,2
24940,66,70,-4,4
24941,39,43,-4,4
24942,114,113,1,1
24943,124,115,9,9
24944,109,107,2,2
24945,92,108,-16,16
24946,50,58,-8,8
24947,139,128,11,11
24948,116,116,0,0
24949,79,81,-2,2
24950,69,85,-16,16
24951,95,102,-7,7
24952,112,114,-2,2
24953,57,69,-12,12
24954,57,66,-9,9
24955,112,119,-7,7
24956,77,82,-5,5
24957,79,90,-11,11
24958,115,110,5,5
24959,52,64,-12,12
24960,121,104,17,17
24961,93,94,-1,1
24962,51,48,3,3
24963,71,74,-3,3
24964,126,128,-2,2
24965,149,136,13,13
24966,91,106,-15,15
24967,142,138,4,4
24968,55,69,-14,14
24969,110,111,-1,1
24970,197,196,1,1
24971,85,89,-4,4
24972,115,113,2,2
24973,111,103,8,8
24974,136,127,9,9
24975,57,65,-8,8
24976,100,91,9,9
24977,121,110,11,11
24978,105,102,3,3
24979,145,148,-3,3
24980,93,95,-2,2
24981,104,104,0,0
24982,104,99,5,5
24983,89,85,4,4
24984,82,83,-1,1
24985,137,118,19,19
24986,112,100,12,12
24987,99,93,6,6
24988,94,98,-4,4
24989,140,131,9,9
24990,75,88,-13,13
24991,114,117,-3,3
24992,71,71,0,0
24993,155,131,24,24
24994,71,75,-4,4
24995,61,64,-3,3
24996,84,97,-13,13
24997,75,74,1,1
24998,128,137,-9,9
24999,247,247,0,0
25000,101,104,-3,3
25001,113,103,10,10
25002,116,109,7,7
25003,112,108,4,4
25004,83,93,-10,10
25005,52,61,-9,9
25006,73,64,9,9
25007,43,58,-15,15
25008,96,98,-2,2
25009,49,60,-11,11
25010,57,67,-10,10
25011,104,119,-15,15
25012,86,90,-4,4
25013,66,70,-4,4
25014,69,78,-9,9
25015,92,98,-6,6
25016,120,118,2,2
25017,124,125,-1,1
25018,109,102,7,7
25019,90,102,-12,12
25020,88,90,-2,2
25021,60,63,-3,3
25022,100,107,-7,7
25023,171,205,-34,34
25024,55,64,-9,9
25025,143,137,6,6
25026,104,102,2,2
25027,120,119,1,1
25028,132,128,4,4
25029,142,141,1,1
25030,68,70,-2,2
25031,74,70,4,4
25032,107,101,6,6
25033,82,81,1,1
25034,48,51,-3,3
25035,83,81,2,2
25036,66,70,-4,4
25037,90,93,-3,3
25038,114,116,-2,2
25039,123,107,16,16
25040,140,126,14,14
25041,71,66,5,5
25042,112,105,7,7
25043,175,177,-2,2
25044,148,130,18,18
25045,87,89,-2,2
25046,156,153,3,3
25047,44,47,-3,3
25048,105,106,-1,1
25049,120,125,-5,5
25050,65,67,-2,2
25051,120,116,4,4
25052,69,71,-2,2
25053,91,102,-11,11
25054,135,116,19,19
25055,133,133,0,0
25056,81,85,-4,4
25057,74,67,7,7
25058,144,141,3,3
25059,146,136,10,10
25060,95,90,5,5
25061,223,187,36,36
25062,126,106,20,20
25063,49,56,-7,7
25064,102,102,0,0
25065,116,109,7,7
25066,60,65,-5,5
25067,154,138,16,16
25068,134,112,22,22
25069,100,101,-1,1
25070,76,72,4,4
25071,74,73,1,1
25072,77,69,8,8
25073,88,84,4,4
25074,76,88,-12,12
25075,81,82,-1,1
25076,165,153,12,12
25077,108,111,-3,3
25078,53,33,20,20
25079,59,67,-8,8
25080,85,105,-20,20
25081,98,96,2,2
25082,58,64,-6,6
25083,105,107,-2,2
25084,148,138,10,10
25085,159,137,22,22
25086,163,160,3,3
25087,102,101,1,1
25088,71,84,-13,13
25089,156,140,16,16
25090,97,96,1,1
25091,97,94,3,3
25092,72,72,0,0
25093,83,106,-23,23
25094,81,69,12,12
25095,103,102,1,1
25096,95,98,-3,3
25097,82,96,-14,14
25098,121,116,5,5
25099,78,86,-8,8
25100,98,96,2,2
25101,145,142,3,3
25102,122,117,5,5
25103,123,109,14,14
25104,76,74,2,2
25105,195,172,23,23
25106,48,44,4,4
25107,59,72,-13,13
25108,73,75,-2,2
25109,73,79,-6,6
25110,63,62,1,1
25111,178,152,26,26
25112,69,69,0,0
25113,96,98,-2,2
25114,67,71,-4,4
25115,46,49,-3,3
25116,88,92,-4,4
25117,47,56,-9,9
25118,45,49,-4,4
25119,47,47,0,0
25120,123,119,4,4
25121,124,121,3,3
25122,167,154,13,13
25123,136,129,7,7
25124,72,78,-6,6
25125,109,106,3,3
25126,74,77,-3,3
25127,80,75,5,5
25128,126,126,0,0
25129,119,110,9,9
25130,60,68,-8,8
25131,98,101,-3,3
25132,128,117,11,11
25133,96,94,2,2
25134,109,106,3,3
25135,135,129,6,6
25136,86,81,5,5
25137,125,125,0,0
25138,71,82,-11,11
25139,137,133,4,4
25140,86,92,-6,6
25141,150,150,0,0
25142,83,94,-11,11
25143,57,62,-5,5
25144,87,93,-6,6
25145,58,70,-12,12
25146,74,84,-10,10
25147,168,145,23,23
25148,145,132,13,13
25149,65,70,-5,5
25150,76,80,-4,4
25151,114,113,1,1
25152,151,151,0,0
25153,146,159,-13,13
25154,65,69,-4,4
25155,77,91,-14,14
25156,165,148,17,17
25157,89,109,-20,20
25158,107,104,3,3
25159,96,110,-14,14
25160,115,116,-1,1
25161,74,71,3,3
25162,160,150,10,10
25163,82,87,-5,5
25164,80,80,0,0
25165,94,102,-8,8
25166,97,102,-5,5
25167,48,71,-23,23
25168,79,73,6,6
25169,16,25,-9,9
25170,100,103,-3,3
25171,51,72,-21,21
25172,86,84,2,2
25173,108,112,-4,4
25174,46,47,-1,1
25175,55,55,0,0
25176,112,125,-13,13
25177,84,84,0,0
25178,100,102,-2,2
25179,150,139,11,11
25180,138,133,5,5
25181,92,90,2,2
25182,66,70,-4,4
25183,103,103,0,0
25184,96,99,-3,3
25185,148,146,2,2
25186,81,84,-3,3
25187,45,67,-22,22
25188,126,120,6,6
25189,168,160,8,8
25190,76,80,-4,4
25191,134,139,-5,5
25192,83,90,-7,7
25193,118,112,6,6
25194,117,106,11,11
25195,100,107,-7,7
25196,96,102,-6,6
25197,122,115,7,7
25198,76,85,-9,9
25199,96,108,-12,12
25200,103,100,3,3
25201,70,73,-3,3
25202,209,179,30,30
25203,75,77,-2,2
25204,54,71,-17,17
25205,111,113,-2,2
25206,70,69,1,1
25207,100,104,-4,4
25208,108,102,6,6
25209,56,66,-10,10
25210,172,173,-1,1
25211,67,74,-7,7
25212,118,103,15,15
25213,47,56,-9,9
25214,69,71,-2,2
25215,85,94,-9,9
25216,63,62,1,1
25217,267,210,57,57
25218,101,98,3,3
25219,126,116,10,10
25220,99,102,-3,3
25221,124,129,-5,5
25222,145,129,16,16
25223,83,81,2,2
25224,96,92,4,4
25225,149,159,-10,10
25226,65,68,-3,3
25227,83,82,1,1
25228,51,55,-4,4
25229,73,91,-18,18
25230,164,153,11,11
25231,76,82,-6,6
25232,86,87,-1,1
25233,128,112,16,16
25234,126,112,14,14
25235,75,76,-1,1
25236,85,90,-5,5
25237,59,61,-2,2
25238,80,75,5,5
25239,115,107,8,8
25240,96,94,2,2
25241,57,65,-8,8
25242,78,73,5,5
25243,92,86,6,6
25244,114,110,4,4
25245,97,87,10,10
25246,67,67,0,0
25247,68,94,-26,26
25248,88,90,-2,2
25249,58,63,-5,5
25250,86,94,-8,8
25251,81,76,5,5
25252,80,85,-5,5
25253,107,109,-2,2
25254,65,69,-4,4
25255,77,75,2,2
25256,30,44,-14,14
25257,81,83,-2,2
25258,91,102,-11,11
25259,62,73,-11,11
25260,78,92,-14,14
25261,103,104,-1,1
25262,113,106,7,7
25263,121,117,4,4
25264,75,76,-1,1
25265,113,113,0,0
25266,52,64,-12,12
25267,93,102,-9,9
25268,51,63,-12,12
25269,128,115,13,13
25270,86,80,6,6
25271,107,107,0,0
25272,105,107,-2,2
25273,195,183,12,12
25274,64,62,2,2
25275,56,75,-19,19
25276,38,34,4,4
25277,111,130,-19,19
25278,72,77,-5,5
25279,103,103,0,0
25280,93,93,0,0
25281,90,99,-9,9
25282,64,75,-11,11
25283,142,129,13,13
25284,96,101,-5,5
25285,85,91,-6,6
25286,99,102,-3,3
25287,52,55,-3,3
25288,117,134,-17,17
25289,76,78,-2,2
25290,80,69,11,11
25291,99,92,7,7
25292,103,98,5,5
25293,60,70,-10,10
25294,96,100,-4,4
25295,112,105,7,7
25296,77,72,5,5
25297,126,108,18,18
25298,125,120,5,5
25299,132,133,-1,1
25300,79,85,-6,6
25301,106,106,0,0
25302,35,47,-12,12
25303,85,80,5,5
25304,63,63,0,0
25305,65,75,-10,10
25306,23,57,-34,34
25307,73,78,-5,5
25308,103,106,-3,3
25309,79,77,2,2
25310,81,90,-9,9
25311,54,54,0,0
25312,77,82,-5,5
25313,90,90,0,0
25314,92,93,-1,1
25315,54,65,-11,11
25316,101,104,-3,3
25317,102,98,4,4
25318,77,85,-8,8
25319,113,124,-11,11
25320,166,151,15,15
25321,74,82,-8,8
25322,116,115,1,1
25323,127,132,-5,5
25324,89,88,1,1
25325,101,102,-1,1
25326,103,107,-4,4
25327,127,123,4,4
25328,83,80,3,3
25329,123,125,-2,2
25330,118,125,-7,7
25331,160,152,8,8
25332,79,83,-4,4
25333,76,71,5,5
25334,51,52,-1,1
25335,110,113,-3,3
25336,112,127,-15,15
25337,73,73,0,0
25338,90,85,5,5
25339,87,92,-5,5
25340,97,100,-3,3
25341,51,53,-2,2
25342,175,165,10,10
25343,51,61,-10,10
25344,96,98,-2,2
25345,96,83,13,13
25346,87,93,-6,6
25347,98,95,3,3
25348,195,175,20,20
25349,74,72,2,2
25350,111,105,6,6
25351,62,65,-3,3
25352,62,69,-7,7
25353,50,58,-8,8
25354,77,81,-4,4
25355,68,61,7,7
25356,72,81,-9,9
25357,82,75,7,7
25358,69,74,-5,5
25359,133,132,1,1
25360,57,61,-4,4
25361,87,102,-15,15
25362,86,82,4,4
25363,53,85,-32,32
25364,111,129,-18,18
25365,85,96,-11,11
25366,68,71,-3,3
25367,82,91,-9,9
25368,125,113,12,12
25369,127,115,12,12
25370,46,87,-41,41
25371,125,129,-4,4
25372,133,124,9,9
25373,84,92,-8,8
25374,70,71,-1,1
25375,130,118,12,12
25376,86,92,-6,6
25377,161,153,8,8
25378,100,120,-20,20
25379,107,107,0,0
25380,89,96,-7,7
25381,62,54,8,8
25382,75,80,-5,5
25383,82,87,-5,5
25384,104,107,-3,3
25385,83,96,-13,13
25386,109,101,8,8
25387,57,54,3,3
25388,125,126,-1,1
25389,87,78,9,9
25390,201,165,36,36
25391,75,80,-5,5
25392,80,82,-2,2
25393,143,152,-9,9
25394,120,117,3,3
25395,146,144,2,2
25396,70,68,2,2
25397,93,97,-4,4
25398,110,111,-1,1
25399,43,53,-10,10
25400,97,94,3,3
25401,70,68,2,2
25402,85,83,2,2
25403,91,102,-11,11
25404,85,92,-7,7
25405,120,115,5,5
25406,70,75,-5,5
25407,61,70,-9,9
25408,67,72,-5,5
25409,156,145,11,11
25410,45,45,0,0
25411,121,126,-5,5
25412,93,106,-13,13
25413,111,117,-6,6
25414,72,82,-10,10
25415,44,50,-6,6
25416,140,146,-6,6
25417,52,61,-9,9
25418,70,73,-3,3
25419,117,119,-2,2
25420,60,63,-3,3
25421,73,93,-20,20
25422,107,101,6,6
25423,90,92,-2,2
25424,59,73,-14,14
25425,102,103,-1,1
25426,73,75,-2,2
25427,86,91,-5,5
25428,58,62,-4,4
25429,66,69,-3,3
25430,62,99,-37,37
25431,130,124,6,6
25432,121,106,15,15
25433,114,106,8,8
25434,128,124,4,4
25435,106,110,-4,4
25436,94,91,3,3
25437,139,139,0,0
25438,57,58,-1,1
25439,62,79,-17,17
25440,59,64,-5,5
25441,134,119,15,15
25442,88,91,-3,3
25443,67,74,-7,7
25444,91,95,-4,4
25445,79,75,4,4
25446,99,103,-4,4
25447,135,147,-12,12
25448,118,116,2,2
25449,97,98,-1,1
25450,96,91,5,5
25451,81,85,-4,4
25452,93,99,-6,6
25453,108,112,-4,4
25454,69,69,0,0
25455,106,110,-4,4
25456,80,90,-10,10
25457,108,105,3,3
25458,95,92,3,3
25459,41,46,-5,5
25460,97,98,-1,1
25461,161,135,26,26
25462,96,94,2,2
25463,86,95,-9,9
25464,123,108,15,15
25465,84,77,7,7
25466,81,91,-10,10
25467,99,99,0,0
25468,108,101,7,7
25469,57,67,-10,10
25470,82,87,-5,5
25471,117,140,-23,23
25472,78,91,-13,13
25473,206,191,15,15
25474,70,73,-3,3
25475,66,74,-8,8
25476,132,118,14,14
25477,73,72,1,1
25478,53,62,-9,9
25479,47,58,-11,11
25480,73,82,-9,9
25481,72,74,-2,2
25482,96,95,1,1
25483,182,174,8,8
25484,80,78,2,2
25485,98,95,3,3
25486,103,106,-3,3
25487,182,178,4,4
25488,136,144,-8,8
25489,101,89,12,12
25490,81,77,4,4
25491,161,147,14,14
25492,83,92,-9,9
25493,57,73,-16,16
25494,119,106,13,13
25495,103,102,1,1
25496,143,127,16,16
25497,61,101,-40,40
25498,117,113,4,4
25499,113,109,4,4
25500,94,101,-7,7
25501,70,75,-5,5
25502,116,116,0,0
25503,102,93,9,9
25504,154,145,9,9
25505,91,88,3,3
25506,105,109,-4,4
25507,114,122,-8,8
25508,160,158,2,2
25509,94,92,2,2
25510,151,134,17,17
25511,170,161,9,9
25512,76,74,2,2
25513,74,74,0,0
25514,101,103,-2,2
25515,62,63,-1,1
25516,84,87,-3,3
25517,109,108,1,1
25518,106,105,1,1
25519,119,108,11,11
25520,89,95,-6,6
25521,53,57,-4,4
25522,37,40,-3,3
25523,97,97,0,0
25524,91,91,0,0
25525,94,91,3,3
25526,111,100,11,11
25527,203,198,5,5
25528,71,71,0,0
25529,63,69,-6,6
25530,55,65,-10,10
25531,87,84,3,3
25532,125,138,-13,13
25533,101,105,-4,4
25534,98,91,7,7
25535,116,122,-6,6
25536,79,85,-6,6
25537,206,190,16,16
25538,102,115,-13,13
25539,153,138,15,15
25540,86,94,-8,8
25541,60,64,-4,4
25542,95,110,-15,15
25543,156,143,13,13
25544,90,89,1,1
25545,131,122,9,9
25546,107,101,6,6
25547,56,62,-6,6
25548,96,101,-5,5
25549,67,84,-17,17
25550,66,69,-3,3
25551,116,118,-2,2
25552,97,103,-6,6
25553,132,119,13,13
25554,87,93,-6,6
25555,94,100,-6,6
25556,50,58,-8,8
25557,104,99,5,5
25558,179,181,-2,2
25559,121,105,16,16
25560,54,62,-8,8
25561,86,81,5,5
25562,29,32,-3,3
25563,109,108,1,1
25564,81,93,-12,12
25565,75,85,-10,10
25566,179,161,18,18
25567,59,56,3,3
25568,122,115,7,7
25569,209,187,22,22
25570,53,61,-8,8
25571,79,73,6,6
25572,97,96,1,1
25573,99,105,-6,6
25574,50,54,-4,4
25575,81,90,-9,9
25576,77,74,3,3
25577,179,163,16,16
25578,100,105,-5,5
25579,57,69,-12,12
25580,88,93,-5,5
25581,47,58,-11,11
25582,92,94,-2,2
25583,94,85,9,9
25584,49,72,-23,23
25585,155,133,22,22
25586,93,100,-7,7
25587,160,144,16,16
25588,34,40,-6,6
25589,109,106,3,3
25590,112,108,4,4
25591,65,66,-1,1
25592,76,72,4,4
25593,82,93,-11,11
25594,97,85,12,12
25595,72,79,-7,7
25596,95,102,-7,7
25597,59,65,-6,6
25598,52,58,-6,6
25599,81,75,6,6
25600,87,84,3,3
25601,129,121,8,8
25602,57,89,-32,32
25603,54,62,-8,8
25604,122,106,16,16
25605,90,92,-2,2
25606,136,128,8,8
25607,55,59,-4,4
25608,69,79,-10,10
25609,118,111,7,7
25610,103,106,-3,3
25611,70,71,-1,1
25612,43,53,-10,10
25613,66,71,-5,5
25614,140,139,1,1
25615,89,97,-8,8
25616,147,119,28,28
25617,112,109,3,3
25618,78,70,8,8
25619,40,47,-7,7
25620,55,63,-8,8
25621,77,80,-3,3
25622,80,95,-15,15
25623,71,75,-4,4
25624,82,87,-5,5
25625,82,91,-9,9
25626,93,102,-9,9
25627,68,70,-2,2
25628,96,91,5,5
25629,116,114,2,2
25630,53,62,-9,9
25631,87,83,4,4
25632,116,115,1,1
25633,102,95,7,7
25634,89,84,5,5
25635,121,115,6,6
25636,92,92,0,0
25637,29,58,-29,29
25638,98,92,6,6
25639,70,65,5,5
25640,127,116,11,11
25641,208,192,16,16
25642,85,81,4,4
25643,84,96,-12,12
25644,92,99,-7,7
25645,118,128,-10,10
25646,66,73,-7,7
25647,79,83,-4,4
25648,167,150,17,17
25649,174,170,4,4
25650,92,93,-1,1
25651,90,102,-12,12
25652,103,100,3,3
25653,85,82,3,3
25654,43,47,-4,4
25655,144,137,7,7
25656,66,69,-3,3
25657,33,57,-24,24
25658,50,62,-12,12
25659,68,69,-1,1
25660,152,158,-6,6
25661,102,98,4,4
25662,45,49,-4,4
25663,67,67,0,0
25664,59,66,-7,7
25665,92,103,-11,11
25666,138,135,3,3
25667,152,143,9,9
25668,79,75,4,4
25669,122,123,-1,1
25670,122,115,7,7
25671,59,71,-12,12
25672,164,146,18,18
25673,93,143,-50,50
25674,86,99,-13,13
25675,133,122,11,11
25676,95,109,-14,14
25677,86,93,-7,7
25678,76,75,1,1
25679,152,142,10,10
25680,99,94,5,5
25681,62,62,0,0
25682,92,98,-6,6
25683,105,102,3,3
25684,95,94,1,1
25685,103,85,18,18
25686,64,69,-5,5
25687,113,125,-12,12
25688,139,140,-1,1
25689,116,109,7,7
25690,109,116,-7,7
25691,110,110,0,0
25692,102,104,-2,2
25693,108,112,-4,4
25694,83,73,10,10
25695,151,143,8,8
25696,84,94,-10,10
25697,109,104,5,5
25698,136,125,11,11
25699,109,105,4,4
25700,136,115,21,21
25701,109,104,5,5
25702,68,74,-6,6
25703,76,73,3,3
25704,81,84,-3,3
25705,102,100,2,2
25706,139,130,9,9
25707,86,92,-6,6
25708,105,100,5,5
25709,58,68,-10,10
25710,35,51,-16,16
25711,49,61,-12,12
25712,82,81,1,1
25713,70,76,-6,6
25714,79,83,-4,4
25715,66,67,-1,1
25716,122,119,3,3
25717,77,73,4,4
25718,120,116,4,4
25719,155,135,20,20
25720,123,123,0,0
25721,74,83,-9,9
25722,88,91,-3,3
25723,143,141,2,2
25724,88,76,12,12
25725,57,64,-7,7
25726,130,116,14,14
25727,81,93,-12,12
25728,83,93,-10,10
25729,173,147,26,26
25730,66,72,-6,6
25731,91,93,-2,2
25732,70,67,3,3
25733,73,65,8,8
25734,72,82,-10,10
25735,73,74,-1,1
25736,109,117,-8,8
25737,106,69,37,37
25738,72,71,1,1
25739,80,90,-10,10
25740,188,169,19,19
25741,112,109,3,3
25742,116,111,5,5
25743,115,103,12,12
25744,97,100,-3,3
25745,171,165,6,6
25746,96,101,-5,5
25747,97,95,2,2
25748,60,66,-6,6
25749,119,106,13,13
25750,144,137,7,7
25751,64,66,-2,2
25752,55,65,-10,10
25753,92,92,0,0
25754,92,92,0,0
25755,133,132,1,1
25756,62,68,-6,6
25757,143,137,6,6
25758,92,100,-8,8
25759,95,116,-21,21
25760,43,48,-5,5
25761,110,108,2,2
25762,94,85,9,9
25763,68,73,-5,5
25764,81,84,-3,3
25765,150,132,18,18
25766,129,126,3,3
25767,133,123,10,10
25768,105,105,0,0
25769,66,85,-19,19
25770,91,95,-4,4
25771,90,79,11,11
25772,117,100,17,17
25773,140,129,11,11
25774,165,150,15,15
25775,95,97,-2,2
25776,85,81,4,4
25777,158,131,27,27
25778,138,143,-5,5
25779,96,98,-2,2
25780,122,117,5,5
25781,65,66,-1,1
25782,63,66,-3,3
25783,111,109,2,2
25784,80,102,-22,22
25785,79,82,-3,3
25786,100,94,6,6
25787,81,85,-4,4
25788,92,93,-1,1
25789,75,95,-20,20
25790,82,85,-3,3
25791,79,92,-13,13
25792,57,71,-14,14
25793,148,123,25,25
25794,79,80,-1,1
25795,122,115,7,7
25796,82,86,-4,4
25797,61,62,-1,1
25798,38,48,-10,10
25799,94,102,-8,8
25800,101,89,12,12
25801,89,90,-1,1
25802,68,69,-1,1
25803,47,58,-11,11
25804,90,90,0,0
25805,60,65,-5,5
25806,114,109,5,5
25807,80,91,-11,11
25808,127,109,18,18
25809,102,110,-8,8
25810,69,69,0,0
25811,53,70,-17,17
25812,59,71,-12,12
25813,95,102,-7,7
25814,64,67,-3,3
25815,144,150,-6,6
25816,71,53,18,18
25817,100,105,-5,5
25818,116,117,-1,1
25819,104,99,5,5
25820,177,181,-4,4
25821,108,105,3,3
25822,132,123,9,9
25823,118,107,11,11
25824,135,145,-10,10
25825,115,111,4,4
25826,73,76,-3,3
25827,133,124,9,9
25828,95,98,-3,3
25829,80,82,-2,2
25830,48,76,-28,28
25831,158,148,10,10
25832,73,79,-6,6
25833,94,92,2,2
25834,74,97,-23,23
25835,154,154,0,0
25836,127,126,1,1
25837,73,74,-1,1
25838,89,89,0,0
25839,61,69,-8,8
25840,87,83,4,4
25841,65,83,-18,18
25842,81,92,-11,11
25843,99,98,1,1
25844,83,93,-10,10
25845,90,96,-6,6
25846,82,84,-2,2
25847,115,105,10,10
25848,137,138,-1,1
25849,78,80,-2,2
25850,94,90,4,4
25851,101,101,0,0
25852,96,95,1,1
25853,77,76,1,1
25854,112,106,6,6
25855,138,136,2,2
25856,98,99,-1,1
25857,91,99,-8,8
25858,143,135,8,8
25859,153,147,6,6
25860,40,45,-5,5
25861,69,69,0,0
25862,67,70,-3,3
25863,43,53,-10,10
25864,104,105,-1,1
25865,117,110,7,7
25866,84,80,4,4
25867,84,91,-7,7
25868,74,71,3,3
25869,75,75,0,0
25870,147,152,-5,5
25871,94,96,-2,2
25872,92,92,0,0
25873,71,74,-3,3
25874,84,82,2,2
25875,78,101,-23,23
25876,83,83,0,0
25877,84,93,-9,9
25878,42,45,-3,3
25879,149,145,4,4
25880,95,103,-8,8
25881,132,117,15,15
25882,83,83,0,0
25883,131,129,2,2
25884,62,67,-5,5
25885,87,92,-5,5
25886,91,85,6,6
25887,155,167,-12,12
25888,73,84,-11,11
25889,98,102,-4,4
25890,72,73,-1,1
25891,75,85,-10,10
25892,147,140,7,7
25893,54,67,-13,13
25894,128,124,4,4
25895,98,99,-1,1
25896,111,107,4,4
25897,81,86,-5,5
25898,87,81,6,6
25899,28,67,-39,39
25900,123,122,1,1
25901,82,78,4,4
25902,82,74,8,8
25903,113,107,6,6
25904,121,133,-12,12
25905,124,121,3,3
25906,85,82,3,3
25907,82,90,-8,8
25908,107,112,-5,5
25909,113,115,-2,2
25910,74,84,-10,10
25911,97,95,2,2
25912,56,65,-9,9
25913,89,90,-1,1
25914,132,124,8,8
25915,134,126,8,8
25916,93,99,-6,6
25917,128,131,-3,3
25918,121,121,0,0
25919,132,138,-6,6
25920,114,114,0,0
25921,93,92,1,1
25922,132,125,7,7
25923,139,116,23,23
25924,59,63,-4,4
25925,185,160,25,25
25926,47,59,-12,12
25927,68,71,-3,3
25928,122,128,-6,6
25929,130,135,-5,5
25930,98,102,-4,4
25931,42,48,-6,6
25932,125,122,3,3
25933,56,62,-6,6
25934,129,127,2,2
25935,60,86,-26,26
25936,51,58,-7,7
25937,78,80,-2,2
25938,62,73,-11,11
25939,80,95,-15,15
25940,39,51,-12,12
25941,120,120,0,0
25942,100,92,8,8
25943,112,116,-4,4
25944,85,90,-5,5
25945,118,112,6,6
25946,124,131,-7,7
25947,56,60,-4,4
25948,97,102,-5,5
25949,83,92,-9,9
25950,91,95,-4,4
25951,68,72,-4,4
25952,108,111,-3,3
25953,87,94,-7,7
25954,57,67,-10,10
25955,70,69,1,1
25956,87,93,-6,6
25957,111,105,6,6
25958,79,84,-5,5
25959,117,108,9,9
25960,95,102,-7,7
25961,139,130,9,9
25962,52,52,0,0
25963,47,101,-54,54
25964,104,102,2,2
25965,89,85,4,4
25966,86,94,-8,8
25967,90,90,0,0
25968,113,108,5,5
25969,89,93,-4,4
25970,94,103,-9,9
25971,134,125,9,9
25972,63,64,-1,1
25973,102,103,-1,1
25974,146,134,12,12
25975,140,138,2,2
25976,73,75,-2,2
25977,127,124,3,3
25978,47,61,-14,14
25979,90,104,-14,14
25980,77,80,-3,3
25981,136,126,10,10
25982,121,121,0,0
25983,82,76,6,6
25984,114,124,-10,10
25985,114,108,6,6
25986,80,80,0,0
25987,82,80,2,2
25988,79,82,-3,3
25989,107,111,-4,4
25990,113,101,12,12
25991,114,110,4,4
25992,52,62,-10,10
25993,67,69,-2,2
25994,74,81,-7,7
25995,113,113,0,0
25996,77,75,2,2
25997,125,125,0,0
25998,60,62,-2,2
25999,78,79,-1,1
26000,94,99,-5,5
26001,102,103,-1,1
26002,115,107,8,8
26003,114,111,3,3
26004,115,119,-4,4
26005,109,108,1,1
26006,107,115,-8,8
26007,80,81,-1,1
26008,111,104,7,7
26009,36,57,-21,21
26010,78,81,-3,3
26011,87,87,0,0
26012,74,75,-1,1
26013,70,77,-7,7
26014,64,70,-6,6
26015,51,55,-4,4
26016,97,100,-3,3
26017,106,103,3,3
26018,150,144,6,6
26019,105,97,8,8
26020,80,87,-7,7
26021,81,85,-4,4
26022,78,82,-4,4
26023,103,106,-3,3
26024,68,72,-4,4
26025,69,72,-3,3
26026,100,117,-17,17
26027,100,90,10,10
26028,171,162,9,9
26029,102,99,3,3
26030,98,91,7,7
26031,81,91,-10,10
26032,86,83,3,3
26033,47,58,-11,11
26034,83,91,-8,8
26035,139,138,1,1
26036,71,77,-6,6
26037,142,134,8,8
26038,65,66,-1,1
26039,68,70,-2,2
26040,63,67,-4,4
26041,105,96,9,9
26042,53,65,-12,12
26043,126,117,9,9
26044,137,139,-2,2
26045,64,65,-1,1
26046,126,134,-8,8
26047,117,109,8,8
26048,65,93,-28,28
26049,133,134,-1,1
26050,64,64,0,0
26051,96,91,5,5
26052,92,94,-2,2
26053,99,105,-6,6
26054,148,147,1,1
26055,54,58,-4,4
26056,99,84,15,15
26057,89,101,-12,12
26058,63,66,-3,3
26059,90,91,-1,1
26060,71,82,-11,11
26061,82,74,8,8
26062,89,84,5,5
26063,58,62,-4,4
26064,88,94,-6,6
26065,91,95,-4,4
26066,29,37,-8,8
26067,63,70,-7,7
26068,73,76,-3,3
26069,68,68,0,0
26070,76,89,-13,13
26071,73,69,4,4
26072,152,137,15,15
26073,113,102,11,11
26074,57,57,0,0
26075,81,82,-1,1
26076,102,109,-7,7
26077,87,113,-26,26
26078,106,109,-3,3
26079,83,92,-9,9
26080,164,153,11,11
26081,122,108,14,14
26082,68,77,-9,9
26083,79,78,1,1
26084,57,62,-5,5
26085,116,118,-2,2
26086,57,63,-6,6
26087,105,94,11,11
26088,95,89,6,6
26089,164,157,7,7
26090,159,162,-3,3
26091,92,84,8,8
26092,100,110,-10,10
26093,64,62,2,2
26094,121,157,-36,36
26095,157,141,16,16
26096,116,115,1,1
26097,46,54,-8,8
26098,106,103,3,3
26099,67,75,-8,8
26100,83,93,-10,10
26101,66,67,-1,1
26102,105,107,-2,2
26103,166,167,-1,1
26104,109,93,16,16
26105,75,76,-1,1
26106,86,85,1,1
26107,91,89,2,2
26108,76,75,1,1
26109,149,154,-5,5
26110,102,96,6,6
26111,76,82,-6,6
26112,64,65,-1,1
26113,108,103,5,5
26114,99,98,1,1
26115,104,105,-1,1
26116,136,137,-1,1
26117,72,93,-21,21
26118,92,84,8,8
26119,70,73,-3,3
26120,69,73,-4,4
26121,154,148,6,6
26122,129,118,11,11
26123,102,97,5,5
26124,107,104,3,3
26125,107,111,-4,4
26126,75,71,4,4
26127,108,103,5,5
26128,96,92,4,4
26129,80,89,-9,9
26130,73,76,-3,3
26131,129,125,4,4
26132,57,62,-5,5
26133,92,94,-2,2
26134,70,84,-14,14
26135,61,71,-10,10
26136,52,71,-19,19
26137,145,133,12,12
26138,74,80,-6,6
26139,75,70,5,5
26140,134,130,4,4
26141,105,109,-4,4
26142,108,102,6,6
26143,98,104,-6,6
26144,96,93,3,3
26145,135,130,5,5
26146,103,106,-3,3
26147,84,84,0,0
26148,132,122,10,10
26149,114,100,14,14
26150,87,83,4,4
26151,55,62,-7,7
26152,65,63,2,2
26153,48,59,-11,11
26154,64,68,-4,4
26155,113,100,13,13
26156,137,125,12,12
26157,124,121,3,3
26158,47,54,-7,7
26159,103,96,7,7
26160,136,131,5,5
26161,80,81,-1,1
26162,65,90,-25,25
26163,117,107,10,10
26164,113,116,-3,3
26165,71,67,4,4
26166,132,138,-6,6
26167,102,92,10,10
26168,191,178,13,13
26169,127,116,11,11
26170,102,103,-1,1
26171,104,104,0,0
26172,113,111,2,2
26173,74,92,-18,18
26174,143,139,4,4
26175,73,71,2,2
26176,143,137,6,6
26177,120,111,9,9
26178,95,95,0,0
26179,84,92,-8,8
26180,146,141,5,5
26181,70,70,0,0
26182,125,108,17,17
26183,79,82,-3,3
26184,77,89,-12,12
26185,69,69,0,0
26186,100,101,-1,1
26187,190,169,21,21
26188,90,93,-3,3
26189,67,83,-16,16
26190,179,173,6,6
26191,68,79,-11,11
26192,79,94,-15,15
26193,149,132,17,17
26194,87,71,16,16
26195,58,88,-30,30
26196,176,177,-1,1
26197,67,70,-3,3
26198,76,80,-4,4
26199,127,122,5,5
26200,73,71,2,2
26201,68,72,-4,4
26202,70,72,-2,2
26203,101,95,6,6
26204,122,126,-4,4
26205,95,92,3,3
26206,90,92,-2,2
26207,85,91,-6,6
26208,138,135,3,3
26209,115,116,-1,1
26210,122,116,6,6
26211,59,61,-2,2
26212,51,58,-7,7
26213,106,101,5,5
26214,110,112,-2,2
26215,111,113,-2,2
26216,62,87,-25,25
26217,93,86,7,7
26218,46,52,-6,6
26219,107,111,-4,4
26220,144,129,15,15
26221,92,83,9,9
26222,92,93,-1,1
26223,95,105,-10,10
26224,154,145,9,9
26225,54,57,-3,3
26226,102,102,0,0
26227,61,70,-9,9
26228,109,116,-7,7
26229,155,131,24,24
26230,83,75,8,8
26231,79,82,-3,3
26232,102,100,2,2
26233,133,113,20,20
26234,134,138,-4,4
26235,81,77,4,4
26236,151,145,6,6
26237,46,55,-9,9
26238,97,97,0,0
26239,62,64,-2,2
26240,114,114,0,0
26241,83,91,-8,8
26242,114,109,5,5
26243,87,96,-9,9
26244,110,99,11,11
26245,232,225,7,7
26246,35,43,-8,8
26247,96,93,3,3
26248,87,94,-7,7
26249,52,59,-7,7
26250,89,84,5,5
26251,84,76,8,8
26252,84,91,-7,7
26253,151,142,9,9
26254,51,59,-8,8
26255,112,103,9,9
26256,189,175,14,14
26257,68,69,-1,1
26258,77,77,0,0
26259,62,69,-7,7
26260,112,109,3,3
26261,95,96,-1,1
26262,81,91,-10,10
26263,108,98,10,10
26264,96,95,1,1
26265,58,59,-1,1
26266,84,84,0,0
26267,116,104,12,12
26268,97,100,-3,3
26269,92,93,-1,1
26270,101,107,-6,6
26271,56,55,1,1
26272,74,79,-5,5
26273,115,108,7,7
26274,74,82,-8,8
26275,58,62,-4,4
26276,129,131,-2,2
26277,91,94,-3,3
26278,59,58,1,1
26279,52,54,-2,2
26280,73,78,-5,5
26281,69,65,4,4
26282,119,100,19,19
26283,126,118,8,8
26284,114,94,20,20
26285,100,109,-9,9
26286,86,88,-2,2
26287,116,128,-12,12
26288,72,72,0,0
26289,61,69,-8,8
26290,83,77,6,6
26291,94,98,-4,4
26292,90,98,-8,8
26293,93,101,-8,8
26294,31,37,-6,6
26295,163,154,9,9
26296,99,96,3,3
26297,46,57,-11,11
26298,55,60,-5,5
26299,75,82,-7,7
26300,72,77,-5,5
26301,107,98,9,9
26302,89,98,-9,9
26303,66,57,9,9
26304,67,76,-9,9
26305,145,143,2,2
26306,151,143,8,8
26307,153,132,21,21
26308,56,56,0,0
26309,97,102,-5,5
26310,162,150,12,12
26311,90,92,-2,2
26312,106,102,4,4
26313,27,36,-9,9
26314,93,88,5,5
26315,105,103,2,2
26316,123,135,-12,12
26317,61,68,-7,7
26318,64,64,0,0
26319,109,114,-5,5
26320,153,149,4,4
26321,81,81,0,0
26322,167,144,23,23
26323,100,97,3,3
26324,40,58,-18,18
26325,84,98,-14,14
26326,126,125,1,1
26327,69,73,-4,4
26328,54,46,8,8
26329,41,49,-8,8
26330,86,94,-8,8
26331,71,69,2,2
26332,97,96,1,1
26333,131,131,0,0
26334,42,48,-6,6
26335,102,103,-1,1
26336,83,91,-8,8
26337,187,170,17,17
26338,180,171,9,9
26339,73,76,-3,3
26340,108,128,-20,20
26341,57,64,-7,7
26342,121,117,4,4
26343,88,92,-4,4
26344,105,105,0,0
26345,80,92,-12,12
26346,86,97,-11,11
26347,124,118,6,6
26348,117,112,5,5
26349,112,108,4,4
26350,66,68,-2,2
26351,94,104,-10,10
26352,107,106,1,1
26353,45,50,-5,5
26354,121,116,5,5
26355,82,74,8,8
26356,69,74,-5,5
26357,160,144,16,16
26358,119,110,9,9
26359,58,61,-3,3
26360,100,98,2,2
26361,72,74,-2,2
26362,67,69,-2,2
26363,66,69,-3,3
26364,119,114,5,5
26365,138,141,-3,3
26366,65,68,-3,3
26367,105,109,-4,4
26368,36,54,-18,18
26369,69,72,-3,3
26370,78,77,1,1
26371,131,118,13,13
26372,109,118,-9,9
26373,75,74,1,1
26374,63,60,3,3
26375,53,66,-13,13
26376,105,107,-2,2
26377,64,73,-9,9
26378,70,76,-6,6
26379,26,39,-13,13
26380,181,172,9,9
26381,66,72,-6,6
26382,130,137,-7,7
26383,122,124,-2,2
26384,94,94,0,0
26385,124,122,2,2
26386,70,77,-7,7
26387,114,117,-3,3
26388,93,87,6,6
26389,106,115,-9,9
26390,96,94,2,2
26391,90,96,-6,6
26392,118,118,0,0
26393,63,91,-28,28
26394,79,86,-7,7
26395,43,56,-13,13
26396,112,115,-3,3
26397,45,51,-6,6
26398,114,119,-5,5
26399,107,100,7,7
26400,83,80,3,3
26401,40,46,-6,6
26402,98,103,-5,5
26403,115,112,3,3
26404,92,101,-9,9
26405,131,134,-3,3
26406,106,93,13,13
26407,99,97,2,2
26408,67,68,-1,1
26409,171,156,15,15
26410,128,110,18,18
26411,88,85,3,3
26412,56,64,-8,8
26413,113,108,5,5
26414,62,55,7,7
26415,81,75,6,6
26416,83,93,-10,10
26417,113,104,9,9
26418,100,105,-5,5
26419,91,90,1,1
26420,79,91,-12,12
26421,156,149,7,7
26422,113,115,-2,2
26423,67,83,-16,16
26424,129,123,6,6
26425,89,93,-4,4
26426,66,69,-3,3
26427,102,105,-3,3
26428,131,130,1,1
26429,111,109,2,2
26430,47,48,-1,1
26431,37,52,-15,15
26432,92,98,-6,6
26433,91,94,-3,3
26434,101,102,-1,1
26435,43,60,-17,17
26436,78,74,4,4
26437,102,104,-2,2
26438,92,93,-1,1
26439,96,105,-9,9
26440,109,111,-2,2
26441,98,103,-5,5
26442,131,117,14,14
26443,104,108,-4,4
26444,96,122,-26,26
26445,98,98,0,0
26446,66,69,-3,3
26447,75,77,-2,2
26448,70,72,-2,2
26449,49,57,-8,8
26450,110,99,11,11
26451,128,114,14,14
26452,50,53,-3,3
26453,85,92,-7,7
26454,59,60,-1,1
26455,41,42,-1,1
26456,71,71,0,0
26457,117,107,10,10
26458,91,96,-5,5
26459,64,70,-6,6
26460,118,118,0,0
26461,43,53,-10,10
26462,134,130,4,4
26463,101,95,6,6
26464,109,96,13,13
26465,114,130,-16,16
26466,118,128,-10,10
26467,70,82,-12,12
26468,102,102,0,0
26469,157,154,3,3
26470,308,280,28,28
26471,104,115,-11,11
26472,106,94,12,12
26473,74,76,-2,2
26474,148,136,12,12
26475,106,107,-1,1
26476,74,78,-4,4
26477,118,111,7,7
26478,114,115,-1,1
26479,60,62,-2,2
26480,135,117,18,18
26481,60,61,-1,1
26482,62,67,-5,5
26483,120,124,-4,4
26484,150,161,-11,11
26485,112,102,10,10
26486,87,93,-6,6
26487,100,103,-3,3
26488,52,62,-10,10
26489,82,86,-4,4
26490,136,138,-2,2
26491,65,71,-6,6
26492,104,97,7,7
26493,134,124,10,10
26494,104,97,7,7
26495,119,115,4,4
26496,119,110,9,9
26497,60,75,-15,15
26498,155,149,6,6
26499,129,130,-1,1
26500,46,56,-10,10
26501,58,63,-5,5
26502,73,66,7,7
26503,114,103,11,11
26504,85,94,-9,9
26505,77,75,2,2
26506,89,87,2,2
26507,186,169,17,17
26508,74,75,-1,1
26509,80,73,7,7
26510,108,110,-2,2
26511,112,88,24,24
26512,38,43,-5,5
26513,61,58,3,3
26514,109,104,5,5
26515,46,43,3,3
26516,139,128,11,11
26517,85,91,-6,6
26518,97,93,4,4
26519,60,74,-14,14
26520,36,47,-11,11
26521,89,102,-13,13
26522,147,142,5,5
26523,94,85,9,9
26524,88,83,5,5
26525,120,111,9,9
26526,75,89,-14,14
26527,95,99,-4,4
26528,90,88,2,2
26529,46,57,-11,11
26530,49,56,-7,7
26531,145,137,8,8
26532,93,84,9,9
26533,48,46,2,2
26534,93,94,-1,1
26535,76,71,5,5
26536,51,56,-5,5
26537,102,96,6,6
26538,86,89,-3,3
26539,88,86,2,2
26540,97,100,-3,3
26541,139,127,12,12
26542,163,150,13,13
26543,91,102,-11,11
26544,139,124,15,15
26545,56,70,-14,14
26546,56,72,-16,16
26547,84,85,-1,1
26548,85,91,-6,6
26549,55,62,-7,7
26550,82,84,-2,2
26551,90,90,0,0
26552,102,93,9,9
26553,46,53,-7,7
26554,151,147,4,4
26555,90,90,0,0
26556,78,112,-34,34
26557,70,67,3,3
26558,126,116,10,10
26559,114,115,-1,1
26560,135,118,17,17
26561,209,187,22,22
26562,163,152,11,11
26563,62,67,-5,5
26564,79,95,-16,16
26565,90,90,0,0
26566,126,117,9,9
26567,161,142,19,19
26568,119,111,8,8
26569,65,78,-13,13
26570,75,104,-29,29
26571,94,88,6,6
26572,57,58,-1,1
26573,60,63,-3,3
26574,62,65,-3,3
26575,61,70,-9,9
26576,174,161,13,13
26577,65,71,-6,6
26578,122,118,4,4
26579,103,116,-13,13
26580,66,71,-5,5
26581,110,104,6,6
26582,59,65,-6,6
26583,120,111,9,9
26584,101,103,-2,2
26585,94,95,-1,1
26586,125,118,7,7
26587,76,76,0,0
26588,66,73,-7,7
26589,85,93,-8,8
26590,101,105,-4,4
26591,79,79,0,0
26592,179,160,19,19
26593,73,84,-11,11
26594,97,102,-5,5
26595,40,65,-25,25
26596,75,74,1,1
26597,157,152,5,5
26598,77,80,-3,3
26599,108,116,-8,8
26600,129,117,12,12
26601,100,103,-3,3
26602,76,94,-18,18
26603,40,47,-7,7
26604,72,75,-3,3
26605,81,81,0,0
26606,122,114,8,8
26607,77,73,4,4
26608,162,154,8,8
26609,52,57,-5,5
26610,86,81,5,5
26611,61,59,2,2
26612,139,129,10,10
26613,122,116,6,6
26614,129,131,-2,2
26615,64,66,-2,2
26616,53,58,-5,5
26617,163,147,16,16
26618,76,91,-15,15
26619,47,51,-4,4
26620,57,64,-7,7
26621,142,131,11,11
26622,89,82,7,7
26623,100,105,-5,5
26624,126,132,-6,6
26625,149,135,14,14
26626,102,95,7,7
26627,51,60,-9,9
26628,131,114,17,17
26629,113,112,1,1
26630,128,117,11,11
26631,84,75,9,9
26632,88,90,-2,2
26633,96,94,2,2
26634,131,114,17,17
26635,142,132,10,10
26636,139,129,10,10
26637,62,67,-5,5
26638,162,166,-4,4
26639,100,103,-3,3
26640,94,94,0,0
26641,118,110,8,8
26642,140,121,19,19
26643,105,103,2,2
26644,54,62,-8,8
26645,80,83,-3,3
26646,54,59,-5,5
26647,82,89,-7,7
26648,78,82,-4,4
26649,81,83,-2,2
26650,55,59,-4,4
26651,142,145,-3,3
26652,152,140,12,12
26653,121,115,6,6
26654,109,104,5,5
26655,80,90,-10,10
26656,73,76,-3,3
26657,154,121,33,33
26658,122,122,0,0
26659,85,83,2,2
26660,65,72,-7,7
26661,127,115,12,12
26662,44,50,-6,6
26663,90,101,-11,11
26664,115,113,2,2
26665,124,119,5,5
26666,148,148,0,0
26667,49,50,-1,1
26668,77,81,-4,4
26669,173,161,12,12
26670,68,77,-9,9
26671,149,146,3,3
26672,73,74,-1,1
26673,54,60,-6,6
26674,90,84,6,6
26675,73,76,-3,3
26676,74,82,-8,8
26677,49,50,-1,1
26678,79,76,3,3
26679,117,115,2,2
26680,57,70,-13,13
26681,123,108,15,15
26682,94,95,-1,1
26683,124,106,18,18
26684,74,78,-4,4
26685,63,68,-5,5
26686,116,107,9,9
26687,93,91,2,2
26688,115,120,-5,5
26689,64,67,-3,3
26690,117,118,-1,1
26691,74,78,-4,4
26692,49,50,-1,1
26693,72,71,1,1
26694,86,93,-7,7
26695,52,56,-4,4
26696,87,91,-4,4
26697,152,150,2,2
26698,61,69,-8,8
26699,67,74,-7,7
26700,64,73,-9,9
26701,100,102,-2,2
26702,135,115,20,20
26703,120,123,-3,3
26704,124,110,14,14
26705,105,111,-6,6
26706,144,147,-3,3
26707,100,101,-1,1
26708,80,83,-3,3
26709,73,91,-18,18
26710,82,90,-8,8
26711,76,73,3,3
26712,115,115,0,0
26713,106,107,-1,1
26714,125,126,-1,1
26715,86,84,2,2
26716,94,93,1,1
26717,80,90,-10,10
26718,145,129,16,16
26719,122,115,7,7
26720,122,117,5,5
26721,115,109,6,6
26722,66,69,-3,3
26723,85,82,3,3
26724,95,104,-9,9
26725,110,102,8,8
26726,49,66,-17,17
26727,80,95,-15,15
26728,101,95,6,6
26729,77,77,0,0
26730,89,103,-14,14
26731,130,116,14,14
26732,106,121,-15,15
26733,56,57,-1,1
26734,68,66,2,2
26735,152,143,9,9
26736,113,115,-2,2
26737,98,101,-3,3
26738,125,116,9,9
26739,71,74,-3,3
26740,123,114,9,9
26741,97,79,18,18
26742,77,77,0,0
26743,56,64,-8,8
26744,127,122,5,5
26745,49,63,-14,14
26746,115,108,7,7
26747,61,65,-4,4
26748,97,93,4,4
26749,101,105,-4,4
26750,77,84,-7,7
26751,117,125,-8,8
26752,90,99,-9,9
26753,120,113,7,7
26754,80,83,-3,3
26755,71,68,3,3
26756,54,62,-8,8
26757,80,90,-10,10
26758,110,109,1,1
26759,71,91,-20,20
26760,82,92,-10,10
26761,68,78,-10,10
26762,78,90,-12,12
26763,69,65,4,4
26764,87,84,3,3
26765,94,91,3,3
26766,137,128,9,9
26767,57,62,-5,5
26768,56,57,-1,1
26769,57,69,-12,12
26770,62,65,-3,3
26771,63,73,-10,10
26772,165,150,15,15
26773,115,109,6,6
26774,133,127,6,6
26775,94,87,7,7
26776,107,111,-4,4
26777,106,102,4,4
26778,112,118,-6,6
26779,93,97,-4,4
26780,55,66,-11,11
26781,85,91,-6,6
26782,41,46,-5,5
26783,120,110,10,10
26784,99,100,-1,1
26785,83,75,8,8
26786,84,86,-2,2
26787,110,105,5,5
26788,124,143,-19,19
26789,122,116,6,6
26790,38,48,-10,10
26791,120,111,9,9
26792,97,100,-3,3
26793,61,67,-6,6
26794,113,118,-5,5
26795,74,72,2,2
26796,79,76,3,3
26797,125,111,14,14
26798,81,83,-2,2
26799,125,120,5,5
26800,123,124,-1,1
26801,90,100,-10,10
26802,48,58,-10,10
26803,55,64,-9,9
26804,62,73,-11,11
26805,64,77,-13,13
26806,91,94,-3,3
26807,145,145,0,0
26808,86,82,4,4
26809,66,73,-7,7
26810,116,131,-15,15
26811,76,78,-2,2
26812,88,99,-11,11
26813,103,110,-7,7
26814,97,102,-5,5
26815,138,127,11,11
26816,75,81,-6,6
26817,92,87,5,5
26818,149,145,4,4
26819,60,65,-5,5
26820,108,111,-3,3
26821,30,39,-9,9
26822,89,84,5,5
26823,49,59,-10,10
26824,97,91,6,6
26825,128,115,13,13
26826,96,100,-4,4
26827,96,94,2,2
26828,63,59,4,4
26829,76,78,-2,2
26830,106,118,-12,12
26831,79,91,-12,12
26832,127,119,8,8
26833,45,55,-10,10
26834,105,110,-5,5
26835,90,90,0,0
26836,43,52,-9,9
26837,235,146,89,89
26838,50,62,-12,12
26839,111,106,5,5
26840,69,66,3,3
26841,52,135,-83,83
26842,105,105,0,0
26843,49,52,-3,3
26844,66,71,-5,5
26845,64,70,-6,6
26846,75,72,3,3
26847,70,74,-4,4
26848,96,94,2,2
26849,86,94,-8,8
26850,109,104,5,5
26851,357,230,127,127
26852,74,74,0,0
26853,96,103,-7,7
26854,101,107,-6,6
26855,86,92,-6,6
26856,97,89,8,8
26857,47,47,0,0
26858,76,94,-18,18
26859,139,131,8,8
26860,127,124,3,3
26861,119,113,6,6
26862,133,126,7,7
26863,190,187,3,3
26864,119,110,9,9
26865,96,94,2,2
26866,31,38,-7,7
26867,94,106,-12,12
26868,112,129,-17,17
26869,104,101,3,3
26870,162,147,15,15
26871,128,121,7,7
26872,142,141,1,1
26873,107,75,32,32
26874,120,107,13,13
26875,57,67,-10,10
26876,157,147,10,10
26877,94,95,-1,1
26878,109,118,-9,9
26879,58,69,-11,11
26880,108,95,13,13
26881,88,89,-1,1
26882,123,123,0,0
26883,85,88,-3,3
26884,136,150,-14,14
26885,72,79,-7,7
26886,77,75,2,2
26887,59,61,-2,2
26888,154,139,15,15
26889,63,80,-17,17
26890,40,45,-5,5
26891,142,151,-9,9
26892,160,146,14,14
26893,68,65,3,3
26894,91,86,5,5
26895,77,85,-8,8
26896,135,130,5,5
26897,134,196,-62,62
26898,172,171,1,1
26899,131,157,-26,26
26900,86,95,-9,9
26901,67,75,-8,8
26902,55,59,-4,4
26903,148,138,10,10
26904,66,72,-6,6
26905,120,106,14,14
26906,83,86,-3,3
26907,101,95,6,6
26908,83,75,8,8
26909,106,122,-16,16
26910,99,100,-1,1
26911,67,71,-4,4
26912,130,127,3,3
26913,79,83,-4,4
26914,43,55,-12,12
26915,146,134,12,12
26916,57,59,-2,2
26917,100,112,-12,12
26918,139,117,22,22
26919,114,102,12,12
26920,61,67,-6,6
26921,77,95,-18,18
26922,102,108,-6,6
26923,104,99,5,5
26924,145,146,-1,1
26925,81,92,-11,11
26926,87,96,-9,9
26927,135,141,-6,6
26928,117,114,3,3
26929,82,77,5,5
26930,118,115,3,3
26931,106,112,-6,6
26932,123,123,0,0
26933,109,110,-1,1
26934,66,68,-2,2
26935,86,93,-7,7
26936,104,106,-2,2
26937,61,76,-15,15
26938,59,85,-26,26
26939,68,71,-3,3
26940,68,71,-3,3
26941,63,70,-7,7
26942,85,83,2,2
26943,135,134,1,1
26944,117,120,-3,3
26945,134,121,13,13
26946,104,105,-1,1
26947,73,75,-2,2
26948,79,78,1,1
26949,137,131,6,6
26950,106,95,11,11
26951,80,70,10,10
26952,175,156,19,19
26953,96,102,-6,6
26954,137,126,11,11
26955,119,114,5,5
26956,118,109,9,9
26957,135,131,4,4
26958,127,104,23,23
26959,103,106,-3,3
26960,87,93,-6,6
26961,90,74,16,16
26962,50,59,-9,9
26963,68,73,-5,5
26964,75,78,-3,3
26965,150,152,-2,2
26966,107,101,6,6
26967,122,116,6,6
26968,48,50,-2,2
26969,141,140,1,1
26970,96,92,4,4
26971,93,94,-1,1
26972,85,82,3,3
26973,55,61,-6,6
26974,51,59,-8,8
26975,99,99,0,0
26976,52,66,-14,14
26977,79,72,7,7
26978,110,109,1,1
26979,121,113,8,8
26980,37,42,-5,5
26981,92,96,-4,4
26982,66,61,5,5
26983,148,117,31,31
26984,83,83,0,0
26985,175,161,14,14
26986,88,84,4,4
26987,110,104,6,6
26988,79,92,-13,13
26989,64,63,1,1
26990,124,112,12,12
26991,129,121,8,8
26992,91,93,-2,2
26993,59,61,-2,2
26994,49,67,-18,18
26995,132,128,4,4
26996,76,108,-32,32
26997,110,104,6,6
26998,61,60,1,1
26999,90,96,-6,6
27000,126,124,2,2
27001,98,99,-1,1
27002,59,60,-1,1
27003,93,100,-7,7
27004,76,70,6,6
27005,75,71,4,4
27006,85,92,-7,7
27007,149,135,14,14
27008,89,90,-1,1
27009,112,110,2,2
27010,88,81,7,7
27011,65,66,-1,1
27012,86,90,-4,4
27013,64,62,2,2
27014,81,97,-16,16
27015,86,93,-7,7
27016,70,71,-1,1
27017,150,124,26,26
27018,102,98,4,4
27019,92,85,7,7
27020,47,62,-15,15
27021,92,98,-6,6
27022,108,105,3,3
27023,85,92,-7,7
27024,127,121,6,6
27025,114,110,4,4
27026,89,83,6,6
27027,98,103,-5,5
27028,47,45,2,2
27029,95,106,-11,11
27030,174,170,4,4
27031,74,74,0,0
27032,214,205,9,9
27033,35,47,-12,12
27034,202,198,4,4
27035,83,81,2,2
27036,125,115,10,10
27037,109,98,11,11
27038,54,64,-10,10
27039,56,60,-4,4
27040,71,75,-4,4
27041,81,82,-1,1
27042,78,81,-3,3
27043,61,62,-1,1
27044,77,77,0,0
27045,114,106,8,8
27046,59,63,-4,4
27047,116,119,-3,3
27048,49,63,-14,14
27049,66,83,-17,17
27050,91,82,9,9
27051,98,101,-3,3
27052,73,78,-5,5
27053,78,79,-1,1
27054,105,107,-2,2
27055,112,106,6,6
27056,84,90,-6,6
27057,78,71,7,7
27058,112,116,-4,4
27059,178,153,25,25
27060,134,132,2,2
27061,93,89,4,4
27062,99,100,-1,1
27063,67,71,-4,4
27064,76,82,-6,6
27065,80,76,4,4
27066,74,74,0,0
27067,83,90,-7,7
27068,99,110,-11,11
27069,70,66,4,4
27070,64,71,-7,7
27071,128,117,11,11
27072,93,86,7,7
27073,65,68,-3,3
27074,40,47,-7,7
27075,133,125,8,8
27076,97,100,-3,3
27077,89,96,-7,7
27078,73,75,-2,2
27079,102,97,5,5
27080,62,65,-3,3
27081,91,94,-3,3
27082,147,137,10,10
27083,70,69,1,1
27084,71,72,-1,1
27085,86,91,-5,5
27086,62,65,-3,3
27087,104,93,11,11
27088,72,70,2,2
27089,52,57,-5,5
27090,38,50,-12,12
27091,67,73,-6,6
27092,196,181,15,15
27093,47,49,-2,2
27094,51,58,-7,7
27095,88,91,-3,3
27096,96,101,-5,5
27097,42,46,-4,4
27098,101,105,-4,4
27099,105,100,5,5
27100,70,71,-1,1
27101,87,103,-16,16
27102,120,118,2,2
27103,71,70,1,1
27104,118,108,10,10
27105,71,85,-14,14
27106,101,108,-7,7
27107,80,79,1,1
27108,107,100,7,7
27109,87,80,7,7
27110,60,66,-6,6
27111,56,56,0,0
27112,79,81,-2,2
27113,148,142,6,6
27114,75,75,0,0
27115,53,58,-5,5
27116,88,90,-2,2
27117,104,123,-19,19
27118,77,71,6,6
27119,53,58,-5,5
27120,114,112,2,2
27121,74,71,3,3
27122,73,84,-11,11
27123,127,117,10,10
27124,81,78,3,3
27125,127,128,-1,1
27126,139,127,12,12
27127,78,80,-2,2
27128,79,76,3,3
27129,115,105,10,10
27130,125,111,14,14
27131,141,136,5,5
27132,127,113,14,14
27133,105,106,-1,1
27134,57,65,-8,8
27135,99,104,-5,5
27136,91,91,0,0
27137,98,92,6,6
27138,114,125,-11,11
27139,74,75,-1,1
27140,143,125,18,18
27141,68,71,-3,3
27142,159,146,13,13
27143,69,69,0,0
27144,72,71,1,1
27145,48,55,-7,7
27146,110,108,2,2
27147,86,90,-4,4
27148,72,75,-3,3
27149,80,75,5,5
27150,70,77,-7,7
27151,37,46,-9,9
27152,79,80,-1,1
27153,53,50,3,3
27154,82,83,-1,1
27155,55,64,-9,9
27156,72,80,-8,8
27157,104,105,-1,1
27158,81,83,-2,2
27159,131,132,-1,1
27160,110,120,-10,10
27161,70,76,-6,6
27162,96,103,-7,7
27163,56,69,-13,13
27164,76,79,-3,3
27165,87,93,-6,6
27166,100,98,2,2
27167,51,58,-7,7
27168,67,67,0,0
27169,50,59,-9,9
27170,72,93,-21,21
27171,69,71,-2,2
27172,96,101,-5,5
27173,90,90,0,0
27174,84,91,-7,7
27175,136,137,-1,1
27176,83,83,0,0
27177,93,101,-8,8
27178,130,144,-14,14
27179,111,109,2,2
27180,107,115,-8,8
27181,112,120,-8,8
27182,27,33,-6,6
27183,156,139,17,17
27184,102,97,5,5
27185,122,122,0,0
27186,114,106,8,8
27187,39,48,-9,9
27188,137,127,10,10
27189,86,87,-1,1
27190,83,77,6,6
27191,148,140,8,8
27192,108,108,0,0
27193,102,103,-1,1
27194,95,95,0,0
27195,52,64,-12,12
27196,78,84,-6,6
27197,99,103,-4,4
27198,124,125,-1,1
27199,94,104,-10,10
27200,120,122,-2,2
27201,102,106,-4,4
27202,128,128,0,0
27203,64,63,1,1
27204,78,77,1,1
27205,65,75,-10,10
27206,128,129,-1,1
27207,88,81,7,7
27208,63,74,-11,11
27209,86,95,-9,9
27210,102,105,-3,3
27211,120,100,20,20
27212,95,104,-9,9
27213,83,83,0,0
27214,96,106,-10,10
27215,75,78,-3,3
27216,50,57,-7,7
27217,69,69,0,0
27218,118,106,12,12
27219,103,109,-6,6
27220,88,97,-9,9
27221,83,85,-2,2
27222,113,103,10,10
27223,89,83,6,6
27224,92,94,-2,2
27225,96,103,-7,7
27226,97,116,-19,19
27227,57,58,-1,1
27228,70,73,-3,3
27229,79,92,-13,13
27230,81,84,-3,3
27231,106,103,3,3
27232,178,160,18,18
27233,141,139,2,2
27234,97,96,1,1
27235,152,151,1,1
27236,82,86,-4,4
27237,62,62,0,0
27238,69,76,-7,7
27239,145,139,6,6
27240,80,77,3,3
27241,124,117,7,7
27242,128,124,4,4
27243,147,132,15,15
27244,181,179,2,2
27245,92,102,-10,10
27246,48,54,-6,6
27247,144,139,5,5
27248,54,66,-12,12
27249,116,107,9,9
27250,106,99,7,7
27251,72,73,-1,1
27252,139,125,14,14
27253,153,151,2,2
27254,105,101,4,4
27255,152,139,13,13
27256,137,119,18,18
27257,123,126,-3,3
27258,49,62,-13,13
27259,80,75,5,5
27260,63,60,3,3
27261,35,65,-30,30
27262,53,61,-8,8
27263,80,86,-6,6
27264,56,56,0,0
27265,143,146,-3,3
27266,160,148,12,12
27267,98,97,1,1
27268,98,94,4,4
27269,83,91,-8,8
27270,117,125,-8,8
27271,143,144,-1,1
27272,91,98,-7,7
27273,60,70,-10,10
27274,106,102,4,4
27275,33,46,-13,13
27276,65,66,-1,1
27277,79,77,2,2
27278,47,49,-2,2
27279,78,81,-3,3
27280,108,111,-3,3
27281,59,70,-11,11
27282,75,84,-9,9
27283,130,127,3,3
27284,75,86,-11,11
27285,89,93,-4,4
27286,85,82,3,3
27287,127,117,10,10
27288,71,84,-13,13
27289,103,100,3,3
27290,40,44,-4,4
27291,57,73,-16,16
27292,142,133,9,9
27293,61,74,-13,13
27294,77,74,3,3
27295,95,100,-5,5
27296,90,72,18,18
27297,101,104,-3,3
27298,64,65,-1,1
27299,154,131,23,23
27300,90,92,-2,2
27301,103,102,1,1
27302,134,125,9,9
27303,96,76,20,20
27304,48,53,-5,5
27305,88,83,5,5
27306,126,117,9,9
27307,80,74,6,6
27308,66,69,-3,3
27309,43,47,-4,4
27310,71,68,3,3
27311,102,102,0,0
27312,78,77,1,1
27313,99,100,-1,1
27314,110,105,5,5
27315,105,105,0,0
27316,103,111,-8,8
27317,103,104,-1,1
27318,62,88,-26,26
27319,92,97,-5,5
27320,68,75,-7,7
27321,94,97,-3,3
27322,97,101,-4,4
27323,50,64,-14,14
27324,46,66,-20,20
27325,76,74,2,2
27326,127,109,18,18
27327,55,59,-4,4
27328,62,65,-3,3
27329,114,116,-2,2
27330,70,70,0,0
27331,110,108,2,2
27332,115,112,3,3
27333,102,94,8,8
27334,105,110,-5,5
27335,99,96,3,3
27336,122,120,2,2
27337,69,75,-6,6
27338,69,64,5,5
27339,79,79,0,0
27340,67,74,-7,7
27341,76,71,5,5
27342,54,58,-4,4
27343,96,93,3,3
27344,90,91,-1,1
27345,73,72,1,1
27346,76,81,-5,5
27347,48,54,-6,6
27348,104,108,-4,4
27349,64,68,-4,4
27350,76,77,-1,1
27351,106,105,1,1
27352,58,63,-5,5
27353,118,125,-7,7
27354,78,83,-5,5
27355,119,117,2,2
27356,64,71,-7,7
27357,144,116,28,28
27358,112,101,11,11
27359,60,66,-6,6
27360,58,85,-27,27
27361,148,161,-13,13
27362,70,69,1,1
27363,193,172,21,21
27364,90,94,-4,4
27365,50,56,-6,6
27366,94,92,2,2
27367,114,106,8,8
27368,57,65,-8,8
27369,72,91,-19,19
27370,97,85,12,12
27371,121,116,5,5
27372,96,97,-1,1
27373,78,83,-5,5
27374,124,128,-4,4
27375,156,151,5,5
27376,103,98,5,5
27377,117,117,0,0
27378,75,68,7,7
27379,101,106,-5,5
27380,45,48,-3,3
27381,60,61,-1,1
27382,124,125,-1,1
27383,129,122,7,7
27384,90,96,-6,6
27385,79,87,-8,8
27386,64,69,-5,5
27387,87,100,-13,13
27388,138,132,6,6
27389,106,106,0,0
27390,96,102,-6,6
27391,124,122,2,2
27392,78,79,-1,1
27393,99,96,3,3
27394,208,170,38,38
27395,111,109,2,2
27396,107,101,6,6
27397,92,85,7,7
27398,87,83,4,4
27399,108,117,-9,9
27400,70,66,4,4
27401,115,112,3,3
27402,86,94,-8,8
27403,86,85,1,1
27404,165,161,4,4
27405,59,96,-37,37
27406,111,117,-6,6
27407,196,170,26,26
27408,99,100,-1,1
27409,121,99,22,22
27410,57,59,-2,2
27411,78,75,3,3
27412,98,102,-4,4
27413,90,84,6,6
27414,89,97,-8,8
27415,97,96,1,1
27416,77,80,-3,3
27417,78,78,0,0
27418,95,109,-14,14
27419,98,98,0,0
27420,126,114,12,12
27421,107,108,-1,1
27422,83,84,-1,1
27423,129,130,-1,1
27424,93,95,-2,2
27425,210,177,33,33
27426,112,113,-1,1
27427,51,58,-7,7
27428,93,83,10,10
27429,61,72,-11,11
27430,76,86,-10,10
27431,107,107,0,0
27432,115,100,15,15
27433,106,108,-2,2
27434,77,82,-5,5
27435,102,103,-1,1
27436,54,65,-11,11
27437,81,75,6,6
27438,64,79,-15,15
27439,134,132,2,2
27440,124,111,13,13
27441,49,59,-10,10
27442,90,99,-9,9
27443,72,68,4,4
27444,76,82,-6,6
27445,114,107,7,7
27446,59,72,-13,13
27447,97,114,-17,17
27448,96,92,4,4
27449,177,143,34,34
27450,111,106,5,5
27451,105,113,-8,8
27452,78,92,-14,14
27453,85,97,-12,12
27454,71,72,-1,1
27455,114,115,-1,1
27456,78,86,-8,8
27457,164,161,3,3
27458,75,81,-6,6
27459,128,120,8,8
27460,105,116,-11,11
27461,75,74,1,1
27462,87,91,-4,4
27463,104,100,4,4
27464,130,123,7,7
27465,101,107,-6,6
27466,81,82,-1,1
27467,75,77,-2,2
27468,115,110,5,5
27469,80,75,5,5
27470,54,68,-14,14
27471,93,97,-4,4
27472,142,115,27,27
27473,41,51,-10,10
27474,78,82,-4,4
27475,62,68,-6,6
27476,68,80,-12,12
27477,45,55,-10,10
27478,99,97,2,2
27479,92,91,1,1
27480,88,82,6,6
27481,134,136,-2,2
27482,112,107,5,5
27483,97,103,-6,6
27484,131,136,-5,5
27485,71,71,0,0
27486,39,48,-9,9
27487,68,73,-5,5
27488,47,47,0,0
27489,60,60,0,0
27490,151,120,31,31
27491,81,74,7,7
27492,104,101,3,3
27493,99,105,-6,6
27494,103,102,1,1
27495,84,89,-5,5
27496,92,94,-2,2
27497,108,109,-1,1
27498,124,118,6,6
27499,68,76,-8,8
27500,107,104,3,3
27501,97,86,11,11
27502,108,105,3,3
27503,54,65,-11,11
27504,75,75,0,0
27505,43,53,-10,10
27506,105,108,-3,3
27507,103,110,-7,7
27508,85,94,-9,9
27509,121,121,0,0
27510,85,91,-6,6
27511,102,95,7,7
27512,113,121,-8,8
27513,70,74,-4,4
27514,120,109,11,11
27515,106,100,6,6
27516,72,78,-6,6
27517,89,93,-4,4
27518,90,92,-2,2
27519,52,54,-2,2
27520,78,83,-5,5
27521,88,96,-8,8
27522,290,243,47,47
27523,98,98,0,0
27524,94,98,-4,4
27525,130,116,14,14
27526,50,70,-20,20
27527,102,96,6,6
27528,72,73,-1,1
27529,79,77,2,2
27530,101,104,-3,3
27531,88,82,6,6
27532,75,79,-4,4
27533,109,119,-10,10
27534,68,71,-3,3
27535,117,114,3,3
27536,112,115,-3,3
27537,149,138,11,11
27538,94,103,-9,9
27539,73,75,-2,2
27540,86,84,2,2
27541,68,75,-7,7
27542,94,96,-2,2
27543,96,102,-6,6
27544,86,110,-24,24
27545,84,92,-8,8
27546,98,93,5,5
27547,149,143,6,6
27548,92,93,-1,1
27549,72,69,3,3
27550,108,106,2,2
27551,85,98,-13,13
27552,92,93,-1,1
27553,72,78,-6,6
27554,73,81,-8,8
27555,91,94,-3,3
27556,167,167,0,0
27557,78,91,-13,13
27558,50,67,-17,17
27559,96,84,12,12
27560,105,105,0,0
27561,102,103,-1,1
27562,106,98,8,8
27563,138,128,10,10
27564,123,126,-3,3
27565,76,75,1,1
27566,95,94,1,1
27567,87,91,-4,4
27568,154,152,2,2
27569,75,74,1,1
27570,137,124,13,13
27571,98,91,7,7
27572,96,98,-2,2
27573,68,72,-4,4
27574,66,81,-15,15
27575,96,101,-5,5
27576,99,103,-4,4
27577,53,69,-16,16
27578,36,67,-31,31
27579,79,92,-13,13
27580,108,109,-1,1
27581,20,31,-11,11
27582,95,101,-6,6
27583,78,83,-5,5
27584,114,115,-1,1
27585,89,104,-15,15
27586,118,136,-18,18
27587,163,147,16,16
27588,64,66,-2,2
27589,50,49,1,1
27590,65,69,-4,4
27591,91,90,1,1
27592,126,128,-2,2
27593,96,99,-3,3
27594,115,107,8,8
27595,114,110,4,4
27596,139,116,23,23
27597,45,64,-19,19
27598,155,153,2,2
27599,77,72,5,5
27600,105,94,11,11
27601,156,129,27,27
27602,90,93,-3,3
27603,105,98,7,7
27604,36,45,-9,9
27605,134,140,-6,6
27606,111,119,-8,8
27607,61,59,2,2
27608,97,101,-4,4
27609,76,77,-1,1
27610,81,91,-10,10
27611,71,70,1,1
27612,99,96,3,3
27613,98,102,-4,4
27614,89,90,-1,1
27615,153,146,7,7
27616,110,112,-2,2
27617,61,65,-4,4
27618,72,80,-8,8
27619,107,104,3,3
27620,107,105,2,2
27621,116,108,8,8
27622,116,109,7,7
27623,71,73,-2,2
27624,95,96,-1,1
27625,99,103,-4,4
27626,59,62,-3,3
27627,107,127,-20,20
27628,130,122,8,8
27629,95,82,13,13
27630,165,143,22,22
27631,171,151,20,20
27632,93,102,-9,9
27633,79,90,-11,11
27634,175,157,18,18
27635,121,116,5,5
27636,155,149,6,6
27637,174,169,5,5
27638,81,75,6,6
27639,57,59,-2,2
27640,180,147,33,33
27641,116,110,6,6
27642,162,157,5,5
27643,77,74,3,3
27644,78,78,0,0
27645,111,106,5,5
27646,87,83,4,4
27647,37,46,-9,9
27648,176,166,10,10
27649,69,78,-9,9
27650,72,77,-5,5
27651,91,98,-7,7
27652,102,102,0,0
27653,81,84,-3,3
27654,142,136,6,6
27655,189,165,24,24
27656,200,178,22,22
27657,61,69,-8,8
27658,89,92,-3,3
27659,94,99,-5,5
27660,88,91,-3,3
27661,85,82,3,3
27662,88,90,-2,2
27663,52,57,-5,5
27664,61,84,-23,23
27665,79,78,1,1
27666,141,130,11,11
27667,83,85,-2,2
27668,112,142,-30,30
27669,123,118,5,5
27670,54,56,-2,2
27671,66,69,-3,3
27672,117,116,1,1
27673,73,76,-3,3
27674,70,83,-13,13
27675,66,66,0,0
27676,105,117,-12,12
27677,77,82,-5,5
27678,100,99,1,1
27679,167,148,19,19
27680,73,72,1,1
27681,130,127,3,3
27682,87,75,12,12
27683,85,81,4,4
27684,69,72,-3,3
27685,73,75,-2,2
27686,77,83,-6,6
27687,138,133,5,5
27688,80,92,-12,12
27689,55,60,-5,5
27690,117,106,11,11
27691,110,106,4,4
27692,60,60,0,0
27693,96,96,0,0
27694,85,81,4,4
27695,106,111,-5,5
27696,94,94,0,0
27697,69,76,-7,7
27698,125,126,-1,1
27699,179,158,21,21
27700,86,91,-5,5
27701,129,124,5,5
27702,82,90,-8,8
27703,91,84,7,7
27704,150,144,6,6
27705,57,66,-9,9
27706,70,72,-2,2
27707,134,129,5,5
27708,71,75,-4,4
27709,74,83,-9,9
27710,83,85,-2,2
27711,82,101,-19,19
27712,70,73,-3,3
27713,82,94,-12,12
27714,52,58,-6,6
27715,93,87,6,6
27716,54,64,-10,10
27717,136,138,-2,2
27718,72,75,-3,3
27719,86,108,-22,22
27720,108,115,-7,7
27721,93,91,2,2
27722,57,76,-19,19
27723,78,78,0,0
27724,130,118,12,12
27725,83,89,-6,6
27726,116,104,12,12
27727,103,96,7,7
27728,79,84,-5,5
27729,43,52,-9,9
27730,100,104,-4,4
27731,77,79,-2,2
27732,127,122,5,5
27733,83,82,1,1
27734,134,151,-17,17
27735,108,97,11,11
27736,122,114,8,8
27737,86,92,-6,6
27738,71,73,-2,2
27739,111,108,3,3
27740,132,119,13,13
27741,200,185,15,15
27742,77,76,1,1
27743,131,116,15,15
27744,75,80,-5,5
27745,66,67,-1,1
27746,83,82,1,1
27747,155,142,13,13
27748,104,93,11,11
27749,85,83,2,2
27750,149,131,18,18
27751,198,246,-48,48
27752,68,82,-14,14
27753,143,108,35,35
27754,118,102,16,16
27755,75,76,-1,1
27756,150,168,-18,18
27757,52,56,-4,4
27758,153,146,7,7
27759,88,103,-15,15
27760,101,115,-14,14
27761,74,73,1,1
27762,102,104,-2,2
27763,140,129,11,11
27764,71,68,3,3
27765,110,98,12,12
27766,110,110,0,0
27767,63,67,-4,4
27768,66,75,-9,9
27769,49,57,-8,8
27770,54,57,-3,3
27771,86,92,-6,6
27772,58,62,-4,4
27773,54,60,-6,6
27774,60,70,-10,10
27775,77,75,2,2
27776,70,81,-11,11
27777,91,91,0,0
27778,112,111,1,1
27779,89,91,-2,2
27780,80,77,3,3
27781,95,95,0,0
27782,98,94,4,4
27783,91,93,-2,2
27784,117,113,4,4
27785,76,83,-7,7
27786,126,149,-23,23
27787,131,116,15,15
27788,65,70,-5,5
27789,90,84,6,6
27790,77,78,-1,1
27791,114,113,1,1
27792,88,87,1,1
27793,90,93,-3,3
27794,84,93,-9,9
27795,135,118,17,17
27796,95,91,4,4
27797,94,104,-10,10
27798,106,105,1,1
27799,75,72,3,3
27800,115,110,5,5
27801,143,144,-1,1
27802,60,57,3,3
27803,68,65,3,3
27804,73,71,2,2
27805,168,146,22,22
27806,99,106,-7,7
27807,108,106,2,2
27808,77,90,-13,13
27809,60,58,2,2
27810,79,76,3,3
27811,103,115,-12,12
27812,120,123,-3,3
27813,137,144,-7,7
27814,80,94,-14,14
27815,78,81,-3,3
27816,49,62,-13,13
27817,97,107,-10,10
27818,104,104,0,0
27819,172,157,15,15
27820,154,148,6,6
27821,93,100,-7,7
27822,103,96,7,7
27823,51,59,-8,8
27824,72,74,-2,2
27825,81,85,-4,4
27826,69,66,3,3
27827,111,103,8,8
27828,106,106,0,0
27829,143,130,13,13
27830,46,46,0,0
27831,118,121,-3,3
27832,136,121,15,15
27833,103,97,6,6
27834,115,120,-5,5
27835,100,99,1,1
27836,130,121,9,9
27837,146,131,15,15
27838,106,105,1,1
27839,160,152,8,8
27840,151,116,35,35
27841,111,108,3,3
27842,132,115,17,17
27843,70,65,5,5
27844,95,99,-4,4
27845,113,107,6,6
27846,100,141,-41,41
27847,84,71,13,13
27848,144,129,15,15
27849,75,82,-7,7
27850,127,127,0,0
27851,35,43,-8,8
27852,48,65,-17,17
27853,52,57,-5,5
27854,110,110,0,0
27855,109,106,3,3
27856,72,77,-5,5
27857,99,99,0,0
27858,58,57,1,1
27859,81,74,7,7
27860,96,84,12,12
27861,71,73,-2,2
27862,122,102,20,20
27863,151,138,13,13
27864,92,92,0,0
27865,69,72,-3,3
27866,111,106,5,5
27867,106,101,5,5
27868,122,120,2,2
27869,100,86,14,14
27870,62,68,-6,6
27871,77,75,2,2
27872,111,111,0,0
27873,68,76,-8,8
27874,97,95,2,2
27875,118,91,27,27
27876,118,116,2,2
27877,97,106,-9,9
27878,78,82,-4,4
27879,146,142,4,4
27880,99,101,-2,2
27881,76,76,0,0
27882,64,62,2,2
27883,48,55,-7,7
27884,89,90,-1,1
27885,59,63,-4,4
27886,74,79,-5,5
27887,72,80,-8,8
27888,83,82,1,1
27889,83,70,13,13
27890,97,104,-7,7
27891,100,96,4,4
27892,181,179,2,2
27893,37,41,-4,4
27894,64,69,-5,5
27895,84,75,9,9
27896,68,66,2,2
27897,54,57,-3,3
27898,85,84,1,1
27899,75,78,-3,3
27900,98,97,1,1
27901,147,133,14,14
27902,138,132,6,6
27903,61,63,-2,2
27904,83,93,-10,10
27905,158,139,19,19
27906,119,110,9,9
27907,88,83,5,5
27908,119,115,4,4
27909,118,106,12,12
27910,68,70,-2,2
27911,49,56,-7,7
27912,112,105,7,7
27913,113,108,5,5
27914,83,93,-10,10
27915,81,92,-11,11
27916,31,41,-10,10
27917,87,79,8,8
27918,144,134,10,10
27919,133,140,-7,7
27920,137,135,2,2
27921,95,101,-6,6
27922,80,83,-3,3
27923,109,108,1,1
27924,90,100,-10,10
27925,70,72,-2,2
27926,66,75,-9,9
27927,81,74,7,7
27928,156,149,7,7
27929,70,82,-12,12
27930,95,103,-8,8
27931,109,100,9,9
27932,61,109,-48,48
27933,40,44,-4,4
27934,138,143,-5,5
27935,96,92,4,4
27936,53,67,-14,14
27937,85,95,-10,10
27938,137,124,13,13
27939,113,108,5,5
27940,127,124,3,3
27941,77,72,5,5
27942,66,72,-6,6
27943,36,44,-8,8
27944,83,91,-8,8
27945,120,105,15,15
27946,55,65,-10,10
27947,61,72,-11,11
27948,68,68,0,0
27949,93,98,-5,5
27950,173,165,8,8
27951,58,65,-7,7
27952,75,79,-4,4
27953,83,74,9,9
27954,141,146,-5,5
27955,67,70,-3,3
27956,35,46,-11,11
27957,63,71,-8,8
27958,52,58,-6,6
27959,183,169,14,14
27960,52,55,-3,3
27961,72,73,-1,1
27962,77,82,-5,5
27963,61,60,1,1
27964,124,109,15,15
27965,78,83,-5,5
27966,123,121,2,2
27967,122,120,2,2
27968,88,92,-4,4
27969,74,81,-7,7
27970,66,73,-7,7
27971,69,80,-11,11
27972,92,96,-4,4
27973,79,77,2,2
27974,45,69,-24,24
27975,115,116,-1,1
27976,143,140,3,3
27977,99,105,-6,6
27978,129,134,-5,5
27979,103,104,-1,1
27980,90,102,-12,12
27981,88,90,-2,2
27982,123,127,-4,4
27983,175,149,26,26
27984,95,95,0,0
27985,105,106,-1,1
27986,65,72,-7,7
27987,66,62,4,4
27988,137,121,16,16
27989,84,91,-7,7
27990,110,104,6,6
27991,118,106,12,12
27992,114,115,-1,1
27993,97,108,-11,11
27994,90,90,0,0
27995,124,126,-2,2
27996,158,154,4,4
27997,67,93,-26,26
27998,96,93,3,3
27999,97,97,0,0
28000,108,105,3,3
28001,106,104,2,2
28002,56,58,-2,2
28003,69,73,-4,4
28004,41,52,-11,11
28005,67,69,-2,2
28006,172,164,8,8
28007,53,58,-5,5
28008,94,90,4,4
28009,121,115,6,6
28010,97,91,6,6
28011,91,96,-5,5
28012,117,99,18,18
28013,125,140,-15,15
28014,59,64,-5,5
28015,114,105,9,9
28016,87,84,3,3
28017,106,106,0,0
28018,77,82,-5,5
28019,135,116,19,19
28020,145,127,18,18
28021,72,74,-2,2
28022,53,65,-12,12
28023,149,139,10,10
28024,101,105,-4,4
28025,76,62,14,14
28026,87,99,-12,12
28027,73,70,3,3
28028,107,106,1,1
28029,67,70,-3,3
28030,67,76,-9,9
28031,80,84,-4,4
28032,91,93,-2,2
28033,91,88,3,3
28034,104,114,-10,10
28035,66,62,4,4
28036,90,88,2,2
28037,71,84,-13,13
28038,118,102,16,16
28039,87,94,-7,7
28040,68,72,-4,4
28041,114,116,-2,2
28042,117,118,-1,1
28043,130,118,12,12
28044,134,141,-7,7
28045,125,127,-2,2
28046,74,74,0,0
28047,88,90,-2,2
28048,56,72,-16,16
28049,116,115,1,1
28050,145,140,5,5
28051,75,69,6,6
28052,71,90,-19,19
28053,50,57,-7,7
28054,97,99,-2,2
28055,55,54,1,1
28056,52,53,-1,1
28057,154,127,27,27
28058,132,124,8,8
28059,180,159,21,21
28060,68,73,-5,5
28061,86,91,-5,5
28062,147,146,1,1
28063,68,85,-17,17
28064,80,80,0,0
28065,98,93,5,5
28066,109,116,-7,7
28067,88,95,-7,7
28068,78,87,-9,9
28069,86,79,7,7
28070,42,49,-7,7
28071,74,85,-11,11
28072,137,132,5,5
28073,110,107,3,3
28074,76,91,-15,15
28075,64,67,-3,3
28076,150,136,14,14
28077,116,106,10,10
28078,74,81,-7,7
28079,69,70,-1,1
28080,55,55,0,0
28081,114,124,-10,10
28082,178,180,-2,2
28083,78,75,3,3
28084,71,72,-1,1
28085,80,89,-9,9
28086,119,132,-13,13
28087,59,67,-8,8
28088,75,69,6,6
28089,77,93,-16,16
28090,64,76,-12,12
28091,118,108,10,10
28092,141,134,7,7
28093,144,145,-1,1
28094,118,114,4,4
28095,90,76,14,14
28096,96,97,-1,1
28097,107,104,3,3
28098,141,150,-9,9
28099,71,65,6,6
28100,94,86,8,8
28101,196,177,19,19
28102,93,103,-10,10
28103,122,103,19,19
28104,78,82,-4,4
28105,83,103,-20,20
28106,84,81,3,3
28107,65,64,1,1
28108,165,160,5,5
28109,116,125,-9,9
28110,91,78,13,13
28111,69,68,1,1
28112,87,81,6,6
28113,94,103,-9,9
28114,113,108,5,5
28115,169,164,5,5
28116,112,103,9,9
28117,85,91,-6,6
28118,113,106,7,7
28119,145,132,13,13
28120,53,61,-8,8
28121,97,100,-3,3
28122,102,107,-5,5
28123,107,117,-10,10
28124,88,85,3,3
28125,76,76,0,0
28126,46,53,-7,7
28127,83,90,-7,7
28128,99,94,5,5
28129,118,115,3,3
28130,85,80,5,5
28131,112,116,-4,4
28132,120,108,12,12
28133,246,212,34,34
28134,124,111,13,13
28135,64,72,-8,8
28136,118,106,12,12
28137,118,111,7,7
28138,78,82,-4,4
28139,74,83,-9,9
28140,86,84,2,2
28141,90,78,12,12
28142,132,142,-10,10
28143,125,122,3,3
28144,70,71,-1,1
28145,69,69,0,0
28146,119,113,6,6
28147,144,134,10,10
28148,172,160,12,12
28149,83,84,-1,1
28150,99,95,4,4
28151,104,102,2,2
28152,127,120,7,7
28153,78,74,4,4
28154,110,100,10,10
28155,53,58,-5,5
28156,79,87,-8,8
28157,47,47,0,0
28158,123,138,-15,15
28159,132,125,7,7
28160,104,106,-2,2
28161,127,125,2,2
28162,105,94,11,11
28163,65,73,-8,8
28164,100,105,-5,5
28165,192,162,30,30
28166,61,93,-32,32
28167,106,112,-6,6
28168,38,73,-35,35
28169,186,159,27,27
28170,166,147,19,19
28171,122,115,7,7
28172,141,139,2,2
28173,122,128,-6,6
28174,39,63,-24,24
28175,117,117,0,0
28176,128,126,2,2
28177,148,142,6,6
28178,118,114,4,4
28179,96,97,-1,1
28180,72,82,-10,10
28181,76,71,5,5
28182,63,64,-1,1
28183,84,92,-8,8
28184,102,102,0,0
28185,75,76,-1,1
28186,92,95,-3,3
28187,69,68,1,1
28188,94,84,10,10
28189,70,70,0,0
28190,112,104,8,8
28191,87,81,6,6
28192,68,73,-5,5
28193,123,137,-14,14
28194,81,71,10,10
28195,116,129,-13,13
28196,82,90,-8,8
28197,149,134,15,15
28198,60,74,-14,14
28199,59,70,-11,11
28200,110,100,10,10
28201,89,123,-34,34
28202,114,112,2,2
28203,128,118,10,10
28204,57,68,-11,11
28205,77,84,-7,7
28206,85,85,0,0
28207,194,191,3,3
28208,72,90,-18,18
28209,75,83,-8,8
28210,57,85,-28,28
28211,165,152,13,13
28212,99,102,-3,3
28213,84,83,1,1
28214,89,93,-4,4
28215,64,68,-4,4
28216,115,126,-11,11
28217,81,89,-8,8
28218,96,107,-11,11
28219,134,135,-1,1
28220,74,74,0,0
28221,121,137,-16,16
28222,81,94,-13,13
28223,58,62,-4,4
28224,77,72,5,5
28225,97,99,-2,2
28226,66,64,2,2
28227,104,106,-2,2
28228,112,115,-3,3
28229,59,62,-3,3
28230,151,138,13,13
28231,111,104,7,7
28232,133,126,7,7
28233,76,80,-4,4
28234,93,101,-8,8
28235,76,77,-1,1
28236,85,82,3,3
28237,151,148,3,3
28238,76,81,-5,5
28239,79,75,4,4
28240,172,184,-12,12
28241,148,132,16,16
28242,89,93,-4,4
28243,87,80,7,7
28244,128,122,6,6
28245,71,67,4,4
28246,72,71,1,1
28247,77,82,-5,5
28248,100,97,3,3
28249,107,109,-2,2
28250,86,85,1,1
28251,81,74,7,7
28252,93,94,-1,1
28253,56,59,-3,3
28254,138,123,15,15
28255,77,82,-5,5
28256,175,162,13,13
28257,72,74,-2,2
28258,93,95,-2,2
28259,92,91,1,1
28260,104,116,-12,12
28261,132,116,16,16
28262,81,90,-9,9
28263,71,77,-6,6
28264,140,144,-4,4
28265,102,99,3,3
28266,53,58,-5,5
28267,87,94,-7,7
28268,147,137,10,10
28269,93,104,-11,11
28270,65,68,-3,3
28271,154,140,14,14
28272,222,199,23,23
28273,107,101,6,6
28274,81,77,4,4
28275,59,65,-6,6
28276,63,65,-2,2
28277,100,104,-4,4
28278,89,83,6,6
28279,70,70,0,0
28280,90,96,-6,6
28281,135,136,-1,1
28282,112,106,6,6
28283,102,101,1,1
28284,126,128,-2,2
28285,87,93,-6,6
28286,98,97,1,1
28287,128,110,18,18
28288,54,61,-7,7
28289,88,93,-5,5
28290,79,77,2,2
28291,177,162,15,15
28292,110,107,3,3
28293,68,76,-8,8
28294,126,125,1,1
28295,115,110,5,5
28296,105,112,-7,7
28297,86,85,1,1
28298,66,100,-34,34
28299,65,63,2,2
28300,78,91,-13,13
28301,87,87,0,0
28302,108,110,-2,2
28303,46,60,-14,14
28304,106,106,0,0
28305,127,116,11,11
28306,137,134,3,3
28307,84,79,5,5
28308,73,83,-10,10
28309,70,70,0,0
28310,76,75,1,1
28311,84,84,0,0
28312,125,97,28,28
28313,73,78,-5,5
28314,176,168,8,8
28315,97,95,2,2
28316,128,120,8,8
28317,74,76,-2,2
28318,145,133,12,12
28319,93,99,-6,6
28320,70,73,-3,3
28321,67,81,-14,14
28322,84,84,0,0
28323,59,63,-4,4
28324,92,95,-3,3
28325,112,109,3,3
28326,51,56,-5,5
28327,56,59,-3,3
28328,92,96,-4,4
28329,49,59,-10,10
28330,98,104,-6,6
28331,71,77,-6,6
28332,72,76,-4,4
28333,68,80,-12,12
28334,87,96,-9,9
28335,121,116,5,5
28336,94,99,-5,5
28337,76,90,-14,14
28338,112,106,6,6
28339,69,66,3,3
28340,113,112,1,1
28341,129,129,0,0
28342,105,108,-3,3
28343,99,107,-8,8
28344,58,65,-7,7
28345,130,118,12,12
28346,85,84,1,1
28347,73,65,8,8
28348,56,53,3,3
28349,97,105,-8,8
28350,104,109,-5,5
28351,73,75,-2,2
28352,111,105,6,6
28353,73,70,3,3
28354,98,95,3,3
28355,102,106,-4,4
28356,80,76,4,4
28357,47,51,-4,4
28358,102,112,-10,10
28359,76,79,-3,3
28360,69,88,-19,19
28361,85,93,-8,8
28362,111,114,-3,3
28363,34,40,-6,6
28364,137,133,4,4
28365,79,82,-3,3
28366,72,82,-10,10
28367,62,71,-9,9
28368,91,94,-3,3
28369,82,88,-6,6
28370,120,133,-13,13
28371,92,98,-6,6
28372,110,112,-2,2
28373,122,115,7,7
28374,119,116,3,3
28375,183,174,9,9
28376,61,69,-8,8
28377,97,91,6,6
28378,117,117,0,0
28379,71,76,-5,5
28380,100,92,8,8
28381,119,111,8,8
28382,94,85,9,9
28383,94,101,-7,7
28384,97,90,7,7
28385,62,58,4,4
28386,74,79,-5,5
28387,104,106,-2,2
28388,143,143,0,0
28389,74,81,-7,7
28390,126,119,7,7
28391,64,68,-4,4
28392,97,93,4,4
28393,82,82,0,0
28394,56,69,-13,13
28395,98,100,-2,2
28396,139,132,7,7
28397,102,106,-4,4
28398,100,102,-2,2
28399,115,99,16,16
28400,138,120,18,18
28401,39,47,-8,8
28402,132,130,2,2
28403,127,130,-3,3
28404,98,93,5,5
28405,83,73,10,10
28406,106,110,-4,4
28407,161,147,14,14
28408,77,67,10,10
28409,76,92,-16,16
28410,96,94,2,2
28411,107,111,-4,4
28412,85,247,-162,162
28413,79,83,-4,4
28414,102,100,2,2
28415,57,54,3,3
28416,79,84,-5,5
28417,76,90,-14,14
28418,82,91,-9,9
28419,56,59,-3,3
28420,84,83,1,1
28421,110,104,6,6
28422,183,161,22,22
28423,118,125,-7,7
28424,100,98,2,2
28425,109,101,8,8
28426,101,95,6,6
28427,57,66,-9,9
28428,89,107,-18,18
28429,148,132,16,16
28430,202,195,7,7
28431,137,141,-4,4
28432,91,92,-1,1
28433,112,108,4,4
28434,68,71,-3,3
28435,83,83,0,0
28436,72,73,-1,1
28437,79,78,1,1
28438,116,113,3,3
28439,54,59,-5,5
28440,87,93,-6,6
28441,82,90,-8,8
28442,104,100,4,4
28443,126,120,6,6
28444,106,111,-5,5
28445,116,107,9,9
28446,91,97,-6,6
28447,77,74,3,3
28448,123,138,-15,15
28449,145,136,9,9
28450,88,84,4,4
28451,95,107,-12,12
28452,79,91,-12,12
28453,91,99,-8,8
28454,133,126,7,7
28455,165,174,-9,9
28456,61,62,-1,1
28457,63,71,-8,8
28458,120,116,4,4
28459,54,55,-1,1
28460,145,137,8,8
28461,130,128,2,2
28462,68,69,-1,1
28463,55,58,-3,3
28464,90,90,0,0
28465,102,94,8,8
28466,52,56,-4,4
28467,102,104,-2,2
28468,162,157,5,5
28469,85,96,-11,11
28470,81,84,-3,3
28471,57,55,2,2
28472,82,79,3,3
28473,135,99,36,36
28474,43,51,-8,8
28475,82,77,5,5
28476,66,74,-8,8
28477,102,102,0,0
28478,70,73,-3,3
28479,151,142,9,9
28480,127,125,2,2
28481,77,65,12,12
28482,137,127,10,10
28483,83,76,7,7
28484,183,167,16,16
28485,43,45,-2,2
28486,129,129,0,0
28487,58,58,0,0
28488,73,79,-6,6
28489,67,66,1,1
28490,57,65,-8,8
28491,133,144,-11,11
28492,76,82,-6,6
28493,87,90,-3,3
28494,76,79,-3,3
28495,99,91,8,8
28496,95,96,-1,1
28497,56,62,-6,6
28498,146,137,9,9
28499,123,113,10,10
28500,93,115,-22,22
28501,71,76,-5,5
28502,97,95,2,2
28503,122,113,9,9
28504,97,101,-4,4
28505,86,84,2,2
28506,87,92,-5,5
28507,134,118,16,16
28508,99,104,-5,5
28509,135,126,9,9
28510,85,85,0,0
28511,132,129,3,3
28512,54,58,-4,4
28513,77,85,-8,8
28514,63,71,-8,8
28515,138,135,3,3
28516,58,64,-6,6
28517,141,134,7,7
28518,161,153,8,8
28519,105,111,-6,6
28520,107,114,-7,7
28521,153,156,-3,3
28522,90,93,-3,3
28523,147,148,-1,1
28524,92,98,-6,6
28525,34,35,-1,1
28526,90,97,-7,7
28527,50,60,-10,10
28528,83,82,1,1
28529,127,135,-8,8
28530,59,58,1,1
28531,57,67,-10,10
28532,115,115,0,0
28533,91,100,-9,9
28534,143,129,14,14
28535,119,111,8,8
28536,97,103,-6,6
28537,155,148,7,7
28538,128,120,8,8
28539,67,69,-2,2
28540,60,68,-8,8
28541,103,100,3,3
28542,128,118,10,10
28543,100,95,5,5
28544,71,74,-3,3
28545,85,91,-6,6
28546,74,75,-1,1
28547,172,139,33,33
28548,73,73,0,0
28549,51,56,-5,5
28550,76,83,-7,7
28551,110,110,0,0
28552,125,109,16,16
28553,49,61,-12,12
28554,145,131,14,14
28555,81,77,4,4
28556,79,102,-23,23
28557,108,105,3,3
28558,95,95,0,0
28559,66,63,3,3
28560,78,80,-2,2
28561,41,52,-11,11
28562,89,83,6,6
28563,60,67,-7,7
28564,88,83,5,5
28565,54,67,-13,13
28566,112,106,6,6
28567,135,122,13,13
28568,123,123,0,0
28569,76,96,-20,20
28570,82,81,1,1
28571,38,45,-7,7
28572,51,57,-6,6
28573,33,49,-16,16
28574,100,99,1,1
28575,64,74,-10,10
28576,98,102,-4,4
28577,104,97,7,7
28578,108,108,0,0
28579,112,111,1,1
28580,54,63,-9,9
28581,75,77,-2,2
28582,89,99,-10,10
28583,137,125,12,12
28584,66,65,1,1
28585,81,88,-7,7
28586,91,95,-4,4
28587,84,90,-6,6
28588,52,53,-1,1
28589,64,71,-7,7
28590,176,172,4,4
28591,59,67,-8,8
28592,70,69,1,1
28593,69,67,2,2
28594,83,106,-23,23
28595,71,75,-4,4
28596,61,66,-5,5
28597,65,64,1,1
28598,94,111,-17,17
28599,53,56,-3,3
28600,66,61,5,5
28601,93,95,-2,2
28602,66,68,-2,2
28603,75,72,3,3
28604,96,105,-9,9
28605,66,70,-4,4
28606,158,120,38,38
28607,80,73,7,7
28608,67,68,-1,1
28609,67,71,-4,4
28610,79,79,0,0
28611,57,61,-4,4
28612,66,73,-7,7
28613,44,49,-5,5
28614,59,63,-4,4
28615,150,139,11,11
28616,128,122,6,6
28617,74,75,-1,1
28618,38,56,-18,18
28619,51,55,-4,4
28620,123,123,0,0
28621,61,60,1,1
28622,77,69,8,8
28623,61,66,-5,5
28624,94,92,2,2
28625,104,110,-6,6
28626,62,74,-12,12
28627,115,107,8,8
28628,122,106,16,16
28629,96,99,-3,3
28630,84,85,-1,1
28631,119,115,4,4
28632,99,96,3,3
28633,85,90,-5,5
28634,118,110,8,8
28635,144,127,17,17
28636,54,60,-6,6
28637,152,134,18,18
28638,47,57,-10,10
28639,67,66,1,1
28640,81,82,-1,1
28641,125,120,5,5
28642,104,99,5,5
28643,63,73,-10,10
28644,71,65,6,6
28645,56,68,-12,12
28646,144,144,0,0
28647,125,134,-9,9
28648,64,62,2,2
28649,108,98,10,10
28650,87,83,4,4
28651,66,75,-9,9
28652,83,89,-6,6
28653,102,99,3,3
28654,120,120,0,0
28655,114,112,2,2
28656,114,110,4,4
28657,148,144,4,4
28658,100,99,1,1
28659,76,74,2,2
28660,53,62,-9,9
28661,104,106,-2,2
28662,101,107,-6,6
28663,93,97,-4,4
28664,50,52,-2,2
28665,47,54,-7,7
28666,137,133,4,4
28667,109,103,6,6
28668,83,98,-15,15
28669,32,37,-5,5
28670,69,67,2,2
28671,92,93,-1,1
28672,78,84,-6,6
28673,96,111,-15,15
28674,92,90,2,2
28675,53,57,-4,4
28676,144,140,4,4
28677,107,102,5,5
28678,112,108,4,4
28679,72,69,3,3
28680,108,102,6,6
28681,84,81,3,3
28682,54,62,-8,8
28683,82,110,-28,28
28684,98,92,6,6
28685,73,81,-8,8
28686,50,61,-11,11
28687,89,92,-3,3
28688,66,68,-2,2
28689,140,142,-2,2
28690,97,98,-1,1
28691,77,86,-9,9
28692,106,86,20,20
28693,73,77,-4,4
28694,122,116,6,6
28695,80,79,1,1
28696,60,65,-5,5
28697,90,85,5,5
28698,83,91,-8,8
28699,86,91,-5,5
28700,33,37,-4,4
28701,134,128,6,6
28702,117,117,0,0
28703,60,61,-1,1
28704,116,111,5,5
28705,110,116,-6,6
28706,129,126,3,3
28707,88,88,0,0
28708,76,77,-1,1
28709,171,162,9,9
28710,98,86,12,12
28711,100,98,2,2
28712,66,62,4,4
28713,140,129,11,11
28714,101,91,10,10
28715,61,63,-2,2
28716,89,91,-2,2
28717,93,94,-1,1
28718,101,101,0,0
28719,63,74,-11,11
28720,85,92,-7,7
28721,94,101,-7,7
28722,114,132,-18,18
28723,104,110,-6,6
28724,78,79,-1,1
28725,108,122,-14,14
28726,57,61,-4,4
28727,38,39,-1,1
28728,69,77,-8,8
28729,106,106,0,0
28730,77,81,-4,4
28731,235,230,5,5
28732,98,102,-4,4
28733,111,107,4,4
28734,70,93,-23,23
28735,102,101,1,1
28736,92,96,-4,4
28737,67,75,-8,8
28738,83,94,-11,11
28739,71,72,-1,1
28740,92,72,20,20
28741,59,64,-5,5
28742,90,91,-1,1
28743,71,70,1,1
28744,52,63,-11,11
28745,109,95,14,14
28746,105,114,-9,9
28747,79,78,1,1
28748,81,76,5,5
28749,84,91,-7,7
28750,80,75,5,5
28751,56,66,-10,10
28752,84,82,2,2
28753,44,54,-10,10
28754,85,90,-5,5
28755,62,70,-8,8
28756,83,78,5,5
28757,59,75,-16,16
28758,92,88,4,4
28759,99,105,-6,6
28760,131,146,-15,15
28761,58,63,-5,5
28762,164,145,19,19
28763,132,115,17,17
28764,73,71,2,2
28765,82,84,-2,2
28766,57,64,-7,7
28767,97,107,-10,10
28768,26,37,-11,11
28769,107,100,7,7
28770,88,82,6,6
28771,84,88,-4,4
28772,82,87,-5,5
28773,141,144,-3,3
28774,78,78,0,0
28775,146,137,9,9
28776,84,82,2,2
28777,93,91,2,2
28778,74,76,-2,2
28779,139,130,9,9
28780,125,128,-3,3
28781,65,71,-6,6
28782,101,106,-5,5
28783,114,117,-3,3
28784,54,60,-6,6
28785,99,99,0,0
28786,83,80,3,3
28787,128,120,8,8
28788,90,100,-10,10
28789,77,76,1,1
28790,68,63,5,5
28791,78,95,-17,17
28792,76,81,-5,5
28793,85,88,-3,3
28794,106,107,-1,1
28795,207,174,33,33
28796,105,105,0,0
28797,110,115,-5,5
28798,86,81,5,5
28799,166,133,33,33
28800,118,112,6,6
28801,99,99,0,0
28802,80,93,-13,13
28803,27,47,-20,20
28804,125,110,15,15
28805,92,94,-2,2
28806,85,82,3,3
28807,91,99,-8,8
28808,61,62,-1,1
28809,86,84,2,2
28810,50,55,-5,5
28811,101,102,-1,1
28812,79,72,7,7
28813,82,100,-18,18
28814,63,62,1,1
28815,100,96,4,4
28816,103,90,13,13
28817,150,140,10,10
28818,86,80,6,6
28819,72,80,-8,8
28820,54,60,-6,6
28821,136,135,1,1
28822,60,60,0,0
28823,118,110,8,8
28824,64,63,1,1
28825,78,76,2,2
28826,76,71,5,5
28827,145,139,6,6
28828,62,72,-10,10
28829,98,103,-5,5
28830,100,103,-3,3
28831,142,136,6,6
28832,77,92,-15,15
28833,81,96,-15,15
28834,79,82,-3,3
28835,78,76,2,2
28836,84,91,-7,7
28837,63,62,1,1
28838,94,95,-1,1
28839,89,86,3,3
28840,78,83,-5,5
28841,132,137,-5,5
28842,151,143,8,8
28843,156,151,5,5
28844,41,60,-19,19
28845,106,106,0,0
28846,99,101,-2,2
28847,42,50,-8,8
28848,79,74,5,5
28849,60,74,-14,14
28850,136,139,-3,3
28851,130,127,3,3
28852,136,142,-6,6
28853,81,77,4,4
28854,112,107,5,5
28855,60,65,-5,5
28856,93,82,11,11
28857,103,111,-8,8
28858,180,168,12,12
28859,93,92,1,1
28860,172,161,11,11
28861,95,106,-11,11
28862,79,91,-12,12
28863,55,65,-10,10
28864,105,105,0,0
28865,118,110,8,8
28866,111,108,3,3
28867,66,73,-7,7
28868,146,123,23,23
28869,81,113,-32,32
28870,75,74,1,1
28871,79,90,-11,11
28872,64,64,0,0
28873,97,103,-6,6
28874,103,102,1,1
28875,68,74,-6,6
28876,74,82,-8,8
28877,80,74,6,6
28878,90,82,8,8
28879,59,60,-1,1
28880,109,112,-3,3
28881,90,90,0,0
28882,71,81,-10,10
28883,108,107,1,1
28884,83,74,9,9
28885,130,126,4,4
28886,85,94,-9,9
28887,49,62,-13,13
28888,73,73,0,0
28889,104,106,-2,2
28890,131,129,2,2
28891,69,70,-1,1
28892,102,99,3,3
28893,74,74,0,0
28894,58,62,-4,4
28895,167,154,13,13
28896,144,153,-9,9
28897,108,113,-5,5
28898,70,71,-1,1
28899,84,90,-6,6
28900,50,54,-4,4
28901,68,75,-7,7
28902,128,133,-5,5
28903,106,119,-13,13
28904,63,69,-6,6
28905,61,36,25,25
28906,82,78,4,4
28907,100,107,-7,7
28908,92,98,-6,6
28909,75,84,-9,9
28910,132,126,6,6
28911,85,95,-10,10
28912,183,166,17,17
28913,115,107,8,8
28914,125,132,-7,7
28915,99,100,-1,1
28916,102,103,-1,1
28917,125,130,-5,5
28918,75,78,-3,3
28919,173,162,11,11
28920,66,74,-8,8
28921,90,82,8,8
28922,88,92,-4,4
28923,124,122,2,2
28924,70,66,4,4
28925,93,92,1,1
28926,64,62,2,2
28927,60,58,2,2
28928,134,132,2,2
28929,104,100,4,4
28930,44,51,-7,7
28931,109,98,11,11
28932,68,67,1,1
28933,81,83,-2,2
28934,103,104,-1,1
28935,99,103,-4,4
28936,80,82,-2,2
28937,104,106,-2,2
28938,67,74,-7,7
28939,126,117,9,9
28940,53,56,-3,3
28941,135,130,5,5
28942,95,87,8,8
28943,95,104,-9,9
28944,63,70,-7,7
28945,140,122,18,18
28946,71,85,-14,14
28947,79,76,3,3
28948,47,75,-28,28
28949,87,98,-11,11
28950,57,64,-7,7
28951,81,83,-2,2
28952,53,60,-7,7
28953,88,100,-12,12
28954,109,110,-1,1
28955,85,92,-7,7
28956,114,110,4,4
28957,81,89,-8,8
28958,85,99,-14,14
28959,95,101,-6,6
28960,61,73,-12,12
28961,65,68,-3,3
28962,47,61,-14,14
28963,57,59,-2,2
28964,66,76,-10,10
28965,86,94,-8,8
28966,76,77,-1,1
28967,143,131,12,12
28968,79,95,-16,16
28969,87,82,5,5
28970,99,100,-1,1
28971,103,116,-13,13
28972,83,77,6,6
28973,116,112,4,4
28974,128,126,2,2
28975,159,153,6,6
28976,113,104,9,9
28977,124,116,8,8
28978,81,91,-10,10
28979,66,60,6,6
28980,82,69,13,13
28981,58,70,-12,12
28982,101,108,-7,7
28983,67,76,-9,9
28984,97,90,7,7
28985,78,85,-7,7
28986,104,107,-3,3
28987,117,120,-3,3
28988,82,94,-12,12
28989,125,128,-3,3
28990,152,148,4,4
28991,92,100,-8,8
28992,128,117,11,11
28993,68,74,-6,6
28994,101,100,1,1
28995,96,102,-6,6
28996,98,101,-3,3
28997,134,122,12,12
28998,106,112,-6,6
28999,54,60,-6,6
29000,88,96,-8,8
29001,66,66,0,0
29002,99,102,-3,3
29003,82,85,-3,3
29004,118,118,0,0
29005,66,67,-1,1
29006,96,95,1,1
29007,139,136,3,3
29008,25,34,-9,9
29009,123,113,10,10
29010,130,118,12,12
29011,92,92,0,0
29012,80,74,6,6
29013,67,65,2,2
29014,71,71,0,0
29015,92,96,-4,4
29016,113,102,11,11
29017,67,81,-14,14
29018,58,63,-5,5
29019,39,89,-50,50
29020,78,87,-9,9
29021,113,100,13,13
29022,50,54,-4,4
29023,66,65,1,1
29024,88,92,-4,4
29025,88,100,-12,12
29026,131,122,9,9
29027,64,82,-18,18
29028,91,92,-1,1
29029,101,95,6,6
29030,110,106,4,4
29031,56,65,-9,9
29032,77,80,-3,3
29033,129,125,4,4
29034,91,103,-12,12
29035,97,102,-5,5
29036,98,101,-3,3
29037,75,81,-6,6
29038,109,95,14,14
29039,64,75,-11,11
29040,71,75,-4,4
29041,54,59,-5,5
29042,59,68,-9,9
29043,145,137,8,8
29044,86,78,8,8
29045,56,59,-3,3
29046,79,92,-13,13
29047,114,116,-2,2
29048,65,75,-10,10
29049,104,99,5,5
29050,61,71,-10,10
29051,155,153,2,2
29052,106,106,0,0
29053,48,63,-15,15
29054,173,141,32,32
29055,31,47,-16,16
29056,87,93,-6,6
29057,147,142,5,5
29058,79,80,-1,1
29059,92,104,-12,12
29060,100,95,5,5
29061,118,127,-9,9
29062,83,84,-1,1
29063,72,75,-3,3
29064,101,98,3,3
29065,83,91,-8,8
29066,94,96,-2,2
29067,103,107,-4,4
29068,73,76,-3,3
29069,179,168,11,11
29070,115,105,10,10
29071,85,80,5,5
29072,101,100,1,1
29073,130,130,0,0
29074,155,158,-3,3
29075,65,66,-1,1
29076,116,120,-4,4
29077,71,72,-1,1
29078,78,84,-6,6
29079,129,127,2,2
29080,78,75,3,3
29081,141,130,11,11
29082,139,125,14,14
29083,90,87,3,3
29084,174,162,12,12
29085,92,93,-1,1
29086,76,78,-2,2
29087,40,51,-11,11
29088,36,37,-1,1
29089,78,79,-1,1
29090,89,100,-11,11
29091,63,72,-9,9
29092,79,76,3,3
29093,127,115,12,12
29094,61,70,-9,9
29095,118,77,41,41
29096,112,103,9,9
29097,131,125,6,6
29098,78,78,0,0
29099,95,94,1,1
29100,75,74,1,1
29101,170,163,7,7
29102,97,104,-7,7
29103,62,67,-5,5
29104,130,117,13,13
29105,116,133,-17,17
29106,72,82,-10,10
29107,89,85,4,4
29108,95,103,-8,8
29109,82,84,-2,2
29110,54,65,-11,11
29111,102,102,0,0
29112,106,103,3,3
29113,138,127,11,11
29114,90,94,-4,4
29115,53,65,-12,12
29116,111,99,12,12
29117,91,91,0,0
29118,84,93,-9,9
29119,116,106,10,10
29120,119,114,5,5
29121,82,86,-4,4
29122,102,97,5,5
29123,64,70,-6,6
29124,40,57,-17,17
29125,104,107,-3,3
29126,73,74,-1,1
29127,92,94,-2,2
29128,127,112,15,15
29129,155,144,11,11
29130,82,83,-1,1
29131,86,90,-4,4
29132,61,59,2,2
29133,136,128,8,8
29134,123,132,-9,9
29135,40,54,-14,14
29136,103,99,4,4
29137,145,143,2,2
29138,92,99,-7,7
29139,60,82,-22,22
29140,71,71,0,0
29141,63,69,-6,6
29142,51,59,-8,8
29143,92,94,-2,2
29144,48,55,-7,7
29145,66,53,13,13
29146,165,147,18,18
29147,114,107,7,7
29148,48,55,-7,7
29149,121,110,11,11
29150,134,129,5,5
29151,68,68,0,0
29152,34,53,-19,19
29153,68,70,-2,2
29154,72,76,-4,4
29155,63,68,-5,5
29156,59,69,-10,10
29157,94,100,-6,6
29158,59,62,-3,3
29159,77,91,-14,14
29160,119,112,7,7
29161,134,132,2,2
29162,120,120,0,0
29163,90,85,5,5
29164,79,81,-2,2
29165,70,71,-1,1
29166,103,102,1,1
29167,111,101,10,10
29168,62,67,-5,5
29169,139,121,18,18
29170,138,138,0,0
29171,213,211,2,2
29172,73,77,-4,4
29173,116,113,3,3
29174,135,132,3,3
29175,77,75,2,2
29176,89,83,6,6
29177,40,40,0,0
29178,82,81,1,1
29179,101,107,-6,6
29180,81,97,-16,16
29181,159,150,9,9
29182,89,95,-6,6
29183,74,84,-10,10
29184,106,105,1,1
29185,53,65,-12,12
29186,98,115,-17,17
29187,96,93,3,3
29188,116,121,-5,5
29189,68,72,-4,4
29190,74,78,-4,4
29191,167,165,2,2
29192,90,101,-11,11
29193,106,104,2,2
29194,62,60,2,2
29195,46,51,-5,5
29196,68,79,-11,11
29197,73,75,-2,2
29198,78,82,-4,4
29199,58,61,-3,3
29200,129,124,5,5
29201,79,93,-14,14
29202,92,90,2,2
29203,34,50,-16,16
29204,81,57,24,24
29205,73,71,2,2
29206,171,167,4,4
29207,90,103,-13,13
29208,70,83,-13,13
29209,199,194,5,5
29210,68,68,0,0
29211,161,156,5,5
29212,46,45,1,1
29213,61,67,-6,6
29214,112,109,3,3
29215,133,121,12,12
29216,91,83,8,8
29217,80,92,-12,12
29218,160,128,32,32
29219,90,91,-1,1
29220,103,98,5,5
29221,87,79,8,8
29222,148,136,12,12
29223,183,123,60,60
29224,87,90,-3,3
29225,161,146,15,15
29226,80,77,3,3
29227,128,131,-3,3
29228,123,118,5,5
29229,159,145,14,14
29230,48,51,-3,3
29231,77,82,-5,5
29232,87,91,-4,4
29233,53,51,2,2
29234,118,113,5,5
29235,89,69,20,20
29236,76,81,-5,5
29237,145,130,15,15
29238,125,109,16,16
29239,97,107,-10,10
29240,49,59,-10,10
29241,62,81,-19,19
29242,81,87,-6,6
29243,136,136,0,0
29244,100,105,-5,5
29245,187,192,-5,5
29246,105,111,-6,6
29247,176,152,24,24
29248,113,110,3,3
29249,115,115,0,0
29250,86,94,-8,8
29251,120,108,12,12
29252,74,82,-8,8
29253,86,98,-12,12
29254,99,107,-8,8
29255,70,70,0,0
29256,109,116,-7,7
29257,110,105,5,5
29258,102,103,-1,1
29259,156,148,8,8
29260,107,109,-2,2
29261,53,60,-7,7
29262,121,115,6,6
29263,97,100,-3,3
29264,103,113,-10,10
29265,66,67,-1,1
29266,108,128,-20,20
29267,59,67,-8,8
29268,64,73,-9,9
29269,70,74,-4,4
29270,86,83,3,3
29271,118,109,9,9
29272,61,69,-8,8
29273,120,111,9,9
29274,112,108,4,4
29275,176,150,26,26
29276,61,67,-6,6
29277,89,103,-14,14
29278,115,102,13,13
29279,112,102,10,10
29280,110,106,4,4
29281,92,93,-1,1
29282,124,112,12,12
29283,60,63,-3,3
29284,70,69,1,1
29285,98,93,5,5
29286,77,83,-6,6
29287,60,59,1,1
29288,149,144,5,5
29289,135,126,9,9
29290,71,73,-2,2
29291,47,60,-13,13
29292,141,127,14,14
29293,76,85,-9,9
29294,85,82,3,3
29295,66,71,-5,5
29296,86,91,-5,5
29297,144,137,7,7
29298,74,81,-7,7
29299,181,166,15,15
29300,79,84,-5,5
29301,106,101,5,5
29302,138,125,13,13
29303,91,74,17,17
29304,76,75,1,1
29305,140,129,11,11
29306,77,81,-4,4
29307,54,66,-12,12
29308,71,74,-3,3
29309,110,100,10,10
29310,90,88,2,2
29311,116,118,-2,2
29312,83,84,-1,1
29313,59,68,-9,9
29314,92,95,-3,3
29315,144,135,9,9
29316,67,61,6,6
29317,105,104,1,1
29318,62,64,-2,2
29319,136,125,11,11
29320,111,112,-1,1
29321,64,74,-10,10
29322,73,67,6,6
29323,86,94,-8,8
29324,84,85,-1,1
29325,74,79,-5,5
29326,135,130,5,5
29327,119,114,5,5
29328,83,91,-8,8
29329,102,103,-1,1
29330,84,93,-9,9
29331,66,117,-51,51
29332,47,50,-3,3
29333,97,95,2,2
29334,106,105,1,1
29335,75,75,0,0
29336,108,117,-9,9
29337,154,146,8,8
29338,91,86,5,5
29339,75,84,-9,9
29340,155,139,16,16
29341,75,91,-16,16
29342,211,184,27,27
29343,69,68,1,1
29344,52,60,-8,8
29345,84,71,13,13
29346,89,95,-6,6
29347,79,81,-2,2
29348,78,82,-4,4
29349,90,86,4,4
29350,305,255,50,50
29351,83,90,-7,7
29352,193,186,7,7
29353,124,127,-3,3
29354,46,51,-5,5
29355,85,80,5,5
29356,84,91,-7,7
29357,98,99,-1,1
29358,72,79,-7,7
29359,60,67,-7,7
29360,102,103,-1,1
29361,92,90,2,2
29362,102,103,-1,1
29363,74,89,-15,15
29364,114,105,9,9
29365,86,96,-10,10
29366,114,113,1,1
29367,151,161,-10,10
29368,91,91,0,0
29369,78,71,7,7
29370,153,144,9,9
29371,80,97,-17,17
29372,108,110,-2,2
29373,88,81,7,7
29374,153,138,15,15
29375,71,83,-12,12
29376,95,101,-6,6
29377,127,119,8,8
29378,139,140,-1,1
29379,46,53,-7,7
29380,124,119,5,5
29381,93,100,-7,7
29382,114,106,8,8
29383,93,91,2,2
29384,67,68,-1,1
29385,110,107,3,3
29386,63,69,-6,6
29387,70,67,3,3
29388,87,90,-3,3
29389,122,116,6,6
29390,107,112,-5,5
29391,153,146,7,7
29392,94,98,-4,4
29393,101,103,-2,2
29394,78,84,-6,6
29395,82,95,-13,13
29396,88,91,-3,3
29397,94,91,3,3
29398,37,55,-18,18
29399,67,70,-3,3
29400,85,85,0,0
29401,105,95,10,10
29402,40,58,-18,18
29403,194,178,16,16
29404,123,124,-1,1
29405,87,83,4,4
29406,102,102,0,0
29407,145,135,10,10
29408,68,68,0,0
29409,159,142,17,17
29410,82,85,-3,3
29411,83,74,9,9
29412,82,76,6,6
29413,69,67,2,2
29414,103,105,-2,2
29415,105,108,-3,3
29416,100,112,-12,12
29417,55,56,-1,1
29418,80,83,-3,3
29419,73,81,-8,8
29420,51,44,7,7
29421,124,118,6,6
29422,52,58,-6,6
29423,115,133,-18,18
29424,116,109,7,7
29425,101,104,-3,3
29426,63,56,7,7
29427,52,60,-8,8
29428,84,81,3,3
29429,142,136,6,6
29430,71,77,-6,6
29431,82,98,-16,16
29432,85,96,-11,11
29433,74,75,-1,1
29434,61,57,4,4
29435,107,114,-7,7
29436,98,102,-4,4
29437,80,84,-4,4
29438,69,77,-8,8
29439,64,70,-6,6
29440,137,128,9,9
29441,77,75,2,2
29442,94,107,-13,13
29443,86,84,2,2
29444,60,67,-7,7
29445,54,67,-13,13
29446,62,66,-4,4
29447,86,96,-10,10
29448,60,61,-1,1
29449,64,67,-3,3
29450,91,94,-3,3
29451,71,71,0,0
29452,78,90,-12,12
29453,104,102,2,2
29454,103,104,-1,1
29455,167,166,1,1
29456,129,110,19,19
29457,125,154,-29,29
29458,108,111,-3,3
29459,77,78,-1,1
29460,121,127,-6,6
29461,77,76,1,1
29462,61,70,-9,9
29463,67,69,-2,2
29464,96,95,1,1
29465,113,121,-8,8
29466,70,71,-1,1
29467,79,76,3,3
29468,91,95,-4,4
29469,86,99,-13,13
29470,74,73,1,1
29471,78,85,-7,7
29472,117,100,17,17
29473,82,73,9,9
29474,79,84,-5,5
29475,138,150,-12,12
29476,92,91,1,1
29477,69,71,-2,2
29478,81,91,-10,10
29479,73,81,-8,8
29480,100,103,-3,3
29481,51,51,0,0
29482,60,65,-5,5
29483,109,105,4,4
29484,131,129,2,2
29485,71,74,-3,3
29486,77,91,-14,14
29487,97,107,-10,10
29488,69,73,-4,4
29489,124,120,4,4
29490,69,72,-3,3
29491,131,125,6,6
29492,87,94,-7,7
29493,178,174,4,4
29494,111,108,3,3
29495,122,109,13,13
29496,155,139,16,16
29497,136,115,21,21
29498,113,120,-7,7
29499,64,72,-8,8
29500,111,109,2,2
29501,94,100,-6,6
29502,58,66,-8,8
29503,89,83,6,6
29504,82,78,4,4
29505,87,98,-11,11
29506,50,64,-14,14
29507,79,78,1,1
29508,140,126,14,14
29509,134,187,-53,53
29510,119,109,10,10
29511,140,138,2,2
29512,119,119,0,0
29513,52,61,-9,9
29514,124,133,-9,9
29515,131,107,24,24
29516,45,52,-7,7
29517,70,71,-1,1
29518,99,101,-2,2
29519,82,80,2,2
29520,73,71,2,2
29521,120,130,-10,10
29522,107,110,-3,3
29523,88,91,-3,3
29524,82,83,-1,1
29525,59,62,-3,3
29526,90,102,-12,12
29527,56,70,-14,14
29528,113,116,-3,3
29529,78,70,8,8
29530,61,72,-11,11
29531,89,92,-3,3
29532,44,55,-11,11
29533,62,63,-1,1
29534,111,112,-1,1
29535,75,80,-5,5
29536,74,76,-2,2
29537,79,74,5,5
29538,89,93,-4,4
29539,94,99,-5,5
29540,116,107,9,9
29541,120,109,11,11
29542,180,166,14,14
29543,48,50,-2,2
29544,85,90,-5,5
29545,112,104,8,8
29546,114,101,13,13
29547,78,80,-2,2
29548,111,123,-12,12
29549,71,75,-4,4
29550,64,72,-8,8
29551,47,51,-4,4
29552,85,94,-9,9
29553,90,101,-11,11
29554,137,122,15,15
29555,138,137,1,1
29556,64,61,3,3
29557,78,77,1,1
29558,42,44,-2,2
29559,98,102,-4,4
29560,59,56,3,3
29561,76,90,-14,14
29562,106,102,4,4
29563,33,37,-4,4
29564,121,121,0,0
29565,108,99,9,9
29566,76,82,-6,6
29567,64,65,-1,1
29568,73,67,6,6
29569,112,107,5,5
29570,105,102,3,3
29571,59,71,-12,12
29572,205,173,32,32
29573,78,90,-12,12
29574,79,93,-14,14
29575,123,123,0,0
29576,83,86,-3,3
29577,115,115,0,0
29578,75,75,0,0
29579,86,92,-6,6
29580,111,124,-13,13
29581,82,107,-25,25
29582,157,154,3,3
29583,58,63,-5,5
29584,101,102,-1,1
29585,99,102,-3,3
29586,96,99,-3,3
29587,133,141,-8,8
29588,93,97,-4,4
29589,79,74,5,5
29590,87,74,13,13
29591,101,107,-6,6
29592,73,76,-3,3
29593,76,77,-1,1
29594,110,102,8,8
29595,100,100,0,0
29596,87,93,-6,6
29597,126,127,-1,1
29598,81,76,5,5
29599,70,83,-13,13
29600,139,138,1,1
29601,74,75,-1,1
29602,147,123,24,24
29603,92,87,5,5
29604,133,113,20,20
29605,87,90,-3,3
29606,96,102,-6,6
29607,70,100,-30,30
29608,75,83,-8,8
29609,121,116,5,5
29610,88,92,-4,4
29611,96,101,-5,5
29612,196,131,65,65
29613,90,96,-6,6
29614,110,107,3,3
29615,59,59,0,0
29616,131,124,7,7
29617,56,59,-3,3
29618,98,104,-6,6
29619,94,94,0,0
29620,73,82,-9,9
29621,52,51,1,1
29622,97,91,6,6
29623,119,112,7,7
29624,94,85,9,9
29625,144,134,10,10
29626,128,118,10,10
29627,81,76,5,5
29628,101,97,4,4
29629,138,130,8,8
29630,68,70,-2,2
29631,124,107,17,17
29632,61,78,-17,17
29633,118,106,12,12
29634,69,76,-7,7
29635,84,91,-7,7
29636,175,158,17,17
29637,54,59,-5,5
29638,72,84,-12,12
29639,82,78,4,4
29640,102,96,6,6
29641,107,105,2,2
29642,110,109,1,1
29643,128,121,7,7
29644,132,134,-2,2
29645,80,78,2,2
29646,60,67,-7,7
29647,54,60,-6,6
29648,89,98,-9,9
29649,90,98,-8,8
29650,62,86,-24,24
29651,64,82,-18,18
29652,74,70,4,4
29653,123,204,-81,81
29654,77,81,-4,4
29655,79,76,3,3
29656,88,91,-3,3
29657,77,87,-10,10
29658,96,103,-7,7
29659,80,83,-3,3
29660,104,103,1,1
29661,46,53,-7,7
29662,70,80,-10,10
29663,93,103,-10,10
29664,103,102,1,1
29665,117,107,10,10
29666,80,86,-6,6
29667,93,91,2,2
29668,88,94,-6,6
29669,101,101,0,0
29670,69,73,-4,4
29671,97,98,-1,1
29672,56,59,-3,3
29673,101,100,1,1
29674,122,117,5,5
29675,95,100,-5,5
29676,113,109,4,4
29677,150,131,19,19
29678,164,165,-1,1
29679,87,91,-4,4
29680,128,122,6,6
29681,66,68,-2,2
29682,68,63,5,5
29683,120,114,6,6
29684,151,149,2,2
29685,72,67,5,5
29686,89,97,-8,8
29687,231,210,21,21
29688,49,67,-18,18
29689,68,68,0,0
29690,81,80,1,1
29691,96,97,-1,1
29692,123,111,12,12
29693,88,89,-1,1
29694,188,178,10,10
29695,78,72,6,6
29696,78,82,-4,4
29697,105,110,-5,5
29698,102,100,2,2
29699,74,84,-10,10
29700,74,83,-9,9
29701,63,67,-4,4
29702,106,105,1,1
29703,90,91,-1,1
29704,100,99,1,1
29705,106,104,2,2
29706,74,78,-4,4
29707,75,82,-7,7
29708,119,129,-10,10
29709,115,114,1,1
29710,125,112,13,13
29711,106,105,1,1
29712,113,115,-2,2
29713,81,82,-1,1
29714,84,82,2,2
29715,79,91,-12,12
29716,129,121,8,8
29717,55,57,-2,2
29718,99,104,-5,5
29719,88,98,-10,10
29720,129,112,17,17
29721,92,96,-4,4
29722,113,112,1,1
29723,67,66,1,1
29724,96,108,-12,12
29725,64,73,-9,9
29726,132,142,-10,10
29727,172,153,19,19
29728,104,107,-3,3
29729,83,78,5,5
29730,70,87,-17,17
29731,104,102,2,2
29732,78,73,5,5
29733,66,85,-19,19
29734,81,83,-2,2
29735,63,70,-7,7
29736,74,81,-7,7
29737,109,96,13,13
29738,70,73,-3,3
29739,91,84,7,7
29740,95,99,-4,4
29741,76,84,-8,8
29742,68,69,-1,1
29743,92,92,0,0
29744,65,69,-4,4
29745,36,45,-9,9
29746,105,107,-2,2
29747,110,108,2,2
29748,121,116,5,5
29749,49,50,-1,1
29750,98,85,13,13
29751,117,111,6,6
29752,52,101,-49,49
29753,84,90,-6,6
29754,148,140,8,8
29755,63,64,-1,1
29756,63,73,-10,10
29757,92,101,-9,9
29758,85,83,2,2
29759,93,95,-2,2
29760,88,77,11,11
29761,80,85,-5,5
29762,83,86,-3,3
29763,61,69,-8,8
29764,76,76,0,0
29765,81,92,-11,11
29766,75,70,5,5
29767,61,58,3,3
29768,110,107,3,3
29769,91,90,1,1
29770,63,60,3,3
29771,126,127,-1,1
29772,102,94,8,8
29773,102,99,3,3
29774,107,103,4,4
29775,49,56,-7,7
29776,71,81,-10,10
29777,70,89,-19,19
29778,94,97,-3,3
29779,201,192,9,9
29780,80,85,-5,5
29781,62,61,1,1
29782,97,97,0,0
29783,77,81,-4,4
29784,74,81,-7,7
29785,55,64,-9,9
29786,88,86,2,2
29787,27,46,-19,19
29788,64,64,0,0
29789,95,107,-12,12
29790,74,79,-5,5
29791,99,106,-7,7
29792,68,69,-1,1
29793,65,70,-5,5
29794,97,105,-8,8
29795,73,73,0,0
29796,88,95,-7,7
29797,121,130,-9,9
29798,102,96,6,6
29799,101,107,-6,6
29800,78,85,-7,7
29801,156,144,12,12
29802,76,89,-13,13
29803,66,66,0,0
29804,91,103,-12,12
29805,82,76,6,6
29806,150,147,3,3
29807,46,52,-6,6
29808,164,159,5,5
29809,134,130,4,4
29810,124,123,1,1
29811,75,76,-1,1
29812,64,73,-9,9
29813,207,191,16,16
29814,125,130,-5,5
29815,143,128,15,15
29816,79,75,4,4
29817,62,66,-4,4
29818,149,150,-1,1
29819,136,129,7,7
29820,48,54,-6,6
29821,117,107,10,10
29822,50,59,-9,9
29823,88,90,-2,2
29824,62,68,-6,6
29825,37,46,-9,9
29826,142,127,15,15
29827,59,62,-3,3
29828,123,118,5,5
29829,78,79,-1,1
29830,117,110,7,7
29831,84,92,-8,8
29832,191,170,21,21
29833,176,156,20,20
29834,68,59,9,9
29835,58,60,-2,2
29836,74,77,-3,3
29837,166,159,7,7
29838,178,169,9,9
29839,102,104,-2,2
29840,106,103,3,3
29841,121,118,3,3
29842,157,152,5,5
29843,60,60,0,0
29844,116,114,2,2
29845,133,128,5,5
29846,50,54,-4,4
29847,90,92,-2,2
29848,138,125,13,13
29849,216,202,14,14
29850,114,111,3,3
29851,107,106,1,1
29852,68,67,1,1
29853,52,63,-11,11
29854,139,128,11,11
29855,98,91,7,7
29856,143,133,10,10
29857,97,92,5,5
29858,80,90,-10,10
29859,60,58,2,2
29860,104,103,1,1
29861,102,108,-6,6
29862,155,148,7,7
29863,157,145,12,12
29864,122,105,17,17
29865,89,92,-3,3
29866,68,71,-3,3
29867,68,71,-3,3
29868,102,106,-4,4
29869,107,113,-6,6
29870,62,64,-2,2
29871,145,150,-5,5
29872,92,95,-3,3
29873,113,106,7,7
29874,72,70,2,2
29875,67,70,-3,3
29876,86,91,-5,5
29877,78,87,-9,9
29878,94,99,-5,5
29879,103,92,11,11
29880,145,149,-4,4
29881,74,84,-10,10
29882,128,134,-6,6
29883,146,124,22,22
29884,54,60,-6,6
29885,162,148,14,14
29886,150,150,0,0
29887,57,67,-10,10
29888,118,119,-1,1
29889,37,48,-11,11
29890,121,112,9,9
29891,130,116,14,14
29892,62,69,-7,7
29893,66,70,-4,4
29894,119,100,19,19
29895,120,109,11,11
29896,100,106,-6,6
29897,121,126,-5,5
29898,85,96,-11,11
29899,99,99,0,0
29900,63,72,-9,9
29901,98,92,6,6
29902,62,65,-3,3
29903,78,81,-3,3
29904,61,62,-1,1
29905,110,102,8,8
29906,90,94,-4,4
29907,125,101,24,24
29908,59,58,1,1
29909,83,81,2,2
29910,103,113,-10,10
29911,66,69,-3,3
29912,131,132,-1,1
29913,72,79,-7,7
29914,56,65,-9,9
29915,110,112,-2,2
29916,72,76,-4,4
29917,120,124,-4,4
29918,82,91,-9,9
29919,79,85,-6,6
29920,169,157,12,12
29921,140,146,-6,6
29922,139,140,-1,1
29923,53,62,-9,9
29924,93,103,-10,10
29925,95,92,3,3
29926,91,92,-1,1
29927,96,92,4,4
29928,115,115,0,0
29929,80,73,7,7
29930,61,67,-6,6
29931,125,131,-6,6
29932,79,75,4,4
29933,113,106,7,7
29934,113,116,-3,3
29935,79,82,-3,3
29936,143,131,12,12
29937,69,91,-22,22
29938,71,101,-30,30
29939,67,71,-4,4
29940,53,56,-3,3
29941,132,138,-6,6
29942,129,123,6,6
29943,85,84,1,1
29944,107,106,1,1
29945,143,135,8,8
29946,57,52,5,5
29947,99,98,1,1
29948,54,63,-9,9
29949,102,108,-6,6
29950,64,68,-4,4
29951,86,98,-12,12
29952,88,91,-3,3
29953,170,152,18,18
29954,71,77,-6,6
29955,127,118,9,9
29956,61,66,-5,5
29957,63,71,-8,8
29958,46,56,-10,10
29959,78,75,3,3
29960,85,94,-9,9
29961,86,77,9,9
29962,91,85,6,6
29963,75,73,2,2
29964,75,78,-3,3
29965,73,100,-27,27
29966,74,73,1,1
29967,69,78,-9,9
29968,77,73,4,4
29969,119,119,0,0
29970,77,91,-14,14
29971,143,140,3,3
29972,132,135,-3,3
29973,89,96,-7,7
29974,60,63,-3,3
29975,131,137,-6,6
29976,83,82,1,1
29977,80,75,5,5
29978,92,91,1,1
29979,187,184,3,3
29980,128,122,6,6
29981,151,143,8,8
29982,44,48,-4,4
29983,83,88,-5,5
29984,78,75,3,3
29985,81,84,-3,3
29986,73,75,-2,2
29987,138,138,0,0
29988,45,49,-4,4
29989,58,66,-8,8
29990,105,106,-1,1
29991,103,100,3,3
29992,91,92,-1,1
29993,48,57,-9,9
29994,74,82,-8,8
29995,104,94,10,10
29996,69,74,-5,5
29997,62,68,-6,6
29998,140,154,-14,14
29999,129,147,-18,18
30000,98,95,3,3
30001,99,98,1,1
30002,71,72,-1,1
30003,149,156,-7,7
30004,101,106,-5,5
30005,114,125,-11,11
30006,181,168,13,13
30007,112,124,-12,12
30008,112,108,4,4
30009,95,97,-2,2
30010,133,129,4,4
30011,168,150,18,18
30012,24,45,-21,21
30013,119,114,5,5
30014,102,102,0,0
30015,84,82,2,2
30016,134,126,8,8
30017,69,66,3,3
30018,66,64,2,2
30019,74,71,3,3
30020,113,110,3,3
30021,64,72,-8,8
30022,79,77,2,2
30023,103,90,13,13
30024,107,107,0,0
30025,66,75,-9,9
30026,88,91,-3,3
30027,158,160,-2,2
30028,123,112,11,11
30029,73,83,-10,10
30030,105,104,1,1
30031,65,71,-6,6
30032,119,123,-4,4
30033,68,68,0,0
30034,64,65,-1,1
30035,74,75,-1,1
30036,23,21,2,2
30037,97,100,-3,3
30038,124,116,8,8
30039,72,75,-3,3
30040,132,125,7,7
30041,42,59,-17,17
30042,121,112,9,9
30043,89,85,4,4
30044,113,106,7,7
30045,114,108,6,6
30046,57,60,-3,3
30047,63,67,-4,4
30048,121,119,2,2
30049,144,131,13,13
30050,118,120,-2,2
30051,64,66,-2,2
30052,121,117,4,4
30053,135,128,7,7
30054,80,88,-8,8
30055,110,106,4,4
30056,100,101,-1,1
30057,94,102,-8,8
30058,83,82,1,1
30059,87,93,-6,6
30060,67,71,-4,4
30061,95,104,-9,9
30062,88,84,4,4
30063,93,98,-5,5
30064,91,81,10,10
30065,133,122,11,11
30066,77,97,-20,20
30067,106,109,-3,3
30068,53,62,-9,9
30069,89,97,-8,8
30070,154,127,27,27
30071,98,104,-6,6
30072,54,59,-5,5
30073,79,84,-5,5
30074,115,111,4,4
30075,135,132,3,3
30076,81,81,0,0
30077,56,65,-9,9
30078,54,67,-13,13
30079,73,68,5,5
30080,80,89,-9,9
30081,114,106,8,8
30082,170,171,-1,1
30083,124,119,5,5
30084,63,65,-2,2
30085,93,108,-15,15
30086,77,77,0,0
30087,178,169,9,9
30088,67,66,1,1
30089,72,64,8,8
30090,60,63,-3,3
30091,64,69,-5,5
30092,85,84,1,1
30093,158,148,10,10
30094,124,111,13,13
30095,70,115,-45,45
30096,61,70,-9,9
30097,110,117,-7,7
30098,94,103,-9,9
30099,161,148,13,13
30100,98,100,-2,2
30101,165,150,15,15
30102,82,91,-9,9
30103,102,108,-6,6
30104,105,104,1,1
30105,85,98,-13,13
30106,106,108,-2,2
30107,91,86,5,5
30108,86,93,-7,7
30109,44,48,-4,4
30110,96,102,-6,6
30111,114,106,8,8
30112,83,84,-1,1
30113,24,32,-8,8
30114,75,84,-9,9
30115,140,146,-6,6
30116,46,51,-5,5
30117,80,77,3,3
30118,82,102,-20,20
30119,125,120,5,5
30120,56,63,-7,7
30121,76,78,-2,2
30122,44,49,-5,5
30123,102,94,8,8
30124,146,142,4,4
30125,46,51,-5,5
30126,80,84,-4,4
30127,117,120,-3,3
30128,85,74,11,11
30129,60,61,-1,1
30130,81,93,-12,12
30131,42,42,0,0
30132,79,92,-13,13
30133,98,93,5,5
30134,110,107,3,3
30135,74,74,0,0
30136,54,57,-3,3
30137,113,117,-4,4
30138,78,93,-15,15
30139,52,53,-1,1
30140,449,442,7,7
30141,121,119,2,2
30142,68,70,-2,2
30143,35,45,-10,10
30144,36,43,-7,7
30145,81,91,-10,10
30146,155,148,7,7
30147,207,187,20,20
30148,105,111,-6,6
30149,66,75,-9,9
30150,105,95,10,10
30151,63,62,1,1
30152,97,95,2,2
30153,114,105,9,9
30154,69,71,-2,2
30155,181,173,8,8
30156,58,67,-9,9
30157,56,65,-9,9
30158,41,46,-5,5
30159,61,69,-8,8
30160,108,118,-10,10
30161,113,104,9,9
30162,46,43,3,3
30163,85,82,3,3
30164,109,113,-4,4
30165,144,143,1,1
30166,45,79,-34,34
30167,56,56,0,0
30168,71,69,2,2
30169,83,75,8,8
30170,72,78,-6,6
30171,92,87,5,5
30172,97,112,-15,15
30173,52,64,-12,12
30174,135,138,-3,3
30175,69,73,-4,4
30176,88,94,-6,6
30177,79,75,4,4
30178,74,74,0,0
30179,74,80,-6,6
30180,102,109,-7,7
30181,154,134,20,20
30182,225,213,12,12
30183,98,106,-8,8
30184,77,82,-5,5
30185,164,145,19,19
30186,144,112,32,32
30187,75,75,0,0
30188,142,146,-4,4
30189,115,114,1,1
30190,81,84,-3,3
30191,103,108,-5,5
30192,94,102,-8,8
30193,76,97,-21,21
30194,50,55,-5,5
30195,108,123,-15,15
30196,146,134,12,12
30197,90,94,-4,4
30198,129,125,4,4
30199,74,84,-10,10
30200,105,101,4,4
30201,91,94,-3,3
30202,121,125,-4,4
30203,109,98,11,11
30204,85,101,-16,16
30205,111,119,-8,8
30206,136,128,8,8
30207,74,75,-1,1
30208,89,103,-14,14
30209,102,100,2,2
30210,63,62,1,1
30211,113,116,-3,3
30212,92,82,10,10
30213,87,95,-8,8
30214,98,96,2,2
30215,111,112,-1,1
30216,116,105,11,11
30217,133,139,-6,6
30218,160,152,8,8
30219,86,90,-4,4
30220,132,131,1,1
30221,110,108,2,2
30222,53,58,-5,5
30223,95,100,-5,5
30224,88,92,-4,4
30225,56,61,-5,5
30226,75,82,-7,7
30227,76,77,-1,1
30228,47,52,-5,5
30229,96,94,2,2
30230,39,65,-26,26
30231,159,138,21,21
30232,61,67,-6,6
30233,53,55,-2,2
30234,84,86,-2,2
30235,85,82,3,3
30236,82,91,-9,9
30237,88,95,-7,7
30238,87,85,2,2
30239,111,109,2,2
30240,161,148,13,13
30241,131,133,-2,2
30242,89,81,8,8
30243,156,148,8,8
30244,61,66,-5,5
30245,94,102,-8,8
30246,102,91,11,11
30247,167,166,1,1
30248,182,166,16,16
30249,59,58,1,1
30250,162,142,20,20
30251,132,129,3,3
30252,66,65,1,1
30253,88,92,-4,4
30254,106,92,14,14
30255,59,65,-6,6
30256,86,92,-6,6
30257,45,53,-8,8
30258,42,55,-13,13
30259,54,57,-3,3
30260,79,85,-6,6
30261,139,140,-1,1
30262,98,104,-6,6
30263,113,110,3,3
30264,87,90,-3,3
30265,55,64,-9,9
30266,47,53,-6,6
30267,93,101,-8,8
30268,55,63,-8,8
30269,113,141,-28,28
30270,87,82,5,5
30271,138,136,2,2
30272,106,101,5,5
30273,76,81,-5,5
30274,89,91,-2,2
30275,90,85,5,5
30276,119,116,3,3
30277,106,107,-1,1
30278,89,92,-3,3
30279,80,89,-9,9
30280,77,80,-3,3
30281,138,123,15,15
30282,99,97,2,2
30283,70,80,-10,10
30284,107,104,3,3
30285,64,70,-6,6
30286,123,121,2,2
30287,75,82,-7,7
30288,46,59,-13,13
30289,94,96,-2,2
30290,68,70,-2,2
30291,116,119,-3,3
30292,68,77,-9,9
30293,42,40,2,2
30294,74,66,8,8
30295,102,106,-4,4
30296,111,106,5,5
30297,102,108,-6,6
30298,155,174,-19,19
30299,97,102,-5,5
30300,75,73,2,2
30301,158,165,-7,7
30302,66,60,6,6
30303,72,70,2,2
30304,197,162,35,35
30305,133,117,16,16
30306,103,106,-3,3
30307,119,113,6,6
30308,88,96,-8,8
30309,56,67,-11,11
30310,59,70,-11,11
30311,73,91,-18,18
30312,100,96,4,4
30313,83,76,7,7
30314,104,103,1,1
30315,91,101,-10,10
30316,86,92,-6,6
30317,62,62,0,0
30318,90,102,-12,12
30319,79,75,4,4
30320,127,124,3,3
30321,108,118,-10,10
30322,38,66,-28,28
30323,63,75,-12,12
30324,55,61,-6,6
30325,111,94,17,17
30326,53,62,-9,9
30327,77,74,3,3
30328,143,143,0,0
30329,136,131,5,5
30330,47,57,-10,10
30331,85,82,3,3
30332,96,94,2,2
30333,87,84,3,3
30334,87,90,-3,3
30335,144,131,13,13
30336,105,99,6,6
30337,96,101,-5,5
30338,78,82,-4,4
30339,140,149,-9,9
30340,69,69,0,0
30341,41,53,-12,12
30342,73,84,-11,11
30343,75,75,0,0
30344,54,66,-12,12
30345,71,75,-4,4
30346,92,101,-9,9
30347,78,77,1,1
30348,106,103,3,3
30349,77,83,-6,6
30350,74,75,-1,1
30351,59,61,-2,2
30352,94,108,-14,14
30353,86,84,2,2
30354,102,109,-7,7
30355,87,97,-10,10
30356,121,122,-1,1
30357,75,72,3,3
30358,108,104,4,4
30359,174,156,18,18
30360,119,116,3,3
30361,84,91,-7,7
30362,98,100,-2,2
30363,84,92,-8,8
30364,89,85,4,4
30365,87,79,8,8
30366,43,54,-11,11
30367,95,103,-8,8
30368,62,66,-4,4
30369,97,103,-6,6
30370,110,106,4,4
30371,102,107,-5,5
30372,95,101,-6,6
30373,84,92,-8,8
30374,88,92,-4,4
30375,101,103,-2,2
30376,154,152,2,2
30377,159,146,13,13
30378,103,99,4,4
30379,75,78,-3,3
30380,119,110,9,9
30381,27,28,-1,1
30382,77,84,-7,7
30383,169,148,21,21
30384,151,154,-3,3
30385,72,68,4,4
30386,145,127,18,18
30387,62,72,-10,10
30388,52,69,-17,17
30389,69,81,-12,12
30390,74,76,-2,2
30391,102,83,19,19
30392,91,99,-8,8
30393,93,91,2,2
30394,81,84,-3,3
30395,137,131,6,6
30396,157,152,5,5
30397,48,53,-5,5
30398,122,126,-4,4
30399,64,71,-7,7
30400,175,162,13,13
30401,74,66,8,8
30402,47,53,-6,6
30403,103,102,1,1
30404,88,96,-8,8
30405,64,75,-11,11
30406,94,97,-3,3
30407,111,109,2,2
30408,209,186,23,23
30409,80,82,-2,2
30410,108,112,-4,4
30411,103,102,1,1
30412,93,116,-23,23
30413,86,92,-6,6
30414,105,102,3,3
30415,110,108,2,2
30416,82,90,-8,8
30417,69,67,2,2
30418,43,47,-4,4
30419,74,83,-9,9
30420,131,114,17,17
30421,137,137,0,0
30422,110,118,-8,8
30423,61,67,-6,6
30424,90,91,-1,1
30425,78,72,6,6
30426,82,92,-10,10
30427,82,87,-5,5
30428,66,68,-2,2
30429,136,139,-3,3
30430,112,102,10,10
30431,71,75,-4,4
30432,114,113,1,1
30433,105,151,-46,46
30434,93,85,8,8
30435,122,122,0,0
30436,167,165,2,2
30437,67,67,0,0
30438,62,79,-17,17
30439,116,110,6,6
30440,120,107,13,13
30441,126,121,5,5
30442,110,104,6,6
30443,85,91,-6,6
30444,124,116,8,8
30445,129,134,-5,5
30446,99,112,-13,13
30447,172,160,12,12
30448,76,84,-8,8
30449,64,69,-5,5
30450,138,125,13,13
30451,59,64,-5,5
30452,123,114,9,9
30453,140,108,32,32
30454,67,68,-1,1
30455,211,189,22,22
30456,155,140,15,15
30457,84,97,-13,13
30458,125,126,-1,1
30459,72,73,-1,1
30460,121,126,-5,5
30461,121,123,-2,2
30462,141,145,-4,4
30463,67,71,-4,4
30464,73,101,-28,28
30465,107,107,0,0
30466,72,68,4,4
30467,65,72,-7,7
30468,82,82,0,0
30469,87,82,5,5
30470,87,85,2,2
30471,52,60,-8,8
30472,84,83,1,1
30473,81,77,4,4
30474,75,84,-9,9
30475,126,127,-1,1
30476,45,51,-6,6
30477,48,56,-8,8
30478,77,82,-5,5
30479,150,131,19,19
30480,100,102,-2,2
30481,128,132,-4,4
30482,86,91,-5,5
30483,72,69,3,3
30484,108,108,0,0
30485,61,47,14,14
30486,121,122,-1,1
30487,132,134,-2,2
30488,112,117,-5,5
30489,148,140,8,8
30490,89,102,-13,13
30491,47,59,-12,12
30492,75,81,-6,6
30493,113,126,-13,13
30494,82,95,-13,13
30495,82,85,-3,3
30496,155,138,17,17
30497,114,111,3,3
30498,85,95,-10,10
30499,97,103,-6,6
30500,117,107,10,10
30501,57,62,-5,5
30502,121,116,5,5
30503,50,55,-5,5
30504,32,38,-6,6
30505,126,116,10,10
30506,85,92,-7,7
30507,45,59,-14,14
30508,105,101,4,4
30509,84,92,-8,8
30510,99,94,5,5
30511,129,98,31,31
30512,115,108,7,7
30513,127,127,0,0
30514,42,68,-26,26
30515,86,96,-10,10
30516,106,104,2,2
30517,108,105,3,3
30518,143,140,3,3
30519,98,104,-6,6
30520,131,107,24,24
30521,117,114,3,3
30522,82,75,7,7
30523,79,81,-2,2
30524,58,62,-4,4
30525,96,93,3,3
30526,105,95,10,10
30527,103,101,2,2
30528,72,90,-18,18
30529,108,116,-8,8
30530,155,146,9,9
30531,164,149,15,15
30532,60,63,-3,3
30533,130,119,11,11
30534,123,117,6,6
30535,104,106,-2,2
30536,79,75,4,4
30537,136,133,3,3
30538,130,125,5,5
30539,135,121,14,14
30540,77,80,-3,3
30541,136,126,10,10
30542,107,91,16,16
30543,127,116,11,11
30544,116,116,0,0
30545,132,127,5,5
30546,88,86,2,2
30547,74,70,4,4
30548,71,84,-13,13
30549,53,55,-2,2
30550,57,61,-4,4
30551,189,175,14,14
30552,49,51,-2,2
30553,124,129,-5,5
30554,127,119,8,8
30555,45,66,-21,21
30556,110,118,-8,8
30557,104,108,-4,4
30558,82,83,-1,1
30559,133,127,6,6
30560,229,204,25,25
30561,64,71,-7,7
30562,107,101,6,6
30563,109,109,0,0
30564,174,160,14,14
30565,176,168,8,8
30566,101,93,8,8
30567,113,109,4,4
30568,139,128,11,11
30569,56,61,-5,5
30570,75,75,0,0
30571,89,92,-3,3
30572,34,43,-9,9
30573,130,129,1,1
30574,81,78,3,3
30575,103,117,-14,14
30576,99,103,-4,4
30577,136,136,0,0
30578,37,46,-9,9
30579,82,76,6,6
30580,125,124,1,1
30581,121,117,4,4
30582,94,93,1,1
30583,67,69,-2,2
30584,110,119,-9,9
30585,82,84,-2,2
30586,106,118,-12,12
30587,154,144,10,10
30588,97,101,-4,4
30589,65,69,-4,4
30590,81,92,-11,11
30591,53,59,-6,6
30592,123,114,9,9
30593,123,115,8,8
30594,60,56,4,4
30595,59,67,-8,8
30596,71,101,-30,30
30597,154,147,7,7
30598,89,91,-2,2
30599,89,86,3,3
30600,95,93,2,2
30601,78,83,-5,5
30602,79,84,-5,5
30603,132,131,1,1
30604,124,123,1,1
30605,125,118,7,7
30606,73,75,-2,2
30607,109,111,-2,2
30608,84,86,-2,2
30609,114,118,-4,4
30610,98,104,-6,6
30611,229,212,17,17
30612,118,120,-2,2
30613,105,105,0,0
30614,56,65,-9,9
30615,86,86,0,0
30616,72,78,-6,6
30617,144,167,-23,23
30618,151,139,12,12
30619,91,92,-1,1
30620,134,132,2,2
30621,142,137,5,5
30622,119,118,1,1
30623,115,108,7,7
30624,122,124,-2,2
30625,121,109,12,12
30626,145,153,-8,8
30627,151,145,6,6
30628,99,88,11,11
30629,90,93,-3,3
30630,115,139,-24,24
30631,65,83,-18,18
30632,90,91,-1,1
30633,78,82,-4,4
30634,65,74,-9,9
30635,77,79,-2,2
30636,64,70,-6,6
30637,204,177,27,27
30638,134,141,-7,7
30639,144,131,13,13
30640,127,127,0,0
30641,88,83,5,5
30642,61,68,-7,7
30643,118,124,-6,6
30644,91,94,-3,3
30645,143,122,21,21
30646,166,147,19,19
30647,77,75,2,2
30648,97,93,4,4
30649,97,102,-5,5
30650,98,91,7,7
30651,71,72,-1,1
30652,77,74,3,3
30653,145,135,10,10
30654,127,123,4,4
30655,144,139,5,5
30656,128,117,11,11
30657,148,140,8,8
30658,67,69,-2,2
30659,147,146,1,1
30660,85,94,-9,9
30661,98,101,-3,3
30662,72,74,-2,2
30663,74,81,-7,7
30664,111,115,-4,4
30665,80,81,-1,1
30666,73,72,1,1
30667,79,85,-6,6
30668,90,82,8,8
30669,104,98,6,6
30670,70,74,-4,4
30671,99,103,-4,4
30672,64,67,-3,3
30673,68,72,-4,4
30674,96,92,4,4
30675,44,53,-9,9
30676,84,86,-2,2
30677,81,78,3,3
30678,152,147,5,5
30679,69,74,-5,5
30680,86,103,-17,17
30681,89,99,-10,10
30682,151,143,8,8
30683,80,91,-11,11
30684,97,103,-6,6
30685,55,58,-3,3
30686,126,116,10,10
30687,110,116,-6,6
30688,112,124,-12,12
30689,156,139,17,17
30690,52,61,-9,9
30691,88,92,-4,4
30692,98,107,-9,9
30693,131,124,7,7
30694,114,108,6,6
30695,154,152,2,2
30696,52,59,-7,7
30697,134,132,2,2
30698,60,62,-2,2
30699,68,72,-4,4
30700,119,118,1,1
30701,61,62,-1,1
30702,94,104,-10,10
30703,98,105,-7,7
30704,103,112,-9,9
30705,120,122,-2,2
30706,97,97,0,0
30707,126,116,10,10
30708,103,102,1,1
30709,97,101,-4,4
30710,89,91,-2,2
30711,69,70,-1,1
30712,58,63,-5,5
30713,109,105,4,4
30714,91,83,8,8
30715,76,75,1,1
30716,206,193,13,13
30717,109,97,12,12
30718,167,158,9,9
30719,124,117,7,7
30720,68,69,-1,1
30721,162,137,25,25
30722,92,93,-1,1
30723,160,156,4,4
30724,107,106,1,1
30725,104,95,9,9
30726,72,68,4,4
30727,59,67,-8,8
30728,102,95,7,7
30729,110,119,-9,9
30730,71,73,-2,2
30731,96,91,5,5
30732,117,112,5,5
30733,67,70,-3,3
30734,64,66,-2,2
30735,111,105,6,6
30736,54,52,2,2
30737,70,73,-3,3
30738,89,85,4,4
30739,125,132,-7,7
30740,81,93,-12,12
30741,132,117,15,15
30742,122,126,-4,4
30743,83,91,-8,8
30744,49,63,-14,14
30745,134,113,21,21
30746,86,88,-2,2
30747,87,90,-3,3
30748,113,114,-1,1
30749,147,144,3,3
30750,57,65,-8,8
30751,81,81,0,0
30752,84,95,-11,11
30753,130,124,6,6
30754,103,98,5,5
30755,57,63,-6,6
30756,58,60,-2,2
30757,147,128,19,19
30758,136,134,2,2
30759,78,85,-7,7
30760,92,98,-6,6
30761,69,76,-7,7
30762,151,138,13,13
30763,155,155,0,0
30764,80,90,-10,10
30765,71,71,0,0
30766,113,152,-39,39
30767,129,112,17,17
30768,113,112,1,1
30769,82,92,-10,10
30770,69,62,7,7
30771,95,94,1,1
30772,86,91,-5,5
30773,86,82,4,4
30774,73,72,1,1
30775,84,91,-7,7
30776,99,100,-1,1
30777,159,141,18,18
30778,94,100,-6,6
30779,93,101,-8,8
30780,52,55,-3,3
30781,92,94,-2,2
30782,77,91,-14,14
30783,83,91,-8,8
30784,145,140,5,5
30785,89,89,0,0
30786,98,95,3,3
30787,128,129,-1,1
30788,70,84,-14,14
30789,85,90,-5,5
30790,94,96,-2,2
30791,63,72,-9,9
30792,120,108,12,12
30793,93,103,-10,10
30794,113,109,4,4
30795,164,168,-4,4
30796,121,118,3,3
30797,61,61,0,0
30798,100,92,8,8
30799,67,63,4,4
30800,107,106,1,1
30801,56,55,1,1
30802,79,84,-5,5
30803,116,149,-33,33
30804,139,133,6,6
30805,112,120,-8,8
30806,92,93,-1,1
30807,108,105,3,3
30808,124,127,-3,3
30809,158,159,-1,1
30810,106,102,4,4
30811,132,127,5,5
30812,100,96,4,4
30813,64,100,-36,36
30814,128,122,6,6
30815,53,54,-1,1
30816,54,58,-4,4
30817,81,84,-3,3
30818,67,73,-6,6
30819,97,111,-14,14
30820,129,114,15,15
30821,122,105,17,17
30822,139,132,7,7
30823,44,46,-2,2
30824,131,130,1,1
30825,67,75,-8,8
30826,115,109,6,6
30827,53,55,-2,2
30828,84,87,-3,3
30829,124,123,1,1
30830,74,69,5,5
30831,104,114,-10,10
30832,70,78,-8,8
30833,112,108,4,4
30834,90,79,11,11
30835,83,99,-16,16
30836,71,76,-5,5
30837,81,80,1,1
30838,124,141,-17,17
30839,161,159,2,2
30840,52,60,-8,8
30841,78,90,-12,12
30842,57,56,1,1
30843,113,115,-2,2
30844,105,98,7,7
30845,119,108,11,11
30846,48,58,-10,10
30847,123,118,5,5
30848,96,95,1,1
30849,124,115,9,9
30850,129,131,-2,2
30851,125,120,5,5
30852,104,107,-3,3
30853,117,114,3,3
30854,151,145,6,6
30855,125,117,8,8
30856,87,97,-10,10
30857,71,75,-4,4
30858,58,62,-4,4
30859,127,128,-1,1
30860,143,125,18,18
30861,78,79,-1,1
30862,114,123,-9,9
30863,49,53,-4,4
30864,86,91,-5,5
30865,81,94,-13,13
30866,85,91,-6,6
30867,158,133,25,25
30868,57,56,1,1
30869,109,108,1,1
30870,95,94,1,1
30871,45,52,-7,7
30872,76,87,-11,11
30873,83,82,1,1
30874,100,114,-14,14
30875,65,81,-16,16
30876,76,83,-7,7
30877,47,60,-13,13
30878,70,74,-4,4
30879,157,152,5,5
30880,204,174,30,30
30881,88,91,-3,3
30882,93,90,3,3
30883,53,62,-9,9
30884,97,103,-6,6
30885,84,83,1,1
30886,66,75,-9,9
30887,73,79,-6,6
30888,64,73,-9,9
30889,102,95,7,7
30890,56,61,-5,5
30891,73,78,-5,5
30892,78,91,-13,13
30893,64,74,-10,10
30894,89,93,-4,4
30895,108,109,-1,1
30896,79,74,5,5
30897,99,104,-5,5
30898,104,104,0,0
30899,174,155,19,19
30900,76,83,-7,7
30901,67,76,-9,9
30902,103,103,0,0
30903,72,73,-1,1
30904,65,81,-16,16
30905,79,84,-5,5
30906,39,71,-32,32
30907,42,44,-2,2
30908,43,52,-9,9
30909,130,130,0,0
30910,56,58,-2,2
30911,67,73,-6,6
30912,61,64,-3,3
30913,79,71,8,8
30914,122,104,18,18
30915,121,115,6,6
30916,87,82,5,5
30917,95,102,-7,7
30918,76,78,-2,2
30919,98,91,7,7
30920,149,147,2,2
30921,37,46,-9,9
30922,91,82,9,9
30923,99,101,-2,2
30924,64,73,-9,9
30925,113,106,7,7
30926,82,85,-3,3
30927,71,75,-4,4
30928,103,107,-4,4
30929,58,68,-10,10
30930,112,107,5,5
30931,61,64,-3,3
30932,60,71,-11,11
30933,118,121,-3,3
30934,48,55,-7,7
30935,86,79,7,7
30936,61,72,-11,11
30937,123,111,12,12
30938,151,145,6,6
30939,50,51,-1,1
30940,123,129,-6,6
30941,186,178,8,8
30942,59,67,-8,8
30943,141,137,4,4
30944,130,147,-17,17
30945,83,76,7,7
30946,63,68,-5,5
30947,168,147,21,21
30948,88,88,0,0
30949,49,58,-9,9
30950,47,55,-8,8
30951,81,86,-5,5
30952,176,152,24,24
30953,58,64,-6,6
30954,48,45,3,3
30955,117,115,2,2
30956,115,104,11,11
30957,120,113,7,7
30958,90,91,-1,1
30959,46,58,-12,12
30960,113,127,-14,14
30961,64,72,-8,8
30962,126,116,10,10
30963,153,135,18,18
30964,114,106,8,8
30965,182,179,3,3
30966,114,115,-1,1
30967,91,95,-4,4
30968,116,106,10,10
30969,135,125,10,10
30970,70,73,-3,3
30971,80,74,6,6
30972,50,66,-16,16
30973,90,93,-3,3
30974,50,59,-9,9
30975,144,124,20,20
30976,77,78,-1,1
30977,81,73,8,8
30978,41,42,-1,1
30979,80,85,-5,5
30980,97,97,0,0
30981,65,70,-5,5
30982,70,74,-4,4
30983,176,177,-1,1
30984,143,137,6,6
30985,79,80,-1,1
30986,122,119,3,3
30987,135,135,0,0
30988,85,93,-8,8
30989,50,63,-13,13
30990,88,91,-3,3
30991,120,111,9,9
30992,134,130,4,4
30993,74,74,0,0
30994,86,93,-7,7
30995,95,98,-3,3
30996,56,63,-7,7
30997,92,92,0,0
30998,86,91,-5,5
30999,70,92,-22,22
31000,81,79,2,2
31001,113,115,-2,2
31002,99,101,-2,2
31003,77,82,-5,5
31004,31,33,-2,2
31005,99,97,2,2
31006,85,86,-1,1
31007,80,90,-10,10
31008,92,97,-5,5
31009,56,62,-6,6
31010,139,149,-10,10
31011,51,52,-1,1
31012,36,32,4,4
31013,126,117,9,9
31014,76,76,0,0
31015,96,108,-12,12
31016,87,93,-6,6
31017,117,113,4,4
31018,102,105,-3,3
31019,89,97,-8,8
31020,107,93,14,14
31021,79,82,-3,3
31022,89,92,-3,3
31023,67,65,2,2
31024,114,114,0,0
31025,69,75,-6,6
31026,115,99,16,16
31027,168,167,1,1
31028,84,105,-21,21
31029,79,58,21,21
31030,133,137,-4,4
31031,123,106,17,17
31032,102,111,-9,9
31033,123,115,8,8
31034,97,91,6,6
31035,89,94,-5,5
31036,92,100,-8,8
31037,171,151,20,20
31038,72,69,3,3
31039,92,103,-11,11
31040,54,67,-13,13
31041,113,116,-3,3
31042,110,102,8,8
31043,64,67,-3,3
31044,64,68,-4,4
31045,69,64,5,5
31046,81,83,-2,2
31047,101,103,-2,2
31048,92,99,-7,7
31049,85,96,-11,11
31050,58,63,-5,5
31051,124,117,7,7
31052,81,80,1,1
31053,108,101,7,7
31054,93,92,1,1
31055,70,65,5,5
31056,119,97,22,22
31057,65,67,-2,2
31058,90,84,6,6
31059,53,58,-5,5
31060,73,80,-7,7
31061,52,56,-4,4
31062,97,102,-5,5
31063,118,103,15,15
31064,95,95,0,0
31065,89,91,-2,2
31066,66,70,-4,4
31067,75,82,-7,7
31068,107,103,4,4
31069,63,63,0,0
31070,148,135,13,13
31071,110,107,3,3
31072,96,108,-12,12
31073,123,120,3,3
31074,123,111,12,12
31075,106,96,10,10
31076,101,96,5,5
31077,105,106,-1,1
31078,94,102,-8,8
31079,53,71,-18,18
31080,53,68,-15,15
31081,116,114,2,2
31082,122,128,-6,6
31083,96,105,-9,9
31084,117,112,5,5
31085,105,103,2,2
31086,74,76,-2,2
31087,43,55,-12,12
31088,110,112,-2,2
31089,71,72,-1,1
31090,72,70,2,2
31091,109,107,2,2
31092,142,141,1,1
31093,69,66,3,3
31094,127,136,-9,9
31095,113,118,-5,5
31096,61,64,-3,3
31097,108,106,2,2
31098,83,79,4,4
31099,58,65,-7,7
31100,107,107,0,0
31101,108,125,-17,17
31102,97,95,2,2
31103,101,94,7,7
31104,101,106,-5,5
31105,123,114,9,9
31106,68,73,-5,5
31107,89,91,-2,2
31108,47,53,-6,6
31109,128,116,12,12
31110,117,117,0,0
31111,94,91,3,3
31112,111,106,5,5
31113,51,56,-5,5
31114,65,74,-9,9
31115,79,101,-22,22
31116,140,136,4,4
31117,152,132,20,20
31118,108,111,-3,3
31119,115,107,8,8
31120,78,91,-13,13
31121,100,105,-5,5
31122,69,72,-3,3
31123,127,123,4,4
31124,64,61,3,3
31125,148,141,7,7
31126,105,103,2,2
31127,123,116,7,7
31128,56,61,-5,5
31129,60,74,-14,14
31130,100,99,1,1
31131,77,100,-23,23
31132,89,111,-22,22
31133,63,72,-9,9
31134,70,72,-2,2
31135,74,72,2,2
31136,74,84,-10,10
31137,149,133,16,16
31138,60,69,-9,9
31139,115,156,-41,41
31140,65,72,-7,7
31141,95,93,2,2
31142,126,140,-14,14
31143,84,97,-13,13
31144,114,103,11,11
31145,130,121,9,9
31146,117,109,8,8
31147,135,134,1,1
31148,110,114,-4,4
31149,74,72,2,2
31150,91,103,-12,12
31151,102,100,2,2
31152,76,83,-7,7
31153,81,87,-6,6
31154,117,111,6,6
31155,58,62,-4,4
31156,52,73,-21,21
31157,44,63,-19,19
31158,126,131,-5,5
31159,102,102,0,0
31160,68,65,3,3
31161,96,110,-14,14
31162,116,103,13,13
31163,96,92,4,4
31164,44,55,-11,11
31165,49,50,-1,1
31166,109,108,1,1
31167,40,53,-13,13
31168,84,113,-29,29
31169,57,63,-6,6
31170,85,94,-9,9
31171,44,52,-8,8
31172,77,78,-1,1
31173,70,84,-14,14
31174,63,73,-10,10
31175,75,76,-1,1
31176,88,93,-5,5
31177,98,96,2,2
31178,66,85,-19,19
31179,78,75,3,3
31180,95,103,-8,8
31181,99,125,-26,26
31182,20,95,-75,75
31183,88,93,-5,5
31184,165,151,14,14
31185,127,122,5,5
31186,55,63,-8,8
31187,145,137,8,8
31188,72,70,2,2
31189,84,78,6,6
31190,62,66,-4,4
31191,107,98,9,9
31192,113,96,17,17
31193,64,67,-3,3
31194,132,115,17,17
31195,80,78,2,2
31196,64,72,-8,8
31197,58,69,-11,11
31198,53,70,-17,17
31199,101,103,-2,2
31200,97,95,2,2
31201,93,96,-3,3
31202,87,76,11,11
31203,78,77,1,1
31204,70,65,5,5
31205,119,87,32,32
31206,66,70,-4,4
31207,82,96,-14,14
31208,117,99,18,18
31209,106,103,3,3
31210,79,79,0,0
31211,129,155,-26,26
31212,95,90,5,5
31213,66,73,-7,7
31214,63,63,0,0
31215,128,138,-10,10
31216,86,81,5,5
31217,87,94,-7,7
31218,115,119,-4,4
31219,126,126,0,0
31220,66,104,-38,38
31221,138,136,2,2
31222,118,104,14,14
31223,105,104,1,1
31224,59,68,-9,9
31225,51,61,-10,10
31226,45,65,-20,20
31227,79,82,-3,3
31228,103,93,10,10
31229,86,106,-20,20
31230,63,66,-3,3
31231,104,104,0,0
31232,144,137,7,7
31233,160,144,16,16
31234,55,61,-6,6
31235,83,83,0,0
31236,104,104,0,0
31237,61,67,-6,6
31238,92,102,-10,10
31239,72,78,-6,6
31240,103,102,1,1
31241,192,165,27,27
31242,89,84,5,5
31243,76,75,1,1
31244,70,81,-11,11
31245,81,74,7,7
31246,96,99,-3,3
31247,120,115,5,5
31248,88,92,-4,4
31249,81,74,7,7
31250,91,94,-3,3
31251,104,96,8,8
31252,71,72,-1,1
31253,51,53,-2,2
31254,138,131,7,7
31255,88,74,14,14
31256,64,76,-12,12
31257,108,110,-2,2
31258,120,115,5,5
31259,78,103,-25,25
31260,158,141,17,17
31261,185,163,22,22
31262,168,170,-2,2
31263,96,104,-8,8
31264,100,82,18,18
31265,48,103,-55,55
31266,80,83,-3,3
31267,49,58,-9,9
31268,108,105,3,3
31269,71,77,-6,6
31270,111,111,0,0
31271,75,71,4,4
31272,117,116,1,1
31273,156,139,17,17
31274,111,104,7,7
31275,108,109,-1,1
31276,54,63,-9,9
31277,83,94,-11,11
31278,91,86,5,5
31279,53,64,-11,11
31280,46,51,-5,5
31281,39,51,-12,12
31282,97,110,-13,13
31283,97,108,-11,11
31284,93,91,2,2
31285,173,159,14,14
31286,76,76,0,0
31287,146,135,11,11
31288,128,135,-7,7
31289,81,74,7,7
31290,90,94,-4,4
31291,109,115,-6,6
31292,123,111,12,12
31293,100,101,-1,1
31294,77,83,-6,6
31295,77,81,-4,4
31296,109,116,-7,7
31297,85,85,0,0
31298,94,96,-2,2
31299,57,58,-1,1
31300,51,59,-8,8
31301,50,60,-10,10
31302,80,78,2,2
31303,73,71,2,2
31304,68,78,-10,10
31305,153,135,18,18
31306,120,126,-6,6
31307,99,101,-2,2
31308,97,95,2,2
31309,82,82,0,0
31310,85,96,-11,11
31311,84,86,-2,2
31312,93,106,-13,13
31313,55,63,-8,8
31314,53,61,-8,8
31315,148,138,10,10
31316,115,122,-7,7
31317,116,116,0,0
31318,109,99,10,10
31319,72,78,-6,6
31320,85,91,-6,6
31321,78,70,8,8
31322,133,120,13,13
31323,89,91,-2,2
31324,53,66,-13,13
31325,145,151,-6,6
31326,75,74,1,1
31327,60,65,-5,5
31328,71,74,-3,3
31329,62,69,-7,7
31330,165,153,12,12
31331,51,61,-10,10
31332,146,148,-2,2
31333,64,68,-4,4
31334,75,86,-11,11
31335,79,76,3,3
31336,85,91,-6,6
31337,100,103,-3,3
31338,119,114,5,5
31339,106,115,-9,9
31340,79,80,-1,1
31341,163,157,6,6
31342,121,122,-1,1
31343,66,73,-7,7
31344,114,112,2,2
31345,77,83,-6,6
31346,57,61,-4,4
31347,87,97,-10,10
31348,86,84,2,2
31349,71,80,-9,9
31350,124,116,8,8
31351,65,66,-1,1
31352,111,106,5,5
31353,62,71,-9,9
31354,94,89,5,5
31355,76,78,-2,2
31356,122,134,-12,12
31357,136,148,-12,12
31358,76,75,1,1
31359,82,99,-17,17
31360,62,64,-2,2
31361,65,63,2,2
31362,63,72,-9,9
31363,50,53,-3,3
31364,56,68,-12,12
31365,80,91,-11,11
31366,95,90,5,5
31367,94,101,-7,7
31368,90,83,7,7
31369,116,99,17,17
31370,113,106,7,7
31371,70,70,0,0
31372,31,38,-7,7
31373,70,77,-7,7
31374,72,69,3,3
31375,92,90,2,2
31376,82,80,2,2
31377,58,68,-10,10
31378,104,105,-1,1
31379,75,77,-2,2
31380,90,98,-8,8
31381,130,120,10,10
31382,126,126,0,0
31383,89,86,3,3
31384,108,105,3,3
31385,51,60,-9,9
31386,132,129,3,3
31387,91,93,-2,2
31388,109,116,-7,7
31389,103,122,-19,19
31390,87,80,7,7
31391,123,123,0,0
31392,109,104,5,5
31393,77,95,-18,18
31394,96,100,-4,4
31395,82,84,-2,2
31396,111,110,1,1
31397,72,73,-1,1
31398,117,107,10,10
31399,117,115,2,2
31400,137,135,2,2
31401,107,96,11,11
31402,91,94,-3,3
31403,110,107,3,3
31404,76,89,-13,13
31405,83,78,5,5
31406,142,141,1,1
31407,97,99,-2,2
31408,54,57,-3,3
31409,71,78,-7,7
31410,91,100,-9,9
31411,100,103,-3,3
31412,47,54,-7,7
31413,114,105,9,9
31414,65,59,6,6
31415,33,38,-5,5
31416,88,90,-2,2
31417,102,105,-3,3
31418,72,92,-20,20
31419,95,101,-6,6
31420,100,99,1,1
31421,200,189,11,11
31422,147,132,15,15
31423,98,106,-8,8
31424,111,109,2,2
31425,105,108,-3,3
31426,89,94,-5,5
31427,108,107,1,1
31428,35,67,-32,32
31429,54,64,-10,10
31430,124,116,8,8
31431,90,84,6,6
31432,130,130,0,0
31433,138,129,9,9
31434,143,129,14,14
31435,74,76,-2,2
31436,47,58,-11,11
31437,64,69,-5,5
31438,174,173,1,1
31439,96,93,3,3
31440,132,132,0,0
31441,66,74,-8,8
31442,105,106,-1,1
31443,128,129,-1,1
31444,99,100,-1,1
31445,70,71,-1,1
31446,62,61,1,1
31447,78,77,1,1
31448,93,96,-3,3
31449,89,74,15,15
31450,104,114,-10,10
31451,74,73,1,1
31452,102,89,13,13
31453,58,59,-1,1
31454,89,92,-3,3
31455,84,79,5,5
31456,128,116,12,12
31457,91,96,-5,5
31458,80,73,7,7
31459,84,99,-15,15
31460,100,106,-6,6
31461,115,109,6,6
31462,92,98,-6,6
31463,155,154,1,1
31464,175,145,30,30
31465,79,77,2,2
31466,70,68,2,2
31467,64,74,-10,10
31468,111,112,-1,1
31469,83,83,0,0
31470,92,96,-4,4
31471,153,145,8,8
31472,138,133,5,5
31473,90,105,-15,15
31474,104,109,-5,5
31475,52,54,-2,2
31476,72,77,-5,5
31477,76,83,-7,7
31478,69,72,-3,3
31479,145,135,10,10
31480,67,69,-2,2
31481,79,76,3,3
31482,103,98,5,5
31483,145,148,-3,3
31484,86,93,-7,7
31485,112,105,7,7
31486,130,131,-1,1
31487,173,160,13,13
31488,75,77,-2,2
31489,195,165,30,30
31490,93,94,-1,1
31491,102,95,7,7
31492,64,63,1,1
31493,68,70,-2,2
31494,58,69,-11,11
31495,93,83,10,10
31496,119,103,16,16
31497,54,54,0,0
31498,72,94,-22,22
31499,82,90,-8,8
31500,130,126,4,4
31501,75,82,-7,7
31502,73,80,-7,7
31503,72,77,-5,5
31504,243,254,-11,11
31505,62,83,-21,21
31506,79,73,6,6
31507,129,132,-3,3
31508,119,111,8,8
31509,121,124,-3,3
31510,135,129,6,6
31511,64,61,3,3
31512,84,87,-3,3
31513,68,74,-6,6
31514,89,91,-2,2
31515,59,59,0,0
31516,67,75,-8,8
31517,108,115,-7,7
31518,55,61,-6,6
31519,161,136,25,25
31520,75,80,-5,5
31521,113,108,5,5
31522,102,100,2,2
31523,116,109,7,7
31524,134,130,4,4
31525,161,132,29,29
31526,122,103,19,19
31527,103,98,5,5
31528,75,78,-3,3
31529,162,142,20,20
31530,76,85,-9,9
31531,57,65,-8,8
31532,74,82,-8,8
31533,78,74,4,4
31534,68,71,-3,3
31535,101,99,2,2
31536,66,72,-6,6
31537,61,69,-8,8
31538,120,114,6,6
31539,62,66,-4,4
31540,149,130,19,19
31541,85,97,-12,12
31542,126,113,13,13
31543,192,185,7,7
31544,94,94,0,0
31545,69,72,-3,3
31546,99,92,7,7
31547,114,108,6,6
31548,75,80,-5,5
31549,113,122,-9,9
31550,165,152,13,13
31551,133,123,10,10
31552,86,95,-9,9
31553,72,69,3,3
31554,97,101,-4,4
31555,113,148,-35,35
31556,110,110,0,0
31557,119,124,-5,5
31558,60,66,-6,6
31559,72,88,-16,16
31560,110,107,3,3
31561,151,135,16,16
31562,70,69,1,1
31563,89,93,-4,4
31564,112,107,5,5
31565,70,72,-2,2
31566,64,70,-6,6
31567,155,155,0,0
31568,103,103,0,0
31569,115,111,4,4
31570,57,58,-1,1
31571,92,100,-8,8
31572,96,94,2,2
31573,61,68,-7,7
31574,144,129,15,15
31575,75,82,-7,7
31576,138,129,9,9
31577,103,107,-4,4
31578,118,109,9,9
31579,80,88,-8,8
31580,107,102,5,5
31581,84,86,-2,2
31582,87,85,2,2
31583,56,56,0,0
31584,129,137,-8,8
31585,94,96,-2,2
31586,72,84,-12,12
31587,193,170,23,23
31588,141,120,21,21
31589,98,103,-5,5
31590,116,119,-3,3
31591,154,146,8,8
31592,116,123,-7,7
31593,75,83,-8,8
31594,107,98,9,9
31595,83,78,5,5
31596,103,110,-7,7
31597,99,98,1,1
31598,109,110,-1,1
31599,95,94,1,1
31600,85,77,8,8
31601,81,83,-2,2
31602,112,96,16,16
31603,82,78,4,4
31604,56,60,-4,4
31605,64,69,-5,5
31606,105,118,-13,13
31607,118,116,2,2
31608,82,87,-5,5
31609,96,99,-3,3
31610,69,67,2,2
31611,128,127,1,1
31612,88,96,-8,8
31613,90,90,0,0
31614,141,135,6,6
31615,75,90,-15,15
31616,108,108,0,0
31617,153,142,11,11
31618,101,102,-1,1
31619,76,82,-6,6
31620,86,99,-13,13
31621,49,51,-2,2
31622,130,125,5,5
31623,95,94,1,1
31624,33,47,-14,14
31625,156,155,1,1
31626,49,51,-2,2
31627,89,87,2,2
31628,86,78,8,8
31629,80,79,1,1
31630,97,97,0,0
31631,59,68,-9,9
31632,153,142,11,11
31633,51,57,-6,6
31634,88,78,10,10
31635,145,155,-10,10
31636,165,173,-8,8
31637,74,82,-8,8
31638,80,94,-14,14
31639,101,98,3,3
31640,46,52,-6,6
31641,62,68,-6,6
31642,107,100,7,7
31643,66,71,-5,5
31644,153,145,8,8
31645,75,75,0,0
31646,49,53,-4,4
31647,120,124,-4,4
31648,131,126,5,5
31649,106,111,-5,5
31650,147,137,10,10
31651,81,84,-3,3
31652,94,99,-5,5
31653,57,68,-11,11
31654,61,75,-14,14
31655,47,52,-5,5
31656,53,56,-3,3
31657,117,108,9,9
31658,98,78,20,20
31659,48,49,-1,1
31660,190,181,9,9
31661,68,72,-4,4
31662,106,102,4,4
31663,57,66,-9,9
31664,131,133,-2,2
31665,132,128,4,4
31666,74,78,-4,4
31667,125,123,2,2
31668,86,92,-6,6
31669,49,54,-5,5
31670,95,81,14,14
31671,67,68,-1,1
31672,82,91,-9,9
31673,93,105,-12,12
31674,52,61,-9,9
31675,55,60,-5,5
31676,111,109,2,2
31677,73,74,-1,1
31678,72,82,-10,10
31679,160,152,8,8
31680,97,102,-5,5
31681,95,91,4,4
31682,117,94,23,23
31683,67,63,4,4
31684,55,64,-9,9
31685,103,100,3,3
31686,108,110,-2,2
31687,82,76,6,6
31688,155,143,12,12
31689,87,84,3,3
31690,88,90,-2,2
31691,84,98,-14,14
31692,66,81,-15,15
31693,59,65,-6,6
31694,80,79,1,1
31695,120,123,-3,3
31696,92,96,-4,4
31697,36,38,-2,2
31698,89,81,8,8
31699,113,104,9,9
31700,86,90,-4,4
31701,117,134,-17,17
31702,78,74,4,4
31703,72,81,-9,9
31704,76,71,5,5
31705,76,78,-2,2
31706,87,91,-4,4
31707,76,98,-22,22
31708,79,65,14,14
31709,51,46,5,5
31710,121,133,-12,12
31711,100,95,5,5
31712,83,85,-2,2
31713,84,76,8,8
31714,100,104,-4,4
31715,125,117,8,8
31716,73,69,4,4
31717,59,64,-5,5
31718,79,84,-5,5
31719,76,84,-8,8
31720,108,112,-4,4
31721,64,79,-15,15
31722,101,99,2,2
31723,140,124,16,16
31724,89,91,-2,2
31725,72,72,0,0
31726,82,91,-9,9
31727,68,73,-5,5
31728,41,56,-15,15
31729,77,81,-4,4
31730,150,141,9,9
31731,121,114,7,7
31732,96,115,-19,19
31733,50,55,-5,5
31734,45,51,-6,6
31735,118,127,-9,9
31736,108,105,3,3
31737,74,71,3,3
31738,148,133,15,15
31739,109,105,4,4
31740,53,60,-7,7
31741,69,68,1,1
31742,75,79,-4,4
31743,75,92,-17,17
31744,93,93,0,0
31745,36,42,-6,6
31746,62,72,-10,10
31747,139,135,4,4
31748,67,71,-4,4
31749,199,190,9,9
31750,61,61,0,0
31751,66,72,-6,6
31752,58,65,-7,7
31753,58,64,-6,6
31754,98,105,-7,7
31755,65,67,-2,2
31756,96,98,-2,2
31757,105,110,-5,5
31758,44,49,-5,5
31759,116,113,3,3
31760,87,83,4,4
31761,94,97,-3,3
31762,130,133,-3,3
31763,103,105,-2,2
31764,85,84,1,1
31765,94,104,-10,10
31766,78,80,-2,2
31767,120,114,6,6
31768,48,55,-7,7
31769,107,102,5,5
31770,87,95,-8,8
31771,115,117,-2,2
31772,122,119,3,3
31773,137,126,11,11
31774,19,29,-10,10
31775,90,95,-5,5
31776,45,49,-4,4
31777,53,63,-10,10
31778,132,119,13,13
31779,54,56,-2,2
31780,123,131,-8,8
31781,88,105,-17,17
31782,90,91,-1,1
31783,112,110,2,2
31784,67,65,2,2
31785,50,61,-11,11
31786,65,68,-3,3
31787,44,51,-7,7
31788,86,98,-12,12
31789,65,71,-6,6
31790,80,97,-17,17
31791,128,121,7,7
31792,166,135,31,31
31793,105,97,8,8
31794,77,79,-2,2
31795,113,115,-2,2
31796,82,84,-2,2
31797,94,103,-9,9
31798,123,116,7,7
31799,118,118,0,0
31800,159,145,14,14
31801,100,86,14,14
31802,95,90,5,5
31803,128,130,-2,2
31804,67,79,-12,12
31805,131,117,14,14
31806,78,80,-2,2
31807,58,65,-7,7
31808,126,114,12,12
31809,136,142,-6,6
31810,75,74,1,1
31811,100,103,-3,3
31812,52,56,-4,4
31813,94,96,-2,2
31814,64,74,-10,10
31815,65,69,-4,4
31816,85,87,-2,2
31817,100,102,-2,2
31818,134,130,4,4
31819,88,91,-3,3
31820,87,93,-6,6
31821,112,108,4,4
31822,222,204,18,18
31823,103,100,3,3
31824,131,151,-20,20
31825,143,147,-4,4
31826,89,94,-5,5
31827,144,129,15,15
31828,90,91,-1,1
31829,117,112,5,5
31830,41,47,-6,6
31831,161,153,8,8
31832,87,96,-9,9
31833,67,72,-5,5
31834,89,101,-12,12
31835,58,56,2,2
31836,54,56,-2,2
31837,66,67,-1,1
31838,62,73,-11,11
31839,46,50,-4,4
31840,116,114,2,2
31841,146,146,0,0
31842,153,158,-5,5
31843,110,98,12,12
31844,83,74,9,9
31845,138,124,14,14
31846,117,111,6,6
31847,86,84,2,2
31848,170,160,10,10
31849,96,102,-6,6
31850,57,58,-1,1
31851,102,94,8,8
31852,96,99,-3,3
31853,88,86,2,2
31854,117,117,0,0
31855,83,97,-14,14
31856,94,105,-11,11
31857,68,79,-11,11
31858,81,77,4,4
31859,165,159,6,6
31860,93,87,6,6
31861,169,162,7,7
31862,79,89,-10,10
31863,91,90,1,1
31864,96,96,0,0
31865,107,95,12,12
31866,98,97,1,1
31867,81,78,3,3
31868,125,126,-1,1
31869,111,110,1,1
31870,50,58,-8,8
31871,102,101,1,1
31872,94,91,3,3
31873,57,61,-4,4
31874,110,108,2,2
31875,89,87,2,2
31876,69,70,-1,1
31877,116,118,-2,2
31878,135,121,14,14
31879,76,74,2,2
31880,98,91,7,7
31881,72,72,0,0
31882,68,75,-7,7
31883,77,76,1,1
31884,125,138,-13,13
31885,115,107,8,8
31886,136,119,17,17
31887,80,76,4,4
31888,82,84,-2,2
31889,76,83,-7,7
31890,82,81,1,1
31891,138,131,7,7
31892,108,103,5,5
31893,153,143,10,10
31894,76,78,-2,2
31895,100,93,7,7
31896,97,102,-5,5
31897,119,115,4,4
31898,35,47,-12,12
31899,39,45,-6,6
31900,102,99,3,3
31901,93,107,-14,14
31902,122,119,3,3
31903,88,86,2,2
31904,84,90,-6,6
31905,207,189,18,18
31906,67,71,-4,4
31907,111,114,-3,3
31908,75,79,-4,4
31909,112,100,12,12
31910,59,63,-4,4
31911,66,67,-1,1
31912,161,156,5,5
31913,80,92,-12,12
31914,64,72,-8,8
31915,123,84,39,39
31916,123,116,7,7
31917,144,139,5,5
31918,61,66,-5,5
31919,85,74,11,11
31920,100,95,5,5
31921,100,99,1,1
31922,65,63,2,2
31923,75,72,3,3
31924,104,95,9,9
31925,112,118,-6,6
31926,93,91,2,2
31927,69,67,2,2
31928,58,62,-4,4
31929,120,104,16,16
31930,131,117,14,14
31931,101,96,5,5
31932,156,151,5,5
31933,83,82,1,1
31934,62,68,-6,6
31935,94,100,-6,6
31936,87,96,-9,9
31937,182,167,15,15
31938,132,128,4,4
31939,100,105,-5,5
31940,74,76,-2,2
31941,57,66,-9,9
31942,95,97,-2,2
31943,64,59,5,5
31944,99,99,0,0
31945,102,114,-12,12
31946,144,128,16,16
31947,152,138,14,14
31948,66,65,1,1
31949,57,62,-5,5
31950,73,82,-9,9
31951,85,83,2,2
31952,111,102,9,9
31953,78,83,-5,5
31954,87,90,-3,3
31955,58,66,-8,8
31956,125,119,6,6
31957,98,98,0,0
31958,127,119,8,8
31959,125,115,10,10
31960,107,108,-1,1
31961,57,67,-10,10
31962,161,145,16,16
31963,109,103,6,6
31964,110,101,9,9
31965,64,67,-3,3
31966,304,260,44,44
31967,75,74,1,1
31968,161,163,-2,2
31969,85,100,-15,15
31970,124,107,17,17
31971,53,58,-5,5
31972,98,104,-6,6
31973,124,126,-2,2
31974,67,65,2,2
31975,59,65,-6,6
31976,115,106,9,9
31977,91,90,1,1
31978,108,109,-1,1
31979,82,91,-9,9
31980,104,97,7,7
31981,65,76,-11,11
31982,107,104,3,3
31983,140,142,-2,2
31984,83,85,-2,2
31985,128,139,-11,11
31986,65,63,2,2
31987,70,75,-5,5
31988,160,159,1,1
31989,94,95,-1,1
31990,74,72,2,2
31991,99,102,-3,3
31992,105,102,3,3
31993,65,73,-8,8
31994,46,50,-4,4
31995,72,73,-1,1
31996,53,54,-1,1
31997,110,110,0,0
31998,100,95,5,5
31999,65,72,-7,7
32000,102,98,4,4
32001,128,124,4,4
32002,90,90,0,0
32003,139,147,-8,8
32004,145,126,19,19
32005,89,85,4,4
32006,68,79,-11,11
32007,64,68,-4,4
32008,79,90,-11,11
32009,86,78,8,8
32010,60,71,-11,11
32011,101,94,7,7
32012,36,48,-12,12
32013,103,104,-1,1
32014,52,55,-3,3
32015,152,146,6,6
32016,80,93,-13,13
32017,142,125,17,17
32018,129,116,13,13
32019,140,116,24,24
32020,49,57,-8,8
32021,147,144,3,3
32022,100,91,9,9
32023,59,70,-11,11
32024,106,110,-4,4
32025,88,92,-4,4
32026,86,93,-7,7
32027,106,97,9,9
32028,110,109,1,1
32029,43,42,1,1
32030,114,117,-3,3
32031,77,74,3,3
32032,103,105,-2,2
32033,125,120,5,5
32034,65,69,-4,4
32035,105,104,1,1
32036,98,116,-18,18
32037,132,143,-11,11
32038,119,109,10,10
32039,80,82,-2,2
32040,107,104,3,3
32041,94,91,3,3
32042,59,70,-11,11
32043,109,115,-6,6
32044,144,147,-3,3
32045,45,52,-7,7
32046,66,50,16,16
32047,122,123,-1,1
32048,88,92,-4,4
32049,53,51,2,2
32050,58,69,-11,11
32051,68,72,-4,4
32052,104,101,3,3
32053,129,132,-3,3
32054,55,62,-7,7
32055,80,73,7,7
32056,100,110,-10,10
32057,64,76,-12,12
32058,150,144,6,6
32059,80,81,-1,1
32060,96,93,3,3
32061,83,89,-6,6
32062,39,43,-4,4
32063,112,101,11,11
32064,146,137,9,9
32065,91,100,-9,9
32066,77,90,-13,13
32067,121,120,1,1
32068,113,111,2,2
32069,132,137,-5,5
32070,102,105,-3,3
32071,71,68,3,3
32072,81,80,1,1
32073,60,73,-13,13
32074,112,101,11,11
32075,95,91,4,4
32076,116,110,6,6
32077,85,94,-9,9
32078,116,123,-7,7
32079,107,105,2,2
32080,156,142,14,14
32081,84,91,-7,7
32082,77,77,0,0
32083,111,104,7,7
32084,61,86,-25,25
32085,124,125,-1,1
32086,106,101,5,5
32087,116,112,4,4
32088,64,79,-15,15
32089,108,107,1,1
32090,76,76,0,0
32091,72,77,-5,5
32092,75,76,-1,1
32093,66,69,-3,3
32094,128,133,-5,5
32095,189,166,23,23
32096,120,121,-1,1
32097,64,65,-1,1
32098,141,139,2,2
32099,96,94,2,2
32100,170,163,7,7
32101,83,87,-4,4
32102,101,104,-3,3
32103,81,92,-11,11
32104,43,50,-7,7
32105,150,142,8,8
32106,70,69,1,1
32107,89,83,6,6
32108,115,107,8,8
32109,103,102,1,1
32110,54,57,-3,3
32111,63,65,-2,2
32112,127,134,-7,7
32113,96,84,12,12
32114,79,97,-18,18
32115,83,86,-3,3
32116,108,105,3,3
32117,116,109,7,7
32118,121,114,7,7
32119,127,111,16,16
32120,109,112,-3,3
32121,96,97,-1,1
32122,82,82,0,0
32123,103,129,-26,26
32124,142,137,5,5
32125,161,147,14,14
32126,126,128,-2,2
32127,78,74,4,4
32128,157,153,4,4
32129,63,70,-7,7
32130,64,67,-3,3
32131,90,90,0,0
32132,95,101,-6,6
32133,146,140,6,6
32134,56,58,-2,2
32135,48,48,0,0
32136,68,70,-2,2
32137,94,100,-6,6
32138,87,87,0,0
32139,122,112,10,10
32140,126,113,13,13
32141,55,65,-10,10
32142,61,66,-5,5
32143,89,98,-9,9
32144,62,72,-10,10
32145,71,73,-2,2
32146,87,92,-5,5
32147,39,43,-4,4
32148,123,112,11,11
32149,79,89,-10,10
32150,109,103,6,6
32151,101,106,-5,5
32152,107,104,3,3
32153,114,111,3,3
32154,81,93,-12,12
32155,167,155,12,12
32156,71,74,-3,3
32157,65,74,-9,9
32158,76,74,2,2
32159,94,95,-1,1
32160,162,147,15,15
32161,86,102,-16,16
32162,162,157,5,5
32163,50,55,-5,5
32164,109,102,7,7
32165,70,70,0,0
32166,69,70,-1,1
32167,36,39,-3,3
32168,117,109,8,8
32169,104,92,12,12
32170,107,109,-2,2
32171,66,71,-5,5
32172,98,101,-3,3
32173,113,117,-4,4
32174,57,64,-7,7
32175,117,115,2,2
32176,79,94,-15,15
32177,88,92,-4,4
32178,101,101,0,0
32179,98,103,-5,5
32180,164,177,-13,13
32181,108,108,0,0
32182,79,79,0,0
32183,77,86,-9,9
32184,81,83,-2,2
32185,111,105,6,6
32186,108,106,2,2
32187,104,105,-1,1
32188,51,49,2,2
32189,79,82,-3,3
32190,141,133,8,8
32191,105,104,1,1
32192,79,84,-5,5
32193,121,111,10,10
32194,85,94,-9,9
32195,60,66,-6,6
32196,76,76,0,0
32197,66,67,-1,1
32198,140,128,12,12
32199,115,102,13,13
32200,135,121,14,14
32201,137,143,-6,6
32202,108,113,-5,5
32203,56,64,-8,8
32204,145,138,7,7
32205,107,100,7,7
32206,75,71,4,4
32207,73,77,-4,4
32208,58,63,-5,5
32209,73,71,2,2
32210,100,98,2,2
32211,154,145,9,9
32212,89,90,-1,1
32213,86,80,6,6
32214,218,191,27,27
32215,96,95,1,1
32216,72,77,-5,5
32217,136,145,-9,9
32218,197,186,11,11
32219,75,82,-7,7
32220,138,130,8,8
32221,112,117,-5,5
32222,97,105,-8,8
32223,50,59,-9,9
32224,144,133,11,11
32225,62,68,-6,6
32226,91,100,-9,9
32227,108,110,-2,2
32228,111,108,3,3
32229,154,142,12,12
32230,84,90,-6,6
32231,181,171,10,10
32232,80,83,-3,3
32233,134,128,6,6
32234,78,92,-14,14
32235,243,217,26,26
32236,59,57,2,2
32237,83,73,10,10
32238,76,70,6,6
32239,88,91,-3,3
32240,62,65,-3,3
32241,81,83,-2,2
32242,127,126,1,1
32243,119,111,8,8
32244,70,78,-8,8
32245,114,103,11,11
32246,91,93,-2,2
32247,120,106,14,14
32248,61,61,0,0
32249,73,75,-2,2
32250,77,89,-12,12
32251,175,172,3,3
32252,86,89,-3,3
32253,125,119,6,6
32254,109,103,6,6
32255,90,100,-10,10
32256,71,75,-4,4
32257,64,66,-2,2
32258,91,85,6,6
32259,116,111,5,5
32260,63,63,0,0
32261,79,85,-6,6
32262,56,56,0,0
32263,144,135,9,9
32264,130,114,16,16
32265,73,71,2,2
32266,64,60,4,4
32267,146,126,20,20
32268,30,53,-23,23
32269,107,107,0,0
32270,80,87,-7,7
32271,94,111,-17,17
32272,57,60,-3,3
32273,85,94,-9,9
32274,157,145,12,12
32275,131,131,0,0
32276,170,146,24,24
32277,115,119,-4,4
32278,124,108,16,16
32279,83,85,-2,2
32280,139,133,6,6
32281,104,107,-3,3
32282,54,60,-6,6
32283,117,110,7,7
32284,84,97,-13,13
32285,97,93,4,4
32286,50,49,1,1
32287,57,72,-15,15
32288,84,84,0,0
32289,70,75,-5,5
32290,75,82,-7,7
32291,33,56,-23,23
32292,110,125,-15,15
32293,60,65,-5,5
32294,66,72,-6,6
32295,121,112,9,9
32296,97,100,-3,3
32297,128,118,10,10
32298,82,82,0,0
32299,110,105,5,5
32300,135,136,-1,1
32301,96,99,-3,3
32302,79,74,5,5
32303,82,76,6,6
32304,112,103,9,9
32305,119,119,0,0
32306,113,93,20,20
32307,129,129,0,0
32308,30,37,-7,7
32309,143,140,3,3
32310,48,52,-4,4
32311,70,74,-4,4
32312,66,98,-32,32
32313,117,124,-7,7
32314,49,54,-5,5
32315,73,75,-2,2
32316,104,110,-6,6
32317,78,93,-15,15
32318,94,101,-7,7
32319,39,44,-5,5
32320,163,150,13,13
32321,131,131,0,0
32322,78,83,-5,5
32323,107,113,-6,6
32324,40,49,-9,9
32325,83,84,-1,1
32326,88,103,-15,15
32327,104,102,2,2
32328,116,107,9,9
32329,144,131,13,13
32330,93,98,-5,5
32331,89,91,-2,2
32332,110,104,6,6
32333,62,90,-28,28
32334,100,100,0,0
32335,79,82,-3,3
32336,80,80,0,0
32337,120,120,0,0
32338,84,99,-15,15
32339,88,94,-6,6
32340,132,138,-6,6
32341,93,93,0,0
32342,79,91,-12,12
32343,27,38,-11,11
32344,97,101,-4,4
32345,167,151,16,16
32346,146,152,-6,6
32347,45,47,-2,2
32348,53,55,-2,2
32349,57,61,-4,4
32350,40,48,-8,8
32351,77,92,-15,15
32352,120,117,3,3
32353,87,102,-15,15
32354,189,170,19,19
32355,84,93,-9,9
32356,68,67,1,1
32357,85,94,-9,9
32358,75,83,-8,8
32359,58,63,-5,5
32360,67,71,-4,4
32361,58,61,-3,3
32362,38,44,-6,6
32363,63,71,-8,8
32364,82,93,-11,11
32365,111,125,-14,14
32366,168,148,20,20
32367,67,70,-3,3
32368,92,94,-2,2
32369,43,43,0,0
32370,126,115,11,11
32371,94,97,-3,3
32372,108,117,-9,9
32373,80,92,-12,12
32374,159,145,14,14
32375,101,84,17,17
32376,71,71,0,0
32377,77,84,-7,7
32378,53,58,-5,5
32379,96,102,-6,6
32380,144,129,15,15
32381,96,101,-5,5
32382,120,121,-1,1
32383,91,93,-2,2
32384,57,69,-12,12
32385,95,102,-7,7
32386,114,117,-3,3
32387,115,121,-6,6
32388,63,59,4,4
32389,103,94,9,9
32390,213,193,20,20
32391,82,93,-11,11
32392,113,105,8,8
32393,75,80,-5,5
32394,122,127,-5,5
32395,82,72,10,10
32396,112,103,9,9
32397,114,111,3,3
32398,62,56,6,6
32399,145,129,16,16
32400,153,158,-5,5
32401,102,78,24,24
32402,65,72,-7,7
32403,79,69,10,10
32404,85,92,-7,7
32405,69,68,1,1
32406,69,75,-6,6
32407,106,84,22,22
32408,73,73,0,0
32409,95,91,4,4
32410,68,75,-7,7
32411,72,79,-7,7
32412,71,82,-11,11
32413,135,127,8,8
32414,115,109,6,6
32415,75,79,-4,4
32416,57,64,-7,7
32417,33,42,-9,9
32418,73,74,-1,1
32419,147,144,3,3
32420,100,102,-2,2
32421,81,84,-3,3
32422,130,129,1,1
32423,63,67,-4,4
32424,75,81,-6,6
32425,97,104,-7,7
32426,80,90,-10,10
32427,67,70,-3,3
32428,135,132,3,3
32429,48,52,-4,4
32430,113,115,-2,2
32431,62,65,-3,3
32432,66,67,-1,1
32433,62,57,5,5
32434,140,152,-12,12
32435,82,86,-4,4
32436,86,91,-5,5
32437,123,121,2,2
32438,134,128,6,6
32439,63,70,-7,7
32440,142,133,9,9
32441,63,65,-2,2
32442,94,91,3,3
32443,72,79,-7,7
32444,146,137,9,9
32445,90,74,16,16
32446,57,63,-6,6
32447,51,65,-14,14
32448,64,69,-5,5
32449,80,91,-11,11
32450,105,105,0,0
32451,109,108,1,1
32452,99,108,-9,9
32453,209,190,19,19
32454,82,76,6,6
32455,49,60,-11,11
32456,72,71,1,1
32457,62,67,-5,5
32458,50,60,-10,10
32459,153,151,2,2
32460,140,132,8,8
32461,95,92,3,3
32462,81,81,0,0
32463,114,105,9,9
32464,130,127,3,3
32465,31,40,-9,9
32466,86,94,-8,8
32467,100,107,-7,7
32468,58,63,-5,5
32469,58,60,-2,2
32470,95,90,5,5
32471,121,123,-2,2
32472,83,88,-5,5
32473,152,140,12,12
32474,138,140,-2,2
32475,128,129,-1,1
32476,92,104,-12,12
32477,64,71,-7,7
32478,72,81,-9,9
32479,110,115,-5,5
32480,57,59,-2,2
32481,99,100,-1,1
32482,98,94,4,4
32483,73,88,-15,15
32484,53,61,-8,8
32485,55,66,-11,11
32486,61,66,-5,5
32487,239,205,34,34
32488,86,91,-5,5
32489,133,116,17,17
32490,80,86,-6,6
32491,76,72,4,4
32492,79,74,5,5
32493,140,122,18,18
32494,97,102,-5,5
32495,74,65,9,9
32496,142,133,9,9
32497,82,84,-2,2
32498,62,64,-2,2
32499,101,108,-7,7
32500,69,87,-18,18
32501,171,170,1,1
32502,69,76,-7,7
32503,72,74,-2,2
32504,93,94,-1,1
32505,78,90,-12,12
32506,68,72,-4,4
32507,54,59,-5,5
32508,110,111,-1,1
32509,69,82,-13,13
32510,92,91,1,1
32511,65,68,-3,3
32512,28,31,-3,3
32513,65,71,-6,6
32514,69,64,5,5
32515,119,106,13,13
32516,78,76,2,2
32517,75,74,1,1
32518,70,70,0,0
32519,57,70,-13,13
32520,88,93,-5,5
32521,80,73,7,7
32522,113,112,1,1
32523,63,69,-6,6
32524,91,91,0,0
32525,141,123,18,18
32526,88,92,-4,4
32527,46,57,-11,11
32528,109,105,4,4
32529,98,104,-6,6
32530,177,162,15,15
32531,142,137,5,5
32532,56,64,-8,8
32533,166,147,19,19
32534,70,72,-2,2
32535,64,71,-7,7
32536,70,74,-4,4
32537,66,75,-9,9
32538,104,98,6,6
32539,131,118,13,13
32540,82,87,-5,5
32541,65,68,-3,3
32542,95,96,-1,1
32543,79,75,4,4
32544,86,87,-1,1
32545,84,86,-2,2
32546,103,93,10,10
32547,77,79,-2,2
32548,125,115,10,10
32549,122,119,3,3
32550,64,66,-2,2
32551,95,106,-11,11
32552,79,84,-5,5
32553,67,68,-1,1
32554,160,147,13,13
32555,103,104,-1,1
32556,114,109,5,5
32557,74,82,-8,8
32558,123,120,3,3
32559,50,59,-9,9
32560,53,61,-8,8
32561,195,192,3,3
32562,71,76,-5,5
32563,171,144,27,27
32564,90,98,-8,8
32565,75,79,-4,4
32566,84,90,-6,6
32567,86,103,-17,17
32568,101,104,-3,3
32569,131,117,14,14
32570,159,141,18,18
32571,52,63,-11,11
32572,119,115,4,4
32573,85,85,0,0
32574,97,97,0,0
32575,73,81,-8,8
32576,54,66,-12,12
32577,73,71,2,2
32578,127,121,6,6
32579,164,158,6,6
32580,104,94,10,10
32581,57,57,0,0
32582,40,52,-12,12
32583,103,105,-2,2
32584,149,135,14,14
32585,105,102,3,3
32586,184,163,21,21
32587,74,74,0,0
32588,145,128,17,17
32589,74,83,-9,9
32590,83,97,-14,14
32591,82,78,4,4
32592,85,93,-8,8
32593,133,133,0,0
32594,68,69,-1,1
32595,56,70,-14,14
32596,183,171,12,12
32597,66,69,-3,3
32598,115,126,-11,11
32599,86,90,-4,4
32600,64,71,-7,7
32601,41,47,-6,6
32602,97,114,-17,17
32603,76,76,0,0
32604,64,68,-4,4
32605,67,70,-3,3
32606,92,91,1,1
32607,86,91,-5,5
32608,86,91,-5,5
32609,114,111,3,3
32610,134,120,14,14
32611,80,74,6,6
32612,151,165,-14,14
32613,99,99,0,0
32614,144,138,6,6
32615,118,107,11,11
32616,74,78,-4,4
32617,85,82,3,3
32618,51,65,-14,14
32619,57,65,-8,8
32620,152,144,8,8
32621,80,85,-5,5
32622,83,78,5,5
32623,69,68,1,1
32624,126,140,-14,14
32625,178,160,18,18
32626,101,108,-7,7
32627,110,108,2,2
32628,53,63,-10,10
32629,89,101,-12,12
32630,97,100,-3,3
32631,81,81,0,0
32632,87,88,-1,1
32633,52,53,-1,1
32634,98,98,0,0
32635,109,104,5,5
32636,103,104,-1,1
32637,90,76,14,14
32638,73,73,0,0
32639,157,151,6,6
32640,106,100,6,6
32641,144,138,6,6
32642,105,108,-3,3
32643,191,176,15,15
32644,79,76,3,3
32645,113,107,6,6
32646,66,69,-3,3
32647,62,83,-21,21
32648,71,83,-12,12
32649,93,95,-2,2
32650,90,80,10,10
32651,81,81,0,0
32652,97,106,-9,9
32653,43,62,-19,19
32654,150,133,17,17
32655,78,77,1,1
32656,122,107,15,15
32657,76,77,-1,1
32658,50,63,-13,13
32659,78,93,-15,15
32660,68,82,-14,14
32661,92,90,2,2
32662,65,75,-10,10
32663,112,107,5,5
32664,69,73,-4,4
32665,86,89,-3,3
32666,73,73,0,0
32667,99,98,1,1
32668,99,100,-1,1
32669,70,79,-9,9
32670,88,87,1,1
32671,66,69,-3,3
32672,123,114,9,9
32673,72,65,7,7
32674,120,128,-8,8
32675,51,63,-12,12
32676,68,63,5,5
32677,103,107,-4,4
32678,76,77,-1,1
32679,77,90,-13,13
32680,143,152,-9,9
32681,128,128,0,0
32682,87,81,6,6
32683,47,50,-3,3
32684,119,117,2,2
32685,119,115,4,4
32686,52,60,-8,8
32687,123,101,22,22
32688,78,83,-5,5
32689,135,135,0,0
32690,65,69,-4,4
32691,50,57,-7,7
32692,59,83,-24,24
32693,95,87,8,8
32694,74,91,-17,17
32695,127,111,16,16
32696,135,108,27,27
32697,80,82,-2,2
32698,81,90,-9,9
32699,102,102,0,0
32700,131,126,5,5
32701,96,92,4,4
32702,100,104,-4,4
32703,104,103,1,1
32704,112,110,2,2
32705,103,94,9,9
32706,96,98,-2,2
32707,86,84,2,2
32708,130,133,-3,3
32709,47,50,-3,3
32710,118,110,8,8
32711,81,83,-2,2
32712,117,94,23,23
32713,77,80,-3,3
32714,129,120,9,9
32715,111,95,16,16
32716,131,124,7,7
32717,67,73,-6,6
32718,66,65,1,1
32719,111,117,-6,6
32720,71,85,-14,14
32721,58,58,0,0
32722,61,79,-18,18
32723,65,67,-2,2
32724,91,97,-6,6
32725,126,119,7,7
32726,79,63,16,16
32727,98,93,5,5
32728,83,105,-22,22
32729,46,50,-4,4
32730,71,73,-2,2
32731,56,70,-14,14
32732,74,71,3,3
32733,86,83,3,3
32734,125,122,3,3
32735,71,70,1,1
32736,62,66,-4,4
32737,96,68,28,28
32738,145,123,22,22
32739,73,72,1,1
32740,67,71,-4,4
32741,87,91,-4,4
32742,79,72,7,7
32743,93,98,-5,5
32744,72,74,-2,2
32745,68,68,0,0
32746,72,74,-2,2
32747,132,122,10,10
32748,75,74,1,1
32749,86,91,-5,5
32750,101,99,2,2
32751,193,193,0,0
32752,124,117,7,7
32753,96,90,6,6
32754,102,105,-3,3
32755,48,49,-1,1
32756,95,90,5,5
32757,172,167,5,5
32758,174,171,3,3
32759,171,149,22,22
32760,64,64,0,0
32761,90,95,-5,5
32762,77,81,-4,4
32763,79,81,-2,2
32764,82,83,-1,1
32765,128,124,4,4
32766,96,100,-4,4
32767,88,93,-5,5
32768,78,82,-4,4
32769,115,118,-3,3
32770,75,84,-9,9
32771,132,125,7,7
32772,161,145,16,16
32773,117,109,8,8
32774,61,60,1,1
32775,84,76,8,8
32776,102,105,-3,3
32777,108,106,2,2
32778,108,119,-11,11
32779,156,151,5,5
32780,107,105,2,2
32781,74,72,2,2
32782,185,194,-9,9
32783,61,75,-14,14
32784,106,104,2,2
32785,73,78,-5,5
32786,83,74,9,9
32787,53,60,-7,7
32788,216,197,19,19
32789,90,91,-1,1
32790,94,104,-10,10
32791,113,117,-4,4
32792,48,54,-6,6
32793,125,139,-14,14
32794,58,63,-5,5
32795,112,111,1,1
32796,91,86,5,5
32797,90,102,-12,12
32798,104,99,5,5
32799,59,66,-7,7
32800,74,78,-4,4
32801,99,106,-7,7
32802,76,85,-9,9
32803,101,103,-2,2
32804,143,133,10,10
32805,66,71,-5,5
32806,108,91,17,17
32807,126,118,8,8
32808,102,99,3,3
32809,106,111,-5,5
32810,84,85,-1,1
32811,133,127,6,6
32812,68,71,-3,3
32813,133,130,3,3
32814,91,92,-1,1
32815,148,142,6,6
32816,131,120,11,11
32817,105,97,8,8
32818,111,118,-7,7
32819,50,55,-5,5
32820,118,107,11,11
32821,56,67,-11,11
32822,76,80,-4,4
32823,141,129,12,12
32824,162,152,10,10
32825,144,142,2,2
32826,131,139,-8,8
32827,57,55,2,2
32828,105,123,-18,18
32829,74,73,1,1
32830,118,142,-24,24
32831,157,150,7,7
32832,105,102,3,3
32833,90,90,0,0
32834,96,103,-7,7
32835,161,159,2,2
32836,83,82,1,1
32837,145,134,11,11
32838,55,60,-5,5
32839,113,124,-11,11
32840,72,77,-5,5
32841,199,191,8,8
32842,57,72,-15,15
32843,86,91,-5,5
32844,124,115,9,9
32845,59,75,-16,16
32846,65,57,8,8
32847,82,84,-2,2
32848,127,127,0,0
32849,82,93,-11,11
32850,101,95,6,6
32851,105,101,4,4
32852,94,96,-2,2
32853,125,115,10,10
32854,96,78,18,18
32855,48,55,-7,7
32856,68,74,-6,6
32857,98,102,-4,4
32858,152,141,11,11
32859,139,116,23,23
32860,80,90,-10,10
32861,113,110,3,3
32862,102,114,-12,12
32863,94,93,1,1
32864,56,63,-7,7
32865,112,111,1,1
32866,71,72,-1,1
32867,163,157,6,6
32868,95,102,-7,7
32869,165,160,5,5
32870,100,104,-4,4
32871,104,103,1,1
32872,68,82,-14,14
32873,152,141,11,11
32874,62,73,-11,11
32875,56,62,-6,6
32876,87,94,-7,7
32877,48,54,-6,6
32878,85,85,0,0
32879,82,102,-20,20
32880,70,91,-21,21
32881,80,82,-2,2
32882,100,106,-6,6
32883,158,146,12,12
32884,143,134,9,9
32885,76,76,0,0
32886,64,70,-6,6
32887,121,113,8,8
32888,72,77,-5,5
32889,53,57,-4,4
32890,202,183,19,19
32891,54,60,-6,6
32892,58,61,-3,3
32893,125,121,4,4
32894,74,68,6,6
32895,58,103,-45,45
32896,144,141,3,3
32897,124,121,3,3
32898,84,88,-4,4
32899,27,65,-38,38
32900,84,79,5,5
32901,176,153,23,23
32902,44,53,-9,9
32903,66,71,-5,5
32904,73,85,-12,12
32905,71,92,-21,21
32906,42,74,-32,32
32907,61,89,-28,28
32908,71,70,1,1
32909,90,100,-10,10
32910,74,71,3,3
32911,109,101,8,8
32912,124,116,8,8
32913,94,94,0,0
32914,158,165,-7,7
32915,97,92,5,5
32916,73,69,4,4
32917,90,100,-10,10
32918,64,66,-2,2
32919,144,146,-2,2
32920,104,110,-6,6
32921,186,164,22,22
32922,102,99,3,3
32923,85,86,-1,1
32924,96,101,-5,5
32925,122,115,7,7
32926,97,97,0,0
32927,96,94,2,2
32928,50,49,1,1
32929,110,128,-18,18
32930,89,92,-3,3
32931,98,96,2,2
32932,123,133,-10,10
32933,53,58,-5,5
32934,114,116,-2,2
32935,152,152,0,0
32936,146,149,-3,3
32937,134,125,9,9
32938,105,111,-6,6
32939,38,73,-35,35
32940,99,96,3,3
32941,107,103,4,4
32942,92,86,6,6
32943,120,117,3,3
32944,129,127,2,2
32945,95,93,2,2
32946,90,92,-2,2
32947,103,105,-2,2
32948,114,110,4,4
32949,59,66,-7,7
32950,36,42,-6,6
32951,99,100,-1,1
32952,76,75,1,1
32953,149,118,31,31
32954,106,93,13,13
32955,61,73,-12,12
32956,47,67,-20,20
32957,158,167,-9,9
32958,54,59,-5,5
32959,50,59,-9,9
32960,98,98,0,0
32961,94,91,3,3
32962,67,71,-4,4
32963,49,54,-5,5
32964,146,139,7,7
32965,135,122,13,13
32966,87,82,5,5
32967,98,106,-8,8
32968,59,63,-4,4
32969,86,83,3,3
32970,62,68,-6,6
32971,113,108,5,5
32972,93,95,-2,2
32973,75,85,-10,10
32974,83,82,1,1
32975,138,133,5,5
32976,67,73,-6,6
32977,84,78,6,6
32978,117,122,-5,5
32979,64,69,-5,5
32980,80,80,0,0
32981,85,91,-6,6
32982,67,71,-4,4
32983,96,99,-3,3
32984,72,76,-4,4
32985,63,75,-12,12
32986,151,134,17,17
32987,49,58,-9,9
32988,103,89,14,14
32989,32,39,-7,7
32990,70,67,3,3
32991,135,134,1,1
32992,55,61,-6,6
32993,99,102,-3,3
32994,114,115,-1,1
32995,82,79,3,3
32996,119,120,-1,1
32997,104,105,-1,1
32998,123,113,10,10
32999,113,118,-5,5
33000,153,150,3,3
33001,89,96,-7,7
33002,48,73,-25,25
33003,113,105,8,8
33004,83,88,-5,5
33005,129,116,13,13
33006,67,76,-9,9
33007,96,92,4,4
33008,92,95,-3,3
33009,103,97,6,6
33010,121,109,12,12
33011,48,62,-14,14
33012,98,92,6,6
33013,112,109,3,3
33014,107,109,-2,2
33015,92,84,8,8
33016,72,81,-9,9
33017,86,90,-4,4
33018,86,86,0,0
33019,120,108,12,12
33020,65,72,-7,7
33021,86,84,2,2
33022,138,125,13,13
33023,74,85,-11,11
33024,60,67,-7,7
33025,125,112,13,13
33026,61,69,-8,8
33027,99,99,0,0
33028,150,140,10,10
33029,69,69,0,0
33030,41,44,-3,3
33031,108,103,5,5
33032,163,164,-1,1
33033,121,111,10,10
33034,72,77,-5,5
33035,109,104,5,5
33036,133,135,-2,2
33037,74,80,-6,6
33038,119,123,-4,4
33039,77,77,0,0
33040,97,109,-12,12
33041,76,82,-6,6
33042,102,96,6,6
33043,88,83,5,5
33044,139,132,7,7
33045,93,93,0,0
33046,171,163,8,8
33047,115,130,-15,15
33048,73,74,-1,1
33049,102,99,3,3
33050,97,102,-5,5
33051,107,112,-5,5
33052,180,176,4,4
33053,78,82,-4,4
33054,279,260,19,19
33055,86,95,-9,9
33056,80,82,-2,2
33057,131,137,-6,6
33058,49,58,-9,9
33059,100,95,5,5
33060,53,65,-12,12
33061,116,110,6,6
33062,61,65,-4,4
33063,73,68,5,5
33064,70,68,2,2
33065,56,60,-4,4
33066,69,70,-1,1
33067,76,74,2,2
33068,57,65,-8,8
33069,36,38,-2,2
33070,75,89,-14,14
33071,62,63,-1,1
33072,78,78,0,0
33073,112,111,1,1
33074,85,82,3,3
33075,164,143,21,21
33076,52,67,-15,15
33077,102,102,0,0
33078,34,43,-9,9
33079,52,61,-9,9
33080,63,79,-16,16
33081,60,65,-5,5
33082,145,138,7,7
33083,74,81,-7,7
33084,106,110,-4,4
33085,53,56,-3,3
33086,114,117,-3,3
33087,135,140,-5,5
33088,119,117,2,2
33089,84,103,-19,19
33090,62,67,-5,5
33091,150,145,5,5
33092,178,196,-18,18
33093,125,126,-1,1
33094,125,125,0,0
33095,56,65,-9,9
33096,83,91,-8,8
33097,79,92,-13,13
33098,66,71,-5,5
33099,62,65,-3,3
33100,77,83,-6,6
33101,113,116,-3,3
33102,119,122,-3,3
33103,100,93,7,7
33104,121,121,0,0
33105,102,99,3,3
33106,106,116,-10,10
33107,67,69,-2,2
33108,104,96,8,8
33109,133,132,1,1
33110,138,128,10,10
33111,62,74,-12,12
33112,110,116,-6,6
33113,140,131,9,9
33114,80,78,2,2
33115,103,106,-3,3
33116,114,108,6,6
33117,55,56,-1,1
33118,91,92,-1,1
33119,38,49,-11,11
33120,89,79,10,10
33121,129,125,4,4
33122,30,68,-38,38
33123,103,101,2,2
33124,100,104,-4,4
33125,87,95,-8,8
33126,99,96,3,3
33127,87,86,1,1
33128,91,101,-10,10
33129,105,101,4,4
33130,104,103,1,1
33131,46,51,-5,5
33132,86,82,4,4
33133,59,75,-16,16
33134,135,137,-2,2
33135,47,53,-6,6
33136,108,96,12,12
33137,108,102,6,6
33138,120,121,-1,1
33139,50,76,-26,26
33140,102,117,-15,15
33141,129,136,-7,7
33142,82,117,-35,35
33143,141,126,15,15
33144,87,83,4,4
33145,108,107,1,1
33146,113,127,-14,14
33147,166,159,7,7
33148,82,83,-1,1
33149,34,65,-31,31
33150,57,62,-5,5
33151,128,133,-5,5
33152,86,96,-10,10
33153,70,70,0,0
33154,106,103,3,3
33155,111,110,1,1
33156,89,100,-11,11
33157,28,27,1,1
33158,102,104,-2,2
33159,159,135,24,24
33160,170,152,18,18
33161,98,102,-4,4
33162,77,82,-5,5
33163,118,120,-2,2
33164,96,94,2,2
33165,51,63,-12,12
33166,63,63,0,0
33167,70,72,-2,2
33168,99,112,-13,13
33169,58,60,-2,2
33170,60,65,-5,5
33171,78,83,-5,5
33172,45,62,-17,17
33173,89,101,-12,12
33174,69,75,-6,6
33175,84,91,-7,7
33176,73,73,0,0
33177,178,158,20,20
33178,63,73,-10,10
33179,108,105,3,3
33180,105,108,-3,3
33181,43,50,-7,7
33182,82,84,-2,2
33183,76,82,-6,6
33184,143,125,18,18
33185,91,92,-1,1
33186,63,68,-5,5
33187,136,131,5,5
33188,83,82,1,1
33189,128,121,7,7
33190,63,71,-8,8
33191,72,76,-4,4
33192,96,103,-7,7
33193,66,62,4,4
33194,89,104,-15,15
33195,74,71,3,3
33196,69,72,-3,3
33197,86,87,-1,1
33198,105,102,3,3
33199,92,100,-8,8
33200,49,60,-11,11
33201,151,129,22,22
33202,87,97,-10,10
33203,86,90,-4,4
33204,55,58,-3,3
33205,113,127,-14,14
33206,96,101,-5,5
33207,84,85,-1,1
33208,102,102,0,0
33209,85,94,-9,9
33210,141,138,3,3
33211,90,79,11,11
33212,57,62,-5,5
33213,80,91,-11,11
33214,111,107,4,4
33215,82,118,-36,36
33216,85,92,-7,7
33217,85,82,3,3
33218,67,70,-3,3
33219,86,82,4,4
33220,102,98,4,4
33221,71,73,-2,2
33222,130,153,-23,23
33223,76,84,-8,8
33224,70,75,-5,5
33225,86,94,-8,8
33226,55,52,3,3
33227,97,101,-4,4
33228,98,115,-17,17
33229,70,66,4,4
33230,102,102,0,0
33231,79,73,6,6
33232,104,103,1,1
33233,70,67,3,3
33234,94,93,1,1
33235,103,105,-2,2
33236,102,110,-8,8
33237,102,100,2,2
33238,67,69,-2,2
33239,165,158,7,7
33240,73,93,-20,20
33241,149,132,17,17
33242,92,92,0,0
33243,57,70,-13,13
33244,76,70,6,6
33245,129,122,7,7
33246,66,72,-6,6
33247,132,126,6,6
33248,108,102,6,6
33249,162,172,-10,10
33250,104,102,2,2
33251,98,107,-9,9
33252,81,80,1,1
33253,106,109,-3,3
33254,134,137,-3,3
33255,118,118,0,0
33256,156,136,20,20
33257,73,74,-1,1
33258,106,107,-1,1
33259,64,65,-1,1
33260,66,66,0,0
33261,126,112,14,14
33262,103,108,-5,5
33263,57,63,-6,6
33264,158,162,-4,4
33265,103,102,1,1
33266,103,104,-1,1
33267,172,166,6,6
33268,137,135,2,2
33269,95,92,3,3
33270,127,117,10,10
33271,87,90,-3,3
33272,136,115,21,21
33273,51,58,-7,7
33274,95,94,1,1
33275,100,103,-3,3
33276,140,133,7,7
33277,102,108,-6,6
33278,69,71,-2,2
33279,148,140,8,8
33280,121,135,-14,14
33281,133,130,3,3
33282,106,111,-5,5
33283,95,92,3,3
33284,71,86,-15,15
33285,148,147,1,1
33286,188,177,11,11
33287,111,108,3,3
33288,88,94,-6,6
33289,71,89,-18,18
33290,83,90,-7,7
33291,44,52,-8,8
33292,69,71,-2,2
33293,44,47,-3,3
33294,111,107,4,4
33295,105,110,-5,5
33296,76,82,-6,6
33297,95,101,-6,6
33298,181,175,6,6
33299,128,116,12,12
33300,81,80,1,1
33301,175,155,20,20
33302,57,60,-3,3
33303,70,71,-1,1
33304,77,73,4,4
33305,61,67,-6,6
33306,108,113,-5,5
33307,69,75,-6,6
33308,61,62,-1,1
33309,116,111,5,5
33310,50,56,-6,6
33311,95,90,5,5
33312,62,73,-11,11
33313,161,147,14,14
33314,101,103,-2,2
33315,84,86,-2,2
33316,87,95,-8,8
33317,71,75,-4,4
33318,56,64,-8,8
33319,77,79,-2,2
33320,100,116,-16,16
33321,74,78,-4,4
33322,59,70,-11,11
33323,117,114,3,3
33324,102,102,0,0
33325,97,99,-2,2
33326,77,80,-3,3
33327,128,135,-7,7
33328,89,92,-3,3
33329,67,71,-4,4
33330,69,76,-7,7
33331,104,105,-1,1
33332,55,64,-9,9
33333,62,66,-4,4
33334,101,100,1,1
33335,78,84,-6,6
33336,86,76,10,10
33337,81,80,1,1
33338,104,98,6,6
33339,57,59,-2,2
33340,101,97,4,4
33341,84,82,2,2
33342,73,84,-11,11
33343,106,108,-2,2
33344,102,110,-8,8
33345,71,78,-7,7
33346,144,143,1,1
33347,131,118,13,13
33348,82,74,8,8
33349,83,78,5,5
33350,169,160,9,9
33351,70,71,-1,1
33352,158,147,11,11
33353,162,137,25,25
33354,104,102,2,2
33355,52,48,4,4
33356,59,60,-1,1
33357,70,75,-5,5
33358,112,122,-10,10
33359,106,100,6,6
33360,130,122,8,8
33361,111,102,9,9
33362,117,108,9,9
33363,118,128,-10,10
33364,74,84,-10,10
33365,52,58,-6,6
33366,97,108,-11,11
33367,72,76,-4,4
33368,84,81,3,3
33369,50,58,-8,8
33370,101,103,-2,2
33371,52,59,-7,7
33372,85,91,-6,6
33373,90,91,-1,1
33374,66,75,-9,9
33375,132,116,16,16
33376,91,96,-5,5
33377,46,56,-10,10
33378,36,46,-10,10
33379,94,95,-1,1
33380,65,67,-2,2
33381,85,88,-3,3
33382,78,77,1,1
33383,140,146,-6,6
33384,79,83,-4,4
33385,108,107,1,1
33386,84,84,0,0
33387,89,92,-3,3
33388,119,106,13,13
33389,52,53,-1,1
33390,130,113,17,17
33391,57,55,2,2
33392,128,121,7,7
33393,106,97,9,9
33394,65,62,3,3
33395,75,83,-8,8
33396,153,155,-2,2
33397,42,48,-6,6
33398,70,72,-2,2
33399,157,151,6,6
33400,153,146,7,7
33401,93,88,5,5
33402,85,86,-1,1
33403,70,81,-11,11
33404,84,93,-9,9
33405,61,64,-3,3
33406,80,82,-2,2
33407,60,62,-2,2
33408,60,64,-4,4
33409,122,115,7,7
33410,87,92,-5,5
33411,207,164,43,43
33412,102,105,-3,3
33413,52,65,-13,13
33414,75,78,-3,3
33415,62,65,-3,3
33416,82,92,-10,10
33417,144,124,20,20
33418,130,136,-6,6
33419,90,79,11,11
33420,71,77,-6,6
33421,77,72,5,5
33422,72,74,-2,2
33423,46,51,-5,5
33424,55,66,-11,11
33425,64,98,-34,34
33426,73,72,1,1
33427,76,84,-8,8
33428,100,104,-4,4
33429,108,99,9,9
33430,130,123,7,7
33431,136,127,9,9
33432,89,92,-3,3
33433,79,87,-8,8
33434,110,103,7,7
33435,125,127,-2,2
33436,79,92,-13,13
33437,32,30,2,2
33438,97,127,-30,30
33439,135,131,4,4
33440,93,97,-4,4
33441,111,113,-2,2
33442,87,102,-15,15
33443,131,117,14,14
33444,72,73,-1,1
33445,72,84,-12,12
33446,192,166,26,26
33447,129,117,12,12
33448,102,102,0,0
33449,86,79,7,7
33450,134,121,13,13
33451,157,151,6,6
33452,75,80,-5,5
33453,93,99,-6,6
33454,96,96,0,0
33455,105,106,-1,1
33456,110,106,4,4
33457,137,127,10,10
33458,194,189,5,5
33459,82,82,0,0
33460,102,114,-12,12
33461,92,98,-6,6
33462,119,102,17,17
33463,113,108,5,5
33464,85,90,-5,5
33465,66,73,-7,7
33466,145,137,8,8
33467,112,112,0,0
33468,133,132,1,1
33469,113,102,11,11
33470,175,149,26,26
33471,113,116,-3,3
33472,59,62,-3,3
33473,97,103,-6,6
33474,74,75,-1,1
33475,53,55,-2,2
33476,108,110,-2,2
33477,133,116,17,17
33478,46,51,-5,5
33479,135,119,16,16
33480,111,105,6,6
33481,117,108,9,9
33482,69,73,-4,4
33483,175,155,20,20
33484,83,82,1,1
33485,80,85,-5,5
33486,95,105,-10,10
33487,80,83,-3,3
33488,71,75,-4,4
33489,61,64,-3,3
33490,83,86,-3,3
33491,168,153,15,15
33492,78,76,2,2
33493,79,91,-12,12
33494,112,122,-10,10
33495,73,76,-3,3
33496,71,89,-18,18
33497,86,91,-5,5
33498,105,113,-8,8
33499,103,103,0,0
33500,81,84,-3,3
33501,70,74,-4,4
33502,107,100,7,7
33503,150,147,3,3
33504,70,66,4,4
33505,80,89,-9,9
33506,48,62,-14,14
33507,100,107,-7,7
33508,52,66,-14,14
33509,97,99,-2,2
33510,172,163,9,9
33511,28,34,-6,6
33512,42,77,-35,35
33513,120,116,4,4
33514,60,68,-8,8
33515,118,116,2,2
33516,175,160,15,15
33517,69,74,-5,5
33518,50,56,-6,6
33519,90,94,-4,4
33520,109,106,3,3
33521,63,74,-11,11
33522,63,67,-4,4
33523,54,61,-7,7
33524,115,113,2,2
33525,61,68,-7,7
33526,91,97,-6,6
33527,76,95,-19,19
33528,72,81,-9,9
33529,64,69,-5,5
33530,47,50,-3,3
33531,67,67,0,0
33532,111,107,4,4
33533,102,128,-26,26
33534,68,67,1,1
33535,101,93,8,8
33536,154,133,21,21
33537,71,75,-4,4
33538,77,75,2,2
33539,74,74,0,0
33540,95,102,-7,7
33541,98,100,-2,2
33542,87,84,3,3
33543,134,131,3,3
33544,118,115,3,3
33545,146,141,5,5
33546,82,98,-16,16
33547,85,73,12,12
33548,68,93,-25,25
33549,62,65,-3,3
33550,79,70,9,9
33551,33,39,-6,6
33552,130,117,13,13
33553,88,73,15,15
33554,132,128,4,4
33555,69,78,-9,9
33556,98,92,6,6
33557,113,101,12,12
33558,84,91,-7,7
33559,78,78,0,0
33560,121,114,7,7
33561,69,74,-5,5
33562,70,90,-20,20
33563,89,96,-7,7
33564,97,97,0,0
33565,89,90,-1,1
33566,128,126,2,2
33567,149,145,4,4
33568,115,108,7,7
33569,68,73,-5,5
33570,44,44,0,0
33571,36,43,-7,7
33572,64,82,-18,18
33573,75,68,7,7
33574,85,86,-1,1
33575,90,96,-6,6
33576,98,111,-13,13
33577,110,99,11,11
33578,91,100,-9,9
33579,179,162,17,17
33580,97,86,11,11
33581,65,73,-8,8
33582,111,115,-4,4
33583,191,167,24,24
33584,181,157,24,24
33585,58,69,-11,11
33586,90,79,11,11
33587,101,95,6,6
33588,164,140,24,24
33589,117,106,11,11
33590,84,95,-11,11
33591,112,107,5,5
33592,117,107,10,10
33593,80,84,-4,4
33594,150,137,13,13
33595,94,99,-5,5
33596,115,117,-2,2
33597,157,140,17,17
33598,69,77,-8,8
33599,61,65,-4,4
33600,97,101,-4,4
33601,74,79,-5,5
33602,90,94,-4,4
33603,59,63,-4,4
33604,121,105,16,16
33605,102,96,6,6
33606,107,114,-7,7
33607,102,110,-8,8
33608,256,240,16,16
33609,75,81,-6,6
33610,80,83,-3,3
33611,67,74,-7,7
33612,122,116,6,6
33613,65,63,2,2
33614,74,83,-9,9
33615,86,91,-5,5
33616,206,195,11,11
33617,139,141,-2,2
33618,76,77,-1,1
33619,186,171,15,15
33620,111,112,-1,1
33621,80,73,7,7
33622,148,141,7,7
33623,76,85,-9,9
33624,123,142,-19,19
33625,79,99,-20,20
33626,118,111,7,7
33627,51,56,-5,5
33628,88,104,-16,16
33629,157,152,5,5
33630,84,92,-8,8
33631,129,116,13,13
33632,131,116,15,15
33633,74,97,-23,23
33634,93,95,-2,2
33635,88,92,-4,4
33636,74,86,-12,12
33637,102,100,2,2
33638,143,134,9,9
33639,67,68,-1,1
33640,197,187,10,10
33641,98,93,5,5
33642,117,105,12,12
33643,120,122,-2,2
33644,118,122,-4,4
33645,63,54,9,9
33646,139,139,0,0
33647,144,146,-2,2
33648,96,94,2,2
33649,110,94,16,16
33650,121,123,-2,2
33651,68,80,-12,12
33652,84,105,-21,21
33653,118,115,3,3
33654,96,98,-2,2
33655,78,83,-5,5
33656,27,31,-4,4
33657,157,144,13,13
33658,137,125,12,12
33659,107,108,-1,1
33660,95,97,-2,2
33661,45,61,-16,16
33662,69,101,-32,32
33663,196,173,23,23
33664,108,96,12,12
33665,88,85,3,3
33666,199,176,23,23
33667,111,116,-5,5
33668,179,163,16,16
33669,157,151,6,6
33670,82,73,9,9
33671,77,74,3,3
33672,56,55,1,1
33673,63,72,-9,9
33674,196,180,16,16
33675,89,99,-10,10
33676,126,119,7,7
33677,39,37,2,2
33678,80,92,-12,12
33679,97,99,-2,2
33680,85,83,2,2
33681,58,59,-1,1
33682,132,122,10,10
33683,54,71,-17,17
33684,99,102,-3,3
33685,91,99,-8,8
33686,75,72,3,3
33687,57,71,-14,14
33688,66,73,-7,7
33689,105,113,-8,8
33690,51,54,-3,3
33691,134,124,10,10
33692,27,39,-12,12
33693,71,69,2,2
33694,65,65,0,0
33695,112,95,17,17
33696,100,107,-7,7
33697,56,60,-4,4
33698,74,74,0,0
33699,137,130,7,7
33700,96,102,-6,6
33701,113,123,-10,10
33702,56,63,-7,7
33703,91,99,-8,8
33704,179,172,7,7
33705,54,54,0,0
33706,90,98,-8,8
33707,92,92,0,0
33708,87,83,4,4
33709,122,110,12,12
33710,150,134,16,16
33711,90,91,-1,1
33712,98,97,1,1
33713,59,65,-6,6
33714,122,119,3,3
33715,150,148,2,2
33716,74,73,1,1
33717,65,73,-8,8
33718,53,62,-9,9
33719,93,93,0,0
33720,108,104,4,4
33721,70,81,-11,11
33722,135,127,8,8
33723,87,101,-14,14
33724,65,78,-13,13
33725,55,51,4,4
33726,40,46,-6,6
33727,88,84,4,4
33728,168,150,18,18
33729,37,41,-4,4
33730,80,74,6,6
33731,92,84,8,8
33732,157,141,16,16
33733,121,122,-1,1
33734,119,123,-4,4
33735,131,109,22,22
33736,112,103,9,9
33737,71,85,-14,14
33738,73,74,-1,1
33739,99,97,2,2
33740,81,75,6,6
33741,70,75,-5,5
33742,91,92,-1,1
33743,63,67,-4,4
33744,65,65,0,0
33745,92,102,-10,10
33746,83,79,4,4
33747,62,70,-8,8
33748,137,134,3,3
33749,194,173,21,21
33750,104,99,5,5
33751,136,132,4,4
33752,149,141,8,8
33753,109,109,0,0
33754,70,72,-2,2
33755,121,116,5,5
33756,73,76,-3,3
33757,97,94,3,3
33758,105,100,5,5
33759,131,122,9,9
33760,118,111,7,7
33761,97,95,2,2
33762,49,52,-3,3
33763,110,110,0,0
33764,87,98,-11,11
33765,107,106,1,1
33766,72,73,-1,1
33767,173,162,11,11
33768,117,117,0,0
33769,91,99,-8,8
33770,93,82,11,11
33771,34,26,8,8
33772,75,72,3,3
33773,110,115,-5,5
33774,76,90,-14,14
33775,122,152,-30,30
33776,94,101,-7,7
33777,60,66,-6,6
33778,96,100,-4,4
33779,92,101,-9,9
33780,155,142,13,13
33781,116,107,9,9
33782,113,111,2,2
33783,70,66,4,4
33784,127,131,-4,4
33785,104,111,-7,7
33786,103,106,-3,3
33787,66,64,2,2
33788,58,63,-5,5
33789,47,63,-16,16
33790,124,127,-3,3
33791,47,46,1,1
33792,134,124,10,10
33793,126,111,15,15
33794,133,132,1,1
33795,101,105,-4,4
33796,48,51,-3,3
33797,69,80,-11,11
33798,62,66,-4,4
33799,112,102,10,10
33800,124,130,-6,6
33801,68,69,-1,1
33802,70,70,0,0
33803,98,103,-5,5
33804,61,77,-16,16
33805,98,106,-8,8
33806,128,117,11,11
33807,112,107,5,5
33808,62,70,-8,8
33809,106,99,7,7
33810,90,85,5,5
33811,57,60,-3,3
33812,127,122,5,5
33813,83,80,3,3
33814,123,119,4,4
33815,99,96,3,3
33816,114,118,-4,4
33817,124,128,-4,4
33818,63,68,-5,5
33819,169,159,10,10
33820,86,90,-4,4
33821,97,100,-3,3
33822,95,94,1,1
33823,97,99,-2,2
33824,120,109,11,11
33825,100,101,-1,1
33826,127,132,-5,5
33827,65,71,-6,6
33828,74,78,-4,4
33829,146,140,6,6
33830,93,96,-3,3
33831,76,75,1,1
33832,127,123,4,4
33833,61,65,-4,4
33834,81,90,-9,9
33835,132,105,27,27
33836,69,61,8,8
33837,56,71,-15,15
33838,103,101,2,2
33839,110,115,-5,5
33840,102,100,2,2
33841,74,71,3,3
33842,111,113,-2,2
33843,74,74,0,0
33844,58,63,-5,5
33845,96,103,-7,7
33846,67,73,-6,6
33847,57,63,-6,6
33848,104,102,2,2
33849,60,71,-11,11
33850,50,64,-14,14
33851,120,117,3,3
33852,73,74,-1,1
33853,45,49,-4,4
33854,95,100,-5,5
33855,125,129,-4,4
33856,106,107,-1,1
33857,80,75,5,5
33858,138,134,4,4
33859,105,107,-2,2
33860,100,107,-7,7
33861,89,90,-1,1
33862,161,137,24,24
33863,115,118,-3,3
33864,109,101,8,8
33865,120,114,6,6
33866,64,67,-3,3
33867,85,91,-6,6
33868,139,137,2,2
33869,56,64,-8,8
33870,100,106,-6,6
33871,61,67,-6,6
33872,87,95,-8,8
33873,78,72,6,6
33874,135,127,8,8
33875,149,148,1,1
33876,123,115,8,8
33877,114,99,15,15
33878,106,108,-2,2
33879,121,106,15,15
33880,103,116,-13,13
33881,133,134,-1,1
33882,83,83,0,0
33883,90,84,6,6
33884,43,45,-2,2
33885,195,179,16,16
33886,82,81,1,1
33887,121,115,6,6
33888,77,81,-4,4
33889,80,86,-6,6
33890,56,63,-7,7
33891,70,69,1,1
33892,57,62,-5,5
33893,98,102,-4,4
33894,85,91,-6,6
33895,102,101,1,1
33896,114,102,12,12
33897,153,138,15,15
33898,61,64,-3,3
33899,99,98,1,1
33900,77,75,2,2
33901,89,76,13,13
33902,79,73,6,6
33903,108,116,-8,8
33904,102,88,14,14
33905,54,66,-12,12
33906,101,95,6,6
33907,131,117,14,14
33908,56,66,-10,10
33909,110,104,6,6
33910,78,74,4,4
33911,153,141,12,12
33912,73,81,-8,8
33913,105,103,2,2
33914,57,70,-13,13
33915,95,107,-12,12
33916,56,68,-12,12
33917,107,98,9,9
33918,62,82,-20,20
33919,157,148,9,9
33920,94,92,2,2
33921,84,74,10,10
33922,131,128,3,3
33923,75,74,1,1
33924,122,117,5,5
33925,114,123,-9,9
33926,61,62,-1,1
33927,137,143,-6,6
33928,72,74,-2,2
33929,115,101,14,14
33930,49,89,-40,40
33931,98,94,4,4
33932,114,117,-3,3
33933,79,83,-4,4
33934,75,73,2,2
33935,111,93,18,18
33936,84,90,-6,6
33937,61,63,-2,2
33938,70,78,-8,8
33939,103,106,-3,3
33940,119,106,13,13
33941,62,68,-6,6
33942,94,85,9,9
33943,161,150,11,11
33944,253,220,33,33
33945,112,112,0,0
33946,63,74,-11,11
33947,90,91,-1,1
33948,124,123,1,1
33949,85,75,10,10
33950,167,159,8,8
33951,115,98,17,17
33952,113,104,9,9
33953,95,100,-5,5
33954,93,94,-1,1
33955,138,123,15,15
33956,74,77,-3,3
33957,52,62,-10,10
33958,104,103,1,1
33959,143,136,7,7
33960,74,84,-10,10
33961,69,72,-3,3
33962,133,126,7,7
33963,82,80,2,2
33964,98,94,4,4
33965,77,77,0,0
33966,142,141,1,1
33967,84,92,-8,8
33968,95,103,-8,8
33969,83,82,1,1
33970,114,102,12,12
33971,53,78,-25,25
33972,91,89,2,2
33973,122,131,-9,9
33974,89,113,-24,24
33975,81,91,-10,10
33976,110,112,-2,2
33977,96,93,3,3
33978,119,111,8,8
33979,80,89,-9,9
33980,108,102,6,6
33981,71,70,1,1
33982,80,78,2,2
33983,157,155,2,2
33984,85,73,12,12
33985,47,57,-10,10
33986,68,65,3,3
33987,86,76,10,10
33988,71,72,-1,1
33989,64,65,-1,1
33990,65,68,-3,3
33991,155,155,0,0
33992,108,117,-9,9
33993,188,171,17,17
33994,109,120,-11,11
33995,64,72,-8,8
33996,120,141,-21,21
33997,72,75,-3,3
33998,55,63,-8,8
33999,69,68,1,1
34000,186,169,17,17
34001,96,112,-16,16
34002,77,84,-7,7
34003,83,84,-1,1
34004,79,76,3,3
34005,55,70,-15,15
34006,155,145,10,10
34007,91,93,-2,2
34008,48,61,-13,13
34009,122,120,2,2
34010,75,92,-17,17
34011,109,110,-1,1
34012,110,106,4,4
34013,79,77,2,2
34014,69,71,-2,2
34015,78,86,-8,8
34016,129,127,2,2
34017,131,128,3,3
34018,45,53,-8,8
34019,96,93,3,3
34020,105,126,-21,21
34021,128,129,-1,1
34022,139,136,3,3
34023,116,105,11,11
34024,81,82,-1,1
34025,77,83,-6,6
34026,100,99,1,1
34027,68,68,0,0
34028,70,78,-8,8
34029,222,225,-3,3
34030,22,31,-9,9
34031,121,118,3,3
34032,67,72,-5,5
34033,87,82,5,5
34034,58,61,-3,3
34035,69,84,-15,15
34036,71,84,-13,13
34037,54,69,-15,15
34038,60,61,-1,1
34039,87,91,-4,4
34040,101,98,3,3
34041,61,64,-3,3
34042,141,126,15,15
34043,121,126,-5,5
34044,102,96,6,6
34045,78,82,-4,4
34046,96,109,-13,13
34047,56,56,0,0
34048,101,92,9,9
34049,64,69,-5,5
34050,55,67,-12,12
34051,89,81,8,8
34052,84,81,3,3
34053,90,92,-2,2
34054,166,149,17,17
34055,85,108,-23,23
34056,94,94,0,0
34057,130,133,-3,3
34058,146,149,-3,3
34059,77,95,-18,18
34060,97,93,4,4
34061,102,98,4,4
34062,150,150,0,0
34063,104,101,3,3
34064,90,92,-2,2
34065,70,72,-2,2
34066,45,50,-5,5
34067,76,73,3,3
34068,90,109,-19,19
34069,63,60,3,3
34070,123,129,-6,6
34071,91,81,10,10
34072,102,91,11,11
34073,120,115,5,5
34074,48,72,-24,24
34075,42,53,-11,11
34076,85,91,-6,6
34077,67,68,-1,1
34078,73,63,10,10
34079,67,71,-4,4
34080,87,92,-5,5
34081,172,141,31,31
34082,128,134,-6,6
34083,116,117,-1,1
34084,102,97,5,5
34085,134,131,3,3
34086,94,105,-11,11
34087,55,63,-8,8
34088,175,176,-1,1
34089,71,72,-1,1
34090,53,64,-11,11
34091,92,102,-10,10
34092,111,107,4,4
34093,120,127,-7,7
34094,107,115,-8,8
34095,48,48,0,0
34096,85,81,4,4
34097,122,140,-18,18
34098,90,95,-5,5
34099,70,68,2,2
34100,63,67,-4,4
34101,110,105,5,5
34102,56,64,-8,8
34103,96,102,-6,6
34104,79,85,-6,6
34105,56,60,-4,4
34106,115,105,10,10
34107,60,71,-11,11
34108,59,63,-4,4
34109,74,73,1,1
34110,110,114,-4,4
34111,99,111,-12,12
34112,106,107,-1,1
34113,62,56,6,6
34114,93,95,-2,2
34115,59,62,-3,3
34116,88,82,6,6
34117,75,91,-16,16
34118,78,74,4,4
34119,67,74,-7,7
34120,118,115,3,3
34121,66,63,3,3
34122,69,72,-3,3
34123,110,101,9,9
34124,102,103,-1,1
34125,127,125,2,2
34126,99,101,-2,2
34127,127,133,-6,6
34128,97,85,12,12
34129,52,51,1,1
34130,56,68,-12,12
34131,64,64,0,0
34132,111,103,8,8
34133,114,111,3,3
34134,162,146,16,16
34135,56,72,-16,16
34136,35,40,-5,5
34137,83,86,-3,3
34138,151,152,-1,1
34139,77,80,-3,3
34140,65,73,-8,8
34141,67,71,-4,4
34142,81,82,-1,1
34143,56,61,-5,5
34144,67,68,-1,1
34145,59,59,0,0
34146,142,121,21,21
34147,79,82,-3,3
34148,104,105,-1,1
34149,68,75,-7,7
34150,67,75,-8,8
34151,56,61,-5,5
34152,66,70,-4,4
34153,31,29,2,2
34154,121,112,9,9
34155,115,110,5,5
34156,68,67,1,1
34157,103,105,-2,2
34158,71,73,-2,2
34159,115,124,-9,9
34160,122,108,14,14
34161,99,95,4,4
34162,112,111,1,1
34163,215,218,-3,3
34164,68,75,-7,7
34165,84,83,1,1
34166,82,82,0,0
34167,82,86,-4,4
34168,95,94,1,1
34169,80,83,-3,3
34170,121,111,10,10
34171,103,94,9,9
34172,74,81,-7,7
34173,59,63,-4,4
34174,106,102,4,4
34175,62,61,1,1
34176,49,53,-4,4
34177,62,69,-7,7
34178,151,145,6,6
34179,178,152,26,26
34180,96,97,-1,1
34181,91,95,-4,4
34182,74,74,0,0
34183,78,86,-8,8
34184,95,116,-21,21
34185,109,107,2,2
34186,59,66,-7,7
34187,64,59,5,5
34188,122,108,14,14
34189,106,106,0,0
34190,137,131,6,6
34191,79,77,2,2
34192,45,55,-10,10
34193,96,92,4,4
34194,53,55,-2,2
34195,121,112,9,9
34196,138,135,3,3
34197,107,101,6,6
34198,90,92,-2,2
34199,83,85,-2,2
34200,65,68,-3,3
34201,68,77,-9,9
34202,50,56,-6,6
34203,44,72,-28,28
34204,78,84,-6,6
34205,74,76,-2,2
34206,67,69,-2,2
34207,116,104,12,12
34208,50,51,-1,1
34209,100,98,2,2
34210,52,59,-7,7
34211,70,68,2,2
34212,92,96,-4,4
34213,130,122,8,8
34214,139,144,-5,5
34215,96,93,3,3
34216,98,95,3,3
34217,49,52,-3,3
34218,90,85,5,5
34219,103,114,-11,11
34220,39,53,-14,14
34221,172,153,19,19
34222,104,95,9,9
34223,63,67,-4,4
34224,78,75,3,3
34225,65,71,-6,6
34226,58,59,-1,1
34227,140,138,2,2
34228,95,103,-8,8
34229,77,75,2,2
34230,122,113,9,9
34231,63,57,6,6
34232,26,35,-9,9
34233,78,79,-1,1
34234,60,69,-9,9
34235,80,82,-2,2
34236,96,100,-4,4
34237,62,67,-5,5
34238,77,84,-7,7
34239,101,100,1,1
34240,103,105,-2,2
34241,87,94,-7,7
34242,132,127,5,5
34243,223,191,32,32
34244,117,107,10,10
34245,151,139,12,12
34246,87,97,-10,10
34247,103,103,0,0
34248,59,68,-9,9
34249,150,132,18,18
34250,100,95,5,5
34251,92,85,7,7
34252,65,78,-13,13
34253,72,70,2,2
34254,48,52,-4,4
34255,114,110,4,4
34256,63,60,3,3
34257,139,135,4,4
34258,86,91,-5,5
34259,96,90,6,6
34260,80,83,-3,3
34261,126,113,13,13
34262,112,110,2,2
34263,99,111,-12,12
34264,83,76,7,7
34265,62,64,-2,2
34266,53,69,-16,16
34267,40,49,-9,9
34268,103,102,1,1
34269,87,97,-10,10
34270,66,70,-4,4
34271,116,105,11,11
34272,107,101,6,6
34273,121,121,0,0
34274,114,102,12,12
34275,111,108,3,3
34276,105,107,-2,2
34277,103,105,-2,2
34278,106,95,11,11
34279,126,121,5,5
34280,104,101,3,3
34281,77,74,3,3
34282,114,115,-1,1
34283,77,81,-4,4
34284,83,84,-1,1
34285,78,92,-14,14
34286,81,85,-4,4
34287,64,67,-3,3
34288,134,124,10,10
34289,78,82,-4,4
34290,137,130,7,7
34291,80,75,5,5
34292,145,129,16,16
34293,103,116,-13,13
34294,101,100,1,1
34295,87,84,3,3
34296,83,85,-2,2
34297,98,92,6,6
34298,133,133,0,0
34299,114,116,-2,2
34300,119,107,12,12
34301,94,95,-1,1
34302,85,93,-8,8
34303,162,156,6,6
34304,85,73,12,12
34305,62,61,1,1
34306,83,82,1,1
34307,99,98,1,1
34308,79,84,-5,5
34309,95,98,-3,3
34310,140,139,1,1
34311,165,151,14,14
34312,104,103,1,1
34313,110,126,-16,16
34314,138,171,-33,33
34315,117,129,-12,12
34316,120,113,7,7
34317,67,79,-12,12
34318,82,85,-3,3
34319,110,103,7,7
34320,110,104,6,6
34321,63,74,-11,11
34322,54,59,-5,5
34323,128,130,-2,2
34324,90,84,6,6
34325,99,100,-1,1
34326,121,140,-19,19
34327,47,60,-13,13
34328,88,82,6,6
34329,96,90,6,6
34330,83,105,-22,22
34331,91,82,9,9
34332,100,105,-5,5
34333,68,74,-6,6
34334,44,49,-5,5
34335,94,94,0,0
34336,48,56,-8,8
34337,63,66,-3,3
34338,114,109,5,5
34339,88,83,5,5
34340,105,98,7,7
34341,67,71,-4,4
34342,61,58,3,3
34343,120,116,4,4
34344,111,101,10,10
34345,102,95,7,7
34346,111,106,5,5
34347,48,51,-3,3
34348,102,105,-3,3
34349,101,103,-2,2
34350,88,93,-5,5
34351,58,68,-10,10
34352,64,69,-5,5
34353,65,70,-5,5
34354,156,149,7,7
34355,84,83,1,1
34356,169,146,23,23
34357,130,111,19,19
34358,51,63,-12,12
34359,60,61,-1,1
34360,109,100,9,9
34361,107,109,-2,2
34362,133,142,-9,9
34363,73,73,0,0
34364,117,111,6,6
34365,105,103,2,2
34366,118,137,-19,19
34367,107,106,1,1
34368,89,91,-2,2
34369,130,123,7,7
34370,107,113,-6,6
34371,86,91,-5,5
34372,87,94,-7,7
34373,166,152,14,14
34374,91,96,-5,5
34375,83,81,2,2
34376,90,96,-6,6
34377,60,73,-13,13
34378,73,81,-8,8
34379,133,117,16,16
34380,131,125,6,6
34381,128,151,-23,23
34382,93,91,2,2
34383,48,54,-6,6
34384,126,107,19,19
34385,62,74,-12,12
34386,50,65,-15,15
34387,70,72,-2,2
34388,111,113,-2,2
34389,89,88,1,1
34390,94,100,-6,6
34391,38,46,-8,8
34392,76,90,-14,14
34393,92,93,-1,1
34394,66,68,-2,2
34395,84,85,-1,1
34396,72,75,-3,3
34397,79,77,2,2
34398,78,80,-2,2
34399,61,64,-3,3
34400,68,71,-3,3
34401,114,105,9,9
34402,84,88,-4,4
34403,51,67,-16,16
34404,96,94,2,2
34405,74,74,0,0
34406,64,76,-12,12
34407,79,85,-6,6
34408,89,82,7,7
34409,150,147,3,3
34410,137,119,18,18
34411,62,67,-5,5
34412,120,109,11,11
34413,75,67,8,8
34414,63,71,-8,8
34415,144,148,-4,4
34416,83,77,6,6
34417,71,103,-32,32
34418,125,128,-3,3
34419,71,74,-3,3
34420,90,93,-3,3
34421,57,57,0,0
34422,68,75,-7,7
34423,117,108,9,9
34424,142,137,5,5
34425,95,89,6,6
34426,91,99,-8,8
34427,86,92,-6,6
34428,119,125,-6,6
34429,71,89,-18,18
34430,97,92,5,5
34431,92,101,-9,9
34432,86,85,1,1
34433,48,53,-5,5
34434,50,46,4,4
34435,105,134,-29,29
34436,105,111,-6,6
34437,127,116,11,11
34438,108,107,1,1
34439,71,73,-2,2
34440,73,77,-4,4
34441,68,81,-13,13
34442,147,134,13,13
34443,142,142,0,0
34444,39,47,-8,8
34445,91,83,8,8
34446,79,85,-6,6
34447,84,80,4,4
34448,123,129,-6,6
34449,63,67,-4,4
34450,196,184,12,12
34451,161,159,2,2
34452,152,121,31,31
34453,144,132,12,12
34454,96,103,-7,7
34455,125,128,-3,3
34456,82,77,5,5
34457,128,117,11,11
34458,160,157,3,3
34459,43,51,-8,8
34460,68,73,-5,5
34461,108,90,18,18
34462,74,73,1,1
34463,52,59,-7,7
34464,107,116,-9,9
34465,64,73,-9,9
34466,89,90,-1,1
34467,85,75,10,10
34468,73,80,-7,7
34469,177,183,-6,6
34470,111,105,6,6
34471,67,77,-10,10
34472,76,73,3,3
34473,152,136,16,16
34474,90,94,-4,4
34475,79,82,-3,3
34476,99,104,-5,5
34477,78,75,3,3
34478,131,125,6,6
34479,100,98,2,2
34480,74,83,-9,9
34481,99,100,-1,1
34482,135,131,4,4
34483,104,107,-3,3
34484,67,69,-2,2
34485,102,95,7,7
34486,48,55,-7,7
34487,243,230,13,13
34488,97,98,-1,1
34489,112,107,5,5
34490,118,123,-5,5
34491,77,82,-5,5
34492,73,67,6,6
34493,99,104,-5,5
34494,60,83,-23,23
34495,155,150,5,5
34496,125,118,7,7
34497,202,163,39,39
34498,82,93,-11,11
34499,100,95,5,5
34500,78,76,2,2
34501,59,71,-12,12
34502,48,61,-13,13
34503,121,125,-4,4
34504,128,121,7,7
34505,96,104,-8,8
34506,133,117,16,16
34507,107,106,1,1
34508,106,102,4,4
34509,111,127,-16,16
34510,48,71,-23,23
34511,79,91,-12,12
34512,121,108,13,13
34513,147,140,7,7
34514,113,110,3,3
34515,58,61,-3,3
34516,93,84,9,9
34517,109,107,2,2
34518,85,93,-8,8
34519,69,83,-14,14
34520,70,73,-3,3
34521,81,94,-13,13
34522,47,51,-4,4
34523,121,111,10,10
34524,151,129,22,22
34525,80,85,-5,5
34526,60,62,-2,2
34527,133,127,6,6
34528,65,70,-5,5
34529,162,161,1,1
34530,73,71,2,2
34531,108,103,5,5
34532,87,85,2,2
34533,101,107,-6,6
34534,90,95,-5,5
34535,130,144,-14,14
34536,133,121,12,12
34537,139,133,6,6
34538,95,101,-6,6
34539,96,99,-3,3
34540,66,70,-4,4
34541,69,75,-6,6
34542,69,72,-3,3
34543,86,83,3,3
34544,95,98,-3,3
34545,91,88,3,3
34546,189,161,28,28
34547,109,107,2,2
34548,63,66,-3,3
34549,156,151,5,5
34550,64,65,-1,1
34551,117,109,8,8
34552,55,55,0,0
34553,115,117,-2,2
34554,103,97,6,6
34555,155,147,8,8
34556,78,82,-4,4
34557,159,162,-3,3
34558,73,69,4,4
34559,188,173,15,15
34560,150,147,3,3
34561,103,96,7,7
34562,80,85,-5,5
34563,92,97,-5,5
34564,121,119,2,2
34565,113,116,-3,3
34566,106,103,3,3
34567,72,70,2,2
34568,120,116,4,4
34569,49,59,-10,10
34570,124,128,-4,4
34571,82,84,-2,2
34572,145,155,-10,10
34573,61,65,-4,4
34574,108,108,0,0
34575,53,58,-5,5
34576,117,111,6,6
34577,88,92,-4,4
34578,122,102,20,20
34579,56,58,-2,2
34580,161,149,12,12
34581,115,110,5,5
34582,100,102,-2,2
34583,149,145,4,4
34584,126,115,11,11
34585,74,73,1,1
34586,124,116,8,8
34587,101,101,0,0
34588,83,103,-20,20
34589,105,103,2,2
34590,143,133,10,10
34591,153,145,8,8
34592,54,60,-6,6
34593,52,32,20,20
34594,87,86,1,1
34595,63,69,-6,6
34596,84,94,-10,10
34597,96,99,-3,3
34598,59,67,-8,8
34599,141,132,9,9
34600,121,109,12,12
34601,21,32,-11,11
34602,93,90,3,3
34603,126,126,0,0
34604,91,92,-1,1
34605,126,120,6,6
34606,79,76,3,3
34607,133,135,-2,2
34608,72,76,-4,4
34609,117,102,15,15
34610,51,62,-11,11
34611,92,93,-1,1
34612,78,83,-5,5
34613,70,75,-5,5
34614,77,81,-4,4
34615,94,91,3,3
34616,75,80,-5,5
34617,93,99,-6,6
34618,75,68,7,7
34619,149,146,3,3
34620,99,101,-2,2
34621,94,106,-12,12
34622,98,93,5,5
34623,68,73,-5,5
34624,101,143,-42,42
34625,115,104,11,11
34626,87,84,3,3
34627,100,111,-11,11
34628,80,92,-12,12
34629,133,118,15,15
34630,54,61,-7,7
34631,164,155,9,9
34632,98,96,2,2
34633,75,77,-2,2
34634,77,73,4,4
34635,126,120,6,6
34636,124,119,5,5
34637,89,92,-3,3
34638,77,80,-3,3
34639,162,144,18,18
34640,129,115,14,14
34641,126,125,1,1
34642,90,85,5,5
34643,145,138,7,7
34644,59,72,-13,13
34645,79,75,4,4
34646,100,93,7,7
34647,136,126,10,10
34648,53,67,-14,14
34649,109,103,6,6
34650,79,80,-1,1
34651,111,105,6,6
34652,172,141,31,31
34653,142,141,1,1
34654,81,80,1,1
34655,100,101,-1,1
34656,71,74,-3,3
34657,37,49,-12,12
34658,91,90,1,1
34659,85,85,0,0
34660,96,100,-4,4
34661,96,99,-3,3
34662,72,70,2,2
34663,58,63,-5,5
34664,128,135,-7,7
34665,90,82,8,8
34666,79,82,-3,3
34667,57,57,0,0
34668,164,140,24,24
34669,147,116,31,31
34670,42,54,-12,12
34671,92,105,-13,13
34672,73,78,-5,5
34673,80,82,-2,2
34674,82,79,3,3
34675,82,90,-8,8
34676,124,117,7,7
34677,87,97,-10,10
34678,93,98,-5,5
34679,151,131,20,20
34680,88,91,-3,3
34681,99,94,5,5
34682,104,105,-1,1
34683,80,83,-3,3
34684,91,84,7,7
34685,116,132,-16,16
34686,136,124,12,12
34687,76,110,-34,34
34688,125,134,-9,9
34689,99,91,8,8
34690,112,115,-3,3
34691,103,113,-10,10
34692,152,145,7,7
34693,122,116,6,6
34694,74,71,3,3
34695,106,105,1,1
34696,76,74,2,2
34697,59,68,-9,9
34698,100,125,-25,25
34699,58,64,-6,6
34700,69,73,-4,4
34701,120,128,-8,8
34702,74,75,-1,1
34703,55,62,-7,7
34704,89,91,-2,2
34705,79,78,1,1
34706,137,139,-2,2
34707,81,85,-4,4
34708,64,77,-13,13
34709,170,161,9,9
34710,69,73,-4,4
34711,72,70,2,2
34712,73,69,4,4
34713,66,75,-9,9
34714,114,111,3,3
34715,96,107,-11,11
34716,67,69,-2,2
34717,83,85,-2,2
34718,72,73,-1,1
34719,150,149,1,1
34720,56,56,0,0
34721,66,71,-5,5
34722,53,65,-12,12
34723,169,151,18,18
34724,66,72,-6,6
34725,105,114,-9,9
34726,101,101,0,0
34727,78,84,-6,6
34728,130,123,7,7
34729,140,131,9,9
34730,91,106,-15,15
34731,89,82,7,7
34732,73,74,-1,1
34733,111,107,4,4
34734,111,114,-3,3
34735,154,138,16,16
34736,56,60,-4,4
34737,136,129,7,7
34738,101,92,9,9
34739,120,121,-1,1
34740,62,59,3,3
34741,105,105,0,0
34742,76,82,-6,6
34743,161,156,5,5
34744,88,95,-7,7
34745,51,56,-5,5
34746,108,108,0,0
34747,101,102,-1,1
34748,74,75,-1,1
34749,189,162,27,27
34750,46,52,-6,6
34751,58,65,-7,7
34752,100,91,9,9
34753,171,138,33,33
34754,45,50,-5,5
34755,87,74,13,13
34756,57,59,-2,2
34757,137,116,21,21
34758,72,75,-3,3
34759,115,112,3,3
34760,98,99,-1,1
34761,58,68,-10,10
34762,87,108,-21,21
34763,79,79,0,0
34764,79,75,4,4
34765,67,68,-1,1
34766,32,40,-8,8
34767,76,77,-1,1
34768,80,71,9,9
34769,106,96,10,10
34770,54,67,-13,13
34771,75,82,-7,7
34772,149,137,12,12
34773,110,102,8,8
34774,106,108,-2,2
34775,130,129,1,1
34776,49,55,-6,6
34777,119,122,-3,3
34778,75,79,-4,4
34779,89,91,-2,2
34780,63,62,1,1
34781,64,61,3,3
34782,116,116,0,0
34783,79,74,5,5
34784,92,96,-4,4
34785,70,76,-6,6
34786,120,118,2,2
34787,165,154,11,11
34788,187,190,-3,3
34789,82,82,0,0
34790,53,69,-16,16
34791,88,91,-3,3
34792,75,75,0,0
34793,66,64,2,2
34794,80,80,0,0
34795,113,102,11,11
34796,48,45,3,3
34797,52,52,0,0
34798,169,157,12,12
34799,100,106,-6,6
34800,71,84,-13,13
34801,103,114,-11,11
34802,127,123,4,4
34803,132,138,-6,6
34804,136,132,4,4
34805,67,64,3,3
34806,127,130,-3,3
34807,142,139,3,3
34808,114,121,-7,7
34809,71,76,-5,5
34810,77,79,-2,2
34811,86,97,-11,11
34812,166,143,23,23
34813,116,108,8,8
34814,42,45,-3,3
34815,91,87,4,4
34816,81,81,0,0
34817,109,104,5,5
34818,164,160,4,4
34819,119,122,-3,3
34820,79,75,4,4
34821,122,118,4,4
34822,67,69,-2,2
34823,96,96,0,0
34824,81,83,-2,2
34825,110,85,25,25
34826,142,137,5,5
34827,30,40,-10,10
34828,102,111,-9,9
34829,128,118,10,10
34830,127,134,-7,7
34831,55,93,-38,38
34832,125,152,-27,27
34833,85,90,-5,5
34834,82,87,-5,5
34835,99,105,-6,6
34836,142,143,-1,1
34837,99,109,-10,10
34838,96,104,-8,8
34839,87,102,-15,15
34840,76,73,3,3
34841,95,104,-9,9
34842,61,66,-5,5
34843,58,69,-11,11
34844,88,91,-3,3
34845,87,100,-13,13
34846,89,90,-1,1
34847,100,94,6,6
34848,87,92,-5,5
34849,86,90,-4,4
34850,43,57,-14,14
34851,33,35,-2,2
34852,97,97,0,0
34853,130,117,13,13
34854,149,136,13,13
34855,139,121,18,18
34856,71,76,-5,5
34857,53,66,-13,13
34858,69,67,2,2
34859,114,103,11,11
34860,60,72,-12,12
34861,53,62,-9,9
34862,80,78,2,2
34863,75,68,7,7
34864,101,116,-15,15
34865,147,145,2,2
34866,100,93,7,7
34867,112,119,-7,7
34868,61,66,-5,5
34869,68,69,-1,1
34870,41,64,-23,23
34871,72,76,-4,4
34872,69,80,-11,11
34873,135,125,10,10
34874,112,110,2,2
34875,63,62,1,1
34876,83,82,1,1
34877,74,80,-6,6
34878,85,96,-11,11
34879,91,84,7,7
34880,150,148,2,2
34881,96,94,2,2
34882,61,87,-26,26
34883,51,71,-20,20
34884,61,65,-4,4
34885,143,158,-15,15
34886,64,70,-6,6
34887,59,62,-3,3
34888,67,83,-16,16
34889,65,81,-16,16
34890,142,129,13,13
34891,66,69,-3,3
34892,73,82,-9,9
34893,107,108,-1,1
34894,112,98,14,14
34895,104,105,-1,1
34896,46,53,-7,7
34897,83,73,10,10
34898,89,90,-1,1
34899,73,68,5,5
34900,59,62,-3,3
34901,59,61,-2,2
34902,112,109,3,3
34903,75,78,-3,3
34904,68,75,-7,7
34905,80,95,-15,15
34906,70,82,-12,12
34907,77,80,-3,3
34908,49,56,-7,7
34909,91,93,-2,2
34910,65,66,-1,1
34911,77,75,2,2
34912,130,112,18,18
34913,77,80,-3,3
34914,175,172,3,3
34915,103,109,-6,6
34916,79,77,2,2
34917,74,73,1,1
34918,98,107,-9,9
34919,111,111,0,0
34920,105,120,-15,15
34921,106,106,0,0
34922,43,49,-6,6
34923,91,103,-12,12
34924,88,91,-3,3
34925,121,116,5,5
34926,111,107,4,4
34927,65,71,-6,6
34928,63,61,2,2
34929,91,101,-10,10
34930,70,75,-5,5
34931,117,106,11,11
34932,56,65,-9,9
34933,153,149,4,4
34934,135,132,3,3
34935,66,69,-3,3
34936,97,101,-4,4
34937,94,104,-10,10
34938,79,81,-2,2
34939,89,83,6,6
34940,117,111,6,6
34941,50,55,-5,5
34942,172,171,1,1
34943,71,81,-10,10
34944,94,92,2,2
34945,146,144,2,2
34946,57,61,-4,4
34947,91,98,-7,7
34948,44,50,-6,6
34949,124,119,5,5
34950,117,100,17,17
34951,93,92,1,1
34952,100,104,-4,4
34953,167,155,12,12
34954,97,99,-2,2
34955,117,113,4,4
34956,142,135,7,7
34957,62,66,-4,4
34958,99,104,-5,5
34959,83,84,-1,1
34960,61,71,-10,10
34961,80,87,-7,7
34962,85,83,2,2
34963,102,104,-2,2
34964,127,132,-5,5
34965,123,128,-5,5
34966,117,113,4,4
34967,102,115,-13,13
34968,100,101,-1,1
34969,105,103,2,2
34970,116,104,12,12
34971,104,109,-5,5
34972,70,72,-2,2
34973,71,75,-4,4
34974,59,73,-14,14
34975,86,86,0,0
34976,121,104,17,17
34977,104,98,6,6
34978,93,92,1,1
34979,78,81,-3,3
34980,124,116,8,8
34981,83,91,-8,8
34982,126,122,4,4
34983,91,92,-1,1
34984,89,103,-14,14
34985,79,75,4,4
34986,110,107,3,3
34987,80,82,-2,2
34988,116,112,4,4
34989,133,115,18,18
34990,91,88,3,3
34991,94,91,3,3
34992,160,143,17,17
34993,107,112,-5,5
34994,61,70,-9,9
34995,74,68,6,6
34996,80,82,-2,2
34997,50,61,-11,11
34998,98,101,-3,3
34999,47,54,-7,7
35000,63,84,-21,21
35001,92,98,-6,6
35002,97,98,-1,1
35003,101,104,-3,3
35004,48,60,-12,12
35005,114,113,1,1
35006,106,102,4,4
35007,98,97,1,1
35008,133,132,1,1
35009,98,91,7,7
35010,41,46,-5,5
35011,85,90,-5,5
35012,102,105,-3,3
35013,97,94,3,3
35014,49,57,-8,8
35015,50,60,-10,10
35016,86,92,-6,6
35017,96,106,-10,10
35018,110,101,9,9
35019,95,96,-1,1
35020,89,82,7,7
35021,92,93,-1,1
35022,109,104,5,5
35023,75,76,-1,1
35024,61,60,1,1
35025,82,97,-15,15
35026,88,95,-7,7
35027,139,136,3,3
35028,67,83,-16,16
35029,106,106,0,0
35030,108,107,1,1
35031,80,92,-12,12
35032,78,85,-7,7
35033,87,93,-6,6
35034,57,62,-5,5
35035,63,66,-3,3
35036,105,93,12,12
35037,129,114,15,15
35038,65,67,-2,2
35039,93,95,-2,2
35040,50,54,-4,4
35041,30,40,-10,10
35042,81,80,1,1
35043,55,68,-13,13
35044,76,75,1,1
35045,135,122,13,13
35046,55,63,-8,8
35047,140,137,3,3
35048,92,91,1,1
35049,124,120,4,4
35050,100,101,-1,1
35051,40,45,-5,5
35052,50,51,-1,1
35053,85,94,-9,9
35054,87,100,-13,13
35055,136,126,10,10
35056,65,71,-6,6
35057,97,72,25,25
35058,80,80,0,0
35059,99,97,2,2
35060,69,74,-5,5
35061,97,105,-8,8
35062,65,67,-2,2
35063,67,73,-6,6
35064,108,107,1,1
35065,105,108,-3,3
35066,98,91,7,7
35067,73,73,0,0
35068,87,91,-4,4
35069,80,74,6,6
35070,115,113,2,2
35071,129,113,16,16
35072,62,68,-6,6
35073,141,129,12,12
35074,165,155,10,10
35075,167,155,12,12
35076,128,116,12,12
35077,163,143,20,20
35078,49,68,-19,19
35079,73,85,-12,12
35080,117,154,-37,37
35081,182,161,21,21
35082,91,84,7,7
35083,73,82,-9,9
35084,130,128,2,2
35085,92,94,-2,2
35086,164,138,26,26
35087,100,112,-12,12
35088,106,110,-4,4
35089,155,154,1,1
35090,84,90,-6,6
35091,115,117,-2,2
35092,74,79,-5,5
35093,62,63,-1,1
35094,76,80,-4,4
35095,82,92,-10,10
35096,116,108,8,8
35097,84,84,0,0
35098,61,71,-10,10
35099,155,140,15,15
35100,87,142,-55,55
35101,118,120,-2,2
35102,126,128,-2,2
35103,123,122,1,1
35104,72,80,-8,8
35105,106,104,2,2
35106,119,109,10,10
35107,79,81,-2,2
35108,70,89,-19,19
35109,129,115,14,14
35110,93,85,8,8
35111,98,91,7,7
35112,164,164,0,0
35113,110,113,-3,3
35114,108,106,2,2
35115,79,77,2,2
35116,140,138,2,2
35117,81,92,-11,11
35118,84,87,-3,3
35119,64,64,0,0
35120,101,103,-2,2
35121,65,73,-8,8
35122,71,84,-13,13
35123,66,68,-2,2
35124,81,84,-3,3
35125,82,100,-18,18
35126,101,108,-7,7
35127,95,96,-1,1
35128,95,103,-8,8
35129,177,171,6,6
35130,148,151,-3,3
35131,83,92,-9,9
35132,79,78,1,1
35133,87,82,5,5
35134,120,115,5,5
35135,140,161,-21,21
35136,117,111,6,6
35137,88,91,-3,3
35138,79,73,6,6
35139,89,93,-4,4
35140,83,79,4,4
35141,79,94,-15,15
35142,118,115,3,3
35143,79,88,-9,9
35144,95,93,2,2
35145,62,67,-5,5
35146,67,75,-8,8
35147,63,72,-9,9
35148,99,91,8,8
35149,164,160,4,4
35150,71,66,5,5
35151,49,51,-2,2
35152,88,91,-3,3
35153,93,90,3,3
35154,90,91,-1,1
35155,96,86,10,10
35156,91,94,-3,3
35157,41,45,-4,4
35158,94,98,-4,4
35159,58,60,-2,2
35160,87,92,-5,5
35161,100,101,-1,1
35162,117,116,1,1
35163,106,102,4,4
35164,65,79,-14,14
35165,126,127,-1,1
35166,92,95,-3,3
35167,78,91,-13,13
35168,98,98,0,0
35169,102,115,-13,13
35170,115,104,11,11
35171,93,92,1,1
35172,48,62,-14,14
35173,64,71,-7,7
35174,168,168,0,0
35175,95,91,4,4
35176,125,117,8,8
35177,128,137,-9,9
35178,137,114,23,23
35179,62,59,3,3
35180,76,75,1,1
35181,66,69,-3,3
35182,50,60,-10,10
35183,98,95,3,3
35184,101,106,-5,5
35185,77,81,-4,4
35186,97,103,-6,6
35187,116,109,7,7
35188,118,108,10,10
35189,157,152,5,5
35190,48,57,-9,9
35191,86,91,-5,5
35192,79,98,-19,19
35193,93,91,2,2
35194,58,63,-5,5
35195,65,70,-5,5
35196,203,185,18,18
35197,59,64,-5,5
35198,103,100,3,3
35199,35,40,-5,5
35200,95,103,-8,8
35201,89,93,-4,4
35202,122,112,10,10
35203,97,97,0,0
35204,84,85,-1,1
35205,146,126,20,20
35206,129,116,13,13
35207,76,86,-10,10
35208,79,82,-3,3
35209,92,96,-4,4
35210,82,74,8,8
35211,111,104,7,7
35212,88,84,4,4
35213,155,148,7,7
35214,75,72,3,3
35215,109,106,3,3
35216,64,65,-1,1
35217,76,74,2,2
35218,114,119,-5,5
35219,84,82,2,2
35220,90,91,-1,1
35221,49,55,-6,6
35222,103,106,-3,3
35223,140,135,5,5
35224,64,69,-5,5
35225,171,168,3,3
35226,89,89,0,0
35227,57,67,-10,10
35228,99,74,25,25
35229,62,70,-8,8
35230,191,174,17,17
35231,108,101,7,7
35232,116,111,5,5
35233,157,142,15,15
35234,98,114,-16,16
35235,167,168,-1,1
35236,89,83,6,6
35237,65,73,-8,8
35238,103,105,-2,2
35239,107,105,2,2
35240,66,66,0,0
35241,137,128,9,9
35242,68,68,0,0
35243,64,63,1,1
35244,137,127,10,10
35245,101,101,0,0
35246,120,115,5,5
35247,99,105,-6,6
35248,58,66,-8,8
35249,93,99,-6,6
35250,48,70,-22,22
35251,96,124,-28,28
35252,68,72,-4,4
35253,95,99,-4,4
35254,117,106,11,11
35255,61,73,-12,12
35256,122,119,3,3
35257,77,92,-15,15
35258,69,76,-7,7
35259,105,98,7,7
35260,126,128,-2,2
35261,67,64,3,3
35262,122,119,3,3
35263,96,94,2,2
35264,188,166,22,22
35265,72,65,7,7
35266,122,112,10,10
35267,53,63,-10,10
35268,49,62,-13,13
35269,131,115,16,16
35270,118,104,14,14
35271,68,65,3,3
35272,84,92,-8,8
35273,80,91,-11,11
35274,95,107,-12,12
35275,54,59,-5,5
35276,80,85,-5,5
35277,55,65,-10,10
35278,50,50,0,0
35279,141,136,5,5
35280,118,110,8,8
35281,64,72,-8,8
35282,132,117,15,15
35283,81,81,0,0
35284,49,51,-2,2
35285,86,87,-1,1
35286,107,105,2,2
35287,123,122,1,1
35288,109,102,7,7
35289,121,118,3,3
35290,89,97,-8,8
35291,57,66,-9,9
35292,123,116,7,7
35293,102,107,-5,5
35294,143,127,16,16
35295,57,61,-4,4
35296,84,82,2,2
35297,73,70,3,3
35298,124,121,3,3
35299,86,81,5,5
35300,128,124,4,4
35301,146,131,15,15
35302,92,92,0,0
35303,68,79,-11,11
35304,88,92,-4,4
35305,147,143,4,4
35306,134,134,0,0
35307,91,97,-6,6
35308,137,131,6,6
35309,130,130,0,0
35310,103,98,5,5
35311,78,93,-15,15
35312,85,81,4,4
35313,57,60,-3,3
35314,159,144,15,15
35315,80,91,-11,11
35316,113,122,-9,9
35317,152,135,17,17
35318,163,148,15,15
35319,137,116,21,21
35320,116,114,2,2
35321,144,137,7,7
35322,61,70,-9,9
35323,158,148,10,10
35324,120,148,-28,28
35325,64,71,-7,7
35326,106,103,3,3
35327,60,69,-9,9
35328,87,95,-8,8
35329,72,67,5,5
35330,92,96,-4,4
35331,164,155,9,9
35332,121,126,-5,5
35333,63,68,-5,5
35334,108,109,-1,1
35335,70,70,0,0
35336,66,74,-8,8
35337,81,129,-48,48
35338,84,84,0,0
35339,69,74,-5,5
35340,161,159,2,2
35341,73,74,-1,1
35342,62,64,-2,2
35343,66,72,-6,6
35344,80,87,-7,7
35345,110,126,-16,16
35346,145,128,17,17
35347,32,58,-26,26
35348,62,70,-8,8
35349,191,182,9,9
35350,84,87,-3,3
35351,96,95,1,1
35352,87,81,6,6
35353,54,63,-9,9
35354,85,87,-2,2
35355,118,109,9,9
35356,52,52,0,0
35357,102,91,11,11
35358,66,73,-7,7
35359,151,151,0,0
35360,129,138,-9,9
35361,61,59,2,2
35362,102,109,-7,7
35363,88,94,-6,6
35364,61,72,-11,11
35365,77,92,-15,15
35366,79,83,-4,4
35367,110,104,6,6
35368,96,93,3,3
35369,74,71,3,3
35370,120,118,2,2
35371,134,128,6,6
35372,66,64,2,2
35373,61,63,-2,2
35374,130,120,10,10
35375,60,68,-8,8
35376,66,71,-5,5
35377,115,111,4,4
35378,99,97,2,2
35379,55,58,-3,3
35380,104,98,6,6
35381,104,102,2,2
35382,97,101,-4,4
35383,48,54,-6,6
35384,51,60,-9,9
35385,51,47,4,4
35386,80,83,-3,3
35387,57,60,-3,3
35388,77,63,14,14
35389,128,120,8,8
35390,141,142,-1,1
35391,77,79,-2,2
35392,132,130,2,2
35393,110,107,3,3
35394,43,38,5,5
35395,110,116,-6,6
35396,85,76,9,9
35397,92,102,-10,10
35398,49,55,-6,6
35399,69,70,-1,1
35400,64,70,-6,6
35401,82,79,3,3
35402,59,70,-11,11
35403,69,71,-2,2
35404,66,70,-4,4
35405,92,94,-2,2
35406,101,91,10,10
35407,62,75,-13,13
35408,126,110,16,16
35409,119,118,1,1
35410,117,103,14,14
35411,162,149,13,13
35412,100,102,-2,2
35413,107,114,-7,7
35414,49,62,-13,13
35415,75,81,-6,6
35416,85,84,1,1
35417,87,74,13,13
35418,58,58,0,0
35419,86,107,-21,21
35420,54,60,-6,6
35421,149,145,4,4
35422,99,93,6,6
35423,118,116,2,2
35424,88,92,-4,4
35425,128,141,-13,13
35426,121,117,4,4
35427,62,68,-6,6
35428,32,34,-2,2
35429,152,135,17,17
35430,58,61,-3,3
35431,77,89,-12,12
35432,127,112,15,15
35433,109,103,6,6
35434,116,116,0,0
35435,83,88,-5,5
35436,70,84,-14,14
35437,101,93,8,8
35438,70,71,-1,1
35439,117,108,9,9
35440,93,101,-8,8
35441,72,81,-9,9
35442,131,132,-1,1
35443,64,71,-7,7
35444,160,152,8,8
35445,86,80,6,6
35446,84,92,-8,8
35447,56,58,-2,2
35448,94,91,3,3
35449,149,136,13,13
35450,128,116,12,12
35451,97,107,-10,10
35452,178,164,14,14
35453,102,100,2,2
35454,53,58,-5,5
35455,124,112,12,12
35456,79,90,-11,11
35457,136,143,-7,7
35458,71,83,-12,12
35459,54,55,-1,1
35460,97,92,5,5
35461,72,77,-5,5
35462,169,146,23,23
35463,80,79,1,1
35464,53,65,-12,12
35465,64,63,1,1
35466,52,57,-5,5
35467,38,51,-13,13
35468,78,79,-1,1
35469,160,33,127,127
35470,113,106,7,7
35471,90,100,-10,10
35472,63,65,-2,2
35473,79,88,-9,9
35474,56,64,-8,8
35475,241,235,6,6
35476,68,74,-6,6
35477,145,145,0,0
35478,69,70,-1,1
35479,107,104,3,3
35480,79,83,-4,4
35481,123,126,-3,3
35482,97,93,4,4
35483,77,75,2,2
35484,66,132,-66,66
35485,83,85,-2,2
35486,82,91,-9,9
35487,78,82,-4,4
35488,89,85,4,4
35489,76,69,7,7
35490,61,67,-6,6
35491,116,109,7,7
35492,128,134,-6,6
35493,130,128,2,2
35494,46,51,-5,5
35495,105,103,2,2
35496,150,127,23,23
35497,156,153,3,3
35498,69,71,-2,2
35499,89,86,3,3
35500,77,73,4,4
35501,123,122,1,1
35502,97,94,3,3
35503,87,84,3,3
35504,80,83,-3,3
35505,79,83,-4,4
35506,58,70,-12,12
35507,53,56,-3,3
35508,105,111,-6,6
35509,74,84,-10,10
35510,101,104,-3,3
35511,56,59,-3,3
35512,115,111,4,4
35513,141,145,-4,4
35514,116,107,9,9
35515,47,50,-3,3
35516,43,47,-4,4
35517,80,90,-10,10
35518,91,99,-8,8
35519,75,90,-15,15
35520,114,104,10,10
35521,79,84,-5,5
35522,106,101,5,5
35523,69,64,5,5
35524,87,77,10,10
35525,118,125,-7,7
35526,84,90,-6,6
35527,90,97,-7,7
35528,97,93,4,4
35529,57,60,-3,3
35530,132,125,7,7
35531,90,105,-15,15
35532,108,109,-1,1
35533,132,116,16,16
35534,76,83,-7,7
35535,38,39,-1,1
35536,52,55,-3,3
35537,68,68,0,0
35538,141,139,2,2
35539,90,93,-3,3
35540,72,70,2,2
35541,74,71,3,3
35542,89,91,-2,2
35543,72,72,0,0
35544,78,65,13,13
35545,67,69,-2,2
35546,94,92,2,2
35547,65,67,-2,2
35548,75,75,0,0
35549,76,86,-10,10
35550,78,73,5,5
35551,70,78,-8,8
35552,124,114,10,10
35553,123,117,6,6
35554,185,171,14,14
35555,126,109,17,17
35556,104,103,1,1
35557,79,82,-3,3
35558,74,62,12,12
35559,82,83,-1,1
35560,47,54,-7,7
35561,40,45,-5,5
35562,102,104,-2,2
35563,68,76,-8,8
35564,95,102,-7,7
35565,111,105,6,6
35566,74,77,-3,3
35567,63,71,-8,8
35568,118,117,1,1
35569,181,159,22,22
35570,63,70,-7,7
35571,73,73,0,0
35572,76,82,-6,6
35573,80,82,-2,2
35574,99,101,-2,2
35575,83,92,-9,9
35576,48,53,-5,5
35577,140,124,16,16
35578,101,107,-6,6
35579,76,91,-15,15
35580,84,98,-14,14
35581,95,93,2,2
35582,60,65,-5,5
35583,78,78,0,0
35584,125,123,2,2
35585,90,97,-7,7
35586,99,100,-1,1
35587,58,56,2,2
35588,128,126,2,2
35589,67,70,-3,3
35590,96,110,-14,14
35591,96,93,3,3
35592,141,136,5,5
35593,77,85,-8,8
35594,114,104,10,10
35595,86,85,1,1
35596,175,160,15,15
35597,129,124,5,5
35598,50,59,-9,9
35599,70,68,2,2
35600,224,202,22,22
35601,146,139,7,7
35602,81,77,4,4
35603,97,92,5,5
35604,118,128,-10,10
35605,77,69,8,8
35606,73,74,-1,1
35607,85,84,1,1
35608,102,101,1,1
35609,130,126,4,4
35610,133,131,2,2
35611,129,124,5,5
35612,80,82,-2,2
35613,93,98,-5,5
35614,91,90,1,1
35615,41,94,-53,53
35616,82,91,-9,9
35617,67,68,-1,1
35618,85,86,-1,1
35619,75,82,-7,7
35620,118,121,-3,3
35621,118,103,15,15
35622,79,80,-1,1
35623,63,64,-1,1
35624,170,165,5,5
35625,73,79,-6,6
35626,114,92,22,22
35627,154,157,-3,3
35628,54,68,-14,14
35629,115,110,5,5
35630,49,121,-72,72
35631,99,103,-4,4
35632,80,77,3,3
35633,152,147,5,5
35634,71,72,-1,1
35635,118,144,-26,26
35636,106,101,5,5
35637,106,114,-8,8
35638,173,154,19,19
35639,89,96,-7,7
35640,65,68,-3,3
35641,93,91,2,2
35642,109,109,0,0
35643,126,129,-3,3
35644,143,157,-14,14
35645,127,129,-2,2
35646,114,106,8,8
35647,84,92,-8,8
35648,68,78,-10,10
35649,60,69,-9,9
35650,111,111,0,0
35651,127,134,-7,7
35652,83,80,3,3
35653,98,99,-1,1
35654,83,74,9,9
35655,77,79,-2,2
35656,51,54,-3,3
35657,88,94,-6,6
35658,48,63,-15,15
35659,147,142,5,5
35660,66,84,-18,18
35661,100,97,3,3
35662,76,84,-8,8
35663,59,64,-5,5
35664,116,112,4,4
35665,61,67,-6,6
35666,155,141,14,14
35667,99,104,-5,5
35668,112,107,5,5
35669,70,61,9,9
35670,79,85,-6,6
35671,96,101,-5,5
35672,90,98,-8,8
35673,104,102,2,2
35674,99,99,0,0
35675,81,89,-8,8
35676,134,147,-13,13
35677,126,128,-2,2
35678,160,117,43,43
35679,75,78,-3,3
35680,104,109,-5,5
35681,150,131,19,19
35682,120,117,3,3
35683,90,93,-3,3
35684,120,109,11,11
35685,142,136,6,6
35686,75,74,1,1
35687,102,96,6,6
35688,162,148,14,14
35689,74,74,0,0
35690,75,76,-1,1
35691,99,104,-5,5
35692,130,126,4,4
35693,53,53,0,0
35694,127,131,-4,4
35695,103,93,10,10
35696,94,90,4,4
35697,76,92,-16,16
35698,83,86,-3,3
35699,195,170,25,25
35700,58,73,-15,15
35701,51,66,-15,15
35702,153,143,10,10
35703,190,176,14,14
35704,87,90,-3,3
35705,96,96,0,0
35706,100,93,7,7
35707,74,74,0,0
35708,67,69,-2,2
35709,124,126,-2,2
35710,74,72,2,2
35711,111,102,9,9
35712,93,113,-20,20
35713,107,98,9,9
35714,70,64,6,6
35715,154,144,10,10
35716,125,111,14,14
35717,107,102,5,5
35718,69,90,-21,21
35719,101,103,-2,2
35720,95,92,3,3
35721,96,92,4,4
35722,85,86,-1,1
35723,70,97,-27,27
35724,68,69,-1,1
35725,61,67,-6,6
35726,155,153,2,2
35727,58,67,-9,9
35728,72,77,-5,5
35729,47,57,-10,10
35730,98,101,-3,3
35731,145,131,14,14
35732,52,59,-7,7
35733,120,105,15,15
35734,78,77,1,1
35735,56,64,-8,8
35736,89,98,-9,9
35737,82,88,-6,6
35738,104,106,-2,2
35739,128,136,-8,8
35740,159,132,27,27
35741,79,90,-11,11
35742,109,107,2,2
35743,120,117,3,3
35744,79,94,-15,15
35745,73,65,8,8
35746,64,61,3,3
35747,97,92,5,5
35748,135,111,24,24
35749,81,93,-12,12
35750,91,92,-1,1
35751,58,56,2,2
35752,78,77,1,1
35753,77,75,2,2
35754,47,48,-1,1
35755,167,152,15,15
35756,65,90,-25,25
35757,152,146,6,6
35758,159,150,9,9
35759,89,108,-19,19
35760,205,194,11,11
35761,108,103,5,5
35762,101,98,3,3
35763,129,128,1,1
35764,123,116,7,7
35765,90,92,-2,2
35766,138,128,10,10
35767,105,97,8,8
35768,93,88,5,5
35769,129,116,13,13
35770,110,101,9,9
35771,86,102,-16,16
35772,72,76,-4,4
35773,122,115,7,7
35774,37,44,-7,7
35775,173,169,4,4
35776,97,89,8,8
35777,45,47,-2,2
35778,97,85,12,12
35779,85,92,-7,7
35780,83,91,-8,8
35781,105,100,5,5
35782,138,132,6,6
35783,98,93,5,5
35784,128,118,10,10
35785,94,86,8,8
35786,131,112,19,19
35787,67,71,-4,4
35788,176,169,7,7
35789,116,115,1,1
35790,116,117,-1,1
35791,80,62,18,18
35792,84,83,1,1
35793,69,76,-7,7
35794,165,160,5,5
35795,55,68,-13,13
35796,123,126,-3,3
35797,117,122,-5,5
35798,81,73,8,8
35799,86,84,2,2
35800,185,178,7,7
35801,104,102,2,2
35802,89,93,-4,4
35803,85,84,1,1
35804,156,144,12,12
35805,72,71,1,1
35806,95,76,19,19
35807,86,81,5,5
35808,72,72,0,0
35809,168,147,21,21
35810,42,49,-7,7
35811,93,95,-2,2
35812,103,95,8,8
35813,83,89,-6,6
35814,137,129,8,8
35815,117,126,-9,9
35816,77,84,-7,7
35817,79,92,-13,13
35818,121,115,6,6
35819,110,120,-10,10
35820,101,100,1,1
35821,88,97,-9,9
35822,91,91,0,0
35823,166,148,18,18
35824,63,64,-1,1
35825,92,96,-4,4
35826,138,124,14,14
35827,110,115,-5,5
35828,151,147,4,4
35829,121,128,-7,7
35830,73,74,-1,1
35831,77,72,5,5
35832,197,190,7,7
35833,94,78,16,16
35834,67,73,-6,6
35835,147,126,21,21
35836,92,113,-21,21
35837,138,135,3,3
35838,71,85,-14,14
35839,93,93,0,0
35840,115,109,6,6
35841,90,88,2,2
35842,137,131,6,6
35843,136,138,-2,2
35844,63,68,-5,5
35845,68,73,-5,5
35846,105,106,-1,1
35847,61,64,-3,3
35848,75,76,-1,1
35849,120,122,-2,2
35850,145,144,1,1
35851,106,103,3,3
35852,171,154,17,17
35853,87,92,-5,5
35854,112,103,9,9
35855,75,79,-4,4
35856,84,91,-7,7
35857,55,58,-3,3
35858,57,64,-7,7
35859,71,71,0,0
35860,150,140,10,10
35861,42,47,-5,5
35862,95,95,0,0
35863,100,103,-3,3
35864,77,72,5,5
35865,134,140,-6,6
35866,100,90,10,10
35867,117,123,-6,6
35868,74,107,-33,33
35869,106,101,5,5
35870,121,115,6,6
35871,115,108,7,7
35872,137,130,7,7
35873,80,88,-8,8
35874,81,90,-9,9
35875,50,60,-10,10
35876,60,71,-11,11
35877,143,124,19,19
35878,80,82,-2,2
35879,72,73,-1,1
35880,74,73,1,1
35881,125,121,4,4
35882,111,100,11,11
35883,99,101,-2,2
35884,72,74,-2,2
35885,84,81,3,3
35886,52,54,-2,2
35887,54,57,-3,3
35888,63,67,-4,4
35889,101,98,3,3
35890,65,59,6,6
35891,74,84,-10,10
35892,141,140,1,1
35893,84,88,-4,4
35894,156,137,19,19
35895,105,96,9,9
35896,130,119,11,11
35897,74,75,-1,1
35898,97,107,-10,10
35899,111,110,1,1
35900,65,70,-5,5
35901,124,116,8,8
35902,80,82,-2,2
35903,93,91,2,2
35904,122,115,7,7
35905,84,94,-10,10
35906,92,99,-7,7
35907,52,76,-24,24
35908,86,93,-7,7
35909,69,77,-8,8
35910,114,109,5,5
35911,68,68,0,0
35912,123,125,-2,2
35913,104,122,-18,18
35914,119,109,10,10
35915,123,105,18,18
35916,99,95,4,4
35917,117,127,-10,10
35918,94,101,-7,7
35919,126,125,1,1
35920,148,137,11,11
35921,112,103,9,9
35922,168,169,-1,1
35923,81,80,1,1
35924,100,99,1,1
35925,78,83,-5,5
35926,109,105,4,4
35927,120,115,5,5
35928,119,124,-5,5
35929,83,106,-23,23
35930,138,129,9,9
35931,63,70,-7,7
35932,63,60,3,3
35933,88,83,5,5
35934,50,53,-3,3
35935,171,161,10,10
35936,111,97,14,14
35937,154,152,2,2
35938,131,116,15,15
35939,110,102,8,8
35940,74,75,-1,1
35941,116,122,-6,6
35942,112,110,2,2
35943,89,93,-4,4
35944,109,111,-2,2
35945,68,71,-3,3
35946,77,82,-5,5
35947,69,70,-1,1
35948,54,68,-14,14
35949,74,75,-1,1
35950,140,136,4,4
35951,92,83,9,9
35952,47,59,-12,12
35953,49,62,-13,13
35954,72,75,-3,3
35955,79,85,-6,6
35956,45,57,-12,12
35957,53,61,-8,8
35958,114,116,-2,2
35959,64,70,-6,6
35960,63,61,2,2
35961,113,103,10,10
35962,103,98,5,5
35963,109,104,5,5
35964,94,93,1,1
35965,65,66,-1,1
35966,94,90,4,4
35967,142,144,-2,2
35968,38,45,-7,7
35969,91,102,-11,11
35970,86,84,2,2
35971,150,142,8,8
35972,66,70,-4,4
35973,68,69,-1,1
35974,62,62,0,0
35975,53,55,-2,2
35976,53,58,-5,5
35977,117,114,3,3
35978,89,93,-4,4
35979,96,85,11,11
35980,109,110,-1,1
35981,100,99,1,1
35982,132,122,10,10
35983,125,126,-1,1
35984,47,51,-4,4
35985,76,94,-18,18
35986,80,84,-4,4
35987,108,126,-18,18
35988,72,76,-4,4
35989,79,80,-1,1
35990,103,102,1,1
35991,93,94,-1,1
35992,90,84,6,6
35993,76,77,-1,1
35994,88,90,-2,2
35995,70,73,-3,3
35996,162,140,22,22
35997,86,81,5,5
35998,62,65,-3,3
35999,78,78,0,0
36000,51,53,-2,2
36001,131,109,22,22
36002,81,80,1,1
36003,100,104,-4,4
36004,107,107,0,0
36005,71,76,-5,5
36006,99,97,2,2
36007,128,115,13,13
36008,102,107,-5,5
36009,111,122,-11,11
36010,114,114,0,0
36011,145,136,9,9
36012,123,108,15,15
36013,64,66,-2,2
36014,138,136,2,2
36015,120,124,-4,4
36016,96,96,0,0
36017,143,140,3,3
36018,79,80,-1,1
36019,139,143,-4,4
36020,124,116,8,8
36021,76,84,-8,8
36022,67,72,-5,5
36023,65,76,-11,11
36024,62,68,-6,6
36025,184,176,8,8
36026,102,103,-1,1
36027,60,68,-8,8
36028,79,91,-12,12
36029,63,68,-5,5
36030,70,61,9,9
36031,91,99,-8,8
36032,68,74,-6,6
36033,86,95,-9,9
36034,97,109,-12,12
36035,78,91,-13,13
36036,110,93,17,17
36037,94,87,7,7
36038,68,83,-15,15
36039,150,138,12,12
36040,81,81,0,0
36041,58,63,-5,5
36042,48,52,-4,4
36043,76,77,-1,1
36044,102,95,7,7
36045,74,78,-4,4
36046,60,68,-8,8
36047,75,85,-10,10
36048,92,92,0,0
36049,62,69,-7,7
36050,91,98,-7,7
36051,93,92,1,1
36052,146,145,1,1
36053,94,94,0,0
36054,88,91,-3,3
36055,124,117,7,7
36056,92,96,-4,4
36057,87,111,-24,24
36058,113,123,-10,10
36059,99,96,3,3
36060,90,92,-2,2
36061,95,91,4,4
36062,61,68,-7,7
36063,139,130,9,9
36064,106,115,-9,9
36065,42,51,-9,9
36066,95,95,0,0
36067,121,127,-6,6
36068,130,139,-9,9
36069,121,127,-6,6
36070,74,74,0,0
36071,84,85,-1,1
36072,70,71,-1,1
36073,73,77,-4,4
36074,116,106,10,10
36075,120,111,9,9
36076,151,143,8,8
36077,80,90,-10,10
36078,90,95,-5,5
36079,68,72,-4,4
36080,102,100,2,2
36081,180,171,9,9
36082,44,78,-34,34
36083,170,161,9,9
36084,99,90,9,9
36085,130,124,6,6
36086,78,104,-26,26
36087,107,103,4,4
36088,93,103,-10,10
36089,146,140,6,6
36090,97,93,4,4
36091,107,101,6,6
36092,116,108,8,8
36093,81,94,-13,13
36094,84,81,3,3
36095,88,100,-12,12
36096,77,67,10,10
36097,65,69,-4,4
36098,158,146,12,12
36099,76,83,-7,7
36100,56,59,-3,3
36101,119,122,-3,3
36102,82,82,0,0
36103,52,64,-12,12
36104,44,55,-11,11
36105,122,109,13,13
36106,92,96,-4,4
36107,87,91,-4,4
36108,152,151,1,1
36109,97,101,-4,4
36110,127,117,10,10
36111,61,67,-6,6
36112,58,67,-9,9
36113,94,99,-5,5
36114,123,123,0,0
36115,141,121,20,20
36116,61,70,-9,9
36117,151,166,-15,15
36118,117,115,2,2
36119,88,92,-4,4
36120,71,70,1,1
36121,131,133,-2,2
36122,98,93,5,5
36123,54,61,-7,7
36124,133,123,10,10
36125,68,65,3,3
36126,49,62,-13,13
36127,106,102,4,4
36128,144,139,5,5
36129,105,107,-2,2
36130,59,55,4,4
36131,65,71,-6,6
36132,136,126,10,10
36133,58,58,0,0
36134,49,51,-2,2
36135,47,54,-7,7
36136,87,91,-4,4
36137,81,92,-11,11
36138,110,101,9,9
36139,119,115,4,4
36140,114,111,3,3
36141,77,75,2,2
36142,114,111,3,3
36143,112,113,-1,1
36144,86,106,-20,20
36145,91,94,-3,3
36146,136,124,12,12
36147,52,53,-1,1
36148,85,92,-7,7
36149,97,95,2,2
36150,151,142,9,9
36151,118,109,9,9
36152,156,135,21,21
36153,61,57,4,4
36154,107,104,3,3
36155,173,168,5,5
36156,86,92,-6,6
36157,74,82,-8,8
36158,90,85,5,5
36159,61,69,-8,8
36160,112,116,-4,4
36161,114,107,7,7
36162,86,92,-6,6
36163,115,116,-1,1
36164,128,127,1,1
36165,62,69,-7,7
36166,81,89,-8,8
36167,102,104,-2,2
36168,104,105,-1,1
36169,70,81,-11,11
36170,85,84,1,1
36171,59,67,-8,8
36172,112,103,9,9
36173,141,146,-5,5
36174,103,122,-19,19
36175,89,94,-5,5
36176,83,81,2,2
36177,54,56,-2,2
36178,70,78,-8,8
36179,75,81,-6,6
36180,124,119,5,5
36181,64,65,-1,1
36182,137,127,10,10
36183,112,124,-12,12
36184,60,71,-11,11
36185,103,106,-3,3
36186,76,74,2,2
36187,100,91,9,9
36188,68,74,-6,6
36189,72,83,-11,11
36190,52,60,-8,8
36191,91,91,0,0
36192,57,60,-3,3
36193,71,62,9,9
36194,99,104,-5,5
36195,117,129,-12,12
36196,179,167,12,12
36197,109,107,2,2
36198,33,33,0,0
36199,101,102,-1,1
36200,105,102,3,3
36201,88,90,-2,2
36202,152,154,-2,2
36203,88,82,6,6
36204,140,129,11,11
36205,123,106,17,17
36206,129,123,6,6
36207,57,62,-5,5
36208,53,56,-3,3
36209,65,72,-7,7
36210,72,72,0,0
36211,127,137,-10,10
36212,62,74,-12,12
36213,47,56,-9,9
36214,101,103,-2,2
36215,58,54,4,4
36216,90,96,-6,6
36217,71,71,0,0
36218,148,135,13,13
36219,131,123,8,8
36220,173,170,3,3
36221,140,125,15,15
36222,88,92,-4,4
36223,105,111,-6,6
36224,129,120,9,9
36225,105,102,3,3
36226,113,124,-11,11
36227,83,93,-10,10
36228,58,61,-3,3
36229,59,65,-6,6
36230,110,91,19,19
36231,106,108,-2,2
36232,95,95,0,0
36233,101,89,12,12
36234,56,65,-9,9
36235,134,134,0,0
36236,118,113,5,5
36237,114,104,10,10
36238,70,73,-3,3
36239,68,72,-4,4
36240,66,72,-6,6
36241,92,91,1,1
36242,113,114,-1,1
36243,108,104,4,4
36244,91,102,-11,11
36245,146,148,-2,2
36246,114,108,6,6
36247,103,104,-1,1
36248,108,130,-22,22
36249,60,65,-5,5
36250,62,67,-5,5
36251,102,103,-1,1
36252,110,113,-3,3
36253,194,167,27,27
36254,53,63,-10,10
36255,102,104,-2,2
36256,175,157,18,18
36257,66,65,1,1
36258,108,105,3,3
36259,112,105,7,7
36260,154,140,14,14
36261,121,124,-3,3
36262,66,67,-1,1
36263,84,84,0,0
36264,72,74,-2,2
36265,97,93,4,4
36266,125,117,8,8
36267,53,57,-4,4
36268,56,63,-7,7
36269,139,142,-3,3
36270,76,83,-7,7
36271,98,95,3,3
36272,64,67,-3,3
36273,102,102,0,0
36274,63,70,-7,7
36275,125,124,1,1
36276,133,112,21,21
36277,61,66,-5,5
36278,57,63,-6,6
36279,87,84,3,3
36280,65,73,-8,8
36281,45,52,-7,7
36282,105,109,-4,4
36283,123,117,6,6
36284,96,90,6,6
36285,146,147,-1,1
36286,65,72,-7,7
36287,93,90,3,3
36288,67,72,-5,5
36289,112,95,17,17
36290,128,118,10,10
36291,78,82,-4,4
36292,73,72,1,1
36293,89,90,-1,1
36294,62,65,-3,3
36295,127,131,-4,4
36296,126,115,11,11
36297,80,81,-1,1
36298,84,92,-8,8
36299,85,104,-19,19
36300,65,69,-4,4
36301,63,63,0,0
36302,42,51,-9,9
36303,84,82,2,2
36304,73,74,-1,1
36305,50,50,0,0
36306,107,126,-19,19
36307,108,103,5,5
36308,65,71,-6,6
36309,150,122,28,28
36310,101,100,1,1
36311,51,47,4,4
36312,74,75,-1,1
36313,79,80,-1,1
36314,117,104,13,13
36315,71,84,-13,13
36316,70,79,-9,9
36317,75,76,-1,1
36318,38,53,-15,15
36319,104,106,-2,2
36320,97,96,1,1
36321,117,108,9,9
36322,78,74,4,4
36323,58,74,-16,16
36324,133,130,3,3
36325,51,56,-5,5
36326,117,116,1,1
36327,82,74,8,8
36328,155,147,8,8
36329,102,109,-7,7
36330,137,132,5,5
36331,85,83,2,2
36332,132,130,2,2
36333,35,42,-7,7
36334,72,78,-6,6
36335,119,124,-5,5
36336,90,90,0,0
36337,69,73,-4,4
36338,76,82,-6,6
36339,85,91,-6,6
36340,114,105,9,9
36341,84,107,-23,23
36342,78,82,-4,4
36343,55,63,-8,8
36344,102,106,-4,4
36345,163,140,23,23
36346,69,73,-4,4
36347,126,122,4,4
36348,43,42,1,1
36349,61,59,2,2
36350,54,59,-5,5
36351,109,106,3,3
36352,102,116,-14,14
36353,80,85,-5,5
36354,206,184,22,22
36355,51,54,-3,3
36356,89,75,14,14
36357,72,80,-8,8
36358,127,128,-1,1
36359,76,82,-6,6
36360,107,103,4,4
36361,71,71,0,0
36362,66,67,-1,1
36363,76,74,2,2
36364,184,166,18,18
36365,129,130,-1,1
36366,55,62,-7,7
36367,110,110,0,0
36368,75,82,-7,7
36369,61,67,-6,6
36370,136,129,7,7
36371,103,94,9,9
36372,115,121,-6,6
36373,55,59,-4,4
36374,113,108,5,5
36375,89,82,7,7
36376,121,108,13,13
36377,80,94,-14,14
36378,141,130,11,11
36379,150,163,-13,13
36380,90,91,-1,1
36381,73,76,-3,3
36382,137,155,-18,18
36383,107,97,10,10
36384,86,91,-5,5
36385,112,113,-1,1
36386,46,59,-13,13
36387,72,75,-3,3
36388,99,102,-3,3
36389,63,70,-7,7
36390,126,105,21,21
36391,64,63,1,1
36392,90,102,-12,12
36393,59,67,-8,8
36394,66,62,4,4
36395,114,101,13,13
36396,102,98,4,4
36397,77,77,0,0
36398,90,74,16,16
36399,68,72,-4,4
36400,78,72,6,6
36401,71,73,-2,2
36402,49,54,-5,5
36403,83,82,1,1
36404,112,118,-6,6
36405,102,109,-7,7
36406,134,109,25,25
36407,57,63,-6,6
36408,71,74,-3,3
36409,163,161,2,2
36410,130,118,12,12
36411,123,130,-7,7
36412,117,118,-1,1
36413,78,77,1,1
36414,39,49,-10,10
36415,49,56,-7,7
36416,57,60,-3,3
36417,51,62,-11,11
36418,123,110,13,13
36419,92,96,-4,4
36420,93,101,-8,8
36421,77,81,-4,4
36422,197,158,39,39
36423,112,116,-4,4
36424,63,74,-11,11
36425,83,90,-7,7
36426,68,88,-20,20
36427,105,104,1,1
36428,62,73,-11,11
36429,71,71,0,0
36430,91,91,0,0
36431,85,82,3,3
36432,197,195,2,2
36433,124,110,14,14
36434,119,116,3,3
36435,130,137,-7,7
36436,81,78,3,3
36437,92,94,-2,2
36438,71,73,-2,2
36439,67,68,-1,1
36440,99,94,5,5
36441,94,101,-7,7
36442,114,120,-6,6
36443,167,154,13,13
36444,120,108,12,12
36445,125,109,16,16
36446,70,67,3,3
36447,114,109,5,5
36448,95,99,-4,4
36449,46,54,-8,8
36450,101,105,-4,4
36451,61,61,0,0
36452,90,99,-9,9
36453,67,131,-64,64
36454,157,142,15,15
36455,79,75,4,4
36456,105,105,0,0
36457,112,100,12,12
36458,89,96,-7,7
36459,105,105,0,0
36460,124,112,12,12
36461,65,66,-1,1
36462,73,74,-1,1
36463,66,73,-7,7
36464,61,70,-9,9
36465,125,137,-12,12
36466,122,127,-5,5
36467,76,75,1,1
36468,90,98,-8,8
36469,176,151,25,25
36470,62,72,-10,10
36471,139,135,4,4
36472,43,44,-1,1
36473,67,75,-8,8
36474,50,58,-8,8
36475,66,71,-5,5
36476,59,68,-9,9
36477,81,75,6,6
36478,83,78,5,5
36479,92,92,0,0
36480,76,84,-8,8
36481,62,63,-1,1
36482,64,80,-16,16
36483,92,100,-8,8
36484,123,122,1,1
36485,84,76,8,8
36486,88,92,-4,4
36487,58,65,-7,7
36488,87,90,-3,3
36489,73,75,-2,2
36490,44,60,-16,16
36491,123,117,6,6
36492,76,72,4,4
36493,82,91,-9,9
36494,84,87,-3,3
36495,69,70,-1,1
36496,80,91,-11,11
36497,104,105,-1,1
36498,81,84,-3,3
36499,79,91,-12,12
36500,90,105,-15,15
36501,105,106,-1,1
36502,140,138,2,2
36503,85,90,-5,5
36504,96,94,2,2
36505,102,102,0,0
36506,81,77,4,4
36507,117,111,6,6
36508,68,67,1,1
36509,79,82,-3,3
36510,143,131,12,12
36511,66,62,4,4
36512,52,58,-6,6
36513,109,100,9,9
36514,40,56,-16,16
36515,140,127,13,13
36516,115,109,6,6
36517,74,91,-17,17
36518,61,70,-9,9
36519,66,72,-6,6
36520,92,81,11,11
36521,48,74,-26,26
36522,116,115,1,1
36523,141,129,12,12
36524,113,106,7,7
36525,89,84,5,5
36526,139,125,14,14
36527,134,130,4,4
36528,152,146,6,6
36529,88,91,-3,3
36530,93,98,-5,5
36531,161,151,10,10
36532,90,95,-5,5
36533,68,69,-1,1
36534,148,135,13,13
36535,82,84,-2,2
36536,96,92,4,4
36537,171,170,1,1
36538,96,105,-9,9
36539,66,67,-1,1
36540,113,107,6,6
36541,78,84,-6,6
36542,82,83,-1,1
36543,61,65,-4,4
36544,82,82,0,0
36545,99,107,-8,8
36546,225,184,41,41
36547,81,80,1,1
36548,62,62,0,0
36549,66,71,-5,5
36550,44,55,-11,11
36551,74,87,-13,13
36552,83,82,1,1
36553,109,106,3,3
36554,51,61,-10,10
36555,121,111,10,10
36556,83,75,8,8
36557,81,93,-12,12
36558,53,60,-7,7
36559,73,86,-13,13
36560,109,101,8,8
36561,151,147,4,4
36562,115,110,5,5
36563,122,114,8,8
36564,116,116,0,0
36565,107,101,6,6
36566,109,103,6,6
36567,72,73,-1,1
36568,43,52,-9,9
36569,78,76,2,2
36570,127,115,12,12
36571,50,58,-8,8
36572,96,96,0,0
36573,53,61,-8,8
36574,37,45,-8,8
36575,94,86,8,8
36576,56,68,-12,12
36577,27,37,-10,10
36578,38,52,-14,14
36579,109,110,-1,1
36580,109,108,1,1
36581,70,77,-7,7
36582,60,69,-9,9
36583,82,94,-12,12
36584,67,69,-2,2
36585,67,72,-5,5
36586,78,75,3,3
36587,62,75,-13,13
36588,49,59,-10,10
36589,109,100,9,9
36590,88,94,-6,6
36591,81,97,-16,16
36592,82,91,-9,9
36593,90,91,-1,1
36594,79,81,-2,2
36595,97,92,5,5
36596,75,82,-7,7
36597,104,97,7,7
36598,84,92,-8,8
36599,146,140,6,6
36600,62,67,-5,5
36601,104,112,-8,8
36602,106,105,1,1
36603,92,95,-3,3
36604,92,93,-1,1
36605,92,98,-6,6
36606,71,73,-2,2
36607,91,95,-4,4
36608,87,87,0,0
36609,79,95,-16,16
36610,86,103,-17,17
36611,128,115,13,13
36612,186,178,8,8
36613,138,125,13,13
36614,89,82,7,7
36615,168,154,14,14
36616,46,53,-7,7
36617,93,92,1,1
36618,72,79,-7,7
36619,110,102,8,8
36620,99,91,8,8
36621,51,54,-3,3
36622,93,99,-6,6
36623,99,100,-1,1
36624,126,119,7,7
36625,64,69,-5,5
36626,209,190,19,19
36627,102,103,-1,1
36628,98,102,-4,4
36629,79,73,6,6
36630,85,94,-9,9
36631,64,68,-4,4
36632,83,83,0,0
36633,121,102,19,19
36634,111,105,6,6
36635,72,74,-2,2
36636,97,93,4,4
36637,96,90,6,6
36638,64,67,-3,3
36639,128,120,8,8
36640,34,42,-8,8
36641,124,100,24,24
36642,84,78,6,6
36643,132,128,4,4
36644,55,61,-6,6
36645,118,115,3,3
36646,47,53,-6,6
36647,74,73,1,1
36648,75,73,2,2
36649,93,94,-1,1
36650,171,143,28,28
36651,81,87,-6,6
36652,62,69,-7,7
36653,81,80,1,1
36654,83,78,5,5
36655,65,68,-3,3
36656,61,67,-6,6
36657,83,91,-8,8
36658,102,101,1,1
36659,78,77,1,1
36660,85,84,1,1
36661,122,116,6,6
36662,60,63,-3,3
36663,151,153,-2,2
36664,72,77,-5,5
36665,93,96,-3,3
36666,99,95,4,4
36667,95,102,-7,7
36668,105,103,2,2
36669,83,72,11,11
36670,128,129,-1,1
36671,76,107,-31,31
36672,114,104,10,10
36673,125,130,-5,5
36674,88,90,-2,2
36675,117,122,-5,5
36676,54,57,-3,3
36677,102,103,-1,1
36678,60,58,2,2
36679,47,64,-17,17
36680,76,74,2,2
36681,53,60,-7,7
36682,83,91,-8,8
36683,148,151,-3,3
36684,101,97,4,4
36685,126,118,8,8
36686,124,191,-67,67
36687,114,111,3,3
36688,74,84,-10,10
36689,83,94,-11,11
36690,109,102,7,7
36691,89,100,-11,11
36692,76,80,-4,4
36693,53,62,-9,9
36694,78,81,-3,3
36695,60,65,-5,5
36696,136,128,8,8
36697,42,61,-19,19
36698,126,117,9,9
36699,99,107,-8,8
36700,96,101,-5,5
36701,45,52,-7,7
36702,77,75,2,2
36703,167,146,21,21
36704,102,130,-28,28
36705,92,99,-7,7
36706,61,63,-2,2
36707,138,128,10,10
36708,117,126,-9,9
36709,127,117,10,10
36710,92,79,13,13
36711,83,87,-4,4
36712,69,72,-3,3
36713,189,169,20,20
36714,89,85,4,4
36715,154,147,7,7
36716,78,83,-5,5
36717,92,95,-3,3
36718,151,154,-3,3
36719,138,145,-7,7
36720,73,74,-1,1
36721,152,146,6,6
36722,122,116,6,6
36723,71,68,3,3
36724,118,113,5,5
36725,93,86,7,7
36726,104,102,2,2
36727,85,80,5,5
36728,91,91,0,0
36729,50,54,-4,4
36730,102,92,10,10
36731,120,115,5,5
36732,111,104,7,7
36733,71,79,-8,8
36734,57,57,0,0
36735,161,119,42,42
36736,53,55,-2,2
36737,122,135,-13,13
36738,125,123,2,2
36739,83,83,0,0
36740,74,83,-9,9
36741,78,80,-2,2
36742,51,56,-5,5
36743,167,141,26,26
36744,78,83,-5,5
36745,207,191,16,16
36746,120,117,3,3
36747,142,140,2,2
36748,71,82,-11,11
36749,144,124,20,20
36750,55,56,-1,1
36751,75,70,5,5
36752,113,120,-7,7
36753,100,108,-8,8
36754,56,67,-11,11
36755,137,119,18,18
36756,92,95,-3,3
36757,142,130,12,12
36758,114,112,2,2
36759,47,55,-8,8
36760,61,62,-1,1
36761,130,120,10,10
36762,68,73,-5,5
36763,72,91,-19,19
36764,39,44,-5,5
36765,116,122,-6,6
36766,135,126,9,9
36767,121,111,10,10
36768,126,118,8,8
36769,115,125,-10,10
36770,92,93,-1,1
36771,137,120,17,17
36772,67,70,-3,3
36773,58,59,-1,1
36774,74,80,-6,6
36775,66,61,5,5
36776,70,66,4,4
36777,89,110,-21,21
36778,85,95,-10,10
36779,77,81,-4,4
36780,54,60,-6,6
36781,103,106,-3,3
36782,45,58,-13,13
36783,35,51,-16,16
36784,84,110,-26,26
36785,61,75,-14,14
36786,114,107,7,7
36787,47,57,-10,10
36788,86,91,-5,5
36789,92,103,-11,11
36790,61,60,1,1
36791,96,96,0,0
36792,48,51,-3,3
36793,115,128,-13,13
36794,209,187,22,22
36795,89,92,-3,3
36796,63,60,3,3
36797,68,72,-4,4
36798,88,98,-10,10
36799,63,75,-12,12
36800,121,126,-5,5
36801,146,158,-12,12
36802,64,66,-2,2
36803,75,77,-2,2
36804,118,129,-11,11
36805,121,122,-1,1
36806,87,85,2,2
36807,80,83,-3,3
36808,80,86,-6,6
36809,107,100,7,7
36810,137,132,5,5
36811,96,90,6,6
36812,74,71,3,3
36813,90,82,8,8
36814,70,68,2,2
36815,45,52,-7,7
36816,63,62,1,1
36817,122,115,7,7
36818,80,74,6,6
36819,91,94,-3,3
36820,241,217,24,24
36821,49,55,-6,6
36822,115,126,-11,11
36823,136,106,30,30
36824,87,78,9,9
36825,90,103,-13,13
36826,86,86,0,0
36827,126,117,9,9
36828,63,81,-18,18
36829,68,69,-1,1
36830,83,76,7,7
36831,101,103,-2,2
36832,82,111,-29,29
36833,105,111,-6,6
36834,141,141,0,0
36835,67,73,-6,6
36836,29,40,-11,11
36837,96,102,-6,6
36838,69,68,1,1
36839,62,69,-7,7
36840,68,75,-7,7
36841,96,90,6,6
36842,122,127,-5,5
36843,109,113,-4,4
36844,83,82,1,1
36845,127,117,10,10
36846,115,126,-11,11
36847,95,93,2,2
36848,64,65,-1,1
36849,80,83,-3,3
36850,285,283,2,2
36851,88,91,-3,3
36852,154,118,36,36
36853,163,151,12,12
36854,68,111,-43,43
36855,72,79,-7,7
36856,184,177,7,7
36857,87,84,3,3
36858,58,65,-7,7
36859,110,115,-5,5
36860,62,71,-9,9
36861,53,52,1,1
36862,158,160,-2,2
36863,87,103,-16,16
36864,70,82,-12,12
36865,72,75,-3,3
36866,141,121,20,20
36867,94,91,3,3
36868,48,61,-13,13
36869,56,61,-5,5
36870,169,156,13,13
36871,81,104,-23,23
36872,71,71,0,0
36873,97,91,6,6
36874,73,75,-2,2
36875,90,96,-6,6
36876,122,116,6,6
36877,68,66,2,2
36878,128,117,11,11
36879,68,72,-4,4
36880,128,130,-2,2
36881,80,83,-3,3
36882,76,71,5,5
36883,131,139,-8,8
36884,96,100,-4,4
36885,118,130,-12,12
36886,112,104,8,8
36887,174,161,13,13
36888,44,41,3,3
36889,92,97,-5,5
36890,66,68,-2,2
36891,90,99,-9,9
36892,144,136,8,8
36893,110,103,7,7
36894,164,142,22,22
36895,85,83,2,2
36896,87,103,-16,16
36897,126,143,-17,17
36898,70,73,-3,3
36899,111,111,0,0
36900,56,59,-3,3
36901,50,56,-6,6
36902,93,99,-6,6
36903,66,72,-6,6
36904,77,78,-1,1
36905,59,64,-5,5
36906,95,102,-7,7
36907,79,76,3,3
36908,84,86,-2,2
36909,81,82,-1,1
36910,118,103,15,15
36911,62,63,-1,1
36912,113,110,3,3
36913,89,80,9,9
36914,109,100,9,9
36915,157,146,11,11
36916,144,158,-14,14
36917,113,104,9,9
36918,136,121,15,15
36919,55,50,5,5
36920,100,125,-25,25
36921,127,113,14,14
36922,137,133,4,4
36923,77,73,4,4
36924,75,75,0,0
36925,96,102,-6,6
36926,183,172,11,11
36927,100,97,3,3
36928,66,63,3,3
36929,87,92,-5,5
36930,76,81,-5,5
36931,79,97,-18,18
36932,84,85,-1,1
36933,101,98,3,3
36934,110,115,-5,5
36935,97,101,-4,4
36936,55,58,-3,3
36937,94,89,5,5
36938,65,71,-6,6
36939,78,77,1,1
36940,69,71,-2,2
36941,171,160,11,11
36942,78,79,-1,1
36943,58,62,-4,4
36944,79,80,-1,1
36945,90,84,6,6
36946,43,44,-1,1
36947,80,99,-19,19
36948,121,130,-9,9
36949,186,167,19,19
36950,87,91,-4,4
36951,25,20,5,5
36952,77,85,-8,8
36953,111,112,-1,1
36954,60,61,-1,1
36955,70,75,-5,5
36956,145,131,14,14
36957,83,87,-4,4
36958,87,77,10,10
36959,79,81,-2,2
36960,110,109,1,1
36961,70,68,2,2
36962,157,147,10,10
36963,95,94,1,1
36964,62,70,-8,8
36965,83,85,-2,2
36966,64,65,-1,1
36967,240,228,12,12
36968,77,82,-5,5
36969,171,154,17,17
36970,111,111,0,0
36971,98,92,6,6
36972,60,61,-1,1
36973,94,96,-2,2
36974,117,107,10,10
36975,113,115,-2,2
36976,149,158,-9,9
36977,84,86,-2,2
36978,50,60,-10,10
36979,109,120,-11,11
36980,77,94,-17,17
36981,125,120,5,5
36982,74,90,-16,16
36983,80,82,-2,2
36984,70,73,-3,3
36985,79,83,-4,4
36986,125,107,18,18
36987,102,89,13,13
36988,72,73,-1,1
36989,99,102,-3,3
36990,73,85,-12,12
36991,104,94,10,10
36992,99,95,4,4
36993,97,92,5,5
36994,135,135,0,0
36995,80,91,-11,11
36996,146,143,3,3
36997,59,68,-9,9
36998,95,97,-2,2
36999,159,137,22,22
37000,73,68,5,5
37001,94,97,-3,3
37002,159,134,25,25
37003,178,151,27,27
37004,58,59,-1,1
37005,88,85,3,3
37006,88,96,-8,8
37007,81,92,-11,11
37008,79,76,3,3
37009,54,57,-3,3
37010,88,86,2,2
37011,75,71,4,4
37012,101,94,7,7
37013,89,83,6,6
37014,51,58,-7,7
37015,121,116,5,5
37016,110,114,-4,4
37017,99,92,7,7
37018,63,69,-6,6
37019,113,113,0,0
37020,137,138,-1,1
37021,114,121,-7,7
37022,87,85,2,2
37023,176,145,31,31
37024,136,127,9,9
37025,104,101,3,3
37026,131,88,43,43
37027,100,110,-10,10
37028,110,112,-2,2
37029,54,55,-1,1
37030,99,102,-3,3
37031,55,64,-9,9
37032,141,127,14,14
37033,142,136,6,6
37034,125,108,17,17
37035,114,123,-9,9
37036,121,121,0,0
37037,138,127,11,11
37038,66,79,-13,13
37039,108,104,4,4
37040,137,130,7,7
37041,57,61,-4,4
37042,97,101,-4,4
37043,114,105,9,9
37044,124,150,-26,26
37045,66,72,-6,6
37046,51,52,-1,1
37047,162,148,14,14
37048,161,153,8,8
37049,116,111,5,5
37050,111,115,-4,4
37051,143,139,4,4
37052,41,54,-13,13
37053,97,91,6,6
37054,49,56,-7,7
37055,156,143,13,13
37056,48,51,-3,3
37057,82,77,5,5
37058,58,58,0,0
37059,81,81,0,0
37060,81,84,-3,3
37061,68,72,-4,4
37062,120,118,2,2
37063,28,39,-11,11
37064,84,95,-11,11
37065,96,101,-5,5
37066,79,81,-2,2
37067,446,359,87,87
37068,132,132,0,0
37069,131,126,5,5
37070,60,73,-13,13
37071,78,75,3,3
37072,113,109,4,4
37073,67,70,-3,3
37074,83,84,-1,1
37075,77,72,5,5
37076,82,83,-1,1
37077,60,66,-6,6
37078,112,108,4,4
37079,124,113,11,11
37080,150,130,20,20
37081,87,90,-3,3
37082,129,122,7,7
37083,151,142,9,9
37084,36,47,-11,11
37085,100,106,-6,6
37086,57,103,-46,46
37087,108,114,-6,6
37088,78,86,-8,8
37089,72,69,3,3
37090,69,83,-14,14
37091,108,108,0,0
37092,87,84,3,3
37093,51,67,-16,16
37094,48,52,-4,4
37095,98,113,-15,15
37096,31,51,-20,20
37097,140,117,23,23
37098,74,71,3,3
37099,95,105,-10,10
37100,87,86,1,1
37101,120,122,-2,2
37102,83,78,5,5
37103,81,98,-17,17
37104,75,77,-2,2
37105,87,91,-4,4
37106,145,139,6,6
37107,98,94,4,4
37108,52,50,2,2
37109,83,84,-1,1
37110,55,73,-18,18
37111,110,116,-6,6
37112,125,130,-5,5
37113,87,81,6,6
37114,101,103,-2,2
37115,81,74,7,7
37116,143,138,5,5
37117,218,193,25,25
37118,79,74,5,5
37119,97,93,4,4
37120,58,64,-6,6
37121,116,118,-2,2
37122,76,70,6,6
37123,94,98,-4,4
37124,79,94,-15,15
37125,60,61,-1,1
37126,103,108,-5,5
37127,51,55,-4,4
37128,113,106,7,7
37129,83,102,-19,19
37130,121,124,-3,3
37131,87,74,13,13
37132,152,144,8,8
37133,97,91,6,6
37134,169,160,9,9
37135,73,91,-18,18
37136,141,146,-5,5
37137,88,81,7,7
37138,75,165,-90,90
37139,78,77,1,1
37140,114,106,8,8
37141,95,84,11,11
37142,100,107,-7,7
37143,94,97,-3,3
37144,62,70,-8,8
37145,75,112,-37,37
37146,91,95,-4,4
37147,155,131,24,24
37148,82,80,2,2
37149,120,115,5,5
37150,154,139,15,15
37151,45,49,-4,4
37152,69,72,-3,3
37153,70,76,-6,6
37154,129,129,0,0
37155,83,81,2,2
37156,102,96,6,6
37157,34,40,-6,6
37158,84,82,2,2
37159,93,92,1,1
37160,173,154,19,19
37161,81,91,-10,10
37162,112,121,-9,9
37163,141,133,8,8
37164,117,111,6,6
37165,87,98,-11,11
37166,89,103,-14,14
37167,138,138,0,0
37168,77,85,-8,8
37169,71,79,-8,8
37170,108,114,-6,6
37171,84,83,1,1
37172,90,102,-12,12
37173,156,145,11,11
37174,90,95,-5,5
37175,91,94,-3,3
37176,64,65,-1,1
37177,66,71,-5,5
37178,59,57,2,2
37179,124,114,10,10
37180,49,49,0,0
37181,108,113,-5,5
37182,83,85,-2,2
37183,115,102,13,13
37184,59,67,-8,8
37185,51,70,-19,19
37186,90,88,2,2
37187,77,93,-16,16
37188,59,58,1,1
37189,100,103,-3,3
37190,138,127,11,11
37191,237,214,23,23
37192,71,73,-2,2
37193,51,56,-5,5
37194,160,161,-1,1
37195,162,126,36,36
37196,121,118,3,3
37197,122,112,10,10
37198,64,65,-1,1
37199,78,75,3,3
37200,107,132,-25,25
37201,102,106,-4,4
37202,74,84,-10,10
37203,90,102,-12,12
37204,65,63,2,2
37205,85,91,-6,6
37206,88,91,-3,3
37207,95,102,-7,7
37208,92,96,-4,4
37209,148,128,20,20
37210,89,91,-2,2
37211,63,67,-4,4
37212,98,90,8,8
37213,74,73,1,1
37214,69,72,-3,3
37215,58,65,-7,7
37216,148,130,18,18
37217,75,82,-7,7
37218,128,120,8,8
37219,63,75,-12,12
37220,113,99,14,14
37221,88,97,-9,9
37222,68,63,5,5
37223,98,96,2,2
37224,79,85,-6,6
37225,69,75,-6,6
37226,284,261,23,23
37227,76,77,-1,1
37228,98,101,-3,3
37229,73,77,-4,4
37230,135,130,5,5
37231,71,70,1,1
37232,85,81,4,4
37233,58,66,-8,8
37234,110,112,-2,2
37235,63,66,-3,3
37236,91,95,-4,4
37237,72,75,-3,3
37238,111,131,-20,20
37239,75,71,4,4
37240,127,132,-5,5
37241,157,142,15,15
37242,136,135,1,1
37243,66,67,-1,1
37244,53,58,-5,5
37245,76,82,-6,6
37246,76,72,4,4
37247,123,131,-8,8
37248,90,90,0,0
37249,62,67,-5,5
37250,93,111,-18,18
37251,150,136,14,14
37252,114,111,3,3
37253,99,87,12,12
37254,85,84,1,1
37255,68,68,0,0
37256,54,57,-3,3
37257,64,67,-3,3
37258,126,125,1,1
37259,52,56,-4,4
37260,119,110,9,9
37261,112,107,5,5
37262,257,229,28,28
37263,75,81,-6,6
37264,58,60,-2,2
37265,87,91,-4,4
37266,50,53,-3,3
37267,79,84,-5,5
37268,142,130,12,12
37269,122,125,-3,3
37270,69,73,-4,4
37271,82,81,1,1
37272,83,91,-8,8
37273,87,82,5,5
37274,132,127,5,5
37275,110,118,-8,8
37276,98,90,8,8
37277,93,94,-1,1
37278,112,123,-11,11
37279,101,93,8,8
37280,97,102,-5,5
37281,111,115,-4,4
37282,53,56,-3,3
37283,78,86,-8,8
37284,104,102,2,2
37285,86,83,3,3
37286,109,106,3,3
37287,136,127,9,9
37288,113,125,-12,12
37289,53,61,-8,8
37290,85,77,8,8
37291,142,127,15,15
37292,141,137,4,4
37293,87,92,-5,5
37294,79,78,1,1
37295,171,152,19,19
37296,104,107,-3,3
37297,91,120,-29,29
37298,70,72,-2,2
37299,93,103,-10,10
37300,115,115,0,0
37301,49,45,4,4
37302,115,104,11,11
37303,85,84,1,1
37304,96,103,-7,7
37305,112,111,1,1
37306,133,135,-2,2
37307,114,108,6,6
37308,78,99,-21,21
37309,158,143,15,15
37310,73,71,2,2
37311,44,50,-6,6
37312,160,156,4,4
37313,114,114,0,0
37314,163,116,47,47
37315,113,104,9,9
37316,92,103,-11,11
37317,35,46,-11,11
37318,135,132,3,3
37319,113,110,3,3
37320,105,97,8,8
37321,79,74,5,5
37322,130,123,7,7
37323,129,128,1,1
37324,81,89,-8,8
37325,71,81,-10,10
37326,233,199,34,34
37327,79,90,-11,11
37328,88,91,-3,3
37329,121,126,-5,5
37330,132,121,11,11
37331,179,161,18,18
37332,199,183,16,16
37333,133,126,7,7
37334,127,116,11,11
37335,71,75,-4,4
37336,59,66,-7,7
37337,92,97,-5,5
37338,98,99,-1,1
37339,93,84,9,9
37340,103,84,19,19
37341,114,122,-8,8
37342,80,83,-3,3
37343,84,84,0,0
37344,95,93,2,2
37345,141,134,7,7
37346,184,167,17,17
37347,138,113,25,25
37348,59,65,-6,6
37349,172,162,10,10
37350,146,134,12,12
37351,72,76,-4,4
37352,139,139,0,0
37353,108,106,2,2
37354,91,102,-11,11
37355,38,39,-1,1
37356,44,54,-10,10
37357,86,83,3,3
37358,68,77,-9,9
37359,68,66,2,2
37360,100,105,-5,5
37361,135,120,15,15
37362,30,47,-17,17
37363,149,140,9,9
37364,93,95,-2,2
37365,132,135,-3,3
37366,61,63,-2,2
37367,104,110,-6,6
37368,119,115,4,4
37369,61,66,-5,5
37370,79,82,-3,3
37371,48,59,-11,11
37372,80,66,14,14
37373,145,166,-21,21
37374,65,75,-10,10
37375,68,69,-1,1
37376,68,71,-3,3
37377,78,90,-12,12
37378,65,64,1,1
37379,98,98,0,0
37380,102,106,-4,4
37381,115,98,17,17
37382,71,72,-1,1
37383,63,70,-7,7
37384,64,75,-11,11
37385,97,96,1,1
37386,102,95,7,7
37387,101,104,-3,3
37388,34,39,-5,5
37389,70,74,-4,4
37390,53,62,-9,9
37391,92,93,-1,1
37392,83,90,-7,7
37393,101,108,-7,7
37394,76,74,2,2
37395,76,80,-4,4
37396,111,107,4,4
37397,49,64,-15,15
37398,55,66,-11,11
37399,115,105,10,10
37400,126,122,4,4
37401,121,108,13,13
37402,145,132,13,13
37403,60,78,-18,18
37404,73,67,6,6
37405,63,69,-6,6
37406,71,73,-2,2
37407,81,84,-3,3
37408,98,101,-3,3
37409,138,136,2,2
37410,69,79,-10,10
37411,172,184,-12,12
37412,57,70,-13,13
37413,119,113,6,6
37414,65,71,-6,6
37415,54,60,-6,6
37416,86,97,-11,11
37417,116,117,-1,1
37418,145,129,16,16
37419,102,106,-4,4
37420,108,104,4,4
37421,63,66,-3,3
37422,125,116,9,9
37423,90,93,-3,3
37424,139,137,2,2
37425,94,97,-3,3
37426,86,91,-5,5
37427,44,57,-13,13
37428,89,97,-8,8
37429,82,83,-1,1
37430,114,104,10,10
37431,60,61,-1,1
37432,103,104,-1,1
37433,58,58,0,0
37434,108,115,-7,7
37435,140,143,-3,3
37436,160,156,4,4
37437,54,58,-4,4
37438,106,101,5,5
37439,140,137,3,3
37440,101,98,3,3
37441,120,116,4,4
37442,118,110,8,8
37443,116,113,3,3
37444,108,107,1,1
37445,205,204,1,1
37446,192,179,13,13
37447,97,99,-2,2
37448,59,64,-5,5
37449,60,69,-9,9
37450,51,53,-2,2
37451,48,51,-3,3
37452,118,110,8,8
37453,209,187,22,22
37454,64,70,-6,6
37455,76,83,-7,7
37456,130,125,5,5
37457,83,83,0,0
37458,69,78,-9,9
37459,66,60,6,6
37460,81,92,-11,11
37461,116,130,-14,14
37462,91,96,-5,5
37463,178,170,8,8
37464,148,157,-9,9
37465,160,156,4,4
37466,116,126,-10,10
37467,87,93,-6,6
37468,93,97,-4,4
37469,71,75,-4,4
37470,121,116,5,5
37471,85,74,11,11
37472,75,79,-4,4
37473,101,102,-1,1
37474,72,74,-2,2
37475,60,65,-5,5
37476,102,94,8,8
37477,111,103,8,8
37478,81,93,-12,12
37479,75,92,-17,17
37480,107,113,-6,6
37481,75,81,-6,6
37482,67,75,-8,8
37483,126,128,-2,2
37484,106,109,-3,3
37485,126,123,3,3
37486,104,106,-2,2
37487,65,76,-11,11
37488,92,95,-3,3
37489,78,73,5,5
37490,127,125,2,2
37491,88,92,-4,4
37492,35,32,3,3
37493,87,93,-6,6
37494,53,67,-14,14
37495,108,109,-1,1
37496,89,92,-3,3
37497,79,77,2,2
37498,79,89,-10,10
37499,138,118,20,20
37500,92,90,2,2
37501,84,87,-3,3
37502,65,67,-2,2
37503,74,76,-2,2
37504,147,138,9,9
37505,96,102,-6,6
37506,124,123,1,1
37507,84,91,-7,7
37508,118,115,3,3
37509,80,78,2,2
37510,89,101,-12,12
37511,154,154,0,0
37512,96,105,-9,9
37513,73,84,-11,11
37514,218,184,34,34
37515,108,105,3,3
37516,156,147,9,9
37517,56,65,-9,9
37518,105,102,3,3
37519,103,128,-25,25
37520,98,103,-5,5
37521,161,154,7,7
37522,150,127,23,23
37523,50,56,-6,6
37524,99,98,1,1
37525,62,69,-7,7
37526,102,103,-1,1
37527,86,85,1,1
37528,81,82,-1,1
37529,51,60,-9,9
37530,100,96,4,4
37531,74,74,0,0
37532,65,62,3,3
37533,95,98,-3,3
37534,99,98,1,1
37535,84,93,-9,9
37536,114,99,15,15
37537,99,91,8,8
37538,58,56,2,2
37539,49,50,-1,1
37540,119,109,10,10
37541,83,91,-8,8
37542,96,102,-6,6
37543,70,73,-3,3
37544,108,105,3,3
37545,128,113,15,15
37546,75,74,1,1
37547,72,72,0,0
37548,88,77,11,11
37549,71,71,0,0
37550,103,97,6,6
37551,109,104,5,5
37552,77,84,-7,7
37553,74,73,1,1
37554,105,101,4,4
37555,56,51,5,5
37556,95,93,2,2
37557,152,137,15,15
37558,62,65,-3,3
37559,128,122,6,6
37560,108,100,8,8
37561,58,67,-9,9
37562,144,125,19,19
37563,109,102,7,7
37564,66,67,-1,1
37565,114,113,1,1
37566,150,133,17,17
37567,98,94,4,4
37568,151,143,8,8
37569,73,73,0,0
37570,84,84,0,0
37571,126,123,3,3
37572,50,57,-7,7
37573,101,115,-14,14
37574,56,65,-9,9
37575,95,98,-3,3
37576,65,70,-5,5
37577,141,122,19,19
37578,94,94,0,0
37579,67,73,-6,6
37580,55,64,-9,9
37581,65,69,-4,4
37582,52,69,-17,17
37583,95,92,3,3
37584,158,147,11,11
37585,106,39,67,67
37586,101,102,-1,1
37587,96,93,3,3
37588,132,134,-2,2
37589,91,90,1,1
37590,80,82,-2,2
37591,209,187,22,22
37592,71,83,-12,12
37593,94,106,-12,12
37594,93,90,3,3
37595,103,107,-4,4
37596,69,79,-10,10
37597,190,186,4,4
37598,92,95,-3,3
37599,105,97,8,8
37600,69,75,-6,6
37601,54,71,-17,17
37602,59,63,-4,4
37603,82,87,-5,5
37604,84,90,-6,6
37605,30,56,-26,26
37606,150,138,12,12
37607,65,67,-2,2
37608,88,88,0,0
37609,80,81,-1,1
37610,174,160,14,14
37611,134,156,-22,22
37612,82,79,3,3
37613,77,72,5,5
37614,65,72,-7,7
37615,49,53,-4,4
37616,95,101,-6,6
37617,67,71,-4,4
37618,69,68,1,1
37619,125,130,-5,5
37620,124,129,-5,5
37621,81,84,-3,3
37622,93,94,-1,1
37623,148,124,24,24
37624,158,144,14,14
37625,107,105,2,2
37626,138,126,12,12
37627,106,106,0,0
37628,102,107,-5,5
37629,151,151,0,0
37630,103,109,-6,6
37631,77,74,3,3
37632,139,131,8,8
37633,122,122,0,0
37634,86,81,5,5
37635,85,84,1,1
37636,76,72,4,4
37637,115,104,11,11
37638,137,123,14,14
37639,113,128,-15,15
37640,155,135,20,20
37641,66,78,-12,12
37642,75,75,0,0
37643,120,119,1,1
37644,116,102,14,14
37645,152,146,6,6
37646,56,63,-7,7
37647,205,182,23,23
37648,96,101,-5,5
37649,101,94,7,7
37650,100,101,-1,1
37651,94,91,3,3
37652,130,119,11,11
37653,61,79,-18,18
37654,123,117,6,6
37655,111,119,-8,8
37656,136,142,-6,6
37657,166,147,19,19
37658,85,98,-13,13
37659,99,100,-1,1
37660,58,64,-6,6
37661,98,93,5,5
37662,88,76,12,12
37663,164,139,25,25
37664,67,70,-3,3
37665,112,95,17,17
37666,105,101,4,4
37667,151,137,14,14
37668,80,71,9,9
37669,121,128,-7,7
37670,179,144,35,35
37671,151,141,10,10
37672,116,116,0,0
37673,93,92,1,1
37674,96,98,-2,2
37675,112,119,-7,7
37676,45,49,-4,4
37677,100,100,0,0
37678,71,83,-12,12
37679,72,70,2,2
37680,124,116,8,8
37681,54,54,0,0
37682,135,128,7,7
37683,125,115,10,10
37684,125,105,20,20
37685,104,113,-9,9
37686,76,75,1,1
37687,106,128,-22,22
37688,76,77,-1,1
37689,87,92,-5,5
37690,146,137,9,9
37691,91,84,7,7
37692,72,90,-18,18
37693,149,146,3,3
37694,82,84,-2,2
37695,157,152,5,5
37696,138,125,13,13
37697,122,120,2,2
37698,105,106,-1,1
37699,88,84,4,4
37700,157,168,-11,11
37701,108,101,7,7
37702,94,92,2,2
37703,102,107,-5,5
37704,51,68,-17,17
37705,84,89,-5,5
37706,67,85,-18,18
37707,128,116,12,12
37708,130,128,2,2
37709,165,151,14,14
37710,100,115,-15,15
37711,121,128,-7,7
37712,74,80,-6,6
37713,58,58,0,0
37714,88,101,-13,13
37715,105,111,-6,6
37716,116,113,3,3
37717,103,96,7,7
37718,101,103,-2,2
37719,108,115,-7,7
37720,75,92,-17,17
37721,106,107,-1,1
37722,69,74,-5,5
37723,87,90,-3,3
37724,68,81,-13,13
37725,51,58,-7,7
37726,61,66,-5,5
37727,110,108,2,2
37728,104,102,2,2
37729,70,69,1,1
37730,47,58,-11,11
37731,69,84,-15,15
37732,48,62,-14,14
37733,92,93,-1,1
37734,116,115,1,1
37735,94,100,-6,6
37736,79,84,-5,5
37737,116,129,-13,13
37738,133,135,-2,2
37739,70,75,-5,5
37740,153,146,7,7
37741,41,91,-50,50
37742,73,75,-2,2
37743,109,108,1,1
37744,145,127,18,18
37745,106,109,-3,3
37746,89,81,8,8
37747,69,83,-14,14
37748,73,73,0,0
37749,61,67,-6,6
37750,127,122,5,5
37751,104,105,-1,1
37752,103,103,0,0
37753,107,99,8,8
37754,116,120,-4,4
37755,66,71,-5,5
37756,130,126,4,4
37757,102,98,4,4
37758,102,104,-2,2
37759,72,80,-8,8
37760,98,94,4,4
37761,55,59,-4,4
37762,90,101,-11,11
37763,116,111,5,5
37764,64,73,-9,9
37765,113,106,7,7
37766,75,83,-8,8
37767,75,93,-18,18
37768,119,115,4,4
37769,81,74,7,7
37770,74,75,-1,1
37771,156,146,10,10
37772,93,98,-5,5
37773,84,84,0,0
37774,118,138,-20,20
37775,70,70,0,0
37776,197,189,8,8
37777,57,64,-7,7
37778,41,57,-16,16
37779,110,117,-7,7
37780,94,94,0,0
37781,121,113,8,8
37782,77,82,-5,5
37783,104,86,18,18
37784,98,95,3,3
37785,101,99,2,2
37786,65,75,-10,10
37787,140,128,12,12
37788,113,105,8,8
37789,103,90,13,13
37790,84,78,6,6
37791,75,74,1,1
37792,136,123,13,13
37793,123,119,4,4
37794,117,121,-4,4
37795,107,103,4,4
37796,64,66,-2,2
37797,61,69,-8,8
37798,216,175,41,41
37799,94,98,-4,4
37800,96,101,-5,5
37801,83,102,-19,19
37802,42,51,-9,9
37803,93,104,-11,11
37804,61,69,-8,8
37805,101,83,18,18
37806,118,111,7,7
37807,100,91,9,9
37808,107,132,-25,25
37809,98,102,-4,4
37810,64,65,-1,1
37811,215,206,9,9
37812,127,123,4,4
37813,91,89,2,2
37814,113,127,-14,14
37815,82,85,-3,3
37816,120,124,-4,4
37817,72,71,1,1
37818,77,95,-18,18
37819,79,90,-11,11
37820,67,74,-7,7
37821,89,94,-5,5
37822,54,60,-6,6
37823,97,105,-8,8
37824,82,84,-2,2
37825,91,103,-12,12
37826,83,76,7,7
37827,54,68,-14,14
37828,116,116,0,0
37829,80,89,-9,9
37830,75,72,3,3
37831,187,184,3,3
37832,78,91,-13,13
37833,95,102,-7,7
37834,87,92,-5,5
37835,74,79,-5,5
37836,67,68,-1,1
37837,66,63,3,3
37838,78,73,5,5
37839,107,103,4,4
37840,59,57,2,2
37841,92,97,-5,5
37842,41,59,-18,18
37843,130,124,6,6
37844,100,106,-6,6
37845,88,83,5,5
37846,67,66,1,1
37847,100,94,6,6
37848,99,104,-5,5
37849,69,72,-3,3
37850,115,118,-3,3
37851,116,104,12,12
37852,49,51,-2,2
37853,91,97,-6,6
37854,67,78,-11,11
37855,105,102,3,3
37856,137,136,1,1
37857,72,90,-18,18
37858,61,67,-6,6
37859,86,84,2,2
37860,91,96,-5,5
37861,85,86,-1,1
37862,83,93,-10,10
37863,68,66,2,2
37864,103,97,6,6
37865,106,101,5,5
37866,139,114,25,25
37867,115,117,-2,2
37868,48,56,-8,8
37869,159,160,-1,1
37870,61,64,-3,3
37871,113,118,-5,5
37872,101,104,-3,3
37873,77,78,-1,1
37874,134,131,3,3
37875,67,63,4,4
37876,106,103,3,3
37877,57,61,-4,4
37878,95,103,-8,8
37879,93,103,-10,10
37880,95,85,10,10
37881,179,169,10,10
37882,153,168,-15,15
37883,62,71,-9,9
37884,69,72,-3,3
37885,165,162,3,3
37886,180,183,-3,3
37887,87,87,0,0
37888,110,111,-1,1
37889,116,118,-2,2
37890,159,159,0,0
37891,99,104,-5,5
37892,114,115,-1,1
37893,102,95,7,7
37894,154,149,5,5
37895,91,94,-3,3
37896,124,110,14,14
37897,91,92,-1,1
37898,41,50,-9,9
37899,45,50,-5,5
37900,71,91,-20,20
37901,76,81,-5,5
37902,99,107,-8,8
37903,111,106,5,5
37904,97,92,5,5
37905,124,116,8,8
37906,96,101,-5,5
37907,79,75,4,4
37908,122,126,-4,4
37909,115,102,13,13
37910,89,86,3,3
37911,73,73,0,0
37912,111,114,-3,3
37913,89,99,-10,10
37914,138,131,7,7
37915,100,109,-9,9
37916,78,83,-5,5
37917,83,86,-3,3
37918,86,93,-7,7
37919,135,135,0,0
37920,114,111,3,3
37921,56,63,-7,7
37922,149,157,-8,8
37923,81,84,-3,3
37924,79,81,-2,2
37925,103,104,-1,1
37926,56,72,-16,16
37927,150,141,9,9
37928,78,80,-2,2
37929,78,82,-4,4
37930,41,50,-9,9
37931,121,107,14,14
37932,123,117,6,6
37933,76,92,-16,16
37934,103,102,1,1
37935,35,61,-26,26
37936,124,117,7,7
37937,55,66,-11,11
37938,88,91,-3,3
37939,90,92,-2,2
37940,120,99,21,21
37941,71,75,-4,4
37942,79,87,-8,8
37943,62,71,-9,9
37944,86,91,-5,5
37945,64,68,-4,4
37946,131,142,-11,11
37947,146,137,9,9
37948,86,82,4,4
37949,98,94,4,4
37950,183,156,27,27
37951,91,93,-2,2
37952,77,75,2,2
37953,142,139,3,3
37954,79,80,-1,1
37955,41,44,-3,3
37956,105,104,1,1
37957,197,187,10,10
37958,115,112,3,3
37959,71,73,-2,2
37960,140,145,-5,5
37961,130,126,4,4
37962,83,82,1,1
37963,108,123,-15,15
37964,67,68,-1,1
37965,70,88,-18,18
37966,93,101,-8,8
37967,64,72,-8,8
37968,98,116,-18,18
37969,115,114,1,1
37970,62,62,0,0
37971,88,93,-5,5
37972,61,66,-5,5
37973,198,176,22,22
37974,101,108,-7,7
37975,66,66,0,0
37976,31,37,-6,6
37977,94,92,2,2
37978,93,103,-10,10
37979,117,152,-35,35
37980,99,102,-3,3
37981,36,42,-6,6
37982,76,79,-3,3
37983,67,74,-7,7
37984,78,91,-13,13
37985,50,59,-9,9
37986,55,53,2,2
37987,92,99,-7,7
37988,94,91,3,3
37989,137,135,2,2
37990,102,102,0,0
37991,113,115,-2,2
37992,89,85,4,4
37993,124,129,-5,5
37994,82,85,-3,3
37995,60,70,-10,10
37996,125,111,14,14
37997,78,89,-11,11
37998,143,134,9,9
37999,142,140,2,2
38000,106,99,7,7
38001,124,116,8,8
38002,52,61,-9,9
38003,97,116,-19,19
38004,80,79,1,1
38005,107,116,-9,9
38006,141,134,7,7
38007,57,64,-7,7
38008,89,81,8,8
38009,104,113,-9,9
38010,154,145,9,9
38011,76,90,-14,14
38012,95,84,11,11
38013,179,159,20,20
38014,64,77,-13,13
38015,119,108,11,11
38016,108,116,-8,8
38017,114,111,3,3
38018,92,93,-1,1
38019,109,105,4,4
38020,139,141,-2,2
38021,130,127,3,3
38022,112,105,7,7
38023,123,112,11,11
38024,125,117,8,8
38025,66,65,1,1
38026,77,93,-16,16
38027,87,91,-4,4
38028,97,108,-11,11
38029,56,58,-2,2
38030,146,133,13,13
38031,71,73,-2,2
38032,176,162,14,14
38033,96,92,4,4
38034,105,101,4,4
38035,127,125,2,2
38036,82,84,-2,2
38037,137,149,-12,12
38038,120,120,0,0
38039,82,82,0,0
38040,73,71,2,2
38041,78,73,5,5
38042,83,90,-7,7
38043,83,85,-2,2
38044,74,81,-7,7
38045,81,83,-2,2
38046,178,154,24,24
38047,96,107,-11,11
38048,48,57,-9,9
38049,74,84,-10,10
38050,143,130,13,13
38051,94,91,3,3
38052,142,140,2,2
38053,144,144,0,0
38054,114,114,0,0
38055,91,98,-7,7
38056,127,126,1,1
38057,65,76,-11,11
38058,152,142,10,10
38059,106,103,3,3
38060,140,128,12,12
38061,96,103,-7,7
38062,72,105,-33,33
38063,71,36,35,35
38064,116,110,6,6
38065,156,146,10,10
38066,57,58,-1,1
38067,24,32,-8,8
38068,122,115,7,7
38069,118,107,11,11
38070,96,102,-6,6
38071,86,84,2,2
38072,163,153,10,10
38073,60,70,-10,10
38074,80,74,6,6
38075,78,81,-3,3
38076,82,82,0,0
38077,113,105,8,8
38078,104,110,-6,6
38079,154,173,-19,19
38080,34,47,-13,13
38081,111,112,-1,1
38082,103,103,0,0
38083,88,90,-2,2
38084,112,116,-4,4
38085,115,108,7,7
38086,60,59,1,1
38087,150,141,9,9
38088,116,115,1,1
38089,80,79,1,1
38090,112,103,9,9
38091,116,115,1,1
38092,83,90,-7,7
38093,161,144,17,17
38094,65,72,-7,7
38095,74,79,-5,5
38096,72,66,6,6
38097,185,160,25,25
38098,89,74,15,15
38099,90,92,-2,2
38100,175,159,16,16
38101,96,92,4,4
38102,96,97,-1,1
38103,111,114,-3,3
38104,46,52,-6,6
38105,105,116,-11,11
38106,69,75,-6,6
38107,117,112,5,5
38108,91,92,-1,1
38109,70,79,-9,9
38110,150,135,15,15
38111,122,123,-1,1
38112,98,105,-7,7
38113,100,94,6,6
38114,160,135,25,25
38115,139,132,7,7
38116,170,158,12,12
38117,79,90,-11,11
38118,132,124,8,8
38119,121,122,-1,1
38120,118,119,-1,1
38121,102,93,9,9
38122,98,96,2,2
38123,115,125,-10,10
38124,159,151,8,8
38125,92,94,-2,2
38126,41,57,-16,16
38127,84,90,-6,6
38128,132,137,-5,5
38129,109,96,13,13
38130,78,91,-13,13
38131,114,104,10,10
38132,121,112,9,9
38133,93,91,2,2
38134,115,115,0,0
38135,44,49,-5,5
38136,74,76,-2,2
38137,49,52,-3,3
38138,165,156,9,9
38139,83,82,1,1
38140,158,147,11,11
38141,101,94,7,7
38142,118,115,3,3
38143,94,93,1,1
38144,117,133,-16,16
38145,109,107,2,2
38146,73,91,-18,18
38147,76,82,-6,6
38148,138,131,7,7
38149,113,106,7,7
38150,96,101,-5,5
38151,73,81,-8,8
38152,112,105,7,7
38153,63,72,-9,9
38154,104,95,9,9
38155,82,92,-10,10
38156,54,64,-10,10
38157,84,84,0,0
38158,133,135,-2,2
38159,101,102,-1,1
38160,108,113,-5,5
38161,83,82,1,1
38162,78,87,-9,9
38163,82,81,1,1
38164,76,81,-5,5
38165,90,90,0,0
38166,105,104,1,1
38167,61,63,-2,2
38168,102,111,-9,9
38169,104,118,-14,14
38170,72,75,-3,3
38171,74,69,5,5
38172,92,100,-8,8
38173,85,83,2,2
38174,99,97,2,2
38175,111,121,-10,10
38176,67,75,-8,8
38177,76,75,1,1
38178,113,102,11,11
38179,107,103,4,4
38180,117,113,4,4
38181,116,117,-1,1
38182,97,101,-4,4
38183,125,124,1,1
38184,112,117,-5,5
38185,71,83,-12,12
38186,115,113,2,2
38187,59,83,-24,24
38188,97,98,-1,1
38189,124,116,8,8
38190,45,51,-6,6
38191,87,92,-5,5
38192,103,121,-18,18
38193,64,68,-4,4
38194,100,98,2,2
38195,97,84,13,13
38196,121,115,6,6
38197,111,117,-6,6
38198,74,73,1,1
38199,118,146,-28,28
38200,91,91,0,0
38201,89,94,-5,5
38202,105,91,14,14
38203,79,85,-6,6
38204,68,74,-6,6
38205,125,128,-3,3
38206,87,87,0,0
38207,123,109,14,14
38208,93,96,-3,3
38209,100,96,4,4
38210,64,62,2,2
38211,108,103,5,5
38212,68,61,7,7
38213,86,92,-6,6
38214,107,95,12,12
38215,73,79,-6,6
38216,128,134,-6,6
38217,119,113,6,6
38218,54,52,2,2
38219,72,74,-2,2
38220,73,82,-9,9
38221,159,148,11,11
38222,83,89,-6,6
38223,97,98,-1,1
38224,131,127,4,4
38225,69,73,-4,4
38226,86,77,9,9
38227,119,119,0,0
38228,100,99,1,1
38229,102,106,-4,4
38230,67,67,0,0
38231,53,64,-11,11
38232,85,96,-11,11
38233,168,157,11,11
38234,61,56,5,5
38235,77,77,0,0
38236,85,92,-7,7
38237,69,70,-1,1
38238,124,117,7,7
38239,89,81,8,8
38240,148,145,3,3
38241,143,131,12,12
38242,57,79,-22,22
38243,144,136,8,8
38244,66,71,-5,5
38245,83,102,-19,19
38246,120,120,0,0
38247,131,128,3,3
38248,51,59,-8,8
38249,77,66,11,11
38250,62,69,-7,7
38251,125,131,-6,6
38252,87,91,-4,4
38253,89,92,-3,3
38254,162,152,10,10
38255,109,109,0,0
38256,126,129,-3,3
38257,87,95,-8,8
38258,87,100,-13,13
38259,116,111,5,5
38260,51,60,-9,9
38261,65,64,1,1
38262,95,93,2,2
38263,86,81,5,5
38264,98,103,-5,5
38265,74,73,1,1
38266,87,127,-40,40
38267,113,109,4,4
38268,70,91,-21,21
38269,119,107,12,12
38270,180,166,14,14
38271,94,85,9,9
38272,67,75,-8,8
38273,85,92,-7,7
38274,147,150,-3,3
38275,79,71,8,8
38276,76,80,-4,4
38277,60,57,3,3
38278,55,63,-8,8
38279,95,100,-5,5
38280,127,113,14,14
38281,100,101,-1,1
38282,85,86,-1,1
38283,127,121,6,6
38284,101,92,9,9
38285,70,72,-2,2
38286,102,101,1,1
38287,73,75,-2,2
38288,107,108,-1,1
38289,129,130,-1,1
38290,114,109,5,5
38291,45,59,-14,14
38292,52,54,-2,2
38293,69,72,-3,3
38294,71,74,-3,3
38295,65,70,-5,5
38296,211,178,33,33
38297,113,126,-13,13
38298,97,98,-1,1
38299,60,70,-10,10
38300,184,153,31,31
38301,106,103,3,3
38302,121,116,5,5
38303,112,115,-3,3
38304,137,134,3,3
38305,104,104,0,0
38306,124,136,-12,12
38307,72,70,2,2
38308,116,107,9,9
38309,76,75,1,1
38310,99,105,-6,6
38311,75,79,-4,4
38312,81,84,-3,3
38313,69,74,-5,5
38314,72,80,-8,8
38315,87,78,9,9
38316,93,94,-1,1
38317,136,127,9,9
38318,101,97,4,4
38319,89,90,-1,1
38320,112,108,4,4
38321,65,68,-3,3
38322,118,107,11,11
38323,92,85,7,7
38324,80,90,-10,10
38325,98,95,3,3
38326,70,71,-1,1
38327,127,121,6,6
38328,149,132,17,17
38329,70,70,0,0
38330,139,139,0,0
38331,82,82,0,0
38332,91,96,-5,5
38333,39,32,7,7
38334,82,99,-17,17
38335,105,104,1,1
38336,147,146,1,1
38337,104,113,-9,9
38338,117,102,15,15
38339,91,106,-15,15
38340,90,96,-6,6
38341,104,98,6,6
38342,47,56,-9,9
38343,56,64,-8,8
38344,110,110,0,0
38345,43,61,-18,18
38346,120,110,10,10
38347,70,74,-4,4
38348,75,81,-6,6
38349,77,79,-2,2
38350,72,72,0,0
38351,105,103,2,2
38352,218,194,24,24
38353,56,65,-9,9
38354,100,105,-5,5
38355,123,136,-13,13
38356,130,123,7,7
38357,63,63,0,0
38358,89,93,-4,4
38359,60,72,-12,12
38360,65,77,-12,12
38361,118,116,2,2
38362,86,93,-7,7
38363,166,164,2,2
38364,106,107,-1,1
38365,58,66,-8,8
38366,141,125,16,16
38367,96,96,0,0
38368,106,99,7,7
38369,110,117,-7,7
38370,64,65,-1,1
38371,83,83,0,0
38372,92,109,-17,17
38373,70,70,0,0
38374,122,124,-2,2
38375,86,91,-5,5
38376,105,95,10,10
38377,99,104,-5,5
38378,57,55,2,2
38379,79,80,-1,1
38380,59,60,-1,1
38381,70,75,-5,5
38382,104,100,4,4
38383,86,91,-5,5
38384,112,120,-8,8
38385,102,105,-3,3
38386,63,68,-5,5
38387,118,113,5,5
38388,63,63,0,0
38389,104,126,-22,22
38390,86,94,-8,8
38391,167,155,12,12
38392,164,156,8,8
38393,85,90,-5,5
38394,111,115,-4,4
38395,121,113,8,8
38396,94,92,2,2
38397,77,90,-13,13
38398,35,40,-5,5
38399,95,94,1,1
38400,133,133,0,0
38401,85,90,-5,5
38402,67,64,3,3
38403,114,115,-1,1
38404,157,145,12,12
38405,157,146,11,11
38406,94,104,-10,10
38407,54,66,-12,12
38408,64,64,0,0
38409,109,105,4,4
38410,71,74,-3,3
38411,73,80,-7,7
38412,76,86,-10,10
38413,130,115,15,15
38414,79,77,2,2
38415,142,150,-8,8
38416,89,89,0,0
38417,105,107,-2,2
38418,78,91,-13,13
38419,64,68,-4,4
38420,63,72,-9,9
38421,89,92,-3,3
38422,171,164,7,7
38423,111,101,10,10
38424,86,79,7,7
38425,102,102,0,0
38426,61,67,-6,6
38427,85,90,-5,5
38428,134,118,16,16
38429,81,84,-3,3
38430,142,138,4,4
38431,80,76,4,4
38432,83,83,0,0
38433,121,116,5,5
38434,67,60,7,7
38435,100,115,-15,15
38436,129,127,2,2
38437,102,111,-9,9
38438,126,121,5,5
38439,98,101,-3,3
38440,63,62,1,1
38441,72,77,-5,5
38442,88,98,-10,10
38443,64,71,-7,7
38444,107,116,-9,9
38445,89,84,5,5
38446,93,94,-1,1
38447,146,138,8,8
38448,101,106,-5,5
38449,87,90,-3,3
38450,97,97,0,0
38451,78,65,13,13
38452,130,115,15,15
38453,85,76,9,9
38454,77,75,2,2
38455,44,53,-9,9
38456,96,95,1,1
38457,89,87,2,2
38458,117,117,0,0
38459,41,46,-5,5
38460,113,115,-2,2
38461,103,92,11,11
38462,161,145,16,16
38463,196,184,12,12
38464,64,52,12,12
38465,82,77,5,5
38466,66,95,-29,29
38467,80,75,5,5
38468,54,62,-8,8
38469,104,107,-3,3
38470,55,56,-1,1
38471,57,60,-3,3
38472,49,59,-10,10
38473,70,73,-3,3
38474,74,82,-8,8
38475,33,38,-5,5
38476,83,93,-10,10
38477,89,90,-1,1
38478,102,97,5,5
38479,156,163,-7,7
38480,36,51,-15,15
38481,62,62,0,0
38482,102,96,6,6
38483,87,98,-11,11
38484,50,52,-2,2
38485,89,98,-9,9
38486,100,97,3,3
38487,98,91,7,7
38488,56,61,-5,5
38489,75,74,1,1
38490,98,85,13,13
38491,117,107,10,10
38492,235,207,28,28
38493,54,59,-5,5
38494,68,66,2,2
38495,116,123,-7,7
38496,32,39,-7,7
38497,55,56,-1,1
38498,82,81,1,1
38499,119,116,3,3
38500,183,182,1,1
38501,112,88,24,24
38502,57,69,-12,12
38503,120,118,2,2
38504,77,84,-7,7
38505,68,77,-9,9
38506,126,119,7,7
38507,68,66,2,2
38508,103,96,7,7
38509,110,114,-4,4
38510,122,103,19,19
38511,100,114,-14,14
38512,74,73,1,1
38513,185,158,27,27
38514,118,127,-9,9
38515,41,50,-9,9
38516,91,96,-5,5
38517,83,77,6,6
38518,79,85,-6,6
38519,82,74,8,8
38520,84,92,-8,8
38521,70,64,6,6
38522,97,104,-7,7
38523,99,102,-3,3
38524,108,106,2,2
38525,85,83,2,2
38526,132,125,7,7
38527,99,98,1,1
38528,62,60,2,2
38529,80,85,-5,5
38530,96,90,6,6
38531,98,91,7,7
38532,109,111,-2,2
38533,124,127,-3,3
38534,101,112,-11,11
38535,118,123,-5,5
38536,57,59,-2,2
38537,79,83,-4,4
38538,86,92,-6,6
38539,77,79,-2,2
38540,132,117,15,15
38541,74,67,7,7
38542,108,103,5,5
38543,137,125,12,12
38544,102,104,-2,2
38545,150,139,11,11
38546,51,56,-5,5
38547,77,75,2,2
38548,59,56,3,3
38549,42,44,-2,2
38550,141,139,2,2
38551,132,123,9,9
38552,67,67,0,0
38553,108,104,4,4
38554,144,147,-3,3
38555,69,72,-3,3
38556,85,85,0,0
38557,64,64,0,0
38558,65,68,-3,3
38559,221,209,12,12
38560,70,70,0,0
38561,56,58,-2,2
38562,62,69,-7,7
38563,88,103,-15,15
38564,108,114,-6,6
38565,178,159,19,19
38566,74,73,1,1
38567,85,98,-13,13
38568,61,71,-10,10
38569,111,75,36,36
38570,103,113,-10,10
38571,110,109,1,1
38572,74,73,1,1
38573,172,169,3,3
38574,87,102,-15,15
38575,141,143,-2,2
38576,86,82,4,4
38577,89,102,-13,13
38578,106,92,14,14
38579,103,103,0,0
38580,115,102,13,13
38581,61,56,5,5
38582,102,104,-2,2
38583,64,69,-5,5
38584,121,114,7,7
38585,61,71,-10,10
38586,75,72,3,3
38587,43,43,0,0
38588,84,84,0,0
38589,118,113,5,5
38590,50,46,4,4
38591,81,73,8,8
38592,160,150,10,10
38593,121,109,12,12
38594,77,90,-13,13
38595,124,122,2,2
38596,140,130,10,10
38597,56,64,-8,8
38598,92,85,7,7
38599,99,98,1,1
38600,169,159,10,10
38601,102,114,-12,12
38602,149,142,7,7
38603,161,168,-7,7
38604,73,80,-7,7
38605,81,87,-6,6
38606,76,79,-3,3
38607,131,122,9,9
38608,155,155,0,0
38609,87,94,-7,7
38610,62,65,-3,3
38611,87,78,9,9
38612,78,91,-13,13
38613,74,74,0,0
38614,49,74,-25,25
38615,92,91,1,1
38616,133,127,6,6
38617,149,142,7,7
38618,120,124,-4,4
38619,89,84,5,5
38620,102,98,4,4
38621,62,55,7,7
38622,57,48,9,9
38623,43,66,-23,23
38624,72,73,-1,1
38625,58,66,-8,8
38626,66,65,1,1
38627,73,77,-4,4
38628,112,98,14,14
38629,158,140,18,18
38630,70,80,-10,10
38631,136,130,6,6
38632,85,81,4,4
38633,37,50,-13,13
38634,87,94,-7,7
38635,130,135,-5,5
38636,88,92,-4,4
38637,57,65,-8,8
38638,117,115,2,2
38639,105,102,3,3
38640,75,81,-6,6
38641,153,152,1,1
38642,90,100,-10,10
38643,130,117,13,13
38644,86,93,-7,7
38645,124,131,-7,7
38646,83,84,-1,1
38647,145,124,21,21
38648,77,83,-6,6
38649,64,67,-3,3
38650,129,128,1,1
38651,109,113,-4,4
38652,94,91,3,3
38653,84,82,2,2
38654,64,67,-3,3
38655,90,92,-2,2
38656,171,163,8,8
38657,93,99,-6,6
38658,121,124,-3,3
38659,72,82,-10,10
38660,72,86,-14,14
38661,85,90,-5,5
38662,86,81,5,5
38663,93,102,-9,9
38664,94,82,12,12
38665,118,121,-3,3
38666,72,66,6,6
38667,64,68,-4,4
38668,127,113,14,14
38669,64,67,-3,3
38670,75,79,-4,4
38671,57,65,-8,8
38672,61,67,-6,6
38673,74,91,-17,17
38674,53,70,-17,17
38675,80,83,-3,3
38676,83,84,-1,1
38677,124,116,8,8
38678,81,84,-3,3
38679,84,95,-11,11
38680,128,116,12,12
38681,93,95,-2,2
38682,79,83,-4,4
38683,81,101,-20,20
38684,81,82,-1,1
38685,104,107,-3,3
38686,82,83,-1,1
38687,84,72,12,12
38688,71,74,-3,3
38689,62,66,-4,4
38690,66,72,-6,6
38691,63,68,-5,5
38692,77,81,-4,4
38693,56,64,-8,8
38694,155,146,9,9
38695,143,134,9,9
38696,75,76,-1,1
38697,92,102,-10,10
38698,108,103,5,5
38699,105,104,1,1
38700,63,65,-2,2
38701,117,120,-3,3
38702,123,108,15,15
38703,69,74,-5,5
38704,119,128,-9,9
38705,92,104,-12,12
38706,94,91,3,3
38707,80,84,-4,4
38708,101,98,3,3
38709,150,145,5,5
38710,92,91,1,1
38711,97,98,-1,1
38712,100,100,0,0
38713,74,90,-16,16
38714,157,151,6,6
38715,65,73,-8,8
38716,97,96,1,1
38717,79,81,-2,2
38718,86,86,0,0
38719,91,91,0,0
38720,51,55,-4,4
38721,110,111,-1,1
38722,106,108,-2,2
38723,50,58,-8,8
38724,76,73,3,3
38725,126,121,5,5
38726,73,73,0,0
38727,80,91,-11,11
38728,90,85,5,5
38729,94,82,12,12
38730,99,100,-1,1
38731,140,125,15,15
38732,92,93,-1,1
38733,96,101,-5,5
38734,107,107,0,0
38735,120,108,12,12
38736,141,136,5,5
38737,58,65,-7,7
38738,99,100,-1,1
38739,75,75,0,0
38740,118,106,12,12
38741,93,94,-1,1
38742,104,95,9,9
38743,81,85,-4,4
38744,107,104,3,3
38745,91,109,-18,18
38746,87,92,-5,5
38747,53,58,-5,5
38748,147,138,9,9
38749,108,97,11,11
38750,76,74,2,2
38751,59,60,-1,1
38752,85,95,-10,10
38753,82,86,-4,4
38754,57,66,-9,9
38755,37,49,-12,12
38756,129,128,1,1
38757,57,58,-1,1
38758,67,70,-3,3
38759,76,73,3,3
38760,85,83,2,2
38761,130,118,12,12
38762,106,105,1,1
38763,104,115,-11,11
38764,88,93,-5,5
38765,65,63,2,2
38766,75,76,-1,1
38767,145,133,12,12
38768,149,140,9,9
38769,44,50,-6,6
38770,69,68,1,1
38771,93,97,-4,4
38772,78,77,1,1
38773,63,70,-7,7
38774,78,84,-6,6
38775,85,83,2,2
38776,55,56,-1,1
38777,73,93,-20,20
38778,107,105,2,2
38779,131,124,7,7
38780,87,91,-4,4
38781,40,57,-17,17
38782,139,117,22,22
38783,85,93,-8,8
38784,163,166,-3,3
38785,64,73,-9,9
38786,193,181,12,12
38787,86,100,-14,14
38788,98,102,-4,4
38789,51,63,-12,12
38790,128,126,2,2
38791,141,125,16,16
38792,84,82,2,2
38793,142,137,5,5
38794,59,67,-8,8
38795,108,102,6,6
38796,39,48,-9,9
38797,156,150,6,6
38798,107,114,-7,7
38799,99,108,-9,9
38800,166,156,10,10
38801,85,88,-3,3
38802,84,88,-4,4
38803,98,100,-2,2
38804,76,72,4,4
38805,138,127,11,11
38806,93,92,1,1
38807,182,156,26,26
38808,149,129,20,20
38809,132,116,16,16
38810,127,117,10,10
38811,70,73,-3,3
38812,57,60,-3,3
38813,176,184,-8,8
38814,68,71,-3,3
38815,46,52,-6,6
38816,66,71,-5,5
38817,113,119,-6,6
38818,135,135,0,0
38819,48,53,-5,5
38820,135,132,3,3
38821,70,74,-4,4
38822,91,96,-5,5
38823,125,116,9,9
38824,109,97,12,12
38825,53,59,-6,6
38826,91,93,-2,2
38827,70,71,-1,1
38828,65,72,-7,7
38829,125,111,14,14
38830,72,77,-5,5
38831,103,104,-1,1
38832,103,86,17,17
38833,101,80,21,21
38834,117,125,-8,8
38835,63,64,-1,1
38836,164,159,5,5
38837,57,69,-12,12
38838,120,120,0,0
38839,133,127,6,6
38840,83,90,-7,7
38841,64,69,-5,5
38842,102,100,2,2
38843,70,68,2,2
38844,124,130,-6,6
38845,106,99,7,7
38846,156,147,9,9
38847,67,73,-6,6
38848,147,146,1,1
38849,113,117,-4,4
38850,121,118,3,3
38851,97,95,2,2
38852,59,72,-13,13
38853,50,66,-16,16
38854,118,104,14,14
38855,56,61,-5,5
38856,87,82,5,5
38857,89,100,-11,11
38858,65,74,-9,9
38859,62,68,-6,6
38860,138,136,2,2
38861,149,144,5,5
38862,69,66,3,3
38863,76,89,-13,13
38864,65,76,-11,11
38865,70,69,1,1
38866,133,135,-2,2
38867,77,80,-3,3
38868,93,98,-5,5
38869,105,128,-23,23
38870,67,73,-6,6
38871,84,85,-1,1
38872,83,93,-10,10
38873,46,48,-2,2
38874,102,100,2,2
38875,80,76,4,4
38876,106,106,0,0
38877,91,98,-7,7
38878,70,65,5,5
38879,213,192,21,21
38880,84,92,-8,8
38881,124,106,18,18
38882,113,109,4,4
38883,89,97,-8,8
38884,112,107,5,5
38885,78,75,3,3
38886,60,62,-2,2
38887,119,106,13,13
38888,58,63,-5,5
38889,109,97,12,12
38890,113,132,-19,19
38891,101,92,9,9
38892,61,61,0,0
38893,76,83,-7,7
38894,84,83,1,1
38895,86,95,-9,9
38896,108,101,7,7
38897,102,95,7,7
38898,151,148,3,3
38899,66,71,-5,5
38900,71,69,2,2
38901,66,74,-8,8
38902,131,129,2,2
38903,49,53,-4,4
38904,99,102,-3,3
38905,69,79,-10,10
38906,72,67,5,5
38907,179,156,23,23
38908,152,145,7,7
38909,70,74,-4,4
38910,63,72,-9,9
38911,104,108,-4,4
38912,22,46,-24,24
38913,105,100,5,5
38914,174,167,7,7
38915,123,122,1,1
38916,34,40,-6,6
38917,76,86,-10,10
38918,114,108,6,6
38919,84,103,-19,19
38920,114,101,13,13
38921,236,205,31,31
38922,86,95,-9,9
38923,91,87,4,4
38924,109,108,1,1
38925,99,93,6,6
38926,79,71,8,8
38927,51,61,-10,10
38928,201,181,20,20
38929,60,66,-6,6
38930,89,94,-5,5
38931,84,85,-1,1
38932,40,46,-6,6
38933,68,70,-2,2
38934,58,62,-4,4
38935,73,71,2,2
38936,121,123,-2,2
38937,55,55,0,0
38938,91,94,-3,3
38939,57,68,-11,11
38940,68,65,3,3
38941,93,81,12,12
38942,59,64,-5,5
38943,76,74,2,2
38944,99,104,-5,5
38945,85,104,-19,19
38946,113,101,12,12
38947,107,96,11,11
38948,184,167,17,17
38949,80,82,-2,2
38950,99,99,0,0
38951,180,161,19,19
38952,94,104,-10,10
38953,37,41,-4,4
38954,59,71,-12,12
38955,65,65,0,0
38956,93,97,-4,4
38957,88,99,-11,11
38958,92,95,-3,3
38959,128,112,16,16
38960,111,113,-2,2
38961,128,164,-36,36
38962,48,53,-5,5
38963,116,122,-6,6
38964,54,52,2,2
38965,57,71,-14,14
38966,61,70,-9,9
38967,79,82,-3,3
38968,61,62,-1,1
38969,122,116,6,6
38970,89,91,-2,2
38971,121,115,6,6
38972,119,114,5,5
38973,108,117,-9,9
38974,100,104,-4,4
38975,58,60,-2,2
38976,106,96,10,10
38977,88,93,-5,5
38978,103,94,9,9
38979,31,38,-7,7
38980,34,60,-26,26
38981,87,91,-4,4
38982,111,112,-1,1
38983,101,102,-1,1
38984,41,45,-4,4
38985,60,67,-7,7
38986,115,115,0,0
38987,136,136,0,0
38988,74,73,1,1
38989,84,79,5,5
38990,110,106,4,4
38991,73,78,-5,5
38992,126,116,10,10
38993,77,74,3,3
38994,129,122,7,7
38995,123,126,-3,3
38996,99,93,6,6
38997,88,66,22,22
38998,61,73,-12,12
38999,74,78,-4,4
39000,107,103,4,4
39001,122,114,8,8
39002,60,67,-7,7
39003,188,181,7,7
39004,84,80,4,4
39005,146,145,1,1
39006,154,150,4,4
39007,114,117,-3,3
39008,117,109,8,8
39009,163,161,2,2
39010,74,76,-2,2
39011,113,105,8,8
39012,68,72,-4,4
39013,137,129,8,8
39014,86,96,-10,10
39015,136,136,0,0
39016,77,73,4,4
39017,156,146,10,10
39018,146,136,10,10
39019,62,63,-1,1
39020,66,75,-9,9
39021,121,118,3,3
39022,161,146,15,15
39023,102,111,-9,9
39024,67,62,5,5
39025,129,126,3,3
39026,120,129,-9,9
39027,174,170,4,4
39028,179,171,8,8
39029,92,90,2,2
39030,112,113,-1,1
39031,110,102,8,8
39032,97,98,-1,1
39033,68,67,1,1
39034,117,120,-3,3
39035,155,139,16,16
39036,60,65,-5,5
39037,167,140,27,27
39038,115,109,6,6
39039,134,131,3,3
39040,48,59,-11,11
39041,89,85,4,4
39042,42,60,-18,18
39043,31,47,-16,16
39044,105,99,6,6
39045,138,128,10,10
39046,97,92,5,5
39047,83,88,-5,5
39048,54,59,-5,5
39049,65,68,-3,3
39050,94,101,-7,7
39051,86,90,-4,4
39052,88,98,-10,10
39053,63,64,-1,1
39054,144,137,7,7
39055,62,65,-3,3
39056,63,79,-16,16
39057,98,97,1,1
39058,60,61,-1,1
39059,49,55,-6,6
39060,96,93,3,3
39061,71,79,-8,8
39062,120,114,6,6
39063,150,127,23,23
39064,80,80,0,0
39065,58,65,-7,7
39066,64,75,-11,11
39067,140,135,5,5
39068,124,123,1,1
39069,97,93,4,4
39070,161,138,23,23
39071,50,65,-15,15
39072,101,111,-10,10
39073,44,56,-12,12
39074,99,102,-3,3
39075,171,152,19,19
39076,43,52,-9,9
39077,93,103,-10,10
39078,139,132,7,7
39079,120,114,6,6
39080,98,105,-7,7
39081,101,105,-4,4
39082,80,75,5,5
39083,63,63,0,0
39084,149,145,4,4
39085,132,120,12,12
39086,71,75,-4,4
39087,92,104,-12,12
39088,61,75,-14,14
39089,110,110,0,0
39090,67,70,-3,3
39091,38,68,-30,30
39092,89,108,-19,19
39093,86,90,-4,4
39094,157,162,-5,5
39095,63,73,-10,10
39096,56,65,-9,9
39097,96,103,-7,7
39098,58,67,-9,9
39099,164,159,5,5
39100,107,104,3,3
39101,131,116,15,15
39102,119,112,7,7
39103,103,104,-1,1
39104,58,63,-5,5
39105,158,135,23,23
39106,148,132,16,16
39107,107,109,-2,2
39108,108,96,12,12
39109,85,76,9,9
39110,76,83,-7,7
39111,72,68,4,4
39112,133,134,-1,1
39113,71,73,-2,2
39114,90,84,6,6
39115,105,106,-1,1
39116,107,109,-2,2
39117,84,83,1,1
39118,67,74,-7,7
39119,154,142,12,12
39120,63,79,-16,16
39121,182,159,23,23
39122,130,121,9,9
39123,126,127,-1,1
39124,135,130,5,5
39125,86,90,-4,4
39126,90,97,-7,7
39127,69,68,1,1
39128,99,104,-5,5
39129,81,93,-12,12
39130,92,94,-2,2
39131,83,83,0,0
39132,76,72,4,4
39133,79,73,6,6
39134,59,66,-7,7
39135,100,101,-1,1
39136,60,66,-6,6
39137,76,82,-6,6
39138,110,98,12,12
39139,112,106,6,6
39140,93,101,-8,8
39141,101,103,-2,2
39142,107,109,-2,2
39143,180,166,14,14
39144,109,106,3,3
39145,85,78,7,7
39146,123,116,7,7
39147,90,94,-4,4
39148,118,114,4,4
39149,108,103,5,5
39150,95,93,2,2
39151,119,115,4,4
39152,115,99,16,16
39153,145,131,14,14
39154,46,62,-16,16
39155,59,68,-9,9
39156,127,134,-7,7
39157,114,115,-1,1
39158,101,102,-1,1
39159,134,131,3,3
39160,99,101,-2,2
39161,143,135,8,8
39162,136,126,10,10
39163,152,144,8,8
39164,103,102,1,1
39165,79,76,3,3
39166,83,82,1,1
39167,125,109,16,16
39168,74,94,-20,20
39169,44,52,-8,8
39170,100,104,-4,4
39171,111,108,3,3
39172,65,66,-1,1
39173,102,98,4,4
39174,109,105,4,4
39175,80,73,7,7
39176,117,115,2,2
39177,121,112,9,9
39178,154,147,7,7
39179,55,61,-6,6
39180,90,94,-4,4
39181,137,114,23,23
39182,53,57,-4,4
39183,137,132,5,5
39184,64,66,-2,2
39185,133,122,11,11
39186,38,38,0,0
39187,105,92,13,13
39188,45,50,-5,5
39189,133,118,15,15
39190,121,120,1,1
39191,138,125,13,13
39192,84,75,9,9
39193,79,81,-2,2
39194,48,58,-10,10
39195,51,65,-14,14
39196,90,93,-3,3
39197,79,76,3,3
39198,73,73,0,0
39199,82,74,8,8
39200,90,96,-6,6
39201,98,76,22,22
39202,56,63,-7,7
39203,100,97,3,3
39204,55,70,-15,15
39205,116,123,-7,7
39206,61,63,-2,2
39207,77,75,2,2
39208,131,126,5,5
39209,115,123,-8,8
39210,94,87,7,7
39211,80,80,0,0
39212,57,63,-6,6
39213,112,107,5,5
39214,98,97,1,1
39215,136,140,-4,4
39216,125,110,15,15
39217,90,97,-7,7
39218,81,85,-4,4
39219,123,124,-1,1
39220,114,119,-5,5
39221,35,58,-23,23
39222,55,60,-5,5
39223,110,104,6,6
39224,52,58,-6,6
39225,191,170,21,21
39226,48,64,-16,16
39227,70,66,4,4
39228,116,115,1,1
39229,114,116,-2,2
39230,71,74,-3,3
39231,130,115,15,15
39232,92,94,-2,2
39233,111,115,-4,4
39234,150,146,4,4
39235,112,129,-17,17
39236,85,90,-5,5
39237,75,75,0,0
39238,64,70,-6,6
39239,65,68,-3,3
39240,164,155,9,9
39241,63,32,31,31
39242,105,104,1,1
39243,96,96,0,0
39244,102,93,9,9
39245,84,76,8,8
39246,72,82,-10,10
39247,118,120,-2,2
39248,110,106,4,4
39249,81,82,-1,1
39250,109,113,-4,4
39251,76,72,4,4
39252,64,65,-1,1
39253,133,118,15,15
39254,143,125,18,18
39255,72,74,-2,2
39256,74,83,-9,9
39257,41,48,-7,7
39258,65,68,-3,3
39259,73,69,4,4
39260,63,73,-10,10
39261,175,161,14,14
39262,85,99,-14,14
39263,82,82,0,0
39264,48,54,-6,6
39265,97,94,3,3
39266,86,91,-5,5
39267,66,70,-4,4
39268,80,79,1,1
39269,84,92,-8,8
39270,90,91,-1,1
39271,76,87,-11,11
39272,90,93,-3,3
39273,128,132,-4,4
39274,76,90,-14,14
39275,84,85,-1,1
39276,116,116,0,0
39277,72,83,-11,11
39278,88,84,4,4
39279,58,57,1,1
39280,80,78,2,2
39281,122,113,9,9
39282,84,93,-9,9
39283,62,67,-5,5
39284,78,76,2,2
39285,113,115,-2,2
39286,152,144,8,8
39287,68,71,-3,3
39288,72,71,1,1
39289,104,105,-1,1
39290,100,101,-1,1
39291,92,87,5,5
39292,95,87,8,8
39293,66,66,0,0
39294,78,86,-8,8
39295,117,103,14,14
39296,109,91,18,18
39297,157,137,20,20
39298,100,89,11,11
39299,101,96,5,5
39300,68,67,1,1
39301,137,118,19,19
39302,144,147,-3,3
39303,152,148,4,4
39304,121,108,13,13
39305,83,85,-2,2
39306,86,105,-19,19
39307,72,67,5,5
39308,82,97,-15,15
39309,115,106,9,9
39310,44,48,-4,4
39311,130,136,-6,6
39312,84,85,-1,1
39313,104,104,0,0
39314,70,66,4,4
39315,152,129,23,23
39316,66,71,-5,5
39317,137,116,21,21
39318,86,88,-2,2
39319,130,117,13,13
39320,105,100,5,5
39321,79,85,-6,6
39322,79,76,3,3
39323,68,69,-1,1
39324,86,83,3,3
39325,90,99,-9,9
39326,174,153,21,21
39327,41,49,-8,8
39328,109,101,8,8
39329,98,94,4,4
39330,79,87,-8,8
39331,107,116,-9,9
39332,138,137,1,1
39333,49,44,5,5
39334,68,76,-8,8
39335,465,330,135,135
39336,102,92,10,10
39337,108,110,-2,2
39338,98,103,-5,5
39339,70,66,4,4
39340,90,92,-2,2
39341,103,102,1,1
39342,84,74,10,10
39343,128,135,-7,7
39344,205,185,20,20
39345,149,136,13,13
39346,51,58,-7,7
39347,64,67,-3,3
39348,155,142,13,13
39349,61,66,-5,5
39350,91,92,-1,1
39351,69,75,-6,6
39352,51,66,-15,15
39353,59,61,-2,2
39354,110,102,8,8
39355,145,128,17,17
39356,86,99,-13,13
39357,192,190,2,2
39358,80,71,9,9
39359,62,66,-4,4
39360,116,115,1,1
39361,94,104,-10,10
39362,60,64,-4,4
39363,128,140,-12,12
39364,129,125,4,4
39365,111,111,0,0
39366,137,134,3,3
39367,164,147,17,17
39368,119,111,8,8
39369,90,93,-3,3
39370,114,122,-8,8
39371,26,32,-6,6
39372,107,109,-2,2
39373,68,72,-4,4
39374,118,121,-3,3
39375,124,118,6,6
39376,170,157,13,13
39377,61,70,-9,9
39378,136,133,3,3
39379,196,143,53,53
39380,87,75,12,12
39381,95,106,-11,11
39382,108,113,-5,5
39383,151,143,8,8
39384,67,74,-7,7
39385,149,141,8,8
39386,113,107,6,6
39387,50,52,-2,2
39388,79,86,-7,7
39389,103,100,3,3
39390,80,74,6,6
39391,172,170,2,2
39392,105,112,-7,7
39393,82,85,-3,3
39394,47,53,-6,6
39395,54,52,2,2
39396,80,75,5,5
39397,64,63,1,1
39398,150,136,14,14
39399,134,127,7,7
39400,61,73,-12,12
39401,108,104,4,4
39402,116,117,-1,1
39403,101,117,-16,16
39404,81,83,-2,2
39405,90,98,-8,8
39406,71,78,-7,7
39407,119,116,3,3
39408,133,132,1,1
39409,125,132,-7,7
39410,70,68,2,2
39411,182,165,17,17
39412,114,117,-3,3
39413,136,139,-3,3
39414,76,80,-4,4
39415,114,104,10,10
39416,46,53,-7,7
39417,97,111,-14,14
39418,70,76,-6,6
39419,63,60,3,3
39420,100,96,4,4
39421,114,107,7,7
39422,52,54,-2,2
39423,130,130,0,0
39424,108,97,11,11
39425,133,119,14,14
39426,26,36,-10,10
39427,75,79,-4,4
39428,112,123,-11,11
39429,73,70,3,3
39430,44,57,-13,13
39431,75,76,-1,1
39432,93,94,-1,1
39433,60,73,-13,13
39434,83,84,-1,1
39435,140,128,12,12
39436,100,105,-5,5
39437,107,100,7,7
39438,95,82,13,13
39439,111,99,12,12
39440,112,105,7,7
39441,67,74,-7,7
39442,52,58,-6,6
39443,113,104,9,9
39444,77,79,-2,2
39445,135,130,5,5
39446,61,64,-3,3
39447,58,72,-14,14
39448,60,64,-4,4
39449,100,102,-2,2
39450,49,61,-12,12
39451,71,70,1,1
39452,104,106,-2,2
39453,49,59,-10,10
39454,141,135,6,6
39455,113,112,1,1
39456,74,71,3,3
39457,135,133,2,2
39458,61,70,-9,9
39459,115,117,-2,2
39460,89,98,-9,9
39461,76,75,1,1
39462,111,119,-8,8
39463,61,70,-9,9
39464,54,54,0,0
39465,95,104,-9,9
39466,125,128,-3,3
39467,168,164,4,4
39468,71,70,1,1
39469,80,76,4,4
39470,224,222,2,2
39471,87,93,-6,6
39472,65,70,-5,5
39473,130,136,-6,6
39474,111,115,-4,4
39475,76,73,3,3
39476,111,108,3,3
39477,88,97,-9,9
39478,97,100,-3,3
39479,118,116,2,2
39480,93,84,9,9
39481,131,123,8,8
39482,82,83,-1,1
39483,153,138,15,15
39484,76,82,-6,6
39485,105,112,-7,7
39486,38,42,-4,4
39487,56,67,-11,11
39488,75,75,0,0
39489,40,44,-4,4
39490,139,139,0,0
39491,78,96,-18,18
39492,72,74,-2,2
39493,123,131,-8,8
39494,71,71,0,0
39495,144,138,6,6
39496,51,59,-8,8
39497,63,66,-3,3
39498,51,62,-11,11
39499,98,97,1,1
39500,83,83,0,0
39501,75,84,-9,9
39502,108,106,2,2
39503,100,100,0,0
39504,61,60,1,1
39505,76,76,0,0
39506,156,192,-36,36
39507,69,71,-2,2
39508,219,200,19,19
39509,112,111,1,1
39510,86,93,-7,7
39511,53,57,-4,4
39512,108,105,3,3
39513,82,82,0,0
39514,89,82,7,7
39515,125,119,6,6
39516,96,113,-17,17
39517,113,111,2,2
39518,61,70,-9,9
39519,39,48,-9,9
39520,65,81,-16,16
39521,101,100,1,1
39522,188,163,25,25
39523,73,72,1,1
39524,51,68,-17,17
39525,126,125,1,1
39526,95,116,-21,21
39527,85,107,-22,22
39528,112,121,-9,9
39529,117,117,0,0
39530,109,95,14,14
39531,47,60,-13,13
39532,63,75,-12,12
39533,92,97,-5,5
39534,78,82,-4,4
39535,100,98,2,2
39536,137,122,15,15
39537,163,155,8,8
39538,74,82,-8,8
39539,64,76,-12,12
39540,87,76,11,11
39541,87,91,-4,4
39542,120,125,-5,5
39543,129,119,10,10
39544,137,134,3,3
39545,65,68,-3,3
39546,67,72,-5,5
39547,83,84,-1,1
39548,91,91,0,0
39549,88,84,4,4
39550,47,50,-3,3
39551,119,117,2,2
39552,76,79,-3,3
39553,96,94,2,2
39554,69,80,-11,11
39555,91,97,-6,6
39556,95,97,-2,2
39557,89,102,-13,13
39558,89,82,7,7
39559,106,107,-1,1
39560,86,70,16,16
39561,119,106,13,13
39562,76,84,-8,8
39563,95,89,6,6
39564,93,93,0,0
39565,93,82,11,11
39566,87,90,-3,3
39567,142,146,-4,4
39568,81,91,-10,10
39569,54,54,0,0
39570,131,116,15,15
39571,53,57,-4,4
39572,132,133,-1,1
39573,83,91,-8,8
39574,77,71,6,6
39575,86,92,-6,6
39576,135,126,9,9
39577,114,107,7,7
39578,75,91,-16,16
39579,62,76,-14,14
39580,96,94,2,2
39581,88,84,4,4
39582,58,61,-3,3
39583,55,61,-6,6
39584,70,71,-1,1
39585,162,151,11,11
39586,98,90,8,8
39587,73,71,2,2
39588,52,61,-9,9
39589,86,87,-1,1
39590,133,121,12,12
39591,102,104,-2,2
39592,137,131,6,6
39593,58,60,-2,2
39594,94,79,15,15
39595,158,143,15,15
39596,88,95,-7,7
39597,81,92,-11,11
39598,88,79,9,9
39599,170,171,-1,1
39600,132,127,5,5
39601,160,159,1,1
39602,69,71,-2,2
39603,78,78,0,0
39604,47,69,-22,22
39605,122,120,2,2
39606,46,58,-12,12
39607,81,86,-5,5
39608,173,174,-1,1
39609,36,108,-72,72
39610,84,77,7,7
39611,118,109,9,9
39612,113,104,9,9
39613,162,153,9,9
39614,98,105,-7,7
39615,96,94,2,2
39616,71,75,-4,4
39617,68,69,-1,1
39618,85,83,2,2
39619,34,69,-35,35
39620,69,75,-6,6
39621,69,76,-7,7
39622,128,123,5,5
39623,99,102,-3,3
39624,121,119,2,2
39625,179,160,19,19
39626,92,98,-6,6
39627,171,171,0,0
39628,94,99,-5,5
39629,112,115,-3,3
39630,79,76,3,3
39631,57,68,-11,11
39632,72,85,-13,13
39633,161,139,22,22
39634,132,128,4,4
39635,126,115,11,11
39636,78,84,-6,6
39637,72,70,2,2
39638,88,94,-6,6
39639,93,93,0,0
39640,56,62,-6,6
39641,179,159,20,20
39642,99,99,0,0
39643,143,126,17,17
39644,25,35,-10,10
39645,85,83,2,2
39646,50,55,-5,5
39647,110,104,6,6
39648,133,126,7,7
39649,103,99,4,4
39650,149,144,5,5
39651,146,145,1,1
39652,65,74,-9,9
39653,117,131,-14,14
39654,53,57,-4,4
39655,155,136,19,19
39656,127,127,0,0
39657,87,91,-4,4
39658,167,152,15,15
39659,74,73,1,1
39660,65,69,-4,4
39661,50,52,-2,2
39662,109,108,1,1
39663,65,72,-7,7
39664,98,96,2,2
39665,128,125,3,3
39666,132,133,-1,1
39667,174,171,3,3
39668,81,85,-4,4
39669,69,74,-5,5
39670,77,73,4,4
39671,69,69,0,0
39672,68,73,-5,5
39673,132,133,-1,1
39674,152,160,-8,8
39675,87,91,-4,4
39676,30,39,-9,9
39677,98,91,7,7
39678,99,96,3,3
39679,116,116,0,0
39680,100,103,-3,3
39681,137,130,7,7
39682,63,68,-5,5
39683,82,91,-9,9
39684,99,112,-13,13
39685,58,65,-7,7
39686,68,73,-5,5
39687,121,113,8,8
39688,91,81,10,10
39689,61,83,-22,22
39690,46,51,-5,5
39691,107,115,-8,8
39692,80,82,-2,2
39693,78,83,-5,5
39694,83,80,3,3
39695,139,134,5,5
39696,113,114,-1,1
39697,109,114,-5,5
39698,168,159,9,9
39699,148,136,12,12
39700,90,84,6,6
39701,49,59,-10,10
39702,91,103,-12,12
39703,48,54,-6,6
39704,99,103,-4,4
39705,125,130,-5,5
39706,77,95,-18,18
39707,89,90,-1,1
39708,85,79,6,6
39709,85,83,2,2
39710,60,65,-5,5
39711,100,99,1,1
39712,61,68,-7,7
39713,87,91,-4,4
39714,79,83,-4,4
39715,48,50,-2,2
39716,90,100,-10,10
39717,85,84,1,1
39718,77,75,2,2
39719,56,64,-8,8
39720,55,61,-6,6
39721,148,140,8,8
39722,108,103,5,5
39723,69,68,1,1
39724,151,138,13,13
39725,98,90,8,8
39726,87,93,-6,6
39727,76,76,0,0
39728,84,85,-1,1
39729,39,48,-9,9
39730,105,104,1,1
39731,68,97,-29,29
39732,58,72,-14,14
39733,81,78,3,3
39734,108,109,-1,1
39735,98,102,-4,4
39736,148,146,2,2
39737,71,73,-2,2
39738,108,102,6,6
39739,68,78,-10,10
39740,82,86,-4,4
39741,159,140,19,19
39742,109,100,9,9
39743,113,106,7,7
39744,106,102,4,4
39745,124,111,13,13
39746,74,77,-3,3
39747,23,21,2,2
39748,94,91,3,3
39749,69,73,-4,4
39750,63,72,-9,9
39751,49,59,-10,10
39752,83,82,1,1
39753,65,66,-1,1
39754,122,100,22,22
39755,110,111,-1,1
39756,145,141,4,4
39757,128,111,17,17
39758,61,60,1,1
39759,135,122,13,13
39760,62,57,5,5
39761,143,119,24,24
39762,59,65,-6,6
39763,133,126,7,7
39764,84,95,-11,11
39765,127,121,6,6
39766,75,74,1,1
39767,128,125,3,3
39768,85,93,-8,8
39769,127,115,12,12
39770,66,75,-9,9
39771,45,32,13,13
39772,89,91,-2,2
39773,82,80,2,2
39774,98,93,5,5
39775,51,58,-7,7
39776,112,113,-1,1
39777,70,74,-4,4
39778,75,60,15,15
39779,97,100,-3,3
39780,59,74,-15,15
39781,51,51,0,0
39782,53,56,-3,3
39783,56,71,-15,15
39784,67,66,1,1
39785,66,75,-9,9
39786,89,92,-3,3
39787,94,84,10,10
39788,77,86,-9,9
39789,41,50,-9,9
39790,85,86,-1,1
39791,72,71,1,1
39792,108,111,-3,3
39793,105,106,-1,1
39794,67,71,-4,4
39795,97,97,0,0
39796,76,78,-2,2
39797,133,143,-10,10
39798,93,96,-3,3
39799,40,50,-10,10
39800,66,67,-1,1
39801,43,50,-7,7
39802,145,134,11,11
39803,135,118,17,17
39804,64,71,-7,7
39805,76,93,-17,17
39806,55,60,-5,5
39807,78,73,5,5
39808,103,102,1,1
39809,141,140,1,1
39810,152,149,3,3
39811,110,116,-6,6
39812,122,116,6,6
39813,78,83,-5,5
39814,82,82,0,0
39815,104,97,7,7
39816,112,110,2,2
39817,69,69,0,0
39818,48,54,-6,6
39819,60,69,-9,9
39820,54,56,-2,2
39821,128,121,7,7
39822,61,62,-1,1
39823,108,122,-14,14
39824,86,91,-5,5
39825,74,84,-10,10
39826,168,155,13,13
39827,76,76,0,0
39828,80,84,-4,4
39829,96,92,4,4
39830,74,74,0,0
39831,59,62,-3,3
39832,143,139,4,4
39833,68,64,4,4
39834,76,77,-1,1
39835,97,103,-6,6
39836,66,72,-6,6
39837,94,96,-2,2
39838,159,152,7,7
39839,76,69,7,7
39840,121,127,-6,6
39841,123,124,-1,1
39842,80,83,-3,3
39843,77,81,-4,4
39844,52,61,-9,9
39845,115,120,-5,5
39846,180,153,27,27
39847,70,73,-3,3
39848,79,88,-9,9
39849,112,103,9,9
39850,89,95,-6,6
39851,83,85,-2,2
39852,108,115,-7,7
39853,67,71,-4,4
39854,86,90,-4,4
39855,82,92,-10,10
39856,156,153,3,3
39857,141,130,11,11
39858,154,145,9,9
39859,63,68,-5,5
39860,52,56,-4,4
39861,122,110,12,12
39862,69,82,-13,13
39863,93,93,0,0
39864,106,112,-6,6
39865,76,86,-10,10
39866,97,92,5,5
39867,96,96,0,0
39868,116,115,1,1
39869,98,104,-6,6
39870,89,86,3,3
39871,137,136,1,1
39872,88,77,11,11
39873,115,113,2,2
39874,135,129,6,6
39875,99,104,-5,5
39876,68,76,-8,8
39877,98,99,-1,1
39878,119,112,7,7
39879,77,77,0,0
39880,74,83,-9,9
39881,115,110,5,5
39882,67,72,-5,5
39883,79,91,-12,12
39884,107,112,-5,5
39885,83,90,-7,7
39886,74,83,-9,9
39887,160,149,11,11
39888,56,66,-10,10
39889,74,77,-3,3
39890,95,100,-5,5
39891,141,150,-9,9
39892,98,99,-1,1
39893,84,91,-7,7
39894,118,113,5,5
39895,58,59,-1,1
39896,54,66,-12,12
39897,74,75,-1,1
39898,69,74,-5,5
39899,123,108,15,15
39900,59,64,-5,5
39901,50,62,-12,12
39902,56,58,-2,2
39903,55,62,-7,7
39904,145,132,13,13
39905,89,86,3,3
39906,74,67,7,7
39907,67,72,-5,5
39908,100,106,-6,6
39909,99,101,-2,2
39910,64,70,-6,6
39911,49,63,-14,14
39912,144,141,3,3
39913,65,68,-3,3
39914,57,61,-4,4
39915,74,77,-3,3
39916,82,91,-9,9
39917,80,76,4,4
39918,167,177,-10,10
39919,55,52,3,3
39920,98,102,-4,4
39921,69,71,-2,2
39922,60,63,-3,3
39923,149,142,7,7
39924,170,166,4,4
39925,56,64,-8,8
39926,120,117,3,3
39927,114,116,-2,2
39928,123,120,3,3
39929,67,76,-9,9
39930,145,142,3,3
39931,72,74,-2,2
39932,85,85,0,0
39933,117,113,4,4
39934,87,108,-21,21
39935,66,75,-9,9
39936,116,125,-9,9
39937,53,68,-15,15
39938,109,106,3,3
39939,26,35,-9,9
39940,51,56,-5,5
39941,65,63,2,2
39942,89,84,5,5
39943,110,98,12,12
39944,70,74,-4,4
39945,46,53,-7,7
39946,119,116,3,3
39947,127,121,6,6
39948,95,93,2,2
39949,68,71,-3,3
39950,73,73,0,0
39951,112,105,7,7
39952,152,158,-6,6
39953,83,86,-3,3
39954,115,110,5,5
39955,131,106,25,25
39956,49,49,0,0
39957,118,103,15,15
39958,94,88,6,6
39959,120,122,-2,2
39960,64,80,-16,16
39961,145,137,8,8
39962,63,68,-5,5
39963,62,66,-4,4
39964,55,58,-3,3
39965,113,118,-5,5
39966,62,62,0,0
39967,80,77,3,3
39968,100,98,2,2
39969,72,79,-7,7
39970,75,74,1,1
39971,104,102,2,2
39972,56,55,1,1
39973,116,130,-14,14
39974,87,95,-8,8
39975,109,107,2,2
39976,107,109,-2,2
39977,63,69,-6,6
39978,127,131,-4,4
39979,124,109,15,15
39980,67,68,-1,1
39981,229,179,50,50
39982,144,124,20,20
39983,110,112,-2,2
39984,70,68,2,2
39985,102,100,2,2
39986,153,132,21,21
39987,82,85,-3,3
39988,50,56,-6,6
39989,54,63,-9,9
39990,97,96,1,1
39991,75,84,-9,9
39992,83,80,3,3
39993,88,91,-3,3
39994,129,119,10,10
39995,91,81,10,10
39996,115,103,12,12
39997,96,99,-3,3
39998,177,173,4,4
39999,109,110,-1,1
40000,91,92,-1,1
40001,102,100,2,2
40002,75,72,3,3
40003,67,74,-7,7
40004,85,87,-2,2
40005,133,126,7,7
40006,122,120,2,2
40007,99,98,1,1
40008,72,79,-7,7
40009,80,89,-9,9
40010,61,65,-4,4
40011,118,108,10,10
40012,112,111,1,1
40013,69,79,-10,10
40014,156,147,9,9
40015,140,134,6,6
40016,55,60,-5,5
40017,85,95,-10,10
40018,104,98,6,6
40019,113,104,9,9
40020,61,71,-10,10
40021,110,117,-7,7
40022,142,126,16,16
40023,93,93,0,0
40024,49,58,-9,9
40025,139,133,6,6
40026,42,50,-8,8
40027,80,75,5,5
40028,138,129,9,9
40029,148,142,6,6
40030,28,50,-22,22
40031,54,64,-10,10
40032,85,79,6,6
40033,84,83,1,1
40034,161,146,15,15
40035,80,78,2,2
40036,108,118,-10,10
40037,91,96,-5,5
40038,92,85,7,7
40039,92,101,-9,9
40040,91,81,10,10
40041,146,131,15,15
40042,59,73,-14,14
40043,109,102,7,7
40044,67,72,-5,5
40045,89,94,-5,5
40046,156,142,14,14
40047,106,102,4,4
40048,71,76,-5,5
40049,161,150,11,11
40050,97,99,-2,2
40051,95,95,0,0
40052,128,130,-2,2
40053,79,94,-15,15
40054,127,137,-10,10
40055,88,95,-7,7
40056,63,66,-3,3
40057,47,53,-6,6
40058,67,78,-11,11
40059,44,45,-1,1
40060,70,68,2,2
40061,59,59,0,0
40062,115,118,-3,3
40063,123,129,-6,6
40064,49,51,-2,2
40065,81,81,0,0
40066,55,60,-5,5
40067,105,99,6,6
40068,120,124,-4,4
40069,95,103,-8,8
40070,73,78,-5,5
40071,76,83,-7,7
40072,95,94,1,1
40073,35,40,-5,5
40074,85,81,4,4
40075,65,82,-17,17
40076,125,122,3,3
40077,62,65,-3,3
40078,95,98,-3,3
40079,139,131,8,8
40080,77,85,-8,8
40081,65,69,-4,4
40082,53,60,-7,7
40083,83,76,7,7
40084,62,56,6,6
40085,74,73,1,1
40086,32,40,-8,8
40087,67,69,-2,2
40088,134,116,18,18
40089,78,88,-10,10
40090,88,90,-2,2
40091,81,86,-5,5
40092,60,69,-9,9
40093,117,105,12,12
40094,61,68,-7,7
40095,147,142,5,5
40096,217,190,27,27
40097,84,85,-1,1
40098,67,68,-1,1
40099,158,169,-11,11
40100,51,62,-11,11
40101,91,97,-6,6
40102,72,71,1,1
40103,121,125,-4,4
40104,76,72,4,4
40105,117,113,4,4
40106,63,65,-2,2
40107,82,92,-10,10
40108,87,98,-11,11
40109,77,77,0,0
40110,67,73,-6,6
40111,129,107,22,22
40112,56,60,-4,4
40113,60,71,-11,11
40114,130,117,13,13
40115,106,112,-6,6
40116,73,70,3,3
40117,89,88,1,1
40118,85,94,-9,9
40119,71,69,2,2
40120,206,205,1,1
40121,142,148,-6,6
40122,106,108,-2,2
40123,98,99,-1,1
40124,60,74,-14,14
40125,113,117,-4,4
40126,57,63,-6,6
40127,73,67,6,6
40128,186,152,34,34
40129,87,96,-9,9
40130,122,115,7,7
40131,80,92,-12,12
40132,130,119,11,11
40133,106,103,3,3
40134,175,187,-12,12
40135,135,134,1,1
40136,115,112,3,3
40137,80,81,-1,1
40138,125,111,14,14
40139,85,95,-10,10
40140,85,82,3,3
40141,143,135,8,8
40142,92,93,-1,1
40143,74,65,9,9
40144,66,79,-13,13
40145,68,72,-4,4
40146,103,99,4,4
40147,82,84,-2,2
40148,57,61,-4,4
40149,102,109,-7,7
40150,117,118,-1,1
40151,79,85,-6,6
40152,179,153,26,26
40153,111,118,-7,7
40154,59,66,-7,7
40155,90,91,-1,1
40156,82,106,-24,24
40157,120,117,3,3
40158,89,93,-4,4
40159,76,77,-1,1
40160,74,72,2,2
40161,54,62,-8,8
40162,51,56,-5,5
40163,71,76,-5,5
40164,116,101,15,15
40165,84,81,3,3
40166,107,100,7,7
40167,83,82,1,1
40168,170,156,14,14
40169,118,117,1,1
40170,115,107,8,8
40171,78,92,-14,14
40172,155,146,9,9
40173,143,143,0,0
40174,80,92,-12,12
40175,64,76,-12,12
40176,97,90,7,7
40177,92,96,-4,4
40178,63,73,-10,10
40179,196,169,27,27
40180,70,81,-11,11
40181,95,97,-2,2
40182,73,78,-5,5
40183,64,76,-12,12
40184,86,99,-13,13
40185,93,102,-9,9
40186,81,80,1,1
40187,132,109,23,23
40188,89,75,14,14
40189,80,74,6,6
40190,61,65,-4,4
40191,148,147,1,1
40192,104,101,3,3
40193,105,104,1,1
40194,94,91,3,3
40195,72,77,-5,5
40196,71,74,-3,3
40197,115,111,4,4
40198,100,102,-2,2
40199,64,66,-2,2
40200,88,92,-4,4
40201,175,177,-2,2
40202,153,155,-2,2
40203,58,59,-1,1
40204,143,147,-4,4
40205,49,52,-3,3
40206,62,62,0,0
40207,72,73,-1,1
40208,112,113,-1,1
40209,90,91,-1,1
40210,88,90,-2,2
40211,92,91,1,1
40212,25,32,-7,7
40213,97,97,0,0
40214,133,121,12,12
40215,86,93,-7,7
40216,81,81,0,0
40217,164,149,15,15
40218,64,64,0,0
40219,79,80,-1,1
40220,108,109,-1,1
40221,62,72,-10,10
40222,84,86,-2,2
40223,187,180,7,7
40224,70,82,-12,12
40225,119,111,8,8
40226,86,91,-5,5
40227,118,110,8,8
40228,79,84,-5,5
40229,77,79,-2,2
40230,85,93,-8,8
40231,107,96,11,11
40232,76,80,-4,4
40233,54,51,3,3
40234,66,68,-2,2
40235,64,75,-11,11
40236,56,47,9,9
40237,147,151,-4,4
40238,92,83,9,9
40239,119,110,9,9
40240,61,72,-11,11
40241,112,104,8,8
40242,116,119,-3,3
40243,68,77,-9,9
40244,153,145,8,8
40245,114,125,-11,11
40246,115,114,1,1
40247,91,93,-2,2
40248,68,73,-5,5
40249,111,105,6,6
40250,79,73,6,6
40251,57,68,-11,11
40252,114,114,0,0
40253,66,74,-8,8
40254,96,84,12,12
40255,83,96,-13,13
40256,93,85,8,8
40257,83,81,2,2
40258,80,75,5,5
40259,82,84,-2,2
40260,114,116,-2,2
40261,49,63,-14,14
40262,67,77,-10,10
40263,79,80,-1,1
40264,77,79,-2,2
40265,64,69,-5,5
40266,177,163,14,14
40267,71,79,-8,8
40268,99,94,5,5
40269,90,90,0,0
40270,107,105,2,2
40271,103,94,9,9
40272,144,136,8,8
40273,81,80,1,1
40274,69,72,-3,3
40275,63,82,-19,19
40276,105,106,-1,1
40277,100,93,7,7
40278,118,121,-3,3
40279,89,81,8,8
40280,90,92,-2,2
40281,88,95,-7,7
40282,69,65,4,4
40283,59,60,-1,1
40284,84,83,1,1
40285,143,139,4,4
40286,112,121,-9,9
40287,143,153,-10,10
40288,78,86,-8,8
40289,38,46,-8,8
40290,107,99,8,8
40291,57,63,-6,6
40292,62,97,-35,35
40293,79,83,-4,4
40294,72,76,-4,4
40295,85,83,2,2
40296,83,89,-6,6
40297,69,73,-4,4
40298,62,66,-4,4
40299,80,88,-8,8
40300,55,70,-15,15
40301,77,73,4,4
40302,77,92,-15,15
40303,81,94,-13,13
40304,88,91,-3,3
40305,75,90,-15,15
40306,103,106,-3,3
40307,63,64,-1,1
40308,115,103,12,12
40309,149,151,-2,2
40310,48,51,-3,3
40311,67,65,2,2
40312,167,143,24,24
40313,116,114,2,2
40314,40,53,-13,13
40315,93,100,-7,7
40316,98,95,3,3
40317,105,97,8,8
40318,150,136,14,14
40319,174,147,27,27
40320,156,147,9,9
40321,61,97,-36,36
40322,124,127,-3,3
40323,61,63,-2,2
40324,58,64,-6,6
40325,147,145,2,2
40326,80,93,-13,13
40327,115,105,10,10
40328,139,135,4,4
40329,73,74,-1,1
40330,208,198,10,10
40331,92,100,-8,8
40332,63,62,1,1
40333,126,116,10,10
40334,31,36,-5,5
40335,55,72,-17,17
40336,154,142,12,12
40337,110,109,1,1
40338,62,63,-1,1
40339,124,114,10,10
40340,81,76,5,5
40341,78,69,9,9
40342,122,131,-9,9
40343,110,121,-11,11
40344,100,92,8,8
40345,112,110,2,2
40346,58,60,-2,2
40347,92,93,-1,1
40348,143,136,7,7
40349,76,77,-1,1
40350,62,72,-10,10
40351,72,76,-4,4
40352,96,101,-5,5
40353,98,101,-3,3
40354,209,178,31,31
40355,81,81,0,0
40356,65,73,-8,8
40357,111,104,7,7
40358,158,140,18,18
40359,106,112,-6,6
40360,124,115,9,9
40361,90,88,2,2
40362,95,97,-2,2
40363,86,93,-7,7
40364,89,89,0,0
40365,59,73,-14,14
40366,132,122,10,10
40367,91,76,15,15
40368,90,88,2,2
40369,85,89,-4,4
40370,77,92,-15,15
40371,68,65,3,3
40372,77,88,-11,11
40373,125,126,-1,1
40374,53,54,-1,1
40375,100,105,-5,5
40376,128,128,0,0
40377,78,74,4,4
40378,73,93,-20,20
40379,79,82,-3,3
40380,89,93,-4,4
40381,101,101,0,0
40382,93,108,-15,15
40383,93,95,-2,2
40384,62,67,-5,5
40385,113,115,-2,2
40386,117,113,4,4
40387,133,126,7,7
40388,107,114,-7,7
40389,64,91,-27,27
40390,48,57,-9,9
40391,103,105,-2,2
40392,91,96,-5,5
40393,121,127,-6,6
40394,109,107,2,2
40395,92,92,0,0
40396,118,107,11,11
40397,82,91,-9,9
40398,76,71,5,5
40399,98,92,6,6
40400,118,107,11,11
40401,124,127,-3,3
40402,120,99,21,21
40403,85,92,-7,7
40404,112,107,5,5
40405,88,92,-4,4
40406,65,63,2,2
40407,48,52,-4,4
40408,66,78,-12,12
40409,106,84,22,22
40410,174,141,33,33
40411,161,150,11,11
40412,42,67,-25,25
40413,65,75,-10,10
40414,47,58,-11,11
40415,100,109,-9,9
40416,91,93,-2,2
40417,59,65,-6,6
40418,77,90,-13,13
40419,83,82,1,1
40420,91,89,2,2
40421,91,92,-1,1
40422,163,155,8,8
40423,89,84,5,5
40424,144,147,-3,3
40425,107,115,-8,8
40426,75,75,0,0
40427,210,210,0,0
40428,168,158,10,10
40429,116,110,6,6
40430,67,82,-15,15
40431,66,70,-4,4
40432,23,35,-12,12
40433,99,99,0,0
40434,66,70,-4,4
40435,56,62,-6,6
40436,92,85,7,7
40437,132,126,6,6
40438,67,75,-8,8
40439,42,44,-2,2
40440,123,122,1,1
40441,44,52,-8,8
40442,117,113,4,4
40443,109,106,3,3
40444,106,102,4,4
40445,92,93,-1,1
40446,88,83,5,5
40447,74,78,-4,4
40448,114,124,-10,10
40449,146,129,17,17
40450,105,102,3,3
40451,91,96,-5,5
40452,124,122,2,2
40453,178,165,13,13
40454,98,97,1,1
40455,145,151,-6,6
40456,76,76,0,0
40457,100,103,-3,3
40458,128,109,19,19
40459,152,141,11,11
40460,40,47,-7,7
40461,65,73,-8,8
40462,107,109,-2,2
40463,90,91,-1,1
40464,100,106,-6,6
40465,71,91,-20,20
40466,55,63,-8,8
40467,80,87,-7,7
40468,131,125,6,6
40469,28,41,-13,13
40470,93,101,-8,8
40471,149,154,-5,5
40472,88,94,-6,6
40473,50,59,-9,9
40474,82,95,-13,13
40475,125,115,10,10
40476,131,116,15,15
40477,93,103,-10,10
40478,83,83,0,0
40479,149,149,0,0
40480,74,84,-10,10
40481,124,125,-1,1
40482,174,150,24,24
40483,83,112,-29,29
40484,119,119,0,0
40485,85,83,2,2
40486,70,68,2,2
40487,197,192,5,5
40488,131,124,7,7
40489,130,116,14,14
40490,73,82,-9,9
40491,97,94,3,3
40492,85,100,-15,15
40493,198,171,27,27
40494,100,95,5,5
40495,81,93,-12,12
40496,71,76,-5,5
40497,97,103,-6,6
40498,77,92,-15,15
40499,88,91,-3,3
40500,90,83,7,7
40501,74,75,-1,1
40502,70,72,-2,2
40503,63,64,-1,1
40504,149,133,16,16
40505,97,92,5,5
40506,65,72,-7,7
40507,81,83,-2,2
40508,100,103,-3,3
40509,79,92,-13,13
40510,106,106,0,0
40511,79,91,-12,12
40512,137,135,2,2
40513,82,92,-10,10
40514,68,63,5,5
40515,100,96,4,4
40516,40,52,-12,12
40517,57,59,-2,2
40518,73,84,-11,11
40519,85,89,-4,4
40520,135,125,10,10
40521,126,124,2,2
40522,158,150,8,8
40523,110,106,4,4
40524,125,130,-5,5
40525,115,107,8,8
40526,112,115,-3,3
40527,71,78,-7,7
40528,121,137,-16,16
40529,97,106,-9,9
40530,104,105,-1,1
40531,97,99,-2,2
40532,54,60,-6,6
40533,76,82,-6,6
40534,132,109,23,23
40535,98,100,-2,2
40536,107,104,3,3
40537,119,108,11,11
40538,125,118,7,7
40539,96,102,-6,6
40540,49,58,-9,9
40541,89,76,13,13
40542,101,96,5,5
40543,86,98,-12,12
40544,43,49,-6,6
40545,40,41,-1,1
40546,109,106,3,3
40547,49,58,-9,9
40548,99,104,-5,5
40549,120,101,19,19
40550,70,84,-14,14
40551,177,160,17,17
40552,59,72,-13,13
40553,90,93,-3,3
40554,99,100,-1,1
40555,99,103,-4,4
40556,113,103,10,10
40557,87,89,-2,2
40558,120,117,3,3
40559,122,108,14,14
40560,156,152,4,4
40561,90,86,4,4
40562,109,109,0,0
40563,59,72,-13,13
40564,110,112,-2,2
40565,64,68,-4,4
40566,76,79,-3,3
40567,93,92,1,1
40568,81,87,-6,6
40569,155,142,13,13
40570,77,91,-14,14
40571,52,60,-8,8
40572,48,58,-10,10
40573,94,100,-6,6
40574,72,82,-10,10
40575,78,98,-20,20
40576,108,103,5,5
40577,74,89,-15,15
40578,67,69,-2,2
40579,88,84,4,4
40580,127,124,3,3
40581,88,103,-15,15
40582,53,66,-13,13
40583,101,103,-2,2
40584,105,102,3,3
40585,120,118,2,2
40586,63,74,-11,11
40587,50,60,-10,10
40588,67,70,-3,3
40589,121,124,-3,3
40590,76,79,-3,3
40591,95,80,15,15
40592,97,100,-3,3
40593,63,74,-11,11
40594,135,128,7,7
40595,61,65,-4,4
40596,79,84,-5,5
40597,133,124,9,9
40598,97,104,-7,7
40599,78,70,8,8
40600,96,93,3,3
40601,47,50,-3,3
40602,139,122,17,17
40603,99,95,4,4
40604,113,103,10,10
40605,94,93,1,1
40606,100,106,-6,6
40607,71,83,-12,12
40608,102,108,-6,6
40609,113,107,6,6
40610,85,91,-6,6
40611,75,68,7,7
40612,62,62,0,0
40613,111,93,18,18
40614,80,82,-2,2
40615,117,115,2,2
40616,107,105,2,2
40617,75,77,-2,2
40618,82,90,-8,8
40619,73,75,-2,2
40620,110,106,4,4
40621,115,109,6,6
40622,151,144,7,7
40623,60,70,-10,10
40624,51,60,-9,9
40625,76,73,3,3
40626,115,106,9,9
40627,79,82,-3,3
40628,85,94,-9,9
40629,84,89,-5,5
40630,136,120,16,16
40631,76,82,-6,6
40632,30,44,-14,14
40633,141,134,7,7
40634,83,82,1,1
40635,81,90,-9,9
40636,79,85,-6,6
40637,113,115,-2,2
40638,88,85,3,3
40639,145,167,-22,22
40640,156,146,10,10
40641,80,93,-13,13
40642,103,101,2,2
40643,116,109,7,7
40644,76,72,4,4
40645,123,117,6,6
40646,93,94,-1,1
40647,103,106,-3,3
40648,67,69,-2,2
40649,102,110,-8,8
40650,92,83,9,9
40651,86,90,-4,4
40652,56,64,-8,8
40653,80,90,-10,10
40654,137,130,7,7
40655,48,59,-11,11
40656,87,74,13,13
40657,112,120,-8,8
40658,74,73,1,1
40659,87,90,-3,3
40660,101,110,-9,9
40661,58,68,-10,10
40662,116,108,8,8
40663,97,94,3,3
40664,65,69,-4,4
40665,98,93,5,5
40666,98,94,4,4
40667,156,143,13,13
40668,88,92,-4,4
40669,85,94,-9,9
40670,64,65,-1,1
40671,72,76,-4,4
40672,107,113,-6,6
40673,87,103,-16,16
40674,115,115,0,0
40675,102,91,11,11
40676,120,109,11,11
40677,87,95,-8,8
40678,81,85,-4,4
40679,53,58,-5,5
40680,71,83,-12,12
40681,78,79,-1,1
40682,104,99,5,5
40683,113,116,-3,3
40684,51,51,0,0
40685,65,72,-7,7
40686,109,123,-14,14
40687,78,84,-6,6
40688,105,95,10,10
40689,93,101,-8,8
40690,103,102,1,1
40691,113,102,11,11
40692,77,92,-15,15
40693,135,124,11,11
40694,82,74,8,8
40695,84,85,-1,1
40696,56,69,-13,13
40697,54,58,-4,4
40698,146,135,11,11
40699,149,140,9,9
40700,91,84,7,7
40701,61,64,-3,3
40702,117,123,-6,6
40703,46,50,-4,4
40704,159,154,5,5
40705,94,87,7,7
40706,153,137,16,16
40707,108,101,7,7
40708,85,81,4,4
40709,69,76,-7,7
40710,295,221,74,74
40711,74,76,-2,2
40712,103,104,-1,1
40713,80,79,1,1
40714,68,71,-3,3
40715,120,123,-3,3
40716,86,91,-5,5
40717,118,111,7,7
40718,74,80,-6,6
40719,99,85,14,14
40720,76,72,4,4
40721,134,118,16,16
40722,97,109,-12,12
40723,66,75,-9,9
40724,92,104,-12,12
40725,50,53,-3,3
40726,83,91,-8,8
40727,98,102,-4,4
40728,72,74,-2,2
40729,71,72,-1,1
40730,71,83,-12,12
40731,78,84,-6,6
40732,81,89,-8,8
40733,126,124,2,2
40734,71,70,1,1
40735,70,73,-3,3
40736,141,133,8,8
40737,75,71,4,4
40738,85,82,3,3
40739,89,95,-6,6
40740,82,86,-4,4
40741,174,153,21,21
40742,77,75,2,2
40743,113,118,-5,5
40744,165,159,6,6
40745,55,58,-3,3
40746,94,84,10,10
40747,81,89,-8,8
40748,103,99,4,4
40749,87,84,3,3
40750,68,83,-15,15
40751,205,207,-2,2
40752,85,92,-7,7
40753,66,66,0,0
40754,68,70,-2,2
40755,87,90,-3,3
40756,101,96,5,5
40757,115,112,3,3
40758,69,71,-2,2
40759,144,136,8,8
40760,97,102,-5,5
40761,107,110,-3,3
40762,88,102,-14,14
40763,138,131,7,7
40764,90,81,9,9
40765,129,134,-5,5
40766,66,67,-1,1
40767,75,75,0,0
40768,118,114,4,4
40769,99,99,0,0
40770,77,75,2,2
40771,89,92,-3,3
40772,95,102,-7,7
40773,56,57,-1,1
40774,115,109,6,6
40775,59,62,-3,3
40776,117,117,0,0
40777,110,112,-2,2
40778,120,99,21,21
40779,98,86,12,12
40780,121,117,4,4
40781,100,86,14,14
40782,85,85,0,0
40783,106,105,1,1
40784,165,149,16,16
40785,65,75,-10,10
40786,58,61,-3,3
40787,165,154,11,11
40788,56,62,-6,6
40789,62,72,-10,10
40790,85,82,3,3
40791,93,101,-8,8
40792,57,67,-10,10
40793,97,98,-1,1
40794,96,100,-4,4
40795,45,52,-7,7
40796,114,112,2,2
40797,77,71,6,6
40798,77,85,-8,8
40799,89,86,3,3
40800,70,73,-3,3
40801,84,92,-8,8
40802,89,101,-12,12
40803,104,108,-4,4
40804,88,88,0,0
40805,68,72,-4,4
40806,67,73,-6,6
40807,51,51,0,0
40808,144,144,0,0
40809,135,130,5,5
40810,89,95,-6,6
40811,122,114,8,8
40812,110,104,6,6
40813,81,85,-4,4
40814,147,150,-3,3
40815,60,62,-2,2
40816,137,143,-6,6
40817,110,109,1,1
40818,125,121,4,4
40819,89,96,-7,7
40820,129,141,-12,12
40821,70,66,4,4
40822,149,152,-3,3
40823,72,82,-10,10
40824,96,100,-4,4
40825,76,82,-6,6
40826,154,145,9,9
40827,220,190,30,30
40828,106,108,-2,2
40829,95,103,-8,8
40830,158,162,-4,4
40831,140,139,1,1
40832,86,91,-5,5
40833,96,90,6,6
40834,100,100,0,0
40835,70,76,-6,6
40836,64,66,-2,2
40837,147,141,6,6
40838,75,78,-3,3
40839,80,77,3,3
40840,161,138,23,23
40841,83,101,-18,18
40842,89,81,8,8
40843,169,158,11,11
40844,85,90,-5,5
40845,151,151,0,0
40846,85,80,5,5
40847,61,70,-9,9
40848,62,66,-4,4
40849,118,109,9,9
40850,97,96,1,1
40851,118,111,7,7
40852,104,92,12,12
40853,44,50,-6,6
40854,101,98,3,3
40855,69,73,-4,4
40856,52,58,-6,6
40857,115,114,1,1
40858,56,60,-4,4
40859,110,116,-6,6
40860,96,116,-20,20
40861,88,90,-2,2
40862,94,99,-5,5
40863,60,63,-3,3
40864,108,105,3,3
40865,114,104,10,10
40866,87,93,-6,6
40867,102,103,-1,1
40868,75,73,2,2
40869,56,55,1,1
40870,123,129,-6,6
40871,29,48,-19,19
40872,70,83,-13,13
40873,87,83,4,4
40874,48,65,-17,17
40875,108,99,9,9
40876,164,162,2,2
40877,125,110,15,15
40878,66,70,-4,4
40879,190,177,13,13
40880,91,91,0,0
40881,116,99,17,17
40882,96,96,0,0
40883,86,86,0,0
40884,157,163,-6,6
40885,149,135,14,14
40886,54,56,-2,2
40887,81,82,-1,1
40888,97,105,-8,8
40889,128,123,5,5
40890,96,102,-6,6
40891,121,123,-2,2
40892,131,124,7,7
40893,133,118,15,15
40894,130,124,6,6
40895,97,92,5,5
40896,68,78,-10,10
40897,118,107,11,11
40898,91,92,-1,1
40899,90,104,-14,14
40900,65,68,-3,3
40901,143,128,15,15
40902,80,70,10,10
40903,96,80,16,16
40904,104,99,5,5
40905,112,113,-1,1
40906,86,89,-3,3
40907,91,95,-4,4
40908,205,174,31,31
40909,73,85,-12,12
40910,101,98,3,3
40911,73,80,-7,7
40912,90,90,0,0
40913,191,193,-2,2
40914,90,92,-2,2
40915,149,144,5,5
40916,73,84,-11,11
40917,152,149,3,3
40918,115,110,5,5
40919,88,95,-7,7
40920,86,84,2,2
40921,103,103,0,0
40922,37,43,-6,6
40923,83,76,7,7
40924,76,70,6,6
40925,56,56,0,0
40926,130,123,7,7
40927,67,67,0,0
40928,78,73,5,5
40929,105,104,1,1
40930,101,99,2,2
40931,88,86,2,2
40932,83,90,-7,7
40933,108,109,-1,1
40934,67,66,1,1
40935,107,103,4,4
40936,43,44,-1,1
40937,71,79,-8,8
40938,99,93,6,6
40939,120,125,-5,5
40940,132,118,14,14
40941,30,39,-9,9
40942,88,84,4,4
40943,82,95,-13,13
40944,59,71,-12,12
40945,68,71,-3,3
40946,120,105,15,15
40947,60,62,-2,2
40948,103,101,2,2
40949,110,108,2,2
40950,114,107,7,7
40951,90,92,-2,2
40952,192,175,17,17
40953,100,102,-2,2
40954,119,118,1,1
40955,91,86,5,5
40956,98,101,-3,3
40957,51,55,-4,4
40958,94,93,1,1
40959,98,103,-5,5
40960,71,67,4,4
40961,106,123,-17,17
40962,78,83,-5,5
40963,66,75,-9,9
40964,79,85,-6,6
40965,85,91,-6,6
40966,147,146,1,1
40967,68,70,-2,2
40968,66,67,-1,1
40969,81,82,-1,1
40970,133,131,2,2
40971,120,110,10,10
40972,71,78,-7,7
40973,169,163,6,6
40974,159,147,12,12
40975,57,69,-12,12
40976,73,78,-5,5
40977,44,49,-5,5
40978,85,93,-8,8
40979,49,66,-17,17
40980,54,57,-3,3
40981,89,85,4,4
40982,62,72,-10,10
40983,88,90,-2,2
40984,93,104,-11,11
40985,66,70,-4,4
40986,69,71,-2,2
40987,138,146,-8,8
40988,88,93,-5,5
40989,102,104,-2,2
40990,45,50,-5,5
40991,48,52,-4,4
40992,106,107,-1,1
40993,158,126,32,32
40994,125,117,8,8
40995,64,82,-18,18
40996,153,152,1,1
40997,66,69,-3,3
40998,87,91,-4,4
40999,90,90,0,0
41000,105,106,-1,1
41001,51,53,-2,2
41002,148,135,13,13
41003,123,131,-8,8
41004,59,64,-5,5
41005,88,75,13,13
41006,91,94,-3,3
41007,77,83,-6,6
41008,98,96,2,2
41009,84,90,-6,6
41010,97,91,6,6
41011,129,118,11,11
41012,158,158,0,0
41013,99,103,-4,4
41014,153,149,4,4
41015,140,120,20,20
41016,97,94,3,3
41017,116,115,1,1
41018,108,102,6,6
41019,117,115,2,2
41020,112,106,6,6
41021,70,73,-3,3
41022,117,122,-5,5
41023,186,179,7,7
41024,88,91,-3,3
41025,40,48,-8,8
41026,69,72,-3,3
41027,138,121,17,17
41028,68,73,-5,5
41029,194,169,25,25
41030,141,134,7,7
41031,66,82,-16,16
41032,87,99,-12,12
41033,112,109,3,3
41034,120,108,12,12
41035,117,107,10,10
41036,116,119,-3,3
41037,113,123,-10,10
41038,109,117,-8,8
41039,116,111,5,5
41040,107,104,3,3
41041,156,142,14,14
41042,54,60,-6,6
41043,96,94,2,2
41044,116,111,5,5
41045,105,102,3,3
41046,53,49,4,4
41047,146,137,9,9
41048,111,117,-6,6
41049,55,56,-1,1
41050,130,122,8,8
41051,89,90,-1,1
41052,99,111,-12,12
41053,101,95,6,6
41054,107,106,1,1
41055,56,63,-7,7
41056,72,78,-6,6
41057,141,134,7,7
41058,49,58,-9,9
41059,50,47,3,3
41060,106,97,9,9
41061,71,70,1,1
41062,82,96,-14,14
41063,112,104,8,8
41064,114,116,-2,2
41065,91,94,-3,3
41066,79,81,-2,2
41067,87,92,-5,5
41068,72,70,2,2
41069,140,136,4,4
41070,79,92,-13,13
41071,103,100,3,3
41072,105,106,-1,1
41073,80,83,-3,3
41074,63,68,-5,5
41075,89,90,-1,1
41076,58,65,-7,7
41077,71,69,2,2
41078,91,97,-6,6
41079,64,60,4,4
41080,134,127,7,7
41081,144,142,2,2
41082,46,68,-22,22
41083,79,93,-14,14
41084,137,122,15,15
41085,71,75,-4,4
41086,88,86,2,2
41087,99,93,6,6
41088,77,83,-6,6
41089,71,75,-4,4
41090,66,68,-2,2
41091,57,66,-9,9
41092,107,105,2,2
41093,157,152,5,5
41094,59,69,-10,10
41095,107,116,-9,9
41096,150,136,14,14
41097,97,100,-3,3
41098,56,61,-5,5
41099,122,119,3,3
41100,118,104,14,14
41101,98,84,14,14
41102,87,94,-7,7
41103,84,73,11,11
41104,67,68,-1,1
41105,97,101,-4,4
41106,110,111,-1,1
41107,75,79,-4,4
41108,49,56,-7,7
41109,121,132,-11,11
41110,124,120,4,4
41111,86,88,-2,2
41112,91,95,-4,4
41113,74,73,1,1
41114,87,81,6,6
41115,61,68,-7,7
41116,76,79,-3,3
41117,169,166,3,3
41118,79,82,-3,3
41119,85,96,-11,11
41120,129,118,11,11
41121,68,73,-5,5
41122,88,113,-25,25
41123,136,125,11,11
41124,81,86,-5,5
41125,143,146,-3,3
41126,66,69,-3,3
41127,90,97,-7,7
41128,69,71,-2,2
41129,129,137,-8,8
41130,77,88,-11,11
41131,128,125,3,3
41132,110,114,-4,4
41133,125,121,4,4
41134,82,78,4,4
41135,147,133,14,14
41136,77,83,-6,6
41137,81,69,12,12
41138,91,91,0,0
41139,106,95,11,11
41140,65,72,-7,7
41141,59,61,-2,2
41142,107,111,-4,4
41143,75,87,-12,12
41144,86,103,-17,17
41145,92,93,-1,1
41146,87,92,-5,5
41147,115,124,-9,9
41148,70,75,-5,5
41149,78,72,6,6
41150,77,74,3,3
41151,142,148,-6,6
41152,161,153,8,8
41153,145,130,15,15
41154,102,102,0,0
41155,68,73,-5,5
41156,81,90,-9,9
41157,92,86,6,6
41158,91,96,-5,5
41159,87,87,0,0
41160,168,160,8,8
41161,58,61,-3,3
41162,119,101,18,18
41163,55,56,-1,1
41164,69,74,-5,5
41165,69,72,-3,3
41166,99,102,-3,3
41167,72,74,-2,2
41168,82,91,-9,9
41169,134,123,11,11
41170,88,83,5,5
41171,61,71,-10,10
41172,77,82,-5,5
41173,106,108,-2,2
41174,89,92,-3,3
41175,90,92,-2,2
41176,102,110,-8,8
41177,77,76,1,1
41178,63,67,-4,4
41179,76,76,0,0
41180,67,65,2,2
41181,64,78,-14,14
41182,66,73,-7,7
41183,126,124,2,2
41184,91,98,-7,7
41185,148,130,18,18
41186,111,105,6,6
41187,58,70,-12,12
41188,93,91,2,2
41189,80,81,-1,1
41190,173,160,13,13
41191,80,77,3,3
41192,117,110,7,7
41193,69,63,6,6
41194,115,110,5,5
41195,122,109,13,13
41196,76,81,-5,5
41197,89,74,15,15
41198,92,106,-14,14
41199,101,103,-2,2
41200,156,145,11,11
41201,88,92,-4,4
41202,61,64,-3,3
41203,80,78,2,2
41204,128,125,3,3
41205,101,97,4,4
41206,114,108,6,6
41207,142,125,17,17
41208,53,54,-1,1
41209,138,130,8,8
41210,49,55,-6,6
41211,146,124,22,22
41212,91,88,3,3
41213,136,144,-8,8
41214,60,73,-13,13
41215,147,137,10,10
41216,86,85,1,1
41217,71,70,1,1
41218,127,152,-25,25
41219,62,68,-6,6
41220,109,103,6,6
41221,69,73,-4,4
41222,186,177,9,9
41223,44,53,-9,9
41224,39,43,-4,4
41225,89,94,-5,5
41226,113,116,-3,3
41227,65,68,-3,3
41228,63,73,-10,10
41229,61,70,-9,9
41230,132,122,10,10
41231,70,79,-9,9
41232,179,173,6,6
41233,103,109,-6,6
41234,118,108,10,10
41235,71,73,-2,2
41236,156,139,17,17
41237,95,96,-1,1
41238,108,113,-5,5
41239,92,94,-2,2
41240,125,115,10,10
41241,103,94,9,9
41242,87,78,9,9
41243,57,70,-13,13
41244,95,96,-1,1
41245,207,210,-3,3
41246,72,79,-7,7
41247,158,154,4,4
41248,78,82,-4,4
41249,59,68,-9,9
41250,77,73,4,4
41251,78,73,5,5
41252,120,106,14,14
41253,137,128,9,9
41254,71,70,1,1
41255,117,114,3,3
41256,97,98,-1,1
41257,108,108,0,0
41258,64,73,-9,9
41259,125,116,9,9
41260,57,55,2,2
41261,47,54,-7,7
41262,110,99,11,11
41263,173,176,-3,3
41264,70,69,1,1
41265,112,107,5,5
41266,69,72,-3,3
41267,95,91,4,4
41268,50,52,-2,2
41269,60,64,-4,4
41270,108,108,0,0
41271,88,92,-4,4
41272,141,159,-18,18
41273,65,70,-5,5
41274,111,123,-12,12
41275,110,100,10,10
41276,156,128,28,28
41277,70,91,-21,21
41278,77,87,-10,10
41279,111,107,4,4
41280,77,82,-5,5
41281,132,143,-11,11
41282,94,89,5,5
41283,87,91,-4,4
41284,71,79,-8,8
41285,69,79,-10,10
41286,57,63,-6,6
41287,63,69,-6,6
41288,170,165,5,5
41289,99,98,1,1
41290,91,92,-1,1
41291,75,84,-9,9
41292,155,149,6,6
41293,169,156,13,13
41294,121,110,11,11
41295,56,62,-6,6
41296,73,76,-3,3
41297,142,85,57,57
41298,76,91,-15,15
41299,117,115,2,2
41300,113,118,-5,5
41301,63,60,3,3
41302,146,129,17,17
41303,71,70,1,1
41304,68,69,-1,1
41305,96,99,-3,3
41306,64,72,-8,8
41307,79,73,6,6
41308,77,79,-2,2
41309,54,63,-9,9
41310,81,87,-6,6
41311,106,110,-4,4
41312,130,118,12,12
41313,63,67,-4,4
41314,74,81,-7,7
41315,87,93,-6,6
41316,97,97,0,0
41317,136,142,-6,6
41318,78,75,3,3
41319,114,105,9,9
41320,172,191,-19,19
41321,69,86,-17,17
41322,55,66,-11,11
41323,68,70,-2,2
41324,84,84,0,0
41325,64,62,2,2
41326,44,54,-10,10
41327,98,95,3,3
41328,118,119,-1,1
41329,115,108,7,7
41330,151,143,8,8
41331,66,70,-4,4
41332,150,132,18,18
41333,94,93,1,1
41334,83,93,-10,10
41335,138,126,12,12
41336,96,97,-1,1
41337,117,115,2,2
41338,32,37,-5,5
41339,167,159,8,8
41340,162,141,21,21
41341,120,120,0,0
41342,84,88,-4,4
41343,64,66,-2,2
41344,147,140,7,7
41345,74,80,-6,6
41346,42,57,-15,15
41347,65,78,-13,13
41348,87,83,4,4
41349,101,107,-6,6
41350,64,66,-2,2
41351,54,68,-14,14
41352,99,104,-5,5
41353,60,68,-8,8
41354,62,66,-4,4
41355,134,123,11,11
41356,79,83,-4,4
41357,74,75,-1,1
41358,103,111,-8,8
41359,160,159,1,1
41360,103,102,1,1
41361,96,101,-5,5
41362,66,65,1,1
41363,72,70,2,2
41364,69,74,-5,5
41365,115,110,5,5
41366,74,71,3,3
41367,47,56,-9,9
41368,116,102,14,14
41369,75,87,-12,12
41370,74,90,-16,16
41371,138,128,10,10
41372,83,90,-7,7
41373,78,86,-8,8
41374,144,132,12,12
41375,94,93,1,1
41376,91,91,0,0
41377,97,103,-6,6
41378,79,80,-1,1
41379,87,90,-3,3
41380,50,59,-9,9
41381,61,63,-2,2
41382,66,78,-12,12
41383,83,83,0,0
41384,69,68,1,1
41385,117,102,15,15
41386,123,112,11,11
41387,152,128,24,24
41388,53,58,-5,5
41389,41,71,-30,30
41390,120,107,13,13
41391,50,60,-10,10
41392,103,105,-2,2
41393,59,77,-18,18
41394,146,144,2,2
41395,74,70,4,4
41396,119,111,8,8
41397,100,103,-3,3
41398,109,103,6,6
41399,140,127,13,13
41400,104,101,3,3
41401,118,121,-3,3
41402,129,116,13,13
41403,62,67,-5,5
41404,80,85,-5,5
41405,67,71,-4,4
41406,45,55,-10,10
41407,111,111,0,0
41408,110,110,0,0
41409,68,74,-6,6
41410,84,101,-17,17
41411,132,116,16,16
41412,67,69,-2,2
41413,66,71,-5,5
41414,53,65,-12,12
41415,88,91,-3,3
41416,115,115,0,0
41417,142,142,0,0
41418,134,133,1,1
41419,108,107,1,1
41420,63,70,-7,7
41421,68,67,1,1
41422,96,91,5,5
41423,73,78,-5,5
41424,88,92,-4,4
41425,107,101,6,6
41426,114,132,-18,18
41427,132,130,2,2
41428,64,74,-10,10
41429,73,70,3,3
41430,109,103,6,6
41431,65,66,-1,1
41432,138,111,27,27
41433,103,100,3,3
41434,132,125,7,7
41435,67,70,-3,3
41436,70,73,-3,3
41437,114,131,-17,17
41438,54,63,-9,9
41439,87,83,4,4
41440,57,65,-8,8
41441,163,160,3,3
41442,83,92,-9,9
41443,48,53,-5,5
41444,62,70,-8,8
41445,110,102,8,8
41446,64,69,-5,5
41447,154,145,9,9
41448,119,113,6,6
41449,81,92,-11,11
41450,76,80,-4,4
41451,125,104,21,21
41452,82,82,0,0
41453,140,134,6,6
41454,58,59,-1,1
41455,90,91,-1,1
41456,94,91,3,3
41457,70,74,-4,4
41458,126,114,12,12
41459,42,50,-8,8
41460,96,93,3,3
41461,144,127,17,17
41462,84,75,9,9
41463,91,90,1,1
41464,89,90,-1,1
41465,68,73,-5,5
41466,74,76,-2,2
41467,73,74,-1,1
41468,95,87,8,8
41469,141,130,11,11
41470,144,131,13,13
41471,115,117,-2,2
41472,126,111,15,15
41473,81,81,0,0
41474,70,67,3,3
41475,101,104,-3,3
41476,36,42,-6,6
41477,103,97,6,6
41478,50,59,-9,9
41479,108,100,8,8
41480,168,172,-4,4
41481,89,100,-11,11
41482,128,118,10,10
41483,87,78,9,9
41484,72,64,8,8
41485,166,156,10,10
41486,75,74,1,1
41487,116,117,-1,1
41488,66,71,-5,5
41489,89,99,-10,10
41490,72,81,-9,9
41491,103,116,-13,13
41492,82,91,-9,9
41493,108,108,0,0
41494,115,102,13,13
41495,154,165,-11,11
41496,96,103,-7,7
41497,70,71,-1,1
41498,105,103,2,2
41499,103,108,-5,5
41500,80,85,-5,5
41501,167,141,26,26
41502,131,131,0,0
41503,87,91,-4,4
41504,83,88,-5,5
41505,221,204,17,17
41506,67,67,0,0
41507,114,114,0,0
41508,88,77,11,11
41509,80,77,3,3
41510,183,170,13,13
41511,67,74,-7,7
41512,172,161,11,11
41513,56,54,2,2
41514,60,63,-3,3
41515,60,62,-2,2
41516,77,82,-5,5
41517,85,80,5,5
41518,64,71,-7,7
41519,88,94,-6,6
41520,143,125,18,18
41521,148,146,2,2
41522,73,75,-2,2
41523,97,99,-2,2
41524,85,100,-15,15
41525,62,63,-1,1
41526,82,81,1,1
41527,63,62,1,1
41528,55,57,-2,2
41529,133,125,8,8
41530,96,102,-6,6
41531,98,98,0,0
41532,67,69,-2,2
41533,104,109,-5,5
41534,118,147,-29,29
41535,83,95,-12,12
41536,110,112,-2,2
41537,138,128,10,10
41538,79,77,2,2
41539,75,72,3,3
41540,67,70,-3,3
41541,59,65,-6,6
41542,63,60,3,3
41543,125,115,10,10
41544,156,155,1,1
41545,88,82,6,6
41546,106,105,1,1
41547,88,91,-3,3
41548,126,127,-1,1
41549,71,81,-10,10
41550,109,106,3,3
41551,61,100,-39,39
41552,100,104,-4,4
41553,157,129,28,28
41554,168,161,7,7
41555,110,108,2,2
41556,92,102,-10,10
41557,118,120,-2,2
41558,159,158,1,1
41559,67,69,-2,2
41560,78,92,-14,14
41561,93,98,-5,5
41562,76,75,1,1
41563,156,144,12,12
41564,63,73,-10,10
41565,87,86,1,1
41566,79,77,2,2
41567,56,62,-6,6
41568,65,68,-3,3
41569,99,100,-1,1
41570,90,84,6,6
41571,108,109,-1,1
41572,59,63,-4,4
41573,48,75,-27,27
41574,73,72,1,1
41575,111,103,8,8
41576,69,71,-2,2
41577,149,127,22,22
41578,87,81,6,6
41579,87,83,4,4
41580,85,84,1,1
41581,112,102,10,10
41582,78,95,-17,17
41583,74,84,-10,10
41584,85,90,-5,5
41585,77,86,-9,9
41586,113,103,10,10
41587,106,105,1,1
41588,61,71,-10,10
41589,82,91,-9,9
41590,115,116,-1,1
41591,51,57,-6,6
41592,109,98,11,11
41593,61,65,-4,4
41594,60,68,-8,8
41595,129,123,6,6
41596,152,125,27,27
41597,90,90,0,0
41598,204,190,14,14
41599,95,91,4,4
41600,81,87,-6,6
41601,75,77,-2,2
41602,95,92,3,3
41603,108,107,1,1
41604,140,129,11,11
41605,47,52,-5,5
41606,92,82,10,10
41607,127,131,-4,4
41608,64,73,-9,9
41609,86,77,9,9
41610,83,79,4,4
41611,86,97,-11,11
41612,110,110,0,0
41613,128,131,-3,3
41614,152,146,6,6
41615,106,113,-7,7
41616,71,76,-5,5
41617,70,79,-9,9
41618,71,73,-2,2
41619,80,91,-11,11
41620,10,32,-22,22
41621,95,91,4,4
41622,88,91,-3,3
41623,55,48,7,7
41624,96,85,11,11
41625,114,102,12,12
41626,113,105,8,8
41627,115,105,10,10
41628,50,56,-6,6
41629,130,123,7,7
41630,130,126,4,4
41631,85,85,0,0
41632,72,75,-3,3
41633,177,165,12,12
41634,90,100,-10,10
41635,131,138,-7,7
41636,68,74,-6,6
41637,46,56,-10,10
41638,96,101,-5,5
41639,161,148,13,13
41640,60,64,-4,4
41641,73,78,-5,5
41642,50,58,-8,8
41643,60,55,5,5
41644,122,118,4,4
41645,136,126,10,10
41646,90,89,1,1
41647,131,125,6,6
41648,95,91,4,4
41649,66,72,-6,6
41650,105,113,-8,8
41651,82,83,-1,1
41652,107,107,0,0
41653,61,62,-1,1
41654,136,123,13,13
41655,128,134,-6,6
41656,66,76,-10,10
41657,125,122,3,3
41658,69,68,1,1
41659,68,81,-13,13
41660,84,90,-6,6
41661,47,59,-12,12
41662,77,81,-4,4
41663,113,106,7,7
41664,155,154,1,1
41665,88,95,-7,7
41666,76,76,0,0
41667,104,145,-41,41
41668,43,51,-8,8
41669,69,78,-9,9
41670,94,103,-9,9
41671,121,116,5,5
41672,178,165,13,13
41673,69,66,3,3
41674,113,117,-4,4
41675,118,115,3,3
41676,86,90,-4,4
41677,71,73,-2,2
41678,112,110,2,2
41679,114,105,9,9
41680,68,65,3,3
41681,75,75,0,0
41682,103,100,3,3
41683,71,76,-5,5
41684,57,60,-3,3
41685,88,90,-2,2
41686,165,150,15,15
41687,79,86,-7,7
41688,133,131,2,2
41689,125,112,13,13
41690,91,105,-14,14
41691,117,118,-1,1
41692,108,105,3,3
41693,101,102,-1,1
41694,61,67,-6,6
41695,170,153,17,17
41696,152,141,11,11
41697,86,90,-4,4
41698,89,90,-1,1
41699,137,130,7,7
41700,107,106,1,1
41701,145,135,10,10
41702,152,152,0,0
41703,89,82,7,7
41704,81,82,-1,1
41705,102,108,-6,6
41706,85,93,-8,8
41707,70,74,-4,4
41708,85,85,0,0
41709,105,103,2,2
41710,79,70,9,9
41711,55,67,-12,12
41712,94,93,1,1
41713,49,61,-12,12
41714,42,46,-4,4
41715,302,235,67,67
41716,116,110,6,6
41717,68,71,-3,3
41718,81,85,-4,4
41719,98,109,-11,11
41720,120,107,13,13
41721,135,138,-3,3
41722,85,91,-6,6
41723,76,81,-5,5
41724,125,118,7,7
41725,26,28,-2,2
41726,111,98,13,13
41727,152,134,18,18
41728,85,83,2,2
41729,99,105,-6,6
41730,98,112,-14,14
41731,99,97,2,2
41732,81,79,2,2
41733,98,109,-11,11
41734,101,93,8,8
41735,64,69,-5,5
41736,185,177,8,8
41737,97,102,-5,5
41738,93,103,-10,10
41739,65,71,-6,6
41740,89,95,-6,6
41741,53,62,-9,9
41742,96,98,-2,2
41743,133,120,13,13
41744,149,130,19,19
41745,155,143,12,12
41746,86,81,5,5
41747,64,67,-3,3
41748,133,123,10,10
41749,119,129,-10,10
41750,70,75,-5,5
41751,57,63,-6,6
41752,56,66,-10,10
41753,55,59,-4,4
41754,57,66,-9,9
41755,106,107,-1,1
41756,85,93,-8,8
41757,80,86,-6,6
41758,71,90,-19,19
41759,79,94,-15,15
41760,72,79,-7,7
41761,67,65,2,2
41762,200,185,15,15
41763,55,63,-8,8
41764,103,104,-1,1
41765,80,81,-1,1
41766,113,112,1,1
41767,34,69,-35,35
41768,77,84,-7,7
41769,145,144,1,1
41770,143,147,-4,4
41771,100,101,-1,1
41772,53,57,-4,4
41773,61,92,-31,31
41774,109,114,-5,5
41775,86,81,5,5
41776,72,76,-4,4
41777,86,98,-12,12
41778,115,126,-11,11
41779,74,82,-8,8
41780,85,91,-6,6
41781,97,95,2,2
41782,111,110,1,1
41783,63,83,-20,20
41784,104,106,-2,2
41785,101,103,-2,2
41786,110,103,7,7
41787,72,82,-10,10
41788,128,126,2,2
41789,74,90,-16,16
41790,108,98,10,10
41791,110,109,1,1
41792,68,69,-1,1
41793,41,46,-5,5
41794,153,158,-5,5
41795,115,116,-1,1
41796,58,67,-9,9
41797,45,68,-23,23
41798,92,91,1,1
41799,57,65,-8,8
41800,125,116,9,9
41801,82,92,-10,10
41802,61,66,-5,5
41803,148,137,11,11
41804,72,73,-1,1
41805,108,112,-4,4
41806,97,108,-11,11
41807,134,123,11,11
41808,50,55,-5,5
41809,66,68,-2,2
41810,61,58,3,3
41811,91,90,1,1
41812,133,127,6,6
41813,131,110,21,21
41814,67,79,-12,12
41815,112,107,5,5
41816,100,108,-8,8
41817,193,181,12,12
41818,90,87,3,3
41819,77,76,1,1
41820,80,83,-3,3
41821,117,111,6,6
41822,87,95,-8,8
41823,64,70,-6,6
41824,61,63,-2,2
41825,120,124,-4,4
41826,119,122,-3,3
41827,137,125,12,12
41828,54,55,-1,1
41829,162,144,18,18
41830,152,161,-9,9
41831,69,66,3,3
41832,80,80,0,0
41833,92,94,-2,2
41834,96,90,6,6
41835,107,112,-5,5
41836,71,75,-4,4
41837,83,91,-8,8
41838,89,95,-6,6
41839,121,115,6,6
41840,81,85,-4,4
41841,112,117,-5,5
41842,147,132,15,15
41843,62,65,-3,3
41844,129,125,4,4
41845,74,82,-8,8
41846,168,144,24,24
41847,47,51,-4,4
41848,128,133,-5,5
41849,49,58,-9,9
41850,56,63,-7,7
41851,89,84,5,5
41852,67,71,-4,4
41853,68,80,-12,12
41854,114,116,-2,2
41855,137,146,-9,9
41856,122,116,6,6
41857,74,76,-2,2
41858,67,67,0,0
41859,129,125,4,4
41860,139,137,2,2
41861,62,68,-6,6
41862,100,102,-2,2
41863,88,84,4,4
41864,64,67,-3,3
41865,92,86,6,6
41866,119,133,-14,14
41867,81,84,-3,3
41868,59,64,-5,5
41869,106,102,4,4
41870,94,88,6,6
41871,112,102,10,10
41872,80,83,-3,3
41873,101,109,-8,8
41874,135,125,10,10
41875,135,124,11,11
41876,104,99,5,5
41877,85,90,-5,5
41878,176,162,14,14
41879,79,78,1,1
41880,69,68,1,1
41881,41,45,-4,4
41882,47,49,-2,2
41883,67,73,-6,6
41884,69,77,-8,8
41885,51,57,-6,6
41886,73,90,-17,17
41887,108,105,3,3
41888,47,47,0,0
41889,120,125,-5,5
41890,117,113,4,4
41891,91,100,-9,9
41892,110,115,-5,5
41893,82,82,0,0
41894,97,100,-3,3
41895,92,93,-1,1
41896,72,74,-2,2
41897,74,71,3,3
41898,80,96,-16,16
41899,49,53,-4,4
41900,133,127,6,6
41901,85,90,-5,5
41902,116,110,6,6
41903,72,71,1,1
41904,125,121,4,4
41905,91,93,-2,2
41906,103,102,1,1
41907,110,107,3,3
41908,102,105,-3,3
41909,111,103,8,8
41910,50,66,-16,16
41911,50,54,-4,4
41912,106,103,3,3
41913,79,81,-2,2
41914,138,119,19,19
41915,110,117,-7,7
41916,59,66,-7,7
41917,72,72,0,0
41918,190,169,21,21
41919,93,91,2,2
41920,47,46,1,1
41921,46,59,-13,13
41922,135,127,8,8
41923,56,72,-16,16
41924,67,68,-1,1
41925,101,102,-1,1
41926,78,79,-1,1
41927,61,74,-13,13
41928,43,55,-12,12
41929,142,141,1,1
41930,88,99,-11,11
41931,119,116,3,3
41932,146,124,22,22
41933,93,102,-9,9
41934,109,107,2,2
41935,105,102,3,3
41936,98,103,-5,5
41937,75,75,0,0
41938,78,84,-6,6
41939,101,110,-9,9
41940,88,106,-18,18
41941,133,139,-6,6
41942,66,68,-2,2
41943,101,100,1,1
41944,94,98,-4,4
41945,86,84,2,2
41946,95,92,3,3
41947,96,104,-8,8
41948,83,84,-1,1
41949,119,99,20,20
41950,116,116,0,0
41951,92,91,1,1
41952,89,101,-12,12
41953,215,218,-3,3
41954,96,97,-1,1
41955,138,127,11,11
41956,73,76,-3,3
41957,72,82,-10,10
41958,83,95,-12,12
41959,119,114,5,5
41960,83,83,0,0
41961,140,126,14,14
41962,164,149,15,15
41963,105,97,8,8
41964,109,94,15,15
41965,100,95,5,5
41966,95,100,-5,5
41967,85,82,3,3
41968,83,90,-7,7
41969,148,139,9,9
41970,95,97,-2,2
41971,110,120,-10,10
41972,104,114,-10,10
41973,125,140,-15,15
41974,110,121,-11,11
41975,109,104,5,5
41976,87,81,6,6
41977,166,161,5,5
41978,68,85,-17,17
41979,104,94,10,10
41980,127,102,25,25
41981,60,67,-7,7
41982,106,98,8,8
41983,58,65,-7,7
41984,59,62,-3,3
41985,98,97,1,1
41986,150,157,-7,7
41987,107,114,-7,7
41988,75,84,-9,9
41989,95,100,-5,5
41990,82,83,-1,1
41991,101,91,10,10
41992,63,72,-9,9
41993,81,70,11,11
41994,60,65,-5,5
41995,121,116,5,5
41996,110,102,8,8
41997,73,82,-9,9
41998,62,70,-8,8
41999,66,72,-6,6
42000,87,93,-6,6
42001,130,138,-8,8
42002,84,91,-7,7
42003,142,131,11,11
42004,61,66,-5,5
42005,109,106,3,3
42006,147,136,11,11
42007,37,61,-24,24
42008,246,196,50,50
42009,61,72,-11,11
42010,111,107,4,4
42011,92,97,-5,5
42012,133,141,-8,8
42013,161,148,13,13
42014,128,136,-8,8
42015,73,68,5,5
42016,115,112,3,3
42017,159,152,7,7
42018,75,75,0,0
42019,85,100,-15,15
42020,79,84,-5,5
42021,103,99,4,4
42022,109,106,3,3
42023,89,94,-5,5
42024,158,155,3,3
42025,86,94,-8,8
42026,114,102,12,12
42027,145,134,11,11
42028,83,81,2,2
42029,142,140,2,2
42030,48,60,-12,12
42031,69,75,-6,6
42032,90,106,-16,16
42033,152,139,13,13
42034,72,78,-6,6
42035,93,96,-3,3
42036,59,64,-5,5
42037,142,129,13,13
42038,95,88,7,7
42039,152,133,19,19
42040,87,92,-5,5
42041,79,70,9,9
42042,80,83,-3,3
42043,89,95,-6,6
42044,74,73,1,1
42045,78,77,1,1
42046,100,102,-2,2
42047,92,99,-7,7
42048,135,135,0,0
42049,112,112,0,0
42050,109,109,0,0
42051,86,75,11,11
42052,80,77,3,3
42053,92,105,-13,13
42054,93,98,-5,5
42055,111,115,-4,4
42056,64,69,-5,5
42057,96,81,15,15
42058,79,97,-18,18
42059,148,160,-12,12
42060,74,86,-12,12
42061,91,82,9,9
42062,85,87,-2,2
42063,104,102,2,2
42064,132,134,-2,2
42065,75,84,-9,9
42066,175,174,1,1
42067,77,72,5,5
42068,92,101,-9,9
42069,150,142,8,8
42070,35,51,-16,16
42071,79,79,0,0
42072,57,69,-12,12
42073,70,60,10,10
42074,117,130,-13,13
42075,84,85,-1,1
42076,51,79,-28,28
42077,88,96,-8,8
42078,83,86,-3,3
42079,89,82,7,7
42080,79,82,-3,3
42081,76,83,-7,7
42082,50,64,-14,14
42083,102,97,5,5
42084,111,123,-12,12
42085,82,91,-9,9
42086,114,123,-9,9
42087,99,92,7,7
42088,111,108,3,3
42089,99,104,-5,5
42090,68,67,1,1
42091,159,138,21,21
42092,78,82,-4,4
42093,43,57,-14,14
42094,64,70,-6,6
42095,77,85,-8,8
42096,38,40,-2,2
42097,39,44,-5,5
42098,87,97,-10,10
42099,89,84,5,5
42100,101,104,-3,3
42101,115,112,3,3
42102,101,100,1,1
42103,52,64,-12,12
42104,68,75,-7,7
42105,57,64,-7,7
42106,97,94,3,3
42107,80,89,-9,9
42108,95,95,0,0
42109,155,142,13,13
42110,74,75,-1,1
42111,104,98,6,6
42112,63,73,-10,10
42113,28,31,-3,3
42114,96,95,1,1
42115,104,108,-4,4
42116,118,115,3,3
42117,81,76,5,5
42118,58,65,-7,7
42119,85,92,-7,7
42120,59,67,-8,8
42121,91,103,-12,12
42122,120,110,10,10
42123,58,50,8,8
42124,89,80,9,9
42125,101,106,-5,5
42126,89,91,-2,2
42127,68,63,5,5
42128,122,110,12,12
42129,71,79,-8,8
42130,71,72,-1,1
42131,75,96,-21,21
42132,130,130,0,0
42133,103,93,10,10
42134,114,108,6,6
42135,145,136,9,9
42136,108,104,4,4
42137,102,103,-1,1
42138,107,103,4,4
42139,97,102,-5,5
42140,94,91,3,3
42141,70,73,-3,3
42142,91,96,-5,5
42143,92,101,-9,9
42144,60,68,-8,8
42145,83,90,-7,7
42146,92,90,2,2
42147,106,108,-2,2
42148,47,64,-17,17
42149,72,71,1,1
42150,137,128,9,9
42151,69,74,-5,5
42152,69,65,4,4
42153,123,116,7,7
42154,77,84,-7,7
42155,74,69,5,5
42156,144,143,1,1
42157,132,126,6,6
42158,109,104,5,5
42159,93,97,-4,4
42160,56,59,-3,3
42161,125,118,7,7
42162,54,67,-13,13
42163,127,117,10,10
42164,96,99,-3,3
42165,106,95,11,11
42166,98,100,-2,2
42167,97,100,-3,3
42168,65,70,-5,5
42169,91,86,5,5
42170,90,94,-4,4
42171,135,123,12,12
42172,109,117,-8,8
42173,101,94,7,7
42174,80,82,-2,2
42175,105,108,-3,3
42176,64,67,-3,3
42177,155,152,3,3
42178,119,124,-5,5
42179,76,69,7,7
42180,122,117,5,5
42181,59,67,-8,8
42182,63,67,-4,4
42183,92,99,-7,7
42184,101,103,-2,2
42185,100,100,0,0
42186,88,97,-9,9
42187,98,98,0,0
42188,153,135,18,18
42189,92,93,-1,1
42190,76,73,3,3
42191,110,105,5,5
42192,86,92,-6,6
42193,130,124,6,6
42194,126,132,-6,6
42195,78,74,4,4
42196,77,76,1,1
42197,104,105,-1,1
42198,126,134,-8,8
42199,79,81,-2,2
42200,117,125,-8,8
42201,45,53,-8,8
42202,100,103,-3,3
42203,83,70,13,13
42204,134,130,4,4
42205,83,81,2,2
42206,90,98,-8,8
42207,86,93,-7,7
42208,89,92,-3,3
42209,60,69,-9,9
42210,78,81,-3,3
42211,120,125,-5,5
42212,72,81,-9,9
42213,104,104,0,0
42214,188,171,17,17
42215,93,93,0,0
42216,159,145,14,14
42217,80,81,-1,1
42218,96,102,-6,6
42219,114,116,-2,2
42220,113,115,-2,2
42221,62,74,-12,12
42222,140,137,3,3
42223,157,142,15,15
42224,61,69,-8,8
42225,95,104,-9,9
42226,130,128,2,2
42227,134,140,-6,6
42228,84,90,-6,6
42229,83,84,-1,1
42230,96,100,-4,4
42231,85,84,1,1
42232,117,124,-7,7
42233,49,56,-7,7
42234,55,59,-4,4
42235,116,101,15,15
42236,65,70,-5,5
42237,86,85,1,1
42238,58,73,-15,15
42239,55,64,-9,9
42240,109,106,3,3
42241,109,97,12,12
42242,115,111,4,4
42243,131,111,20,20
42244,79,84,-5,5
42245,74,82,-8,8
42246,114,108,6,6
42247,125,113,12,12
42248,90,84,6,6
42249,81,84,-3,3
42250,109,102,7,7
42251,90,89,1,1
42252,58,59,-1,1
42253,67,73,-6,6
42254,88,83,5,5
42255,71,90,-19,19
42256,118,133,-15,15
42257,109,108,1,1
42258,75,98,-23,23
42259,38,43,-5,5
42260,173,162,11,11
42261,153,149,4,4
42262,66,63,3,3
42263,58,66,-8,8
42264,44,50,-6,6
42265,86,82,4,4
42266,100,100,0,0
42267,86,91,-5,5
42268,106,105,1,1
42269,80,80,0,0
42270,84,83,1,1
42271,76,76,0,0
42272,96,94,2,2
42273,90,95,-5,5
42274,116,124,-8,8
42275,196,170,26,26
42276,103,100,3,3
42277,95,102,-7,7
42278,68,69,-1,1
42279,96,88,8,8
42280,109,102,7,7
42281,86,92,-6,6
42282,174,167,7,7
42283,78,86,-8,8
42284,47,55,-8,8
42285,96,95,1,1
42286,92,94,-2,2
42287,79,73,6,6
42288,85,83,2,2
42289,113,118,-5,5
42290,96,99,-3,3
42291,80,82,-2,2
42292,43,45,-2,2
42293,93,102,-9,9
42294,63,74,-11,11
42295,96,92,4,4
42296,103,104,-1,1
42297,53,65,-12,12
42298,99,96,3,3
42299,79,83,-4,4
42300,70,71,-1,1
42301,106,99,7,7
42302,104,137,-33,33
42303,141,135,6,6
42304,99,91,8,8
42305,96,96,0,0
42306,55,56,-1,1
42307,99,102,-3,3
42308,116,120,-4,4
42309,64,94,-30,30
42310,152,135,17,17
42311,63,70,-7,7
42312,78,78,0,0
42313,123,135,-12,12
42314,126,124,2,2
42315,79,75,4,4
42316,92,77,15,15
42317,94,102,-8,8
42318,200,184,16,16
42319,157,157,0,0
42320,80,84,-4,4
42321,57,64,-7,7
42322,141,138,3,3
42323,60,68,-8,8
42324,85,81,4,4
42325,54,52,2,2
42326,159,161,-2,2
42327,150,134,16,16
42328,87,84,3,3
42329,47,65,-18,18
42330,96,97,-1,1
42331,82,82,0,0
42332,74,70,4,4
42333,120,122,-2,2
42334,109,94,15,15
42335,86,92,-6,6
42336,129,125,4,4
42337,196,181,15,15
42338,178,160,18,18
42339,105,101,4,4
42340,61,69,-8,8
42341,67,72,-5,5
42342,109,107,2,2
42343,111,123,-12,12
42344,52,67,-15,15
42345,89,82,7,7
42346,71,86,-15,15
42347,111,107,4,4
42348,40,39,1,1
42349,79,91,-12,12
42350,99,96,3,3
42351,96,100,-4,4
42352,63,62,1,1
42353,103,124,-21,21
42354,97,110,-13,13
42355,90,94,-4,4
42356,119,106,13,13
42357,176,160,16,16
42358,97,97,0,0
42359,131,135,-4,4
42360,86,78,8,8
42361,77,76,1,1
42362,84,85,-1,1
42363,70,68,2,2
42364,109,107,2,2
42365,121,118,3,3
42366,125,136,-11,11
42367,150,127,23,23
42368,103,102,1,1
42369,151,126,25,25
42370,58,63,-5,5
42371,64,65,-1,1
42372,122,120,2,2
42373,104,96,8,8
42374,92,91,1,1
42375,100,101,-1,1
42376,142,127,15,15
42377,93,91,2,2
42378,120,114,6,6
42379,75,83,-8,8
42380,106,102,4,4
42381,60,62,-2,2
42382,83,86,-3,3
42383,98,99,-1,1
42384,56,52,4,4
42385,37,40,-3,3
42386,97,91,6,6
42387,152,147,5,5
42388,97,94,3,3
42389,76,75,1,1
42390,80,93,-13,13
42391,56,61,-5,5
42392,108,100,8,8
42393,128,108,20,20
42394,117,113,4,4
42395,103,101,2,2
42396,31,43,-12,12
42397,84,80,4,4
42398,92,98,-6,6
42399,115,127,-12,12
42400,128,130,-2,2
42401,128,119,9,9
42402,75,85,-10,10
42403,72,91,-19,19
42404,95,91,4,4
42405,56,63,-7,7
42406,83,92,-9,9
42407,97,104,-7,7
42408,109,97,12,12
42409,126,118,8,8
42410,135,136,-1,1
42411,75,79,-4,4
42412,73,72,1,1
42413,89,92,-3,3
42414,94,96,-2,2
42415,81,82,-1,1
42416,78,82,-4,4
42417,79,76,3,3
42418,78,83,-5,5
42419,105,112,-7,7
42420,112,108,4,4
42421,75,70,5,5
42422,98,100,-2,2
42423,94,95,-1,1
42424,56,67,-11,11
42425,92,87,5,5
42426,68,73,-5,5
42427,104,104,0,0
42428,144,122,22,22
42429,50,64,-14,14
42430,51,55,-4,4
42431,61,76,-15,15
42432,83,92,-9,9
42433,28,41,-13,13
42434,99,105,-6,6
42435,83,93,-10,10
42436,162,150,12,12
42437,104,103,1,1
42438,88,96,-8,8
42439,95,94,1,1
42440,116,109,7,7
42441,144,134,10,10
42442,69,59,10,10
42443,102,112,-10,10
42444,116,115,1,1
42445,61,66,-5,5
42446,108,109,-1,1
42447,55,61,-6,6
42448,142,132,10,10
42449,156,146,10,10
42450,129,116,13,13
42451,180,169,11,11
42452,111,115,-4,4
42453,179,173,6,6
42454,89,95,-6,6
42455,114,109,5,5
42456,96,92,4,4
42457,117,117,0,0
42458,64,69,-5,5
42459,57,61,-4,4
42460,54,65,-11,11
42461,95,92,3,3
42462,89,71,18,18
42463,109,100,9,9
42464,76,83,-7,7
42465,67,68,-1,1
42466,65,70,-5,5
42467,76,90,-14,14
42468,92,96,-4,4
42469,92,93,-1,1
42470,74,73,1,1
42471,92,90,2,2
42472,80,77,3,3
42473,89,93,-4,4
42474,43,52,-9,9
42475,69,75,-6,6
42476,88,91,-3,3
42477,84,94,-10,10
42478,115,116,-1,1
42479,56,59,-3,3
42480,95,102,-7,7
42481,80,94,-14,14
42482,80,79,1,1
42483,98,98,0,0
42484,49,57,-8,8
42485,91,85,6,6
42486,64,72,-8,8
42487,53,62,-9,9
42488,85,81,4,4
42489,98,99,-1,1
42490,100,93,7,7
42491,69,75,-6,6
42492,48,53,-5,5
42493,105,98,7,7
42494,163,143,20,20
42495,150,149,1,1
42496,85,91,-6,6
42497,128,129,-1,1
42498,99,104,-5,5
42499,103,97,6,6
42500,128,114,14,14
42501,107,108,-1,1
42502,55,69,-14,14
42503,84,95,-11,11
42504,90,98,-8,8
42505,90,96,-6,6
42506,72,71,1,1
42507,91,94,-3,3
42508,87,97,-10,10
42509,84,71,13,13
42510,42,48,-6,6
42511,65,73,-8,8
42512,131,128,3,3
42513,48,62,-14,14
42514,109,102,7,7
42515,85,94,-9,9
42516,66,65,1,1
42517,83,91,-8,8
42518,46,47,-1,1
42519,141,133,8,8
42520,59,68,-9,9
42521,87,91,-4,4
42522,84,93,-9,9
42523,86,96,-10,10
42524,127,118,9,9
42525,111,116,-5,5
42526,102,106,-4,4
42527,65,72,-7,7
42528,70,73,-3,3
42529,61,71,-10,10
42530,104,102,2,2
42531,111,109,2,2
42532,202,166,36,36
42533,100,94,6,6
42534,136,135,1,1
42535,35,44,-9,9
42536,40,46,-6,6
42537,115,112,3,3
42538,116,109,7,7
42539,72,68,4,4
42540,108,107,1,1
42541,106,114,-8,8
42542,62,70,-8,8
42543,127,118,9,9
42544,94,91,3,3
42545,89,84,5,5
42546,70,74,-4,4
42547,72,81,-9,9
42548,98,92,6,6
42549,96,93,3,3
42550,108,112,-4,4
42551,142,118,24,24
42552,77,81,-4,4
42553,67,69,-2,2
42554,81,87,-6,6
42555,54,59,-5,5
42556,124,123,1,1
42557,110,114,-4,4
42558,101,102,-1,1
42559,86,91,-5,5
42560,117,114,3,3
42561,111,105,6,6
42562,136,125,11,11
42563,78,74,4,4
42564,62,79,-17,17
42565,231,205,26,26
42566,180,180,0,0
42567,91,93,-2,2
42568,134,131,3,3
42569,80,88,-8,8
42570,100,102,-2,2
42571,123,119,4,4
42572,109,107,2,2
42573,70,72,-2,2
42574,57,59,-2,2
42575,148,137,11,11
42576,76,73,3,3
42577,70,76,-6,6
42578,82,85,-3,3
42579,102,109,-7,7
42580,198,193,5,5
42581,56,57,-1,1
42582,94,99,-5,5
42583,97,102,-5,5
42584,103,95,8,8
42585,81,81,0,0
42586,102,100,2,2
42587,85,88,-3,3
42588,165,146,19,19
42589,50,62,-12,12
42590,124,125,-1,1
42591,101,102,-1,1
42592,79,77,2,2
42593,138,145,-7,7
42594,191,145,46,46
42595,162,154,8,8
42596,126,117,9,9
42597,103,106,-3,3
42598,49,57,-8,8
42599,113,119,-6,6
42600,100,98,2,2
42601,118,116,2,2
42602,117,123,-6,6
42603,84,87,-3,3
42604,110,102,8,8
42605,128,114,14,14
42606,105,105,0,0
42607,59,58,1,1
42608,91,94,-3,3
42609,68,64,4,4
42610,72,83,-11,11
42611,135,131,4,4
42612,79,97,-18,18
42613,107,107,0,0
42614,30,41,-11,11
42615,70,74,-4,4
42616,105,105,0,0
42617,92,93,-1,1
42618,177,169,8,8
42619,84,94,-10,10
42620,67,82,-15,15
42621,150,124,26,26
42622,65,89,-24,24
42623,69,74,-5,5
42624,94,93,1,1
42625,87,75,12,12
42626,73,88,-15,15
42627,70,78,-8,8
42628,93,91,2,2
42629,110,104,6,6
42630,87,79,8,8
42631,109,109,0,0
42632,71,79,-8,8
42633,103,105,-2,2
42634,152,144,8,8
42635,70,75,-5,5
42636,125,107,18,18
42637,91,97,-6,6
42638,172,162,10,10
42639,60,73,-13,13
42640,99,126,-27,27
42641,61,64,-3,3
42642,91,93,-2,2
42643,94,90,4,4
42644,135,125,10,10
42645,43,59,-16,16
42646,83,93,-10,10
42647,93,94,-1,1
42648,116,113,3,3
42649,131,106,25,25
42650,140,148,-8,8
42651,101,107,-6,6
42652,160,143,17,17
42653,157,135,22,22
42654,147,172,-25,25
42655,151,146,5,5
42656,162,156,6,6
42657,52,100,-48,48
42658,77,72,5,5
42659,86,85,1,1
42660,86,95,-9,9
42661,91,85,6,6
42662,118,109,9,9
42663,103,102,1,1
42664,103,103,0,0
42665,74,76,-2,2
42666,119,110,9,9
42667,89,91,-2,2
42668,107,103,4,4
42669,109,145,-36,36
42670,85,96,-11,11
42671,70,69,1,1
42672,86,87,-1,1
42673,105,104,1,1
42674,98,101,-3,3
42675,75,77,-2,2
42676,50,62,-12,12
42677,67,72,-5,5
42678,76,75,1,1
42679,80,74,6,6
42680,124,127,-3,3
42681,60,70,-10,10
42682,73,75,-2,2
42683,52,56,-4,4
42684,102,102,0,0
42685,29,30,-1,1
42686,66,75,-9,9
42687,80,73,7,7
42688,76,75,1,1
42689,107,107,0,0
42690,68,64,4,4
42691,129,118,11,11
42692,51,52,-1,1
42693,131,133,-2,2
42694,73,80,-7,7
42695,157,147,10,10
42696,96,105,-9,9
42697,19,53,-34,34
42698,109,102,7,7
42699,67,70,-3,3
42700,132,131,1,1
42701,156,121,35,35
42702,85,101,-16,16
42703,90,92,-2,2
42704,85,84,1,1
42705,44,58,-14,14
42706,150,136,14,14
42707,65,70,-5,5
42708,91,105,-14,14
42709,63,82,-19,19
42710,80,86,-6,6
42711,163,165,-2,2
42712,110,104,6,6
42713,100,98,2,2
42714,89,84,5,5
42715,51,54,-3,3
42716,97,104,-7,7
42717,82,90,-8,8
42718,85,90,-5,5
42719,73,81,-8,8
42720,80,76,4,4
42721,50,61,-11,11
42722,81,81,0,0
42723,68,72,-4,4
42724,76,82,-6,6
42725,75,71,4,4
42726,82,93,-11,11
42727,78,81,-3,3
42728,53,74,-21,21
42729,55,61,-6,6
42730,41,45,-4,4
42731,95,98,-3,3
42732,55,59,-4,4
42733,99,112,-13,13
42734,64,75,-11,11
42735,93,106,-13,13
42736,61,61,0,0
42737,95,97,-2,2
42738,116,115,1,1
42739,83,75,8,8
42740,82,74,8,8
42741,137,113,24,24
42742,69,76,-7,7
42743,69,66,3,3
42744,60,58,2,2
42745,81,90,-9,9
42746,128,128,0,0
42747,78,76,2,2
42748,79,85,-6,6
42749,74,83,-9,9
42750,69,74,-5,5
42751,140,140,0,0
42752,108,115,-7,7
42753,61,64,-3,3
42754,142,140,2,2
42755,42,43,-1,1
42756,68,67,1,1
42757,74,77,-3,3
42758,94,100,-6,6
42759,164,156,8,8
42760,77,73,4,4
42761,94,92,2,2
42762,192,190,2,2
42763,121,121,0,0
42764,61,65,-4,4
42765,120,125,-5,5
42766,103,102,1,1
42767,89,90,-1,1
42768,100,92,8,8
42769,97,91,6,6
42770,64,72,-8,8
42771,165,162,3,3
42772,74,73,1,1
42773,65,68,-3,3
42774,39,49,-10,10
42775,183,168,15,15
42776,82,91,-9,9
42777,111,108,3,3
42778,150,134,16,16
42779,89,82,7,7
42780,116,111,5,5
42781,106,105,1,1
42782,129,131,-2,2
42783,59,65,-6,6
42784,161,134,27,27
42785,108,122,-14,14
42786,63,76,-13,13
42787,114,111,3,3
42788,80,92,-12,12
42789,81,86,-5,5
42790,72,72,0,0
42791,99,96,3,3
42792,98,84,14,14
42793,111,100,11,11
42794,120,119,1,1
42795,119,117,2,2
42796,69,74,-5,5
42797,137,127,10,10
42798,130,131,-1,1
42799,106,96,10,10
42800,58,67,-9,9
42801,144,136,8,8
42802,117,119,-2,2
42803,146,155,-9,9
42804,137,126,11,11
42805,116,118,-2,2
42806,86,81,5,5
42807,89,91,-2,2
42808,107,104,3,3
42809,108,109,-1,1
42810,109,103,6,6
42811,53,62,-9,9
42812,79,72,7,7
42813,59,66,-7,7
42814,84,82,2,2
42815,156,141,15,15
42816,121,119,2,2
42817,66,69,-3,3
42818,74,75,-1,1
42819,47,112,-65,65
42820,106,107,-1,1
42821,98,91,7,7
42822,68,67,1,1
42823,58,69,-11,11
42824,86,93,-7,7
42825,87,95,-8,8
42826,85,94,-9,9
42827,143,133,10,10
42828,168,147,21,21
42829,63,74,-11,11
42830,72,113,-41,41
42831,170,178,-8,8
42832,139,141,-2,2
42833,104,109,-5,5
42834,66,63,3,3
42835,78,83,-5,5
42836,66,64,2,2
42837,78,78,0,0
42838,178,152,26,26
42839,176,165,11,11
42840,77,73,4,4
42841,51,56,-5,5
42842,112,92,20,20
42843,110,128,-18,18
42844,140,144,-4,4
42845,120,106,14,14
42846,88,90,-2,2
42847,85,99,-14,14
42848,166,149,17,17
42849,71,74,-3,3
42850,112,119,-7,7
42851,73,72,1,1
42852,80,83,-3,3
42853,113,127,-14,14
42854,62,67,-5,5
42855,94,72,22,22
42856,145,141,4,4
42857,131,137,-6,6
42858,103,104,-1,1
42859,98,105,-7,7
42860,84,81,3,3
42861,133,121,12,12
42862,144,135,9,9
42863,141,124,17,17
42864,119,108,11,11
42865,87,90,-3,3
42866,79,84,-5,5
42867,63,74,-11,11
42868,89,97,-8,8
42869,38,46,-8,8
42870,99,106,-7,7
42871,114,105,9,9
42872,129,112,17,17
42873,155,149,6,6
42874,87,76,11,11
42875,70,72,-2,2
42876,112,104,8,8
42877,137,132,5,5
42878,92,88,4,4
42879,145,138,7,7
42880,154,130,24,24
42881,130,123,7,7
42882,45,48,-3,3
42883,63,65,-2,2
42884,58,57,1,1
42885,96,104,-8,8
42886,102,101,1,1
42887,118,128,-10,10
42888,119,110,9,9
42889,75,75,0,0
42890,115,116,-1,1
42891,94,98,-4,4
42892,108,106,2,2
42893,101,101,0,0
42894,136,133,3,3
42895,110,112,-2,2
42896,127,118,9,9
42897,94,82,12,12
42898,124,115,9,9
42899,68,73,-5,5
42900,128,116,12,12
42901,138,133,5,5
42902,83,91,-8,8
42903,125,106,19,19
42904,63,67,-4,4
42905,133,108,25,25
42906,77,75,2,2
42907,94,94,0,0
42908,116,104,12,12
42909,93,94,-1,1
42910,84,91,-7,7
42911,125,125,0,0
42912,123,126,-3,3
42913,92,94,-2,2
42914,155,147,8,8
42915,86,168,-82,82
42916,75,81,-6,6
42917,74,81,-7,7
42918,78,84,-6,6
42919,96,91,5,5
42920,113,118,-5,5
42921,139,158,-19,19
42922,95,92,3,3
42923,83,84,-1,1
42924,128,128,0,0
42925,102,102,0,0
42926,124,138,-14,14
42927,71,75,-4,4
42928,63,68,-5,5
42929,71,73,-2,2
42930,131,135,-4,4
42931,115,135,-20,20
42932,91,90,1,1
42933,92,103,-11,11
42934,59,55,4,4
42935,138,136,2,2
42936,71,71,0,0
42937,53,48,5,5
42938,103,107,-4,4
42939,85,80,5,5
42940,92,96,-4,4
42941,109,123,-14,14
42942,74,90,-16,16
42943,100,99,1,1
42944,111,108,3,3
42945,112,111,1,1
42946,112,105,7,7
42947,31,41,-10,10
42948,57,81,-24,24
42949,194,184,10,10
42950,75,69,6,6
42951,119,118,1,1
42952,106,103,3,3
42953,89,77,12,12
42954,75,74,1,1
42955,77,81,-4,4
42956,68,75,-7,7
42957,48,51,-3,3
42958,53,55,-2,2
42959,91,94,-3,3
42960,90,104,-14,14
42961,57,69,-12,12
42962,81,83,-2,2
42963,113,108,5,5
42964,89,89,0,0
42965,74,73,1,1
42966,89,91,-2,2
42967,73,83,-10,10
42968,54,50,4,4
42969,77,83,-6,6
42970,108,97,11,11
42971,59,71,-12,12
42972,218,199,19,19
42973,118,126,-8,8
42974,86,96,-10,10
42975,153,143,10,10
42976,123,117,6,6
42977,117,118,-1,1
42978,51,50,1,1
42979,77,76,1,1
42980,59,63,-4,4
42981,69,75,-6,6
42982,67,74,-7,7
42983,83,79,4,4
42984,137,126,11,11
42985,96,92,4,4
42986,68,72,-4,4
42987,91,97,-6,6
42988,81,91,-10,10
42989,79,69,10,10
42990,50,50,0,0
42991,78,80,-2,2
42992,32,33,-1,1
42993,64,65,-1,1
42994,80,87,-7,7
42995,99,95,4,4
42996,131,135,-4,4
42997,48,53,-5,5
42998,77,73,4,4
42999,128,127,1,1
43000,120,115,5,5
43001,55,61,-6,6
43002,79,71,8,8
43003,85,90,-5,5
43004,148,135,13,13
43005,136,135,1,1
43006,111,121,-10,10
43007,105,131,-26,26
43008,93,92,1,1
43009,79,82,-3,3
43010,87,91,-4,4
43011,69,75,-6,6
43012,109,105,4,4
43013,156,141,15,15
43014,106,108,-2,2
43015,105,107,-2,2
43016,42,43,-1,1
43017,84,90,-6,6
43018,15,24,-9,9
43019,89,102,-13,13
43020,179,170,9,9
43021,65,70,-5,5
43022,108,111,-3,3
43023,40,50,-10,10
43024,89,84,5,5
43025,138,126,12,12
43026,134,140,-6,6
43027,102,101,1,1
43028,103,101,2,2
43029,143,126,17,17
43030,65,74,-9,9
43031,74,74,0,0
43032,116,107,9,9
43033,79,81,-2,2
43034,74,77,-3,3
43035,91,74,17,17
43036,99,100,-1,1
43037,64,63,1,1
43038,120,112,8,8
43039,103,95,8,8
43040,90,90,0,0
43041,51,53,-2,2
43042,96,94,2,2
43043,77,76,1,1
43044,142,141,1,1
43045,77,66,11,11
43046,90,91,-1,1
43047,141,133,8,8
43048,85,93,-8,8
43049,98,94,4,4
43050,146,143,3,3
43051,120,112,8,8
43052,107,110,-3,3
43053,97,103,-6,6
43054,125,126,-1,1
43055,81,85,-4,4
43056,99,105,-6,6
43057,90,98,-8,8
43058,53,55,-2,2
43059,88,81,7,7
43060,70,67,3,3
43061,57,76,-19,19
43062,77,73,4,4
43063,51,66,-15,15
43064,110,112,-2,2
43065,72,74,-2,2
43066,101,105,-4,4
43067,177,155,22,22
43068,153,133,20,20
43069,157,148,9,9
43070,67,69,-2,2
43071,63,66,-3,3
43072,208,189,19,19
43073,84,84,0,0
43074,69,74,-5,5
43075,110,102,8,8
43076,85,72,13,13
43077,37,38,-1,1
43078,142,116,26,26
43079,82,92,-10,10
43080,81,92,-11,11
43081,94,95,-1,1
43082,143,143,0,0
43083,118,107,11,11
43084,86,95,-9,9
43085,76,84,-8,8
43086,73,69,4,4
43087,131,114,17,17
43088,53,58,-5,5
43089,66,69,-3,3
43090,101,101,0,0
43091,115,115,0,0
43092,136,131,5,5
43093,61,89,-28,28
43094,86,93,-7,7
43095,71,84,-13,13
43096,81,83,-2,2
43097,69,81,-12,12
43098,36,45,-9,9
43099,157,148,9,9
43100,57,65,-8,8
43101,73,66,7,7
43102,185,162,23,23
43103,62,59,3,3
43104,123,121,2,2
43105,65,67,-2,2
43106,73,72,1,1
43107,98,98,0,0
43108,101,95,6,6
43109,104,102,2,2
43110,83,91,-8,8
43111,58,66,-8,8
43112,85,91,-6,6
43113,55,61,-6,6
43114,80,73,7,7
43115,66,68,-2,2
43116,83,76,7,7
43117,107,113,-6,6
43118,104,100,4,4
43119,44,50,-6,6
43120,63,72,-9,9
43121,85,82,3,3
43122,133,128,5,5
43123,59,64,-5,5
43124,130,107,23,23
43125,74,76,-2,2
43126,62,64,-2,2
43127,109,103,6,6
43128,71,75,-4,4
43129,55,97,-42,42
43130,142,135,7,7
43131,117,120,-3,3
43132,110,103,7,7
43133,35,50,-15,15
43134,85,93,-8,8
43135,63,65,-2,2
43136,79,91,-12,12
43137,101,95,6,6
43138,73,77,-4,4
43139,150,153,-3,3
43140,164,140,24,24
43141,121,116,5,5
43142,56,65,-9,9
43143,82,85,-3,3
43144,115,131,-16,16
43145,103,99,4,4
43146,80,77,3,3
43147,90,98,-8,8
43148,103,103,0,0
43149,122,126,-4,4
43150,113,116,-3,3
43151,62,73,-11,11
43152,120,120,0,0
43153,94,97,-3,3
43154,93,95,-2,2
43155,52,56,-4,4
43156,89,83,6,6
43157,72,65,7,7
43158,65,61,4,4
43159,92,93,-1,1
43160,59,64,-5,5
43161,86,105,-19,19
43162,119,113,6,6
43163,64,69,-5,5
43164,142,113,29,29
43165,80,85,-5,5
43166,68,70,-2,2
43167,85,91,-6,6
43168,69,72,-3,3
43169,157,146,11,11
43170,120,105,15,15
43171,135,130,5,5
43172,72,71,1,1
43173,99,90,9,9
43174,88,95,-7,7
43175,101,98,3,3
43176,72,77,-5,5
43177,166,166,0,0
43178,49,55,-6,6
43179,89,88,1,1
43180,113,106,7,7
43181,113,104,9,9
43182,85,92,-7,7
43183,67,78,-11,11
43184,89,93,-4,4
43185,63,70,-7,7
43186,52,34,18,18
43187,127,123,4,4
43188,106,103,3,3
43189,120,104,16,16
43190,97,115,-18,18
43191,57,68,-11,11
43192,68,79,-11,11
43193,105,106,-1,1
43194,106,111,-5,5
43195,133,129,4,4
43196,63,73,-10,10
43197,58,63,-5,5
43198,106,110,-4,4
43199,103,98,5,5
43200,71,74,-3,3
43201,103,107,-4,4
43202,42,45,-3,3
43203,91,91,0,0
43204,103,108,-5,5
43205,90,93,-3,3
43206,103,106,-3,3
43207,111,102,9,9
43208,132,120,12,12
43209,115,111,4,4
43210,121,126,-5,5
43211,122,111,11,11
43212,132,124,8,8
43213,32,47,-15,15
43214,110,103,7,7
43215,87,93,-6,6
43216,135,127,8,8
43217,102,98,4,4
43218,82,89,-7,7
43219,131,118,13,13
43220,102,105,-3,3
43221,52,54,-2,2
43222,100,105,-5,5
43223,100,97,3,3
43224,90,97,-7,7
43225,85,95,-10,10
43226,61,65,-4,4
43227,154,161,-7,7
43228,137,125,12,12
43229,107,103,4,4
43230,98,103,-5,5
43231,92,91,1,1
43232,191,164,27,27
43233,113,117,-4,4
43234,104,106,-2,2
43235,62,62,0,0
43236,80,81,-1,1
43237,50,53,-3,3
43238,100,88,12,12
43239,126,127,-1,1
43240,113,104,9,9
43241,69,73,-4,4
43242,62,64,-2,2
43243,52,73,-21,21
43244,118,113,5,5
43245,59,67,-8,8
43246,40,48,-8,8
43247,93,95,-2,2
43248,105,110,-5,5
43249,127,117,10,10
43250,84,94,-10,10
43251,93,106,-13,13
43252,121,128,-7,7
43253,94,100,-6,6
43254,64,71,-7,7
43255,109,104,5,5
43256,123,129,-6,6
43257,130,119,11,11
43258,138,131,7,7
43259,67,73,-6,6
43260,99,96,3,3
43261,84,88,-4,4
43262,112,122,-10,10
43263,103,105,-2,2
43264,60,61,-1,1
43265,90,108,-18,18
43266,131,133,-2,2
43267,47,53,-6,6
43268,90,91,-1,1
43269,81,82,-1,1
43270,84,84,0,0
43271,81,85,-4,4
43272,105,106,-1,1
43273,67,72,-5,5
43274,86,92,-6,6
43275,140,143,-3,3
43276,78,72,6,6
43277,96,96,0,0
43278,102,105,-3,3
43279,43,50,-7,7
43280,71,90,-19,19
43281,91,102,-11,11
43282,84,86,-2,2
43283,125,118,7,7
43284,50,59,-9,9
43285,90,96,-6,6
43286,68,65,3,3
43287,129,124,5,5
43288,133,137,-4,4
43289,72,94,-22,22
43290,150,143,7,7
43291,179,161,18,18
43292,96,94,2,2
43293,72,70,2,2
43294,178,152,26,26
43295,89,88,1,1
43296,129,117,12,12
43297,84,84,0,0
43298,87,82,5,5
43299,82,78,4,4
43300,82,92,-10,10
43301,91,95,-4,4
43302,112,115,-3,3
43303,88,96,-8,8
43304,100,106,-6,6
43305,164,150,14,14
43306,89,95,-6,6
43307,72,83,-11,11
43308,111,118,-7,7
43309,123,129,-6,6
43310,163,143,20,20
43311,65,71,-6,6
43312,130,137,-7,7
43313,145,142,3,3
43314,92,92,0,0
43315,50,62,-12,12
43316,73,93,-20,20
43317,57,65,-8,8
43318,89,76,13,13
43319,82,81,1,1
43320,67,67,0,0
43321,91,102,-11,11
43322,112,110,2,2
43323,73,75,-2,2
43324,64,67,-3,3
43325,119,131,-12,12
43326,61,59,2,2
43327,26,35,-9,9
43328,67,69,-2,2
43329,178,160,18,18
43330,97,85,12,12
43331,132,109,23,23
43332,121,123,-2,2
43333,143,117,26,26
43334,92,101,-9,9
43335,78,84,-6,6
43336,99,104,-5,5
43337,68,67,1,1
43338,61,65,-4,4
43339,139,140,-1,1
43340,162,158,4,4
43341,86,90,-4,4
43342,106,102,4,4
43343,48,51,-3,3
43344,125,116,9,9
43345,123,120,3,3
43346,117,112,5,5
43347,229,205,24,24
43348,83,91,-8,8
43349,72,116,-44,44
43350,130,128,2,2
43351,49,56,-7,7
43352,124,123,1,1
43353,123,123,0,0
43354,127,131,-4,4
43355,78,79,-1,1
43356,87,109,-22,22
43357,129,118,11,11
43358,97,92,5,5
43359,129,141,-12,12
43360,69,68,1,1
43361,84,85,-1,1
43362,122,108,14,14
43363,158,141,17,17
43364,77,84,-7,7
43365,86,97,-11,11
43366,100,105,-5,5
43367,93,103,-10,10
43368,117,110,7,7
43369,139,128,11,11
43370,100,97,3,3
43371,162,149,13,13
43372,68,74,-6,6
43373,68,70,-2,2
43374,85,78,7,7
43375,105,97,8,8
43376,174,152,22,22
43377,85,87,-2,2
43378,108,102,6,6
43379,67,72,-5,5
43380,115,115,0,0
43381,63,67,-4,4
43382,107,106,1,1
43383,99,107,-8,8
43384,52,60,-8,8
43385,87,84,3,3
43386,125,96,29,29
43387,64,61,3,3
43388,101,110,-9,9
43389,118,116,2,2
43390,129,128,1,1
43391,100,105,-5,5
43392,71,68,3,3
43393,70,86,-16,16
43394,70,75,-5,5
43395,101,88,13,13
43396,71,75,-4,4
43397,70,71,-1,1
43398,115,114,1,1
43399,56,57,-1,1
43400,106,105,1,1
43401,125,123,2,2
43402,104,103,1,1
43403,84,83,1,1
43404,64,71,-7,7
43405,82,85,-3,3
43406,99,108,-9,9
43407,167,158,9,9
43408,107,107,0,0
43409,91,90,1,1
43410,83,90,-7,7
43411,89,77,12,12
43412,92,91,1,1
43413,114,107,7,7
43414,126,104,22,22
43415,133,120,13,13
43416,51,62,-11,11
43417,87,82,5,5
43418,67,66,1,1
43419,67,68,-1,1
43420,142,134,8,8
43421,139,123,16,16
43422,125,110,15,15
43423,81,80,1,1
43424,210,184,26,26
43425,113,105,8,8
43426,57,74,-17,17
43427,94,93,1,1
43428,121,100,21,21
43429,107,105,2,2
43430,38,51,-13,13
43431,81,85,-4,4
43432,126,114,12,12
43433,248,241,7,7
43434,92,94,-2,2
43435,153,143,10,10
43436,127,128,-1,1
43437,45,55,-10,10
43438,81,101,-20,20
43439,164,158,6,6
43440,140,149,-9,9
43441,114,110,4,4
43442,115,116,-1,1
43443,87,85,2,2
43444,57,63,-6,6
43445,51,49,2,2
43446,95,108,-13,13
43447,33,39,-6,6
43448,128,123,5,5
43449,101,102,-1,1
43450,75,80,-5,5
43451,138,132,6,6
43452,136,121,15,15
43453,63,89,-26,26
43454,80,67,13,13
43455,90,103,-13,13
43456,47,49,-2,2
43457,96,95,1,1
43458,62,62,0,0
43459,98,95,3,3
43460,140,139,1,1
43461,84,78,6,6
43462,143,144,-1,1
43463,84,91,-7,7
43464,151,149,2,2
43465,87,81,6,6
43466,107,114,-7,7
43467,118,108,10,10
43468,60,68,-8,8
43469,82,90,-8,8
43470,167,156,11,11
43471,110,103,7,7
43472,98,102,-4,4
43473,83,88,-5,5
43474,76,75,1,1
43475,93,103,-10,10
43476,102,104,-2,2
43477,76,69,7,7
43478,76,83,-7,7
43479,115,114,1,1
43480,77,82,-5,5
43481,98,99,-1,1
43482,149,140,9,9
43483,78,76,2,2
43484,119,118,1,1
43485,121,115,6,6
43486,46,76,-30,30
43487,67,79,-12,12
43488,129,120,9,9
43489,114,115,-1,1
43490,73,79,-6,6
43491,118,117,1,1
43492,90,96,-6,6
43493,165,160,5,5
43494,147,145,2,2
43495,52,48,4,4
43496,111,124,-13,13
43497,160,142,18,18
43498,88,99,-11,11
43499,105,104,1,1
43500,105,93,12,12
43501,90,96,-6,6
43502,120,121,-1,1
43503,89,75,14,14
43504,79,83,-4,4
43505,82,93,-11,11
43506,122,125,-3,3
43507,96,95,1,1
43508,48,54,-6,6
43509,70,69,1,1
43510,65,78,-13,13
43511,78,81,-3,3
43512,133,128,5,5
43513,48,54,-6,6
43514,90,94,-4,4
43515,54,63,-9,9
43516,104,97,7,7
43517,91,88,3,3
43518,112,108,4,4
43519,63,71,-8,8
43520,113,109,4,4
43521,99,90,9,9
43522,100,99,1,1
43523,69,72,-3,3
43524,122,111,11,11
43525,84,91,-7,7
43526,119,105,14,14
43527,103,101,2,2
43528,91,108,-17,17
43529,55,64,-9,9
43530,64,71,-7,7
43531,87,86,1,1
43532,220,199,21,21
43533,85,90,-5,5
43534,63,71,-8,8
43535,64,67,-3,3
43536,109,116,-7,7
43537,80,82,-2,2
43538,91,93,-2,2
43539,146,150,-4,4
43540,125,125,0,0
43541,130,130,0,0
43542,127,138,-11,11
43543,113,102,11,11
43544,125,123,2,2
43545,84,91,-7,7
43546,111,108,3,3
43547,138,130,8,8
43548,47,53,-6,6
43549,75,90,-15,15
43550,98,108,-10,10
43551,163,153,10,10
43552,140,124,16,16
43553,50,46,4,4
43554,77,80,-3,3
43555,64,63,1,1
43556,76,74,2,2
43557,108,105,3,3
43558,53,52,1,1
43559,65,75,-10,10
43560,197,183,14,14
43561,182,166,16,16
43562,71,73,-2,2
43563,134,117,17,17
43564,126,111,15,15
43565,54,63,-9,9
43566,132,136,-4,4
43567,86,84,2,2
43568,106,110,-4,4
43569,53,59,-6,6
43570,87,91,-4,4
43571,80,84,-4,4
43572,150,152,-2,2
43573,49,52,-3,3
43574,137,105,32,32
43575,51,56,-5,5
43576,90,86,4,4
43577,125,122,3,3
43578,110,113,-3,3
43579,112,116,-4,4
43580,51,61,-10,10
43581,105,94,11,11
43582,110,115,-5,5
43583,93,102,-9,9
43584,169,155,14,14
43585,97,87,10,10
43586,97,82,15,15
43587,89,95,-6,6
43588,75,75,0,0
43589,119,115,4,4
43590,93,101,-8,8
43591,53,58,-5,5
43592,121,101,20,20
43593,61,78,-17,17
43594,98,106,-8,8
43595,92,96,-4,4
43596,63,64,-1,1
43597,101,92,9,9
43598,180,165,15,15
43599,70,72,-2,2
43600,66,68,-2,2
43601,121,171,-50,50
43602,100,101,-1,1
43603,151,149,2,2
43604,44,65,-21,21
43605,93,94,-1,1
43606,79,73,6,6
43607,133,118,15,15
43608,51,55,-4,4
43609,111,112,-1,1
43610,83,86,-3,3
43611,93,102,-9,9
43612,78,72,6,6
43613,75,76,-1,1
43614,133,133,0,0
43615,128,116,12,12
43616,98,107,-9,9
43617,137,119,18,18
43618,79,87,-8,8
43619,90,91,-1,1
43620,62,68,-6,6
43621,170,169,1,1
43622,123,119,4,4
43623,57,68,-11,11
43624,87,99,-12,12
43625,35,52,-17,17
43626,76,90,-14,14
43627,95,92,3,3
43628,63,68,-5,5
43629,74,75,-1,1
43630,125,129,-4,4
43631,115,112,3,3
43632,63,68,-5,5
43633,141,133,8,8
43634,78,77,1,1
43635,71,73,-2,2
43636,90,94,-4,4
43637,235,221,14,14
43638,118,108,10,10
43639,65,73,-8,8
43640,98,94,4,4
43641,97,106,-9,9
43642,48,62,-14,14
43643,110,113,-3,3
43644,96,97,-1,1
43645,119,113,6,6
43646,141,136,5,5
43647,80,83,-3,3
43648,88,108,-20,20
43649,93,94,-1,1
43650,141,138,3,3
43651,59,80,-21,21
43652,98,98,0,0
43653,66,79,-13,13
43654,91,92,-1,1
43655,90,92,-2,2
43656,111,110,1,1
43657,96,96,0,0
43658,103,98,5,5
43659,59,62,-3,3
43660,68,73,-5,5
43661,73,74,-1,1
43662,60,68,-8,8
43663,75,92,-17,17
43664,65,72,-7,7
43665,91,98,-7,7
43666,53,65,-12,12
43667,97,100,-3,3
43668,66,67,-1,1
43669,94,95,-1,1
43670,97,101,-4,4
43671,81,81,0,0
43672,134,126,8,8
43673,96,102,-6,6
43674,115,119,-4,4
43675,51,75,-24,24
43676,75,79,-4,4
43677,157,145,12,12
43678,86,91,-5,5
43679,147,148,-1,1
43680,85,84,1,1
43681,88,97,-9,9
43682,46,51,-5,5
43683,119,116,3,3
43684,109,101,8,8
43685,142,140,2,2
43686,95,99,-4,4
43687,93,101,-8,8
43688,79,78,1,1
43689,142,136,6,6
43690,83,88,-5,5
43691,93,93,0,0
43692,149,112,37,37
43693,114,106,8,8
43694,99,91,8,8
43695,125,128,-3,3
43696,116,92,24,24
43697,131,137,-6,6
43698,103,102,1,1
43699,79,71,8,8
43700,171,165,6,6
43701,69,76,-7,7
43702,78,90,-12,12
43703,67,88,-21,21
43704,82,83,-1,1
43705,110,119,-9,9
43706,171,154,17,17
43707,46,49,-3,3
43708,60,64,-4,4
43709,179,157,22,22
43710,68,75,-7,7
43711,66,68,-2,2
43712,67,68,-1,1
43713,87,108,-21,21
43714,61,65,-4,4
43715,61,69,-8,8
43716,122,125,-3,3
43717,96,98,-2,2
43718,106,95,11,11
43719,54,56,-2,2
43720,76,80,-4,4
43721,111,113,-2,2
43722,44,50,-6,6
43723,163,158,5,5
43724,71,66,5,5
43725,74,74,0,0
43726,97,101,-4,4
43727,134,128,6,6
43728,82,79,3,3
43729,79,99,-20,20
43730,138,124,14,14
43731,82,103,-21,21
43732,152,147,5,5
43733,111,114,-3,3
43734,123,112,11,11
43735,77,73,4,4
43736,146,134,12,12
43737,82,80,2,2
43738,69,75,-6,6
43739,91,103,-12,12
43740,166,151,15,15
43741,53,58,-5,5
43742,71,71,0,0
43743,84,84,0,0
43744,68,73,-5,5
43745,94,103,-9,9
43746,101,128,-27,27
43747,106,103,3,3
43748,93,88,5,5
43749,69,74,-5,5
43750,136,125,11,11
43751,90,92,-2,2
43752,87,78,9,9
43753,64,62,2,2
43754,62,106,-44,44
43755,77,84,-7,7
43756,47,68,-21,21
43757,122,119,3,3
43758,67,72,-5,5
43759,87,98,-11,11
43760,84,76,8,8
43761,68,72,-4,4
43762,60,68,-8,8
43763,75,76,-1,1
43764,90,90,0,0
43765,69,85,-16,16
43766,77,77,0,0
43767,82,77,5,5
43768,127,125,2,2
43769,58,64,-6,6
43770,151,136,15,15
43771,125,132,-7,7
43772,114,109,5,5
43773,106,110,-4,4
43774,85,92,-7,7
43775,92,94,-2,2
43776,70,71,-1,1
43777,124,125,-1,1
43778,97,104,-7,7
43779,71,81,-10,10
43780,146,143,3,3
43781,93,95,-2,2
43782,91,83,8,8
43783,63,66,-3,3
43784,60,65,-5,5
43785,84,102,-18,18
43786,192,185,7,7
43787,93,91,2,2
43788,133,123,10,10
43789,95,94,1,1
43790,65,63,2,2
43791,81,93,-12,12
43792,107,116,-9,9
43793,131,122,9,9
43794,130,131,-1,1
43795,68,67,1,1
43796,77,83,-6,6
43797,112,119,-7,7
43798,67,77,-10,10
43799,91,93,-2,2
43800,90,91,-1,1
43801,125,123,2,2
43802,69,70,-1,1
43803,106,107,-1,1
43804,110,104,6,6
43805,65,69,-4,4
43806,87,95,-8,8
43807,60,60,0,0
43808,91,91,0,0
43809,153,135,18,18
43810,95,96,-1,1
43811,150,139,11,11
43812,61,69,-8,8
43813,169,175,-6,6
43814,76,76,0,0
43815,93,96,-3,3
43816,75,73,2,2
43817,76,89,-13,13
43818,85,105,-20,20
43819,63,73,-10,10
43820,86,94,-8,8
43821,111,106,5,5
43822,81,81,0,0
43823,225,170,55,55
43824,49,45,4,4
43825,90,95,-5,5
43826,67,68,-1,1
43827,109,112,-3,3
43828,103,98,5,5
43829,73,71,2,2
43830,137,133,4,4
43831,93,102,-9,9
43832,68,73,-5,5
43833,82,100,-18,18
43834,66,75,-9,9
43835,110,97,13,13
43836,170,171,-1,1
43837,104,104,0,0
43838,73,76,-3,3
43839,137,124,13,13
43840,55,58,-3,3
43841,52,63,-11,11
43842,95,90,5,5
43843,48,53,-5,5
43844,67,80,-13,13
43845,64,69,-5,5
43846,71,74,-3,3
43847,77,76,1,1
43848,66,65,1,1
43849,78,78,0,0
43850,71,74,-3,3
43851,117,115,2,2
43852,83,74,9,9
43853,43,51,-8,8
43854,100,94,6,6
43855,50,58,-8,8
43856,140,139,1,1
43857,86,101,-15,15
43858,63,66,-3,3
43859,91,94,-3,3
43860,113,107,6,6
43861,63,65,-2,2
43862,61,61,0,0
43863,78,86,-8,8
43864,34,53,-19,19
43865,90,105,-15,15
43866,47,48,-1,1
43867,64,74,-10,10
43868,58,69,-11,11
43869,116,116,0,0
43870,117,114,3,3
43871,84,94,-10,10
43872,105,107,-2,2
43873,86,91,-5,5
43874,68,50,18,18
43875,131,137,-6,6
43876,77,82,-5,5
43877,76,71,5,5
43878,117,105,12,12
43879,97,95,2,2
43880,123,121,2,2
43881,98,103,-5,5
43882,71,72,-1,1
43883,127,120,7,7
43884,56,57,-1,1
43885,122,114,8,8
43886,49,62,-13,13
43887,60,66,-6,6
43888,115,108,7,7
43889,78,85,-7,7
43890,46,56,-10,10
43891,119,114,5,5
43892,129,143,-14,14
43893,66,66,0,0
43894,142,139,3,3
43895,79,79,0,0
43896,71,79,-8,8
43897,144,138,6,6
43898,106,110,-4,4
43899,77,82,-5,5
43900,74,82,-8,8
43901,69,71,-2,2
43902,88,85,3,3
43903,59,63,-4,4
43904,123,120,3,3
43905,54,59,-5,5
43906,43,52,-9,9
43907,155,128,27,27
43908,68,72,-4,4
43909,131,130,1,1
43910,146,138,8,8
43911,102,91,11,11
43912,80,85,-5,5
43913,57,66,-9,9
43914,81,79,2,2
43915,104,115,-11,11
43916,39,41,-2,2
43917,78,81,-3,3
43918,112,108,4,4
43919,44,88,-44,44
43920,79,80,-1,1
43921,132,129,3,3
43922,117,139,-22,22
43923,80,87,-7,7
43924,88,82,6,6
43925,61,65,-4,4
43926,57,53,4,4
43927,123,121,2,2
43928,60,69,-9,9
43929,113,105,8,8
43930,64,71,-7,7
43931,101,95,6,6
43932,143,140,3,3
43933,71,78,-7,7
43934,80,73,7,7
43935,70,70,0,0
43936,45,50,-5,5
43937,44,54,-10,10
43938,92,91,1,1
43939,67,74,-7,7
43940,63,58,5,5
43941,139,132,7,7
43942,127,121,6,6
43943,69,70,-1,1
43944,136,128,8,8
43945,109,112,-3,3
43946,120,115,5,5
43947,63,66,-3,3
43948,50,56,-6,6
43949,97,92,5,5
43950,103,93,10,10
43951,89,85,4,4
43952,85,81,4,4
43953,173,162,11,11
43954,128,126,2,2
43955,171,169,2,2
43956,49,49,0,0
43957,99,90,9,9
43958,129,136,-7,7
43959,85,93,-8,8
43960,102,97,5,5
43961,124,124,0,0
43962,122,108,14,14
43963,137,132,5,5
43964,89,93,-4,4
43965,51,51,0,0
43966,81,102,-21,21
43967,88,81,7,7
43968,76,83,-7,7
43969,111,115,-4,4
43970,86,92,-6,6
43971,131,126,5,5
43972,23,34,-11,11
43973,109,106,3,3
43974,84,86,-2,2
43975,101,103,-2,2
43976,139,135,4,4
43977,58,70,-12,12
43978,71,75,-4,4
43979,95,85,10,10
43980,70,73,-3,3
43981,65,72,-7,7
43982,95,93,2,2
43983,109,105,4,4
43984,57,63,-6,6
43985,103,105,-2,2
43986,184,162,22,22
43987,80,81,-1,1
43988,103,105,-2,2
43989,94,118,-24,24
43990,62,64,-2,2
43991,110,93,17,17
43992,109,109,0,0
43993,47,55,-8,8
43994,107,110,-3,3
43995,184,161,23,23
43996,122,128,-6,6
43997,155,151,4,4
43998,66,75,-9,9
43999,63,67,-4,4
44000,104,116,-12,12
44001,100,94,6,6
44002,82,101,-19,19
44003,162,159,3,3
44004,122,128,-6,6
44005,78,132,-54,54
44006,71,69,2,2
44007,131,112,19,19
44008,113,106,7,7
44009,84,93,-9,9
44010,65,65,0,0
44011,81,86,-5,5
44012,93,84,9,9
44013,67,68,-1,1
44014,148,131,17,17
44015,72,80,-8,8
44016,106,97,9,9
44017,79,93,-14,14
44018,113,113,0,0
44019,66,67,-1,1
44020,68,63,5,5
44021,63,64,-1,1
44022,81,101,-20,20
44023,117,116,1,1
44024,70,105,-35,35
44025,78,80,-2,2
44026,165,169,-4,4
44027,40,44,-4,4
44028,85,94,-9,9
44029,73,103,-30,30
44030,104,101,3,3
44031,129,116,13,13
44032,116,105,11,11
44033,115,110,5,5
44034,82,82,0,0
44035,84,87,-3,3
44036,82,90,-8,8
44037,29,65,-36,36
44038,64,76,-12,12
44039,66,61,5,5
44040,114,113,1,1
44041,146,132,14,14
44042,65,66,-1,1
44043,42,45,-3,3
44044,157,159,-2,2
44045,89,89,0,0
44046,116,130,-14,14
44047,54,59,-5,5
44048,77,76,1,1
44049,79,83,-4,4
44050,137,135,2,2
44051,67,68,-1,1
44052,105,115,-10,10
44053,149,119,30,30
44054,57,63,-6,6
44055,104,114,-10,10
44056,89,100,-11,11
44057,82,90,-8,8
44058,106,119,-13,13
44059,191,176,15,15
44060,87,87,0,0
44061,58,61,-3,3
44062,114,115,-1,1
44063,114,123,-9,9
44064,118,107,11,11
44065,159,148,11,11
44066,58,58,0,0
44067,95,98,-3,3
44068,74,75,-1,1
44069,135,118,17,17
44070,134,133,1,1
44071,87,84,3,3
44072,130,116,14,14
44073,119,113,6,6
44074,142,135,7,7
44075,152,148,4,4
44076,105,105,0,0
44077,63,67,-4,4
44078,92,95,-3,3
44079,75,71,4,4
44080,96,95,1,1
44081,75,69,6,6
44082,56,59,-3,3
44083,72,72,0,0
44084,89,107,-18,18
44085,58,67,-9,9
44086,76,76,0,0
44087,90,104,-14,14
44088,73,84,-11,11
44089,78,82,-4,4
44090,110,122,-12,12
44091,174,156,18,18
44092,104,95,9,9
44093,94,102,-8,8
44094,165,151,14,14
44095,107,99,8,8
44096,78,77,1,1
44097,90,91,-1,1
44098,124,115,9,9
44099,129,115,14,14
44100,66,69,-3,3
44101,73,81,-8,8
44102,139,141,-2,2
44103,72,81,-9,9
44104,140,132,8,8
44105,93,102,-9,9
44106,135,125,10,10
44107,56,61,-5,5
44108,76,74,2,2
44109,102,102,0,0
44110,102,105,-3,3
44111,130,128,2,2
44112,152,148,4,4
44113,76,74,2,2
44114,178,174,4,4
44115,85,76,9,9
44116,78,75,3,3
44117,97,114,-17,17
44118,113,117,-4,4
44119,81,90,-9,9
44120,65,80,-15,15
44121,42,52,-10,10
44122,72,85,-13,13
44123,115,114,1,1
44124,80,91,-11,11
44125,39,43,-4,4
44126,85,84,1,1
44127,101,100,1,1
44128,158,154,4,4
44129,91,96,-5,5
44130,68,72,-4,4
44131,112,119,-7,7
44132,161,155,6,6
44133,147,152,-5,5
44134,63,70,-7,7
44135,60,76,-16,16
44136,84,89,-5,5
44137,112,113,-1,1
44138,129,119,10,10
44139,136,133,3,3
44140,130,122,8,8
44141,74,77,-3,3
44142,111,117,-6,6
44143,118,119,-1,1
44144,60,62,-2,2
44145,59,72,-13,13
44146,90,94,-4,4
44147,72,81,-9,9
44148,118,117,1,1
44149,63,67,-4,4
44150,91,92,-1,1
44151,106,108,-2,2
44152,89,82,7,7
44153,111,110,1,1
44154,131,126,5,5
44155,85,95,-10,10
44156,97,101,-4,4
44157,41,48,-7,7
44158,104,105,-1,1
44159,137,141,-4,4
44160,110,104,6,6
44161,50,77,-27,27
44162,143,125,18,18
44163,110,108,2,2
44164,79,82,-3,3
44165,79,82,-3,3
44166,71,79,-8,8
44167,116,117,-1,1
44168,89,89,0,0
44169,85,91,-6,6
44170,62,72,-10,10
44171,105,96,9,9
44172,110,117,-7,7
44173,68,81,-13,13
44174,125,125,0,0
44175,120,117,3,3
44176,118,111,7,7
44177,63,65,-2,2
44178,42,50,-8,8
44179,49,58,-9,9
44180,96,96,0,0
44181,107,106,1,1
44182,108,115,-7,7
44183,94,94,0,0
44184,89,91,-2,2
44185,117,117,0,0
44186,120,121,-1,1
44187,71,74,-3,3
44188,71,75,-4,4
44189,58,67,-9,9
44190,90,102,-12,12
44191,118,105,13,13
44192,43,68,-25,25
44193,78,77,1,1
44194,159,148,11,11
44195,99,108,-9,9
44196,92,98,-6,6
44197,148,134,14,14
44198,97,90,7,7
44199,84,95,-11,11
44200,45,49,-4,4
44201,63,69,-6,6
44202,117,115,2,2
44203,122,116,6,6
44204,115,104,11,11
44205,110,106,4,4
44206,114,107,7,7
44207,71,74,-3,3
44208,132,141,-9,9
44209,73,72,1,1
44210,137,129,8,8
44211,79,74,5,5
44212,79,69,10,10
44213,106,106,0,0
44214,99,95,4,4
44215,77,102,-25,25
44216,127,131,-4,4
44217,96,92,4,4
44218,66,66,0,0
44219,63,66,-3,3
44220,95,99,-4,4
44221,97,95,2,2
44222,42,44,-2,2
44223,60,53,7,7
44224,59,69,-10,10
44225,66,69,-3,3
44226,140,105,35,35
44227,64,71,-7,7
44228,72,75,-3,3
44229,85,84,1,1
44230,119,103,16,16
44231,99,94,5,5
44232,133,125,8,8
44233,75,83,-8,8
44234,66,68,-2,2
44235,102,98,4,4
44236,63,73,-10,10
44237,133,128,5,5
44238,144,138,6,6
44239,141,126,15,15
44240,97,105,-8,8
44241,90,100,-10,10
44242,124,128,-4,4
44243,123,126,-3,3
44244,191,170,21,21
44245,62,63,-1,1
44246,58,68,-10,10
44247,98,95,3,3
44248,113,111,2,2
44249,107,100,7,7
44250,106,109,-3,3
44251,95,94,1,1
44252,144,134,10,10
44253,50,49,1,1
44254,195,168,27,27
44255,122,103,19,19
44256,97,83,14,14
44257,71,63,8,8
44258,153,138,15,15
44259,67,75,-8,8
44260,51,58,-7,7
44261,65,73,-8,8
44262,78,80,-2,2
44263,87,88,-1,1
44264,72,80,-8,8
44265,81,84,-3,3
44266,149,144,5,5
44267,119,105,14,14
44268,102,94,8,8
44269,93,94,-1,1
44270,116,116,0,0
44271,125,123,2,2
44272,138,132,6,6
44273,75,87,-12,12
44274,100,103,-3,3
44275,107,97,10,10
44276,91,116,-25,25
44277,135,132,3,3
44278,47,57,-10,10
44279,95,91,4,4
44280,88,102,-14,14
44281,71,71,0,0
44282,110,123,-13,13
44283,108,111,-3,3
44284,49,65,-16,16
44285,48,51,-3,3
44286,93,98,-5,5
44287,94,96,-2,2
44288,140,134,6,6
44289,68,60,8,8
44290,79,91,-12,12
44291,147,143,4,4
44292,107,103,4,4
44293,77,75,2,2
44294,87,91,-4,4
44295,183,177,6,6
44296,123,111,12,12
44297,143,131,12,12
44298,94,94,0,0
44299,96,91,5,5
44300,85,94,-9,9
44301,112,112,0,0
44302,82,84,-2,2
44303,103,102,1,1
44304,98,99,-1,1
44305,104,106,-2,2
44306,81,75,6,6
44307,57,64,-7,7
44308,113,126,-13,13
44309,80,83,-3,3
44310,117,113,4,4
44311,68,67,1,1
44312,76,78,-2,2
44313,69,85,-16,16
44314,86,94,-8,8
44315,107,101,6,6
44316,63,61,2,2
44317,127,127,0,0
44318,87,91,-4,4
44319,82,84,-2,2
44320,92,91,1,1
44321,78,81,-3,3
44322,117,112,5,5
44323,93,105,-12,12
44324,116,115,1,1
44325,51,60,-9,9
44326,80,78,2,2
44327,126,127,-1,1
44328,48,62,-14,14
44329,183,176,7,7
44330,61,68,-7,7
44331,128,132,-4,4
44332,95,91,4,4
44333,107,95,12,12
44334,87,96,-9,9
44335,136,136,0,0
44336,49,54,-5,5
44337,77,75,2,2
44338,114,107,7,7
44339,139,124,15,15
44340,90,94,-4,4
44341,164,172,-8,8
44342,124,133,-9,9
44343,115,117,-2,2
44344,111,106,5,5
44345,144,140,4,4
44346,72,82,-10,10
44347,121,113,8,8
44348,131,124,7,7
44349,99,109,-10,10
44350,55,64,-9,9
44351,125,117,8,8
44352,43,49,-6,6
44353,75,71,4,4
44354,71,72,-1,1
44355,62,67,-5,5
44356,86,85,1,1
44357,78,81,-3,3
44358,101,101,0,0
44359,81,84,-3,3
44360,144,132,12,12
44361,121,112,9,9
44362,84,84,0,0
44363,91,92,-1,1
44364,108,123,-15,15
44365,84,89,-5,5
44366,96,92,4,4
44367,130,127,3,3
44368,53,56,-3,3
44369,111,119,-8,8
44370,65,64,1,1
44371,138,128,10,10
44372,39,43,-4,4
44373,54,64,-10,10
44374,48,48,0,0
44375,62,64,-2,2
44376,110,110,0,0
44377,88,93,-5,5
44378,92,90,2,2
44379,124,115,9,9
44380,86,90,-4,4
44381,89,100,-11,11
44382,96,103,-7,7
44383,50,60,-10,10
44384,92,90,2,2
44385,70,74,-4,4
44386,101,104,-3,3
44387,143,133,10,10
44388,128,136,-8,8
44389,83,90,-7,7
44390,59,64,-5,5
44391,131,117,14,14
44392,79,76,3,3
44393,66,66,0,0
44394,110,106,4,4
44395,99,98,1,1
44396,100,104,-4,4
44397,92,94,-2,2
44398,115,104,11,11
44399,87,82,5,5
44400,105,98,7,7
44401,77,81,-4,4
44402,93,102,-9,9
44403,124,120,4,4
44404,71,81,-10,10
44405,68,71,-3,3
44406,107,116,-9,9
44407,130,128,2,2
44408,32,41,-9,9
44409,96,107,-11,11
44410,82,76,6,6
44411,73,72,1,1
44412,57,82,-25,25
44413,60,68,-8,8
44414,61,66,-5,5
44415,127,113,14,14
44416,67,64,3,3
44417,148,136,12,12
44418,111,106,5,5
44419,119,108,11,11
44420,86,81,5,5
44421,88,90,-2,2
44422,68,68,0,0
44423,65,72,-7,7
44424,64,75,-11,11
44425,158,131,27,27
44426,144,128,16,16
44427,91,93,-2,2
44428,63,69,-6,6
44429,88,94,-6,6
44430,122,108,14,14
44431,51,57,-6,6
44432,124,133,-9,9
44433,118,105,13,13
44434,49,50,-1,1
44435,94,89,5,5
44436,69,69,0,0
44437,168,156,12,12
44438,79,89,-10,10
44439,70,75,-5,5
44440,199,196,3,3
44441,43,55,-12,12
44442,85,94,-9,9
44443,51,56,-5,5
44444,135,127,8,8
44445,57,80,-23,23
44446,191,190,1,1
44447,94,105,-11,11
44448,109,112,-3,3
44449,76,80,-4,4
44450,175,169,6,6
44451,126,132,-6,6
44452,143,130,13,13
44453,101,102,-1,1
44454,50,81,-31,31
44455,84,92,-8,8
44456,94,95,-1,1
44457,110,106,4,4
44458,170,143,27,27
44459,149,141,8,8
44460,94,103,-9,9
44461,102,104,-2,2
44462,118,127,-9,9
44463,112,117,-5,5
44464,108,107,1,1
44465,58,66,-8,8
44466,39,108,-69,69
44467,112,110,2,2
44468,107,116,-9,9
44469,61,62,-1,1
44470,99,102,-3,3
44471,62,72,-10,10
44472,119,109,10,10
44473,105,99,6,6
44474,93,84,9,9
44475,109,108,1,1
44476,132,124,8,8
44477,83,108,-25,25
44478,46,52,-6,6
44479,170,159,11,11
44480,217,187,30,30
44481,119,117,2,2
44482,140,150,-10,10
44483,106,102,4,4
44484,100,102,-2,2
44485,61,64,-3,3
44486,111,128,-17,17
44487,117,102,15,15
44488,68,79,-11,11
44489,94,96,-2,2
44490,74,75,-1,1
44491,109,116,-7,7
44492,98,114,-16,16
44493,103,97,6,6
44494,78,93,-15,15
44495,80,81,-1,1
44496,83,88,-5,5
44497,76,84,-8,8
44498,110,108,2,2
44499,152,143,9,9
44500,81,74,7,7
44501,133,128,5,5
44502,66,67,-1,1
44503,102,99,3,3
44504,102,105,-3,3
44505,53,58,-5,5
44506,139,136,3,3
44507,133,127,6,6
44508,57,64,-7,7
44509,61,61,0,0
44510,116,105,11,11
44511,97,96,1,1
44512,187,161,26,26
44513,62,66,-4,4
44514,102,105,-3,3
44515,62,74,-12,12
44516,48,47,1,1
44517,108,111,-3,3
44518,68,69,-1,1
44519,112,109,3,3
44520,154,145,9,9
44521,76,80,-4,4
44522,110,111,-1,1
44523,89,95,-6,6
44524,128,124,4,4
44525,61,72,-11,11
44526,60,71,-11,11
44527,143,143,0,0
44528,107,115,-8,8
44529,76,70,6,6
44530,79,80,-1,1
44531,65,66,-1,1
44532,104,107,-3,3
44533,145,140,5,5
44534,86,80,6,6
44535,83,86,-3,3
44536,88,103,-15,15
44537,178,166,12,12
44538,116,123,-7,7
44539,105,120,-15,15
44540,72,78,-6,6
44541,77,78,-1,1
44542,56,68,-12,12
44543,109,100,9,9
44544,45,49,-4,4
44545,106,100,6,6
44546,42,47,-5,5
44547,118,120,-2,2
44548,102,98,4,4
44549,47,73,-26,26
44550,70,74,-4,4
44551,103,106,-3,3
44552,123,127,-4,4
44553,170,156,14,14
44554,124,132,-8,8
44555,98,102,-4,4
44556,57,72,-15,15
44557,122,125,-3,3
44558,59,63,-4,4
44559,107,103,4,4
44560,73,72,1,1
44561,65,69,-4,4
44562,53,54,-1,1
44563,152,144,8,8
44564,81,78,3,3
44565,87,85,2,2
44566,77,74,3,3
44567,129,133,-4,4
44568,165,156,9,9
44569,111,113,-2,2
44570,108,115,-7,7
44571,67,72,-5,5
44572,78,79,-1,1
44573,105,102,3,3
44574,72,70,2,2
44575,75,89,-14,14
44576,85,82,3,3
44577,57,62,-5,5
44578,115,121,-6,6
44579,74,73,1,1
44580,170,168,2,2
44581,90,96,-6,6
44582,85,93,-8,8
44583,65,72,-7,7
44584,45,49,-4,4
44585,160,135,25,25
44586,160,144,16,16
44587,99,104,-5,5
44588,62,71,-9,9
44589,121,126,-5,5
44590,129,121,8,8
44591,98,104,-6,6
44592,104,101,3,3
44593,69,73,-4,4
44594,75,72,3,3
44595,95,94,1,1
44596,118,117,1,1
44597,94,136,-42,42
44598,100,103,-3,3
44599,129,116,13,13
44600,118,115,3,3
44601,57,152,-95,95
44602,68,70,-2,2
44603,123,119,4,4
44604,93,90,3,3
44605,53,59,-6,6
44606,92,93,-1,1
44607,78,82,-4,4
44608,175,147,28,28
44609,115,125,-10,10
44610,70,78,-8,8
44611,161,141,20,20
44612,61,66,-5,5
44613,64,67,-3,3
44614,86,93,-7,7
44615,84,86,-2,2
44616,152,144,8,8
44617,116,113,3,3
44618,53,61,-8,8
44619,57,65,-8,8
44620,68,80,-12,12
44621,178,169,9,9
44622,93,92,1,1
44623,120,114,6,6
44624,136,136,0,0
44625,39,49,-10,10
44626,102,100,2,2
44627,167,172,-5,5
44628,65,67,-2,2
44629,50,64,-14,14
44630,80,80,0,0
44631,126,125,1,1
44632,67,71,-4,4
44633,59,70,-11,11
44634,116,115,1,1
44635,95,96,-1,1
44636,57,61,-4,4
44637,75,90,-15,15
44638,99,103,-4,4
44639,94,98,-4,4
44640,65,65,0,0
44641,90,92,-2,2
44642,126,117,9,9
44643,86,99,-13,13
44644,103,104,-1,1
44645,92,104,-12,12
44646,120,117,3,3
44647,86,85,1,1
44648,19,21,-2,2
44649,138,128,10,10
44650,86,91,-5,5
44651,126,120,6,6
44652,103,103,0,0
44653,89,91,-2,2
44654,71,75,-4,4
44655,63,63,0,0
44656,76,78,-2,2
44657,154,142,12,12
44658,64,68,-4,4
44659,73,75,-2,2
44660,61,67,-6,6
44661,57,68,-11,11
44662,142,141,1,1
44663,193,181,12,12
44664,58,77,-19,19
44665,89,99,-10,10
44666,88,93,-5,5
44667,121,115,6,6
44668,110,107,3,3
44669,116,112,4,4
44670,100,99,1,1
44671,62,63,-1,1
44672,100,106,-6,6
44673,146,128,18,18
44674,33,38,-5,5
44675,105,111,-6,6
44676,93,94,-1,1
44677,48,60,-12,12
44678,74,79,-5,5
44679,55,60,-5,5
44680,77,75,2,2
44681,83,75,8,8
44682,162,147,15,15
44683,59,63,-4,4
44684,196,188,8,8
44685,95,92,3,3
44686,64,66,-2,2
44687,107,114,-7,7
44688,163,149,14,14
44689,78,78,0,0
44690,66,77,-11,11
44691,62,74,-12,12
44692,109,103,6,6
44693,77,81,-4,4
44694,125,115,10,10
44695,103,102,1,1
44696,81,82,-1,1
44697,50,56,-6,6
44698,116,128,-12,12
44699,70,85,-15,15
44700,68,66,2,2
44701,96,93,3,3
44702,155,133,22,22
44703,128,134,-6,6
44704,75,78,-3,3
44705,116,115,1,1
44706,88,92,-4,4
44707,100,93,7,7
44708,73,76,-3,3
44709,140,142,-2,2
44710,106,105,1,1
44711,87,92,-5,5
44712,78,93,-15,15
44713,92,93,-1,1
44714,109,104,5,5
44715,69,75,-6,6
44716,174,163,11,11
44717,60,65,-5,5
44718,61,63,-2,2
44719,59,66,-7,7
44720,124,119,5,5
44721,85,87,-2,2
44722,136,109,27,27
44723,118,123,-5,5
44724,81,85,-4,4
44725,80,83,-3,3
44726,69,67,2,2
44727,60,68,-8,8
44728,63,70,-7,7
44729,46,46,0,0
44730,61,65,-4,4
44731,65,76,-11,11
44732,104,107,-3,3
44733,144,134,10,10
44734,73,93,-20,20
44735,77,82,-5,5
44736,96,96,0,0
44737,71,83,-12,12
44738,74,78,-4,4
44739,60,65,-5,5
44740,80,83,-3,3
44741,74,82,-8,8
44742,168,150,18,18
44743,145,135,10,10
44744,86,95,-9,9
44745,137,133,4,4
44746,121,116,5,5
44747,91,83,8,8
44748,68,74,-6,6
44749,78,73,5,5
44750,84,92,-8,8
44751,150,138,12,12
44752,103,98,5,5
44753,79,82,-3,3
44754,63,72,-9,9
44755,70,72,-2,2
44756,229,215,14,14
44757,130,137,-7,7
44758,81,92,-11,11
44759,112,105,7,7
44760,134,116,18,18
44761,82,89,-7,7
44762,152,203,-51,51
44763,90,101,-11,11
44764,105,112,-7,7
44765,138,137,1,1
44766,95,100,-5,5
44767,86,85,1,1
44768,91,84,7,7
44769,58,81,-23,23
44770,130,118,12,12
44771,154,138,16,16
44772,69,74,-5,5
44773,158,133,25,25
44774,136,132,4,4
44775,56,66,-10,10
44776,86,87,-1,1
44777,49,53,-4,4
44778,138,134,4,4
44779,100,102,-2,2
44780,146,139,7,7
44781,56,60,-4,4
44782,79,82,-3,3
44783,53,54,-1,1
44784,59,61,-2,2
44785,64,65,-1,1
44786,108,104,4,4
44787,66,68,-2,2
44788,117,115,2,2
44789,60,63,-3,3
44790,51,53,-2,2
44791,104,99,5,5
44792,92,109,-17,17
44793,87,83,4,4
44794,84,105,-21,21
44795,155,144,11,11
44796,100,102,-2,2
44797,43,47,-4,4
44798,72,66,6,6
44799,124,131,-7,7
44800,116,132,-16,16
44801,159,139,20,20
44802,91,107,-16,16
44803,71,65,6,6
44804,158,148,10,10
44805,71,76,-5,5
44806,102,102,0,0
44807,117,114,3,3
44808,94,98,-4,4
44809,79,93,-14,14
44810,51,56,-5,5
44811,63,64,-1,1
44812,55,63,-8,8
44813,152,129,23,23
44814,78,67,11,11
44815,54,60,-6,6
44816,80,80,0,0
44817,59,64,-5,5
44818,84,90,-6,6
44819,110,105,5,5
44820,124,112,12,12
44821,92,83,9,9
44822,126,125,1,1
44823,130,117,13,13
44824,89,93,-4,4
44825,109,108,1,1
44826,87,98,-11,11
44827,75,69,6,6
44828,225,214,11,11
44829,182,175,7,7
44830,82,85,-3,3
44831,54,67,-13,13
44832,187,172,15,15
44833,128,132,-4,4
44834,87,78,9,9
44835,92,82,10,10
44836,58,70,-12,12
44837,63,66,-3,3
44838,100,94,6,6
44839,102,109,-7,7
44840,46,56,-10,10
44841,89,101,-12,12
44842,61,61,0,0
44843,134,132,2,2
44844,69,73,-4,4
44845,118,113,5,5
44846,153,142,11,11
44847,115,110,5,5
44848,88,85,3,3
44849,91,93,-2,2
44850,51,32,19,19
44851,68,82,-14,14
44852,155,143,12,12
44853,52,58,-6,6
44854,71,75,-4,4
44855,100,100,0,0
44856,81,80,1,1
44857,168,157,11,11
44858,80,79,1,1
44859,83,80,3,3
44860,90,100,-10,10
44861,99,102,-3,3
44862,45,49,-4,4
44863,110,106,4,4
44864,118,103,15,15
44865,98,97,1,1
44866,162,150,12,12
44867,54,54,0,0
44868,80,88,-8,8
44869,91,86,5,5
44870,81,74,7,7
44871,89,91,-2,2
44872,58,61,-3,3
44873,194,197,-3,3
44874,78,82,-4,4
44875,63,65,-2,2
44876,61,63,-2,2
44877,98,99,-1,1
44878,95,96,-1,1
44879,97,93,4,4
44880,96,107,-11,11
44881,89,84,5,5
44882,154,141,13,13
44883,51,56,-5,5
44884,117,102,15,15
44885,42,53,-11,11
44886,92,93,-1,1
44887,91,98,-7,7
44888,162,165,-3,3
44889,75,81,-6,6
44890,104,107,-3,3
44891,117,117,0,0
44892,74,86,-12,12
44893,52,56,-4,4
44894,77,75,2,2
44895,83,80,3,3
44896,71,75,-4,4
44897,57,60,-3,3
44898,62,67,-5,5
44899,114,109,5,5
44900,58,70,-12,12
44901,120,118,2,2
44902,74,75,-1,1
44903,95,84,11,11
44904,63,72,-9,9
44905,84,97,-13,13
44906,57,70,-13,13
44907,70,77,-7,7
44908,71,84,-13,13
44909,71,66,5,5
44910,140,122,18,18
44911,116,122,-6,6
44912,62,69,-7,7
44913,96,105,-9,9
44914,73,76,-3,3
44915,79,78,1,1
44916,97,86,11,11
44917,80,74,6,6
44918,76,78,-2,2
44919,67,69,-2,2
44920,176,164,12,12
44921,71,89,-18,18
44922,89,91,-2,2
44923,75,75,0,0
44924,142,132,10,10
44925,96,103,-7,7
44926,70,74,-4,4
44927,134,127,7,7
44928,123,120,3,3
44929,71,80,-9,9
44930,45,60,-15,15
44931,102,101,1,1
44932,130,131,-1,1
44933,134,134,0,0
44934,71,81,-10,10
44935,111,126,-15,15
44936,134,119,15,15
44937,131,110,21,21
44938,136,157,-21,21
44939,116,111,5,5
44940,156,144,12,12
44941,139,123,16,16
44942,102,104,-2,2
44943,69,78,-9,9
44944,81,78,3,3
44945,109,115,-6,6
44946,94,91,3,3
44947,77,73,4,4
44948,173,175,-2,2
44949,70,75,-5,5
44950,77,83,-6,6
44951,95,95,0,0
44952,96,96,0,0
44953,90,95,-5,5
44954,47,68,-21,21
44955,116,121,-5,5
44956,84,76,8,8
44957,62,73,-11,11
44958,128,140,-12,12
44959,83,85,-2,2
44960,90,98,-8,8
44961,86,93,-7,7
44962,113,107,6,6
44963,153,134,19,19
44964,90,94,-4,4
44965,96,100,-4,4
44966,76,91,-15,15
44967,73,75,-2,2
44968,98,101,-3,3
44969,23,47,-24,24
44970,57,66,-9,9
44971,65,84,-19,19
44972,107,106,1,1
44973,140,135,5,5
44974,112,102,10,10
44975,149,158,-9,9
44976,100,83,17,17
44977,100,101,-1,1
44978,64,64,0,0
44979,89,89,0,0
44980,154,143,11,11
44981,53,58,-5,5
44982,45,48,-3,3
44983,61,66,-5,5
44984,108,106,2,2
44985,88,82,6,6
44986,109,109,0,0
44987,143,120,23,23
44988,91,102,-11,11
44989,102,102,0,0
44990,61,73,-12,12
44991,85,90,-5,5
44992,121,104,17,17
44993,65,68,-3,3
44994,56,59,-3,3
44995,103,102,1,1
44996,111,97,14,14
44997,102,98,4,4
44998,99,91,8,8
44999,97,117,-20,20
45000,79,78,1,1
45001,139,130,9,9
45002,107,95,12,12
45003,166,165,1,1
45004,51,57,-6,6
45005,75,69,6,6
45006,113,111,2,2
45007,69,79,-10,10
45008,129,126,3,3
45009,197,190,7,7
45010,104,107,-3,3
45011,99,104,-5,5
45012,86,77,9,9
45013,95,90,5,5
45014,138,127,11,11
45015,78,76,2,2
45016,47,91,-44,44
45017,56,61,-5,5
45018,62,70,-8,8
45019,64,72,-8,8
45020,105,91,14,14
45021,104,101,3,3
45022,140,131,9,9
45023,84,92,-8,8
45024,126,133,-7,7
45025,82,83,-1,1
45026,75,77,-2,2
45027,92,97,-5,5
45028,77,82,-5,5
45029,100,103,-3,3
45030,140,141,-1,1
45031,67,62,5,5
45032,117,121,-4,4
45033,54,63,-9,9
45034,81,84,-3,3
45035,130,131,-1,1
45036,100,96,4,4
45037,86,83,3,3
45038,57,67,-10,10
45039,115,111,4,4
45040,147,142,5,5
45041,86,90,-4,4
45042,39,49,-10,10
45043,79,81,-2,2
45044,89,97,-8,8
45045,70,68,2,2
45046,73,82,-9,9
45047,113,106,7,7
45048,99,105,-6,6
45049,78,80,-2,2
45050,132,130,2,2
45051,79,91,-12,12
45052,143,139,4,4
45053,57,63,-6,6
45054,49,53,-4,4
45055,85,88,-3,3
45056,49,82,-33,33
45057,96,91,5,5
45058,87,85,2,2
45059,151,116,35,35
45060,147,145,2,2
45061,94,101,-7,7
45062,91,92,-1,1
45063,56,57,-1,1
45064,123,132,-9,9
45065,188,170,18,18
45066,55,52,3,3
45067,117,109,8,8
45068,106,104,2,2
45069,109,120,-11,11
45070,61,60,1,1
45071,46,59,-13,13
45072,62,65,-3,3
45073,102,99,3,3
45074,62,63,-1,1
45075,85,91,-6,6
45076,89,91,-2,2
45077,96,101,-5,5
45078,132,131,1,1
45079,94,94,0,0
45080,118,108,10,10
45081,73,75,-2,2
45082,69,73,-4,4
45083,57,67,-10,10
45084,86,90,-4,4
45085,130,116,14,14
45086,144,133,11,11
45087,67,69,-2,2
45088,64,96,-32,32
45089,85,82,3,3
45090,104,110,-6,6
45091,109,103,6,6
45092,110,108,2,2
45093,129,115,14,14
45094,97,97,0,0
45095,85,84,1,1
45096,104,100,4,4
45097,77,85,-8,8
45098,81,90,-9,9
45099,97,97,0,0
45100,130,139,-9,9
45101,67,70,-3,3
45102,55,60,-5,5
45103,92,88,4,4
45104,83,84,-1,1
45105,135,141,-6,6
45106,69,68,1,1
45107,109,111,-2,2
45108,98,93,5,5
45109,95,94,1,1
45110,121,122,-1,1
45111,80,73,7,7
45112,79,85,-6,6
45113,123,125,-2,2
45114,117,111,6,6
45115,59,66,-7,7
45116,89,92,-3,3
45117,82,84,-2,2
45118,117,105,12,12
45119,69,76,-7,7
45120,123,108,15,15
45121,57,70,-13,13
45122,87,82,5,5
45123,105,107,-2,2
45124,108,106,2,2
45125,76,73,3,3
45126,74,105,-31,31
45127,84,75,9,9
45128,96,101,-5,5
45129,78,82,-4,4
45130,76,86,-10,10
45131,88,96,-8,8
45132,89,93,-4,4
45133,90,98,-8,8
45134,60,61,-1,1
45135,53,60,-7,7
45136,67,74,-7,7
45137,89,92,-3,3
45138,149,127,22,22
45139,95,101,-6,6
45140,109,115,-6,6
45141,169,171,-2,2
45142,78,75,3,3
45143,122,119,3,3
45144,48,69,-21,21
45145,108,118,-10,10
45146,90,93,-3,3
45147,147,129,18,18
45148,69,73,-4,4
45149,112,105,7,7
45150,158,148,10,10
45151,123,135,-12,12
45152,42,49,-7,7
45153,135,125,10,10
45154,148,135,13,13
45155,109,108,1,1
45156,73,69,4,4
45157,88,91,-3,3
45158,90,83,7,7
45159,55,61,-6,6
45160,83,92,-9,9
45161,54,53,1,1
45162,85,93,-8,8
45163,75,74,1,1
45164,121,118,3,3
45165,65,65,0,0
45166,77,73,4,4
45167,102,102,0,0
45168,104,112,-8,8
45169,67,65,2,2
45170,134,119,15,15
45171,107,99,8,8
45172,87,94,-7,7
45173,168,160,8,8
45174,145,143,2,2
45175,127,130,-3,3
45176,168,150,18,18
45177,113,109,4,4
45178,64,74,-10,10
45179,64,68,-4,4
45180,83,91,-8,8
45181,83,85,-2,2
45182,125,113,12,12
45183,61,63,-2,2
45184,40,45,-5,5
45185,57,58,-1,1
45186,153,139,14,14
45187,101,106,-5,5
45188,83,91,-8,8
45189,89,103,-14,14
45190,111,112,-1,1
45191,77,78,-1,1
45192,127,117,10,10
45193,128,116,12,12
45194,146,133,13,13
45195,49,61,-12,12
45196,49,65,-16,16
45197,57,70,-13,13
45198,89,92,-3,3
45199,88,103,-15,15
45200,153,158,-5,5
45201,71,75,-4,4
45202,135,135,0,0
45203,109,103,6,6
45204,73,75,-2,2
45205,185,160,25,25
45206,69,72,-3,3
45207,109,111,-2,2
45208,74,82,-8,8
45209,181,160,21,21
45210,96,99,-3,3
45211,93,110,-17,17
45212,60,63,-3,3
45213,104,105,-1,1
45214,67,58,9,9
45215,89,98,-9,9
45216,128,113,15,15
45217,100,100,0,0
45218,96,96,0,0
45219,90,84,6,6
45220,68,68,0,0
45221,126,114,12,12
45222,54,64,-10,10
45223,106,109,-3,3
45224,63,68,-5,5
45225,113,97,16,16
45226,45,59,-14,14
45227,98,91,7,7
45228,156,142,14,14
45229,52,60,-8,8
45230,134,121,13,13
45231,74,75,-1,1
45232,102,104,-2,2
45233,100,103,-3,3
45234,62,69,-7,7
45235,82,78,4,4
45236,105,94,11,11
45237,69,72,-3,3
45238,124,134,-10,10
45239,118,120,-2,2
45240,82,87,-5,5
45241,63,72,-9,9
45242,70,70,0,0
45243,68,72,-4,4
45244,121,111,10,10
45245,73,75,-2,2
45246,51,58,-7,7
45247,81,81,0,0
45248,146,133,13,13
45249,88,91,-3,3
45250,101,103,-2,2
45251,126,131,-5,5
45252,119,118,1,1
45253,113,118,-5,5
45254,172,147,25,25
45255,81,76,5,5
45256,90,91,-1,1
45257,110,109,1,1
45258,134,135,-1,1
45259,37,53,-16,16
45260,62,66,-4,4
45261,65,67,-2,2
45262,52,56,-4,4
45263,76,82,-6,6
45264,116,113,3,3
45265,98,120,-22,22
45266,61,67,-6,6
45267,84,93,-9,9
45268,153,140,13,13
45269,72,69,3,3
45270,77,78,-1,1
45271,86,91,-5,5
45272,99,106,-7,7
45273,124,118,6,6
45274,66,76,-10,10
45275,76,77,-1,1
45276,67,57,10,10
45277,133,122,11,11
45278,91,95,-4,4
45279,71,83,-12,12
45280,207,200,7,7
45281,65,70,-5,5
45282,97,102,-5,5
45283,131,134,-3,3
45284,120,109,11,11
45285,59,64,-5,5
45286,124,117,7,7
45287,74,75,-1,1
45288,101,100,1,1
45289,85,89,-4,4
45290,85,90,-5,5
45291,137,128,9,9
45292,76,74,2,2
45293,136,139,-3,3
45294,139,130,9,9
45295,49,58,-9,9
45296,136,129,7,7
45297,75,72,3,3
45298,109,105,4,4
45299,53,59,-6,6
45300,110,109,1,1
45301,59,67,-8,8
45302,119,117,2,2
45303,86,86,0,0
45304,139,127,12,12
45305,132,130,2,2
45306,191,180,11,11
45307,87,83,4,4
45308,90,93,-3,3
45309,122,120,2,2
45310,73,68,5,5
45311,122,107,15,15
45312,93,100,-7,7
45313,46,58,-12,12
45314,84,93,-9,9
45315,103,95,8,8
45316,39,42,-3,3
45317,96,103,-7,7
45318,72,74,-2,2
45319,146,133,13,13
45320,80,94,-14,14
45321,68,75,-7,7
45322,49,55,-6,6
45323,110,107,3,3
45324,117,116,1,1
45325,121,112,9,9
45326,55,72,-17,17
45327,149,155,-6,6
45328,78,78,0,0
45329,60,70,-10,10
45330,161,154,7,7
45331,95,104,-9,9
45332,75,65,10,10
45333,92,100,-8,8
45334,112,121,-9,9
45335,67,74,-7,7
45336,91,92,-1,1
45337,109,103,6,6
45338,177,162,15,15
45339,105,107,-2,2
45340,82,77,5,5
45341,89,79,10,10
45342,109,109,0,0
45343,67,79,-12,12
45344,117,117,0,0
45345,96,102,-6,6
45346,49,62,-13,13
45347,110,105,5,5
45348,57,56,1,1
45349,118,94,24,24
45350,120,116,4,4
45351,77,82,-5,5
45352,107,99,8,8
45353,60,72,-12,12
45354,70,66,4,4
45355,115,114,1,1
45356,70,75,-5,5
45357,70,64,6,6
45358,96,110,-14,14
45359,72,84,-12,12
45360,72,70,2,2
45361,67,74,-7,7
45362,170,151,19,19
45363,57,60,-3,3
45364,67,69,-2,2
45365,85,92,-7,7
45366,95,110,-15,15
45367,119,141,-22,22
45368,84,81,3,3
45369,65,90,-25,25
45370,225,218,7,7
45371,97,103,-6,6
45372,81,85,-4,4
45373,104,104,0,0
45374,23,43,-20,20
45375,75,76,-1,1
45376,115,111,4,4
45377,111,102,9,9
45378,60,59,1,1
45379,72,75,-3,3
45380,100,102,-2,2
45381,85,83,2,2
45382,60,66,-6,6
45383,55,67,-12,12
45384,120,124,-4,4
45385,121,123,-2,2
45386,79,75,4,4
45387,89,91,-2,2
45388,127,116,11,11
45389,86,91,-5,5
45390,58,61,-3,3
45391,99,93,6,6
45392,126,127,-1,1
45393,53,57,-4,4
45394,55,63,-8,8
45395,107,109,-2,2
45396,67,66,1,1
45397,83,96,-13,13
45398,81,90,-9,9
45399,92,91,1,1
45400,109,103,6,6
45401,148,148,0,0
45402,115,117,-2,2
45403,124,116,8,8
45404,103,104,-1,1
45405,122,123,-1,1
45406,104,107,-3,3
45407,58,49,9,9
45408,68,71,-3,3
45409,83,94,-11,11
45410,51,68,-17,17
45411,84,84,0,0
45412,129,134,-5,5
45413,64,71,-7,7
45414,150,136,14,14
45415,48,55,-7,7
45416,67,63,4,4
45417,72,75,-3,3
45418,101,100,1,1
45419,68,67,1,1
45420,135,122,13,13
45421,98,100,-2,2
45422,73,74,-1,1
45423,93,104,-11,11
45424,161,157,4,4
45425,58,63,-5,5
45426,125,125,0,0
45427,91,96,-5,5
45428,82,82,0,0
45429,82,93,-11,11
45430,89,107,-18,18
45431,45,47,-2,2
45432,56,33,23,23
45433,152,175,-23,23
45434,110,103,7,7
45435,81,79,2,2
45436,43,48,-5,5
45437,154,159,-5,5
45438,82,75,7,7
45439,104,111,-7,7
45440,78,90,-12,12
45441,130,121,9,9
45442,66,79,-13,13
45443,86,94,-8,8
45444,98,103,-5,5
45445,106,106,0,0
45446,78,83,-5,5
45447,89,83,6,6
45448,84,91,-7,7
45449,111,100,11,11
45450,73,76,-3,3
45451,115,140,-25,25
45452,174,168,6,6
45453,87,78,9,9
45454,102,102,0,0
45455,77,71,6,6
45456,37,38,-1,1
45457,131,126,5,5
45458,104,104,0,0
45459,109,141,-32,32
45460,89,87,2,2
45461,108,104,4,4
45462,158,149,9,9
45463,69,71,-2,2
45464,89,82,7,7
45465,42,45,-3,3
45466,97,85,12,12
45467,70,76,-6,6
45468,116,112,4,4
45469,138,146,-8,8
45470,110,110,0,0
45471,105,102,3,3
45472,51,64,-13,13
45473,94,103,-9,9
45474,75,75,0,0
45475,129,133,-4,4
45476,88,84,4,4
45477,100,93,7,7
45478,79,81,-2,2
45479,176,169,7,7
45480,86,83,3,3
45481,88,96,-8,8
45482,105,116,-11,11
45483,140,134,6,6
45484,72,71,1,1
45485,111,98,13,13
45486,105,98,7,7
45487,191,175,16,16
45488,120,114,6,6
45489,99,105,-6,6
45490,45,56,-11,11
45491,94,98,-4,4
45492,80,92,-12,12
45493,85,88,-3,3
45494,74,69,5,5
45495,78,82,-4,4
45496,131,120,11,11
45497,95,100,-5,5
45498,59,65,-6,6
45499,72,69,3,3
45500,108,109,-1,1
45501,71,77,-6,6
45502,74,73,1,1
45503,134,137,-3,3
45504,101,103,-2,2
45505,68,70,-2,2
45506,127,129,-2,2
45507,195,169,26,26
45508,73,75,-2,2
45509,77,75,2,2
45510,79,75,4,4
45511,59,57,2,2
45512,115,103,12,12
45513,79,82,-3,3
45514,91,94,-3,3
45515,82,81,1,1
45516,72,74,-2,2
45517,63,73,-10,10
45518,89,93,-4,4
45519,69,74,-5,5
45520,62,96,-34,34
45521,45,58,-13,13
45522,87,94,-7,7
45523,75,85,-10,10
45524,105,106,-1,1
45525,93,101,-8,8
45526,104,105,-1,1
45527,86,93,-7,7
45528,159,153,6,6
45529,93,90,3,3
45530,112,110,2,2
45531,120,111,9,9
45532,62,61,1,1
45533,108,104,4,4
45534,124,126,-2,2
45535,167,150,17,17
45536,163,162,1,1
45537,113,108,5,5
45538,98,92,6,6
45539,64,74,-10,10
45540,120,112,8,8
45541,52,51,1,1
45542,42,49,-7,7
45543,131,138,-7,7
45544,95,86,9,9
45545,85,90,-5,5
45546,71,72,-1,1
45547,116,108,8,8
45548,91,84,7,7
45549,94,95,-1,1
45550,52,61,-9,9
45551,84,104,-20,20
45552,61,63,-2,2
45553,101,104,-3,3
45554,97,97,0,0
45555,96,105,-9,9
45556,141,143,-2,2
45557,124,115,9,9
45558,72,78,-6,6
45559,79,129,-50,50
45560,155,155,0,0
45561,112,117,-5,5
45562,63,67,-4,4
45563,73,78,-5,5
45564,67,74,-7,7
45565,61,64,-3,3
45566,114,107,7,7
45567,33,40,-7,7
45568,64,68,-4,4
45569,79,78,1,1
45570,149,155,-6,6
45571,97,96,1,1
45572,84,86,-2,2
45573,134,140,-6,6
45574,85,99,-14,14
45575,123,112,11,11
45576,97,94,3,3
45577,69,68,1,1
45578,116,107,9,9
45579,92,84,8,8
45580,125,126,-1,1
45581,103,97,6,6
45582,99,91,8,8
45583,154,159,-5,5
45584,102,103,-1,1
45585,53,60,-7,7
45586,104,106,-2,2
45587,218,187,31,31
45588,57,61,-4,4
45589,154,157,-3,3
45590,141,144,-3,3
45591,113,119,-6,6
45592,69,74,-5,5
45593,87,104,-17,17
45594,126,124,2,2
45595,99,101,-2,2
45596,85,94,-9,9
45597,78,90,-12,12
45598,85,74,11,11
45599,77,74,3,3
45600,97,94,3,3
45601,67,78,-11,11
45602,114,108,6,6
45603,130,131,-1,1
45604,127,115,12,12
45605,66,66,0,0
45606,74,81,-7,7
45607,117,114,3,3
45608,57,61,-4,4
45609,169,157,12,12
45610,79,84,-5,5
45611,122,135,-13,13
45612,117,115,2,2
45613,82,85,-3,3
45614,119,112,7,7
45615,105,102,3,3
45616,121,112,9,9
45617,107,107,0,0
45618,63,68,-5,5
45619,76,82,-6,6
45620,141,115,26,26
45621,76,79,-3,3
45622,189,143,46,46
45623,78,79,-1,1
45624,105,117,-12,12
45625,69,73,-4,4
45626,95,106,-11,11
45627,55,64,-9,9
45628,85,77,8,8
45629,62,69,-7,7
45630,72,73,-1,1
45631,91,95,-4,4
45632,78,94,-16,16
45633,69,70,-1,1
45634,58,59,-1,1
45635,104,98,6,6
45636,90,96,-6,6
45637,45,57,-12,12
45638,109,100,9,9
45639,174,177,-3,3
45640,102,113,-11,11
45641,72,77,-5,5
45642,93,94,-1,1
45643,88,114,-26,26
45644,147,131,16,16
45645,116,112,4,4
45646,71,96,-25,25
45647,59,66,-7,7
45648,110,103,7,7
45649,112,108,4,4
45650,67,54,13,13
45651,63,71,-8,8
45652,99,90,9,9
45653,71,72,-1,1
45654,61,71,-10,10
45655,145,180,-35,35
45656,59,65,-6,6
45657,91,97,-6,6
45658,97,100,-3,3
45659,67,71,-4,4
45660,75,72,3,3
45661,107,94,13,13
45662,47,65,-18,18
45663,111,113,-2,2
45664,122,116,6,6
45665,145,137,8,8
45666,133,116,17,17
45667,90,92,-2,2
45668,153,146,7,7
45669,83,76,7,7
45670,44,58,-14,14
45671,64,68,-4,4
45672,74,82,-8,8
45673,98,100,-2,2
45674,117,74,43,43
45675,83,91,-8,8
45676,52,62,-10,10
45677,74,75,-1,1
45678,128,125,3,3
45679,75,75,0,0
45680,71,73,-2,2
45681,72,74,-2,2
45682,80,82,-2,2
45683,98,97,1,1
45684,138,135,3,3
45685,161,151,10,10
45686,152,149,3,3
45687,117,111,6,6
45688,96,105,-9,9
45689,76,81,-5,5
45690,150,149,1,1
45691,71,75,-4,4
45692,127,130,-3,3
45693,93,99,-6,6
45694,116,116,0,0
45695,128,120,8,8
45696,47,52,-5,5
45697,53,61,-8,8
45698,173,165,8,8
45699,84,102,-18,18
45700,74,73,1,1
45701,40,48,-8,8
45702,125,106,19,19
45703,100,108,-8,8
45704,62,68,-6,6
45705,120,108,12,12
45706,163,140,23,23
45707,111,109,2,2
45708,62,76,-14,14
45709,104,111,-7,7
45710,96,94,2,2
45711,71,68,3,3
45712,94,98,-4,4
45713,109,109,0,0
45714,46,52,-6,6
45715,94,96,-2,2
45716,52,55,-3,3
45717,88,86,2,2
45718,68,75,-7,7
45719,193,202,-9,9
45720,137,128,9,9
45721,109,108,1,1
45722,97,104,-7,7
45723,114,108,6,6
45724,90,93,-3,3
45725,57,70,-13,13
45726,119,113,6,6
45727,157,144,13,13
45728,86,83,3,3
45729,108,107,1,1
45730,82,85,-3,3
45731,111,105,6,6
45732,110,108,2,2
45733,108,89,19,19
45734,92,87,5,5
45735,38,39,-1,1
45736,92,94,-2,2
45737,92,95,-3,3
45738,68,65,3,3
45739,74,83,-9,9
45740,83,90,-7,7
45741,106,95,11,11
45742,86,83,3,3
45743,78,75,3,3
45744,155,158,-3,3
45745,116,118,-2,2
45746,129,102,27,27
45747,99,97,2,2
45748,114,107,7,7
45749,103,99,4,4
45750,82,74,8,8
45751,50,54,-4,4
45752,86,90,-4,4
45753,82,82,0,0
45754,82,95,-13,13
45755,50,51,-1,1
45756,88,74,14,14
45757,86,84,2,2
45758,103,102,1,1
45759,60,59,1,1
45760,68,70,-2,2
45761,86,74,12,12
45762,85,83,2,2
45763,80,77,3,3
45764,58,69,-11,11
45765,63,82,-19,19
45766,117,115,2,2
45767,97,106,-9,9
45768,59,64,-5,5
45769,66,72,-6,6
45770,121,115,6,6
45771,77,74,3,3
45772,47,51,-4,4
45773,61,70,-9,9
45774,128,125,3,3
45775,225,212,13,13
45776,145,130,15,15
45777,125,130,-5,5
45778,40,51,-11,11
45779,94,86,8,8
45780,103,102,1,1
45781,137,128,9,9
45782,151,143,8,8
45783,98,101,-3,3
45784,115,111,4,4
45785,77,75,2,2
45786,75,100,-25,25
45787,75,85,-10,10
45788,117,112,5,5
45789,133,129,4,4
45790,89,102,-13,13
45791,92,85,7,7
45792,66,67,-1,1
45793,26,32,-6,6
45794,135,127,8,8
45795,82,93,-11,11
45796,44,55,-11,11
45797,79,60,19,19
45798,135,138,-3,3
45799,122,130,-8,8
45800,177,173,4,4
45801,93,92,1,1
45802,54,55,-1,1
45803,104,115,-11,11
45804,69,68,1,1
45805,64,72,-8,8
45806,113,124,-11,11
45807,69,71,-2,2
45808,127,131,-4,4
45809,115,115,0,0
45810,75,77,-2,2
45811,81,80,1,1
45812,35,42,-7,7
45813,120,120,0,0
45814,86,87,-1,1
45815,111,102,9,9
45816,149,132,17,17
45817,86,85,1,1
45818,122,115,7,7
45819,80,91,-11,11
45820,91,90,1,1
45821,106,105,1,1
45822,30,34,-4,4
45823,84,85,-1,1
45824,159,127,32,32
45825,76,86,-10,10
45826,73,75,-2,2
45827,78,82,-4,4
45828,271,242,29,29
45829,138,140,-2,2
45830,72,79,-7,7
45831,77,72,5,5
45832,94,96,-2,2
45833,101,102,-1,1
45834,72,75,-3,3
45835,101,107,-6,6
45836,120,117,3,3
45837,159,154,5,5
45838,78,81,-3,3
45839,78,84,-6,6
45840,106,104,2,2
45841,87,99,-12,12
45842,62,66,-4,4
45843,106,112,-6,6
45844,127,134,-7,7
45845,101,104,-3,3
45846,56,60,-4,4
45847,41,58,-17,17
45848,83,88,-5,5
45849,128,128,0,0
45850,86,82,4,4
45851,82,91,-9,9
45852,104,103,1,1
45853,116,134,-18,18
45854,115,125,-10,10
45855,81,85,-4,4
45856,82,96,-14,14
45857,88,82,6,6
45858,115,113,2,2
45859,170,166,4,4
45860,110,110,0,0
45861,228,198,30,30
45862,161,142,19,19
45863,72,74,-2,2
45864,171,151,20,20
45865,117,106,11,11
45866,116,114,2,2
45867,60,56,4,4
45868,113,116,-3,3
45869,121,115,6,6
45870,41,61,-20,20
45871,98,94,4,4
45872,83,84,-1,1
45873,56,63,-7,7
45874,107,102,5,5
45875,90,85,5,5
45876,91,98,-7,7
45877,68,76,-8,8
45878,131,117,14,14
45879,95,93,2,2
45880,93,91,2,2
45881,99,102,-3,3
45882,195,166,29,29
45883,124,114,10,10
45884,124,116,8,8
45885,44,32,12,12
45886,63,67,-4,4
45887,175,157,18,18
45888,127,116,11,11
45889,113,115,-2,2
45890,118,100,18,18
45891,99,107,-8,8
45892,89,86,3,3
45893,64,70,-6,6
45894,73,75,-2,2
45895,104,99,5,5
45896,50,61,-11,11
45897,94,86,8,8
45898,115,115,0,0
45899,91,95,-4,4
45900,80,73,7,7
45901,81,90,-9,9
45902,80,86,-6,6
45903,100,97,3,3
45904,123,123,0,0
45905,89,87,2,2
45906,71,73,-2,2
45907,162,138,24,24
45908,152,134,18,18
45909,69,73,-4,4
45910,81,93,-12,12
45911,71,75,-4,4
45912,90,91,-1,1
45913,104,102,2,2
45914,106,101,5,5
45915,66,70,-4,4
45916,66,67,-1,1
45917,79,93,-14,14
45918,45,54,-9,9
45919,89,85,4,4
45920,105,91,14,14
45921,59,61,-2,2
45922,103,101,2,2
45923,116,118,-2,2
45924,93,93,0,0
45925,116,126,-10,10
45926,133,122,11,11
45927,86,83,3,3
45928,86,80,6,6
45929,65,67,-2,2
45930,139,129,10,10
45931,117,123,-6,6
45932,67,68,-1,1
45933,119,103,16,16
45934,81,103,-22,22
45935,127,117,10,10
45936,142,133,9,9
45937,87,91,-4,4
45938,70,70,0,0
45939,79,81,-2,2
45940,119,116,3,3
45941,73,72,1,1
45942,72,66,6,6
45943,87,93,-6,6
45944,108,104,4,4
45945,120,115,5,5
45946,82,81,1,1
45947,97,104,-7,7
45948,73,82,-9,9
45949,69,72,-3,3
45950,96,97,-1,1
45951,44,47,-3,3
45952,104,101,3,3
45953,68,75,-7,7
45954,108,85,23,23
45955,81,87,-6,6
45956,124,117,7,7
45957,91,85,6,6
45958,116,130,-14,14
45959,41,44,-3,3
45960,93,97,-4,4
45961,100,105,-5,5
45962,70,85,-15,15
45963,82,84,-2,2
45964,124,109,15,15
45965,168,155,13,13
45966,81,81,0,0
45967,124,127,-3,3
45968,74,73,1,1
45969,191,176,15,15
45970,99,108,-9,9
45971,72,77,-5,5
45972,92,101,-9,9
45973,122,118,4,4
45974,104,102,2,2
45975,93,92,1,1
45976,50,58,-8,8
45977,79,90,-11,11
45978,86,91,-5,5
45979,147,156,-9,9
45980,129,139,-10,10
45981,135,144,-9,9
45982,124,109,15,15
45983,91,92,-1,1
45984,80,93,-13,13
45985,150,156,-6,6
45986,113,108,5,5
45987,74,68,6,6
45988,165,149,16,16
45989,105,96,9,9
45990,49,58,-9,9
45991,96,105,-9,9
45992,115,115,0,0
45993,132,125,7,7
45994,111,104,7,7
45995,44,48,-4,4
45996,98,91,7,7
45997,52,53,-1,1
45998,78,84,-6,6
45999,71,73,-2,2
46000,30,33,-3,3
46001,116,116,0,0
46002,128,149,-21,21
46003,75,85,-10,10
46004,47,53,-6,6
46005,89,99,-10,10
46006,88,78,10,10
46007,102,102,0,0
46008,48,52,-4,4
46009,59,60,-1,1
46010,131,123,8,8
46011,71,74,-3,3
46012,81,91,-10,10
46013,110,107,3,3
46014,154,149,5,5
46015,120,116,4,4
46016,155,139,16,16
46017,109,110,-1,1
46018,71,83,-12,12
46019,81,87,-6,6
46020,58,64,-6,6
46021,69,83,-14,14
46022,134,127,7,7
46023,99,96,3,3
46024,71,75,-4,4
46025,99,99,0,0
46026,76,82,-6,6
46027,98,91,7,7
46028,68,71,-3,3
46029,105,100,5,5
46030,109,102,7,7
46031,143,161,-18,18
46032,112,107,5,5
46033,82,102,-20,20
46034,59,61,-2,2
46035,170,155,15,15
46036,84,95,-11,11
46037,84,101,-17,17
46038,97,101,-4,4
46039,241,214,27,27
46040,216,195,21,21
46041,121,120,1,1
46042,72,72,0,0
46043,61,64,-3,3
46044,76,73,3,3
46045,140,139,1,1
46046,101,98,3,3
46047,92,84,8,8
46048,65,66,-1,1
46049,62,69,-7,7
46050,62,69,-7,7
46051,172,147,25,25
46052,82,82,0,0
46053,118,115,3,3
46054,99,95,4,4
46055,121,116,5,5
46056,108,105,3,3
46057,96,82,14,14
46058,145,125,20,20
46059,111,137,-26,26
46060,46,52,-6,6
46061,74,67,7,7
46062,96,97,-1,1
46063,60,62,-2,2
46064,110,132,-22,22
46065,78,85,-7,7
46066,114,103,11,11
46067,154,166,-12,12
46068,165,151,14,14
46069,42,46,-4,4
46070,91,86,5,5
46071,100,103,-3,3
46072,110,95,15,15
46073,67,76,-9,9
46074,68,76,-8,8
46075,137,115,22,22
46076,87,92,-5,5
46077,93,87,6,6
46078,86,91,-5,5
46079,200,198,2,2
46080,119,115,4,4
46081,176,161,15,15
46082,75,76,-1,1
46083,125,133,-8,8
46084,74,83,-9,9
46085,102,99,3,3
46086,53,57,-4,4
46087,107,101,6,6
46088,95,94,1,1
46089,120,120,0,0
46090,88,92,-4,4
46091,66,76,-10,10
46092,94,92,2,2
46093,137,137,0,0
46094,67,77,-10,10
46095,83,82,1,1
46096,56,61,-5,5
46097,139,125,14,14
46098,100,94,6,6
46099,78,92,-14,14
46100,103,101,2,2
46101,59,72,-13,13
46102,47,60,-13,13
46103,65,65,0,0
46104,112,103,9,9
46105,132,115,17,17
46106,82,93,-11,11
46107,118,120,-2,2
46108,109,95,14,14
46109,91,91,0,0
46110,67,71,-4,4
46111,83,91,-8,8
46112,79,81,-2,2
46113,26,28,-2,2
46114,44,59,-15,15
46115,71,81,-10,10
46116,86,83,3,3
46117,77,75,2,2
46118,53,57,-4,4
46119,98,93,5,5
46120,144,125,19,19
46121,89,86,3,3
46122,67,72,-5,5
46123,147,133,14,14
46124,127,131,-4,4
46125,85,90,-5,5
46126,66,66,0,0
46127,89,85,4,4
46128,89,93,-4,4
46129,75,75,0,0
46130,72,73,-1,1
46131,101,102,-1,1
46132,126,99,27,27
46133,62,64,-2,2
46134,83,84,-1,1
46135,151,141,10,10
46136,102,101,1,1
46137,215,200,15,15
46138,149,137,12,12
46139,133,127,6,6
46140,90,83,7,7
46141,100,84,16,16
46142,57,56,1,1
46143,61,64,-3,3
46144,41,40,1,1
46145,137,127,10,10
46146,164,151,13,13
46147,242,225,17,17
46148,99,102,-3,3
46149,51,57,-6,6
46150,68,69,-1,1
46151,78,75,3,3
46152,120,116,4,4
46153,87,89,-2,2
46154,105,98,7,7
46155,112,104,8,8
46156,87,95,-8,8
46157,88,91,-3,3
46158,71,72,-1,1
46159,125,118,7,7
46160,73,78,-5,5
46161,108,108,0,0
46162,76,77,-1,1
46163,45,49,-4,4
46164,100,103,-3,3
46165,76,80,-4,4
46166,158,152,6,6
46167,92,95,-3,3
46168,77,83,-6,6
46169,44,49,-5,5
46170,115,120,-5,5
46171,85,93,-8,8
46172,109,105,4,4
46173,89,94,-5,5
46174,39,49,-10,10
46175,66,71,-5,5
46176,62,71,-9,9
46177,89,97,-8,8
46178,130,124,6,6
46179,92,94,-2,2
46180,138,116,22,22
46181,118,107,11,11
46182,219,230,-11,11
46183,104,107,-3,3
46184,94,102,-8,8
46185,100,90,10,10
46186,54,55,-1,1
46187,153,134,19,19
46188,84,85,-1,1
46189,91,101,-10,10
46190,46,52,-6,6
46191,53,67,-14,14
46192,77,73,4,4
46193,80,74,6,6
46194,138,125,13,13
46195,80,75,5,5
46196,138,119,19,19
46197,141,132,9,9
46198,91,92,-1,1
46199,176,161,15,15
46200,117,116,1,1
46201,69,79,-10,10
46202,108,115,-7,7
46203,101,99,2,2
46204,135,128,7,7
46205,115,112,3,3
46206,102,105,-3,3
46207,56,66,-10,10
46208,96,97,-1,1
46209,69,72,-3,3
46210,106,112,-6,6
46211,151,151,0,0
46212,110,105,5,5
46213,112,112,0,0
46214,134,124,10,10
46215,65,68,-3,3
46216,66,70,-4,4
46217,97,102,-5,5
46218,109,111,-2,2
46219,141,129,12,12
46220,78,94,-16,16
46221,94,111,-17,17
46222,64,74,-10,10
46223,47,65,-18,18
46224,79,82,-3,3
46225,104,106,-2,2
46226,39,47,-8,8
46227,62,73,-11,11
46228,123,120,3,3
46229,144,124,20,20
46230,108,111,-3,3
46231,183,152,31,31
46232,85,91,-6,6
46233,49,56,-7,7
46234,40,49,-9,9
46235,27,46,-19,19
46236,107,105,2,2
46237,135,142,-7,7
46238,129,119,10,10
46239,77,74,3,3
46240,61,71,-10,10
46241,58,72,-14,14
46242,144,137,7,7
46243,53,59,-6,6
46244,95,104,-9,9
46245,82,77,5,5
46246,73,76,-3,3
46247,174,171,3,3
46248,101,99,2,2
46249,100,122,-22,22
46250,81,74,7,7
46251,94,93,1,1
46252,76,82,-6,6
46253,70,76,-6,6
46254,100,104,-4,4
46255,79,75,4,4
46256,83,84,-1,1
46257,90,98,-8,8
46258,136,129,7,7
46259,61,61,0,0
46260,106,110,-4,4
46261,90,93,-3,3
46262,32,40,-8,8
46263,100,108,-8,8
46264,74,71,3,3
46265,62,68,-6,6
46266,101,95,6,6
46267,104,101,3,3
46268,94,88,6,6
46269,95,101,-6,6
46270,134,132,2,2
46271,134,132,2,2
46272,77,75,2,2
46273,80,97,-17,17
46274,90,93,-3,3
46275,128,115,13,13
46276,108,108,0,0
46277,64,74,-10,10
46278,44,59,-15,15
46279,115,112,3,3
46280,49,58,-9,9
46281,64,77,-13,13
46282,64,67,-3,3
46283,128,117,11,11
46284,69,75,-6,6
46285,73,71,2,2
46286,38,46,-8,8
46287,71,73,-2,2
46288,94,98,-4,4
46289,89,93,-4,4
46290,63,69,-6,6
46291,116,107,9,9
46292,83,90,-7,7
46293,38,48,-10,10
46294,57,64,-7,7
46295,84,85,-1,1
46296,552,426,126,126
46297,75,73,2,2
46298,70,68,2,2
46299,90,103,-13,13
46300,181,196,-15,15
46301,109,117,-8,8
46302,99,108,-9,9
46303,99,99,0,0
46304,73,76,-3,3
46305,71,75,-4,4
46306,125,125,0,0
46307,142,143,-1,1
46308,125,117,8,8
46309,99,95,4,4
46310,127,118,9,9
46311,134,114,20,20
46312,87,84,3,3
46313,99,106,-7,7
46314,116,123,-7,7
46315,57,66,-9,9
46316,160,148,12,12
46317,104,100,4,4
46318,106,105,1,1
46319,82,91,-9,9
46320,149,136,13,13
46321,122,124,-2,2
46322,46,57,-11,11
46323,44,58,-14,14
46324,47,60,-13,13
46325,46,71,-25,25
46326,103,107,-4,4
46327,118,117,1,1
46328,62,68,-6,6
46329,61,72,-11,11
46330,90,94,-4,4
46331,87,82,5,5
46332,163,142,21,21
46333,108,109,-1,1
46334,68,69,-1,1
46335,128,120,8,8
46336,132,149,-17,17
46337,48,56,-8,8
46338,66,66,0,0
46339,62,72,-10,10
46340,77,89,-12,12
46341,47,65,-18,18
46342,124,118,6,6
46343,95,104,-9,9
46344,65,64,1,1
46345,70,76,-6,6
46346,133,128,5,5
46347,98,102,-4,4
46348,138,140,-2,2
46349,93,99,-6,6
46350,136,127,9,9
46351,119,112,7,7
46352,102,111,-9,9
46353,106,123,-17,17
46354,75,78,-3,3
46355,58,60,-2,2
46356,130,113,17,17
46357,85,90,-5,5
46358,102,109,-7,7
46359,66,69,-3,3
46360,83,100,-17,17
46361,85,90,-5,5
46362,122,119,3,3
46363,107,109,-2,2
46364,68,76,-8,8
46365,58,65,-7,7
46366,87,84,3,3
46367,67,73,-6,6
46368,74,81,-7,7
46369,68,68,0,0
46370,104,95,9,9
46371,158,153,5,5
46372,131,116,15,15
46373,103,105,-2,2
46374,109,112,-3,3
46375,64,64,0,0
46376,123,108,15,15
46377,111,104,7,7
46378,38,45,-7,7
46379,59,58,1,1
46380,46,65,-19,19
46381,101,108,-7,7
46382,149,139,10,10
46383,116,112,4,4
46384,62,82,-20,20
46385,78,84,-6,6
46386,92,90,2,2
46387,109,105,4,4
46388,94,99,-5,5
46389,107,111,-4,4
46390,75,83,-8,8
46391,64,73,-9,9
46392,30,42,-12,12
46393,127,127,0,0
46394,67,69,-2,2
46395,109,108,1,1
46396,187,165,22,22
46397,90,97,-7,7
46398,123,121,2,2
46399,72,71,1,1
46400,124,123,1,1
46401,110,109,1,1
46402,108,114,-6,6
46403,65,71,-6,6
46404,116,115,1,1
46405,77,92,-15,15
46406,40,50,-10,10
46407,108,108,0,0
46408,159,150,9,9
46409,60,64,-4,4
46410,116,106,10,10
46411,124,138,-14,14
46412,94,100,-6,6
46413,90,82,8,8
46414,30,37,-7,7
46415,89,90,-1,1
46416,89,85,4,4
46417,111,122,-11,11
46418,84,85,-1,1
46419,49,56,-7,7
46420,75,68,7,7
46421,136,115,21,21
46422,41,38,3,3
46423,72,72,0,0
46424,173,162,11,11
46425,70,76,-6,6
46426,90,95,-5,5
46427,153,151,2,2
46428,138,144,-6,6
46429,147,142,5,5
46430,116,132,-16,16
46431,148,140,8,8
46432,117,113,4,4
46433,103,103,0,0
46434,123,116,7,7
46435,151,137,14,14
46436,126,124,2,2
46437,105,114,-9,9
46438,111,113,-2,2
46439,71,67,4,4
46440,99,112,-13,13
46441,59,71,-12,12
46442,104,101,3,3
46443,60,61,-1,1
46444,88,91,-3,3
46445,63,64,-1,1
46446,186,173,13,13
46447,97,92,5,5
46448,128,119,9,9
46449,162,144,18,18
46450,74,74,0,0
46451,92,91,1,1
46452,153,144,9,9
46453,97,96,1,1
46454,116,115,1,1
46455,161,135,26,26
46456,73,80,-7,7
46457,107,108,-1,1
46458,112,124,-12,12
46459,89,91,-2,2
46460,92,91,1,1
46461,83,84,-1,1
46462,108,118,-10,10
46463,108,110,-2,2
46464,49,51,-2,2
46465,64,68,-4,4
46466,109,116,-7,7
46467,52,54,-2,2
46468,139,137,2,2
46469,90,93,-3,3
46470,90,93,-3,3
46471,70,76,-6,6
46472,97,103,-6,6
46473,56,62,-6,6
46474,64,76,-12,12
46475,67,67,0,0
46476,48,57,-9,9
46477,69,69,0,0
46478,93,98,-5,5
46479,144,137,7,7
46480,145,150,-5,5
46481,142,146,-4,4
46482,150,145,5,5
46483,58,57,1,1
46484,120,107,13,13
46485,102,100,2,2
46486,142,144,-2,2
46487,100,104,-4,4
46488,125,125,0,0
46489,84,97,-13,13
46490,123,124,-1,1
46491,145,151,-6,6
46492,86,92,-6,6
46493,73,74,-1,1
46494,97,95,2,2
46495,57,64,-7,7
46496,122,120,2,2
46497,71,68,3,3
46498,99,99,0,0
46499,83,75,8,8
46500,165,153,12,12
46501,193,172,21,21
46502,104,99,5,5
46503,110,120,-10,10
46504,65,65,0,0
46505,72,78,-6,6
46506,76,77,-1,1
46507,173,164,9,9
46508,76,93,-17,17
46509,95,93,2,2
46510,96,95,1,1
46511,82,80,2,2
46512,91,104,-13,13
46513,88,85,3,3
46514,104,105,-1,1
46515,114,117,-3,3
46516,109,104,5,5
46517,74,76,-2,2
46518,137,126,11,11
46519,93,95,-2,2
46520,88,92,-4,4
46521,55,69,-14,14
46522,72,75,-3,3
46523,71,92,-21,21
46524,110,98,12,12
46525,114,112,2,2
46526,128,132,-4,4
46527,65,71,-6,6
46528,114,117,-3,3
46529,97,97,0,0
46530,117,142,-25,25
46531,72,76,-4,4
46532,92,91,1,1
46533,64,64,0,0
46534,125,129,-4,4
46535,99,99,0,0
46536,56,68,-12,12
46537,54,60,-6,6
46538,122,120,2,2
46539,178,174,4,4
46540,179,164,15,15
46541,80,81,-1,1
46542,109,103,6,6
46543,83,87,-4,4
46544,103,100,3,3
46545,61,70,-9,9
46546,125,117,8,8
46547,96,92,4,4
46548,96,115,-19,19
46549,97,98,-1,1
46550,108,93,15,15
46551,89,94,-5,5
46552,55,56,-1,1
46553,87,127,-40,40
46554,49,57,-8,8
46555,94,97,-3,3
46556,93,116,-23,23
46557,75,79,-4,4
46558,65,72,-7,7
46559,52,53,-1,1
46560,83,82,1,1
46561,123,107,16,16
46562,92,92,0,0
46563,74,82,-8,8
46564,109,99,10,10
46565,52,63,-11,11
46566,76,69,7,7
46567,116,110,6,6
46568,83,75,8,8
46569,82,82,0,0
46570,144,133,11,11
46571,35,44,-9,9
46572,155,149,6,6
46573,136,128,8,8
46574,123,117,6,6
46575,81,81,0,0
46576,66,76,-10,10
46577,131,118,13,13
46578,133,116,17,17
46579,71,72,-1,1
46580,82,84,-2,2
46581,82,85,-3,3
46582,42,46,-4,4
46583,137,146,-9,9
46584,140,159,-19,19
46585,58,69,-11,11
46586,117,105,12,12
46587,69,85,-16,16
46588,85,91,-6,6
46589,52,43,9,9
46590,87,101,-14,14
46591,135,139,-4,4
46592,64,68,-4,4
46593,129,111,18,18
46594,190,182,8,8
46595,68,75,-7,7
46596,82,76,6,6
46597,75,82,-7,7
46598,149,128,21,21
46599,84,84,0,0
46600,54,58,-4,4
46601,98,98,0,0
46602,99,91,8,8
46603,125,123,2,2
46604,86,92,-6,6
46605,95,94,1,1
46606,75,81,-6,6
46607,80,76,4,4
46608,118,117,1,1
46609,91,86,5,5
46610,106,102,4,4
46611,85,95,-10,10
46612,153,142,11,11
46613,103,104,-1,1
46614,159,154,5,5
46615,69,70,-1,1
46616,166,130,36,36
46617,109,104,5,5
46618,133,122,11,11
46619,191,168,23,23
46620,113,98,15,15
46621,124,110,14,14
46622,139,132,7,7
46623,88,82,6,6
46624,43,36,7,7
46625,71,77,-6,6
46626,116,111,5,5
46627,115,106,9,9
46628,118,116,2,2
46629,62,65,-3,3
46630,106,108,-2,2
46631,116,129,-13,13
46632,137,126,11,11
46633,201,172,29,29
46634,53,61,-8,8
46635,73,79,-6,6
46636,46,57,-11,11
46637,90,91,-1,1
46638,126,127,-1,1
46639,113,115,-2,2
46640,80,75,5,5
46641,102,94,8,8
46642,161,139,22,22
46643,103,107,-4,4
46644,119,132,-13,13
46645,54,68,-14,14
46646,159,144,15,15
46647,87,81,6,6
46648,59,59,0,0
46649,59,71,-12,12
46650,90,90,0,0
46651,59,66,-7,7
46652,104,101,3,3
46653,131,136,-5,5
46654,60,61,-1,1
46655,68,68,0,0
46656,86,85,1,1
46657,88,85,3,3
46658,146,143,3,3
46659,62,65,-3,3
46660,152,148,4,4
46661,104,103,1,1
46662,67,69,-2,2
46663,102,105,-3,3
46664,96,102,-6,6
46665,99,107,-8,8
46666,99,106,-7,7
46667,76,80,-4,4
46668,97,99,-2,2
46669,83,93,-10,10
46670,112,113,-1,1
46671,63,69,-6,6
46672,136,141,-5,5
46673,74,78,-4,4
46674,172,148,24,24
46675,136,116,20,20
46676,120,126,-6,6
46677,116,119,-3,3
46678,126,121,5,5
46679,114,108,6,6
46680,72,76,-4,4
46681,104,103,1,1
46682,147,148,-1,1
46683,103,104,-1,1
46684,81,74,7,7
46685,80,85,-5,5
46686,101,102,-1,1
46687,125,111,14,14
46688,92,71,21,21
46689,84,83,1,1
46690,80,109,-29,29
46691,150,141,9,9
46692,61,67,-6,6
46693,112,107,5,5
46694,112,106,6,6
46695,67,63,4,4
46696,137,132,5,5
46697,58,66,-8,8
46698,105,104,1,1
46699,88,94,-6,6
46700,76,75,1,1
46701,88,82,6,6
46702,108,112,-4,4
46703,97,95,2,2
46704,141,139,2,2
46705,64,82,-18,18
46706,51,60,-9,9
46707,101,97,4,4
46708,158,154,4,4
46709,97,97,0,0
46710,79,87,-8,8
46711,69,71,-2,2
46712,97,105,-8,8
46713,90,93,-3,3
46714,85,96,-11,11
46715,90,91,-1,1
46716,120,112,8,8
46717,61,68,-7,7
46718,145,142,3,3
46719,77,82,-5,5
46720,49,56,-7,7
46721,81,85,-4,4
46722,70,74,-4,4
46723,107,97,10,10
46724,87,87,0,0
46725,66,71,-5,5
46726,108,108,0,0
46727,86,84,2,2
46728,68,71,-3,3
46729,84,75,9,9
46730,72,76,-4,4
46731,67,74,-7,7
46732,73,75,-2,2
46733,81,87,-6,6
46734,65,61,4,4
46735,130,108,22,22
46736,47,49,-2,2
46737,117,119,-2,2
46738,141,124,17,17
46739,204,171,33,33
46740,85,85,0,0
46741,116,123,-7,7
46742,118,109,9,9
46743,110,111,-1,1
46744,100,100,0,0
46745,93,95,-2,2
46746,53,53,0,0
46747,86,81,5,5
46748,70,74,-4,4
46749,80,83,-3,3
46750,146,143,3,3
46751,72,74,-2,2
46752,154,149,5,5
46753,206,202,4,4
46754,72,76,-4,4
46755,141,132,9,9
46756,83,104,-21,21
46757,141,144,-3,3
46758,97,104,-7,7
46759,137,130,7,7
46760,124,126,-2,2
46761,84,90,-6,6
46762,102,115,-13,13
46763,22,58,-36,36
46764,97,103,-6,6
46765,59,60,-1,1
46766,124,126,-2,2
46767,198,191,7,7
46768,93,84,9,9
46769,96,98,-2,2
46770,99,93,6,6
46771,191,155,36,36
46772,88,85,3,3
46773,88,84,4,4
46774,114,110,4,4
46775,85,97,-12,12
46776,85,74,11,11
46777,63,71,-8,8
46778,129,108,21,21
46779,142,155,-13,13
46780,66,76,-10,10
46781,64,64,0,0
46782,72,72,0,0
46783,143,142,1,1
46784,73,69,4,4
46785,92,93,-1,1
46786,80,82,-2,2
46787,123,117,6,6
46788,67,75,-8,8
46789,87,104,-17,17
46790,81,68,13,13
46791,77,104,-27,27
46792,70,70,0,0
46793,120,122,-2,2
46794,119,122,-3,3
46795,116,119,-3,3
46796,193,190,3,3
46797,90,98,-8,8
46798,113,128,-15,15
46799,109,103,6,6
46800,85,86,-1,1
46801,63,69,-6,6
46802,56,61,-5,5
46803,131,134,-3,3
46804,108,107,1,1
46805,58,65,-7,7
46806,57,67,-10,10
46807,98,121,-23,23
46808,86,106,-20,20
46809,60,64,-4,4
46810,54,65,-11,11
46811,160,142,18,18
46812,91,102,-11,11
46813,179,149,30,30
46814,68,89,-21,21
46815,143,136,7,7
46816,86,76,10,10
46817,115,122,-7,7
46818,139,122,17,17
46819,95,97,-2,2
46820,66,81,-15,15
46821,66,68,-2,2
46822,143,138,5,5
46823,87,89,-2,2
46824,85,95,-10,10
46825,77,83,-6,6
46826,77,75,2,2
46827,91,83,8,8
46828,80,83,-3,3
46829,23,26,-3,3
46830,92,93,-1,1
46831,109,103,6,6
46832,115,109,6,6
46833,93,96,-3,3
46834,67,72,-5,5
46835,150,146,4,4
46836,78,71,7,7
46837,159,155,4,4
46838,124,106,18,18
46839,93,103,-10,10
46840,133,135,-2,2
46841,79,91,-12,12
46842,62,65,-3,3
46843,73,73,0,0
46844,66,68,-2,2
46845,69,69,0,0
46846,146,158,-12,12
46847,73,74,-1,1
46848,91,104,-13,13
46849,67,67,0,0
46850,80,100,-20,20
46851,96,95,1,1
46852,75,73,2,2
46853,72,86,-14,14
46854,87,87,0,0
46855,93,85,8,8
46856,115,107,8,8
46857,142,134,8,8
46858,168,135,33,33
46859,149,137,12,12
46860,91,94,-3,3
46861,69,74,-5,5
46862,112,111,1,1
46863,83,82,1,1
46864,63,61,2,2
46865,84,87,-3,3
46866,113,105,8,8
46867,98,99,-1,1
46868,174,169,5,5
46869,103,98,5,5
46870,32,73,-41,41
46871,126,127,-1,1
46872,132,130,2,2
46873,49,51,-2,2
46874,107,106,1,1
46875,121,129,-8,8
46876,132,128,4,4
46877,75,75,0,0
46878,71,77,-6,6
46879,69,82,-13,13
46880,158,143,15,15
46881,73,73,0,0
46882,146,128,18,18
46883,49,63,-14,14
46884,124,120,4,4
46885,71,70,1,1
46886,43,48,-5,5
46887,94,100,-6,6
46888,120,126,-6,6
46889,107,105,2,2
46890,83,76,7,7
46891,111,106,5,5
46892,79,84,-5,5
46893,93,101,-8,8
46894,130,126,4,4
46895,119,113,6,6
46896,80,75,5,5
46897,80,73,7,7
46898,76,75,1,1
46899,101,105,-4,4
46900,131,126,5,5
46901,91,98,-7,7
46902,81,91,-10,10
46903,102,105,-3,3
46904,108,95,13,13
46905,79,79,0,0
46906,121,109,12,12
46907,135,138,-3,3
46908,68,82,-14,14
46909,104,113,-9,9
46910,44,47,-3,3
46911,103,107,-4,4
46912,136,138,-2,2
46913,107,94,13,13
46914,78,93,-15,15
46915,75,81,-6,6
46916,37,41,-4,4
46917,24,30,-6,6
46918,166,162,4,4
46919,134,124,10,10
46920,116,116,0,0
46921,85,84,1,1
46922,130,129,1,1
46923,150,140,10,10
46924,103,99,4,4
46925,92,92,0,0
46926,127,128,-1,1
46927,72,81,-9,9
46928,95,103,-8,8
46929,56,60,-4,4
46930,170,147,23,23
46931,106,100,6,6
46932,78,83,-5,5
46933,135,137,-2,2
46934,113,107,6,6
46935,191,179,12,12
46936,61,69,-8,8
46937,95,87,8,8
46938,119,116,3,3
46939,114,102,12,12
46940,88,91,-3,3
46941,71,72,-1,1
46942,76,74,2,2
46943,50,61,-11,11
46944,69,72,-3,3
46945,51,75,-24,24
46946,74,86,-12,12
46947,79,80,-1,1
46948,74,82,-8,8
46949,113,117,-4,4
46950,99,108,-9,9
46951,86,90,-4,4
46952,91,93,-2,2
46953,83,101,-18,18
46954,106,103,3,3
46955,66,69,-3,3
46956,74,71,3,3
46957,78,76,2,2
46958,101,104,-3,3
46959,78,87,-9,9
46960,91,104,-13,13
46961,94,101,-7,7
46962,86,91,-5,5
46963,64,71,-7,7
46964,98,84,14,14
46965,100,112,-12,12
46966,148,135,13,13
46967,96,104,-8,8
46968,135,121,14,14
46969,123,134,-11,11
46970,65,70,-5,5
46971,86,84,2,2
46972,86,90,-4,4
46973,93,94,-1,1
46974,106,105,1,1
46975,122,115,7,7
46976,75,90,-15,15
46977,86,84,2,2
46978,51,57,-6,6
46979,56,63,-7,7
46980,125,132,-7,7
46981,92,92,0,0
46982,108,118,-10,10
46983,151,142,9,9
46984,83,90,-7,7
46985,66,75,-9,9
46986,138,124,14,14
46987,120,122,-2,2
46988,79,74,5,5
46989,86,97,-11,11
46990,163,161,2,2
46991,112,115,-3,3
46992,98,92,6,6
46993,40,72,-32,32
46994,85,93,-8,8
46995,73,81,-8,8
46996,84,96,-12,12
46997,127,130,-3,3
46998,113,106,7,7
46999,116,107,9,9
47000,91,100,-9,9
47001,91,76,15,15
47002,50,57,-7,7
47003,78,84,-6,6
47004,90,95,-5,5
47005,125,119,6,6
47006,84,91,-7,7
47007,79,77,2,2
47008,69,69,0,0
47009,115,104,11,11
47010,227,242,-15,15
47011,107,109,-2,2
47012,136,159,-23,23
47013,88,86,2,2
47014,117,116,1,1
47015,81,92,-11,11
47016,150,142,8,8
47017,101,122,-21,21
47018,169,157,12,12
47019,75,82,-7,7
47020,146,147,-1,1
47021,96,94,2,2
47022,66,68,-2,2
47023,73,75,-2,2
47024,85,98,-13,13
47025,104,92,12,12
47026,53,60,-7,7
47027,148,160,-12,12
47028,119,113,6,6
47029,45,47,-2,2
47030,72,74,-2,2
47031,126,130,-4,4
47032,64,66,-2,2
47033,119,116,3,3
47034,89,101,-12,12
47035,139,135,4,4
47036,111,115,-4,4
47037,100,104,-4,4
47038,82,86,-4,4
47039,138,132,6,6
47040,47,52,-5,5
47041,167,151,16,16
47042,63,67,-4,4
47043,118,113,5,5
47044,201,200,1,1
47045,82,91,-9,9
47046,91,99,-8,8
47047,81,85,-4,4
47048,91,91,0,0
47049,119,112,7,7
47050,88,83,5,5
47051,76,80,-4,4
47052,86,91,-5,5
47053,47,55,-8,8
47054,134,140,-6,6
47055,96,98,-2,2
47056,82,86,-4,4
47057,82,79,3,3
47058,89,94,-5,5
47059,99,106,-7,7
47060,93,99,-6,6
47061,87,92,-5,5
47062,62,73,-11,11
47063,58,60,-2,2
47064,82,91,-9,9
47065,142,142,0,0
47066,101,102,-1,1
47067,127,118,9,9
47068,46,49,-3,3
47069,116,108,8,8
47070,54,62,-8,8
47071,71,73,-2,2
47072,121,138,-17,17
47073,80,82,-2,2
47074,86,85,1,1
47075,119,115,4,4
47076,71,77,-6,6
47077,171,155,16,16
47078,126,110,16,16
47079,57,60,-3,3
47080,99,100,-1,1
47081,55,64,-9,9
47082,77,82,-5,5
47083,110,105,5,5
47084,77,104,-27,27
47085,111,108,3,3
47086,164,162,2,2
47087,104,98,6,6
47088,85,91,-6,6
47089,75,79,-4,4
47090,119,110,9,9
47091,82,90,-8,8
47092,122,111,11,11
47093,111,110,1,1
47094,102,100,2,2
47095,54,57,-3,3
47096,96,98,-2,2
47097,65,71,-6,6
47098,135,137,-2,2
47099,79,75,4,4
47100,92,83,9,9
47101,56,64,-8,8
47102,109,95,14,14
47103,124,125,-1,1
47104,65,73,-8,8
47105,84,91,-7,7
47106,107,103,4,4
47107,114,110,4,4
47108,92,90,2,2
47109,129,123,6,6
47110,159,146,13,13
47111,80,87,-7,7
47112,106,105,1,1
47113,76,82,-6,6
47114,81,92,-11,11
47115,115,116,-1,1
47116,89,101,-12,12
47117,66,72,-6,6
47118,49,60,-11,11
47119,74,74,0,0
47120,77,75,2,2
47121,98,96,2,2
47122,181,166,15,15
47123,65,66,-1,1
47124,125,117,8,8
47125,120,125,-5,5
47126,92,84,8,8
47127,125,117,8,8
47128,97,99,-2,2
47129,113,100,13,13
47130,69,76,-7,7
47131,41,51,-10,10
47132,112,112,0,0
47133,93,86,7,7
47134,77,75,2,2
47135,114,127,-13,13
47136,90,91,-1,1
47137,119,120,-1,1
47138,85,96,-11,11
47139,99,105,-6,6
47140,113,93,20,20
47141,112,117,-5,5
47142,43,52,-9,9
47143,73,75,-2,2
47144,149,145,4,4
47145,72,77,-5,5
47146,62,67,-5,5
47147,74,75,-1,1
47148,197,182,15,15
47149,93,104,-11,11
47150,103,81,22,22
47151,96,93,3,3
47152,191,161,30,30
47153,116,113,3,3
47154,75,74,1,1
47155,99,105,-6,6
47156,94,84,10,10
47157,124,129,-5,5
47158,83,83,0,0
47159,131,125,6,6
47160,108,97,11,11
47161,108,118,-10,10
47162,77,77,0,0
47163,77,71,6,6
47164,126,116,10,10
47165,59,83,-24,24
47166,101,109,-8,8
47167,121,118,3,3
47168,116,118,-2,2
47169,124,116,8,8
47170,69,66,3,3
47171,160,150,10,10
47172,67,80,-13,13
47173,111,117,-6,6
47174,80,99,-19,19
47175,44,51,-7,7
47176,89,93,-4,4
47177,92,92,0,0
47178,105,110,-5,5
47179,113,104,9,9
47180,83,85,-2,2
47181,54,58,-4,4
47182,47,54,-7,7
47183,105,101,4,4
47184,65,64,1,1
47185,118,112,6,6
47186,115,104,11,11
47187,92,101,-9,9
47188,69,61,8,8
47189,42,51,-9,9
47190,64,63,1,1
47191,119,122,-3,3
47192,142,129,13,13
47193,117,107,10,10
47194,67,74,-7,7
47195,157,146,11,11
47196,57,67,-10,10
47197,122,109,13,13
47198,84,77,7,7
47199,112,117,-5,5
47200,96,98,-2,2
47201,75,71,4,4
47202,86,90,-4,4
47203,168,151,17,17
47204,128,109,19,19
47205,111,128,-17,17
47206,95,103,-8,8
47207,74,90,-16,16
47208,101,91,10,10
47209,69,69,0,0
47210,160,156,4,4
47211,139,128,11,11
47212,24,65,-41,41
47213,89,86,3,3
47214,102,105,-3,3
47215,49,53,-4,4
47216,94,107,-13,13
47217,76,71,5,5
47218,170,148,22,22
47219,158,151,7,7
47220,31,59,-28,28
47221,66,70,-4,4
47222,106,95,11,11
47223,60,75,-15,15
47224,77,84,-7,7
47225,68,71,-3,3
47226,129,126,3,3
47227,60,65,-5,5
47228,106,107,-1,1
47229,64,63,1,1
47230,67,69,-2,2
47231,85,92,-7,7
47232,79,74,5,5
47233,175,165,10,10
47234,20,63,-43,43
47235,169,150,19,19
47236,90,98,-8,8
47237,74,78,-4,4
47238,68,83,-15,15
47239,52,65,-13,13
47240,81,91,-10,10
47241,106,113,-7,7
47242,113,111,2,2
47243,64,69,-5,5
47244,98,101,-3,3
47245,120,122,-2,2
47246,85,85,0,0
47247,70,67,3,3
47248,121,114,7,7
47249,132,119,13,13
47250,50,50,0,0
47251,68,82,-14,14
47252,55,61,-6,6
47253,122,115,7,7
47254,107,99,8,8
47255,69,74,-5,5
47256,115,111,4,4
47257,118,115,3,3
47258,184,205,-21,21
47259,78,93,-15,15
47260,47,57,-10,10
47261,65,66,-1,1
47262,109,98,11,11
47263,89,83,6,6
47264,141,139,2,2
47265,68,93,-25,25
47266,167,148,19,19
47267,68,79,-11,11
47268,86,92,-6,6
47269,93,95,-2,2
47270,91,94,-3,3
47271,65,74,-9,9
47272,132,130,2,2
47273,91,97,-6,6
47274,71,69,2,2
47275,71,70,1,1
47276,120,117,3,3
47277,118,112,6,6
47278,117,117,0,0
47279,157,157,0,0
47280,73,77,-4,4
47281,108,110,-2,2
47282,82,74,8,8
47283,122,116,6,6
47284,143,142,1,1
47285,172,161,11,11
47286,76,68,8,8
47287,130,133,-3,3
47288,61,63,-2,2
47289,65,73,-8,8
47290,128,119,9,9
47291,98,97,1,1
47292,161,167,-6,6
47293,56,60,-4,4
47294,97,134,-37,37
47295,176,196,-20,20
47296,125,120,5,5
47297,115,109,6,6
47298,81,84,-3,3
47299,103,104,-1,1
47300,53,58,-5,5
47301,173,166,7,7
47302,132,122,10,10
47303,129,120,9,9
47304,120,117,3,3
47305,123,111,12,12
47306,203,158,45,45
47307,59,55,4,4
47308,67,73,-6,6
47309,132,117,15,15
47310,182,161,21,21
47311,143,142,1,1
47312,97,91,6,6
47313,91,92,-1,1
47314,96,105,-9,9
47315,91,93,-2,2
47316,87,89,-2,2
47317,143,149,-6,6
47318,65,60,5,5
47319,78,72,6,6
47320,78,77,1,1
47321,140,141,-1,1
47322,93,97,-4,4
47323,52,57,-5,5
47324,95,103,-8,8
47325,96,92,4,4
47326,72,76,-4,4
47327,113,114,-1,1
47328,97,92,5,5
47329,77,82,-5,5
47330,71,76,-5,5
47331,58,59,-1,1
47332,72,72,0,0
47333,210,181,29,29
47334,97,95,2,2
47335,141,141,0,0
47336,130,132,-2,2
47337,105,108,-3,3
47338,66,76,-10,10
47339,78,90,-12,12
47340,96,103,-7,7
47341,120,116,4,4
47342,57,64,-7,7
47343,162,152,10,10
47344,134,134,0,0
47345,161,146,15,15
47346,171,165,6,6
47347,91,100,-9,9
47348,46,52,-6,6
47349,128,119,9,9
47350,113,99,14,14
47351,96,93,3,3
47352,55,59,-4,4
47353,101,106,-5,5
47354,146,140,6,6
47355,83,121,-38,38
47356,41,49,-8,8
47357,117,113,4,4
47358,118,125,-7,7
47359,89,96,-7,7
47360,88,92,-4,4
47361,37,38,-1,1
47362,68,75,-7,7
47363,53,50,3,3
47364,106,101,5,5
47365,125,117,8,8
47366,79,81,-2,2
47367,100,98,2,2
47368,99,108,-9,9
47369,99,102,-3,3
47370,130,126,4,4
47371,75,87,-12,12
47372,101,99,2,2
47373,90,92,-2,2
47374,154,139,15,15
47375,116,112,4,4
47376,60,76,-16,16
47377,144,142,2,2
47378,75,79,-4,4
47379,110,107,3,3
47380,124,125,-1,1
47381,79,93,-14,14
47382,38,42,-4,4
47383,90,92,-2,2
47384,84,76,8,8
47385,76,84,-8,8
47386,88,93,-5,5
47387,124,126,-2,2
47388,76,85,-9,9
47389,84,81,3,3
47390,75,76,-1,1
47391,78,77,1,1
47392,48,58,-10,10
47393,70,78,-8,8
47394,125,115,10,10
47395,129,129,0,0
47396,75,71,4,4
47397,91,103,-12,12
47398,108,106,2,2
47399,100,96,4,4
47400,56,72,-16,16
47401,140,123,17,17
47402,62,64,-2,2
47403,224,183,41,41
47404,109,117,-8,8
47405,159,157,2,2
47406,90,97,-7,7
47407,125,120,5,5
47408,96,104,-8,8
47409,74,91,-17,17
47410,109,114,-5,5
47411,84,88,-4,4
47412,50,53,-3,3
47413,146,139,7,7
47414,116,105,11,11
47415,93,90,3,3
47416,92,91,1,1
47417,72,69,3,3
47418,159,139,20,20
47419,79,76,3,3
47420,117,112,5,5
47421,92,86,6,6
47422,102,102,0,0
47423,61,65,-4,4
47424,55,55,0,0
47425,91,81,10,10
47426,94,94,0,0
47427,64,71,-7,7
47428,121,116,5,5
47429,50,56,-6,6
47430,91,87,4,4
47431,87,92,-5,5
47432,100,98,2,2
47433,60,60,0,0
47434,139,138,1,1
47435,77,76,1,1
47436,54,59,-5,5
47437,117,99,18,18
47438,105,116,-11,11
47439,105,102,3,3
47440,78,81,-3,3
47441,108,98,10,10
47442,111,118,-7,7
47443,112,115,-3,3
47444,69,72,-3,3
47445,100,107,-7,7
47446,96,100,-4,4
47447,31,41,-10,10
47448,75,74,1,1
47449,68,73,-5,5
47450,53,63,-10,10
47451,63,70,-7,7
47452,85,82,3,3
47453,126,127,-1,1
47454,107,105,2,2
47455,130,124,6,6
47456,65,67,-2,2
47457,73,76,-3,3
47458,107,110,-3,3
47459,121,123,-2,2
47460,99,104,-5,5
47461,92,95,-3,3
47462,170,161,9,9
47463,85,72,13,13
47464,142,134,8,8
47465,86,90,-4,4
47466,63,67,-4,4
47467,121,110,11,11
47468,84,98,-14,14
47469,66,67,-1,1
47470,60,61,-1,1
47471,68,68,0,0
47472,113,127,-14,14
47473,101,101,0,0
47474,48,57,-9,9
47475,154,149,5,5
47476,160,151,9,9
47477,102,97,5,5
47478,94,97,-3,3
47479,84,82,2,2
47480,107,111,-4,4
47481,66,73,-7,7
47482,87,93,-6,6
47483,84,75,9,9
47484,86,93,-7,7
47485,101,66,35,35
47486,83,81,2,2
47487,70,66,4,4
47488,104,94,10,10
47489,78,75,3,3
47490,69,71,-2,2
47491,172,158,14,14
47492,66,76,-10,10
47493,96,94,2,2
47494,73,75,-2,2
47495,122,130,-8,8
47496,66,75,-9,9
47497,78,83,-5,5
47498,70,120,-50,50
47499,62,70,-8,8
47500,64,68,-4,4
47501,189,169,20,20
47502,101,104,-3,3
47503,83,90,-7,7
47504,88,82,6,6
47505,108,104,4,4
47506,109,109,0,0
47507,50,51,-1,1
47508,100,95,5,5
47509,98,95,3,3
47510,74,71,3,3
47511,151,133,18,18
47512,67,73,-6,6
47513,145,130,15,15
47514,99,99,0,0
47515,79,81,-2,2
47516,66,75,-9,9
47517,87,84,3,3
47518,104,93,11,11
47519,75,73,2,2
47520,81,75,6,6
47521,79,88,-9,9
47522,82,83,-1,1
47523,202,178,24,24
47524,64,65,-1,1
47525,142,135,7,7
47526,77,34,43,43
47527,95,110,-15,15
47528,127,129,-2,2
47529,89,96,-7,7
47530,136,142,-6,6
47531,63,70,-7,7
47532,123,120,3,3
47533,113,107,6,6
47534,98,100,-2,2
47535,136,118,18,18
47536,124,116,8,8
47537,124,116,8,8
47538,162,147,15,15
47539,81,99,-18,18
47540,93,94,-1,1
47541,83,92,-9,9
47542,127,111,16,16
47543,60,57,3,3
47544,83,89,-6,6
47545,60,63,-3,3
47546,103,109,-6,6
47547,93,79,14,14
47548,78,82,-4,4
47549,97,92,5,5
47550,73,73,0,0
47551,128,118,10,10
47552,92,99,-7,7
47553,37,43,-6,6
47554,154,145,9,9
47555,60,67,-7,7
47556,94,94,0,0
47557,103,101,2,2
47558,72,76,-4,4
47559,65,74,-9,9
47560,85,91,-6,6
47561,111,105,6,6
47562,88,96,-8,8
47563,110,102,8,8
47564,102,101,1,1
47565,59,64,-5,5
47566,89,83,6,6
47567,113,101,12,12
47568,65,77,-12,12
47569,148,142,6,6
47570,83,91,-8,8
47571,81,83,-2,2
47572,88,92,-4,4
47573,67,74,-7,7
47574,44,54,-10,10
47575,98,104,-6,6
47576,89,91,-2,2
47577,85,91,-6,6
47578,165,143,22,22
47579,58,72,-14,14
47580,118,113,5,5
47581,138,119,19,19
47582,85,83,2,2
47583,77,81,-4,4
47584,58,61,-3,3
47585,78,74,4,4
47586,94,109,-15,15
47587,51,61,-10,10
47588,109,115,-6,6
47589,72,81,-9,9
47590,71,73,-2,2
47591,83,94,-11,11
47592,97,96,1,1
47593,81,92,-11,11
47594,192,200,-8,8
47595,152,144,8,8
47596,101,101,0,0
47597,65,63,2,2
47598,77,82,-5,5
47599,130,118,12,12
47600,124,100,24,24
47601,89,94,-5,5
47602,105,110,-5,5
47603,85,83,2,2
47604,147,145,2,2
47605,108,119,-11,11
47606,86,91,-5,5
47607,66,72,-6,6
47608,62,65,-3,3
47609,74,71,3,3
47610,144,121,23,23
47611,77,76,1,1
47612,53,50,3,3
47613,81,76,5,5
47614,121,116,5,5
47615,71,69,2,2
47616,75,66,9,9
47617,105,98,7,7
47618,98,104,-6,6
47619,133,131,2,2
47620,115,116,-1,1
47621,56,64,-8,8
47622,139,129,10,10
47623,108,110,-2,2
47624,207,177,30,30
47625,43,62,-19,19
47626,135,123,12,12
47627,122,119,3,3
47628,61,69,-8,8
47629,97,91,6,6
47630,77,76,1,1
47631,123,105,18,18
47632,59,68,-9,9
47633,113,118,-5,5
47634,125,120,5,5
47635,88,93,-5,5
47636,72,71,1,1
47637,137,137,0,0
47638,113,104,9,9
47639,112,107,5,5
47640,60,67,-7,7
47641,106,106,0,0
47642,143,139,4,4
47643,91,93,-2,2
47644,95,92,3,3
47645,155,136,19,19
47646,106,107,-1,1
47647,103,116,-13,13
47648,142,128,14,14
47649,76,72,4,4
47650,115,117,-2,2
47651,96,122,-26,26
47652,103,99,4,4
47653,106,107,-1,1
47654,67,68,-1,1
47655,100,100,0,0
47656,103,97,6,6
47657,72,77,-5,5
47658,142,132,10,10
47659,32,52,-20,20
47660,137,142,-5,5
47661,57,70,-13,13
47662,69,75,-6,6
47663,47,52,-5,5
47664,82,92,-10,10
47665,113,104,9,9
47666,81,91,-10,10
47667,96,97,-1,1
47668,67,70,-3,3
47669,138,127,11,11
47670,73,71,2,2
47671,62,82,-20,20
47672,45,58,-13,13
47673,106,103,3,3
47674,65,68,-3,3
47675,79,82,-3,3
47676,109,119,-10,10
47677,147,140,7,7
47678,67,66,1,1
47679,94,92,2,2
47680,73,75,-2,2
47681,57,69,-12,12
47682,124,114,10,10
47683,68,71,-3,3
47684,89,81,8,8
47685,105,98,7,7
47686,64,78,-14,14
47687,78,86,-8,8
47688,108,103,5,5
47689,171,165,6,6
47690,92,85,7,7
47691,63,70,-7,7
47692,66,73,-7,7
47693,85,92,-7,7
47694,134,133,1,1
47695,73,76,-3,3
47696,85,84,1,1
47697,81,76,5,5
47698,119,117,2,2
47699,64,64,0,0
47700,73,72,1,1
47701,120,107,13,13
47702,122,116,6,6
47703,97,103,-6,6
47704,69,74,-5,5
47705,88,91,-3,3
47706,86,93,-7,7
47707,87,91,-4,4
47708,152,139,13,13
47709,65,67,-2,2
47710,37,52,-15,15
47711,125,111,14,14
47712,117,126,-9,9
47713,72,75,-3,3
47714,120,139,-19,19
47715,67,68,-1,1
47716,147,140,7,7
47717,142,133,9,9
47718,111,119,-8,8
47719,104,103,1,1
47720,90,87,3,3
47721,76,75,1,1
47722,82,73,9,9
47723,122,100,22,22
47724,176,161,15,15
47725,97,82,15,15
47726,84,90,-6,6
47727,94,94,0,0
47728,175,178,-3,3
47729,90,98,-8,8
47730,62,66,-4,4
47731,116,107,9,9
47732,137,133,4,4
47733,141,135,6,6
47734,96,102,-6,6
47735,99,100,-1,1
47736,66,65,1,1
47737,183,174,9,9
47738,64,66,-2,2
47739,137,138,-1,1
47740,51,56,-5,5
47741,35,41,-6,6
47742,137,124,13,13
47743,151,146,5,5
47744,115,110,5,5
47745,94,92,2,2
47746,42,46,-4,4
47747,57,67,-10,10
47748,102,106,-4,4
47749,59,62,-3,3
47750,73,88,-15,15
47751,80,80,0,0
47752,102,109,-7,7
47753,111,109,2,2
47754,150,147,3,3
47755,149,136,13,13
47756,129,116,13,13
47757,35,54,-19,19
47758,50,61,-11,11
47759,85,83,2,2
47760,90,91,-1,1
47761,129,116,13,13
47762,111,115,-4,4
47763,80,92,-12,12
47764,165,160,5,5
47765,69,72,-3,3
47766,132,118,14,14
47767,145,133,12,12
47768,51,57,-6,6
47769,152,135,17,17
47770,64,66,-2,2
47771,168,152,16,16
47772,100,104,-4,4
47773,72,69,3,3
47774,86,81,5,5
47775,67,75,-8,8
47776,71,76,-5,5
47777,156,151,5,5
47778,92,91,1,1
47779,93,98,-5,5
47780,95,103,-8,8
47781,113,106,7,7
47782,105,103,2,2
47783,77,90,-13,13
47784,96,104,-8,8
47785,103,104,-1,1
47786,76,94,-18,18
47787,77,75,2,2
47788,103,95,8,8
47789,80,83,-3,3
47790,72,78,-6,6
47791,98,102,-4,4
47792,94,87,7,7
47793,145,153,-8,8
47794,57,57,0,0
47795,95,92,3,3
47796,97,84,13,13
47797,160,145,15,15
47798,161,153,8,8
47799,71,71,0,0
47800,95,94,1,1
47801,100,99,1,1
47802,57,52,5,5
47803,96,100,-4,4
47804,70,70,0,0
47805,51,79,-28,28
47806,70,73,-3,3
47807,27,38,-11,11
47808,93,91,2,2
47809,110,109,1,1
47810,128,122,6,6
47811,146,151,-5,5
47812,81,72,9,9
47813,100,96,4,4
47814,77,71,6,6
47815,57,65,-8,8
47816,110,105,5,5
47817,90,99,-9,9
47818,105,110,-5,5
47819,91,83,8,8
47820,158,149,9,9
47821,79,75,4,4
47822,52,55,-3,3
47823,86,86,0,0
47824,100,102,-2,2
47825,65,66,-1,1
47826,116,112,4,4
47827,75,71,4,4
47828,95,92,3,3
47829,71,79,-8,8
47830,87,95,-8,8
47831,79,70,9,9
47832,77,75,2,2
47833,55,61,-6,6
47834,94,97,-3,3
47835,99,99,0,0
47836,98,102,-4,4
47837,95,109,-14,14
47838,123,125,-2,2
47839,76,91,-15,15
47840,157,158,-1,1
47841,75,79,-4,4
47842,114,112,2,2
47843,47,44,3,3
47844,110,106,4,4
47845,122,115,7,7
47846,89,102,-13,13
47847,65,70,-5,5
47848,63,70,-7,7
47849,140,130,10,10
47850,101,104,-3,3
47851,132,128,4,4
47852,175,182,-7,7
47853,79,74,5,5
47854,97,94,3,3
47855,108,95,13,13
47856,76,72,4,4
47857,80,77,3,3
47858,114,103,11,11
47859,160,168,-8,8
47860,101,96,5,5
47861,143,131,12,12
47862,40,47,-7,7
47863,151,143,8,8
47864,111,124,-13,13
47865,105,118,-13,13
47866,93,91,2,2
47867,121,119,2,2
47868,162,151,11,11
47869,91,104,-13,13
47870,86,91,-5,5
47871,133,134,-1,1
47872,69,74,-5,5
47873,110,104,6,6
47874,76,74,2,2
47875,70,76,-6,6
47876,129,109,20,20
47877,105,97,8,8
47878,118,109,9,9
47879,51,59,-8,8
47880,155,142,13,13
47881,80,81,-1,1
47882,91,104,-13,13
47883,87,84,3,3
47884,61,74,-13,13
47885,65,69,-4,4
47886,85,92,-7,7
47887,89,92,-3,3
47888,62,68,-6,6
47889,85,95,-10,10
47890,65,75,-10,10
47891,127,117,10,10
47892,94,97,-3,3
47893,106,107,-1,1
47894,72,71,1,1
47895,115,113,2,2
47896,100,96,4,4
47897,56,58,-2,2
47898,78,92,-14,14
47899,100,105,-5,5
47900,94,90,4,4
47901,104,99,5,5
47902,76,89,-13,13
47903,100,102,-2,2
47904,114,108,6,6
47905,94,90,4,4
47906,92,94,-2,2
47907,51,55,-4,4
47908,129,130,-1,1
47909,30,28,2,2
47910,91,104,-13,13
47911,72,76,-4,4
47912,99,102,-3,3
47913,59,63,-4,4
47914,103,99,4,4
47915,140,117,23,23
47916,71,73,-2,2
47917,77,78,-1,1
47918,108,109,-1,1
47919,87,77,10,10
47920,150,149,1,1
47921,108,115,-7,7
47922,78,78,0,0
47923,143,134,9,9
47924,109,118,-9,9
47925,81,84,-3,3
47926,82,92,-10,10
47927,46,50,-4,4
47928,142,128,14,14
47929,54,59,-5,5
47930,89,92,-3,3
47931,53,57,-4,4
47932,73,73,0,0
47933,74,74,0,0
47934,43,45,-2,2
47935,89,94,-5,5
47936,71,78,-7,7
47937,62,77,-15,15
47938,59,68,-9,9
47939,114,107,7,7
47940,56,61,-5,5
47941,94,99,-5,5
47942,102,110,-8,8
47943,112,107,5,5
47944,75,77,-2,2
47945,77,91,-14,14
47946,124,118,6,6
47947,128,119,9,9
47948,70,80,-10,10
47949,84,131,-47,47
47950,151,136,15,15
47951,113,106,7,7
47952,85,83,2,2
47953,82,102,-20,20
47954,163,160,3,3
47955,124,131,-7,7
47956,80,74,6,6
47957,122,144,-22,22
47958,88,79,9,9
47959,66,67,-1,1
47960,83,91,-8,8
47961,118,110,8,8
47962,57,60,-3,3
47963,66,75,-9,9
47964,108,105,3,3
47965,93,102,-9,9
47966,51,54,-3,3
47967,171,158,13,13
47968,114,104,10,10
47969,45,52,-7,7
47970,86,82,4,4
47971,62,72,-10,10
47972,67,72,-5,5
47973,76,82,-6,6
47974,108,113,-5,5
47975,100,118,-18,18
47976,139,133,6,6
47977,115,114,1,1
47978,144,115,29,29
47979,90,83,7,7
47980,91,83,8,8
47981,75,82,-7,7
47982,135,129,6,6
47983,67,79,-12,12
47984,117,104,13,13
47985,127,111,16,16
47986,59,62,-3,3
47987,48,59,-11,11
47988,69,72,-3,3
47989,93,86,7,7
47990,123,126,-3,3
47991,131,138,-7,7
47992,105,104,1,1
47993,121,126,-5,5
47994,111,112,-1,1
47995,43,49,-6,6
47996,131,125,6,6
47997,133,118,15,15
47998,74,76,-2,2
47999,154,132,22,22
48000,36,44,-8,8
48001,83,93,-10,10
48002,114,116,-2,2
48003,115,107,8,8
48004,117,111,6,6
48005,129,116,13,13
48006,119,114,5,5
48007,65,67,-2,2
48008,88,93,-5,5
48009,80,72,8,8
48010,43,41,2,2
48011,68,73,-5,5
48012,157,147,10,10
48013,104,104,0,0
48014,56,55,1,1
48015,52,59,-7,7
48016,115,108,7,7
48017,64,65,-1,1
48018,139,137,2,2
48019,58,60,-2,2
48020,105,106,-1,1
48021,196,186,10,10
48022,117,107,10,10
48023,108,93,15,15
48024,109,118,-9,9
48025,53,55,-2,2
48026,97,90,7,7
48027,89,95,-6,6
48028,136,128,8,8
48029,156,162,-6,6
48030,107,99,8,8
48031,48,50,-2,2
48032,108,113,-5,5
48033,151,134,17,17
48034,71,90,-19,19
48035,99,86,13,13
48036,119,101,18,18
48037,131,127,4,4
48038,72,75,-3,3
48039,112,109,3,3
48040,142,151,-9,9
48041,130,128,2,2
48042,103,107,-4,4
48043,136,132,4,4
48044,61,66,-5,5
48045,93,92,1,1
48046,124,123,1,1
48047,44,56,-12,12
48048,166,168,-2,2
48049,134,137,-3,3
48050,85,87,-2,2
48051,56,69,-13,13
48052,58,71,-13,13
48053,95,97,-2,2
48054,113,106,7,7
48055,80,90,-10,10
48056,105,99,6,6
48057,56,55,1,1
48058,79,90,-11,11
48059,77,83,-6,6
48060,90,91,-1,1
48061,68,75,-7,7
48062,65,73,-8,8
48063,95,103,-8,8
48064,51,60,-9,9
48065,99,91,8,8
48066,81,78,3,3
48067,116,103,13,13
48068,72,73,-1,1
48069,55,67,-12,12
48070,144,141,3,3
48071,74,79,-5,5
48072,135,136,-1,1
48073,60,68,-8,8
48074,76,85,-9,9
48075,144,117,27,27
48076,141,117,24,24
48077,80,69,11,11
48078,74,82,-8,8
48079,83,84,-1,1
48080,76,73,3,3
48081,100,97,3,3
48082,97,95,2,2
48083,141,121,20,20
48084,109,106,3,3
48085,87,110,-23,23
48086,104,102,2,2
48087,69,72,-3,3
48088,60,73,-13,13
48089,71,75,-4,4
48090,64,67,-3,3
48091,69,79,-10,10
48092,92,93,-1,1
48093,93,93,0,0
48094,88,84,4,4
48095,11,13,-2,2
48096,132,119,13,13
48097,62,73,-11,11
48098,73,93,-20,20
48099,110,102,8,8
48100,84,93,-9,9
48101,63,55,8,8
48102,110,111,-1,1
48103,61,61,0,0
48104,81,93,-12,12
48105,107,108,-1,1
48106,161,146,15,15
48107,66,64,2,2
48108,59,72,-13,13
48109,115,124,-9,9
48110,113,108,5,5
48111,125,124,1,1
48112,104,104,0,0
48113,90,93,-3,3
48114,84,84,0,0
48115,101,106,-5,5
48116,151,138,13,13
48117,127,121,6,6
48118,102,96,6,6
48119,85,93,-8,8
48120,64,73,-9,9
48121,114,112,2,2
48122,104,101,3,3
48123,99,103,-4,4
48124,60,66,-6,6
48125,102,108,-6,6
48126,125,121,4,4
48127,109,120,-11,11
48128,106,103,3,3
48129,91,94,-3,3
48130,54,72,-18,18
48131,86,102,-16,16
48132,108,117,-9,9
48133,61,67,-6,6
48134,63,83,-20,20
48135,112,108,4,4
48136,35,39,-4,4
48137,86,84,2,2
48138,79,88,-9,9
48139,112,108,4,4
48140,180,177,3,3
48141,94,87,7,7
48142,125,117,8,8
48143,82,81,1,1
48144,94,102,-8,8
48145,83,77,6,6
48146,93,101,-8,8
48147,89,94,-5,5
48148,63,68,-5,5
48149,120,118,2,2
48150,91,82,9,9
48151,102,127,-25,25
48152,70,80,-10,10
48153,66,66,0,0
48154,73,75,-2,2
48155,122,107,15,15
48156,50,60,-10,10
48157,65,69,-4,4
48158,146,138,8,8
48159,72,78,-6,6
48160,109,102,7,7
48161,67,75,-8,8
48162,138,128,10,10
48163,78,79,-1,1
48164,143,143,0,0
48165,82,90,-8,8
48166,147,152,-5,5
48167,115,113,2,2
48168,107,109,-2,2
48169,60,69,-9,9
48170,95,91,4,4
48171,95,97,-2,2
48172,39,51,-12,12
48173,75,86,-11,11
48174,61,66,-5,5
48175,194,203,-9,9
48176,67,77,-10,10
48177,104,99,5,5
48178,79,81,-2,2
48179,57,74,-17,17
48180,45,52,-7,7
48181,66,75,-9,9
48182,70,72,-2,2
48183,61,80,-19,19
48184,93,93,0,0
48185,104,105,-1,1
48186,122,134,-12,12
48187,64,68,-4,4
48188,68,74,-6,6
48189,132,127,5,5
48190,55,59,-4,4
48191,117,114,3,3
48192,89,86,3,3
48193,83,93,-10,10
48194,94,109,-15,15
48195,59,60,-1,1
48196,149,142,7,7
48197,77,90,-13,13
48198,92,97,-5,5
48199,84,80,4,4
48200,71,71,0,0
48201,75,73,2,2
48202,123,121,2,2
48203,108,111,-3,3
48204,90,96,-6,6
48205,99,84,15,15
48206,38,48,-10,10
48207,59,68,-9,9
48208,104,103,1,1
48209,114,125,-11,11
48210,83,92,-9,9
48211,182,158,24,24
48212,89,99,-10,10
48213,77,70,7,7
48214,146,133,13,13
48215,74,76,-2,2
48216,73,71,2,2
48217,71,73,-2,2
48218,70,68,2,2
48219,139,141,-2,2
48220,75,64,11,11
48221,110,127,-17,17
48222,106,108,-2,2
48223,150,146,4,4
48224,132,126,6,6
48225,108,99,9,9
48226,56,62,-6,6
48227,133,129,4,4
48228,123,109,14,14
48229,58,57,1,1
48230,73,78,-5,5
48231,118,111,7,7
48232,83,87,-4,4
48233,66,67,-1,1
48234,83,85,-2,2
48235,89,92,-3,3
48236,87,100,-13,13
48237,95,94,1,1
48238,57,67,-10,10
48239,124,124,0,0
48240,136,135,1,1
48241,102,104,-2,2
48242,123,124,-1,1
48243,53,59,-6,6
48244,59,69,-10,10
48245,150,133,17,17
48246,140,126,14,14
48247,88,90,-2,2
48248,140,128,12,12
48249,86,91,-5,5
48250,106,103,3,3
48251,127,134,-7,7
48252,88,84,4,4
48253,99,107,-8,8
48254,83,85,-2,2
48255,81,85,-4,4
48256,151,131,20,20
48257,144,145,-1,1
48258,55,58,-3,3
48259,66,66,0,0
48260,103,103,0,0
48261,100,100,0,0
48262,76,70,6,6
48263,115,113,2,2
48264,135,127,8,8
48265,128,114,14,14
48266,163,149,14,14
48267,81,77,4,4
48268,88,91,-3,3
48269,86,107,-21,21
48270,147,136,11,11
48271,179,164,15,15
48272,98,97,1,1
48273,91,91,0,0
48274,145,137,8,8
48275,53,62,-9,9
48276,122,124,-2,2
48277,79,77,2,2
48278,118,130,-12,12
48279,100,90,10,10
48280,76,73,3,3
48281,148,145,3,3
48282,55,33,22,22
48283,80,82,-2,2
48284,129,135,-6,6
48285,52,64,-12,12
48286,108,106,2,2
48287,71,72,-1,1
48288,49,49,0,0
48289,111,104,7,7
48290,97,93,4,4
48291,106,100,6,6
48292,31,39,-8,8
48293,62,64,-2,2
48294,140,156,-16,16
48295,102,97,5,5
48296,68,64,4,4
48297,66,70,-4,4
48298,98,101,-3,3
48299,29,32,-3,3
48300,162,153,9,9
48301,68,74,-6,6
48302,39,48,-9,9
48303,61,66,-5,5
48304,126,128,-2,2
48305,82,70,12,12
48306,95,91,4,4
48307,86,94,-8,8
48308,91,93,-2,2
48309,68,83,-15,15
48310,70,75,-5,5
48311,56,53,3,3
48312,113,112,1,1
48313,83,75,8,8
48314,185,167,18,18
48315,133,126,7,7
48316,98,100,-2,2
48317,47,59,-12,12
48318,86,82,4,4
48319,115,106,9,9
48320,121,116,5,5
48321,130,132,-2,2
48322,116,111,5,5
48323,55,55,0,0
48324,88,92,-4,4
48325,158,157,1,1
48326,208,201,7,7
48327,104,102,2,2
48328,109,108,1,1
48329,94,102,-8,8
48330,49,58,-9,9
48331,66,76,-10,10
48332,135,151,-16,16
48333,112,105,7,7
48334,75,72,3,3
48335,99,96,3,3
48336,98,102,-4,4
48337,77,91,-14,14
48338,108,102,6,6
48339,81,82,-1,1
48340,99,107,-8,8
48341,113,95,18,18
48342,68,74,-6,6
48343,111,112,-1,1
48344,57,66,-9,9
48345,141,125,16,16
48346,96,97,-1,1
48347,57,69,-12,12
48348,86,91,-5,5
48349,64,84,-20,20
48350,58,57,1,1
48351,68,74,-6,6
48352,79,81,-2,2
48353,128,123,5,5
48354,133,123,10,10
48355,129,138,-9,9
48356,98,95,3,3
48357,126,111,15,15
48358,68,73,-5,5
48359,98,94,4,4
48360,76,64,12,12
48361,151,133,18,18
48362,143,143,0,0
48363,81,91,-10,10
48364,154,138,16,16
48365,99,104,-5,5
48366,58,66,-8,8
48367,40,48,-8,8
48368,101,93,8,8
48369,88,90,-2,2
48370,102,96,6,6
48371,82,77,5,5
48372,80,80,0,0
48373,77,80,-3,3
48374,91,92,-1,1
48375,133,133,0,0
48376,160,141,19,19
48377,137,137,0,0
48378,110,104,6,6
48379,78,75,3,3
48380,83,86,-3,3
48381,68,81,-13,13
48382,85,93,-8,8
48383,90,92,-2,2
48384,51,60,-9,9
48385,95,99,-4,4
48386,133,118,15,15
48387,63,70,-7,7
48388,64,68,-4,4
48389,64,64,0,0
48390,128,128,0,0
48391,94,100,-6,6
48392,87,87,0,0
48393,49,60,-11,11
48394,66,65,1,1
48395,53,59,-6,6
48396,99,104,-5,5
48397,55,65,-10,10
48398,166,156,10,10
48399,179,164,15,15
48400,100,97,3,3
48401,97,96,1,1
48402,139,125,14,14
48403,59,65,-6,6
48404,175,161,14,14
48405,123,128,-5,5
48406,72,75,-3,3
48407,77,92,-15,15
48408,86,82,4,4
48409,52,60,-8,8
48410,122,134,-12,12
48411,83,83,0,0
48412,109,115,-6,6
48413,123,114,9,9
48414,72,77,-5,5
48415,86,93,-7,7
48416,97,108,-11,11
48417,98,93,5,5
48418,98,92,6,6
48419,72,70,2,2
48420,160,143,17,17
48421,61,61,0,0
48422,91,93,-2,2
48423,65,64,1,1
48424,145,135,10,10
48425,60,64,-4,4
48426,125,115,10,10
48427,57,64,-7,7
48428,117,110,7,7
48429,104,103,1,1
48430,141,132,9,9
48431,65,68,-3,3
48432,78,76,2,2
48433,74,76,-2,2
48434,82,84,-2,2
48435,83,86,-3,3
48436,79,84,-5,5
48437,79,84,-5,5
48438,73,73,0,0
48439,154,132,22,22
48440,89,91,-2,2
48441,83,92,-9,9
48442,79,78,1,1
48443,167,149,18,18
48444,103,119,-16,16
48445,89,91,-2,2
48446,199,178,21,21
48447,63,74,-11,11
48448,67,65,2,2
48449,152,157,-5,5
48450,98,104,-6,6
48451,78,82,-4,4
48452,78,80,-2,2
48453,119,125,-6,6
48454,93,101,-8,8
48455,121,123,-2,2
48456,105,95,10,10
48457,184,138,46,46
48458,60,68,-8,8
48459,167,144,23,23
48460,51,61,-10,10
48461,114,116,-2,2
48462,59,59,0,0
48463,98,106,-8,8
48464,62,70,-8,8
48465,74,64,10,10
48466,87,84,3,3
48467,84,82,2,2
48468,63,68,-5,5
48469,103,95,8,8
48470,133,120,13,13
48471,125,109,16,16
48472,137,134,3,3
48473,82,74,8,8
48474,145,139,6,6
48475,111,112,-1,1
48476,117,114,3,3
48477,61,63,-2,2
48478,107,112,-5,5
48479,127,125,2,2
48480,50,53,-3,3
48481,75,74,1,1
48482,173,161,12,12
48483,162,146,16,16
48484,72,83,-11,11
48485,104,104,0,0
48486,84,82,2,2
48487,84,82,2,2
48488,99,101,-2,2
48489,109,106,3,3
48490,125,124,1,1
48491,100,100,0,0
48492,108,114,-6,6
48493,118,122,-4,4
48494,70,82,-12,12
48495,67,60,7,7
48496,39,45,-6,6
48497,87,92,-5,5
48498,71,85,-14,14
48499,65,69,-4,4
48500,185,163,22,22
48501,89,91,-2,2
48502,94,92,2,2
48503,68,69,-1,1
48504,66,65,1,1
48505,126,122,4,4
48506,99,103,-4,4
48507,100,96,4,4
48508,85,78,7,7
48509,38,51,-13,13
48510,170,162,8,8
48511,109,101,8,8
48512,90,86,4,4
48513,58,60,-2,2
48514,52,61,-9,9
48515,162,169,-7,7
48516,60,66,-6,6
48517,99,101,-2,2
48518,80,81,-1,1
48519,82,97,-15,15
48520,112,111,1,1
48521,81,77,4,4
48522,112,124,-12,12
48523,160,150,10,10
48524,44,52,-8,8
48525,60,64,-4,4
48526,87,79,8,8
48527,66,64,2,2
48528,54,57,-3,3
48529,158,138,20,20
48530,125,124,1,1
48531,61,68,-7,7
48532,179,157,22,22
48533,174,142,32,32
48534,86,104,-18,18
48535,86,97,-11,11
48536,79,101,-22,22
48537,60,64,-4,4
48538,78,78,0,0
48539,128,129,-1,1
48540,111,107,4,4
48541,98,98,0,0
48542,142,118,24,24
48543,65,68,-3,3
48544,142,131,11,11
48545,176,167,9,9
48546,88,83,5,5
48547,165,158,7,7
48548,85,95,-10,10
48549,85,85,0,0
48550,88,91,-3,3
48551,97,104,-7,7
48552,125,117,8,8
48553,99,95,4,4
48554,83,80,3,3
48555,97,96,1,1
48556,96,101,-5,5
48557,62,69,-7,7
48558,99,111,-12,12
48559,57,67,-10,10
48560,77,84,-7,7
48561,77,83,-6,6
48562,104,127,-23,23
48563,114,105,9,9
48564,94,93,1,1
48565,67,84,-17,17
48566,112,104,8,8
48567,128,117,11,11
48568,93,97,-4,4
48569,115,122,-7,7
48570,63,66,-3,3
48571,67,78,-11,11
48572,136,135,1,1
48573,96,107,-11,11
48574,97,106,-9,9
48575,97,105,-8,8
48576,100,96,4,4
48577,60,64,-4,4
48578,155,175,-20,20
48579,80,94,-14,14
48580,92,105,-13,13
48581,130,124,6,6
48582,139,125,14,14
48583,121,120,1,1
48584,58,68,-10,10
48585,73,77,-4,4
48586,98,99,-1,1
48587,95,103,-8,8
48588,126,115,11,11
48589,112,104,8,8
48590,82,90,-8,8
48591,105,100,5,5
48592,68,82,-14,14
48593,67,83,-16,16
48594,121,124,-3,3
48595,164,142,22,22
48596,107,112,-5,5
48597,110,105,5,5
48598,125,127,-2,2
48599,71,72,-1,1
48600,77,85,-8,8
48601,97,95,2,2
48602,114,122,-8,8
48603,140,134,6,6
48604,57,67,-10,10
48605,99,98,1,1
48606,99,95,4,4
48607,52,50,2,2
48608,83,79,4,4
48609,173,216,-43,43
48610,94,101,-7,7
48611,47,56,-9,9
48612,58,67,-9,9
48613,61,71,-10,10
48614,82,99,-17,17
48615,53,71,-18,18
48616,53,58,-5,5
48617,77,82,-5,5
48618,88,99,-11,11
48619,74,79,-5,5
48620,74,74,0,0
48621,150,138,12,12
48622,135,139,-4,4
48623,176,180,-4,4
48624,53,63,-10,10
48625,140,135,5,5
48626,106,110,-4,4
48627,189,165,24,24
48628,104,115,-11,11
48629,71,86,-15,15
48630,66,67,-1,1
48631,82,91,-9,9
48632,111,120,-9,9
48633,114,114,0,0
48634,140,137,3,3
48635,95,101,-6,6
48636,152,142,10,10
48637,101,108,-7,7
48638,67,65,2,2
48639,47,65,-18,18
48640,73,83,-10,10
48641,84,103,-19,19
48642,92,92,0,0
48643,157,154,3,3
48644,128,132,-4,4
48645,96,107,-11,11
48646,91,94,-3,3
48647,92,91,1,1
48648,132,124,8,8
48649,170,162,8,8
48650,103,90,13,13
48651,46,55,-9,9
48652,123,109,14,14
48653,91,82,9,9
48654,111,111,0,0
48655,144,144,0,0
48656,73,78,-5,5
48657,116,108,8,8
48658,137,136,1,1
48659,131,121,10,10
48660,37,45,-8,8
48661,84,90,-6,6
48662,91,87,4,4
48663,175,170,5,5
48664,137,131,6,6
48665,91,90,1,1
48666,41,51,-10,10
48667,88,82,6,6
48668,86,83,3,3
48669,67,71,-4,4
48670,181,161,20,20
48671,108,104,4,4
48672,51,48,3,3
48673,145,134,11,11
48674,87,91,-4,4
48675,42,46,-4,4
48676,92,93,-1,1
48677,196,173,23,23
48678,43,50,-7,7
48679,108,112,-4,4
48680,131,118,13,13
48681,105,108,-3,3
48682,77,83,-6,6
48683,80,82,-2,2
48684,144,134,10,10
48685,120,134,-14,14
48686,70,73,-3,3
48687,62,68,-6,6
48688,40,45,-5,5
48689,80,76,4,4
48690,93,86,7,7
48691,41,54,-13,13
48692,90,86,4,4
48693,82,81,1,1
48694,85,90,-5,5
48695,103,98,5,5
48696,119,116,3,3
48697,65,71,-6,6
48698,85,83,2,2
48699,114,106,8,8
48700,95,94,1,1
48701,39,42,-3,3
48702,89,92,-3,3
48703,116,113,3,3
48704,133,135,-2,2
48705,76,77,-1,1
48706,146,127,19,19
48707,55,65,-10,10
48708,170,163,7,7
48709,76,78,-2,2
48710,89,92,-3,3
48711,76,99,-23,23
48712,107,101,6,6
48713,69,69,0,0
48714,94,102,-8,8
48715,106,106,0,0
48716,91,79,12,12
48717,158,160,-2,2
48718,110,111,-1,1
48719,69,75,-6,6
48720,90,87,3,3
48721,99,99,0,0
48722,74,73,1,1
48723,94,102,-8,8
48724,70,71,-1,1
48725,81,93,-12,12
48726,136,142,-6,6
48727,89,93,-4,4
48728,113,115,-2,2
48729,110,103,7,7
48730,137,139,-2,2
48731,100,103,-3,3
48732,114,108,6,6
48733,122,107,15,15
48734,27,25,2,2
48735,105,109,-4,4
48736,65,77,-12,12
48737,120,126,-6,6
48738,68,74,-6,6
48739,158,146,12,12
48740,76,82,-6,6
48741,123,117,6,6
48742,71,68,3,3
48743,86,93,-7,7
48744,68,81,-13,13
48745,118,115,3,3
48746,36,43,-7,7
48747,26,32,-6,6
48748,55,60,-5,5
48749,87,90,-3,3
48750,117,112,5,5
48751,36,46,-10,10
48752,112,102,10,10
48753,73,69,4,4
48754,93,93,0,0
48755,122,114,8,8
48756,117,119,-2,2
48757,116,129,-13,13
48758,95,96,-1,1
48759,51,57,-6,6
48760,81,83,-2,2
48761,88,76,12,12
48762,62,69,-7,7
48763,84,70,14,14
48764,69,77,-8,8
48765,62,71,-9,9
48766,101,106,-5,5
48767,112,112,0,0
48768,182,158,24,24
48769,51,64,-13,13
48770,89,92,-3,3
48771,123,125,-2,2
48772,91,93,-2,2
48773,67,75,-8,8
48774,150,134,16,16
48775,61,69,-8,8
48776,107,105,2,2
48777,53,61,-8,8
48778,79,84,-5,5
48779,143,155,-12,12
48780,115,119,-4,4
48781,66,71,-5,5
48782,104,101,3,3
48783,154,156,-2,2
48784,96,92,4,4
48785,165,164,1,1
48786,124,124,0,0
48787,108,104,4,4
48788,106,109,-3,3
48789,124,126,-2,2
48790,91,97,-6,6
48791,98,116,-18,18
48792,74,82,-8,8
48793,146,147,-1,1
48794,136,134,2,2
48795,96,111,-15,15
48796,117,115,2,2
48797,113,108,5,5
48798,118,109,9,9
48799,151,139,12,12
48800,157,150,7,7
48801,98,91,7,7
48802,136,132,4,4
48803,119,132,-13,13
48804,66,68,-2,2
48805,144,132,12,12
48806,118,117,1,1
48807,186,172,14,14
48808,91,93,-2,2
48809,99,96,3,3
48810,78,85,-7,7
48811,81,91,-10,10
48812,77,83,-6,6
48813,51,59,-8,8
48814,81,85,-4,4
48815,110,109,1,1
48816,83,83,0,0
48817,75,90,-15,15
48818,73,75,-2,2
48819,113,114,-1,1
48820,84,82,2,2
48821,94,98,-4,4
48822,77,95,-18,18
48823,101,101,0,0
48824,100,94,6,6
48825,68,66,2,2
48826,65,71,-6,6
48827,159,156,3,3
48828,66,76,-10,10
48829,149,126,23,23
48830,81,99,-18,18
48831,56,58,-2,2
48832,149,162,-13,13
48833,56,58,-2,2
48834,110,107,3,3
48835,61,67,-6,6
48836,57,57,0,0
48837,107,111,-4,4
48838,58,65,-7,7
48839,106,106,0,0
48840,145,126,19,19
48841,70,75,-5,5
48842,115,117,-2,2
48843,106,89,17,17
48844,144,132,12,12
48845,129,115,14,14
48846,127,125,2,2
48847,223,193,30,30
48848,147,147,0,0
48849,95,92,3,3
48850,34,35,-1,1
48851,66,64,2,2
48852,88,94,-6,6
48853,91,87,4,4
48854,90,90,0,0
48855,131,131,0,0
48856,61,69,-8,8
48857,66,64,2,2
48858,125,134,-9,9
48859,69,69,0,0
48860,73,87,-14,14
48861,87,90,-3,3
48862,89,91,-2,2
48863,69,76,-7,7
48864,114,110,4,4
48865,64,68,-4,4
48866,146,138,8,8
48867,93,102,-9,9
48868,54,65,-11,11
48869,171,171,0,0
48870,63,71,-8,8
48871,70,79,-9,9
48872,61,66,-5,5
48873,75,72,3,3
48874,158,139,19,19
48875,65,77,-12,12
48876,93,96,-3,3
48877,97,92,5,5
48878,126,124,2,2
48879,122,122,0,0
48880,128,136,-8,8
48881,109,109,0,0
48882,90,91,-1,1
48883,167,162,5,5
48884,79,73,6,6
48885,56,62,-6,6
48886,117,112,5,5
48887,80,79,1,1
48888,48,55,-7,7
48889,72,77,-5,5
48890,69,72,-3,3
48891,105,105,0,0
48892,103,101,2,2
48893,94,100,-6,6
48894,91,84,7,7
48895,117,112,5,5
48896,168,171,-3,3
48897,60,63,-3,3
48898,93,102,-9,9
48899,110,103,7,7
48900,61,63,-2,2
48901,133,130,3,3
48902,124,105,19,19
48903,131,130,1,1
48904,81,83,-2,2
48905,78,75,3,3
48906,117,110,7,7
48907,116,112,4,4
48908,75,83,-8,8
48909,50,61,-11,11
48910,76,72,4,4
48911,120,118,2,2
48912,96,96,0,0
48913,99,118,-19,19
48914,163,150,13,13
48915,136,124,12,12
48916,150,137,13,13
48917,87,99,-12,12
48918,116,115,1,1
48919,127,122,5,5
48920,73,73,0,0
48921,110,114,-4,4
48922,65,68,-3,3
48923,74,75,-1,1
48924,98,97,1,1
48925,74,73,1,1
48926,105,103,2,2
48927,92,98,-6,6
48928,80,84,-4,4
48929,111,111,0,0
48930,93,96,-3,3
48931,69,71,-2,2
48932,76,84,-8,8
48933,59,61,-2,2
48934,127,127,0,0
48935,45,57,-12,12
48936,100,83,17,17
48937,111,113,-2,2
48938,165,199,-34,34
48939,161,171,-10,10
48940,108,116,-8,8
48941,85,69,16,16
48942,131,136,-5,5
48943,28,41,-13,13
48944,92,91,1,1
48945,55,60,-5,5
48946,134,123,11,11
48947,112,104,8,8
48948,123,111,12,12
48949,137,132,5,5
48950,72,84,-12,12
48951,116,107,9,9
48952,136,127,9,9
48953,122,118,4,4
48954,120,117,3,3
48955,85,77,8,8
48956,98,105,-7,7
48957,108,130,-22,22
48958,95,102,-7,7
48959,71,70,1,1
48960,160,139,21,21
48961,112,117,-5,5
48962,98,102,-4,4
48963,72,72,0,0
48964,102,104,-2,2
48965,95,91,4,4
48966,130,117,13,13
48967,96,100,-4,4
48968,123,116,7,7
48969,100,105,-5,5
48970,172,166,6,6
48971,55,60,-5,5
48972,60,76,-16,16
48973,101,105,-4,4
48974,90,103,-13,13
48975,76,91,-15,15
48976,80,82,-2,2
48977,100,111,-11,11
48978,61,68,-7,7
48979,75,73,2,2
48980,81,102,-21,21
48981,121,117,4,4
48982,81,85,-4,4
48983,139,136,3,3
48984,86,78,8,8
48985,94,96,-2,2
48986,121,121,0,0
48987,83,77,6,6
48988,127,126,1,1
48989,49,66,-17,17
48990,83,93,-10,10
48991,76,73,3,3
48992,113,110,3,3
48993,73,74,-1,1
48994,85,83,2,2
48995,97,100,-3,3
48996,82,81,1,1
48997,103,102,1,1
48998,68,72,-4,4
48999,65,70,-5,5
49000,46,58,-12,12
49001,108,102,6,6
49002,96,104,-8,8
49003,133,131,2,2
49004,97,97,0,0
49005,62,61,1,1
49006,95,102,-7,7
49007,132,118,14,14
49008,164,149,15,15
49009,62,64,-2,2
49010,81,88,-7,7
49011,91,97,-6,6
49012,73,73,0,0
49013,73,78,-5,5
49014,105,112,-7,7
49015,75,81,-6,6
49016,73,67,6,6
49017,94,104,-10,10
49018,112,118,-6,6
49019,107,101,6,6
49020,79,80,-1,1
49021,128,129,-1,1
49022,100,99,1,1
49023,68,72,-4,4
49024,84,76,8,8
49025,115,134,-19,19
49026,68,72,-4,4
49027,50,58,-8,8
49028,80,91,-11,11
49029,71,77,-6,6
49030,115,116,-1,1
49031,103,115,-12,12
49032,112,111,1,1
49033,95,93,2,2
49034,132,133,-1,1
49035,108,114,-6,6
49036,89,102,-13,13
49037,96,92,4,4
49038,110,109,1,1
49039,103,152,-49,49
49040,113,97,16,16
49041,72,82,-10,10
49042,85,93,-8,8
49043,106,108,-2,2
49044,101,103,-2,2
49045,117,132,-15,15
49046,67,78,-11,11
49047,82,85,-3,3
49048,61,67,-6,6
49049,64,66,-2,2
49050,86,91,-5,5
49051,89,92,-3,3
49052,49,56,-7,7
49053,136,117,19,19
49054,137,137,0,0
49055,79,71,8,8
49056,127,116,11,11
49057,130,125,5,5
49058,119,125,-6,6
49059,83,77,6,6
49060,98,103,-5,5
49061,124,120,4,4
49062,72,91,-19,19
49063,114,122,-8,8
49064,144,135,9,9
49065,117,105,12,12
49066,68,71,-3,3
49067,41,48,-7,7
49068,88,95,-7,7
49069,156,146,10,10
49070,85,87,-2,2
49071,99,100,-1,1
49072,71,91,-20,20
49073,152,137,15,15
49074,86,83,3,3
49075,95,91,4,4
49076,100,101,-1,1
49077,99,99,0,0
49078,137,124,13,13
49079,78,71,7,7
49080,142,131,11,11
49081,80,94,-14,14
49082,70,72,-2,2
49083,112,109,3,3
49084,116,118,-2,2
49085,76,85,-9,9
49086,128,119,9,9
49087,101,100,1,1
49088,111,111,0,0
49089,71,72,-1,1
49090,129,127,2,2
49091,170,157,13,13
49092,136,118,18,18
49093,105,100,5,5
49094,117,113,4,4
49095,102,102,0,0
49096,77,83,-6,6
49097,103,111,-8,8
49098,53,58,-5,5
49099,94,101,-7,7
49100,73,69,4,4
49101,65,68,-3,3
49102,107,125,-18,18
49103,78,92,-14,14
49104,83,83,0,0
49105,117,117,0,0
49106,33,36,-3,3
49107,97,100,-3,3
49108,119,122,-3,3
49109,74,73,1,1
49110,96,98,-2,2
49111,113,116,-3,3
49112,68,83,-15,15
49113,78,78,0,0
49114,123,103,20,20
49115,121,130,-9,9
49116,74,73,1,1
49117,100,93,7,7
49118,71,75,-4,4
49119,46,54,-8,8
49120,90,96,-6,6
49121,63,75,-12,12
49122,94,103,-9,9
49123,83,86,-3,3
49124,86,93,-7,7
49125,116,123,-7,7
49126,107,103,4,4
49127,111,117,-6,6
49128,211,189,22,22
49129,71,70,1,1
49130,57,69,-12,12
49131,135,127,8,8
49132,111,108,3,3
49133,97,93,4,4
49134,139,135,4,4
49135,96,100,-4,4
49136,91,93,-2,2
49137,131,129,2,2
49138,134,128,6,6
49139,81,83,-2,2
49140,123,116,7,7
49141,122,129,-7,7
49142,149,143,6,6
49143,122,115,7,7
49144,114,111,3,3
49145,112,103,9,9
49146,110,104,6,6
49147,111,117,-6,6
49148,50,57,-7,7
49149,52,57,-5,5
49150,119,129,-10,10
49151,67,70,-3,3
49152,135,131,4,4
49153,81,74,7,7
49154,122,107,15,15
49155,130,131,-1,1
49156,60,67,-7,7
49157,108,116,-8,8
49158,97,101,-4,4
49159,50,60,-10,10
49160,77,73,4,4
49161,106,102,4,4
49162,100,104,-4,4
49163,70,77,-7,7
49164,99,102,-3,3
49165,108,110,-2,2
49166,138,127,11,11
49167,132,132,0,0
49168,73,82,-9,9
49169,73,83,-10,10
49170,111,104,7,7
49171,101,102,-1,1
49172,123,118,5,5
49173,80,120,-40,40
49174,56,51,5,5
49175,101,94,7,7
49176,119,117,2,2
49177,125,138,-13,13
49178,107,108,-1,1
49179,141,137,4,4
49180,110,122,-12,12
49181,91,85,6,6
49182,67,71,-4,4
49183,91,93,-2,2
49184,62,67,-5,5
49185,66,65,1,1
49186,51,70,-19,19
49187,26,37,-11,11
49188,112,116,-4,4
49189,85,82,3,3
49190,173,158,15,15
49191,65,64,1,1
49192,71,78,-7,7
49193,48,46,2,2
49194,113,120,-7,7
49195,111,111,0,0
49196,76,83,-7,7
49197,72,76,-4,4
49198,104,101,3,3
49199,113,111,2,2
49200,80,81,-1,1
49201,129,132,-3,3
49202,80,78,2,2
49203,99,102,-3,3
49204,98,103,-5,5
49205,186,174,12,12
49206,84,92,-8,8
49207,46,53,-7,7
49208,81,98,-17,17
49209,62,64,-2,2
49210,85,85,0,0
49211,63,62,1,1
49212,114,123,-9,9
49213,91,91,0,0
49214,100,115,-15,15
49215,53,54,-1,1
49216,127,110,17,17
49217,93,92,1,1
49218,59,67,-8,8
49219,52,54,-2,2
49220,100,102,-2,2
49221,73,80,-7,7
49222,110,113,-3,3
49223,88,76,12,12
49224,87,91,-4,4
49225,53,58,-5,5
49226,96,98,-2,2
49227,70,89,-19,19
49228,80,92,-12,12
49229,80,83,-3,3
49230,78,76,2,2
49231,45,48,-3,3
49232,97,97,0,0
49233,172,157,15,15
49234,92,95,-3,3
49235,72,73,-1,1
49236,125,135,-10,10
49237,72,76,-4,4
49238,156,150,6,6
49239,61,66,-5,5
49240,118,126,-8,8
49241,89,113,-24,24
49242,126,111,15,15
49243,121,105,16,16
49244,63,75,-12,12
49245,96,90,6,6
49246,123,114,9,9
49247,80,92,-12,12
49248,120,122,-2,2
49249,75,82,-7,7
49250,128,125,3,3
49251,166,157,9,9
49252,129,123,6,6
49253,74,80,-6,6
49254,70,76,-6,6
49255,75,78,-3,3
49256,115,100,15,15
49257,109,109,0,0
49258,86,89,-3,3
49259,90,98,-8,8
49260,95,93,2,2
49261,102,114,-12,12
49262,178,161,17,17
49263,140,129,11,11
49264,148,143,5,5
49265,75,82,-7,7
49266,94,87,7,7
49267,83,93,-10,10
49268,184,170,14,14
49269,98,93,5,5
49270,36,35,1,1
49271,68,71,-3,3
49272,88,84,4,4
49273,71,71,0,0
49274,80,77,3,3
49275,81,83,-2,2
49276,98,105,-7,7
49277,99,92,7,7
49278,41,55,-14,14
49279,51,57,-6,6
49280,161,152,9,9
49281,76,76,0,0
49282,103,102,1,1
49283,86,85,1,1
49284,111,105,6,6
49285,132,120,12,12
49286,91,89,2,2
49287,114,101,13,13
49288,106,99,7,7
49289,140,136,4,4
49290,54,56,-2,2
49291,231,201,30,30
49292,74,76,-2,2
49293,59,62,-3,3
49294,149,135,14,14
49295,98,92,6,6
49296,96,97,-1,1
49297,98,103,-5,5
49298,29,36,-7,7
49299,80,76,4,4
49300,115,107,8,8
49301,75,72,3,3
49302,93,98,-5,5
49303,86,85,1,1
49304,67,64,3,3
49305,56,59,-3,3
49306,120,117,3,3
49307,188,168,20,20
49308,31,43,-12,12
49309,51,64,-13,13
49310,55,61,-6,6
49311,81,86,-5,5
49312,75,83,-8,8
49313,63,70,-7,7
49314,85,84,1,1
49315,32,38,-6,6
49316,83,90,-7,7
49317,86,95,-9,9
49318,122,106,16,16
49319,46,54,-8,8
49320,122,113,9,9
49321,101,103,-2,2
49322,55,72,-17,17
49323,80,89,-9,9
49324,106,110,-4,4
49325,79,91,-12,12
49326,143,146,-3,3
49327,124,128,-4,4
49328,128,123,5,5
49329,88,96,-8,8
49330,98,103,-5,5
49331,207,185,22,22
49332,133,121,12,12
49333,46,51,-5,5
49334,115,124,-9,9
49335,75,65,10,10
49336,93,91,2,2
49337,99,105,-6,6
49338,107,109,-2,2
49339,99,97,2,2
49340,78,81,-3,3
49341,104,94,10,10
49342,112,116,-4,4
49343,75,74,1,1
49344,84,91,-7,7
49345,87,99,-12,12
49346,83,81,2,2
49347,151,140,11,11
49348,23,45,-22,22
49349,168,156,12,12
49350,62,70,-8,8
49351,65,66,-1,1
49352,68,73,-5,5
49353,110,115,-5,5
49354,159,141,18,18
49355,44,54,-10,10
49356,144,135,9,9
49357,71,72,-1,1
49358,71,71,0,0
49359,131,111,20,20
49360,148,103,45,45
49361,116,115,1,1
49362,117,105,12,12
49363,116,135,-19,19
49364,95,92,3,3
49365,59,73,-14,14
49366,41,43,-2,2
49367,80,91,-11,11
49368,66,70,-4,4
49369,98,91,7,7
49370,186,177,9,9
49371,109,105,4,4
49372,97,123,-26,26
49373,74,69,5,5
49374,113,110,3,3
49375,61,62,-1,1
49376,108,109,-1,1
49377,123,117,6,6
49378,78,84,-6,6
49379,57,64,-7,7
49380,42,47,-5,5
49381,118,126,-8,8
49382,59,60,-1,1
49383,96,106,-10,10
49384,69,74,-5,5
49385,94,85,9,9
49386,84,96,-12,12
49387,182,180,2,2
49388,44,52,-8,8
49389,74,86,-12,12
49390,84,74,10,10
49391,173,156,17,17
49392,73,81,-8,8
49393,67,70,-3,3
49394,84,93,-9,9
49395,106,105,1,1
49396,80,87,-7,7
49397,79,94,-15,15
49398,61,60,1,1
49399,73,84,-11,11
49400,50,54,-4,4
49401,94,96,-2,2
49402,86,93,-7,7
49403,71,71,0,0
49404,60,72,-12,12
49405,126,125,1,1
49406,60,63,-3,3
49407,65,65,0,0
49408,83,85,-2,2
49409,47,49,-2,2
49410,234,197,37,37
49411,101,92,9,9
49412,111,105,6,6
49413,65,64,1,1
49414,50,59,-9,9
49415,63,73,-10,10
49416,121,124,-3,3
49417,63,54,9,9
49418,105,100,5,5
49419,51,66,-15,15
49420,85,81,4,4
49421,154,135,19,19
49422,130,117,13,13
49423,95,100,-5,5
49424,55,57,-2,2
49425,95,100,-5,5
49426,154,143,11,11
49427,109,109,0,0
49428,57,66,-9,9
49429,109,105,4,4
49430,125,116,9,9
49431,85,82,3,3
49432,76,74,2,2
49433,66,83,-17,17
49434,89,84,5,5
49435,64,66,-2,2
49436,46,59,-13,13
49437,79,83,-4,4
49438,114,115,-1,1
49439,73,72,1,1
49440,130,130,0,0
49441,78,74,4,4
49442,62,70,-8,8
49443,49,54,-5,5
49444,65,72,-7,7
49445,66,69,-3,3
49446,72,77,-5,5
49447,81,82,-1,1
49448,131,129,2,2
49449,113,116,-3,3
49450,103,102,1,1
49451,60,63,-3,3
49452,61,63,-2,2
49453,62,65,-3,3
49454,79,76,3,3
49455,111,121,-10,10
49456,108,103,5,5
49457,124,104,20,20
49458,93,111,-18,18
49459,121,125,-4,4
49460,49,51,-2,2
49461,72,78,-6,6
49462,86,74,12,12
49463,64,68,-4,4
49464,95,86,9,9
49465,108,113,-5,5
49466,148,140,8,8
49467,71,69,2,2
49468,85,104,-19,19
49469,72,77,-5,5
49470,107,107,0,0
49471,121,108,13,13
49472,119,120,-1,1
49473,81,105,-24,24
49474,94,99,-5,5
49475,147,120,27,27
49476,101,101,0,0
49477,106,113,-7,7
49478,59,66,-7,7
49479,70,72,-2,2
49480,52,54,-2,2
49481,89,82,7,7
49482,128,125,3,3
49483,111,118,-7,7
49484,146,139,7,7
49485,49,53,-4,4
49486,110,106,4,4
49487,119,108,11,11
49488,96,103,-7,7
49489,119,115,4,4
49490,140,132,8,8
49491,124,121,3,3
49492,90,85,5,5
49493,68,73,-5,5
49494,92,102,-10,10
49495,163,150,13,13
49496,77,75,2,2
49497,103,102,1,1
49498,126,107,19,19
49499,70,80,-10,10
49500,127,118,9,9
49501,76,82,-6,6
49502,138,136,2,2
49503,88,94,-6,6
49504,58,82,-24,24
49505,68,68,0,0
49506,146,142,4,4
49507,139,135,4,4
49508,71,80,-9,9
49509,143,133,10,10
49510,123,105,18,18
49511,55,62,-7,7
49512,93,100,-7,7
49513,74,84,-10,10
49514,122,117,5,5
49515,79,83,-4,4
49516,75,76,-1,1
49517,72,85,-13,13
49518,122,118,4,4
49519,82,83,-1,1
49520,66,69,-3,3
49521,67,73,-6,6
49522,62,69,-7,7
49523,108,102,6,6
49524,82,87,-5,5
49525,93,97,-4,4
49526,57,62,-5,5
49527,73,76,-3,3
49528,116,102,14,14
49529,97,90,7,7
49530,107,108,-1,1
49531,69,72,-3,3
49532,118,113,5,5
49533,112,109,3,3
49534,75,83,-8,8
49535,128,131,-3,3
49536,96,101,-5,5
49537,81,83,-2,2
49538,149,136,13,13
49539,65,74,-9,9
49540,28,31,-3,3
49541,92,93,-1,1
49542,82,73,9,9
49543,65,82,-17,17
49544,130,125,5,5
49545,85,88,-3,3
49546,105,109,-4,4
49547,119,125,-6,6
49548,124,111,13,13
49549,89,92,-3,3
49550,52,53,-1,1
49551,95,92,3,3
49552,111,125,-14,14
49553,110,96,14,14
49554,104,104,0,0
49555,107,115,-8,8
49556,79,81,-2,2
49557,98,93,5,5
49558,113,116,-3,3
49559,59,64,-5,5
49560,86,80,6,6
49561,40,49,-9,9
49562,59,61,-2,2
49563,108,107,1,1
49564,49,63,-14,14
49565,86,76,10,10
49566,84,81,3,3
49567,93,98,-5,5
49568,74,76,-2,2
49569,73,73,0,0
49570,89,97,-8,8
49571,83,93,-10,10
49572,94,101,-7,7
49573,103,98,5,5
49574,117,122,-5,5
49575,162,150,12,12
49576,72,89,-17,17
49577,107,114,-7,7
49578,122,116,6,6
49579,108,108,0,0
49580,96,83,13,13
49581,98,96,2,2
49582,111,117,-6,6
49583,51,57,-6,6
49584,70,83,-13,13
49585,64,69,-5,5
49586,47,46,1,1
49587,45,53,-8,8
49588,69,94,-25,25
49589,91,92,-1,1
49590,77,69,8,8
49591,83,81,2,2
49592,73,71,2,2
49593,70,74,-4,4
49594,228,181,47,47
49595,50,52,-2,2
49596,69,71,-2,2
49597,88,89,-1,1
49598,76,77,-1,1
49599,80,74,6,6
49600,73,75,-2,2
49601,86,91,-5,5
49602,103,123,-20,20
49603,135,126,9,9
49604,75,84,-9,9
49605,78,83,-5,5
49606,114,98,16,16
49607,112,116,-4,4
49608,66,75,-9,9
49609,94,92,2,2
49610,86,80,6,6
49611,86,83,3,3
49612,115,125,-10,10
49613,81,78,3,3
49614,96,105,-9,9
49615,100,96,4,4
49616,137,135,2,2
49617,71,71,0,0
49618,77,75,2,2
49619,102,100,2,2
49620,83,90,-7,7
49621,87,92,-5,5
49622,123,107,16,16
49623,65,71,-6,6
49624,59,68,-9,9
49625,98,99,-1,1
49626,127,131,-4,4
49627,141,128,13,13
49628,55,59,-4,4
49629,63,70,-7,7
49630,102,100,2,2
49631,63,73,-10,10
49632,108,100,8,8
49633,105,105,0,0
49634,57,52,5,5
49635,64,55,9,9
49636,83,84,-1,1
49637,97,97,0,0
49638,97,100,-3,3
49639,84,97,-13,13
49640,117,113,4,4
49641,99,98,1,1
49642,106,108,-2,2
49643,101,102,-1,1
49644,91,88,3,3
49645,131,117,14,14
49646,162,157,5,5
49647,81,83,-2,2
49648,56,61,-5,5
49649,120,106,14,14
49650,103,98,5,5
49651,43,46,-3,3
49652,59,65,-6,6
49653,90,92,-2,2
49654,116,110,6,6
49655,55,56,-1,1
49656,97,93,4,4
49657,99,96,3,3
49658,52,59,-7,7
49659,32,38,-6,6
49660,91,102,-11,11
49661,92,94,-2,2
49662,52,58,-6,6
49663,159,143,16,16
49664,144,127,17,17
49665,115,111,4,4
49666,44,51,-7,7
49667,114,117,-3,3
49668,183,166,17,17
49669,94,94,0,0
49670,82,102,-20,20
49671,85,75,10,10
49672,71,67,4,4
49673,151,140,11,11
49674,98,98,0,0
49675,116,116,0,0
49676,108,103,5,5
49677,85,85,0,0
49678,96,107,-11,11
49679,94,103,-9,9
49680,59,66,-7,7
49681,81,82,-1,1
49682,125,127,-2,2
49683,64,74,-10,10
49684,106,101,5,5
49685,89,91,-2,2
49686,91,90,1,1
49687,72,68,4,4
49688,69,78,-9,9
49689,94,85,9,9
49690,133,126,7,7
49691,115,114,1,1
49692,92,90,2,2
49693,171,150,21,21
49694,108,105,3,3
49695,102,97,5,5
49696,133,138,-5,5
49697,89,85,4,4
49698,93,92,1,1
49699,39,51,-12,12
49700,119,111,8,8
49701,116,115,1,1
49702,71,66,5,5
49703,121,126,-5,5
49704,109,105,4,4
49705,121,107,14,14
49706,87,92,-5,5
49707,73,86,-13,13
49708,103,96,7,7
49709,50,57,-7,7
49710,53,58,-5,5
49711,94,101,-7,7
49712,143,148,-5,5
49713,68,68,0,0
49714,148,131,17,17
49715,54,55,-1,1
49716,121,112,9,9
49717,116,118,-2,2
49718,91,101,-10,10
49719,74,72,2,2
49720,68,69,-1,1
49721,129,127,2,2
49722,69,66,3,3
49723,43,54,-11,11
49724,125,118,7,7
49725,101,108,-7,7
49726,188,162,26,26
49727,135,120,15,15
49728,57,66,-9,9
49729,96,100,-4,4
49730,68,69,-1,1
49731,154,137,17,17
49732,101,105,-4,4
49733,48,60,-12,12
49734,62,74,-12,12
49735,182,169,13,13
49736,83,78,5,5
49737,52,60,-8,8
49738,97,85,12,12
49739,108,102,6,6
49740,90,102,-12,12
49741,88,84,4,4
49742,109,110,-1,1
49743,84,98,-14,14
49744,93,104,-11,11
49745,87,84,3,3
49746,75,75,0,0
49747,77,85,-8,8
49748,159,139,20,20
49749,56,62,-6,6
49750,135,115,20,20
49751,42,50,-8,8
49752,42,44,-2,2
49753,82,96,-14,14
49754,106,116,-10,10
49755,98,106,-8,8
49756,59,68,-9,9
49757,158,137,21,21
49758,109,114,-5,5
49759,93,94,-1,1
49760,174,163,11,11
49761,91,96,-5,5
49762,138,117,21,21
49763,104,100,4,4
49764,92,97,-5,5
49765,67,74,-7,7
49766,87,94,-7,7
49767,135,124,11,11
49768,102,96,6,6
49769,164,152,12,12
49770,67,74,-7,7
49771,106,91,15,15
49772,88,97,-9,9
49773,109,111,-2,2
49774,97,91,6,6
49775,49,57,-8,8
49776,124,118,6,6
49777,64,66,-2,2
49778,160,146,14,14
49779,108,108,0,0
49780,71,73,-2,2
49781,108,102,6,6
49782,87,92,-5,5
49783,181,163,18,18
49784,100,95,5,5
49785,52,55,-3,3
49786,128,128,0,0
49787,84,83,1,1
49788,123,110,13,13
49789,131,131,0,0
49790,113,120,-7,7
49791,127,129,-2,2
49792,85,95,-10,10
49793,71,75,-4,4
49794,108,108,0,0
49795,74,72,2,2
49796,160,148,12,12
49797,72,82,-10,10
49798,75,77,-2,2
49799,122,127,-5,5
49800,85,90,-5,5
49801,74,85,-11,11
49802,44,75,-31,31
49803,110,125,-15,15
49804,64,73,-9,9
49805,40,56,-16,16
49806,124,111,13,13
49807,88,93,-5,5
49808,123,119,4,4
49809,122,124,-2,2
49810,122,124,-2,2
49811,104,100,4,4
49812,100,105,-5,5
49813,83,83,0,0
49814,50,60,-10,10
49815,93,95,-2,2
49816,91,87,4,4
49817,78,86,-8,8
49818,121,115,6,6
49819,90,91,-1,1
49820,53,60,-7,7
49821,112,103,9,9
49822,82,82,0,0
49823,167,155,12,12
49824,97,96,1,1
49825,63,67,-4,4
49826,112,109,3,3
49827,102,91,11,11
49828,78,81,-3,3
49829,124,124,0,0
49830,60,65,-5,5
49831,59,60,-1,1
49832,55,66,-11,11
49833,154,143,11,11
49834,86,87,-1,1
49835,102,99,3,3
49836,70,73,-3,3
49837,47,51,-4,4
49838,79,67,12,12
49839,62,64,-2,2
49840,114,131,-17,17
49841,117,107,10,10
49842,60,62,-2,2
49843,86,78,8,8
49844,152,147,5,5
49845,168,162,6,6
49846,124,128,-4,4
49847,60,64,-4,4
49848,125,113,12,12
49849,62,70,-8,8
49850,88,95,-7,7
49851,66,68,-2,2
49852,175,158,17,17
49853,88,91,-3,3
49854,45,59,-14,14
49855,74,73,1,1
49856,135,126,9,9
49857,106,102,4,4
49858,130,114,16,16
49859,79,87,-8,8
49860,81,82,-1,1
49861,65,74,-9,9
49862,107,97,10,10
49863,97,95,2,2
49864,76,87,-11,11
49865,116,105,11,11
49866,59,64,-5,5
49867,54,68,-14,14
49868,98,102,-4,4
49869,128,142,-14,14
49870,106,102,4,4
49871,78,82,-4,4
49872,131,131,0,0
49873,69,71,-2,2
49874,153,154,-1,1
49875,71,76,-5,5
49876,67,74,-7,7
49877,107,103,4,4
49878,75,101,-26,26
49879,87,91,-4,4
49880,94,84,10,10
49881,90,103,-13,13
49882,74,79,-5,5
49883,135,133,2,2
49884,134,128,6,6
49885,151,137,14,14
49886,92,100,-8,8
49887,92,97,-5,5
49888,80,75,5,5
49889,91,95,-4,4
49890,89,97,-8,8
49891,86,83,3,3
49892,76,81,-5,5
49893,107,105,2,2
49894,140,113,27,27
49895,85,102,-17,17
49896,85,85,0,0
49897,69,64,5,5
49898,96,94,2,2
49899,62,61,1,1
49900,79,79,0,0
49901,138,117,21,21
49902,115,103,12,12
49903,106,100,6,6
49904,93,94,-1,1
49905,122,117,5,5
49906,106,99,7,7
49907,90,93,-3,3
49908,88,81,7,7
49909,72,73,-1,1
49910,84,96,-12,12
49911,138,136,2,2
49912,92,100,-8,8
49913,95,98,-3,3
49914,86,84,2,2
49915,73,70,3,3
49916,70,82,-12,12
49917,61,67,-6,6
49918,161,148,13,13
49919,89,85,4,4
49920,130,126,4,4
49921,99,73,26,26
49922,79,81,-2,2
49923,47,61,-14,14
49924,75,90,-15,15
49925,69,72,-3,3
49926,78,84,-6,6
49927,45,49,-4,4
49928,67,81,-14,14
49929,99,105,-6,6
49930,92,106,-14,14
49931,116,112,4,4
49932,132,119,13,13
49933,88,96,-8,8
49934,94,101,-7,7
49935,112,122,-10,10
49936,40,57,-17,17
49937,58,64,-6,6
49938,88,82,6,6
49939,85,85,0,0
49940,86,33,53,53
49941,145,141,4,4
49942,105,100,5,5
49943,99,93,6,6
49944,62,65,-3,3
49945,95,100,-5,5
49946,90,83,7,7
49947,57,52,5,5
49948,104,101,3,3
49949,70,71,-1,1
49950,103,97,6,6
49951,102,94,8,8
49952,56,59,-3,3
49953,67,72,-5,5
49954,65,71,-6,6
49955,65,75,-10,10
49956,100,126,-26,26
49957,77,92,-15,15
49958,140,127,13,13
49959,86,81,5,5
49960,123,124,-1,1
49961,33,79,-46,46
49962,102,96,6,6
49963,116,109,7,7
49964,63,71,-8,8
49965,79,87,-8,8
49966,160,147,13,13
49967,60,63,-3,3
49968,65,65,0,0
49969,84,88,-4,4
49970,67,70,-3,3
49971,90,94,-4,4
49972,70,82,-12,12
49973,68,73,-5,5
49974,104,116,-12,12
49975,87,92,-5,5
49976,124,108,16,16
49977,128,128,0,0
49978,166,162,4,4
49979,72,76,-4,4
49980,54,58,-4,4
49981,111,102,9,9
49982,93,91,2,2
49983,107,102,5,5
49984,137,132,5,5
49985,89,85,4,4
49986,68,65,3,3
49987,52,57,-5,5
49988,75,87,-12,12
49989,79,79,0,0
49990,48,61,-13,13
49991,75,73,2,2
49992,85,84,1,1
49993,78,84,-6,6
49994,101,100,1,1
49995,173,149,24,24
49996,90,84,6,6
49997,55,57,-2,2
49998,98,104,-6,6
49999,131,116,15,15
50000,149,132,17,17
50001,90,93,-3,3
50002,51,53,-2,2
50003,68,71,-3,3
50004,111,102,9,9
50005,77,84,-7,7
50006,150,143,7,7
50007,123,115,8,8
50008,42,50,-8,8
50009,111,106,5,5
50010,73,75,-2,2
50011,77,81,-4,4
50012,74,84,-10,10
50013,145,128,17,17
50014,77,72,5,5
50015,102,103,-1,1
50016,79,82,-3,3
50017,65,70,-5,5
50018,64,68,-4,4
50019,54,49,5,5
50020,127,118,9,9
50021,126,132,-6,6
50022,83,84,-1,1
50023,108,102,6,6
50024,103,104,-1,1
50025,132,133,-1,1
50026,141,127,14,14
50027,132,129,3,3
50028,71,75,-4,4
50029,111,109,2,2
50030,133,120,13,13
50031,102,103,-1,1
50032,57,61,-4,4
50033,92,104,-12,12
50034,120,110,10,10
50035,85,82,3,3
50036,86,95,-9,9
50037,79,76,3,3
50038,69,75,-6,6
50039,63,56,7,7
50040,118,123,-5,5
50041,132,119,13,13
50042,72,79,-7,7
50043,98,109,-11,11
50044,110,107,3,3
50045,105,109,-4,4
50046,67,71,-4,4
50047,92,98,-6,6
50048,118,130,-12,12
50049,134,117,17,17
50050,70,70,0,0
50051,129,117,12,12
50052,67,68,-1,1
50053,36,32,4,4
50054,137,144,-7,7
50055,40,56,-16,16
50056,89,93,-4,4
50057,89,92,-3,3
50058,83,83,0,0
50059,70,92,-22,22
50060,125,124,1,1
50061,113,108,5,5
50062,64,67,-3,3
50063,101,95,6,6
50064,92,80,12,12
50065,118,111,7,7
50066,70,74,-4,4
50067,87,116,-29,29
50068,112,109,3,3
50069,195,187,8,8
50070,122,120,2,2
50071,59,63,-4,4
50072,155,141,14,14
50073,131,124,7,7
50074,143,120,23,23
50075,117,103,14,14
50076,120,116,4,4
50077,113,105,8,8
50078,102,101,1,1
50079,131,118,13,13
50080,105,100,5,5
50081,87,94,-7,7
50082,66,67,-1,1
50083,122,132,-10,10
50084,116,99,17,17
50085,104,100,4,4
50086,51,59,-8,8
50087,90,95,-5,5
50088,87,89,-2,2
50089,93,102,-9,9
50090,61,73,-12,12
50091,106,109,-3,3
50092,47,55,-8,8
50093,80,79,1,1
50094,74,71,3,3
50095,50,59,-9,9
50096,167,155,12,12
50097,56,56,0,0
50098,110,121,-11,11
50099,160,123,37,37
50100,105,107,-2,2
50101,63,66,-3,3
50102,97,98,-1,1
50103,98,98,0,0
50104,108,106,2,2
50105,105,104,1,1
50106,119,105,14,14
50107,144,129,15,15
50108,65,67,-2,2
50109,112,107,5,5
50110,113,106,7,7
50111,98,105,-7,7
50112,83,77,6,6
50113,170,155,15,15
50114,88,94,-6,6
50115,109,104,5,5
50116,92,92,0,0
50117,121,122,-1,1
50118,58,54,4,4
50119,96,124,-28,28
50120,108,103,5,5
50121,150,142,8,8
50122,78,82,-4,4
50123,43,47,-4,4
50124,49,62,-13,13
50125,173,152,21,21
50126,100,99,1,1
50127,104,97,7,7
50128,76,90,-14,14
50129,108,106,2,2
50130,148,139,9,9
50131,74,76,-2,2
50132,72,69,3,3
50133,78,74,4,4
50134,108,110,-2,2
50135,92,95,-3,3
50136,94,101,-7,7
50137,104,106,-2,2
50138,102,108,-6,6
50139,70,70,0,0
50140,88,84,4,4
50141,104,107,-3,3
50142,115,100,15,15
50143,87,82,5,5
50144,110,108,2,2
50145,70,73,-3,3
50146,78,82,-4,4
50147,80,85,-5,5
50148,56,59,-3,3
50149,125,121,4,4
50150,79,81,-2,2
50151,90,85,5,5
50152,134,134,0,0
50153,123,117,6,6
50154,116,101,15,15
50155,79,83,-4,4
50156,100,114,-14,14
50157,55,63,-8,8
50158,86,84,2,2
50159,125,130,-5,5
50160,68,72,-4,4
50161,73,79,-6,6
50162,103,100,3,3
50163,172,173,-1,1
50164,18,32,-14,14
50165,80,87,-7,7
50166,64,66,-2,2
50167,90,93,-3,3
50168,100,103,-3,3
50169,52,62,-10,10
50170,199,169,30,30
50171,90,99,-9,9
50172,80,99,-19,19
50173,138,141,-3,3
50174,64,74,-10,10
50175,101,100,1,1
50176,116,127,-11,11
50177,134,116,18,18
50178,113,109,4,4
50179,84,83,1,1
50180,55,72,-17,17
50181,194,178,16,16
50182,81,91,-10,10
50183,100,99,1,1
50184,97,102,-5,5
50185,64,66,-2,2
50186,55,62,-7,7
50187,68,76,-8,8
50188,103,105,-2,2
50189,102,92,10,10
50190,68,65,3,3
50191,95,93,2,2
50192,74,81,-7,7
50193,77,60,17,17
50194,97,105,-8,8
50195,77,70,7,7
50196,124,116,8,8
50197,62,69,-7,7
50198,78,84,-6,6
50199,149,139,10,10
50200,53,67,-14,14
50201,80,90,-10,10
50202,82,93,-11,11
50203,69,72,-3,3
50204,80,92,-12,12
50205,45,49,-4,4
50206,66,71,-5,5
50207,46,58,-12,12
50208,82,92,-10,10
50209,45,50,-5,5
50210,105,102,3,3
50211,109,100,9,9
50212,89,92,-3,3
50213,69,73,-4,4
50214,132,107,25,25
50215,106,108,-2,2
50216,132,126,6,6
50217,141,139,2,2
50218,282,261,21,21
50219,151,161,-10,10
50220,93,86,7,7
50221,129,130,-1,1
50222,82,93,-11,11
50223,72,74,-2,2
50224,86,90,-4,4
50225,42,42,0,0
50226,85,80,5,5
50227,105,95,10,10
50228,110,105,5,5
50229,50,57,-7,7
50230,88,100,-12,12
50231,98,90,8,8
50232,85,82,3,3
50233,122,126,-4,4
50234,122,141,-19,19
50235,124,115,9,9
50236,77,82,-5,5
50237,117,115,2,2
50238,98,113,-15,15
50239,90,90,0,0
50240,129,117,12,12
50241,88,99,-11,11
50242,73,77,-4,4
50243,77,80,-3,3
50244,139,143,-4,4
50245,96,94,2,2
50246,102,98,4,4
50247,87,96,-9,9
50248,70,72,-2,2
50249,159,148,11,11
50250,60,66,-6,6
50251,69,68,1,1
50252,113,113,0,0
50253,156,144,12,12
50254,118,108,10,10
50255,53,57,-4,4
50256,104,106,-2,2
50257,83,77,6,6
50258,67,63,4,4
50259,95,106,-11,11
50260,103,103,0,0
50261,132,143,-11,11
50262,115,106,9,9
50263,89,96,-7,7
50264,107,102,5,5
50265,99,104,-5,5
50266,97,99,-2,2
50267,54,63,-9,9
50268,101,102,-1,1
50269,97,92,5,5
50270,81,90,-9,9
50271,150,156,-6,6
50272,76,104,-28,28
50273,87,96,-9,9
50274,101,116,-15,15
50275,51,58,-7,7
50276,99,103,-4,4
50277,76,75,1,1
50278,170,155,15,15
50279,129,107,22,22
50280,73,79,-6,6
50281,172,173,-1,1
50282,142,133,9,9
50283,104,104,0,0
50284,125,119,6,6
50285,51,58,-7,7
50286,127,127,0,0
50287,150,138,12,12
50288,71,81,-10,10
50289,129,135,-6,6
50290,92,100,-8,8
50291,83,81,2,2
50292,82,90,-8,8
50293,143,151,-8,8
50294,105,102,3,3
50295,60,66,-6,6
50296,79,84,-5,5
50297,26,35,-9,9
50298,131,116,15,15
50299,90,86,4,4
50300,72,74,-2,2
50301,62,68,-6,6
50302,76,72,4,4
50303,138,132,6,6
50304,81,83,-2,2
50305,108,100,8,8
50306,88,99,-11,11
50307,115,120,-5,5
50308,123,116,7,7
50309,89,100,-11,11
50310,123,124,-1,1
50311,104,101,3,3
50312,67,66,1,1
50313,82,92,-10,10
50314,68,70,-2,2
50315,72,70,2,2
50316,92,96,-4,4
50317,60,65,-5,5
50318,76,94,-18,18
50319,91,94,-3,3
50320,95,90,5,5
50321,101,103,-2,2
50322,96,100,-4,4
50323,122,116,6,6
50324,139,138,1,1
50325,141,115,26,26
50326,89,82,7,7
50327,103,116,-13,13
50328,51,62,-11,11
50329,75,85,-10,10
50330,107,119,-12,12
50331,64,71,-7,7
50332,54,56,-2,2
50333,90,89,1,1
50334,75,83,-8,8
50335,136,125,11,11
50336,99,109,-10,10
50337,128,135,-7,7
50338,125,104,21,21
50339,131,116,15,15
50340,61,57,4,4
50341,60,64,-4,4
50342,70,84,-14,14
50343,136,135,1,1
50344,91,82,9,9
50345,74,74,0,0
50346,63,70,-7,7
50347,113,103,10,10
50348,78,68,10,10
50349,208,190,18,18
50350,153,148,5,5
50351,154,152,2,2
50352,92,95,-3,3
50353,61,64,-3,3
50354,88,95,-7,7
50355,53,71,-18,18
50356,60,63,-3,3
50357,101,97,4,4
50358,108,107,1,1
50359,70,67,3,3
50360,73,73,0,0
50361,86,92,-6,6
50362,63,67,-4,4
50363,105,106,-1,1
50364,72,68,4,4
50365,145,130,15,15
50366,71,73,-2,2
50367,148,135,13,13
50368,68,75,-7,7
50369,158,142,16,16
50370,176,165,11,11
50371,98,85,13,13
50372,151,142,9,9
50373,72,91,-19,19
50374,48,55,-7,7
50375,77,77,0,0
50376,65,69,-4,4
50377,107,107,0,0
50378,93,90,3,3
50379,103,108,-5,5
50380,95,91,4,4
50381,45,57,-12,12
50382,148,142,6,6
50383,130,126,4,4
50384,123,116,7,7
50385,91,98,-7,7
50386,127,148,-21,21
50387,66,74,-8,8
50388,71,71,0,0
50389,133,125,8,8
50390,111,118,-7,7
50391,92,103,-11,11
50392,72,72,0,0
50393,70,71,-1,1
50394,158,150,8,8
50395,56,59,-3,3
50396,63,69,-6,6
50397,73,74,-1,1
50398,170,152,18,18
50399,118,121,-3,3
50400,83,92,-9,9
50401,59,69,-10,10
50402,95,83,12,12
50403,79,66,13,13
50404,79,76,3,3
50405,103,118,-15,15
50406,127,123,4,4
50407,93,101,-8,8
50408,82,83,-1,1
50409,48,53,-5,5
50410,90,95,-5,5
50411,76,70,6,6
50412,91,95,-4,4
50413,43,52,-9,9
50414,66,72,-6,6
50415,55,62,-7,7
50416,93,96,-3,3
50417,102,100,2,2
50418,56,62,-6,6
50419,91,93,-2,2
50420,126,128,-2,2
50421,78,88,-10,10
50422,81,81,0,0
50423,103,103,0,0
50424,114,109,5,5
50425,103,104,-1,1
50426,137,139,-2,2
50427,111,107,4,4
50428,71,73,-2,2
50429,99,86,13,13
50430,118,113,5,5
50431,145,134,11,11
50432,83,82,1,1
50433,59,59,0,0
50434,79,83,-4,4
50435,60,62,-2,2
50436,59,61,-2,2
50437,109,111,-2,2
50438,74,82,-8,8
50439,125,131,-6,6
50440,112,103,9,9
50441,74,77,-3,3
50442,149,140,9,9
50443,79,90,-11,11
50444,76,75,1,1
50445,124,114,10,10
50446,62,69,-7,7
50447,59,76,-17,17
50448,190,176,14,14
50449,62,79,-17,17
50450,105,115,-10,10
50451,97,85,12,12
50452,128,126,2,2
50453,113,111,2,2
50454,98,93,5,5
50455,37,47,-10,10
50456,136,133,3,3
50457,79,94,-15,15
50458,47,58,-11,11
50459,98,88,10,10
50460,101,105,-4,4
50461,87,90,-3,3
50462,49,61,-12,12
50463,88,75,13,13
50464,92,92,0,0
50465,128,125,3,3
50466,111,105,6,6
50467,106,103,3,3
50468,57,66,-9,9
50469,95,104,-9,9
50470,60,61,-1,1
50471,131,117,14,14
50472,88,83,5,5
50473,83,87,-4,4
50474,109,103,6,6
50475,114,114,0,0
50476,84,91,-7,7
50477,85,91,-6,6
50478,86,93,-7,7
50479,76,78,-2,2
50480,112,102,10,10
50481,106,112,-6,6
50482,56,60,-4,4
50483,120,123,-3,3
50484,53,64,-11,11
50485,32,55,-23,23
50486,184,180,4,4
50487,82,75,7,7
50488,66,71,-5,5
50489,67,79,-12,12
50490,123,123,0,0
50491,123,120,3,3
50492,146,127,19,19
50493,74,78,-4,4
50494,113,106,7,7
50495,102,109,-7,7
50496,143,130,13,13
50497,88,90,-2,2
50498,136,128,8,8
50499,149,152,-3,3
50500,165,160,5,5
50501,59,64,-5,5
50502,87,84,3,3
50503,85,80,5,5
50504,54,64,-10,10
50505,48,52,-4,4
50506,73,71,2,2
50507,74,72,2,2
50508,125,130,-5,5
50509,71,69,2,2
50510,36,43,-7,7
50511,127,110,17,17
50512,71,70,1,1
50513,92,93,-1,1
50514,55,59,-4,4
50515,62,57,5,5
50516,76,70,6,6
50517,64,66,-2,2
50518,129,126,3,3
50519,147,139,8,8
50520,69,73,-4,4
50521,76,74,2,2
50522,86,92,-6,6
50523,66,59,7,7
50524,76,76,0,0
50525,74,82,-8,8
50526,54,60,-6,6
50527,109,113,-4,4
50528,141,134,7,7
50529,55,64,-9,9
50530,121,106,15,15
50531,79,85,-6,6
50532,80,78,2,2
50533,156,154,2,2
50534,44,46,-2,2
50535,114,105,9,9
50536,105,103,2,2
50537,73,76,-3,3
50538,84,84,0,0
50539,176,161,15,15
50540,62,62,0,0
50541,121,115,6,6
50542,114,117,-3,3
50543,87,96,-9,9
50544,77,86,-9,9
50545,64,66,-2,2
50546,165,154,11,11
50547,139,146,-7,7
50548,121,116,5,5
50549,97,96,1,1
50550,193,163,30,30
50551,125,127,-2,2
50552,76,96,-20,20
50553,54,55,-1,1
50554,134,136,-2,2
50555,72,76,-4,4
50556,96,95,1,1
50557,37,40,-3,3
50558,125,114,11,11
50559,87,82,5,5
50560,33,45,-12,12
50561,71,73,-2,2
50562,53,60,-7,7
50563,59,67,-8,8
50564,110,103,7,7
50565,82,90,-8,8
50566,110,105,5,5
50567,64,64,0,0
50568,65,69,-4,4
50569,134,125,9,9
50570,58,65,-7,7
50571,90,101,-11,11
50572,79,83,-4,4
50573,66,88,-22,22
50574,88,101,-13,13
50575,89,117,-28,28
50576,124,126,-2,2
50577,111,105,6,6
50578,144,129,15,15
50579,131,132,-1,1
50580,133,126,7,7
50581,104,102,2,2
50582,63,69,-6,6
50583,72,67,5,5
50584,76,74,2,2
50585,59,59,0,0
50586,110,103,7,7
50587,69,70,-1,1
50588,112,109,3,3
50589,41,56,-15,15
50590,135,129,6,6
50591,101,120,-19,19
50592,86,85,1,1
50593,116,122,-6,6
50594,88,91,-3,3
50595,74,91,-17,17
50596,41,51,-10,10
50597,91,102,-11,11
50598,164,149,15,15
50599,58,57,1,1
50600,203,178,25,25
50601,84,90,-6,6
50602,91,75,16,16
50603,98,104,-6,6
50604,123,129,-6,6
50605,63,59,4,4
50606,88,83,5,5
50607,92,102,-10,10
50608,117,115,2,2
50609,72,68,4,4
50610,69,71,-2,2
50611,77,76,1,1
50612,77,77,0,0
50613,73,72,1,1
50614,94,95,-1,1
50615,118,113,5,5
50616,98,97,1,1
50617,82,83,-1,1
50618,137,118,19,19
50619,84,97,-13,13
50620,113,111,2,2
50621,145,124,21,21
50622,67,70,-3,3
50623,101,105,-4,4
50624,37,65,-28,28
50625,49,58,-9,9
50626,63,70,-7,7
50627,76,75,1,1
50628,216,183,33,33
50629,138,138,0,0
50630,96,103,-7,7
50631,76,91,-15,15
50632,66,70,-4,4
50633,55,56,-1,1
50634,92,94,-2,2
50635,83,89,-6,6
50636,107,124,-17,17
50637,124,115,9,9
50638,78,77,1,1
50639,149,144,5,5
50640,154,150,4,4
50641,67,66,1,1
50642,82,84,-2,2
50643,99,103,-4,4
50644,107,109,-2,2
50645,156,147,9,9
50646,174,196,-22,22
50647,103,102,1,1
50648,116,115,1,1
50649,44,42,2,2
50650,108,107,1,1
50651,94,102,-8,8
50652,63,72,-9,9
50653,95,96,-1,1
50654,57,64,-7,7
50655,72,75,-3,3
50656,72,72,0,0
50657,101,102,-1,1
50658,94,113,-19,19
50659,86,75,11,11
50660,157,144,13,13
50661,56,60,-4,4
50662,77,81,-4,4
50663,76,91,-15,15
50664,164,161,3,3
50665,68,79,-11,11
50666,65,74,-9,9
50667,124,125,-1,1
50668,62,67,-5,5
50669,138,128,10,10
50670,146,137,9,9
50671,135,155,-20,20
50672,124,116,8,8
50673,105,101,4,4
50674,71,71,0,0
50675,84,85,-1,1
50676,84,77,7,7
50677,70,71,-1,1
50678,112,105,7,7
50679,127,130,-3,3
50680,51,140,-89,89
50681,104,103,1,1
50682,96,105,-9,9
50683,97,85,12,12
50684,72,76,-4,4
50685,117,110,7,7
50686,115,127,-12,12
50687,76,82,-6,6
50688,98,103,-5,5
50689,70,79,-9,9
50690,97,98,-1,1
50691,131,148,-17,17
50692,50,58,-8,8
50693,68,71,-3,3
50694,64,64,0,0
50695,103,104,-1,1
50696,48,51,-3,3
50697,106,104,2,2
50698,80,85,-5,5
50699,131,129,2,2
50700,59,64,-5,5
50701,196,184,12,12
50702,143,147,-4,4
50703,74,71,3,3
50704,69,76,-7,7
50705,70,75,-5,5
50706,114,105,9,9
50707,70,71,-1,1
50708,42,51,-9,9
50709,112,120,-8,8
50710,79,76,3,3
50711,159,153,6,6
50712,121,107,14,14
50713,69,74,-5,5
50714,93,84,9,9
50715,90,91,-1,1
50716,91,100,-9,9
50717,65,71,-6,6
50718,136,142,-6,6
50719,65,72,-7,7
50720,51,63,-12,12
50721,131,117,14,14
50722,81,90,-9,9
50723,60,116,-56,56
50724,99,97,2,2
50725,37,75,-38,38
50726,131,117,14,14
50727,164,143,21,21
50728,63,70,-7,7
50729,208,188,20,20
50730,40,55,-15,15
50731,94,106,-12,12
50732,114,115,-1,1
50733,72,82,-10,10
50734,83,80,3,3
50735,65,72,-7,7
50736,124,130,-6,6
50737,45,54,-9,9
50738,78,77,1,1
50739,139,129,10,10
50740,63,70,-7,7
50741,88,98,-10,10
50742,81,85,-4,4
50743,79,72,7,7
50744,106,104,2,2
50745,129,116,13,13
50746,107,111,-4,4
50747,67,76,-9,9
50748,119,117,2,2
50749,96,103,-7,7
50750,96,91,5,5
50751,64,70,-6,6
50752,110,105,5,5
50753,122,127,-5,5
50754,159,158,1,1
50755,84,91,-7,7
50756,78,75,3,3
50757,186,187,-1,1
50758,77,79,-2,2
50759,95,91,4,4
50760,78,79,-1,1
50761,84,103,-19,19
50762,115,107,8,8
50763,104,107,-3,3
50764,84,75,9,9
50765,94,90,4,4
50766,103,96,7,7
50767,120,117,3,3
50768,80,92,-12,12
50769,63,60,3,3
50770,113,121,-8,8
50771,82,93,-11,11
50772,111,111,0,0
50773,103,106,-3,3
50774,122,117,5,5
50775,81,84,-3,3
50776,141,140,1,1
50777,122,118,4,4
50778,136,130,6,6
50779,67,72,-5,5
50780,91,106,-15,15
50781,86,93,-7,7
50782,97,93,4,4
50783,42,65,-23,23
50784,63,69,-6,6
50785,118,116,2,2
50786,81,94,-13,13
50787,62,60,2,2
50788,55,63,-8,8
50789,89,97,-8,8
50790,71,74,-3,3
50791,57,65,-8,8
50792,83,91,-8,8
50793,153,140,13,13
50794,106,101,5,5
50795,122,108,14,14
50796,76,76,0,0
50797,90,99,-9,9
50798,70,84,-14,14
50799,33,39,-6,6
50800,83,82,1,1
50801,50,59,-9,9
50802,118,112,6,6
50803,115,107,8,8
50804,45,47,-2,2
50805,58,61,-3,3
50806,38,46,-8,8
50807,97,107,-10,10
50808,39,52,-13,13
50809,28,36,-8,8
50810,117,117,0,0
50811,115,107,8,8
50812,121,116,5,5
50813,105,114,-9,9
50814,88,87,1,1
50815,64,76,-12,12
50816,85,92,-7,7
50817,103,90,13,13
50818,76,78,-2,2
50819,60,67,-7,7
50820,73,77,-4,4
50821,70,69,1,1
50822,54,59,-5,5
50823,83,97,-14,14
50824,77,76,1,1
50825,58,58,0,0
50826,105,97,8,8
50827,145,140,5,5
50828,119,104,15,15
50829,100,102,-2,2
50830,84,90,-6,6
50831,88,82,6,6
50832,90,91,-1,1
50833,65,75,-10,10
50834,131,125,6,6
50835,76,94,-18,18
50836,166,167,-1,1
50837,52,55,-3,3
50838,156,155,1,1
50839,139,148,-9,9
50840,80,79,1,1
50841,73,79,-6,6
50842,94,96,-2,2
50843,83,86,-3,3
50844,108,102,6,6
50845,71,71,0,0
50846,98,106,-8,8
50847,94,96,-2,2
50848,99,96,3,3
50849,29,37,-8,8
50850,85,82,3,3
50851,92,96,-4,4
50852,96,102,-6,6
50853,107,103,4,4
50854,31,54,-23,23
50855,80,70,10,10
50856,86,85,1,1
50857,147,134,13,13
50858,113,116,-3,3
50859,58,61,-3,3
50860,69,77,-8,8
50861,81,91,-10,10
50862,105,106,-1,1
50863,146,129,17,17
50864,126,119,7,7
50865,72,75,-3,3
50866,110,104,6,6
50867,140,144,-4,4
50868,93,91,2,2
50869,88,91,-3,3
50870,84,103,-19,19
50871,57,61,-4,4
50872,78,76,2,2
50873,76,73,3,3
50874,143,126,17,17
50875,108,139,-31,31
50876,45,61,-16,16
50877,87,94,-7,7
50878,77,80,-3,3
50879,96,115,-19,19
50880,84,83,1,1
50881,60,66,-6,6
50882,74,85,-11,11
50883,83,83,0,0
50884,69,68,1,1
50885,58,56,2,2
50886,73,74,-1,1
50887,81,90,-9,9
50888,106,101,5,5
50889,140,149,-9,9
50890,75,79,-4,4
50891,102,103,-1,1
50892,137,115,22,22
50893,63,95,-32,32
50894,80,77,3,3
50895,65,71,-6,6
50896,151,138,13,13
50897,138,136,2,2
50898,104,98,6,6
50899,142,132,10,10
50900,77,92,-15,15
50901,102,105,-3,3
50902,83,84,-1,1
50903,74,85,-11,11
50904,113,110,3,3
50905,115,111,4,4
50906,86,100,-14,14
50907,66,65,1,1
50908,123,114,9,9
50909,173,161,12,12
50910,138,141,-3,3
50911,121,120,1,1
50912,187,178,9,9
50913,103,96,7,7
50914,93,148,-55,55
50915,134,127,7,7
50916,84,81,3,3
50917,140,131,9,9
50918,139,124,15,15
50919,112,122,-10,10
50920,81,84,-3,3
50921,48,50,-2,2
50922,111,107,4,4
50923,133,128,5,5
50924,158,144,14,14
50925,47,55,-8,8
50926,115,119,-4,4
50927,59,70,-11,11
50928,136,128,8,8
50929,86,95,-9,9
50930,89,98,-9,9
50931,104,106,-2,2
50932,88,93,-5,5
50933,68,71,-3,3
50934,105,102,3,3
50935,122,116,6,6
50936,93,91,2,2
50937,172,161,11,11
50938,77,85,-8,8
50939,141,132,9,9
50940,106,110,-4,4
50941,102,111,-9,9
50942,136,125,11,11
50943,83,81,2,2
50944,60,66,-6,6
50945,90,102,-12,12
50946,69,73,-4,4
50947,96,95,1,1
50948,101,101,0,0
50949,90,81,9,9
50950,95,103,-8,8
50951,80,94,-14,14
50952,91,95,-4,4
50953,125,117,8,8
50954,85,84,1,1
50955,129,127,2,2
50956,117,120,-3,3
50957,77,80,-3,3
50958,82,89,-7,7
50959,135,131,4,4
50960,120,115,5,5
50961,89,75,14,14
50962,161,155,6,6
50963,70,75,-5,5
50964,60,68,-8,8
50965,172,159,13,13
50966,136,124,12,12
50967,86,83,3,3
50968,106,114,-8,8
50969,107,113,-6,6
50970,98,102,-4,4
50971,120,144,-24,24
50972,158,150,8,8
50973,61,63,-2,2
50974,101,99,2,2
50975,94,94,0,0
50976,60,71,-11,11
50977,68,72,-4,4
50978,99,90,9,9
50979,56,57,-1,1
50980,110,104,6,6
50981,102,104,-2,2
50982,83,87,-4,4
50983,92,97,-5,5
50984,77,72,5,5
50985,125,133,-8,8
50986,79,75,4,4
50987,67,67,0,0
50988,113,111,2,2
50989,122,122,0,0
50990,131,125,6,6
50991,104,103,1,1
50992,89,106,-17,17
50993,92,98,-6,6
50994,217,143,74,74
50995,45,51,-6,6
50996,69,82,-13,13
50997,112,116,-4,4
50998,146,120,26,26
50999,95,100,-5,5
51000,91,98,-7,7
51001,70,76,-6,6
51002,75,90,-15,15
51003,95,99,-4,4
51004,112,98,14,14
51005,58,62,-4,4
51006,54,56,-2,2
51007,94,102,-8,8
51008,108,103,5,5
51009,89,93,-4,4
51010,90,93,-3,3
51011,129,124,5,5
51012,105,97,8,8
51013,94,93,1,1
51014,132,144,-12,12
51015,95,100,-5,5
51016,68,63,5,5
51017,97,92,5,5
51018,128,116,12,12
51019,116,118,-2,2
51020,93,96,-3,3
51021,89,83,6,6
51022,176,175,1,1
51023,172,170,2,2
51024,54,57,-3,3
51025,60,70,-10,10
51026,39,32,7,7
51027,96,86,10,10
51028,60,75,-15,15
51029,52,54,-2,2
51030,105,105,0,0
51031,137,136,1,1
51032,151,138,13,13
51033,108,118,-10,10
51034,100,96,4,4
51035,68,74,-6,6
51036,99,104,-5,5
51037,100,101,-1,1
51038,112,105,7,7
51039,78,74,4,4
51040,110,111,-1,1
51041,70,67,3,3
51042,122,115,7,7
51043,72,81,-9,9
51044,191,174,17,17
51045,106,108,-2,2
51046,102,104,-2,2
51047,130,116,14,14
51048,83,85,-2,2
51049,70,74,-4,4
51050,93,99,-6,6
51051,98,95,3,3
51052,72,73,-1,1
51053,121,110,11,11
51054,157,146,11,11
51055,72,82,-10,10
51056,88,90,-2,2
51057,109,108,1,1
51058,129,115,14,14
51059,185,167,18,18
51060,82,96,-14,14
51061,45,43,2,2
51062,47,56,-9,9
51063,75,86,-11,11
51064,107,99,8,8
51065,73,79,-6,6
51066,90,92,-2,2
51067,69,72,-3,3
51068,100,107,-7,7
51069,87,78,9,9
51070,56,60,-4,4
51071,83,80,3,3
51072,140,139,1,1
51073,64,61,3,3
51074,97,97,0,0
51075,86,90,-4,4
51076,129,115,14,14
51077,119,110,9,9
51078,85,90,-5,5
51079,109,101,8,8
51080,92,93,-1,1
51081,152,138,14,14
51082,74,80,-6,6
51083,147,181,-34,34
51084,117,115,2,2
51085,85,95,-10,10
51086,115,123,-8,8
51087,96,96,0,0
51088,109,107,2,2
51089,70,75,-5,5
51090,107,101,6,6
51091,71,83,-12,12
51092,80,85,-5,5
51093,117,110,7,7
51094,149,149,0,0
51095,74,74,0,0
51096,100,100,0,0
51097,131,138,-7,7
51098,100,103,-3,3
51099,72,71,1,1
51100,92,108,-16,16
51101,68,67,1,1
51102,71,78,-7,7
51103,60,60,0,0
51104,74,79,-5,5
51105,114,111,3,3
51106,44,49,-5,5
51107,104,115,-11,11
51108,143,140,3,3
51109,159,141,18,18
51110,76,78,-2,2
51111,93,94,-1,1
51112,91,94,-3,3
51113,91,98,-7,7
51114,188,166,22,22
51115,85,90,-5,5
51116,58,55,3,3
51117,115,110,5,5
51118,51,60,-9,9
51119,49,52,-3,3
51120,108,112,-4,4
51121,92,95,-3,3
51122,102,105,-3,3
51123,113,109,4,4
51124,100,103,-3,3
51125,80,76,4,4
51126,109,115,-6,6
51127,72,75,-3,3
51128,91,101,-10,10
51129,93,95,-2,2
51130,44,50,-6,6
51131,104,110,-6,6
51132,50,65,-15,15
51133,76,79,-3,3
51134,53,55,-2,2
51135,119,113,6,6
51136,105,96,9,9
51137,110,123,-13,13
51138,148,150,-2,2
51139,105,97,8,8
51140,139,128,11,11
51141,97,91,6,6
51142,113,102,11,11
51143,85,84,1,1
51144,113,105,8,8
51145,60,64,-4,4
51146,66,65,1,1
51147,115,108,7,7
51148,30,46,-16,16
51149,76,72,4,4
51150,73,82,-9,9
51151,72,83,-11,11
51152,141,133,8,8
51153,58,68,-10,10
51154,101,103,-2,2
51155,80,73,7,7
51156,76,77,-1,1
51157,118,121,-3,3
51158,97,99,-2,2
51159,96,108,-12,12
51160,40,47,-7,7
51161,157,145,12,12
51162,125,118,7,7
51163,99,97,2,2
51164,66,70,-4,4
51165,117,116,1,1
51166,94,103,-9,9
51167,54,64,-10,10
51168,62,62,0,0
51169,74,74,0,0
51170,166,152,14,14
51171,142,140,2,2
51172,81,94,-13,13
51173,110,117,-7,7
51174,114,105,9,9
51175,96,100,-4,4
51176,54,60,-6,6
51177,97,97,0,0
51178,86,101,-15,15
51179,67,75,-8,8
51180,65,68,-3,3
51181,89,101,-12,12
51182,86,92,-6,6
51183,71,77,-6,6
51184,146,142,4,4
51185,81,74,7,7
51186,108,104,4,4
51187,116,115,1,1
51188,90,99,-9,9
51189,108,101,7,7
51190,127,120,7,7
51191,60,66,-6,6
51192,66,63,3,3
51193,180,163,17,17
51194,52,56,-4,4
51195,93,94,-1,1
51196,127,127,0,0
51197,96,92,4,4
51198,110,95,15,15
51199,102,110,-8,8
51200,110,107,3,3
51201,72,70,2,2
51202,161,151,10,10
51203,89,83,6,6
51204,78,79,-1,1
51205,77,87,-10,10
51206,80,80,0,0
51207,78,81,-3,3
51208,135,120,15,15
51209,88,83,5,5
51210,102,91,11,11
51211,73,75,-2,2
51212,101,101,0,0
51213,84,82,2,2
51214,87,84,3,3
51215,79,87,-8,8
51216,84,91,-7,7
51217,140,135,5,5
51218,106,108,-2,2
51219,75,68,7,7
51220,94,96,-2,2
51221,79,91,-12,12
51222,93,93,0,0
51223,155,151,4,4
51224,97,103,-6,6
51225,109,121,-12,12
51226,115,106,9,9
51227,126,117,9,9
51228,90,97,-7,7
51229,72,76,-4,4
51230,63,62,1,1
51231,105,104,1,1
51232,68,72,-4,4
51233,143,135,8,8
51234,116,115,1,1
51235,121,127,-6,6
51236,130,109,21,21
51237,75,75,0,0
51238,70,80,-10,10
51239,109,102,7,7
51240,98,98,0,0
51241,106,94,12,12
51242,76,80,-4,4
51243,60,57,3,3
51244,68,75,-7,7
51245,165,145,20,20
51246,90,108,-18,18
51247,178,160,18,18
51248,79,84,-5,5
51249,72,69,3,3
51250,87,85,2,2
51251,82,83,-1,1
51252,57,63,-6,6
51253,110,112,-2,2
51254,111,110,1,1
51255,70,84,-14,14
51256,112,114,-2,2
51257,52,54,-2,2
51258,94,92,2,2
51259,97,100,-3,3
51260,66,68,-2,2
51261,67,74,-7,7
51262,66,73,-7,7
51263,107,107,0,0
51264,156,192,-36,36
51265,40,93,-53,53
51266,60,67,-7,7
51267,109,128,-19,19
51268,62,66,-4,4
51269,126,115,11,11
51270,96,102,-6,6
51271,106,95,11,11
51272,109,99,10,10
51273,77,80,-3,3
51274,70,70,0,0
51275,75,97,-22,22
51276,194,181,13,13
51277,24,32,-8,8
51278,94,99,-5,5
51279,102,95,7,7
51280,126,117,9,9
51281,150,129,21,21
51282,126,126,0,0
51283,82,92,-10,10
51284,92,105,-13,13
51285,87,90,-3,3
51286,122,131,-9,9
51287,129,132,-3,3
51288,93,94,-1,1
51289,62,71,-9,9
51290,148,149,-1,1
51291,73,76,-3,3
51292,114,104,10,10
51293,82,83,-1,1
51294,99,105,-6,6
51295,181,155,26,26
51296,158,143,15,15
51297,100,104,-4,4
51298,143,136,7,7
51299,118,117,1,1
51300,85,87,-2,2
51301,127,132,-5,5
51302,83,95,-12,12
51303,95,97,-2,2
51304,63,61,2,2
51305,76,76,0,0
51306,111,120,-9,9
51307,69,75,-6,6
51308,100,93,7,7
51309,47,53,-6,6
51310,83,92,-9,9
51311,85,91,-6,6
51312,74,78,-4,4
51313,53,71,-18,18
51314,75,81,-6,6
51315,71,85,-14,14
51316,108,103,5,5
51317,71,77,-6,6
51318,121,118,3,3
51319,100,109,-9,9
51320,113,115,-2,2
51321,86,82,4,4
51322,86,78,8,8
51323,115,110,5,5
51324,38,41,-3,3
51325,140,133,7,7
51326,119,119,0,0
51327,104,103,1,1
51328,135,117,18,18
51329,147,130,17,17
51330,116,110,6,6
51331,137,130,7,7
51332,86,91,-5,5
51333,96,98,-2,2
51334,76,72,4,4
51335,64,65,-1,1
51336,57,61,-4,4
51337,90,103,-13,13
51338,56,75,-19,19
51339,84,97,-13,13
51340,109,102,7,7
51341,124,124,0,0
51342,138,123,15,15
51343,73,74,-1,1
51344,98,96,2,2
51345,93,86,7,7
51346,51,48,3,3
51347,54,58,-4,4
51348,62,65,-3,3
51349,126,125,1,1
51350,85,83,2,2
51351,86,78,8,8
51352,67,67,0,0
51353,80,85,-5,5
51354,55,63,-8,8
51355,115,110,5,5
51356,71,74,-3,3
51357,86,84,2,2
51358,120,115,5,5
51359,94,92,2,2
51360,71,75,-4,4
51361,106,118,-12,12
51362,101,98,3,3
51363,41,50,-9,9
51364,77,73,4,4
51365,130,117,13,13
51366,154,141,13,13
51367,102,94,8,8
51368,56,61,-5,5
51369,108,104,4,4
51370,74,78,-4,4
51371,33,104,-71,71
51372,109,106,3,3
51373,113,107,6,6
51374,115,112,3,3
51375,73,77,-4,4
51376,60,72,-12,12
51377,115,110,5,5
51378,85,94,-9,9
51379,121,109,12,12
51380,128,123,5,5
51381,76,91,-15,15
51382,158,154,4,4
51383,109,110,-1,1
51384,47,55,-8,8
51385,76,72,4,4
51386,75,70,5,5
51387,92,87,5,5
51388,92,94,-2,2
51389,110,96,14,14
51390,101,103,-2,2
51391,95,92,3,3
51392,107,104,3,3
51393,96,99,-3,3
51394,127,123,4,4
51395,104,104,0,0
51396,84,82,2,2
51397,44,47,-3,3
51398,112,117,-5,5
51399,94,100,-6,6
51400,65,69,-4,4
51401,67,74,-7,7
51402,106,104,2,2
51403,85,81,4,4
51404,75,90,-15,15
51405,72,72,0,0
51406,99,78,21,21
51407,63,69,-6,6
51408,157,149,8,8
51409,70,71,-1,1
51410,79,75,4,4
51411,99,96,3,3
51412,100,102,-2,2
51413,152,137,15,15
51414,111,122,-11,11
51415,73,76,-3,3
51416,117,115,2,2
51417,74,74,0,0
51418,84,95,-11,11
51419,117,116,1,1
51420,70,74,-4,4
51421,72,81,-9,9
51422,62,68,-6,6
51423,90,98,-8,8
51424,123,107,16,16
51425,81,85,-4,4
51426,62,65,-3,3
51427,74,73,1,1
51428,189,169,20,20
51429,97,103,-6,6
51430,131,127,4,4
51431,66,75,-9,9
51432,131,120,11,11
51433,101,94,7,7
51434,205,199,6,6
51435,92,98,-6,6
51436,74,91,-17,17
51437,108,102,6,6
51438,78,74,4,4
51439,69,76,-7,7
51440,92,88,4,4
51441,76,81,-5,5
51442,83,83,0,0
51443,104,103,1,1
51444,85,82,3,3
51445,74,73,1,1
51446,134,138,-4,4
51447,119,114,5,5
51448,92,91,1,1
51449,88,89,-1,1
51450,126,129,-3,3
51451,100,97,3,3
51452,45,57,-12,12
51453,131,119,12,12
51454,55,62,-7,7
51455,180,169,11,11
51456,133,115,18,18
51457,94,67,27,27
51458,62,84,-22,22
51459,119,115,4,4
51460,183,175,8,8
51461,88,83,5,5
51462,115,93,22,22
51463,100,92,8,8
51464,64,74,-10,10
51465,83,108,-25,25
51466,138,137,1,1
51467,62,73,-11,11
51468,193,168,25,25
51469,90,83,7,7
51470,77,90,-13,13
51471,111,107,4,4
51472,99,88,11,11
51473,118,119,-1,1
51474,131,124,7,7
51475,71,67,4,4
51476,78,82,-4,4
51477,94,91,3,3
51478,92,97,-5,5
51479,97,102,-5,5
51480,89,88,1,1
51481,131,120,11,11
51482,119,103,16,16
51483,59,70,-11,11
51484,80,82,-2,2
51485,116,107,9,9
51486,93,92,1,1
51487,72,80,-8,8
51488,185,162,23,23
51489,85,91,-6,6
51490,108,113,-5,5
51491,84,90,-6,6
51492,100,103,-3,3
51493,109,91,18,18
51494,43,49,-6,6
51495,77,81,-4,4
51496,87,81,6,6
51497,121,111,10,10
51498,109,110,-1,1
51499,83,94,-11,11
51500,108,100,8,8
51501,166,142,24,24
51502,68,70,-2,2
51503,112,127,-15,15
51504,103,104,-1,1
51505,106,108,-2,2
51506,33,38,-5,5
51507,56,54,2,2
51508,72,72,0,0
51509,136,132,4,4
51510,79,81,-2,2
51511,143,124,19,19
51512,103,101,2,2
51513,75,78,-3,3
51514,73,74,-1,1
51515,68,72,-4,4
51516,68,84,-16,16
51517,102,92,10,10
51518,83,83,0,0
51519,70,83,-13,13
51520,88,91,-3,3
51521,124,118,6,6
51522,111,109,2,2
51523,103,107,-4,4
51524,104,103,1,1
51525,122,115,7,7
51526,119,117,2,2
51527,71,104,-33,33
51528,196,190,6,6
51529,70,71,-1,1
51530,70,90,-20,20
51531,88,89,-1,1
51532,122,116,6,6
51533,102,96,6,6
51534,119,112,7,7
51535,138,130,8,8
51536,165,151,14,14
51537,94,101,-7,7
51538,52,58,-6,6
51539,86,85,1,1
51540,63,70,-7,7
51541,92,84,8,8
51542,65,66,-1,1
51543,47,50,-3,3
51544,62,63,-1,1
51545,79,91,-12,12
51546,166,134,32,32
51547,96,94,2,2
51548,120,129,-9,9
51549,117,114,3,3
51550,99,95,4,4
51551,124,132,-8,8
51552,138,127,11,11
51553,60,70,-10,10
51554,90,93,-3,3
51555,76,85,-9,9
51556,113,128,-15,15
51557,129,125,4,4
51558,80,82,-2,2
51559,99,95,4,4
51560,87,92,-5,5
51561,74,79,-5,5
51562,70,74,-4,4
51563,50,58,-8,8
51564,83,85,-2,2
51565,150,140,10,10
51566,104,102,2,2
51567,107,107,0,0
51568,101,94,7,7
51569,153,146,7,7
51570,81,83,-2,2
51571,58,75,-17,17
51572,104,104,0,0
51573,64,66,-2,2
51574,58,60,-2,2
51575,137,136,1,1
51576,132,108,24,24
51577,110,106,4,4
51578,120,118,2,2
51579,92,95,-3,3
51580,83,113,-30,30
51581,41,55,-14,14
51582,194,179,15,15
51583,79,75,4,4
51584,65,68,-3,3
51585,126,128,-2,2
51586,125,133,-8,8
51587,148,138,10,10
51588,63,64,-1,1
51589,82,93,-11,11
51590,127,120,7,7
51591,141,128,13,13
51592,98,105,-7,7
51593,140,142,-2,2
51594,92,91,1,1
51595,78,90,-12,12
51596,72,75,-3,3
51597,133,118,15,15
51598,82,91,-9,9
51599,53,64,-11,11
51600,68,71,-3,3
51601,135,130,5,5
51602,76,95,-19,19
51603,84,78,6,6
51604,109,105,4,4
51605,115,117,-2,2
51606,32,31,1,1
51607,202,176,26,26
51608,64,66,-2,2
51609,69,69,0,0
51610,61,66,-5,5
51611,81,77,4,4
51612,81,92,-11,11
51613,103,102,1,1
51614,73,70,3,3
51615,103,117,-14,14
51616,153,153,0,0
51617,78,82,-4,4
51618,100,100,0,0
51619,136,144,-8,8
51620,58,62,-4,4
51621,75,89,-14,14
51622,130,115,15,15
51623,127,113,14,14
51624,51,60,-9,9
51625,87,77,10,10
51626,99,102,-3,3
51627,121,113,8,8
51628,83,88,-5,5
51629,65,65,0,0
51630,86,91,-5,5
51631,129,125,4,4
51632,77,91,-14,14
51633,63,73,-10,10
51634,70,71,-1,1
51635,75,81,-6,6
51636,75,79,-4,4
51637,132,133,-1,1
51638,157,150,7,7
51639,130,133,-3,3
51640,80,85,-5,5
51641,97,102,-5,5
51642,68,69,-1,1
51643,98,101,-3,3
51644,81,90,-9,9
51645,51,55,-4,4
51646,84,84,0,0
51647,79,80,-1,1
51648,151,145,6,6
51649,82,86,-4,4
51650,127,123,4,4
51651,63,72,-9,9
51652,97,95,2,2
51653,121,117,4,4
51654,157,144,13,13
51655,101,101,0,0
51656,160,157,3,3
51657,92,98,-6,6
51658,107,115,-8,8
51659,108,99,9,9
51660,119,103,16,16
51661,61,71,-10,10
51662,112,108,4,4
51663,71,71,0,0
51664,99,103,-4,4
51665,68,78,-10,10
51666,116,122,-6,6
51667,64,73,-9,9
51668,124,128,-4,4
51669,139,130,9,9
51670,80,81,-1,1
51671,157,144,13,13
51672,101,98,3,3
51673,114,109,5,5
51674,126,128,-2,2
51675,148,141,7,7
51676,77,84,-7,7
51677,187,175,12,12
51678,139,136,3,3
51679,164,152,12,12
51680,98,103,-5,5
51681,86,94,-8,8
51682,61,63,-2,2
51683,143,148,-5,5
51684,57,61,-4,4
51685,52,53,-1,1
51686,92,103,-11,11
51687,108,104,4,4
51688,156,138,18,18
51689,159,143,16,16
51690,157,142,15,15
51691,102,98,4,4
51692,138,124,14,14
51693,78,82,-4,4
51694,83,74,9,9
51695,108,98,10,10
51696,60,59,1,1
51697,142,117,25,25
51698,55,58,-3,3
51699,65,65,0,0
51700,125,120,5,5
51701,90,94,-4,4
51702,74,77,-3,3
51703,156,147,9,9
51704,76,78,-2,2
51705,94,100,-6,6
51706,84,90,-6,6
51707,84,78,6,6
51708,68,78,-10,10
51709,144,139,5,5
51710,74,72,2,2
51711,104,106,-2,2
51712,98,78,20,20
51713,92,92,0,0
51714,106,104,2,2
51715,94,96,-2,2
51716,91,96,-5,5
51717,61,32,29,29
51718,77,81,-4,4
51719,71,75,-4,4
51720,98,95,3,3
51721,73,82,-9,9
51722,103,106,-3,3
51723,124,117,7,7
51724,135,134,1,1
51725,118,125,-7,7
51726,96,102,-6,6
51727,54,63,-9,9
51728,112,101,11,11
51729,72,77,-5,5
51730,70,76,-6,6
51731,85,81,4,4
51732,51,51,0,0
51733,106,112,-6,6
51734,113,106,7,7
51735,76,70,6,6
51736,63,73,-10,10
51737,140,123,17,17
51738,103,101,2,2
51739,163,158,5,5
51740,126,123,3,3
51741,92,109,-17,17
51742,40,44,-4,4
51743,33,43,-10,10
51744,99,103,-4,4
51745,113,103,10,10
51746,59,62,-3,3
51747,88,104,-16,16
51748,58,65,-7,7
51749,98,98,0,0
51750,135,117,18,18
51751,92,94,-2,2
51752,101,102,-1,1
51753,116,108,8,8
51754,171,165,6,6
51755,98,90,8,8
51756,99,96,3,3
51757,77,74,3,3
51758,99,97,2,2
51759,61,63,-2,2
51760,124,104,20,20
51761,36,37,-1,1
51762,124,112,12,12
51763,89,92,-3,3
51764,144,146,-2,2
51765,113,108,5,5
51766,157,146,11,11
51767,95,92,3,3
51768,101,105,-4,4
51769,76,82,-6,6
51770,65,74,-9,9
51771,222,177,45,45
51772,123,116,7,7
51773,71,93,-22,22
51774,102,94,8,8
51775,96,101,-5,5
51776,105,102,3,3
51777,81,90,-9,9
51778,122,135,-13,13
51779,64,71,-7,7
51780,43,66,-23,23
51781,114,104,10,10
51782,62,68,-6,6
51783,104,114,-10,10
51784,175,178,-3,3
51785,98,106,-8,8
51786,87,82,5,5
51787,144,138,6,6
51788,76,91,-15,15
51789,125,118,7,7
51790,70,74,-4,4
51791,86,99,-13,13
51792,140,116,24,24
51793,44,55,-11,11
51794,101,98,3,3
51795,68,71,-3,3
51796,155,154,1,1
51797,125,122,3,3
51798,49,55,-6,6
51799,140,141,-1,1
51800,105,101,4,4
51801,192,192,0,0
51802,89,80,9,9
51803,140,132,8,8
51804,140,132,8,8
51805,112,116,-4,4
51806,136,119,17,17
51807,76,87,-11,11
51808,64,74,-10,10
51809,64,76,-12,12
51810,83,90,-7,7
51811,72,70,2,2
51812,145,138,7,7
51813,113,105,8,8
51814,114,105,9,9
51815,154,139,15,15
51816,67,70,-3,3
51817,197,175,22,22
51818,61,68,-7,7
51819,99,100,-1,1
51820,91,94,-3,3
51821,181,153,28,28
51822,45,49,-4,4
51823,55,64,-9,9
51824,183,202,-19,19
51825,106,108,-2,2
51826,57,59,-2,2
51827,133,125,8,8
51828,36,43,-7,7
51829,98,103,-5,5
51830,54,53,1,1
51831,140,137,3,3
51832,114,112,2,2
51833,99,86,13,13
51834,69,73,-4,4
51835,144,140,4,4
51836,112,119,-7,7
51837,101,99,2,2
51838,88,83,5,5
51839,88,93,-5,5
51840,94,86,8,8
51841,67,66,1,1
51842,46,56,-10,10
51843,72,70,2,2
51844,80,75,5,5
51845,75,74,1,1
51846,94,88,6,6
51847,117,117,0,0
51848,67,70,-3,3
51849,71,75,-4,4
51850,67,86,-19,19
51851,68,64,4,4
51852,91,92,-1,1
51853,71,77,-6,6
51854,114,115,-1,1
51855,93,100,-7,7
51856,73,83,-10,10
51857,164,148,16,16
51858,132,117,15,15
51859,66,62,4,4
51860,153,125,28,28
51861,108,115,-7,7
51862,110,105,5,5
51863,156,135,21,21
51864,162,149,13,13
51865,150,145,5,5
51866,125,124,1,1
51867,61,63,-2,2
51868,95,98,-3,3
51869,152,133,19,19
51870,125,127,-2,2
51871,119,105,14,14
51872,166,179,-13,13
51873,120,104,16,16
51874,58,65,-7,7
51875,45,45,0,0
51876,117,127,-10,10
51877,65,67,-2,2
51878,105,107,-2,2
51879,70,74,-4,4
51880,78,78,0,0
51881,91,86,5,5
51882,78,73,5,5
51883,116,132,-16,16
51884,132,114,18,18
51885,143,133,10,10
51886,117,117,0,0
51887,147,150,-3,3
51888,63,73,-10,10
51889,80,96,-16,16
51890,98,100,-2,2
51891,51,61,-10,10
51892,51,55,-4,4
51893,73,72,1,1
51894,95,90,5,5
51895,100,102,-2,2
51896,74,88,-14,14
51897,110,104,6,6
51898,78,82,-4,4
51899,54,63,-9,9
51900,115,116,-1,1
51901,139,128,11,11
51902,73,80,-7,7
51903,67,70,-3,3
51904,76,81,-5,5
51905,108,105,3,3
51906,104,103,1,1
51907,130,127,3,3
51908,116,116,0,0
51909,57,62,-5,5
51910,102,105,-3,3
51911,108,101,7,7
51912,95,92,3,3
51913,40,46,-6,6
51914,76,91,-15,15
51915,71,71,0,0
51916,137,133,4,4
51917,118,107,11,11
51918,129,119,10,10
51919,67,76,-9,9
51920,72,76,-4,4
51921,111,116,-5,5
51922,95,96,-1,1
51923,130,139,-9,9
51924,116,118,-2,2
51925,68,72,-4,4
51926,103,102,1,1
51927,95,98,-3,3
51928,117,115,2,2
51929,62,56,6,6
51930,75,83,-8,8
51931,56,71,-15,15
51932,120,106,14,14
51933,113,109,4,4
51934,85,83,2,2
51935,71,93,-22,22
51936,130,133,-3,3
51937,87,95,-8,8
51938,156,145,11,11
51939,89,91,-2,2
51940,61,61,0,0
51941,115,113,2,2
51942,144,129,15,15
51943,73,82,-9,9
51944,94,101,-7,7
51945,102,102,0,0
51946,125,126,-1,1
51947,71,70,1,1
51948,140,129,11,11
51949,143,133,10,10
51950,77,81,-4,4
51951,86,80,6,6
51952,70,69,1,1
51953,101,94,7,7
51954,82,83,-1,1
51955,93,92,1,1
51956,55,64,-9,9
51957,138,142,-4,4
51958,88,91,-3,3
51959,81,91,-10,10
51960,176,154,22,22
51961,90,95,-5,5
51962,52,60,-8,8
51963,97,96,1,1
51964,45,58,-13,13
51965,114,118,-4,4
51966,155,147,8,8
51967,151,170,-19,19
51968,60,68,-8,8
51969,82,77,5,5
51970,96,96,0,0
51971,126,116,10,10
51972,90,91,-1,1
51973,83,72,11,11
51974,72,79,-7,7
51975,139,128,11,11
51976,137,135,2,2
51977,119,117,2,2
51978,115,96,19,19
51979,76,75,1,1
51980,80,98,-18,18
51981,101,100,1,1
51982,92,93,-1,1
51983,65,67,-2,2
51984,89,95,-6,6
51985,72,72,0,0
51986,45,47,-2,2
51987,69,70,-1,1
51988,81,82,-1,1
51989,95,97,-2,2
51990,76,76,0,0
51991,49,50,-1,1
51992,97,102,-5,5
51993,90,87,3,3
51994,130,128,2,2
51995,74,81,-7,7
51996,46,61,-15,15
51997,74,82,-8,8
51998,108,102,6,6
51999,115,121,-6,6
52000,37,49,-12,12
52001,79,76,3,3
52002,75,82,-7,7
52003,174,153,21,21
52004,107,106,1,1
52005,53,54,-1,1
52006,83,89,-6,6
52007,60,63,-3,3
52008,98,104,-6,6
52009,57,60,-3,3
52010,54,60,-6,6
52011,83,81,2,2
52012,182,202,-20,20
52013,107,114,-7,7
52014,89,101,-12,12
52015,105,106,-1,1
52016,109,111,-2,2
52017,141,125,16,16
52018,121,122,-1,1
52019,91,106,-15,15
52020,117,112,5,5
52021,58,57,1,1
52022,80,73,7,7
52023,88,89,-1,1
52024,80,84,-4,4
52025,146,138,8,8
52026,105,104,1,1
52027,128,137,-9,9
52028,79,81,-2,2
52029,123,126,-3,3
52030,85,85,0,0
52031,77,75,2,2
52032,70,71,-1,1
52033,100,103,-3,3
52034,71,70,1,1
52035,123,112,11,11
52036,85,92,-7,7
52037,113,110,3,3
52038,98,94,4,4
52039,67,75,-8,8
52040,130,127,3,3
52041,176,154,22,22
52042,117,110,7,7
52043,130,122,8,8
52044,114,108,6,6
52045,108,109,-1,1
52046,111,117,-6,6
52047,91,91,0,0
52048,153,136,17,17
52049,83,90,-7,7
52050,91,94,-3,3
52051,103,103,0,0
52052,123,121,2,2
52053,57,65,-8,8
52054,115,110,5,5
52055,86,92,-6,6
52056,147,135,12,12
52057,116,131,-15,15
52058,87,91,-4,4
52059,81,85,-4,4
52060,58,56,2,2
52061,97,91,6,6
52062,138,141,-3,3
52063,74,73,1,1
52064,60,72,-12,12
52065,94,97,-3,3
52066,150,148,2,2
52067,143,137,6,6
52068,72,74,-2,2
52069,80,91,-11,11
52070,94,102,-8,8
52071,85,89,-4,4
52072,108,104,4,4
52073,106,97,9,9
52074,86,91,-5,5
52075,160,145,15,15
52076,84,85,-1,1
52077,78,73,5,5
52078,89,100,-11,11
52079,76,90,-14,14
52080,57,55,2,2
52081,93,96,-3,3
52082,92,96,-4,4
52083,79,101,-22,22
52084,105,104,1,1
52085,146,139,7,7
52086,79,87,-8,8
52087,96,102,-6,6
52088,97,96,1,1
52089,74,76,-2,2
52090,79,88,-9,9
52091,90,92,-2,2
52092,133,132,1,1
52093,81,84,-3,3
52094,140,134,6,6
52095,20,32,-12,12
52096,42,95,-53,53
52097,178,151,27,27
52098,57,68,-11,11
52099,91,98,-7,7
52100,125,137,-12,12
52101,77,76,1,1
52102,73,75,-2,2
52103,96,103,-7,7
52104,63,63,0,0
52105,75,76,-1,1
52106,117,112,5,5
52107,135,134,1,1
52108,105,111,-6,6
52109,141,139,2,2
52110,123,108,15,15
52111,71,88,-17,17
52112,108,97,11,11
52113,104,109,-5,5
52114,108,114,-6,6
52115,93,99,-6,6
52116,102,98,4,4
52117,99,92,7,7
52118,95,102,-7,7
52119,53,58,-5,5
52120,117,98,19,19
52121,79,92,-13,13
52122,55,69,-14,14
52123,163,157,6,6
52124,53,57,-4,4
52125,80,80,0,0
52126,124,116,8,8
52127,75,73,2,2
52128,133,129,4,4
52129,83,84,-1,1
52130,54,67,-13,13
52131,52,57,-5,5
52132,67,72,-5,5
52133,75,75,0,0
52134,106,102,4,4
52135,140,135,5,5
52136,124,126,-2,2
52137,65,73,-8,8
52138,94,101,-7,7
52139,108,109,-1,1
52140,132,112,20,20
52141,123,116,7,7
52142,73,85,-12,12
52143,246,238,8,8
52144,91,83,8,8
52145,48,59,-11,11
52146,109,98,11,11
52147,120,108,12,12
52148,71,67,4,4
52149,44,46,-2,2
52150,83,83,0,0
52151,77,73,4,4
52152,108,104,4,4
52153,76,75,1,1
52154,116,101,15,15
52155,98,108,-10,10
52156,114,106,8,8
52157,142,125,17,17
52158,92,103,-11,11
52159,82,80,2,2
52160,86,90,-4,4
52161,65,71,-6,6
52162,91,92,-1,1
52163,158,157,1,1
52164,79,81,-2,2
52165,89,85,4,4
52166,54,54,0,0
52167,144,125,19,19
52168,167,166,1,1
52169,94,105,-11,11
52170,75,76,-1,1
52171,110,116,-6,6
52172,113,107,6,6
52173,63,69,-6,6
52174,138,130,8,8
52175,101,92,9,9
52176,99,108,-9,9
52177,98,103,-5,5
52178,138,148,-10,10
52179,116,114,2,2
52180,53,68,-15,15
52181,97,101,-4,4
52182,79,70,9,9
52183,94,105,-11,11
52184,72,82,-10,10
52185,104,107,-3,3
52186,113,103,10,10
52187,105,109,-4,4
52188,84,83,1,1
52189,66,71,-5,5
52190,75,76,-1,1
52191,106,101,5,5
52192,100,101,-1,1
52193,75,85,-10,10
52194,45,47,-2,2
52195,126,130,-4,4
52196,102,103,-1,1
52197,108,110,-2,2
52198,99,96,3,3
52199,146,139,7,7
52200,107,111,-4,4
52201,105,112,-7,7
52202,58,57,1,1
52203,114,118,-4,4
52204,151,133,18,18
52205,72,76,-4,4
52206,79,75,4,4
52207,131,119,12,12
52208,91,93,-2,2
52209,52,60,-8,8
52210,81,74,7,7
52211,85,74,11,11
52212,96,94,2,2
52213,42,51,-9,9
52214,73,70,3,3
52215,100,96,4,4
52216,104,102,2,2
52217,85,95,-10,10
52218,67,76,-9,9
52219,71,75,-4,4
52220,100,95,5,5
52221,134,112,22,22
52222,104,107,-3,3
52223,90,84,6,6
52224,96,127,-31,31
52225,61,90,-29,29
52226,65,74,-9,9
52227,139,133,6,6
52228,46,46,0,0
52229,70,73,-3,3
52230,142,135,7,7
52231,90,93,-3,3
52232,112,105,7,7
52233,113,104,9,9
52234,59,67,-8,8
52235,111,109,2,2
52236,84,85,-1,1
52237,74,74,0,0
52238,78,74,4,4
52239,145,148,-3,3
52240,100,117,-17,17
52241,103,101,2,2
52242,55,59,-4,4
52243,93,99,-6,6
52244,78,80,-2,2
52245,80,82,-2,2
52246,104,99,5,5
52247,66,72,-6,6
52248,68,65,3,3
52249,60,60,0,0
52250,103,118,-15,15
52251,69,72,-3,3
52252,92,94,-2,2
52253,48,61,-13,13
52254,54,65,-11,11
52255,54,57,-3,3
52256,58,65,-7,7
52257,160,147,13,13
52258,83,78,5,5
52259,90,86,4,4
52260,71,117,-46,46
52261,168,170,-2,2
52262,137,136,1,1
52263,139,137,2,2
52264,74,73,1,1
52265,75,83,-8,8
52266,65,65,0,0
52267,93,84,9,9
52268,94,97,-3,3
52269,65,79,-14,14
52270,110,110,0,0
52271,29,40,-11,11
52272,91,91,0,0
52273,78,76,2,2
52274,77,78,-1,1
52275,93,99,-6,6
52276,158,144,14,14
52277,206,191,15,15
52278,98,102,-4,4
52279,131,126,5,5
52280,115,106,9,9
52281,129,109,20,20
52282,97,93,4,4
52283,97,96,1,1
52284,78,95,-17,17
52285,81,84,-3,3
52286,107,103,4,4
52287,80,88,-8,8
52288,67,76,-9,9
52289,66,75,-9,9
52290,56,62,-6,6
52291,72,72,0,0
52292,50,60,-10,10
52293,70,101,-31,31
52294,128,119,9,9
52295,138,139,-1,1
52296,38,46,-8,8
52297,113,107,6,6
52298,168,158,10,10
52299,115,106,9,9
52300,88,90,-2,2
52301,80,83,-3,3
52302,124,133,-9,9
52303,190,178,12,12
52304,92,99,-7,7
52305,83,85,-2,2
52306,78,83,-5,5
52307,64,63,1,1
52308,121,118,3,3
52309,74,78,-4,4
52310,59,64,-5,5
52311,200,163,37,37
52312,157,146,11,11
52313,86,92,-6,6
52314,126,120,6,6
52315,75,78,-3,3
52316,95,105,-10,10
52317,118,103,15,15
52318,174,160,14,14
52319,148,135,13,13
52320,70,77,-7,7
52321,99,99,0,0
52322,73,76,-3,3
52323,178,153,25,25
52324,127,120,7,7
52325,137,136,1,1
52326,35,43,-8,8
52327,58,62,-4,4
52328,104,105,-1,1
52329,85,86,-1,1
52330,91,92,-1,1
52331,40,44,-4,4
52332,83,90,-7,7
52333,100,104,-4,4
52334,73,80,-7,7
52335,51,63,-12,12
52336,263,195,68,68
52337,87,95,-8,8
52338,85,83,2,2
52339,85,91,-6,6
52340,89,87,2,2
52341,176,167,9,9
52342,103,104,-1,1
52343,128,133,-5,5
52344,166,161,5,5
52345,92,106,-14,14
52346,100,100,0,0
52347,98,90,8,8
52348,57,64,-7,7
52349,127,118,9,9
52350,86,92,-6,6
52351,144,141,3,3
52352,60,66,-6,6
52353,113,108,5,5
52354,113,113,0,0
52355,103,104,-1,1
52356,90,92,-2,2
52357,56,50,6,6
52358,47,56,-9,9
52359,105,105,0,0
52360,61,67,-6,6
52361,128,135,-7,7
52362,55,79,-24,24
52363,67,67,0,0
52364,65,69,-4,4
52365,116,107,9,9
52366,76,82,-6,6
52367,41,46,-5,5
52368,83,80,3,3
52369,82,91,-9,9
52370,50,62,-12,12
52371,81,94,-13,13
52372,57,56,1,1
52373,83,83,0,0
52374,87,98,-11,11
52375,56,55,1,1
52376,68,70,-2,2
52377,71,71,0,0
52378,77,79,-2,2
52379,67,68,-1,1
52380,120,108,12,12
52381,74,79,-5,5
52382,121,118,3,3
52383,73,78,-5,5
52384,53,59,-6,6
52385,68,73,-5,5
52386,95,94,1,1
52387,103,105,-2,2
52388,46,54,-8,8
52389,73,68,5,5
52390,148,140,8,8
52391,145,125,20,20
52392,105,98,7,7
52393,71,75,-4,4
52394,43,55,-12,12
52395,106,106,0,0
52396,114,112,2,2
52397,80,77,3,3
52398,64,79,-15,15
52399,125,111,14,14
52400,84,95,-11,11
52401,86,93,-7,7
52402,101,100,1,1
52403,95,93,2,2
52404,90,99,-9,9
52405,93,92,1,1
52406,62,66,-4,4
52407,146,135,11,11
52408,87,90,-3,3
52409,85,76,9,9
52410,134,121,13,13
52411,82,78,4,4
52412,46,50,-4,4
52413,73,69,4,4
52414,23,28,-5,5
52415,167,149,18,18
52416,116,101,15,15
52417,112,114,-2,2
52418,227,212,15,15
52419,108,109,-1,1
52420,93,97,-4,4
52421,76,82,-6,6
52422,75,79,-4,4
52423,74,82,-8,8
52424,85,79,6,6
52425,68,73,-5,5
52426,93,90,3,3
52427,143,134,9,9
52428,132,124,8,8
52429,68,72,-4,4
52430,49,59,-10,10
52431,116,107,9,9
52432,87,82,5,5
52433,114,101,13,13
52434,133,127,6,6
52435,81,80,1,1
52436,105,97,8,8
52437,88,93,-5,5
52438,158,136,22,22
52439,82,76,6,6
52440,91,94,-3,3
52441,158,153,5,5
52442,77,83,-6,6
52443,61,83,-22,22
52444,57,63,-6,6
52445,76,82,-6,6
52446,80,84,-4,4
52447,90,102,-12,12
52448,75,70,5,5
52449,105,100,5,5
52450,99,101,-2,2
52451,134,133,1,1
52452,70,77,-7,7
52453,139,140,-1,1
52454,67,71,-4,4
52455,186,166,20,20
52456,101,97,4,4
52457,142,137,5,5
52458,66,66,0,0
52459,88,85,3,3
52460,79,85,-6,6
52461,80,85,-5,5
52462,103,112,-9,9
52463,133,142,-9,9
52464,21,61,-40,40
52465,98,92,6,6
52466,67,67,0,0
52467,117,138,-21,21
52468,71,72,-1,1
52469,45,54,-9,9
52470,90,83,7,7
52471,122,109,13,13
52472,133,126,7,7
52473,70,71,-1,1
52474,99,103,-4,4
52475,161,150,11,11
52476,123,115,8,8
52477,116,107,9,9
52478,148,132,16,16
52479,55,52,3,3
52480,107,107,0,0
52481,69,68,1,1
52482,103,116,-13,13
52483,50,57,-7,7
52484,76,78,-2,2
52485,98,101,-3,3
52486,63,69,-6,6
52487,69,71,-2,2
52488,115,115,0,0
52489,64,68,-4,4
52490,80,83,-3,3
52491,93,91,2,2
52492,93,94,-1,1
52493,107,100,7,7
52494,91,94,-3,3
52495,73,87,-14,14
52496,163,144,19,19
52497,82,80,2,2
52498,133,133,0,0
52499,70,82,-12,12
52500,74,73,1,1
52501,72,74,-2,2
52502,51,48,3,3
52503,192,164,28,28
52504,59,69,-10,10
52505,69,67,2,2
52506,47,53,-6,6
52507,146,154,-8,8
52508,149,132,17,17
52509,96,108,-12,12
52510,73,68,5,5
52511,143,132,11,11
52512,101,105,-4,4
52513,96,103,-7,7
52514,108,114,-6,6
52515,77,77,0,0
52516,45,57,-12,12
52517,89,99,-10,10
52518,160,148,12,12
52519,97,99,-2,2
52520,82,85,-3,3
52521,80,77,3,3
52522,70,71,-1,1
52523,123,112,11,11
52524,109,104,5,5
52525,162,154,8,8
52526,129,127,2,2
52527,80,76,4,4
52528,49,59,-10,10
52529,129,109,20,20
52530,79,76,3,3
52531,89,98,-9,9
52532,92,97,-5,5
52533,87,84,3,3
52534,104,97,7,7
52535,106,95,11,11
52536,169,165,4,4
52537,96,107,-11,11
52538,66,72,-6,6
52539,140,135,5,5
52540,128,117,11,11
52541,82,79,3,3
52542,128,117,11,11
52543,109,111,-2,2
52544,59,69,-10,10
52545,61,68,-7,7
52546,109,95,14,14
52547,72,81,-9,9
52548,57,66,-9,9
52549,94,103,-9,9
52550,86,90,-4,4
52551,57,62,-5,5
52552,142,130,12,12
52553,79,90,-11,11
52554,150,141,9,9
52555,122,130,-8,8
52556,106,109,-3,3
52557,41,47,-6,6
52558,218,198,20,20
52559,106,101,5,5
52560,80,76,4,4
52561,87,91,-4,4
52562,121,126,-5,5
52563,68,70,-2,2
52564,79,83,-4,4
52565,63,66,-3,3
52566,57,71,-14,14
52567,132,136,-4,4
52568,86,91,-5,5
52569,92,92,0,0
52570,187,169,18,18
52571,97,95,2,2
52572,135,128,7,7
52573,126,111,15,15
52574,79,82,-3,3
52575,69,83,-14,14
52576,142,139,3,3
52577,97,93,4,4
52578,104,111,-7,7
52579,112,113,-1,1
52580,168,167,1,1
52581,145,132,13,13
52582,137,126,11,11
52583,142,131,11,11
52584,81,79,2,2
52585,97,95,2,2
52586,90,78,12,12
52587,121,133,-12,12
52588,71,78,-7,7
52589,61,64,-3,3
52590,95,113,-18,18
52591,95,116,-21,21
52592,53,64,-11,11
52593,126,128,-2,2
52594,72,83,-11,11
52595,86,78,8,8
52596,141,143,-2,2
52597,96,104,-8,8
52598,98,104,-6,6
52599,123,121,2,2
52600,46,55,-9,9
52601,95,91,4,4
52602,127,116,11,11
52603,153,129,24,24
52604,115,109,6,6
52605,104,102,2,2
52606,53,61,-8,8
52607,95,92,3,3
52608,88,93,-5,5
52609,133,113,20,20
52610,88,90,-2,2
52611,25,48,-23,23
52612,142,121,21,21
52613,98,103,-5,5
52614,93,92,1,1
52615,99,94,5,5
52616,152,143,9,9
52617,124,123,1,1
52618,112,114,-2,2
52619,134,118,16,16
52620,104,109,-5,5
52621,86,82,4,4
52622,117,117,0,0
52623,77,82,-5,5
52624,88,93,-5,5
52625,72,73,-1,1
52626,87,108,-21,21
52627,80,80,0,0
52628,103,103,0,0
52629,136,138,-2,2
52630,105,110,-5,5
52631,96,96,0,0
52632,90,84,6,6
52633,53,55,-2,2
52634,77,79,-2,2
52635,60,61,-1,1
52636,115,120,-5,5
52637,93,92,1,1
52638,91,83,8,8
52639,162,157,5,5
52640,115,105,10,10
52641,148,152,-4,4
52642,68,71,-3,3
52643,79,86,-7,7
52644,53,57,-4,4
52645,60,66,-6,6
52646,63,73,-10,10
52647,102,102,0,0
52648,111,107,4,4
52649,116,115,1,1
52650,50,54,-4,4
52651,113,105,8,8
52652,46,62,-16,16
52653,62,65,-3,3
52654,112,110,2,2
52655,58,63,-5,5
52656,85,85,0,0
52657,111,105,6,6
52658,105,106,-1,1
52659,113,120,-7,7
52660,174,159,15,15
52661,125,114,11,11
52662,109,107,2,2
52663,67,70,-3,3
52664,76,72,4,4
52665,193,216,-23,23
52666,128,125,3,3
52667,88,83,5,5
52668,70,76,-6,6
52669,63,66,-3,3
52670,148,138,10,10
52671,89,99,-10,10
52672,152,149,3,3
52673,62,72,-10,10
52674,141,117,24,24
52675,48,54,-6,6
52676,185,170,15,15
52677,89,90,-1,1
52678,87,91,-4,4
52679,50,57,-7,7
52680,79,73,6,6
52681,124,134,-10,10
52682,109,103,6,6
52683,54,62,-8,8
52684,90,91,-1,1
52685,85,91,-6,6
52686,35,101,-66,66
52687,86,86,0,0
52688,47,54,-7,7
52689,103,100,3,3
52690,105,108,-3,3
52691,47,62,-15,15
52692,44,52,-8,8
52693,137,129,8,8
52694,69,79,-10,10
52695,47,53,-6,6
52696,63,69,-6,6
52697,118,120,-2,2
52698,83,92,-9,9
52699,80,95,-15,15
52700,119,100,19,19
52701,107,113,-6,6
52702,100,111,-11,11
52703,96,103,-7,7
52704,90,102,-12,12
52705,136,131,5,5
52706,142,143,-1,1
52707,82,84,-2,2
52708,64,58,6,6
52709,89,94,-5,5
52710,49,58,-9,9
52711,138,123,15,15
52712,74,68,6,6
52713,55,73,-18,18
52714,147,128,19,19
52715,87,95,-8,8
52716,67,82,-15,15
52717,90,84,6,6
52718,72,94,-22,22
52719,110,104,6,6
52720,166,161,5,5
52721,128,104,24,24
52722,70,78,-8,8
52723,95,100,-5,5
52724,58,58,0,0
52725,95,96,-1,1
52726,78,83,-5,5
52727,99,105,-6,6
52728,79,74,5,5
52729,96,86,10,10
52730,87,88,-1,1
52731,57,68,-11,11
52732,67,70,-3,3
52733,84,91,-7,7
52734,73,77,-4,4
52735,77,78,-1,1
52736,65,67,-2,2
52737,34,48,-14,14
52738,103,102,1,1
52739,117,123,-6,6
52740,73,69,4,4
52741,121,112,9,9
52742,67,74,-7,7
52743,118,104,14,14
52744,145,144,1,1
52745,83,87,-4,4
52746,105,104,1,1
52747,81,73,8,8
52748,92,96,-4,4
52749,44,49,-5,5
52750,104,104,0,0
52751,45,48,-3,3
52752,96,95,1,1
52753,115,116,-1,1
52754,91,100,-9,9
52755,64,76,-12,12
52756,63,61,2,2
52757,83,90,-7,7
52758,126,126,0,0
52759,57,69,-12,12
52760,209,185,24,24
52761,153,135,18,18
52762,57,65,-8,8
52763,70,71,-1,1
52764,118,127,-9,9
52765,110,110,0,0
52766,63,61,2,2
52767,117,112,5,5
52768,151,125,26,26
52769,135,143,-8,8
52770,75,76,-1,1
52771,121,114,7,7
52772,142,147,-5,5
52773,107,102,5,5
52774,87,92,-5,5
52775,83,91,-8,8
52776,54,52,2,2
52777,120,116,4,4
52778,75,81,-6,6
52779,116,111,5,5
52780,80,83,-3,3
52781,132,136,-4,4
52782,61,70,-9,9
52783,70,78,-8,8
52784,57,53,4,4
52785,137,130,7,7
52786,112,98,14,14
52787,77,82,-5,5
52788,78,81,-3,3
52789,94,100,-6,6
52790,85,92,-7,7
52791,61,63,-2,2
52792,80,82,-2,2
52793,116,106,10,10
52794,64,88,-24,24
52795,69,75,-6,6
52796,124,105,19,19
52797,78,71,7,7
52798,109,115,-6,6
52799,90,91,-1,1
52800,148,144,4,4
52801,64,72,-8,8
52802,59,65,-6,6
52803,42,45,-3,3
52804,132,125,7,7
52805,132,126,6,6
52806,68,63,5,5
52807,173,172,1,1
52808,73,73,0,0
52809,88,89,-1,1
52810,95,94,1,1
52811,56,55,1,1
52812,83,78,5,5
52813,131,130,1,1
52814,65,75,-10,10
52815,77,76,1,1
52816,110,112,-2,2
52817,80,110,-30,30
52818,76,73,3,3
52819,73,79,-6,6
52820,66,72,-6,6
52821,149,133,16,16
52822,55,63,-8,8
52823,60,59,1,1
52824,151,145,6,6
52825,112,116,-4,4
52826,67,68,-1,1
52827,67,87,-20,20
52828,77,90,-13,13
52829,114,119,-5,5
52830,123,131,-8,8
52831,83,83,0,0
52832,42,57,-15,15
52833,104,111,-7,7
52834,90,93,-3,3
52835,107,115,-8,8
52836,153,138,15,15
52837,68,70,-2,2
52838,41,49,-8,8
52839,82,83,-1,1
52840,55,61,-6,6
52841,114,103,11,11
52842,92,93,-1,1
52843,90,97,-7,7
52844,70,74,-4,4
52845,75,82,-7,7
52846,112,97,15,15
52847,76,82,-6,6
52848,107,86,21,21
52849,96,98,-2,2
52850,107,103,4,4
52851,46,51,-5,5
52852,103,110,-7,7
52853,122,118,4,4
52854,117,115,2,2
52855,69,82,-13,13
52856,100,104,-4,4
52857,70,65,5,5
52858,96,103,-7,7
52859,89,90,-1,1
52860,112,115,-3,3
52861,93,110,-17,17
52862,104,103,1,1
52863,79,79,0,0
52864,150,137,13,13
52865,145,135,10,10
52866,135,132,3,3
52867,61,65,-4,4
52868,75,80,-5,5
52869,63,62,1,1
52870,77,82,-5,5
52871,115,122,-7,7
52872,94,93,1,1
52873,60,64,-4,4
52874,99,100,-1,1
52875,162,163,-1,1
52876,89,95,-6,6
52877,84,89,-5,5
52878,90,102,-12,12
52879,132,127,5,5
52880,106,101,5,5
52881,50,48,2,2
52882,66,64,2,2
52883,153,144,9,9
52884,55,60,-5,5
52885,92,92,0,0
52886,113,112,1,1
52887,54,60,-6,6
52888,132,127,5,5
52889,116,104,12,12
52890,88,209,-121,121
52891,127,122,5,5
52892,80,90,-10,10
52893,125,110,15,15
52894,108,99,9,9
52895,104,105,-1,1
52896,62,71,-9,9
52897,76,84,-8,8
52898,77,85,-8,8
52899,120,118,2,2
52900,71,79,-8,8
52901,54,72,-18,18
52902,115,119,-4,4
52903,138,140,-2,2
52904,95,91,4,4
52905,31,41,-10,10
52906,46,44,2,2
52907,147,130,17,17
52908,129,133,-4,4
52909,82,74,8,8
52910,81,86,-5,5
52911,62,65,-3,3
52912,140,131,9,9
52913,101,102,-1,1
52914,120,106,14,14
52915,48,48,0,0
52916,132,128,4,4
52917,164,146,18,18
52918,48,63,-15,15
52919,81,94,-13,13
52920,74,78,-4,4
52921,79,92,-13,13
52922,97,96,1,1
52923,81,91,-10,10
52924,47,54,-7,7
52925,97,104,-7,7
52926,59,68,-9,9
52927,68,67,1,1
52928,67,67,0,0
52929,66,69,-3,3
52930,143,127,16,16
52931,88,89,-1,1
52932,96,101,-5,5
52933,169,139,30,30
52934,106,99,7,7
52935,106,106,0,0
52936,78,82,-4,4
52937,107,113,-6,6
52938,132,136,-4,4
52939,88,81,7,7
52940,68,82,-14,14
52941,104,102,2,2
52942,79,78,1,1
52943,96,92,4,4
52944,159,147,12,12
52945,133,134,-1,1
52946,81,90,-9,9
52947,67,76,-9,9
52948,86,93,-7,7
52949,75,76,-1,1
52950,106,108,-2,2
52951,55,67,-12,12
52952,167,146,21,21
52953,33,39,-6,6
52954,114,120,-6,6
52955,153,133,20,20
52956,76,82,-6,6
52957,74,83,-9,9
52958,152,150,2,2
52959,176,138,38,38
52960,86,83,3,3
52961,191,155,36,36
52962,116,114,2,2
52963,87,88,-1,1
52964,133,127,6,6
52965,131,137,-6,6
52966,96,96,0,0
52967,113,117,-4,4
52968,52,58,-6,6
52969,68,80,-12,12
52970,110,108,2,2
52971,58,62,-4,4
52972,104,118,-14,14
52973,93,93,0,0
52974,118,120,-2,2
52975,92,95,-3,3
52976,77,82,-5,5
52977,43,46,-3,3
52978,19,34,-15,15
52979,156,135,21,21
52980,145,140,5,5
52981,85,93,-8,8
52982,85,74,11,11
52983,121,114,7,7
52984,76,75,1,1
52985,137,140,-3,3
52986,76,79,-3,3
52987,91,91,0,0
52988,93,92,1,1
52989,133,135,-2,2
52990,128,125,3,3
52991,106,105,1,1
52992,77,81,-4,4
52993,104,102,2,2
52994,82,85,-3,3
52995,77,81,-4,4
52996,91,104,-13,13
52997,73,98,-25,25
52998,144,134,10,10
52999,103,103,0,0
53000,97,116,-19,19
53001,238,216,22,22
53002,87,85,2,2
53003,135,127,8,8
53004,63,69,-6,6
53005,95,95,0,0
53006,42,46,-4,4
53007,69,79,-10,10
53008,98,95,3,3
53009,147,140,7,7
53010,108,111,-3,3
53011,52,57,-5,5
53012,69,68,1,1
53013,92,75,17,17
53014,129,127,2,2
53015,83,81,2,2
53016,108,111,-3,3
53017,126,130,-4,4
53018,84,84,0,0
53019,86,75,11,11
53020,82,103,-21,21
53021,88,92,-4,4
53022,101,92,9,9
53023,130,118,12,12
53024,83,91,-8,8
53025,118,128,-10,10
53026,106,105,1,1
53027,108,113,-5,5
53028,85,72,13,13
53029,133,124,9,9
53030,77,78,-1,1
53031,110,105,5,5
53032,71,84,-13,13
53033,72,80,-8,8
53034,44,49,-5,5
53035,69,66,3,3
53036,106,104,2,2
53037,103,104,-1,1
53038,82,78,4,4
53039,119,121,-2,2
53040,94,99,-5,5
53041,67,68,-1,1
53042,81,83,-2,2
53043,102,97,5,5
53044,68,66,2,2
53045,154,135,19,19
53046,80,77,3,3
53047,120,111,9,9
53048,59,60,-1,1
53049,149,149,0,0
53050,66,73,-7,7
53051,80,72,8,8
53052,61,68,-7,7
53053,40,52,-12,12
53054,80,93,-13,13
53055,54,59,-5,5
53056,90,111,-21,21
53057,107,103,4,4
53058,62,66,-4,4
53059,157,160,-3,3
53060,113,107,6,6
53061,107,116,-9,9
53062,87,74,13,13
53063,90,93,-3,3
53064,155,140,15,15
53065,37,53,-16,16
53066,66,72,-6,6
53067,92,99,-7,7
53068,74,72,2,2
53069,38,40,-2,2
53070,83,76,7,7
53071,90,101,-11,11
53072,262,278,-16,16
53073,83,87,-4,4
53074,65,65,0,0
53075,84,82,2,2
53076,50,56,-6,6
53077,95,103,-8,8
53078,80,90,-10,10
53079,135,125,10,10
53080,75,73,2,2
53081,79,84,-5,5
53082,179,167,12,12
53083,119,117,2,2
53084,89,78,11,11
53085,58,68,-10,10
53086,98,104,-6,6
53087,58,63,-5,5
53088,62,65,-3,3
53089,65,70,-5,5
53090,90,90,0,0
53091,134,124,10,10
53092,61,69,-8,8
53093,142,135,7,7
53094,71,78,-7,7
53095,147,127,20,20
53096,122,122,0,0
53097,151,136,15,15
53098,105,105,0,0
53099,56,62,-6,6
53100,124,126,-2,2
53101,140,141,-1,1
53102,107,104,3,3
53103,103,108,-5,5
53104,98,91,7,7
53105,63,59,4,4
53106,51,62,-11,11
53107,81,80,1,1
53108,65,74,-9,9
53109,150,141,9,9
53110,134,129,5,5
53111,46,46,0,0
53112,120,111,9,9
53113,80,86,-6,6
53114,93,95,-2,2
53115,176,152,24,24
53116,115,123,-8,8
53117,128,126,2,2
53118,143,132,11,11
53119,55,61,-6,6
53120,85,77,8,8
53121,102,97,5,5
53122,54,60,-6,6
53123,151,124,27,27
53124,83,76,7,7
53125,47,53,-6,6
53126,80,81,-1,1
53127,126,114,12,12
53128,105,111,-6,6
53129,103,112,-9,9
53130,70,77,-7,7
53131,64,65,-1,1
53132,116,114,2,2
53133,124,131,-7,7
53134,89,91,-2,2
53135,73,75,-2,2
53136,131,135,-4,4
53137,120,110,10,10
53138,102,100,2,2
53139,88,84,4,4
53140,82,83,-1,1
53141,88,92,-4,4
53142,135,112,23,23
53143,119,113,6,6
53144,67,73,-6,6
53145,55,57,-2,2
53146,170,159,11,11
53147,125,129,-4,4
53148,132,113,19,19
53149,146,141,5,5
53150,83,83,0,0
53151,85,83,2,2
53152,101,102,-1,1
53153,84,91,-7,7
53154,135,127,8,8
53155,54,56,-2,2
53156,74,66,8,8
53157,72,76,-4,4
53158,112,92,20,20
53159,137,138,-1,1
53160,82,74,8,8
53161,121,109,12,12
53162,83,90,-7,7
53163,112,121,-9,9
53164,66,64,2,2
53165,90,85,5,5
53166,111,118,-7,7
53167,70,79,-9,9
53168,98,104,-6,6
53169,101,100,1,1
53170,108,100,8,8
53171,77,80,-3,3
53172,94,102,-8,8
53173,77,84,-7,7
53174,52,67,-15,15
53175,114,116,-2,2
53176,79,82,-3,3
53177,43,58,-15,15
53178,110,101,9,9
53179,51,53,-2,2
53180,81,83,-2,2
53181,122,115,7,7
53182,128,127,1,1
53183,92,106,-14,14
53184,111,109,2,2
53185,106,100,6,6
53186,56,65,-9,9
53187,137,125,12,12
53188,75,72,3,3
53189,71,73,-2,2
53190,67,71,-4,4
53191,89,91,-2,2
53192,96,97,-1,1
53193,106,107,-1,1
53194,71,73,-2,2
53195,128,115,13,13
53196,63,72,-9,9
53197,82,79,3,3
53198,67,73,-6,6
53199,80,82,-2,2
53200,124,116,8,8
53201,117,111,6,6
53202,115,127,-12,12
53203,107,110,-3,3
53204,65,71,-6,6
53205,119,117,2,2
53206,88,99,-11,11
53207,53,61,-8,8
53208,156,141,15,15
53209,71,74,-3,3
53210,89,91,-2,2
53211,88,84,4,4
53212,113,107,6,6
53213,43,51,-8,8
53214,106,109,-3,3
53215,85,91,-6,6
53216,108,129,-21,21
53217,70,63,7,7
53218,163,146,17,17
53219,102,103,-1,1
53220,74,73,1,1
53221,60,65,-5,5
53222,107,104,3,3
53223,59,77,-18,18
53224,90,71,19,19
53225,134,128,6,6
53226,159,147,12,12
53227,99,91,8,8
53228,75,79,-4,4
53229,62,61,1,1
53230,93,94,-1,1
53231,101,103,-2,2
53232,61,69,-8,8
53233,88,75,13,13
53234,99,104,-5,5
53235,45,53,-8,8
53236,65,73,-8,8
53237,120,111,9,9
53238,85,87,-2,2
53239,76,83,-7,7
53240,111,103,8,8
53241,75,75,0,0
53242,96,102,-6,6
53243,134,116,18,18
53244,62,58,4,4
53245,69,65,4,4
53246,95,98,-3,3
53247,93,90,3,3
53248,73,76,-3,3
53249,89,81,8,8
53250,59,57,2,2
53251,73,70,3,3
53252,115,120,-5,5
53253,86,86,0,0
53254,141,154,-13,13
53255,109,128,-19,19
53256,112,102,10,10
53257,74,79,-5,5
53258,57,64,-7,7
53259,61,67,-6,6
53260,104,103,1,1
53261,111,98,13,13
53262,80,84,-4,4
53263,107,103,4,4
53264,43,48,-5,5
53265,71,80,-9,9
53266,54,60,-6,6
53267,74,84,-10,10
53268,77,73,4,4
53269,86,101,-15,15
53270,65,70,-5,5
53271,103,95,8,8
53272,67,74,-7,7
53273,77,71,6,6
53274,53,65,-12,12
53275,128,114,14,14
53276,75,75,0,0
53277,111,131,-20,20
53278,94,94,0,0
53279,93,94,-1,1
53280,131,119,12,12
53281,61,93,-32,32
53282,69,69,0,0
53283,70,64,6,6
53284,50,55,-5,5
53285,69,68,1,1
53286,101,93,8,8
53287,86,79,7,7
53288,98,100,-2,2
53289,140,108,32,32
53290,88,92,-4,4
53291,51,57,-6,6
53292,72,73,-1,1
53293,109,111,-2,2
53294,67,78,-11,11
53295,114,107,7,7
53296,98,94,4,4
53297,98,107,-9,9
53298,107,112,-5,5
53299,133,141,-8,8
53300,161,157,4,4
53301,161,140,21,21
53302,125,119,6,6
53303,90,94,-4,4
53304,112,112,0,0
53305,61,65,-4,4
53306,186,180,6,6
53307,102,109,-7,7
53308,273,244,29,29
53309,125,128,-3,3
53310,124,130,-6,6
53311,115,109,6,6
53312,86,91,-5,5
53313,67,71,-4,4
53314,90,96,-6,6
53315,146,136,10,10
53316,64,70,-6,6
53317,78,79,-1,1
53318,73,73,0,0
53319,132,126,6,6
53320,78,81,-3,3
53321,108,113,-5,5
53322,72,72,0,0
53323,112,121,-9,9
53324,110,108,2,2
53325,157,143,14,14
53326,87,85,2,2
53327,63,64,-1,1
53328,47,50,-3,3
53329,55,65,-10,10
53330,57,60,-3,3
53331,77,83,-6,6
53332,73,71,2,2
53333,52,58,-6,6
53334,60,76,-16,16
53335,171,179,-8,8
53336,153,142,11,11
53337,128,125,3,3
53338,101,103,-2,2
53339,58,62,-4,4
53340,67,66,1,1
53341,58,66,-8,8
53342,69,71,-2,2
53343,198,167,31,31
53344,85,81,4,4
53345,96,88,8,8
53346,68,97,-29,29
53347,80,75,5,5
53348,56,66,-10,10
53349,67,70,-3,3
53350,57,61,-4,4
53351,39,46,-7,7
53352,81,92,-11,11
53353,117,113,4,4
53354,104,104,0,0
53355,105,106,-1,1
53356,83,84,-1,1
53357,135,130,5,5
53358,76,71,5,5
53359,122,111,11,11
53360,78,82,-4,4
53361,37,42,-5,5
53362,134,121,13,13
53363,71,71,0,0
53364,119,111,8,8
53365,23,41,-18,18
53366,145,137,8,8
53367,99,101,-2,2
53368,70,80,-10,10
53369,41,65,-24,24
53370,82,92,-10,10
53371,102,95,7,7
53372,64,63,1,1
53373,60,64,-4,4
53374,157,144,13,13
53375,144,127,17,17
53376,107,108,-1,1
53377,108,117,-9,9
53378,79,85,-6,6
53379,77,90,-13,13
53380,102,101,1,1
53381,62,68,-6,6
53382,87,96,-9,9
53383,156,139,17,17
53384,59,61,-2,2
53385,54,63,-9,9
53386,114,116,-2,2
53387,87,103,-16,16
53388,132,132,0,0
53389,135,128,7,7
53390,126,107,19,19
53391,105,108,-3,3
53392,95,104,-9,9
53393,101,102,-1,1
53394,51,61,-10,10
53395,63,73,-10,10
53396,149,143,6,6
53397,72,68,4,4
53398,147,137,10,10
53399,67,68,-1,1
53400,106,111,-5,5
53401,98,104,-6,6
53402,100,95,5,5
53403,93,105,-12,12
53404,69,74,-5,5
53405,116,130,-14,14
53406,88,84,4,4
53407,114,137,-23,23
53408,53,59,-6,6
53409,55,58,-3,3
53410,86,94,-8,8
53411,110,103,7,7
53412,82,82,0,0
53413,87,83,4,4
53414,60,62,-2,2
53415,59,65,-6,6
53416,72,66,6,6
53417,99,92,7,7
53418,111,99,12,12
53419,105,108,-3,3
53420,110,107,3,3
53421,56,60,-4,4
53422,126,131,-5,5
53423,75,84,-9,9
53424,56,59,-3,3
53425,119,135,-16,16
53426,98,96,2,2
53427,171,166,5,5
53428,169,144,25,25
53429,126,129,-3,3
53430,194,166,28,28
53431,112,105,7,7
53432,73,73,0,0
53433,106,107,-1,1
53434,101,91,10,10
53435,119,107,12,12
53436,96,86,10,10
53437,58,60,-2,2
53438,89,95,-6,6
53439,78,80,-2,2
53440,85,93,-8,8
53441,87,93,-6,6
53442,70,78,-8,8
53443,50,61,-11,11
53444,51,56,-5,5
53445,91,86,5,5
53446,79,84,-5,5
53447,98,101,-3,3
53448,117,122,-5,5
53449,94,103,-9,9
53450,141,133,8,8
53451,133,137,-4,4
53452,48,55,-7,7
53453,121,119,2,2
53454,90,96,-6,6
53455,50,63,-13,13
53456,69,80,-11,11
53457,90,105,-15,15
53458,83,79,4,4
53459,89,104,-15,15
53460,84,84,0,0
53461,72,68,4,4
53462,65,70,-5,5
53463,93,92,1,1
53464,70,73,-3,3
53465,68,73,-5,5
53466,128,135,-7,7
53467,102,86,16,16
53468,111,113,-2,2
53469,54,58,-4,4
53470,94,103,-9,9
53471,102,98,4,4
53472,104,101,3,3
53473,90,94,-4,4
53474,96,101,-5,5
53475,119,130,-11,11
53476,80,84,-4,4
53477,77,80,-3,3
53478,228,262,-34,34
53479,134,112,22,22
53480,140,152,-12,12
53481,47,53,-6,6
53482,113,107,6,6
53483,58,60,-2,2
53484,34,41,-7,7
53485,46,46,0,0
53486,68,64,4,4
53487,68,72,-4,4
53488,43,52,-9,9
53489,74,83,-9,9
53490,88,96,-8,8
53491,130,139,-9,9
53492,112,94,18,18
53493,91,91,0,0
53494,70,74,-4,4
53495,137,131,6,6
53496,67,65,2,2
53497,90,83,7,7
53498,137,122,15,15
53499,83,94,-11,11
53500,105,115,-10,10
53501,78,83,-5,5
53502,93,78,15,15
53503,88,83,5,5
53504,65,68,-3,3
53505,105,98,7,7
53506,131,138,-7,7
53507,52,52,0,0
53508,48,55,-7,7
53509,127,132,-5,5
53510,70,84,-14,14
53511,62,62,0,0
53512,119,117,2,2
53513,75,76,-1,1
53514,90,84,6,6
53515,60,72,-12,12
53516,133,122,11,11
53517,86,83,3,3
53518,77,88,-11,11
53519,81,83,-2,2
53520,98,99,-1,1
53521,101,104,-3,3
53522,70,75,-5,5
53523,86,78,8,8
53524,111,115,-4,4
53525,99,93,6,6
53526,62,67,-5,5
53527,111,113,-2,2
53528,57,63,-6,6
53529,93,95,-2,2
53530,77,83,-6,6
53531,122,116,6,6
53532,96,101,-5,5
53533,52,60,-8,8
53534,66,64,2,2
53535,102,101,1,1
53536,79,95,-16,16
53537,83,94,-11,11
53538,90,92,-2,2
53539,117,114,3,3
53540,87,93,-6,6
53541,127,115,12,12
53542,50,60,-10,10
53543,62,68,-6,6
53544,63,76,-13,13
53545,80,74,6,6
53546,111,129,-18,18
53547,53,45,8,8
53548,105,104,1,1
53549,97,92,5,5
53550,48,49,-1,1
53551,66,73,-7,7
53552,113,111,2,2
53553,142,136,6,6
53554,42,43,-1,1
53555,55,57,-2,2
53556,111,102,9,9
53557,89,85,4,4
53558,76,89,-13,13
53559,126,115,11,11
53560,103,104,-1,1
53561,53,61,-8,8
53562,90,91,-1,1
53563,66,63,3,3
53564,60,72,-12,12
53565,49,62,-13,13
53566,230,194,36,36
53567,64,59,5,5
53568,104,105,-1,1
53569,82,85,-3,3
53570,157,151,6,6
53571,53,55,-2,2
53572,93,100,-7,7
53573,76,74,2,2
53574,61,69,-8,8
53575,100,92,8,8
53576,52,62,-10,10
53577,69,71,-2,2
53578,117,115,2,2
53579,124,118,6,6
53580,100,106,-6,6
53581,149,126,23,23
53582,99,102,-3,3
53583,120,107,13,13
53584,79,86,-7,7
53585,177,172,5,5
53586,62,66,-4,4
53587,99,96,3,3
53588,157,143,14,14
53589,117,118,-1,1
53590,98,93,5,5
53591,68,70,-2,2
53592,85,84,1,1
53593,91,100,-9,9
53594,106,101,5,5
53595,129,125,4,4
53596,134,119,15,15
53597,85,90,-5,5
53598,122,126,-4,4
53599,89,91,-2,2
53600,46,54,-8,8
53601,91,98,-7,7
53602,136,137,-1,1
53603,52,54,-2,2
53604,98,105,-7,7
53605,98,93,5,5
53606,129,124,5,5
53607,49,52,-3,3
53608,75,76,-1,1
53609,70,76,-6,6
53610,102,101,1,1
53611,114,115,-1,1
53612,31,44,-13,13
53613,120,115,5,5
53614,108,104,4,4
53615,84,92,-8,8
53616,61,67,-6,6
53617,150,149,1,1
53618,52,85,-33,33
53619,44,53,-9,9
53620,71,81,-10,10
53621,62,70,-8,8
53622,74,78,-4,4
53623,100,101,-1,1
53624,83,93,-10,10
53625,82,86,-4,4
53626,149,132,17,17
53627,113,122,-9,9
53628,99,93,6,6
53629,94,98,-4,4
53630,77,85,-8,8
53631,116,129,-13,13
53632,154,154,0,0
53633,84,92,-8,8
53634,116,100,16,16
53635,169,158,11,11
53636,126,117,9,9
53637,31,39,-8,8
53638,84,86,-2,2
53639,81,78,3,3
53640,109,105,4,4
53641,96,99,-3,3
53642,78,81,-3,3
53643,100,102,-2,2
53644,101,97,4,4
53645,63,72,-9,9
53646,118,114,4,4
53647,119,110,9,9
53648,70,66,4,4
53649,82,78,4,4
53650,57,55,2,2
53651,89,95,-6,6
53652,124,115,9,9
53653,67,70,-3,3
53654,87,83,4,4
53655,115,108,7,7
53656,76,74,2,2
53657,63,70,-7,7
53658,105,102,3,3
53659,77,78,-1,1
53660,124,130,-6,6
53661,84,81,3,3
53662,52,50,2,2
53663,55,58,-3,3
53664,120,110,10,10
53665,206,173,33,33
53666,67,74,-7,7
53667,93,99,-6,6
53668,67,71,-4,4
53669,71,70,1,1
53670,87,76,11,11
53671,72,71,1,1
53672,108,105,3,3
53673,116,108,8,8
53674,62,61,1,1
53675,61,73,-12,12
53676,57,62,-5,5
53677,100,95,5,5
53678,78,68,10,10
53679,93,97,-4,4
53680,102,106,-4,4
53681,187,183,4,4
53682,88,81,7,7
53683,100,104,-4,4
53684,169,159,10,10
53685,160,163,-3,3
53686,142,136,6,6
53687,146,143,3,3
53688,81,90,-9,9
53689,41,48,-7,7
53690,111,94,17,17
53691,124,114,10,10
53692,114,118,-4,4
53693,133,135,-2,2
53694,88,82,6,6
53695,90,86,4,4
53696,76,78,-2,2
53697,83,94,-11,11
53698,130,123,7,7
53699,48,64,-16,16
53700,85,101,-16,16
53701,77,76,1,1
53702,130,129,1,1
53703,118,105,13,13
53704,106,105,1,1
53705,67,74,-7,7
53706,111,111,0,0
53707,94,92,2,2
53708,69,72,-3,3
53709,76,94,-18,18
53710,96,93,3,3
53711,84,82,2,2
53712,144,117,27,27
53713,66,81,-15,15
53714,86,84,2,2
53715,56,68,-12,12
53716,103,113,-10,10
53717,154,143,11,11
53718,80,75,5,5
53719,89,93,-4,4
53720,63,73,-10,10
53721,90,91,-1,1
53722,102,89,13,13
53723,132,131,1,1
53724,103,105,-2,2
53725,138,135,3,3
53726,107,102,5,5
53727,84,91,-7,7
53728,158,141,17,17
53729,143,140,3,3
53730,83,90,-7,7
53731,101,94,7,7
53732,42,55,-13,13
53733,156,145,11,11
53734,96,104,-8,8
53735,124,131,-7,7
53736,91,94,-3,3
53737,139,132,7,7
53738,80,76,4,4
53739,95,94,1,1
53740,95,92,3,3
53741,83,91,-8,8
53742,88,94,-6,6
53743,120,123,-3,3
53744,79,83,-4,4
53745,114,107,7,7
53746,54,60,-6,6
53747,72,80,-8,8
53748,122,110,12,12
53749,125,123,2,2
53750,100,99,1,1
53751,90,102,-12,12
53752,92,92,0,0
53753,85,83,2,2
53754,115,114,1,1
53755,76,71,5,5
53756,94,107,-13,13
53757,128,116,12,12
53758,49,87,-38,38
53759,134,125,9,9
53760,114,110,4,4
53761,75,75,0,0
53762,71,71,0,0
53763,131,125,6,6
53764,110,105,5,5
53765,113,106,7,7
53766,79,92,-13,13
53767,90,96,-6,6
53768,112,102,10,10
53769,92,94,-2,2
53770,141,130,11,11
53771,46,53,-7,7
53772,103,103,0,0
53773,124,126,-2,2
53774,98,95,3,3
53775,106,96,10,10
53776,95,86,9,9
53777,50,56,-6,6
53778,98,93,5,5
53779,127,122,5,5
53780,147,144,3,3
53781,136,126,10,10
53782,68,69,-1,1
53783,133,130,3,3
53784,112,110,2,2
53785,73,72,1,1
53786,104,106,-2,2
53787,118,112,6,6
53788,84,95,-11,11
53789,66,70,-4,4
53790,74,73,1,1
53791,71,67,4,4
53792,122,117,5,5
53793,88,92,-4,4
53794,90,98,-8,8
53795,44,53,-9,9
53796,68,88,-20,20
53797,72,81,-9,9
53798,141,137,4,4
53799,84,108,-24,24
53800,120,112,8,8
53801,46,45,1,1
53802,59,62,-3,3
53803,136,130,6,6
53804,47,49,-2,2
53805,57,64,-7,7
53806,64,77,-13,13
53807,114,99,15,15
53808,75,71,4,4
53809,72,76,-4,4
53810,58,58,0,0
53811,70,72,-2,2
53812,146,136,10,10
53813,83,102,-19,19
53814,116,134,-18,18
53815,143,139,4,4
53816,118,107,11,11
53817,200,178,22,22
53818,116,103,13,13
53819,124,111,13,13
53820,142,143,-1,1
53821,184,155,29,29
53822,137,122,15,15
53823,76,78,-2,2
53824,96,96,0,0
53825,52,57,-5,5
53826,91,84,7,7
53827,55,59,-4,4
53828,95,90,5,5
53829,59,66,-7,7
53830,145,143,2,2
53831,84,71,13,13
53832,112,114,-2,2
53833,63,76,-13,13
53834,60,67,-7,7
53835,134,130,4,4
53836,88,85,3,3
53837,72,75,-3,3
53838,107,115,-8,8
53839,74,74,0,0
53840,94,84,10,10
53841,84,80,4,4
53842,55,75,-20,20
53843,30,33,-3,3
53844,31,45,-14,14
53845,77,84,-7,7
53846,74,75,-1,1
53847,99,90,9,9
53848,148,139,9,9
53849,70,80,-10,10
53850,86,82,4,4
53851,124,138,-14,14
53852,144,140,4,4
53853,77,72,5,5
53854,117,109,8,8
53855,78,74,4,4
53856,53,66,-13,13
53857,105,102,3,3
53858,79,69,10,10
53859,127,118,9,9
53860,94,91,3,3
53861,159,157,2,2
53862,90,92,-2,2
53863,71,74,-3,3
53864,156,142,14,14
53865,140,133,7,7
53866,57,49,8,8
53867,91,93,-2,2
53868,61,63,-2,2
53869,91,96,-5,5
53870,54,60,-6,6
53871,78,75,3,3
53872,133,115,18,18
53873,121,109,12,12
53874,151,148,3,3
53875,119,114,5,5
53876,76,107,-31,31
53877,98,95,3,3
53878,97,97,0,0
53879,41,46,-5,5
53880,149,157,-8,8
53881,119,117,2,2
53882,80,83,-3,3
53883,67,67,0,0
53884,70,74,-4,4
53885,120,109,11,11
53886,125,123,2,2
53887,76,79,-3,3
53888,77,86,-9,9
53889,89,93,-4,4
53890,63,62,1,1
53891,163,155,8,8
53892,51,48,3,3
53893,68,69,-1,1
53894,131,130,1,1
53895,109,111,-2,2
53896,61,60,1,1
53897,118,128,-10,10
53898,103,103,0,0
53899,137,116,21,21
53900,93,93,0,0
53901,116,104,12,12
53902,61,68,-7,7
53903,80,85,-5,5
53904,88,92,-4,4
53905,121,128,-7,7
53906,63,68,-5,5
53907,150,140,10,10
53908,130,122,8,8
53909,112,108,4,4
53910,48,58,-10,10
53911,159,155,4,4
53912,75,74,1,1
53913,66,72,-6,6
53914,75,80,-5,5
53915,70,71,-1,1
53916,80,79,1,1
53917,95,98,-3,3
53918,57,51,6,6
53919,79,74,5,5
53920,69,68,1,1
53921,60,66,-6,6
53922,115,107,8,8
53923,121,101,20,20
53924,71,66,5,5
53925,88,83,5,5
53926,97,97,0,0
53927,56,64,-8,8
53928,107,99,8,8
53929,35,38,-3,3
53930,112,112,0,0
53931,74,82,-8,8
53932,80,81,-1,1
53933,89,100,-11,11
53934,81,92,-11,11
53935,142,136,6,6
53936,109,116,-7,7
53937,118,102,16,16
53938,93,93,0,0
53939,127,123,4,4
53940,84,90,-6,6
53941,135,132,3,3
53942,128,127,1,1
53943,88,84,4,4
53944,77,86,-9,9
53945,73,83,-10,10
53946,92,86,6,6
53947,163,160,3,3
53948,117,108,9,9
53949,186,176,10,10
53950,118,123,-5,5
53951,79,71,8,8
53952,81,84,-3,3
53953,114,126,-12,12
53954,83,83,0,0
53955,89,80,9,9
53956,139,141,-2,2
53957,85,90,-5,5
53958,52,60,-8,8
53959,112,103,9,9
53960,79,83,-4,4
53961,90,86,4,4
53962,102,101,1,1
53963,86,91,-5,5
53964,83,83,0,0
53965,149,136,13,13
53966,50,58,-8,8
53967,73,74,-1,1
53968,66,68,-2,2
53969,106,107,-1,1
53970,78,72,6,6
53971,85,91,-6,6
53972,97,111,-14,14
53973,50,48,2,2
53974,126,136,-10,10
53975,83,93,-10,10
53976,98,96,2,2
53977,75,76,-1,1
53978,93,94,-1,1
53979,143,132,11,11
53980,142,123,19,19
53981,55,65,-10,10
53982,68,68,0,0
53983,61,64,-3,3
53984,68,68,0,0
53985,119,102,17,17
53986,85,85,0,0
53987,56,55,1,1
53988,105,116,-11,11
53989,74,77,-3,3
53990,61,64,-3,3
53991,125,124,1,1
53992,49,54,-5,5
53993,117,124,-7,7
53994,109,115,-6,6
53995,108,121,-13,13
53996,153,164,-11,11
53997,59,59,0,0
53998,173,157,16,16
53999,90,91,-1,1
54000,102,102,0,0
54001,53,60,-7,7
54002,91,99,-8,8
54003,162,129,33,33
54004,129,126,3,3
54005,110,106,4,4
54006,80,75,5,5
54007,94,90,4,4
54008,107,103,4,4
54009,57,66,-9,9
54010,109,111,-2,2
54011,73,74,-1,1
54012,229,203,26,26
54013,170,163,7,7
54014,70,65,5,5
54015,104,107,-3,3
54016,83,83,0,0
54017,101,96,5,5
54018,86,94,-8,8
54019,108,110,-2,2
54020,96,101,-5,5
54021,80,85,-5,5
54022,68,73,-5,5
54023,91,86,5,5
54024,112,112,0,0
54025,122,115,7,7
54026,132,121,11,11
54027,96,98,-2,2
54028,81,91,-10,10
54029,80,95,-15,15
54030,101,97,4,4
54031,117,116,1,1
54032,100,97,3,3
54033,83,96,-13,13
54034,93,94,-1,1
54035,103,103,0,0
54036,48,61,-13,13
54037,110,104,6,6
54038,128,115,13,13
54039,37,40,-3,3
54040,110,115,-5,5
54041,94,95,-1,1
54042,127,139,-12,12
54043,70,69,1,1
54044,112,108,4,4
54045,189,187,2,2
54046,95,104,-9,9
54047,123,128,-5,5
54048,152,148,4,4
54049,85,84,1,1
54050,60,69,-9,9
54051,74,69,5,5
54052,89,94,-5,5
54053,97,96,1,1
54054,159,142,17,17
54055,90,93,-3,3
54056,76,80,-4,4
54057,83,96,-13,13
54058,71,84,-13,13
54059,105,96,9,9
54060,102,103,-1,1
54061,161,143,18,18
54062,123,107,16,16
54063,85,87,-2,2
54064,41,48,-7,7
54065,165,151,14,14
54066,60,93,-33,33
54067,123,125,-2,2
54068,59,59,0,0
54069,51,49,2,2
54070,160,157,3,3
54071,134,144,-10,10
54072,87,95,-8,8
54073,91,94,-3,3
54074,52,60,-8,8
54075,111,104,7,7
54076,139,145,-6,6
54077,65,74,-9,9
54078,96,93,3,3
54079,92,91,1,1
54080,77,91,-14,14
54081,106,113,-7,7
54082,194,181,13,13
54083,127,120,7,7
54084,121,105,16,16
54085,140,145,-5,5
54086,129,128,1,1
54087,59,66,-7,7
54088,82,94,-12,12
54089,59,66,-7,7
54090,98,95,3,3
54091,214,185,29,29
54092,107,105,2,2
54093,122,123,-1,1
54094,75,73,2,2
54095,52,54,-2,2
54096,129,122,7,7
54097,59,63,-4,4
54098,64,62,2,2
54099,144,128,16,16
54100,99,101,-2,2
54101,156,140,16,16
54102,173,164,9,9
54103,82,84,-2,2
54104,145,126,19,19
54105,105,97,8,8
54106,102,111,-9,9
54107,69,72,-3,3
54108,51,57,-6,6
54109,44,51,-7,7
54110,30,36,-6,6
54111,118,107,11,11
54112,85,81,4,4
54113,70,73,-3,3
54114,61,73,-12,12
54115,69,67,2,2
54116,81,82,-1,1
54117,68,66,2,2
54118,149,141,8,8
54119,47,66,-19,19
54120,53,63,-10,10
54121,143,138,5,5
54122,91,101,-10,10
54123,93,98,-5,5
54124,45,53,-8,8
54125,122,121,1,1
54126,112,106,6,6
54127,165,147,18,18
54128,57,66,-9,9
54129,101,107,-6,6
54130,54,57,-3,3
54131,55,58,-3,3
54132,74,71,3,3
54133,95,96,-1,1
54134,58,91,-33,33
54135,114,125,-11,11
54136,73,93,-20,20
54137,81,79,2,2
54138,63,60,3,3
54139,139,146,-7,7
54140,96,94,2,2
54141,111,106,5,5
54142,157,142,15,15
54143,167,163,4,4
54144,166,139,27,27
54145,115,117,-2,2
54146,80,76,4,4
54147,166,136,30,30
54148,89,90,-1,1
54149,69,67,2,2
54150,34,48,-14,14
54151,92,93,-1,1
54152,81,93,-12,12
54153,131,130,1,1
54154,65,72,-7,7
54155,107,107,0,0
54156,61,68,-7,7
54157,77,89,-12,12
54158,92,97,-5,5
54159,175,171,4,4
54160,154,149,5,5
54161,101,104,-3,3
54162,96,93,3,3
54163,82,83,-1,1
54164,72,72,0,0
54165,60,66,-6,6
54166,137,121,16,16
54167,44,55,-11,11
54168,77,73,4,4
54169,111,106,5,5
54170,41,56,-15,15
54171,119,108,11,11
54172,83,89,-6,6
54173,108,102,6,6
54174,128,110,18,18
54175,76,91,-15,15
54176,41,51,-10,10
54177,79,83,-4,4
54178,175,163,12,12
54179,115,105,10,10
54180,87,95,-8,8
54181,136,118,18,18
54182,76,75,1,1
54183,107,116,-9,9
54184,86,99,-13,13
54185,118,107,11,11
54186,98,94,4,4
54187,73,71,2,2
54188,176,160,16,16
54189,110,102,8,8
54190,73,72,1,1
54191,73,74,-1,1
54192,109,113,-4,4
54193,96,103,-7,7
54194,128,117,11,11
54195,65,66,-1,1
54196,81,90,-9,9
54197,76,76,0,0
54198,81,93,-12,12
54199,55,51,4,4
54200,93,96,-3,3
54201,138,138,0,0
54202,127,119,8,8
54203,110,93,17,17
54204,97,93,4,4
54205,106,113,-7,7
54206,70,75,-5,5
54207,84,103,-19,19
54208,103,98,5,5
54209,109,102,7,7
54210,82,82,0,0
54211,82,85,-3,3
54212,75,72,3,3
54213,96,95,1,1
54214,74,77,-3,3
54215,50,56,-6,6
54216,80,75,5,5
54217,129,136,-7,7
54218,127,131,-4,4
54219,101,114,-13,13
54220,94,93,1,1
54221,80,85,-5,5
54222,51,55,-4,4
54223,98,95,3,3
54224,93,97,-4,4
54225,138,141,-3,3
54226,127,116,11,11
54227,115,110,5,5
54228,57,63,-6,6
54229,62,65,-3,3
54230,125,126,-1,1
54231,74,84,-10,10
54232,104,98,6,6
54233,112,112,0,0
54234,101,99,2,2
54235,81,72,9,9
54236,58,65,-7,7
54237,98,90,8,8
54238,60,60,0,0
54239,60,67,-7,7
54240,119,107,12,12
54241,92,90,2,2
54242,79,86,-7,7
54243,72,74,-2,2
54244,59,68,-9,9
54245,53,57,-4,4
54246,133,125,8,8
54247,81,92,-11,11
54248,167,154,13,13
54249,110,104,6,6
54250,62,65,-3,3
54251,77,76,1,1
54252,81,96,-15,15
54253,108,94,14,14
54254,107,99,8,8
54255,56,59,-3,3
54256,74,73,1,1
54257,55,71,-16,16
54258,41,45,-4,4
54259,95,92,3,3
54260,80,85,-5,5
54261,107,107,0,0
54262,89,90,-1,1
54263,69,70,-1,1
54264,89,85,4,4
54265,125,113,12,12
54266,139,131,8,8
54267,63,66,-3,3
54268,79,89,-10,10
54269,111,118,-7,7
54270,80,86,-6,6
54271,89,98,-9,9
54272,65,64,1,1
54273,139,128,11,11
54274,105,102,3,3
54275,59,62,-3,3
54276,108,100,8,8
54277,71,74,-3,3
54278,57,69,-12,12
54279,65,70,-5,5
54280,66,67,-1,1
54281,171,169,2,2
54282,69,91,-22,22
54283,137,124,13,13
54284,62,69,-7,7
54285,92,93,-1,1
54286,87,78,9,9
54287,131,125,6,6
54288,160,165,-5,5
54289,78,87,-9,9
54290,82,93,-11,11
54291,152,164,-12,12
54292,34,39,-5,5
54293,80,93,-13,13
54294,201,192,9,9
54295,89,90,-1,1
54296,88,94,-6,6
54297,137,130,7,7
54298,58,63,-5,5
54299,87,103,-16,16
54300,106,105,1,1
54301,67,70,-3,3
54302,57,56,1,1
54303,83,78,5,5
54304,105,97,8,8
54305,187,165,22,22
54306,92,92,0,0
54307,43,46,-3,3
54308,130,131,-1,1
54309,103,99,4,4
54310,79,80,-1,1
54311,176,165,11,11
54312,120,112,8,8
54313,75,76,-1,1
54314,75,72,3,3
54315,77,71,6,6
54316,87,86,1,1
54317,49,64,-15,15
54318,164,139,25,25
54319,142,130,12,12
54320,136,129,7,7
54321,51,60,-9,9
54322,79,83,-4,4
54323,173,163,10,10
54324,118,114,4,4
54325,75,74,1,1
54326,87,95,-8,8
54327,66,66,0,0
54328,67,71,-4,4
54329,124,116,8,8
54330,62,67,-5,5
54331,88,95,-7,7
54332,87,91,-4,4
54333,125,128,-3,3
54334,107,91,16,16
54335,65,65,0,0
54336,50,58,-8,8
54337,80,74,6,6
54338,166,157,9,9
54339,142,132,10,10
54340,171,161,10,10
54341,57,59,-2,2
54342,87,92,-5,5
54343,106,103,3,3
54344,95,104,-9,9
54345,108,100,8,8
54346,105,98,7,7
54347,112,107,5,5
54348,101,91,10,10
54349,89,92,-3,3
54350,49,60,-11,11
54351,84,83,1,1
54352,101,104,-3,3
54353,66,68,-2,2
54354,83,82,1,1
54355,58,60,-2,2
54356,85,92,-7,7
54357,91,113,-22,22
54358,53,70,-17,17
54359,94,97,-3,3
54360,97,91,6,6
54361,76,74,2,2
54362,45,60,-15,15
54363,49,53,-4,4
54364,150,147,3,3
54365,104,101,3,3
54366,111,116,-5,5
54367,68,66,2,2
54368,93,100,-7,7
54369,100,104,-4,4
54370,107,107,0,0
54371,121,123,-2,2
54372,60,71,-11,11
54373,134,132,2,2
54374,127,119,8,8
54375,76,82,-6,6
54376,122,108,14,14
54377,71,69,2,2
54378,73,84,-11,11
54379,74,73,1,1
54380,133,130,3,3
54381,78,76,2,2
54382,60,75,-15,15
54383,112,124,-12,12
54384,87,92,-5,5
54385,105,99,6,6
54386,62,69,-7,7
54387,76,74,2,2
54388,124,116,8,8
54389,108,112,-4,4
54390,63,66,-3,3
54391,192,178,14,14
54392,63,75,-12,12
54393,94,101,-7,7
54394,76,97,-21,21
54395,153,149,4,4
54396,145,138,7,7
54397,118,124,-6,6
54398,144,146,-2,2
54399,80,91,-11,11
54400,81,80,1,1
54401,167,144,23,23
54402,112,94,18,18
54403,87,95,-8,8
54404,114,87,27,27
54405,96,100,-4,4
54406,72,71,1,1
54407,148,147,1,1
54408,105,107,-2,2
54409,138,145,-7,7
54410,80,84,-4,4
54411,79,91,-12,12
54412,92,90,2,2
54413,104,104,0,0
54414,60,75,-15,15
54415,179,164,15,15
54416,86,85,1,1
54417,32,59,-27,27
54418,134,112,22,22
54419,71,73,-2,2
54420,93,95,-2,2
54421,112,108,4,4
54422,117,115,2,2
54423,112,110,2,2
54424,83,88,-5,5
54425,111,114,-3,3
54426,143,140,3,3
54427,84,86,-2,2
54428,58,67,-9,9
54429,78,81,-3,3
54430,116,105,11,11
54431,120,109,11,11
54432,102,94,8,8
54433,155,33,122,122
54434,106,107,-1,1
54435,79,74,5,5
54436,111,117,-6,6
54437,72,74,-2,2
54438,59,63,-4,4
54439,139,144,-5,5
54440,119,111,8,8
54441,100,99,1,1
54442,59,72,-13,13
54443,67,75,-8,8
54444,149,150,-1,1
54445,74,74,0,0
54446,96,101,-5,5
54447,196,193,3,3
54448,144,142,2,2
54449,101,95,6,6
54450,80,96,-16,16
54451,76,90,-14,14
54452,96,100,-4,4
54453,112,105,7,7
54454,73,100,-27,27
54455,126,130,-4,4
54456,92,92,0,0
54457,125,129,-4,4
54458,64,69,-5,5
54459,146,139,7,7
54460,77,97,-20,20
54461,148,144,4,4
54462,126,126,0,0
54463,95,103,-8,8
54464,58,58,0,0
54465,146,133,13,13
54466,148,134,14,14
54467,104,108,-4,4
54468,129,123,6,6
54469,60,57,3,3
54470,83,84,-1,1
54471,67,59,8,8
54472,132,119,13,13
54473,82,92,-10,10
54474,34,58,-24,24
54475,76,82,-6,6
54476,116,124,-8,8
54477,119,119,0,0
54478,96,102,-6,6
54479,138,132,6,6
54480,80,80,0,0
54481,109,112,-3,3
54482,103,102,1,1
54483,57,66,-9,9
54484,41,41,0,0
54485,121,119,2,2
54486,87,85,2,2
54487,125,118,7,7
54488,82,93,-11,11
54489,36,45,-9,9
54490,63,62,1,1
54491,112,107,5,5
54492,90,84,6,6
54493,110,116,-6,6
54494,184,166,18,18
54495,97,102,-5,5
54496,64,72,-8,8
54497,115,105,10,10
54498,85,83,2,2
54499,60,64,-4,4
54500,68,78,-10,10
54501,118,116,2,2
54502,56,69,-13,13
54503,49,67,-18,18
54504,92,99,-7,7
54505,62,64,-2,2
54506,131,117,14,14
54507,125,122,3,3
54508,146,146,0,0
54509,78,82,-4,4
54510,69,68,1,1
54511,76,74,2,2
54512,66,68,-2,2
54513,71,76,-5,5
54514,97,104,-7,7
54515,264,255,9,9
54516,38,48,-10,10
54517,134,139,-5,5
54518,70,70,0,0
54519,67,71,-4,4
54520,128,121,7,7
54521,138,105,33,33
54522,101,112,-11,11
54523,76,78,-2,2
54524,42,53,-11,11
54525,138,123,15,15
54526,126,118,8,8
54527,80,78,2,2
54528,61,61,0,0
54529,105,94,11,11
54530,113,112,1,1
54531,96,97,-1,1
54532,97,102,-5,5
54533,74,90,-16,16
54534,129,131,-2,2
54535,83,79,4,4
54536,87,82,5,5
54537,72,71,1,1
54538,120,114,6,6
54539,95,115,-20,20
54540,62,66,-4,4
54541,54,62,-8,8
54542,80,88,-8,8
54543,109,100,9,9
54544,90,83,7,7
54545,30,29,1,1
54546,103,103,0,0
54547,91,102,-11,11
54548,92,83,9,9
54549,79,91,-12,12
54550,120,116,4,4
54551,131,120,11,11
54552,91,96,-5,5
54553,64,66,-2,2
54554,106,105,1,1
54555,81,84,-3,3
54556,86,83,3,3
54557,190,186,4,4
54558,80,81,-1,1
54559,108,116,-8,8
54560,136,143,-7,7
54561,84,84,0,0
54562,122,122,0,0
54563,80,77,3,3
54564,80,75,5,5
54565,143,137,6,6
54566,31,37,-6,6
54567,96,95,1,1
54568,74,69,5,5
54569,130,123,7,7
54570,99,97,2,2
54571,90,99,-9,9
54572,89,85,4,4
54573,122,106,16,16
54574,116,117,-1,1
54575,111,114,-3,3
54576,129,126,3,3
54577,97,102,-5,5
54578,122,104,18,18
54579,94,117,-23,23
54580,78,84,-6,6
54581,101,100,1,1
54582,77,86,-9,9
54583,99,105,-6,6
54584,91,106,-15,15
54585,74,76,-2,2
54586,120,117,3,3
54587,109,100,9,9
54588,54,64,-10,10
54589,105,100,5,5
54590,140,143,-3,3
54591,175,164,11,11
54592,103,96,7,7
54593,80,89,-9,9
54594,71,78,-7,7
54595,101,97,4,4
54596,91,94,-3,3
54597,75,85,-10,10
54598,51,58,-7,7
54599,59,63,-4,4
54600,108,104,4,4
54601,198,174,24,24
54602,48,48,0,0
54603,117,114,3,3
54604,44,48,-4,4
54605,105,106,-1,1
54606,78,82,-4,4
54607,92,102,-10,10
54608,89,90,-1,1
54609,68,70,-2,2
54610,50,57,-7,7
54611,83,77,6,6
54612,71,72,-1,1
54613,96,116,-20,20
54614,146,131,15,15
54615,134,106,28,28
54616,73,106,-33,33
54617,84,108,-24,24
54618,86,91,-5,5
54619,152,140,12,12
54620,59,65,-6,6
54621,183,167,16,16
54622,50,57,-7,7
54623,83,84,-1,1
54624,103,99,4,4
54625,63,66,-3,3
54626,58,64,-6,6
54627,79,76,3,3
54628,65,93,-28,28
54629,50,61,-11,11
54630,89,83,6,6
54631,132,117,15,15
54632,91,100,-9,9
54633,79,82,-3,3
54634,89,83,6,6
54635,117,122,-5,5
54636,89,84,5,5
54637,109,112,-3,3
54638,124,117,7,7
54639,97,94,3,3
54640,131,129,2,2
54641,86,90,-4,4
54642,77,81,-4,4
54643,96,103,-7,7
54644,94,94,0,0
54645,74,73,1,1
54646,129,124,5,5
54647,104,104,0,0
54648,113,119,-6,6
54649,99,101,-2,2
54650,63,55,8,8
54651,95,96,-1,1
54652,68,80,-12,12
54653,194,160,34,34
54654,99,106,-7,7
54655,123,132,-9,9
54656,119,113,6,6
54657,108,97,11,11
54658,66,84,-18,18
54659,60,68,-8,8
54660,58,67,-9,9
54661,183,170,13,13
54662,190,175,15,15
54663,165,144,21,21
54664,80,92,-12,12
54665,166,157,9,9
54666,123,124,-1,1
54667,131,132,-1,1
54668,62,70,-8,8
54669,83,73,10,10
54670,125,114,11,11
54671,103,108,-5,5
54672,101,106,-5,5
54673,95,93,2,2
54674,59,65,-6,6
54675,107,102,5,5
54676,79,70,9,9
54677,87,85,2,2
54678,84,90,-6,6
54679,67,70,-3,3
54680,75,72,3,3
54681,85,81,4,4
54682,89,83,6,6
54683,105,115,-10,10
54684,71,72,-1,1
54685,150,134,16,16
54686,59,64,-5,5
54687,86,84,2,2
54688,85,85,0,0
54689,110,115,-5,5
54690,76,72,4,4
54691,100,103,-3,3
54692,109,103,6,6
54693,110,109,1,1
54694,97,106,-9,9
54695,109,109,0,0
54696,188,173,15,15
54697,52,60,-8,8
54698,56,65,-9,9
54699,87,91,-4,4
54700,72,74,-2,2
54701,171,162,9,9
54702,109,105,4,4
54703,86,93,-7,7
54704,140,130,10,10
54705,113,107,6,6
54706,89,90,-1,1
54707,102,101,1,1
54708,82,79,3,3
54709,87,84,3,3
54710,85,92,-7,7
54711,150,140,10,10
54712,151,132,19,19
54713,65,76,-11,11
54714,150,141,9,9
54715,102,103,-1,1
54716,88,91,-3,3
54717,108,111,-3,3
54718,38,49,-11,11
54719,123,117,6,6
54720,92,81,11,11
54721,120,114,6,6
54722,108,102,6,6
54723,72,69,3,3
54724,62,61,1,1
54725,105,106,-1,1
54726,71,87,-16,16
54727,99,91,8,8
54728,88,93,-5,5
54729,79,92,-13,13
54730,86,85,1,1
54731,116,103,13,13
54732,74,82,-8,8
54733,93,98,-5,5
54734,198,178,20,20
54735,96,96,0,0
54736,78,79,-1,1
54737,57,57,0,0
54738,45,55,-10,10
54739,140,134,6,6
54740,76,76,0,0
54741,88,96,-8,8
54742,127,129,-2,2
54743,50,62,-12,12
54744,101,108,-7,7
54745,71,80,-9,9
54746,141,129,12,12
54747,110,116,-6,6
54748,144,131,13,13
54749,114,122,-8,8
54750,66,67,-1,1
54751,90,96,-6,6
54752,83,81,2,2
54753,143,128,15,15
54754,81,79,2,2
54755,41,41,0,0
54756,165,157,8,8
54757,92,101,-9,9
54758,43,70,-27,27
54759,84,76,8,8
54760,58,73,-15,15
54761,74,71,3,3
54762,102,91,11,11
54763,62,75,-13,13
54764,115,106,9,9
54765,93,104,-11,11
54766,155,138,17,17
54767,173,173,0,0
54768,145,137,8,8
54769,75,78,-3,3
54770,116,105,11,11
54771,114,122,-8,8
54772,115,116,-1,1
54773,123,117,6,6
54774,86,103,-17,17
54775,95,94,1,1
54776,59,63,-4,4
54777,123,123,0,0
54778,111,117,-6,6
54779,109,127,-18,18
54780,92,93,-1,1
54781,118,129,-11,11
54782,42,48,-6,6
54783,65,68,-3,3
54784,74,74,0,0
54785,144,143,1,1
54786,139,133,6,6
54787,71,74,-3,3
54788,66,67,-1,1
54789,81,83,-2,2
54790,103,107,-4,4
54791,65,66,-1,1
54792,137,146,-9,9
54793,86,94,-8,8
54794,64,53,11,11
54795,96,98,-2,2
54796,76,92,-16,16
54797,56,60,-4,4
54798,59,65,-6,6
54799,70,74,-4,4
54800,79,76,3,3
54801,92,94,-2,2
54802,64,73,-9,9
54803,141,140,1,1
54804,111,110,1,1
54805,123,106,17,17
54806,55,64,-9,9
54807,58,63,-5,5
54808,105,90,15,15
54809,124,114,10,10
54810,76,75,1,1
54811,72,93,-21,21
54812,68,75,-7,7
54813,39,49,-10,10
54814,83,75,8,8
54815,90,86,4,4
54816,84,72,12,12
54817,131,113,18,18
54818,100,93,7,7
54819,68,72,-4,4
54820,199,175,24,24
54821,111,106,5,5
54822,63,63,0,0
54823,112,111,1,1
54824,58,64,-6,6
54825,167,161,6,6
54826,167,153,14,14
54827,204,184,20,20
54828,88,93,-5,5
54829,112,118,-6,6
54830,109,108,1,1
54831,74,66,8,8
54832,118,116,2,2
54833,114,111,3,3
54834,52,57,-5,5
54835,79,78,1,1
54836,63,64,-1,1
54837,34,43,-9,9
54838,75,77,-2,2
54839,66,68,-2,2
54840,165,169,-4,4
54841,140,107,33,33
54842,68,73,-5,5
54843,119,113,6,6
54844,109,107,2,2
54845,79,81,-2,2
54846,96,84,12,12
54847,96,95,1,1
54848,58,60,-2,2
54849,99,100,-1,1
54850,68,75,-7,7
54851,61,63,-2,2
54852,89,94,-5,5
54853,135,123,12,12
54854,60,66,-6,6
54855,92,94,-2,2
54856,84,78,6,6
54857,84,90,-6,6
54858,94,97,-3,3
54859,101,110,-9,9
54860,119,114,5,5
54861,139,150,-11,11
54862,84,85,-1,1
54863,204,163,41,41
54864,97,95,2,2
54865,79,91,-12,12
54866,101,105,-4,4
54867,86,91,-5,5
54868,84,82,2,2
54869,67,71,-4,4
54870,98,102,-4,4
54871,79,80,-1,1
54872,90,82,8,8
54873,62,66,-4,4
54874,65,70,-5,5
54875,62,71,-9,9
54876,41,46,-5,5
54877,140,124,16,16
54878,167,152,15,15
54879,129,126,3,3
54880,170,182,-12,12
54881,76,77,-1,1
54882,88,91,-3,3
54883,57,60,-3,3
54884,55,63,-8,8
54885,81,78,3,3
54886,142,134,8,8
54887,118,112,6,6
54888,66,66,0,0
54889,61,70,-9,9
54890,97,103,-6,6
54891,88,91,-3,3
54892,101,102,-1,1
54893,64,64,0,0
54894,116,109,7,7
54895,90,83,7,7
54896,87,102,-15,15
54897,98,92,6,6
54898,111,111,0,0
54899,67,65,2,2
54900,51,60,-9,9
54901,123,126,-3,3
54902,59,68,-9,9
54903,67,66,1,1
54904,48,53,-5,5
54905,52,69,-17,17
54906,180,182,-2,2
54907,61,66,-5,5
54908,162,152,10,10
54909,76,82,-6,6
54910,57,61,-4,4
54911,90,91,-1,1
54912,55,67,-12,12
54913,103,114,-11,11
54914,72,82,-10,10
54915,70,64,6,6
54916,154,138,16,16
54917,113,117,-4,4
54918,108,105,3,3
54919,50,68,-18,18
54920,45,65,-20,20
54921,71,66,5,5
54922,132,123,9,9
54923,164,154,10,10
54924,100,102,-2,2
54925,46,48,-2,2
54926,85,82,3,3
54927,88,84,4,4
54928,107,111,-4,4
54929,84,82,2,2
54930,48,53,-5,5
54931,98,102,-4,4
54932,154,144,10,10
54933,115,116,-1,1
54934,69,75,-6,6
54935,47,57,-10,10
54936,79,72,7,7
54937,74,72,2,2
54938,77,85,-8,8
54939,52,59,-7,7
54940,146,138,8,8
54941,74,84,-10,10
54942,122,117,5,5
54943,83,104,-21,21
54944,134,107,27,27
54945,113,130,-17,17
54946,113,108,5,5
54947,100,115,-15,15
54948,77,76,1,1
54949,91,90,1,1
54950,112,143,-31,31
54951,109,104,5,5
54952,97,95,2,2
54953,156,148,8,8
54954,128,118,10,10
54955,88,95,-7,7
54956,68,72,-4,4
54957,69,71,-2,2
54958,137,133,4,4
54959,68,81,-13,13
54960,65,69,-4,4
54961,93,92,1,1
54962,58,62,-4,4
54963,55,66,-11,11
54964,121,116,5,5
54965,133,135,-2,2
54966,50,54,-4,4
54967,228,205,23,23
54968,101,97,4,4
54969,51,56,-5,5
54970,89,91,-2,2
54971,63,76,-13,13
54972,70,85,-15,15
54973,41,42,-1,1
54974,114,108,6,6
54975,65,72,-7,7
54976,83,88,-5,5
54977,61,64,-3,3
54978,68,74,-6,6
54979,107,107,0,0
54980,70,144,-74,74
54981,122,106,16,16
54982,44,51,-7,7
54983,138,137,1,1
54984,178,169,9,9
54985,94,90,4,4
54986,107,98,9,9
54987,63,67,-4,4
54988,84,95,-11,11
54989,124,116,8,8
54990,68,84,-16,16
54991,78,86,-8,8
54992,177,163,14,14
54993,49,63,-14,14
54994,60,59,1,1
54995,63,75,-12,12
54996,39,68,-29,29
54997,88,94,-6,6
54998,150,146,4,4
54999,105,102,3,3
55000,88,84,4,4
55001,58,51,7,7
55002,47,53,-6,6
55003,135,120,15,15
55004,101,96,5,5
55005,61,65,-4,4
55006,114,104,10,10
55007,75,74,1,1
55008,88,82,6,6
55009,69,69,0,0
55010,95,91,4,4
55011,120,132,-12,12
55012,148,157,-9,9
55013,80,80,0,0
55014,54,59,-5,5
55015,85,85,0,0
55016,123,93,30,30
55017,101,102,-1,1
55018,108,113,-5,5
55019,62,68,-6,6
55020,68,84,-16,16
55021,55,61,-6,6
55022,103,105,-2,2
55023,115,109,6,6
55024,94,94,0,0
55025,77,80,-3,3
55026,146,127,19,19
55027,62,68,-6,6
55028,57,63,-6,6
55029,204,186,18,18
55030,52,66,-14,14
55031,111,125,-14,14
55032,67,67,0,0
55033,116,111,5,5
55034,168,163,5,5
55035,47,53,-6,6
55036,75,71,4,4
55037,92,95,-3,3
55038,139,143,-4,4
55039,130,142,-12,12
55040,118,109,9,9
55041,72,76,-4,4
55042,90,98,-8,8
55043,104,82,22,22
55044,99,104,-5,5
55045,98,101,-3,3
55046,84,90,-6,6
55047,106,92,14,14
55048,69,70,-1,1
55049,72,80,-8,8
55050,86,86,0,0
55051,122,111,11,11
55052,103,94,9,9
55053,113,115,-2,2
55054,70,66,4,4
55055,73,95,-22,22
55056,79,77,2,2
55057,102,97,5,5
55058,79,78,1,1
55059,67,71,-4,4
55060,61,65,-4,4
55061,78,84,-6,6
55062,83,82,1,1
55063,91,89,2,2
55064,49,61,-12,12
55065,64,67,-3,3
55066,76,79,-3,3
55067,155,149,6,6
55068,90,84,6,6
55069,78,115,-37,37
55070,67,73,-6,6
55071,112,109,3,3
55072,90,92,-2,2
55073,98,102,-4,4
55074,93,95,-2,2
55075,103,104,-1,1
55076,64,71,-7,7
55077,94,101,-7,7
55078,58,65,-7,7
55079,76,86,-10,10
55080,153,140,13,13
55081,96,91,5,5
55082,151,149,2,2
55083,60,65,-5,5
55084,87,80,7,7
55085,30,46,-16,16
55086,83,77,6,6
55087,107,115,-8,8
55088,114,105,9,9
55089,74,75,-1,1
55090,99,110,-11,11
55091,120,116,4,4
55092,89,91,-2,2
55093,215,200,15,15
55094,53,54,-1,1
55095,74,76,-2,2
55096,112,104,8,8
55097,76,81,-5,5
55098,69,70,-1,1
55099,146,137,9,9
55100,92,92,0,0
55101,72,75,-3,3
55102,184,164,20,20
55103,50,55,-5,5
55104,82,78,4,4
55105,90,89,1,1
55106,152,134,18,18
55107,41,53,-12,12
55108,149,142,7,7
55109,83,83,0,0
55110,45,59,-14,14
55111,225,206,19,19
55112,169,159,10,10
55113,44,56,-12,12
55114,118,123,-5,5
55115,108,103,5,5
55116,125,120,5,5
55117,124,125,-1,1
55118,65,84,-19,19
55119,164,144,20,20
55120,138,136,2,2
55121,87,90,-3,3
55122,51,58,-7,7
55123,98,107,-9,9
55124,64,70,-6,6
55125,63,70,-7,7
55126,101,102,-1,1
55127,90,88,2,2
55128,104,95,9,9
55129,140,133,7,7
55130,121,112,9,9
55131,107,106,1,1
55132,85,91,-6,6
55133,116,116,0,0
55134,55,68,-13,13
55135,74,83,-9,9
55136,178,133,45,45
55137,134,116,18,18
55138,62,68,-6,6
55139,113,110,3,3
55140,75,72,3,3
55141,84,82,2,2
55142,88,85,3,3
55143,68,83,-15,15
55144,46,53,-7,7
55145,150,165,-15,15
55146,99,88,11,11
55147,108,101,7,7
55148,118,87,31,31
55149,48,60,-12,12
55150,104,93,11,11
55151,73,66,7,7
55152,109,104,5,5
55153,62,67,-5,5
55154,91,82,9,9
55155,119,119,0,0
55156,157,148,9,9
55157,117,108,9,9
55158,60,66,-6,6
55159,90,91,-1,1
55160,102,103,-1,1
55161,100,96,4,4
55162,99,96,3,3
55163,108,99,9,9
55164,90,91,-1,1
55165,120,116,4,4
55166,97,98,-1,1
55167,78,82,-4,4
55168,105,104,1,1
55169,160,151,9,9
55170,143,131,12,12
55171,112,115,-3,3
55172,152,144,8,8
55173,153,140,13,13
55174,65,62,3,3
55175,66,72,-6,6
55176,63,68,-5,5
55177,55,83,-28,28
55178,75,77,-2,2
55179,91,87,4,4
55180,81,81,0,0
55181,138,125,13,13
55182,120,109,11,11
55183,86,86,0,0
55184,75,74,1,1
55185,15,32,-17,17
55186,71,74,-3,3
55187,158,144,14,14
55188,102,92,10,10
55189,58,63,-5,5
55190,54,53,1,1
55191,77,33,44,44
55192,82,77,5,5
55193,69,73,-4,4
55194,92,103,-11,11
55195,132,132,0,0
55196,109,110,-1,1
55197,192,178,14,14
55198,62,65,-3,3
55199,41,45,-4,4
55200,120,119,1,1
55201,82,87,-5,5
55202,116,108,8,8
55203,44,57,-13,13
55204,87,86,1,1
55205,63,72,-9,9
55206,75,79,-4,4
55207,106,98,8,8
55208,198,183,15,15
55209,87,82,5,5
55210,45,47,-2,2
55211,95,94,1,1
55212,128,123,5,5
55213,72,73,-1,1
55214,80,91,-11,11
55215,144,147,-3,3
55216,83,83,0,0
55217,138,133,5,5
55218,107,100,7,7
55219,42,52,-10,10
55220,105,107,-2,2
55221,129,124,5,5
55222,78,81,-3,3
55223,157,137,20,20
55224,135,128,7,7
55225,38,38,0,0
55226,174,159,15,15
55227,83,85,-2,2
55228,79,74,5,5
55229,172,176,-4,4
55230,76,67,9,9
55231,106,90,16,16
55232,102,105,-3,3
55233,60,70,-10,10
55234,160,140,20,20
55235,58,64,-6,6
55236,66,70,-4,4
55237,93,93,0,0
55238,97,92,5,5
55239,99,107,-8,8
55240,232,224,8,8
55241,111,101,10,10
55242,57,66,-9,9
55243,92,103,-11,11
55244,70,69,1,1
55245,58,73,-15,15
55246,58,60,-2,2
55247,80,90,-10,10
55248,119,110,9,9
55249,111,106,5,5
55250,73,78,-5,5
55251,72,71,1,1
55252,98,93,5,5
55253,114,117,-3,3
55254,115,107,8,8
55255,180,49,131,131
55256,137,146,-9,9
55257,106,94,12,12
55258,116,112,4,4
55259,161,150,11,11
55260,53,60,-7,7
55261,160,147,13,13
55262,105,107,-2,2
55263,85,90,-5,5
55264,137,134,3,3
55265,78,82,-4,4
55266,152,154,-2,2
55267,107,101,6,6
55268,61,68,-7,7
55269,113,106,7,7
55270,145,142,3,3
55271,125,115,10,10
55272,63,66,-3,3
55273,83,90,-7,7
55274,139,122,17,17
55275,79,76,3,3
55276,136,132,4,4
55277,77,81,-4,4
55278,101,93,8,8
55279,54,61,-7,7
55280,103,104,-1,1
55281,84,82,2,2
55282,62,68,-6,6
55283,149,151,-2,2
55284,52,58,-6,6
55285,143,137,6,6
55286,185,173,12,12
55287,121,109,12,12
55288,93,104,-11,11
55289,89,90,-1,1
55290,71,69,2,2
55291,96,91,5,5
55292,92,84,8,8
55293,132,124,8,8
55294,110,112,-2,2
55295,81,85,-4,4
55296,138,131,7,7
55297,121,125,-4,4
55298,136,123,13,13
55299,108,115,-7,7
55300,102,100,2,2
55301,107,116,-9,9
55302,123,117,6,6
55303,78,76,2,2
55304,123,126,-3,3
55305,191,169,22,22
55306,83,76,7,7
55307,66,70,-4,4
55308,147,136,11,11
55309,75,74,1,1
55310,142,144,-2,2
55311,54,62,-8,8
55312,79,86,-7,7
55313,65,60,5,5
55314,69,71,-2,2
55315,92,94,-2,2
55316,116,97,19,19
55317,138,112,26,26
55318,60,66,-6,6
55319,113,108,5,5
55320,107,108,-1,1
55321,71,82,-11,11
55322,87,82,5,5
55323,66,73,-7,7
55324,115,118,-3,3
55325,88,94,-6,6
55326,59,70,-11,11
55327,109,105,4,4
55328,101,103,-2,2
55329,99,93,6,6
55330,84,91,-7,7
55331,79,73,6,6
55332,144,122,22,22
55333,74,82,-8,8
55334,67,72,-5,5
55335,79,84,-5,5
55336,69,69,0,0
55337,64,72,-8,8
55338,74,68,6,6
55339,122,143,-21,21
55340,88,96,-8,8
55341,85,102,-17,17
55342,135,141,-6,6
55343,150,131,19,19
55344,120,116,4,4
55345,85,87,-2,2
55346,87,96,-9,9
55347,69,76,-7,7
55348,136,126,10,10
55349,139,116,23,23
55350,81,82,-1,1
55351,88,91,-3,3
55352,117,114,3,3
55353,127,136,-9,9
55354,83,87,-4,4
55355,53,59,-6,6
55356,41,42,-1,1
55357,97,98,-1,1
55358,169,160,9,9
55359,112,103,9,9
55360,38,47,-9,9
55361,84,88,-4,4
55362,67,71,-4,4
55363,92,88,4,4
55364,110,106,4,4
55365,88,100,-12,12
55366,78,76,2,2
55367,84,93,-9,9
55368,69,72,-3,3
55369,99,99,0,0
55370,101,109,-8,8
55371,86,90,-4,4
55372,102,105,-3,3
55373,60,64,-4,4
55374,54,61,-7,7
55375,111,117,-6,6
55376,138,129,9,9
55377,82,75,7,7
55378,96,111,-15,15
55379,62,70,-8,8
55380,161,157,4,4
55381,73,81,-8,8
55382,92,93,-1,1
55383,115,114,1,1
55384,150,140,10,10
55385,78,81,-3,3
55386,93,95,-2,2
55387,80,80,0,0
55388,88,92,-4,4
55389,89,92,-3,3
55390,107,104,3,3
55391,76,71,5,5
55392,115,118,-3,3
55393,96,101,-5,5
55394,119,117,2,2
55395,56,64,-8,8
55396,100,114,-14,14
55397,101,95,6,6
55398,89,90,-1,1
55399,75,82,-7,7
55400,106,103,3,3
55401,68,74,-6,6
55402,69,68,1,1
55403,83,81,2,2
55404,85,94,-9,9
55405,130,130,0,0
55406,64,66,-2,2
55407,44,59,-15,15
55408,83,76,7,7
55409,54,96,-42,42
55410,130,112,18,18
55411,91,95,-4,4
55412,59,85,-26,26
55413,109,96,13,13
55414,145,141,4,4
55415,65,61,4,4
55416,50,52,-2,2
55417,147,135,12,12
55418,90,98,-8,8
55419,143,143,0,0
55420,97,96,1,1
55421,111,106,5,5
55422,63,63,0,0
55423,70,84,-14,14
55424,109,98,11,11
55425,108,118,-10,10
55426,149,141,8,8
55427,98,98,0,0
55428,137,130,7,7
55429,45,53,-8,8
55430,95,95,0,0
55431,59,72,-13,13
55432,71,70,1,1
55433,117,116,1,1
55434,73,79,-6,6
55435,80,83,-3,3
55436,168,138,30,30
55437,149,154,-5,5
55438,53,56,-3,3
55439,65,76,-11,11
55440,160,144,16,16
55441,83,84,-1,1
55442,88,92,-4,4
55443,98,87,11,11
55444,51,61,-10,10
55445,54,65,-11,11
55446,70,79,-9,9
55447,80,83,-3,3
55448,169,144,25,25
55449,109,105,4,4
55450,57,66,-9,9
55451,119,118,1,1
55452,238,217,21,21
55453,132,131,1,1
55454,78,90,-12,12
55455,88,86,2,2
55456,85,89,-4,4
55457,27,50,-23,23
55458,62,72,-10,10
55459,131,126,5,5
55460,138,130,8,8
55461,43,96,-53,53
55462,58,71,-13,13
55463,76,82,-6,6
55464,72,84,-12,12
55465,121,96,25,25
55466,107,103,4,4
55467,81,86,-5,5
55468,49,72,-23,23
55469,113,104,9,9
55470,71,69,2,2
55471,44,51,-7,7
55472,81,81,0,0
55473,73,70,3,3
55474,85,93,-8,8
55475,100,97,3,3
55476,126,116,10,10
55477,96,94,2,2
55478,67,70,-3,3
55479,114,123,-9,9
55480,97,83,14,14
55481,185,161,24,24
55482,55,60,-5,5
55483,177,176,1,1
55484,85,85,0,0
55485,117,116,1,1
55486,157,142,15,15
55487,129,120,9,9
55488,94,105,-11,11
55489,87,94,-7,7
55490,139,121,18,18
55491,121,117,4,4
55492,65,62,3,3
55493,58,70,-12,12
55494,98,94,4,4
55495,37,40,-3,3
55496,63,71,-8,8
55497,193,190,3,3
55498,101,107,-6,6
55499,69,85,-16,16
55500,133,128,5,5
55501,121,110,11,11
55502,91,98,-7,7
55503,85,91,-6,6
55504,67,78,-11,11
55505,117,114,3,3
55506,61,60,1,1
55507,61,64,-3,3
55508,97,107,-10,10
55509,81,87,-6,6
55510,89,94,-5,5
55511,58,69,-11,11
55512,80,72,8,8
55513,96,86,10,10
55514,87,92,-5,5
55515,69,75,-6,6
55516,116,124,-8,8
55517,138,144,-6,6
55518,65,72,-7,7
55519,90,91,-1,1
55520,87,87,0,0
55521,102,102,0,0
55522,79,92,-13,13
55523,146,147,-1,1
55524,130,115,15,15
55525,127,109,18,18
55526,96,93,3,3
55527,80,81,-1,1
55528,132,131,1,1
55529,115,104,11,11
55530,81,94,-13,13
55531,86,90,-4,4
55532,105,101,4,4
55533,130,118,12,12
55534,84,83,1,1
55535,52,100,-48,48
55536,72,69,3,3
55537,82,83,-1,1
55538,115,112,3,3
55539,100,98,2,2
55540,102,103,-1,1
55541,107,108,-1,1
55542,116,114,2,2
55543,61,62,-1,1
55544,95,102,-7,7
55545,78,75,3,3
55546,78,87,-9,9
55547,79,73,6,6
55548,82,86,-4,4
55549,71,80,-9,9
55550,128,122,6,6
55551,89,93,-4,4
55552,115,134,-19,19
55553,83,74,9,9
55554,80,74,6,6
55555,79,94,-15,15
55556,69,85,-16,16
55557,123,116,7,7
55558,67,74,-7,7
55559,135,129,6,6
55560,134,155,-21,21
55561,133,127,6,6
55562,52,60,-8,8
55563,175,162,13,13
55564,95,92,3,3
55565,122,118,4,4
55566,74,72,2,2
55567,73,79,-6,6
55568,53,60,-7,7
55569,69,75,-6,6
55570,103,112,-9,9
55571,45,52,-7,7
55572,107,101,6,6
55573,49,57,-8,8
55574,132,120,12,12
55575,89,91,-2,2
55576,62,68,-6,6
55577,109,110,-1,1
55578,81,83,-2,2
55579,72,82,-10,10
55580,52,53,-1,1
55581,74,74,0,0
55582,36,46,-10,10
55583,68,72,-4,4
55584,73,80,-7,7
55585,89,92,-3,3
55586,63,65,-2,2
55587,69,76,-7,7
55588,103,109,-6,6
55589,53,64,-11,11
55590,103,107,-4,4
55591,108,100,8,8
55592,109,156,-47,47
55593,187,186,1,1
55594,69,74,-5,5
55595,124,114,10,10
55596,117,116,1,1
55597,94,96,-2,2
55598,44,56,-12,12
55599,120,115,5,5
55600,140,138,2,2
55601,131,119,12,12
55602,100,107,-7,7
55603,147,145,2,2
55604,55,54,1,1
55605,126,130,-4,4
55606,84,93,-9,9
55607,81,85,-4,4
55608,110,93,17,17
55609,68,72,-4,4
55610,90,99,-9,9
55611,79,82,-3,3
55612,108,108,0,0
55613,69,75,-6,6
55614,67,64,3,3
55615,151,152,-1,1
55616,121,113,8,8
55617,67,74,-7,7
55618,100,94,6,6
55619,105,106,-1,1
55620,105,113,-8,8
55621,92,103,-11,11
55622,107,113,-6,6
55623,163,154,9,9
55624,110,107,3,3
55625,115,109,6,6
55626,93,90,3,3
55627,143,134,9,9
55628,105,86,19,19
55629,102,95,7,7
55630,54,55,-1,1
55631,117,118,-1,1
55632,94,90,4,4
55633,121,107,14,14
55634,51,54,-3,3
55635,93,100,-7,7
55636,136,135,1,1
55637,75,71,4,4
55638,83,74,9,9
55639,90,90,0,0
55640,110,107,3,3
55641,69,71,-2,2
55642,110,106,4,4
55643,78,85,-7,7
55644,85,82,3,3
55645,89,94,-5,5
55646,86,97,-11,11
55647,106,112,-6,6
55648,102,102,0,0
55649,52,60,-8,8
55650,207,203,4,4
55651,93,91,2,2
55652,113,114,-1,1
55653,97,102,-5,5
55654,80,92,-12,12
55655,118,127,-9,9
55656,90,93,-3,3
55657,88,101,-13,13
55658,96,102,-6,6
55659,103,106,-3,3
55660,65,70,-5,5
55661,48,53,-5,5
55662,85,76,9,9
55663,104,103,1,1
55664,54,58,-4,4
55665,89,82,7,7
55666,132,133,-1,1
55667,83,91,-8,8
55668,80,82,-2,2
55669,76,82,-6,6
55670,67,67,0,0
55671,89,92,-3,3
55672,149,145,4,4
55673,106,112,-6,6
55674,149,146,3,3
55675,52,61,-9,9
55676,58,68,-10,10
55677,70,76,-6,6
55678,78,79,-1,1
55679,212,191,21,21
55680,105,99,6,6
55681,101,92,9,9
55682,107,102,5,5
55683,145,136,9,9
55684,77,79,-2,2
55685,108,101,7,7
55686,97,97,0,0
55687,90,83,7,7
55688,104,103,1,1
55689,99,96,3,3
55690,94,92,2,2
55691,105,111,-6,6
55692,69,76,-7,7
55693,81,92,-11,11
55694,88,91,-3,3
55695,112,115,-3,3
55696,93,99,-6,6
55697,130,131,-1,1
55698,145,124,21,21
55699,130,124,6,6
55700,62,80,-18,18
55701,99,102,-3,3
55702,67,69,-2,2
55703,129,115,14,14
55704,72,77,-5,5
55705,96,95,1,1
55706,76,82,-6,6
55707,102,100,2,2
55708,81,83,-2,2
55709,157,152,5,5
55710,100,103,-3,3
55711,122,115,7,7
55712,65,70,-5,5
55713,82,77,5,5
55714,95,92,3,3
55715,133,138,-5,5
55716,108,107,1,1
55717,81,84,-3,3
55718,91,95,-4,4
55719,134,126,8,8
55720,146,138,8,8
55721,93,99,-6,6
55722,53,60,-7,7
55723,108,103,5,5
55724,93,92,1,1
55725,99,92,7,7
55726,158,146,12,12
55727,66,75,-9,9
55728,66,69,-3,3
55729,83,93,-10,10
55730,103,96,7,7
55731,54,62,-8,8
55732,144,135,9,9
55733,88,99,-11,11
55734,105,96,9,9
55735,115,108,7,7
55736,125,115,10,10
55737,67,76,-9,9
55738,193,168,25,25
55739,127,105,22,22
55740,29,32,-3,3
55741,86,85,1,1
55742,121,118,3,3
55743,94,90,4,4
55744,125,113,12,12
55745,174,170,4,4
55746,163,152,11,11
55747,128,112,16,16
55748,155,142,13,13
55749,123,128,-5,5
55750,100,101,-1,1
55751,80,90,-10,10
55752,121,115,6,6
55753,31,36,-5,5
55754,96,91,5,5
55755,80,78,2,2
55756,83,82,1,1
55757,82,83,-1,1
55758,97,103,-6,6
55759,72,76,-4,4
55760,69,75,-6,6
55761,86,92,-6,6
55762,73,92,-19,19
55763,100,104,-4,4
55764,66,71,-5,5
55765,83,74,9,9
55766,92,103,-11,11
55767,68,66,2,2
55768,118,120,-2,2
55769,97,113,-16,16
55770,62,68,-6,6
55771,78,75,3,3
55772,48,57,-9,9
55773,98,98,0,0
55774,71,75,-4,4
55775,62,71,-9,9
55776,45,63,-18,18
55777,122,122,0,0
55778,91,90,1,1
55779,71,137,-66,66
55780,68,69,-1,1
55781,118,119,-1,1
55782,79,85,-6,6
55783,120,123,-3,3
55784,134,140,-6,6
55785,72,78,-6,6
55786,92,91,1,1
55787,49,70,-21,21
55788,100,104,-4,4
55789,90,95,-5,5
55790,71,75,-4,4
55791,83,91,-8,8
55792,71,71,0,0
55793,90,97,-7,7
55794,168,164,4,4
55795,68,84,-16,16
55796,50,57,-7,7
55797,59,60,-1,1
55798,52,60,-8,8
55799,104,103,1,1
55800,95,103,-8,8
55801,57,66,-9,9
55802,211,203,8,8
55803,58,62,-4,4
55804,125,117,8,8
55805,99,101,-2,2
55806,88,99,-11,11
55807,182,157,25,25
55808,99,103,-4,4
55809,66,64,2,2
55810,169,156,13,13
55811,105,100,5,5
55812,92,99,-7,7
55813,110,107,3,3
55814,111,103,8,8
55815,95,93,2,2
55816,74,75,-1,1
55817,135,118,17,17
55818,51,95,-44,44
55819,78,76,2,2
55820,118,107,11,11
55821,118,119,-1,1
55822,104,104,0,0
55823,37,49,-12,12
55824,96,96,0,0
55825,93,90,3,3
55826,60,92,-32,32
55827,102,102,0,0
55828,112,115,-3,3
55829,73,85,-12,12
55830,142,129,13,13
55831,67,70,-3,3
55832,69,69,0,0
55833,103,167,-64,64
55834,42,71,-29,29
55835,99,90,9,9
55836,181,164,17,17
55837,94,92,2,2
55838,83,86,-3,3
55839,98,85,13,13
55840,151,135,16,16
55841,149,128,21,21
55842,92,97,-5,5
55843,129,130,-1,1
55844,79,76,3,3
55845,119,124,-5,5
55846,159,148,11,11
55847,63,73,-10,10
55848,74,78,-4,4
55849,141,141,0,0
55850,133,125,8,8
55851,106,104,2,2
55852,180,169,11,11
55853,152,131,21,21
55854,85,83,2,2
55855,118,111,7,7
55856,127,119,8,8
55857,143,147,-4,4
55858,80,91,-11,11
55859,123,123,0,0
55860,131,126,5,5
55861,53,49,4,4
55862,83,80,3,3
55863,97,91,6,6
55864,120,122,-2,2
55865,71,72,-1,1
55866,127,112,15,15
55867,68,72,-4,4
55868,79,81,-2,2
55869,104,112,-8,8
55870,139,142,-3,3
55871,143,150,-7,7
55872,102,109,-7,7
55873,75,73,2,2
55874,105,110,-5,5
55875,71,65,6,6
55876,52,53,-1,1
55877,73,70,3,3
55878,95,90,5,5
55879,84,77,7,7
55880,77,81,-4,4
55881,63,76,-13,13
55882,80,92,-12,12
55883,111,106,5,5
55884,146,130,16,16
55885,136,142,-6,6
55886,58,60,-2,2
55887,77,77,0,0
55888,74,100,-26,26
55889,157,151,6,6
55890,113,117,-4,4
55891,88,91,-3,3
55892,98,98,0,0
55893,70,75,-5,5
55894,70,81,-11,11
55895,95,95,0,0
55896,113,100,13,13
55897,65,69,-4,4
55898,82,75,7,7
55899,89,95,-6,6
55900,90,87,3,3
55901,75,95,-20,20
55902,73,70,3,3
55903,45,57,-12,12
55904,75,91,-16,16
55905,89,84,5,5
55906,127,114,13,13
55907,189,185,4,4
55908,132,124,8,8
55909,95,94,1,1
55910,113,106,7,7
55911,81,84,-3,3
55912,121,125,-4,4
55913,73,76,-3,3
55914,107,100,7,7
55915,72,70,2,2
55916,110,116,-6,6
55917,69,72,-3,3
55918,149,136,13,13
55919,63,69,-6,6
55920,115,109,6,6
55921,105,101,4,4
55922,88,93,-5,5
55923,65,72,-7,7
55924,87,94,-7,7
55925,94,101,-7,7
55926,125,123,2,2
55927,93,86,7,7
55928,112,106,6,6
55929,103,92,11,11
55930,117,111,6,6
55931,95,98,-3,3
55932,76,72,4,4
55933,94,104,-10,10
55934,50,54,-4,4
55935,115,118,-3,3
55936,105,99,6,6
55937,108,101,7,7
55938,141,141,0,0
55939,102,103,-1,1
55940,58,71,-13,13
55941,108,106,2,2
55942,89,83,6,6
55943,71,80,-9,9
55944,59,61,-2,2
55945,89,85,4,4
55946,57,61,-4,4
55947,106,100,6,6
55948,161,141,20,20
55949,92,91,1,1
55950,66,71,-5,5
55951,82,84,-2,2
55952,84,75,9,9
55953,115,105,10,10
55954,110,107,3,3
55955,135,129,6,6
55956,93,94,-1,1
55957,134,149,-15,15
55958,105,97,8,8
55959,79,76,3,3
55960,25,28,-3,3
55961,124,128,-4,4
55962,29,39,-10,10
55963,96,88,8,8
55964,125,120,5,5
55965,52,56,-4,4
55966,101,102,-1,1
55967,70,72,-2,2
55968,98,93,5,5
55969,77,72,5,5
55970,167,151,16,16
55971,82,82,0,0
55972,91,92,-1,1
55973,70,72,-2,2
55974,74,72,2,2
55975,121,118,3,3
55976,46,55,-9,9
55977,76,82,-6,6
55978,111,115,-4,4
55979,58,57,1,1
55980,65,67,-2,2
55981,53,56,-3,3
55982,109,118,-9,9
55983,80,83,-3,3
55984,88,93,-5,5
55985,110,106,4,4
55986,98,93,5,5
55987,97,107,-10,10
55988,128,117,11,11
55989,144,134,10,10
55990,82,90,-8,8
55991,131,128,3,3
55992,100,96,4,4
55993,95,101,-6,6
55994,108,104,4,4
55995,82,84,-2,2
55996,73,68,5,5
55997,94,100,-6,6
55998,99,108,-9,9
55999,88,91,-3,3
56000,157,150,7,7
56001,75,78,-3,3
56002,95,97,-2,2
56003,82,82,0,0
56004,160,172,-12,12
56005,146,137,9,9
56006,166,172,-6,6
56007,76,76,0,0
56008,139,135,4,4
56009,110,109,1,1
56010,118,126,-8,8
56011,122,116,6,6
56012,50,63,-13,13
56013,59,63,-4,4
56014,112,109,3,3
56015,108,123,-15,15
56016,42,47,-5,5
56017,112,115,-3,3
56018,126,115,11,11
56019,88,97,-9,9
56020,121,106,15,15
56021,83,82,1,1
56022,95,105,-10,10
56023,98,95,3,3
56024,104,107,-3,3
56025,66,71,-5,5
56026,129,124,5,5
56027,85,81,4,4
56028,101,103,-2,2
56029,68,72,-4,4
56030,86,91,-5,5
56031,79,77,2,2
56032,91,95,-4,4
56033,113,124,-11,11
56034,149,139,10,10
56035,76,79,-3,3
56036,107,107,0,0
56037,110,110,0,0
56038,75,82,-7,7
56039,100,104,-4,4
56040,110,116,-6,6
56041,115,111,4,4
56042,128,126,2,2
56043,177,162,15,15
56044,105,101,4,4
56045,79,142,-63,63
56046,126,125,1,1
56047,135,141,-6,6
56048,66,65,1,1
56049,148,137,11,11
56050,128,126,2,2
56051,106,96,10,10
56052,99,84,15,15
56053,73,67,6,6
56054,64,70,-6,6
56055,98,124,-26,26
56056,111,106,5,5
56057,124,125,-1,1
56058,117,111,6,6
56059,94,93,1,1
56060,86,82,4,4
56061,80,78,2,2
56062,105,109,-4,4
56063,77,84,-7,7
56064,101,101,0,0
56065,118,111,7,7
56066,130,110,20,20
56067,97,99,-2,2
56068,77,80,-3,3
56069,76,83,-7,7
56070,122,127,-5,5
56071,116,137,-21,21
56072,67,79,-12,12
56073,109,102,7,7
56074,62,67,-5,5
56075,95,85,10,10
56076,130,126,4,4
56077,49,66,-17,17
56078,64,68,-4,4
56079,84,90,-6,6
56080,147,128,19,19
56081,121,108,13,13
56082,158,156,2,2
56083,105,98,7,7
56084,99,103,-4,4
56085,108,112,-4,4
56086,159,153,6,6
56087,87,86,1,1
56088,128,137,-9,9
56089,58,71,-13,13
56090,110,108,2,2
56091,187,178,9,9
56092,87,93,-6,6
56093,143,146,-3,3
56094,84,80,4,4
56095,132,135,-3,3
56096,74,76,-2,2
56097,109,109,0,0
56098,86,104,-18,18
56099,111,107,4,4
56100,49,50,-1,1
56101,73,74,-1,1
56102,125,132,-7,7
56103,75,75,0,0
56104,78,78,0,0
56105,99,98,1,1
56106,103,112,-9,9
56107,106,103,3,3
56108,57,61,-4,4
56109,139,134,5,5
56110,90,85,5,5
56111,67,66,1,1
56112,60,67,-7,7
56113,46,48,-2,2
56114,56,62,-6,6
56115,135,125,10,10
56116,52,60,-8,8
56117,102,100,2,2
56118,79,82,-3,3
56119,75,78,-3,3
56120,118,117,1,1
56121,107,112,-5,5
56122,24,22,2,2
56123,102,101,1,1
56124,78,83,-5,5
56125,94,85,9,9
56126,109,95,14,14
56127,139,136,3,3
56128,105,110,-5,5
56129,155,145,10,10
56130,53,56,-3,3
56131,82,95,-13,13
56132,159,163,-4,4
56133,105,102,3,3
56134,102,103,-1,1
56135,78,82,-4,4
56136,67,69,-2,2
56137,149,143,6,6
56138,84,90,-6,6
56139,87,98,-11,11
56140,132,141,-9,9
56141,83,82,1,1
56142,75,74,1,1
56143,99,98,1,1
56144,77,91,-14,14
56145,97,93,4,4
56146,132,108,24,24
56147,105,109,-4,4
56148,105,93,12,12
56149,59,61,-2,2
56150,69,70,-1,1
56151,120,116,4,4
56152,59,65,-6,6
56153,105,96,9,9
56154,81,83,-2,2
56155,156,155,1,1
56156,62,71,-9,9
56157,63,69,-6,6
56158,156,140,16,16
56159,48,132,-84,84
56160,81,85,-4,4
56161,78,84,-6,6
56162,72,70,2,2
56163,110,108,2,2
56164,76,82,-6,6
56165,82,84,-2,2
56166,76,77,-1,1
56167,106,102,4,4
56168,109,116,-7,7
56169,96,93,3,3
56170,129,135,-6,6
56171,71,71,0,0
56172,124,137,-13,13
56173,107,105,2,2
56174,97,96,1,1
56175,113,100,13,13
56176,152,142,10,10
56177,91,106,-15,15
56178,78,77,1,1
56179,158,145,13,13
56180,117,110,7,7
56181,97,97,0,0
56182,83,82,1,1
56183,132,127,5,5
56184,79,82,-3,3
56185,101,104,-3,3
56186,135,123,12,12
56187,96,74,22,22
56188,82,76,6,6
56189,70,76,-6,6
56190,110,105,5,5
56191,141,128,13,13
56192,61,64,-3,3
56193,97,93,4,4
56194,119,97,22,22
56195,67,73,-6,6
56196,92,104,-12,12
56197,84,74,10,10
56198,65,71,-6,6
56199,84,94,-10,10
56200,124,115,9,9
56201,135,134,1,1
56202,146,134,12,12
56203,109,114,-5,5
56204,145,146,-1,1
56205,89,84,5,5
56206,136,133,3,3
56207,85,83,2,2
56208,55,65,-10,10
56209,92,102,-10,10
56210,61,67,-6,6
56211,132,122,10,10
56212,65,71,-6,6
56213,112,116,-4,4
56214,107,102,5,5
56215,48,50,-2,2
56216,55,62,-7,7
56217,109,105,4,4
56218,136,127,9,9
56219,94,98,-4,4
56220,45,51,-6,6
56221,139,129,10,10
56222,72,80,-8,8
56223,156,133,23,23
56224,58,67,-9,9
56225,96,89,7,7
56226,83,84,-1,1
56227,94,93,1,1
56228,29,36,-7,7
56229,124,116,8,8
56230,71,77,-6,6
56231,146,130,16,16
56232,97,91,6,6
56233,104,104,0,0
56234,32,43,-11,11
56235,140,132,8,8
56236,57,60,-3,3
56237,112,110,2,2
56238,70,78,-8,8
56239,92,87,5,5
56240,57,67,-10,10
56241,107,114,-7,7
56242,76,81,-5,5
56243,81,81,0,0
56244,115,124,-9,9
56245,22,70,-48,48
56246,96,102,-6,6
56247,84,95,-11,11
56248,103,104,-1,1
56249,126,110,16,16
56250,76,76,0,0
56251,159,142,17,17
56252,74,70,4,4
56253,87,83,4,4
56254,46,58,-12,12
56255,33,43,-10,10
56256,76,70,6,6
56257,98,99,-1,1
56258,73,70,3,3
56259,105,102,3,3
56260,51,62,-11,11
56261,94,84,10,10
56262,54,68,-14,14
56263,86,93,-7,7
56264,60,67,-7,7
56265,144,135,9,9
56266,74,67,7,7
56267,90,83,7,7
56268,100,105,-5,5
56269,107,115,-8,8
56270,129,108,21,21
56271,133,119,14,14
56272,70,76,-6,6
56273,101,96,5,5
56274,60,70,-10,10
56275,200,177,23,23
56276,64,64,0,0
56277,143,136,7,7
56278,90,92,-2,2
56279,72,70,2,2
56280,85,92,-7,7
56281,136,135,1,1
56282,94,105,-11,11
56283,135,118,17,17
56284,102,99,3,3
56285,71,84,-13,13
56286,74,75,-1,1
56287,122,127,-5,5
56288,86,87,-1,1
56289,40,47,-7,7
56290,109,114,-5,5
56291,113,121,-8,8
56292,110,106,4,4
56293,68,69,-1,1
56294,130,132,-2,2
56295,89,96,-7,7
56296,106,109,-3,3
56297,98,99,-1,1
56298,71,62,9,9
56299,128,126,2,2
56300,158,138,20,20
56301,82,82,0,0
56302,42,49,-7,7
56303,67,70,-3,3
56304,107,117,-10,10
56305,77,79,-2,2
56306,113,116,-3,3
56307,73,73,0,0
56308,189,181,8,8
56309,101,102,-1,1
56310,117,129,-12,12
56311,113,113,0,0
56312,81,80,1,1
56313,113,108,5,5
56314,108,101,7,7
56315,133,139,-6,6
56316,117,115,2,2
56317,119,115,4,4
56318,72,71,1,1
56319,72,86,-14,14
56320,105,107,-2,2
56321,70,71,-1,1
56322,66,66,0,0
56323,152,136,16,16
56324,89,88,1,1
56325,20,31,-11,11
56326,72,76,-4,4
56327,89,85,4,4
56328,83,92,-9,9
56329,121,135,-14,14
56330,119,112,7,7
56331,101,101,0,0
56332,84,86,-2,2
56333,78,91,-13,13
56334,166,152,14,14
56335,117,113,4,4
56336,141,141,0,0
56337,123,122,1,1
56338,162,155,7,7
56339,50,56,-6,6
56340,60,59,1,1
56341,86,93,-7,7
56342,70,75,-5,5
56343,129,130,-1,1
56344,65,71,-6,6
56345,75,90,-15,15
56346,91,75,16,16
56347,55,63,-8,8
56348,82,86,-4,4
56349,102,105,-3,3
56350,74,75,-1,1
56351,84,83,1,1
56352,128,117,11,11
56353,91,93,-2,2
56354,120,115,5,5
56355,85,92,-7,7
56356,108,117,-9,9
56357,72,75,-3,3
56358,90,83,7,7
56359,85,92,-7,7
56360,112,107,5,5
56361,148,148,0,0
56362,105,107,-2,2
56363,44,38,6,6
56364,42,56,-14,14
56365,103,96,7,7
56366,93,84,9,9
56367,63,64,-1,1
56368,169,176,-7,7
56369,65,68,-3,3
56370,74,77,-3,3
56371,99,102,-3,3
56372,129,129,0,0
56373,93,94,-1,1
56374,139,132,7,7
56375,64,111,-47,47
56376,93,87,6,6
56377,53,72,-19,19
56378,110,107,3,3
56379,97,98,-1,1
56380,170,159,11,11
56381,56,70,-14,14
56382,172,176,-4,4
56383,71,72,-1,1
56384,161,147,14,14
56385,130,133,-3,3
56386,101,104,-3,3
56387,107,105,2,2
56388,101,103,-2,2
56389,64,71,-7,7
56390,75,74,1,1
56391,128,130,-2,2
56392,80,80,0,0
56393,129,128,1,1
56394,54,64,-10,10
56395,71,79,-8,8
56396,55,53,2,2
56397,91,97,-6,6
56398,119,113,6,6
56399,94,96,-2,2
56400,158,142,16,16
56401,60,67,-7,7
56402,158,158,0,0
56403,56,57,-1,1
56404,121,122,-1,1
56405,79,71,8,8
56406,120,110,10,10
56407,64,75,-11,11
56408,62,82,-20,20
56409,80,81,-1,1
56410,135,127,8,8
56411,102,124,-22,22
56412,115,109,6,6
56413,142,145,-3,3
56414,115,129,-14,14
56415,119,126,-7,7
56416,138,133,5,5
56417,97,92,5,5
56418,80,79,1,1
56419,97,101,-4,4
56420,111,113,-2,2
56421,91,93,-2,2
56422,95,103,-8,8
56423,91,98,-7,7
56424,101,92,9,9
56425,130,127,3,3
56426,89,92,-3,3
56427,86,96,-10,10
56428,178,161,17,17
56429,168,158,10,10
56430,63,60,3,3
56431,69,68,1,1
56432,186,165,21,21
56433,143,133,10,10
56434,76,68,8,8
56435,87,94,-7,7
56436,46,57,-11,11
56437,81,85,-4,4
56438,43,51,-8,8
56439,125,119,6,6
56440,190,178,12,12
56441,112,99,13,13
56442,161,152,9,9
56443,119,107,12,12
56444,98,103,-5,5
56445,122,116,6,6
56446,94,94,0,0
56447,68,74,-6,6
56448,103,93,10,10
56449,126,106,20,20
56450,75,74,1,1
56451,123,111,12,12
56452,81,83,-2,2
56453,144,150,-6,6
56454,53,52,1,1
56455,164,147,17,17
56456,60,68,-8,8
56457,117,110,7,7
56458,121,118,3,3
56459,90,95,-5,5
56460,86,88,-2,2
56461,63,70,-7,7
56462,147,134,13,13
56463,103,101,2,2
56464,68,72,-4,4
56465,91,86,5,5
56466,81,73,8,8
56467,71,73,-2,2
56468,63,66,-3,3
56469,123,125,-2,2
56470,105,106,-1,1
56471,81,84,-3,3
56472,112,117,-5,5
56473,78,78,0,0
56474,85,87,-2,2
56475,118,119,-1,1
56476,65,65,0,0
56477,127,133,-6,6
56478,83,83,0,0
56479,91,91,0,0
56480,62,68,-6,6
56481,75,81,-6,6
56482,88,95,-7,7
56483,163,153,10,10
56484,48,64,-16,16
56485,93,105,-12,12
56486,85,91,-6,6
56487,142,141,1,1
56488,93,102,-9,9
56489,73,75,-2,2
56490,65,69,-4,4
56491,83,82,1,1
56492,77,76,1,1
56493,113,108,5,5
56494,121,116,5,5
56495,71,74,-3,3
56496,64,65,-1,1
56497,70,82,-12,12
56498,155,152,3,3
56499,59,62,-3,3
56500,80,78,2,2
56501,80,87,-7,7
56502,59,66,-7,7
56503,83,77,6,6
56504,68,66,2,2
56505,77,90,-13,13
56506,121,105,16,16
56507,63,76,-13,13
56508,82,83,-1,1
56509,145,140,5,5
56510,63,72,-9,9
56511,124,127,-3,3
56512,83,100,-17,17
56513,175,171,4,4
56514,185,180,5,5
56515,65,68,-3,3
56516,61,63,-2,2
56517,76,75,1,1
56518,75,83,-8,8
56519,74,94,-20,20
56520,136,118,18,18
56521,47,32,15,15
56522,66,58,8,8
56523,131,122,9,9
56524,123,109,14,14
56525,118,116,2,2
56526,58,61,-3,3
56527,89,91,-2,2
56528,156,143,13,13
56529,55,64,-9,9
56530,115,107,8,8
56531,111,109,2,2
56532,116,128,-12,12
56533,62,73,-11,11
56534,108,101,7,7
56535,120,125,-5,5
56536,112,116,-4,4
56537,56,67,-11,11
56538,142,144,-2,2
56539,91,82,9,9
56540,86,86,0,0
56541,121,118,3,3
56542,80,77,3,3
56543,103,104,-1,1
56544,76,84,-8,8
56545,100,122,-22,22
56546,94,93,1,1
56547,117,125,-8,8
56548,84,83,1,1
56549,87,95,-8,8
56550,127,116,11,11
56551,90,101,-11,11
56552,96,92,4,4
56553,56,61,-5,5
56554,74,74,0,0
56555,98,97,1,1
56556,107,113,-6,6
56557,125,109,16,16
56558,66,66,0,0
56559,91,101,-10,10
56560,154,164,-10,10
56561,151,133,18,18
56562,77,80,-3,3
56563,60,66,-6,6
56564,72,82,-10,10
56565,132,119,13,13
56566,74,75,-1,1
56567,63,67,-4,4
56568,129,129,0,0
56569,169,165,4,4
56570,88,101,-13,13
56571,129,123,6,6
56572,140,133,7,7
56573,80,92,-12,12
56574,94,103,-9,9
56575,49,63,-14,14
56576,145,143,2,2
56577,97,102,-5,5
56578,94,100,-6,6
56579,83,85,-2,2
56580,135,130,5,5
56581,103,102,1,1
56582,40,50,-10,10
56583,119,140,-21,21
56584,60,66,-6,6
56585,44,49,-5,5
56586,104,107,-3,3
56587,49,50,-1,1
56588,70,81,-11,11
56589,59,65,-6,6
56590,114,121,-7,7
56591,65,64,1,1
56592,60,66,-6,6
56593,121,130,-9,9
56594,115,111,4,4
56595,75,73,2,2
56596,74,72,2,2
56597,103,102,1,1
56598,59,61,-2,2
56599,125,131,-6,6
56600,94,95,-1,1
56601,73,75,-2,2
56602,54,56,-2,2
56603,58,61,-3,3
56604,174,169,5,5
56605,46,50,-4,4
56606,79,82,-3,3
56607,108,103,5,5
56608,50,63,-13,13
56609,120,107,13,13
56610,159,145,14,14
56611,171,173,-2,2
56612,81,90,-9,9
56613,85,91,-6,6
56614,118,135,-17,17
56615,73,76,-3,3
56616,114,109,5,5
56617,77,72,5,5
56618,150,130,20,20
56619,72,79,-7,7
56620,64,91,-27,27
56621,85,102,-17,17
56622,112,113,-1,1
56623,57,61,-4,4
56624,101,103,-2,2
56625,83,90,-7,7
56626,74,74,0,0
56627,142,133,9,9
56628,111,101,10,10
56629,135,115,20,20
56630,64,70,-6,6
56631,75,70,5,5
56632,188,186,2,2
56633,63,86,-23,23
56634,124,114,10,10
56635,42,55,-13,13
56636,136,121,15,15
56637,50,59,-9,9
56638,87,93,-6,6
56639,140,132,8,8
56640,94,96,-2,2
56641,94,96,-2,2
56642,61,76,-15,15
56643,86,89,-3,3
56644,126,114,12,12
56645,63,65,-2,2
56646,82,82,0,0
56647,140,141,-1,1
56648,134,117,17,17
56649,79,81,-2,2
56650,126,135,-9,9
56651,101,106,-5,5
56652,103,103,0,0
56653,70,71,-1,1
56654,85,79,6,6
56655,84,92,-8,8
56656,58,67,-9,9
56657,139,126,13,13
56658,67,82,-15,15
56659,101,106,-5,5
56660,83,88,-5,5
56661,66,64,2,2
56662,59,63,-4,4
56663,77,84,-7,7
56664,53,64,-11,11
56665,130,123,7,7
56666,59,69,-10,10
56667,94,87,7,7
56668,120,113,7,7
56669,108,104,4,4
56670,95,92,3,3
56671,67,69,-2,2
56672,103,103,0,0
56673,68,67,1,1
56674,82,79,3,3
56675,111,115,-4,4
56676,78,79,-1,1
56677,59,68,-9,9
56678,72,82,-10,10
56679,101,100,1,1
56680,77,86,-9,9
56681,65,67,-2,2
56682,64,75,-11,11
56683,57,67,-10,10
56684,95,102,-7,7
56685,68,71,-3,3
56686,137,130,7,7
56687,65,72,-7,7
56688,82,81,1,1
56689,73,81,-8,8
56690,96,108,-12,12
56691,110,106,4,4
56692,139,134,5,5
56693,87,75,12,12
56694,113,104,9,9
56695,40,40,0,0
56696,81,89,-8,8
56697,51,64,-13,13
56698,173,159,14,14
56699,72,91,-19,19
56700,107,104,3,3
56701,112,115,-3,3
56702,125,114,11,11
56703,56,61,-5,5
56704,141,127,14,14
56705,150,139,11,11
56706,136,138,-2,2
56707,127,118,9,9
56708,132,139,-7,7
56709,96,94,2,2
56710,35,52,-17,17
56711,86,86,0,0
56712,108,103,5,5
56713,149,140,9,9
56714,103,104,-1,1
56715,144,152,-8,8
56716,135,117,18,18
56717,112,106,6,6
56718,86,98,-12,12
56719,54,57,-3,3
56720,78,76,2,2
56721,72,75,-3,3
56722,87,94,-7,7
56723,79,96,-17,17
56724,109,125,-16,16
56725,120,109,11,11
56726,173,158,15,15
56727,57,67,-10,10
56728,40,43,-3,3
56729,82,90,-8,8
56730,70,79,-9,9
56731,86,93,-7,7
56732,98,102,-4,4
56733,134,141,-7,7
56734,45,47,-2,2
56735,129,116,13,13
56736,68,78,-10,10
56737,91,90,1,1
56738,113,109,4,4
56739,52,64,-12,12
56740,94,93,1,1
56741,94,104,-10,10
56742,113,113,0,0
56743,128,117,11,11
56744,99,107,-8,8
56745,105,100,5,5
56746,86,103,-17,17
56747,148,139,9,9
56748,138,121,17,17
56749,99,91,8,8
56750,94,96,-2,2
56751,73,76,-3,3
56752,153,136,17,17
56753,95,100,-5,5
56754,118,124,-6,6
56755,129,124,5,5
56756,50,66,-16,16
56757,123,113,10,10
56758,142,136,6,6
56759,123,118,5,5
56760,148,146,2,2
56761,107,104,3,3
56762,98,106,-8,8
56763,112,110,2,2
56764,137,128,9,9
56765,106,104,2,2
56766,97,93,4,4
56767,96,101,-5,5
56768,245,189,56,56
56769,115,113,2,2
56770,81,79,2,2
56771,130,110,20,20
56772,86,79,7,7
56773,128,122,6,6
56774,73,72,1,1
56775,110,106,4,4
56776,130,123,7,7
56777,97,102,-5,5
56778,80,83,-3,3
56779,91,91,0,0
56780,88,84,4,4
56781,105,107,-2,2
56782,75,70,5,5
56783,93,103,-10,10
56784,115,110,5,5
56785,133,126,7,7
56786,142,118,24,24
56787,62,74,-12,12
56788,78,82,-4,4
56789,91,87,4,4
56790,102,101,1,1
56791,109,109,0,0
56792,102,102,0,0
56793,90,84,6,6
56794,135,119,16,16
56795,31,56,-25,25
56796,143,135,8,8
56797,123,117,6,6
56798,102,97,5,5
56799,59,63,-4,4
56800,83,92,-9,9
56801,99,95,4,4
56802,50,69,-19,19
56803,168,148,20,20
56804,80,87,-7,7
56805,104,114,-10,10
56806,117,108,9,9
56807,113,117,-4,4
56808,73,95,-22,22
56809,72,80,-8,8
56810,144,119,25,25
56811,131,129,2,2
56812,107,120,-13,13
56813,85,94,-9,9
56814,58,68,-10,10
56815,67,70,-3,3
56816,62,65,-3,3
56817,63,62,1,1
56818,148,149,-1,1
56819,139,127,12,12
56820,82,90,-8,8
56821,133,128,5,5
56822,70,77,-7,7
56823,99,102,-3,3
56824,115,111,4,4
56825,121,117,4,4
56826,107,114,-7,7
56827,113,105,8,8
56828,61,71,-10,10
56829,80,77,3,3
56830,78,78,0,0
56831,68,68,0,0
56832,122,128,-6,6
56833,109,108,1,1
56834,71,69,2,2
56835,60,71,-11,11
56836,125,117,8,8
56837,68,67,1,1
56838,114,113,1,1
56839,93,84,9,9
56840,75,81,-6,6
56841,99,98,1,1
56842,133,128,5,5
56843,78,85,-7,7
56844,45,45,0,0
56845,87,78,9,9
56846,72,82,-10,10
56847,129,123,6,6
56848,93,94,-1,1
56849,95,100,-5,5
56850,119,119,0,0
56851,96,90,6,6
56852,45,46,-1,1
56853,151,140,11,11
56854,75,74,1,1
56855,84,90,-6,6
56856,75,75,0,0
56857,97,135,-38,38
56858,79,82,-3,3
56859,132,129,3,3
56860,108,102,6,6
56861,115,108,7,7
56862,89,101,-12,12
56863,84,90,-6,6
56864,132,127,5,5
56865,94,93,1,1
56866,182,181,1,1
56867,170,156,14,14
56868,93,95,-2,2
56869,70,78,-8,8
56870,38,47,-9,9
56871,102,107,-5,5
56872,139,128,11,11
56873,97,106,-9,9
56874,87,87,0,0
56875,86,82,4,4
56876,76,90,-14,14
56877,91,103,-12,12
56878,81,84,-3,3
56879,86,76,10,10
56880,90,89,1,1
56881,73,81,-8,8
56882,122,122,0,0
56883,81,81,0,0
56884,182,167,15,15
56885,73,81,-8,8
56886,108,104,4,4
56887,70,69,1,1
56888,170,157,13,13
56889,98,99,-1,1
56890,83,93,-10,10
56891,89,95,-6,6
56892,79,86,-7,7
56893,77,84,-7,7
56894,82,93,-11,11
56895,79,81,-2,2
56896,165,148,17,17
56897,57,68,-11,11
56898,94,104,-10,10
56899,101,93,8,8
56900,170,175,-5,5
56901,68,78,-10,10
56902,121,116,5,5
56903,137,126,11,11
56904,72,71,1,1
56905,109,108,1,1
56906,81,80,1,1
56907,71,76,-5,5
56908,135,135,0,0
56909,105,103,2,2
56910,101,99,2,2
56911,71,83,-12,12
56912,93,98,-5,5
56913,75,76,-1,1
56914,68,132,-64,64
56915,107,106,1,1
56916,76,75,1,1
56917,127,120,7,7
56918,117,121,-4,4
56919,123,107,16,16
56920,158,157,1,1
56921,96,97,-1,1
56922,44,47,-3,3
56923,100,99,1,1
56924,69,74,-5,5
56925,77,85,-8,8
56926,66,76,-10,10
56927,71,68,3,3
56928,117,115,2,2
56929,103,109,-6,6
56930,99,95,4,4
56931,131,128,3,3
56932,50,46,4,4
56933,39,42,-3,3
56934,74,74,0,0
56935,51,59,-8,8
56936,91,98,-7,7
56937,104,113,-9,9
56938,76,79,-3,3
56939,126,121,5,5
56940,79,85,-6,6
56941,88,92,-4,4
56942,103,102,1,1
56943,156,139,17,17
56944,153,151,2,2
56945,82,82,0,0
56946,69,75,-6,6
56947,85,91,-6,6
56948,90,102,-12,12
56949,118,108,10,10
56950,113,114,-1,1
56951,63,72,-9,9
56952,39,49,-10,10
56953,125,117,8,8
56954,111,128,-17,17
56955,85,85,0,0
56956,69,78,-9,9
56957,164,154,10,10
56958,115,116,-1,1
56959,100,117,-17,17
56960,97,99,-2,2
56961,76,91,-15,15
56962,109,119,-10,10
56963,122,115,7,7
56964,75,82,-7,7
56965,94,95,-1,1
56966,73,72,1,1
56967,138,127,11,11
56968,109,94,15,15
56969,84,96,-12,12
56970,65,65,0,0
56971,97,97,0,0
56972,150,142,8,8
56973,158,153,5,5
56974,74,78,-4,4
56975,64,73,-9,9
56976,102,104,-2,2
56977,83,95,-12,12
56978,181,159,22,22
56979,149,136,13,13
56980,67,67,0,0
56981,108,112,-4,4
56982,126,124,2,2
56983,129,122,7,7
56984,123,116,7,7
56985,88,84,4,4
56986,79,90,-11,11
56987,122,107,15,15
56988,88,82,6,6
56989,129,134,-5,5
56990,82,82,0,0
56991,72,77,-5,5
56992,116,106,10,10
56993,93,106,-13,13
56994,82,81,1,1
56995,153,149,4,4
56996,169,150,19,19
56997,79,97,-18,18
56998,92,93,-1,1
56999,123,117,6,6
57000,75,97,-22,22
57001,162,164,-2,2
57002,79,83,-4,4
57003,90,91,-1,1
57004,74,86,-12,12
57005,130,128,2,2
57006,128,116,12,12
57007,75,90,-15,15
57008,86,91,-5,5
57009,111,111,0,0
57010,100,100,0,0
57011,57,66,-9,9
57012,126,123,3,3
57013,61,68,-7,7
57014,79,83,-4,4
57015,80,72,8,8
57016,49,61,-12,12
57017,83,84,-1,1
57018,65,72,-7,7
57019,76,80,-4,4
57020,99,101,-2,2
57021,152,136,16,16
57022,74,77,-3,3
57023,90,101,-11,11
57024,116,124,-8,8
57025,150,139,11,11
57026,98,109,-11,11
57027,136,125,11,11
57028,109,109,0,0
57029,131,148,-17,17
57030,44,52,-8,8
57031,52,56,-4,4
57032,73,73,0,0
57033,160,122,38,38
57034,104,105,-1,1
57035,71,70,1,1
57036,52,58,-6,6
57037,69,70,-1,1
57038,120,107,13,13
57039,51,49,2,2
57040,65,74,-9,9
57041,93,91,2,2
57042,62,83,-21,21
57043,108,106,2,2
57044,86,93,-7,7
57045,65,74,-9,9
57046,151,147,4,4
57047,82,95,-13,13
57048,54,57,-3,3
57049,57,65,-8,8
57050,87,90,-3,3
57051,75,84,-9,9
57052,76,80,-4,4
57053,144,136,8,8
57054,82,91,-9,9
57055,70,71,-1,1
57056,65,71,-6,6
57057,130,130,0,0
57058,179,182,-3,3
57059,143,144,-1,1
57060,128,124,4,4
57061,59,65,-6,6
57062,141,132,9,9
57063,91,88,3,3
57064,117,112,5,5
57065,103,102,1,1
57066,102,107,-5,5
57067,150,119,31,31
57068,91,90,1,1
57069,82,92,-10,10
57070,72,69,3,3
57071,146,131,15,15
57072,51,57,-6,6
57073,119,122,-3,3
57074,94,99,-5,5
57075,113,103,10,10
57076,115,112,3,3
57077,50,56,-6,6
57078,72,91,-19,19
57079,127,119,8,8
57080,67,87,-20,20
57081,76,80,-4,4
57082,96,106,-10,10
57083,137,147,-10,10
57084,189,179,10,10
57085,83,90,-7,7
57086,90,95,-5,5
57087,85,88,-3,3
57088,99,101,-2,2
57089,88,93,-5,5
57090,163,147,16,16
57091,78,84,-6,6
57092,63,66,-3,3
57093,87,95,-8,8
57094,81,89,-8,8
57095,117,132,-15,15
57096,86,82,4,4
57097,97,100,-3,3
57098,120,116,4,4
57099,61,60,1,1
57100,109,114,-5,5
57101,82,84,-2,2
57102,98,92,6,6
57103,100,95,5,5
57104,114,105,9,9
57105,61,68,-7,7
57106,88,95,-7,7
57107,75,80,-5,5
57108,96,97,-1,1
57109,125,133,-8,8
57110,216,198,18,18
57111,91,92,-1,1
57112,149,171,-22,22
57113,104,95,9,9
57114,69,73,-4,4
57115,65,68,-3,3
57116,116,102,14,14
57117,66,69,-3,3
57118,53,60,-7,7
57119,61,72,-11,11
57120,106,107,-1,1
57121,118,108,10,10
57122,145,142,3,3
57123,90,90,0,0
57124,76,75,1,1
57125,48,56,-8,8
57126,38,43,-5,5
57127,65,70,-5,5
57128,98,94,4,4
57129,48,61,-13,13
57130,93,97,-4,4
57131,117,121,-4,4
57132,66,72,-6,6
57133,110,101,9,9
57134,121,116,5,5
57135,95,94,1,1
57136,81,82,-1,1
57137,48,61,-13,13
57138,80,89,-9,9
57139,136,146,-10,10
57140,55,57,-2,2
57141,110,101,9,9
57142,104,117,-13,13
57143,89,87,2,2
57144,90,104,-14,14
57145,111,110,1,1
57146,85,98,-13,13
57147,113,110,3,3
57148,100,103,-3,3
57149,147,135,12,12
57150,86,95,-9,9
57151,76,83,-7,7
57152,164,141,23,23
57153,130,118,12,12
57154,99,93,6,6
57155,40,47,-7,7
57156,175,178,-3,3
57157,148,151,-3,3
57158,106,108,-2,2
57159,152,150,2,2
57160,91,99,-8,8
57161,98,97,1,1
57162,51,63,-12,12
57163,88,92,-4,4
57164,89,92,-3,3
57165,63,63,0,0
57166,84,90,-6,6
57167,75,73,2,2
57168,117,109,8,8
57169,111,116,-5,5
57170,134,147,-13,13
57171,81,91,-10,10
57172,101,109,-8,8
57173,61,62,-1,1
57174,116,114,2,2
57175,77,84,-7,7
57176,121,121,0,0
57177,101,99,2,2
57178,22,34,-12,12
57179,89,92,-3,3
57180,134,132,2,2
57181,132,138,-6,6
57182,48,55,-7,7
57183,102,100,2,2
57184,90,84,6,6
57185,89,91,-2,2
57186,109,110,-1,1
57187,164,149,15,15
57188,93,101,-8,8
57189,93,100,-7,7
57190,63,77,-14,14
57191,99,103,-4,4
57192,72,73,-1,1
57193,85,91,-6,6
57194,76,82,-6,6
57195,85,83,2,2
57196,125,93,32,32
57197,63,67,-4,4
57198,47,61,-14,14
57199,123,126,-3,3
57200,88,100,-12,12
57201,75,73,2,2
57202,78,80,-2,2
57203,73,66,7,7
57204,113,125,-12,12
57205,88,84,4,4
57206,91,82,9,9
57207,99,97,2,2
57208,92,102,-10,10
57209,102,107,-5,5
57210,84,93,-9,9
57211,153,145,8,8
57212,117,121,-4,4
57213,61,62,-1,1
57214,81,78,3,3
57215,148,143,5,5
57216,88,75,13,13
57217,109,105,4,4
57218,124,117,7,7
57219,44,58,-14,14
57220,75,72,3,3
57221,107,110,-3,3
57222,74,79,-5,5
57223,75,71,4,4
57224,97,90,7,7
57225,95,94,1,1
57226,72,71,1,1
57227,71,71,0,0
57228,100,97,3,3
57229,110,101,9,9
57230,67,65,2,2
57231,59,60,-1,1
57232,162,149,13,13
57233,97,102,-5,5
57234,66,76,-10,10
57235,87,85,2,2
57236,142,130,12,12
57237,77,82,-5,5
57238,61,58,3,3
57239,61,114,-53,53
57240,131,120,11,11
57241,84,89,-5,5
57242,77,83,-6,6
57243,60,63,-3,3
57244,77,83,-6,6
57245,47,55,-8,8
57246,71,81,-10,10
57247,118,125,-7,7
57248,105,115,-10,10
57249,137,130,7,7
57250,48,68,-20,20
57251,81,84,-3,3
57252,105,92,13,13
57253,107,107,0,0
57254,149,143,6,6
57255,88,84,4,4
57256,104,102,2,2
57257,130,113,17,17
57258,118,117,1,1
57259,50,72,-22,22
57260,113,105,8,8
57261,48,54,-6,6
57262,105,107,-2,2
57263,63,74,-11,11
57264,63,69,-6,6
57265,65,74,-9,9
57266,105,106,-1,1
57267,38,44,-6,6
57268,57,60,-3,3
57269,94,94,0,0
57270,87,82,5,5
57271,68,73,-5,5
57272,66,78,-12,12
57273,87,94,-7,7
57274,121,112,9,9
57275,104,96,8,8
57276,124,124,0,0
57277,158,139,19,19
57278,30,39,-9,9
57279,101,117,-16,16
57280,86,76,10,10
57281,93,94,-1,1
57282,123,134,-11,11
57283,102,93,9,9
57284,142,152,-10,10
57285,61,81,-20,20
57286,75,85,-10,10
57287,125,130,-5,5
57288,95,94,1,1
57289,171,162,9,9
57290,96,125,-29,29
57291,123,120,3,3
57292,106,115,-9,9
57293,62,66,-4,4
57294,87,90,-3,3
57295,57,63,-6,6
57296,56,54,2,2
57297,124,117,7,7
57298,81,82,-1,1
57299,109,97,12,12
57300,165,171,-6,6
57301,171,183,-12,12
57302,104,103,1,1
57303,59,69,-10,10
57304,40,49,-9,9
57305,74,91,-17,17
57306,127,124,3,3
57307,73,89,-16,16
57308,130,117,13,13
57309,47,67,-20,20
57310,59,63,-4,4
57311,156,135,21,21
57312,101,99,2,2
57313,89,83,6,6
57314,95,96,-1,1
57315,60,75,-15,15
57316,91,96,-5,5
57317,74,75,-1,1
57318,160,150,10,10
57319,114,106,8,8
57320,148,139,9,9
57321,80,77,3,3
57322,24,27,-3,3
57323,52,59,-7,7
57324,259,228,31,31
57325,44,49,-5,5
57326,149,141,8,8
57327,57,65,-8,8
57328,126,127,-1,1
57329,142,130,12,12
57330,111,114,-3,3
57331,167,155,12,12
57332,76,76,0,0
57333,69,69,0,0
57334,110,112,-2,2
57335,92,98,-6,6
57336,99,90,9,9
57337,95,101,-6,6
57338,114,108,6,6
57339,91,101,-10,10
57340,104,102,2,2
57341,84,86,-2,2
57342,164,150,14,14
57343,44,55,-11,11
57344,75,72,3,3
57345,95,97,-2,2
57346,27,43,-16,16
57347,81,85,-4,4
57348,72,76,-4,4
57349,100,94,6,6
57350,131,116,15,15
57351,61,71,-10,10
57352,89,90,-1,1
57353,65,71,-6,6
57354,53,67,-14,14
57355,103,113,-10,10
57356,129,127,2,2
57357,114,104,10,10
57358,102,104,-2,2
57359,87,100,-13,13
57360,77,73,4,4
57361,72,75,-3,3
57362,71,78,-7,7
57363,67,65,2,2
57364,116,116,0,0
57365,102,100,2,2
57366,83,82,1,1
57367,55,58,-3,3
57368,71,84,-13,13
57369,84,80,4,4
57370,98,97,1,1
57371,101,93,8,8
57372,82,77,5,5
57373,117,120,-3,3
57374,126,131,-5,5
57375,66,74,-8,8
57376,81,92,-11,11
57377,189,190,-1,1
57378,90,83,7,7
57379,86,88,-2,2
57380,107,102,5,5
57381,117,132,-15,15
57382,54,60,-6,6
57383,81,91,-10,10
57384,85,81,4,4
57385,88,95,-7,7
57386,57,64,-7,7
57387,103,105,-2,2
57388,103,101,2,2
57389,95,87,8,8
57390,107,105,2,2
57391,91,95,-4,4
57392,111,126,-15,15
57393,200,182,18,18
57394,83,93,-10,10
57395,86,87,-1,1
57396,80,91,-11,11
57397,109,116,-7,7
57398,69,68,1,1
57399,78,77,1,1
57400,70,80,-10,10
57401,77,82,-5,5
57402,69,69,0,0
57403,96,90,6,6
57404,121,141,-20,20
57405,90,96,-6,6
57406,152,142,10,10
57407,91,87,4,4
57408,89,91,-2,2
57409,104,101,3,3
57410,88,74,14,14
57411,113,111,2,2
57412,81,94,-13,13
57413,92,91,1,1
57414,112,102,10,10
57415,113,116,-3,3
57416,119,110,9,9
57417,68,72,-4,4
57418,183,157,26,26
57419,154,141,13,13
57420,115,117,-2,2
57421,173,190,-17,17
57422,108,102,6,6
57423,124,129,-5,5
57424,71,68,3,3
57425,84,82,2,2
57426,80,85,-5,5
57427,90,104,-14,14
57428,74,72,2,2
57429,89,78,11,11
57430,81,92,-11,11
57431,100,92,8,8
57432,136,134,2,2
57433,55,58,-3,3
57434,105,107,-2,2
57435,77,75,2,2
57436,192,184,8,8
57437,99,95,4,4
57438,90,92,-2,2
57439,134,124,10,10
57440,113,108,5,5
57441,90,91,-1,1
57442,150,135,15,15
57443,52,59,-7,7
57444,102,99,3,3
57445,55,56,-1,1
57446,110,109,1,1
57447,57,63,-6,6
57448,57,64,-7,7
57449,97,94,3,3
57450,117,121,-4,4
57451,83,90,-7,7
57452,121,112,9,9
57453,58,67,-9,9
57454,101,103,-2,2
57455,63,68,-5,5
57456,105,104,1,1
57457,94,94,0,0
57458,138,133,5,5
57459,62,64,-2,2
57460,113,117,-4,4
57461,50,60,-10,10
57462,90,96,-6,6
57463,135,137,-2,2
57464,68,64,4,4
57465,94,95,-1,1
57466,63,64,-1,1
57467,179,158,21,21
57468,78,77,1,1
57469,197,168,29,29
57470,124,117,7,7
57471,115,120,-5,5
57472,105,103,2,2
57473,135,133,2,2
57474,59,64,-5,5
57475,75,91,-16,16
57476,131,125,6,6
57477,125,124,1,1
57478,82,94,-12,12
57479,193,177,16,16
57480,23,21,2,2
57481,67,69,-2,2
57482,204,188,16,16
57483,78,82,-4,4
57484,95,101,-6,6
57485,143,142,1,1
57486,69,72,-3,3
57487,78,74,4,4
57488,185,175,10,10
57489,60,67,-7,7
57490,93,88,5,5
57491,49,55,-6,6
57492,151,133,18,18
57493,93,91,2,2
57494,109,101,8,8
57495,58,62,-4,4
57496,132,114,18,18
57497,85,78,7,7
57498,118,101,17,17
57499,69,75,-6,6
57500,76,80,-4,4
57501,68,81,-13,13
57502,68,72,-4,4
57503,103,114,-11,11
57504,116,114,2,2
57505,189,162,27,27
57506,64,74,-10,10
57507,54,56,-2,2
57508,99,103,-4,4
57509,140,128,12,12
57510,52,51,1,1
57511,144,135,9,9
57512,96,95,1,1
57513,60,88,-28,28
57514,131,132,-1,1
57515,101,111,-10,10
57516,21,32,-11,11
57517,77,82,-5,5
57518,94,98,-4,4
57519,64,65,-1,1
57520,77,71,6,6
57521,89,94,-5,5
57522,68,72,-4,4
57523,100,83,17,17
57524,94,94,0,0
57525,99,100,-1,1
57526,104,106,-2,2
57527,76,77,-1,1
57528,41,50,-9,9
57529,89,84,5,5
57530,159,137,22,22
57531,145,130,15,15
57532,89,84,5,5
57533,117,123,-6,6
57534,56,68,-12,12
57535,112,105,7,7
57536,59,58,1,1
57537,54,61,-7,7
57538,83,76,7,7
57539,70,76,-6,6
57540,64,70,-6,6
57541,134,128,6,6
57542,107,116,-9,9
57543,81,84,-3,3
57544,117,119,-2,2
57545,123,124,-1,1
57546,114,103,11,11
57547,173,155,18,18
57548,79,74,5,5
57549,117,108,9,9
57550,32,43,-11,11
57551,87,84,3,3
57552,189,182,7,7
57553,70,81,-11,11
57554,155,136,19,19
57555,81,91,-10,10
57556,168,157,11,11
57557,114,113,1,1
57558,153,162,-9,9
57559,124,114,10,10
57560,51,50,1,1
57561,105,112,-7,7
57562,101,114,-13,13
57563,86,93,-7,7
57564,129,124,5,5
57565,122,114,8,8
57566,149,136,13,13
57567,85,82,3,3
57568,73,73,0,0
57569,66,73,-7,7
57570,180,157,23,23
57571,33,37,-4,4
57572,70,78,-8,8
57573,101,115,-14,14
57574,89,100,-11,11
57575,120,117,3,3
57576,121,113,8,8
57577,91,93,-2,2
57578,90,92,-2,2
57579,121,117,4,4
57580,154,157,-3,3
57581,110,105,5,5
57582,65,64,1,1
57583,107,115,-8,8
57584,141,134,7,7
57585,61,69,-8,8
57586,119,117,2,2
57587,135,135,0,0
57588,185,161,24,24
57589,46,51,-5,5
57590,89,90,-1,1
57591,134,131,3,3
57592,102,97,5,5
57593,138,137,1,1
57594,104,97,7,7
57595,176,162,14,14
57596,112,109,3,3
57597,135,129,6,6
57598,119,116,3,3
57599,82,77,5,5
57600,99,105,-6,6
57601,119,110,9,9
57602,98,110,-12,12
57603,96,102,-6,6
57604,90,100,-10,10
57605,81,73,8,8
57606,65,70,-5,5
57607,120,114,6,6
57608,90,91,-1,1
57609,80,84,-4,4
57610,81,92,-11,11
57611,78,99,-21,21
57612,82,76,6,6
57613,155,132,23,23
57614,77,73,4,4
57615,116,118,-2,2
57616,78,83,-5,5
57617,69,70,-1,1
57618,64,70,-6,6
57619,88,91,-3,3
57620,56,60,-4,4
57621,62,70,-8,8
57622,49,60,-11,11
57623,120,108,12,12
57624,154,144,10,10
57625,86,91,-5,5
57626,61,69,-8,8
57627,66,69,-3,3
57628,145,120,25,25
57629,83,94,-11,11
57630,136,132,4,4
57631,88,102,-14,14
57632,71,80,-9,9
57633,93,90,3,3
57634,97,95,2,2
57635,94,85,9,9
57636,97,103,-6,6
57637,57,70,-13,13
57638,142,141,1,1
57639,119,116,3,3
57640,87,94,-7,7
57641,131,138,-7,7
57642,119,123,-4,4
57643,76,74,2,2
57644,55,56,-1,1
57645,106,103,3,3
57646,70,76,-6,6
57647,103,104,-1,1
57648,96,88,8,8
57649,150,148,2,2
57650,128,128,0,0
57651,38,44,-6,6
57652,65,79,-14,14
57653,79,76,3,3
57654,96,91,5,5
57655,88,85,3,3
57656,185,199,-14,14
57657,81,76,5,5
57658,151,135,16,16
57659,94,96,-2,2
57660,72,78,-6,6
57661,110,103,7,7
57662,109,105,4,4
57663,80,76,4,4
57664,68,74,-6,6
57665,111,100,11,11
57666,67,72,-5,5
57667,95,91,4,4
57668,114,116,-2,2
57669,51,59,-8,8
57670,111,109,2,2
57671,118,105,13,13
57672,157,132,25,25
57673,82,85,-3,3
57674,119,100,19,19
57675,73,77,-4,4
57676,88,82,6,6
57677,46,50,-4,4
57678,61,63,-2,2
57679,81,84,-3,3
57680,117,112,5,5
57681,87,85,2,2
57682,71,67,4,4
57683,70,68,2,2
57684,98,105,-7,7
57685,89,95,-6,6
57686,100,88,12,12
57687,124,115,9,9
57688,166,158,8,8
57689,90,87,3,3
57690,43,50,-7,7
57691,175,155,20,20
57692,104,109,-5,5
57693,180,169,11,11
57694,57,58,-1,1
57695,36,51,-15,15
57696,144,150,-6,6
57697,136,128,8,8
57698,56,60,-4,4
57699,93,99,-6,6
57700,91,95,-4,4
57701,98,99,-1,1
57702,82,71,11,11
57703,101,114,-13,13
57704,113,114,-1,1
57705,53,65,-12,12
57706,55,62,-7,7
57707,120,112,8,8
57708,105,99,6,6
57709,71,79,-8,8
57710,78,79,-1,1
57711,165,159,6,6
57712,82,90,-8,8
57713,126,118,8,8
57714,114,107,7,7
57715,143,136,7,7
57716,118,120,-2,2
57717,94,100,-6,6
57718,41,44,-3,3
57719,67,71,-4,4
57720,83,82,1,1
57721,119,102,17,17
57722,62,69,-7,7
57723,55,54,1,1
57724,95,99,-4,4
57725,91,95,-4,4
57726,68,71,-3,3
57727,144,145,-1,1
57728,64,69,-5,5
57729,43,63,-20,20
57730,81,91,-10,10
57731,94,85,9,9
57732,77,79,-2,2
57733,167,167,0,0
57734,51,63,-12,12
57735,117,108,9,9
57736,93,96,-3,3
57737,71,73,-2,2
57738,64,72,-8,8
57739,168,156,12,12
57740,98,100,-2,2
57741,38,43,-5,5
57742,124,116,8,8
57743,104,115,-11,11
57744,45,50,-5,5
57745,36,44,-8,8
57746,82,83,-1,1
57747,120,108,12,12
57748,108,115,-7,7
57749,43,53,-10,10
57750,85,77,8,8
57751,146,135,11,11
57752,82,102,-20,20
57753,115,105,10,10
57754,98,93,5,5
57755,87,84,3,3
57756,124,126,-2,2
57757,86,85,1,1
57758,92,110,-18,18
57759,109,93,16,16
57760,125,118,7,7
57761,140,145,-5,5
57762,84,101,-17,17
57763,66,72,-6,6
57764,131,119,12,12
57765,81,75,6,6
57766,88,86,2,2
57767,143,149,-6,6
57768,74,80,-6,6
57769,118,128,-10,10
57770,56,67,-11,11
57771,61,65,-4,4
57772,112,118,-6,6
57773,119,107,12,12
57774,102,96,6,6
57775,101,116,-15,15
57776,71,72,-1,1
57777,118,116,2,2
57778,119,134,-15,15
57779,83,91,-8,8
57780,133,118,15,15
57781,57,62,-5,5
57782,87,85,2,2
57783,6,31,-25,25
57784,76,85,-9,9
57785,124,118,6,6
57786,28,32,-4,4
57787,65,68,-3,3
57788,86,75,11,11
57789,111,116,-5,5
57790,59,71,-12,12
57791,94,98,-4,4
57792,97,110,-13,13
57793,115,118,-3,3
57794,75,82,-7,7
57795,144,137,7,7
57796,86,99,-13,13
57797,74,75,-1,1
57798,102,106,-4,4
57799,79,79,0,0
57800,99,98,1,1
57801,140,151,-11,11
57802,101,102,-1,1
57803,156,140,16,16
57804,92,93,-1,1
57805,70,76,-6,6
57806,59,72,-13,13
57807,116,111,5,5
57808,138,133,5,5
57809,136,137,-1,1
57810,61,64,-3,3
57811,53,57,-4,4
57812,79,73,6,6
57813,90,87,3,3
57814,127,119,8,8
57815,177,147,30,30
57816,110,121,-11,11
57817,129,124,5,5
57818,106,125,-19,19
57819,74,79,-5,5
57820,154,154,0,0
57821,129,127,2,2
57822,73,73,0,0
57823,77,89,-12,12
57824,84,93,-9,9
57825,103,103,0,0
57826,90,118,-28,28
57827,109,107,2,2
57828,68,67,1,1
57829,72,71,1,1
57830,105,118,-13,13
57831,65,68,-3,3
57832,95,91,4,4
57833,133,133,0,0
57834,103,99,4,4
57835,107,115,-8,8
57836,79,76,3,3
57837,116,109,7,7
57838,91,83,8,8
57839,72,85,-13,13
57840,66,88,-22,22
57841,147,136,11,11
57842,90,101,-11,11
57843,192,207,-15,15
57844,98,112,-14,14
57845,105,101,4,4
57846,44,53,-9,9
57847,102,94,8,8
57848,82,94,-12,12
57849,107,105,2,2
57850,102,102,0,0
57851,135,124,11,11
57852,157,145,12,12
57853,61,58,3,3
57854,155,143,12,12
57855,121,127,-6,6
57856,77,77,0,0
57857,142,135,7,7
57858,95,90,5,5
57859,104,98,6,6
57860,77,80,-3,3
57861,135,130,5,5
57862,101,103,-2,2
57863,65,68,-3,3
57864,108,106,2,2
57865,46,55,-9,9
57866,196,185,11,11
57867,83,83,0,0
57868,92,87,5,5
57869,66,65,1,1
57870,87,83,4,4
57871,76,78,-2,2
57872,24,37,-13,13
57873,94,103,-9,9
57874,85,73,12,12
57875,147,189,-42,42
57876,104,116,-12,12
57877,97,101,-4,4
57878,159,139,20,20
57879,103,103,0,0
57880,114,119,-5,5
57881,133,132,1,1
57882,66,68,-2,2
57883,101,106,-5,5
57884,71,68,3,3
57885,85,90,-5,5
57886,87,78,9,9
57887,116,100,16,16
57888,88,82,6,6
57889,64,66,-2,2
57890,48,55,-7,7
57891,55,62,-7,7
57892,61,91,-30,30
57893,86,95,-9,9
57894,56,58,-2,2
57895,58,56,2,2
57896,77,82,-5,5
57897,70,78,-8,8
57898,78,85,-7,7
57899,136,123,13,13
57900,69,72,-3,3
57901,68,67,1,1
57902,102,100,2,2
57903,67,68,-1,1
57904,82,79,3,3
57905,54,55,-1,1
57906,70,77,-7,7
57907,83,79,4,4
57908,129,118,11,11
57909,43,48,-5,5
57910,46,63,-17,17
57911,119,118,1,1
57912,50,57,-7,7
57913,76,82,-6,6
57914,168,156,12,12
57915,83,84,-1,1
57916,116,105,11,11
57917,121,132,-11,11
57918,96,105,-9,9
57919,126,131,-5,5
57920,86,91,-5,5
57921,85,82,3,3
57922,93,82,11,11
57923,52,59,-7,7
57924,129,122,7,7
57925,87,90,-3,3
57926,38,48,-10,10
57927,61,76,-15,15
57928,77,79,-2,2
57929,73,73,0,0
57930,143,147,-4,4
57931,59,68,-9,9
57932,57,62,-5,5
57933,64,68,-4,4
57934,140,134,6,6
57935,109,115,-6,6
57936,91,92,-1,1
57937,64,69,-5,5
57938,105,93,12,12
57939,121,111,10,10
57940,65,63,2,2
57941,80,85,-5,5
57942,75,77,-2,2
57943,90,84,6,6
57944,93,101,-8,8
57945,60,65,-5,5
57946,75,74,1,1
57947,97,102,-5,5
57948,130,120,10,10
57949,111,106,5,5
57950,82,78,4,4
57951,102,103,-1,1
57952,72,74,-2,2
57953,180,181,-1,1
57954,71,85,-14,14
57955,92,93,-1,1
57956,109,105,4,4
57957,113,107,6,6
57958,117,116,1,1
57959,105,107,-2,2
57960,85,85,0,0
57961,75,71,4,4
57962,77,81,-4,4
57963,79,82,-3,3
57964,106,103,3,3
57965,52,66,-14,14
57966,107,88,19,19
57967,89,96,-7,7
57968,150,142,8,8
57969,84,89,-5,5
57970,78,84,-6,6
57971,124,115,9,9
57972,58,64,-6,6
57973,110,108,2,2
57974,108,108,0,0
57975,95,108,-13,13
57976,139,128,11,11
57977,92,93,-1,1
57978,63,72,-9,9
57979,81,90,-9,9
57980,103,92,11,11
57981,75,75,0,0
57982,75,88,-13,13
57983,125,121,4,4
57984,98,104,-6,6
57985,101,102,-1,1
57986,73,84,-11,11
57987,95,93,2,2
57988,120,115,5,5
57989,90,106,-16,16
57990,178,156,22,22
57991,111,113,-2,2
57992,90,92,-2,2
57993,91,79,12,12
57994,92,82,10,10
57995,77,79,-2,2
57996,87,87,0,0
57997,121,118,3,3
57998,99,94,5,5
57999,119,125,-6,6
58000,85,94,-9,9
58001,102,102,0,0
58002,102,103,-1,1
58003,68,68,0,0
58004,159,138,21,21
58005,91,81,10,10
58006,85,93,-8,8
58007,77,89,-12,12
58008,136,133,3,3
58009,182,163,19,19
58010,101,102,-1,1
58011,63,62,1,1
58012,89,103,-14,14
58013,78,82,-4,4
58014,104,104,0,0
58015,113,107,6,6
58016,88,93,-5,5
58017,87,91,-4,4
58018,182,160,22,22
58019,97,98,-1,1
58020,123,118,5,5
58021,93,119,-26,26
58022,77,68,9,9
58023,87,85,2,2
58024,71,74,-3,3
58025,60,62,-2,2
58026,95,103,-8,8
58027,92,85,7,7
58028,78,76,2,2
58029,84,91,-7,7
58030,153,141,12,12
58031,140,141,-1,1
58032,99,89,10,10
58033,57,62,-5,5
58034,83,93,-10,10
58035,79,77,2,2
58036,87,91,-4,4
58037,85,106,-21,21
58038,80,84,-4,4
58039,69,76,-7,7
58040,68,73,-5,5
58041,94,101,-7,7
58042,79,90,-11,11
58043,115,112,3,3
58044,59,65,-6,6
58045,183,182,1,1
58046,64,67,-3,3
58047,109,99,10,10
58048,54,51,3,3
58049,62,64,-2,2
58050,69,84,-15,15
58051,62,62,0,0
58052,71,75,-4,4
58053,140,134,6,6
58054,73,72,1,1
58055,124,125,-1,1
58056,86,96,-10,10
58057,142,148,-6,6
58058,170,163,7,7
58059,69,70,-1,1
58060,124,119,5,5
58061,123,125,-2,2
58062,104,90,14,14
58063,65,76,-11,11
58064,110,109,1,1
58065,80,76,4,4
58066,66,72,-6,6
58067,96,96,0,0
58068,116,118,-2,2
58069,74,73,1,1
58070,59,61,-2,2
58071,64,61,3,3
58072,115,117,-2,2
58073,89,84,5,5
58074,136,123,13,13
58075,51,53,-2,2
58076,73,74,-1,1
58077,68,80,-12,12
58078,116,113,3,3
58079,135,137,-2,2
58080,29,35,-6,6
58081,96,90,6,6
58082,38,61,-23,23
58083,170,169,1,1
58084,125,120,5,5
58085,160,143,17,17
58086,108,115,-7,7
58087,144,136,8,8
58088,70,66,4,4
58089,100,100,0,0
58090,62,66,-4,4
58091,129,127,2,2
58092,99,92,7,7
58093,93,101,-8,8
58094,108,100,8,8
58095,59,60,-1,1
58096,43,49,-6,6
58097,119,106,13,13
58098,71,66,5,5
58099,147,159,-12,12
58100,60,62,-2,2
58101,79,91,-12,12
58102,64,71,-7,7
58103,73,77,-4,4
58104,105,106,-1,1
58105,80,80,0,0
58106,79,85,-6,6
58107,90,92,-2,2
58108,89,82,7,7
58109,73,71,2,2
58110,113,118,-5,5
58111,78,89,-11,11
58112,63,85,-22,22
58113,142,131,11,11
58114,145,153,-8,8
58115,95,98,-3,3
58116,101,102,-1,1
58117,126,116,10,10
58118,154,140,14,14
58119,184,152,32,32
58120,116,119,-3,3
58121,84,88,-4,4
58122,129,129,0,0
58123,74,75,-1,1
58124,97,92,5,5
58125,88,108,-20,20
58126,102,106,-4,4
58127,69,73,-4,4
58128,73,83,-10,10
58129,77,70,7,7
58130,98,99,-1,1
58131,78,82,-4,4
58132,108,95,13,13
58133,78,81,-3,3
58134,86,98,-12,12
58135,70,68,2,2
58136,70,75,-5,5
58137,78,76,2,2
58138,81,79,2,2
58139,55,68,-13,13
58140,37,45,-8,8
58141,80,83,-3,3
58142,68,71,-3,3
58143,130,132,-2,2
58144,100,99,1,1
58145,71,80,-9,9
58146,97,97,0,0
58147,147,142,5,5
58148,93,98,-5,5
58149,165,162,3,3
58150,70,76,-6,6
58151,59,71,-12,12
58152,46,50,-4,4
58153,132,113,19,19
58154,90,80,10,10
58155,208,197,11,11
58156,124,127,-3,3
58157,92,102,-10,10
58158,75,73,2,2
58159,103,101,2,2
58160,47,58,-11,11
58161,72,65,7,7
58162,65,70,-5,5
58163,107,109,-2,2
58164,131,128,3,3
58165,67,75,-8,8
58166,119,112,7,7
58167,63,67,-4,4
58168,153,136,17,17
58169,72,76,-4,4
58170,131,141,-10,10
58171,92,92,0,0
58172,70,73,-3,3
58173,93,103,-10,10
58174,48,68,-20,20
58175,75,72,3,3
58176,185,175,10,10
58177,90,89,1,1
58178,53,58,-5,5
58179,130,126,4,4
58180,139,140,-1,1
58181,92,99,-7,7
58182,77,103,-26,26
58183,130,116,14,14
58184,88,84,4,4
58185,68,77,-9,9
58186,144,119,25,25
58187,73,76,-3,3
58188,136,133,3,3
58189,115,107,8,8
58190,79,85,-6,6
58191,97,99,-2,2
58192,70,71,-1,1
58193,76,83,-7,7
58194,110,105,5,5
58195,103,111,-8,8
58196,106,108,-2,2
58197,82,84,-2,2
58198,82,90,-8,8
58199,64,66,-2,2
58200,108,108,0,0
58201,162,151,11,11
58202,64,72,-8,8
58203,42,51,-9,9
58204,128,126,2,2
58205,93,89,4,4
58206,83,76,7,7
58207,75,71,4,4
58208,113,107,6,6
58209,131,119,12,12
58210,70,68,2,2
58211,82,90,-8,8
58212,53,59,-6,6
58213,92,95,-3,3
58214,123,114,9,9
58215,132,124,8,8
58216,71,72,-1,1
58217,83,90,-7,7
58218,52,57,-5,5
58219,102,103,-1,1
58220,51,61,-10,10
58221,90,83,7,7
58222,121,127,-6,6
58223,125,126,-1,1
58224,66,68,-2,2
58225,99,108,-9,9
58226,71,85,-14,14
58227,103,103,0,0
58228,87,92,-5,5
58229,130,132,-2,2
58230,74,75,-1,1
58231,171,157,14,14
58232,146,119,27,27
58233,81,82,-1,1
58234,72,69,3,3
58235,81,99,-18,18
58236,58,58,0,0
58237,111,105,6,6
58238,148,146,2,2
58239,76,75,1,1
58240,78,75,3,3
58241,91,95,-4,4
58242,91,94,-3,3
58243,70,73,-3,3
58244,155,136,19,19
58245,89,97,-8,8
58246,55,55,0,0
58247,97,86,11,11
58248,71,72,-1,1
58249,134,137,-3,3
58250,85,75,10,10
58251,76,71,5,5
58252,98,108,-10,10
58253,51,58,-7,7
58254,111,108,3,3
58255,59,67,-8,8
58256,112,106,6,6
58257,43,47,-4,4
58258,122,112,10,10
58259,62,76,-14,14
58260,57,58,-1,1
58261,94,105,-11,11
58262,92,92,0,0
58263,113,116,-3,3
58264,125,117,8,8
58265,98,104,-6,6
58266,58,60,-2,2
58267,110,105,5,5
58268,69,74,-5,5
58269,57,69,-12,12
58270,54,54,0,0
58271,69,71,-2,2
58272,84,96,-12,12
58273,81,95,-14,14
58274,72,75,-3,3
58275,120,112,8,8
58276,59,67,-8,8
58277,121,114,7,7
58278,54,66,-12,12
58279,62,65,-3,3
58280,83,77,6,6
58281,85,81,4,4
58282,102,105,-3,3
58283,109,101,8,8
58284,128,139,-11,11
58285,128,115,13,13
58286,155,119,36,36
58287,75,79,-4,4
58288,44,41,3,3
58289,106,106,0,0
58290,122,112,10,10
58291,99,99,0,0
58292,76,76,0,0
58293,93,93,0,0
58294,59,65,-6,6
58295,115,107,8,8
58296,147,135,12,12
58297,104,106,-2,2
58298,56,64,-8,8
58299,119,112,7,7
58300,92,95,-3,3
58301,55,62,-7,7
58302,70,67,3,3
58303,79,86,-7,7
58304,106,103,3,3
58305,141,123,18,18
58306,142,139,3,3
58307,100,103,-3,3
58308,71,72,-1,1
58309,37,41,-4,4
58310,58,61,-3,3
58311,107,111,-4,4
58312,104,103,1,1
58313,125,122,3,3
58314,95,121,-26,26
58315,164,152,12,12
58316,45,60,-15,15
58317,86,82,4,4
58318,101,102,-1,1
58319,117,107,10,10
58320,85,92,-7,7
58321,60,65,-5,5
58322,141,143,-2,2
58323,101,103,-2,2
58324,113,102,11,11
58325,108,109,-1,1
58326,86,87,-1,1
58327,121,110,11,11
58328,165,176,-11,11
58329,58,63,-5,5
58330,165,162,3,3
58331,99,103,-4,4
58332,77,83,-6,6
58333,120,116,4,4
58334,132,119,13,13
58335,138,119,19,19
58336,104,124,-20,20
58337,59,60,-1,1
58338,68,66,2,2
58339,76,81,-5,5
58340,81,88,-7,7
58341,126,125,1,1
58342,125,99,26,26
58343,39,42,-3,3
58344,103,88,15,15
58345,64,72,-8,8
58346,120,112,8,8
58347,53,61,-8,8
58348,81,77,4,4
58349,128,120,8,8
58350,75,76,-1,1
58351,67,64,3,3
58352,158,139,19,19
58353,77,94,-17,17
58354,140,138,2,2
58355,75,83,-8,8
58356,114,116,-2,2
58357,82,80,2,2
58358,96,99,-3,3
58359,142,128,14,14
58360,84,95,-11,11
58361,84,70,14,14
58362,69,72,-3,3
58363,63,68,-5,5
58364,83,90,-7,7
58365,136,134,2,2
58366,107,103,4,4
58367,95,99,-4,4
58368,157,137,20,20
58369,89,92,-3,3
58370,85,85,0,0
58371,102,103,-1,1
58372,103,108,-5,5
58373,88,85,3,3
58374,100,98,2,2
58375,69,71,-2,2
58376,84,75,9,9
58377,32,37,-5,5
58378,52,59,-7,7
58379,156,141,15,15
58380,71,68,3,3
58381,114,116,-2,2
58382,83,84,-1,1
58383,81,82,-1,1
58384,164,136,28,28
58385,109,105,4,4
58386,89,99,-10,10
58387,125,106,19,19
58388,82,75,7,7
58389,73,78,-5,5
58390,117,139,-22,22
58391,69,74,-5,5
58392,98,97,1,1
58393,114,102,12,12
58394,86,86,0,0
58395,112,104,8,8
58396,96,105,-9,9
58397,113,105,8,8
58398,86,95,-9,9
58399,130,127,3,3
58400,80,80,0,0
58401,134,129,5,5
58402,158,156,2,2
58403,59,60,-1,1
58404,55,64,-9,9
58405,87,95,-8,8
58406,42,49,-7,7
58407,76,75,1,1
58408,62,59,3,3
58409,119,113,6,6
58410,103,103,0,0
58411,172,171,1,1
58412,134,133,1,1
58413,68,69,-1,1
58414,62,57,5,5
58415,57,68,-11,11
58416,147,132,15,15
58417,93,95,-2,2
58418,116,108,8,8
58419,161,154,7,7
58420,79,95,-16,16
58421,148,147,1,1
58422,118,116,2,2
58423,46,62,-16,16
58424,130,132,-2,2
58425,163,147,16,16
58426,56,64,-8,8
58427,74,73,1,1
58428,66,78,-12,12
58429,84,75,9,9
58430,76,83,-7,7
58431,88,83,5,5
58432,69,70,-1,1
58433,60,68,-8,8
58434,75,75,0,0
58435,164,149,15,15
58436,71,82,-11,11
58437,125,105,20,20
58438,86,93,-7,7
58439,62,63,-1,1
58440,82,84,-2,2
58441,55,58,-3,3
58442,58,74,-16,16
58443,52,67,-15,15
58444,107,101,6,6
58445,82,92,-10,10
58446,118,115,3,3
58447,104,103,1,1
58448,65,66,-1,1
58449,148,155,-7,7
58450,104,107,-3,3
58451,189,174,15,15
58452,126,130,-4,4
58453,92,94,-2,2
58454,122,118,4,4
58455,75,77,-2,2
58456,99,101,-2,2
58457,99,98,1,1
58458,154,149,5,5
58459,89,101,-12,12
58460,145,145,0,0
58461,81,73,8,8
58462,146,153,-7,7
58463,171,172,-1,1
58464,52,54,-2,2
58465,81,76,5,5
58466,102,101,1,1
58467,137,144,-7,7
58468,43,49,-6,6
58469,93,98,-5,5
58470,62,66,-4,4
58471,110,103,7,7
58472,78,73,5,5
58473,112,118,-6,6
58474,64,71,-7,7
58475,52,56,-4,4
58476,51,71,-20,20
58477,71,82,-11,11
58478,62,65,-3,3
58479,54,52,2,2
58480,81,67,14,14
58481,156,134,22,22
58482,76,80,-4,4
58483,74,70,4,4
58484,63,71,-8,8
58485,59,56,3,3
58486,45,48,-3,3
58487,127,107,20,20
58488,110,103,7,7
58489,68,72,-4,4
58490,89,93,-4,4
58491,64,66,-2,2
58492,116,124,-8,8
58493,68,74,-6,6
58494,211,208,3,3
58495,93,93,0,0
58496,79,81,-2,2
58497,84,87,-3,3
58498,73,72,1,1
58499,82,79,3,3
58500,80,99,-19,19
58501,75,81,-6,6
58502,83,85,-2,2
58503,123,117,6,6
58504,52,51,1,1
58505,133,125,8,8
58506,90,89,1,1
58507,70,72,-2,2
58508,74,82,-8,8
58509,84,93,-9,9
58510,90,95,-5,5
58511,92,94,-2,2
58512,55,69,-14,14
58513,62,68,-6,6
58514,120,116,4,4
58515,84,88,-4,4
58516,83,74,9,9
58517,95,110,-15,15
58518,79,73,6,6
58519,89,97,-8,8
58520,149,139,10,10
58521,81,112,-31,31
58522,91,101,-10,10
58523,87,75,12,12
58524,76,81,-5,5
58525,45,50,-5,5
58526,226,220,6,6
58527,125,116,9,9
58528,148,160,-12,12
58529,60,66,-6,6
58530,134,133,1,1
58531,165,153,12,12
58532,129,115,14,14
58533,65,66,-1,1
58534,89,90,-1,1
58535,95,101,-6,6
58536,83,86,-3,3
58537,79,78,1,1
58538,111,106,5,5
58539,83,82,1,1
58540,121,117,4,4
58541,97,100,-3,3
58542,114,114,0,0
58543,55,55,0,0
58544,118,115,3,3
58545,95,99,-4,4
58546,80,78,2,2
58547,112,115,-3,3
58548,127,118,9,9
58549,140,129,11,11
58550,100,158,-58,58
58551,50,56,-6,6
58552,130,126,4,4
58553,77,78,-1,1
58554,86,98,-12,12
58555,117,103,14,14
58556,163,158,5,5
58557,78,78,0,0
58558,118,115,3,3
58559,110,115,-5,5
58560,93,85,8,8
58561,76,93,-17,17
58562,71,68,3,3
58563,85,91,-6,6
58564,39,47,-8,8
58565,77,85,-8,8
58566,57,60,-3,3
58567,68,72,-4,4
58568,74,75,-1,1
58569,80,77,3,3
58570,86,92,-6,6
58571,55,58,-3,3
58572,129,110,19,19
58573,181,182,-1,1
58574,71,73,-2,2
58575,106,126,-20,20
58576,43,46,-3,3
58577,157,150,7,7
58578,68,71,-3,3
58579,134,123,11,11
58580,137,145,-8,8
58581,71,73,-2,2
58582,48,52,-4,4
58583,45,56,-11,11
58584,75,79,-4,4
58585,67,83,-16,16
58586,108,101,7,7
58587,81,82,-1,1
58588,94,101,-7,7
58589,229,217,12,12
58590,58,65,-7,7
58591,75,89,-14,14
58592,97,115,-18,18
58593,142,137,5,5
58594,196,160,36,36
58595,78,81,-3,3
58596,101,110,-9,9
58597,100,97,3,3
58598,82,77,5,5
58599,100,104,-4,4
58600,81,87,-6,6
58601,81,90,-9,9
58602,106,138,-32,32
58603,74,70,4,4
58604,77,90,-13,13
58605,124,113,11,11
58606,35,43,-8,8
58607,76,82,-6,6
58608,106,105,1,1
58609,83,91,-8,8
58610,82,90,-8,8
58611,77,79,-2,2
58612,113,110,3,3
58613,86,83,3,3
58614,115,112,3,3
58615,98,98,0,0
58616,69,81,-12,12
58617,90,100,-10,10
58618,99,97,2,2
58619,59,73,-14,14
58620,109,104,5,5
58621,72,79,-7,7
58622,130,124,6,6
58623,118,116,2,2
58624,113,110,3,3
58625,98,97,1,1
58626,102,99,3,3
58627,142,128,14,14
58628,95,106,-11,11
58629,89,93,-4,4
58630,45,61,-16,16
58631,35,38,-3,3
58632,54,61,-7,7
58633,102,91,11,11
58634,27,23,4,4
58635,66,69,-3,3
58636,35,50,-15,15
58637,115,109,6,6
58638,148,141,7,7
58639,98,94,4,4
58640,115,116,-1,1
58641,79,92,-13,13
58642,84,85,-1,1
58643,147,142,5,5
58644,79,74,5,5
58645,62,66,-4,4
58646,95,89,6,6
58647,71,73,-2,2
58648,66,73,-7,7
58649,84,90,-6,6
58650,142,130,12,12
58651,142,124,18,18
58652,91,91,0,0
58653,102,100,2,2
58654,105,136,-31,31
58655,66,65,1,1
58656,83,92,-9,9
58657,63,67,-4,4
58658,66,74,-8,8
58659,109,120,-11,11
58660,71,68,3,3
58661,92,94,-2,2
58662,139,144,-5,5
58663,117,115,2,2
58664,120,117,3,3
58665,94,113,-19,19
58666,99,98,1,1
58667,58,59,-1,1
58668,129,122,7,7
58669,66,78,-12,12
58670,126,107,19,19
58671,111,116,-5,5
58672,54,57,-3,3
58673,153,127,26,26
58674,82,84,-2,2
58675,56,65,-9,9
58676,59,67,-8,8
58677,146,127,19,19
58678,64,69,-5,5
58679,56,60,-4,4
58680,60,63,-3,3
58681,21,52,-31,31
58682,132,133,-1,1
58683,85,90,-5,5
58684,113,107,6,6
58685,81,82,-1,1
58686,110,113,-3,3
58687,98,95,3,3
58688,86,91,-5,5
58689,102,100,2,2
58690,129,149,-20,20
58691,89,85,4,4
58692,121,122,-1,1
58693,104,102,2,2
58694,63,69,-6,6
58695,138,144,-6,6
58696,119,132,-13,13
58697,92,92,0,0
58698,113,106,7,7
58699,97,101,-4,4
58700,162,149,13,13
58701,41,51,-10,10
58702,112,114,-2,2
58703,124,116,8,8
58704,76,74,2,2
58705,116,117,-1,1
58706,86,82,4,4
58707,69,68,1,1
58708,99,107,-8,8
58709,65,70,-5,5
58710,70,82,-12,12
58711,111,100,11,11
58712,79,75,4,4
58713,92,96,-4,4
58714,92,85,7,7
58715,126,123,3,3
58716,109,104,5,5
58717,65,75,-10,10
58718,79,75,4,4
58719,160,152,8,8
58720,75,83,-8,8
58721,95,92,3,3
58722,97,96,1,1
58723,102,111,-9,9
58724,75,73,2,2
58725,119,122,-3,3
58726,31,34,-3,3
58727,137,125,12,12
58728,99,106,-7,7
58729,135,127,8,8
58730,143,143,0,0
58731,128,125,3,3
58732,135,134,1,1
58733,56,55,1,1
58734,79,72,7,7
58735,157,140,17,17
58736,103,110,-7,7
58737,147,138,9,9
58738,78,79,-1,1
58739,124,119,5,5
58740,57,67,-10,10
58741,63,83,-20,20
58742,79,75,4,4
58743,87,94,-7,7
58744,105,100,5,5
58745,119,115,4,4
58746,41,47,-6,6
58747,62,71,-9,9
58748,148,153,-5,5
58749,113,107,6,6
58750,236,216,20,20
58751,49,58,-9,9
58752,78,87,-9,9
58753,105,108,-3,3
58754,136,126,10,10
58755,93,95,-2,2
58756,55,64,-9,9
58757,87,92,-5,5
58758,67,79,-12,12
58759,113,106,7,7
58760,52,55,-3,3
58761,102,121,-19,19
58762,149,130,19,19
58763,65,75,-10,10
58764,106,100,6,6
58765,88,87,1,1
58766,175,154,21,21
58767,116,121,-5,5
58768,128,126,2,2
58769,86,91,-5,5
58770,154,152,2,2
58771,93,94,-1,1
58772,65,98,-33,33
58773,119,115,4,4
58774,81,79,2,2
58775,93,125,-32,32
58776,77,83,-6,6
58777,144,122,22,22
58778,105,107,-2,2
58779,111,95,16,16
58780,143,129,14,14
58781,96,95,1,1
58782,86,100,-14,14
58783,78,76,2,2
58784,136,129,7,7
58785,82,81,1,1
58786,91,92,-1,1
58787,83,90,-7,7
58788,106,109,-3,3
58789,94,101,-7,7
58790,99,105,-6,6
58791,78,74,4,4
58792,154,143,11,11
58793,77,68,9,9
58794,184,173,11,11
58795,192,177,15,15
58796,77,76,1,1
58797,105,107,-2,2
58798,62,71,-9,9
58799,103,100,3,3
58800,59,63,-4,4
58801,77,70,7,7
58802,155,157,-2,2
58803,90,87,3,3
58804,98,115,-17,17
58805,93,95,-2,2
58806,132,133,-1,1
58807,115,115,0,0
58808,67,70,-3,3
58809,198,194,4,4
58810,90,86,4,4
58811,114,110,4,4
58812,108,108,0,0
58813,77,87,-10,10
58814,114,125,-11,11
58815,126,139,-13,13
58816,86,85,1,1
58817,67,70,-3,3
58818,108,106,2,2
58819,92,93,-1,1
58820,123,122,1,1
58821,96,102,-6,6
58822,64,67,-3,3
58823,166,156,10,10
58824,218,212,6,6
58825,89,94,-5,5
58826,76,82,-6,6
58827,69,73,-4,4
58828,122,118,4,4
58829,115,115,0,0
58830,87,117,-30,30
58831,119,116,3,3
58832,95,93,2,2
58833,82,83,-1,1
58834,57,63,-6,6
58835,100,107,-7,7
58836,86,83,3,3
58837,101,94,7,7
58838,65,60,5,5
58839,106,102,4,4
58840,75,75,0,0
58841,142,129,13,13
58842,81,75,6,6
58843,77,85,-8,8
58844,59,60,-1,1
58845,130,116,14,14
58846,100,95,5,5
58847,92,100,-8,8
58848,55,63,-8,8
58849,101,127,-26,26
58850,66,67,-1,1
58851,108,97,11,11
58852,83,88,-5,5
58853,69,68,1,1
58854,140,130,10,10
58855,87,84,3,3
58856,96,102,-6,6
58857,167,140,27,27
58858,72,73,-1,1
58859,88,94,-6,6
58860,124,119,5,5
58861,91,96,-5,5
58862,51,56,-5,5
58863,87,71,16,16
58864,92,99,-7,7
58865,58,64,-6,6
58866,45,50,-5,5
58867,95,92,3,3
58868,134,119,15,15
58869,91,95,-4,4
58870,121,111,10,10
58871,51,53,-2,2
58872,58,60,-2,2
58873,48,57,-9,9
58874,75,81,-6,6
58875,46,56,-10,10
58876,56,65,-9,9
58877,87,85,2,2
58878,47,67,-20,20
58879,88,95,-7,7
58880,112,104,8,8
58881,56,65,-9,9
58882,104,104,0,0
58883,61,62,-1,1
58884,96,101,-5,5
58885,113,103,10,10
58886,66,66,0,0
58887,153,153,0,0
58888,115,117,-2,2
58889,100,104,-4,4
58890,73,73,0,0
58891,89,75,14,14
58892,101,108,-7,7
58893,82,95,-13,13
58894,89,100,-11,11
58895,94,103,-9,9
58896,93,92,1,1
58897,113,113,0,0
58898,129,125,4,4
58899,68,65,3,3
58900,68,65,3,3
58901,94,93,1,1
58902,157,143,14,14
58903,99,101,-2,2
58904,54,63,-9,9
58905,123,115,8,8
58906,94,85,9,9
58907,183,177,6,6
58908,74,74,0,0
58909,59,64,-5,5
58910,173,158,15,15
58911,122,115,7,7
58912,75,73,2,2
58913,77,84,-7,7
58914,63,67,-4,4
58915,90,96,-6,6
58916,56,67,-11,11
58917,82,85,-3,3
58918,86,105,-19,19
58919,149,144,5,5
58920,108,104,4,4
58921,73,74,-1,1
58922,67,73,-6,6
58923,93,99,-6,6
58924,55,59,-4,4
58925,108,113,-5,5
58926,118,110,8,8
58927,30,42,-12,12
58928,70,60,10,10
58929,94,99,-5,5
58930,84,84,0,0
58931,77,75,2,2
58932,64,64,0,0
58933,103,104,-1,1
58934,93,116,-23,23
58935,91,85,6,6
58936,65,71,-6,6
58937,108,104,4,4
58938,117,105,12,12
58939,45,51,-6,6
58940,113,118,-5,5
58941,70,69,1,1
58942,75,96,-21,21
58943,79,82,-3,3
58944,59,60,-1,1
58945,59,60,-1,1
58946,42,55,-13,13
58947,96,89,7,7
58948,109,104,5,5
58949,95,104,-9,9
58950,126,119,7,7
58951,89,96,-7,7
58952,99,101,-2,2
58953,145,143,2,2
58954,108,103,5,5
58955,84,85,-1,1
58956,82,92,-10,10
58957,171,160,11,11
58958,103,94,9,9
58959,118,108,10,10
58960,180,159,21,21
58961,61,66,-5,5
58962,163,144,19,19
58963,135,145,-10,10
58964,152,136,16,16
58965,109,96,13,13
58966,61,69,-8,8
58967,108,108,0,0
58968,181,187,-6,6
58969,104,110,-6,6
58970,105,101,4,4
58971,68,74,-6,6
58972,116,140,-24,24
58973,144,132,12,12
58974,85,80,5,5
58975,141,146,-5,5
58976,152,155,-3,3
58977,114,118,-4,4
58978,143,131,12,12
58979,155,147,8,8
58980,191,174,17,17
58981,102,96,6,6
58982,77,77,0,0
58983,97,105,-8,8
58984,85,94,-9,9
58985,82,76,6,6
58986,83,82,1,1
58987,64,67,-3,3
58988,135,132,3,3
58989,86,84,2,2
58990,59,58,1,1
58991,71,65,6,6
58992,65,60,5,5
58993,134,125,9,9
58994,85,91,-6,6
58995,159,151,8,8
58996,145,147,-2,2
58997,66,73,-7,7
58998,71,75,-4,4
58999,154,130,24,24
59000,159,166,-7,7
59001,50,57,-7,7
59002,95,105,-10,10
59003,81,77,4,4
59004,128,113,15,15
59005,79,78,1,1
59006,93,103,-10,10
59007,156,153,3,3
59008,107,112,-5,5
59009,48,55,-7,7
59010,49,56,-7,7
59011,52,108,-56,56
59012,43,52,-9,9
59013,166,155,11,11
59014,59,65,-6,6
59015,97,94,3,3
59016,143,151,-8,8
59017,107,116,-9,9
59018,122,117,5,5
59019,77,74,3,3
59020,77,81,-4,4
59021,52,59,-7,7
59022,70,72,-2,2
59023,93,96,-3,3
59024,93,107,-14,14
59025,110,115,-5,5
59026,53,60,-7,7
59027,67,65,2,2
59028,185,175,10,10
59029,90,78,12,12
59030,107,103,4,4
59031,148,150,-2,2
59032,119,123,-4,4
59033,95,105,-10,10
59034,112,97,15,15
59035,171,180,-9,9
59036,110,93,17,17
59037,76,90,-14,14
59038,99,98,1,1
59039,94,102,-8,8
59040,107,111,-4,4
59041,73,76,-3,3
59042,133,116,17,17
59043,70,81,-11,11
59044,80,71,9,9
59045,149,136,13,13
59046,78,59,19,19
59047,95,96,-1,1
59048,79,90,-11,11
59049,42,57,-15,15
59050,73,70,3,3
59051,346,272,74,74
59052,70,32,38,38
59053,75,80,-5,5
59054,144,143,1,1
59055,63,64,-1,1
59056,80,82,-2,2
59057,124,110,14,14
59058,69,70,-1,1
59059,99,99,0,0
59060,140,114,26,26
59061,117,115,2,2
59062,58,66,-8,8
59063,84,89,-5,5
59064,47,52,-5,5
59065,86,83,3,3
59066,52,62,-10,10
59067,77,83,-6,6
59068,69,72,-3,3
59069,107,105,2,2
59070,118,108,10,10
59071,81,94,-13,13
59072,109,103,6,6
59073,97,105,-8,8
59074,85,90,-5,5
59075,81,73,8,8
59076,65,62,3,3
59077,101,113,-12,12
59078,90,101,-11,11
59079,68,78,-10,10
59080,59,58,1,1
59081,97,96,1,1
59082,104,103,1,1
59083,52,55,-3,3
59084,58,64,-6,6
59085,64,73,-9,9
59086,92,92,0,0
59087,179,159,20,20
59088,112,103,9,9
59089,100,109,-9,9
59090,60,60,0,0
59091,102,103,-1,1
59092,111,104,7,7
59093,100,95,5,5
59094,80,76,4,4
59095,89,85,4,4
59096,124,130,-6,6
59097,70,73,-3,3
59098,85,95,-10,10
59099,79,85,-6,6
59100,74,74,0,0
59101,66,66,0,0
59102,75,82,-7,7
59103,83,91,-8,8
59104,65,74,-9,9
59105,119,121,-2,2
59106,102,99,3,3
59107,81,86,-5,5
59108,77,80,-3,3
59109,81,81,0,0
59110,94,99,-5,5
59111,103,108,-5,5
59112,104,103,1,1
59113,118,104,14,14
59114,90,87,3,3
59115,71,76,-5,5
59116,114,107,7,7
59117,120,101,19,19
59118,85,83,2,2
59119,79,83,-4,4
59120,49,49,0,0
59121,74,74,0,0
59122,99,101,-2,2
59123,106,111,-5,5
59124,89,92,-3,3
59125,21,32,-11,11
59126,114,112,2,2
59127,90,101,-11,11
59128,129,123,6,6
59129,64,64,0,0
59130,44,52,-8,8
59131,150,132,18,18
59132,136,129,7,7
59133,119,123,-4,4
59134,68,77,-9,9
59135,87,96,-9,9
59136,66,73,-7,7
59137,103,104,-1,1
59138,117,116,1,1
59139,111,99,12,12
59140,112,91,21,21
59141,101,95,6,6
59142,143,141,2,2
59143,81,83,-2,2
59144,180,158,22,22
59145,61,64,-3,3
59146,131,128,3,3
59147,70,72,-2,2
59148,107,106,1,1
59149,135,116,19,19
59150,92,91,1,1
59151,81,82,-1,1
59152,108,104,4,4
59153,90,90,0,0
59154,86,75,11,11
59155,127,119,8,8
59156,47,58,-11,11
59157,130,123,7,7
59158,84,97,-13,13
59159,79,78,1,1
59160,91,94,-3,3
59161,120,109,11,11
59162,80,83,-3,3
59163,59,67,-8,8
59164,81,98,-17,17
59165,143,142,1,1
59166,117,103,14,14
59167,143,135,8,8
59168,154,118,36,36
59169,57,65,-8,8
59170,69,68,1,1
59171,44,51,-7,7
59172,84,94,-10,10
59173,96,93,3,3
59174,80,79,1,1
59175,61,74,-13,13
59176,64,75,-11,11
59177,67,73,-6,6
59178,108,104,4,4
59179,87,92,-5,5
59180,87,88,-1,1
59181,112,97,15,15
59182,147,142,5,5
59183,143,135,8,8
59184,124,114,10,10
59185,160,145,15,15
59186,109,108,1,1
59187,71,69,2,2
59188,138,130,8,8
59189,76,76,0,0
59190,96,91,5,5
59191,94,94,0,0
59192,44,48,-4,4
59193,83,92,-9,9
59194,49,54,-5,5
59195,75,90,-15,15
59196,104,113,-9,9
59197,75,75,0,0
59198,93,95,-2,2
59199,96,101,-5,5
59200,81,92,-11,11
59201,80,78,2,2
59202,97,85,12,12
59203,65,72,-7,7
59204,46,55,-9,9
59205,79,84,-5,5
59206,88,90,-2,2
59207,62,78,-16,16
59208,84,75,9,9
59209,70,72,-2,2
59210,129,130,-1,1
59211,104,76,28,28
59212,116,121,-5,5
59213,126,118,8,8
59214,95,103,-8,8
59215,66,67,-1,1
59216,81,80,1,1
59217,133,113,20,20
59218,95,102,-7,7
59219,151,136,15,15
59220,88,92,-4,4
59221,110,112,-2,2
59222,69,63,6,6
59223,106,100,6,6
59224,64,70,-6,6
59225,126,111,15,15
59226,41,49,-8,8
59227,97,99,-2,2
59228,46,71,-25,25
59229,52,70,-18,18
59230,66,62,4,4
59231,81,78,3,3
59232,81,90,-9,9
59233,85,85,0,0
59234,35,40,-5,5
59235,118,111,7,7
59236,94,96,-2,2
59237,92,91,1,1
59238,55,61,-6,6
59239,99,96,3,3
59240,68,72,-4,4
59241,56,59,-3,3
59242,97,103,-6,6
59243,110,115,-5,5
59244,152,137,15,15
59245,40,51,-11,11
59246,52,66,-14,14
59247,169,170,-1,1
59248,160,142,18,18
59249,78,76,2,2
59250,77,92,-15,15
59251,40,50,-10,10
59252,93,114,-21,21
59253,115,107,8,8
59254,108,114,-6,6
59255,69,73,-4,4
59256,126,149,-23,23
59257,133,144,-11,11
59258,116,117,-1,1
59259,76,90,-14,14
59260,42,50,-8,8
59261,74,82,-8,8
59262,145,134,11,11
59263,72,69,3,3
59264,103,113,-10,10
59265,67,72,-5,5
59266,139,121,18,18
59267,93,90,3,3
59268,112,110,2,2
59269,176,166,10,10
59270,70,72,-2,2
59271,158,128,30,30
59272,71,73,-2,2
59273,47,47,0,0
59274,93,84,9,9
59275,57,71,-14,14
59276,75,73,2,2
59277,62,75,-13,13
59278,104,122,-18,18
59279,143,142,1,1
59280,83,82,1,1
59281,75,72,3,3
59282,92,92,0,0
59283,60,78,-18,18
59284,117,111,6,6
59285,64,70,-6,6
59286,61,66,-5,5
59287,87,76,11,11
59288,175,177,-2,2
59289,58,60,-2,2
59290,77,70,7,7
59291,96,82,14,14
59292,120,125,-5,5
59293,176,159,17,17
59294,132,126,6,6
59295,67,71,-4,4
59296,73,77,-4,4
59297,120,140,-20,20
59298,71,74,-3,3
59299,63,63,0,0
59300,74,71,3,3
59301,35,57,-22,22
59302,129,115,14,14
59303,132,135,-3,3
59304,75,81,-6,6
59305,122,114,8,8
59306,89,87,2,2
59307,90,85,5,5
59308,71,73,-2,2
59309,92,84,8,8
59310,184,162,22,22
59311,59,90,-31,31
59312,90,96,-6,6
59313,100,113,-13,13
59314,83,83,0,0
59315,83,91,-8,8
59316,78,80,-2,2
59317,106,105,1,1
59318,107,110,-3,3
59319,45,54,-9,9
59320,82,91,-9,9
59321,85,95,-10,10
59322,109,93,16,16
59323,70,75,-5,5
59324,70,77,-7,7
59325,109,109,0,0
59326,62,65,-3,3
59327,63,74,-11,11
59328,67,76,-9,9
59329,38,41,-3,3
59330,45,47,-2,2
59331,111,102,9,9
59332,99,112,-13,13
59333,52,59,-7,7
59334,93,94,-1,1
59335,103,116,-13,13
59336,86,90,-4,4
59337,69,69,0,0
59338,52,82,-30,30
59339,215,181,34,34
59340,90,92,-2,2
59341,54,59,-5,5
59342,110,105,5,5
59343,97,92,5,5
59344,150,116,34,34
59345,142,127,15,15
59346,57,71,-14,14
59347,116,108,8,8
59348,177,157,20,20
59349,109,112,-3,3
59350,78,79,-1,1
59351,79,83,-4,4
59352,51,59,-8,8
59353,80,80,0,0
59354,99,108,-9,9
59355,49,53,-4,4
59356,153,151,2,2
59357,174,162,12,12
59358,100,103,-3,3
59359,147,131,16,16
59360,75,90,-15,15
59361,138,128,10,10
59362,78,76,2,2
59363,77,86,-9,9
59364,93,83,10,10
59365,148,136,12,12
59366,176,157,19,19
59367,74,74,0,0
59368,178,182,-4,4
59369,107,111,-4,4
59370,103,102,1,1
59371,125,115,10,10
59372,119,109,10,10
59373,98,100,-2,2
59374,69,65,4,4
59375,72,72,0,0
59376,81,98,-17,17
59377,54,63,-9,9
59378,110,108,2,2
59379,84,90,-6,6
59380,148,143,5,5
59381,61,59,2,2
59382,94,102,-8,8
59383,79,93,-14,14
59384,77,76,1,1
59385,83,85,-2,2
59386,102,94,8,8
59387,99,101,-2,2
59388,104,101,3,3
59389,128,136,-8,8
59390,73,81,-8,8
59391,85,84,1,1
59392,123,133,-10,10
59393,87,94,-7,7
59394,135,115,20,20
59395,71,70,1,1
59396,81,97,-16,16
59397,64,64,0,0
59398,71,72,-1,1
59399,105,104,1,1
59400,59,58,1,1
59401,140,131,9,9
59402,161,153,8,8
59403,100,94,6,6
59404,89,91,-2,2
59405,64,70,-6,6
59406,154,146,8,8
59407,167,128,39,39
59408,178,163,15,15
59409,88,78,10,10
59410,79,102,-23,23
59411,72,81,-9,9
59412,85,85,0,0
59413,92,97,-5,5
59414,71,82,-11,11
59415,60,70,-10,10
59416,66,64,2,2
59417,95,91,4,4
59418,82,81,1,1
59419,82,92,-10,10
59420,91,84,7,7
59421,121,108,13,13
59422,78,76,2,2
59423,148,139,9,9
59424,95,97,-2,2
59425,138,142,-4,4
59426,61,69,-8,8
59427,66,70,-4,4
59428,83,82,1,1
59429,61,70,-9,9
59430,60,63,-3,3
59431,56,57,-1,1
59432,127,121,6,6
59433,62,61,1,1
59434,133,130,3,3
59435,79,74,5,5
59436,123,104,19,19
59437,53,57,-4,4
59438,79,82,-3,3
59439,126,111,15,15
59440,117,131,-14,14
59441,136,130,6,6
59442,81,104,-23,23
59443,105,123,-18,18
59444,118,124,-6,6
59445,66,72,-6,6
59446,59,61,-2,2
59447,129,131,-2,2
59448,93,103,-10,10
59449,87,92,-5,5
59450,45,51,-6,6
59451,64,65,-1,1
59452,121,118,3,3
59453,168,147,21,21
59454,81,73,8,8
59455,99,96,3,3
59456,117,105,12,12
59457,95,86,9,9
59458,66,70,-4,4
59459,122,114,8,8
59460,112,122,-10,10
59461,71,83,-12,12
59462,172,170,2,2
59463,108,99,9,9
59464,85,85,0,0
59465,130,123,7,7
59466,64,66,-2,2
59467,74,82,-8,8
59468,63,67,-4,4
59469,145,139,6,6
59470,95,99,-4,4
59471,138,142,-4,4
59472,105,104,1,1
59473,51,61,-10,10
59474,109,115,-6,6
59475,91,107,-16,16
59476,70,66,4,4
59477,129,120,9,9
59478,106,94,12,12
59479,82,78,4,4
59480,54,55,-1,1
59481,151,156,-5,5
59482,120,111,9,9
59483,151,147,4,4
59484,96,106,-10,10
59485,62,68,-6,6
59486,165,153,12,12
59487,138,125,13,13
59488,128,127,1,1
59489,80,73,7,7
59490,94,99,-5,5
59491,86,94,-8,8
59492,130,125,5,5
59493,154,140,14,14
59494,81,87,-6,6
59495,152,136,16,16
59496,52,69,-17,17
59497,65,67,-2,2
59498,109,96,13,13
59499,72,71,1,1
59500,103,102,1,1
59501,112,100,12,12
59502,65,75,-10,10
59503,77,84,-7,7
59504,189,188,1,1
59505,178,167,11,11
59506,48,48,0,0
59507,145,138,7,7
59508,47,66,-19,19
59509,146,138,8,8
59510,118,116,2,2
59511,78,82,-4,4
59512,93,101,-8,8
59513,72,74,-2,2
59514,86,93,-7,7
59515,118,111,7,7
59516,87,90,-3,3
59517,42,51,-9,9
59518,87,100,-13,13
59519,87,93,-6,6
59520,159,155,4,4
59521,96,100,-4,4
59522,50,57,-7,7
59523,76,95,-19,19
59524,111,115,-4,4
59525,140,131,9,9
59526,133,122,11,11
59527,89,99,-10,10
59528,94,98,-4,4
59529,60,59,1,1
59530,67,73,-6,6
59531,166,142,24,24
59532,74,82,-8,8
59533,88,92,-4,4
59534,113,111,2,2
59535,114,115,-1,1
59536,98,93,5,5
59537,52,64,-12,12
59538,109,106,3,3
59539,51,55,-4,4
59540,92,92,0,0
59541,79,84,-5,5
59542,65,69,-4,4
59543,80,84,-4,4
59544,130,119,11,11
59545,90,95,-5,5
59546,108,96,12,12
59547,84,94,-10,10
59548,160,156,4,4
59549,53,58,-5,5
59550,62,72,-10,10
59551,65,77,-12,12
59552,65,69,-4,4
59553,61,63,-2,2
59554,35,43,-8,8
59555,113,108,5,5
59556,69,75,-6,6
59557,56,60,-4,4
59558,103,116,-13,13
59559,76,73,3,3
59560,106,113,-7,7
59561,157,151,6,6
59562,150,145,5,5
59563,79,81,-2,2
59564,94,101,-7,7
59565,59,67,-8,8
59566,135,154,-19,19
59567,91,98,-7,7
59568,129,120,9,9
59569,80,85,-5,5
59570,58,56,2,2
59571,96,90,6,6
59572,160,158,2,2
59573,80,75,5,5
59574,55,61,-6,6
59575,101,100,1,1
59576,85,79,6,6
59577,68,75,-7,7
59578,95,110,-15,15
59579,110,109,1,1
59580,75,74,1,1
59581,73,81,-8,8
59582,90,95,-5,5
59583,78,84,-6,6
59584,148,137,11,11
59585,94,95,-1,1
59586,64,70,-6,6
59587,186,164,22,22
59588,40,50,-10,10
59589,74,76,-2,2
59590,140,132,8,8
59591,103,97,6,6
59592,179,146,33,33
59593,209,171,38,38
59594,114,113,1,1
59595,44,60,-16,16
59596,84,82,2,2
59597,55,60,-5,5
59598,150,141,9,9
59599,64,64,0,0
59600,61,71,-10,10
59601,89,96,-7,7
59602,129,113,16,16
59603,61,66,-5,5
59604,125,107,18,18
59605,129,116,13,13
59606,94,99,-5,5
59607,86,79,7,7
59608,124,119,5,5
59609,45,55,-10,10
59610,131,122,9,9
59611,89,89,0,0
59612,140,143,-3,3
59613,85,92,-7,7
59614,178,171,7,7
59615,120,113,7,7
59616,135,125,10,10
59617,72,70,2,2
59618,45,50,-5,5
59619,63,65,-2,2
59620,62,73,-11,11
59621,87,91,-4,4
59622,165,167,-2,2
59623,107,128,-21,21
59624,69,84,-15,15
59625,94,97,-3,3
59626,58,63,-5,5
59627,105,102,3,3
59628,115,111,4,4
59629,92,92,0,0
59630,80,79,1,1
59631,154,160,-6,6
59632,61,56,5,5
59633,115,111,4,4
59634,52,53,-1,1
59635,69,70,-1,1
59636,58,67,-9,9
59637,92,98,-6,6
59638,56,64,-8,8
59639,94,104,-10,10
59640,70,75,-5,5
59641,126,103,23,23
59642,77,82,-5,5
59643,77,75,2,2
59644,160,155,5,5
59645,69,72,-3,3
59646,73,74,-1,1
59647,72,78,-6,6
59648,72,72,0,0
59649,124,131,-7,7
59650,78,76,2,2
59651,81,83,-2,2
59652,156,149,7,7
59653,67,66,1,1
59654,118,114,4,4
59655,79,72,7,7
59656,81,76,5,5
59657,87,82,5,5
59658,57,72,-15,15
59659,70,167,-97,97
59660,147,106,41,41
59661,141,129,12,12
59662,42,54,-12,12
59663,89,96,-7,7
59664,94,95,-1,1
59665,103,105,-2,2
59666,100,104,-4,4
59667,56,60,-4,4
59668,85,74,11,11
59669,77,76,1,1
59670,89,93,-4,4
59671,125,135,-10,10
59672,41,47,-6,6
59673,135,121,14,14
59674,70,88,-18,18
59675,51,52,-1,1
59676,86,97,-11,11
59677,100,102,-2,2
59678,103,104,-1,1
59679,62,66,-4,4
59680,153,135,18,18
59681,173,164,9,9
59682,137,149,-12,12
59683,107,95,12,12
59684,161,147,14,14
59685,139,138,1,1
59686,62,59,3,3
59687,71,66,5,5
59688,104,128,-24,24
59689,115,111,4,4
59690,144,140,4,4
59691,76,82,-6,6
59692,168,159,9,9
59693,76,74,2,2
59694,78,90,-12,12
59695,94,120,-26,26
59696,92,89,3,3
59697,96,91,5,5
59698,131,118,13,13
59699,93,98,-5,5
59700,93,87,6,6
59701,60,71,-11,11
59702,78,69,9,9
59703,72,84,-12,12
59704,141,110,31,31
59705,116,109,7,7
59706,83,93,-10,10
59707,78,89,-11,11
59708,79,82,-3,3
59709,113,113,0,0
59710,46,53,-7,7
59711,93,100,-7,7
59712,99,93,6,6
59713,103,115,-12,12
59714,98,91,7,7
59715,113,106,7,7
59716,121,137,-16,16
59717,58,65,-7,7
59718,92,93,-1,1
59719,89,95,-6,6
59720,99,101,-2,2
59721,89,94,-5,5
59722,79,85,-6,6
59723,138,130,8,8
59724,79,81,-2,2
59725,73,82,-9,9
59726,88,85,3,3
59727,73,85,-12,12
59728,95,99,-4,4
59729,104,107,-3,3
59730,77,73,4,4
59731,54,60,-6,6
59732,128,125,3,3
59733,88,94,-6,6
59734,89,90,-1,1
59735,100,105,-5,5
59736,132,127,5,5
59737,73,81,-8,8
59738,69,76,-7,7
59739,88,81,7,7
59740,127,125,2,2
59741,135,133,2,2
59742,71,72,-1,1
59743,133,128,5,5
59744,98,100,-2,2
59745,96,86,10,10
59746,121,114,7,7
59747,110,100,10,10
59748,63,69,-6,6
59749,149,140,9,9
59750,75,93,-18,18
59751,61,76,-15,15
59752,203,177,26,26
59753,106,109,-3,3
59754,90,89,1,1
59755,111,96,15,15
59756,98,91,7,7
59757,70,91,-21,21
59758,77,73,4,4
59759,65,70,-5,5
59760,110,107,3,3
59761,82,94,-12,12
59762,135,127,8,8
59763,133,127,6,6
59764,93,92,1,1
59765,96,105,-9,9
59766,83,87,-4,4
59767,83,84,-1,1
59768,114,103,11,11
59769,169,175,-6,6
59770,83,70,13,13
59771,87,89,-2,2
59772,80,94,-14,14
59773,64,71,-7,7
59774,185,169,16,16
59775,110,102,8,8
59776,109,100,9,9
59777,52,55,-3,3
59778,103,101,2,2
59779,34,48,-14,14
59780,69,116,-47,47
59781,154,139,15,15
59782,149,143,6,6
59783,81,79,2,2
59784,81,83,-2,2
59785,68,73,-5,5
59786,93,84,9,9
59787,57,61,-4,4
59788,129,125,4,4
59789,98,99,-1,1
59790,117,125,-8,8
59791,76,85,-9,9
59792,36,32,4,4
59793,130,127,3,3
59794,81,84,-3,3
59795,72,82,-10,10
59796,76,83,-7,7
59797,63,70,-7,7
59798,97,96,1,1
59799,61,68,-7,7
59800,85,89,-4,4
59801,110,129,-19,19
59802,85,83,2,2
59803,77,92,-15,15
59804,127,118,9,9
59805,49,54,-5,5
59806,85,83,2,2
59807,83,93,-10,10
59808,132,134,-2,2
59809,136,135,1,1
59810,73,72,1,1
59811,71,74,-3,3
59812,79,79,0,0
59813,88,97,-9,9
59814,70,126,-56,56
59815,75,73,2,2
59816,46,46,0,0
59817,101,102,-1,1
59818,128,138,-10,10
59819,92,91,1,1
59820,149,125,24,24
59821,122,91,31,31
59822,79,96,-17,17
59823,48,68,-20,20
59824,101,99,2,2
59825,94,92,2,2
59826,125,120,5,5
59827,91,100,-9,9
59828,78,82,-4,4
59829,121,116,5,5
59830,166,144,22,22
59831,96,95,1,1
59832,124,141,-17,17
59833,159,146,13,13
59834,66,72,-6,6
59835,82,77,5,5
59836,75,76,-1,1
59837,59,58,1,1
59838,85,87,-2,2
59839,99,91,8,8
59840,148,140,8,8
59841,109,102,7,7
59842,81,84,-3,3
59843,99,94,5,5
59844,47,50,-3,3
59845,78,83,-5,5
59846,85,87,-2,2
59847,76,86,-10,10
59848,54,52,2,2
59849,106,112,-6,6
59850,83,80,3,3
59851,66,69,-3,3
59852,47,64,-17,17
59853,60,68,-8,8
59854,109,108,1,1
59855,122,117,5,5
59856,92,92,0,0
59857,102,95,7,7
59858,130,135,-5,5
59859,104,102,2,2
59860,106,95,11,11
59861,74,76,-2,2
59862,149,147,2,2
59863,46,62,-16,16
59864,55,58,-3,3
59865,81,84,-3,3
59866,86,93,-7,7
59867,159,149,10,10
59868,49,55,-6,6
59869,76,84,-8,8
59870,109,108,1,1
59871,88,79,9,9
59872,66,71,-5,5
59873,95,100,-5,5
59874,123,116,7,7
59875,49,59,-10,10
59876,60,60,0,0
59877,140,134,6,6
59878,72,68,4,4
59879,103,108,-5,5
59880,88,98,-10,10
59881,94,95,-1,1
59882,97,94,3,3
59883,112,109,3,3
59884,37,55,-18,18
59885,70,78,-8,8
59886,217,206,11,11
59887,159,137,22,22
59888,86,90,-4,4
59889,116,115,1,1
59890,76,73,3,3
59891,159,145,14,14
59892,102,96,6,6
59893,72,77,-5,5
59894,102,104,-2,2
59895,94,86,8,8
59896,56,57,-1,1
59897,136,140,-4,4
59898,78,76,2,2
59899,75,82,-7,7
59900,138,134,4,4
59901,79,78,1,1
59902,89,94,-5,5
59903,63,75,-12,12
59904,59,57,2,2
59905,127,124,3,3
59906,100,94,6,6
59907,60,67,-7,7
59908,100,99,1,1
59909,108,102,6,6
59910,152,141,11,11
59911,118,120,-2,2
59912,81,91,-10,10
59913,49,51,-2,2
59914,90,91,-1,1
59915,97,98,-1,1
59916,90,87,3,3
59917,138,130,8,8
59918,116,127,-11,11
59919,86,91,-5,5
59920,106,98,8,8
59921,155,141,14,14
59922,100,98,2,2
59923,66,70,-4,4
59924,84,85,-1,1
59925,103,104,-1,1
59926,56,64,-8,8
59927,100,94,6,6
59928,93,92,1,1
59929,135,136,-1,1
59930,32,40,-8,8
59931,93,106,-13,13
59932,107,129,-22,22
59933,62,71,-9,9
59934,59,64,-5,5
59935,91,94,-3,3
59936,75,83,-8,8
59937,73,72,1,1
59938,96,103,-7,7
59939,115,113,2,2
59940,63,70,-7,7
59941,85,101,-16,16
59942,72,83,-11,11
59943,158,161,-3,3
59944,91,90,1,1
59945,69,78,-9,9
59946,89,114,-25,25
59947,74,73,1,1
59948,104,233,-129,129
59949,49,60,-11,11
59950,99,96,3,3
59951,127,125,2,2
59952,73,82,-9,9
59953,49,58,-9,9
59954,87,91,-4,4
59955,157,143,14,14
59956,80,91,-11,11
59957,144,118,26,26
59958,83,95,-12,12
59959,131,132,-1,1
59960,95,102,-7,7
59961,141,138,3,3
59962,89,105,-16,16
59963,59,55,4,4
59964,86,84,2,2
59965,118,118,0,0
59966,78,85,-7,7
59967,148,142,6,6
59968,59,59,0,0
59969,104,109,-5,5
59970,85,84,1,1
59971,103,106,-3,3
59972,236,202,34,34
59973,66,82,-16,16
59974,50,70,-20,20
59975,77,73,4,4
59976,114,102,12,12
59977,85,85,0,0
59978,88,90,-2,2
59979,74,73,1,1
59980,71,76,-5,5
59981,155,147,8,8
59982,62,70,-8,8
59983,100,95,5,5
59984,82,92,-10,10
59985,113,110,3,3
59986,104,95,9,9
59987,104,100,4,4
59988,105,129,-24,24
59989,153,144,9,9
59990,76,75,1,1
59991,85,76,9,9
59992,119,126,-7,7
59993,106,96,10,10
59994,73,83,-10,10
59995,137,120,17,17
59996,79,76,3,3
59997,186,179,7,7
59998,63,69,-6,6
59999,93,94,-1,1
60000,126,135,-9,9
60001,70,71,-1,1
60002,128,113,15,15
60003,61,66,-5,5
60004,83,78,5,5
60005,108,99,9,9
60006,87,96,-9,9
60007,97,100,-3,3
60008,62,67,-5,5
60009,129,126,3,3
60010,124,115,9,9
60011,63,67,-4,4
60012,138,128,10,10
60013,53,54,-1,1
60014,76,71,5,5
60015,138,140,-2,2
60016,123,124,-1,1
60017,57,59,-2,2
60018,83,81,2,2
60019,96,103,-7,7
60020,119,129,-10,10
60021,72,73,-1,1
60022,78,68,10,10
60023,106,97,9,9
60024,83,78,5,5
60025,71,69,2,2
60026,205,178,27,27
60027,59,67,-8,8
60028,57,57,0,0
60029,90,96,-6,6
60030,34,67,-33,33
60031,215,178,37,37
60032,85,91,-6,6
60033,158,153,5,5
60034,136,125,11,11
60035,55,51,4,4
60036,119,116,3,3
60037,109,142,-33,33
60038,57,61,-4,4
60039,92,91,1,1
60040,99,96,3,3
60041,95,97,-2,2
60042,74,70,4,4
60043,84,84,0,0
60044,107,101,6,6
60045,78,73,5,5
60046,64,70,-6,6
60047,66,77,-11,11
60048,88,86,2,2
60049,135,115,20,20
60050,139,131,8,8
60051,126,141,-15,15
60052,82,84,-2,2
60053,70,68,2,2
60054,81,92,-11,11
60055,60,66,-6,6
60056,56,60,-4,4
60057,131,126,5,5
60058,59,65,-6,6
60059,83,76,7,7
60060,145,138,7,7
60061,86,90,-4,4
60062,102,104,-2,2
60063,77,82,-5,5
60064,136,117,19,19
60065,68,70,-2,2
60066,81,76,5,5
60067,82,76,6,6
60068,85,84,1,1
60069,121,117,4,4
60070,69,70,-1,1
60071,56,65,-9,9
60072,170,152,18,18
60073,123,123,0,0
60074,71,70,1,1
60075,77,82,-5,5
60076,140,134,6,6
60077,141,131,10,10
60078,98,96,2,2
60079,93,90,3,3
60080,69,83,-14,14
60081,104,103,1,1
60082,53,66,-13,13
60083,75,81,-6,6
60084,120,116,4,4
60085,86,95,-9,9
60086,98,97,1,1
60087,84,88,-4,4
60088,88,74,14,14
60089,113,109,4,4
60090,74,77,-3,3
60091,91,90,1,1
60092,149,131,18,18
60093,82,82,0,0
60094,84,82,2,2
60095,195,187,8,8
60096,117,121,-4,4
60097,120,124,-4,4
60098,180,165,15,15
60099,80,93,-13,13
60100,122,119,3,3
60101,135,130,5,5
60102,159,155,4,4
60103,107,108,-1,1
60104,76,82,-6,6
60105,85,90,-5,5
60106,87,82,5,5
60107,88,84,4,4
60108,41,49,-8,8
60109,78,78,0,0
60110,61,65,-4,4
60111,87,90,-3,3
60112,129,114,15,15
60113,84,83,1,1
60114,142,127,15,15
60115,126,131,-5,5
60116,89,91,-2,2
60117,74,71,3,3
60118,51,53,-2,2
60119,141,126,15,15
60120,83,81,2,2
60121,120,154,-34,34
60122,144,140,4,4
60123,67,78,-11,11
60124,82,88,-6,6
60125,67,74,-7,7
60126,85,85,0,0
60127,62,54,8,8
60128,106,103,3,3
60129,59,62,-3,3
60130,73,71,2,2
60131,145,138,7,7
60132,65,66,-1,1
60133,72,73,-1,1
60134,118,108,10,10
60135,105,118,-13,13
60136,71,72,-1,1
60137,96,96,0,0
60138,111,106,5,5
60139,73,93,-20,20
60140,88,83,5,5
60141,210,196,14,14
60142,104,100,4,4
60143,76,73,3,3
60144,43,54,-11,11
60145,110,101,9,9
60146,93,90,3,3
60147,114,108,6,6
60148,190,185,5,5
60149,87,92,-5,5
60150,85,79,6,6
60151,95,100,-5,5
60152,97,113,-16,16
60153,58,61,-3,3
60154,126,133,-7,7
60155,145,126,19,19
60156,61,70,-9,9
60157,113,101,12,12
60158,42,49,-7,7
60159,108,103,5,5
60160,93,89,4,4
60161,157,151,6,6
60162,75,77,-2,2
60163,59,66,-7,7
60164,101,85,16,16
60165,83,82,1,1
60166,95,99,-4,4
60167,100,99,1,1
60168,69,70,-1,1
60169,108,115,-7,7
60170,79,72,7,7
60171,105,103,2,2
60172,98,112,-14,14
60173,123,127,-4,4
60174,103,103,0,0
60175,158,145,13,13
60176,98,99,-1,1
60177,128,122,6,6
60178,54,56,-2,2
60179,54,66,-12,12
60180,86,89,-3,3
60181,119,117,2,2
60182,67,69,-2,2
60183,114,110,4,4
60184,104,100,4,4
60185,81,86,-5,5
60186,84,82,2,2
60187,86,85,1,1
60188,93,95,-2,2
60189,75,73,2,2
60190,69,73,-4,4
60191,96,92,4,4
60192,117,119,-2,2
60193,164,148,16,16
60194,121,116,5,5
60195,93,93,0,0
60196,91,91,0,0
60197,144,137,7,7
60198,101,103,-2,2
60199,135,117,18,18
60200,102,103,-1,1
60201,83,85,-2,2
60202,88,82,6,6
60203,101,107,-6,6
60204,102,105,-3,3
60205,102,113,-11,11
60206,105,103,2,2
60207,99,105,-6,6
60208,151,137,14,14
60209,67,74,-7,7
60210,164,140,24,24
60211,85,90,-5,5
60212,89,96,-7,7
60213,59,62,-3,3
60214,94,88,6,6
60215,123,121,2,2
60216,79,100,-21,21
60217,74,74,0,0
60218,176,167,9,9
60219,59,70,-11,11
60220,100,102,-2,2
60221,123,126,-3,3
60222,104,107,-3,3
60223,145,147,-2,2
60224,97,103,-6,6
60225,175,159,16,16
60226,63,66,-3,3
60227,124,116,8,8
60228,68,66,2,2
60229,139,125,14,14
60230,78,74,4,4
60231,79,70,9,9
60232,48,58,-10,10
60233,141,140,1,1
60234,136,124,12,12
60235,123,130,-7,7
60236,85,90,-5,5
60237,128,119,9,9
60238,97,95,2,2
60239,63,67,-4,4
60240,141,143,-2,2
60241,87,90,-3,3
60242,93,104,-11,11
60243,54,57,-3,3
60244,133,120,13,13
60245,50,59,-9,9
60246,71,72,-1,1
60247,75,76,-1,1
60248,165,158,7,7
60249,64,69,-5,5
60250,95,85,10,10
60251,65,63,2,2
60252,106,102,4,4
60253,91,81,10,10
60254,70,83,-13,13
60255,124,119,5,5
60256,48,58,-10,10
60257,74,75,-1,1
60258,64,64,0,0
60259,104,102,2,2
60260,82,84,-2,2
60261,82,85,-3,3
60262,147,145,2,2
60263,123,104,19,19
60264,81,91,-10,10
60265,146,146,0,0
60266,88,84,4,4
60267,78,76,2,2
60268,118,124,-6,6
60269,160,153,7,7
60270,176,163,13,13
60271,133,121,12,12
60272,122,115,7,7
60273,74,79,-5,5
60274,75,81,-6,6
60275,116,122,-6,6
60276,116,114,2,2
60277,126,123,3,3
60278,53,59,-6,6
60279,58,84,-26,26
60280,169,160,9,9
60281,100,108,-8,8
60282,56,63,-7,7
60283,63,74,-11,11
60284,58,63,-5,5
60285,56,71,-15,15
60286,131,134,-3,3
60287,74,71,3,3
60288,143,137,6,6
60289,127,129,-2,2
60290,98,101,-3,3
60291,60,58,2,2
60292,65,81,-16,16
60293,76,69,7,7
60294,72,75,-3,3
60295,83,83,0,0
60296,41,48,-7,7
60297,91,85,6,6
60298,125,126,-1,1
60299,119,127,-8,8
60300,92,82,10,10
60301,100,113,-13,13
60302,125,117,8,8
60303,95,99,-4,4
60304,108,105,3,3
60305,118,114,4,4
60306,124,136,-12,12
60307,31,39,-8,8
60308,175,173,2,2
60309,122,122,0,0
60310,117,124,-7,7
60311,30,49,-19,19
60312,184,166,18,18
60313,93,91,2,2
60314,98,98,0,0
60315,82,82,0,0
60316,91,89,2,2
60317,67,76,-9,9
60318,103,79,24,24
60319,127,129,-2,2
60320,64,68,-4,4
60321,70,82,-12,12
60322,68,72,-4,4
60323,87,103,-16,16
60324,103,102,1,1
60325,91,93,-2,2
60326,77,74,3,3
60327,70,68,2,2
60328,90,95,-5,5
60329,64,68,-4,4
60330,53,60,-7,7
60331,87,80,7,7
60332,112,103,9,9
60333,91,91,0,0
60334,132,129,3,3
60335,116,116,0,0
60336,99,102,-3,3
60337,80,77,3,3
60338,125,126,-1,1
60339,83,81,2,2
60340,123,127,-4,4
60341,126,122,4,4
60342,114,115,-1,1
60343,139,131,8,8
60344,135,137,-2,2
60345,61,61,0,0
60346,70,74,-4,4
60347,112,105,7,7
60348,79,83,-4,4
60349,58,70,-12,12
60350,131,139,-8,8
60351,154,145,9,9
60352,85,91,-6,6
60353,116,105,11,11
60354,71,76,-5,5
60355,62,74,-12,12
60356,72,80,-8,8
60357,137,139,-2,2
60358,152,149,3,3
60359,85,83,2,2
60360,63,68,-5,5
60361,67,62,5,5
60362,108,115,-7,7
60363,120,126,-6,6
60364,103,101,2,2
60365,96,103,-7,7
60366,108,113,-5,5
60367,49,106,-57,57
60368,83,92,-9,9
60369,91,87,4,4
60370,112,105,7,7
60371,148,137,11,11
60372,110,118,-8,8
60373,90,92,-2,2
60374,71,62,9,9
60375,95,106,-11,11
60376,78,75,3,3
60377,102,106,-4,4
60378,99,96,3,3
60379,71,74,-3,3
60380,103,103,0,0
60381,75,79,-4,4
60382,128,127,1,1
60383,37,49,-12,12
60384,82,82,0,0
60385,82,93,-11,11
60386,105,108,-3,3
60387,96,94,2,2
60388,57,55,2,2
60389,135,137,-2,2
60390,87,91,-4,4
60391,75,83,-8,8
60392,75,91,-16,16
60393,127,114,13,13
60394,105,105,0,0
60395,61,64,-3,3
60396,66,95,-29,29
60397,140,136,4,4
60398,129,133,-4,4
60399,150,131,19,19
60400,109,104,5,5
60401,115,118,-3,3
60402,118,113,5,5
60403,58,59,-1,1
60404,79,72,7,7
60405,28,32,-4,4
60406,173,151,22,22
60407,89,96,-7,7
60408,95,90,5,5
60409,71,79,-8,8
60410,87,92,-5,5
60411,77,73,4,4
60412,106,106,0,0
60413,88,96,-8,8
60414,74,80,-6,6
60415,66,87,-21,21
60416,64,82,-18,18
60417,115,118,-3,3
60418,59,62,-3,3
60419,142,127,15,15
60420,73,66,7,7
60421,138,129,9,9
60422,110,107,3,3
60423,81,90,-9,9
60424,143,156,-13,13
60425,137,121,16,16
60426,177,163,14,14
60427,100,105,-5,5
60428,112,115,-3,3
60429,136,141,-5,5
60430,48,53,-5,5
60431,112,125,-13,13
60432,115,113,2,2
60433,134,133,1,1
60434,97,105,-8,8
60435,86,85,1,1
60436,115,108,7,7
60437,80,77,3,3
60438,157,143,14,14
60439,59,60,-1,1
60440,118,120,-2,2
60441,64,75,-11,11
60442,123,116,7,7
60443,70,77,-7,7
60444,60,68,-8,8
60445,76,90,-14,14
60446,161,150,11,11
60447,129,140,-11,11
60448,66,68,-2,2
60449,104,98,6,6
60450,86,86,0,0
60451,53,55,-2,2
60452,76,73,3,3
60453,202,172,30,30
60454,81,78,3,3
60455,136,135,1,1
60456,80,72,8,8
60457,54,60,-6,6
60458,71,69,2,2
60459,37,45,-8,8
60460,92,92,0,0
60461,81,83,-2,2
60462,94,115,-21,21
60463,116,114,2,2
60464,89,97,-8,8
60465,123,114,9,9
60466,95,91,4,4
60467,114,112,2,2
60468,134,133,1,1
60469,153,145,8,8
60470,82,83,-1,1
60471,104,99,5,5
60472,101,107,-6,6
60473,73,69,4,4
60474,121,123,-2,2
60475,147,129,18,18
60476,70,80,-10,10
60477,126,118,8,8
60478,284,245,39,39
60479,124,127,-3,3
60480,107,106,1,1
60481,78,81,-3,3
60482,116,113,3,3
60483,139,126,13,13
60484,127,121,6,6
60485,61,69,-8,8
60486,56,61,-5,5
60487,105,102,3,3
60488,68,74,-6,6
60489,101,94,7,7
60490,64,64,0,0
60491,70,74,-4,4
60492,129,125,4,4
60493,86,84,2,2
60494,71,69,2,2
60495,57,129,-72,72
60496,63,83,-20,20
60497,100,95,5,5
60498,138,142,-4,4
60499,143,135,8,8
60500,123,116,7,7
60501,114,116,-2,2
60502,69,71,-2,2
60503,71,72,-1,1
60504,65,60,5,5
60505,94,104,-10,10
60506,73,81,-8,8
60507,77,82,-5,5
60508,68,71,-3,3
60509,126,138,-12,12
60510,133,126,7,7
60511,111,120,-9,9
60512,80,84,-4,4
60513,74,82,-8,8
60514,91,91,0,0
60515,111,115,-4,4
60516,100,101,-1,1
60517,191,163,28,28
60518,124,110,14,14
60519,55,60,-5,5
60520,113,103,10,10
60521,34,42,-8,8
60522,108,103,5,5
60523,74,73,1,1
60524,163,142,21,21
60525,135,116,19,19
60526,86,101,-15,15
60527,122,113,9,9
60528,135,130,5,5
60529,68,78,-10,10
60530,75,75,0,0
60531,127,133,-6,6
60532,65,67,-2,2
60533,83,90,-7,7
60534,103,98,5,5
60535,79,79,0,0
60536,77,79,-2,2
60537,116,117,-1,1
60538,123,116,7,7
60539,70,69,1,1
60540,66,73,-7,7
60541,102,109,-7,7
60542,108,126,-18,18
60543,64,60,4,4
60544,116,126,-10,10
60545,154,158,-4,4
60546,78,82,-4,4
60547,97,102,-5,5
60548,64,72,-8,8
60549,109,105,4,4
60550,109,101,8,8
60551,110,115,-5,5
60552,124,118,6,6
60553,50,55,-5,5
60554,75,74,1,1
60555,112,117,-5,5
60556,72,81,-9,9
60557,113,109,4,4
60558,70,83,-13,13
60559,112,88,24,24
60560,71,72,-1,1
60561,117,116,1,1
60562,88,82,6,6
60563,88,82,6,6
60564,96,85,11,11
60565,114,116,-2,2
60566,46,60,-14,14
60567,82,91,-9,9
60568,77,79,-2,2
60569,68,81,-13,13
60570,79,93,-14,14
60571,78,81,-3,3
60572,48,53,-5,5
60573,55,63,-8,8
60574,110,110,0,0
60575,106,104,2,2
60576,88,83,5,5
60577,90,101,-11,11
60578,84,94,-10,10
60579,78,92,-14,14
60580,108,113,-5,5
60581,52,66,-14,14
60582,162,138,24,24
60583,46,50,-4,4
60584,100,107,-7,7
60585,95,96,-1,1
60586,138,138,0,0
60587,53,60,-7,7
60588,100,96,4,4
60589,93,93,0,0
60590,90,109,-19,19
60591,103,106,-3,3
60592,92,85,7,7
60593,52,52,0,0
60594,104,103,1,1
60595,49,57,-8,8
60596,82,81,1,1
60597,104,99,5,5
60598,167,162,5,5
60599,58,69,-11,11
60600,79,82,-3,3
60601,75,69,6,6
60602,70,76,-6,6
60603,78,82,-4,4
60604,70,72,-2,2
60605,130,132,-2,2
60606,90,99,-9,9
60607,68,73,-5,5
60608,97,102,-5,5
60609,83,87,-4,4
60610,51,61,-10,10
60611,70,76,-6,6
60612,35,68,-33,33
60613,24,32,-8,8
60614,113,97,16,16
60615,133,125,8,8
60616,90,96,-6,6
60617,84,83,1,1
60618,86,85,1,1
60619,63,68,-5,5
60620,51,58,-7,7
60621,153,138,15,15
60622,113,110,3,3
60623,47,55,-8,8
60624,111,103,8,8
60625,67,66,1,1
60626,51,33,18,18
60627,57,66,-9,9
60628,67,60,7,7
60629,149,139,10,10
60630,71,71,0,0
60631,100,110,-10,10
60632,94,101,-7,7
60633,61,62,-1,1
60634,100,93,7,7
60635,147,141,6,6
60636,92,94,-2,2
60637,79,84,-5,5
60638,95,103,-8,8
60639,155,154,1,1
60640,88,82,6,6
60641,149,166,-17,17
60642,128,122,6,6
60643,73,63,10,10
60644,124,117,7,7
60645,78,85,-7,7
60646,73,74,-1,1
60647,104,99,5,5
60648,124,107,17,17
60649,65,72,-7,7
60650,98,98,0,0
60651,100,103,-3,3
60652,79,74,5,5
60653,216,186,30,30
60654,77,83,-6,6
60655,64,79,-15,15
60656,43,45,-2,2
60657,124,112,12,12
60658,87,90,-3,3
60659,98,100,-2,2
60660,91,90,1,1
60661,81,81,0,0
60662,109,119,-10,10
60663,61,80,-19,19
60664,86,93,-7,7
60665,126,119,7,7
60666,85,82,3,3
60667,94,113,-19,19
60668,68,72,-4,4
60669,77,75,2,2
60670,72,73,-1,1
60671,107,111,-4,4
60672,83,83,0,0
60673,116,115,1,1
60674,59,62,-3,3
60675,53,58,-5,5
60676,137,138,-1,1
60677,128,115,13,13
60678,97,102,-5,5
60679,97,99,-2,2
60680,75,74,1,1
60681,107,100,7,7
60682,96,96,0,0
60683,139,128,11,11
60684,62,63,-1,1
60685,90,90,0,0
60686,104,107,-3,3
60687,124,116,8,8
60688,107,93,14,14
60689,124,129,-5,5
60690,105,99,6,6
60691,134,136,-2,2
60692,122,115,7,7
60693,70,79,-9,9
60694,152,151,1,1
60695,95,95,0,0
60696,67,88,-21,21
60697,109,103,6,6
60698,170,203,-33,33
60699,80,85,-5,5
60700,88,85,3,3
60701,131,104,27,27
60702,84,83,1,1
60703,97,102,-5,5
60704,149,130,19,19
60705,79,90,-11,11
60706,93,107,-14,14
60707,81,87,-6,6
60708,125,124,1,1
60709,82,83,-1,1
60710,79,81,-2,2
60711,65,58,7,7
60712,95,100,-5,5
60713,111,117,-6,6
60714,113,106,7,7
60715,119,119,0,0
60716,68,73,-5,5
60717,135,116,19,19
60718,102,94,8,8
60719,96,109,-13,13
60720,107,104,3,3
60721,86,84,2,2
60722,158,132,26,26
60723,141,129,12,12
60724,129,129,0,0
60725,49,50,-1,1
60726,149,140,9,9
60727,114,113,1,1
60728,40,44,-4,4
60729,55,63,-8,8
60730,85,83,2,2
60731,65,67,-2,2
60732,97,106,-9,9
60733,148,139,9,9
60734,141,127,14,14
60735,69,67,2,2
60736,80,85,-5,5
60737,158,139,19,19
60738,75,83,-8,8
60739,88,90,-2,2
60740,110,107,3,3
60741,82,91,-9,9
60742,58,72,-14,14
60743,76,76,0,0
60744,48,57,-9,9
60745,106,95,11,11
60746,108,105,3,3
60747,191,173,18,18
60748,100,98,2,2
60749,58,63,-5,5
60750,117,116,1,1
60751,233,188,45,45
60752,78,84,-6,6
60753,83,77,6,6
60754,66,70,-4,4
60755,55,56,-1,1
60756,77,89,-12,12
60757,102,102,0,0
60758,62,65,-3,3
60759,71,75,-4,4
60760,139,137,2,2
60761,132,133,-1,1
60762,94,101,-7,7
60763,107,112,-5,5
60764,60,73,-13,13
60765,94,108,-14,14
60766,72,65,7,7
60767,86,84,2,2
60768,75,84,-9,9
60769,87,93,-6,6
60770,148,131,17,17
60771,120,113,7,7
60772,68,73,-5,5
60773,81,76,5,5
60774,222,209,13,13
60775,68,67,1,1
60776,103,111,-8,8
60777,133,112,21,21
60778,135,115,20,20
60779,97,98,-1,1
60780,56,61,-5,5
60781,73,72,1,1
60782,110,115,-5,5
60783,116,114,2,2
60784,46,44,2,2
60785,119,112,7,7
60786,42,47,-5,5
60787,71,84,-13,13
60788,80,68,12,12
60789,87,93,-6,6
60790,73,75,-2,2
60791,99,97,2,2
60792,36,44,-8,8
60793,70,71,-1,1
60794,55,58,-3,3
60795,104,103,1,1
60796,135,135,0,0
60797,103,100,3,3
60798,83,92,-9,9
60799,87,79,8,8
60800,78,75,3,3
60801,68,77,-9,9
60802,70,80,-10,10
60803,112,103,9,9
60804,99,100,-1,1
60805,103,103,0,0
60806,87,91,-4,4
60807,105,104,1,1
60808,94,100,-6,6
60809,185,170,15,15
60810,167,159,8,8
60811,67,75,-8,8
60812,98,84,14,14
60813,109,107,2,2
60814,139,134,5,5
60815,88,87,1,1
60816,117,111,6,6
60817,101,111,-10,10
60818,124,129,-5,5
60819,182,153,29,29
60820,198,170,28,28
60821,115,116,-1,1
60822,92,95,-3,3
60823,77,74,3,3
60824,104,104,0,0
60825,75,74,1,1
60826,93,82,11,11
60827,173,167,6,6
60828,121,126,-5,5
60829,141,116,25,25
60830,66,84,-18,18
60831,72,67,5,5
60832,104,109,-5,5
60833,103,101,2,2
60834,81,83,-2,2
60835,122,107,15,15
60836,131,117,14,14
60837,58,62,-4,4
60838,106,111,-5,5
60839,119,107,12,12
60840,57,59,-2,2
60841,77,76,1,1
60842,67,65,2,2
60843,85,83,2,2
60844,62,70,-8,8
60845,140,133,7,7
60846,72,81,-9,9
60847,125,124,1,1
60848,166,154,12,12
60849,133,120,13,13
60850,101,84,17,17
60851,156,144,12,12
60852,68,73,-5,5
60853,70,71,-1,1
60854,127,120,7,7
60855,89,85,4,4
60856,111,100,11,11
60857,154,131,23,23
60858,91,90,1,1
60859,59,67,-8,8
60860,105,101,4,4
60861,108,127,-19,19
60862,87,101,-14,14
60863,143,135,8,8
60864,88,90,-2,2
60865,83,91,-8,8
60866,105,99,6,6
60867,96,103,-7,7
60868,95,92,3,3
60869,104,113,-9,9
60870,97,115,-18,18
60871,111,115,-4,4
60872,93,91,2,2
60873,54,54,0,0
60874,90,95,-5,5
60875,52,57,-5,5
60876,85,91,-6,6
60877,114,113,1,1
60878,152,155,-3,3
60879,79,71,8,8
60880,118,124,-6,6
60881,85,77,8,8
60882,94,91,3,3
60883,49,58,-9,9
60884,56,62,-6,6
60885,156,142,14,14
60886,55,55,0,0
60887,116,111,5,5
60888,84,91,-7,7
60889,105,105,0,0
60890,122,116,6,6
60891,80,90,-10,10
60892,89,75,14,14
60893,117,107,10,10
60894,50,54,-4,4
60895,65,75,-10,10
60896,115,114,1,1
60897,78,79,-1,1
60898,112,117,-5,5
60899,84,80,4,4
60900,144,143,1,1
60901,95,93,2,2
60902,125,123,2,2
60903,115,129,-14,14
60904,76,73,3,3
60905,119,116,3,3
60906,133,145,-12,12
60907,90,84,6,6
60908,112,109,3,3
60909,76,75,1,1
60910,147,138,9,9
60911,55,60,-5,5
60912,131,117,14,14
60913,116,108,8,8
60914,84,84,0,0
60915,72,74,-2,2
60916,73,76,-3,3
60917,43,54,-11,11
60918,73,74,-1,1
60919,82,93,-11,11
60920,56,64,-8,8
60921,99,92,7,7
60922,105,120,-15,15
60923,79,92,-13,13
60924,138,126,12,12
60925,111,118,-7,7
60926,36,46,-10,10
60927,138,128,10,10
60928,89,99,-10,10
60929,93,84,9,9
60930,132,131,1,1
60931,108,102,6,6
60932,66,70,-4,4
60933,71,74,-3,3
60934,65,65,0,0
60935,200,181,19,19
60936,72,106,-34,34
60937,232,225,7,7
60938,75,76,-1,1
60939,186,160,26,26
60940,125,116,9,9
60941,95,106,-11,11
60942,203,150,53,53
60943,176,153,23,23
60944,129,127,2,2
60945,76,79,-3,3
60946,143,139,4,4
60947,49,52,-3,3
60948,92,93,-1,1
60949,92,92,0,0
60950,75,90,-15,15
60951,105,101,4,4
60952,155,131,24,24
60953,95,104,-9,9
60954,86,97,-11,11
60955,132,122,10,10
60956,46,56,-10,10
60957,69,77,-8,8
60958,58,73,-15,15
60959,140,128,12,12
60960,70,67,3,3
60961,89,93,-4,4
60962,84,72,12,12
60963,124,120,4,4
60964,71,74,-3,3
60965,127,121,6,6
60966,69,71,-2,2
60967,111,105,6,6
60968,125,125,0,0
60969,85,93,-8,8
60970,76,76,0,0
60971,85,93,-8,8
60972,55,60,-5,5
60973,92,96,-4,4
60974,182,162,20,20
60975,89,91,-2,2
60976,102,101,1,1
60977,113,112,1,1
60978,131,135,-4,4
60979,133,143,-10,10
60980,98,97,1,1
60981,154,136,18,18
60982,99,98,1,1
60983,114,111,3,3
60984,110,105,5,5
60985,125,104,21,21
60986,52,67,-15,15
60987,42,46,-4,4
60988,80,75,5,5
60989,83,84,-1,1
60990,143,136,7,7
60991,56,62,-6,6
60992,131,123,8,8
60993,112,124,-12,12
60994,110,109,1,1
60995,104,100,4,4
60996,71,72,-1,1
60997,36,40,-4,4
60998,57,64,-7,7
60999,72,83,-11,11
61000,119,104,15,15
61001,194,174,20,20
61002,107,100,7,7
61003,123,123,0,0
61004,87,83,4,4
61005,157,148,9,9
61006,75,79,-4,4
61007,94,96,-2,2
61008,85,87,-2,2
61009,85,94,-9,9
61010,44,52,-8,8
61011,78,83,-5,5
61012,97,82,15,15
61013,34,60,-26,26
61014,38,40,-2,2
61015,93,94,-1,1
61016,113,109,4,4
61017,130,119,11,11
61018,46,48,-2,2
61019,94,101,-7,7
61020,144,131,13,13
61021,60,64,-4,4
61022,110,113,-3,3
61023,78,85,-7,7
61024,172,160,12,12
61025,117,128,-11,11
61026,60,74,-14,14
61027,114,102,12,12
61028,136,144,-8,8
61029,130,136,-6,6
61030,140,129,11,11
61031,58,66,-8,8
61032,87,83,4,4
61033,154,142,12,12
61034,84,86,-2,2
61035,78,75,3,3
61036,224,250,-26,26
61037,77,75,2,2
61038,114,111,3,3
61039,64,70,-6,6
61040,145,136,9,9
61041,62,64,-2,2
61042,123,125,-2,2
61043,126,125,1,1
61044,59,74,-15,15
61045,59,72,-13,13
61046,65,82,-17,17
61047,81,91,-10,10
61048,104,95,9,9
61049,94,99,-5,5
61050,131,129,2,2
61051,60,60,0,0
61052,111,104,7,7
61053,159,141,18,18
61054,145,143,2,2
61055,67,66,1,1
61056,114,110,4,4
61057,82,80,2,2
61058,93,98,-5,5
61059,53,64,-11,11
61060,83,92,-9,9
61061,101,104,-3,3
61062,112,121,-9,9
61063,71,67,4,4
61064,86,83,3,3
61065,49,102,-53,53
61066,59,61,-2,2
61067,125,113,12,12
61068,157,153,4,4
61069,90,95,-5,5
61070,160,159,1,1
61071,128,109,19,19
61072,78,84,-6,6
61073,153,149,4,4
61074,87,98,-11,11
61075,133,121,12,12
61076,96,100,-4,4
61077,88,103,-15,15
61078,69,79,-10,10
61079,150,158,-8,8
61080,134,120,14,14
61081,122,118,4,4
61082,91,94,-3,3
61083,156,141,15,15
61084,76,79,-3,3
61085,44,49,-5,5
61086,117,122,-5,5
61087,110,108,2,2
61088,101,90,11,11
61089,81,76,5,5
61090,52,56,-4,4
61091,164,157,7,7
61092,40,47,-7,7
61093,80,87,-7,7
61094,129,119,10,10
61095,131,116,15,15
61096,87,92,-5,5
61097,79,77,2,2
61098,110,110,0,0
61099,120,111,9,9
61100,100,117,-17,17
61101,113,113,0,0
61102,97,116,-19,19
61103,75,72,3,3
61104,85,95,-10,10
61105,49,52,-3,3
61106,103,116,-13,13
61107,177,167,10,10
61108,94,97,-3,3
61109,130,122,8,8
61110,72,78,-6,6
61111,158,151,7,7
61112,47,56,-9,9
61113,74,90,-16,16
61114,101,106,-5,5
61115,51,62,-11,11
61116,83,84,-1,1
61117,142,138,4,4
61118,58,67,-9,9
61119,83,91,-8,8
61120,45,46,-1,1
61121,138,133,5,5
61122,152,142,10,10
61123,101,106,-5,5
61124,77,73,4,4
61125,52,80,-28,28
61126,89,83,6,6
61127,149,134,15,15
61128,78,72,6,6
61129,146,142,4,4
61130,122,125,-3,3
61131,88,83,5,5
61132,131,130,1,1
61133,67,72,-5,5
61134,107,96,11,11
61135,139,144,-5,5
61136,164,147,17,17
61137,134,128,6,6
61138,71,72,-1,1
61139,87,83,4,4
61140,68,72,-4,4
61141,56,105,-49,49
61142,118,123,-5,5
61143,101,102,-1,1
61144,75,78,-3,3
61145,127,136,-9,9
61146,85,91,-6,6
61147,57,63,-6,6
61148,37,51,-14,14
61149,116,111,5,5
61150,108,103,5,5
61151,137,134,3,3
61152,58,64,-6,6
61153,67,92,-25,25
61154,106,108,-2,2
61155,132,118,14,14
61156,102,95,7,7
61157,115,117,-2,2
61158,85,89,-4,4
61159,107,110,-3,3
61160,49,56,-7,7
61161,139,150,-11,11
61162,126,131,-5,5
61163,135,141,-6,6
61164,69,66,3,3
61165,88,81,7,7
61166,117,113,4,4
61167,77,74,3,3
61168,51,62,-11,11
61169,92,104,-12,12
61170,80,91,-11,11
61171,82,83,-1,1
61172,157,152,5,5
61173,83,86,-3,3
61174,136,126,10,10
61175,147,135,12,12
61176,49,53,-4,4
61177,86,87,-1,1
61178,125,116,9,9
61179,73,72,1,1
61180,99,111,-12,12
61181,102,106,-4,4
61182,101,103,-2,2
61183,109,103,6,6
61184,126,124,2,2
61185,142,126,16,16
61186,62,66,-4,4
61187,113,111,2,2
61188,149,129,20,20
61189,61,62,-1,1
61190,66,75,-9,9
61191,122,116,6,6
61192,89,92,-3,3
61193,76,80,-4,4
61194,74,90,-16,16
61195,61,70,-9,9
61196,44,54,-10,10
61197,107,120,-13,13
61198,104,99,5,5
61199,109,107,2,2
61200,140,129,11,11
61201,43,53,-10,10
61202,40,47,-7,7
61203,223,195,28,28
61204,95,96,-1,1
61205,47,57,-10,10
61206,71,69,2,2
61207,121,105,16,16
61208,119,125,-6,6
61209,135,134,1,1
61210,78,74,4,4
61211,96,90,6,6
61212,71,72,-1,1
61213,71,83,-12,12
61214,108,127,-19,19
61215,64,67,-3,3
61216,169,178,-9,9
61217,80,82,-2,2
61218,78,81,-3,3
61219,100,94,6,6
61220,90,91,-1,1
61221,108,103,5,5
61222,84,92,-8,8
61223,150,141,9,9
61224,91,106,-15,15
61225,55,69,-14,14
61226,83,85,-2,2
61227,119,153,-34,34
61228,86,90,-4,4
61229,101,106,-5,5
61230,89,78,11,11
61231,80,90,-10,10
61232,116,111,5,5
61233,146,144,2,2
61234,64,77,-13,13
61235,175,167,8,8
61236,139,134,5,5
61237,79,77,2,2
61238,120,115,5,5
61239,84,95,-11,11
61240,132,129,3,3
61241,71,74,-3,3
61242,104,97,7,7
61243,60,67,-7,7
61244,171,145,26,26
61245,93,97,-4,4
61246,132,131,1,1
61247,55,60,-5,5
61248,74,62,12,12
61249,126,109,17,17
61250,75,83,-8,8
61251,45,63,-18,18
61252,95,96,-1,1
61253,154,138,16,16
61254,143,131,12,12
61255,111,108,3,3
61256,97,102,-5,5
61257,203,221,-18,18
61258,42,44,-2,2
61259,49,52,-3,3
61260,111,113,-2,2
61261,76,69,7,7
61262,79,78,1,1
61263,70,81,-11,11
61264,57,58,-1,1
61265,60,54,6,6
61266,119,120,-1,1
61267,76,82,-6,6
61268,72,71,1,1
61269,124,103,21,21
61270,138,116,22,22
61271,118,117,1,1
61272,119,113,6,6
61273,94,84,10,10
61274,113,128,-15,15
61275,69,90,-21,21
61276,106,102,4,4
61277,41,53,-12,12
61278,88,83,5,5
61279,124,133,-9,9
61280,51,58,-7,7
61281,70,82,-12,12
61282,112,113,-1,1
61283,100,100,0,0
61284,143,134,9,9
61285,87,97,-10,10
61286,61,68,-7,7
61287,64,71,-7,7
61288,130,142,-12,12
61289,81,82,-1,1
61290,73,70,3,3
61291,47,48,-1,1
61292,99,115,-16,16
61293,95,95,0,0
61294,105,106,-1,1
61295,126,124,2,2
61296,108,102,6,6
61297,67,73,-6,6
61298,72,82,-10,10
61299,65,66,-1,1
61300,109,106,3,3
61301,52,58,-6,6
61302,122,114,8,8
61303,59,66,-7,7
61304,117,125,-8,8
61305,79,74,5,5
61306,46,52,-6,6
61307,64,74,-10,10
61308,71,85,-14,14
61309,60,65,-5,5
61310,70,72,-2,2
61311,114,109,5,5
61312,101,104,-3,3
61313,138,138,0,0
61314,98,94,4,4
61315,92,102,-10,10
61316,196,181,15,15
61317,109,111,-2,2
61318,55,55,0,0
61319,166,160,6,6
61320,68,73,-5,5
61321,61,67,-6,6
61322,79,81,-2,2
61323,86,82,4,4
61324,90,91,-1,1
61325,128,120,8,8
61326,102,104,-2,2
61327,118,104,14,14
61328,86,85,1,1
61329,105,107,-2,2
61330,78,78,0,0
61331,96,99,-3,3
61332,38,47,-9,9
61333,96,101,-5,5
61334,123,117,6,6
61335,85,82,3,3
61336,117,105,12,12
61337,78,107,-29,29
61338,131,133,-2,2
61339,82,82,0,0
61340,87,92,-5,5
61341,81,84,-3,3
61342,59,57,2,2
61343,84,91,-7,7
61344,89,94,-5,5
61345,65,69,-4,4
61346,131,133,-2,2
61347,55,61,-6,6
61348,66,33,33,33
61349,74,72,2,2
61350,84,72,12,12
61351,110,105,5,5
61352,63,82,-19,19
61353,97,87,10,10
61354,55,68,-13,13
61355,94,100,-6,6
61356,148,144,4,4
61357,110,100,10,10
61358,161,151,10,10
61359,139,129,10,10
61360,63,74,-11,11
61361,120,118,2,2
61362,79,83,-4,4
61363,131,133,-2,2
61364,150,131,19,19
61365,80,82,-2,2
61366,37,39,-2,2
61367,116,117,-1,1
61368,82,82,0,0
61369,130,128,2,2
61370,68,74,-6,6
61371,86,83,3,3
61372,90,84,6,6
61373,57,61,-4,4
61374,149,139,10,10
61375,79,83,-4,4
61376,126,126,0,0
61377,120,130,-10,10
61378,197,180,17,17
61379,62,63,-1,1
61380,88,90,-2,2
61381,144,133,11,11
61382,99,92,7,7
61383,101,116,-15,15
61384,111,103,8,8
61385,61,66,-5,5
61386,85,84,1,1
61387,96,99,-3,3
61388,125,126,-1,1
61389,107,103,4,4
61390,136,122,14,14
61391,148,142,6,6
61392,98,102,-4,4
61393,66,65,1,1
61394,95,82,13,13
61395,107,95,12,12
61396,47,61,-14,14
61397,78,82,-4,4
61398,81,78,3,3
61399,72,75,-3,3
61400,84,99,-15,15
61401,145,149,-4,4
61402,77,79,-2,2
61403,90,88,2,2
61404,131,119,12,12
61405,91,84,7,7
61406,38,70,-32,32
61407,94,96,-2,2
61408,111,108,3,3
61409,145,140,5,5
61410,84,90,-6,6
61411,87,76,11,11
61412,115,108,7,7
61413,95,92,3,3
61414,144,129,15,15
61415,90,88,2,2
61416,101,101,0,0
61417,91,95,-4,4
61418,190,184,6,6
61419,80,86,-6,6
61420,167,150,17,17
61421,83,79,4,4
61422,66,69,-3,3
61423,50,57,-7,7
61424,111,112,-1,1
61425,83,96,-13,13
61426,72,72,0,0
61427,73,71,2,2
61428,79,87,-8,8
61429,66,74,-8,8
61430,83,84,-1,1
61431,262,239,23,23
61432,108,116,-8,8
61433,117,114,3,3
61434,98,91,7,7
61435,85,91,-6,6
61436,63,65,-2,2
61437,190,178,12,12
61438,85,91,-6,6
61439,123,116,7,7
61440,144,135,9,9
61441,75,78,-3,3
61442,97,96,1,1
61443,85,76,9,9
61444,69,70,-1,1
61445,77,83,-6,6
61446,61,70,-9,9
61447,75,74,1,1
61448,97,122,-25,25
61449,70,72,-2,2
61450,85,83,2,2
61451,61,69,-8,8
61452,77,74,3,3
61453,58,67,-9,9
61454,83,75,8,8
61455,91,98,-7,7
61456,53,63,-10,10
61457,55,53,2,2
61458,87,93,-6,6
61459,80,90,-10,10
61460,53,62,-9,9
61461,133,125,8,8
61462,90,96,-6,6
61463,60,68,-8,8
61464,68,72,-4,4
61465,66,60,6,6
61466,112,113,-1,1
61467,139,134,5,5
61468,50,57,-7,7
61469,120,116,4,4
61470,77,82,-5,5
61471,81,72,9,9
61472,87,84,3,3
61473,43,53,-10,10
61474,68,66,2,2
61475,58,58,0,0
61476,120,123,-3,3
61477,114,105,9,9
61478,173,158,15,15
61479,62,68,-6,6
61480,115,104,11,11
61481,213,192,21,21
61482,108,106,2,2
61483,53,70,-17,17
61484,85,78,7,7
61485,119,118,1,1
61486,74,82,-8,8
61487,93,92,1,1
61488,72,72,0,0
61489,104,91,13,13
61490,88,92,-4,4
61491,56,65,-9,9
61492,139,130,9,9
61493,110,110,0,0
61494,93,85,8,8
61495,54,52,2,2
61496,83,93,-10,10
61497,73,69,4,4
61498,202,177,25,25
61499,95,98,-3,3
61500,51,61,-10,10
61501,141,124,17,17
61502,130,126,4,4
61503,89,100,-11,11
61504,67,67,0,0
61505,92,104,-12,12
61506,138,144,-6,6
61507,50,55,-5,5
61508,85,78,7,7
61509,118,103,15,15
61510,84,82,2,2
61511,95,92,3,3
61512,92,101,-9,9
61513,141,147,-6,6
61514,94,102,-8,8
61515,117,121,-4,4
61516,82,72,10,10
61517,73,83,-10,10
61518,108,101,7,7
61519,93,105,-12,12
61520,156,153,3,3
61521,84,90,-6,6
61522,106,96,10,10
61523,91,97,-6,6
61524,88,92,-4,4
61525,78,74,4,4
61526,136,132,4,4
61527,59,71,-12,12
61528,94,104,-10,10
61529,100,100,0,0
61530,144,138,6,6
61531,89,109,-20,20
61532,67,73,-6,6
61533,28,37,-9,9
61534,114,111,3,3
61535,123,129,-6,6
61536,85,75,10,10
61537,77,81,-4,4
61538,89,107,-18,18
61539,90,90,0,0
61540,80,84,-4,4
61541,114,116,-2,2
61542,46,51,-5,5
61543,123,116,7,7
61544,132,130,2,2
61545,106,117,-11,11
61546,93,99,-6,6
61547,100,125,-25,25
61548,82,79,3,3
61549,170,174,-4,4
61550,103,122,-19,19
61551,60,66,-6,6
61552,101,114,-13,13
61553,101,100,1,1
61554,106,102,4,4
61555,53,69,-16,16
61556,45,47,-2,2
61557,102,119,-17,17
61558,74,73,1,1
61559,107,114,-7,7
61560,95,99,-4,4
61561,96,95,1,1
61562,100,101,-1,1
61563,40,55,-15,15
61564,85,83,2,2
61565,59,66,-7,7
61566,107,101,6,6
61567,157,148,9,9
61568,72,83,-11,11
61569,104,95,9,9
61570,53,62,-9,9
61571,131,127,4,4
61572,147,135,12,12
61573,80,75,5,5
61574,135,133,2,2
61575,119,110,9,9
61576,128,120,8,8
61577,126,121,5,5
61578,91,84,7,7
61579,102,93,9,9
61580,55,68,-13,13
61581,69,73,-4,4
61582,57,65,-8,8
61583,53,63,-10,10
61584,109,100,9,9
61585,106,93,13,13
61586,106,109,-3,3
61587,128,114,14,14
61588,84,80,4,4
61589,73,75,-2,2
61590,137,123,14,14
61591,96,97,-1,1
61592,106,106,0,0
61593,119,116,3,3
61594,113,114,-1,1
61595,138,128,10,10
61596,52,59,-7,7
61597,115,113,2,2
61598,66,68,-2,2
61599,114,115,-1,1
61600,46,60,-14,14
61601,108,106,2,2
61602,85,82,3,3
61603,67,66,1,1
61604,66,64,2,2
61605,76,82,-6,6
61606,93,92,1,1
61607,145,150,-5,5
61608,122,113,9,9
61609,88,83,5,5
61610,59,65,-6,6
61611,77,82,-5,5
61612,84,92,-8,8
61613,71,77,-6,6
61614,93,91,2,2
61615,71,71,0,0
61616,40,53,-13,13
61617,165,148,17,17
61618,104,104,0,0
61619,54,56,-2,2
61620,46,45,1,1
61621,70,71,-1,1
61622,51,58,-7,7
61623,86,90,-4,4
61624,86,85,1,1
61625,90,88,2,2
61626,160,158,2,2
61627,119,117,2,2
61628,78,85,-7,7
61629,112,122,-10,10
61630,89,72,17,17
61631,96,102,-6,6
61632,96,98,-2,2
61633,96,98,-2,2
61634,33,40,-7,7
61635,78,75,3,3
61636,65,63,2,2
61637,69,75,-6,6
61638,85,92,-7,7
61639,71,67,4,4
61640,119,108,11,11
61641,100,101,-1,1
61642,102,104,-2,2
61643,96,91,5,5
61644,77,76,1,1
61645,91,95,-4,4
61646,175,158,17,17
61647,96,99,-3,3
61648,133,123,10,10
61649,107,123,-16,16
61650,98,94,4,4
61651,94,99,-5,5
61652,67,72,-5,5
61653,116,120,-4,4
61654,73,82,-9,9
61655,83,72,11,11
61656,75,80,-5,5
61657,109,121,-12,12
61658,143,144,-1,1
61659,84,90,-6,6
61660,79,86,-7,7
61661,104,104,0,0
61662,44,47,-3,3
61663,53,48,5,5
61664,108,103,5,5
61665,86,94,-8,8
61666,119,122,-3,3
61667,56,45,11,11
61668,88,93,-5,5
61669,118,122,-4,4
61670,102,104,-2,2
61671,49,51,-2,2
61672,99,102,-3,3
61673,105,167,-62,62
61674,131,116,15,15
61675,78,74,4,4
61676,99,95,4,4
61677,23,26,-3,3
61678,126,124,2,2
61679,92,92,0,0
61680,85,94,-9,9
61681,61,70,-9,9
61682,137,138,-1,1
61683,74,81,-7,7
61684,129,123,6,6
61685,156,155,1,1
61686,72,70,2,2
61687,151,138,13,13
61688,72,69,3,3
61689,81,90,-9,9
61690,128,121,7,7
61691,136,122,14,14
61692,111,114,-3,3
61693,150,156,-6,6
61694,79,84,-5,5
61695,124,119,5,5
61696,133,117,16,16
61697,106,115,-9,9
61698,71,81,-10,10
61699,69,69,0,0
61700,105,113,-8,8
61701,60,63,-3,3
61702,97,98,-1,1
61703,129,131,-2,2
61704,70,72,-2,2
61705,137,142,-5,5
61706,110,102,8,8
61707,97,96,1,1
61708,149,163,-14,14
61709,63,70,-7,7
61710,71,75,-4,4
61711,108,103,5,5
61712,127,124,3,3
61713,92,99,-7,7
61714,41,45,-4,4
61715,87,90,-3,3
61716,95,99,-4,4
61717,58,65,-7,7
61718,103,111,-8,8
61719,106,105,1,1
61720,100,104,-4,4
61721,49,60,-11,11
61722,103,135,-32,32
61723,147,151,-4,4
61724,110,106,4,4
61725,121,139,-18,18
61726,66,68,-2,2
61727,66,70,-4,4
61728,75,75,0,0
61729,127,132,-5,5
61730,96,95,1,1
61731,179,165,14,14
61732,153,149,4,4
61733,89,85,4,4
61734,111,107,4,4
61735,124,106,18,18
61736,86,74,12,12
61737,98,108,-10,10
61738,82,85,-3,3
61739,138,122,16,16
61740,98,92,6,6
61741,187,173,14,14
61742,141,128,13,13
61743,72,81,-9,9
61744,110,105,5,5
61745,87,98,-11,11
61746,60,65,-5,5
61747,71,73,-2,2
61748,123,126,-3,3
61749,57,63,-6,6
61750,113,118,-5,5
61751,148,144,4,4
61752,73,76,-3,3
61753,62,72,-10,10
61754,108,127,-19,19
61755,105,104,1,1
61756,152,123,29,29
61757,51,57,-6,6
61758,127,125,2,2
61759,31,37,-6,6
61760,68,71,-3,3
61761,163,151,12,12
61762,160,147,13,13
61763,73,81,-8,8
61764,43,52,-9,9
61765,102,102,0,0
61766,91,108,-17,17
61767,136,118,18,18
61768,92,91,1,1
61769,60,66,-6,6
61770,45,54,-9,9
61771,111,104,7,7
61772,95,101,-6,6
61773,100,99,1,1
61774,139,143,-4,4
61775,99,99,0,0
61776,68,75,-7,7
61777,55,60,-5,5
61778,110,102,8,8
61779,67,76,-9,9
61780,103,103,0,0
61781,115,112,3,3
61782,131,138,-7,7
61783,106,112,-6,6
61784,154,145,9,9
61785,104,116,-12,12
61786,91,89,2,2
61787,139,139,0,0
61788,56,64,-8,8
61789,139,134,5,5
61790,72,66,6,6
61791,144,138,6,6
61792,112,109,3,3
61793,68,68,0,0
61794,88,90,-2,2
61795,79,94,-15,15
61796,104,107,-3,3
61797,54,55,-1,1
61798,111,102,9,9
61799,87,91,-4,4
61800,185,169,16,16
61801,92,90,2,2
61802,68,74,-6,6
61803,91,91,0,0
61804,84,82,2,2
61805,82,84,-2,2
61806,126,122,4,4
61807,71,77,-6,6
61808,72,73,-1,1
61809,137,134,3,3
61810,61,71,-10,10
61811,106,108,-2,2
61812,59,58,1,1
61813,77,72,5,5
61814,149,130,19,19
61815,63,68,-5,5
61816,66,73,-7,7
61817,105,102,3,3
61818,85,84,1,1
61819,109,100,9,9
61820,81,91,-10,10
61821,60,65,-5,5
61822,40,50,-10,10
61823,95,90,5,5
61824,110,102,8,8
61825,68,67,1,1
61826,67,70,-3,3
61827,76,79,-3,3
61828,188,178,10,10
61829,59,63,-4,4
61830,131,118,13,13
61831,108,106,2,2
61832,114,118,-4,4
61833,108,108,0,0
61834,104,97,7,7
61835,94,98,-4,4
61836,47,52,-5,5
61837,77,72,5,5
61838,80,84,-4,4
61839,96,86,10,10
61840,103,104,-1,1
61841,109,106,3,3
61842,66,78,-12,12
61843,98,92,6,6
61844,126,108,18,18
61845,97,109,-12,12
61846,99,97,2,2
61847,107,109,-2,2
61848,129,126,3,3
61849,87,93,-6,6
61850,69,72,-3,3
61851,115,105,10,10
61852,99,104,-5,5
61853,99,96,3,3
61854,155,159,-4,4
61855,121,114,7,7
61856,123,127,-4,4
61857,91,91,0,0
61858,68,77,-9,9
61859,118,109,9,9
61860,98,104,-6,6
61861,108,104,4,4
61862,112,109,3,3
61863,80,74,6,6
61864,92,128,-36,36
61865,116,107,9,9
61866,56,65,-9,9
61867,127,125,2,2
61868,50,59,-9,9
61869,121,109,12,12
61870,157,152,5,5
61871,78,77,1,1
61872,85,82,3,3
61873,142,138,4,4
61874,42,49,-7,7
61875,62,69,-7,7
61876,61,68,-7,7
61877,75,77,-2,2
61878,82,88,-6,6
61879,107,103,4,4
61880,130,133,-3,3
61881,64,72,-8,8
61882,75,75,0,0
61883,109,105,4,4
61884,65,79,-14,14
61885,112,114,-2,2
61886,88,97,-9,9
61887,140,135,5,5
61888,132,126,6,6
61889,108,108,0,0
61890,92,77,15,15
61891,63,65,-2,2
61892,48,55,-7,7
61893,144,122,22,22
61894,104,104,0,0
61895,107,102,5,5
61896,52,69,-17,17
61897,73,73,0,0
61898,44,51,-7,7
61899,120,113,7,7
61900,87,84,3,3
61901,110,115,-5,5
61902,73,74,-1,1
61903,79,93,-14,14
61904,57,68,-11,11
61905,68,74,-6,6
61906,81,99,-18,18
61907,63,64,-1,1
61908,41,43,-2,2
61909,71,68,3,3
61910,106,112,-6,6
61911,105,95,10,10
61912,183,148,35,35
61913,111,116,-5,5
61914,137,129,8,8
61915,51,61,-10,10
61916,40,44,-4,4
61917,70,78,-8,8
61918,120,118,2,2
61919,57,68,-11,11
61920,66,67,-1,1
61921,140,118,22,22
61922,71,81,-10,10
61923,96,93,3,3
61924,108,108,0,0
61925,134,142,-8,8
61926,97,100,-3,3
61927,44,44,0,0
61928,49,54,-5,5
61929,63,63,0,0
61930,97,104,-7,7
61931,38,42,-4,4
61932,68,68,0,0
61933,114,108,6,6
61934,105,108,-3,3
61935,36,39,-3,3
61936,69,66,3,3
61937,101,102,-1,1
61938,155,139,16,16
61939,53,73,-20,20
61940,151,140,11,11
61941,65,65,0,0
61942,64,71,-7,7
61943,181,162,19,19
61944,110,113,-3,3
61945,93,97,-4,4
61946,183,174,9,9
61947,94,92,2,2
61948,91,93,-2,2
61949,105,111,-6,6
61950,51,57,-6,6
61951,76,75,1,1
61952,60,73,-13,13
61953,72,74,-2,2
61954,108,104,4,4
61955,119,114,5,5
61956,98,109,-11,11
61957,119,106,13,13
61958,122,120,2,2
61959,90,92,-2,2
61960,55,62,-7,7
61961,62,60,2,2
61962,41,45,-4,4
61963,86,85,1,1
61964,58,61,-3,3
61965,159,157,2,2
61966,84,87,-3,3
61967,101,100,1,1
61968,107,97,10,10
61969,150,143,7,7
61970,105,111,-6,6
61971,83,85,-2,2
61972,78,88,-10,10
61973,51,57,-6,6
61974,83,93,-10,10
61975,111,112,-1,1
61976,116,122,-6,6
61977,124,104,20,20
61978,116,113,3,3
61979,133,124,9,9
61980,143,135,8,8
61981,102,104,-2,2
61982,94,98,-4,4
61983,66,68,-2,2
61984,76,84,-8,8
61985,108,102,6,6
61986,69,65,4,4
61987,90,82,8,8
61988,65,74,-9,9
61989,157,152,5,5
61990,81,77,4,4
61991,116,122,-6,6
61992,94,95,-1,1
61993,98,114,-16,16
61994,149,139,10,10
61995,87,91,-4,4
61996,124,127,-3,3
61997,121,120,1,1
61998,157,144,13,13
61999,100,96,4,4
62000,129,130,-1,1
62001,97,98,-1,1
62002,57,61,-4,4
62003,108,105,3,3
62004,64,65,-1,1
62005,195,171,24,24
62006,81,82,-1,1
62007,92,91,1,1
62008,139,145,-6,6
62009,67,68,-1,1
62010,78,91,-13,13
62011,56,60,-4,4
62012,90,91,-1,1
62013,69,75,-6,6
62014,109,104,5,5
62015,67,71,-4,4
62016,65,72,-7,7
62017,67,76,-9,9
62018,128,114,14,14
62019,101,100,1,1
62020,103,104,-1,1
62021,66,65,1,1
62022,78,82,-4,4
62023,121,115,6,6
62024,99,107,-8,8
62025,69,64,5,5
62026,64,71,-7,7
62027,66,66,0,0
62028,76,77,-1,1
62029,91,96,-5,5
62030,49,59,-10,10
62031,222,186,36,36
62032,71,69,2,2
62033,155,148,7,7
62034,80,83,-3,3
62035,94,78,16,16
62036,70,72,-2,2
62037,106,105,1,1
62038,81,91,-10,10
62039,90,83,7,7
62040,73,74,-1,1
62041,65,64,1,1
62042,71,77,-6,6
62043,140,119,21,21
62044,109,115,-6,6
62045,72,73,-1,1
62046,95,106,-11,11
62047,92,88,4,4
62048,104,112,-8,8
62049,74,76,-2,2
62050,102,104,-2,2
62051,75,82,-7,7
62052,100,96,4,4
62053,111,116,-5,5
62054,52,55,-3,3
62055,79,71,8,8
62056,99,95,4,4
62057,140,142,-2,2
62058,181,179,2,2
62059,106,103,3,3
62060,59,55,4,4
62061,129,124,5,5
62062,95,115,-20,20
62063,50,61,-11,11
62064,71,71,0,0
62065,46,65,-19,19
62066,103,106,-3,3
62067,82,85,-3,3
62068,114,107,7,7
62069,114,110,4,4
62070,92,94,-2,2
62071,74,80,-6,6
62072,102,103,-1,1
62073,104,104,0,0
62074,86,84,2,2
62075,51,70,-19,19
62076,86,84,2,2
62077,78,83,-5,5
62078,99,104,-5,5
62079,95,87,8,8
62080,82,87,-5,5
62081,111,115,-4,4
62082,129,114,15,15
62083,90,113,-23,23
62084,139,135,4,4
62085,72,83,-11,11
62086,55,64,-9,9
62087,165,152,13,13
62088,115,120,-5,5
62089,61,74,-13,13
62090,84,79,5,5
62091,136,135,1,1
62092,83,82,1,1
62093,27,38,-11,11
62094,108,106,2,2
62095,147,132,15,15
62096,120,124,-4,4
62097,73,95,-22,22
62098,60,71,-11,11
62099,123,127,-4,4
62100,89,94,-5,5
62101,73,71,2,2
62102,64,70,-6,6
62103,62,69,-7,7
62104,100,93,7,7
62105,100,94,6,6
62106,48,68,-20,20
62107,119,112,7,7
62108,53,59,-6,6
62109,142,142,0,0
62110,58,63,-5,5
62111,100,110,-10,10
62112,77,74,3,3
62113,71,91,-20,20
62114,126,125,1,1
62115,50,57,-7,7
62116,205,167,38,38
62117,60,68,-8,8
62118,91,94,-3,3
62119,70,81,-11,11
62120,90,97,-7,7
62121,159,150,9,9
62122,75,77,-2,2
62123,116,95,21,21
62124,109,114,-5,5
62125,143,135,8,8
62126,112,106,6,6
62127,84,91,-7,7
62128,170,169,1,1
62129,150,146,4,4
62130,109,108,1,1
62131,161,148,13,13
62132,99,106,-7,7
62133,127,110,17,17
62134,62,40,22,22
62135,133,128,5,5
62136,101,110,-9,9
62137,127,121,6,6
62138,89,90,-1,1
62139,95,91,4,4
62140,150,140,10,10
62141,49,50,-1,1
62142,92,95,-3,3
62143,92,93,-1,1
62144,38,53,-15,15
62145,145,149,-4,4
62146,156,159,-3,3
62147,125,125,0,0
62148,51,51,0,0
62149,134,113,21,21
62150,92,106,-14,14
62151,85,96,-11,11
62152,60,64,-4,4
62153,67,73,-6,6
62154,99,108,-9,9
62155,159,160,-1,1
62156,86,93,-7,7
62157,75,61,14,14
62158,42,46,-4,4
62159,71,75,-4,4
62160,136,138,-2,2
62161,67,81,-14,14
62162,112,113,-1,1
62163,71,75,-4,4
62164,48,64,-16,16
62165,139,140,-1,1
62166,114,148,-34,34
62167,48,49,-1,1
62168,86,90,-4,4
62169,119,112,7,7
62170,94,95,-1,1
62171,105,106,-1,1
62172,104,98,6,6
62173,85,94,-9,9
62174,66,66,0,0
62175,93,92,1,1
62176,88,95,-7,7
62177,67,68,-1,1
62178,91,102,-11,11
62179,110,110,0,0
62180,80,76,4,4
62181,98,106,-8,8
62182,126,126,0,0
62183,52,61,-9,9
62184,63,70,-7,7
62185,91,97,-6,6
62186,103,105,-2,2
62187,68,68,0,0
62188,73,81,-8,8
62189,95,98,-3,3
62190,100,99,1,1
62191,111,103,8,8
62192,100,104,-4,4
62193,75,78,-3,3
62194,84,92,-8,8
62195,75,80,-5,5
62196,139,126,13,13
62197,105,110,-5,5
62198,84,96,-12,12
62199,137,122,15,15
62200,65,101,-36,36
62201,97,92,5,5
62202,78,83,-5,5
62203,122,126,-4,4
62204,72,79,-7,7
62205,80,100,-20,20
62206,132,121,11,11
62207,113,110,3,3
62208,121,118,3,3
62209,72,75,-3,3
62210,95,102,-7,7
62211,124,117,7,7
62212,122,118,4,4
62213,152,151,1,1
62214,105,103,2,2
62215,103,108,-5,5
62216,111,103,8,8
62217,60,54,6,6
62218,75,99,-24,24
62219,69,75,-6,6
62220,85,80,5,5
62221,91,97,-6,6
62222,106,101,5,5
62223,76,91,-15,15
62224,43,51,-8,8
62225,65,64,1,1
62226,180,174,6,6
62227,38,61,-23,23
62228,86,91,-5,5
62229,77,79,-2,2
62230,110,114,-4,4
62231,111,111,0,0
62232,134,129,5,5
62233,123,126,-3,3
62234,67,72,-5,5
62235,77,83,-6,6
62236,95,104,-9,9
62237,94,97,-3,3
62238,131,130,1,1
62239,88,102,-14,14
62240,130,127,3,3
62241,78,80,-2,2
62242,98,101,-3,3
62243,66,71,-5,5
62244,63,70,-7,7
62245,85,83,2,2
62246,82,88,-6,6
62247,82,93,-11,11
62248,104,102,2,2
62249,120,118,2,2
62250,68,72,-4,4
62251,108,111,-3,3
62252,101,102,-1,1
62253,102,99,3,3
62254,161,162,-1,1
62255,48,58,-10,10
62256,82,92,-10,10
62257,134,132,2,2
62258,102,99,3,3
62259,47,53,-6,6
62260,101,81,20,20
62261,103,101,2,2
62262,158,144,14,14
62263,79,88,-9,9
62264,126,121,5,5
62265,72,83,-11,11
62266,103,102,1,1
62267,86,98,-12,12
62268,73,83,-10,10
62269,150,143,7,7
62270,69,68,1,1
62271,89,84,5,5
62272,102,100,2,2
62273,89,93,-4,4
62274,92,98,-6,6
62275,91,92,-1,1
62276,69,72,-3,3
62277,31,43,-12,12
62278,62,63,-1,1
62279,74,82,-8,8
62280,73,70,3,3
62281,92,82,10,10
62282,68,72,-4,4
62283,121,112,9,9
62284,160,154,6,6
62285,124,121,3,3
62286,71,71,0,0
62287,98,91,7,7
62288,85,91,-6,6
62289,93,92,1,1
62290,87,82,5,5
62291,210,174,36,36
62292,74,77,-3,3
62293,84,92,-8,8
62294,141,136,5,5
62295,68,73,-5,5
62296,118,114,4,4
62297,75,81,-6,6
62298,150,145,5,5
62299,162,153,9,9
62300,59,60,-1,1
62301,82,85,-3,3
62302,118,111,7,7
62303,94,101,-7,7
62304,75,95,-20,20
62305,71,75,-4,4
62306,131,121,10,10
62307,120,113,7,7
62308,91,96,-5,5
62309,112,105,7,7
62310,145,137,8,8
62311,93,87,6,6
62312,93,90,3,3
62313,89,80,9,9
62314,110,105,5,5
62315,78,81,-3,3
62316,80,75,5,5
62317,133,134,-1,1
62318,50,50,0,0
62319,82,85,-3,3
62320,145,125,20,20
62321,126,107,19,19
62322,105,102,3,3
62323,159,154,5,5
62324,118,123,-5,5
62325,142,135,7,7
62326,108,99,9,9
62327,110,110,0,0
62328,106,102,4,4
62329,119,121,-2,2
62330,90,95,-5,5
62331,68,74,-6,6
62332,119,116,3,3
62333,162,151,11,11
62334,76,85,-9,9
62335,89,85,4,4
62336,57,67,-10,10
62337,79,81,-2,2
62338,72,82,-10,10
62339,110,97,13,13
62340,82,82,0,0
62341,76,75,1,1
62342,68,77,-9,9
62343,79,104,-25,25
62344,64,71,-7,7
62345,151,136,15,15
62346,64,68,-4,4
62347,110,105,5,5
62348,78,72,6,6
62349,123,118,5,5
62350,118,117,1,1
62351,58,69,-11,11
62352,140,130,10,10
62353,128,114,14,14
62354,57,56,1,1
62355,101,105,-4,4
62356,106,102,4,4
62357,71,82,-11,11
62358,61,61,0,0
62359,187,159,28,28
62360,123,114,9,9
62361,64,66,-2,2
62362,59,67,-8,8
62363,83,85,-2,2
62364,68,74,-6,6
62365,83,79,4,4
62366,111,105,6,6
62367,86,99,-13,13
62368,87,82,5,5
62369,97,98,-1,1
62370,76,75,1,1
62371,91,97,-6,6
62372,169,150,19,19
62373,51,52,-1,1
62374,57,75,-18,18
62375,168,168,0,0
62376,93,72,21,21
62377,93,92,1,1
62378,98,90,8,8
62379,76,90,-14,14
62380,142,133,9,9
62381,60,65,-5,5
62382,118,111,7,7
62383,40,63,-23,23
62384,68,67,1,1
62385,75,72,3,3
62386,97,94,3,3
62387,124,122,2,2
62388,68,65,3,3
62389,89,91,-2,2
62390,109,108,1,1
62391,53,57,-4,4
62392,112,113,-1,1
62393,140,140,0,0
62394,113,104,9,9
62395,105,115,-10,10
62396,69,69,0,0
62397,98,119,-21,21
62398,150,143,7,7
62399,93,97,-4,4
62400,117,121,-4,4
62401,44,48,-4,4
62402,65,62,3,3
62403,78,73,5,5
62404,149,147,2,2
62405,75,73,2,2
62406,82,84,-2,2
62407,93,92,1,1
62408,129,127,2,2
62409,46,58,-12,12
62410,56,53,3,3
62411,99,86,13,13
62412,31,50,-19,19
62413,113,114,-1,1
62414,167,165,2,2
62415,113,117,-4,4
62416,171,172,-1,1
62417,71,76,-5,5
62418,103,106,-3,3
62419,76,83,-7,7
62420,64,62,2,2
62421,105,107,-2,2
62422,176,164,12,12
62423,127,116,11,11
62424,118,105,13,13
62425,88,99,-11,11
62426,133,129,4,4
62427,84,97,-13,13
62428,108,109,-1,1
62429,72,72,0,0
62430,128,121,7,7
62431,36,47,-11,11
62432,116,104,12,12
62433,105,110,-5,5
62434,85,93,-8,8
62435,48,51,-3,3
62436,142,127,15,15
62437,78,67,11,11
62438,72,81,-9,9
62439,255,228,27,27
62440,113,118,-5,5
62441,98,94,4,4
62442,143,125,18,18
62443,85,107,-22,22
62444,111,115,-4,4
62445,106,104,2,2
62446,111,114,-3,3
62447,84,82,2,2
62448,74,78,-4,4
62449,87,94,-7,7
62450,133,131,2,2
62451,111,115,-4,4
62452,78,81,-3,3
62453,83,92,-9,9
62454,117,103,14,14
62455,97,95,2,2
62456,127,129,-2,2
62457,66,68,-2,2
62458,124,117,7,7
62459,72,74,-2,2
62460,108,97,11,11
62461,124,122,2,2
62462,137,116,21,21
62463,84,91,-7,7
62464,175,171,4,4
62465,32,33,-1,1
62466,127,110,17,17
62467,139,137,2,2
62468,84,106,-22,22
62469,138,143,-5,5
62470,147,148,-1,1
62471,49,56,-7,7
62472,87,90,-3,3
62473,71,75,-4,4
62474,89,80,9,9
62475,122,117,5,5
62476,110,115,-5,5
62477,112,111,1,1
62478,161,141,20,20
62479,78,92,-14,14
62480,84,90,-6,6
62481,96,90,6,6
62482,83,85,-2,2
62483,166,144,22,22
62484,69,68,1,1
62485,48,48,0,0
62486,84,70,14,14
62487,113,102,11,11
62488,89,95,-6,6
62489,51,58,-7,7
62490,101,103,-2,2
62491,70,69,1,1
62492,107,101,6,6
62493,99,97,2,2
62494,142,131,11,11
62495,123,114,9,9
62496,81,81,0,0
62497,60,62,-2,2
62498,139,125,14,14
62499,93,92,1,1
62500,123,132,-9,9
62501,101,84,17,17
62502,128,127,1,1
62503,72,75,-3,3
62504,134,116,18,18
62505,89,92,-3,3
62506,162,150,12,12
62507,129,114,15,15
62508,97,97,0,0
62509,63,77,-14,14
62510,88,93,-5,5
62511,47,53,-6,6
62512,163,150,13,13
62513,169,172,-3,3
62514,88,86,2,2
62515,116,115,1,1
62516,68,73,-5,5
62517,66,73,-7,7
62518,75,80,-5,5
62519,79,88,-9,9
62520,132,129,3,3
62521,64,73,-9,9
62522,154,147,7,7
62523,159,129,30,30
62524,97,102,-5,5
62525,151,144,7,7
62526,64,67,-3,3
62527,86,81,5,5
62528,86,103,-17,17
62529,105,103,2,2
62530,135,136,-1,1
62531,78,91,-13,13
62532,180,160,20,20
62533,126,122,4,4
62534,115,113,2,2
62535,95,108,-13,13
62536,123,109,14,14
62537,49,54,-5,5
62538,94,103,-9,9
62539,170,161,9,9
62540,92,92,0,0
62541,101,105,-4,4
62542,93,94,-1,1
62543,123,137,-14,14
62544,83,79,4,4
62545,122,109,13,13
62546,109,125,-16,16
62547,67,63,4,4
62548,59,67,-8,8
62549,79,73,6,6
62550,82,90,-8,8
62551,69,73,-4,4
62552,83,92,-9,9
62553,116,110,6,6
62554,202,176,26,26
62555,92,104,-12,12
62556,95,91,4,4
62557,104,106,-2,2
62558,124,117,7,7
62559,203,186,17,17
62560,95,95,0,0
62561,131,126,5,5
62562,42,46,-4,4
62563,106,91,15,15
62564,40,48,-8,8
62565,81,82,-1,1
62566,125,111,14,14
62567,82,85,-3,3
62568,121,114,7,7
62569,85,96,-11,11
62570,104,99,5,5
62571,82,79,3,3
62572,76,74,2,2
62573,60,66,-6,6
62574,91,76,15,15
62575,96,89,7,7
62576,118,113,5,5
62577,101,96,5,5
62578,140,139,1,1
62579,153,144,9,9
62580,115,124,-9,9
62581,38,58,-20,20
62582,74,78,-4,4
62583,28,62,-34,34
62584,65,70,-5,5
62585,113,118,-5,5
62586,109,112,-3,3
62587,93,92,1,1
62588,87,89,-2,2
62589,54,62,-8,8
62590,125,116,9,9
62591,141,137,4,4
62592,114,116,-2,2
62593,122,121,1,1
62594,138,138,0,0
62595,98,95,3,3
62596,84,82,2,2
62597,118,115,3,3
62598,114,111,3,3
62599,69,77,-8,8
62600,47,61,-14,14
62601,72,64,8,8
62602,72,66,6,6
62603,85,91,-6,6
62604,48,53,-5,5
62605,96,94,2,2
62606,90,93,-3,3
62607,99,93,6,6
62608,122,128,-6,6
62609,60,67,-7,7
62610,80,88,-8,8
62611,79,84,-5,5
62612,54,57,-3,3
62613,90,97,-7,7
62614,84,92,-8,8
62615,98,101,-3,3
62616,106,104,2,2
62617,70,78,-8,8
62618,93,91,2,2
62619,81,81,0,0
62620,108,104,4,4
62621,66,72,-6,6
62622,92,92,0,0
62623,58,57,1,1
62624,80,82,-2,2
62625,72,78,-6,6
62626,92,91,1,1
62627,114,119,-5,5
62628,149,136,13,13
62629,85,84,1,1
62630,61,58,3,3
62631,104,97,7,7
62632,100,94,6,6
62633,132,129,3,3
62634,132,124,8,8
62635,114,102,12,12
62636,89,92,-3,3
62637,52,56,-4,4
62638,51,53,-2,2
62639,109,111,-2,2
62640,112,117,-5,5
62641,80,78,2,2
62642,158,173,-15,15
62643,103,94,9,9
62644,59,66,-7,7
62645,118,111,7,7
62646,114,111,3,3
62647,101,102,-1,1
62648,64,67,-3,3
62649,75,77,-2,2
62650,110,102,8,8
62651,168,177,-9,9
62652,109,100,9,9
62653,106,105,1,1
62654,32,82,-50,50
62655,86,91,-5,5
62656,185,146,39,39
62657,125,137,-12,12
62658,48,54,-6,6
62659,128,128,0,0
62660,138,141,-3,3
62661,75,70,5,5
62662,84,106,-22,22
62663,115,103,12,12
62664,58,71,-13,13
62665,97,96,1,1
62666,152,134,18,18
62667,94,101,-7,7
62668,114,107,7,7
62669,130,137,-7,7
62670,61,65,-4,4
62671,185,163,22,22
62672,110,109,1,1
62673,58,61,-3,3
62674,79,83,-4,4
62675,79,78,1,1
62676,93,93,0,0
62677,129,129,0,0
62678,134,125,9,9
62679,98,102,-4,4
62680,162,159,3,3
62681,83,84,-1,1
62682,107,96,11,11
62683,98,107,-9,9
62684,131,119,12,12
62685,57,55,2,2
62686,153,134,19,19
62687,126,125,1,1
62688,89,91,-2,2
62689,68,70,-2,2
62690,131,122,9,9
62691,68,80,-12,12
62692,94,91,3,3
62693,135,123,12,12
62694,96,102,-6,6
62695,95,105,-10,10
62696,90,90,0,0
62697,55,63,-8,8
62698,108,112,-4,4
62699,36,40,-4,4
62700,73,69,4,4
62701,73,85,-12,12
62702,102,100,2,2
62703,52,55,-3,3
62704,22,33,-11,11
62705,102,91,11,11
62706,136,120,16,16
62707,83,86,-3,3
62708,76,77,-1,1
62709,135,134,1,1
62710,116,119,-3,3
62711,69,73,-4,4
62712,42,50,-8,8
62713,86,79,7,7
62714,131,130,1,1
62715,119,110,9,9
62716,65,67,-2,2
62717,100,106,-6,6
62718,65,72,-7,7
62719,73,76,-3,3
62720,63,68,-5,5
62721,115,147,-32,32
62722,164,149,15,15
62723,146,145,1,1
62724,64,70,-6,6
62725,101,101,0,0
62726,124,118,6,6
62727,74,84,-10,10
62728,92,83,9,9
62729,90,91,-1,1
62730,93,94,-1,1
62731,76,83,-7,7
62732,133,136,-3,3
62733,54,61,-7,7
62734,147,120,27,27
62735,107,108,-1,1
62736,132,116,16,16
62737,129,116,13,13
62738,95,92,3,3
62739,78,90,-12,12
62740,93,92,1,1
62741,85,95,-10,10
62742,138,153,-15,15
62743,106,110,-4,4
62744,45,52,-7,7
62745,50,59,-9,9
62746,55,46,9,9
62747,44,56,-12,12
62748,70,69,1,1
62749,125,119,6,6
62750,82,86,-4,4
62751,80,82,-2,2
62752,120,117,3,3
62753,100,99,1,1
62754,70,68,2,2
62755,65,69,-4,4
62756,96,103,-7,7
62757,93,94,-1,1
62758,106,102,4,4
62759,168,149,19,19
62760,169,156,13,13
62761,95,96,-1,1
62762,95,95,0,0
62763,81,75,6,6
62764,65,65,0,0
62765,64,72,-8,8
62766,62,75,-13,13
62767,119,115,4,4
62768,93,91,2,2
62769,77,76,1,1
62770,141,139,2,2
62771,66,70,-4,4
62772,76,95,-19,19
62773,148,140,8,8
62774,57,71,-14,14
62775,78,63,15,15
62776,134,114,20,20
62777,133,129,4,4
62778,66,69,-3,3
62779,75,72,3,3
62780,97,97,0,0
62781,131,118,13,13
62782,171,159,12,12
62783,222,206,16,16
62784,102,105,-3,3
62785,60,64,-4,4
62786,144,141,3,3
62787,43,48,-5,5
62788,82,81,1,1
62789,84,87,-3,3
62790,92,102,-10,10
62791,94,81,13,13
62792,179,173,6,6
62793,119,122,-3,3
62794,61,70,-9,9
62795,93,102,-9,9
62796,53,56,-3,3
62797,142,140,2,2
62798,69,71,-2,2
62799,90,97,-7,7
62800,139,137,2,2
62801,90,111,-21,21
62802,56,60,-4,4
62803,113,117,-4,4
62804,91,83,8,8
62805,86,91,-5,5
62806,111,108,3,3
62807,74,70,4,4
62808,139,119,20,20
62809,96,91,5,5
62810,105,102,3,3
62811,139,136,3,3
62812,61,69,-8,8
62813,70,75,-5,5
62814,70,75,-5,5
62815,61,63,-2,2
62816,127,133,-6,6
62817,92,98,-6,6
62818,120,110,10,10
62819,52,56,-4,4
62820,86,91,-5,5
62821,62,64,-2,2
62822,101,122,-21,21
62823,85,102,-17,17
62824,96,102,-6,6
62825,105,106,-1,1
62826,122,118,4,4
62827,116,115,1,1
62828,98,85,13,13
62829,154,139,15,15
62830,100,97,3,3
62831,164,157,7,7
62832,162,151,11,11
62833,136,136,0,0
62834,62,72,-10,10
62835,178,171,7,7
62836,109,93,16,16
62837,121,107,14,14
62838,108,124,-16,16
62839,84,87,-3,3
62840,131,115,16,16
62841,122,109,13,13
62842,64,75,-11,11
62843,84,88,-4,4
62844,72,72,0,0
62845,185,163,22,22
62846,77,75,2,2
62847,137,155,-18,18
62848,93,102,-9,9
62849,86,99,-13,13
62850,144,127,17,17
62851,78,88,-10,10
62852,61,69,-8,8
62853,129,117,12,12
62854,52,67,-15,15
62855,195,180,15,15
62856,87,94,-7,7
62857,101,104,-3,3
62858,103,105,-2,2
62859,169,158,11,11
62860,104,103,1,1
62861,80,82,-2,2
62862,40,61,-21,21
62863,90,100,-10,10
62864,89,100,-11,11
62865,105,104,1,1
62866,86,95,-9,9
62867,133,126,7,7
62868,89,90,-1,1
62869,64,65,-1,1
62870,94,103,-9,9
62871,86,98,-12,12
62872,128,123,5,5
62873,53,59,-6,6
62874,91,81,10,10
62875,74,74,0,0
62876,64,69,-5,5
62877,81,75,6,6
62878,66,73,-7,7
62879,76,71,5,5
62880,91,92,-1,1
62881,76,75,1,1
62882,109,102,7,7
62883,77,76,1,1
62884,76,76,0,0
62885,110,102,8,8
62886,88,90,-2,2
62887,120,115,5,5
62888,127,128,-1,1
62889,106,108,-2,2
62890,201,188,13,13
62891,111,111,0,0
62892,231,208,23,23
62893,59,67,-8,8
62894,150,140,10,10
62895,141,130,11,11
62896,62,62,0,0
62897,191,184,7,7
62898,119,116,3,3
62899,72,83,-11,11
62900,103,104,-1,1
62901,79,90,-11,11
62902,106,107,-1,1
62903,104,118,-14,14
62904,88,95,-7,7
62905,78,91,-13,13
62906,81,95,-14,14
62907,98,103,-5,5
62908,123,121,2,2
62909,142,146,-4,4
62910,74,74,0,0
62911,163,152,11,11
62912,102,94,8,8
62913,60,66,-6,6
62914,133,115,18,18
62915,59,63,-4,4
62916,47,57,-10,10
62917,86,92,-6,6
62918,124,115,9,9
62919,28,35,-7,7
62920,59,64,-5,5
62921,124,134,-10,10
62922,105,103,2,2
62923,103,97,6,6
62924,80,84,-4,4
62925,82,80,2,2
62926,84,83,1,1
62927,128,127,1,1
62928,101,103,-2,2
62929,72,74,-2,2
62930,89,81,8,8
62931,119,120,-1,1
62932,181,169,12,12
62933,146,142,4,4
62934,58,61,-3,3
62935,80,75,5,5
62936,37,45,-8,8
62937,45,61,-16,16
62938,95,106,-11,11
62939,108,107,1,1
62940,79,73,6,6
62941,85,75,10,10
62942,53,67,-14,14
62943,211,187,24,24
62944,103,103,0,0
62945,77,76,1,1
62946,75,73,2,2
62947,95,96,-1,1
62948,102,96,6,6
62949,77,79,-2,2
62950,54,60,-6,6
62951,110,103,7,7
62952,121,112,9,9
62953,89,79,10,10
62954,93,103,-10,10
62955,44,54,-10,10
62956,84,98,-14,14
62957,135,127,8,8
62958,66,66,0,0
62959,104,114,-10,10
62960,141,131,10,10
62961,98,95,3,3
62962,90,101,-11,11
62963,115,109,6,6
62964,109,112,-3,3
62965,69,78,-9,9
62966,64,66,-2,2
62967,185,169,16,16
62968,114,107,7,7
62969,191,163,28,28
62970,49,50,-1,1
62971,83,93,-10,10
62972,100,100,0,0
62973,98,93,5,5
62974,69,80,-11,11
62975,103,94,9,9
62976,148,156,-8,8
62977,81,75,6,6
62978,151,145,6,6
62979,70,64,6,6
62980,88,89,-1,1
62981,93,99,-6,6
62982,60,77,-17,17
62983,88,83,5,5
62984,63,71,-8,8
62985,92,92,0,0
62986,108,110,-2,2
62987,78,93,-15,15
62988,156,141,15,15
62989,63,68,-5,5
62990,58,66,-8,8
62991,38,39,-1,1
62992,107,104,3,3
62993,101,100,1,1
62994,65,71,-6,6
62995,120,115,5,5
62996,101,95,6,6
62997,106,97,9,9
62998,72,74,-2,2
62999,127,120,7,7
63000,65,71,-6,6
63001,126,111,15,15
63002,113,110,3,3
63003,104,109,-5,5
63004,152,140,12,12
63005,57,63,-6,6
63006,83,79,4,4
63007,101,103,-2,2
63008,81,82,-1,1
63009,54,67,-13,13
63010,80,83,-3,3
63011,83,93,-10,10
63012,31,29,2,2
63013,64,68,-4,4
63014,159,157,2,2
63015,133,127,6,6
63016,116,125,-9,9
63017,57,58,-1,1
63018,99,97,2,2
63019,62,61,1,1
63020,90,90,0,0
63021,117,116,1,1
63022,142,128,14,14
63023,177,160,17,17
63024,59,62,-3,3
63025,89,103,-14,14
63026,69,71,-2,2
63027,63,74,-11,11
63028,46,73,-27,27
63029,136,141,-5,5
63030,105,118,-13,13
63031,127,135,-8,8
63032,66,73,-7,7
63033,138,139,-1,1
63034,71,72,-1,1
63035,97,101,-4,4
63036,112,116,-4,4
63037,77,84,-7,7
63038,57,65,-8,8
63039,84,92,-8,8
63040,85,82,3,3
63041,111,104,7,7
63042,123,115,8,8
63043,110,116,-6,6
63044,114,115,-1,1
63045,111,133,-22,22
63046,71,82,-11,11
63047,93,88,5,5
63048,343,312,31,31
63049,72,75,-3,3
63050,186,159,27,27
63051,62,64,-2,2
63052,79,81,-2,2
63053,129,132,-3,3
63054,121,139,-18,18
63055,105,103,2,2
63056,157,145,12,12
63057,115,107,8,8
63058,78,77,1,1
63059,179,182,-3,3
63060,80,83,-3,3
63061,113,117,-4,4
63062,87,93,-6,6
63063,95,99,-4,4
63064,95,103,-8,8
63065,104,102,2,2
63066,88,92,-4,4
63067,61,70,-9,9
63068,63,60,3,3
63069,87,107,-20,20
63070,157,162,-5,5
63071,92,116,-24,24
63072,53,59,-6,6
63073,128,112,16,16
63074,114,107,7,7
63075,95,92,3,3
63076,102,103,-1,1
63077,120,122,-2,2
63078,110,117,-7,7
63079,207,193,14,14
63080,103,103,0,0
63081,55,58,-3,3
63082,98,97,1,1
63083,99,103,-4,4
63084,94,102,-8,8
63085,82,92,-10,10
63086,60,91,-31,31
63087,95,103,-8,8
63088,113,106,7,7
63089,113,112,1,1
63090,105,100,5,5
63091,80,69,11,11
63092,104,110,-6,6
63093,97,101,-4,4
63094,62,68,-6,6
63095,62,74,-12,12
63096,85,93,-8,8
63097,114,116,-2,2
63098,72,70,2,2
63099,82,78,4,4
63100,94,89,5,5
63101,90,95,-5,5
63102,110,100,10,10
63103,90,84,6,6
63104,80,85,-5,5
63105,109,102,7,7
63106,61,70,-9,9
63107,185,174,11,11
63108,117,117,0,0
63109,139,133,6,6
63110,56,62,-6,6
63111,74,71,3,3
63112,107,114,-7,7
63113,78,90,-12,12
63114,51,57,-6,6
63115,87,91,-4,4
63116,114,109,5,5
63117,83,88,-5,5
63118,137,130,7,7
63119,117,108,9,9
63120,87,101,-14,14
63121,69,77,-8,8
63122,86,93,-7,7
63123,150,146,4,4
63124,162,151,11,11
63125,87,90,-3,3
63126,68,68,0,0
63127,68,68,0,0
63128,126,104,22,22
63129,109,104,5,5
63130,106,116,-10,10
63131,114,107,7,7
63132,136,140,-4,4
63133,128,109,19,19
63134,109,113,-4,4
63135,114,119,-5,5
63136,102,104,-2,2
63137,144,132,12,12
63138,52,51,1,1
63139,73,89,-16,16
63140,116,113,3,3
63141,111,99,12,12
63142,106,108,-2,2
63143,125,124,1,1
63144,119,102,17,17
63145,77,82,-5,5
63146,78,76,2,2
63147,62,64,-2,2
63148,80,93,-13,13
63149,101,105,-4,4
63150,130,130,0,0
63151,165,149,16,16
63152,88,81,7,7
63153,97,105,-8,8
63154,125,116,9,9
63155,55,63,-8,8
63156,76,84,-8,8
63157,124,127,-3,3
63158,82,90,-8,8
63159,60,68,-8,8
63160,107,104,3,3
63161,109,112,-3,3
63162,162,151,11,11
63163,95,115,-20,20
63164,54,59,-5,5
63165,125,122,3,3
63166,107,100,7,7
63167,74,68,6,6
63168,155,150,5,5
63169,77,83,-6,6
63170,80,76,4,4
63171,122,126,-4,4
63172,71,80,-9,9
63173,112,104,8,8
63174,61,71,-10,10
63175,88,96,-8,8
63176,171,151,20,20
63177,98,95,3,3
63178,59,63,-4,4
63179,150,147,3,3
63180,94,98,-4,4
63181,112,111,1,1
63182,113,94,19,19
63183,92,95,-3,3
63184,121,124,-3,3
63185,101,97,4,4
63186,82,83,-1,1
63187,125,111,14,14
63188,74,75,-1,1
63189,68,69,-1,1
63190,104,111,-7,7
63191,80,85,-5,5
63192,101,94,7,7
63193,96,104,-8,8
63194,96,95,1,1
63195,79,91,-12,12
63196,75,75,0,0
63197,121,120,1,1
63198,173,159,14,14
63199,123,116,7,7
63200,124,120,4,4
63201,123,117,6,6
63202,129,132,-3,3
63203,119,105,14,14
63204,107,109,-2,2
63205,117,109,8,8
63206,74,81,-7,7
63207,72,85,-13,13
63208,92,104,-12,12
63209,102,98,4,4
63210,123,135,-12,12
63211,119,125,-6,6
63212,71,71,0,0
63213,64,73,-9,9
63214,108,106,2,2
63215,140,120,20,20
63216,90,93,-3,3
63217,128,117,11,11
63218,99,101,-2,2
63219,82,96,-14,14
63220,156,149,7,7
63221,137,133,4,4
63222,78,72,6,6
63223,95,100,-5,5
63224,82,96,-14,14
63225,90,95,-5,5
63226,64,69,-5,5
63227,73,78,-5,5
63228,53,66,-13,13
63229,123,125,-2,2
63230,62,69,-7,7
63231,92,101,-9,9
63232,123,117,6,6
63233,125,115,10,10
63234,41,45,-4,4
63235,187,173,14,14
63236,91,92,-1,1
63237,76,80,-4,4
63238,176,162,14,14
63239,93,99,-6,6
63240,87,92,-5,5
63241,89,95,-6,6
63242,88,83,5,5
63243,99,94,5,5
63244,134,116,18,18
63245,95,95,0,0
63246,105,105,0,0
63247,42,57,-15,15
63248,96,95,1,1
63249,50,66,-16,16
63250,63,67,-4,4
63251,95,105,-10,10
63252,99,98,1,1
63253,109,117,-8,8
63254,133,116,17,17
63255,90,83,7,7
63256,71,72,-1,1
63257,58,73,-15,15
63258,173,165,8,8
63259,77,73,4,4
63260,88,59,29,29
63261,72,72,0,0
63262,116,110,6,6
63263,61,69,-8,8
63264,94,86,8,8
63265,117,124,-7,7
63266,114,111,3,3
63267,147,139,8,8
63268,125,117,8,8
63269,100,103,-3,3
63270,101,94,7,7
63271,112,112,0,0
63272,94,90,4,4
63273,119,111,8,8
63274,154,148,6,6
63275,82,84,-2,2
63276,58,68,-10,10
63277,131,113,18,18
63278,82,86,-4,4
63279,96,96,0,0
63280,80,76,4,4
63281,118,120,-2,2
63282,51,69,-18,18
63283,164,157,7,7
63284,77,104,-27,27
63285,144,142,2,2
63286,132,137,-5,5
63287,89,90,-1,1
63288,78,73,5,5
63289,51,60,-9,9
63290,100,105,-5,5
63291,108,109,-1,1
63292,143,127,16,16
63293,88,87,1,1
63294,67,69,-2,2
63295,121,126,-5,5
63296,90,87,3,3
63297,65,68,-3,3
63298,79,83,-4,4
63299,144,133,11,11
63300,55,56,-1,1
63301,78,83,-5,5
63302,82,93,-11,11
63303,78,78,0,0
63304,160,159,1,1
63305,89,84,5,5
63306,101,106,-5,5
63307,114,97,17,17
63308,86,82,4,4
63309,155,152,3,3
63310,105,113,-8,8
63311,76,74,2,2
63312,149,135,14,14
63313,99,107,-8,8
63314,120,109,11,11
63315,69,71,-2,2
63316,102,104,-2,2
63317,59,62,-3,3
63318,54,66,-12,12
63319,107,102,5,5
63320,60,63,-3,3
63321,70,68,2,2
63322,219,211,8,8
63323,83,85,-2,2
63324,68,71,-3,3
63325,89,95,-6,6
63326,68,78,-10,10
63327,108,112,-4,4
63328,94,104,-10,10
63329,90,91,-1,1
63330,171,159,12,12
63331,35,40,-5,5
63332,39,44,-5,5
63333,80,112,-32,32
63334,69,69,0,0
63335,109,107,2,2
63336,112,115,-3,3
63337,127,126,1,1
63338,87,90,-3,3
63339,60,120,-60,60
63340,67,75,-8,8
63341,151,138,13,13
63342,115,109,6,6
63343,86,93,-7,7
63344,97,90,7,7
63345,128,116,12,12
63346,137,122,15,15
63347,102,104,-2,2
63348,76,81,-5,5
63349,33,33,0,0
63350,89,93,-4,4
63351,68,67,1,1
63352,55,60,-5,5
63353,104,107,-3,3
63354,98,103,-5,5
63355,67,67,0,0
63356,103,108,-5,5
63357,87,92,-5,5
63358,92,93,-1,1
63359,97,91,6,6
63360,144,137,7,7
63361,94,106,-12,12
63362,95,90,5,5
63363,131,117,14,14
63364,102,97,5,5
63365,132,131,1,1
63366,83,92,-9,9
63367,127,127,0,0
63368,71,73,-2,2
63369,86,90,-4,4
63370,202,183,19,19
63371,181,168,13,13
63372,129,128,1,1
63373,112,106,6,6
63374,118,114,4,4
63375,46,45,1,1
63376,120,102,18,18
63377,55,68,-13,13
63378,141,132,9,9
63379,92,92,0,0
63380,137,136,1,1
63381,59,66,-7,7
63382,192,197,-5,5
63383,144,141,3,3
63384,91,95,-4,4
63385,111,109,2,2
63386,52,54,-2,2
63387,135,126,9,9
63388,43,54,-11,11
63389,138,123,15,15
63390,159,143,16,16
63391,88,95,-7,7
63392,63,69,-6,6
63393,90,95,-5,5
63394,101,96,5,5
63395,72,74,-2,2
63396,64,63,1,1
63397,81,77,4,4
63398,94,97,-3,3
63399,125,131,-6,6
63400,64,68,-4,4
63401,68,73,-5,5
63402,77,85,-8,8
63403,125,129,-4,4
63404,68,72,-4,4
63405,131,126,5,5
63406,72,74,-2,2
63407,113,105,8,8
63408,136,136,0,0
63409,136,127,9,9
63410,129,117,12,12
63411,118,115,3,3
63412,79,77,2,2
63413,98,97,1,1
63414,117,116,1,1
63415,98,107,-9,9
63416,30,40,-10,10
63417,76,71,5,5
63418,87,88,-1,1
63419,110,105,5,5
63420,80,85,-5,5
63421,48,65,-17,17
63422,120,113,7,7
63423,98,105,-7,7
63424,43,52,-9,9
63425,84,84,0,0
63426,62,69,-7,7
63427,165,165,0,0
63428,56,61,-5,5
63429,85,84,1,1
63430,109,101,8,8
63431,149,137,12,12
63432,55,58,-3,3
63433,89,98,-9,9
63434,68,81,-13,13
63435,68,72,-4,4
63436,146,140,6,6
63437,112,113,-1,1
63438,104,103,1,1
63439,49,55,-6,6
63440,67,66,1,1
63441,70,62,8,8
63442,109,103,6,6
63443,56,59,-3,3
63444,148,142,6,6
63445,97,101,-4,4
63446,79,83,-4,4
63447,116,105,11,11
63448,97,102,-5,5
63449,79,79,0,0
63450,74,71,3,3
63451,67,64,3,3
63452,118,114,4,4
63453,72,80,-8,8
63454,128,109,19,19
63455,113,115,-2,2
63456,103,110,-7,7
63457,86,95,-9,9
63458,59,67,-8,8
63459,114,119,-5,5
63460,125,129,-4,4
63461,105,102,3,3
63462,70,71,-1,1
63463,147,136,11,11
63464,90,84,6,6
63465,81,91,-10,10
63466,65,78,-13,13
63467,63,67,-4,4
63468,110,106,4,4
63469,108,101,7,7
63470,62,80,-18,18
63471,107,106,1,1
63472,47,54,-7,7
63473,76,81,-5,5
63474,92,95,-3,3
63475,129,128,1,1
63476,87,92,-5,5
63477,90,83,7,7
63478,75,77,-2,2
63479,69,77,-8,8
63480,61,68,-7,7
63481,76,76,0,0
63482,49,55,-6,6
63483,133,120,13,13
63484,147,150,-3,3
63485,115,105,10,10
63486,88,102,-14,14
63487,70,72,-2,2
63488,77,81,-4,4
63489,64,68,-4,4
63490,182,160,22,22
63491,103,102,1,1
63492,91,94,-3,3
63493,104,102,2,2
63494,67,62,5,5
63495,90,94,-4,4
63496,81,91,-10,10
63497,140,136,4,4
63498,64,68,-4,4
63499,132,126,6,6
63500,64,66,-2,2
63501,117,118,-1,1
63502,86,96,-10,10
63503,216,193,23,23
63504,129,120,9,9
63505,107,105,2,2
63506,114,110,4,4
63507,99,93,6,6
63508,232,203,29,29
63509,81,89,-8,8
63510,117,117,0,0
63511,142,141,1,1
63512,33,36,-3,3
63513,80,85,-5,5
63514,95,90,5,5
63515,84,83,1,1
63516,111,116,-5,5
63517,53,62,-9,9
63518,47,63,-16,16
63519,80,83,-3,3
63520,81,84,-3,3
63521,74,74,0,0
63522,49,55,-6,6
63523,124,111,13,13
63524,98,94,4,4
63525,155,153,2,2
63526,58,65,-7,7
63527,111,105,6,6
63528,99,111,-12,12
63529,124,115,9,9
63530,62,63,-1,1
63531,55,55,0,0
63532,72,74,-2,2
63533,62,66,-4,4
63534,74,72,2,2
63535,76,68,8,8
63536,102,100,2,2
63537,87,91,-4,4
63538,136,129,7,7
63539,89,85,4,4
63540,68,69,-1,1
63541,67,71,-4,4
63542,97,103,-6,6
63543,123,115,8,8
63544,170,149,21,21
63545,120,119,1,1
63546,110,118,-8,8
63547,100,102,-2,2
63548,37,48,-11,11
63549,84,75,9,9
63550,62,67,-5,5
63551,145,132,13,13
63552,106,105,1,1
63553,115,107,8,8
63554,126,126,0,0
63555,141,150,-9,9
63556,92,92,0,0
63557,110,107,3,3
63558,59,73,-14,14
63559,90,87,3,3
63560,77,76,1,1
63561,70,75,-5,5
63562,77,73,4,4
63563,79,74,5,5
63564,154,143,11,11
63565,137,139,-2,2
63566,106,104,2,2
63567,116,108,8,8
63568,119,107,12,12
63569,65,63,2,2
63570,139,132,7,7
63571,145,131,14,14
63572,141,135,6,6
63573,119,108,11,11
63574,70,74,-4,4
63575,78,79,-1,1
63576,75,65,10,10
63577,100,98,2,2
63578,163,150,13,13
63579,162,154,8,8
63580,153,144,9,9
63581,94,97,-3,3
63582,74,75,-1,1
63583,88,92,-4,4
63584,67,73,-6,6
63585,100,107,-7,7
63586,117,124,-7,7
63587,80,78,2,2
63588,95,85,10,10
63589,77,82,-5,5
63590,121,113,8,8
63591,141,131,10,10
63592,83,78,5,5
63593,55,61,-6,6
63594,87,82,5,5
63595,76,82,-6,6
63596,116,106,10,10
63597,162,183,-21,21
63598,114,113,1,1
63599,79,80,-1,1
63600,117,122,-5,5
63601,54,60,-6,6
63602,87,93,-6,6
63603,124,123,1,1
63604,101,102,-1,1
63605,53,60,-7,7
63606,133,129,4,4
63607,75,92,-17,17
63608,78,91,-13,13
63609,69,83,-14,14
63610,40,45,-5,5
63611,84,82,2,2
63612,94,99,-5,5
63613,75,73,2,2
63614,95,96,-1,1
63615,82,98,-16,16
63616,75,75,0,0
63617,141,116,25,25
63618,98,104,-6,6
63619,101,111,-10,10
63620,49,51,-2,2
63621,45,47,-2,2
63622,94,99,-5,5
63623,132,112,20,20
63624,122,108,14,14
63625,96,98,-2,2
63626,89,90,-1,1
63627,114,114,0,0
63628,112,105,7,7
63629,55,67,-12,12
63630,63,67,-4,4
63631,133,115,18,18
63632,71,82,-11,11
63633,81,74,7,7
63634,104,106,-2,2
63635,97,86,11,11
63636,103,106,-3,3
63637,110,100,10,10
63638,91,93,-2,2
63639,60,67,-7,7
63640,58,66,-8,8
63641,91,93,-2,2
63642,69,75,-6,6
63643,75,87,-12,12
63644,175,175,0,0
63645,62,67,-5,5
63646,121,118,3,3
63647,64,68,-4,4
63648,103,98,5,5
63649,109,73,36,36
63650,111,104,7,7
63651,87,80,7,7
63652,146,134,12,12
63653,68,74,-6,6
63654,69,70,-1,1
63655,79,87,-8,8
63656,111,119,-8,8
63657,72,72,0,0
63658,110,105,5,5
63659,106,106,0,0
63660,112,102,10,10
63661,85,78,7,7
63662,153,155,-2,2
63663,102,90,12,12
63664,75,80,-5,5
63665,123,111,12,12
63666,80,96,-16,16
63667,81,84,-3,3
63668,76,80,-4,4
63669,107,137,-30,30
63670,163,152,11,11
63671,75,84,-9,9
63672,83,83,0,0
63673,72,70,2,2
63674,73,76,-3,3
63675,47,62,-15,15
63676,127,120,7,7
63677,31,37,-6,6
63678,88,84,4,4
63679,131,130,1,1
63680,140,152,-12,12
63681,172,166,6,6
63682,86,83,3,3
63683,137,129,8,8
63684,108,105,3,3
63685,67,70,-3,3
63686,157,169,-12,12
63687,42,56,-14,14
63688,81,84,-3,3
63689,96,91,5,5
63690,189,177,12,12
63691,97,110,-13,13
63692,82,94,-12,12
63693,105,96,9,9
63694,107,103,4,4
63695,81,90,-9,9
63696,44,47,-3,3
63697,93,93,0,0
63698,63,67,-4,4
63699,46,96,-50,50
63700,128,132,-4,4
63701,133,136,-3,3
63702,40,47,-7,7
63703,119,116,3,3
63704,100,95,5,5
63705,96,97,-1,1
63706,84,91,-7,7
63707,188,184,4,4
63708,66,71,-5,5
63709,145,145,0,0
63710,50,63,-13,13
63711,74,77,-3,3
63712,82,84,-2,2
63713,92,84,8,8
63714,131,130,1,1
63715,69,71,-2,2
63716,97,90,7,7
63717,137,130,7,7
63718,98,104,-6,6
63719,67,75,-8,8
63720,107,114,-7,7
63721,49,53,-4,4
63722,76,76,0,0
63723,66,70,-4,4
63724,170,155,15,15
63725,101,106,-5,5
63726,95,85,10,10
63727,76,71,5,5
63728,82,83,-1,1
63729,84,83,1,1
63730,106,104,2,2
63731,64,73,-9,9
63732,91,94,-3,3
63733,86,90,-4,4
63734,54,58,-4,4
63735,82,99,-17,17
63736,89,96,-7,7
63737,97,100,-3,3
63738,161,149,12,12
63739,48,46,2,2
63740,109,108,1,1
63741,159,145,14,14
63742,106,107,-1,1
63743,181,157,24,24
63744,129,134,-5,5
63745,101,106,-5,5
63746,114,109,5,5
63747,126,113,13,13
63748,168,148,20,20
63749,95,101,-6,6
63750,80,83,-3,3
63751,96,96,0,0
63752,35,64,-29,29
63753,73,76,-3,3
63754,89,91,-2,2
63755,107,98,9,9
63756,88,94,-6,6
63757,92,99,-7,7
63758,91,81,10,10
63759,91,83,8,8
63760,120,131,-11,11
63761,82,82,0,0
63762,80,89,-9,9
63763,55,60,-5,5
63764,76,71,5,5
63765,72,72,0,0
63766,105,101,4,4
63767,113,107,6,6
63768,67,66,1,1
63769,101,104,-3,3
63770,80,83,-3,3
63771,80,91,-11,11
63772,96,93,3,3
63773,71,78,-7,7
63774,148,153,-5,5
63775,72,71,1,1
63776,127,131,-4,4
63777,75,79,-4,4
63778,83,84,-1,1
63779,90,96,-6,6
63780,86,91,-5,5
63781,75,83,-8,8
63782,72,74,-2,2
63783,70,63,7,7
63784,105,103,2,2
63785,41,32,9,9
63786,68,74,-6,6
63787,86,83,3,3
63788,64,61,3,3
63789,86,93,-7,7
63790,51,62,-11,11
63791,124,112,12,12
63792,88,96,-8,8
63793,93,96,-3,3
63794,54,71,-17,17
63795,71,68,3,3
63796,132,132,0,0
63797,101,101,0,0
63798,172,152,20,20
63799,176,168,8,8
63800,173,175,-2,2
63801,130,126,4,4
63802,79,78,1,1
63803,102,105,-3,3
63804,133,129,4,4
63805,90,73,17,17
63806,102,100,2,2
63807,65,69,-4,4
63808,128,121,7,7
63809,159,127,32,32
63810,57,60,-3,3
63811,171,159,12,12
63812,66,74,-8,8
63813,165,150,15,15
63814,51,51,0,0
63815,111,109,2,2
63816,211,178,33,33
63817,89,83,6,6
63818,74,76,-2,2
63819,86,98,-12,12
63820,129,109,20,20
63821,67,65,2,2
63822,112,114,-2,2
63823,102,89,13,13
63824,76,77,-1,1
63825,67,81,-14,14
63826,96,100,-4,4
63827,115,118,-3,3
63828,95,102,-7,7
63829,129,123,6,6
63830,78,74,4,4
63831,58,67,-9,9
63832,93,93,0,0
63833,53,54,-1,1
63834,62,68,-6,6
63835,89,95,-6,6
63836,110,108,2,2
63837,109,117,-8,8
63838,34,66,-32,32
63839,94,89,5,5
63840,54,61,-7,7
63841,111,114,-3,3
63842,128,132,-4,4
63843,141,139,2,2
63844,92,90,2,2
63845,102,87,15,15
63846,94,99,-5,5
63847,130,119,11,11
63848,93,101,-8,8
63849,86,74,12,12
63850,102,101,1,1
63851,137,118,19,19
63852,55,50,5,5
63853,118,115,3,3
63854,121,111,10,10
63855,155,145,10,10
63856,71,79,-8,8
63857,140,135,5,5
63858,64,76,-12,12
63859,110,117,-7,7
63860,119,118,1,1
63861,55,65,-10,10
63862,80,87,-7,7
63863,142,126,16,16
63864,44,56,-12,12
63865,111,115,-4,4
63866,113,106,7,7
63867,146,130,16,16
63868,169,167,2,2
63869,129,116,13,13
63870,76,84,-8,8
63871,67,68,-1,1
63872,75,74,1,1
63873,68,73,-5,5
63874,74,82,-8,8
63875,80,80,0,0
63876,33,39,-6,6
63877,91,92,-1,1
63878,75,74,1,1
63879,94,92,2,2
63880,142,128,14,14
63881,50,105,-55,55
63882,193,191,2,2
63883,81,86,-5,5
63884,111,105,6,6
63885,130,126,4,4
63886,51,55,-4,4
63887,73,73,0,0
63888,136,139,-3,3
63889,94,94,0,0
63890,111,100,11,11
63891,119,116,3,3
63892,101,103,-2,2
63893,79,76,3,3
63894,92,96,-4,4
63895,84,75,9,9
63896,48,57,-9,9
63897,105,107,-2,2
63898,87,79,8,8
63899,91,96,-5,5
63900,78,84,-6,6
63901,136,144,-8,8
63902,123,118,5,5
63903,130,125,5,5
63904,126,115,11,11
63905,84,95,-11,11
63906,122,124,-2,2
63907,124,119,5,5
63908,117,110,7,7
63909,49,51,-2,2
63910,63,65,-2,2
63911,64,67,-3,3
63912,57,65,-8,8
63913,37,50,-13,13
63914,38,50,-12,12
63915,56,57,-1,1
63916,137,128,9,9
63917,109,110,-1,1
63918,158,147,11,11
63919,112,117,-5,5
63920,96,105,-9,9
63921,99,105,-6,6
63922,68,71,-3,3
63923,94,101,-7,7
63924,118,118,0,0
63925,80,84,-4,4
63926,78,84,-6,6
63927,94,92,2,2
63928,172,163,9,9
63929,39,44,-5,5
63930,62,78,-16,16
63931,152,134,18,18
63932,120,113,7,7
63933,90,87,3,3
63934,105,98,7,7
63935,80,75,5,5
63936,58,66,-8,8
63937,51,61,-10,10
63938,90,92,-2,2
63939,107,102,5,5
63940,71,75,-4,4
63941,61,70,-9,9
63942,111,129,-18,18
63943,88,95,-7,7
63944,56,65,-9,9
63945,93,92,1,1
63946,106,102,4,4
63947,96,95,1,1
63948,81,91,-10,10
63949,63,65,-2,2
63950,112,115,-3,3
63951,120,110,10,10
63952,59,58,1,1
63953,103,96,7,7
63954,50,59,-9,9
63955,115,97,18,18
63956,54,69,-15,15
63957,71,71,0,0
63958,59,60,-1,1
63959,115,108,7,7
63960,47,60,-13,13
63961,100,99,1,1
63962,77,80,-3,3
63963,195,176,19,19
63964,118,112,6,6
63965,90,97,-7,7
63966,101,99,2,2
63967,141,130,11,11
63968,153,141,12,12
63969,72,84,-12,12
63970,76,83,-7,7
63971,141,118,23,23
63972,168,148,20,20
63973,189,162,27,27
63974,52,60,-8,8
63975,90,91,-1,1
63976,81,85,-4,4
63977,54,61,-7,7
63978,128,121,7,7
63979,86,93,-7,7
63980,65,74,-9,9
63981,53,59,-6,6
63982,57,66,-9,9
63983,90,63,27,27
63984,73,79,-6,6
63985,75,90,-15,15
63986,85,83,2,2
63987,143,136,7,7
63988,44,58,-14,14
63989,81,77,4,4
63990,76,83,-7,7
63991,126,117,9,9
63992,46,58,-12,12
63993,139,121,18,18
63994,154,147,7,7
63995,161,165,-4,4
63996,59,59,0,0
63997,78,83,-5,5
63998,85,91,-6,6
63999,48,65,-17,17
64000,71,72,-1,1
64001,79,83,-4,4
64002,65,69,-4,4
64003,78,80,-2,2
64004,117,117,0,0
64005,51,55,-4,4
64006,153,90,63,63
64007,118,117,1,1
64008,66,66,0,0
64009,75,82,-7,7
64010,102,107,-5,5
64011,85,86,-1,1
64012,64,69,-5,5
64013,95,100,-5,5
64014,160,148,12,12
64015,94,94,0,0
64016,68,80,-12,12
64017,180,173,7,7
64018,52,80,-28,28
64019,106,108,-2,2
64020,85,85,0,0
64021,115,128,-13,13
64022,57,55,2,2
64023,104,105,-1,1
64024,53,58,-5,5
64025,79,74,5,5
64026,68,84,-16,16
64027,86,81,5,5
64028,121,111,10,10
64029,54,56,-2,2
64030,74,74,0,0
64031,122,137,-15,15
64032,67,68,-1,1
64033,128,132,-4,4
64034,56,63,-7,7
64035,146,140,6,6
64036,111,115,-4,4
64037,86,92,-6,6
64038,96,91,5,5
64039,144,147,-3,3
64040,73,75,-2,2
64041,50,55,-5,5
64042,179,174,5,5
64043,83,90,-7,7
64044,62,66,-4,4
64045,103,100,3,3
64046,101,102,-1,1
64047,59,66,-7,7
64048,74,71,3,3
64049,72,71,1,1
64050,75,89,-14,14
64051,109,109,0,0
64052,102,90,12,12
64053,143,137,6,6
64054,83,99,-16,16
64055,156,156,0,0
64056,124,115,9,9
64057,80,79,1,1
64058,161,145,16,16
64059,54,68,-14,14
64060,75,92,-17,17
64061,155,138,17,17
64062,117,105,12,12
64063,130,132,-2,2
64064,225,194,31,31
64065,94,93,1,1
64066,63,63,0,0
64067,72,73,-1,1
64068,179,164,15,15
64069,141,135,6,6
64070,82,75,7,7
64071,62,57,5,5
64072,122,121,1,1
64073,79,75,4,4
64074,93,83,10,10
64075,137,156,-19,19
64076,110,111,-1,1
64077,137,133,4,4
64078,84,73,11,11
64079,64,68,-4,4
64080,64,61,3,3
64081,56,66,-10,10
64082,70,72,-2,2
64083,76,80,-4,4
64084,118,109,9,9
64085,88,81,7,7
64086,81,76,5,5
64087,129,116,13,13
64088,64,72,-8,8
64089,97,99,-2,2
64090,123,124,-1,1
64091,86,76,10,10
64092,97,98,-1,1
64093,115,117,-2,2
64094,96,104,-8,8
64095,77,79,-2,2
64096,168,179,-11,11
64097,51,58,-7,7
64098,90,89,1,1
64099,56,69,-13,13
64100,71,76,-5,5
64101,107,108,-1,1
64102,94,84,10,10
64103,46,61,-15,15
64104,118,108,10,10
64105,129,117,12,12
64106,106,110,-4,4
64107,81,91,-10,10
64108,82,79,3,3
64109,56,61,-5,5
64110,79,74,5,5
64111,71,74,-3,3
64112,148,153,-5,5
64113,205,184,21,21
64114,142,127,15,15
64115,85,82,3,3
64116,47,55,-8,8
64117,91,92,-1,1
64118,108,103,5,5
64119,73,70,3,3
64120,102,104,-2,2
64121,129,134,-5,5
64122,130,159,-29,29
64123,103,97,6,6
64124,70,94,-24,24
64125,90,90,0,0
64126,118,130,-12,12
64127,85,74,11,11
64128,63,72,-9,9
64129,62,62,0,0
64130,93,93,0,0
64131,66,81,-15,15
64132,57,62,-5,5
64133,43,51,-8,8
64134,104,100,4,4
64135,131,118,13,13
64136,88,84,4,4
64137,79,84,-5,5
64138,83,74,9,9
64139,77,74,3,3
64140,82,86,-4,4
64141,109,105,4,4
64142,118,113,5,5
64143,134,136,-2,2
64144,124,131,-7,7
64145,105,109,-4,4
64146,102,96,6,6
64147,109,105,4,4
64148,100,103,-3,3
64149,84,90,-6,6
64150,88,83,5,5
64151,86,87,-1,1
64152,92,90,2,2
64153,125,115,10,10
64154,70,68,2,2
64155,167,140,27,27
64156,151,159,-8,8
64157,80,73,7,7
64158,125,107,18,18
64159,140,147,-7,7
64160,101,103,-2,2
64161,68,69,-1,1
64162,48,54,-6,6
64163,105,103,2,2
64164,72,70,2,2
64165,73,79,-6,6
64166,139,135,4,4
64167,88,95,-7,7
64168,65,99,-34,34
64169,100,102,-2,2
64170,150,148,2,2
64171,116,113,3,3
64172,64,66,-2,2
64173,115,104,11,11
64174,58,66,-8,8
64175,132,139,-7,7
64176,91,88,3,3
64177,75,69,6,6
64178,98,105,-7,7
64179,109,109,0,0
64180,115,105,10,10
64181,86,98,-12,12
64182,100,89,11,11
64183,77,77,0,0
64184,156,155,1,1
64185,63,65,-2,2
64186,81,83,-2,2
64187,95,91,4,4
64188,70,73,-3,3
64189,100,101,-1,1
64190,92,95,-3,3
64191,150,147,3,3
64192,99,107,-8,8
64193,133,121,12,12
64194,46,53,-7,7
64195,99,92,7,7
64196,128,118,10,10
64197,77,80,-3,3
64198,77,82,-5,5
64199,62,71,-9,9
64200,175,148,27,27
64201,183,170,13,13
64202,80,84,-4,4
64203,124,121,3,3
64204,116,111,5,5
64205,140,149,-9,9
64206,74,73,1,1
64207,104,117,-13,13
64208,43,55,-12,12
64209,191,176,15,15
64210,245,231,14,14
64211,94,93,1,1
64212,110,98,12,12
64213,86,91,-5,5
64214,49,65,-16,16
64215,116,114,2,2
64216,58,63,-5,5
64217,51,45,6,6
64218,96,101,-5,5
64219,73,82,-9,9
64220,100,104,-4,4
64221,83,133,-50,50
64222,130,126,4,4
64223,64,72,-8,8
64224,77,79,-2,2
64225,126,130,-4,4
64226,52,53,-1,1
64227,84,83,1,1
64228,69,84,-15,15
64229,107,126,-19,19
64230,104,95,9,9
64231,55,59,-4,4
64232,87,95,-8,8
64233,88,95,-7,7
64234,147,147,0,0
64235,122,111,11,11
64236,120,110,10,10
64237,166,156,10,10
64238,80,91,-11,11
64239,122,117,5,5
64240,43,45,-2,2
64241,121,113,8,8
64242,70,77,-7,7
64243,101,101,0,0
64244,57,66,-9,9
64245,100,97,3,3
64246,52,60,-8,8
64247,69,72,-3,3
64248,52,51,1,1
64249,60,66,-6,6
64250,74,72,2,2
64251,92,95,-3,3
64252,47,58,-11,11
64253,91,98,-7,7
64254,72,78,-6,6
64255,45,47,-2,2
64256,70,81,-11,11
64257,119,118,1,1
64258,113,115,-2,2
64259,51,57,-6,6
64260,56,62,-6,6
64261,95,94,1,1
64262,82,94,-12,12
64263,79,81,-2,2
64264,70,75,-5,5
64265,78,82,-4,4
64266,94,98,-4,4
64267,68,71,-3,3
64268,87,91,-4,4
64269,164,184,-20,20
64270,101,96,5,5
64271,145,143,2,2
64272,50,53,-3,3
64273,65,83,-18,18
64274,108,102,6,6
64275,77,75,2,2
64276,153,135,18,18
64277,113,107,6,6
64278,181,152,29,29
64279,52,55,-3,3
64280,96,104,-8,8
64281,139,128,11,11
64282,91,95,-4,4
64283,73,79,-6,6
64284,77,79,-2,2
64285,71,75,-4,4
64286,51,59,-8,8
64287,90,95,-5,5
64288,68,69,-1,1
64289,73,76,-3,3
64290,94,103,-9,9
64291,69,70,-1,1
64292,90,94,-4,4
64293,154,153,1,1
64294,163,142,21,21
64295,74,80,-6,6
64296,55,64,-9,9
64297,73,79,-6,6
64298,33,24,9,9
64299,154,144,10,10
64300,70,57,13,13
64301,72,75,-3,3
64302,96,104,-8,8
64303,117,115,2,2
64304,127,128,-1,1
64305,84,92,-8,8
64306,99,103,-4,4
64307,72,71,1,1
64308,144,129,15,15
64309,74,79,-5,5
64310,75,80,-5,5
64311,89,91,-2,2
64312,122,115,7,7
64313,165,153,12,12
64314,45,49,-4,4
64315,82,91,-9,9
64316,84,81,3,3
64317,166,157,9,9
64318,140,129,11,11
64319,96,108,-12,12
64320,73,73,0,0
64321,200,187,13,13
64322,113,112,1,1
64323,137,130,7,7
64324,87,94,-7,7
64325,127,121,6,6
64326,74,68,6,6
64327,89,85,4,4
64328,128,134,-6,6
64329,73,79,-6,6
64330,53,57,-4,4
64331,26,49,-23,23
64332,104,104,0,0
64333,91,90,1,1
64334,157,148,9,9
64335,93,92,1,1
64336,125,129,-4,4
64337,66,65,1,1
64338,125,115,10,10
64339,144,116,28,28
64340,106,101,5,5
64341,129,118,11,11
64342,86,97,-11,11
64343,188,173,15,15
64344,142,131,11,11
64345,54,60,-6,6
64346,185,154,31,31
64347,152,144,8,8
64348,55,57,-2,2
64349,74,82,-8,8
64350,132,134,-2,2
64351,80,74,6,6
64352,77,79,-2,2
64353,67,75,-8,8
64354,71,71,0,0
64355,129,129,0,0
64356,116,107,9,9
64357,97,94,3,3
64358,39,44,-5,5
64359,44,54,-10,10
64360,73,74,-1,1
64361,78,77,1,1
64362,68,69,-1,1
64363,57,57,0,0
64364,97,84,13,13
64365,77,80,-3,3
64366,159,152,7,7
64367,144,131,13,13
64368,58,67,-9,9
64369,74,84,-10,10
64370,47,55,-8,8
64371,86,87,-1,1
64372,95,85,10,10
64373,74,74,0,0
64374,84,97,-13,13
64375,175,165,10,10
64376,47,52,-5,5
64377,110,105,5,5
64378,181,169,12,12
64379,117,117,0,0
64380,77,68,9,9
64381,88,80,8,8
64382,84,94,-10,10
64383,56,57,-1,1
64384,49,48,1,1
64385,75,84,-9,9
64386,58,60,-2,2
64387,110,111,-1,1
64388,80,84,-4,4
64389,120,127,-7,7
64390,79,100,-21,21
64391,107,114,-7,7
64392,79,81,-2,2
64393,69,69,0,0
64394,36,48,-12,12
64395,106,105,1,1
64396,64,67,-3,3
64397,91,98,-7,7
64398,70,75,-5,5
64399,69,72,-3,3
64400,75,82,-7,7
64401,54,59,-5,5
64402,69,80,-11,11
64403,105,112,-7,7
64404,67,73,-6,6
64405,28,40,-12,12
64406,57,62,-5,5
64407,46,43,3,3
64408,52,57,-5,5
64409,122,117,5,5
64410,101,101,0,0
64411,129,117,12,12
64412,143,153,-10,10
64413,193,177,16,16
64414,55,61,-6,6
64415,92,94,-2,2
64416,107,93,14,14
64417,137,118,19,19
64418,100,104,-4,4
64419,61,65,-4,4
64420,113,101,12,12
64421,112,107,5,5
64422,78,74,4,4
64423,82,94,-12,12
64424,58,71,-13,13
64425,65,57,8,8
64426,52,66,-14,14
64427,106,106,0,0
64428,47,58,-11,11
64429,72,80,-8,8
64430,75,81,-6,6
64431,135,141,-6,6
64432,87,94,-7,7
64433,175,167,8,8
64434,99,107,-8,8
64435,50,56,-6,6
64436,90,90,0,0
64437,83,94,-11,11
64438,68,73,-5,5
64439,85,90,-5,5
64440,73,76,-3,3
64441,58,72,-14,14
64442,78,75,3,3
64443,89,99,-10,10
64444,49,55,-6,6
64445,73,69,4,4
64446,108,87,21,21
64447,60,67,-7,7
64448,142,125,17,17
64449,217,191,26,26
64450,57,56,1,1
64451,61,65,-4,4
64452,82,75,7,7
64453,73,76,-3,3
64454,108,106,2,2
64455,139,146,-7,7
64456,80,78,2,2
64457,218,203,15,15
64458,119,117,2,2
64459,105,103,2,2
64460,57,67,-10,10
64461,106,113,-7,7
64462,74,85,-11,11
64463,77,84,-7,7
64464,143,135,8,8
64465,103,102,1,1
64466,120,114,6,6
64467,124,111,13,13
64468,112,107,5,5
64469,105,97,8,8
64470,144,139,5,5
64471,97,92,5,5
64472,65,68,-3,3
64473,74,73,1,1
64474,55,62,-7,7
64475,80,83,-3,3
64476,115,112,3,3
64477,145,146,-1,1
64478,103,109,-6,6
64479,132,119,13,13
64480,46,34,12,12
64481,59,62,-3,3
64482,83,82,1,1
64483,150,144,6,6
64484,182,172,10,10
64485,44,55,-11,11
64486,64,76,-12,12
64487,53,60,-7,7
64488,78,91,-13,13
64489,112,117,-5,5
64490,109,103,6,6
64491,95,103,-8,8
64492,62,92,-30,30
64493,57,64,-7,7
64494,130,126,4,4
64495,101,98,3,3
64496,135,137,-2,2
64497,100,115,-15,15
64498,107,117,-10,10
64499,97,104,-7,7
64500,79,77,2,2
64501,80,90,-10,10
64502,94,74,20,20
64503,122,117,5,5
64504,57,64,-7,7
64505,58,67,-9,9
64506,76,75,1,1
64507,144,124,20,20
64508,51,51,0,0
64509,54,64,-10,10
64510,85,92,-7,7
64511,61,67,-6,6
64512,148,129,19,19
64513,33,43,-10,10
64514,99,99,0,0
64515,117,110,7,7
64516,82,81,1,1
64517,54,80,-26,26
64518,144,134,10,10
64519,141,135,6,6
64520,80,91,-11,11
64521,203,180,23,23
64522,93,95,-2,2
64523,65,68,-3,3
64524,61,62,-1,1
64525,139,130,9,9
64526,84,90,-6,6
64527,72,81,-9,9
64528,68,79,-11,11
64529,56,72,-16,16
64530,101,102,-1,1
64531,63,73,-10,10
64532,94,97,-3,3
64533,120,117,3,3
64534,113,115,-2,2
64535,32,41,-9,9
64536,94,104,-10,10
64537,116,116,0,0
64538,101,98,3,3
64539,57,67,-10,10
64540,144,133,11,11
64541,76,81,-5,5
64542,94,96,-2,2
64543,80,86,-6,6
64544,100,100,0,0
64545,150,134,16,16
64546,85,91,-6,6
64547,77,78,-1,1
64548,75,76,-1,1
64549,170,154,16,16
64550,138,140,-2,2
64551,74,72,2,2
64552,83,83,0,0
64553,193,185,8,8
64554,95,90,5,5
64555,132,129,3,3
64556,69,73,-4,4
64557,120,128,-8,8
64558,102,99,3,3
64559,87,82,5,5
64560,133,115,18,18
64561,106,104,2,2
64562,90,97,-7,7
64563,61,66,-5,5
64564,87,90,-3,3
64565,130,123,7,7
64566,77,83,-6,6
64567,80,100,-20,20
64568,95,86,9,9
64569,64,68,-4,4
64570,57,68,-11,11
64571,70,74,-4,4
64572,111,108,3,3
64573,54,61,-7,7
64574,142,161,-19,19
64575,52,60,-8,8
64576,47,59,-12,12
64577,133,135,-2,2
64578,140,142,-2,2
64579,60,68,-8,8
64580,186,158,28,28
64581,77,81,-4,4
64582,101,96,5,5
64583,59,61,-2,2
64584,121,124,-3,3
64585,104,112,-8,8
64586,155,131,24,24
64587,83,82,1,1
64588,77,78,-1,1
64589,123,108,15,15
64590,59,62,-3,3
64591,105,95,10,10
64592,75,89,-14,14
64593,116,106,10,10
64594,72,76,-4,4
64595,149,151,-2,2
64596,119,110,9,9
64597,63,74,-11,11
64598,87,86,1,1
64599,137,125,12,12
64600,82,76,6,6
64601,125,122,3,3
64602,36,32,4,4
64603,67,71,-4,4
64604,116,117,-1,1
64605,155,140,15,15
64606,103,92,11,11
64607,104,97,7,7
64608,143,141,2,2
64609,123,120,3,3
64610,121,113,8,8
64611,87,78,9,9
64612,72,78,-6,6
64613,49,67,-18,18
64614,69,88,-19,19
64615,72,92,-20,20
64616,116,95,21,21
64617,138,142,-4,4
64618,97,103,-6,6
64619,63,66,-3,3
64620,109,103,6,6
64621,80,82,-2,2
64622,96,95,1,1
64623,98,90,8,8
64624,101,106,-5,5
64625,143,140,3,3
64626,90,91,-1,1
64627,85,80,5,5
64628,120,129,-9,9
64629,65,66,-1,1
64630,161,142,19,19
64631,124,107,17,17
64632,103,104,-1,1
64633,99,96,3,3
64634,121,127,-6,6
64635,122,118,4,4
64636,104,112,-8,8
64637,160,168,-8,8
64638,109,90,19,19
64639,63,67,-4,4
64640,112,110,2,2
64641,88,90,-2,2
64642,88,90,-2,2
64643,101,109,-8,8
64644,50,57,-7,7
64645,170,171,-1,1
64646,64,75,-11,11
64647,102,113,-11,11
64648,93,94,-1,1
64649,132,128,4,4
64650,75,85,-10,10
64651,84,75,9,9
64652,60,64,-4,4
64653,103,116,-13,13
64654,58,64,-6,6
64655,153,135,18,18
64656,135,123,12,12
64657,62,75,-13,13
64658,162,149,13,13
64659,74,78,-4,4
64660,90,84,6,6
64661,127,124,3,3
64662,97,103,-6,6
64663,102,100,2,2
64664,117,111,6,6
64665,38,50,-12,12
64666,114,106,8,8
64667,45,42,3,3
64668,100,101,-1,1
64669,61,62,-1,1
64670,101,96,5,5
64671,120,116,4,4
64672,152,140,12,12
64673,84,92,-8,8
64674,100,93,7,7
64675,108,104,4,4
64676,124,132,-8,8
64677,148,146,2,2
64678,46,53,-7,7
64679,119,117,2,2
64680,118,107,11,11
64681,52,62,-10,10
64682,104,108,-4,4
64683,82,101,-19,19
64684,100,92,8,8
64685,118,108,10,10
64686,70,77,-7,7
64687,104,93,11,11
64688,141,134,7,7
64689,97,99,-2,2
64690,24,31,-7,7
64691,192,164,28,28
64692,71,66,5,5
64693,78,90,-12,12
64694,46,55,-9,9
64695,79,84,-5,5
64696,153,133,20,20
64697,88,102,-14,14
64698,64,75,-11,11
64699,81,77,4,4
64700,81,83,-2,2
64701,105,101,4,4
64702,88,102,-14,14
64703,120,124,-4,4
64704,68,68,0,0
64705,84,84,0,0
64706,121,114,7,7
64707,80,74,6,6
64708,138,140,-2,2
64709,90,85,5,5
64710,87,94,-7,7
64711,92,96,-4,4
64712,111,118,-7,7
64713,77,75,2,2
64714,74,76,-2,2
64715,170,140,30,30
64716,77,83,-6,6
64717,117,125,-8,8
64718,151,132,19,19
64719,84,92,-8,8
64720,108,116,-8,8
64721,69,79,-10,10
64722,121,126,-5,5
64723,94,103,-9,9
64724,41,48,-7,7
64725,140,134,6,6
64726,76,72,4,4
64727,85,78,7,7
64728,104,107,-3,3
64729,48,58,-10,10
64730,128,133,-5,5
64731,68,69,-1,1
64732,70,73,-3,3
64733,93,87,6,6
64734,69,87,-18,18
64735,56,57,-1,1
64736,96,100,-4,4
64737,50,53,-3,3
64738,64,71,-7,7
64739,69,79,-10,10
64740,89,87,2,2
64741,75,82,-7,7
64742,77,81,-4,4
64743,68,68,0,0
64744,59,90,-31,31
64745,140,116,24,24
64746,79,74,5,5
64747,46,49,-3,3
64748,54,53,1,1
64749,89,98,-9,9
64750,99,103,-4,4
64751,68,71,-3,3
64752,86,94,-8,8
64753,106,98,8,8
64754,82,82,0,0
64755,97,121,-24,24
64756,29,49,-20,20
64757,99,98,1,1
64758,119,123,-4,4
64759,102,104,-2,2
64760,104,106,-2,2
64761,148,126,22,22
64762,146,137,9,9
64763,107,98,9,9
64764,49,53,-4,4
64765,45,49,-4,4
64766,133,127,6,6
64767,102,104,-2,2
64768,110,115,-5,5
64769,100,98,2,2
64770,112,105,7,7
64771,59,71,-12,12
64772,73,67,6,6
64773,115,125,-10,10
64774,88,91,-3,3
64775,77,91,-14,14
64776,133,128,5,5
64777,86,91,-5,5
64778,74,69,5,5
64779,125,118,7,7
64780,97,103,-6,6
64781,71,68,3,3
64782,42,50,-8,8
64783,140,138,2,2
64784,70,72,-2,2
64785,76,82,-6,6
64786,59,62,-3,3
64787,87,95,-8,8
64788,134,118,16,16
64789,173,159,14,14
64790,47,53,-6,6
64791,112,101,11,11
64792,94,103,-9,9
64793,81,81,0,0
64794,152,146,6,6
64795,56,61,-5,5
64796,72,77,-5,5
64797,82,84,-2,2
64798,68,71,-3,3
64799,87,93,-6,6
64800,116,132,-16,16
64801,49,50,-1,1
64802,124,118,6,6
64803,146,152,-6,6
64804,151,136,15,15
64805,67,89,-22,22
64806,57,94,-37,37
64807,147,142,5,5
64808,104,105,-1,1
64809,124,122,2,2
64810,46,57,-11,11
64811,118,124,-6,6
64812,110,110,0,0
64813,82,82,0,0
64814,97,92,5,5
64815,104,97,7,7
64816,46,51,-5,5
64817,76,83,-7,7
64818,66,69,-3,3
64819,51,53,-2,2
64820,63,60,3,3
64821,81,82,-1,1
64822,110,107,3,3
64823,160,154,6,6
64824,65,69,-4,4
64825,43,49,-6,6
64826,67,116,-49,49
64827,104,102,2,2
64828,83,92,-9,9
64829,57,74,-17,17
64830,139,133,6,6
64831,78,81,-3,3
64832,68,65,3,3
64833,91,90,1,1
64834,117,118,-1,1
64835,117,115,2,2
64836,110,114,-4,4
64837,67,72,-5,5
64838,89,94,-5,5
64839,96,103,-7,7
64840,92,103,-11,11
64841,87,90,-3,3
64842,92,85,7,7
64843,59,69,-10,10
64844,66,67,-1,1
64845,160,161,-1,1
64846,188,166,22,22
64847,96,97,-1,1
64848,75,83,-8,8
64849,140,133,7,7
64850,95,94,1,1
64851,83,83,0,0
64852,103,103,0,0
64853,81,83,-2,2
64854,87,92,-5,5
64855,90,93,-3,3
64856,66,69,-3,3
64857,100,94,6,6
64858,75,75,0,0
64859,50,52,-2,2
64860,68,69,-1,1
64861,82,82,0,0
64862,72,67,5,5
64863,56,60,-4,4
64864,113,109,4,4
64865,41,52,-11,11
64866,56,63,-7,7
64867,92,91,1,1
64868,68,72,-4,4
64869,63,67,-4,4
64870,111,113,-2,2
64871,74,80,-6,6
64872,91,94,-3,3
64873,84,133,-49,49
64874,107,115,-8,8
64875,95,95,0,0
64876,80,74,6,6
64877,125,128,-3,3
64878,57,60,-3,3
64879,115,125,-10,10
64880,117,112,5,5
64881,71,79,-8,8
64882,72,73,-1,1
64883,199,175,24,24
64884,100,105,-5,5
64885,75,70,5,5
64886,78,75,3,3
64887,82,80,2,2
64888,85,93,-8,8
64889,53,62,-9,9
64890,89,92,-3,3
64891,111,104,7,7
64892,58,64,-6,6
64893,74,73,1,1
64894,106,118,-12,12
64895,139,133,6,6
64896,94,92,2,2
64897,66,67,-1,1
64898,140,123,17,17
64899,100,97,3,3
64900,60,66,-6,6
64901,118,106,12,12
64902,108,97,11,11
64903,131,118,13,13
64904,141,147,-6,6
64905,107,112,-5,5
64906,65,78,-13,13
64907,104,106,-2,2
64908,121,125,-4,4
64909,93,101,-8,8
64910,85,100,-15,15
64911,77,84,-7,7
64912,113,104,9,9
64913,44,50,-6,6
64914,110,123,-13,13
64915,75,72,3,3
64916,65,74,-9,9
64917,59,60,-1,1
64918,102,94,8,8
64919,93,109,-16,16
64920,85,90,-5,5
64921,57,61,-4,4
64922,129,120,9,9
64923,45,63,-18,18
64924,60,76,-16,16
64925,89,97,-8,8
64926,93,99,-6,6
64927,104,103,1,1
64928,55,59,-4,4
64929,83,91,-8,8
64930,137,127,10,10
64931,109,103,6,6
64932,69,72,-3,3
64933,110,118,-8,8
64934,119,102,17,17
64935,97,94,3,3
64936,81,83,-2,2
64937,104,104,0,0
64938,71,81,-10,10
64939,50,64,-14,14
64940,136,127,9,9
64941,70,68,2,2
64942,63,75,-12,12
64943,90,99,-9,9
64944,102,101,1,1
64945,50,54,-4,4
64946,138,124,14,14
64947,103,124,-21,21
64948,127,122,5,5
64949,129,132,-3,3
64950,144,138,6,6
64951,52,62,-10,10
64952,72,77,-5,5
64953,94,102,-8,8
64954,77,73,4,4
64955,62,70,-8,8
64956,91,98,-7,7
64957,58,62,-4,4
64958,78,79,-1,1
64959,63,67,-4,4
64960,111,103,8,8
64961,87,93,-6,6
64962,85,83,2,2
64963,224,193,31,31
64964,99,93,6,6
64965,84,81,3,3
64966,101,100,1,1
64967,156,135,21,21
64968,50,56,-6,6
64969,82,84,-2,2
64970,190,189,1,1
64971,127,133,-6,6
64972,61,65,-4,4
64973,100,106,-6,6
64974,81,89,-8,8
64975,141,124,17,17
64976,80,77,3,3
64977,67,70,-3,3
64978,90,95,-5,5
64979,81,79,2,2
64980,55,56,-1,1
64981,85,90,-5,5
64982,36,48,-12,12
64983,87,78,9,9
64984,73,86,-13,13
64985,90,92,-2,2
64986,69,63,6,6
64987,88,90,-2,2
64988,64,70,-6,6
64989,56,59,-3,3
64990,130,119,11,11
64991,59,62,-3,3
64992,140,141,-1,1
64993,129,115,14,14
64994,122,119,3,3
64995,69,68,1,1
64996,65,74,-9,9
64997,103,102,1,1
64998,36,38,-2,2
64999,193,190,3,3
65000,123,116,7,7
65001,77,80,-3,3
65002,75,73,2,2
65003,85,98,-13,13
65004,124,124,0,0
65005,148,146,2,2
65006,92,102,-10,10
65007,70,71,-1,1
65008,129,124,5,5
65009,51,55,-4,4
65010,98,93,5,5
65011,130,119,11,11
65012,134,129,5,5
65013,89,84,5,5
65014,83,93,-10,10
65015,89,92,-3,3
65016,101,102,-1,1
65017,110,101,9,9
65018,68,73,-5,5
65019,68,67,1,1
65020,72,75,-3,3
65021,77,83,-6,6
65022,147,130,17,17
65023,117,114,3,3
65024,79,101,-22,22
65025,103,107,-4,4
65026,65,75,-10,10
65027,102,104,-2,2
65028,66,70,-4,4
65029,101,95,6,6
65030,77,82,-5,5
65031,58,67,-9,9
65032,75,78,-3,3
65033,50,68,-18,18
65034,116,112,4,4
65035,78,78,0,0
65036,111,102,9,9
65037,35,43,-8,8
65038,94,93,1,1
65039,136,126,10,10
65040,71,72,-1,1
65041,94,104,-10,10
65042,81,81,0,0
65043,54,56,-2,2
65044,94,91,3,3
65045,94,98,-4,4
65046,143,133,10,10
65047,82,85,-3,3
65048,156,143,13,13
65049,81,92,-11,11
65050,169,159,10,10
65051,104,101,3,3
65052,107,110,-3,3
65053,69,86,-17,17
65054,123,106,17,17
65055,51,58,-7,7
65056,88,96,-8,8
65057,41,48,-7,7
65058,56,68,-12,12
65059,138,135,3,3
65060,102,98,4,4
65061,97,96,1,1
65062,124,125,-1,1
65063,124,113,11,11
65064,119,131,-12,12
65065,55,57,-2,2
65066,116,116,0,0
65067,60,61,-1,1
65068,134,119,15,15
65069,63,93,-30,30
65070,73,73,0,0
65071,145,142,3,3
65072,111,110,1,1
65073,110,117,-7,7
65074,194,173,21,21
65075,92,99,-7,7
65076,97,92,5,5
65077,116,116,0,0
65078,61,58,3,3
65079,150,144,6,6
65080,45,48,-3,3
65081,99,94,5,5
65082,79,76,3,3
65083,118,119,-1,1
65084,74,71,3,3
65085,108,108,0,0
65086,85,83,2,2
65087,89,81,8,8
65088,107,107,0,0
65089,165,168,-3,3
65090,84,83,1,1
65091,132,122,10,10
65092,90,91,-1,1
65093,144,119,25,25
65094,87,94,-7,7
65095,103,92,11,11
65096,98,103,-5,5
65097,88,90,-2,2
65098,125,120,5,5
65099,112,104,8,8
65100,51,63,-12,12
65101,105,108,-3,3
65102,149,129,20,20
65103,109,105,4,4
65104,74,76,-2,2
65105,83,85,-2,2
65106,85,91,-6,6
65107,75,70,5,5
65108,78,90,-12,12
65109,67,72,-5,5
65110,48,51,-3,3
65111,109,89,20,20
65112,92,91,1,1
65113,90,99,-9,9
65114,90,92,-2,2
65115,98,100,-2,2
65116,76,75,1,1
65117,83,91,-8,8
65118,148,146,2,2
65119,99,100,-1,1
65120,68,71,-3,3
65121,79,74,5,5
65122,98,103,-5,5
65123,194,184,10,10
65124,90,90,0,0
65125,70,70,0,0
65126,88,92,-4,4
65127,66,69,-3,3
65128,81,70,11,11
65129,122,124,-2,2
65130,96,97,-1,1
65131,69,72,-3,3
65132,113,99,14,14
65133,61,73,-12,12
65134,101,88,13,13
65135,178,163,15,15
65136,111,105,6,6
65137,81,78,3,3
65138,147,162,-15,15
65139,121,116,5,5
65140,78,74,4,4
65141,86,87,-1,1
65142,54,57,-3,3
65143,46,51,-5,5
65144,62,71,-9,9
65145,94,103,-9,9
65146,101,103,-2,2
65147,60,67,-7,7
65148,72,70,2,2
65149,75,84,-9,9
65150,148,138,10,10
65151,123,116,7,7
65152,81,95,-14,14
65153,126,124,2,2
65154,163,150,13,13
65155,105,104,1,1
65156,85,84,1,1
65157,102,100,2,2
65158,89,91,-2,2
65159,123,126,-3,3
65160,62,62,0,0
65161,78,91,-13,13
65162,98,97,1,1
65163,68,72,-4,4
65164,99,103,-4,4
65165,112,106,6,6
65166,89,86,3,3
65167,89,95,-6,6
65168,83,79,4,4
65169,119,117,2,2
65170,92,102,-10,10
65171,77,83,-6,6
65172,74,73,1,1
65173,115,131,-16,16
65174,107,103,4,4
65175,98,92,6,6
65176,136,125,11,11
65177,42,54,-12,12
65178,119,118,1,1
65179,119,119,0,0
65180,109,104,5,5
65181,113,111,2,2
65182,164,156,8,8
65183,86,82,4,4
65184,97,96,1,1
65185,112,113,-1,1
65186,124,118,6,6
65187,84,97,-13,13
65188,77,81,-4,4
65189,87,82,5,5
65190,52,59,-7,7
65191,112,106,6,6
65192,78,79,-1,1
65193,93,99,-6,6
65194,115,124,-9,9
65195,76,76,0,0
65196,209,188,21,21
65197,41,55,-14,14
65198,115,108,7,7
65199,155,139,16,16
65200,53,56,-3,3
65201,72,76,-4,4
65202,110,90,20,20
65203,91,95,-4,4
65204,99,100,-1,1
65205,88,100,-12,12
65206,100,102,-2,2
65207,73,87,-14,14
65208,70,69,1,1
65209,126,123,3,3
65210,102,102,0,0
65211,97,93,4,4
65212,60,68,-8,8
65213,44,52,-8,8
65214,62,72,-10,10
65215,52,59,-7,7
65216,128,125,3,3
65217,168,161,7,7
65218,101,102,-1,1
65219,106,110,-4,4
65220,191,171,20,20
65221,51,68,-17,17
65222,196,162,34,34
65223,92,102,-10,10
65224,47,50,-3,3
65225,115,104,11,11
65226,70,69,1,1
65227,84,95,-11,11
65228,145,139,6,6
65229,102,106,-4,4
65230,31,34,-3,3
65231,65,66,-1,1
65232,92,93,-1,1
65233,77,84,-7,7
65234,90,92,-2,2
65235,30,30,0,0
65236,72,84,-12,12
65237,109,111,-2,2
65238,148,146,2,2
65239,81,81,0,0
65240,75,74,1,1
65241,60,66,-6,6
65242,147,138,9,9
65243,95,81,14,14
65244,71,77,-6,6
65245,145,148,-3,3
65246,91,96,-5,5
65247,48,72,-24,24
65248,94,96,-2,2
65249,86,96,-10,10
65250,70,74,-4,4
65251,120,120,0,0
65252,117,116,1,1
65253,118,97,21,21
65254,66,69,-3,3
65255,70,69,1,1
65256,51,55,-4,4
65257,80,85,-5,5
65258,78,84,-6,6
65259,136,117,19,19
65260,105,110,-5,5
65261,94,88,6,6
65262,119,111,8,8
65263,119,125,-6,6
65264,66,65,1,1
65265,133,125,8,8
65266,106,105,1,1
65267,110,99,11,11
65268,109,103,6,6
65269,97,110,-13,13
65270,54,65,-11,11
65271,143,128,15,15
65272,103,106,-3,3
65273,55,59,-4,4
65274,72,74,-2,2
65275,300,207,93,93
65276,110,108,2,2
65277,120,120,0,0
65278,114,122,-8,8
65279,65,69,-4,4
65280,51,56,-5,5
65281,107,97,10,10
65282,86,93,-7,7
65283,91,93,-2,2
65284,102,102,0,0
65285,72,68,4,4
65286,82,83,-1,1
65287,134,129,5,5
65288,133,124,9,9
65289,79,86,-7,7
65290,146,145,1,1
65291,176,157,19,19
65292,117,112,5,5
65293,82,90,-8,8
65294,105,104,1,1
65295,89,97,-8,8
65296,72,78,-6,6
65297,71,66,5,5
65298,117,117,0,0
65299,140,125,15,15
65300,80,88,-8,8
65301,53,59,-6,6
65302,185,179,6,6
65303,111,100,11,11
65304,92,102,-10,10
65305,91,93,-2,2
65306,112,101,11,11
65307,59,62,-3,3
65308,106,102,4,4
65309,53,65,-12,12
65310,132,128,4,4
65311,80,91,-11,11
65312,163,156,7,7
65313,58,68,-10,10
65314,138,129,9,9
65315,173,164,9,9
65316,64,73,-9,9
65317,78,77,1,1
65318,101,104,-3,3
65319,103,102,1,1
65320,87,85,2,2
65321,105,103,2,2
65322,94,94,0,0
65323,89,90,-1,1
65324,63,74,-11,11
65325,92,89,3,3
65326,139,137,2,2
65327,78,82,-4,4
65328,58,82,-24,24
65329,77,82,-5,5
65330,71,95,-24,24
65331,154,153,1,1
65332,93,92,1,1
65333,61,62,-1,1
65334,168,155,13,13
65335,139,128,11,11
65336,78,82,-4,4
65337,132,125,7,7
65338,56,59,-3,3
65339,78,84,-6,6
65340,86,93,-7,7
65341,68,72,-4,4
65342,31,63,-32,32
65343,60,64,-4,4
65344,150,136,14,14
65345,117,112,5,5
65346,104,102,2,2
65347,102,103,-1,1
65348,77,86,-9,9
65349,64,71,-7,7
65350,103,105,-2,2
65351,113,114,-1,1
65352,96,99,-3,3
65353,114,99,15,15
65354,126,123,3,3
65355,106,107,-1,1
65356,59,68,-9,9
65357,81,91,-10,10
65358,109,102,7,7
65359,121,131,-10,10
65360,70,71,-1,1
65361,148,143,5,5
65362,94,93,1,1
65363,127,120,7,7
65364,117,120,-3,3
65365,104,98,6,6
65366,46,59,-13,13
65367,106,115,-9,9
65368,94,91,3,3
65369,124,110,14,14
65370,62,70,-8,8
65371,62,78,-16,16
65372,74,84,-10,10
65373,53,60,-7,7
65374,40,46,-6,6
65375,70,73,-3,3
65376,60,67,-7,7
65377,45,44,1,1
65378,111,111,0,0
65379,37,52,-15,15
65380,88,102,-14,14
65381,51,108,-57,57
65382,66,72,-6,6
65383,76,74,2,2
65384,91,85,6,6
65385,121,123,-2,2
65386,135,122,13,13
65387,87,98,-11,11
65388,99,100,-1,1
65389,106,105,1,1
65390,83,91,-8,8
65391,94,91,3,3
65392,76,76,0,0
65393,69,70,-1,1
65394,100,114,-14,14
65395,118,117,1,1
65396,66,83,-17,17
65397,89,93,-4,4
65398,104,119,-15,15
65399,110,99,11,11
65400,106,103,3,3
65401,118,118,0,0
65402,83,94,-11,11
65403,85,85,0,0
65404,73,91,-18,18
65405,72,69,3,3
65406,61,64,-3,3
65407,59,63,-4,4
65408,114,119,-5,5
65409,68,78,-10,10
65410,179,171,8,8
65411,70,74,-4,4
65412,91,87,4,4
65413,114,108,6,6
65414,108,106,2,2
65415,79,82,-3,3
65416,79,79,0,0
65417,125,123,2,2
65418,117,100,17,17
65419,68,78,-10,10
65420,79,80,-1,1
65421,103,114,-11,11
65422,207,185,22,22
65423,63,72,-9,9
65424,117,114,3,3
65425,63,66,-3,3
65426,71,72,-1,1
65427,74,90,-16,16
65428,55,57,-2,2
65429,170,154,16,16
65430,69,69,0,0
65431,51,63,-12,12
65432,55,60,-5,5
65433,73,74,-1,1
65434,89,108,-19,19
65435,173,156,17,17
65436,119,116,3,3
65437,85,92,-7,7
65438,94,98,-4,4
65439,104,96,8,8
65440,96,98,-2,2
65441,61,70,-9,9
65442,86,91,-5,5
65443,95,95,0,0
65444,161,149,12,12
65445,80,80,0,0
65446,112,104,8,8
65447,75,82,-7,7
65448,141,129,12,12
65449,161,155,6,6
65450,99,103,-4,4
65451,94,97,-3,3
65452,146,132,14,14
65453,72,74,-2,2
65454,105,96,9,9
65455,69,69,0,0
65456,113,107,6,6
65457,132,112,20,20
65458,121,119,2,2
65459,91,97,-6,6
65460,70,69,1,1
65461,96,97,-1,1
65462,155,147,8,8
65463,130,138,-8,8
65464,186,161,25,25
65465,96,103,-7,7
65466,146,158,-12,12
65467,113,110,3,3
65468,86,93,-7,7
65469,104,101,3,3
65470,66,68,-2,2
65471,96,92,4,4
65472,88,82,6,6
65473,111,104,7,7
65474,146,133,13,13
65475,86,74,12,12
65476,46,52,-6,6
65477,72,74,-2,2
65478,170,152,18,18
65479,35,39,-4,4
65480,90,92,-2,2
65481,143,142,1,1
65482,157,145,12,12
65483,62,70,-8,8
65484,65,67,-2,2
65485,75,74,1,1
65486,89,93,-4,4
65487,82,75,7,7
65488,80,92,-12,12
65489,56,57,-1,1
65490,76,74,2,2
65491,113,114,-1,1
65492,104,114,-10,10
65493,99,96,3,3
65494,62,63,-1,1
65495,140,142,-2,2
65496,76,84,-8,8
65497,114,111,3,3
65498,108,114,-6,6
65499,81,75,6,6
65500,63,67,-4,4
65501,125,123,2,2
65502,70,63,7,7
65503,90,93,-3,3
65504,37,45,-8,8
65505,92,105,-13,13
65506,96,105,-9,9
65507,85,90,-5,5
65508,106,107,-1,1
65509,86,82,4,4
65510,101,92,9,9
65511,101,104,-3,3
65512,100,101,-1,1
65513,105,103,2,2
65514,71,77,-6,6
65515,58,59,-1,1
65516,179,166,13,13
65517,106,107,-1,1
65518,89,85,4,4
65519,84,75,9,9
65520,113,105,8,8
65521,129,125,4,4
65522,87,95,-8,8
65523,122,123,-1,1
65524,109,108,1,1
65525,78,90,-12,12
65526,96,96,0,0
65527,176,149,27,27
65528,114,108,6,6
65529,89,79,10,10
65530,115,103,12,12
65531,73,69,4,4
65532,68,73,-5,5
65533,148,139,9,9
65534,70,73,-3,3
65535,108,102,6,6
65536,60,60,0,0
65537,98,92,6,6
65538,47,51,-4,4
65539,84,92,-8,8
65540,60,59,1,1
65541,119,122,-3,3
65542,66,74,-8,8
65543,115,115,0,0
65544,172,151,21,21
65545,105,102,3,3
65546,83,81,2,2
65547,75,73,2,2
65548,48,50,-2,2
65549,100,101,-1,1
65550,59,69,-10,10
65551,67,68,-1,1
65552,103,109,-6,6
65553,48,53,-5,5
65554,108,118,-10,10
65555,77,66,11,11
65556,126,124,2,2
65557,82,106,-24,24
65558,38,48,-10,10
65559,99,96,3,3
65560,56,65,-9,9
65561,131,114,17,17
65562,96,90,6,6
65563,83,91,-8,8
65564,120,109,11,11
65565,102,93,9,9
65566,93,97,-4,4
65567,127,124,3,3
65568,67,61,6,6
65569,98,96,2,2
65570,77,72,5,5
65571,84,78,6,6
65572,96,94,2,2
65573,118,115,3,3
65574,84,86,-2,2
65575,70,92,-22,22
65576,100,103,-3,3
65577,118,110,8,8
65578,54,61,-7,7
65579,170,155,15,15
65580,91,100,-9,9
65581,86,84,2,2
65582,82,86,-4,4
65583,123,119,4,4
65584,94,95,-1,1
65585,86,76,10,10
65586,142,149,-7,7
65587,132,114,18,18
65588,140,131,9,9
65589,177,151,26,26
65590,54,66,-12,12
65591,51,59,-8,8
65592,130,124,6,6
65593,71,75,-4,4
65594,61,62,-1,1
65595,93,93,0,0
65596,93,101,-8,8
65597,83,82,1,1
65598,104,97,7,7
65599,93,96,-3,3
65600,88,90,-2,2
65601,89,94,-5,5
65602,154,147,7,7
65603,53,56,-3,3
65604,85,85,0,0
65605,89,96,-7,7
65606,107,106,1,1
65607,102,102,0,0
65608,88,101,-13,13
65609,35,42,-7,7
65610,118,110,8,8
65611,63,63,0,0
65612,56,65,-9,9
65613,41,48,-7,7
65614,108,108,0,0
65615,137,133,4,4
65616,70,68,2,2
65617,131,143,-12,12
65618,83,78,5,5
65619,87,89,-2,2
65620,87,96,-9,9
65621,134,127,7,7
65622,108,95,13,13
65623,73,81,-8,8
65624,110,105,5,5
65625,100,83,17,17
65626,57,33,24,24
65627,101,100,1,1
65628,124,116,8,8
65629,100,104,-4,4
65630,116,120,-4,4
65631,124,108,16,16
65632,119,124,-5,5
65633,95,105,-10,10
65634,131,117,14,14
65635,46,54,-8,8
65636,119,111,8,8
65637,86,83,3,3
65638,148,145,3,3
65639,63,64,-1,1
65640,84,79,5,5
65641,88,84,4,4
65642,125,115,10,10
65643,180,155,25,25
65644,92,98,-6,6
65645,73,80,-7,7
65646,54,62,-8,8
65647,125,128,-3,3
65648,158,149,9,9
65649,115,111,4,4
65650,176,169,7,7
65651,71,93,-22,22
65652,109,115,-6,6
65653,115,107,8,8
65654,135,129,6,6
65655,75,75,0,0
65656,71,77,-6,6
65657,74,90,-16,16
65658,123,134,-11,11
65659,85,92,-7,7
65660,124,114,10,10
65661,51,57,-6,6
65662,53,63,-10,10
65663,97,105,-8,8
65664,92,95,-3,3
65665,122,122,0,0
65666,183,165,18,18
65667,94,101,-7,7
65668,151,136,15,15
65669,65,70,-5,5
65670,146,142,4,4
65671,68,80,-12,12
65672,186,150,36,36
65673,121,109,12,12
65674,77,78,-1,1
65675,99,106,-7,7
65676,102,105,-3,3
65677,80,82,-2,2
65678,123,118,5,5
65679,90,98,-8,8
65680,96,102,-6,6
65681,119,101,18,18
65682,136,131,5,5
65683,84,80,4,4
65684,135,135,0,0
65685,84,105,-21,21
65686,56,61,-5,5
65687,81,85,-4,4
65688,69,62,7,7
65689,89,74,15,15
65690,105,103,2,2
65691,113,115,-2,2
65692,79,78,1,1
65693,167,150,17,17
65694,85,81,4,4
65695,80,84,-4,4
65696,72,74,-2,2
65697,129,130,-1,1
65698,155,130,25,25
65699,53,57,-4,4
65700,48,54,-6,6
65701,45,45,0,0
65702,55,61,-6,6
65703,99,104,-5,5
65704,91,94,-3,3
65705,75,72,3,3
65706,84,85,-1,1
65707,38,51,-13,13
65708,41,52,-11,11
65709,86,91,-5,5
65710,76,73,3,3
65711,53,63,-10,10
65712,63,68,-5,5
65713,79,75,4,4
65714,145,136,9,9
65715,97,102,-5,5
65716,120,119,1,1
65717,74,77,-3,3
65718,96,102,-6,6
65719,101,94,7,7
65720,94,101,-7,7
65721,92,86,6,6
65722,83,72,11,11
65723,122,105,17,17
65724,57,60,-3,3
65725,56,64,-8,8
65726,123,123,0,0
65727,104,102,2,2
65728,147,134,13,13
65729,190,190,0,0
65730,120,114,6,6
65731,173,161,12,12
65732,52,55,-3,3
65733,134,128,6,6
65734,110,102,8,8
65735,84,81,3,3
65736,92,98,-6,6
65737,112,104,8,8
65738,60,62,-2,2
65739,76,77,-1,1
65740,159,145,14,14
65741,61,70,-9,9
65742,141,127,14,14
65743,107,105,2,2
65744,103,98,5,5
65745,129,131,-2,2
65746,61,63,-2,2
65747,77,74,3,3
65748,84,90,-6,6
65749,78,79,-1,1
65750,47,52,-5,5
65751,140,128,12,12
65752,56,57,-1,1
65753,154,139,15,15
65754,77,85,-8,8
65755,85,74,11,11
65756,104,117,-13,13
65757,70,92,-22,22
65758,71,75,-4,4
65759,63,65,-2,2
65760,84,82,2,2
65761,110,98,12,12
65762,88,95,-7,7
65763,74,75,-1,1
65764,72,91,-19,19
65765,46,53,-7,7
65766,94,94,0,0
65767,93,102,-9,9
65768,63,67,-4,4
65769,100,101,-1,1
65770,71,74,-3,3
65771,113,114,-1,1
65772,88,86,2,2
65773,83,73,10,10
65774,76,90,-14,14
65775,83,75,8,8
65776,153,128,25,25
65777,134,133,1,1
65778,91,93,-2,2
65779,56,59,-3,3
65780,89,93,-4,4
65781,51,57,-6,6
65782,121,112,9,9
65783,107,105,2,2
65784,97,145,-48,48
65785,79,76,3,3
65786,115,107,8,8
65787,60,66,-6,6
65788,105,103,2,2
65789,65,71,-6,6
65790,57,61,-4,4
65791,169,147,22,22
65792,92,91,1,1
65793,104,117,-13,13
65794,68,68,0,0
65795,72,72,0,0
65796,92,97,-5,5
65797,124,122,2,2
65798,85,91,-6,6
65799,123,119,4,4
65800,112,105,7,7
65801,138,143,-5,5
65802,205,191,14,14
65803,88,91,-3,3
65804,82,85,-3,3
65805,77,81,-4,4
65806,68,70,-2,2
65807,125,117,8,8
65808,87,87,0,0
65809,112,115,-3,3
65810,66,77,-11,11
65811,132,118,14,14
65812,136,118,18,18
65813,232,216,16,16
65814,63,72,-9,9
65815,77,90,-13,13
65816,121,116,5,5
65817,161,151,10,10
65818,200,158,42,42
65819,65,66,-1,1
65820,104,95,9,9
65821,129,112,17,17
65822,129,133,-4,4
65823,123,116,7,7
65824,72,82,-10,10
65825,59,62,-3,3
65826,94,107,-13,13
65827,102,112,-10,10
65828,74,75,-1,1
65829,64,68,-4,4
65830,48,56,-8,8
65831,80,83,-3,3
65832,112,101,11,11
65833,67,120,-53,53
65834,79,90,-11,11
65835,79,83,-4,4
65836,51,59,-8,8
65837,213,195,18,18
65838,116,119,-3,3
65839,82,86,-4,4
65840,88,96,-8,8
65841,154,162,-8,8
65842,93,92,1,1
65843,115,115,0,0
65844,58,59,-1,1
65845,89,99,-10,10
65846,69,69,0,0
65847,124,116,8,8
65848,87,87,0,0
65849,114,113,1,1
65850,75,83,-8,8
65851,46,70,-24,24
65852,54,60,-6,6
65853,63,61,2,2
65854,54,55,-1,1
65855,70,71,-1,1
65856,98,93,5,5
65857,74,78,-4,4
65858,76,74,2,2
65859,80,77,3,3
65860,73,129,-56,56
65861,108,107,1,1
65862,100,99,1,1
65863,64,62,2,2
65864,101,104,-3,3
65865,75,75,0,0
65866,66,75,-9,9
65867,142,134,8,8
65868,47,52,-5,5
65869,71,69,2,2
65870,26,29,-3,3
65871,53,63,-10,10
65872,133,131,2,2
65873,96,98,-2,2
65874,91,88,3,3
65875,83,79,4,4
65876,103,107,-4,4
65877,89,82,7,7
65878,90,96,-6,6
65879,95,104,-9,9
65880,32,38,-6,6
65881,72,78,-6,6
65882,99,86,13,13
65883,115,113,2,2
65884,86,96,-10,10
65885,93,104,-11,11
65886,129,117,12,12
65887,92,94,-2,2
65888,114,116,-2,2
65889,84,89,-5,5
65890,93,94,-1,1
65891,89,103,-14,14
65892,59,63,-4,4
65893,63,68,-5,5
65894,59,66,-7,7
65895,115,115,0,0
65896,144,121,23,23
65897,76,82,-6,6
65898,112,110,2,2
65899,118,128,-10,10
65900,80,87,-7,7
65901,106,104,2,2
65902,92,104,-12,12
65903,65,72,-7,7
65904,130,135,-5,5
65905,108,105,3,3
65906,44,60,-16,16
65907,101,103,-2,2
65908,72,81,-9,9
65909,67,71,-4,4
65910,73,76,-3,3
65911,184,171,13,13
65912,83,83,0,0
65913,77,78,-1,1
65914,113,109,4,4
65915,46,47,-1,1
65916,101,108,-7,7
65917,92,93,-1,1
65918,122,116,6,6
65919,67,68,-1,1
65920,134,122,12,12
65921,82,85,-3,3
65922,142,142,0,0
65923,101,96,5,5
65924,119,121,-2,2
65925,44,49,-5,5
65926,105,108,-3,3
65927,99,107,-8,8
65928,127,121,6,6
65929,76,77,-1,1
65930,107,96,11,11
65931,104,108,-4,4
65932,104,98,6,6
65933,100,102,-2,2
65934,106,103,3,3
65935,66,63,3,3
65936,154,141,13,13
65937,124,129,-5,5
65938,118,114,4,4
65939,79,81,-2,2
65940,76,76,0,0
65941,89,84,5,5
65942,67,76,-9,9
65943,104,106,-2,2
65944,108,97,11,11
65945,76,75,1,1
65946,47,55,-8,8
65947,98,107,-9,9
65948,137,142,-5,5
65949,111,104,7,7
65950,62,61,1,1
65951,37,42,-5,5
65952,69,70,-1,1
65953,115,123,-8,8
65954,98,103,-5,5
65955,62,67,-5,5
65956,94,97,-3,3
65957,46,55,-9,9
65958,97,93,4,4
65959,108,100,8,8
65960,124,119,5,5
65961,74,91,-17,17
65962,113,108,5,5
65963,96,103,-7,7
65964,135,131,4,4
65965,81,86,-5,5
65966,101,101,0,0
65967,109,113,-4,4
65968,121,116,5,5
65969,62,61,1,1
65970,105,110,-5,5
65971,105,93,12,12
65972,96,81,15,15
65973,90,73,17,17
65974,81,79,2,2
65975,137,126,11,11
65976,86,82,4,4
65977,86,94,-8,8
65978,105,109,-4,4
65979,120,113,7,7
65980,70,69,1,1
65981,90,85,5,5
65982,90,90,0,0
65983,79,82,-3,3
65984,62,65,-3,3
65985,56,63,-7,7
65986,62,64,-2,2
65987,123,109,14,14
65988,108,112,-4,4
65989,73,81,-8,8
65990,92,87,5,5
65991,97,95,2,2
65992,94,94,0,0
65993,119,116,3,3
65994,125,124,1,1
65995,252,223,29,29
65996,124,125,-1,1
65997,76,85,-9,9
65998,120,117,3,3
65999,83,84,-1,1
66000,82,85,-3,3
66001,93,100,-7,7
66002,56,65,-9,9
66003,78,94,-16,16
66004,121,149,-28,28
66005,100,93,7,7
66006,91,82,9,9
66007,66,67,-1,1
66008,62,65,-3,3
66009,72,73,-1,1
66010,77,84,-7,7
66011,93,96,-3,3
66012,176,159,17,17
66013,55,61,-6,6
66014,75,83,-8,8
66015,60,64,-4,4
66016,143,134,9,9
66017,117,116,1,1
66018,36,52,-16,16
66019,45,49,-4,4
66020,96,98,-2,2
66021,81,92,-11,11
66022,106,102,4,4
66023,83,95,-12,12
66024,105,101,4,4
66025,80,89,-9,9
66026,43,48,-5,5
66027,103,108,-5,5
66028,134,118,16,16
66029,53,58,-5,5
66030,115,107,8,8
66031,157,135,22,22
66032,67,77,-10,10
66033,104,115,-11,11
66034,148,144,4,4
66035,116,106,10,10
66036,100,98,2,2
66037,63,68,-5,5
66038,71,82,-11,11
66039,71,69,2,2
66040,67,78,-11,11
66041,105,113,-8,8
66042,102,102,0,0
66043,53,58,-5,5
66044,71,75,-4,4
66045,115,116,-1,1
66046,105,101,4,4
66047,62,82,-20,20
66048,119,115,4,4
66049,151,140,11,11
66050,55,66,-11,11
66051,76,83,-7,7
66052,37,40,-3,3
66053,126,103,23,23
66054,116,95,21,21
66055,119,114,5,5
66056,86,84,2,2
66057,64,73,-9,9
66058,53,66,-13,13
66059,108,103,5,5
66060,118,112,6,6
66061,126,126,0,0
66062,71,68,3,3
66063,99,102,-3,3
66064,49,59,-10,10
66065,87,92,-5,5
66066,75,74,1,1
66067,89,95,-6,6
66068,94,92,2,2
66069,100,92,8,8
66070,80,74,6,6
66071,78,80,-2,2
66072,65,71,-6,6
66073,104,98,6,6
66074,111,115,-4,4
66075,182,150,32,32
66076,69,72,-3,3
66077,67,71,-4,4
66078,99,115,-16,16
66079,82,74,8,8
66080,99,90,9,9
66081,66,69,-3,3
66082,162,153,9,9
66083,142,127,15,15
66084,84,87,-3,3
66085,70,87,-17,17
66086,106,103,3,3
66087,57,64,-7,7
66088,89,85,4,4
66089,119,109,10,10
66090,90,86,4,4
66091,59,69,-10,10
66092,80,77,3,3
66093,113,106,7,7
66094,47,56,-9,9
66095,72,77,-5,5
66096,178,180,-2,2
66097,76,91,-15,15
66098,96,103,-7,7
66099,83,87,-4,4
66100,63,70,-7,7
66101,144,141,3,3
66102,42,58,-16,16
66103,52,52,0,0
66104,125,112,13,13
66105,63,70,-7,7
66106,69,64,5,5
66107,78,75,3,3
66108,63,81,-18,18
66109,80,90,-10,10
66110,101,102,-1,1
66111,187,155,32,32
66112,163,148,15,15
66113,109,116,-7,7
66114,101,112,-11,11
66115,86,93,-7,7
66116,72,86,-14,14
66117,142,164,-22,22
66118,99,92,7,7
66119,64,69,-5,5
66120,79,82,-3,3
66121,85,70,15,15
66122,107,89,18,18
66123,97,96,1,1
66124,116,115,1,1
66125,67,72,-5,5
66126,89,103,-14,14
66127,122,112,10,10
66128,140,136,4,4
66129,62,64,-2,2
66130,119,131,-12,12
66131,117,108,9,9
66132,104,116,-12,12
66133,47,55,-8,8
66134,73,81,-8,8
66135,159,133,26,26
66136,101,104,-3,3
66137,77,70,7,7
66138,58,59,-1,1
66139,78,82,-4,4
66140,97,93,4,4
66141,76,76,0,0
66142,88,91,-3,3
66143,64,68,-4,4
66144,81,94,-13,13
66145,69,71,-2,2
66146,115,129,-14,14
66147,65,88,-23,23
66148,76,70,6,6
66149,58,66,-8,8
66150,33,37,-4,4
66151,133,127,6,6
66152,45,69,-24,24
66153,123,120,3,3
66154,100,98,2,2
66155,82,86,-4,4
66156,83,89,-6,6
66157,117,104,13,13
66158,74,72,2,2
66159,103,103,0,0
66160,72,74,-2,2
66161,142,128,14,14
66162,121,109,12,12
66163,82,81,1,1
66164,80,82,-2,2
66165,100,104,-4,4
66166,164,157,7,7
66167,95,92,3,3
66168,57,64,-7,7
66169,81,75,6,6
66170,39,41,-2,2
66171,123,116,7,7
66172,127,123,4,4
66173,82,83,-1,1
66174,105,104,1,1
66175,72,73,-1,1
66176,37,46,-9,9
66177,85,91,-6,6
66178,152,141,11,11
66179,80,76,4,4
66180,55,63,-8,8
66181,76,93,-17,17
66182,21,42,-21,21
66183,220,197,23,23
66184,159,141,18,18
66185,90,95,-5,5
66186,148,146,2,2
66187,102,96,6,6
66188,83,80,3,3
66189,80,95,-15,15
66190,100,90,10,10
66191,111,100,11,11
66192,79,83,-4,4
66193,82,82,0,0
66194,82,82,0,0
66195,197,184,13,13
66196,188,168,20,20
66197,177,175,2,2
66198,76,77,-1,1
66199,157,171,-14,14
66200,49,57,-8,8
66201,44,49,-5,5
66202,66,70,-4,4
66203,156,141,15,15
66204,111,119,-8,8
66205,69,81,-12,12
66206,188,174,14,14
66207,126,111,15,15
66208,73,73,0,0
66209,111,102,9,9
66210,94,86,8,8
66211,57,68,-11,11
66212,132,121,11,11
66213,164,158,6,6
66214,55,63,-8,8
66215,139,128,11,11
66216,77,73,4,4
66217,43,49,-6,6
66218,96,91,5,5
66219,88,88,0,0
66220,74,72,2,2
66221,81,83,-2,2
66222,84,89,-5,5
66223,100,103,-3,3
66224,108,97,11,11
66225,44,61,-17,17
66226,77,86,-9,9
66227,79,87,-8,8
66228,111,112,-1,1
66229,86,90,-4,4
66230,61,59,2,2
66231,85,84,1,1
66232,45,53,-8,8
66233,81,75,6,6
66234,159,142,17,17
66235,80,78,2,2
66236,94,91,3,3
66237,89,93,-4,4
66238,96,94,2,2
66239,95,91,4,4
66240,127,110,17,17
66241,71,67,4,4
66242,68,68,0,0
66243,80,91,-11,11
66244,122,118,4,4
66245,136,131,5,5
66246,95,97,-2,2
66247,89,91,-2,2
66248,88,94,-6,6
66249,44,48,-4,4
66250,121,113,8,8
66251,47,52,-5,5
66252,72,70,2,2
66253,72,72,0,0
66254,145,158,-13,13
66255,77,81,-4,4
66256,129,139,-10,10
66257,65,73,-8,8
66258,121,112,9,9
66259,92,91,1,1
66260,100,107,-7,7
66261,36,44,-8,8
66262,122,117,5,5
66263,112,98,14,14
66264,76,72,4,4
66265,112,122,-10,10
66266,75,82,-7,7
66267,81,82,-1,1
66268,102,91,11,11
66269,43,55,-12,12
66270,92,97,-5,5
66271,118,103,15,15
66272,73,74,-1,1
66273,179,184,-5,5
66274,63,73,-10,10
66275,128,132,-4,4
66276,161,160,1,1
66277,178,154,24,24
66278,90,91,-1,1
66279,74,75,-1,1
66280,74,81,-7,7
66281,95,99,-4,4
66282,98,103,-5,5
66283,94,92,2,2
66284,115,122,-7,7
66285,131,133,-2,2
66286,99,82,17,17
66287,87,90,-3,3
66288,74,80,-6,6
66289,56,61,-5,5
66290,58,65,-7,7
66291,77,84,-7,7
66292,122,108,14,14
66293,70,75,-5,5
66294,40,53,-13,13
66295,106,109,-3,3
66296,100,104,-4,4
66297,73,78,-5,5
66298,72,68,4,4
66299,99,104,-5,5
66300,135,132,3,3
66301,184,160,24,24
66302,50,70,-20,20
66303,77,79,-2,2
66304,48,52,-4,4
66305,76,80,-4,4
66306,87,96,-9,9
66307,137,125,12,12
66308,110,116,-6,6
66309,84,91,-7,7
66310,74,82,-8,8
66311,83,81,2,2
66312,76,77,-1,1
66313,107,133,-26,26
66314,78,73,5,5
66315,87,84,3,3
66316,64,68,-4,4
66317,60,66,-6,6
66318,94,102,-8,8
66319,80,78,2,2
66320,50,51,-1,1
66321,54,56,-2,2
66322,65,65,0,0
66323,101,109,-8,8
66324,89,88,1,1
66325,127,122,5,5
66326,59,71,-12,12
66327,90,99,-9,9
66328,77,82,-5,5
66329,100,105,-5,5
66330,103,102,1,1
66331,33,58,-25,25
66332,61,61,0,0
66333,63,82,-19,19
66334,47,56,-9,9
66335,51,54,-3,3
66336,141,138,3,3
66337,74,72,2,2
66338,74,78,-4,4
66339,85,87,-2,2
66340,149,132,17,17
66341,90,96,-6,6
66342,79,90,-11,11
66343,93,104,-11,11
66344,79,76,3,3
66345,146,143,3,3
66346,81,85,-4,4
66347,83,107,-24,24
66348,196,178,18,18
66349,114,102,12,12
66350,102,101,1,1
66351,140,133,7,7
66352,46,48,-2,2
66353,189,175,14,14
66354,102,107,-5,5
66355,96,94,2,2
66356,73,87,-14,14
66357,131,140,-9,9
66358,143,128,15,15
66359,94,104,-10,10
66360,95,99,-4,4
66361,131,121,10,10
66362,138,127,11,11
66363,55,66,-11,11
66364,40,43,-3,3
66365,97,95,2,2
66366,70,78,-8,8
66367,95,93,2,2
66368,86,83,3,3
66369,107,104,3,3
66370,45,58,-13,13
66371,107,104,3,3
66372,77,72,5,5
66373,75,75,0,0
66374,85,84,1,1
66375,81,91,-10,10
66376,100,96,4,4
66377,65,75,-10,10
66378,57,65,-8,8
66379,61,61,0,0
66380,79,83,-4,4
66381,104,105,-1,1
66382,106,104,2,2
66383,55,60,-5,5
66384,100,96,4,4
66385,89,92,-3,3
66386,73,74,-1,1
66387,77,85,-8,8
66388,59,61,-2,2
66389,71,76,-5,5
66390,52,68,-16,16
66391,58,59,-1,1
66392,72,68,4,4
66393,90,85,5,5
66394,57,63,-6,6
66395,82,99,-17,17
66396,92,93,-1,1
66397,88,79,9,9
66398,49,57,-8,8
66399,91,87,4,4
66400,171,155,16,16
66401,75,91,-16,16
66402,82,83,-1,1
66403,74,71,3,3
66404,116,116,0,0
66405,95,86,9,9
66406,116,105,11,11
66407,74,103,-29,29
66408,100,99,1,1
66409,81,92,-11,11
66410,141,150,-9,9
66411,113,106,7,7
66412,100,95,5,5
66413,80,74,6,6
66414,96,93,3,3
66415,83,85,-2,2
66416,68,80,-12,12
66417,66,68,-2,2
66418,73,76,-3,3
66419,169,162,7,7
66420,119,104,15,15
66421,82,98,-16,16
66422,85,85,0,0
66423,92,105,-13,13
66424,92,93,-1,1
66425,164,152,12,12
66426,131,130,1,1
66427,106,119,-13,13
66428,72,72,0,0
66429,54,60,-6,6
66430,75,78,-3,3
66431,62,62,0,0
66432,89,85,4,4
66433,63,62,1,1
66434,87,84,3,3
66435,136,124,12,12
66436,79,78,1,1
66437,86,93,-7,7
66438,71,77,-6,6
66439,68,68,0,0
66440,127,122,5,5
66441,78,84,-6,6
66442,43,49,-6,6
66443,82,82,0,0
66444,61,69,-8,8
66445,91,101,-10,10
66446,78,83,-5,5
66447,121,117,4,4
66448,83,84,-1,1
66449,169,168,1,1
66450,56,64,-8,8
66451,78,66,12,12
66452,73,81,-8,8
66453,66,69,-3,3
66454,67,65,2,2
66455,69,56,13,13
66456,96,99,-3,3
66457,118,108,10,10
66458,67,72,-5,5
66459,58,65,-7,7
66460,77,68,9,9
66461,164,145,19,19
66462,57,67,-10,10
66463,98,98,0,0
66464,97,94,3,3
66465,58,64,-6,6
66466,107,106,1,1
66467,70,77,-7,7
66468,121,113,8,8
66469,144,128,16,16
66470,157,152,5,5
66471,113,115,-2,2
66472,66,68,-2,2
66473,47,82,-35,35
66474,106,98,8,8
66475,77,82,-5,5
66476,180,179,1,1
66477,55,57,-2,2
66478,57,69,-12,12
66479,104,103,1,1
66480,120,115,5,5
66481,124,112,12,12
66482,157,160,-3,3
66483,185,179,6,6
66484,63,67,-4,4
66485,158,139,19,19
66486,161,161,0,0
66487,61,67,-6,6
66488,104,104,0,0
66489,65,69,-4,4
66490,174,160,14,14
66491,52,59,-7,7
66492,118,107,11,11
66493,89,93,-4,4
66494,88,87,1,1
66495,88,93,-5,5
66496,62,73,-11,11
66497,67,70,-3,3
66498,118,111,7,7
66499,113,119,-6,6
66500,99,105,-6,6
66501,68,69,-1,1
66502,50,50,0,0
66503,123,118,5,5
66504,97,95,2,2
66505,93,108,-15,15
66506,132,112,20,20
66507,70,78,-8,8
66508,65,66,-1,1
66509,80,96,-16,16
66510,79,80,-1,1
66511,96,96,0,0
66512,69,79,-10,10
66513,142,135,7,7
66514,126,120,6,6
66515,88,109,-21,21
66516,57,59,-2,2
66517,68,68,0,0
66518,97,105,-8,8
66519,128,130,-2,2
66520,129,136,-7,7
66521,92,93,-1,1
66522,146,120,26,26
66523,83,84,-1,1
66524,92,91,1,1
66525,207,181,26,26
66526,40,56,-16,16
66527,92,95,-3,3
66528,95,108,-13,13
66529,107,102,5,5
66530,51,58,-7,7
66531,210,184,26,26
66532,73,75,-2,2
66533,103,99,4,4
66534,120,117,3,3
66535,132,114,18,18
66536,112,107,5,5
66537,86,91,-5,5
66538,195,185,10,10
66539,69,73,-4,4
66540,91,91,0,0
66541,57,73,-16,16
66542,112,107,5,5
66543,72,85,-13,13
66544,90,86,4,4
66545,99,100,-1,1
66546,46,52,-6,6
66547,51,58,-7,7
66548,107,105,2,2
66549,156,153,3,3
66550,61,65,-4,4
66551,88,83,5,5
66552,107,103,4,4
66553,121,110,11,11
66554,89,83,6,6
66555,99,104,-5,5
66556,87,94,-7,7
66557,46,58,-12,12
66558,152,152,0,0
66559,67,72,-5,5
66560,164,163,1,1
66561,68,72,-4,4
66562,94,86,8,8
66563,60,67,-7,7
66564,205,176,29,29
66565,92,92,0,0
66566,95,94,1,1
66567,67,63,4,4
66568,55,61,-6,6
66569,151,132,19,19
66570,160,148,12,12
66571,29,37,-8,8
66572,108,104,4,4
66573,112,116,-4,4
66574,109,153,-44,44
66575,86,83,3,3
66576,75,82,-7,7
66577,60,71,-11,11
66578,64,72,-8,8
66579,64,90,-26,26
66580,110,116,-6,6
66581,81,93,-12,12
66582,79,80,-1,1
66583,124,112,12,12
66584,94,99,-5,5
66585,73,92,-19,19
66586,111,106,5,5
66587,107,104,3,3
66588,71,71,0,0
66589,125,122,3,3
66590,123,108,15,15
66591,63,64,-1,1
66592,98,102,-4,4
66593,101,95,6,6
66594,129,127,2,2
66595,96,101,-5,5
66596,58,64,-6,6
66597,162,156,6,6
66598,48,51,-3,3
66599,151,140,11,11
66600,67,71,-4,4
66601,122,116,6,6
66602,100,103,-3,3
66603,135,140,-5,5
66604,213,177,36,36
66605,129,136,-7,7
66606,61,68,-7,7
66607,70,75,-5,5
66608,88,84,4,4
66609,75,79,-4,4
66610,159,152,7,7
66611,100,108,-8,8
66612,75,73,2,2
66613,120,134,-14,14
66614,70,74,-4,4
66615,129,117,12,12
66616,124,95,29,29
66617,105,104,1,1
66618,60,60,0,0
66619,76,71,5,5
66620,64,74,-10,10
66621,145,142,3,3
66622,95,108,-13,13
66623,104,107,-3,3
66624,148,136,12,12
66625,126,128,-2,2
66626,142,134,8,8
66627,67,71,-4,4
66628,96,101,-5,5
66629,114,107,7,7
66630,47,62,-15,15
66631,125,128,-3,3
66632,66,72,-6,6
66633,203,226,-23,23
66634,58,66,-8,8
66635,114,109,5,5
66636,100,119,-19,19
66637,92,98,-6,6
66638,114,123,-9,9
66639,67,73,-6,6
66640,56,57,-1,1
66641,78,78,0,0
66642,62,66,-4,4
66643,77,91,-14,14
66644,104,97,7,7
66645,37,48,-11,11
66646,94,94,0,0
66647,108,100,8,8
66648,42,47,-5,5
66649,106,105,1,1
66650,74,75,-1,1
66651,116,100,16,16
66652,77,69,8,8
66653,123,129,-6,6
66654,89,97,-8,8
66655,74,74,0,0
66656,118,115,3,3
66657,73,77,-4,4
66658,69,87,-18,18
66659,79,82,-3,3
66660,58,69,-11,11
66661,172,146,26,26
66662,118,108,10,10
66663,140,125,15,15
66664,124,124,0,0
66665,111,102,9,9
66666,88,101,-13,13
66667,90,115,-25,25
66668,59,58,1,1
66669,139,138,1,1
66670,125,125,0,0
66671,64,67,-3,3
66672,147,134,13,13
66673,50,60,-10,10
66674,81,86,-5,5
66675,105,103,2,2
66676,63,71,-8,8
66677,87,93,-6,6
66678,90,91,-1,1
66679,47,53,-6,6
66680,134,127,7,7
66681,61,65,-4,4
66682,73,92,-19,19
66683,73,69,4,4
66684,78,83,-5,5
66685,134,118,16,16
66686,51,51,0,0
66687,108,104,4,4
66688,96,89,7,7
66689,54,80,-26,26
66690,122,121,1,1
66691,129,128,1,1
66692,86,75,11,11
66693,114,114,0,0
66694,70,74,-4,4
66695,79,84,-5,5
66696,56,60,-4,4
66697,66,68,-2,2
66698,89,86,3,3
66699,106,103,3,3
66700,77,82,-5,5
66701,82,83,-1,1
66702,63,84,-21,21
66703,87,90,-3,3
66704,119,127,-8,8
66705,146,132,14,14
66706,71,67,4,4
66707,70,82,-12,12
66708,82,88,-6,6
66709,72,75,-3,3
66710,91,95,-4,4
66711,57,72,-15,15
66712,68,71,-3,3
66713,92,90,2,2
66714,71,74,-3,3
66715,100,97,3,3
66716,106,100,6,6
66717,64,61,3,3
66718,58,67,-9,9
66719,74,75,-1,1
66720,104,114,-10,10
66721,133,120,13,13
66722,59,61,-2,2
66723,77,81,-4,4
66724,90,90,0,0
66725,116,95,21,21
66726,94,93,1,1
66727,102,107,-5,5
66728,130,125,5,5
66729,115,116,-1,1
66730,79,73,6,6
66731,151,139,12,12
66732,88,100,-12,12
66733,188,170,18,18
66734,91,93,-2,2
66735,81,79,2,2
66736,74,80,-6,6
66737,80,81,-1,1
66738,125,115,10,10
66739,140,133,7,7
66740,60,67,-7,7
66741,45,56,-11,11
66742,65,74,-9,9
66743,120,118,2,2
66744,105,107,-2,2
66745,136,139,-3,3
66746,31,65,-34,34
66747,77,83,-6,6
66748,79,92,-13,13
66749,96,101,-5,5
66750,40,62,-22,22
66751,54,58,-4,4
66752,94,86,8,8
66753,83,105,-22,22
66754,54,62,-8,8
66755,92,96,-4,4
66756,146,127,19,19
66757,172,158,14,14
66758,62,65,-3,3
66759,155,149,6,6
66760,111,103,8,8
66761,99,95,4,4
66762,126,109,17,17
66763,55,59,-4,4
66764,202,192,10,10
66765,60,64,-4,4
66766,97,93,4,4
66767,111,103,8,8
66768,114,115,-1,1
66769,81,77,4,4
66770,35,53,-18,18
66771,88,90,-2,2
66772,62,67,-5,5
66773,84,92,-8,8
66774,96,91,5,5
66775,105,105,0,0
66776,67,71,-4,4
66777,68,79,-11,11
66778,75,77,-2,2
66779,64,72,-8,8
66780,165,142,23,23
66781,92,118,-26,26
66782,136,117,19,19
66783,93,96,-3,3
66784,58,56,2,2
66785,72,76,-4,4
66786,87,90,-3,3
66787,53,64,-11,11
66788,138,131,7,7
66789,98,104,-6,6
66790,81,83,-2,2
66791,82,90,-8,8
66792,140,139,1,1
66793,92,93,-1,1
66794,116,115,1,1
66795,169,160,9,9
66796,76,84,-8,8
66797,70,73,-3,3
66798,206,182,24,24
66799,118,114,4,4
66800,82,91,-9,9
66801,143,139,4,4
66802,113,105,8,8
66803,82,84,-2,2
66804,72,75,-3,3
66805,53,55,-2,2
66806,38,59,-21,21
66807,102,98,4,4
66808,98,102,-4,4
66809,60,70,-10,10
66810,133,122,11,11
66811,108,104,4,4
66812,103,97,6,6
66813,58,64,-6,6
66814,80,80,0,0
66815,72,75,-3,3
66816,103,100,3,3
66817,115,124,-9,9
66818,66,79,-13,13
66819,134,127,7,7
66820,129,122,7,7
66821,82,89,-7,7
66822,92,92,0,0
66823,72,73,-1,1
66824,156,148,8,8
66825,97,100,-3,3
66826,80,85,-5,5
66827,110,94,16,16
66828,112,102,10,10
66829,73,73,0,0
66830,93,100,-7,7
66831,84,97,-13,13
66832,69,66,3,3
66833,63,75,-12,12
66834,97,99,-2,2
66835,51,67,-16,16
66836,117,116,1,1
66837,102,114,-12,12
66838,63,69,-6,6
66839,90,113,-23,23
66840,75,75,0,0
66841,31,83,-52,52
66842,118,118,0,0
66843,110,123,-13,13
66844,126,121,5,5
66845,132,136,-4,4
66846,94,92,2,2
66847,55,71,-16,16
66848,119,107,12,12
66849,47,54,-7,7
66850,152,133,19,19
66851,38,32,6,6
66852,96,109,-13,13
66853,79,74,5,5
66854,63,62,1,1
66855,120,116,4,4
66856,97,91,6,6
66857,65,66,-1,1
66858,108,105,3,3
66859,146,144,2,2
66860,99,104,-5,5
66861,50,56,-6,6
66862,98,103,-5,5
66863,61,62,-1,1
66864,67,73,-6,6
66865,102,101,1,1
66866,98,95,3,3
66867,127,117,10,10
66868,134,129,5,5
66869,107,104,3,3
66870,62,68,-6,6
66871,83,82,1,1
66872,41,41,0,0
66873,65,76,-11,11
66874,73,78,-5,5
66875,81,81,0,0
66876,85,85,0,0
66877,85,76,9,9
66878,117,113,4,4
66879,128,132,-4,4
66880,89,93,-4,4
66881,42,44,-2,2
66882,125,142,-17,17
66883,68,73,-5,5
66884,72,81,-9,9
66885,96,97,-1,1
66886,134,131,3,3
66887,122,121,1,1
66888,87,92,-5,5
66889,54,62,-8,8
66890,79,80,-1,1
66891,148,132,16,16
66892,66,74,-8,8
66893,142,130,12,12
66894,106,101,5,5
66895,48,51,-3,3
66896,57,74,-17,17
66897,126,118,8,8
66898,51,60,-9,9
66899,109,120,-11,11
66900,106,107,-1,1
66901,102,103,-1,1
66902,94,95,-1,1
66903,112,108,4,4
66904,140,130,10,10
66905,117,117,0,0
66906,112,94,18,18
66907,49,69,-20,20
66908,156,146,10,10
66909,89,88,1,1
66910,74,82,-8,8
66911,67,75,-8,8
66912,70,84,-14,14
66913,93,102,-9,9
66914,93,97,-4,4
66915,101,105,-4,4
66916,76,91,-15,15
66917,67,74,-7,7
66918,106,103,3,3
66919,72,82,-10,10
66920,65,67,-2,2
66921,87,90,-3,3
66922,89,91,-2,2
66923,257,260,-3,3
66924,175,171,4,4
66925,69,67,2,2
66926,76,72,4,4
66927,65,65,0,0
66928,153,145,8,8
66929,68,74,-6,6
66930,116,106,10,10
66931,114,123,-9,9
66932,76,81,-5,5
66933,65,63,2,2
66934,104,96,8,8
66935,148,136,12,12
66936,43,49,-6,6
66937,90,92,-2,2
66938,99,99,0,0
66939,128,131,-3,3
66940,110,111,-1,1
66941,42,54,-12,12
66942,120,118,2,2
66943,135,112,23,23
66944,134,134,0,0
66945,116,120,-4,4
66946,138,123,15,15
66947,125,112,13,13
66948,43,49,-6,6
66949,89,88,1,1
66950,126,107,19,19
66951,90,86,4,4
66952,77,82,-5,5
66953,91,94,-3,3
66954,120,109,11,11
66955,63,66,-3,3
66956,88,89,-1,1
66957,50,58,-8,8
66958,110,107,3,3
66959,71,69,2,2
66960,81,82,-1,1
66961,120,115,5,5
66962,94,97,-3,3
66963,51,63,-12,12
66964,84,93,-9,9
66965,96,95,1,1
66966,179,161,18,18
66967,57,60,-3,3
66968,114,111,3,3
66969,111,115,-4,4
66970,111,106,5,5
66971,101,98,3,3
66972,53,53,0,0
66973,97,99,-2,2
66974,98,95,3,3
66975,50,58,-8,8
66976,82,85,-3,3
66977,108,103,5,5
66978,59,67,-8,8
66979,69,71,-2,2
66980,68,72,-4,4
66981,69,76,-7,7
66982,73,79,-6,6
66983,28,33,-5,5
66984,75,78,-3,3
66985,68,70,-2,2
66986,110,108,2,2
66987,99,103,-4,4
66988,72,76,-4,4
66989,74,78,-4,4
66990,70,78,-8,8
66991,109,100,9,9
66992,191,181,10,10
66993,54,57,-3,3
66994,119,119,0,0
66995,76,79,-3,3
66996,174,164,10,10
66997,87,88,-1,1
66998,88,91,-3,3
66999,53,57,-4,4
67000,75,81,-6,6
67001,68,69,-1,1
67002,118,119,-1,1
67003,114,107,7,7
67004,101,102,-1,1
67005,102,103,-1,1
67006,82,86,-4,4
67007,100,105,-5,5
67008,134,130,4,4
67009,140,144,-4,4
67010,109,116,-7,7
67011,124,123,1,1
67012,157,133,24,24
67013,67,62,5,5
67014,117,115,2,2
67015,64,65,-1,1
67016,89,97,-8,8
67017,52,49,3,3
67018,126,123,3,3
67019,99,101,-2,2
67020,82,80,2,2
67021,96,83,13,13
67022,85,82,3,3
67023,68,88,-20,20
67024,132,120,12,12
67025,148,140,8,8
67026,56,59,-3,3
67027,173,173,0,0
67028,115,117,-2,2
67029,99,101,-2,2
67030,115,123,-8,8
67031,71,75,-4,4
67032,141,134,7,7
67033,111,105,6,6
67034,53,60,-7,7
67035,279,217,62,62
67036,101,93,8,8
67037,93,95,-2,2
67038,71,70,1,1
67039,163,156,7,7
67040,52,51,1,1
67041,109,110,-1,1
67042,80,93,-13,13
67043,72,107,-35,35
67044,72,72,0,0
67045,87,85,2,2
67046,82,89,-7,7
67047,74,74,0,0
67048,156,144,12,12
67049,133,123,10,10
67050,123,110,13,13
67051,63,66,-3,3
67052,70,76,-6,6
67053,40,44,-4,4
67054,76,90,-14,14
67055,201,195,6,6
67056,76,87,-11,11
67057,109,111,-2,2
67058,116,117,-1,1
67059,45,49,-4,4
67060,59,62,-3,3
67061,104,95,9,9
67062,122,146,-24,24
67063,108,97,11,11
67064,59,68,-9,9
67065,111,121,-10,10
67066,47,48,-1,1
67067,123,118,5,5
67068,127,115,12,12
67069,98,97,1,1
67070,90,92,-2,2
67071,70,77,-7,7
67072,102,101,1,1
67073,101,100,1,1
67074,72,92,-20,20
67075,86,103,-17,17
67076,77,82,-5,5
67077,175,152,23,23
67078,85,91,-6,6
67079,109,105,4,4
67080,143,130,13,13
67081,79,87,-8,8
67082,81,84,-3,3
67083,110,103,7,7
67084,68,81,-13,13
67085,107,106,1,1
67086,115,110,5,5
67087,120,122,-2,2
67088,67,73,-6,6
67089,95,92,3,3
67090,116,112,4,4
67091,83,90,-7,7
67092,97,92,5,5
67093,85,91,-6,6
67094,91,103,-12,12
67095,147,139,8,8
67096,60,72,-12,12
67097,104,100,4,4
67098,99,97,2,2
67099,142,130,12,12
67100,65,70,-5,5
67101,58,63,-5,5
67102,81,92,-11,11
67103,85,84,1,1
67104,158,149,9,9
67105,57,60,-3,3
67106,32,41,-9,9
67107,161,149,12,12
67108,139,132,7,7
67109,123,122,1,1
67110,141,141,0,0
67111,127,126,1,1
67112,65,71,-6,6
67113,177,160,17,17
67114,131,128,3,3
67115,140,133,7,7
67116,51,60,-9,9
67117,85,92,-7,7
67118,75,78,-3,3
67119,103,103,0,0
67120,155,137,18,18
67121,85,85,0,0
67122,72,73,-1,1
67123,80,71,9,9
67124,62,67,-5,5
67125,58,65,-7,7
67126,53,62,-9,9
67127,76,92,-16,16
67128,117,118,-1,1
67129,75,73,2,2
67130,138,128,10,10
67131,82,81,1,1
67132,79,83,-4,4
67133,83,94,-11,11
67134,79,76,3,3
67135,141,129,12,12
67136,76,72,4,4
67137,165,155,10,10
67138,150,149,1,1
67139,65,67,-2,2
67140,37,45,-8,8
67141,55,60,-5,5
67142,227,209,18,18
67143,82,90,-8,8
67144,70,74,-4,4
67145,57,62,-5,5
67146,73,70,3,3
67147,78,76,2,2
67148,58,63,-5,5
67149,87,85,2,2
67150,48,59,-11,11
67151,127,128,-1,1
67152,65,62,3,3
67153,111,97,14,14
67154,74,79,-5,5
67155,103,98,5,5
67156,91,83,8,8
67157,188,200,-12,12
67158,98,112,-14,14
67159,86,90,-4,4
67160,68,66,2,2
67161,99,102,-3,3
67162,68,71,-3,3
67163,87,83,4,4
67164,110,113,-3,3
67165,53,63,-10,10
67166,75,74,1,1
67167,113,111,2,2
67168,103,120,-17,17
67169,48,59,-11,11
67170,180,162,18,18
67171,67,78,-11,11
67172,69,75,-6,6
67173,114,120,-6,6
67174,82,77,5,5
67175,152,144,8,8
67176,108,108,0,0
67177,126,119,7,7
67178,126,133,-7,7
67179,68,72,-4,4
67180,111,107,4,4
67181,127,110,17,17
67182,106,98,8,8
67183,93,103,-10,10
67184,134,135,-1,1
67185,65,72,-7,7
67186,129,118,11,11
67187,84,91,-7,7
67188,64,70,-6,6
67189,147,141,6,6
67190,123,116,7,7
67191,102,102,0,0
67192,66,65,1,1
67193,56,65,-9,9
67194,99,106,-7,7
67195,92,92,0,0
67196,96,97,-1,1
67197,125,132,-7,7
67198,85,85,0,0
67199,100,96,4,4
67200,77,84,-7,7
67201,69,72,-3,3
67202,95,97,-2,2
67203,87,84,3,3
67204,112,108,4,4
67205,124,121,3,3
67206,99,98,1,1
67207,65,66,-1,1
67208,119,101,18,18
67209,66,71,-5,5
67210,89,87,2,2
67211,139,123,16,16
67212,111,103,8,8
67213,81,93,-12,12
67214,100,101,-1,1
67215,82,79,3,3
67216,145,152,-7,7
67217,91,100,-9,9
67218,187,183,4,4
67219,84,88,-4,4
67220,45,53,-8,8
67221,116,118,-2,2
67222,69,72,-3,3
67223,80,86,-6,6
67224,44,42,2,2
67225,93,102,-9,9
67226,58,59,-1,1
67227,74,82,-8,8
67228,74,77,-3,3
67229,99,108,-9,9
67230,93,101,-8,8
67231,67,61,6,6
67232,108,109,-1,1
67233,108,115,-7,7
67234,116,102,14,14
67235,127,113,14,14
67236,98,96,2,2
67237,115,126,-11,11
67238,131,133,-2,2
67239,185,163,22,22
67240,120,105,15,15
67241,75,82,-7,7
67242,165,137,28,28
67243,44,75,-31,31
67244,82,85,-3,3
67245,66,78,-12,12
67246,72,77,-5,5
67247,137,127,10,10
67248,66,71,-5,5
67249,79,95,-16,16
67250,48,57,-9,9
67251,76,81,-5,5
67252,87,85,2,2
67253,90,87,3,3
67254,67,72,-5,5
67255,139,134,5,5
67256,52,60,-8,8
67257,97,92,5,5
67258,135,127,8,8
67259,60,55,5,5
67260,65,71,-6,6
67261,61,58,3,3
67262,175,158,17,17
67263,146,129,17,17
67264,64,77,-13,13
67265,122,120,2,2
67266,66,71,-5,5
67267,62,64,-2,2
67268,97,101,-4,4
67269,117,119,-2,2
67270,72,78,-6,6
67271,66,88,-22,22
67272,147,124,23,23
67273,139,124,15,15
67274,143,147,-4,4
67275,106,107,-1,1
67276,81,87,-6,6
67277,85,79,6,6
67278,112,103,9,9
67279,74,90,-16,16
67280,157,146,11,11
67281,76,73,3,3
67282,69,70,-1,1
67283,133,123,10,10
67284,79,92,-13,13
67285,58,66,-8,8
67286,111,114,-3,3
67287,195,179,16,16
67288,129,113,16,16
67289,58,78,-20,20
67290,101,107,-6,6
67291,186,176,10,10
67292,76,71,5,5
67293,72,73,-1,1
67294,100,105,-5,5
67295,60,67,-7,7
67296,59,69,-10,10
67297,118,111,7,7
67298,195,171,24,24
67299,92,87,5,5
67300,245,246,-1,1
67301,102,111,-9,9
67302,84,90,-6,6
67303,95,98,-3,3
67304,126,118,8,8
67305,101,96,5,5
67306,192,171,21,21
67307,118,115,3,3
67308,72,83,-11,11
67309,66,71,-5,5
67310,72,76,-4,4
67311,75,80,-5,5
67312,47,52,-5,5
67313,53,61,-8,8
67314,75,89,-14,14
67315,77,95,-18,18
67316,133,139,-6,6
67317,66,70,-4,4
67318,122,122,0,0
67319,151,148,3,3
67320,95,110,-15,15
67321,70,82,-12,12
67322,66,69,-3,3
67323,101,100,1,1
67324,92,93,-1,1
67325,94,92,2,2
67326,80,74,6,6
67327,86,93,-7,7
67328,99,98,1,1
67329,167,148,19,19
67330,104,97,7,7
67331,92,85,7,7
67332,82,94,-12,12
67333,93,92,1,1
67334,57,61,-4,4
67335,80,79,1,1
67336,154,131,23,23
67337,92,92,0,0
67338,121,113,8,8
67339,90,100,-10,10
67340,94,97,-3,3
67341,100,101,-1,1
67342,55,66,-11,11
67343,179,172,7,7
67344,157,142,15,15
67345,58,74,-16,16
67346,94,106,-12,12
67347,85,84,1,1
67348,55,67,-12,12
67349,72,67,5,5
67350,114,108,6,6
67351,99,102,-3,3
67352,75,71,4,4
67353,45,48,-3,3
67354,58,60,-2,2
67355,110,106,4,4
67356,69,78,-9,9
67357,68,68,0,0
67358,102,102,0,0
67359,77,90,-13,13
67360,85,86,-1,1
67361,112,110,2,2
67362,40,43,-3,3
67363,73,79,-6,6
67364,76,84,-8,8
67365,65,69,-4,4
67366,72,84,-12,12
67367,89,113,-24,24
67368,110,116,-6,6
67369,91,94,-3,3
67370,59,91,-32,32
67371,90,84,6,6
67372,84,90,-6,6
67373,130,120,10,10
67374,63,64,-1,1
67375,63,68,-5,5
67376,87,86,1,1
67377,106,114,-8,8
67378,145,132,13,13
67379,128,129,-1,1
67380,81,85,-4,4
67381,111,102,9,9
67382,76,84,-8,8
67383,53,66,-13,13
67384,82,80,2,2
67385,100,98,2,2
67386,74,87,-13,13
67387,105,105,0,0
67388,58,64,-6,6
67389,102,104,-2,2
67390,113,106,7,7
67391,99,103,-4,4
67392,113,109,4,4
67393,55,57,-2,2
67394,98,92,6,6
67395,108,112,-4,4
67396,54,56,-2,2
67397,99,97,2,2
67398,78,82,-4,4
67399,68,33,35,35
67400,45,48,-3,3
67401,71,78,-7,7
67402,216,167,49,49
67403,103,101,2,2
67404,77,82,-5,5
67405,64,69,-5,5
67406,108,107,1,1
67407,106,90,16,16
67408,124,106,18,18
67409,71,76,-5,5
67410,91,83,8,8
67411,80,85,-5,5
67412,122,122,0,0
67413,105,105,0,0
67414,80,84,-4,4
67415,142,120,22,22
67416,64,93,-29,29
67417,95,79,16,16
67418,112,121,-9,9
67419,83,79,4,4
67420,147,137,10,10
67421,47,56,-9,9
67422,80,85,-5,5
67423,104,109,-5,5
67424,71,78,-7,7
67425,67,68,-1,1
67426,69,78,-9,9
67427,82,85,-3,3
67428,85,84,1,1
67429,144,138,6,6
67430,81,87,-6,6
67431,141,138,3,3
67432,86,84,2,2
67433,176,172,4,4
67434,74,70,4,4
67435,91,92,-1,1
67436,102,87,15,15
67437,74,71,3,3
67438,97,95,2,2
67439,60,67,-7,7
67440,97,99,-2,2
67441,119,117,2,2
67442,97,103,-6,6
67443,70,75,-5,5
67444,102,96,6,6
67445,61,72,-11,11
67446,86,78,8,8
67447,45,50,-5,5
67448,51,59,-8,8
67449,130,133,-3,3
67450,74,81,-7,7
67451,78,83,-5,5
67452,163,158,5,5
67453,52,64,-12,12
67454,99,105,-6,6
67455,84,92,-8,8
67456,109,103,6,6
67457,84,84,0,0
67458,88,99,-11,11
67459,117,111,6,6
67460,186,170,16,16
67461,55,58,-3,3
67462,65,82,-17,17
67463,119,127,-8,8
67464,71,75,-4,4
67465,87,82,5,5
67466,51,62,-11,11
67467,46,53,-7,7
67468,61,65,-4,4
67469,103,95,8,8
67470,84,83,1,1
67471,56,62,-6,6
67472,73,80,-7,7
67473,84,82,2,2
67474,127,112,15,15
67475,178,176,2,2
67476,71,75,-4,4
67477,107,102,5,5
67478,111,103,8,8
67479,69,74,-5,5
67480,94,102,-8,8
67481,45,57,-12,12
67482,94,97,-3,3
67483,120,126,-6,6
67484,63,69,-6,6
67485,78,75,3,3
67486,40,49,-9,9
67487,114,106,8,8
67488,112,106,6,6
67489,152,145,7,7
67490,184,154,30,30
67491,84,83,1,1
67492,122,113,9,9
67493,108,102,6,6
67494,64,68,-4,4
67495,114,108,6,6
67496,143,142,1,1
67497,97,92,5,5
67498,99,98,1,1
67499,145,150,-5,5
67500,63,66,-3,3
67501,111,112,-1,1
67502,68,75,-7,7
67503,108,118,-10,10
67504,94,89,5,5
67505,77,80,-3,3
67506,49,62,-13,13
67507,82,83,-1,1
67508,66,69,-3,3
67509,74,72,2,2
67510,142,146,-4,4
67511,82,91,-9,9
67512,87,86,1,1
67513,78,83,-5,5
67514,58,68,-10,10
67515,108,106,2,2
67516,50,87,-37,37
67517,170,160,10,10
67518,74,80,-6,6
67519,102,104,-2,2
67520,95,95,0,0
67521,90,84,6,6
67522,118,114,4,4
67523,70,72,-2,2
67524,111,109,2,2
67525,96,105,-9,9
67526,81,83,-2,2
67527,110,104,6,6
67528,94,92,2,2
67529,99,105,-6,6
67530,107,108,-1,1
67531,129,134,-5,5
67532,135,124,11,11
67533,123,111,12,12
67534,67,72,-5,5
67535,79,83,-4,4
67536,91,99,-8,8
67537,72,73,-1,1
67538,150,152,-2,2
67539,117,124,-7,7
67540,60,70,-10,10
67541,102,106,-4,4
67542,32,50,-18,18
67543,65,70,-5,5
67544,163,147,16,16
67545,99,94,5,5
67546,76,77,-1,1
67547,146,130,16,16
67548,137,126,11,11
67549,131,128,3,3
67550,152,139,13,13
67551,93,106,-13,13
67552,78,81,-3,3
67553,83,81,2,2
67554,109,97,12,12
67555,134,140,-6,6
67556,56,74,-18,18
67557,82,82,0,0
67558,50,46,4,4
67559,104,104,0,0
67560,78,83,-5,5
67561,60,65,-5,5
67562,137,125,12,12
67563,64,65,-1,1
67564,144,141,3,3
67565,49,54,-5,5
67566,104,102,2,2
67567,66,69,-3,3
67568,71,72,-1,1
67569,128,123,5,5
67570,84,106,-22,22
67571,141,141,0,0
67572,97,92,5,5
67573,52,50,2,2
67574,74,76,-2,2
67575,98,111,-13,13
67576,71,71,0,0
67577,56,61,-5,5
67578,71,80,-9,9
67579,123,114,9,9
67580,146,128,18,18
67581,77,78,-1,1
67582,68,74,-6,6
67583,110,96,14,14
67584,85,88,-3,3
67585,162,125,37,37
67586,105,96,9,9
67587,68,71,-3,3
67588,100,91,9,9
67589,103,102,1,1
67590,121,108,13,13
67591,96,90,6,6
67592,199,169,30,30
67593,83,86,-3,3
67594,91,91,0,0
67595,61,70,-9,9
67596,103,108,-5,5
67597,95,101,-6,6
67598,68,72,-4,4
67599,94,93,1,1
67600,54,60,-6,6
67601,160,131,29,29
67602,123,108,15,15
67603,154,137,17,17
67604,48,58,-10,10
67605,66,73,-7,7
67606,81,82,-1,1
67607,56,65,-9,9
67608,160,141,19,19
67609,121,146,-25,25
67610,103,95,8,8
67611,126,116,10,10
67612,82,82,0,0
67613,63,75,-12,12
67614,88,92,-4,4
67615,111,118,-7,7
67616,139,132,7,7
67617,103,100,3,3
67618,74,78,-4,4
67619,133,119,14,14
67620,49,58,-9,9
67621,93,94,-1,1
67622,86,91,-5,5
67623,77,74,3,3
67624,56,73,-17,17
67625,66,66,0,0
67626,132,125,7,7
67627,149,129,20,20
67628,39,42,-3,3
67629,117,113,4,4
67630,98,98,0,0
67631,59,62,-3,3
67632,146,142,4,4
67633,106,94,12,12
67634,63,71,-8,8
67635,90,93,-3,3
67636,73,78,-5,5
67637,80,79,1,1
67638,89,88,1,1
67639,88,91,-3,3
67640,51,53,-2,2
67641,85,84,1,1
67642,106,127,-21,21
67643,136,125,11,11
67644,46,51,-5,5
67645,107,110,-3,3
67646,154,152,2,2
67647,109,106,3,3
67648,79,79,0,0
67649,94,84,10,10
67650,64,67,-3,3
67651,63,60,3,3
67652,62,63,-1,1
67653,58,65,-7,7
67654,48,53,-5,5
67655,67,74,-7,7
67656,74,74,0,0
67657,94,93,1,1
67658,75,74,1,1
67659,158,141,17,17
67660,134,124,10,10
67661,189,168,21,21
67662,62,72,-10,10
67663,73,75,-2,2
67664,89,96,-7,7
67665,42,35,7,7
67666,129,116,13,13
67667,65,73,-8,8
67668,49,56,-7,7
67669,163,151,12,12
67670,93,98,-5,5
67671,185,168,17,17
67672,91,94,-3,3
67673,43,50,-7,7
67674,163,158,5,5
67675,65,71,-6,6
67676,49,42,7,7
67677,62,67,-5,5
67678,123,130,-7,7
67679,78,83,-5,5
67680,144,131,13,13
67681,75,103,-28,28
67682,83,83,0,0
67683,122,102,20,20
67684,92,95,-3,3
67685,101,101,0,0
67686,75,85,-10,10
67687,130,114,16,16
67688,160,148,12,12
67689,58,64,-6,6
67690,154,144,10,10
67691,101,94,7,7
67692,54,66,-12,12
67693,177,167,10,10
67694,198,178,20,20
67695,98,103,-5,5
67696,87,102,-15,15
67697,116,111,5,5
67698,63,63,0,0
67699,95,93,2,2
67700,57,58,-1,1
67701,64,63,1,1
67702,69,65,4,4
67703,79,81,-2,2
67704,89,103,-14,14
67705,53,59,-6,6
67706,94,101,-7,7
67707,85,95,-10,10
67708,85,90,-5,5
67709,80,93,-13,13
67710,80,95,-15,15
67711,95,93,2,2
67712,95,93,2,2
67713,72,77,-5,5
67714,59,67,-8,8
67715,122,106,16,16
67716,76,75,1,1
67717,103,93,10,10
67718,80,85,-5,5
67719,84,86,-2,2
67720,108,105,3,3
67721,94,94,0,0
67722,128,126,2,2
67723,121,122,-1,1
67724,156,138,18,18
67725,120,113,7,7
67726,97,102,-5,5
67727,87,102,-15,15
67728,116,110,6,6
67729,48,50,-2,2
67730,139,133,6,6
67731,93,91,2,2
67732,184,183,1,1
67733,62,62,0,0
67734,116,119,-3,3
67735,114,106,8,8
67736,104,98,6,6
67737,94,102,-8,8
67738,169,161,8,8
67739,89,96,-7,7
67740,91,100,-9,9
67741,97,103,-6,6
67742,111,114,-3,3
67743,69,71,-2,2
67744,120,111,9,9
67745,105,122,-17,17
67746,99,100,-1,1
67747,37,71,-34,34
67748,105,94,11,11
67749,69,73,-4,4
67750,67,69,-2,2
67751,31,32,-1,1
67752,60,67,-7,7
67753,90,94,-4,4
67754,74,75,-1,1
67755,123,115,8,8
67756,97,101,-4,4
67757,55,55,0,0
67758,127,119,8,8
67759,122,122,0,0
67760,103,104,-1,1
67761,141,138,3,3
67762,67,70,-3,3
67763,113,115,-2,2
67764,135,133,2,2
67765,203,181,22,22
67766,88,91,-3,3
67767,94,104,-10,10
67768,103,103,0,0
67769,86,87,-1,1
67770,143,142,1,1
67771,52,55,-3,3
67772,75,85,-10,10
67773,114,115,-1,1
67774,92,84,8,8
67775,113,109,4,4
67776,123,118,5,5
67777,68,80,-12,12
67778,86,96,-10,10
67779,27,40,-13,13
67780,126,128,-2,2
67781,89,91,-2,2
67782,113,101,12,12
67783,106,103,3,3
67784,90,91,-1,1
67785,82,78,4,4
67786,88,94,-6,6
67787,97,96,1,1
67788,141,128,13,13
67789,123,110,13,13
67790,188,191,-3,3
67791,108,108,0,0
67792,73,74,-1,1
67793,104,105,-1,1
67794,87,93,-6,6
67795,78,84,-6,6
67796,75,73,2,2
67797,153,142,11,11
67798,74,70,4,4
67799,129,115,14,14
67800,117,110,7,7
67801,82,87,-5,5
67802,103,103,0,0
67803,93,83,10,10
67804,89,93,-4,4
67805,44,55,-11,11
67806,76,78,-2,2
67807,79,94,-15,15
67808,87,93,-6,6
67809,38,43,-5,5
67810,120,117,3,3
67811,88,93,-5,5
67812,155,135,20,20
67813,120,108,12,12
67814,89,87,2,2
67815,100,95,5,5
67816,66,67,-1,1
67817,85,98,-13,13
67818,90,78,12,12
67819,126,124,2,2
67820,153,128,25,25
67821,83,84,-1,1
67822,113,105,8,8
67823,88,96,-8,8
67824,152,151,1,1
67825,104,96,8,8
67826,75,74,1,1
67827,48,49,-1,1
67828,127,116,11,11
67829,79,75,4,4
67830,117,113,4,4
67831,63,71,-8,8
67832,113,115,-2,2
67833,143,155,-12,12
67834,110,106,4,4
67835,75,90,-15,15
67836,48,55,-7,7
67837,64,96,-32,32
67838,99,102,-3,3
67839,91,84,7,7
67840,111,102,9,9
67841,89,92,-3,3
67842,141,129,12,12
67843,101,96,5,5
67844,74,76,-2,2
67845,124,108,16,16
67846,115,124,-9,9
67847,94,105,-11,11
67848,110,117,-7,7
67849,70,75,-5,5
67850,89,100,-11,11
67851,53,59,-6,6
67852,85,95,-10,10
67853,166,149,17,17
67854,77,75,2,2
67855,76,73,3,3
67856,137,145,-8,8
67857,79,90,-11,11
67858,144,119,25,25
67859,57,52,5,5
67860,102,103,-1,1
67861,77,82,-5,5
67862,105,110,-5,5
67863,99,95,4,4
67864,40,46,-6,6
67865,96,94,2,2
67866,99,104,-5,5
67867,69,69,0,0
67868,111,104,7,7
67869,119,124,-5,5
67870,152,141,11,11
67871,138,129,9,9
67872,146,153,-7,7
67873,79,102,-23,23
67874,113,106,7,7
67875,65,75,-10,10
67876,135,122,13,13
67877,58,45,13,13
67878,68,77,-9,9
67879,103,96,7,7
67880,110,112,-2,2
67881,57,64,-7,7
67882,191,175,16,16
67883,87,84,3,3
67884,130,115,15,15
67885,94,95,-1,1
67886,101,109,-8,8
67887,52,51,1,1
67888,134,129,5,5
67889,75,75,0,0
67890,91,95,-4,4
67891,109,109,0,0
67892,96,95,1,1
67893,55,61,-6,6
67894,114,107,7,7
67895,159,148,11,11
67896,74,75,-1,1
67897,89,96,-7,7
67898,45,56,-11,11
67899,50,73,-23,23
67900,78,76,2,2
67901,136,140,-4,4
67902,81,83,-2,2
67903,104,94,10,10
67904,42,47,-5,5
67905,45,48,-3,3
67906,91,82,9,9
67907,81,84,-3,3
67908,73,77,-4,4
67909,163,150,13,13
67910,62,64,-2,2
67911,62,79,-17,17
67912,117,104,13,13
67913,91,98,-7,7
67914,81,92,-11,11
67915,183,155,28,28
67916,115,115,0,0
67917,45,45,0,0
67918,67,73,-6,6
67919,73,71,2,2
67920,115,117,-2,2
67921,143,133,10,10
67922,122,114,8,8
67923,158,135,23,23
67924,132,126,6,6
67925,56,65,-9,9
67926,138,137,1,1
67927,128,115,13,13
67928,170,154,16,16
67929,101,98,3,3
67930,147,136,11,11
67931,116,118,-2,2
67932,97,114,-17,17
67933,116,119,-3,3
67934,73,75,-2,2
67935,58,56,2,2
67936,99,94,5,5
67937,148,148,0,0
67938,56,59,-3,3
67939,144,143,1,1
67940,73,74,-1,1
67941,124,130,-6,6
67942,58,90,-32,32
67943,72,77,-5,5
67944,57,59,-2,2
67945,77,71,6,6
67946,93,90,3,3
67947,136,129,7,7
67948,56,63,-7,7
67949,106,100,6,6
67950,68,67,1,1
67951,107,105,2,2
67952,137,128,9,9
67953,51,58,-7,7
67954,161,156,5,5
67955,75,76,-1,1
67956,207,180,27,27
67957,134,140,-6,6
67958,139,136,3,3
67959,85,90,-5,5
67960,64,69,-5,5
67961,57,64,-7,7
67962,87,84,3,3
67963,143,134,9,9
67964,89,91,-2,2
67965,78,72,6,6
67966,73,94,-21,21
67967,188,191,-3,3
67968,115,102,13,13
67969,119,99,20,20
67970,74,83,-9,9
67971,96,103,-7,7
67972,64,69,-5,5
67973,117,111,6,6
67974,127,129,-2,2
67975,70,78,-8,8
67976,97,106,-9,9
67977,163,145,18,18
67978,143,131,12,12
67979,69,81,-12,12
67980,98,104,-6,6
67981,87,90,-3,3
67982,100,102,-2,2
67983,111,123,-12,12
67984,129,133,-4,4
67985,94,84,10,10
67986,124,117,7,7
67987,70,79,-9,9
67988,64,67,-3,3
67989,131,119,12,12
67990,81,92,-11,11
67991,121,110,11,11
67992,139,127,12,12
67993,49,59,-10,10
67994,54,66,-12,12
67995,109,110,-1,1
67996,71,78,-7,7
67997,124,111,13,13
67998,110,101,9,9
67999,103,107,-4,4
68000,104,113,-9,9
68001,95,112,-17,17
68002,85,76,9,9
68003,83,78,5,5
68004,111,116,-5,5
68005,68,61,7,7
68006,76,74,2,2
68007,47,52,-5,5
68008,143,129,14,14
68009,64,69,-5,5
68010,102,103,-1,1
68011,77,83,-6,6
68012,52,67,-15,15
68013,52,59,-7,7
68014,75,82,-7,7
68015,83,85,-2,2
68016,70,69,1,1
68017,44,50,-6,6
68018,41,48,-7,7
68019,77,75,2,2
68020,53,54,-1,1
68021,132,131,1,1
68022,112,104,8,8
68023,81,76,5,5
68024,85,86,-1,1
68025,90,94,-4,4
68026,51,58,-7,7
68027,55,66,-11,11
68028,45,69,-24,24
68029,52,57,-5,5
68030,98,101,-3,3
68031,72,72,0,0
68032,239,224,15,15
68033,123,108,15,15
68034,164,147,17,17
68035,75,74,1,1
68036,145,140,5,5
68037,63,71,-8,8
68038,63,100,-37,37
68039,100,106,-6,6
68040,110,114,-4,4
68041,76,92,-16,16
68042,94,103,-9,9
68043,109,99,10,10
68044,59,72,-13,13
68045,140,147,-7,7
68046,83,79,4,4
68047,136,130,6,6
68048,50,54,-4,4
68049,85,82,3,3
68050,113,103,10,10
68051,49,61,-12,12
68052,98,90,8,8
68053,80,71,9,9
68054,95,99,-4,4
68055,129,129,0,0
68056,89,87,2,2
68057,115,105,10,10
68058,73,81,-8,8
68059,75,83,-8,8
68060,168,154,14,14
68061,52,61,-9,9
68062,76,75,1,1
68063,104,102,2,2
68064,124,110,14,14
68065,113,113,0,0
68066,80,75,5,5
68067,79,102,-23,23
68068,89,90,-1,1
68069,90,81,9,9
68070,46,57,-11,11
68071,80,75,5,5
68072,108,117,-9,9
68073,46,49,-3,3
68074,106,99,7,7
68075,139,133,6,6
68076,99,102,-3,3
68077,50,53,-3,3
68078,65,67,-2,2
68079,69,72,-3,3
68080,125,119,6,6
68081,97,95,2,2
68082,84,91,-7,7
68083,114,116,-2,2
68084,39,38,1,1
68085,106,100,6,6
68086,88,94,-6,6
68087,80,86,-6,6
68088,178,164,14,14
68089,104,112,-8,8
68090,76,74,2,2
68091,108,98,10,10
68092,82,94,-12,12
68093,44,47,-3,3
68094,67,68,-1,1
68095,69,77,-8,8
68096,69,67,2,2
68097,112,105,7,7
68098,151,130,21,21
68099,47,53,-6,6
68100,70,71,-1,1
68101,86,84,2,2
68102,95,99,-4,4
68103,68,76,-8,8
68104,44,52,-8,8
68105,70,76,-6,6
68106,132,124,8,8
68107,66,70,-4,4
68108,104,102,2,2
68109,155,142,13,13
68110,136,129,7,7
68111,74,76,-2,2
68112,109,106,3,3
68113,88,97,-9,9
68114,156,160,-4,4
68115,153,149,4,4
68116,83,77,6,6
68117,88,84,4,4
68118,167,173,-6,6
68119,44,48,-4,4
68120,124,107,17,17
68121,71,71,0,0
68122,131,116,15,15
68123,94,81,13,13
68124,64,69,-5,5
68125,81,83,-2,2
68126,69,70,-1,1
68127,52,58,-6,6
68128,84,85,-1,1
68129,59,64,-5,5
68130,117,115,2,2
68131,115,108,7,7
68132,86,93,-7,7
68133,111,107,4,4
68134,69,76,-7,7
68135,119,109,10,10
68136,73,74,-1,1
68137,81,79,2,2
68138,79,91,-12,12
68139,89,103,-14,14
68140,51,57,-6,6
68141,63,69,-6,6
68142,87,94,-7,7
68143,116,108,8,8
68144,115,111,4,4
68145,111,115,-4,4
68146,38,44,-6,6
68147,130,135,-5,5
68148,100,94,6,6
68149,60,59,1,1
68150,91,84,7,7
68151,67,71,-4,4
68152,73,70,3,3
68153,152,147,5,5
68154,199,181,18,18
68155,156,146,10,10
68156,61,69,-8,8
68157,109,98,11,11
68158,69,73,-4,4
68159,87,91,-4,4
68160,65,70,-5,5
68161,83,90,-7,7
68162,94,96,-2,2
68163,104,91,13,13
68164,72,81,-9,9
68165,74,91,-17,17
68166,93,84,9,9
68167,88,90,-2,2
68168,88,81,7,7
68169,75,85,-10,10
68170,102,105,-3,3
68171,72,74,-2,2
68172,95,84,11,11
68173,98,98,0,0
68174,86,90,-4,4
68175,91,106,-15,15
68176,67,70,-3,3
68177,73,79,-6,6
68178,129,129,0,0
68179,64,65,-1,1
68180,94,98,-4,4
68181,123,110,13,13
68182,89,91,-2,2
68183,45,55,-10,10
68184,95,96,-1,1
68185,77,75,2,2
68186,61,72,-11,11
68187,151,151,0,0
68188,53,59,-6,6
68189,109,102,7,7
68190,84,92,-8,8
68191,86,96,-10,10
68192,105,105,0,0
68193,107,119,-12,12
68194,97,104,-7,7
68195,41,45,-4,4
68196,69,74,-5,5
68197,111,90,21,21
68198,40,49,-9,9
68199,140,134,6,6
68200,65,73,-8,8
68201,149,118,31,31
68202,46,47,-1,1
68203,103,103,0,0
68204,80,83,-3,3
68205,41,43,-2,2
68206,97,130,-33,33
68207,65,67,-2,2
68208,124,143,-19,19
68209,65,71,-6,6
68210,85,83,2,2
68211,151,144,7,7
68212,75,74,1,1
68213,92,95,-3,3
68214,96,94,2,2
68215,120,129,-9,9
68216,71,74,-3,3
68217,77,82,-5,5
68218,84,95,-11,11
68219,100,108,-8,8
68220,105,115,-10,10
68221,123,116,7,7
68222,53,62,-9,9
68223,178,172,6,6
68224,99,100,-1,1
68225,64,68,-4,4
68226,78,86,-8,8
68227,108,104,4,4
68228,77,80,-3,3
68229,157,141,16,16
68230,72,82,-10,10
68231,68,73,-5,5
68232,87,83,4,4
68233,70,77,-7,7
68234,52,60,-8,8
68235,85,82,3,3
68236,100,105,-5,5
68237,71,71,0,0
68238,109,115,-6,6
68239,154,158,-4,4
68240,96,79,17,17
68241,78,92,-14,14
68242,82,94,-12,12
68243,114,113,1,1
68244,103,107,-4,4
68245,118,121,-3,3
68246,87,95,-8,8
68247,121,127,-6,6
68248,94,95,-1,1
68249,62,60,2,2
68250,89,91,-2,2
68251,105,102,3,3
68252,85,79,6,6
68253,79,92,-13,13
68254,86,85,1,1
68255,100,103,-3,3
68256,104,100,4,4
68257,83,87,-4,4
68258,90,85,5,5
68259,112,127,-15,15
68260,69,75,-6,6
68261,121,102,19,19
68262,84,92,-8,8
68263,87,87,0,0
68264,92,97,-5,5
68265,147,143,4,4
68266,86,93,-7,7
68267,89,86,3,3
68268,52,70,-18,18
68269,110,106,4,4
68270,145,136,9,9
68271,87,90,-3,3
68272,107,92,15,15
68273,145,116,29,29
68274,55,63,-8,8
68275,51,65,-14,14
68276,95,97,-2,2
68277,101,99,2,2
68278,72,71,1,1
68279,90,88,2,2
68280,91,82,9,9
68281,94,99,-5,5
68282,60,69,-9,9
68283,59,61,-2,2
68284,96,91,5,5
68285,55,59,-4,4
68286,101,91,10,10
68287,95,102,-7,7
68288,113,107,6,6
68289,77,74,3,3
68290,114,120,-6,6
68291,101,110,-9,9
68292,100,107,-7,7
68293,64,70,-6,6
68294,100,93,7,7
68295,158,136,22,22
68296,81,84,-3,3
68297,62,66,-4,4
68298,136,129,7,7
68299,156,150,6,6
68300,160,147,13,13
68301,128,128,0,0
68302,49,49,0,0
68303,135,123,12,12
68304,81,87,-6,6
68305,85,86,-1,1
68306,74,72,2,2
68307,141,128,13,13
68308,98,99,-1,1
68309,140,132,8,8
68310,102,97,5,5
68311,91,103,-12,12
68312,68,70,-2,2
68313,117,108,9,9
68314,57,57,0,0
68315,70,72,-2,2
68316,203,167,36,36
68317,96,111,-15,15
68318,128,132,-4,4
68319,81,76,5,5
68320,81,97,-16,16
68321,66,64,2,2
68322,128,123,5,5
68323,150,139,11,11
68324,79,91,-12,12
68325,68,75,-7,7
68326,57,65,-8,8
68327,63,75,-12,12
68328,110,110,0,0
68329,84,84,0,0
68330,84,75,9,9
68331,59,67,-8,8
68332,101,91,10,10
68333,73,78,-5,5
68334,82,91,-9,9
68335,163,154,9,9
68336,113,110,3,3
68337,95,77,18,18
68338,73,77,-4,4
68339,83,83,0,0
68340,114,114,0,0
68341,136,116,20,20
68342,86,91,-5,5
68343,81,82,-1,1
68344,108,113,-5,5
68345,149,149,0,0
68346,101,102,-1,1
68347,78,90,-12,12
68348,126,112,14,14
68349,122,129,-7,7
68350,112,103,9,9
68351,67,65,2,2
68352,62,65,-3,3
68353,112,111,1,1
68354,171,154,17,17
68355,65,65,0,0
68356,97,92,5,5
68357,43,49,-6,6
68358,71,66,5,5
68359,71,72,-1,1
68360,55,50,5,5
68361,72,86,-14,14
68362,85,86,-1,1
68363,190,172,18,18
68364,97,98,-1,1
68365,100,103,-3,3
68366,75,82,-7,7
68367,130,115,15,15
68368,60,65,-5,5
68369,105,104,1,1
68370,85,89,-4,4
68371,89,94,-5,5
68372,93,96,-3,3
68373,39,65,-26,26
68374,74,68,6,6
68375,148,149,-1,1
68376,136,122,14,14
68377,61,74,-13,13
68378,181,166,15,15
68379,99,97,2,2
68380,165,152,13,13
68381,97,96,1,1
68382,116,108,8,8
68383,105,111,-6,6
68384,50,48,2,2
68385,71,84,-13,13
68386,115,108,7,7
68387,61,61,0,0
68388,101,106,-5,5
68389,80,82,-2,2
68390,100,105,-5,5
68391,79,95,-16,16
68392,121,114,7,7
68393,85,97,-12,12
68394,87,93,-6,6
68395,61,68,-7,7
68396,125,131,-6,6
68397,85,94,-9,9
68398,87,91,-4,4
68399,64,73,-9,9
68400,66,70,-4,4
68401,85,92,-7,7
68402,159,142,17,17
68403,132,138,-6,6
68404,96,99,-3,3
68405,100,108,-8,8
68406,76,74,2,2
68407,117,118,-1,1
68408,101,112,-11,11
68409,86,92,-6,6
68410,117,111,6,6
68411,96,94,2,2
68412,55,64,-9,9
68413,145,130,15,15
68414,68,77,-9,9
68415,71,71,0,0
68416,129,125,4,4
68417,121,119,2,2
68418,92,81,11,11
68419,57,64,-7,7
68420,50,49,1,1
68421,56,64,-8,8
68422,52,58,-6,6
68423,61,65,-4,4
68424,164,148,16,16
68425,119,116,3,3
68426,85,80,5,5
68427,83,81,2,2
68428,149,143,6,6
68429,103,93,10,10
68430,61,51,10,10
68431,142,140,2,2
68432,80,90,-10,10
68433,49,58,-9,9
68434,109,100,9,9
68435,101,99,2,2
68436,77,81,-4,4
68437,160,162,-2,2
68438,108,115,-7,7
68439,137,134,3,3
68440,125,122,3,3
68441,76,78,-2,2
68442,145,131,14,14
68443,86,94,-8,8
68444,131,124,7,7
68445,99,108,-9,9
68446,97,103,-6,6
68447,67,63,4,4
68448,107,124,-17,17
68449,87,84,3,3
68450,104,104,0,0
68451,77,75,2,2
68452,49,57,-8,8
68453,152,137,15,15
68454,138,130,8,8
68455,183,171,12,12
68456,53,62,-9,9
68457,100,101,-1,1
68458,71,76,-5,5
68459,73,91,-18,18
68460,108,104,4,4
68461,85,96,-11,11
68462,72,76,-4,4
68463,92,93,-1,1
68464,127,122,5,5
68465,61,88,-27,27
68466,86,100,-14,14
68467,56,57,-1,1
68468,104,97,7,7
68469,86,90,-4,4
68470,142,141,1,1
68471,78,92,-14,14
68472,96,90,6,6
68473,75,83,-8,8
68474,88,91,-3,3
68475,69,72,-3,3
68476,62,68,-6,6
68477,107,105,2,2
68478,65,67,-2,2
68479,129,135,-6,6
68480,86,94,-8,8
68481,77,72,5,5
68482,115,102,13,13
68483,87,86,1,1
68484,32,33,-1,1
68485,80,89,-9,9
68486,107,103,4,4
68487,112,126,-14,14
68488,83,86,-3,3
68489,89,95,-6,6
68490,65,68,-3,3
68491,63,69,-6,6
68492,56,65,-9,9
68493,99,90,9,9
68494,88,92,-4,4
68495,130,125,5,5
68496,59,67,-8,8
68497,157,120,37,37
68498,94,105,-11,11
68499,94,95,-1,1
68500,61,69,-8,8
68501,98,101,-3,3
68502,98,95,3,3
68503,108,103,5,5
68504,122,115,7,7
68505,115,114,1,1
68506,49,57,-8,8
68507,79,83,-4,4
68508,96,101,-5,5
68509,81,94,-13,13
68510,54,59,-5,5
68511,70,77,-7,7
68512,141,130,11,11
68513,113,182,-69,69
68514,110,127,-17,17
68515,75,84,-9,9
68516,85,99,-14,14
68517,85,81,4,4
68518,105,105,0,0
68519,62,72,-10,10
68520,39,49,-10,10
68521,83,87,-4,4
68522,103,100,3,3
68523,69,75,-6,6
68524,103,104,-1,1
68525,82,81,1,1
68526,98,95,3,3
68527,134,122,12,12
68528,51,63,-12,12
68529,98,98,0,0
68530,58,67,-9,9
68531,66,76,-10,10
68532,66,68,-2,2
68533,139,123,16,16
68534,182,168,14,14
68535,118,130,-12,12
68536,69,67,2,2
68537,61,72,-11,11
68538,101,94,7,7
68539,126,99,27,27
68540,87,92,-5,5
68541,53,57,-4,4
68542,83,74,9,9
68543,113,120,-7,7
68544,109,104,5,5
68545,60,65,-5,5
68546,113,115,-2,2
68547,84,94,-10,10
68548,60,60,0,0
68549,56,56,0,0
68550,52,56,-4,4
68551,111,105,6,6
68552,74,82,-8,8
68553,57,62,-5,5
68554,72,75,-3,3
68555,77,82,-5,5
68556,93,93,0,0
68557,167,145,22,22
68558,64,68,-4,4
68559,97,93,4,4
68560,106,110,-4,4
68561,165,150,15,15
68562,86,108,-22,22
68563,146,134,12,12
68564,98,98,0,0
68565,88,92,-4,4
68566,89,93,-4,4
68567,99,100,-1,1
68568,86,92,-6,6
68569,95,107,-12,12
68570,70,69,1,1
68571,91,101,-10,10
68572,98,96,2,2
68573,92,93,-1,1
68574,103,103,0,0
68575,91,85,6,6
68576,58,73,-15,15
68577,61,68,-7,7
68578,53,60,-7,7
68579,83,84,-1,1
68580,56,62,-6,6
68581,84,90,-6,6
68582,73,84,-11,11
68583,73,73,0,0
68584,81,82,-1,1
68585,69,72,-3,3
68586,71,77,-6,6
68587,107,112,-5,5
68588,111,109,2,2
68589,107,103,4,4
68590,115,101,14,14
68591,75,79,-4,4
68592,129,114,15,15
68593,94,93,1,1
68594,52,57,-5,5
68595,146,141,5,5
68596,99,103,-4,4
68597,93,110,-17,17
68598,57,64,-7,7
68599,102,108,-6,6
68600,58,70,-12,12
68601,95,133,-38,38
68602,92,92,0,0
68603,99,95,4,4
68604,115,115,0,0
68605,77,79,-2,2
68606,176,171,5,5
68607,97,103,-6,6
68608,153,134,19,19
68609,74,73,1,1
68610,182,161,21,21
68611,91,103,-12,12
68612,67,78,-11,11
68613,85,98,-13,13
68614,109,105,4,4
68615,113,106,7,7
68616,111,113,-2,2
68617,95,110,-15,15
68618,74,75,-1,1
68619,110,106,4,4
68620,58,58,0,0
68621,135,127,8,8
68622,108,111,-3,3
68623,112,119,-7,7
68624,49,58,-9,9
68625,114,115,-1,1
68626,57,62,-5,5
68627,74,73,1,1
68628,99,102,-3,3
68629,96,95,1,1
68630,88,88,0,0
68631,79,91,-12,12
68632,82,72,10,10
68633,99,98,1,1
68634,116,110,6,6
68635,80,82,-2,2
68636,120,117,3,3
68637,70,69,1,1
68638,74,76,-2,2
68639,55,68,-13,13
68640,97,95,2,2
68641,74,81,-7,7
68642,92,98,-6,6
68643,71,75,-4,4
68644,86,85,1,1
68645,66,66,0,0
68646,74,71,3,3
68647,90,91,-1,1
68648,110,106,4,4
68649,94,96,-2,2
68650,101,100,1,1
68651,115,116,-1,1
68652,91,98,-7,7
68653,102,104,-2,2
68654,116,123,-7,7
68655,130,125,5,5
68656,45,55,-10,10
68657,77,78,-1,1
68658,117,127,-10,10
68659,109,107,2,2
68660,94,95,-1,1
68661,130,122,8,8
68662,37,47,-10,10
68663,73,79,-6,6
68664,79,74,5,5
68665,80,91,-11,11
68666,143,124,19,19
68667,69,72,-3,3
68668,143,139,4,4
68669,105,105,0,0
68670,150,140,10,10
68671,94,92,2,2
68672,107,103,4,4
68673,64,67,-3,3
68674,154,130,24,24
68675,129,126,3,3
68676,118,112,6,6
68677,86,90,-4,4
68678,98,102,-4,4
68679,134,137,-3,3
68680,96,100,-4,4
68681,90,91,-1,1
68682,173,169,4,4
68683,83,88,-5,5
68684,168,162,6,6
68685,97,102,-5,5
68686,88,91,-3,3
68687,54,57,-3,3
68688,142,116,26,26
68689,152,137,15,15
68690,75,86,-11,11
68691,73,75,-2,2
68692,170,175,-5,5
68693,82,85,-3,3
68694,103,109,-6,6
68695,135,124,11,11
68696,98,101,-3,3
68697,190,172,18,18
68698,110,96,14,14
68699,56,68,-12,12
68700,160,142,18,18
68701,86,102,-16,16
68702,105,105,0,0
68703,42,47,-5,5
68704,148,155,-7,7
68705,78,73,5,5
68706,108,110,-2,2
68707,81,81,0,0
68708,135,130,5,5
68709,84,96,-12,12
68710,115,118,-3,3
68711,124,116,8,8
68712,67,80,-13,13
68713,97,97,0,0
68714,90,92,-2,2
68715,158,146,12,12
68716,162,150,12,12
68717,165,159,6,6
68718,76,81,-5,5
68719,174,168,6,6
68720,125,117,8,8
68721,155,148,7,7
68722,80,91,-11,11
68723,150,150,0,0
68724,54,55,-1,1
68725,119,105,14,14
68726,83,75,8,8
68727,56,65,-9,9
68728,69,80,-11,11
68729,94,101,-7,7
68730,103,108,-5,5
68731,120,115,5,5
68732,119,128,-9,9
68733,92,94,-2,2
68734,102,103,-1,1
68735,75,76,-1,1
68736,64,67,-3,3
68737,175,158,17,17
68738,66,68,-2,2
68739,69,69,0,0
68740,66,69,-3,3
68741,42,50,-8,8
68742,222,204,18,18
68743,161,154,7,7
68744,139,122,17,17
68745,88,92,-4,4
68746,81,74,7,7
68747,160,159,1,1
68748,100,104,-4,4
68749,64,74,-10,10
68750,26,31,-5,5
68751,126,119,7,7
68752,49,52,-3,3
68753,101,103,-2,2
68754,78,75,3,3
68755,82,84,-2,2
68756,68,70,-2,2
68757,90,93,-3,3
68758,78,78,0,0
68759,114,116,-2,2
68760,160,149,11,11
68761,108,106,2,2
68762,93,97,-4,4
68763,52,55,-3,3
68764,142,132,10,10
68765,151,152,-1,1
68766,118,118,0,0
68767,90,91,-1,1
68768,103,96,7,7
68769,126,117,9,9
68770,121,116,5,5
68771,111,114,-3,3
68772,87,90,-3,3
68773,48,55,-7,7
68774,86,76,10,10
68775,60,101,-41,41
68776,162,137,25,25
68777,98,92,6,6
68778,134,134,0,0
68779,147,142,5,5
68780,113,115,-2,2
68781,79,77,2,2
68782,76,72,4,4
68783,72,83,-11,11
68784,59,69,-10,10
68785,151,140,11,11
68786,114,108,6,6
68787,71,78,-7,7
68788,146,139,7,7
68789,83,83,0,0
68790,65,68,-3,3
68791,60,59,1,1
68792,113,101,12,12
68793,146,131,15,15
68794,103,108,-5,5
68795,123,111,12,12
68796,59,67,-8,8
68797,158,135,23,23
68798,114,104,10,10
68799,133,119,14,14
68800,151,138,13,13
68801,41,45,-4,4
68802,80,82,-2,2
68803,71,71,0,0
68804,88,93,-5,5
68805,94,106,-12,12
68806,41,57,-16,16
68807,129,140,-11,11
68808,126,115,11,11
68809,132,111,21,21
68810,38,53,-15,15
68811,81,87,-6,6
68812,97,101,-4,4
68813,99,101,-2,2
68814,159,153,6,6
68815,113,117,-4,4
68816,42,57,-15,15
68817,176,156,20,20
68818,96,89,7,7
68819,122,122,0,0
68820,134,135,-1,1
68821,63,68,-5,5
68822,81,79,2,2
68823,94,100,-6,6
68824,122,116,6,6
68825,99,92,7,7
68826,103,107,-4,4
68827,77,100,-23,23
68828,90,100,-10,10
68829,139,121,18,18
68830,74,80,-6,6
68831,83,86,-3,3
68832,84,87,-3,3
68833,108,102,6,6
68834,80,90,-10,10
68835,117,116,1,1
68836,81,80,1,1
68837,73,75,-2,2
68838,146,138,8,8
68839,83,88,-5,5
68840,71,71,0,0
68841,99,108,-9,9
68842,52,57,-5,5
68843,97,106,-9,9
68844,80,75,5,5
68845,112,109,3,3
68846,57,72,-15,15
68847,105,105,0,0
68848,145,145,0,0
68849,104,94,10,10
68850,94,90,4,4
68851,109,112,-3,3
68852,73,74,-1,1
68853,54,59,-5,5
68854,99,94,5,5
68855,204,185,19,19
68856,42,52,-10,10
68857,40,43,-3,3
68858,61,58,3,3
68859,98,102,-4,4
68860,88,95,-7,7
68861,107,116,-9,9
68862,101,103,-2,2
68863,156,144,12,12
68864,43,54,-11,11
68865,85,83,2,2
68866,130,119,11,11
68867,49,63,-14,14
68868,82,82,0,0
68869,105,105,0,0
68870,141,151,-10,10
68871,124,124,0,0
68872,149,160,-11,11
68873,61,59,2,2
68874,163,160,3,3
68875,94,101,-7,7
68876,64,73,-9,9
68877,129,140,-11,11
68878,71,76,-5,5
68879,95,103,-8,8
68880,106,112,-6,6
68881,103,84,19,19
68882,81,79,2,2
68883,89,82,7,7
68884,144,133,11,11
68885,64,73,-9,9
68886,37,115,-78,78
68887,87,81,6,6
68888,34,38,-4,4
68889,94,97,-3,3
68890,84,93,-9,9
68891,76,74,2,2
68892,79,77,2,2
68893,96,106,-10,10
68894,99,98,1,1
68895,102,102,0,0
68896,66,68,-2,2
68897,96,87,9,9
68898,75,79,-4,4
68899,98,94,4,4
68900,75,74,1,1
68901,106,101,5,5
68902,85,85,0,0
68903,104,117,-13,13
68904,83,92,-9,9
68905,92,97,-5,5
68906,110,120,-10,10
68907,89,105,-16,16
68908,148,135,13,13
68909,105,104,1,1
68910,90,85,5,5
68911,42,60,-18,18
68912,102,103,-1,1
68913,142,134,8,8
68914,122,116,6,6
68915,109,97,12,12
68916,101,106,-5,5
68917,89,101,-12,12
68918,118,115,3,3
68919,146,135,11,11
68920,100,105,-5,5
68921,99,96,3,3
68922,62,64,-2,2
68923,84,78,6,6
68924,62,73,-11,11
68925,190,168,22,22
68926,105,112,-7,7
68927,101,98,3,3
68928,69,79,-10,10
68929,105,103,2,2
68930,135,132,3,3
68931,162,162,0,0
68932,96,97,-1,1
68933,80,74,6,6
68934,83,90,-7,7
68935,133,131,2,2
68936,77,75,2,2
68937,130,123,7,7
68938,143,155,-12,12
68939,83,90,-7,7
68940,77,80,-3,3
68941,148,138,10,10
68942,88,83,5,5
68943,47,49,-2,2
68944,66,61,5,5
68945,54,70,-16,16
68946,97,96,1,1
68947,80,90,-10,10
68948,51,71,-20,20
68949,122,126,-4,4
68950,134,119,15,15
68951,152,148,4,4
68952,96,103,-7,7
68953,75,82,-7,7
68954,143,140,3,3
68955,164,157,7,7
68956,99,102,-3,3
68957,149,149,0,0
68958,126,115,11,11
68959,90,85,5,5
68960,102,103,-1,1
68961,18,32,-14,14
68962,103,132,-29,29
68963,130,122,8,8
68964,67,75,-8,8
68965,69,68,1,1
68966,84,84,0,0
68967,122,123,-1,1
68968,103,101,2,2
68969,65,63,2,2
68970,111,116,-5,5
68971,177,180,-3,3
68972,64,67,-3,3
68973,159,158,1,1
68974,123,122,1,1
68975,67,71,-4,4
68976,138,140,-2,2
68977,88,97,-9,9
68978,94,108,-14,14
68979,114,105,9,9
68980,81,80,1,1
68981,68,69,-1,1
68982,214,193,21,21
68983,145,129,16,16
68984,54,62,-8,8
68985,100,96,4,4
68986,146,140,6,6
68987,213,187,26,26
68988,106,115,-9,9
68989,57,55,2,2
68990,128,125,3,3
68991,97,102,-5,5
68992,90,99,-9,9
68993,102,100,2,2
68994,153,136,17,17
68995,84,86,-2,2
68996,27,34,-7,7
68997,51,53,-2,2
68998,73,78,-5,5
68999,86,83,3,3
69000,77,75,2,2
69001,154,137,17,17
69002,107,103,4,4
69003,173,163,10,10
69004,80,83,-3,3
69005,92,94,-2,2
69006,86,90,-4,4
69007,70,73,-3,3
69008,116,117,-1,1
69009,79,80,-1,1
69010,101,101,0,0
69011,138,131,7,7
69012,125,109,16,16
69013,65,70,-5,5
69014,82,89,-7,7
69015,88,94,-6,6
69016,40,54,-14,14
69017,104,106,-2,2
69018,111,110,1,1
69019,81,82,-1,1
69020,67,82,-15,15
69021,91,102,-11,11
69022,135,131,4,4
69023,155,163,-8,8
69024,89,85,4,4
69025,58,72,-14,14
69026,137,130,7,7
69027,69,71,-2,2
69028,84,87,-3,3
69029,110,97,13,13
69030,68,95,-27,27
69031,126,114,12,12
69032,185,146,39,39
69033,64,57,7,7
69034,119,113,6,6
69035,133,128,5,5
69036,96,93,3,3
69037,54,59,-5,5
69038,90,91,-1,1
69039,75,73,2,2
69040,123,126,-3,3
69041,91,94,-3,3
69042,114,113,1,1
69043,49,85,-36,36
69044,119,110,9,9
69045,78,75,3,3
69046,105,102,3,3
69047,113,113,0,0
69048,75,75,0,0
69049,162,157,5,5
69050,62,65,-3,3
69051,93,83,10,10
69052,67,69,-2,2
69053,118,119,-1,1
69054,76,77,-1,1
69055,132,123,9,9
69056,43,48,-5,5
69057,69,77,-8,8
69058,99,104,-5,5
69059,81,79,2,2
69060,103,102,1,1
69061,87,84,3,3
69062,88,84,4,4
69063,92,93,-1,1
69064,102,94,8,8
69065,53,59,-6,6
69066,80,81,-1,1
69067,86,79,7,7
69068,107,109,-2,2
69069,165,165,0,0
69070,43,50,-7,7
69071,84,82,2,2
69072,129,128,1,1
69073,135,131,4,4
69074,32,63,-31,31
69075,49,66,-17,17
69076,91,97,-6,6
69077,72,76,-4,4
69078,85,84,1,1
69079,75,83,-8,8
69080,95,112,-17,17
69081,132,123,9,9
69082,98,106,-8,8
69083,34,36,-2,2
69084,114,113,1,1
69085,104,100,4,4
69086,111,104,7,7
69087,59,60,-1,1
69088,38,49,-11,11
69089,45,47,-2,2
69090,160,170,-10,10
69091,87,89,-2,2
69092,78,91,-13,13
69093,180,143,37,37
69094,112,116,-4,4
69095,99,104,-5,5
69096,77,83,-6,6
69097,64,85,-21,21
69098,93,78,15,15
69099,135,150,-15,15
69100,80,83,-3,3
69101,105,93,12,12
69102,93,97,-4,4
69103,97,104,-7,7
69104,93,104,-11,11
69105,126,107,19,19
69106,100,96,4,4
69107,93,94,-1,1
69108,116,116,0,0
69109,89,92,-3,3
69110,72,92,-20,20
69111,158,139,19,19
69112,107,93,14,14
69113,57,62,-5,5
69114,95,105,-10,10
69115,199,184,15,15
69116,98,99,-1,1
69117,50,55,-5,5
69118,72,72,0,0
69119,86,83,3,3
69120,36,32,4,4
69121,77,70,7,7
69122,144,143,1,1
69123,101,116,-15,15
69124,141,139,2,2
69125,136,122,14,14
69126,81,77,4,4
69127,96,116,-20,20
69128,92,94,-2,2
69129,37,47,-10,10
69130,117,120,-3,3
69131,96,96,0,0
69132,120,133,-13,13
69133,58,65,-7,7
69134,147,123,24,24
69135,60,69,-9,9
69136,85,83,2,2
69137,71,68,3,3
69138,74,71,3,3
69139,98,101,-3,3
69140,59,61,-2,2
69141,77,82,-5,5
69142,77,85,-8,8
69143,76,80,-4,4
69144,52,60,-8,8
69145,116,108,8,8
69146,78,90,-12,12
69147,74,76,-2,2
69148,124,119,5,5
69149,58,57,1,1
69150,86,83,3,3
69151,132,121,11,11
69152,108,100,8,8
69153,38,45,-7,7
69154,138,137,1,1
69155,74,75,-1,1
69156,73,77,-4,4
69157,95,84,11,11
69158,129,126,3,3
69159,102,97,5,5
69160,112,106,6,6
69161,141,136,5,5
69162,76,77,-1,1
69163,142,135,7,7
69164,72,73,-1,1
69165,163,153,10,10
69166,122,117,5,5
69167,44,44,0,0
69168,104,104,0,0
69169,72,85,-13,13
69170,60,61,-1,1
69171,69,69,0,0
69172,113,107,6,6
69173,89,90,-1,1
69174,42,45,-3,3
69175,146,140,6,6
69176,147,119,28,28
69177,132,144,-12,12
69178,107,102,5,5
69179,77,85,-8,8
69180,102,102,0,0
69181,153,134,19,19
69182,56,78,-22,22
69183,105,107,-2,2
69184,129,126,3,3
69185,99,94,5,5
69186,55,61,-6,6
69187,102,114,-12,12
69188,102,95,7,7
69189,111,111,0,0
69190,123,126,-3,3
69191,62,71,-9,9
69192,152,163,-11,11
69193,89,85,4,4
69194,94,91,3,3
69195,35,54,-19,19
69196,94,94,0,0
69197,110,116,-6,6
69198,175,172,3,3
69199,105,98,7,7
69200,42,52,-10,10
69201,152,140,12,12
69202,149,137,12,12
69203,207,181,26,26
69204,152,154,-2,2
69205,88,99,-11,11
69206,94,93,1,1
69207,76,73,3,3
69208,84,88,-4,4
69209,87,86,1,1
69210,59,49,10,10
69211,112,106,6,6
69212,110,103,7,7
69213,136,115,21,21
69214,81,98,-17,17
69215,177,158,19,19
69216,120,125,-5,5
69217,86,86,0,0
69218,57,64,-7,7
69219,100,84,16,16
69220,134,128,6,6
69221,75,74,1,1
69222,88,90,-2,2
69223,82,93,-11,11
69224,54,64,-10,10
69225,74,73,1,1
69226,50,55,-5,5
69227,125,115,10,10
69228,85,92,-7,7
69229,148,144,4,4
69230,88,93,-5,5
69231,58,73,-15,15
69232,124,108,16,16
69233,129,128,1,1
69234,100,99,1,1
69235,76,77,-1,1
69236,86,83,3,3
69237,57,72,-15,15
69238,84,85,-1,1
69239,103,99,4,4
69240,87,91,-4,4
69241,114,117,-3,3
69242,58,66,-8,8
69243,100,94,6,6
69244,92,96,-4,4
69245,78,83,-5,5
69246,73,90,-17,17
69247,73,70,3,3
69248,106,107,-1,1
69249,135,131,4,4
69250,95,108,-13,13
69251,75,82,-7,7
69252,116,124,-8,8
69253,58,60,-2,2
69254,135,126,9,9
69255,75,78,-3,3
69256,51,59,-8,8
69257,69,72,-3,3
69258,97,110,-13,13
69259,73,79,-6,6
69260,91,100,-9,9
69261,156,150,6,6
69262,67,75,-8,8
69263,77,77,0,0
69264,133,135,-2,2
69265,129,143,-14,14
69266,110,108,2,2
69267,121,133,-12,12
69268,150,144,6,6
69269,89,91,-2,2
69270,71,66,5,5
69271,119,107,12,12
69272,70,80,-10,10
69273,121,128,-7,7
69274,116,118,-2,2
69275,123,127,-4,4
69276,95,93,2,2
69277,70,70,0,0
69278,111,97,14,14
69279,113,107,6,6
69280,92,80,12,12
69281,52,62,-10,10
69282,114,114,0,0
69283,106,103,3,3
69284,102,115,-13,13
69285,72,84,-12,12
69286,134,116,18,18
69287,101,98,3,3
69288,134,120,14,14
69289,111,113,-2,2
69290,99,99,0,0
69291,98,96,2,2
69292,94,100,-6,6
69293,44,50,-6,6
69294,92,97,-5,5
69295,81,81,0,0
69296,74,78,-4,4
69297,51,52,-1,1
69298,135,132,3,3
69299,34,45,-11,11
69300,151,147,4,4
69301,64,68,-4,4
69302,105,111,-6,6
69303,117,103,14,14
69304,88,91,-3,3
69305,100,103,-3,3
69306,88,87,1,1
69307,84,88,-4,4
69308,189,181,8,8
69309,45,53,-8,8
69310,64,70,-6,6
69311,94,94,0,0
69312,199,180,19,19
69313,80,75,5,5
69314,105,109,-4,4
69315,112,107,5,5
69316,59,48,11,11
69317,54,62,-8,8
69318,123,115,8,8
69319,59,65,-6,6
69320,186,172,14,14
69321,110,110,0,0
69322,117,110,7,7
69323,82,87,-5,5
69324,202,170,32,32
69325,129,112,17,17
69326,91,95,-4,4
69327,131,107,24,24
69328,117,107,10,10
69329,82,75,7,7
69330,78,90,-12,12
69331,129,126,3,3
69332,46,44,2,2
69333,122,125,-3,3
69334,124,115,9,9
69335,186,190,-4,4
69336,103,103,0,0
69337,112,117,-5,5
69338,135,136,-1,1
69339,68,73,-5,5
69340,110,108,2,2
69341,57,61,-4,4
69342,144,139,5,5
69343,115,102,13,13
69344,143,135,8,8
69345,75,83,-8,8
69346,69,68,1,1
69347,140,124,16,16
69348,93,102,-9,9
69349,74,76,-2,2
69350,165,158,7,7
69351,77,82,-5,5
69352,57,64,-7,7
69353,87,103,-16,16
69354,123,124,-1,1
69355,78,85,-7,7
69356,120,118,2,2
69357,100,99,1,1
69358,112,112,0,0
69359,87,92,-5,5
69360,98,85,13,13
69361,106,104,2,2
69362,91,100,-9,9
69363,107,108,-1,1
69364,67,66,1,1
69365,125,120,5,5
69366,61,59,2,2
69367,96,101,-5,5
69368,73,75,-2,2
69369,70,73,-3,3
69370,89,83,6,6
69371,114,110,4,4
69372,74,81,-7,7
69373,133,114,19,19
69374,107,112,-5,5
69375,91,93,-2,2
69376,83,77,6,6
69377,76,74,2,2
69378,75,84,-9,9
69379,83,82,1,1
69380,62,66,-4,4
69381,71,83,-12,12
69382,40,45,-5,5
69383,131,121,10,10
69384,138,140,-2,2
69385,43,54,-11,11
69386,76,84,-8,8
69387,128,151,-23,23
69388,62,66,-4,4
69389,128,121,7,7
69390,79,90,-11,11
69391,140,128,12,12
69392,94,104,-10,10
69393,96,101,-5,5
69394,43,43,0,0
69395,159,149,10,10
69396,62,61,1,1
69397,131,122,9,9
69398,65,69,-4,4
69399,63,72,-9,9
69400,116,125,-9,9
69401,65,83,-18,18
69402,70,68,2,2
69403,56,62,-6,6
69404,95,97,-2,2
69405,120,113,7,7
69406,93,101,-8,8
69407,92,93,-1,1
69408,101,94,7,7
69409,106,109,-3,3
69410,151,140,11,11
69411,98,95,3,3
69412,63,68,-5,5
69413,120,124,-4,4
69414,93,93,0,0
69415,89,91,-2,2
69416,47,53,-6,6
69417,92,98,-6,6
69418,95,91,4,4
69419,90,84,6,6
69420,116,107,9,9
69421,88,89,-1,1
69422,107,115,-8,8
69423,168,177,-9,9
69424,49,52,-3,3
69425,111,106,5,5
69426,76,83,-7,7
69427,89,92,-3,3
69428,72,77,-5,5
69429,131,129,2,2
69430,61,76,-15,15
69431,106,100,6,6
69432,65,72,-7,7
69433,76,80,-4,4
69434,62,95,-33,33
69435,63,66,-3,3
69436,77,76,1,1
69437,120,108,12,12
69438,109,110,-1,1
69439,93,94,-1,1
69440,66,69,-3,3
69441,72,70,2,2
69442,94,91,3,3
69443,143,125,18,18
69444,75,80,-5,5
69445,99,102,-3,3
69446,112,115,-3,3
69447,66,71,-5,5
69448,72,69,3,3
69449,46,59,-13,13
69450,100,102,-2,2
69451,89,83,6,6
69452,101,101,0,0
69453,63,63,0,0
69454,108,107,1,1
69455,89,94,-5,5
69456,101,100,1,1
69457,94,93,1,1
69458,73,76,-3,3
69459,148,117,31,31
69460,142,129,13,13
69461,92,93,-1,1
69462,151,144,7,7
69463,119,115,4,4
69464,61,69,-8,8
69465,124,126,-2,2
69466,46,55,-9,9
69467,67,79,-12,12
69468,46,68,-22,22
69469,81,75,6,6
69470,104,109,-5,5
69471,47,52,-5,5
69472,88,90,-2,2
69473,115,88,27,27
69474,92,106,-14,14
69475,100,89,11,11
69476,141,136,5,5
69477,107,105,2,2
69478,127,110,17,17
69479,117,125,-8,8
69480,72,74,-2,2
69481,81,90,-9,9
69482,100,128,-28,28
69483,84,104,-20,20
69484,70,69,1,1
69485,152,139,13,13
69486,32,45,-13,13
69487,121,121,0,0
69488,69,71,-2,2
69489,63,69,-6,6
69490,76,81,-5,5
69491,81,91,-10,10
69492,106,104,2,2
69493,69,78,-9,9
69494,54,60,-6,6
69495,92,92,0,0
69496,61,69,-8,8
69497,141,124,17,17
69498,78,79,-1,1
69499,124,142,-18,18
69500,94,95,-1,1
69501,66,73,-7,7
69502,156,154,2,2
69503,80,102,-22,22
69504,84,89,-5,5
69505,161,158,3,3
69506,106,100,6,6
69507,98,101,-3,3
69508,108,106,2,2
69509,109,103,6,6
69510,85,84,1,1
69511,74,87,-13,13
69512,74,75,-1,1
69513,88,99,-11,11
69514,128,120,8,8
69515,93,92,1,1
69516,140,137,3,3
69517,109,106,3,3
69518,58,60,-2,2
69519,73,67,6,6
69520,86,91,-5,5
69521,94,96,-2,2
69522,332,310,22,22
69523,112,104,8,8
69524,48,52,-4,4
69525,73,80,-7,7
69526,116,114,2,2
69527,105,94,11,11
69528,65,69,-4,4
69529,108,105,3,3
69530,83,95,-12,12
69531,81,93,-12,12
69532,155,156,-1,1
69533,110,103,7,7
69534,120,108,12,12
69535,92,91,1,1
69536,152,139,13,13
69537,131,133,-2,2
69538,48,68,-20,20
69539,68,70,-2,2
69540,74,73,1,1
69541,86,100,-14,14
69542,148,154,-6,6
69543,188,175,13,13
69544,79,91,-12,12
69545,125,117,8,8
69546,95,84,11,11
69547,63,64,-1,1
69548,78,75,3,3
69549,116,117,-1,1
69550,83,91,-8,8
69551,68,73,-5,5
69552,104,109,-5,5
69553,107,105,2,2
69554,93,91,2,2
69555,115,115,0,0
69556,105,82,23,23
69557,76,97,-21,21
69558,129,117,12,12
69559,53,54,-1,1
69560,78,93,-15,15
69561,108,106,2,2
69562,39,47,-8,8
69563,81,76,5,5
69564,122,124,-2,2
69565,74,74,0,0
69566,63,69,-6,6
69567,115,109,6,6
69568,119,121,-2,2
69569,130,127,3,3
69570,103,126,-23,23
69571,107,110,-3,3
69572,69,81,-12,12
69573,130,120,10,10
69574,98,115,-17,17
69575,126,113,13,13
69576,119,104,15,15
69577,86,94,-8,8
69578,211,197,14,14
69579,82,85,-3,3
69580,64,65,-1,1
69581,96,77,19,19
69582,63,67,-4,4
69583,102,104,-2,2
69584,119,122,-3,3
69585,82,92,-10,10
69586,119,111,8,8
69587,64,67,-3,3
69588,48,48,0,0
69589,140,132,8,8
69590,112,105,7,7
69591,93,104,-11,11
69592,88,93,-5,5
69593,93,96,-3,3
69594,60,61,-1,1
69595,66,70,-4,4
69596,48,50,-2,2
69597,101,96,5,5
69598,54,61,-7,7
69599,99,93,6,6
69600,81,82,-1,1
69601,155,141,14,14
69602,80,82,-2,2
69603,69,74,-5,5
69604,65,79,-14,14
69605,81,94,-13,13
69606,100,104,-4,4
69607,89,98,-9,9
69608,86,94,-8,8
69609,107,111,-4,4
69610,61,69,-8,8
69611,59,58,1,1
69612,51,62,-11,11
69613,147,145,2,2
69614,127,113,14,14
69615,130,133,-3,3
69616,53,54,-1,1
69617,117,99,18,18
69618,132,127,5,5
69619,119,115,4,4
69620,107,94,13,13
69621,79,95,-16,16
69622,157,152,5,5
69623,125,107,18,18
69624,60,66,-6,6
69625,79,72,7,7
69626,80,91,-11,11
69627,151,132,19,19
69628,109,102,7,7
69629,64,68,-4,4
69630,111,100,11,11
69631,44,57,-13,13
69632,95,84,11,11
69633,137,127,10,10
69634,121,100,21,21
69635,51,62,-11,11
69636,53,66,-13,13
69637,93,93,0,0
69638,91,99,-8,8
69639,125,112,13,13
69640,59,66,-7,7
69641,63,65,-2,2
69642,111,99,12,12
69643,117,121,-4,4
69644,74,76,-2,2
69645,117,115,2,2
69646,65,67,-2,2
69647,100,93,7,7
69648,227,213,14,14
69649,145,165,-20,20
69650,82,88,-6,6
69651,93,80,13,13
69652,120,129,-9,9
69653,122,110,12,12
69654,121,114,7,7
69655,106,92,14,14
69656,95,101,-6,6
69657,71,73,-2,2
69658,64,72,-8,8
69659,103,104,-1,1
69660,66,81,-15,15
69661,60,67,-7,7
69662,85,87,-2,2
69663,110,106,4,4
69664,109,109,0,0
69665,80,96,-16,16
69666,80,71,9,9
69667,147,147,0,0
69668,107,111,-4,4
69669,61,65,-4,4
69670,163,157,6,6
69671,60,63,-3,3
69672,85,84,1,1
69673,152,151,1,1
69674,90,91,-1,1
69675,81,80,1,1
69676,76,73,3,3
69677,95,93,2,2
69678,70,74,-4,4
69679,101,98,3,3
69680,65,65,0,0
69681,78,90,-12,12
69682,94,98,-4,4
69683,69,73,-4,4
69684,161,159,2,2
69685,97,104,-7,7
69686,66,75,-9,9
69687,171,154,17,17
69688,93,84,9,9
69689,98,93,5,5
69690,101,105,-4,4
69691,97,102,-5,5
69692,74,81,-7,7
69693,88,78,10,10
69694,184,180,4,4
69695,74,81,-7,7
69696,65,75,-10,10
69697,193,174,19,19
69698,103,96,7,7
69699,57,65,-8,8
69700,113,132,-19,19
69701,145,167,-22,22
69702,60,68,-8,8
69703,128,137,-9,9
69704,89,90,-1,1
69705,80,84,-4,4
69706,79,74,5,5
69707,114,107,7,7
69708,200,187,13,13
69709,133,127,6,6
69710,114,106,8,8
69711,125,115,10,10
69712,82,83,-1,1
69713,90,84,6,6
69714,95,95,0,0
69715,140,143,-3,3
69716,96,104,-8,8
69717,186,171,15,15
69718,89,101,-12,12
69719,57,62,-5,5
69720,76,81,-5,5
69721,64,68,-4,4
69722,138,128,10,10
69723,97,91,6,6
69724,95,106,-11,11
69725,157,154,3,3
69726,76,74,2,2
69727,77,82,-5,5
69728,110,109,1,1
69729,191,176,15,15
69730,70,74,-4,4
69731,100,114,-14,14
69732,98,102,-4,4
69733,64,71,-7,7
69734,106,104,2,2
69735,95,99,-4,4
69736,70,85,-15,15
69737,132,117,15,15
69738,43,41,2,2
69739,177,157,20,20
69740,59,61,-2,2
69741,42,52,-10,10
69742,40,40,0,0
69743,82,33,49,49
69744,79,87,-8,8
69745,62,74,-12,12
69746,108,103,5,5
69747,103,114,-11,11
69748,92,93,-1,1
69749,63,69,-6,6
69750,65,70,-5,5
69751,144,143,1,1
69752,92,94,-2,2
69753,129,128,1,1
69754,137,136,1,1
69755,122,127,-5,5
69756,48,70,-22,22
69757,85,73,12,12
69758,90,98,-8,8
69759,82,75,7,7
69760,112,106,6,6
69761,85,90,-5,5
69762,91,87,4,4
69763,78,83,-5,5
69764,69,73,-4,4
69765,121,112,9,9
69766,68,72,-4,4
69767,131,129,2,2
69768,89,90,-1,1
69769,93,93,0,0
69770,54,51,3,3
69771,136,134,2,2
69772,35,74,-39,39
69773,178,159,19,19
69774,105,102,3,3
69775,145,142,3,3
69776,75,84,-9,9
69777,117,105,12,12
69778,63,65,-2,2
69779,132,128,4,4
69780,100,101,-1,1
69781,67,69,-2,2
69782,47,57,-10,10
69783,128,115,13,13
69784,119,127,-8,8
69785,119,120,-1,1
69786,93,83,10,10
69787,121,119,2,2
69788,79,75,4,4
69789,166,156,10,10
69790,87,84,3,3
69791,85,92,-7,7
69792,80,76,4,4
69793,68,70,-2,2
69794,131,133,-2,2
69795,124,116,8,8
69796,146,148,-2,2
69797,71,70,1,1
69798,89,103,-14,14
69799,60,70,-10,10
69800,64,66,-2,2
69801,63,75,-12,12
69802,61,67,-6,6
69803,119,103,16,16
69804,83,90,-7,7
69805,96,98,-2,2
69806,116,133,-17,17
69807,122,116,6,6
69808,102,95,7,7
69809,85,92,-7,7
69810,129,131,-2,2
69811,109,103,6,6
69812,41,45,-4,4
69813,95,101,-6,6
69814,131,107,24,24
69815,98,82,16,16
69816,105,99,6,6
69817,35,49,-14,14
69818,65,68,-3,3
69819,69,70,-1,1
69820,72,72,0,0
69821,101,104,-3,3
69822,86,88,-2,2
69823,103,105,-2,2
69824,110,100,10,10
69825,77,71,6,6
69826,98,76,22,22
69827,107,103,4,4
69828,72,81,-9,9
69829,109,109,0,0
69830,68,66,2,2
69831,64,64,0,0
69832,158,151,7,7
69833,112,116,-4,4
69834,71,84,-13,13
69835,119,111,8,8
69836,63,69,-6,6
69837,66,69,-3,3
69838,90,87,3,3
69839,114,118,-4,4
69840,81,86,-5,5
69841,136,124,12,12
69842,92,93,-1,1
69843,46,65,-19,19
69844,48,53,-5,5
69845,99,93,6,6
69846,63,70,-7,7
69847,113,113,0,0
69848,77,82,-5,5
69849,95,107,-12,12
69850,95,96,-1,1
69851,92,97,-5,5
69852,77,76,1,1
69853,108,107,1,1
69854,80,82,-2,2
69855,106,104,2,2
69856,193,182,11,11
69857,138,124,14,14
69858,146,144,2,2
69859,146,146,0,0
69860,121,109,12,12
69861,134,118,16,16
69862,92,95,-3,3
69863,109,104,5,5
69864,94,99,-5,5
69865,96,105,-9,9
69866,105,118,-13,13
69867,124,127,-3,3
69868,101,100,1,1
69869,63,73,-10,10
69870,91,97,-6,6
69871,75,87,-12,12
69872,89,102,-13,13
69873,134,130,4,4
69874,130,120,10,10
69875,71,84,-13,13
69876,152,147,5,5
69877,79,67,12,12
69878,82,74,8,8
69879,80,85,-5,5
69880,51,57,-6,6
69881,134,128,6,6
69882,120,105,15,15
69883,88,91,-3,3
69884,66,75,-9,9
69885,40,51,-11,11
69886,81,74,7,7
69887,125,111,14,14
69888,57,61,-4,4
69889,127,115,12,12
69890,70,68,2,2
69891,144,102,42,42
69892,100,107,-7,7
69893,190,168,22,22
69894,79,82,-3,3
69895,95,74,21,21
69896,86,77,9,9
69897,75,63,12,12
69898,108,102,6,6
69899,74,75,-1,1
69900,110,120,-10,10
69901,121,112,9,9
69902,75,79,-4,4
69903,193,168,25,25
69904,102,101,1,1
69905,83,92,-9,9
69906,161,156,5,5
69907,43,53,-10,10
69908,157,173,-16,16
69909,152,157,-5,5
69910,166,153,13,13
69911,61,64,-3,3
69912,123,117,6,6
69913,77,69,8,8
69914,76,71,5,5
69915,103,108,-5,5
69916,73,73,0,0
69917,94,97,-3,3
69918,71,80,-9,9
69919,69,83,-14,14
69920,46,49,-3,3
69921,59,62,-3,3
69922,109,102,7,7
69923,166,167,-1,1
69924,65,67,-2,2
69925,97,95,2,2
69926,170,153,17,17
69927,76,82,-6,6
69928,79,82,-3,3
69929,84,93,-9,9
69930,36,37,-1,1
69931,149,145,4,4
69932,61,62,-1,1
69933,109,107,2,2
69934,160,138,22,22
69935,96,94,2,2
69936,139,139,0,0
69937,59,64,-5,5
69938,52,45,7,7
69939,148,137,11,11
69940,90,75,15,15
69941,68,65,3,3
69942,60,67,-7,7
69943,110,108,2,2
69944,80,102,-22,22
69945,37,40,-3,3
69946,75,90,-15,15
69947,62,72,-10,10
69948,66,70,-4,4
69949,99,105,-6,6
69950,105,102,3,3
69951,165,148,17,17
69952,164,154,10,10
69953,93,95,-2,2
69954,58,77,-19,19
69955,93,95,-2,2
69956,37,44,-7,7
69957,68,75,-7,7
69958,122,127,-5,5
69959,36,41,-5,5
69960,109,107,2,2
69961,111,105,6,6
69962,39,45,-6,6
69963,139,131,8,8
69964,109,110,-1,1
69965,169,161,8,8
69966,138,135,3,3
69967,104,117,-13,13
69968,170,178,-8,8
69969,66,68,-2,2
69970,154,151,3,3
69971,46,54,-8,8
69972,136,122,14,14
69973,81,81,0,0
69974,390,322,68,68
69975,88,90,-2,2
69976,66,79,-13,13
69977,69,72,-3,3
69978,48,57,-9,9
69979,136,127,9,9
69980,85,90,-5,5
69981,73,75,-2,2
69982,128,135,-7,7
69983,90,101,-11,11
69984,105,106,-1,1
69985,127,117,10,10
69986,102,105,-3,3
69987,111,106,5,5
69988,110,99,11,11
69989,92,93,-1,1
69990,66,103,-37,37
69991,103,102,1,1
69992,111,104,7,7
69993,120,116,4,4
69994,96,102,-6,6
69995,141,136,5,5
69996,89,103,-14,14
69997,66,71,-5,5
69998,95,91,4,4
69999,83,94,-11,11
70000,62,65,-3,3
70001,136,133,3,3
70002,99,99,0,0
70003,78,75,3,3
70004,79,91,-12,12
70005,86,82,4,4
70006,70,72,-2,2
70007,128,124,4,4
70008,100,83,17,17
70009,116,102,14,14
70010,165,177,-12,12
70011,125,118,7,7
70012,63,71,-8,8
70013,93,102,-9,9
70014,135,121,14,14
70015,61,62,-1,1
70016,55,71,-16,16
70017,95,93,2,2
70018,98,97,1,1
70019,54,59,-5,5
70020,85,90,-5,5
70021,96,92,4,4
70022,132,134,-2,2
70023,81,91,-10,10
70024,57,65,-8,8
70025,71,71,0,0
70026,92,93,-1,1
70027,99,88,11,11
70028,87,90,-3,3
70029,116,100,16,16
70030,46,56,-10,10
70031,29,27,2,2
70032,163,167,-4,4
70033,110,103,7,7
70034,68,72,-4,4
70035,62,63,-1,1
70036,60,56,4,4
70037,91,96,-5,5
70038,35,40,-5,5
70039,61,69,-8,8
70040,101,89,12,12
70041,135,127,8,8
70042,169,165,4,4
70043,122,114,8,8
70044,182,168,14,14
70045,86,94,-8,8
70046,121,111,10,10
70047,65,65,0,0
70048,84,91,-7,7
70049,98,92,6,6
70050,61,68,-7,7
70051,71,78,-7,7
70052,54,63,-9,9
70053,130,116,14,14
70054,47,55,-8,8
70055,78,77,1,1
70056,83,75,8,8
70057,119,108,11,11
70058,86,81,5,5
70059,92,98,-6,6
70060,76,76,0,0
70061,80,91,-11,11
70062,103,97,6,6
70063,113,109,4,4
70064,79,90,-11,11
70065,68,72,-4,4
70066,115,109,6,6
70067,62,71,-9,9
70068,107,116,-9,9
70069,115,107,8,8
70070,138,136,2,2
70071,115,117,-2,2
70072,117,104,13,13
70073,92,138,-46,46
70074,122,111,11,11
70075,54,61,-7,7
70076,76,81,-5,5
70077,96,97,-1,1
70078,57,64,-7,7
70079,108,111,-3,3
70080,104,106,-2,2
70081,107,109,-2,2
70082,66,63,3,3
70083,57,65,-8,8
70084,72,73,-1,1
70085,63,98,-35,35
70086,119,123,-4,4
70087,123,114,9,9
70088,86,86,0,0
70089,121,104,17,17
70090,72,68,4,4
70091,70,73,-3,3
70092,84,76,8,8
70093,72,78,-6,6
70094,61,60,1,1
70095,128,115,13,13
70096,90,96,-6,6
70097,138,150,-12,12
70098,80,83,-3,3
70099,134,105,29,29
70100,135,135,0,0
70101,108,101,7,7
70102,114,105,9,9
70103,87,77,10,10
70104,29,53,-24,24
70105,84,88,-4,4
70106,139,135,4,4
70107,126,116,10,10
70108,61,60,1,1
70109,22,26,-4,4
70110,61,75,-14,14
70111,74,85,-11,11
70112,120,112,8,8
70113,69,72,-3,3
70114,61,71,-10,10
70115,88,94,-6,6
70116,102,107,-5,5
70117,107,106,1,1
70118,103,100,3,3
70119,89,97,-8,8
70120,134,136,-2,2
70121,52,68,-16,16
70122,63,93,-30,30
70123,116,107,9,9
70124,123,137,-14,14
70125,101,98,3,3
70126,58,63,-5,5
70127,95,99,-4,4
70128,66,68,-2,2
70129,69,71,-2,2
70130,107,103,4,4
70131,118,128,-10,10
70132,155,137,18,18
70133,75,76,-1,1
70134,103,98,5,5
70135,81,78,3,3
70136,94,97,-3,3
70137,64,67,-3,3
70138,135,129,6,6
70139,116,135,-19,19
70140,213,186,27,27
70141,87,93,-6,6
70142,109,124,-15,15
70143,149,143,6,6
70144,81,95,-14,14
70145,78,80,-2,2
70146,62,64,-2,2
70147,73,76,-3,3
70148,68,62,6,6
70149,103,91,12,12
70150,121,107,14,14
70151,165,152,13,13
70152,105,104,1,1
70153,71,68,3,3
70154,139,144,-5,5
70155,75,102,-27,27
70156,146,153,-7,7
70157,88,94,-6,6
70158,184,180,4,4
70159,122,109,13,13
70160,50,66,-16,16
70161,98,100,-2,2
70162,28,76,-48,48
70163,68,65,3,3
70164,34,39,-5,5
70165,88,79,9,9
70166,87,95,-8,8
70167,91,91,0,0
70168,97,95,2,2
70169,93,79,14,14
70170,46,47,-1,1
70171,63,66,-3,3
70172,54,63,-9,9
70173,68,74,-6,6
70174,100,112,-12,12
70175,51,54,-3,3
70176,92,97,-5,5
70177,111,109,2,2
70178,66,64,2,2
70179,60,72,-12,12
70180,66,68,-2,2
70181,130,108,22,22
70182,125,109,16,16
70183,134,136,-2,2
70184,139,138,1,1
70185,105,111,-6,6
70186,70,75,-5,5
70187,106,101,5,5
70188,146,130,16,16
70189,144,146,-2,2
70190,108,127,-19,19
70191,77,82,-5,5
70192,99,96,3,3
70193,79,81,-2,2
70194,65,70,-5,5
70195,65,82,-17,17
70196,89,99,-10,10
70197,128,116,12,12
70198,95,117,-22,22
70199,131,143,-12,12
70200,48,50,-2,2
70201,127,116,11,11
70202,102,105,-3,3
70203,127,120,7,7
70204,53,61,-8,8
70205,148,131,17,17
70206,173,155,18,18
70207,110,106,4,4
70208,61,67,-6,6
70209,65,70,-5,5
70210,83,82,1,1
70211,125,125,0,0
70212,94,95,-1,1
70213,82,82,0,0
70214,95,92,3,3
70215,48,57,-9,9
70216,112,111,1,1
70217,74,74,0,0
70218,114,104,10,10
70219,64,73,-9,9
70220,109,103,6,6
70221,163,151,12,12
70222,136,132,4,4
70223,218,191,27,27
70224,114,106,8,8
70225,152,144,8,8
70226,115,116,-1,1
70227,70,76,-6,6
70228,76,76,0,0
70229,101,104,-3,3
70230,122,113,9,9
70231,95,90,5,5
70232,112,140,-28,28
70233,114,115,-1,1
70234,93,93,0,0
70235,56,71,-15,15
70236,110,117,-7,7
70237,97,98,-1,1
70238,86,99,-13,13
70239,87,87,0,0
70240,55,70,-15,15
70241,183,194,-11,11
70242,99,102,-3,3
70243,102,101,1,1
70244,113,110,3,3
70245,95,95,0,0
70246,191,168,23,23
70247,82,91,-9,9
70248,55,55,0,0
70249,60,65,-5,5
70250,81,73,8,8
70251,87,92,-5,5
70252,142,141,1,1
70253,97,86,11,11
70254,116,101,15,15
70255,73,75,-2,2
70256,87,95,-8,8
70257,102,94,8,8
70258,57,65,-8,8
70259,56,64,-8,8
70260,193,163,30,30
70261,99,100,-1,1
70262,61,70,-9,9
70263,90,91,-1,1
70264,129,134,-5,5
70265,86,90,-4,4
70266,68,78,-10,10
70267,106,96,10,10
70268,101,107,-6,6
70269,139,128,11,11
70270,97,105,-8,8
70271,79,91,-12,12
70272,54,63,-9,9
70273,47,58,-11,11
70274,119,107,12,12
70275,93,94,-1,1
70276,70,71,-1,1
70277,109,107,2,2
70278,55,72,-17,17
70279,127,130,-3,3
70280,76,82,-6,6
70281,35,45,-10,10
70282,66,68,-2,2
70283,72,74,-2,2
70284,91,103,-12,12
70285,128,136,-8,8
70286,123,124,-1,1
70287,129,126,3,3
70288,106,96,10,10
70289,84,93,-9,9
70290,99,83,16,16
70291,59,58,1,1
70292,54,65,-11,11
70293,120,116,4,4
70294,188,172,16,16
70295,83,83,0,0
70296,146,131,15,15
70297,69,73,-4,4
70298,58,61,-3,3
70299,173,144,29,29
70300,131,120,11,11
70301,150,139,11,11
70302,115,109,6,6
70303,107,98,9,9
70304,131,132,-1,1
70305,101,103,-2,2
70306,105,93,12,12
70307,104,104,0,0
70308,138,125,13,13
70309,62,65,-3,3
70310,88,95,-7,7
70311,44,50,-6,6
70312,116,117,-1,1
70313,84,83,1,1
70314,80,99,-19,19
70315,112,108,4,4
70316,85,84,1,1
70317,82,79,3,3
70318,101,105,-4,4
70319,123,121,2,2
70320,137,127,10,10
70321,112,101,11,11
70322,72,77,-5,5
70323,100,96,4,4
70324,106,99,7,7
70325,64,56,8,8
70326,115,104,11,11
70327,44,50,-6,6
70328,112,109,3,3
70329,113,105,8,8
70330,203,177,26,26
70331,113,105,8,8
70332,154,149,5,5
70333,88,94,-6,6
70334,88,99,-11,11
70335,56,64,-8,8
70336,116,116,0,0
70337,104,103,1,1
70338,96,95,1,1
70339,99,102,-3,3
70340,98,105,-7,7
70341,128,134,-6,6
70342,79,79,0,0
70343,97,106,-9,9
70344,68,76,-8,8
70345,93,83,10,10
70346,99,100,-1,1
70347,68,72,-4,4
70348,83,82,1,1
70349,85,90,-5,5
70350,89,101,-12,12
70351,95,93,2,2
70352,133,128,5,5
70353,86,91,-5,5
70354,94,97,-3,3
70355,63,73,-10,10
70356,134,127,7,7
70357,79,85,-6,6
70358,55,58,-3,3
70359,82,89,-7,7
70360,60,69,-9,9
70361,63,74,-11,11
70362,179,160,19,19
70363,127,125,2,2
70364,65,63,2,2
70365,101,105,-4,4
70366,112,105,7,7
70367,66,71,-5,5
70368,104,104,0,0
70369,80,98,-18,18
70370,84,78,6,6
70371,57,64,-7,7
70372,55,58,-3,3
70373,134,131,3,3
70374,125,116,9,9
70375,83,84,-1,1
70376,66,68,-2,2
70377,59,84,-25,25
70378,117,116,1,1
70379,103,117,-14,14
70380,101,94,7,7
70381,128,125,3,3
70382,92,98,-6,6
70383,167,155,12,12
70384,79,82,-3,3
70385,121,114,7,7
70386,85,81,4,4
70387,80,67,13,13
70388,26,28,-2,2
70389,52,61,-9,9
70390,58,70,-12,12
70391,137,132,5,5
70392,48,54,-6,6
70393,138,131,7,7
70394,81,70,11,11
70395,132,127,5,5
70396,111,104,7,7
70397,115,115,0,0
70398,129,125,4,4
70399,125,125,0,0
70400,138,162,-24,24
70401,51,62,-11,11
70402,131,142,-11,11
70403,164,168,-4,4
70404,107,94,13,13
70405,102,104,-2,2
70406,66,72,-6,6
70407,59,63,-4,4
70408,60,61,-1,1
70409,145,138,7,7
70410,143,140,3,3
70411,121,117,4,4
70412,98,107,-9,9
70413,107,93,14,14
70414,69,71,-2,2
70415,154,154,0,0
70416,93,95,-2,2
70417,93,97,-4,4
70418,41,42,-1,1
70419,103,106,-3,3
70420,81,83,-2,2
70421,105,98,7,7
70422,60,60,0,0
70423,90,98,-8,8
70424,76,76,0,0
70425,98,98,0,0
70426,70,72,-2,2
70427,49,61,-12,12
70428,113,108,5,5
70429,45,65,-20,20
70430,109,105,4,4
70431,53,61,-8,8
70432,98,88,10,10
70433,70,70,0,0
70434,91,93,-2,2
70435,126,118,8,8
70436,68,62,6,6
70437,54,76,-22,22
70438,99,92,7,7
70439,85,90,-5,5
70440,85,82,3,3
70441,93,98,-5,5
70442,69,72,-3,3
70443,59,62,-3,3
70444,47,59,-12,12
70445,83,85,-2,2
70446,103,109,-6,6
70447,93,90,3,3
70448,125,135,-10,10
70449,97,96,1,1
70450,103,108,-5,5
70451,79,82,-3,3
70452,103,114,-11,11
70453,132,121,11,11
70454,165,169,-4,4
70455,132,127,5,5
70456,88,88,0,0
70457,92,90,2,2
70458,75,75,0,0
70459,108,101,7,7
70460,98,96,2,2
70461,133,148,-15,15
70462,75,70,5,5
70463,187,184,3,3
70464,123,119,4,4
70465,63,85,-22,22
70466,92,103,-11,11
70467,117,117,0,0
70468,98,91,7,7
70469,247,198,49,49
70470,98,103,-5,5
70471,102,83,19,19
70472,66,70,-4,4
70473,62,61,1,1
70474,84,87,-3,3
70475,52,53,-1,1
70476,107,104,3,3
70477,155,142,13,13
70478,118,117,1,1
70479,150,148,2,2
70480,112,106,6,6
70481,106,107,-1,1
70482,61,63,-2,2
70483,101,103,-2,2
70484,80,70,10,10
70485,65,83,-18,18
70486,86,85,1,1
70487,74,70,4,4
70488,163,144,19,19
70489,100,102,-2,2
70490,44,53,-9,9
70491,86,75,11,11
70492,119,110,9,9
70493,80,76,4,4
70494,57,68,-11,11
70495,136,131,5,5
70496,113,115,-2,2
70497,75,75,0,0
70498,41,53,-12,12
70499,125,136,-11,11
70500,77,76,1,1
70501,97,93,4,4
70502,159,162,-3,3
70503,43,52,-9,9
70504,47,54,-7,7
70505,53,60,-7,7
70506,141,125,16,16
70507,79,83,-4,4
70508,74,76,-2,2
70509,117,116,1,1
70510,39,51,-12,12
70511,74,83,-9,9
70512,131,132,-1,1
70513,95,97,-2,2
70514,152,136,16,16
70515,80,89,-9,9
70516,125,107,18,18
70517,114,116,-2,2
70518,113,112,1,1
70519,58,71,-13,13
70520,98,93,5,5
70521,135,128,7,7
70522,88,96,-8,8
70523,147,146,1,1
70524,83,82,1,1
70525,145,142,3,3
70526,144,144,0,0
70527,142,128,14,14
70528,65,71,-6,6
70529,59,66,-7,7
70530,116,110,6,6
70531,51,61,-10,10
70532,48,53,-5,5
70533,113,116,-3,3
70534,87,69,18,18
70535,72,81,-9,9
70536,100,98,2,2
70537,66,70,-4,4
70538,106,110,-4,4
70539,128,113,15,15
70540,71,69,2,2
70541,69,79,-10,10
70542,117,129,-12,12
70543,125,122,3,3
70544,105,100,5,5
70545,43,49,-6,6
70546,154,156,-2,2
70547,77,82,-5,5
70548,104,104,0,0
70549,112,110,2,2
70550,84,82,2,2
70551,69,70,-1,1
70552,135,126,9,9
70553,130,119,11,11
70554,117,123,-6,6
70555,47,61,-14,14
70556,114,116,-2,2
70557,100,105,-5,5
70558,129,133,-4,4
70559,59,63,-4,4
70560,159,147,12,12
70561,61,59,2,2
70562,51,62,-11,11
70563,92,93,-1,1
70564,73,76,-3,3
70565,98,83,15,15
70566,117,112,5,5
70567,100,109,-9,9
70568,54,73,-19,19
70569,76,74,2,2
70570,132,127,5,5
70571,178,127,51,51
70572,91,96,-5,5
70573,127,113,14,14
70574,75,73,2,2
70575,70,74,-4,4
70576,124,123,1,1
70577,125,125,0,0
70578,80,84,-4,4
70579,59,65,-6,6
70580,82,93,-11,11
70581,130,129,1,1
70582,82,92,-10,10
70583,93,85,8,8
70584,82,91,-9,9
70585,160,145,15,15
70586,83,81,2,2
70587,128,113,15,15
70588,123,111,12,12
70589,98,94,4,4
70590,104,95,9,9
70591,109,103,6,6
70592,48,52,-4,4
70593,62,64,-2,2
70594,63,62,1,1
70595,63,68,-5,5
70596,115,106,9,9
70597,94,92,2,2
70598,94,100,-6,6
70599,91,93,-2,2
70600,141,144,-3,3
70601,162,154,8,8
70602,91,97,-6,6
70603,88,93,-5,5
70604,117,123,-6,6
70605,52,56,-4,4
70606,57,62,-5,5
70607,106,91,15,15
70608,77,87,-10,10
70609,58,63,-5,5
70610,85,79,6,6
70611,110,103,7,7
70612,74,86,-12,12
70613,97,91,6,6
70614,58,65,-7,7
70615,92,98,-6,6
70616,97,98,-1,1
70617,73,75,-2,2
70618,89,94,-5,5
70619,108,102,6,6
70620,129,118,11,11
70621,83,80,3,3
70622,97,94,3,3
70623,88,90,-2,2
70624,88,83,5,5
70625,74,80,-6,6
70626,103,108,-5,5
70627,93,86,7,7
70628,39,48,-9,9
70629,168,151,17,17
70630,102,92,10,10
70631,77,85,-8,8
70632,209,208,1,1
70633,88,90,-2,2
70634,88,97,-9,9
70635,95,100,-5,5
70636,113,103,10,10
70637,109,110,-1,1
70638,93,99,-6,6
70639,167,154,13,13
70640,55,75,-20,20
70641,115,114,1,1
70642,101,105,-4,4
70643,52,66,-14,14
70644,155,155,0,0
70645,47,58,-11,11
70646,123,124,-1,1
70647,71,72,-1,1
70648,109,109,0,0
70649,63,73,-10,10
70650,132,141,-9,9
70651,74,80,-6,6
70652,89,99,-10,10
70653,131,126,5,5
70654,71,76,-5,5
70655,100,86,14,14
70656,76,92,-16,16
70657,67,70,-3,3
70658,121,106,15,15
70659,45,62,-17,17
70660,79,70,9,9
70661,145,140,5,5
70662,242,208,34,34
70663,64,71,-7,7
70664,146,135,11,11
70665,80,79,1,1
70666,135,137,-2,2
70667,94,92,2,2
70668,88,83,5,5
70669,119,118,1,1
70670,129,122,7,7
70671,86,90,-4,4
70672,60,60,0,0
70673,148,152,-4,4
70674,43,60,-17,17
70675,41,51,-10,10
70676,272,239,33,33
70677,116,102,14,14
70678,86,84,2,2
70679,69,75,-6,6
70680,51,56,-5,5
70681,80,83,-3,3
70682,83,82,1,1
70683,108,107,1,1
70684,66,67,-1,1
70685,178,180,-2,2
70686,138,135,3,3
70687,124,112,12,12
70688,58,59,-1,1
70689,93,96,-3,3
70690,135,126,9,9
70691,98,83,15,15
70692,91,84,7,7
70693,83,78,5,5
70694,192,179,13,13
70695,119,103,16,16
70696,44,58,-14,14
70697,83,90,-7,7
70698,75,80,-5,5
70699,216,203,13,13
70700,178,168,10,10
70701,81,85,-4,4
70702,56,70,-14,14
70703,85,90,-5,5
70704,87,89,-2,2
70705,77,76,1,1
70706,73,76,-3,3
70707,122,123,-1,1
70708,169,145,24,24
70709,155,141,14,14
70710,111,111,0,0
70711,37,46,-9,9
70712,116,115,1,1
70713,107,103,4,4
70714,63,71,-8,8
70715,97,94,3,3
70716,108,94,14,14
70717,94,99,-5,5
70718,56,63,-7,7
70719,49,51,-2,2
70720,87,89,-2,2
70721,110,112,-2,2
70722,89,100,-11,11
70723,87,82,5,5
70724,127,126,1,1
70725,82,86,-4,4
70726,58,61,-3,3
70727,69,73,-4,4
70728,66,68,-2,2
70729,62,82,-20,20
70730,80,85,-5,5
70731,62,68,-6,6
70732,46,52,-6,6
70733,48,71,-23,23
70734,77,74,3,3
70735,99,113,-14,14
70736,98,102,-4,4
70737,87,90,-3,3
70738,63,72,-9,9
70739,114,115,-1,1
70740,121,124,-3,3
70741,70,73,-3,3
70742,118,108,10,10
70743,116,111,5,5
70744,89,99,-10,10
70745,100,98,2,2
70746,249,240,9,9
70747,202,182,20,20
70748,152,141,11,11
70749,140,135,5,5
70750,162,150,12,12
70751,90,91,-1,1
70752,132,118,14,14
70753,79,72,7,7
70754,73,72,1,1
70755,115,105,10,10
70756,188,174,14,14
70757,72,72,0,0
70758,112,115,-3,3
70759,131,122,9,9
70760,128,128,0,0
70761,125,125,0,0
70762,133,124,9,9
70763,159,149,10,10
70764,96,97,-1,1
70765,85,91,-6,6
70766,103,102,1,1
70767,74,73,1,1
70768,139,136,3,3
70769,114,108,6,6
70770,35,41,-6,6
70771,56,61,-5,5
70772,85,93,-8,8
70773,111,102,9,9
70774,107,106,1,1
70775,138,136,2,2
70776,79,78,1,1
70777,89,93,-4,4
70778,97,92,5,5
70779,88,85,3,3
70780,77,85,-8,8
70781,83,81,2,2
70782,138,136,2,2
70783,109,108,1,1
70784,58,70,-12,12
70785,65,72,-7,7
70786,97,103,-6,6
70787,95,100,-5,5
70788,93,95,-2,2
70789,80,90,-10,10
70790,88,82,6,6
70791,104,107,-3,3
70792,72,79,-7,7
70793,75,71,4,4
70794,88,90,-2,2
70795,104,111,-7,7
70796,70,72,-2,2
70797,83,92,-9,9
70798,108,98,10,10
70799,84,80,4,4
70800,91,98,-7,7
70801,115,116,-1,1
70802,80,85,-5,5
70803,122,127,-5,5
70804,116,113,3,3
70805,119,112,7,7
70806,105,105,0,0
70807,80,85,-5,5
70808,63,84,-21,21
70809,108,115,-7,7
70810,73,74,-1,1
70811,116,115,1,1
70812,101,92,9,9
70813,78,82,-4,4
70814,137,137,0,0
70815,94,103,-9,9
70816,63,61,2,2
70817,122,132,-10,10
70818,145,135,10,10
70819,110,100,10,10
70820,86,81,5,5
70821,160,150,10,10
70822,149,139,10,10
70823,93,90,3,3
70824,77,74,3,3
70825,43,55,-12,12
70826,85,93,-8,8
70827,85,81,4,4
70828,71,71,0,0
70829,68,78,-10,10
70830,85,92,-7,7
70831,74,86,-12,12
70832,152,162,-10,10
70833,161,144,17,17
70834,130,132,-2,2
70835,83,81,2,2
70836,102,105,-3,3
70837,96,104,-8,8
70838,111,113,-2,2
70839,41,45,-4,4
70840,54,65,-11,11
70841,119,115,4,4
70842,89,75,14,14
70843,105,98,7,7
70844,163,151,12,12
70845,102,101,1,1
70846,90,94,-4,4
70847,52,67,-15,15
70848,61,65,-4,4
70849,84,95,-11,11
70850,87,93,-6,6
70851,56,73,-17,17
70852,86,99,-13,13
70853,153,140,13,13
70854,130,115,15,15
70855,171,154,17,17
70856,81,83,-2,2
70857,76,75,1,1
70858,82,93,-11,11
70859,114,117,-3,3
70860,103,105,-2,2
70861,98,100,-2,2
70862,130,126,4,4
70863,145,125,20,20
70864,66,83,-17,17
70865,136,112,24,24
70866,96,105,-9,9
70867,35,50,-15,15
70868,77,78,-1,1
70869,108,104,4,4
70870,91,105,-14,14
70871,68,76,-8,8
70872,114,115,-1,1
70873,38,47,-9,9
70874,123,104,19,19
70875,81,84,-3,3
70876,96,91,5,5
70877,89,92,-3,3
70878,129,141,-12,12
70879,93,94,-1,1
70880,57,62,-5,5
70881,81,79,2,2
70882,137,128,9,9
70883,83,77,6,6
70884,97,97,0,0
70885,100,101,-1,1
70886,83,92,-9,9
70887,94,90,4,4
70888,87,100,-13,13
70889,154,146,8,8
70890,126,117,9,9
70891,74,75,-1,1
70892,87,92,-5,5
70893,62,74,-12,12
70894,61,64,-3,3
70895,94,84,10,10
70896,91,87,4,4
70897,67,71,-4,4
70898,87,83,4,4
70899,58,66,-8,8
70900,126,119,7,7
70901,102,97,5,5
70902,97,103,-6,6
70903,60,66,-6,6
70904,84,91,-7,7
70905,168,124,44,44
70906,89,94,-5,5
70907,60,63,-3,3
70908,99,100,-1,1
70909,119,113,6,6
70910,90,92,-2,2
70911,150,150,0,0
70912,95,101,-6,6
70913,79,83,-4,4
70914,45,48,-3,3
70915,101,94,7,7
70916,123,113,10,10
70917,145,141,4,4
70918,56,64,-8,8
70919,83,86,-3,3
70920,48,52,-4,4
70921,65,66,-1,1
70922,102,105,-3,3
70923,75,76,-1,1
70924,194,207,-13,13
70925,55,63,-8,8
70926,61,65,-4,4
70927,97,95,2,2
70928,123,125,-2,2
70929,47,57,-10,10
70930,99,113,-14,14
70931,88,90,-2,2
70932,65,68,-3,3
70933,71,73,-2,2
70934,140,132,8,8
70935,113,113,0,0
70936,70,73,-3,3
70937,123,119,4,4
70938,113,101,12,12
70939,170,152,18,18
70940,101,105,-4,4
70941,113,105,8,8
70942,102,99,3,3
70943,74,79,-5,5
70944,73,87,-14,14
70945,90,102,-12,12
70946,62,64,-2,2
70947,104,121,-17,17
70948,119,114,5,5
70949,71,69,2,2
70950,129,136,-7,7
70951,48,59,-11,11
70952,149,152,-3,3
70953,63,67,-4,4
70954,115,111,4,4
70955,110,110,0,0
70956,93,118,-25,25
70957,100,103,-3,3
70958,90,95,-5,5
70959,46,58,-12,12
70960,126,116,10,10
70961,99,101,-2,2
70962,65,67,-2,2
70963,77,80,-3,3
70964,70,68,2,2
70965,82,93,-11,11
70966,91,94,-3,3
70967,142,131,11,11
70968,73,71,2,2
70969,146,131,15,15
70970,106,105,1,1
70971,185,180,5,5
70972,72,74,-2,2
70973,119,108,11,11
70974,56,65,-9,9
70975,110,103,7,7
70976,94,93,1,1
70977,79,91,-12,12
70978,50,54,-4,4
70979,86,90,-4,4
70980,73,73,0,0
70981,81,82,-1,1
70982,68,74,-6,6
70983,69,75,-6,6
70984,135,122,13,13
70985,162,148,14,14
70986,107,104,3,3
70987,74,76,-2,2
70988,61,69,-8,8
70989,101,94,7,7
70990,70,69,1,1
70991,101,122,-21,21
70992,61,67,-6,6
70993,103,104,-1,1
70994,47,108,-61,61
70995,87,91,-4,4
70996,73,76,-3,3
70997,100,90,10,10
70998,97,91,6,6
70999,75,82,-7,7
71000,77,78,-1,1
71001,59,58,1,1
71002,136,136,0,0
71003,44,50,-6,6
71004,149,138,11,11
71005,85,91,-6,6
71006,132,129,3,3
71007,54,62,-8,8
71008,98,94,4,4
71009,102,109,-7,7
71010,122,118,4,4
71011,70,70,0,0
71012,121,137,-16,16
71013,86,92,-6,6
71014,99,100,-1,1
71015,71,71,0,0
71016,113,110,3,3
71017,100,99,1,1
71018,61,63,-2,2
71019,69,74,-5,5
71020,103,113,-10,10
71021,122,139,-17,17
71022,90,84,6,6
71023,113,102,11,11
71024,99,108,-9,9
71025,100,92,8,8
71026,77,83,-6,6
71027,84,83,1,1
71028,101,96,5,5
71029,86,91,-5,5
71030,43,48,-5,5
71031,73,81,-8,8
71032,128,122,6,6
71033,81,73,8,8
71034,67,63,4,4
71035,137,132,5,5
71036,77,77,0,0
71037,52,62,-10,10
71038,103,111,-8,8
71039,107,105,2,2
71040,101,95,6,6
71041,80,83,-3,3
71042,114,113,1,1
71043,112,112,0,0
71044,118,104,14,14
71045,110,109,1,1
71046,88,89,-1,1
71047,63,90,-27,27
71048,125,112,13,13
71049,126,111,15,15
71050,68,76,-8,8
71051,59,67,-8,8
71052,69,73,-4,4
71053,90,83,7,7
71054,108,111,-3,3
71055,80,88,-8,8
71056,63,68,-5,5
71057,52,57,-5,5
71058,72,81,-9,9
71059,76,82,-6,6
71060,92,94,-2,2
71061,133,152,-19,19
71062,65,73,-8,8
71063,69,68,1,1
71064,121,107,14,14
71065,92,91,1,1
71066,67,69,-2,2
71067,134,127,7,7
71068,81,78,3,3
71069,68,82,-14,14
71070,67,72,-5,5
71071,52,58,-6,6
71072,107,107,0,0
71073,120,114,6,6
71074,133,132,1,1
71075,150,131,19,19
71076,124,139,-15,15
71077,86,92,-6,6
71078,29,35,-6,6
71079,170,149,21,21
71080,88,92,-4,4
71081,158,145,13,13
71082,58,63,-5,5
71083,129,119,10,10
71084,94,93,1,1
71085,116,115,1,1
71086,159,149,10,10
71087,86,85,1,1
71088,174,172,2,2
71089,104,97,7,7
71090,90,81,9,9
71091,101,102,-1,1
71092,107,108,-1,1
71093,133,117,16,16
71094,70,69,1,1
71095,100,102,-2,2
71096,174,167,7,7
71097,41,47,-6,6
71098,85,91,-6,6
71099,76,74,2,2
71100,73,77,-4,4
71101,131,130,1,1
71102,83,83,0,0
71103,88,98,-10,10
71104,128,126,2,2
71105,86,92,-6,6
71106,163,154,9,9
71107,104,104,0,0
71108,50,56,-6,6
71109,114,98,16,16
71110,108,108,0,0
71111,72,78,-6,6
71112,63,68,-5,5
71113,51,59,-8,8
71114,94,97,-3,3
71115,76,72,4,4
71116,39,42,-3,3
71117,100,100,0,0
71118,64,66,-2,2
71119,87,86,1,1
71120,112,105,7,7
71121,105,106,-1,1
71122,84,92,-8,8
71123,135,125,10,10
71124,66,67,-1,1
71125,164,158,6,6
71126,53,62,-9,9
71127,131,115,16,16
71128,97,98,-1,1
71129,44,58,-14,14
71130,85,90,-5,5
71131,58,55,3,3
71132,105,113,-8,8
71133,51,57,-6,6
71134,67,70,-3,3
71135,82,93,-11,11
71136,100,95,5,5
71137,154,133,21,21
71138,89,97,-8,8
71139,88,83,5,5
71140,104,92,12,12
71141,82,73,9,9
71142,97,97,0,0
71143,87,104,-17,17
71144,71,66,5,5
71145,87,98,-11,11
71146,71,72,-1,1
71147,168,158,10,10
71148,124,112,12,12
71149,75,71,4,4
71150,137,107,30,30
71151,131,125,6,6
71152,161,160,1,1
71153,80,77,3,3
71154,109,105,4,4
71155,65,70,-5,5
71156,152,151,1,1
71157,120,114,6,6
71158,116,116,0,0
71159,82,101,-19,19
71160,214,194,20,20
71161,75,75,0,0
71162,95,91,4,4
71163,120,113,7,7
71164,126,123,3,3
71165,112,106,6,6
71166,115,122,-7,7
71167,94,93,1,1
71168,84,93,-9,9
71169,99,104,-5,5
71170,69,68,1,1
71171,62,63,-1,1
71172,106,106,0,0
71173,110,105,5,5
71174,78,83,-5,5
71175,161,185,-24,24
71176,140,105,35,35
71177,83,102,-19,19
71178,110,102,8,8
71179,50,56,-6,6
71180,160,143,17,17
71181,93,90,3,3
71182,161,154,7,7
71183,37,47,-10,10
71184,58,54,4,4
71185,109,119,-10,10
71186,99,103,-4,4
71187,124,142,-18,18
71188,65,65,0,0
71189,113,107,6,6
71190,114,127,-13,13
71191,127,115,12,12
71192,99,92,7,7
71193,83,82,1,1
71194,74,82,-8,8
71195,112,117,-5,5
71196,76,76,0,0
71197,86,85,1,1
71198,59,69,-10,10
71199,185,161,24,24
71200,113,96,17,17
71201,90,92,-2,2
71202,60,70,-10,10
71203,136,118,18,18
71204,94,94,0,0
71205,100,95,5,5
71206,93,91,2,2
71207,80,84,-4,4
71208,138,117,21,21
71209,123,116,7,7
71210,84,88,-4,4
71211,96,105,-9,9
71212,123,117,6,6
71213,46,89,-43,43
71214,54,55,-1,1
71215,135,133,2,2
71216,135,117,18,18
71217,79,85,-6,6
71218,127,116,11,11
71219,75,82,-7,7
71220,43,64,-21,21
71221,107,92,15,15
71222,86,80,6,6
71223,114,116,-2,2
71224,56,57,-1,1
71225,80,81,-1,1
71226,86,84,2,2
71227,62,62,0,0
71228,78,72,6,6
71229,158,157,1,1
71230,96,115,-19,19
71231,88,91,-3,3
71232,62,63,-1,1
71233,116,107,9,9
71234,103,104,-1,1
71235,108,118,-10,10
71236,96,96,0,0
71237,65,70,-5,5
71238,64,71,-7,7
71239,136,125,11,11
71240,92,100,-8,8
71241,66,64,2,2
71242,106,109,-3,3
71243,168,150,18,18
71244,91,95,-4,4
71245,90,97,-7,7
71246,83,86,-3,3
71247,198,185,13,13
71248,98,100,-2,2
71249,116,99,17,17
71250,77,84,-7,7
71251,95,93,2,2
71252,113,111,2,2
71253,102,101,1,1
71254,54,58,-4,4
71255,138,140,-2,2
71256,76,81,-5,5
71257,58,60,-2,2
71258,74,75,-1,1
71259,93,94,-1,1
71260,56,78,-22,22
71261,139,141,-2,2
71262,169,171,-2,2
71263,131,132,-1,1
71264,64,54,10,10
71265,89,97,-8,8
71266,111,103,8,8
71267,149,142,7,7
71268,86,83,3,3
71269,67,96,-29,29
71270,54,59,-5,5
71271,47,58,-11,11
71272,43,53,-10,10
71273,90,97,-7,7
71274,139,124,15,15
71275,62,68,-6,6
71276,67,75,-8,8
71277,75,81,-6,6
71278,87,88,-1,1
71279,82,82,0,0
71280,41,54,-13,13
71281,86,91,-5,5
71282,151,137,14,14
71283,87,84,3,3
71284,107,107,0,0
71285,67,70,-3,3
71286,90,103,-13,13
71287,133,130,3,3
71288,42,47,-5,5
71289,124,115,9,9
71290,66,70,-4,4
71291,74,78,-4,4
71292,54,56,-2,2
71293,123,116,7,7
71294,137,134,3,3
71295,67,68,-1,1
71296,113,117,-4,4
71297,103,95,8,8
71298,161,141,20,20
71299,114,106,8,8
71300,112,124,-12,12
71301,103,103,0,0
71302,112,115,-3,3
71303,123,130,-7,7
71304,65,72,-7,7
71305,97,91,6,6
71306,68,65,3,3
71307,69,71,-2,2
71308,69,67,2,2
71309,143,132,11,11
71310,107,104,3,3
71311,59,82,-23,23
71312,125,116,9,9
71313,57,66,-9,9
71314,108,111,-3,3
71315,86,91,-5,5
71316,98,97,1,1
71317,82,83,-1,1
71318,87,116,-29,29
71319,65,72,-7,7
71320,96,93,3,3
71321,60,60,0,0
71322,77,81,-4,4
71323,81,82,-1,1
71324,147,141,6,6
71325,75,69,6,6
71326,75,74,1,1
71327,85,98,-13,13
71328,94,95,-1,1
71329,158,155,3,3
71330,103,84,19,19
71331,125,115,10,10
71332,119,140,-21,21
71333,109,106,3,3
71334,64,65,-1,1
71335,74,81,-7,7
71336,33,39,-6,6
71337,104,97,7,7
71338,73,79,-6,6
71339,148,125,23,23
71340,57,68,-11,11
71341,62,63,-1,1
71342,143,134,9,9
71343,96,107,-11,11
71344,61,66,-5,5
71345,126,125,1,1
71346,66,85,-19,19
71347,97,105,-8,8
71348,58,66,-8,8
71349,85,90,-5,5
71350,207,178,29,29
71351,114,110,4,4
71352,105,103,2,2
71353,92,95,-3,3
71354,80,82,-2,2
71355,97,98,-1,1
71356,93,96,-3,3
71357,55,61,-6,6
71358,89,85,4,4
71359,116,112,4,4
71360,98,102,-4,4
71361,79,75,4,4
71362,127,126,1,1
71363,112,105,7,7
71364,131,115,16,16
71365,92,95,-3,3
71366,81,83,-2,2
71367,236,213,23,23
71368,110,121,-11,11
71369,66,73,-7,7
71370,100,110,-10,10
71371,98,104,-6,6
71372,118,108,10,10
71373,91,98,-7,7
71374,162,141,21,21
71375,77,75,2,2
71376,67,71,-4,4
71377,131,126,5,5
71378,103,105,-2,2
71379,57,63,-6,6
71380,93,85,8,8
71381,72,82,-10,10
71382,67,63,4,4
71383,49,63,-14,14
71384,72,73,-1,1
71385,56,59,-3,3
71386,154,172,-18,18
71387,72,82,-10,10
71388,44,56,-12,12
71389,97,99,-2,2
71390,173,138,35,35
71391,151,139,12,12
71392,92,90,2,2
71393,41,64,-23,23
71394,101,105,-4,4
71395,151,131,20,20
71396,112,103,9,9
71397,82,87,-5,5
71398,147,137,10,10
71399,104,93,11,11
71400,156,142,14,14
71401,69,68,1,1
71402,88,94,-6,6
71403,49,61,-12,12
71404,72,76,-4,4
71405,87,88,-1,1
71406,83,81,2,2
71407,78,70,8,8
71408,109,110,-1,1
71409,118,128,-10,10
71410,146,176,-30,30
71411,95,93,2,2
71412,139,131,8,8
71413,112,115,-3,3
71414,74,85,-11,11
71415,101,107,-6,6
71416,69,71,-2,2
71417,60,61,-1,1
71418,52,58,-6,6
71419,70,74,-4,4
71420,52,54,-2,2
71421,93,98,-5,5
71422,75,77,-2,2
71423,50,65,-15,15
71424,64,69,-5,5
71425,167,142,25,25
71426,59,65,-6,6
71427,117,116,1,1
71428,97,98,-1,1
71429,93,98,-5,5
71430,70,76,-6,6
71431,91,83,8,8
71432,52,59,-7,7
71433,97,104,-7,7
71434,66,59,7,7
71435,91,92,-1,1
71436,72,105,-33,33
71437,113,105,8,8
71438,91,91,0,0
71439,50,67,-17,17
71440,85,100,-15,15
71441,167,160,7,7
71442,78,83,-5,5
71443,149,137,12,12
71444,102,101,1,1
71445,116,112,4,4
71446,69,81,-12,12
71447,63,67,-4,4
71448,108,114,-6,6
71449,81,81,0,0
71450,82,84,-2,2
71451,113,112,1,1
71452,83,87,-4,4
71453,97,93,4,4
71454,78,94,-16,16
71455,102,102,0,0
71456,109,112,-3,3
71457,64,75,-11,11
71458,98,100,-2,2
71459,156,138,18,18
71460,126,124,2,2
71461,90,96,-6,6
71462,122,117,5,5
71463,67,73,-6,6
71464,60,62,-2,2
71465,60,69,-9,9
71466,73,73,0,0
71467,135,135,0,0
71468,116,109,7,7
71469,92,91,1,1
71470,116,115,1,1
71471,76,75,1,1
71472,137,134,3,3
71473,38,53,-15,15
71474,212,189,23,23
71475,115,111,4,4
71476,170,156,14,14
71477,140,155,-15,15
71478,194,162,32,32
71479,119,110,9,9
71480,46,55,-9,9
71481,67,70,-3,3
71482,114,107,7,7
71483,107,124,-17,17
71484,83,102,-19,19
71485,103,102,1,1
71486,75,90,-15,15
71487,117,154,-37,37
71488,59,61,-2,2
71489,68,94,-26,26
71490,117,120,-3,3
71491,142,127,15,15
71492,50,52,-2,2
71493,72,77,-5,5
71494,114,124,-10,10
71495,161,155,6,6
71496,104,102,2,2
71497,241,217,24,24
71498,72,75,-3,3
71499,89,95,-6,6
71500,76,78,-2,2
71501,97,102,-5,5
71502,93,87,6,6
71503,73,67,6,6
71504,67,61,6,6
71505,89,94,-5,5
71506,91,94,-3,3
71507,112,112,0,0
71508,156,153,3,3
71509,59,66,-7,7
71510,71,81,-10,10
71511,35,39,-4,4
71512,60,64,-4,4
71513,151,153,-2,2
71514,83,86,-3,3
71515,114,117,-3,3
71516,66,66,0,0
71517,68,74,-6,6
71518,128,121,7,7
71519,168,142,26,26
71520,84,86,-2,2
71521,87,90,-3,3
71522,94,94,0,0
71523,44,59,-15,15
71524,93,100,-7,7
71525,135,125,10,10
71526,80,79,1,1
71527,105,98,7,7
71528,86,91,-5,5
71529,115,116,-1,1
71530,183,163,20,20
71531,120,111,9,9
71532,25,39,-14,14
71533,53,58,-5,5
71534,131,113,18,18
71535,164,153,11,11
71536,74,77,-3,3
71537,125,114,11,11
71538,91,97,-6,6
71539,106,97,9,9
71540,95,94,1,1
71541,75,74,1,1
71542,114,105,9,9
71543,70,69,1,1
71544,89,83,6,6
71545,37,37,0,0
71546,90,86,4,4
71547,60,65,-5,5
71548,106,109,-3,3
71549,59,68,-9,9
71550,114,119,-5,5
71551,69,69,0,0
71552,96,101,-5,5
71553,90,95,-5,5
71554,132,137,-5,5
71555,117,117,0,0
71556,78,81,-3,3
71557,63,72,-9,9
71558,96,105,-9,9
71559,132,106,26,26
71560,83,82,1,1
71561,114,110,4,4
71562,109,107,2,2
71563,97,93,4,4
71564,81,83,-2,2
71565,95,97,-2,2
71566,82,90,-8,8
71567,127,129,-2,2
71568,108,110,-2,2
71569,91,104,-13,13
71570,87,90,-3,3
71571,92,93,-1,1
71572,165,154,11,11
71573,85,90,-5,5
71574,50,63,-13,13
71575,62,64,-2,2
71576,97,102,-5,5
71577,87,95,-8,8
71578,66,63,3,3
71579,76,75,1,1
71580,75,82,-7,7
71581,172,157,15,15
71582,45,54,-9,9
71583,86,93,-7,7
71584,73,85,-12,12
71585,189,160,29,29
71586,65,70,-5,5
71587,76,77,-1,1
71588,95,98,-3,3
71589,95,91,4,4
71590,87,93,-6,6
71591,108,106,2,2
71592,91,80,11,11
71593,69,79,-10,10
71594,141,144,-3,3
71595,75,78,-3,3
71596,82,91,-9,9
71597,55,58,-3,3
71598,55,70,-15,15
71599,121,117,4,4
71600,55,54,1,1
71601,131,115,16,16
71602,111,103,8,8
71603,52,63,-11,11
71604,141,128,13,13
71605,82,79,3,3
71606,49,57,-8,8
71607,67,83,-16,16
71608,65,70,-5,5
71609,116,116,0,0
71610,112,113,-1,1
71611,117,110,7,7
71612,137,133,4,4
71613,95,103,-8,8
71614,59,68,-9,9
71615,84,95,-11,11
71616,89,81,8,8
71617,137,135,2,2
71618,194,162,32,32
71619,144,125,19,19
71620,106,97,9,9
71621,122,108,14,14
71622,67,78,-11,11
71623,104,106,-2,2
71624,114,111,3,3
71625,84,96,-12,12
71626,49,68,-19,19
71627,232,190,42,42
71628,79,74,5,5
71629,101,104,-3,3
71630,105,105,0,0
71631,104,105,-1,1
71632,221,188,33,33
71633,124,105,19,19
71634,154,139,15,15
71635,110,103,7,7
71636,75,80,-5,5
71637,175,164,11,11
71638,162,161,1,1
71639,169,146,23,23
71640,82,98,-16,16
71641,69,70,-1,1
71642,63,69,-6,6
71643,101,105,-4,4
71644,59,63,-4,4
71645,123,118,5,5
71646,105,109,-4,4
71647,99,93,6,6
71648,58,69,-11,11
71649,103,103,0,0
71650,77,91,-14,14
71651,64,63,1,1
71652,49,54,-5,5
71653,96,95,1,1
71654,78,78,0,0
71655,124,128,-4,4
71656,66,90,-24,24
71657,163,150,13,13
71658,140,146,-6,6
71659,77,82,-5,5
71660,55,66,-11,11
71661,64,65,-1,1
71662,73,80,-7,7
71663,86,92,-6,6
71664,87,90,-3,3
71665,80,90,-10,10
71666,74,83,-9,9
71667,69,66,3,3
71668,118,115,3,3
71669,74,83,-9,9
71670,162,154,8,8
71671,63,70,-7,7
71672,88,91,-3,3
71673,105,106,-1,1
71674,70,64,6,6
71675,86,97,-11,11
71676,82,82,0,0
71677,181,178,3,3
71678,60,66,-6,6
71679,139,138,1,1
71680,45,43,2,2
71681,84,87,-3,3
71682,87,84,3,3
71683,94,85,9,9
71684,94,94,0,0
71685,102,120,-18,18
71686,82,83,-1,1
71687,102,93,9,9
71688,51,55,-4,4
71689,91,90,1,1
71690,92,95,-3,3
71691,119,118,1,1
71692,98,103,-5,5
71693,92,91,1,1
71694,144,137,7,7
71695,117,121,-4,4
71696,61,59,2,2
71697,55,55,0,0
71698,89,84,5,5
71699,83,85,-2,2
71700,122,108,14,14
71701,101,106,-5,5
71702,71,77,-6,6
71703,183,179,4,4
71704,79,82,-3,3
71705,68,84,-16,16
71706,124,118,6,6
71707,96,92,4,4
71708,82,79,3,3
71709,99,107,-8,8
71710,145,122,23,23
71711,143,143,0,0
71712,131,133,-2,2
71713,83,82,1,1
71714,118,130,-12,12
71715,65,71,-6,6
71716,52,64,-12,12
71717,78,75,3,3
71718,76,79,-3,3
71719,142,128,14,14
71720,90,84,6,6
71721,64,68,-4,4
71722,70,70,0,0
71723,81,94,-13,13
71724,155,145,10,10
71725,94,108,-14,14
71726,64,66,-2,2
71727,83,82,1,1
71728,112,109,3,3
71729,112,96,16,16
71730,132,127,5,5
71731,84,82,2,2
71732,63,70,-7,7
71733,78,85,-7,7
71734,143,131,12,12
71735,71,76,-5,5
71736,94,94,0,0
71737,75,76,-1,1
71738,54,67,-13,13
71739,81,74,7,7
71740,72,81,-9,9
71741,95,95,0,0
71742,136,128,8,8
71743,89,88,1,1
71744,66,72,-6,6
71745,95,92,3,3
71746,85,87,-2,2
71747,114,113,1,1
71748,70,67,3,3
71749,70,78,-8,8
71750,115,117,-2,2
71751,139,137,2,2
71752,104,102,2,2
71753,65,69,-4,4
71754,145,131,14,14
71755,108,106,2,2
71756,81,82,-1,1
71757,85,75,10,10
71758,59,72,-13,13
71759,146,151,-5,5
71760,89,103,-14,14
71761,94,94,0,0
71762,82,82,0,0
71763,58,68,-10,10
71764,78,81,-3,3
71765,92,88,4,4
71766,65,67,-2,2
71767,100,99,1,1
71768,126,117,9,9
71769,115,106,9,9
71770,64,61,3,3
71771,67,73,-6,6
71772,114,104,10,10
71773,73,74,-1,1
71774,86,85,1,1
71775,92,86,6,6
71776,393,336,57,57
71777,121,135,-14,14
71778,77,90,-13,13
71779,106,93,13,13
71780,81,84,-3,3
71781,99,91,8,8
71782,150,147,3,3
71783,98,100,-2,2
71784,107,109,-2,2
71785,59,60,-1,1
71786,53,49,4,4
71787,99,94,5,5
71788,138,132,6,6
71789,58,67,-9,9
71790,85,86,-1,1
71791,129,120,9,9
71792,60,62,-2,2
71793,67,66,1,1
71794,107,104,3,3
71795,42,55,-13,13
71796,73,75,-2,2
71797,81,94,-13,13
71798,154,127,27,27
71799,84,85,-1,1
71800,67,73,-6,6
71801,62,60,2,2
71802,93,93,0,0
71803,119,112,7,7
71804,112,105,7,7
71805,146,138,8,8
71806,45,48,-3,3
71807,127,117,10,10
71808,87,91,-4,4
71809,122,119,3,3
71810,83,78,5,5
71811,116,110,6,6
71812,95,101,-6,6
71813,101,104,-3,3
71814,132,128,4,4
71815,116,111,5,5
71816,79,73,6,6
71817,94,89,5,5
71818,131,121,10,10
71819,61,62,-1,1
71820,66,70,-4,4
71821,78,90,-12,12
71822,145,146,-1,1
71823,166,162,4,4
71824,88,84,4,4
71825,99,94,5,5
71826,85,92,-7,7
71827,62,66,-4,4
71828,85,92,-7,7
71829,103,103,0,0
71830,123,145,-22,22
71831,43,52,-9,9
71832,89,99,-10,10
71833,61,67,-6,6
71834,65,68,-3,3
71835,81,84,-3,3
71836,77,73,4,4
71837,118,118,0,0
71838,53,56,-3,3
71839,90,84,6,6
71840,101,116,-15,15
71841,88,91,-3,3
71842,136,133,3,3
71843,142,133,9,9
71844,79,73,6,6
71845,124,124,0,0
71846,69,71,-2,2
71847,55,59,-4,4
71848,84,86,-2,2
71849,34,41,-7,7
71850,86,80,6,6
71851,67,61,6,6
71852,234,208,26,26
71853,175,168,7,7
71854,50,51,-1,1
71855,75,73,2,2
71856,61,64,-3,3
71857,103,102,1,1
71858,59,62,-3,3
71859,83,96,-13,13
71860,50,52,-2,2
71861,89,92,-3,3
71862,65,75,-10,10
71863,140,124,16,16
71864,158,150,8,8
71865,113,116,-3,3
71866,118,118,0,0
71867,172,150,22,22
71868,119,123,-4,4
71869,106,106,0,0
71870,146,140,6,6
71871,72,74,-2,2
71872,84,87,-3,3
71873,78,83,-5,5
71874,58,60,-2,2
71875,85,79,6,6
71876,137,129,8,8
71877,86,115,-29,29
71878,78,73,5,5
71879,88,96,-8,8
71880,108,103,5,5
71881,104,98,6,6
71882,77,93,-16,16
71883,101,101,0,0
71884,109,104,5,5
71885,84,80,4,4
71886,70,70,0,0
71887,134,137,-3,3
71888,51,49,2,2
71889,128,126,2,2
71890,103,113,-10,10
71891,76,81,-5,5
71892,101,110,-9,9
71893,92,95,-3,3
71894,72,80,-8,8
71895,68,75,-7,7
71896,84,86,-2,2
71897,88,93,-5,5
71898,119,127,-8,8
71899,56,49,7,7
71900,31,40,-9,9
71901,91,96,-5,5
71902,163,154,9,9
71903,124,111,13,13
71904,71,69,2,2
71905,101,95,6,6
71906,112,139,-27,27
71907,103,103,0,0
71908,74,74,0,0
71909,57,65,-8,8
71910,137,132,5,5
71911,124,114,10,10
71912,77,95,-18,18
71913,83,83,0,0
71914,66,82,-16,16
71915,110,99,11,11
71916,65,70,-5,5
71917,98,102,-4,4
71918,87,87,0,0
71919,90,85,5,5
71920,140,136,4,4
71921,116,110,6,6
71922,128,115,13,13
71923,73,72,1,1
71924,155,175,-20,20
71925,96,103,-7,7
71926,115,116,-1,1
71927,63,68,-5,5
71928,57,58,-1,1
71929,113,121,-8,8
71930,104,97,7,7
71931,53,61,-8,8
71932,62,68,-6,6
71933,53,61,-8,8
71934,71,69,2,2
71935,76,81,-5,5
71936,117,110,7,7
71937,57,63,-6,6
71938,79,73,6,6
71939,69,87,-18,18
71940,78,76,2,2
71941,40,67,-27,27
71942,58,76,-18,18
71943,105,98,7,7
71944,87,101,-14,14
71945,118,104,14,14
71946,101,112,-11,11
71947,32,35,-3,3
71948,75,79,-4,4
71949,112,110,2,2
71950,112,101,11,11
71951,124,133,-9,9
71952,68,70,-2,2
71953,72,69,3,3
71954,52,56,-4,4
71955,84,83,1,1
71956,78,75,3,3
71957,106,92,14,14
71958,126,127,-1,1
71959,103,104,-1,1
71960,110,100,10,10
71961,91,85,6,6
71962,149,135,14,14
71963,55,60,-5,5
71964,113,110,3,3
71965,72,74,-2,2
71966,79,84,-5,5
71967,125,120,5,5
71968,126,115,11,11
71969,156,160,-4,4
71970,69,69,0,0
71971,59,53,6,6
71972,92,108,-16,16
71973,65,68,-3,3
71974,94,96,-2,2
71975,76,91,-15,15
71976,145,137,8,8
71977,141,138,3,3
71978,71,76,-5,5
71979,91,91,0,0
71980,56,66,-10,10
71981,107,112,-5,5
71982,73,68,5,5
71983,120,130,-10,10
71984,109,75,34,34
71985,125,115,10,10
71986,80,82,-2,2
71987,55,61,-6,6
71988,92,100,-8,8
71989,125,119,6,6
71990,74,76,-2,2
71991,65,75,-10,10
71992,85,91,-6,6
71993,41,49,-8,8
71994,73,84,-11,11
71995,133,105,28,28
71996,48,53,-5,5
71997,81,82,-1,1
71998,109,117,-8,8
71999,98,97,1,1
72000,123,115,8,8
72001,103,107,-4,4
72002,79,82,-3,3
72003,60,67,-7,7
72004,93,94,-1,1
72005,162,131,31,31
72006,121,110,11,11
72007,113,120,-7,7
72008,64,67,-3,3
72009,61,70,-9,9
72010,110,107,3,3
72011,106,102,4,4
72012,111,104,7,7
72013,72,82,-10,10
72014,50,50,0,0
72015,58,55,3,3
72016,112,116,-4,4
72017,86,99,-13,13
72018,77,74,3,3
72019,116,115,1,1
72020,77,82,-5,5
72021,156,137,19,19
72022,94,100,-6,6
72023,152,137,15,15
72024,153,148,5,5
72025,91,93,-2,2
72026,114,107,7,7
72027,54,63,-9,9
72028,68,70,-2,2
72029,108,124,-16,16
72030,144,135,9,9
72031,122,112,10,10
72032,94,99,-5,5
72033,100,96,4,4
72034,63,69,-6,6
72035,109,103,6,6
72036,92,82,10,10
72037,104,100,4,4
72038,80,73,7,7
72039,83,87,-4,4
72040,115,117,-2,2
72041,149,147,2,2
72042,111,115,-4,4
72043,64,75,-11,11
72044,117,104,13,13
72045,68,72,-4,4
72046,98,94,4,4
72047,58,63,-5,5
72048,109,103,6,6
72049,84,84,0,0
72050,59,67,-8,8
72051,122,105,17,17
72052,67,74,-7,7
72053,74,69,5,5
72054,65,72,-7,7
72055,95,93,2,2
72056,90,94,-4,4
72057,71,74,-3,3
72058,46,47,-1,1
72059,37,64,-27,27
72060,128,121,7,7
72061,110,110,0,0
72062,98,106,-8,8
72063,55,57,-2,2
72064,118,108,10,10
72065,28,37,-9,9
72066,164,156,8,8
72067,97,102,-5,5
72068,149,133,16,16
72069,100,94,6,6
72070,102,107,-5,5
72071,99,100,-1,1
72072,170,145,25,25
72073,124,125,-1,1
72074,109,117,-8,8
72075,146,134,12,12
72076,170,166,4,4
72077,85,68,17,17
72078,106,103,3,3
72079,96,102,-6,6
72080,105,101,4,4
72081,116,105,11,11
72082,61,69,-8,8
72083,114,115,-1,1
72084,105,105,0,0
72085,163,166,-3,3
72086,50,57,-7,7
72087,141,118,23,23
72088,79,92,-13,13
72089,129,123,6,6
72090,82,82,0,0
72091,61,67,-6,6
72092,69,73,-4,4
72093,62,76,-14,14
72094,93,91,2,2
72095,92,101,-9,9
72096,91,102,-11,11
72097,45,50,-5,5
72098,167,156,11,11
72099,71,73,-2,2
72100,43,53,-10,10
72101,122,117,5,5
72102,73,68,5,5
72103,99,95,4,4
72104,82,83,-1,1
72105,119,106,13,13
72106,135,120,15,15
72107,46,49,-3,3
72108,102,95,7,7
72109,66,66,0,0
72110,159,155,4,4
72111,93,90,3,3
72112,93,84,9,9
72113,71,73,-2,2
72114,106,90,16,16
72115,99,93,6,6
72116,145,156,-11,11
72117,102,110,-8,8
72118,146,143,3,3
72119,129,128,1,1
72120,105,114,-9,9
72121,119,108,11,11
72122,49,57,-8,8
72123,114,106,8,8
72124,137,137,0,0
72125,84,84,0,0
72126,63,67,-4,4
72127,120,112,8,8
72128,63,63,0,0
72129,153,133,20,20
72130,73,81,-8,8
72131,110,102,8,8
72132,178,166,12,12
72133,73,99,-26,26
72134,80,76,4,4
72135,98,100,-2,2
72136,122,123,-1,1
72137,122,118,4,4
72138,95,102,-7,7
72139,100,106,-6,6
72140,107,110,-3,3
72141,86,81,5,5
72142,62,64,-2,2
72143,77,78,-1,1
72144,49,59,-10,10
72145,68,74,-6,6
72146,25,29,-4,4
72147,83,82,1,1
72148,54,48,6,6
72149,122,122,0,0
72150,115,118,-3,3
72151,92,85,7,7
72152,120,128,-8,8
72153,161,149,12,12
72154,100,96,4,4
72155,127,128,-1,1
72156,56,61,-5,5
72157,120,116,4,4
72158,319,284,35,35
72159,161,145,16,16
72160,120,109,11,11
72161,119,107,12,12
72162,119,104,15,15
72163,155,136,19,19
72164,90,89,1,1
72165,43,56,-13,13
72166,67,64,3,3
72167,75,71,4,4
72168,86,85,1,1
72169,107,101,6,6
72170,109,107,2,2
72171,105,111,-6,6
72172,120,122,-2,2
72173,57,59,-2,2
72174,81,85,-4,4
72175,114,109,5,5
72176,101,100,1,1
72177,104,94,10,10
72178,105,94,11,11
72179,93,99,-6,6
72180,117,111,6,6
72181,93,93,0,0
72182,60,66,-6,6
72183,81,68,13,13
72184,96,95,1,1
72185,99,103,-4,4
72186,88,82,6,6
72187,113,116,-3,3
72188,91,100,-9,9
72189,142,133,9,9
72190,95,99,-4,4
72191,79,84,-5,5
72192,80,95,-15,15
72193,54,57,-3,3
72194,124,114,10,10
72195,86,94,-8,8
72196,154,130,24,24
72197,77,82,-5,5
72198,129,115,14,14
72199,196,171,25,25
72200,78,80,-2,2
72201,63,71,-8,8
72202,176,160,16,16
72203,102,102,0,0
72204,102,105,-3,3
72205,92,93,-1,1
72206,145,133,12,12
72207,64,68,-4,4
72208,100,98,2,2
72209,96,109,-13,13
72210,96,91,5,5
72211,51,56,-5,5
72212,61,72,-11,11
72213,129,122,7,7
72214,196,178,18,18
72215,61,65,-4,4
72216,86,90,-4,4
72217,69,81,-12,12
72218,121,110,11,11
72219,87,95,-8,8
72220,105,96,9,9
72221,67,84,-17,17
72222,71,90,-19,19
72223,165,150,15,15
72224,132,123,9,9
72225,171,161,10,10
72226,81,78,3,3
72227,142,135,7,7
72228,75,79,-4,4
72229,102,96,6,6
72230,86,95,-9,9
72231,136,125,11,11
72232,63,65,-2,2
72233,122,122,0,0
72234,89,95,-6,6
72235,97,105,-8,8
72236,67,72,-5,5
72237,105,103,2,2
72238,64,62,2,2
72239,85,100,-15,15
72240,99,107,-8,8
72241,80,68,12,12
72242,115,107,8,8
72243,65,69,-4,4
72244,104,94,10,10
72245,115,109,6,6
72246,147,137,10,10
72247,105,103,2,2
72248,141,136,5,5
72249,163,157,6,6
72250,129,117,12,12
72251,90,93,-3,3
72252,73,78,-5,5
72253,101,95,6,6
72254,103,106,-3,3
72255,53,64,-11,11
72256,67,73,-6,6
72257,78,84,-6,6
72258,75,73,2,2
72259,76,77,-1,1
72260,105,105,0,0
72261,103,93,10,10
72262,108,114,-6,6
72263,154,134,20,20
72264,84,90,-6,6
72265,125,119,6,6
72266,71,73,-2,2
72267,84,95,-11,11
72268,81,84,-3,3
72269,95,95,0,0
72270,249,213,36,36
72271,101,103,-2,2
72272,69,75,-6,6
72273,109,113,-4,4
72274,76,80,-4,4
72275,92,95,-3,3
72276,56,66,-10,10
72277,85,98,-13,13
72278,51,57,-6,6
72279,117,105,12,12
72280,74,80,-6,6
72281,184,162,22,22
72282,82,91,-9,9
72283,93,100,-7,7
72284,87,83,4,4
72285,56,60,-4,4
72286,65,66,-1,1
72287,95,92,3,3
72288,112,118,-6,6
72289,110,111,-1,1
72290,137,134,3,3
72291,73,76,-3,3
72292,128,116,12,12
72293,99,91,8,8
72294,133,128,5,5
72295,109,107,2,2
72296,74,92,-18,18
72297,99,94,5,5
72298,23,37,-14,14
72299,87,99,-12,12
72300,175,161,14,14
72301,71,77,-6,6
72302,64,73,-9,9
72303,74,90,-16,16
72304,127,128,-1,1
72305,136,140,-4,4
72306,114,113,1,1
72307,143,136,7,7
72308,115,115,0,0
72309,83,92,-9,9
72310,118,112,6,6
72311,64,71,-7,7
72312,94,97,-3,3
72313,69,62,7,7
72314,142,130,12,12
72315,75,74,1,1
72316,58,60,-2,2
72317,19,26,-7,7
72318,83,90,-7,7
72319,59,66,-7,7
72320,99,101,-2,2
72321,69,75,-6,6
72322,95,93,2,2
72323,248,204,44,44
72324,129,120,9,9
72325,45,55,-10,10
72326,129,128,1,1
72327,99,94,5,5
72328,98,97,1,1
72329,115,116,-1,1
72330,136,137,-1,1
72331,111,104,7,7
72332,98,104,-6,6
72333,85,94,-9,9
72334,141,131,10,10
72335,94,102,-8,8
72336,94,97,-3,3
72337,112,123,-11,11
72338,107,108,-1,1
72339,127,125,2,2
72340,113,104,9,9
72341,131,115,16,16
72342,69,76,-7,7
72343,51,56,-5,5
72344,148,134,14,14
72345,79,71,8,8
72346,108,108,0,0
72347,105,111,-6,6
72348,82,103,-21,21
72349,152,159,-7,7
72350,77,90,-13,13
72351,96,104,-8,8
72352,118,132,-14,14
72353,176,169,7,7
72354,161,164,-3,3
72355,74,73,1,1
72356,89,97,-8,8
72357,126,133,-7,7
72358,105,104,1,1
72359,102,103,-1,1
72360,74,82,-8,8
72361,122,112,10,10
72362,80,84,-4,4
72363,75,76,-1,1
72364,148,144,4,4
72365,129,125,4,4
72366,68,69,-1,1
72367,74,91,-17,17
72368,96,91,5,5
72369,88,87,1,1
72370,53,70,-17,17
72371,79,80,-1,1
72372,78,77,1,1
72373,69,75,-6,6
72374,134,121,13,13
72375,77,77,0,0
72376,144,128,16,16
72377,102,105,-3,3
72378,112,117,-5,5
72379,122,115,7,7
72380,87,90,-3,3
72381,111,114,-3,3
72382,102,102,0,0
72383,73,75,-2,2
72384,86,86,0,0
72385,74,74,0,0
72386,132,120,12,12
72387,128,128,0,0
72388,130,126,4,4
72389,62,64,-2,2
72390,44,54,-10,10
72391,78,84,-6,6
72392,95,94,1,1
72393,95,86,9,9
72394,116,117,-1,1
72395,80,81,-1,1
72396,57,64,-7,7
72397,84,100,-16,16
72398,122,113,9,9
72399,115,116,-1,1
72400,185,161,24,24
72401,144,122,22,22
72402,54,61,-7,7
72403,125,119,6,6
72404,107,111,-4,4
72405,140,143,-3,3
72406,59,65,-6,6
72407,64,71,-7,7
72408,83,90,-7,7
72409,56,60,-4,4
72410,79,74,5,5
72411,58,59,-1,1
72412,92,97,-5,5
72413,138,135,3,3
72414,110,107,3,3
72415,197,175,22,22
72416,102,103,-1,1
72417,75,75,0,0
72418,127,116,11,11
72419,95,101,-6,6
72420,64,62,2,2
72421,68,75,-7,7
72422,174,162,12,12
72423,61,65,-4,4
72424,74,71,3,3
72425,106,107,-1,1
72426,60,68,-8,8
72427,73,90,-17,17
72428,92,93,-1,1
72429,189,156,33,33
72430,99,94,5,5
72431,147,137,10,10
72432,120,113,7,7
72433,75,80,-5,5
72434,57,62,-5,5
72435,56,57,-1,1
72436,73,74,-1,1
72437,67,68,-1,1
72438,176,160,16,16
72439,131,127,4,4
72440,101,103,-2,2
72441,77,76,1,1
72442,90,110,-20,20
72443,106,113,-7,7
72444,120,115,5,5
72445,82,81,1,1
72446,117,115,2,2
72447,57,75,-18,18
72448,57,73,-16,16
72449,104,103,1,1
72450,85,83,2,2
72451,112,114,-2,2
72452,89,96,-7,7
72453,88,104,-16,16
72454,87,80,7,7
72455,103,122,-19,19
72456,151,136,15,15
72457,92,97,-5,5
72458,98,92,6,6
72459,63,78,-15,15
72460,88,93,-5,5
72461,85,83,2,2
72462,29,35,-6,6
72463,88,100,-12,12
72464,105,110,-5,5
72465,108,104,4,4
72466,69,66,3,3
72467,100,102,-2,2
72468,67,76,-9,9
72469,78,71,7,7
72470,97,99,-2,2
72471,84,76,8,8
72472,57,69,-12,12
72473,124,115,9,9
72474,117,114,3,3
72475,101,98,3,3
72476,104,107,-3,3
72477,97,105,-8,8
72478,69,71,-2,2
72479,105,104,1,1
72480,78,88,-10,10
72481,75,72,3,3
72482,67,63,4,4
72483,182,158,24,24
72484,49,58,-9,9
72485,89,93,-4,4
72486,72,75,-3,3
72487,97,101,-4,4
72488,72,72,0,0
72489,66,66,0,0
72490,118,120,-2,2
72491,49,60,-11,11
72492,87,84,3,3
72493,157,136,21,21
72494,63,70,-7,7
72495,69,79,-10,10
72496,163,160,3,3
72497,221,213,8,8
72498,60,69,-9,9
72499,97,102,-5,5
72500,64,59,5,5
72501,87,103,-16,16
72502,101,103,-2,2
72503,96,100,-4,4
72504,111,116,-5,5
72505,67,70,-3,3
72506,112,112,0,0
72507,92,90,2,2
72508,90,102,-12,12
72509,127,133,-6,6
72510,62,69,-7,7
72511,82,91,-9,9
72512,131,114,17,17
72513,66,67,-1,1
72514,122,130,-8,8
72515,80,94,-14,14
72516,83,91,-8,8
72517,71,81,-10,10
72518,76,74,2,2
72519,130,135,-5,5
72520,72,65,7,7
72521,51,54,-3,3
72522,114,118,-4,4
72523,62,72,-10,10
72524,46,50,-4,4
72525,58,70,-12,12
72526,84,93,-9,9
72527,69,71,-2,2
72528,59,116,-57,57
72529,65,70,-5,5
72530,175,167,8,8
72531,135,132,3,3
72532,106,104,2,2
72533,72,83,-11,11
72534,124,118,6,6
72535,126,121,5,5
72536,120,117,3,3
72537,92,94,-2,2
72538,68,69,-1,1
72539,109,103,6,6
72540,74,89,-15,15
72541,61,70,-9,9
72542,96,96,0,0
72543,115,120,-5,5
72544,88,95,-7,7
72545,112,108,4,4
72546,182,161,21,21
72547,156,141,15,15
72548,156,144,12,12
72549,103,93,10,10
72550,89,87,2,2
72551,114,104,10,10
72552,106,95,11,11
72553,85,77,8,8
72554,107,97,10,10
72555,75,75,0,0
72556,84,92,-8,8
72557,120,113,7,7
72558,95,90,5,5
72559,48,56,-8,8
72560,65,64,1,1
72561,59,70,-11,11
72562,85,85,0,0
72563,125,117,8,8
72564,89,89,0,0
72565,92,91,1,1
72566,131,133,-2,2
72567,83,85,-2,2
72568,81,78,3,3
72569,82,79,3,3
72570,66,69,-3,3
72571,126,127,-1,1
72572,167,150,17,17
72573,103,106,-3,3
72574,119,110,9,9
72575,133,132,1,1
72576,138,136,2,2
72577,136,131,5,5
72578,57,64,-7,7
72579,111,105,6,6
72580,75,84,-9,9
72581,64,66,-2,2
72582,111,114,-3,3
72583,126,125,1,1
72584,147,136,11,11
72585,188,159,29,29
72586,123,65,58,58
72587,87,99,-12,12
72588,77,80,-3,3
72589,82,79,3,3
72590,83,84,-1,1
72591,69,80,-11,11
72592,136,136,0,0
72593,53,65,-12,12
72594,81,83,-2,2
72595,124,124,0,0
72596,111,105,6,6
72597,120,122,-2,2
72598,66,75,-9,9
72599,68,73,-5,5
72600,147,147,0,0
72601,193,168,25,25
72602,62,67,-5,5
72603,113,116,-3,3
72604,83,85,-2,2
72605,114,114,0,0
72606,138,139,-1,1
72607,63,74,-11,11
72608,153,135,18,18
72609,75,83,-8,8
72610,104,102,2,2
72611,138,139,-1,1
72612,86,80,6,6
72613,85,90,-5,5
72614,132,129,3,3
72615,86,86,0,0
72616,60,69,-9,9
72617,119,111,8,8
72618,233,204,29,29
72619,125,131,-6,6
72620,128,125,3,3
72621,135,132,3,3
72622,92,91,1,1
72623,134,126,8,8
72624,108,105,3,3
72625,154,136,18,18
72626,149,146,3,3
72627,112,104,8,8
72628,117,115,2,2
72629,158,149,9,9
72630,83,81,2,2
72631,92,94,-2,2
72632,80,79,1,1
72633,86,91,-5,5
72634,23,26,-3,3
72635,90,93,-3,3
72636,129,130,-1,1
72637,122,115,7,7
72638,49,59,-10,10
72639,58,69,-11,11
72640,115,107,8,8
72641,92,93,-1,1
72642,146,160,-14,14
72643,69,89,-20,20
72644,107,114,-7,7
72645,152,139,13,13
72646,106,94,12,12
72647,78,82,-4,4
72648,122,107,15,15
72649,97,106,-9,9
72650,62,69,-7,7
72651,125,122,3,3
72652,172,157,15,15
72653,73,77,-4,4
72654,88,91,-3,3
72655,69,71,-2,2
72656,72,68,4,4
72657,87,91,-4,4
72658,53,60,-7,7
72659,65,70,-5,5
72660,117,113,4,4
72661,105,109,-4,4
72662,168,156,12,12
72663,83,96,-13,13
72664,65,71,-6,6
72665,108,104,4,4
72666,45,53,-8,8
72667,123,112,11,11
72668,62,71,-9,9
72669,69,73,-4,4
72670,65,70,-5,5
72671,88,103,-15,15
72672,70,73,-3,3
72673,115,111,4,4
72674,68,70,-2,2
72675,109,109,0,0
72676,117,116,1,1
72677,68,72,-4,4
72678,93,93,0,0
72679,76,74,2,2
72680,147,137,10,10
72681,124,117,7,7
72682,146,137,9,9
72683,104,116,-12,12
72684,85,91,-6,6
72685,107,96,11,11
72686,131,117,14,14
72687,71,71,0,0
72688,78,73,5,5
72689,69,74,-5,5
72690,124,132,-8,8
72691,101,93,8,8
72692,64,62,2,2
72693,69,71,-2,2
72694,60,73,-13,13
72695,97,94,3,3
72696,78,78,0,0
72697,106,125,-19,19
72698,102,95,7,7
72699,102,102,0,0
72700,135,131,4,4
72701,84,99,-15,15
72702,132,123,9,9
72703,81,76,5,5
72704,55,55,0,0
72705,80,77,3,3
72706,89,102,-13,13
72707,218,317,-99,99
72708,68,67,1,1
72709,136,111,25,25
72710,78,76,2,2
72711,66,74,-8,8
72712,115,114,1,1
72713,102,99,3,3
72714,64,71,-7,7
72715,32,30,2,2
72716,61,62,-1,1
72717,98,102,-4,4
72718,87,71,16,16
72719,75,68,7,7
72720,131,119,12,12
72721,82,93,-11,11
72722,102,101,1,1
72723,68,67,1,1
72724,129,126,3,3
72725,147,141,6,6
72726,54,59,-5,5
72727,95,98,-3,3
72728,181,171,10,10
72729,102,105,-3,3
72730,49,60,-11,11
72731,100,95,5,5
72732,72,79,-7,7
72733,137,141,-4,4
72734,57,60,-3,3
72735,85,82,3,3
72736,69,73,-4,4
72737,44,42,2,2
72738,102,103,-1,1
72739,140,140,0,0
72740,59,65,-6,6
72741,59,72,-13,13
72742,67,67,0,0
72743,96,99,-3,3
72744,54,50,4,4
72745,81,78,3,3
72746,154,147,7,7
72747,134,140,-6,6
72748,100,88,12,12
72749,104,99,5,5
72750,92,104,-12,12
72751,63,66,-3,3
72752,115,102,13,13
72753,55,60,-5,5
72754,163,154,9,9
72755,122,124,-2,2
72756,106,103,3,3
72757,90,98,-8,8
72758,97,96,1,1
72759,69,72,-3,3
72760,86,91,-5,5
72761,87,91,-4,4
72762,134,120,14,14
72763,83,92,-9,9
72764,96,101,-5,5
72765,75,72,3,3
72766,91,82,9,9
72767,74,71,3,3
72768,105,105,0,0
72769,109,104,5,5
72770,50,72,-22,22
72771,83,73,10,10
72772,101,97,4,4
72773,98,104,-6,6
72774,78,81,-3,3
72775,115,105,10,10
72776,151,136,15,15
72777,50,51,-1,1
72778,111,110,1,1
72779,75,85,-10,10
72780,191,179,12,12
72781,82,78,4,4
72782,133,122,11,11
72783,131,129,2,2
72784,69,70,-1,1
72785,112,106,6,6
72786,52,62,-10,10
72787,109,117,-8,8
72788,82,89,-7,7
72789,106,114,-8,8
72790,36,41,-5,5
72791,84,90,-6,6
72792,103,101,2,2
72793,56,62,-6,6
72794,78,80,-2,2
72795,69,72,-3,3
72796,67,71,-4,4
72797,83,93,-10,10
72798,103,106,-3,3
72799,84,84,0,0
72800,68,76,-8,8
72801,78,80,-2,2
72802,118,111,7,7
72803,112,110,2,2
72804,108,108,0,0
72805,113,109,4,4
72806,116,102,14,14
72807,67,69,-2,2
72808,110,110,0,0
72809,100,97,3,3
72810,111,101,10,10
72811,82,91,-9,9
72812,157,151,6,6
72813,75,80,-5,5
72814,102,103,-1,1
72815,90,94,-4,4
72816,60,66,-6,6
72817,88,92,-4,4
72818,96,101,-5,5
72819,117,138,-21,21
72820,76,84,-8,8
72821,166,149,17,17
72822,187,159,28,28
72823,73,68,5,5
72824,91,98,-7,7
72825,125,122,3,3
72826,60,69,-9,9
72827,91,92,-1,1
72828,99,116,-17,17
72829,80,73,7,7
72830,125,121,4,4
72831,111,116,-5,5
72832,54,62,-8,8
72833,192,175,17,17
72834,159,144,15,15
72835,71,71,0,0
72836,80,89,-9,9
72837,58,63,-5,5
72838,78,75,3,3
72839,146,130,16,16
72840,73,73,0,0
72841,178,152,26,26
72842,94,95,-1,1
72843,131,123,8,8
72844,70,64,6,6
72845,126,128,-2,2
72846,84,85,-1,1
72847,80,86,-6,6
72848,214,191,23,23
72849,111,108,3,3
72850,134,137,-3,3
72851,89,87,2,2
72852,124,133,-9,9
72853,112,104,8,8
72854,94,104,-10,10
72855,110,105,5,5
72856,143,139,4,4
72857,70,75,-5,5
72858,112,114,-2,2
72859,88,86,2,2
72860,89,85,4,4
72861,78,76,2,2
72862,121,112,9,9
72863,69,72,-3,3
72864,82,83,-1,1
72865,137,161,-24,24
72866,116,115,1,1
72867,169,154,15,15
72868,108,98,10,10
72869,62,62,0,0
72870,66,85,-19,19
72871,126,119,7,7
72872,77,74,3,3
72873,170,162,8,8
72874,48,59,-11,11
72875,123,111,12,12
72876,135,128,7,7
72877,128,126,2,2
72878,108,106,2,2
72879,102,96,6,6
72880,89,94,-5,5
72881,68,73,-5,5
72882,83,78,5,5
72883,174,169,5,5
72884,130,106,24,24
72885,176,157,19,19
72886,87,99,-12,12
72887,69,67,2,2
72888,69,73,-4,4
72889,100,86,14,14
72890,164,153,11,11
72891,94,103,-9,9
72892,82,81,1,1
72893,191,185,6,6
72894,99,102,-3,3
72895,78,83,-5,5
72896,68,71,-3,3
72897,121,104,17,17
72898,128,117,11,11
72899,149,142,7,7
72900,164,151,13,13
72901,74,78,-4,4
72902,67,65,2,2
72903,59,68,-9,9
72904,100,117,-17,17
72905,62,75,-13,13
72906,100,102,-2,2
72907,79,84,-5,5
72908,137,150,-13,13
72909,74,75,-1,1
72910,94,98,-4,4
72911,119,102,17,17
72912,103,101,2,2
72913,95,94,1,1
72914,60,56,4,4
72915,111,105,6,6
72916,34,41,-7,7
72917,78,92,-14,14
72918,97,96,1,1
72919,111,111,0,0
72920,85,95,-10,10
72921,149,136,13,13
72922,90,87,3,3
72923,49,53,-4,4
72924,138,129,9,9
72925,69,68,1,1
72926,79,72,7,7
72927,70,69,1,1
72928,82,86,-4,4
72929,79,83,-4,4
72930,85,100,-15,15
72931,89,85,4,4
72932,67,70,-3,3
72933,106,117,-11,11
72934,70,80,-10,10
72935,74,83,-9,9
72936,55,67,-12,12
72937,164,158,6,6
72938,77,77,0,0
72939,57,61,-4,4
72940,97,108,-11,11
72941,136,141,-5,5
72942,83,84,-1,1
72943,66,70,-4,4
72944,92,98,-6,6
72945,92,99,-7,7
72946,71,69,2,2
72947,67,77,-10,10
72948,150,135,15,15
72949,69,74,-5,5
72950,132,123,9,9
72951,194,178,16,16
72952,137,136,1,1
72953,68,73,-5,5
72954,90,101,-11,11
72955,113,112,1,1
72956,61,60,1,1
72957,160,144,16,16
72958,149,143,6,6
72959,48,59,-11,11
72960,128,125,3,3
72961,102,104,-2,2
72962,95,99,-4,4
72963,68,65,3,3
72964,164,156,8,8
72965,92,104,-12,12
72966,100,95,5,5
72967,68,77,-9,9
72968,81,83,-2,2
72969,87,84,3,3
72970,121,104,17,17
72971,95,102,-7,7
72972,99,88,11,11
72973,59,70,-11,11
72974,140,127,13,13
72975,109,91,18,18
72976,147,132,15,15
72977,84,89,-5,5
72978,111,108,3,3
72979,85,94,-9,9
72980,63,73,-10,10
72981,64,64,0,0
72982,75,74,1,1
72983,136,117,19,19
72984,140,143,-3,3
72985,45,53,-8,8
72986,159,156,3,3
72987,110,101,9,9
72988,54,68,-14,14
72989,129,130,-1,1
72990,170,177,-7,7
72991,111,107,4,4
72992,72,70,2,2
72993,129,126,3,3
72994,67,71,-4,4
72995,159,168,-9,9
72996,60,71,-11,11
72997,91,93,-2,2
72998,126,112,14,14
72999,240,197,43,43
73000,113,110,3,3
73001,85,81,4,4
73002,54,66,-12,12
73003,68,71,-3,3
73004,89,91,-2,2
73005,142,130,12,12
73006,146,134,12,12
73007,87,90,-3,3
73008,122,125,-3,3
73009,81,58,23,23
73010,77,80,-3,3
73011,113,101,12,12
73012,182,180,2,2
73013,111,106,5,5
73014,97,92,5,5
73015,90,91,-1,1
73016,149,140,9,9
73017,62,75,-13,13
73018,121,116,5,5
73019,90,91,-1,1
73020,64,62,2,2
73021,158,150,8,8
73022,89,92,-3,3
73023,93,91,2,2
73024,82,75,7,7
73025,80,86,-6,6
73026,231,226,5,5
73027,52,62,-10,10
73028,185,162,23,23
73029,125,129,-4,4
73030,116,107,9,9
73031,70,74,-4,4
73032,92,91,1,1
73033,135,135,0,0
73034,83,92,-9,9
73035,78,81,-3,3
73036,89,90,-1,1
73037,98,95,3,3
73038,74,82,-8,8
73039,117,118,-1,1
73040,65,200,-135,135
73041,80,82,-2,2
73042,82,82,0,0
73043,144,146,-2,2
73044,64,67,-3,3
73045,144,134,10,10
73046,46,49,-3,3
73047,29,37,-8,8
73048,81,83,-2,2
73049,115,110,5,5
73050,99,96,3,3
73051,80,74,6,6
73052,111,109,2,2
73053,113,109,4,4
73054,119,103,16,16
73055,49,47,2,2
73056,128,122,6,6
73057,168,154,14,14
73058,52,55,-3,3
73059,115,114,1,1
73060,230,200,30,30
73061,113,130,-17,17
73062,66,65,1,1
73063,102,102,0,0
73064,52,57,-5,5
73065,94,97,-3,3
73066,69,75,-6,6
73067,146,153,-7,7
73068,130,123,7,7
73069,82,74,8,8
73070,51,55,-4,4
73071,114,107,7,7
73072,58,70,-12,12
73073,70,80,-10,10
73074,74,75,-1,1
73075,75,71,4,4
73076,54,55,-1,1
73077,134,134,0,0
73078,46,48,-2,2
73079,79,75,4,4
73080,66,76,-10,10
73081,114,116,-2,2
73082,76,90,-14,14
73083,149,140,9,9
73084,126,117,9,9
73085,91,101,-10,10
73086,56,58,-2,2
73087,131,128,3,3
73088,119,129,-10,10
73089,119,113,6,6
73090,124,120,4,4
73091,142,136,6,6
73092,215,186,29,29
73093,59,65,-6,6
73094,60,62,-2,2
73095,76,84,-8,8
73096,54,54,0,0
73097,78,92,-14,14
73098,133,139,-6,6
73099,56,57,-1,1
73100,79,83,-4,4
73101,74,72,2,2
73102,55,70,-15,15
73103,62,62,0,0
73104,47,50,-3,3
73105,112,117,-5,5
73106,112,106,6,6
73107,122,114,8,8
73108,104,104,0,0
73109,81,102,-21,21
73110,76,85,-9,9
73111,61,63,-2,2
73112,230,180,50,50
73113,87,89,-2,2
73114,94,91,3,3
73115,83,82,1,1
73116,154,132,22,22
73117,140,128,12,12
73118,81,89,-8,8
73119,78,75,3,3
73120,112,106,6,6
73121,133,120,13,13
73122,72,77,-5,5
73123,150,126,24,24
73124,133,125,8,8
73125,74,70,4,4
73126,122,118,4,4
73127,90,93,-3,3
73128,69,68,1,1
73129,75,82,-7,7
73130,50,50,0,0
73131,135,127,8,8
73132,126,118,8,8
73133,68,88,-20,20
73134,88,90,-2,2
73135,78,91,-13,13
73136,55,64,-9,9
73137,94,103,-9,9
73138,57,70,-13,13
73139,70,75,-5,5
73140,150,141,9,9
73141,67,74,-7,7
73142,78,85,-7,7
73143,82,87,-5,5
73144,123,124,-1,1
73145,75,72,3,3
73146,151,151,0,0
73147,79,75,4,4
73148,116,109,7,7
73149,89,83,6,6
73150,143,134,9,9
73151,94,98,-4,4
73152,94,101,-7,7
73153,81,88,-7,7
73154,77,88,-11,11
73155,85,91,-6,6
73156,104,107,-3,3
73157,58,66,-8,8
73158,76,85,-9,9
73159,72,74,-2,2
73160,90,91,-1,1
73161,126,132,-6,6
73162,81,83,-2,2
73163,113,109,4,4
73164,72,80,-8,8
73165,111,117,-6,6
73166,94,91,3,3
73167,77,75,2,2
73168,76,72,4,4
73169,91,86,5,5
73170,84,91,-7,7
73171,50,66,-16,16
73172,111,113,-2,2
73173,160,150,10,10
73174,90,84,6,6
73175,165,169,-4,4
73176,153,136,17,17
73177,38,46,-8,8
73178,76,93,-17,17
73179,73,75,-2,2
73180,99,103,-4,4
73181,64,67,-3,3
73182,148,137,11,11
73183,146,139,7,7
73184,86,89,-3,3
73185,70,78,-8,8
73186,74,71,3,3
73187,102,101,1,1
73188,76,69,7,7
73189,115,112,3,3
73190,111,107,4,4
73191,67,68,-1,1
73192,120,131,-11,11
73193,72,75,-3,3
73194,93,95,-2,2
73195,256,232,24,24
73196,157,151,6,6
73197,70,72,-2,2
73198,95,106,-11,11
73199,99,103,-4,4
73200,94,93,1,1
73201,81,77,4,4
73202,102,97,5,5
73203,107,108,-1,1
73204,137,126,11,11
73205,91,94,-3,3
73206,90,98,-8,8
73207,68,70,-2,2
73208,59,66,-7,7
73209,86,90,-4,4
73210,118,129,-11,11
73211,197,184,13,13
73212,55,60,-5,5
73213,82,82,0,0
73214,96,103,-7,7
73215,88,100,-12,12
73216,72,88,-16,16
73217,56,63,-7,7
73218,110,106,4,4
73219,75,72,3,3
73220,107,117,-10,10
73221,100,106,-6,6
73222,137,123,14,14
73223,76,82,-6,6
73224,174,167,7,7
73225,101,106,-5,5
73226,85,89,-4,4
73227,53,63,-10,10
73228,108,94,14,14
73229,82,81,1,1
73230,84,94,-10,10
73231,92,97,-5,5
73232,125,134,-9,9
73233,93,103,-10,10
73234,54,64,-10,10
73235,113,104,9,9
73236,196,188,8,8
73237,71,68,3,3
73238,75,75,0,0
73239,46,55,-9,9
73240,107,110,-3,3
73241,82,92,-10,10
73242,88,102,-14,14
73243,57,58,-1,1
73244,153,141,12,12
73245,131,135,-4,4
73246,111,124,-13,13
73247,136,137,-1,1
73248,58,65,-7,7
73249,85,90,-5,5
73250,98,94,4,4
73251,80,84,-4,4
73252,82,92,-10,10
73253,74,71,3,3
73254,135,117,18,18
73255,88,92,-4,4
73256,27,43,-16,16
73257,60,68,-8,8
73258,82,82,0,0
73259,176,169,7,7
73260,163,139,24,24
73261,130,134,-4,4
73262,120,116,4,4
73263,143,118,25,25
73264,138,139,-1,1
73265,88,86,2,2
73266,125,124,1,1
73267,81,78,3,3
73268,56,58,-2,2
73269,70,73,-3,3
73270,59,67,-8,8
73271,117,127,-10,10
73272,35,44,-9,9
73273,115,107,8,8
73274,59,68,-9,9
73275,88,84,4,4
73276,124,129,-5,5
73277,110,99,11,11
73278,118,111,7,7
73279,103,96,7,7
73280,121,119,2,2
73281,78,79,-1,1
73282,69,75,-6,6
73283,129,122,7,7
73284,75,71,4,4
73285,54,59,-5,5
73286,185,165,20,20
73287,105,103,2,2
73288,65,64,1,1
73289,145,127,18,18
73290,134,118,16,16
73291,102,98,4,4
73292,75,78,-3,3
73293,106,103,3,3
73294,122,119,3,3
73295,42,51,-9,9
73296,144,147,-3,3
73297,104,100,4,4
73298,117,109,8,8
73299,69,74,-5,5
73300,63,73,-10,10
73301,184,149,35,35
73302,96,96,0,0
73303,86,78,8,8
73304,98,97,1,1
73305,78,81,-3,3
73306,91,93,-2,2
73307,53,55,-2,2
73308,79,81,-2,2
73309,141,131,10,10
73310,82,82,0,0
73311,49,56,-7,7
73312,109,103,6,6
73313,61,68,-7,7
73314,90,95,-5,5
73315,61,60,1,1
73316,94,105,-11,11
73317,134,135,-1,1
73318,65,73,-8,8
73319,136,129,7,7
73320,164,154,10,10
73321,98,105,-7,7
73322,83,90,-7,7
73323,40,47,-7,7
73324,67,81,-14,14
73325,90,91,-1,1
73326,62,60,2,2
73327,60,60,0,0
73328,115,106,9,9
73329,135,133,2,2
73330,75,76,-1,1
73331,35,64,-29,29
73332,94,106,-12,12
73333,113,106,7,7
73334,133,126,7,7
73335,103,74,29,29
73336,108,101,7,7
73337,65,69,-4,4
73338,67,61,6,6
73339,121,115,6,6
73340,89,102,-13,13
73341,69,73,-4,4
73342,128,126,2,2
73343,99,94,5,5
73344,100,101,-1,1
73345,88,75,13,13
73346,160,145,15,15
73347,94,92,2,2
73348,111,110,1,1
73349,83,76,7,7
73350,51,64,-13,13
73351,126,119,7,7
73352,150,137,13,13
73353,57,60,-3,3
73354,63,71,-8,8
73355,112,114,-2,2
73356,196,180,16,16
73357,71,74,-3,3
73358,152,146,6,6
73359,87,92,-5,5
73360,59,62,-3,3
73361,144,136,8,8
73362,122,113,9,9
73363,61,72,-11,11
73364,99,107,-8,8
73365,74,67,7,7
73366,68,72,-4,4
73367,92,100,-8,8
73368,147,148,-1,1
73369,114,112,2,2
73370,64,68,-4,4
73371,92,81,11,11
73372,85,84,1,1
73373,100,95,5,5
73374,142,130,12,12
73375,34,32,2,2
73376,107,99,8,8
73377,110,106,4,4
73378,154,142,12,12
73379,69,71,-2,2
73380,91,102,-11,11
73381,124,111,13,13
73382,71,69,2,2
73383,61,60,1,1
73384,110,105,5,5
73385,86,97,-11,11
73386,143,129,14,14
73387,65,67,-2,2
73388,82,79,3,3
73389,90,98,-8,8
73390,156,155,1,1
73391,177,170,7,7
73392,108,106,2,2
73393,100,109,-9,9
73394,60,70,-10,10
73395,81,98,-17,17
73396,99,105,-6,6
73397,63,90,-27,27
73398,87,102,-15,15
73399,53,52,1,1
73400,47,52,-5,5
73401,65,75,-10,10
73402,79,77,2,2
73403,65,71,-6,6
73404,99,104,-5,5
73405,61,66,-5,5
73406,101,107,-6,6
73407,75,72,3,3
73408,99,106,-7,7
73409,84,87,-3,3
73410,130,124,6,6
73411,147,131,16,16
73412,103,103,0,0
73413,48,51,-3,3
73414,88,87,1,1
73415,115,106,9,9
73416,81,89,-8,8
73417,69,81,-12,12
73418,144,143,1,1
73419,103,97,6,6
73420,84,83,1,1
73421,175,164,11,11
73422,133,116,17,17
73423,88,91,-3,3
73424,112,109,3,3
73425,98,103,-5,5
73426,79,76,3,3
73427,65,69,-4,4
73428,75,89,-14,14
73429,101,106,-5,5
73430,44,53,-9,9
73431,89,93,-4,4
73432,107,106,1,1
73433,85,90,-5,5
73434,42,51,-9,9
73435,86,92,-6,6
73436,92,91,1,1
73437,70,75,-5,5
73438,79,82,-3,3
73439,39,57,-18,18
73440,90,92,-2,2
73441,126,116,10,10
73442,116,111,5,5
73443,69,74,-5,5
73444,51,61,-10,10
73445,107,102,5,5
73446,88,90,-2,2
73447,104,100,4,4
73448,81,74,7,7
73449,78,81,-3,3
73450,87,93,-6,6
73451,63,76,-13,13
73452,92,98,-6,6
73453,125,127,-2,2
73454,113,110,3,3
73455,50,54,-4,4
73456,71,71,0,0
73457,78,81,-3,3
73458,65,68,-3,3
73459,145,132,13,13
73460,64,65,-1,1
73461,83,84,-1,1
73462,162,143,19,19
73463,84,90,-6,6
73464,149,146,3,3
73465,68,74,-6,6
73466,84,91,-7,7
73467,74,69,5,5
73468,106,105,1,1
73469,87,93,-6,6
73470,102,115,-13,13
73471,142,128,14,14
73472,159,149,10,10
73473,49,54,-5,5
73474,133,135,-2,2
73475,89,90,-1,1
73476,47,56,-9,9
73477,111,112,-1,1
73478,79,78,1,1
73479,108,117,-9,9
73480,58,65,-7,7
73481,111,119,-8,8
73482,46,51,-5,5
73483,69,72,-3,3
73484,144,145,-1,1
73485,122,116,6,6
73486,114,109,5,5
73487,60,61,-1,1
73488,75,83,-8,8
73489,79,82,-3,3
73490,97,102,-5,5
73491,177,169,8,8
73492,111,105,6,6
73493,35,47,-12,12
73494,133,118,15,15
73495,58,58,0,0
73496,114,103,11,11
73497,80,87,-7,7
73498,133,112,21,21
73499,116,117,-1,1
73500,88,73,15,15
73501,126,117,9,9
73502,135,125,10,10
73503,85,92,-7,7
73504,154,149,5,5
73505,118,113,5,5
73506,92,92,0,0
73507,146,148,-2,2
73508,63,70,-7,7
73509,77,81,-4,4
73510,113,107,6,6
73511,110,109,1,1
73512,63,69,-6,6
73513,78,73,5,5
73514,130,118,12,12
73515,64,66,-2,2
73516,81,90,-9,9
73517,75,68,7,7
73518,41,55,-14,14
73519,139,132,7,7
73520,60,65,-5,5
73521,81,86,-5,5
73522,108,106,2,2
73523,102,102,0,0
73524,63,67,-4,4
73525,111,102,9,9
73526,42,48,-6,6
73527,93,99,-6,6
73528,106,114,-8,8
73529,92,88,4,4
73530,87,90,-3,3
73531,100,103,-3,3
73532,73,76,-3,3
73533,65,65,0,0
73534,84,98,-14,14
73535,158,151,7,7
73536,73,74,-1,1
73537,116,125,-9,9
73538,79,91,-12,12
73539,114,106,8,8
73540,108,106,2,2
73541,89,90,-1,1
73542,65,78,-13,13
73543,123,115,8,8
73544,70,75,-5,5
73545,58,64,-6,6
73546,61,72,-11,11
73547,118,132,-14,14
73548,91,101,-10,10
73549,82,92,-10,10
73550,42,59,-17,17
73551,43,49,-6,6
73552,144,128,16,16
73553,60,74,-14,14
73554,29,33,-4,4
73555,111,100,11,11
73556,69,72,-3,3
73557,192,166,26,26
73558,88,106,-18,18
73559,64,69,-5,5
73560,131,132,-1,1
73561,107,110,-3,3
73562,95,105,-10,10
73563,70,74,-4,4
73564,51,53,-2,2
73565,195,175,20,20
73566,77,81,-4,4
73567,117,118,-1,1
73568,87,82,5,5
73569,46,49,-3,3
73570,71,72,-1,1
73571,65,66,-1,1
73572,171,177,-6,6
73573,106,105,1,1
73574,82,84,-2,2
73575,130,117,13,13
73576,58,67,-9,9
73577,105,110,-5,5
73578,121,124,-3,3
73579,148,152,-4,4
73580,87,92,-5,5
73581,98,103,-5,5
73582,74,88,-14,14
73583,138,133,5,5
73584,95,103,-8,8
73585,104,103,1,1
73586,64,65,-1,1
73587,74,78,-4,4
73588,126,105,21,21
73589,93,103,-10,10
73590,80,82,-2,2
73591,62,68,-6,6
73592,56,66,-10,10
73593,91,99,-8,8
73594,202,178,24,24
73595,97,101,-4,4
73596,109,116,-7,7
73597,62,51,11,11
73598,156,150,6,6
73599,62,62,0,0
73600,156,148,8,8
73601,60,67,-7,7
73602,67,67,0,0
73603,109,115,-6,6
73604,129,122,7,7
73605,126,117,9,9
73606,141,132,9,9
73607,117,103,14,14
73608,167,155,12,12
73609,123,129,-6,6
73610,127,117,10,10
73611,70,71,-1,1
73612,67,70,-3,3
73613,93,95,-2,2
73614,79,76,3,3
73615,80,82,-2,2
73616,81,91,-10,10
73617,77,77,0,0
73618,57,63,-6,6
73619,125,130,-5,5
73620,137,123,14,14
73621,98,104,-6,6
73622,76,75,1,1
73623,99,91,8,8
73624,88,92,-4,4
73625,71,72,-1,1
73626,85,84,1,1
73627,93,97,-4,4
73628,112,103,9,9
73629,63,70,-7,7
73630,79,93,-14,14
73631,90,93,-3,3
73632,71,73,-2,2
73633,67,84,-17,17
73634,147,126,21,21
73635,57,77,-20,20
73636,61,66,-5,5
73637,100,98,2,2
73638,79,76,3,3
73639,136,108,28,28
73640,88,98,-10,10
73641,67,70,-3,3
73642,173,170,3,3
73643,111,102,9,9
73644,96,84,12,12
73645,91,86,5,5
73646,90,86,4,4
73647,93,92,1,1
73648,99,101,-2,2
73649,57,60,-3,3
73650,71,70,1,1
73651,165,150,15,15
73652,91,104,-13,13
73653,59,61,-2,2
73654,103,103,0,0
73655,72,74,-2,2
73656,95,94,1,1
73657,86,81,5,5
73658,142,116,26,26
73659,92,93,-1,1
73660,86,92,-6,6
73661,143,131,12,12
73662,37,46,-9,9
73663,66,71,-5,5
73664,121,117,4,4
73665,89,88,1,1
73666,54,72,-18,18
73667,64,69,-5,5
73668,48,50,-2,2
73669,33,43,-10,10
73670,154,147,7,7
73671,55,62,-7,7
73672,85,78,7,7
73673,68,71,-3,3
73674,88,93,-5,5
73675,61,64,-3,3
73676,123,112,11,11
73677,98,101,-3,3
73678,161,154,7,7
73679,53,59,-6,6
73680,68,75,-7,7
73681,131,119,12,12
73682,100,96,4,4
73683,64,65,-1,1
73684,109,119,-10,10
73685,87,90,-3,3
73686,78,83,-5,5
73687,56,63,-7,7
73688,96,93,3,3
73689,104,102,2,2
73690,94,96,-2,2
73691,66,68,-2,2
73692,106,102,4,4
73693,132,142,-10,10
73694,142,116,26,26
73695,112,115,-3,3
73696,104,83,21,21
73697,129,135,-6,6
73698,107,103,4,4
73699,137,141,-4,4
73700,81,87,-6,6
73701,57,60,-3,3
73702,126,116,10,10
73703,57,73,-16,16
73704,141,126,15,15
73705,94,95,-1,1
73706,56,70,-14,14
73707,100,95,5,5
73708,65,71,-6,6
73709,153,146,7,7
73710,106,108,-2,2
73711,65,68,-3,3
73712,89,96,-7,7
73713,69,65,4,4
73714,172,159,13,13
73715,74,77,-3,3
73716,55,68,-13,13
73717,95,93,2,2
73718,80,84,-4,4
73719,72,78,-6,6
73720,69,72,-3,3
73721,77,86,-9,9
73722,136,129,7,7
73723,60,61,-1,1
73724,106,101,5,5
73725,98,94,4,4
73726,113,112,1,1
73727,66,69,-3,3
73728,117,108,9,9
73729,75,75,0,0
73730,123,120,3,3
73731,54,56,-2,2
73732,157,163,-6,6
73733,100,94,6,6
73734,74,78,-4,4
73735,61,66,-5,5
73736,72,75,-3,3
73737,81,77,4,4
73738,138,144,-6,6
73739,137,139,-2,2
73740,163,143,20,20
73741,65,80,-15,15
73742,130,129,1,1
73743,68,79,-11,11
73744,97,92,5,5
73745,167,158,9,9
73746,93,82,11,11
73747,63,71,-8,8
73748,91,91,0,0
73749,174,159,15,15
73750,138,120,18,18
73751,75,80,-5,5
73752,129,134,-5,5
73753,116,106,10,10
73754,47,46,1,1
73755,116,104,12,12
73756,103,101,2,2
73757,112,107,5,5
73758,133,122,11,11
73759,55,62,-7,7
73760,75,80,-5,5
73761,53,57,-4,4
73762,88,101,-13,13
73763,132,127,5,5
73764,35,32,3,3
73765,45,57,-12,12
73766,67,71,-4,4
73767,124,107,17,17
73768,148,134,14,14
73769,138,123,15,15
73770,98,94,4,4
73771,81,80,1,1
73772,54,58,-4,4
73773,35,39,-4,4
73774,69,66,3,3
73775,66,68,-2,2
73776,116,106,10,10
73777,86,85,1,1
73778,95,101,-6,6
73779,95,101,-6,6
73780,61,65,-4,4
73781,79,82,-3,3
73782,74,95,-21,21
73783,117,113,4,4
73784,63,69,-6,6
73785,138,121,17,17
73786,125,124,1,1
73787,95,101,-6,6
73788,66,70,-4,4
73789,53,59,-6,6
73790,83,85,-2,2
73791,60,69,-9,9
73792,52,58,-6,6
73793,55,57,-2,2
73794,100,104,-4,4
73795,91,110,-19,19
73796,87,90,-3,3
73797,63,59,4,4
73798,122,97,25,25
73799,75,75,0,0
73800,57,69,-12,12
73801,55,64,-9,9
73802,110,101,9,9
73803,88,94,-6,6
73804,155,161,-6,6
73805,96,102,-6,6
73806,81,86,-5,5
73807,102,103,-1,1
73808,141,123,18,18
73809,105,103,2,2
73810,68,68,0,0
73811,80,76,4,4
73812,94,104,-10,10
73813,60,64,-4,4
73814,107,96,11,11
73815,112,112,0,0
73816,92,97,-5,5
73817,86,80,6,6
73818,131,110,21,21
73819,62,61,1,1
73820,146,143,3,3
73821,67,82,-15,15
73822,77,84,-7,7
73823,101,105,-4,4
73824,80,73,7,7
73825,97,85,12,12
73826,140,127,13,13
73827,128,139,-11,11
73828,108,111,-3,3
73829,91,93,-2,2
73830,91,97,-6,6
73831,87,83,4,4
73832,151,131,20,20
73833,91,97,-6,6
73834,161,146,15,15
73835,60,65,-5,5
73836,135,124,11,11
73837,73,91,-18,18
73838,88,102,-14,14
73839,71,71,0,0
73840,80,83,-3,3
73841,50,54,-4,4
73842,106,103,3,3
73843,66,69,-3,3
73844,90,100,-10,10
73845,122,130,-8,8
73846,99,96,3,3
73847,73,73,0,0
73848,60,64,-4,4
73849,63,36,27,27
73850,105,122,-17,17
73851,34,40,-6,6
73852,74,85,-11,11
73853,122,116,6,6
73854,123,111,12,12
73855,66,65,1,1
73856,122,115,7,7
73857,114,109,5,5
73858,165,159,6,6
73859,139,151,-12,12
73860,58,52,6,6
73861,70,72,-2,2
73862,71,69,2,2
73863,158,176,-18,18
73864,66,67,-1,1
73865,166,136,30,30
73866,129,129,0,0
73867,91,93,-2,2
73868,109,128,-19,19
73869,118,130,-12,12
73870,90,96,-6,6
73871,125,118,7,7
73872,94,92,2,2
73873,107,99,8,8
73874,144,125,19,19
73875,83,82,1,1
73876,71,78,-7,7
73877,93,95,-2,2
73878,103,104,-1,1
73879,78,82,-4,4
73880,33,76,-43,43
73881,44,88,-44,44
73882,129,126,3,3
73883,210,189,21,21
73884,98,97,1,1
73885,60,78,-18,18
73886,110,103,7,7
73887,56,63,-7,7
73888,149,134,15,15
73889,86,88,-2,2
73890,101,102,-1,1
73891,80,76,4,4
73892,96,97,-1,1
73893,66,69,-3,3
73894,73,71,2,2
73895,87,76,11,11
73896,73,68,5,5
73897,96,94,2,2
73898,36,45,-9,9
73899,171,190,-19,19
73900,125,118,7,7
73901,82,85,-3,3
73902,79,74,5,5
73903,148,138,10,10
73904,137,131,6,6
73905,82,92,-10,10
73906,72,96,-24,24
73907,57,63,-6,6
73908,162,159,3,3
73909,148,133,15,15
73910,82,77,5,5
73911,76,71,5,5
73912,72,70,2,2
73913,42,41,1,1
73914,102,107,-5,5
73915,61,67,-6,6
73916,107,107,0,0
73917,72,69,3,3
73918,117,129,-12,12
73919,70,70,0,0
73920,60,64,-4,4
73921,110,96,14,14
73922,94,96,-2,2
73923,121,126,-5,5
73924,102,102,0,0
73925,61,67,-6,6
73926,69,74,-5,5
73927,51,68,-17,17
73928,113,122,-9,9
73929,148,170,-22,22
73930,129,133,-4,4
73931,60,61,-1,1
73932,82,101,-19,19
73933,149,138,11,11
73934,64,63,1,1
73935,95,103,-8,8
73936,105,104,1,1
73937,129,126,3,3
73938,140,135,5,5
73939,143,144,-1,1
73940,67,68,-1,1
73941,81,84,-3,3
73942,131,118,13,13
73943,61,61,0,0
73944,95,96,-1,1
73945,121,115,6,6
73946,96,87,9,9
73947,159,132,27,27
73948,51,58,-7,7
73949,72,79,-7,7
73950,83,86,-3,3
73951,114,109,5,5
73952,90,95,-5,5
73953,72,72,0,0
73954,88,85,3,3
73955,149,135,14,14
73956,69,68,1,1
73957,67,73,-6,6
73958,65,75,-10,10
73959,119,123,-4,4
73960,146,129,17,17
73961,75,87,-12,12
73962,175,155,20,20
73963,109,116,-7,7
73964,80,81,-1,1
73965,99,93,6,6
73966,137,130,7,7
73967,77,94,-17,17
73968,44,72,-28,28
73969,96,81,15,15
73970,55,59,-4,4
73971,113,105,8,8
73972,108,107,1,1
73973,55,59,-4,4
73974,138,117,21,21
73975,74,75,-1,1
73976,69,74,-5,5
73977,131,124,7,7
73978,129,157,-28,28
73979,103,107,-4,4
73980,50,56,-6,6
73981,90,95,-5,5
73982,42,43,-1,1
73983,140,151,-11,11
73984,76,93,-17,17
73985,113,108,5,5
73986,43,55,-12,12
73987,73,89,-16,16
73988,116,115,1,1
73989,112,116,-4,4
73990,126,128,-2,2
73991,98,105,-7,7
73992,83,86,-3,3
73993,51,64,-13,13
73994,73,92,-19,19
73995,220,186,34,34
73996,72,83,-11,11
73997,63,68,-5,5
73998,107,106,1,1
73999,90,86,4,4
74000,50,61,-11,11
74001,100,99,1,1
74002,126,117,9,9
74003,73,76,-3,3
74004,88,94,-6,6
74005,65,80,-15,15
74006,73,74,-1,1
74007,83,85,-2,2
74008,118,121,-3,3
74009,77,74,3,3
74010,175,163,12,12
74011,101,102,-1,1
74012,72,74,-2,2
74013,84,91,-7,7
74014,320,341,-21,21
74015,86,103,-17,17
74016,48,52,-4,4
74017,82,76,6,6
74018,111,103,8,8
74019,83,85,-2,2
74020,105,117,-12,12
74021,87,93,-6,6
74022,92,93,-1,1
74023,106,105,1,1
74024,179,169,10,10
74025,123,115,8,8
74026,68,76,-8,8
74027,52,52,0,0
74028,155,131,24,24
74029,97,110,-13,13
74030,78,83,-5,5
74031,52,55,-3,3
74032,62,66,-4,4
74033,92,96,-4,4
74034,113,108,5,5
74035,141,134,7,7
74036,66,74,-8,8
74037,97,92,5,5
74038,80,100,-20,20
74039,71,94,-23,23
74040,117,111,6,6
74041,202,186,16,16
74042,89,85,4,4
74043,65,75,-10,10
74044,83,94,-11,11
74045,151,140,11,11
74046,68,68,0,0
74047,84,91,-7,7
74048,114,107,7,7
74049,67,71,-4,4
74050,48,50,-2,2
74051,108,108,0,0
74052,159,138,21,21
74053,84,84,0,0
74054,153,138,15,15
74055,52,71,-19,19
74056,159,151,8,8
74057,118,120,-2,2
74058,83,91,-8,8
74059,50,53,-3,3
74060,125,115,10,10
74061,41,94,-53,53
74062,62,75,-13,13
74063,85,79,6,6
74064,133,132,1,1
74065,129,117,12,12
74066,97,95,2,2
74067,102,104,-2,2
74068,23,35,-12,12
74069,74,82,-8,8
74070,41,56,-15,15
74071,108,113,-5,5
74072,104,104,0,0
74073,108,95,13,13
74074,97,97,0,0
74075,74,80,-6,6
74076,94,97,-3,3
74077,78,81,-3,3
74078,117,119,-2,2
74079,119,117,2,2
74080,60,57,3,3
74081,86,88,-2,2
74082,84,85,-1,1
74083,72,74,-2,2
74084,93,100,-7,7
74085,72,74,-2,2
74086,156,132,24,24
74087,73,80,-7,7
74088,108,108,0,0
74089,126,136,-10,10
74090,93,92,1,1
74091,79,74,5,5
74092,181,148,33,33
74093,83,81,2,2
74094,119,115,4,4
74095,71,73,-2,2
74096,77,69,8,8
74097,104,122,-18,18
74098,72,80,-8,8
74099,68,72,-4,4
74100,98,101,-3,3
74101,57,81,-24,24
74102,80,106,-26,26
74103,73,74,-1,1
74104,191,161,30,30
74105,100,95,5,5
74106,132,115,17,17
74107,40,42,-2,2
74108,54,59,-5,5
74109,154,144,10,10
74110,139,130,9,9
74111,107,107,0,0
74112,128,115,13,13
74113,133,119,14,14
74114,83,74,9,9
74115,63,89,-26,26
74116,81,84,-3,3
74117,163,150,13,13
74118,109,107,2,2
74119,63,66,-3,3
74120,90,94,-4,4
74121,81,94,-13,13
74122,66,67,-1,1
74123,120,122,-2,2
74124,89,90,-1,1
74125,67,72,-5,5
74126,85,88,-3,3
74127,78,82,-4,4
74128,75,82,-7,7
74129,198,182,16,16
74130,92,93,-1,1
74131,118,107,11,11
74132,57,65,-8,8
74133,155,147,8,8
74134,86,87,-1,1
74135,67,66,1,1
74136,178,147,31,31
74137,68,72,-4,4
74138,85,86,-1,1
74139,79,84,-5,5
74140,93,86,7,7
74141,50,61,-11,11
74142,58,62,-4,4
74143,104,106,-2,2
74144,100,100,0,0
74145,201,186,15,15
74146,105,107,-2,2
74147,105,107,-2,2
74148,90,93,-3,3
74149,68,76,-8,8
74150,74,82,-8,8
74151,60,63,-3,3
74152,59,76,-17,17
74153,97,104,-7,7
74154,87,85,2,2
74155,55,69,-14,14
74156,111,103,8,8
74157,119,106,13,13
74158,115,117,-2,2
74159,59,58,1,1
74160,61,66,-5,5
74161,30,32,-2,2
74162,96,95,1,1
74163,131,109,22,22
74164,183,175,8,8
74165,161,163,-2,2
74166,146,143,3,3
74167,200,178,22,22
74168,100,103,-3,3
74169,114,109,5,5
74170,108,107,1,1
74171,73,75,-2,2
74172,75,73,2,2
74173,72,75,-3,3
74174,143,150,-7,7
74175,101,94,7,7
74176,66,71,-5,5
74177,164,144,20,20
74178,85,86,-1,1
74179,88,91,-3,3
74180,98,102,-4,4
74181,54,99,-45,45
74182,95,99,-4,4
74183,64,71,-7,7
74184,144,139,5,5
74185,105,104,1,1
74186,102,109,-7,7
74187,114,99,15,15
74188,54,62,-8,8
74189,112,105,7,7
74190,181,163,18,18
74191,110,103,7,7
74192,75,66,9,9
74193,51,66,-15,15
74194,98,96,2,2
74195,85,90,-5,5
74196,54,66,-12,12
74197,57,64,-7,7
74198,77,91,-14,14
74199,66,81,-15,15
74200,84,76,8,8
74201,102,104,-2,2
74202,124,123,1,1
74203,129,124,5,5
74204,195,186,9,9
74205,111,113,-2,2
74206,109,116,-7,7
74207,68,69,-1,1
74208,57,58,-1,1
74209,76,92,-16,16
74210,99,96,3,3
74211,78,90,-12,12
74212,124,121,3,3
74213,83,79,4,4
74214,82,76,6,6
74215,73,70,3,3
74216,66,70,-4,4
74217,102,103,-1,1
74218,107,111,-4,4
74219,101,99,2,2
74220,119,117,2,2
74221,120,129,-9,9
74222,69,73,-4,4
74223,80,97,-17,17
74224,113,109,4,4
74225,63,71,-8,8
74226,94,86,8,8
74227,146,142,4,4
74228,109,104,5,5
74229,117,109,8,8
74230,66,70,-4,4
74231,151,127,24,24
74232,60,61,-1,1
74233,146,154,-8,8
74234,135,127,8,8
74235,90,82,8,8
74236,48,58,-10,10
74237,71,72,-1,1
74238,155,153,2,2
74239,86,76,10,10
74240,111,120,-9,9
74241,96,96,0,0
74242,137,150,-13,13
74243,81,87,-6,6
74244,60,68,-8,8
74245,83,99,-16,16
74246,106,106,0,0
74247,67,75,-8,8
74248,52,58,-6,6
74249,104,102,2,2
74250,73,82,-9,9
74251,87,84,3,3
74252,148,144,4,4
74253,77,74,3,3
74254,92,98,-6,6
74255,201,186,15,15
74256,50,57,-7,7
74257,149,144,5,5
74258,150,131,19,19
74259,89,98,-9,9
74260,131,121,10,10
74261,73,69,4,4
74262,83,92,-9,9
74263,155,148,7,7
74264,80,63,17,17
74265,128,127,1,1
74266,59,62,-3,3
74267,85,94,-9,9
74268,87,104,-17,17
74269,85,83,2,2
74270,72,71,1,1
74271,72,78,-6,6
74272,56,63,-7,7
74273,127,125,2,2
74274,73,72,1,1
74275,94,82,12,12
74276,72,73,-1,1
74277,48,49,-1,1
74278,130,115,15,15
74279,103,90,13,13
74280,96,85,11,11
74281,140,141,-1,1
74282,63,72,-9,9
74283,61,60,1,1
74284,78,79,-1,1
74285,75,72,3,3
74286,81,89,-8,8
74287,79,85,-6,6
74288,94,96,-2,2
74289,117,117,0,0
74290,59,61,-2,2
74291,84,84,0,0
74292,149,143,6,6
74293,109,110,-1,1
74294,46,60,-14,14
74295,131,115,16,16
74296,118,111,7,7
74297,83,96,-13,13
74298,68,90,-22,22
74299,70,90,-20,20
74300,49,55,-6,6
74301,73,74,-1,1
74302,132,129,3,3
74303,93,85,8,8
74304,159,155,4,4
74305,107,107,0,0
74306,185,166,19,19
74307,143,141,2,2
74308,60,71,-11,11
74309,78,73,5,5
74310,106,109,-3,3
74311,98,90,8,8
74312,101,91,10,10
74313,39,61,-22,22
74314,104,108,-4,4
74315,51,67,-16,16
74316,88,83,5,5
74317,83,85,-2,2
74318,116,128,-12,12
74319,59,62,-3,3
74320,88,88,0,0
74321,206,172,34,34
74322,147,126,21,21
74323,40,54,-14,14
74324,45,52,-7,7
74325,89,93,-4,4
74326,146,138,8,8
74327,76,85,-9,9
74328,92,76,16,16
74329,35,44,-9,9
74330,77,95,-18,18
74331,104,109,-5,5
74332,97,92,5,5
74333,135,129,6,6
74334,63,66,-3,3
74335,54,61,-7,7
74336,117,118,-1,1
74337,79,76,3,3
74338,64,72,-8,8
74339,63,68,-5,5
74340,63,66,-3,3
74341,80,85,-5,5
74342,136,131,5,5
74343,106,94,12,12
74344,76,75,1,1
74345,80,82,-2,2
74346,126,116,10,10
74347,96,94,2,2
74348,56,56,0,0
74349,124,124,0,0
74350,137,131,6,6
74351,63,68,-5,5
74352,59,68,-9,9
74353,102,102,0,0
74354,41,43,-2,2
74355,84,93,-9,9
74356,99,102,-3,3
74357,108,115,-7,7
74358,125,124,1,1
74359,115,111,4,4
74360,84,86,-2,2
74361,100,105,-5,5
74362,128,127,1,1
74363,60,66,-6,6
74364,77,84,-7,7
74365,63,62,1,1
74366,90,102,-12,12
74367,64,76,-12,12
74368,61,60,1,1
74369,99,104,-5,5
74370,97,102,-5,5
74371,65,61,4,4
74372,99,105,-6,6
74373,181,164,17,17
74374,83,90,-7,7
74375,102,103,-1,1
74376,136,140,-4,4
74377,56,58,-2,2
74378,132,128,4,4
74379,76,80,-4,4
74380,101,99,2,2
74381,110,95,15,15
74382,51,53,-2,2
74383,60,71,-11,11
74384,127,125,2,2
74385,81,106,-25,25
74386,59,62,-3,3
74387,82,83,-1,1
74388,103,99,4,4
74389,99,95,4,4
74390,50,46,4,4
74391,85,99,-14,14
74392,67,63,4,4
74393,125,117,8,8
74394,93,93,0,0
74395,116,113,3,3
74396,68,78,-10,10
74397,77,78,-1,1
74398,95,98,-3,3
74399,59,67,-8,8
74400,111,104,7,7
74401,79,84,-5,5
74402,84,93,-9,9
74403,89,97,-8,8
74404,164,151,13,13
74405,72,74,-2,2
74406,78,84,-6,6
74407,149,155,-6,6
74408,95,81,14,14
74409,85,33,52,52
74410,96,95,1,1
74411,72,68,4,4
74412,112,101,11,11
74413,77,76,1,1
74414,40,48,-8,8
74415,110,110,0,0
74416,59,73,-14,14
74417,107,106,1,1
74418,66,76,-10,10
74419,87,84,3,3
74420,72,76,-4,4
74421,85,99,-14,14
74422,49,55,-6,6
74423,72,79,-7,7
74424,156,168,-12,12
74425,75,61,14,14
74426,83,74,9,9
74427,107,105,2,2
74428,97,94,3,3
74429,108,101,7,7
74430,89,83,6,6
74431,103,115,-12,12
74432,133,129,4,4
74433,56,57,-1,1
74434,77,78,-1,1
74435,88,92,-4,4
74436,106,115,-9,9
74437,134,136,-2,2
74438,81,92,-11,11
74439,126,124,2,2
74440,69,74,-5,5
74441,120,158,-38,38
74442,121,112,9,9
74443,62,69,-7,7
74444,85,82,3,3
74445,93,90,3,3
74446,111,107,4,4
74447,99,119,-20,20
74448,50,58,-8,8
74449,98,106,-8,8
74450,83,72,11,11
74451,94,103,-9,9
74452,144,143,1,1
74453,49,54,-5,5
74454,46,48,-2,2
74455,87,94,-7,7
74456,80,86,-6,6
74457,150,126,24,24
74458,67,75,-8,8
74459,39,41,-2,2
74460,82,75,7,7
74461,76,80,-4,4
74462,56,62,-6,6
74463,33,44,-11,11
74464,95,93,2,2
74465,67,61,6,6
74466,87,94,-7,7
74467,101,100,1,1
74468,62,65,-3,3
74469,62,71,-9,9
74470,93,91,2,2
74471,71,65,6,6
74472,79,83,-4,4
74473,86,86,0,0
74474,70,77,-7,7
74475,117,109,8,8
74476,51,70,-19,19
74477,168,157,11,11
74478,120,106,14,14
74479,99,95,4,4
74480,73,83,-10,10
74481,120,122,-2,2
74482,136,129,7,7
74483,57,64,-7,7
74484,89,90,-1,1
74485,89,100,-11,11
74486,81,91,-10,10
74487,72,65,7,7
74488,104,105,-1,1
74489,141,130,11,11
74490,79,82,-3,3
74491,167,154,13,13
74492,86,90,-4,4
74493,138,120,18,18
74494,66,70,-4,4
74495,59,63,-4,4
74496,110,124,-14,14
74497,82,79,3,3
74498,92,94,-2,2
74499,62,65,-3,3
74500,82,75,7,7
74501,62,70,-8,8
74502,94,92,2,2
74503,135,152,-17,17
74504,227,232,-5,5
74505,85,83,2,2
74506,74,87,-13,13
74507,106,137,-31,31
74508,52,60,-8,8
74509,96,107,-11,11
74510,97,98,-1,1
74511,143,138,5,5
74512,84,74,10,10
74513,77,72,5,5
74514,49,54,-5,5
74515,116,111,5,5
74516,67,93,-26,26
74517,74,84,-10,10
74518,83,84,-1,1
74519,77,76,1,1
74520,113,112,1,1
74521,125,112,13,13
74522,59,61,-2,2
74523,62,68,-6,6
74524,148,143,5,5
74525,56,69,-13,13
74526,85,101,-16,16
74527,158,136,22,22
74528,79,89,-10,10
74529,87,82,5,5
74530,115,142,-27,27
74531,62,65,-3,3
74532,78,79,-1,1
74533,107,99,8,8
74534,129,122,7,7
74535,109,102,7,7
74536,46,56,-10,10
74537,73,72,1,1
74538,47,50,-3,3
74539,57,58,-1,1
74540,136,140,-4,4
74541,74,75,-1,1
74542,73,73,0,0
74543,117,113,4,4
74544,64,69,-5,5
74545,65,76,-11,11
74546,61,66,-5,5
74547,40,54,-14,14
74548,84,82,2,2
74549,96,103,-7,7
74550,108,98,10,10
74551,148,143,5,5
74552,111,110,1,1
74553,131,133,-2,2
74554,55,64,-9,9
74555,132,125,7,7
74556,156,123,33,33
74557,68,70,-2,2
74558,109,92,17,17
74559,65,66,-1,1
74560,78,73,5,5
74561,136,130,6,6
74562,190,190,0,0
74563,157,151,6,6
74564,110,114,-4,4
74565,50,60,-10,10
74566,123,129,-6,6
74567,127,125,2,2
74568,88,94,-6,6
74569,116,112,4,4
74570,85,92,-7,7
74571,116,106,10,10
74572,181,170,11,11
74573,87,96,-9,9
74574,135,136,-1,1
74575,64,79,-15,15
74576,92,93,-1,1
74577,59,66,-7,7
74578,81,74,7,7
74579,71,72,-1,1
74580,130,136,-6,6
74581,96,92,4,4
74582,86,84,2,2
74583,107,126,-19,19
74584,118,113,5,5
74585,93,97,-4,4
74586,88,97,-9,9
74587,54,66,-12,12
74588,101,104,-3,3
74589,58,66,-8,8
74590,109,104,5,5
74591,106,113,-7,7
74592,139,134,5,5
74593,50,56,-6,6
74594,168,161,7,7
74595,115,115,0,0
74596,70,76,-6,6
74597,92,86,6,6
74598,133,128,5,5
74599,74,78,-4,4
74600,159,161,-2,2
74601,120,123,-3,3
74602,84,103,-19,19
74603,103,106,-3,3
74604,183,151,32,32
74605,139,129,10,10
74606,86,91,-5,5
74607,82,85,-3,3
74608,61,73,-12,12
74609,123,101,22,22
74610,87,90,-3,3
74611,135,130,5,5
74612,99,95,4,4
74613,74,73,1,1
74614,74,82,-8,8
74615,139,138,1,1
74616,85,85,0,0
74617,70,76,-6,6
74618,106,105,1,1
74619,123,117,6,6
74620,100,102,-2,2
74621,61,65,-4,4
74622,92,94,-2,2
74623,132,133,-1,1
74624,59,67,-8,8
74625,226,201,25,25
74626,84,78,6,6
74627,165,170,-5,5
74628,83,94,-11,11
74629,115,108,7,7
74630,159,142,17,17
74631,93,87,6,6
74632,126,129,-3,3
74633,51,56,-5,5
74634,118,115,3,3
74635,80,71,9,9
74636,161,141,20,20
74637,91,93,-2,2
74638,83,87,-4,4
74639,91,92,-1,1
74640,234,218,16,16
74641,78,74,4,4
74642,101,100,1,1
74643,72,73,-1,1
74644,92,76,16,16
74645,44,61,-17,17
74646,76,81,-5,5
74647,106,102,4,4
74648,119,106,13,13
74649,111,95,16,16
74650,111,115,-4,4
74651,105,99,6,6
74652,62,70,-8,8
74653,113,117,-4,4
74654,94,103,-9,9
74655,155,146,9,9
74656,59,62,-3,3
74657,86,98,-12,12
74658,61,59,2,2
74659,198,176,22,22
74660,83,83,0,0
74661,50,63,-13,13
74662,126,119,7,7
74663,95,93,2,2
74664,95,91,4,4
74665,24,34,-10,10
74666,90,96,-6,6
74667,47,51,-4,4
74668,64,74,-10,10
74669,107,112,-5,5
74670,94,90,4,4
74671,77,78,-1,1
74672,111,125,-14,14
74673,107,107,0,0
74674,33,40,-7,7
74675,73,74,-1,1
74676,63,69,-6,6
74677,90,95,-5,5
74678,89,155,-66,66
74679,79,75,4,4
74680,128,127,1,1
74681,91,93,-2,2
74682,114,106,8,8
74683,103,96,7,7
74684,61,52,9,9
74685,122,133,-11,11
74686,114,111,3,3
74687,143,139,4,4
74688,75,76,-1,1
74689,66,68,-2,2
74690,90,97,-7,7
74691,108,94,14,14
74692,74,78,-4,4
74693,137,133,4,4
74694,121,110,11,11
74695,85,106,-21,21
74696,47,58,-11,11
74697,51,66,-15,15
74698,79,72,7,7
74699,80,78,2,2
74700,111,108,3,3
74701,126,133,-7,7
74702,37,43,-6,6
74703,87,85,2,2
74704,102,103,-1,1
74705,73,75,-2,2
74706,81,97,-16,16
74707,85,75,10,10
74708,127,117,10,10
74709,127,111,16,16
74710,93,105,-12,12
74711,122,121,1,1
74712,175,151,24,24
74713,96,100,-4,4
74714,88,83,5,5
74715,162,137,25,25
74716,124,133,-9,9
74717,42,44,-2,2
74718,90,94,-4,4
74719,91,95,-4,4
74720,129,124,5,5
74721,53,61,-8,8
74722,75,77,-2,2
74723,88,89,-1,1
74724,70,66,4,4
74725,185,172,13,13
74726,105,102,3,3
74727,128,121,7,7
74728,103,98,5,5
74729,100,106,-6,6
74730,71,75,-4,4
74731,157,141,16,16
74732,103,107,-4,4
74733,118,116,2,2
74734,140,166,-26,26
74735,102,103,-1,1
74736,71,71,0,0
74737,143,145,-2,2
74738,58,69,-11,11
74739,96,103,-7,7
74740,112,110,2,2
74741,85,90,-5,5
74742,92,104,-12,12
74743,81,90,-9,9
74744,102,104,-2,2
74745,43,63,-20,20
74746,87,84,3,3
74747,118,115,3,3
74748,85,76,9,9
74749,100,104,-4,4
74750,83,94,-11,11
74751,83,68,15,15
74752,89,91,-2,2
74753,50,55,-5,5
74754,134,128,6,6
74755,65,62,3,3
74756,72,79,-7,7
74757,75,73,2,2
74758,78,77,1,1
74759,81,91,-10,10
74760,105,117,-12,12
74761,67,68,-1,1
74762,136,74,62,62
74763,86,100,-14,14
74764,139,133,6,6
74765,78,76,2,2
74766,38,32,6,6
74767,78,80,-2,2
74768,59,60,-1,1
74769,91,90,1,1
74770,152,143,9,9
74771,148,154,-6,6
74772,108,104,4,4
74773,77,74,3,3
74774,83,75,8,8
74775,89,90,-1,1
74776,104,96,8,8
74777,117,120,-3,3
74778,151,142,9,9
74779,45,55,-10,10
74780,60,59,1,1
74781,125,124,1,1
74782,41,46,-5,5
74783,49,56,-7,7
74784,140,132,8,8
74785,90,97,-7,7
74786,93,98,-5,5
74787,100,91,9,9
74788,125,116,9,9
74789,114,115,-1,1
74790,128,127,1,1
74791,60,64,-4,4
74792,191,176,15,15
74793,140,141,-1,1
74794,82,91,-9,9
74795,76,72,4,4
74796,117,115,2,2
74797,83,92,-9,9
74798,82,82,0,0
74799,122,128,-6,6
74800,60,66,-6,6
74801,117,116,1,1
74802,96,92,4,4
74803,115,114,1,1
74804,134,127,7,7
74805,109,107,2,2
74806,91,86,5,5
74807,72,75,-3,3
74808,96,92,4,4
74809,80,86,-6,6
74810,71,75,-4,4
74811,95,84,11,11
74812,101,102,-1,1
74813,67,68,-1,1
74814,87,95,-8,8
74815,89,93,-4,4
74816,62,67,-5,5
74817,126,150,-24,24
74818,78,90,-12,12
74819,100,106,-6,6
74820,96,94,2,2
74821,100,102,-2,2
74822,59,66,-7,7
74823,93,92,1,1
74824,120,117,3,3
74825,70,75,-5,5
74826,46,50,-4,4
74827,153,143,10,10
74828,91,94,-3,3
74829,94,96,-2,2
74830,74,90,-16,16
74831,87,77,10,10
74832,76,79,-3,3
74833,56,65,-9,9
74834,104,121,-17,17
74835,126,126,0,0
74836,115,111,4,4
74837,107,113,-6,6
74838,41,57,-16,16
74839,75,72,3,3
74840,76,83,-7,7
74841,75,80,-5,5
74842,50,58,-8,8
74843,118,117,1,1
74844,131,126,5,5
74845,92,137,-45,45
74846,113,107,6,6
74847,126,114,12,12
74848,65,75,-10,10
74849,128,119,9,9
74850,89,95,-6,6
74851,100,93,7,7
74852,85,83,2,2
74853,166,148,18,18
74854,100,114,-14,14
74855,119,117,2,2
74856,72,71,1,1
74857,78,83,-5,5
74858,70,66,4,4
74859,84,86,-2,2
74860,56,57,-1,1
74861,18,32,-14,14
74862,75,78,-3,3
74863,107,112,-5,5
74864,86,76,10,10
74865,128,126,2,2
74866,99,106,-7,7
74867,69,76,-7,7
74868,130,121,9,9
74869,127,126,1,1
74870,188,172,16,16
74871,99,104,-5,5
74872,83,82,1,1
74873,105,102,3,3
74874,56,62,-6,6
74875,84,84,0,0
74876,43,56,-13,13
74877,104,114,-10,10
74878,93,95,-2,2
74879,111,117,-6,6
74880,106,116,-10,10
74881,77,75,2,2
74882,74,72,2,2
74883,138,134,4,4
74884,47,50,-3,3
74885,158,153,5,5
74886,111,112,-1,1
74887,84,91,-7,7
74888,129,130,-1,1
74889,76,81,-5,5
74890,84,88,-4,4
74891,67,69,-2,2
74892,61,55,6,6
74893,107,102,5,5
74894,79,72,7,7
74895,112,118,-6,6
74896,53,57,-4,4
74897,84,81,3,3
74898,46,51,-5,5
74899,115,106,9,9
74900,48,48,0,0
74901,51,54,-3,3
74902,73,90,-17,17
74903,81,103,-22,22
74904,53,59,-6,6
74905,144,138,6,6
74906,93,91,2,2
74907,63,79,-16,16
74908,47,50,-3,3
74909,117,103,14,14
74910,172,122,50,50
74911,57,66,-9,9
74912,143,138,5,5
74913,108,114,-6,6
74914,140,131,9,9
74915,70,74,-4,4
74916,96,99,-3,3
74917,107,110,-3,3
74918,116,109,7,7
74919,120,116,4,4
74920,60,57,3,3
74921,77,85,-8,8
74922,112,112,0,0
74923,97,108,-11,11
74924,183,182,1,1
74925,95,96,-1,1
74926,92,94,-2,2
74927,76,93,-17,17
74928,99,103,-4,4
74929,85,81,4,4
74930,76,82,-6,6
74931,93,97,-4,4
74932,50,62,-12,12
74933,55,61,-6,6
74934,88,92,-4,4
74935,97,106,-9,9
74936,83,84,-1,1
74937,54,55,-1,1
74938,86,83,3,3
74939,77,85,-8,8
74940,282,283,-1,1
74941,136,128,8,8
74942,91,84,7,7
74943,150,160,-10,10
74944,66,74,-8,8
74945,71,82,-11,11
74946,87,84,3,3
74947,87,95,-8,8
74948,119,119,0,0
74949,148,135,13,13
74950,117,112,5,5
74951,85,92,-7,7
74952,97,100,-3,3
74953,49,58,-9,9
74954,103,112,-9,9
74955,38,42,-4,4
74956,86,100,-14,14
74957,49,51,-2,2
74958,103,100,3,3
74959,103,122,-19,19
74960,45,49,-4,4
74961,103,101,2,2
74962,83,79,4,4
74963,95,93,2,2
74964,60,71,-11,11
74965,102,104,-2,2
74966,138,146,-8,8
74967,83,83,0,0
74968,95,95,0,0
74969,96,99,-3,3
74970,150,150,0,0
74971,53,55,-2,2
74972,133,115,18,18
74973,45,56,-11,11
74974,50,52,-2,2
74975,35,89,-54,54
74976,103,95,8,8
74977,58,59,-1,1
74978,72,79,-7,7
74979,100,104,-4,4
74980,95,93,2,2
74981,109,104,5,5
74982,57,70,-13,13
74983,68,92,-24,24
74984,89,93,-4,4
74985,129,125,4,4
74986,118,116,2,2
74987,114,109,5,5
74988,112,106,6,6
74989,103,101,2,2
74990,95,99,-4,4
74991,130,138,-8,8
74992,95,89,6,6
74993,129,126,3,3
74994,84,83,1,1
74995,103,109,-6,6
74996,146,141,5,5
74997,84,95,-11,11
74998,143,137,6,6
74999,84,92,-8,8
75000,69,79,-10,10
75001,94,102,-8,8
75002,56,75,-19,19
75003,133,131,2,2
75004,49,62,-13,13
75005,58,57,1,1
75006,122,107,15,15
75007,117,115,2,2
75008,87,84,3,3
75009,113,114,-1,1
75010,60,65,-5,5
75011,65,71,-6,6
75012,103,102,1,1
75013,152,137,15,15
75014,121,116,5,5
75015,119,113,6,6
75016,47,57,-10,10
75017,113,105,8,8
75018,101,103,-2,2
75019,73,90,-17,17
75020,88,100,-12,12
75021,156,142,14,14
75022,99,95,4,4
75023,86,90,-4,4
75024,101,102,-1,1
75025,91,91,0,0
75026,59,64,-5,5
75027,72,75,-3,3
75028,111,101,10,10
75029,108,108,0,0
75030,78,81,-3,3
75031,63,69,-6,6
75032,97,103,-6,6
75033,76,78,-2,2
75034,94,107,-13,13
75035,83,83,0,0
75036,72,73,-1,1
75037,113,103,10,10
75038,126,121,5,5
75039,86,98,-12,12
75040,67,64,3,3
75041,149,140,9,9
75042,89,84,5,5
75043,115,108,7,7
75044,111,100,11,11
75045,135,138,-3,3
75046,54,63,-9,9
75047,123,127,-4,4
75048,82,92,-10,10
75049,26,43,-17,17
75050,66,70,-4,4
75051,117,106,11,11
75052,135,141,-6,6
75053,70,71,-1,1
75054,59,60,-1,1
75055,141,137,4,4
75056,64,64,0,0
75057,126,129,-3,3
75058,97,96,1,1
75059,54,59,-5,5
75060,99,98,1,1
75061,138,125,13,13
75062,130,132,-2,2
75063,111,93,18,18
75064,81,83,-2,2
75065,97,98,-1,1
75066,146,143,3,3
75067,92,88,4,4
75068,68,62,6,6
75069,70,75,-5,5
75070,79,73,6,6
75071,57,68,-11,11
75072,70,67,3,3
75073,52,62,-10,10
75074,82,96,-14,14
75075,72,75,-3,3
75076,86,82,4,4
75077,124,111,13,13
75078,71,72,-1,1
75079,75,63,12,12
75080,111,103,8,8
75081,85,76,9,9
75082,77,76,1,1
75083,116,116,0,0
75084,121,130,-9,9
75085,63,63,0,0
75086,65,68,-3,3
75087,92,97,-5,5
75088,115,110,5,5
75089,62,64,-2,2
75090,90,90,0,0
75091,50,56,-6,6
75092,81,90,-9,9
75093,33,44,-11,11
75094,141,131,10,10
75095,51,56,-5,5
75096,32,45,-13,13
75097,89,103,-14,14
75098,117,119,-2,2
75099,97,104,-7,7
75100,92,85,7,7
75101,71,72,-1,1
75102,76,77,-1,1
75103,42,52,-10,10
75104,84,95,-11,11
75105,87,98,-11,11
75106,153,140,13,13
75107,91,93,-2,2
75108,59,86,-27,27
75109,69,72,-3,3
75110,109,102,7,7
75111,115,105,10,10
75112,169,163,6,6
75113,67,71,-4,4
75114,96,99,-3,3
75115,94,96,-2,2
75116,173,139,34,34
75117,96,97,-1,1
75118,127,105,22,22
75119,58,61,-3,3
75120,69,69,0,0
75121,68,71,-3,3
75122,141,140,1,1
75123,110,133,-23,23
75124,46,94,-48,48
75125,56,115,-59,59
75126,99,112,-13,13
75127,117,115,2,2
75128,53,59,-6,6
75129,92,93,-1,1
75130,100,111,-11,11
75131,100,94,6,6
75132,92,102,-10,10
75133,67,64,3,3
75134,148,131,17,17
75135,122,118,4,4
75136,162,156,6,6
75137,86,93,-7,7
75138,165,147,18,18
75139,106,98,8,8
75140,84,103,-19,19
75141,97,96,1,1
75142,61,63,-2,2
75143,187,184,3,3
75144,153,158,-5,5
75145,57,64,-7,7
75146,101,100,1,1
75147,154,127,27,27
75148,108,106,2,2
75149,55,56,-1,1
75150,113,99,14,14
75151,55,61,-6,6
75152,101,95,6,6
75153,91,97,-6,6
75154,89,95,-6,6
75155,96,93,3,3
75156,52,68,-16,16
75157,54,61,-7,7
75158,69,73,-4,4
75159,95,108,-13,13
75160,88,83,5,5
75161,126,123,3,3
75162,82,95,-13,13
75163,76,84,-8,8
75164,112,106,6,6
75165,117,109,8,8
75166,113,109,4,4
75167,97,94,3,3
75168,98,102,-4,4
75169,83,82,1,1
75170,76,75,1,1
75171,80,76,4,4
75172,111,118,-7,7
75173,135,124,11,11
75174,62,70,-8,8
75175,140,136,4,4
75176,68,73,-5,5
75177,141,140,1,1
75178,53,65,-12,12
75179,140,140,0,0
75180,74,73,1,1
75181,70,71,-1,1
75182,78,91,-13,13
75183,103,102,1,1
75184,97,96,1,1
75185,75,76,-1,1
75186,143,143,0,0
75187,163,153,10,10
75188,71,72,-1,1
75189,58,61,-3,3
75190,69,72,-3,3
75191,72,75,-3,3
75192,158,153,5,5
75193,93,102,-9,9
75194,80,84,-4,4
75195,142,137,5,5
75196,46,65,-19,19
75197,76,72,4,4
75198,129,166,-37,37
75199,82,82,0,0
75200,146,133,13,13
75201,93,94,-1,1
75202,113,105,8,8
75203,142,144,-2,2
75204,72,73,-1,1
75205,74,76,-2,2
75206,88,106,-18,18
75207,105,115,-10,10
75208,110,116,-6,6
75209,83,83,0,0
75210,27,53,-26,26
75211,136,130,6,6
75212,81,82,-1,1
75213,98,96,2,2
75214,120,116,4,4
75215,92,80,12,12
75216,145,129,16,16
75217,137,133,4,4
75218,103,107,-4,4
75219,121,133,-12,12
75220,54,71,-17,17
75221,112,111,1,1
75222,76,82,-6,6
75223,89,91,-2,2
75224,160,122,38,38
75225,28,47,-19,19
75226,76,71,5,5
75227,165,160,5,5
75228,100,96,4,4
75229,152,143,9,9
75230,82,85,-3,3
75231,94,91,3,3
75232,60,66,-6,6
75233,125,123,2,2
75234,69,74,-5,5
75235,120,98,22,22
75236,91,91,0,0
75237,96,92,4,4
75238,45,50,-5,5
75239,56,65,-9,9
75240,76,75,1,1
75241,75,80,-5,5
75242,79,81,-2,2
75243,124,112,12,12
75244,106,99,7,7
75245,122,120,2,2
75246,51,59,-8,8
75247,69,73,-4,4
75248,85,93,-8,8
75249,115,148,-33,33
75250,115,106,9,9
75251,115,110,5,5
75252,60,71,-11,11
75253,76,75,1,1
75254,32,41,-9,9
75255,79,83,-4,4
75256,44,46,-2,2
75257,58,64,-6,6
75258,130,124,6,6
75259,132,119,13,13
75260,79,82,-3,3
75261,92,97,-5,5
75262,144,142,2,2
75263,54,62,-8,8
75264,133,118,15,15
75265,64,75,-11,11
75266,92,95,-3,3
75267,156,147,9,9
75268,58,58,0,0
75269,82,74,8,8
75270,86,89,-3,3
75271,173,166,7,7
75272,94,94,0,0
75273,60,71,-11,11
75274,108,103,5,5
75275,126,121,5,5
75276,56,59,-3,3
75277,98,101,-3,3
75278,92,83,9,9
75279,117,107,10,10
75280,52,48,4,4
75281,94,94,0,0
75282,78,76,2,2
75283,76,103,-27,27
75284,67,68,-1,1
75285,124,128,-4,4
75286,128,125,3,3
75287,73,70,3,3
75288,62,60,2,2
75289,100,109,-9,9
75290,130,128,2,2
75291,61,65,-4,4
75292,262,230,32,32
75293,60,62,-2,2
75294,102,112,-10,10
75295,57,62,-5,5
75296,97,108,-11,11
75297,84,91,-7,7
75298,61,90,-29,29
75299,135,125,10,10
75300,104,90,14,14
75301,79,82,-3,3
75302,187,157,30,30
75303,62,63,-1,1
75304,94,93,1,1
75305,94,104,-10,10
75306,94,90,4,4
75307,126,114,12,12
75308,126,115,11,11
75309,108,101,7,7
75310,60,55,5,5
75311,93,106,-13,13
75312,53,55,-2,2
75313,61,68,-7,7
75314,79,84,-5,5
75315,74,73,1,1
75316,50,49,1,1
75317,75,66,9,9
75318,40,53,-13,13
75319,47,53,-6,6
75320,78,83,-5,5
75321,51,57,-6,6
75322,97,100,-3,3
75323,54,53,1,1
75324,100,104,-4,4
75325,91,90,1,1
75326,48,56,-8,8
75327,46,52,-6,6
75328,153,148,5,5
75329,123,121,2,2
75330,52,63,-11,11
75331,92,88,4,4
75332,71,82,-11,11
75333,141,124,17,17
75334,46,45,1,1
75335,72,77,-5,5
75336,84,84,0,0
75337,82,93,-11,11
75338,78,74,4,4
75339,77,72,5,5
75340,93,84,9,9
75341,47,55,-8,8
75342,67,70,-3,3
75343,67,71,-4,4
75344,113,103,10,10
75345,179,167,12,12
75346,95,97,-2,2
75347,164,155,9,9
75348,45,52,-7,7
75349,127,116,11,11
75350,118,121,-3,3
75351,96,92,4,4
75352,57,57,0,0
75353,151,144,7,7
75354,69,86,-17,17
75355,79,77,2,2
75356,86,85,1,1
75357,186,176,10,10
75358,147,132,15,15
75359,109,112,-3,3
75360,97,90,7,7
75361,110,107,3,3
75362,69,69,0,0
75363,65,70,-5,5
75364,119,113,6,6
75365,58,69,-11,11
75366,77,79,-2,2
75367,97,101,-4,4
75368,95,95,0,0
75369,123,124,-1,1
75370,107,125,-18,18
75371,117,112,5,5
75372,72,85,-13,13
75373,119,110,9,9
75374,103,104,-1,1
75375,129,130,-1,1
75376,83,79,4,4
75377,248,234,14,14
75378,93,85,8,8
75379,129,127,2,2
75380,68,81,-13,13
75381,117,113,4,4
75382,87,93,-6,6
75383,118,114,4,4
75384,98,94,4,4
75385,103,106,-3,3
75386,69,73,-4,4
75387,110,108,2,2
75388,125,119,6,6
75389,113,109,4,4
75390,112,107,5,5
75391,81,75,6,6
75392,86,93,-7,7
75393,148,137,11,11
75394,102,102,0,0
75395,31,39,-8,8
75396,64,69,-5,5
75397,114,117,-3,3
75398,87,92,-5,5
75399,127,127,0,0
75400,91,102,-11,11
75401,74,72,2,2
75402,175,155,20,20
75403,223,169,54,54
75404,87,77,10,10
75405,67,65,2,2
75406,59,58,1,1
75407,104,94,10,10
75408,64,91,-27,27
75409,149,155,-6,6
75410,125,115,10,10
75411,45,48,-3,3
75412,93,101,-8,8
75413,86,91,-5,5
75414,80,76,4,4
75415,73,63,10,10
75416,92,88,4,4
75417,120,139,-19,19
75418,126,115,11,11
75419,73,73,0,0
75420,54,63,-9,9
75421,65,71,-6,6
75422,100,100,0,0
75423,105,102,3,3
75424,85,81,4,4
75425,100,98,2,2
75426,81,85,-4,4
75427,67,71,-4,4
75428,174,163,11,11
75429,132,125,7,7
75430,127,105,22,22
75431,96,106,-10,10
75432,73,71,2,2
75433,86,85,1,1
75434,73,73,0,0
75435,124,122,2,2
75436,75,73,2,2
75437,49,65,-16,16
75438,99,127,-28,28
75439,55,58,-3,3
75440,141,110,31,31
75441,62,71,-9,9
75442,75,73,2,2
75443,99,100,-1,1
75444,97,95,2,2
75445,104,104,0,0
75446,96,92,4,4
75447,122,123,-1,1
75448,101,96,5,5
75449,109,110,-1,1
75450,111,107,4,4
75451,99,95,4,4
75452,77,91,-14,14
75453,118,118,0,0
75454,89,88,1,1
75455,75,83,-8,8
75456,59,65,-6,6
75457,57,66,-9,9
75458,99,97,2,2
75459,88,76,12,12
75460,106,103,3,3
75461,101,107,-6,6
75462,131,120,11,11
75463,127,126,1,1
75464,65,66,-1,1
75465,101,93,8,8
75466,140,129,11,11
75467,122,116,6,6
75468,80,82,-2,2
75469,128,131,-3,3
75470,85,90,-5,5
75471,111,115,-4,4
75472,78,93,-15,15
75473,93,94,-1,1
75474,42,46,-4,4
75475,66,58,8,8
75476,95,101,-6,6
75477,90,77,13,13
75478,100,108,-8,8
75479,82,84,-2,2
75480,67,81,-14,14
75481,105,102,3,3
75482,110,102,8,8
75483,56,62,-6,6
75484,37,42,-5,5
75485,65,71,-6,6
75486,72,76,-4,4
75487,106,108,-2,2
75488,99,94,5,5
75489,104,102,2,2
75490,87,95,-8,8
75491,76,84,-8,8
75492,53,51,2,2
75493,57,65,-8,8
75494,69,68,1,1
75495,83,81,2,2
75496,56,66,-10,10
75497,78,82,-4,4
75498,95,104,-9,9
75499,78,78,0,0
75500,74,74,0,0
75501,82,100,-18,18
75502,95,95,0,0
75503,85,82,3,3
75504,63,72,-9,9
75505,124,122,2,2
75506,67,63,4,4
75507,112,112,0,0
75508,94,96,-2,2
75509,69,70,-1,1
75510,121,126,-5,5
75511,82,91,-9,9
75512,111,107,4,4
75513,126,125,1,1
75514,74,71,3,3
75515,81,81,0,0
75516,100,103,-3,3
75517,148,134,14,14
75518,88,91,-3,3
75519,70,73,-3,3
75520,150,130,20,20
75521,88,88,0,0
75522,28,36,-8,8
75523,93,96,-3,3
75524,96,105,-9,9
75525,90,91,-1,1
75526,150,159,-9,9
75527,75,82,-7,7
75528,93,104,-11,11
75529,150,144,6,6
75530,123,101,22,22
75531,133,131,2,2
75532,69,91,-22,22
75533,167,137,30,30
75534,46,41,5,5
75535,92,96,-4,4
75536,54,58,-4,4
75537,154,135,19,19
75538,45,52,-7,7
75539,137,131,6,6
75540,115,107,8,8
75541,99,93,6,6
75542,93,90,3,3
75543,83,81,2,2
75544,115,105,10,10
75545,23,59,-36,36
75546,92,96,-4,4
75547,85,92,-7,7
75548,80,76,4,4
75549,190,186,4,4
75550,95,93,2,2
75551,153,133,20,20
75552,83,94,-11,11
75553,51,56,-5,5
75554,85,85,0,0
75555,85,92,-7,7
75556,59,69,-10,10
75557,172,156,16,16
75558,53,60,-7,7
75559,128,116,12,12
75560,72,74,-2,2
75561,130,118,12,12
75562,54,65,-11,11
75563,145,116,29,29
75564,94,103,-9,9
75565,111,111,0,0
75566,35,52,-17,17
75567,74,81,-7,7
75568,85,95,-10,10
75569,129,124,5,5
75570,49,62,-13,13
75571,56,67,-11,11
75572,99,99,0,0
75573,79,98,-19,19
75574,129,124,5,5
75575,74,77,-3,3
75576,78,92,-14,14
75577,70,74,-4,4
75578,157,170,-13,13
75579,98,99,-1,1
75580,66,72,-6,6
75581,75,77,-2,2
75582,76,75,1,1
75583,94,101,-7,7
75584,100,93,7,7
75585,50,55,-5,5
75586,98,101,-3,3
75587,96,101,-5,5
75588,134,133,1,1
75589,108,100,8,8
75590,212,198,14,14
75591,138,134,4,4
75592,88,86,2,2
75593,12,15,-3,3
75594,66,70,-4,4
75595,98,91,7,7
75596,110,106,4,4
75597,75,74,1,1
75598,146,143,3,3
75599,176,177,-1,1
75600,91,85,6,6
75601,88,90,-2,2
75602,51,55,-4,4
75603,190,168,22,22
75604,128,126,2,2
75605,74,76,-2,2
75606,83,91,-8,8
75607,64,70,-6,6
75608,127,130,-3,3
75609,130,118,12,12
75610,95,91,4,4
75611,66,129,-63,63
75612,46,41,5,5
75613,79,83,-4,4
75614,110,108,2,2
75615,116,114,2,2
75616,68,74,-6,6
75617,70,87,-17,17
75618,59,74,-15,15
75619,107,95,12,12
75620,77,91,-14,14
75621,97,117,-20,20
75622,160,148,12,12
75623,130,140,-10,10
75624,60,64,-4,4
75625,104,104,0,0
75626,91,94,-3,3
75627,89,100,-11,11
75628,49,56,-7,7
75629,155,149,6,6
75630,94,92,2,2
75631,146,140,6,6
75632,87,97,-10,10
75633,127,122,5,5
75634,79,86,-7,7
75635,93,98,-5,5
75636,121,124,-3,3
75637,74,71,3,3
75638,113,111,2,2
75639,163,146,17,17
75640,122,106,16,16
75641,118,124,-6,6
75642,56,61,-5,5
75643,129,120,9,9
75644,128,123,5,5
75645,159,144,15,15
75646,62,66,-4,4
75647,108,109,-1,1
75648,72,72,0,0
75649,79,84,-5,5
75650,166,160,6,6
75651,62,72,-10,10
75652,144,144,0,0
75653,129,120,9,9
75654,72,76,-4,4
75655,93,86,7,7
75656,86,99,-13,13
75657,126,122,4,4
75658,86,85,1,1
75659,87,91,-4,4
75660,183,171,12,12
75661,68,66,2,2
75662,80,78,2,2
75663,63,74,-11,11
75664,61,69,-8,8
75665,103,106,-3,3
75666,46,53,-7,7
75667,107,102,5,5
75668,127,126,1,1
75669,89,91,-2,2
75670,104,107,-3,3
75671,82,93,-11,11
75672,114,116,-2,2
75673,82,83,-1,1
75674,109,112,-3,3
75675,105,104,1,1
75676,67,75,-8,8
75677,64,69,-5,5
75678,109,107,2,2
75679,50,54,-4,4
75680,49,52,-3,3
75681,89,94,-5,5
75682,163,154,9,9
75683,64,73,-9,9
75684,180,163,17,17
75685,73,117,-44,44
75686,155,144,11,11
75687,106,106,0,0
75688,102,100,2,2
75689,142,142,0,0
75690,62,64,-2,2
75691,93,96,-3,3
75692,125,106,19,19
75693,71,74,-3,3
75694,62,73,-11,11
75695,129,118,11,11
75696,109,122,-13,13
75697,174,164,10,10
75698,103,110,-7,7
75699,124,113,11,11
75700,74,85,-11,11
75701,96,95,1,1
75702,112,110,2,2
75703,78,81,-3,3
75704,59,63,-4,4
75705,54,61,-7,7
75706,86,83,3,3
75707,99,115,-16,16
75708,120,134,-14,14
75709,134,122,12,12
75710,141,129,12,12
75711,99,103,-4,4
75712,92,96,-4,4
75713,121,119,2,2
75714,74,75,-1,1
75715,101,91,10,10
75716,14,94,-80,80
75717,80,82,-2,2
75718,88,84,4,4
75719,60,68,-8,8
75720,112,112,0,0
75721,153,132,21,21
75722,108,104,4,4
75723,98,104,-6,6
75724,78,99,-21,21
75725,115,137,-22,22
75726,71,71,0,0
75727,129,128,1,1
75728,56,63,-7,7
75729,68,69,-1,1
75730,80,82,-2,2
75731,110,122,-12,12
75732,86,97,-11,11
75733,139,134,5,5
75734,125,118,7,7
75735,73,74,-1,1
75736,122,114,8,8
75737,99,103,-4,4
75738,78,77,1,1
75739,150,137,13,13
75740,112,97,15,15
75741,95,102,-7,7
75742,85,83,2,2
75743,67,72,-5,5
75744,91,86,5,5
75745,110,104,6,6
75746,88,74,14,14
75747,115,128,-13,13
75748,78,82,-4,4
75749,89,98,-9,9
75750,71,71,0,0
75751,65,64,1,1
75752,67,85,-18,18
75753,144,130,14,14
75754,98,103,-5,5
75755,78,77,1,1
75756,130,131,-1,1
75757,75,76,-1,1
75758,83,82,1,1
75759,72,70,2,2
75760,106,102,4,4
75761,44,47,-3,3
75762,108,104,4,4
75763,80,73,7,7
75764,98,104,-6,6
75765,97,96,1,1
75766,124,134,-10,10
75767,96,91,5,5
75768,71,72,-1,1
75769,118,121,-3,3
75770,115,106,9,9
75771,88,92,-4,4
75772,104,105,-1,1
75773,75,72,3,3
75774,115,107,8,8
75775,94,87,7,7
75776,97,103,-6,6
75777,71,75,-4,4
75778,73,91,-18,18
75779,64,69,-5,5
75780,61,68,-7,7
75781,46,49,-3,3
75782,81,84,-3,3
75783,56,66,-10,10
75784,99,104,-5,5
75785,131,137,-6,6
75786,75,91,-16,16
75787,74,73,1,1
75788,111,108,3,3
75789,136,124,12,12
75790,81,82,-1,1
75791,50,57,-7,7
75792,95,97,-2,2
75793,108,117,-9,9
75794,62,103,-41,41
75795,78,82,-4,4
75796,92,88,4,4
75797,42,49,-7,7
75798,102,112,-10,10
75799,104,106,-2,2
75800,55,68,-13,13
75801,69,79,-10,10
75802,90,95,-5,5
75803,63,68,-5,5
75804,101,103,-2,2
75805,43,48,-5,5
75806,69,74,-5,5
75807,109,106,3,3
75808,142,141,1,1
75809,140,132,8,8
75810,67,73,-6,6
75811,62,67,-5,5
75812,114,104,10,10
75813,107,105,2,2
75814,85,99,-14,14
75815,167,157,10,10
75816,163,163,0,0
75817,85,90,-5,5
75818,73,83,-10,10
75819,109,103,6,6
75820,61,69,-8,8
75821,77,82,-5,5
75822,207,180,27,27
75823,99,101,-2,2
75824,182,163,19,19
75825,99,101,-2,2
75826,83,88,-5,5
75827,75,78,-3,3
75828,139,137,2,2
75829,47,47,0,0
75830,65,82,-17,17
75831,143,116,27,27
75832,73,73,0,0
75833,79,83,-4,4
75834,85,79,6,6
75835,88,94,-6,6
75836,141,131,10,10
75837,71,95,-24,24
75838,96,94,2,2
75839,153,140,13,13
75840,133,119,14,14
75841,80,85,-5,5
75842,171,170,1,1
75843,125,128,-3,3
75844,91,87,4,4
75845,61,66,-5,5
75846,131,120,11,11
75847,136,115,21,21
75848,58,63,-5,5
75849,93,92,1,1
75850,88,92,-4,4
75851,68,73,-5,5
75852,129,126,3,3
75853,127,113,14,14
75854,98,143,-45,45
75855,87,91,-4,4
75856,84,91,-7,7
75857,51,84,-33,33
75858,72,74,-2,2
75859,144,137,7,7
75860,96,101,-5,5
75861,61,61,0,0
75862,86,85,1,1
75863,78,74,4,4
75864,51,62,-11,11
75865,151,142,9,9
75866,109,105,4,4
75867,108,118,-10,10
75868,80,75,5,5
75869,67,64,3,3
75870,125,136,-11,11
75871,75,71,4,4
75872,176,173,3,3
75873,105,110,-5,5
75874,82,91,-9,9
75875,146,139,7,7
75876,49,64,-15,15
75877,68,85,-17,17
75878,119,121,-2,2
75879,40,42,-2,2
75880,118,116,2,2
75881,65,68,-3,3
75882,92,103,-11,11
75883,69,68,1,1
75884,110,106,4,4
75885,94,95,-1,1
75886,152,171,-19,19
75887,118,115,3,3
75888,72,74,-2,2
75889,141,130,11,11
75890,43,50,-7,7
75891,122,114,8,8
75892,73,76,-3,3
75893,92,94,-2,2
75894,101,111,-10,10
75895,66,58,8,8
75896,70,70,0,0
75897,43,50,-7,7
75898,84,82,2,2
75899,83,99,-16,16
75900,71,71,0,0
75901,97,93,4,4
75902,116,111,5,5
75903,107,114,-7,7
75904,152,141,11,11
75905,130,146,-16,16
75906,49,51,-2,2
75907,111,105,6,6
75908,124,110,14,14
75909,75,75,0,0
75910,112,127,-15,15
75911,111,115,-4,4
75912,97,98,-1,1
75913,47,45,2,2
75914,114,104,10,10
75915,107,110,-3,3
75916,93,94,-1,1
75917,107,104,3,3
75918,114,113,1,1
75919,124,131,-7,7
75920,133,121,12,12
75921,64,63,1,1
75922,80,86,-6,6
75923,155,137,18,18
75924,98,108,-10,10
75925,82,72,10,10
75926,50,56,-6,6
75927,64,65,-1,1
75928,97,103,-6,6
75929,123,112,11,11
75930,46,54,-8,8
75931,78,73,5,5
75932,122,117,5,5
75933,181,160,21,21
75934,64,71,-7,7
75935,56,62,-6,6
75936,72,85,-13,13
75937,141,130,11,11
75938,126,119,7,7
75939,71,66,5,5
75940,81,71,10,10
75941,137,128,9,9
75942,91,93,-2,2
75943,117,110,7,7
75944,160,154,6,6
75945,101,93,8,8
75946,55,69,-14,14
75947,104,105,-1,1
75948,72,73,-1,1
75949,165,154,11,11
75950,74,70,4,4
75951,72,76,-4,4
75952,138,123,15,15
75953,87,90,-3,3
75954,66,67,-1,1
75955,78,83,-5,5
75956,80,76,4,4
75957,111,110,1,1
75958,132,129,3,3
75959,70,72,-2,2
75960,96,94,2,2
75961,127,124,3,3
75962,121,123,-2,2
75963,57,58,-1,1
75964,203,191,12,12
75965,94,96,-2,2
75966,81,98,-17,17
75967,52,56,-4,4
75968,150,136,14,14
75969,83,108,-25,25
75970,99,92,7,7
75971,64,70,-6,6
75972,79,81,-2,2
75973,81,85,-4,4
75974,47,56,-9,9
75975,54,60,-6,6
75976,152,141,11,11
75977,44,53,-9,9
75978,87,91,-4,4
75979,161,149,12,12
75980,83,90,-7,7
75981,75,79,-4,4
75982,111,115,-4,4
75983,60,60,0,0
75984,98,91,7,7
75985,74,83,-9,9
75986,81,75,6,6
75987,113,111,2,2
75988,110,102,8,8
75989,84,85,-1,1
75990,57,62,-5,5
75991,70,72,-2,2
75992,175,154,21,21
75993,95,100,-5,5
75994,94,95,-1,1
75995,107,104,3,3
75996,75,78,-3,3
75997,85,94,-9,9
75998,162,140,22,22
75999,93,95,-2,2
76000,73,77,-4,4
76001,86,90,-4,4
76002,179,167,12,12
76003,202,189,13,13
76004,98,102,-4,4
76005,85,91,-6,6
76006,37,51,-14,14
76007,121,111,10,10
76008,128,118,10,10
76009,87,98,-11,11
76010,141,141,0,0
76011,70,67,3,3
76012,151,155,-4,4
76013,116,116,0,0
76014,81,78,3,3
76015,81,75,6,6
76016,89,92,-3,3
76017,124,107,17,17
76018,94,99,-5,5
76019,56,69,-13,13
76020,151,143,8,8
76021,157,148,9,9
76022,70,73,-3,3
76023,154,147,7,7
76024,130,122,8,8
76025,121,115,6,6
76026,119,120,-1,1
76027,94,98,-4,4
76028,62,73,-11,11
76029,99,94,5,5
76030,82,76,6,6
76031,145,142,3,3
76032,107,117,-10,10
76033,107,108,-1,1
76034,128,116,12,12
76035,52,58,-6,6
76036,103,101,2,2
76037,70,70,0,0
76038,161,161,0,0
76039,74,75,-1,1
76040,70,69,1,1
76041,114,104,10,10
76042,150,145,5,5
76043,105,115,-10,10
76044,119,128,-9,9
76045,71,77,-6,6
76046,102,98,4,4
76047,43,58,-15,15
76048,84,91,-7,7
76049,70,77,-7,7
76050,82,85,-3,3
76051,74,66,8,8
76052,98,102,-4,4
76053,55,63,-8,8
76054,110,112,-2,2
76055,145,150,-5,5
76056,80,81,-1,1
76057,137,139,-2,2
76058,77,92,-15,15
76059,80,76,4,4
76060,73,69,4,4
76061,83,81,2,2
76062,100,93,7,7
76063,85,83,2,2
76064,101,102,-1,1
76065,79,83,-4,4
76066,89,100,-11,11
76067,60,66,-6,6
76068,112,97,15,15
76069,173,164,9,9
76070,60,64,-4,4
76071,41,40,1,1
76072,57,70,-13,13
76073,88,94,-6,6
76074,101,95,6,6
76075,82,72,10,10
76076,100,102,-2,2
76077,85,90,-5,5
76078,117,104,13,13
76079,83,90,-7,7
76080,162,140,22,22
76081,59,63,-4,4
76082,127,118,9,9
76083,170,149,21,21
76084,114,105,9,9
76085,111,110,1,1
76086,44,48,-4,4
76087,91,97,-6,6
76088,76,88,-12,12
76089,64,74,-10,10
76090,67,68,-1,1
76091,135,131,4,4
76092,75,79,-4,4
76093,110,105,5,5
76094,84,82,2,2
76095,77,75,2,2
76096,97,101,-4,4
76097,85,93,-8,8
76098,61,60,1,1
76099,86,91,-5,5
76100,75,75,0,0
76101,83,109,-26,26
76102,168,158,10,10
76103,97,100,-3,3
76104,64,70,-6,6
76105,126,115,11,11
76106,85,93,-8,8
76107,111,113,-2,2
76108,87,90,-3,3
76109,101,113,-12,12
76110,162,111,51,51
76111,143,145,-2,2
76112,123,116,7,7
76113,82,80,2,2
76114,101,100,1,1
76115,92,103,-11,11
76116,87,97,-10,10
76117,93,84,9,9
76118,100,107,-7,7
76119,92,91,1,1
76120,85,75,10,10
76121,49,53,-4,4
76122,79,93,-14,14
76123,58,61,-3,3
76124,85,93,-8,8
76125,61,65,-4,4
76126,140,134,6,6
76127,127,130,-3,3
76128,152,146,6,6
76129,67,68,-1,1
76130,64,69,-5,5
76131,136,135,1,1
76132,74,73,1,1
76133,100,93,7,7
76134,158,142,16,16
76135,80,91,-11,11
76136,88,90,-2,2
76137,110,115,-5,5
76138,74,70,4,4
76139,116,117,-1,1
76140,82,79,3,3
76141,117,108,9,9
76142,81,82,-1,1
76143,74,74,0,0
76144,104,104,0,0
76145,147,129,18,18
76146,82,82,0,0
76147,50,53,-3,3
76148,180,169,11,11
76149,182,178,4,4
76150,63,78,-15,15
76151,190,162,28,28
76152,122,135,-13,13
76153,99,98,1,1
76154,66,72,-6,6
76155,53,72,-19,19
76156,63,70,-7,7
76157,125,136,-11,11
76158,112,105,7,7
76159,85,91,-6,6
76160,56,65,-9,9
76161,85,85,0,0
76162,70,82,-12,12
76163,83,92,-9,9
76164,135,130,5,5
76165,57,61,-4,4
76166,84,86,-2,2
76167,90,102,-12,12
76168,59,74,-15,15
76169,77,77,0,0
76170,64,65,-1,1
76171,99,103,-4,4
76172,109,105,4,4
76173,97,102,-5,5
76174,92,89,3,3
76175,87,94,-7,7
76176,42,46,-4,4
76177,74,84,-10,10
76178,162,174,-12,12
76179,125,112,13,13
76180,178,179,-1,1
76181,98,107,-9,9
76182,89,97,-8,8
76183,72,68,4,4
76184,78,79,-1,1
76185,53,61,-8,8
76186,85,81,4,4
76187,122,116,6,6
76188,101,107,-6,6
76189,81,80,1,1
76190,128,93,35,35
76191,98,101,-3,3
76192,154,159,-5,5
76193,122,128,-6,6
76194,63,64,-1,1
76195,83,91,-8,8
76196,98,99,-1,1
76197,70,72,-2,2
76198,89,106,-17,17
76199,111,119,-8,8
76200,44,58,-14,14
76201,48,62,-14,14
76202,104,102,2,2
76203,106,107,-1,1
76204,148,129,19,19
76205,128,130,-2,2
76206,118,114,4,4
76207,105,95,10,10
76208,141,147,-6,6
76209,115,107,8,8
76210,161,151,10,10
76211,71,93,-22,22
76212,149,144,5,5
76213,77,80,-3,3
76214,117,111,6,6
76215,119,113,6,6
76216,116,105,11,11
76217,88,86,2,2
76218,107,110,-3,3
76219,72,83,-11,11
76220,137,149,-12,12
76221,122,124,-2,2
76222,126,121,5,5
76223,50,63,-13,13
76224,119,105,14,14
76225,79,75,4,4
76226,124,125,-1,1
76227,128,127,1,1
76228,132,117,15,15
76229,90,91,-1,1
76230,95,100,-5,5
76231,97,94,3,3
76232,63,71,-8,8
76233,109,106,3,3
76234,133,141,-8,8
76235,104,103,1,1
76236,35,81,-46,46
76237,72,75,-3,3
76238,65,73,-8,8
76239,120,106,14,14
76240,135,157,-22,22
76241,130,117,13,13
76242,137,140,-3,3
76243,81,79,2,2
76244,83,87,-4,4
76245,51,61,-10,10
76246,77,85,-8,8
76247,116,108,8,8
76248,72,82,-10,10
76249,97,102,-5,5
76250,78,74,4,4
76251,63,67,-4,4
76252,130,136,-6,6
76253,158,151,7,7
76254,75,83,-8,8
76255,76,75,1,1
76256,101,98,3,3
76257,44,56,-12,12
76258,74,74,0,0
76259,98,94,4,4
76260,134,145,-11,11
76261,104,100,4,4
76262,88,90,-2,2
76263,179,156,23,23
76264,46,55,-9,9
76265,141,142,-1,1
76266,91,85,6,6
76267,72,75,-3,3
76268,82,83,-1,1
76269,73,71,2,2
76270,139,128,11,11
76271,124,120,4,4
76272,100,96,4,4
76273,98,94,4,4
76274,80,82,-2,2
76275,97,116,-19,19
76276,62,71,-9,9
76277,136,130,6,6
76278,93,91,2,2
76279,104,105,-1,1
76280,158,154,4,4
76281,105,102,3,3
76282,82,69,13,13
76283,150,143,7,7
76284,161,145,16,16
76285,68,71,-3,3
76286,97,101,-4,4
76287,106,102,4,4
76288,75,74,1,1
76289,95,97,-2,2
76290,84,87,-3,3
76291,144,135,9,9
76292,115,115,0,0
76293,45,55,-10,10
76294,99,97,2,2
76295,91,92,-1,1
76296,75,71,4,4
76297,134,115,19,19
76298,69,67,2,2
76299,74,73,1,1
76300,53,57,-4,4
76301,74,79,-5,5
76302,95,94,1,1
76303,54,63,-9,9
76304,96,95,1,1
76305,93,94,-1,1
76306,108,106,2,2
76307,104,119,-15,15
76308,80,82,-2,2
76309,87,82,5,5
76310,98,106,-8,8
76311,60,67,-7,7
76312,65,70,-5,5
76313,75,86,-11,11
76314,80,92,-12,12
76315,81,93,-12,12
76316,123,113,10,10
76317,89,99,-10,10
76318,142,136,6,6
76319,64,64,0,0
76320,100,104,-4,4
76321,45,58,-13,13
76322,118,107,11,11
76323,73,76,-3,3
76324,74,80,-6,6
76325,102,106,-4,4
76326,66,82,-16,16
76327,120,128,-8,8
76328,57,61,-4,4
76329,149,132,17,17
76330,131,131,0,0
76331,81,80,1,1
76332,61,65,-4,4
76333,89,95,-6,6
76334,66,67,-1,1
76335,64,69,-5,5
76336,76,83,-7,7
76337,124,116,8,8
76338,48,60,-12,12
76339,68,71,-3,3
76340,100,104,-4,4
76341,96,101,-5,5
76342,50,51,-1,1
76343,85,92,-7,7
76344,85,90,-5,5
76345,61,66,-5,5
76346,91,82,9,9
76347,72,74,-2,2
76348,129,120,9,9
76349,104,97,7,7
76350,54,67,-13,13
76351,53,59,-6,6
76352,105,112,-7,7
76353,91,105,-14,14
76354,66,74,-8,8
76355,59,64,-5,5
76356,118,114,4,4
76357,109,117,-8,8
76358,63,64,-1,1
76359,63,58,5,5
76360,68,71,-3,3
76361,166,173,-7,7
76362,84,81,3,3
76363,66,66,0,0
76364,100,110,-10,10
76365,104,98,6,6
76366,65,68,-3,3
76367,57,63,-6,6
76368,99,97,2,2
76369,96,112,-16,16
76370,71,73,-2,2
76371,57,66,-9,9
76372,105,110,-5,5
76373,88,84,4,4
76374,54,61,-7,7
76375,181,160,21,21
76376,100,101,-1,1
76377,103,103,0,0
76378,138,127,11,11
76379,65,71,-6,6
76380,71,75,-4,4
76381,70,70,0,0
76382,72,72,0,0
76383,66,64,2,2
76384,79,79,0,0
76385,169,157,12,12
76386,129,122,7,7
76387,129,108,21,21
76388,63,66,-3,3
76389,92,92,0,0
76390,109,112,-3,3
76391,58,65,-7,7
76392,108,102,6,6
76393,107,96,11,11
76394,162,157,5,5
76395,57,63,-6,6
76396,109,115,-6,6
76397,86,87,-1,1
76398,91,91,0,0
76399,89,81,8,8
76400,93,100,-7,7
76401,70,69,1,1
76402,73,73,0,0
76403,71,72,-1,1
76404,59,57,2,2
76405,166,161,5,5
76406,71,68,3,3
76407,71,66,5,5
76408,132,117,15,15
76409,103,108,-5,5
76410,114,106,8,8
76411,103,111,-8,8
76412,98,100,-2,2
76413,92,87,5,5
76414,102,111,-9,9
76415,113,118,-5,5
76416,130,152,-22,22
76417,56,67,-11,11
76418,127,117,10,10
76419,53,68,-15,15
76420,129,123,6,6
76421,93,93,0,0
76422,133,120,13,13
76423,93,91,2,2
76424,92,98,-6,6
76425,45,59,-14,14
76426,96,91,5,5
76427,104,128,-24,24
76428,65,67,-2,2
76429,114,108,6,6
76430,52,56,-4,4
76431,80,86,-6,6
76432,135,130,5,5
76433,78,112,-34,34
76434,69,70,-1,1
76435,61,53,8,8
76436,75,72,3,3
76437,131,133,-2,2
76438,108,115,-7,7
76439,96,97,-1,1
76440,178,159,19,19
76441,171,174,-3,3
76442,81,75,6,6
76443,91,91,0,0
76444,69,75,-6,6
76445,146,136,10,10
76446,111,99,12,12
76447,65,66,-1,1
76448,86,84,2,2
76449,79,94,-15,15
76450,108,100,8,8
76451,94,95,-1,1
76452,107,107,0,0
76453,100,97,3,3
76454,121,110,11,11
76455,144,150,-6,6
76456,66,71,-5,5
76457,40,46,-6,6
76458,99,102,-3,3
76459,32,45,-13,13
76460,69,70,-1,1
76461,145,142,3,3
76462,76,84,-8,8
76463,85,85,0,0
76464,53,59,-6,6
76465,27,40,-13,13
76466,55,69,-14,14
76467,41,43,-2,2
76468,57,64,-7,7
76469,83,83,0,0
76470,77,73,4,4
76471,85,95,-10,10
76472,118,105,13,13
76473,55,62,-7,7
76474,62,64,-2,2
76475,111,109,2,2
76476,108,105,3,3
76477,89,96,-7,7
76478,97,91,6,6
76479,94,102,-8,8
76480,61,67,-6,6
76481,82,93,-11,11
76482,83,90,-7,7
76483,140,123,17,17
76484,152,133,19,19
76485,86,79,7,7
76486,33,43,-10,10
76487,88,85,3,3
76488,71,71,0,0
76489,97,110,-13,13
76490,81,90,-9,9
76491,129,123,6,6
76492,55,62,-7,7
76493,122,123,-1,1
76494,103,111,-8,8
76495,98,94,4,4
76496,89,85,4,4
76497,87,84,3,3
76498,79,89,-10,10
76499,98,105,-7,7
76500,49,57,-8,8
76501,82,83,-1,1
76502,120,118,2,2
76503,108,110,-2,2
76504,169,155,14,14
76505,161,158,3,3
76506,134,131,3,3
76507,96,102,-6,6
76508,56,55,1,1
76509,101,105,-4,4
76510,86,94,-8,8
76511,82,89,-7,7
76512,85,94,-9,9
76513,79,78,1,1
76514,78,84,-6,6
76515,105,97,8,8
76516,142,137,5,5
76517,65,74,-9,9
76518,57,65,-8,8
76519,81,83,-2,2
76520,139,109,30,30
76521,84,82,2,2
76522,81,83,-2,2
76523,154,130,24,24
76524,147,133,14,14
76525,153,138,15,15
76526,73,78,-5,5
76527,141,129,12,12
76528,43,51,-8,8
76529,101,100,1,1
76530,42,54,-12,12
76531,78,82,-4,4
76532,97,113,-16,16
76533,65,72,-7,7
76534,58,62,-4,4
76535,79,91,-12,12
76536,95,96,-1,1
76537,105,117,-12,12
76538,37,48,-11,11
76539,82,83,-1,1
76540,130,127,3,3
76541,99,107,-8,8
76542,125,107,18,18
76543,51,65,-14,14
76544,87,91,-4,4
76545,147,148,-1,1
76546,61,59,2,2
76547,122,123,-1,1
76548,70,82,-12,12
76549,81,75,6,6
76550,93,92,1,1
76551,136,132,4,4
76552,61,67,-6,6
76553,75,88,-13,13
76554,118,105,13,13
76555,110,113,-3,3
76556,153,157,-4,4
76557,57,58,-1,1
76558,128,115,13,13
76559,118,109,9,9
76560,81,91,-10,10
76561,82,82,0,0
76562,126,119,7,7
76563,110,102,8,8
76564,91,98,-7,7
76565,106,92,14,14
76566,92,88,4,4
76567,74,84,-10,10
76568,119,114,5,5
76569,47,53,-6,6
76570,81,93,-12,12
76571,101,99,2,2
76572,91,94,-3,3
76573,68,73,-5,5
76574,119,113,6,6
76575,90,92,-2,2
76576,104,106,-2,2
76577,80,86,-6,6
76578,84,93,-9,9
76579,132,118,14,14
76580,32,71,-39,39
76581,139,128,11,11
76582,85,82,3,3
76583,83,89,-6,6
76584,55,60,-5,5
76585,98,109,-11,11
76586,177,170,7,7
76587,81,90,-9,9
76588,90,98,-8,8
76589,133,121,12,12
76590,85,72,13,13
76591,58,60,-2,2
76592,133,126,7,7
76593,81,82,-1,1
76594,149,138,11,11
76595,107,105,2,2
76596,113,96,17,17
76597,108,100,8,8
76598,93,92,1,1
76599,100,92,8,8
76600,66,70,-4,4
76601,109,103,6,6
76602,77,92,-15,15
76603,208,177,31,31
76604,79,90,-11,11
76605,74,71,3,3
76606,74,73,1,1
76607,131,125,6,6
76608,127,115,12,12
76609,77,73,4,4
76610,100,77,23,23
76611,82,111,-29,29
76612,100,104,-4,4
76613,65,75,-10,10
76614,97,103,-6,6
76615,146,130,16,16
76616,99,85,14,14
76617,117,104,13,13
76618,71,75,-4,4
76619,60,63,-3,3
76620,75,78,-3,3
76621,46,51,-5,5
76622,121,108,13,13
76623,55,59,-4,4
76624,119,117,2,2
76625,178,166,12,12
76626,131,127,4,4
76627,123,118,5,5
76628,99,100,-1,1
76629,164,151,13,13
76630,69,73,-4,4
76631,55,61,-6,6
76632,148,148,0,0
76633,67,68,-1,1
76634,138,131,7,7
76635,115,107,8,8
76636,134,125,9,9
76637,91,99,-8,8
76638,94,96,-2,2
76639,114,111,3,3
76640,92,95,-3,3
76641,98,104,-6,6
76642,41,42,-1,1
76643,49,57,-8,8
76644,59,72,-13,13
76645,90,91,-1,1
76646,165,152,13,13
76647,53,61,-8,8
76648,67,71,-4,4
76649,77,75,2,2
76650,87,84,3,3
76651,65,67,-2,2
76652,133,126,7,7
76653,98,97,1,1
76654,103,104,-1,1
76655,85,83,2,2
76656,153,139,14,14
76657,85,77,8,8
76658,126,129,-3,3
76659,102,110,-8,8
76660,115,109,6,6
76661,78,85,-7,7
76662,152,150,2,2
76663,72,74,-2,2
76664,65,66,-1,1
76665,71,73,-2,2
76666,134,134,0,0
76667,104,105,-1,1
76668,54,63,-9,9
76669,133,121,12,12
76670,99,88,11,11
76671,69,70,-1,1
76672,169,163,6,6
76673,94,100,-6,6
76674,106,111,-5,5
76675,86,91,-5,5
76676,107,103,4,4
76677,52,62,-10,10
76678,71,76,-5,5
76679,87,84,3,3
76680,155,157,-2,2
76681,58,67,-9,9
76682,144,134,10,10
76683,111,106,5,5
76684,90,92,-2,2
76685,74,66,8,8
76686,100,93,7,7
76687,112,106,6,6
76688,117,115,2,2
76689,48,92,-44,44
76690,107,94,13,13
76691,144,137,7,7
76692,86,81,5,5
76693,101,98,3,3
76694,94,98,-4,4
76695,129,111,18,18
76696,132,133,-1,1
76697,61,66,-5,5
76698,103,107,-4,4
76699,104,99,5,5
76700,135,115,20,20
76701,76,83,-7,7
76702,112,117,-5,5
76703,114,97,17,17
76704,69,66,3,3
76705,92,83,9,9
76706,80,84,-4,4
76707,139,124,15,15
76708,76,76,0,0
76709,71,70,1,1
76710,100,102,-2,2
76711,106,102,4,4
76712,145,138,7,7
76713,76,90,-14,14
76714,92,102,-10,10
76715,49,52,-3,3
76716,110,106,4,4
76717,92,98,-6,6
76718,173,142,31,31
76719,98,102,-4,4
76720,175,150,25,25
76721,75,86,-11,11
76722,103,93,10,10
76723,111,120,-9,9
76724,215,209,6,6
76725,131,123,8,8
76726,67,75,-8,8
76727,127,134,-7,7
76728,72,75,-3,3
76729,43,69,-26,26
76730,65,67,-2,2
76731,69,71,-2,2
76732,149,154,-5,5
76733,75,72,3,3
76734,81,84,-3,3
76735,76,68,8,8
76736,53,67,-14,14
76737,79,91,-12,12
76738,152,137,15,15
76739,97,100,-3,3
76740,48,55,-7,7
76741,107,109,-2,2
76742,118,117,1,1
76743,78,78,0,0
76744,98,102,-4,4
76745,121,114,7,7
76746,108,103,5,5
76747,59,61,-2,2
76748,95,101,-6,6
76749,98,102,-4,4
76750,71,72,-1,1
76751,76,78,-2,2
76752,100,107,-7,7
76753,70,69,1,1
76754,71,67,4,4
76755,94,75,19,19
76756,86,89,-3,3
76757,102,105,-3,3
76758,106,104,2,2
76759,74,83,-9,9
76760,49,60,-11,11
76761,103,100,3,3
76762,70,75,-5,5
76763,168,160,8,8
76764,66,74,-8,8
76765,128,131,-3,3
76766,110,108,2,2
76767,82,76,6,6
76768,92,83,9,9
76769,187,175,12,12
76770,101,115,-14,14
76771,47,51,-4,4
76772,72,74,-2,2
76773,77,80,-3,3
76774,30,39,-9,9
76775,124,126,-2,2
76776,218,185,33,33
76777,110,115,-5,5
76778,106,106,0,0
76779,133,120,13,13
76780,88,77,11,11
76781,58,62,-4,4
76782,184,161,23,23
76783,152,130,22,22
76784,87,95,-8,8
76785,167,149,18,18
76786,93,102,-9,9
76787,130,107,23,23
76788,96,85,11,11
76789,119,123,-4,4
76790,81,83,-2,2
76791,52,53,-1,1
76792,66,65,1,1
76793,102,109,-7,7
76794,76,74,2,2
76795,117,102,15,15
76796,98,93,5,5
76797,81,81,0,0
76798,99,104,-5,5
76799,81,76,5,5
76800,64,72,-8,8
76801,139,138,1,1
76802,84,90,-6,6
76803,68,69,-1,1
76804,42,44,-2,2
76805,73,68,5,5
76806,158,116,42,42
76807,101,105,-4,4
76808,122,115,7,7
76809,76,86,-10,10
76810,129,150,-21,21
76811,99,92,7,7
76812,71,70,1,1
76813,80,82,-2,2
76814,141,126,15,15
76815,48,51,-3,3
76816,146,133,13,13
76817,83,91,-8,8
76818,102,102,0,0
76819,87,90,-3,3
76820,83,78,5,5
76821,63,75,-12,12
76822,89,92,-3,3
76823,142,129,13,13
76824,90,98,-8,8
76825,97,94,3,3
76826,130,127,3,3
76827,88,91,-3,3
76828,146,146,0,0
76829,118,108,10,10
76830,124,119,5,5
76831,108,116,-8,8
76832,53,65,-12,12
76833,78,83,-5,5
76834,54,59,-5,5
76835,121,111,10,10
76836,105,116,-11,11
76837,47,62,-15,15
76838,58,62,-4,4
76839,126,114,12,12
76840,165,148,17,17
76841,118,111,7,7
76842,54,61,-7,7
76843,98,96,2,2
76844,39,41,-2,2
76845,88,100,-12,12
76846,85,90,-5,5
76847,92,102,-10,10
76848,101,98,3,3
76849,69,81,-12,12
76850,70,68,2,2
76851,57,95,-38,38
76852,89,92,-3,3
76853,165,154,11,11
76854,88,94,-6,6
76855,142,131,11,11
76856,109,110,-1,1
76857,105,105,0,0
76858,94,98,-4,4
76859,124,118,6,6
76860,119,112,7,7
76861,41,44,-3,3
76862,102,104,-2,2
76863,90,74,16,16
76864,126,127,-1,1
76865,59,73,-14,14
76866,74,77,-3,3
76867,104,111,-7,7
76868,101,102,-1,1
76869,102,103,-1,1
76870,123,122,1,1
76871,90,93,-3,3
76872,85,82,3,3
76873,85,94,-9,9
76874,57,61,-4,4
76875,73,78,-5,5
76876,73,81,-8,8
76877,106,111,-5,5
76878,47,47,0,0
76879,91,100,-9,9
76880,93,84,9,9
76881,63,73,-10,10
76882,80,77,3,3
76883,71,72,-1,1
76884,92,92,0,0
76885,125,118,7,7
76886,82,94,-12,12
76887,97,105,-8,8
76888,59,59,0,0
76889,125,134,-9,9
76890,115,105,10,10
76891,103,101,2,2
76892,97,97,0,0
76893,89,91,-2,2
76894,78,81,-3,3
76895,159,140,19,19
76896,117,119,-2,2
76897,100,98,2,2
76898,104,105,-1,1
76899,97,107,-10,10
76900,114,105,9,9
76901,118,125,-7,7
76902,99,86,13,13
76903,98,92,6,6
76904,114,116,-2,2
76905,99,99,0,0
76906,95,99,-4,4
76907,68,75,-7,7
76908,119,116,3,3
76909,125,117,8,8
76910,74,80,-6,6
76911,97,94,3,3
76912,101,101,0,0
76913,157,152,5,5
76914,141,131,10,10
76915,132,133,-1,1
76916,104,104,0,0
76917,85,91,-6,6
76918,110,111,-1,1
76919,91,104,-13,13
76920,53,55,-2,2
76921,81,84,-3,3
76922,78,83,-5,5
76923,79,93,-14,14
76924,73,74,-1,1
76925,81,84,-3,3
76926,89,90,-1,1
76927,78,78,0,0
76928,122,109,13,13
76929,64,70,-6,6
76930,52,55,-3,3
76931,87,97,-10,10
76932,134,131,3,3
76933,104,95,9,9
76934,116,120,-4,4
76935,102,107,-5,5
76936,160,149,11,11
76937,83,79,4,4
76938,159,164,-5,5
76939,130,135,-5,5
76940,92,92,0,0
76941,95,93,2,2
76942,179,178,1,1
76943,132,112,20,20
76944,53,56,-3,3
76945,100,97,3,3
76946,105,98,7,7
76947,77,82,-5,5
76948,115,112,3,3
76949,126,128,-2,2
76950,91,93,-2,2
76951,79,82,-3,3
76952,40,53,-13,13
76953,128,123,5,5
76954,145,138,7,7
76955,153,141,12,12
76956,81,78,3,3
76957,113,121,-8,8
76958,138,121,17,17
76959,100,104,-4,4
76960,77,69,8,8
76961,71,76,-5,5
76962,110,109,1,1
76963,118,115,3,3
76964,137,136,1,1
76965,94,96,-2,2
76966,65,66,-1,1
76967,52,72,-20,20
76968,74,77,-3,3
76969,68,69,-1,1
76970,101,103,-2,2
76971,104,102,2,2
76972,138,131,7,7
76973,71,74,-3,3
76974,140,126,14,14
76975,83,84,-1,1
76976,91,96,-5,5
76977,125,115,10,10
76978,77,86,-9,9
76979,63,62,1,1
76980,116,112,4,4
76981,102,103,-1,1
76982,121,130,-9,9
76983,116,110,6,6
76984,181,173,8,8
76985,112,118,-6,6
76986,151,154,-3,3
76987,127,119,8,8
76988,87,88,-1,1
76989,123,123,0,0
76990,74,90,-16,16
76991,161,151,10,10
76992,48,55,-7,7
76993,207,193,14,14
76994,124,125,-1,1
76995,91,103,-12,12
76996,104,103,1,1
76997,118,121,-3,3
76998,112,107,5,5
76999,70,72,-2,2
77000,76,71,5,5
77001,133,122,11,11
77002,79,73,6,6
77003,56,70,-14,14
77004,111,130,-19,19
77005,48,60,-12,12
77006,80,71,9,9
77007,144,141,3,3
77008,39,39,0,0
77009,91,101,-10,10
77010,97,95,2,2
77011,93,88,5,5
77012,142,128,14,14
77013,116,112,4,4
77014,86,91,-5,5
77015,128,132,-4,4
77016,101,108,-7,7
77017,53,65,-12,12
77018,153,144,9,9
77019,69,81,-12,12
77020,101,98,3,3
77021,146,146,0,0
77022,107,106,1,1
77023,86,91,-5,5
77024,44,55,-11,11
77025,64,71,-7,7
77026,90,74,16,16
77027,69,74,-5,5
77028,78,103,-25,25
77029,141,136,5,5
77030,54,50,4,4
77031,61,61,0,0
77032,140,125,15,15
77033,158,128,30,30
77034,96,93,3,3
77035,159,150,9,9
77036,155,124,31,31
77037,152,141,11,11
77038,62,60,2,2
77039,84,81,3,3
77040,197,183,14,14
77041,123,120,3,3
77042,80,90,-10,10
77043,25,34,-9,9
77044,140,139,1,1
77045,65,74,-9,9
77046,67,96,-29,29
77047,62,68,-6,6
77048,71,71,0,0
77049,138,134,4,4
77050,73,73,0,0
77051,84,93,-9,9
77052,227,198,29,29
77053,97,93,4,4
77054,47,52,-5,5
77055,74,76,-2,2
77056,75,84,-9,9
77057,64,70,-6,6
77058,107,107,0,0
77059,60,58,2,2
77060,70,74,-4,4
77061,117,100,17,17
77062,110,120,-10,10
77063,118,119,-1,1
77064,86,91,-5,5
77065,61,72,-11,11
77066,72,72,0,0
77067,153,138,15,15
77068,92,98,-6,6
77069,117,115,2,2
77070,79,81,-2,2
77071,111,103,8,8
77072,48,53,-5,5
77073,71,69,2,2
77074,100,103,-3,3
77075,90,85,5,5
77076,67,74,-7,7
77077,111,109,2,2
77078,68,70,-2,2
77079,113,104,9,9
77080,78,96,-18,18
77081,94,98,-4,4
77082,86,94,-8,8
77083,131,131,0,0
77084,142,128,14,14
77085,83,92,-9,9
77086,62,81,-19,19
77087,74,67,7,7
77088,143,136,7,7
77089,163,161,2,2
77090,78,75,3,3
77091,42,46,-4,4
77092,69,72,-3,3
77093,68,73,-5,5
77094,132,123,9,9
77095,59,60,-1,1
77096,107,106,1,1
77097,107,108,-1,1
77098,49,54,-5,5
77099,114,112,2,2
77100,87,83,4,4
77101,103,89,14,14
77102,122,109,13,13
77103,114,114,0,0
77104,172,158,14,14
77105,69,75,-6,6
77106,57,68,-11,11
77107,108,108,0,0
77108,80,100,-20,20
77109,70,71,-1,1
77110,126,125,1,1
77111,102,99,3,3
77112,45,53,-8,8
77113,72,71,1,1
77114,174,158,16,16
77115,101,106,-5,5
77116,53,57,-4,4
77117,71,71,0,0
77118,157,164,-7,7
77119,139,128,11,11
77120,116,103,13,13
77121,86,81,5,5
77122,96,92,4,4
77123,107,108,-1,1
77124,98,107,-9,9
77125,89,96,-7,7
77126,117,126,-9,9
77127,108,107,1,1
77128,54,57,-3,3
77129,116,116,0,0
77130,111,111,0,0
77131,139,142,-3,3
77132,74,73,1,1
77133,117,123,-6,6
77134,106,110,-4,4
77135,158,142,16,16
77136,97,99,-2,2
77137,70,68,2,2
77138,106,107,-1,1
77139,82,77,5,5
77140,141,123,18,18
77141,132,124,8,8
77142,114,104,10,10
77143,145,132,13,13
77144,56,65,-9,9
77145,109,101,8,8
77146,131,118,13,13
77147,154,115,39,39
77148,73,70,3,3
77149,63,70,-7,7
77150,134,145,-11,11
77151,91,85,6,6
77152,127,117,10,10
77153,42,47,-5,5
77154,101,105,-4,4
77155,52,54,-2,2
77156,143,144,-1,1
77157,92,91,1,1
77158,84,84,0,0
77159,101,111,-10,10
77160,117,115,2,2
77161,85,85,0,0
77162,52,60,-8,8
77163,74,71,3,3
77164,78,69,9,9
77165,64,65,-1,1
77166,90,94,-4,4
77167,59,71,-12,12
77168,53,67,-14,14
77169,94,99,-5,5
77170,77,80,-3,3
77171,108,93,15,15
77172,138,126,12,12
77173,83,91,-8,8
77174,150,133,17,17
77175,108,104,4,4
77176,64,70,-6,6
77177,101,113,-12,12
77178,92,90,2,2
77179,150,139,11,11
77180,133,132,1,1
77181,42,54,-12,12
77182,43,51,-8,8
77183,63,64,-1,1
77184,82,85,-3,3
77185,56,55,1,1
77186,101,115,-14,14
77187,65,79,-14,14
77188,112,108,4,4
77189,50,56,-6,6
77190,130,124,6,6
77191,88,98,-10,10
77192,74,71,3,3
77193,129,132,-3,3
77194,57,70,-13,13
77195,110,106,4,4
77196,99,104,-5,5
77197,77,74,3,3
77198,117,109,8,8
77199,107,104,3,3
77200,62,63,-1,1
77201,75,82,-7,7
77202,97,105,-8,8
77203,54,55,-1,1
77204,80,76,4,4
77205,84,83,1,1
77206,52,54,-2,2
77207,106,105,1,1
77208,99,111,-12,12
77209,92,90,2,2
77210,53,58,-5,5
77211,135,134,1,1
77212,116,100,16,16
77213,96,102,-6,6
77214,116,109,7,7
77215,90,91,-1,1
77216,187,151,36,36
77217,55,95,-40,40
77218,48,54,-6,6
77219,77,83,-6,6
77220,74,81,-7,7
77221,97,104,-7,7
77222,159,150,9,9
77223,127,117,10,10
77224,83,84,-1,1
77225,67,70,-3,3
77226,103,94,9,9
77227,68,65,3,3
77228,75,71,4,4
77229,88,93,-5,5
77230,82,111,-29,29
77231,128,116,12,12
77232,177,161,16,16
77233,140,130,10,10
77234,108,94,14,14
77235,59,58,1,1
77236,97,100,-3,3
77237,105,107,-2,2
77238,59,60,-1,1
77239,74,74,0,0
77240,63,63,0,0
77241,53,58,-5,5
77242,67,71,-4,4
77243,88,90,-2,2
77244,116,115,1,1
77245,141,140,1,1
77246,123,121,2,2
77247,111,110,1,1
77248,89,91,-2,2
77249,112,112,0,0
77250,118,113,5,5
77251,51,60,-9,9
77252,165,151,14,14
77253,70,77,-7,7
77254,92,85,7,7
77255,156,132,24,24
77256,160,140,20,20
77257,64,67,-3,3
77258,137,136,1,1
77259,93,89,4,4
77260,124,126,-2,2
77261,77,82,-5,5
77262,128,126,2,2
77263,79,71,8,8
77264,61,72,-11,11
77265,112,106,6,6
77266,45,48,-3,3
77267,67,68,-1,1
77268,126,125,1,1
77269,92,91,1,1
77270,74,77,-3,3
77271,67,76,-9,9
77272,105,104,1,1
77273,167,163,4,4
77274,131,126,5,5
77275,84,129,-45,45
77276,110,117,-7,7
77277,72,82,-10,10
77278,71,118,-47,47
77279,115,115,0,0
77280,159,152,7,7
77281,82,95,-13,13
77282,100,115,-15,15
77283,70,67,3,3
77284,104,106,-2,2
77285,49,51,-2,2
77286,104,105,-1,1
77287,101,107,-6,6
77288,66,74,-8,8
77289,87,90,-3,3
77290,85,96,-11,11
77291,124,132,-8,8
77292,121,108,13,13
77293,97,95,2,2
77294,63,66,-3,3
77295,93,97,-4,4
77296,79,74,5,5
77297,49,50,-1,1
77298,95,97,-2,2
77299,76,83,-7,7
77300,133,129,4,4
77301,66,71,-5,5
77302,85,83,2,2
77303,228,221,7,7
77304,124,128,-4,4
77305,90,83,7,7
77306,95,98,-3,3
77307,54,65,-11,11
77308,82,89,-7,7
77309,155,142,13,13
77310,173,165,8,8
77311,171,152,19,19
77312,42,56,-14,14
77313,141,135,6,6
77314,92,86,6,6
77315,94,92,2,2
77316,82,90,-8,8
77317,132,123,9,9
77318,124,113,11,11
77319,94,94,0,0
77320,60,61,-1,1
77321,58,70,-12,12
77322,102,107,-5,5
77323,112,110,2,2
77324,121,116,5,5
77325,133,137,-4,4
77326,54,71,-17,17
77327,105,111,-6,6
77328,82,86,-4,4
77329,104,96,8,8
77330,91,90,1,1
77331,103,110,-7,7
77332,96,105,-9,9
77333,147,159,-12,12
77334,95,100,-5,5
77335,111,121,-10,10
77336,106,108,-2,2
77337,59,63,-4,4
77338,77,74,3,3
77339,97,86,11,11
77340,73,63,10,10
77341,105,103,2,2
77342,122,112,10,10
77343,55,69,-14,14
77344,108,108,0,0
77345,59,61,-2,2
77346,124,126,-2,2
77347,116,124,-8,8
77348,100,97,3,3
77349,76,82,-6,6
77350,102,100,2,2
77351,95,102,-7,7
77352,138,129,9,9
77353,119,116,3,3
77354,78,83,-5,5
77355,108,111,-3,3
77356,34,42,-8,8
77357,105,107,-2,2
77358,120,112,8,8
77359,91,95,-4,4
77360,103,115,-12,12
77361,75,76,-1,1
77362,176,156,20,20
77363,85,82,3,3
77364,75,76,-1,1
77365,103,105,-2,2
77366,81,85,-4,4
77367,105,110,-5,5
77368,50,62,-12,12
77369,118,116,2,2
77370,163,153,10,10
77371,137,129,8,8
77372,167,163,4,4
77373,116,116,0,0
77374,52,61,-9,9
77375,115,105,10,10
77376,188,186,2,2
77377,187,168,19,19
77378,84,83,1,1
77379,124,117,7,7
77380,95,98,-3,3
77381,79,92,-13,13
77382,72,69,3,3
77383,68,71,-3,3
77384,116,115,1,1
77385,83,103,-20,20
77386,94,93,1,1
77387,63,69,-6,6
77388,200,192,8,8
77389,61,70,-9,9
77390,148,133,15,15
77391,56,62,-6,6
77392,110,114,-4,4
77393,94,97,-3,3
77394,59,75,-16,16
77395,76,74,2,2
77396,67,79,-12,12
77397,102,105,-3,3
77398,165,145,20,20
77399,79,80,-1,1
77400,74,71,3,3
77401,136,126,10,10
77402,116,108,8,8
77403,95,103,-8,8
77404,112,110,2,2
77405,65,74,-9,9
77406,43,49,-6,6
77407,92,93,-1,1
77408,48,55,-7,7
77409,75,81,-6,6
77410,118,117,1,1
77411,99,92,7,7
77412,101,98,3,3
77413,41,64,-23,23
77414,78,88,-10,10
77415,129,114,15,15
77416,109,115,-6,6
77417,81,82,-1,1
77418,167,152,15,15
77419,55,76,-21,21
77420,202,179,23,23
77421,118,112,6,6
77422,122,120,2,2
77423,67,71,-4,4
77424,67,70,-3,3
77425,54,59,-5,5
77426,54,62,-8,8
77427,89,97,-8,8
77428,107,103,4,4
77429,94,94,0,0
77430,72,67,5,5
77431,127,129,-2,2
77432,84,102,-18,18
77433,64,70,-6,6
77434,96,100,-4,4
77435,116,112,4,4
77436,127,124,3,3
77437,128,122,6,6
77438,118,132,-14,14
77439,62,70,-8,8
77440,73,70,3,3
77441,36,43,-7,7
77442,165,140,25,25
77443,100,104,-4,4
77444,65,70,-5,5
77445,75,82,-7,7
77446,75,93,-18,18
77447,97,104,-7,7
77448,93,102,-9,9
77449,57,63,-6,6
77450,59,63,-4,4
77451,85,83,2,2
77452,99,107,-8,8
77453,87,94,-7,7
77454,102,111,-9,9
77455,75,83,-8,8
77456,92,95,-3,3
77457,79,92,-13,13
77458,50,61,-11,11
77459,48,57,-9,9
77460,217,184,33,33
77461,132,118,14,14
77462,101,101,0,0
77463,82,84,-2,2
77464,116,118,-2,2
77465,112,102,10,10
77466,66,79,-13,13
77467,81,93,-12,12
77468,56,62,-6,6
77469,97,94,3,3
77470,84,77,7,7
77471,37,46,-9,9
77472,74,75,-1,1
77473,127,120,7,7
77474,54,62,-8,8
77475,80,79,1,1
77476,57,56,1,1
77477,106,87,19,19
77478,91,93,-2,2
77479,103,104,-1,1
77480,114,102,12,12
77481,131,127,4,4
77482,85,83,2,2
77483,85,91,-6,6
77484,93,99,-6,6
77485,74,66,8,8
77486,88,92,-4,4
77487,52,54,-2,2
77488,41,40,1,1
77489,82,84,-2,2
77490,112,109,3,3
77491,67,65,2,2
77492,69,83,-14,14
77493,150,138,12,12
77494,93,100,-7,7
77495,63,62,1,1
77496,95,87,8,8
77497,46,54,-8,8
77498,72,72,0,0
77499,77,84,-7,7
77500,87,95,-8,8
77501,121,117,4,4
77502,149,138,11,11
77503,82,74,8,8
77504,57,59,-2,2
77505,127,115,12,12
77506,103,96,7,7
77507,96,96,0,0
77508,82,77,5,5
77509,161,152,9,9
77510,133,130,3,3
77511,73,73,0,0
77512,71,65,6,6
77513,168,160,8,8
77514,137,133,4,4
77515,72,74,-2,2
77516,77,83,-6,6
77517,114,118,-4,4
77518,115,112,3,3
77519,70,67,3,3
77520,78,86,-8,8
77521,118,123,-5,5
77522,88,92,-4,4
77523,81,77,4,4
77524,118,120,-2,2
77525,60,57,3,3
77526,98,101,-3,3
77527,99,92,7,7
77528,55,58,-3,3
77529,100,98,2,2
77530,75,82,-7,7
77531,77,73,4,4
77532,139,138,1,1
77533,99,94,5,5
77534,106,110,-4,4
77535,92,100,-8,8
77536,87,91,-4,4
77537,55,67,-12,12
77538,89,99,-10,10
77539,106,115,-9,9
77540,161,150,11,11
77541,72,74,-2,2
77542,119,105,14,14
77543,90,86,4,4
77544,110,106,4,4
77545,51,62,-11,11
77546,63,71,-8,8
77547,42,48,-6,6
77548,85,82,3,3
77549,144,137,7,7
77550,69,79,-10,10
77551,43,51,-8,8
77552,94,103,-9,9
77553,178,185,-7,7
77554,80,80,0,0
77555,65,68,-3,3
77556,62,67,-5,5
77557,62,63,-1,1
77558,144,144,0,0
77559,102,103,-1,1
77560,104,102,2,2
77561,45,56,-11,11
77562,57,60,-3,3
77563,132,106,26,26
77564,105,102,3,3
77565,99,102,-3,3
77566,60,72,-12,12
77567,72,78,-6,6
77568,122,126,-4,4
77569,141,136,5,5
77570,94,94,0,0
77571,89,98,-9,9
77572,43,54,-11,11
77573,160,147,13,13
77574,84,75,9,9
77575,84,82,2,2
77576,90,96,-6,6
77577,68,72,-4,4
77578,189,176,13,13
77579,77,90,-13,13
77580,59,65,-6,6
77581,139,139,0,0
77582,98,102,-4,4
77583,147,135,12,12
77584,158,130,28,28
77585,97,95,2,2
77586,109,108,1,1
77587,112,107,5,5
77588,74,75,-1,1
77589,155,139,16,16
77590,75,74,1,1
77591,129,117,12,12
77592,189,182,7,7
77593,98,103,-5,5
77594,68,72,-4,4
77595,100,103,-3,3
77596,136,122,14,14
77597,144,140,4,4
77598,123,128,-5,5
77599,60,62,-2,2
77600,131,124,7,7
77601,74,85,-11,11
77602,148,115,33,33
77603,112,104,8,8
77604,60,67,-7,7
77605,89,87,2,2
77606,83,93,-10,10
77607,100,92,8,8
77608,70,75,-5,5
77609,119,128,-9,9
77610,52,61,-9,9
77611,72,74,-2,2
77612,127,127,0,0
77613,82,90,-8,8
77614,65,65,0,0
77615,75,71,4,4
77616,65,66,-1,1
77617,80,99,-19,19
77618,95,122,-27,27
77619,74,83,-9,9
77620,107,106,1,1
77621,63,67,-4,4
77622,117,113,4,4
77623,83,73,10,10
77624,74,73,1,1
77625,56,53,3,3
77626,143,144,-1,1
77627,61,71,-10,10
77628,92,99,-7,7
77629,147,156,-9,9
77630,68,78,-10,10
77631,95,94,1,1
77632,80,90,-10,10
77633,129,116,13,13
77634,133,146,-13,13
77635,47,47,0,0
77636,65,62,3,3
77637,85,80,5,5
77638,100,95,5,5
77639,113,108,5,5
77640,104,100,4,4
77641,70,71,-1,1
77642,16,20,-4,4
77643,102,99,3,3
77644,125,111,14,14
77645,83,91,-8,8
77646,114,101,13,13
77647,150,147,3,3
77648,164,148,16,16
77649,97,96,1,1
77650,71,71,0,0
77651,78,80,-2,2
77652,128,126,2,2
77653,111,104,7,7
77654,78,74,4,4
77655,83,84,-1,1
77656,84,80,4,4
77657,81,83,-2,2
77658,103,116,-13,13
77659,91,98,-7,7
77660,79,79,0,0
77661,84,86,-2,2
77662,143,116,27,27
77663,97,96,1,1
77664,85,86,-1,1
77665,120,109,11,11
77666,88,99,-11,11
77667,114,101,13,13
77668,116,111,5,5
77669,72,85,-13,13
77670,101,101,0,0
77671,129,129,0,0
77672,119,108,11,11
77673,86,92,-6,6
77674,75,81,-6,6
77675,76,74,2,2
77676,84,79,5,5
77677,75,80,-5,5
77678,124,116,8,8
77679,177,184,-7,7
77680,75,75,0,0
77681,117,117,0,0
77682,99,128,-29,29
77683,50,51,-1,1
77684,70,85,-15,15
77685,115,113,2,2
77686,60,65,-5,5
77687,96,93,3,3
77688,142,138,4,4
77689,87,83,4,4
77690,112,116,-4,4
77691,116,103,13,13
77692,56,59,-3,3
77693,158,156,2,2
77694,188,176,12,12
77695,181,163,18,18
77696,104,91,13,13
77697,159,154,5,5
77698,122,129,-7,7
77699,69,75,-6,6
77700,105,101,4,4
77701,84,92,-8,8
77702,80,82,-2,2
77703,62,62,0,0
77704,75,73,2,2
77705,72,82,-10,10
77706,86,83,3,3
77707,99,123,-24,24
77708,59,66,-7,7
77709,104,98,6,6
77710,78,78,0,0
77711,97,103,-6,6
77712,129,123,6,6
77713,64,73,-9,9
77714,105,102,3,3
77715,93,91,2,2
77716,92,94,-2,2
77717,40,45,-5,5
77718,98,106,-8,8
77719,132,134,-2,2
77720,67,75,-8,8
77721,51,83,-32,32
77722,81,98,-17,17
77723,142,144,-2,2
77724,145,135,10,10
77725,72,71,1,1
77726,102,99,3,3
77727,87,84,3,3
77728,111,108,3,3
77729,80,81,-1,1
77730,85,86,-1,1
77731,144,131,13,13
77732,66,75,-9,9
77733,98,95,3,3
77734,91,94,-3,3
77735,61,71,-10,10
77736,46,60,-14,14
77737,89,101,-12,12
77738,105,98,7,7
77739,102,97,5,5
77740,100,101,-1,1
77741,58,67,-9,9
77742,116,118,-2,2
77743,73,81,-8,8
77744,96,98,-2,2
77745,89,87,2,2
77746,79,84,-5,5
77747,74,78,-4,4
77748,100,91,9,9
77749,35,53,-18,18
77750,49,55,-6,6
77751,79,75,4,4
77752,102,89,13,13
77753,104,89,15,15
77754,198,173,25,25
77755,136,123,13,13
77756,62,73,-11,11
77757,100,104,-4,4
77758,89,91,-2,2
77759,131,128,3,3
77760,82,83,-1,1
77761,157,146,11,11
77762,71,75,-4,4
77763,54,58,-4,4
77764,115,117,-2,2
77765,80,83,-3,3
77766,69,70,-1,1
77767,80,73,7,7
77768,89,92,-3,3
77769,91,92,-1,1
77770,171,147,24,24
77771,86,81,5,5
77772,120,120,0,0
77773,72,74,-2,2
77774,67,68,-1,1
77775,122,139,-17,17
77776,71,76,-5,5
77777,119,114,5,5
77778,80,82,-2,2
77779,110,104,6,6
77780,47,52,-5,5
77781,193,168,25,25
77782,80,80,0,0
77783,52,58,-6,6
77784,61,68,-7,7
77785,90,34,56,56
77786,85,84,1,1
77787,74,75,-1,1
77788,85,91,-6,6
77789,125,144,-19,19
77790,150,136,14,14
77791,89,92,-3,3
77792,93,95,-2,2
77793,131,132,-1,1
77794,66,75,-9,9
77795,78,72,6,6
77796,151,148,3,3
77797,91,96,-5,5
77798,75,89,-14,14
77799,39,40,-1,1
77800,54,55,-1,1
77801,106,102,4,4
77802,128,130,-2,2
77803,49,62,-13,13
77804,124,118,6,6
77805,76,79,-3,3
77806,89,90,-1,1
77807,48,47,1,1
77808,135,149,-14,14
77809,108,112,-4,4
77810,113,103,10,10
77811,97,98,-1,1
77812,155,152,3,3
77813,154,139,15,15
77814,118,105,13,13
77815,87,82,5,5
77816,56,62,-6,6
77817,56,76,-20,20
77818,70,79,-9,9
77819,45,55,-10,10
77820,49,76,-27,27
77821,91,82,9,9
77822,76,73,3,3
77823,81,105,-24,24
77824,121,123,-2,2
77825,109,105,4,4
77826,72,76,-4,4
77827,75,80,-5,5
77828,35,50,-15,15
77829,90,95,-5,5
77830,132,131,1,1
77831,140,142,-2,2
77832,75,81,-6,6
77833,76,76,0,0
77834,111,131,-20,20
77835,92,103,-11,11
77836,120,131,-11,11
77837,119,113,6,6
77838,78,88,-10,10
77839,86,86,0,0
77840,60,68,-8,8
77841,158,147,11,11
77842,94,91,3,3
77843,126,121,5,5
77844,112,100,12,12
77845,112,106,6,6
77846,73,77,-4,4
77847,94,101,-7,7
77848,133,129,4,4
77849,70,69,1,1
77850,83,77,6,6
77851,117,121,-4,4
77852,104,101,3,3
77853,109,106,3,3
77854,173,151,22,22
77855,55,69,-14,14
77856,46,55,-9,9
77857,36,45,-9,9
77858,76,77,-1,1
77859,136,129,7,7
77860,102,102,0,0
77861,110,107,3,3
77862,94,93,1,1
77863,80,82,-2,2
77864,149,138,11,11
77865,249,223,26,26
77866,150,151,-1,1
77867,49,62,-13,13
77868,58,62,-4,4
77869,54,55,-1,1
77870,83,74,9,9
77871,119,107,12,12
77872,58,61,-3,3
77873,123,113,10,10
77874,125,117,8,8
77875,115,118,-3,3
77876,74,92,-18,18
77877,71,69,2,2
77878,162,140,22,22
77879,96,99,-3,3
77880,63,65,-2,2
77881,87,93,-6,6
77882,74,65,9,9
77883,70,94,-24,24
77884,114,118,-4,4
77885,72,73,-1,1
77886,58,68,-10,10
77887,117,107,10,10
77888,77,102,-25,25
77889,57,70,-13,13
77890,142,134,8,8
77891,57,69,-12,12
77892,77,76,1,1
77893,100,117,-17,17
77894,92,109,-17,17
77895,53,62,-9,9
77896,98,94,4,4
77897,96,100,-4,4
77898,67,68,-1,1
77899,69,73,-4,4
77900,108,107,1,1
77901,97,95,2,2
77902,75,74,1,1
77903,97,102,-5,5
77904,127,117,10,10
77905,87,81,6,6
77906,86,90,-4,4
77907,84,75,9,9
77908,86,90,-4,4
77909,88,91,-3,3
77910,97,99,-2,2
77911,86,90,-4,4
77912,79,91,-12,12
77913,183,174,9,9
77914,97,101,-4,4
77915,136,127,9,9
77916,78,76,2,2
77917,128,130,-2,2
77918,116,109,7,7
77919,167,156,11,11
77920,143,149,-6,6
77921,72,82,-10,10
77922,101,102,-1,1
77923,89,93,-4,4
77924,63,59,4,4
77925,136,127,9,9
77926,129,127,2,2
77927,77,82,-5,5
77928,70,81,-11,11
77929,114,107,7,7
77930,100,110,-10,10
77931,133,124,9,9
77932,130,129,1,1
77933,64,67,-3,3
77934,105,102,3,3
77935,171,153,18,18
77936,120,115,5,5
77937,95,96,-1,1
77938,72,76,-4,4
77939,75,70,5,5
77940,110,102,8,8
77941,119,107,12,12
77942,184,164,20,20
77943,132,126,6,6
77944,128,133,-5,5
77945,78,96,-18,18
77946,124,116,8,8
77947,123,126,-3,3
77948,105,96,9,9
77949,51,64,-13,13
77950,89,101,-12,12
77951,58,65,-7,7
77952,112,105,7,7
77953,97,96,1,1
77954,95,99,-4,4
77955,79,83,-4,4
77956,85,89,-4,4
77957,135,120,15,15
77958,127,134,-7,7
77959,95,86,9,9
77960,141,147,-6,6
77961,76,79,-3,3
77962,63,67,-4,4
77963,106,105,1,1
77964,95,93,2,2
77965,91,93,-2,2
77966,147,139,8,8
77967,124,112,12,12
77968,88,81,7,7
77969,70,74,-4,4
77970,80,95,-15,15
77971,41,49,-8,8
77972,59,63,-4,4
77973,97,106,-9,9
77974,61,65,-4,4
77975,148,128,20,20
77976,106,98,8,8
77977,102,112,-10,10
77978,66,69,-3,3
77979,75,71,4,4
77980,98,96,2,2
77981,58,56,2,2
77982,59,61,-2,2
77983,53,57,-4,4
77984,53,77,-24,24
77985,121,105,16,16
77986,101,91,10,10
77987,145,128,17,17
77988,57,64,-7,7
77989,74,73,1,1
77990,65,68,-3,3
77991,79,92,-13,13
77992,117,124,-7,7
77993,65,67,-2,2
77994,64,71,-7,7
77995,81,79,2,2
77996,125,107,18,18
77997,67,70,-3,3
77998,69,74,-5,5
77999,59,57,2,2
78000,126,118,8,8
78001,106,107,-1,1
78002,63,67,-4,4
78003,89,99,-10,10
78004,120,100,20,20
78005,97,100,-3,3
78006,70,72,-2,2
78007,116,119,-3,3
78008,77,69,8,8
78009,49,57,-8,8
78010,71,69,2,2
78011,64,74,-10,10
78012,72,69,3,3
78013,128,111,17,17
78014,98,94,4,4
78015,66,71,-5,5
78016,112,115,-3,3
78017,51,54,-3,3
78018,85,84,1,1
78019,100,93,7,7
78020,92,90,2,2
78021,111,111,0,0
78022,100,116,-16,16
78023,96,95,1,1
78024,166,149,17,17
78025,137,142,-5,5
78026,72,73,-1,1
78027,115,116,-1,1
78028,88,85,3,3
78029,91,93,-2,2
78030,103,115,-12,12
78031,47,57,-10,10
78032,86,92,-6,6
78033,136,125,11,11
78034,157,153,4,4
78035,124,120,4,4
78036,137,133,4,4
78037,101,103,-2,2
78038,74,70,4,4
78039,85,78,7,7
78040,45,45,0,0
78041,168,154,14,14
78042,115,101,14,14
78043,116,130,-14,14
78044,84,94,-10,10
78045,102,100,2,2
78046,59,74,-15,15
78047,106,113,-7,7
78048,60,71,-11,11
78049,123,114,9,9
78050,85,75,10,10
78051,60,70,-10,10
78052,82,72,10,10
78053,160,143,17,17
78054,82,89,-7,7
78055,83,86,-3,3
78056,73,80,-7,7
78057,113,120,-7,7
78058,95,90,5,5
78059,100,99,1,1
78060,40,48,-8,8
78061,80,83,-3,3
78062,110,105,5,5
78063,144,143,1,1
78064,115,105,10,10
78065,64,77,-13,13
78066,119,110,9,9
78067,102,105,-3,3
78068,159,136,23,23
78069,104,102,2,2
78070,91,91,0,0
78071,133,130,3,3
78072,98,95,3,3
78073,96,102,-6,6
78074,134,125,9,9
78075,160,149,11,11
78076,59,74,-15,15
78077,74,79,-5,5
78078,106,100,6,6
78079,64,66,-2,2
78080,90,100,-10,10
78081,67,67,0,0
78082,100,103,-3,3
78083,68,71,-3,3
78084,159,147,12,12
78085,87,91,-4,4
78086,123,133,-10,10
78087,78,82,-4,4
78088,95,92,3,3
78089,56,74,-18,18
78090,102,103,-1,1
78091,108,95,13,13
78092,73,71,2,2
78093,111,111,0,0
78094,137,133,4,4
78095,84,92,-8,8
78096,89,82,7,7
78097,70,84,-14,14
78098,78,83,-5,5
78099,152,145,7,7
78100,81,83,-2,2
78101,49,55,-6,6
78102,69,73,-4,4
78103,102,94,8,8
78104,62,69,-7,7
78105,91,91,0,0
78106,72,52,20,20
78107,47,49,-2,2
78108,184,157,27,27
78109,103,96,7,7
78110,69,75,-6,6
78111,51,65,-14,14
78112,120,130,-10,10
78113,105,92,13,13
78114,46,58,-12,12
78115,75,77,-2,2
78116,71,73,-2,2
78117,45,57,-12,12
78118,80,91,-11,11
78119,79,91,-12,12
78120,78,80,-2,2
78121,62,73,-11,11
78122,86,84,2,2
78123,122,123,-1,1
78124,101,98,3,3
78125,72,75,-3,3
78126,141,137,4,4
78127,69,75,-6,6
78128,93,92,1,1
78129,55,57,-2,2
78130,121,115,6,6
78131,105,106,-1,1
78132,99,91,8,8
78133,195,169,26,26
78134,76,76,0,0
78135,124,115,9,9
78136,100,90,10,10
78137,152,150,2,2
78138,108,104,4,4
78139,49,53,-4,4
78140,176,162,14,14
78141,104,190,-86,86
78142,81,69,12,12
78143,97,98,-1,1
78144,58,60,-2,2
78145,110,105,5,5
78146,55,64,-9,9
78147,69,70,-1,1
78148,107,133,-26,26
78149,71,72,-1,1
78150,88,91,-3,3
78151,43,57,-14,14
78152,117,116,1,1
78153,81,69,12,12
78154,75,83,-8,8
78155,108,105,3,3
78156,63,69,-6,6
78157,74,81,-7,7
78158,68,73,-5,5
78159,62,64,-2,2
78160,52,55,-3,3
78161,78,87,-9,9
78162,108,115,-7,7
78163,188,159,29,29
78164,61,68,-7,7
78165,77,79,-2,2
78166,97,94,3,3
78167,67,33,34,34
78168,77,104,-27,27
78169,91,95,-4,4
78170,69,74,-5,5
78171,131,131,0,0
78172,56,60,-4,4
78173,49,60,-11,11
78174,126,125,1,1
78175,114,110,4,4
78176,90,91,-1,1
78177,75,90,-15,15
78178,83,74,9,9
78179,92,101,-9,9
78180,83,90,-7,7
78181,89,82,7,7
78182,85,91,-6,6
78183,70,68,2,2
78184,108,104,4,4
78185,71,74,-3,3
78186,68,65,3,3
78187,70,75,-5,5
78188,107,110,-3,3
78189,58,62,-4,4
78190,51,57,-6,6
78191,55,67,-12,12
78192,161,158,3,3
78193,46,60,-14,14
78194,92,95,-3,3
78195,154,147,7,7
78196,83,89,-6,6
78197,128,126,2,2
78198,73,75,-2,2
78199,87,86,1,1
78200,122,110,12,12
78201,108,93,15,15
78202,76,93,-17,17
78203,59,72,-13,13
78204,83,90,-7,7
78205,92,97,-5,5
78206,96,102,-6,6
78207,105,96,9,9
78208,58,68,-10,10
78209,81,80,1,1
78210,110,102,8,8
78211,44,58,-14,14
78212,81,80,1,1
78213,63,73,-10,10
78214,78,80,-2,2
78215,68,76,-8,8
78216,120,124,-4,4
78217,181,165,16,16
78218,141,135,6,6
78219,178,163,15,15
78220,64,64,0,0
78221,72,77,-5,5
78222,45,44,1,1
78223,143,128,15,15
78224,145,130,15,15
78225,111,107,4,4
78226,86,89,-3,3
78227,125,133,-8,8
78228,79,83,-4,4
78229,67,74,-7,7
78230,173,158,15,15
78231,81,90,-9,9
78232,88,99,-11,11
78233,63,69,-6,6
78234,66,90,-24,24
78235,96,94,2,2
78236,100,86,14,14
78237,57,58,-1,1
78238,125,111,14,14
78239,156,146,10,10
78240,125,116,9,9
78241,133,127,6,6
78242,66,69,-3,3
78243,159,160,-1,1
78244,44,59,-15,15
78245,67,65,2,2
78246,105,103,2,2
78247,77,79,-2,2
78248,64,73,-9,9
78249,62,89,-27,27
78250,69,69,0,0
78251,163,152,11,11
78252,62,68,-6,6
78253,50,55,-5,5
78254,100,100,0,0
78255,108,103,5,5
78256,70,74,-4,4
78257,97,95,2,2
78258,83,78,5,5
78259,137,141,-4,4
78260,70,70,0,0
78261,122,102,20,20
78262,79,88,-9,9
78263,52,73,-21,21
78264,86,96,-10,10
78265,93,91,2,2
78266,93,109,-16,16
78267,62,67,-5,5
78268,109,98,11,11
78269,107,108,-1,1
78270,83,84,-1,1
78271,57,63,-6,6
78272,61,70,-9,9
78273,43,51,-8,8
78274,156,134,22,22
78275,102,99,3,3
78276,56,71,-15,15
78277,199,187,12,12
78278,103,106,-3,3
78279,77,79,-2,2
78280,147,153,-6,6
78281,99,112,-13,13
78282,74,105,-31,31
78283,71,66,5,5
78284,142,138,4,4
78285,72,69,3,3
78286,28,38,-10,10
78287,99,108,-9,9
78288,145,152,-7,7
78289,51,56,-5,5
78290,132,133,-1,1
78291,102,103,-1,1
78292,69,73,-4,4
78293,142,135,7,7
78294,52,54,-2,2
78295,87,94,-7,7
78296,122,124,-2,2
78297,93,104,-11,11
78298,85,92,-7,7
78299,101,96,5,5
78300,88,94,-6,6
78301,64,65,-1,1
78302,131,129,2,2
78303,91,94,-3,3
78304,174,154,20,20
78305,50,55,-5,5
78306,78,87,-9,9
78307,76,83,-7,7
78308,118,113,5,5
78309,56,64,-8,8
78310,53,55,-2,2
78311,98,103,-5,5
78312,119,124,-5,5
78313,133,129,4,4
78314,66,69,-3,3
78315,117,117,0,0
78316,94,94,0,0
78317,79,85,-6,6
78318,114,114,0,0
78319,96,91,5,5
78320,81,84,-3,3
78321,83,88,-5,5
78322,74,81,-7,7
78323,89,91,-2,2
78324,73,83,-10,10
78325,160,154,6,6
78326,120,114,6,6
78327,52,55,-3,3
78328,127,127,0,0
78329,93,94,-1,1
78330,108,120,-12,12
78331,95,99,-4,4
78332,75,76,-1,1
78333,124,110,14,14
78334,90,92,-2,2
78335,101,107,-6,6
78336,44,51,-7,7
78337,113,107,6,6
78338,64,75,-11,11
78339,135,127,8,8
78340,147,135,12,12
78341,112,117,-5,5
78342,63,67,-4,4
78343,91,105,-14,14
78344,93,77,16,16
78345,116,111,5,5
78346,124,129,-5,5
78347,127,124,3,3
78348,114,117,-3,3
78349,137,117,20,20
78350,56,65,-9,9
78351,54,58,-4,4
78352,78,83,-5,5
78353,71,74,-3,3
78354,72,76,-4,4
78355,67,76,-9,9
78356,48,52,-4,4
78357,115,133,-18,18
78358,53,59,-6,6
78359,95,96,-1,1
78360,56,74,-18,18
78361,45,41,4,4
78362,209,191,18,18
78363,85,98,-13,13
78364,80,80,0,0
78365,139,142,-3,3
78366,64,69,-5,5
78367,83,91,-8,8
78368,121,115,6,6
78369,102,113,-11,11
78370,94,93,1,1
78371,119,111,8,8
78372,59,68,-9,9
78373,61,91,-30,30
78374,74,73,1,1
78375,76,81,-5,5
78376,91,94,-3,3
78377,132,115,17,17
78378,54,64,-10,10
78379,74,75,-1,1
78380,96,93,3,3
78381,60,70,-10,10
78382,91,100,-9,9
78383,102,104,-2,2
78384,131,130,1,1
78385,95,93,2,2
78386,35,38,-3,3
78387,70,81,-11,11
78388,115,104,11,11
78389,63,68,-5,5
78390,70,82,-12,12
78391,73,73,0,0
78392,79,83,-4,4
78393,114,115,-1,1
78394,75,93,-18,18
78395,103,102,1,1
78396,111,107,4,4
78397,110,115,-5,5
78398,55,57,-2,2
78399,89,98,-9,9
78400,53,68,-15,15
78401,114,103,11,11
78402,104,109,-5,5
78403,45,50,-5,5
78404,122,116,6,6
78405,72,76,-4,4
78406,140,132,8,8
78407,132,118,14,14
78408,127,154,-27,27
78409,133,127,6,6
78410,66,69,-3,3
78411,99,98,1,1
78412,112,110,2,2
78413,104,91,13,13
78414,143,136,7,7
78415,107,103,4,4
78416,122,119,3,3
78417,166,158,8,8
78418,169,161,8,8
78419,165,165,0,0
78420,147,127,20,20
78421,63,65,-2,2
78422,71,80,-9,9
78423,59,59,0,0
78424,127,129,-2,2
78425,168,152,16,16
78426,43,52,-9,9
78427,103,101,2,2
78428,109,102,7,7
78429,99,106,-7,7
78430,71,75,-4,4
78431,94,97,-3,3
78432,104,103,1,1
78433,96,102,-6,6
78434,85,81,4,4
78435,122,106,16,16
78436,85,90,-5,5
78437,49,58,-9,9
78438,44,67,-23,23
78439,65,66,-1,1
78440,78,82,-4,4
78441,117,114,3,3
78442,103,100,3,3
78443,106,95,11,11
78444,97,104,-7,7
78445,167,177,-10,10
78446,50,56,-6,6
78447,134,123,11,11
78448,100,107,-7,7
78449,81,85,-4,4
78450,108,111,-3,3
78451,55,61,-6,6
78452,82,91,-9,9
78453,94,108,-14,14
78454,94,91,3,3
78455,61,65,-4,4
78456,141,136,5,5
78457,79,82,-3,3
78458,71,82,-11,11
78459,48,59,-11,11
78460,140,138,2,2
78461,70,72,-2,2
78462,63,63,0,0
78463,137,125,12,12
78464,40,43,-3,3
78465,103,102,1,1
78466,67,76,-9,9
78467,82,79,3,3
78468,119,125,-6,6
78469,131,126,5,5
78470,77,94,-17,17
78471,98,93,5,5
78472,148,150,-2,2
78473,91,91,0,0
78474,95,102,-7,7
78475,60,62,-2,2
78476,72,74,-2,2
78477,123,116,7,7
78478,68,71,-3,3
78479,124,128,-4,4
78480,128,127,1,1
78481,114,116,-2,2
78482,90,91,-1,1
78483,108,107,1,1
78484,114,108,6,6
78485,33,57,-24,24
78486,95,97,-2,2
78487,113,109,4,4
78488,57,60,-3,3
78489,71,70,1,1
78490,110,102,8,8
78491,67,73,-6,6
78492,59,65,-6,6
78493,105,105,0,0
78494,132,118,14,14
78495,93,102,-9,9
78496,90,97,-7,7
78497,134,120,14,14
78498,32,40,-8,8
78499,108,143,-35,35
78500,81,76,5,5
78501,94,95,-1,1
78502,116,121,-5,5
78503,131,128,3,3
78504,63,72,-9,9
78505,96,96,0,0
78506,71,65,6,6
78507,71,69,2,2
78508,79,90,-11,11
78509,115,112,3,3
78510,48,69,-21,21
78511,85,83,2,2
78512,113,107,6,6
78513,89,95,-6,6
78514,131,128,3,3
78515,91,95,-4,4
78516,72,71,1,1
78517,169,154,15,15
78518,133,133,0,0
78519,176,163,13,13
78520,118,121,-3,3
78521,71,83,-12,12
78522,65,72,-7,7
78523,144,123,21,21
78524,72,87,-15,15
78525,70,78,-8,8
78526,70,74,-4,4
78527,117,107,10,10
78528,97,98,-1,1
78529,57,63,-6,6
78530,61,85,-24,24
78531,80,82,-2,2
78532,92,92,0,0
78533,85,95,-10,10
78534,125,109,16,16
78535,90,103,-13,13
78536,80,76,4,4
78537,71,80,-9,9
78538,149,136,13,13
78539,69,66,3,3
78540,104,101,3,3
78541,95,93,2,2
78542,129,110,19,19
78543,144,119,25,25
78544,61,67,-6,6
78545,130,117,13,13
78546,144,130,14,14
78547,39,44,-5,5
78548,114,107,7,7
78549,48,51,-3,3
78550,94,91,3,3
78551,92,91,1,1
78552,101,93,8,8
78553,79,83,-4,4
78554,113,105,8,8
78555,69,79,-10,10
78556,41,49,-8,8
78557,69,78,-9,9
78558,108,106,2,2
78559,66,70,-4,4
78560,93,85,8,8
78561,86,83,3,3
78562,79,76,3,3
78563,80,86,-6,6
78564,87,86,1,1
78565,179,164,15,15
78566,67,64,3,3
78567,71,81,-10,10
78568,86,80,6,6
78569,92,98,-6,6
78570,109,109,0,0
78571,45,59,-14,14
78572,84,85,-1,1
78573,158,153,5,5
78574,92,91,1,1
78575,75,74,1,1
78576,84,87,-3,3
78577,65,77,-12,12
78578,104,97,7,7
78579,44,50,-6,6
78580,198,162,36,36
78581,124,117,7,7
78582,134,121,13,13
78583,122,109,13,13
78584,77,77,0,0
78585,103,97,6,6
78586,98,95,3,3
78587,59,59,0,0
78588,87,74,13,13
78589,74,70,4,4
78590,67,75,-8,8
78591,85,90,-5,5
78592,79,75,4,4
78593,96,101,-5,5
78594,121,121,0,0
78595,98,109,-11,11
78596,145,128,17,17
78597,110,106,4,4
78598,144,147,-3,3
78599,85,83,2,2
78600,114,122,-8,8
78601,95,94,1,1
78602,51,64,-13,13
78603,97,93,4,4
78604,81,73,8,8
78605,81,82,-1,1
78606,85,90,-5,5
78607,154,150,4,4
78608,125,126,-1,1
78609,97,103,-6,6
78610,161,144,17,17
78611,144,126,18,18
78612,127,116,11,11
78613,88,91,-3,3
78614,180,167,13,13
78615,90,99,-9,9
78616,66,75,-9,9
78617,95,95,0,0
78618,94,103,-9,9
78619,75,79,-4,4
78620,65,75,-10,10
78621,111,117,-6,6
78622,67,66,1,1
78623,86,97,-11,11
78624,141,127,14,14
78625,102,102,0,0
78626,142,143,-1,1
78627,188,182,6,6
78628,62,57,5,5
78629,104,109,-5,5
78630,63,65,-2,2
78631,100,95,5,5
78632,148,138,10,10
78633,103,105,-2,2
78634,122,129,-7,7
78635,69,72,-3,3
78636,89,92,-3,3
78637,113,97,16,16
78638,135,131,4,4
78639,158,142,16,16
78640,74,70,4,4
78641,54,58,-4,4
78642,106,103,3,3
78643,56,87,-31,31
78644,113,108,5,5
78645,95,91,4,4
78646,134,133,1,1
78647,73,76,-3,3
78648,51,56,-5,5
78649,50,47,3,3
78650,33,38,-5,5
78651,130,118,12,12
78652,111,120,-9,9
78653,58,61,-3,3
78654,103,98,5,5
78655,136,140,-4,4
78656,99,102,-3,3
78657,99,96,3,3
78658,116,108,8,8
78659,149,142,7,7
78660,69,75,-6,6
78661,81,95,-14,14
78662,57,60,-3,3
78663,85,83,2,2
78664,78,98,-20,20
78665,94,99,-5,5
78666,112,104,8,8
78667,141,119,22,22
78668,133,117,16,16
78669,85,100,-15,15
78670,100,105,-5,5
78671,62,64,-2,2
78672,121,117,4,4
78673,54,63,-9,9
78674,154,147,7,7
78675,142,126,16,16
78676,104,117,-13,13
78677,103,101,2,2
78678,70,69,1,1
78679,118,114,4,4
78680,115,111,4,4
78681,145,142,3,3
78682,106,109,-3,3
78683,114,113,1,1
78684,87,84,3,3
78685,155,134,21,21
78686,142,128,14,14
78687,132,123,9,9
78688,94,95,-1,1
78689,142,138,4,4
78690,150,143,7,7
78691,53,64,-11,11
78692,94,91,3,3
78693,85,100,-15,15
78694,62,70,-8,8
78695,53,54,-1,1
78696,81,91,-10,10
78697,175,167,8,8
78698,55,57,-2,2
78699,72,85,-13,13
78700,93,91,2,2
78701,73,84,-11,11
78702,47,60,-13,13
78703,67,73,-6,6
78704,117,109,8,8
78705,104,104,0,0
78706,76,77,-1,1
78707,99,91,8,8
78708,131,118,13,13
78709,84,95,-11,11
78710,105,115,-10,10
78711,157,135,22,22
78712,111,121,-10,10
78713,91,94,-3,3
78714,74,86,-12,12
78715,79,81,-2,2
78716,103,96,7,7
78717,119,111,8,8
78718,163,148,15,15
78719,69,72,-3,3
78720,112,107,5,5
78721,55,66,-11,11
78722,97,105,-8,8
78723,99,91,8,8
78724,58,70,-12,12
78725,125,110,15,15
78726,88,84,4,4
78727,81,84,-3,3
78728,158,157,1,1
78729,55,68,-13,13
78730,114,118,-4,4
78731,95,100,-5,5
78732,87,105,-18,18
78733,139,118,21,21
78734,79,76,3,3
78735,75,70,5,5
78736,56,64,-8,8
78737,113,133,-20,20
78738,148,135,13,13
78739,160,141,19,19
78740,97,95,2,2
78741,88,92,-4,4
78742,89,89,0,0
78743,101,96,5,5
78744,53,59,-6,6
78745,97,108,-11,11
78746,67,70,-3,3
78747,117,107,10,10
78748,72,68,4,4
78749,40,49,-9,9
78750,48,52,-4,4
78751,88,86,2,2
78752,95,85,10,10
78753,132,120,12,12
78754,63,65,-2,2
78755,95,98,-3,3
78756,84,88,-4,4
78757,33,40,-7,7
78758,70,74,-4,4
78759,154,151,3,3
78760,163,152,11,11
78761,175,155,20,20
78762,92,92,0,0
78763,150,145,5,5
78764,67,72,-5,5
78765,127,127,0,0
78766,131,120,11,11
78767,194,169,25,25
78768,113,107,6,6
78769,106,103,3,3
78770,88,85,3,3
78771,75,75,0,0
78772,56,75,-19,19
78773,86,103,-17,17
78774,66,68,-2,2
78775,171,161,10,10
78776,127,124,3,3
78777,110,110,0,0
78778,93,96,-3,3
78779,89,91,-2,2
78780,72,85,-13,13
78781,98,94,4,4
78782,77,81,-4,4
78783,93,93,0,0
78784,112,102,10,10
78785,68,72,-4,4
78786,104,115,-11,11
78787,78,77,1,1
78788,69,79,-10,10
78789,48,53,-5,5
78790,65,75,-10,10
78791,109,112,-3,3
78792,90,105,-15,15
78793,141,134,7,7
78794,100,106,-6,6
78795,133,136,-3,3
78796,110,104,6,6
78797,54,56,-2,2
78798,71,72,-1,1
78799,144,139,5,5
78800,57,68,-11,11
78801,88,94,-6,6
78802,107,100,7,7
78803,128,124,4,4
78804,93,99,-6,6
78805,136,138,-2,2
78806,107,97,10,10
78807,151,136,15,15
78808,114,109,5,5
78809,67,67,0,0
78810,94,96,-2,2
78811,90,83,7,7
78812,105,99,6,6
78813,132,120,12,12
78814,90,90,0,0
78815,120,126,-6,6
78816,91,103,-12,12
78817,155,149,6,6
78818,62,65,-3,3
78819,109,105,4,4
78820,100,106,-6,6
78821,160,138,22,22
78822,96,101,-5,5
78823,104,115,-11,11
78824,93,94,-1,1
78825,72,75,-3,3
78826,59,75,-16,16
78827,74,72,2,2
78828,83,76,7,7
78829,92,89,3,3
78830,100,108,-8,8
78831,87,84,3,3
78832,122,124,-2,2
78833,78,74,4,4
78834,79,74,5,5
78835,138,124,14,14
78836,158,149,9,9
78837,75,78,-3,3
78838,100,103,-3,3
78839,134,120,14,14
78840,138,148,-10,10
78841,82,93,-11,11
78842,52,54,-2,2
78843,74,77,-3,3
78844,60,63,-3,3
78845,49,55,-6,6
78846,45,33,12,12
78847,83,81,2,2
78848,55,67,-12,12
78849,74,73,1,1
78850,96,91,5,5
78851,71,78,-7,7
78852,73,74,-1,1
78853,104,117,-13,13
78854,57,60,-3,3
78855,79,83,-4,4
78856,109,106,3,3
78857,65,67,-2,2
78858,129,136,-7,7
78859,75,76,-1,1
78860,209,184,25,25
78861,102,102,0,0
78862,102,107,-5,5
78863,142,126,16,16
78864,140,115,25,25
78865,44,49,-5,5
78866,102,106,-4,4
78867,89,82,7,7
78868,86,84,2,2
78869,85,87,-2,2
78870,88,84,4,4
78871,77,88,-11,11
78872,123,128,-5,5
78873,62,77,-15,15
78874,163,159,4,4
78875,114,114,0,0
78876,55,66,-11,11
78877,112,111,1,1
78878,125,119,6,6
78879,123,122,1,1
78880,96,95,1,1
78881,111,106,5,5
78882,136,122,14,14
78883,75,80,-5,5
78884,134,133,1,1
78885,77,85,-8,8
78886,98,103,-5,5
78887,94,93,1,1
78888,77,82,-5,5
78889,83,82,1,1
78890,97,91,6,6
78891,82,84,-2,2
78892,126,119,7,7
78893,159,151,8,8
78894,100,110,-10,10
78895,100,113,-13,13
78896,121,117,4,4
78897,117,102,15,15
78898,81,88,-7,7
78899,90,90,0,0
78900,68,68,0,0
78901,110,109,1,1
78902,118,130,-12,12
78903,97,99,-2,2
78904,81,74,7,7
78905,105,106,-1,1
78906,95,92,3,3
78907,66,86,-20,20
78908,109,109,0,0
78909,141,138,3,3
78910,52,53,-1,1
78911,80,75,5,5
78912,93,92,1,1
78913,76,75,1,1
78914,111,114,-3,3
78915,107,104,3,3
78916,132,121,11,11
78917,100,104,-4,4
78918,138,126,12,12
78919,122,115,7,7
78920,105,105,0,0
78921,85,87,-2,2
78922,96,86,10,10
78923,60,61,-1,1
78924,106,103,3,3
78925,47,66,-19,19
78926,97,94,3,3
78927,36,42,-6,6
78928,111,102,9,9
78929,121,131,-10,10
78930,85,82,3,3
78931,95,86,9,9
78932,78,82,-4,4
78933,113,122,-9,9
78934,72,70,2,2
78935,110,117,-7,7
78936,38,50,-12,12
78937,133,126,7,7
78938,52,78,-26,26
78939,49,55,-6,6
78940,57,60,-3,3
78941,209,168,41,41
78942,93,100,-7,7
78943,62,67,-5,5
78944,51,60,-9,9
78945,82,104,-22,22
78946,77,75,2,2
78947,165,147,18,18
78948,58,62,-4,4
78949,108,104,4,4
78950,43,55,-12,12
78951,83,89,-6,6
78952,92,96,-4,4
78953,127,119,8,8
78954,47,53,-6,6
78955,78,76,2,2
78956,62,61,1,1
78957,136,123,13,13
78958,121,122,-1,1
78959,79,85,-6,6
78960,83,93,-10,10
78961,100,104,-4,4
78962,86,101,-15,15
78963,89,93,-4,4
78964,74,68,6,6
78965,133,130,3,3
78966,107,104,3,3
78967,89,85,4,4
78968,72,74,-2,2
78969,78,86,-8,8
78970,52,57,-5,5
78971,94,96,-2,2
78972,107,107,0,0
78973,61,62,-1,1
78974,224,194,30,30
78975,75,70,5,5
78976,53,63,-10,10
78977,95,100,-5,5
78978,63,65,-2,2
78979,133,132,1,1
78980,45,48,-3,3
78981,65,66,-1,1
78982,93,93,0,0
78983,68,78,-10,10
78984,86,92,-6,6
78985,116,108,8,8
78986,112,115,-3,3
78987,79,74,5,5
78988,83,81,2,2
78989,136,147,-11,11
78990,58,65,-7,7
78991,98,96,2,2
78992,216,216,0,0
78993,135,127,8,8
78994,87,86,1,1
78995,99,98,1,1
78996,85,84,1,1
78997,57,60,-3,3
78998,69,68,1,1
78999,72,75,-3,3
79000,42,51,-9,9
79001,50,54,-4,4
79002,120,114,6,6
79003,43,47,-4,4
79004,58,61,-3,3
79005,64,73,-9,9
79006,47,53,-6,6
79007,118,109,9,9
79008,91,113,-22,22
79009,115,116,-1,1
79010,132,133,-1,1
79011,124,117,7,7
79012,127,139,-12,12
79013,90,90,0,0
79014,142,140,2,2
79015,72,75,-3,3
79016,91,101,-10,10
79017,93,98,-5,5
79018,159,156,3,3
79019,76,84,-8,8
79020,89,99,-10,10
79021,127,108,19,19
79022,76,77,-1,1
79023,101,98,3,3
79024,95,97,-2,2
79025,82,84,-2,2
79026,109,109,0,0
79027,108,103,5,5
79028,84,90,-6,6
79029,184,172,12,12
79030,77,75,2,2
79031,92,83,9,9
79032,57,66,-9,9
79033,104,101,3,3
79034,118,120,-2,2
79035,111,103,8,8
79036,78,69,9,9
79037,122,108,14,14
79038,72,73,-1,1
79039,106,94,12,12
79040,61,62,-1,1
79041,106,108,-2,2
79042,122,122,0,0
79043,119,117,2,2
79044,141,120,21,21
79045,114,113,1,1
79046,124,113,11,11
79047,86,82,4,4
79048,43,61,-18,18
79049,177,172,5,5
79050,169,187,-18,18
79051,100,105,-5,5
79052,70,75,-5,5
79053,80,84,-4,4
79054,82,85,-3,3
79055,97,93,4,4
79056,112,105,7,7
79057,122,112,10,10
79058,62,66,-4,4
79059,146,125,21,21
79060,77,91,-14,14
79061,95,102,-7,7
79062,167,144,23,23
79063,62,92,-30,30
79064,112,133,-21,21
79065,56,62,-6,6
79066,126,105,21,21
79067,127,115,12,12
79068,221,201,20,20
79069,180,169,11,11
79070,73,68,5,5
79071,53,60,-7,7
79072,82,94,-12,12
79073,58,62,-4,4
79074,78,77,1,1
79075,130,122,8,8
79076,39,41,-2,2
79077,93,109,-16,16
79078,87,83,4,4
79079,82,76,6,6
79080,130,128,2,2
79081,74,76,-2,2
79082,93,94,-1,1
79083,69,81,-12,12
79084,57,63,-6,6
79085,79,78,1,1
79086,120,112,8,8
79087,91,82,9,9
79088,99,106,-7,7
79089,100,97,3,3
79090,93,94,-1,1
79091,78,85,-7,7
79092,82,91,-9,9
79093,242,223,19,19
79094,154,145,9,9
79095,63,67,-4,4
79096,52,59,-7,7
79097,106,103,3,3
79098,87,108,-21,21
79099,106,107,-1,1
79100,36,39,-3,3
79101,108,127,-19,19
79102,153,184,-31,31
79103,44,64,-20,20
79104,119,115,4,4
79105,51,56,-5,5
79106,156,137,19,19
79107,114,128,-14,14
79108,123,119,4,4
79109,149,137,12,12
79110,90,84,6,6
79111,67,71,-4,4
79112,179,172,7,7
79113,123,124,-1,1
79114,88,92,-4,4
79115,211,201,10,10
79116,149,140,9,9
79117,58,60,-2,2
79118,85,85,0,0
79119,94,95,-1,1
79120,125,129,-4,4
79121,50,58,-8,8
79122,78,75,3,3
79123,91,86,5,5
79124,166,158,8,8
79125,89,84,5,5
79126,55,69,-14,14
79127,140,133,7,7
79128,122,125,-3,3
79129,92,79,13,13
79130,59,66,-7,7
79131,112,118,-6,6
79132,97,102,-5,5
79133,109,114,-5,5
79134,121,142,-21,21
79135,75,80,-5,5
79136,80,76,4,4
79137,104,105,-1,1
79138,130,128,2,2
79139,148,148,0,0
79140,54,54,0,0
79141,121,110,11,11
79142,65,83,-18,18
79143,51,63,-12,12
79144,142,122,20,20
79145,40,43,-3,3
79146,58,67,-9,9
79147,92,93,-1,1
79148,71,75,-4,4
79149,96,94,2,2
79150,118,109,9,9
79151,54,65,-11,11
79152,91,98,-7,7
79153,70,72,-2,2
79154,85,85,0,0
79155,47,55,-8,8
79156,137,134,3,3
79157,88,99,-11,11
79158,73,74,-1,1
79159,99,96,3,3
79160,68,75,-7,7
79161,174,172,2,2
79162,119,125,-6,6
79163,84,86,-2,2
79164,103,122,-19,19
79165,174,166,8,8
79166,98,98,0,0
79167,86,74,12,12
79168,101,103,-2,2
79169,88,80,8,8
79170,78,71,7,7
79171,94,94,0,0
79172,131,125,6,6
79173,104,101,3,3
79174,89,98,-9,9
79175,104,122,-18,18
79176,43,56,-13,13
79177,85,90,-5,5
79178,66,70,-4,4
79179,108,117,-9,9
79180,89,103,-14,14
79181,54,64,-10,10
79182,75,78,-3,3
79183,85,96,-11,11
79184,94,95,-1,1
79185,58,67,-9,9
79186,191,183,8,8
79187,63,67,-4,4
79188,73,72,1,1
79189,92,97,-5,5
79190,125,113,12,12
79191,90,91,-1,1
79192,128,130,-2,2
79193,38,50,-12,12
79194,84,76,8,8
79195,85,84,1,1
79196,147,136,11,11
79197,54,57,-3,3
79198,78,82,-4,4
79199,117,107,10,10
79200,78,90,-12,12
79201,83,77,6,6
79202,125,147,-22,22
79203,108,105,3,3
79204,94,98,-4,4
79205,45,51,-6,6
79206,120,118,2,2
79207,86,86,0,0
79208,85,90,-5,5
79209,50,53,-3,3
79210,89,90,-1,1
79211,90,86,4,4
79212,75,74,1,1
79213,110,112,-2,2
79214,82,80,2,2
79215,140,137,3,3
79216,102,104,-2,2
79217,78,83,-5,5
79218,90,94,-4,4
79219,49,55,-6,6
79220,60,65,-5,5
79221,128,143,-15,15
79222,91,97,-6,6
79223,94,93,1,1
79224,101,98,3,3
79225,90,91,-1,1
79226,115,111,4,4
79227,111,99,12,12
79228,110,119,-9,9
79229,64,72,-8,8
79230,112,98,14,14
79231,88,97,-9,9
79232,108,101,7,7
79233,100,104,-4,4
79234,66,68,-2,2
79235,142,125,17,17
79236,64,70,-6,6
79237,140,134,6,6
79238,124,117,7,7
79239,66,68,-2,2
79240,99,94,5,5
79241,78,73,5,5
79242,103,108,-5,5
79243,121,119,2,2
79244,96,93,3,3
79245,30,41,-11,11
79246,69,67,2,2
79247,97,93,4,4
79248,81,77,4,4
79249,72,74,-2,2
79250,93,90,3,3
79251,84,95,-11,11
79252,84,94,-10,10
79253,98,103,-5,5
79254,57,72,-15,15
79255,81,85,-4,4
79256,88,96,-8,8
79257,98,96,2,2
79258,171,155,16,16
79259,76,78,-2,2
79260,126,130,-4,4
79261,90,94,-4,4
79262,91,83,8,8
79263,94,86,8,8
79264,91,85,6,6
79265,122,120,2,2
79266,81,92,-11,11
79267,86,104,-18,18
79268,79,82,-3,3
79269,76,82,-6,6
79270,97,105,-8,8
79271,125,146,-21,21
79272,125,127,-2,2
79273,62,64,-2,2
79274,63,72,-9,9
79275,81,90,-9,9
79276,115,99,16,16
79277,162,161,1,1
79278,103,98,5,5
79279,64,69,-5,5
79280,153,138,15,15
79281,69,82,-13,13
79282,132,120,12,12
79283,76,71,5,5
79284,63,81,-18,18
79285,65,69,-4,4
79286,89,87,2,2
79287,165,140,25,25
79288,84,82,2,2
79289,89,83,6,6
79290,130,125,5,5
79291,73,69,4,4
79292,110,118,-8,8
79293,157,139,18,18
79294,82,92,-10,10
79295,100,102,-2,2
79296,128,122,6,6
79297,122,117,5,5
79298,102,103,-1,1
79299,102,95,7,7
79300,86,78,8,8
79301,124,126,-2,2
79302,157,146,11,11
79303,104,102,2,2
79304,94,101,-7,7
79305,59,61,-2,2
79306,103,101,2,2
79307,78,75,3,3
79308,73,76,-3,3
79309,76,78,-2,2
79310,112,126,-14,14
79311,103,113,-10,10
79312,159,132,27,27
79313,42,52,-10,10
79314,83,79,4,4
79315,108,108,0,0
79316,129,117,12,12
79317,129,129,0,0
79318,145,135,10,10
79319,70,74,-4,4
79320,71,72,-1,1
79321,60,65,-5,5
79322,100,97,3,3
79323,173,165,8,8
79324,156,143,13,13
79325,101,100,1,1
79326,99,103,-4,4
79327,130,125,5,5
79328,68,123,-55,55
79329,138,126,12,12
79330,138,139,-1,1
79331,126,125,1,1
79332,74,73,1,1
79333,75,74,1,1
79334,79,77,2,2
79335,67,72,-5,5
79336,80,118,-38,38
79337,86,76,10,10
79338,57,61,-4,4
79339,111,118,-7,7
79340,95,98,-3,3
79341,85,85,0,0
79342,88,89,-1,1
79343,72,70,2,2
79344,22,42,-20,20
79345,97,85,12,12
79346,130,117,13,13
79347,55,59,-4,4
79348,95,93,2,2
79349,86,86,0,0
79350,53,62,-9,9
79351,66,69,-3,3
79352,122,132,-10,10
79353,130,130,0,0
79354,135,125,10,10
79355,47,54,-7,7
79356,65,102,-37,37
79357,46,45,1,1
79358,155,135,20,20
79359,60,68,-8,8
79360,75,81,-6,6
79361,97,93,4,4
79362,142,118,24,24
79363,57,68,-11,11
79364,80,77,3,3
79365,44,46,-2,2
79366,107,108,-1,1
79367,39,59,-20,20
79368,163,159,4,4
79369,152,164,-12,12
79370,119,115,4,4
79371,98,88,10,10
79372,67,84,-17,17
79373,61,61,0,0
79374,99,101,-2,2
79375,62,68,-6,6
79376,68,71,-3,3
79377,72,79,-7,7
79378,83,91,-8,8
79379,103,97,6,6
79380,116,129,-13,13
79381,122,122,0,0
79382,88,99,-11,11
79383,129,122,7,7
79384,86,83,3,3
79385,82,86,-4,4
79386,83,90,-7,7
79387,71,83,-12,12
79388,77,79,-2,2
79389,100,107,-7,7
79390,206,192,14,14
79391,152,169,-17,17
79392,58,62,-4,4
79393,141,135,6,6
79394,96,91,5,5
79395,149,130,19,19
79396,80,76,4,4
79397,48,50,-2,2
79398,75,79,-4,4
79399,95,93,2,2
79400,126,131,-5,5
79401,74,78,-4,4
79402,95,96,-1,1
79403,59,71,-12,12
79404,164,161,3,3
79405,95,97,-2,2
79406,46,56,-10,10
79407,88,85,3,3
79408,135,141,-6,6
79409,140,127,13,13
79410,103,103,0,0
79411,69,70,-1,1
79412,144,128,16,16
79413,147,134,13,13
79414,105,112,-7,7
79415,154,124,30,30
79416,77,76,1,1
79417,74,78,-4,4
79418,132,125,7,7
79419,56,63,-7,7
79420,48,54,-6,6
79421,77,77,0,0
79422,20,33,-13,13
79423,94,102,-8,8
79424,66,73,-7,7
79425,72,73,-1,1
79426,130,121,9,9
79427,282,253,29,29
79428,139,113,26,26
79429,99,110,-11,11
79430,67,71,-4,4
79431,72,77,-5,5
79432,96,106,-10,10
79433,76,83,-7,7
79434,119,108,11,11
79435,93,88,5,5
79436,61,68,-7,7
79437,79,74,5,5
79438,107,100,7,7
79439,152,157,-5,5
79440,85,79,6,6
79441,62,33,29,29
79442,103,93,10,10
79443,59,63,-4,4
79444,109,115,-6,6
79445,84,95,-11,11
79446,85,83,2,2
79447,77,94,-17,17
79448,182,171,11,11
79449,105,104,1,1
79450,165,159,6,6
79451,101,103,-2,2
79452,91,91,0,0
79453,93,93,0,0
79454,105,109,-4,4
79455,98,105,-7,7
79456,140,140,0,0
79457,150,137,13,13
79458,168,152,16,16
79459,155,142,13,13
79460,75,71,4,4
79461,56,60,-4,4
79462,41,59,-18,18
79463,84,82,2,2
79464,46,55,-9,9
79465,168,160,8,8
79466,148,138,10,10
79467,92,95,-3,3
79468,93,93,0,0
79469,108,100,8,8
79470,52,60,-8,8
79471,100,97,3,3
79472,77,85,-8,8
79473,95,92,3,3
79474,67,72,-5,5
79475,84,75,9,9
79476,107,105,2,2
79477,80,82,-2,2
79478,104,105,-1,1
79479,86,90,-4,4
79480,90,83,7,7
79481,70,82,-12,12
79482,125,132,-7,7
79483,68,71,-3,3
79484,125,123,2,2
79485,133,130,3,3
79486,77,74,3,3
79487,70,75,-5,5
79488,182,168,14,14
79489,114,101,13,13
79490,114,112,2,2
79491,183,174,9,9
79492,57,69,-12,12
79493,111,112,-1,1
79494,49,58,-9,9
79495,58,64,-6,6
79496,97,106,-9,9
79497,141,144,-3,3
79498,133,132,1,1
79499,115,104,11,11
79500,142,131,11,11
79501,53,57,-4,4
79502,69,69,0,0
79503,152,131,21,21
79504,52,55,-3,3
79505,145,136,9,9
79506,90,93,-3,3
79507,125,113,12,12
79508,73,65,8,8
79509,72,73,-1,1
79510,69,81,-12,12
79511,146,130,16,16
79512,149,149,0,0
79513,79,81,-2,2
79514,105,114,-9,9
79515,65,67,-2,2
79516,139,125,14,14
79517,123,116,7,7
79518,105,90,15,15
79519,40,49,-9,9
79520,65,70,-5,5
79521,134,129,5,5
79522,123,117,6,6
79523,127,116,11,11
79524,39,70,-31,31
79525,104,112,-8,8
79526,48,55,-7,7
79527,78,86,-8,8
79528,102,104,-2,2
79529,72,65,7,7
79530,130,132,-2,2
79531,107,105,2,2
79532,90,90,0,0
79533,85,84,1,1
79534,103,105,-2,2
79535,118,111,7,7
79536,67,80,-13,13
79537,101,89,12,12
79538,108,104,4,4
79539,134,146,-12,12
79540,83,79,4,4
79541,103,106,-3,3
79542,43,62,-19,19
79543,154,137,17,17
79544,137,134,3,3
79545,133,125,8,8
79546,165,138,27,27
79547,68,74,-6,6
79548,144,138,6,6
79549,112,115,-3,3
79550,96,100,-4,4
79551,84,78,6,6
79552,131,113,18,18
79553,95,94,1,1
79554,166,147,19,19
79555,56,66,-10,10
79556,112,109,3,3
79557,55,58,-3,3
79558,88,91,-3,3
79559,81,77,4,4
79560,79,76,3,3
79561,105,106,-1,1
79562,52,57,-5,5
79563,131,127,4,4
79564,101,103,-2,2
79565,98,59,39,39
79566,60,61,-1,1
79567,66,72,-6,6
79568,85,77,8,8
79569,81,80,1,1
79570,117,118,-1,1
79571,61,64,-3,3
79572,74,77,-3,3
79573,64,72,-8,8
79574,61,64,-3,3
79575,106,104,2,2
79576,82,81,1,1
79577,68,91,-23,23
79578,100,103,-3,3
79579,111,93,18,18
79580,73,81,-8,8
79581,110,109,1,1
79582,110,112,-2,2
79583,150,140,10,10
79584,119,122,-3,3
79585,140,136,4,4
79586,107,99,8,8
79587,31,41,-10,10
79588,111,106,5,5
79589,93,96,-3,3
79590,73,77,-4,4
79591,75,84,-9,9
79592,106,119,-13,13
79593,46,55,-9,9
79594,169,158,11,11
79595,128,120,8,8
79596,189,186,3,3
79597,119,116,3,3
79598,61,57,4,4
79599,109,107,2,2
79600,129,119,10,10
79601,118,119,-1,1
79602,91,96,-5,5
79603,95,99,-4,4
79604,106,95,11,11
79605,188,174,14,14
79606,78,82,-4,4
79607,59,72,-13,13
79608,66,63,3,3
79609,62,70,-8,8
79610,137,131,6,6
79611,82,85,-3,3
79612,115,118,-3,3
79613,102,122,-20,20
79614,50,75,-25,25
79615,119,115,4,4
79616,159,157,2,2
79617,146,146,0,0
79618,62,62,0,0
79619,72,70,2,2
79620,82,84,-2,2
79621,64,67,-3,3
79622,74,80,-6,6
79623,104,98,6,6
79624,169,126,43,43
79625,86,93,-7,7
79626,178,181,-3,3
79627,83,82,1,1
79628,115,117,-2,2
79629,124,124,0,0
79630,123,147,-24,24
79631,90,96,-6,6
79632,51,56,-5,5
79633,99,95,4,4
79634,99,123,-24,24
79635,108,97,11,11
79636,124,110,14,14
79637,144,143,1,1
79638,128,133,-5,5
79639,70,74,-4,4
79640,74,85,-11,11
79641,134,137,-3,3
79642,119,126,-7,7
79643,41,50,-9,9
79644,101,109,-8,8
79645,149,138,11,11
79646,121,111,10,10
79647,56,59,-3,3
79648,108,106,2,2
79649,72,77,-5,5
79650,98,91,7,7
79651,67,70,-3,3
79652,69,73,-4,4
79653,89,91,-2,2
79654,122,129,-7,7
79655,75,80,-5,5
79656,80,84,-4,4
79657,184,179,5,5
79658,80,81,-1,1
79659,136,132,4,4
79660,85,90,-5,5
79661,86,86,0,0
79662,99,105,-6,6
79663,161,158,3,3
79664,106,115,-9,9
79665,86,87,-1,1
79666,160,149,11,11
79667,140,142,-2,2
79668,157,153,4,4
79669,121,120,1,1
79670,61,69,-8,8
79671,108,107,1,1
79672,110,106,4,4
79673,101,95,6,6
79674,85,86,-1,1
79675,125,119,6,6
79676,67,71,-4,4
79677,64,70,-6,6
79678,47,64,-17,17
79679,111,119,-8,8
79680,45,54,-9,9
79681,79,71,8,8
79682,102,99,3,3
79683,99,85,14,14
79684,121,117,4,4
79685,75,84,-9,9
79686,172,163,9,9
79687,67,74,-7,7
79688,111,102,9,9
79689,119,127,-8,8
79690,134,122,12,12
79691,139,133,6,6
79692,67,74,-7,7
79693,100,115,-15,15
79694,64,71,-7,7
79695,105,105,0,0
79696,106,109,-3,3
79697,41,47,-6,6
79698,122,114,8,8
79699,96,103,-7,7
79700,74,76,-2,2
79701,97,95,2,2
79702,106,103,3,3
79703,58,58,0,0
79704,61,66,-5,5
79705,72,70,2,2
79706,97,101,-4,4
79707,104,107,-3,3
79708,90,93,-3,3
79709,190,173,17,17
79710,113,122,-9,9
79711,72,97,-25,25
79712,102,100,2,2
79713,143,115,28,28
79714,71,73,-2,2
79715,80,92,-12,12
79716,45,49,-4,4
79717,57,63,-6,6
79718,109,106,3,3
79719,80,83,-3,3
79720,54,63,-9,9
79721,75,80,-5,5
79722,80,87,-7,7
79723,73,77,-4,4
79724,216,195,21,21
79725,73,82,-9,9
79726,124,120,4,4
79727,160,127,33,33
79728,140,130,10,10
79729,136,127,9,9
79730,68,67,1,1
79731,91,92,-1,1
79732,69,64,5,5
79733,93,102,-9,9
79734,103,101,2,2
79735,93,96,-3,3
79736,53,63,-10,10
79737,116,113,3,3
79738,57,70,-13,13
79739,89,90,-1,1
79740,58,60,-2,2
79741,136,135,1,1
79742,95,98,-3,3
79743,59,71,-12,12
79744,169,154,15,15
79745,105,106,-1,1
79746,119,103,16,16
79747,89,91,-2,2
79748,132,121,11,11
79749,81,76,5,5
79750,52,49,3,3
79751,139,119,20,20
79752,60,62,-2,2
79753,128,119,9,9
79754,54,57,-3,3
79755,123,118,5,5
79756,99,97,2,2
79757,36,48,-12,12
79758,40,47,-7,7
79759,114,112,2,2
79760,89,83,6,6
79761,68,74,-6,6
79762,96,86,10,10
79763,120,112,8,8
79764,85,87,-2,2
79765,67,68,-1,1
79766,90,93,-3,3
79767,59,63,-4,4
79768,86,82,4,4
79769,187,177,10,10
79770,117,111,6,6
79771,50,62,-12,12
79772,90,90,0,0
79773,92,87,5,5
79774,57,64,-7,7
79775,55,62,-7,7
79776,51,61,-10,10
79777,84,91,-7,7
79778,110,114,-4,4
79779,52,71,-19,19
79780,56,71,-15,15
79781,82,85,-3,3
79782,141,140,1,1
79783,104,97,7,7
79784,113,118,-5,5
79785,119,116,3,3
79786,124,120,4,4
79787,79,78,1,1
79788,99,98,1,1
79789,133,119,14,14
79790,53,60,-7,7
79791,88,91,-3,3
79792,58,61,-3,3
79793,90,93,-3,3
79794,89,97,-8,8
79795,91,102,-11,11
79796,110,107,3,3
79797,77,80,-3,3
79798,71,74,-3,3
79799,77,83,-6,6
79800,115,117,-2,2
79801,62,74,-12,12
79802,167,163,4,4
79803,105,108,-3,3
79804,100,97,3,3
79805,100,109,-9,9
79806,111,116,-5,5
79807,92,92,0,0
79808,162,154,8,8
79809,109,111,-2,2
79810,164,155,9,9
79811,63,62,1,1
79812,67,73,-6,6
79813,158,162,-4,4
79814,82,84,-2,2
79815,65,64,1,1
79816,118,106,12,12
79817,87,98,-11,11
79818,159,157,2,2
79819,122,110,12,12
79820,102,103,-1,1
79821,63,68,-5,5
79822,94,95,-1,1
79823,100,103,-3,3
79824,87,73,14,14
79825,98,89,9,9
79826,79,75,4,4
79827,104,98,6,6
79828,115,106,9,9
79829,118,134,-16,16
79830,82,80,2,2
79831,130,117,13,13
79832,98,104,-6,6
79833,141,142,-1,1
79834,197,178,19,19
79835,141,141,0,0
79836,91,97,-6,6
79837,80,76,4,4
79838,104,95,9,9
79839,171,158,13,13
79840,292,250,42,42
79841,113,117,-4,4
79842,111,105,6,6
79843,116,115,1,1
79844,66,67,-1,1
79845,146,139,7,7
79846,62,65,-3,3
79847,105,102,3,3
79848,66,70,-4,4
79849,59,62,-3,3
79850,74,82,-8,8
79851,91,85,6,6
79852,117,115,2,2
79853,101,105,-4,4
79854,167,168,-1,1
79855,69,71,-2,2
79856,120,119,1,1
79857,119,111,8,8
79858,130,115,15,15
79859,69,69,0,0
79860,97,102,-5,5
79861,76,80,-4,4
79862,183,172,11,11
79863,65,74,-9,9
79864,155,140,15,15
79865,80,76,4,4
79866,107,108,-1,1
79867,46,67,-21,21
79868,95,91,4,4
79869,72,73,-1,1
79870,74,83,-9,9
79871,73,75,-2,2
79872,66,66,0,0
79873,76,79,-3,3
79874,75,81,-6,6
79875,36,63,-27,27
79876,82,85,-3,3
79877,150,136,14,14
79878,88,94,-6,6
79879,40,48,-8,8
79880,82,89,-7,7
79881,166,153,13,13
79882,113,111,2,2
79883,120,126,-6,6
79884,136,128,8,8
79885,53,64,-11,11
79886,233,194,39,39
79887,78,77,1,1
79888,112,106,6,6
79889,103,113,-10,10
79890,100,95,5,5
79891,86,94,-8,8
79892,69,75,-6,6
79893,109,107,2,2
79894,105,103,2,2
79895,51,90,-39,39
79896,99,109,-10,10
79897,138,139,-1,1
79898,42,92,-50,50
79899,87,86,1,1
79900,141,134,7,7
79901,75,91,-16,16
79902,96,93,3,3
79903,56,63,-7,7
79904,122,115,7,7
79905,65,70,-5,5
79906,113,102,11,11
79907,67,67,0,0
79908,83,82,1,1
79909,91,79,12,12
79910,136,135,1,1
79911,85,82,3,3
79912,66,73,-7,7
79913,79,67,12,12
79914,73,72,1,1
79915,106,105,1,1
79916,76,76,0,0
79917,149,137,12,12
79918,38,52,-14,14
79919,108,103,5,5
79920,91,100,-9,9
79921,105,104,1,1
79922,85,92,-7,7
79923,62,73,-11,11
79924,117,132,-15,15
79925,62,72,-10,10
79926,115,105,10,10
79927,85,75,10,10
79928,150,148,2,2
79929,132,137,-5,5
79930,74,82,-8,8
79931,44,69,-25,25
79932,152,152,0,0
79933,142,141,1,1
79934,106,110,-4,4
79935,97,102,-5,5
79936,97,92,5,5
79937,53,63,-10,10
79938,116,116,0,0
79939,141,138,3,3
79940,109,109,0,0
79941,90,86,4,4
79942,111,113,-2,2
79943,186,182,4,4
79944,133,127,6,6
79945,83,79,4,4
79946,69,82,-13,13
79947,73,76,-3,3
79948,154,136,18,18
79949,93,105,-12,12
79950,87,90,-3,3
79951,126,126,0,0
79952,91,95,-4,4
79953,79,81,-2,2
79954,82,90,-8,8
79955,112,95,17,17
79956,72,69,3,3
79957,179,173,6,6
79958,67,74,-7,7
79959,61,81,-20,20
79960,134,125,9,9
79961,129,114,15,15
79962,79,78,1,1
79963,95,103,-8,8
79964,147,139,8,8
79965,86,91,-5,5
79966,64,69,-5,5
79967,73,82,-9,9
79968,60,65,-5,5
79969,122,128,-6,6
79970,91,98,-7,7
79971,78,90,-12,12
79972,69,79,-10,10
79973,64,90,-26,26
79974,120,112,8,8
79975,101,102,-1,1
79976,51,54,-3,3
79977,80,89,-9,9
79978,100,126,-26,26
79979,104,106,-2,2
79980,69,81,-12,12
79981,94,96,-2,2
79982,110,120,-10,10
79983,157,152,5,5
79984,56,65,-9,9
79985,118,116,2,2
79986,29,23,6,6
79987,110,131,-21,21
79988,102,97,5,5
79989,78,79,-1,1
79990,116,127,-11,11
79991,129,127,2,2
79992,124,133,-9,9
79993,69,91,-22,22
79994,94,101,-7,7
79995,105,102,3,3
79996,127,139,-12,12
79997,99,98,1,1
79998,106,82,24,24
79999,45,47,-2,2
80000,73,74,-1,1
80001,57,57,0,0
80002,71,71,0,0
80003,84,90,-6,6
80004,91,94,-3,3
80005,93,91,2,2
80006,75,82,-7,7
80007,98,96,2,2
80008,76,76,0,0
80009,87,90,-3,3
80010,100,105,-5,5
80011,101,96,5,5
80012,63,74,-11,11
80013,94,92,2,2
80014,58,64,-6,6
80015,77,71,6,6
80016,136,121,15,15
80017,86,91,-5,5
80018,109,104,5,5
80019,77,76,1,1
80020,146,137,9,9
80021,128,126,2,2
80022,164,153,11,11
80023,71,74,-3,3
80024,147,146,1,1
80025,96,93,3,3
80026,65,65,0,0
80027,95,97,-2,2
80028,84,86,-2,2
80029,104,103,1,1
80030,75,80,-5,5
80031,168,159,9,9
80032,200,176,24,24
80033,153,155,-2,2
80034,171,170,1,1
80035,111,116,-5,5
80036,65,75,-10,10
80037,85,102,-17,17
80038,98,86,12,12
80039,111,112,-1,1
80040,112,112,0,0
80041,113,106,7,7
80042,148,133,15,15
80043,115,114,1,1
80044,63,73,-10,10
80045,95,92,3,3
80046,98,104,-6,6
80047,117,116,1,1
80048,144,133,11,11
80049,115,120,-5,5
80050,124,117,7,7
80051,115,115,0,0
80052,93,102,-9,9
80053,83,91,-8,8
80054,83,83,0,0
80055,106,106,0,0
80056,104,103,1,1
80057,149,161,-12,12
80058,94,102,-8,8
80059,61,66,-5,5
80060,63,77,-14,14
80061,98,103,-5,5
80062,70,76,-6,6
80063,96,104,-8,8
80064,89,92,-3,3
80065,120,136,-16,16
80066,85,81,4,4
80067,159,131,28,28
80068,144,144,0,0
80069,63,71,-8,8
80070,102,103,-1,1
80071,119,107,12,12
80072,106,109,-3,3
80073,88,77,11,11
80074,54,61,-7,7
80075,58,63,-5,5
80076,130,117,13,13
80077,168,152,16,16
80078,73,74,-1,1
80079,133,134,-1,1
80080,98,104,-6,6
80081,86,80,6,6
80082,81,84,-3,3
80083,83,85,-2,2
80084,59,68,-9,9
80085,43,52,-9,9
80086,80,83,-3,3
80087,73,79,-6,6
80088,86,87,-1,1
80089,89,110,-21,21
80090,77,79,-2,2
80091,59,56,3,3
80092,64,99,-35,35
80093,82,78,4,4
80094,47,53,-6,6
80095,99,85,14,14
80096,104,105,-1,1
80097,62,70,-8,8
80098,70,76,-6,6
80099,65,71,-6,6
80100,79,78,1,1
80101,86,91,-5,5
80102,105,103,2,2
80103,91,100,-9,9
80104,117,105,12,12
80105,43,51,-8,8
80106,171,158,13,13
80107,115,111,4,4
80108,111,113,-2,2
80109,73,76,-3,3
80110,118,112,6,6
80111,84,81,3,3
80112,96,101,-5,5
80113,115,115,0,0
80114,172,159,13,13
80115,138,130,8,8
80116,130,119,11,11
80117,142,135,7,7
80118,92,93,-1,1
80119,71,72,-1,1
80120,42,48,-6,6
80121,93,92,1,1
80122,116,106,10,10
80123,90,82,8,8
80124,74,80,-6,6
80125,56,66,-10,10
80126,139,121,18,18
80127,76,91,-15,15
80128,97,103,-6,6
80129,88,94,-6,6
80130,70,71,-1,1
80131,148,138,10,10
80132,70,70,0,0
80133,112,107,5,5
80134,81,72,9,9
80135,52,59,-7,7
80136,95,100,-5,5
80137,80,83,-3,3
80138,46,54,-8,8
80139,50,57,-7,7
80140,129,124,5,5
80141,90,92,-2,2
80142,132,110,22,22
80143,143,134,9,9
80144,130,147,-17,17
80145,147,136,11,11
80146,103,97,6,6
80147,61,59,2,2
80148,88,96,-8,8
80149,158,149,9,9
80150,50,57,-7,7
80151,115,117,-2,2
80152,86,92,-6,6
80153,95,93,2,2
80154,135,144,-9,9
80155,84,91,-7,7
80156,116,132,-16,16
80157,31,42,-11,11
80158,86,92,-6,6
80159,87,82,5,5
80160,99,93,6,6
80161,61,69,-8,8
80162,66,68,-2,2
80163,99,99,0,0
80164,83,70,13,13
80165,63,68,-5,5
80166,85,76,9,9
80167,90,95,-5,5
80168,114,110,4,4
80169,77,78,-1,1
80170,74,81,-7,7
80171,85,91,-6,6
80172,49,91,-42,42
80173,29,42,-13,13
80174,77,72,5,5
80175,70,67,3,3
80176,72,80,-8,8
80177,67,88,-21,21
80178,73,74,-1,1
80179,112,102,10,10
80180,153,154,-1,1
80181,120,118,2,2
80182,96,100,-4,4
80183,104,104,0,0
80184,74,79,-5,5
80185,50,49,1,1
80186,74,74,0,0
80187,91,90,1,1
80188,100,104,-4,4
80189,45,58,-13,13
80190,96,102,-6,6
80191,57,63,-6,6
80192,117,106,11,11
80193,116,110,6,6
80194,117,116,1,1
80195,85,96,-11,11
80196,90,96,-6,6
80197,120,104,16,16
80198,63,73,-10,10
80199,131,145,-14,14
80200,55,61,-6,6
80201,159,162,-3,3
80202,95,91,4,4
80203,91,94,-3,3
80204,52,58,-6,6
80205,73,70,3,3
80206,107,104,3,3
80207,73,83,-10,10
80208,144,132,12,12
80209,101,110,-9,9
80210,84,81,3,3
80211,72,81,-9,9
80212,100,115,-15,15
80213,57,62,-5,5
80214,89,85,4,4
80215,85,84,1,1
80216,136,131,5,5
80217,104,105,-1,1
80218,180,160,20,20
80219,88,87,1,1
80220,81,93,-12,12
80221,98,100,-2,2
80222,63,62,1,1
80223,81,94,-13,13
80224,132,138,-6,6
80225,139,136,3,3
80226,156,141,15,15
80227,94,97,-3,3
80228,113,115,-2,2
80229,155,169,-14,14
80230,106,100,6,6
80231,71,73,-2,2
80232,98,105,-7,7
80233,48,126,-78,78
80234,54,58,-4,4
80235,86,82,4,4
80236,103,104,-1,1
80237,148,134,14,14
80238,73,69,4,4
80239,135,136,-1,1
80240,93,95,-2,2
80241,137,136,1,1
80242,82,82,0,0
80243,78,76,2,2
80244,95,99,-4,4
80245,74,73,1,1
80246,95,97,-2,2
80247,64,69,-5,5
80248,100,106,-6,6
80249,95,103,-8,8
80250,28,45,-17,17
80251,38,46,-8,8
80252,92,93,-1,1
80253,134,135,-1,1
80254,68,73,-5,5
80255,117,113,4,4
80256,118,108,10,10
80257,79,75,4,4
80258,61,67,-6,6
80259,132,117,15,15
80260,98,106,-8,8
80261,70,77,-7,7
80262,117,112,5,5
80263,61,63,-2,2
80264,69,72,-3,3
80265,76,71,5,5
80266,56,64,-8,8
80267,108,105,3,3
80268,70,68,2,2
80269,53,58,-5,5
80270,94,97,-3,3
80271,158,151,7,7
80272,146,136,10,10
80273,94,98,-4,4
80274,48,55,-7,7
80275,85,92,-7,7
80276,117,106,11,11
80277,119,108,11,11
80278,72,82,-10,10
80279,103,105,-2,2
80280,85,82,3,3
80281,121,109,12,12
80282,66,78,-12,12
80283,177,185,-8,8
80284,85,87,-2,2
80285,151,150,1,1
80286,57,61,-4,4
80287,83,70,13,13
80288,68,68,0,0
80289,118,117,1,1
80290,70,71,-1,1
80291,30,52,-22,22
80292,94,105,-11,11
80293,68,74,-6,6
80294,153,153,0,0
80295,81,76,5,5
80296,106,105,1,1
80297,93,91,2,2
80298,152,149,3,3
80299,117,116,1,1
80300,121,112,9,9
80301,104,109,-5,5
80302,130,119,11,11
80303,113,107,6,6
80304,108,102,6,6
80305,110,103,7,7
80306,76,92,-16,16
80307,119,116,3,3
80308,79,73,6,6
80309,96,98,-2,2
80310,74,93,-19,19
80311,71,71,0,0
80312,79,74,5,5
80313,62,70,-8,8
80314,67,70,-3,3
80315,149,128,21,21
80316,70,75,-5,5
80317,87,91,-4,4
80318,302,238,64,64
80319,51,60,-9,9
80320,73,73,0,0
80321,47,54,-7,7
80322,138,127,11,11
80323,155,145,10,10
80324,67,77,-10,10
80325,118,121,-3,3
80326,73,75,-2,2
80327,67,73,-6,6
80328,43,60,-17,17
80329,101,107,-6,6
80330,89,83,6,6
80331,67,71,-4,4
80332,148,142,6,6
80333,131,127,4,4
80334,73,69,4,4
80335,135,141,-6,6
80336,71,79,-8,8
80337,71,72,-1,1
80338,108,95,13,13
80339,131,118,13,13
80340,115,126,-11,11
80341,56,56,0,0
80342,84,83,1,1
80343,92,98,-6,6
80344,38,42,-4,4
80345,134,118,16,16
80346,75,78,-3,3
80347,124,108,16,16
80348,126,125,1,1
80349,103,115,-12,12
80350,57,61,-4,4
80351,82,96,-14,14
80352,113,114,-1,1
80353,103,113,-10,10
80354,119,103,16,16
80355,259,244,15,15
80356,87,90,-3,3
80357,180,147,33,33
80358,84,93,-9,9
80359,110,116,-6,6
80360,116,106,10,10
80361,114,115,-1,1
80362,124,130,-6,6
80363,92,87,5,5
80364,86,94,-8,8
80365,85,91,-6,6
80366,65,68,-3,3
80367,73,74,-1,1
80368,72,74,-2,2
80369,108,109,-1,1
80370,47,50,-3,3
80371,96,101,-5,5
80372,66,74,-8,8
80373,70,79,-9,9
80374,134,126,8,8
80375,47,57,-10,10
80376,50,60,-10,10
80377,69,79,-10,10
80378,82,83,-1,1
80379,103,102,1,1
80380,79,82,-3,3
80381,82,88,-6,6
80382,77,91,-14,14
80383,77,83,-6,6
80384,99,99,0,0
80385,99,101,-2,2
80386,156,162,-6,6
80387,82,77,5,5
80388,123,112,11,11
80389,75,71,4,4
80390,47,55,-8,8
80391,32,43,-11,11
80392,72,81,-9,9
80393,92,95,-3,3
80394,128,105,23,23
80395,100,104,-4,4
80396,78,87,-9,9
80397,141,131,10,10
80398,361,284,77,77
80399,142,134,8,8
80400,28,60,-32,32
80401,53,59,-6,6
80402,80,84,-4,4
80403,81,84,-3,3
80404,181,152,29,29
80405,55,65,-10,10
80406,81,81,0,0
80407,58,66,-8,8
80408,28,34,-6,6
80409,76,83,-7,7
80410,77,84,-7,7
80411,125,121,4,4
80412,89,101,-12,12
80413,91,94,-3,3
80414,103,106,-3,3
80415,97,98,-1,1
80416,90,82,8,8
80417,69,71,-2,2
80418,140,138,2,2
80419,59,59,0,0
80420,140,140,0,0
80421,119,117,2,2
80422,86,97,-11,11
80423,71,75,-4,4
80424,179,168,11,11
80425,119,105,14,14
80426,115,106,9,9
80427,61,72,-11,11
80428,160,158,2,2
80429,127,128,-1,1
80430,186,187,-1,1
80431,95,95,0,0
80432,73,80,-7,7
80433,86,83,3,3
80434,64,72,-8,8
80435,164,155,9,9
80436,80,81,-1,1
80437,107,131,-24,24
80438,138,129,9,9
80439,95,96,-1,1
80440,161,146,15,15
80441,81,77,4,4
80442,118,117,1,1
80443,102,103,-1,1
80444,79,82,-3,3
80445,83,86,-3,3
80446,96,90,6,6
80447,99,102,-3,3
80448,101,100,1,1
80449,73,76,-3,3
80450,151,144,7,7
80451,86,94,-8,8
80452,107,104,3,3
80453,102,99,3,3
80454,87,90,-3,3
80455,110,106,4,4
80456,75,93,-18,18
80457,68,90,-22,22
80458,88,94,-6,6
80459,84,87,-3,3
80460,81,78,3,3
80461,78,81,-3,3
80462,73,75,-2,2
80463,103,98,5,5
80464,175,156,19,19
80465,122,118,4,4
80466,106,103,3,3
80467,53,54,-1,1
80468,120,115,5,5
80469,135,135,0,0
80470,96,95,1,1
80471,69,72,-3,3
80472,86,86,0,0
80473,94,100,-6,6
80474,46,54,-8,8
80475,93,96,-3,3
80476,111,115,-4,4
80477,54,61,-7,7
80478,63,61,2,2
80479,59,67,-8,8
80480,61,65,-4,4
80481,68,77,-9,9
80482,140,125,15,15
80483,79,73,6,6
80484,148,150,-2,2
80485,114,111,3,3
80486,77,83,-6,6
80487,95,88,7,7
80488,53,55,-2,2
80489,102,105,-3,3
80490,150,151,-1,1
80491,142,120,22,22
80492,123,127,-4,4
80493,85,81,4,4
80494,86,79,7,7
80495,106,103,3,3
80496,123,116,7,7
80497,99,99,0,0
80498,78,74,4,4
80499,74,74,0,0
80500,83,83,0,0
80501,68,100,-32,32
80502,100,105,-5,5
80503,71,65,6,6
80504,85,73,12,12
80505,105,103,2,2
80506,132,127,5,5
80507,109,102,7,7
80508,95,96,-1,1
80509,101,102,-1,1
80510,49,61,-12,12
80511,37,44,-7,7
80512,80,90,-10,10
80513,66,59,7,7
80514,70,73,-3,3
80515,93,90,3,3
80516,54,61,-7,7
80517,99,108,-9,9
80518,100,97,3,3
80519,143,137,6,6
80520,67,66,1,1
80521,69,73,-4,4
80522,72,94,-22,22
80523,88,95,-7,7
80524,116,95,21,21
80525,103,103,0,0
80526,129,129,0,0
80527,112,108,4,4
80528,47,53,-6,6
80529,80,81,-1,1
80530,87,84,3,3
80531,102,106,-4,4
80532,111,111,0,0
80533,113,120,-7,7
80534,85,83,2,2
80535,57,66,-9,9
80536,110,105,5,5
80537,91,92,-1,1
80538,127,124,3,3
80539,71,68,3,3
80540,110,102,8,8
80541,143,140,3,3
80542,90,93,-3,3
80543,122,112,10,10
80544,124,113,11,11
80545,53,59,-6,6
80546,77,86,-9,9
80547,35,38,-3,3
80548,63,79,-16,16
80549,115,108,7,7
80550,128,125,3,3
80551,99,101,-2,2
80552,90,99,-9,9
80553,80,76,4,4
80554,98,97,1,1
80555,95,95,0,0
80556,138,134,4,4
80557,84,83,1,1
80558,129,135,-6,6
80559,101,94,7,7
80560,109,97,12,12
80561,142,140,2,2
80562,72,62,10,10
80563,110,107,3,3
80564,52,55,-3,3
80565,66,84,-18,18
80566,69,72,-3,3
80567,79,74,5,5
80568,69,72,-3,3
80569,97,96,1,1
80570,96,95,1,1
80571,105,104,1,1
80572,144,135,9,9
80573,129,119,10,10
80574,75,81,-6,6
80575,111,104,7,7
80576,149,145,4,4
80577,110,107,3,3
80578,73,75,-2,2
80579,58,67,-9,9
80580,47,52,-5,5
80581,82,89,-7,7
80582,70,71,-1,1
80583,124,106,18,18
80584,78,79,-1,1
80585,136,125,11,11
80586,147,151,-4,4
80587,84,104,-20,20
80588,121,116,5,5
80589,63,62,1,1
80590,94,93,1,1
80591,125,130,-5,5
80592,82,91,-9,9
80593,158,140,18,18
80594,67,73,-6,6
80595,61,71,-10,10
80596,119,115,4,4
80597,65,72,-7,7
80598,86,91,-5,5
80599,98,83,15,15
80600,143,137,6,6
80601,105,105,0,0
80602,113,127,-14,14
80603,77,75,2,2
80604,107,114,-7,7
80605,58,67,-9,9
80606,145,140,5,5
80607,52,72,-20,20
80608,109,102,7,7
80609,71,71,0,0
80610,64,73,-9,9
80611,129,117,12,12
80612,83,94,-11,11
80613,40,62,-22,22
80614,102,109,-7,7
80615,65,67,-2,2
80616,100,89,11,11
80617,131,124,7,7
80618,90,87,3,3
80619,92,98,-6,6
80620,67,82,-15,15
80621,121,115,6,6
80622,126,113,13,13
80623,93,96,-3,3
80624,157,151,6,6
80625,89,90,-1,1
80626,53,63,-10,10
80627,96,93,3,3
80628,111,105,6,6
80629,121,115,6,6
80630,67,82,-15,15
80631,59,63,-4,4
80632,88,91,-3,3
80633,71,85,-14,14
80634,57,62,-5,5
80635,118,111,7,7
80636,78,75,3,3
80637,118,115,3,3
80638,85,85,0,0
80639,102,102,0,0
80640,69,76,-7,7
80641,179,177,2,2
80642,94,107,-13,13
80643,100,102,-2,2
80644,91,84,7,7
80645,139,144,-5,5
80646,77,84,-7,7
80647,64,69,-5,5
80648,64,67,-3,3
80649,137,133,4,4
80650,113,110,3,3
80651,93,90,3,3
80652,100,104,-4,4
80653,88,88,0,0
80654,87,85,2,2
80655,144,133,11,11
80656,41,54,-13,13
80657,51,60,-9,9
80658,78,75,3,3
80659,72,72,0,0
80660,66,70,-4,4
80661,58,68,-10,10
80662,123,124,-1,1
80663,90,90,0,0
80664,56,57,-1,1
80665,98,90,8,8
80666,91,89,2,2
80667,126,117,9,9
80668,68,55,13,13
80669,117,110,7,7
80670,46,51,-5,5
80671,71,74,-3,3
80672,111,104,7,7
80673,89,85,4,4
80674,58,68,-10,10
80675,104,104,0,0
80676,110,104,6,6
80677,101,98,3,3
80678,203,215,-12,12
80679,90,97,-7,7
80680,82,81,1,1
80681,133,116,17,17
80682,67,67,0,0
80683,75,75,0,0
80684,90,89,1,1
80685,91,86,5,5
80686,91,95,-4,4
80687,67,68,-1,1
80688,122,117,5,5
80689,59,63,-4,4
80690,40,48,-8,8
80691,104,100,4,4
80692,118,115,3,3
80693,92,83,9,9
80694,157,164,-7,7
80695,65,72,-7,7
80696,60,65,-5,5
80697,100,97,3,3
80698,31,35,-4,4
80699,94,90,4,4
80700,45,53,-8,8
80701,109,102,7,7
80702,85,82,3,3
80703,86,95,-9,9
80704,185,169,16,16
80705,97,94,3,3
80706,69,64,5,5
80707,194,181,13,13
80708,63,79,-16,16
80709,141,137,4,4
80710,87,76,11,11
80711,131,124,7,7
80712,152,137,15,15
80713,96,95,1,1
80714,111,107,4,4
80715,92,86,6,6
80716,108,104,4,4
80717,83,83,0,0
80718,52,58,-6,6
80719,103,104,-1,1
80720,189,175,14,14
80721,80,70,10,10
80722,149,136,13,13
80723,146,127,19,19
80724,66,67,-1,1
80725,38,47,-9,9
80726,124,130,-6,6
80727,55,65,-10,10
80728,141,116,25,25
80729,83,117,-34,34
80730,144,146,-2,2
80731,127,129,-2,2
80732,80,74,6,6
80733,125,120,5,5
80734,115,109,6,6
80735,79,80,-1,1
80736,73,74,-1,1
80737,92,75,17,17
80738,84,89,-5,5
80739,103,103,0,0
80740,104,114,-10,10
80741,101,104,-3,3
80742,92,98,-6,6
80743,169,152,17,17
80744,53,57,-4,4
80745,114,105,9,9
80746,138,138,0,0
80747,86,82,4,4
80748,85,90,-5,5
80749,147,145,2,2
80750,58,68,-10,10
80751,128,125,3,3
80752,65,73,-8,8
80753,89,90,-1,1
80754,95,97,-2,2
80755,84,90,-6,6
80756,115,105,10,10
80757,142,134,8,8
80758,120,115,5,5
80759,102,108,-6,6
80760,121,140,-19,19
80761,48,60,-12,12
80762,127,104,23,23
80763,76,74,2,2
80764,133,121,12,12
80765,108,104,4,4
80766,67,69,-2,2
80767,33,45,-12,12
80768,148,131,17,17
80769,115,104,11,11
80770,68,103,-35,35
80771,132,140,-8,8
80772,167,153,14,14
80773,145,147,-2,2
80774,126,121,5,5
80775,72,68,4,4
80776,108,112,-4,4
80777,75,86,-11,11
80778,66,74,-8,8
80779,72,71,1,1
80780,99,94,5,5
80781,67,69,-2,2
80782,113,112,1,1
80783,108,101,7,7
80784,94,92,2,2
80785,57,68,-11,11
80786,97,90,7,7
80787,64,70,-6,6
80788,127,130,-3,3
80789,90,85,5,5
80790,185,181,4,4
80791,110,102,8,8
80792,59,66,-7,7
80793,119,109,10,10
80794,88,102,-14,14
80795,196,178,18,18
80796,95,101,-6,6
80797,69,79,-10,10
80798,159,162,-3,3
80799,66,89,-23,23
80800,100,91,9,9
80801,90,97,-7,7
80802,71,72,-1,1
80803,63,67,-4,4
80804,104,98,6,6
80805,64,72,-8,8
80806,67,81,-14,14
80807,71,76,-5,5
80808,155,142,13,13
80809,89,83,6,6
80810,128,120,8,8
80811,95,103,-8,8
80812,51,56,-5,5
80813,118,113,5,5
80814,102,102,0,0
80815,124,123,1,1
80816,68,75,-7,7
80817,50,56,-6,6
80818,86,92,-6,6
80819,89,94,-5,5
80820,113,102,11,11
80821,126,116,10,10
80822,64,81,-17,17
80823,120,118,2,2
80824,62,62,0,0
80825,73,91,-18,18
80826,145,139,6,6
80827,63,65,-2,2
80828,80,91,-11,11
80829,82,83,-1,1
80830,41,43,-2,2
80831,93,97,-4,4
80832,107,106,1,1
80833,60,65,-5,5
80834,93,91,2,2
80835,97,100,-3,3
80836,90,95,-5,5
80837,111,118,-7,7
80838,57,61,-4,4
80839,75,74,1,1
80840,54,63,-9,9
80841,55,71,-16,16
80842,84,87,-3,3
80843,95,97,-2,2
80844,101,95,6,6
80845,91,93,-2,2
80846,65,68,-3,3
80847,59,64,-5,5
80848,112,106,6,6
80849,164,157,7,7
80850,61,68,-7,7
80851,75,80,-5,5
80852,149,141,8,8
80853,152,138,14,14
80854,65,72,-7,7
80855,90,92,-2,2
80856,96,103,-7,7
80857,105,104,1,1
80858,75,87,-12,12
80859,61,67,-6,6
80860,102,103,-1,1
80861,96,91,5,5
80862,96,89,7,7
80863,89,88,1,1
80864,100,98,2,2
80865,96,92,4,4
80866,57,62,-5,5
80867,67,76,-9,9
80868,148,140,8,8
80869,108,103,5,5
80870,50,55,-5,5
80871,151,141,10,10
80872,72,83,-11,11
80873,55,65,-10,10
80874,166,143,23,23
80875,75,82,-7,7
80876,154,135,19,19
80877,71,80,-9,9
80878,77,81,-4,4
80879,72,69,3,3
80880,79,85,-6,6
80881,166,151,15,15
80882,72,76,-4,4
80883,91,92,-1,1
80884,80,86,-6,6
80885,111,91,20,20
80886,81,92,-11,11
80887,74,76,-2,2
80888,129,120,9,9
80889,120,108,12,12
80890,79,79,0,0
80891,95,94,1,1
80892,82,89,-7,7
80893,124,113,11,11
80894,73,73,0,0
80895,328,379,-51,51
80896,95,94,1,1
80897,90,90,0,0
80898,105,106,-1,1
80899,131,129,2,2
80900,96,93,3,3
80901,64,54,10,10
80902,129,109,20,20
80903,84,77,7,7
80904,126,117,9,9
80905,132,120,12,12
80906,108,106,2,2
80907,74,75,-1,1
80908,122,116,6,6
80909,96,108,-12,12
80910,172,177,-5,5
80911,150,136,14,14
80912,82,84,-2,2
80913,119,120,-1,1
80914,42,48,-6,6
80915,125,110,15,15
80916,47,48,-1,1
80917,78,73,5,5
80918,51,60,-9,9
80919,56,65,-9,9
80920,100,107,-7,7
80921,105,103,2,2
80922,241,195,46,46
80923,148,138,10,10
80924,49,53,-4,4
80925,116,109,7,7
80926,45,41,4,4
80927,89,86,3,3
80928,83,89,-6,6
80929,106,106,0,0
80930,84,94,-10,10
80931,82,78,4,4
80932,69,74,-5,5
80933,87,92,-5,5
80934,85,104,-19,19
80935,75,71,4,4
80936,142,143,-1,1
80937,84,83,1,1
80938,112,100,12,12
80939,74,78,-4,4
80940,82,91,-9,9
80941,96,97,-1,1
80942,106,102,4,4
80943,41,58,-17,17
80944,70,68,2,2
80945,62,68,-6,6
80946,108,111,-3,3
80947,115,105,10,10
80948,79,78,1,1
80949,101,101,0,0
80950,73,72,1,1
80951,69,73,-4,4
80952,42,47,-5,5
80953,130,124,6,6
80954,74,69,5,5
80955,69,73,-4,4
80956,112,104,8,8
80957,95,101,-6,6
80958,56,60,-4,4
80959,98,99,-1,1
80960,93,102,-9,9
80961,93,94,-1,1
80962,99,101,-2,2
80963,137,130,7,7
80964,127,125,2,2
80965,82,82,0,0
80966,58,73,-15,15
80967,83,75,8,8
80968,130,120,10,10
80969,99,89,10,10
80970,134,131,3,3
80971,134,125,9,9
80972,73,71,2,2
80973,98,111,-13,13
80974,56,61,-5,5
80975,106,106,0,0
80976,157,145,12,12
80977,70,69,1,1
80978,105,103,2,2
80979,108,117,-9,9
80980,65,71,-6,6
80981,82,79,3,3
80982,75,75,0,0
80983,88,96,-8,8
80984,79,84,-5,5
80985,85,95,-10,10
80986,98,94,4,4
80987,70,70,0,0
80988,132,137,-5,5
80989,121,108,13,13
80990,120,134,-14,14
80991,131,118,13,13
80992,100,102,-2,2
80993,103,103,0,0
80994,89,89,0,0
80995,87,94,-7,7
80996,63,71,-8,8
80997,101,92,9,9
80998,80,75,5,5
80999,60,63,-3,3
81000,53,60,-7,7
81001,147,132,15,15
81002,83,88,-5,5
81003,91,96,-5,5
81004,120,113,7,7
81005,79,78,1,1
81006,66,62,4,4
81007,126,105,21,21
81008,155,136,19,19
81009,73,77,-4,4
81010,75,74,1,1
81011,110,110,0,0
81012,87,91,-4,4
81013,92,92,0,0
81014,133,133,0,0
81015,100,95,5,5
81016,89,90,-1,1
81017,73,75,-2,2
81018,56,57,-1,1
81019,117,109,8,8
81020,77,61,16,16
81021,58,60,-2,2
81022,132,135,-3,3
81023,149,127,22,22
81024,60,60,0,0
81025,88,87,1,1
81026,118,104,14,14
81027,71,79,-8,8
81028,158,150,8,8
81029,143,128,15,15
81030,63,73,-10,10
81031,49,61,-12,12
81032,111,106,5,5
81033,121,122,-1,1
81034,97,93,4,4
81035,116,115,1,1
81036,58,60,-2,2
81037,66,62,4,4
81038,63,66,-3,3
81039,54,52,2,2
81040,83,86,-3,3
81041,66,72,-6,6
81042,48,56,-8,8
81043,69,76,-7,7
81044,39,66,-27,27
81045,158,125,33,33
81046,48,55,-7,7
81047,63,65,-2,2
81048,93,101,-8,8
81049,87,90,-3,3
81050,64,32,32,32
81051,148,120,28,28
81052,58,64,-6,6
81053,51,57,-6,6
81054,53,64,-11,11
81055,138,137,1,1
81056,75,78,-3,3
81057,94,101,-7,7
81058,49,64,-15,15
81059,132,137,-5,5
81060,98,96,2,2
81061,97,105,-8,8
81062,100,95,5,5
81063,107,102,5,5
81064,65,66,-1,1
81065,67,70,-3,3
81066,54,61,-7,7
81067,123,119,4,4
81068,133,121,12,12
81069,105,128,-23,23
81070,91,94,-3,3
81071,121,117,4,4
81072,81,91,-10,10
81073,59,70,-11,11
81074,154,136,18,18
81075,85,85,0,0
81076,80,95,-15,15
81077,181,162,19,19
81078,112,108,4,4
81079,80,82,-2,2
81080,140,126,14,14
81081,92,81,11,11
81082,87,80,7,7
81083,62,81,-19,19
81084,136,124,12,12
81085,74,75,-1,1
81086,74,73,1,1
81087,45,51,-6,6
81088,87,86,1,1
81089,81,82,-1,1
81090,37,40,-3,3
81091,73,75,-2,2
81092,81,84,-3,3
81093,119,113,6,6
81094,139,135,4,4
81095,106,107,-1,1
81096,105,104,1,1
81097,129,124,5,5
81098,97,102,-5,5
81099,94,117,-23,23
81100,89,115,-26,26
81101,84,85,-1,1
81102,182,162,20,20
81103,44,54,-10,10
81104,98,95,3,3
81105,83,83,0,0
81106,159,148,11,11
81107,61,65,-4,4
81108,145,125,20,20
81109,113,133,-20,20
81110,74,76,-2,2
81111,44,32,12,12
81112,70,80,-10,10
81113,87,103,-16,16
81114,156,137,19,19
81115,78,77,1,1
81116,99,95,4,4
81117,120,110,10,10
81118,100,111,-11,11
81119,90,86,4,4
81120,90,95,-5,5
81121,126,127,-1,1
81122,59,53,6,6
81123,82,83,-1,1
81124,71,81,-10,10
81125,87,88,-1,1
81126,72,77,-5,5
81127,112,105,7,7
81128,65,66,-1,1
81129,68,72,-4,4
81130,62,66,-4,4
81131,130,129,1,1
81132,60,64,-4,4
81133,100,106,-6,6
81134,48,57,-9,9
81135,97,97,0,0
81136,85,82,3,3
81137,143,119,24,24
81138,112,112,0,0
81139,70,75,-5,5
81140,107,118,-11,11
81141,103,102,1,1
81142,79,76,3,3
81143,65,64,1,1
81144,74,71,3,3
81145,62,70,-8,8
81146,146,142,4,4
81147,138,130,8,8
81148,109,107,2,2
81149,57,61,-4,4
81150,81,85,-4,4
81151,100,100,0,0
81152,55,63,-8,8
81153,71,76,-5,5
81154,137,125,12,12
81155,173,162,11,11
81156,53,60,-7,7
81157,69,72,-3,3
81158,115,103,12,12
81159,71,78,-7,7
81160,129,121,8,8
81161,142,128,14,14
81162,48,55,-7,7
81163,77,80,-3,3
81164,81,93,-12,12
81165,103,102,1,1
81166,75,75,0,0
81167,86,83,3,3
81168,105,106,-1,1
81169,61,61,0,0
81170,109,104,5,5
81171,98,98,0,0
81172,153,151,2,2
81173,50,60,-10,10
81174,178,158,20,20
81175,85,83,2,2
81176,118,117,1,1
81177,94,86,8,8
81178,116,101,15,15
81179,92,91,1,1
81180,96,97,-1,1
81181,44,52,-8,8
81182,96,95,1,1
81183,146,125,21,21
81184,90,81,9,9
81185,86,88,-2,2
81186,112,115,-3,3
81187,102,111,-9,9
81188,47,52,-5,5
81189,107,102,5,5
81190,52,68,-16,16
81191,122,122,0,0
81192,84,79,5,5
81193,76,78,-2,2
81194,72,75,-3,3
81195,181,171,10,10
81196,71,75,-4,4
81197,92,95,-3,3
81198,152,143,9,9
81199,133,133,0,0
81200,97,101,-4,4
81201,135,138,-3,3
81202,75,80,-5,5
81203,99,102,-3,3
81204,92,118,-26,26
81205,113,118,-5,5
81206,65,64,1,1
81207,100,105,-5,5
81208,124,126,-2,2
81209,82,81,1,1
81210,111,118,-7,7
81211,101,96,5,5
81212,60,68,-8,8
81213,141,126,15,15
81214,69,73,-4,4
81215,141,143,-2,2
81216,111,102,9,9
81217,169,161,8,8
81218,126,121,5,5
81219,75,82,-7,7
81220,120,110,10,10
81221,141,145,-4,4
81222,104,115,-11,11
81223,48,59,-11,11
81224,93,95,-2,2
81225,140,131,9,9
81226,97,89,8,8
81227,110,105,5,5
81228,45,46,-1,1
81229,92,95,-3,3
81230,87,80,7,7
81231,90,82,8,8
81232,68,73,-5,5
81233,64,75,-11,11
81234,59,58,1,1
81235,135,130,5,5
81236,52,61,-9,9
81237,121,126,-5,5
81238,78,85,-7,7
81239,97,97,0,0
81240,64,91,-27,27
81241,113,113,0,0
81242,83,84,-1,1
81243,79,77,2,2
81244,77,83,-6,6
81245,56,67,-11,11
81246,156,151,5,5
81247,134,124,10,10
81248,66,70,-4,4
81249,113,112,1,1
81250,89,85,4,4
81251,95,104,-9,9
81252,98,100,-2,2
81253,137,143,-6,6
81254,113,105,8,8
81255,173,158,15,15
81256,122,118,4,4
81257,92,91,1,1
81258,142,132,10,10
81259,82,81,1,1
81260,42,49,-7,7
81261,116,138,-22,22
81262,89,93,-4,4
81263,140,134,6,6
81264,130,104,26,26
81265,80,80,0,0
81266,113,116,-3,3
81267,60,65,-5,5
81268,143,169,-26,26
81269,86,83,3,3
81270,126,119,7,7
81271,75,71,4,4
81272,120,112,8,8
81273,125,117,8,8
81274,195,184,11,11
81275,71,75,-4,4
81276,131,132,-1,1
81277,111,109,2,2
81278,89,98,-9,9
81279,93,93,0,0
81280,80,83,-3,3
81281,80,80,0,0
81282,46,50,-4,4
81283,134,130,4,4
81284,83,81,2,2
81285,145,140,5,5
81286,80,81,-1,1
81287,82,75,7,7
81288,86,81,5,5
81289,62,73,-11,11
81290,46,56,-10,10
81291,112,108,4,4
81292,99,103,-4,4
81293,145,126,19,19
81294,166,161,5,5
81295,45,54,-9,9
81296,126,108,18,18
81297,89,91,-2,2
81298,99,105,-6,6
81299,77,78,-1,1
81300,119,105,14,14
81301,93,108,-15,15
81302,102,108,-6,6
81303,62,65,-3,3
81304,57,56,1,1
81305,63,71,-8,8
81306,56,60,-4,4
81307,137,134,3,3
81308,101,102,-1,1
81309,90,84,6,6
81310,136,129,7,7
81311,70,71,-1,1
81312,81,83,-2,2
81313,66,69,-3,3
81314,93,93,0,0
81315,73,71,2,2
81316,90,87,3,3
81317,83,85,-2,2
81318,89,79,10,10
81319,103,108,-5,5
81320,105,100,5,5
81321,83,104,-21,21
81322,115,115,0,0
81323,99,102,-3,3
81324,85,92,-7,7
81325,73,82,-9,9
81326,80,88,-8,8
81327,49,63,-14,14
81328,80,82,-2,2
81329,63,70,-7,7
81330,33,42,-9,9
81331,178,182,-4,4
81332,105,128,-23,23
81333,41,60,-19,19
81334,92,101,-9,9
81335,98,96,2,2
81336,71,75,-4,4
81337,30,35,-5,5
81338,62,68,-6,6
81339,126,139,-13,13
81340,102,102,0,0
81341,122,118,4,4
81342,79,83,-4,4
81343,152,142,10,10
81344,159,141,18,18
81345,161,157,4,4
81346,71,65,6,6
81347,84,93,-9,9
81348,118,107,11,11
81349,73,75,-2,2
81350,118,115,3,3
81351,102,89,13,13
81352,69,80,-11,11
81353,101,93,8,8
81354,127,119,8,8
81355,84,82,2,2
81356,40,43,-3,3
81357,70,71,-1,1
81358,135,125,10,10
81359,77,81,-4,4
81360,78,81,-3,3
81361,70,74,-4,4
81362,73,81,-8,8
81363,85,82,3,3
81364,106,101,5,5
81365,151,143,8,8
81366,153,154,-1,1
81367,133,120,13,13
81368,121,116,5,5
81369,110,107,3,3
81370,71,83,-12,12
81371,98,96,2,2
81372,126,130,-4,4
81373,86,93,-7,7
81374,77,77,0,0
81375,198,177,21,21
81376,133,130,3,3
81377,124,126,-2,2
81378,90,90,0,0
81379,60,67,-7,7
81380,80,95,-15,15
81381,47,55,-8,8
81382,82,76,6,6
81383,119,101,18,18
81384,66,72,-6,6
81385,136,119,17,17
81386,141,130,11,11
81387,50,65,-15,15
81388,71,81,-10,10
81389,98,96,2,2
81390,121,105,16,16
81391,81,94,-13,13
81392,117,111,6,6
81393,112,110,2,2
81394,94,87,7,7
81395,55,74,-19,19
81396,97,109,-12,12
81397,92,98,-6,6
81398,137,134,3,3
81399,54,57,-3,3
81400,140,137,3,3
81401,138,126,12,12
81402,85,83,2,2
81403,84,92,-8,8
81404,104,102,2,2
81405,113,111,2,2
81406,109,113,-4,4
81407,76,97,-21,21
81408,79,85,-6,6
81409,65,68,-3,3
81410,81,83,-2,2
81411,131,109,22,22
81412,204,180,24,24
81413,77,74,3,3
81414,161,140,21,21
81415,97,100,-3,3
81416,110,99,11,11
81417,76,79,-3,3
81418,70,72,-2,2
81419,122,123,-1,1
81420,52,59,-7,7
81421,121,123,-2,2
81422,89,93,-4,4
81423,99,91,8,8
81424,62,67,-5,5
81425,117,109,8,8
81426,92,101,-9,9
81427,169,158,11,11
81428,122,115,7,7
81429,88,93,-5,5
81430,94,93,1,1
81431,163,133,30,30
81432,72,72,0,0
81433,87,98,-11,11
81434,104,113,-9,9
81435,51,58,-7,7
81436,57,58,-1,1
81437,149,141,8,8
81438,87,91,-4,4
81439,109,109,0,0
81440,120,110,10,10
81441,79,76,3,3
81442,129,123,6,6
81443,162,146,16,16
81444,133,130,3,3
81445,82,81,1,1
81446,110,109,1,1
81447,180,165,15,15
81448,104,103,1,1
81449,134,126,8,8
81450,114,106,8,8
81451,130,136,-6,6
81452,94,100,-6,6
81453,182,163,19,19
81454,93,98,-5,5
81455,74,78,-4,4
81456,66,71,-5,5
81457,164,211,-47,47
81458,125,166,-41,41
81459,74,82,-8,8
81460,148,145,3,3
81461,69,73,-4,4
81462,98,93,5,5
81463,71,76,-5,5
81464,107,102,5,5
81465,133,118,15,15
81466,72,71,1,1
81467,68,71,-3,3
81468,97,93,4,4
81469,185,155,30,30
81470,184,174,10,10
81471,106,111,-5,5
81472,143,142,1,1
81473,82,99,-17,17
81474,47,61,-14,14
81475,82,76,6,6
81476,97,86,11,11
81477,58,65,-7,7
81478,115,106,9,9
81479,137,119,18,18
81480,112,111,1,1
81481,101,101,0,0
81482,56,58,-2,2
81483,80,77,3,3
81484,79,80,-1,1
81485,186,160,26,26
81486,79,73,6,6
81487,80,74,6,6
81488,85,84,1,1
81489,123,112,11,11
81490,94,85,9,9
81491,71,85,-14,14
81492,83,91,-8,8
81493,45,52,-7,7
81494,120,138,-18,18
81495,165,154,11,11
81496,73,74,-1,1
81497,87,84,3,3
81498,80,90,-10,10
81499,132,139,-7,7
81500,82,81,1,1
81501,77,75,2,2
81502,62,70,-8,8
81503,74,78,-4,4
81504,87,99,-12,12
81505,142,132,10,10
81506,119,115,4,4
81507,62,55,7,7
