,original,predict,differ,abs
0,67,79,-12,12
1,58,68,-10,10
2,88,91,-3,3
3,183,165,18,18
4,81,83,-2,2
5,88,91,-3,3
6,83,92,-9,9
7,183,147,36,36
8,81,82,-1,1
9,117,118,-1,1
10,64,67,-3,3
11,59,73,-14,14
12,74,76,-2,2
13,100,106,-6,6
14,103,100,3,3
15,66,74,-8,8
16,97,93,4,4
17,120,106,14,14
18,79,82,-3,3
19,110,118,-8,8
20,217,186,31,31
21,156,145,11,11
22,97,91,6,6
23,101,119,-18,18
24,82,80,2,2
25,127,119,8,8
26,112,109,3,3
27,191,161,30,30
28,48,55,-7,7
29,106,113,-7,7
30,133,128,5,5
31,57,69,-12,12
32,108,104,4,4
33,89,83,6,6
34,50,73,-23,23
35,62,55,7,7
36,102,100,2,2
37,55,63,-8,8
38,89,103,-14,14
39,96,105,-9,9
40,70,76,-6,6
41,115,116,-1,1
42,82,87,-5,5
43,102,103,-1,1
44,167,141,26,26
45,82,93,-11,11
46,118,124,-6,6
47,85,85,0,0
48,93,94,-1,1
49,111,97,14,14
50,77,78,-1,1
51,136,126,10,10
52,109,97,12,12
53,85,95,-10,10
54,133,120,13,13
55,138,125,13,13
56,100,118,-18,18
57,130,122,8,8
58,96,103,-7,7
59,58,66,-8,8
60,115,112,3,3
61,73,81,-8,8
62,135,120,15,15
63,177,166,11,11
64,96,100,-4,4
65,77,84,-7,7
66,84,88,-4,4
67,105,96,9,9
68,193,177,16,16
69,143,139,4,4
70,111,104,7,7
71,104,95,9,9
72,265,230,35,35
73,88,94,-6,6
74,78,84,-6,6
75,58,67,-9,9
76,86,84,2,2
77,59,72,-13,13
78,139,134,5,5
79,96,93,3,3
80,90,90,0,0
81,83,87,-4,4
82,133,127,6,6
83,141,134,7,7
84,72,75,-3,3
85,75,79,-4,4
86,43,55,-12,12
87,68,74,-6,6
88,170,136,34,34
89,92,97,-5,5
90,64,89,-25,25
91,101,107,-6,6
92,82,78,4,4
93,81,81,0,0
94,75,79,-4,4
95,99,96,3,3
96,45,63,-18,18
97,186,176,10,10
98,127,138,-11,11
99,100,102,-2,2
100,66,71,-5,5
101,129,111,18,18
102,107,114,-7,7
103,128,124,4,4
104,90,87,3,3
105,68,75,-7,7
106,107,106,1,1
107,90,87,3,3
108,89,95,-6,6
109,70,78,-8,8
110,174,143,31,31
111,90,84,6,6
112,76,81,-5,5
113,67,72,-5,5
114,76,91,-15,15
115,168,154,14,14
116,91,89,2,2
117,103,103,0,0
118,91,92,-1,1
119,67,78,-11,11
120,118,121,-3,3
121,51,60,-9,9
122,76,83,-7,7
123,110,115,-5,5
124,99,94,5,5
125,96,99,-3,3
126,169,163,6,6
127,89,96,-7,7
128,94,98,-4,4
129,123,127,-4,4
130,186,172,14,14
131,132,125,7,7
132,102,92,10,10
133,78,85,-7,7
134,129,117,12,12
135,116,100,16,16
136,136,125,11,11
137,131,127,4,4
138,105,105,0,0
139,69,76,-7,7
140,66,70,-4,4
141,127,121,6,6
142,127,122,5,5
143,66,82,-16,16
144,112,119,-7,7
145,115,106,9,9
146,98,93,5,5
147,69,68,1,1
148,93,86,7,7
149,121,124,-3,3
150,92,97,-5,5
151,73,76,-3,3
152,139,131,8,8
153,80,87,-7,7
154,89,95,-6,6
155,67,71,-4,4
156,66,69,-3,3
157,81,87,-6,6
158,59,69,-10,10
159,128,127,1,1
160,109,112,-3,3
161,50,59,-9,9
162,74,75,-1,1
163,80,88,-8,8
164,132,123,9,9
165,51,61,-10,10
166,115,110,5,5
167,70,91,-21,21
168,159,141,18,18
169,151,149,2,2
170,94,99,-5,5
171,81,94,-13,13
172,77,87,-10,10
173,42,52,-10,10
174,135,127,8,8
175,106,101,5,5
176,50,62,-12,12
177,162,137,25,25
178,130,115,15,15
179,120,106,14,14
180,84,92,-8,8
181,76,83,-7,7
182,67,75,-8,8
183,75,77,-2,2
184,39,51,-12,12
185,119,104,15,15
186,55,66,-11,11
187,90,89,1,1
188,124,122,2,2
189,171,162,9,9
190,70,77,-7,7
191,137,133,4,4
192,127,129,-2,2
193,143,144,-1,1
194,195,154,41,41
195,112,107,5,5
196,43,56,-13,13
197,114,110,4,4
198,111,109,2,2
199,80,84,-4,4
200,128,111,17,17
201,176,166,10,10
202,64,67,-3,3
203,142,131,11,11
204,100,94,6,6
205,63,66,-3,3
206,145,128,17,17
207,101,98,3,3
208,78,79,-1,1
209,98,96,2,2
210,147,141,6,6
211,50,62,-12,12
212,70,74,-4,4
213,175,159,16,16
214,87,96,-9,9
215,87,84,3,3
216,108,120,-12,12
217,67,72,-5,5
218,95,99,-4,4
219,89,96,-7,7
220,135,134,1,1
221,79,90,-11,11
222,43,59,-16,16
223,195,153,42,42
224,83,89,-6,6
225,81,91,-10,10
226,63,74,-11,11
227,119,117,2,2
228,98,97,1,1
229,44,60,-16,16
230,47,63,-16,16
231,87,75,12,12
232,90,84,6,6
233,62,70,-8,8
234,103,100,3,3
235,140,135,5,5
236,114,114,0,0
237,57,76,-19,19
238,81,82,-1,1
239,74,97,-23,23
240,61,77,-16,16
241,43,54,-11,11
242,55,65,-10,10
243,100,95,5,5
244,124,112,12,12
245,107,107,0,0
246,121,123,-2,2
247,86,95,-9,9
248,146,131,15,15
249,147,142,5,5
250,47,54,-7,7
251,124,115,9,9
252,89,93,-4,4
253,50,67,-17,17
254,110,112,-2,2
255,158,146,12,12
256,86,85,1,1
257,102,105,-3,3
258,107,111,-4,4
259,64,74,-10,10
260,136,128,8,8
261,125,110,15,15
262,115,103,12,12
263,71,74,-3,3
264,80,83,-3,3
265,82,92,-10,10
266,79,85,-6,6
267,102,96,6,6
268,49,65,-16,16
269,109,108,1,1
270,52,62,-10,10
271,72,75,-3,3
272,68,78,-10,10
273,151,148,3,3
274,112,107,5,5
275,97,112,-15,15
276,82,93,-11,11
277,72,81,-9,9
278,125,129,-4,4
279,128,128,0,0
280,94,98,-4,4
281,76,76,0,0
282,71,79,-8,8
283,112,112,0,0
284,75,76,-1,1
285,77,79,-2,2
286,78,78,0,0
287,89,86,3,3
288,88,86,2,2
289,97,96,1,1
290,80,81,-1,1
291,67,78,-11,11
292,83,91,-8,8
293,85,90,-5,5
294,76,79,-3,3
295,64,71,-7,7
296,107,109,-2,2
297,141,149,-8,8
298,130,123,7,7
299,51,65,-14,14
300,66,70,-4,4
301,75,79,-4,4
302,186,159,27,27
303,86,83,3,3
304,141,137,4,4
305,83,84,-1,1
306,85,86,-1,1
307,148,130,18,18
308,87,89,-2,2
309,77,75,2,2
310,27,46,-19,19
311,88,91,-3,3
312,92,90,2,2
313,86,95,-9,9
314,135,131,4,4
315,77,77,0,0
316,73,77,-4,4
317,133,136,-3,3
318,51,62,-11,11
319,125,118,7,7
320,98,106,-8,8
321,143,130,13,13
322,140,132,8,8
323,87,96,-9,9
324,89,79,10,10
325,69,78,-9,9
326,96,84,12,12
327,127,120,7,7
328,79,78,1,1
329,137,121,16,16
330,85,91,-6,6
331,84,92,-8,8
332,52,67,-15,15
333,77,78,-1,1
334,78,86,-8,8
335,104,98,6,6
336,89,96,-7,7
337,89,58,31,31
338,56,61,-5,5
339,106,91,15,15
340,71,74,-3,3
341,132,119,13,13
342,82,80,2,2
343,100,96,4,4
344,51,67,-16,16
345,66,72,-6,6
346,85,81,4,4
347,112,108,4,4
348,34,59,-25,25
349,134,117,17,17
350,93,99,-6,6
351,114,128,-14,14
352,137,122,15,15
353,88,92,-4,4
354,108,113,-5,5
355,106,100,6,6
356,146,170,-24,24
357,54,72,-18,18
358,170,135,35,35
359,86,81,5,5
360,110,95,15,15
361,82,85,-3,3
362,101,98,3,3
363,64,76,-12,12
364,44,60,-16,16
365,84,89,-5,5
366,60,66,-6,6
367,101,104,-3,3
368,120,107,13,13
369,60,67,-7,7
370,130,123,7,7
371,41,57,-16,16
372,116,107,9,9
373,58,67,-9,9
374,77,79,-2,2
375,96,101,-5,5
376,88,95,-7,7
377,103,100,3,3
378,35,53,-18,18
379,64,68,-4,4
380,86,81,5,5
381,89,93,-4,4
382,108,103,5,5
383,116,107,9,9
384,82,87,-5,5
385,65,72,-7,7
386,64,76,-12,12
387,134,124,10,10
388,65,74,-9,9
389,77,80,-3,3
390,120,119,1,1
391,54,65,-11,11
392,90,92,-2,2
393,87,92,-5,5
394,97,95,2,2
395,17,30,-13,13
396,69,91,-22,22
397,31,51,-20,20
398,90,93,-3,3
399,104,104,0,0
400,97,96,1,1
401,52,66,-14,14
402,81,85,-4,4
403,88,88,0,0
404,150,143,7,7
405,103,111,-8,8
406,47,56,-9,9
407,119,115,4,4
408,107,114,-7,7
409,88,72,16,16
410,85,86,-1,1
411,95,96,-1,1
412,89,86,3,3
413,87,93,-6,6
414,148,130,18,18
415,98,95,3,3
416,148,144,4,4
417,77,85,-8,8
418,70,79,-9,9
419,64,72,-8,8
420,110,124,-14,14
421,143,142,1,1
422,122,160,-38,38
423,82,85,-3,3
424,112,108,4,4
425,128,126,2,2
426,148,141,7,7
427,80,82,-2,2
428,56,70,-14,14
429,90,90,0,0
430,110,108,2,2
431,88,99,-11,11
432,91,93,-2,2
433,99,98,1,1
434,122,114,8,8
435,66,73,-7,7
436,106,98,8,8
437,65,68,-3,3
438,164,147,17,17
439,68,71,-3,3
440,48,74,-26,26
441,88,84,4,4
442,107,110,-3,3
443,58,71,-13,13
444,91,90,1,1
445,113,106,7,7
446,107,101,6,6
447,101,97,4,4
448,72,84,-12,12
449,134,127,7,7
450,87,92,-5,5
451,64,73,-9,9
452,72,73,-1,1
453,146,143,3,3
454,110,107,3,3
455,104,101,3,3
456,129,130,-1,1
457,134,135,-1,1
458,123,120,3,3
459,62,68,-6,6
460,71,76,-5,5
461,58,71,-13,13
462,88,87,1,1
463,134,131,3,3
464,81,85,-4,4
465,77,94,-17,17
466,118,116,2,2
467,131,122,9,9
468,66,72,-6,6
469,61,71,-10,10
470,43,51,-8,8
471,121,120,1,1
472,101,107,-6,6
473,112,101,11,11
474,67,71,-4,4
475,88,87,1,1
476,57,62,-5,5
477,93,88,5,5
478,77,68,9,9
479,57,66,-9,9
480,55,75,-20,20
481,68,76,-8,8
482,118,111,7,7
483,63,71,-8,8
484,110,113,-3,3
485,58,66,-8,8
486,119,107,12,12
487,110,136,-26,26
488,146,137,9,9
489,50,56,-6,6
490,104,101,3,3
491,136,125,11,11
492,145,144,1,1
493,110,102,8,8
494,124,128,-4,4
495,117,111,6,6
496,134,124,10,10
497,98,92,6,6
498,104,127,-23,23
499,78,80,-2,2
500,100,94,6,6
501,45,61,-16,16
502,108,112,-4,4
503,50,64,-14,14
504,69,81,-12,12
505,106,102,4,4
506,66,69,-3,3
507,61,72,-11,11
508,96,95,1,1
509,96,96,0,0
510,53,64,-11,11
511,93,98,-5,5
512,80,78,2,2
513,73,79,-6,6
514,70,82,-12,12
515,100,94,6,6
516,137,128,9,9
517,114,115,-1,1
518,70,76,-6,6
519,55,71,-16,16
520,108,96,12,12
521,138,130,8,8
522,95,97,-2,2
523,142,134,8,8
524,83,84,-1,1
525,122,113,9,9
526,97,98,-1,1
527,56,63,-7,7
528,122,116,6,6
529,73,80,-7,7
530,69,69,0,0
531,95,99,-4,4
532,68,78,-10,10
533,95,92,3,3
534,78,92,-14,14
535,90,92,-2,2
536,106,104,2,2
537,42,57,-15,15
538,76,82,-6,6
539,157,158,-1,1
540,119,113,6,6
541,99,102,-3,3
542,61,74,-13,13
543,102,98,4,4
544,92,96,-4,4
545,124,111,13,13
546,82,88,-6,6
547,76,83,-7,7
548,67,76,-9,9
549,148,136,12,12
550,74,84,-10,10
551,66,76,-10,10
552,108,105,3,3
553,64,70,-6,6
554,102,101,1,1
555,63,71,-8,8
556,66,67,-1,1
557,74,76,-2,2
558,74,81,-7,7
559,67,75,-8,8
560,86,97,-11,11
561,81,94,-13,13
562,90,94,-4,4
563,47,61,-14,14
564,68,80,-12,12
565,88,82,6,6
566,83,84,-1,1
567,76,78,-2,2
568,55,64,-9,9
569,100,106,-6,6
570,108,119,-11,11
571,178,157,21,21
572,80,82,-2,2
573,82,88,-6,6
574,149,133,16,16
575,69,77,-8,8
576,70,81,-11,11
577,90,104,-14,14
578,91,91,0,0
579,75,75,0,0
580,88,90,-2,2
581,134,120,14,14
582,49,65,-16,16
583,51,61,-10,10
584,113,108,5,5
585,88,91,-3,3
586,53,62,-9,9
587,84,79,5,5
588,105,99,6,6
589,85,85,0,0
590,105,100,5,5
591,75,79,-4,4
592,139,131,8,8
593,103,99,4,4
594,87,93,-6,6
595,65,80,-15,15
596,74,77,-3,3
597,98,107,-9,9
598,110,103,7,7
599,112,107,5,5
600,88,89,-1,1
601,85,87,-2,2
602,55,65,-10,10
603,86,88,-2,2
604,124,122,2,2
605,114,116,-2,2
606,57,66,-9,9
607,56,66,-10,10
608,78,77,1,1
609,122,131,-9,9
610,79,78,1,1
611,81,80,1,1
612,117,110,7,7
613,112,119,-7,7
614,95,99,-4,4
615,195,169,26,26
616,76,89,-13,13
617,104,100,4,4
618,112,102,10,10
619,103,106,-3,3
620,91,95,-4,4
621,105,100,5,5
622,127,107,20,20
623,60,72,-12,12
624,111,109,2,2
625,106,104,2,2
626,109,105,4,4
627,85,89,-4,4
628,67,77,-10,10
629,81,88,-7,7
630,83,88,-5,5
631,56,68,-12,12
632,92,90,2,2
633,71,84,-13,13
634,95,91,4,4
635,93,96,-3,3
636,144,140,4,4
637,53,61,-8,8
638,77,89,-12,12
639,71,78,-7,7
640,95,100,-5,5
641,95,101,-6,6
642,61,66,-5,5
643,141,124,17,17
644,133,124,9,9
645,94,91,3,3
646,112,114,-2,2
647,84,87,-3,3
648,92,96,-4,4
649,84,88,-4,4
650,94,98,-4,4
651,72,79,-7,7
652,102,117,-15,15
653,61,72,-11,11
654,108,111,-3,3
655,105,105,0,0
656,85,92,-7,7
657,74,82,-8,8
658,50,62,-12,12
659,101,98,3,3
660,82,80,2,2
661,108,91,17,17
662,148,135,13,13
663,126,119,7,7
664,136,142,-6,6
665,75,80,-5,5
666,36,48,-12,12
667,42,62,-20,20
668,69,72,-3,3
669,126,121,5,5
670,109,100,9,9
671,90,90,0,0
672,116,107,9,9
673,151,175,-24,24
674,147,137,10,10
675,52,94,-42,42
676,107,111,-4,4
677,90,92,-2,2
678,162,144,18,18
679,103,104,-1,1
680,150,132,18,18
681,62,78,-16,16
682,111,107,4,4
683,77,89,-12,12
684,166,160,6,6
685,151,150,1,1
686,116,116,0,0
687,79,83,-4,4
688,94,117,-23,23
689,110,113,-3,3
690,152,132,20,20
691,176,152,24,24
692,92,95,-3,3
693,156,142,14,14
694,92,97,-5,5
695,77,83,-6,6
696,32,59,-27,27
697,87,93,-6,6
698,108,107,1,1
699,104,93,11,11
700,70,75,-5,5
701,66,60,6,6
702,118,115,3,3
703,65,72,-7,7
704,111,101,10,10
705,74,76,-2,2
706,81,90,-9,9
707,88,84,4,4
708,87,87,0,0
709,116,122,-6,6
710,47,53,-6,6
711,95,98,-3,3
712,44,57,-13,13
713,91,105,-14,14
714,83,87,-4,4
715,137,130,7,7
716,80,85,-5,5
717,147,133,14,14
718,119,121,-2,2
719,137,113,24,24
720,133,139,-6,6
721,89,95,-6,6
722,150,136,14,14
723,108,104,4,4
724,96,85,11,11
725,88,88,0,0
726,140,127,13,13
727,128,127,1,1
728,53,64,-11,11
729,100,111,-11,11
730,58,73,-15,15
731,110,104,6,6
732,125,119,6,6
733,124,110,14,14
734,109,120,-11,11
735,122,122,0,0
736,95,97,-2,2
737,93,96,-3,3
738,85,83,2,2
739,98,88,10,10
740,68,82,-14,14
741,48,55,-7,7
742,97,100,-3,3
743,81,84,-3,3
744,88,86,2,2
745,91,108,-17,17
746,64,70,-6,6
747,204,180,24,24
748,114,107,7,7
749,185,148,37,37
750,75,79,-4,4
751,70,72,-2,2
752,145,139,6,6
753,87,87,0,0
754,45,62,-17,17
755,73,77,-4,4
756,125,127,-2,2
757,60,71,-11,11
758,95,95,0,0
759,119,100,19,19
760,76,77,-1,1
761,56,68,-12,12
762,44,65,-21,21
763,98,101,-3,3
764,86,82,4,4
765,161,138,23,23
766,102,121,-19,19
767,103,102,1,1
768,69,78,-9,9
769,151,151,0,0
770,92,78,14,14
771,80,89,-9,9
772,87,92,-5,5
773,108,101,7,7
774,51,63,-12,12
775,110,106,4,4
776,64,69,-5,5
777,73,75,-2,2
778,92,92,0,0
779,93,94,-1,1
780,103,102,1,1
781,49,53,-4,4
782,71,80,-9,9
783,70,74,-4,4
784,67,72,-5,5
785,100,99,1,1
786,93,99,-6,6
787,75,80,-5,5
788,97,99,-2,2
789,84,89,-5,5
790,140,124,16,16
791,151,134,17,17
792,78,85,-7,7
793,79,83,-4,4
794,108,119,-11,11
795,95,97,-2,2
796,98,95,3,3
797,119,120,-1,1
798,83,98,-15,15
799,67,74,-7,7
800,64,72,-8,8
801,102,97,5,5
802,75,81,-6,6
803,68,83,-15,15
804,78,81,-3,3
805,53,64,-11,11
806,126,121,5,5
807,89,96,-7,7
808,85,97,-12,12
809,64,75,-11,11
810,85,84,1,1
811,74,80,-6,6
812,66,72,-6,6
813,79,77,2,2
814,125,106,19,19
815,119,110,9,9
816,26,51,-25,25
817,66,75,-9,9
818,88,86,2,2
819,111,97,14,14
820,86,85,1,1
821,76,88,-12,12
822,86,84,2,2
823,145,128,17,17
824,46,58,-12,12
825,107,100,7,7
826,99,91,8,8
827,63,74,-11,11
828,68,75,-7,7
829,100,92,8,8
830,110,119,-9,9
831,77,81,-4,4
832,66,75,-9,9
833,64,69,-5,5
834,77,87,-10,10
835,144,140,4,4
836,106,101,5,5
837,93,101,-8,8
838,73,83,-10,10
839,103,106,-3,3
840,105,106,-1,1
841,75,81,-6,6
842,83,83,0,0
843,112,112,0,0
844,156,140,16,16
845,156,139,17,17
846,77,86,-9,9
847,76,81,-5,5
848,95,94,1,1
849,41,60,-19,19
850,106,117,-11,11
851,135,127,8,8
852,92,99,-7,7
853,91,97,-6,6
854,112,108,4,4
855,84,91,-7,7
856,77,76,1,1
857,29,65,-36,36
858,64,73,-9,9
859,143,125,18,18
860,59,65,-6,6
861,155,144,11,11
862,207,162,45,45
863,129,118,11,11
864,115,107,8,8
865,108,99,9,9
866,162,142,20,20
867,69,80,-11,11
868,62,79,-17,17
869,79,95,-16,16
870,57,66,-9,9
871,90,94,-4,4
872,98,95,3,3
873,108,106,2,2
874,80,99,-19,19
875,114,105,9,9
876,57,64,-7,7
877,41,105,-64,64
878,90,91,-1,1
879,84,77,7,7
880,87,92,-5,5
881,70,83,-13,13
882,109,107,2,2
883,76,80,-4,4
884,62,55,7,7
885,83,82,1,1
886,124,129,-5,5
887,122,122,0,0
888,55,64,-9,9
889,108,115,-7,7
890,109,111,-2,2
891,52,58,-6,6
892,134,116,18,18
893,60,63,-3,3
894,71,78,-7,7
895,123,116,7,7
896,60,70,-10,10
897,140,129,11,11
898,109,97,12,12
899,150,162,-12,12
900,74,81,-7,7
901,94,87,7,7
902,71,79,-8,8
903,139,126,13,13
904,87,98,-11,11
905,72,79,-7,7
906,53,61,-8,8
907,163,142,21,21
908,111,96,15,15
909,70,69,1,1
910,46,55,-9,9
911,138,130,8,8
912,127,122,5,5
913,70,80,-10,10
914,107,117,-10,10
915,64,70,-6,6
916,69,86,-17,17
917,196,175,21,21
918,136,132,4,4
919,52,54,-2,2
920,79,86,-7,7
921,109,114,-5,5
922,78,84,-6,6
923,115,115,0,0
924,77,85,-8,8
925,110,106,4,4
926,74,75,-1,1
927,49,58,-9,9
928,55,65,-10,10
929,145,132,13,13
930,119,118,1,1
931,96,95,1,1
932,196,178,18,18
933,72,81,-9,9
934,90,100,-10,10
935,62,103,-41,41
936,118,103,15,15
937,137,136,1,1
938,79,85,-6,6
939,152,135,17,17
940,87,97,-10,10
941,112,110,2,2
942,62,70,-8,8
943,72,80,-8,8
944,109,105,4,4
945,83,86,-3,3
946,68,73,-5,5
947,97,98,-1,1
948,59,67,-8,8
949,173,149,24,24
950,73,75,-2,2
951,85,93,-8,8
952,62,71,-9,9
953,75,77,-2,2
954,90,95,-5,5
955,93,99,-6,6
956,98,98,0,0
957,116,110,6,6
958,50,57,-7,7
959,106,107,-1,1
960,114,106,8,8
961,98,93,5,5
962,184,172,12,12
963,69,78,-9,9
964,147,135,12,12
965,29,65,-36,36
966,108,116,-8,8
967,65,74,-9,9
968,96,97,-1,1
969,84,92,-8,8
970,70,74,-4,4
971,162,149,13,13
972,112,115,-3,3
973,71,74,-3,3
974,139,129,10,10
975,72,83,-11,11
976,68,77,-9,9
977,76,84,-8,8
978,87,85,2,2
979,52,60,-8,8
980,115,111,4,4
981,161,145,16,16
982,88,82,6,6
983,107,102,5,5
984,84,83,1,1
985,90,89,1,1
986,55,66,-11,11
987,138,124,14,14
988,90,90,0,0
989,114,106,8,8
990,111,123,-12,12
991,44,55,-11,11
992,111,118,-7,7
993,128,109,19,19
994,98,97,1,1
995,93,89,4,4
996,74,78,-4,4
997,130,127,3,3
998,82,96,-14,14
999,178,150,28,28
1000,42,56,-14,14
1001,96,93,3,3
1002,39,60,-21,21
1003,75,84,-9,9
1004,147,137,10,10
1005,102,105,-3,3
1006,212,182,30,30
1007,64,72,-8,8
1008,91,92,-1,1
1009,39,53,-14,14
1010,92,100,-8,8
1011,159,143,16,16
1012,119,109,10,10
1013,128,123,5,5
1014,125,120,5,5
1015,63,73,-10,10
1016,117,112,5,5
1017,117,119,-2,2
1018,35,51,-16,16
1019,108,108,0,0
1020,108,103,5,5
1021,77,81,-4,4
1022,88,90,-2,2
1023,45,61,-16,16
1024,88,98,-10,10
1025,110,100,10,10
1026,93,92,1,1
1027,77,86,-9,9
1028,144,130,14,14
1029,63,75,-12,12
1030,56,61,-5,5
1031,143,129,14,14
1032,119,127,-8,8
1033,85,83,2,2
1034,94,95,-1,1
1035,115,121,-6,6
1036,117,118,-1,1
1037,71,74,-3,3
1038,79,85,-6,6
1039,119,90,29,29
1040,78,82,-4,4
1041,101,113,-12,12
1042,89,97,-8,8
1043,91,99,-8,8
1044,112,107,5,5
1045,131,128,3,3
1046,43,56,-13,13
1047,162,148,14,14
1048,55,66,-11,11
1049,116,118,-2,2
1050,49,60,-11,11
1051,88,83,5,5
1052,108,105,3,3
1053,72,72,0,0
1054,115,110,5,5
1055,55,66,-11,11
1056,146,131,15,15
1057,97,84,13,13
1058,81,83,-2,2
1059,146,132,14,14
1060,133,123,10,10
1061,62,72,-10,10
1062,148,138,10,10
1063,98,92,6,6
1064,81,76,5,5
1065,73,80,-7,7
1066,81,79,2,2
1067,148,136,12,12
1068,141,123,18,18
1069,56,62,-6,6
1070,123,118,5,5
1071,83,82,1,1
1072,117,118,-1,1
1073,99,99,0,0
1074,99,105,-6,6
1075,64,71,-7,7
1076,92,89,3,3
1077,40,50,-10,10
1078,183,163,20,20
1079,44,65,-21,21
1080,115,111,4,4
1081,49,62,-13,13
1082,127,119,8,8
1083,155,141,14,14
1084,81,92,-11,11
1085,92,89,3,3
1086,74,72,2,2
1087,108,109,-1,1
1088,57,66,-9,9
1089,61,72,-11,11
1090,125,117,8,8
1091,97,92,5,5
1092,60,98,-38,38
1093,78,81,-3,3
1094,71,86,-15,15
1095,84,88,-4,4
1096,177,155,22,22
1097,80,81,-1,1
1098,130,129,1,1
1099,81,88,-7,7
1100,88,93,-5,5
1101,56,64,-8,8
1102,149,134,15,15
1103,92,84,8,8
1104,90,91,-1,1
1105,45,60,-15,15
1106,63,77,-14,14
1107,92,94,-2,2
1108,124,122,2,2
1109,140,133,7,7
1110,122,129,-7,7
1111,47,60,-13,13
1112,67,77,-10,10
1113,199,171,28,28
1114,110,129,-19,19
1115,78,87,-9,9
1116,42,55,-13,13
1117,51,63,-12,12
1118,183,152,31,31
1119,160,152,8,8
1120,117,117,0,0
1121,70,79,-9,9
1122,90,87,3,3
1123,101,109,-8,8
1124,73,82,-9,9
1125,64,73,-9,9
1126,69,75,-6,6
1127,98,98,0,0
1128,121,119,2,2
1129,83,85,-2,2
1130,170,159,11,11
1131,80,84,-4,4
1132,68,75,-7,7
1133,130,136,-6,6
1134,66,77,-11,11
1135,65,88,-23,23
1136,95,95,0,0
1137,99,98,1,1
1138,95,118,-23,23
1139,174,156,18,18
1140,154,132,22,22
1141,121,109,12,12
1142,109,99,10,10
1143,87,104,-17,17
1144,61,61,0,0
1145,96,98,-2,2
1146,96,98,-2,2
1147,118,113,5,5
1148,97,92,5,5
1149,105,99,6,6
1150,87,87,0,0
1151,104,101,3,3
1152,80,92,-12,12
1153,54,66,-12,12
1154,92,93,-1,1
1155,48,61,-13,13
1156,78,87,-9,9
1157,136,120,16,16
1158,139,125,14,14
1159,61,108,-47,47
1160,83,89,-6,6
1161,103,112,-9,9
1162,128,121,7,7
1163,131,122,9,9
1164,76,79,-3,3
1165,74,73,1,1
1166,135,130,5,5
1167,73,82,-9,9
1168,115,118,-3,3
1169,81,93,-12,12
1170,140,128,12,12
1171,69,79,-10,10
1172,46,60,-14,14
1173,109,104,5,5
1174,197,167,30,30
1175,111,119,-8,8
1176,100,98,2,2
1177,77,79,-2,2
1178,66,75,-9,9
1179,67,74,-7,7
1180,120,132,-12,12
1181,349,299,50,50
1182,78,78,0,0
1183,118,122,-4,4
1184,51,70,-19,19
1185,82,90,-8,8
1186,49,57,-8,8
1187,72,77,-5,5
1188,112,211,-99,99
1189,140,119,21,21
1190,69,69,0,0
1191,94,98,-4,4
1192,69,75,-6,6
1193,96,99,-3,3
1194,77,116,-39,39
1195,92,103,-11,11
1196,141,138,3,3
1197,94,96,-2,2
1198,92,85,7,7
1199,96,116,-20,20
1200,69,70,-1,1
1201,35,57,-22,22
1202,78,81,-3,3
1203,113,112,1,1
1204,99,94,5,5
1205,108,105,3,3
1206,118,109,9,9
1207,95,95,0,0
1208,106,111,-5,5
1209,101,88,13,13
1210,77,91,-14,14
1211,97,94,3,3
1212,86,86,0,0
1213,60,70,-10,10
1214,101,110,-9,9
1215,105,98,7,7
1216,73,80,-7,7
1217,90,89,1,1
1218,121,109,12,12
1219,80,87,-7,7
1220,85,95,-10,10
1221,158,148,10,10
1222,75,82,-7,7
1223,70,80,-10,10
1224,66,76,-10,10
1225,107,104,3,3
1226,182,168,14,14
1227,134,126,8,8
1228,103,97,6,6
1229,69,80,-11,11
1230,95,90,5,5
1231,33,44,-11,11
1232,58,67,-9,9
1233,63,75,-12,12
1234,115,101,14,14
1235,111,100,11,11
1236,128,117,11,11
1237,141,126,15,15
1238,50,63,-13,13
1239,129,114,15,15
1240,49,66,-17,17
1241,91,89,2,2
1242,131,119,12,12
1243,120,105,15,15
1244,91,94,-3,3
1245,108,108,0,0
1246,70,79,-9,9
1247,51,60,-9,9
1248,92,99,-7,7
1249,77,80,-3,3
1250,149,134,15,15
1251,117,114,3,3
1252,144,136,8,8
1253,82,78,4,4
1254,107,108,-1,1
1255,51,60,-9,9
1256,55,67,-12,12
1257,101,101,0,0
1258,99,95,4,4
1259,114,105,9,9
1260,55,70,-15,15
1261,83,83,0,0
1262,174,159,15,15
1263,136,127,9,9
1264,89,95,-6,6
1265,67,81,-14,14
1266,81,85,-4,4
1267,122,123,-1,1
1268,74,83,-9,9
1269,149,160,-11,11
1270,62,73,-11,11
1271,64,76,-12,12
1272,85,91,-6,6
1273,163,138,25,25
1274,72,79,-7,7
1275,62,67,-5,5
1276,50,62,-12,12
1277,57,71,-14,14
1278,82,95,-13,13
1279,58,67,-9,9
1280,51,60,-9,9
1281,63,73,-10,10
1282,125,122,3,3
1283,78,88,-10,10
1284,57,64,-7,7
1285,65,71,-6,6
1286,111,117,-6,6
1287,90,90,0,0
1288,107,104,3,3
1289,81,80,1,1
1290,133,112,21,21
1291,111,120,-9,9
1292,64,79,-15,15
1293,56,80,-24,24
1294,51,64,-13,13
1295,64,70,-6,6
1296,156,145,11,11
1297,96,104,-8,8
1298,94,89,5,5
1299,65,95,-30,30
1300,167,150,17,17
1301,44,54,-10,10
1302,255,209,46,46
1303,80,81,-1,1
1304,142,128,14,14
1305,73,69,4,4
1306,114,106,8,8
1307,81,78,3,3
1308,66,73,-7,7
1309,91,93,-2,2
1310,106,96,10,10
1311,84,93,-9,9
1312,120,120,0,0
1313,115,111,4,4
1314,130,121,9,9
1315,192,182,10,10
1316,150,136,14,14
1317,87,91,-4,4
1318,69,76,-7,7
1319,170,166,4,4
1320,99,96,3,3
1321,72,83,-11,11
1322,106,99,7,7
1323,142,119,23,23
1324,44,56,-12,12
1325,87,95,-8,8
1326,72,83,-11,11
1327,116,107,9,9
1328,66,74,-8,8
1329,43,52,-9,9
1330,145,136,9,9
1331,92,90,2,2
1332,86,93,-7,7
1333,87,97,-10,10
1334,71,73,-2,2
1335,136,123,13,13
1336,73,82,-9,9
1337,81,90,-9,9
1338,65,68,-3,3
1339,97,89,8,8
1340,61,69,-8,8
1341,76,74,2,2
1342,55,62,-7,7
1343,100,95,5,5
1344,120,120,0,0
1345,110,119,-9,9
1346,103,105,-2,2
1347,57,65,-8,8
1348,95,86,9,9
1349,82,91,-9,9
1350,105,114,-9,9
1351,68,77,-9,9
1352,177,156,21,21
1353,97,97,0,0
1354,150,126,24,24
1355,38,52,-14,14
1356,85,84,1,1
1357,79,86,-7,7
1358,78,86,-8,8
1359,98,100,-2,2
1360,138,126,12,12
1361,92,87,5,5
1362,110,105,5,5
1363,135,137,-2,2
1364,96,98,-2,2
1365,107,100,7,7
1366,84,91,-7,7
1367,82,82,0,0
1368,87,104,-17,17
1369,58,68,-10,10
1370,55,60,-5,5
1371,69,79,-10,10
1372,193,170,23,23
1373,102,106,-4,4
1374,105,100,5,5
1375,74,91,-17,17
1376,122,128,-6,6
1377,85,88,-3,3
1378,103,99,4,4
1379,139,124,15,15
1380,91,89,2,2
1381,84,96,-12,12
1382,155,138,17,17
1383,73,78,-5,5
1384,141,125,16,16
1385,70,72,-2,2
1386,93,89,4,4
1387,100,94,6,6
1388,96,94,2,2
1389,56,66,-10,10
1390,93,119,-26,26
1391,97,120,-23,23
1392,43,53,-10,10
1393,58,65,-7,7
1394,107,101,6,6
1395,118,115,3,3
1396,64,64,0,0
1397,114,100,14,14
1398,84,84,0,0
1399,68,77,-9,9
1400,170,145,25,25
1401,121,118,3,3
1402,180,165,15,15
1403,81,85,-4,4
1404,131,122,9,9
1405,166,149,17,17
1406,83,88,-5,5
1407,107,97,10,10
1408,95,96,-1,1
1409,88,82,6,6
1410,149,134,15,15
1411,160,149,11,11
1412,112,109,3,3
1413,145,138,7,7
1414,38,46,-8,8
1415,104,98,6,6
1416,125,128,-3,3
1417,86,87,-1,1
1418,105,100,5,5
1419,44,59,-15,15
1420,116,103,13,13
1421,136,124,12,12
1422,149,134,15,15
1423,135,105,30,30
1424,51,47,4,4
1425,94,104,-10,10
1426,88,99,-11,11
1427,128,125,3,3
1428,148,137,11,11
1429,103,109,-6,6
1430,59,67,-8,8
1431,75,79,-4,4
1432,83,86,-3,3
1433,73,78,-5,5
1434,75,98,-23,23
1435,74,83,-9,9
1436,85,88,-3,3
1437,74,75,-1,1
1438,99,100,-1,1
1439,122,121,1,1
1440,130,128,2,2
1441,61,72,-11,11
1442,48,59,-11,11
1443,111,117,-6,6
1444,58,64,-6,6
1445,61,80,-19,19
1446,129,126,3,3
1447,55,63,-8,8
1448,159,143,16,16
1449,81,84,-3,3
1450,44,60,-16,16
1451,64,68,-4,4
1452,105,97,8,8
1453,131,125,6,6
1454,188,167,21,21
1455,107,101,6,6
1456,74,80,-6,6
1457,155,161,-6,6
1458,93,90,3,3
1459,125,121,4,4
1460,113,117,-4,4
1461,81,84,-3,3
1462,73,76,-3,3
1463,78,81,-3,3
1464,124,107,17,17
1465,68,80,-12,12
1466,90,94,-4,4
1467,108,98,10,10
1468,73,77,-4,4
1469,92,91,1,1
1470,118,117,1,1
1471,70,71,-1,1
1472,98,100,-2,2
1473,70,75,-5,5
1474,72,79,-7,7
1475,107,97,10,10
1476,112,109,3,3
1477,118,113,5,5
1478,86,87,-1,1
1479,114,97,17,17
1480,121,112,9,9
1481,120,107,13,13
1482,275,205,70,70
1483,98,91,7,7
1484,95,105,-10,10
1485,80,80,0,0
1486,126,125,1,1
1487,98,98,0,0
1488,133,139,-6,6
1489,61,69,-8,8
1490,129,118,11,11
1491,117,115,2,2
1492,54,80,-26,26
1493,54,65,-11,11
1494,48,62,-14,14
1495,85,86,-1,1
1496,56,81,-25,25
1497,77,92,-15,15
1498,140,123,17,17
1499,69,78,-9,9
1500,88,92,-4,4
1501,107,105,2,2
1502,81,84,-3,3
1503,134,119,15,15
1504,80,86,-6,6
1505,121,114,7,7
1506,111,105,6,6
1507,72,81,-9,9
1508,155,150,5,5
1509,61,71,-10,10
1510,70,80,-10,10
1511,55,64,-9,9
1512,74,79,-5,5
1513,151,141,10,10
1514,38,54,-16,16
1515,164,176,-12,12
1516,66,80,-14,14
1517,58,65,-7,7
1518,66,75,-9,9
1519,116,104,12,12
1520,71,89,-18,18
1521,99,99,0,0
1522,108,118,-10,10
1523,77,83,-6,6
1524,56,68,-12,12
1525,126,113,13,13
1526,117,112,5,5
1527,71,72,-1,1
1528,80,80,0,0
1529,69,76,-7,7
1530,76,76,0,0
1531,137,129,8,8
1532,184,161,23,23
1533,131,120,11,11
1534,149,135,14,14
1535,95,95,0,0
1536,122,119,3,3
1537,54,62,-8,8
1538,88,93,-5,5
1539,83,89,-6,6
1540,69,79,-10,10
1541,87,101,-14,14
1542,156,149,7,7
1543,118,119,-1,1
1544,55,66,-11,11
1545,83,85,-2,2
1546,81,94,-13,13
1547,101,108,-7,7
1548,73,76,-3,3
1549,105,105,0,0
1550,82,90,-8,8
1551,65,72,-7,7
1552,78,83,-5,5
1553,115,110,5,5
1554,133,120,13,13
1555,58,70,-12,12
1556,108,113,-5,5
1557,128,129,-1,1
1558,136,119,17,17
1559,37,54,-17,17
1560,95,102,-7,7
1561,121,116,5,5
1562,87,86,1,1
1563,100,119,-19,19
1564,89,86,3,3
1565,126,124,2,2
1566,109,119,-10,10
1567,103,103,0,0
1568,150,132,18,18
1569,94,121,-27,27
1570,148,149,-1,1
1571,60,70,-10,10
1572,70,76,-6,6
1573,131,129,2,2
1574,70,73,-3,3
1575,95,101,-6,6
1576,66,81,-15,15
1577,86,82,4,4
1578,91,89,2,2
1579,75,85,-10,10
1580,46,59,-13,13
1581,100,103,-3,3
1582,98,94,4,4
1583,92,87,5,5
1584,112,102,10,10
1585,167,148,19,19
1586,90,97,-7,7
1587,109,100,9,9
1588,93,107,-14,14
1589,61,71,-10,10
1590,123,116,7,7
1591,93,96,-3,3
1592,74,74,0,0
1593,36,50,-14,14
1594,89,87,2,2
1595,144,148,-4,4
1596,80,83,-3,3
1597,114,111,3,3
1598,106,106,0,0
1599,57,68,-11,11
1600,70,83,-13,13
1601,112,114,-2,2
1602,92,89,3,3
1603,106,101,5,5
1604,122,122,0,0
1605,128,122,6,6
1606,109,107,2,2
1607,75,78,-3,3
1608,120,110,10,10
1609,60,65,-5,5
1610,137,123,14,14
1611,78,85,-7,7
1612,93,100,-7,7
1613,91,92,-1,1
1614,84,85,-1,1
1615,137,128,9,9
1616,43,60,-17,17
1617,74,70,4,4
1618,77,80,-3,3
1619,114,119,-5,5
1620,104,94,10,10
1621,101,106,-5,5
1622,43,53,-10,10
1623,106,103,3,3
1624,90,89,1,1
1625,114,119,-5,5
1626,82,77,5,5
1627,62,76,-14,14
1628,112,107,5,5
1629,46,63,-17,17
1630,104,92,12,12
1631,106,102,4,4
1632,62,68,-6,6
1633,123,120,3,3
1634,95,97,-2,2
1635,64,76,-12,12
1636,76,86,-10,10
1637,104,101,3,3
1638,126,120,6,6
1639,144,135,9,9
1640,119,120,-1,1
1641,74,76,-2,2
1642,51,66,-15,15
1643,91,96,-5,5
1644,86,96,-10,10
1645,95,90,5,5
1646,72,78,-6,6
1647,162,142,20,20
1648,87,87,0,0
1649,91,95,-4,4
1650,122,131,-9,9
1651,70,78,-8,8
1652,106,114,-8,8
1653,89,98,-9,9
1654,59,63,-4,4
1655,44,55,-11,11
1656,74,73,1,1
1657,77,84,-7,7
1658,135,122,13,13
1659,107,103,4,4
1660,64,70,-6,6
1661,52,75,-23,23
1662,61,71,-10,10
1663,74,79,-5,5
1664,87,100,-13,13
1665,106,101,5,5
1666,64,71,-7,7
1667,70,80,-10,10
1668,77,81,-4,4
1669,62,71,-9,9
1670,67,71,-4,4
1671,109,106,3,3
1672,118,115,3,3
1673,74,86,-12,12
1674,100,98,2,2
1675,83,99,-16,16
1676,83,80,3,3
1677,121,113,8,8
1678,79,90,-11,11
1679,46,58,-12,12
1680,92,87,5,5
1681,102,98,4,4
1682,103,97,6,6
1683,64,65,-1,1
1684,101,96,5,5
1685,105,100,5,5
1686,55,65,-10,10
1687,66,69,-3,3
1688,60,69,-9,9
1689,62,73,-11,11
1690,150,143,7,7
1691,84,94,-10,10
1692,98,107,-9,9
1693,59,70,-11,11
1694,57,68,-11,11
1695,88,123,-35,35
1696,146,141,5,5
1697,58,69,-11,11
1698,73,74,-1,1
1699,192,168,24,24
1700,58,64,-6,6
1701,97,90,7,7
1702,84,86,-2,2
1703,149,136,13,13
1704,162,136,26,26
1705,53,72,-19,19
1706,48,66,-18,18
1707,103,110,-7,7
1708,64,72,-8,8
1709,85,83,2,2
1710,64,72,-8,8
1711,73,77,-4,4
1712,72,74,-2,2
1713,136,122,14,14
1714,103,97,6,6
1715,161,145,16,16
1716,89,91,-2,2
1717,102,96,6,6
1718,66,115,-49,49
1719,87,86,1,1
1720,101,100,1,1
1721,90,97,-7,7
1722,108,110,-2,2
1723,59,71,-12,12
1724,118,110,8,8
1725,56,65,-9,9
1726,195,173,22,22
1727,70,74,-4,4
1728,90,94,-4,4
1729,108,112,-4,4
1730,118,130,-12,12
1731,74,81,-7,7
1732,115,108,7,7
1733,31,48,-17,17
1734,121,120,1,1
1735,43,55,-12,12
1736,78,80,-2,2
1737,63,73,-10,10
1738,57,62,-5,5
1739,53,65,-12,12
1740,63,72,-9,9
1741,88,90,-2,2
1742,80,91,-11,11
1743,133,130,3,3
1744,90,86,4,4
1745,130,125,5,5
1746,70,76,-6,6
1747,169,141,28,28
1748,45,61,-16,16
1749,171,155,16,16
1750,84,85,-1,1
1751,95,99,-4,4
1752,73,83,-10,10
1753,59,68,-9,9
1754,82,92,-10,10
1755,101,96,5,5
1756,77,89,-12,12
1757,57,71,-14,14
1758,97,95,2,2
1759,69,77,-8,8
1760,82,76,6,6
1761,60,81,-21,21
1762,70,76,-6,6
1763,79,85,-6,6
1764,127,120,7,7
1765,92,104,-12,12
1766,119,119,0,0
1767,59,68,-9,9
1768,66,76,-10,10
1769,44,57,-13,13
1770,46,55,-9,9
1771,129,113,16,16
1772,93,87,6,6
1773,98,123,-25,25
1774,89,89,0,0
1775,74,78,-4,4
1776,96,96,0,0
1777,103,95,8,8
1778,84,92,-8,8
1779,75,77,-2,2
1780,167,146,21,21
1781,85,90,-5,5
1782,108,118,-10,10
1783,59,67,-8,8
1784,101,100,1,1
1785,76,81,-5,5
1786,118,115,3,3
1787,67,75,-8,8
1788,53,72,-19,19
1789,108,106,2,2
1790,103,101,2,2
1791,130,136,-6,6
1792,83,87,-4,4
1793,52,69,-17,17
1794,79,88,-9,9
1795,80,88,-8,8
1796,88,75,13,13
1797,55,67,-12,12
1798,53,63,-10,10
1799,116,107,9,9
1800,103,100,3,3
1801,73,84,-11,11
1802,72,78,-6,6
1803,155,141,14,14
1804,205,188,17,17
1805,55,65,-10,10
1806,119,115,4,4
1807,93,91,2,2
1808,81,86,-5,5
1809,93,93,0,0
1810,121,120,1,1
1811,62,68,-6,6
1812,61,72,-11,11
1813,113,114,-1,1
1814,79,81,-2,2
1815,130,128,2,2
1816,68,80,-12,12
1817,81,85,-4,4
1818,114,104,10,10
1819,101,89,12,12
1820,63,65,-2,2
1821,87,102,-15,15
1822,117,116,1,1
1823,114,114,0,0
1824,109,104,5,5
1825,96,93,3,3
1826,54,67,-13,13
1827,132,124,8,8
1828,85,93,-8,8
1829,70,73,-3,3
1830,60,63,-3,3
1831,68,74,-6,6
1832,48,56,-8,8
1833,75,84,-9,9
1834,126,118,8,8
1835,106,99,7,7
1836,60,68,-8,8
1837,70,72,-2,2
1838,52,59,-7,7
1839,86,83,3,3
1840,74,75,-1,1
1841,118,110,8,8
1842,43,59,-16,16
1843,207,177,30,30
1844,97,91,6,6
1845,78,82,-4,4
1846,100,103,-3,3
1847,108,100,8,8
1848,73,78,-5,5
1849,151,136,15,15
1850,45,58,-13,13
1851,81,81,0,0
1852,68,75,-7,7
1853,140,144,-4,4
1854,121,112,9,9
1855,88,103,-15,15
1856,42,56,-14,14
1857,76,81,-5,5
1858,89,87,2,2
1859,61,68,-7,7
1860,98,93,5,5
1861,78,86,-8,8
1862,54,67,-13,13
1863,128,141,-13,13
1864,160,148,12,12
1865,65,74,-9,9
1866,109,103,6,6
1867,149,149,0,0
1868,112,104,8,8
1869,78,80,-2,2
1870,61,67,-6,6
1871,82,83,-1,1
1872,54,62,-8,8
1873,45,62,-17,17
1874,102,98,4,4
1875,92,94,-2,2
1876,121,119,2,2
1877,119,118,1,1
1878,84,84,0,0
1879,99,102,-3,3
1880,116,118,-2,2
1881,119,114,5,5
1882,157,148,9,9
1883,119,106,13,13
1884,92,88,4,4
1885,60,73,-13,13
1886,101,101,0,0
1887,90,96,-6,6
1888,132,134,-2,2
1889,156,146,10,10
1890,101,99,2,2
1891,88,88,0,0
1892,141,118,23,23
1893,56,68,-12,12
1894,85,81,4,4
1895,182,157,25,25
1896,127,112,15,15
1897,76,79,-3,3
1898,83,83,0,0
1899,59,68,-9,9
1900,33,52,-19,19
1901,38,50,-12,12
1902,90,85,5,5
1903,87,100,-13,13
1904,81,92,-11,11
1905,123,122,1,1
1906,111,107,4,4
1907,207,203,4,4
1908,140,132,8,8
1909,90,90,0,0
1910,67,77,-10,10
1911,102,130,-28,28
1912,65,72,-7,7
1913,81,88,-7,7
1914,75,78,-3,3
1915,93,97,-4,4
1916,87,104,-17,17
1917,183,156,27,27
1918,95,96,-1,1
1919,200,186,14,14
1920,95,96,-1,1
1921,199,172,27,27
1922,87,91,-4,4
1923,56,63,-7,7
1924,55,74,-19,19
1925,90,98,-8,8
1926,64,76,-12,12
1927,57,67,-10,10
1928,179,178,1,1
1929,78,80,-2,2
1930,54,67,-13,13
1931,112,105,7,7
1932,69,89,-20,20
1933,73,83,-10,10
1934,64,72,-8,8
1935,65,78,-13,13
1936,63,71,-8,8
1937,159,141,18,18
1938,71,79,-8,8
1939,90,87,3,3
1940,116,109,7,7
1941,110,106,4,4
1942,80,89,-9,9
1943,116,120,-4,4
1944,101,106,-5,5
1945,145,132,13,13
1946,144,138,6,6
1947,163,145,18,18
1948,115,123,-8,8
1949,115,120,-5,5
1950,102,108,-6,6
1951,105,98,7,7
1952,61,67,-6,6
1953,74,81,-7,7
1954,88,90,-2,2
1955,86,84,2,2
1956,98,99,-1,1
1957,113,108,5,5
1958,82,79,3,3
1959,124,109,15,15
1960,76,77,-1,1
1961,137,132,5,5
1962,88,100,-12,12
1963,130,120,10,10
1964,75,75,0,0
1965,97,87,10,10
1966,114,120,-6,6
1967,92,92,0,0
1968,106,105,1,1
1969,89,94,-5,5
1970,72,93,-21,21
1971,92,93,-1,1
1972,66,76,-10,10
1973,26,31,-5,5
1974,106,102,4,4
1975,82,90,-8,8
1976,112,113,-1,1
1977,94,91,3,3
1978,106,104,2,2
1979,114,105,9,9
1980,85,100,-15,15
1981,144,143,1,1
1982,137,122,15,15
1983,56,72,-16,16
1984,62,62,0,0
1985,65,76,-11,11
1986,71,80,-9,9
1987,78,90,-12,12
1988,66,68,-2,2
1989,106,108,-2,2
1990,74,103,-29,29
1991,46,122,-76,76
1992,140,126,14,14
1993,129,120,9,9
1994,83,91,-8,8
1995,81,88,-7,7
1996,49,60,-11,11
1997,124,119,5,5
1998,42,50,-8,8
1999,89,87,2,2
2000,101,98,3,3
2001,184,185,-1,1
2002,113,109,4,4
2003,212,190,22,22
2004,120,109,11,11
2005,95,98,-3,3
2006,120,119,1,1
2007,97,96,1,1
2008,72,77,-5,5
2009,80,75,5,5
2010,87,98,-11,11
2011,100,100,0,0
2012,185,169,16,16
2013,90,93,-3,3
2014,77,83,-6,6
2015,67,77,-10,10
2016,63,73,-10,10
2017,74,81,-7,7
2018,104,99,5,5
2019,129,122,7,7
2020,73,77,-4,4
2021,128,121,7,7
2022,64,72,-8,8
2023,88,85,3,3
2024,47,62,-15,15
2025,68,72,-4,4
2026,75,74,1,1
2027,75,79,-4,4
2028,80,88,-8,8
2029,61,72,-11,11
2030,74,79,-5,5
2031,79,86,-7,7
2032,62,74,-12,12
2033,121,123,-2,2
2034,77,81,-4,4
2035,104,106,-2,2
2036,116,113,3,3
2037,61,79,-18,18
2038,86,86,0,0
2039,83,96,-13,13
2040,119,119,0,0
2041,109,114,-5,5
2042,83,96,-13,13
2043,66,78,-12,12
2044,112,110,2,2
2045,110,109,1,1
2046,115,123,-8,8
2047,97,98,-1,1
2048,115,115,0,0
2049,78,87,-9,9
2050,58,67,-9,9
2051,98,102,-4,4
2052,104,100,4,4
2053,109,101,8,8
2054,143,129,14,14
2055,98,97,1,1
2056,56,72,-16,16
2057,61,71,-10,10
2058,86,84,2,2
2059,73,78,-5,5
2060,101,98,3,3
2061,165,146,19,19
2062,64,63,1,1
2063,62,68,-6,6
2064,68,72,-4,4
2065,101,103,-2,2
2066,72,83,-11,11
2067,56,65,-9,9
2068,109,99,10,10
2069,63,67,-4,4
2070,48,60,-12,12
2071,134,130,4,4
2072,91,99,-8,8
2073,80,88,-8,8
2074,112,107,5,5
2075,49,61,-12,12
2076,91,89,2,2
2077,75,86,-11,11
2078,86,81,5,5
2079,142,125,17,17
2080,79,79,0,0
2081,122,126,-4,4
2082,139,132,7,7
2083,79,76,3,3
2084,184,159,25,25
2085,134,157,-23,23
2086,99,95,4,4
2087,59,74,-15,15
2088,77,85,-8,8
2089,84,85,-1,1
2090,116,118,-2,2
2091,41,53,-12,12
2092,70,73,-3,3
2093,39,52,-13,13
2094,82,86,-4,4
2095,58,66,-8,8
2096,166,152,14,14
2097,71,79,-8,8
2098,119,113,6,6
2099,92,99,-7,7
2100,116,117,-1,1
2101,121,111,10,10
2102,106,103,3,3
2103,82,84,-2,2
2104,137,132,5,5
2105,113,117,-4,4
2106,84,92,-8,8
2107,136,123,13,13
2108,57,68,-11,11
2109,142,128,14,14
2110,55,61,-6,6
2111,82,84,-2,2
2112,208,181,27,27
2113,101,91,10,10
2114,156,154,2,2
2115,175,152,23,23
2116,137,118,19,19
2117,105,119,-14,14
2118,84,91,-7,7
2119,78,86,-8,8
2120,115,104,11,11
2121,74,78,-4,4
2122,67,73,-6,6
2123,46,59,-13,13
2124,123,119,4,4
2125,68,72,-4,4
2126,110,117,-7,7
2127,95,94,1,1
2128,77,88,-11,11
2129,86,95,-9,9
2130,62,67,-5,5
2131,91,87,4,4
2132,76,83,-7,7
2133,92,84,8,8
2134,98,92,6,6
2135,108,104,4,4
2136,142,134,8,8
2137,111,89,22,22
2138,96,100,-4,4
2139,86,89,-3,3
2140,138,128,10,10
2141,89,95,-6,6
2142,149,128,21,21
2143,82,88,-6,6
2144,135,131,4,4
2145,94,93,1,1
2146,79,86,-7,7
2147,84,87,-3,3
2148,44,85,-41,41
2149,46,68,-22,22
2150,96,95,1,1
2151,114,107,7,7
2152,57,67,-10,10
2153,79,81,-2,2
2154,78,92,-14,14
2155,117,133,-16,16
2156,98,91,7,7
2157,57,63,-6,6
2158,99,93,6,6
2159,97,94,3,3
2160,98,93,5,5
2161,70,73,-3,3
2162,102,107,-5,5
2163,82,89,-7,7
2164,81,85,-4,4
2165,69,77,-8,8
2166,66,69,-3,3
2167,97,88,9,9
2168,86,91,-5,5
2169,58,65,-7,7
2170,83,93,-10,10
2171,78,80,-2,2
2172,64,68,-4,4
2173,127,101,26,26
2174,73,69,4,4
2175,70,84,-14,14
2176,93,98,-5,5
2177,116,117,-1,1
2178,103,93,10,10
2179,44,57,-13,13
2180,84,96,-12,12
2181,116,99,17,17
2182,102,109,-7,7
2183,56,63,-7,7
2184,117,111,6,6
2185,111,113,-2,2
2186,82,93,-11,11
2187,115,107,8,8
2188,96,105,-9,9
2189,137,112,25,25
2190,111,113,-2,2
2191,63,75,-12,12
2192,65,71,-6,6
2193,57,64,-7,7
2194,82,77,5,5
2195,64,90,-26,26
2196,100,99,1,1
2197,68,72,-4,4
2198,57,70,-13,13
2199,76,75,1,1
2200,138,127,11,11
2201,61,75,-14,14
2202,80,91,-11,11
2203,98,101,-3,3
2204,137,134,3,3
2205,101,96,5,5
2206,122,121,1,1
2207,75,87,-12,12
2208,118,114,4,4
2209,87,94,-7,7
2210,116,113,3,3
2211,97,98,-1,1
2212,147,154,-7,7
2213,74,77,-3,3
2214,55,68,-13,13
2215,110,100,10,10
2216,93,95,-2,2
2217,64,78,-14,14
2218,105,112,-7,7
2219,70,100,-30,30
2220,92,88,4,4
2221,63,72,-9,9
2222,93,95,-2,2
2223,60,68,-8,8
2224,82,86,-4,4
2225,108,105,3,3
2226,118,116,2,2
2227,167,156,11,11
2228,112,110,2,2
2229,85,90,-5,5
2230,77,94,-17,17
2231,105,106,-1,1
2232,144,137,7,7
2233,159,153,6,6
2234,68,74,-6,6
2235,42,54,-12,12
2236,111,126,-15,15
2237,67,82,-15,15
2238,135,124,11,11
2239,45,61,-16,16
2240,79,81,-2,2
2241,117,120,-3,3
2242,94,94,0,0
2243,44,83,-39,39
2244,94,101,-7,7
2245,140,123,17,17
2246,98,95,3,3
2247,66,76,-10,10
2248,63,76,-13,13
2249,65,78,-13,13
2250,104,109,-5,5
2251,92,97,-5,5
2252,86,91,-5,5
2253,81,86,-5,5
2254,77,92,-15,15
2255,78,83,-5,5
2256,48,65,-17,17
2257,39,51,-12,12
2258,47,54,-7,7
2259,94,104,-10,10
2260,161,146,15,15
2261,72,72,0,0
2262,35,52,-17,17
2263,89,98,-9,9
2264,69,94,-25,25
2265,102,107,-5,5
2266,79,99,-20,20
2267,107,100,7,7
2268,111,123,-12,12
2269,95,99,-4,4
2270,102,104,-2,2
2271,89,96,-7,7
2272,65,69,-4,4
2273,108,105,3,3
2274,57,75,-18,18
2275,103,99,4,4
2276,151,124,27,27
2277,184,162,22,22
2278,78,80,-2,2
2279,185,150,35,35
2280,63,76,-13,13
2281,131,128,3,3
2282,155,132,23,23
2283,87,85,2,2
2284,136,128,8,8
2285,104,105,-1,1
2286,54,62,-8,8
2287,107,107,0,0
2288,64,70,-6,6
2289,68,76,-8,8
2290,90,94,-4,4
2291,65,79,-14,14
2292,86,95,-9,9
2293,78,82,-4,4
2294,72,73,-1,1
2295,50,68,-18,18
2296,107,105,2,2
2297,101,208,-107,107
2298,104,101,3,3
2299,47,59,-12,12
2300,87,87,0,0
2301,102,104,-2,2
2302,103,97,6,6
2303,62,64,-2,2
2304,57,67,-10,10
2305,68,77,-9,9
2306,109,109,0,0
2307,80,92,-12,12
2308,76,88,-12,12
2309,97,99,-2,2
2310,83,83,0,0
2311,116,111,5,5
2312,72,75,-3,3
2313,49,65,-16,16
2314,108,113,-5,5
2315,106,96,10,10
2316,135,123,12,12
2317,115,119,-4,4
2318,111,101,10,10
2319,95,90,5,5
2320,56,73,-17,17
2321,154,131,23,23
2322,106,105,1,1
2323,71,79,-8,8
2324,92,88,4,4
2325,96,88,8,8
2326,75,84,-9,9
2327,127,112,15,15
2328,66,76,-10,10
2329,78,84,-6,6
2330,148,140,8,8
2331,95,93,2,2
2332,145,121,24,24
2333,80,89,-9,9
2334,48,58,-10,10
2335,73,88,-15,15
2336,128,131,-3,3
2337,38,57,-19,19
2338,180,165,15,15
2339,63,72,-9,9
2340,60,68,-8,8
2341,149,141,8,8
2342,97,101,-4,4
2343,57,70,-13,13
2344,158,136,22,22
2345,85,91,-6,6
2346,83,80,3,3
2347,145,131,14,14
2348,76,80,-4,4
2349,107,101,6,6
2350,177,160,17,17
2351,106,95,11,11
2352,73,80,-7,7
2353,43,57,-14,14
2354,141,121,20,20
2355,100,105,-5,5
2356,81,101,-20,20
2357,267,191,76,76
2358,69,77,-8,8
2359,114,115,-1,1
2360,110,107,3,3
2361,107,108,-1,1
2362,95,90,5,5
2363,92,89,3,3
2364,166,141,25,25
2365,83,90,-7,7
2366,140,125,15,15
2367,102,96,6,6
2368,82,91,-9,9
2369,88,95,-7,7
2370,129,112,17,17
2371,171,172,-1,1
2372,53,60,-7,7
2373,139,119,20,20
2374,131,119,12,12
2375,137,123,14,14
2376,65,72,-7,7
2377,83,89,-6,6
2378,191,180,11,11
2379,65,68,-3,3
2380,197,178,19,19
2381,101,100,1,1
2382,147,140,7,7
2383,159,149,10,10
2384,46,57,-11,11
2385,151,140,11,11
2386,104,99,5,5
2387,132,133,-1,1
2388,67,74,-7,7
2389,80,82,-2,2
2390,198,176,22,22
2391,116,128,-12,12
2392,72,107,-35,35
2393,152,135,17,17
2394,63,79,-16,16
2395,61,71,-10,10
2396,112,107,5,5
2397,96,89,7,7
2398,90,89,1,1
2399,118,119,-1,1
2400,102,105,-3,3
2401,65,72,-7,7
2402,93,97,-4,4
2403,64,70,-6,6
2404,88,116,-28,28
2405,116,111,5,5
2406,94,104,-10,10
2407,96,105,-9,9
2408,83,101,-18,18
2409,125,122,3,3
2410,71,71,0,0
2411,147,149,-2,2
2412,117,119,-2,2
2413,125,121,4,4
2414,65,69,-4,4
2415,69,81,-12,12
2416,72,78,-6,6
2417,80,88,-8,8
2418,73,76,-3,3
2419,62,71,-9,9
2420,126,121,5,5
2421,56,65,-9,9
2422,90,97,-7,7
2423,95,101,-6,6
2424,67,77,-10,10
2425,37,54,-17,17
2426,128,119,9,9
2427,63,67,-4,4
2428,32,47,-15,15
2429,63,66,-3,3
2430,42,62,-20,20
2431,90,95,-5,5
2432,58,69,-11,11
2433,159,135,24,24
2434,114,121,-7,7
2435,76,83,-7,7
2436,71,77,-6,6
2437,91,94,-3,3
2438,144,127,17,17
2439,71,73,-2,2
2440,70,80,-10,10
2441,109,111,-2,2
2442,86,88,-2,2
2443,114,116,-2,2
2444,66,65,1,1
2445,92,87,5,5
2446,71,76,-5,5
2447,92,91,1,1
2448,137,145,-8,8
2449,73,90,-17,17
2450,73,81,-8,8
2451,101,95,6,6
2452,119,113,6,6
2453,97,97,0,0
2454,110,102,8,8
2455,69,72,-3,3
2456,81,81,0,0
2457,67,77,-10,10
2458,139,127,12,12
2459,88,91,-3,3
2460,114,109,5,5
2461,64,69,-5,5
2462,86,88,-2,2
2463,122,118,4,4
2464,122,113,9,9
2465,94,91,3,3
2466,128,125,3,3
2467,83,84,-1,1
2468,92,92,0,0
2469,175,162,13,13
2470,141,136,5,5
2471,72,81,-9,9
2472,135,136,-1,1
2473,84,85,-1,1
2474,123,116,7,7
2475,113,114,-1,1
2476,135,127,8,8
2477,83,87,-4,4
2478,58,71,-13,13
2479,146,140,6,6
2480,123,122,1,1
2481,50,61,-11,11
2482,67,82,-15,15
2483,80,89,-9,9
2484,136,127,9,9
2485,165,152,13,13
2486,84,81,3,3
2487,107,102,5,5
2488,151,144,7,7
2489,111,112,-1,1
2490,51,66,-15,15
2491,78,85,-7,7
2492,145,121,24,24
2493,54,66,-12,12
2494,86,86,0,0
2495,93,93,0,0
2496,117,106,11,11
2497,52,64,-12,12
2498,84,94,-10,10
2499,196,183,13,13
2500,70,68,2,2
2501,166,157,9,9
2502,103,94,9,9
2503,67,84,-17,17
2504,54,63,-9,9
2505,91,93,-2,2
2506,124,121,3,3
2507,80,82,-2,2
2508,111,114,-3,3
2509,108,98,10,10
2510,134,135,-1,1
2511,98,97,1,1
2512,64,90,-26,26
2513,73,79,-6,6
2514,94,98,-4,4
2515,61,79,-18,18
2516,90,98,-8,8
2517,102,98,4,4
2518,150,136,14,14
2519,97,101,-4,4
2520,76,79,-3,3
2521,58,68,-10,10
2522,90,81,9,9
2523,70,76,-6,6
2524,65,75,-10,10
2525,78,83,-5,5
2526,53,67,-14,14
2527,83,81,2,2
2528,103,78,25,25
2529,74,77,-3,3
2530,173,158,15,15
2531,63,74,-11,11
2532,104,102,2,2
2533,96,100,-4,4
2534,110,119,-9,9
2535,83,84,-1,1
2536,89,94,-5,5
2537,95,104,-9,9
2538,74,88,-14,14
2539,55,61,-6,6
2540,117,116,1,1
2541,32,39,-7,7
2542,64,77,-13,13
2543,103,92,11,11
2544,121,120,1,1
2545,129,118,11,11
2546,90,98,-8,8
2547,119,139,-20,20
2548,105,96,9,9
2549,78,79,-1,1
2550,159,139,20,20
2551,73,81,-8,8
2552,128,123,5,5
2553,149,143,6,6
2554,129,109,20,20
2555,87,95,-8,8
2556,69,81,-12,12
2557,120,116,4,4
2558,57,65,-8,8
2559,107,113,-6,6
2560,56,64,-8,8
2561,128,89,39,39
2562,153,131,22,22
2563,114,121,-7,7
2564,96,102,-6,6
2565,111,105,6,6
2566,130,128,2,2
2567,88,94,-6,6
2568,75,81,-6,6
2569,85,95,-10,10
2570,105,102,3,3
2571,48,60,-12,12
2572,98,97,1,1
2573,62,76,-14,14
2574,142,132,10,10
2575,91,80,11,11
2576,85,89,-4,4
2577,67,72,-5,5
2578,116,110,6,6
2579,82,93,-11,11
2580,136,131,5,5
2581,145,123,22,22
2582,76,84,-8,8
2583,46,60,-14,14
2584,112,126,-14,14
2585,119,120,-1,1
2586,75,95,-20,20
2587,58,74,-16,16
2588,90,99,-9,9
2589,106,115,-9,9
2590,117,114,3,3
2591,97,96,1,1
2592,142,146,-4,4
2593,156,143,13,13
2594,136,96,40,40
2595,73,84,-11,11
2596,98,92,6,6
2597,79,89,-10,10
2598,130,129,1,1
2599,114,117,-3,3
2600,122,116,6,6
2601,87,84,3,3
2602,136,122,14,14
2603,157,139,18,18
2604,53,64,-11,11
2605,106,103,3,3
2606,62,73,-11,11
2607,87,94,-7,7
2608,75,76,-1,1
2609,71,79,-8,8
2610,87,89,-2,2
2611,81,85,-4,4
2612,110,103,7,7
2613,119,118,1,1
2614,103,99,4,4
2615,65,67,-2,2
2616,137,119,18,18
2617,66,80,-14,14
2618,78,78,0,0
2619,93,99,-6,6
2620,117,111,6,6
2621,95,97,-2,2
2622,88,85,3,3
2623,102,93,9,9
2624,49,60,-11,11
2625,82,81,1,1
2626,70,79,-9,9
2627,78,88,-10,10
2628,75,76,-1,1
2629,80,85,-5,5
2630,133,123,10,10
2631,82,87,-5,5
2632,147,110,37,37
2633,174,155,19,19
2634,65,73,-8,8
2635,95,96,-1,1
2636,105,95,10,10
2637,72,76,-4,4
2638,78,85,-7,7
2639,137,131,6,6
2640,153,137,16,16
2641,131,142,-11,11
2642,53,65,-12,12
2643,88,85,3,3
2644,74,82,-8,8
2645,62,68,-6,6
2646,97,105,-8,8
2647,121,116,5,5
2648,106,107,-1,1
2649,76,104,-28,28
2650,103,104,-1,1
2651,87,83,4,4
2652,67,69,-2,2
2653,68,94,-26,26
2654,123,109,14,14
2655,68,70,-2,2
2656,115,115,0,0
2657,116,105,11,11
2658,95,92,3,3
2659,57,70,-13,13
2660,106,102,4,4
2661,85,90,-5,5
2662,106,95,11,11
2663,87,86,1,1
2664,86,92,-6,6
2665,84,89,-5,5
2666,60,67,-7,7
2667,99,104,-5,5
2668,84,105,-21,21
2669,60,67,-7,7
2670,134,118,16,16
2671,130,127,3,3
2672,78,78,0,0
2673,62,70,-8,8
2674,90,85,5,5
2675,105,111,-6,6
2676,104,106,-2,2
2677,102,101,1,1
2678,125,122,3,3
2679,74,72,2,2
2680,100,99,1,1
2681,103,108,-5,5
2682,77,76,1,1
2683,86,87,-1,1
2684,97,102,-5,5
2685,81,91,-10,10
2686,88,95,-7,7
2687,52,66,-14,14
2688,59,76,-17,17
2689,89,87,2,2
2690,51,72,-21,21
2691,45,61,-16,16
2692,103,112,-9,9
2693,70,82,-12,12
2694,148,139,9,9
2695,91,99,-8,8
2696,45,56,-11,11
2697,146,145,1,1
2698,119,119,0,0
2699,107,111,-4,4
2700,170,147,23,23
2701,62,69,-7,7
2702,130,110,20,20
2703,40,65,-25,25
2704,91,90,1,1
2705,61,70,-9,9
2706,72,73,-1,1
2707,113,113,0,0
2708,120,104,16,16
2709,52,62,-10,10
2710,43,61,-18,18
2711,63,68,-5,5
2712,106,107,-1,1
2713,109,109,0,0
2714,136,132,4,4
2715,100,100,0,0
2716,58,70,-12,12
2717,64,72,-8,8
2718,135,133,2,2
2719,125,122,3,3
2720,91,108,-17,17
2721,81,89,-8,8
2722,53,61,-8,8
2723,120,117,3,3
2724,96,100,-4,4
2725,42,50,-8,8
2726,122,120,2,2
2727,67,69,-2,2
2728,97,92,5,5
2729,65,73,-8,8
2730,86,91,-5,5
2731,72,75,-3,3
2732,62,69,-7,7
2733,72,75,-3,3
2734,83,78,5,5
2735,129,126,3,3
2736,109,105,4,4
2737,72,89,-17,17
2738,78,86,-8,8
2739,175,170,5,5
2740,125,121,4,4
2741,65,66,-1,1
2742,122,119,3,3
2743,79,85,-6,6
2744,35,57,-22,22
2745,86,93,-7,7
2746,120,110,10,10
2747,96,97,-1,1
2748,152,144,8,8
2749,114,119,-5,5
2750,94,99,-5,5
2751,67,73,-6,6
2752,94,98,-4,4
2753,145,123,22,22
2754,52,63,-11,11
2755,108,107,1,1
2756,86,96,-10,10
2757,91,95,-4,4
2758,132,124,8,8
2759,160,150,10,10
2760,94,89,5,5
2761,136,121,15,15
2762,46,57,-11,11
2763,76,76,0,0
2764,66,77,-11,11
2765,72,77,-5,5
2766,102,104,-2,2
2767,77,84,-7,7
2768,56,67,-11,11
2769,139,137,2,2
2770,217,188,29,29
2771,105,106,-1,1
2772,86,84,2,2
2773,172,152,20,20
2774,131,127,4,4
2775,141,132,9,9
2776,85,93,-8,8
2777,68,69,-1,1
2778,90,95,-5,5
2779,75,80,-5,5
2780,82,88,-6,6
2781,76,77,-1,1
2782,92,93,-1,1
2783,76,81,-5,5
2784,108,104,4,4
2785,99,97,2,2
2786,65,76,-11,11
2787,101,110,-9,9
2788,196,173,23,23
2789,80,90,-10,10
2790,130,130,0,0
2791,57,80,-23,23
2792,105,98,7,7
2793,83,88,-5,5
2794,75,92,-17,17
2795,37,55,-18,18
2796,92,101,-9,9
2797,70,73,-3,3
2798,35,45,-10,10
2799,120,110,10,10
2800,87,81,6,6
2801,56,60,-4,4
2802,84,86,-2,2
2803,185,165,20,20
2804,95,91,4,4
2805,76,79,-3,3
2806,60,68,-8,8
2807,84,89,-5,5
2808,67,74,-7,7
2809,79,83,-4,4
2810,106,102,4,4
2811,121,115,6,6
2812,81,94,-13,13
2813,93,95,-2,2
2814,150,138,12,12
2815,104,110,-6,6
2816,95,95,0,0
2817,120,114,6,6
2818,140,139,1,1
2819,106,115,-9,9
2820,92,85,7,7
2821,75,81,-6,6
2822,69,88,-19,19
2823,78,80,-2,2
2824,57,69,-12,12
2825,71,72,-1,1
2826,110,105,5,5
2827,90,93,-3,3
2828,58,66,-8,8
2829,52,65,-13,13
2830,108,110,-2,2
2831,53,68,-15,15
2832,102,99,3,3
2833,89,96,-7,7
2834,158,139,19,19
2835,81,79,2,2
2836,93,102,-9,9
2837,127,120,7,7
2838,117,111,6,6
2839,105,99,6,6
2840,133,125,8,8
2841,106,97,9,9
2842,149,135,14,14
2843,117,114,3,3
2844,92,92,0,0
2845,74,78,-4,4
2846,156,139,17,17
2847,90,92,-2,2
2848,116,119,-3,3
2849,118,113,5,5
2850,109,109,0,0
2851,110,107,3,3
2852,84,95,-11,11
2853,120,107,13,13
2854,145,137,8,8
2855,64,73,-9,9
2856,95,110,-15,15
2857,54,65,-11,11
2858,109,106,3,3
2859,81,84,-3,3
2860,74,82,-8,8
2861,123,126,-3,3
2862,88,91,-3,3
2863,153,149,4,4
2864,119,123,-4,4
2865,100,100,0,0
2866,91,91,0,0
2867,85,79,6,6
2868,72,76,-4,4
2869,137,124,13,13
2870,120,140,-20,20
2871,58,69,-11,11
2872,106,103,3,3
2873,100,97,3,3
2874,75,82,-7,7
2875,71,75,-4,4
2876,90,87,3,3
2877,56,66,-10,10
2878,109,106,3,3
2879,97,102,-5,5
2880,95,94,1,1
2881,84,83,1,1
2882,64,71,-7,7
2883,79,81,-2,2
2884,66,73,-7,7
2885,65,75,-10,10
2886,117,115,2,2
2887,143,134,9,9
2888,65,72,-7,7
2889,80,83,-3,3
2890,111,118,-7,7
2891,116,113,3,3
2892,80,130,-50,50
2893,89,94,-5,5
2894,181,158,23,23
2895,95,93,2,2
2896,81,83,-2,2
2897,172,146,26,26
2898,137,121,16,16
2899,83,87,-4,4
2900,98,100,-2,2
2901,131,120,11,11
2902,75,82,-7,7
2903,160,148,12,12
2904,115,104,11,11
2905,124,126,-2,2
2906,121,112,9,9
2907,113,110,3,3
2908,116,110,6,6
2909,62,73,-11,11
2910,94,90,4,4
2911,92,94,-2,2
2912,144,134,10,10
2913,37,90,-53,53
2914,65,77,-12,12
2915,159,167,-8,8
2916,76,78,-2,2
2917,116,113,3,3
2918,79,80,-1,1
2919,89,101,-12,12
2920,79,81,-2,2
2921,100,106,-6,6
2922,92,89,3,3
2923,90,93,-3,3
2924,53,64,-11,11
2925,97,104,-7,7
2926,148,137,11,11
2927,104,109,-5,5
2928,57,63,-6,6
2929,71,76,-5,5
2930,116,126,-10,10
2931,191,174,17,17
2932,122,116,6,6
2933,60,71,-11,11
2934,125,147,-22,22
2935,69,82,-13,13
2936,98,101,-3,3
2937,131,119,12,12
2938,105,112,-7,7
2939,103,98,5,5
2940,60,73,-13,13
2941,67,75,-8,8
2942,118,117,1,1
2943,58,86,-28,28
2944,76,81,-5,5
2945,109,99,10,10
2946,72,77,-5,5
2947,87,89,-2,2
2948,57,70,-13,13
2949,85,89,-4,4
2950,78,86,-8,8
2951,88,83,5,5
2952,75,76,-1,1
2953,124,118,6,6
2954,84,92,-8,8
2955,112,104,8,8
2956,98,95,3,3
2957,152,140,12,12
2958,54,65,-11,11
2959,121,120,1,1
2960,164,144,20,20
2961,58,68,-10,10
2962,164,156,8,8
2963,47,64,-17,17
2964,163,162,1,1
2965,104,101,3,3
2966,66,77,-11,11
2967,111,110,1,1
2968,60,72,-12,12
2969,45,58,-13,13
2970,98,93,5,5
2971,129,116,13,13
2972,94,95,-1,1
2973,100,104,-4,4
2974,88,94,-6,6
2975,79,84,-5,5
2976,73,81,-8,8
2977,125,121,4,4
2978,91,97,-6,6
2979,102,105,-3,3
2980,137,129,8,8
2981,186,170,16,16
2982,67,78,-11,11
2983,59,71,-12,12
2984,36,53,-17,17
2985,128,119,9,9
2986,80,81,-1,1
2987,102,117,-15,15
2988,137,114,23,23
2989,58,60,-2,2
2990,94,98,-4,4
2991,90,89,1,1
2992,110,102,8,8
2993,101,111,-10,10
2994,78,84,-6,6
2995,121,106,15,15
2996,87,87,0,0
2997,81,80,1,1
2998,70,78,-8,8
2999,142,131,11,11
3000,93,98,-5,5
3001,98,90,8,8
3002,125,121,4,4
3003,65,70,-5,5
3004,126,123,3,3
3005,77,80,-3,3
3006,79,87,-8,8
3007,85,90,-5,5
3008,65,69,-4,4
3009,74,85,-11,11
3010,124,124,0,0
3011,112,103,9,9
3012,99,103,-4,4
3013,73,75,-2,2
3014,97,100,-3,3
3015,73,80,-7,7
3016,58,63,-5,5
3017,172,157,15,15
3018,91,92,-1,1
3019,67,77,-10,10
3020,100,103,-3,3
3021,110,108,2,2
3022,58,69,-11,11
3023,96,102,-6,6
3024,69,84,-15,15
3025,91,94,-3,3
3026,64,74,-10,10
3027,71,82,-11,11
3028,49,74,-25,25
3029,88,97,-9,9
3030,147,122,25,25
3031,71,74,-3,3
3032,117,108,9,9
3033,89,97,-8,8
3034,95,92,3,3
3035,78,85,-7,7
3036,82,95,-13,13
3037,72,80,-8,8
3038,137,121,16,16
3039,122,122,0,0
3040,115,106,9,9
3041,120,112,8,8
3042,119,121,-2,2
3043,84,89,-5,5
3044,88,86,2,2
3045,60,71,-11,11
3046,115,114,1,1
3047,81,83,-2,2
3048,136,139,-3,3
3049,85,95,-10,10
3050,100,107,-7,7
3051,118,119,-1,1
3052,109,103,6,6
3053,61,79,-18,18
3054,105,104,1,1
3055,206,180,26,26
3056,112,111,1,1
3057,83,86,-3,3
3058,181,176,5,5
3059,151,135,16,16
3060,104,104,0,0
3061,83,99,-16,16
3062,109,103,6,6
3063,62,69,-7,7
3064,76,81,-5,5
3065,86,94,-8,8
3066,127,114,13,13
3067,83,86,-3,3
3068,122,108,14,14
3069,103,106,-3,3
3070,107,107,0,0
3071,94,93,1,1
3072,103,93,10,10
3073,72,73,-1,1
3074,66,75,-9,9
3075,70,90,-20,20
3076,54,62,-8,8
3077,57,75,-18,18
3078,165,155,10,10
3079,125,119,6,6
3080,125,127,-2,2
3081,92,92,0,0
3082,53,57,-4,4
3083,106,122,-16,16
3084,95,92,3,3
3085,94,90,4,4
3086,72,80,-8,8
3087,78,82,-4,4
3088,113,112,1,1
3089,106,95,11,11
3090,101,98,3,3
3091,102,111,-9,9
3092,95,93,2,2
3093,69,78,-9,9
3094,74,73,1,1
3095,104,98,6,6
3096,78,87,-9,9
3097,86,92,-6,6
3098,41,49,-8,8
3099,86,88,-2,2
3100,80,80,0,0
3101,182,158,24,24
3102,83,87,-4,4
3103,65,68,-3,3
3104,81,80,1,1
3105,159,145,14,14
3106,103,101,2,2
3107,102,96,6,6
3108,60,62,-2,2
3109,142,124,18,18
3110,62,70,-8,8
3111,129,120,9,9
3112,79,90,-11,11
3113,87,92,-5,5
3114,127,114,13,13
3115,56,69,-13,13
3116,94,105,-11,11
3117,90,90,0,0
3118,62,76,-14,14
3119,60,74,-14,14
3120,110,124,-14,14
3121,98,103,-5,5
3122,58,69,-11,11
3123,88,90,-2,2
3124,35,45,-10,10
3125,138,130,8,8
3126,73,81,-8,8
3127,99,87,12,12
3128,87,86,1,1
3129,69,77,-8,8
3130,102,95,7,7
3131,89,95,-6,6
3132,106,99,7,7
3133,116,112,4,4
3134,69,78,-9,9
3135,75,79,-4,4
3136,91,87,4,4
3137,67,76,-9,9
3138,133,135,-2,2
3139,76,87,-11,11
3140,103,97,6,6
3141,71,71,0,0
3142,135,127,8,8
3143,99,105,-6,6
3144,104,101,3,3
3145,146,124,22,22
3146,57,56,1,1
3147,108,116,-8,8
3148,82,83,-1,1
3149,106,96,10,10
3150,110,111,-1,1
3151,98,100,-2,2
3152,62,65,-3,3
3153,102,102,0,0
3154,130,126,4,4
3155,108,100,8,8
3156,61,70,-9,9
3157,73,88,-15,15
3158,54,63,-9,9
3159,63,65,-2,2
3160,140,120,20,20
3161,47,119,-72,72
3162,68,80,-12,12
3163,134,124,10,10
3164,106,103,3,3
3165,72,79,-7,7
3166,107,106,1,1
3167,107,103,4,4
3168,53,62,-9,9
3169,112,103,9,9
3170,124,120,4,4
3171,103,98,5,5
3172,76,85,-9,9
3173,103,103,0,0
3174,92,95,-3,3
3175,40,55,-15,15
3176,79,83,-4,4
3177,83,92,-9,9
3178,77,79,-2,2
3179,75,79,-4,4
3180,63,65,-2,2
3181,134,125,9,9
3182,66,76,-10,10
3183,173,163,10,10
3184,100,97,3,3
3185,119,105,14,14
3186,143,136,7,7
3187,61,75,-14,14
3188,59,70,-11,11
3189,91,99,-8,8
3190,61,70,-9,9
3191,127,120,7,7
3192,164,152,12,12
3193,81,83,-2,2
3194,136,128,8,8
3195,73,87,-14,14
3196,72,79,-7,7
3197,82,83,-1,1
3198,79,85,-6,6
3199,70,79,-9,9
3200,95,96,-1,1
3201,63,71,-8,8
3202,67,70,-3,3
3203,127,123,4,4
3204,107,104,3,3
3205,58,67,-9,9
3206,91,96,-5,5
3207,60,66,-6,6
3208,94,103,-9,9
3209,90,83,7,7
3210,49,58,-9,9
3211,94,114,-20,20
3212,68,69,-1,1
3213,86,81,5,5
3214,107,97,10,10
3215,54,62,-8,8
3216,88,86,2,2
3217,69,81,-12,12
3218,85,85,0,0
3219,99,97,2,2
3220,116,123,-7,7
3221,113,106,7,7
3222,42,64,-22,22
3223,36,47,-11,11
3224,52,65,-13,13
3225,88,86,2,2
3226,62,73,-11,11
3227,87,82,5,5
3228,97,108,-11,11
3229,94,98,-4,4
3230,113,110,3,3
3231,168,141,27,27
3232,107,99,8,8
3233,130,125,5,5
3234,169,149,20,20
3235,84,92,-8,8
3236,151,122,29,29
3237,75,73,2,2
3238,73,76,-3,3
3239,64,76,-12,12
3240,144,145,-1,1
3241,86,92,-6,6
3242,91,89,2,2
3243,76,76,0,0
3244,112,114,-2,2
3245,46,74,-28,28
3246,51,59,-8,8
3247,116,107,9,9
3248,106,118,-12,12
3249,63,76,-13,13
3250,115,108,7,7
3251,151,154,-3,3
3252,70,74,-4,4
3253,153,144,9,9
3254,66,70,-4,4
3255,95,102,-7,7
3256,71,77,-6,6
3257,75,82,-7,7
3258,83,84,-1,1
3259,75,76,-1,1
3260,111,97,14,14
3261,95,95,0,0
3262,133,118,15,15
3263,56,60,-4,4
3264,42,59,-17,17
3265,61,71,-10,10
3266,72,80,-8,8
3267,60,70,-10,10
3268,95,92,3,3
3269,115,122,-7,7
3270,101,108,-7,7
3271,65,75,-10,10
3272,100,109,-9,9
3273,69,79,-10,10
3274,81,82,-1,1
3275,82,88,-6,6
3276,107,104,3,3
3277,112,119,-7,7
3278,99,98,1,1
3279,75,79,-4,4
3280,161,146,15,15
3281,76,79,-3,3
3282,142,138,4,4
3283,111,105,6,6
3284,78,84,-6,6
3285,137,131,6,6
3286,40,53,-13,13
3287,65,72,-7,7
3288,88,94,-6,6
3289,103,94,9,9
3290,143,155,-12,12
3291,37,42,-5,5
3292,65,68,-3,3
3293,90,86,4,4
3294,97,89,8,8
3295,107,102,5,5
3296,104,113,-9,9
3297,151,133,18,18
3298,98,99,-1,1
3299,91,98,-7,7
3300,90,89,1,1
3301,79,87,-8,8
3302,62,64,-2,2
3303,83,83,0,0
3304,102,106,-4,4
3305,92,100,-8,8
3306,48,60,-12,12
3307,103,103,0,0
3308,65,68,-3,3
3309,84,88,-4,4
3310,57,67,-10,10
3311,108,111,-3,3
3312,80,83,-3,3
3313,66,85,-19,19
3314,106,108,-2,2
3315,52,64,-12,12
3316,107,118,-11,11
3317,107,99,8,8
3318,57,69,-12,12
3319,137,129,8,8
3320,69,74,-5,5
3321,90,86,4,4
3322,65,76,-11,11
3323,49,61,-12,12
3324,153,141,12,12
3325,119,114,5,5
3326,75,81,-6,6
3327,160,144,16,16
3328,140,134,6,6
3329,146,144,2,2
3330,104,93,11,11
3331,94,96,-2,2
3332,60,63,-3,3
3333,118,104,14,14
3334,71,79,-8,8
3335,66,74,-8,8
3336,183,158,25,25
3337,103,95,8,8
3338,119,112,7,7
3339,107,119,-12,12
3340,92,91,1,1
3341,89,96,-7,7
3342,116,108,8,8
3343,84,84,0,0
3344,118,121,-3,3
3345,52,64,-12,12
3346,75,85,-10,10
3347,163,152,11,11
3348,96,96,0,0
3349,104,111,-7,7
3350,135,140,-5,5
3351,78,83,-5,5
3352,127,117,10,10
3353,96,97,-1,1
3354,123,108,15,15
3355,119,109,10,10
3356,83,90,-7,7
3357,107,108,-1,1
3358,96,87,9,9
3359,105,104,1,1
3360,142,121,21,21
3361,67,81,-14,14
3362,67,79,-12,12
3363,126,119,7,7
3364,59,71,-12,12
3365,59,69,-10,10
3366,74,79,-5,5
3367,87,91,-4,4
3368,69,77,-8,8
3369,66,73,-7,7
3370,117,104,13,13
3371,186,174,12,12
3372,63,73,-10,10
3373,125,123,2,2
3374,87,85,2,2
3375,97,99,-2,2
3376,96,89,7,7
3377,49,57,-8,8
3378,105,109,-4,4
3379,48,58,-10,10
3380,111,107,4,4
3381,98,103,-5,5
3382,123,110,13,13
3383,74,71,3,3
3384,55,63,-8,8
3385,124,119,5,5
3386,151,138,13,13
3387,54,63,-9,9
3388,44,56,-12,12
3389,78,88,-10,10
3390,141,139,2,2
3391,85,88,-3,3
3392,40,64,-24,24
3393,77,81,-4,4
3394,104,98,6,6
3395,71,72,-1,1
3396,94,100,-6,6
3397,98,105,-7,7
3398,56,67,-11,11
3399,64,76,-12,12
3400,107,106,1,1
3401,58,68,-10,10
3402,40,55,-15,15
3403,107,94,13,13
3404,110,105,5,5
3405,124,112,12,12
3406,100,93,7,7
3407,88,95,-7,7
3408,131,109,22,22
3409,93,92,1,1
3410,134,124,10,10
3411,81,94,-13,13
3412,81,89,-8,8
3413,84,92,-8,8
3414,86,89,-3,3
3415,152,148,4,4
3416,64,71,-7,7
3417,73,83,-10,10
3418,118,116,2,2
3419,73,75,-2,2
3420,88,84,4,4
3421,112,119,-7,7
3422,141,133,8,8
3423,150,146,4,4
3424,105,103,2,2
3425,163,148,15,15
3426,29,49,-20,20
3427,94,95,-1,1
3428,67,78,-11,11
3429,98,116,-18,18
3430,89,94,-5,5
3431,106,103,3,3
3432,100,99,1,1
3433,107,96,11,11
3434,64,75,-11,11
3435,45,62,-17,17
3436,77,85,-8,8
3437,144,127,17,17
3438,103,103,0,0
3439,67,108,-41,41
3440,38,49,-11,11
3441,116,111,5,5
3442,102,103,-1,1
3443,119,114,5,5
3444,88,93,-5,5
3445,111,107,4,4
3446,48,60,-12,12
3447,131,113,18,18
3448,86,89,-3,3
3449,76,82,-6,6
3450,80,89,-9,9
3451,99,95,4,4
3452,132,123,9,9
3453,91,103,-12,12
3454,105,104,1,1
3455,159,155,4,4
3456,117,110,7,7
3457,142,142,0,0
3458,69,72,-3,3
3459,79,75,4,4
3460,134,134,0,0
3461,101,96,5,5
3462,94,93,1,1
3463,97,118,-21,21
3464,112,98,14,14
3465,70,74,-4,4
3466,139,129,10,10
3467,120,110,10,10
3468,93,99,-6,6
3469,70,79,-9,9
3470,77,79,-2,2
3471,91,93,-2,2
3472,57,63,-6,6
3473,75,86,-11,11
3474,64,71,-7,7
3475,88,93,-5,5
3476,90,96,-6,6
3477,82,88,-6,6
3478,54,66,-12,12
3479,101,99,2,2
3480,102,105,-3,3
3481,92,94,-2,2
3482,77,81,-4,4
3483,76,84,-8,8
3484,109,122,-13,13
3485,48,63,-15,15
3486,86,86,0,0
3487,91,93,-2,2
3488,60,65,-5,5
3489,117,117,0,0
3490,121,120,1,1
3491,129,130,-1,1
3492,90,97,-7,7
3493,106,89,17,17
3494,80,77,3,3
3495,129,112,17,17
3496,65,70,-5,5
3497,48,59,-11,11
3498,104,100,4,4
3499,72,75,-3,3
3500,69,75,-6,6
3501,115,108,7,7
3502,147,155,-8,8
3503,83,89,-6,6
3504,96,97,-1,1
3505,83,85,-2,2
3506,106,103,3,3
3507,83,89,-6,6
3508,94,87,7,7
3509,101,89,12,12
3510,112,110,2,2
3511,56,71,-15,15
3512,106,106,0,0
3513,93,91,2,2
3514,83,92,-9,9
3515,60,69,-9,9
3516,116,113,3,3
3517,127,112,15,15
3518,65,77,-12,12
3519,134,133,1,1
3520,45,65,-20,20
3521,74,83,-9,9
3522,107,107,0,0
3523,97,98,-1,1
3524,145,137,8,8
3525,101,103,-2,2
3526,104,93,11,11
3527,90,95,-5,5
3528,98,98,0,0
3529,107,110,-3,3
3530,66,76,-10,10
3531,76,89,-13,13
3532,39,51,-12,12
3533,89,92,-3,3
3534,47,60,-13,13
3535,68,84,-16,16
3536,47,60,-13,13
3537,194,159,35,35
3538,107,117,-10,10
3539,155,145,10,10
3540,163,150,13,13
3541,93,90,3,3
3542,124,126,-2,2
3543,28,43,-15,15
3544,101,109,-8,8
3545,70,76,-6,6
3546,61,72,-11,11
3547,92,89,3,3
3548,78,88,-10,10
3549,51,64,-13,13
3550,99,99,0,0
3551,95,95,0,0
3552,137,119,18,18
3553,90,90,0,0
3554,84,94,-10,10
3555,72,82,-10,10
3556,83,91,-8,8
3557,94,95,-1,1
3558,86,85,1,1
3559,86,82,4,4
3560,87,93,-6,6
3561,104,113,-9,9
3562,58,67,-9,9
3563,50,71,-21,21
3564,44,56,-12,12
3565,83,86,-3,3
3566,97,96,1,1
3567,146,127,19,19
3568,147,127,20,20
3569,107,102,5,5
3570,117,105,12,12
3571,152,148,4,4
3572,130,113,17,17
3573,157,134,23,23
3574,268,235,33,33
3575,90,87,3,3
3576,101,104,-3,3
3577,73,77,-4,4
3578,120,119,1,1
3579,86,89,-3,3
3580,144,126,18,18
3581,97,95,2,2
3582,93,91,2,2
3583,49,60,-11,11
3584,97,99,-2,2
3585,99,92,7,7
3586,63,70,-7,7
3587,135,122,13,13
3588,66,75,-9,9
3589,71,76,-5,5
3590,74,78,-4,4
3591,160,140,20,20
3592,52,64,-12,12
3593,84,82,2,2
3594,127,129,-2,2
3595,82,83,-1,1
3596,80,88,-8,8
3597,108,109,-1,1
3598,104,109,-5,5
3599,106,97,9,9
3600,154,141,13,13
3601,54,65,-11,11
3602,91,101,-10,10
3603,115,127,-12,12
3604,98,103,-5,5
3605,117,117,0,0
3606,46,60,-14,14
3607,93,97,-4,4
3608,50,60,-10,10
3609,110,146,-36,36
3610,101,99,2,2
3611,121,109,12,12
3612,129,130,-1,1
3613,123,112,11,11
3614,55,76,-21,21
3615,97,88,9,9
3616,102,102,0,0
3617,127,130,-3,3
3618,66,67,-1,1
3619,75,80,-5,5
3620,125,129,-4,4
3621,75,76,-1,1
3622,137,140,-3,3
3623,76,79,-3,3
3624,80,73,7,7
3625,93,94,-1,1
3626,213,199,14,14
3627,73,78,-5,5
3628,99,97,2,2
3629,152,141,11,11
3630,110,112,-2,2
3631,53,67,-14,14
3632,83,88,-5,5
3633,94,98,-4,4
3634,60,70,-10,10
3635,150,138,12,12
3636,146,129,17,17
3637,156,160,-4,4
3638,99,98,1,1
3639,66,72,-6,6
3640,85,83,2,2
3641,68,89,-21,21
3642,174,159,15,15
3643,112,99,13,13
3644,102,103,-1,1
3645,96,96,0,0
3646,123,118,5,5
3647,62,75,-13,13
3648,42,57,-15,15
3649,84,83,1,1
3650,99,114,-15,15
3651,96,102,-6,6
3652,94,90,4,4
3653,88,87,1,1
3654,113,104,9,9
3655,136,137,-1,1
3656,51,66,-15,15
3657,82,94,-12,12
3658,103,95,8,8
3659,109,104,5,5
3660,39,56,-17,17
3661,66,68,-2,2
3662,68,71,-3,3
3663,97,92,5,5
3664,85,86,-1,1
3665,123,117,6,6
3666,134,131,3,3
3667,171,157,14,14
3668,88,89,-1,1
3669,83,81,2,2
3670,52,65,-13,13
3671,90,91,-1,1
3672,75,80,-5,5
3673,80,82,-2,2
3674,85,83,2,2
3675,113,123,-10,10
3676,85,78,7,7
3677,124,118,6,6
3678,126,118,8,8
3679,136,120,16,16
3680,111,109,2,2
3681,122,110,12,12
3682,84,86,-2,2
3683,53,61,-8,8
3684,83,85,-2,2
3685,132,127,5,5
3686,133,131,2,2
3687,96,92,4,4
3688,53,63,-10,10
3689,87,98,-11,11
3690,63,70,-7,7
3691,92,84,8,8
3692,73,84,-11,11
3693,142,128,14,14
3694,93,85,8,8
3695,69,75,-6,6
3696,59,67,-8,8
3697,120,121,-1,1
3698,52,61,-9,9
3699,50,60,-10,10
3700,80,92,-12,12
3701,68,75,-7,7
3702,73,76,-3,3
3703,245,197,48,48
3704,147,143,4,4
3705,75,78,-3,3
3706,59,71,-12,12
3707,84,84,0,0
3708,92,93,-1,1
3709,146,134,12,12
3710,183,174,9,9
3711,64,73,-9,9
3712,101,93,8,8
3713,102,102,0,0
3714,117,113,4,4
3715,178,173,5,5
3716,143,121,22,22
3717,68,81,-13,13
3718,90,88,2,2
3719,48,57,-9,9
3720,74,79,-5,5
3721,63,66,-3,3
3722,74,81,-7,7
3723,83,88,-5,5
3724,89,95,-6,6
3725,112,105,7,7
3726,89,96,-7,7
3727,71,73,-2,2
3728,72,80,-8,8
3729,66,72,-6,6
3730,173,168,5,5
3731,139,133,6,6
3732,94,99,-5,5
3733,48,62,-14,14
3734,102,104,-2,2
3735,69,77,-8,8
3736,67,71,-4,4
3737,91,93,-2,2
3738,109,112,-3,3
3739,39,52,-13,13
3740,146,133,13,13
3741,103,106,-3,3
3742,149,143,6,6
3743,78,76,2,2
3744,78,83,-5,5
3745,76,74,2,2
3746,81,89,-8,8
3747,155,146,9,9
3748,76,84,-8,8
3749,113,107,6,6
3750,87,91,-4,4
3751,81,78,3,3
3752,82,90,-8,8
3753,107,112,-5,5
3754,148,139,9,9
3755,57,73,-16,16
3756,73,78,-5,5
3757,112,105,7,7
3758,48,58,-10,10
3759,77,91,-14,14
3760,142,126,16,16
3761,142,125,17,17
3762,122,120,2,2
3763,67,71,-4,4
3764,132,116,16,16
3765,134,144,-10,10
3766,96,89,7,7
3767,70,76,-6,6
3768,84,84,0,0
3769,108,99,9,9
3770,159,147,12,12
3771,114,121,-7,7
3772,71,77,-6,6
3773,88,97,-9,9
3774,95,94,1,1
3775,36,49,-13,13
3776,99,100,-1,1
3777,54,67,-13,13
3778,148,132,16,16
3779,75,75,0,0
3780,64,80,-16,16
3781,170,158,12,12
3782,176,152,24,24
3783,143,125,18,18
3784,108,98,10,10
3785,94,160,-66,66
3786,102,115,-13,13
3787,92,99,-7,7
3788,132,128,4,4
3789,84,89,-5,5
3790,152,141,11,11
3791,94,86,8,8
3792,103,105,-2,2
3793,122,119,3,3
3794,79,86,-7,7
3795,81,76,5,5
3796,81,86,-5,5
3797,65,68,-3,3
3798,90,83,7,7
3799,85,92,-7,7
3800,74,79,-5,5
3801,110,105,5,5
3802,62,78,-16,16
3803,132,128,4,4
3804,94,95,-1,1
3805,77,80,-3,3
3806,69,84,-15,15
3807,90,89,1,1
3808,58,67,-9,9
3809,101,104,-3,3
3810,72,82,-10,10
3811,49,70,-21,21
3812,120,120,0,0
3813,60,76,-16,16
3814,140,147,-7,7
3815,53,62,-9,9
3816,66,74,-8,8
3817,60,68,-8,8
3818,103,105,-2,2
3819,92,96,-4,4
3820,158,131,27,27
3821,71,98,-27,27
3822,73,82,-9,9
3823,66,78,-12,12
3824,149,143,6,6
3825,146,134,12,12
3826,68,69,-1,1
3827,108,106,2,2
3828,54,67,-13,13
3829,70,75,-5,5
3830,98,98,0,0
3831,112,111,1,1
3832,64,70,-6,6
3833,96,98,-2,2
3834,124,129,-5,5
3835,73,81,-8,8
3836,75,81,-6,6
3837,97,95,2,2
3838,100,101,-1,1
3839,153,160,-7,7
3840,145,142,3,3
3841,98,93,5,5
3842,114,102,12,12
3843,111,97,14,14
3844,68,82,-14,14
3845,60,73,-13,13
3846,87,101,-14,14
3847,74,71,3,3
3848,54,68,-14,14
3849,77,81,-4,4
3850,63,69,-6,6
3851,120,111,9,9
3852,107,96,11,11
3853,75,84,-9,9
3854,96,98,-2,2
3855,50,53,-3,3
3856,152,127,25,25
3857,133,125,8,8
3858,140,138,2,2
3859,63,73,-10,10
3860,82,93,-11,11
3861,101,111,-10,10
3862,78,79,-1,1
3863,101,95,6,6
3864,74,79,-5,5
3865,104,99,5,5
3866,97,98,-1,1
3867,55,75,-20,20
3868,166,152,14,14
3869,110,99,11,11
3870,76,98,-22,22
3871,81,88,-7,7
3872,128,121,7,7
3873,108,102,6,6
3874,68,73,-5,5
3875,86,88,-2,2
3876,79,84,-5,5
3877,65,72,-7,7
3878,148,142,6,6
3879,165,146,19,19
3880,96,102,-6,6
3881,61,70,-9,9
3882,86,83,3,3
3883,65,74,-9,9
3884,124,129,-5,5
3885,94,93,1,1
3886,55,65,-10,10
3887,71,76,-5,5
3888,132,117,15,15
3889,55,66,-11,11
3890,97,108,-11,11
3891,96,103,-7,7
3892,101,99,2,2
3893,100,88,12,12
3894,78,79,-1,1
3895,132,132,0,0
3896,73,79,-6,6
3897,93,85,8,8
3898,51,57,-6,6
3899,136,130,6,6
3900,80,76,4,4
3901,159,163,-4,4
3902,151,139,12,12
3903,64,71,-7,7
3904,75,81,-6,6
3905,151,127,24,24
3906,72,82,-10,10
3907,113,98,15,15
3908,88,93,-5,5
3909,93,93,0,0
3910,62,76,-14,14
3911,59,74,-15,15
3912,104,103,1,1
3913,133,122,11,11
3914,66,80,-14,14
3915,90,99,-9,9
3916,98,97,1,1
3917,181,136,45,45
3918,68,70,-2,2
3919,81,82,-1,1
3920,148,139,9,9
3921,92,86,6,6
3922,109,104,5,5
3923,176,165,11,11
3924,236,200,36,36
3925,112,103,9,9
3926,74,81,-7,7
3927,82,79,3,3
3928,78,82,-4,4
3929,83,88,-5,5
3930,89,94,-5,5
3931,95,98,-3,3
3932,177,159,18,18
3933,53,71,-18,18
3934,94,104,-10,10
3935,104,102,2,2
3936,63,72,-9,9
3937,94,94,0,0
3938,95,95,0,0
3939,122,118,4,4
3940,135,125,10,10
3941,170,145,25,25
3942,104,115,-11,11
3943,153,136,17,17
3944,70,96,-26,26
3945,124,113,11,11
3946,81,82,-1,1
3947,143,134,9,9
3948,86,97,-11,11
3949,87,86,1,1
3950,92,96,-4,4
3951,111,106,5,5
3952,73,81,-8,8
3953,83,78,5,5
3954,117,113,4,4
3955,92,93,-1,1
3956,70,81,-11,11
3957,107,102,5,5
3958,62,74,-12,12
3959,96,95,1,1
3960,93,94,-1,1
3961,50,64,-14,14
3962,61,67,-6,6
3963,118,119,-1,1
3964,117,111,6,6
3965,116,106,10,10
3966,183,160,23,23
3967,56,73,-17,17
3968,67,72,-5,5
3969,81,80,1,1
3970,117,109,8,8
3971,98,96,2,2
3972,63,69,-6,6
3973,62,68,-6,6
3974,84,94,-10,10
3975,156,147,9,9
3976,105,96,9,9
3977,89,85,4,4
3978,132,130,2,2
3979,106,107,-1,1
3980,111,108,3,3
3981,150,150,0,0
3982,95,102,-7,7
3983,20,44,-24,24
3984,99,98,1,1
3985,103,102,1,1
3986,73,92,-19,19
3987,83,84,-1,1
3988,69,75,-6,6
3989,130,126,4,4
3990,106,103,3,3
3991,104,94,10,10
3992,125,127,-2,2
3993,121,102,19,19
3994,190,176,14,14
3995,116,117,-1,1
3996,87,103,-16,16
3997,71,79,-8,8
3998,71,83,-12,12
3999,146,146,0,0
4000,97,99,-2,2
4001,98,95,3,3
4002,127,125,2,2
4003,74,79,-5,5
4004,47,55,-8,8
4005,92,94,-2,2
4006,82,81,1,1
4007,118,111,7,7
4008,137,116,21,21
4009,101,98,3,3
4010,51,64,-13,13
4011,88,99,-11,11
4012,177,149,28,28
4013,82,83,-1,1
4014,90,96,-6,6
4015,99,96,3,3
4016,83,90,-7,7
4017,104,104,0,0
4018,83,80,3,3
4019,57,70,-13,13
4020,155,145,10,10
4021,107,102,5,5
4022,72,80,-8,8
4023,72,73,-1,1
4024,102,102,0,0
4025,90,89,1,1
4026,111,103,8,8
4027,123,109,14,14
4028,46,58,-12,12
4029,81,83,-2,2
4030,95,83,12,12
4031,125,119,6,6
4032,105,98,7,7
4033,74,78,-4,4
4034,166,143,23,23
4035,96,99,-3,3
4036,70,76,-6,6
4037,56,51,5,5
4038,66,70,-4,4
4039,85,90,-5,5
4040,46,58,-12,12
4041,47,74,-27,27
4042,68,78,-10,10
4043,130,124,6,6
4044,141,133,8,8
4045,95,95,0,0
4046,111,99,12,12
4047,50,62,-12,12
4048,111,115,-4,4
4049,100,104,-4,4
4050,72,74,-2,2
4051,80,87,-7,7
4052,120,107,13,13
4053,180,159,21,21
4054,39,57,-18,18
4055,103,113,-10,10
4056,95,97,-2,2
4057,146,150,-4,4
4058,110,105,5,5
4059,48,50,-2,2
4060,83,102,-19,19
4061,66,84,-18,18
4062,86,94,-8,8
4063,79,82,-3,3
4064,113,118,-5,5
4065,114,107,7,7
4066,86,82,4,4
4067,165,153,12,12
4068,69,83,-14,14
4069,124,123,1,1
4070,103,109,-6,6
4071,76,61,15,15
4072,118,118,0,0
4073,157,144,13,13
4074,107,105,2,2
4075,170,140,30,30
4076,58,68,-10,10
4077,59,70,-11,11
4078,124,112,12,12
4079,142,121,21,21
4080,105,119,-14,14
4081,116,112,4,4
4082,140,134,6,6
4083,92,90,2,2
4084,130,129,1,1
4085,113,109,4,4
4086,129,134,-5,5
4087,73,87,-14,14
4088,100,99,1,1
4089,87,99,-12,12
4090,75,75,0,0
4091,87,94,-7,7
4092,113,101,12,12
4093,64,74,-10,10
4094,83,83,0,0
4095,75,81,-6,6
4096,124,126,-2,2
4097,87,89,-2,2
4098,63,73,-10,10
4099,78,80,-2,2
4100,86,91,-5,5
4101,104,111,-7,7
4102,95,99,-4,4
4103,119,125,-6,6
4104,99,104,-5,5
4105,54,68,-14,14
4106,73,77,-4,4
4107,71,77,-6,6
4108,83,86,-3,3
4109,182,151,31,31
4110,74,89,-15,15
4111,133,125,8,8
4112,80,81,-1,1
4113,98,105,-7,7
4114,98,100,-2,2
4115,96,94,2,2
4116,84,77,7,7
4117,199,192,7,7
4118,153,136,17,17
4119,121,130,-9,9
4120,104,112,-8,8
4121,79,86,-7,7
4122,109,97,12,12
4123,74,84,-10,10
4124,48,64,-16,16
4125,127,120,7,7
4126,77,83,-6,6
4127,57,71,-14,14
4128,88,87,1,1
4129,76,74,2,2
4130,120,117,3,3
4131,86,94,-8,8
4132,62,75,-13,13
4133,60,67,-7,7
4134,83,83,0,0
4135,90,92,-2,2
4136,69,76,-7,7
4137,65,74,-9,9
4138,97,97,0,0
4139,107,101,6,6
4140,131,131,0,0
4141,118,108,10,10
4142,107,124,-17,17
4143,72,82,-10,10
4144,153,144,9,9
4145,83,85,-2,2
4146,55,66,-11,11
4147,106,105,1,1
4148,97,105,-8,8
4149,176,160,16,16
4150,139,124,15,15
4151,84,97,-13,13
4152,112,104,8,8
4153,58,73,-15,15
4154,119,115,4,4
4155,75,80,-5,5
4156,155,148,7,7
4157,71,70,1,1
4158,150,133,17,17
4159,94,96,-2,2
4160,54,69,-15,15
4161,70,77,-7,7
4162,125,114,11,11
4163,36,43,-7,7
4164,78,85,-7,7
4165,96,94,2,2
4166,100,97,3,3
4167,106,102,4,4
4168,129,118,11,11
4169,39,53,-14,14
4170,44,57,-13,13
4171,97,95,2,2
4172,80,91,-11,11
4173,52,61,-9,9
4174,102,101,1,1
4175,101,96,5,5
4176,90,93,-3,3
4177,151,142,9,9
4178,82,82,0,0
4179,117,114,3,3
4180,63,85,-22,22
4181,135,127,8,8
4182,71,74,-3,3
4183,96,105,-9,9
4184,123,118,5,5
4185,75,77,-2,2
4186,60,72,-12,12
4187,103,104,-1,1
4188,59,68,-9,9
4189,116,123,-7,7
4190,92,92,0,0
4191,76,74,2,2
4192,53,59,-6,6
4193,107,112,-5,5
4194,70,77,-7,7
4195,101,99,2,2
4196,88,86,2,2
4197,84,90,-6,6
4198,26,58,-32,32
4199,107,108,-1,1
4200,121,119,2,2
4201,66,75,-9,9
4202,75,86,-11,11
4203,140,143,-3,3
4204,87,87,0,0
4205,57,62,-5,5
4206,100,99,1,1
4207,183,157,26,26
4208,131,129,2,2
4209,98,124,-26,26
4210,70,79,-9,9
4211,80,81,-1,1
4212,112,112,0,0
4213,164,162,2,2
4214,112,102,10,10
4215,49,60,-11,11
4216,69,80,-11,11
4217,64,79,-15,15
4218,78,88,-10,10
4219,116,124,-8,8
4220,113,105,8,8
4221,123,121,2,2
4222,101,106,-5,5
4223,100,106,-6,6
4224,84,86,-2,2
4225,114,109,5,5
4226,109,102,7,7
4227,52,60,-8,8
4228,115,106,9,9
4229,106,107,-1,1
4230,93,93,0,0
4231,69,81,-12,12
4232,149,139,10,10
4233,87,88,-1,1
4234,103,100,3,3
4235,106,110,-4,4
4236,76,97,-21,21
4237,124,127,-3,3
4238,115,119,-4,4
4239,82,84,-2,2
4240,152,151,1,1
4241,138,130,8,8
4242,196,173,23,23
4243,133,114,19,19
4244,146,139,7,7
4245,105,109,-4,4
4246,92,100,-8,8
4247,71,74,-3,3
4248,97,102,-5,5
4249,70,79,-9,9
4250,107,116,-9,9
4251,80,86,-6,6
4252,63,87,-24,24
4253,75,77,-2,2
4254,75,80,-5,5
4255,75,81,-6,6
4256,104,95,9,9
4257,152,135,17,17
4258,71,74,-3,3
4259,107,102,5,5
4260,161,144,17,17
4261,71,81,-10,10
4262,91,88,3,3
4263,98,94,4,4
4264,108,106,2,2
4265,78,79,-1,1
4266,116,118,-2,2
4267,108,97,11,11
4268,81,86,-5,5
4269,65,78,-13,13
4270,111,111,0,0
4271,70,75,-5,5
4272,55,65,-10,10
4273,102,99,3,3
4274,102,102,0,0
4275,56,67,-11,11
4276,100,92,8,8
4277,47,56,-9,9
4278,145,133,12,12
4279,108,103,5,5
4280,143,132,11,11
4281,123,119,4,4
4282,172,156,16,16
4283,60,73,-13,13
4284,105,100,5,5
4285,46,45,1,1
4286,80,75,5,5
4287,114,118,-4,4
4288,189,178,11,11
4289,82,80,2,2
4290,126,123,3,3
4291,157,139,18,18
4292,147,161,-14,14
4293,27,60,-33,33
4294,79,82,-3,3
4295,75,81,-6,6
4296,65,70,-5,5
4297,68,73,-5,5
4298,126,120,6,6
4299,133,124,9,9
4300,101,96,5,5
4301,80,82,-2,2
4302,103,96,7,7
4303,95,93,2,2
4304,103,107,-4,4
4305,113,110,3,3
4306,42,50,-8,8
4307,85,92,-7,7
4308,82,87,-5,5
4309,104,104,0,0
4310,85,81,4,4
4311,107,93,14,14
4312,78,78,0,0
4313,66,71,-5,5
4314,108,105,3,3
4315,90,100,-10,10
4316,88,93,-5,5
4317,59,68,-9,9
4318,79,78,1,1
4319,69,77,-8,8
4320,135,130,5,5
4321,96,111,-15,15
4322,148,141,7,7
4323,31,49,-18,18
4324,65,86,-21,21
4325,86,88,-2,2
4326,47,55,-8,8
4327,83,82,1,1
4328,170,171,-1,1
4329,63,71,-8,8
4330,110,107,3,3
4331,182,158,24,24
4332,141,137,4,4
4333,94,99,-5,5
4334,81,85,-4,4
4335,87,93,-6,6
4336,131,123,8,8
4337,117,102,15,15
4338,64,68,-4,4
4339,150,162,-12,12
4340,93,100,-7,7
4341,88,91,-3,3
4342,90,95,-5,5
4343,86,91,-5,5
4344,96,107,-11,11
4345,173,153,20,20
4346,104,100,4,4
4347,44,62,-18,18
4348,81,79,2,2
4349,71,71,0,0
4350,77,72,5,5
4351,82,78,4,4
4352,196,174,22,22
4353,126,119,7,7
4354,100,100,0,0
4355,159,143,16,16
4356,61,77,-16,16
4357,54,66,-12,12
4358,73,76,-3,3
4359,73,82,-9,9
4360,88,85,3,3
4361,136,131,5,5
4362,94,97,-3,3
4363,164,168,-4,4
4364,100,104,-4,4
4365,126,119,7,7
4366,50,60,-10,10
4367,79,85,-6,6
4368,94,113,-19,19
4369,110,118,-8,8
4370,144,132,12,12
4371,62,67,-5,5
4372,92,96,-4,4
4373,59,69,-10,10
4374,279,226,53,53
4375,149,137,12,12
4376,61,79,-18,18
4377,72,91,-19,19
4378,64,72,-8,8
4379,142,133,9,9
4380,56,64,-8,8
4381,140,140,0,0
4382,221,187,34,34
4383,111,99,12,12
4384,93,92,1,1
4385,110,110,0,0
4386,83,79,4,4
4387,65,80,-15,15
4388,154,145,9,9
4389,92,93,-1,1
4390,144,129,15,15
4391,102,102,0,0
4392,131,121,10,10
4393,98,95,3,3
4394,104,101,3,3
4395,95,98,-3,3
4396,108,113,-5,5
4397,89,89,0,0
4398,139,142,-3,3
4399,116,109,7,7
4400,58,69,-11,11
4401,140,137,3,3
4402,89,92,-3,3
4403,103,102,1,1
4404,67,89,-22,22
4405,62,69,-7,7
4406,162,154,8,8
4407,77,79,-2,2
4408,99,101,-2,2
4409,92,82,10,10
4410,105,107,-2,2
4411,99,97,2,2
4412,82,97,-15,15
4413,139,125,14,14
4414,99,97,2,2
4415,82,87,-5,5
4416,95,99,-4,4
4417,101,98,3,3
4418,85,91,-6,6
4419,102,99,3,3
4420,133,130,3,3
4421,76,80,-4,4
4422,126,123,3,3
4423,101,100,1,1
4424,119,105,14,14
4425,152,150,2,2
4426,136,120,16,16
4427,87,89,-2,2
4428,116,102,14,14
4429,60,72,-12,12
4430,96,97,-1,1
4431,76,85,-9,9
4432,128,119,9,9
4433,85,91,-6,6
4434,84,91,-7,7
4435,153,135,18,18
4436,72,72,0,0
4437,73,74,-1,1
4438,108,96,12,12
4439,73,76,-3,3
4440,94,94,0,0
4441,86,87,-1,1
4442,89,88,1,1
4443,56,66,-10,10
4444,195,173,22,22
4445,70,76,-6,6
4446,64,71,-7,7
4447,96,92,4,4
4448,103,107,-4,4
4449,131,121,10,10
4450,93,94,-1,1
4451,122,121,1,1
4452,54,66,-12,12
4453,67,81,-14,14
4454,66,69,-3,3
4455,110,110,0,0
4456,108,105,3,3
4457,119,120,-1,1
4458,80,77,3,3
4459,60,72,-12,12
4460,88,89,-1,1
4461,123,107,16,16
4462,59,69,-10,10
4463,103,96,7,7
4464,93,94,-1,1
4465,90,91,-1,1
4466,157,146,11,11
4467,94,93,1,1
4468,79,79,0,0
4469,131,128,3,3
4470,50,63,-13,13
4471,111,106,5,5
4472,106,107,-1,1
4473,104,102,2,2
4474,94,100,-6,6
4475,71,73,-2,2
4476,168,144,24,24
4477,102,114,-12,12
4478,58,71,-13,13
4479,49,61,-12,12
4480,96,94,2,2
4481,74,83,-9,9
4482,135,131,4,4
4483,171,152,19,19
4484,70,78,-8,8
4485,118,121,-3,3
4486,90,83,7,7
4487,101,118,-17,17
4488,97,99,-2,2
4489,107,100,7,7
4490,87,87,0,0
4491,43,57,-14,14
4492,79,81,-2,2
4493,106,99,7,7
4494,39,49,-10,10
4495,178,152,26,26
4496,74,84,-10,10
4497,36,50,-14,14
4498,68,75,-7,7
4499,114,105,9,9
4500,80,86,-6,6
4501,109,120,-11,11
4502,128,119,9,9
4503,87,103,-16,16
4504,110,110,0,0
4505,100,97,3,3
4506,128,127,1,1
4507,136,129,7,7
4508,129,125,4,4
4509,122,121,1,1
4510,102,99,3,3
4511,109,107,2,2
4512,58,71,-13,13
4513,122,117,5,5
4514,90,91,-1,1
4515,57,61,-4,4
4516,107,104,3,3
4517,168,156,12,12
4518,98,101,-3,3
4519,120,111,9,9
4520,74,80,-6,6
4521,88,88,0,0
4522,96,90,6,6
4523,64,80,-16,16
4524,55,65,-10,10
4525,94,95,-1,1
4526,148,131,17,17
4527,92,105,-13,13
4528,95,105,-10,10
4529,110,106,4,4
4530,83,80,3,3
4531,139,129,10,10
4532,108,97,11,11
4533,78,82,-4,4
4534,78,84,-6,6
4535,98,97,1,1
4536,104,100,4,4
4537,68,71,-3,3
4538,103,104,-1,1
4539,66,65,1,1
4540,100,99,1,1
4541,123,120,3,3
4542,74,80,-6,6
4543,136,122,14,14
4544,47,59,-12,12
4545,92,93,-1,1
4546,122,112,10,10
4547,125,125,0,0
4548,122,108,14,14
4549,61,69,-8,8
4550,82,102,-20,20
4551,112,108,4,4
4552,48,56,-8,8
4553,146,146,0,0
4554,67,68,-1,1
4555,115,112,3,3
4556,165,161,4,4
4557,87,95,-8,8
4558,40,51,-11,11
4559,55,61,-6,6
4560,127,119,8,8
4561,70,76,-6,6
4562,99,104,-5,5
4563,45,60,-15,15
4564,95,95,0,0
4565,80,85,-5,5
4566,47,62,-15,15
4567,99,117,-18,18
4568,118,118,0,0
4569,104,104,0,0
4570,75,80,-5,5
4571,90,91,-1,1
4572,82,86,-4,4
4573,163,141,22,22
4574,93,93,0,0
4575,166,168,-2,2
4576,69,80,-11,11
4577,122,131,-9,9
4578,148,143,5,5
4579,56,64,-8,8
4580,66,70,-4,4
4581,83,94,-11,11
4582,63,69,-6,6
4583,108,105,3,3
4584,123,105,18,18
4585,161,166,-5,5
4586,83,104,-21,21
4587,49,58,-9,9
4588,78,82,-4,4
4589,101,103,-2,2
4590,38,48,-10,10
4591,98,97,1,1
4592,174,151,23,23
4593,75,83,-8,8
4594,56,67,-11,11
4595,138,125,13,13
4596,38,48,-10,10
4597,51,62,-11,11
4598,69,72,-3,3
4599,98,100,-2,2
4600,87,92,-5,5
4601,88,87,1,1
4602,156,152,4,4
4603,140,131,9,9
4604,92,99,-7,7
4605,49,63,-14,14
4606,82,92,-10,10
4607,217,218,-1,1
4608,99,101,-2,2
4609,110,101,9,9
4610,79,85,-6,6
4611,69,71,-2,2
4612,87,82,5,5
4613,84,84,0,0
4614,77,78,-1,1
4615,78,78,0,0
4616,100,104,-4,4
4617,112,107,5,5
4618,130,121,9,9
4619,137,122,15,15
4620,125,114,11,11
4621,86,92,-6,6
4622,152,139,13,13
4623,96,102,-6,6
4624,111,114,-3,3
4625,99,105,-6,6
4626,56,63,-7,7
4627,211,199,12,12
4628,109,117,-8,8
4629,137,133,4,4
4630,74,83,-9,9
4631,120,120,0,0
4632,81,88,-7,7
4633,71,81,-10,10
4634,88,86,2,2
4635,111,104,7,7
4636,197,180,17,17
4637,85,86,-1,1
4638,112,112,0,0
4639,44,70,-26,26
4640,86,91,-5,5
4641,72,88,-16,16
4642,59,69,-10,10
4643,82,97,-15,15
4644,69,74,-5,5
4645,91,89,2,2
4646,142,138,4,4
4647,84,74,10,10
4648,81,84,-3,3
4649,101,100,1,1
4650,190,161,29,29
4651,107,103,4,4
4652,119,121,-2,2
4653,77,79,-2,2
4654,152,142,10,10
4655,64,62,2,2
4656,77,81,-4,4
4657,51,60,-9,9
4658,77,83,-6,6
4659,84,88,-4,4
4660,60,69,-9,9
4661,107,103,4,4
4662,87,101,-14,14
4663,116,123,-7,7
4664,160,139,21,21
4665,116,114,2,2
4666,84,85,-1,1
4667,113,118,-5,5
4668,105,105,0,0
4669,55,59,-4,4
4670,91,96,-5,5
4671,113,103,10,10
4672,62,67,-5,5
4673,75,80,-5,5
4674,45,57,-12,12
4675,177,156,21,21
4676,131,136,-5,5
4677,112,111,1,1
4678,127,131,-4,4
4679,146,122,24,24
4680,138,133,5,5
4681,93,99,-6,6
4682,65,76,-11,11
4683,168,164,4,4
4684,112,121,-9,9
4685,149,134,15,15
4686,140,140,0,0
4687,94,98,-4,4
4688,141,131,10,10
4689,75,84,-9,9
4690,134,122,12,12
4691,95,90,5,5
4692,119,103,16,16
4693,95,101,-6,6
4694,65,74,-9,9
4695,95,99,-4,4
4696,97,100,-3,3
4697,132,127,5,5
4698,87,88,-1,1
4699,124,122,2,2
4700,115,114,1,1
4701,45,57,-12,12
4702,110,102,8,8
4703,57,69,-12,12
4704,126,103,23,23
4705,50,60,-10,10
4706,132,129,3,3
4707,71,74,-3,3
4708,88,85,3,3
4709,91,102,-11,11
4710,79,85,-6,6
4711,47,53,-6,6
4712,103,109,-6,6
4713,38,52,-14,14
4714,68,69,-1,1
4715,130,120,10,10
4716,157,148,9,9
4717,99,98,1,1
4718,62,65,-3,3
4719,79,83,-4,4
4720,74,80,-6,6
4721,154,135,19,19
4722,36,63,-27,27
4723,81,86,-5,5
4724,69,73,-4,4
4725,39,51,-12,12
4726,106,103,3,3
4727,141,130,11,11
4728,71,78,-7,7
4729,108,105,3,3
4730,142,132,10,10
4731,43,57,-14,14
4732,109,116,-7,7
4733,72,77,-5,5
4734,110,104,6,6
4735,84,97,-13,13
4736,88,87,1,1
4737,156,142,14,14
4738,106,112,-6,6
4739,160,151,9,9
4740,105,101,4,4
4741,231,185,46,46
4742,111,103,8,8
4743,53,67,-14,14
4744,124,127,-3,3
4745,105,104,1,1
4746,144,143,1,1
4747,83,93,-10,10
4748,81,86,-5,5
4749,96,97,-1,1
4750,143,132,11,11
4751,118,107,11,11
4752,77,83,-6,6
4753,116,117,-1,1
4754,116,86,30,30
4755,76,81,-5,5
4756,73,79,-6,6
4757,92,88,4,4
4758,89,86,3,3
4759,58,65,-7,7
4760,70,77,-7,7
4761,134,126,8,8
4762,73,89,-16,16
4763,139,127,12,12
4764,59,70,-11,11
4765,59,69,-10,10
4766,72,80,-8,8
4767,81,85,-4,4
4768,96,97,-1,1
4769,190,159,31,31
4770,131,120,11,11
4771,188,178,10,10
4772,141,146,-5,5
4773,103,100,3,3
4774,65,82,-17,17
4775,86,88,-2,2
4776,64,75,-11,11
4777,115,119,-4,4
4778,58,74,-16,16
4779,150,139,11,11
4780,70,80,-10,10
4781,91,94,-3,3
4782,104,101,3,3
4783,78,83,-5,5
4784,57,66,-9,9
4785,117,108,9,9
4786,82,84,-2,2
4787,50,63,-13,13
4788,76,84,-8,8
4789,64,71,-7,7
4790,140,133,7,7
4791,88,96,-8,8
4792,41,52,-11,11
4793,56,75,-19,19
4794,161,158,3,3
4795,107,92,15,15
4796,94,96,-2,2
4797,71,70,1,1
4798,163,142,21,21
4799,99,93,6,6
4800,30,41,-11,11
4801,99,92,7,7
4802,161,137,24,24
4803,82,88,-6,6
4804,92,91,1,1
4805,152,128,24,24
4806,131,112,19,19
4807,99,95,4,4
4808,50,60,-10,10
4809,80,88,-8,8
4810,99,97,2,2
4811,69,74,-5,5
4812,67,80,-13,13
4813,143,121,22,22
4814,68,75,-7,7
4815,65,78,-13,13
4816,94,97,-3,3
4817,55,65,-10,10
4818,94,94,0,0
4819,45,60,-15,15
4820,140,133,7,7
4821,65,69,-4,4
4822,62,70,-8,8
4823,94,99,-5,5
4824,129,121,8,8
4825,123,122,1,1
4826,80,84,-4,4
4827,86,83,3,3
4828,112,117,-5,5
4829,89,91,-2,2
4830,72,76,-4,4
4831,65,74,-9,9
4832,90,95,-5,5
4833,71,86,-15,15
4834,107,113,-6,6
4835,140,134,6,6
4836,57,69,-12,12
4837,104,103,1,1
4838,56,71,-15,15
4839,103,103,0,0
4840,104,103,1,1
4841,78,83,-5,5
4842,126,120,6,6
4843,101,96,5,5
4844,85,94,-9,9
4845,72,71,1,1
4846,57,68,-11,11
4847,51,70,-19,19
4848,102,104,-2,2
4849,85,92,-7,7
4850,71,74,-3,3
4851,87,86,1,1
4852,74,79,-5,5
4853,104,102,2,2
4854,102,103,-1,1
4855,181,162,19,19
4856,130,124,6,6
4857,75,91,-16,16
4858,102,102,0,0
4859,56,71,-15,15
4860,72,80,-8,8
4861,90,98,-8,8
4862,66,78,-12,12
4863,82,86,-4,4
4864,139,151,-12,12
4865,97,87,10,10
4866,83,86,-3,3
4867,71,84,-13,13
4868,81,79,2,2
4869,80,77,3,3
4870,152,144,8,8
4871,54,65,-11,11
4872,51,62,-11,11
4873,142,123,19,19
4874,134,135,-1,1
4875,253,261,-8,8
4876,85,102,-17,17
4877,274,225,49,49
4878,180,155,25,25
4879,85,91,-6,6
4880,68,80,-12,12
4881,126,119,7,7
4882,147,136,11,11
4883,67,75,-8,8
4884,58,71,-13,13
4885,146,139,7,7
4886,170,169,1,1
4887,80,90,-10,10
4888,117,115,2,2
4889,72,78,-6,6
4890,52,65,-13,13
4891,92,96,-4,4
4892,88,88,0,0
4893,106,106,0,0
4894,93,93,0,0
4895,151,143,8,8
4896,90,91,-1,1
4897,71,77,-6,6
4898,63,73,-10,10
4899,171,144,27,27
4900,83,78,5,5
4901,125,115,10,10
4902,123,111,12,12
4903,119,113,6,6
4904,100,97,3,3
4905,97,107,-10,10
4906,82,79,3,3
4907,104,108,-4,4
4908,84,87,-3,3
4909,133,131,2,2
4910,66,74,-8,8
4911,328,268,60,60
4912,66,74,-8,8
4913,129,119,10,10
4914,60,67,-7,7
4915,107,121,-14,14
4916,88,84,4,4
4917,92,107,-15,15
4918,97,85,12,12
4919,95,97,-2,2
4920,176,154,22,22
4921,93,95,-2,2
4922,124,124,0,0
4923,80,80,0,0
4924,117,111,6,6
4925,92,89,3,3
4926,137,118,19,19
4927,160,149,11,11
4928,114,108,6,6
4929,78,77,1,1
4930,73,81,-8,8
4931,62,67,-5,5
4932,85,92,-7,7
4933,52,66,-14,14
4934,53,65,-12,12
4935,98,83,15,15
4936,92,95,-3,3
4937,100,101,-1,1
4938,114,109,5,5
4939,139,135,4,4
4940,76,81,-5,5
4941,119,112,7,7
4942,41,57,-16,16
4943,53,60,-7,7
4944,268,243,25,25
4945,66,72,-6,6
4946,130,119,11,11
4947,115,113,2,2
4948,157,153,4,4
4949,50,67,-17,17
4950,75,78,-3,3
4951,79,78,1,1
4952,85,86,-1,1
4953,42,73,-31,31
4954,85,84,1,1
4955,95,96,-1,1
4956,72,83,-11,11
4957,90,99,-9,9
4958,81,83,-2,2
4959,109,111,-2,2
4960,146,147,-1,1
4961,131,120,11,11
4962,138,125,13,13
4963,32,52,-20,20
4964,86,89,-3,3
4965,76,85,-9,9
4966,73,87,-14,14
4967,132,124,8,8
4968,136,132,4,4
4969,36,52,-16,16
4970,40,58,-18,18
4971,62,68,-6,6
4972,99,105,-6,6
4973,63,81,-18,18
4974,90,84,6,6
4975,63,82,-19,19
4976,63,74,-11,11
4977,73,90,-17,17
4978,73,80,-7,7
4979,120,126,-6,6
4980,161,146,15,15
4981,74,77,-3,3
4982,74,75,-1,1
4983,49,63,-14,14
4984,157,137,20,20
4985,123,118,5,5
4986,91,88,3,3
4987,115,102,13,13
4988,85,89,-4,4
4989,66,73,-7,7
4990,102,97,5,5
4991,98,97,1,1
4992,100,95,5,5
4993,105,119,-14,14
4994,84,98,-14,14
4995,95,92,3,3
4996,108,98,10,10
4997,62,67,-5,5
4998,116,117,-1,1
4999,79,79,0,0
5000,73,73,0,0
5001,50,67,-17,17
5002,97,94,3,3
5003,145,128,17,17
5004,152,133,19,19
5005,134,122,12,12
5006,110,102,8,8
5007,114,109,5,5
5008,72,73,-1,1
5009,113,106,7,7
5010,58,73,-15,15
5011,50,58,-8,8
5012,29,30,-1,1
5013,71,76,-5,5
5014,90,95,-5,5
5015,140,131,9,9
5016,123,118,5,5
5017,131,122,9,9
5018,50,60,-10,10
5019,82,84,-2,2
5020,77,87,-10,10
5021,98,91,7,7
5022,83,78,5,5
5023,88,83,5,5
5024,122,108,14,14
5025,87,87,0,0
5026,107,105,2,2
5027,75,84,-9,9
5028,89,95,-6,6
5029,124,124,0,0
5030,105,103,2,2
5031,62,67,-5,5
5032,125,112,13,13
5033,94,95,-1,1
5034,91,97,-6,6
5035,74,89,-15,15
5036,82,96,-14,14
5037,60,67,-7,7
5038,69,76,-7,7
5039,132,123,9,9
5040,76,81,-5,5
5041,169,159,10,10
5042,101,101,0,0
5043,167,156,11,11
5044,79,84,-5,5
5045,78,93,-15,15
5046,61,69,-8,8
5047,137,121,16,16
5048,116,104,12,12
5049,77,88,-11,11
5050,76,78,-2,2
5051,157,156,1,1
5052,90,100,-10,10
5053,79,77,2,2
5054,131,116,15,15
5055,118,108,10,10
5056,110,99,11,11
5057,151,131,20,20
5058,159,151,8,8
5059,95,99,-4,4
5060,78,82,-4,4
5061,107,113,-6,6
5062,131,123,8,8
5063,87,94,-7,7
5064,42,56,-14,14
5065,66,76,-10,10
5066,101,102,-1,1
5067,140,129,11,11
5068,66,69,-3,3
5069,43,56,-13,13
5070,100,99,1,1
5071,120,105,15,15
5072,76,70,6,6
5073,121,126,-5,5
5074,78,82,-4,4
5075,121,118,3,3
5076,51,64,-13,13
5077,101,105,-4,4
5078,136,130,6,6
5079,107,117,-10,10
5080,106,106,0,0
5081,116,108,8,8
5082,89,92,-3,3
5083,65,73,-8,8
5084,154,139,15,15
5085,130,119,11,11
5086,98,90,8,8
5087,75,92,-17,17
5088,81,85,-4,4
5089,82,91,-9,9
5090,86,95,-9,9
5091,93,98,-5,5
5092,73,82,-9,9
5093,76,84,-8,8
5094,166,160,6,6
5095,98,98,0,0
5096,120,103,17,17
5097,67,76,-9,9
5098,81,84,-3,3
5099,170,158,12,12
5100,40,60,-20,20
5101,101,99,2,2
5102,80,82,-2,2
5103,121,103,18,18
5104,58,64,-6,6
5105,115,106,9,9
5106,63,69,-6,6
5107,87,92,-5,5
5108,148,148,0,0
5109,102,101,1,1
5110,79,82,-3,3
5111,118,107,11,11
5112,92,95,-3,3
5113,110,108,2,2
5114,131,126,5,5
5115,139,145,-6,6
5116,68,80,-12,12
5117,122,121,1,1
5118,140,128,12,12
5119,124,119,5,5
5120,103,96,7,7
5121,59,79,-20,20
5122,80,87,-7,7
5123,131,122,9,9
5124,104,99,5,5
5125,155,138,17,17
5126,89,93,-4,4
5127,68,87,-19,19
5128,79,84,-5,5
5129,110,106,4,4
5130,54,64,-10,10
5131,121,129,-8,8
5132,101,104,-3,3
5133,109,113,-4,4
5134,100,98,2,2
5135,132,126,6,6
5136,71,79,-8,8
5137,89,92,-3,3
5138,92,93,-1,1
5139,91,92,-1,1
5140,117,107,10,10
5141,100,99,1,1
5142,118,108,10,10
5143,160,128,32,32
5144,121,109,12,12
5145,88,96,-8,8
5146,152,141,11,11
5147,56,64,-8,8
5148,51,77,-26,26
5149,110,98,12,12
5150,79,85,-6,6
5151,68,80,-12,12
5152,52,64,-12,12
5153,129,127,2,2
5154,81,80,1,1
5155,39,53,-14,14
5156,55,114,-59,59
5157,53,64,-11,11
5158,92,96,-4,4
5159,72,80,-8,8
5160,103,103,0,0
5161,141,124,17,17
5162,82,91,-9,9
5163,69,78,-9,9
5164,168,155,13,13
5165,65,75,-10,10
5166,76,84,-8,8
5167,104,101,3,3
5168,89,92,-3,3
5169,101,104,-3,3
5170,53,67,-14,14
5171,105,100,5,5
5172,90,86,4,4
5173,116,110,6,6
5174,137,127,10,10
5175,126,112,14,14
5176,43,52,-9,9
5177,65,77,-12,12
5178,76,83,-7,7
5179,104,99,5,5
5180,88,84,4,4
5181,75,77,-2,2
5182,82,85,-3,3
5183,40,57,-17,17
5184,77,82,-5,5
5185,66,73,-7,7
5186,154,136,18,18
5187,86,84,2,2
5188,112,118,-6,6
5189,93,97,-4,4
5190,130,141,-11,11
5191,177,158,19,19
5192,148,133,15,15
5193,80,87,-7,7
5194,58,63,-5,5
5195,115,107,8,8
5196,118,109,9,9
5197,66,70,-4,4
5198,161,147,14,14
5199,80,87,-7,7
5200,105,101,4,4
5201,56,62,-6,6
5202,66,75,-9,9
5203,93,93,0,0
5204,105,101,4,4
5205,96,95,1,1
5206,62,69,-7,7
5207,68,79,-11,11
5208,83,83,0,0
5209,110,105,5,5
5210,109,109,0,0
5211,147,133,14,14
5212,68,69,-1,1
5213,121,109,12,12
5214,128,131,-3,3
5215,136,131,5,5
5216,110,101,9,9
5217,84,80,4,4
5218,93,95,-2,2
5219,68,77,-9,9
5220,88,94,-6,6
5221,89,95,-6,6
5222,134,133,1,1
5223,128,122,6,6
5224,79,82,-3,3
5225,66,75,-9,9
5226,58,62,-4,4
5227,58,80,-22,22
5228,69,76,-7,7
5229,56,67,-11,11
5230,85,92,-7,7
5231,73,79,-6,6
5232,97,94,3,3
5233,100,90,10,10
5234,82,74,8,8
5235,65,73,-8,8
5236,90,96,-6,6
5237,66,85,-19,19
5238,58,66,-8,8
5239,62,101,-39,39
5240,50,60,-10,10
5241,84,86,-2,2
5242,82,87,-5,5
5243,147,146,1,1
5244,91,87,4,4
5245,95,95,0,0
5246,121,116,5,5
5247,56,69,-13,13
5248,54,59,-5,5
5249,103,101,2,2
5250,86,80,6,6
5251,85,84,1,1
5252,97,87,10,10
5253,92,87,5,5
5254,59,69,-10,10
5255,115,111,4,4
5256,116,112,4,4
5257,101,102,-1,1
5258,120,98,22,22
5259,164,142,22,22
5260,55,59,-4,4
5261,91,94,-3,3
5262,75,83,-8,8
5263,121,121,0,0
5264,57,67,-10,10
5265,38,59,-21,21
5266,92,86,6,6
5267,67,72,-5,5
5268,120,117,3,3
5269,83,85,-2,2
5270,138,135,3,3
5271,169,150,19,19
5272,59,73,-14,14
5273,47,63,-16,16
5274,46,54,-8,8
5275,123,127,-4,4
5276,142,135,7,7
5277,80,92,-12,12
5278,31,52,-21,21
5279,128,124,4,4
5280,112,101,11,11
5281,98,103,-5,5
5282,55,66,-11,11
5283,110,99,11,11
5284,91,97,-6,6
5285,112,96,16,16
5286,115,113,2,2
5287,73,76,-3,3
5288,106,103,3,3
5289,93,93,0,0
5290,166,158,8,8
5291,128,133,-5,5
5292,112,108,4,4
5293,89,87,2,2
5294,74,80,-6,6
5295,106,119,-13,13
5296,72,78,-6,6
5297,78,81,-3,3
5298,92,96,-4,4
5299,140,126,14,14
5300,103,98,5,5
5301,102,113,-11,11
5302,63,80,-17,17
5303,169,152,17,17
5304,78,83,-5,5
5305,132,122,10,10
5306,50,53,-3,3
5307,127,112,15,15
5308,138,114,24,24
5309,61,64,-3,3
5310,87,92,-5,5
5311,109,113,-4,4
5312,77,82,-5,5
5313,92,104,-12,12
5314,84,84,0,0
5315,140,120,20,20
5316,79,88,-9,9
5317,87,85,2,2
5318,76,80,-4,4
5319,54,62,-8,8
5320,77,91,-14,14
5321,28,68,-40,40
5322,85,77,8,8
5323,41,53,-12,12
5324,78,87,-9,9
5325,117,106,11,11
5326,99,101,-2,2
5327,130,126,4,4
5328,58,68,-10,10
5329,76,77,-1,1
5330,72,80,-8,8
5331,72,77,-5,5
5332,130,118,12,12
5333,85,93,-8,8
5334,74,82,-8,8
5335,117,110,7,7
5336,105,108,-3,3
5337,114,109,5,5
5338,94,89,5,5
5339,127,120,7,7
5340,100,98,2,2
5341,100,103,-3,3
5342,114,107,7,7
5343,137,143,-6,6
5344,141,129,12,12
5345,186,166,20,20
5346,49,62,-13,13
5347,71,78,-7,7
5348,144,138,6,6
5349,108,92,16,16
5350,102,93,9,9
5351,129,121,8,8
5352,123,115,8,8
5353,48,61,-13,13
5354,70,74,-4,4
5355,81,84,-3,3
5356,72,81,-9,9
5357,76,82,-6,6
5358,114,124,-10,10
5359,130,121,9,9
5360,113,120,-7,7
5361,57,67,-10,10
5362,77,81,-4,4
5363,117,115,2,2
5364,79,79,0,0
5365,87,94,-7,7
5366,99,99,0,0
5367,211,189,22,22
5368,92,86,6,6
5369,119,110,9,9
5370,54,67,-13,13
5371,111,104,7,7
5372,67,73,-6,6
5373,185,177,8,8
5374,68,81,-13,13
5375,190,161,29,29
5376,124,118,6,6
5377,80,91,-11,11
5378,78,81,-3,3
5379,92,104,-12,12
5380,70,74,-4,4
5381,51,73,-22,22
5382,89,92,-3,3
5383,82,90,-8,8
5384,83,85,-2,2
5385,204,177,27,27
5386,114,107,7,7
5387,62,68,-6,6
5388,100,92,8,8
5389,143,153,-10,10
5390,89,91,-2,2
5391,123,127,-4,4
5392,150,140,10,10
5393,135,112,23,23
5394,114,119,-5,5
5395,94,103,-9,9
5396,158,144,14,14
5397,58,76,-18,18
5398,94,93,1,1
5399,59,67,-8,8
5400,81,99,-18,18
5401,70,75,-5,5
5402,79,83,-4,4
5403,49,63,-14,14
5404,85,85,0,0
5405,85,85,0,0
5406,55,64,-9,9
5407,97,100,-3,3
5408,95,97,-2,2
5409,129,120,9,9
5410,53,66,-13,13
5411,109,110,-1,1
5412,92,95,-3,3
5413,122,103,19,19
5414,102,103,-1,1
5415,98,110,-12,12
5416,68,80,-12,12
5417,108,102,6,6
5418,92,90,2,2
5419,95,94,1,1
5420,65,71,-6,6
5421,27,36,-9,9
5422,62,72,-10,10
5423,109,104,5,5
5424,72,79,-7,7
5425,58,66,-8,8
5426,121,108,13,13
5427,101,98,3,3
5428,63,73,-10,10
5429,38,46,-8,8
5430,145,138,7,7
5431,103,106,-3,3
5432,215,217,-2,2
5433,122,113,9,9
5434,90,97,-7,7
5435,67,73,-6,6
5436,98,103,-5,5
5437,106,113,-7,7
5438,119,119,0,0
5439,93,95,-2,2
5440,48,67,-19,19
5441,87,90,-3,3
5442,108,112,-4,4
5443,72,72,0,0
5444,124,119,5,5
5445,114,114,0,0
5446,43,54,-11,11
5447,109,105,4,4
5448,99,104,-5,5
5449,116,107,9,9
5450,72,93,-21,21
5451,122,128,-6,6
5452,98,99,-1,1
5453,144,149,-5,5
5454,78,77,1,1
5455,70,73,-3,3
5456,114,107,7,7
5457,137,131,6,6
5458,113,104,9,9
5459,115,103,12,12
5460,85,87,-2,2
5461,63,68,-5,5
5462,114,117,-3,3
5463,88,92,-4,4
5464,125,112,13,13
5465,116,116,0,0
5466,150,119,31,31
5467,78,80,-2,2
5468,75,77,-2,2
5469,81,89,-8,8
5470,116,125,-9,9
5471,64,68,-4,4
5472,93,95,-2,2
5473,96,92,4,4
5474,147,140,7,7
5475,77,78,-1,1
5476,139,134,5,5
5477,64,68,-4,4
5478,82,82,0,0
5479,70,74,-4,4
5480,142,136,6,6
5481,99,96,3,3
5482,64,74,-10,10
5483,80,92,-12,12
5484,69,71,-2,2
5485,64,71,-7,7
5486,99,102,-3,3
5487,120,105,15,15
5488,80,82,-2,2
5489,145,141,4,4
5490,161,150,11,11
5491,86,94,-8,8
5492,123,120,3,3
5493,91,92,-1,1
5494,147,134,13,13
5495,92,91,1,1
5496,79,86,-7,7
5497,144,128,16,16
5498,72,77,-5,5
5499,91,103,-12,12
5500,162,151,11,11
5501,76,88,-12,12
5502,82,91,-9,9
5503,63,76,-13,13
5504,71,78,-7,7
5505,74,79,-5,5
5506,152,135,17,17
5507,102,104,-2,2
5508,70,73,-3,3
5509,46,58,-12,12
5510,85,99,-14,14
5511,81,86,-5,5
5512,85,90,-5,5
5513,108,99,9,9
5514,124,118,6,6
5515,81,87,-6,6
5516,97,122,-25,25
5517,137,133,4,4
5518,125,119,6,6
5519,90,97,-7,7
5520,83,85,-2,2
5521,89,93,-4,4
5522,124,113,11,11
5523,101,90,11,11
5524,103,104,-1,1
5525,61,69,-8,8
5526,85,80,5,5
5527,102,104,-2,2
5528,83,97,-14,14
5529,91,97,-6,6
5530,131,107,24,24
5531,150,134,16,16
5532,107,105,2,2
5533,115,116,-1,1
5534,126,120,6,6
5535,129,122,7,7
5536,95,92,3,3
5537,143,127,16,16
5538,115,118,-3,3
5539,85,86,-1,1
5540,164,149,15,15
5541,95,96,-1,1
5542,137,141,-4,4
5543,121,114,7,7
5544,83,85,-2,2
5545,115,120,-5,5
5546,154,155,-1,1
5547,115,113,2,2
5548,88,85,3,3
5549,116,118,-2,2
5550,119,101,18,18
5551,30,44,-14,14
5552,100,95,5,5
5553,132,133,-1,1
5554,186,165,21,21
5555,82,88,-6,6
5556,176,143,33,33
5557,107,102,5,5
5558,89,86,3,3
5559,94,97,-3,3
5560,51,57,-6,6
5561,138,134,4,4
5562,78,83,-5,5
5563,59,69,-10,10
5564,58,65,-7,7
5565,67,73,-6,6
5566,79,79,0,0
5567,54,64,-10,10
5568,62,70,-8,8
5569,83,86,-3,3
5570,75,84,-9,9
5571,115,111,4,4
5572,114,117,-3,3
5573,126,112,14,14
5574,88,101,-13,13
5575,69,71,-2,2
5576,38,62,-24,24
5577,71,75,-4,4
5578,66,69,-3,3
5579,62,70,-8,8
5580,75,76,-1,1
5581,59,65,-6,6
5582,97,104,-7,7
5583,81,96,-15,15
5584,69,87,-18,18
5585,81,80,1,1
5586,101,101,0,0
5587,97,93,4,4
5588,60,78,-18,18
5589,119,112,7,7
5590,113,134,-21,21
5591,130,115,15,15
5592,61,75,-14,14
5593,166,150,16,16
5594,51,63,-12,12
5595,140,132,8,8
5596,109,114,-5,5
5597,115,117,-2,2
5598,112,107,5,5
5599,89,92,-3,3
5600,65,73,-8,8
5601,97,101,-4,4
5602,81,93,-12,12
5603,59,68,-9,9
5604,52,62,-10,10
5605,74,88,-14,14
5606,76,82,-6,6
5607,111,86,25,25
5608,112,110,2,2
5609,66,75,-9,9
5610,96,95,1,1
5611,61,72,-11,11
5612,162,146,16,16
5613,120,111,9,9
5614,68,89,-21,21
5615,61,78,-17,17
5616,110,108,2,2
5617,114,119,-5,5
5618,41,54,-13,13
5619,63,64,-1,1
5620,77,79,-2,2
5621,92,89,3,3
5622,80,80,0,0
5623,40,55,-15,15
5624,56,68,-12,12
5625,72,79,-7,7
5626,123,110,13,13
5627,77,83,-6,6
5628,107,107,0,0
5629,112,108,4,4
5630,72,81,-9,9
5631,99,103,-4,4
5632,118,113,5,5
5633,77,79,-2,2
5634,139,131,8,8
5635,84,85,-1,1
5636,62,73,-11,11
5637,100,99,1,1
5638,80,83,-3,3
5639,91,96,-5,5
5640,113,106,7,7
5641,45,53,-8,8
5642,71,71,0,0
5643,122,107,15,15
5644,53,64,-11,11
5645,78,94,-16,16
5646,65,68,-3,3
5647,40,60,-20,20
5648,136,124,12,12
5649,120,112,8,8
5650,104,110,-6,6
5651,85,86,-1,1
5652,89,88,1,1
5653,84,92,-8,8
5654,80,92,-12,12
5655,119,121,-2,2
5656,105,102,3,3
5657,61,80,-19,19
5658,53,69,-16,16
5659,69,79,-10,10
5660,83,85,-2,2
5661,122,107,15,15
5662,88,89,-1,1
5663,88,85,3,3
5664,104,107,-3,3
5665,94,93,1,1
5666,133,127,6,6
5667,53,63,-10,10
5668,73,81,-8,8
5669,92,93,-1,1
5670,92,93,-1,1
5671,91,93,-2,2
5672,82,88,-6,6
5673,87,93,-6,6
5674,135,124,11,11
5675,126,121,5,5
5676,94,92,2,2
5677,55,64,-9,9
5678,104,97,7,7
5679,127,122,5,5
5680,135,130,5,5
5681,145,127,18,18
5682,99,101,-2,2
5683,96,101,-5,5
5684,103,95,8,8
5685,32,47,-15,15
5686,74,79,-5,5
5687,109,98,11,11
5688,59,70,-11,11
5689,101,99,2,2
5690,69,74,-5,5
5691,71,87,-16,16
5692,101,96,5,5
5693,129,127,2,2
5694,114,111,3,3
5695,73,80,-7,7
5696,179,153,26,26
5697,81,85,-4,4
5698,127,118,9,9
5699,129,125,4,4
5700,57,62,-5,5
5701,50,64,-14,14
5702,80,73,7,7
5703,116,111,5,5
5704,93,89,4,4
5705,164,137,27,27
5706,43,56,-13,13
5707,96,108,-12,12
5708,88,82,6,6
5709,66,69,-3,3
5710,97,101,-4,4
5711,86,92,-6,6
5712,83,94,-11,11
5713,87,91,-4,4
5714,61,72,-11,11
5715,81,86,-5,5
5716,164,151,13,13
5717,138,126,12,12
5718,115,119,-4,4
5719,86,91,-5,5
5720,118,135,-17,17
5721,67,74,-7,7
5722,87,94,-7,7
5723,74,74,0,0
5724,51,60,-9,9
5725,67,71,-4,4
5726,84,84,0,0
5727,94,95,-1,1
5728,69,75,-6,6
5729,115,118,-3,3
5730,48,57,-9,9
5731,77,79,-2,2
5732,81,82,-1,1
5733,110,115,-5,5
5734,74,92,-18,18
5735,54,69,-15,15
5736,84,87,-3,3
5737,70,79,-9,9
5738,64,73,-9,9
5739,80,90,-10,10
5740,78,78,0,0
5741,83,95,-12,12
5742,81,82,-1,1
5743,34,49,-15,15
5744,149,155,-6,6
5745,50,61,-11,11
5746,57,65,-8,8
5747,75,79,-4,4
5748,139,122,17,17
5749,48,58,-10,10
5750,61,73,-12,12
5751,96,93,3,3
5752,64,67,-3,3
5753,90,92,-2,2
5754,81,85,-4,4
5755,119,124,-5,5
5756,129,122,7,7
5757,111,117,-6,6
5758,79,86,-7,7
5759,107,103,4,4
5760,77,88,-11,11
5761,67,73,-6,6
5762,103,97,6,6
5763,60,68,-8,8
5764,115,116,-1,1
5765,62,66,-4,4
5766,71,79,-8,8
5767,67,82,-15,15
5768,46,57,-11,11
5769,52,62,-10,10
5770,55,63,-8,8
5771,95,93,2,2
5772,119,103,16,16
5773,156,157,-1,1
5774,89,85,4,4
5775,130,110,20,20
5776,149,137,12,12
5777,53,74,-21,21
5778,103,100,3,3
5779,181,154,27,27
5780,88,90,-2,2
5781,91,92,-1,1
5782,79,78,1,1
5783,64,84,-20,20
5784,85,95,-10,10
5785,45,58,-13,13
5786,72,77,-5,5
5787,118,111,7,7
5788,54,61,-7,7
5789,98,100,-2,2
5790,79,87,-8,8
5791,63,69,-6,6
5792,27,42,-15,15
5793,142,133,9,9
5794,67,73,-6,6
5795,146,137,9,9
5796,80,89,-9,9
5797,68,87,-19,19
5798,92,98,-6,6
5799,48,59,-11,11
5800,117,102,15,15
5801,98,98,0,0
5802,73,80,-7,7
5803,84,88,-4,4
5804,95,94,1,1
5805,120,119,1,1
5806,151,157,-6,6
5807,50,58,-8,8
5808,93,95,-2,2
5809,150,142,8,8
5810,65,82,-17,17
5811,76,83,-7,7
5812,69,75,-6,6
5813,91,91,0,0
5814,81,87,-6,6
5815,92,92,0,0
5816,127,136,-9,9
5817,100,98,2,2
5818,98,99,-1,1
5819,109,105,4,4
5820,69,79,-10,10
5821,94,102,-8,8
5822,156,138,18,18
5823,82,95,-13,13
5824,62,81,-19,19
5825,56,66,-10,10
5826,44,58,-14,14
5827,134,102,32,32
5828,75,78,-3,3
5829,88,93,-5,5
5830,63,76,-13,13
5831,106,107,-1,1
5832,121,110,11,11
5833,94,102,-8,8
5834,89,100,-11,11
5835,45,60,-15,15
5836,76,84,-8,8
5837,85,91,-6,6
5838,129,132,-3,3
5839,113,111,2,2
5840,127,119,8,8
5841,129,144,-15,15
5842,92,93,-1,1
5843,60,64,-4,4
5844,91,82,9,9
5845,90,88,2,2
5846,143,137,6,6
5847,79,82,-3,3
5848,118,155,-37,37
5849,65,74,-9,9
5850,88,85,3,3
5851,102,103,-1,1
5852,67,74,-7,7
5853,104,100,4,4
5854,164,156,8,8
5855,145,136,9,9
5856,51,57,-6,6
5857,35,51,-16,16
5858,125,119,6,6
5859,78,85,-7,7
5860,110,105,5,5
5861,133,128,5,5
5862,92,96,-4,4
5863,89,97,-8,8
5864,66,73,-7,7
5865,96,100,-4,4
5866,74,79,-5,5
5867,21,31,-10,10
5868,52,63,-11,11
5869,49,59,-10,10
5870,133,136,-3,3
5871,56,65,-9,9
5872,48,60,-12,12
5873,53,58,-5,5
5874,86,94,-8,8
5875,81,97,-16,16
5876,139,136,3,3
5877,111,120,-9,9
5878,118,121,-3,3
5879,61,70,-9,9
5880,88,97,-9,9
5881,58,67,-9,9
5882,91,89,2,2
5883,110,107,3,3
5884,118,96,22,22
5885,109,101,8,8
5886,52,62,-10,10
5887,69,77,-8,8
5888,144,125,19,19
5889,87,88,-1,1
5890,153,131,22,22
5891,49,64,-15,15
5892,106,110,-4,4
5893,85,88,-3,3
5894,95,95,0,0
5895,99,98,1,1
5896,154,147,7,7
5897,64,83,-19,19
5898,74,76,-2,2
5899,94,92,2,2
5900,83,72,11,11
5901,66,74,-8,8
5902,48,63,-15,15
5903,87,98,-11,11
5904,28,57,-29,29
5905,63,68,-5,5
5906,117,113,4,4
5907,169,156,13,13
5908,54,62,-8,8
5909,118,117,1,1
5910,77,78,-1,1
5911,87,93,-6,6
5912,259,217,42,42
5913,116,120,-4,4
5914,141,130,11,11
5915,63,77,-14,14
5916,194,166,28,28
5917,58,76,-18,18
5918,117,114,3,3
5919,101,101,0,0
5920,128,123,5,5
5921,99,90,9,9
5922,122,108,14,14
5923,146,135,11,11
5924,117,103,14,14
5925,85,92,-7,7
5926,156,143,13,13
5927,85,87,-2,2
5928,149,149,0,0
5929,62,73,-11,11
5930,133,129,4,4
5931,76,81,-5,5
5932,67,74,-7,7
5933,125,140,-15,15
5934,73,76,-3,3
5935,106,93,13,13
5936,98,97,1,1
5937,113,111,2,2
5938,151,145,6,6
5939,91,90,1,1
5940,115,121,-6,6
5941,99,102,-3,3
5942,51,63,-12,12
5943,102,115,-13,13
5944,123,113,10,10
5945,71,74,-3,3
5946,116,115,1,1
5947,118,114,4,4
5948,151,156,-5,5
5949,93,86,7,7
5950,77,83,-6,6
5951,52,59,-7,7
5952,88,89,-1,1
5953,56,63,-7,7
5954,152,155,-3,3
5955,129,129,0,0
5956,75,86,-11,11
5957,98,97,1,1
5958,149,143,6,6
5959,73,76,-3,3
5960,96,112,-16,16
5961,145,138,7,7
5962,88,85,3,3
5963,159,139,20,20
5964,178,157,21,21
5965,81,92,-11,11
5966,142,127,15,15
5967,97,93,4,4
5968,145,140,5,5
5969,91,92,-1,1
5970,85,76,9,9
5971,87,81,6,6
5972,90,84,6,6
5973,68,75,-7,7
5974,94,90,4,4
5975,101,97,4,4
5976,92,85,7,7
5977,71,80,-9,9
5978,113,110,3,3
5979,102,102,0,0
5980,114,116,-2,2
5981,97,96,1,1
5982,47,64,-17,17
5983,60,66,-6,6
5984,135,127,8,8
5985,58,65,-7,7
5986,206,173,33,33
5987,68,78,-10,10
5988,42,57,-15,15
5989,73,71,2,2
5990,83,82,1,1
5991,72,72,0,0
5992,111,87,24,24
5993,58,60,-2,2
5994,130,135,-5,5
5995,111,109,2,2
5996,140,143,-3,3
5997,95,98,-3,3
5998,96,99,-3,3
5999,91,90,1,1
6000,79,83,-4,4
6001,74,79,-5,5
6002,169,148,21,21
6003,117,118,-1,1
6004,78,67,11,11
6005,115,119,-4,4
6006,44,53,-9,9
6007,103,115,-12,12
6008,78,98,-20,20
6009,49,60,-11,11
6010,126,126,0,0
6011,93,86,7,7
6012,140,136,4,4
6013,85,90,-5,5
6014,116,122,-6,6
6015,83,82,1,1
6016,96,102,-6,6
6017,143,131,12,12
6018,74,84,-10,10
6019,92,97,-5,5
6020,63,66,-3,3
6021,49,65,-16,16
6022,144,138,6,6
6023,54,63,-9,9
6024,116,160,-44,44
6025,66,81,-15,15
6026,56,68,-12,12
6027,56,95,-39,39
6028,107,110,-3,3
6029,140,131,9,9
6030,92,101,-9,9
6031,76,84,-8,8
6032,90,97,-7,7
6033,138,135,3,3
6034,71,74,-3,3
6035,89,102,-13,13
6036,66,67,-1,1
6037,60,69,-9,9
6038,116,123,-7,7
6039,179,171,8,8
6040,90,83,7,7
6041,116,119,-3,3
6042,89,93,-4,4
6043,95,94,1,1
6044,85,82,3,3
6045,53,63,-10,10
6046,166,154,12,12
6047,43,57,-14,14
6048,119,121,-2,2
6049,105,116,-11,11
6050,121,113,8,8
6051,73,78,-5,5
6052,67,72,-5,5
6053,119,120,-1,1
6054,106,106,0,0
6055,72,72,0,0
6056,75,77,-2,2
6057,70,80,-10,10
6058,143,126,17,17
6059,83,87,-4,4
6060,83,84,-1,1
6061,46,68,-22,22
6062,47,56,-9,9
6063,119,117,2,2
6064,108,98,10,10
6065,43,66,-23,23
6066,64,66,-2,2
6067,83,90,-7,7
6068,141,130,11,11
6069,107,103,4,4
6070,35,62,-27,27
6071,119,116,3,3
6072,88,84,4,4
6073,77,87,-10,10
6074,75,79,-4,4
6075,140,132,8,8
6076,66,74,-8,8
6077,121,124,-3,3
6078,47,65,-18,18
6079,68,77,-9,9
6080,112,102,10,10
6081,178,157,21,21
6082,87,95,-8,8
6083,164,143,21,21
6084,79,86,-7,7
6085,71,76,-5,5
6086,111,125,-14,14
6087,78,86,-8,8
6088,160,162,-2,2
6089,98,98,0,0
6090,115,152,-37,37
6091,95,105,-10,10
6092,65,70,-5,5
6093,159,151,8,8
6094,85,88,-3,3
6095,69,72,-3,3
6096,116,118,-2,2
6097,55,66,-11,11
6098,96,99,-3,3
6099,94,91,3,3
6100,72,76,-4,4
6101,94,88,6,6
6102,124,128,-4,4
6103,62,68,-6,6
6104,79,76,3,3
6105,146,130,16,16
6106,42,57,-15,15
6107,85,85,0,0
6108,100,89,11,11
6109,131,113,18,18
6110,72,82,-10,10
6111,49,58,-9,9
6112,116,108,8,8
6113,102,100,2,2
6114,135,130,5,5
6115,138,130,8,8
6116,40,65,-25,25
6117,104,100,4,4
6118,99,96,3,3
6119,50,56,-6,6
6120,108,105,3,3
6121,106,107,-1,1
6122,93,91,2,2
6123,155,148,7,7
6124,127,119,8,8
6125,78,85,-7,7
6126,87,93,-6,6
6127,73,80,-7,7
6128,92,96,-4,4
6129,86,88,-2,2
6130,117,115,2,2
6131,65,68,-3,3
6132,44,53,-9,9
6133,142,134,8,8
6134,83,94,-11,11
6135,104,100,4,4
6136,119,104,15,15
6137,112,107,5,5
6138,96,87,9,9
6139,58,69,-11,11
6140,44,57,-13,13
6141,107,109,-2,2
6142,115,114,1,1
6143,87,95,-8,8
6144,102,102,0,0
6145,89,90,-1,1
6146,119,115,4,4
6147,101,99,2,2
6148,55,65,-10,10
6149,92,89,3,3
6150,108,101,7,7
6151,57,64,-7,7
6152,119,111,8,8
6153,133,126,7,7
6154,80,86,-6,6
6155,66,76,-10,10
6156,114,105,9,9
6157,111,115,-4,4
6158,140,127,13,13
6159,108,90,18,18
6160,89,99,-10,10
6161,88,82,6,6
6162,76,86,-10,10
6163,80,85,-5,5
6164,98,93,5,5
6165,73,77,-4,4
6166,136,127,9,9
6167,50,59,-9,9
6168,88,99,-11,11
6169,69,77,-8,8
6170,151,139,12,12
6171,66,69,-3,3
6172,73,76,-3,3
6173,65,69,-4,4
6174,72,80,-8,8
6175,52,63,-11,11
6176,108,96,12,12
6177,86,86,0,0
6178,34,56,-22,22
6179,183,174,9,9
6180,54,58,-4,4
6181,122,124,-2,2
6182,64,73,-9,9
6183,75,81,-6,6
6184,105,98,7,7
6185,65,75,-10,10
6186,84,95,-11,11
6187,101,101,0,0
6188,117,110,7,7
6189,148,143,5,5
6190,66,73,-7,7
6191,106,110,-4,4
6192,147,125,22,22
6193,108,112,-4,4
6194,133,106,27,27
6195,42,57,-15,15
6196,67,70,-3,3
6197,117,108,9,9
6198,127,130,-3,3
6199,84,86,-2,2
6200,72,75,-3,3
6201,77,79,-2,2
6202,83,83,0,0
6203,77,93,-16,16
6204,133,127,6,6
6205,61,75,-14,14
6206,75,86,-11,11
6207,81,81,0,0
6208,95,94,1,1
6209,115,110,5,5
6210,106,99,7,7
6211,85,82,3,3
6212,89,90,-1,1
6213,103,102,1,1
6214,78,80,-2,2
6215,83,83,0,0
6216,128,112,16,16
6217,64,76,-12,12
6218,87,88,-1,1
6219,108,98,10,10
6220,108,105,3,3
6221,77,80,-3,3
6222,65,79,-14,14
6223,56,65,-9,9
6224,69,69,0,0
6225,83,91,-8,8
6226,93,100,-7,7
6227,85,90,-5,5
6228,177,164,13,13
6229,52,62,-10,10
6230,35,51,-16,16
6231,128,116,12,12
6232,98,97,1,1
6233,83,84,-1,1
6234,67,71,-4,4
6235,102,101,1,1
6236,115,114,1,1
6237,103,98,5,5
6238,99,103,-4,4
6239,100,99,1,1
6240,148,125,23,23
6241,67,73,-6,6
6242,131,125,6,6
6243,76,79,-3,3
6244,91,94,-3,3
6245,110,95,15,15
6246,133,131,2,2
6247,77,86,-9,9
6248,151,144,7,7
6249,130,133,-3,3
6250,80,87,-7,7
6251,86,91,-5,5
6252,117,124,-7,7
6253,72,75,-3,3
6254,104,105,-1,1
6255,108,101,7,7
6256,103,106,-3,3
6257,57,69,-12,12
6258,30,49,-19,19
6259,70,78,-8,8
6260,93,106,-13,13
6261,75,77,-2,2
6262,46,58,-12,12
6263,169,129,40,40
6264,88,90,-2,2
6265,71,80,-9,9
6266,97,104,-7,7
6267,133,120,13,13
6268,77,83,-6,6
6269,93,98,-5,5
6270,52,71,-19,19
6271,124,132,-8,8
6272,60,93,-33,33
6273,53,66,-13,13
6274,98,97,1,1
6275,105,93,12,12
6276,92,88,4,4
6277,106,99,7,7
6278,55,62,-7,7
6279,94,99,-5,5
6280,94,85,9,9
6281,67,78,-11,11
6282,109,99,10,10
6283,61,72,-11,11
6284,49,63,-14,14
6285,99,95,4,4
6286,109,101,8,8
6287,73,75,-2,2
6288,107,103,4,4
6289,82,84,-2,2
6290,122,116,6,6
6291,50,60,-10,10
6292,102,96,6,6
6293,99,97,2,2
6294,40,50,-10,10
6295,61,67,-6,6
6296,94,98,-4,4
6297,55,66,-11,11
6298,66,71,-5,5
6299,58,72,-14,14
6300,139,143,-4,4
6301,104,92,12,12
6302,74,76,-2,2
6303,77,77,0,0
6304,77,79,-2,2
6305,91,94,-3,3
6306,74,77,-3,3
6307,63,70,-7,7
6308,56,64,-8,8
6309,103,110,-7,7
6310,83,89,-6,6
6311,69,83,-14,14
6312,165,147,18,18
6313,109,108,1,1
6314,93,86,7,7
6315,123,120,3,3
6316,142,133,9,9
6317,71,72,-1,1
6318,102,103,-1,1
6319,81,85,-4,4
6320,178,149,29,29
6321,75,76,-1,1
6322,68,76,-8,8
6323,135,125,10,10
6324,103,104,-1,1
6325,108,110,-2,2
6326,62,84,-22,22
6327,95,102,-7,7
6328,114,106,8,8
6329,120,119,1,1
6330,124,127,-3,3
6331,90,94,-4,4
6332,29,47,-18,18
6333,69,78,-9,9
6334,61,77,-16,16
6335,85,85,0,0
6336,83,93,-10,10
6337,122,110,12,12
6338,148,135,13,13
6339,108,100,8,8
6340,96,100,-4,4
6341,75,83,-8,8
6342,101,111,-10,10
6343,81,83,-2,2
6344,98,102,-4,4
6345,95,94,1,1
6346,100,97,3,3
6347,96,101,-5,5
6348,161,164,-3,3
6349,84,86,-2,2
6350,55,64,-9,9
6351,59,72,-13,13
6352,124,120,4,4
6353,137,131,6,6
6354,118,112,6,6
6355,144,122,22,22
6356,182,164,18,18
6357,126,120,6,6
6358,127,119,8,8
6359,111,107,4,4
6360,92,94,-2,2
6361,106,102,4,4
6362,74,83,-9,9
6363,68,86,-18,18
6364,108,114,-6,6
6365,95,92,3,3
6366,103,105,-2,2
6367,81,88,-7,7
6368,86,92,-6,6
6369,170,149,21,21
6370,50,61,-11,11
6371,51,63,-12,12
6372,94,89,5,5
6373,146,152,-6,6
6374,74,80,-6,6
6375,100,93,7,7
6376,128,114,14,14
6377,74,74,0,0
6378,108,105,3,3
6379,77,85,-8,8
6380,63,72,-9,9
6381,50,56,-6,6
6382,109,102,7,7
6383,52,63,-11,11
6384,68,86,-18,18
6385,90,98,-8,8
6386,80,90,-10,10
6387,55,71,-16,16
6388,103,95,8,8
6389,84,91,-7,7
6390,90,85,5,5
6391,66,80,-14,14
6392,167,154,13,13
6393,82,88,-6,6
6394,73,76,-3,3
6395,86,94,-8,8
6396,71,79,-8,8
6397,80,89,-9,9
6398,92,98,-6,6
6399,117,106,11,11
6400,51,65,-14,14
6401,94,96,-2,2
6402,84,86,-2,2
6403,135,133,2,2
6404,66,78,-12,12
6405,151,142,9,9
6406,92,96,-4,4
6407,102,100,2,2
6408,116,104,12,12
6409,50,67,-17,17
6410,88,93,-5,5
6411,119,116,3,3
6412,107,107,0,0
6413,93,100,-7,7
6414,142,130,12,12
6415,52,61,-9,9
6416,115,117,-2,2
6417,52,62,-10,10
6418,56,63,-7,7
6419,152,128,24,24
6420,83,80,3,3
6421,62,71,-9,9
6422,64,79,-15,15
6423,119,110,9,9
6424,157,130,27,27
6425,51,67,-16,16
6426,118,118,0,0
6427,58,73,-15,15
6428,94,93,1,1
6429,45,58,-13,13
6430,120,108,12,12
6431,88,91,-3,3
6432,84,94,-10,10
6433,131,127,4,4
6434,98,95,3,3
6435,50,60,-10,10
6436,88,87,1,1
6437,101,111,-10,10
6438,78,80,-2,2
6439,40,69,-29,29
6440,103,110,-7,7
6441,96,91,5,5
6442,83,85,-2,2
6443,93,94,-1,1
6444,82,79,3,3
6445,103,99,4,4
6446,41,69,-28,28
6447,39,56,-17,17
6448,60,65,-5,5
6449,137,126,11,11
6450,46,56,-10,10
6451,51,61,-10,10
6452,82,88,-6,6
6453,131,119,12,12
6454,66,79,-13,13
6455,76,77,-1,1
6456,204,179,25,25
6457,106,105,1,1
6458,72,74,-2,2
6459,145,140,5,5
6460,80,82,-2,2
6461,89,96,-7,7
6462,148,146,2,2
6463,141,122,19,19
6464,59,71,-12,12
6465,51,56,-5,5
6466,88,89,-1,1
6467,77,80,-3,3
6468,103,99,4,4
6469,94,88,6,6
6470,92,86,6,6
6471,82,82,0,0
6472,89,98,-9,9
6473,72,79,-7,7
6474,135,124,11,11
6475,135,123,12,12
6476,85,86,-1,1
6477,63,72,-9,9
6478,173,159,14,14
6479,108,106,2,2
6480,141,121,20,20
6481,85,93,-8,8
6482,144,136,8,8
6483,66,72,-6,6
6484,86,93,-7,7
6485,84,80,4,4
6486,107,100,7,7
6487,60,69,-9,9
6488,62,76,-14,14
6489,174,167,7,7
6490,68,69,-1,1
6491,74,82,-8,8
6492,67,72,-5,5
6493,72,72,0,0
6494,117,110,7,7
6495,93,118,-25,25
6496,69,82,-13,13
6497,75,80,-5,5
6498,84,84,0,0
6499,101,103,-2,2
6500,78,82,-4,4
6501,202,182,20,20
6502,97,108,-11,11
6503,79,85,-6,6
6504,97,105,-8,8
6505,60,73,-13,13
6506,58,65,-7,7
6507,113,119,-6,6
6508,63,71,-8,8
6509,79,82,-3,3
6510,94,96,-2,2
6511,129,124,5,5
6512,142,136,6,6
6513,96,97,-1,1
6514,83,79,4,4
6515,137,124,13,13
6516,99,97,2,2
6517,92,95,-3,3
6518,92,103,-11,11
6519,69,74,-5,5
6520,126,136,-10,10
6521,148,150,-2,2
6522,90,93,-3,3
6523,94,91,3,3
6524,111,108,3,3
6525,86,95,-9,9
6526,49,66,-17,17
6527,124,116,8,8
6528,107,108,-1,1
6529,129,122,7,7
6530,58,62,-4,4
6531,70,74,-4,4
6532,70,81,-11,11
6533,91,87,4,4
6534,86,84,2,2
6535,102,103,-1,1
6536,83,91,-8,8
6537,119,117,2,2
6538,76,78,-2,2
6539,49,57,-8,8
6540,94,84,10,10
6541,124,105,19,19
6542,65,71,-6,6
6543,96,107,-11,11
6544,170,157,13,13
6545,68,79,-11,11
6546,28,42,-14,14
6547,135,134,1,1
6548,151,127,24,24
6549,80,90,-10,10
6550,79,96,-17,17
6551,68,86,-18,18
6552,118,106,12,12
6553,73,78,-5,5
6554,104,114,-10,10
6555,147,127,20,20
6556,91,95,-4,4
6557,147,127,20,20
6558,55,69,-14,14
6559,66,73,-7,7
6560,121,112,9,9
6561,70,76,-6,6
6562,107,105,2,2
6563,153,144,9,9
6564,124,123,1,1
6565,59,75,-16,16
6566,90,88,2,2
6567,57,71,-14,14
6568,129,115,14,14
6569,98,103,-5,5
6570,152,137,15,15
6571,55,69,-14,14
6572,93,75,18,18
6573,61,67,-6,6
6574,135,124,11,11
6575,72,73,-1,1
6576,105,109,-4,4
6577,65,96,-31,31
6578,91,93,-2,2
6579,117,109,8,8
6580,85,93,-8,8
6581,125,117,8,8
6582,57,69,-12,12
6583,151,135,16,16
6584,68,77,-9,9
6585,104,112,-8,8
6586,53,66,-13,13
6587,88,91,-3,3
6588,91,89,2,2
6589,184,147,37,37
6590,99,97,2,2
6591,189,159,30,30
6592,186,161,25,25
6593,125,114,11,11
6594,62,77,-15,15
6595,103,103,0,0
6596,183,172,11,11
6597,62,65,-3,3
6598,66,73,-7,7
6599,73,75,-2,2
6600,114,111,3,3
6601,123,123,0,0
6602,108,95,13,13
6603,115,106,9,9
6604,124,117,7,7
6605,66,81,-15,15
6606,104,89,15,15
6607,75,80,-5,5
6608,108,111,-3,3
6609,81,88,-7,7
6610,82,77,5,5
6611,80,78,2,2
6612,30,50,-20,20
6613,90,91,-1,1
6614,62,68,-6,6
6615,86,84,2,2
6616,56,65,-9,9
6617,95,100,-5,5
6618,100,103,-3,3
6619,102,100,2,2
6620,102,102,0,0
6621,59,64,-5,5
6622,152,132,20,20
6623,163,156,7,7
6624,143,134,9,9
6625,162,149,13,13
6626,84,91,-7,7
6627,78,86,-8,8
6628,92,99,-7,7
6629,79,87,-8,8
6630,78,79,-1,1
6631,120,105,15,15
6632,99,96,3,3
6633,103,97,6,6
6634,76,86,-10,10
6635,80,84,-4,4
6636,66,73,-7,7
6637,128,123,5,5
6638,85,78,7,7
6639,100,103,-3,3
6640,46,63,-17,17
6641,125,121,4,4
6642,111,116,-5,5
6643,119,115,4,4
6644,59,70,-11,11
6645,55,64,-9,9
6646,158,146,12,12
6647,106,112,-6,6
6648,136,132,4,4
6649,108,100,8,8
6650,124,119,5,5
6651,106,106,0,0
6652,92,86,6,6
6653,118,121,-3,3
6654,108,103,5,5
6655,114,108,6,6
6656,51,64,-13,13
6657,85,88,-3,3
6658,61,91,-30,30
6659,74,81,-7,7
6660,67,73,-6,6
6661,108,104,4,4
6662,132,125,7,7
6663,78,77,1,1
6664,102,110,-8,8
6665,175,142,33,33
6666,140,131,9,9
6667,93,92,1,1
6668,75,87,-12,12
6669,98,98,0,0
6670,98,94,4,4
6671,119,107,12,12
6672,121,142,-21,21
6673,94,96,-2,2
6674,117,102,15,15
6675,108,109,-1,1
6676,87,105,-18,18
6677,100,97,3,3
6678,88,88,0,0
6679,86,77,9,9
6680,65,73,-8,8
6681,81,82,-1,1
6682,89,92,-3,3
6683,114,104,10,10
6684,108,106,2,2
6685,95,89,6,6
6686,100,98,2,2
6687,98,101,-3,3
6688,88,90,-2,2
6689,95,95,0,0
6690,92,95,-3,3
6691,161,148,13,13
6692,57,62,-5,5
6693,89,94,-5,5
6694,67,62,5,5
6695,101,102,-1,1
6696,102,107,-5,5
6697,84,87,-3,3
6698,64,71,-7,7
6699,127,123,4,4
6700,97,99,-2,2
6701,101,102,-1,1
6702,65,76,-11,11
6703,89,87,2,2
6704,70,75,-5,5
6705,67,76,-9,9
6706,169,154,15,15
6707,59,75,-16,16
6708,163,143,20,20
6709,38,53,-15,15
6710,117,111,6,6
6711,53,63,-10,10
6712,52,63,-11,11
6713,120,119,1,1
6714,80,75,5,5
6715,52,67,-15,15
6716,127,138,-11,11
6717,87,94,-7,7
6718,54,77,-23,23
6719,66,69,-3,3
6720,98,96,2,2
6721,112,113,-1,1
6722,56,67,-11,11
6723,114,111,3,3
6724,90,90,0,0
6725,87,92,-5,5
6726,58,68,-10,10
6727,118,115,3,3
6728,96,99,-3,3
6729,102,111,-9,9
6730,84,94,-10,10
6731,111,104,7,7
6732,62,74,-12,12
6733,73,77,-4,4
6734,69,77,-8,8
6735,133,123,10,10
6736,87,86,1,1
6737,64,71,-7,7
6738,85,91,-6,6
6739,103,97,6,6
6740,86,85,1,1
6741,68,76,-8,8
6742,145,142,3,3
6743,74,74,0,0
6744,91,98,-7,7
6745,102,96,6,6
6746,128,123,5,5
6747,104,108,-4,4
6748,110,119,-9,9
6749,56,62,-6,6
6750,83,89,-6,6
6751,109,113,-4,4
6752,77,79,-2,2
6753,164,138,26,26
6754,137,132,5,5
6755,134,121,13,13
6756,172,158,14,14
6757,116,111,5,5
6758,80,82,-2,2
6759,50,64,-14,14
6760,168,146,22,22
6761,68,79,-11,11
6762,88,94,-6,6
6763,48,59,-11,11
6764,60,67,-7,7
6765,135,133,2,2
6766,75,74,1,1
6767,187,168,19,19
6768,78,77,1,1
6769,117,99,18,18
6770,109,113,-4,4
6771,79,78,1,1
6772,80,85,-5,5
6773,72,79,-7,7
6774,105,106,-1,1
6775,130,133,-3,3
6776,108,115,-7,7
6777,39,56,-17,17
6778,94,100,-6,6
6779,76,89,-13,13
6780,84,89,-5,5
6781,110,120,-10,10
6782,79,82,-3,3
6783,129,109,20,20
6784,66,74,-8,8
6785,73,81,-8,8
6786,90,85,5,5
6787,69,76,-7,7
6788,76,73,3,3
6789,96,109,-13,13
6790,113,110,3,3
6791,118,117,1,1
6792,78,80,-2,2
6793,92,90,2,2
6794,96,92,4,4
6795,111,118,-7,7
6796,143,146,-3,3
6797,101,100,1,1
6798,99,103,-4,4
6799,110,119,-9,9
6800,105,110,-5,5
6801,79,83,-4,4
6802,80,93,-13,13
6803,54,62,-8,8
6804,86,87,-1,1
6805,66,80,-14,14
6806,96,95,1,1
6807,151,144,7,7
6808,78,100,-22,22
6809,82,94,-12,12
6810,93,92,1,1
6811,57,74,-17,17
6812,129,120,9,9
6813,89,90,-1,1
6814,83,85,-2,2
6815,72,86,-14,14
6816,85,90,-5,5
6817,58,67,-9,9
6818,69,75,-6,6
6819,69,86,-17,17
6820,55,62,-7,7
6821,114,105,9,9
6822,145,125,20,20
6823,81,91,-10,10
6824,41,60,-19,19
6825,88,104,-16,16
6826,108,108,0,0
6827,104,102,2,2
6828,74,73,1,1
6829,111,107,4,4
6830,74,78,-4,4
6831,82,82,0,0
6832,129,121,8,8
6833,75,84,-9,9
6834,137,124,13,13
6835,135,126,9,9
6836,93,86,7,7
6837,73,90,-17,17
6838,125,122,3,3
6839,110,119,-9,9
6840,147,153,-6,6
6841,86,95,-9,9
6842,96,94,2,2
6843,104,100,4,4
6844,110,112,-2,2
6845,80,83,-3,3
6846,66,78,-12,12
6847,168,158,10,10
6848,123,131,-8,8
6849,138,136,2,2
6850,66,73,-7,7
6851,66,70,-4,4
6852,143,127,16,16
6853,88,81,7,7
6854,76,89,-13,13
6855,143,142,1,1
6856,108,102,6,6
6857,74,77,-3,3
6858,76,79,-3,3
6859,59,69,-10,10
6860,87,86,1,1
6861,113,108,5,5
6862,57,65,-8,8
6863,56,73,-17,17
6864,102,96,6,6
6865,74,78,-4,4
6866,89,95,-6,6
6867,75,83,-8,8
6868,128,127,1,1
6869,106,111,-5,5
6870,92,88,4,4
6871,138,136,2,2
6872,75,76,-1,1
6873,103,102,1,1
6874,120,108,12,12
6875,136,121,15,15
6876,72,78,-6,6
6877,128,132,-4,4
6878,128,123,5,5
6879,150,139,11,11
6880,86,85,1,1
6881,85,87,-2,2
6882,62,69,-7,7
6883,76,79,-3,3
6884,123,120,3,3
6885,64,72,-8,8
6886,116,117,-1,1
6887,62,73,-11,11
6888,81,88,-7,7
6889,118,109,9,9
6890,117,116,1,1
6891,123,111,12,12
6892,144,125,19,19
6893,109,106,3,3
6894,79,81,-2,2
6895,97,102,-5,5
6896,87,82,5,5
6897,55,63,-8,8
6898,65,73,-8,8
6899,103,103,0,0
6900,90,83,7,7
6901,87,88,-1,1
6902,43,56,-13,13
6903,92,93,-1,1
6904,147,145,2,2
6905,106,101,5,5
6906,68,84,-16,16
6907,71,71,0,0
6908,97,99,-2,2
6909,93,97,-4,4
6910,69,90,-21,21
6911,92,100,-8,8
6912,77,86,-9,9
6913,132,124,8,8
6914,87,92,-5,5
6915,118,109,9,9
6916,58,66,-8,8
6917,43,52,-9,9
6918,80,90,-10,10
6919,118,109,9,9
6920,107,119,-12,12
6921,132,128,4,4
6922,86,94,-8,8
6923,114,106,8,8
6924,85,84,1,1
6925,66,75,-9,9
6926,65,72,-7,7
6927,84,91,-7,7
6928,122,119,3,3
6929,74,83,-9,9
6930,154,154,0,0
6931,93,93,0,0
6932,40,73,-33,33
6933,88,86,2,2
6934,84,91,-7,7
6935,67,74,-7,7
6936,113,118,-5,5
6937,110,112,-2,2
6938,217,184,33,33
6939,99,103,-4,4
6940,107,111,-4,4
6941,120,119,1,1
6942,116,107,9,9
6943,70,84,-14,14
6944,86,86,0,0
6945,89,96,-7,7
6946,75,79,-4,4
6947,72,77,-5,5
6948,75,80,-5,5
6949,55,71,-16,16
6950,196,185,11,11
6951,114,105,9,9
6952,142,95,47,47
6953,76,84,-8,8
6954,71,72,-1,1
6955,80,89,-9,9
6956,81,82,-1,1
6957,106,97,9,9
6958,126,119,7,7
6959,114,115,-1,1
6960,90,93,-3,3
6961,134,125,9,9
6962,112,111,1,1
6963,86,91,-5,5
6964,109,117,-8,8
6965,98,107,-9,9
6966,123,121,2,2
6967,48,56,-8,8
6968,89,91,-2,2
6969,141,138,3,3
6970,122,119,3,3
6971,65,77,-12,12
6972,163,148,15,15
6973,106,101,5,5
6974,145,142,3,3
6975,65,70,-5,5
6976,111,96,15,15
6977,110,111,-1,1
6978,40,53,-13,13
6979,77,81,-4,4
6980,81,82,-1,1
6981,136,128,8,8
6982,124,127,-3,3
6983,107,110,-3,3
6984,83,86,-3,3
6985,137,127,10,10
6986,93,96,-3,3
6987,95,95,0,0
6988,82,97,-15,15
6989,91,94,-3,3
6990,139,121,18,18
6991,49,59,-10,10
6992,36,50,-14,14
6993,76,73,3,3
6994,57,69,-12,12
6995,128,128,0,0
6996,77,95,-18,18
6997,86,92,-6,6
6998,144,136,8,8
6999,72,81,-9,9
7000,48,61,-13,13
7001,86,84,2,2
7002,96,92,4,4
7003,67,73,-6,6
7004,65,72,-7,7
7005,132,117,15,15
7006,128,120,8,8
7007,115,108,7,7
7008,109,108,1,1
7009,63,71,-8,8
7010,55,70,-15,15
7011,119,106,13,13
7012,70,72,-2,2
7013,125,119,6,6
7014,146,131,15,15
7015,84,87,-3,3
7016,120,122,-2,2
7017,83,92,-9,9
7018,68,72,-4,4
7019,106,100,6,6
7020,147,122,25,25
7021,81,84,-3,3
7022,87,94,-7,7
7023,86,86,0,0
7024,67,79,-12,12
7025,100,95,5,5
7026,81,89,-8,8
7027,70,82,-12,12
7028,94,94,0,0
7029,123,110,13,13
7030,121,113,8,8
7031,71,79,-8,8
7032,73,77,-4,4
7033,79,85,-6,6
7034,98,104,-6,6
7035,147,118,29,29
7036,86,88,-2,2
7037,83,80,3,3
7038,117,108,9,9
7039,93,99,-6,6
7040,44,58,-14,14
7041,68,78,-10,10
7042,74,80,-6,6
7043,76,97,-21,21
7044,96,92,4,4
7045,80,74,6,6
7046,73,87,-14,14
7047,93,89,4,4
7048,48,61,-13,13
7049,85,88,-3,3
7050,140,134,6,6
7051,81,86,-5,5
7052,57,65,-8,8
7053,93,92,1,1
7054,119,119,0,0
7055,129,132,-3,3
7056,88,89,-1,1
7057,101,98,3,3
7058,91,94,-3,3
7059,59,64,-5,5
7060,109,118,-9,9
7061,89,84,5,5
7062,101,91,10,10
7063,116,106,10,10
7064,86,91,-5,5
7065,113,110,3,3
7066,101,97,4,4
7067,110,113,-3,3
7068,115,138,-23,23
7069,137,140,-3,3
7070,64,78,-14,14
7071,133,121,12,12
7072,80,89,-9,9
7073,61,65,-4,4
7074,116,120,-4,4
7075,154,143,11,11
7076,69,76,-7,7
7077,123,121,2,2
7078,63,73,-10,10
7079,99,118,-19,19
7080,52,60,-8,8
7081,86,85,1,1
7082,79,82,-3,3
7083,97,105,-8,8
7084,68,78,-10,10
7085,79,87,-8,8
7086,82,79,3,3
7087,66,68,-2,2
7088,28,30,-2,2
7089,54,72,-18,18
7090,76,79,-3,3
7091,74,87,-13,13
7092,97,99,-2,2
7093,82,84,-2,2
7094,103,103,0,0
7095,61,66,-5,5
7096,69,69,0,0
7097,60,72,-12,12
7098,61,91,-30,30
7099,100,104,-4,4
7100,100,103,-3,3
7101,129,119,10,10
7102,184,160,24,24
7103,119,119,0,0
7104,91,87,4,4
7105,99,107,-8,8
7106,100,99,1,1
7107,58,71,-13,13
7108,70,76,-6,6
7109,76,88,-12,12
7110,77,80,-3,3
7111,70,73,-3,3
7112,116,109,7,7
7113,149,138,11,11
7114,124,123,1,1
7115,139,116,23,23
7116,142,145,-3,3
7117,77,86,-9,9
7118,96,89,7,7
7119,215,178,37,37
7120,70,77,-7,7
7121,118,119,-1,1
7122,89,93,-4,4
7123,106,99,7,7
7124,117,116,1,1
7125,60,71,-11,11
7126,67,77,-10,10
7127,149,147,2,2
7128,364,367,-3,3
7129,110,104,6,6
7130,106,99,7,7
7131,161,157,4,4
7132,119,128,-9,9
7133,113,138,-25,25
7134,100,104,-4,4
7135,51,66,-15,15
7136,121,118,3,3
7137,108,107,1,1
7138,107,105,2,2
7139,62,69,-7,7
7140,84,89,-5,5
7141,93,85,8,8
7142,143,136,7,7
7143,136,126,10,10
7144,53,71,-18,18
7145,97,102,-5,5
7146,139,140,-1,1
7147,126,125,1,1
7148,46,63,-17,17
7149,172,163,9,9
7150,101,100,1,1
7151,89,94,-5,5
7152,118,110,8,8
7153,71,79,-8,8
7154,120,121,-1,1
7155,77,82,-5,5
7156,145,128,17,17
7157,45,53,-8,8
7158,80,82,-2,2
7159,58,70,-12,12
7160,117,108,9,9
7161,91,93,-2,2
7162,192,171,21,21
7163,68,71,-3,3
7164,71,70,1,1
7165,82,84,-2,2
7166,84,88,-4,4
7167,70,83,-13,13
7168,47,64,-17,17
7169,95,92,3,3
7170,59,69,-10,10
7171,154,138,16,16
7172,131,121,10,10
7173,98,102,-4,4
7174,38,55,-17,17
7175,86,94,-8,8
7176,55,66,-11,11
7177,40,52,-12,12
7178,119,115,4,4
7179,247,209,38,38
7180,96,102,-6,6
7181,69,79,-10,10
7182,87,95,-8,8
7183,93,100,-7,7
7184,84,84,0,0
7185,127,129,-2,2
7186,106,102,4,4
7187,62,70,-8,8
7188,84,91,-7,7
7189,48,63,-15,15
7190,116,121,-5,5
7191,83,82,1,1
7192,123,122,1,1
7193,97,92,5,5
7194,119,106,13,13
7195,113,115,-2,2
7196,70,79,-9,9
7197,123,122,1,1
7198,86,85,1,1
7199,49,62,-13,13
7200,113,110,3,3
7201,100,100,0,0
7202,131,125,6,6
7203,93,95,-2,2
7204,92,88,4,4
7205,73,76,-3,3
7206,61,70,-9,9
7207,72,73,-1,1
7208,91,92,-1,1
7209,86,91,-5,5
7210,82,82,0,0
7211,179,167,12,12
7212,121,106,15,15
7213,58,68,-10,10
7214,83,80,3,3
7215,100,86,14,14
7216,84,84,0,0
7217,76,77,-1,1
7218,83,79,4,4
7219,81,85,-4,4
7220,119,116,3,3
7221,160,143,17,17
7222,97,101,-4,4
7223,143,150,-7,7
7224,49,53,-4,4
7225,188,163,25,25
7226,79,84,-5,5
7227,62,70,-8,8
7228,71,72,-1,1
7229,114,121,-7,7
7230,167,162,5,5
7231,100,92,8,8
7232,90,87,3,3
7233,106,107,-1,1
7234,129,129,0,0
7235,81,83,-2,2
7236,52,63,-11,11
7237,86,86,0,0
7238,92,106,-14,14
7239,59,71,-12,12
7240,98,105,-7,7
7241,94,92,2,2
7242,173,161,12,12
7243,82,94,-12,12
7244,121,118,3,3
7245,84,83,1,1
7246,44,52,-8,8
7247,88,98,-10,10
7248,91,87,4,4
7249,97,94,3,3
7250,46,55,-9,9
7251,114,108,6,6
7252,108,100,8,8
7253,66,72,-6,6
7254,71,76,-5,5
7255,76,80,-4,4
7256,159,149,10,10
7257,39,35,4,4
7258,47,63,-16,16
7259,142,123,19,19
7260,124,128,-4,4
7261,109,109,0,0
7262,110,113,-3,3
7263,59,64,-5,5
7264,107,98,9,9
7265,59,65,-6,6
7266,93,96,-3,3
7267,96,100,-4,4
7268,40,61,-21,21
7269,124,120,4,4
7270,90,81,9,9
7271,52,63,-11,11
7272,95,90,5,5
7273,81,82,-1,1
7274,171,150,21,21
7275,78,72,6,6
7276,97,89,8,8
7277,82,92,-10,10
7278,93,92,1,1
7279,106,108,-2,2
7280,129,118,11,11
7281,110,118,-8,8
7282,28,62,-34,34
7283,152,149,3,3
7284,113,102,11,11
7285,62,69,-7,7
7286,51,60,-9,9
7287,167,166,1,1
7288,60,63,-3,3
7289,176,159,17,17
7290,139,134,5,5
7291,193,178,15,15
7292,78,86,-8,8
7293,76,76,0,0
7294,80,81,-1,1
7295,86,103,-17,17
7296,102,95,7,7
7297,51,59,-8,8
7298,32,41,-9,9
7299,133,116,17,17
7300,160,142,18,18
7301,75,76,-1,1
7302,84,81,3,3
7303,85,90,-5,5
7304,89,95,-6,6
7305,69,72,-3,3
7306,113,112,1,1
7307,69,73,-4,4
7308,76,87,-11,11
7309,56,81,-25,25
7310,86,80,6,6
7311,92,100,-8,8
7312,54,66,-12,12
7313,100,94,6,6
7314,37,46,-9,9
7315,140,133,7,7
7316,57,76,-19,19
7317,83,91,-8,8
7318,75,72,3,3
7319,59,69,-10,10
7320,99,118,-19,19
7321,108,103,5,5
7322,93,98,-5,5
7323,78,87,-9,9
7324,166,158,8,8
7325,81,86,-5,5
7326,80,83,-3,3
7327,166,141,25,25
7328,56,65,-9,9
7329,108,107,1,1
7330,88,90,-2,2
7331,124,129,-5,5
7332,71,78,-7,7
7333,111,100,11,11
7334,77,92,-15,15
7335,84,84,0,0
7336,85,87,-2,2
7337,103,95,8,8
7338,67,80,-13,13
7339,128,118,10,10
7340,54,59,-5,5
7341,98,96,2,2
7342,115,128,-13,13
7343,80,83,-3,3
7344,66,71,-5,5
7345,84,83,1,1
7346,179,164,15,15
7347,70,78,-8,8
7348,93,96,-3,3
7349,139,147,-8,8
7350,136,123,13,13
7351,173,163,10,10
7352,112,102,10,10
7353,76,88,-12,12
7354,112,114,-2,2
7355,118,125,-7,7
7356,109,101,8,8
7357,101,109,-8,8
7358,105,97,8,8
7359,67,70,-3,3
7360,131,121,10,10
7361,41,60,-19,19
7362,49,58,-9,9
7363,113,113,0,0
7364,137,135,2,2
7365,96,101,-5,5
7366,68,73,-5,5
7367,110,112,-2,2
7368,70,78,-8,8
7369,155,155,0,0
7370,58,65,-7,7
7371,140,145,-5,5
7372,119,120,-1,1
7373,67,75,-8,8
7374,79,86,-7,7
7375,68,74,-6,6
7376,62,69,-7,7
7377,48,61,-13,13
7378,104,106,-2,2
7379,67,79,-12,12
7380,63,72,-9,9
7381,70,75,-5,5
7382,83,91,-8,8
7383,66,72,-6,6
7384,67,82,-15,15
7385,54,63,-9,9
7386,144,142,2,2
7387,68,75,-7,7
7388,76,85,-9,9
7389,62,68,-6,6
7390,147,129,18,18
7391,80,100,-20,20
7392,53,64,-11,11
7393,73,75,-2,2
7394,74,78,-4,4
7395,63,75,-12,12
7396,111,110,1,1
7397,199,169,30,30
7398,90,91,-1,1
7399,65,73,-8,8
7400,68,71,-3,3
7401,81,84,-3,3
7402,95,95,0,0
7403,83,87,-4,4
7404,99,89,10,10
7405,64,80,-16,16
7406,70,77,-7,7
7407,62,65,-3,3
7408,60,72,-12,12
7409,84,92,-8,8
7410,63,69,-6,6
7411,91,98,-7,7
7412,53,75,-22,22
7413,114,105,9,9
7414,102,100,2,2
7415,80,72,8,8
7416,85,95,-10,10
7417,112,116,-4,4
7418,86,90,-4,4
7419,61,74,-13,13
7420,118,108,10,10
7421,108,93,15,15
7422,179,153,26,26
7423,87,92,-5,5
7424,185,160,25,25
7425,91,90,1,1
7426,73,82,-9,9
7427,63,63,0,0
7428,159,137,22,22
7429,146,141,5,5
7430,75,88,-13,13
7431,73,80,-7,7
7432,107,99,8,8
7433,93,94,-1,1
7434,89,97,-8,8
7435,82,98,-16,16
7436,79,79,0,0
7437,50,62,-12,12
7438,69,78,-9,9
7439,89,95,-6,6
7440,145,147,-2,2
7441,84,94,-10,10
7442,115,119,-4,4
7443,103,120,-17,17
7444,90,98,-8,8
7445,57,63,-6,6
7446,118,102,16,16
7447,99,101,-2,2
7448,124,117,7,7
7449,102,111,-9,9
7450,97,97,0,0
7451,64,71,-7,7
7452,78,78,0,0
7453,121,120,1,1
7454,163,147,16,16
7455,63,67,-4,4
7456,53,67,-14,14
7457,71,76,-5,5
7458,79,83,-4,4
7459,102,103,-1,1
7460,130,120,10,10
7461,114,112,2,2
7462,118,123,-5,5
7463,93,98,-5,5
7464,78,80,-2,2
7465,87,91,-4,4
7466,107,100,7,7
7467,105,101,4,4
7468,135,130,5,5
7469,64,69,-5,5
7470,80,80,0,0
7471,79,92,-13,13
7472,156,152,4,4
7473,123,123,0,0
7474,81,93,-12,12
7475,91,94,-3,3
7476,184,160,24,24
7477,62,75,-13,13
7478,76,88,-12,12
7479,112,107,5,5
7480,60,72,-12,12
7481,103,97,6,6
7482,83,87,-4,4
7483,69,74,-5,5
7484,206,186,20,20
7485,78,85,-7,7
7486,82,78,4,4
7487,81,87,-6,6
7488,39,48,-9,9
7489,109,109,0,0
7490,32,56,-24,24
7491,65,78,-13,13
7492,88,90,-2,2
7493,94,98,-4,4
7494,87,96,-9,9
7495,74,77,-3,3
7496,88,87,1,1
7497,103,109,-6,6
7498,72,70,2,2
7499,83,87,-4,4
7500,197,192,5,5
7501,41,55,-14,14
7502,76,80,-4,4
7503,129,109,20,20
7504,40,68,-28,28
7505,136,134,2,2
7506,62,68,-6,6
7507,66,74,-8,8
7508,106,118,-12,12
7509,62,67,-5,5
7510,109,103,6,6
7511,136,123,13,13
7512,100,98,2,2
7513,160,149,11,11
7514,105,103,2,2
7515,122,113,9,9
7516,98,101,-3,3
7517,78,80,-2,2
7518,75,82,-7,7
7519,67,75,-8,8
7520,56,65,-9,9
7521,60,67,-7,7
7522,38,49,-11,11
7523,53,65,-12,12
7524,57,75,-18,18
7525,113,107,6,6
7526,83,83,0,0
7527,81,79,2,2
7528,136,135,1,1
7529,78,77,1,1
7530,89,92,-3,3
7531,86,90,-4,4
7532,68,76,-8,8
7533,156,147,9,9
7534,85,86,-1,1
7535,126,121,5,5
7536,57,74,-17,17
7537,114,117,-3,3
7538,113,102,11,11
7539,75,88,-13,13
7540,130,119,11,11
7541,79,72,7,7
7542,112,108,4,4
7543,120,119,1,1
7544,76,82,-6,6
7545,86,83,3,3
7546,60,68,-8,8
7547,52,65,-13,13
7548,80,78,2,2
7549,136,124,12,12
7550,71,79,-8,8
7551,152,147,5,5
7552,59,71,-12,12
7553,88,83,5,5
7554,71,74,-3,3
7555,71,73,-2,2
7556,88,94,-6,6
7557,44,59,-15,15
7558,95,100,-5,5
7559,99,97,2,2
7560,74,86,-12,12
7561,148,133,15,15
7562,74,76,-2,2
7563,103,93,10,10
7564,70,72,-2,2
7565,128,117,11,11
7566,70,78,-8,8
7567,69,80,-11,11
7568,95,85,10,10
7569,125,124,1,1
7570,87,95,-8,8
7571,130,127,3,3
7572,105,119,-14,14
7573,96,94,2,2
7574,90,94,-4,4
7575,52,61,-9,9
7576,77,93,-16,16
7577,143,134,9,9
7578,97,107,-10,10
7579,81,85,-4,4
7580,55,61,-6,6
7581,122,125,-3,3
7582,59,69,-10,10
7583,106,104,2,2
7584,146,128,18,18
7585,62,70,-8,8
7586,122,119,3,3
7587,166,149,17,17
7588,76,75,1,1
7589,82,93,-11,11
7590,114,108,6,6
7591,113,121,-8,8
7592,94,95,-1,1
7593,113,117,-4,4
7594,79,86,-7,7
7595,106,104,2,2
7596,123,121,2,2
7597,118,112,6,6
7598,80,81,-1,1
7599,94,94,0,0
7600,89,85,4,4
7601,64,66,-2,2
7602,113,114,-1,1
7603,137,127,10,10
7604,53,104,-51,51
7605,133,129,4,4
7606,65,80,-15,15
7607,78,84,-6,6
7608,40,45,-5,5
7609,60,70,-10,10
7610,52,64,-12,12
7611,136,126,10,10
7612,155,147,8,8
7613,94,98,-4,4
7614,75,82,-7,7
7615,36,53,-17,17
7616,132,121,11,11
7617,117,114,3,3
7618,136,141,-5,5
7619,141,125,16,16
7620,65,75,-10,10
7621,96,87,9,9
7622,68,81,-13,13
7623,144,123,21,21
7624,148,141,7,7
7625,117,118,-1,1
7626,60,77,-17,17
7627,98,97,1,1
7628,114,109,5,5
7629,139,122,17,17
7630,109,100,9,9
7631,69,80,-11,11
7632,105,101,4,4
7633,116,109,7,7
7634,72,74,-2,2
7635,74,80,-6,6
7636,102,107,-5,5
7637,62,60,2,2
7638,36,43,-7,7
7639,94,93,1,1
7640,78,82,-4,4
7641,150,135,15,15
7642,81,84,-3,3
7643,154,146,8,8
7644,115,120,-5,5
7645,44,63,-19,19
7646,88,94,-6,6
7647,80,80,0,0
7648,75,77,-2,2
7649,58,65,-7,7
7650,124,120,4,4
7651,90,90,0,0
7652,117,107,10,10
7653,93,89,4,4
7654,133,125,8,8
7655,71,72,-1,1
7656,82,86,-4,4
7657,66,74,-8,8
7658,69,76,-7,7
7659,112,106,6,6
7660,114,105,9,9
7661,81,75,6,6
7662,110,112,-2,2
7663,76,76,0,0
7664,97,99,-2,2
7665,83,87,-4,4
7666,73,80,-7,7
7667,109,106,3,3
7668,67,73,-6,6
7669,101,107,-6,6
7670,74,77,-3,3
7671,122,119,3,3
7672,51,67,-16,16
7673,80,95,-15,15
7674,118,115,3,3
7675,87,84,3,3
7676,84,81,3,3
7677,135,121,14,14
7678,51,99,-48,48
7679,121,104,17,17
7680,60,68,-8,8
7681,150,141,9,9
7682,41,55,-14,14
7683,55,64,-9,9
7684,149,127,22,22
7685,136,130,6,6
7686,121,104,17,17
7687,121,115,6,6
7688,50,70,-20,20
7689,61,65,-4,4
7690,129,121,8,8
7691,83,96,-13,13
7692,83,97,-14,14
7693,77,78,-1,1
7694,110,104,6,6
7695,110,98,12,12
7696,108,117,-9,9
7697,95,100,-5,5
7698,91,89,2,2
7699,99,94,5,5
7700,105,105,0,0
7701,104,129,-25,25
7702,82,87,-5,5
7703,68,75,-7,7
7704,77,81,-4,4
7705,103,98,5,5
7706,87,91,-4,4
7707,55,63,-8,8
7708,94,93,1,1
7709,67,74,-7,7
7710,75,95,-20,20
7711,137,133,4,4
7712,69,75,-6,6
7713,67,74,-7,7
7714,77,94,-17,17
7715,68,76,-8,8
7716,117,118,-1,1
7717,109,119,-10,10
7718,164,142,22,22
7719,102,115,-13,13
7720,77,90,-13,13
7721,71,89,-18,18
7722,71,80,-9,9
7723,146,125,21,21
7724,40,50,-10,10
7725,121,114,7,7
7726,86,81,5,5
7727,99,102,-3,3
7728,68,79,-11,11
7729,89,80,9,9
7730,71,79,-8,8
7731,72,78,-6,6
7732,49,59,-10,10
7733,155,121,34,34
7734,145,141,4,4
7735,102,107,-5,5
7736,131,125,6,6
7737,101,89,12,12
7738,61,73,-12,12
7739,108,113,-5,5
7740,62,74,-12,12
7741,93,91,2,2
7742,84,87,-3,3
7743,56,97,-41,41
7744,143,130,13,13
7745,145,133,12,12
7746,103,96,7,7
7747,88,91,-3,3
7748,96,95,1,1
7749,63,72,-9,9
7750,88,91,-3,3
7751,50,69,-19,19
7752,106,109,-3,3
7753,89,80,9,9
7754,101,107,-6,6
7755,134,123,11,11
7756,91,91,0,0
7757,134,138,-4,4
7758,79,89,-10,10
7759,161,144,17,17
7760,127,123,4,4
7761,88,94,-6,6
7762,61,75,-14,14
7763,60,76,-16,16
7764,102,96,6,6
7765,140,139,1,1
7766,69,77,-8,8
7767,101,112,-11,11
7768,175,162,13,13
7769,129,139,-10,10
7770,115,114,1,1
7771,88,101,-13,13
7772,79,83,-4,4
7773,102,104,-2,2
7774,43,54,-11,11
7775,97,97,0,0
7776,132,134,-2,2
7777,58,65,-7,7
7778,89,98,-9,9
7779,90,95,-5,5
7780,98,104,-6,6
7781,102,101,1,1
7782,88,93,-5,5
7783,106,103,3,3
7784,99,98,1,1
7785,151,139,12,12
7786,111,101,10,10
7787,65,71,-6,6
7788,71,77,-6,6
7789,79,97,-18,18
7790,65,71,-6,6
7791,136,124,12,12
7792,151,149,2,2
7793,108,105,3,3
7794,121,108,13,13
7795,54,69,-15,15
7796,96,102,-6,6
7797,98,92,6,6
7798,62,72,-10,10
7799,78,85,-7,7
7800,97,99,-2,2
7801,80,81,-1,1
7802,65,76,-11,11
7803,74,82,-8,8
7804,118,119,-1,1
7805,109,102,7,7
7806,99,99,0,0
7807,78,92,-14,14
7808,59,76,-17,17
7809,84,97,-13,13
7810,108,110,-2,2
7811,89,97,-8,8
7812,119,107,12,12
7813,182,157,25,25
7814,133,115,18,18
7815,90,98,-8,8
7816,144,151,-7,7
7817,109,106,3,3
7818,154,137,17,17
7819,54,61,-7,7
7820,59,69,-10,10
7821,120,118,2,2
7822,113,120,-7,7
7823,90,89,1,1
7824,119,108,11,11
7825,72,79,-7,7
7826,173,156,17,17
7827,252,236,16,16
7828,123,130,-7,7
7829,178,164,14,14
7830,207,170,37,37
7831,86,94,-8,8
7832,61,63,-2,2
7833,82,93,-11,11
7834,77,82,-5,5
7835,90,91,-1,1
7836,85,102,-17,17
7837,133,141,-8,8
7838,67,76,-9,9
7839,71,81,-10,10
7840,118,125,-7,7
7841,168,163,5,5
7842,101,102,-1,1
7843,126,116,10,10
7844,127,123,4,4
7845,197,176,21,21
7846,67,72,-5,5
7847,59,66,-7,7
7848,139,131,8,8
7849,84,88,-4,4
7850,75,83,-8,8
7851,124,121,3,3
7852,61,69,-8,8
7853,78,82,-4,4
7854,102,93,9,9
7855,50,57,-7,7
7856,72,86,-14,14
7857,98,107,-9,9
7858,109,105,4,4
7859,97,94,3,3
7860,79,78,1,1
7861,73,80,-7,7
7862,114,107,7,7
7863,118,113,5,5
7864,101,101,0,0
7865,103,105,-2,2
7866,49,63,-14,14
7867,49,65,-16,16
7868,37,56,-19,19
7869,121,118,3,3
7870,69,75,-6,6
7871,126,124,2,2
7872,91,91,0,0
7873,119,113,6,6
7874,105,104,1,1
7875,129,124,5,5
7876,83,84,-1,1
7877,99,98,1,1
7878,106,112,-6,6
7879,67,71,-4,4
7880,132,127,5,5
7881,110,98,12,12
7882,72,74,-2,2
7883,126,120,6,6
7884,129,137,-8,8
7885,74,79,-5,5
7886,131,124,7,7
7887,97,99,-2,2
7888,118,121,-3,3
7889,124,121,3,3
7890,66,77,-11,11
7891,99,108,-9,9
7892,93,94,-1,1
7893,169,161,8,8
7894,109,117,-8,8
7895,194,173,21,21
7896,131,120,11,11
7897,67,75,-8,8
7898,102,103,-1,1
7899,126,120,6,6
7900,166,163,3,3
7901,52,67,-15,15
7902,129,139,-10,10
7903,175,160,15,15
7904,77,76,1,1
7905,52,58,-6,6
7906,73,74,-1,1
7907,97,101,-4,4
7908,49,60,-11,11
7909,112,109,3,3
7910,108,113,-5,5
7911,91,87,4,4
7912,84,106,-22,22
7913,35,57,-22,22
7914,182,180,2,2
7915,61,69,-8,8
7916,61,60,1,1
7917,79,84,-5,5
7918,55,66,-11,11
7919,64,71,-7,7
7920,142,127,15,15
7921,66,73,-7,7
7922,74,84,-10,10
7923,150,138,12,12
7924,99,97,2,2
7925,106,112,-6,6
7926,72,84,-12,12
7927,121,118,3,3
7928,114,112,2,2
7929,75,78,-3,3
7930,65,76,-11,11
7931,116,118,-2,2
7932,99,96,3,3
7933,199,186,13,13
7934,60,67,-7,7
7935,67,71,-4,4
7936,81,84,-3,3
7937,178,132,46,46
7938,70,82,-12,12
7939,131,120,11,11
7940,149,134,15,15
7941,70,76,-6,6
7942,97,105,-8,8
7943,104,93,11,11
7944,73,77,-4,4
7945,74,84,-10,10
7946,87,100,-13,13
7947,112,111,1,1
7948,126,118,8,8
7949,86,103,-17,17
7950,134,127,7,7
7951,117,99,18,18
7952,61,69,-8,8
7953,71,84,-13,13
7954,80,92,-12,12
7955,63,71,-8,8
7956,70,72,-2,2
7957,63,81,-18,18
7958,46,60,-14,14
7959,59,71,-12,12
7960,89,93,-4,4
7961,134,126,8,8
7962,113,110,3,3
7963,73,87,-14,14
7964,122,112,10,10
7965,59,69,-10,10
7966,142,141,1,1
7967,175,163,12,12
7968,61,65,-4,4
7969,142,147,-5,5
7970,68,67,1,1
7971,51,64,-13,13
7972,94,102,-8,8
7973,104,99,5,5
7974,85,91,-6,6
7975,155,152,3,3
7976,157,159,-2,2
7977,115,110,5,5
7978,94,100,-6,6
7979,86,98,-12,12
7980,115,120,-5,5
7981,85,88,-3,3
7982,106,103,3,3
7983,64,72,-8,8
7984,38,82,-44,44
7985,51,63,-12,12
7986,106,107,-1,1
7987,101,106,-5,5
7988,46,62,-16,16
7989,85,84,1,1
7990,104,102,2,2
7991,95,99,-4,4
7992,130,125,5,5
7993,151,137,14,14
7994,57,64,-7,7
7995,93,97,-4,4
7996,69,72,-3,3
7997,39,46,-7,7
7998,76,86,-10,10
7999,84,81,3,3
8000,41,55,-14,14
8001,45,61,-16,16
8002,68,76,-8,8
8003,82,86,-4,4
8004,68,76,-8,8
8005,73,75,-2,2
8006,49,73,-24,24
8007,93,91,2,2
8008,75,78,-3,3
8009,85,82,3,3
8010,103,104,-1,1
8011,129,122,7,7
8012,116,118,-2,2
8013,77,81,-4,4
8014,83,86,-3,3
8015,104,95,9,9
8016,124,112,12,12
8017,89,93,-4,4
8018,88,103,-15,15
8019,49,69,-20,20
8020,104,107,-3,3
8021,107,108,-1,1
8022,125,123,2,2
8023,57,69,-12,12
8024,104,99,5,5
8025,51,76,-25,25
8026,86,84,2,2
8027,96,99,-3,3
8028,190,174,16,16
8029,84,90,-6,6
8030,105,106,-1,1
8031,94,92,2,2
8032,74,77,-3,3
8033,100,96,4,4
8034,126,119,7,7
8035,73,79,-6,6
8036,83,88,-5,5
8037,141,129,12,12
8038,124,121,3,3
8039,79,88,-9,9
8040,135,127,8,8
8041,81,78,3,3
8042,137,133,4,4
8043,75,81,-6,6
8044,54,75,-21,21
8045,102,103,-1,1
8046,157,136,21,21
8047,93,97,-4,4
8048,155,136,19,19
8049,71,74,-3,3
8050,109,106,3,3
8051,60,72,-12,12
8052,57,75,-18,18
8053,113,113,0,0
8054,130,129,1,1
8055,71,89,-18,18
8056,92,92,0,0
8057,148,123,25,25
8058,117,105,12,12
8059,68,76,-8,8
8060,161,146,15,15
8061,85,84,1,1
8062,65,69,-4,4
8063,43,54,-11,11
8064,102,100,2,2
8065,69,70,-1,1
8066,185,174,11,11
8067,133,127,6,6
8068,104,102,2,2
8069,105,106,-1,1
8070,120,114,6,6
8071,85,87,-2,2
8072,73,69,4,4
8073,158,157,1,1
8074,76,79,-3,3
8075,87,80,7,7
8076,148,125,23,23
8077,85,91,-6,6
8078,98,90,8,8
8079,66,78,-12,12
8080,100,102,-2,2
8081,110,109,1,1
8082,86,92,-6,6
8083,119,123,-4,4
8084,75,79,-4,4
8085,110,124,-14,14
8086,69,80,-11,11
8087,127,109,18,18
8088,98,95,3,3
8089,116,121,-5,5
8090,65,75,-10,10
8091,94,97,-3,3
8092,58,66,-8,8
8093,68,89,-21,21
8094,118,113,5,5
8095,27,30,-3,3
8096,74,74,0,0
8097,81,87,-6,6
8098,98,93,5,5
8099,56,66,-10,10
8100,101,100,1,1
8101,128,120,8,8
8102,104,106,-2,2
8103,69,76,-7,7
8104,130,114,16,16
8105,121,121,0,0
8106,42,88,-46,46
8107,89,97,-8,8
8108,71,73,-2,2
8109,129,118,11,11
8110,59,73,-14,14
8111,101,104,-3,3
8112,102,102,0,0
8113,109,113,-4,4
8114,94,90,4,4
8115,108,112,-4,4
8116,102,97,5,5
8117,89,94,-5,5
8118,121,121,0,0
8119,122,129,-7,7
8120,67,81,-14,14
8121,51,70,-19,19
8122,89,90,-1,1
8123,88,96,-8,8
8124,131,115,16,16
8125,103,104,-1,1
8126,151,164,-13,13
8127,134,141,-7,7
8128,108,109,-1,1
8129,92,91,1,1
8130,65,68,-3,3
8131,81,85,-4,4
8132,68,85,-17,17
8133,91,92,-1,1
8134,114,106,8,8
8135,48,67,-19,19
8136,102,105,-3,3
8137,149,144,5,5
8138,108,107,1,1
8139,60,69,-9,9
8140,103,106,-3,3
8141,65,76,-11,11
8142,119,122,-3,3
8143,104,108,-4,4
8144,64,66,-2,2
8145,48,60,-12,12
8146,55,61,-6,6
8147,75,82,-7,7
8148,44,63,-19,19
8149,73,83,-10,10
8150,54,64,-10,10
8151,54,67,-13,13
8152,52,65,-13,13
8153,95,90,5,5
8154,66,78,-12,12
8155,85,99,-14,14
8156,75,72,3,3
8157,95,109,-14,14
8158,95,89,6,6
8159,36,50,-14,14
8160,79,86,-7,7
8161,123,120,3,3
8162,81,78,3,3
8163,176,153,23,23
8164,60,62,-2,2
8165,61,79,-18,18
8166,140,123,17,17
8167,127,120,7,7
8168,96,98,-2,2
8169,99,93,6,6
8170,108,101,7,7
8171,58,68,-10,10
8172,51,70,-19,19
8173,95,91,4,4
8174,58,76,-18,18
8175,76,76,0,0
8176,116,110,6,6
8177,108,101,7,7
8178,168,146,22,22
8179,27,45,-18,18
8180,145,128,17,17
8181,53,65,-12,12
8182,67,73,-6,6
8183,92,93,-1,1
8184,78,80,-2,2
8185,113,116,-3,3
8186,141,136,5,5
8187,136,122,14,14
8188,103,106,-3,3
8189,86,89,-3,3
8190,195,190,5,5
8191,75,78,-3,3
8192,63,73,-10,10
8193,66,74,-8,8
8194,127,124,3,3
8195,122,112,10,10
8196,54,101,-47,47
8197,101,104,-3,3
8198,93,83,10,10
8199,64,73,-9,9
8200,108,108,0,0
8201,111,106,5,5
8202,77,73,4,4
8203,154,147,7,7
8204,94,91,3,3
8205,84,88,-4,4
8206,76,91,-15,15
8207,87,85,2,2
8208,126,115,11,11
8209,82,83,-1,1
8210,82,89,-7,7
8211,80,82,-2,2
8212,126,124,2,2
8213,64,72,-8,8
8214,142,122,20,20
8215,143,136,7,7
8216,127,134,-7,7
8217,76,86,-10,10
8218,57,79,-22,22
8219,109,99,10,10
8220,141,132,9,9
8221,129,119,10,10
8222,114,104,10,10
8223,83,85,-2,2
8224,149,143,6,6
8225,47,65,-18,18
8226,88,93,-5,5
8227,88,90,-2,2
8228,105,106,-1,1
8229,93,102,-9,9
8230,109,99,10,10
8231,87,86,1,1
8232,43,51,-8,8
8233,81,83,-2,2
8234,101,86,15,15
8235,80,74,6,6
8236,112,107,5,5
8237,92,99,-7,7
8238,102,99,3,3
8239,71,75,-4,4
8240,166,150,16,16
8241,98,95,3,3
8242,129,118,11,11
8243,79,88,-9,9
8244,109,104,5,5
8245,145,134,11,11
8246,166,150,16,16
8247,76,85,-9,9
8248,46,58,-12,12
8249,113,106,7,7
8250,75,87,-12,12
8251,86,82,4,4
8252,76,81,-5,5
8253,88,95,-7,7
8254,67,80,-13,13
8255,100,98,2,2
8256,71,82,-11,11
8257,59,71,-12,12
8258,181,171,10,10
8259,56,66,-10,10
8260,114,97,17,17
8261,92,96,-4,4
8262,100,101,-1,1
8263,75,96,-21,21
8264,188,167,21,21
8265,51,61,-10,10
8266,84,95,-11,11
8267,171,178,-7,7
8268,66,69,-3,3
8269,92,90,2,2
8270,122,120,2,2
8271,40,60,-20,20
8272,87,91,-4,4
8273,122,120,2,2
8274,98,91,7,7
8275,96,97,-1,1
8276,120,114,6,6
8277,82,90,-8,8
8278,88,86,2,2
8279,60,72,-12,12
8280,83,84,-1,1
8281,81,75,6,6
8282,151,147,4,4
8283,187,171,16,16
8284,98,107,-9,9
8285,95,90,5,5
8286,77,81,-4,4
8287,144,136,8,8
8288,81,87,-6,6
8289,91,97,-6,6
8290,149,143,6,6
8291,99,114,-15,15
8292,96,89,7,7
8293,129,130,-1,1
8294,63,70,-7,7
8295,86,86,0,0
8296,64,76,-12,12
8297,74,70,4,4
8298,93,95,-2,2
8299,85,85,0,0
8300,248,209,39,39
8301,91,94,-3,3
8302,58,67,-9,9
8303,93,90,3,3
8304,93,96,-3,3
8305,55,66,-11,11
8306,102,103,-1,1
8307,107,98,9,9
8308,79,85,-6,6
8309,84,84,0,0
8310,95,93,2,2
8311,110,106,4,4
8312,80,83,-3,3
8313,44,47,-3,3
8314,96,96,0,0
8315,59,71,-12,12
8316,109,109,0,0
8317,198,183,15,15
8318,81,93,-12,12
8319,119,115,4,4
8320,106,108,-2,2
8321,114,101,13,13
8322,51,65,-14,14
8323,110,105,5,5
8324,112,113,-1,1
8325,99,102,-3,3
8326,80,80,0,0
8327,59,74,-15,15
8328,110,114,-4,4
8329,125,113,12,12
8330,137,126,11,11
8331,73,80,-7,7
8332,190,175,15,15
8333,137,139,-2,2
8334,46,57,-11,11
8335,124,123,1,1
8336,87,86,1,1
8337,114,103,11,11
8338,83,86,-3,3
8339,85,90,-5,5
8340,142,147,-5,5
8341,108,100,8,8
8342,129,126,3,3
8343,107,100,7,7
8344,109,110,-1,1
8345,144,133,11,11
8346,76,81,-5,5
8347,38,64,-26,26
8348,157,151,6,6
8349,55,64,-9,9
8350,99,104,-5,5
8351,153,138,15,15
8352,74,77,-3,3
8353,74,80,-6,6
8354,78,80,-2,2
8355,74,87,-13,13
8356,94,94,0,0
8357,112,102,10,10
8358,141,141,0,0
8359,82,80,2,2
8360,160,153,7,7
8361,103,104,-1,1
8362,110,103,7,7
8363,42,59,-17,17
8364,69,76,-7,7
8365,59,60,-1,1
8366,98,98,0,0
8367,75,77,-2,2
8368,58,66,-8,8
8369,74,74,0,0
8370,108,109,-1,1
8371,66,80,-14,14
8372,105,100,5,5
8373,46,67,-21,21
8374,55,63,-8,8
8375,71,71,0,0
8376,115,114,1,1
8377,88,83,5,5
8378,47,57,-10,10
8379,174,153,21,21
8380,94,89,5,5
8381,74,81,-7,7
8382,84,88,-4,4
8383,85,83,2,2
8384,65,66,-1,1
8385,39,48,-9,9
8386,118,108,10,10
8387,101,97,4,4
8388,78,86,-8,8
8389,97,107,-10,10
8390,104,98,6,6
8391,98,95,3,3
8392,81,97,-16,16
8393,112,108,4,4
8394,98,98,0,0
8395,96,101,-5,5
8396,53,59,-6,6
8397,67,88,-21,21
8398,70,78,-8,8
8399,114,103,11,11
8400,104,108,-4,4
8401,65,75,-10,10
8402,80,82,-2,2
8403,96,87,9,9
8404,70,74,-4,4
8405,105,104,1,1
8406,100,92,8,8
8407,160,142,18,18
8408,91,101,-10,10
8409,100,102,-2,2
8410,119,100,19,19
8411,65,75,-10,10
8412,99,104,-5,5
8413,172,134,38,38
8414,83,82,1,1
8415,85,82,3,3
8416,69,72,-3,3
8417,59,72,-13,13
8418,93,96,-3,3
8419,81,86,-5,5
8420,75,81,-6,6
8421,62,69,-7,7
8422,115,106,9,9
8423,107,138,-31,31
8424,105,104,1,1
8425,51,64,-13,13
8426,76,83,-7,7
8427,88,95,-7,7
8428,145,136,9,9
8429,114,117,-3,3
8430,38,52,-14,14
8431,133,123,10,10
8432,74,79,-5,5
8433,119,117,2,2
8434,96,94,2,2
8435,143,124,19,19
8436,60,67,-7,7
8437,130,116,14,14
8438,120,107,13,13
8439,122,136,-14,14
8440,113,107,6,6
8441,68,80,-12,12
8442,98,94,4,4
8443,143,123,20,20
8444,77,76,1,1
8445,92,95,-3,3
8446,61,69,-8,8
8447,74,84,-10,10
8448,94,87,7,7
8449,102,99,3,3
8450,118,110,8,8
8451,119,118,1,1
8452,193,170,23,23
8453,95,99,-4,4
8454,89,92,-3,3
8455,129,123,6,6
8456,124,113,11,11
8457,84,83,1,1
8458,76,83,-7,7
8459,55,64,-9,9
8460,143,132,11,11
8461,134,119,15,15
8462,88,93,-5,5
8463,132,130,2,2
8464,114,99,15,15
8465,71,75,-4,4
8466,79,77,2,2
8467,101,99,2,2
8468,134,131,3,3
8469,61,32,29,29
8470,81,80,1,1
8471,107,109,-2,2
8472,86,85,1,1
8473,83,88,-5,5
8474,94,96,-2,2
8475,102,105,-3,3
8476,110,124,-14,14
8477,137,135,2,2
8478,56,74,-18,18
8479,134,121,13,13
8480,80,89,-9,9
8481,46,61,-15,15
8482,111,112,-1,1
8483,112,106,6,6
8484,121,119,2,2
8485,113,111,2,2
8486,91,97,-6,6
8487,47,63,-16,16
8488,65,71,-6,6
8489,56,75,-19,19
8490,83,92,-9,9
8491,85,95,-10,10
8492,102,98,4,4
8493,80,88,-8,8
8494,110,107,3,3
8495,141,139,2,2
8496,90,98,-8,8
8497,73,76,-3,3
8498,60,68,-8,8
8499,178,142,36,36
8500,124,128,-4,4
8501,108,101,7,7
8502,100,100,0,0
8503,78,84,-6,6
8504,115,120,-5,5
8505,127,130,-3,3
8506,47,56,-9,9
8507,58,67,-9,9
8508,151,135,16,16
8509,104,96,8,8
8510,56,72,-16,16
8511,79,91,-12,12
8512,67,75,-8,8
8513,109,110,-1,1
8514,83,78,5,5
8515,101,83,18,18
8516,78,87,-9,9
8517,101,128,-27,27
8518,64,77,-13,13
8519,69,73,-4,4
8520,81,82,-1,1
8521,185,174,11,11
8522,89,85,4,4
8523,137,119,18,18
8524,98,93,5,5
8525,185,163,22,22
8526,62,69,-7,7
8527,135,125,10,10
8528,140,126,14,14
8529,166,164,2,2
8530,68,77,-9,9
8531,100,107,-7,7
8532,122,130,-8,8
8533,105,102,3,3
8534,129,123,6,6
8535,117,116,1,1
8536,74,83,-9,9
8537,91,90,1,1
8538,96,97,-1,1
8539,96,98,-2,2
8540,76,88,-12,12
8541,106,98,8,8
8542,71,74,-3,3
8543,43,54,-11,11
8544,88,86,2,2
8545,79,93,-14,14
8546,104,99,5,5
8547,82,87,-5,5
8548,112,114,-2,2
8549,104,107,-3,3
8550,55,66,-11,11
8551,90,92,-2,2
8552,47,69,-22,22
8553,111,102,9,9
8554,127,121,6,6
8555,67,79,-12,12
8556,163,144,19,19
8557,154,150,4,4
8558,63,72,-9,9
8559,50,64,-14,14
8560,56,73,-17,17
8561,104,113,-9,9
8562,80,89,-9,9
8563,83,80,3,3
8564,64,73,-9,9
8565,55,64,-9,9
8566,84,79,5,5
8567,130,123,7,7
8568,85,89,-4,4
8569,109,108,1,1
8570,153,137,16,16
8571,104,104,0,0
8572,129,121,8,8
8573,106,99,7,7
8574,173,165,8,8
8575,93,94,-1,1
8576,93,91,2,2
8577,99,96,3,3
8578,66,75,-9,9
8579,98,95,3,3
8580,110,133,-23,23
8581,50,69,-19,19
8582,104,103,1,1
8583,110,105,5,5
8584,60,78,-18,18
8585,102,98,4,4
8586,87,85,2,2
8587,133,131,2,2
8588,133,127,6,6
8589,122,106,16,16
8590,92,92,0,0
8591,139,132,7,7
8592,52,62,-10,10
8593,83,98,-15,15
8594,91,91,0,0
8595,65,71,-6,6
8596,113,116,-3,3
8597,77,83,-6,6
8598,161,143,18,18
8599,92,95,-3,3
8600,180,148,32,32
8601,77,78,-1,1
8602,109,106,3,3
8603,81,86,-5,5
8604,98,102,-4,4
8605,54,63,-9,9
8606,126,120,6,6
8607,91,96,-5,5
8608,77,85,-8,8
8609,124,119,5,5
8610,78,86,-8,8
8611,189,155,34,34
8612,80,83,-3,3
8613,159,139,20,20
8614,73,82,-9,9
8615,90,99,-9,9
8616,62,65,-3,3
8617,90,93,-3,3
8618,134,137,-3,3
8619,121,104,17,17
8620,87,88,-1,1
8621,59,67,-8,8
8622,89,102,-13,13
8623,105,107,-2,2
8624,97,93,4,4
8625,110,104,6,6
8626,141,123,18,18
8627,85,91,-6,6
8628,132,127,5,5
8629,89,90,-1,1
8630,75,85,-10,10
8631,81,81,0,0
8632,77,73,4,4
8633,104,101,3,3
8634,132,139,-7,7
8635,136,123,13,13
8636,82,88,-6,6
8637,85,94,-9,9
8638,76,80,-4,4
8639,109,125,-16,16
8640,51,64,-13,13
8641,85,94,-9,9
8642,58,68,-10,10
8643,161,154,7,7
8644,85,92,-7,7
8645,61,65,-4,4
8646,82,85,-3,3
8647,114,118,-4,4
8648,113,107,6,6
8649,82,83,-1,1
8650,128,121,7,7
8651,113,115,-2,2
8652,61,77,-16,16
8653,85,83,2,2
8654,112,107,5,5
8655,76,76,0,0
8656,89,92,-3,3
8657,142,128,14,14
8658,81,82,-1,1
8659,143,128,15,15
8660,94,88,6,6
8661,134,113,21,21
8662,59,66,-7,7
8663,55,69,-14,14
8664,75,84,-9,9
8665,87,95,-8,8
8666,69,67,2,2
8667,104,102,2,2
8668,57,61,-4,4
8669,68,71,-3,3
8670,169,153,16,16
8671,114,119,-5,5
8672,92,93,-1,1
8673,97,88,9,9
8674,121,118,3,3
8675,89,84,5,5
8676,116,118,-2,2
8677,93,100,-7,7
8678,116,105,11,11
8679,125,125,0,0
8680,82,110,-28,28
8681,50,58,-8,8
8682,46,55,-9,9
8683,45,60,-15,15
8684,120,119,1,1
8685,93,92,1,1
8686,102,101,1,1
8687,126,120,6,6
8688,108,125,-17,17
8689,110,109,1,1
8690,101,99,2,2
8691,73,79,-6,6
8692,58,65,-7,7
8693,113,106,7,7
8694,136,139,-3,3
8695,64,73,-9,9
8696,125,153,-28,28
8697,88,82,6,6
8698,92,92,0,0
8699,106,104,2,2
8700,90,106,-16,16
8701,85,87,-2,2
8702,80,83,-3,3
8703,110,108,2,2
8704,80,84,-4,4
8705,117,109,8,8
8706,47,68,-21,21
8707,112,105,7,7
8708,84,89,-5,5
8709,116,111,5,5
8710,61,72,-11,11
8711,82,82,0,0
8712,164,135,29,29
8713,125,120,5,5
8714,80,84,-4,4
8715,66,75,-9,9
8716,61,74,-13,13
8717,82,101,-19,19
8718,81,90,-9,9
8719,143,125,18,18
8720,145,123,22,22
8721,75,76,-1,1
8722,60,87,-27,27
8723,86,93,-7,7
8724,99,103,-4,4
8725,112,111,1,1
8726,98,96,2,2
8727,96,92,4,4
8728,64,75,-11,11
8729,62,70,-8,8
8730,123,126,-3,3
8731,83,90,-7,7
8732,101,101,0,0
8733,27,30,-3,3
8734,167,154,13,13
8735,149,144,5,5
8736,94,94,0,0
8737,155,143,12,12
8738,39,47,-8,8
8739,62,71,-9,9
8740,81,77,4,4
8741,58,67,-9,9
8742,74,87,-13,13
8743,139,138,1,1
8744,74,79,-5,5
8745,84,93,-9,9
8746,155,122,33,33
8747,114,114,0,0
8748,152,185,-33,33
8749,104,95,9,9
8750,92,102,-10,10
8751,55,71,-16,16
8752,91,92,-1,1
8753,90,88,2,2
8754,86,86,0,0
8755,76,78,-2,2
8756,86,92,-6,6
8757,49,57,-8,8
8758,105,106,-1,1
8759,67,73,-6,6
8760,96,122,-26,26
8761,105,104,1,1
8762,98,91,7,7
8763,114,112,2,2
8764,114,117,-3,3
8765,103,117,-14,14
8766,128,120,8,8
8767,110,103,7,7
8768,89,83,6,6
8769,67,71,-4,4
8770,136,119,17,17
8771,154,141,13,13
8772,62,72,-10,10
8773,109,109,0,0
8774,91,95,-4,4
8775,63,71,-8,8
8776,172,154,18,18
8777,93,89,4,4
8778,81,82,-1,1
8779,87,95,-8,8
8780,49,74,-25,25
8781,157,155,2,2
8782,87,88,-1,1
8783,61,87,-26,26
8784,60,66,-6,6
8785,129,122,7,7
8786,75,78,-3,3
8787,86,96,-10,10
8788,37,47,-10,10
8789,110,111,-1,1
8790,124,118,6,6
8791,65,78,-13,13
8792,148,150,-2,2
8793,73,91,-18,18
8794,105,113,-8,8
8795,70,82,-12,12
8796,63,78,-15,15
8797,71,75,-4,4
8798,71,78,-7,7
8799,68,75,-7,7
8800,96,92,4,4
8801,87,89,-2,2
8802,88,94,-6,6
8803,69,74,-5,5
8804,83,91,-8,8
8805,72,86,-14,14
8806,98,103,-5,5
8807,126,120,6,6
8808,45,62,-17,17
8809,52,61,-9,9
8810,103,106,-3,3
8811,77,77,0,0
8812,83,83,0,0
8813,73,71,2,2
8814,108,104,4,4
8815,73,82,-9,9
8816,80,86,-6,6
8817,57,65,-8,8
8818,63,70,-7,7
8819,24,34,-10,10
8820,89,83,6,6
8821,61,73,-12,12
8822,97,101,-4,4
8823,85,90,-5,5
8824,143,138,5,5
8825,129,120,9,9
8826,75,87,-12,12
8827,71,80,-9,9
8828,92,90,2,2
8829,72,73,-1,1
8830,91,87,4,4
8831,83,81,2,2
8832,75,84,-9,9
8833,66,74,-8,8
8834,43,58,-15,15
8835,127,121,6,6
8836,125,129,-4,4
8837,44,58,-14,14
8838,51,68,-17,17
8839,54,65,-11,11
8840,203,211,-8,8
8841,127,119,8,8
8842,102,99,3,3
8843,81,80,1,1
8844,69,71,-2,2
8845,121,118,3,3
8846,85,84,1,1
8847,125,115,10,10
8848,138,124,14,14
8849,191,158,33,33
8850,92,99,-7,7
8851,94,92,2,2
8852,128,124,4,4
8853,35,58,-23,23
8854,104,105,-1,1
8855,86,84,2,2
8856,132,120,12,12
8857,89,90,-1,1
8858,48,61,-13,13
8859,75,74,1,1
8860,80,74,6,6
8861,100,95,5,5
8862,115,114,1,1
8863,135,127,8,8
8864,88,93,-5,5
8865,108,104,4,4
8866,141,140,1,1
8867,81,83,-2,2
8868,147,143,4,4
8869,94,92,2,2
8870,86,89,-3,3
8871,125,120,5,5
8872,62,72,-10,10
8873,82,89,-7,7
8874,123,117,6,6
8875,80,81,-1,1
8876,108,102,6,6
8877,91,85,6,6
8878,124,119,5,5
8879,93,102,-9,9
8880,141,151,-10,10
8881,97,74,23,23
8882,177,157,20,20
8883,80,87,-7,7
8884,133,149,-16,16
8885,98,105,-7,7
8886,104,97,7,7
8887,64,72,-8,8
8888,170,154,16,16
8889,91,96,-5,5
8890,98,99,-1,1
8891,125,117,8,8
8892,65,74,-9,9
8893,86,92,-6,6
8894,75,73,2,2
8895,72,81,-9,9
8896,53,76,-23,23
8897,93,88,5,5
8898,69,74,-5,5
8899,95,90,5,5
8900,76,84,-8,8
8901,73,78,-5,5
8902,56,65,-9,9
8903,92,95,-3,3
8904,43,59,-16,16
8905,60,67,-7,7
8906,74,85,-11,11
8907,85,93,-8,8
8908,91,93,-2,2
8909,92,91,1,1
8910,91,92,-1,1
8911,60,75,-15,15
8912,142,142,0,0
8913,127,131,-4,4
8914,87,89,-2,2
8915,130,134,-4,4
8916,104,101,3,3
8917,62,67,-5,5
8918,125,126,-1,1
8919,96,174,-78,78
8920,170,140,30,30
8921,103,119,-16,16
8922,185,164,21,21
8923,80,82,-2,2
8924,56,71,-15,15
8925,105,118,-13,13
8926,63,72,-9,9
8927,88,93,-5,5
8928,79,87,-8,8
8929,60,80,-20,20
8930,84,90,-6,6
8931,123,125,-2,2
8932,107,103,4,4
8933,94,99,-5,5
8934,70,79,-9,9
8935,141,120,21,21
8936,56,59,-3,3
8937,166,157,9,9
8938,120,106,14,14
8939,137,120,17,17
8940,88,88,0,0
8941,127,104,23,23
8942,157,145,12,12
8943,130,134,-4,4
8944,106,111,-5,5
8945,131,127,4,4
8946,54,65,-11,11
8947,132,123,9,9
8948,80,81,-1,1
8949,81,89,-8,8
8950,128,111,17,17
8951,36,49,-13,13
8952,106,110,-4,4
8953,85,89,-4,4
8954,64,73,-9,9
8955,81,86,-5,5
8956,120,115,5,5
8957,130,119,11,11
8958,99,92,7,7
8959,70,74,-4,4
8960,78,76,2,2
8961,112,116,-4,4
8962,82,84,-2,2
8963,184,156,28,28
8964,129,136,-7,7
8965,111,104,7,7
8966,99,108,-9,9
8967,51,68,-17,17
8968,102,97,5,5
8969,66,76,-10,10
8970,74,80,-6,6
8971,129,128,1,1
8972,54,68,-14,14
8973,117,131,-14,14
8974,120,115,5,5
8975,73,83,-10,10
8976,177,166,11,11
8977,157,146,11,11
8978,77,84,-7,7
8979,55,66,-11,11
8980,132,121,11,11
8981,180,159,21,21
8982,72,75,-3,3
8983,88,95,-7,7
8984,71,79,-8,8
8985,85,85,0,0
8986,51,59,-8,8
8987,61,73,-12,12
8988,76,78,-2,2
8989,90,93,-3,3
8990,64,76,-12,12
8991,67,93,-26,26
8992,95,96,-1,1
8993,46,57,-11,11
8994,92,88,4,4
8995,121,135,-14,14
8996,93,96,-3,3
8997,92,98,-6,6
8998,52,62,-10,10
8999,112,119,-7,7
9000,66,106,-40,40
9001,76,78,-2,2
9002,157,146,11,11
9003,75,78,-3,3
9004,68,76,-8,8
9005,64,75,-11,11
9006,135,120,15,15
9007,107,103,4,4
9008,79,84,-5,5
9009,82,85,-3,3
9010,101,95,6,6
9011,142,158,-16,16
9012,108,108,0,0
9013,93,99,-6,6
9014,111,115,-4,4
9015,111,105,6,6
9016,101,94,7,7
9017,67,72,-5,5
9018,58,66,-8,8
9019,117,110,7,7
9020,100,99,1,1
9021,96,94,2,2
9022,106,106,0,0
9023,82,86,-4,4
9024,57,67,-10,10
9025,95,89,6,6
9026,92,93,-1,1
9027,78,84,-6,6
9028,85,84,1,1
9029,46,53,-7,7
9030,60,75,-15,15
9031,68,78,-10,10
9032,90,94,-4,4
9033,106,105,1,1
9034,72,77,-5,5
9035,91,91,0,0
9036,142,135,7,7
9037,63,66,-3,3
9038,55,64,-9,9
9039,112,106,6,6
9040,165,160,5,5
9041,80,82,-2,2
9042,58,64,-6,6
9043,96,101,-5,5
9044,69,73,-4,4
9045,85,102,-17,17
9046,74,83,-9,9
9047,148,135,13,13
9048,61,67,-6,6
9049,114,116,-2,2
9050,117,114,3,3
9051,87,90,-3,3
9052,148,139,9,9
9053,129,121,8,8
9054,100,95,5,5
9055,79,81,-2,2
9056,84,85,-1,1
9057,75,79,-4,4
9058,101,100,1,1
9059,74,83,-9,9
9060,98,88,10,10
9061,97,99,-2,2
9062,58,65,-7,7
9063,104,100,4,4
9064,122,115,7,7
9065,33,50,-17,17
9066,62,65,-3,3
9067,59,72,-13,13
9068,66,78,-12,12
9069,112,106,6,6
9070,109,101,8,8
9071,67,77,-10,10
9072,157,169,-12,12
9073,147,143,4,4
9074,114,110,4,4
9075,45,52,-7,7
9076,71,82,-11,11
9077,135,126,9,9
9078,64,64,0,0
9079,101,108,-7,7
9080,93,98,-5,5
9081,92,88,4,4
9082,128,121,7,7
9083,90,86,4,4
9084,113,99,14,14
9085,62,70,-8,8
9086,66,70,-4,4
9087,69,77,-8,8
9088,90,89,1,1
9089,69,72,-3,3
9090,87,93,-6,6
9091,70,88,-18,18
9092,88,91,-3,3
9093,60,75,-15,15
9094,172,149,23,23
9095,94,93,1,1
9096,53,68,-15,15
9097,81,80,1,1
9098,103,101,2,2
9099,146,133,13,13
9100,93,94,-1,1
9101,106,108,-2,2
9102,115,105,10,10
9103,171,154,17,17
9104,80,86,-6,6
9105,89,85,4,4
9106,75,88,-13,13
9107,197,178,19,19
9108,52,67,-15,15
9109,56,66,-10,10
9110,76,79,-3,3
9111,136,132,4,4
9112,127,124,3,3
9113,102,103,-1,1
9114,100,103,-3,3
9115,154,140,14,14
9116,127,133,-6,6
9117,115,107,8,8
9118,69,78,-9,9
9119,113,101,12,12
9120,116,115,1,1
9121,92,97,-5,5
9122,95,100,-5,5
9123,81,77,4,4
9124,81,86,-5,5
9125,148,144,4,4
9126,94,93,1,1
9127,117,119,-2,2
9128,47,61,-14,14
9129,100,94,6,6
9130,133,123,10,10
9131,79,99,-20,20
9132,147,135,12,12
9133,62,72,-10,10
9134,77,86,-9,9
9135,154,138,16,16
9136,112,118,-6,6
9137,65,70,-5,5
9138,42,53,-11,11
9139,114,113,1,1
9140,114,109,5,5
9141,77,78,-1,1
9142,68,79,-11,11
9143,84,90,-6,6
9144,120,120,0,0
9145,132,130,2,2
9146,113,121,-8,8
9147,86,88,-2,2
9148,78,83,-5,5
9149,73,93,-20,20
9150,68,69,-1,1
9151,93,98,-5,5
9152,113,120,-7,7
9153,58,68,-10,10
9154,63,72,-9,9
9155,54,59,-5,5
9156,123,107,16,16
9157,43,54,-11,11
9158,82,83,-1,1
9159,144,133,11,11
9160,73,95,-22,22
9161,49,62,-13,13
9162,103,98,5,5
9163,179,174,5,5
9164,106,104,2,2
9165,93,103,-10,10
9166,135,140,-5,5
9167,120,120,0,0
9168,130,120,10,10
9169,79,94,-15,15
9170,82,83,-1,1
9171,55,63,-8,8
9172,74,74,0,0
9173,153,145,8,8
9174,93,95,-2,2
9175,107,104,3,3
9176,136,143,-7,7
9177,88,93,-5,5
9178,56,73,-17,17
9179,171,147,24,24
9180,115,110,5,5
9181,53,69,-16,16
9182,124,124,0,0
9183,117,106,11,11
9184,76,81,-5,5
9185,168,150,18,18
9186,78,79,-1,1
9187,42,53,-11,11
9188,74,80,-6,6
9189,156,133,23,23
9190,81,83,-2,2
9191,88,85,3,3
9192,169,150,19,19
9193,74,78,-4,4
9194,108,108,0,0
9195,98,95,3,3
9196,175,177,-2,2
9197,39,54,-15,15
9198,47,63,-16,16
9199,100,89,11,11
9200,105,95,10,10
9201,103,103,0,0
9202,114,110,4,4
9203,65,75,-10,10
9204,70,72,-2,2
9205,79,78,1,1
9206,96,99,-3,3
9207,123,126,-3,3
9208,94,96,-2,2
9209,124,124,0,0
9210,102,97,5,5
9211,108,102,6,6
9212,78,85,-7,7
9213,111,109,2,2
9214,84,94,-10,10
9215,58,61,-3,3
9216,124,119,5,5
9217,92,90,2,2
9218,75,83,-8,8
9219,64,62,2,2
9220,89,89,0,0
9221,88,95,-7,7
9222,58,74,-16,16
9223,116,112,4,4
9224,57,69,-12,12
9225,98,98,0,0
9226,138,138,0,0
9227,87,94,-7,7
9228,58,64,-6,6
9229,141,128,13,13
9230,72,76,-4,4
9231,63,78,-15,15
9232,173,155,18,18
9233,113,108,5,5
9234,114,106,8,8
9235,95,91,4,4
9236,80,86,-6,6
9237,75,81,-6,6
9238,113,113,0,0
9239,86,96,-10,10
9240,54,66,-12,12
9241,99,97,2,2
9242,149,135,14,14
9243,73,70,3,3
9244,86,82,4,4
9245,108,103,5,5
9246,74,78,-4,4
9247,59,69,-10,10
9248,106,109,-3,3
9249,158,132,26,26
9250,45,75,-30,30
9251,77,80,-3,3
9252,116,124,-8,8
9253,52,63,-11,11
9254,93,101,-8,8
9255,129,119,10,10
9256,63,72,-9,9
9257,41,55,-14,14
9258,62,66,-4,4
9259,168,155,13,13
9260,117,114,3,3
9261,142,131,11,11
9262,112,105,7,7
9263,101,98,3,3
9264,86,86,0,0
9265,77,84,-7,7
9266,141,130,11,11
9267,80,95,-15,15
9268,107,118,-11,11
9269,90,93,-3,3
9270,65,78,-13,13
9271,57,63,-6,6
9272,89,86,3,3
9273,63,70,-7,7
9274,121,112,9,9
9275,108,104,4,4
9276,83,89,-6,6
9277,116,111,5,5
9278,66,77,-11,11
9279,128,126,2,2
9280,98,97,1,1
9281,76,81,-5,5
9282,130,120,10,10
9283,55,64,-9,9
9284,64,73,-9,9
9285,107,119,-12,12
9286,117,106,11,11
9287,124,119,5,5
9288,88,89,-1,1
9289,44,54,-10,10
9290,89,91,-2,2
9291,82,92,-10,10
9292,78,81,-3,3
9293,63,74,-11,11
9294,60,63,-3,3
9295,55,65,-10,10
9296,80,87,-7,7
9297,56,67,-11,11
9298,68,78,-10,10
9299,177,169,8,8
9300,69,75,-6,6
9301,63,73,-10,10
9302,116,107,9,9
9303,96,101,-5,5
9304,142,122,20,20
9305,85,87,-2,2
9306,56,71,-15,15
9307,91,93,-2,2
9308,72,79,-7,7
9309,69,84,-15,15
9310,114,103,11,11
9311,131,131,0,0
9312,70,79,-9,9
9313,138,130,8,8
9314,103,100,3,3
9315,69,78,-9,9
9316,97,98,-1,1
9317,98,112,-14,14
9318,117,109,8,8
9319,95,102,-7,7
9320,130,122,8,8
9321,174,151,23,23
9322,114,119,-5,5
9323,87,98,-11,11
9324,92,94,-2,2
9325,57,68,-11,11
9326,93,91,2,2
9327,90,93,-3,3
9328,87,96,-9,9
9329,87,93,-6,6
9330,115,118,-3,3
9331,103,105,-2,2
9332,66,71,-5,5
9333,95,94,1,1
9334,98,97,1,1
9335,82,83,-1,1
9336,63,66,-3,3
9337,39,53,-14,14
9338,60,72,-12,12
9339,112,106,6,6
9340,159,148,11,11
9341,41,57,-16,16
9342,96,96,0,0
9343,117,108,9,9
9344,69,75,-6,6
9345,82,88,-6,6
9346,125,113,12,12
9347,82,83,-1,1
9348,65,76,-11,11
9349,92,86,6,6
9350,91,96,-5,5
9351,91,89,2,2
9352,95,97,-2,2
9353,28,49,-21,21
9354,64,69,-5,5
9355,73,75,-2,2
9356,122,108,14,14
9357,76,84,-8,8
9358,82,83,-1,1
9359,134,122,12,12
9360,118,107,11,11
9361,72,81,-9,9
9362,96,120,-24,24
9363,176,151,25,25
9364,156,145,11,11
9365,64,86,-22,22
9366,99,108,-9,9
9367,94,94,0,0
9368,84,81,3,3
9369,88,93,-5,5
9370,144,139,5,5
9371,123,113,10,10
9372,99,105,-6,6
9373,63,88,-25,25
9374,64,75,-11,11
9375,141,126,15,15
9376,71,88,-17,17
9377,166,150,16,16
9378,118,111,7,7
9379,120,108,12,12
9380,145,130,15,15
9381,87,91,-4,4
9382,90,96,-6,6
9383,80,91,-11,11
9384,125,121,4,4
9385,59,62,-3,3
9386,171,156,15,15
9387,72,74,-2,2
9388,121,107,14,14
9389,47,55,-8,8
9390,73,87,-14,14
9391,124,105,19,19
9392,87,95,-8,8
9393,95,95,0,0
9394,77,81,-4,4
9395,167,156,11,11
9396,53,51,2,2
9397,89,87,2,2
9398,83,83,0,0
9399,77,91,-14,14
9400,127,122,5,5
9401,94,98,-4,4
9402,95,89,6,6
9403,93,96,-3,3
9404,74,79,-5,5
9405,112,116,-4,4
9406,117,107,10,10
9407,69,76,-7,7
9408,88,87,1,1
9409,71,79,-8,8
9410,57,60,-3,3
9411,89,87,2,2
9412,98,111,-13,13
9413,123,121,2,2
9414,88,88,0,0
9415,136,120,16,16
9416,85,80,5,5
9417,93,93,0,0
9418,150,148,2,2
9419,50,61,-11,11
9420,77,85,-8,8
9421,87,93,-6,6
9422,123,118,5,5
9423,71,80,-9,9
9424,142,137,5,5
9425,78,85,-7,7
9426,111,103,8,8
9427,54,78,-24,24
9428,66,75,-9,9
9429,110,104,6,6
9430,96,95,1,1
9431,56,65,-9,9
9432,17,30,-13,13
9433,84,85,-1,1
9434,108,110,-2,2
9435,103,92,11,11
9436,102,100,2,2
9437,81,89,-8,8
9438,125,121,4,4
9439,120,127,-7,7
9440,89,89,0,0
9441,73,77,-4,4
9442,110,103,7,7
9443,86,88,-2,2
9444,94,97,-3,3
9445,76,78,-2,2
9446,72,76,-4,4
9447,41,57,-16,16
9448,129,122,7,7
9449,80,83,-3,3
9450,92,88,4,4
9451,208,172,36,36
9452,170,159,11,11
9453,88,93,-5,5
9454,43,57,-14,14
9455,65,68,-3,3
9456,52,64,-12,12
9457,44,56,-12,12
9458,96,102,-6,6
9459,165,154,11,11
9460,92,86,6,6
9461,104,91,13,13
9462,131,124,7,7
9463,73,80,-7,7
9464,131,118,13,13
9465,51,76,-25,25
9466,63,75,-12,12
9467,107,112,-5,5
9468,109,123,-14,14
9469,131,114,17,17
9470,96,93,3,3
9471,90,82,8,8
9472,60,75,-15,15
9473,106,106,0,0
9474,101,90,11,11
9475,67,75,-8,8
9476,117,116,1,1
9477,76,86,-10,10
9478,78,77,1,1
9479,94,93,1,1
9480,95,97,-2,2
9481,78,73,5,5
9482,133,127,6,6
9483,41,55,-14,14
9484,105,104,1,1
9485,102,97,5,5
9486,88,97,-9,9
9487,106,106,0,0
9488,89,89,0,0
9489,98,119,-21,21
9490,128,119,9,9
9491,102,103,-1,1
9492,132,133,-1,1
9493,101,98,3,3
9494,144,139,5,5
9495,61,71,-10,10
9496,61,69,-8,8
9497,114,118,-4,4
9498,125,120,5,5
9499,70,75,-5,5
9500,83,87,-4,4
9501,147,139,8,8
9502,97,99,-2,2
9503,82,87,-5,5
9504,87,83,4,4
9505,94,93,1,1
9506,54,70,-16,16
9507,71,83,-12,12
9508,105,97,8,8
9509,87,92,-5,5
9510,95,105,-10,10
9511,71,80,-9,9
9512,76,87,-11,11
9513,123,120,3,3
9514,127,119,8,8
9515,84,96,-12,12
9516,48,63,-15,15
9517,108,94,14,14
9518,157,128,29,29
9519,54,63,-9,9
9520,100,94,6,6
9521,118,110,8,8
9522,57,68,-11,11
9523,137,127,10,10
9524,80,89,-9,9
9525,48,60,-12,12
9526,49,55,-6,6
9527,94,96,-2,2
9528,101,97,4,4
9529,64,74,-10,10
9530,114,122,-8,8
9531,82,81,1,1
9532,62,72,-10,10
9533,57,73,-16,16
9534,88,96,-8,8
9535,92,99,-7,7
9536,66,86,-20,20
9537,76,85,-9,9
9538,59,65,-6,6
9539,89,90,-1,1
9540,63,72,-9,9
9541,51,60,-9,9
9542,123,120,3,3
9543,88,93,-5,5
9544,59,72,-13,13
9545,66,72,-6,6
9546,135,118,17,17
9547,54,66,-12,12
9548,24,33,-9,9
9549,91,84,7,7
9550,166,152,14,14
9551,45,56,-11,11
9552,95,92,3,3
9553,99,101,-2,2
9554,70,85,-15,15
9555,81,80,1,1
9556,97,92,5,5
9557,75,91,-16,16
9558,55,70,-15,15
9559,86,96,-10,10
9560,172,153,19,19
9561,65,82,-17,17
9562,174,149,25,25
9563,78,85,-7,7
9564,81,91,-10,10
9565,68,72,-4,4
9566,74,73,1,1
9567,46,58,-12,12
9568,119,123,-4,4
9569,48,62,-14,14
9570,112,117,-5,5
9571,135,147,-12,12
9572,91,84,7,7
9573,103,96,7,7
9574,95,116,-21,21
9575,91,82,9,9
9576,201,169,32,32
9577,89,91,-2,2
9578,71,75,-4,4
9579,198,176,22,22
9580,93,88,5,5
9581,82,85,-3,3
9582,132,122,10,10
9583,79,92,-13,13
9584,60,71,-11,11
9585,72,85,-13,13
9586,107,110,-3,3
9587,112,116,-4,4
9588,99,103,-4,4
9589,104,115,-11,11
9590,68,74,-6,6
9591,57,67,-10,10
9592,47,62,-15,15
9593,96,94,2,2
9594,95,108,-13,13
9595,43,56,-13,13
9596,116,105,11,11
9597,65,76,-11,11
9598,106,94,12,12
9599,117,122,-5,5
9600,96,95,1,1
9601,67,74,-7,7
9602,100,91,9,9
9603,108,107,1,1
9604,103,100,3,3
9605,58,69,-11,11
9606,88,90,-2,2
9607,133,121,12,12
9608,161,151,10,10
9609,95,91,4,4
9610,99,92,7,7
9611,69,74,-5,5
9612,112,105,7,7
9613,127,118,9,9
9614,66,74,-8,8
9615,116,118,-2,2
9616,105,109,-4,4
9617,100,94,6,6
9618,93,96,-3,3
9619,79,89,-10,10
9620,121,110,11,11
9621,86,95,-9,9
9622,88,84,4,4
9623,177,153,24,24
9624,67,70,-3,3
9625,73,78,-5,5
9626,105,100,5,5
9627,115,112,3,3
9628,141,134,7,7
9629,75,81,-6,6
9630,58,68,-10,10
9631,86,91,-5,5
9632,137,128,9,9
9633,113,113,0,0
9634,92,93,-1,1
9635,83,93,-10,10
9636,103,112,-9,9
9637,145,123,22,22
9638,84,86,-2,2
9639,123,125,-2,2
9640,104,100,4,4
9641,61,68,-7,7
9642,79,87,-8,8
9643,90,111,-21,21
9644,115,118,-3,3
9645,138,141,-3,3
9646,80,84,-4,4
9647,92,99,-7,7
9648,126,121,5,5
9649,62,60,2,2
9650,81,86,-5,5
9651,88,89,-1,1
9652,90,95,-5,5
9653,70,76,-6,6
9654,113,113,0,0
9655,81,87,-6,6
9656,70,84,-14,14
9657,87,88,-1,1
9658,62,76,-14,14
9659,54,65,-11,11
9660,85,88,-3,3
9661,76,78,-2,2
9662,44,58,-14,14
9663,106,99,7,7
9664,116,109,7,7
9665,114,116,-2,2
9666,156,144,12,12
9667,127,116,11,11
9668,61,70,-9,9
9669,57,63,-6,6
9670,128,123,5,5
9671,90,87,3,3
9672,113,108,5,5
9673,81,80,1,1
9674,48,66,-18,18
9675,47,60,-13,13
9676,139,125,14,14
9677,154,145,9,9
9678,104,111,-7,7
9679,97,97,0,0
9680,123,120,3,3
9681,68,67,1,1
9682,94,98,-4,4
9683,77,89,-12,12
9684,45,55,-10,10
9685,78,82,-4,4
9686,75,83,-8,8
9687,79,80,-1,1
9688,175,168,7,7
9689,117,110,7,7
9690,108,102,6,6
9691,106,108,-2,2
9692,82,78,4,4
9693,112,103,9,9
9694,74,80,-6,6
9695,117,117,0,0
9696,94,99,-5,5
9697,226,193,33,33
9698,120,107,13,13
9699,40,54,-14,14
9700,40,104,-64,64
9701,119,119,0,0
9702,51,65,-14,14
9703,61,68,-7,7
9704,119,116,3,3
9705,97,91,6,6
9706,70,83,-13,13
9707,101,95,6,6
9708,160,148,12,12
9709,88,89,-1,1
9710,41,60,-19,19
9711,86,88,-2,2
9712,76,86,-10,10
9713,66,78,-12,12
9714,110,110,0,0
9715,120,117,3,3
9716,97,99,-2,2
9717,89,99,-10,10
9718,117,113,4,4
9719,59,75,-16,16
9720,145,140,5,5
9721,84,82,2,2
9722,78,90,-12,12
9723,65,70,-5,5
9724,62,71,-9,9
9725,114,112,2,2
9726,76,85,-9,9
9727,51,64,-13,13
9728,131,135,-4,4
9729,162,164,-2,2
9730,90,101,-11,11
9731,95,100,-5,5
9732,49,70,-21,21
9733,81,88,-7,7
9734,103,101,2,2
9735,136,137,-1,1
9736,116,115,1,1
9737,74,79,-5,5
9738,54,71,-17,17
9739,110,112,-2,2
9740,113,102,11,11
9741,142,119,23,23
9742,130,108,22,22
9743,156,142,14,14
9744,186,177,9,9
9745,70,75,-5,5
9746,115,104,11,11
9747,149,126,23,23
9748,135,121,14,14
9749,72,75,-3,3
9750,143,136,7,7
9751,190,166,24,24
9752,117,122,-5,5
9753,124,109,15,15
9754,78,91,-13,13
9755,90,96,-6,6
9756,49,56,-7,7
9757,52,67,-15,15
9758,48,64,-16,16
9759,69,76,-7,7
9760,69,79,-10,10
9761,40,61,-21,21
9762,89,95,-6,6
9763,85,90,-5,5
9764,104,109,-5,5
9765,130,121,9,9
9766,110,95,15,15
9767,136,125,11,11
9768,91,84,7,7
9769,83,90,-7,7
9770,50,59,-9,9
9771,104,105,-1,1
9772,83,84,-1,1
9773,114,113,1,1
9774,119,127,-8,8
9775,88,89,-1,1
9776,68,94,-26,26
9777,84,102,-18,18
9778,93,82,11,11
9779,56,65,-9,9
9780,66,75,-9,9
9781,60,68,-8,8
9782,58,68,-10,10
9783,142,135,7,7
9784,197,172,25,25
9785,53,64,-11,11
9786,86,102,-16,16
9787,85,87,-2,2
9788,153,131,22,22
9789,58,68,-10,10
9790,78,83,-5,5
9791,159,145,14,14
9792,129,124,5,5
9793,115,111,4,4
9794,64,70,-6,6
9795,142,135,7,7
9796,83,87,-4,4
9797,171,169,2,2
9798,137,134,3,3
9799,107,107,0,0
9800,101,92,9,9
9801,75,73,2,2
9802,103,97,6,6
9803,80,83,-3,3
9804,51,66,-15,15
9805,92,87,5,5
9806,88,91,-3,3
9807,96,101,-5,5
9808,140,127,13,13
9809,107,106,1,1
9810,59,71,-12,12
9811,128,111,17,17
9812,80,81,-1,1
9813,40,53,-13,13
9814,139,133,6,6
9815,79,77,2,2
9816,89,87,2,2
9817,127,122,5,5
9818,132,121,11,11
9819,104,106,-2,2
9820,100,92,8,8
9821,76,80,-4,4
9822,182,144,38,38
9823,43,54,-11,11
9824,56,66,-10,10
9825,140,129,11,11
9826,98,100,-2,2
9827,66,82,-16,16
9828,52,55,-3,3
9829,100,97,3,3
9830,131,117,14,14
9831,47,37,10,10
9832,57,65,-8,8
9833,58,69,-11,11
9834,100,97,3,3
9835,143,142,1,1
9836,81,79,2,2
9837,130,117,13,13
9838,63,78,-15,15
9839,84,103,-19,19
9840,86,91,-5,5
9841,118,115,3,3
9842,109,101,8,8
9843,176,169,7,7
9844,68,75,-7,7
9845,102,103,-1,1
9846,65,72,-7,7
9847,88,95,-7,7
9848,127,118,9,9
9849,56,63,-7,7
9850,104,103,1,1
9851,105,95,10,10
9852,84,86,-2,2
9853,27,71,-44,44
9854,95,98,-3,3
9855,77,83,-6,6
9856,192,189,3,3
9857,78,76,2,2
9858,122,122,0,0
9859,80,87,-7,7
9860,94,87,7,7
9861,126,120,6,6
9862,44,57,-13,13
9863,73,83,-10,10
9864,104,87,17,17
9865,71,74,-3,3
9866,65,79,-14,14
9867,96,88,8,8
9868,116,96,20,20
9869,103,106,-3,3
9870,129,124,5,5
9871,143,135,8,8
9872,100,118,-18,18
9873,133,120,13,13
9874,64,71,-7,7
9875,121,119,2,2
9876,61,73,-12,12
9877,55,68,-13,13
9878,49,59,-10,10
9879,86,86,0,0
9880,85,86,-1,1
9881,61,68,-7,7
9882,128,131,-3,3
9883,91,83,8,8
9884,99,86,13,13
9885,92,94,-2,2
9886,179,165,14,14
9887,114,102,12,12
9888,66,69,-3,3
9889,78,89,-11,11
9890,69,77,-8,8
9891,121,116,5,5
9892,85,80,5,5
9893,110,125,-15,15
9894,92,98,-6,6
9895,117,109,8,8
9896,174,156,18,18
9897,135,129,6,6
9898,64,68,-4,4
9899,75,78,-3,3
9900,97,109,-12,12
9901,120,121,-1,1
9902,102,99,3,3
9903,91,91,0,0
9904,70,79,-9,9
9905,64,80,-16,16
9906,49,60,-11,11
9907,94,102,-8,8
9908,71,83,-12,12
9909,136,155,-19,19
9910,68,76,-8,8
9911,122,119,3,3
9912,73,77,-4,4
9913,114,115,-1,1
9914,98,99,-1,1
9915,104,101,3,3
9916,103,98,5,5
9917,108,102,6,6
9918,127,120,7,7
9919,130,131,-1,1
9920,95,97,-2,2
9921,89,85,4,4
9922,73,81,-8,8
9923,157,134,23,23
9924,103,97,6,6
9925,105,102,3,3
9926,112,103,9,9
9927,109,102,7,7
9928,79,81,-2,2
9929,92,111,-19,19
9930,72,73,-1,1
9931,48,62,-14,14
9932,98,93,5,5
9933,111,111,0,0
9934,119,109,10,10
9935,139,121,18,18
9936,55,74,-19,19
9937,107,110,-3,3
9938,135,141,-6,6
9939,102,98,4,4
9940,88,95,-7,7
9941,105,119,-14,14
9942,136,120,16,16
9943,82,90,-8,8
9944,67,75,-8,8
9945,123,119,4,4
9946,120,120,0,0
9947,94,103,-9,9
9948,51,61,-10,10
9949,95,91,4,4
9950,92,94,-2,2
9951,154,129,25,25
9952,76,85,-9,9
9953,59,66,-7,7
9954,153,135,18,18
9955,66,80,-14,14
9956,96,102,-6,6
9957,131,122,9,9
9958,81,84,-3,3
9959,80,88,-8,8
9960,59,70,-11,11
9961,72,81,-9,9
9962,148,140,8,8
9963,123,135,-12,12
9964,72,78,-6,6
9965,59,70,-11,11
9966,145,139,6,6
9967,95,98,-3,3
9968,125,120,5,5
9969,79,83,-4,4
9970,79,83,-4,4
9971,68,78,-10,10
9972,135,131,4,4
9973,96,97,-1,1
9974,64,71,-7,7
9975,62,65,-3,3
9976,102,99,3,3
9977,141,130,11,11
9978,82,79,3,3
9979,84,80,4,4
9980,85,91,-6,6
9981,77,83,-6,6
9982,107,101,6,6
9983,94,94,0,0
9984,84,79,5,5
9985,90,90,0,0
9986,127,121,6,6
9987,94,95,-1,1
9988,142,153,-11,11
9989,88,97,-9,9
9990,104,99,5,5
9991,66,75,-9,9
9992,48,60,-12,12
9993,76,78,-2,2
9994,105,103,2,2
9995,62,66,-4,4
9996,82,86,-4,4
9997,123,123,0,0
9998,88,97,-9,9
9999,68,71,-3,3
10000,171,152,19,19
10001,134,123,11,11
10002,81,81,0,0
10003,66,76,-10,10
10004,49,63,-14,14
10005,92,96,-4,4
10006,121,116,5,5
10007,133,123,10,10
10008,147,133,14,14
10009,81,86,-5,5
10010,69,77,-8,8
10011,83,88,-5,5
10012,88,89,-1,1
10013,59,62,-3,3
10014,91,96,-5,5
10015,153,151,2,2
10016,114,106,8,8
10017,77,88,-11,11
10018,85,80,5,5
10019,80,81,-1,1
10020,74,78,-4,4
10021,169,152,17,17
10022,108,107,1,1
10023,121,122,-1,1
10024,83,89,-6,6
10025,56,62,-6,6
10026,74,81,-7,7
10027,53,68,-15,15
10028,80,89,-9,9
10029,79,85,-6,6
10030,117,111,6,6
10031,174,155,19,19
10032,77,78,-1,1
10033,114,101,13,13
10034,79,85,-6,6
10035,158,142,16,16
10036,80,84,-4,4
10037,90,117,-27,27
10038,111,107,4,4
10039,155,136,19,19
10040,55,68,-13,13
10041,74,81,-7,7
10042,62,74,-12,12
10043,138,132,6,6
10044,143,150,-7,7
10045,113,116,-3,3
10046,100,103,-3,3
10047,115,98,17,17
10048,49,60,-11,11
10049,139,138,1,1
10050,114,118,-4,4
10051,125,127,-2,2
10052,61,70,-9,9
10053,136,125,11,11
10054,77,79,-2,2
10055,211,177,34,34
10056,66,67,-1,1
10057,111,105,6,6
10058,122,122,0,0
10059,139,130,9,9
10060,121,111,10,10
10061,108,114,-6,6
10062,85,95,-10,10
10063,110,106,4,4
10064,62,77,-15,15
10065,107,101,6,6
10066,49,59,-10,10
10067,82,87,-5,5
10068,92,93,-1,1
10069,59,69,-10,10
10070,56,65,-9,9
10071,105,99,6,6
10072,61,74,-13,13
10073,95,104,-9,9
10074,56,68,-12,12
10075,148,144,4,4
10076,123,124,-1,1
10077,111,119,-8,8
10078,75,79,-4,4
10079,139,144,-5,5
10080,68,77,-9,9
10081,90,89,1,1
10082,150,147,3,3
10083,133,118,15,15
10084,49,63,-14,14
10085,62,71,-9,9
10086,111,103,8,8
10087,117,116,1,1
10088,151,144,7,7
10089,100,97,3,3
10090,42,62,-20,20
10091,78,82,-4,4
10092,48,62,-14,14
10093,118,106,12,12
10094,70,72,-2,2
10095,117,126,-9,9
10096,61,82,-21,21
10097,94,100,-6,6
10098,78,84,-6,6
10099,170,154,16,16
10100,68,72,-4,4
10101,78,78,0,0
10102,47,59,-12,12
10103,130,110,20,20
10104,80,80,0,0
10105,70,82,-12,12
10106,49,60,-11,11
10107,117,111,6,6
10108,86,93,-7,7
10109,82,81,1,1
10110,54,64,-10,10
10111,160,150,10,10
10112,78,94,-16,16
10113,82,86,-4,4
10114,59,64,-5,5
10115,115,112,3,3
10116,86,93,-7,7
10117,119,107,12,12
10118,116,116,0,0
10119,90,98,-8,8
10120,75,83,-8,8
10121,81,84,-3,3
10122,87,93,-6,6
10123,108,103,5,5
10124,50,61,-11,11
10125,53,63,-10,10
10126,130,138,-8,8
10127,125,115,10,10
10128,118,113,5,5
10129,112,108,4,4
10130,62,74,-12,12
10131,105,104,1,1
10132,90,99,-9,9
10133,143,138,5,5
10134,58,66,-8,8
10135,64,74,-10,10
10136,108,100,8,8
10137,98,87,11,11
10138,136,126,10,10
10139,101,112,-11,11
10140,85,93,-8,8
10141,92,96,-4,4
10142,144,129,15,15
10143,80,85,-5,5
10144,110,98,12,12
10145,66,70,-4,4
10146,73,76,-3,3
10147,59,66,-7,7
10148,88,93,-5,5
10149,74,87,-13,13
10150,61,73,-12,12
10151,125,115,10,10
10152,55,62,-7,7
10153,115,113,2,2
10154,58,71,-13,13
10155,76,85,-9,9
10156,137,137,0,0
10157,81,81,0,0
10158,116,115,1,1
10159,81,83,-2,2
10160,94,92,2,2
10161,78,94,-16,16
10162,80,81,-1,1
10163,99,96,3,3
10164,118,113,5,5
10165,137,127,10,10
10166,98,103,-5,5
10167,71,75,-4,4
10168,83,88,-5,5
10169,132,137,-5,5
10170,69,75,-6,6
10171,119,115,4,4
10172,101,109,-8,8
10173,92,97,-5,5
10174,74,76,-2,2
10175,95,98,-3,3
10176,67,76,-9,9
10177,50,65,-15,15
10178,106,100,6,6
10179,102,97,5,5
10180,359,237,122,122
10181,58,69,-11,11
10182,94,92,2,2
10183,90,85,5,5
10184,88,87,1,1
10185,105,95,10,10
10186,75,80,-5,5
10187,89,91,-2,2
10188,86,87,-1,1
10189,133,124,9,9
10190,35,52,-17,17
10191,88,85,3,3
10192,177,153,24,24
10193,100,98,2,2
10194,65,70,-5,5
10195,104,100,4,4
10196,67,69,-2,2
10197,86,88,-2,2
10198,123,112,11,11
10199,108,103,5,5
10200,84,86,-2,2
10201,54,69,-15,15
10202,95,95,0,0
10203,86,86,0,0
10204,70,86,-16,16
10205,84,82,2,2
10206,107,105,2,2
10207,45,59,-14,14
10208,85,92,-7,7
10209,79,84,-5,5
10210,125,121,4,4
10211,92,92,0,0
10212,74,81,-7,7
10213,139,137,2,2
10214,84,85,-1,1
10215,103,117,-14,14
10216,60,77,-17,17
10217,78,86,-8,8
10218,69,62,7,7
10219,131,127,4,4
10220,102,97,5,5
10221,69,76,-7,7
10222,58,69,-11,11
10223,43,57,-14,14
10224,29,45,-16,16
10225,86,92,-6,6
10226,114,114,0,0
10227,38,58,-20,20
10228,113,121,-8,8
10229,74,89,-15,15
10230,67,74,-7,7
10231,221,203,18,18
10232,103,98,5,5
10233,224,203,21,21
10234,82,98,-16,16
10235,104,100,4,4
10236,115,106,9,9
10237,70,90,-20,20
10238,92,93,-1,1
10239,118,113,5,5
10240,159,136,23,23
10241,124,110,14,14
10242,165,133,32,32
10243,118,121,-3,3
10244,79,77,2,2
10245,113,107,6,6
10246,61,70,-9,9
10247,112,110,2,2
10248,68,73,-5,5
10249,71,80,-9,9
10250,127,119,8,8
10251,82,85,-3,3
10252,63,71,-8,8
10253,189,185,4,4
10254,73,84,-11,11
10255,76,75,1,1
10256,99,105,-6,6
10257,131,126,5,5
10258,88,93,-5,5
10259,61,72,-11,11
10260,135,126,9,9
10261,52,65,-13,13
10262,114,113,1,1
10263,82,85,-3,3
10264,106,104,2,2
10265,102,114,-12,12
10266,105,115,-10,10
10267,77,86,-9,9
10268,66,71,-5,5
10269,129,119,10,10
10270,73,80,-7,7
10271,77,82,-5,5
10272,70,75,-5,5
10273,40,52,-12,12
10274,55,73,-18,18
10275,130,131,-1,1
10276,168,148,20,20
10277,76,72,4,4
10278,136,127,9,9
10279,104,111,-7,7
10280,52,66,-14,14
10281,151,136,15,15
10282,74,79,-5,5
10283,60,75,-15,15
10284,90,90,0,0
10285,81,82,-1,1
10286,118,118,0,0
10287,96,96,0,0
10288,96,94,2,2
10289,151,143,8,8
10290,125,118,7,7
10291,73,75,-2,2
10292,107,103,4,4
10293,113,113,0,0
10294,118,123,-5,5
10295,71,84,-13,13
10296,68,75,-7,7
10297,65,75,-10,10
10298,48,63,-15,15
10299,73,81,-8,8
10300,86,109,-23,23
10301,45,57,-12,12
10302,87,89,-2,2
10303,113,107,6,6
10304,137,129,8,8
10305,114,116,-2,2
10306,61,71,-10,10
10307,106,95,11,11
10308,128,126,2,2
10309,111,113,-2,2
10310,100,98,2,2
10311,100,97,3,3
10312,133,136,-3,3
10313,96,96,0,0
10314,133,129,4,4
10315,130,126,4,4
10316,78,84,-6,6
10317,130,113,17,17
10318,110,119,-9,9
10319,75,86,-11,11
10320,144,139,5,5
10321,81,91,-10,10
10322,63,75,-12,12
10323,122,121,1,1
10324,119,124,-5,5
10325,99,101,-2,2
10326,111,108,3,3
10327,143,122,21,21
10328,104,117,-13,13
10329,93,91,2,2
10330,72,84,-12,12
10331,79,87,-8,8
10332,128,127,1,1
10333,99,98,1,1
10334,76,87,-11,11
10335,100,102,-2,2
10336,70,76,-6,6
10337,148,146,2,2
10338,68,73,-5,5
10339,100,111,-11,11
10340,74,91,-17,17
10341,86,87,-1,1
10342,93,89,4,4
10343,138,120,18,18
10344,149,154,-5,5
10345,65,68,-3,3
10346,89,94,-5,5
10347,117,89,28,28
10348,98,90,8,8
10349,127,123,4,4
10350,106,100,6,6
10351,68,71,-3,3
10352,160,136,24,24
10353,83,93,-10,10
10354,129,113,16,16
10355,117,103,14,14
10356,74,86,-12,12
10357,101,99,2,2
10358,113,112,1,1
10359,121,114,7,7
10360,122,124,-2,2
10361,117,112,5,5
10362,131,131,0,0
10363,68,70,-2,2
10364,86,97,-11,11
10365,97,94,3,3
10366,125,119,6,6
10367,65,77,-12,12
10368,49,56,-7,7
10369,81,85,-4,4
10370,103,104,-1,1
10371,110,103,7,7
10372,86,92,-6,6
10373,103,100,3,3
10374,103,104,-1,1
10375,59,67,-8,8
10376,119,107,12,12
10377,40,49,-9,9
10378,102,104,-2,2
10379,120,112,8,8
10380,103,104,-1,1
10381,101,98,3,3
10382,106,103,3,3
10383,110,110,0,0
10384,82,81,1,1
10385,88,87,1,1
10386,174,164,10,10
10387,99,94,5,5
10388,66,74,-8,8
10389,105,108,-3,3
10390,59,68,-9,9
10391,128,113,15,15
10392,53,70,-17,17
10393,123,126,-3,3
10394,88,91,-3,3
10395,80,84,-4,4
10396,72,87,-15,15
10397,73,82,-9,9
10398,60,68,-8,8
10399,88,90,-2,2
10400,82,84,-2,2
10401,156,140,16,16
10402,163,138,25,25
10403,73,75,-2,2
10404,105,95,10,10
10405,137,121,16,16
10406,74,80,-6,6
10407,85,83,2,2
10408,71,80,-9,9
10409,56,70,-14,14
10410,95,94,1,1
10411,48,58,-10,10
10412,113,114,-1,1
10413,96,96,0,0
10414,111,107,4,4
10415,80,114,-34,34
10416,44,57,-13,13
10417,73,76,-3,3
10418,132,111,21,21
10419,100,91,9,9
10420,126,119,7,7
10421,77,88,-11,11
10422,81,94,-13,13
10423,68,70,-2,2
10424,73,94,-21,21
10425,100,102,-2,2
10426,98,89,9,9
10427,60,66,-6,6
10428,110,107,3,3
10429,102,100,2,2
10430,75,79,-4,4
10431,138,136,2,2
10432,81,81,0,0
10433,108,113,-5,5
10434,148,134,14,14
10435,59,65,-6,6
10436,88,95,-7,7
10437,104,90,14,14
10438,72,72,0,0
10439,82,88,-6,6
10440,93,94,-1,1
10441,93,89,4,4
10442,160,150,10,10
10443,129,125,4,4
10444,113,115,-2,2
10445,116,99,17,17
10446,119,118,1,1
10447,86,86,0,0
10448,44,52,-8,8
10449,76,75,1,1
10450,61,74,-13,13
10451,80,92,-12,12
10452,99,91,8,8
10453,87,100,-13,13
10454,117,114,3,3
10455,50,76,-26,26
10456,150,135,15,15
10457,123,110,13,13
10458,100,85,15,15
10459,147,136,11,11
10460,185,177,8,8
10461,59,66,-7,7
10462,81,79,2,2
10463,61,79,-18,18
10464,126,119,7,7
10465,82,86,-4,4
10466,100,98,2,2
10467,81,81,0,0
10468,39,52,-13,13
10469,77,79,-2,2
10470,51,61,-10,10
10471,98,105,-7,7
10472,133,139,-6,6
10473,80,84,-4,4
10474,151,126,25,25
10475,88,83,5,5
10476,55,63,-8,8
10477,72,82,-10,10
10478,75,87,-12,12
10479,77,77,0,0
10480,81,77,4,4
10481,144,138,6,6
10482,121,103,18,18
10483,57,66,-9,9
10484,69,77,-8,8
10485,99,100,-1,1
10486,64,78,-14,14
10487,130,112,18,18
10488,106,106,0,0
10489,72,79,-7,7
10490,67,79,-12,12
10491,68,73,-5,5
10492,79,89,-10,10
10493,81,86,-5,5
10494,69,76,-7,7
10495,67,73,-6,6
10496,73,78,-5,5
10497,39,55,-16,16
10498,112,121,-9,9
10499,71,79,-8,8
10500,132,120,12,12
10501,133,132,1,1
10502,95,95,0,0
10503,112,105,7,7
10504,112,99,13,13
10505,99,114,-15,15
10506,71,82,-11,11
10507,127,136,-9,9
10508,89,96,-7,7
10509,87,88,-1,1
10510,124,116,8,8
10511,66,75,-9,9
10512,92,97,-5,5
10513,80,80,0,0
10514,94,96,-2,2
10515,146,145,1,1
10516,139,134,5,5
10517,136,127,9,9
10518,63,69,-6,6
10519,54,66,-12,12
10520,171,153,18,18
10521,91,88,3,3
10522,170,148,22,22
10523,147,131,16,16
10524,70,74,-4,4
10525,140,138,2,2
10526,117,117,0,0
10527,72,76,-4,4
10528,132,123,9,9
10529,63,72,-9,9
10530,102,107,-5,5
10531,81,88,-7,7
10532,90,92,-2,2
10533,87,94,-7,7
10534,127,120,7,7
10535,56,68,-12,12
10536,44,56,-12,12
10537,122,117,5,5
10538,111,106,5,5
10539,66,76,-10,10
10540,110,114,-4,4
10541,101,101,0,0
10542,119,122,-3,3
10543,75,87,-12,12
10544,65,70,-5,5
10545,55,67,-12,12
10546,76,86,-10,10
10547,70,78,-8,8
10548,157,174,-17,17
10549,27,33,-6,6
10550,83,82,1,1
10551,125,119,6,6
10552,95,101,-6,6
10553,86,82,4,4
10554,116,116,0,0
10555,66,72,-6,6
10556,144,155,-11,11
10557,96,102,-6,6
10558,94,97,-3,3
10559,37,53,-16,16
10560,195,169,26,26
10561,108,106,2,2
10562,130,128,2,2
10563,78,84,-6,6
10564,57,70,-13,13
10565,72,73,-1,1
10566,57,76,-19,19
10567,90,102,-12,12
10568,67,65,2,2
10569,157,151,6,6
10570,57,69,-12,12
10571,94,96,-2,2
10572,69,80,-11,11
10573,86,89,-3,3
10574,58,67,-9,9
10575,105,103,2,2
10576,74,78,-4,4
10577,116,115,1,1
10578,78,79,-1,1
10579,115,108,7,7
10580,64,71,-7,7
10581,127,118,9,9
10582,77,81,-4,4
10583,99,94,5,5
10584,68,78,-10,10
10585,101,113,-12,12
10586,88,86,2,2
10587,121,118,3,3
10588,100,101,-1,1
10589,87,77,10,10
10590,80,78,2,2
10591,43,58,-15,15
10592,103,110,-7,7
10593,149,131,18,18
10594,67,80,-13,13
10595,110,110,0,0
10596,127,114,13,13
10597,55,65,-10,10
10598,133,123,10,10
10599,82,86,-4,4
10600,45,53,-8,8
10601,59,66,-7,7
10602,120,116,4,4
10603,103,109,-6,6
10604,145,140,5,5
10605,119,121,-2,2
10606,75,86,-11,11
10607,74,77,-3,3
10608,109,110,-1,1
10609,148,139,9,9
10610,80,84,-4,4
10611,68,73,-5,5
10612,116,118,-2,2
10613,114,105,9,9
10614,100,102,-2,2
10615,72,80,-8,8
10616,119,130,-11,11
10617,96,91,5,5
10618,58,69,-11,11
10619,132,134,-2,2
10620,169,159,10,10
10621,70,76,-6,6
10622,90,89,1,1
10623,93,93,0,0
10624,107,121,-14,14
10625,124,115,9,9
10626,43,57,-14,14
10627,102,99,3,3
10628,107,106,1,1
10629,61,72,-11,11
10630,62,73,-11,11
10631,72,75,-3,3
10632,129,121,8,8
10633,74,77,-3,3
10634,81,84,-3,3
10635,107,99,8,8
10636,79,81,-2,2
10637,43,48,-5,5
10638,72,79,-7,7
10639,102,90,12,12
10640,93,89,4,4
10641,90,92,-2,2
10642,66,67,-1,1
10643,125,119,6,6
10644,73,77,-4,4
10645,78,79,-1,1
10646,49,62,-13,13
10647,81,78,3,3
10648,74,82,-8,8
10649,78,80,-2,2
10650,82,85,-3,3
10651,92,110,-18,18
10652,110,90,20,20
10653,96,94,2,2
10654,83,92,-9,9
10655,143,136,7,7
10656,88,82,6,6
10657,111,108,3,3
10658,54,63,-9,9
10659,66,75,-9,9
10660,68,84,-16,16
10661,57,70,-13,13
10662,169,139,30,30
10663,63,78,-15,15
10664,131,138,-7,7
10665,102,101,1,1
10666,47,57,-10,10
10667,58,69,-11,11
10668,127,120,7,7
10669,100,97,3,3
10670,109,112,-3,3
10671,109,104,5,5
10672,92,93,-1,1
10673,93,93,0,0
10674,64,72,-8,8
10675,95,98,-3,3
10676,97,93,4,4
10677,87,93,-6,6
10678,65,75,-10,10
10679,84,86,-2,2
10680,140,118,22,22
10681,88,87,1,1
10682,56,63,-7,7
10683,131,124,7,7
10684,107,103,4,4
10685,93,90,3,3
10686,125,118,7,7
10687,204,181,23,23
10688,128,119,9,9
10689,80,82,-2,2
10690,161,172,-11,11
10691,114,109,5,5
10692,96,83,13,13
10693,79,84,-5,5
10694,60,68,-8,8
10695,176,158,18,18
10696,41,54,-13,13
10697,50,62,-12,12
10698,45,56,-11,11
10699,168,136,32,32
10700,65,74,-9,9
10701,57,59,-2,2
10702,98,99,-1,1
10703,77,81,-4,4
10704,84,84,0,0
10705,76,83,-7,7
10706,75,89,-14,14
10707,93,97,-4,4
10708,71,103,-32,32
10709,87,85,2,2
10710,65,74,-9,9
10711,130,119,11,11
10712,74,72,2,2
10713,34,51,-17,17
10714,129,110,19,19
10715,114,118,-4,4
10716,70,73,-3,3
10717,50,67,-17,17
10718,93,89,4,4
10719,55,62,-7,7
10720,94,86,8,8
10721,46,51,-5,5
10722,50,59,-9,9
10723,104,97,7,7
10724,118,117,1,1
10725,102,100,2,2
10726,84,89,-5,5
10727,165,165,0,0
10728,97,98,-1,1
10729,92,95,-3,3
10730,89,79,10,10
10731,76,84,-8,8
10732,75,94,-19,19
10733,142,136,6,6
10734,96,97,-1,1
10735,145,142,3,3
10736,87,92,-5,5
10737,64,69,-5,5
10738,48,67,-19,19
10739,94,92,2,2
10740,69,72,-3,3
10741,66,69,-3,3
10742,131,119,12,12
10743,98,95,3,3
10744,94,98,-4,4
10745,65,73,-8,8
10746,89,95,-6,6
10747,128,119,9,9
10748,144,137,7,7
10749,53,69,-16,16
10750,108,111,-3,3
10751,29,51,-22,22
10752,58,65,-7,7
10753,94,102,-8,8
10754,74,77,-3,3
10755,133,127,6,6
10756,75,79,-4,4
10757,87,85,2,2
10758,133,127,6,6
10759,74,74,0,0
10760,80,82,-2,2
10761,52,63,-11,11
10762,116,113,3,3
10763,158,147,11,11
10764,224,193,31,31
10765,97,98,-1,1
10766,128,120,8,8
10767,102,101,1,1
10768,114,103,11,11
10769,41,55,-14,14
10770,86,88,-2,2
10771,42,58,-16,16
10772,111,106,5,5
10773,142,139,3,3
10774,68,77,-9,9
10775,65,75,-10,10
10776,116,119,-3,3
10777,91,89,2,2
10778,157,145,12,12
10779,140,132,8,8
10780,126,117,9,9
10781,77,79,-2,2
10782,86,92,-6,6
10783,102,105,-3,3
10784,95,93,2,2
10785,64,71,-7,7
10786,103,106,-3,3
10787,55,70,-15,15
10788,77,85,-8,8
10789,160,143,17,17
10790,58,69,-11,11
10791,191,181,10,10
10792,121,122,-1,1
10793,77,75,2,2
10794,161,145,16,16
10795,65,71,-6,6
10796,80,96,-16,16
10797,77,85,-8,8
10798,67,81,-14,14
10799,51,62,-11,11
10800,76,80,-4,4
10801,155,137,18,18
10802,96,89,7,7
10803,65,71,-6,6
10804,98,95,3,3
10805,101,99,2,2
10806,49,56,-7,7
10807,112,108,4,4
10808,81,72,9,9
10809,49,61,-12,12
10810,65,71,-6,6
10811,90,88,2,2
10812,126,114,12,12
10813,48,59,-11,11
10814,120,120,0,0
10815,55,65,-10,10
10816,75,91,-16,16
10817,83,98,-15,15
10818,135,122,13,13
10819,131,126,5,5
10820,117,121,-4,4
10821,88,85,3,3
10822,92,94,-2,2
10823,90,101,-11,11
10824,98,102,-4,4
10825,101,97,4,4
10826,138,135,3,3
10827,84,92,-8,8
10828,104,105,-1,1
10829,98,111,-13,13
10830,87,93,-6,6
10831,102,105,-3,3
10832,81,87,-6,6
10833,75,81,-6,6
10834,145,130,15,15
10835,114,109,5,5
10836,63,72,-9,9
10837,51,62,-11,11
10838,109,107,2,2
10839,69,74,-5,5
10840,87,99,-12,12
10841,72,73,-1,1
10842,114,113,1,1
10843,96,86,10,10
10844,140,143,-3,3
10845,171,156,15,15
10846,97,99,-2,2
10847,77,82,-5,5
10848,125,104,21,21
10849,75,80,-5,5
10850,98,103,-5,5
10851,118,116,2,2
10852,120,113,7,7
10853,69,75,-6,6
10854,57,66,-9,9
10855,129,117,12,12
10856,127,120,7,7
10857,81,87,-6,6
10858,102,103,-1,1
10859,154,139,15,15
10860,116,109,7,7
10861,47,57,-10,10
10862,124,118,6,6
10863,124,115,9,9
10864,138,125,13,13
10865,82,88,-6,6
10866,120,110,10,10
10867,114,103,11,11
10868,90,94,-4,4
10869,88,86,2,2
10870,53,63,-10,10
10871,84,83,1,1
10872,80,84,-4,4
10873,147,134,13,13
10874,79,91,-12,12
10875,115,107,8,8
10876,80,84,-4,4
10877,117,112,5,5
10878,123,118,5,5
10879,54,69,-15,15
10880,93,92,1,1
10881,145,136,9,9
10882,128,130,-2,2
10883,73,79,-6,6
10884,51,59,-8,8
10885,65,72,-7,7
10886,102,111,-9,9
10887,95,103,-8,8
10888,58,66,-8,8
10889,49,68,-19,19
10890,113,111,2,2
10891,121,121,0,0
10892,148,140,8,8
10893,139,137,2,2
10894,96,109,-13,13
10895,143,131,12,12
10896,92,99,-7,7
10897,78,80,-2,2
10898,11,30,-19,19
10899,66,76,-10,10
10900,79,81,-2,2
10901,70,76,-6,6
10902,67,76,-9,9
10903,77,81,-4,4
10904,144,137,7,7
10905,84,89,-5,5
10906,50,58,-8,8
10907,79,79,0,0
10908,90,100,-10,10
10909,62,64,-2,2
10910,134,141,-7,7
10911,110,104,6,6
10912,78,103,-25,25
10913,142,123,19,19
10914,79,86,-7,7
10915,143,134,9,9
10916,80,89,-9,9
10917,37,48,-11,11
10918,70,72,-2,2
10919,96,101,-5,5
10920,135,137,-2,2
10921,76,79,-3,3
10922,181,163,18,18
10923,105,109,-4,4
10924,49,58,-9,9
10925,65,78,-13,13
10926,139,128,11,11
10927,38,52,-14,14
10928,83,81,2,2
10929,56,69,-13,13
10930,120,105,15,15
10931,109,110,-1,1
10932,160,147,13,13
10933,117,127,-10,10
10934,92,99,-7,7
10935,99,98,1,1
10936,114,112,2,2
10937,70,69,1,1
10938,93,98,-5,5
10939,112,103,9,9
10940,118,108,10,10
10941,72,73,-1,1
10942,51,66,-15,15
10943,119,103,16,16
10944,85,85,0,0
10945,101,113,-12,12
10946,78,86,-8,8
10947,75,80,-5,5
10948,69,83,-14,14
10949,120,115,5,5
10950,72,76,-4,4
10951,64,83,-19,19
10952,80,82,-2,2
10953,80,92,-12,12
10954,75,78,-3,3
10955,76,79,-3,3
10956,157,137,20,20
10957,80,99,-19,19
10958,117,115,2,2
10959,103,95,8,8
10960,129,111,18,18
10961,139,131,8,8
10962,98,96,2,2
10963,87,86,1,1
10964,165,141,24,24
10965,73,82,-9,9
10966,137,131,6,6
10967,150,149,1,1
10968,74,86,-12,12
10969,157,143,14,14
10970,82,98,-16,16
10971,74,75,-1,1
10972,37,55,-18,18
10973,95,96,-1,1
10974,104,100,4,4
10975,124,123,1,1
10976,37,54,-17,17
10977,80,104,-24,24
10978,80,94,-14,14
10979,88,87,1,1
10980,147,122,25,25
10981,65,78,-13,13
10982,101,101,0,0
10983,93,94,-1,1
10984,71,78,-7,7
10985,64,66,-2,2
10986,71,79,-8,8
10987,60,74,-14,14
10988,64,84,-20,20
10989,55,64,-9,9
10990,48,79,-31,31
10991,141,127,14,14
10992,95,95,0,0
10993,58,69,-11,11
10994,95,94,1,1
10995,71,80,-9,9
10996,89,90,-1,1
10997,125,120,5,5
10998,170,167,3,3
10999,153,148,5,5
11000,84,89,-5,5
11001,137,133,4,4
11002,81,80,1,1
11003,77,94,-17,17
11004,75,85,-10,10
11005,110,109,1,1
11006,53,62,-9,9
11007,92,90,2,2
11008,105,116,-11,11
11009,55,68,-13,13
11010,85,100,-15,15
11011,141,125,16,16
11012,126,127,-1,1
11013,82,84,-2,2
11014,124,118,6,6
11015,76,94,-18,18
11016,126,109,17,17
11017,56,68,-12,12
11018,65,72,-7,7
11019,91,100,-9,9
11020,65,75,-10,10
11021,84,90,-6,6
11022,95,98,-3,3
11023,109,98,11,11
11024,74,76,-2,2
11025,60,65,-5,5
11026,65,67,-2,2
11027,77,81,-4,4
11028,79,82,-3,3
11029,65,69,-4,4
11030,110,109,1,1
11031,116,125,-9,9
11032,67,75,-8,8
11033,83,86,-3,3
11034,120,112,8,8
11035,157,126,31,31
11036,123,119,4,4
11037,80,83,-3,3
11038,99,107,-8,8
11039,88,85,3,3
11040,67,85,-18,18
11041,134,128,6,6
11042,76,78,-2,2
11043,96,106,-10,10
11044,83,92,-9,9
11045,57,68,-11,11
11046,93,93,0,0
11047,60,68,-8,8
11048,85,87,-2,2
11049,62,78,-16,16
11050,110,111,-1,1
11051,108,109,-1,1
11052,66,72,-6,6
11053,67,85,-18,18
11054,71,72,-1,1
11055,79,82,-3,3
11056,145,144,1,1
11057,62,77,-15,15
11058,60,74,-14,14
11059,126,123,3,3
11060,120,120,0,0
11061,67,74,-7,7
11062,96,98,-2,2
11063,54,61,-7,7
11064,66,68,-2,2
11065,101,101,0,0
11066,83,81,2,2
11067,120,110,10,10
11068,186,172,14,14
11069,72,78,-6,6
11070,91,95,-4,4
11071,158,142,16,16
11072,67,76,-9,9
11073,118,101,17,17
11074,63,67,-4,4
11075,105,102,3,3
11076,124,112,12,12
11077,108,93,15,15
11078,121,110,11,11
11079,39,46,-7,7
11080,90,95,-5,5
11081,218,212,6,6
11082,71,84,-13,13
11083,81,91,-10,10
11084,61,64,-3,3
11085,86,83,3,3
11086,59,67,-8,8
11087,168,163,5,5
11088,86,96,-10,10
11089,104,109,-5,5
11090,89,93,-4,4
11091,80,83,-3,3
11092,81,82,-1,1
11093,87,84,3,3
11094,119,107,12,12
11095,136,123,13,13
11096,113,103,10,10
11097,68,82,-14,14
11098,86,80,6,6
11099,103,102,1,1
11100,72,84,-12,12
11101,142,141,1,1
11102,172,179,-7,7
11103,166,157,9,9
11104,96,107,-11,11
11105,106,110,-4,4
11106,125,119,6,6
11107,125,118,7,7
11108,75,102,-27,27
11109,94,89,5,5
11110,103,104,-1,1
11111,58,63,-5,5
11112,81,80,1,1
11113,133,119,14,14
11114,122,119,3,3
11115,99,105,-6,6
11116,67,74,-7,7
11117,126,120,6,6
11118,91,90,1,1
11119,73,81,-8,8
11120,89,95,-6,6
11121,124,136,-12,12
11122,68,64,4,4
11123,126,120,6,6
11124,76,83,-7,7
11125,167,144,23,23
11126,36,49,-13,13
11127,137,128,9,9
11128,93,94,-1,1
11129,115,111,4,4
11130,125,118,7,7
11131,79,82,-3,3
11132,59,68,-9,9
11133,90,93,-3,3
11134,73,79,-6,6
11135,74,76,-2,2
11136,111,105,6,6
11137,129,122,7,7
11138,80,85,-5,5
11139,97,95,2,2
11140,83,85,-2,2
11141,129,121,8,8
11142,120,117,3,3
11143,93,90,3,3
11144,95,106,-11,11
11145,101,98,3,3
11146,93,96,-3,3
11147,112,123,-11,11
11148,103,103,0,0
11149,60,70,-10,10
11150,95,108,-13,13
11151,62,67,-5,5
11152,69,77,-8,8
11153,83,99,-16,16
11154,53,58,-5,5
11155,98,92,6,6
11156,101,109,-8,8
11157,73,88,-15,15
11158,94,104,-10,10
11159,55,64,-9,9
11160,93,111,-18,18
11161,70,78,-8,8
11162,102,108,-6,6
11163,75,76,-1,1
11164,77,74,3,3
11165,96,95,1,1
11166,93,102,-9,9
11167,78,87,-9,9
11168,155,139,16,16
11169,94,96,-2,2
11170,66,73,-7,7
11171,71,89,-18,18
11172,96,95,1,1
11173,143,136,7,7
11174,60,68,-8,8
11175,79,88,-9,9
11176,93,92,1,1
11177,126,121,5,5
11178,128,119,9,9
11179,103,96,7,7
11180,95,94,1,1
11181,86,100,-14,14
11182,95,93,2,2
11183,68,72,-4,4
11184,102,106,-4,4
11185,74,80,-6,6
11186,94,119,-25,25
11187,83,73,10,10
11188,107,104,3,3
11189,65,68,-3,3
11190,66,78,-12,12
11191,113,112,1,1
11192,164,143,21,21
11193,60,71,-11,11
11194,139,145,-6,6
11195,96,101,-5,5
11196,87,79,8,8
11197,113,109,4,4
11198,180,167,13,13
11199,106,101,5,5
11200,73,80,-7,7
11201,121,121,0,0
11202,125,120,5,5
11203,62,72,-10,10
11204,56,64,-8,8
11205,81,85,-4,4
11206,103,98,5,5
11207,107,102,5,5
11208,70,71,-1,1
11209,107,99,8,8
11210,167,193,-26,26
11211,72,66,6,6
11212,123,112,11,11
11213,178,180,-2,2
11214,142,144,-2,2
11215,138,122,16,16
11216,148,127,21,21
11217,141,137,4,4
11218,119,125,-6,6
11219,67,74,-7,7
11220,126,136,-10,10
11221,35,71,-36,36
11222,86,92,-6,6
11223,82,96,-14,14
11224,135,157,-22,22
11225,111,104,7,7
11226,145,139,6,6
11227,99,84,15,15
11228,69,80,-11,11
11229,81,96,-15,15
11230,58,66,-8,8
11231,58,74,-16,16
11232,141,119,22,22
11233,75,78,-3,3
11234,108,116,-8,8
11235,128,132,-4,4
11236,87,103,-16,16
11237,90,97,-7,7
11238,133,128,5,5
11239,73,76,-3,3
11240,63,70,-7,7
11241,73,80,-7,7
11242,136,139,-3,3
11243,105,98,7,7
11244,60,71,-11,11
11245,102,98,4,4
11246,100,99,1,1
11247,57,67,-10,10
11248,71,79,-8,8
11249,76,79,-3,3
11250,58,68,-10,10
11251,204,183,21,21
11252,96,95,1,1
11253,113,103,10,10
11254,114,99,15,15
11255,138,128,10,10
11256,79,90,-11,11
11257,142,127,15,15
11258,109,103,6,6
11259,141,134,7,7
11260,73,78,-5,5
11261,89,80,9,9
11262,85,92,-7,7
11263,159,139,20,20
11264,107,103,4,4
11265,68,81,-13,13
11266,79,86,-7,7
11267,109,108,1,1
11268,78,77,1,1
11269,61,73,-12,12
11270,102,104,-2,2
11271,140,137,3,3
11272,156,144,12,12
11273,155,146,9,9
11274,118,106,12,12
11275,85,83,2,2
11276,162,144,18,18
11277,105,106,-1,1
11278,100,101,-1,1
11279,102,94,8,8
11280,130,119,11,11
11281,55,66,-11,11
11282,69,83,-14,14
11283,89,86,3,3
11284,39,59,-20,20
11285,139,129,10,10
11286,94,96,-2,2
11287,79,77,2,2
11288,171,155,16,16
11289,139,128,11,11
11290,85,93,-8,8
11291,86,90,-4,4
11292,114,106,8,8
11293,134,122,12,12
11294,51,61,-10,10
11295,47,62,-15,15
11296,56,69,-13,13
11297,72,78,-6,6
11298,96,102,-6,6
11299,143,140,3,3
11300,115,99,16,16
11301,99,107,-8,8
11302,91,101,-10,10
11303,85,89,-4,4
11304,151,129,22,22
11305,42,61,-19,19
11306,125,119,6,6
11307,41,75,-34,34
11308,137,114,23,23
11309,100,95,5,5
11310,143,122,21,21
11311,174,165,9,9
11312,81,81,0,0
11313,106,102,4,4
11314,150,132,18,18
11315,66,76,-10,10
11316,119,115,4,4
11317,133,115,18,18
11318,58,70,-12,12
11319,90,95,-5,5
11320,111,108,3,3
11321,157,139,18,18
11322,106,104,2,2
11323,121,114,7,7
11324,61,71,-10,10
11325,111,108,3,3
11326,88,92,-4,4
11327,81,87,-6,6
11328,93,94,-1,1
11329,77,81,-4,4
11330,163,137,26,26
11331,104,104,0,0
11332,76,75,1,1
11333,52,63,-11,11
11334,87,97,-10,10
11335,104,101,3,3
11336,62,66,-4,4
11337,112,116,-4,4
11338,76,85,-9,9
11339,129,123,6,6
11340,106,115,-9,9
11341,63,72,-9,9
11342,87,94,-7,7
11343,106,109,-3,3
11344,86,81,5,5
11345,88,91,-3,3
11346,89,93,-4,4
11347,71,80,-9,9
11348,116,107,9,9
11349,55,66,-11,11
11350,83,94,-11,11
11351,64,73,-9,9
11352,71,74,-3,3
11353,128,118,10,10
11354,57,67,-10,10
11355,127,124,3,3
11356,47,55,-8,8
11357,94,91,3,3
11358,60,65,-5,5
11359,60,74,-14,14
11360,55,69,-14,14
11361,97,101,-4,4
11362,82,87,-5,5
11363,109,105,4,4
11364,111,104,7,7
11365,61,69,-8,8
11366,70,78,-8,8
11367,79,81,-2,2
11368,107,106,1,1
11369,89,89,0,0
11370,60,67,-7,7
11371,147,141,6,6
11372,83,86,-3,3
11373,104,101,3,3
11374,134,135,-1,1
11375,88,92,-4,4
11376,35,51,-16,16
11377,117,126,-9,9
11378,78,82,-4,4
11379,149,134,15,15
11380,85,89,-4,4
11381,97,98,-1,1
11382,115,120,-5,5
11383,109,97,12,12
11384,81,83,-2,2
11385,81,94,-13,13
11386,93,101,-8,8
11387,123,127,-4,4
11388,95,96,-1,1
11389,102,96,6,6
11390,57,64,-7,7
11391,179,174,5,5
11392,126,124,2,2
11393,62,70,-8,8
11394,65,79,-14,14
11395,109,103,6,6
11396,74,80,-6,6
11397,113,112,1,1
11398,121,115,6,6
11399,114,114,0,0
11400,63,70,-7,7
11401,103,103,0,0
11402,80,79,1,1
11403,45,81,-36,36
11404,93,95,-2,2
11405,121,114,7,7
11406,166,160,6,6
11407,63,81,-18,18
11408,66,68,-2,2
11409,55,80,-25,25
11410,116,118,-2,2
11411,96,95,1,1
11412,76,79,-3,3
11413,54,69,-15,15
11414,108,106,2,2
11415,51,62,-11,11
11416,109,105,4,4
11417,75,79,-4,4
11418,86,95,-9,9
11419,82,94,-12,12
11420,36,53,-17,17
11421,64,78,-14,14
11422,119,106,13,13
11423,53,69,-16,16
11424,73,79,-6,6
11425,58,64,-6,6
11426,41,55,-14,14
11427,58,71,-13,13
11428,118,118,0,0
11429,134,122,12,12
11430,75,82,-7,7
11431,50,63,-13,13
11432,98,101,-3,3
11433,33,47,-14,14
11434,109,104,5,5
11435,79,87,-8,8
11436,60,67,-7,7
11437,100,104,-4,4
11438,85,81,4,4
11439,75,83,-8,8
11440,82,84,-2,2
11441,57,68,-11,11
11442,164,157,7,7
11443,157,143,14,14
11444,76,78,-2,2
11445,72,83,-11,11
11446,57,87,-30,30
11447,96,108,-12,12
11448,90,90,0,0
11449,100,100,0,0
11450,129,122,7,7
11451,91,91,0,0
11452,98,97,1,1
11453,102,99,3,3
11454,198,192,6,6
11455,78,80,-2,2
11456,60,69,-9,9
11457,173,162,11,11
11458,98,98,0,0
11459,72,76,-4,4
11460,90,120,-30,30
11461,170,153,17,17
11462,163,146,17,17
11463,77,84,-7,7
11464,66,75,-9,9
11465,67,66,1,1
11466,66,82,-16,16
11467,99,91,8,8
11468,86,86,0,0
11469,85,91,-6,6
11470,71,76,-5,5
11471,136,122,14,14
11472,86,84,2,2
11473,60,71,-11,11
11474,119,118,1,1
11475,132,130,2,2
11476,114,118,-4,4
11477,66,72,-6,6
11478,147,133,14,14
11479,90,93,-3,3
11480,112,109,3,3
11481,68,69,-1,1
11482,119,109,10,10
11483,121,115,6,6
11484,70,99,-29,29
11485,124,114,10,10
11486,47,61,-14,14
11487,70,84,-14,14
11488,80,79,1,1
11489,44,56,-12,12
11490,75,86,-11,11
11491,65,74,-9,9
11492,80,78,2,2
11493,95,99,-4,4
11494,124,116,8,8
11495,50,68,-18,18
11496,133,121,12,12
11497,77,83,-6,6
11498,105,107,-2,2
11499,70,75,-5,5
11500,86,90,-4,4
11501,97,89,8,8
11502,80,83,-3,3
11503,98,102,-4,4
11504,106,107,-1,1
11505,74,80,-6,6
11506,66,75,-9,9
11507,118,118,0,0
11508,110,102,8,8
11509,156,143,13,13
11510,67,72,-5,5
11511,170,136,34,34
11512,117,105,12,12
11513,101,99,2,2
11514,130,123,7,7
11515,93,102,-9,9
11516,105,100,5,5
11517,41,68,-27,27
11518,84,76,8,8
11519,59,66,-7,7
11520,141,131,10,10
11521,47,73,-26,26
11522,114,97,17,17
11523,137,125,12,12
11524,126,133,-7,7
11525,62,71,-9,9
11526,111,110,1,1
11527,74,79,-5,5
11528,81,82,-1,1
11529,160,148,12,12
11530,102,102,0,0
11531,91,87,4,4
11532,83,91,-8,8
11533,72,71,1,1
11534,68,79,-11,11
11535,126,112,14,14
11536,77,86,-9,9
11537,160,138,22,22
11538,106,107,-1,1
11539,81,87,-6,6
11540,170,138,32,32
11541,131,121,10,10
11542,50,71,-21,21
11543,115,108,7,7
11544,70,82,-12,12
11545,109,117,-8,8
11546,72,72,0,0
11547,74,83,-9,9
11548,67,76,-9,9
11549,81,79,2,2
11550,83,88,-5,5
11551,105,102,3,3
11552,95,102,-7,7
11553,133,120,13,13
11554,115,121,-6,6
11555,98,95,3,3
11556,55,51,4,4
11557,109,109,0,0
11558,50,67,-17,17
11559,145,131,14,14
11560,89,84,5,5
11561,85,90,-5,5
11562,85,91,-6,6
11563,65,88,-23,23
11564,86,92,-6,6
11565,105,94,11,11
11566,53,63,-10,10
11567,60,72,-12,12
11568,121,113,8,8
11569,52,71,-19,19
11570,53,66,-13,13
11571,164,155,9,9
11572,92,99,-7,7
11573,100,100,0,0
11574,111,106,5,5
11575,67,72,-5,5
11576,169,154,15,15
11577,86,86,0,0
11578,51,56,-5,5
11579,96,97,-1,1
11580,97,85,12,12
11581,82,77,5,5
11582,75,81,-6,6
11583,103,100,3,3
11584,91,89,2,2
11585,108,110,-2,2
11586,85,92,-7,7
11587,137,131,6,6
11588,88,94,-6,6
11589,167,151,16,16
11590,65,76,-11,11
11591,92,88,4,4
11592,98,92,6,6
11593,68,75,-7,7
11594,65,68,-3,3
11595,60,66,-6,6
11596,71,74,-3,3
11597,50,60,-10,10
11598,79,84,-5,5
11599,102,99,3,3
11600,85,83,2,2
11601,69,74,-5,5
11602,105,106,-1,1
11603,114,106,8,8
11604,77,82,-5,5
11605,70,70,0,0
11606,80,83,-3,3
11607,137,139,-2,2
11608,105,100,5,5
11609,83,95,-12,12
11610,95,96,-1,1
11611,70,84,-14,14
11612,183,167,16,16
11613,50,64,-14,14
11614,164,151,13,13
11615,125,116,9,9
11616,90,93,-3,3
11617,108,106,2,2
11618,150,140,10,10
11619,90,86,4,4
11620,73,78,-5,5
11621,86,96,-10,10
11622,91,101,-10,10
11623,108,108,0,0
11624,120,112,8,8
11625,127,108,19,19
11626,65,70,-5,5
11627,121,97,24,24
11628,80,79,1,1
11629,89,81,8,8
11630,81,80,1,1
11631,96,84,12,12
11632,119,115,4,4
11633,118,118,0,0
11634,128,126,2,2
11635,56,77,-21,21
11636,56,71,-15,15
11637,86,87,-1,1
11638,79,80,-1,1
11639,116,103,13,13
11640,69,77,-8,8
11641,111,96,15,15
11642,81,96,-15,15
11643,56,66,-10,10
11644,119,119,0,0
11645,82,80,2,2
11646,81,81,0,0
11647,136,119,17,17
11648,127,126,1,1
11649,108,115,-7,7
11650,129,124,5,5
11651,74,98,-24,24
11652,63,82,-19,19
11653,168,148,20,20
11654,100,104,-4,4
11655,66,76,-10,10
11656,70,84,-14,14
11657,101,100,1,1
11658,112,101,11,11
11659,102,94,8,8
11660,124,118,6,6
11661,82,86,-4,4
11662,94,98,-4,4
11663,70,83,-13,13
11664,72,81,-9,9
11665,67,73,-6,6
11666,117,124,-7,7
11667,47,55,-8,8
11668,110,101,9,9
11669,93,93,0,0
11670,64,70,-6,6
11671,134,130,4,4
11672,66,72,-6,6
11673,69,70,-1,1
11674,99,103,-4,4
11675,137,126,11,11
11676,58,69,-11,11
11677,85,83,2,2
11678,94,94,0,0
11679,104,103,1,1
11680,108,105,3,3
11681,89,86,3,3
11682,176,157,19,19
11683,88,93,-5,5
11684,46,61,-15,15
11685,94,97,-3,3
11686,162,152,10,10
11687,92,93,-1,1
11688,96,96,0,0
11689,124,121,3,3
11690,74,84,-10,10
11691,68,79,-11,11
11692,67,79,-12,12
11693,90,97,-7,7
11694,87,85,2,2
11695,86,84,2,2
11696,68,76,-8,8
11697,90,91,-1,1
11698,77,88,-11,11
11699,126,106,20,20
11700,126,118,8,8
11701,94,99,-5,5
11702,172,166,6,6
11703,63,95,-32,32
11704,101,97,4,4
11705,148,137,11,11
11706,87,95,-8,8
11707,127,116,11,11
11708,121,104,17,17
11709,142,140,2,2
11710,73,80,-7,7
11711,71,77,-6,6
11712,103,125,-22,22
11713,39,53,-14,14
11714,99,104,-5,5
11715,69,74,-5,5
11716,182,161,21,21
11717,138,155,-17,17
11718,142,132,10,10
11719,114,119,-5,5
11720,54,64,-10,10
11721,93,92,1,1
11722,110,102,8,8
11723,38,53,-15,15
11724,133,132,1,1
11725,143,124,19,19
11726,125,126,-1,1
11727,69,75,-6,6
11728,120,119,1,1
11729,121,128,-7,7
11730,71,74,-3,3
11731,97,97,0,0
11732,104,98,6,6
11733,97,96,1,1
11734,47,60,-13,13
11735,184,173,11,11
11736,110,119,-9,9
11737,67,72,-5,5
11738,106,106,0,0
11739,66,82,-16,16
11740,118,107,11,11
11741,81,85,-4,4
11742,83,89,-6,6
11743,64,79,-15,15
11744,70,68,2,2
11745,50,62,-12,12
11746,93,89,4,4
11747,157,136,21,21
11748,51,61,-10,10
11749,77,81,-4,4
11750,87,88,-1,1
11751,119,108,11,11
11752,115,108,7,7
11753,85,80,5,5
11754,63,84,-21,21
11755,91,97,-6,6
11756,67,71,-4,4
11757,64,78,-14,14
11758,127,131,-4,4
11759,67,75,-8,8
11760,71,78,-7,7
11761,96,93,3,3
11762,111,111,0,0
11763,62,70,-8,8
11764,77,76,1,1
11765,174,171,3,3
11766,138,123,15,15
11767,65,74,-9,9
11768,116,106,10,10
11769,47,60,-13,13
11770,119,113,6,6
11771,94,88,6,6
11772,122,119,3,3
11773,92,98,-6,6
11774,148,123,25,25
11775,67,79,-12,12
11776,101,104,-3,3
11777,86,89,-3,3
11778,53,58,-5,5
11779,77,85,-8,8
11780,126,116,10,10
11781,74,74,0,0
11782,91,94,-3,3
11783,81,88,-7,7
11784,43,57,-14,14
11785,114,109,5,5
11786,79,87,-8,8
11787,96,94,2,2
11788,106,97,9,9
11789,79,90,-11,11
11790,120,128,-8,8
11791,107,105,2,2
11792,98,99,-1,1
11793,47,55,-8,8
11794,76,84,-8,8
11795,85,87,-2,2
11796,67,81,-14,14
11797,79,80,-1,1
11798,90,103,-13,13
11799,84,83,1,1
11800,152,133,19,19
11801,152,134,18,18
11802,87,89,-2,2
11803,65,73,-8,8
11804,83,85,-2,2
11805,205,179,26,26
11806,151,144,7,7
11807,114,102,12,12
11808,83,88,-5,5
11809,66,80,-14,14
11810,66,76,-10,10
11811,105,102,3,3
11812,176,153,23,23
11813,166,155,11,11
11814,185,160,25,25
11815,108,107,1,1
11816,95,96,-1,1
11817,67,86,-19,19
11818,87,92,-5,5
11819,82,90,-8,8
11820,121,114,7,7
11821,71,82,-11,11
11822,62,73,-11,11
11823,113,96,17,17
11824,104,100,4,4
11825,68,77,-9,9
11826,93,100,-7,7
11827,74,74,0,0
11828,60,71,-11,11
11829,80,89,-9,9
11830,70,80,-10,10
11831,75,84,-9,9
11832,76,76,0,0
11833,75,78,-3,3
11834,80,77,3,3
11835,45,63,-18,18
11836,93,107,-14,14
11837,99,109,-10,10
11838,77,73,4,4
11839,89,87,2,2
11840,143,148,-5,5
11841,83,94,-11,11
11842,102,102,0,0
11843,122,122,0,0
11844,118,107,11,11
11845,132,112,20,20
11846,102,109,-7,7
11847,75,77,-2,2
11848,105,106,-1,1
11849,124,118,6,6
11850,75,79,-4,4
11851,47,63,-16,16
11852,130,127,3,3
11853,147,136,11,11
11854,134,123,11,11
11855,71,76,-5,5
11856,72,77,-5,5
11857,42,57,-15,15
11858,97,93,4,4
11859,99,106,-7,7
11860,147,148,-1,1
11861,127,122,5,5
11862,65,71,-6,6
11863,73,92,-19,19
11864,54,68,-14,14
11865,87,92,-5,5
11866,125,129,-4,4
11867,120,120,0,0
11868,75,79,-4,4
11869,101,104,-3,3
11870,139,132,7,7
11871,93,92,1,1
11872,85,92,-7,7
11873,162,144,18,18
11874,158,150,8,8
11875,234,191,43,43
11876,76,81,-5,5
11877,68,70,-2,2
11878,60,67,-7,7
11879,115,106,9,9
11880,92,94,-2,2
11881,99,88,11,11
11882,95,93,2,2
11883,69,86,-17,17
11884,53,67,-14,14
11885,100,97,3,3
11886,157,145,12,12
11887,103,99,4,4
11888,117,117,0,0
11889,100,98,2,2
11890,95,90,5,5
11891,146,128,18,18
11892,97,94,3,3
11893,49,59,-10,10
11894,83,88,-5,5
11895,89,85,4,4
11896,97,100,-3,3
11897,98,102,-4,4
11898,99,98,1,1
11899,52,68,-16,16
11900,92,96,-4,4
11901,128,129,-1,1
11902,60,67,-7,7
11903,47,59,-12,12
11904,106,99,7,7
11905,78,76,2,2
11906,143,145,-2,2
11907,90,89,1,1
11908,125,119,6,6
11909,80,92,-12,12
11910,114,108,6,6
11911,161,142,19,19
11912,120,115,5,5
11913,41,68,-27,27
11914,38,46,-8,8
11915,105,115,-10,10
11916,48,57,-9,9
11917,58,68,-10,10
11918,112,105,7,7
11919,59,68,-9,9
11920,76,83,-7,7
11921,118,114,4,4
11922,77,78,-1,1
11923,51,65,-14,14
11924,76,75,1,1
11925,56,67,-11,11
11926,40,56,-16,16
11927,69,75,-6,6
11928,77,81,-4,4
11929,91,94,-3,3
11930,149,141,8,8
11931,110,105,5,5
11932,115,119,-4,4
11933,117,113,4,4
11934,93,93,0,0
11935,31,45,-14,14
11936,111,123,-12,12
11937,79,89,-10,10
11938,72,79,-7,7
11939,44,57,-13,13
11940,89,92,-3,3
11941,51,63,-12,12
11942,186,180,6,6
11943,144,129,15,15
11944,98,94,4,4
11945,68,73,-5,5
11946,82,86,-4,4
11947,110,103,7,7
11948,101,84,17,17
11949,73,80,-7,7
11950,106,105,1,1
11951,50,59,-9,9
11952,128,121,7,7
11953,82,85,-3,3
11954,39,68,-29,29
11955,57,68,-11,11
11956,100,101,-1,1
11957,132,125,7,7
11958,58,69,-11,11
11959,65,69,-4,4
11960,46,59,-13,13
11961,90,91,-1,1
11962,132,124,8,8
11963,84,91,-7,7
11964,95,95,0,0
11965,152,145,7,7
11966,67,75,-8,8
11967,96,107,-11,11
11968,78,84,-6,6
11969,99,92,7,7
11970,71,83,-12,12
11971,116,107,9,9
11972,122,123,-1,1
11973,81,84,-3,3
11974,42,59,-17,17
11975,121,118,3,3
11976,144,136,8,8
11977,190,178,12,12
11978,132,124,8,8
11979,112,101,11,11
11980,106,92,14,14
11981,104,96,8,8
11982,79,81,-2,2
11983,81,87,-6,6
11984,92,109,-17,17
11985,55,67,-12,12
11986,85,84,1,1
11987,72,78,-6,6
11988,48,59,-11,11
11989,92,102,-10,10
11990,44,57,-13,13
11991,112,106,6,6
11992,118,113,5,5
11993,74,83,-9,9
11994,102,93,9,9
11995,93,101,-8,8
11996,113,105,8,8
11997,89,95,-6,6
11998,133,126,7,7
11999,45,58,-13,13
12000,53,63,-10,10
12001,139,131,8,8
12002,61,67,-6,6
12003,85,102,-17,17
12004,67,74,-7,7
12005,81,83,-2,2
12006,33,48,-15,15
12007,74,80,-6,6
12008,81,83,-2,2
12009,81,91,-10,10
12010,114,109,5,5
12011,158,156,2,2
12012,59,74,-15,15
12013,60,72,-12,12
12014,111,106,5,5
12015,102,99,3,3
12016,89,86,3,3
12017,80,81,-1,1
12018,73,82,-9,9
12019,53,62,-9,9
12020,124,120,4,4
12021,108,105,3,3
12022,101,93,8,8
12023,93,97,-4,4
12024,69,74,-5,5
12025,111,115,-4,4
12026,74,83,-9,9
12027,80,83,-3,3
12028,101,94,7,7
12029,127,140,-13,13
12030,78,79,-1,1
12031,143,143,0,0
12032,114,125,-11,11
12033,49,79,-30,30
12034,115,119,-4,4
12035,103,91,12,12
12036,84,91,-7,7
12037,88,92,-4,4
12038,92,93,-1,1
12039,108,111,-3,3
12040,90,91,-1,1
12041,65,78,-13,13
12042,60,67,-7,7
12043,72,75,-3,3
12044,129,134,-5,5
12045,76,80,-4,4
12046,109,114,-5,5
12047,88,101,-13,13
12048,60,67,-7,7
12049,47,50,-3,3
12050,100,95,5,5
12051,117,121,-4,4
12052,125,114,11,11
12053,113,104,9,9
12054,54,63,-9,9
12055,111,104,7,7
12056,156,137,19,19
12057,110,106,4,4
12058,82,90,-8,8
12059,114,106,8,8
12060,68,79,-11,11
12061,66,79,-13,13
12062,90,96,-6,6
12063,63,71,-8,8
12064,100,99,1,1
12065,66,75,-9,9
12066,141,132,9,9
12067,79,82,-3,3
12068,104,94,10,10
12069,140,125,15,15
12070,72,81,-9,9
12071,39,53,-14,14
12072,118,110,8,8
12073,97,90,7,7
12074,95,105,-10,10
12075,86,92,-6,6
12076,90,89,1,1
12077,86,100,-14,14
12078,95,95,0,0
12079,118,107,11,11
12080,94,93,1,1
12081,130,127,3,3
12082,58,65,-7,7
12083,121,122,-1,1
12084,125,123,2,2
12085,150,144,6,6
12086,102,100,2,2
12087,122,110,12,12
12088,109,105,4,4
12089,74,83,-9,9
12090,93,89,4,4
12091,53,65,-12,12
12092,117,123,-6,6
12093,93,94,-1,1
12094,191,186,5,5
12095,142,119,23,23
12096,123,108,15,15
12097,83,92,-9,9
12098,127,121,6,6
12099,83,88,-5,5
12100,85,85,0,0
12101,83,86,-3,3
12102,94,91,3,3
12103,164,146,18,18
12104,72,72,0,0
12105,76,61,15,15
12106,122,105,17,17
12107,59,50,9,9
12108,87,88,-1,1
12109,88,69,19,19
12110,61,68,-7,7
12111,154,139,15,15
12112,159,143,16,16
12113,163,143,20,20
12114,104,101,3,3
12115,121,123,-2,2
12116,116,107,9,9
12117,98,101,-3,3
12118,84,90,-6,6
12119,42,56,-14,14
12120,78,81,-3,3
12121,99,114,-15,15
12122,77,94,-17,17
12123,189,164,25,25
12124,66,83,-17,17
12125,144,140,4,4
12126,196,176,20,20
12127,107,102,5,5
12128,68,79,-11,11
12129,88,87,1,1
12130,36,53,-17,17
12131,107,101,6,6
12132,123,114,9,9
12133,62,69,-7,7
12134,207,187,20,20
12135,89,90,-1,1
12136,74,83,-9,9
12137,87,92,-5,5
12138,135,125,10,10
12139,72,75,-3,3
12140,183,137,46,46
12141,118,124,-6,6
12142,110,92,18,18
12143,111,108,3,3
12144,122,110,12,12
12145,90,95,-5,5
12146,121,120,1,1
12147,58,69,-11,11
12148,126,121,5,5
12149,105,98,7,7
12150,109,106,3,3
12151,71,78,-7,7
12152,148,139,9,9
12153,95,99,-4,4
12154,103,103,0,0
12155,90,93,-3,3
12156,77,85,-8,8
12157,126,118,8,8
12158,141,131,10,10
12159,134,119,15,15
12160,49,58,-9,9
12161,99,101,-2,2
12162,130,120,10,10
12163,74,76,-2,2
12164,64,70,-6,6
12165,196,170,26,26
12166,106,109,-3,3
12167,100,103,-3,3
12168,88,88,0,0
12169,116,111,5,5
12170,107,107,0,0
12171,128,122,6,6
12172,93,90,3,3
12173,150,131,19,19
12174,92,85,7,7
12175,96,92,4,4
12176,115,108,7,7
12177,111,104,7,7
12178,87,95,-8,8
12179,69,78,-9,9
12180,139,143,-4,4
12181,104,104,0,0
12182,115,119,-4,4
12183,114,104,10,10
12184,58,65,-7,7
12185,77,82,-5,5
12186,79,87,-8,8
12187,114,114,0,0
12188,111,115,-4,4
12189,102,99,3,3
12190,161,152,9,9
12191,197,178,19,19
12192,72,75,-3,3
12193,142,138,4,4
12194,49,63,-14,14
12195,63,74,-11,11
12196,135,131,4,4
12197,192,166,26,26
12198,47,59,-12,12
12199,110,108,2,2
12200,71,77,-6,6
12201,108,116,-8,8
12202,137,135,2,2
12203,128,119,9,9
12204,137,130,7,7
12205,148,139,9,9
12206,82,86,-4,4
12207,70,84,-14,14
12208,60,61,-1,1
12209,115,109,6,6
12210,76,79,-3,3
12211,86,85,1,1
12212,97,97,0,0
12213,122,119,3,3
12214,104,98,6,6
12215,149,147,2,2
12216,73,78,-5,5
12217,88,90,-2,2
12218,93,88,5,5
12219,94,96,-2,2
12220,110,105,5,5
12221,56,69,-13,13
12222,66,77,-11,11
12223,73,82,-9,9
12224,96,98,-2,2
12225,121,112,9,9
12226,122,124,-2,2
12227,94,95,-1,1
12228,88,101,-13,13
12229,130,131,-1,1
12230,63,64,-1,1
12231,141,123,18,18
12232,54,70,-16,16
12233,73,80,-7,7
12234,71,76,-5,5
12235,95,92,3,3
12236,121,110,11,11
12237,73,79,-6,6
12238,125,121,4,4
12239,67,80,-13,13
12240,121,116,5,5
12241,109,106,3,3
12242,64,74,-10,10
12243,96,93,3,3
12244,119,129,-10,10
12245,93,98,-5,5
12246,75,79,-4,4
12247,95,96,-1,1
12248,66,77,-11,11
12249,99,100,-1,1
12250,47,59,-12,12
12251,84,99,-15,15
12252,165,193,-28,28
12253,97,96,1,1
12254,73,80,-7,7
12255,37,55,-18,18
12256,104,96,8,8
12257,71,78,-7,7
12258,65,74,-9,9
12259,66,68,-2,2
12260,63,70,-7,7
12261,96,98,-2,2
12262,130,120,10,10
12263,141,134,7,7
12264,86,106,-20,20
12265,108,112,-4,4
12266,128,115,13,13
12267,118,109,9,9
12268,83,83,0,0
12269,68,73,-5,5
12270,84,88,-4,4
12271,105,100,5,5
12272,61,79,-18,18
12273,73,81,-8,8
12274,65,72,-7,7
12275,131,107,24,24
12276,118,108,10,10
12277,93,97,-4,4
12278,76,78,-2,2
12279,75,80,-5,5
12280,65,75,-10,10
12281,70,72,-2,2
12282,140,140,0,0
12283,95,92,3,3
12284,145,121,24,24
12285,82,77,5,5
12286,185,162,23,23
12287,71,77,-6,6
12288,100,106,-6,6
12289,99,94,5,5
12290,64,73,-9,9
12291,65,75,-10,10
12292,51,60,-9,9
12293,79,93,-14,14
12294,50,65,-15,15
12295,128,134,-6,6
12296,109,103,6,6
12297,106,95,11,11
12298,50,63,-13,13
12299,126,119,7,7
12300,105,104,1,1
12301,39,57,-18,18
12302,70,76,-6,6
12303,134,102,32,32
12304,46,61,-15,15
12305,81,87,-6,6
12306,115,110,5,5
12307,56,71,-15,15
12308,90,90,0,0
12309,107,101,6,6
12310,38,53,-15,15
12311,112,106,6,6
12312,86,92,-6,6
12313,102,100,2,2
12314,81,91,-10,10
12315,133,123,10,10
12316,65,72,-7,7
12317,67,85,-18,18
12318,63,76,-13,13
12319,105,98,7,7
12320,81,84,-3,3
12321,97,103,-6,6
12322,96,100,-4,4
12323,113,126,-13,13
12324,91,94,-3,3
12325,67,84,-17,17
12326,85,86,-1,1
12327,102,101,1,1
12328,76,81,-5,5
12329,190,183,7,7
12330,63,74,-11,11
12331,87,79,8,8
12332,140,127,13,13
12333,113,101,12,12
12334,102,101,1,1
12335,62,65,-3,3
12336,57,63,-6,6
12337,48,62,-14,14
12338,62,67,-5,5
12339,94,108,-14,14
12340,95,105,-10,10
12341,183,166,17,17
12342,80,83,-3,3
12343,164,154,10,10
12344,66,71,-5,5
12345,67,85,-18,18
12346,103,102,1,1
12347,69,84,-15,15
12348,118,119,-1,1
12349,78,81,-3,3
12350,66,72,-6,6
12351,94,93,1,1
12352,92,94,-2,2
12353,142,129,13,13
12354,55,75,-20,20
12355,101,104,-3,3
12356,79,78,1,1
12357,122,125,-3,3
12358,123,107,16,16
12359,38,48,-10,10
12360,65,82,-17,17
12361,138,119,19,19
12362,76,80,-4,4
12363,114,113,1,1
12364,79,86,-7,7
12365,114,106,8,8
12366,68,75,-7,7
12367,78,82,-4,4
12368,93,99,-6,6
12369,103,104,-1,1
12370,163,133,30,30
12371,101,106,-5,5
12372,126,121,5,5
12373,67,69,-2,2
12374,78,80,-2,2
12375,116,110,6,6
12376,128,124,4,4
12377,91,90,1,1
12378,142,128,14,14
12379,65,74,-9,9
12380,145,149,-4,4
12381,61,66,-5,5
12382,136,121,15,15
12383,84,83,1,1
12384,98,95,3,3
12385,87,92,-5,5
12386,107,110,-3,3
12387,115,124,-9,9
12388,106,98,8,8
12389,93,99,-6,6
12390,80,76,4,4
12391,130,118,12,12
12392,115,106,9,9
12393,97,111,-14,14
12394,92,94,-2,2
12395,88,90,-2,2
12396,66,72,-6,6
12397,66,72,-6,6
12398,87,92,-5,5
12399,106,102,4,4
12400,70,84,-14,14
12401,180,157,23,23
12402,87,98,-11,11
12403,89,84,5,5
12404,92,98,-6,6
12405,125,111,14,14
12406,88,100,-12,12
12407,109,104,5,5
12408,35,50,-15,15
12409,67,78,-11,11
12410,117,115,2,2
12411,190,165,25,25
12412,114,110,4,4
12413,137,128,9,9
12414,138,146,-8,8
12415,129,131,-2,2
12416,106,94,12,12
12417,63,75,-12,12
12418,58,69,-11,11
12419,57,69,-12,12
12420,86,95,-9,9
12421,104,100,4,4
12422,97,98,-1,1
12423,101,102,-1,1
12424,137,125,12,12
12425,64,63,1,1
12426,176,185,-9,9
12427,93,91,2,2
12428,120,118,2,2
12429,108,104,4,4
12430,70,78,-8,8
12431,97,95,2,2
12432,83,93,-10,10
12433,83,82,1,1
12434,150,152,-2,2
12435,64,75,-11,11
12436,89,87,2,2
12437,96,97,-1,1
12438,114,109,5,5
12439,119,115,4,4
12440,61,64,-3,3
12441,96,96,0,0
12442,105,105,0,0
12443,61,68,-7,7
12444,141,132,9,9
12445,86,86,0,0
12446,87,86,1,1
12447,90,86,4,4
12448,105,106,-1,1
12449,91,87,4,4
12450,111,115,-4,4
12451,76,82,-6,6
12452,87,93,-6,6
12453,91,97,-6,6
12454,107,114,-7,7
12455,110,106,4,4
12456,124,125,-1,1
12457,128,118,10,10
12458,109,106,3,3
12459,71,75,-4,4
12460,87,86,1,1
12461,148,135,13,13
12462,107,101,6,6
12463,134,132,2,2
12464,23,30,-7,7
12465,119,131,-12,12
12466,91,86,5,5
12467,25,41,-16,16
12468,61,81,-20,20
12469,101,100,1,1
12470,72,76,-4,4
12471,95,100,-5,5
12472,47,55,-8,8
12473,97,96,1,1
12474,81,87,-6,6
12475,59,66,-7,7
12476,77,77,0,0
12477,138,121,17,17
12478,120,128,-8,8
12479,136,136,0,0
12480,79,86,-7,7
12481,63,72,-9,9
12482,102,102,0,0
12483,158,143,15,15
12484,73,82,-9,9
12485,53,60,-7,7
12486,83,91,-8,8
12487,155,132,23,23
12488,139,125,14,14
12489,93,88,5,5
12490,128,129,-1,1
12491,98,109,-11,11
12492,96,91,5,5
12493,153,139,14,14
12494,104,104,0,0
12495,115,101,14,14
12496,72,79,-7,7
12497,90,89,1,1
12498,127,131,-4,4
12499,112,122,-10,10
12500,64,75,-11,11
12501,73,75,-2,2
12502,72,82,-10,10
12503,73,90,-17,17
12504,56,67,-11,11
12505,106,102,4,4
12506,144,131,13,13
12507,47,79,-32,32
12508,147,137,10,10
12509,95,98,-3,3
12510,76,85,-9,9
12511,128,125,3,3
12512,81,77,4,4
12513,79,85,-6,6
12514,86,85,1,1
12515,44,59,-15,15
12516,87,93,-6,6
12517,102,102,0,0
12518,116,114,2,2
12519,105,105,0,0
12520,113,120,-7,7
12521,152,136,16,16
12522,175,160,15,15
12523,70,77,-7,7
12524,173,158,15,15
12525,87,84,3,3
12526,102,96,6,6
12527,88,94,-6,6
12528,76,80,-4,4
12529,110,102,8,8
12530,99,101,-2,2
12531,71,78,-7,7
12532,75,82,-7,7
12533,105,103,2,2
12534,153,150,3,3
12535,100,111,-11,11
12536,90,89,1,1
12537,83,99,-16,16
12538,82,92,-10,10
12539,49,60,-11,11
12540,69,77,-8,8
12541,113,110,3,3
12542,63,70,-7,7
12543,58,69,-11,11
12544,65,70,-5,5
12545,145,138,7,7
12546,50,59,-9,9
12547,83,92,-9,9
12548,100,97,3,3
12549,76,80,-4,4
12550,72,78,-6,6
12551,71,91,-20,20
12552,106,102,4,4
12553,127,130,-3,3
12554,96,93,3,3
12555,67,74,-7,7
12556,140,133,7,7
12557,56,66,-10,10
12558,108,104,4,4
12559,94,91,3,3
12560,59,67,-8,8
12561,84,90,-6,6
12562,96,99,-3,3
12563,92,104,-12,12
12564,186,173,13,13
12565,62,70,-8,8
12566,164,147,17,17
12567,49,61,-12,12
12568,62,68,-6,6
12569,50,67,-17,17
12570,128,122,6,6
12571,57,73,-16,16
12572,69,77,-8,8
12573,48,64,-16,16
12574,132,123,9,9
12575,140,136,4,4
12576,107,104,3,3
12577,80,84,-4,4
12578,78,81,-3,3
12579,140,120,20,20
12580,78,84,-6,6
12581,123,112,11,11
12582,87,97,-10,10
12583,91,105,-14,14
12584,119,131,-12,12
12585,107,103,4,4
12586,52,63,-11,11
12587,61,75,-14,14
12588,102,98,4,4
12589,79,79,0,0
12590,81,85,-4,4
12591,72,74,-2,2
12592,74,90,-16,16
12593,73,73,0,0
12594,114,93,21,21
12595,127,120,7,7
12596,92,86,6,6
12597,118,121,-3,3
12598,115,154,-39,39
12599,73,77,-4,4
12600,93,95,-2,2
12601,70,74,-4,4
12602,73,77,-4,4
12603,107,118,-11,11
12604,96,101,-5,5
12605,101,87,14,14
12606,76,93,-17,17
12607,85,79,6,6
12608,111,107,4,4
12609,42,59,-17,17
12610,69,75,-6,6
12611,97,91,6,6
12612,90,90,0,0
12613,96,93,3,3
12614,114,131,-17,17
12615,121,116,5,5
12616,68,77,-9,9
12617,45,58,-13,13
12618,73,79,-6,6
12619,109,104,5,5
12620,175,163,12,12
12621,90,84,6,6
12622,70,77,-7,7
12623,85,91,-6,6
12624,62,74,-12,12
12625,89,98,-9,9
12626,132,125,7,7
12627,155,142,13,13
12628,99,100,-1,1
12629,60,65,-5,5
12630,110,104,6,6
12631,87,91,-4,4
12632,98,105,-7,7
12633,80,93,-13,13
12634,127,121,6,6
12635,172,155,17,17
12636,181,161,20,20
12637,130,116,14,14
12638,76,79,-3,3
12639,86,89,-3,3
12640,105,100,5,5
12641,105,111,-6,6
12642,56,72,-16,16
12643,65,77,-12,12
12644,42,55,-13,13
12645,120,111,9,9
12646,65,70,-5,5
12647,76,86,-10,10
12648,134,123,11,11
12649,28,73,-45,45
12650,96,96,0,0
12651,92,96,-4,4
12652,53,60,-7,7
12653,66,71,-5,5
12654,79,82,-3,3
12655,101,114,-13,13
12656,78,99,-21,21
12657,88,96,-8,8
12658,136,126,10,10
12659,142,133,9,9
12660,73,73,0,0
12661,97,92,5,5
12662,80,82,-2,2
12663,51,64,-13,13
12664,69,84,-15,15
12665,52,62,-10,10
12666,57,65,-8,8
12667,100,111,-11,11
12668,147,138,9,9
12669,129,126,3,3
12670,92,102,-10,10
12671,107,96,11,11
12672,99,105,-6,6
12673,89,94,-5,5
12674,58,67,-9,9
12675,103,92,11,11
12676,33,49,-16,16
12677,103,94,9,9
12678,88,89,-1,1
12679,81,88,-7,7
12680,53,63,-10,10
12681,70,84,-14,14
12682,32,50,-18,18
12683,88,90,-2,2
12684,99,115,-16,16
12685,110,105,5,5
12686,78,82,-4,4
12687,99,98,1,1
12688,46,59,-13,13
12689,136,119,17,17
12690,75,76,-1,1
12691,117,100,17,17
12692,93,89,4,4
12693,132,128,4,4
12694,70,77,-7,7
12695,69,78,-9,9
12696,49,47,2,2
12697,71,73,-2,2
12698,118,115,3,3
12699,97,99,-2,2
12700,76,91,-15,15
12701,195,157,38,38
12702,128,122,6,6
12703,66,67,-1,1
12704,120,118,2,2
12705,73,81,-8,8
12706,62,73,-11,11
12707,104,94,10,10
12708,94,97,-3,3
12709,94,90,4,4
12710,110,100,10,10
12711,96,93,3,3
12712,107,103,4,4
12713,77,90,-13,13
12714,91,100,-9,9
12715,63,67,-4,4
12716,128,116,12,12
12717,77,79,-2,2
12718,67,80,-13,13
12719,124,113,11,11
12720,94,93,1,1
12721,64,72,-8,8
12722,74,82,-8,8
12723,88,91,-3,3
12724,70,78,-8,8
12725,78,82,-4,4
12726,66,81,-15,15
12727,104,105,-1,1
12728,134,137,-3,3
12729,92,89,3,3
12730,74,76,-2,2
12731,93,90,3,3
12732,98,97,1,1
12733,100,94,6,6
12734,87,92,-5,5
12735,101,96,5,5
12736,49,62,-13,13
12737,121,115,6,6
12738,84,98,-14,14
12739,158,150,8,8
12740,115,105,10,10
12741,125,114,11,11
12742,53,58,-5,5
12743,80,91,-11,11
12744,68,71,-3,3
12745,103,98,5,5
12746,107,107,0,0
12747,77,91,-14,14
12748,100,105,-5,5
12749,120,122,-2,2
12750,91,92,-1,1
12751,77,71,6,6
12752,132,120,12,12
12753,131,122,9,9
12754,43,68,-25,25
12755,45,56,-11,11
12756,124,116,8,8
12757,86,84,2,2
12758,107,100,7,7
12759,82,91,-9,9
12760,204,177,27,27
12761,107,101,6,6
12762,120,119,1,1
12763,140,128,12,12
12764,153,135,18,18
12765,83,87,-4,4
12766,47,54,-7,7
12767,91,85,6,6
12768,68,64,4,4
12769,56,64,-8,8
12770,77,87,-10,10
12771,37,55,-18,18
12772,117,110,7,7
12773,85,87,-2,2
12774,101,98,3,3
12775,67,79,-12,12
12776,118,124,-6,6
12777,56,70,-14,14
12778,68,75,-7,7
12779,65,69,-4,4
12780,105,101,4,4
12781,102,108,-6,6
12782,116,105,11,11
12783,69,75,-6,6
12784,79,81,-2,2
12785,105,101,4,4
12786,101,85,16,16
12787,106,97,9,9
12788,89,87,2,2
12789,77,84,-7,7
12790,116,114,2,2
12791,111,105,6,6
12792,91,83,8,8
12793,74,75,-1,1
12794,96,97,-1,1
12795,119,123,-4,4
12796,124,117,7,7
12797,83,81,2,2
12798,59,71,-12,12
12799,87,83,4,4
12800,55,66,-11,11
12801,121,119,2,2
12802,94,94,0,0
12803,90,92,-2,2
12804,181,164,17,17
12805,93,90,3,3
12806,72,78,-6,6
12807,92,94,-2,2
12808,153,138,15,15
12809,55,64,-9,9
12810,61,72,-11,11
12811,99,96,3,3
12812,82,87,-5,5
12813,102,95,7,7
12814,148,138,10,10
12815,112,111,1,1
12816,172,164,8,8
12817,133,128,5,5
12818,97,98,-1,1
12819,70,82,-12,12
12820,70,82,-12,12
12821,98,89,9,9
12822,96,105,-9,9
12823,69,75,-6,6
12824,90,88,2,2
12825,138,125,13,13
12826,132,124,8,8
12827,153,148,5,5
12828,86,81,5,5
12829,108,99,9,9
12830,80,93,-13,13
12831,154,132,22,22
12832,116,119,-3,3
12833,103,99,4,4
12834,104,107,-3,3
12835,116,108,8,8
12836,107,98,9,9
12837,96,90,6,6
12838,90,95,-5,5
12839,50,65,-15,15
12840,104,102,2,2
12841,72,74,-2,2
12842,106,98,8,8
12843,87,91,-4,4
12844,124,120,4,4
12845,27,42,-15,15
12846,133,122,11,11
12847,122,109,13,13
12848,124,132,-8,8
12849,89,97,-8,8
12850,97,124,-27,27
12851,84,93,-9,9
12852,140,140,0,0
12853,136,125,11,11
12854,20,30,-10,10
12855,93,97,-4,4
12856,85,92,-7,7
12857,74,82,-8,8
12858,103,96,7,7
12859,75,80,-5,5
12860,46,57,-11,11
12861,84,103,-19,19
12862,75,79,-4,4
12863,53,60,-7,7
12864,52,83,-31,31
12865,87,93,-6,6
12866,109,97,12,12
12867,105,97,8,8
12868,67,74,-7,7
12869,154,131,23,23
12870,84,91,-7,7
12871,128,119,9,9
12872,113,119,-6,6
12873,87,84,3,3
12874,101,107,-6,6
12875,96,103,-7,7
12876,39,55,-16,16
12877,133,128,5,5
12878,191,181,10,10
12879,60,71,-11,11
12880,125,120,5,5
12881,75,83,-8,8
12882,40,58,-18,18
12883,103,98,5,5
12884,79,81,-2,2
12885,185,172,13,13
12886,124,115,9,9
12887,109,112,-3,3
12888,89,98,-9,9
12889,67,75,-8,8
12890,47,55,-8,8
12891,76,75,1,1
12892,122,126,-4,4
12893,106,98,8,8
12894,142,123,19,19
12895,96,87,9,9
12896,52,62,-10,10
12897,96,96,0,0
12898,117,120,-3,3
12899,69,79,-10,10
12900,89,86,3,3
12901,72,78,-6,6
12902,180,163,17,17
12903,94,91,3,3
12904,53,67,-14,14
12905,93,99,-6,6
12906,161,141,20,20
12907,137,130,7,7
12908,129,127,2,2
12909,89,87,2,2
12910,102,98,4,4
12911,159,150,9,9
12912,67,73,-6,6
12913,67,81,-14,14
12914,97,98,-1,1
12915,71,75,-4,4
12916,153,145,8,8
12917,100,100,0,0
12918,92,99,-7,7
12919,79,89,-10,10
12920,79,84,-5,5
12921,73,76,-3,3
12922,133,127,6,6
12923,51,63,-12,12
12924,139,127,12,12
12925,115,120,-5,5
12926,89,90,-1,1
12927,124,121,3,3
12928,90,92,-2,2
12929,128,125,3,3
12930,131,120,11,11
12931,71,75,-4,4
12932,113,105,8,8
12933,127,131,-4,4
12934,61,73,-12,12
12935,113,111,2,2
12936,112,90,22,22
12937,75,80,-5,5
12938,125,108,17,17
12939,73,80,-7,7
12940,100,113,-13,13
12941,187,165,22,22
12942,101,98,3,3
12943,103,96,7,7
12944,99,105,-6,6
12945,65,73,-8,8
12946,116,113,3,3
12947,97,109,-12,12
12948,83,91,-8,8
12949,90,100,-10,10
12950,101,101,0,0
12951,97,101,-4,4
12952,107,105,2,2
12953,119,125,-6,6
12954,78,77,1,1
12955,79,83,-4,4
12956,74,83,-9,9
12957,150,137,13,13
12958,83,94,-11,11
12959,131,138,-7,7
12960,68,78,-10,10
12961,222,176,46,46
12962,88,89,-1,1
12963,109,102,7,7
12964,149,146,3,3
12965,82,91,-9,9
12966,33,47,-14,14
12967,97,105,-8,8
12968,88,91,-3,3
12969,127,126,1,1
12970,70,77,-7,7
12971,86,89,-3,3
12972,63,70,-7,7
12973,101,98,3,3
12974,85,90,-5,5
12975,97,90,7,7
12976,68,76,-8,8
12977,79,95,-16,16
12978,182,167,15,15
12979,68,77,-9,9
12980,68,77,-9,9
12981,81,81,0,0
12982,118,108,10,10
12983,93,95,-2,2
12984,117,100,17,17
12985,144,137,7,7
12986,134,120,14,14
12987,69,76,-7,7
12988,133,124,9,9
12989,88,93,-5,5
12990,63,66,-3,3
12991,116,118,-2,2
12992,113,121,-8,8
12993,103,96,7,7
12994,127,121,6,6
12995,116,118,-2,2
12996,114,109,5,5
12997,123,113,10,10
12998,72,73,-1,1
12999,107,99,8,8
13000,121,105,16,16
13001,100,90,10,10
13002,87,91,-4,4
13003,102,96,6,6
13004,155,156,-1,1
13005,72,84,-12,12
13006,84,87,-3,3
13007,86,95,-9,9
13008,115,119,-4,4
13009,100,97,3,3
13010,81,78,3,3
13011,51,64,-13,13
13012,54,63,-9,9
13013,86,88,-2,2
13014,92,95,-3,3
13015,60,71,-11,11
13016,112,109,3,3
13017,92,92,0,0
13018,87,88,-1,1
13019,95,98,-3,3
13020,80,82,-2,2
13021,139,131,8,8
13022,103,97,6,6
13023,120,126,-6,6
13024,75,89,-14,14
13025,51,56,-5,5
13026,76,80,-4,4
13027,67,79,-12,12
13028,165,151,14,14
13029,84,91,-7,7
13030,83,92,-9,9
13031,61,67,-6,6
13032,159,146,13,13
13033,64,82,-18,18
13034,140,134,6,6
13035,65,80,-15,15
13036,68,77,-9,9
13037,67,69,-2,2
13038,87,94,-7,7
13039,109,109,0,0
13040,116,118,-2,2
13041,94,109,-15,15
13042,135,122,13,13
13043,77,78,-1,1
13044,55,63,-8,8
13045,61,69,-8,8
13046,73,80,-7,7
13047,139,120,19,19
13048,106,113,-7,7
13049,78,88,-10,10
13050,74,72,2,2
13051,99,95,4,4
13052,88,94,-6,6
13053,93,90,3,3
13054,69,71,-2,2
13055,235,205,30,30
13056,83,89,-6,6
13057,101,91,10,10
13058,66,78,-12,12
13059,58,62,-4,4
13060,119,119,0,0
13061,129,124,5,5
13062,82,86,-4,4
13063,168,151,17,17
13064,72,81,-9,9
13065,125,111,14,14
13066,82,79,3,3
13067,97,93,4,4
13068,56,70,-14,14
13069,123,132,-9,9
13070,79,78,1,1
13071,84,86,-2,2
13072,112,108,4,4
13073,80,88,-8,8
13074,106,105,1,1
13075,60,71,-11,11
13076,72,80,-8,8
13077,96,102,-6,6
13078,60,55,5,5
13079,117,100,17,17
13080,66,78,-12,12
13081,78,84,-6,6
13082,55,66,-11,11
13083,164,139,25,25
13084,184,166,18,18
13085,78,85,-7,7
13086,61,73,-12,12
13087,109,122,-13,13
13088,101,101,0,0
13089,79,81,-2,2
13090,51,64,-13,13
13091,64,68,-4,4
13092,62,71,-9,9
13093,144,136,8,8
13094,57,68,-11,11
13095,50,60,-10,10
13096,81,83,-2,2
13097,99,101,-2,2
13098,97,101,-4,4
13099,129,115,14,14
13100,104,100,4,4
13101,93,100,-7,7
13102,84,82,2,2
13103,90,95,-5,5
13104,112,118,-6,6
13105,69,76,-7,7
13106,69,78,-9,9
13107,107,91,16,16
13108,145,123,22,22
13109,84,80,4,4
13110,51,62,-11,11
13111,100,96,4,4
13112,82,92,-10,10
13113,71,88,-17,17
13114,104,97,7,7
13115,67,82,-15,15
13116,89,94,-5,5
13117,61,79,-18,18
13118,74,82,-8,8
13119,101,105,-4,4
13120,67,80,-13,13
13121,72,85,-13,13
13122,70,77,-7,7
13123,158,155,3,3
13124,94,96,-2,2
13125,84,84,0,0
13126,120,118,2,2
13127,152,147,5,5
13128,137,127,10,10
13129,82,91,-9,9
13130,116,110,6,6
13131,112,106,6,6
13132,99,93,6,6
13133,150,148,2,2
13134,66,68,-2,2
13135,81,77,4,4
13136,50,62,-12,12
13137,133,130,3,3
13138,65,74,-9,9
13139,65,70,-5,5
13140,80,84,-4,4
13141,53,57,-4,4
13142,108,99,9,9
13143,80,72,8,8
13144,126,129,-3,3
13145,73,83,-10,10
13146,58,65,-7,7
13147,80,83,-3,3
13148,62,70,-8,8
13149,64,73,-9,9
13150,55,64,-9,9
13151,81,84,-3,3
13152,97,100,-3,3
13153,78,78,0,0
13154,101,95,6,6
13155,72,85,-13,13
13156,112,107,5,5
13157,84,90,-6,6
13158,68,77,-9,9
13159,102,105,-3,3
13160,117,124,-7,7
13161,88,88,0,0
13162,127,111,16,16
13163,64,66,-2,2
13164,87,93,-6,6
13165,80,85,-5,5
13166,101,92,9,9
13167,122,117,5,5
13168,67,71,-4,4
13169,131,125,6,6
13170,97,94,3,3
13171,135,119,16,16
13172,88,90,-2,2
13173,115,123,-8,8
13174,134,119,15,15
13175,116,118,-2,2
13176,79,85,-6,6
13177,45,56,-11,11
13178,100,100,0,0
13179,85,103,-18,18
13180,63,75,-12,12
13181,89,92,-3,3
13182,76,83,-7,7
13183,138,123,15,15
13184,123,120,3,3
13185,74,84,-10,10
13186,43,62,-19,19
13187,66,79,-13,13
13188,86,106,-20,20
13189,115,124,-9,9
13190,30,48,-18,18
13191,66,76,-10,10
13192,208,170,38,38
13193,90,91,-1,1
13194,71,72,-1,1
13195,94,89,5,5
13196,171,158,13,13
13197,55,64,-9,9
13198,43,52,-9,9
13199,67,78,-11,11
13200,143,121,22,22
13201,98,100,-2,2
13202,100,97,3,3
13203,108,103,5,5
13204,91,84,7,7
13205,131,123,8,8
13206,79,75,4,4
13207,153,149,4,4
13208,37,52,-15,15
13209,46,54,-8,8
13210,241,211,30,30
13211,89,89,0,0
13212,72,75,-3,3
13213,100,95,5,5
13214,83,87,-4,4
13215,98,101,-3,3
13216,128,121,7,7
13217,162,120,42,42
13218,81,82,-1,1
13219,98,99,-1,1
13220,70,83,-13,13
13221,182,158,24,24
13222,71,76,-5,5
13223,173,164,9,9
13224,54,65,-11,11
13225,66,75,-9,9
13226,85,81,4,4
13227,93,95,-2,2
13228,71,110,-39,39
13229,163,152,11,11
13230,86,87,-1,1
13231,74,79,-5,5
13232,148,140,8,8
13233,112,109,3,3
13234,90,84,6,6
13235,64,67,-3,3
13236,78,97,-19,19
13237,115,119,-4,4
13238,105,99,6,6
13239,90,92,-2,2
13240,117,109,8,8
13241,103,95,8,8
13242,139,150,-11,11
13243,107,112,-5,5
13244,118,126,-8,8
13245,94,88,6,6
13246,56,63,-7,7
13247,97,96,1,1
13248,77,76,1,1
13249,117,98,19,19
13250,125,123,2,2
13251,67,78,-11,11
13252,73,78,-5,5
13253,152,135,17,17
13254,73,75,-2,2
13255,121,117,4,4
13256,166,156,10,10
13257,90,89,1,1
13258,96,103,-7,7
13259,149,148,1,1
13260,61,73,-12,12
13261,144,129,15,15
13262,121,120,1,1
13263,131,119,12,12
13264,58,60,-2,2
13265,51,62,-11,11
13266,54,72,-18,18
13267,72,80,-8,8
13268,99,103,-4,4
13269,124,113,11,11
13270,105,104,1,1
13271,100,96,4,4
13272,153,147,6,6
13273,76,84,-8,8
13274,120,110,10,10
13275,94,95,-1,1
13276,85,83,2,2
13277,84,93,-9,9
13278,53,73,-20,20
13279,106,109,-3,3
13280,108,110,-2,2
13281,140,126,14,14
13282,113,108,5,5
13283,57,74,-17,17
13284,108,107,1,1
13285,123,113,10,10
13286,108,100,8,8
13287,83,86,-3,3
13288,99,87,12,12
13289,78,86,-8,8
13290,96,99,-3,3
13291,58,66,-8,8
13292,82,83,-1,1
13293,148,143,5,5
13294,86,96,-10,10
13295,81,78,3,3
13296,119,118,1,1
13297,97,104,-7,7
13298,118,115,3,3
13299,92,90,2,2
13300,102,109,-7,7
13301,72,80,-8,8
13302,64,69,-5,5
13303,86,91,-5,5
13304,57,73,-16,16
13305,102,101,1,1
13306,67,68,-1,1
13307,88,94,-6,6
13308,139,120,19,19
13309,61,71,-10,10
13310,77,80,-3,3
13311,158,153,5,5
13312,130,119,11,11
13313,132,132,0,0
13314,187,175,12,12
13315,79,79,0,0
13316,96,103,-7,7
13317,76,82,-6,6
13318,71,77,-6,6
13319,78,85,-7,7
13320,209,191,18,18
13321,75,80,-5,5
13322,146,127,19,19
13323,100,96,4,4
13324,80,91,-11,11
13325,70,75,-5,5
13326,65,74,-9,9
13327,95,104,-9,9
13328,80,83,-3,3
13329,69,75,-6,6
13330,132,135,-3,3
13331,77,77,0,0
13332,98,94,4,4
13333,94,96,-2,2
13334,86,89,-3,3
13335,90,89,1,1
13336,75,77,-2,2
13337,130,104,26,26
13338,87,95,-8,8
13339,141,123,18,18
13340,161,140,21,21
13341,68,82,-14,14
13342,97,93,4,4
13343,125,116,9,9
13344,36,52,-16,16
13345,115,110,5,5
13346,68,67,1,1
13347,106,100,6,6
13348,96,109,-13,13
13349,82,84,-2,2
13350,73,73,0,0
13351,89,82,7,7
13352,75,76,-1,1
13353,85,96,-11,11
13354,134,140,-6,6
13355,90,87,3,3
13356,83,91,-8,8
13357,129,109,20,20
13358,140,134,6,6
13359,60,69,-9,9
13360,82,81,1,1
13361,153,141,12,12
13362,80,92,-12,12
13363,119,119,0,0
13364,108,104,4,4
13365,54,64,-10,10
13366,99,102,-3,3
13367,130,156,-26,26
13368,100,99,1,1
13369,59,64,-5,5
13370,84,94,-10,10
13371,117,115,2,2
13372,60,69,-9,9
13373,55,64,-9,9
13374,96,99,-3,3
13375,73,85,-12,12
13376,64,80,-16,16
13377,75,79,-4,4
13378,55,62,-7,7
13379,90,88,2,2
13380,142,142,0,0
13381,139,131,8,8
13382,118,109,9,9
13383,120,112,8,8
13384,112,110,2,2
13385,43,58,-15,15
13386,106,105,1,1
13387,187,170,17,17
13388,117,119,-2,2
13389,111,110,1,1
13390,188,174,14,14
13391,156,131,25,25
13392,136,136,0,0
13393,88,95,-7,7
13394,29,46,-17,17
13395,107,97,10,10
13396,113,98,15,15
13397,93,93,0,0
13398,81,86,-5,5
13399,22,42,-20,20
13400,69,76,-7,7
13401,168,149,19,19
13402,147,132,15,15
13403,105,115,-10,10
13404,145,130,15,15
13405,58,71,-13,13
13406,60,73,-13,13
13407,150,149,1,1
13408,70,74,-4,4
13409,69,77,-8,8
13410,140,134,6,6
13411,88,86,2,2
13412,120,116,4,4
13413,63,70,-7,7
13414,81,92,-11,11
13415,66,68,-2,2
13416,91,89,2,2
13417,131,133,-2,2
13418,126,108,18,18
13419,138,137,1,1
13420,103,105,-2,2
13421,103,100,3,3
13422,50,73,-23,23
13423,64,79,-15,15
13424,75,85,-10,10
13425,67,74,-7,7
13426,97,95,2,2
13427,109,110,-1,1
13428,137,126,11,11
13429,71,75,-4,4
13430,98,93,5,5
13431,82,99,-17,17
13432,65,75,-10,10
13433,117,103,14,14
13434,148,148,0,0
13435,190,162,28,28
13436,84,85,-1,1
13437,110,101,9,9
13438,138,131,7,7
13439,74,79,-5,5
13440,130,117,13,13
13441,79,82,-3,3
13442,92,109,-17,17
13443,137,136,1,1
13444,104,95,9,9
13445,160,132,28,28
13446,90,93,-3,3
13447,101,101,0,0
13448,123,122,1,1
13449,73,79,-6,6
13450,66,75,-9,9
13451,124,120,4,4
13452,173,154,19,19
13453,142,127,15,15
13454,32,48,-16,16
13455,104,99,5,5
13456,65,88,-23,23
13457,60,67,-7,7
13458,71,81,-10,10
13459,56,64,-8,8
13460,122,121,1,1
13461,135,141,-6,6
13462,162,155,7,7
13463,96,109,-13,13
13464,126,129,-3,3
13465,74,81,-7,7
13466,102,107,-5,5
13467,80,82,-2,2
13468,88,86,2,2
13469,92,84,8,8
13470,107,111,-4,4
13471,87,98,-11,11
13472,58,66,-8,8
13473,80,77,3,3
13474,79,76,3,3
13475,114,119,-5,5
13476,78,92,-14,14
13477,75,88,-13,13
13478,168,163,5,5
13479,114,111,3,3
13480,59,76,-17,17
13481,152,150,2,2
13482,66,73,-7,7
13483,98,93,5,5
13484,70,78,-8,8
13485,101,95,6,6
13486,130,127,3,3
13487,114,106,8,8
13488,63,74,-11,11
13489,181,164,17,17
13490,86,86,0,0
13491,107,119,-12,12
13492,59,69,-10,10
13493,74,78,-4,4
13494,134,133,1,1
13495,199,161,38,38
13496,58,71,-13,13
13497,99,101,-2,2
13498,103,106,-3,3
13499,183,156,27,27
13500,96,99,-3,3
13501,99,102,-3,3
13502,113,103,10,10
13503,88,83,5,5
13504,88,95,-7,7
13505,128,121,7,7
13506,82,93,-11,11
13507,80,82,-2,2
13508,53,66,-13,13
13509,47,60,-13,13
13510,102,92,10,10
13511,97,98,-1,1
13512,68,76,-8,8
13513,125,114,11,11
13514,110,119,-9,9
13515,77,79,-2,2
13516,127,116,11,11
13517,87,92,-5,5
13518,107,95,12,12
13519,105,109,-4,4
13520,153,123,30,30
13521,61,74,-13,13
13522,33,81,-48,48
13523,146,134,12,12
13524,100,106,-6,6
13525,170,152,18,18
13526,134,120,14,14
13527,78,99,-21,21
13528,73,71,2,2
13529,60,68,-8,8
13530,64,70,-6,6
13531,99,95,4,4
13532,80,93,-13,13
13533,65,72,-7,7
13534,67,69,-2,2
13535,141,121,20,20
13536,60,72,-12,12
13537,138,140,-2,2
13538,154,148,6,6
13539,58,68,-10,10
13540,114,121,-7,7
13541,132,120,12,12
13542,98,101,-3,3
13543,80,88,-8,8
13544,105,107,-2,2
13545,84,93,-9,9
13546,78,83,-5,5
13547,154,142,12,12
13548,67,77,-10,10
13549,95,107,-12,12
13550,125,117,8,8
13551,128,119,9,9
13552,42,52,-10,10
13553,204,185,19,19
13554,98,98,0,0
13555,112,112,0,0
13556,132,123,9,9
13557,139,124,15,15
13558,93,92,1,1
13559,146,135,11,11
13560,56,67,-11,11
13561,65,70,-5,5
13562,124,113,11,11
13563,103,104,-1,1
13564,86,84,2,2
13565,60,74,-14,14
13566,98,99,-1,1
13567,80,119,-39,39
13568,89,102,-13,13
13569,148,128,20,20
13570,40,54,-14,14
13571,80,91,-11,11
13572,70,84,-14,14
13573,82,78,4,4
13574,133,139,-6,6
13575,75,84,-9,9
13576,75,77,-2,2
13577,120,103,17,17
13578,50,65,-15,15
13579,111,120,-9,9
13580,86,89,-3,3
13581,115,119,-4,4
13582,63,68,-5,5
13583,93,95,-2,2
13584,104,97,7,7
13585,153,146,7,7
13586,51,63,-12,12
13587,128,117,11,11
13588,92,91,1,1
13589,51,65,-14,14
13590,84,86,-2,2
13591,104,101,3,3
13592,101,95,6,6
13593,83,93,-10,10
13594,69,80,-11,11
13595,96,94,2,2
13596,83,87,-4,4
13597,54,78,-24,24
13598,83,76,7,7
13599,54,59,-5,5
13600,61,68,-7,7
13601,116,103,13,13
13602,113,102,11,11
13603,76,76,0,0
13604,87,87,0,0
13605,59,66,-7,7
13606,141,133,8,8
13607,97,101,-4,4
13608,89,85,4,4
13609,131,126,5,5
13610,71,73,-2,2
13611,60,65,-5,5
13612,39,56,-17,17
13613,68,82,-14,14
13614,61,69,-8,8
13615,107,103,4,4
13616,95,95,0,0
13617,94,110,-16,16
13618,82,89,-7,7
13619,110,111,-1,1
13620,113,115,-2,2
13621,107,100,7,7
13622,161,140,21,21
13623,180,152,28,28
13624,101,101,0,0
13625,88,87,1,1
13626,87,87,0,0
13627,115,115,0,0
13628,121,114,7,7
13629,139,132,7,7
13630,123,119,4,4
13631,63,69,-6,6
13632,122,112,10,10
13633,68,76,-8,8
13634,110,102,8,8
13635,57,84,-27,27
13636,82,80,2,2
13637,95,95,0,0
13638,134,129,5,5
13639,98,90,8,8
13640,128,117,11,11
13641,95,96,-1,1
13642,104,125,-21,21
13643,175,156,19,19
13644,109,98,11,11
13645,164,143,21,21
13646,118,117,1,1
13647,70,80,-10,10
13648,54,70,-16,16
13649,145,138,7,7
13650,68,72,-4,4
13651,82,78,4,4
13652,61,68,-7,7
13653,92,95,-3,3
13654,89,91,-2,2
13655,96,94,2,2
13656,122,115,7,7
13657,79,82,-3,3
13658,75,80,-5,5
13659,108,106,2,2
13660,43,55,-12,12
13661,67,75,-8,8
13662,75,83,-8,8
13663,67,73,-6,6
13664,88,95,-7,7
13665,55,65,-10,10
13666,96,106,-10,10
13667,60,69,-9,9
13668,125,113,12,12
13669,56,72,-16,16
13670,111,106,5,5
13671,105,118,-13,13
13672,77,99,-22,22
13673,89,94,-5,5
13674,79,85,-6,6
13675,107,111,-4,4
13676,124,117,7,7
13677,119,118,1,1
13678,57,85,-28,28
13679,127,121,6,6
13680,64,78,-14,14
13681,96,99,-3,3
13682,89,84,5,5
13683,71,79,-8,8
13684,76,80,-4,4
13685,110,111,-1,1
13686,120,127,-7,7
13687,98,94,4,4
13688,84,94,-10,10
13689,233,206,27,27
13690,75,76,-1,1
13691,107,93,14,14
13692,76,80,-4,4
13693,84,91,-7,7
13694,86,90,-4,4
13695,103,95,8,8
13696,106,98,8,8
13697,150,126,24,24
13698,73,77,-4,4
13699,130,136,-6,6
13700,132,118,14,14
13701,139,130,9,9
13702,115,112,3,3
13703,155,141,14,14
13704,75,86,-11,11
13705,70,77,-7,7
13706,127,116,11,11
13707,65,71,-6,6
13708,100,106,-6,6
13709,170,156,14,14
13710,135,128,7,7
13711,75,81,-6,6
13712,164,163,1,1
13713,125,113,12,12
13714,104,107,-3,3
13715,53,63,-10,10
13716,146,139,7,7
13717,102,91,11,11
13718,70,80,-10,10
13719,54,66,-12,12
13720,108,106,2,2
13721,97,99,-2,2
13722,104,101,3,3
13723,140,133,7,7
13724,94,107,-13,13
13725,62,80,-18,18
13726,105,97,8,8
13727,48,58,-10,10
13728,63,73,-10,10
13729,64,65,-1,1
13730,51,60,-9,9
13731,63,68,-5,5
13732,121,118,3,3
13733,120,114,6,6
13734,86,92,-6,6
13735,91,94,-3,3
13736,55,70,-15,15
13737,98,98,0,0
13738,69,70,-1,1
13739,45,54,-9,9
13740,126,134,-8,8
13741,169,162,7,7
13742,95,92,3,3
13743,106,109,-3,3
13744,91,87,4,4
13745,126,115,11,11
13746,67,75,-8,8
13747,55,67,-12,12
13748,74,82,-8,8
13749,87,80,7,7
13750,87,89,-2,2
13751,83,79,4,4
13752,114,122,-8,8
13753,125,123,2,2
13754,120,114,6,6
13755,86,85,1,1
13756,66,78,-12,12
13757,106,102,4,4
13758,62,66,-4,4
13759,87,107,-20,20
13760,68,68,0,0
13761,77,82,-5,5
13762,106,101,5,5
13763,101,99,2,2
13764,93,89,4,4
13765,63,88,-25,25
13766,53,68,-15,15
13767,116,118,-2,2
13768,116,117,-1,1
13769,92,116,-24,24
13770,80,89,-9,9
13771,93,95,-2,2
13772,129,121,8,8
13773,97,97,0,0
13774,51,67,-16,16
13775,98,93,5,5
13776,80,107,-27,27
13777,74,80,-6,6
13778,157,140,17,17
13779,163,156,7,7
13780,62,72,-10,10
13781,107,106,1,1
13782,107,97,10,10
13783,107,103,4,4
13784,83,86,-3,3
13785,117,103,14,14
13786,94,100,-6,6
13787,65,74,-9,9
13788,61,72,-11,11
13789,79,85,-6,6
13790,137,135,2,2
13791,141,128,13,13
13792,95,98,-3,3
13793,101,100,1,1
13794,95,98,-3,3
13795,142,123,19,19
13796,107,97,10,10
13797,80,81,-1,1
13798,91,95,-4,4
13799,71,76,-5,5
13800,81,86,-5,5
13801,96,94,2,2
13802,151,138,13,13
13803,75,87,-12,12
13804,69,77,-8,8
13805,70,77,-7,7
13806,66,77,-11,11
13807,100,102,-2,2
13808,107,102,5,5
13809,116,111,5,5
13810,59,70,-11,11
13811,90,95,-5,5
13812,60,64,-4,4
13813,55,65,-10,10
13814,66,78,-12,12
13815,90,96,-6,6
13816,80,90,-10,10
13817,151,86,65,65
13818,91,91,0,0
13819,59,66,-7,7
13820,73,80,-7,7
13821,51,65,-14,14
13822,95,97,-2,2
13823,92,93,-1,1
13824,61,69,-8,8
13825,80,84,-4,4
13826,107,120,-13,13
13827,79,84,-5,5
13828,167,145,22,22
13829,58,68,-10,10
13830,104,102,2,2
13831,106,116,-10,10
13832,61,65,-4,4
13833,111,119,-8,8
13834,97,111,-14,14
13835,101,100,1,1
13836,67,78,-11,11
13837,56,69,-13,13
13838,57,65,-8,8
13839,82,74,8,8
13840,95,96,-1,1
13841,69,80,-11,11
13842,58,70,-12,12
13843,105,100,5,5
13844,163,140,23,23
13845,61,74,-13,13
13846,90,81,9,9
13847,220,193,27,27
13848,96,87,9,9
13849,44,56,-12,12
13850,59,68,-9,9
13851,60,72,-12,12
13852,64,74,-10,10
13853,94,95,-1,1
13854,151,134,17,17
13855,75,80,-5,5
13856,75,80,-5,5
13857,79,77,2,2
13858,70,81,-11,11
13859,107,108,-1,1
13860,145,136,9,9
13861,70,71,-1,1
13862,75,76,-1,1
13863,141,132,9,9
13864,66,75,-9,9
13865,79,77,2,2
13866,111,101,10,10
13867,112,102,10,10
13868,125,129,-4,4
13869,121,124,-3,3
13870,108,101,7,7
13871,74,88,-14,14
13872,106,111,-5,5
13873,118,119,-1,1
13874,162,140,22,22
13875,142,109,33,33
13876,65,74,-9,9
13877,59,65,-6,6
13878,91,87,4,4
13879,75,78,-3,3
13880,125,119,6,6
13881,146,135,11,11
13882,84,84,0,0
13883,95,96,-1,1
13884,88,84,4,4
13885,95,92,3,3
13886,54,69,-15,15
13887,68,67,1,1
13888,250,225,25,25
13889,64,69,-5,5
13890,89,87,2,2
13891,63,72,-9,9
13892,47,71,-24,24
13893,113,112,1,1
13894,118,111,7,7
13895,77,79,-2,2
13896,175,151,24,24
13897,87,90,-3,3
13898,85,88,-3,3
13899,107,98,9,9
13900,77,72,5,5
13901,112,119,-7,7
13902,67,77,-10,10
13903,124,131,-7,7
13904,69,74,-5,5
13905,170,162,8,8
13906,91,84,7,7
13907,69,76,-7,7
13908,69,70,-1,1
13909,102,103,-1,1
13910,87,100,-13,13
13911,61,70,-9,9
13912,140,118,22,22
13913,56,66,-10,10
13914,50,61,-11,11
13915,71,72,-1,1
13916,46,63,-17,17
13917,102,104,-2,2
13918,72,75,-3,3
13919,102,107,-5,5
13920,98,97,1,1
13921,114,118,-4,4
13922,83,91,-8,8
13923,75,83,-8,8
13924,92,87,5,5
13925,107,107,0,0
13926,166,147,19,19
13927,72,80,-8,8
13928,43,65,-22,22
13929,98,88,10,10
13930,141,130,11,11
13931,112,99,13,13
13932,149,137,12,12
13933,17,40,-23,23
13934,63,77,-14,14
13935,127,121,6,6
13936,128,123,5,5
13937,64,75,-11,11
13938,59,68,-9,9
13939,45,66,-21,21
13940,104,100,4,4
13941,82,84,-2,2
13942,52,57,-5,5
13943,96,91,5,5
13944,108,104,4,4
13945,122,119,3,3
13946,105,103,2,2
13947,72,81,-9,9
13948,75,76,-1,1
13949,111,109,2,2
13950,86,86,0,0
13951,121,119,2,2
13952,86,89,-3,3
13953,66,70,-4,4
13954,93,94,-1,1
13955,128,132,-4,4
13956,142,130,12,12
13957,87,78,9,9
13958,84,87,-3,3
13959,103,105,-2,2
13960,113,104,9,9
13961,136,131,5,5
13962,74,76,-2,2
13963,108,120,-12,12
13964,89,95,-6,6
13965,84,88,-4,4
13966,98,98,0,0
13967,51,67,-16,16
13968,53,59,-6,6
13969,88,86,2,2
13970,96,92,4,4
13971,105,114,-9,9
13972,95,90,5,5
13973,119,109,10,10
13974,79,78,1,1
13975,110,94,16,16
13976,68,71,-3,3
13977,98,99,-1,1
13978,162,151,11,11
13979,124,125,-1,1
13980,54,61,-7,7
13981,89,97,-8,8
13982,55,67,-12,12
13983,147,126,21,21
13984,118,108,10,10
13985,28,44,-16,16
13986,115,112,3,3
13987,87,92,-5,5
13988,129,121,8,8
13989,100,97,3,3
13990,119,118,1,1
13991,95,98,-3,3
13992,130,125,5,5
13993,57,60,-3,3
13994,103,96,7,7
13995,100,99,1,1
13996,95,95,0,0
13997,61,69,-8,8
13998,59,71,-12,12
13999,126,117,9,9
14000,162,163,-1,1
14001,98,99,-1,1
14002,134,110,24,24
14003,118,115,3,3
14004,57,67,-10,10
14005,84,94,-10,10
14006,84,85,-1,1
14007,120,127,-7,7
14008,163,154,9,9
14009,64,72,-8,8
14010,83,80,3,3
14011,69,86,-17,17
14012,135,105,30,30
14013,86,84,2,2
14014,60,62,-2,2
14015,77,88,-11,11
14016,92,96,-4,4
14017,85,85,0,0
14018,161,148,13,13
14019,126,112,14,14
14020,63,71,-8,8
14021,93,101,-8,8
14022,73,78,-5,5
14023,107,107,0,0
14024,74,82,-8,8
14025,73,71,2,2
14026,108,99,9,9
14027,182,166,16,16
14028,134,120,14,14
14029,67,76,-9,9
14030,91,91,0,0
14031,131,150,-19,19
14032,146,133,13,13
14033,80,82,-2,2
14034,139,128,11,11
14035,188,174,14,14
14036,150,132,18,18
14037,74,79,-5,5
14038,115,118,-3,3
14039,87,85,2,2
14040,83,77,6,6
14041,71,76,-5,5
14042,95,97,-2,2
14043,110,102,8,8
14044,91,92,-1,1
14045,108,104,4,4
14046,51,60,-9,9
14047,71,80,-9,9
14048,50,62,-12,12
14049,66,76,-10,10
14050,56,72,-16,16
14051,108,108,0,0
14052,114,107,7,7
14053,86,82,4,4
14054,88,87,1,1
14055,66,68,-2,2
14056,111,112,-1,1
14057,53,66,-13,13
14058,94,95,-1,1
14059,74,78,-4,4
14060,129,129,0,0
14061,75,84,-9,9
14062,198,173,25,25
14063,76,77,-1,1
14064,94,96,-2,2
14065,70,73,-3,3
14066,172,144,28,28
14067,61,69,-8,8
14068,80,85,-5,5
14069,102,96,6,6
14070,114,115,-1,1
14071,70,78,-8,8
14072,75,86,-11,11
14073,112,105,7,7
14074,44,54,-10,10
14075,145,157,-12,12
14076,68,96,-28,28
14077,148,138,10,10
14078,56,67,-11,11
14079,81,86,-5,5
14080,73,80,-7,7
14081,122,122,0,0
14082,75,88,-13,13
14083,121,126,-5,5
14084,139,137,2,2
14085,63,70,-7,7
14086,125,121,4,4
14087,85,86,-1,1
14088,112,116,-4,4
14089,114,108,6,6
14090,134,124,10,10
14091,98,107,-9,9
14092,75,86,-11,11
14093,135,120,15,15
14094,96,99,-3,3
14095,102,101,1,1
14096,150,146,4,4
14097,186,158,28,28
14098,63,67,-4,4
14099,116,107,9,9
14100,83,78,5,5
14101,110,96,14,14
14102,104,100,4,4
14103,71,75,-4,4
14104,111,119,-8,8
14105,106,110,-4,4
14106,147,145,2,2
14107,67,76,-9,9
14108,212,187,25,25
14109,83,90,-7,7
14110,174,147,27,27
14111,113,122,-9,9
14112,68,84,-16,16
14113,159,157,2,2
14114,52,69,-17,17
14115,123,120,3,3
14116,112,110,2,2
14117,69,82,-13,13
14118,61,71,-10,10
14119,63,71,-8,8
14120,70,78,-8,8
14121,65,77,-12,12
14122,145,146,-1,1
14123,121,122,-1,1
14124,60,64,-4,4
14125,187,162,25,25
14126,24,34,-10,10
14127,136,132,4,4
14128,65,82,-17,17
14129,67,73,-6,6
14130,189,171,18,18
14131,83,105,-22,22
14132,76,83,-7,7
14133,91,92,-1,1
14134,74,90,-16,16
14135,55,71,-16,16
14136,107,101,6,6
14137,160,144,16,16
14138,149,134,15,15
14139,96,94,2,2
14140,88,92,-4,4
14141,118,115,3,3
14142,91,92,-1,1
14143,92,95,-3,3
14144,74,80,-6,6
14145,118,122,-4,4
14146,81,99,-18,18
14147,95,95,0,0
14148,68,77,-9,9
14149,132,119,13,13
14150,49,56,-7,7
14151,115,115,0,0
14152,148,139,9,9
14153,109,123,-14,14
14154,104,97,7,7
14155,159,155,4,4
14156,83,79,4,4
14157,47,57,-10,10
14158,92,93,-1,1
14159,101,105,-4,4
14160,57,64,-7,7
14161,40,58,-18,18
14162,153,138,15,15
14163,163,132,31,31
14164,66,75,-9,9
14165,90,88,2,2
14166,55,61,-6,6
14167,52,68,-16,16
14168,96,97,-1,1
14169,115,115,0,0
14170,47,60,-13,13
14171,77,94,-17,17
14172,76,84,-8,8
14173,115,118,-3,3
14174,93,99,-6,6
14175,120,97,23,23
14176,83,91,-8,8
14177,119,115,4,4
14178,40,59,-19,19
14179,47,61,-14,14
14180,55,63,-8,8
14181,96,97,-1,1
14182,88,95,-7,7
14183,74,91,-17,17
14184,80,89,-9,9
14185,68,72,-4,4
14186,144,134,10,10
14187,101,98,3,3
14188,116,115,1,1
14189,63,71,-8,8
14190,51,61,-10,10
14191,123,125,-2,2
14192,145,136,9,9
14193,107,98,9,9
14194,109,106,3,3
14195,115,114,1,1
14196,59,65,-6,6
14197,63,76,-13,13
14198,190,173,17,17
14199,69,72,-3,3
14200,77,83,-6,6
14201,78,89,-11,11
14202,85,96,-11,11
14203,112,96,16,16
14204,82,87,-5,5
14205,150,141,9,9
14206,72,81,-9,9
14207,105,107,-2,2
14208,80,82,-2,2
14209,39,53,-14,14
14210,102,109,-7,7
14211,68,78,-10,10
14212,95,94,1,1
14213,24,37,-13,13
14214,50,62,-12,12
14215,66,67,-1,1
14216,69,80,-11,11
14217,120,112,8,8
14218,140,123,17,17
14219,69,78,-9,9
14220,187,148,39,39
14221,107,103,4,4
14222,67,72,-5,5
14223,126,125,1,1
14224,112,120,-8,8
14225,93,102,-9,9
14226,89,95,-6,6
14227,93,100,-7,7
14228,48,57,-9,9
14229,153,142,11,11
14230,67,73,-6,6
14231,48,61,-13,13
14232,58,74,-16,16
14233,179,157,22,22
14234,91,95,-4,4
14235,123,122,1,1
14236,70,80,-10,10
14237,32,50,-18,18
14238,96,89,7,7
14239,53,61,-8,8
14240,99,102,-3,3
14241,133,119,14,14
14242,77,88,-11,11
14243,47,61,-14,14
14244,55,64,-9,9
14245,85,83,2,2
14246,135,126,9,9
14247,103,99,4,4
14248,62,79,-17,17
14249,73,80,-7,7
14250,117,126,-9,9
14251,112,107,5,5
14252,34,46,-12,12
14253,46,59,-13,13
14254,68,73,-5,5
14255,42,52,-10,10
14256,88,104,-16,16
14257,88,92,-4,4
14258,78,85,-7,7
14259,74,84,-10,10
14260,145,133,12,12
14261,144,134,10,10
14262,146,142,4,4
14263,50,64,-14,14
14264,134,117,17,17
14265,81,79,2,2
14266,81,80,1,1
14267,64,72,-8,8
14268,134,127,7,7
14269,177,167,10,10
14270,115,106,9,9
14271,105,108,-3,3
14272,142,124,18,18
14273,104,106,-2,2
14274,74,86,-12,12
14275,177,151,26,26
14276,47,58,-11,11
14277,127,128,-1,1
14278,186,157,29,29
14279,81,97,-16,16
14280,78,80,-2,2
14281,155,137,18,18
14282,170,130,40,40
14283,97,94,3,3
14284,94,94,0,0
14285,77,85,-8,8
14286,83,86,-3,3
14287,109,107,2,2
14288,92,96,-4,4
14289,93,95,-2,2
14290,63,89,-26,26
14291,85,89,-4,4
14292,92,102,-10,10
14293,68,67,1,1
14294,111,118,-7,7
14295,181,165,16,16
14296,57,62,-5,5
14297,93,99,-6,6
14298,68,82,-14,14
14299,95,100,-5,5
14300,123,109,14,14
14301,58,69,-11,11
14302,159,138,21,21
14303,97,89,8,8
14304,82,86,-4,4
14305,70,71,-1,1
14306,87,80,7,7
14307,63,72,-9,9
14308,138,129,9,9
14309,124,125,-1,1
14310,90,91,-1,1
14311,72,72,0,0
14312,82,94,-12,12
14313,102,119,-17,17
14314,149,126,23,23
14315,127,119,8,8
14316,127,103,24,24
14317,80,82,-2,2
14318,79,76,3,3
14319,126,126,0,0
14320,160,147,13,13
14321,88,89,-1,1
14322,57,56,1,1
14323,117,116,1,1
14324,88,84,4,4
14325,117,116,1,1
14326,108,105,3,3
14327,122,130,-8,8
14328,126,116,10,10
14329,137,131,6,6
14330,119,102,17,17
14331,94,98,-4,4
14332,89,78,11,11
14333,65,70,-5,5
14334,80,83,-3,3
14335,73,80,-7,7
14336,137,121,16,16
14337,112,108,4,4
14338,93,96,-3,3
14339,121,102,19,19
14340,94,98,-4,4
14341,74,81,-7,7
14342,126,119,7,7
14343,102,95,7,7
14344,61,65,-4,4
14345,107,109,-2,2
14346,187,165,22,22
14347,129,121,8,8
14348,96,100,-4,4
14349,85,81,4,4
14350,89,96,-7,7
14351,65,66,-1,1
14352,67,82,-15,15
14353,95,92,3,3
14354,90,86,4,4
14355,70,88,-18,18
14356,51,67,-16,16
14357,67,80,-13,13
14358,105,96,9,9
14359,72,91,-19,19
14360,73,72,1,1
14361,90,94,-4,4
14362,60,65,-5,5
14363,125,119,6,6
14364,128,118,10,10
14365,114,108,6,6
14366,80,73,7,7
14367,130,114,16,16
14368,170,176,-6,6
14369,163,155,8,8
14370,121,106,15,15
14371,65,75,-10,10
14372,110,107,3,3
14373,86,90,-4,4
14374,136,130,6,6
14375,95,97,-2,2
14376,82,84,-2,2
14377,117,108,9,9
14378,122,121,1,1
14379,61,64,-3,3
14380,49,60,-11,11
14381,188,160,28,28
14382,61,74,-13,13
14383,164,157,7,7
14384,64,75,-11,11
14385,100,95,5,5
14386,75,78,-3,3
14387,90,90,0,0
14388,83,81,2,2
14389,74,84,-10,10
14390,88,91,-3,3
14391,110,100,10,10
14392,104,101,3,3
14393,61,72,-11,11
14394,80,91,-11,11
14395,121,110,11,11
14396,72,79,-7,7
14397,80,83,-3,3
14398,38,51,-13,13
14399,136,118,18,18
14400,85,94,-9,9
14401,86,90,-4,4
14402,129,122,7,7
14403,58,67,-9,9
14404,73,83,-10,10
14405,135,133,2,2
14406,106,115,-9,9
14407,53,63,-10,10
14408,54,69,-15,15
14409,62,80,-18,18
14410,91,99,-8,8
14411,61,67,-6,6
14412,56,69,-13,13
14413,53,64,-11,11
14414,67,74,-7,7
14415,81,90,-9,9
14416,77,86,-9,9
14417,92,92,0,0
14418,181,164,17,17
14419,68,78,-10,10
14420,73,81,-8,8
14421,102,97,5,5
14422,85,88,-3,3
14423,78,84,-6,6
14424,85,82,3,3
14425,86,94,-8,8
14426,61,64,-3,3
14427,60,68,-8,8
14428,70,87,-17,17
14429,63,74,-11,11
14430,141,144,-3,3
14431,82,81,1,1
14432,125,115,10,10
14433,25,37,-12,12
14434,124,112,12,12
14435,42,56,-14,14
14436,123,125,-2,2
14437,50,66,-16,16
14438,94,100,-6,6
14439,175,155,20,20
14440,119,119,0,0
14441,97,99,-2,2
14442,112,109,3,3
14443,105,104,1,1
14444,85,87,-2,2
14445,117,121,-4,4
14446,140,130,10,10
14447,117,107,10,10
14448,45,57,-12,12
14449,73,80,-7,7
14450,71,86,-15,15
14451,41,52,-11,11
14452,134,123,11,11
14453,102,102,0,0
14454,69,76,-7,7
14455,98,102,-4,4
14456,113,104,9,9
14457,90,94,-4,4
14458,67,73,-6,6
14459,83,90,-7,7
14460,64,71,-7,7
14461,192,158,34,34
14462,93,86,7,7
14463,111,112,-1,1
14464,122,123,-1,1
14465,89,99,-10,10
14466,77,97,-20,20
14467,66,76,-10,10
14468,57,68,-11,11
14469,84,90,-6,6
14470,90,96,-6,6
14471,103,101,2,2
14472,144,135,9,9
14473,120,111,9,9
14474,105,101,4,4
14475,121,118,3,3
14476,51,98,-47,47
14477,91,86,5,5
14478,73,86,-13,13
14479,60,70,-10,10
14480,50,60,-10,10
14481,94,102,-8,8
14482,107,100,7,7
14483,62,65,-3,3
14484,77,80,-3,3
14485,109,103,6,6
14486,113,106,7,7
14487,95,99,-4,4
14488,153,152,1,1
14489,146,126,20,20
14490,75,82,-7,7
14491,97,99,-2,2
14492,96,98,-2,2
14493,112,124,-12,12
14494,93,104,-11,11
14495,88,90,-2,2
14496,143,126,17,17
14497,131,127,4,4
14498,92,95,-3,3
14499,77,79,-2,2
14500,94,94,0,0
14501,60,78,-18,18
14502,70,77,-7,7
14503,73,79,-6,6
14504,115,110,5,5
14505,111,113,-2,2
14506,41,53,-12,12
14507,49,60,-11,11
14508,141,130,11,11
14509,85,83,2,2
14510,89,91,-2,2
14511,84,79,5,5
14512,102,99,3,3
14513,100,104,-4,4
14514,72,77,-5,5
14515,99,94,5,5
14516,68,71,-3,3
14517,63,68,-5,5
14518,156,155,1,1
14519,113,106,7,7
14520,109,101,8,8
14521,141,132,9,9
14522,173,159,14,14
14523,95,101,-6,6
14524,89,96,-7,7
14525,103,99,4,4
14526,71,77,-6,6
14527,81,84,-3,3
14528,93,94,-1,1
14529,138,144,-6,6
14530,94,85,9,9
14531,168,149,19,19
14532,56,68,-12,12
14533,70,71,-1,1
14534,143,121,22,22
14535,115,115,0,0
14536,78,79,-1,1
14537,71,75,-4,4
14538,61,68,-7,7
14539,174,157,17,17
14540,136,132,4,4
14541,137,139,-2,2
14542,64,66,-2,2
14543,98,96,2,2
14544,61,74,-13,13
14545,79,80,-1,1
14546,58,66,-8,8
14547,88,91,-3,3
14548,83,85,-2,2
14549,58,72,-14,14
14550,113,102,11,11
14551,65,70,-5,5
14552,98,99,-1,1
14553,98,94,4,4
14554,119,106,13,13
14555,81,89,-8,8
14556,107,107,0,0
14557,69,73,-4,4
14558,102,105,-3,3
14559,64,74,-10,10
14560,92,99,-7,7
14561,91,83,8,8
14562,76,74,2,2
14563,120,114,6,6
14564,131,122,9,9
14565,73,71,2,2
14566,113,95,18,18
14567,46,52,-6,6
14568,31,36,-5,5
14569,86,92,-6,6
14570,124,127,-3,3
14571,69,73,-4,4
14572,103,100,3,3
14573,78,87,-9,9
14574,85,82,3,3
14575,43,53,-10,10
14576,102,102,0,0
14577,64,76,-12,12
14578,112,119,-7,7
14579,104,103,1,1
14580,116,116,0,0
14581,72,79,-7,7
14582,86,95,-9,9
14583,45,58,-13,13
14584,90,95,-5,5
14585,204,180,24,24
14586,38,55,-17,17
14587,95,84,11,11
14588,102,111,-9,9
14589,193,175,18,18
14590,130,120,10,10
14591,47,59,-12,12
14592,132,129,3,3
14593,176,141,35,35
14594,67,76,-9,9
14595,100,104,-4,4
14596,73,73,0,0
14597,44,60,-16,16
14598,65,76,-11,11
14599,34,52,-18,18
14600,56,72,-16,16
14601,87,92,-5,5
14602,87,105,-18,18
14603,44,63,-19,19
14604,115,103,12,12
14605,82,84,-2,2
14606,134,134,0,0
14607,161,146,15,15
14608,61,66,-5,5
14609,150,138,12,12
14610,106,102,4,4
14611,68,73,-5,5
14612,106,96,10,10
14613,96,95,1,1
14614,142,142,0,0
14615,74,71,3,3
14616,47,60,-13,13
14617,130,126,4,4
14618,121,121,0,0
14619,104,101,3,3
14620,79,84,-5,5
14621,85,83,2,2
14622,92,95,-3,3
14623,52,98,-46,46
14624,144,155,-11,11
14625,92,86,6,6
14626,58,63,-5,5
14627,116,121,-5,5
14628,71,82,-11,11
14629,65,68,-3,3
14630,86,81,5,5
14631,51,64,-13,13
14632,51,65,-14,14
14633,169,154,15,15
14634,117,121,-4,4
14635,94,95,-1,1
14636,77,80,-3,3
14637,61,68,-7,7
14638,64,71,-7,7
14639,38,55,-17,17
14640,54,62,-8,8
14641,70,79,-9,9
14642,77,84,-7,7
14643,127,115,12,12
14644,58,68,-10,10
14645,84,88,-4,4
14646,89,94,-5,5
14647,52,61,-9,9
14648,73,79,-6,6
14649,64,78,-14,14
14650,53,70,-17,17
14651,112,103,9,9
14652,92,96,-4,4
14653,90,86,4,4
14654,72,78,-6,6
14655,99,105,-6,6
14656,84,82,2,2
14657,90,94,-4,4
14658,135,133,2,2
14659,91,90,1,1
14660,81,93,-12,12
14661,119,113,6,6
14662,70,79,-9,9
14663,62,71,-9,9
14664,80,86,-6,6
14665,69,73,-4,4
14666,107,119,-12,12
14667,145,132,13,13
14668,137,126,11,11
14669,94,99,-5,5
14670,158,136,22,22
14671,174,169,5,5
14672,100,105,-5,5
14673,141,131,10,10
14674,131,124,7,7
14675,168,155,13,13
14676,98,97,1,1
14677,116,120,-4,4
14678,101,97,4,4
14679,89,107,-18,18
14680,119,115,4,4
14681,139,133,6,6
14682,25,30,-5,5
14683,106,105,1,1
14684,161,154,7,7
14685,123,118,5,5
14686,87,86,1,1
14687,58,69,-11,11
14688,62,72,-10,10
14689,89,91,-2,2
14690,81,84,-3,3
14691,70,70,0,0
14692,78,82,-4,4
14693,163,153,10,10
14694,46,73,-27,27
14695,57,64,-7,7
14696,108,103,5,5
14697,148,118,30,30
14698,74,82,-8,8
14699,54,67,-13,13
14700,64,78,-14,14
14701,162,137,25,25
14702,124,114,10,10
14703,75,82,-7,7
14704,76,80,-4,4
14705,81,93,-12,12
14706,56,68,-12,12
14707,90,89,1,1
14708,70,82,-12,12
14709,66,86,-20,20
14710,75,83,-8,8
14711,95,110,-15,15
14712,123,120,3,3
14713,125,119,6,6
14714,44,56,-12,12
14715,141,135,6,6
14716,53,66,-13,13
14717,97,98,-1,1
14718,100,99,1,1
14719,78,97,-19,19
14720,199,176,23,23
14721,124,118,6,6
14722,56,75,-19,19
14723,62,65,-3,3
14724,109,101,8,8
14725,149,128,21,21
14726,101,103,-2,2
14727,129,120,9,9
14728,138,122,16,16
14729,118,120,-2,2
14730,151,143,8,8
14731,58,64,-6,6
14732,148,140,8,8
14733,89,93,-4,4
14734,93,97,-4,4
14735,111,106,5,5
14736,131,124,7,7
14737,106,112,-6,6
14738,123,118,5,5
14739,119,137,-18,18
14740,106,109,-3,3
14741,121,118,3,3
14742,74,72,2,2
14743,94,101,-7,7
14744,83,80,3,3
14745,159,145,14,14
14746,126,115,11,11
14747,71,77,-6,6
14748,52,60,-8,8
14749,139,139,0,0
14750,98,94,4,4
14751,94,95,-1,1
14752,58,64,-6,6
14753,126,123,3,3
14754,65,72,-7,7
14755,98,89,9,9
14756,170,155,15,15
14757,71,82,-11,11
14758,63,82,-19,19
14759,74,83,-9,9
14760,119,112,7,7
14761,73,89,-16,16
14762,88,89,-1,1
14763,96,98,-2,2
14764,125,124,1,1
14765,119,119,0,0
14766,88,89,-1,1
14767,98,94,4,4
14768,103,116,-13,13
14769,95,94,1,1
14770,80,85,-5,5
14771,88,91,-3,3
14772,50,59,-9,9
14773,81,82,-1,1
14774,72,73,-1,1
14775,56,53,3,3
14776,54,64,-10,10
14777,70,84,-14,14
14778,92,89,3,3
14779,79,82,-3,3
14780,64,73,-9,9
14781,121,120,1,1
14782,55,63,-8,8
14783,110,105,5,5
14784,142,130,12,12
14785,160,147,13,13
14786,61,68,-7,7
14787,59,68,-9,9
14788,102,109,-7,7
14789,95,92,3,3
14790,62,73,-11,11
14791,142,134,8,8
14792,91,84,7,7
14793,114,109,5,5
14794,54,63,-9,9
14795,93,100,-7,7
14796,96,95,1,1
14797,75,78,-3,3
14798,95,93,2,2
14799,59,70,-11,11
14800,87,80,7,7
14801,121,106,15,15
14802,85,92,-7,7
14803,74,80,-6,6
14804,94,97,-3,3
14805,117,117,0,0
14806,136,130,6,6
14807,51,60,-9,9
14808,143,133,10,10
14809,110,106,4,4
14810,112,104,8,8
14811,59,63,-4,4
14812,69,72,-3,3
14813,92,92,0,0
14814,92,97,-5,5
14815,125,114,11,11
14816,93,88,5,5
14817,94,91,3,3
14818,183,156,27,27
14819,158,152,6,6
14820,126,121,5,5
14821,201,173,28,28
14822,96,90,6,6
14823,69,89,-20,20
14824,112,121,-9,9
14825,60,73,-13,13
14826,81,80,1,1
14827,229,189,40,40
14828,81,81,0,0
14829,49,64,-15,15
14830,98,92,6,6
14831,104,101,3,3
14832,117,108,9,9
14833,91,96,-5,5
14834,96,88,8,8
14835,82,84,-2,2
14836,193,160,33,33
14837,75,83,-8,8
14838,101,100,1,1
14839,128,115,13,13
14840,103,100,3,3
14841,84,83,1,1
14842,162,143,19,19
14843,117,118,-1,1
14844,104,122,-18,18
14845,85,87,-2,2
14846,90,93,-3,3
14847,67,75,-8,8
14848,91,84,7,7
14849,152,142,10,10
14850,60,66,-6,6
14851,107,104,3,3
14852,114,128,-14,14
14853,95,97,-2,2
14854,85,91,-6,6
14855,72,105,-33,33
14856,66,74,-8,8
14857,81,89,-8,8
14858,112,105,7,7
14859,39,54,-15,15
14860,125,135,-10,10
14861,67,74,-7,7
14862,103,96,7,7
14863,44,65,-21,21
14864,52,61,-9,9
14865,58,69,-11,11
14866,105,109,-4,4
14867,55,71,-16,16
14868,107,122,-15,15
14869,102,109,-7,7
14870,61,82,-21,21
14871,129,125,4,4
14872,72,77,-5,5
14873,144,136,8,8
14874,67,77,-10,10
14875,131,120,11,11
14876,59,70,-11,11
14877,142,131,11,11
14878,80,85,-5,5
14879,95,93,2,2
14880,62,76,-14,14
14881,99,101,-2,2
14882,69,84,-15,15
14883,36,52,-16,16
14884,53,65,-12,12
14885,174,147,27,27
14886,120,119,1,1
14887,60,73,-13,13
14888,44,54,-10,10
14889,104,107,-3,3
14890,70,72,-2,2
14891,80,81,-1,1
14892,72,74,-2,2
14893,114,123,-9,9
14894,110,110,0,0
14895,69,71,-2,2
14896,108,102,6,6
14897,136,127,9,9
14898,62,73,-11,11
14899,170,160,10,10
14900,109,100,9,9
14901,85,90,-5,5
14902,93,85,8,8
14903,117,113,4,4
14904,102,86,16,16
14905,123,116,7,7
14906,91,105,-14,14
14907,65,73,-8,8
14908,52,64,-12,12
14909,139,121,18,18
14910,88,95,-7,7
14911,67,85,-18,18
14912,143,134,9,9
14913,153,148,5,5
14914,65,72,-7,7
14915,84,90,-6,6
14916,101,109,-8,8
14917,90,118,-28,28
14918,75,77,-2,2
14919,95,95,0,0
14920,197,162,35,35
14921,60,67,-7,7
14922,152,145,7,7
14923,69,72,-3,3
14924,79,84,-5,5
14925,63,69,-6,6
14926,114,112,2,2
14927,94,91,3,3
14928,107,102,5,5
14929,94,95,-1,1
14930,68,75,-7,7
14931,95,96,-1,1
14932,123,114,9,9
14933,81,83,-2,2
14934,141,122,19,19
14935,78,83,-5,5
14936,100,106,-6,6
14937,120,116,4,4
14938,36,50,-14,14
14939,81,89,-8,8
14940,118,101,17,17
14941,122,123,-1,1
14942,80,77,3,3
14943,130,119,11,11
14944,44,54,-10,10
14945,170,160,10,10
14946,74,96,-22,22
14947,66,77,-11,11
14948,192,170,22,22
14949,84,88,-4,4
14950,116,134,-18,18
14951,81,83,-2,2
14952,43,53,-10,10
14953,69,76,-7,7
14954,63,69,-6,6
14955,94,94,0,0
14956,84,85,-1,1
14957,56,61,-5,5
14958,106,109,-3,3
14959,152,127,25,25
14960,92,93,-1,1
14961,68,72,-4,4
14962,87,95,-8,8
14963,88,99,-11,11
14964,78,84,-6,6
14965,64,80,-16,16
14966,147,137,10,10
14967,57,64,-7,7
14968,81,90,-9,9
14969,59,71,-12,12
14970,70,76,-6,6
14971,87,95,-8,8
14972,90,85,5,5
14973,87,80,7,7
14974,49,61,-12,12
14975,160,134,26,26
14976,131,118,13,13
14977,83,89,-6,6
14978,44,58,-14,14
14979,44,59,-15,15
14980,52,67,-15,15
14981,102,106,-4,4
14982,69,76,-7,7
14983,99,98,1,1
14984,81,93,-12,12
14985,91,100,-9,9
14986,87,89,-2,2
14987,57,65,-8,8
14988,82,92,-10,10
14989,56,66,-10,10
14990,76,82,-6,6
14991,79,84,-5,5
14992,78,78,0,0
14993,121,107,14,14
14994,119,103,16,16
14995,68,80,-12,12
14996,146,133,13,13
14997,106,92,14,14
14998,132,118,14,14
14999,47,58,-11,11
15000,70,75,-5,5
15001,114,99,15,15
15002,71,74,-3,3
15003,85,97,-12,12
15004,132,120,12,12
15005,33,41,-8,8
15006,16,26,-10,10
15007,68,76,-8,8
15008,62,72,-10,10
15009,84,92,-8,8
15010,50,63,-13,13
15011,91,95,-4,4
15012,116,111,5,5
15013,97,94,3,3
15014,126,126,0,0
15015,102,106,-4,4
15016,111,100,11,11
15017,113,107,6,6
15018,149,130,19,19
15019,87,84,3,3
15020,120,108,12,12
15021,124,120,4,4
15022,145,125,20,20
15023,78,81,-3,3
15024,158,148,10,10
15025,47,64,-17,17
15026,228,186,42,42
15027,86,94,-8,8
15028,97,99,-2,2
15029,105,101,4,4
15030,59,72,-13,13
15031,134,112,22,22
15032,122,120,2,2
15033,116,127,-11,11
15034,72,88,-16,16
15035,95,106,-11,11
15036,48,58,-10,10
15037,71,75,-4,4
15038,164,161,3,3
15039,80,85,-5,5
15040,96,92,4,4
15041,133,120,13,13
15042,121,126,-5,5
15043,122,121,1,1
15044,99,94,5,5
15045,96,91,5,5
15046,41,59,-18,18
15047,157,134,23,23
15048,104,88,16,16
15049,65,76,-11,11
15050,103,107,-4,4
15051,118,111,7,7
15052,99,98,1,1
15053,126,113,13,13
15054,106,103,3,3
15055,55,57,-2,2
15056,75,77,-2,2
15057,69,81,-12,12
15058,107,108,-1,1
15059,122,120,2,2
15060,63,74,-11,11
15061,107,102,5,5
15062,96,116,-20,20
15063,62,79,-17,17
15064,72,78,-6,6
15065,152,138,14,14
15066,65,75,-10,10
15067,78,81,-3,3
15068,115,113,2,2
15069,113,103,10,10
15070,113,98,15,15
15071,105,100,5,5
15072,116,115,1,1
15073,158,145,13,13
15074,57,69,-12,12
15075,141,136,5,5
15076,82,84,-2,2
15077,106,107,-1,1
15078,96,89,7,7
15079,104,102,2,2
15080,98,94,4,4
15081,83,95,-12,12
15082,138,126,12,12
15083,148,136,12,12
15084,71,72,-1,1
15085,90,100,-10,10
15086,134,121,13,13
15087,129,132,-3,3
15088,127,124,3,3
15089,77,82,-5,5
15090,69,80,-11,11
15091,102,99,3,3
15092,69,77,-8,8
15093,65,72,-7,7
15094,102,109,-7,7
15095,56,76,-20,20
15096,123,112,11,11
15097,73,74,-1,1
15098,61,75,-14,14
15099,102,115,-13,13
15100,98,99,-1,1
15101,80,78,2,2
15102,85,91,-6,6
15103,61,68,-7,7
15104,127,122,5,5
15105,68,73,-5,5
15106,127,129,-2,2
15107,71,75,-4,4
15108,71,66,5,5
15109,149,137,12,12
15110,91,88,3,3
15111,98,102,-4,4
15112,51,63,-12,12
15113,90,87,3,3
15114,105,115,-10,10
15115,84,87,-3,3
15116,98,94,4,4
15117,188,185,3,3
15118,57,64,-7,7
15119,135,111,24,24
15120,107,99,8,8
15121,166,153,13,13
15122,102,97,5,5
15123,162,146,16,16
15124,74,76,-2,2
15125,81,88,-7,7
15126,58,67,-9,9
15127,93,82,11,11
15128,67,71,-4,4
15129,136,138,-2,2
15130,122,120,2,2
15131,114,116,-2,2
15132,66,69,-3,3
15133,121,109,12,12
15134,82,91,-9,9
15135,110,104,6,6
15136,63,73,-10,10
15137,108,104,4,4
15138,77,80,-3,3
15139,86,87,-1,1
15140,74,73,1,1
15141,101,105,-4,4
15142,114,120,-6,6
15143,105,100,5,5
15144,106,104,2,2
15145,83,83,0,0
15146,169,159,10,10
15147,71,77,-6,6
15148,87,94,-7,7
15149,67,74,-7,7
15150,86,111,-25,25
15151,244,210,34,34
15152,96,89,7,7
15153,136,132,4,4
15154,64,72,-8,8
15155,131,139,-8,8
15156,142,144,-2,2
15157,63,77,-14,14
15158,56,68,-12,12
15159,65,70,-5,5
15160,116,106,10,10
15161,57,63,-6,6
15162,109,116,-7,7
15163,114,122,-8,8
15164,68,71,-3,3
15165,114,108,6,6
15166,64,87,-23,23
15167,112,120,-8,8
15168,47,62,-15,15
15169,66,71,-5,5
15170,81,91,-10,10
15171,127,127,0,0
15172,109,107,2,2
15173,72,73,-1,1
15174,94,96,-2,2
15175,46,60,-14,14
15176,113,88,25,25
15177,70,78,-8,8
15178,80,88,-8,8
15179,64,75,-11,11
15180,113,102,11,11
15181,56,68,-12,12
15182,112,104,8,8
15183,50,68,-18,18
15184,101,96,5,5
15185,173,162,11,11
15186,57,62,-5,5
15187,104,100,4,4
15188,90,87,3,3
15189,76,79,-3,3
15190,94,94,0,0
15191,105,120,-15,15
15192,121,118,3,3
15193,126,131,-5,5
15194,127,110,17,17
15195,116,118,-2,2
15196,88,87,1,1
15197,62,78,-16,16
15198,190,177,13,13
15199,91,103,-12,12
15200,68,79,-11,11
15201,102,96,6,6
15202,150,120,30,30
15203,85,93,-8,8
15204,45,58,-13,13
15205,106,108,-2,2
15206,64,70,-6,6
15207,152,147,5,5
15208,124,123,1,1
15209,77,85,-8,8
15210,80,91,-11,11
15211,68,67,1,1
15212,131,127,4,4
15213,141,127,14,14
15214,138,122,16,16
15215,139,150,-11,11
15216,54,69,-15,15
15217,81,86,-5,5
15218,131,123,8,8
15219,105,102,3,3
15220,88,83,5,5
15221,97,99,-2,2
15222,132,123,9,9
15223,80,88,-8,8
15224,83,89,-6,6
15225,56,69,-13,13
15226,68,83,-15,15
15227,88,87,1,1
15228,101,105,-4,4
15229,123,117,6,6
15230,123,125,-2,2
15231,56,80,-24,24
15232,139,134,5,5
15233,102,105,-3,3
15234,53,60,-7,7
15235,145,138,7,7
15236,94,97,-3,3
15237,126,121,5,5
15238,92,86,6,6
15239,82,86,-4,4
15240,74,88,-14,14
15241,165,129,36,36
15242,99,104,-5,5
15243,139,141,-2,2
15244,84,79,5,5
15245,85,88,-3,3
15246,63,73,-10,10
15247,174,146,28,28
15248,127,108,19,19
15249,93,104,-11,11
15250,106,103,3,3
15251,108,131,-23,23
15252,93,94,-1,1
15253,98,88,10,10
15254,91,92,-1,1
15255,68,73,-5,5
15256,98,97,1,1
15257,264,233,31,31
15258,105,95,10,10
15259,71,80,-9,9
15260,57,62,-5,5
15261,99,99,0,0
15262,87,85,2,2
15263,109,106,3,3
15264,132,126,6,6
15265,66,80,-14,14
15266,99,102,-3,3
15267,70,72,-2,2
15268,111,107,4,4
15269,124,118,6,6
15270,53,67,-14,14
15271,113,102,11,11
15272,69,69,0,0
15273,69,82,-13,13
15274,80,84,-4,4
15275,87,89,-2,2
15276,117,107,10,10
15277,105,97,8,8
15278,64,66,-2,2
15279,41,56,-15,15
15280,60,66,-6,6
15281,93,95,-2,2
15282,74,73,1,1
15283,100,95,5,5
15284,75,78,-3,3
15285,117,105,12,12
15286,129,127,2,2
15287,145,139,6,6
15288,102,104,-2,2
15289,147,142,5,5
15290,55,67,-12,12
15291,91,89,2,2
15292,46,60,-14,14
15293,211,167,44,44
15294,125,130,-5,5
15295,76,81,-5,5
15296,84,85,-1,1
15297,104,103,1,1
15298,62,74,-12,12
15299,77,85,-8,8
15300,100,94,6,6
15301,83,90,-7,7
15302,90,94,-4,4
15303,181,154,27,27
15304,132,139,-7,7
15305,88,88,0,0
15306,85,89,-4,4
15307,69,77,-8,8
15308,59,66,-7,7
15309,42,46,-4,4
15310,138,126,12,12
15311,75,76,-1,1
15312,116,119,-3,3
15313,76,92,-16,16
15314,85,87,-2,2
15315,60,71,-11,11
15316,101,99,2,2
15317,117,122,-5,5
15318,73,87,-14,14
15319,65,79,-14,14
15320,136,134,2,2
15321,40,56,-16,16
15322,61,68,-7,7
15323,138,130,8,8
15324,55,68,-13,13
15325,87,84,3,3
15326,60,63,-3,3
15327,42,51,-9,9
15328,184,180,4,4
15329,136,136,0,0
15330,46,58,-12,12
15331,157,120,37,37
15332,99,103,-4,4
15333,64,66,-2,2
15334,95,96,-1,1
15335,138,133,5,5
15336,63,73,-10,10
15337,72,72,0,0
15338,52,66,-14,14
15339,90,85,5,5
15340,78,87,-9,9
15341,97,101,-4,4
15342,118,110,8,8
15343,89,94,-5,5
15344,55,66,-11,11
15345,109,104,5,5
15346,64,76,-12,12
15347,103,97,6,6
15348,96,97,-1,1
15349,101,96,5,5
15350,130,123,7,7
15351,67,84,-17,17
15352,65,73,-8,8
15353,80,84,-4,4
15354,90,91,-1,1
15355,86,84,2,2
15356,62,68,-6,6
15357,162,150,12,12
15358,107,111,-4,4
15359,42,51,-9,9
15360,104,102,2,2
15361,125,119,6,6
15362,93,96,-3,3
15363,163,169,-6,6
15364,42,64,-22,22
15365,127,120,7,7
15366,94,101,-7,7
15367,88,91,-3,3
15368,147,137,10,10
15369,155,143,12,12
15370,107,99,8,8
15371,65,72,-7,7
15372,94,107,-13,13
15373,77,87,-10,10
15374,128,124,4,4
15375,70,79,-9,9
15376,51,68,-17,17
15377,101,105,-4,4
15378,108,96,12,12
15379,169,150,19,19
15380,56,68,-12,12
15381,114,104,10,10
15382,129,134,-5,5
15383,98,97,1,1
15384,62,68,-6,6
15385,52,62,-10,10
15386,125,109,16,16
15387,123,115,8,8
15388,107,106,1,1
15389,100,102,-2,2
15390,153,161,-8,8
15391,81,90,-9,9
15392,82,88,-6,6
15393,97,98,-1,1
15394,28,33,-5,5
15395,123,122,1,1
15396,66,81,-15,15
15397,91,94,-3,3
15398,95,96,-1,1
15399,66,78,-12,12
15400,105,106,-1,1
15401,64,70,-6,6
15402,106,101,5,5
15403,136,123,13,13
15404,87,92,-5,5
15405,71,72,-1,1
15406,116,119,-3,3
15407,88,94,-6,6
15408,53,64,-11,11
15409,126,114,12,12
15410,144,125,19,19
15411,74,83,-9,9
15412,63,72,-9,9
15413,72,78,-6,6
15414,73,71,2,2
15415,76,83,-7,7
15416,88,88,0,0
15417,78,84,-6,6
15418,103,101,2,2
15419,76,75,1,1
15420,41,85,-44,44
15421,231,197,34,34
15422,134,132,2,2
15423,126,106,20,20
15424,138,125,13,13
15425,103,111,-8,8
15426,90,95,-5,5
15427,73,77,-4,4
15428,63,79,-16,16
15429,81,89,-8,8
15430,120,104,16,16
15431,92,97,-5,5
15432,100,100,0,0
15433,51,66,-15,15
15434,116,117,-1,1
15435,97,96,1,1
15436,87,78,9,9
15437,138,121,17,17
15438,52,67,-15,15
15439,36,52,-16,16
15440,167,161,6,6
15441,80,93,-13,13
15442,117,115,2,2
15443,91,85,6,6
15444,163,146,17,17
15445,112,122,-10,10
15446,75,84,-9,9
15447,119,113,6,6
15448,61,72,-11,11
15449,71,72,-1,1
15450,117,119,-2,2
15451,115,126,-11,11
15452,99,102,-3,3
15453,125,120,5,5
15454,100,101,-1,1
15455,153,129,24,24
15456,146,143,3,3
15457,157,139,18,18
15458,104,104,0,0
15459,130,120,10,10
15460,137,141,-4,4
15461,105,111,-6,6
15462,101,94,7,7
15463,110,115,-5,5
15464,97,94,3,3
15465,87,86,1,1
15466,107,106,1,1
15467,87,92,-5,5
15468,90,85,5,5
15469,90,89,1,1
15470,118,117,1,1
15471,57,70,-13,13
15472,108,112,-4,4
15473,51,64,-13,13
15474,56,84,-28,28
15475,53,73,-20,20
15476,55,68,-13,13
15477,68,82,-14,14
15478,61,72,-11,11
15479,142,138,4,4
15480,83,87,-4,4
15481,56,69,-13,13
15482,60,76,-16,16
15483,59,71,-12,12
15484,119,119,0,0
15485,60,75,-15,15
15486,60,70,-10,10
15487,106,104,2,2
15488,78,83,-5,5
15489,83,83,0,0
15490,63,73,-10,10
15491,147,136,11,11
15492,182,168,14,14
15493,129,121,8,8
15494,97,100,-3,3
15495,115,110,5,5
15496,105,109,-4,4
15497,102,107,-5,5
15498,127,128,-1,1
15499,157,144,13,13
15500,84,85,-1,1
15501,152,135,17,17
15502,74,81,-7,7
15503,79,83,-4,4
15504,123,125,-2,2
15505,135,137,-2,2
15506,82,86,-4,4
15507,111,112,-1,1
15508,62,90,-28,28
15509,59,72,-13,13
15510,77,90,-13,13
15511,63,76,-13,13
15512,81,86,-5,5
15513,56,64,-8,8
15514,69,79,-10,10
15515,65,77,-12,12
15516,82,84,-2,2
15517,91,92,-1,1
15518,190,153,37,37
15519,185,164,21,21
15520,131,120,11,11
15521,65,72,-7,7
15522,158,143,15,15
15523,144,147,-3,3
15524,73,86,-13,13
15525,80,88,-8,8
15526,152,139,13,13
15527,62,74,-12,12
15528,64,74,-10,10
15529,65,75,-10,10
15530,146,134,12,12
15531,124,119,5,5
15532,108,100,8,8
15533,131,120,11,11
15534,107,112,-5,5
15535,104,103,1,1
15536,78,77,1,1
15537,115,119,-4,4
15538,159,144,15,15
15539,103,109,-6,6
15540,101,104,-3,3
15541,63,66,-3,3
15542,160,149,11,11
15543,61,73,-12,12
15544,60,66,-6,6
15545,130,133,-3,3
15546,96,97,-1,1
15547,84,90,-6,6
15548,93,95,-2,2
15549,110,108,2,2
15550,66,69,-3,3
15551,77,78,-1,1
15552,103,103,0,0
15553,78,86,-8,8
15554,147,136,11,11
15555,87,93,-6,6
15556,84,81,3,3
15557,83,83,0,0
15558,69,71,-2,2
15559,180,175,5,5
15560,140,134,6,6
15561,57,67,-10,10
15562,120,116,4,4
15563,62,70,-8,8
15564,79,82,-3,3
15565,127,125,2,2
15566,64,75,-11,11
15567,81,78,3,3
15568,100,97,3,3
15569,118,116,2,2
15570,85,80,5,5
15571,77,88,-11,11
15572,104,98,6,6
15573,72,75,-3,3
15574,101,100,1,1
15575,95,101,-6,6
15576,98,95,3,3
15577,62,67,-5,5
15578,98,94,4,4
15579,113,122,-9,9
15580,62,70,-8,8
15581,52,67,-15,15
15582,112,102,10,10
15583,80,86,-6,6
15584,106,118,-12,12
15585,63,73,-10,10
15586,49,69,-20,20
15587,72,80,-8,8
15588,117,103,14,14
15589,116,109,7,7
15590,94,93,1,1
15591,95,98,-3,3
15592,83,97,-14,14
15593,119,119,0,0
15594,106,106,0,0
15595,92,86,6,6
15596,70,82,-12,12
15597,133,125,8,8
15598,64,70,-6,6
15599,169,152,17,17
15600,93,89,4,4
15601,102,103,-1,1
15602,87,86,1,1
15603,71,77,-6,6
15604,62,72,-10,10
15605,59,63,-4,4
15606,85,86,-1,1
15607,72,79,-7,7
15608,50,61,-11,11
15609,92,92,0,0
15610,127,120,7,7
15611,57,64,-7,7
15612,107,103,4,4
15613,65,69,-4,4
15614,82,87,-5,5
15615,81,90,-9,9
15616,98,99,-1,1
15617,82,82,0,0
15618,110,122,-12,12
15619,166,153,13,13
15620,107,105,2,2
15621,50,64,-14,14
15622,148,133,15,15
15623,70,78,-8,8
15624,100,93,7,7
15625,108,107,1,1
15626,113,113,0,0
15627,53,69,-16,16
15628,126,122,4,4
15629,72,78,-6,6
15630,197,173,24,24
15631,47,57,-10,10
15632,89,88,1,1
15633,143,128,15,15
15634,119,117,2,2
15635,76,84,-8,8
15636,73,85,-12,12
15637,68,79,-11,11
15638,111,106,5,5
15639,121,106,15,15
15640,92,99,-7,7
15641,113,106,7,7
15642,98,101,-3,3
15643,152,151,1,1
15644,80,85,-5,5
15645,82,84,-2,2
15646,128,119,9,9
15647,49,65,-16,16
15648,128,125,3,3
15649,63,71,-8,8
15650,52,64,-12,12
15651,89,92,-3,3
15652,68,69,-1,1
15653,109,105,4,4
15654,83,87,-4,4
15655,97,100,-3,3
15656,73,80,-7,7
15657,75,77,-2,2
15658,127,119,8,8
15659,52,83,-31,31
15660,69,66,3,3
15661,152,141,11,11
15662,87,91,-4,4
15663,130,116,14,14
15664,72,87,-15,15
15665,114,118,-4,4
15666,75,81,-6,6
15667,136,122,14,14
15668,77,80,-3,3
15669,88,87,1,1
15670,64,77,-13,13
15671,90,83,7,7
15672,174,165,9,9
15673,57,72,-15,15
15674,56,69,-13,13
15675,78,81,-3,3
15676,81,82,-1,1
15677,67,68,-1,1
15678,123,111,12,12
15679,146,138,8,8
15680,123,122,1,1
15681,98,103,-5,5
15682,61,69,-8,8
15683,109,109,0,0
15684,76,86,-10,10
15685,121,119,2,2
15686,81,85,-4,4
15687,38,60,-22,22
15688,70,80,-10,10
15689,83,83,0,0
15690,100,99,1,1
15691,79,90,-11,11
15692,98,103,-5,5
15693,79,80,-1,1
15694,196,170,26,26
15695,137,132,5,5
15696,67,76,-9,9
15697,87,93,-6,6
15698,79,83,-4,4
15699,84,89,-5,5
15700,104,117,-13,13
15701,105,111,-6,6
15702,113,103,10,10
15703,54,63,-9,9
15704,77,79,-2,2
15705,124,120,4,4
15706,103,99,4,4
15707,175,153,22,22
15708,67,69,-2,2
15709,86,89,-3,3
15710,65,75,-10,10
15711,74,77,-3,3
15712,85,69,16,16
15713,77,81,-4,4
15714,94,94,0,0
15715,163,138,25,25
15716,107,107,0,0
15717,126,123,3,3
15718,97,95,2,2
15719,80,82,-2,2
15720,150,150,0,0
15721,67,78,-11,11
15722,120,104,16,16
15723,86,96,-10,10
15724,80,83,-3,3
15725,79,80,-1,1
15726,98,97,1,1
15727,100,103,-3,3
15728,105,106,-1,1
15729,140,150,-10,10
15730,110,102,8,8
15731,101,96,5,5
15732,50,61,-11,11
15733,132,126,6,6
15734,160,153,7,7
15735,119,107,12,12
15736,94,93,1,1
15737,83,83,0,0
15738,92,92,0,0
15739,76,73,3,3
15740,103,102,1,1
15741,93,96,-3,3
15742,67,80,-13,13
15743,104,115,-11,11
15744,123,119,4,4
15745,90,86,4,4
15746,75,83,-8,8
15747,120,117,3,3
15748,66,67,-1,1
15749,106,107,-1,1
15750,120,115,5,5
15751,98,89,9,9
15752,105,109,-4,4
15753,97,98,-1,1
15754,101,97,4,4
15755,80,84,-4,4
15756,87,89,-2,2
15757,68,73,-5,5
15758,160,142,18,18
15759,77,84,-7,7
15760,65,74,-9,9
15761,90,95,-5,5
15762,34,47,-13,13
15763,90,98,-8,8
15764,83,81,2,2
15765,47,57,-10,10
15766,47,75,-28,28
15767,106,112,-6,6
15768,63,73,-10,10
15769,96,98,-2,2
15770,108,119,-11,11
15771,85,87,-2,2
15772,157,139,18,18
15773,90,80,10,10
15774,116,117,-1,1
15775,132,128,4,4
15776,123,118,5,5
15777,118,116,2,2
15778,45,63,-18,18
15779,60,69,-9,9
15780,179,152,27,27
15781,111,109,2,2
15782,118,119,-1,1
15783,87,98,-11,11
15784,51,68,-17,17
15785,37,55,-18,18
15786,91,92,-1,1
15787,69,77,-8,8
15788,130,116,14,14
15789,102,108,-6,6
15790,93,100,-7,7
15791,129,121,8,8
15792,54,62,-8,8
15793,70,75,-5,5
15794,125,111,14,14
15795,59,70,-11,11
15796,46,50,-4,4
15797,64,74,-10,10
15798,113,100,13,13
15799,110,96,14,14
15800,46,61,-15,15
15801,134,137,-3,3
15802,71,88,-17,17
15803,143,138,5,5
15804,63,73,-10,10
15805,120,119,1,1
15806,86,83,3,3
15807,74,86,-12,12
15808,118,120,-2,2
15809,61,72,-11,11
15810,65,71,-6,6
15811,136,122,14,14
15812,85,92,-7,7
15813,105,91,14,14
15814,146,136,10,10
15815,98,106,-8,8
15816,30,55,-25,25
15817,76,82,-6,6
15818,148,135,13,13
15819,126,108,18,18
15820,121,116,5,5
15821,173,128,45,45
15822,68,88,-20,20
15823,100,103,-3,3
15824,109,109,0,0
15825,73,82,-9,9
15826,97,98,-1,1
15827,92,88,4,4
15828,97,95,2,2
15829,88,99,-11,11
15830,159,140,19,19
15831,104,103,1,1
15832,65,74,-9,9
15833,84,83,1,1
15834,82,83,-1,1
15835,100,110,-10,10
15836,105,102,3,3
15837,70,83,-13,13
15838,77,76,1,1
15839,111,108,3,3
15840,96,90,6,6
15841,98,105,-7,7
15842,89,94,-5,5
15843,62,75,-13,13
15844,144,126,18,18
15845,134,124,10,10
15846,96,97,-1,1
15847,64,79,-15,15
15848,74,79,-5,5
15849,113,104,9,9
15850,125,131,-6,6
15851,122,112,10,10
15852,66,81,-15,15
15853,46,59,-13,13
15854,115,114,1,1
15855,59,65,-6,6
15856,76,80,-4,4
15857,97,96,1,1
15858,125,123,2,2
15859,138,105,33,33
15860,24,32,-8,8
15861,34,47,-13,13
15862,77,81,-4,4
15863,112,120,-8,8
15864,123,120,3,3
15865,88,91,-3,3
15866,130,122,8,8
15867,108,106,2,2
15868,52,59,-7,7
15869,112,118,-6,6
15870,41,51,-10,10
15871,68,80,-12,12
15872,111,107,4,4
15873,97,103,-6,6
15874,73,79,-6,6
15875,75,79,-4,4
15876,79,96,-17,17
15877,62,80,-18,18
15878,75,93,-18,18
15879,128,121,7,7
15880,113,116,-3,3
15881,49,57,-8,8
15882,65,67,-2,2
15883,64,72,-8,8
15884,97,109,-12,12
15885,117,104,13,13
15886,62,70,-8,8
15887,75,95,-20,20
15888,80,87,-7,7
15889,63,75,-12,12
15890,50,66,-16,16
15891,112,111,1,1
15892,129,124,5,5
15893,78,78,0,0
15894,102,102,0,0
15895,101,93,8,8
15896,67,77,-10,10
15897,49,60,-11,11
15898,184,158,26,26
15899,81,85,-4,4
15900,70,76,-6,6
15901,95,91,4,4
15902,111,103,8,8
15903,141,129,12,12
15904,105,109,-4,4
15905,54,59,-5,5
15906,78,82,-4,4
15907,155,138,17,17
15908,134,123,11,11
15909,88,84,4,4
15910,66,80,-14,14
15911,64,75,-11,11
15912,60,77,-17,17
15913,94,93,1,1
15914,103,95,8,8
15915,146,138,8,8
15916,74,85,-11,11
15917,73,74,-1,1
15918,62,73,-11,11
15919,103,104,-1,1
15920,126,119,7,7
15921,96,89,7,7
15922,160,141,19,19
15923,118,114,4,4
15924,128,118,10,10
15925,191,174,17,17
15926,123,116,7,7
15927,107,108,-1,1
15928,55,64,-9,9
15929,47,51,-4,4
15930,55,62,-7,7
15931,58,68,-10,10
15932,107,107,0,0
15933,76,79,-3,3
15934,96,88,8,8
15935,57,66,-9,9
15936,110,118,-8,8
15937,79,78,1,1
15938,65,77,-12,12
15939,123,113,10,10
15940,61,61,0,0
15941,65,78,-13,13
15942,113,107,6,6
15943,49,57,-8,8
15944,82,94,-12,12
15945,98,102,-4,4
15946,75,82,-7,7
15947,112,119,-7,7
15948,113,104,9,9
15949,94,96,-2,2
15950,58,58,0,0
15951,64,73,-9,9
15952,105,110,-5,5
15953,101,102,-1,1
15954,68,78,-10,10
15955,101,95,6,6
15956,52,59,-7,7
15957,70,76,-6,6
15958,97,127,-30,30
15959,117,106,11,11
15960,68,75,-7,7
15961,127,111,16,16
15962,69,82,-13,13
15963,90,99,-9,9
15964,40,55,-15,15
15965,114,105,9,9
15966,98,98,0,0
15967,66,73,-7,7
15968,67,84,-17,17
15969,190,178,12,12
15970,104,100,4,4
15971,74,85,-11,11
15972,69,65,4,4
15973,86,93,-7,7
15974,102,95,7,7
15975,122,117,5,5
15976,142,128,14,14
15977,103,93,10,10
15978,164,145,19,19
15979,110,122,-12,12
15980,64,73,-9,9
15981,74,76,-2,2
15982,61,66,-5,5
15983,63,74,-11,11
15984,100,92,8,8
15985,107,109,-2,2
15986,102,97,5,5
15987,31,52,-21,21
15988,147,134,13,13
15989,60,70,-10,10
15990,86,85,1,1
15991,114,121,-7,7
15992,103,118,-15,15
15993,75,82,-7,7
15994,95,102,-7,7
15995,87,84,3,3
15996,99,91,8,8
15997,114,117,-3,3
15998,76,85,-9,9
15999,120,121,-1,1
16000,90,89,1,1
16001,64,68,-4,4
16002,113,111,2,2
16003,66,72,-6,6
16004,123,110,13,13
16005,132,119,13,13
16006,124,105,19,19
16007,56,65,-9,9
16008,125,128,-3,3
16009,101,101,0,0
16010,89,88,1,1
16011,57,74,-17,17
16012,98,94,4,4
16013,101,101,0,0
16014,82,92,-10,10
16015,128,131,-3,3
16016,56,67,-11,11
16017,162,155,7,7
16018,84,94,-10,10
16019,79,79,0,0
16020,53,66,-13,13
16021,55,66,-11,11
16022,62,67,-5,5
16023,73,81,-8,8
16024,42,55,-13,13
16025,127,134,-7,7
16026,52,66,-14,14
16027,121,123,-2,2
16028,75,88,-13,13
16029,89,88,1,1
16030,64,71,-7,7
16031,36,44,-8,8
16032,89,86,3,3
16033,72,73,-1,1
16034,148,140,8,8
16035,106,103,3,3
16036,158,157,1,1
16037,131,121,10,10
16038,130,128,2,2
16039,77,77,0,0
16040,136,126,10,10
16041,102,103,-1,1
16042,86,89,-3,3
16043,89,88,1,1
16044,101,95,6,6
16045,99,99,0,0
16046,100,95,5,5
16047,69,80,-11,11
16048,92,86,6,6
16049,69,80,-11,11
16050,128,120,8,8
16051,151,138,13,13
16052,39,49,-10,10
16053,44,61,-17,17
16054,74,92,-18,18
16055,82,81,1,1
16056,140,128,12,12
16057,120,109,11,11
16058,79,73,6,6
16059,89,92,-3,3
16060,158,177,-19,19
16061,105,123,-18,18
16062,113,115,-2,2
16063,58,63,-5,5
16064,95,96,-1,1
16065,82,91,-9,9
16066,140,128,12,12
16067,66,80,-14,14
16068,94,96,-2,2
16069,116,120,-4,4
16070,70,84,-14,14
16071,90,92,-2,2
16072,73,88,-15,15
16073,62,102,-40,40
16074,55,65,-10,10
16075,87,91,-4,4
16076,97,101,-4,4
16077,75,79,-4,4
16078,113,105,8,8
16079,148,128,20,20
16080,144,159,-15,15
16081,64,67,-3,3
16082,117,106,11,11
16083,89,90,-1,1
16084,106,101,5,5
16085,130,116,14,14
16086,91,100,-9,9
16087,52,62,-10,10
16088,54,70,-16,16
16089,117,104,13,13
16090,127,132,-5,5
16091,104,92,12,12
16092,122,114,8,8
16093,67,69,-2,2
16094,73,82,-9,9
16095,84,87,-3,3
16096,63,71,-8,8
16097,199,184,15,15
16098,138,147,-9,9
16099,85,85,0,0
16100,112,113,-1,1
16101,100,103,-3,3
16102,184,181,3,3
16103,90,93,-3,3
16104,55,64,-9,9
16105,142,129,13,13
16106,124,123,1,1
16107,83,97,-14,14
16108,79,92,-13,13
16109,52,80,-28,28
16110,92,96,-4,4
16111,71,78,-7,7
16112,47,56,-9,9
16113,83,88,-5,5
16114,68,76,-8,8
16115,65,77,-12,12
16116,99,97,2,2
16117,114,120,-6,6
16118,98,102,-4,4
16119,84,104,-20,20
16120,181,154,27,27
16121,51,61,-10,10
16122,95,86,9,9
16123,77,85,-8,8
16124,70,81,-11,11
16125,103,97,6,6
16126,106,97,9,9
16127,70,80,-10,10
16128,92,95,-3,3
16129,104,107,-3,3
16130,49,68,-19,19
16131,62,77,-15,15
16132,52,63,-11,11
16133,88,87,1,1
16134,84,81,3,3
16135,80,89,-9,9
16136,55,68,-13,13
16137,84,83,1,1
16138,158,130,28,28
16139,76,76,0,0
16140,58,70,-12,12
16141,94,90,4,4
16142,44,55,-11,11
16143,96,94,2,2
16144,134,125,9,9
16145,124,120,4,4
16146,137,135,2,2
16147,139,130,9,9
16148,40,51,-11,11
16149,64,73,-9,9
16150,100,101,-1,1
16151,90,94,-4,4
16152,88,93,-5,5
16153,80,84,-4,4
16154,67,73,-6,6
16155,96,94,2,2
16156,74,73,1,1
16157,80,77,3,3
16158,54,69,-15,15
16159,133,127,6,6
16160,71,73,-2,2
16161,151,138,13,13
16162,150,143,7,7
16163,107,110,-3,3
16164,104,105,-1,1
16165,96,96,0,0
16166,164,156,8,8
16167,61,79,-18,18
16168,95,97,-2,2
16169,120,117,3,3
16170,107,111,-4,4
16171,116,106,10,10
16172,89,88,1,1
16173,42,54,-12,12
16174,74,77,-3,3
16175,100,105,-5,5
16176,66,70,-4,4
16177,105,106,-1,1
16178,108,96,12,12
16179,144,138,6,6
16180,118,121,-3,3
16181,82,81,1,1
16182,164,137,27,27
16183,125,126,-1,1
16184,68,83,-15,15
16185,102,101,1,1
16186,109,118,-9,9
16187,111,98,13,13
16188,115,103,12,12
16189,58,64,-6,6
16190,109,101,8,8
16191,90,92,-2,2
16192,99,97,2,2
16193,124,132,-8,8
16194,147,119,28,28
16195,67,75,-8,8
16196,89,93,-4,4
16197,77,76,1,1
16198,106,126,-20,20
16199,78,83,-5,5
16200,58,76,-18,18
16201,119,110,9,9
16202,74,83,-9,9
16203,80,87,-7,7
16204,143,132,11,11
16205,160,134,26,26
16206,117,109,8,8
16207,79,78,1,1
16208,103,105,-2,2
16209,88,81,7,7
16210,74,82,-8,8
16211,96,101,-5,5
16212,94,111,-17,17
16213,66,70,-4,4
16214,43,60,-17,17
16215,137,127,10,10
16216,89,87,2,2
16217,95,100,-5,5
16218,172,166,6,6
16219,37,53,-16,16
16220,75,83,-8,8
16221,112,110,2,2
16222,98,101,-3,3
16223,137,130,7,7
16224,122,112,10,10
16225,55,61,-6,6
16226,65,70,-5,5
16227,105,108,-3,3
16228,67,77,-10,10
16229,115,104,11,11
16230,35,61,-26,26
16231,95,95,0,0
16232,62,66,-4,4
16233,60,66,-6,6
16234,142,122,20,20
16235,74,91,-17,17
16236,100,97,3,3
16237,179,103,76,76
16238,173,150,23,23
16239,161,152,9,9
16240,76,83,-7,7
16241,79,92,-13,13
16242,116,105,11,11
16243,58,71,-13,13
16244,83,88,-5,5
16245,48,62,-14,14
16246,74,74,0,0
16247,57,75,-18,18
16248,84,87,-3,3
16249,114,105,9,9
16250,72,71,1,1
16251,96,101,-5,5
16252,113,137,-24,24
16253,105,100,5,5
16254,149,130,19,19
16255,62,72,-10,10
16256,72,73,-1,1
16257,77,81,-4,4
16258,152,143,9,9
16259,94,92,2,2
16260,115,109,6,6
16261,56,62,-6,6
16262,65,72,-7,7
16263,111,103,8,8
16264,73,82,-9,9
16265,75,74,1,1
16266,90,96,-6,6
16267,121,126,-5,5
16268,111,104,7,7
16269,179,159,20,20
16270,136,134,2,2
16271,111,115,-4,4
16272,35,73,-38,38
16273,90,92,-2,2
16274,58,65,-7,7
16275,172,151,21,21
16276,77,82,-5,5
16277,81,80,1,1
16278,31,49,-18,18
16279,87,96,-9,9
16280,63,82,-19,19
16281,114,105,9,9
16282,96,99,-3,3
16283,83,84,-1,1
16284,117,120,-3,3
16285,121,105,16,16
16286,89,94,-5,5
16287,106,106,0,0
16288,108,103,5,5
16289,121,118,3,3
16290,160,142,18,18
16291,110,107,3,3
16292,87,82,5,5
16293,107,104,3,3
16294,117,119,-2,2
16295,74,81,-7,7
16296,96,96,0,0
16297,133,123,10,10
16298,81,94,-13,13
16299,81,88,-7,7
16300,76,83,-7,7
16301,57,72,-15,15
16302,131,131,0,0
16303,91,85,6,6
16304,39,53,-14,14
16305,119,108,11,11
16306,138,127,11,11
16307,105,112,-7,7
16308,77,81,-4,4
16309,132,128,4,4
16310,58,70,-12,12
16311,42,53,-11,11
16312,67,74,-7,7
16313,54,62,-8,8
16314,74,77,-3,3
16315,95,96,-1,1
16316,73,74,-1,1
16317,75,89,-14,14
16318,58,69,-11,11
16319,112,105,7,7
16320,114,105,9,9
16321,118,120,-2,2
16322,63,72,-9,9
16323,59,77,-18,18
16324,56,65,-9,9
16325,66,70,-4,4
16326,64,73,-9,9
16327,100,92,8,8
16328,97,100,-3,3
16329,155,139,16,16
16330,93,89,4,4
16331,123,121,2,2
16332,89,86,3,3
16333,76,86,-10,10
16334,178,166,12,12
16335,67,71,-4,4
16336,112,102,10,10
16337,105,105,0,0
16338,95,91,4,4
16339,81,89,-8,8
16340,67,82,-15,15
16341,79,84,-5,5
16342,117,119,-2,2
16343,72,84,-12,12
16344,103,103,0,0
16345,109,106,3,3
16346,59,70,-11,11
16347,101,100,1,1
16348,112,111,1,1
16349,158,142,16,16
16350,119,120,-1,1
16351,92,91,1,1
16352,38,53,-15,15
16353,66,78,-12,12
16354,69,89,-20,20
16355,51,65,-14,14
16356,200,159,41,41
16357,93,93,0,0
16358,97,97,0,0
16359,171,134,37,37
16360,65,79,-14,14
16361,102,99,3,3
16362,72,75,-3,3
16363,55,67,-12,12
16364,118,99,19,19
16365,86,85,1,1
16366,135,122,13,13
16367,78,81,-3,3
16368,115,119,-4,4
16369,140,139,1,1
16370,61,73,-12,12
16371,48,64,-16,16
16372,78,83,-5,5
16373,195,184,11,11
16374,48,65,-17,17
16375,71,75,-4,4
16376,126,120,6,6
16377,207,180,27,27
16378,111,100,11,11
16379,75,88,-13,13
16380,106,102,4,4
16381,84,82,2,2
16382,140,133,7,7
16383,77,97,-20,20
16384,88,91,-3,3
16385,63,67,-4,4
16386,146,131,15,15
16387,43,58,-15,15
16388,87,91,-4,4
16389,63,67,-4,4
16390,92,101,-9,9
16391,64,74,-10,10
16392,107,99,8,8
16393,114,109,5,5
16394,76,74,2,2
16395,108,118,-10,10
16396,61,67,-6,6
16397,157,146,11,11
16398,161,142,19,19
16399,81,82,-1,1
16400,42,56,-14,14
16401,120,98,22,22
16402,118,104,14,14
16403,99,97,2,2
16404,78,82,-4,4
16405,39,51,-12,12
16406,62,71,-9,9
16407,93,89,4,4
16408,51,66,-15,15
16409,63,89,-26,26
16410,131,135,-4,4
16411,117,102,15,15
16412,96,91,5,5
16413,158,147,11,11
16414,88,93,-5,5
16415,77,87,-10,10
16416,84,87,-3,3
16417,123,119,4,4
16418,84,85,-1,1
16419,122,120,2,2
16420,88,93,-5,5
16421,73,73,0,0
16422,198,179,19,19
16423,87,81,6,6
16424,76,89,-13,13
16425,85,89,-4,4
16426,86,96,-10,10
16427,161,152,9,9
16428,132,109,23,23
16429,65,65,0,0
16430,65,69,-4,4
16431,155,142,13,13
16432,94,101,-7,7
16433,91,90,1,1
16434,94,104,-10,10
16435,132,125,7,7
16436,74,82,-8,8
16437,134,127,7,7
16438,186,171,15,15
16439,117,110,7,7
16440,128,124,4,4
16441,49,61,-12,12
16442,52,65,-13,13
16443,54,61,-7,7
16444,49,64,-15,15
16445,61,74,-13,13
16446,87,91,-4,4
16447,121,126,-5,5
16448,110,107,3,3
16449,29,43,-14,14
16450,75,78,-3,3
16451,119,122,-3,3
16452,100,96,4,4
16453,73,94,-21,21
16454,71,80,-9,9
16455,61,87,-26,26
16456,91,105,-14,14
16457,68,86,-18,18
16458,79,83,-4,4
16459,141,146,-5,5
16460,89,93,-4,4
16461,132,126,6,6
16462,110,107,3,3
16463,70,77,-7,7
16464,49,61,-12,12
16465,99,102,-3,3
16466,60,65,-5,5
16467,94,96,-2,2
16468,89,92,-3,3
16469,149,140,9,9
16470,78,77,1,1
16471,133,138,-5,5
16472,134,138,-4,4
16473,65,77,-12,12
16474,117,103,14,14
16475,96,94,2,2
16476,130,116,14,14
16477,138,132,6,6
16478,85,91,-6,6
16479,128,124,4,4
16480,84,86,-2,2
16481,127,116,11,11
16482,67,76,-9,9
16483,149,150,-1,1
16484,77,76,1,1
16485,91,93,-2,2
16486,137,123,14,14
16487,142,133,9,9
16488,68,75,-7,7
16489,129,124,5,5
16490,120,109,11,11
16491,38,55,-17,17
16492,109,107,2,2
16493,101,94,7,7
16494,66,100,-34,34
16495,61,75,-14,14
16496,107,106,1,1
16497,112,100,12,12
16498,114,127,-13,13
16499,96,99,-3,3
16500,136,129,7,7
16501,60,69,-9,9
16502,108,98,10,10
16503,109,106,3,3
16504,98,96,2,2
16505,53,75,-22,22
16506,68,69,-1,1
16507,114,108,6,6
16508,181,175,6,6
16509,121,113,8,8
16510,67,74,-7,7
16511,78,75,3,3
16512,74,78,-4,4
16513,47,56,-9,9
16514,113,120,-7,7
16515,41,54,-13,13
16516,57,67,-10,10
16517,68,69,-1,1
16518,88,94,-6,6
16519,76,97,-21,21
16520,96,99,-3,3
16521,45,60,-15,15
16522,119,115,4,4
16523,104,111,-7,7
16524,111,106,5,5
16525,62,65,-3,3
16526,94,97,-3,3
16527,86,85,1,1
16528,78,90,-12,12
16529,132,128,4,4
16530,105,103,2,2
16531,141,124,17,17
16532,59,69,-10,10
16533,205,163,42,42
16534,91,92,-1,1
16535,87,104,-17,17
16536,87,91,-4,4
16537,102,90,12,12
16538,94,89,5,5
16539,77,82,-5,5
16540,61,69,-8,8
16541,152,134,18,18
16542,85,89,-4,4
16543,120,114,6,6
16544,83,92,-9,9
16545,135,127,8,8
16546,52,63,-11,11
16547,79,79,0,0
16548,50,65,-15,15
16549,152,136,16,16
16550,80,78,2,2
16551,83,91,-8,8
16552,163,156,7,7
16553,75,88,-13,13
16554,72,81,-9,9
16555,93,91,2,2
16556,118,112,6,6
16557,84,91,-7,7
16558,72,77,-5,5
16559,75,82,-7,7
16560,79,85,-6,6
16561,84,93,-9,9
16562,88,92,-4,4
16563,99,96,3,3
16564,59,70,-11,11
16565,112,108,4,4
16566,128,113,15,15
16567,115,108,7,7
16568,101,114,-13,13
16569,60,69,-9,9
16570,80,90,-10,10
16571,134,132,2,2
16572,72,78,-6,6
16573,160,140,20,20
16574,123,119,4,4
16575,111,104,7,7
16576,61,73,-12,12
16577,68,77,-9,9
16578,131,133,-2,2
16579,135,120,15,15
16580,217,211,6,6
16581,56,59,-3,3
16582,86,93,-7,7
16583,104,101,3,3
16584,87,97,-10,10
16585,76,80,-4,4
16586,137,127,10,10
16587,86,91,-5,5
16588,53,64,-11,11
16589,82,90,-8,8
16590,52,58,-6,6
16591,85,87,-2,2
16592,110,104,6,6
16593,58,65,-7,7
16594,103,106,-3,3
16595,40,51,-11,11
16596,70,76,-6,6
16597,50,58,-8,8
16598,69,77,-8,8
16599,108,114,-6,6
16600,82,79,3,3
16601,138,123,15,15
16602,103,102,1,1
16603,119,111,8,8
16604,111,102,9,9
16605,154,140,14,14
16606,131,122,9,9
16607,67,76,-9,9
16608,76,78,-2,2
16609,104,105,-1,1
16610,134,119,15,15
16611,41,60,-19,19
16612,54,60,-6,6
16613,116,109,7,7
16614,58,65,-7,7
16615,74,88,-14,14
16616,101,102,-1,1
16617,62,67,-5,5
16618,141,134,7,7
16619,93,88,5,5
16620,98,96,2,2
16621,88,100,-12,12
16622,33,48,-15,15
16623,115,121,-6,6
16624,86,91,-5,5
16625,156,139,17,17
16626,66,71,-5,5
16627,93,90,3,3
16628,61,69,-8,8
16629,128,120,8,8
16630,161,136,25,25
16631,51,64,-13,13
16632,59,68,-9,9
16633,97,97,0,0
16634,157,141,16,16
16635,91,100,-9,9
16636,67,66,1,1
16637,90,95,-5,5
16638,82,83,-1,1
16639,104,99,5,5
16640,96,97,-1,1
16641,122,123,-1,1
16642,86,84,2,2
16643,126,125,1,1
16644,87,88,-1,1
16645,77,89,-12,12
16646,117,108,9,9
16647,144,127,17,17
16648,86,81,5,5
16649,61,63,-2,2
16650,79,98,-19,19
16651,96,97,-1,1
16652,89,96,-7,7
16653,89,96,-7,7
16654,110,104,6,6
16655,87,83,4,4
16656,39,56,-17,17
16657,98,97,1,1
16658,151,139,12,12
16659,89,93,-4,4
16660,67,75,-8,8
16661,71,74,-3,3
16662,119,107,12,12
16663,86,88,-2,2
16664,147,135,12,12
16665,51,57,-6,6
16666,83,97,-14,14
16667,83,87,-4,4
16668,54,63,-9,9
16669,138,121,17,17
16670,64,73,-9,9
16671,80,85,-5,5
16672,58,71,-13,13
16673,92,93,-1,1
16674,56,79,-23,23
16675,114,121,-7,7
16676,58,69,-11,11
16677,51,65,-14,14
16678,111,107,4,4
16679,66,81,-15,15
16680,64,73,-9,9
16681,99,108,-9,9
16682,73,75,-2,2
16683,110,99,11,11
16684,99,109,-10,10
16685,92,91,1,1
16686,57,65,-8,8
16687,138,129,9,9
16688,156,148,8,8
16689,113,108,5,5
16690,37,54,-17,17
16691,119,113,6,6
16692,109,109,0,0
16693,137,129,8,8
16694,187,143,44,44
16695,77,86,-9,9
16696,78,77,1,1
16697,89,94,-5,5
16698,144,141,3,3
16699,111,110,1,1
16700,46,62,-16,16
16701,119,118,1,1
16702,89,81,8,8
16703,85,81,4,4
16704,155,132,23,23
16705,164,159,5,5
16706,176,159,17,17
16707,61,72,-11,11
16708,143,144,-1,1
16709,66,63,3,3
16710,138,122,16,16
16711,107,105,2,2
16712,80,80,0,0
16713,95,95,0,0
16714,94,104,-10,10
16715,90,89,1,1
16716,65,72,-7,7
16717,75,81,-6,6
16718,54,63,-9,9
16719,84,87,-3,3
16720,129,119,10,10
16721,142,122,20,20
16722,96,102,-6,6
16723,112,110,2,2
16724,93,87,6,6
16725,57,67,-10,10
16726,36,60,-24,24
16727,46,61,-15,15
16728,94,100,-6,6
16729,57,67,-10,10
16730,106,113,-7,7
16731,130,129,1,1
16732,62,70,-8,8
16733,89,95,-6,6
16734,137,128,9,9
16735,107,111,-4,4
16736,58,63,-5,5
16737,73,76,-3,3
16738,86,90,-4,4
16739,103,100,3,3
16740,121,119,2,2
16741,66,69,-3,3
16742,87,94,-7,7
16743,59,64,-5,5
16744,109,109,0,0
16745,79,92,-13,13
16746,68,74,-6,6
16747,66,75,-9,9
16748,72,82,-10,10
16749,100,100,0,0
16750,102,100,2,2
16751,55,65,-10,10
16752,98,93,5,5
16753,107,107,0,0
16754,77,72,5,5
16755,76,86,-10,10
16756,65,73,-8,8
16757,134,117,17,17
16758,39,59,-20,20
16759,123,123,0,0
16760,64,71,-7,7
16761,105,102,3,3
16762,66,72,-6,6
16763,203,182,21,21
16764,144,117,27,27
16765,75,83,-8,8
16766,106,100,6,6
16767,104,101,3,3
16768,73,85,-12,12
16769,83,80,3,3
16770,81,96,-15,15
16771,83,86,-3,3
16772,100,106,-6,6
16773,103,99,4,4
16774,76,82,-6,6
16775,66,77,-11,11
16776,72,77,-5,5
16777,87,100,-13,13
16778,81,87,-6,6
16779,109,105,4,4
16780,103,96,7,7
16781,112,120,-8,8
16782,170,154,16,16
16783,89,89,0,0
16784,73,84,-11,11
16785,59,67,-8,8
16786,135,128,7,7
16787,61,73,-12,12
16788,78,84,-6,6
16789,125,112,13,13
16790,64,78,-14,14
16791,54,67,-13,13
16792,119,111,8,8
16793,92,98,-6,6
16794,117,110,7,7
16795,88,84,4,4
16796,99,98,1,1
16797,48,61,-13,13
16798,123,122,1,1
16799,113,114,-1,1
16800,98,99,-1,1
16801,66,70,-4,4
16802,82,82,0,0
16803,38,31,7,7
16804,86,92,-6,6
16805,135,138,-3,3
16806,140,128,12,12
16807,73,76,-3,3
16808,95,96,-1,1
16809,40,54,-14,14
16810,67,92,-25,25
16811,160,148,12,12
16812,121,111,10,10
16813,104,89,15,15
16814,98,97,1,1
16815,125,118,7,7
16816,119,104,15,15
16817,109,111,-2,2
16818,73,80,-7,7
16819,212,180,32,32
16820,81,82,-1,1
16821,104,102,2,2
16822,44,57,-13,13
16823,82,74,8,8
16824,181,154,27,27
16825,50,58,-8,8
16826,90,101,-11,11
16827,87,88,-1,1
16828,76,93,-17,17
16829,211,191,20,20
16830,104,99,5,5
16831,114,109,5,5
16832,143,141,2,2
16833,142,134,8,8
16834,153,159,-6,6
16835,60,66,-6,6
16836,60,69,-9,9
16837,111,96,15,15
16838,143,144,-1,1
16839,76,82,-6,6
16840,73,77,-4,4
16841,76,75,1,1
16842,75,79,-4,4
16843,58,70,-12,12
16844,57,60,-3,3
16845,112,107,5,5
16846,151,135,16,16
16847,51,59,-8,8
16848,64,74,-10,10
16849,80,84,-4,4
16850,89,89,0,0
16851,155,140,15,15
16852,97,95,2,2
16853,82,92,-10,10
16854,122,113,9,9
16855,110,112,-2,2
16856,91,88,3,3
16857,27,67,-40,40
16858,55,62,-7,7
16859,107,101,6,6
16860,61,72,-11,11
16861,67,79,-12,12
16862,111,117,-6,6
16863,95,93,2,2
16864,129,125,4,4
16865,165,170,-5,5
16866,139,128,11,11
16867,97,126,-29,29
16868,88,92,-4,4
16869,64,80,-16,16
16870,83,82,1,1
16871,118,111,7,7
16872,81,83,-2,2
16873,78,81,-3,3
16874,164,155,9,9
16875,60,65,-5,5
16876,23,38,-15,15
16877,60,68,-8,8
16878,58,72,-14,14
16879,102,105,-3,3
16880,100,100,0,0
16881,103,103,0,0
16882,98,90,8,8
16883,136,135,1,1
16884,110,105,5,5
16885,95,95,0,0
16886,113,112,1,1
16887,143,150,-7,7
16888,141,133,8,8
16889,117,109,8,8
16890,63,77,-14,14
16891,83,79,4,4
16892,52,65,-13,13
16893,95,105,-10,10
16894,85,93,-8,8
16895,75,85,-10,10
16896,137,127,10,10
16897,81,84,-3,3
16898,55,60,-5,5
16899,128,111,17,17
16900,135,120,15,15
16901,107,102,5,5
16902,68,77,-9,9
16903,95,97,-2,2
16904,131,121,10,10
16905,106,103,3,3
16906,84,99,-15,15
16907,120,119,1,1
16908,69,74,-5,5
16909,93,102,-9,9
16910,100,100,0,0
16911,152,141,11,11
16912,139,142,-3,3
16913,109,107,2,2
16914,122,119,3,3
16915,70,77,-7,7
16916,89,87,2,2
16917,81,76,5,5
16918,59,67,-8,8
16919,74,79,-5,5
16920,121,105,16,16
16921,88,86,2,2
16922,72,94,-22,22
16923,107,106,1,1
16924,47,65,-18,18
16925,105,98,7,7
16926,61,75,-14,14
16927,116,109,7,7
16928,110,104,6,6
16929,63,69,-6,6
16930,121,114,7,7
16931,52,61,-9,9
16932,92,89,3,3
16933,102,116,-14,14
16934,86,91,-5,5
16935,171,179,-8,8
16936,97,101,-4,4
16937,105,96,9,9
16938,127,124,3,3
16939,84,94,-10,10
16940,99,92,7,7
16941,65,69,-4,4
16942,86,80,6,6
16943,107,99,8,8
16944,84,87,-3,3
16945,136,122,14,14
16946,82,80,2,2
16947,52,66,-14,14
16948,103,115,-12,12
16949,102,101,1,1
16950,126,118,8,8
16951,185,164,21,21
16952,143,132,11,11
16953,48,72,-24,24
16954,142,118,24,24
16955,58,71,-13,13
16956,164,156,8,8
16957,95,97,-2,2
16958,191,180,11,11
16959,115,119,-4,4
16960,58,68,-10,10
16961,121,113,8,8
16962,101,99,2,2
16963,79,86,-7,7
16964,84,91,-7,7
16965,69,74,-5,5
16966,153,148,5,5
16967,67,79,-12,12
16968,69,86,-17,17
16969,71,80,-9,9
16970,94,98,-4,4
16971,110,108,2,2
16972,105,104,1,1
16973,88,95,-7,7
16974,93,97,-4,4
16975,70,74,-4,4
16976,65,76,-11,11
16977,62,72,-10,10
16978,120,116,4,4
16979,55,62,-7,7
16980,73,81,-8,8
16981,102,98,4,4
16982,71,77,-6,6
16983,111,124,-13,13
16984,156,146,10,10
16985,89,95,-6,6
16986,67,72,-5,5
16987,71,79,-8,8
16988,71,79,-8,8
16989,108,103,5,5
16990,72,76,-4,4
16991,80,81,-1,1
16992,104,94,10,10
16993,111,114,-3,3
16994,58,65,-7,7
16995,68,71,-3,3
16996,92,92,0,0
16997,161,147,14,14
16998,107,98,9,9
16999,66,81,-15,15
17000,76,86,-10,10
17001,105,103,2,2
17002,140,126,14,14
17003,77,79,-2,2
17004,70,79,-9,9
17005,133,123,10,10
17006,50,64,-14,14
17007,66,74,-8,8
17008,60,76,-16,16
17009,72,85,-13,13
17010,123,114,9,9
17011,88,89,-1,1
17012,110,106,4,4
17013,94,95,-1,1
17014,88,88,0,0
17015,82,79,3,3
17016,107,120,-13,13
17017,69,73,-4,4
17018,85,92,-7,7
17019,81,86,-5,5
17020,57,67,-10,10
17021,124,111,13,13
17022,126,124,2,2
17023,59,58,1,1
17024,78,82,-4,4
17025,112,115,-3,3
17026,87,100,-13,13
17027,101,99,2,2
17028,101,100,1,1
17029,150,142,8,8
17030,135,121,14,14
17031,146,137,9,9
17032,61,70,-9,9
17033,103,101,2,2
17034,134,124,10,10
17035,68,77,-9,9
17036,84,81,3,3
17037,59,69,-10,10
17038,115,110,5,5
17039,98,86,12,12
17040,118,125,-7,7
17041,97,99,-2,2
17042,94,104,-10,10
17043,143,130,13,13
17044,119,115,4,4
17045,82,94,-12,12
17046,86,94,-8,8
17047,79,87,-8,8
17048,178,176,2,2
17049,151,132,19,19
17050,133,124,9,9
17051,71,81,-10,10
17052,56,62,-6,6
17053,61,68,-7,7
17054,69,79,-10,10
17055,95,98,-3,3
17056,98,96,2,2
17057,88,93,-5,5
17058,86,93,-7,7
17059,79,87,-8,8
17060,77,79,-2,2
17061,88,101,-13,13
17062,110,105,5,5
17063,138,137,1,1
17064,98,106,-8,8
17065,99,97,2,2
17066,73,80,-7,7
17067,143,131,12,12
17068,44,54,-10,10
17069,136,124,12,12
17070,150,135,15,15
17071,125,123,2,2
17072,134,124,10,10
17073,93,100,-7,7
17074,107,102,5,5
17075,38,56,-18,18
17076,133,144,-11,11
17077,151,141,10,10
17078,104,109,-5,5
17079,83,84,-1,1
17080,124,109,15,15
17081,161,151,10,10
17082,72,76,-4,4
17083,77,87,-10,10
17084,111,107,4,4
17085,107,106,1,1
17086,107,110,-3,3
17087,98,103,-5,5
17088,168,156,12,12
17089,100,96,4,4
17090,70,77,-7,7
17091,68,73,-5,5
17092,74,73,1,1
17093,129,126,3,3
17094,121,117,4,4
17095,69,72,-3,3
17096,121,119,2,2
17097,103,103,0,0
17098,187,176,11,11
17099,61,68,-7,7
17100,81,81,0,0
17101,117,124,-7,7
17102,46,57,-11,11
17103,77,83,-6,6
17104,85,91,-6,6
17105,47,61,-14,14
17106,81,85,-4,4
17107,99,92,7,7
17108,152,153,-1,1
17109,58,75,-17,17
17110,45,63,-18,18
17111,87,88,-1,1
17112,100,89,11,11
17113,41,53,-12,12
17114,184,155,29,29
17115,72,78,-6,6
17116,38,53,-15,15
17117,79,100,-21,21
17118,98,92,6,6
17119,71,77,-6,6
17120,62,71,-9,9
17121,90,85,5,5
17122,97,87,10,10
17123,52,62,-10,10
17124,74,74,0,0
17125,154,142,12,12
17126,99,96,3,3
17127,44,52,-8,8
17128,85,85,0,0
17129,128,122,6,6
17130,128,111,17,17
17131,78,95,-17,17
17132,62,73,-11,11
17133,112,120,-8,8
17134,63,75,-12,12
17135,88,91,-3,3
17136,51,59,-8,8
17137,129,123,6,6
17138,65,71,-6,6
17139,56,64,-8,8
17140,102,99,3,3
17141,87,85,2,2
17142,129,124,5,5
17143,61,73,-12,12
17144,79,83,-4,4
17145,57,74,-17,17
17146,171,151,20,20
17147,90,93,-3,3
17148,96,95,1,1
17149,91,91,0,0
17150,47,61,-14,14
17151,87,98,-11,11
17152,86,104,-18,18
17153,133,132,1,1
17154,133,125,8,8
17155,89,97,-8,8
17156,64,64,0,0
17157,54,64,-10,10
17158,99,115,-16,16
17159,91,92,-1,1
17160,76,85,-9,9
17161,75,79,-4,4
17162,72,73,-1,1
17163,107,109,-2,2
17164,39,50,-11,11
17165,99,97,2,2
17166,121,115,6,6
17167,89,88,1,1
17168,132,128,4,4
17169,108,115,-7,7
17170,84,80,4,4
17171,104,101,3,3
17172,68,74,-6,6
17173,55,65,-10,10
17174,74,75,-1,1
17175,85,92,-7,7
17176,63,70,-7,7
17177,77,82,-5,5
17178,103,105,-2,2
17179,66,73,-7,7
17180,77,75,2,2
17181,112,104,8,8
17182,127,134,-7,7
17183,100,102,-2,2
17184,59,72,-13,13
17185,111,103,8,8
17186,29,46,-17,17
17187,77,79,-2,2
17188,98,103,-5,5
17189,108,108,0,0
17190,196,182,14,14
17191,79,81,-2,2
17192,150,144,6,6
17193,99,95,4,4
17194,73,77,-4,4
17195,75,78,-3,3
17196,62,72,-10,10
17197,77,84,-7,7
17198,100,92,8,8
17199,139,132,7,7
17200,80,82,-2,2
17201,151,122,29,29
17202,125,121,4,4
17203,70,84,-14,14
17204,141,130,11,11
17205,76,86,-10,10
17206,74,86,-12,12
17207,108,99,9,9
17208,146,123,23,23
17209,65,68,-3,3
17210,92,102,-10,10
17211,98,96,2,2
17212,112,118,-6,6
17213,155,133,22,22
17214,109,106,3,3
17215,127,120,7,7
17216,40,61,-21,21
17217,106,118,-12,12
17218,106,116,-10,10
17219,68,74,-6,6
17220,73,81,-8,8
17221,69,78,-9,9
17222,93,96,-3,3
17223,95,97,-2,2
17224,99,97,2,2
17225,108,105,3,3
17226,77,81,-4,4
17227,76,81,-5,5
17228,102,104,-2,2
17229,117,110,7,7
17230,88,88,0,0
17231,82,85,-3,3
17232,99,96,3,3
17233,147,129,18,18
17234,66,71,-5,5
17235,79,76,3,3
17236,62,76,-14,14
17237,175,162,13,13
17238,101,100,1,1
17239,64,73,-9,9
17240,74,79,-5,5
17241,72,92,-20,20
17242,64,74,-10,10
17243,73,76,-3,3
17244,48,67,-19,19
17245,186,164,22,22
17246,100,119,-19,19
17247,120,112,8,8
17248,53,72,-19,19
17249,120,109,11,11
17250,98,104,-6,6
17251,34,51,-17,17
17252,97,97,0,0
17253,118,108,10,10
17254,128,113,15,15
17255,90,88,2,2
17256,63,73,-10,10
17257,160,139,21,21
17258,177,144,33,33
17259,185,171,14,14
17260,104,103,1,1
17261,68,73,-5,5
17262,119,121,-2,2
17263,110,102,8,8
17264,67,69,-2,2
17265,56,69,-13,13
17266,160,143,17,17
17267,103,119,-16,16
17268,68,73,-5,5
17269,112,113,-1,1
17270,75,79,-4,4
17271,101,103,-2,2
17272,89,107,-18,18
17273,57,75,-18,18
17274,65,71,-6,6
17275,95,102,-7,7
17276,93,96,-3,3
17277,100,97,3,3
17278,127,126,1,1
17279,105,97,8,8
17280,58,60,-2,2
17281,70,79,-9,9
17282,146,140,6,6
17283,90,91,-1,1
17284,75,80,-5,5
17285,92,96,-4,4
17286,122,118,4,4
17287,77,82,-5,5
17288,50,64,-14,14
17289,69,80,-11,11
17290,36,52,-16,16
17291,97,91,6,6
17292,81,92,-11,11
17293,127,131,-4,4
17294,142,137,5,5
17295,98,102,-4,4
17296,91,84,7,7
17297,84,90,-6,6
17298,94,101,-7,7
17299,71,86,-15,15
17300,87,82,5,5
17301,109,104,5,5
17302,58,64,-6,6
17303,63,73,-10,10
17304,65,73,-8,8
17305,45,55,-10,10
17306,87,78,9,9
17307,64,75,-11,11
17308,82,86,-4,4
17309,156,151,5,5
17310,138,117,21,21
17311,76,82,-6,6
17312,134,123,11,11
17313,115,108,7,7
17314,92,95,-3,3
17315,126,122,4,4
17316,103,106,-3,3
17317,56,67,-11,11
17318,125,135,-10,10
17319,108,98,10,10
17320,69,76,-7,7
17321,151,140,11,11
17322,88,97,-9,9
17323,101,99,2,2
17324,165,157,8,8
17325,151,131,20,20
17326,82,83,-1,1
17327,65,71,-6,6
17328,93,95,-2,2
17329,102,101,1,1
17330,71,80,-9,9
17331,66,78,-12,12
17332,101,104,-3,3
17333,109,100,9,9
17334,67,68,-1,1
17335,150,138,12,12
17336,71,63,8,8
17337,93,99,-6,6
17338,106,108,-2,2
17339,127,119,8,8
17340,167,157,10,10
17341,67,78,-11,11
17342,137,131,6,6
17343,90,92,-2,2
17344,48,63,-15,15
17345,79,79,0,0
17346,72,82,-10,10
17347,139,131,8,8
17348,81,88,-7,7
17349,124,122,2,2
17350,114,105,9,9
17351,75,83,-8,8
17352,73,77,-4,4
17353,90,85,5,5
17354,156,150,6,6
17355,107,107,0,0
17356,88,90,-2,2
17357,135,140,-5,5
17358,120,105,15,15
17359,55,76,-21,21
17360,58,68,-10,10
17361,104,112,-8,8
17362,53,60,-7,7
17363,65,69,-4,4
17364,71,77,-6,6
17365,36,56,-20,20
17366,135,122,13,13
17367,159,148,11,11
17368,118,104,14,14
17369,93,96,-3,3
17370,91,93,-2,2
17371,66,78,-12,12
17372,68,67,1,1
17373,81,84,-3,3
17374,138,138,0,0
17375,68,77,-9,9
17376,128,124,4,4
17377,97,107,-10,10
17378,83,94,-11,11
17379,194,172,22,22
17380,63,70,-7,7
17381,68,68,0,0
17382,68,76,-8,8
17383,89,95,-6,6
17384,103,96,7,7
17385,113,120,-7,7
17386,95,94,1,1
17387,93,88,5,5
17388,68,75,-7,7
17389,57,62,-5,5
17390,58,71,-13,13
17391,174,155,19,19
17392,71,77,-6,6
17393,106,101,5,5
17394,63,69,-6,6
17395,63,65,-2,2
17396,126,115,11,11
17397,104,101,3,3
17398,83,88,-5,5
17399,80,86,-6,6
17400,175,160,15,15
17401,77,96,-19,19
17402,146,132,14,14
17403,78,80,-2,2
17404,114,104,10,10
17405,86,101,-15,15
17406,149,142,7,7
17407,170,159,11,11
17408,121,116,5,5
17409,61,69,-8,8
17410,64,66,-2,2
17411,67,71,-4,4
17412,99,105,-6,6
17413,185,162,23,23
17414,56,73,-17,17
17415,99,97,2,2
17416,75,88,-13,13
17417,85,82,3,3
17418,92,90,2,2
17419,91,89,2,2
17420,80,77,3,3
17421,56,75,-19,19
17422,80,80,0,0
17423,135,126,9,9
17424,98,119,-21,21
17425,150,147,3,3
17426,53,69,-16,16
17427,106,102,4,4
17428,74,80,-6,6
17429,196,176,20,20
17430,88,87,1,1
17431,47,58,-11,11
17432,101,107,-6,6
17433,110,104,6,6
17434,116,117,-1,1
17435,96,101,-5,5
17436,65,68,-3,3
17437,55,60,-5,5
17438,140,136,4,4
17439,94,89,5,5
17440,89,84,5,5
17441,101,96,5,5
17442,80,78,2,2
17443,112,106,6,6
17444,106,112,-6,6
17445,103,107,-4,4
17446,60,70,-10,10
17447,95,103,-8,8
17448,87,93,-6,6
17449,45,57,-12,12
17450,92,96,-4,4
17451,108,101,7,7
17452,98,97,1,1
17453,62,72,-10,10
17454,107,105,2,2
17455,74,75,-1,1
17456,137,122,15,15
17457,75,80,-5,5
17458,66,72,-6,6
17459,100,94,6,6
17460,129,139,-10,10
17461,79,82,-3,3
17462,111,103,8,8
17463,88,96,-8,8
17464,63,71,-8,8
17465,95,100,-5,5
17466,74,79,-5,5
17467,108,105,3,3
17468,115,105,10,10
17469,96,96,0,0
17470,146,131,15,15
17471,178,163,15,15
17472,171,159,12,12
17473,171,147,24,24
17474,151,139,12,12
17475,90,94,-4,4
17476,94,89,5,5
17477,89,83,6,6
17478,71,77,-6,6
17479,223,198,25,25
17480,66,75,-9,9
17481,116,112,4,4
17482,69,73,-4,4
17483,153,141,12,12
17484,48,65,-17,17
17485,83,90,-7,7
17486,177,160,17,17
17487,70,79,-9,9
17488,80,87,-7,7
17489,77,83,-6,6
17490,69,72,-3,3
17491,81,79,2,2
17492,115,115,0,0
17493,96,102,-6,6
17494,94,89,5,5
17495,46,60,-14,14
17496,88,104,-16,16
17497,90,83,7,7
17498,89,97,-8,8
17499,65,71,-6,6
17500,78,81,-3,3
17501,76,82,-6,6
17502,116,105,11,11
17503,127,119,8,8
17504,146,140,6,6
17505,89,98,-9,9
17506,42,67,-25,25
17507,73,73,0,0
17508,61,68,-7,7
17509,79,79,0,0
17510,105,102,3,3
17511,64,73,-9,9
17512,115,117,-2,2
17513,66,77,-11,11
17514,75,80,-5,5
17515,82,85,-3,3
17516,46,66,-20,20
17517,106,109,-3,3
17518,74,84,-10,10
17519,58,71,-13,13
17520,89,93,-4,4
17521,76,76,0,0
17522,90,84,6,6
17523,108,104,4,4
17524,89,100,-11,11
17525,75,78,-3,3
17526,98,97,1,1
17527,87,84,3,3
17528,65,75,-10,10
17529,121,108,13,13
17530,63,73,-10,10
17531,139,139,0,0
17532,80,85,-5,5
17533,75,81,-6,6
17534,64,74,-10,10
17535,48,57,-9,9
17536,115,111,4,4
17537,82,85,-3,3
17538,120,117,3,3
17539,141,139,2,2
17540,67,74,-7,7
17541,48,69,-21,21
17542,117,109,8,8
17543,173,162,11,11
17544,74,87,-13,13
17545,53,64,-11,11
17546,33,49,-16,16
17547,79,87,-8,8
17548,76,77,-1,1
17549,119,106,13,13
17550,139,131,8,8
17551,77,78,-1,1
17552,115,113,2,2
17553,67,79,-12,12
17554,105,95,10,10
17555,127,124,3,3
17556,84,85,-1,1
17557,106,108,-2,2
17558,79,91,-12,12
17559,96,102,-6,6
17560,82,82,0,0
17561,146,134,12,12
17562,98,101,-3,3
17563,116,121,-5,5
17564,42,55,-13,13
17565,82,89,-7,7
17566,71,75,-4,4
17567,103,96,7,7
17568,60,71,-11,11
17569,86,89,-3,3
17570,137,122,15,15
17571,105,99,6,6
17572,68,80,-12,12
17573,94,99,-5,5
17574,190,168,22,22
17575,61,68,-7,7
17576,112,106,6,6
17577,72,72,0,0
17578,137,122,15,15
17579,85,90,-5,5
17580,190,173,17,17
17581,145,141,4,4
17582,100,103,-3,3
17583,143,128,15,15
17584,81,83,-2,2
17585,58,71,-13,13
17586,79,92,-13,13
17587,119,112,7,7
17588,63,73,-10,10
17589,106,101,5,5
17590,111,103,8,8
17591,90,95,-5,5
17592,134,132,2,2
17593,129,114,15,15
17594,67,73,-6,6
17595,128,126,2,2
17596,43,57,-14,14
17597,58,67,-9,9
17598,123,126,-3,3
17599,63,69,-6,6
17600,61,73,-12,12
17601,74,70,4,4
17602,117,106,11,11
17603,132,106,26,26
17604,73,70,3,3
17605,127,125,2,2
17606,170,157,13,13
17607,101,103,-2,2
17608,118,107,11,11
17609,73,75,-2,2
17610,82,87,-5,5
17611,100,100,0,0
17612,62,72,-10,10
17613,80,78,2,2
17614,50,62,-12,12
17615,68,76,-8,8
17616,163,150,13,13
17617,49,60,-11,11
17618,75,81,-6,6
17619,133,122,11,11
17620,115,115,0,0
17621,102,106,-4,4
17622,74,81,-7,7
17623,161,144,17,17
17624,130,128,2,2
17625,122,114,8,8
17626,109,103,6,6
17627,120,126,-6,6
17628,72,59,13,13
17629,90,95,-5,5
17630,80,93,-13,13
17631,103,110,-7,7
17632,134,127,7,7
17633,93,97,-4,4
17634,82,84,-2,2
17635,184,160,24,24
17636,84,86,-2,2
17637,62,67,-5,5
17638,65,73,-8,8
17639,68,78,-10,10
17640,118,115,3,3
17641,81,87,-6,6
17642,116,117,-1,1
17643,116,114,2,2
17644,85,84,1,1
17645,55,68,-13,13
17646,91,93,-2,2
17647,79,85,-6,6
17648,24,53,-29,29
17649,155,142,13,13
17650,97,90,7,7
17651,69,79,-10,10
17652,105,105,0,0
17653,158,152,6,6
17654,129,125,4,4
17655,115,107,8,8
17656,92,101,-9,9
17657,82,88,-6,6
17658,100,100,0,0
17659,66,67,-1,1
17660,46,60,-14,14
17661,141,143,-2,2
17662,128,120,8,8
17663,101,87,14,14
17664,103,97,6,6
17665,75,79,-4,4
17666,125,120,5,5
17667,50,58,-8,8
17668,67,72,-5,5
17669,91,97,-6,6
17670,95,96,-1,1
17671,133,122,11,11
17672,124,120,4,4
17673,59,62,-3,3
17674,138,129,9,9
17675,132,125,7,7
17676,109,106,3,3
17677,72,82,-10,10
17678,84,92,-8,8
17679,107,105,2,2
17680,73,87,-14,14
17681,76,82,-6,6
17682,122,109,13,13
17683,107,112,-5,5
17684,38,52,-14,14
17685,127,115,12,12
17686,82,81,1,1
17687,189,161,28,28
17688,115,112,3,3
17689,100,97,3,3
17690,70,71,-1,1
17691,81,77,4,4
17692,150,154,-4,4
17693,94,91,3,3
17694,88,87,1,1
17695,81,89,-8,8
17696,148,140,8,8
17697,75,88,-13,13
17698,90,92,-2,2
17699,124,120,4,4
17700,46,57,-11,11
17701,103,107,-4,4
17702,101,95,6,6
17703,93,95,-2,2
17704,105,107,-2,2
17705,91,94,-3,3
17706,138,131,7,7
17707,85,88,-3,3
17708,102,96,6,6
17709,72,86,-14,14
17710,81,85,-4,4
17711,118,114,4,4
17712,114,119,-5,5
17713,118,112,6,6
17714,79,85,-6,6
17715,149,130,19,19
17716,74,82,-8,8
17717,46,60,-14,14
17718,76,75,1,1
17719,80,84,-4,4
17720,124,133,-9,9
17721,126,129,-3,3
17722,57,63,-6,6
17723,91,104,-13,13
17724,206,171,35,35
17725,122,109,13,13
17726,89,94,-5,5
17727,108,106,2,2
17728,170,151,19,19
17729,89,91,-2,2
17730,90,88,2,2
17731,85,90,-5,5
17732,80,75,5,5
17733,105,93,12,12
17734,84,78,6,6
17735,97,98,-1,1
17736,60,71,-11,11
17737,39,57,-18,18
17738,103,97,6,6
17739,122,120,2,2
17740,105,107,-2,2
17741,72,83,-11,11
17742,72,83,-11,11
17743,126,119,7,7
17744,113,105,8,8
17745,88,87,1,1
17746,121,120,1,1
17747,88,93,-5,5
17748,72,74,-2,2
17749,65,79,-14,14
17750,74,84,-10,10
17751,112,118,-6,6
17752,53,63,-10,10
17753,138,128,10,10
17754,108,109,-1,1
17755,65,72,-7,7
17756,72,82,-10,10
17757,122,112,10,10
17758,48,66,-18,18
17759,93,91,2,2
17760,124,119,5,5
17761,92,94,-2,2
17762,66,76,-10,10
17763,69,74,-5,5
17764,144,148,-4,4
17765,103,107,-4,4
17766,96,95,1,1
17767,107,103,4,4
17768,129,123,6,6
17769,60,69,-9,9
17770,72,76,-4,4
17771,53,62,-9,9
17772,117,102,15,15
17773,109,111,-2,2
17774,73,78,-5,5
17775,121,115,6,6
17776,193,179,14,14
17777,69,81,-12,12
17778,80,76,4,4
17779,135,118,17,17
17780,47,58,-11,11
17781,75,76,-1,1
17782,135,142,-7,7
17783,97,97,0,0
17784,76,82,-6,6
17785,108,105,3,3
17786,110,112,-2,2
17787,87,96,-9,9
17788,59,68,-9,9
17789,163,152,11,11
17790,80,87,-7,7
17791,169,147,22,22
17792,91,95,-4,4
17793,122,119,3,3
17794,97,98,-1,1
17795,63,76,-13,13
17796,139,138,1,1
17797,76,79,-3,3
17798,80,83,-3,3
17799,79,79,0,0
17800,112,112,0,0
17801,94,96,-2,2
17802,103,107,-4,4
17803,53,67,-14,14
17804,70,78,-8,8
17805,156,149,7,7
17806,29,60,-31,31
17807,128,130,-2,2
17808,125,122,3,3
17809,126,104,22,22
17810,50,84,-34,34
17811,152,144,8,8
17812,195,158,37,37
17813,76,85,-9,9
17814,87,90,-3,3
17815,80,78,2,2
17816,66,71,-5,5
17817,72,77,-5,5
17818,104,111,-7,7
17819,67,72,-5,5
17820,109,107,2,2
17821,146,136,10,10
17822,59,75,-16,16
17823,78,79,-1,1
17824,73,76,-3,3
17825,139,132,7,7
17826,103,97,6,6
17827,112,117,-5,5
17828,99,93,6,6
17829,68,80,-12,12
17830,53,63,-10,10
17831,152,124,28,28
17832,55,61,-6,6
17833,96,101,-5,5
17834,78,83,-5,5
17835,69,94,-25,25
17836,54,63,-9,9
17837,118,113,5,5
17838,120,108,12,12
17839,45,68,-23,23
17840,94,92,2,2
17841,141,135,6,6
17842,81,92,-11,11
17843,85,97,-12,12
17844,100,103,-3,3
17845,104,104,0,0
17846,189,159,30,30
17847,79,79,0,0
17848,98,99,-1,1
17849,53,63,-10,10
17850,139,127,12,12
17851,96,115,-19,19
17852,75,79,-4,4
17853,74,82,-8,8
17854,142,135,7,7
17855,135,144,-9,9
17856,40,50,-10,10
17857,176,154,22,22
17858,55,65,-10,10
17859,70,83,-13,13
17860,71,78,-7,7
17861,55,71,-16,16
17862,168,156,12,12
17863,146,130,16,16
17864,111,113,-2,2
17865,117,100,17,17
17866,64,71,-7,7
17867,106,100,6,6
17868,110,99,11,11
17869,79,83,-4,4
17870,95,92,3,3
17871,121,117,4,4
17872,129,126,3,3
17873,98,89,9,9
17874,60,66,-6,6
17875,53,65,-12,12
17876,121,111,10,10
17877,112,128,-16,16
17878,54,66,-12,12
17879,76,83,-7,7
17880,126,131,-5,5
17881,131,119,12,12
17882,45,60,-15,15
17883,135,128,7,7
17884,95,91,4,4
17885,80,78,2,2
17886,96,97,-1,1
17887,143,130,13,13
17888,59,68,-9,9
17889,140,133,7,7
17890,73,80,-7,7
17891,109,113,-4,4
17892,116,124,-8,8
17893,42,58,-16,16
17894,44,53,-9,9
17895,151,140,11,11
17896,109,114,-5,5
17897,106,94,12,12
17898,131,107,24,24
17899,139,127,12,12
17900,77,78,-1,1
17901,127,118,9,9
17902,79,91,-12,12
17903,140,133,7,7
17904,63,67,-4,4
17905,121,120,1,1
17906,65,69,-4,4
17907,146,131,15,15
17908,110,101,9,9
17909,101,105,-4,4
17910,35,52,-17,17
17911,105,102,3,3
17912,154,152,2,2
17913,72,76,-4,4
17914,98,101,-3,3
17915,126,130,-4,4
17916,142,130,12,12
17917,98,113,-15,15
17918,82,91,-9,9
17919,86,94,-8,8
17920,79,78,1,1
17921,111,99,12,12
17922,74,77,-3,3
17923,58,66,-8,8
17924,48,60,-12,12
17925,74,78,-4,4
17926,123,119,4,4
17927,40,54,-14,14
17928,80,74,6,6
17929,63,65,-2,2
17930,115,100,15,15
17931,107,107,0,0
17932,80,78,2,2
17933,85,89,-4,4
17934,166,151,15,15
17935,71,84,-13,13
17936,56,71,-15,15
17937,48,63,-15,15
17938,96,93,3,3
17939,54,64,-10,10
17940,124,122,2,2
17941,92,96,-4,4
17942,51,63,-12,12
17943,62,74,-12,12
17944,89,88,1,1
17945,141,128,13,13
17946,87,77,10,10
17947,75,88,-13,13
17948,81,82,-1,1
17949,65,85,-20,20
17950,90,85,5,5
17951,85,84,1,1
17952,71,81,-10,10
17953,61,73,-12,12
17954,104,103,1,1
17955,98,105,-7,7
17956,68,75,-7,7
17957,77,76,1,1
17958,90,92,-2,2
17959,71,87,-16,16
17960,59,77,-18,18
17961,109,100,9,9
17962,105,107,-2,2
17963,175,154,21,21
17964,83,92,-9,9
17965,139,128,11,11
17966,68,75,-7,7
17967,88,94,-6,6
17968,75,77,-2,2
17969,104,107,-3,3
17970,126,118,8,8
17971,91,95,-4,4
17972,94,98,-4,4
17973,89,93,-4,4
17974,41,57,-16,16
17975,91,108,-17,17
17976,81,88,-7,7
17977,72,77,-5,5
17978,146,127,19,19
17979,80,84,-4,4
17980,141,119,22,22
17981,104,97,7,7
17982,111,103,8,8
17983,115,116,-1,1
17984,67,71,-4,4
17985,132,123,9,9
17986,118,117,1,1
17987,79,79,0,0
17988,67,81,-14,14
17989,158,132,26,26
17990,90,87,3,3
17991,78,85,-7,7
17992,52,61,-9,9
17993,67,74,-7,7
17994,57,78,-21,21
17995,93,95,-2,2
17996,73,77,-4,4
17997,100,104,-4,4
17998,150,131,19,19
17999,68,74,-6,6
18000,74,81,-7,7
18001,100,101,-1,1
18002,92,102,-10,10
18003,101,108,-7,7
18004,96,92,4,4
18005,161,145,16,16
18006,71,79,-8,8
18007,97,98,-1,1
18008,62,70,-8,8
18009,70,77,-7,7
18010,106,99,7,7
18011,67,78,-11,11
18012,56,72,-16,16
18013,75,76,-1,1
18014,47,57,-10,10
18015,78,81,-3,3
18016,62,66,-4,4
18017,68,75,-7,7
18018,106,100,6,6
18019,125,114,11,11
18020,84,98,-14,14
18021,107,104,3,3
18022,63,68,-5,5
18023,76,89,-13,13
18024,98,93,5,5
18025,139,114,25,25
18026,94,96,-2,2
18027,142,137,5,5
18028,121,119,2,2
18029,79,82,-3,3
18030,123,122,1,1
18031,82,87,-5,5
18032,174,160,14,14
18033,116,120,-4,4
18034,51,65,-14,14
18035,157,138,19,19
18036,57,67,-10,10
18037,71,70,1,1
18038,30,45,-15,15
18039,102,103,-1,1
18040,140,126,14,14
18041,156,150,6,6
18042,44,55,-11,11
18043,157,142,15,15
18044,91,95,-4,4
18045,111,120,-9,9
18046,107,119,-12,12
18047,83,90,-7,7
18048,83,84,-1,1
18049,103,99,4,4
18050,84,80,4,4
18051,79,81,-2,2
18052,119,105,14,14
18053,66,80,-14,14
18054,34,47,-13,13
18055,134,127,7,7
18056,108,105,3,3
18057,60,76,-16,16
18058,33,48,-15,15
18059,105,111,-6,6
18060,71,80,-9,9
18061,92,99,-7,7
18062,62,69,-7,7
18063,54,65,-11,11
18064,85,90,-5,5
18065,154,133,21,21
18066,109,103,6,6
18067,120,133,-13,13
18068,55,63,-8,8
18069,102,109,-7,7
18070,58,64,-6,6
18071,34,49,-15,15
18072,91,93,-2,2
18073,110,105,5,5
18074,117,107,10,10
18075,102,123,-21,21
18076,95,92,3,3
18077,38,56,-18,18
18078,88,88,0,0
18079,107,97,10,10
18080,113,110,3,3
18081,58,68,-10,10
18082,56,69,-13,13
18083,68,76,-8,8
18084,59,66,-7,7
18085,169,163,6,6
18086,70,71,-1,1
18087,117,112,5,5
18088,84,84,0,0
18089,150,150,0,0
18090,123,128,-5,5
18091,72,79,-7,7
18092,108,108,0,0
18093,87,90,-3,3
18094,123,141,-18,18
18095,79,85,-6,6
18096,112,124,-12,12
18097,77,79,-2,2
18098,123,117,6,6
18099,109,116,-7,7
18100,82,78,4,4
18101,57,61,-4,4
18102,120,109,11,11
18103,117,120,-3,3
18104,53,61,-8,8
18105,72,82,-10,10
18106,90,88,2,2
18107,92,107,-15,15
18108,88,85,3,3
18109,55,77,-22,22
18110,62,65,-3,3
18111,108,109,-1,1
18112,85,81,4,4
18113,66,88,-22,22
18114,165,163,2,2
18115,124,128,-4,4
18116,75,86,-11,11
18117,54,62,-8,8
18118,141,133,8,8
18119,67,74,-7,7
18120,94,98,-4,4
18121,102,109,-7,7
18122,119,120,-1,1
18123,53,67,-14,14
18124,122,132,-10,10
18125,60,70,-10,10
18126,88,93,-5,5
18127,101,102,-1,1
18128,64,73,-9,9
18129,48,73,-25,25
18130,75,77,-2,2
18131,53,77,-24,24
18132,123,107,16,16
18133,90,92,-2,2
18134,137,139,-2,2
18135,95,99,-4,4
18136,88,105,-17,17
18137,106,116,-10,10
18138,155,141,14,14
18139,75,75,0,0
18140,62,71,-9,9
18141,91,87,4,4
18142,58,61,-3,3
18143,51,67,-16,16
18144,120,118,2,2
18145,94,100,-6,6
18146,112,109,3,3
18147,84,99,-15,15
18148,67,76,-9,9
18149,83,85,-2,2
18150,162,150,12,12
18151,122,120,2,2
18152,36,51,-15,15
18153,127,124,3,3
18154,75,94,-19,19
18155,119,103,16,16
18156,147,133,14,14
18157,105,103,2,2
18158,55,64,-9,9
18159,90,88,2,2
18160,57,66,-9,9
18161,100,101,-1,1
18162,63,64,-1,1
18163,58,71,-13,13
18164,140,143,-3,3
18165,107,104,3,3
18166,71,82,-11,11
18167,145,142,3,3
18168,64,77,-13,13
18169,94,88,6,6
18170,71,74,-3,3
18171,68,77,-9,9
18172,109,99,10,10
18173,67,76,-9,9
18174,81,86,-5,5
18175,101,95,6,6
18176,135,123,12,12
18177,60,64,-4,4
18178,154,136,18,18
18179,131,118,13,13
18180,97,93,4,4
18181,65,71,-6,6
18182,132,125,7,7
18183,95,98,-3,3
18184,97,93,4,4
18185,122,110,12,12
18186,80,90,-10,10
18187,89,86,3,3
18188,97,89,8,8
18189,106,107,-1,1
18190,101,102,-1,1
18191,116,124,-8,8
18192,70,90,-20,20
18193,44,56,-12,12
18194,149,139,10,10
18195,95,97,-2,2
18196,79,81,-2,2
18197,114,111,3,3
18198,77,75,2,2
18199,121,113,8,8
18200,80,85,-5,5
18201,117,108,9,9
18202,150,135,15,15
18203,85,84,1,1
18204,72,85,-13,13
18205,112,105,7,7
18206,91,89,2,2
18207,61,65,-4,4
18208,126,117,9,9
18209,78,81,-3,3
18210,129,122,7,7
18211,71,78,-7,7
18212,72,81,-9,9
18213,166,155,11,11
18214,134,124,10,10
18215,36,46,-10,10
18216,63,73,-10,10
18217,73,76,-3,3
18218,88,93,-5,5
18219,88,96,-8,8
18220,113,119,-6,6
18221,138,129,9,9
18222,88,76,12,12
18223,127,123,4,4
18224,216,198,18,18
18225,108,105,3,3
18226,137,132,5,5
18227,66,85,-19,19
18228,68,79,-11,11
18229,100,97,3,3
18230,50,62,-12,12
18231,130,129,1,1
18232,100,104,-4,4
18233,201,160,41,41
18234,53,62,-9,9
18235,65,73,-8,8
18236,60,67,-7,7
18237,177,166,11,11
18238,88,84,4,4
18239,64,73,-9,9
18240,141,138,3,3
18241,87,94,-7,7
18242,144,133,11,11
18243,118,106,12,12
18244,84,91,-7,7
18245,80,89,-9,9
18246,131,131,0,0
18247,61,71,-10,10
18248,93,93,0,0
18249,78,92,-14,14
18250,58,65,-7,7
18251,99,91,8,8
18252,107,103,4,4
18253,119,117,2,2
18254,104,112,-8,8
18255,87,94,-7,7
18256,88,85,3,3
18257,131,127,4,4
18258,126,119,7,7
18259,125,113,12,12
18260,99,105,-6,6
18261,127,122,5,5
18262,34,60,-26,26
18263,77,76,1,1
18264,88,91,-3,3
18265,106,119,-13,13
18266,104,100,4,4
18267,78,89,-11,11
18268,78,82,-4,4
18269,211,179,32,32
18270,68,62,6,6
18271,110,107,3,3
18272,86,89,-3,3
18273,102,103,-1,1
18274,82,80,2,2
18275,57,66,-9,9
18276,106,107,-1,1
18277,52,66,-14,14
18278,60,65,-5,5
18279,78,84,-6,6
18280,66,67,-1,1
18281,134,124,10,10
18282,61,71,-10,10
18283,88,89,-1,1
18284,95,97,-2,2
18285,79,83,-4,4
18286,109,108,1,1
18287,74,83,-9,9
18288,82,80,2,2
18289,77,81,-4,4
18290,89,90,-1,1
18291,115,108,7,7
18292,64,73,-9,9
18293,143,131,12,12
18294,189,172,17,17
18295,27,46,-19,19
18296,82,94,-12,12
18297,127,132,-5,5
18298,121,106,15,15
18299,103,102,1,1
18300,55,65,-10,10
18301,163,156,7,7
18302,93,95,-2,2
18303,95,97,-2,2
18304,123,121,2,2
18305,59,70,-11,11
18306,112,101,11,11
18307,76,81,-5,5
18308,77,89,-12,12
18309,62,71,-9,9
18310,71,79,-8,8
18311,60,67,-7,7
18312,141,139,2,2
18313,91,97,-6,6
18314,96,96,0,0
18315,58,67,-9,9
18316,93,95,-2,2
18317,165,158,7,7
18318,199,184,15,15
18319,98,97,1,1
18320,152,150,2,2
18321,81,77,4,4
18322,93,89,4,4
18323,122,113,9,9
18324,83,88,-5,5
18325,82,89,-7,7
18326,61,70,-9,9
18327,87,93,-6,6
18328,44,58,-14,14
18329,90,100,-10,10
18330,50,63,-13,13
18331,122,115,7,7
18332,82,85,-3,3
18333,101,104,-3,3
18334,93,98,-5,5
18335,132,119,13,13
18336,111,117,-6,6
18337,96,89,7,7
18338,47,59,-12,12
18339,113,114,-1,1
18340,182,170,12,12
18341,107,122,-15,15
18342,99,107,-8,8
18343,72,79,-7,7
18344,84,91,-7,7
18345,55,66,-11,11
18346,154,150,4,4
18347,39,55,-16,16
18348,107,104,3,3
18349,89,96,-7,7
18350,114,109,5,5
18351,99,101,-2,2
18352,76,82,-6,6
18353,61,71,-10,10
18354,112,100,12,12
18355,79,84,-5,5
18356,81,84,-3,3
18357,80,89,-9,9
18358,49,69,-20,20
18359,48,48,0,0
18360,113,108,5,5
18361,91,96,-5,5
18362,76,80,-4,4
18363,144,141,3,3
18364,67,73,-6,6
18365,81,78,3,3
18366,111,106,5,5
18367,78,85,-7,7
18368,53,66,-13,13
18369,77,86,-9,9
18370,71,90,-19,19
18371,76,75,1,1
18372,65,71,-6,6
18373,90,93,-3,3
18374,165,149,16,16
18375,188,176,12,12
18376,58,155,-97,97
18377,81,86,-5,5
18378,65,73,-8,8
18379,91,95,-4,4
18380,116,117,-1,1
18381,145,132,13,13
18382,111,105,6,6
18383,146,134,12,12
18384,119,106,13,13
18385,91,97,-6,6
18386,116,118,-2,2
18387,48,57,-9,9
18388,107,119,-12,12
18389,63,73,-10,10
18390,120,108,12,12
18391,86,86,0,0
18392,93,94,-1,1
18393,89,95,-6,6
18394,95,99,-4,4
18395,90,87,3,3
18396,104,102,2,2
18397,144,139,5,5
18398,119,109,10,10
18399,82,86,-4,4
18400,61,81,-20,20
18401,93,101,-8,8
18402,142,129,13,13
18403,73,77,-4,4
18404,133,117,16,16
18405,128,131,-3,3
18406,104,102,2,2
18407,90,91,-1,1
18408,88,96,-8,8
18409,65,84,-19,19
18410,102,97,5,5
18411,176,152,24,24
18412,90,96,-6,6
18413,241,207,34,34
18414,115,100,15,15
18415,69,74,-5,5
18416,94,90,4,4
18417,123,118,5,5
18418,96,108,-12,12
18419,90,96,-6,6
18420,59,69,-10,10
18421,76,79,-3,3
18422,72,77,-5,5
18423,70,77,-7,7
18424,67,70,-3,3
18425,83,87,-4,4
18426,205,176,29,29
18427,62,74,-12,12
18428,214,197,17,17
18429,79,79,0,0
18430,142,127,15,15
18431,88,87,1,1
18432,107,112,-5,5
18433,120,111,9,9
18434,108,107,1,1
18435,102,98,4,4
18436,64,74,-10,10
18437,86,94,-8,8
18438,70,78,-8,8
18439,130,112,18,18
18440,97,92,5,5
18441,85,90,-5,5
18442,67,71,-4,4
18443,142,118,24,24
18444,48,61,-13,13
18445,88,86,2,2
18446,123,123,0,0
18447,69,84,-15,15
18448,92,94,-2,2
18449,69,78,-9,9
18450,45,58,-13,13
18451,64,72,-8,8
18452,84,80,4,4
18453,131,124,7,7
18454,78,84,-6,6
18455,32,50,-18,18
18456,85,85,0,0
18457,100,96,4,4
18458,99,87,12,12
18459,125,118,7,7
18460,91,85,6,6
18461,196,175,21,21
18462,94,117,-23,23
18463,54,62,-8,8
18464,134,125,9,9
18465,168,145,23,23
18466,64,70,-6,6
18467,73,80,-7,7
18468,96,93,3,3
18469,82,79,3,3
18470,48,60,-12,12
18471,65,76,-11,11
18472,121,120,1,1
18473,102,103,-1,1
18474,69,73,-4,4
18475,92,93,-1,1
18476,79,84,-5,5
18477,107,108,-1,1
18478,76,93,-17,17
18479,73,81,-8,8
18480,75,75,0,0
18481,150,147,3,3
18482,149,139,10,10
18483,144,132,12,12
18484,113,109,4,4
18485,62,74,-12,12
18486,108,108,0,0
18487,103,105,-2,2
18488,58,94,-36,36
18489,42,64,-22,22
18490,115,100,15,15
18491,58,93,-35,35
18492,115,102,13,13
18493,109,102,7,7
18494,51,54,-3,3
18495,70,76,-6,6
18496,68,89,-21,21
18497,143,138,5,5
18498,83,78,5,5
18499,116,109,7,7
18500,45,58,-13,13
18501,90,91,-1,1
18502,67,72,-5,5
18503,100,102,-2,2
18504,113,114,-1,1
18505,30,53,-23,23
18506,98,102,-4,4
18507,67,77,-10,10
18508,53,65,-12,12
18509,105,103,2,2
18510,123,127,-4,4
18511,57,66,-9,9
18512,125,114,11,11
18513,98,96,2,2
18514,111,111,0,0
18515,122,117,5,5
18516,117,119,-2,2
18517,74,80,-6,6
18518,84,84,0,0
18519,143,137,6,6
18520,121,114,7,7
18521,121,118,3,3
18522,99,99,0,0
18523,103,96,7,7
18524,104,90,14,14
18525,63,68,-5,5
18526,222,180,42,42
18527,113,103,10,10
18528,88,96,-8,8
18529,122,106,16,16
18530,109,120,-11,11
18531,72,74,-2,2
18532,64,71,-7,7
18533,144,130,14,14
18534,82,85,-3,3
18535,82,91,-9,9
18536,162,149,13,13
18537,112,119,-7,7
18538,62,72,-10,10
18539,78,97,-19,19
18540,48,57,-9,9
18541,90,91,-1,1
18542,130,118,12,12
18543,70,77,-7,7
18544,141,145,-4,4
18545,138,131,7,7
18546,126,99,27,27
18547,71,77,-6,6
18548,89,95,-6,6
18549,138,130,8,8
18550,70,72,-2,2
18551,123,113,10,10
18552,72,79,-7,7
18553,107,110,-3,3
18554,58,64,-6,6
18555,90,89,1,1
18556,136,138,-2,2
18557,163,153,10,10
18558,108,102,6,6
18559,83,79,4,4
18560,117,116,1,1
18561,142,132,10,10
18562,69,75,-6,6
18563,100,93,7,7
18564,211,180,31,31
18565,148,144,4,4
18566,82,83,-1,1
18567,86,92,-6,6
18568,201,183,18,18
18569,113,119,-6,6
18570,126,124,2,2
18571,64,69,-5,5
18572,98,96,2,2
18573,51,62,-11,11
18574,93,104,-11,11
18575,60,69,-9,9
18576,82,83,-1,1
18577,95,115,-20,20
18578,94,87,7,7
18579,81,85,-4,4
18580,111,110,1,1
18581,63,76,-13,13
18582,55,63,-8,8
18583,142,137,5,5
18584,139,122,17,17
18585,118,112,6,6
18586,209,171,38,38
18587,73,76,-3,3
18588,103,107,-4,4
18589,118,120,-2,2
18590,124,120,4,4
18591,79,94,-15,15
18592,124,118,6,6
18593,129,125,4,4
18594,91,89,2,2
18595,83,94,-11,11
18596,120,107,13,13
18597,91,86,5,5
18598,101,98,3,3
18599,117,108,9,9
18600,154,138,16,16
18601,83,86,-3,3
18602,113,111,2,2
18603,83,88,-5,5
18604,106,115,-9,9
18605,47,60,-13,13
18606,63,72,-9,9
18607,99,98,1,1
18608,47,71,-24,24
18609,111,105,6,6
18610,111,104,7,7
18611,152,139,13,13
18612,91,102,-11,11
18613,111,109,2,2
18614,103,117,-14,14
18615,80,90,-10,10
18616,133,127,6,6
18617,83,83,0,0
18618,67,70,-3,3
18619,124,126,-2,2
18620,93,103,-10,10
18621,80,84,-4,4
18622,64,75,-11,11
18623,74,87,-13,13
18624,92,96,-4,4
18625,122,110,12,12
18626,92,104,-12,12
18627,111,113,-2,2
18628,148,124,24,24
18629,102,96,6,6
18630,101,99,2,2
18631,89,92,-3,3
18632,94,102,-8,8
18633,78,82,-4,4
18634,88,82,6,6
18635,87,97,-10,10
18636,59,62,-3,3
18637,75,84,-9,9
18638,101,103,-2,2
18639,96,102,-6,6
18640,64,73,-9,9
18641,106,101,5,5
18642,90,94,-4,4
18643,95,100,-5,5
18644,107,112,-5,5
18645,95,97,-2,2
18646,78,90,-12,12
18647,124,154,-30,30
18648,142,138,4,4
18649,73,77,-4,4
18650,111,109,2,2
18651,92,84,8,8
18652,205,177,28,28
18653,93,91,2,2
18654,87,100,-13,13
18655,43,54,-11,11
18656,51,64,-13,13
18657,102,102,0,0
18658,85,98,-13,13
18659,152,141,11,11
18660,69,77,-8,8
18661,47,60,-13,13
18662,52,65,-13,13
18663,94,99,-5,5
18664,149,138,11,11
18665,81,76,5,5
18666,96,91,5,5
18667,88,89,-1,1
18668,81,82,-1,1
18669,129,120,9,9
18670,107,128,-21,21
18671,93,88,5,5
18672,90,94,-4,4
18673,72,81,-9,9
18674,82,85,-3,3
18675,73,79,-6,6
18676,102,102,0,0
18677,52,66,-14,14
18678,79,93,-14,14
18679,131,121,10,10
18680,56,64,-8,8
18681,58,63,-5,5
18682,66,69,-3,3
18683,58,69,-11,11
18684,76,84,-8,8
18685,83,83,0,0
18686,84,86,-2,2
18687,100,105,-5,5
18688,114,103,11,11
18689,112,114,-2,2
18690,104,98,6,6
18691,110,110,0,0
18692,160,155,5,5
18693,98,99,-1,1
18694,122,120,2,2
18695,39,53,-14,14
18696,120,120,0,0
18697,84,89,-5,5
18698,64,89,-25,25
18699,87,97,-10,10
18700,102,102,0,0
18701,87,91,-4,4
18702,76,75,1,1
18703,132,125,7,7
18704,65,67,-2,2
18705,136,119,17,17
18706,87,80,7,7
18707,93,91,2,2
18708,130,120,10,10
18709,96,96,0,0
18710,93,93,0,0
18711,67,80,-13,13
18712,116,114,2,2
18713,81,91,-10,10
18714,107,109,-2,2
18715,70,70,0,0
18716,113,106,7,7
18717,78,85,-7,7
18718,93,91,2,2
18719,62,75,-13,13
18720,43,56,-13,13
18721,81,81,0,0
18722,85,91,-6,6
18723,128,115,13,13
18724,110,114,-4,4
18725,37,48,-11,11
18726,66,78,-12,12
18727,56,63,-7,7
18728,95,96,-1,1
18729,95,98,-3,3
18730,92,94,-2,2
18731,99,105,-6,6
18732,75,85,-10,10
18733,186,155,31,31
18734,30,45,-15,15
18735,63,71,-8,8
18736,60,60,0,0
18737,38,54,-16,16
18738,70,81,-11,11
18739,85,91,-6,6
18740,71,68,3,3
18741,122,124,-2,2
18742,45,48,-3,3
18743,94,93,1,1
18744,133,127,6,6
18745,89,85,4,4
18746,85,82,3,3
18747,80,84,-4,4
18748,141,126,15,15
18749,108,107,1,1
18750,39,63,-24,24
18751,85,101,-16,16
18752,99,101,-2,2
18753,81,81,0,0
18754,123,121,2,2
18755,98,98,0,0
18756,81,89,-8,8
18757,110,111,-1,1
18758,64,78,-14,14
18759,75,86,-11,11
18760,59,64,-5,5
18761,66,77,-11,11
18762,81,72,9,9
18763,92,93,-1,1
18764,115,111,4,4
18765,129,130,-1,1
18766,99,97,2,2
18767,72,82,-10,10
18768,91,94,-3,3
18769,69,76,-7,7
18770,80,78,2,2
18771,89,96,-7,7
18772,92,100,-8,8
18773,95,98,-3,3
18774,166,147,19,19
18775,61,67,-6,6
18776,59,59,0,0
18777,42,64,-22,22
18778,53,66,-13,13
18779,101,99,2,2
18780,90,88,2,2
18781,116,107,9,9
18782,83,80,3,3
18783,89,93,-4,4
18784,121,118,3,3
18785,74,67,7,7
18786,113,103,10,10
18787,85,92,-7,7
18788,137,132,5,5
18789,72,88,-16,16
18790,78,75,3,3
18791,113,120,-7,7
18792,144,119,25,25
18793,54,63,-9,9
18794,74,76,-2,2
18795,72,77,-5,5
18796,73,80,-7,7
18797,163,138,25,25
18798,96,98,-2,2
18799,90,93,-3,3
18800,64,70,-6,6
18801,61,69,-8,8
18802,79,81,-2,2
18803,118,120,-2,2
18804,70,75,-5,5
18805,108,106,2,2
18806,83,106,-23,23
18807,55,64,-9,9
18808,139,134,5,5
18809,49,61,-12,12
18810,159,142,17,17
18811,30,49,-19,19
18812,111,114,-3,3
18813,112,108,4,4
18814,149,147,2,2
18815,104,101,3,3
18816,166,134,32,32
18817,76,78,-2,2
18818,128,133,-5,5
18819,54,67,-13,13
18820,99,101,-2,2
18821,53,62,-9,9
18822,98,95,3,3
18823,94,98,-4,4
18824,144,141,3,3
18825,47,57,-10,10
18826,124,126,-2,2
18827,137,144,-7,7
18828,55,60,-5,5
18829,79,76,3,3
18830,103,105,-2,2
18831,67,78,-11,11
18832,45,56,-11,11
18833,129,116,13,13
18834,33,63,-30,30
18835,108,107,1,1
18836,68,74,-6,6
18837,165,148,17,17
18838,108,99,9,9
18839,142,120,22,22
18840,108,111,-3,3
18841,56,70,-14,14
18842,73,81,-8,8
18843,121,119,2,2
18844,139,138,1,1
18845,124,116,8,8
18846,59,68,-9,9
18847,98,116,-18,18
18848,42,52,-10,10
18849,94,101,-7,7
18850,120,109,11,11
18851,64,75,-11,11
18852,52,68,-16,16
18853,193,172,21,21
18854,99,98,1,1
18855,73,84,-11,11
18856,166,132,34,34
18857,116,113,3,3
18858,69,90,-21,21
18859,67,73,-6,6
18860,81,80,1,1
18861,112,102,10,10
18862,120,105,15,15
18863,67,68,-1,1
18864,105,92,13,13
18865,146,132,14,14
18866,110,101,9,9
18867,90,93,-3,3
18868,94,88,6,6
18869,106,119,-13,13
18870,95,95,0,0
18871,112,111,1,1
18872,104,97,7,7
18873,60,74,-14,14
18874,93,82,11,11
18875,171,163,8,8
18876,57,62,-5,5
18877,106,97,9,9
18878,83,93,-10,10
18879,65,65,0,0
18880,111,110,1,1
18881,117,118,-1,1
18882,71,81,-10,10
18883,46,53,-7,7
18884,87,102,-15,15
18885,80,81,-1,1
18886,58,68,-10,10
18887,47,30,17,17
18888,196,171,25,25
18889,100,104,-4,4
18890,122,124,-2,2
18891,126,124,2,2
18892,61,70,-9,9
18893,68,78,-10,10
18894,90,99,-9,9
18895,96,99,-3,3
18896,154,153,1,1
18897,153,146,7,7
18898,83,84,-1,1
18899,130,122,8,8
18900,110,101,9,9
18901,122,118,4,4
18902,85,83,2,2
18903,55,65,-10,10
18904,85,84,1,1
18905,122,119,3,3
18906,71,74,-3,3
18907,149,135,14,14
18908,101,101,0,0
18909,81,94,-13,13
18910,95,96,-1,1
18911,120,118,2,2
18912,137,136,1,1
18913,132,138,-6,6
18914,83,79,4,4
18915,121,112,9,9
18916,121,117,4,4
18917,125,136,-11,11
18918,81,88,-7,7
18919,137,136,1,1
18920,89,90,-1,1
18921,113,106,7,7
18922,23,46,-23,23
18923,123,105,18,18
18924,172,162,10,10
18925,64,70,-6,6
18926,122,128,-6,6
18927,67,73,-6,6
18928,86,89,-3,3
18929,42,60,-18,18
18930,126,119,7,7
18931,148,127,21,21
18932,81,78,3,3
18933,78,84,-6,6
18934,74,76,-2,2
18935,52,66,-14,14
18936,67,75,-8,8
18937,69,76,-7,7
18938,76,86,-10,10
18939,56,67,-11,11
18940,103,115,-12,12
18941,86,98,-12,12
18942,67,72,-5,5
18943,74,84,-10,10
18944,61,67,-6,6
18945,42,64,-22,22
18946,106,104,2,2
18947,59,67,-8,8
18948,65,69,-4,4
18949,148,148,0,0
18950,161,147,14,14
18951,140,130,10,10
18952,140,129,11,11
18953,70,80,-10,10
18954,157,142,15,15
18955,70,84,-14,14
18956,110,115,-5,5
18957,132,148,-16,16
18958,40,56,-16,16
18959,115,107,8,8
18960,165,153,12,12
18961,46,68,-22,22
18962,108,119,-11,11
18963,145,138,7,7
18964,153,136,17,17
18965,64,72,-8,8
18966,104,107,-3,3
18967,104,92,12,12
18968,103,94,9,9
18969,99,108,-9,9
18970,58,69,-11,11
18971,78,79,-1,1
18972,116,117,-1,1
18973,95,111,-16,16
18974,77,79,-2,2
18975,100,101,-1,1
18976,147,137,10,10
18977,73,78,-5,5
18978,90,95,-5,5
18979,91,94,-3,3
18980,136,126,10,10
18981,156,138,18,18
18982,71,77,-6,6
18983,65,73,-8,8
18984,82,84,-2,2
18985,116,113,3,3
18986,134,124,10,10
18987,70,78,-8,8
18988,98,97,1,1
18989,194,172,22,22
18990,58,69,-11,11
18991,111,146,-35,35
18992,55,65,-10,10
18993,105,104,1,1
18994,85,91,-6,6
18995,105,97,8,8
18996,83,93,-10,10
18997,96,93,3,3
18998,83,82,1,1
18999,153,146,7,7
19000,81,86,-5,5
19001,60,70,-10,10
19002,137,135,2,2
19003,140,129,11,11
19004,88,95,-7,7
19005,124,121,3,3
19006,101,98,3,3
19007,84,82,2,2
19008,99,98,1,1
19009,59,62,-3,3
19010,83,96,-13,13
19011,113,120,-7,7
19012,83,92,-9,9
19013,65,74,-9,9
19014,52,67,-15,15
19015,120,121,-1,1
19016,102,96,6,6
19017,50,84,-34,34
19018,134,133,1,1
19019,90,92,-2,2
19020,79,79,0,0
19021,78,85,-7,7
19022,122,112,10,10
19023,69,79,-10,10
19024,72,76,-4,4
19025,71,79,-8,8
19026,112,100,12,12
19027,111,100,11,11
19028,96,100,-4,4
19029,96,97,-1,1
19030,67,75,-8,8
19031,102,104,-2,2
19032,71,82,-11,11
19033,147,141,6,6
19034,123,123,0,0
19035,89,82,7,7
19036,72,84,-12,12
19037,81,89,-8,8
19038,61,68,-7,7
19039,79,85,-6,6
19040,112,102,10,10
19041,167,162,5,5
19042,74,82,-8,8
19043,122,114,8,8
19044,78,90,-12,12
19045,64,78,-14,14
19046,72,81,-9,9
19047,90,86,4,4
19048,86,83,3,3
19049,122,117,5,5
19050,70,70,0,0
19051,80,84,-4,4
19052,55,66,-11,11
19053,86,81,5,5
19054,117,115,2,2
19055,95,96,-1,1
19056,88,91,-3,3
19057,123,108,15,15
19058,102,97,5,5
19059,73,76,-3,3
19060,33,45,-12,12
19061,133,120,13,13
19062,65,77,-12,12
19063,75,69,6,6
19064,39,49,-10,10
19065,119,109,10,10
19066,88,92,-4,4
19067,110,99,11,11
19068,59,70,-11,11
19069,94,101,-7,7
19070,90,91,-1,1
19071,64,72,-8,8
19072,111,108,3,3
19073,95,98,-3,3
19074,77,81,-4,4
19075,60,68,-8,8
19076,151,141,10,10
19077,90,86,4,4
19078,65,73,-8,8
19079,100,112,-12,12
19080,59,68,-9,9
19081,89,93,-4,4
19082,91,102,-11,11
19083,152,141,11,11
19084,58,65,-7,7
19085,98,105,-7,7
19086,111,107,4,4
19087,94,92,2,2
19088,98,103,-5,5
19089,99,94,5,5
19090,132,128,4,4
19091,99,119,-20,20
19092,163,165,-2,2
19093,105,98,7,7
19094,109,113,-4,4
19095,49,59,-10,10
19096,97,110,-13,13
19097,153,140,13,13
19098,73,102,-29,29
19099,71,78,-7,7
19100,89,87,2,2
19101,110,100,10,10
19102,73,80,-7,7
19103,151,126,25,25
19104,146,138,8,8
19105,74,77,-3,3
19106,76,75,1,1
19107,57,110,-53,53
19108,96,90,6,6
19109,143,122,21,21
19110,98,89,9,9
19111,74,81,-7,7
19112,78,79,-1,1
19113,139,146,-7,7
19114,81,89,-8,8
19115,74,86,-12,12
19116,81,84,-3,3
19117,149,158,-9,9
19118,59,73,-14,14
19119,92,99,-7,7
19120,88,87,1,1
19121,94,97,-3,3
19122,106,105,1,1
19123,143,122,21,21
19124,61,75,-14,14
19125,84,83,1,1
19126,107,114,-7,7
19127,129,127,2,2
19128,80,84,-4,4
19129,89,95,-6,6
19130,159,148,11,11
19131,44,59,-15,15
19132,116,119,-3,3
19133,79,86,-7,7
19134,82,80,2,2
19135,77,83,-6,6
19136,124,112,12,12
19137,97,101,-4,4
19138,62,74,-12,12
19139,65,75,-10,10
19140,78,77,1,1
19141,105,103,2,2
19142,107,113,-6,6
19143,60,71,-11,11
19144,63,67,-4,4
19145,71,76,-5,5
19146,122,122,0,0
19147,76,80,-4,4
19148,137,135,2,2
19149,89,93,-4,4
19150,87,95,-8,8
19151,147,141,6,6
19152,121,131,-10,10
19153,91,88,3,3
19154,62,67,-5,5
19155,77,88,-11,11
19156,95,94,1,1
19157,71,78,-7,7
19158,129,134,-5,5
19159,114,114,0,0
19160,196,179,17,17
19161,113,115,-2,2
19162,122,109,13,13
19163,120,108,12,12
19164,104,118,-14,14
19165,99,99,0,0
19166,80,84,-4,4
19167,69,83,-14,14
19168,100,105,-5,5
19169,63,72,-9,9
19170,145,131,14,14
19171,55,62,-7,7
19172,91,91,0,0
19173,148,135,13,13
19174,75,76,-1,1
19175,106,104,2,2
19176,179,156,23,23
19177,86,96,-10,10
19178,72,77,-5,5
19179,127,128,-1,1
19180,68,71,-3,3
19181,69,89,-20,20
19182,136,133,3,3
19183,91,94,-3,3
19184,102,106,-4,4
19185,128,119,9,9
19186,94,93,1,1
19187,105,103,2,2
19188,146,132,14,14
19189,72,72,0,0
19190,105,103,2,2
19191,137,126,11,11
19192,169,154,15,15
19193,130,148,-18,18
19194,126,123,3,3
19195,125,116,9,9
19196,102,104,-2,2
19197,74,78,-4,4
19198,74,91,-17,17
19199,97,97,0,0
19200,113,111,2,2
19201,54,63,-9,9
19202,127,107,20,20
19203,73,85,-12,12
19204,145,147,-2,2
19205,117,113,4,4
19206,123,119,4,4
19207,188,157,31,31
19208,75,86,-11,11
19209,76,89,-13,13
19210,45,62,-17,17
19211,86,90,-4,4
19212,74,82,-8,8
19213,103,113,-10,10
19214,140,124,16,16
19215,95,97,-2,2
19216,102,106,-4,4
19217,34,52,-18,18
19218,101,99,2,2
19219,62,78,-16,16
19220,81,91,-10,10
19221,84,88,-4,4
19222,114,121,-7,7
19223,90,87,3,3
19224,66,98,-32,32
19225,98,99,-1,1
19226,68,79,-11,11
19227,115,107,8,8
19228,101,80,21,21
19229,137,122,15,15
19230,125,122,3,3
19231,84,89,-5,5
19232,43,64,-21,21
19233,99,96,3,3
19234,126,127,-1,1
19235,97,99,-2,2
19236,105,100,5,5
19237,74,83,-9,9
19238,108,107,1,1
19239,70,73,-3,3
19240,49,63,-14,14
19241,133,126,7,7
19242,105,99,6,6
19243,147,142,5,5
19244,98,100,-2,2
19245,124,119,5,5
19246,73,80,-7,7
19247,78,78,0,0
19248,106,110,-4,4
19249,63,68,-5,5
19250,87,92,-5,5
19251,80,79,1,1
19252,101,100,1,1
19253,80,82,-2,2
19254,107,96,11,11
19255,65,77,-12,12
19256,62,65,-3,3
19257,124,122,2,2
19258,37,52,-15,15
19259,109,106,3,3
19260,48,66,-18,18
19261,152,135,17,17
19262,163,152,11,11
19263,126,121,5,5
19264,62,91,-29,29
19265,128,132,-4,4
19266,104,102,2,2
19267,110,123,-13,13
19268,79,88,-9,9
19269,79,85,-6,6
19270,145,135,10,10
19271,74,84,-10,10
19272,59,70,-11,11
19273,107,104,3,3
19274,88,94,-6,6
19275,47,68,-21,21
19276,111,114,-3,3
19277,108,102,6,6
19278,133,118,15,15
19279,155,150,5,5
19280,85,90,-5,5
19281,135,119,16,16
19282,104,101,3,3
19283,149,147,2,2
19284,78,82,-4,4
19285,76,80,-4,4
19286,96,101,-5,5
19287,130,119,11,11
19288,90,91,-1,1
19289,55,85,-30,30
19290,123,126,-3,3
19291,65,71,-6,6
19292,69,66,3,3
19293,50,63,-13,13
19294,51,68,-17,17
19295,81,78,3,3
19296,108,108,0,0
19297,81,84,-3,3
19298,42,52,-10,10
19299,141,118,23,23
19300,66,80,-14,14
19301,103,101,2,2
19302,147,135,12,12
19303,105,95,10,10
19304,136,115,21,21
19305,58,71,-13,13
19306,108,95,13,13
19307,63,70,-7,7
19308,116,118,-2,2
19309,147,135,12,12
19310,73,76,-3,3
19311,92,96,-4,4
19312,63,71,-8,8
19313,98,99,-1,1
19314,153,143,10,10
19315,98,95,3,3
19316,68,80,-12,12
19317,70,65,5,5
19318,69,125,-56,56
19319,68,74,-6,6
19320,66,72,-6,6
19321,83,86,-3,3
19322,113,105,8,8
19323,123,109,14,14
19324,39,52,-13,13
19325,127,116,11,11
19326,119,120,-1,1
19327,80,83,-3,3
19328,202,201,1,1
19329,71,83,-12,12
19330,49,63,-14,14
19331,73,85,-12,12
19332,90,99,-9,9
19333,86,87,-1,1
19334,71,88,-17,17
19335,62,73,-11,11
19336,89,91,-2,2
19337,205,174,31,31
19338,157,123,34,34
19339,95,108,-13,13
19340,54,70,-16,16
19341,86,89,-3,3
19342,105,106,-1,1
19343,51,67,-16,16
19344,56,68,-12,12
19345,142,143,-1,1
19346,151,133,18,18
19347,72,79,-7,7
19348,71,88,-17,17
19349,73,77,-4,4
19350,58,67,-9,9
19351,175,193,-18,18
19352,132,124,8,8
19353,102,104,-2,2
19354,115,113,2,2
19355,92,103,-11,11
19356,77,81,-4,4
19357,113,108,5,5
19358,103,106,-3,3
19359,147,152,-5,5
19360,93,110,-17,17
19361,105,106,-1,1
19362,95,93,2,2
19363,158,143,15,15
19364,117,116,1,1
19365,113,115,-2,2
19366,84,81,3,3
19367,64,77,-13,13
19368,98,100,-2,2
19369,91,100,-9,9
19370,106,96,10,10
19371,57,70,-13,13
19372,130,125,5,5
19373,67,80,-13,13
19374,60,73,-13,13
19375,80,79,1,1
19376,109,109,0,0
19377,56,85,-29,29
19378,61,76,-15,15
19379,162,149,13,13
19380,105,102,3,3
19381,118,112,6,6
19382,88,87,1,1
19383,61,63,-2,2
19384,101,99,2,2
19385,130,130,0,0
19386,116,108,8,8
19387,66,70,-4,4
19388,67,72,-5,5
19389,68,80,-12,12
19390,54,62,-8,8
19391,76,83,-7,7
19392,91,93,-2,2
19393,48,58,-10,10
19394,108,107,1,1
19395,50,61,-11,11
19396,121,128,-7,7
19397,55,63,-8,8
19398,99,94,5,5
19399,109,107,2,2
19400,129,121,8,8
19401,59,65,-6,6
19402,193,176,17,17
19403,115,111,4,4
19404,168,161,7,7
19405,109,108,1,1
19406,79,92,-13,13
19407,69,75,-6,6
19408,124,122,2,2
19409,86,97,-11,11
19410,108,105,3,3
19411,57,67,-10,10
19412,69,69,0,0
19413,73,83,-10,10
19414,93,103,-10,10
19415,108,102,6,6
19416,47,58,-11,11
19417,96,96,0,0
19418,136,138,-2,2
19419,62,60,2,2
19420,35,56,-21,21
19421,168,164,4,4
19422,72,71,1,1
19423,53,63,-10,10
19424,181,166,15,15
19425,106,101,5,5
19426,110,121,-11,11
19427,71,81,-10,10
19428,81,91,-10,10
19429,66,74,-8,8
19430,96,105,-9,9
19431,94,92,2,2
19432,101,93,8,8
19433,56,64,-8,8
19434,161,144,17,17
19435,120,114,6,6
19436,90,94,-4,4
19437,74,81,-7,7
19438,119,111,8,8
19439,120,118,2,2
19440,116,133,-17,17
19441,72,76,-4,4
19442,100,94,6,6
19443,72,77,-5,5
19444,152,145,7,7
19445,65,78,-13,13
19446,84,86,-2,2
19447,100,100,0,0
19448,116,103,13,13
19449,88,93,-5,5
19450,94,105,-11,11
19451,76,79,-3,3
19452,70,81,-11,11
19453,72,94,-22,22
19454,114,110,4,4
19455,95,99,-4,4
19456,88,85,3,3
19457,103,112,-9,9
19458,82,87,-5,5
19459,66,81,-15,15
19460,126,115,11,11
19461,215,219,-4,4
19462,127,123,4,4
19463,71,75,-4,4
19464,106,97,9,9
19465,125,124,1,1
19466,98,94,4,4
19467,80,98,-18,18
19468,76,83,-7,7
19469,126,121,5,5
19470,45,60,-15,15
19471,98,98,0,0
19472,75,79,-4,4
19473,76,74,2,2
19474,103,107,-4,4
19475,149,138,11,11
19476,110,109,1,1
19477,71,78,-7,7
19478,121,124,-3,3
19479,86,90,-4,4
19480,44,55,-11,11
19481,126,123,3,3
19482,145,127,18,18
19483,94,104,-10,10
19484,49,64,-15,15
19485,99,98,1,1
19486,75,91,-16,16
19487,77,98,-21,21
19488,65,78,-13,13
19489,117,113,4,4
19490,87,88,-1,1
19491,87,101,-14,14
19492,138,134,4,4
19493,66,73,-7,7
19494,100,92,8,8
19495,107,100,7,7
19496,82,107,-25,25
19497,76,87,-11,11
19498,67,78,-11,11
19499,40,58,-18,18
19500,88,97,-9,9
19501,184,164,20,20
19502,92,85,7,7
19503,134,134,0,0
19504,105,103,2,2
19505,112,114,-2,2
19506,70,75,-5,5
19507,70,79,-9,9
19508,57,69,-12,12
19509,120,118,2,2
19510,98,102,-4,4
19511,115,110,5,5
19512,84,98,-14,14
19513,97,96,1,1
19514,85,89,-4,4
19515,67,77,-10,10
19516,93,88,5,5
19517,123,120,3,3
19518,52,105,-53,53
19519,113,108,5,5
19520,63,70,-7,7
19521,97,94,3,3
19522,103,101,2,2
19523,91,99,-8,8
19524,74,81,-7,7
19525,110,118,-8,8
19526,162,148,14,14
19527,98,98,0,0
19528,103,98,5,5
19529,96,106,-10,10
19530,35,48,-13,13
19531,85,93,-8,8
19532,69,75,-6,6
19533,80,77,3,3
19534,60,67,-7,7
19535,87,101,-14,14
19536,77,81,-4,4
19537,139,129,10,10
19538,51,63,-12,12
19539,122,111,11,11
19540,125,116,9,9
19541,63,65,-2,2
19542,125,114,11,11
19543,85,98,-13,13
19544,112,109,3,3
19545,58,73,-15,15
19546,104,103,1,1
19547,120,111,9,9
19548,43,58,-15,15
19549,90,104,-14,14
19550,29,38,-9,9
19551,92,88,4,4
19552,99,88,11,11
19553,55,68,-13,13
19554,66,70,-4,4
19555,78,81,-3,3
19556,67,69,-2,2
19557,91,85,6,6
19558,143,126,17,17
19559,86,98,-12,12
19560,57,76,-19,19
19561,96,92,4,4
19562,101,113,-12,12
19563,58,64,-6,6
19564,113,105,8,8
19565,44,52,-8,8
19566,140,120,20,20
19567,150,143,7,7
19568,117,121,-4,4
19569,86,93,-7,7
19570,99,94,5,5
19571,114,104,10,10
19572,81,83,-2,2
19573,64,67,-3,3
19574,132,127,5,5
19575,82,87,-5,5
19576,141,132,9,9
19577,68,88,-20,20
19578,137,126,11,11
19579,75,77,-2,2
19580,71,77,-6,6
19581,59,44,15,15
19582,45,52,-7,7
19583,70,74,-4,4
19584,107,105,2,2
19585,59,67,-8,8
19586,41,55,-14,14
19587,65,75,-10,10
19588,50,59,-9,9
19589,88,94,-6,6
19590,114,112,2,2
19591,64,65,-1,1
19592,154,148,6,6
19593,64,76,-12,12
19594,46,73,-27,27
19595,120,115,5,5
19596,80,85,-5,5
19597,52,62,-10,10
19598,88,107,-19,19
19599,65,93,-28,28
19600,49,65,-16,16
19601,82,97,-15,15
19602,108,117,-9,9
19603,59,72,-13,13
19604,68,74,-6,6
19605,99,92,7,7
19606,100,100,0,0
19607,100,96,4,4
19608,156,142,14,14
19609,91,99,-8,8
19610,152,142,10,10
19611,125,114,11,11
19612,60,69,-9,9
19613,43,59,-16,16
19614,48,59,-11,11
19615,94,101,-7,7
19616,70,74,-4,4
19617,52,62,-10,10
19618,70,74,-4,4
19619,154,136,18,18
19620,133,130,3,3
19621,72,76,-4,4
19622,79,91,-12,12
19623,111,117,-6,6
19624,72,75,-3,3
19625,147,148,-1,1
19626,94,93,1,1
19627,41,55,-14,14
19628,79,90,-11,11
19629,61,69,-8,8
19630,68,78,-10,10
19631,70,75,-5,5
19632,80,90,-10,10
19633,58,73,-15,15
19634,45,57,-12,12
19635,187,166,21,21
19636,84,87,-3,3
19637,76,80,-4,4
19638,154,142,12,12
19639,139,126,13,13
19640,173,157,16,16
19641,75,74,1,1
19642,148,134,14,14
19643,174,160,14,14
19644,100,106,-6,6
19645,29,40,-11,11
19646,102,96,6,6
19647,67,77,-10,10
19648,51,61,-10,10
19649,133,110,23,23
19650,36,48,-12,12
19651,66,71,-5,5
19652,65,67,-2,2
19653,73,81,-8,8
19654,151,132,19,19
19655,87,86,1,1
19656,138,140,-2,2
19657,65,72,-7,7
19658,97,96,1,1
19659,84,90,-6,6
19660,171,158,13,13
19661,110,105,5,5
19662,120,113,7,7
19663,99,96,3,3
19664,135,136,-1,1
19665,90,93,-3,3
19666,70,73,-3,3
19667,99,104,-5,5
19668,58,69,-11,11
19669,109,128,-19,19
19670,77,81,-4,4
19671,74,76,-2,2
19672,134,131,3,3
19673,130,113,17,17
19674,65,74,-9,9
19675,109,103,6,6
19676,75,85,-10,10
19677,125,123,2,2
19678,99,98,1,1
19679,147,142,5,5
19680,160,149,11,11
19681,49,57,-8,8
19682,62,74,-12,12
19683,332,275,57,57
19684,127,120,7,7
19685,34,42,-8,8
19686,145,135,10,10
19687,108,103,5,5
19688,66,76,-10,10
19689,65,76,-11,11
19690,157,138,19,19
19691,89,89,0,0
19692,97,104,-7,7
19693,116,111,5,5
19694,102,102,0,0
19695,118,122,-4,4
19696,161,147,14,14
19697,97,99,-2,2
19698,40,51,-11,11
19699,63,71,-8,8
19700,70,84,-14,14
19701,83,84,-1,1
19702,100,102,-2,2
19703,76,79,-3,3
19704,105,104,1,1
19705,72,91,-19,19
19706,69,86,-17,17
19707,136,134,2,2
19708,126,107,19,19
19709,130,132,-2,2
19710,116,115,1,1
19711,87,88,-1,1
19712,100,103,-3,3
19713,100,97,3,3
19714,55,66,-11,11
19715,92,96,-4,4
19716,101,99,2,2
19717,149,148,1,1
19718,98,90,8,8
19719,89,94,-5,5
19720,40,58,-18,18
19721,91,90,1,1
19722,103,104,-1,1
19723,88,87,1,1
19724,76,93,-17,17
19725,43,63,-20,20
19726,60,68,-8,8
19727,165,146,19,19
19728,148,157,-9,9
19729,114,109,5,5
19730,97,89,8,8
19731,141,137,4,4
19732,82,96,-14,14
19733,89,90,-1,1
19734,141,138,3,3
19735,31,53,-22,22
19736,87,99,-12,12
19737,83,93,-10,10
19738,64,74,-10,10
19739,68,81,-13,13
19740,75,75,0,0
19741,102,103,-1,1
19742,54,65,-11,11
19743,108,112,-4,4
19744,104,95,9,9
19745,132,128,4,4
19746,77,80,-3,3
19747,130,124,6,6
19748,46,54,-8,8
19749,83,30,53,53
19750,79,87,-8,8
19751,180,157,23,23
19752,118,123,-5,5
19753,105,112,-7,7
19754,93,96,-3,3
19755,81,80,1,1
19756,61,72,-11,11
19757,142,138,4,4
19758,93,98,-5,5
19759,100,102,-2,2
19760,146,132,14,14
19761,64,74,-10,10
19762,116,110,6,6
19763,55,61,-6,6
19764,55,69,-14,14
19765,86,100,-14,14
19766,90,92,-2,2
19767,146,137,9,9
19768,55,63,-8,8
19769,76,83,-7,7
19770,48,65,-17,17
19771,84,79,5,5
19772,62,68,-6,6
19773,93,92,1,1
19774,104,100,4,4
19775,108,109,-1,1
19776,83,93,-10,10
19777,57,62,-5,5
19778,76,79,-3,3
19779,100,123,-23,23
19780,96,99,-3,3
19781,124,97,27,27
19782,55,74,-19,19
19783,61,70,-9,9
19784,104,104,0,0
19785,70,79,-9,9
19786,94,89,5,5
19787,64,75,-11,11
19788,113,114,-1,1
19789,92,96,-4,4
19790,136,137,-1,1
19791,115,107,8,8
19792,103,111,-8,8
19793,84,92,-8,8
19794,60,70,-10,10
19795,83,117,-34,34
19796,127,123,4,4
19797,137,125,12,12
19798,64,65,-1,1
19799,180,166,14,14
19800,144,127,17,17
19801,82,82,0,0
19802,89,86,3,3
19803,122,128,-6,6
19804,85,91,-6,6
19805,127,120,7,7
19806,86,86,0,0
19807,81,92,-11,11
19808,102,96,6,6
19809,104,85,19,19
19810,47,59,-12,12
19811,163,142,21,21
19812,102,100,2,2
19813,152,135,17,17
19814,139,125,14,14
19815,88,81,7,7
19816,57,63,-6,6
19817,79,79,0,0
19818,60,59,1,1
19819,104,97,7,7
19820,92,92,0,0
19821,74,77,-3,3
19822,94,94,0,0
19823,102,108,-6,6
19824,109,104,5,5
19825,86,86,0,0
19826,85,81,4,4
19827,86,86,0,0
19828,158,139,19,19
19829,78,83,-5,5
19830,72,75,-3,3
19831,127,121,6,6
19832,81,88,-7,7
19833,99,100,-1,1
19834,64,74,-10,10
19835,137,139,-2,2
19836,99,104,-5,5
19837,74,84,-10,10
19838,80,93,-13,13
19839,99,110,-11,11
19840,95,99,-4,4
19841,48,61,-13,13
19842,77,83,-6,6
19843,88,97,-9,9
19844,99,99,0,0
19845,87,87,0,0
19846,75,85,-10,10
19847,103,106,-3,3
19848,190,172,18,18
19849,88,61,27,27
19850,85,92,-7,7
19851,59,62,-3,3
19852,63,84,-21,21
19853,85,91,-6,6
19854,67,89,-22,22
19855,76,84,-8,8
19856,115,111,4,4
19857,62,70,-8,8
19858,61,74,-13,13
19859,147,139,8,8
19860,153,141,12,12
19861,68,69,-1,1
19862,106,112,-6,6
19863,79,84,-5,5
19864,165,149,16,16
19865,63,69,-6,6
19866,106,108,-2,2
19867,74,81,-7,7
19868,135,126,9,9
19869,76,85,-9,9
19870,113,120,-7,7
19871,77,83,-6,6
19872,67,75,-8,8
19873,93,109,-16,16
19874,170,160,10,10
19875,77,86,-9,9
19876,88,88,0,0
19877,103,99,4,4
19878,85,89,-4,4
19879,82,79,3,3
19880,70,81,-11,11
19881,94,106,-12,12
19882,44,62,-18,18
19883,103,95,8,8
19884,99,100,-1,1
19885,67,73,-6,6
19886,56,70,-14,14
19887,94,96,-2,2
19888,77,82,-5,5
19889,68,75,-7,7
19890,125,112,13,13
19891,110,108,2,2
19892,102,94,8,8
19893,57,61,-4,4
19894,68,89,-21,21
19895,75,81,-6,6
19896,101,97,4,4
19897,57,63,-6,6
19898,93,107,-14,14
19899,52,49,3,3
19900,57,69,-12,12
19901,123,110,13,13
19902,111,117,-6,6
19903,62,73,-11,11
19904,89,102,-13,13
19905,114,104,10,10
19906,45,61,-16,16
19907,79,81,-2,2
19908,134,121,13,13
19909,101,97,4,4
19910,92,93,-1,1
19911,74,77,-3,3
19912,95,94,1,1
19913,49,66,-17,17
19914,86,83,3,3
19915,50,74,-24,24
19916,55,65,-10,10
19917,49,57,-8,8
19918,87,94,-7,7
19919,59,74,-15,15
19920,108,111,-3,3
19921,88,90,-2,2
19922,118,124,-6,6
19923,108,102,6,6
19924,38,76,-38,38
19925,94,92,2,2
19926,35,49,-14,14
19927,114,115,-1,1
19928,124,114,10,10
19929,108,112,-4,4
19930,129,133,-4,4
19931,69,78,-9,9
19932,108,114,-6,6
19933,66,76,-10,10
19934,62,68,-6,6
19935,107,109,-2,2
19936,65,71,-6,6
19937,169,146,23,23
19938,115,108,7,7
19939,116,115,1,1
19940,87,92,-5,5
19941,62,72,-10,10
19942,128,119,9,9
19943,126,128,-2,2
19944,139,136,3,3
19945,217,181,36,36
19946,147,150,-3,3
19947,117,109,8,8
19948,181,176,5,5
19949,101,123,-22,22
19950,66,77,-11,11
19951,77,79,-2,2
19952,110,108,2,2
19953,186,175,11,11
19954,60,69,-9,9
19955,68,75,-7,7
19956,125,123,2,2
19957,52,62,-10,10
19958,75,80,-5,5
19959,109,111,-2,2
19960,44,60,-16,16
19961,123,124,-1,1
19962,123,115,8,8
19963,69,74,-5,5
19964,51,63,-12,12
19965,148,129,19,19
19966,104,96,8,8
19967,64,71,-7,7
19968,82,93,-11,11
19969,82,80,2,2
19970,135,135,0,0
19971,54,67,-13,13
19972,88,81,7,7
19973,88,86,2,2
19974,102,102,0,0
19975,45,61,-16,16
19976,85,86,-1,1
19977,117,106,11,11
19978,124,116,8,8
19979,60,71,-11,11
19980,40,68,-28,28
19981,133,126,7,7
19982,101,105,-4,4
19983,80,83,-3,3
19984,90,110,-20,20
19985,85,93,-8,8
19986,68,75,-7,7
19987,150,150,0,0
19988,86,85,1,1
19989,105,108,-3,3
19990,45,60,-15,15
19991,149,155,-6,6
19992,74,82,-8,8
19993,40,54,-14,14
19994,75,84,-9,9
19995,47,61,-14,14
19996,70,79,-9,9
19997,56,66,-10,10
19998,46,60,-14,14
19999,98,102,-4,4
20000,107,102,5,5
20001,121,111,10,10
20002,192,178,14,14
20003,50,62,-12,12
20004,62,83,-21,21
20005,93,94,-1,1
20006,96,92,4,4
20007,72,76,-4,4
20008,134,132,2,2
20009,98,99,-1,1
20010,159,135,24,24
20011,115,111,4,4
20012,54,65,-11,11
20013,60,70,-10,10
20014,80,84,-4,4
20015,103,103,0,0
20016,89,85,4,4
20017,118,118,0,0
20018,109,105,4,4
20019,65,79,-14,14
20020,62,75,-13,13
20021,100,99,1,1
20022,127,131,-4,4
20023,54,67,-13,13
20024,113,104,9,9
20025,122,115,7,7
20026,140,126,14,14
20027,71,74,-3,3
20028,86,96,-10,10
20029,94,101,-7,7
20030,124,117,7,7
20031,59,68,-9,9
20032,115,108,7,7
20033,61,67,-6,6
20034,65,67,-2,2
20035,79,88,-9,9
20036,122,112,10,10
20037,97,103,-6,6
20038,64,76,-12,12
20039,107,102,5,5
20040,109,109,0,0
20041,70,76,-6,6
20042,63,70,-7,7
20043,104,102,2,2
20044,88,82,6,6
20045,91,96,-5,5
20046,136,134,2,2
20047,67,75,-8,8
20048,65,70,-5,5
20049,97,98,-1,1
20050,114,118,-4,4
20051,122,129,-7,7
20052,76,77,-1,1
20053,96,100,-4,4
20054,90,84,6,6
20055,68,74,-6,6
20056,78,84,-6,6
20057,158,143,15,15
20058,77,84,-7,7
20059,65,71,-6,6
20060,126,118,8,8
20061,102,96,6,6
20062,96,90,6,6
20063,120,124,-4,4
20064,44,58,-14,14
20065,68,80,-12,12
20066,170,163,7,7
20067,40,53,-13,13
20068,43,61,-18,18
20069,95,90,5,5
20070,114,107,7,7
20071,60,71,-11,11
20072,35,54,-19,19
20073,70,76,-6,6
20074,126,121,5,5
20075,68,75,-7,7
20076,137,138,-1,1
20077,154,129,25,25
20078,139,135,4,4
20079,103,99,4,4
20080,82,79,3,3
20081,94,102,-8,8
20082,136,123,13,13
20083,81,79,2,2
20084,51,57,-6,6
20085,126,122,4,4
20086,89,121,-32,32
20087,88,95,-7,7
20088,77,74,3,3
20089,83,89,-6,6
20090,77,75,2,2
20091,84,87,-3,3
20092,82,82,0,0
20093,65,73,-8,8
20094,113,102,11,11
20095,78,91,-13,13
20096,54,65,-11,11
20097,94,103,-9,9
20098,59,73,-14,14
20099,117,121,-4,4
20100,78,74,4,4
20101,48,52,-4,4
20102,54,71,-17,17
20103,99,104,-5,5
20104,71,77,-6,6
20105,136,125,11,11
20106,45,60,-15,15
20107,84,92,-8,8
20108,82,90,-8,8
20109,45,60,-15,15
20110,125,104,21,21
20111,50,62,-12,12
20112,71,79,-8,8
20113,89,85,4,4
20114,61,74,-13,13
20115,105,99,6,6
20116,143,136,7,7
20117,185,165,20,20
20118,48,57,-9,9
20119,98,99,-1,1
20120,38,56,-18,18
20121,92,91,1,1
20122,139,133,6,6
20123,99,94,5,5
20124,106,107,-1,1
20125,60,79,-19,19
20126,96,84,12,12
20127,138,138,0,0
20128,83,88,-5,5
20129,152,119,33,33
20130,115,119,-4,4
20131,84,94,-10,10
20132,133,123,10,10
20133,128,122,6,6
20134,78,83,-5,5
20135,93,96,-3,3
20136,105,102,3,3
20137,90,96,-6,6
20138,205,166,39,39
20139,80,84,-4,4
20140,80,84,-4,4
20141,118,104,14,14
20142,60,76,-16,16
20143,101,99,2,2
20144,95,95,0,0
20145,130,138,-8,8
20146,113,108,5,5
20147,79,91,-12,12
20148,88,91,-3,3
20149,109,104,5,5
20150,98,100,-2,2
20151,70,75,-5,5
20152,92,89,3,3
20153,157,154,3,3
20154,44,62,-18,18
20155,95,91,4,4
20156,87,85,2,2
20157,109,95,14,14
20158,111,112,-1,1
20159,86,85,1,1
20160,149,145,4,4
20161,111,104,7,7
20162,45,57,-12,12
20163,150,144,6,6
20164,89,86,3,3
20165,67,80,-13,13
20166,87,94,-7,7
20167,150,135,15,15
20168,124,107,17,17
20169,96,96,0,0
20170,125,125,0,0
20171,116,125,-9,9
20172,80,85,-5,5
20173,156,132,24,24
20174,159,155,4,4
20175,108,105,3,3
20176,90,91,-1,1
20177,117,106,11,11
20178,139,125,14,14
20179,87,89,-2,2
20180,79,76,3,3
20181,103,103,0,0
20182,157,138,19,19
20183,159,163,-4,4
20184,46,84,-38,38
20185,84,89,-5,5
20186,62,75,-13,13
20187,99,101,-2,2
20188,62,71,-9,9
20189,87,103,-16,16
20190,186,176,10,10
20191,104,97,7,7
20192,83,85,-2,2
20193,82,85,-3,3
20194,82,87,-5,5
20195,116,118,-2,2
20196,48,57,-9,9
20197,72,85,-13,13
20198,81,85,-4,4
20199,89,98,-9,9
20200,66,74,-8,8
20201,99,102,-3,3
20202,97,95,2,2
20203,83,86,-3,3
20204,57,64,-7,7
20205,95,97,-2,2
20206,81,85,-4,4
20207,77,90,-13,13
20208,65,72,-7,7
20209,109,108,1,1
20210,58,65,-7,7
20211,38,54,-16,16
20212,109,108,1,1
20213,128,121,7,7
20214,68,70,-2,2
20215,134,128,6,6
20216,80,87,-7,7
20217,197,174,23,23
20218,105,106,-1,1
20219,78,83,-5,5
20220,99,116,-17,17
20221,88,89,-1,1
20222,105,100,5,5
20223,63,80,-17,17
20224,76,103,-27,27
20225,80,86,-6,6
20226,68,79,-11,11
20227,97,98,-1,1
20228,107,103,4,4
20229,96,83,13,13
20230,120,124,-4,4
20231,110,103,7,7
20232,67,76,-9,9
20233,154,134,20,20
20234,133,118,15,15
20235,98,93,5,5
20236,93,94,-1,1
20237,93,95,-2,2
20238,95,98,-3,3
20239,96,93,3,3
20240,66,76,-10,10
20241,54,65,-11,11
20242,89,92,-3,3
20243,165,146,19,19
20244,189,173,16,16
20245,62,77,-15,15
20246,49,60,-11,11
20247,59,67,-8,8
20248,82,84,-2,2
20249,75,81,-6,6
20250,121,112,9,9
20251,116,109,7,7
20252,185,179,6,6
20253,139,132,7,7
20254,73,81,-8,8
20255,147,140,7,7
20256,109,119,-10,10
20257,119,117,2,2
20258,83,83,0,0
20259,122,124,-2,2
20260,84,95,-11,11
20261,130,121,9,9
20262,137,138,-1,1
20263,96,100,-4,4
20264,81,85,-4,4
20265,123,115,8,8
20266,83,76,7,7
20267,104,101,3,3
20268,121,106,15,15
20269,130,119,11,11
20270,104,99,5,5
20271,107,100,7,7
20272,121,112,9,9
20273,76,83,-7,7
20274,59,68,-9,9
20275,127,125,2,2
20276,179,173,6,6
20277,70,80,-10,10
20278,83,87,-4,4
20279,83,92,-9,9
20280,52,76,-24,24
20281,58,73,-15,15
20282,116,120,-4,4
20283,57,72,-15,15
20284,107,103,4,4
20285,164,156,8,8
20286,110,105,5,5
20287,101,101,0,0
20288,159,144,15,15
20289,103,111,-8,8
20290,133,135,-2,2
20291,59,81,-22,22
20292,93,105,-12,12
20293,129,119,10,10
20294,49,70,-21,21
20295,98,97,1,1
20296,100,98,2,2
20297,131,126,5,5
20298,140,138,2,2
20299,87,94,-7,7
20300,138,125,13,13
20301,145,141,4,4
20302,124,115,9,9
20303,111,107,4,4
20304,128,120,8,8
20305,83,78,5,5
20306,90,101,-11,11
20307,96,98,-2,2
20308,160,146,14,14
20309,75,83,-8,8
20310,83,92,-9,9
20311,115,112,3,3
20312,78,87,-9,9
20313,91,92,-1,1
20314,60,65,-5,5
20315,92,92,0,0
20316,107,99,8,8
20317,94,104,-10,10
20318,75,106,-31,31
20319,60,69,-9,9
20320,58,73,-15,15
20321,103,104,-1,1
20322,68,74,-6,6
20323,141,125,16,16
20324,89,98,-9,9
20325,172,154,18,18
20326,147,142,5,5
20327,94,89,5,5
20328,128,123,5,5
20329,76,82,-6,6
20330,97,93,4,4
20331,110,112,-2,2
20332,89,91,-2,2
20333,72,72,0,0
20334,104,111,-7,7
20335,82,103,-21,21
20336,87,88,-1,1
20337,96,102,-6,6
20338,94,105,-11,11
20339,158,140,18,18
20340,102,102,0,0
20341,62,75,-13,13
20342,53,68,-15,15
20343,98,97,1,1
20344,96,95,1,1
20345,79,87,-8,8
20346,131,119,12,12
20347,44,62,-18,18
20348,102,95,7,7
20349,69,79,-10,10
20350,106,111,-5,5
20351,128,130,-2,2
20352,49,64,-15,15
20353,123,113,10,10
20354,191,160,31,31
20355,116,105,11,11
20356,127,120,7,7
20357,42,56,-14,14
20358,124,103,21,21
20359,92,100,-8,8
20360,143,130,13,13
20361,68,74,-6,6
20362,111,105,6,6
20363,120,128,-8,8
20364,93,93,0,0
20365,46,62,-16,16
20366,116,115,1,1
20367,84,89,-5,5
20368,39,55,-16,16
20369,70,68,2,2
20370,59,80,-21,21
20371,107,123,-16,16
20372,59,67,-8,8
20373,115,109,6,6
20374,92,100,-8,8
20375,105,117,-12,12
20376,110,104,6,6
20377,60,67,-7,7
20378,119,107,12,12
20379,106,110,-4,4
20380,90,94,-4,4
20381,63,73,-10,10
20382,103,99,4,4
20383,105,112,-7,7
20384,98,101,-3,3
20385,48,61,-13,13
20386,110,131,-21,21
20387,119,105,14,14
20388,86,93,-7,7
20389,82,99,-17,17
20390,65,71,-6,6
20391,89,91,-2,2
20392,118,121,-3,3
20393,146,131,15,15
20394,65,79,-14,14
20395,125,121,4,4
20396,87,91,-4,4
20397,89,96,-7,7
20398,75,78,-3,3
20399,87,87,0,0
20400,130,127,3,3
20401,51,62,-11,11
20402,129,128,1,1
20403,81,82,-1,1
20404,80,78,2,2
20405,66,77,-11,11
20406,47,62,-15,15
20407,103,106,-3,3
20408,77,92,-15,15
20409,60,76,-16,16
20410,133,127,6,6
20411,66,73,-7,7
20412,161,146,15,15
20413,101,105,-4,4
20414,80,91,-11,11
20415,124,126,-2,2
20416,140,133,7,7
20417,120,109,11,11
20418,141,128,13,13
20419,90,93,-3,3
20420,54,67,-13,13
20421,63,68,-5,5
20422,115,119,-4,4
20423,59,75,-16,16
20424,68,78,-10,10
20425,51,61,-10,10
20426,56,67,-11,11
20427,69,85,-16,16
20428,71,80,-9,9
20429,103,107,-4,4
20430,94,98,-4,4
20431,157,164,-7,7
20432,122,113,9,9
20433,111,111,0,0
20434,120,125,-5,5
20435,103,96,7,7
20436,62,73,-11,11
20437,130,128,2,2
20438,81,86,-5,5
20439,166,138,28,28
20440,79,89,-10,10
20441,90,96,-6,6
20442,91,96,-5,5
20443,44,56,-12,12
20444,87,96,-9,9
20445,117,114,3,3
20446,101,108,-7,7
20447,106,114,-8,8
20448,102,95,7,7
20449,74,78,-4,4
20450,175,156,19,19
20451,71,85,-14,14
20452,122,117,5,5
20453,165,150,15,15
20454,134,124,10,10
20455,192,162,30,30
20456,80,78,2,2
20457,65,71,-6,6
20458,105,109,-4,4
20459,121,115,6,6
20460,84,90,-6,6
20461,106,109,-3,3
20462,91,90,1,1
20463,174,165,9,9
20464,64,66,-2,2
20465,58,71,-13,13
20466,76,74,2,2
20467,70,79,-9,9
20468,143,133,10,10
20469,92,92,0,0
20470,94,98,-4,4
20471,95,92,3,3
20472,119,112,7,7
20473,101,95,6,6
20474,110,107,3,3
20475,144,147,-3,3
20476,129,136,-7,7
20477,79,81,-2,2
20478,99,104,-5,5
20479,85,87,-2,2
20480,142,129,13,13
20481,77,88,-11,11
20482,62,72,-10,10
20483,122,123,-1,1
20484,106,108,-2,2
20485,52,58,-6,6
20486,79,79,0,0
20487,95,88,7,7
20488,77,85,-8,8
20489,89,91,-2,2
20490,70,81,-11,11
20491,97,97,0,0
20492,100,107,-7,7
20493,79,78,1,1
20494,138,134,4,4
20495,123,112,11,11
20496,152,130,22,22
20497,135,128,7,7
20498,83,90,-7,7
20499,118,105,13,13
20500,91,89,2,2
20501,83,89,-6,6
20502,77,83,-6,6
20503,69,76,-7,7
20504,68,75,-7,7
20505,139,130,9,9
20506,171,156,15,15
20507,80,84,-4,4
20508,83,84,-1,1
20509,108,104,4,4
20510,92,97,-5,5
20511,59,69,-10,10
20512,74,77,-3,3
20513,62,70,-8,8
20514,138,129,9,9
20515,55,63,-8,8
20516,85,84,1,1
20517,77,81,-4,4
20518,39,50,-11,11
20519,65,75,-10,10
20520,109,115,-6,6
20521,91,95,-4,4
20522,74,77,-3,3
20523,74,86,-12,12
20524,154,143,11,11
20525,153,141,12,12
20526,40,47,-7,7
20527,110,108,2,2
20528,63,71,-8,8
20529,114,108,6,6
20530,114,123,-9,9
20531,62,77,-15,15
20532,81,77,4,4
20533,49,62,-13,13
20534,63,69,-6,6
20535,93,94,-1,1
20536,76,77,-1,1
20537,146,139,7,7
20538,87,85,2,2
20539,162,150,12,12
20540,91,98,-7,7
20541,107,125,-18,18
20542,82,93,-11,11
20543,97,96,1,1
20544,42,54,-12,12
20545,81,83,-2,2
20546,115,111,4,4
20547,120,116,4,4
20548,62,73,-11,11
20549,131,132,-1,1
20550,82,86,-4,4
20551,59,70,-11,11
20552,127,130,-3,3
20553,100,95,5,5
20554,92,90,2,2
20555,55,69,-14,14
20556,111,108,3,3
20557,92,94,-2,2
20558,111,114,-3,3
20559,189,157,32,32
20560,93,86,7,7
20561,61,67,-6,6
20562,50,58,-8,8
20563,62,70,-8,8
20564,46,62,-16,16
20565,145,143,2,2
20566,82,88,-6,6
20567,83,86,-3,3
20568,78,83,-5,5
20569,69,72,-3,3
20570,117,102,15,15
20571,142,131,11,11
20572,111,109,2,2
20573,72,76,-4,4
20574,95,94,1,1
20575,141,124,17,17
20576,179,161,18,18
20577,85,93,-8,8
20578,286,248,38,38
20579,87,86,1,1
20580,93,95,-2,2
20581,87,87,0,0
20582,49,62,-13,13
20583,87,91,-4,4
20584,143,119,24,24
20585,98,111,-13,13
20586,70,76,-6,6
20587,112,109,3,3
20588,53,66,-13,13
20589,55,67,-12,12
20590,88,89,-1,1
20591,113,116,-3,3
20592,86,90,-4,4
20593,59,57,2,2
20594,62,68,-6,6
20595,71,85,-14,14
20596,102,120,-18,18
20597,69,80,-11,11
20598,117,114,3,3
20599,79,83,-4,4
20600,131,130,1,1
20601,45,57,-12,12
20602,81,88,-7,7
20603,62,79,-17,17
20604,82,89,-7,7
20605,86,93,-7,7
20606,52,59,-7,7
20607,79,85,-6,6
20608,108,99,9,9
20609,62,73,-11,11
20610,94,96,-2,2
20611,74,90,-16,16
20612,136,123,13,13
20613,151,134,17,17
20614,145,147,-2,2
20615,99,98,1,1
20616,169,172,-3,3
20617,69,77,-8,8
20618,54,64,-10,10
20619,93,87,6,6
20620,106,104,2,2
20621,77,82,-5,5
20622,100,110,-10,10
20623,96,105,-9,9
20624,56,63,-7,7
20625,99,94,5,5
20626,115,116,-1,1
20627,90,91,-1,1
20628,56,71,-15,15
20629,83,80,3,3
20630,117,107,10,10
20631,75,83,-8,8
20632,88,91,-3,3
20633,80,83,-3,3
20634,150,127,23,23
20635,126,113,13,13
20636,92,95,-3,3
20637,117,111,6,6
20638,75,83,-8,8
20639,92,85,7,7
20640,72,80,-8,8
20641,45,60,-15,15
20642,55,75,-20,20
20643,123,125,-2,2
20644,127,118,9,9
20645,128,128,0,0
20646,161,151,10,10
20647,130,122,8,8
20648,87,83,4,4
20649,223,176,47,47
20650,79,85,-6,6
20651,155,139,16,16
20652,77,85,-8,8
20653,82,78,4,4
20654,101,105,-4,4
20655,89,97,-8,8
20656,106,108,-2,2
20657,68,65,3,3
20658,98,98,0,0
20659,102,106,-4,4
20660,88,83,5,5
20661,102,100,2,2
20662,173,147,26,26
20663,52,73,-21,21
20664,114,112,2,2
20665,85,80,5,5
20666,86,88,-2,2
20667,77,79,-2,2
20668,81,84,-3,3
20669,89,88,1,1
20670,149,138,11,11
20671,68,83,-15,15
20672,77,80,-3,3
20673,83,86,-3,3
20674,71,77,-6,6
20675,71,79,-8,8
20676,91,98,-7,7
20677,56,76,-20,20
20678,80,89,-9,9
20679,129,119,10,10
20680,95,96,-1,1
20681,114,104,10,10
20682,149,132,17,17
20683,74,77,-3,3
20684,84,82,2,2
20685,72,75,-3,3
20686,119,118,1,1
20687,82,78,4,4
20688,94,118,-24,24
20689,89,101,-12,12
20690,45,59,-14,14
20691,77,73,4,4
20692,169,159,10,10
20693,100,91,9,9
20694,114,105,9,9
20695,95,94,1,1
20696,97,113,-16,16
20697,224,202,22,22
20698,96,100,-4,4
20699,66,75,-9,9
20700,97,98,-1,1
20701,113,108,5,5
20702,107,108,-1,1
20703,59,77,-18,18
20704,148,148,0,0
20705,66,63,3,3
20706,151,149,2,2
20707,87,86,1,1
20708,119,109,10,10
20709,63,68,-5,5
20710,122,111,11,11
20711,75,77,-2,2
20712,142,133,9,9
20713,33,49,-16,16
20714,86,89,-3,3
20715,33,44,-11,11
20716,144,120,24,24
20717,124,118,6,6
20718,77,83,-6,6
20719,144,138,6,6
20720,88,97,-9,9
20721,87,95,-8,8
20722,45,56,-11,11
20723,104,94,10,10
20724,70,79,-9,9
20725,87,89,-2,2
20726,139,133,6,6
20727,136,131,5,5
20728,85,81,4,4
20729,106,109,-3,3
20730,134,123,11,11
20731,98,96,2,2
20732,77,84,-7,7
20733,131,129,2,2
20734,125,138,-13,13
20735,76,81,-5,5
20736,110,104,6,6
20737,123,112,11,11
20738,56,60,-4,4
20739,62,72,-10,10
20740,59,68,-9,9
20741,96,105,-9,9
20742,107,101,6,6
20743,126,131,-5,5
20744,114,116,-2,2
20745,85,95,-10,10
20746,63,68,-5,5
20747,59,80,-21,21
20748,80,80,0,0
20749,93,92,1,1
20750,82,94,-12,12
20751,73,75,-2,2
20752,133,122,11,11
20753,145,127,18,18
20754,78,81,-3,3
20755,89,92,-3,3
20756,81,84,-3,3
20757,100,100,0,0
20758,129,134,-5,5
20759,80,88,-8,8
20760,122,116,6,6
20761,26,55,-29,29
20762,151,139,12,12
20763,118,122,-4,4
20764,146,130,16,16
20765,75,80,-5,5
20766,80,105,-25,25
20767,52,70,-18,18
20768,128,113,15,15
20769,76,94,-18,18
20770,73,80,-7,7
20771,55,66,-11,11
20772,94,98,-4,4
20773,115,106,9,9
20774,70,78,-8,8
20775,125,113,12,12
20776,50,58,-8,8
20777,90,95,-5,5
20778,110,106,4,4
20779,120,121,-1,1
20780,62,73,-11,11
20781,78,92,-14,14
20782,132,126,6,6
20783,46,58,-12,12
20784,140,142,-2,2
20785,97,96,1,1
20786,53,63,-10,10
20787,93,96,-3,3
20788,145,130,15,15
20789,84,93,-9,9
20790,121,122,-1,1
20791,124,125,-1,1
20792,65,69,-4,4
20793,129,135,-6,6
20794,111,107,4,4
20795,81,76,5,5
20796,87,78,9,9
20797,64,75,-11,11
20798,92,90,2,2
20799,74,79,-5,5
20800,78,82,-4,4
20801,72,85,-13,13
20802,101,103,-2,2
20803,35,54,-19,19
20804,171,151,20,20
20805,54,58,-4,4
20806,155,165,-10,10
20807,151,143,8,8
20808,45,56,-11,11
20809,87,89,-2,2
20810,115,108,7,7
20811,75,75,0,0
20812,89,93,-4,4
20813,134,121,13,13
20814,65,74,-9,9
20815,51,63,-12,12
20816,33,48,-15,15
20817,85,100,-15,15
20818,114,109,5,5
20819,120,118,2,2
20820,83,88,-5,5
20821,106,110,-4,4
20822,41,58,-17,17
20823,101,117,-16,16
20824,134,124,10,10
20825,132,127,5,5
20826,53,58,-5,5
20827,89,90,-1,1
20828,120,124,-4,4
20829,106,113,-7,7
20830,165,150,15,15
20831,59,77,-18,18
20832,77,83,-6,6
20833,105,101,4,4
20834,113,114,-1,1
20835,85,89,-4,4
20836,57,65,-8,8
20837,101,109,-8,8
20838,109,106,3,3
20839,129,134,-5,5
20840,75,93,-18,18
20841,143,134,9,9
20842,48,62,-14,14
20843,115,123,-8,8
20844,57,108,-51,51
20845,76,82,-6,6
20846,79,82,-3,3
20847,107,103,4,4
20848,61,74,-13,13
20849,134,131,3,3
20850,93,95,-2,2
20851,141,135,6,6
20852,81,80,1,1
20853,65,82,-17,17
20854,148,135,13,13
20855,70,84,-14,14
20856,78,93,-15,15
20857,46,58,-12,12
20858,108,111,-3,3
20859,94,96,-2,2
20860,165,157,8,8
20861,83,96,-13,13
20862,131,125,6,6
20863,91,88,3,3
20864,86,120,-34,34
20865,99,102,-3,3
20866,111,97,14,14
20867,93,95,-2,2
20868,82,79,3,3
20869,60,79,-19,19
20870,89,89,0,0
20871,153,144,9,9
20872,102,102,0,0
20873,92,101,-9,9
20874,102,100,2,2
20875,118,123,-5,5
20876,75,77,-2,2
20877,176,159,17,17
20878,129,120,9,9
20879,69,88,-19,19
20880,83,84,-1,1
20881,124,120,4,4
20882,68,70,-2,2
20883,102,101,1,1
20884,63,70,-7,7
20885,96,111,-15,15
20886,120,128,-8,8
20887,75,87,-12,12
20888,111,114,-3,3
20889,181,156,25,25
20890,82,86,-4,4
20891,132,124,8,8
20892,48,80,-32,32
20893,75,82,-7,7
20894,64,72,-8,8
20895,41,54,-13,13
20896,64,83,-19,19
20897,97,99,-2,2
20898,77,86,-9,9
20899,91,90,1,1
20900,51,61,-10,10
20901,68,76,-8,8
20902,121,125,-4,4
20903,86,90,-4,4
20904,59,71,-12,12
20905,107,107,0,0
20906,84,94,-10,10
20907,55,63,-8,8
20908,76,95,-19,19
20909,93,88,5,5
20910,40,52,-12,12
20911,118,103,15,15
20912,156,153,3,3
20913,126,120,6,6
20914,74,77,-3,3
20915,96,99,-3,3
20916,121,118,3,3
20917,76,75,1,1
20918,122,130,-8,8
20919,89,87,2,2
20920,59,65,-6,6
20921,84,81,3,3
20922,83,84,-1,1
20923,73,75,-2,2
20924,63,69,-6,6
20925,64,77,-13,13
20926,125,112,13,13
20927,101,94,7,7
20928,122,130,-8,8
20929,63,72,-9,9
20930,107,109,-2,2
20931,68,75,-7,7
20932,74,80,-6,6
20933,102,103,-1,1
20934,119,122,-3,3
20935,106,97,9,9
20936,66,73,-7,7
20937,87,92,-5,5
20938,85,88,-3,3
20939,66,69,-3,3
20940,145,139,6,6
20941,180,153,27,27
20942,75,82,-7,7
20943,63,78,-15,15
20944,144,140,4,4
20945,66,73,-7,7
20946,49,55,-6,6
20947,98,101,-3,3
20948,77,78,-1,1
20949,105,103,2,2
20950,81,102,-21,21
20951,92,87,5,5
20952,104,111,-7,7
20953,151,143,8,8
20954,51,64,-13,13
20955,124,127,-3,3
20956,84,86,-2,2
20957,58,69,-11,11
20958,108,103,5,5
20959,41,55,-14,14
20960,151,137,14,14
20961,113,101,12,12
20962,138,127,11,11
20963,70,82,-12,12
20964,106,107,-1,1
20965,95,101,-6,6
20966,121,121,0,0
20967,66,72,-6,6
20968,98,96,2,2
20969,70,80,-10,10
20970,142,134,8,8
20971,139,137,2,2
20972,62,71,-9,9
20973,138,141,-3,3
20974,70,77,-7,7
20975,138,112,26,26
20976,105,102,3,3
20977,61,69,-8,8
20978,113,118,-5,5
20979,173,146,27,27
20980,94,93,1,1
20981,90,88,2,2
20982,112,108,4,4
20983,43,55,-12,12
20984,140,138,2,2
20985,197,192,5,5
20986,116,109,7,7
20987,229,196,33,33
20988,119,116,3,3
20989,80,73,7,7
20990,115,118,-3,3
20991,61,75,-14,14
20992,41,59,-18,18
20993,101,96,5,5
20994,185,179,6,6
20995,46,56,-10,10
20996,221,194,27,27
20997,113,108,5,5
20998,60,69,-9,9
20999,116,102,14,14
21000,125,120,5,5
21001,99,99,0,0
21002,97,112,-15,15
21003,171,150,21,21
21004,79,85,-6,6
21005,73,81,-8,8
21006,80,93,-13,13
21007,148,130,18,18
21008,111,123,-12,12
21009,110,116,-6,6
21010,84,95,-11,11
21011,60,75,-15,15
21012,94,92,2,2
21013,57,67,-10,10
21014,118,118,0,0
21015,115,117,-2,2
21016,118,126,-8,8
21017,133,120,13,13
21018,67,76,-9,9
21019,148,139,9,9
21020,34,94,-60,60
21021,59,66,-7,7
21022,71,75,-4,4
21023,59,66,-7,7
21024,58,75,-17,17
21025,61,66,-5,5
21026,105,104,1,1
21027,144,137,7,7
21028,135,127,8,8
21029,120,116,4,4
21030,180,174,6,6
21031,177,149,28,28
21032,115,127,-12,12
21033,138,126,12,12
21034,113,100,13,13
21035,97,96,1,1
21036,88,87,1,1
21037,108,120,-12,12
21038,106,101,5,5
21039,81,84,-3,3
21040,105,102,3,3
21041,30,46,-16,16
21042,97,101,-4,4
21043,39,47,-8,8
21044,57,65,-8,8
21045,92,112,-20,20
21046,85,85,0,0
21047,94,90,4,4
21048,165,143,22,22
21049,119,121,-2,2
21050,120,114,6,6
21051,139,124,15,15
21052,42,55,-13,13
21053,78,85,-7,7
21054,78,89,-11,11
21055,73,74,-1,1
21056,84,87,-3,3
21057,159,142,17,17
21058,84,92,-8,8
21059,133,125,8,8
21060,87,94,-7,7
21061,147,128,19,19
21062,83,86,-3,3
21063,51,59,-8,8
21064,107,103,4,4
21065,62,70,-8,8
21066,94,91,3,3
21067,62,72,-10,10
21068,79,83,-4,4
21069,177,145,32,32
21070,104,89,15,15
21071,85,97,-12,12
21072,100,97,3,3
21073,69,74,-5,5
21074,119,121,-2,2
21075,90,82,8,8
21076,82,82,0,0
21077,54,61,-7,7
21078,115,102,13,13
21079,74,77,-3,3
21080,113,109,4,4
21081,56,65,-9,9
21082,68,81,-13,13
21083,195,174,21,21
21084,150,129,21,21
21085,62,77,-15,15
21086,71,78,-7,7
21087,81,84,-3,3
21088,131,129,2,2
21089,90,89,1,1
21090,86,95,-9,9
21091,168,166,2,2
21092,101,99,2,2
21093,109,105,4,4
21094,71,108,-37,37
21095,67,73,-6,6
21096,115,109,6,6
21097,95,77,18,18
21098,84,85,-1,1
21099,74,86,-12,12
21100,69,75,-6,6
21101,63,76,-13,13
21102,127,119,8,8
21103,82,93,-11,11
21104,78,80,-2,2
21105,78,84,-6,6
21106,147,139,8,8
21107,96,97,-1,1
21108,72,86,-14,14
21109,65,71,-6,6
21110,107,108,-1,1
21111,119,108,11,11
21112,101,97,4,4
21113,162,144,18,18
21114,119,116,3,3
21115,93,99,-6,6
21116,102,102,0,0
21117,145,138,7,7
21118,94,92,2,2
21119,83,87,-4,4
21120,166,150,16,16
21121,63,75,-12,12
21122,90,93,-3,3
21123,53,64,-11,11
21124,103,105,-2,2
21125,117,110,7,7
21126,99,99,0,0
21127,44,49,-5,5
21128,149,135,14,14
21129,104,102,2,2
21130,225,204,21,21
21131,101,100,1,1
21132,101,102,-1,1
21133,76,76,0,0
21134,80,82,-2,2
21135,70,73,-3,3
21136,130,109,21,21
21137,148,136,12,12
21138,70,86,-16,16
21139,137,141,-4,4
21140,59,67,-8,8
21141,71,80,-9,9
21142,134,126,8,8
21143,116,106,10,10
21144,104,102,2,2
21145,63,76,-13,13
21146,61,69,-8,8
21147,89,111,-22,22
21148,61,67,-6,6
21149,97,97,0,0
21150,102,99,3,3
21151,63,70,-7,7
21152,165,154,11,11
21153,88,98,-10,10
21154,112,99,13,13
21155,90,91,-1,1
21156,179,163,16,16
21157,89,98,-9,9
21158,19,30,-11,11
21159,123,116,7,7
21160,111,133,-22,22
21161,89,88,1,1
21162,86,98,-12,12
21163,92,98,-6,6
21164,93,91,2,2
21165,91,92,-1,1
21166,70,76,-6,6
21167,105,103,2,2
21168,85,84,1,1
21169,78,78,0,0
21170,112,112,0,0
21171,96,99,-3,3
21172,54,68,-14,14
21173,121,108,13,13
21174,131,124,7,7
21175,66,75,-9,9
21176,61,72,-11,11
21177,80,87,-7,7
21178,89,88,1,1
21179,74,72,2,2
21180,65,83,-18,18
21181,101,106,-5,5
21182,97,90,7,7
21183,108,110,-2,2
21184,96,102,-6,6
21185,132,124,8,8
21186,62,67,-5,5
21187,82,83,-1,1
21188,154,133,21,21
21189,82,92,-10,10
21190,50,62,-12,12
21191,68,70,-2,2
21192,124,125,-1,1
21193,74,77,-3,3
21194,149,145,4,4
21195,59,68,-9,9
21196,56,65,-9,9
21197,58,68,-10,10
21198,151,149,2,2
21199,113,108,5,5
21200,74,101,-27,27
21201,71,73,-2,2
21202,86,87,-1,1
21203,65,70,-5,5
21204,69,79,-10,10
21205,161,151,10,10
21206,89,94,-5,5
21207,36,51,-15,15
21208,55,62,-7,7
21209,97,96,1,1
21210,89,84,5,5
21211,64,69,-5,5
21212,98,102,-4,4
21213,89,86,3,3
21214,44,54,-10,10
21215,162,151,11,11
21216,126,129,-3,3
21217,82,86,-4,4
21218,77,90,-13,13
21219,81,85,-4,4
21220,137,131,6,6
21221,69,76,-7,7
21222,86,88,-2,2
21223,67,77,-10,10
21224,101,97,4,4
21225,74,82,-8,8
21226,71,76,-5,5
21227,66,73,-7,7
21228,104,106,-2,2
21229,111,123,-12,12
21230,86,94,-8,8
21231,96,98,-2,2
21232,79,81,-2,2
21233,183,181,2,2
21234,89,88,1,1
21235,133,121,12,12
21236,80,84,-4,4
21237,72,78,-6,6
21238,109,99,10,10
21239,107,102,5,5
21240,84,83,1,1
21241,67,70,-3,3
21242,102,100,2,2
21243,66,186,-120,120
21244,132,132,0,0
21245,103,104,-1,1
21246,91,96,-5,5
21247,111,114,-3,3
21248,110,103,7,7
21249,156,153,3,3
21250,44,53,-9,9
21251,48,57,-9,9
21252,79,92,-13,13
21253,58,63,-5,5
21254,134,121,13,13
21255,105,105,0,0
21256,79,79,0,0
21257,124,157,-33,33
21258,109,101,8,8
21259,79,80,-1,1
21260,66,76,-10,10
21261,93,92,1,1
21262,93,95,-2,2
21263,85,97,-12,12
21264,92,93,-1,1
21265,103,105,-2,2
21266,104,101,3,3
21267,108,106,2,2
21268,82,83,-1,1
21269,92,97,-5,5
21270,41,54,-13,13
21271,47,59,-12,12
21272,79,83,-4,4
21273,101,112,-11,11
21274,66,77,-11,11
21275,83,83,0,0
21276,89,83,6,6
21277,55,66,-11,11
21278,137,129,8,8
21279,92,91,1,1
21280,131,126,5,5
21281,99,95,4,4
21282,100,107,-7,7
21283,82,82,0,0
21284,57,67,-10,10
21285,74,84,-10,10
21286,79,85,-6,6
21287,83,83,0,0
21288,118,114,4,4
21289,133,154,-21,21
21290,129,124,5,5
21291,70,90,-20,20
21292,145,134,11,11
21293,149,120,29,29
21294,113,120,-7,7
21295,56,70,-14,14
21296,44,55,-11,11
21297,89,100,-11,11
21298,90,95,-5,5
21299,74,75,-1,1
21300,117,112,5,5
21301,65,68,-3,3
21302,48,62,-14,14
21303,92,92,0,0
21304,72,77,-5,5
21305,83,85,-2,2
21306,63,73,-10,10
21307,135,122,13,13
21308,147,145,2,2
21309,142,143,-1,1
21310,122,109,13,13
21311,77,81,-4,4
21312,106,106,0,0
21313,65,76,-11,11
21314,70,74,-4,4
21315,124,116,8,8
21316,100,98,2,2
21317,56,64,-8,8
21318,72,74,-2,2
21319,83,85,-2,2
21320,66,72,-6,6
21321,45,59,-14,14
21322,162,152,10,10
21323,85,91,-6,6
21324,115,118,-3,3
21325,122,120,2,2
21326,72,76,-4,4
21327,68,79,-11,11
21328,65,73,-8,8
21329,84,85,-1,1
21330,161,140,21,21
21331,149,136,13,13
21332,109,105,4,4
21333,57,70,-13,13
21334,85,82,3,3
21335,100,97,3,3
21336,171,130,41,41
21337,73,82,-9,9
21338,78,84,-6,6
21339,67,83,-16,16
21340,122,127,-5,5
21341,84,82,2,2
21342,171,149,22,22
21343,87,90,-3,3
21344,140,121,19,19
21345,86,97,-11,11
21346,85,96,-11,11
21347,50,59,-9,9
21348,78,85,-7,7
21349,67,68,-1,1
21350,81,81,0,0
21351,75,80,-5,5
21352,91,95,-4,4
21353,119,118,1,1
21354,138,132,6,6
21355,58,66,-8,8
21356,137,126,11,11
21357,88,98,-10,10
21358,122,116,6,6
21359,106,101,5,5
21360,101,104,-3,3
21361,88,93,-5,5
21362,83,80,3,3
21363,80,82,-2,2
21364,111,111,0,0
21365,183,169,14,14
21366,73,77,-4,4
21367,97,95,2,2
21368,55,70,-15,15
21369,116,121,-5,5
21370,78,82,-4,4
21371,99,99,0,0
21372,141,127,14,14
21373,56,65,-9,9
21374,65,72,-7,7
21375,72,77,-5,5
21376,99,81,18,18
21377,96,91,5,5
21378,69,80,-11,11
21379,94,107,-13,13
21380,98,90,8,8
21381,55,69,-14,14
21382,107,107,0,0
21383,68,74,-6,6
21384,84,91,-7,7
21385,65,71,-6,6
21386,177,147,30,30
21387,62,67,-5,5
21388,182,157,25,25
21389,72,61,11,11
21390,151,143,8,8
21391,80,80,0,0
21392,122,125,-3,3
21393,136,120,16,16
21394,141,136,5,5
21395,88,87,1,1
21396,88,85,3,3
21397,127,121,6,6
21398,92,98,-6,6
21399,74,75,-1,1
21400,111,107,4,4
21401,204,190,14,14
21402,111,103,8,8
21403,59,66,-7,7
21404,129,113,16,16
21405,107,102,5,5
21406,104,98,6,6
21407,76,85,-9,9
21408,113,120,-7,7
21409,110,108,2,2
21410,69,71,-2,2
21411,67,75,-8,8
21412,85,85,0,0
21413,94,96,-2,2
21414,93,92,1,1
21415,90,94,-4,4
21416,61,59,2,2
21417,56,62,-6,6
21418,114,107,7,7
21419,71,73,-2,2
21420,86,93,-7,7
21421,114,117,-3,3
21422,50,60,-10,10
21423,155,144,11,11
21424,108,117,-9,9
21425,104,91,13,13
21426,89,87,2,2
21427,75,77,-2,2
21428,149,143,6,6
21429,94,91,3,3
21430,63,82,-19,19
21431,127,134,-7,7
21432,103,102,1,1
21433,90,85,5,5
21434,64,74,-10,10
21435,144,133,11,11
21436,119,111,8,8
21437,45,61,-16,16
21438,78,82,-4,4
21439,45,64,-19,19
21440,113,117,-4,4
21441,89,95,-6,6
21442,122,122,0,0
21443,93,96,-3,3
21444,54,65,-11,11
21445,89,84,5,5
21446,85,83,2,2
21447,101,101,0,0
21448,132,139,-7,7
21449,47,55,-8,8
21450,83,85,-2,2
21451,89,83,6,6
21452,77,77,0,0
21453,150,130,20,20
21454,130,116,14,14
21455,85,90,-5,5
21456,114,108,6,6
21457,155,147,8,8
21458,63,69,-6,6
21459,94,100,-6,6
21460,42,49,-7,7
21461,138,136,2,2
21462,78,87,-9,9
21463,79,83,-4,4
21464,95,96,-1,1
21465,80,76,4,4
21466,80,94,-14,14
21467,39,56,-17,17
21468,143,128,15,15
21469,88,88,0,0
21470,47,61,-14,14
21471,70,75,-5,5
21472,174,157,17,17
21473,148,138,10,10
21474,185,159,26,26
21475,122,130,-8,8
21476,138,132,6,6
21477,99,96,3,3
21478,50,63,-13,13
21479,104,97,7,7
21480,69,75,-6,6
21481,127,120,7,7
21482,59,72,-13,13
21483,89,90,-1,1
21484,81,87,-6,6
21485,64,77,-13,13
21486,124,121,3,3
21487,75,86,-11,11
21488,102,99,3,3
21489,156,143,13,13
21490,81,85,-4,4
21491,90,88,2,2
21492,58,82,-24,24
21493,153,133,20,20
21494,100,96,4,4
21495,133,120,13,13
21496,133,123,10,10
21497,68,79,-11,11
21498,104,102,2,2
21499,74,78,-4,4
21500,138,125,13,13
21501,83,88,-5,5
21502,125,135,-10,10
21503,98,100,-2,2
21504,92,91,1,1
21505,39,50,-11,11
21506,93,96,-3,3
21507,47,67,-20,20
21508,72,74,-2,2
21509,138,126,12,12
21510,81,86,-5,5
21511,102,104,-2,2
21512,146,136,10,10
21513,80,82,-2,2
21514,76,77,-1,1
21515,130,137,-7,7
21516,138,123,15,15
21517,69,81,-12,12
21518,134,120,14,14
21519,73,81,-8,8
21520,55,70,-15,15
21521,68,78,-10,10
21522,78,95,-17,17
21523,85,86,-1,1
21524,118,116,2,2
21525,80,83,-3,3
21526,153,153,0,0
21527,81,79,2,2
21528,85,86,-1,1
21529,117,114,3,3
21530,126,124,2,2
21531,34,48,-14,14
21532,72,73,-1,1
21533,138,127,11,11
21534,82,88,-6,6
21535,113,117,-4,4
21536,63,76,-13,13
21537,80,76,4,4
21538,67,72,-5,5
21539,117,127,-10,10
21540,120,115,5,5
21541,75,77,-2,2
21542,117,113,4,4
21543,103,106,-3,3
21544,149,151,-2,2
21545,169,162,7,7
21546,85,97,-12,12
21547,91,90,1,1
21548,121,121,0,0
21549,95,110,-15,15
21550,123,126,-3,3
21551,36,57,-21,21
21552,71,79,-8,8
21553,106,104,2,2
21554,101,93,8,8
21555,60,83,-23,23
21556,68,72,-4,4
21557,76,79,-3,3
21558,91,89,2,2
21559,84,90,-6,6
21560,97,100,-3,3
21561,75,84,-9,9
21562,44,56,-12,12
21563,78,71,7,7
21564,55,65,-10,10
21565,106,114,-8,8
21566,125,119,6,6
21567,185,161,24,24
21568,148,164,-16,16
21569,156,141,15,15
21570,128,121,7,7
21571,96,96,0,0
21572,99,96,3,3
21573,63,79,-16,16
21574,78,88,-10,10
21575,162,133,29,29
21576,75,82,-7,7
21577,103,100,3,3
21578,110,104,6,6
21579,116,111,5,5
21580,51,64,-13,13
21581,126,120,6,6
21582,37,56,-19,19
21583,109,104,5,5
21584,115,118,-3,3
21585,70,72,-2,2
21586,94,104,-10,10
21587,113,109,4,4
21588,91,92,-1,1
21589,71,80,-9,9
21590,55,67,-12,12
21591,63,76,-13,13
21592,59,67,-8,8
21593,81,83,-2,2
21594,135,134,1,1
21595,95,93,2,2
21596,67,80,-13,13
21597,80,84,-4,4
21598,73,89,-16,16
21599,98,93,5,5
21600,104,98,6,6
21601,63,64,-1,1
21602,60,66,-6,6
21603,117,112,5,5
21604,60,68,-8,8
21605,127,122,5,5
21606,121,104,17,17
21607,118,117,1,1
21608,80,82,-2,2
21609,77,82,-5,5
21610,104,97,7,7
21611,182,193,-11,11
21612,90,95,-5,5
21613,49,59,-10,10
21614,86,90,-4,4
21615,88,91,-3,3
21616,114,105,9,9
21617,56,63,-7,7
21618,66,68,-2,2
21619,68,88,-20,20
21620,88,92,-4,4
21621,45,80,-35,35
21622,231,206,25,25
21623,136,125,11,11
21624,69,74,-5,5
21625,123,129,-6,6
21626,60,65,-5,5
21627,72,78,-6,6
21628,84,92,-8,8
21629,123,121,2,2
21630,58,75,-17,17
21631,58,65,-7,7
21632,71,73,-2,2
21633,97,93,4,4
21634,61,69,-8,8
21635,57,69,-12,12
21636,172,157,15,15
21637,62,73,-11,11
21638,112,121,-9,9
21639,126,120,6,6
21640,85,86,-1,1
21641,105,115,-10,10
21642,100,101,-1,1
21643,117,126,-9,9
21644,76,91,-15,15
21645,85,88,-3,3
21646,187,154,33,33
21647,145,136,9,9
21648,64,78,-14,14
21649,107,102,5,5
21650,140,133,7,7
21651,46,63,-17,17
21652,63,68,-5,5
21653,93,94,-1,1
21654,111,112,-1,1
21655,60,68,-8,8
21656,120,115,5,5
21657,67,76,-9,9
21658,157,142,15,15
21659,133,128,5,5
21660,112,118,-6,6
21661,119,127,-8,8
21662,86,87,-1,1
21663,128,127,1,1
21664,109,104,5,5
21665,133,124,9,9
21666,62,67,-5,5
21667,167,150,17,17
21668,122,112,10,10
21669,42,52,-10,10
21670,66,72,-6,6
21671,110,109,1,1
21672,84,97,-13,13
21673,115,113,2,2
21674,174,156,18,18
21675,85,87,-2,2
21676,100,99,1,1
21677,56,68,-12,12
21678,72,74,-2,2
21679,87,93,-6,6
21680,70,92,-22,22
21681,76,78,-2,2
21682,89,89,0,0
21683,69,74,-5,5
21684,175,153,22,22
21685,191,164,27,27
21686,66,71,-5,5
21687,145,137,8,8
21688,127,116,11,11
21689,54,60,-6,6
21690,70,72,-2,2
21691,67,73,-6,6
21692,77,80,-3,3
21693,119,124,-5,5
21694,38,59,-21,21
21695,77,82,-5,5
21696,49,59,-10,10
21697,63,83,-20,20
21698,40,52,-12,12
21699,69,80,-11,11
21700,35,55,-20,20
21701,93,90,3,3
21702,61,81,-20,20
21703,50,58,-8,8
21704,113,117,-4,4
21705,123,109,14,14
21706,75,80,-5,5
21707,94,92,2,2
21708,71,82,-11,11
21709,114,119,-5,5
21710,68,70,-2,2
21711,129,135,-6,6
21712,61,61,0,0
21713,92,89,3,3
21714,76,75,1,1
21715,106,96,10,10
21716,123,118,5,5
21717,89,93,-4,4
21718,88,94,-6,6
21719,48,64,-16,16
21720,87,93,-6,6
21721,53,70,-17,17
21722,120,112,8,8
21723,105,107,-2,2
21724,117,108,9,9
21725,128,120,8,8
21726,173,152,21,21
21727,85,90,-5,5
21728,97,92,5,5
21729,101,98,3,3
21730,67,76,-9,9
21731,71,78,-7,7
21732,89,85,4,4
21733,85,96,-11,11
21734,83,85,-2,2
21735,78,78,0,0
21736,76,81,-5,5
21737,115,111,4,4
21738,68,72,-4,4
21739,75,76,-1,1
21740,106,96,10,10
21741,76,80,-4,4
21742,123,117,6,6
21743,82,89,-7,7
21744,82,89,-7,7
21745,162,151,11,11
21746,64,75,-11,11
21747,66,65,1,1
21748,48,55,-7,7
21749,86,92,-6,6
21750,59,74,-15,15
21751,118,109,9,9
21752,75,80,-5,5
21753,138,123,15,15
21754,50,60,-10,10
21755,96,86,10,10
21756,68,75,-7,7
21757,83,88,-5,5
21758,93,108,-15,15
21759,78,87,-9,9
21760,45,55,-10,10
21761,85,86,-1,1
21762,123,111,12,12
21763,42,58,-16,16
21764,84,85,-1,1
21765,123,118,5,5
21766,45,63,-18,18
21767,88,92,-4,4
21768,85,87,-2,2
21769,79,74,5,5
21770,75,80,-5,5
21771,125,121,4,4
21772,33,53,-20,20
21773,84,90,-6,6
21774,117,120,-3,3
21775,79,83,-4,4
21776,190,176,14,14
21777,112,113,-1,1
21778,86,93,-7,7
21779,115,108,7,7
21780,74,77,-3,3
21781,85,91,-6,6
21782,28,37,-9,9
21783,45,60,-15,15
21784,115,111,4,4
21785,92,88,4,4
21786,78,78,0,0
21787,129,123,6,6
21788,119,110,9,9
21789,78,81,-3,3
21790,78,73,5,5
21791,211,183,28,28
21792,95,102,-7,7
21793,101,100,1,1
21794,163,146,17,17
21795,168,151,17,17
21796,109,107,2,2
21797,98,104,-6,6
21798,61,69,-8,8
21799,131,130,1,1
21800,74,78,-4,4
21801,66,80,-14,14
21802,130,120,10,10
21803,71,76,-5,5
21804,135,134,1,1
21805,88,86,2,2
21806,150,162,-12,12
21807,152,129,23,23
21808,117,99,18,18
21809,133,127,6,6
21810,77,82,-5,5
21811,75,74,1,1
21812,63,68,-5,5
21813,73,74,-1,1
21814,72,78,-6,6
21815,62,82,-20,20
21816,98,102,-4,4
21817,103,97,6,6
21818,167,174,-7,7
21819,73,85,-12,12
21820,68,71,-3,3
21821,104,102,2,2
21822,96,98,-2,2
21823,165,156,9,9
21824,128,124,4,4
21825,147,136,11,11
21826,139,134,5,5
21827,156,136,20,20
21828,86,93,-7,7
21829,78,81,-3,3
21830,78,79,-1,1
21831,89,86,3,3
21832,115,106,9,9
21833,122,119,3,3
21834,47,67,-20,20
21835,60,77,-17,17
21836,87,100,-13,13
21837,77,81,-4,4
21838,115,103,12,12
21839,105,95,10,10
21840,120,118,2,2
21841,95,97,-2,2
21842,103,99,4,4
21843,57,65,-8,8
21844,132,121,11,11
21845,118,110,8,8
21846,134,118,16,16
21847,85,96,-11,11
21848,130,134,-4,4
21849,107,112,-5,5
21850,112,107,5,5
21851,63,71,-8,8
21852,176,159,17,17
21853,83,84,-1,1
21854,88,98,-10,10
21855,141,123,18,18
21856,121,115,6,6
21857,119,110,9,9
21858,51,66,-15,15
21859,60,70,-10,10
21860,103,91,12,12
21861,122,115,7,7
21862,79,84,-5,5
21863,103,97,6,6
21864,86,87,-1,1
21865,58,72,-14,14
21866,103,103,0,0
21867,89,86,3,3
21868,94,91,3,3
21869,115,116,-1,1
21870,151,163,-12,12
21871,97,98,-1,1
21872,88,87,1,1
21873,78,83,-5,5
21874,79,78,1,1
21875,51,54,-3,3
21876,77,94,-17,17
21877,98,90,8,8
21878,160,135,25,25
21879,114,112,2,2
21880,95,100,-5,5
21881,77,86,-9,9
21882,75,81,-6,6
21883,142,129,13,13
21884,72,79,-7,7
21885,150,132,18,18
21886,67,78,-11,11
21887,104,103,1,1
21888,95,101,-6,6
21889,116,109,7,7
21890,43,79,-36,36
21891,98,101,-3,3
21892,85,81,4,4
21893,93,89,4,4
21894,106,104,2,2
21895,99,98,1,1
21896,179,161,18,18
21897,61,81,-20,20
21898,77,82,-5,5
21899,64,70,-6,6
21900,90,95,-5,5
21901,106,114,-8,8
21902,67,72,-5,5
21903,102,100,2,2
21904,94,57,37,37
21905,92,90,2,2
21906,81,83,-2,2
21907,84,84,0,0
21908,131,133,-2,2
21909,96,100,-4,4
21910,89,88,1,1
21911,107,103,4,4
21912,73,83,-10,10
21913,81,80,1,1
21914,69,81,-12,12
21915,73,79,-6,6
21916,150,146,4,4
21917,115,104,11,11
21918,90,87,3,3
21919,63,82,-19,19
21920,138,123,15,15
21921,125,125,0,0
21922,111,107,4,4
21923,124,110,14,14
21924,37,53,-16,16
21925,114,113,1,1
21926,67,73,-6,6
21927,116,117,-1,1
21928,134,138,-4,4
21929,58,70,-12,12
21930,75,77,-2,2
21931,119,115,4,4
21932,94,89,5,5
21933,72,75,-3,3
21934,144,139,5,5
21935,86,88,-2,2
21936,112,109,3,3
21937,57,65,-8,8
21938,121,126,-5,5
21939,118,114,4,4
21940,79,83,-4,4
21941,53,61,-8,8
21942,61,62,-1,1
21943,90,97,-7,7
21944,114,116,-2,2
21945,101,103,-2,2
21946,180,167,13,13
21947,136,144,-8,8
21948,100,99,1,1
21949,107,106,1,1
21950,95,100,-5,5
21951,75,81,-6,6
21952,86,94,-8,8
21953,71,82,-11,11
21954,126,124,2,2
21955,125,120,5,5
21956,162,149,13,13
21957,71,80,-9,9
21958,60,65,-5,5
21959,118,122,-4,4
21960,104,88,16,16
21961,117,112,5,5
21962,144,131,13,13
21963,78,87,-9,9
21964,95,95,0,0
21965,157,143,14,14
21966,70,78,-8,8
21967,68,78,-10,10
21968,125,119,6,6
21969,111,96,15,15
21970,112,104,8,8
21971,118,106,12,12
21972,71,69,2,2
21973,126,114,12,12
21974,96,95,1,1
21975,59,68,-9,9
21976,82,93,-11,11
21977,101,108,-7,7
21978,80,87,-7,7
21979,61,68,-7,7
21980,89,98,-9,9
21981,107,94,13,13
21982,55,67,-12,12
21983,99,97,2,2
21984,131,133,-2,2
21985,80,80,0,0
21986,110,95,15,15
21987,94,96,-2,2
21988,32,31,1,1
21989,105,104,1,1
21990,103,106,-3,3
21991,152,149,3,3
21992,136,120,16,16
21993,78,78,0,0
21994,68,71,-3,3
21995,68,83,-15,15
21996,36,49,-13,13
21997,111,115,-4,4
21998,64,67,-3,3
21999,70,76,-6,6
22000,89,89,0,0
22001,103,99,4,4
22002,79,83,-4,4
22003,175,166,9,9
22004,103,108,-5,5
22005,84,85,-1,1
22006,79,80,-1,1
22007,93,99,-6,6
22008,124,120,4,4
22009,106,105,1,1
22010,144,125,19,19
22011,100,99,1,1
22012,70,79,-9,9
22013,122,129,-7,7
22014,101,100,1,1
22015,125,120,5,5
22016,94,93,1,1
22017,134,139,-5,5
22018,69,78,-9,9
22019,119,107,12,12
22020,106,99,7,7
22021,122,120,2,2
22022,54,63,-9,9
22023,89,89,0,0
22024,76,94,-18,18
22025,86,89,-3,3
22026,144,127,17,17
22027,93,87,6,6
22028,105,108,-3,3
22029,101,102,-1,1
22030,81,93,-12,12
22031,85,88,-3,3
22032,157,132,25,25
22033,112,119,-7,7
22034,76,83,-7,7
22035,85,95,-10,10
22036,141,121,20,20
22037,87,94,-7,7
22038,71,82,-11,11
22039,104,108,-4,4
22040,73,81,-8,8
22041,143,131,12,12
22042,92,100,-8,8
22043,80,88,-8,8
22044,98,102,-4,4
22045,80,81,-1,1
22046,54,67,-13,13
22047,134,138,-4,4
22048,70,74,-4,4
22049,114,114,0,0
22050,80,76,4,4
22051,90,88,2,2
22052,82,93,-11,11
22053,103,102,1,1
22054,82,83,-1,1
22055,92,92,0,0
22056,82,84,-2,2
22057,66,74,-8,8
22058,124,155,-31,31
22059,61,74,-13,13
22060,63,75,-12,12
22061,91,95,-4,4
22062,72,76,-4,4
22063,54,71,-17,17
22064,87,88,-1,1
22065,104,113,-9,9
22066,61,72,-11,11
22067,125,110,15,15
22068,129,130,-1,1
22069,33,54,-21,21
22070,97,100,-3,3
22071,73,91,-18,18
22072,154,136,18,18
22073,74,77,-3,3
22074,125,123,2,2
22075,54,64,-10,10
22076,68,79,-11,11
22077,91,89,2,2
22078,68,73,-5,5
22079,92,104,-12,12
22080,117,104,13,13
22081,98,109,-11,11
22082,124,110,14,14
22083,71,80,-9,9
22084,66,73,-7,7
22085,37,53,-16,16
22086,108,103,5,5
22087,59,66,-7,7
22088,84,87,-3,3
22089,162,146,16,16
22090,108,110,-2,2
22091,120,113,7,7
22092,102,108,-6,6
22093,68,84,-16,16
22094,146,125,21,21
22095,116,118,-2,2
22096,66,74,-8,8
22097,67,76,-9,9
22098,46,64,-18,18
22099,92,87,5,5
22100,150,131,19,19
22101,58,62,-4,4
22102,103,106,-3,3
22103,112,100,12,12
22104,90,100,-10,10
22105,98,98,0,0
22106,54,68,-14,14
22107,76,83,-7,7
22108,77,85,-8,8
22109,111,106,5,5
22110,118,120,-2,2
22111,125,120,5,5
22112,94,101,-7,7
22113,73,81,-8,8
22114,173,163,10,10
22115,155,150,5,5
22116,120,125,-5,5
22117,86,80,6,6
22118,115,109,6,6
22119,149,134,15,15
22120,68,89,-21,21
22121,130,112,18,18
22122,65,77,-12,12
22123,63,59,4,4
22124,39,53,-14,14
22125,82,83,-1,1
22126,74,72,2,2
22127,57,75,-18,18
22128,105,109,-4,4
22129,106,105,1,1
22130,126,143,-17,17
22131,113,109,4,4
22132,109,110,-1,1
22133,95,100,-5,5
22134,86,82,4,4
22135,99,97,2,2
22136,65,80,-15,15
22137,70,77,-7,7
22138,66,71,-5,5
22139,45,58,-13,13
22140,77,82,-5,5
22141,50,66,-16,16
22142,105,104,1,1
22143,101,108,-7,7
22144,62,74,-12,12
22145,82,93,-11,11
22146,69,69,0,0
22147,122,134,-12,12
22148,147,138,9,9
22149,220,214,6,6
22150,69,76,-7,7
22151,93,91,2,2
22152,111,107,4,4
22153,152,145,7,7
22154,124,121,3,3
22155,43,55,-12,12
22156,112,98,14,14
22157,83,86,-3,3
22158,140,131,9,9
22159,110,109,1,1
22160,71,82,-11,11
22161,96,108,-12,12
22162,148,144,4,4
22163,53,51,2,2
22164,120,109,11,11
22165,188,181,7,7
22166,29,50,-21,21
22167,117,115,2,2
22168,104,102,2,2
22169,81,83,-2,2
22170,124,124,0,0
22171,103,117,-14,14
22172,139,133,6,6
22173,79,76,3,3
22174,133,122,11,11
22175,112,114,-2,2
22176,99,106,-7,7
22177,101,98,3,3
22178,75,75,0,0
22179,110,107,3,3
22180,121,119,2,2
22181,110,109,1,1
22182,68,89,-21,21
22183,99,97,2,2
22184,67,79,-12,12
22185,72,84,-12,12
22186,151,130,21,21
22187,87,96,-9,9
22188,83,88,-5,5
22189,58,76,-18,18
22190,56,65,-9,9
22191,72,74,-2,2
22192,91,91,0,0
22193,61,67,-6,6
22194,95,85,10,10
22195,101,100,1,1
22196,98,95,3,3
22197,128,130,-2,2
22198,183,166,17,17
22199,68,75,-7,7
22200,97,96,1,1
22201,74,78,-4,4
22202,127,123,4,4
22203,91,92,-1,1
22204,95,94,1,1
22205,83,84,-1,1
22206,130,124,6,6
22207,143,88,55,55
22208,68,83,-15,15
22209,72,76,-4,4
22210,81,85,-4,4
22211,63,72,-9,9
22212,92,89,3,3
22213,70,86,-16,16
22214,114,119,-5,5
22215,119,107,12,12
22216,130,127,3,3
22217,94,99,-5,5
22218,104,106,-2,2
22219,99,106,-7,7
22220,55,74,-19,19
22221,111,111,0,0
22222,101,95,6,6
22223,86,89,-3,3
22224,89,93,-4,4
22225,91,112,-21,21
22226,140,134,6,6
22227,74,81,-7,7
22228,82,85,-3,3
22229,103,90,13,13
22230,104,95,9,9
22231,75,86,-11,11
22232,92,101,-9,9
22233,53,65,-12,12
22234,74,88,-14,14
22235,38,50,-12,12
22236,141,127,14,14
22237,91,84,7,7
22238,97,93,4,4
22239,115,110,5,5
22240,141,138,3,3
22241,72,85,-13,13
22242,87,94,-7,7
22243,114,113,1,1
22244,96,91,5,5
22245,68,83,-15,15
22246,123,123,0,0
22247,91,91,0,0
22248,91,90,1,1
22249,116,120,-4,4
22250,49,76,-27,27
22251,57,65,-8,8
22252,124,123,1,1
22253,88,98,-10,10
22254,129,124,5,5
22255,55,63,-8,8
22256,188,162,26,26
22257,64,72,-8,8
22258,71,77,-6,6
22259,45,56,-11,11
22260,93,103,-10,10
22261,68,74,-6,6
22262,161,163,-2,2
22263,69,83,-14,14
22264,113,116,-3,3
22265,74,86,-12,12
22266,58,70,-12,12
22267,149,145,4,4
22268,49,60,-11,11
22269,96,95,1,1
22270,122,115,7,7
22271,92,86,6,6
22272,124,124,0,0
22273,93,95,-2,2
22274,149,146,3,3
22275,179,160,19,19
22276,147,143,4,4
22277,121,119,2,2
22278,62,69,-7,7
22279,50,62,-12,12
22280,54,63,-9,9
22281,104,98,6,6
22282,73,77,-4,4
22283,101,102,-1,1
22284,71,81,-10,10
22285,90,92,-2,2
22286,71,76,-5,5
22287,72,80,-8,8
22288,61,88,-27,27
22289,65,70,-5,5
22290,81,84,-3,3
22291,37,59,-22,22
22292,65,76,-11,11
22293,128,120,8,8
22294,55,88,-33,33
22295,55,73,-18,18
22296,131,115,16,16
22297,67,69,-2,2
22298,138,132,6,6
22299,66,72,-6,6
22300,62,70,-8,8
22301,187,172,15,15
22302,127,117,10,10
22303,105,109,-4,4
22304,78,82,-4,4
22305,94,94,0,0
22306,94,95,-1,1
22307,108,108,0,0
22308,135,125,10,10
22309,78,79,-1,1
22310,87,94,-7,7
22311,59,67,-8,8
22312,134,142,-8,8
22313,89,88,1,1
22314,79,86,-7,7
22315,27,53,-26,26
22316,74,73,1,1
22317,56,69,-13,13
22318,121,124,-3,3
22319,88,95,-7,7
22320,145,146,-1,1
22321,99,102,-3,3
22322,127,117,10,10
22323,85,87,-2,2
22324,91,80,11,11
22325,184,177,7,7
22326,76,80,-4,4
22327,86,88,-2,2
22328,88,86,2,2
22329,156,145,11,11
22330,106,108,-2,2
22331,102,95,7,7
22332,106,102,4,4
22333,87,91,-4,4
22334,60,71,-11,11
22335,82,84,-2,2
22336,112,104,8,8
22337,118,120,-2,2
22338,75,72,3,3
22339,94,98,-4,4
22340,57,71,-14,14
22341,96,95,1,1
22342,67,75,-8,8
22343,78,94,-16,16
22344,114,105,9,9
22345,70,74,-4,4
22346,60,70,-10,10
22347,91,93,-2,2
22348,86,84,2,2
22349,84,88,-4,4
22350,75,79,-4,4
22351,133,136,-3,3
22352,193,167,26,26
22353,68,76,-8,8
22354,139,132,7,7
22355,57,81,-24,24
22356,110,111,-1,1
22357,83,97,-14,14
22358,159,130,29,29
22359,110,107,3,3
22360,150,131,19,19
22361,95,103,-8,8
22362,139,124,15,15
22363,72,73,-1,1
22364,147,131,16,16
22365,89,86,3,3
22366,136,133,3,3
22367,47,55,-8,8
22368,158,151,7,7
22369,111,116,-5,5
22370,99,94,5,5
22371,112,107,5,5
22372,82,92,-10,10
22373,38,50,-12,12
22374,82,86,-4,4
22375,80,85,-5,5
22376,119,107,12,12
22377,68,80,-12,12
22378,117,116,1,1
22379,76,80,-4,4
22380,94,95,-1,1
22381,68,77,-9,9
22382,49,55,-6,6
22383,59,68,-9,9
22384,135,136,-1,1
22385,111,112,-1,1
22386,102,96,6,6
22387,118,120,-2,2
22388,90,89,1,1
22389,62,72,-10,10
22390,104,101,3,3
22391,120,112,8,8
22392,105,106,-1,1
22393,131,126,5,5
22394,103,111,-8,8
22395,117,113,4,4
22396,92,93,-1,1
22397,70,78,-8,8
22398,108,109,-1,1
22399,71,76,-5,5
22400,58,72,-14,14
22401,91,84,7,7
22402,98,94,4,4
22403,40,58,-18,18
22404,92,86,6,6
22405,100,104,-4,4
22406,138,140,-2,2
22407,132,118,14,14
22408,101,105,-4,4
22409,71,83,-12,12
22410,86,87,-1,1
22411,107,103,4,4
22412,85,88,-3,3
22413,68,78,-10,10
22414,80,85,-5,5
22415,125,119,6,6
22416,99,93,6,6
22417,122,115,7,7
22418,190,162,28,28
22419,109,95,14,14
22420,83,81,2,2
22421,121,137,-16,16
22422,79,94,-15,15
22423,142,151,-9,9
22424,63,70,-7,7
22425,66,73,-7,7
22426,114,100,14,14
22427,80,82,-2,2
22428,72,77,-5,5
22429,190,174,16,16
22430,91,93,-2,2
22431,152,140,12,12
22432,74,69,5,5
22433,88,94,-6,6
22434,181,176,5,5
22435,118,118,0,0
22436,131,122,9,9
22437,64,107,-43,43
22438,86,89,-3,3
22439,74,88,-14,14
22440,79,84,-5,5
22441,99,100,-1,1
22442,169,159,10,10
22443,68,68,0,0
22444,79,82,-3,3
22445,181,155,26,26
22446,119,108,11,11
22447,120,112,8,8
22448,67,79,-12,12
22449,67,81,-14,14
22450,76,78,-2,2
22451,87,87,0,0
22452,91,96,-5,5
22453,161,143,18,18
22454,58,66,-8,8
22455,57,69,-12,12
22456,95,91,4,4
22457,63,74,-11,11
22458,64,71,-7,7
22459,55,67,-12,12
22460,136,142,-6,6
22461,107,104,3,3
22462,83,93,-10,10
22463,52,69,-17,17
22464,127,134,-7,7
22465,90,94,-4,4
22466,141,129,12,12
22467,87,95,-8,8
22468,99,99,0,0
22469,67,75,-8,8
22470,79,87,-8,8
22471,102,102,0,0
22472,168,164,4,4
22473,154,146,8,8
22474,118,116,2,2
22475,68,83,-15,15
22476,109,108,1,1
22477,41,55,-14,14
22478,65,77,-12,12
22479,108,105,3,3
22480,26,48,-22,22
22481,99,108,-9,9
22482,137,132,5,5
22483,180,166,14,14
22484,223,180,43,43
22485,103,104,-1,1
22486,91,93,-2,2
22487,120,111,9,9
22488,73,79,-6,6
22489,69,81,-12,12
22490,76,91,-15,15
22491,73,70,3,3
22492,41,52,-11,11
22493,143,144,-1,1
22494,121,132,-11,11
22495,97,108,-11,11
22496,86,94,-8,8
22497,80,89,-9,9
22498,105,117,-12,12
22499,111,97,14,14
22500,133,137,-4,4
22501,120,118,2,2
22502,156,159,-3,3
22503,100,106,-6,6
22504,41,55,-14,14
22505,94,101,-7,7
22506,59,65,-6,6
22507,71,76,-5,5
22508,68,75,-7,7
22509,102,95,7,7
22510,134,128,6,6
22511,60,63,-3,3
22512,169,138,31,31
22513,80,88,-8,8
22514,126,145,-19,19
22515,146,130,16,16
22516,128,132,-4,4
22517,67,72,-5,5
22518,92,100,-8,8
22519,72,80,-8,8
22520,79,84,-5,5
22521,102,98,4,4
22522,62,70,-8,8
22523,59,69,-10,10
22524,116,103,13,13
22525,96,95,1,1
22526,86,89,-3,3
22527,68,83,-15,15
22528,90,96,-6,6
22529,90,87,3,3
22530,141,127,14,14
22531,109,109,0,0
22532,51,75,-24,24
22533,107,100,7,7
22534,130,122,8,8
22535,103,103,0,0
22536,49,66,-17,17
22537,106,98,8,8
22538,87,90,-3,3
22539,68,73,-5,5
22540,88,92,-4,4
22541,79,89,-10,10
22542,104,97,7,7
22543,94,95,-1,1
22544,123,114,9,9
22545,98,92,6,6
22546,123,118,5,5
22547,104,105,-1,1
22548,60,73,-13,13
22549,70,79,-9,9
22550,89,90,-1,1
22551,122,112,10,10
22552,55,64,-9,9
22553,141,129,12,12
22554,80,84,-4,4
22555,97,98,-1,1
22556,126,113,13,13
22557,73,83,-10,10
22558,63,78,-15,15
22559,151,132,19,19
22560,109,103,6,6
22561,161,151,10,10
22562,80,83,-3,3
22563,126,113,13,13
22564,89,89,0,0
22565,95,91,4,4
22566,163,142,21,21
22567,121,110,11,11
22568,80,86,-6,6
22569,79,76,3,3
22570,94,92,2,2
22571,143,131,12,12
22572,95,94,1,1
22573,108,107,1,1
22574,94,100,-6,6
22575,102,98,4,4
22576,84,93,-9,9
22577,80,82,-2,2
22578,135,125,10,10
22579,98,89,9,9
22580,113,115,-2,2
22581,85,111,-26,26
22582,97,95,2,2
22583,67,73,-6,6
22584,135,126,9,9
22585,31,37,-6,6
22586,154,150,4,4
22587,136,130,6,6
22588,35,47,-12,12
22589,145,132,13,13
22590,76,76,0,0
22591,89,96,-7,7
22592,84,94,-10,10
22593,82,98,-16,16
22594,76,79,-3,3
22595,88,94,-6,6
22596,85,83,2,2
22597,109,118,-9,9
22598,165,152,13,13
22599,88,98,-10,10
22600,54,65,-11,11
22601,93,85,8,8
22602,66,75,-9,9
22603,75,83,-8,8
22604,55,65,-10,10
22605,72,80,-8,8
22606,113,109,4,4
22607,127,121,6,6
22608,53,59,-6,6
22609,94,98,-4,4
22610,90,92,-2,2
22611,65,80,-15,15
22612,60,73,-13,13
22613,59,58,1,1
22614,107,103,4,4
22615,93,105,-12,12
22616,128,117,11,11
22617,55,67,-12,12
22618,93,95,-2,2
22619,79,80,-1,1
22620,148,131,17,17
22621,129,122,7,7
22622,51,68,-17,17
22623,92,97,-5,5
22624,93,110,-17,17
22625,114,118,-4,4
22626,72,80,-8,8
22627,92,100,-8,8
22628,81,81,0,0
22629,69,82,-13,13
22630,93,92,1,1
22631,189,174,15,15
22632,71,78,-7,7
22633,87,89,-2,2
22634,48,85,-37,37
22635,94,94,0,0
22636,116,128,-12,12
22637,62,79,-17,17
22638,240,205,35,35
22639,104,101,3,3
22640,80,93,-13,13
22641,66,65,1,1
22642,100,95,5,5
22643,133,126,7,7
22644,103,99,4,4
22645,137,137,0,0
22646,165,147,18,18
22647,125,120,5,5
22648,86,86,0,0
22649,95,93,2,2
22650,103,112,-9,9
22651,140,122,18,18
22652,95,98,-3,3
22653,68,78,-10,10
22654,52,64,-12,12
22655,77,79,-2,2
22656,121,113,8,8
22657,107,108,-1,1
22658,98,97,1,1
22659,100,96,4,4
22660,81,85,-4,4
22661,46,55,-9,9
22662,162,155,7,7
22663,136,126,10,10
22664,85,92,-7,7
22665,83,80,3,3
22666,135,121,14,14
22667,39,52,-13,13
22668,61,69,-8,8
22669,73,69,4,4
22670,87,81,6,6
22671,76,84,-8,8
22672,84,102,-18,18
22673,94,87,7,7
22674,163,160,3,3
22675,80,92,-12,12
22676,86,104,-18,18
22677,152,136,16,16
22678,100,109,-9,9
22679,75,77,-2,2
22680,92,91,1,1
22681,84,85,-1,1
22682,144,132,12,12
22683,69,74,-5,5
22684,109,114,-5,5
22685,109,97,12,12
22686,88,79,9,9
22687,67,76,-9,9
22688,115,108,7,7
22689,125,129,-4,4
22690,95,100,-5,5
22691,87,88,-1,1
22692,98,97,1,1
22693,83,97,-14,14
22694,101,101,0,0
22695,51,58,-7,7
22696,108,105,3,3
22697,136,133,3,3
22698,208,202,6,6
22699,121,118,3,3
22700,84,82,2,2
22701,86,84,2,2
22702,148,147,1,1
22703,110,117,-7,7
22704,117,114,3,3
22705,96,98,-2,2
22706,69,74,-5,5
22707,137,129,8,8
22708,66,69,-3,3
22709,89,80,9,9
22710,44,59,-15,15
22711,136,125,11,11
22712,128,113,15,15
22713,73,80,-7,7
22714,155,152,3,3
22715,89,81,8,8
22716,87,78,9,9
22717,147,134,13,13
22718,64,70,-6,6
22719,37,50,-13,13
22720,122,117,5,5
22721,44,57,-13,13
22722,126,121,5,5
22723,60,75,-15,15
22724,148,140,8,8
22725,134,127,7,7
22726,87,83,4,4
22727,135,136,-1,1
22728,90,91,-1,1
22729,60,67,-7,7
22730,86,80,6,6
22731,150,146,4,4
22732,59,80,-21,21
22733,111,102,9,9
22734,54,62,-8,8
22735,158,136,22,22
22736,135,116,19,19
22737,32,46,-14,14
22738,63,70,-7,7
22739,117,100,17,17
22740,83,91,-8,8
22741,54,66,-12,12
22742,151,142,9,9
22743,64,73,-9,9
22744,44,58,-14,14
22745,138,130,8,8
22746,48,67,-19,19
22747,123,114,9,9
22748,97,101,-4,4
22749,59,68,-9,9
22750,96,100,-4,4
22751,19,30,-11,11
22752,112,112,0,0
22753,131,139,-8,8
22754,153,150,3,3
22755,100,101,-1,1
22756,183,170,13,13
22757,121,114,7,7
22758,129,122,7,7
22759,93,104,-11,11
22760,89,95,-6,6
22761,92,93,-1,1
22762,81,103,-22,22
22763,133,124,9,9
22764,77,87,-10,10
22765,63,71,-8,8
22766,66,69,-3,3
22767,74,89,-15,15
22768,150,147,3,3
22769,76,92,-16,16
22770,68,71,-3,3
22771,73,78,-5,5
22772,93,93,0,0
22773,90,85,5,5
22774,81,97,-16,16
22775,59,61,-2,2
22776,160,138,22,22
22777,47,56,-9,9
22778,109,129,-20,20
22779,133,124,9,9
22780,114,118,-4,4
22781,89,84,5,5
22782,86,84,2,2
22783,95,90,5,5
22784,149,150,-1,1
22785,86,85,1,1
22786,112,109,3,3
22787,61,105,-44,44
22788,32,50,-18,18
22789,141,134,7,7
22790,106,102,4,4
22791,62,75,-13,13
22792,98,99,-1,1
22793,169,136,33,33
22794,75,92,-17,17
22795,113,108,5,5
22796,69,77,-8,8
22797,54,67,-13,13
22798,72,83,-11,11
22799,140,143,-3,3
22800,86,94,-8,8
22801,106,104,2,2
22802,81,84,-3,3
22803,109,101,8,8
22804,120,105,15,15
22805,103,95,8,8
22806,201,168,33,33
22807,115,131,-16,16
22808,94,88,6,6
22809,110,122,-12,12
22810,90,93,-3,3
22811,117,108,9,9
22812,80,79,1,1
22813,136,127,9,9
22814,95,99,-4,4
22815,121,107,14,14
22816,38,54,-16,16
22817,100,93,7,7
22818,83,91,-8,8
22819,102,101,1,1
22820,100,98,2,2
22821,67,76,-9,9
22822,88,119,-31,31
22823,68,72,-4,4
22824,145,140,5,5
22825,86,86,0,0
22826,107,100,7,7
22827,85,98,-13,13
22828,102,105,-3,3
22829,132,128,4,4
22830,61,69,-8,8
22831,70,71,-1,1
22832,91,94,-3,3
22833,139,135,4,4
22834,51,60,-9,9
22835,39,47,-8,8
22836,100,89,11,11
22837,93,96,-3,3
22838,89,98,-9,9
22839,92,101,-9,9
22840,35,50,-15,15
22841,93,90,3,3
22842,64,71,-7,7
22843,62,65,-3,3
22844,102,89,13,13
22845,101,100,1,1
22846,93,94,-1,1
22847,63,70,-7,7
22848,88,90,-2,2
22849,80,86,-6,6
22850,134,99,35,35
22851,77,81,-4,4
22852,73,80,-7,7
22853,57,68,-11,11
22854,118,91,27,27
22855,134,133,1,1
22856,127,122,5,5
22857,88,89,-1,1
22858,91,91,0,0
22859,110,108,2,2
22860,46,57,-11,11
22861,105,104,1,1
22862,103,109,-6,6
22863,108,99,9,9
22864,93,100,-7,7
22865,75,84,-9,9
22866,131,127,4,4
22867,130,127,3,3
22868,89,91,-2,2
22869,49,103,-54,54
22870,120,121,-1,1
22871,151,154,-3,3
22872,92,93,-1,1
22873,77,88,-11,11
22874,126,129,-3,3
22875,100,102,-2,2
22876,54,66,-12,12
22877,110,102,8,8
22878,133,128,5,5
22879,119,121,-2,2
22880,126,117,9,9
22881,42,53,-11,11
22882,63,71,-8,8
22883,170,164,6,6
22884,68,84,-16,16
22885,114,109,5,5
22886,115,99,16,16
22887,64,76,-12,12
22888,90,93,-3,3
22889,126,113,13,13
22890,72,90,-18,18
22891,116,134,-18,18
22892,151,151,0,0
22893,98,87,11,11
22894,135,124,11,11
22895,132,119,13,13
22896,166,146,20,20
22897,109,104,5,5
22898,73,74,-1,1
22899,43,56,-13,13
22900,60,69,-9,9
22901,95,100,-5,5
22902,185,162,23,23
22903,116,115,1,1
22904,120,119,1,1
22905,117,110,7,7
22906,80,90,-10,10
22907,54,67,-13,13
22908,94,96,-2,2
22909,104,107,-3,3
22910,167,167,0,0
22911,183,169,14,14
22912,125,125,0,0
22913,67,74,-7,7
22914,127,113,14,14
22915,108,106,2,2
22916,110,107,3,3
22917,72,76,-4,4
22918,76,81,-5,5
22919,60,66,-6,6
22920,127,113,14,14
22921,60,65,-5,5
22922,117,111,6,6
22923,62,70,-8,8
22924,98,93,5,5
22925,64,72,-8,8
22926,90,88,2,2
22927,155,147,8,8
22928,69,74,-5,5
22929,91,88,3,3
22930,91,86,5,5
22931,97,93,4,4
22932,116,107,9,9
22933,100,101,-1,1
22934,81,85,-4,4
22935,77,82,-5,5
22936,46,54,-8,8
22937,86,99,-13,13
22938,98,93,5,5
22939,128,102,26,26
22940,53,63,-10,10
22941,86,88,-2,2
22942,106,109,-3,3
22943,118,112,6,6
22944,132,131,1,1
22945,179,172,7,7
22946,72,75,-3,3
22947,57,64,-7,7
22948,159,149,10,10
22949,56,70,-14,14
22950,90,99,-9,9
22951,84,89,-5,5
22952,120,122,-2,2
22953,99,92,7,7
22954,121,110,11,11
22955,96,99,-3,3
22956,46,64,-18,18
22957,84,95,-11,11
22958,79,83,-4,4
22959,165,151,14,14
22960,72,81,-9,9
22961,75,81,-6,6
22962,116,118,-2,2
22963,117,120,-3,3
22964,95,90,5,5
22965,138,138,0,0
22966,64,73,-9,9
22967,70,78,-8,8
22968,51,60,-9,9
22969,74,89,-15,15
22970,105,105,0,0
22971,137,132,5,5
22972,93,93,0,0
22973,72,82,-10,10
22974,83,83,0,0
22975,113,105,8,8
22976,97,96,1,1
22977,76,82,-6,6
22978,65,70,-5,5
22979,159,144,15,15
22980,72,77,-5,5
22981,127,118,9,9
22982,94,94,0,0
22983,83,86,-3,3
22984,84,92,-8,8
22985,60,71,-11,11
22986,100,104,-4,4
22987,108,108,0,0
22988,118,114,4,4
22989,76,81,-5,5
22990,87,84,3,3
22991,50,61,-11,11
22992,38,53,-15,15
22993,146,126,20,20
22994,114,110,4,4
22995,52,62,-10,10
22996,84,91,-7,7
22997,122,123,-1,1
22998,102,98,4,4
22999,181,162,19,19
23000,98,93,5,5
23001,39,56,-17,17
23002,84,77,7,7
23003,145,114,31,31
23004,124,125,-1,1
23005,110,118,-8,8
23006,57,67,-10,10
23007,88,88,0,0
23008,64,72,-8,8
23009,195,174,21,21
23010,131,133,-2,2
23011,124,120,4,4
23012,79,99,-20,20
23013,66,72,-6,6
23014,100,106,-6,6
23015,82,82,0,0
23016,81,90,-9,9
23017,85,85,0,0
23018,192,180,12,12
23019,112,111,1,1
23020,166,151,15,15
23021,101,100,1,1
23022,82,79,3,3
23023,89,83,6,6
23024,94,89,5,5
23025,79,91,-12,12
23026,108,114,-6,6
23027,117,109,8,8
23028,123,114,9,9
23029,81,83,-2,2
23030,87,84,3,3
23031,66,74,-8,8
23032,35,51,-16,16
23033,102,95,7,7
23034,145,129,16,16
23035,62,68,-6,6
23036,121,112,9,9
23037,69,76,-7,7
23038,142,129,13,13
23039,74,73,1,1
23040,92,89,3,3
23041,63,67,-4,4
23042,71,80,-9,9
23043,148,129,19,19
23044,72,85,-13,13
23045,75,81,-6,6
23046,118,119,-1,1
23047,103,107,-4,4
23048,136,119,17,17
23049,126,127,-1,1
23050,93,100,-7,7
23051,101,102,-1,1
23052,133,121,12,12
23053,83,93,-10,10
23054,91,95,-4,4
23055,52,60,-8,8
23056,100,99,1,1
23057,88,88,0,0
23058,80,90,-10,10
23059,83,96,-13,13
23060,90,89,1,1
23061,69,99,-30,30
23062,85,83,2,2
23063,107,99,8,8
23064,103,97,6,6
23065,60,69,-9,9
23066,152,147,5,5
23067,40,53,-13,13
23068,87,88,-1,1
23069,78,81,-3,3
23070,145,142,3,3
23071,47,58,-11,11
23072,139,122,17,17
23073,94,94,0,0
23074,138,149,-11,11
23075,115,102,13,13
23076,94,97,-3,3
23077,106,104,2,2
23078,85,84,1,1
23079,82,82,0,0
23080,61,68,-7,7
23081,160,149,11,11
23082,157,157,0,0
23083,87,93,-6,6
23084,135,122,13,13
23085,120,116,4,4
23086,104,100,4,4
23087,165,140,25,25
23088,88,90,-2,2
23089,67,78,-11,11
23090,87,85,2,2
23091,66,77,-11,11
23092,74,77,-3,3
23093,76,82,-6,6
23094,62,72,-10,10
23095,79,85,-6,6
23096,91,93,-2,2
23097,70,72,-2,2
23098,148,132,16,16
23099,135,121,14,14
23100,74,85,-11,11
23101,78,81,-3,3
23102,93,95,-2,2
23103,124,121,3,3
23104,129,130,-1,1
23105,98,95,3,3
23106,72,75,-3,3
23107,53,67,-14,14
23108,138,131,7,7
23109,184,155,29,29
23110,85,90,-5,5
23111,82,81,1,1
23112,105,112,-7,7
23113,99,96,3,3
23114,65,75,-10,10
23115,73,75,-2,2
23116,66,70,-4,4
23117,102,103,-1,1
23118,85,83,2,2
23119,188,180,8,8
23120,81,207,-126,126
23121,124,119,5,5
23122,59,70,-11,11
23123,108,104,4,4
23124,92,98,-6,6
23125,100,98,2,2
23126,105,104,1,1
23127,93,96,-3,3
23128,155,145,10,10
23129,71,75,-4,4
23130,65,66,-1,1
23131,94,93,1,1
23132,122,124,-2,2
23133,70,76,-6,6
23134,65,73,-8,8
23135,160,147,13,13
23136,115,117,-2,2
23137,134,131,3,3
23138,101,102,-1,1
23139,105,101,4,4
23140,93,98,-5,5
23141,94,89,5,5
23142,82,82,0,0
23143,90,90,0,0
23144,78,75,3,3
23145,145,136,9,9
23146,120,117,3,3
23147,94,96,-2,2
23148,95,88,7,7
23149,115,128,-13,13
23150,49,58,-9,9
23151,134,131,3,3
23152,88,90,-2,2
23153,82,89,-7,7
23154,67,73,-6,6
23155,71,72,-1,1
23156,56,75,-19,19
23157,88,86,2,2
23158,34,50,-16,16
23159,62,81,-19,19
23160,82,90,-8,8
23161,111,115,-4,4
23162,48,59,-11,11
23163,102,105,-3,3
23164,143,132,11,11
23165,47,59,-12,12
23166,76,78,-2,2
23167,119,117,2,2
23168,64,69,-5,5
23169,72,74,-2,2
23170,141,131,10,10
23171,64,66,-2,2
23172,127,115,12,12
23173,72,78,-6,6
23174,111,106,5,5
23175,104,90,14,14
23176,77,86,-9,9
23177,133,138,-5,5
23178,113,107,6,6
23179,110,109,1,1
23180,89,89,0,0
23181,125,121,4,4
23182,127,113,14,14
23183,68,70,-2,2
23184,99,106,-7,7
23185,86,96,-10,10
23186,111,108,3,3
23187,118,107,11,11
23188,74,81,-7,7
23189,132,121,11,11
23190,99,95,4,4
23191,139,135,4,4
23192,107,107,0,0
23193,70,82,-12,12
23194,77,76,1,1
23195,101,105,-4,4
23196,103,103,0,0
23197,86,93,-7,7
23198,104,95,9,9
23199,100,106,-6,6
23200,150,137,13,13
23201,69,74,-5,5
23202,129,122,7,7
23203,162,155,7,7
23204,111,120,-9,9
23205,133,125,8,8
23206,87,88,-1,1
23207,74,85,-11,11
23208,95,102,-7,7
23209,110,120,-10,10
23210,124,121,3,3
23211,155,141,14,14
23212,74,71,3,3
23213,80,82,-2,2
23214,90,89,1,1
23215,100,100,0,0
23216,112,101,11,11
23217,81,76,5,5
23218,73,83,-10,10
23219,122,119,3,3
23220,130,121,9,9
23221,129,120,9,9
23222,123,115,8,8
23223,84,91,-7,7
23224,63,73,-10,10
23225,144,129,15,15
23226,91,152,-61,61
23227,66,80,-14,14
23228,95,94,1,1
23229,129,123,6,6
23230,75,80,-5,5
23231,152,176,-24,24
23232,119,101,18,18
23233,107,107,0,0
23234,184,166,18,18
23235,84,92,-8,8
23236,123,118,5,5
23237,167,141,26,26
23238,59,63,-4,4
23239,68,79,-11,11
23240,119,107,12,12
23241,77,76,1,1
23242,70,84,-14,14
23243,79,79,0,0
23244,114,118,-4,4
23245,75,81,-6,6
23246,64,65,-1,1
23247,127,118,9,9
23248,52,65,-13,13
23249,67,68,-1,1
23250,73,82,-9,9
23251,85,83,2,2
23252,63,74,-11,11
23253,88,83,5,5
23254,89,103,-14,14
23255,133,114,19,19
23256,82,86,-4,4
23257,115,105,10,10
23258,97,102,-5,5
23259,81,95,-14,14
23260,102,96,6,6
23261,68,68,0,0
23262,64,69,-5,5
23263,70,76,-6,6
23264,73,81,-8,8
23265,59,73,-14,14
23266,136,130,6,6
23267,103,106,-3,3
23268,137,119,18,18
23269,73,79,-6,6
23270,83,86,-3,3
23271,95,89,6,6
23272,138,122,16,16
23273,86,83,3,3
23274,66,90,-24,24
23275,134,161,-27,27
23276,116,110,6,6
23277,70,76,-6,6
23278,118,114,4,4
23279,131,122,9,9
23280,40,70,-30,30
23281,82,85,-3,3
23282,78,79,-1,1
23283,97,91,6,6
23284,89,97,-8,8
23285,133,123,10,10
23286,76,78,-2,2
23287,152,133,19,19
23288,92,90,2,2
23289,62,72,-10,10
23290,179,148,31,31
23291,127,115,12,12
23292,115,109,6,6
23293,54,73,-19,19
23294,136,119,17,17
23295,76,88,-12,12
23296,62,75,-13,13
23297,78,83,-5,5
23298,182,158,24,24
23299,67,72,-5,5
23300,110,98,12,12
23301,92,87,5,5
23302,150,132,18,18
23303,122,126,-4,4
23304,62,76,-14,14
23305,109,101,8,8
23306,123,115,8,8
23307,107,109,-2,2
23308,50,66,-16,16
23309,62,72,-10,10
23310,115,113,2,2
23311,41,58,-17,17
23312,106,103,3,3
23313,58,66,-8,8
23314,67,72,-5,5
23315,64,68,-4,4
23316,71,93,-22,22
23317,83,93,-10,10
23318,157,167,-10,10
23319,90,95,-5,5
23320,100,109,-9,9
23321,92,97,-5,5
23322,87,102,-15,15
23323,76,93,-17,17
23324,101,107,-6,6
23325,56,60,-4,4
23326,65,74,-9,9
23327,70,78,-8,8
23328,57,67,-10,10
23329,112,138,-26,26
23330,50,74,-24,24
23331,47,65,-18,18
23332,140,151,-11,11
23333,51,60,-9,9
23334,61,77,-16,16
23335,78,82,-4,4
23336,70,72,-2,2
23337,98,93,5,5
23338,152,137,15,15
23339,99,102,-3,3
23340,93,100,-7,7
23341,90,91,-1,1
23342,51,63,-12,12
23343,94,91,3,3
23344,82,90,-8,8
23345,137,136,1,1
23346,85,92,-7,7
23347,131,135,-4,4
23348,110,102,8,8
23349,70,73,-3,3
23350,99,105,-6,6
23351,146,130,16,16
23352,37,52,-15,15
23353,94,92,2,2
23354,124,119,5,5
23355,91,105,-14,14
23356,85,91,-6,6
23357,58,70,-12,12
23358,78,89,-11,11
23359,62,73,-11,11
23360,51,63,-12,12
23361,85,94,-9,9
23362,64,73,-9,9
23363,108,116,-8,8
23364,89,93,-4,4
23365,120,119,1,1
23366,131,118,13,13
23367,50,63,-13,13
23368,109,106,3,3
23369,82,83,-1,1
23370,115,106,9,9
23371,121,119,2,2
23372,193,174,19,19
23373,66,74,-8,8
23374,125,117,8,8
23375,64,74,-10,10
23376,105,98,7,7
23377,47,62,-15,15
23378,57,78,-21,21
23379,105,99,6,6
23380,124,122,2,2
23381,90,101,-11,11
23382,126,113,13,13
23383,89,99,-10,10
23384,122,114,8,8
23385,116,112,4,4
23386,80,78,2,2
23387,92,91,1,1
23388,62,89,-27,27
23389,144,139,5,5
23390,45,62,-17,17
23391,139,135,4,4
23392,117,113,4,4
23393,99,101,-2,2
23394,98,97,1,1
23395,87,94,-7,7
23396,171,142,29,29
23397,127,107,20,20
23398,114,107,7,7
23399,100,104,-4,4
23400,71,85,-14,14
23401,143,126,17,17
23402,84,87,-3,3
23403,89,87,2,2
23404,85,87,-2,2
23405,69,74,-5,5
23406,145,149,-4,4
23407,115,116,-1,1
23408,116,117,-1,1
23409,114,117,-3,3
23410,58,62,-4,4
23411,79,80,-1,1
23412,73,78,-5,5
23413,114,119,-5,5
23414,140,140,0,0
23415,92,100,-8,8
23416,111,113,-2,2
23417,131,134,-3,3
23418,76,82,-6,6
23419,94,97,-3,3
23420,91,100,-9,9
23421,76,78,-2,2
23422,115,107,8,8
23423,65,70,-5,5
23424,113,119,-6,6
23425,85,94,-9,9
23426,214,216,-2,2
23427,211,187,24,24
23428,41,56,-15,15
23429,78,80,-2,2
23430,161,150,11,11
23431,79,80,-1,1
23432,51,66,-15,15
23433,103,109,-6,6
23434,73,81,-8,8
23435,55,70,-15,15
23436,136,119,17,17
23437,131,129,2,2
23438,77,83,-6,6
23439,80,81,-1,1
23440,110,108,2,2
23441,54,64,-10,10
23442,111,114,-3,3
23443,84,89,-5,5
23444,70,73,-3,3
23445,70,73,-3,3
23446,106,100,6,6
23447,97,99,-2,2
23448,100,96,4,4
23449,135,127,8,8
23450,86,89,-3,3
23451,42,51,-9,9
23452,132,134,-2,2
23453,73,79,-6,6
23454,125,121,4,4
23455,83,88,-5,5
23456,125,122,3,3
23457,120,117,3,3
23458,110,104,6,6
23459,197,170,27,27
23460,111,105,6,6
23461,86,96,-10,10
23462,76,77,-1,1
23463,150,137,13,13
23464,115,117,-2,2
23465,89,98,-9,9
23466,176,158,18,18
23467,64,77,-13,13
23468,120,113,7,7
23469,121,114,7,7
23470,64,81,-17,17
23471,49,73,-24,24
23472,70,72,-2,2
23473,112,106,6,6
23474,89,95,-6,6
23475,107,104,3,3
23476,155,148,7,7
23477,73,82,-9,9
23478,129,132,-3,3
23479,161,145,16,16
23480,89,91,-2,2
23481,113,110,3,3
23482,99,94,5,5
23483,127,126,1,1
23484,115,116,-1,1
23485,78,82,-4,4
23486,155,159,-4,4
23487,54,61,-7,7
23488,89,91,-2,2
23489,115,109,6,6
23490,82,84,-2,2
23491,165,152,13,13
23492,90,90,0,0
23493,87,92,-5,5
23494,115,107,8,8
23495,70,77,-7,7
23496,85,82,3,3
23497,101,99,2,2
23498,118,127,-9,9
23499,135,116,19,19
23500,74,81,-7,7
23501,108,118,-10,10
23502,134,127,7,7
23503,109,105,4,4
23504,77,81,-4,4
23505,71,72,-1,1
23506,78,77,1,1
23507,125,108,17,17
23508,90,92,-2,2
23509,47,56,-9,9
23510,89,91,-2,2
23511,102,97,5,5
23512,94,95,-1,1
23513,137,133,4,4
23514,110,102,8,8
23515,100,100,0,0
23516,125,114,11,11
23517,57,93,-36,36
23518,120,118,2,2
23519,149,136,13,13
23520,69,81,-12,12
23521,91,99,-8,8
23522,69,75,-6,6
23523,143,130,13,13
23524,112,105,7,7
23525,108,98,10,10
23526,83,95,-12,12
23527,102,106,-4,4
23528,55,63,-8,8
23529,101,98,3,3
23530,39,52,-13,13
23531,173,166,7,7
23532,98,95,3,3
23533,136,127,9,9
23534,62,71,-9,9
23535,188,152,36,36
23536,98,100,-2,2
23537,132,122,10,10
23538,89,100,-11,11
23539,106,107,-1,1
23540,101,107,-6,6
23541,150,131,19,19
23542,194,169,25,25
23543,108,110,-2,2
23544,78,91,-13,13
23545,70,75,-5,5
23546,93,101,-8,8
23547,65,78,-13,13
23548,113,103,10,10
23549,129,121,8,8
23550,94,98,-4,4
23551,108,103,5,5
23552,90,95,-5,5
23553,68,76,-8,8
23554,98,102,-4,4
23555,96,115,-19,19
23556,85,97,-12,12
23557,137,140,-3,3
23558,112,111,1,1
23559,168,151,17,17
23560,87,95,-8,8
23561,134,122,12,12
23562,75,87,-12,12
23563,135,124,11,11
23564,81,84,-3,3
23565,96,105,-9,9
23566,91,98,-7,7
23567,104,96,8,8
23568,105,100,5,5
23569,56,63,-7,7
23570,111,105,6,6
23571,56,74,-18,18
23572,62,70,-8,8
23573,103,103,0,0
23574,144,142,2,2
23575,101,99,2,2
23576,79,81,-2,2
23577,102,96,6,6
23578,121,119,2,2
23579,140,134,6,6
23580,135,130,5,5
23581,80,81,-1,1
23582,51,66,-15,15
23583,152,135,17,17
23584,94,97,-3,3
23585,52,56,-4,4
23586,78,85,-7,7
23587,82,87,-5,5
23588,75,76,-1,1
23589,117,115,2,2
23590,136,128,8,8
23591,92,93,-1,1
23592,55,59,-4,4
23593,126,117,9,9
23594,55,67,-12,12
23595,43,55,-12,12
23596,83,93,-10,10
23597,116,123,-7,7
23598,113,114,-1,1
23599,60,70,-10,10
23600,100,104,-4,4
23601,100,106,-6,6
23602,113,108,5,5
23603,123,138,-15,15
23604,69,77,-8,8
23605,113,127,-14,14
23606,71,81,-10,10
23607,132,122,10,10
23608,151,141,10,10
23609,57,65,-8,8
23610,105,103,2,2
23611,188,168,20,20
23612,79,79,0,0
23613,151,143,8,8
23614,137,136,1,1
23615,42,49,-7,7
23616,144,137,7,7
23617,41,56,-15,15
23618,82,85,-3,3
23619,91,90,1,1
23620,65,75,-10,10
23621,65,72,-7,7
23622,103,105,-2,2
23623,116,111,5,5
23624,149,144,5,5
23625,202,175,27,27
23626,61,69,-8,8
23627,78,84,-6,6
23628,154,136,18,18
23629,87,92,-5,5
23630,93,91,2,2
23631,134,127,7,7
23632,116,119,-3,3
23633,124,127,-3,3
23634,148,139,9,9
23635,140,137,3,3
23636,69,71,-2,2
23637,107,107,0,0
23638,99,97,2,2
23639,137,125,12,12
23640,165,138,27,27
23641,102,96,6,6
23642,116,109,7,7
23643,95,82,13,13
23644,86,104,-18,18
23645,88,99,-11,11
23646,108,106,2,2
23647,153,149,4,4
23648,69,74,-5,5
23649,76,79,-3,3
23650,103,100,3,3
23651,79,92,-13,13
23652,129,116,13,13
23653,87,91,-4,4
23654,67,75,-8,8
23655,81,84,-3,3
23656,118,114,4,4
23657,69,72,-3,3
23658,63,75,-12,12
23659,77,81,-4,4
23660,113,109,4,4
23661,143,136,7,7
23662,57,67,-10,10
23663,86,91,-5,5
23664,36,61,-25,25
23665,128,107,21,21
23666,111,107,4,4
23667,68,77,-9,9
23668,60,74,-14,14
23669,90,92,-2,2
23670,99,98,1,1
23671,80,81,-1,1
23672,79,92,-13,13
23673,84,90,-6,6
23674,77,75,2,2
23675,132,126,6,6
23676,94,76,18,18
23677,95,99,-4,4
23678,67,74,-7,7
23679,134,121,13,13
23680,148,141,7,7
23681,92,94,-2,2
23682,85,80,5,5
23683,69,83,-14,14
23684,107,115,-8,8
23685,113,127,-14,14
23686,49,61,-12,12
23687,31,47,-16,16
23688,72,82,-10,10
23689,135,131,4,4
23690,126,114,12,12
23691,67,75,-8,8
23692,70,84,-14,14
23693,64,71,-7,7
23694,70,94,-24,24
23695,88,85,3,3
23696,66,77,-11,11
23697,80,94,-14,14
23698,82,97,-15,15
23699,85,92,-7,7
23700,128,123,5,5
23701,116,113,3,3
23702,74,73,1,1
23703,107,103,4,4
23704,74,79,-5,5
23705,133,117,16,16
23706,91,90,1,1
23707,100,101,-1,1
23708,90,85,5,5
23709,41,56,-15,15
23710,117,113,4,4
23711,91,95,-4,4
23712,108,119,-11,11
23713,61,69,-8,8
23714,201,181,20,20
23715,112,107,5,5
23716,62,68,-6,6
23717,70,76,-6,6
23718,79,82,-3,3
23719,85,83,2,2
23720,138,125,13,13
23721,132,125,7,7
23722,46,63,-17,17
23723,172,163,9,9
23724,120,109,11,11
23725,120,112,8,8
23726,96,102,-6,6
23727,108,101,7,7
23728,125,127,-2,2
23729,72,83,-11,11
23730,110,100,10,10
23731,51,68,-17,17
23732,127,122,5,5
23733,109,108,1,1
23734,70,74,-4,4
23735,91,94,-3,3
23736,53,71,-18,18
23737,195,180,15,15
23738,63,75,-12,12
23739,97,101,-4,4
23740,109,102,7,7
23741,116,116,0,0
23742,52,68,-16,16
23743,66,82,-16,16
23744,70,73,-3,3
23745,143,137,6,6
23746,61,100,-39,39
23747,105,97,8,8
23748,58,65,-7,7
23749,141,136,5,5
23750,64,69,-5,5
23751,126,121,5,5
23752,154,145,9,9
23753,103,95,8,8
23754,54,64,-10,10
23755,100,102,-2,2
23756,99,101,-2,2
23757,84,91,-7,7
23758,67,76,-9,9
23759,51,70,-19,19
23760,118,121,-3,3
23761,139,122,17,17
23762,83,87,-4,4
23763,127,123,4,4
23764,98,94,4,4
23765,86,86,0,0
23766,53,65,-12,12
23767,111,118,-7,7
23768,82,87,-5,5
23769,101,95,6,6
23770,79,84,-5,5
23771,82,92,-10,10
23772,101,93,8,8
23773,172,152,20,20
23774,49,66,-17,17
23775,144,130,14,14
23776,79,82,-3,3
23777,71,80,-9,9
23778,109,109,0,0
23779,97,94,3,3
23780,134,123,11,11
23781,139,153,-14,14
23782,103,101,2,2
23783,104,99,5,5
23784,45,62,-17,17
23785,124,129,-5,5
23786,77,86,-9,9
23787,92,97,-5,5
23788,54,64,-10,10
23789,96,98,-2,2
23790,77,77,0,0
23791,99,93,6,6
23792,46,57,-11,11
23793,128,127,1,1
23794,114,119,-5,5
23795,183,163,20,20
23796,74,82,-8,8
23797,152,135,17,17
23798,95,93,2,2
23799,84,78,6,6
23800,103,102,1,1
23801,118,110,8,8
23802,82,98,-16,16
23803,161,160,1,1
23804,93,89,4,4
23805,91,87,4,4
23806,106,100,6,6
23807,91,89,2,2
23808,52,65,-13,13
23809,89,91,-2,2
23810,80,87,-7,7
23811,112,118,-6,6
23812,69,71,-2,2
23813,68,72,-4,4
23814,219,201,18,18
23815,89,96,-7,7
23816,127,120,7,7
23817,84,97,-13,13
23818,85,85,0,0
23819,28,38,-10,10
23820,141,130,11,11
23821,92,96,-4,4
23822,130,121,9,9
23823,59,72,-13,13
23824,143,129,14,14
23825,145,130,15,15
23826,73,80,-7,7
23827,177,166,11,11
23828,169,147,22,22
23829,54,62,-8,8
23830,128,113,15,15
23831,52,65,-13,13
23832,129,128,1,1
23833,99,99,0,0
23834,119,104,15,15
23835,75,84,-9,9
23836,119,110,9,9
23837,103,98,5,5
23838,130,124,6,6
23839,119,110,9,9
23840,100,95,5,5
23841,159,158,1,1
23842,75,75,0,0
23843,86,92,-6,6
23844,123,121,2,2
23845,74,83,-9,9
23846,50,67,-17,17
23847,57,60,-3,3
23848,50,62,-12,12
23849,71,81,-10,10
23850,96,91,5,5
23851,76,76,0,0
23852,130,120,10,10
23853,62,78,-16,16
23854,92,95,-3,3
23855,98,105,-7,7
23856,67,67,0,0
23857,231,210,21,21
23858,68,66,2,2
23859,59,65,-6,6
23860,82,77,5,5
23861,67,78,-11,11
23862,88,84,4,4
23863,138,118,20,20
23864,81,76,5,5
23865,117,114,3,3
23866,67,77,-10,10
23867,57,69,-12,12
23868,53,63,-10,10
23869,87,92,-5,5
23870,123,124,-1,1
23871,128,123,5,5
23872,80,88,-8,8
23873,95,94,1,1
23874,105,107,-2,2
23875,92,96,-4,4
23876,97,94,3,3
23877,96,101,-5,5
23878,114,103,11,11
23879,57,68,-11,11
23880,174,153,21,21
23881,98,96,2,2
23882,96,92,4,4
23883,34,61,-27,27
23884,53,64,-11,11
23885,70,76,-6,6
23886,100,105,-5,5
23887,112,115,-3,3
23888,86,93,-7,7
23889,106,100,6,6
23890,75,83,-8,8
23891,97,110,-13,13
23892,93,99,-6,6
23893,105,89,16,16
23894,108,106,2,2
23895,137,136,1,1
23896,99,104,-5,5
23897,71,77,-6,6
23898,157,157,0,0
23899,111,107,4,4
23900,102,95,7,7
23901,144,132,12,12
23902,86,87,-1,1
23903,63,81,-18,18
23904,97,91,6,6
23905,30,49,-19,19
23906,77,81,-4,4
23907,111,104,7,7
23908,77,78,-1,1
23909,41,52,-11,11
23910,82,89,-7,7
23911,144,130,14,14
23912,117,114,3,3
23913,94,90,4,4
23914,58,65,-7,7
23915,101,99,2,2
23916,105,97,8,8
23917,99,107,-8,8
23918,88,86,2,2
23919,69,81,-12,12
23920,67,69,-2,2
23921,51,69,-18,18
23922,120,116,4,4
23923,60,70,-10,10
23924,90,91,-1,1
23925,81,82,-1,1
23926,163,168,-5,5
23927,142,128,14,14
23928,65,73,-8,8
23929,156,147,9,9
23930,52,58,-6,6
23931,74,74,0,0
23932,115,113,2,2
23933,126,131,-5,5
23934,48,57,-9,9
23935,129,128,1,1
23936,160,143,17,17
23937,110,118,-8,8
23938,121,123,-2,2
23939,97,94,3,3
23940,110,131,-21,21
23941,135,127,8,8
23942,153,147,6,6
23943,103,124,-21,21
23944,103,100,3,3
23945,119,110,9,9
23946,76,89,-13,13
23947,195,190,5,5
23948,57,67,-10,10
23949,59,76,-17,17
23950,146,140,6,6
23951,91,84,7,7
23952,101,98,3,3
23953,240,201,39,39
23954,88,94,-6,6
23955,83,79,4,4
23956,77,83,-6,6
23957,82,88,-6,6
23958,82,95,-13,13
23959,119,109,10,10
23960,106,100,6,6
23961,101,108,-7,7
23962,78,84,-6,6
23963,82,82,0,0
23964,82,86,-4,4
23965,126,112,14,14
23966,87,97,-10,10
23967,96,97,-1,1
23968,68,75,-7,7
23969,100,94,6,6
23970,71,81,-10,10
23971,91,102,-11,11
23972,118,116,2,2
23973,93,96,-3,3
23974,87,92,-5,5
23975,75,85,-10,10
23976,64,70,-6,6
23977,94,94,0,0
23978,45,61,-16,16
23979,97,91,6,6
23980,115,108,7,7
23981,84,84,0,0
23982,139,126,13,13
23983,155,156,-1,1
23984,65,73,-8,8
23985,72,81,-9,9
23986,65,77,-12,12
23987,45,53,-8,8
23988,92,98,-6,6
23989,148,137,11,11
23990,163,139,24,24
23991,80,79,1,1
23992,131,118,13,13
23993,74,84,-10,10
23994,62,71,-9,9
23995,65,69,-4,4
23996,110,99,11,11
23997,119,93,26,26
23998,110,106,4,4
23999,89,96,-7,7
24000,104,115,-11,11
24001,110,118,-8,8
24002,83,80,3,3
24003,134,127,7,7
24004,110,116,-6,6
24005,74,87,-13,13
24006,152,144,8,8
24007,103,104,-1,1
24008,47,61,-14,14
24009,104,100,4,4
24010,59,70,-11,11
24011,76,73,3,3
24012,82,90,-8,8
24013,100,101,-1,1
24014,127,122,5,5
24015,70,72,-2,2
24016,71,81,-10,10
24017,83,98,-15,15
24018,80,85,-5,5
24019,102,104,-2,2
24020,70,84,-14,14
24021,89,89,0,0
24022,75,80,-5,5
24023,104,101,3,3
24024,84,77,7,7
24025,56,66,-10,10
24026,55,71,-16,16
24027,141,149,-8,8
24028,82,87,-5,5
24029,182,161,21,21
24030,154,150,4,4
24031,86,91,-5,5
24032,78,83,-5,5
24033,91,94,-3,3
24034,115,117,-2,2
24035,112,119,-7,7
24036,98,115,-17,17
24037,83,82,1,1
24038,58,69,-11,11
24039,72,77,-5,5
24040,46,61,-15,15
24041,54,64,-10,10
24042,99,99,0,0
24043,100,124,-24,24
24044,114,116,-2,2
24045,56,61,-5,5
24046,49,64,-15,15
24047,63,68,-5,5
24048,63,69,-6,6
24049,72,78,-6,6
24050,97,98,-1,1
24051,59,70,-11,11
24052,123,125,-2,2
24053,109,114,-5,5
24054,108,104,4,4
24055,95,102,-7,7
24056,94,92,2,2
24057,59,71,-12,12
24058,80,89,-9,9
24059,140,134,6,6
24060,102,104,-2,2
24061,65,77,-12,12
24062,117,110,7,7
24063,63,66,-3,3
24064,77,89,-12,12
24065,137,99,38,38
24066,114,114,0,0
24067,78,75,3,3
24068,45,58,-13,13
24069,84,92,-8,8
24070,96,102,-6,6
24071,62,73,-11,11
24072,67,80,-13,13
24073,178,153,25,25
24074,78,90,-12,12
24075,112,108,4,4
24076,99,88,11,11
24077,94,100,-6,6
24078,86,80,6,6
24079,116,109,7,7
24080,64,68,-4,4
24081,51,59,-8,8
24082,176,147,29,29
24083,120,111,9,9
24084,121,103,18,18
24085,84,87,-3,3
24086,108,105,3,3
24087,97,97,0,0
24088,91,95,-4,4
24089,117,119,-2,2
24090,102,97,5,5
24091,53,60,-7,7
24092,82,83,-1,1
24093,63,72,-9,9
24094,50,95,-45,45
24095,121,111,10,10
24096,33,57,-24,24
24097,75,79,-4,4
24098,98,101,-3,3
24099,95,93,2,2
24100,94,96,-2,2
24101,43,56,-13,13
24102,88,101,-13,13
24103,72,79,-7,7
24104,118,108,10,10
24105,76,85,-9,9
24106,58,66,-8,8
24107,104,91,13,13
24108,115,110,5,5
24109,63,67,-4,4
24110,105,108,-3,3
24111,59,66,-7,7
24112,58,65,-7,7
24113,146,132,14,14
24114,82,91,-9,9
24115,114,119,-5,5
24116,95,90,5,5
24117,46,61,-15,15
24118,122,112,10,10
24119,78,83,-5,5
24120,97,95,2,2
24121,111,108,3,3
24122,161,142,19,19
24123,157,151,6,6
24124,90,98,-8,8
24125,69,75,-6,6
24126,78,79,-1,1
24127,111,105,6,6
24128,56,59,-3,3
24129,83,77,6,6
24130,186,168,18,18
24131,76,85,-9,9
24132,76,84,-8,8
24133,136,131,5,5
24134,87,90,-3,3
24135,87,83,4,4
24136,72,66,6,6
24137,64,79,-15,15
24138,162,152,10,10
24139,59,70,-11,11
24140,77,77,0,0
24141,58,67,-9,9
24142,65,68,-3,3
24143,103,95,8,8
24144,74,77,-3,3
24145,83,77,6,6
24146,62,70,-8,8
24147,115,104,11,11
24148,88,95,-7,7
24149,79,87,-8,8
24150,102,101,1,1
24151,76,79,-3,3
24152,72,79,-7,7
24153,127,129,-2,2
24154,57,68,-11,11
24155,123,121,2,2
24156,108,102,6,6
24157,179,153,26,26
24158,56,84,-28,28
24159,129,131,-2,2
24160,76,86,-10,10
24161,160,135,25,25
24162,108,100,8,8
24163,65,74,-9,9
24164,80,80,0,0
24165,68,86,-18,18
24166,125,149,-24,24
24167,55,66,-11,11
24168,101,106,-5,5
24169,102,98,4,4
24170,151,150,1,1
24171,98,122,-24,24
24172,72,85,-13,13
24173,124,121,3,3
24174,113,105,8,8
24175,84,79,5,5
24176,51,66,-15,15
24177,73,78,-5,5
24178,58,61,-3,3
24179,103,102,1,1
24180,89,81,8,8
24181,103,108,-5,5
24182,122,121,1,1
24183,62,72,-10,10
24184,152,138,14,14
24185,49,62,-13,13
24186,76,81,-5,5
24187,107,102,5,5
24188,63,85,-22,22
24189,132,126,6,6
24190,167,111,56,56
24191,105,99,6,6
24192,160,151,9,9
24193,86,89,-3,3
24194,105,99,6,6
24195,88,94,-6,6
24196,102,98,4,4
24197,102,116,-14,14
24198,101,112,-11,11
24199,48,64,-16,16
24200,131,127,4,4
24201,45,53,-8,8
24202,100,100,0,0
24203,77,78,-1,1
24204,131,133,-2,2
24205,106,105,1,1
24206,115,108,7,7
24207,140,125,15,15
24208,111,118,-7,7
24209,100,101,-1,1
24210,55,67,-12,12
24211,80,80,0,0
24212,98,100,-2,2
24213,61,63,-2,2
24214,106,99,7,7
24215,91,95,-4,4
24216,96,94,2,2
24217,88,87,1,1
24218,79,86,-7,7
24219,108,119,-11,11
24220,108,112,-4,4
24221,137,120,17,17
24222,110,109,1,1
24223,67,74,-7,7
24224,81,82,-1,1
24225,74,80,-6,6
24226,95,102,-7,7
24227,36,43,-7,7
24228,96,98,-2,2
24229,80,89,-9,9
24230,86,83,3,3
24231,145,151,-6,6
24232,163,157,6,6
24233,57,63,-6,6
24234,91,99,-8,8
24235,100,105,-5,5
24236,55,60,-5,5
24237,118,112,6,6
24238,183,175,8,8
24239,79,87,-8,8
24240,82,76,6,6
24241,107,106,1,1
24242,47,60,-13,13
24243,103,106,-3,3
24244,78,81,-3,3
24245,114,116,-2,2
24246,127,119,8,8
24247,65,77,-12,12
24248,149,155,-6,6
24249,72,76,-4,4
24250,75,80,-5,5
24251,99,98,1,1
24252,91,90,1,1
24253,50,68,-18,18
24254,116,111,5,5
24255,150,131,19,19
24256,136,138,-2,2
24257,145,109,36,36
24258,64,75,-11,11
24259,81,84,-3,3
24260,76,76,0,0
24261,91,85,6,6
24262,64,67,-3,3
24263,52,57,-5,5
24264,85,90,-5,5
24265,93,97,-4,4
24266,80,92,-12,12
24267,84,92,-8,8
24268,71,75,-4,4
24269,73,76,-3,3
24270,54,68,-14,14
24271,87,84,3,3
24272,88,96,-8,8
24273,50,65,-15,15
24274,122,117,5,5
24275,98,99,-1,1
24276,82,80,2,2
24277,173,158,15,15
24278,78,81,-3,3
24279,106,100,6,6
24280,103,111,-8,8
24281,78,79,-1,1
24282,57,68,-11,11
24283,125,129,-4,4
24284,103,106,-3,3
24285,100,100,0,0
24286,78,86,-8,8
24287,122,112,10,10
24288,122,127,-5,5
24289,135,124,11,11
24290,110,97,13,13
24291,174,151,23,23
24292,54,64,-10,10
24293,43,56,-13,13
24294,82,82,0,0
24295,91,85,6,6
24296,104,96,8,8
24297,148,133,15,15
24298,30,40,-10,10
24299,115,106,9,9
24300,122,116,6,6
24301,126,118,8,8
24302,68,78,-10,10
24303,119,101,18,18
24304,124,127,-3,3
24305,81,76,5,5
24306,74,76,-2,2
24307,75,80,-5,5
24308,57,72,-15,15
24309,92,83,9,9
24310,79,81,-2,2
24311,118,122,-4,4
24312,62,73,-11,11
24313,86,84,2,2
24314,57,59,-2,2
24315,93,106,-13,13
24316,111,101,10,10
24317,77,80,-3,3
24318,66,79,-13,13
24319,142,106,36,36
24320,117,104,13,13
24321,48,60,-12,12
24322,195,168,27,27
24323,100,102,-2,2
24324,103,91,12,12
24325,59,76,-17,17
24326,76,79,-3,3
24327,108,110,-2,2
24328,127,125,2,2
24329,91,85,6,6
24330,67,78,-11,11
24331,157,144,13,13
24332,120,128,-8,8
24333,79,83,-4,4
24334,95,97,-2,2
24335,103,105,-2,2
24336,126,119,7,7
24337,73,101,-28,28
24338,53,69,-16,16
24339,126,123,3,3
24340,78,79,-1,1
24341,128,127,1,1
24342,51,65,-14,14
24343,76,79,-3,3
24344,130,127,3,3
24345,87,93,-6,6
24346,76,86,-10,10
24347,71,74,-3,3
24348,115,110,5,5
24349,119,118,1,1
24350,75,79,-4,4
24351,75,91,-16,16
24352,93,93,0,0
24353,128,132,-4,4
24354,127,148,-21,21
24355,94,97,-3,3
24356,133,121,12,12
24357,53,56,-3,3
24358,146,129,17,17
24359,117,126,-9,9
24360,74,78,-4,4
24361,126,120,6,6
24362,41,58,-17,17
24363,143,139,4,4
24364,90,91,-1,1
24365,73,82,-9,9
24366,156,144,12,12
24367,72,76,-4,4
24368,59,66,-7,7
24369,27,30,-3,3
24370,93,96,-3,3
24371,87,93,-6,6
24372,44,59,-15,15
24373,182,176,6,6
24374,90,94,-4,4
24375,170,153,17,17
24376,128,123,5,5
24377,102,101,1,1
24378,99,96,3,3
24379,106,101,5,5
24380,86,86,0,0
24381,127,114,13,13
24382,99,89,10,10
24383,101,104,-3,3
24384,155,137,18,18
24385,184,154,30,30
24386,98,97,1,1
24387,95,97,-2,2
24388,108,131,-23,23
24389,103,106,-3,3
24390,147,140,7,7
24391,100,94,6,6
24392,76,98,-22,22
24393,308,218,90,90
24394,71,67,4,4
24395,80,87,-7,7
24396,88,85,3,3
24397,92,103,-11,11
24398,105,109,-4,4
24399,63,78,-15,15
24400,89,93,-4,4
24401,77,93,-16,16
24402,94,96,-2,2
24403,72,90,-18,18
24404,65,69,-4,4
24405,132,122,10,10
24406,90,91,-1,1
24407,83,86,-3,3
24408,35,78,-43,43
24409,163,153,10,10
24410,73,77,-4,4
24411,117,117,0,0
24412,87,87,0,0
24413,70,80,-10,10
24414,189,168,21,21
24415,81,81,0,0
24416,59,75,-16,16
24417,110,118,-8,8
24418,103,108,-5,5
24419,89,95,-6,6
24420,90,84,6,6
24421,475,496,-21,21
24422,66,68,-2,2
24423,97,101,-4,4
24424,89,84,5,5
24425,106,102,4,4
24426,81,83,-2,2
24427,143,138,5,5
24428,113,110,3,3
24429,83,92,-9,9
24430,276,238,38,38
24431,88,89,-1,1
24432,91,99,-8,8
24433,179,149,30,30
24434,175,128,47,47
24435,86,89,-3,3
24436,60,70,-10,10
24437,86,92,-6,6
24438,104,103,1,1
24439,144,136,8,8
24440,93,94,-1,1
24441,98,98,0,0
24442,59,73,-14,14
24443,112,143,-31,31
24444,98,108,-10,10
24445,60,69,-9,9
24446,72,74,-2,2
24447,42,59,-17,17
24448,57,65,-8,8
24449,138,124,14,14
24450,99,97,2,2
24451,134,132,2,2
24452,96,86,10,10
24453,101,96,5,5
24454,88,98,-10,10
24455,79,89,-10,10
24456,61,64,-3,3
24457,77,73,4,4
24458,119,116,3,3
24459,124,115,9,9
24460,77,86,-9,9
24461,81,87,-6,6
24462,70,75,-5,5
24463,120,127,-7,7
24464,90,98,-8,8
24465,88,96,-8,8
24466,49,57,-8,8
24467,70,76,-6,6
24468,90,90,0,0
24469,70,73,-3,3
24470,119,106,13,13
24471,99,100,-1,1
24472,79,89,-10,10
24473,112,107,5,5
24474,63,73,-10,10
24475,40,57,-17,17
24476,145,132,13,13
24477,82,82,0,0
24478,87,90,-3,3
24479,75,77,-2,2
24480,71,76,-5,5
24481,84,84,0,0
24482,85,83,2,2
24483,101,95,6,6
24484,111,98,13,13
24485,90,95,-5,5
24486,63,71,-8,8
24487,174,168,6,6
24488,106,102,4,4
24489,64,75,-11,11
24490,33,49,-16,16
24491,100,110,-10,10
24492,185,153,32,32
24493,68,75,-7,7
24494,29,37,-8,8
24495,45,60,-15,15
24496,58,68,-10,10
24497,120,108,12,12
24498,124,111,13,13
24499,70,74,-4,4
24500,104,109,-5,5
24501,101,97,4,4
24502,92,94,-2,2
24503,81,82,-1,1
24504,59,68,-9,9
24505,84,88,-4,4
24506,67,76,-9,9
24507,105,99,6,6
24508,81,85,-4,4
24509,56,67,-11,11
24510,115,118,-3,3
24511,117,113,4,4
24512,95,94,1,1
24513,134,121,13,13
24514,89,95,-6,6
24515,136,133,3,3
24516,100,99,1,1
24517,95,106,-11,11
24518,73,80,-7,7
24519,58,73,-15,15
24520,157,141,16,16
24521,77,80,-3,3
24522,54,54,0,0
24523,90,101,-11,11
24524,85,94,-9,9
24525,71,77,-6,6
24526,73,78,-5,5
24527,87,91,-4,4
24528,57,69,-12,12
24529,64,71,-7,7
24530,72,77,-5,5
24531,184,156,28,28
24532,152,120,32,32
24533,88,93,-5,5
24534,90,88,2,2
24535,96,104,-8,8
24536,117,103,14,14
24537,65,71,-6,6
24538,101,95,6,6
24539,130,128,2,2
24540,189,162,27,27
24541,80,88,-8,8
24542,72,78,-6,6
24543,99,101,-2,2
24544,131,123,8,8
24545,120,126,-6,6
24546,64,73,-9,9
24547,59,59,0,0
24548,69,78,-9,9
24549,44,63,-19,19
24550,85,96,-11,11
24551,51,74,-23,23
24552,70,81,-11,11
24553,61,76,-15,15
24554,110,121,-11,11
24555,69,79,-10,10
24556,56,66,-10,10
24557,125,136,-11,11
24558,91,88,3,3
24559,53,69,-16,16
24560,91,95,-4,4
24561,42,56,-14,14
24562,85,91,-6,6
24563,33,45,-12,12
24564,94,87,7,7
24565,143,133,10,10
24566,72,71,1,1
24567,85,88,-3,3
24568,132,131,1,1
24569,103,99,4,4
24570,131,112,19,19
24571,72,80,-8,8
24572,109,109,0,0
24573,104,103,1,1
24574,128,119,9,9
24575,147,136,11,11
24576,90,91,-1,1
24577,44,60,-16,16
24578,84,88,-4,4
24579,129,129,0,0
24580,76,92,-16,16
24581,82,95,-13,13
24582,155,129,26,26
24583,141,125,16,16
24584,110,119,-9,9
24585,117,120,-3,3
24586,112,113,-1,1
24587,109,113,-4,4
24588,63,62,1,1
24589,68,74,-6,6
24590,140,127,13,13
24591,42,58,-16,16
24592,97,106,-9,9
24593,73,76,-3,3
24594,49,54,-5,5
24595,163,134,29,29
24596,116,116,0,0
24597,98,111,-13,13
24598,97,98,-1,1
24599,76,81,-5,5
24600,84,86,-2,2
24601,52,56,-4,4
24602,134,126,8,8
24603,62,66,-4,4
24604,123,121,2,2
24605,55,63,-8,8
24606,80,87,-7,7
24607,77,81,-4,4
24608,121,127,-6,6
24609,45,62,-17,17
24610,66,75,-9,9
24611,59,63,-4,4
24612,45,62,-17,17
24613,63,69,-6,6
24614,65,81,-16,16
24615,95,95,0,0
24616,84,83,1,1
24617,110,123,-13,13
24618,83,89,-6,6
24619,133,116,17,17
24620,111,108,3,3
24621,69,77,-8,8
24622,43,54,-11,11
24623,97,103,-6,6
24624,78,93,-15,15
24625,75,81,-6,6
24626,130,118,12,12
24627,73,79,-6,6
24628,156,147,9,9
24629,110,98,12,12
24630,132,128,4,4
24631,108,111,-3,3
24632,97,99,-2,2
24633,139,128,11,11
24634,88,88,0,0
24635,136,121,15,15
24636,115,106,9,9
24637,141,128,13,13
24638,125,120,5,5
24639,114,109,5,5
24640,127,119,8,8
24641,87,93,-6,6
24642,126,122,4,4
24643,83,95,-12,12
24644,68,71,-3,3
24645,100,98,2,2
24646,67,78,-11,11
24647,79,77,2,2
24648,123,113,10,10
24649,49,60,-11,11
24650,73,91,-18,18
24651,105,99,6,6
24652,86,87,-1,1
24653,78,94,-16,16
24654,97,93,4,4
24655,95,101,-6,6
24656,46,62,-16,16
24657,105,113,-8,8
24658,157,142,15,15
24659,97,109,-12,12
24660,130,119,11,11
24661,114,124,-10,10
24662,56,69,-13,13
24663,37,52,-15,15
24664,133,127,6,6
24665,80,99,-19,19
24666,56,65,-9,9
24667,64,71,-7,7
24668,78,85,-7,7
24669,96,92,4,4
24670,90,88,2,2
24671,126,117,9,9
24672,85,92,-7,7
24673,60,64,-4,4
24674,92,90,2,2
24675,105,103,2,2
24676,92,95,-3,3
24677,85,85,0,0
24678,187,158,29,29
24679,108,117,-9,9
24680,64,67,-3,3
24681,99,96,3,3
24682,92,96,-4,4
24683,111,109,2,2
24684,83,81,2,2
24685,92,89,3,3
24686,68,69,-1,1
24687,158,135,23,23
24688,54,62,-8,8
24689,86,82,4,4
24690,94,96,-2,2
24691,102,101,1,1
24692,55,64,-9,9
24693,52,70,-18,18
24694,69,81,-12,12
24695,97,97,0,0
24696,59,71,-12,12
24697,86,89,-3,3
24698,104,106,-2,2
24699,119,125,-6,6
24700,124,107,17,17
24701,99,99,0,0
24702,94,95,-1,1
24703,129,127,2,2
24704,134,118,16,16
24705,58,74,-16,16
24706,131,118,13,13
24707,100,95,5,5
24708,97,91,6,6
24709,75,75,0,0
24710,133,130,3,3
24711,87,86,1,1
24712,76,81,-5,5
24713,55,65,-10,10
24714,167,159,8,8
24715,108,115,-7,7
24716,64,71,-7,7
24717,56,73,-17,17
24718,49,74,-25,25
24719,55,60,-5,5
24720,80,98,-18,18
24721,55,64,-9,9
24722,169,153,16,16
24723,156,144,12,12
24724,102,96,6,6
24725,94,94,0,0
24726,92,95,-3,3
24727,116,126,-10,10
24728,120,120,0,0
24729,107,106,1,1
24730,113,108,5,5
24731,75,82,-7,7
24732,67,68,-1,1
24733,98,91,7,7
24734,193,166,27,27
24735,165,157,8,8
24736,92,85,7,7
24737,53,61,-8,8
24738,82,95,-13,13
24739,113,121,-8,8
24740,89,96,-7,7
24741,93,89,4,4
24742,94,95,-1,1
24743,87,86,1,1
24744,145,125,20,20
24745,142,126,16,16
24746,115,109,6,6
24747,82,91,-9,9
24748,87,95,-8,8
24749,74,76,-2,2
24750,61,74,-13,13
24751,125,121,4,4
24752,74,79,-5,5
24753,129,121,8,8
24754,88,85,3,3
24755,93,95,-2,2
24756,83,88,-5,5
24757,123,115,8,8
24758,103,99,4,4
24759,136,133,3,3
24760,88,90,-2,2
24761,94,92,2,2
24762,71,81,-10,10
24763,80,87,-7,7
24764,73,81,-8,8
24765,90,89,1,1
24766,81,84,-3,3
24767,85,95,-10,10
24768,48,64,-16,16
24769,122,128,-6,6
24770,120,115,5,5
24771,100,103,-3,3
24772,123,114,9,9
24773,154,134,20,20
24774,49,66,-17,17
24775,110,96,14,14
24776,90,96,-6,6
24777,103,98,5,5
24778,69,81,-12,12
24779,113,107,6,6
24780,102,102,0,0
24781,80,107,-27,27
24782,45,59,-14,14
24783,154,143,11,11
24784,116,104,12,12
24785,125,118,7,7
24786,182,158,24,24
24787,68,72,-4,4
24788,82,77,5,5
24789,78,84,-6,6
24790,60,79,-19,19
24791,119,110,9,9
24792,76,82,-6,6
24793,102,102,0,0
24794,94,113,-19,19
24795,76,85,-9,9
24796,52,61,-9,9
24797,82,78,4,4
24798,117,118,-1,1
24799,110,104,6,6
24800,165,146,19,19
24801,79,77,2,2
24802,132,122,10,10
24803,118,110,8,8
24804,95,93,2,2
24805,74,82,-8,8
24806,52,77,-25,25
24807,104,107,-3,3
24808,103,125,-22,22
24809,119,115,4,4
24810,99,101,-2,2
24811,141,127,14,14
24812,62,67,-5,5
24813,95,98,-3,3
24814,115,112,3,3
24815,97,107,-10,10
24816,46,64,-18,18
24817,122,124,-2,2
24818,121,120,1,1
24819,102,105,-3,3
24820,148,136,12,12
24821,71,74,-3,3
24822,114,103,11,11
24823,126,119,7,7
24824,84,87,-3,3
24825,83,85,-2,2
24826,101,91,10,10
24827,98,97,1,1
24828,121,112,9,9
24829,84,95,-11,11
24830,56,72,-16,16
24831,90,83,7,7
24832,85,83,2,2
24833,87,88,-1,1
24834,113,115,-2,2
24835,140,133,7,7
24836,116,116,0,0
24837,120,124,-4,4
24838,82,82,0,0
24839,150,132,18,18
24840,89,88,1,1
24841,72,76,-4,4
24842,106,105,1,1
24843,66,78,-12,12
24844,67,75,-8,8
24845,78,79,-1,1
24846,118,110,8,8
24847,83,99,-16,16
24848,133,133,0,0
24849,127,123,4,4
24850,178,157,21,21
24851,70,74,-4,4
24852,50,61,-11,11
24853,121,113,8,8
24854,127,121,6,6
24855,62,64,-2,2
24856,74,79,-5,5
24857,79,84,-5,5
24858,95,95,0,0
24859,103,106,-3,3
24860,113,103,10,10
24861,58,81,-23,23
24862,162,123,39,39
24863,43,56,-13,13
24864,73,76,-3,3
24865,60,69,-9,9
24866,134,123,11,11
24867,66,75,-9,9
24868,42,65,-23,23
24869,89,87,2,2
24870,82,77,5,5
24871,133,127,6,6
24872,28,43,-15,15
24873,120,104,16,16
24874,60,66,-6,6
24875,59,74,-15,15
24876,54,62,-8,8
24877,81,90,-9,9
24878,102,101,1,1
24879,47,61,-14,14
24880,90,84,6,6
24881,123,113,10,10
24882,83,85,-2,2
24883,92,105,-13,13
24884,105,101,4,4
24885,108,94,14,14
24886,114,121,-7,7
24887,57,68,-11,11
24888,67,74,-7,7
24889,85,95,-10,10
24890,68,76,-8,8
24891,55,61,-6,6
24892,93,92,1,1
24893,61,72,-11,11
24894,61,69,-8,8
24895,87,91,-4,4
24896,85,87,-2,2
24897,88,93,-5,5
24898,57,63,-6,6
24899,65,73,-8,8
24900,58,69,-11,11
24901,118,112,6,6
24902,94,98,-4,4
24903,164,150,14,14
24904,74,82,-8,8
24905,106,151,-45,45
24906,97,111,-14,14
24907,117,112,5,5
24908,123,120,3,3
24909,72,85,-13,13
24910,73,76,-3,3
24911,105,141,-36,36
24912,53,64,-11,11
24913,63,72,-9,9
24914,85,85,0,0
24915,136,139,-3,3
24916,113,104,9,9
24917,92,104,-12,12
24918,97,99,-2,2
24919,95,105,-10,10
24920,106,102,4,4
24921,167,152,15,15
24922,121,128,-7,7
24923,42,52,-10,10
24924,80,91,-11,11
24925,48,63,-15,15
24926,116,111,5,5
24927,117,112,5,5
24928,67,71,-4,4
24929,69,74,-5,5
24930,114,106,8,8
24931,134,121,13,13
24932,91,90,1,1
24933,88,87,1,1
24934,130,125,5,5
24935,187,171,16,16
24936,99,102,-3,3
24937,95,104,-9,9
24938,151,141,10,10
24939,97,98,-1,1
24940,66,72,-6,6
24941,39,52,-13,13
24942,114,114,0,0
24943,124,115,9,9
24944,109,107,2,2
24945,92,107,-15,15
24946,50,63,-13,13
24947,139,125,14,14
24948,116,116,0,0
24949,79,82,-3,3
24950,69,87,-18,18
24951,95,100,-5,5
24952,112,112,0,0
24953,57,73,-16,16
24954,57,69,-12,12
24955,112,119,-7,7
24956,77,84,-7,7
24957,79,90,-11,11
24958,115,109,6,6
24959,52,68,-16,16
24960,121,104,17,17
24961,93,95,-2,2
24962,51,58,-7,7
24963,71,77,-6,6
24964,126,124,2,2
24965,149,134,15,15
24966,91,107,-16,16
24967,142,136,6,6
24968,55,72,-17,17
24969,110,109,1,1
24970,197,189,8,8
24971,85,87,-2,2
24972,115,111,4,4
24973,111,104,7,7
24974,136,121,15,15
24975,57,68,-11,11
24976,100,91,9,9
24977,121,110,11,11
24978,105,99,6,6
24979,145,145,0,0
24980,93,94,-1,1
24981,104,104,0,0
24982,104,98,6,6
24983,89,87,2,2
24984,82,84,-2,2
24985,137,120,17,17
24986,112,100,12,12
24987,99,93,6,6
24988,94,98,-4,4
24989,140,127,13,13
24990,75,87,-12,12
24991,114,118,-4,4
24992,71,76,-5,5
24993,155,130,25,25
24994,71,77,-6,6
24995,61,68,-7,7
24996,84,97,-13,13
24997,75,78,-3,3
24998,128,139,-11,11
24999,247,235,12,12
25000,101,104,-3,3
25001,113,102,11,11
25002,116,110,6,6
25003,112,108,4,4
25004,83,92,-9,9
25005,52,66,-14,14
25006,73,69,4,4
25007,43,64,-21,21
25008,96,98,-2,2
25009,49,66,-17,17
25010,57,71,-14,14
25011,104,121,-17,17
25012,86,92,-6,6
25013,66,76,-10,10
25014,69,83,-14,14
25015,92,98,-6,6
25016,120,119,1,1
25017,124,124,0,0
25018,109,104,5,5
25019,90,101,-11,11
25020,88,92,-4,4
25021,60,68,-8,8
25022,100,104,-4,4
25023,171,197,-26,26
25024,55,68,-13,13
25025,143,134,9,9
25026,104,100,4,4
25027,120,120,0,0
25028,132,124,8,8
25029,142,139,3,3
25030,68,73,-5,5
25031,74,75,-1,1
25032,107,101,6,6
25033,82,83,-1,1
25034,48,58,-10,10
25035,83,83,0,0
25036,66,73,-7,7
25037,90,92,-2,2
25038,114,117,-3,3
25039,123,106,17,17
25040,140,123,17,17
25041,71,71,0,0
25042,112,103,9,9
25043,175,172,3,3
25044,148,128,20,20
25045,87,88,-1,1
25046,156,149,7,7
25047,44,55,-11,11
25048,105,104,1,1
25049,120,121,-1,1
25050,65,73,-8,8
25051,120,119,1,1
25052,69,75,-6,6
25053,91,100,-9,9
25054,135,116,19,19
25055,133,130,3,3
25056,81,88,-7,7
25057,74,73,1,1
25058,144,139,5,5
25059,146,135,11,11
25060,95,88,7,7
25061,223,181,42,42
25062,126,105,21,21
25063,49,61,-12,12
25064,102,101,1,1
25065,116,109,7,7
25066,60,69,-9,9
25067,154,140,14,14
25068,134,114,20,20
25069,100,99,1,1
25070,76,77,-1,1
25071,74,78,-4,4
25072,77,74,3,3
25073,88,93,-5,5
25074,76,87,-11,11
25075,81,84,-3,3
25076,165,150,15,15
25077,108,103,5,5
25078,53,30,23,23
25079,59,71,-12,12
25080,85,104,-19,19
25081,98,96,2,2
25082,58,68,-10,10
25083,105,105,0,0
25084,148,135,13,13
25085,159,135,24,24
25086,163,157,6,6
25087,102,99,3,3
25088,71,81,-10,10
25089,156,144,12,12
25090,97,95,2,2
25091,97,93,4,4
25092,72,77,-5,5
25093,83,107,-24,24
25094,81,72,9,9
25095,103,101,2,2
25096,95,97,-2,2
25097,82,97,-15,15
25098,121,117,4,4
25099,78,86,-8,8
25100,98,96,2,2
25101,145,140,5,5
25102,122,119,3,3
25103,123,111,12,12
25104,76,81,-5,5
25105,195,167,28,28
25106,48,53,-5,5
25107,59,76,-17,17
25108,73,78,-5,5
25109,73,81,-8,8
25110,63,66,-3,3
25111,178,149,29,29
25112,69,73,-4,4
25113,96,96,0,0
25114,67,74,-7,7
25115,46,55,-9,9
25116,88,92,-4,4
25117,47,64,-17,17
25118,45,57,-12,12
25119,47,56,-9,9
25120,123,119,4,4
25121,124,120,4,4
25122,167,150,17,17
25123,136,127,9,9
25124,72,80,-8,8
25125,109,106,3,3
25126,74,80,-6,6
25127,80,80,0,0
25128,126,121,5,5
25129,119,110,9,9
25130,60,71,-11,11
25131,98,101,-3,3
25132,128,118,10,10
25133,96,92,4,4
25134,109,105,4,4
25135,135,124,11,11
25136,86,83,3,3
25137,125,120,5,5
25138,71,84,-13,13
25139,137,129,8,8
25140,86,93,-7,7
25141,150,148,2,2
25142,83,95,-12,12
25143,57,66,-9,9
25144,87,92,-5,5
25145,58,78,-20,20
25146,74,86,-12,12
25147,168,142,26,26
25148,145,130,15,15
25149,65,73,-8,8
25150,76,83,-7,7
25151,114,113,1,1
25152,151,147,4,4
25153,146,155,-9,9
25154,65,74,-9,9
25155,77,90,-13,13
25156,165,144,21,21
25157,89,107,-18,18
25158,107,104,3,3
25159,96,112,-16,16
25160,115,118,-3,3
25161,74,74,0,0
25162,160,147,13,13
25163,82,88,-6,6
25164,80,80,0,0
25165,94,100,-6,6
25166,97,99,-2,2
25167,48,74,-26,26
25168,79,76,3,3
25169,16,30,-14,14
25170,100,101,-1,1
25171,51,79,-28,28
25172,86,86,0,0
25173,108,109,-1,1
25174,46,54,-8,8
25175,55,65,-10,10
25176,112,121,-9,9
25177,84,86,-2,2
25178,100,101,-1,1
25179,150,134,16,16
25180,138,130,8,8
25181,92,90,2,2
25182,66,74,-8,8
25183,103,101,2,2
25184,96,97,-1,1
25185,148,143,5,5
25186,81,86,-5,5
25187,45,73,-28,28
25188,126,120,6,6
25189,168,156,12,12
25190,76,82,-6,6
25191,134,137,-3,3
25192,83,90,-7,7
25193,118,111,7,7
25194,117,107,10,10
25195,100,107,-7,7
25196,96,101,-5,5
25197,122,114,8,8
25198,76,86,-10,10
25199,96,108,-12,12
25200,103,98,5,5
25201,70,77,-7,7
25202,209,174,35,35
25203,75,81,-6,6
25204,54,76,-22,22
25205,111,111,0,0
25206,70,73,-3,3
25207,100,103,-3,3
25208,108,100,8,8
25209,56,70,-14,14
25210,172,169,3,3
25211,67,75,-8,8
25212,118,103,15,15
25213,47,61,-14,14
25214,69,75,-6,6
25215,85,93,-8,8
25216,63,67,-4,4
25217,267,220,47,47
25218,101,98,3,3
25219,126,117,9,9
25220,99,101,-2,2
25221,124,127,-3,3
25222,145,127,18,18
25223,83,85,-2,2
25224,96,91,5,5
25225,149,154,-5,5
25226,65,72,-7,7
25227,83,82,1,1
25228,51,61,-10,10
25229,73,88,-15,15
25230,164,148,16,16
25231,76,83,-7,7
25232,86,90,-4,4
25233,128,114,14,14
25234,126,110,16,16
25235,75,79,-4,4
25236,85,90,-5,5
25237,59,65,-6,6
25238,80,79,1,1
25239,115,106,9,9
25240,96,94,2,2
25241,57,69,-12,12
25242,78,78,0,0
25243,92,88,4,4
25244,114,111,3,3
25245,97,89,8,8
25246,67,75,-8,8
25247,68,95,-27,27
25248,88,89,-1,1
25249,58,68,-10,10
25250,86,95,-9,9
25251,81,82,-1,1
25252,80,87,-7,7
25253,107,110,-3,3
25254,65,74,-9,9
25255,77,78,-1,1
25256,30,46,-16,16
25257,81,87,-6,6
25258,91,102,-11,11
25259,62,75,-13,13
25260,78,92,-14,14
25261,103,100,3,3
25262,113,106,7,7
25263,121,118,3,3
25264,75,79,-4,4
25265,113,112,1,1
25266,52,67,-15,15
25267,93,101,-8,8
25268,51,68,-17,17
25269,128,118,10,10
25270,86,80,6,6
25271,107,107,0,0
25272,105,105,0,0
25273,195,169,26,26
25274,64,67,-3,3
25275,56,78,-22,22
25276,38,80,-42,42
25277,111,127,-16,16
25278,72,82,-10,10
25279,103,102,1,1
25280,93,93,0,0
25281,90,98,-8,8
25282,64,79,-15,15
25283,142,127,15,15
25284,96,91,5,5
25285,85,90,-5,5
25286,99,100,-1,1
25287,52,62,-10,10
25288,117,132,-15,15
25289,76,81,-5,5
25290,80,83,-3,3
25291,99,93,6,6
25292,103,97,6,6
25293,60,74,-14,14
25294,96,98,-2,2
25295,112,108,4,4
25296,77,76,1,1
25297,126,110,16,16
25298,125,121,4,4
25299,132,131,1,1
25300,79,88,-9,9
25301,106,104,2,2
25302,35,54,-19,19
25303,85,80,5,5
25304,63,67,-4,4
25305,65,80,-15,15
25306,23,63,-40,40
25307,73,81,-8,8
25308,103,107,-4,4
25309,79,81,-2,2
25310,81,89,-8,8
25311,54,60,-6,6
25312,77,83,-6,6
25313,90,91,-1,1
25314,92,94,-2,2
25315,54,68,-14,14
25316,101,103,-2,2
25317,102,94,8,8
25318,77,86,-9,9
25319,113,122,-9,9
25320,166,148,18,18
25321,74,82,-8,8
25322,116,116,0,0
25323,127,131,-4,4
25324,89,87,2,2
25325,101,100,1,1
25326,103,106,-3,3
25327,127,121,6,6
25328,83,83,0,0
25329,123,124,-1,1
25330,118,120,-2,2
25331,160,149,11,11
25332,79,84,-5,5
25333,76,75,1,1
25334,51,58,-7,7
25335,110,114,-4,4
25336,112,125,-13,13
25337,73,75,-2,2
25338,90,86,4,4
25339,87,93,-6,6
25340,97,98,-1,1
25341,51,59,-8,8
25342,175,161,14,14
25343,51,64,-13,13
25344,96,96,0,0
25345,96,86,10,10
25346,87,93,-6,6
25347,98,97,1,1
25348,195,169,26,26
25349,74,76,-2,2
25350,111,102,9,9
25351,62,69,-7,7
25352,62,75,-13,13
25353,50,62,-12,12
25354,77,81,-4,4
25355,68,67,1,1
25356,72,83,-11,11
25357,82,79,3,3
25358,69,77,-8,8
25359,133,130,3,3
25360,57,67,-10,10
25361,87,100,-13,13
25362,86,83,3,3
25363,53,87,-34,34
25364,111,130,-19,19
25365,85,95,-10,10
25366,68,76,-8,8
25367,82,91,-9,9
25368,125,114,11,11
25369,127,115,12,12
25370,46,88,-42,42
25371,125,127,-2,2
25372,133,120,13,13
25373,84,92,-8,8
25374,70,76,-6,6
25375,130,116,14,14
25376,86,91,-5,5
25377,161,150,11,11
25378,100,121,-21,21
25379,107,107,0,0
25380,89,96,-7,7
25381,62,60,2,2
25382,75,81,-6,6
25383,82,87,-5,5
25384,104,107,-3,3
25385,83,98,-15,15
25386,109,102,7,7
25387,57,58,-1,1
25388,125,121,4,4
25389,87,82,5,5
25390,201,161,40,40
25391,75,81,-6,6
25392,80,84,-4,4
25393,143,148,-5,5
25394,120,118,2,2
25395,146,140,6,6
25396,70,72,-2,2
25397,93,94,-1,1
25398,110,111,-1,1
25399,43,59,-16,16
25400,97,93,4,4
25401,70,71,-1,1
25402,85,85,0,0
25403,91,100,-9,9
25404,85,92,-7,7
25405,120,113,7,7
25406,70,78,-8,8
25407,61,74,-13,13
25408,67,75,-8,8
25409,156,142,14,14
25410,45,54,-9,9
25411,121,125,-4,4
25412,93,105,-12,12
25413,111,119,-8,8
25414,72,83,-11,11
25415,44,56,-12,12
25416,140,143,-3,3
25417,52,66,-14,14
25418,70,76,-6,6
25419,117,118,-1,1
25420,60,66,-6,6
25421,73,91,-18,18
25422,107,100,7,7
25423,90,88,2,2
25424,59,74,-15,15
25425,102,105,-3,3
25426,73,79,-6,6
25427,86,92,-6,6
25428,58,67,-9,9
25429,66,73,-7,7
25430,62,101,-39,39
25431,130,121,9,9
25432,121,106,15,15
25433,114,106,8,8
25434,128,125,3,3
25435,106,108,-2,2
25436,94,90,4,4
25437,139,135,4,4
25438,57,63,-6,6
25439,62,82,-20,20
25440,59,69,-10,10
25441,134,120,14,14
25442,88,91,-3,3
25443,67,76,-9,9
25444,91,96,-5,5
25445,79,79,0,0
25446,99,101,-2,2
25447,135,144,-9,9
25448,118,118,0,0
25449,97,98,-1,1
25450,96,90,6,6
25451,81,87,-6,6
25452,93,98,-5,5
25453,108,109,-1,1
25454,69,73,-4,4
25455,106,110,-4,4
25456,80,89,-9,9
25457,108,105,3,3
25458,95,92,3,3
25459,41,52,-11,11
25460,97,97,0,0
25461,161,131,30,30
25462,96,95,1,1
25463,86,95,-9,9
25464,123,110,13,13
25465,84,78,6,6
25466,81,89,-8,8
25467,99,98,1,1
25468,108,101,7,7
25469,57,72,-15,15
25470,82,89,-7,7
25471,117,137,-20,20
25472,78,92,-14,14
25473,206,184,22,22
25474,70,76,-6,6
25475,66,77,-11,11
25476,132,119,13,13
25477,73,76,-3,3
25478,53,67,-14,14
25479,47,62,-15,15
25480,73,84,-11,11
25481,72,78,-6,6
25482,96,94,2,2
25483,182,169,13,13
25484,80,81,-1,1
25485,98,95,3,3
25486,103,105,-2,2
25487,182,171,11,11
25488,136,140,-4,4
25489,101,95,6,6
25490,81,80,1,1
25491,161,144,17,17
25492,83,92,-9,9
25493,57,75,-18,18
25494,119,105,14,14
25495,103,99,4,4
25496,143,125,18,18
25497,61,103,-42,42
25498,117,115,2,2
25499,113,110,3,3
25500,94,98,-4,4
25501,70,79,-9,9
25502,116,118,-2,2
25503,102,94,8,8
25504,154,142,12,12
25505,91,88,3,3
25506,105,111,-6,6
25507,114,121,-7,7
25508,160,154,6,6
25509,94,91,3,3
25510,151,132,19,19
25511,170,157,13,13
25512,76,77,-1,1
25513,74,76,-2,2
25514,101,103,-2,2
25515,62,68,-6,6
25516,84,89,-5,5
25517,109,110,-1,1
25518,106,101,5,5
25519,119,107,12,12
25520,89,95,-6,6
25521,53,62,-9,9
25522,37,49,-12,12
25523,97,98,-1,1
25524,91,91,0,0
25525,94,90,4,4
25526,111,98,13,13
25527,203,189,14,14
25528,71,74,-3,3
25529,63,74,-11,11
25530,55,68,-13,13
25531,87,86,1,1
25532,125,136,-11,11
25533,101,104,-3,3
25534,98,91,7,7
25535,116,119,-3,3
25536,79,86,-7,7
25537,206,183,23,23
25538,102,104,-2,2
25539,153,136,17,17
25540,86,94,-8,8
25541,60,69,-9,9
25542,95,108,-13,13
25543,156,139,17,17
25544,90,88,2,2
25545,131,120,11,11
25546,107,99,8,8
25547,56,67,-11,11
25548,96,98,-2,2
25549,67,84,-17,17
25550,66,73,-7,7
25551,116,117,-1,1
25552,97,103,-6,6
25553,132,122,10,10
25554,87,94,-7,7
25555,94,99,-5,5
25556,50,62,-12,12
25557,104,96,8,8
25558,179,175,4,4
25559,121,104,17,17
25560,54,66,-12,12
25561,86,82,4,4
25562,29,36,-7,7
25563,109,107,2,2
25564,81,94,-13,13
25565,75,88,-13,13
25566,179,157,22,22
25567,59,61,-2,2
25568,122,114,8,8
25569,209,181,28,28
25570,53,66,-13,13
25571,79,77,2,2
25572,97,95,2,2
25573,99,103,-4,4
25574,50,60,-10,10
25575,81,91,-10,10
25576,77,78,-1,1
25577,179,158,21,21
25578,100,105,-5,5
25579,57,73,-16,16
25580,88,93,-5,5
25581,47,61,-14,14
25582,92,95,-3,3
25583,94,90,4,4
25584,49,79,-30,30
25585,155,129,26,26
25586,93,101,-8,8
25587,160,141,19,19
25588,34,48,-14,14
25589,109,103,6,6
25590,112,110,2,2
25591,65,70,-5,5
25592,76,75,1,1
25593,82,93,-11,11
25594,97,88,9,9
25595,72,81,-9,9
25596,95,100,-5,5
25597,59,71,-12,12
25598,52,63,-11,11
25599,81,81,0,0
25600,87,86,1,1
25601,129,122,7,7
25602,57,82,-25,25
25603,54,67,-13,13
25604,122,105,17,17
25605,90,93,-3,3
25606,136,125,11,11
25607,55,62,-7,7
25608,69,81,-12,12
25609,118,112,6,6
25610,103,104,-1,1
25611,70,75,-5,5
25612,43,58,-15,15
25613,66,74,-8,8
25614,140,136,4,4
25615,89,98,-9,9
25616,147,121,26,26
25617,112,109,3,3
25618,78,73,5,5
25619,40,54,-14,14
25620,55,68,-13,13
25621,77,83,-6,6
25622,80,96,-16,16
25623,71,79,-8,8
25624,82,87,-5,5
25625,82,92,-10,10
25626,93,102,-9,9
25627,68,75,-7,7
25628,96,91,5,5
25629,116,112,4,4
25630,53,58,-5,5
25631,87,84,3,3
25632,116,114,2,2
25633,102,96,6,6
25634,89,86,3,3
25635,121,115,6,6
25636,92,92,0,0
25637,29,61,-32,32
25638,98,92,6,6
25639,70,71,-1,1
25640,127,115,12,12
25641,208,185,23,23
25642,85,82,3,3
25643,84,93,-9,9
25644,92,97,-5,5
25645,118,129,-11,11
25646,66,77,-11,11
25647,79,84,-5,5
25648,167,147,20,20
25649,174,165,9,9
25650,92,93,-1,1
25651,90,99,-9,9
25652,103,97,6,6
25653,85,86,-1,1
25654,43,55,-12,12
25655,144,136,8,8
25656,66,72,-6,6
25657,33,59,-26,26
25658,50,65,-15,15
25659,68,73,-5,5
25660,152,155,-3,3
25661,102,97,5,5
25662,45,56,-11,11
25663,67,70,-3,3
25664,59,69,-10,10
25665,92,100,-8,8
25666,138,132,6,6
25667,152,140,12,12
25668,79,81,-2,2
25669,122,122,0,0
25670,122,118,4,4
25671,59,74,-15,15
25672,164,143,21,21
25673,93,143,-50,50
25674,86,96,-10,10
25675,133,121,12,12
25676,95,107,-12,12
25677,86,94,-8,8
25678,76,78,-2,2
25679,152,139,13,13
25680,99,92,7,7
25681,62,67,-5,5
25682,92,98,-6,6
25683,105,98,7,7
25684,95,95,0,0
25685,103,86,17,17
25686,64,73,-9,9
25687,113,123,-10,10
25688,139,138,1,1
25689,116,108,8,8
25690,109,119,-10,10
25691,110,109,1,1
25692,102,102,0,0
25693,108,113,-5,5
25694,83,78,5,5
25695,151,141,10,10
25696,84,95,-11,11
25697,109,101,8,8
25698,136,124,12,12
25699,109,103,6,6
25700,136,114,22,22
25701,109,103,6,6
25702,68,78,-10,10
25703,76,77,-1,1
25704,81,85,-4,4
25705,102,99,3,3
25706,139,131,8,8
25707,86,92,-6,6
25708,105,100,5,5
25709,58,71,-13,13
25710,35,57,-22,22
25711,49,65,-16,16
25712,82,82,0,0
25713,70,80,-10,10
25714,79,85,-6,6
25715,66,70,-4,4
25716,122,117,5,5
25717,77,81,-4,4
25718,120,115,5,5
25719,155,133,22,22
25720,123,122,1,1
25721,74,85,-11,11
25722,88,89,-1,1
25723,143,136,7,7
25724,88,81,7,7
25725,57,67,-10,10
25726,130,120,10,10
25727,81,93,-12,12
25728,83,93,-10,10
25729,173,144,29,29
25730,66,76,-10,10
25731,91,94,-3,3
25732,70,72,-2,2
25733,73,70,3,3
25734,72,82,-10,10
25735,73,78,-5,5
25736,109,118,-9,9
25737,106,74,32,32
25738,72,75,-3,3
25739,80,90,-10,10
25740,188,165,23,23
25741,112,108,4,4
25742,116,112,4,4
25743,115,103,12,12
25744,97,98,-1,1
25745,171,161,10,10
25746,96,101,-5,5
25747,97,94,3,3
25748,60,71,-11,11
25749,119,105,14,14
25750,144,134,10,10
25751,64,71,-7,7
25752,55,67,-12,12
25753,92,92,0,0
25754,92,91,1,1
25755,133,131,2,2
25756,62,72,-10,10
25757,143,136,7,7
25758,92,99,-7,7
25759,95,113,-18,18
25760,43,55,-12,12
25761,110,105,5,5
25762,94,87,7,7
25763,68,76,-8,8
25764,81,85,-4,4
25765,150,129,21,21
25766,129,124,5,5
25767,133,120,13,13
25768,105,102,3,3
25769,66,86,-20,20
25770,91,95,-4,4
25771,90,81,9,9
25772,117,102,15,15
25773,140,128,12,12
25774,165,151,14,14
25775,95,96,-1,1
25776,85,85,0,0
25777,158,135,23,23
25778,138,139,-1,1
25779,96,97,-1,1
25780,122,118,4,4
25781,65,69,-4,4
25782,63,71,-8,8
25783,111,110,1,1
25784,80,102,-22,22
25785,79,84,-5,5
25786,100,93,7,7
25787,81,88,-7,7
25788,92,91,1,1
25789,75,94,-19,19
25790,82,87,-5,5
25791,79,91,-12,12
25792,57,76,-19,19
25793,148,121,27,27
25794,79,83,-4,4
25795,122,118,4,4
25796,82,87,-5,5
25797,61,69,-8,8
25798,38,55,-17,17
25799,94,103,-9,9
25800,101,88,13,13
25801,89,89,0,0
25802,68,72,-4,4
25803,47,60,-13,13
25804,90,88,2,2
25805,60,68,-8,8
25806,114,109,5,5
25807,80,91,-11,11
25808,127,110,17,17
25809,102,107,-5,5
25810,69,72,-3,3
25811,53,73,-20,20
25812,59,73,-14,14
25813,95,100,-5,5
25814,64,70,-6,6
25815,144,147,-3,3
25816,71,64,7,7
25817,100,103,-3,3
25818,116,115,1,1
25819,104,99,5,5
25820,177,175,2,2
25821,108,105,3,3
25822,132,121,11,11
25823,118,107,11,11
25824,135,142,-7,7
25825,115,111,4,4
25826,73,79,-6,6
25827,133,121,12,12
25828,95,95,0,0
25829,80,83,-3,3
25830,48,80,-32,32
25831,158,145,13,13
25832,73,81,-8,8
25833,94,92,2,2
25834,74,98,-24,24
25835,154,151,3,3
25836,127,125,2,2
25837,73,78,-5,5
25838,89,89,0,0
25839,61,73,-12,12
25840,87,85,2,2
25841,65,85,-20,20
25842,81,90,-9,9
25843,99,98,1,1
25844,83,92,-9,9
25845,90,95,-5,5
25846,82,85,-3,3
25847,115,104,11,11
25848,137,136,1,1
25849,78,82,-4,4
25850,94,88,6,6
25851,101,100,1,1
25852,96,95,1,1
25853,77,80,-3,3
25854,112,105,7,7
25855,138,133,5,5
25856,98,97,1,1
25857,91,98,-7,7
25858,143,130,13,13
25859,153,144,9,9
25860,40,54,-14,14
25861,69,74,-5,5
25862,67,74,-7,7
25863,43,59,-16,16
25864,104,108,-4,4
25865,117,109,8,8
25866,84,82,2,2
25867,84,91,-7,7
25868,74,75,-1,1
25869,75,80,-5,5
25870,147,148,-1,1
25871,94,98,-4,4
25872,92,93,-1,1
25873,71,78,-7,7
25874,84,83,1,1
25875,78,100,-22,22
25876,83,85,-2,2
25877,84,93,-9,9
25878,42,59,-17,17
25879,149,143,6,6
25880,95,99,-4,4
25881,132,118,14,14
25882,83,86,-3,3
25883,131,128,3,3
25884,62,75,-13,13
25885,87,91,-4,4
25886,91,87,4,4
25887,155,162,-7,7
25888,73,85,-12,12
25889,98,101,-3,3
25890,72,76,-4,4
25891,75,87,-12,12
25892,147,138,9,9
25893,54,70,-16,16
25894,128,120,8,8
25895,98,99,-1,1
25896,111,109,2,2
25897,81,87,-6,6
25898,87,83,4,4
25899,28,71,-43,43
25900,123,120,3,3
25901,82,81,1,1
25902,82,79,3,3
25903,113,107,6,6
25904,121,129,-8,8
25905,124,119,5,5
25906,85,84,1,1
25907,82,88,-6,6
25908,107,109,-2,2
25909,113,112,1,1
25910,74,87,-13,13
25911,97,94,3,3
25912,56,70,-14,14
25913,89,91,-2,2
25914,132,123,9,9
25915,134,125,9,9
25916,93,97,-4,4
25917,128,130,-2,2
25918,121,121,0,0
25919,132,135,-3,3
25920,114,113,1,1
25921,93,92,1,1
25922,132,125,7,7
25923,139,119,20,20
25924,59,68,-9,9
25925,185,157,28,28
25926,47,63,-16,16
25927,68,73,-5,5
25928,122,126,-4,4
25929,130,133,-3,3
25930,98,99,-1,1
25931,42,55,-13,13
25932,125,121,4,4
25933,56,66,-10,10
25934,129,125,4,4
25935,60,86,-26,26
25936,51,63,-12,12
25937,78,85,-7,7
25938,62,77,-15,15
25939,80,95,-15,15
25940,39,58,-19,19
25941,120,120,0,0
25942,100,94,6,6
25943,112,120,-8,8
25944,85,88,-3,3
25945,118,111,7,7
25946,124,129,-5,5
25947,56,64,-8,8
25948,97,101,-4,4
25949,83,93,-10,10
25950,91,96,-5,5
25951,68,74,-6,6
25952,108,111,-3,3
25953,87,93,-6,6
25954,57,70,-13,13
25955,70,72,-2,2
25956,87,92,-5,5
25957,111,103,8,8
25958,79,87,-8,8
25959,117,105,12,12
25960,95,101,-6,6
25961,139,128,11,11
25962,52,59,-7,7
25963,47,100,-53,53
25964,104,102,2,2
25965,89,87,2,2
25966,86,94,-8,8
25967,90,88,2,2
25968,113,108,5,5
25969,89,92,-3,3
25970,94,100,-6,6
25971,134,124,10,10
25972,63,67,-4,4
25973,102,100,2,2
25974,146,131,15,15
25975,140,134,6,6
25976,73,80,-7,7
25977,127,122,5,5
25978,47,65,-18,18
25979,90,105,-15,15
25980,77,81,-4,4
25981,136,122,14,14
25982,121,120,1,1
25983,82,81,1,1
25984,114,123,-9,9
25985,114,108,6,6
25986,80,82,-2,2
25987,82,83,-1,1
25988,79,84,-5,5
25989,107,112,-5,5
25990,113,100,13,13
25991,114,110,4,4
25992,52,67,-15,15
25993,67,73,-6,6
25994,74,82,-8,8
25995,113,115,-2,2
25996,77,79,-2,2
25997,125,125,0,0
25998,60,66,-6,6
25999,78,81,-3,3
26000,94,98,-4,4
26001,102,99,3,3
26002,115,105,10,10
26003,114,109,5,5
26004,115,118,-3,3
26005,109,106,3,3
26006,107,114,-7,7
26007,80,83,-3,3
26008,111,103,8,8
26009,36,63,-27,27
26010,78,82,-4,4
26011,87,88,-1,1
26012,74,78,-4,4
26013,70,81,-11,11
26014,64,73,-9,9
26015,51,61,-10,10
26016,97,99,-2,2
26017,106,102,4,4
26018,150,141,9,9
26019,105,99,6,6
26020,80,87,-7,7
26021,81,86,-5,5
26022,78,87,-9,9
26023,103,106,-3,3
26024,68,75,-7,7
26025,69,75,-6,6
26026,100,117,-17,17
26027,100,90,10,10
26028,171,157,14,14
26029,102,100,2,2
26030,98,91,7,7
26031,81,90,-9,9
26032,86,85,1,1
26033,47,63,-16,16
26034,83,92,-9,9
26035,139,134,5,5
26036,71,79,-8,8
26037,142,132,10,10
26038,65,70,-5,5
26039,68,73,-5,5
26040,63,71,-8,8
26041,105,97,8,8
26042,53,69,-16,16
26043,126,120,6,6
26044,137,137,0,0
26045,64,70,-6,6
26046,126,135,-9,9
26047,117,109,8,8
26048,65,94,-29,29
26049,133,132,1,1
26050,64,69,-5,5
26051,96,92,4,4
26052,92,93,-1,1
26053,99,103,-4,4
26054,148,144,4,4
26055,54,65,-11,11
26056,99,87,12,12
26057,89,101,-12,12
26058,63,69,-6,6
26059,90,91,-1,1
26060,71,80,-9,9
26061,82,78,4,4
26062,89,88,1,1
26063,58,66,-8,8
26064,88,96,-8,8
26065,91,96,-5,5
26066,29,43,-14,14
26067,63,69,-6,6
26068,73,80,-7,7
26069,68,70,-2,2
26070,76,88,-12,12
26071,73,72,1,1
26072,152,134,18,18
26073,113,101,12,12
26074,57,62,-5,5
26075,81,83,-2,2
26076,102,109,-7,7
26077,87,112,-25,25
26078,106,108,-2,2
26079,83,91,-8,8
26080,164,149,15,15
26081,122,107,15,15
26082,68,81,-13,13
26083,79,81,-2,2
26084,57,67,-10,10
26085,116,119,-3,3
26086,57,67,-10,10
26087,105,96,9,9
26088,95,89,6,6
26089,164,153,11,11
26090,159,158,1,1
26091,92,87,5,5
26092,100,109,-9,9
26093,64,67,-3,3
26094,121,153,-32,32
26095,157,139,18,18
26096,116,113,3,3
26097,46,60,-14,14
26098,106,102,4,4
26099,67,79,-12,12
26100,83,92,-9,9
26101,66,70,-4,4
26102,105,111,-6,6
26103,166,162,4,4
26104,109,94,15,15
26105,75,80,-5,5
26106,86,86,0,0
26107,91,88,3,3
26108,76,78,-2,2
26109,149,151,-2,2
26110,102,97,5,5
26111,76,83,-7,7
26112,64,69,-5,5
26113,108,101,7,7
26114,99,97,2,2
26115,104,104,0,0
26116,136,136,0,0
26117,72,91,-19,19
26118,92,86,6,6
26119,70,76,-6,6
26120,69,75,-6,6
26121,154,141,13,13
26122,129,120,9,9
26123,102,99,3,3
26124,107,104,3,3
26125,107,108,-1,1
26126,75,75,0,0
26127,108,103,5,5
26128,96,92,4,4
26129,80,88,-8,8
26130,73,80,-7,7
26131,129,123,6,6
26132,57,67,-10,10
26133,92,94,-2,2
26134,70,86,-16,16
26135,61,73,-12,12
26136,52,77,-25,25
26137,145,131,14,14
26138,74,81,-7,7
26139,75,76,-1,1
26140,134,128,6,6
26141,105,109,-4,4
26142,108,98,10,10
26143,98,100,-2,2
26144,96,91,5,5
26145,135,129,6,6
26146,103,104,-1,1
26147,84,86,-2,2
26148,132,121,11,11
26149,114,101,13,13
26150,87,85,2,2
26151,55,67,-12,12
26152,65,67,-2,2
26153,48,64,-16,16
26154,64,72,-8,8
26155,113,99,14,14
26156,137,123,14,14
26157,124,120,4,4
26158,47,61,-14,14
26159,103,97,6,6
26160,136,127,9,9
26161,80,82,-2,2
26162,65,86,-21,21
26163,117,107,10,10
26164,113,119,-6,6
26165,71,74,-3,3
26166,132,135,-3,3
26167,102,92,10,10
26168,191,173,18,18
26169,127,118,9,9
26170,102,103,-1,1
26171,104,99,5,5
26172,113,109,4,4
26173,74,92,-18,18
26174,143,137,6,6
26175,73,74,-1,1
26176,143,135,8,8
26177,120,110,10,10
26178,95,95,0,0
26179,84,92,-8,8
26180,146,138,8,8
26181,70,73,-3,3
26182,125,107,18,18
26183,79,83,-4,4
26184,77,89,-12,12
26185,69,73,-4,4
26186,100,98,2,2
26187,190,164,26,26
26188,90,94,-4,4
26189,67,85,-18,18
26190,179,169,10,10
26191,68,81,-13,13
26192,79,95,-16,16
26193,149,130,19,19
26194,87,77,10,10
26195,58,87,-29,29
26196,176,172,4,4
26197,67,73,-6,6
26198,76,82,-6,6
26199,127,120,7,7
26200,73,74,-1,1
26201,68,77,-9,9
26202,70,75,-5,5
26203,101,97,4,4
26204,122,125,-3,3
26205,95,92,3,3
26206,90,93,-3,3
26207,85,93,-8,8
26208,138,130,8,8
26209,115,118,-3,3
26210,122,116,6,6
26211,59,65,-6,6
26212,51,62,-11,11
26213,106,101,5,5
26214,110,114,-4,4
26215,111,113,-2,2
26216,62,87,-25,25
26217,93,88,5,5
26218,46,58,-12,12
26219,107,111,-4,4
26220,144,126,18,18
26221,92,85,7,7
26222,92,94,-2,2
26223,95,105,-10,10
26224,154,142,12,12
26225,54,63,-9,9
26226,102,102,0,0
26227,61,74,-13,13
26228,109,113,-4,4
26229,155,129,26,26
26230,83,79,4,4
26231,79,82,-3,3
26232,102,100,2,2
26233,133,115,18,18
26234,134,135,-1,1
26235,81,83,-2,2
26236,151,142,9,9
26237,46,60,-14,14
26238,97,98,-1,1
26239,62,70,-8,8
26240,114,111,3,3
26241,83,90,-7,7
26242,114,110,4,4
26243,87,99,-12,12
26244,110,97,13,13
26245,232,216,16,16
26246,35,52,-17,17
26247,96,93,3,3
26248,87,95,-8,8
26249,52,64,-12,12
26250,89,86,3,3
26251,84,80,4,4
26252,84,90,-6,6
26253,151,141,10,10
26254,51,63,-12,12
26255,112,103,9,9
26256,189,170,19,19
26257,68,72,-4,4
26258,77,79,-2,2
26259,62,73,-11,11
26260,112,109,3,3
26261,95,94,1,1
26262,81,91,-10,10
26263,108,97,11,11
26264,96,96,0,0
26265,58,65,-7,7
26266,84,85,-1,1
26267,116,104,12,12
26268,97,101,-4,4
26269,92,95,-3,3
26270,101,109,-8,8
26271,56,61,-5,5
26272,74,82,-8,8
26273,115,106,9,9
26274,74,83,-9,9
26275,58,65,-7,7
26276,129,127,2,2
26277,91,94,-3,3
26278,59,65,-6,6
26279,52,59,-7,7
26280,73,82,-9,9
26281,69,67,2,2
26282,119,99,20,20
26283,126,120,6,6
26284,114,96,18,18
26285,100,107,-7,7
26286,86,89,-3,3
26287,116,126,-10,10
26288,72,75,-3,3
26289,61,72,-11,11
26290,83,79,4,4
26291,94,97,-3,3
26292,90,99,-9,9
26293,93,100,-7,7
26294,31,41,-10,10
26295,163,150,13,13
26296,99,96,3,3
26297,46,63,-17,17
26298,55,64,-9,9
26299,75,82,-7,7
26300,72,79,-7,7
26301,107,97,10,10
26302,89,97,-8,8
26303,66,63,3,3
26304,67,79,-12,12
26305,145,139,6,6
26306,151,140,11,11
26307,153,128,25,25
26308,56,61,-5,5
26309,97,100,-3,3
26310,162,148,14,14
26311,90,91,-1,1
26312,106,100,6,6
26313,27,44,-17,17
26314,93,89,4,4
26315,105,102,3,3
26316,123,132,-9,9
26317,61,72,-11,11
26318,64,68,-4,4
26319,109,113,-4,4
26320,153,145,8,8
26321,81,83,-2,2
26322,167,142,25,25
26323,100,96,4,4
26324,40,63,-23,23
26325,84,95,-11,11
26326,126,123,3,3
26327,69,78,-9,9
26328,54,55,-1,1
26329,41,55,-14,14
26330,86,94,-8,8
26331,71,72,-1,1
26332,97,96,1,1
26333,131,129,2,2
26334,42,55,-13,13
26335,102,100,2,2
26336,83,91,-8,8
26337,187,165,22,22
26338,180,167,13,13
26339,73,80,-7,7
26340,108,126,-18,18
26341,57,67,-10,10
26342,121,119,2,2
26343,88,94,-6,6
26344,105,104,1,1
26345,80,92,-12,12
26346,86,94,-8,8
26347,124,118,6,6
26348,117,111,6,6
26349,112,109,3,3
26350,66,71,-5,5
26351,94,103,-9,9
26352,107,108,-1,1
26353,45,57,-12,12
26354,121,118,3,3
26355,82,82,0,0
26356,69,78,-9,9
26357,160,141,19,19
26358,119,109,10,10
26359,58,66,-8,8
26360,100,97,3,3
26361,72,78,-6,6
26362,67,73,-6,6
26363,66,74,-8,8
26364,119,114,5,5
26365,138,139,-1,1
26366,65,70,-5,5
26367,105,110,-5,5
26368,36,59,-23,23
26369,69,76,-7,7
26370,78,80,-2,2
26371,131,119,12,12
26372,109,118,-9,9
26373,75,77,-2,2
26374,63,64,-1,1
26375,53,70,-17,17
26376,105,106,-1,1
26377,64,76,-12,12
26378,70,79,-9,9
26379,26,46,-20,20
26380,181,166,15,15
26381,66,75,-9,9
26382,130,135,-5,5
26383,122,122,0,0
26384,94,95,-1,1
26385,124,122,2,2
26386,70,79,-9,9
26387,114,114,0,0
26388,93,89,4,4
26389,106,112,-6,6
26390,96,95,1,1
26391,90,98,-8,8
26392,118,119,-1,1
26393,63,90,-27,27
26394,79,87,-8,8
26395,43,62,-19,19
26396,112,118,-6,6
26397,45,50,-5,5
26398,114,121,-7,7
26399,107,98,9,9
26400,83,82,1,1
26401,40,55,-15,15
26402,98,101,-3,3
26403,115,113,2,2
26404,92,101,-9,9
26405,131,132,-1,1
26406,106,94,12,12
26407,99,96,3,3
26408,67,73,-6,6
26409,171,153,18,18
26410,128,108,20,20
26411,88,87,1,1
26412,56,68,-12,12
26413,113,108,5,5
26414,62,59,3,3
26415,81,78,3,3
26416,83,91,-8,8
26417,113,104,9,9
26418,100,104,-4,4
26419,91,90,1,1
26420,79,90,-11,11
26421,156,143,13,13
26422,113,116,-3,3
26423,67,84,-17,17
26424,129,120,9,9
26425,89,94,-5,5
26426,66,73,-7,7
26427,102,106,-4,4
26428,131,125,6,6
26429,111,109,2,2
26430,47,55,-8,8
26431,37,57,-20,20
26432,92,97,-5,5
26433,91,93,-2,2
26434,101,99,2,2
26435,43,63,-20,20
26436,78,78,0,0
26437,102,102,0,0
26438,92,93,-1,1
26439,96,105,-9,9
26440,109,109,0,0
26441,98,103,-5,5
26442,131,118,13,13
26443,104,109,-5,5
26444,96,122,-26,26
26445,98,97,1,1
26446,66,73,-7,7
26447,75,80,-5,5
26448,70,75,-5,5
26449,49,62,-13,13
26450,110,99,11,11
26451,128,113,15,15
26452,50,60,-10,10
26453,85,92,-7,7
26454,59,65,-6,6
26455,41,51,-10,10
26456,71,76,-5,5
26457,117,107,10,10
26458,91,95,-4,4
26459,64,73,-9,9
26460,118,119,-1,1
26461,43,58,-15,15
26462,134,127,7,7
26463,101,95,6,6
26464,109,98,11,11
26465,114,117,-3,3
26466,118,123,-5,5
26467,70,82,-12,12
26468,102,100,2,2
26469,157,151,6,6
26470,308,262,46,46
26471,104,115,-11,11
26472,106,96,10,10
26473,74,79,-5,5
26474,148,135,13,13
26475,106,105,1,1
26476,74,81,-7,7
26477,118,112,6,6
26478,114,115,-1,1
26479,60,67,-7,7
26480,135,119,16,16
26481,60,67,-7,7
26482,62,72,-10,10
26483,120,122,-2,2
26484,150,157,-7,7
26485,112,103,9,9
26486,87,92,-5,5
26487,100,102,-2,2
26488,52,67,-15,15
26489,82,87,-5,5
26490,136,137,-1,1
26491,65,75,-10,10
26492,104,98,6,6
26493,134,123,11,11
26494,104,93,11,11
26495,119,118,1,1
26496,119,109,10,10
26497,60,77,-17,17
26498,155,146,9,9
26499,129,128,1,1
26500,46,61,-15,15
26501,58,70,-12,12
26502,73,71,2,2
26503,114,101,13,13
26504,85,95,-10,10
26505,77,80,-3,3
26506,89,88,1,1
26507,186,164,22,22
26508,74,78,-4,4
26509,80,77,3,3
26510,108,109,-1,1
26511,112,89,23,23
26512,38,53,-15,15
26513,61,64,-3,3
26514,109,102,7,7
26515,46,51,-5,5
26516,139,125,14,14
26517,85,91,-6,6
26518,97,93,4,4
26519,60,78,-18,18
26520,36,54,-18,18
26521,89,102,-13,13
26522,147,139,8,8
26523,94,88,6,6
26524,88,84,4,4
26525,120,110,10,10
26526,75,89,-14,14
26527,95,97,-2,2
26528,90,88,2,2
26529,46,61,-15,15
26530,49,63,-14,14
26531,145,135,10,10
26532,93,85,8,8
26533,48,56,-8,8
26534,93,94,-1,1
26535,76,74,2,2
26536,51,60,-9,9
26537,102,97,5,5
26538,86,88,-2,2
26539,88,87,1,1
26540,97,101,-4,4
26541,139,125,14,14
26542,163,148,15,15
26543,91,102,-11,11
26544,139,123,16,16
26545,56,74,-18,18
26546,56,74,-18,18
26547,84,87,-3,3
26548,85,92,-7,7
26549,55,67,-12,12
26550,82,83,-1,1
26551,90,89,1,1
26552,102,95,7,7
26553,46,59,-13,13
26554,151,144,7,7
26555,90,89,1,1
26556,78,112,-34,34
26557,70,71,-1,1
26558,126,118,8,8
26559,114,117,-3,3
26560,135,119,16,16
26561,209,180,29,29
26562,163,149,14,14
26563,62,70,-8,8
26564,79,97,-18,18
26565,90,90,0,0
26566,126,118,8,8
26567,161,139,22,22
26568,119,112,7,7
26569,65,82,-17,17
26570,75,104,-29,29
26571,94,89,5,5
26572,57,63,-6,6
26573,60,68,-8,8
26574,62,69,-7,7
26575,61,72,-11,11
26576,174,158,16,16
26577,65,73,-8,8
26578,122,121,1,1
26579,103,119,-16,16
26580,66,74,-8,8
26581,110,102,8,8
26582,59,69,-10,10
26583,120,111,9,9
26584,101,101,0,0
26585,94,94,0,0
26586,125,121,4,4
26587,76,80,-4,4
26588,66,79,-13,13
26589,85,92,-7,7
26590,101,105,-4,4
26591,79,81,-2,2
26592,179,166,13,13
26593,73,84,-11,11
26594,97,103,-6,6
26595,40,68,-28,28
26596,75,79,-4,4
26597,157,149,8,8
26598,77,82,-5,5
26599,108,116,-8,8
26600,129,119,10,10
26601,100,98,2,2
26602,76,93,-17,17
26603,40,55,-15,15
26604,72,79,-7,7
26605,81,82,-1,1
26606,122,112,10,10
26607,77,76,1,1
26608,162,151,11,11
26609,52,62,-10,10
26610,86,83,3,3
26611,61,64,-3,3
26612,139,127,12,12
26613,122,117,5,5
26614,129,128,1,1
26615,64,69,-5,5
26616,53,63,-10,10
26617,163,148,15,15
26618,76,92,-16,16
26619,47,58,-11,11
26620,57,67,-10,10
26621,142,130,12,12
26622,89,83,6,6
26623,100,103,-3,3
26624,126,129,-3,3
26625,149,133,16,16
26626,102,95,7,7
26627,51,64,-13,13
26628,131,116,15,15
26629,113,113,0,0
26630,128,117,11,11
26631,84,79,5,5
26632,88,88,0,0
26633,96,95,1,1
26634,131,114,17,17
26635,142,135,7,7
26636,139,128,11,11
26637,62,72,-10,10
26638,162,161,1,1
26639,100,101,-1,1
26640,94,94,0,0
26641,118,112,6,6
26642,140,122,18,18
26643,105,102,3,3
26644,54,66,-12,12
26645,80,85,-5,5
26646,54,63,-9,9
26647,82,90,-8,8
26648,78,84,-6,6
26649,81,84,-3,3
26650,55,64,-9,9
26651,142,143,-1,1
26652,152,137,15,15
26653,121,118,3,3
26654,109,104,5,5
26655,80,91,-11,11
26656,73,79,-6,6
26657,154,121,33,33
26658,122,122,0,0
26659,85,87,-2,2
26660,65,74,-9,9
26661,127,116,11,11
26662,44,55,-11,11
26663,90,98,-8,8
26664,115,116,-1,1
26665,124,119,5,5
26666,148,145,3,3
26667,49,56,-7,7
26668,77,82,-5,5
26669,173,158,15,15
26670,68,78,-10,10
26671,149,143,6,6
26672,73,78,-5,5
26673,54,63,-9,9
26674,90,86,4,4
26675,73,79,-6,6
26676,74,83,-9,9
26677,49,58,-9,9
26678,79,80,-1,1
26679,117,118,-1,1
26680,57,73,-16,16
26681,123,108,15,15
26682,94,94,0,0
26683,124,108,16,16
26684,74,81,-7,7
26685,63,71,-8,8
26686,116,107,9,9
26687,93,91,2,2
26688,115,120,-5,5
26689,64,71,-7,7
26690,117,119,-2,2
26691,74,81,-7,7
26692,49,58,-9,9
26693,72,74,-2,2
26694,86,91,-5,5
26695,52,61,-9,9
26696,87,90,-3,3
26697,152,146,6,6
26698,61,72,-11,11
26699,67,77,-10,10
26700,64,78,-14,14
26701,100,101,-1,1
26702,135,118,17,17
26703,120,119,1,1
26704,124,111,13,13
26705,105,109,-4,4
26706,144,144,0,0
26707,100,101,-1,1
26708,80,84,-4,4
26709,73,89,-16,16
26710,82,88,-6,6
26711,76,77,-1,1
26712,115,113,2,2
26713,106,108,-2,2
26714,125,124,1,1
26715,86,85,1,1
26716,94,94,0,0
26717,80,89,-9,9
26718,145,126,19,19
26719,122,116,6,6
26720,122,116,6,6
26721,115,108,7,7
26722,66,74,-8,8
26723,85,83,2,2
26724,95,102,-7,7
26725,110,98,12,12
26726,49,71,-22,22
26727,80,94,-14,14
26728,101,96,5,5
26729,77,80,-3,3
26730,89,100,-11,11
26731,130,115,15,15
26732,106,116,-10,10
26733,56,63,-7,7
26734,68,70,-2,2
26735,152,140,12,12
26736,113,115,-2,2
26737,98,98,0,0
26738,125,119,6,6
26739,71,77,-6,6
26740,123,117,6,6
26741,97,85,12,12
26742,77,81,-4,4
26743,56,70,-14,14
26744,127,121,6,6
26745,49,67,-18,18
26746,115,108,7,7
26747,61,69,-8,8
26748,97,94,3,3
26749,101,104,-3,3
26750,77,87,-10,10
26751,117,123,-6,6
26752,90,98,-8,8
26753,120,112,8,8
26754,80,85,-5,5
26755,71,72,-1,1
26756,54,66,-12,12
26757,80,88,-8,8
26758,110,109,1,1
26759,71,93,-22,22
26760,82,90,-8,8
26761,68,81,-13,13
26762,78,89,-11,11
26763,69,71,-2,2
26764,87,86,1,1
26765,94,90,4,4
26766,137,126,11,11
26767,57,67,-10,10
26768,56,62,-6,6
26769,57,74,-17,17
26770,62,68,-6,6
26771,63,79,-16,16
26772,165,147,18,18
26773,115,107,8,8
26774,133,126,7,7
26775,94,86,8,8
26776,107,110,-3,3
26777,106,101,5,5
26778,112,117,-5,5
26779,93,94,-1,1
26780,55,69,-14,14
26781,85,89,-4,4
26782,41,50,-9,9
26783,120,108,12,12
26784,99,99,0,0
26785,83,79,4,4
26786,84,88,-4,4
26787,110,105,5,5
26788,124,125,-1,1
26789,122,113,9,9
26790,38,55,-17,17
26791,120,113,7,7
26792,97,98,-1,1
26793,61,70,-9,9
26794,113,118,-5,5
26795,74,76,-2,2
26796,79,80,-1,1
26797,125,110,15,15
26798,81,84,-3,3
26799,125,119,6,6
26800,123,121,2,2
26801,90,98,-8,8
26802,48,63,-15,15
26803,55,67,-12,12
26804,62,80,-18,18
26805,64,81,-17,17
26806,91,95,-4,4
26807,145,142,3,3
26808,86,84,2,2
26809,66,76,-10,10
26810,116,122,-6,6
26811,76,80,-4,4
26812,88,95,-7,7
26813,103,110,-7,7
26814,97,102,-5,5
26815,138,126,12,12
26816,75,82,-7,7
26817,92,88,4,4
26818,149,143,6,6
26819,60,69,-9,9
26820,108,111,-3,3
26821,30,47,-17,17
26822,89,87,2,2
26823,49,65,-16,16
26824,97,93,4,4
26825,128,115,13,13
26826,96,98,-2,2
26827,96,95,1,1
26828,63,64,-1,1
26829,76,81,-5,5
26830,106,106,0,0
26831,79,92,-13,13
26832,127,119,8,8
26833,45,60,-15,15
26834,105,110,-5,5
26835,90,91,-1,1
26836,43,58,-15,15
26837,235,152,83,83
26838,50,66,-16,16
26839,111,103,8,8
26840,69,70,-1,1
26841,52,136,-84,84
26842,105,103,2,2
26843,49,59,-10,10
26844,66,75,-9,9
26845,64,72,-8,8
26846,75,76,-1,1
26847,70,79,-9,9
26848,96,93,3,3
26849,86,94,-8,8
26850,109,106,3,3
26851,357,207,150,150
26852,74,77,-3,3
26853,96,100,-4,4
26854,101,104,-3,3
26855,86,91,-5,5
26856,97,91,6,6
26857,47,55,-8,8
26858,76,93,-17,17
26859,139,128,11,11
26860,127,121,6,6
26861,119,111,8,8
26862,133,123,10,10
26863,190,181,9,9
26864,119,110,9,9
26865,96,96,0,0
26866,31,45,-14,14
26867,94,106,-12,12
26868,112,122,-10,10
26869,104,100,4,4
26870,162,143,19,19
26871,128,121,7,7
26872,142,139,3,3
26873,107,84,23,23
26874,120,106,14,14
26875,57,70,-13,13
26876,157,143,14,14
26877,94,95,-1,1
26878,109,119,-10,10
26879,58,72,-14,14
26880,108,95,13,13
26881,88,87,1,1
26882,123,125,-2,2
26883,85,87,-2,2
26884,136,127,9,9
26885,72,85,-13,13
26886,77,78,-1,1
26887,59,66,-7,7
26888,154,138,16,16
26889,63,82,-19,19
26890,40,53,-13,13
26891,142,147,-5,5
26892,160,143,17,17
26893,68,69,-1,1
26894,91,88,3,3
26895,77,87,-10,10
26896,135,128,7,7
26897,134,189,-55,55
26898,172,165,7,7
26899,131,153,-22,22
26900,86,94,-8,8
26901,67,78,-11,11
26902,55,65,-10,10
26903,148,137,11,11
26904,66,75,-9,9
26905,120,104,16,16
26906,83,88,-5,5
26907,101,96,5,5
26908,83,82,1,1
26909,106,123,-17,17
26910,99,99,0,0
26911,67,76,-9,9
26912,130,124,6,6
26913,79,84,-5,5
26914,43,59,-16,16
26915,146,132,14,14
26916,57,65,-8,8
26917,100,109,-9,9
26918,139,120,19,19
26919,114,102,12,12
26920,61,71,-10,10
26921,77,96,-19,19
26922,102,111,-9,9
26923,104,100,4,4
26924,145,132,13,13
26925,81,92,-11,11
26926,87,95,-8,8
26927,135,138,-3,3
26928,117,116,1,1
26929,82,81,1,1
26930,118,117,1,1
26931,106,111,-5,5
26932,123,121,2,2
26933,109,109,0,0
26934,66,72,-6,6
26935,86,91,-5,5
26936,104,105,-1,1
26937,61,81,-20,20
26938,59,86,-27,27
26939,68,75,-7,7
26940,68,76,-8,8
26941,63,74,-11,11
26942,85,84,1,1
26943,135,132,3,3
26944,117,120,-3,3
26945,134,122,12,12
26946,104,105,-1,1
26947,73,79,-6,6
26948,79,82,-3,3
26949,137,129,8,8
26950,106,96,10,10
26951,80,76,4,4
26952,175,156,19,19
26953,96,100,-4,4
26954,137,122,15,15
26955,119,118,1,1
26956,118,110,8,8
26957,135,129,6,6
26958,127,104,23,23
26959,103,106,-3,3
26960,87,91,-4,4
26961,90,77,13,13
26962,50,64,-14,14
26963,68,76,-8,8
26964,75,80,-5,5
26965,150,148,2,2
26966,107,99,8,8
26967,122,119,3,3
26968,48,57,-9,9
26969,141,138,3,3
26970,96,94,2,2
26971,93,95,-2,2
26972,85,84,1,1
26973,55,66,-11,11
26974,51,63,-12,12
26975,99,97,2,2
26976,52,68,-16,16
26977,79,75,4,4
26978,110,108,2,2
26979,121,113,8,8
26980,37,50,-13,13
26981,92,97,-5,5
26982,66,65,1,1
26983,148,120,28,28
26984,83,85,-2,2
26985,175,157,18,18
26986,88,86,2,2
26987,110,103,7,7
26988,79,90,-11,11
26989,64,66,-2,2
26990,124,113,11,11
26991,129,121,8,8
26992,91,93,-2,2
26993,59,65,-6,6
26994,49,73,-24,24
26995,132,124,8,8
26996,76,108,-32,32
26997,110,103,7,7
26998,61,67,-6,6
26999,90,96,-6,6
27000,126,122,4,4
27001,98,99,-1,1
27002,59,63,-4,4
27003,93,99,-6,6
27004,76,74,2,2
27005,75,74,1,1
27006,85,92,-7,7
27007,149,132,17,17
27008,89,90,-1,1
27009,112,109,3,3
27010,88,86,2,2
27011,65,70,-5,5
27012,86,92,-6,6
27013,64,67,-3,3
27014,81,95,-14,14
27015,86,93,-7,7
27016,70,73,-3,3
27017,150,123,27,27
27018,102,98,4,4
27019,92,87,5,5
27020,47,64,-17,17
27021,92,98,-6,6
27022,108,105,3,3
27023,85,91,-6,6
27024,127,121,6,6
27025,114,108,6,6
27026,89,85,4,4
27027,98,101,-3,3
27028,47,53,-6,6
27029,95,104,-9,9
27030,174,166,8,8
27031,74,77,-3,3
27032,214,193,21,21
27033,35,53,-18,18
27034,202,191,11,11
27035,83,83,0,0
27036,125,117,8,8
27037,109,96,13,13
27038,54,67,-13,13
27039,56,67,-11,11
27040,71,79,-8,8
27041,81,83,-2,2
27042,78,83,-5,5
27043,61,67,-6,6
27044,77,79,-2,2
27045,114,106,8,8
27046,59,69,-10,10
27047,116,121,-5,5
27048,49,66,-17,17
27049,66,85,-19,19
27050,91,84,7,7
27051,98,99,-1,1
27052,73,81,-8,8
27053,78,81,-3,3
27054,105,107,-2,2
27055,112,105,7,7
27056,84,91,-7,7
27057,78,77,1,1
27058,112,118,-6,6
27059,178,147,31,31
27060,134,130,4,4
27061,93,92,1,1
27062,99,100,-1,1
27063,67,74,-7,7
27064,76,83,-7,7
27065,80,79,1,1
27066,74,77,-3,3
27067,83,89,-6,6
27068,99,112,-13,13
27069,70,69,1,1
27070,64,75,-11,11
27071,128,120,8,8
27072,93,89,4,4
27073,65,70,-5,5
27074,40,54,-14,14
27075,133,123,10,10
27076,97,99,-2,2
27077,89,97,-8,8
27078,73,79,-6,6
27079,102,95,7,7
27080,62,70,-8,8
27081,91,95,-4,4
27082,147,135,12,12
27083,70,73,-3,3
27084,71,76,-5,5
27085,86,89,-3,3
27086,62,71,-9,9
27087,104,92,12,12
27088,72,74,-2,2
27089,52,62,-10,10
27090,38,54,-16,16
27091,67,78,-11,11
27092,196,176,20,20
27093,47,56,-9,9
27094,51,63,-12,12
27095,88,91,-3,3
27096,96,97,-1,1
27097,42,55,-13,13
27098,101,104,-3,3
27099,105,99,6,6
27100,70,74,-4,4
27101,87,100,-13,13
27102,120,120,0,0
27103,71,75,-4,4
27104,118,109,9,9
27105,71,86,-15,15
27106,101,107,-6,6
27107,80,81,-1,1
27108,107,99,8,8
27109,87,82,5,5
27110,60,75,-15,15
27111,56,62,-6,6
27112,79,87,-8,8
27113,148,137,11,11
27114,75,79,-4,4
27115,53,63,-10,10
27116,88,89,-1,1
27117,104,123,-19,19
27118,77,74,3,3
27119,53,62,-9,9
27120,114,112,2,2
27121,74,75,-1,1
27122,73,85,-12,12
27123,127,119,8,8
27124,81,80,1,1
27125,127,124,3,3
27126,139,123,16,16
27127,78,82,-4,4
27128,79,79,0,0
27129,115,105,10,10
27130,125,112,13,13
27131,141,134,7,7
27132,127,112,15,15
27133,105,104,1,1
27134,57,70,-13,13
27135,99,103,-4,4
27136,91,90,1,1
27137,98,93,5,5
27138,114,123,-9,9
27139,74,79,-5,5
27140,143,122,21,21
27141,68,75,-7,7
27142,159,142,17,17
27143,69,72,-3,3
27144,72,72,0,0
27145,48,62,-14,14
27146,110,108,2,2
27147,86,87,-1,1
27148,72,78,-6,6
27149,80,80,0,0
27150,70,81,-11,11
27151,37,53,-16,16
27152,79,82,-3,3
27153,53,57,-4,4
27154,82,85,-3,3
27155,55,67,-12,12
27156,72,86,-14,14
27157,104,103,1,1
27158,81,86,-5,5
27159,131,131,0,0
27160,110,118,-8,8
27161,70,81,-11,11
27162,96,101,-5,5
27163,56,72,-16,16
27164,76,76,0,0
27165,87,93,-6,6
27166,100,95,5,5
27167,51,65,-14,14
27168,67,72,-5,5
27169,50,64,-14,14
27170,72,89,-17,17
27171,69,77,-8,8
27172,96,100,-4,4
27173,90,87,3,3
27174,84,89,-5,5
27175,136,135,1,1
27176,83,85,-2,2
27177,93,98,-5,5
27178,130,141,-11,11
27179,111,110,1,1
27180,107,118,-11,11
27181,112,120,-8,8
27182,27,35,-8,8
27183,156,137,19,19
27184,102,96,6,6
27185,122,120,2,2
27186,114,105,9,9
27187,39,54,-15,15
27188,137,126,11,11
27189,86,88,-2,2
27190,83,79,4,4
27191,148,138,10,10
27192,108,107,1,1
27193,102,99,3,3
27194,95,98,-3,3
27195,52,69,-17,17
27196,78,86,-8,8
27197,99,100,-1,1
27198,124,123,1,1
27199,94,103,-9,9
27200,120,120,0,0
27201,102,106,-4,4
27202,128,127,1,1
27203,64,66,-2,2
27204,78,80,-2,2
27205,65,78,-13,13
27206,128,127,1,1
27207,88,82,6,6
27208,63,77,-14,14
27209,86,95,-9,9
27210,102,104,-2,2
27211,120,100,20,20
27212,95,102,-7,7
27213,83,84,-1,1
27214,96,104,-8,8
27215,75,82,-7,7
27216,50,62,-12,12
27217,69,72,-3,3
27218,118,105,13,13
27219,103,108,-5,5
27220,88,95,-7,7
27221,83,87,-4,4
27222,113,103,10,10
27223,89,84,5,5
27224,92,93,-1,1
27225,96,100,-4,4
27226,97,118,-21,21
27227,57,64,-7,7
27228,70,76,-6,6
27229,79,91,-12,12
27230,81,85,-4,4
27231,106,102,4,4
27232,178,156,22,22
27233,141,135,6,6
27234,97,96,1,1
27235,152,148,4,4
27236,82,86,-4,4
27237,62,68,-6,6
27238,69,79,-10,10
27239,145,136,9,9
27240,80,82,-2,2
27241,124,119,5,5
27242,128,124,4,4
27243,147,132,15,15
27244,181,174,7,7
27245,92,97,-5,5
27246,48,61,-13,13
27247,144,137,7,7
27248,54,70,-16,16
27249,116,106,10,10
27250,106,103,3,3
27251,72,76,-4,4
27252,139,124,15,15
27253,153,147,6,6
27254,105,97,8,8
27255,152,138,14,14
27256,137,121,16,16
27257,123,122,1,1
27258,49,65,-16,16
27259,80,81,-1,1
27260,63,62,1,1
27261,35,69,-34,34
27262,53,65,-12,12
27263,80,87,-7,7
27264,56,60,-4,4
27265,143,143,0,0
27266,160,145,15,15
27267,98,97,1,1
27268,98,94,4,4
27269,83,91,-8,8
27270,117,123,-6,6
27271,143,137,6,6
27272,91,98,-7,7
27273,60,74,-14,14
27274,106,99,7,7
27275,33,52,-19,19
27276,65,70,-5,5
27277,79,80,-1,1
27278,47,56,-9,9
27279,78,83,-5,5
27280,108,110,-2,2
27281,59,72,-13,13
27282,75,86,-11,11
27283,130,126,4,4
27284,75,87,-12,12
27285,89,93,-4,4
27286,85,84,1,1
27287,127,119,8,8
27288,71,85,-14,14
27289,103,102,1,1
27290,40,53,-13,13
27291,57,78,-21,21
27292,142,132,10,10
27293,61,79,-18,18
27294,77,77,0,0
27295,95,100,-5,5
27296,90,79,11,11
27297,101,102,-1,1
27298,64,69,-5,5
27299,154,127,27,27
27300,90,91,-1,1
27301,103,101,2,2
27302,134,125,9,9
27303,96,83,13,13
27304,48,59,-11,11
27305,88,85,3,3
27306,126,119,7,7
27307,80,78,2,2
27308,66,73,-7,7
27309,43,55,-12,12
27310,71,74,-3,3
27311,102,101,1,1
27312,78,79,-1,1
27313,99,98,1,1
27314,110,105,5,5
27315,105,105,0,0
27316,103,109,-6,6
27317,103,103,0,0
27318,62,90,-28,28
27319,92,97,-5,5
27320,68,78,-10,10
27321,94,96,-2,2
27322,97,99,-2,2
27323,50,69,-19,19
27324,46,71,-25,25
27325,76,77,-1,1
27326,127,108,19,19
27327,55,64,-9,9
27328,62,68,-6,6
27329,114,117,-3,3
27330,70,73,-3,3
27331,110,108,2,2
27332,115,111,4,4
27333,102,95,7,7
27334,105,111,-6,6
27335,99,97,2,2
27336,122,119,3,3
27337,69,78,-9,9
27338,69,69,0,0
27339,79,82,-3,3
27340,67,77,-10,10
27341,76,77,-1,1
27342,54,63,-9,9
27343,96,94,2,2
27344,90,92,-2,2
27345,73,76,-3,3
27346,76,82,-6,6
27347,48,61,-13,13
27348,104,107,-3,3
27349,64,72,-8,8
27350,76,80,-4,4
27351,106,106,0,0
27352,58,68,-10,10
27353,118,119,-1,1
27354,78,85,-7,7
27355,119,119,0,0
27356,64,74,-10,10
27357,144,119,25,25
27358,112,102,10,10
27359,60,68,-8,8
27360,58,87,-29,29
27361,148,157,-9,9
27362,70,74,-4,4
27363,193,167,26,26
27364,90,95,-5,5
27365,50,61,-11,11
27366,94,91,3,3
27367,114,106,8,8
27368,57,68,-11,11
27369,72,89,-17,17
27370,97,86,11,11
27371,121,114,7,7
27372,96,96,0,0
27373,78,87,-9,9
27374,124,127,-3,3
27375,156,147,9,9
27376,103,97,6,6
27377,117,120,-3,3
27378,75,72,3,3
27379,101,104,-3,3
27380,45,55,-10,10
27381,60,67,-7,7
27382,124,122,2,2
27383,129,122,7,7
27384,90,95,-5,5
27385,79,89,-10,10
27386,64,73,-9,9
27387,87,98,-11,11
27388,138,131,7,7
27389,106,107,-1,1
27390,96,99,-3,3
27391,124,119,5,5
27392,78,82,-4,4
27393,99,98,1,1
27394,208,166,42,42
27395,111,109,2,2
27396,107,100,7,7
27397,92,87,5,5
27398,87,85,2,2
27399,108,118,-10,10
27400,70,70,0,0
27401,115,114,1,1
27402,86,94,-8,8
27403,86,86,0,0
27404,165,157,8,8
27405,59,98,-39,39
27406,111,116,-5,5
27407,196,166,30,30
27408,99,99,0,0
27409,121,101,20,20
27410,57,64,-7,7
27411,78,81,-3,3
27412,98,101,-3,3
27413,90,85,5,5
27414,89,94,-5,5
27415,97,95,2,2
27416,77,80,-3,3
27417,78,81,-3,3
27418,95,108,-13,13
27419,98,98,0,0
27420,126,115,11,11
27421,107,107,0,0
27422,83,86,-3,3
27423,129,129,0,0
27424,93,98,-5,5
27425,210,172,38,38
27426,112,114,-2,2
27427,51,62,-11,11
27428,93,87,6,6
27429,61,76,-15,15
27430,76,87,-11,11
27431,107,105,2,2
27432,115,98,17,17
27433,106,106,0,0
27434,77,83,-6,6
27435,102,104,-2,2
27436,54,68,-14,14
27437,81,77,4,4
27438,64,80,-16,16
27439,134,129,5,5
27440,124,113,11,11
27441,49,66,-17,17
27442,90,100,-10,10
27443,72,72,0,0
27444,76,83,-7,7
27445,114,107,7,7
27446,59,75,-16,16
27447,97,116,-19,19
27448,96,92,4,4
27449,177,141,36,36
27450,111,106,5,5
27451,105,115,-10,10
27452,78,92,-14,14
27453,85,95,-10,10
27454,71,76,-5,5
27455,114,114,0,0
27456,78,88,-10,10
27457,164,155,9,9
27458,75,82,-7,7
27459,128,121,7,7
27460,105,117,-12,12
27461,75,78,-3,3
27462,87,91,-4,4
27463,104,100,4,4
27464,130,120,10,10
27465,101,105,-4,4
27466,81,84,-3,3
27467,75,79,-4,4
27468,115,109,6,6
27469,80,80,0,0
27470,54,74,-20,20
27471,93,98,-5,5
27472,142,116,26,26
27473,41,59,-18,18
27474,78,83,-5,5
27475,62,70,-8,8
27476,68,81,-13,13
27477,45,62,-17,17
27478,99,100,-1,1
27479,92,90,2,2
27480,88,84,4,4
27481,134,134,0,0
27482,112,106,6,6
27483,97,103,-6,6
27484,131,133,-2,2
27485,71,75,-4,4
27486,39,55,-16,16
27487,68,78,-10,10
27488,47,60,-13,13
27489,60,66,-6,6
27490,151,120,31,31
27491,81,76,5,5
27492,104,99,5,5
27493,99,105,-6,6
27494,103,100,3,3
27495,84,88,-4,4
27496,92,94,-2,2
27497,108,106,2,2
27498,124,119,5,5
27499,68,79,-11,11
27500,107,109,-2,2
27501,97,87,10,10
27502,108,103,5,5
27503,54,71,-17,17
27504,75,79,-4,4
27505,43,59,-16,16
27506,105,106,-1,1
27507,103,109,-6,6
27508,85,93,-8,8
27509,121,119,2,2
27510,85,91,-6,6
27511,102,96,6,6
27512,113,119,-6,6
27513,70,79,-9,9
27514,120,111,9,9
27515,106,97,9,9
27516,72,79,-7,7
27517,89,94,-5,5
27518,90,90,0,0
27519,52,59,-7,7
27520,78,84,-6,6
27521,88,95,-7,7
27522,290,231,59,59
27523,98,98,0,0
27524,94,98,-4,4
27525,130,119,11,11
27526,50,71,-21,21
27527,102,97,5,5
27528,72,77,-5,5
27529,79,80,-1,1
27530,101,101,0,0
27531,88,84,4,4
27532,75,81,-6,6
27533,109,119,-10,10
27534,68,73,-5,5
27535,117,114,3,3
27536,112,107,5,5
27537,149,136,13,13
27538,94,100,-6,6
27539,73,78,-5,5
27540,86,87,-1,1
27541,68,79,-11,11
27542,94,96,-2,2
27543,96,99,-3,3
27544,86,111,-25,25
27545,84,90,-6,6
27546,98,93,5,5
27547,149,139,10,10
27548,92,94,-2,2
27549,72,73,-1,1
27550,108,106,2,2
27551,85,98,-13,13
27552,92,94,-2,2
27553,72,80,-8,8
27554,73,83,-10,10
27555,91,94,-3,3
27556,167,162,5,5
27557,78,90,-12,12
27558,50,69,-19,19
27559,96,89,7,7
27560,105,108,-3,3
27561,102,102,0,0
27562,106,100,6,6
27563,138,127,11,11
27564,123,121,2,2
27565,76,79,-3,3
27566,95,96,-1,1
27567,87,91,-4,4
27568,154,148,6,6
27569,75,80,-5,5
27570,137,123,14,14
27571,98,89,9,9
27572,96,99,-3,3
27573,68,78,-10,10
27574,66,80,-14,14
27575,96,98,-2,2
27576,99,102,-3,3
27577,53,72,-19,19
27578,36,71,-35,35
27579,79,86,-7,7
27580,108,105,3,3
27581,20,30,-10,10
27582,95,97,-2,2
27583,78,85,-7,7
27584,114,116,-2,2
27585,89,101,-12,12
27586,118,134,-16,16
27587,163,144,19,19
27588,64,70,-6,6
27589,50,56,-6,6
27590,65,72,-7,7
27591,91,91,0,0
27592,126,125,1,1
27593,96,98,-2,2
27594,115,107,8,8
27595,114,111,3,3
27596,139,117,22,22
27597,45,66,-21,21
27598,155,149,6,6
27599,77,76,1,1
27600,105,95,10,10
27601,156,129,27,27
27602,90,93,-3,3
27603,105,98,7,7
27604,36,53,-17,17
27605,134,140,-6,6
27606,111,119,-8,8
27607,61,65,-4,4
27608,97,99,-2,2
27609,76,81,-5,5
27610,81,89,-8,8
27611,71,74,-3,3
27612,99,96,3,3
27613,98,100,-2,2
27614,89,88,1,1
27615,153,142,11,11
27616,110,114,-4,4
27617,61,68,-7,7
27618,72,82,-10,10
27619,107,104,3,3
27620,107,104,3,3
27621,116,108,8,8
27622,116,110,6,6
27623,71,77,-6,6
27624,95,95,0,0
27625,99,100,-1,1
27626,59,65,-6,6
27627,107,123,-16,16
27628,130,121,9,9
27629,95,83,12,12
27630,165,141,24,24
27631,171,148,23,23
27632,93,102,-9,9
27633,79,89,-10,10
27634,175,154,21,21
27635,121,119,2,2
27636,155,146,9,9
27637,174,164,10,10
27638,81,78,3,3
27639,57,64,-7,7
27640,180,146,34,34
27641,116,108,8,8
27642,162,152,10,10
27643,77,79,-2,2
27644,78,81,-3,3
27645,111,107,4,4
27646,87,84,3,3
27647,37,54,-17,17
27648,176,161,15,15
27649,69,82,-13,13
27650,72,80,-8,8
27651,91,95,-4,4
27652,102,102,0,0
27653,81,86,-5,5
27654,142,134,8,8
27655,189,163,26,26
27656,200,172,28,28
27657,61,72,-11,11
27658,89,93,-4,4
27659,94,98,-4,4
27660,88,91,-3,3
27661,85,84,1,1
27662,88,89,-1,1
27663,52,63,-11,11
27664,61,87,-26,26
27665,79,84,-5,5
27666,141,129,12,12
27667,83,86,-3,3
27668,112,138,-26,26
27669,123,117,6,6
27670,54,62,-8,8
27671,66,72,-6,6
27672,117,116,1,1
27673,73,79,-6,6
27674,70,87,-17,17
27675,66,71,-5,5
27676,105,119,-14,14
27677,77,84,-7,7
27678,100,98,2,2
27679,167,145,22,22
27680,73,77,-4,4
27681,130,124,6,6
27682,87,78,9,9
27683,85,84,1,1
27684,69,78,-9,9
27685,73,80,-7,7
27686,77,85,-8,8
27687,138,131,7,7
27688,80,91,-11,11
27689,55,65,-10,10
27690,117,105,12,12
27691,110,105,5,5
27692,60,65,-5,5
27693,96,93,3,3
27694,85,84,1,1
27695,106,111,-5,5
27696,94,95,-1,1
27697,69,81,-12,12
27698,125,124,1,1
27699,179,154,25,25
27700,86,88,-2,2
27701,129,122,7,7
27702,82,88,-6,6
27703,91,84,7,7
27704,150,141,9,9
27705,57,69,-12,12
27706,70,75,-5,5
27707,134,125,9,9
27708,71,79,-8,8
27709,74,84,-10,10
27710,83,87,-4,4
27711,82,101,-19,19
27712,70,78,-8,8
27713,82,94,-12,12
27714,52,62,-10,10
27715,93,88,5,5
27716,54,67,-13,13
27717,136,134,2,2
27718,72,78,-6,6
27719,86,108,-22,22
27720,108,115,-7,7
27721,93,89,4,4
27722,57,80,-23,23
27723,78,81,-3,3
27724,130,120,10,10
27725,83,89,-6,6
27726,116,104,12,12
27727,103,96,7,7
27728,79,85,-6,6
27729,43,58,-15,15
27730,100,102,-2,2
27731,77,81,-4,4
27732,127,120,7,7
27733,83,84,-1,1
27734,134,149,-15,15
27735,108,98,10,10
27736,122,113,9,9
27737,86,92,-6,6
27738,71,77,-6,6
27739,111,108,3,3
27740,132,119,13,13
27741,200,180,20,20
27742,77,79,-2,2
27743,131,115,16,16
27744,75,82,-7,7
27745,66,72,-6,6
27746,83,84,-1,1
27747,155,140,15,15
27748,104,93,11,11
27749,85,84,1,1
27750,149,129,20,20
27751,198,232,-34,34
27752,68,84,-16,16
27753,143,109,34,34
27754,118,103,15,15
27755,75,79,-4,4
27756,150,163,-13,13
27757,52,63,-11,11
27758,153,144,9,9
27759,88,99,-11,11
27760,101,118,-17,17
27761,74,76,-2,2
27762,102,106,-4,4
27763,140,128,12,12
27764,71,72,-1,1
27765,110,96,14,14
27766,110,109,1,1
27767,63,72,-9,9
27768,66,76,-10,10
27769,49,62,-13,13
27770,54,62,-8,8
27771,86,91,-5,5
27772,58,66,-8,8
27773,54,64,-10,10
27774,60,74,-14,14
27775,77,80,-3,3
27776,70,81,-11,11
27777,91,91,0,0
27778,112,110,2,2
27779,89,90,-1,1
27780,80,82,-2,2
27781,95,96,-1,1
27782,98,94,4,4
27783,91,93,-2,2
27784,117,115,2,2
27785,76,84,-8,8
27786,126,146,-20,20
27787,131,118,13,13
27788,65,74,-9,9
27789,90,87,3,3
27790,77,81,-4,4
27791,114,112,2,2
27792,88,88,0,0
27793,90,92,-2,2
27794,84,93,-9,9
27795,135,119,16,16
27796,95,92,3,3
27797,94,103,-9,9
27798,106,105,1,1
27799,75,79,-4,4
27800,115,109,6,6
27801,143,138,5,5
27802,60,64,-4,4
27803,68,71,-3,3
27804,73,75,-2,2
27805,168,142,26,26
27806,99,104,-5,5
27807,108,105,3,3
27808,77,89,-12,12
27809,60,64,-4,4
27810,79,80,-1,1
27811,103,118,-15,15
27812,120,121,-1,1
27813,137,141,-4,4
27814,80,93,-13,13
27815,78,84,-6,6
27816,49,65,-16,16
27817,97,108,-11,11
27818,104,105,-1,1
27819,172,153,19,19
27820,154,145,9,9
27821,93,100,-7,7
27822,103,95,8,8
27823,51,63,-12,12
27824,72,77,-5,5
27825,81,86,-5,5
27826,69,70,-1,1
27827,111,102,9,9
27828,106,103,3,3
27829,143,128,15,15
27830,46,54,-8,8
27831,118,120,-2,2
27832,136,117,19,19
27833,103,97,6,6
27834,115,118,-3,3
27835,100,98,2,2
27836,130,120,10,10
27837,146,130,16,16
27838,106,104,2,2
27839,160,149,11,11
27840,151,118,33,33
27841,111,107,4,4
27842,132,116,16,16
27843,70,69,1,1
27844,95,97,-2,2
27845,113,108,5,5
27846,100,128,-28,28
27847,84,86,-2,2
27848,144,124,20,20
27849,75,84,-9,9
27850,127,129,-2,2
27851,35,50,-15,15
27852,48,68,-20,20
27853,52,63,-11,11
27854,110,108,2,2
27855,109,105,4,4
27856,72,79,-7,7
27857,99,98,1,1
27858,58,62,-4,4
27859,81,77,4,4
27860,96,86,10,10
27861,71,77,-6,6
27862,122,103,19,19
27863,151,136,15,15
27864,92,91,1,1
27865,69,78,-9,9
27866,111,106,5,5
27867,106,99,7,7
27868,122,119,3,3
27869,100,88,12,12
27870,62,71,-9,9
27871,77,79,-2,2
27872,111,109,2,2
27873,68,80,-12,12
27874,97,94,3,3
27875,118,92,26,26
27876,118,116,2,2
27877,97,106,-9,9
27878,78,84,-6,6
27879,146,139,7,7
27880,99,100,-1,1
27881,76,79,-3,3
27882,64,67,-3,3
27883,48,60,-12,12
27884,89,90,-1,1
27885,59,67,-8,8
27886,74,81,-7,7
27887,72,81,-9,9
27888,83,84,-1,1
27889,83,76,7,7
27890,97,101,-4,4
27891,100,97,3,3
27892,181,173,8,8
27893,37,50,-13,13
27894,64,72,-8,8
27895,84,78,6,6
27896,68,69,-1,1
27897,54,63,-9,9
27898,85,85,0,0
27899,75,81,-6,6
27900,98,98,0,0
27901,147,132,15,15
27902,138,129,9,9
27903,61,67,-6,6
27904,83,93,-10,10
27905,158,136,22,22
27906,119,109,10,10
27907,88,85,3,3
27908,119,116,3,3
27909,118,105,13,13
27910,68,74,-6,6
27911,49,62,-13,13
27912,112,104,8,8
27913,113,108,5,5
27914,83,93,-10,10
27915,81,91,-10,10
27916,31,49,-18,18
27917,87,83,4,4
27918,144,133,11,11
27919,133,137,-4,4
27920,137,133,4,4
27921,95,98,-3,3
27922,80,85,-5,5
27923,109,105,4,4
27924,90,97,-7,7
27925,70,75,-5,5
27926,66,77,-11,11
27927,81,77,4,4
27928,156,146,10,10
27929,70,83,-13,13
27930,95,104,-9,9
27931,109,100,9,9
27932,61,110,-49,49
27933,40,50,-10,10
27934,138,140,-2,2
27935,96,91,5,5
27936,53,72,-19,19
27937,85,96,-11,11
27938,137,124,13,13
27939,113,109,4,4
27940,127,123,4,4
27941,77,77,0,0
27942,66,75,-9,9
27943,36,51,-15,15
27944,83,90,-7,7
27945,120,104,16,16
27946,55,69,-14,14
27947,61,74,-13,13
27948,68,72,-4,4
27949,93,97,-4,4
27950,173,161,12,12
27951,58,71,-13,13
27952,75,81,-6,6
27953,83,79,4,4
27954,141,143,-2,2
27955,67,74,-7,7
27956,35,53,-18,18
27957,63,75,-12,12
27958,52,63,-11,11
27959,183,163,20,20
27960,52,61,-9,9
27961,72,76,-4,4
27962,77,83,-6,6
27963,61,64,-3,3
27964,124,111,13,13
27965,78,85,-7,7
27966,123,120,3,3
27967,122,120,2,2
27968,88,93,-5,5
27969,74,83,-9,9
27970,66,80,-14,14
27971,69,82,-13,13
27972,92,96,-4,4
27973,79,80,-1,1
27974,45,73,-28,28
27975,115,118,-3,3
27976,143,136,7,7
27977,99,103,-4,4
27978,129,132,-3,3
27979,103,102,1,1
27980,90,100,-10,10
27981,88,89,-1,1
27982,123,124,-1,1
27983,175,146,29,29
27984,95,94,1,1
27985,105,106,-1,1
27986,65,77,-12,12
27987,66,69,-3,3
27988,137,121,16,16
27989,84,90,-6,6
27990,110,102,8,8
27991,118,106,12,12
27992,114,116,-2,2
27993,97,106,-9,9
27994,90,89,1,1
27995,124,122,2,2
27996,158,151,7,7
27997,67,95,-28,28
27998,96,95,1,1
27999,97,94,3,3
28000,108,105,3,3
28001,106,103,3,3
28002,56,64,-8,8
28003,69,76,-7,7
28004,41,59,-18,18
28005,67,73,-6,6
28006,172,160,12,12
28007,53,62,-9,9
28008,94,91,3,3
28009,121,116,5,5
28010,97,88,9,9
28011,91,91,0,0
28012,117,97,20,20
28013,125,140,-15,15
28014,59,68,-9,9
28015,114,105,9,9
28016,87,85,2,2
28017,106,107,-1,1
28018,77,84,-7,7
28019,135,119,16,16
28020,145,124,21,21
28021,72,77,-5,5
28022,53,68,-15,15
28023,149,135,14,14
28024,101,103,-2,2
28025,76,65,11,11
28026,87,97,-10,10
28027,73,74,-1,1
28028,107,104,3,3
28029,67,71,-4,4
28030,67,78,-11,11
28031,80,85,-5,5
28032,91,92,-1,1
28033,91,88,3,3
28034,104,117,-13,13
28035,66,66,0,0
28036,90,92,-2,2
28037,71,87,-16,16
28038,118,101,17,17
28039,87,95,-8,8
28040,68,74,-6,6
28041,114,118,-4,4
28042,117,119,-2,2
28043,130,120,10,10
28044,134,139,-5,5
28045,125,121,4,4
28046,74,77,-3,3
28047,88,88,0,0
28048,56,78,-22,22
28049,116,116,0,0
28050,145,137,8,8
28051,75,73,2,2
28052,71,89,-18,18
28053,50,62,-12,12
28054,97,99,-2,2
28055,55,60,-5,5
28056,52,60,-8,8
28057,154,125,29,29
28058,132,122,10,10
28059,180,155,25,25
28060,68,78,-10,10
28061,86,90,-4,4
28062,147,143,4,4
28063,68,87,-19,19
28064,80,82,-2,2
28065,98,93,5,5
28066,109,117,-8,8
28067,88,93,-5,5
28068,78,88,-10,10
28069,86,81,5,5
28070,42,57,-15,15
28071,74,87,-13,13
28072,137,129,8,8
28073,110,106,4,4
28074,76,91,-15,15
28075,64,72,-8,8
28076,150,134,16,16
28077,116,104,12,12
28078,74,81,-7,7
28079,69,74,-5,5
28080,55,61,-6,6
28081,114,121,-7,7
28082,178,174,4,4
28083,78,80,-2,2
28084,71,75,-4,4
28085,80,90,-10,10
28086,119,127,-8,8
28087,59,71,-12,12
28088,75,73,2,2
28089,77,92,-15,15
28090,64,78,-14,14
28091,118,107,11,11
28092,141,132,9,9
28093,144,142,2,2
28094,118,114,4,4
28095,90,80,10,10
28096,96,99,-3,3
28097,107,102,5,5
28098,141,144,-3,3
28099,71,68,3,3
28100,94,88,6,6
28101,196,171,25,25
28102,93,101,-8,8
28103,122,102,20,20
28104,78,85,-7,7
28105,83,102,-19,19
28106,84,82,2,2
28107,65,67,-2,2
28108,165,156,9,9
28109,116,124,-8,8
28110,91,83,8,8
28111,69,71,-2,2
28112,87,83,4,4
28113,94,102,-8,8
28114,113,109,4,4
28115,169,160,9,9
28116,112,102,10,10
28117,85,90,-5,5
28118,113,105,8,8
28119,145,128,17,17
28120,53,65,-12,12
28121,97,98,-1,1
28122,102,106,-4,4
28123,107,117,-10,10
28124,88,87,1,1
28125,76,79,-3,3
28126,46,59,-13,13
28127,83,88,-5,5
28128,99,94,5,5
28129,118,116,2,2
28130,85,82,3,3
28131,112,116,-4,4
28132,120,108,12,12
28133,246,202,44,44
28134,124,111,13,13
28135,64,75,-11,11
28136,118,106,12,12
28137,118,111,7,7
28138,78,84,-6,6
28139,74,85,-11,11
28140,86,86,0,0
28141,90,84,6,6
28142,132,137,-5,5
28143,125,119,6,6
28144,70,74,-4,4
28145,69,73,-4,4
28146,119,112,7,7
28147,144,130,14,14
28148,172,155,17,17
28149,83,85,-2,2
28150,99,95,4,4
28151,104,102,2,2
28152,127,123,4,4
28153,78,79,-1,1
28154,110,99,11,11
28155,53,64,-11,11
28156,79,89,-10,10
28157,47,55,-8,8
28158,123,124,-1,1
28159,132,124,8,8
28160,104,103,1,1
28161,127,121,6,6
28162,105,95,10,10
28163,65,76,-11,11
28164,100,102,-2,2
28165,192,159,33,33
28166,61,93,-32,32
28167,106,111,-5,5
28168,38,81,-43,43
28169,186,155,31,31
28170,166,144,22,22
28171,122,116,6,6
28172,141,134,7,7
28173,122,127,-5,5
28174,39,68,-29,29
28175,117,118,-1,1
28176,128,122,6,6
28177,148,139,9,9
28178,118,115,3,3
28179,96,97,-1,1
28180,72,83,-11,11
28181,76,76,0,0
28182,63,69,-6,6
28183,84,95,-11,11
28184,102,101,1,1
28185,75,80,-5,5
28186,92,94,-2,2
28187,69,75,-6,6
28188,94,85,9,9
28189,70,73,-3,3
28190,112,102,10,10
28191,87,83,4,4
28192,68,77,-9,9
28193,123,136,-13,13
28194,81,74,7,7
28195,116,126,-10,10
28196,82,89,-7,7
28197,149,131,18,18
28198,60,79,-19,19
28199,59,73,-14,14
28200,110,100,10,10
28201,89,124,-35,35
28202,114,114,0,0
28203,128,120,8,8
28204,57,71,-14,14
28205,77,86,-9,9
28206,85,88,-3,3
28207,194,184,10,10
28208,72,90,-18,18
28209,75,85,-10,10
28210,57,85,-28,28
28211,165,149,16,16
28212,99,97,2,2
28213,84,85,-1,1
28214,89,95,-6,6
28215,64,72,-8,8
28216,115,121,-6,6
28217,81,90,-9,9
28218,96,106,-10,10
28219,134,132,2,2
28220,74,77,-3,3
28221,121,134,-13,13
28222,81,95,-14,14
28223,58,66,-8,8
28224,77,76,1,1
28225,97,97,0,0
28226,66,69,-3,3
28227,104,106,-2,2
28228,112,116,-4,4
28229,59,66,-7,7
28230,151,135,16,16
28231,111,102,9,9
28232,133,125,8,8
28233,76,80,-4,4
28234,93,98,-5,5
28235,76,78,-2,2
28236,85,83,2,2
28237,151,145,6,6
28238,76,83,-7,7
28239,79,79,0,0
28240,172,178,-6,6
28241,148,131,17,17
28242,89,94,-5,5
28243,87,83,4,4
28244,128,122,6,6
28245,71,75,-4,4
28246,72,74,-2,2
28247,77,83,-6,6
28248,100,97,3,3
28249,107,109,-2,2
28250,86,88,-2,2
28251,81,79,2,2
28252,93,93,0,0
28253,56,63,-7,7
28254,138,123,15,15
28255,77,83,-6,6
28256,175,159,16,16
28257,72,78,-6,6
28258,93,93,0,0
28259,92,90,2,2
28260,104,118,-14,14
28261,132,119,13,13
28262,81,90,-9,9
28263,71,81,-10,10
28264,140,140,0,0
28265,102,98,4,4
28266,53,62,-9,9
28267,87,94,-7,7
28268,147,135,12,12
28269,93,102,-9,9
28270,65,72,-7,7
28271,154,138,16,16
28272,222,192,30,30
28273,107,102,5,5
28274,81,81,0,0
28275,59,68,-9,9
28276,63,70,-7,7
28277,100,101,-1,1
28278,89,84,5,5
28279,70,73,-3,3
28280,90,96,-6,6
28281,135,134,1,1
28282,112,107,5,5
28283,102,99,3,3
28284,126,126,0,0
28285,87,94,-7,7
28286,98,97,1,1
28287,128,111,17,17
28288,54,64,-10,10
28289,88,93,-5,5
28290,79,82,-3,3
28291,177,158,19,19
28292,110,106,4,4
28293,68,79,-11,11
28294,126,123,3,3
28295,115,111,4,4
28296,105,108,-3,3
28297,86,88,-2,2
28298,66,98,-32,32
28299,65,66,-1,1
28300,78,91,-13,13
28301,87,89,-2,2
28302,108,107,1,1
28303,46,66,-20,20
28304,106,105,1,1
28305,127,118,9,9
28306,137,133,4,4
28307,84,81,3,3
28308,73,84,-11,11
28309,70,74,-4,4
28310,76,79,-3,3
28311,84,86,-2,2
28312,125,97,28,28
28313,73,81,-8,8
28314,176,164,12,12
28315,97,95,2,2
28316,128,120,8,8
28317,74,80,-6,6
28318,145,133,12,12
28319,93,98,-5,5
28320,70,77,-7,7
28321,67,82,-15,15
28322,84,88,-4,4
28323,59,67,-8,8
28324,92,95,-3,3
28325,112,106,6,6
28326,51,61,-10,10
28327,56,64,-8,8
28328,92,94,-2,2
28329,49,65,-16,16
28330,98,103,-5,5
28331,71,80,-9,9
28332,72,78,-6,6
28333,68,81,-13,13
28334,87,95,-8,8
28335,121,118,3,3
28336,94,98,-4,4
28337,76,89,-13,13
28338,112,104,8,8
28339,69,70,-1,1
28340,113,111,2,2
28341,129,127,2,2
28342,105,107,-2,2
28343,99,107,-8,8
28344,58,68,-10,10
28345,130,120,10,10
28346,85,85,0,0
28347,73,72,1,1
28348,56,60,-4,4
28349,97,105,-8,8
28350,104,111,-7,7
28351,73,80,-7,7
28352,111,103,8,8
28353,73,73,0,0
28354,98,93,5,5
28355,102,106,-4,4
28356,80,79,1,1
28357,47,58,-11,11
28358,102,110,-8,8
28359,76,81,-5,5
28360,69,87,-18,18
28361,85,93,-8,8
28362,111,113,-2,2
28363,34,47,-13,13
28364,137,132,5,5
28365,79,82,-3,3
28366,72,83,-11,11
28367,62,75,-13,13
28368,91,93,-2,2
28369,82,87,-5,5
28370,120,129,-9,9
28371,92,98,-6,6
28372,110,113,-3,3
28373,122,118,4,4
28374,119,115,4,4
28375,183,168,15,15
28376,61,72,-11,11
28377,97,91,6,6
28378,117,119,-2,2
28379,71,79,-8,8
28380,100,93,7,7
28381,119,112,7,7
28382,94,86,8,8
28383,94,98,-4,4
28384,97,88,9,9
28385,62,65,-3,3
28386,74,81,-7,7
28387,104,106,-2,2
28388,143,139,4,4
28389,74,82,-8,8
28390,126,120,6,6
28391,64,71,-7,7
28392,97,94,3,3
28393,82,84,-2,2
28394,56,72,-16,16
28395,98,101,-3,3
28396,139,130,9,9
28397,102,103,-1,1
28398,100,102,-2,2
28399,115,101,14,14
28400,138,119,19,19
28401,39,54,-15,15
28402,132,128,4,4
28403,127,126,1,1
28404,98,94,4,4
28405,83,78,5,5
28406,106,109,-3,3
28407,161,144,17,17
28408,77,71,6,6
28409,76,90,-14,14
28410,96,94,2,2
28411,107,108,-1,1
28412,85,237,-152,152
28413,79,85,-6,6
28414,102,98,4,4
28415,57,62,-5,5
28416,79,84,-5,5
28417,76,90,-14,14
28418,82,91,-9,9
28419,56,63,-7,7
28420,84,84,0,0
28421,110,102,8,8
28422,183,157,26,26
28423,118,122,-4,4
28424,100,96,4,4
28425,109,100,9,9
28426,101,97,4,4
28427,57,70,-13,13
28428,89,106,-17,17
28429,148,130,18,18
28430,202,188,14,14
28431,137,138,-1,1
28432,91,92,-1,1
28433,112,110,2,2
28434,68,77,-9,9
28435,83,85,-2,2
28436,72,77,-5,5
28437,79,80,-1,1
28438,116,115,1,1
28439,54,64,-10,10
28440,87,94,-7,7
28441,82,88,-6,6
28442,104,101,3,3
28443,126,121,5,5
28444,106,108,-2,2
28445,116,106,10,10
28446,91,97,-6,6
28447,77,79,-2,2
28448,123,137,-14,14
28449,145,134,11,11
28450,88,85,3,3
28451,95,108,-13,13
28452,79,89,-10,10
28453,91,98,-7,7
28454,133,121,12,12
28455,165,169,-4,4
28456,61,69,-8,8
28457,63,76,-13,13
28458,120,117,3,3
28459,54,60,-6,6
28460,145,135,10,10
28461,130,125,5,5
28462,68,76,-8,8
28463,55,64,-9,9
28464,90,90,0,0
28465,102,94,8,8
28466,52,62,-10,10
28467,102,103,-1,1
28468,162,154,8,8
28469,85,94,-9,9
28470,81,85,-4,4
28471,57,61,-4,4
28472,82,81,1,1
28473,135,99,36,36
28474,43,57,-14,14
28475,82,81,1,1
28476,66,76,-10,10
28477,102,101,1,1
28478,70,76,-6,6
28479,151,139,12,12
28480,127,122,5,5
28481,77,73,4,4
28482,137,123,14,14
28483,83,81,2,2
28484,183,162,21,21
28485,43,52,-9,9
28486,129,126,3,3
28487,58,62,-4,4
28488,73,84,-11,11
28489,67,70,-3,3
28490,57,69,-12,12
28491,133,139,-6,6
28492,76,84,-8,8
28493,87,90,-3,3
28494,76,82,-6,6
28495,99,91,8,8
28496,95,96,-1,1
28497,56,67,-11,11
28498,146,133,13,13
28499,123,108,15,15
28500,93,115,-22,22
28501,71,80,-9,9
28502,97,94,3,3
28503,122,111,11,11
28504,97,99,-2,2
28505,86,86,0,0
28506,87,91,-4,4
28507,134,120,14,14
28508,99,103,-4,4
28509,135,125,10,10
28510,85,87,-2,2
28511,132,126,6,6
28512,54,63,-9,9
28513,77,87,-10,10
28514,63,75,-12,12
28515,138,133,5,5
28516,58,68,-10,10
28517,141,129,12,12
28518,161,150,11,11
28519,105,113,-8,8
28520,107,114,-7,7
28521,153,153,0,0
28522,90,95,-5,5
28523,147,144,3,3
28524,92,98,-6,6
28525,34,44,-10,10
28526,90,96,-6,6
28527,50,65,-15,15
28528,83,83,0,0
28529,127,132,-5,5
28530,59,63,-4,4
28531,57,70,-13,13
28532,115,116,-1,1
28533,91,98,-7,7
28534,143,128,15,15
28535,119,109,10,10
28536,97,100,-3,3
28537,155,145,10,10
28538,128,121,7,7
28539,67,74,-7,7
28540,60,71,-11,11
28541,103,98,5,5
28542,128,119,9,9
28543,100,97,3,3
28544,71,77,-6,6
28545,85,91,-6,6
28546,74,78,-4,4
28547,172,136,36,36
28548,73,79,-6,6
28549,51,60,-9,9
28550,76,84,-8,8
28551,110,107,3,3
28552,125,112,13,13
28553,49,64,-15,15
28554,145,130,15,15
28555,81,80,1,1
28556,79,102,-23,23
28557,108,104,4,4
28558,95,95,0,0
28559,66,68,-2,2
28560,78,82,-4,4
28561,41,58,-17,17
28562,89,84,5,5
28563,60,71,-11,11
28564,88,84,4,4
28565,54,70,-16,16
28566,112,105,7,7
28567,135,120,15,15
28568,123,120,3,3
28569,76,96,-20,20
28570,82,83,-1,1
28571,38,51,-13,13
28572,51,63,-12,12
28573,33,56,-23,23
28574,100,99,1,1
28575,64,78,-14,14
28576,98,101,-3,3
28577,104,98,6,6
28578,108,108,0,0
28579,112,110,2,2
28580,54,66,-12,12
28581,75,80,-5,5
28582,89,97,-8,8
28583,137,124,13,13
28584,66,68,-2,2
28585,81,87,-6,6
28586,91,96,-5,5
28587,84,89,-5,5
28588,52,60,-8,8
28589,64,77,-13,13
28590,176,167,9,9
28591,59,70,-11,11
28592,70,74,-4,4
28593,69,73,-4,4
28594,83,106,-23,23
28595,71,79,-8,8
28596,61,71,-10,10
28597,65,70,-5,5
28598,94,114,-20,20
28599,53,63,-10,10
28600,66,66,0,0
28601,93,95,-2,2
28602,66,71,-5,5
28603,75,76,-1,1
28604,96,102,-6,6
28605,66,72,-6,6
28606,158,121,37,37
28607,80,76,4,4
28608,67,71,-4,4
28609,67,74,-7,7
28610,79,82,-3,3
28611,57,68,-11,11
28612,66,76,-10,10
28613,44,55,-11,11
28614,59,67,-8,8
28615,150,136,14,14
28616,128,120,8,8
28617,74,82,-8,8
28618,38,62,-24,24
28619,51,61,-10,10
28620,123,120,3,3
28621,61,65,-4,4
28622,77,72,5,5
28623,61,70,-9,9
28624,94,91,3,3
28625,104,108,-4,4
28626,62,78,-16,16
28627,115,105,10,10
28628,122,104,18,18
28629,96,99,-3,3
28630,84,87,-3,3
28631,119,118,1,1
28632,99,95,4,4
28633,85,87,-2,2
28634,118,108,10,10
28635,144,126,18,18
28636,54,64,-10,10
28637,152,133,19,19
28638,47,62,-15,15
28639,67,71,-4,4
28640,81,83,-2,2
28641,125,120,5,5
28642,104,99,5,5
28643,63,76,-13,13
28644,71,69,2,2
28645,56,71,-15,15
28646,144,137,7,7
28647,125,131,-6,6
28648,64,66,-2,2
28649,108,95,13,13
28650,87,84,3,3
28651,66,80,-14,14
28652,83,91,-8,8
28653,102,98,4,4
28654,120,119,1,1
28655,114,112,2,2
28656,114,109,5,5
28657,148,141,7,7
28658,100,97,3,3
28659,76,82,-6,6
28660,53,66,-13,13
28661,104,106,-2,2
28662,101,104,-3,3
28663,93,97,-4,4
28664,50,59,-9,9
28665,47,60,-13,13
28666,137,132,5,5
28667,109,102,7,7
28668,83,97,-14,14
28669,32,41,-9,9
28670,69,72,-3,3
28671,92,93,-1,1
28672,78,86,-8,8
28673,96,109,-13,13
28674,92,91,1,1
28675,53,61,-8,8
28676,144,136,8,8
28677,107,100,7,7
28678,112,107,5,5
28679,72,71,1,1
28680,108,100,8,8
28681,84,83,1,1
28682,54,66,-12,12
28683,82,113,-31,31
28684,98,91,7,7
28685,73,83,-10,10
28686,50,64,-14,14
28687,89,93,-4,4
28688,66,71,-5,5
28689,140,139,1,1
28690,97,97,0,0
28691,77,86,-9,9
28692,106,87,19,19
28693,73,80,-7,7
28694,122,117,5,5
28695,80,83,-3,3
28696,60,68,-8,8
28697,90,86,4,4
28698,83,90,-7,7
28699,86,91,-5,5
28700,33,46,-13,13
28701,134,126,8,8
28702,117,118,-1,1
28703,60,65,-5,5
28704,116,111,5,5
28705,110,118,-8,8
28706,129,124,5,5
28707,88,89,-1,1
28708,76,79,-3,3
28709,171,157,14,14
28710,98,89,9,9
28711,100,95,5,5
28712,66,66,0,0
28713,140,127,13,13
28714,101,91,10,10
28715,61,67,-6,6
28716,89,90,-1,1
28717,93,95,-2,2
28718,101,96,5,5
28719,63,79,-16,16
28720,85,92,-7,7
28721,94,98,-4,4
28722,114,131,-17,17
28723,104,109,-5,5
28724,78,81,-3,3
28725,108,121,-13,13
28726,57,65,-8,8
28727,38,53,-15,15
28728,69,82,-13,13
28729,106,107,-1,1
28730,77,83,-6,6
28731,235,219,16,16
28732,98,100,-2,2
28733,111,108,3,3
28734,70,92,-22,22
28735,102,100,2,2
28736,92,96,-4,4
28737,67,81,-14,14
28738,83,92,-9,9
28739,71,77,-6,6
28740,92,79,13,13
28741,59,69,-10,10
28742,90,92,-2,2
28743,71,74,-3,3
28744,52,66,-14,14
28745,109,96,13,13
28746,105,112,-7,7
28747,79,82,-3,3
28748,81,80,1,1
28749,84,90,-6,6
28750,80,78,2,2
28751,56,71,-15,15
28752,84,83,1,1
28753,44,60,-16,16
28754,85,88,-3,3
28755,62,74,-12,12
28756,83,82,1,1
28757,59,81,-22,22
28758,92,89,3,3
28759,99,104,-5,5
28760,131,141,-10,10
28761,58,67,-9,9
28762,164,143,21,21
28763,132,117,15,15
28764,73,74,-1,1
28765,82,85,-3,3
28766,57,68,-11,11
28767,97,107,-10,10
28768,26,49,-23,23
28769,107,100,7,7
28770,88,84,4,4
28771,84,91,-7,7
28772,82,88,-6,6
28773,141,145,-4,4
28774,78,80,-2,2
28775,146,136,10,10
28776,84,83,1,1
28777,93,88,5,5
28778,74,79,-5,5
28779,139,127,12,12
28780,125,124,1,1
28781,65,74,-9,9
28782,101,107,-6,6
28783,114,120,-6,6
28784,54,66,-12,12
28785,99,95,4,4
28786,83,81,2,2
28787,128,120,8,8
28788,90,97,-7,7
28789,77,80,-3,3
28790,68,66,2,2
28791,78,97,-19,19
28792,76,80,-4,4
28793,85,89,-4,4
28794,106,107,-1,1
28795,207,169,38,38
28796,105,103,2,2
28797,110,112,-2,2
28798,86,83,3,3
28799,166,131,35,35
28800,118,114,4,4
28801,99,95,4,4
28802,80,93,-13,13
28803,27,54,-27,27
28804,125,111,14,14
28805,92,94,-2,2
28806,85,84,1,1
28807,91,95,-4,4
28808,61,67,-6,6
28809,86,86,0,0
28810,50,62,-12,12
28811,101,102,-1,1
28812,79,75,4,4
28813,82,99,-17,17
28814,63,66,-3,3
28815,100,95,5,5
28816,103,88,15,15
28817,150,137,13,13
28818,86,81,5,5
28819,72,84,-12,12
28820,54,65,-11,11
28821,136,133,3,3
28822,60,64,-4,4
28823,118,112,6,6
28824,64,66,-2,2
28825,78,79,-1,1
28826,76,75,1,1
28827,145,135,10,10
28828,62,76,-14,14
28829,98,101,-3,3
28830,100,100,0,0
28831,142,133,9,9
28832,77,92,-15,15
28833,81,94,-13,13
28834,79,83,-4,4
28835,78,80,-2,2
28836,84,91,-7,7
28837,63,67,-4,4
28838,94,94,0,0
28839,89,87,2,2
28840,78,85,-7,7
28841,132,134,-2,2
28842,151,140,11,11
28843,156,144,12,12
28844,41,65,-24,24
28845,106,107,-1,1
28846,99,98,1,1
28847,42,57,-15,15
28848,79,78,1,1
28849,60,79,-19,19
28850,136,140,-4,4
28851,130,126,4,4
28852,136,137,-1,1
28853,81,79,2,2
28854,112,108,4,4
28855,60,68,-8,8
28856,93,83,10,10
28857,103,107,-4,4
28858,180,162,18,18
28859,93,92,1,1
28860,172,156,16,16
28861,95,108,-13,13
28862,79,92,-13,13
28863,55,68,-13,13
28864,105,105,0,0
28865,118,112,6,6
28866,111,108,3,3
28867,66,77,-11,11
28868,146,123,23,23
28869,81,115,-34,34
28870,75,77,-2,2
28871,79,88,-9,9
28872,64,68,-4,4
28873,97,102,-5,5
28874,103,101,2,2
28875,68,76,-8,8
28876,74,84,-10,10
28877,80,77,3,3
28878,90,84,6,6
28879,59,64,-5,5
28880,109,114,-5,5
28881,90,89,1,1
28882,71,82,-11,11
28883,108,107,1,1
28884,83,80,3,3
28885,130,122,8,8
28886,85,92,-7,7
28887,49,67,-18,18
28888,73,76,-3,3
28889,104,105,-1,1
28890,131,128,3,3
28891,69,74,-5,5
28892,102,97,5,5
28893,74,77,-3,3
28894,58,65,-7,7
28895,167,150,17,17
28896,144,146,-2,2
28897,108,110,-2,2
28898,70,75,-5,5
28899,84,89,-5,5
28900,50,61,-11,11
28901,68,77,-9,9
28902,128,131,-3,3
28903,106,105,1,1
28904,63,72,-9,9
28905,61,94,-33,33
28906,82,82,0,0
28907,100,106,-6,6
28908,92,94,-2,2
28909,75,86,-11,11
28910,132,124,8,8
28911,85,95,-10,10
28912,183,161,22,22
28913,115,108,7,7
28914,125,124,1,1
28915,99,97,2,2
28916,102,100,2,2
28917,125,127,-2,2
28918,75,80,-5,5
28919,173,158,15,15
28920,66,77,-11,11
28921,90,84,6,6
28922,88,92,-4,4
28923,124,122,2,2
28924,70,73,-3,3
28925,93,91,2,2
28926,64,67,-3,3
28927,60,64,-4,4
28928,134,131,3,3
28929,104,99,5,5
28930,44,58,-14,14
28931,109,97,12,12
28932,68,71,-3,3
28933,81,89,-8,8
28934,103,104,-1,1
28935,99,103,-4,4
28936,80,83,-3,3
28937,104,106,-2,2
28938,67,77,-10,10
28939,126,119,7,7
28940,53,62,-9,9
28941,135,128,7,7
28942,95,89,6,6
28943,95,101,-6,6
28944,63,73,-10,10
28945,140,122,18,18
28946,71,86,-15,15
28947,79,81,-2,2
28948,47,82,-35,35
28949,87,100,-13,13
28950,57,68,-11,11
28951,81,85,-4,4
28952,53,63,-10,10
28953,88,98,-10,10
28954,109,109,0,0
28955,85,91,-6,6
28956,114,110,4,4
28957,81,89,-8,8
28958,85,97,-12,12
28959,95,98,-3,3
28960,61,76,-15,15
28961,65,72,-7,7
28962,47,66,-19,19
28963,57,64,-7,7
28964,66,80,-14,14
28965,86,94,-8,8
28966,76,80,-4,4
28967,143,128,15,15
28968,79,97,-18,18
28969,87,82,5,5
28970,99,100,-1,1
28971,103,117,-14,14
28972,83,82,1,1
28973,116,113,3,3
28974,128,121,7,7
28975,159,149,10,10
28976,113,103,10,10
28977,124,118,6,6
28978,81,91,-10,10
28979,66,65,1,1
28980,82,74,8,8
28981,58,72,-14,14
28982,101,107,-6,6
28983,67,81,-14,14
28984,97,90,7,7
28985,78,85,-7,7
28986,104,106,-2,2
28987,117,118,-1,1
28988,82,95,-13,13
28989,125,125,0,0
28990,152,146,6,6
28991,92,96,-4,4
28992,128,119,9,9
28993,68,76,-8,8
28994,101,97,4,4
28995,96,100,-4,4
28996,98,98,0,0
28997,134,121,13,13
28998,106,110,-4,4
28999,54,62,-8,8
29000,88,97,-9,9
29001,66,70,-4,4
29002,99,99,0,0
29003,82,87,-5,5
29004,118,120,-2,2
29005,66,70,-4,4
29006,96,96,0,0
29007,139,134,5,5
29008,25,44,-19,19
29009,123,113,10,10
29010,130,120,10,10
29011,92,90,2,2
29012,80,82,-2,2
29013,67,69,-2,2
29014,71,74,-3,3
29015,92,95,-3,3
29016,113,102,11,11
29017,67,84,-17,17
29018,58,69,-11,11
29019,39,89,-50,50
29020,78,87,-9,9
29021,113,101,12,12
29022,50,60,-10,10
29023,66,72,-6,6
29024,88,91,-3,3
29025,88,99,-11,11
29026,131,119,12,12
29027,64,84,-20,20
29028,91,91,0,0
29029,101,94,7,7
29030,110,105,5,5
29031,56,70,-14,14
29032,77,82,-5,5
29033,129,122,7,7
29034,91,103,-12,12
29035,97,101,-4,4
29036,98,98,0,0
29037,75,81,-6,6
29038,109,96,13,13
29039,64,79,-15,15
29040,71,78,-7,7
29041,54,65,-11,11
29042,59,70,-11,11
29043,145,135,10,10
29044,86,82,4,4
29045,56,63,-7,7
29046,79,91,-12,12
29047,114,114,0,0
29048,65,80,-15,15
29049,104,99,5,5
29050,61,75,-14,14
29051,155,149,6,6
29052,106,103,3,3
29053,48,66,-18,18
29054,173,138,35,35
29055,31,56,-25,25
29056,87,93,-6,6
29057,147,139,8,8
29058,79,82,-3,3
29059,92,102,-10,10
29060,100,94,6,6
29061,118,125,-7,7
29062,83,85,-2,2
29063,72,79,-7,7
29064,101,97,4,4
29065,83,91,-8,8
29066,94,95,-1,1
29067,103,107,-4,4
29068,73,79,-6,6
29069,179,164,15,15
29070,115,105,10,10
29071,85,84,1,1
29072,101,99,2,2
29073,130,128,2,2
29074,155,155,0,0
29075,65,73,-8,8
29076,116,120,-4,4
29077,71,80,-9,9
29078,78,86,-8,8
29079,129,125,4,4
29080,78,77,1,1
29081,141,127,14,14
29082,139,124,15,15
29083,90,88,2,2
29084,174,158,16,16
29085,92,92,0,0
29086,76,80,-4,4
29087,40,58,-18,18
29088,36,48,-12,12
29089,78,79,-1,1
29090,89,98,-9,9
29091,63,76,-13,13
29092,79,80,-1,1
29093,127,115,12,12
29094,61,74,-13,13
29095,118,82,36,36
29096,112,101,11,11
29097,131,122,9,9
29098,78,81,-3,3
29099,95,94,1,1
29100,75,78,-3,3
29101,170,157,13,13
29102,97,101,-4,4
29103,62,71,-9,9
29104,130,119,11,11
29105,116,129,-13,13
29106,72,83,-11,11
29107,89,87,2,2
29108,95,102,-7,7
29109,82,85,-3,3
29110,54,68,-14,14
29111,102,101,1,1
29112,106,101,5,5
29113,138,127,11,11
29114,90,95,-5,5
29115,53,70,-17,17
29116,111,101,10,10
29117,91,93,-2,2
29118,84,93,-9,9
29119,116,105,11,11
29120,119,113,6,6
29121,82,87,-5,5
29122,102,96,6,6
29123,64,72,-8,8
29124,40,62,-22,22
29125,104,106,-2,2
29126,73,78,-5,5
29127,92,93,-1,1
29128,127,109,18,18
29129,155,141,14,14
29130,82,86,-4,4
29131,86,89,-3,3
29132,61,64,-3,3
29133,136,123,13,13
29134,123,130,-7,7
29135,40,60,-20,20
29136,103,97,6,6
29137,145,141,4,4
29138,92,98,-6,6
29139,60,83,-23,23
29140,71,76,-5,5
29141,63,71,-8,8
29142,51,64,-13,13
29143,92,94,-2,2
29144,48,60,-12,12
29145,66,61,5,5
29146,165,145,20,20
29147,114,106,8,8
29148,48,59,-11,11
29149,121,111,10,10
29150,134,124,10,10
29151,68,72,-4,4
29152,34,58,-24,24
29153,68,72,-4,4
29154,72,80,-8,8
29155,63,70,-7,7
29156,59,73,-14,14
29157,94,96,-2,2
29158,59,66,-7,7
29159,77,92,-15,15
29160,119,111,8,8
29161,134,129,5,5
29162,120,119,1,1
29163,90,87,3,3
29164,79,83,-4,4
29165,70,77,-7,7
29166,103,99,4,4
29167,111,99,12,12
29168,62,71,-9,9
29169,139,121,18,18
29170,138,136,2,2
29171,213,199,14,14
29172,73,79,-6,6
29173,116,114,2,2
29174,135,130,5,5
29175,77,79,-2,2
29176,89,85,4,4
29177,40,49,-9,9
29178,82,82,0,0
29179,101,106,-5,5
29180,81,99,-18,18
29181,159,147,12,12
29182,89,95,-6,6
29183,74,86,-12,12
29184,106,103,3,3
29185,53,69,-16,16
29186,98,118,-20,20
29187,96,94,2,2
29188,116,120,-4,4
29189,68,75,-7,7
29190,74,80,-6,6
29191,167,161,6,6
29192,90,99,-9,9
29193,106,102,4,4
29194,62,65,-3,3
29195,46,59,-13,13
29196,68,80,-12,12
29197,73,77,-4,4
29198,78,84,-6,6
29199,58,65,-7,7
29200,129,120,9,9
29201,79,93,-14,14
29202,92,90,2,2
29203,34,56,-22,22
29204,81,64,17,17
29205,73,74,-1,1
29206,171,163,8,8
29207,90,100,-10,10
29208,70,84,-14,14
29209,199,188,11,11
29210,68,71,-3,3
29211,161,155,6,6
29212,46,55,-9,9
29213,61,69,-8,8
29214,112,106,6,6
29215,133,121,12,12
29216,91,86,5,5
29217,80,95,-15,15
29218,160,129,31,31
29219,90,92,-2,2
29220,103,96,7,7
29221,87,82,5,5
29222,148,134,14,14
29223,183,124,59,59
29224,87,88,-1,1
29225,161,143,18,18
29226,80,81,-1,1
29227,128,128,0,0
29228,123,118,5,5
29229,159,142,17,17
29230,48,57,-9,9
29231,77,83,-6,6
29232,87,90,-3,3
29233,53,59,-6,6
29234,118,111,7,7
29235,89,76,13,13
29236,76,81,-5,5
29237,145,129,16,16
29238,125,111,14,14
29239,97,106,-9,9
29240,49,64,-15,15
29241,62,83,-21,21
29242,81,87,-6,6
29243,136,134,2,2
29244,100,105,-5,5
29245,187,187,0,0
29246,105,112,-7,7
29247,176,154,22,22
29248,113,109,4,4
29249,115,119,-4,4
29250,86,94,-8,8
29251,120,109,11,11
29252,74,84,-10,10
29253,86,97,-11,11
29254,99,109,-10,10
29255,70,74,-4,4
29256,109,114,-5,5
29257,110,103,7,7
29258,102,102,0,0
29259,156,141,15,15
29260,107,108,-1,1
29261,53,64,-11,11
29262,121,113,8,8
29263,97,100,-3,3
29264,103,114,-11,11
29265,66,69,-3,3
29266,108,126,-18,18
29267,59,72,-13,13
29268,64,75,-11,11
29269,70,78,-8,8
29270,86,84,2,2
29271,118,109,9,9
29272,61,73,-12,12
29273,120,110,10,10
29274,112,109,3,3
29275,176,146,30,30
29276,61,70,-9,9
29277,89,101,-12,12
29278,115,102,13,13
29279,112,102,10,10
29280,110,105,5,5
29281,92,93,-1,1
29282,124,113,11,11
29283,60,68,-8,8
29284,70,73,-3,3
29285,98,94,4,4
29286,77,85,-8,8
29287,60,65,-5,5
29288,149,141,8,8
29289,135,125,10,10
29290,71,76,-5,5
29291,47,64,-17,17
29292,141,126,15,15
29293,76,88,-12,12
29294,85,83,2,2
29295,66,74,-8,8
29296,86,91,-5,5
29297,144,135,9,9
29298,74,83,-9,9
29299,181,160,21,21
29300,79,87,-8,8
29301,106,100,6,6
29302,138,124,14,14
29303,91,81,10,10
29304,76,79,-3,3
29305,140,127,13,13
29306,77,82,-5,5
29307,54,69,-15,15
29308,71,80,-9,9
29309,110,97,13,13
29310,90,88,2,2
29311,116,119,-3,3
29312,83,85,-2,2
29313,59,72,-13,13
29314,92,95,-3,3
29315,144,131,13,13
29316,67,66,1,1
29317,105,102,3,3
29318,62,68,-6,6
29319,136,124,12,12
29320,111,111,0,0
29321,64,77,-13,13
29322,73,69,4,4
29323,86,95,-9,9
29324,84,87,-3,3
29325,74,82,-8,8
29326,135,128,7,7
29327,119,111,8,8
29328,83,91,-8,8
29329,102,101,1,1
29330,84,93,-9,9
29331,66,118,-52,52
29332,47,56,-9,9
29333,97,95,2,2
29334,106,105,1,1
29335,75,80,-5,5
29336,108,119,-11,11
29337,154,143,11,11
29338,91,88,3,3
29339,75,85,-10,10
29340,155,137,18,18
29341,75,91,-16,16
29342,211,177,34,34
29343,69,72,-3,3
29344,52,64,-12,12
29345,84,77,7,7
29346,89,93,-4,4
29347,79,82,-3,3
29348,78,85,-7,7
29349,90,88,2,2
29350,305,236,69,69
29351,83,90,-7,7
29352,193,179,14,14
29353,124,124,0,0
29354,46,57,-11,11
29355,85,83,2,2
29356,84,89,-5,5
29357,98,98,0,0
29358,72,80,-8,8
29359,60,70,-10,10
29360,102,100,2,2
29361,92,90,2,2
29362,102,101,1,1
29363,74,89,-15,15
29364,114,104,10,10
29365,86,95,-9,9
29366,114,116,-2,2
29367,151,157,-6,6
29368,91,91,0,0
29369,78,76,2,2
29370,153,142,11,11
29371,80,96,-16,16
29372,108,109,-1,1
29373,88,82,6,6
29374,153,136,17,17
29375,71,85,-14,14
29376,95,100,-5,5
29377,127,118,9,9
29378,139,137,2,2
29379,46,60,-14,14
29380,124,119,5,5
29381,93,97,-4,4
29382,114,104,10,10
29383,93,90,3,3
29384,67,71,-4,4
29385,110,107,3,3
29386,63,72,-9,9
29387,70,72,-2,2
29388,87,88,-1,1
29389,122,117,5,5
29390,107,113,-6,6
29391,153,142,11,11
29392,94,96,-2,2
29393,101,102,-1,1
29394,78,86,-8,8
29395,82,94,-12,12
29396,88,89,-1,1
29397,94,90,4,4
29398,37,61,-24,24
29399,67,73,-6,6
29400,85,84,1,1
29401,105,95,10,10
29402,40,63,-23,23
29403,194,172,22,22
29404,123,121,2,2
29405,87,85,2,2
29406,102,99,3,3
29407,145,131,14,14
29408,68,72,-4,4
29409,159,138,21,21
29410,82,85,-3,3
29411,83,80,3,3
29412,82,84,-2,2
29413,69,71,-2,2
29414,103,105,-2,2
29415,105,106,-1,1
29416,100,113,-13,13
29417,55,63,-8,8
29418,80,84,-4,4
29419,73,82,-9,9
29420,51,30,21,21
29421,124,119,5,5
29422,52,63,-11,11
29423,115,130,-15,15
29424,116,107,9,9
29425,101,103,-2,2
29426,63,59,4,4
29427,52,65,-13,13
29428,84,82,2,2
29429,142,134,8,8
29430,71,81,-10,10
29431,82,96,-14,14
29432,85,96,-11,11
29433,74,79,-5,5
29434,61,63,-2,2
29435,107,113,-6,6
29436,98,98,0,0
29437,80,84,-4,4
29438,69,80,-11,11
29439,64,73,-9,9
29440,137,126,11,11
29441,77,81,-4,4
29442,94,106,-12,12
29443,86,86,0,0
29444,60,70,-10,10
29445,54,73,-19,19
29446,62,71,-9,9
29447,86,92,-6,6
29448,60,66,-6,6
29449,64,70,-6,6
29450,91,95,-4,4
29451,71,75,-4,4
29452,78,89,-11,11
29453,104,101,3,3
29454,103,104,-1,1
29455,167,162,5,5
29456,129,111,18,18
29457,125,143,-18,18
29458,108,113,-5,5
29459,77,81,-4,4
29460,121,120,1,1
29461,77,80,-3,3
29462,61,73,-12,12
29463,67,73,-6,6
29464,96,95,1,1
29465,113,120,-7,7
29466,70,76,-6,6
29467,79,80,-1,1
29468,91,96,-5,5
29469,86,98,-12,12
29470,74,77,-3,3
29471,78,86,-8,8
29472,117,103,14,14
29473,82,75,7,7
29474,79,86,-7,7
29475,138,146,-8,8
29476,92,90,2,2
29477,69,73,-4,4
29478,81,92,-11,11
29479,73,81,-8,8
29480,100,102,-2,2
29481,51,58,-7,7
29482,60,68,-8,8
29483,109,102,7,7
29484,131,126,5,5
29485,71,79,-8,8
29486,77,89,-12,12
29487,97,107,-10,10
29488,69,76,-7,7
29489,124,118,6,6
29490,69,75,-6,6
29491,131,123,8,8
29492,87,93,-6,6
29493,178,169,9,9
29494,111,109,2,2
29495,122,108,14,14
29496,155,137,18,18
29497,136,116,20,20
29498,113,121,-8,8
29499,64,76,-12,12
29500,111,107,4,4
29501,94,96,-2,2
29502,58,70,-12,12
29503,89,86,3,3
29504,82,82,0,0
29505,87,97,-10,10
29506,50,67,-17,17
29507,79,81,-2,2
29508,140,123,17,17
29509,134,190,-56,56
29510,119,109,10,10
29511,140,136,4,4
29512,119,119,0,0
29513,52,64,-12,12
29514,124,131,-7,7
29515,131,108,23,23
29516,45,59,-14,14
29517,70,74,-4,4
29518,99,100,-1,1
29519,82,82,0,0
29520,73,74,-1,1
29521,120,127,-7,7
29522,107,111,-4,4
29523,88,90,-2,2
29524,82,84,-2,2
29525,59,67,-8,8
29526,90,100,-10,10
29527,56,72,-16,16
29528,113,112,1,1
29529,78,75,3,3
29530,61,76,-15,15
29531,89,91,-2,2
29532,44,58,-14,14
29533,62,67,-5,5
29534,111,111,0,0
29535,75,81,-6,6
29536,74,79,-5,5
29537,79,77,2,2
29538,89,93,-4,4
29539,94,96,-2,2
29540,116,107,9,9
29541,120,111,9,9
29542,180,162,18,18
29543,48,56,-8,8
29544,85,89,-4,4
29545,112,103,9,9
29546,114,103,11,11
29547,78,83,-5,5
29548,111,121,-10,10
29549,71,79,-8,8
29550,64,75,-11,11
29551,47,57,-10,10
29552,85,93,-8,8
29553,90,99,-9,9
29554,137,122,15,15
29555,138,135,3,3
29556,64,65,-1,1
29557,78,81,-3,3
29558,42,52,-10,10
29559,98,97,1,1
29560,59,61,-2,2
29561,76,89,-13,13
29562,106,100,6,6
29563,33,45,-12,12
29564,121,121,0,0
29565,108,100,8,8
29566,76,83,-7,7
29567,64,68,-4,4
29568,73,71,2,2
29569,112,108,4,4
29570,105,101,4,4
29571,59,74,-15,15
29572,205,168,37,37
29573,78,89,-11,11
29574,79,92,-13,13
29575,123,122,1,1
29576,83,88,-5,5
29577,115,118,-3,3
29578,75,79,-4,4
29579,86,92,-6,6
29580,111,121,-10,10
29581,82,108,-26,26
29582,157,150,7,7
29583,58,67,-9,9
29584,101,99,2,2
29585,99,101,-2,2
29586,96,98,-2,2
29587,133,139,-6,6
29588,93,96,-3,3
29589,79,78,1,1
29590,87,79,8,8
29591,101,107,-6,6
29592,73,80,-7,7
29593,76,81,-5,5
29594,110,100,10,10
29595,100,98,2,2
29596,87,92,-5,5
29597,126,126,0,0
29598,81,79,2,2
29599,70,85,-15,15
29600,139,136,3,3
29601,74,78,-4,4
29602,147,120,27,27
29603,92,88,4,4
29604,133,114,19,19
29605,87,91,-4,4
29606,96,101,-5,5
29607,70,101,-31,31
29608,75,85,-10,10
29609,121,116,5,5
29610,88,91,-3,3
29611,96,101,-5,5
29612,196,135,61,61
29613,90,95,-5,5
29614,110,108,2,2
29615,59,66,-7,7
29616,131,123,8,8
29617,56,65,-9,9
29618,98,103,-5,5
29619,94,94,0,0
29620,73,83,-10,10
29621,52,58,-6,6
29622,97,91,6,6
29623,119,113,6,6
29624,94,87,7,7
29625,144,133,11,11
29626,128,120,8,8
29627,81,83,-2,2
29628,101,96,5,5
29629,138,127,11,11
29630,68,73,-5,5
29631,124,106,18,18
29632,61,81,-20,20
29633,118,105,13,13
29634,69,79,-10,10
29635,84,90,-6,6
29636,175,154,21,21
29637,54,64,-10,10
29638,72,87,-15,15
29639,82,79,3,3
29640,102,96,6,6
29641,107,106,1,1
29642,110,107,3,3
29643,128,122,6,6
29644,132,130,2,2
29645,80,81,-1,1
29646,60,72,-12,12
29647,54,65,-11,11
29648,89,96,-7,7
29649,90,96,-6,6
29650,62,86,-24,24
29651,64,84,-20,20
29652,74,73,1,1
29653,123,197,-74,74
29654,77,81,-4,4
29655,79,79,0,0
29656,88,91,-3,3
29657,77,89,-12,12
29658,96,103,-7,7
29659,80,86,-6,6
29660,104,101,3,3
29661,46,58,-12,12
29662,70,82,-12,12
29663,93,102,-9,9
29664,103,99,4,4
29665,117,107,10,10
29666,80,87,-7,7
29667,93,94,-1,1
29668,88,93,-5,5
29669,101,97,4,4
29670,69,78,-9,9
29671,97,95,2,2
29672,56,64,-8,8
29673,101,99,2,2
29674,122,119,3,3
29675,95,99,-4,4
29676,113,110,3,3
29677,150,133,17,17
29678,164,160,4,4
29679,87,90,-3,3
29680,128,121,7,7
29681,66,75,-9,9
29682,68,68,0,0
29683,120,113,7,7
29684,151,146,5,5
29685,72,71,1,1
29686,89,97,-8,8
29687,231,207,24,24
29688,49,73,-24,24
29689,68,73,-5,5
29690,81,83,-2,2
29691,96,99,-3,3
29692,123,112,11,11
29693,88,89,-1,1
29694,188,172,16,16
29695,78,77,1,1
29696,78,85,-7,7
29697,105,109,-4,4
29698,102,99,3,3
29699,74,85,-11,11
29700,74,83,-9,9
29701,63,74,-11,11
29702,106,104,2,2
29703,90,88,2,2
29704,100,98,2,2
29705,106,104,2,2
29706,74,82,-8,8
29707,75,84,-9,9
29708,119,127,-8,8
29709,115,115,0,0
29710,125,113,12,12
29711,106,103,3,3
29712,113,116,-3,3
29713,81,83,-2,2
29714,84,84,0,0
29715,79,91,-12,12
29716,129,120,9,9
29717,55,62,-7,7
29718,99,102,-3,3
29719,88,95,-7,7
29720,129,112,17,17
29721,92,95,-3,3
29722,113,114,-1,1
29723,67,72,-5,5
29724,96,107,-11,11
29725,64,76,-12,12
29726,132,139,-7,7
29727,172,149,23,23
29728,104,107,-3,3
29729,83,81,2,2
29730,70,88,-18,18
29731,104,102,2,2
29732,78,77,1,1
29733,66,87,-21,21
29734,81,84,-3,3
29735,63,73,-10,10
29736,74,83,-9,9
29737,109,97,12,12
29738,70,75,-5,5
29739,91,87,4,4
29740,95,97,-2,2
29741,76,86,-10,10
29742,68,72,-4,4
29743,92,91,1,1
29744,65,71,-6,6
29745,36,54,-18,18
29746,105,106,-1,1
29747,110,108,2,2
29748,121,114,7,7
29749,49,57,-8,8
29750,98,87,11,11
29751,117,110,7,7
29752,52,101,-49,49
29753,84,91,-7,7
29754,148,137,11,11
29755,63,69,-6,6
29756,63,77,-14,14
29757,92,98,-6,6
29758,85,84,1,1
29759,93,94,-1,1
29760,88,81,7,7
29761,80,87,-7,7
29762,83,87,-4,4
29763,61,73,-12,12
29764,76,81,-5,5
29765,81,92,-11,11
29766,75,74,1,1
29767,61,62,-1,1
29768,110,106,4,4
29769,91,90,1,1
29770,63,65,-2,2
29771,126,125,1,1
29772,102,94,8,8
29773,102,98,4,4
29774,107,102,5,5
29775,49,61,-12,12
29776,71,82,-11,11
29777,70,89,-19,19
29778,94,100,-6,6
29779,201,185,16,16
29780,80,88,-8,8
29781,62,67,-5,5
29782,97,96,1,1
29783,77,84,-7,7
29784,74,83,-9,9
29785,55,67,-12,12
29786,88,87,1,1
29787,27,53,-26,26
29788,64,68,-4,4
29789,95,109,-14,14
29790,74,82,-8,8
29791,99,106,-7,7
29792,68,73,-5,5
29793,65,73,-8,8
29794,97,103,-6,6
29795,73,75,-2,2
29796,88,92,-4,4
29797,121,127,-6,6
29798,102,96,6,6
29799,101,106,-5,5
29800,78,87,-9,9
29801,156,141,15,15
29802,76,88,-12,12
29803,66,69,-3,3
29804,91,102,-11,11
29805,82,81,1,1
29806,150,143,7,7
29807,46,59,-13,13
29808,164,156,8,8
29809,134,128,6,6
29810,124,119,5,5
29811,75,80,-5,5
29812,64,78,-14,14
29813,207,184,23,23
29814,125,124,1,1
29815,143,129,14,14
29816,79,79,0,0
29817,62,70,-8,8
29818,149,147,2,2
29819,136,127,9,9
29820,48,61,-13,13
29821,117,107,10,10
29822,50,64,-14,14
29823,88,88,0,0
29824,62,72,-10,10
29825,37,53,-16,16
29826,142,125,17,17
29827,59,66,-7,7
29828,123,119,4,4
29829,78,81,-3,3
29830,117,108,9,9
29831,84,92,-8,8
29832,191,166,25,25
29833,176,153,23,23
29834,68,69,-1,1
29835,58,65,-7,7
29836,74,80,-6,6
29837,166,154,12,12
29838,178,165,13,13
29839,102,102,0,0
29840,106,101,5,5
29841,121,121,0,0
29842,157,149,8,8
29843,60,65,-5,5
29844,116,112,4,4
29845,133,127,6,6
29846,50,60,-10,10
29847,90,93,-3,3
29848,138,126,12,12
29849,216,196,20,20
29850,114,112,2,2
29851,107,106,1,1
29852,68,70,-2,2
29853,52,66,-14,14
29854,139,127,12,12
29855,98,90,8,8
29856,143,131,12,12
29857,97,90,7,7
29858,80,89,-9,9
29859,60,63,-3,3
29860,104,102,2,2
29861,102,110,-8,8
29862,155,145,10,10
29863,157,140,17,17
29864,122,106,16,16
29865,89,92,-3,3
29866,68,74,-6,6
29867,68,74,-6,6
29868,102,106,-4,4
29869,107,114,-7,7
29870,62,69,-7,7
29871,145,147,-2,2
29872,92,93,-1,1
29873,113,106,7,7
29874,72,73,-1,1
29875,67,73,-6,6
29876,86,91,-5,5
29877,78,87,-9,9
29878,94,98,-4,4
29879,103,93,10,10
29880,145,146,-1,1
29881,74,86,-12,12
29882,128,130,-2,2
29883,146,122,24,24
29884,54,66,-12,12
29885,162,145,17,17
29886,150,147,3,3
29887,57,71,-14,14
29888,118,119,-1,1
29889,37,55,-18,18
29890,121,112,9,9
29891,130,119,11,11
29892,62,72,-10,10
29893,66,74,-8,8
29894,119,100,19,19
29895,120,109,11,11
29896,100,108,-8,8
29897,121,124,-3,3
29898,85,97,-12,12
29899,99,97,2,2
29900,63,75,-12,12
29901,98,92,6,6
29902,62,68,-6,6
29903,78,83,-5,5
29904,61,67,-6,6
29905,110,101,9,9
29906,90,95,-5,5
29907,125,100,25,25
29908,59,63,-4,4
29909,83,83,0,0
29910,103,112,-9,9
29911,66,73,-7,7
29912,131,129,2,2
29913,72,81,-9,9
29914,56,68,-12,12
29915,110,113,-3,3
29916,72,81,-9,9
29917,120,121,-1,1
29918,82,89,-7,7
29919,79,88,-9,9
29920,169,154,15,15
29921,140,143,-3,3
29922,139,133,6,6
29923,53,66,-13,13
29924,93,102,-9,9
29925,95,92,3,3
29926,91,92,-1,1
29927,96,93,3,3
29928,115,113,2,2
29929,80,77,3,3
29930,61,68,-7,7
29931,125,128,-3,3
29932,79,80,-1,1
29933,113,106,7,7
29934,113,120,-7,7
29935,79,84,-5,5
29936,143,130,13,13
29937,69,89,-20,20
29938,71,99,-28,28
29939,67,76,-9,9
29940,53,61,-8,8
29941,132,136,-4,4
29942,129,121,8,8
29943,85,86,-1,1
29944,107,105,2,2
29945,143,133,10,10
29946,57,61,-4,4
29947,99,99,0,0
29948,54,67,-13,13
29949,102,107,-5,5
29950,64,72,-8,8
29951,86,100,-14,14
29952,88,90,-2,2
29953,170,149,21,21
29954,71,79,-8,8
29955,127,121,6,6
29956,61,70,-9,9
29957,63,74,-11,11
29958,46,60,-14,14
29959,78,78,0,0
29960,85,94,-9,9
29961,86,80,6,6
29962,91,87,4,4
29963,75,77,-2,2
29964,75,81,-6,6
29965,73,100,-27,27
29966,74,76,-2,2
29967,69,80,-11,11
29968,77,77,0,0
29969,119,120,-1,1
29970,77,91,-14,14
29971,143,136,7,7
29972,132,132,0,0
29973,89,95,-6,6
29974,60,67,-7,7
29975,131,133,-2,2
29976,83,82,1,1
29977,80,83,-3,3
29978,92,90,2,2
29979,187,178,9,9
29980,128,123,5,5
29981,151,138,13,13
29982,44,55,-11,11
29983,83,91,-8,8
29984,78,79,-1,1
29985,81,87,-6,6
29986,73,82,-9,9
29987,138,133,5,5
29988,45,55,-10,10
29989,58,69,-11,11
29990,105,104,1,1
29991,103,101,2,2
29992,91,92,-1,1
29993,48,61,-13,13
29994,74,84,-10,10
29995,104,94,10,10
29996,69,80,-11,11
29997,62,72,-10,10
29998,140,150,-10,10
29999,129,145,-16,16
30000,98,95,3,3
30001,99,97,2,2
30002,71,75,-4,4
30003,149,152,-3,3
30004,101,105,-4,4
30005,114,122,-8,8
30006,181,163,18,18
30007,112,120,-8,8
30008,112,109,3,3
30009,95,101,-6,6
30010,133,127,6,6
30011,168,146,22,22
30012,24,55,-31,31
30013,119,113,6,6
30014,102,100,2,2
30015,84,84,0,0
30016,134,125,9,9
30017,69,70,-1,1
30018,66,69,-3,3
30019,74,75,-1,1
30020,113,108,5,5
30021,64,76,-12,12
30022,79,81,-2,2
30023,103,89,14,14
30024,107,106,1,1
30025,66,77,-11,11
30026,88,91,-3,3
30027,158,156,2,2
30028,123,112,11,11
30029,73,84,-11,11
30030,105,103,2,2
30031,65,74,-9,9
30032,119,120,-1,1
30033,68,72,-4,4
30034,64,71,-7,7
30035,74,78,-4,4
30036,23,30,-7,7
30037,97,97,0,0
30038,124,117,7,7
30039,72,80,-8,8
30040,132,124,8,8
30041,42,63,-21,21
30042,121,110,11,11
30043,89,87,2,2
30044,113,107,6,6
30045,114,107,7,7
30046,57,65,-8,8
30047,63,71,-8,8
30048,121,119,2,2
30049,144,130,14,14
30050,118,117,1,1
30051,64,71,-7,7
30052,121,117,4,4
30053,135,126,9,9
30054,80,89,-9,9
30055,110,104,6,6
30056,100,99,1,1
30057,94,100,-6,6
30058,83,84,-1,1
30059,87,96,-9,9
30060,67,73,-6,6
30061,95,104,-9,9
30062,88,86,2,2
30063,93,95,-2,2
30064,91,84,7,7
30065,133,123,10,10
30066,77,97,-20,20
30067,106,109,-3,3
30068,53,66,-13,13
30069,89,95,-6,6
30070,154,124,30,30
30071,98,103,-5,5
30072,54,66,-12,12
30073,79,85,-6,6
30074,115,111,4,4
30075,135,131,4,4
30076,81,83,-2,2
30077,56,71,-15,15
30078,54,71,-17,17
30079,73,71,2,2
30080,80,90,-10,10
30081,114,106,8,8
30082,170,166,4,4
30083,124,117,7,7
30084,63,69,-6,6
30085,93,107,-14,14
30086,77,80,-3,3
30087,178,165,13,13
30088,67,71,-4,4
30089,72,72,0,0
30090,60,68,-8,8
30091,64,72,-8,8
30092,85,87,-2,2
30093,158,145,13,13
30094,124,112,12,12
30095,70,117,-47,47
30096,61,74,-13,13
30097,110,119,-9,9
30098,94,101,-7,7
30099,161,143,18,18
30100,98,101,-3,3
30101,165,146,19,19
30102,82,89,-7,7
30103,102,107,-5,5
30104,105,102,3,3
30105,85,96,-11,11
30106,106,110,-4,4
30107,91,88,3,3
30108,86,92,-6,6
30109,44,55,-11,11
30110,96,101,-5,5
30111,114,105,9,9
30112,83,87,-4,4
30113,24,30,-6,6
30114,75,86,-11,11
30115,140,143,-3,3
30116,46,58,-12,12
30117,80,81,-1,1
30118,82,101,-19,19
30119,125,120,5,5
30120,56,68,-12,12
30121,76,81,-5,5
30122,44,55,-11,11
30123,102,94,8,8
30124,146,139,7,7
30125,46,58,-12,12
30126,80,86,-6,6
30127,117,121,-4,4
30128,85,82,3,3
30129,60,66,-6,6
30130,81,94,-13,13
30131,42,51,-9,9
30132,79,93,-14,14
30133,98,94,4,4
30134,110,105,5,5
30135,74,77,-3,3
30136,54,61,-7,7
30137,113,118,-5,5
30138,78,92,-14,14
30139,52,59,-7,7
30140,449,451,-2,2
30141,121,120,1,1
30142,68,72,-4,4
30143,35,50,-15,15
30144,36,49,-13,13
30145,81,90,-9,9
30146,155,142,13,13
30147,207,179,28,28
30148,105,111,-6,6
30149,66,78,-12,12
30150,105,94,11,11
30151,63,66,-3,3
30152,97,94,3,3
30153,114,103,11,11
30154,69,74,-5,5
30155,181,168,13,13
30156,58,71,-13,13
30157,56,68,-12,12
30158,41,55,-14,14
30159,61,73,-12,12
30160,108,115,-7,7
30161,113,104,9,9
30162,46,51,-5,5
30163,85,83,2,2
30164,109,113,-4,4
30165,144,140,4,4
30166,45,81,-36,36
30167,56,61,-5,5
30168,71,73,-2,2
30169,83,80,3,3
30170,72,80,-8,8
30171,92,87,5,5
30172,97,115,-18,18
30173,52,66,-14,14
30174,135,135,0,0
30175,69,78,-9,9
30176,88,94,-6,6
30177,79,79,0,0
30178,74,79,-5,5
30179,74,81,-7,7
30180,102,108,-6,6
30181,154,133,21,21
30182,225,205,20,20
30183,98,104,-6,6
30184,77,83,-6,6
30185,164,142,22,22
30186,144,115,29,29
30187,75,77,-2,2
30188,142,143,-1,1
30189,115,114,1,1
30190,81,85,-4,4
30191,103,107,-4,4
30192,94,101,-7,7
30193,76,94,-18,18
30194,50,63,-13,13
30195,108,119,-11,11
30196,146,133,13,13
30197,90,93,-3,3
30198,129,123,6,6
30199,74,91,-17,17
30200,105,99,6,6
30201,91,93,-2,2
30202,121,123,-2,2
30203,109,97,12,12
30204,85,100,-15,15
30205,111,119,-8,8
30206,136,127,9,9
30207,74,78,-4,4
30208,89,99,-10,10
30209,102,99,3,3
30210,63,65,-2,2
30211,113,114,-1,1
30212,92,84,8,8
30213,87,93,-6,6
30214,98,95,3,3
30215,111,113,-2,2
30216,116,106,10,10
30217,133,137,-4,4
30218,160,145,15,15
30219,86,88,-2,2
30220,132,126,6,6
30221,110,107,3,3
30222,53,63,-10,10
30223,95,97,-2,2
30224,88,91,-3,3
30225,56,65,-9,9
30226,75,82,-7,7
30227,76,80,-4,4
30228,47,59,-12,12
30229,96,94,2,2
30230,39,68,-29,29
30231,159,139,20,20
30232,61,71,-10,10
30233,53,60,-7,7
30234,84,88,-4,4
30235,85,84,1,1
30236,82,91,-9,9
30237,88,95,-7,7
30238,87,87,0,0
30239,111,109,2,2
30240,161,145,16,16
30241,131,128,3,3
30242,89,83,6,6
30243,156,145,11,11
30244,61,69,-8,8
30245,94,101,-7,7
30246,102,91,11,11
30247,167,162,5,5
30248,182,162,20,20
30249,59,63,-4,4
30250,162,140,22,22
30251,132,125,7,7
30252,66,69,-3,3
30253,88,91,-3,3
30254,106,92,14,14
30255,59,68,-9,9
30256,86,92,-6,6
30257,45,60,-15,15
30258,42,60,-18,18
30259,54,62,-8,8
30260,79,86,-7,7
30261,139,138,1,1
30262,98,103,-5,5
30263,113,111,2,2
30264,87,91,-4,4
30265,55,68,-13,13
30266,47,60,-13,13
30267,93,100,-7,7
30268,55,67,-12,12
30269,113,139,-26,26
30270,87,83,4,4
30271,138,134,4,4
30272,106,100,6,6
30273,76,83,-7,7
30274,89,92,-3,3
30275,90,88,2,2
30276,119,115,4,4
30277,106,105,1,1
30278,89,91,-2,2
30279,80,88,-8,8
30280,77,82,-5,5
30281,138,122,16,16
30282,99,96,3,3
30283,70,82,-12,12
30284,107,104,3,3
30285,64,73,-9,9
30286,123,120,3,3
30287,75,82,-7,7
30288,46,63,-17,17
30289,94,95,-1,1
30290,68,73,-5,5
30291,116,121,-5,5
30292,68,82,-14,14
30293,42,49,-7,7
30294,74,70,4,4
30295,102,105,-3,3
30296,111,105,6,6
30297,102,110,-8,8
30298,155,167,-12,12
30299,97,101,-4,4
30300,75,79,-4,4
30301,158,161,-3,3
30302,66,64,2,2
30303,72,75,-3,3
30304,197,158,39,39
30305,133,116,17,17
30306,103,107,-4,4
30307,119,115,4,4
30308,88,95,-7,7
30309,56,71,-15,15
30310,59,73,-14,14
30311,73,90,-17,17
30312,100,96,4,4
30313,83,80,3,3
30314,104,102,2,2
30315,91,99,-8,8
30316,86,92,-6,6
30317,62,67,-5,5
30318,90,100,-10,10
30319,79,84,-5,5
30320,127,123,4,4
30321,108,116,-8,8
30322,38,73,-35,35
30323,63,79,-16,16
30324,55,65,-10,10
30325,111,95,16,16
30326,53,68,-15,15
30327,77,79,-2,2
30328,143,140,3,3
30329,136,128,8,8
30330,47,62,-15,15
30331,85,84,1,1
30332,96,96,0,0
30333,87,86,1,1
30334,87,89,-2,2
30335,144,128,16,16
30336,105,100,5,5
30337,96,102,-6,6
30338,78,84,-6,6
30339,140,146,-6,6
30340,69,73,-4,4
30341,41,58,-17,17
30342,73,86,-13,13
30343,75,80,-5,5
30344,54,69,-15,15
30345,71,80,-9,9
30346,92,99,-7,7
30347,78,85,-7,7
30348,106,103,3,3
30349,77,85,-8,8
30350,74,79,-5,5
30351,59,65,-6,6
30352,94,108,-14,14
30353,86,86,0,0
30354,102,110,-8,8
30355,87,95,-8,8
30356,121,120,1,1
30357,75,76,-1,1
30358,108,104,4,4
30359,174,152,22,22
30360,119,114,5,5
30361,84,94,-10,10
30362,98,98,0,0
30363,84,93,-9,9
30364,89,86,3,3
30365,87,82,5,5
30366,43,58,-15,15
30367,95,102,-7,7
30368,62,71,-9,9
30369,97,103,-6,6
30370,110,106,4,4
30371,102,107,-5,5
30372,95,99,-4,4
30373,84,90,-6,6
30374,88,92,-4,4
30375,101,101,0,0
30376,154,149,5,5
30377,159,145,14,14
30378,103,98,5,5
30379,75,81,-6,6
30380,119,106,13,13
30381,27,30,-3,3
30382,77,85,-8,8
30383,169,145,24,24
30384,151,150,1,1
30385,72,73,-1,1
30386,145,125,20,20
30387,62,76,-14,14
30388,52,74,-22,22
30389,69,82,-13,13
30390,74,81,-7,7
30391,102,87,15,15
30392,91,96,-5,5
30393,93,91,2,2
30394,81,85,-4,4
30395,137,128,9,9
30396,157,149,8,8
30397,48,59,-11,11
30398,122,122,0,0
30399,64,73,-9,9
30400,175,158,17,17
30401,74,71,3,3
30402,47,60,-13,13
30403,103,101,2,2
30404,88,94,-6,6
30405,64,82,-18,18
30406,94,94,0,0
30407,111,108,3,3
30408,209,181,28,28
30409,80,83,-3,3
30410,108,111,-3,3
30411,103,100,3,3
30412,93,119,-26,26
30413,86,92,-6,6
30414,105,103,2,2
30415,110,106,4,4
30416,82,90,-8,8
30417,69,69,0,0
30418,43,54,-11,11
30419,74,84,-10,10
30420,131,116,15,15
30421,137,137,0,0
30422,110,116,-6,6
30423,61,72,-11,11
30424,90,90,0,0
30425,78,79,-1,1
30426,82,90,-8,8
30427,82,88,-6,6
30428,66,72,-6,6
30429,136,136,0,0
30430,112,103,9,9
30431,71,80,-9,9
30432,114,116,-2,2
30433,105,147,-42,42
30434,93,88,5,5
30435,122,121,1,1
30436,167,160,7,7
30437,67,70,-3,3
30438,62,85,-23,23
30439,116,109,7,7
30440,120,107,13,13
30441,126,120,6,6
30442,110,104,6,6
30443,85,89,-4,4
30444,124,119,5,5
30445,129,130,-1,1
30446,99,114,-15,15
30447,172,156,16,16
30448,76,84,-8,8
30449,64,72,-8,8
30450,138,124,14,14
30451,59,67,-8,8
30452,123,116,7,7
30453,140,108,32,32
30454,67,72,-5,5
30455,211,183,28,28
30456,155,138,17,17
30457,84,98,-14,14
30458,125,122,3,3
30459,72,79,-7,7
30460,121,124,-3,3
30461,121,122,-1,1
30462,141,141,0,0
30463,67,73,-6,6
30464,73,100,-27,27
30465,107,107,0,0
30466,72,71,1,1
30467,65,75,-10,10
30468,82,82,0,0
30469,87,83,4,4
30470,87,87,0,0
30471,52,65,-13,13
30472,84,84,0,0
30473,81,81,0,0
30474,75,85,-10,10
30475,126,124,2,2
30476,45,59,-14,14
30477,48,62,-14,14
30478,77,84,-7,7
30479,150,130,20,20
30480,100,101,-1,1
30481,128,130,-2,2
30482,86,91,-5,5
30483,72,71,1,1
30484,108,107,1,1
30485,61,53,8,8
30486,121,122,-1,1
30487,132,131,1,1
30488,112,118,-6,6
30489,148,139,9,9
30490,89,101,-12,12
30491,47,63,-16,16
30492,75,82,-7,7
30493,113,124,-11,11
30494,82,93,-11,11
30495,82,86,-4,4
30496,155,137,18,18
30497,114,105,9,9
30498,85,95,-10,10
30499,97,101,-4,4
30500,117,107,10,10
30501,57,66,-9,9
30502,121,118,3,3
30503,50,61,-11,11
30504,32,48,-16,16
30505,126,120,6,6
30506,85,92,-7,7
30507,45,64,-19,19
30508,105,100,5,5
30509,84,91,-7,7
30510,99,95,4,4
30511,129,99,30,30
30512,115,109,6,6
30513,127,126,1,1
30514,42,73,-31,31
30515,86,97,-11,11
30516,106,104,2,2
30517,108,104,4,4
30518,143,137,6,6
30519,98,104,-6,6
30520,131,105,26,26
30521,117,116,1,1
30522,82,82,0,0
30523,79,83,-4,4
30524,58,66,-8,8
30525,96,93,3,3
30526,105,96,9,9
30527,103,103,0,0
30528,72,89,-17,17
30529,108,118,-10,10
30530,155,144,11,11
30531,164,146,18,18
30532,60,67,-7,7
30533,130,120,10,10
30534,123,116,7,7
30535,104,109,-5,5
30536,79,80,-1,1
30537,136,130,6,6
30538,130,124,6,6
30539,135,120,15,15
30540,77,81,-4,4
30541,136,125,11,11
30542,107,92,15,15
30543,127,119,8,8
30544,116,117,-1,1
30545,132,126,6,6
30546,88,88,0,0
30547,74,76,-2,2
30548,71,85,-14,14
30549,53,61,-8,8
30550,57,64,-7,7
30551,189,170,19,19
30552,49,58,-9,9
30553,124,125,-1,1
30554,127,120,7,7
30555,45,69,-24,24
30556,110,119,-9,9
30557,104,109,-5,5
30558,82,86,-4,4
30559,133,124,9,9
30560,229,197,32,32
30561,64,74,-10,10
30562,107,97,10,10
30563,109,110,-1,1
30564,174,156,18,18
30565,176,163,13,13
30566,101,94,7,7
30567,113,109,4,4
30568,139,127,12,12
30569,56,66,-10,10
30570,75,77,-2,2
30571,89,92,-3,3
30572,34,49,-15,15
30573,130,125,5,5
30574,81,81,0,0
30575,103,114,-11,11
30576,99,102,-3,3
30577,136,134,2,2
30578,37,53,-16,16
30579,82,81,1,1
30580,125,122,3,3
30581,121,117,4,4
30582,94,92,2,2
30583,67,72,-5,5
30584,110,119,-9,9
30585,82,85,-3,3
30586,106,118,-12,12
30587,154,142,12,12
30588,97,100,-3,3
30589,65,72,-7,7
30590,81,91,-10,10
30591,53,63,-10,10
30592,123,114,9,9
30593,123,113,10,10
30594,60,61,-1,1
30595,59,71,-12,12
30596,71,99,-28,28
30597,154,143,11,11
30598,89,90,-1,1
30599,89,87,2,2
30600,95,91,4,4
30601,78,85,-7,7
30602,79,86,-7,7
30603,132,129,3,3
30604,124,124,0,0
30605,125,119,6,6
30606,73,80,-7,7
30607,109,111,-2,2
30608,84,87,-3,3
30609,114,119,-5,5
30610,98,101,-3,3
30611,229,203,26,26
30612,118,121,-3,3
30613,105,104,1,1
30614,56,69,-13,13
30615,86,88,-2,2
30616,72,80,-8,8
30617,144,162,-18,18
30618,151,138,13,13
30619,91,90,1,1
30620,134,131,3,3
30621,142,134,8,8
30622,119,118,1,1
30623,115,108,7,7
30624,122,122,0,0
30625,121,109,12,12
30626,145,150,-5,5
30627,151,143,8,8
30628,99,87,12,12
30629,90,94,-4,4
30630,115,137,-22,22
30631,65,83,-18,18
30632,90,92,-2,2
30633,78,83,-5,5
30634,65,77,-12,12
30635,77,82,-5,5
30636,64,72,-8,8
30637,204,177,27,27
30638,134,139,-5,5
30639,144,130,14,14
30640,127,126,1,1
30641,88,85,3,3
30642,61,71,-10,10
30643,118,120,-2,2
30644,91,94,-3,3
30645,143,122,21,21
30646,166,144,22,22
30647,77,80,-3,3
30648,97,95,2,2
30649,97,100,-3,3
30650,98,89,9,9
30651,71,76,-5,5
30652,77,78,-1,1
30653,145,133,12,12
30654,127,122,5,5
30655,144,137,7,7
30656,128,118,10,10
30657,148,138,10,10
30658,67,72,-5,5
30659,147,144,3,3
30660,85,96,-11,11
30661,98,100,-2,2
30662,72,77,-5,5
30663,74,82,-8,8
30664,111,112,-1,1
30665,80,82,-2,2
30666,73,76,-3,3
30667,79,87,-8,8
30668,90,83,7,7
30669,104,98,6,6
30670,70,77,-7,7
30671,99,103,-4,4
30672,64,72,-8,8
30673,68,76,-8,8
30674,96,93,3,3
30675,44,59,-15,15
30676,84,89,-5,5
30677,81,81,0,0
30678,152,144,8,8
30679,69,78,-9,9
30680,86,105,-19,19
30681,89,96,-7,7
30682,151,141,10,10
30683,80,91,-11,11
30684,97,102,-5,5
30685,55,62,-7,7
30686,126,118,8,8
30687,110,118,-8,8
30688,112,120,-8,8
30689,156,134,22,22
30690,52,55,-3,3
30691,88,91,-3,3
30692,98,106,-8,8
30693,131,121,10,10
30694,114,107,7,7
30695,154,150,4,4
30696,52,63,-11,11
30697,134,130,4,4
30698,60,66,-6,6
30699,68,75,-7,7
30700,119,119,0,0
30701,61,71,-10,10
30702,94,104,-10,10
30703,98,104,-6,6
30704,103,113,-10,10
30705,120,121,-1,1
30706,97,99,-2,2
30707,126,118,8,8
30708,103,101,2,2
30709,97,99,-2,2
30710,89,89,0,0
30711,69,73,-4,4
30712,58,67,-9,9
30713,109,104,5,5
30714,91,84,7,7
30715,76,80,-4,4
30716,206,186,20,20
30717,109,98,11,11
30718,167,154,13,13
30719,124,118,6,6
30720,68,72,-4,4
30721,162,134,28,28
30722,92,94,-2,2
30723,160,153,7,7
30724,107,105,2,2
30725,104,95,9,9
30726,72,74,-2,2
30727,59,70,-11,11
30728,102,96,6,6
30729,110,121,-11,11
30730,71,77,-6,6
30731,96,91,5,5
30732,117,112,5,5
30733,67,74,-7,7
30734,64,76,-12,12
30735,111,106,5,5
30736,54,59,-5,5
30737,70,77,-7,7
30738,89,87,2,2
30739,125,130,-5,5
30740,81,93,-12,12
30741,132,120,12,12
30742,122,121,1,1
30743,83,92,-9,9
30744,49,68,-19,19
30745,134,116,18,18
30746,86,88,-2,2
30747,87,87,0,0
30748,113,116,-3,3
30749,147,142,5,5
30750,57,71,-14,14
30751,81,83,-2,2
30752,84,95,-11,11
30753,130,121,9,9
30754,103,98,5,5
30755,57,68,-11,11
30756,58,67,-9,9
30757,147,126,21,21
30758,136,130,6,6
30759,78,87,-9,9
30760,92,95,-3,3
30761,69,81,-12,12
30762,151,138,13,13
30763,155,151,4,4
30764,80,89,-9,9
30765,71,74,-3,3
30766,113,157,-44,44
30767,129,112,17,17
30768,113,113,0,0
30769,82,91,-9,9
30770,69,66,3,3
30771,95,95,0,0
30772,86,90,-4,4
30773,86,84,2,2
30774,73,75,-2,2
30775,84,90,-6,6
30776,99,98,1,1
30777,159,138,21,21
30778,94,97,-3,3
30779,93,97,-4,4
30780,52,62,-10,10
30781,92,94,-2,2
30782,77,91,-14,14
30783,83,91,-8,8
30784,145,137,8,8
30785,89,90,-1,1
30786,98,94,4,4
30787,128,128,0,0
30788,70,85,-15,15
30789,85,88,-3,3
30790,94,95,-1,1
30791,63,76,-13,13
30792,120,108,12,12
30793,93,101,-8,8
30794,113,107,6,6
30795,164,163,1,1
30796,121,115,6,6
30797,61,64,-3,3
30798,100,56,44,44
30799,67,67,0,0
30800,107,107,0,0
30801,56,60,-4,4
30802,79,84,-5,5
30803,116,144,-28,28
30804,139,131,8,8
30805,112,119,-7,7
30806,92,93,-1,1
30807,108,105,3,3
30808,124,128,-4,4
30809,158,155,3,3
30810,106,100,6,6
30811,132,125,7,7
30812,100,97,3,3
30813,64,99,-35,35
30814,128,121,7,7
30815,53,60,-7,7
30816,54,62,-8,8
30817,81,85,-4,4
30818,67,75,-8,8
30819,97,113,-16,16
30820,129,117,12,12
30821,122,106,16,16
30822,139,131,8,8
30823,44,55,-11,11
30824,131,128,3,3
30825,67,78,-11,11
30826,115,114,1,1
30827,53,60,-7,7
30828,84,88,-4,4
30829,124,121,3,3
30830,74,73,1,1
30831,104,110,-6,6
30832,70,80,-10,10
30833,112,112,0,0
30834,90,82,8,8
30835,83,99,-16,16
30836,71,79,-8,8
30837,81,84,-3,3
30838,124,139,-15,15
30839,161,156,5,5
30840,52,63,-11,11
30841,78,89,-11,11
30842,57,61,-4,4
30843,113,112,1,1
30844,105,97,8,8
30845,119,108,11,11
30846,48,61,-13,13
30847,123,114,9,9
30848,96,96,0,0
30849,124,115,9,9
30850,129,127,2,2
30851,125,122,3,3
30852,104,107,-3,3
30853,117,115,2,2
30854,151,142,9,9
30855,125,119,6,6
30856,87,97,-10,10
30857,71,78,-7,7
30858,58,66,-8,8
30859,127,129,-2,2
30860,143,123,20,20
30861,78,82,-4,4
30862,114,122,-8,8
30863,49,60,-11,11
30864,86,92,-6,6
30865,81,94,-13,13
30866,85,90,-5,5
30867,158,135,23,23
30868,57,63,-6,6
30869,109,106,3,3
30870,95,94,1,1
30871,45,57,-12,12
30872,76,89,-13,13
30873,83,85,-2,2
30874,100,113,-13,13
30875,65,83,-18,18
30876,76,84,-8,8
30877,47,66,-19,19
30878,70,76,-6,6
30879,157,149,8,8
30880,204,169,35,35
30881,88,89,-1,1
30882,93,91,2,2
30883,53,67,-14,14
30884,97,101,-4,4
30885,84,86,-2,2
30886,66,79,-13,13
30887,73,81,-8,8
30888,64,76,-12,12
30889,102,95,7,7
30890,56,65,-9,9
30891,73,81,-8,8
30892,78,88,-10,10
30893,64,79,-15,15
30894,89,94,-5,5
30895,108,108,0,0
30896,79,78,1,1
30897,99,102,-3,3
30898,104,103,1,1
30899,174,151,23,23
30900,76,84,-8,8
30901,67,79,-12,12
30902,103,100,3,3
30903,72,76,-4,4
30904,65,82,-17,17
30905,79,87,-8,8
30906,39,74,-35,35
30907,42,53,-11,11
30908,43,59,-16,16
30909,130,124,6,6
30910,56,63,-7,7
30911,67,77,-10,10
30912,61,70,-9,9
30913,79,76,3,3
30914,122,104,18,18
30915,121,117,4,4
30916,87,83,4,4
30917,95,101,-6,6
30918,76,80,-4,4
30919,98,90,8,8
30920,149,144,5,5
30921,37,54,-17,17
30922,91,83,8,8
30923,99,98,1,1
30924,64,75,-11,11
30925,113,107,6,6
30926,82,86,-4,4
30927,71,78,-7,7
30928,103,107,-4,4
30929,58,69,-11,11
30930,112,107,5,5
30931,61,71,-10,10
30932,60,73,-13,13
30933,118,121,-3,3
30934,48,63,-15,15
30935,86,80,6,6
30936,61,74,-13,13
30937,123,111,12,12
30938,151,142,9,9
30939,50,58,-8,8
30940,123,126,-3,3
30941,186,174,12,12
30942,59,71,-12,12
30943,141,135,6,6
30944,130,144,-14,14
30945,83,79,4,4
30946,63,72,-9,9
30947,168,144,24,24
30948,88,91,-3,3
30949,49,64,-15,15
30950,47,62,-15,15
30951,81,87,-6,6
30952,176,149,27,27
30953,58,68,-10,10
30954,48,53,-5,5
30955,117,117,0,0
30956,115,105,10,10
30957,120,114,6,6
30958,90,92,-2,2
30959,46,64,-18,18
30960,113,125,-12,12
30961,64,76,-12,12
30962,126,118,8,8
30963,153,134,19,19
30964,114,105,9,9
30965,182,174,8,8
30966,114,114,0,0
30967,91,94,-3,3
30968,116,106,10,10
30969,135,122,13,13
30970,70,77,-7,7
30971,80,78,2,2
30972,50,70,-20,20
30973,90,93,-3,3
30974,50,65,-15,15
30975,144,123,21,21
30976,77,81,-4,4
30977,81,80,1,1
30978,41,52,-11,11
30979,80,87,-7,7
30980,97,96,1,1
30981,65,73,-8,8
30982,70,77,-7,7
30983,176,172,4,4
30984,143,135,8,8
30985,79,83,-4,4
30986,122,116,6,6
30987,135,131,4,4
30988,85,94,-9,9
30989,50,67,-17,17
30990,88,89,-1,1
30991,120,109,11,11
30992,134,127,7,7
30993,74,78,-4,4
30994,86,94,-8,8
30995,95,97,-2,2
30996,56,68,-12,12
30997,92,91,1,1
30998,86,90,-4,4
30999,70,92,-22,22
31000,81,81,0,0
31001,113,114,-1,1
31002,99,97,2,2
31003,77,84,-7,7
31004,31,39,-8,8
31005,99,97,2,2
31006,85,86,-1,1
31007,80,89,-9,9
31008,92,94,-2,2
31009,56,66,-10,10
31010,139,144,-5,5
31011,51,58,-7,7
31012,36,39,-3,3
31013,126,117,9,9
31014,76,81,-5,5
31015,96,109,-13,13
31016,87,93,-6,6
31017,117,113,4,4
31018,102,104,-2,2
31019,89,95,-6,6
31020,107,94,13,13
31021,79,83,-4,4
31022,89,91,-2,2
31023,67,69,-2,2
31024,114,111,3,3
31025,69,78,-9,9
31026,115,100,15,15
31027,168,164,4,4
31028,84,89,-5,5
31029,79,68,11,11
31030,133,133,0,0
31031,123,108,15,15
31032,102,110,-8,8
31033,123,114,9,9
31034,97,92,5,5
31035,89,94,-5,5
31036,92,98,-6,6
31037,171,148,23,23
31038,72,72,0,0
31039,92,101,-9,9
31040,54,70,-16,16
31041,113,115,-2,2
31042,110,99,11,11
31043,64,70,-6,6
31044,64,71,-7,7
31045,69,70,-1,1
31046,81,84,-3,3
31047,101,103,-2,2
31048,92,97,-5,5
31049,85,95,-10,10
31050,58,67,-9,9
31051,124,118,6,6
31052,81,81,0,0
31053,108,99,9,9
31054,93,90,3,3
31055,70,70,0,0
31056,119,100,19,19
31057,65,74,-9,9
31058,90,85,5,5
31059,53,63,-10,10
31060,73,82,-9,9
31061,52,64,-12,12
31062,97,100,-3,3
31063,118,105,13,13
31064,95,94,1,1
31065,89,91,-2,2
31066,66,72,-6,6
31067,75,84,-9,9
31068,107,101,6,6
31069,63,68,-5,5
31070,148,132,16,16
31071,110,107,3,3
31072,96,108,-12,12
31073,123,122,1,1
31074,123,111,12,12
31075,106,95,11,11
31076,101,96,5,5
31077,105,106,-1,1
31078,94,101,-7,7
31079,53,75,-22,22
31080,53,70,-17,17
31081,116,116,0,0
31082,122,124,-2,2
31083,96,103,-7,7
31084,117,110,7,7
31085,105,100,5,5
31086,74,80,-6,6
31087,43,60,-17,17
31088,110,111,-1,1
31089,71,76,-5,5
31090,72,74,-2,2
31091,109,104,5,5
31092,142,136,6,6
31093,69,71,-2,2
31094,127,134,-7,7
31095,113,119,-6,6
31096,61,69,-8,8
31097,108,105,3,3
31098,83,83,0,0
31099,58,69,-11,11
31100,107,105,2,2
31101,108,124,-16,16
31102,97,95,2,2
31103,101,95,6,6
31104,101,106,-5,5
31105,123,114,9,9
31106,68,77,-9,9
31107,89,89,0,0
31108,47,60,-13,13
31109,128,116,12,12
31110,117,113,4,4
31111,94,90,4,4
31112,111,105,6,6
31113,51,61,-10,10
31114,65,79,-14,14
31115,79,98,-19,19
31116,140,136,4,4
31117,152,130,22,22
31118,108,109,-1,1
31119,115,107,8,8
31120,78,91,-13,13
31121,100,102,-2,2
31122,69,78,-9,9
31123,127,121,6,6
31124,64,66,-2,2
31125,148,139,9,9
31126,105,100,5,5
31127,123,117,6,6
31128,56,66,-10,10
31129,60,77,-17,17
31130,100,96,4,4
31131,77,99,-22,22
31132,89,112,-23,23
31133,63,76,-13,13
31134,70,75,-5,5
31135,74,76,-2,2
31136,74,86,-12,12
31137,149,129,20,20
31138,60,72,-12,12
31139,115,158,-43,43
31140,65,75,-10,10
31141,95,92,3,3
31142,126,138,-12,12
31143,84,95,-11,11
31144,114,100,14,14
31145,130,120,10,10
31146,117,110,7,7
31147,135,136,-1,1
31148,110,115,-5,5
31149,74,74,0,0
31150,91,97,-6,6
31151,102,97,5,5
31152,76,85,-9,9
31153,81,88,-7,7
31154,117,110,7,7
31155,58,68,-10,10
31156,52,76,-24,24
31157,44,67,-23,23
31158,126,128,-2,2
31159,102,102,0,0
31160,68,69,-1,1
31161,96,110,-14,14
31162,116,102,14,14
31163,96,92,4,4
31164,44,60,-16,16
31165,49,57,-8,8
31166,109,108,1,1
31167,40,58,-18,18
31168,84,113,-29,29
31169,57,66,-9,9
31170,85,93,-8,8
31171,44,57,-13,13
31172,77,80,-3,3
31173,70,85,-15,15
31174,63,75,-12,12
31175,75,77,-2,2
31176,88,93,-5,5
31177,98,96,2,2
31178,66,87,-21,21
31179,78,78,0,0
31180,95,103,-8,8
31181,99,124,-25,25
31182,20,94,-74,74
31183,88,94,-6,6
31184,165,148,17,17
31185,127,119,8,8
31186,55,67,-12,12
31187,145,135,10,10
31188,72,75,-3,3
31189,84,81,3,3
31190,62,71,-9,9
31191,107,98,9,9
31192,113,96,17,17
31193,64,72,-8,8
31194,132,114,18,18
31195,80,82,-2,2
31196,64,75,-11,11
31197,58,73,-15,15
31198,53,73,-20,20
31199,101,100,1,1
31200,97,93,4,4
31201,93,96,-3,3
31202,87,80,7,7
31203,78,81,-3,3
31204,70,69,1,1
31205,119,87,32,32
31206,66,73,-7,7
31207,82,95,-13,13
31208,117,101,16,16
31209,106,101,5,5
31210,79,82,-3,3
31211,129,152,-23,23
31212,95,89,6,6
31213,66,79,-13,13
31214,63,68,-5,5
31215,128,123,5,5
31216,86,82,4,4
31217,87,97,-10,10
31218,115,112,3,3
31219,126,123,3,3
31220,66,104,-38,38
31221,138,134,4,4
31222,118,103,15,15
31223,105,103,2,2
31224,59,72,-13,13
31225,51,66,-15,15
31226,45,68,-23,23
31227,79,83,-4,4
31228,103,93,10,10
31229,86,109,-23,23
31230,63,69,-6,6
31231,104,101,3,3
31232,144,135,9,9
31233,160,141,19,19
31234,55,67,-12,12
31235,83,87,-4,4
31236,104,103,1,1
31237,61,70,-9,9
31238,92,100,-8,8
31239,72,81,-9,9
31240,103,99,4,4
31241,192,160,32,32
31242,89,87,2,2
31243,76,79,-3,3
31244,70,82,-12,12
31245,81,78,3,3
31246,96,96,0,0
31247,120,115,5,5
31248,88,91,-3,3
31249,81,79,2,2
31250,91,94,-3,3
31251,104,97,7,7
31252,71,77,-6,6
31253,51,58,-7,7
31254,138,129,9,9
31255,88,81,7,7
31256,64,81,-17,17
31257,108,109,-1,1
31258,120,116,4,4
31259,78,101,-23,23
31260,158,138,20,20
31261,185,159,26,26
31262,168,165,3,3
31263,96,101,-5,5
31264,100,84,16,16
31265,48,105,-57,57
31266,80,83,-3,3
31267,49,63,-14,14
31268,108,106,2,2
31269,71,79,-8,8
31270,111,109,2,2
31271,75,77,-2,2
31272,117,115,2,2
31273,156,136,20,20
31274,111,103,8,8
31275,108,109,-1,1
31276,54,66,-12,12
31277,83,92,-9,9
31278,91,87,4,4
31279,53,68,-15,15
31280,46,58,-12,12
31281,39,57,-18,18
31282,97,109,-12,12
31283,97,109,-12,12
31284,93,91,2,2
31285,173,156,17,17
31286,76,79,-3,3
31287,146,134,12,12
31288,128,132,-4,4
31289,81,78,3,3
31290,90,94,-4,4
31291,109,112,-3,3
31292,123,109,14,14
31293,100,100,0,0
31294,77,85,-8,8
31295,77,83,-6,6
31296,109,120,-11,11
31297,85,85,0,0
31298,94,94,0,0
31299,57,64,-7,7
31300,51,62,-11,11
31301,50,65,-15,15
31302,80,82,-2,2
31303,73,75,-2,2
31304,68,80,-12,12
31305,153,133,20,20
31306,120,124,-4,4
31307,99,100,-1,1
31308,97,96,1,1
31309,82,83,-1,1
31310,85,96,-11,11
31311,84,87,-3,3
31312,93,104,-11,11
31313,55,68,-13,13
31314,53,65,-12,12
31315,148,135,13,13
31316,115,120,-5,5
31317,116,114,2,2
31318,109,98,11,11
31319,72,81,-9,9
31320,85,91,-6,6
31321,78,74,4,4
31322,133,122,11,11
31323,89,88,1,1
31324,53,70,-17,17
31325,145,149,-4,4
31326,75,76,-1,1
31327,60,69,-9,9
31328,71,78,-7,7
31329,62,71,-9,9
31330,165,149,16,16
31331,51,63,-12,12
31332,146,150,-4,4
31333,64,71,-7,7
31334,75,87,-12,12
31335,79,80,-1,1
31336,85,91,-6,6
31337,100,100,0,0
31338,119,112,7,7
31339,106,116,-10,10
31340,79,82,-3,3
31341,163,152,11,11
31342,121,122,-1,1
31343,66,75,-9,9
31344,114,112,2,2
31345,77,85,-8,8
31346,57,68,-11,11
31347,87,95,-8,8
31348,86,86,0,0
31349,71,82,-11,11
31350,124,118,6,6
31351,65,70,-5,5
31352,111,106,5,5
31353,62,75,-13,13
31354,94,88,6,6
31355,76,82,-6,6
31356,122,131,-9,9
31357,136,145,-9,9
31358,76,79,-3,3
31359,82,99,-17,17
31360,62,68,-6,6
31361,65,68,-3,3
31362,63,76,-13,13
31363,50,60,-10,10
31364,56,73,-17,17
31365,80,90,-10,10
31366,95,90,5,5
31367,94,98,-4,4
31368,90,84,6,6
31369,116,101,15,15
31370,113,105,8,8
31371,70,74,-4,4
31372,31,46,-15,15
31373,70,79,-9,9
31374,72,72,0,0
31375,92,88,4,4
31376,82,83,-1,1
31377,58,73,-15,15
31378,104,106,-2,2
31379,75,80,-5,5
31380,90,96,-6,6
31381,130,122,8,8
31382,126,123,3,3
31383,89,87,2,2
31384,108,106,2,2
31385,51,65,-14,14
31386,132,127,5,5
31387,91,93,-2,2
31388,109,116,-7,7
31389,103,119,-16,16
31390,87,85,2,2
31391,123,121,2,2
31392,109,103,6,6
31393,77,96,-19,19
31394,96,98,-2,2
31395,82,85,-3,3
31396,111,109,2,2
31397,72,76,-4,4
31398,117,107,10,10
31399,117,113,4,4
31400,137,130,7,7
31401,107,97,10,10
31402,91,94,-3,3
31403,110,107,3,3
31404,76,87,-11,11
31405,83,81,2,2
31406,142,138,4,4
31407,97,97,0,0
31408,54,62,-8,8
31409,71,80,-9,9
31410,91,99,-8,8
31411,100,102,-2,2
31412,47,60,-13,13
31413,114,105,9,9
31414,65,64,1,1
31415,33,43,-10,10
31416,88,90,-2,2
31417,102,105,-3,3
31418,72,91,-19,19
31419,95,100,-5,5
31420,100,98,2,2
31421,200,182,18,18
31422,147,129,18,18
31423,98,106,-8,8
31424,111,107,4,4
31425,105,106,-1,1
31426,89,93,-4,4
31427,108,106,2,2
31428,35,72,-37,37
31429,54,67,-13,13
31430,124,119,5,5
31431,90,85,5,5
31432,130,124,6,6
31433,138,125,13,13
31434,143,126,17,17
31435,74,79,-5,5
31436,47,65,-18,18
31437,64,73,-9,9
31438,174,168,6,6
31439,96,93,3,3
31440,132,128,4,4
31441,66,80,-14,14
31442,105,105,0,0
31443,128,127,1,1
31444,99,99,0,0
31445,70,75,-5,5
31446,62,66,-4,4
31447,78,80,-2,2
31448,93,97,-4,4
31449,89,80,9,9
31450,104,114,-10,10
31451,74,77,-3,3
31452,102,88,14,14
31453,58,65,-7,7
31454,89,92,-3,3
31455,84,81,3,3
31456,128,118,10,10
31457,91,96,-5,5
31458,80,76,4,4
31459,84,97,-13,13
31460,100,105,-5,5
31461,115,109,6,6
31462,92,98,-6,6
31463,155,150,5,5
31464,175,143,32,32
31465,79,80,-1,1
31466,70,71,-1,1
31467,64,79,-15,15
31468,111,114,-3,3
31469,83,84,-1,1
31470,92,96,-4,4
31471,153,142,11,11
31472,138,131,7,7
31473,90,106,-16,16
31474,104,109,-5,5
31475,52,59,-7,7
31476,72,80,-8,8
31477,76,84,-8,8
31478,69,75,-6,6
31479,145,133,12,12
31480,67,72,-5,5
31481,79,81,-2,2
31482,103,97,6,6
31483,145,145,0,0
31484,86,91,-5,5
31485,112,105,7,7
31486,130,123,7,7
31487,173,156,17,17
31488,75,80,-5,5
31489,195,161,34,34
31490,93,93,0,0
31491,102,98,4,4
31492,64,68,-4,4
31493,68,72,-4,4
31494,58,71,-13,13
31495,93,85,8,8
31496,119,102,17,17
31497,54,61,-7,7
31498,72,93,-21,21
31499,82,88,-6,6
31500,130,126,4,4
31501,75,83,-8,8
31502,73,81,-8,8
31503,72,81,-9,9
31504,243,242,1,1
31505,62,82,-20,20
31506,79,79,0,0
31507,129,129,0,0
31508,119,111,8,8
31509,121,120,1,1
31510,135,128,7,7
31511,64,64,0,0
31512,84,87,-3,3
31513,68,78,-10,10
31514,89,88,1,1
31515,59,63,-4,4
31516,67,79,-12,12
31517,108,113,-5,5
31518,55,66,-11,11
31519,161,134,27,27
31520,75,82,-7,7
31521,113,106,7,7
31522,102,99,3,3
31523,116,109,7,7
31524,134,128,6,6
31525,161,131,30,30
31526,122,105,17,17
31527,103,100,3,3
31528,75,80,-5,5
31529,162,139,23,23
31530,76,86,-10,10
31531,57,68,-11,11
31532,74,82,-8,8
31533,78,76,2,2
31534,68,73,-5,5
31535,101,97,4,4
31536,66,75,-9,9
31537,61,75,-14,14
31538,120,114,6,6
31539,62,69,-7,7
31540,149,129,20,20
31541,85,96,-11,11
31542,126,112,14,14
31543,192,179,13,13
31544,94,94,0,0
31545,69,77,-8,8
31546,99,91,8,8
31547,114,105,9,9
31548,75,81,-6,6
31549,113,120,-7,7
31550,165,147,18,18
31551,133,122,11,11
31552,86,97,-11,11
31553,72,73,-1,1
31554,97,98,-1,1
31555,113,153,-40,40
31556,110,110,0,0
31557,119,121,-2,2
31558,60,70,-10,10
31559,72,88,-16,16
31560,110,105,5,5
31561,151,132,19,19
31562,70,74,-4,4
31563,89,93,-4,4
31564,112,105,7,7
31565,70,77,-7,7
31566,64,72,-8,8
31567,155,151,4,4
31568,103,102,1,1
31569,115,109,6,6
31570,57,64,-7,7
31571,92,100,-8,8
31572,96,93,3,3
31573,61,71,-10,10
31574,144,126,18,18
31575,75,82,-7,7
31576,138,127,11,11
31577,103,106,-3,3
31578,118,106,12,12
31579,80,89,-9,9
31580,107,100,7,7
31581,84,87,-3,3
31582,87,86,1,1
31583,56,60,-4,4
31584,129,125,4,4
31585,94,95,-1,1
31586,72,84,-12,12
31587,193,162,31,31
31588,141,122,19,19
31589,98,100,-2,2
31590,116,121,-5,5
31591,154,143,11,11
31592,116,120,-4,4
31593,75,84,-9,9
31594,107,99,8,8
31595,83,81,2,2
31596,103,110,-7,7
31597,99,97,2,2
31598,109,112,-3,3
31599,95,94,1,1
31600,85,81,4,4
31601,81,85,-4,4
31602,112,96,16,16
31603,82,83,-1,1
31604,56,65,-9,9
31605,64,73,-9,9
31606,105,120,-15,15
31607,118,117,1,1
31608,82,88,-6,6
31609,96,97,-1,1
31610,69,72,-3,3
31611,128,124,4,4
31612,88,95,-7,7
31613,90,89,1,1
31614,141,134,7,7
31615,75,89,-14,14
31616,108,110,-2,2
31617,153,139,14,14
31618,101,99,2,2
31619,76,84,-8,8
31620,86,96,-10,10
31621,49,58,-9,9
31622,130,124,6,6
31623,95,96,-1,1
31624,33,55,-22,22
31625,156,152,4,4
31626,49,57,-8,8
31627,89,87,2,2
31628,86,81,5,5
31629,80,80,0,0
31630,97,96,1,1
31631,59,71,-12,12
31632,153,140,13,13
31633,51,62,-11,11
31634,88,84,4,4
31635,145,151,-6,6
31636,165,168,-3,3
31637,74,84,-10,10
31638,80,93,-13,13
31639,101,96,5,5
31640,46,59,-13,13
31641,62,71,-9,9
31642,107,98,9,9
31643,66,75,-9,9
31644,153,142,11,11
31645,75,81,-6,6
31646,49,60,-11,11
31647,120,122,-2,2
31648,131,123,8,8
31649,106,110,-4,4
31650,147,135,12,12
31651,81,86,-5,5
31652,94,96,-2,2
31653,57,65,-8,8
31654,61,77,-16,16
31655,47,58,-11,11
31656,53,62,-9,9
31657,117,108,9,9
31658,98,85,13,13
31659,48,57,-9,9
31660,190,176,14,14
31661,68,77,-9,9
31662,106,100,6,6
31663,57,73,-16,16
31664,131,131,0,0
31665,132,124,8,8
31666,74,81,-7,7
31667,125,122,3,3
31668,86,93,-7,7
31669,49,60,-11,11
31670,95,86,9,9
31671,67,71,-4,4
31672,82,90,-8,8
31673,93,103,-10,10
31674,52,66,-14,14
31675,55,66,-11,11
31676,111,107,4,4
31677,73,77,-4,4
31678,72,83,-11,11
31679,160,148,12,12
31680,97,101,-4,4
31681,95,90,5,5
31682,117,95,22,22
31683,67,67,0,0
31684,55,68,-13,13
31685,103,97,6,6
31686,108,111,-3,3
31687,82,81,1,1
31688,155,138,17,17
31689,87,90,-3,3
31690,88,89,-1,1
31691,84,98,-14,14
31692,66,82,-16,16
31693,59,68,-9,9
31694,80,82,-2,2
31695,120,122,-2,2
31696,92,94,-2,2
31697,36,43,-7,7
31698,89,84,5,5
31699,113,102,11,11
31700,86,93,-7,7
31701,117,136,-19,19
31702,78,78,0,0
31703,72,83,-11,11
31704,76,75,1,1
31705,76,81,-5,5
31706,87,90,-3,3
31707,76,100,-24,24
31708,79,72,7,7
31709,51,55,-4,4
31710,121,128,-7,7
31711,100,94,6,6
31712,83,86,-3,3
31713,84,82,2,2
31714,100,105,-5,5
31715,125,120,5,5
31716,73,74,-1,1
31717,59,70,-11,11
31718,79,86,-7,7
31719,76,88,-12,12
31720,108,111,-3,3
31721,64,79,-15,15
31722,101,98,3,3
31723,140,122,18,18
31724,89,93,-4,4
31725,72,75,-3,3
31726,82,90,-8,8
31727,68,77,-9,9
31728,41,61,-20,20
31729,77,82,-5,5
31730,150,138,12,12
31731,121,115,6,6
31732,96,117,-21,21
31733,50,61,-11,11
31734,45,58,-13,13
31735,118,123,-5,5
31736,108,104,4,4
31737,74,77,-3,3
31738,148,133,15,15
31739,109,105,4,4
31740,53,65,-12,12
31741,69,71,-2,2
31742,75,82,-7,7
31743,75,92,-17,17
31744,93,93,0,0
31745,36,50,-14,14
31746,62,74,-12,12
31747,139,132,7,7
31748,67,74,-7,7
31749,199,184,15,15
31750,61,65,-4,4
31751,66,74,-8,8
31752,58,68,-10,10
31753,58,70,-12,12
31754,98,103,-5,5
31755,65,70,-5,5
31756,96,98,-2,2
31757,105,107,-2,2
31758,44,57,-13,13
31759,116,112,4,4
31760,87,84,3,3
31761,94,94,0,0
31762,130,130,0,0
31763,103,104,-1,1
31764,85,85,0,0
31765,94,103,-9,9
31766,78,81,-3,3
31767,120,114,6,6
31768,48,62,-14,14
31769,107,99,8,8
31770,87,94,-7,7
31771,115,118,-3,3
31772,122,119,3,3
31773,137,123,14,14
31774,19,33,-14,14
31775,90,95,-5,5
31776,45,54,-9,9
31777,53,68,-15,15
31778,132,119,13,13
31779,54,61,-7,7
31780,123,129,-6,6
31781,88,105,-17,17
31782,90,91,-1,1
31783,112,109,3,3
31784,67,71,-4,4
31785,50,66,-16,16
31786,65,71,-6,6
31787,44,58,-14,14
31788,86,96,-10,10
31789,65,74,-9,9
31790,80,98,-18,18
31791,128,119,9,9
31792,166,136,30,30
31793,105,98,7,7
31794,77,82,-5,5
31795,113,118,-5,5
31796,82,85,-3,3
31797,94,100,-6,6
31798,123,118,5,5
31799,118,116,2,2
31800,159,144,15,15
31801,100,87,13,13
31802,95,91,4,4
31803,128,126,2,2
31804,67,83,-16,16
31805,131,118,13,13
31806,78,82,-4,4
31807,58,69,-11,11
31808,126,115,11,11
31809,136,137,-1,1
31810,75,77,-2,2
31811,100,99,1,1
31812,52,62,-10,10
31813,94,90,4,4
31814,64,77,-13,13
31815,65,74,-9,9
31816,85,88,-3,3
31817,100,100,0,0
31818,134,127,7,7
31819,88,91,-3,3
31820,87,92,-5,5
31821,112,109,3,3
31822,222,196,26,26
31823,103,98,5,5
31824,131,148,-17,17
31825,143,135,8,8
31826,89,94,-5,5
31827,144,126,18,18
31828,90,91,-1,1
31829,117,110,7,7
31830,41,54,-13,13
31831,161,150,11,11
31832,87,95,-8,8
31833,67,75,-8,8
31834,89,96,-7,7
31835,58,62,-4,4
31836,54,62,-8,8
31837,66,69,-3,3
31838,62,74,-12,12
31839,46,57,-11,11
31840,116,117,-1,1
31841,146,143,3,3
31842,153,154,-1,1
31843,110,97,13,13
31844,83,79,4,4
31845,138,123,15,15
31846,117,108,9,9
31847,86,85,1,1
31848,170,156,14,14
31849,96,102,-6,6
31850,57,64,-7,7
31851,102,95,7,7
31852,96,97,-1,1
31853,88,87,1,1
31854,117,120,-3,3
31855,83,98,-15,15
31856,94,103,-9,9
31857,68,83,-15,15
31858,81,80,1,1
31859,165,156,9,9
31860,93,88,5,5
31861,169,158,11,11
31862,79,88,-9,9
31863,91,89,2,2
31864,96,96,0,0
31865,107,95,12,12
31866,98,96,2,2
31867,81,82,-1,1
31868,125,125,0,0
31869,111,107,4,4
31870,50,64,-14,14
31871,102,104,-2,2
31872,94,89,5,5
31873,57,66,-9,9
31874,110,107,3,3
31875,89,89,0,0
31876,69,73,-4,4
31877,116,118,-2,2
31878,135,121,14,14
31879,76,78,-2,2
31880,98,91,7,7
31881,72,74,-2,2
31882,68,79,-11,11
31883,77,81,-4,4
31884,125,134,-9,9
31885,115,106,9,9
31886,136,121,15,15
31887,80,81,-1,1
31888,82,87,-5,5
31889,76,85,-9,9
31890,82,82,0,0
31891,138,125,13,13
31892,108,101,7,7
31893,153,140,13,13
31894,76,80,-4,4
31895,100,93,7,7
31896,97,99,-2,2
31897,119,115,4,4
31898,35,52,-17,17
31899,39,53,-14,14
31900,102,98,4,4
31901,93,105,-12,12
31902,122,117,5,5
31903,88,87,1,1
31904,84,89,-5,5
31905,207,183,24,24
31906,67,75,-8,8
31907,111,112,-1,1
31908,75,81,-6,6
31909,112,104,8,8
31910,59,69,-10,10
31911,66,71,-5,5
31912,161,153,8,8
31913,80,91,-11,11
31914,64,79,-15,15
31915,123,88,35,35
31916,123,117,6,6
31917,144,136,8,8
31918,61,68,-7,7
31919,85,79,6,6
31920,100,95,5,5
31921,100,98,2,2
31922,65,67,-2,2
31923,75,77,-2,2
31924,104,96,8,8
31925,112,121,-9,9
31926,93,93,0,0
31927,69,71,-2,2
31928,58,67,-9,9
31929,120,106,14,14
31930,131,119,12,12
31931,101,95,6,6
31932,156,148,8,8
31933,83,83,0,0
31934,62,71,-9,9
31935,94,97,-3,3
31936,87,95,-8,8
31937,182,162,20,20
31938,132,125,7,7
31939,100,103,-3,3
31940,74,79,-5,5
31941,57,69,-12,12
31942,95,97,-2,2
31943,64,65,-1,1
31944,99,99,0,0
31945,102,110,-8,8
31946,144,124,20,20
31947,152,136,16,16
31948,66,71,-5,5
31949,57,67,-10,10
31950,73,83,-10,10
31951,85,83,2,2
31952,111,102,9,9
31953,78,83,-5,5
31954,87,88,-1,1
31955,58,71,-13,13
31956,125,121,4,4
31957,98,97,1,1
31958,127,120,7,7
31959,125,115,10,10
31960,107,107,0,0
31961,57,70,-13,13
31962,161,143,18,18
31963,109,102,7,7
31964,110,101,9,9
31965,64,70,-6,6
31966,304,252,52,52
31967,75,78,-3,3
31968,161,161,0,0
31969,85,97,-12,12
31970,124,106,18,18
31971,53,63,-10,10
31972,98,101,-3,3
31973,124,121,3,3
31974,67,71,-4,4
31975,59,72,-13,13
31976,115,105,10,10
31977,91,88,3,3
31978,108,109,-1,1
31979,82,89,-7,7
31980,104,96,8,8
31981,65,78,-13,13
31982,107,104,3,3
31983,140,139,1,1
31984,83,87,-4,4
31985,128,141,-13,13
31986,65,67,-2,2
31987,70,78,-8,8
31988,160,155,5,5
31989,94,95,-1,1
31990,74,75,-1,1
31991,99,101,-2,2
31992,105,101,4,4
31993,65,78,-13,13
31994,46,58,-12,12
31995,72,77,-5,5
31996,53,60,-7,7
31997,110,108,2,2
31998,100,95,5,5
31999,65,75,-10,10
32000,102,97,5,5
32001,128,120,8,8
32002,90,89,1,1
32003,139,144,-5,5
32004,145,124,21,21
32005,89,87,2,2
32006,68,82,-14,14
32007,64,71,-7,7
32008,79,91,-12,12
32009,86,81,5,5
32010,60,74,-14,14
32011,101,94,7,7
32012,36,55,-19,19
32013,103,101,2,2
32014,52,60,-8,8
32015,152,144,8,8
32016,80,94,-14,14
32017,142,123,19,19
32018,129,118,11,11
32019,140,120,20,20
32020,49,62,-13,13
32021,147,142,5,5
32022,100,92,8,8
32023,59,74,-15,15
32024,106,108,-2,2
32025,88,92,-4,4
32026,86,92,-6,6
32027,106,96,10,10
32028,110,108,2,2
32029,43,51,-8,8
32030,114,120,-6,6
32031,77,78,-1,1
32032,103,104,-1,1
32033,125,122,3,3
32034,65,73,-8,8
32035,105,103,2,2
32036,98,115,-17,17
32037,132,141,-9,9
32038,119,109,10,10
32039,80,84,-4,4
32040,107,106,1,1
32041,94,89,5,5
32042,59,67,-8,8
32043,109,109,0,0
32044,144,144,0,0
32045,45,59,-14,14
32046,66,57,9,9
32047,122,122,0,0
32048,88,91,-3,3
32049,53,58,-5,5
32050,58,73,-15,15
32051,68,76,-8,8
32052,104,98,6,6
32053,129,131,-2,2
32054,55,66,-11,11
32055,80,78,2,2
32056,100,108,-8,8
32057,64,80,-16,16
32058,150,142,8,8
32059,80,83,-3,3
32060,96,93,3,3
32061,83,89,-6,6
32062,39,53,-14,14
32063,112,99,13,13
32064,146,135,11,11
32065,91,98,-7,7
32066,77,90,-13,13
32067,121,120,1,1
32068,113,111,2,2
32069,132,135,-3,3
32070,102,103,-1,1
32071,71,73,-2,2
32072,81,82,-1,1
32073,60,78,-18,18
32074,112,103,9,9
32075,95,91,4,4
32076,116,110,6,6
32077,85,92,-7,7
32078,116,122,-6,6
32079,107,106,1,1
32080,156,137,19,19
32081,84,90,-6,6
32082,77,81,-4,4
32083,111,103,8,8
32084,61,87,-26,26
32085,124,124,0,0
32086,106,97,9,9
32087,116,114,2,2
32088,64,81,-17,17
32089,108,105,3,3
32090,76,79,-3,3
32091,72,81,-9,9
32092,75,80,-5,5
32093,66,71,-5,5
32094,128,132,-4,4
32095,189,160,29,29
32096,120,120,0,0
32097,64,70,-6,6
32098,141,137,4,4
32099,96,95,1,1
32100,170,158,12,12
32101,83,87,-4,4
32102,101,103,-2,2
32103,81,92,-11,11
32104,43,57,-14,14
32105,150,140,10,10
32106,70,71,-1,1
32107,89,85,4,4
32108,115,109,6,6
32109,103,101,2,2
32110,54,64,-10,10
32111,63,69,-6,6
32112,127,132,-5,5
32113,96,84,12,12
32114,79,96,-17,17
32115,83,88,-5,5
32116,108,102,6,6
32117,116,108,8,8
32118,121,116,5,5
32119,127,112,15,15
32120,109,111,-2,2
32121,96,99,-3,3
32122,82,84,-2,2
32123,103,126,-23,23
32124,142,136,6,6
32125,161,145,16,16
32126,126,125,1,1
32127,78,78,0,0
32128,157,149,8,8
32129,63,74,-11,11
32130,64,71,-7,7
32131,90,89,1,1
32132,95,100,-5,5
32133,146,138,8,8
32134,56,63,-7,7
32135,48,55,-7,7
32136,68,74,-6,6
32137,94,97,-3,3
32138,87,87,0,0
32139,122,109,13,13
32140,126,112,14,14
32141,55,66,-11,11
32142,61,72,-11,11
32143,89,98,-9,9
32144,62,76,-14,14
32145,71,77,-6,6
32146,87,91,-4,4
32147,39,51,-12,12
32148,123,114,9,9
32149,79,88,-9,9
32150,109,103,6,6
32151,101,106,-5,5
32152,107,101,6,6
32153,114,109,5,5
32154,81,93,-12,12
32155,167,152,15,15
32156,71,77,-6,6
32157,65,76,-11,11
32158,76,77,-1,1
32159,94,94,0,0
32160,162,145,17,17
32161,86,100,-14,14
32162,162,153,9,9
32163,50,62,-12,12
32164,109,103,6,6
32165,70,74,-4,4
32166,69,76,-7,7
32167,36,44,-8,8
32168,117,107,10,10
32169,104,92,12,12
32170,107,108,-1,1
32171,66,75,-9,9
32172,98,98,0,0
32173,113,116,-3,3
32174,57,68,-11,11
32175,117,115,2,2
32176,79,95,-16,16
32177,88,93,-5,5
32178,101,100,1,1
32179,98,100,-2,2
32180,164,173,-9,9
32181,108,106,2,2
32182,79,82,-3,3
32183,77,87,-10,10
32184,81,85,-4,4
32185,111,106,5,5
32186,108,105,3,3
32187,104,102,2,2
32188,51,57,-6,6
32189,79,85,-6,6
32190,141,130,11,11
32191,105,102,3,3
32192,79,86,-7,7
32193,121,111,10,10
32194,85,94,-9,9
32195,60,70,-10,10
32196,76,79,-3,3
32197,66,71,-5,5
32198,140,127,13,13
32199,115,99,16,16
32200,135,121,14,14
32201,137,141,-4,4
32202,108,116,-8,8
32203,56,68,-12,12
32204,145,136,9,9
32205,107,101,6,6
32206,75,79,-4,4
32207,73,74,-1,1
32208,58,67,-9,9
32209,73,76,-3,3
32210,100,98,2,2
32211,154,140,14,14
32212,89,89,0,0
32213,86,82,4,4
32214,218,184,34,34
32215,96,95,1,1
32216,72,79,-7,7
32217,136,142,-6,6
32218,197,180,17,17
32219,75,83,-8,8
32220,138,128,10,10
32221,112,118,-6,6
32222,97,103,-6,6
32223,50,63,-13,13
32224,144,130,14,14
32225,62,71,-9,9
32226,91,98,-7,7
32227,108,110,-2,2
32228,111,109,2,2
32229,154,139,15,15
32230,84,90,-6,6
32231,181,167,14,14
32232,80,86,-6,6
32233,134,124,10,10
32234,78,91,-13,13
32235,243,204,39,39
32236,59,62,-3,3
32237,83,79,4,4
32238,76,73,3,3
32239,88,90,-2,2
32240,62,69,-7,7
32241,81,86,-5,5
32242,127,123,4,4
32243,119,111,8,8
32244,70,81,-11,11
32245,114,102,12,12
32246,91,91,0,0
32247,120,106,14,14
32248,61,66,-5,5
32249,73,78,-5,5
32250,77,88,-11,11
32251,175,167,8,8
32252,86,87,-1,1
32253,125,119,6,6
32254,109,102,7,7
32255,90,99,-9,9
32256,71,78,-7,7
32257,64,72,-8,8
32258,91,87,4,4
32259,116,111,5,5
32260,63,67,-4,4
32261,79,85,-6,6
32262,56,61,-5,5
32263,144,133,11,11
32264,130,114,16,16
32265,73,78,-5,5
32266,64,65,-1,1
32267,146,125,21,21
32268,30,57,-27,27
32269,107,111,-4,4
32270,80,89,-9,9
32271,94,110,-16,16
32272,57,65,-8,8
32273,85,93,-8,8
32274,157,142,15,15
32275,131,129,2,2
32276,170,143,27,27
32277,115,121,-6,6
32278,124,109,15,15
32279,83,86,-3,3
32280,139,131,8,8
32281,104,106,-2,2
32282,54,64,-10,10
32283,117,110,7,7
32284,84,97,-13,13
32285,97,93,4,4
32286,50,55,-5,5
32287,57,76,-19,19
32288,84,86,-2,2
32289,70,79,-9,9
32290,75,83,-8,8
32291,33,61,-28,28
32292,110,124,-14,14
32293,60,69,-9,9
32294,66,76,-10,10
32295,121,112,9,9
32296,97,98,-1,1
32297,128,119,9,9
32298,82,83,-1,1
32299,110,106,4,4
32300,135,133,2,2
32301,96,97,-1,1
32302,79,77,2,2
32303,82,79,3,3
32304,112,101,11,11
32305,119,120,-1,1
32306,113,94,19,19
32307,129,124,5,5
32308,30,43,-13,13
32309,143,138,5,5
32310,48,60,-12,12
32311,70,76,-6,6
32312,66,98,-32,32
32313,117,120,-3,3
32314,49,61,-12,12
32315,73,80,-7,7
32316,104,111,-7,7
32317,78,94,-16,16
32318,94,98,-4,4
32319,39,52,-13,13
32320,163,148,15,15
32321,131,129,2,2
32322,78,90,-12,12
32323,107,114,-7,7
32324,40,56,-16,16
32325,83,87,-4,4
32326,88,101,-13,13
32327,104,102,2,2
32328,116,106,10,10
32329,144,129,15,15
32330,93,96,-3,3
32331,89,91,-2,2
32332,110,106,4,4
32333,62,91,-29,29
32334,100,99,1,1
32335,79,84,-5,5
32336,80,82,-2,2
32337,120,119,1,1
32338,84,102,-18,18
32339,88,94,-6,6
32340,132,127,5,5
32341,93,91,2,2
32342,79,89,-10,10
32343,27,46,-19,19
32344,97,99,-2,2
32345,167,148,19,19
32346,146,148,-2,2
32347,45,54,-9,9
32348,53,63,-10,10
32349,57,66,-9,9
32350,40,55,-15,15
32351,77,81,-4,4
32352,120,116,4,4
32353,87,101,-14,14
32354,189,166,23,23
32355,84,92,-8,8
32356,68,71,-3,3
32357,85,92,-7,7
32358,75,85,-10,10
32359,58,68,-10,10
32360,67,74,-7,7
32361,58,66,-8,8
32362,38,51,-13,13
32363,63,73,-10,10
32364,82,94,-12,12
32365,111,124,-13,13
32366,168,145,23,23
32367,67,73,-6,6
32368,92,95,-3,3
32369,43,52,-9,9
32370,126,115,11,11
32371,94,96,-2,2
32372,108,116,-8,8
32373,80,90,-10,10
32374,159,140,19,19
32375,101,87,14,14
32376,71,74,-3,3
32377,77,87,-10,10
32378,53,65,-12,12
32379,96,101,-5,5
32380,144,127,17,17
32381,96,100,-4,4
32382,120,120,0,0
32383,91,93,-2,2
32384,57,73,-16,16
32385,95,100,-5,5
32386,114,118,-4,4
32387,115,119,-4,4
32388,63,63,0,0
32389,103,96,7,7
32390,213,187,26,26
32391,82,93,-11,11
32392,113,104,9,9
32393,75,81,-6,6
32394,122,122,0,0
32395,82,74,8,8
32396,112,103,9,9
32397,114,110,4,4
32398,62,63,-1,1
32399,145,127,18,18
32400,153,152,1,1
32401,102,85,17,17
32402,65,76,-11,11
32403,79,73,6,6
32404,85,92,-7,7
32405,69,71,-2,2
32406,69,80,-11,11
32407,106,102,4,4
32408,73,77,-4,4
32409,95,91,4,4
32410,68,79,-11,11
32411,72,80,-8,8
32412,71,82,-11,11
32413,135,126,9,9
32414,115,109,6,6
32415,75,81,-6,6
32416,57,68,-11,11
32417,33,48,-15,15
32418,73,79,-6,6
32419,147,140,7,7
32420,100,101,-1,1
32421,81,86,-5,5
32422,130,125,5,5
32423,63,71,-8,8
32424,75,83,-8,8
32425,97,103,-6,6
32426,80,91,-11,11
32427,67,74,-7,7
32428,135,131,4,4
32429,48,58,-10,10
32430,113,119,-6,6
32431,62,68,-6,6
32432,66,70,-4,4
32433,62,62,0,0
32434,140,148,-8,8
32435,82,88,-6,6
32436,86,91,-5,5
32437,123,125,-2,2
32438,134,126,8,8
32439,63,73,-10,10
32440,142,132,10,10
32441,63,72,-9,9
32442,94,89,5,5
32443,72,81,-9,9
32444,146,135,11,11
32445,90,81,9,9
32446,57,67,-10,10
32447,51,68,-17,17
32448,64,74,-10,10
32449,80,89,-9,9
32450,105,103,2,2
32451,109,108,1,1
32452,99,106,-7,7
32453,209,184,25,25
32454,82,80,2,2
32455,49,63,-14,14
32456,72,75,-3,3
32457,62,70,-8,8
32458,50,64,-14,14
32459,153,148,5,5
32460,140,127,13,13
32461,95,92,3,3
32462,81,83,-2,2
32463,114,104,10,10
32464,130,124,6,6
32465,31,47,-16,16
32466,86,94,-8,8
32467,100,107,-7,7
32468,58,69,-11,11
32469,58,64,-6,6
32470,95,88,7,7
32471,121,121,0,0
32472,83,86,-3,3
32473,152,138,14,14
32474,138,138,0,0
32475,128,128,0,0
32476,92,103,-11,11
32477,64,77,-13,13
32478,72,82,-10,10
32479,110,114,-4,4
32480,57,63,-6,6
32481,99,97,2,2
32482,98,95,3,3
32483,73,89,-16,16
32484,53,66,-13,13
32485,55,74,-19,19
32486,61,68,-7,7
32487,239,185,54,54
32488,86,89,-3,3
32489,133,115,18,18
32490,80,87,-7,7
32491,76,76,0,0
32492,79,77,2,2
32493,140,125,15,15
32494,97,100,-3,3
32495,74,70,4,4
32496,142,131,11,11
32497,82,86,-4,4
32498,62,69,-7,7
32499,101,110,-9,9
32500,69,88,-19,19
32501,171,163,8,8
32502,69,80,-11,11
32503,72,77,-5,5
32504,93,93,0,0
32505,78,88,-10,10
32506,68,75,-7,7
32507,54,65,-11,11
32508,110,111,-1,1
32509,69,83,-14,14
32510,92,91,1,1
32511,65,72,-7,7
32512,28,42,-14,14
32513,65,75,-10,10
32514,69,69,0,0
32515,119,106,13,13
32516,78,79,-1,1
32517,75,79,-4,4
32518,70,74,-4,4
32519,57,74,-17,17
32520,88,92,-4,4
32521,80,77,3,3
32522,113,114,-1,1
32523,63,71,-8,8
32524,91,90,1,1
32525,141,121,20,20
32526,88,92,-4,4
32527,46,62,-16,16
32528,109,103,6,6
32529,98,101,-3,3
32530,177,158,19,19
32531,142,132,10,10
32532,56,67,-11,11
32533,166,141,25,25
32534,70,74,-4,4
32535,64,73,-9,9
32536,70,78,-8,8
32537,66,79,-13,13
32538,104,100,4,4
32539,131,119,12,12
32540,82,87,-5,5
32541,65,71,-6,6
32542,95,97,-2,2
32543,79,78,1,1
32544,86,86,0,0
32545,84,88,-4,4
32546,103,95,8,8
32547,77,81,-4,4
32548,125,118,7,7
32549,122,120,2,2
32550,64,68,-4,4
32551,95,104,-9,9
32552,79,86,-7,7
32553,67,72,-5,5
32554,160,144,16,16
32555,103,103,0,0
32556,114,110,4,4
32557,74,83,-9,9
32558,123,119,4,4
32559,50,64,-14,14
32560,53,64,-11,11
32561,195,186,9,9
32562,71,78,-7,7
32563,171,145,26,26
32564,90,98,-8,8
32565,75,80,-5,5
32566,84,92,-8,8
32567,86,105,-19,19
32568,101,103,-2,2
32569,131,118,13,13
32570,159,139,20,20
32571,52,68,-16,16
32572,119,117,2,2
32573,85,86,-1,1
32574,97,96,1,1
32575,73,82,-9,9
32576,54,69,-15,15
32577,73,74,-1,1
32578,127,119,8,8
32579,164,155,9,9
32580,104,95,9,9
32581,57,64,-7,7
32582,40,58,-18,18
32583,103,103,0,0
32584,149,132,17,17
32585,105,100,5,5
32586,184,159,25,25
32587,74,77,-3,3
32588,145,127,18,18
32589,74,85,-11,11
32590,83,98,-15,15
32591,82,82,0,0
32592,85,95,-10,10
32593,133,132,1,1
32594,68,73,-5,5
32595,56,70,-14,14
32596,183,166,17,17
32597,66,72,-6,6
32598,115,123,-8,8
32599,86,88,-2,2
32600,64,77,-13,13
32601,41,55,-14,14
32602,97,116,-19,19
32603,76,80,-4,4
32604,64,72,-8,8
32605,67,74,-7,7
32606,92,90,2,2
32607,86,89,-3,3
32608,86,90,-4,4
32609,114,110,4,4
32610,134,119,15,15
32611,80,79,1,1
32612,151,161,-10,10
32613,99,99,0,0
32614,144,136,8,8
32615,118,108,10,10
32616,74,81,-7,7
32617,85,84,1,1
32618,51,67,-16,16
32619,57,68,-11,11
32620,152,141,11,11
32621,80,87,-7,7
32622,83,82,1,1
32623,69,72,-3,3
32624,126,138,-12,12
32625,178,156,22,22
32626,101,107,-6,6
32627,110,109,1,1
32628,53,66,-13,13
32629,89,99,-10,10
32630,97,100,-3,3
32631,81,82,-1,1
32632,87,87,0,0
32633,52,59,-7,7
32634,98,96,2,2
32635,109,103,6,6
32636,103,102,1,1
32637,90,81,9,9
32638,73,76,-3,3
32639,157,147,10,10
32640,106,100,6,6
32641,144,135,9,9
32642,105,107,-2,2
32643,191,170,21,21
32644,79,81,-2,2
32645,113,103,10,10
32646,66,72,-6,6
32647,62,85,-23,23
32648,71,84,-13,13
32649,93,96,-3,3
32650,90,82,8,8
32651,81,82,-1,1
32652,97,103,-6,6
32653,43,66,-23,23
32654,150,131,19,19
32655,78,80,-2,2
32656,122,108,14,14
32657,76,80,-4,4
32658,50,66,-16,16
32659,78,95,-17,17
32660,68,82,-14,14
32661,92,88,4,4
32662,65,79,-14,14
32663,112,105,7,7
32664,69,77,-8,8
32665,86,87,-1,1
32666,73,77,-4,4
32667,99,98,1,1
32668,99,95,4,4
32669,70,81,-11,11
32670,88,86,2,2
32671,66,72,-6,6
32672,123,112,11,11
32673,72,69,3,3
32674,120,126,-6,6
32675,51,66,-15,15
32676,68,69,-1,1
32677,103,105,-2,2
32678,76,79,-3,3
32679,77,90,-13,13
32680,143,149,-6,6
32681,128,126,2,2
32682,87,83,4,4
32683,47,55,-8,8
32684,119,116,3,3
32685,119,114,5,5
32686,52,65,-13,13
32687,123,101,22,22
32688,78,83,-5,5
32689,135,133,2,2
32690,65,72,-7,7
32691,50,62,-12,12
32692,59,85,-26,26
32693,95,89,6,6
32694,74,91,-17,17
32695,127,110,17,17
32696,135,113,22,22
32697,80,83,-3,3
32698,81,89,-8,8
32699,102,101,1,1
32700,131,124,7,7
32701,96,91,5,5
32702,100,104,-4,4
32703,104,104,0,0
32704,112,112,0,0
32705,103,96,7,7
32706,96,95,1,1
32707,86,85,1,1
32708,130,129,1,1
32709,47,57,-10,10
32710,118,110,8,8
32711,81,84,-3,3
32712,117,96,21,21
32713,77,82,-5,5
32714,129,121,8,8
32715,111,95,16,16
32716,131,122,9,9
32717,67,77,-10,10
32718,66,72,-6,6
32719,111,118,-7,7
32720,71,87,-16,16
32721,58,63,-5,5
32722,61,81,-20,20
32723,65,71,-6,6
32724,91,98,-7,7
32725,126,121,5,5
32726,79,69,10,10
32727,98,93,5,5
32728,83,105,-22,22
32729,46,57,-11,11
32730,71,77,-6,6
32731,56,74,-18,18
32732,74,75,-1,1
32733,86,85,1,1
32734,125,119,6,6
32735,71,72,-1,1
32736,62,70,-8,8
32737,96,72,24,24
32738,145,123,22,22
32739,73,75,-2,2
32740,67,75,-8,8
32741,87,92,-5,5
32742,79,76,3,3
32743,93,96,-3,3
32744,72,78,-6,6
32745,68,72,-4,4
32746,72,77,-5,5
32747,132,119,13,13
32748,75,78,-3,3
32749,86,91,-5,5
32750,101,96,5,5
32751,193,186,7,7
32752,124,119,5,5
32753,96,91,5,5
32754,102,103,-1,1
32755,48,55,-7,7
32756,95,89,6,6
32757,172,163,9,9
32758,174,167,7,7
32759,171,145,26,26
32760,64,69,-5,5
32761,90,94,-4,4
32762,77,83,-6,6
32763,79,82,-3,3
32764,82,84,-2,2
32765,128,123,5,5
32766,96,100,-4,4
32767,88,92,-4,4
32768,78,84,-6,6
32769,115,119,-4,4
32770,75,86,-11,11
32771,132,124,8,8
32772,161,142,19,19
32773,117,108,9,9
32774,61,65,-4,4
32775,84,79,5,5
32776,102,105,-3,3
32777,108,106,2,2
32778,108,119,-11,11
32779,156,145,11,11
32780,107,104,3,3
32781,74,76,-2,2
32782,185,187,-2,2
32783,61,78,-17,17
32784,106,103,3,3
32785,73,81,-8,8
32786,83,78,5,5
32787,53,64,-11,11
32788,216,190,26,26
32789,90,90,0,0
32790,94,103,-9,9
32791,113,116,-3,3
32792,48,60,-12,12
32793,125,137,-12,12
32794,58,66,-8,8
32795,112,109,3,3
32796,91,87,4,4
32797,90,99,-9,9
32798,104,97,7,7
32799,59,69,-10,10
32800,74,80,-6,6
32801,99,107,-8,8
32802,76,89,-13,13
32803,101,100,1,1
32804,143,132,11,11
32805,66,73,-7,7
32806,108,98,10,10
32807,126,120,6,6
32808,102,96,6,6
32809,106,110,-4,4
32810,84,87,-3,3
32811,133,126,7,7
32812,68,75,-7,7
32813,133,126,7,7
32814,91,93,-2,2
32815,148,140,8,8
32816,131,122,9,9
32817,105,98,7,7
32818,111,121,-10,10
32819,50,60,-10,10
32820,118,107,11,11
32821,56,70,-14,14
32822,76,80,-4,4
32823,141,126,15,15
32824,162,148,14,14
32825,144,140,4,4
32826,131,136,-5,5
32827,57,60,-3,3
32828,105,106,-1,1
32829,74,77,-3,3
32830,118,138,-20,20
32831,157,146,11,11
32832,105,102,3,3
32833,90,90,0,0
32834,96,103,-7,7
32835,161,155,6,6
32836,83,84,-1,1
32837,145,133,12,12
32838,55,65,-10,10
32839,113,123,-10,10
32840,72,80,-8,8
32841,199,184,15,15
32842,57,76,-19,19
32843,86,92,-6,6
32844,124,116,8,8
32845,59,79,-20,20
32846,65,63,2,2
32847,82,85,-3,3
32848,127,121,6,6
32849,82,93,-11,11
32850,101,95,6,6
32851,105,102,3,3
32852,94,97,-3,3
32853,125,118,7,7
32854,96,85,11,11
32855,48,61,-13,13
32856,68,78,-10,10
32857,98,98,0,0
32858,152,136,16,16
32859,139,114,25,25
32860,80,89,-9,9
32861,113,108,5,5
32862,102,114,-12,12
32863,94,93,1,1
32864,56,69,-13,13
32865,112,109,3,3
32866,71,76,-5,5
32867,163,158,5,5
32868,95,100,-5,5
32869,165,156,9,9
32870,100,102,-2,2
32871,104,99,5,5
32872,68,83,-15,15
32873,152,138,14,14
32874,62,76,-14,14
32875,56,65,-9,9
32876,87,92,-5,5
32877,48,60,-12,12
32878,85,86,-1,1
32879,82,99,-17,17
32880,70,90,-20,20
32881,80,82,-2,2
32882,100,104,-4,4
32883,158,143,15,15
32884,143,132,11,11
32885,76,80,-4,4
32886,64,73,-9,9
32887,121,115,6,6
32888,72,80,-8,8
32889,53,63,-10,10
32890,202,177,25,25
32891,54,65,-11,11
32892,58,66,-8,8
32893,125,123,2,2
32894,74,71,3,3
32895,58,103,-45,45
32896,144,138,6,6
32897,124,121,3,3
32898,84,89,-5,5
32899,27,70,-43,43
32900,84,82,2,2
32901,176,149,27,27
32902,44,60,-16,16
32903,66,74,-8,8
32904,73,88,-15,15
32905,71,91,-20,20
32906,42,78,-36,36
32907,61,87,-26,26
32908,71,73,-2,2
32909,90,100,-10,10
32910,74,75,-1,1
32911,109,98,11,11
32912,124,118,6,6
32913,94,94,0,0
32914,158,160,-2,2
32915,97,89,8,8
32916,73,74,-1,1
32917,90,99,-9,9
32918,64,69,-5,5
32919,144,143,1,1
32920,104,106,-2,2
32921,186,160,26,26
32922,102,97,5,5
32923,85,87,-2,2
32924,96,101,-5,5
32925,122,118,4,4
32926,97,95,2,2
32927,96,95,1,1
32928,50,57,-7,7
32929,110,125,-15,15
32930,89,91,-2,2
32931,98,95,3,3
32932,123,128,-5,5
32933,53,65,-12,12
32934,114,111,3,3
32935,152,149,3,3
32936,146,146,0,0
32937,134,123,11,11
32938,105,109,-4,4
32939,38,73,-35,35
32940,99,96,3,3
32941,107,103,4,4
32942,92,87,5,5
32943,120,120,0,0
32944,129,126,3,3
32945,95,93,2,2
32946,90,92,-2,2
32947,103,102,1,1
32948,114,110,4,4
32949,59,69,-10,10
32950,36,30,6,6
32951,99,98,1,1
32952,76,80,-4,4
32953,149,121,28,28
32954,106,94,12,12
32955,61,76,-15,15
32956,47,73,-26,26
32957,158,162,-4,4
32958,54,62,-8,8
32959,50,64,-14,14
32960,98,97,1,1
32961,94,91,3,3
32962,67,74,-7,7
32963,49,59,-10,10
32964,146,137,9,9
32965,135,120,15,15
32966,87,83,4,4
32967,98,105,-7,7
32968,59,68,-9,9
32969,86,85,1,1
32970,62,71,-9,9
32971,113,108,5,5
32972,93,95,-2,2
32973,75,86,-11,11
32974,83,84,-1,1
32975,138,130,8,8
32976,67,76,-9,9
32977,84,81,3,3
32978,117,118,-1,1
32979,64,72,-8,8
32980,80,81,-1,1
32981,85,89,-4,4
32982,67,75,-8,8
32983,96,98,-2,2
32984,72,81,-9,9
32985,63,80,-17,17
32986,151,130,21,21
32987,49,59,-10,10
32988,103,89,14,14
32989,32,45,-13,13
32990,70,71,-1,1
32991,135,132,3,3
32992,55,65,-10,10
32993,99,100,-1,1
32994,114,113,1,1
32995,82,81,1,1
32996,119,121,-2,2
32997,104,104,0,0
32998,123,114,9,9
32999,113,119,-6,6
33000,153,147,6,6
33001,89,94,-5,5
33002,48,79,-31,31
33003,113,104,9,9
33004,83,88,-5,5
33005,129,118,11,11
33006,67,80,-13,13
33007,96,95,1,1
33008,92,94,-2,2
33009,103,98,5,5
33010,121,107,14,14
33011,48,64,-16,16
33012,98,92,6,6
33013,112,108,4,4
33014,107,107,0,0
33015,92,85,7,7
33016,72,82,-10,10
33017,86,89,-3,3
33018,86,88,-2,2
33019,120,109,11,11
33020,65,76,-11,11
33021,86,85,1,1
33022,138,125,13,13
33023,74,87,-13,13
33024,60,68,-8,8
33025,125,113,12,12
33026,61,73,-12,12
33027,99,97,2,2
33028,150,137,13,13
33029,69,73,-4,4
33030,41,50,-9,9
33031,108,101,7,7
33032,163,160,3,3
33033,121,113,8,8
33034,72,80,-8,8
33035,109,103,6,6
33036,133,132,1,1
33037,74,81,-7,7
33038,119,120,-1,1
33039,77,81,-4,4
33040,97,109,-12,12
33041,76,83,-7,7
33042,102,96,6,6
33043,88,84,4,4
33044,139,130,9,9
33045,93,93,0,0
33046,171,155,16,16
33047,115,127,-12,12
33048,73,78,-5,5
33049,102,98,4,4
33050,97,97,0,0
33051,107,109,-2,2
33052,180,170,10,10
33053,78,82,-4,4
33054,279,247,32,32
33055,86,97,-11,11
33056,80,83,-3,3
33057,131,135,-4,4
33058,49,62,-13,13
33059,100,96,4,4
33060,53,69,-16,16
33061,116,109,7,7
33062,61,69,-8,8
33063,73,74,-1,1
33064,70,72,-2,2
33065,56,66,-10,10
33066,69,74,-5,5
33067,76,77,-1,1
33068,57,70,-13,13
33069,36,46,-10,10
33070,75,88,-13,13
33071,62,68,-6,6
33072,78,80,-2,2
33073,112,111,1,1
33074,85,84,1,1
33075,164,140,24,24
33076,52,69,-17,17
33077,102,101,1,1
33078,34,45,-11,11
33079,52,64,-12,12
33080,63,81,-18,18
33081,60,67,-7,7
33082,145,136,9,9
33083,74,82,-8,8
33084,106,111,-5,5
33085,53,63,-10,10
33086,114,119,-5,5
33087,135,137,-2,2
33088,119,116,3,3
33089,84,101,-17,17
33090,62,70,-8,8
33091,150,143,7,7
33092,178,188,-10,10
33093,125,123,2,2
33094,125,124,1,1
33095,56,68,-12,12
33096,83,89,-6,6
33097,79,93,-14,14
33098,66,74,-8,8
33099,62,70,-8,8
33100,77,83,-6,6
33101,113,113,0,0
33102,119,120,-1,1
33103,100,93,7,7
33104,121,120,1,1
33105,102,99,3,3
33106,106,119,-13,13
33107,67,73,-6,6
33108,104,97,7,7
33109,133,130,3,3
33110,138,124,14,14
33111,62,77,-15,15
33112,110,119,-9,9
33113,140,129,11,11
33114,80,81,-1,1
33115,103,105,-2,2
33116,114,107,7,7
33117,55,64,-9,9
33118,91,92,-1,1
33119,38,57,-19,19
33120,89,82,7,7
33121,129,122,7,7
33122,30,71,-41,41
33123,103,100,3,3
33124,100,104,-4,4
33125,87,94,-7,7
33126,99,96,3,3
33127,87,87,0,0
33128,91,97,-6,6
33129,105,100,5,5
33130,104,101,3,3
33131,46,59,-13,13
33132,86,83,3,3
33133,59,80,-21,21
33134,135,134,1,1
33135,47,59,-12,12
33136,108,97,11,11
33137,108,101,7,7
33138,120,122,-2,2
33139,50,80,-30,30
33140,102,120,-18,18
33141,129,134,-5,5
33142,82,121,-39,39
33143,141,125,16,16
33144,87,85,2,2
33145,108,105,3,3
33146,113,122,-9,9
33147,166,154,12,12
33148,82,84,-2,2
33149,34,69,-35,35
33150,57,67,-10,10
33151,128,131,-3,3
33152,86,94,-8,8
33153,70,73,-3,3
33154,106,104,2,2
33155,111,110,1,1
33156,89,101,-12,12
33157,28,30,-2,2
33158,102,103,-1,1
33159,159,134,25,25
33160,170,149,21,21
33161,98,100,-2,2
33162,77,84,-7,7
33163,118,120,-2,2
33164,96,95,1,1
33165,51,69,-18,18
33166,63,68,-5,5
33167,70,77,-7,7
33168,99,111,-12,12
33169,58,66,-8,8
33170,60,68,-8,8
33171,78,84,-6,6
33172,45,66,-21,21
33173,89,102,-13,13
33174,69,78,-9,9
33175,84,92,-8,8
33176,73,77,-4,4
33177,178,155,23,23
33178,63,77,-14,14
33179,108,104,4,4
33180,105,109,-4,4
33181,43,56,-13,13
33182,82,83,-1,1
33183,76,84,-8,8
33184,143,124,19,19
33185,91,91,0,0
33186,63,72,-9,9
33187,136,128,8,8
33188,83,82,1,1
33189,128,119,9,9
33190,63,74,-11,11
33191,72,84,-12,12
33192,96,99,-3,3
33193,66,65,1,1
33194,89,103,-14,14
33195,74,75,-1,1
33196,69,77,-8,8
33197,86,88,-2,2
33198,105,101,4,4
33199,92,98,-6,6
33200,49,66,-17,17
33201,151,128,23,23
33202,87,101,-14,14
33203,86,90,-4,4
33204,55,63,-8,8
33205,113,124,-11,11
33206,96,97,-1,1
33207,84,86,-2,2
33208,102,101,1,1
33209,85,94,-9,9
33210,141,136,5,5
33211,90,82,8,8
33212,57,66,-9,9
33213,80,90,-10,10
33214,111,105,6,6
33215,82,121,-39,39
33216,85,91,-6,6
33217,85,84,1,1
33218,67,72,-5,5
33219,86,84,2,2
33220,102,95,7,7
33221,71,77,-6,6
33222,130,149,-19,19
33223,76,84,-8,8
33224,70,79,-9,9
33225,86,94,-8,8
33226,55,58,-3,3
33227,97,99,-2,2
33228,98,116,-18,18
33229,70,69,1,1
33230,102,98,4,4
33231,79,78,1,1
33232,104,101,3,3
33233,70,70,0,0
33234,94,91,3,3
33235,103,104,-1,1
33236,102,113,-11,11
33237,102,98,4,4
33238,67,72,-5,5
33239,165,155,10,10
33240,73,93,-20,20
33241,149,131,18,18
33242,92,92,0,0
33243,57,73,-16,16
33244,76,72,4,4
33245,129,119,10,10
33246,66,77,-11,11
33247,132,121,11,11
33248,108,101,7,7
33249,162,148,14,14
33250,104,100,4,4
33251,98,106,-8,8
33252,81,85,-4,4
33253,106,110,-4,4
33254,134,136,-2,2
33255,118,120,-2,2
33256,156,135,21,21
33257,73,77,-4,4
33258,106,109,-3,3
33259,64,69,-5,5
33260,66,69,-3,3
33261,126,111,15,15
33262,103,105,-2,2
33263,57,67,-10,10
33264,158,158,0,0
33265,103,101,2,2
33266,103,102,1,1
33267,172,159,13,13
33268,137,133,4,4
33269,95,93,2,2
33270,127,119,8,8
33271,87,88,-1,1
33272,136,117,19,19
33273,51,63,-12,12
33274,95,94,1,1
33275,100,102,-2,2
33276,140,131,9,9
33277,102,110,-8,8
33278,69,74,-5,5
33279,148,138,10,10
33280,121,132,-11,11
33281,133,130,3,3
33282,106,109,-3,3
33283,95,93,2,2
33284,71,89,-18,18
33285,148,144,4,4
33286,188,172,16,16
33287,111,108,3,3
33288,88,94,-6,6
33289,71,87,-16,16
33290,83,89,-6,6
33291,44,57,-13,13
33292,69,73,-4,4
33293,44,55,-11,11
33294,111,105,6,6
33295,105,110,-5,5
33296,76,82,-6,6
33297,95,98,-3,3
33298,181,169,12,12
33299,128,117,11,11
33300,81,83,-2,2
33301,175,151,24,24
33302,57,65,-8,8
33303,70,73,-3,3
33304,77,77,0,0
33305,61,71,-10,10
33306,108,113,-5,5
33307,69,78,-9,9
33308,61,69,-8,8
33309,116,109,7,7
33310,50,62,-12,12
33311,95,89,6,6
33312,62,76,-14,14
33313,161,145,16,16
33314,101,104,-3,3
33315,84,86,-2,2
33316,87,94,-7,7
33317,71,80,-9,9
33318,56,67,-11,11
33319,77,81,-4,4
33320,100,119,-19,19
33321,74,86,-12,12
33322,59,73,-14,14
33323,117,113,4,4
33324,102,100,2,2
33325,97,99,-2,2
33326,77,81,-4,4
33327,128,134,-6,6
33328,89,90,-1,1
33329,67,75,-8,8
33330,69,80,-11,11
33331,104,105,-1,1
33332,55,68,-13,13
33333,62,70,-8,8
33334,101,99,2,2
33335,78,87,-9,9
33336,86,81,5,5
33337,81,82,-1,1
33338,104,97,7,7
33339,57,64,-7,7
33340,101,96,5,5
33341,84,84,0,0
33342,73,85,-12,12
33343,106,108,-2,2
33344,102,109,-7,7
33345,71,85,-14,14
33346,144,140,4,4
33347,131,117,14,14
33348,82,77,5,5
33349,83,81,2,2
33350,169,157,12,12
33351,70,73,-3,3
33352,158,145,13,13
33353,162,133,29,29
33354,104,99,5,5
33355,52,55,-3,3
33356,59,66,-7,7
33357,70,78,-8,8
33358,112,119,-7,7
33359,106,98,8,8
33360,130,120,10,10
33361,111,102,9,9
33362,117,106,11,11
33363,118,124,-6,6
33364,74,85,-11,11
33365,52,63,-11,11
33366,97,110,-13,13
33367,72,80,-8,8
33368,84,83,1,1
33369,50,63,-13,13
33370,101,100,1,1
33371,52,64,-12,12
33372,85,90,-5,5
33373,90,93,-3,3
33374,66,77,-11,11
33375,132,119,13,13
33376,91,95,-4,4
33377,46,59,-13,13
33378,36,52,-16,16
33379,94,97,-3,3
33380,65,71,-6,6
33381,85,88,-3,3
33382,78,80,-2,2
33383,140,143,-3,3
33384,79,85,-6,6
33385,108,106,2,2
33386,84,85,-1,1
33387,89,92,-3,3
33388,119,108,11,11
33389,52,59,-7,7
33390,130,117,13,13
33391,57,61,-4,4
33392,128,120,8,8
33393,106,98,8,8
33394,65,65,0,0
33395,75,85,-10,10
33396,153,152,1,1
33397,42,55,-13,13
33398,70,74,-4,4
33399,157,147,10,10
33400,153,144,9,9
33401,93,88,5,5
33402,85,87,-2,2
33403,70,85,-15,15
33404,84,93,-9,9
33405,61,68,-7,7
33406,80,83,-3,3
33407,60,66,-6,6
33408,60,68,-8,8
33409,122,118,4,4
33410,87,92,-5,5
33411,207,161,46,46
33412,102,105,-3,3
33413,52,68,-16,16
33414,75,84,-9,9
33415,62,70,-8,8
33416,82,93,-11,11
33417,144,122,22,22
33418,130,131,-1,1
33419,90,82,8,8
33420,71,80,-9,9
33421,77,76,1,1
33422,72,77,-5,5
33423,46,58,-12,12
33424,55,71,-16,16
33425,64,104,-40,40
33426,73,75,-2,2
33427,76,85,-9,9
33428,100,102,-2,2
33429,108,100,8,8
33430,130,121,9,9
33431,136,125,11,11
33432,89,92,-3,3
33433,79,89,-10,10
33434,110,102,8,8
33435,125,126,-1,1
33436,79,91,-12,12
33437,32,30,2,2
33438,97,121,-24,24
33439,135,127,8,8
33440,93,97,-4,4
33441,111,109,2,2
33442,87,100,-13,13
33443,131,119,12,12
33444,72,76,-4,4
33445,72,85,-13,13
33446,192,161,31,31
33447,129,118,11,11
33448,102,101,1,1
33449,86,82,4,4
33450,134,121,13,13
33451,157,148,9,9
33452,75,82,-7,7
33453,93,96,-3,3
33454,96,97,-1,1
33455,105,105,0,0
33456,110,105,5,5
33457,137,124,13,13
33458,194,183,11,11
33459,82,83,-1,1
33460,102,112,-10,10
33461,92,95,-3,3
33462,119,101,18,18
33463,113,107,6,6
33464,85,89,-4,4
33465,66,76,-10,10
33466,145,135,10,10
33467,112,113,-1,1
33468,133,131,2,2
33469,113,103,10,10
33470,175,146,29,29
33471,113,118,-5,5
33472,59,66,-7,7
33473,97,102,-5,5
33474,74,79,-5,5
33475,53,61,-8,8
33476,108,107,1,1
33477,133,119,14,14
33478,46,57,-11,11
33479,135,122,13,13
33480,111,105,6,6
33481,117,108,9,9
33482,69,76,-7,7
33483,175,151,24,24
33484,83,84,-1,1
33485,80,86,-6,6
33486,95,106,-11,11
33487,80,85,-5,5
33488,71,78,-7,7
33489,61,68,-7,7
33490,83,88,-5,5
33491,168,150,18,18
33492,78,80,-2,2
33493,79,89,-10,10
33494,112,119,-7,7
33495,73,79,-6,6
33496,71,90,-19,19
33497,86,89,-3,3
33498,105,114,-9,9
33499,103,99,4,4
33500,81,85,-4,4
33501,70,77,-7,7
33502,107,99,8,8
33503,150,145,5,5
33504,70,69,1,1
33505,80,89,-9,9
33506,48,67,-19,19
33507,100,107,-7,7
33508,52,69,-17,17
33509,97,98,-1,1
33510,172,159,13,13
33511,28,37,-9,9
33512,42,82,-40,40
33513,120,118,2,2
33514,60,72,-12,12
33515,118,109,9,9
33516,175,155,20,20
33517,69,76,-7,7
33518,50,61,-11,11
33519,90,93,-3,3
33520,109,107,2,2
33521,63,78,-15,15
33522,63,72,-9,9
33523,54,65,-11,11
33524,115,116,-1,1
33525,61,70,-9,9
33526,91,97,-6,6
33527,76,94,-18,18
33528,72,84,-12,12
33529,64,72,-8,8
33530,47,57,-10,10
33531,67,69,-2,2
33532,111,105,6,6
33533,102,127,-25,25
33534,68,71,-3,3
33535,101,90,11,11
33536,154,131,23,23
33537,71,78,-7,7
33538,77,79,-2,2
33539,74,78,-4,4
33540,95,99,-4,4
33541,98,98,0,0
33542,87,86,1,1
33543,134,130,4,4
33544,118,116,2,2
33545,146,136,10,10
33546,82,97,-15,15
33547,85,78,7,7
33548,68,92,-24,24
33549,62,70,-8,8
33550,79,73,6,6
33551,33,48,-15,15
33552,130,119,11,11
33553,88,81,7,7
33554,132,127,5,5
33555,69,80,-11,11
33556,98,93,5,5
33557,113,100,13,13
33558,84,91,-7,7
33559,78,80,-2,2
33560,121,115,6,6
33561,69,75,-6,6
33562,70,87,-17,17
33563,89,96,-7,7
33564,97,96,1,1
33565,89,93,-4,4
33566,128,121,7,7
33567,149,139,10,10
33568,115,108,7,7
33569,68,67,1,1
33570,44,50,-6,6
33571,36,52,-16,16
33572,64,84,-20,20
33573,75,74,1,1
33574,85,87,-2,2
33575,90,95,-5,5
33576,98,114,-16,16
33577,110,100,10,10
33578,91,98,-7,7
33579,179,157,22,22
33580,97,88,9,9
33581,65,75,-10,10
33582,111,118,-7,7
33583,191,161,30,30
33584,181,153,28,28
33585,58,71,-13,13
33586,90,81,9,9
33587,101,94,7,7
33588,164,138,26,26
33589,117,105,12,12
33590,84,94,-10,10
33591,112,106,6,6
33592,117,106,11,11
33593,80,85,-5,5
33594,150,135,15,15
33595,94,96,-2,2
33596,115,118,-3,3
33597,157,138,19,19
33598,69,79,-10,10
33599,61,68,-7,7
33600,97,99,-2,2
33601,74,81,-7,7
33602,90,95,-5,5
33603,59,66,-7,7
33604,121,105,16,16
33605,102,95,7,7
33606,107,113,-6,6
33607,102,109,-7,7
33608,256,239,17,17
33609,75,82,-7,7
33610,80,85,-5,5
33611,67,76,-9,9
33612,122,118,4,4
33613,65,68,-3,3
33614,74,85,-11,11
33615,86,91,-5,5
33616,206,187,19,19
33617,139,139,0,0
33618,76,81,-5,5
33619,186,166,20,20
33620,111,110,1,1
33621,80,78,2,2
33622,148,140,8,8
33623,76,86,-10,10
33624,123,140,-17,17
33625,79,98,-19,19
33626,118,111,7,7
33627,51,62,-11,11
33628,88,104,-16,16
33629,157,148,9,9
33630,84,90,-6,6
33631,129,119,10,10
33632,131,116,15,15
33633,74,98,-24,24
33634,93,95,-2,2
33635,88,92,-4,4
33636,74,88,-14,14
33637,102,99,3,3
33638,143,132,11,11
33639,67,72,-5,5
33640,197,180,17,17
33641,98,93,5,5
33642,117,106,11,11
33643,120,121,-1,1
33644,118,121,-3,3
33645,63,61,2,2
33646,139,135,4,4
33647,144,143,1,1
33648,96,95,1,1
33649,110,94,16,16
33650,121,120,1,1
33651,68,83,-15,15
33652,84,106,-22,22
33653,118,116,2,2
33654,96,98,-2,2
33655,78,84,-6,6
33656,27,39,-12,12
33657,157,141,16,16
33658,137,124,13,13
33659,107,104,3,3
33660,95,96,-1,1
33661,45,65,-20,20
33662,69,104,-35,35
33663,196,168,28,28
33664,108,95,13,13
33665,88,87,1,1
33666,199,171,28,28
33667,111,117,-6,6
33668,179,157,22,22
33669,157,147,10,10
33670,82,79,3,3
33671,77,78,-1,1
33672,56,62,-6,6
33673,63,74,-11,11
33674,196,174,22,22
33675,89,97,-8,8
33676,126,120,6,6
33677,39,40,-1,1
33678,80,91,-11,11
33679,97,96,1,1
33680,85,85,0,0
33681,58,64,-6,6
33682,132,121,11,11
33683,54,74,-20,20
33684,99,99,0,0
33685,91,96,-5,5
33686,75,76,-1,1
33687,57,73,-16,16
33688,66,77,-11,11
33689,105,114,-9,9
33690,51,60,-9,9
33691,134,124,10,10
33692,27,42,-15,15
33693,71,72,-1,1
33694,65,69,-4,4
33695,112,95,17,17
33696,100,106,-6,6
33697,56,65,-9,9
33698,74,82,-8,8
33699,137,127,10,10
33700,96,101,-5,5
33701,113,120,-7,7
33702,56,66,-10,10
33703,91,96,-5,5
33704,179,167,12,12
33705,54,60,-6,6
33706,90,95,-5,5
33707,92,94,-2,2
33708,87,85,2,2
33709,122,112,10,10
33710,150,133,17,17
33711,90,90,0,0
33712,98,97,1,1
33713,59,69,-10,10
33714,122,121,1,1
33715,150,147,3,3
33716,74,78,-4,4
33717,65,76,-11,11
33718,53,67,-14,14
33719,93,95,-2,2
33720,108,103,5,5
33721,70,83,-13,13
33722,135,125,10,10
33723,87,97,-10,10
33724,65,80,-15,15
33725,55,58,-3,3
33726,40,55,-15,15
33727,88,87,1,1
33728,168,148,20,20
33729,37,49,-12,12
33730,80,77,3,3
33731,92,86,6,6
33732,157,138,19,19
33733,121,120,1,1
33734,119,121,-2,2
33735,131,106,25,25
33736,112,102,10,10
33737,71,87,-16,16
33738,73,78,-5,5
33739,99,96,3,3
33740,81,79,2,2
33741,70,77,-7,7
33742,91,91,0,0
33743,63,70,-7,7
33744,65,71,-6,6
33745,92,100,-8,8
33746,83,82,1,1
33747,62,74,-12,12
33748,137,131,6,6
33749,194,168,26,26
33750,104,98,6,6
33751,136,130,6,6
33752,149,139,10,10
33753,109,107,2,2
33754,70,74,-4,4
33755,121,113,8,8
33756,73,80,-7,7
33757,97,93,4,4
33758,105,98,7,7
33759,131,123,8,8
33760,118,112,6,6
33761,97,95,2,2
33762,49,59,-10,10
33763,110,109,1,1
33764,87,96,-9,9
33765,107,104,3,3
33766,72,76,-4,4
33767,173,159,14,14
33768,117,118,-1,1
33769,91,98,-7,7
33770,93,82,11,11
33771,34,30,4,4
33772,75,75,0,0
33773,110,112,-2,2
33774,76,91,-15,15
33775,122,149,-27,27
33776,94,98,-4,4
33777,60,70,-10,10
33778,96,100,-4,4
33779,92,98,-6,6
33780,155,139,16,16
33781,116,106,10,10
33782,113,111,2,2
33783,70,72,-2,2
33784,127,128,-1,1
33785,104,111,-7,7
33786,103,105,-2,2
33787,66,67,-1,1
33788,58,68,-10,10
33789,47,68,-21,21
33790,124,126,-2,2
33791,47,53,-6,6
33792,134,120,14,14
33793,126,113,13,13
33794,133,130,3,3
33795,101,104,-3,3
33796,48,59,-11,11
33797,69,70,-1,1
33798,62,69,-7,7
33799,112,102,10,10
33800,124,127,-3,3
33801,68,73,-5,5
33802,70,74,-4,4
33803,98,100,-2,2
33804,61,80,-19,19
33805,98,103,-5,5
33806,128,117,11,11
33807,112,107,5,5
33808,62,73,-11,11
33809,106,97,9,9
33810,90,87,3,3
33811,57,65,-8,8
33812,127,122,5,5
33813,83,82,1,1
33814,123,119,4,4
33815,99,95,4,4
33816,114,118,-4,4
33817,124,127,-3,3
33818,63,72,-9,9
33819,169,156,13,13
33820,86,91,-5,5
33821,97,98,-1,1
33822,95,93,2,2
33823,97,98,-1,1
33824,120,108,12,12
33825,100,98,2,2
33826,127,130,-3,3
33827,65,74,-9,9
33828,74,80,-6,6
33829,146,137,9,9
33830,93,96,-3,3
33831,76,82,-6,6
33832,127,120,7,7
33833,61,69,-8,8
33834,81,89,-8,8
33835,132,108,24,24
33836,69,66,3,3
33837,56,75,-19,19
33838,103,99,4,4
33839,110,115,-5,5
33840,102,101,1,1
33841,74,75,-1,1
33842,111,112,-1,1
33843,74,78,-4,4
33844,58,67,-9,9
33845,96,103,-7,7
33846,67,76,-9,9
33847,57,67,-10,10
33848,104,98,6,6
33849,60,75,-15,15
33850,50,66,-16,16
33851,120,119,1,1
33852,73,79,-6,6
33853,45,57,-12,12
33854,95,99,-4,4
33855,125,127,-2,2
33856,106,105,1,1
33857,80,79,1,1
33858,138,132,6,6
33859,105,107,-2,2
33860,100,101,-1,1
33861,89,90,-1,1
33862,161,133,28,28
33863,115,119,-4,4
33864,109,103,6,6
33865,120,113,7,7
33866,64,71,-7,7
33867,85,90,-5,5
33868,139,132,7,7
33869,56,68,-12,12
33870,100,104,-4,4
33871,61,68,-7,7
33872,87,94,-7,7
33873,78,75,3,3
33874,135,122,13,13
33875,149,143,6,6
33876,123,118,5,5
33877,114,98,16,16
33878,106,108,-2,2
33879,121,106,15,15
33880,103,114,-11,11
33881,133,132,1,1
33882,83,85,-2,2
33883,90,86,4,4
33884,43,54,-11,11
33885,195,173,22,22
33886,82,82,0,0
33887,121,118,3,3
33888,77,82,-5,5
33889,80,86,-6,6
33890,56,67,-11,11
33891,70,72,-2,2
33892,57,66,-9,9
33893,98,102,-4,4
33894,85,90,-5,5
33895,102,102,0,0
33896,114,103,11,11
33897,153,136,17,17
33898,61,68,-7,7
33899,99,98,1,1
33900,77,79,-2,2
33901,89,82,7,7
33902,79,79,0,0
33903,108,116,-8,8
33904,102,89,13,13
33905,54,69,-15,15
33906,101,98,3,3
33907,131,120,11,11
33908,56,70,-14,14
33909,110,103,7,7
33910,78,78,0,0
33911,153,136,17,17
33912,73,82,-9,9
33913,105,99,6,6
33914,57,79,-22,22
33915,95,106,-11,11
33916,56,70,-14,14
33917,107,101,6,6
33918,62,84,-22,22
33919,157,145,12,12
33920,94,93,1,1
33921,84,77,7,7
33922,131,126,5,5
33923,75,79,-4,4
33924,122,116,6,6
33925,114,121,-7,7
33926,61,66,-5,5
33927,137,144,-7,7
33928,72,77,-5,5
33929,115,99,16,16
33930,49,87,-38,38
33931,98,92,6,6
33932,114,119,-5,5
33933,79,84,-5,5
33934,75,78,-3,3
33935,111,96,15,15
33936,84,89,-5,5
33937,61,69,-8,8
33938,70,81,-11,11
33939,103,106,-3,3
33940,119,107,12,12
33941,62,74,-12,12
33942,94,87,7,7
33943,161,145,16,16
33944,253,211,42,42
33945,112,115,-3,3
33946,63,79,-16,16
33947,90,90,0,0
33948,124,120,4,4
33949,85,79,6,6
33950,167,155,12,12
33951,115,100,15,15
33952,113,101,12,12
33953,95,98,-3,3
33954,93,94,-1,1
33955,138,121,17,17
33956,74,80,-6,6
33957,52,65,-13,13
33958,104,102,2,2
33959,143,132,11,11
33960,74,84,-10,10
33961,69,75,-6,6
33962,133,123,10,10
33963,82,84,-2,2
33964,98,92,6,6
33965,77,80,-3,3
33966,142,136,6,6
33967,84,91,-7,7
33968,95,102,-7,7
33969,83,84,-1,1
33970,114,102,12,12
33971,53,81,-28,28
33972,91,88,3,3
33973,122,124,-2,2
33974,89,113,-24,24
33975,81,89,-8,8
33976,110,114,-4,4
33977,96,93,3,3
33978,119,112,7,7
33979,80,89,-9,9
33980,108,101,7,7
33981,71,73,-2,2
33982,80,81,-1,1
33983,157,152,5,5
33984,85,76,9,9
33985,47,63,-16,16
33986,68,70,-2,2
33987,86,79,7,7
33988,71,76,-5,5
33989,64,69,-5,5
33990,65,73,-8,8
33991,155,152,3,3
33992,108,118,-10,10
33993,188,167,21,21
33994,109,109,0,0
33995,64,75,-11,11
33996,120,137,-17,17
33997,72,81,-9,9
33998,55,68,-13,13
33999,69,72,-3,3
34000,186,164,22,22
34001,96,108,-12,12
34002,77,85,-8,8
34003,83,88,-5,5
34004,79,80,-1,1
34005,55,73,-18,18
34006,155,143,12,12
34007,91,94,-3,3
34008,48,66,-18,18
34009,122,121,1,1
34010,75,91,-16,16
34011,109,110,-1,1
34012,110,106,4,4
34013,79,81,-2,2
34014,69,75,-6,6
34015,78,87,-9,9
34016,129,127,2,2
34017,131,125,6,6
34018,45,58,-13,13
34019,96,94,2,2
34020,105,121,-16,16
34021,128,127,1,1
34022,139,134,5,5
34023,116,105,11,11
34024,81,85,-4,4
34025,77,84,-7,7
34026,100,98,2,2
34027,68,72,-4,4
34028,70,80,-10,10
34029,222,226,-4,4
34030,22,34,-12,12
34031,121,117,4,4
34032,67,76,-9,9
34033,87,83,4,4
34034,58,66,-8,8
34035,69,86,-17,17
34036,71,86,-15,15
34037,54,73,-19,19
34038,60,64,-4,4
34039,87,90,-3,3
34040,101,97,4,4
34041,61,69,-8,8
34042,141,123,18,18
34043,121,124,-3,3
34044,102,97,5,5
34045,78,83,-5,5
34046,96,109,-13,13
34047,56,61,-5,5
34048,101,92,9,9
34049,64,73,-9,9
34050,55,71,-16,16
34051,89,84,5,5
34052,84,83,1,1
34053,90,92,-2,2
34054,166,146,20,20
34055,85,110,-25,25
34056,94,95,-1,1
34057,130,134,-4,4
34058,146,147,-1,1
34059,77,96,-19,19
34060,97,93,4,4
34061,102,98,4,4
34062,150,147,3,3
34063,104,99,5,5
34064,90,92,-2,2
34065,70,76,-6,6
34066,45,57,-12,12
34067,76,76,0,0
34068,90,108,-18,18
34069,63,65,-2,2
34070,123,118,5,5
34071,91,82,9,9
34072,102,92,10,10
34073,120,111,9,9
34074,48,75,-27,27
34075,42,59,-17,17
34076,85,90,-5,5
34077,67,71,-4,4
34078,73,68,5,5
34079,67,74,-7,7
34080,87,91,-4,4
34081,172,141,31,31
34082,128,133,-5,5
34083,116,118,-2,2
34084,102,96,6,6
34085,134,130,4,4
34086,94,102,-8,8
34087,55,66,-11,11
34088,175,171,4,4
34089,71,76,-5,5
34090,53,68,-15,15
34091,92,100,-8,8
34092,111,105,6,6
34093,120,121,-1,1
34094,107,116,-9,9
34095,48,56,-8,8
34096,85,83,2,2
34097,122,141,-19,19
34098,90,96,-6,6
34099,70,73,-3,3
34100,63,70,-7,7
34101,110,103,7,7
34102,56,67,-11,11
34103,96,101,-5,5
34104,79,87,-8,8
34105,56,65,-9,9
34106,115,104,11,11
34107,60,73,-13,13
34108,59,67,-8,8
34109,74,77,-3,3
34110,110,115,-5,5
34111,99,113,-14,14
34112,106,106,0,0
34113,62,62,0,0
34114,93,94,-1,1
34115,59,66,-7,7
34116,88,84,4,4
34117,75,91,-16,16
34118,78,77,1,1
34119,67,77,-10,10
34120,118,110,8,8
34121,66,69,-3,3
34122,69,75,-6,6
34123,110,100,10,10
34124,102,103,-1,1
34125,127,123,4,4
34126,99,101,-2,2
34127,127,127,0,0
34128,97,88,9,9
34129,52,60,-8,8
34130,56,70,-14,14
34131,64,68,-4,4
34132,111,102,9,9
34133,114,112,2,2
34134,162,142,20,20
34135,56,78,-22,22
34136,35,49,-14,14
34137,83,88,-5,5
34138,151,147,4,4
34139,77,81,-4,4
34140,65,76,-11,11
34141,67,74,-7,7
34142,81,82,-1,1
34143,56,65,-9,9
34144,67,73,-6,6
34145,59,64,-5,5
34146,142,121,21,21
34147,79,84,-5,5
34148,104,103,1,1
34149,68,77,-9,9
34150,67,80,-13,13
34151,56,66,-10,10
34152,66,73,-7,7
34153,31,39,-8,8
34154,121,112,9,9
34155,115,113,2,2
34156,68,73,-5,5
34157,103,105,-2,2
34158,71,81,-10,10
34159,115,120,-5,5
34160,122,110,12,12
34161,99,94,5,5
34162,112,111,1,1
34163,215,210,5,5
34164,68,79,-11,11
34165,84,85,-1,1
34166,82,85,-3,3
34167,82,87,-5,5
34168,95,93,2,2
34169,80,84,-4,4
34170,121,111,10,10
34171,103,97,6,6
34172,74,83,-9,9
34173,59,68,-9,9
34174,106,102,4,4
34175,62,66,-4,4
34176,49,60,-11,11
34177,62,72,-10,10
34178,151,143,8,8
34179,178,148,30,30
34180,96,96,0,0
34181,91,94,-3,3
34182,74,78,-4,4
34183,78,85,-7,7
34184,95,116,-21,21
34185,109,106,3,3
34186,59,69,-10,10
34187,64,65,-1,1
34188,122,106,16,16
34189,106,106,0,0
34190,137,128,9,9
34191,79,81,-2,2
34192,45,61,-16,16
34193,96,92,4,4
34194,53,61,-8,8
34195,121,113,8,8
34196,138,134,4,4
34197,107,100,7,7
34198,90,92,-2,2
34199,83,87,-4,4
34200,65,71,-6,6
34201,68,82,-14,14
34202,50,61,-11,11
34203,44,74,-30,30
34204,78,85,-7,7
34205,74,80,-6,6
34206,67,74,-7,7
34207,116,105,11,11
34208,50,58,-8,8
34209,100,96,4,4
34210,52,64,-12,12
34211,70,71,-1,1
34212,92,95,-3,3
34213,130,119,11,11
34214,139,141,-2,2
34215,96,93,3,3
34216,98,94,4,4
34217,49,60,-11,11
34218,90,88,2,2
34219,103,110,-7,7
34220,39,58,-19,19
34221,172,146,26,26
34222,104,99,5,5
34223,63,70,-7,7
34224,78,80,-2,2
34225,65,74,-9,9
34226,58,64,-6,6
34227,140,137,3,3
34228,95,103,-8,8
34229,77,78,-1,1
34230,122,113,9,9
34231,63,62,1,1
34232,26,42,-16,16
34233,78,81,-3,3
34234,60,72,-12,12
34235,80,84,-4,4
34236,96,99,-3,3
34237,62,70,-8,8
34238,77,85,-8,8
34239,101,97,4,4
34240,103,104,-1,1
34241,87,95,-8,8
34242,132,126,6,6
34243,223,184,39,39
34244,117,107,10,10
34245,151,136,15,15
34246,87,97,-10,10
34247,103,101,2,2
34248,59,71,-12,12
34249,150,127,23,23
34250,100,94,6,6
34251,92,86,6,6
34252,65,82,-17,17
34253,72,77,-5,5
34254,48,58,-10,10
34255,114,107,7,7
34256,63,66,-3,3
34257,139,132,7,7
34258,86,88,-2,2
34259,96,87,9,9
34260,80,83,-3,3
34261,126,115,11,11
34262,112,108,4,4
34263,99,111,-12,12
34264,83,80,3,3
34265,62,67,-5,5
34266,53,72,-19,19
34267,40,55,-15,15
34268,103,100,3,3
34269,87,91,-4,4
34270,66,75,-9,9
34271,116,104,12,12
34272,107,98,9,9
34273,121,119,2,2
34274,114,101,13,13
34275,111,108,3,3
34276,105,106,-1,1
34277,103,104,-1,1
34278,106,95,11,11
34279,126,120,6,6
34280,104,100,4,4
34281,77,77,0,0
34282,114,116,-2,2
34283,77,81,-4,4
34284,83,85,-2,2
34285,78,91,-13,13
34286,81,86,-5,5
34287,64,71,-7,7
34288,134,125,9,9
34289,78,83,-5,5
34290,137,128,9,9
34291,80,81,-1,1
34292,145,126,19,19
34293,103,106,-3,3
34294,101,100,1,1
34295,87,85,2,2
34296,83,86,-3,3
34297,98,92,6,6
34298,133,131,2,2
34299,114,119,-5,5
34300,119,106,13,13
34301,94,95,-1,1
34302,85,94,-9,9
34303,162,152,10,10
34304,85,80,5,5
34305,62,67,-5,5
34306,83,84,-1,1
34307,99,95,4,4
34308,79,87,-8,8
34309,95,97,-2,2
34310,140,137,3,3
34311,165,148,17,17
34312,104,100,4,4
34313,110,122,-12,12
34314,138,166,-28,28
34315,117,127,-10,10
34316,120,115,5,5
34317,67,82,-15,15
34318,82,86,-4,4
34319,110,102,8,8
34320,110,102,8,8
34321,63,77,-14,14
34322,54,64,-10,10
34323,128,126,2,2
34324,90,86,4,4
34325,99,101,-2,2
34326,121,138,-17,17
34327,47,65,-18,18
34328,88,86,2,2
34329,96,91,5,5
34330,83,102,-19,19
34331,91,84,7,7
34332,100,101,-1,1
34333,68,78,-10,10
34334,44,57,-13,13
34335,94,94,0,0
34336,48,62,-14,14
34337,63,69,-6,6
34338,114,109,5,5
34339,88,85,3,3
34340,105,99,6,6
34341,67,74,-7,7
34342,61,62,-1,1
34343,120,118,2,2
34344,111,102,9,9
34345,102,95,7,7
34346,111,106,5,5
34347,48,57,-9,9
34348,102,105,-3,3
34349,101,101,0,0
34350,88,94,-6,6
34351,58,70,-12,12
34352,64,71,-7,7
34353,65,75,-10,10
34354,156,145,11,11
34355,84,86,-2,2
34356,169,144,25,25
34357,130,112,18,18
34358,51,68,-17,17
34359,60,66,-6,6
34360,109,97,12,12
34361,107,107,0,0
34362,133,140,-7,7
34363,73,78,-5,5
34364,117,113,4,4
34365,105,102,3,3
34366,118,133,-15,15
34367,107,106,1,1
34368,89,86,3,3
34369,130,121,9,9
34370,107,112,-5,5
34371,86,90,-4,4
34372,87,94,-7,7
34373,166,150,16,16
34374,91,96,-5,5
34375,83,83,0,0
34376,90,96,-6,6
34377,60,76,-16,16
34378,73,81,-8,8
34379,133,119,14,14
34380,131,125,6,6
34381,128,146,-18,18
34382,93,92,1,1
34383,48,60,-12,12
34384,126,106,20,20
34385,62,78,-16,16
34386,50,69,-19,19
34387,70,76,-6,6
34388,111,112,-1,1
34389,89,88,1,1
34390,94,99,-5,5
34391,38,56,-18,18
34392,76,90,-14,14
34393,92,94,-2,2
34394,66,72,-6,6
34395,84,86,-2,2
34396,72,78,-6,6
34397,79,80,-1,1
34398,78,82,-4,4
34399,61,68,-7,7
34400,68,74,-6,6
34401,114,105,9,9
34402,84,89,-5,5
34403,51,70,-19,19
34404,96,92,4,4
34405,74,78,-4,4
34406,64,82,-18,18
34407,79,78,1,1
34408,89,84,5,5
34409,150,144,6,6
34410,137,119,18,18
34411,62,71,-9,9
34412,120,109,11,11
34413,75,71,4,4
34414,63,73,-10,10
34415,144,144,0,0
34416,83,82,1,1
34417,71,102,-31,31
34418,125,123,2,2
34419,71,77,-6,6
34420,90,95,-5,5
34421,57,65,-8,8
34422,68,80,-12,12
34423,117,107,10,10
34424,142,135,7,7
34425,95,89,6,6
34426,91,98,-7,7
34427,86,93,-7,7
34428,119,123,-4,4
34429,71,80,-9,9
34430,97,92,5,5
34431,92,97,-5,5
34432,86,84,2,2
34433,48,62,-14,14
34434,50,52,-2,2
34435,105,136,-31,31
34436,105,110,-5,5
34437,127,116,11,11
34438,108,106,2,2
34439,71,76,-5,5
34440,73,80,-7,7
34441,68,82,-14,14
34442,147,130,17,17
34443,142,140,2,2
34444,39,55,-16,16
34445,91,84,7,7
34446,79,87,-8,8
34447,84,82,2,2
34448,123,125,-2,2
34449,63,67,-4,4
34450,196,177,19,19
34451,161,155,6,6
34452,152,122,30,30
34453,144,130,14,14
34454,96,100,-4,4
34455,125,122,3,3
34456,82,81,1,1
34457,128,117,11,11
34458,160,154,6,6
34459,43,58,-15,15
34460,68,76,-8,8
34461,108,89,19,19
34462,74,76,-2,2
34463,52,65,-13,13
34464,107,118,-11,11
34465,64,77,-13,13
34466,89,90,-1,1
34467,85,80,5,5
34468,73,83,-10,10
34469,177,176,1,1
34470,111,105,6,6
34471,67,80,-13,13
34472,76,78,-2,2
34473,152,133,19,19
34474,90,95,-5,5
34475,79,82,-3,3
34476,99,102,-3,3
34477,78,80,-2,2
34478,131,123,8,8
34479,100,95,5,5
34480,74,84,-10,10
34481,99,99,0,0
34482,135,129,6,6
34483,104,107,-3,3
34484,67,72,-5,5
34485,102,93,9,9
34486,48,62,-14,14
34487,243,220,23,23
34488,97,98,-1,1
34489,112,107,5,5
34490,118,121,-3,3
34491,77,84,-7,7
34492,73,71,2,2
34493,99,102,-3,3
34494,60,85,-25,25
34495,155,147,8,8
34496,125,120,5,5
34497,202,159,43,43
34498,82,94,-12,12
34499,100,96,4,4
34500,78,80,-2,2
34501,59,74,-15,15
34502,48,66,-18,18
34503,121,124,-3,3
34504,128,121,7,7
34505,96,104,-8,8
34506,133,119,14,14
34507,107,104,3,3
34508,106,100,6,6
34509,111,124,-13,13
34510,48,76,-28,28
34511,79,92,-13,13
34512,121,109,12,12
34513,147,138,9,9
34514,113,111,2,2
34515,58,66,-8,8
34516,93,85,8,8
34517,109,107,2,2
34518,85,93,-8,8
34519,69,84,-15,15
34520,70,76,-6,6
34521,81,92,-11,11
34522,47,57,-10,10
34523,121,112,9,9
34524,151,128,23,23
34525,80,86,-6,6
34526,60,66,-6,6
34527,133,123,10,10
34528,65,75,-10,10
34529,162,155,7,7
34530,73,74,-1,1
34531,108,103,5,5
34532,87,86,1,1
34533,101,105,-4,4
34534,90,94,-4,4
34535,130,141,-11,11
34536,133,121,12,12
34537,139,134,5,5
34538,95,101,-6,6
34539,96,97,-1,1
34540,66,74,-8,8
34541,69,79,-10,10
34542,69,75,-6,6
34543,86,86,0,0
34544,95,98,-3,3
34545,91,88,3,3
34546,189,157,32,32
34547,109,106,3,3
34548,63,70,-7,7
34549,156,148,8,8
34550,64,70,-6,6
34551,117,110,7,7
34552,55,62,-7,7
34553,115,119,-4,4
34554,103,96,7,7
34555,155,145,10,10
34556,78,85,-7,7
34557,159,158,1,1
34558,73,74,-1,1
34559,188,168,20,20
34560,150,145,5,5
34561,103,97,6,6
34562,80,86,-6,6
34563,92,95,-3,3
34564,121,120,1,1
34565,113,114,-1,1
34566,106,102,4,4
34567,72,72,0,0
34568,120,119,1,1
34569,49,64,-15,15
34570,124,126,-2,2
34571,82,85,-3,3
34572,145,151,-6,6
34573,61,67,-6,6
34574,108,106,2,2
34575,53,63,-10,10
34576,117,110,7,7
34577,88,92,-4,4
34578,122,99,23,23
34579,56,67,-11,11
34580,161,145,16,16
34581,115,108,7,7
34582,100,101,-1,1
34583,149,143,6,6
34584,126,118,8,8
34585,74,82,-8,8
34586,124,118,6,6
34587,101,99,2,2
34588,83,98,-15,15
34589,105,101,4,4
34590,143,132,11,11
34591,153,142,11,11
34592,54,65,-11,11
34593,52,52,0,0
34594,87,88,-1,1
34595,63,71,-8,8
34596,84,92,-8,8
34597,96,96,0,0
34598,59,71,-12,12
34599,141,128,13,13
34600,121,110,11,11
34601,21,30,-9,9
34602,93,89,4,4
34603,126,124,2,2
34604,91,93,-2,2
34605,126,121,5,5
34606,79,80,-1,1
34607,133,132,1,1
34608,72,80,-8,8
34609,117,101,16,16
34610,51,67,-16,16
34611,92,93,-1,1
34612,78,84,-6,6
34613,70,78,-8,8
34614,77,82,-5,5
34615,94,89,5,5
34616,75,81,-6,6
34617,93,97,-4,4
34618,75,73,2,2
34619,149,142,7,7
34620,99,100,-1,1
34621,94,104,-10,10
34622,98,93,5,5
34623,68,75,-7,7
34624,101,140,-39,39
34625,115,104,11,11
34626,87,86,1,1
34627,100,111,-11,11
34628,80,92,-12,12
34629,133,121,12,12
34630,54,65,-11,11
34631,164,151,13,13
34632,98,96,2,2
34633,75,81,-6,6
34634,77,76,1,1
34635,126,119,7,7
34636,124,119,5,5
34637,89,92,-3,3
34638,77,83,-6,6
34639,162,143,19,19
34640,129,115,14,14
34641,126,122,4,4
34642,90,87,3,3
34643,145,136,9,9
34644,59,75,-16,16
34645,79,78,1,1
34646,100,93,7,7
34647,136,126,10,10
34648,53,69,-16,16
34649,109,102,7,7
34650,79,82,-3,3
34651,111,106,5,5
34652,172,139,33,33
34653,142,130,12,12
34654,81,82,-1,1
34655,100,98,2,2
34656,71,78,-7,7
34657,37,57,-20,20
34658,91,89,2,2
34659,85,86,-1,1
34660,96,97,-1,1
34661,96,96,0,0
34662,72,73,-1,1
34663,58,67,-9,9
34664,128,131,-3,3
34665,90,84,6,6
34666,79,83,-4,4
34667,57,61,-4,4
34668,164,135,29,29
34669,147,117,30,30
34670,42,60,-18,18
34671,92,103,-11,11
34672,73,81,-8,8
34673,80,84,-4,4
34674,82,82,0,0
34675,82,88,-6,6
34676,124,119,5,5
34677,87,97,-10,10
34678,93,97,-4,4
34679,151,129,22,22
34680,88,90,-2,2
34681,99,94,5,5
34682,104,104,0,0
34683,80,85,-5,5
34684,91,86,5,5
34685,116,130,-14,14
34686,136,121,15,15
34687,76,111,-35,35
34688,125,131,-6,6
34689,99,92,7,7
34690,112,119,-7,7
34691,103,113,-10,10
34692,152,142,10,10
34693,122,118,4,4
34694,74,79,-5,5
34695,106,107,-1,1
34696,76,78,-2,2
34697,59,70,-11,11
34698,100,120,-20,20
34699,58,68,-10,10
34700,69,77,-8,8
34701,120,126,-6,6
34702,74,78,-4,4
34703,55,66,-11,11
34704,89,91,-2,2
34705,79,84,-5,5
34706,137,135,2,2
34707,81,86,-5,5
34708,64,85,-21,21
34709,170,157,13,13
34710,69,75,-6,6
34711,72,73,-1,1
34712,73,76,-3,3
34713,66,79,-13,13
34714,114,109,5,5
34715,96,106,-10,10
34716,67,76,-9,9
34717,83,86,-3,3
34718,72,75,-3,3
34719,150,144,6,6
34720,56,62,-6,6
34721,66,74,-8,8
34722,53,69,-16,16
34723,169,147,22,22
34724,66,74,-8,8
34725,105,112,-7,7
34726,101,99,2,2
34727,78,85,-7,7
34728,130,123,7,7
34729,140,130,10,10
34730,91,106,-15,15
34731,89,84,5,5
34732,73,77,-4,4
34733,111,108,3,3
34734,111,114,-3,3
34735,154,136,18,18
34736,56,64,-8,8
34737,136,127,9,9
34738,101,92,9,9
34739,120,120,0,0
34740,62,64,-2,2
34741,105,105,0,0
34742,76,83,-7,7
34743,161,153,8,8
34744,88,95,-7,7
34745,51,63,-12,12
34746,108,108,0,0
34747,101,100,1,1
34748,74,78,-4,4
34749,189,158,31,31
34750,46,56,-10,10
34751,58,69,-11,11
34752,100,90,10,10
34753,171,141,30,30
34754,45,58,-13,13
34755,87,79,8,8
34756,57,65,-8,8
34757,137,119,18,18
34758,72,78,-6,6
34759,115,110,5,5
34760,98,97,1,1
34761,58,69,-11,11
34762,87,109,-22,22
34763,79,82,-3,3
34764,79,82,-3,3
34765,67,72,-5,5
34766,32,47,-15,15
34767,76,81,-5,5
34768,80,74,6,6
34769,106,95,11,11
34770,54,70,-16,16
34771,75,83,-8,8
34772,149,135,14,14
34773,110,100,10,10
34774,106,108,-2,2
34775,130,127,3,3
34776,49,60,-11,11
34777,119,122,-3,3
34778,75,81,-6,6
34779,89,91,-2,2
34780,63,67,-4,4
34781,64,64,0,0
34782,116,114,2,2
34783,79,78,1,1
34784,92,97,-5,5
34785,70,79,-9,9
34786,120,116,4,4
34787,165,150,15,15
34788,187,183,4,4
34789,82,84,-2,2
34790,53,77,-24,24
34791,88,89,-1,1
34792,75,78,-3,3
34793,66,68,-2,2
34794,80,82,-2,2
34795,113,102,11,11
34796,48,52,-4,4
34797,52,57,-5,5
34798,169,153,16,16
34799,100,107,-7,7
34800,71,86,-15,15
34801,103,115,-12,12
34802,127,122,5,5
34803,132,124,8,8
34804,136,131,5,5
34805,67,70,-3,3
34806,127,127,0,0
34807,142,137,5,5
34808,114,119,-5,5
34809,71,81,-10,10
34810,77,80,-3,3
34811,86,97,-11,11
34812,166,141,25,25
34813,116,109,7,7
34814,42,54,-12,12
34815,91,87,4,4
34816,81,81,0,0
34817,109,102,7,7
34818,164,156,8,8
34819,119,119,0,0
34820,79,79,0,0
34821,122,119,3,3
34822,67,74,-7,7
34823,96,95,1,1
34824,81,85,-4,4
34825,110,86,24,24
34826,142,135,7,7
34827,30,48,-18,18
34828,102,108,-6,6
34829,128,118,10,10
34830,127,133,-6,6
34831,55,95,-40,40
34832,125,146,-21,21
34833,85,91,-6,6
34834,82,88,-6,6
34835,99,105,-6,6
34836,142,138,4,4
34837,99,110,-11,11
34838,96,103,-7,7
34839,87,101,-14,14
34840,76,81,-5,5
34841,95,102,-7,7
34842,61,70,-9,9
34843,58,73,-15,15
34844,88,92,-4,4
34845,87,99,-12,12
34846,89,89,0,0
34847,100,95,5,5
34848,87,92,-5,5
34849,86,88,-2,2
34850,43,63,-20,20
34851,33,40,-7,7
34852,97,96,1,1
34853,130,120,10,10
34854,149,134,15,15
34855,139,120,19,19
34856,71,80,-9,9
34857,53,72,-19,19
34858,69,71,-2,2
34859,114,101,13,13
34860,60,76,-16,16
34861,53,67,-14,14
34862,80,82,-2,2
34863,75,72,3,3
34864,101,118,-17,17
34865,147,140,7,7
34866,100,93,7,7
34867,112,120,-8,8
34868,61,69,-8,8
34869,68,74,-6,6
34870,41,68,-27,27
34871,72,78,-6,6
34872,69,84,-15,15
34873,135,120,15,15
34874,112,109,3,3
34875,63,65,-2,2
34876,83,84,-1,1
34877,74,83,-9,9
34878,85,95,-10,10
34879,91,86,5,5
34880,150,145,5,5
34881,96,94,2,2
34882,61,89,-28,28
34883,51,77,-26,26
34884,61,70,-9,9
34885,143,154,-11,11
34886,64,73,-9,9
34887,59,65,-6,6
34888,67,85,-18,18
34889,65,79,-14,14
34890,142,127,15,15
34891,66,74,-8,8
34892,73,84,-11,11
34893,107,106,1,1
34894,112,98,14,14
34895,104,104,0,0
34896,46,58,-12,12
34897,83,79,4,4
34898,89,90,-1,1
34899,73,71,2,2
34900,59,66,-7,7
34901,59,67,-8,8
34902,112,108,4,4
34903,75,83,-8,8
34904,68,79,-11,11
34905,80,95,-15,15
34906,70,83,-13,13
34907,77,83,-6,6
34908,49,60,-11,11
34909,91,92,-1,1
34910,65,70,-5,5
34911,77,78,-1,1
34912,130,116,14,14
34913,77,81,-4,4
34914,175,168,7,7
34915,103,110,-7,7
34916,79,80,-1,1
34917,74,75,-1,1
34918,98,107,-9,9
34919,111,108,3,3
34920,105,119,-14,14
34921,106,106,0,0
34922,43,55,-12,12
34923,91,100,-9,9
34924,88,90,-2,2
34925,121,116,5,5
34926,111,105,6,6
34927,65,76,-11,11
34928,63,67,-4,4
34929,91,98,-7,7
34930,70,79,-9,9
34931,117,108,9,9
34932,56,69,-13,13
34933,153,147,6,6
34934,135,130,5,5
34935,66,72,-6,6
34936,97,100,-3,3
34937,94,102,-8,8
34938,79,83,-4,4
34939,89,84,5,5
34940,117,110,7,7
34941,50,61,-11,11
34942,172,167,5,5
34943,71,83,-12,12
34944,94,93,1,1
34945,146,141,5,5
34946,57,65,-8,8
34947,91,96,-5,5
34948,44,58,-14,14
34949,124,120,4,4
34950,117,101,16,16
34951,93,90,3,3
34952,100,103,-3,3
34953,167,152,15,15
34954,97,97,0,0
34955,117,111,6,6
34956,142,131,11,11
34957,62,69,-7,7
34958,99,103,-4,4
34959,83,86,-3,3
34960,61,75,-14,14
34961,80,88,-8,8
34962,85,85,0,0
34963,102,102,0,0
34964,127,130,-3,3
34965,123,123,0,0
34966,117,114,3,3
34967,102,113,-11,11
34968,100,99,1,1
34969,105,103,2,2
34970,116,101,15,15
34971,104,110,-6,6
34972,70,76,-6,6
34973,71,79,-8,8
34974,59,76,-17,17
34975,86,87,-1,1
34976,121,104,17,17
34977,104,98,6,6
34978,93,92,1,1
34979,78,82,-4,4
34980,124,117,7,7
34981,83,91,-8,8
34982,126,121,5,5
34983,91,93,-2,2
34984,89,102,-13,13
34985,79,78,1,1
34986,110,109,1,1
34987,80,84,-4,4
34988,116,114,2,2
34989,133,118,15,15
34990,91,96,-5,5
34991,94,90,4,4
34992,160,141,19,19
34993,107,113,-6,6
34994,61,73,-12,12
34995,74,71,3,3
34996,80,85,-5,5
34997,50,65,-15,15
34998,98,99,-1,1
34999,47,59,-12,12
35000,63,86,-23,23
35001,92,98,-6,6
35002,97,95,2,2
35003,101,103,-2,2
35004,48,65,-17,17
35005,114,113,1,1
35006,106,102,4,4
35007,98,96,2,2
35008,133,129,4,4
35009,98,89,9,9
35010,41,54,-13,13
35011,85,89,-4,4
35012,102,103,-1,1
35013,97,92,5,5
35014,49,61,-12,12
35015,50,64,-14,14
35016,86,91,-5,5
35017,96,107,-11,11
35018,110,100,10,10
35019,95,98,-3,3
35020,89,83,6,6
35021,92,93,-1,1
35022,109,104,5,5
35023,75,81,-6,6
35024,61,64,-3,3
35025,82,95,-13,13
35026,88,95,-7,7
35027,139,131,8,8
35028,67,84,-17,17
35029,106,105,1,1
35030,108,106,2,2
35031,80,91,-11,11
35032,78,88,-10,10
35033,87,92,-5,5
35034,57,67,-10,10
35035,63,70,-7,7
35036,105,94,11,11
35037,129,112,17,17
35038,65,70,-5,5
35039,93,94,-1,1
35040,50,59,-9,9
35041,30,52,-22,22
35042,81,82,-1,1
35043,55,72,-17,17
35044,76,77,-1,1
35045,135,120,15,15
35046,55,67,-12,12
35047,140,135,5,5
35048,92,89,3,3
35049,124,122,2,2
35050,100,101,-1,1
35051,40,53,-13,13
35052,50,58,-8,8
35053,85,92,-7,7
35054,87,97,-10,10
35055,136,125,11,11
35056,65,76,-11,11
35057,97,81,16,16
35058,80,81,-1,1
35059,99,97,2,2
35060,69,77,-8,8
35061,97,104,-7,7
35062,65,71,-6,6
35063,67,75,-8,8
35064,108,105,3,3
35065,105,107,-2,2
35066,98,92,6,6
35067,73,76,-3,3
35068,87,91,-4,4
35069,80,76,4,4
35070,115,116,-1,1
35071,129,113,16,16
35072,62,72,-10,10
35073,141,127,14,14
35074,165,152,13,13
35075,167,152,15,15
35076,128,116,12,12
35077,163,141,22,22
35078,49,72,-23,23
35079,73,86,-13,13
35080,117,153,-36,36
35081,182,158,24,24
35082,91,86,5,5
35083,73,82,-9,9
35084,130,127,3,3
35085,92,93,-1,1
35086,164,137,27,27
35087,100,112,-12,12
35088,106,108,-2,2
35089,155,151,4,4
35090,84,88,-4,4
35091,115,119,-4,4
35092,74,81,-7,7
35093,62,67,-5,5
35094,76,82,-6,6
35095,82,93,-11,11
35096,116,106,10,10
35097,84,87,-3,3
35098,61,75,-14,14
35099,155,138,17,17
35100,87,140,-53,53
35101,118,119,-1,1
35102,126,127,-1,1
35103,123,122,1,1
35104,72,81,-9,9
35105,106,104,2,2
35106,119,111,8,8
35107,79,82,-3,3
35108,70,89,-19,19
35109,129,117,12,12
35110,93,86,7,7
35111,98,91,7,7
35112,164,160,4,4
35113,110,114,-4,4
35114,108,106,2,2
35115,79,81,-2,2
35116,140,136,4,4
35117,81,91,-10,10
35118,84,87,-3,3
35119,64,68,-4,4
35120,101,102,-1,1
35121,65,76,-11,11
35122,71,84,-13,13
35123,66,74,-8,8
35124,81,85,-4,4
35125,82,97,-15,15
35126,101,106,-5,5
35127,95,98,-3,3
35128,95,100,-5,5
35129,177,166,11,11
35130,148,148,0,0
35131,83,92,-9,9
35132,79,81,-2,2
35133,87,84,3,3
35134,120,117,3,3
35135,140,155,-15,15
35136,117,114,3,3
35137,88,91,-3,3
35138,79,76,3,3
35139,89,94,-5,5
35140,83,82,1,1
35141,79,94,-15,15
35142,118,114,4,4
35143,79,88,-9,9
35144,95,92,3,3
35145,62,70,-8,8
35146,67,78,-11,11
35147,63,74,-11,11
35148,99,90,9,9
35149,164,156,8,8
35150,71,69,2,2
35151,49,59,-10,10
35152,88,91,-3,3
35153,93,90,3,3
35154,90,90,0,0
35155,96,86,10,10
35156,91,94,-3,3
35157,41,53,-12,12
35158,94,97,-3,3
35159,58,65,-7,7
35160,87,91,-4,4
35161,100,97,3,3
35162,117,117,0,0
35163,106,101,5,5
35164,65,80,-15,15
35165,126,125,1,1
35166,92,95,-3,3
35167,78,89,-11,11
35168,98,97,1,1
35169,102,117,-15,15
35170,115,104,11,11
35171,93,90,3,3
35172,48,67,-19,19
35173,64,74,-10,10
35174,168,164,4,4
35175,95,89,6,6
35176,125,119,6,6
35177,128,133,-5,5
35178,137,118,19,19
35179,62,65,-3,3
35180,76,80,-4,4
35181,66,72,-6,6
35182,50,65,-15,15
35183,98,96,2,2
35184,101,107,-6,6
35185,77,82,-5,5
35186,97,100,-3,3
35187,116,111,5,5
35188,118,109,9,9
35189,157,149,8,8
35190,48,63,-15,15
35191,86,93,-7,7
35192,79,97,-18,18
35193,93,91,2,2
35194,58,68,-10,10
35195,65,73,-8,8
35196,203,178,25,25
35197,59,68,-9,9
35198,103,99,4,4
35199,35,49,-14,14
35200,95,101,-6,6
35201,89,94,-5,5
35202,122,112,10,10
35203,97,96,1,1
35204,84,86,-2,2
35205,146,124,22,22
35206,129,117,12,12
35207,76,87,-11,11
35208,79,85,-6,6
35209,92,94,-2,2
35210,82,79,3,3
35211,111,102,9,9
35212,88,86,2,2
35213,155,141,14,14
35214,75,75,0,0
35215,109,105,4,4
35216,64,68,-4,4
35217,76,77,-1,1
35218,114,118,-4,4
35219,84,83,1,1
35220,90,91,-1,1
35221,49,61,-12,12
35222,103,105,-2,2
35223,140,132,8,8
35224,64,72,-8,8
35225,171,163,8,8
35226,89,91,-2,2
35227,57,71,-14,14
35228,99,82,17,17
35229,62,72,-10,10
35230,191,171,20,20
35231,108,99,9,9
35232,116,111,5,5
35233,157,139,18,18
35234,98,110,-12,12
35235,167,163,4,4
35236,89,85,4,4
35237,65,75,-10,10
35238,103,105,-2,2
35239,107,104,3,3
35240,66,70,-4,4
35241,137,127,10,10
35242,68,72,-4,4
35243,64,69,-5,5
35244,137,126,11,11
35245,101,100,1,1
35246,120,113,7,7
35247,99,104,-5,5
35248,58,71,-13,13
35249,93,97,-4,4
35250,48,73,-25,25
35251,96,114,-18,18
35252,68,75,-7,7
35253,95,99,-4,4
35254,117,106,11,11
35255,61,76,-15,15
35256,122,119,3,3
35257,77,90,-13,13
35258,69,81,-12,12
35259,105,99,6,6
35260,126,124,2,2
35261,67,70,-3,3
35262,122,119,3,3
35263,96,94,2,2
35264,188,161,27,27
35265,72,68,4,4
35266,122,114,8,8
35267,53,70,-17,17
35268,49,67,-18,18
35269,131,118,13,13
35270,118,104,14,14
35271,68,69,-1,1
35272,84,92,-8,8
35273,80,89,-9,9
35274,95,106,-11,11
35275,54,63,-9,9
35276,80,87,-7,7
35277,55,68,-13,13
35278,50,56,-6,6
35279,141,134,7,7
35280,118,109,9,9
35281,64,75,-11,11
35282,132,119,13,13
35283,81,81,0,0
35284,49,57,-8,8
35285,86,88,-2,2
35286,107,105,2,2
35287,123,119,4,4
35288,109,99,10,10
35289,121,116,5,5
35290,89,96,-7,7
35291,57,69,-12,12
35292,123,115,8,8
35293,102,105,-3,3
35294,143,126,17,17
35295,57,65,-8,8
35296,84,83,1,1
35297,73,75,-2,2
35298,124,121,3,3
35299,86,84,2,2
35300,128,121,7,7
35301,146,129,17,17
35302,92,90,2,2
35303,68,81,-13,13
35304,88,91,-3,3
35305,147,141,6,6
35306,134,132,2,2
35307,91,96,-5,5
35308,137,128,9,9
35309,130,127,3,3
35310,103,99,4,4
35311,78,94,-16,16
35312,85,83,2,2
35313,57,64,-7,7
35314,159,141,18,18
35315,80,90,-10,10
35316,113,121,-8,8
35317,152,134,18,18
35318,163,146,17,17
35319,137,119,18,18
35320,116,113,3,3
35321,144,133,11,11
35322,61,74,-13,13
35323,158,145,13,13
35324,120,144,-24,24
35325,64,75,-11,11
35326,106,101,5,5
35327,60,73,-13,13
35328,87,95,-8,8
35329,72,72,0,0
35330,92,96,-4,4
35331,164,151,13,13
35332,121,125,-4,4
35333,63,72,-9,9
35334,108,108,0,0
35335,70,73,-3,3
35336,66,78,-12,12
35337,81,127,-46,46
35338,84,86,-2,2
35339,69,78,-9,9
35340,161,156,5,5
35341,73,77,-4,4
35342,62,68,-6,6
35343,66,77,-11,11
35344,80,87,-7,7
35345,110,122,-12,12
35346,145,132,13,13
35347,32,62,-30,30
35348,62,74,-12,12
35349,191,176,15,15
35350,84,87,-3,3
35351,96,93,3,3
35352,87,82,5,5
35353,54,66,-12,12
35354,85,88,-3,3
35355,118,108,10,10
35356,52,59,-7,7
35357,102,91,11,11
35358,66,77,-11,11
35359,151,148,3,3
35360,129,136,-7,7
35361,61,65,-4,4
35362,102,110,-8,8
35363,88,95,-7,7
35364,61,76,-15,15
35365,77,89,-12,12
35366,79,85,-6,6
35367,110,103,7,7
35368,96,94,2,2
35369,74,75,-1,1
35370,120,119,1,1
35371,134,124,10,10
35372,66,72,-6,6
35373,61,67,-6,6
35374,130,119,11,11
35375,60,72,-12,12
35376,66,74,-8,8
35377,115,112,3,3
35378,99,97,2,2
35379,55,63,-8,8
35380,104,97,7,7
35381,104,102,2,2
35382,97,103,-6,6
35383,48,59,-11,11
35384,51,65,-14,14
35385,51,55,-4,4
35386,80,85,-5,5
35387,57,64,-7,7
35388,77,68,9,9
35389,128,119,9,9
35390,141,138,3,3
35391,77,82,-5,5
35392,132,124,8,8
35393,110,104,6,6
35394,43,45,-2,2
35395,110,117,-7,7
35396,85,79,6,6
35397,92,99,-7,7
35398,49,59,-10,10
35399,69,73,-4,4
35400,64,73,-9,9
35401,82,81,1,1
35402,59,73,-14,14
35403,69,74,-5,5
35404,66,73,-7,7
35405,92,94,-2,2
35406,101,92,9,9
35407,62,76,-14,14
35408,126,111,15,15
35409,119,119,0,0
35410,117,103,14,14
35411,162,146,16,16
35412,100,100,0,0
35413,107,115,-8,8
35414,49,65,-16,16
35415,75,82,-7,7
35416,85,86,-1,1
35417,87,80,7,7
35418,58,64,-6,6
35419,86,108,-22,22
35420,54,64,-10,10
35421,149,142,7,7
35422,99,94,5,5
35423,118,117,1,1
35424,88,92,-4,4
35425,128,139,-11,11
35426,121,120,1,1
35427,62,72,-10,10
35428,32,38,-6,6
35429,152,134,18,18
35430,58,64,-6,6
35431,77,87,-10,10
35432,127,112,15,15
35433,109,103,6,6
35434,116,115,1,1
35435,83,89,-6,6
35436,70,85,-15,15
35437,101,94,7,7
35438,70,74,-4,4
35439,117,109,8,8
35440,93,99,-6,6
35441,72,82,-10,10
35442,131,130,1,1
35443,64,74,-10,10
35444,160,148,12,12
35445,86,81,5,5
35446,84,91,-7,7
35447,56,65,-9,9
35448,94,90,4,4
35449,149,134,15,15
35450,128,115,13,13
35451,97,108,-11,11
35452,178,159,19,19
35453,102,98,4,4
35454,53,63,-10,10
35455,124,110,14,14
35456,79,87,-8,8
35457,136,145,-9,9
35458,71,83,-12,12
35459,54,60,-6,6
35460,97,92,5,5
35461,72,81,-9,9
35462,169,144,25,25
35463,80,81,-1,1
35464,53,69,-16,16
35465,64,67,-3,3
35466,52,64,-12,12
35467,38,58,-20,20
35468,78,81,-3,3
35469,160,84,76,76
35470,113,105,8,8
35471,90,97,-7,7
35472,63,69,-6,6
35473,79,87,-8,8
35474,56,69,-13,13
35475,241,224,17,17
35476,68,77,-9,9
35477,145,142,3,3
35478,69,73,-4,4
35479,107,100,7,7
35480,79,86,-7,7
35481,123,121,2,2
35482,97,93,4,4
35483,77,79,-2,2
35484,66,131,-65,65
35485,83,86,-3,3
35486,82,90,-8,8
35487,78,82,-4,4
35488,89,88,1,1
35489,76,72,4,4
35490,61,71,-10,10
35491,116,110,6,6
35492,128,135,-7,7
35493,130,126,4,4
35494,46,58,-12,12
35495,105,102,3,3
35496,150,124,26,26
35497,156,149,7,7
35498,69,74,-5,5
35499,89,88,1,1
35500,77,77,0,0
35501,123,121,2,2
35502,97,95,2,2
35503,87,86,1,1
35504,80,84,-4,4
35505,79,84,-5,5
35506,58,71,-13,13
35507,53,61,-8,8
35508,105,110,-5,5
35509,74,85,-11,11
35510,101,103,-2,2
35511,56,64,-8,8
35512,115,108,7,7
35513,141,143,-2,2
35514,116,109,7,7
35515,47,58,-11,11
35516,43,56,-13,13
35517,80,90,-10,10
35518,91,98,-7,7
35519,75,90,-15,15
35520,114,102,12,12
35521,79,86,-7,7
35522,106,99,7,7
35523,69,69,0,0
35524,87,80,7,7
35525,118,123,-5,5
35526,84,89,-5,5
35527,90,97,-7,7
35528,97,94,3,3
35529,57,65,-8,8
35530,132,125,7,7
35531,90,108,-18,18
35532,108,109,-1,1
35533,132,119,13,13
35534,76,85,-9,9
35535,38,47,-9,9
35536,52,61,-9,9
35537,68,71,-3,3
35538,141,136,5,5
35539,90,93,-3,3
35540,72,73,-1,1
35541,74,76,-2,2
35542,89,90,-1,1
35543,72,76,-4,4
35544,78,69,9,9
35545,67,73,-6,6
35546,94,93,1,1
35547,65,71,-6,6
35548,75,78,-3,3
35549,76,88,-12,12
35550,78,76,2,2
35551,70,81,-11,11
35552,124,112,12,12
35553,123,119,4,4
35554,185,165,20,20
35555,126,108,18,18
35556,104,103,1,1
35557,79,83,-4,4
35558,74,67,7,7
35559,82,84,-2,2
35560,47,60,-13,13
35561,40,51,-11,11
35562,102,102,0,0
35563,68,82,-14,14
35564,95,101,-6,6
35565,111,104,7,7
35566,74,80,-6,6
35567,63,74,-11,11
35568,118,116,2,2
35569,181,155,26,26
35570,63,74,-11,11
35571,73,76,-3,3
35572,76,84,-8,8
35573,80,82,-2,2
35574,99,100,-1,1
35575,83,93,-10,10
35576,48,59,-11,11
35577,140,123,17,17
35578,101,104,-3,3
35579,76,91,-15,15
35580,84,99,-15,15
35581,95,90,5,5
35582,60,69,-9,9
35583,78,83,-5,5
35584,125,121,4,4
35585,90,95,-5,5
35586,99,100,-1,1
35587,58,62,-4,4
35588,128,125,3,3
35589,67,74,-7,7
35590,96,111,-15,15
35591,96,94,2,2
35592,141,132,9,9
35593,77,86,-9,9
35594,114,101,13,13
35595,86,87,-1,1
35596,175,156,19,19
35597,129,122,7,7
35598,50,64,-14,14
35599,70,72,-2,2
35600,224,193,31,31
35601,146,135,11,11
35602,81,80,1,1
35603,97,94,3,3
35604,118,126,-8,8
35605,77,73,4,4
35606,73,78,-5,5
35607,85,85,0,0
35608,102,100,2,2
35609,130,124,6,6
35610,133,130,3,3
35611,129,120,9,9
35612,80,84,-4,4
35613,93,96,-3,3
35614,91,89,2,2
35615,41,95,-54,54
35616,82,92,-10,10
35617,67,72,-5,5
35618,85,87,-2,2
35619,75,83,-8,8
35620,118,120,-2,2
35621,118,100,18,18
35622,79,83,-4,4
35623,63,71,-8,8
35624,170,160,10,10
35625,73,81,-8,8
35626,114,92,22,22
35627,154,153,1,1
35628,54,75,-21,21
35629,115,108,7,7
35630,49,120,-71,71
35631,99,102,-3,3
35632,80,80,0,0
35633,152,145,7,7
35634,71,76,-5,5
35635,118,139,-21,21
35636,106,99,7,7
35637,106,113,-7,7
35638,173,149,24,24
35639,89,96,-7,7
35640,65,72,-7,7
35641,93,93,0,0
35642,109,108,1,1
35643,126,127,-1,1
35644,143,155,-12,12
35645,127,127,0,0
35646,114,105,9,9
35647,84,92,-8,8
35648,68,81,-13,13
35649,60,72,-12,12
35650,111,111,0,0
35651,127,132,-5,5
35652,83,83,0,0
35653,98,98,0,0
35654,83,77,6,6
35655,77,83,-6,6
35656,51,61,-10,10
35657,88,94,-6,6
35658,48,68,-20,20
35659,147,139,8,8
35660,66,86,-20,20
35661,100,95,5,5
35662,76,86,-10,10
35663,59,67,-8,8
35664,116,110,6,6
35665,61,70,-9,9
35666,155,141,14,14
35667,99,103,-4,4
35668,112,106,6,6
35669,70,66,4,4
35670,79,87,-8,8
35671,96,103,-7,7
35672,90,97,-7,7
35673,104,100,4,4
35674,99,98,1,1
35675,81,88,-7,7
35676,134,142,-8,8
35677,126,124,2,2
35678,160,119,41,41
35679,75,79,-4,4
35680,104,107,-3,3
35681,150,129,21,21
35682,120,119,1,1
35683,90,93,-3,3
35684,120,109,11,11
35685,142,132,10,10
35686,75,76,-1,1
35687,102,94,8,8
35688,162,145,17,17
35689,74,78,-4,4
35690,75,78,-3,3
35691,99,101,-2,2
35692,130,125,5,5
35693,53,59,-6,6
35694,127,126,1,1
35695,103,93,10,10
35696,94,91,3,3
35697,76,91,-15,15
35698,83,90,-7,7
35699,195,166,29,29
35700,58,77,-19,19
35701,51,68,-17,17
35702,153,140,13,13
35703,190,171,19,19
35704,87,90,-3,3
35705,96,97,-1,1
35706,100,93,7,7
35707,74,78,-4,4
35708,67,73,-6,6
35709,124,123,1,1
35710,74,76,-2,2
35711,111,100,11,11
35712,93,113,-20,20
35713,107,98,9,9
35714,70,67,3,3
35715,154,142,12,12
35716,125,112,13,13
35717,107,98,9,9
35718,69,90,-21,21
35719,101,103,-2,2
35720,95,90,5,5
35721,96,93,3,3
35722,85,86,-1,1
35723,70,97,-27,27
35724,68,71,-3,3
35725,61,70,-9,9
35726,155,149,6,6
35727,58,71,-13,13
35728,72,78,-6,6
35729,47,61,-14,14
35730,98,100,-2,2
35731,145,130,15,15
35732,52,65,-13,13
35733,120,105,15,15
35734,78,80,-2,2
35735,56,66,-10,10
35736,89,95,-6,6
35737,82,88,-6,6
35738,104,105,-1,1
35739,128,134,-6,6
35740,159,129,30,30
35741,79,90,-11,11
35742,109,105,4,4
35743,120,120,0,0
35744,79,96,-17,17
35745,73,69,4,4
35746,64,66,-2,2
35747,97,92,5,5
35748,135,112,23,23
35749,81,93,-12,12
35750,91,91,0,0
35751,58,62,-4,4
35752,78,78,0,0
35753,77,79,-2,2
35754,47,54,-7,7
35755,167,149,18,18
35756,65,89,-24,24
35757,152,143,9,9
35758,159,147,12,12
35759,89,107,-18,18
35760,205,186,19,19
35761,108,101,7,7
35762,101,96,5,5
35763,129,126,3,3
35764,123,119,4,4
35765,90,90,0,0
35766,138,127,11,11
35767,105,98,7,7
35768,93,89,4,4
35769,129,117,12,12
35770,110,98,12,12
35771,86,98,-12,12
35772,72,85,-13,13
35773,122,118,4,4
35774,37,51,-14,14
35775,173,165,8,8
35776,97,89,8,8
35777,45,54,-9,9
35778,97,88,9,9
35779,85,94,-9,9
35780,83,89,-6,6
35781,105,98,7,7
35782,138,130,8,8
35783,98,93,5,5
35784,128,119,9,9
35785,94,88,6,6
35786,131,112,19,19
35787,67,76,-9,9
35788,176,163,13,13
35789,116,110,6,6
35790,116,120,-4,4
35791,80,62,18,18
35792,84,84,0,0
35793,69,81,-12,12
35794,165,155,10,10
35795,55,72,-17,17
35796,123,121,2,2
35797,117,120,-3,3
35798,81,76,5,5
35799,86,86,0,0
35800,185,172,13,13
35801,104,98,6,6
35802,89,93,-4,4
35803,85,85,0,0
35804,156,140,16,16
35805,72,74,-2,2
35806,95,84,11,11
35807,86,83,3,3
35808,72,74,-2,2
35809,168,145,23,23
35810,42,56,-14,14
35811,93,95,-2,2
35812,103,94,9,9
35813,83,87,-4,4
35814,137,127,10,10
35815,117,122,-5,5
35816,77,85,-8,8
35817,79,92,-13,13
35818,121,119,2,2
35819,110,119,-9,9
35820,101,97,4,4
35821,88,99,-11,11
35822,91,91,0,0
35823,166,145,21,21
35824,63,67,-4,4
35825,92,96,-4,4
35826,138,121,17,17
35827,110,113,-3,3
35828,151,143,8,8
35829,121,126,-5,5
35830,73,79,-6,6
35831,77,76,1,1
35832,197,183,14,14
35833,94,84,10,10
35834,67,76,-9,9
35835,147,124,23,23
35836,92,114,-22,22
35837,138,132,6,6
35838,71,86,-15,15
35839,93,92,1,1
35840,115,108,7,7
35841,90,88,2,2
35842,137,127,10,10
35843,136,136,0,0
35844,63,71,-8,8
35845,68,76,-8,8
35846,105,104,1,1
35847,61,67,-6,6
35848,75,82,-7,7
35849,120,120,0,0
35850,145,141,4,4
35851,106,102,4,4
35852,171,150,21,21
35853,87,93,-6,6
35854,112,101,11,11
35855,75,82,-7,7
35856,84,92,-8,8
35857,55,62,-7,7
35858,57,67,-10,10
35859,71,75,-4,4
35860,150,137,13,13
35861,42,56,-14,14
35862,95,94,1,1
35863,100,103,-3,3
35864,77,75,2,2
35865,134,138,-4,4
35866,100,89,11,11
35867,117,120,-3,3
35868,74,107,-33,33
35869,106,99,7,7
35870,121,114,7,7
35871,115,108,7,7
35872,137,128,9,9
35873,80,88,-8,8
35874,81,89,-8,8
35875,50,65,-15,15
35876,60,74,-14,14
35877,143,123,20,20
35878,80,96,-16,16
35879,72,76,-4,4
35880,74,77,-3,3
35881,125,121,4,4
35882,111,101,10,10
35883,99,100,-1,1
35884,72,77,-5,5
35885,84,82,2,2
35886,52,61,-9,9
35887,54,63,-9,9
35888,63,71,-8,8
35889,101,98,3,3
35890,65,63,2,2
35891,74,86,-12,12
35892,141,138,3,3
35893,84,88,-4,4
35894,156,134,22,22
35895,105,98,7,7
35896,130,120,10,10
35897,74,79,-5,5
35898,97,107,-10,10
35899,111,111,0,0
35900,65,74,-9,9
35901,124,119,5,5
35902,80,84,-4,4
35903,93,91,2,2
35904,122,118,4,4
35905,84,95,-11,11
35906,92,97,-5,5
35907,52,79,-27,27
35908,86,96,-10,10
35909,69,80,-11,11
35910,114,108,6,6
35911,68,72,-4,4
35912,123,124,-1,1
35913,104,119,-15,15
35914,119,109,10,10
35915,123,107,16,16
35916,99,96,3,3
35917,117,126,-9,9
35918,94,100,-6,6
35919,126,121,5,5
35920,148,132,16,16
35921,112,101,11,11
35922,168,163,5,5
35923,81,83,-2,2
35924,100,99,1,1
35925,78,84,-6,6
35926,109,107,2,2
35927,120,114,6,6
35928,119,122,-3,3
35929,83,107,-24,24
35930,138,128,10,10
35931,63,73,-10,10
35932,63,65,-2,2
35933,88,85,3,3
35934,50,58,-8,8
35935,171,156,15,15
35936,111,98,13,13
35937,154,149,5,5
35938,131,116,15,15
35939,110,102,8,8
35940,74,80,-6,6
35941,116,121,-5,5
35942,112,110,2,2
35943,89,93,-4,4
35944,109,112,-3,3
35945,68,74,-6,6
35946,77,82,-5,5
35947,69,73,-4,4
35948,54,71,-17,17
35949,74,78,-4,4
35950,140,133,7,7
35951,92,86,6,6
35952,47,62,-15,15
35953,49,66,-17,17
35954,72,78,-6,6
35955,79,86,-7,7
35956,45,63,-18,18
35957,53,66,-13,13
35958,114,118,-4,4
35959,64,74,-10,10
35960,63,65,-2,2
35961,113,102,11,11
35962,103,98,5,5
35963,109,103,6,6
35964,94,95,-1,1
35965,65,70,-5,5
35966,94,91,3,3
35967,142,138,4,4
35968,38,53,-15,15
35969,91,101,-10,10
35970,86,86,0,0
35971,150,138,12,12
35972,66,73,-7,7
35973,68,72,-4,4
35974,62,66,-4,4
35975,53,60,-7,7
35976,53,63,-10,10
35977,117,114,3,3
35978,89,94,-5,5
35979,96,87,9,9
35980,109,109,0,0
35981,100,99,1,1
35982,132,120,12,12
35983,125,122,3,3
35984,47,55,-8,8
35985,76,97,-21,21
35986,80,84,-4,4
35987,108,125,-17,17
35988,72,79,-7,7
35989,79,82,-3,3
35990,103,101,2,2
35991,93,94,-1,1
35992,90,86,4,4
35993,76,80,-4,4
35994,88,89,-1,1
35995,70,76,-6,6
35996,162,136,26,26
35997,86,83,3,3
35998,62,71,-9,9
35999,78,82,-4,4
36000,51,57,-6,6
36001,131,114,17,17
36002,81,81,0,0
36003,100,103,-3,3
36004,107,106,1,1
36005,71,79,-8,8
36006,99,96,3,3
36007,128,118,10,10
36008,102,105,-3,3
36009,111,119,-8,8
36010,114,115,-1,1
36011,145,133,12,12
36012,123,109,14,14
36013,64,71,-7,7
36014,138,133,5,5
36015,120,123,-3,3
36016,96,96,0,0
36017,143,135,8,8
36018,79,81,-2,2
36019,139,141,-2,2
36020,124,116,8,8
36021,76,86,-10,10
36022,67,75,-8,8
36023,65,82,-17,17
36024,62,72,-10,10
36025,184,170,14,14
36026,102,102,0,0
36027,60,70,-10,10
36028,79,90,-11,11
36029,63,71,-8,8
36030,70,66,4,4
36031,91,99,-8,8
36032,68,77,-9,9
36033,86,93,-7,7
36034,97,106,-9,9
36035,78,89,-11,11
36036,110,94,16,16
36037,94,88,6,6
36038,68,86,-18,18
36039,150,136,14,14
36040,81,83,-2,2
36041,58,68,-10,10
36042,48,58,-10,10
36043,76,79,-3,3
36044,102,96,6,6
36045,74,81,-7,7
36046,60,71,-11,11
36047,75,87,-12,12
36048,92,92,0,0
36049,62,71,-9,9
36050,91,97,-6,6
36051,93,93,0,0
36052,146,142,4,4
36053,94,92,2,2
36054,88,91,-3,3
36055,124,121,3,3
36056,92,95,-3,3
36057,87,113,-26,26
36058,113,120,-7,7
36059,99,97,2,2
36060,90,91,-1,1
36061,95,91,4,4
36062,61,70,-9,9
36063,139,127,12,12
36064,106,117,-11,11
36065,42,57,-15,15
36066,95,96,-1,1
36067,121,123,-2,2
36068,130,136,-6,6
36069,121,123,-2,2
36070,74,80,-6,6
36071,84,87,-3,3
36072,70,74,-4,4
36073,73,80,-7,7
36074,116,107,9,9
36075,120,113,7,7
36076,151,139,12,12
36077,80,87,-7,7
36078,90,95,-5,5
36079,68,79,-11,11
36080,102,99,3,3
36081,180,166,14,14
36082,44,84,-40,40
36083,170,157,13,13
36084,99,91,8,8
36085,130,121,9,9
36086,78,104,-26,26
36087,107,102,5,5
36088,93,101,-8,8
36089,146,138,8,8
36090,97,95,2,2
36091,107,99,8,8
36092,116,108,8,8
36093,81,94,-13,13
36094,84,83,1,1
36095,88,99,-11,11
36096,77,72,5,5
36097,65,73,-8,8
36098,158,143,15,15
36099,76,86,-10,10
36100,56,63,-7,7
36101,119,120,-1,1
36102,82,82,0,0
36103,52,67,-15,15
36104,44,61,-17,17
36105,122,109,13,13
36106,92,96,-4,4
36107,87,90,-3,3
36108,152,148,4,4
36109,97,98,-1,1
36110,127,118,9,9
36111,61,71,-10,10
36112,58,70,-12,12
36113,94,96,-2,2
36114,123,120,3,3
36115,141,121,20,20
36116,61,74,-13,13
36117,151,164,-13,13
36118,117,116,1,1
36119,88,91,-3,3
36120,71,73,-2,2
36121,131,131,0,0
36122,98,95,3,3
36123,54,65,-11,11
36124,133,121,12,12
36125,68,70,-2,2
36126,49,66,-17,17
36127,106,101,5,5
36128,144,134,10,10
36129,105,106,-1,1
36130,59,61,-2,2
36131,65,74,-9,9
36132,136,124,12,12
36133,58,65,-7,7
36134,49,58,-9,9
36135,47,59,-12,12
36136,87,91,-4,4
36137,81,91,-10,10
36138,110,99,11,11
36139,119,115,4,4
36140,114,109,5,5
36141,77,77,0,0
36142,114,112,2,2
36143,112,107,5,5
36144,86,109,-23,23
36145,91,96,-5,5
36146,136,121,15,15
36147,52,58,-6,6
36148,85,91,-6,6
36149,97,95,2,2
36150,151,139,12,12
36151,118,108,10,10
36152,156,133,23,23
36153,61,61,0,0
36154,107,103,4,4
36155,173,163,10,10
36156,86,93,-7,7
36157,74,84,-10,10
36158,90,89,1,1
36159,61,71,-10,10
36160,112,116,-4,4
36161,114,108,6,6
36162,86,92,-6,6
36163,115,117,-2,2
36164,128,123,5,5
36165,62,72,-10,10
36166,81,89,-8,8
36167,102,102,0,0
36168,104,104,0,0
36169,70,82,-12,12
36170,85,86,-1,1
36171,59,69,-10,10
36172,112,102,10,10
36173,141,143,-2,2
36174,103,103,0,0
36175,89,92,-3,3
36176,83,83,0,0
36177,54,62,-8,8
36178,70,80,-10,10
36179,75,82,-7,7
36180,124,119,5,5
36181,64,69,-5,5
36182,137,125,12,12
36183,112,122,-10,10
36184,60,78,-18,18
36185,103,107,-4,4
36186,76,76,0,0
36187,100,90,10,10
36188,68,78,-10,10
36189,72,85,-13,13
36190,52,65,-13,13
36191,91,94,-3,3
36192,57,65,-8,8
36193,71,66,5,5
36194,99,102,-3,3
36195,117,128,-11,11
36196,179,162,17,17
36197,109,105,4,4
36198,33,40,-7,7
36199,101,100,1,1
36200,105,100,5,5
36201,88,90,-2,2
36202,152,151,1,1
36203,88,84,4,4
36204,140,127,13,13
36205,123,106,17,17
36206,129,120,9,9
36207,57,65,-8,8
36208,53,61,-8,8
36209,65,75,-10,10
36210,72,76,-4,4
36211,127,136,-9,9
36212,62,76,-14,14
36213,47,60,-13,13
36214,101,102,-1,1
36215,58,59,-1,1
36216,90,95,-5,5
36217,71,76,-5,5
36218,148,132,16,16
36219,131,120,11,11
36220,173,165,8,8
36221,140,124,16,16
36222,88,91,-3,3
36223,105,109,-4,4
36224,129,119,10,10
36225,105,100,5,5
36226,113,122,-9,9
36227,83,93,-10,10
36228,58,65,-7,7
36229,59,68,-9,9
36230,110,93,17,17
36231,106,107,-1,1
36232,95,97,-2,2
36233,101,89,12,12
36234,56,69,-13,13
36235,134,132,2,2
36236,118,114,4,4
36237,114,103,11,11
36238,70,77,-7,7
36239,68,79,-11,11
36240,66,79,-13,13
36241,92,88,4,4
36242,113,114,-1,1
36243,108,102,6,6
36244,91,97,-6,6
36245,146,142,4,4
36246,114,109,5,5
36247,103,104,-1,1
36248,108,130,-22,22
36249,60,68,-8,8
36250,62,72,-10,10
36251,102,102,0,0
36252,110,115,-5,5
36253,194,163,31,31
36254,53,66,-13,13
36255,102,100,2,2
36256,175,152,23,23
36257,66,70,-4,4
36258,108,103,5,5
36259,112,105,7,7
36260,154,138,16,16
36261,121,122,-1,1
36262,66,70,-4,4
36263,84,86,-2,2
36264,72,77,-5,5
36265,97,93,4,4
36266,125,119,6,6
36267,53,61,-8,8
36268,56,67,-11,11
36269,139,140,-1,1
36270,76,88,-12,12
36271,98,95,3,3
36272,64,72,-8,8
36273,102,101,1,1
36274,63,76,-13,13
36275,125,121,4,4
36276,133,112,21,21
36277,61,69,-8,8
36278,57,67,-10,10
36279,87,85,2,2
36280,65,77,-12,12
36281,45,59,-14,14
36282,105,110,-5,5
36283,123,112,11,11
36284,96,90,6,6
36285,146,143,3,3
36286,65,76,-11,11
36287,93,89,4,4
36288,67,74,-7,7
36289,112,94,18,18
36290,128,119,9,9
36291,78,83,-5,5
36292,73,76,-3,3
36293,89,88,1,1
36294,62,68,-6,6
36295,127,129,-2,2
36296,126,115,11,11
36297,80,83,-3,3
36298,84,92,-8,8
36299,85,104,-19,19
36300,65,74,-9,9
36301,63,70,-7,7
36302,42,58,-16,16
36303,84,84,0,0
36304,73,77,-4,4
36305,50,57,-7,7
36306,107,125,-18,18
36307,108,102,6,6
36308,65,74,-9,9
36309,150,123,27,27
36310,101,99,2,2
36311,51,57,-6,6
36312,74,75,-1,1
36313,79,82,-3,3
36314,117,104,13,13
36315,71,86,-15,15
36316,70,81,-11,11
36317,75,79,-4,4
36318,38,59,-21,21
36319,104,108,-4,4
36320,97,96,1,1
36321,117,110,7,7
36322,78,77,1,1
36323,58,76,-18,18
36324,133,128,5,5
36325,51,61,-10,10
36326,117,118,-1,1
36327,82,80,2,2
36328,155,144,11,11
36329,102,108,-6,6
36330,137,130,7,7
36331,85,84,1,1
36332,132,128,4,4
36333,35,50,-15,15
36334,72,74,-2,2
36335,119,120,-1,1
36336,90,89,1,1
36337,69,76,-7,7
36338,76,85,-9,9
36339,85,90,-5,5
36340,114,105,9,9
36341,84,107,-23,23
36342,78,84,-6,6
36343,55,66,-11,11
36344,102,105,-3,3
36345,163,138,25,25
36346,69,76,-7,7
36347,126,121,5,5
36348,43,50,-7,7
36349,61,65,-4,4
36350,54,64,-10,10
36351,109,104,5,5
36352,102,116,-14,14
36353,80,86,-6,6
36354,206,177,29,29
36355,51,60,-9,9
36356,89,82,7,7
36357,72,82,-10,10
36358,127,123,4,4
36359,76,83,-7,7
36360,107,104,3,3
36361,71,74,-3,3
36362,66,71,-5,5
36363,76,78,-2,2
36364,184,160,24,24
36365,129,126,3,3
36366,55,66,-11,11
36367,110,111,-1,1
36368,75,83,-8,8
36369,61,71,-10,10
36370,136,125,11,11
36371,103,96,7,7
36372,115,120,-5,5
36373,55,65,-10,10
36374,113,106,7,7
36375,89,85,4,4
36376,121,108,13,13
36377,80,95,-15,15
36378,141,129,12,12
36379,150,159,-9,9
36380,90,88,2,2
36381,73,80,-7,7
36382,137,152,-15,15
36383,107,97,10,10
36384,86,88,-2,2
36385,112,111,1,1
36386,46,65,-19,19
36387,72,79,-7,7
36388,99,101,-2,2
36389,63,73,-10,10
36390,126,104,22,22
36391,64,67,-3,3
36392,90,101,-11,11
36393,59,71,-12,12
36394,66,66,0,0
36395,114,98,16,16
36396,102,99,3,3
36397,77,80,-3,3
36398,90,82,8,8
36399,68,74,-6,6
36400,78,77,1,1
36401,71,77,-6,6
36402,49,61,-12,12
36403,83,85,-2,2
36404,112,120,-8,8
36405,102,107,-5,5
36406,134,110,24,24
36407,57,67,-10,10
36408,71,78,-7,7
36409,163,157,6,6
36410,130,120,10,10
36411,123,128,-5,5
36412,117,116,1,1
36413,78,81,-3,3
36414,39,56,-17,17
36415,49,61,-12,12
36416,57,66,-9,9
36417,51,67,-16,16
36418,123,111,12,12
36419,92,95,-3,3
36420,93,99,-6,6
36421,77,82,-5,5
36422,197,153,44,44
36423,112,115,-3,3
36424,63,76,-13,13
36425,83,91,-8,8
36426,68,88,-20,20
36427,105,101,4,4
36428,62,75,-13,13
36429,71,73,-2,2
36430,91,91,0,0
36431,85,83,2,2
36432,197,188,9,9
36433,124,113,11,11
36434,119,114,5,5
36435,130,134,-4,4
36436,81,81,0,0
36437,92,93,-1,1
36438,71,77,-6,6
36439,67,72,-5,5
36440,99,95,4,4
36441,94,97,-3,3
36442,114,119,-5,5
36443,167,150,17,17
36444,120,108,12,12
36445,125,111,14,14
36446,70,70,0,0
36447,114,106,8,8
36448,95,94,1,1
36449,46,61,-15,15
36450,101,105,-4,4
36451,61,67,-6,6
36452,90,98,-8,8
36453,67,133,-66,66
36454,157,139,18,18
36455,79,81,-2,2
36456,105,104,1,1
36457,112,99,13,13
36458,89,95,-6,6
36459,105,103,2,2
36460,124,114,10,10
36461,65,70,-5,5
36462,73,77,-4,4
36463,66,75,-9,9
36464,61,73,-12,12
36465,125,135,-10,10
36466,122,126,-4,4
36467,76,78,-2,2
36468,90,97,-7,7
36469,176,148,28,28
36470,62,75,-13,13
36471,139,133,6,6
36472,43,53,-10,10
36473,67,78,-11,11
36474,50,63,-13,13
36475,66,73,-7,7
36476,59,71,-12,12
36477,81,80,1,1
36478,83,80,3,3
36479,92,91,1,1
36480,76,86,-10,10
36481,62,67,-5,5
36482,64,82,-18,18
36483,92,101,-9,9
36484,123,119,4,4
36485,84,79,5,5
36486,88,93,-5,5
36487,58,69,-11,11
36488,87,90,-3,3
36489,73,78,-5,5
36490,44,64,-20,20
36491,123,118,5,5
36492,76,75,1,1
36493,82,92,-10,10
36494,84,88,-4,4
36495,69,76,-7,7
36496,80,91,-11,11
36497,104,103,1,1
36498,81,86,-5,5
36499,79,90,-11,11
36500,90,104,-14,14
36501,105,102,3,3
36502,140,132,8,8
36503,85,89,-4,4
36504,96,95,1,1
36505,102,100,2,2
36506,81,80,1,1
36507,117,107,10,10
36508,68,71,-3,3
36509,79,83,-4,4
36510,143,129,14,14
36511,66,66,0,0
36512,52,62,-10,10
36513,109,98,11,11
36514,40,61,-21,21
36515,140,126,14,14
36516,115,109,6,6
36517,74,89,-15,15
36518,61,72,-11,11
36519,66,74,-8,8
36520,92,84,8,8
36521,48,78,-30,30
36522,116,112,4,4
36523,141,127,14,14
36524,113,105,8,8
36525,89,85,4,4
36526,139,122,17,17
36527,134,129,5,5
36528,152,143,9,9
36529,88,91,-3,3
36530,93,95,-2,2
36531,161,147,14,14
36532,90,95,-5,5
36533,68,73,-5,5
36534,148,132,16,16
36535,82,85,-3,3
36536,96,95,1,1
36537,171,165,6,6
36538,96,105,-9,9
36539,66,75,-9,9
36540,113,106,7,7
36541,78,86,-8,8
36542,82,84,-2,2
36543,61,69,-8,8
36544,82,83,-1,1
36545,99,107,-8,8
36546,225,178,47,47
36547,81,82,-1,1
36548,62,66,-4,4
36549,66,75,-9,9
36550,44,58,-14,14
36551,74,89,-15,15
36552,83,82,1,1
36553,109,106,3,3
36554,51,68,-17,17
36555,121,115,6,6
36556,83,79,4,4
36557,81,93,-12,12
36558,53,65,-12,12
36559,73,86,-13,13
36560,109,101,8,8
36561,151,144,7,7
36562,115,113,2,2
36563,122,112,10,10
36564,116,117,-1,1
36565,107,99,8,8
36566,109,102,7,7
36567,72,77,-5,5
36568,43,53,-10,10
36569,78,79,-1,1
36570,127,117,10,10
36571,50,62,-12,12
36572,96,95,1,1
36573,53,65,-12,12
36574,37,53,-16,16
36575,94,88,6,6
36576,56,71,-15,15
36577,27,44,-17,17
36578,38,58,-20,20
36579,109,110,-1,1
36580,109,108,1,1
36581,70,80,-10,10
36582,60,72,-12,12
36583,82,94,-12,12
36584,67,73,-6,6
36585,67,75,-8,8
36586,78,77,1,1
36587,62,77,-15,15
36588,49,64,-15,15
36589,109,100,9,9
36590,88,94,-6,6
36591,81,95,-14,14
36592,82,91,-9,9
36593,90,91,-1,1
36594,79,83,-4,4
36595,97,92,5,5
36596,75,84,-9,9
36597,104,97,7,7
36598,84,92,-8,8
36599,146,136,10,10
36600,62,70,-8,8
36601,104,110,-6,6
36602,106,107,-1,1
36603,92,96,-4,4
36604,92,93,-1,1
36605,92,97,-5,5
36606,71,79,-8,8
36607,91,95,-4,4
36608,87,88,-1,1
36609,79,96,-17,17
36610,86,100,-14,14
36611,128,115,13,13
36612,186,172,14,14
36613,138,124,14,14
36614,89,84,5,5
36615,168,151,17,17
36616,46,59,-13,13
36617,93,92,1,1
36618,72,81,-9,9
36619,110,103,7,7
36620,99,90,9,9
36621,51,59,-8,8
36622,93,96,-3,3
36623,99,98,1,1
36624,126,120,6,6
36625,64,74,-10,10
36626,209,184,25,25
36627,102,101,1,1
36628,98,102,-4,4
36629,79,76,3,3
36630,85,94,-9,9
36631,64,71,-7,7
36632,83,85,-2,2
36633,121,101,20,20
36634,111,105,6,6
36635,72,77,-5,5
36636,97,94,3,3
36637,96,89,7,7
36638,64,73,-9,9
36639,128,121,7,7
36640,34,48,-14,14
36641,124,101,23,23
36642,84,82,2,2
36643,132,124,8,8
36644,55,65,-10,10
36645,118,114,4,4
36646,47,60,-13,13
36647,74,75,-1,1
36648,75,77,-2,2
36649,93,96,-3,3
36650,171,141,30,30
36651,81,87,-6,6
36652,62,72,-10,10
36653,81,82,-1,1
36654,83,81,2,2
36655,65,70,-5,5
36656,61,71,-10,10
36657,83,91,-8,8
36658,102,101,1,1
36659,78,81,-3,3
36660,85,86,-1,1
36661,122,115,7,7
36662,60,68,-8,8
36663,151,149,2,2
36664,72,80,-8,8
36665,93,95,-2,2
36666,99,97,2,2
36667,95,101,-6,6
36668,105,102,3,3
36669,83,75,8,8
36670,128,128,0,0
36671,76,107,-31,31
36672,114,104,10,10
36673,125,126,-1,1
36674,88,87,1,1
36675,117,120,-3,3
36676,54,62,-8,8
36677,102,101,1,1
36678,60,63,-3,3
36679,47,72,-25,25
36680,76,78,-2,2
36681,53,65,-12,12
36682,83,91,-8,8
36683,148,148,0,0
36684,101,97,4,4
36685,126,119,7,7
36686,124,185,-61,61
36687,114,113,1,1
36688,74,84,-10,10
36689,83,95,-12,12
36690,109,101,8,8
36691,89,99,-10,10
36692,76,82,-6,6
36693,53,67,-14,14
36694,78,82,-4,4
36695,60,70,-10,10
36696,136,126,10,10
36697,42,65,-23,23
36698,126,117,9,9
36699,99,107,-8,8
36700,96,99,-3,3
36701,45,57,-12,12
36702,77,77,0,0
36703,167,143,24,24
36704,102,127,-25,25
36705,92,98,-6,6
36706,61,67,-6,6
36707,138,126,12,12
36708,117,124,-7,7
36709,127,119,8,8
36710,92,82,10,10
36711,83,89,-6,6
36712,69,75,-6,6
36713,189,165,24,24
36714,89,85,4,4
36715,154,144,10,10
36716,78,86,-8,8
36717,92,94,-2,2
36718,151,150,1,1
36719,138,141,-3,3
36720,73,77,-4,4
36721,152,143,9,9
36722,122,119,3,3
36723,71,71,0,0
36724,118,115,3,3
36725,93,87,6,6
36726,104,103,1,1
36727,85,82,3,3
36728,91,91,0,0
36729,50,61,-11,11
36730,102,92,10,10
36731,120,118,2,2
36732,111,103,8,8
36733,71,80,-9,9
36734,57,61,-4,4
36735,161,121,40,40
36736,53,59,-6,6
36737,122,133,-11,11
36738,125,122,3,3
36739,83,84,-1,1
36740,74,85,-11,11
36741,78,81,-3,3
36742,51,62,-11,11
36743,167,137,30,30
36744,78,83,-5,5
36745,207,184,23,23
36746,120,118,2,2
36747,142,138,4,4
36748,71,85,-14,14
36749,144,121,23,23
36750,55,62,-7,7
36751,75,73,2,2
36752,113,120,-7,7
36753,100,109,-9,9
36754,56,67,-11,11
36755,137,120,17,17
36756,92,95,-3,3
36757,142,129,13,13
36758,114,112,2,2
36759,47,61,-14,14
36760,61,67,-6,6
36761,130,119,11,11
36762,68,77,-9,9
36763,72,91,-19,19
36764,39,51,-12,12
36765,116,120,-4,4
36766,135,124,11,11
36767,121,114,7,7
36768,126,119,7,7
36769,115,123,-8,8
36770,92,93,-1,1
36771,137,121,16,16
36772,67,73,-6,6
36773,58,62,-4,4
36774,74,82,-8,8
36775,66,63,3,3
36776,70,71,-1,1
36777,89,109,-20,20
36778,85,96,-11,11
36779,77,82,-5,5
36780,54,65,-11,11
36781,103,105,-2,2
36782,45,62,-17,17
36783,35,57,-22,22
36784,84,112,-28,28
36785,61,79,-18,18
36786,114,106,8,8
36787,47,62,-15,15
36788,86,87,-1,1
36789,92,97,-5,5
36790,61,64,-3,3
36791,96,96,0,0
36792,48,59,-11,11
36793,115,123,-8,8
36794,209,182,27,27
36795,89,93,-4,4
36796,63,65,-2,2
36797,68,75,-7,7
36798,88,97,-9,9
36799,63,79,-16,16
36800,121,125,-4,4
36801,146,155,-9,9
36802,64,68,-4,4
36803,75,80,-5,5
36804,118,126,-8,8
36805,121,122,-1,1
36806,87,85,2,2
36807,80,84,-4,4
36808,80,87,-7,7
36809,107,98,9,9
36810,137,125,12,12
36811,96,90,6,6
36812,74,77,-3,3
36813,90,85,5,5
36814,70,72,-2,2
36815,45,59,-14,14
36816,63,66,-3,3
36817,122,115,7,7
36818,80,80,0,0
36819,91,94,-3,3
36820,241,209,32,32
36821,49,59,-10,10
36822,115,121,-6,6
36823,136,107,29,29
36824,87,81,6,6
36825,90,104,-14,14
36826,86,82,4,4
36827,126,119,7,7
36828,63,82,-19,19
36829,68,73,-5,5
36830,83,79,4,4
36831,101,100,1,1
36832,82,110,-28,28
36833,105,110,-5,5
36834,141,139,2,2
36835,67,76,-9,9
36836,29,46,-17,17
36837,96,102,-6,6
36838,69,72,-3,3
36839,62,72,-10,10
36840,68,78,-10,10
36841,96,88,8,8
36842,122,124,-2,2
36843,109,113,-4,4
36844,83,83,0,0
36845,127,119,8,8
36846,115,125,-10,10
36847,95,94,1,1
36848,64,69,-5,5
36849,80,84,-4,4
36850,285,269,16,16
36851,88,90,-2,2
36852,154,120,34,34
36853,163,148,15,15
36854,68,110,-42,42
36855,72,84,-12,12
36856,184,172,12,12
36857,87,85,2,2
36858,58,69,-11,11
36859,110,117,-7,7
36860,62,75,-13,13
36861,53,59,-6,6
36862,158,156,2,2
36863,87,103,-16,16
36864,70,83,-13,13
36865,72,78,-6,6
36866,141,120,21,21
36867,94,92,2,2
36868,48,65,-17,17
36869,56,64,-8,8
36870,169,151,18,18
36871,81,104,-23,23
36872,71,77,-6,6
36873,97,89,8,8
36874,73,80,-7,7
36875,90,95,-5,5
36876,122,117,5,5
36877,68,69,-1,1
36878,128,119,9,9
36879,68,76,-8,8
36880,128,126,2,2
36881,80,86,-6,6
36882,76,74,2,2
36883,131,137,-6,6
36884,96,100,-4,4
36885,118,124,-6,6
36886,112,103,9,9
36887,174,157,17,17
36888,44,52,-8,8
36889,92,97,-5,5
36890,66,72,-6,6
36891,90,96,-6,6
36892,144,135,9,9
36893,110,102,8,8
36894,164,141,23,23
36895,85,83,2,2
36896,87,99,-12,12
36897,126,141,-15,15
36898,70,76,-6,6
36899,111,111,0,0
36900,56,64,-8,8
36901,50,62,-12,12
36902,93,96,-3,3
36903,66,75,-9,9
36904,77,80,-3,3
36905,59,66,-7,7
36906,95,100,-5,5
36907,79,81,-2,2
36908,84,87,-3,3
36909,81,84,-3,3
36910,118,103,15,15
36911,62,67,-5,5
36912,113,112,1,1
36913,89,81,8,8
36914,109,101,8,8
36915,157,144,13,13
36916,144,154,-10,10
36917,113,103,10,10
36918,136,120,16,16
36919,55,56,-1,1
36920,100,124,-24,24
36921,127,115,12,12
36922,137,131,6,6
36923,77,78,-1,1
36924,75,79,-4,4
36925,96,100,-4,4
36926,183,166,17,17
36927,100,97,3,3
36928,66,68,-2,2
36929,87,93,-6,6
36930,76,83,-7,7
36931,79,98,-19,19
36932,84,87,-3,3
36933,101,97,4,4
36934,110,112,-2,2
36935,97,98,-1,1
36936,55,65,-10,10
36937,94,89,5,5
36938,65,75,-10,10
36939,78,80,-2,2
36940,69,76,-7,7
36941,171,157,14,14
36942,78,82,-4,4
36943,58,67,-9,9
36944,79,82,-3,3
36945,90,86,4,4
36946,43,53,-10,10
36947,80,99,-19,19
36948,121,128,-7,7
36949,186,162,24,24
36950,87,89,-2,2
36951,25,30,-5,5
36952,77,87,-10,10
36953,111,109,2,2
36954,60,65,-5,5
36955,70,79,-9,9
36956,145,129,16,16
36957,83,84,-1,1
36958,87,81,6,6
36959,79,82,-3,3
36960,110,107,3,3
36961,70,72,-2,2
36962,157,144,13,13
36963,95,96,-1,1
36964,62,73,-11,11
36965,83,87,-4,4
36966,64,69,-5,5
36967,240,218,22,22
36968,77,84,-7,7
36969,171,150,21,21
36970,111,111,0,0
36971,98,92,6,6
36972,60,67,-7,7
36973,94,95,-1,1
36974,117,107,10,10
36975,113,113,0,0
36976,149,154,-5,5
36977,84,87,-3,3
36978,50,64,-14,14
36979,109,119,-10,10
36980,77,93,-16,16
36981,125,119,6,6
36982,74,88,-14,14
36983,80,85,-5,5
36984,70,77,-7,7
36985,79,83,-4,4
36986,125,107,18,18
36987,102,89,13,13
36988,72,76,-4,4
36989,99,102,-3,3
36990,73,86,-13,13
36991,104,96,8,8
36992,99,96,3,3
36993,97,92,5,5
36994,135,131,4,4
36995,80,90,-10,10
36996,146,141,5,5
36997,59,71,-12,12
36998,95,97,-2,2
36999,159,135,24,24
37000,73,72,1,1
37001,94,96,-2,2
37002,159,130,29,29
37003,178,154,24,24
37004,58,65,-7,7
37005,88,87,1,1
37006,88,96,-8,8
37007,81,91,-10,10
37008,79,79,0,0
37009,54,63,-9,9
37010,88,88,0,0
37011,75,75,0,0
37012,101,93,8,8
37013,89,86,3,3
37014,51,64,-13,13
37015,121,118,3,3
37016,110,112,-2,2
37017,99,92,7,7
37018,63,73,-10,10
37019,113,114,-1,1
37020,137,135,2,2
37021,114,120,-6,6
37022,87,87,0,0
37023,176,142,34,34
37024,136,126,10,10
37025,104,101,3,3
37026,131,47,84,84
37027,100,110,-10,10
37028,110,113,-3,3
37029,54,60,-6,6
37030,99,100,-1,1
37031,55,67,-12,12
37032,141,125,16,16
37033,142,134,8,8
37034,125,108,17,17
37035,114,120,-6,6
37036,121,120,1,1
37037,138,124,14,14
37038,66,80,-14,14
37039,108,103,5,5
37040,137,127,10,10
37041,57,64,-7,7
37042,97,100,-3,3
37043,114,104,10,10
37044,124,144,-20,20
37045,66,75,-9,9
37046,51,60,-9,9
37047,162,145,17,17
37048,161,149,12,12
37049,116,110,6,6
37050,111,112,-1,1
37051,143,137,6,6
37052,41,60,-19,19
37053,97,90,7,7
37054,49,61,-12,12
37055,156,141,15,15
37056,48,58,-10,10
37057,82,81,1,1
37058,58,64,-6,6
37059,81,82,-1,1
37060,81,83,-2,2
37061,68,75,-7,7
37062,120,120,0,0
37063,28,46,-18,18
37064,84,97,-13,13
37065,96,99,-3,3
37066,79,83,-4,4
37067,446,340,106,106
37068,132,129,3,3
37069,131,122,9,9
37070,60,78,-18,18
37071,78,78,0,0
37072,113,110,3,3
37073,67,73,-6,6
37074,83,84,-1,1
37075,77,75,2,2
37076,82,85,-3,3
37077,60,69,-9,9
37078,112,108,4,4
37079,124,116,8,8
37080,150,129,21,21
37081,87,90,-3,3
37082,129,119,10,10
37083,151,139,12,12
37084,36,53,-17,17
37085,100,101,-1,1
37086,57,104,-47,47
37087,108,114,-6,6
37088,78,87,-9,9
37089,72,72,0,0
37090,69,84,-15,15
37091,108,109,-1,1
37092,87,86,1,1
37093,51,71,-20,20
37094,48,59,-11,11
37095,98,111,-13,13
37096,31,60,-29,29
37097,140,118,22,22
37098,74,77,-3,3
37099,95,102,-7,7
37100,87,86,1,1
37101,120,119,1,1
37102,83,80,3,3
37103,81,96,-15,15
37104,75,80,-5,5
37105,87,92,-5,5
37106,145,137,8,8
37107,98,93,5,5
37108,52,57,-5,5
37109,83,85,-2,2
37110,55,78,-23,23
37111,110,115,-5,5
37112,125,128,-3,3
37113,87,83,4,4
37114,101,101,0,0
37115,81,77,4,4
37116,143,136,7,7
37117,218,187,31,31
37118,79,78,1,1
37119,97,92,5,5
37120,58,68,-10,10
37121,116,120,-4,4
37122,76,74,2,2
37123,94,97,-3,3
37124,79,93,-14,14
37125,60,66,-6,6
37126,103,109,-6,6
37127,51,60,-9,9
37128,113,106,7,7
37129,83,101,-18,18
37130,121,120,1,1
37131,87,79,8,8
37132,152,141,11,11
37133,97,94,3,3
37134,169,157,12,12
37135,73,90,-17,17
37136,141,143,-2,2
37137,88,83,5,5
37138,75,161,-86,86
37139,78,80,-2,2
37140,114,106,8,8
37141,95,86,9,9
37142,100,109,-9,9
37143,94,96,-2,2
37144,62,74,-12,12
37145,75,100,-25,25
37146,91,95,-4,4
37147,155,129,26,26
37148,82,81,1,1
37149,120,118,2,2
37150,154,136,18,18
37151,45,57,-12,12
37152,69,75,-6,6
37153,70,79,-9,9
37154,129,126,3,3
37155,83,82,1,1
37156,102,96,6,6
37157,34,51,-17,17
37158,84,83,1,1
37159,93,92,1,1
37160,173,151,22,22
37161,81,90,-9,9
37162,112,121,-9,9
37163,141,131,10,10
37164,117,111,6,6
37165,87,96,-9,9
37166,89,103,-14,14
37167,138,137,1,1
37168,77,85,-8,8
37169,71,81,-10,10
37170,108,112,-4,4
37171,84,85,-1,1
37172,90,101,-11,11
37173,156,143,13,13
37174,90,95,-5,5
37175,91,93,-2,2
37176,64,69,-5,5
37177,66,74,-8,8
37178,59,62,-3,3
37179,124,114,10,10
37180,49,56,-7,7
37181,108,109,-1,1
37182,83,86,-3,3
37183,115,101,14,14
37184,59,70,-11,11
37185,51,74,-23,23
37186,90,89,1,1
37187,77,92,-15,15
37188,59,63,-4,4
37189,100,99,1,1
37190,138,126,12,12
37191,237,196,41,41
37192,71,77,-6,6
37193,51,60,-9,9
37194,160,157,3,3
37195,162,129,33,33
37196,121,119,2,2
37197,122,113,9,9
37198,64,69,-5,5
37199,78,79,-1,1
37200,107,129,-22,22
37201,102,106,-4,4
37202,74,85,-11,11
37203,90,100,-10,10
37204,65,67,-2,2
37205,85,92,-7,7
37206,88,92,-4,4
37207,95,97,-2,2
37208,92,95,-3,3
37209,148,126,22,22
37210,89,92,-3,3
37211,63,71,-8,8
37212,98,91,7,7
37213,74,78,-4,4
37214,69,76,-7,7
37215,58,69,-11,11
37216,148,130,18,18
37217,75,83,-8,8
37218,128,122,6,6
37219,63,80,-17,17
37220,113,98,15,15
37221,88,96,-8,8
37222,68,68,0,0
37223,98,98,0,0
37224,79,86,-7,7
37225,69,78,-9,9
37226,284,239,45,45
37227,76,80,-4,4
37228,98,100,-2,2
37229,73,80,-7,7
37230,135,129,6,6
37231,71,72,-1,1
37232,85,83,2,2
37233,58,70,-12,12
37234,110,110,0,0
37235,63,70,-7,7
37236,91,96,-5,5
37237,72,81,-9,9
37238,111,129,-18,18
37239,75,76,-1,1
37240,127,123,4,4
37241,157,138,19,19
37242,136,134,2,2
37243,66,71,-5,5
37244,53,64,-11,11
37245,76,83,-7,7
37246,76,76,0,0
37247,123,128,-5,5
37248,90,94,-4,4
37249,62,72,-10,10
37250,93,111,-18,18
37251,150,132,18,18
37252,114,111,3,3
37253,99,88,11,11
37254,85,86,-1,1
37255,68,71,-3,3
37256,54,63,-9,9
37257,64,72,-8,8
37258,126,124,2,2
37259,52,63,-11,11
37260,119,112,7,7
37261,112,108,4,4
37262,257,214,43,43
37263,75,81,-6,6
37264,58,64,-6,6
37265,87,90,-3,3
37266,50,59,-9,9
37267,79,86,-7,7
37268,142,128,14,14
37269,122,123,-1,1
37270,69,78,-9,9
37271,82,82,0,0
37272,83,90,-7,7
37273,87,84,3,3
37274,132,126,6,6
37275,110,120,-10,10
37276,98,89,9,9
37277,93,94,-1,1
37278,112,119,-7,7
37279,101,94,7,7
37280,97,100,-3,3
37281,111,116,-5,5
37282,53,63,-10,10
37283,78,89,-11,11
37284,104,100,4,4
37285,86,85,1,1
37286,109,105,4,4
37287,136,123,13,13
37288,113,124,-11,11
37289,53,66,-13,13
37290,85,80,5,5
37291,142,125,17,17
37292,141,131,10,10
37293,87,91,-4,4
37294,79,81,-2,2
37295,171,149,22,22
37296,104,107,-3,3
37297,91,120,-29,29
37298,70,76,-6,6
37299,93,99,-6,6
37300,115,114,1,1
37301,49,52,-3,3
37302,115,102,13,13
37303,85,84,1,1
37304,96,99,-3,3
37305,112,108,4,4
37306,133,132,1,1
37307,114,109,5,5
37308,78,99,-21,21
37309,158,141,17,17
37310,73,75,-2,2
37311,44,57,-13,13
37312,160,152,8,8
37313,114,116,-2,2
37314,163,119,44,44
37315,113,104,9,9
37316,92,100,-8,8
37317,35,52,-17,17
37318,135,127,8,8
37319,113,109,4,4
37320,105,99,6,6
37321,79,78,1,1
37322,130,119,11,11
37323,129,126,3,3
37324,81,89,-8,8
37325,71,82,-11,11
37326,233,192,41,41
37327,79,89,-10,10
37328,88,91,-3,3
37329,121,122,-1,1
37330,132,121,11,11
37331,179,157,22,22
37332,199,177,22,22
37333,133,123,10,10
37334,127,119,8,8
37335,71,80,-9,9
37336,59,70,-11,11
37337,92,95,-3,3
37338,98,100,-2,2
37339,93,86,7,7
37340,103,86,17,17
37341,114,122,-8,8
37342,80,86,-6,6
37343,84,89,-5,5
37344,95,92,3,3
37345,141,132,9,9
37346,184,162,22,22
37347,138,115,23,23
37348,59,69,-10,10
37349,172,158,14,14
37350,146,132,14,14
37351,72,80,-8,8
37352,139,137,2,2
37353,108,105,3,3
37354,91,101,-10,10
37355,38,48,-10,10
37356,44,60,-16,16
37357,86,86,0,0
37358,68,80,-12,12
37359,68,70,-2,2
37360,100,103,-3,3
37361,135,121,14,14
37362,30,51,-21,21
37363,149,139,10,10
37364,93,95,-2,2
37365,132,133,-1,1
37366,61,67,-6,6
37367,104,107,-3,3
37368,119,116,3,3
37369,61,71,-10,10
37370,79,83,-4,4
37371,48,63,-15,15
37372,80,71,9,9
37373,145,162,-17,17
37374,65,80,-15,15
37375,68,74,-6,6
37376,68,74,-6,6
37377,78,89,-11,11
37378,65,71,-6,6
37379,98,96,2,2
37380,102,106,-4,4
37381,115,99,16,16
37382,71,74,-3,3
37383,63,75,-12,12
37384,64,79,-15,15
37385,97,97,0,0
37386,102,94,8,8
37387,101,102,-1,1
37388,34,46,-12,12
37389,70,77,-7,7
37390,53,67,-14,14
37391,92,93,-1,1
37392,83,89,-6,6
37393,101,107,-6,6
37394,76,78,-2,2
37395,76,82,-6,6
37396,111,105,6,6
37397,49,68,-19,19
37398,55,70,-15,15
37399,115,108,7,7
37400,126,121,5,5
37401,121,107,14,14
37402,145,130,15,15
37403,60,79,-19,19
37404,73,71,2,2
37405,63,72,-9,9
37406,71,75,-4,4
37407,81,86,-5,5
37408,98,99,-1,1
37409,138,134,4,4
37410,69,81,-12,12
37411,172,176,-4,4
37412,57,74,-17,17
37413,119,112,7,7
37414,65,75,-10,10
37415,54,65,-11,11
37416,86,95,-9,9
37417,116,118,-2,2
37418,145,130,15,15
37419,102,105,-3,3
37420,108,104,4,4
37421,63,70,-7,7
37422,125,118,7,7
37423,90,93,-3,3
37424,139,135,4,4
37425,94,95,-1,1
37426,86,92,-6,6
37427,44,61,-17,17
37428,89,97,-8,8
37429,82,85,-3,3
37430,114,102,12,12
37431,60,65,-5,5
37432,103,99,4,4
37433,58,64,-6,6
37434,108,115,-7,7
37435,140,140,0,0
37436,160,152,8,8
37437,54,64,-10,10
37438,106,101,5,5
37439,140,135,5,5
37440,101,100,1,1
37441,120,119,1,1
37442,118,112,6,6
37443,116,112,4,4
37444,108,107,1,1
37445,205,196,9,9
37446,192,174,18,18
37447,97,97,0,0
37448,59,68,-9,9
37449,60,72,-12,12
37450,51,61,-10,10
37451,48,57,-9,9
37452,118,111,7,7
37453,209,181,28,28
37454,64,73,-9,9
37455,76,85,-9,9
37456,130,123,7,7
37457,83,86,-3,3
37458,69,81,-12,12
37459,66,65,1,1
37460,81,91,-10,10
37461,116,129,-13,13
37462,91,98,-7,7
37463,178,166,12,12
37464,148,154,-6,6
37465,160,153,7,7
37466,116,125,-9,9
37467,87,94,-7,7
37468,93,98,-5,5
37469,71,80,-9,9
37470,121,116,5,5
37471,85,81,4,4
37472,75,83,-8,8
37473,101,100,1,1
37474,72,79,-7,7
37475,60,68,-8,8
37476,102,96,6,6
37477,111,103,8,8
37478,81,92,-11,11
37479,75,92,-17,17
37480,107,113,-6,6
37481,75,83,-8,8
37482,67,79,-12,12
37483,126,126,0,0
37484,106,108,-2,2
37485,126,122,4,4
37486,104,107,-3,3
37487,65,79,-14,14
37488,92,94,-2,2
37489,78,77,1,1
37490,127,121,6,6
37491,88,92,-4,4
37492,35,48,-13,13
37493,87,92,-5,5
37494,53,70,-17,17
37495,108,107,1,1
37496,89,91,-2,2
37497,79,82,-3,3
37498,79,90,-11,11
37499,138,119,19,19
37500,92,88,4,4
37501,84,87,-3,3
37502,65,70,-5,5
37503,74,79,-5,5
37504,147,136,11,11
37505,96,98,-2,2
37506,124,119,5,5
37507,84,93,-9,9
37508,118,116,2,2
37509,80,81,-1,1
37510,89,99,-10,10
37511,154,150,4,4
37512,96,106,-10,10
37513,73,85,-12,12
37514,218,178,40,40
37515,108,106,2,2
37516,156,145,11,11
37517,56,69,-13,13
37518,105,102,3,3
37519,103,124,-21,21
37520,98,101,-3,3
37521,161,150,11,11
37522,150,125,25,25
37523,50,62,-12,12
37524,99,97,2,2
37525,62,72,-10,10
37526,102,102,0,0
37527,86,85,1,1
37528,81,84,-3,3
37529,51,65,-14,14
37530,100,96,4,4
37531,74,77,-3,3
37532,65,66,-1,1
37533,95,96,-1,1
37534,99,98,1,1
37535,84,92,-8,8
37536,114,101,13,13
37537,99,91,8,8
37538,58,62,-4,4
37539,49,56,-7,7
37540,119,108,11,11
37541,83,89,-6,6
37542,96,101,-5,5
37543,70,80,-10,10
37544,108,105,3,3
37545,128,113,15,15
37546,75,76,-1,1
37547,72,77,-5,5
37548,88,82,6,6
37549,71,74,-3,3
37550,103,96,7,7
37551,109,101,8,8
37552,77,85,-8,8
37553,74,78,-4,4
37554,105,99,6,6
37555,56,58,-2,2
37556,95,94,1,1
37557,152,135,17,17
37558,62,68,-6,6
37559,128,121,7,7
37560,108,101,7,7
37561,58,71,-13,13
37562,144,124,20,20
37563,109,100,9,9
37564,66,70,-4,4
37565,114,114,0,0
37566,150,130,20,20
37567,98,95,3,3
37568,151,140,11,11
37569,73,76,-3,3
37570,84,87,-3,3
37571,126,122,4,4
37572,50,63,-13,13
37573,101,113,-12,12
37574,56,69,-13,13
37575,95,98,-3,3
37576,65,72,-7,7
37577,141,121,20,20
37578,94,94,0,0
37579,67,77,-10,10
37580,55,68,-13,13
37581,65,72,-7,7
37582,52,72,-20,20
37583,95,91,4,4
37584,158,144,14,14
37585,106,46,60,60
37586,101,99,2,2
37587,96,93,3,3
37588,132,132,0,0
37589,91,90,1,1
37590,80,83,-3,3
37591,209,181,28,28
37592,71,84,-13,13
37593,94,103,-9,9
37594,93,90,3,3
37595,103,106,-3,3
37596,69,81,-12,12
37597,190,180,10,10
37598,92,94,-2,2
37599,105,99,6,6
37600,69,78,-9,9
37601,54,75,-21,21
37602,59,67,-8,8
37603,82,88,-6,6
37604,84,89,-5,5
37605,30,61,-31,31
37606,150,135,15,15
37607,65,71,-6,6
37608,88,89,-1,1
37609,80,83,-3,3
37610,174,156,18,18
37611,134,152,-18,18
37612,82,82,0,0
37613,77,75,2,2
37614,65,75,-10,10
37615,49,60,-11,11
37616,95,101,-6,6
37617,67,75,-8,8
37618,69,72,-3,3
37619,125,127,-2,2
37620,124,129,-5,5
37621,81,86,-5,5
37622,93,95,-2,2
37623,148,121,27,27
37624,158,140,18,18
37625,107,104,3,3
37626,138,123,15,15
37627,106,106,0,0
37628,102,106,-4,4
37629,151,148,3,3
37630,103,108,-5,5
37631,77,79,-2,2
37632,139,130,9,9
37633,122,119,3,3
37634,86,82,4,4
37635,85,86,-1,1
37636,76,75,1,1
37637,115,104,11,11
37638,137,122,15,15
37639,113,119,-6,6
37640,155,133,22,22
37641,66,81,-15,15
37642,75,77,-2,2
37643,120,120,0,0
37644,116,101,15,15
37645,152,144,8,8
37646,56,66,-10,10
37647,205,176,29,29
37648,96,100,-4,4
37649,101,95,6,6
37650,100,99,1,1
37651,94,90,4,4
37652,130,120,10,10
37653,61,81,-20,20
37654,123,118,5,5
37655,111,120,-9,9
37656,136,138,-2,2
37657,166,144,22,22
37658,85,98,-13,13
37659,99,98,1,1
37660,58,68,-10,10
37661,98,93,5,5
37662,88,81,7,7
37663,164,139,25,25
37664,67,74,-7,7
37665,112,97,15,15
37666,105,101,4,4
37667,151,134,17,17
37668,80,78,2,2
37669,121,124,-3,3
37670,179,142,37,37
37671,151,139,12,12
37672,116,115,1,1
37673,93,93,0,0
37674,96,94,2,2
37675,112,122,-10,10
37676,45,57,-12,12
37677,100,100,0,0
37678,71,85,-14,14
37679,72,74,-2,2
37680,124,117,7,7
37681,54,61,-7,7
37682,135,126,9,9
37683,125,116,9,9
37684,125,104,21,21
37685,104,115,-11,11
37686,76,78,-2,2
37687,106,129,-23,23
37688,76,79,-3,3
37689,87,92,-5,5
37690,146,135,11,11
37691,91,86,5,5
37692,72,90,-18,18
37693,149,143,6,6
37694,82,85,-3,3
37695,157,136,21,21
37696,138,122,16,16
37697,122,119,3,3
37698,105,105,0,0
37699,88,86,2,2
37700,157,163,-6,6
37701,108,98,10,10
37702,94,92,2,2
37703,102,106,-4,4
37704,51,71,-20,20
37705,84,89,-5,5
37706,67,87,-20,20
37707,128,118,10,10
37708,130,125,5,5
37709,165,148,17,17
37710,100,116,-16,16
37711,121,127,-6,6
37712,74,83,-9,9
37713,58,64,-6,6
37714,88,100,-12,12
37715,105,110,-5,5
37716,116,112,4,4
37717,103,96,7,7
37718,101,101,0,0
37719,108,116,-8,8
37720,75,92,-17,17
37721,106,108,-2,2
37722,69,78,-9,9
37723,87,90,-3,3
37724,68,82,-14,14
37725,51,62,-11,11
37726,61,70,-9,9
37727,110,108,2,2
37728,104,101,3,3
37729,70,74,-4,4
37730,47,62,-15,15
37731,69,84,-15,15
37732,48,66,-18,18
37733,92,93,-1,1
37734,116,114,2,2
37735,94,99,-5,5
37736,79,85,-6,6
37737,116,127,-11,11
37738,133,133,0,0
37739,70,79,-9,9
37740,153,143,10,10
37741,41,89,-48,48
37742,73,78,-5,5
37743,109,108,1,1
37744,145,124,21,21
37745,106,108,-2,2
37746,89,87,2,2
37747,69,84,-15,15
37748,73,82,-9,9
37749,61,71,-10,10
37750,127,120,7,7
37751,104,105,-1,1
37752,103,101,2,2
37753,107,98,9,9
37754,116,117,-1,1
37755,66,79,-13,13
37756,130,122,8,8
37757,102,96,6,6
37758,102,103,-1,1
37759,72,83,-11,11
37760,98,95,3,3
37761,55,63,-8,8
37762,90,100,-10,10
37763,116,111,5,5
37764,64,76,-12,12
37765,113,105,8,8
37766,75,85,-10,10
37767,75,94,-19,19
37768,119,118,1,1
37769,81,81,0,0
37770,74,78,-4,4
37771,156,144,12,12
37772,93,96,-3,3
37773,84,87,-3,3
37774,118,136,-18,18
37775,70,75,-5,5
37776,197,183,14,14
37777,57,67,-10,10
37778,41,63,-22,22
37779,110,119,-9,9
37780,94,94,0,0
37781,121,108,13,13
37782,77,84,-7,7
37783,104,87,17,17
37784,98,95,3,3
37785,101,98,3,3
37786,65,82,-17,17
37787,140,126,14,14
37788,113,104,9,9
37789,103,91,12,12
37790,84,81,3,3
37791,75,75,0,0
37792,136,122,14,14
37793,123,119,4,4
37794,117,120,-3,3
37795,107,101,6,6
37796,64,70,-6,6
37797,61,73,-12,12
37798,216,171,45,45
37799,94,98,-4,4
37800,96,98,-2,2
37801,83,101,-18,18
37802,42,56,-14,14
37803,93,101,-8,8
37804,61,72,-11,11
37805,101,86,15,15
37806,118,113,5,5
37807,100,97,3,3
37808,107,123,-16,16
37809,98,102,-4,4
37810,64,69,-5,5
37811,215,197,18,18
37812,127,120,7,7
37813,91,89,2,2
37814,113,124,-11,11
37815,82,87,-5,5
37816,120,121,-1,1
37817,72,75,-3,3
37818,77,95,-18,18
37819,79,90,-11,11
37820,67,77,-10,10
37821,89,93,-4,4
37822,54,65,-11,11
37823,97,102,-5,5
37824,82,84,-2,2
37825,91,103,-12,12
37826,83,81,2,2
37827,54,72,-18,18
37828,116,118,-2,2
37829,80,88,-8,8
37830,75,77,-2,2
37831,187,178,9,9
37832,78,93,-15,15
37833,95,99,-4,4
37834,87,91,-4,4
37835,74,83,-9,9
37836,67,72,-5,5
37837,66,67,-1,1
37838,78,78,0,0
37839,107,102,5,5
37840,59,63,-4,4
37841,92,97,-5,5
37842,41,63,-22,22
37843,130,120,10,10
37844,100,105,-5,5
37845,88,86,2,2
37846,67,69,-2,2
37847,100,94,6,6
37848,99,102,-3,3
37849,69,76,-7,7
37850,115,119,-4,4
37851,116,108,8,8
37852,49,58,-9,9
37853,91,96,-5,5
37854,67,80,-13,13
37855,105,100,5,5
37856,137,132,5,5
37857,72,90,-18,18
37858,61,70,-9,9
37859,86,86,0,0
37860,91,97,-6,6
37861,85,88,-3,3
37862,83,80,3,3
37863,68,69,-1,1
37864,103,97,6,6
37865,106,97,9,9
37866,139,116,23,23
37867,115,119,-4,4
37868,48,61,-13,13
37869,159,155,4,4
37870,61,68,-7,7
37871,113,119,-6,6
37872,101,102,-1,1
37873,77,82,-5,5
37874,134,130,4,4
37875,67,69,-2,2
37876,106,102,4,4
37877,57,65,-8,8
37878,95,101,-6,6
37879,93,100,-7,7
37880,95,87,8,8
37881,179,165,14,14
37882,153,163,-10,10
37883,62,74,-12,12
37884,69,74,-5,5
37885,165,157,8,8
37886,180,177,3,3
37887,87,88,-1,1
37888,110,112,-2,2
37889,116,119,-3,3
37890,159,155,4,4
37891,99,103,-4,4
37892,114,111,3,3
37893,102,93,9,9
37894,154,146,8,8
37895,91,93,-2,2
37896,124,107,17,17
37897,91,92,-1,1
37898,41,56,-15,15
37899,45,56,-11,11
37900,71,91,-20,20
37901,76,82,-6,6
37902,99,108,-9,9
37903,111,104,7,7
37904,97,93,4,4
37905,124,116,8,8
37906,96,100,-4,4
37907,79,81,-2,2
37908,122,127,-5,5
37909,115,101,14,14
37910,89,87,2,2
37911,73,78,-5,5
37912,111,115,-4,4
37913,89,95,-6,6
37914,138,129,9,9
37915,100,108,-8,8
37916,78,85,-7,7
37917,83,92,-9,9
37918,86,93,-7,7
37919,135,134,1,1
37920,114,111,3,3
37921,56,68,-12,12
37922,149,154,-5,5
37923,81,85,-4,4
37924,79,82,-3,3
37925,103,103,0,0
37926,56,77,-21,21
37927,150,142,8,8
37928,78,83,-5,5
37929,78,83,-5,5
37930,41,57,-16,16
37931,121,106,15,15
37932,123,120,3,3
37933,76,92,-16,16
37934,103,100,3,3
37935,35,65,-30,30
37936,124,119,5,5
37937,55,69,-14,14
37938,88,90,-2,2
37939,90,92,-2,2
37940,120,99,21,21
37941,71,78,-7,7
37942,79,88,-9,9
37943,62,73,-11,11
37944,86,90,-4,4
37945,64,73,-9,9
37946,131,140,-9,9
37947,146,133,13,13
37948,86,84,2,2
37949,98,95,3,3
37950,183,153,30,30
37951,91,94,-3,3
37952,77,79,-2,2
37953,142,135,7,7
37954,79,82,-3,3
37955,41,52,-11,11
37956,105,106,-1,1
37957,197,180,17,17
37958,115,113,2,2
37959,71,79,-8,8
37960,140,140,0,0
37961,130,125,5,5
37962,83,84,-1,1
37963,108,121,-13,13
37964,67,73,-6,6
37965,70,87,-17,17
37966,93,98,-5,5
37967,64,77,-13,13
37968,98,116,-18,18
37969,115,115,0,0
37970,62,70,-8,8
37971,88,93,-5,5
37972,61,70,-9,9
37973,198,170,28,28
37974,101,107,-6,6
37975,66,71,-5,5
37976,31,44,-13,13
37977,94,91,3,3
37978,93,103,-10,10
37979,117,149,-32,32
37980,99,101,-2,2
37981,36,48,-12,12
37982,76,82,-6,6
37983,67,79,-12,12
37984,78,91,-13,13
37985,50,62,-12,12
37986,55,59,-4,4
37987,92,97,-5,5
37988,94,91,3,3
37989,137,133,4,4
37990,102,101,1,1
37991,113,104,9,9
37992,89,87,2,2
37993,124,129,-5,5
37994,82,84,-2,2
37995,60,73,-13,13
37996,125,109,16,16
37997,78,88,-10,10
37998,143,131,12,12
37999,142,138,4,4
38000,106,97,9,9
38001,124,113,11,11
38002,52,65,-13,13
38003,97,116,-19,19
38004,80,83,-3,3
38005,107,115,-8,8
38006,141,133,8,8
38007,57,67,-10,10
38008,89,81,8,8
38009,104,114,-10,10
38010,154,139,15,15
38011,76,91,-15,15
38012,95,86,9,9
38013,179,155,24,24
38014,64,79,-15,15
38015,119,107,12,12
38016,108,119,-11,11
38017,114,110,4,4
38018,92,93,-1,1
38019,109,105,4,4
38020,139,138,1,1
38021,130,125,5,5
38022,112,105,7,7
38023,123,111,12,12
38024,125,118,7,7
38025,66,69,-3,3
38026,77,92,-15,15
38027,87,90,-3,3
38028,97,104,-7,7
38029,56,62,-6,6
38030,146,131,15,15
38031,71,78,-7,7
38032,176,158,18,18
38033,96,92,4,4
38034,105,102,3,3
38035,127,123,4,4
38036,82,86,-4,4
38037,137,144,-7,7
38038,120,119,1,1
38039,82,83,-1,1
38040,73,75,-2,2
38041,78,77,1,1
38042,83,89,-6,6
38043,83,87,-4,4
38044,74,84,-10,10
38045,81,85,-4,4
38046,178,151,27,27
38047,96,109,-13,13
38048,48,63,-15,15
38049,74,86,-12,12
38050,143,129,14,14
38051,94,89,5,5
38052,142,137,5,5
38053,144,141,3,3
38054,114,116,-2,2
38055,91,96,-5,5
38056,127,123,4,4
38057,65,79,-14,14
38058,152,140,12,12
38059,106,102,4,4
38060,140,127,13,13
38061,96,101,-5,5
38062,72,107,-35,35
38063,71,46,25,25
38064,116,108,8,8
38065,156,143,13,13
38066,57,64,-7,7
38067,24,37,-13,13
38068,122,116,6,6
38069,118,108,10,10
38070,96,99,-3,3
38071,86,86,0,0
38072,163,150,13,13
38073,60,73,-13,13
38074,80,78,2,2
38075,78,83,-5,5
38076,82,83,-1,1
38077,113,105,8,8
38078,104,112,-8,8
38079,154,166,-12,12
38080,34,54,-20,20
38081,111,111,0,0
38082,103,101,2,2
38083,88,90,-2,2
38084,112,116,-4,4
38085,115,112,3,3
38086,60,64,-4,4
38087,150,138,12,12
38088,116,111,5,5
38089,80,82,-2,2
38090,112,102,10,10
38091,116,115,1,1
38092,83,91,-8,8
38093,161,142,19,19
38094,65,75,-10,10
38095,74,81,-7,7
38096,72,71,1,1
38097,185,156,29,29
38098,89,79,10,10
38099,90,92,-2,2
38100,175,155,20,20
38101,96,92,4,4
38102,96,94,2,2
38103,111,112,-1,1
38104,46,58,-12,12
38105,105,115,-10,10
38106,69,78,-9,9
38107,117,111,6,6
38108,91,93,-2,2
38109,70,81,-11,11
38110,150,132,18,18
38111,122,121,1,1
38112,98,104,-6,6
38113,100,94,6,6
38114,160,133,27,27
38115,139,128,11,11
38116,170,154,16,16
38117,79,89,-10,10
38118,132,122,10,10
38119,121,119,2,2
38120,118,119,-1,1
38121,102,92,10,10
38122,98,96,2,2
38123,115,120,-5,5
38124,159,152,7,7
38125,92,94,-2,2
38126,41,62,-21,21
38127,84,88,-4,4
38128,132,137,-5,5
38129,109,98,11,11
38130,78,89,-11,11
38131,114,103,11,11
38132,121,112,9,9
38133,93,92,1,1
38134,115,114,1,1
38135,44,57,-13,13
38136,74,80,-6,6
38137,49,59,-10,10
38138,165,152,13,13
38139,83,84,-1,1
38140,158,144,14,14
38141,101,93,8,8
38142,118,114,4,4
38143,94,95,-1,1
38144,117,129,-12,12
38145,109,105,4,4
38146,73,91,-18,18
38147,76,84,-8,8
38148,138,130,8,8
38149,113,106,7,7
38150,96,98,-2,2
38151,73,82,-9,9
38152,112,104,8,8
38153,63,75,-12,12
38154,104,96,8,8
38155,82,91,-9,9
38156,54,68,-14,14
38157,84,85,-1,1
38158,133,133,0,0
38159,101,102,-1,1
38160,108,114,-6,6
38161,83,84,-1,1
38162,78,87,-9,9
38163,82,82,0,0
38164,76,81,-5,5
38165,90,90,0,0
38166,105,104,1,1
38167,61,66,-5,5
38168,102,113,-11,11
38169,104,120,-16,16
38170,72,78,-6,6
38171,74,72,2,2
38172,92,99,-7,7
38173,85,85,0,0
38174,99,98,1,1
38175,111,120,-9,9
38176,67,79,-12,12
38177,76,78,-2,2
38178,113,101,12,12
38179,107,100,7,7
38180,117,111,6,6
38181,116,120,-4,4
38182,97,98,-1,1
38183,125,121,4,4
38184,112,115,-3,3
38185,71,85,-14,14
38186,115,112,3,3
38187,59,85,-26,26
38188,97,97,0,0
38189,124,112,12,12
38190,45,58,-13,13
38191,87,91,-4,4
38192,103,124,-21,21
38193,64,71,-7,7
38194,100,96,4,4
38195,97,86,11,11
38196,121,117,4,4
38197,111,119,-8,8
38198,74,76,-2,2
38199,118,143,-25,25
38200,91,89,2,2
38201,89,94,-5,5
38202,105,91,14,14
38203,79,88,-9,9
38204,68,77,-9,9
38205,125,125,0,0
38206,87,86,1,1
38207,123,110,13,13
38208,93,96,-3,3
38209,100,98,2,2
38210,64,66,-2,2
38211,108,101,7,7
38212,68,66,2,2
38213,86,92,-6,6
38214,107,96,11,11
38215,73,81,-8,8
38216,128,131,-3,3
38217,119,112,7,7
38218,54,57,-3,3
38219,72,77,-5,5
38220,73,83,-10,10
38221,159,146,13,13
38222,83,88,-5,5
38223,97,97,0,0
38224,131,125,6,6
38225,69,78,-9,9
38226,86,81,5,5
38227,119,120,-1,1
38228,100,95,5,5
38229,102,107,-5,5
38230,67,71,-4,4
38231,53,68,-15,15
38232,85,95,-10,10
38233,168,153,15,15
38234,61,61,0,0
38235,77,80,-3,3
38236,85,93,-8,8
38237,69,73,-4,4
38238,124,119,5,5
38239,89,86,3,3
38240,148,142,6,6
38241,143,127,16,16
38242,57,82,-25,25
38243,144,132,12,12
38244,66,74,-8,8
38245,83,98,-15,15
38246,120,119,1,1
38247,131,126,5,5
38248,51,64,-13,13
38249,77,68,9,9
38250,62,73,-11,11
38251,125,128,-3,3
38252,87,91,-4,4
38253,89,91,-2,2
38254,162,149,13,13
38255,109,111,-2,2
38256,126,127,-1,1
38257,87,96,-9,9
38258,87,100,-13,13
38259,116,111,5,5
38260,51,64,-13,13
38261,65,68,-3,3
38262,95,92,3,3
38263,86,83,3,3
38264,98,101,-3,3
38265,74,75,-1,1
38266,87,94,-7,7
38267,113,107,6,6
38268,70,91,-21,21
38269,119,113,6,6
38270,180,161,19,19
38271,94,87,7,7
38272,67,78,-11,11
38273,85,92,-7,7
38274,147,147,0,0
38275,79,74,5,5
38276,76,81,-5,5
38277,60,62,-2,2
38278,55,66,-11,11
38279,95,99,-4,4
38280,127,114,13,13
38281,100,100,0,0
38282,85,89,-4,4
38283,127,120,7,7
38284,101,92,9,9
38285,70,76,-6,6
38286,102,99,3,3
38287,73,77,-4,4
38288,107,107,0,0
38289,129,128,1,1
38290,114,108,6,6
38291,45,63,-18,18
38292,52,60,-8,8
38293,69,76,-7,7
38294,71,77,-6,6
38295,65,74,-9,9
38296,211,172,39,39
38297,113,125,-12,12
38298,97,96,1,1
38299,60,74,-14,14
38300,184,149,35,35
38301,106,102,4,4
38302,121,119,2,2
38303,112,119,-7,7
38304,137,133,4,4
38305,104,103,1,1
38306,124,116,8,8
38307,72,73,-1,1
38308,116,107,9,9
38309,76,80,-4,4
38310,99,103,-4,4
38311,75,81,-6,6
38312,81,86,-5,5
38313,69,77,-8,8
38314,72,83,-11,11
38315,87,79,8,8
38316,93,93,0,0
38317,136,126,10,10
38318,101,96,5,5
38319,89,89,0,0
38320,112,107,5,5
38321,65,73,-8,8
38322,118,108,10,10
38323,92,87,5,5
38324,80,90,-10,10
38325,98,95,3,3
38326,70,74,-4,4
38327,127,118,9,9
38328,149,127,22,22
38329,70,73,-3,3
38330,139,137,2,2
38331,82,83,-1,1
38332,91,95,-4,4
38333,39,53,-14,14
38334,82,99,-17,17
38335,105,103,2,2
38336,147,141,6,6
38337,104,115,-11,11
38338,117,101,16,16
38339,91,105,-14,14
38340,90,97,-7,7
38341,104,96,8,8
38342,47,62,-15,15
38343,56,67,-11,11
38344,110,111,-1,1
38345,43,63,-20,20
38346,120,111,9,9
38347,70,78,-8,8
38348,75,83,-8,8
38349,77,81,-4,4
38350,72,76,-4,4
38351,105,101,4,4
38352,218,187,31,31
38353,56,68,-12,12
38354,100,103,-3,3
38355,123,132,-9,9
38356,130,120,10,10
38357,63,68,-5,5
38358,89,93,-4,4
38359,60,74,-14,14
38360,65,82,-17,17
38361,118,115,3,3
38362,86,92,-6,6
38363,166,160,6,6
38364,106,107,-1,1
38365,58,69,-11,11
38366,141,122,19,19
38367,96,95,1,1
38368,106,99,7,7
38369,110,116,-6,6
38370,64,70,-6,6
38371,83,84,-1,1
38372,92,106,-14,14
38373,70,74,-4,4
38374,122,125,-3,3
38375,86,92,-6,6
38376,105,95,10,10
38377,99,104,-5,5
38378,57,61,-4,4
38379,79,82,-3,3
38380,59,65,-6,6
38381,70,77,-7,7
38382,104,99,5,5
38383,86,91,-5,5
38384,112,119,-7,7
38385,102,103,-1,1
38386,63,73,-10,10
38387,118,113,5,5
38388,63,68,-5,5
38389,104,122,-18,18
38390,86,93,-7,7
38391,167,151,16,16
38392,164,152,12,12
38393,85,91,-6,6
38394,111,115,-4,4
38395,121,110,11,11
38396,94,93,1,1
38397,77,89,-12,12
38398,35,47,-12,12
38399,95,93,2,2
38400,133,131,2,2
38401,85,88,-3,3
38402,67,67,0,0
38403,114,116,-2,2
38404,157,142,15,15
38405,157,142,15,15
38406,94,103,-9,9
38407,54,70,-16,16
38408,64,68,-4,4
38409,109,104,5,5
38410,71,78,-7,7
38411,73,82,-9,9
38412,76,88,-12,12
38413,130,116,14,14
38414,79,81,-2,2
38415,142,147,-5,5
38416,89,89,0,0
38417,105,106,-1,1
38418,78,91,-13,13
38419,64,70,-6,6
38420,63,75,-12,12
38421,89,92,-3,3
38422,171,160,11,11
38423,111,101,10,10
38424,86,82,4,4
38425,102,99,3,3
38426,61,68,-7,7
38427,85,90,-5,5
38428,134,120,14,14
38429,81,86,-5,5
38430,142,136,6,6
38431,80,79,1,1
38432,83,85,-2,2
38433,121,113,8,8
38434,67,63,4,4
38435,100,115,-15,15
38436,129,123,6,6
38437,102,108,-6,6
38438,126,121,5,5
38439,98,99,-1,1
38440,63,65,-2,2
38441,72,80,-8,8
38442,88,95,-7,7
38443,64,74,-10,10
38444,107,117,-10,10
38445,89,85,4,4
38446,93,94,-1,1
38447,146,135,11,11
38448,101,106,-5,5
38449,87,89,-2,2
38450,97,97,0,0
38451,78,70,8,8
38452,130,115,15,15
38453,85,79,6,6
38454,77,78,-1,1
38455,44,58,-14,14
38456,96,94,2,2
38457,89,86,3,3
38458,117,117,0,0
38459,41,53,-12,12
38460,113,114,-1,1
38461,103,91,12,12
38462,161,142,19,19
38463,196,178,18,18
38464,64,63,1,1
38465,82,80,2,2
38466,66,94,-28,28
38467,80,79,1,1
38468,54,66,-12,12
38469,104,107,-3,3
38470,55,62,-7,7
38471,57,65,-8,8
38472,49,64,-15,15
38473,70,76,-6,6
38474,74,84,-10,10
38475,33,48,-15,15
38476,83,92,-9,9
38477,89,91,-2,2
38478,102,97,5,5
38479,156,158,-2,2
38480,36,54,-18,18
38481,62,67,-5,5
38482,102,96,6,6
38483,87,97,-10,10
38484,50,59,-9,9
38485,89,98,-9,9
38486,100,97,3,3
38487,98,89,9,9
38488,56,65,-9,9
38489,75,77,-2,2
38490,98,87,11,11
38491,117,105,12,12
38492,235,200,35,35
38493,54,65,-11,11
38494,68,70,-2,2
38495,116,121,-5,5
38496,32,48,-16,16
38497,55,61,-6,6
38498,82,85,-3,3
38499,119,119,0,0
38500,183,175,8,8
38501,112,89,23,23
38502,57,72,-15,15
38503,120,118,2,2
38504,77,85,-8,8
38505,68,80,-12,12
38506,126,119,7,7
38507,68,71,-3,3
38508,103,96,7,7
38509,110,115,-5,5
38510,122,105,17,17
38511,100,114,-14,14
38512,74,77,-3,3
38513,185,154,31,31
38514,118,126,-8,8
38515,41,57,-16,16
38516,91,96,-5,5
38517,83,82,1,1
38518,79,87,-8,8
38519,82,78,4,4
38520,84,92,-8,8
38521,70,69,1,1
38522,97,103,-6,6
38523,99,99,0,0
38524,108,105,3,3
38525,85,85,0,0
38526,132,124,8,8
38527,99,97,2,2
38528,62,65,-3,3
38529,80,76,4,4
38530,96,92,4,4
38531,98,93,5,5
38532,109,110,-1,1
38533,124,125,-1,1
38534,101,112,-11,11
38535,118,120,-2,2
38536,57,64,-7,7
38537,79,85,-6,6
38538,86,92,-6,6
38539,77,81,-4,4
38540,132,119,13,13
38541,74,71,3,3
38542,108,103,5,5
38543,137,123,14,14
38544,102,104,-2,2
38545,150,137,13,13
38546,51,62,-11,11
38547,77,78,-1,1
38548,59,62,-3,3
38549,42,51,-9,9
38550,141,137,4,4
38551,132,121,11,11
38552,67,70,-3,3
38553,108,103,5,5
38554,144,145,-1,1
38555,69,75,-6,6
38556,85,86,-1,1
38557,64,70,-6,6
38558,65,72,-7,7
38559,221,201,20,20
38560,70,76,-6,6
38561,56,62,-6,6
38562,62,72,-10,10
38563,88,103,-15,15
38564,108,113,-5,5
38565,178,155,23,23
38566,74,76,-2,2
38567,85,96,-11,11
38568,61,75,-14,14
38569,111,85,26,26
38570,103,110,-7,7
38571,110,107,3,3
38572,74,76,-2,2
38573,172,163,9,9
38574,87,99,-12,12
38575,141,141,0,0
38576,86,83,3,3
38577,89,98,-9,9
38578,106,92,14,14
38579,103,101,2,2
38580,115,100,15,15
38581,61,65,-4,4
38582,102,103,-1,1
38583,64,72,-8,8
38584,121,114,7,7
38585,61,74,-13,13
38586,75,76,-1,1
38587,43,51,-8,8
38588,84,86,-2,2
38589,118,112,6,6
38590,50,55,-5,5
38591,81,76,5,5
38592,160,147,13,13
38593,121,110,11,11
38594,77,89,-12,12
38595,124,120,4,4
38596,140,127,13,13
38597,56,68,-12,12
38598,92,87,5,5
38599,99,98,1,1
38600,169,156,13,13
38601,102,111,-9,9
38602,149,140,9,9
38603,161,163,-2,2
38604,73,83,-10,10
38605,81,87,-6,6
38606,76,81,-5,5
38607,131,120,11,11
38608,155,153,2,2
38609,87,92,-5,5
38610,62,68,-6,6
38611,87,82,5,5
38612,78,90,-12,12
38613,74,80,-6,6
38614,49,78,-29,29
38615,92,92,0,0
38616,133,126,7,7
38617,149,139,10,10
38618,120,119,1,1
38619,89,86,3,3
38620,102,98,4,4
38621,62,62,0,0
38622,57,56,1,1
38623,43,70,-27,27
38624,72,78,-6,6
38625,58,69,-11,11
38626,66,70,-4,4
38627,73,81,-8,8
38628,112,100,12,12
38629,158,138,20,20
38630,70,83,-13,13
38631,136,127,9,9
38632,85,82,3,3
38633,37,57,-20,20
38634,87,93,-6,6
38635,130,133,-3,3
38636,88,92,-4,4
38637,57,69,-12,12
38638,117,115,2,2
38639,105,99,6,6
38640,75,81,-6,6
38641,153,148,5,5
38642,90,101,-11,11
38643,130,116,14,14
38644,86,92,-6,6
38645,124,128,-4,4
38646,83,85,-2,2
38647,145,124,21,21
38648,77,85,-8,8
38649,64,71,-7,7
38650,129,124,5,5
38651,109,117,-8,8
38652,94,90,4,4
38653,84,83,1,1
38654,64,70,-6,6
38655,90,92,-2,2
38656,171,159,12,12
38657,93,98,-5,5
38658,121,122,-1,1
38659,72,83,-11,11
38660,72,87,-15,15
38661,85,89,-4,4
38662,86,82,4,4
38663,93,99,-6,6
38664,94,83,11,11
38665,118,122,-4,4
38666,72,70,2,2
38667,64,73,-9,9
38668,127,113,14,14
38669,64,71,-7,7
38670,75,80,-5,5
38671,57,70,-13,13
38672,61,71,-10,10
38673,74,91,-17,17
38674,53,72,-19,19
38675,80,85,-5,5
38676,83,85,-2,2
38677,124,118,6,6
38678,81,93,-12,12
38679,84,96,-12,12
38680,128,118,10,10
38681,93,96,-3,3
38682,79,85,-6,6
38683,81,100,-19,19
38684,81,84,-3,3
38685,104,107,-3,3
38686,82,84,-2,2
38687,84,75,9,9
38688,71,79,-8,8
38689,62,69,-7,7
38690,66,76,-10,10
38691,63,71,-8,8
38692,77,78,-1,1
38693,56,67,-11,11
38694,155,143,12,12
38695,143,130,13,13
38696,75,78,-3,3
38697,92,101,-9,9
38698,108,102,6,6
38699,105,105,0,0
38700,63,68,-5,5
38701,117,118,-1,1
38702,123,109,14,14
38703,69,78,-9,9
38704,119,125,-6,6
38705,92,104,-12,12
38706,94,90,4,4
38707,80,86,-6,6
38708,101,98,3,3
38709,150,143,7,7
38710,92,89,3,3
38711,97,96,1,1
38712,100,100,0,0
38713,74,90,-16,16
38714,157,148,9,9
38715,65,77,-12,12
38716,97,97,0,0
38717,79,83,-4,4
38718,86,86,0,0
38719,91,89,2,2
38720,51,62,-11,11
38721,110,115,-5,5
38722,106,108,-2,2
38723,50,62,-12,12
38724,76,76,0,0
38725,126,119,7,7
38726,73,76,-3,3
38727,80,89,-9,9
38728,90,87,3,3
38729,94,83,11,11
38730,99,98,1,1
38731,140,124,16,16
38732,92,91,1,1
38733,96,98,-2,2
38734,107,107,0,0
38735,120,107,13,13
38736,141,135,6,6
38737,58,69,-11,11
38738,99,99,0,0
38739,75,78,-3,3
38740,118,105,13,13
38741,93,95,-2,2
38742,104,94,10,10
38743,81,86,-5,5
38744,107,103,4,4
38745,91,106,-15,15
38746,87,91,-4,4
38747,53,66,-13,13
38748,147,137,10,10
38749,108,100,8,8
38750,76,77,-1,1
38751,59,66,-7,7
38752,85,96,-11,11
38753,82,82,0,0
38754,57,69,-12,12
38755,37,55,-18,18
38756,129,126,3,3
38757,57,61,-4,4
38758,67,75,-8,8
38759,76,78,-2,2
38760,85,84,1,1
38761,130,119,11,11
38762,106,104,2,2
38763,104,113,-9,9
38764,88,94,-6,6
38765,65,67,-2,2
38766,75,80,-5,5
38767,145,132,13,13
38768,149,138,11,11
38769,44,57,-13,13
38770,69,72,-3,3
38771,93,99,-6,6
38772,78,79,-1,1
38773,63,73,-10,10
38774,78,85,-7,7
38775,85,85,0,0
38776,55,63,-8,8
38777,73,92,-19,19
38778,107,104,3,3
38779,131,123,8,8
38780,87,89,-2,2
38781,40,60,-20,20
38782,139,119,20,20
38783,85,93,-8,8
38784,163,161,2,2
38785,64,76,-12,12
38786,193,175,18,18
38787,86,98,-12,12
38788,98,99,-1,1
38789,51,67,-16,16
38790,128,121,7,7
38791,141,124,17,17
38792,84,84,0,0
38793,142,135,7,7
38794,59,72,-13,13
38795,108,103,5,5
38796,39,56,-17,17
38797,156,147,9,9
38798,107,114,-7,7
38799,99,108,-9,9
38800,166,151,15,15
38801,85,87,-2,2
38802,84,89,-5,5
38803,98,97,1,1
38804,76,77,-1,1
38805,138,126,12,12
38806,93,93,0,0
38807,182,152,30,30
38808,149,128,21,21
38809,132,118,14,14
38810,127,118,9,9
38811,70,76,-6,6
38812,57,65,-8,8
38813,176,176,0,0
38814,68,74,-6,6
38815,46,58,-12,12
38816,66,73,-7,7
38817,113,118,-5,5
38818,135,131,4,4
38819,48,60,-12,12
38820,135,127,8,8
38821,70,78,-8,8
38822,91,95,-4,4
38823,125,118,7,7
38824,109,97,12,12
38825,53,65,-12,12
38826,91,94,-3,3
38827,70,75,-5,5
38828,65,75,-10,10
38829,125,113,12,12
38830,72,79,-7,7
38831,103,104,-1,1
38832,103,87,16,16
38833,101,86,15,15
38834,117,121,-4,4
38835,63,68,-5,5
38836,164,155,9,9
38837,57,72,-15,15
38838,120,120,0,0
38839,133,125,8,8
38840,83,91,-8,8
38841,64,73,-9,9
38842,102,99,3,3
38843,70,73,-3,3
38844,124,128,-4,4
38845,106,97,9,9
38846,156,143,13,13
38847,67,76,-9,9
38848,147,143,4,4
38849,113,115,-2,2
38850,121,119,2,2
38851,97,96,1,1
38852,59,76,-17,17
38853,50,69,-19,19
38854,118,103,15,15
38855,56,65,-9,9
38856,87,83,4,4
38857,89,99,-10,10
38858,65,77,-12,12
38859,62,71,-9,9
38860,138,134,4,4
38861,149,141,8,8
38862,69,71,-2,2
38863,76,89,-13,13
38864,65,80,-15,15
38865,70,74,-4,4
38866,133,134,-1,1
38867,77,82,-5,5
38868,93,99,-6,6
38869,105,128,-23,23
38870,67,76,-9,9
38871,84,86,-2,2
38872,83,95,-12,12
38873,46,54,-8,8
38874,102,98,4,4
38875,80,80,0,0
38876,106,106,0,0
38877,91,97,-6,6
38878,70,70,0,0
38879,213,186,27,27
38880,84,91,-7,7
38881,124,105,19,19
38882,113,108,5,5
38883,89,95,-6,6
38884,112,108,4,4
38885,78,78,0,0
38886,60,66,-6,6
38887,119,107,12,12
38888,58,67,-9,9
38889,109,99,10,10
38890,113,131,-18,18
38891,101,92,9,9
38892,61,64,-3,3
38893,76,87,-11,11
38894,84,85,-1,1
38895,86,95,-9,9
38896,108,102,6,6
38897,102,94,8,8
38898,151,143,8,8
38899,66,74,-8,8
38900,71,74,-3,3
38901,66,77,-11,11
38902,131,128,3,3
38903,49,60,-11,11
38904,99,103,-4,4
38905,69,81,-12,12
38906,72,71,1,1
38907,179,152,27,27
38908,152,142,10,10
38909,70,77,-7,7
38910,63,76,-13,13
38911,104,107,-3,3
38912,22,43,-21,21
38913,105,101,4,4
38914,174,162,12,12
38915,123,119,4,4
38916,34,47,-13,13
38917,76,88,-12,12
38918,114,107,7,7
38919,84,101,-17,17
38920,114,99,15,15
38921,236,197,39,39
38922,86,94,-8,8
38923,91,88,3,3
38924,109,108,1,1
38925,99,93,6,6
38926,79,76,3,3
38927,51,65,-14,14
38928,201,175,26,26
38929,60,68,-8,8
38930,89,94,-5,5
38931,84,86,-2,2
38932,40,56,-16,16
38933,68,73,-5,5
38934,58,66,-8,8
38935,73,76,-3,3
38936,121,122,-1,1
38937,55,60,-5,5
38938,91,94,-3,3
38939,57,70,-13,13
38940,68,68,0,0
38941,93,84,9,9
38942,59,71,-12,12
38943,76,77,-1,1
38944,99,101,-2,2
38945,85,107,-22,22
38946,113,102,11,11
38947,107,95,12,12
38948,184,163,21,21
38949,80,83,-3,3
38950,99,100,-1,1
38951,180,157,23,23
38952,94,103,-9,9
38953,37,50,-13,13
38954,59,75,-16,16
38955,65,70,-5,5
38956,93,95,-2,2
38957,88,96,-8,8
38958,92,96,-4,4
38959,128,112,16,16
38960,111,115,-4,4
38961,128,161,-33,33
38962,48,60,-12,12
38963,116,122,-6,6
38964,54,59,-5,5
38965,57,73,-16,16
38966,61,74,-13,13
38967,79,83,-4,4
38968,61,67,-6,6
38969,122,118,4,4
38970,89,89,0,0
38971,121,114,7,7
38972,119,115,4,4
38973,108,119,-11,11
38974,100,103,-3,3
38975,58,65,-7,7
38976,106,97,9,9
38977,88,94,-6,6
38978,103,96,7,7
38979,31,48,-17,17
38980,34,64,-30,30
38981,87,91,-4,4
38982,111,109,2,2
38983,101,101,0,0
38984,41,54,-13,13
38985,60,71,-11,11
38986,115,116,-1,1
38987,136,133,3,3
38988,74,75,-1,1
38989,84,82,2,2
38990,110,104,6,6
38991,73,82,-9,9
38992,126,119,7,7
38993,77,78,-1,1
38994,129,122,7,7
38995,123,127,-4,4
38996,99,94,5,5
38997,88,71,17,17
38998,61,77,-16,16
38999,74,80,-6,6
39000,107,102,5,5
39001,122,114,8,8
39002,60,72,-12,12
39003,188,175,13,13
39004,84,81,3,3
39005,146,141,5,5
39006,154,147,7,7
39007,114,119,-5,5
39008,117,108,9,9
39009,163,157,6,6
39010,74,79,-5,5
39011,113,108,5,5
39012,68,77,-9,9
39013,137,129,8,8
39014,86,95,-9,9
39015,136,131,5,5
39016,77,81,-4,4
39017,156,143,13,13
39018,146,134,12,12
39019,62,67,-5,5
39020,66,79,-13,13
39021,121,119,2,2
39022,161,143,18,18
39023,102,112,-10,10
39024,67,67,0,0
39025,129,125,4,4
39026,120,124,-4,4
39027,174,165,9,9
39028,179,167,12,12
39029,92,89,3,3
39030,112,113,-1,1
39031,110,101,9,9
39032,97,98,-1,1
39033,68,70,-2,2
39034,117,119,-2,2
39035,155,135,20,20
39036,60,69,-9,9
39037,167,139,28,28
39038,115,109,6,6
39039,134,130,4,4
39040,48,63,-15,15
39041,89,87,2,2
39042,42,65,-23,23
39043,31,54,-23,23
39044,105,100,5,5
39045,138,126,12,12
39046,97,90,7,7
39047,83,89,-6,6
39048,54,62,-8,8
39049,65,71,-6,6
39050,94,100,-6,6
39051,86,91,-5,5
39052,88,96,-8,8
39053,63,67,-4,4
39054,144,135,9,9
39055,62,70,-8,8
39056,63,81,-18,18
39057,98,96,2,2
39058,60,67,-7,7
39059,49,61,-12,12
39060,96,94,2,2
39061,71,81,-10,10
39062,120,110,10,10
39063,150,128,22,22
39064,80,81,-1,1
39065,58,68,-10,10
39066,64,77,-13,13
39067,140,133,7,7
39068,124,122,2,2
39069,97,93,4,4
39070,161,135,26,26
39071,50,69,-19,19
39072,101,106,-5,5
39073,44,63,-19,19
39074,99,102,-3,3
39075,171,146,25,25
39076,43,59,-16,16
39077,93,103,-10,10
39078,139,131,8,8
39079,120,115,5,5
39080,98,104,-6,6
39081,101,103,-2,2
39082,80,79,1,1
39083,63,66,-3,3
39084,149,142,7,7
39085,132,122,10,10
39086,71,78,-7,7
39087,92,100,-8,8
39088,61,78,-17,17
39089,110,108,2,2
39090,67,75,-8,8
39091,38,68,-30,30
39092,89,107,-18,18
39093,86,91,-5,5
39094,157,158,-1,1
39095,63,76,-13,13
39096,56,68,-12,12
39097,96,104,-8,8
39098,58,71,-13,13
39099,164,153,11,11
39100,107,104,3,3
39101,131,118,13,13
39102,119,113,6,6
39103,103,104,-1,1
39104,58,68,-10,10
39105,158,137,21,21
39106,148,130,18,18
39107,107,110,-3,3
39108,108,96,12,12
39109,85,79,6,6
39110,76,85,-9,9
39111,72,73,-1,1
39112,133,129,4,4
39113,71,76,-5,5
39114,90,86,4,4
39115,105,105,0,0
39116,107,108,-1,1
39117,84,84,0,0
39118,67,78,-11,11
39119,154,140,14,14
39120,63,82,-19,19
39121,182,158,24,24
39122,130,120,10,10
39123,126,125,1,1
39124,135,125,10,10
39125,86,89,-3,3
39126,90,97,-7,7
39127,69,72,-3,3
39128,99,105,-6,6
39129,81,92,-11,11
39130,92,94,-2,2
39131,83,84,-1,1
39132,76,78,-2,2
39133,79,75,4,4
39134,59,72,-13,13
39135,100,100,0,0
39136,60,73,-13,13
39137,76,84,-8,8
39138,110,97,13,13
39139,112,107,5,5
39140,93,99,-6,6
39141,101,102,-1,1
39142,107,110,-3,3
39143,180,163,17,17
39144,109,105,4,4
39145,85,81,4,4
39146,123,116,7,7
39147,90,94,-4,4
39148,118,117,1,1
39149,108,99,9,9
39150,95,93,2,2
39151,119,112,7,7
39152,115,100,15,15
39153,145,130,15,15
39154,46,66,-20,20
39155,59,70,-11,11
39156,127,131,-4,4
39157,114,112,2,2
39158,101,101,0,0
39159,134,129,5,5
39160,99,98,1,1
39161,143,134,9,9
39162,136,125,11,11
39163,152,141,11,11
39164,103,104,-1,1
39165,79,79,0,0
39166,83,84,-1,1
39167,125,111,14,14
39168,74,95,-21,21
39169,44,59,-15,15
39170,100,104,-4,4
39171,111,108,3,3
39172,65,70,-5,5
39173,102,98,4,4
39174,109,105,4,4
39175,80,77,3,3
39176,117,115,2,2
39177,121,114,7,7
39178,154,143,11,11
39179,55,67,-12,12
39180,90,95,-5,5
39181,137,114,23,23
39182,53,61,-8,8
39183,137,132,5,5
39184,64,71,-7,7
39185,133,119,14,14
39186,38,44,-6,6
39187,105,93,12,12
39188,45,56,-11,11
39189,133,121,12,12
39190,121,119,2,2
39191,138,124,14,14
39192,84,79,5,5
39193,79,82,-3,3
39194,48,62,-14,14
39195,51,68,-17,17
39196,90,93,-3,3
39197,79,79,0,0
39198,73,78,-5,5
39199,82,78,4,4
39200,90,95,-5,5
39201,98,82,16,16
39202,56,67,-11,11
39203,100,97,3,3
39204,55,72,-17,17
39205,116,122,-6,6
39206,61,68,-7,7
39207,77,78,-1,1
39208,131,124,7,7
39209,115,108,7,7
39210,94,88,6,6
39211,80,80,0,0
39212,57,69,-12,12
39213,112,106,6,6
39214,98,96,2,2
39215,136,139,-3,3
39216,125,110,15,15
39217,90,98,-8,8
39218,81,86,-5,5
39219,123,119,4,4
39220,114,119,-5,5
39221,35,52,-17,17
39222,55,63,-8,8
39223,110,104,6,6
39224,52,63,-11,11
39225,191,165,26,26
39226,48,68,-20,20
39227,70,69,1,1
39228,116,115,1,1
39229,114,117,-3,3
39230,71,78,-7,7
39231,130,115,15,15
39232,92,94,-2,2
39233,111,116,-5,5
39234,150,143,7,7
39235,112,127,-15,15
39236,85,89,-4,4
39237,75,80,-5,5
39238,64,72,-8,8
39239,65,72,-7,7
39240,164,152,12,12
39241,63,43,20,20
39242,105,104,1,1
39243,96,95,1,1
39244,102,92,10,10
39245,84,80,4,4
39246,72,83,-11,11
39247,118,119,-1,1
39248,110,105,5,5
39249,81,85,-4,4
39250,109,111,-2,2
39251,76,76,0,0
39252,64,68,-4,4
39253,133,119,14,14
39254,143,124,19,19
39255,72,78,-6,6
39256,74,84,-10,10
39257,41,54,-13,13
39258,65,72,-7,7
39259,73,73,0,0
39260,63,76,-13,13
39261,175,156,19,19
39262,85,99,-14,14
39263,82,84,-2,2
39264,48,60,-12,12
39265,97,94,3,3
39266,86,92,-6,6
39267,66,74,-8,8
39268,80,80,0,0
39269,84,91,-7,7
39270,90,91,-1,1
39271,76,88,-12,12
39272,90,94,-4,4
39273,128,128,0,0
39274,76,88,-12,12
39275,84,86,-2,2
39276,116,118,-2,2
39277,72,84,-12,12
39278,88,86,2,2
39279,58,66,-8,8
39280,80,83,-3,3
39281,122,113,9,9
39282,84,94,-10,10
39283,62,70,-8,8
39284,78,79,-1,1
39285,113,114,-1,1
39286,152,141,11,11
39287,68,75,-7,7
39288,72,76,-4,4
39289,104,104,0,0
39290,100,100,0,0
39291,92,88,4,4
39292,95,89,6,6
39293,66,70,-4,4
39294,78,86,-8,8
39295,117,104,13,13
39296,109,92,17,17
39297,157,135,22,22
39298,100,90,10,10
39299,101,97,4,4
39300,68,70,-2,2
39301,137,119,18,18
39302,144,144,0,0
39303,152,145,7,7
39304,121,110,11,11
39305,83,86,-3,3
39306,86,103,-17,17
39307,72,71,1,1
39308,82,97,-15,15
39309,115,107,8,8
39310,44,56,-12,12
39311,130,133,-3,3
39312,84,87,-3,3
39313,104,102,2,2
39314,70,69,1,1
39315,152,128,24,24
39316,66,76,-10,10
39317,137,115,22,22
39318,86,87,-1,1
39319,130,118,12,12
39320,105,103,2,2
39321,79,87,-8,8
39322,79,82,-3,3
39323,68,73,-5,5
39324,86,84,2,2
39325,90,98,-8,8
39326,174,149,25,25
39327,41,55,-14,14
39328,109,100,9,9
39329,98,94,4,4
39330,79,88,-9,9
39331,107,111,-4,4
39332,138,134,4,4
39333,49,53,-4,4
39334,68,80,-12,12
39335,465,292,173,173
39336,102,93,9,9
39337,108,110,-2,2
39338,98,102,-4,4
39339,70,70,0,0
39340,90,92,-2,2
39341,103,101,2,2
39342,84,79,5,5
39343,128,133,-5,5
39344,205,180,25,25
39345,149,134,15,15
39346,51,62,-11,11
39347,64,72,-8,8
39348,155,138,17,17
39349,61,73,-12,12
39350,91,91,0,0
39351,69,78,-9,9
39352,51,70,-19,19
39353,59,66,-7,7
39354,110,99,11,11
39355,145,125,20,20
39356,86,98,-12,12
39357,192,185,7,7
39358,80,76,4,4
39359,62,70,-8,8
39360,116,118,-2,2
39361,94,102,-8,8
39362,60,68,-8,8
39363,128,138,-10,10
39364,129,121,8,8
39365,111,110,1,1
39366,137,131,6,6
39367,164,144,20,20
39368,119,114,5,5
39369,90,92,-2,2
39370,114,122,-8,8
39371,26,30,-4,4
39372,107,108,-1,1
39373,68,75,-7,7
39374,118,119,-1,1
39375,124,116,8,8
39376,170,153,17,17
39377,61,72,-11,11
39378,136,131,5,5
39379,196,149,47,47
39380,87,84,3,3
39381,95,104,-9,9
39382,108,112,-4,4
39383,151,140,11,11
39384,67,78,-11,11
39385,149,140,9,9
39386,113,106,7,7
39387,50,68,-18,18
39388,79,87,-8,8
39389,103,100,3,3
39390,80,78,2,2
39391,172,165,7,7
39392,105,110,-5,5
39393,82,85,-3,3
39394,47,60,-13,13
39395,54,57,-3,3
39396,80,81,-1,1
39397,64,67,-3,3
39398,150,134,16,16
39399,134,125,9,9
39400,61,76,-15,15
39401,108,102,6,6
39402,116,117,-1,1
39403,101,119,-18,18
39404,81,85,-4,4
39405,90,97,-7,7
39406,71,82,-11,11
39407,119,118,1,1
39408,133,131,2,2
39409,125,132,-7,7
39410,70,72,-2,2
39411,182,161,21,21
39412,114,118,-4,4
39413,136,140,-4,4
39414,76,81,-5,5
39415,114,103,11,11
39416,46,59,-13,13
39417,97,110,-13,13
39418,70,79,-9,9
39419,63,66,-3,3
39420,100,94,6,6
39421,114,106,8,8
39422,52,61,-9,9
39423,130,127,3,3
39424,108,98,10,10
39425,133,119,14,14
39426,26,45,-19,19
39427,75,80,-5,5
39428,112,120,-8,8
39429,73,73,0,0
39430,44,62,-18,18
39431,75,79,-4,4
39432,93,93,0,0
39433,60,77,-17,17
39434,83,86,-3,3
39435,140,127,13,13
39436,100,104,-4,4
39437,107,100,7,7
39438,95,84,11,11
39439,111,99,12,12
39440,112,106,6,6
39441,67,77,-10,10
39442,52,63,-11,11
39443,113,102,11,11
39444,77,81,-4,4
39445,135,128,7,7
39446,61,69,-8,8
39447,58,74,-16,16
39448,60,68,-8,8
39449,100,99,1,1
39450,49,66,-17,17
39451,71,74,-3,3
39452,104,106,-2,2
39453,49,64,-15,15
39454,141,133,8,8
39455,113,112,1,1
39456,74,74,0,0
39457,135,131,4,4
39458,61,73,-12,12
39459,115,119,-4,4
39460,89,97,-8,8
39461,76,79,-3,3
39462,111,119,-8,8
39463,61,74,-13,13
39464,54,62,-8,8
39465,95,101,-6,6
39466,125,122,3,3
39467,168,160,8,8
39468,71,74,-3,3
39469,80,82,-2,2
39470,224,212,12,12
39471,87,94,-7,7
39472,65,73,-8,8
39473,130,134,-4,4
39474,111,112,-1,1
39475,76,77,-1,1
39476,111,107,4,4
39477,88,96,-8,8
39478,97,97,0,0
39479,118,119,-1,1
39480,93,85,8,8
39481,131,120,11,11
39482,82,84,-2,2
39483,153,136,17,17
39484,76,82,-6,6
39485,105,112,-7,7
39486,38,50,-12,12
39487,56,71,-15,15
39488,75,79,-4,4
39489,40,49,-9,9
39490,139,137,2,2
39491,78,96,-18,18
39492,72,78,-6,6
39493,123,127,-4,4
39494,71,75,-4,4
39495,144,134,10,10
39496,51,65,-14,14
39497,63,69,-6,6
39498,51,65,-14,14
39499,98,97,1,1
39500,83,84,-1,1
39501,75,92,-17,17
39502,108,108,0,0
39503,100,100,0,0
39504,61,65,-4,4
39505,76,80,-4,4
39506,156,189,-33,33
39507,69,73,-4,4
39508,219,198,21,21
39509,112,110,2,2
39510,86,92,-6,6
39511,53,60,-7,7
39512,108,104,4,4
39513,82,83,-1,1
39514,89,83,6,6
39515,125,119,6,6
39516,96,114,-18,18
39517,113,110,3,3
39518,61,73,-12,12
39519,39,54,-15,15
39520,65,82,-17,17
39521,101,99,2,2
39522,188,158,30,30
39523,73,77,-4,4
39524,51,71,-20,20
39525,126,122,4,4
39526,95,119,-24,24
39527,85,105,-20,20
39528,112,116,-4,4
39529,117,119,-2,2
39530,109,95,14,14
39531,47,64,-17,17
39532,63,78,-15,15
39533,92,96,-4,4
39534,78,84,-6,6
39535,100,95,5,5
39536,137,121,16,16
39537,163,152,11,11
39538,74,82,-8,8
39539,64,78,-14,14
39540,87,80,7,7
39541,87,91,-4,4
39542,120,122,-2,2
39543,129,121,8,8
39544,137,132,5,5
39545,65,72,-7,7
39546,67,74,-7,7
39547,83,85,-2,2
39548,91,91,0,0
39549,88,86,2,2
39550,47,59,-12,12
39551,119,119,0,0
39552,76,82,-6,6
39553,96,95,1,1
39554,69,82,-13,13
39555,91,95,-4,4
39556,95,98,-3,3
39557,89,99,-10,10
39558,89,85,4,4
39559,106,107,-1,1
39560,86,77,9,9
39561,119,107,12,12
39562,76,86,-10,10
39563,95,88,7,7
39564,93,93,0,0
39565,93,84,9,9
39566,87,90,-3,3
39567,142,142,0,0
39568,81,87,-6,6
39569,54,60,-6,6
39570,131,119,12,12
39571,53,63,-10,10
39572,132,130,2,2
39573,83,89,-6,6
39574,77,75,2,2
39575,86,92,-6,6
39576,135,124,11,11
39577,114,107,7,7
39578,75,91,-16,16
39579,62,79,-17,17
39580,96,94,2,2
39581,88,84,4,4
39582,58,67,-9,9
39583,55,67,-12,12
39584,70,75,-5,5
39585,162,144,18,18
39586,98,93,5,5
39587,73,75,-2,2
39588,52,65,-13,13
39589,86,88,-2,2
39590,133,120,13,13
39591,102,104,-2,2
39592,137,129,8,8
39593,58,64,-6,6
39594,94,83,11,11
39595,158,140,18,18
39596,88,93,-5,5
39597,81,91,-10,10
39598,88,81,7,7
39599,170,166,4,4
39600,132,124,8,8
39601,160,154,6,6
39602,69,74,-5,5
39603,78,80,-2,2
39604,47,72,-25,25
39605,122,120,2,2
39606,46,54,-8,8
39607,81,87,-6,6
39608,173,169,4,4
39609,36,108,-72,72
39610,84,82,2,2
39611,118,107,11,11
39612,113,101,12,12
39613,162,149,13,13
39614,98,104,-6,6
39615,96,96,0,0
39616,71,77,-6,6
39617,68,73,-5,5
39618,85,86,-1,1
39619,34,71,-37,37
39620,69,81,-12,12
39621,69,79,-10,10
39622,128,122,6,6
39623,99,102,-3,3
39624,121,120,1,1
39625,179,156,23,23
39626,92,97,-5,5
39627,171,166,5,5
39628,94,95,-1,1
39629,112,113,-1,1
39630,79,82,-3,3
39631,57,71,-14,14
39632,72,85,-13,13
39633,161,136,25,25
39634,132,125,7,7
39635,126,117,9,9
39636,78,86,-8,8
39637,72,74,-2,2
39638,88,95,-7,7
39639,93,93,0,0
39640,56,66,-10,10
39641,179,155,24,24
39642,99,95,4,4
39643,143,125,18,18
39644,25,39,-14,14
39645,85,85,0,0
39646,50,61,-11,11
39647,110,103,7,7
39648,133,122,11,11
39649,103,95,8,8
39650,149,142,7,7
39651,146,142,4,4
39652,65,76,-11,11
39653,117,129,-12,12
39654,53,63,-10,10
39655,155,134,21,21
39656,127,124,3,3
39657,87,92,-5,5
39658,167,149,18,18
39659,74,74,0,0
39660,65,74,-9,9
39661,50,60,-10,10
39662,109,106,3,3
39663,65,74,-9,9
39664,98,94,4,4
39665,128,122,6,6
39666,132,129,3,3
39667,174,166,8,8
39668,81,86,-5,5
39669,69,78,-9,9
39670,77,77,0,0
39671,69,73,-4,4
39672,68,76,-8,8
39673,132,131,1,1
39674,152,156,-4,4
39675,87,91,-4,4
39676,30,49,-19,19
39677,98,90,8,8
39678,99,95,4,4
39679,116,117,-1,1
39680,100,100,0,0
39681,137,127,10,10
39682,63,72,-9,9
39683,82,91,-9,9
39684,99,111,-12,12
39685,58,68,-10,10
39686,68,75,-7,7
39687,121,114,7,7
39688,91,83,8,8
39689,61,83,-22,22
39690,46,59,-13,13
39691,107,114,-7,7
39692,80,83,-3,3
39693,78,83,-5,5
39694,83,82,1,1
39695,139,130,9,9
39696,113,116,-3,3
39697,109,111,-2,2
39698,168,155,13,13
39699,148,134,14,14
39700,90,86,4,4
39701,49,64,-15,15
39702,91,101,-10,10
39703,48,60,-12,12
39704,99,102,-3,3
39705,125,126,-1,1
39706,77,96,-19,19
39707,89,90,-1,1
39708,85,82,3,3
39709,85,86,-1,1
39710,60,71,-11,11
39711,100,97,3,3
39712,61,71,-10,10
39713,87,90,-3,3
39714,79,85,-6,6
39715,48,57,-9,9
39716,90,99,-9,9
39717,85,86,-1,1
39718,77,77,0,0
39719,56,67,-11,11
39720,55,65,-10,10
39721,148,138,10,10
39722,108,101,7,7
39723,69,71,-2,2
39724,151,137,14,14
39725,98,89,9,9
39726,87,93,-6,6
39727,76,79,-3,3
39728,84,86,-2,2
39729,39,55,-16,16
39730,105,103,2,2
39731,68,95,-27,27
39732,58,75,-17,17
39733,81,82,-1,1
39734,108,110,-2,2
39735,98,100,-2,2
39736,148,128,20,20
39737,71,77,-6,6
39738,108,101,7,7
39739,68,79,-11,11
39740,82,86,-4,4
39741,159,138,21,21
39742,109,97,12,12
39743,113,105,8,8
39744,106,103,3,3
39745,124,111,13,13
39746,74,79,-5,5
39747,23,30,-7,7
39748,94,90,4,4
39749,69,75,-6,6
39750,63,74,-11,11
39751,49,64,-15,15
39752,83,85,-2,2
39753,65,72,-7,7
39754,122,99,23,23
39755,110,108,2,2
39756,145,138,7,7
39757,128,115,13,13
39758,61,66,-5,5
39759,135,122,13,13
39760,62,62,0,0
39761,143,120,23,23
39762,59,69,-10,10
39763,133,126,7,7
39764,84,95,-11,11
39765,127,121,6,6
39766,75,77,-2,2
39767,128,123,5,5
39768,85,93,-8,8
39769,127,113,14,14
39770,66,78,-12,12
39771,45,51,-6,6
39772,89,91,-2,2
39773,82,80,2,2
39774,98,93,5,5
39775,51,63,-12,12
39776,112,113,-1,1
39777,70,75,-5,5
39778,75,67,8,8
39779,97,97,0,0
39780,59,78,-19,19
39781,51,57,-6,6
39782,53,62,-9,9
39783,56,74,-18,18
39784,67,70,-3,3
39785,66,77,-11,11
39786,89,92,-3,3
39787,94,86,8,8
39788,77,87,-10,10
39789,41,56,-15,15
39790,85,87,-2,2
39791,72,74,-2,2
39792,108,109,-1,1
39793,105,105,0,0
39794,67,76,-9,9
39795,97,96,1,1
39796,76,81,-5,5
39797,133,141,-8,8
39798,93,95,-2,2
39799,40,57,-17,17
39800,66,70,-4,4
39801,43,56,-13,13
39802,145,132,13,13
39803,135,116,19,19
39804,64,75,-11,11
39805,76,96,-20,20
39806,55,65,-10,10
39807,78,82,-4,4
39808,103,100,3,3
39809,141,138,3,3
39810,152,145,7,7
39811,110,119,-9,9
39812,122,115,7,7
39813,78,83,-5,5
39814,82,85,-3,3
39815,104,94,10,10
39816,112,109,3,3
39817,69,72,-3,3
39818,48,59,-11,11
39819,60,73,-13,13
39820,54,61,-7,7
39821,128,119,9,9
39822,61,67,-6,6
39823,108,114,-6,6
39824,86,89,-3,3
39825,74,85,-11,11
39826,168,149,19,19
39827,76,82,-6,6
39828,80,86,-6,6
39829,96,92,4,4
39830,74,78,-4,4
39831,59,66,-7,7
39832,143,136,7,7
39833,68,69,-1,1
39834,76,82,-6,6
39835,97,101,-4,4
39836,66,75,-9,9
39837,94,95,-1,1
39838,159,149,10,10
39839,76,74,2,2
39840,121,121,0,0
39841,123,122,1,1
39842,80,84,-4,4
39843,77,82,-5,5
39844,52,65,-13,13
39845,115,119,-4,4
39846,180,150,30,30
39847,70,77,-7,7
39848,79,89,-10,10
39849,112,103,9,9
39850,89,95,-6,6
39851,83,86,-3,3
39852,108,114,-6,6
39853,67,76,-9,9
39854,86,88,-2,2
39855,82,91,-9,9
39856,156,148,8,8
39857,141,126,15,15
39858,154,143,11,11
39859,63,71,-8,8
39860,52,62,-10,10
39861,122,110,12,12
39862,69,83,-14,14
39863,93,93,0,0
39864,106,112,-6,6
39865,76,82,-6,6
39866,97,94,3,3
39867,96,94,2,2
39868,116,115,1,1
39869,98,101,-3,3
39870,89,88,1,1
39871,137,134,3,3
39872,88,81,7,7
39873,115,112,3,3
39874,135,127,8,8
39875,99,102,-3,3
39876,68,80,-12,12
39877,98,97,1,1
39878,119,111,8,8
39879,77,79,-2,2
39880,74,85,-11,11
39881,115,112,3,3
39882,67,75,-8,8
39883,79,89,-10,10
39884,107,112,-5,5
39885,83,88,-5,5
39886,74,85,-11,11
39887,160,149,11,11
39888,56,67,-11,11
39889,74,79,-5,5
39890,95,98,-3,3
39891,141,146,-5,5
39892,98,97,1,1
39893,84,89,-5,5
39894,118,113,5,5
39895,58,64,-6,6
39896,54,69,-15,15
39897,74,79,-5,5
39898,69,78,-9,9
39899,123,107,16,16
39900,59,68,-9,9
39901,50,66,-16,16
39902,56,63,-7,7
39903,55,67,-12,12
39904,145,130,15,15
39905,89,86,3,3
39906,74,71,3,3
39907,67,74,-7,7
39908,100,103,-3,3
39909,99,98,1,1
39910,64,73,-9,9
39911,49,66,-17,17
39912,144,138,6,6
39913,65,71,-6,6
39914,57,65,-8,8
39915,74,81,-7,7
39916,82,89,-7,7
39917,80,79,1,1
39918,167,176,-9,9
39919,55,58,-3,3
39920,98,101,-3,3
39921,69,75,-6,6
39922,60,69,-9,9
39923,149,139,10,10
39924,170,161,9,9
39925,56,68,-12,12
39926,120,116,4,4
39927,114,115,-1,1
39928,123,120,3,3
39929,67,79,-12,12
39930,145,138,7,7
39931,72,78,-6,6
39932,85,86,-1,1
39933,117,117,0,0
39934,87,106,-19,19
39935,66,78,-12,12
39936,116,120,-4,4
39937,53,71,-18,18
39938,109,103,6,6
39939,26,40,-14,14
39940,51,63,-12,12
39941,65,68,-3,3
39942,89,86,3,3
39943,110,98,12,12
39944,70,78,-8,8
39945,46,58,-12,12
39946,119,116,3,3
39947,127,119,8,8
39948,95,94,1,1
39949,68,75,-7,7
39950,73,76,-3,3
39951,112,104,8,8
39952,152,154,-2,2
39953,83,87,-4,4
39954,115,111,4,4
39955,131,106,25,25
39956,49,57,-8,8
39957,118,100,18,18
39958,94,89,5,5
39959,120,122,-2,2
39960,64,85,-21,21
39961,145,134,11,11
39962,63,73,-10,10
39963,62,70,-8,8
39964,55,64,-9,9
39965,113,120,-7,7
39966,62,67,-5,5
39967,80,78,2,2
39968,100,96,4,4
39969,72,82,-10,10
39970,75,79,-4,4
39971,104,101,3,3
39972,56,60,-4,4
39973,116,124,-8,8
39974,87,95,-8,8
39975,109,107,2,2
39976,107,111,-4,4
39977,63,74,-11,11
39978,127,130,-3,3
39979,124,108,16,16
39980,67,73,-6,6
39981,229,174,55,55
39982,144,122,22,22
39983,110,111,-1,1
39984,70,72,-2,2
39985,102,98,4,4
39986,153,130,23,23
39987,82,87,-5,5
39988,50,61,-11,11
39989,54,67,-13,13
39990,97,94,3,3
39991,75,85,-10,10
39992,83,83,0,0
39993,88,89,-1,1
39994,129,119,10,10
39995,91,83,8,8
39996,115,103,12,12
39997,96,97,-1,1
39998,177,167,10,10
39999,109,110,-1,1
40000,91,94,-3,3
40001,102,98,4,4
40002,75,75,0,0
40003,67,76,-9,9
40004,85,88,-3,3
40005,133,124,9,9
40006,122,120,2,2
40007,99,97,2,2
40008,72,81,-9,9
40009,80,87,-7,7
40010,61,69,-8,8
40011,118,109,9,9
40012,112,110,2,2
40013,69,82,-13,13
40014,156,144,12,12
40015,140,130,10,10
40016,55,63,-8,8
40017,85,95,-10,10
40018,104,98,6,6
40019,113,104,9,9
40020,61,74,-13,13
40021,110,119,-9,9
40022,142,125,17,17
40023,93,93,0,0
40024,49,63,-14,14
40025,139,132,7,7
40026,42,57,-15,15
40027,80,78,2,2
40028,138,127,11,11
40029,148,140,8,8
40030,28,53,-25,25
40031,54,68,-14,14
40032,85,82,3,3
40033,84,85,-1,1
40034,161,141,20,20
40035,80,82,-2,2
40036,108,120,-12,12
40037,91,96,-5,5
40038,92,88,4,4
40039,92,100,-8,8
40040,91,84,7,7
40041,146,129,17,17
40042,59,75,-16,16
40043,109,99,10,10
40044,67,76,-9,9
40045,89,95,-6,6
40046,156,139,17,17
40047,106,100,6,6
40048,71,77,-6,6
40049,161,147,14,14
40050,97,96,1,1
40051,95,95,0,0
40052,128,125,3,3
40053,79,95,-16,16
40054,127,131,-4,4
40055,88,95,-7,7
40056,63,70,-7,7
40057,47,59,-12,12
40058,67,79,-12,12
40059,44,54,-10,10
40060,70,73,-3,3
40061,59,64,-5,5
40062,115,117,-2,2
40063,123,125,-2,2
40064,49,57,-8,8
40065,81,82,-1,1
40066,55,65,-10,10
40067,105,98,7,7
40068,120,119,1,1
40069,95,100,-5,5
40070,73,80,-7,7
40071,76,84,-8,8
40072,95,96,-1,1
40073,35,48,-13,13
40074,85,84,1,1
40075,65,82,-17,17
40076,125,123,2,2
40077,62,70,-8,8
40078,95,97,-2,2
40079,139,129,10,10
40080,77,86,-9,9
40081,65,72,-7,7
40082,53,66,-13,13
40083,83,79,4,4
40084,62,61,1,1
40085,74,77,-3,3
40086,32,47,-15,15
40087,67,72,-5,5
40088,134,119,15,15
40089,78,88,-10,10
40090,88,89,-1,1
40091,81,88,-7,7
40092,60,72,-12,12
40093,117,103,14,14
40094,61,73,-12,12
40095,147,139,8,8
40096,217,183,34,34
40097,84,86,-2,2
40098,67,71,-4,4
40099,158,164,-6,6
40100,51,68,-17,17
40101,91,95,-4,4
40102,72,74,-2,2
40103,121,122,-1,1
40104,76,76,0,0
40105,117,110,7,7
40106,63,72,-9,9
40107,82,91,-9,9
40108,87,97,-10,10
40109,77,80,-3,3
40110,67,76,-9,9
40111,129,106,23,23
40112,56,65,-9,9
40113,60,73,-13,13
40114,130,119,11,11
40115,106,115,-9,9
40116,73,75,-2,2
40117,89,89,0,0
40118,85,96,-11,11
40119,71,73,-2,2
40120,206,217,-11,11
40121,142,143,-1,1
40122,106,108,-2,2
40123,98,97,1,1
40124,60,78,-18,18
40125,113,116,-3,3
40126,57,68,-11,11
40127,73,74,-1,1
40128,186,149,37,37
40129,87,96,-9,9
40130,122,114,8,8
40131,80,90,-10,10
40132,130,121,9,9
40133,106,103,3,3
40134,175,181,-6,6
40135,135,122,13,13
40136,115,111,4,4
40137,80,84,-4,4
40138,125,114,11,11
40139,85,95,-10,10
40140,85,84,1,1
40141,143,131,12,12
40142,92,92,0,0
40143,74,70,4,4
40144,66,81,-15,15
40145,68,74,-6,6
40146,103,98,5,5
40147,82,85,-3,3
40148,57,67,-10,10
40149,102,110,-8,8
40150,117,116,1,1
40151,79,86,-7,7
40152,179,149,30,30
40153,111,120,-9,9
40154,59,69,-10,10
40155,90,90,0,0
40156,82,107,-25,25
40157,120,117,3,3
40158,89,93,-4,4
40159,76,81,-5,5
40160,74,74,0,0
40161,54,65,-11,11
40162,51,63,-12,12
40163,71,79,-8,8
40164,116,101,15,15
40165,84,82,2,2
40166,107,101,6,6
40167,83,83,0,0
40168,170,152,18,18
40169,118,118,0,0
40170,115,106,9,9
40171,78,91,-13,13
40172,155,142,13,13
40173,143,142,1,1
40174,80,90,-10,10
40175,64,79,-15,15
40176,97,89,8,8
40177,92,96,-4,4
40178,63,75,-12,12
40179,196,164,32,32
40180,70,82,-12,12
40181,95,97,-2,2
40182,73,80,-7,7
40183,64,79,-15,15
40184,86,98,-12,12
40185,93,99,-6,6
40186,81,82,-1,1
40187,132,108,24,24
40188,89,80,9,9
40189,80,77,3,3
40190,61,69,-8,8
40191,148,144,4,4
40192,104,101,3,3
40193,105,105,0,0
40194,94,92,2,2
40195,72,80,-8,8
40196,71,77,-6,6
40197,115,111,4,4
40198,100,98,2,2
40199,64,70,-6,6
40200,88,94,-6,6
40201,175,172,3,3
40202,153,151,2,2
40203,58,64,-6,6
40204,143,143,0,0
40205,49,58,-9,9
40206,62,67,-5,5
40207,72,76,-4,4
40208,112,112,0,0
40209,90,88,2,2
40210,88,89,-1,1
40211,92,91,1,1
40212,25,41,-16,16
40213,97,95,2,2
40214,133,119,14,14
40215,86,90,-4,4
40216,81,83,-2,2
40217,164,146,18,18
40218,64,68,-4,4
40219,79,81,-2,2
40220,108,107,1,1
40221,62,74,-12,12
40222,84,87,-3,3
40223,187,175,12,12
40224,70,83,-13,13
40225,119,112,7,7
40226,86,88,-2,2
40227,118,110,8,8
40228,79,86,-7,7
40229,77,80,-3,3
40230,85,93,-8,8
40231,107,98,9,9
40232,76,82,-6,6
40233,54,58,-4,4
40234,66,73,-7,7
40235,64,79,-15,15
40236,56,63,-7,7
40237,147,148,-1,1
40238,92,86,6,6
40239,119,110,9,9
40240,61,77,-16,16
40241,112,104,8,8
40242,116,119,-3,3
40243,68,81,-13,13
40244,153,143,10,10
40245,114,122,-8,8
40246,115,113,2,2
40247,91,93,-2,2
40248,68,77,-9,9
40249,111,105,6,6
40250,79,77,2,2
40251,57,71,-14,14
40252,114,112,2,2
40253,66,78,-12,12
40254,96,86,10,10
40255,83,95,-12,12
40256,93,86,7,7
40257,83,82,1,1
40258,80,80,0,0
40259,82,86,-4,4
40260,114,113,1,1
40261,49,68,-19,19
40262,67,79,-12,12
40263,79,82,-3,3
40264,77,80,-3,3
40265,64,72,-8,8
40266,177,159,18,18
40267,71,81,-10,10
40268,99,94,5,5
40269,90,89,1,1
40270,107,104,3,3
40271,103,95,8,8
40272,144,134,10,10
40273,81,82,-1,1
40274,69,76,-7,7
40275,63,84,-21,21
40276,105,106,-1,1
40277,100,94,6,6
40278,118,119,-1,1
40279,89,85,4,4
40280,90,92,-2,2
40281,88,95,-7,7
40282,69,71,-2,2
40283,59,65,-6,6
40284,84,84,0,0
40285,143,137,6,6
40286,112,120,-8,8
40287,143,149,-6,6
40288,78,87,-9,9
40289,38,54,-16,16
40290,107,98,9,9
40291,57,67,-10,10
40292,62,96,-34,34
40293,79,85,-6,6
40294,72,80,-8,8
40295,85,85,0,0
40296,83,88,-5,5
40297,69,75,-6,6
40298,62,69,-7,7
40299,80,86,-6,6
40300,55,74,-19,19
40301,77,76,1,1
40302,77,92,-15,15
40303,81,93,-12,12
40304,88,88,0,0
40305,75,88,-13,13
40306,103,106,-3,3
40307,63,68,-5,5
40308,115,102,13,13
40309,149,146,3,3
40310,48,58,-10,10
40311,67,69,-2,2
40312,167,140,27,27
40313,116,114,2,2
40314,40,58,-18,18
40315,93,97,-4,4
40316,98,96,2,2
40317,105,96,9,9
40318,150,134,16,16
40319,174,144,30,30
40320,156,133,23,23
40321,61,100,-39,39
40322,124,125,-1,1
40323,61,69,-8,8
40324,58,68,-10,10
40325,147,142,5,5
40326,80,93,-13,13
40327,115,103,12,12
40328,139,133,6,6
40329,73,78,-5,5
40330,208,191,17,17
40331,92,100,-8,8
40332,63,67,-4,4
40333,126,113,13,13
40334,31,41,-10,10
40335,55,79,-24,24
40336,154,140,14,14
40337,110,108,2,2
40338,62,68,-6,6
40339,124,117,7,7
40340,81,79,2,2
40341,78,75,3,3
40342,122,130,-8,8
40343,110,119,-9,9
40344,100,91,9,9
40345,112,110,2,2
40346,58,64,-6,6
40347,92,92,0,0
40348,143,134,9,9
40349,76,80,-4,4
40350,62,75,-13,13
40351,72,79,-7,7
40352,96,101,-5,5
40353,98,99,-1,1
40354,209,173,36,36
40355,81,83,-2,2
40356,65,76,-11,11
40357,111,100,11,11
40358,158,135,23,23
40359,106,110,-4,4
40360,124,116,8,8
40361,90,87,3,3
40362,95,97,-2,2
40363,86,93,-7,7
40364,89,88,1,1
40365,59,76,-17,17
40366,132,119,13,13
40367,91,83,8,8
40368,90,87,3,3
40369,85,88,-3,3
40370,77,93,-16,16
40371,68,70,-2,2
40372,77,88,-11,11
40373,125,124,1,1
40374,53,60,-7,7
40375,100,105,-5,5
40376,128,126,2,2
40377,78,76,2,2
40378,73,93,-20,20
40379,79,84,-5,5
40380,89,94,-5,5
40381,101,100,1,1
40382,93,107,-14,14
40383,93,95,-2,2
40384,62,70,-8,8
40385,113,114,-1,1
40386,117,112,5,5
40387,133,123,10,10
40388,107,114,-7,7
40389,64,90,-26,26
40390,48,64,-16,16
40391,103,102,1,1
40392,91,97,-6,6
40393,121,125,-4,4
40394,109,107,2,2
40395,92,93,-1,1
40396,118,107,11,11
40397,82,91,-9,9
40398,76,74,2,2
40399,98,94,4,4
40400,118,108,10,10
40401,124,126,-2,2
40402,120,101,19,19
40403,85,92,-7,7
40404,112,109,3,3
40405,88,92,-4,4
40406,65,67,-2,2
40407,48,59,-11,11
40408,66,81,-15,15
40409,106,86,20,20
40410,174,137,37,37
40411,161,147,14,14
40412,42,62,-20,20
40413,65,77,-12,12
40414,47,63,-16,16
40415,100,108,-8,8
40416,91,93,-2,2
40417,59,69,-10,10
40418,77,88,-11,11
40419,83,84,-1,1
40420,91,90,1,1
40421,91,90,1,1
40422,163,152,11,11
40423,89,86,3,3
40424,144,143,1,1
40425,107,116,-9,9
40426,75,81,-6,6
40427,210,201,9,9
40428,168,158,10,10
40429,116,103,13,13
40430,67,84,-17,17
40431,66,75,-9,9
40432,23,29,-6,6
40433,99,96,3,3
40434,66,74,-8,8
40435,56,66,-10,10
40436,92,92,0,0
40437,132,121,11,11
40438,67,79,-12,12
40439,42,49,-7,7
40440,123,120,3,3
40441,44,58,-14,14
40442,117,113,4,4
40443,109,105,4,4
40444,106,102,4,4
40445,92,94,-2,2
40446,88,85,3,3
40447,74,81,-7,7
40448,114,123,-9,9
40449,146,127,19,19
40450,105,102,3,3
40451,91,97,-6,6
40452,124,119,5,5
40453,178,160,18,18
40454,98,97,1,1
40455,145,147,-2,2
40456,76,81,-5,5
40457,100,98,2,2
40458,128,110,18,18
40459,152,139,13,13
40460,40,54,-14,14
40461,65,76,-11,11
40462,107,109,-2,2
40463,90,90,0,0
40464,100,105,-5,5
40465,71,89,-18,18
40466,55,66,-11,11
40467,80,87,-7,7
40468,131,116,15,15
40469,28,49,-21,21
40470,93,98,-5,5
40471,149,151,-2,2
40472,88,95,-7,7
40473,50,64,-14,14
40474,82,94,-12,12
40475,125,115,10,10
40476,131,115,16,16
40477,93,102,-9,9
40478,83,86,-3,3
40479,149,146,3,3
40480,74,86,-12,12
40481,124,121,3,3
40482,174,148,26,26
40483,83,111,-28,28
40484,119,120,-1,1
40485,85,85,0,0
40486,70,72,-2,2
40487,197,184,13,13
40488,131,123,8,8
40489,130,119,11,11
40490,73,84,-11,11
40491,97,94,3,3
40492,85,94,-9,9
40493,198,165,33,33
40494,100,96,4,4
40495,81,93,-12,12
40496,71,79,-8,8
40497,97,99,-2,2
40498,77,91,-14,14
40499,88,90,-2,2
40500,90,85,5,5
40501,74,81,-7,7
40502,70,76,-6,6
40503,63,67,-4,4
40504,149,132,17,17
40505,97,93,4,4
40506,65,76,-11,11
40507,81,84,-3,3
40508,100,101,-1,1
40509,79,91,-12,12
40510,106,105,1,1
40511,79,87,-8,8
40512,137,132,5,5
40513,82,91,-9,9
40514,68,67,1,1
40515,100,94,6,6
40516,40,57,-17,17
40517,57,64,-7,7
40518,73,84,-11,11
40519,85,91,-6,6
40520,135,123,12,12
40521,126,121,5,5
40522,158,147,11,11
40523,110,106,4,4
40524,125,126,-1,1
40525,115,108,7,7
40526,112,115,-3,3
40527,71,81,-10,10
40528,121,134,-13,13
40529,97,105,-8,8
40530,104,103,1,1
40531,97,97,0,0
40532,54,65,-11,11
40533,76,83,-7,7
40534,132,110,22,22
40535,98,102,-4,4
40536,107,102,5,5
40537,119,109,10,10
40538,125,117,8,8
40539,96,101,-5,5
40540,49,64,-15,15
40541,89,83,6,6
40542,101,97,4,4
40543,86,97,-11,11
40544,43,57,-14,14
40545,40,52,-12,12
40546,109,106,3,3
40547,49,65,-16,16
40548,99,102,-3,3
40549,120,102,18,18
40550,70,86,-16,16
40551,177,156,21,21
40552,59,75,-16,16
40553,90,93,-3,3
40554,99,100,-1,1
40555,99,101,-2,2
40556,113,104,9,9
40557,87,89,-2,2
40558,120,119,1,1
40559,122,111,11,11
40560,156,147,9,9
40561,90,86,4,4
40562,109,107,2,2
40563,59,75,-16,16
40564,110,111,-1,1
40565,64,73,-9,9
40566,76,83,-7,7
40567,93,91,2,2
40568,81,91,-10,10
40569,155,140,15,15
40570,77,91,-14,14
40571,52,63,-11,11
40572,48,64,-16,16
40573,94,100,-6,6
40574,72,83,-11,11
40575,78,96,-18,18
40576,108,103,5,5
40577,74,88,-14,14
40578,67,73,-6,6
40579,88,86,2,2
40580,127,121,6,6
40581,88,101,-13,13
40582,53,59,-6,6
40583,101,102,-1,1
40584,105,100,5,5
40585,120,117,3,3
40586,63,78,-15,15
40587,50,63,-13,13
40588,67,75,-8,8
40589,121,121,0,0
40590,76,81,-5,5
40591,95,85,10,10
40592,97,100,-3,3
40593,63,75,-12,12
40594,135,128,7,7
40595,61,69,-8,8
40596,79,86,-7,7
40597,133,123,10,10
40598,97,102,-5,5
40599,78,73,5,5
40600,96,94,2,2
40601,47,57,-10,10
40602,139,122,17,17
40603,99,95,4,4
40604,113,101,12,12
40605,94,92,2,2
40606,100,105,-5,5
40607,71,84,-13,13
40608,102,108,-6,6
40609,113,107,6,6
40610,85,89,-4,4
40611,75,70,5,5
40612,62,66,-4,4
40613,111,94,17,17
40614,80,83,-3,3
40615,117,115,2,2
40616,107,105,2,2
40617,75,81,-6,6
40618,82,90,-8,8
40619,73,79,-6,6
40620,110,105,5,5
40621,115,109,6,6
40622,151,142,9,9
40623,60,72,-12,12
40624,51,65,-14,14
40625,76,77,-1,1
40626,115,105,10,10
40627,79,83,-4,4
40628,85,93,-8,8
40629,84,92,-8,8
40630,136,121,15,15
40631,76,83,-7,7
40632,30,53,-23,23
40633,141,132,9,9
40634,83,83,0,0
40635,81,91,-10,10
40636,79,86,-7,7
40637,113,113,0,0
40638,88,86,2,2
40639,145,163,-18,18
40640,156,144,12,12
40641,80,92,-12,12
40642,103,100,3,3
40643,116,109,7,7
40644,76,77,-1,1
40645,123,119,4,4
40646,93,94,-1,1
40647,103,106,-3,3
40648,67,73,-6,6
40649,102,109,-7,7
40650,92,84,8,8
40651,86,88,-2,2
40652,56,68,-12,12
40653,80,89,-9,9
40654,137,129,8,8
40655,48,64,-16,16
40656,87,81,6,6
40657,112,119,-7,7
40658,74,76,-2,2
40659,87,91,-4,4
40660,101,108,-7,7
40661,58,72,-14,14
40662,116,109,7,7
40663,97,95,2,2
40664,65,71,-6,6
40665,98,92,6,6
40666,98,93,5,5
40667,156,142,14,14
40668,88,91,-3,3
40669,85,95,-10,10
40670,64,68,-4,4
40671,72,80,-8,8
40672,107,114,-7,7
40673,87,102,-15,15
40674,115,111,4,4
40675,102,91,11,11
40676,120,108,12,12
40677,87,95,-8,8
40678,81,86,-5,5
40679,53,64,-11,11
40680,71,82,-11,11
40681,78,81,-3,3
40682,104,97,7,7
40683,113,117,-4,4
40684,51,57,-6,6
40685,65,78,-13,13
40686,109,127,-18,18
40687,78,85,-7,7
40688,105,94,11,11
40689,93,101,-8,8
40690,103,100,3,3
40691,113,101,12,12
40692,77,91,-14,14
40693,135,123,12,12
40694,82,77,5,5
40695,84,86,-2,2
40696,56,72,-16,16
40697,54,63,-9,9
40698,146,133,13,13
40699,149,138,11,11
40700,91,86,5,5
40701,61,67,-6,6
40702,117,123,-6,6
40703,46,58,-12,12
40704,159,149,10,10
40705,94,86,8,8
40706,153,134,19,19
40707,108,100,8,8
40708,85,82,3,3
40709,69,78,-9,9
40710,295,206,89,89
40711,74,78,-4,4
40712,103,103,0,0
40713,80,82,-2,2
40714,68,75,-7,7
40715,120,122,-2,2
40716,86,89,-3,3
40717,118,113,5,5
40718,74,82,-8,8
40719,99,88,11,11
40720,76,76,0,0
40721,134,120,14,14
40722,97,110,-13,13
40723,66,78,-12,12
40724,92,102,-10,10
40725,50,62,-12,12
40726,83,91,-8,8
40727,98,100,-2,2
40728,72,77,-5,5
40729,71,78,-7,7
40730,71,83,-12,12
40731,78,86,-8,8
40732,81,88,-7,7
40733,126,122,4,4
40734,71,74,-3,3
40735,70,76,-6,6
40736,141,132,9,9
40737,75,76,-1,1
40738,85,86,-1,1
40739,89,94,-5,5
40740,82,91,-9,9
40741,174,149,25,25
40742,77,80,-3,3
40743,113,119,-6,6
40744,165,155,10,10
40745,55,63,-8,8
40746,94,86,8,8
40747,81,89,-8,8
40748,103,99,4,4
40749,87,87,0,0
40750,68,88,-20,20
40751,205,200,5,5
40752,85,91,-6,6
40753,66,70,-4,4
40754,68,73,-5,5
40755,87,89,-2,2
40756,101,95,6,6
40757,115,112,3,3
40758,69,77,-8,8
40759,144,133,11,11
40760,97,97,0,0
40761,107,108,-1,1
40762,88,103,-15,15
40763,138,128,10,10
40764,90,84,6,6
40765,129,132,-3,3
40766,66,73,-7,7
40767,75,80,-5,5
40768,118,112,6,6
40769,99,99,0,0
40770,77,79,-2,2
40771,89,90,-1,1
40772,95,100,-5,5
40773,56,64,-8,8
40774,115,111,4,4
40775,59,67,-8,8
40776,117,117,0,0
40777,110,110,0,0
40778,120,100,20,20
40779,98,89,9,9
40780,121,120,1,1
40781,100,88,12,12
40782,85,86,-1,1
40783,106,104,2,2
40784,165,145,20,20
40785,65,79,-14,14
40786,58,65,-7,7
40787,165,152,13,13
40788,56,67,-11,11
40789,62,74,-12,12
40790,85,83,2,2
40791,93,100,-7,7
40792,57,70,-13,13
40793,97,97,0,0
40794,96,99,-3,3
40795,45,60,-15,15
40796,114,110,4,4
40797,77,79,-2,2
40798,77,86,-9,9
40799,89,87,2,2
40800,70,80,-10,10
40801,84,91,-7,7
40802,89,102,-13,13
40803,104,107,-3,3
40804,88,89,-1,1
40805,68,75,-7,7
40806,67,76,-9,9
40807,51,59,-8,8
40808,144,141,3,3
40809,135,128,7,7
40810,89,93,-4,4
40811,122,117,5,5
40812,110,105,5,5
40813,81,86,-5,5
40814,147,147,0,0
40815,60,67,-7,7
40816,137,140,-3,3
40817,110,110,0,0
40818,125,119,6,6
40819,89,96,-7,7
40820,129,136,-7,7
40821,70,70,0,0
40822,149,148,1,1
40823,72,76,-4,4
40824,96,99,-3,3
40825,76,83,-7,7
40826,154,143,11,11
40827,220,184,36,36
40828,106,108,-2,2
40829,95,100,-5,5
40830,158,156,2,2
40831,140,136,4,4
40832,86,90,-4,4
40833,96,89,7,7
40834,100,97,3,3
40835,70,82,-12,12
40836,64,73,-9,9
40837,147,138,9,9
40838,75,81,-6,6
40839,80,82,-2,2
40840,161,143,18,18
40841,83,100,-17,17
40842,89,82,7,7
40843,169,155,14,14
40844,85,91,-6,6
40845,151,147,4,4
40846,85,83,2,2
40847,61,74,-13,13
40848,62,71,-9,9
40849,118,108,10,10
40850,97,95,2,2
40851,118,109,9,9
40852,104,94,10,10
40853,44,56,-12,12
40854,101,98,3,3
40855,69,76,-7,7
40856,52,63,-11,11
40857,115,113,2,2
40858,56,65,-9,9
40859,110,118,-8,8
40860,96,118,-22,22
40861,88,89,-1,1
40862,94,97,-3,3
40863,60,68,-8,8
40864,108,105,3,3
40865,114,104,10,10
40866,87,92,-5,5
40867,102,101,1,1
40868,75,79,-4,4
40869,56,61,-5,5
40870,123,126,-3,3
40871,29,55,-26,26
40872,70,85,-15,15
40873,87,84,3,3
40874,48,70,-22,22
40875,108,100,8,8
40876,164,158,6,6
40877,125,111,14,14
40878,66,73,-7,7
40879,190,171,19,19
40880,91,91,0,0
40881,116,99,17,17
40882,96,95,1,1
40883,86,88,-2,2
40884,157,158,-1,1
40885,149,133,16,16
40886,54,63,-9,9
40887,81,84,-3,3
40888,97,103,-6,6
40889,128,120,8,8
40890,96,100,-4,4
40891,121,121,0,0
40892,131,122,9,9
40893,133,120,13,13
40894,130,122,8,8
40895,97,93,4,4
40896,68,81,-13,13
40897,118,106,12,12
40898,91,92,-1,1
40899,90,103,-13,13
40900,65,72,-7,7
40901,143,125,18,18
40902,80,74,6,6
40903,96,86,10,10
40904,104,97,7,7
40905,112,113,-1,1
40906,86,89,-3,3
40907,91,96,-5,5
40908,205,169,36,36
40909,73,86,-13,13
40910,101,95,6,6
40911,73,80,-7,7
40912,90,89,1,1
40913,191,184,7,7
40914,90,91,-1,1
40915,149,142,7,7
40916,73,87,-14,14
40917,152,146,6,6
40918,115,108,7,7
40919,88,96,-8,8
40920,86,86,0,0
40921,103,100,3,3
40922,37,51,-14,14
40923,83,80,3,3
40924,76,74,2,2
40925,56,63,-7,7
40926,130,122,8,8
40927,67,71,-4,4
40928,78,78,0,0
40929,105,102,3,3
40930,101,100,1,1
40931,88,90,-2,2
40932,83,90,-7,7
40933,108,107,1,1
40934,67,72,-5,5
40935,107,104,3,3
40936,43,50,-7,7
40937,71,83,-12,12
40938,99,94,5,5
40939,120,124,-4,4
40940,132,119,13,13
40941,30,48,-18,18
40942,88,92,-4,4
40943,82,97,-15,15
40944,59,74,-15,15
40945,68,77,-9,9
40946,120,105,15,15
40947,60,67,-7,7
40948,103,99,4,4
40949,110,106,4,4
40950,114,106,8,8
40951,90,91,-1,1
40952,192,170,22,22
40953,100,99,1,1
40954,119,117,2,2
40955,91,88,3,3
40956,98,98,0,0
40957,51,61,-10,10
40958,94,92,2,2
40959,98,101,-3,3
40960,71,74,-3,3
40961,106,119,-13,13
40962,78,85,-7,7
40963,66,77,-11,11
40964,79,86,-7,7
40965,85,91,-6,6
40966,147,142,5,5
40967,68,73,-5,5
40968,66,70,-4,4
40969,81,85,-4,4
40970,133,127,6,6
40971,120,114,6,6
40972,71,81,-10,10
40973,169,159,10,10
40974,159,144,15,15
40975,57,72,-15,15
40976,73,81,-8,8
40977,44,55,-11,11
40978,85,93,-8,8
40979,49,71,-22,22
40980,54,62,-8,8
40981,89,86,3,3
40982,62,75,-13,13
40983,88,89,-1,1
40984,93,101,-8,8
40985,66,73,-7,7
40986,69,76,-7,7
40987,138,143,-5,5
40988,88,94,-6,6
40989,102,104,-2,2
40990,45,57,-12,12
40991,48,59,-11,11
40992,106,108,-2,2
40993,158,127,31,31
40994,125,119,6,6
40995,64,85,-21,21
40996,153,148,5,5
40997,66,72,-6,6
40998,87,92,-5,5
40999,90,90,0,0
41000,105,105,0,0
41001,51,60,-9,9
41002,148,132,16,16
41003,123,127,-4,4
41004,59,67,-8,8
41005,88,80,8,8
41006,91,94,-3,3
41007,77,85,-8,8
41008,98,97,1,1
41009,84,91,-7,7
41010,97,95,2,2
41011,129,117,12,12
41012,158,153,5,5
41013,99,102,-3,3
41014,153,146,7,7
41015,140,120,20,20
41016,97,94,3,3
41017,116,119,-3,3
41018,108,101,7,7
41019,117,116,1,1
41020,112,104,8,8
41021,70,76,-6,6
41022,117,121,-4,4
41023,186,173,13,13
41024,88,92,-4,4
41025,40,55,-15,15
41026,69,76,-7,7
41027,138,121,17,17
41028,68,78,-10,10
41029,194,164,30,30
41030,141,132,9,9
41031,66,85,-19,19
41032,87,97,-10,10
41033,112,107,5,5
41034,120,106,14,14
41035,117,107,10,10
41036,116,120,-4,4
41037,113,120,-7,7
41038,109,119,-10,10
41039,116,111,5,5
41040,107,102,5,5
41041,156,139,17,17
41042,54,63,-9,9
41043,96,94,2,2
41044,116,109,7,7
41045,105,100,5,5
41046,53,59,-6,6
41047,146,134,12,12
41048,111,119,-8,8
41049,55,61,-6,6
41050,130,121,9,9
41051,89,90,-1,1
41052,99,108,-9,9
41053,101,94,7,7
41054,107,107,0,0
41055,56,67,-11,11
41056,72,81,-9,9
41057,141,132,9,9
41058,49,63,-14,14
41059,50,56,-6,6
41060,106,97,9,9
41061,71,74,-3,3
41062,82,97,-15,15
41063,112,104,8,8
41064,114,115,-1,1
41065,91,95,-4,4
41066,79,83,-4,4
41067,87,92,-5,5
41068,72,74,-2,2
41069,140,134,6,6
41070,79,90,-11,11
41071,103,97,6,6
41072,105,104,1,1
41073,80,84,-4,4
41074,63,72,-9,9
41075,89,89,0,0
41076,58,71,-13,13
41077,71,72,-1,1
41078,91,96,-5,5
41079,64,66,-2,2
41080,134,126,8,8
41081,144,139,5,5
41082,46,75,-29,29
41083,79,92,-13,13
41084,137,122,15,15
41085,71,77,-6,6
41086,88,88,0,0
41087,99,93,6,6
41088,77,84,-7,7
41089,71,78,-7,7
41090,66,72,-6,6
41091,57,71,-14,14
41092,107,105,2,2
41093,157,149,8,8
41094,59,72,-13,13
41095,107,118,-11,11
41096,150,134,16,16
41097,97,100,-3,3
41098,56,65,-9,9
41099,122,118,4,4
41100,118,104,14,14
41101,98,87,11,11
41102,87,95,-8,8
41103,84,76,8,8
41104,67,72,-5,5
41105,97,100,-3,3
41106,110,109,1,1
41107,75,81,-6,6
41108,49,63,-14,14
41109,121,130,-9,9
41110,124,120,4,4
41111,86,90,-4,4
41112,91,94,-3,3
41113,74,75,-1,1
41114,87,81,6,6
41115,61,71,-10,10
41116,76,85,-9,9
41117,169,162,7,7
41118,79,83,-4,4
41119,85,96,-11,11
41120,129,119,10,10
41121,68,76,-8,8
41122,88,110,-22,22
41123,136,123,13,13
41124,81,87,-6,6
41125,143,141,2,2
41126,66,72,-6,6
41127,90,97,-7,7
41128,69,76,-7,7
41129,129,128,1,1
41130,77,88,-11,11
41131,128,124,4,4
41132,110,112,-2,2
41133,125,122,3,3
41134,82,84,-2,2
41135,147,131,16,16
41136,77,84,-7,7
41137,81,74,7,7
41138,91,90,1,1
41139,106,95,11,11
41140,65,77,-12,12
41141,59,66,-7,7
41142,107,111,-4,4
41143,75,88,-13,13
41144,86,100,-14,14
41145,92,94,-2,2
41146,87,93,-6,6
41147,115,122,-7,7
41148,70,79,-9,9
41149,78,78,0,0
41150,77,78,-1,1
41151,142,145,-3,3
41152,161,150,11,11
41153,145,129,16,16
41154,102,100,2,2
41155,68,75,-7,7
41156,81,90,-9,9
41157,92,88,4,4
41158,91,95,-4,4
41159,87,88,-1,1
41160,168,156,12,12
41161,58,66,-8,8
41162,119,101,18,18
41163,55,60,-5,5
41164,69,77,-8,8
41165,69,76,-7,7
41166,99,101,-2,2
41167,72,77,-5,5
41168,82,89,-7,7
41169,134,123,11,11
41170,88,85,3,3
41171,61,73,-12,12
41172,77,83,-6,6
41173,106,115,-9,9
41174,89,92,-3,3
41175,90,90,0,0
41176,102,107,-5,5
41177,77,79,-2,2
41178,63,70,-7,7
41179,76,81,-5,5
41180,67,70,-3,3
41181,64,80,-16,16
41182,66,77,-11,11
41183,126,120,6,6
41184,91,99,-8,8
41185,148,127,21,21
41186,111,105,6,6
41187,58,72,-14,14
41188,93,90,3,3
41189,80,82,-2,2
41190,173,157,16,16
41191,80,81,-1,1
41192,117,109,8,8
41193,69,68,1,1
41194,115,113,2,2
41195,122,109,13,13
41196,76,83,-7,7
41197,89,79,10,10
41198,92,107,-15,15
41199,101,99,2,2
41200,156,141,15,15
41201,88,90,-2,2
41202,61,67,-6,6
41203,80,82,-2,2
41204,128,121,7,7
41205,101,96,5,5
41206,114,109,5,5
41207,142,121,21,21
41208,53,60,-7,7
41209,138,128,10,10
41210,49,61,-12,12
41211,146,126,20,20
41212,91,90,1,1
41213,136,139,-3,3
41214,60,75,-15,15
41215,147,134,13,13
41216,86,88,-2,2
41217,71,75,-4,4
41218,127,149,-22,22
41219,62,72,-10,10
41220,109,100,9,9
41221,69,76,-7,7
41222,186,172,14,14
41223,44,58,-14,14
41224,39,51,-12,12
41225,89,95,-6,6
41226,113,115,-2,2
41227,65,72,-7,7
41228,63,75,-12,12
41229,61,74,-13,13
41230,132,121,11,11
41231,70,80,-10,10
41232,179,168,11,11
41233,103,109,-6,6
41234,118,107,11,11
41235,71,77,-6,6
41236,156,137,19,19
41237,95,94,1,1
41238,108,112,-4,4
41239,92,95,-3,3
41240,125,116,9,9
41241,103,94,9,9
41242,87,84,3,3
41243,57,73,-16,16
41244,95,96,-1,1
41245,207,202,5,5
41246,72,80,-8,8
41247,158,150,8,8
41248,78,84,-6,6
41249,59,70,-11,11
41250,77,76,1,1
41251,78,78,0,0
41252,120,106,14,14
41253,137,127,10,10
41254,71,72,-1,1
41255,117,112,5,5
41256,97,99,-2,2
41257,108,106,2,2
41258,64,75,-11,11
41259,125,118,7,7
41260,57,59,-2,2
41261,47,61,-14,14
41262,110,98,12,12
41263,173,171,2,2
41264,70,72,-2,2
41265,112,107,5,5
41266,69,77,-8,8
41267,95,92,3,3
41268,50,59,-9,9
41269,60,68,-8,8
41270,108,109,-1,1
41271,88,90,-2,2
41272,141,155,-14,14
41273,65,74,-9,9
41274,111,122,-11,11
41275,110,99,11,11
41276,156,127,29,29
41277,70,91,-21,21
41278,77,89,-12,12
41279,111,108,3,3
41280,77,82,-5,5
41281,132,143,-11,11
41282,94,88,6,6
41283,87,91,-4,4
41284,71,82,-11,11
41285,69,81,-12,12
41286,57,67,-10,10
41287,63,74,-11,11
41288,170,161,9,9
41289,99,97,2,2
41290,91,94,-3,3
41291,75,86,-11,11
41292,155,146,9,9
41293,169,152,17,17
41294,121,110,11,11
41295,56,66,-10,10
41296,73,79,-6,6
41297,142,88,54,54
41298,76,91,-15,15
41299,117,114,3,3
41300,113,116,-3,3
41301,63,65,-2,2
41302,146,128,18,18
41303,71,73,-2,2
41304,68,73,-5,5
41305,96,96,0,0
41306,64,75,-11,11
41307,79,76,3,3
41308,77,81,-4,4
41309,54,67,-13,13
41310,81,87,-6,6
41311,106,109,-3,3
41312,130,119,11,11
41313,63,69,-6,6
41314,74,82,-8,8
41315,87,92,-5,5
41316,97,96,1,1
41317,136,140,-4,4
41318,78,80,-2,2
41319,114,104,10,10
41320,172,184,-12,12
41321,69,88,-19,19
41322,55,68,-13,13
41323,68,73,-5,5
41324,84,85,-1,1
41325,64,67,-3,3
41326,44,60,-16,16
41327,98,95,3,3
41328,118,121,-3,3
41329,115,107,8,8
41330,151,140,11,11
41331,66,77,-11,11
41332,150,128,22,22
41333,94,92,2,2
41334,83,93,-10,10
41335,138,124,14,14
41336,96,96,0,0
41337,117,114,3,3
41338,32,45,-13,13
41339,167,155,12,12
41340,162,138,24,24
41341,120,122,-2,2
41342,84,89,-5,5
41343,64,69,-5,5
41344,147,138,9,9
41345,74,82,-8,8
41346,42,63,-21,21
41347,65,82,-17,17
41348,87,87,0,0
41349,101,107,-6,6
41350,64,70,-6,6
41351,54,71,-17,17
41352,99,103,-4,4
41353,60,72,-12,12
41354,62,70,-8,8
41355,134,120,14,14
41356,79,85,-6,6
41357,74,79,-5,5
41358,103,110,-7,7
41359,160,155,5,5
41360,103,101,2,2
41361,96,98,-2,2
41362,66,69,-3,3
41363,72,74,-2,2
41364,69,78,-9,9
41365,115,111,4,4
41366,74,76,-2,2
41367,47,62,-15,15
41368,116,103,13,13
41369,75,87,-12,12
41370,74,90,-16,16
41371,138,124,14,14
41372,83,88,-5,5
41373,78,86,-8,8
41374,144,130,14,14
41375,94,93,1,1
41376,91,89,2,2
41377,97,102,-5,5
41378,79,83,-4,4
41379,87,91,-4,4
41380,50,64,-14,14
41381,61,67,-6,6
41382,66,81,-15,15
41383,83,84,-1,1
41384,69,71,-2,2
41385,117,102,15,15
41386,123,114,9,9
41387,152,126,26,26
41388,53,62,-9,9
41389,41,77,-36,36
41390,120,109,11,11
41391,50,64,-14,14
41392,103,103,0,0
41393,59,79,-20,20
41394,146,130,16,16
41395,74,73,1,1
41396,119,112,7,7
41397,100,101,-1,1
41398,109,99,10,10
41399,140,125,15,15
41400,104,101,3,3
41401,118,120,-2,2
41402,129,117,12,12
41403,62,71,-9,9
41404,80,87,-7,7
41405,67,75,-8,8
41406,45,60,-15,15
41407,111,111,0,0
41408,110,110,0,0
41409,68,77,-9,9
41410,84,98,-14,14
41411,132,115,17,17
41412,67,72,-5,5
41413,66,75,-9,9
41414,53,70,-17,17
41415,88,93,-5,5
41416,115,118,-3,3
41417,142,140,2,2
41418,134,131,3,3
41419,108,106,2,2
41420,63,73,-10,10
41421,68,69,-1,1
41422,96,89,7,7
41423,73,81,-8,8
41424,88,94,-6,6
41425,107,99,8,8
41426,114,130,-16,16
41427,132,128,4,4
41428,64,77,-13,13
41429,73,75,-2,2
41430,109,101,8,8
41431,65,71,-6,6
41432,138,111,27,27
41433,103,96,7,7
41434,132,122,10,10
41435,67,73,-6,6
41436,70,79,-9,9
41437,114,128,-14,14
41438,54,68,-14,14
41439,87,85,2,2
41440,57,69,-12,12
41441,163,157,6,6
41442,83,89,-6,6
41443,48,59,-11,11
41444,62,76,-14,14
41445,110,101,9,9
41446,64,71,-7,7
41447,154,142,12,12
41448,119,114,5,5
41449,81,92,-11,11
41450,76,81,-5,5
41451,125,104,21,21
41452,82,83,-1,1
41453,140,132,8,8
41454,58,64,-6,6
41455,90,86,4,4
41456,94,93,1,1
41457,70,78,-8,8
41458,126,118,8,8
41459,42,55,-13,13
41460,96,94,2,2
41461,144,125,19,19
41462,84,79,5,5
41463,91,90,1,1
41464,89,89,0,0
41465,68,76,-8,8
41466,74,79,-5,5
41467,73,78,-5,5
41468,95,88,7,7
41469,141,122,19,19
41470,144,128,16,16
41471,115,117,-2,2
41472,126,111,15,15
41473,81,82,-1,1
41474,70,72,-2,2
41475,101,103,-2,2
41476,36,50,-14,14
41477,103,97,6,6
41478,50,64,-14,14
41479,108,98,10,10
41480,168,167,1,1
41481,89,99,-10,10
41482,128,121,7,7
41483,87,81,6,6
41484,72,70,2,2
41485,166,153,13,13
41486,75,78,-3,3
41487,116,118,-2,2
41488,66,73,-7,7
41489,89,96,-7,7
41490,72,83,-11,11
41491,103,117,-14,14
41492,82,89,-7,7
41493,108,108,0,0
41494,115,102,13,13
41495,154,162,-8,8
41496,96,99,-3,3
41497,70,75,-5,5
41498,105,101,4,4
41499,103,107,-4,4
41500,80,87,-7,7
41501,167,139,28,28
41502,131,128,3,3
41503,87,91,-4,4
41504,83,88,-5,5
41505,221,194,27,27
41506,67,72,-5,5
41507,114,111,3,3
41508,88,85,3,3
41509,80,80,0,0
41510,183,166,17,17
41511,67,78,-11,11
41512,172,156,16,16
41513,56,62,-6,6
41514,60,67,-7,7
41515,60,67,-7,7
41516,77,86,-9,9
41517,85,81,4,4
41518,64,74,-10,10
41519,88,95,-7,7
41520,143,125,18,18
41521,148,143,5,5
41522,73,78,-5,5
41523,97,99,-2,2
41524,85,96,-11,11
41525,62,66,-4,4
41526,82,84,-2,2
41527,63,66,-3,3
41528,55,63,-8,8
41529,133,122,11,11
41530,96,100,-4,4
41531,98,99,-1,1
41532,67,73,-6,6
41533,104,110,-6,6
41534,118,156,-38,38
41535,83,95,-12,12
41536,110,113,-3,3
41537,138,127,11,11
41538,79,80,-1,1
41539,75,74,1,1
41540,67,73,-6,6
41541,59,69,-10,10
41542,63,65,-2,2
41543,125,118,7,7
41544,156,152,4,4
41545,88,83,5,5
41546,106,104,2,2
41547,88,89,-1,1
41548,126,125,1,1
41549,71,83,-12,12
41550,109,106,3,3
41551,61,99,-38,38
41552,100,104,-4,4
41553,157,127,30,30
41554,168,157,11,11
41555,110,106,4,4
41556,92,98,-6,6
41557,118,122,-4,4
41558,159,154,5,5
41559,67,73,-6,6
41560,78,92,-14,14
41561,93,96,-3,3
41562,76,78,-2,2
41563,156,141,15,15
41564,63,78,-15,15
41565,87,88,-1,1
41566,79,81,-2,2
41567,56,65,-9,9
41568,65,71,-6,6
41569,99,102,-3,3
41570,90,84,6,6
41571,108,111,-3,3
41572,59,67,-8,8
41573,48,79,-31,31
41574,73,76,-3,3
41575,111,100,11,11
41576,69,75,-6,6
41577,149,125,24,24
41578,87,82,5,5
41579,87,84,3,3
41580,85,86,-1,1
41581,112,100,12,12
41582,78,95,-17,17
41583,74,78,-4,4
41584,85,88,-3,3
41585,77,88,-11,11
41586,113,104,9,9
41587,106,105,1,1
41588,61,75,-14,14
41589,82,93,-11,11
41590,115,118,-3,3
41591,51,63,-12,12
41592,109,95,14,14
41593,61,68,-7,7
41594,60,72,-12,12
41595,129,121,8,8
41596,152,124,28,28
41597,90,89,1,1
41598,204,184,20,20
41599,95,89,6,6
41600,81,88,-7,7
41601,75,79,-4,4
41602,95,92,3,3
41603,108,108,0,0
41604,140,126,14,14
41605,47,57,-10,10
41606,92,84,8,8
41607,127,128,-1,1
41608,64,77,-13,13
41609,86,81,5,5
41610,83,82,1,1
41611,86,96,-10,10
41612,110,107,3,3
41613,128,128,0,0
41614,152,143,9,9
41615,106,111,-5,5
41616,71,79,-8,8
41617,70,82,-12,12
41618,71,76,-5,5
41619,80,89,-9,9
41620,10,30,-20,20
41621,95,89,6,6
41622,88,87,1,1
41623,55,55,0,0
41624,96,86,10,10
41625,114,100,14,14
41626,113,106,7,7
41627,115,107,8,8
41628,50,62,-12,12
41629,130,127,3,3
41630,130,122,8,8
41631,85,86,-1,1
41632,72,77,-5,5
41633,177,161,16,16
41634,90,98,-8,8
41635,131,136,-5,5
41636,68,78,-10,10
41637,46,62,-16,16
41638,96,99,-3,3
41639,161,144,17,17
41640,60,68,-8,8
41641,73,82,-9,9
41642,50,63,-13,13
41643,60,62,-2,2
41644,122,119,3,3
41645,136,123,13,13
41646,90,88,2,2
41647,131,123,8,8
41648,95,90,5,5
41649,66,75,-9,9
41650,105,111,-6,6
41651,82,84,-2,2
41652,107,107,0,0
41653,61,68,-7,7
41654,136,121,15,15
41655,128,135,-7,7
41656,66,79,-13,13
41657,125,121,4,4
41658,69,72,-3,3
41659,68,83,-15,15
41660,84,88,-4,4
41661,47,64,-17,17
41662,77,83,-6,6
41663,113,105,8,8
41664,155,150,5,5
41665,88,95,-7,7
41666,76,79,-3,3
41667,104,143,-39,39
41668,43,57,-14,14
41669,69,79,-10,10
41670,94,104,-10,10
41671,121,118,3,3
41672,178,160,18,18
41673,69,72,-3,3
41674,113,116,-3,3
41675,118,114,4,4
41676,86,87,-1,1
41677,71,77,-6,6
41678,112,109,3,3
41679,114,104,10,10
41680,68,72,-4,4
41681,75,79,-4,4
41682,103,97,6,6
41683,71,78,-7,7
41684,57,65,-8,8
41685,88,91,-3,3
41686,165,147,18,18
41687,79,81,-2,2
41688,133,129,4,4
41689,125,113,12,12
41690,91,106,-15,15
41691,117,116,1,1
41692,108,103,5,5
41693,101,101,0,0
41694,61,70,-9,9
41695,170,150,20,20
41696,152,139,13,13
41697,86,89,-3,3
41698,89,90,-1,1
41699,137,127,10,10
41700,107,105,2,2
41701,145,132,13,13
41702,152,149,3,3
41703,89,83,6,6
41704,81,84,-3,3
41705,102,106,-4,4
41706,85,93,-8,8
41707,70,77,-7,7
41708,85,87,-2,2
41709,105,102,3,3
41710,79,78,1,1
41711,55,71,-16,16
41712,94,93,1,1
41713,49,65,-16,16
41714,42,55,-13,13
41715,302,234,68,68
41716,116,108,8,8
41717,68,73,-5,5
41718,81,87,-6,6
41719,98,107,-9,9
41720,120,108,12,12
41721,135,133,2,2
41722,85,91,-6,6
41723,76,83,-7,7
41724,125,119,6,6
41725,26,30,-4,4
41726,111,96,15,15
41727,152,132,20,20
41728,85,85,0,0
41729,99,103,-4,4
41730,98,107,-9,9
41731,99,99,0,0
41732,81,81,0,0
41733,98,107,-9,9
41734,101,92,9,9
41735,64,73,-9,9
41736,185,171,14,14
41737,97,98,-1,1
41738,93,101,-8,8
41739,65,74,-9,9
41740,89,93,-4,4
41741,53,66,-13,13
41742,96,96,0,0
41743,133,122,11,11
41744,149,127,22,22
41745,155,140,15,15
41746,86,84,2,2
41747,64,69,-5,5
41748,133,122,11,11
41749,119,127,-8,8
41750,70,80,-10,10
41751,57,66,-9,9
41752,56,69,-13,13
41753,55,64,-9,9
41754,57,69,-12,12
41755,106,107,-1,1
41756,85,94,-9,9
41757,80,87,-7,7
41758,71,87,-16,16
41759,79,95,-16,16
41760,72,81,-9,9
41761,67,70,-3,3
41762,200,178,22,22
41763,55,67,-12,12
41764,103,103,0,0
41765,80,83,-3,3
41766,113,114,-1,1
41767,34,74,-40,40
41768,77,84,-7,7
41769,145,139,6,6
41770,143,145,-2,2
41771,100,98,2,2
41772,53,57,-4,4
41773,61,92,-31,31
41774,109,115,-6,6
41775,86,85,1,1
41776,72,80,-8,8
41777,86,95,-9,9
41778,115,124,-9,9
41779,74,84,-10,10
41780,85,87,-2,2
41781,97,95,2,2
41782,111,107,4,4
41783,63,85,-22,22
41784,104,105,-1,1
41785,101,101,0,0
41786,110,103,7,7
41787,72,82,-10,10
41788,128,123,5,5
41789,74,89,-15,15
41790,108,99,9,9
41791,110,107,3,3
41792,68,72,-4,4
41793,41,55,-14,14
41794,153,154,-1,1
41795,115,117,-2,2
41796,58,72,-14,14
41797,45,71,-26,26
41798,92,93,-1,1
41799,57,69,-12,12
41800,125,113,12,12
41801,82,91,-9,9
41802,61,70,-9,9
41803,148,134,14,14
41804,72,76,-4,4
41805,108,109,-1,1
41806,97,108,-11,11
41807,134,121,13,13
41808,50,59,-9,9
41809,66,72,-6,6
41810,61,63,-2,2
41811,91,91,0,0
41812,133,124,9,9
41813,131,112,19,19
41814,67,82,-15,15
41815,112,108,4,4
41816,100,110,-10,10
41817,193,175,18,18
41818,90,88,2,2
41819,77,79,-2,2
41820,80,84,-4,4
41821,117,113,4,4
41822,87,94,-7,7
41823,64,74,-10,10
41824,61,70,-9,9
41825,120,123,-3,3
41826,119,119,0,0
41827,137,122,15,15
41828,54,63,-9,9
41829,162,142,20,20
41830,152,154,-2,2
41831,69,70,-1,1
41832,80,83,-3,3
41833,92,94,-2,2
41834,96,92,4,4
41835,107,110,-3,3
41836,71,79,-8,8
41837,83,91,-8,8
41838,89,95,-6,6
41839,121,116,5,5
41840,81,86,-5,5
41841,112,116,-4,4
41842,147,127,20,20
41843,62,69,-7,7
41844,129,122,7,7
41845,74,83,-9,9
41846,168,142,26,26
41847,47,57,-10,10
41848,128,129,-1,1
41849,49,63,-14,14
41850,56,68,-12,12
41851,89,85,4,4
41852,67,76,-9,9
41853,68,82,-14,14
41854,114,114,0,0
41855,137,146,-9,9
41856,122,118,4,4
41857,74,80,-6,6
41858,67,71,-4,4
41859,129,123,6,6
41860,139,135,4,4
41861,62,72,-10,10
41862,100,100,0,0
41863,88,89,-1,1
41864,64,72,-8,8
41865,92,87,5,5
41866,119,131,-12,12
41867,81,86,-5,5
41868,59,67,-8,8
41869,106,101,5,5
41870,94,89,5,5
41871,112,104,8,8
41872,80,85,-5,5
41873,101,109,-8,8
41874,135,124,11,11
41875,135,123,12,12
41876,104,96,8,8
41877,85,88,-3,3
41878,176,158,18,18
41879,79,83,-4,4
41880,69,73,-4,4
41881,41,51,-10,10
41882,47,56,-9,9
41883,67,76,-9,9
41884,69,80,-11,11
41885,51,63,-12,12
41886,73,89,-16,16
41887,108,103,5,5
41888,47,53,-6,6
41889,120,127,-7,7
41890,117,109,8,8
41891,91,100,-9,9
41892,110,115,-5,5
41893,82,82,0,0
41894,97,98,-1,1
41895,92,94,-2,2
41896,72,77,-5,5
41897,74,74,0,0
41898,80,97,-17,17
41899,49,58,-9,9
41900,133,123,10,10
41901,85,90,-5,5
41902,116,112,4,4
41903,72,77,-5,5
41904,125,120,5,5
41905,91,93,-2,2
41906,103,100,3,3
41907,110,107,3,3
41908,102,105,-3,3
41909,111,103,8,8
41910,50,70,-20,20
41911,50,61,-11,11
41912,106,103,3,3
41913,79,83,-4,4
41914,138,121,17,17
41915,110,118,-8,8
41916,59,70,-11,11
41917,72,77,-5,5
41918,190,164,26,26
41919,93,91,2,2
41920,47,55,-8,8
41921,46,64,-18,18
41922,135,126,9,9
41923,56,74,-18,18
41924,67,72,-5,5
41925,101,102,-1,1
41926,78,81,-3,3
41927,61,80,-19,19
41928,43,63,-20,20
41929,142,138,4,4
41930,88,96,-8,8
41931,119,117,2,2
41932,146,124,22,22
41933,93,97,-4,4
41934,109,110,-1,1
41935,105,102,3,3
41936,98,102,-4,4
41937,75,77,-2,2
41938,78,85,-7,7
41939,101,110,-9,9
41940,88,104,-16,16
41941,133,135,-2,2
41942,66,74,-8,8
41943,101,98,3,3
41944,94,100,-6,6
41945,86,87,-1,1
41946,95,92,3,3
41947,96,103,-7,7
41948,83,85,-2,2
41949,119,99,20,20
41950,116,117,-1,1
41951,92,90,2,2
41952,89,98,-9,9
41953,215,201,14,14
41954,96,96,0,0
41955,138,125,13,13
41956,73,79,-6,6
41957,72,83,-11,11
41958,83,95,-12,12
41959,119,114,5,5
41960,83,85,-2,2
41961,140,126,14,14
41962,164,145,19,19
41963,105,98,7,7
41964,109,95,14,14
41965,100,96,4,4
41966,95,97,-2,2
41967,85,81,4,4
41968,83,87,-4,4
41969,148,137,11,11
41970,95,98,-3,3
41971,110,122,-12,12
41972,104,116,-12,12
41973,125,138,-13,13
41974,110,122,-12,12
41975,109,105,4,4
41976,87,84,3,3
41977,166,157,9,9
41978,68,85,-17,17
41979,104,94,10,10
41980,127,103,24,24
41981,60,70,-10,10
41982,106,98,8,8
41983,58,69,-11,11
41984,59,66,-7,7
41985,98,98,0,0
41986,150,151,-1,1
41987,107,115,-8,8
41988,75,84,-9,9
41989,95,98,-3,3
41990,82,85,-3,3
41991,101,90,11,11
41992,63,75,-12,12
41993,81,74,7,7
41994,60,69,-9,9
41995,121,117,4,4
41996,110,101,9,9
41997,73,82,-9,9
41998,62,75,-13,13
41999,66,76,-10,10
42000,87,94,-7,7
42001,130,136,-6,6
42002,84,91,-7,7
42003,142,132,10,10
42004,61,70,-9,9
42005,109,106,3,3
42006,147,134,13,13
42007,37,64,-27,27
42008,246,186,60,60
42009,61,74,-13,13
42010,111,105,6,6
42011,92,96,-4,4
42012,133,138,-5,5
42013,161,144,17,17
42014,128,132,-4,4
42015,73,71,2,2
42016,115,113,2,2
42017,159,148,11,11
42018,75,78,-3,3
42019,85,98,-13,13
42020,79,84,-5,5
42021,103,98,5,5
42022,109,107,2,2
42023,89,92,-3,3
42024,158,151,7,7
42025,86,93,-7,7
42026,114,102,12,12
42027,145,132,13,13
42028,83,82,1,1
42029,142,138,4,4
42030,48,63,-15,15
42031,69,78,-9,9
42032,90,104,-14,14
42033,152,136,16,16
42034,72,83,-11,11
42035,93,95,-2,2
42036,59,69,-10,10
42037,142,128,14,14
42038,95,88,7,7
42039,152,131,21,21
42040,87,91,-4,4
42041,79,72,7,7
42042,80,85,-5,5
42043,89,94,-5,5
42044,74,77,-3,3
42045,78,82,-4,4
42046,100,100,0,0
42047,92,98,-6,6
42048,135,131,4,4
42049,112,112,0,0
42050,109,110,-1,1
42051,86,80,6,6
42052,80,81,-1,1
42053,92,104,-12,12
42054,93,98,-5,5
42055,111,113,-2,2
42056,64,72,-8,8
42057,96,83,13,13
42058,79,95,-16,16
42059,148,156,-8,8
42060,74,87,-13,13
42061,91,85,6,6
42062,85,88,-3,3
42063,104,100,4,4
42064,132,131,1,1
42065,75,90,-15,15
42066,175,169,6,6
42067,77,75,2,2
42068,92,96,-4,4
42069,150,140,10,10
42070,35,30,5,5
42071,79,72,7,7
42072,57,71,-14,14
42073,70,64,6,6
42074,117,129,-12,12
42075,84,85,-1,1
42076,51,85,-34,34
42077,88,98,-10,10
42078,83,88,-5,5
42079,89,83,6,6
42080,79,83,-4,4
42081,76,82,-6,6
42082,50,66,-16,16
42083,102,97,5,5
42084,111,123,-12,12
42085,82,91,-9,9
42086,114,122,-8,8
42087,99,92,7,7
42088,111,106,5,5
42089,99,103,-4,4
42090,68,71,-3,3
42091,159,136,23,23
42092,78,83,-5,5
42093,43,62,-19,19
42094,64,72,-8,8
42095,77,86,-9,9
42096,38,46,-8,8
42097,39,52,-13,13
42098,87,97,-10,10
42099,89,87,2,2
42100,101,101,0,0
42101,115,111,4,4
42102,101,98,3,3
42103,52,67,-15,15
42104,68,78,-10,10
42105,57,67,-10,10
42106,97,94,3,3
42107,80,89,-9,9
42108,95,97,-2,2
42109,155,140,15,15
42110,74,79,-5,5
42111,104,97,7,7
42112,63,76,-13,13
42113,28,39,-11,11
42114,96,94,2,2
42115,104,107,-3,3
42116,118,115,3,3
42117,81,79,2,2
42118,58,68,-10,10
42119,85,90,-5,5
42120,59,73,-14,14
42121,91,103,-12,12
42122,120,110,10,10
42123,58,54,4,4
42124,89,82,7,7
42125,101,106,-5,5
42126,89,90,-1,1
42127,68,68,0,0
42128,122,110,12,12
42129,71,81,-10,10
42130,71,76,-5,5
42131,75,100,-25,25
42132,130,129,1,1
42133,103,95,8,8
42134,114,109,5,5
42135,145,134,11,11
42136,108,102,6,6
42137,102,103,-1,1
42138,107,102,5,5
42139,97,98,-1,1
42140,94,90,4,4
42141,70,77,-7,7
42142,91,94,-3,3
42143,92,99,-7,7
42144,60,73,-13,13
42145,83,88,-5,5
42146,92,87,5,5
42147,106,108,-2,2
42148,47,67,-20,20
42149,72,75,-3,3
42150,137,127,10,10
42151,69,76,-7,7
42152,69,69,0,0
42153,123,119,4,4
42154,77,86,-9,9
42155,74,73,1,1
42156,144,141,3,3
42157,132,125,7,7
42158,109,104,5,5
42159,93,97,-4,4
42160,56,63,-7,7
42161,125,119,6,6
42162,54,71,-17,17
42163,127,117,10,10
42164,96,98,-2,2
42165,106,96,10,10
42166,98,100,-2,2
42167,97,98,-1,1
42168,65,73,-8,8
42169,91,87,4,4
42170,90,94,-4,4
42171,135,122,13,13
42172,109,118,-9,9
42173,101,97,4,4
42174,80,82,-2,2
42175,105,109,-4,4
42176,64,72,-8,8
42177,155,149,6,6
42178,119,120,-1,1
42179,76,73,3,3
42180,122,115,7,7
42181,59,70,-11,11
42182,63,71,-8,8
42183,92,98,-6,6
42184,101,101,0,0
42185,100,98,2,2
42186,88,98,-10,10
42187,98,98,0,0
42188,153,133,20,20
42189,92,92,0,0
42190,76,77,-1,1
42191,110,103,7,7
42192,86,92,-6,6
42193,130,124,6,6
42194,126,124,2,2
42195,78,77,1,1
42196,77,81,-4,4
42197,104,106,-2,2
42198,126,133,-7,7
42199,79,81,-2,2
42200,117,123,-6,6
42201,45,59,-14,14
42202,100,102,-2,2
42203,83,78,5,5
42204,134,128,6,6
42205,83,83,0,0
42206,90,98,-8,8
42207,86,93,-7,7
42208,89,92,-3,3
42209,60,72,-12,12
42210,78,83,-5,5
42211,120,122,-2,2
42212,72,82,-10,10
42213,104,104,0,0
42214,188,166,22,22
42215,93,93,0,0
42216,159,141,18,18
42217,80,82,-2,2
42218,96,100,-4,4
42219,114,117,-3,3
42220,113,114,-1,1
42221,62,77,-15,15
42222,140,136,4,4
42223,157,139,18,18
42224,61,73,-12,12
42225,95,104,-9,9
42226,130,127,3,3
42227,134,137,-3,3
42228,84,90,-6,6
42229,83,86,-3,3
42230,96,98,-2,2
42231,85,86,-1,1
42232,117,121,-4,4
42233,49,62,-13,13
42234,55,63,-8,8
42235,116,99,17,17
42236,65,74,-9,9
42237,86,86,0,0
42238,58,78,-20,20
42239,55,68,-13,13
42240,109,104,5,5
42241,109,97,12,12
42242,115,108,7,7
42243,131,110,21,21
42244,79,86,-7,7
42245,74,83,-9,9
42246,114,109,5,5
42247,125,114,11,11
42248,90,85,5,5
42249,81,86,-5,5
42250,109,103,6,6
42251,90,90,0,0
42252,58,61,-3,3
42253,67,76,-9,9
42254,88,84,4,4
42255,71,91,-20,20
42256,118,127,-9,9
42257,109,108,1,1
42258,75,97,-22,22
42259,38,52,-14,14
42260,173,158,15,15
42261,153,146,7,7
42262,66,67,-1,1
42263,58,70,-12,12
42264,44,55,-11,11
42265,86,84,2,2
42266,100,98,2,2
42267,86,93,-7,7
42268,106,104,2,2
42269,80,83,-3,3
42270,84,84,0,0
42271,76,80,-4,4
42272,96,94,2,2
42273,90,93,-3,3
42274,116,122,-6,6
42275,196,165,31,31
42276,103,100,3,3
42277,95,99,-4,4
42278,68,73,-5,5
42279,96,87,9,9
42280,109,101,8,8
42281,86,92,-6,6
42282,174,163,11,11
42283,78,87,-9,9
42284,47,61,-14,14
42285,96,96,0,0
42286,92,94,-2,2
42287,79,76,3,3
42288,85,86,-1,1
42289,113,118,-5,5
42290,96,98,-2,2
42291,80,82,-2,2
42292,43,53,-10,10
42293,93,101,-8,8
42294,63,78,-15,15
42295,96,92,4,4
42296,103,103,0,0
42297,53,69,-16,16
42298,99,96,3,3
42299,79,85,-6,6
42300,70,75,-5,5
42301,106,98,8,8
42302,104,137,-33,33
42303,141,133,8,8
42304,99,91,8,8
42305,96,96,0,0
42306,55,62,-7,7
42307,99,100,-1,1
42308,116,116,0,0
42309,64,94,-30,30
42310,152,131,21,21
42311,63,73,-10,10
42312,78,80,-2,2
42313,123,133,-10,10
42314,126,122,4,4
42315,79,78,1,1
42316,92,82,10,10
42317,94,101,-7,7
42318,200,178,22,22
42319,157,152,5,5
42320,80,85,-5,5
42321,57,68,-11,11
42322,141,134,7,7
42323,60,72,-12,12
42324,85,84,1,1
42325,54,60,-6,6
42326,159,157,2,2
42327,150,132,18,18
42328,87,86,1,1
42329,47,69,-22,22
42330,96,97,-1,1
42331,82,84,-2,2
42332,74,78,-4,4
42333,120,120,0,0
42334,109,93,16,16
42335,86,93,-7,7
42336,129,120,9,9
42337,196,175,21,21
42338,178,156,22,22
42339,105,100,5,5
42340,61,72,-11,11
42341,67,75,-8,8
42342,109,108,1,1
42343,111,122,-11,11
42344,52,71,-19,19
42345,89,84,5,5
42346,71,87,-16,16
42347,111,108,3,3
42348,40,49,-9,9
42349,79,90,-11,11
42350,99,96,3,3
42351,96,97,-1,1
42352,63,67,-4,4
42353,103,121,-18,18
42354,97,109,-12,12
42355,90,94,-4,4
42356,119,105,14,14
42357,176,155,21,21
42358,97,98,-1,1
42359,131,131,0,0
42360,86,81,5,5
42361,77,79,-2,2
42362,84,86,-2,2
42363,70,74,-4,4
42364,109,107,2,2
42365,121,117,4,4
42366,125,134,-9,9
42367,150,124,26,26
42368,103,100,3,3
42369,151,126,25,25
42370,58,68,-10,10
42371,64,70,-6,6
42372,122,121,1,1
42373,104,97,7,7
42374,92,89,3,3
42375,100,100,0,0
42376,142,126,16,16
42377,93,91,2,2
42378,120,114,6,6
42379,75,84,-9,9
42380,106,103,3,3
42381,60,71,-11,11
42382,83,87,-4,4
42383,98,98,0,0
42384,56,58,-2,2
42385,37,49,-12,12
42386,97,90,7,7
42387,152,143,9,9
42388,97,93,4,4
42389,76,78,-2,2
42390,80,92,-12,12
42391,56,65,-9,9
42392,108,100,8,8
42393,128,107,21,21
42394,117,112,5,5
42395,103,100,3,3
42396,31,45,-14,14
42397,84,83,1,1
42398,92,97,-5,5
42399,115,124,-9,9
42400,128,127,1,1
42401,128,122,6,6
42402,75,85,-10,10
42403,72,92,-20,20
42404,95,90,5,5
42405,56,67,-11,11
42406,83,93,-10,10
42407,97,102,-5,5
42408,109,99,10,10
42409,126,117,9,9
42410,135,134,1,1
42411,75,82,-7,7
42412,73,77,-4,4
42413,89,92,-3,3
42414,94,96,-2,2
42415,81,84,-3,3
42416,78,84,-6,6
42417,79,79,0,0
42418,78,84,-6,6
42419,105,109,-4,4
42420,112,108,4,4
42421,75,74,1,1
42422,98,98,0,0
42423,94,95,-1,1
42424,56,72,-16,16
42425,92,87,5,5
42426,68,76,-8,8
42427,104,103,1,1
42428,144,125,19,19
42429,50,67,-17,17
42430,51,62,-11,11
42431,61,80,-19,19
42432,83,92,-9,9
42433,28,49,-21,21
42434,99,103,-4,4
42435,83,91,-8,8
42436,162,145,17,17
42437,104,102,2,2
42438,88,95,-7,7
42439,95,94,1,1
42440,116,108,8,8
42441,144,129,15,15
42442,69,63,6,6
42443,102,111,-9,9
42444,116,115,1,1
42445,61,70,-9,9
42446,108,108,0,0
42447,55,65,-10,10
42448,142,131,11,11
42449,156,146,10,10
42450,129,117,12,12
42451,180,164,16,16
42452,111,118,-7,7
42453,179,168,11,11
42454,89,97,-8,8
42455,114,109,5,5
42456,96,94,2,2
42457,117,117,0,0
42458,64,73,-9,9
42459,57,65,-8,8
42460,54,69,-15,15
42461,95,91,4,4
42462,89,78,11,11
42463,109,99,10,10
42464,76,84,-8,8
42465,67,73,-6,6
42466,65,73,-8,8
42467,76,89,-13,13
42468,92,94,-2,2
42469,92,93,-1,1
42470,74,77,-3,3
42471,92,89,3,3
42472,80,80,0,0
42473,89,94,-5,5
42474,43,58,-15,15
42475,69,78,-9,9
42476,88,92,-4,4
42477,84,95,-11,11
42478,115,113,2,2
42479,56,62,-6,6
42480,95,103,-8,8
42481,80,95,-15,15
42482,80,82,-2,2
42483,98,97,1,1
42484,49,62,-13,13
42485,91,88,3,3
42486,64,75,-11,11
42487,53,67,-14,14
42488,85,82,3,3
42489,98,97,1,1
42490,100,94,6,6
42491,69,77,-8,8
42492,48,60,-12,12
42493,105,97,8,8
42494,163,141,22,22
42495,150,144,6,6
42496,85,91,-6,6
42497,128,124,4,4
42498,99,105,-6,6
42499,103,96,7,7
42500,128,115,13,13
42501,107,110,-3,3
42502,55,72,-17,17
42503,84,95,-11,11
42504,90,98,-8,8
42505,90,97,-7,7
42506,72,76,-4,4
42507,91,94,-3,3
42508,87,96,-9,9
42509,84,77,7,7
42510,42,57,-15,15
42511,65,74,-9,9
42512,131,126,5,5
42513,48,67,-19,19
42514,109,101,8,8
42515,85,94,-9,9
42516,66,68,-2,2
42517,83,91,-8,8
42518,46,56,-10,10
42519,141,131,10,10
42520,59,72,-13,13
42521,87,90,-3,3
42522,84,96,-12,12
42523,86,96,-10,10
42524,127,119,8,8
42525,111,118,-7,7
42526,102,106,-4,4
42527,65,75,-10,10
42528,70,76,-6,6
42529,61,75,-14,14
42530,104,102,2,2
42531,111,109,2,2
42532,202,171,31,31
42533,100,94,6,6
42534,136,132,4,4
42535,35,52,-17,17
42536,40,53,-13,13
42537,115,110,5,5
42538,116,108,8,8
42539,72,73,-1,1
42540,108,106,2,2
42541,106,118,-12,12
42542,62,73,-11,11
42543,127,118,9,9
42544,94,89,5,5
42545,89,85,4,4
42546,70,78,-8,8
42547,72,83,-11,11
42548,98,91,7,7
42549,96,94,2,2
42550,108,111,-3,3
42551,142,119,23,23
42552,77,83,-6,6
42553,67,73,-6,6
42554,81,88,-7,7
42555,54,63,-9,9
42556,124,122,2,2
42557,110,117,-7,7
42558,101,100,1,1
42559,86,91,-5,5
42560,117,113,4,4
42561,111,105,6,6
42562,136,123,13,13
42563,78,78,0,0
42564,62,80,-18,18
42565,231,186,45,45
42566,180,175,5,5
42567,91,93,-2,2
42568,134,130,4,4
42569,80,87,-7,7
42570,100,101,-1,1
42571,123,119,4,4
42572,109,107,2,2
42573,70,76,-6,6
42574,57,65,-8,8
42575,148,134,14,14
42576,76,79,-3,3
42577,70,79,-9,9
42578,82,86,-4,4
42579,102,107,-5,5
42580,198,186,12,12
42581,56,63,-7,7
42582,94,97,-3,3
42583,97,100,-3,3
42584,103,96,7,7
42585,81,83,-2,2
42586,102,98,4,4
42587,85,88,-3,3
42588,165,143,22,22
42589,50,66,-16,16
42590,124,122,2,2
42591,101,100,1,1
42592,79,81,-2,2
42593,138,140,-2,2
42594,191,147,44,44
42595,162,151,11,11
42596,126,118,8,8
42597,103,104,-1,1
42598,49,62,-13,13
42599,113,117,-4,4
42600,100,98,2,2
42601,118,116,2,2
42602,117,122,-5,5
42603,84,88,-4,4
42604,110,100,10,10
42605,128,115,13,13
42606,105,102,3,3
42607,59,63,-4,4
42608,91,94,-3,3
42609,68,67,1,1
42610,72,84,-12,12
42611,135,129,6,6
42612,79,97,-18,18
42613,107,106,1,1
42614,30,50,-20,20
42615,70,79,-9,9
42616,105,103,2,2
42617,92,94,-2,2
42618,177,164,13,13
42619,84,92,-8,8
42620,67,84,-17,17
42621,150,126,24,24
42622,65,90,-25,25
42623,69,78,-9,9
42624,94,93,1,1
42625,87,81,6,6
42626,73,87,-14,14
42627,70,82,-12,12
42628,93,89,4,4
42629,110,105,5,5
42630,87,81,6,6
42631,109,107,2,2
42632,71,82,-11,11
42633,103,105,-2,2
42634,152,140,12,12
42635,70,78,-8,8
42636,125,107,18,18
42637,91,96,-5,5
42638,172,159,13,13
42639,60,73,-13,13
42640,99,124,-25,25
42641,61,68,-7,7
42642,91,93,-2,2
42643,94,89,5,5
42644,135,123,12,12
42645,43,63,-20,20
42646,83,92,-9,9
42647,93,93,0,0
42648,116,115,1,1
42649,131,107,24,24
42650,140,144,-4,4
42651,101,106,-5,5
42652,160,141,19,19
42653,157,135,22,22
42654,147,168,-21,21
42655,151,144,7,7
42656,162,153,9,9
42657,52,99,-47,47
42658,77,76,1,1
42659,86,87,-1,1
42660,86,95,-9,9
42661,91,86,5,5
42662,118,109,9,9
42663,103,95,8,8
42664,103,103,0,0
42665,74,80,-6,6
42666,119,111,8,8
42667,89,90,-1,1
42668,107,102,5,5
42669,109,142,-33,33
42670,85,95,-10,10
42671,70,74,-4,4
42672,86,88,-2,2
42673,105,103,2,2
42674,98,100,-2,2
42675,75,80,-5,5
42676,50,67,-17,17
42677,67,75,-8,8
42678,76,80,-4,4
42679,80,80,0,0
42680,124,125,-1,1
42681,60,74,-14,14
42682,73,78,-5,5
42683,52,62,-10,10
42684,102,101,1,1
42685,29,30,-1,1
42686,66,79,-13,13
42687,80,77,3,3
42688,76,79,-3,3
42689,107,105,2,2
42690,68,67,1,1
42691,129,118,11,11
42692,51,59,-8,8
42693,131,131,0,0
42694,73,81,-8,8
42695,157,144,13,13
42696,96,102,-6,6
42697,19,57,-38,38
42698,109,101,8,8
42699,67,74,-7,7
42700,132,128,4,4
42701,156,122,34,34
42702,85,97,-12,12
42703,90,93,-3,3
42704,85,85,0,0
42705,44,63,-19,19
42706,150,134,16,16
42707,65,73,-8,8
42708,91,105,-14,14
42709,63,83,-20,20
42710,80,87,-7,7
42711,163,161,2,2
42712,110,102,8,8
42713,100,98,2,2
42714,89,86,3,3
42715,51,60,-9,9
42716,97,104,-7,7
42717,82,86,-4,4
42718,85,88,-3,3
42719,73,82,-9,9
42720,80,81,-1,1
42721,50,66,-16,16
42722,81,83,-2,2
42723,68,76,-8,8
42724,76,83,-7,7
42725,75,75,0,0
42726,82,92,-10,10
42727,78,84,-6,6
42728,53,76,-23,23
42729,55,65,-10,10
42730,41,53,-12,12
42731,95,97,-2,2
42732,55,63,-8,8
42733,99,115,-16,16
42734,64,78,-14,14
42735,93,105,-12,12
42736,61,66,-5,5
42737,95,96,-1,1
42738,116,117,-1,1
42739,83,78,5,5
42740,82,79,3,3
42741,137,115,22,22
42742,69,81,-12,12
42743,69,70,-1,1
42744,60,63,-3,3
42745,81,92,-11,11
42746,128,126,2,2
42747,78,79,-1,1
42748,79,88,-9,9
42749,74,84,-10,10
42750,69,76,-7,7
42751,140,129,11,11
42752,108,116,-8,8
42753,61,67,-6,6
42754,142,138,4,4
42755,42,52,-10,10
42756,68,70,-2,2
42757,74,79,-5,5
42758,94,97,-3,3
42759,164,149,15,15
42760,77,78,-1,1
42761,94,90,4,4
42762,192,183,9,9
42763,121,120,1,1
42764,61,69,-8,8
42765,120,122,-2,2
42766,103,101,2,2
42767,89,88,1,1
42768,100,92,8,8
42769,97,90,7,7
42770,64,75,-11,11
42771,165,158,7,7
42772,74,77,-3,3
42773,65,72,-7,7
42774,39,57,-18,18
42775,183,163,20,20
42776,82,90,-8,8
42777,111,106,5,5
42778,150,132,18,18
42779,89,84,5,5
42780,116,110,6,6
42781,106,104,2,2
42782,129,128,1,1
42783,59,70,-11,11
42784,161,133,28,28
42785,108,121,-13,13
42786,63,79,-16,16
42787,114,108,6,6
42788,80,90,-10,10
42789,81,87,-6,6
42790,72,75,-3,3
42791,99,95,4,4
42792,98,86,12,12
42793,111,98,13,13
42794,120,118,2,2
42795,119,117,2,2
42796,69,78,-9,9
42797,137,124,13,13
42798,130,127,3,3
42799,106,95,11,11
42800,58,70,-12,12
42801,144,134,10,10
42802,117,119,-2,2
42803,146,151,-5,5
42804,137,125,12,12
42805,116,120,-4,4
42806,86,83,3,3
42807,89,90,-1,1
42808,107,106,1,1
42809,108,109,-1,1
42810,109,100,9,9
42811,53,65,-12,12
42812,79,75,4,4
42813,59,70,-11,11
42814,84,84,0,0
42815,156,138,18,18
42816,121,119,2,2
42817,66,74,-8,8
42818,74,77,-3,3
42819,47,109,-62,62
42820,106,103,3,3
42821,98,90,8,8
42822,68,70,-2,2
42823,58,73,-15,15
42824,86,92,-6,6
42825,87,95,-8,8
42826,85,95,-10,10
42827,143,132,11,11
42828,168,144,24,24
42829,63,77,-14,14
42830,72,116,-44,44
42831,170,172,-2,2
42832,139,139,0,0
42833,104,110,-6,6
42834,66,67,-1,1
42835,78,84,-6,6
42836,66,69,-3,3
42837,78,80,-2,2
42838,178,149,29,29
42839,176,161,15,15
42840,77,77,0,0
42841,51,61,-10,10
42842,112,93,19,19
42843,110,126,-16,16
42844,140,141,-1,1
42845,120,107,13,13
42846,88,89,-1,1
42847,85,96,-11,11
42848,166,147,19,19
42849,71,80,-9,9
42850,112,120,-8,8
42851,73,76,-3,3
42852,80,85,-5,5
42853,113,125,-12,12
42854,62,71,-9,9
42855,94,78,16,16
42856,145,140,5,5
42857,131,135,-4,4
42858,103,102,1,1
42859,98,102,-4,4
42860,84,83,1,1
42861,133,122,11,11
42862,144,132,12,12
42863,141,123,18,18
42864,119,106,13,13
42865,87,89,-2,2
42866,79,84,-5,5
42867,63,76,-13,13
42868,89,98,-9,9
42869,38,54,-16,16
42870,99,105,-6,6
42871,114,104,10,10
42872,129,112,17,17
42873,155,146,9,9
42874,87,80,7,7
42875,70,75,-5,5
42876,112,103,9,9
42877,137,128,9,9
42878,92,89,3,3
42879,145,134,11,11
42880,154,129,25,25
42881,130,122,8,8
42882,45,52,-7,7
42883,63,68,-5,5
42884,58,62,-4,4
42885,96,101,-5,5
42886,102,100,2,2
42887,118,124,-6,6
42888,119,113,6,6
42889,75,79,-4,4
42890,115,117,-2,2
42891,94,97,-3,3
42892,108,105,3,3
42893,101,98,3,3
42894,136,131,5,5
42895,110,112,-2,2
42896,127,121,6,6
42897,94,87,7,7
42898,124,110,14,14
42899,68,78,-10,10
42900,128,118,10,10
42901,138,132,6,6
42902,83,90,-7,7
42903,125,105,20,20
42904,63,73,-10,10
42905,133,108,25,25
42906,77,79,-2,2
42907,94,95,-1,1
42908,116,104,12,12
42909,93,94,-1,1
42910,84,91,-7,7
42911,125,120,5,5
42912,123,124,-1,1
42913,92,93,-1,1
42914,155,144,11,11
42915,86,174,-88,88
42916,75,82,-7,7
42917,74,83,-9,9
42918,78,84,-6,6
42919,96,91,5,5
42920,113,119,-6,6
42921,139,154,-15,15
42922,95,92,3,3
42923,83,85,-2,2
42924,128,126,2,2
42925,102,101,1,1
42926,124,135,-11,11
42927,71,78,-7,7
42928,63,71,-8,8
42929,71,77,-6,6
42930,131,133,-2,2
42931,115,132,-17,17
42932,91,89,2,2
42933,92,99,-7,7
42934,59,60,-1,1
42935,138,132,6,6
42936,71,75,-4,4
42937,53,57,-4,4
42938,103,104,-1,1
42939,85,82,3,3
42940,92,95,-3,3
42941,109,120,-11,11
42942,74,88,-14,14
42943,100,99,1,1
42944,111,109,2,2
42945,112,109,3,3
42946,112,105,7,7
42947,31,48,-17,17
42948,57,71,-14,14
42949,194,178,16,16
42950,75,77,-2,2
42951,119,119,0,0
42952,106,102,4,4
42953,89,81,8,8
42954,75,77,-2,2
42955,77,84,-7,7
42956,68,78,-10,10
42957,48,58,-10,10
42958,53,61,-8,8
42959,91,94,-3,3
42960,90,103,-13,13
42961,57,72,-15,15
42962,81,84,-3,3
42963,113,109,4,4
42964,89,91,-2,2
42965,74,76,-2,2
42966,89,89,0,0
42967,73,84,-11,11
42968,54,56,-2,2
42969,77,84,-7,7
42970,108,97,11,11
42971,59,73,-14,14
42972,218,192,26,26
42973,118,125,-7,7
42974,86,95,-9,9
42975,153,140,13,13
42976,123,119,4,4
42977,117,117,0,0
42978,51,55,-4,4
42979,77,80,-3,3
42980,59,66,-7,7
42981,69,78,-9,9
42982,67,79,-12,12
42983,83,81,2,2
42984,137,123,14,14
42985,96,92,4,4
42986,68,75,-7,7
42987,91,98,-7,7
42988,81,90,-9,9
42989,79,73,6,6
42990,50,57,-7,7
42991,78,82,-4,4
42992,32,39,-7,7
42993,64,69,-5,5
42994,80,89,-9,9
42995,99,97,2,2
42996,131,134,-3,3
42997,48,59,-11,11
42998,77,76,1,1
42999,128,124,4,4
43000,120,118,2,2
43001,55,66,-11,11
43002,79,75,4,4
43003,85,87,-2,2
43004,148,133,15,15
43005,136,130,6,6
43006,111,120,-9,9
43007,105,129,-24,24
43008,93,92,1,1
43009,79,83,-4,4
43010,87,89,-2,2
43011,69,79,-10,10
43012,109,105,4,4
43013,156,138,18,18
43014,106,108,-2,2
43015,105,105,0,0
43016,42,52,-10,10
43017,84,85,-1,1
43018,15,30,-15,15
43019,89,99,-10,10
43020,179,165,14,14
43021,65,74,-9,9
43022,108,112,-4,4
43023,40,57,-17,17
43024,89,86,3,3
43025,138,124,14,14
43026,134,137,-3,3
43027,102,97,5,5
43028,103,101,2,2
43029,143,125,18,18
43030,65,77,-12,12
43031,74,77,-3,3
43032,116,106,10,10
43033,79,83,-4,4
43034,74,80,-6,6
43035,91,78,13,13
43036,99,97,2,2
43037,64,66,-2,2
43038,120,112,8,8
43039,103,95,8,8
43040,90,89,1,1
43041,51,59,-8,8
43042,96,93,3,3
43043,77,79,-2,2
43044,142,139,3,3
43045,77,74,3,3
43046,90,91,-1,1
43047,141,132,9,9
43048,85,93,-8,8
43049,98,94,4,4
43050,146,140,6,6
43051,120,111,9,9
43052,107,111,-4,4
43053,97,102,-5,5
43054,125,124,1,1
43055,81,87,-6,6
43056,99,105,-6,6
43057,90,97,-7,7
43058,53,60,-7,7
43059,88,83,5,5
43060,70,72,-2,2
43061,57,79,-22,22
43062,77,76,1,1
43063,51,70,-19,19
43064,110,109,1,1
43065,72,78,-6,6
43066,101,102,-1,1
43067,177,152,25,25
43068,153,131,22,22
43069,157,146,11,11
43070,67,74,-7,7
43071,63,70,-7,7
43072,208,183,25,25
43073,84,85,-1,1
43074,69,77,-8,8
43075,110,98,12,12
43076,85,76,9,9
43077,37,43,-6,6
43078,142,118,24,24
43079,82,93,-11,11
43080,81,93,-12,12
43081,94,95,-1,1
43082,143,140,3,3
43083,118,108,10,10
43084,86,96,-10,10
43085,76,85,-9,9
43086,73,71,2,2
43087,131,116,15,15
43088,53,59,-6,6
43089,66,72,-6,6
43090,101,102,-1,1
43091,115,113,2,2
43092,136,127,9,9
43093,61,90,-29,29
43094,86,92,-6,6
43095,71,85,-14,14
43096,81,84,-3,3
43097,69,83,-14,14
43098,36,54,-18,18
43099,157,145,12,12
43100,57,69,-12,12
43101,73,73,0,0
43102,185,158,27,27
43103,62,65,-3,3
43104,123,121,2,2
43105,65,71,-6,6
43106,73,75,-2,2
43107,98,97,1,1
43108,101,96,5,5
43109,104,100,4,4
43110,83,90,-7,7
43111,58,70,-12,12
43112,85,90,-5,5
43113,55,65,-10,10
43114,80,79,1,1
43115,66,71,-5,5
43116,83,81,2,2
43117,107,111,-4,4
43118,104,98,6,6
43119,44,48,-4,4
43120,63,76,-13,13
43121,85,84,1,1
43122,133,125,8,8
43123,59,68,-9,9
43124,130,107,23,23
43125,74,80,-6,6
43126,62,68,-6,6
43127,109,101,8,8
43128,71,80,-9,9
43129,55,96,-41,41
43130,142,135,7,7
43131,117,121,-4,4
43132,110,102,8,8
43133,35,55,-20,20
43134,85,93,-8,8
43135,63,68,-5,5
43136,79,91,-12,12
43137,101,96,5,5
43138,73,81,-8,8
43139,150,150,0,0
43140,164,137,27,27
43141,121,118,3,3
43142,56,68,-12,12
43143,82,87,-5,5
43144,115,128,-13,13
43145,103,97,6,6
43146,80,80,0,0
43147,90,90,0,0
43148,103,100,3,3
43149,122,123,-1,1
43150,113,116,-3,3
43151,62,77,-15,15
43152,120,120,0,0
43153,94,98,-4,4
43154,93,95,-2,2
43155,52,61,-9,9
43156,89,85,4,4
43157,72,68,4,4
43158,65,66,-1,1
43159,92,91,1,1
43160,59,68,-9,9
43161,86,105,-19,19
43162,119,105,14,14
43163,64,73,-9,9
43164,142,116,26,26
43165,80,86,-6,6
43166,68,74,-6,6
43167,85,91,-6,6
43168,69,74,-5,5
43169,157,142,15,15
43170,120,105,15,15
43171,135,127,8,8
43172,72,74,-2,2
43173,99,89,10,10
43174,88,95,-7,7
43175,101,98,3,3
43176,72,80,-8,8
43177,166,161,5,5
43178,49,62,-13,13
43179,89,88,1,1
43180,113,104,9,9
43181,113,104,9,9
43182,85,90,-5,5
43183,67,80,-13,13
43184,89,92,-3,3
43185,63,74,-11,11
43186,52,88,-36,36
43187,127,120,7,7
43188,106,102,4,4
43189,120,104,16,16
43190,97,111,-14,14
43191,57,70,-13,13
43192,68,70,-2,2
43193,105,104,1,1
43194,106,111,-5,5
43195,133,127,6,6
43196,63,76,-13,13
43197,58,67,-9,9
43198,106,108,-2,2
43199,103,97,6,6
43200,71,77,-6,6
43201,103,105,-2,2
43202,42,52,-10,10
43203,91,89,2,2
43204,103,108,-5,5
43205,90,93,-3,3
43206,103,105,-2,2
43207,111,103,8,8
43208,132,119,13,13
43209,115,109,6,6
43210,121,122,-1,1
43211,122,111,11,11
43212,132,122,10,10
43213,32,56,-24,24
43214,110,102,8,8
43215,87,94,-7,7
43216,135,125,10,10
43217,102,98,4,4
43218,82,90,-8,8
43219,131,121,10,10
43220,102,103,-1,1
43221,52,60,-8,8
43222,100,106,-6,6
43223,100,97,3,3
43224,90,96,-6,6
43225,85,93,-8,8
43226,61,68,-7,7
43227,154,157,-3,3
43228,137,123,14,14
43229,107,100,7,7
43230,98,98,0,0
43231,92,91,1,1
43232,191,160,31,31
43233,113,119,-6,6
43234,104,105,-1,1
43235,62,67,-5,5
43236,80,83,-3,3
43237,50,60,-10,10
43238,100,88,12,12
43239,126,124,2,2
43240,113,103,10,10
43241,69,76,-7,7
43242,62,68,-6,6
43243,52,77,-25,25
43244,118,114,4,4
43245,59,71,-12,12
43246,40,55,-15,15
43247,93,95,-2,2
43248,105,110,-5,5
43249,127,115,12,12
43250,84,94,-10,10
43251,93,104,-11,11
43252,121,125,-4,4
43253,94,98,-4,4
43254,64,75,-11,11
43255,109,102,7,7
43256,123,128,-5,5
43257,130,120,10,10
43258,138,129,9,9
43259,67,76,-9,9
43260,99,99,0,0
43261,84,87,-3,3
43262,112,122,-10,10
43263,103,103,0,0
43264,60,66,-6,6
43265,90,109,-19,19
43266,131,130,1,1
43267,47,59,-12,12
43268,90,90,0,0
43269,81,84,-3,3
43270,84,85,-1,1
43271,81,87,-6,6
43272,105,107,-2,2
43273,67,75,-8,8
43274,86,90,-4,4
43275,140,140,0,0
43276,78,77,1,1
43277,96,95,1,1
43278,102,104,-2,2
43279,43,57,-14,14
43280,71,88,-17,17
43281,91,99,-8,8
43282,84,88,-4,4
43283,125,118,7,7
43284,50,63,-13,13
43285,90,95,-5,5
43286,68,70,-2,2
43287,129,122,7,7
43288,133,134,-1,1
43289,72,96,-24,24
43290,150,141,9,9
43291,179,157,22,22
43292,96,94,2,2
43293,72,75,-3,3
43294,178,149,29,29
43295,89,89,0,0
43296,129,119,10,10
43297,84,85,-1,1
43298,87,84,3,3
43299,82,81,1,1
43300,82,94,-12,12
43301,91,93,-2,2
43302,112,114,-2,2
43303,88,94,-6,6
43304,100,106,-6,6
43305,164,147,17,17
43306,89,95,-6,6
43307,72,85,-13,13
43308,111,118,-7,7
43309,123,125,-2,2
43310,163,140,23,23
43311,65,74,-9,9
43312,130,135,-5,5
43313,145,139,6,6
43314,92,92,0,0
43315,50,66,-16,16
43316,73,93,-20,20
43317,57,69,-12,12
43318,89,81,8,8
43319,82,84,-2,2
43320,67,72,-5,5
43321,91,100,-9,9
43322,112,110,2,2
43323,73,79,-6,6
43324,64,71,-7,7
43325,119,129,-10,10
43326,61,63,-2,2
43327,26,37,-11,11
43328,67,74,-7,7
43329,178,156,22,22
43330,97,87,10,10
43331,132,110,22,22
43332,121,121,0,0
43333,143,119,24,24
43334,92,100,-8,8
43335,78,85,-7,7
43336,99,105,-6,6
43337,68,71,-3,3
43338,61,68,-7,7
43339,139,138,1,1
43340,162,154,8,8
43341,86,88,-2,2
43342,106,101,5,5
43343,48,57,-9,9
43344,125,118,7,7
43345,123,119,4,4
43346,117,112,5,5
43347,229,198,31,31
43348,83,89,-6,6
43349,72,117,-45,45
43350,130,125,5,5
43351,49,61,-12,12
43352,124,122,2,2
43353,123,122,1,1
43354,127,130,-3,3
43355,78,82,-4,4
43356,87,111,-24,24
43357,129,118,11,11
43358,97,92,5,5
43359,129,138,-9,9
43360,69,74,-5,5
43361,84,86,-2,2
43362,122,109,13,13
43363,158,139,19,19
43364,77,86,-9,9
43365,86,98,-12,12
43366,100,104,-4,4
43367,93,101,-8,8
43368,117,112,5,5
43369,139,125,14,14
43370,100,96,4,4
43371,162,146,16,16
43372,68,77,-9,9
43373,68,76,-8,8
43374,85,81,4,4
43375,105,98,7,7
43376,174,149,25,25
43377,85,89,-4,4
43378,108,102,6,6
43379,67,75,-8,8
43380,115,114,1,1
43381,63,70,-7,7
43382,107,105,2,2
43383,99,107,-8,8
43384,52,64,-12,12
43385,87,86,1,1
43386,125,97,28,28
43387,64,66,-2,2
43388,101,99,2,2
43389,118,118,0,0
43390,129,125,4,4
43391,100,104,-4,4
43392,71,71,0,0
43393,70,80,-10,10
43394,70,82,-12,12
43395,101,89,12,12
43396,71,80,-9,9
43397,70,75,-5,5
43398,115,112,3,3
43399,56,63,-7,7
43400,106,106,0,0
43401,125,120,5,5
43402,104,102,2,2
43403,84,85,-1,1
43404,64,74,-10,10
43405,82,88,-6,6
43406,99,107,-8,8
43407,167,155,12,12
43408,107,104,3,3
43409,91,90,1,1
43410,83,91,-8,8
43411,89,82,7,7
43412,92,91,1,1
43413,114,106,8,8
43414,126,104,22,22
43415,133,122,11,11
43416,51,65,-14,14
43417,87,84,3,3
43418,67,70,-3,3
43419,67,72,-5,5
43420,142,128,14,14
43421,139,124,15,15
43422,125,110,15,15
43423,81,81,0,0
43424,210,179,31,31
43425,113,106,7,7
43426,57,78,-21,21
43427,94,95,-1,1
43428,121,99,22,22
43429,107,105,2,2
43430,38,58,-20,20
43431,81,87,-6,6
43432,126,112,14,14
43433,248,226,22,22
43434,92,93,-1,1
43435,153,142,11,11
43436,127,125,2,2
43437,45,60,-15,15
43438,81,103,-22,22
43439,164,154,10,10
43440,140,145,-5,5
43441,114,110,4,4
43442,115,116,-1,1
43443,87,87,0,0
43444,57,67,-10,10
43445,51,57,-6,6
43446,95,107,-12,12
43447,33,46,-13,13
43448,128,120,8,8
43449,101,99,2,2
43450,75,82,-7,7
43451,138,131,7,7
43452,136,122,14,14
43453,63,91,-28,28
43454,80,74,6,6
43455,90,103,-13,13
43456,47,57,-10,10
43457,96,97,-1,1
43458,62,66,-4,4
43459,98,95,3,3
43460,140,137,3,3
43461,84,84,0,0
43462,143,142,1,1
43463,84,90,-6,6
43464,151,145,6,6
43465,87,82,5,5
43466,107,113,-6,6
43467,118,109,9,9
43468,60,72,-12,12
43469,82,89,-7,7
43470,167,152,15,15
43471,110,99,11,11
43472,98,99,-1,1
43473,83,87,-4,4
43474,76,79,-3,3
43475,93,98,-5,5
43476,102,102,0,0
43477,76,73,3,3
43478,76,84,-8,8
43479,115,111,4,4
43480,77,85,-8,8
43481,98,97,1,1
43482,149,139,10,10
43483,78,81,-3,3
43484,119,121,-2,2
43485,121,116,5,5
43486,46,80,-34,34
43487,67,81,-14,14
43488,129,119,10,10
43489,114,118,-4,4
43490,73,81,-8,8
43491,118,119,-1,1
43492,90,96,-6,6
43493,165,157,8,8
43494,147,142,5,5
43495,52,57,-5,5
43496,111,119,-8,8
43497,160,138,22,22
43498,88,97,-9,9
43499,105,103,2,2
43500,105,94,11,11
43501,90,96,-6,6
43502,120,120,0,0
43503,89,81,8,8
43504,79,85,-6,6
43505,82,95,-13,13
43506,122,123,-1,1
43507,96,96,0,0
43508,48,60,-12,12
43509,70,71,-1,1
43510,65,80,-15,15
43511,78,83,-5,5
43512,133,127,6,6
43513,48,60,-12,12
43514,90,93,-3,3
43515,54,66,-12,12
43516,104,95,9,9
43517,91,88,3,3
43518,112,107,5,5
43519,63,74,-11,11
43520,113,110,3,3
43521,99,90,9,9
43522,100,98,2,2
43523,69,75,-6,6
43524,122,113,9,9
43525,84,90,-6,6
43526,119,104,15,15
43527,103,99,4,4
43528,91,106,-15,15
43529,55,68,-13,13
43530,64,75,-11,11
43531,87,86,1,1
43532,220,193,27,27
43533,85,92,-7,7
43534,63,75,-12,12
43535,64,72,-8,8
43536,109,119,-10,10
43537,80,82,-2,2
43538,91,92,-1,1
43539,146,146,0,0
43540,125,123,2,2
43541,130,129,1,1
43542,127,137,-10,10
43543,113,103,10,10
43544,125,122,3,3
43545,84,89,-5,5
43546,111,107,4,4
43547,138,127,11,11
43548,47,60,-13,13
43549,75,89,-14,14
43550,98,109,-11,11
43551,163,149,14,14
43552,140,123,17,17
43553,50,57,-7,7
43554,77,82,-5,5
43555,64,67,-3,3
43556,76,78,-2,2
43557,108,105,3,3
43558,53,59,-6,6
43559,65,79,-14,14
43560,197,177,20,20
43561,182,162,20,20
43562,71,74,-3,3
43563,134,117,17,17
43564,126,113,13,13
43565,54,67,-13,13
43566,132,132,0,0
43567,86,85,1,1
43568,106,108,-2,2
43569,53,62,-9,9
43570,87,90,-3,3
43571,80,86,-6,6
43572,150,148,2,2
43573,49,59,-10,10
43574,137,106,31,31
43575,51,61,-10,10
43576,90,87,3,3
43577,125,120,5,5
43578,110,113,-3,3
43579,112,117,-5,5
43580,51,64,-13,13
43581,105,95,10,10
43582,110,116,-6,6
43583,93,99,-6,6
43584,169,153,16,16
43585,97,86,11,11
43586,97,86,11,11
43587,89,95,-6,6
43588,75,79,-4,4
43589,119,116,3,3
43590,93,97,-4,4
43591,53,64,-11,11
43592,121,102,19,19
43593,61,79,-18,18
43594,98,105,-7,7
43595,92,94,-2,2
43596,63,68,-5,5
43597,101,91,10,10
43598,180,160,20,20
43599,70,76,-6,6
43600,66,73,-7,7
43601,121,161,-40,40
43602,100,99,1,1
43603,151,145,6,6
43604,44,71,-27,27
43605,93,95,-2,2
43606,79,77,2,2
43607,133,119,14,14
43608,51,59,-8,8
43609,111,111,0,0
43610,83,88,-5,5
43611,93,100,-7,7
43612,78,77,1,1
43613,75,79,-4,4
43614,133,130,3,3
43615,128,116,12,12
43616,98,105,-7,7
43617,137,119,18,18
43618,79,89,-10,10
43619,90,91,-1,1
43620,62,73,-11,11
43621,170,164,6,6
43622,123,118,5,5
43623,57,71,-14,14
43624,87,99,-12,12
43625,35,59,-24,24
43626,76,88,-12,12
43627,95,90,5,5
43628,63,76,-13,13
43629,74,80,-6,6
43630,125,127,-2,2
43631,115,114,1,1
43632,63,71,-8,8
43633,141,131,10,10
43634,78,81,-3,3
43635,71,77,-6,6
43636,90,92,-2,2
43637,235,212,23,23
43638,118,108,10,10
43639,65,76,-11,11
43640,98,95,3,3
43641,97,105,-8,8
43642,48,66,-18,18
43643,110,113,-3,3
43644,96,96,0,0
43645,119,112,7,7
43646,141,133,8,8
43647,80,85,-5,5
43648,88,110,-22,22
43649,93,94,-1,1
43650,141,134,7,7
43651,59,85,-26,26
43652,98,97,1,1
43653,66,81,-15,15
43654,91,95,-4,4
43655,90,92,-2,2
43656,111,110,1,1
43657,96,96,0,0
43658,103,99,4,4
43659,59,66,-7,7
43660,68,77,-9,9
43661,73,77,-4,4
43662,60,72,-12,12
43663,75,92,-17,17
43664,65,76,-11,11
43665,91,95,-4,4
43666,53,68,-15,15
43667,97,99,-2,2
43668,66,70,-4,4
43669,94,97,-3,3
43670,97,97,0,0
43671,81,82,-1,1
43672,134,124,10,10
43673,96,103,-7,7
43674,115,119,-4,4
43675,51,82,-31,31
43676,75,81,-6,6
43677,157,142,15,15
43678,86,92,-6,6
43679,147,146,1,1
43680,85,85,0,0
43681,88,95,-7,7
43682,46,57,-11,11
43683,119,119,0,0
43684,109,102,7,7
43685,142,138,4,4
43686,95,98,-3,3
43687,93,100,-7,7
43688,79,81,-2,2
43689,142,134,8,8
43690,83,89,-6,6
43691,93,93,0,0
43692,149,113,36,36
43693,114,104,10,10
43694,99,91,8,8
43695,125,126,-1,1
43696,116,98,18,18
43697,131,134,-3,3
43698,103,97,6,6
43699,79,76,3,3
43700,171,161,10,10
43701,69,80,-11,11
43702,78,92,-14,14
43703,67,85,-18,18
43704,82,85,-3,3
43705,110,119,-9,9
43706,171,151,20,20
43707,46,56,-10,10
43708,60,67,-7,7
43709,179,153,26,26
43710,68,78,-10,10
43711,66,72,-6,6
43712,67,73,-6,6
43713,87,107,-20,20
43714,61,70,-9,9
43715,61,71,-10,10
43716,122,124,-2,2
43717,96,96,0,0
43718,106,96,10,10
43719,54,61,-7,7
43720,76,82,-6,6
43721,111,114,-3,3
43722,44,56,-12,12
43723,163,154,9,9
43724,71,69,2,2
43725,74,78,-4,4
43726,97,99,-2,2
43727,134,125,9,9
43728,82,80,2,2
43729,79,100,-21,21
43730,138,123,15,15
43731,82,100,-18,18
43732,152,144,8,8
43733,111,118,-7,7
43734,123,113,10,10
43735,77,77,0,0
43736,146,132,14,14
43737,82,82,0,0
43738,69,78,-9,9
43739,91,101,-10,10
43740,166,148,18,18
43741,53,64,-11,11
43742,71,76,-5,5
43743,84,85,-1,1
43744,68,78,-10,10
43745,94,102,-8,8
43746,101,125,-24,24
43747,106,103,3,3
43748,93,90,3,3
43749,69,77,-8,8
43750,136,122,14,14
43751,90,91,-1,1
43752,87,81,6,6
43753,64,67,-3,3
43754,62,102,-40,40
43755,77,87,-10,10
43756,47,70,-23,23
43757,122,120,2,2
43758,67,77,-10,10
43759,87,99,-12,12
43760,84,80,4,4
43761,68,77,-9,9
43762,60,72,-12,12
43763,75,79,-4,4
43764,90,90,0,0
43765,69,86,-17,17
43766,77,81,-4,4
43767,82,81,1,1
43768,127,122,5,5
43769,58,68,-10,10
43770,151,134,17,17
43771,125,130,-5,5
43772,114,109,5,5
43773,106,111,-5,5
43774,85,91,-6,6
43775,92,94,-2,2
43776,70,74,-4,4
43777,124,121,3,3
43778,97,102,-5,5
43779,71,81,-10,10
43780,146,142,4,4
43781,93,95,-2,2
43782,91,85,6,6
43783,63,70,-7,7
43784,60,68,-8,8
43785,84,104,-20,20
43786,192,180,12,12
43787,93,91,2,2
43788,133,121,12,12
43789,95,94,1,1
43790,65,67,-2,2
43791,81,94,-13,13
43792,107,112,-5,5
43793,131,120,11,11
43794,130,129,1,1
43795,68,71,-3,3
43796,77,83,-6,6
43797,112,119,-7,7
43798,67,82,-15,15
43799,91,93,-2,2
43800,90,91,-1,1
43801,125,122,3,3
43802,69,73,-4,4
43803,106,106,0,0
43804,110,102,8,8
43805,65,72,-7,7
43806,87,89,-2,2
43807,60,64,-4,4
43808,91,91,0,0
43809,153,134,19,19
43810,95,97,-2,2
43811,150,137,13,13
43812,61,74,-13,13
43813,169,169,0,0
43814,76,80,-4,4
43815,93,95,-2,2
43816,75,77,-2,2
43817,76,87,-11,11
43818,85,104,-19,19
43819,63,75,-12,12
43820,86,94,-8,8
43821,111,107,4,4
43822,81,82,-1,1
43823,225,176,49,49
43824,49,59,-10,10
43825,90,94,-4,4
43826,67,73,-6,6
43827,109,112,-3,3
43828,103,97,6,6
43829,73,76,-3,3
43830,137,132,5,5
43831,93,99,-6,6
43832,68,76,-8,8
43833,82,99,-17,17
43834,66,79,-13,13
43835,110,97,13,13
43836,170,167,3,3
43837,104,102,2,2
43838,73,81,-8,8
43839,137,123,14,14
43840,55,62,-7,7
43841,52,68,-16,16
43842,95,90,5,5
43843,48,60,-12,12
43844,67,82,-15,15
43845,64,72,-8,8
43846,71,76,-5,5
43847,77,81,-4,4
43848,66,69,-3,3
43849,78,81,-3,3
43850,71,78,-7,7
43851,117,117,0,0
43852,83,79,4,4
43853,43,57,-14,14
43854,100,95,5,5
43855,50,65,-15,15
43856,140,137,3,3
43857,86,103,-17,17
43858,63,69,-6,6
43859,91,93,-2,2
43860,113,107,6,6
43861,63,70,-7,7
43862,61,67,-6,6
43863,78,88,-10,10
43864,34,59,-25,25
43865,90,105,-15,15
43866,47,54,-7,7
43867,64,77,-13,13
43868,58,72,-14,14
43869,116,119,-3,3
43870,117,114,3,3
43871,84,93,-9,9
43872,105,107,-2,2
43873,86,91,-5,5
43874,68,64,4,4
43875,131,135,-4,4
43876,77,84,-7,7
43877,76,75,1,1
43878,117,105,12,12
43879,97,95,2,2
43880,123,120,3,3
43881,98,101,-3,3
43882,71,76,-5,5
43883,127,121,6,6
43884,56,63,-7,7
43885,122,111,11,11
43886,49,66,-17,17
43887,60,70,-10,10
43888,115,108,7,7
43889,78,87,-9,9
43890,46,61,-15,15
43891,119,116,3,3
43892,129,140,-11,11
43893,66,70,-4,4
43894,142,137,5,5
43895,79,81,-2,2
43896,71,82,-11,11
43897,144,136,8,8
43898,106,108,-2,2
43899,77,84,-7,7
43900,74,84,-10,10
43901,69,74,-5,5
43902,88,86,2,2
43903,59,67,-8,8
43904,123,119,4,4
43905,54,64,-10,10
43906,43,58,-15,15
43907,155,129,26,26
43908,68,75,-7,7
43909,131,128,3,3
43910,146,134,12,12
43911,102,88,14,14
43912,80,86,-6,6
43913,57,70,-13,13
43914,81,83,-2,2
43915,104,117,-13,13
43916,39,49,-10,10
43917,78,83,-5,5
43918,112,107,5,5
43919,44,89,-45,45
43920,79,82,-3,3
43921,132,126,6,6
43922,117,128,-11,11
43923,80,87,-7,7
43924,88,84,4,4
43925,61,68,-7,7
43926,57,59,-2,2
43927,123,120,3,3
43928,60,73,-13,13
43929,113,106,7,7
43930,64,75,-11,11
43931,101,95,6,6
43932,143,137,6,6
43933,71,81,-10,10
43934,80,77,3,3
43935,70,73,-3,3
43936,45,57,-12,12
43937,44,60,-16,16
43938,92,90,2,2
43939,67,78,-11,11
43940,63,64,-1,1
43941,139,128,11,11
43942,127,119,8,8
43943,69,73,-4,4
43944,136,126,10,10
43945,109,115,-6,6
43946,120,118,2,2
43947,63,70,-7,7
43948,50,62,-12,12
43949,97,93,4,4
43950,103,93,10,10
43951,89,87,2,2
43952,85,81,4,4
43953,173,158,15,15
43954,128,123,5,5
43955,171,163,8,8
43956,49,56,-7,7
43957,99,89,10,10
43958,129,135,-6,6
43959,85,93,-8,8
43960,102,99,3,3
43961,124,122,2,2
43962,122,110,12,12
43963,137,128,9,9
43964,89,95,-6,6
43965,51,58,-7,7
43966,81,102,-21,21
43967,88,84,4,4
43968,76,84,-8,8
43969,111,118,-7,7
43970,86,91,-5,5
43971,131,124,7,7
43972,23,40,-17,17
43973,109,106,3,3
43974,84,87,-3,3
43975,101,101,0,0
43976,139,133,6,6
43977,58,75,-17,17
43978,71,78,-7,7
43979,95,88,7,7
43980,70,74,-4,4
43981,65,76,-11,11
43982,95,93,2,2
43983,109,104,5,5
43984,57,67,-10,10
43985,103,102,1,1
43986,184,158,26,26
43987,80,82,-2,2
43988,103,103,0,0
43989,94,121,-27,27
43990,62,70,-8,8
43991,110,93,17,17
43992,109,109,0,0
43993,47,61,-14,14
43994,107,112,-5,5
43995,184,157,27,27
43996,122,129,-7,7
43997,155,148,7,7
43998,66,78,-12,12
43999,63,69,-6,6
44000,104,118,-14,14
44001,100,94,6,6
44002,82,103,-21,21
44003,162,156,6,6
44004,122,123,-1,1
44005,78,130,-52,52
44006,71,72,-1,1
44007,131,110,21,21
44008,113,100,13,13
44009,84,94,-10,10
44010,65,69,-4,4
44011,81,88,-7,7
44012,93,86,7,7
44013,67,73,-6,6
44014,148,128,20,20
44015,72,84,-12,12
44016,106,98,8,8
44017,79,93,-14,14
44018,113,113,0,0
44019,66,71,-5,5
44020,68,65,3,3
44021,63,68,-5,5
44022,81,100,-19,19
44023,117,114,3,3
44024,70,105,-35,35
44025,78,81,-3,3
44026,165,164,1,1
44027,40,51,-11,11
44028,85,94,-9,9
44029,73,106,-33,33
44030,104,102,2,2
44031,129,118,11,11
44032,116,107,9,9
44033,115,109,6,6
44034,82,83,-1,1
44035,84,93,-9,9
44036,82,91,-9,9
44037,29,69,-40,40
44038,64,80,-16,16
44039,66,66,0,0
44040,114,112,2,2
44041,146,130,16,16
44042,65,69,-4,4
44043,42,54,-12,12
44044,157,155,2,2
44045,89,89,0,0
44046,116,128,-12,12
44047,54,64,-10,10
44048,77,80,-3,3
44049,79,86,-7,7
44050,137,132,5,5
44051,67,72,-5,5
44052,105,112,-7,7
44053,149,120,29,29
44054,57,68,-11,11
44055,104,112,-8,8
44056,89,99,-10,10
44057,82,90,-8,8
44058,106,120,-14,14
44059,191,171,20,20
44060,87,88,-1,1
44061,58,67,-9,9
44062,114,112,2,2
44063,114,119,-5,5
44064,118,109,9,9
44065,159,144,15,15
44066,58,63,-5,5
44067,95,97,-2,2
44068,74,80,-6,6
44069,135,120,15,15
44070,134,132,2,2
44071,87,85,2,2
44072,130,118,12,12
44073,119,115,4,4
44074,142,130,12,12
44075,152,145,7,7
44076,105,102,3,3
44077,63,72,-9,9
44078,92,94,-2,2
44079,75,75,0,0
44080,96,95,1,1
44081,75,72,3,3
44082,56,64,-8,8
44083,72,77,-5,5
44084,89,102,-13,13
44085,58,70,-12,12
44086,76,79,-3,3
44087,90,106,-16,16
44088,73,86,-13,13
44089,78,84,-6,6
44090,110,119,-9,9
44091,174,151,23,23
44092,104,94,10,10
44093,94,102,-8,8
44094,165,148,17,17
44095,107,100,7,7
44096,78,81,-3,3
44097,90,91,-1,1
44098,124,118,6,6
44099,129,116,13,13
44100,66,71,-5,5
44101,73,83,-10,10
44102,139,138,1,1
44103,72,81,-9,9
44104,140,130,10,10
44105,93,98,-5,5
44106,135,124,11,11
44107,56,64,-8,8
44108,76,77,-1,1
44109,102,96,6,6
44110,102,105,-3,3
44111,130,122,8,8
44112,152,145,7,7
44113,76,78,-2,2
44114,178,169,9,9
44115,85,81,4,4
44116,78,78,0,0
44117,97,113,-16,16
44118,113,119,-6,6
44119,81,90,-9,9
44120,65,81,-16,16
44121,42,57,-15,15
44122,72,87,-15,15
44123,115,113,2,2
44124,80,91,-11,11
44125,39,49,-10,10
44126,85,85,0,0
44127,101,97,4,4
44128,158,150,8,8
44129,91,95,-4,4
44130,68,76,-8,8
44131,112,118,-6,6
44132,161,152,9,9
44133,147,149,-2,2
44134,63,73,-10,10
44135,60,83,-23,23
44136,84,90,-6,6
44137,112,113,-1,1
44138,129,119,10,10
44139,136,132,4,4
44140,130,122,8,8
44141,74,80,-6,6
44142,111,112,-1,1
44143,118,119,-1,1
44144,60,66,-6,6
44145,59,76,-17,17
44146,90,93,-3,3
44147,72,83,-11,11
44148,118,117,1,1
44149,63,70,-7,7
44150,91,92,-1,1
44151,106,109,-3,3
44152,89,94,-5,5
44153,111,110,1,1
44154,131,125,6,6
44155,85,97,-12,12
44156,97,99,-2,2
44157,41,55,-14,14
44158,104,106,-2,2
44159,137,138,-1,1
44160,110,103,7,7
44161,50,83,-33,33
44162,143,124,19,19
44163,110,108,2,2
44164,79,85,-6,6
44165,79,83,-4,4
44166,71,81,-10,10
44167,116,118,-2,2
44168,89,90,-1,1
44169,85,91,-6,6
44170,62,76,-14,14
44171,105,97,8,8
44172,110,115,-5,5
44173,68,84,-16,16
44174,125,124,1,1
44175,120,116,4,4
44176,118,113,5,5
44177,63,69,-6,6
44178,42,56,-14,14
44179,49,63,-14,14
44180,96,96,0,0
44181,107,106,1,1
44182,108,115,-7,7
44183,94,95,-1,1
44184,89,90,-1,1
44185,117,116,1,1
44186,120,121,-1,1
44187,71,77,-6,6
44188,71,79,-8,8
44189,58,71,-13,13
44190,90,101,-11,11
44191,118,108,10,10
44192,43,71,-28,28
44193,78,82,-4,4
44194,159,145,14,14
44195,99,109,-10,10
44196,92,97,-5,5
44197,148,133,15,15
44198,97,89,8,8
44199,84,94,-10,10
44200,45,56,-11,11
44201,63,73,-10,10
44202,117,108,9,9
44203,122,118,4,4
44204,115,108,7,7
44205,110,105,5,5
44206,114,108,6,6
44207,71,78,-7,7
44208,132,138,-6,6
44209,73,75,-2,2
44210,137,127,10,10
44211,79,80,-1,1
44212,79,76,3,3
44213,106,104,2,2
44214,99,95,4,4
44215,77,102,-25,25
44216,127,128,-1,1
44217,96,92,4,4
44218,66,70,-4,4
44219,63,70,-7,7
44220,95,97,-2,2
44221,97,96,1,1
44222,42,51,-9,9
44223,60,58,2,2
44224,59,72,-13,13
44225,66,71,-5,5
44226,140,106,34,34
44227,64,74,-10,10
44228,72,78,-6,6
44229,85,85,0,0
44230,119,102,17,17
44231,99,94,5,5
44232,133,121,12,12
44233,75,84,-9,9
44234,66,73,-7,7
44235,102,98,4,4
44236,63,75,-12,12
44237,133,123,10,10
44238,144,136,8,8
44239,141,124,17,17
44240,97,102,-5,5
44241,90,98,-8,8
44242,124,125,-1,1
44243,123,124,-1,1
44244,191,167,24,24
44245,62,67,-5,5
44246,58,70,-12,12
44247,98,95,3,3
44248,113,110,3,3
44249,107,100,7,7
44250,106,109,-3,3
44251,95,94,1,1
44252,144,132,12,12
44253,50,56,-6,6
44254,195,164,31,31
44255,122,105,17,17
44256,97,87,10,10
44257,71,67,4,4
44258,153,139,14,14
44259,67,77,-10,10
44260,51,63,-12,12
44261,65,77,-12,12
44262,78,81,-3,3
44263,87,88,-1,1
44264,72,82,-10,10
44265,81,84,-3,3
44266,149,141,8,8
44267,119,103,16,16
44268,102,95,7,7
44269,93,94,-1,1
44270,116,117,-1,1
44271,125,120,5,5
44272,138,127,11,11
44273,75,86,-11,11
44274,100,101,-1,1
44275,107,96,11,11
44276,91,118,-27,27
44277,135,130,5,5
44278,47,64,-17,17
44279,95,90,5,5
44280,88,101,-13,13
44281,71,74,-3,3
44282,110,122,-12,12
44283,108,108,0,0
44284,49,68,-19,19
44285,48,59,-11,11
44286,93,94,-1,1
44287,94,97,-3,3
44288,140,134,6,6
44289,68,63,5,5
44290,79,91,-12,12
44291,147,141,6,6
44292,107,99,8,8
44293,77,81,-4,4
44294,87,91,-4,4
44295,183,172,11,11
44296,123,114,9,9
44297,143,130,13,13
44298,94,94,0,0
44299,96,91,5,5
44300,85,95,-10,10
44301,112,111,1,1
44302,82,87,-5,5
44303,103,102,1,1
44304,98,100,-2,2
44305,104,107,-3,3
44306,81,79,2,2
44307,57,67,-10,10
44308,113,123,-10,10
44309,80,84,-4,4
44310,117,115,2,2
44311,68,71,-3,3
44312,76,80,-4,4
44313,69,85,-16,16
44314,86,95,-9,9
44315,107,97,10,10
44316,63,68,-5,5
44317,127,125,2,2
44318,87,88,-1,1
44319,82,85,-3,3
44320,92,93,-1,1
44321,78,83,-5,5
44322,117,109,8,8
44323,93,107,-14,14
44324,116,116,0,0
44325,51,65,-14,14
44326,80,82,-2,2
44327,126,126,0,0
44328,48,69,-21,21
44329,183,171,12,12
44330,61,72,-11,11
44331,128,130,-2,2
44332,95,90,5,5
44333,107,96,11,11
44334,87,96,-9,9
44335,136,134,2,2
44336,49,61,-12,12
44337,77,77,0,0
44338,114,108,6,6
44339,139,123,16,16
44340,90,94,-4,4
44341,164,167,-3,3
44342,124,129,-5,5
44343,115,117,-2,2
44344,111,104,7,7
44345,144,138,6,6
44346,72,83,-11,11
44347,121,116,5,5
44348,131,121,10,10
44349,99,106,-7,7
44350,55,69,-14,14
44351,125,118,7,7
44352,43,57,-14,14
44353,75,74,1,1
44354,71,75,-4,4
44355,62,72,-10,10
44356,86,87,-1,1
44357,78,83,-5,5
44358,101,99,2,2
44359,81,86,-5,5
44360,144,130,14,14
44361,121,110,11,11
44362,84,86,-2,2
44363,91,91,0,0
44364,108,122,-14,14
44365,84,88,-4,4
44366,96,91,5,5
44367,130,125,5,5
44368,53,62,-9,9
44369,111,119,-8,8
44370,65,66,-1,1
44371,138,125,13,13
44372,39,51,-12,12
44373,54,68,-14,14
44374,48,55,-7,7
44375,62,68,-6,6
44376,110,111,-1,1
44377,88,93,-5,5
44378,92,89,3,3
44379,124,117,7,7
44380,86,89,-3,3
44381,89,100,-11,11
44382,96,101,-5,5
44383,50,63,-13,13
44384,92,89,3,3
44385,70,80,-10,10
44386,101,102,-1,1
44387,143,132,11,11
44388,128,134,-6,6
44389,83,88,-5,5
44390,59,69,-10,10
44391,131,120,11,11
44392,79,80,-1,1
44393,66,70,-4,4
44394,110,100,10,10
44395,99,98,1,1
44396,100,104,-4,4
44397,92,94,-2,2
44398,115,104,11,11
44399,87,84,3,3
44400,105,98,7,7
44401,77,82,-5,5
44402,93,99,-6,6
44403,124,119,5,5
44404,71,83,-12,12
44405,68,75,-7,7
44406,107,114,-7,7
44407,130,125,5,5
44408,32,49,-17,17
44409,96,107,-11,11
44410,82,79,3,3
44411,73,75,-2,2
44412,57,85,-28,28
44413,60,71,-11,11
44414,61,70,-9,9
44415,127,114,13,13
44416,67,68,-1,1
44417,148,131,17,17
44418,111,109,2,2
44419,119,108,11,11
44420,86,84,2,2
44421,88,90,-2,2
44422,68,73,-5,5
44423,65,75,-10,10
44424,64,79,-15,15
44425,158,131,27,27
44426,144,125,19,19
44427,91,96,-5,5
44428,63,72,-9,9
44429,88,94,-6,6
44430,122,107,15,15
44431,51,64,-13,13
44432,124,130,-6,6
44433,118,104,14,14
44434,49,58,-9,9
44435,94,87,7,7
44436,69,74,-5,5
44437,168,152,16,16
44438,79,88,-9,9
44439,70,78,-8,8
44440,199,189,10,10
44441,43,59,-16,16
44442,85,94,-9,9
44443,51,62,-11,11
44444,135,124,11,11
44445,57,81,-24,24
44446,191,184,7,7
44447,94,103,-9,9
44448,109,112,-3,3
44449,76,81,-5,5
44450,175,165,10,10
44451,126,128,-2,2
44452,143,129,14,14
44453,101,99,2,2
44454,50,84,-34,34
44455,84,90,-6,6
44456,94,94,0,0
44457,110,105,5,5
44458,170,141,29,29
44459,149,136,13,13
44460,94,99,-5,5
44461,102,103,-1,1
44462,118,125,-7,7
44463,112,116,-4,4
44464,108,108,0,0
44465,58,70,-12,12
44466,39,110,-71,71
44467,112,107,5,5
44468,107,118,-11,11
44469,61,66,-5,5
44470,99,98,1,1
44471,62,77,-15,15
44472,119,109,10,10
44473,105,100,5,5
44474,93,86,7,7
44475,109,107,2,2
44476,132,123,9,9
44477,83,107,-24,24
44478,46,59,-13,13
44479,170,153,17,17
44480,217,178,39,39
44481,119,119,0,0
44482,140,147,-7,7
44483,106,102,4,4
44484,100,101,-1,1
44485,61,69,-8,8
44486,111,126,-15,15
44487,117,101,16,16
44488,68,82,-14,14
44489,94,97,-3,3
44490,74,79,-5,5
44491,109,118,-9,9
44492,98,114,-16,16
44493,103,96,7,7
44494,78,93,-15,15
44495,80,84,-4,4
44496,83,89,-6,6
44497,76,86,-10,10
44498,110,108,2,2
44499,152,140,12,12
44500,81,77,4,4
44501,133,127,6,6
44502,66,71,-5,5
44503,102,97,5,5
44504,102,102,0,0
44505,53,63,-10,10
44506,139,134,5,5
44507,133,123,10,10
44508,57,67,-10,10
44509,61,68,-7,7
44510,116,105,11,11
44511,97,96,1,1
44512,187,162,25,25
44513,62,69,-7,7
44514,102,101,1,1
44515,62,76,-14,14
44516,48,55,-7,7
44517,108,113,-5,5
44518,68,73,-5,5
44519,112,110,2,2
44520,154,142,12,12
44521,76,82,-6,6
44522,110,114,-4,4
44523,89,97,-8,8
44524,128,121,7,7
44525,61,76,-15,15
44526,60,75,-15,15
44527,143,141,2,2
44528,107,113,-6,6
44529,76,75,1,1
44530,79,83,-4,4
44531,65,69,-4,4
44532,104,107,-3,3
44533,145,137,8,8
44534,86,82,4,4
44535,83,86,-3,3
44536,88,101,-13,13
44537,178,161,17,17
44538,116,120,-4,4
44539,105,120,-15,15
44540,72,82,-10,10
44541,77,81,-4,4
44542,56,70,-14,14
44543,109,98,11,11
44544,45,56,-11,11
44545,106,100,6,6
44546,42,55,-13,13
44547,118,119,-1,1
44548,102,97,5,5
44549,47,78,-31,31
44550,70,79,-9,9
44551,103,104,-1,1
44552,123,125,-2,2
44553,170,143,27,27
44554,124,128,-4,4
44555,98,102,-4,4
44556,57,75,-18,18
44557,122,125,-3,3
44558,59,67,-8,8
44559,107,107,0,0
44560,73,75,-2,2
44561,65,73,-8,8
44562,53,61,-8,8
44563,152,141,11,11
44564,81,83,-2,2
44565,87,87,0,0
44566,77,78,-1,1
44567,129,131,-2,2
44568,165,152,13,13
44569,111,113,-2,2
44570,108,113,-5,5
44571,67,75,-8,8
44572,78,81,-3,3
44573,105,101,4,4
44574,72,75,-3,3
44575,75,89,-14,14
44576,85,83,2,2
44577,57,66,-9,9
44578,115,122,-7,7
44579,74,77,-3,3
44580,170,162,8,8
44581,90,97,-7,7
44582,85,93,-8,8
44583,65,75,-10,10
44584,45,56,-11,11
44585,160,134,26,26
44586,160,146,14,14
44587,99,104,-5,5
44588,62,78,-16,16
44589,121,122,-1,1
44590,129,121,8,8
44591,98,102,-4,4
44592,104,99,5,5
44593,69,76,-7,7
44594,75,75,0,0
44595,95,95,0,0
44596,118,119,-1,1
44597,94,133,-39,39
44598,100,105,-5,5
44599,129,118,11,11
44600,118,117,1,1
44601,57,152,-95,95
44602,68,74,-6,6
44603,123,121,2,2
44604,93,89,4,4
44605,53,64,-11,11
44606,92,93,-1,1
44607,78,83,-5,5
44608,175,145,30,30
44609,115,124,-9,9
44610,70,81,-11,11
44611,161,137,24,24
44612,61,70,-9,9
44613,64,69,-5,5
44614,86,93,-7,7
44615,84,88,-4,4
44616,152,132,20,20
44617,116,114,2,2
44618,53,66,-13,13
44619,57,68,-11,11
44620,68,81,-13,13
44621,178,164,14,14
44622,93,92,1,1
44623,120,112,8,8
44624,136,134,2,2
44625,39,55,-16,16
44626,102,100,2,2
44627,167,166,1,1
44628,65,72,-7,7
44629,50,68,-18,18
44630,80,80,0,0
44631,126,119,7,7
44632,67,73,-6,6
44633,59,73,-14,14
44634,116,113,3,3
44635,95,97,-2,2
44636,57,67,-10,10
44637,75,88,-13,13
44638,99,101,-2,2
44639,94,94,0,0
44640,65,69,-4,4
44641,90,93,-3,3
44642,126,113,13,13
44643,86,98,-12,12
44644,103,102,1,1
44645,92,102,-10,10
44646,120,118,2,2
44647,86,86,0,0
44648,19,30,-11,11
44649,138,127,11,11
44650,86,91,-5,5
44651,126,120,6,6
44652,103,104,-1,1
44653,89,90,-1,1
44654,71,78,-7,7
44655,63,70,-7,7
44656,76,83,-7,7
44657,154,140,14,14
44658,64,71,-7,7
44659,73,78,-5,5
44660,61,70,-9,9
44661,57,72,-15,15
44662,142,139,3,3
44663,193,175,18,18
44664,58,82,-24,24
44665,89,98,-9,9
44666,88,93,-5,5
44667,121,116,5,5
44668,110,107,3,3
44669,116,111,5,5
44670,100,96,4,4
44671,62,69,-7,7
44672,100,106,-6,6
44673,146,124,22,22
44674,33,46,-13,13
44675,105,107,-2,2
44676,93,95,-2,2
44677,48,65,-17,17
44678,74,82,-8,8
44679,55,65,-10,10
44680,77,78,-1,1
44681,83,83,0,0
44682,162,145,17,17
44683,59,67,-8,8
44684,196,181,15,15
44685,95,92,3,3
44686,64,69,-5,5
44687,107,113,-6,6
44688,163,146,17,17
44689,78,80,-2,2
44690,66,80,-14,14
44691,62,80,-18,18
44692,109,101,8,8
44693,77,83,-6,6
44694,125,116,9,9
44695,103,99,4,4
44696,81,82,-1,1
44697,50,62,-12,12
44698,116,126,-10,10
44699,70,88,-18,18
44700,68,69,-1,1
44701,96,94,2,2
44702,155,132,23,23
44703,128,132,-4,4
44704,75,82,-7,7
44705,116,117,-1,1
44706,88,93,-5,5
44707,100,94,6,6
44708,73,80,-7,7
44709,140,138,2,2
44710,106,105,1,1
44711,87,94,-7,7
44712,78,93,-15,15
44713,92,93,-1,1
44714,109,103,6,6
44715,69,79,-10,10
44716,174,158,16,16
44717,60,68,-8,8
44718,61,67,-6,6
44719,59,70,-11,11
44720,124,120,4,4
44721,85,87,-2,2
44722,136,111,25,25
44723,118,120,-2,2
44724,81,87,-6,6
44725,80,86,-6,6
44726,69,72,-3,3
44727,60,72,-12,12
44728,63,73,-10,10
44729,46,54,-8,8
44730,61,69,-8,8
44731,65,80,-15,15
44732,104,107,-3,3
44733,144,132,12,12
44734,73,95,-22,22
44735,77,82,-5,5
44736,96,95,1,1
44737,71,84,-13,13
44738,74,82,-8,8
44739,60,69,-9,9
44740,80,85,-5,5
44741,74,83,-9,9
44742,168,147,21,21
44743,145,131,14,14
44744,86,94,-8,8
44745,137,131,6,6
44746,121,115,6,6
44747,91,84,7,7
44748,68,77,-9,9
44749,78,76,2,2
44750,84,91,-7,7
44751,150,136,14,14
44752,103,95,8,8
44753,79,83,-4,4
44754,63,75,-12,12
44755,70,76,-6,6
44756,229,208,21,21
44757,130,135,-5,5
44758,81,91,-10,10
44759,112,102,10,10
44760,134,118,16,16
44761,82,90,-8,8
44762,152,196,-44,44
44763,90,101,-11,11
44764,105,112,-7,7
44765,138,133,5,5
44766,95,97,-2,2
44767,86,86,0,0
44768,91,85,6,6
44769,58,82,-24,24
44770,130,119,11,11
44771,154,136,18,18
44772,69,79,-10,10
44773,158,129,29,29
44774,136,129,7,7
44775,56,70,-14,14
44776,86,87,-1,1
44777,49,60,-11,11
44778,138,129,9,9
44779,100,102,-2,2
44780,146,137,9,9
44781,56,64,-8,8
44782,79,85,-6,6
44783,53,62,-9,9
44784,59,66,-7,7
44785,64,69,-5,5
44786,108,102,6,6
44787,66,76,-10,10
44788,117,117,0,0
44789,60,67,-7,7
44790,51,61,-10,10
44791,104,99,5,5
44792,92,111,-19,19
44793,87,84,3,3
44794,84,107,-23,23
44795,155,150,5,5
44796,100,103,-3,3
44797,43,55,-12,12
44798,72,69,3,3
44799,124,130,-6,6
44800,116,131,-15,15
44801,159,137,22,22
44802,91,107,-16,16
44803,71,73,-2,2
44804,158,145,13,13
44805,71,79,-8,8
44806,102,101,1,1
44807,117,114,3,3
44808,94,96,-2,2
44809,79,93,-14,14
44810,51,64,-13,13
44811,63,68,-5,5
44812,55,67,-12,12
44813,152,128,24,24
44814,78,70,8,8
44815,54,64,-10,10
44816,80,82,-2,2
44817,59,67,-8,8
44818,84,88,-4,4
44819,110,105,5,5
44820,124,111,13,13
44821,92,87,5,5
44822,126,123,3,3
44823,130,120,10,10
44824,89,92,-3,3
44825,109,107,2,2
44826,87,98,-11,11
44827,75,73,2,2
44828,225,205,20,20
44829,182,170,12,12
44830,82,86,-4,4
44831,54,70,-16,16
44832,187,165,22,22
44833,128,130,-2,2
44834,87,82,5,5
44835,92,84,8,8
44836,58,74,-16,16
44837,63,68,-5,5
44838,100,94,6,6
44839,102,111,-9,9
44840,46,62,-16,16
44841,89,98,-9,9
44842,61,65,-4,4
44843,134,130,4,4
44844,69,76,-7,7
44845,118,113,5,5
44846,153,140,13,13
44847,115,109,6,6
44848,88,86,2,2
44849,91,94,-3,3
44850,51,46,5,5
44851,68,85,-17,17
44852,155,143,12,12
44853,52,62,-10,10
44854,71,79,-8,8
44855,100,98,2,2
44856,81,82,-1,1
44857,168,154,14,14
44858,80,81,-1,1
44859,83,83,0,0
44860,90,98,-8,8
44861,99,98,1,1
44862,45,56,-11,11
44863,110,109,1,1
44864,118,103,15,15
44865,98,97,1,1
44866,162,146,16,16
44867,54,62,-8,8
44868,80,88,-8,8
44869,91,87,4,4
44870,81,79,2,2
44871,89,92,-3,3
44872,58,65,-7,7
44873,194,190,4,4
44874,78,85,-7,7
44875,63,68,-5,5
44876,61,67,-6,6
44877,98,95,3,3
44878,95,95,0,0
44879,97,93,4,4
44880,96,107,-11,11
44881,89,86,3,3
44882,154,138,16,16
44883,51,61,-10,10
44884,117,101,16,16
44885,42,62,-20,20
44886,92,92,0,0
44887,91,96,-5,5
44888,162,161,1,1
44889,75,82,-7,7
44890,104,105,-1,1
44891,117,117,0,0
44892,74,87,-13,13
44893,52,61,-9,9
44894,77,80,-3,3
44895,83,82,1,1
44896,71,80,-9,9
44897,57,65,-8,8
44898,62,70,-8,8
44899,114,109,5,5
44900,58,72,-14,14
44901,120,121,-1,1
44902,74,80,-6,6
44903,95,86,9,9
44904,63,76,-13,13
44905,84,97,-13,13
44906,57,71,-14,14
44907,70,79,-9,9
44908,71,86,-15,15
44909,71,69,2,2
44910,140,121,19,19
44911,116,120,-4,4
44912,62,73,-11,11
44913,96,104,-8,8
44914,73,80,-7,7
44915,79,81,-2,2
44916,97,88,9,9
44917,80,77,3,3
44918,76,81,-5,5
44919,67,73,-6,6
44920,176,159,17,17
44921,71,88,-17,17
44922,89,90,-1,1
44923,75,79,-4,4
44924,142,128,14,14
44925,96,98,-2,2
44926,70,80,-10,10
44927,134,125,9,9
44928,123,120,3,3
44929,71,83,-12,12
44930,45,65,-20,20
44931,102,100,2,2
44932,130,128,2,2
44933,134,130,4,4
44934,71,84,-13,13
44935,111,124,-13,13
44936,134,120,14,14
44937,131,112,19,19
44938,136,153,-17,17
44939,116,111,5,5
44940,156,141,15,15
44941,139,123,16,16
44942,102,103,-1,1
44943,69,81,-12,12
44944,81,81,0,0
44945,109,115,-6,6
44946,94,94,0,0
44947,77,77,0,0
44948,173,170,3,3
44949,70,81,-11,11
44950,77,84,-7,7
44951,95,95,0,0
44952,96,95,1,1
44953,90,95,-5,5
44954,47,75,-28,28
44955,116,120,-4,4
44956,84,79,5,5
44957,62,77,-15,15
44958,128,136,-8,8
44959,83,86,-3,3
44960,90,97,-7,7
44961,86,92,-6,6
44962,113,108,5,5
44963,153,133,20,20
44964,90,92,-2,2
44965,96,99,-3,3
44966,76,87,-11,11
44967,73,79,-6,6
44968,98,98,0,0
44969,23,55,-32,32
44970,57,70,-13,13
44971,65,86,-21,21
44972,107,107,0,0
44973,140,133,7,7
44974,112,101,11,11
44975,149,154,-5,5
44976,100,85,15,15
44977,100,99,1,1
44978,64,67,-3,3
44979,89,88,1,1
44980,154,140,14,14
44981,53,65,-12,12
44982,45,55,-10,10
44983,61,71,-10,10
44984,108,106,2,2
44985,88,84,4,4
44986,109,112,-3,3
44987,143,121,22,22
44988,91,102,-11,11
44989,102,101,1,1
44990,61,80,-19,19
44991,85,92,-7,7
44992,121,104,17,17
44993,65,71,-6,6
44994,56,63,-7,7
44995,103,101,2,2
44996,111,99,12,12
44997,102,98,4,4
44998,99,91,8,8
44999,97,118,-21,21
45000,79,81,-2,2
45001,139,129,10,10
45002,107,96,11,11
45003,166,161,5,5
45004,51,62,-11,11
45005,75,72,3,3
45006,113,108,5,5
45007,69,82,-13,13
45008,129,125,4,4
45009,197,183,14,14
45010,104,106,-2,2
45011,99,105,-6,6
45012,86,82,4,4
45013,95,89,6,6
45014,138,125,13,13
45015,78,81,-3,3
45016,47,89,-42,42
45017,56,66,-10,10
45018,62,73,-11,11
45019,64,75,-11,11
45020,105,93,12,12
45021,104,100,4,4
45022,140,129,11,11
45023,84,95,-11,11
45024,126,131,-5,5
45025,82,85,-3,3
45026,75,80,-5,5
45027,92,97,-5,5
45028,77,84,-7,7
45029,100,99,1,1
45030,140,138,2,2
45031,67,67,0,0
45032,117,120,-3,3
45033,54,67,-13,13
45034,81,86,-5,5
45035,130,127,3,3
45036,100,97,3,3
45037,86,85,1,1
45038,57,70,-13,13
45039,115,108,7,7
45040,147,140,7,7
45041,86,89,-3,3
45042,39,56,-17,17
45043,79,83,-4,4
45044,89,97,-8,8
45045,70,72,-2,2
45046,73,83,-10,10
45047,113,104,9,9
45048,99,106,-7,7
45049,78,82,-4,4
45050,132,129,3,3
45051,79,93,-14,14
45052,143,134,9,9
45053,57,68,-11,11
45054,49,60,-11,11
45055,85,88,-3,3
45056,49,83,-34,34
45057,96,91,5,5
45058,87,92,-5,5
45059,151,119,32,32
45060,147,142,5,5
45061,94,98,-4,4
45062,91,92,-1,1
45063,56,63,-7,7
45064,123,130,-7,7
45065,188,165,23,23
45066,55,56,-1,1
45067,117,107,10,10
45068,106,102,4,4
45069,109,119,-10,10
45070,61,64,-3,3
45071,46,66,-20,20
45072,62,67,-5,5
45073,102,100,2,2
45074,62,68,-6,6
45075,85,90,-5,5
45076,89,91,-2,2
45077,96,98,-2,2
45078,132,126,6,6
45079,94,95,-1,1
45080,118,106,12,12
45081,73,78,-5,5
45082,69,77,-8,8
45083,57,69,-12,12
45084,86,91,-5,5
45085,130,115,15,15
45086,144,132,12,12
45087,67,73,-6,6
45088,64,97,-33,33
45089,85,84,1,1
45090,104,110,-6,6
45091,109,104,5,5
45092,110,107,3,3
45093,129,117,12,12
45094,97,95,2,2
45095,85,87,-2,2
45096,104,101,3,3
45097,77,86,-9,9
45098,81,90,-9,9
45099,97,95,2,2
45100,130,137,-7,7
45101,67,73,-6,6
45102,55,66,-11,11
45103,92,87,5,5
45104,83,92,-9,9
45105,135,139,-4,4
45106,69,70,-1,1
45107,109,109,0,0
45108,98,92,6,6
45109,95,94,1,1
45110,121,122,-1,1
45111,80,77,3,3
45112,79,86,-7,7
45113,123,124,-1,1
45114,117,113,4,4
45115,59,71,-12,12
45116,89,93,-4,4
45117,82,85,-3,3
45118,117,106,11,11
45119,69,79,-10,10
45120,123,109,14,14
45121,57,74,-17,17
45122,87,83,4,4
45123,105,107,-2,2
45124,108,106,2,2
45125,76,79,-3,3
45126,74,103,-29,29
45127,84,79,5,5
45128,96,99,-3,3
45129,78,84,-6,6
45130,76,87,-11,11
45131,88,96,-8,8
45132,89,94,-5,5
45133,90,96,-6,6
45134,60,66,-6,6
45135,53,65,-12,12
45136,67,76,-9,9
45137,89,92,-3,3
45138,149,126,23,23
45139,95,99,-4,4
45140,109,117,-8,8
45141,169,166,3,3
45142,78,77,1,1
45143,122,119,3,3
45144,48,72,-24,24
45145,108,119,-11,11
45146,90,93,-3,3
45147,147,128,19,19
45148,69,75,-6,6
45149,112,104,8,8
45150,158,145,13,13
45151,123,130,-7,7
45152,42,57,-15,15
45153,135,124,11,11
45154,148,133,15,15
45155,109,108,1,1
45156,73,74,-1,1
45157,88,90,-2,2
45158,90,85,5,5
45159,55,67,-12,12
45160,83,91,-8,8
45161,54,59,-5,5
45162,85,92,-7,7
45163,75,77,-2,2
45164,121,120,1,1
45165,65,68,-3,3
45166,77,77,0,0
45167,102,98,4,4
45168,104,111,-7,7
45169,67,69,-2,2
45170,134,120,14,14
45171,107,98,9,9
45172,87,93,-6,6
45173,168,156,12,12
45174,145,141,4,4
45175,127,127,0,0
45176,168,148,20,20
45177,113,105,8,8
45178,64,77,-13,13
45179,64,71,-7,7
45180,83,88,-5,5
45181,83,88,-5,5
45182,125,115,10,10
45183,61,66,-5,5
45184,40,52,-12,12
45185,57,63,-6,6
45186,153,137,16,16
45187,101,104,-3,3
45188,83,88,-5,5
45189,89,101,-12,12
45190,111,111,0,0
45191,77,83,-6,6
45192,127,118,9,9
45193,128,119,9,9
45194,146,131,15,15
45195,49,65,-16,16
45196,49,69,-20,20
45197,57,73,-16,16
45198,89,89,0,0
45199,88,104,-16,16
45200,153,154,-1,1
45201,71,78,-7,7
45202,135,134,1,1
45203,109,100,9,9
45204,73,77,-4,4
45205,185,163,22,22
45206,69,74,-5,5
45207,109,110,-1,1
45208,74,84,-10,10
45209,181,157,24,24
45210,96,99,-3,3
45211,93,107,-14,14
45212,60,65,-5,5
45213,104,105,-1,1
45214,67,65,2,2
45215,89,98,-9,9
45216,128,115,13,13
45217,100,98,2,2
45218,96,95,1,1
45219,90,85,5,5
45220,68,72,-4,4
45221,126,115,11,11
45222,54,69,-15,15
45223,106,108,-2,2
45224,63,71,-8,8
45225,113,97,16,16
45226,45,64,-19,19
45227,98,96,2,2
45228,156,138,18,18
45229,52,65,-13,13
45230,134,119,15,15
45231,74,80,-6,6
45232,102,103,-1,1
45233,100,99,1,1
45234,62,72,-10,10
45235,82,83,-1,1
45236,105,94,11,11
45237,69,78,-9,9
45238,124,132,-8,8
45239,118,114,4,4
45240,82,87,-5,5
45241,63,75,-12,12
45242,70,75,-5,5
45243,68,75,-7,7
45244,121,111,10,10
45245,73,77,-4,4
45246,51,63,-12,12
45247,81,82,-1,1
45248,146,130,16,16
45249,88,90,-2,2
45250,101,99,2,2
45251,126,130,-4,4
45252,119,118,1,1
45253,113,119,-6,6
45254,172,144,28,28
45255,81,81,0,0
45256,90,91,-1,1
45257,110,112,-2,2
45258,134,134,0,0
45259,37,59,-22,22
45260,62,71,-9,9
45261,65,72,-7,7
45262,52,61,-9,9
45263,76,85,-9,9
45264,116,113,3,3
45265,98,122,-24,24
45266,61,71,-10,10
45267,84,92,-8,8
45268,153,137,16,16
45269,72,73,-1,1
45270,77,81,-4,4
45271,86,92,-6,6
45272,99,105,-6,6
45273,124,118,6,6
45274,66,84,-18,18
45275,76,80,-4,4
45276,67,62,5,5
45277,133,119,14,14
45278,91,94,-3,3
45279,71,84,-13,13
45280,207,192,15,15
45281,65,72,-7,7
45282,97,101,-4,4
45283,131,131,0,0
45284,120,109,11,11
45285,59,68,-9,9
45286,124,119,5,5
45287,74,79,-5,5
45288,101,99,2,2
45289,85,87,-2,2
45290,85,88,-3,3
45291,137,124,13,13
45292,76,78,-2,2
45293,136,135,1,1
45294,139,129,10,10
45295,49,63,-14,14
45296,136,128,8,8
45297,75,74,1,1
45298,109,106,3,3
45299,53,64,-11,11
45300,110,108,2,2
45301,59,71,-12,12
45302,119,118,1,1
45303,86,88,-2,2
45304,139,126,13,13
45305,132,123,9,9
45306,191,174,17,17
45307,87,84,3,3
45308,90,92,-2,2
45309,122,120,2,2
45310,73,72,1,1
45311,122,108,14,14
45312,93,98,-5,5
45313,46,63,-17,17
45314,84,93,-9,9
45315,103,97,6,6
45316,39,50,-11,11
45317,96,102,-6,6
45318,72,77,-5,5
45319,146,131,15,15
45320,80,93,-13,13
45321,68,79,-11,11
45322,49,60,-11,11
45323,110,106,4,4
45324,117,118,-1,1
45325,121,112,9,9
45326,55,75,-20,20
45327,149,151,-2,2
45328,78,80,-2,2
45329,60,74,-14,14
45330,161,151,10,10
45331,95,101,-6,6
45332,75,70,5,5
45333,92,98,-6,6
45334,112,121,-9,9
45335,67,77,-10,10
45336,91,92,-1,1
45337,109,105,4,4
45338,177,159,18,18
45339,105,109,-4,4
45340,82,81,1,1
45341,89,83,6,6
45342,109,102,7,7
45343,67,86,-19,19
45344,117,119,-2,2
45345,96,99,-3,3
45346,49,66,-17,17
45347,110,103,7,7
45348,57,63,-6,6
45349,118,95,23,23
45350,120,114,6,6
45351,77,84,-7,7
45352,107,98,9,9
45353,60,76,-16,16
45354,70,70,0,0
45355,115,115,0,0
45356,70,79,-9,9
45357,70,68,2,2
45358,96,112,-16,16
45359,72,85,-13,13
45360,72,74,-2,2
45361,67,77,-10,10
45362,170,148,22,22
45363,57,65,-8,8
45364,67,72,-5,5
45365,85,92,-7,7
45366,95,108,-13,13
45367,119,138,-19,19
45368,84,82,2,2
45369,65,89,-24,24
45370,225,209,16,16
45371,97,98,-1,1
45372,81,86,-5,5
45373,104,103,1,1
45374,23,30,-7,7
45375,75,80,-5,5
45376,115,111,4,4
45377,111,101,10,10
45378,60,64,-4,4
45379,72,79,-7,7
45380,100,101,-1,1
45381,85,84,1,1
45382,60,69,-9,9
45383,55,70,-15,15
45384,120,123,-3,3
45385,121,123,-2,2
45386,79,80,-1,1
45387,89,91,-2,2
45388,127,116,11,11
45389,86,89,-3,3
45390,58,65,-7,7
45391,99,93,6,6
45392,126,128,-2,2
45393,53,63,-10,10
45394,55,68,-13,13
45395,107,109,-2,2
45396,67,71,-4,4
45397,83,95,-12,12
45398,81,90,-9,9
45399,92,90,2,2
45400,109,101,8,8
45401,148,143,5,5
45402,115,120,-5,5
45403,124,118,6,6
45404,103,104,-1,1
45405,122,122,0,0
45406,104,106,-2,2
45407,58,55,3,3
45408,68,75,-7,7
45409,83,94,-11,11
45410,51,73,-22,22
45411,84,86,-2,2
45412,129,131,-2,2
45413,64,75,-11,11
45414,150,134,16,16
45415,48,60,-12,12
45416,67,68,-1,1
45417,72,77,-5,5
45418,101,98,3,3
45419,68,72,-4,4
45420,135,123,12,12
45421,98,101,-3,3
45422,73,78,-5,5
45423,93,102,-9,9
45424,161,153,8,8
45425,58,68,-10,10
45426,125,123,2,2
45427,91,96,-5,5
45428,82,83,-1,1
45429,82,92,-10,10
45430,89,105,-16,16
45431,45,54,-9,9
45432,56,89,-33,33
45433,152,170,-18,18
45434,110,101,9,9
45435,81,82,-1,1
45436,43,56,-13,13
45437,154,155,-1,1
45438,82,80,2,2
45439,104,110,-6,6
45440,78,89,-11,11
45441,130,118,12,12
45442,66,81,-15,15
45443,86,94,-8,8
45444,98,103,-5,5
45445,106,106,0,0
45446,78,85,-7,7
45447,89,85,4,4
45448,84,90,-6,6
45449,111,101,10,10
45450,73,79,-6,6
45451,115,137,-22,22
45452,174,163,11,11
45453,87,82,5,5
45454,102,101,1,1
45455,77,76,1,1
45456,37,45,-8,8
45457,131,125,6,6
45458,104,102,2,2
45459,109,139,-30,30
45460,89,87,2,2
45461,108,104,4,4
45462,158,144,14,14
45463,69,74,-5,5
45464,89,83,6,6
45465,42,54,-12,12
45466,97,87,10,10
45467,70,81,-11,11
45468,116,111,5,5
45469,138,143,-5,5
45470,110,108,2,2
45471,105,98,7,7
45472,51,68,-17,17
45473,94,102,-8,8
45474,75,79,-4,4
45475,129,132,-3,3
45476,88,85,3,3
45477,100,93,7,7
45478,79,83,-4,4
45479,176,164,12,12
45480,86,84,2,2
45481,88,97,-9,9
45482,105,115,-10,10
45483,140,130,10,10
45484,72,77,-5,5
45485,111,98,13,13
45486,105,97,8,8
45487,191,170,21,21
45488,120,117,3,3
45489,99,104,-5,5
45490,45,61,-16,16
45491,94,95,-1,1
45492,80,92,-12,12
45493,85,87,-2,2
45494,74,74,0,0
45495,78,84,-6,6
45496,131,119,12,12
45497,95,97,-2,2
45498,59,69,-10,10
45499,72,72,0,0
45500,108,109,-1,1
45501,71,80,-9,9
45502,74,76,-2,2
45503,134,134,0,0
45504,101,103,-2,2
45505,68,73,-5,5
45506,127,126,1,1
45507,195,164,31,31
45508,73,79,-6,6
45509,77,82,-5,5
45510,79,78,1,1
45511,59,63,-4,4
45512,115,101,14,14
45513,79,84,-5,5
45514,91,93,-2,2
45515,82,83,-1,1
45516,72,77,-5,5
45517,63,78,-15,15
45518,89,93,-4,4
45519,69,78,-9,9
45520,62,95,-33,33
45521,45,61,-16,16
45522,87,94,-7,7
45523,75,86,-11,11
45524,105,105,0,0
45525,93,100,-7,7
45526,104,102,2,2
45527,86,93,-7,7
45528,159,149,10,10
45529,93,87,6,6
45530,112,111,1,1
45531,120,113,7,7
45532,62,66,-4,4
45533,108,104,4,4
45534,124,123,1,1
45535,167,147,20,20
45536,163,157,6,6
45537,113,108,5,5
45538,98,93,5,5
45539,64,79,-15,15
45540,120,112,8,8
45541,52,59,-7,7
45542,42,56,-14,14
45543,131,136,-5,5
45544,95,88,7,7
45545,85,89,-4,4
45546,71,74,-3,3
45547,116,109,7,7
45548,91,84,7,7
45549,94,95,-1,1
45550,52,65,-13,13
45551,84,102,-18,18
45552,61,66,-5,5
45553,101,103,-2,2
45554,97,98,-1,1
45555,96,104,-8,8
45556,141,140,1,1
45557,124,116,8,8
45558,72,80,-8,8
45559,79,128,-49,49
45560,155,151,4,4
45561,112,119,-7,7
45562,63,70,-7,7
45563,73,80,-7,7
45564,67,78,-11,11
45565,61,69,-8,8
45566,114,107,7,7
45567,33,47,-14,14
45568,64,73,-9,9
45569,79,80,-1,1
45570,149,151,-2,2
45571,97,96,1,1
45572,84,86,-2,2
45573,134,135,-1,1
45574,85,96,-11,11
45575,123,112,11,11
45576,97,95,2,2
45577,69,74,-5,5
45578,116,105,11,11
45579,92,86,6,6
45580,125,123,2,2
45581,103,96,7,7
45582,99,91,8,8
45583,154,155,-1,1
45584,102,100,2,2
45585,53,64,-11,11
45586,104,107,-3,3
45587,218,180,38,38
45588,57,65,-8,8
45589,154,154,0,0
45590,141,141,0,0
45591,113,120,-7,7
45592,69,77,-8,8
45593,87,101,-14,14
45594,126,122,4,4
45595,99,102,-3,3
45596,85,93,-8,8
45597,78,89,-11,11
45598,85,79,6,6
45599,77,79,-2,2
45600,97,95,2,2
45601,67,81,-14,14
45602,114,108,6,6
45603,130,130,0,0
45604,127,117,10,10
45605,66,69,-3,3
45606,74,83,-9,9
45607,117,114,3,3
45608,57,65,-8,8
45609,169,154,15,15
45610,79,85,-6,6
45611,122,131,-9,9
45612,117,118,-1,1
45613,82,87,-5,5
45614,119,114,5,5
45615,105,102,3,3
45616,121,112,9,9
45617,107,106,1,1
45618,63,72,-9,9
45619,76,85,-9,9
45620,141,118,23,23
45621,76,80,-4,4
45622,189,147,42,42
45623,78,81,-3,3
45624,105,119,-14,14
45625,69,77,-8,8
45626,95,103,-8,8
45627,55,68,-13,13
45628,85,80,5,5
45629,62,72,-10,10
45630,72,77,-5,5
45631,91,93,-2,2
45632,78,93,-15,15
45633,69,74,-5,5
45634,58,65,-7,7
45635,104,98,6,6
45636,90,95,-5,5
45637,45,62,-17,17
45638,109,99,10,10
45639,174,172,2,2
45640,102,114,-12,12
45641,72,81,-9,9
45642,93,94,-1,1
45643,88,115,-27,27
45644,147,130,17,17
45645,116,111,5,5
45646,71,95,-24,24
45647,59,69,-10,10
45648,110,104,6,6
45649,112,106,6,6
45650,67,62,5,5
45651,63,74,-11,11
45652,99,89,10,10
45653,71,76,-5,5
45654,61,74,-13,13
45655,145,174,-29,29
45656,59,70,-11,11
45657,91,98,-7,7
45658,97,101,-4,4
45659,67,74,-7,7
45660,75,75,0,0
45661,107,93,14,14
45662,47,68,-21,21
45663,111,117,-6,6
45664,122,114,8,8
45665,145,134,11,11
45666,133,116,17,17
45667,90,91,-1,1
45668,153,143,10,10
45669,83,80,3,3
45670,44,63,-19,19
45671,64,72,-8,8
45672,74,83,-9,9
45673,98,99,-1,1
45674,117,81,36,36
45675,83,91,-8,8
45676,52,66,-14,14
45677,74,79,-5,5
45678,128,123,5,5
45679,75,79,-4,4
45680,71,76,-5,5
45681,72,77,-5,5
45682,80,84,-4,4
45683,98,95,3,3
45684,138,133,5,5
45685,161,147,14,14
45686,152,146,6,6
45687,117,111,6,6
45688,96,103,-7,7
45689,76,82,-6,6
45690,150,146,4,4
45691,71,80,-9,9
45692,127,128,-1,1
45693,93,97,-4,4
45694,116,115,1,1
45695,128,120,8,8
45696,47,60,-13,13
45697,53,65,-12,12
45698,173,162,11,11
45699,84,99,-15,15
45700,74,77,-3,3
45701,40,56,-16,16
45702,125,106,19,19
45703,100,108,-8,8
45704,62,71,-9,9
45705,120,109,11,11
45706,163,135,28,28
45707,111,110,1,1
45708,62,78,-16,16
45709,104,110,-6,6
45710,96,93,3,3
45711,71,73,-2,2
45712,94,100,-6,6
45713,109,107,2,2
45714,46,60,-14,14
45715,94,94,0,0
45716,52,61,-9,9
45717,88,88,0,0
45718,68,79,-11,11
45719,193,189,4,4
45720,137,124,13,13
45721,109,107,2,2
45722,97,105,-8,8
45723,114,105,9,9
45724,90,92,-2,2
45725,57,68,-11,11
45726,119,111,8,8
45727,157,143,14,14
45728,86,85,1,1
45729,108,106,2,2
45730,82,87,-5,5
45731,111,103,8,8
45732,110,108,2,2
45733,108,95,13,13
45734,92,86,6,6
45735,38,47,-9,9
45736,92,95,-3,3
45737,92,92,0,0
45738,68,70,-2,2
45739,74,86,-12,12
45740,83,89,-6,6
45741,106,94,12,12
45742,86,91,-5,5
45743,78,76,2,2
45744,155,154,1,1
45745,116,117,-1,1
45746,129,102,27,27
45747,99,96,3,3
45748,114,107,7,7
45749,103,95,8,8
45750,82,77,5,5
45751,50,60,-10,10
45752,86,89,-3,3
45753,82,83,-1,1
45754,82,95,-13,13
45755,50,58,-8,8
45756,88,79,9,9
45757,86,86,0,0
45758,103,99,4,4
45759,60,67,-7,7
45760,68,74,-6,6
45761,86,79,7,7
45762,85,85,0,0
45763,80,81,-1,1
45764,58,73,-15,15
45765,63,84,-21,21
45766,117,118,-1,1
45767,97,106,-9,9
45768,59,69,-10,10
45769,66,76,-10,10
45770,121,118,3,3
45771,77,78,-1,1
45772,47,57,-10,10
45773,61,73,-12,12
45774,128,122,6,6
45775,225,203,22,22
45776,145,129,16,16
45777,125,130,-5,5
45778,40,55,-15,15
45779,94,88,6,6
45780,103,101,2,2
45781,137,127,10,10
45782,151,139,12,12
45783,98,100,-2,2
45784,115,111,4,4
45785,77,78,-1,1
45786,75,99,-24,24
45787,75,82,-7,7
45788,117,112,5,5
45789,133,128,5,5
45790,89,102,-13,13
45791,92,95,-3,3
45792,66,72,-6,6
45793,26,37,-11,11
45794,135,123,12,12
45795,82,93,-11,11
45796,44,59,-15,15
45797,79,60,19,19
45798,135,136,-1,1
45799,122,129,-7,7
45800,177,168,9,9
45801,93,92,1,1
45802,54,61,-7,7
45803,104,115,-11,11
45804,69,72,-3,3
45805,64,75,-11,11
45806,113,120,-7,7
45807,69,73,-4,4
45808,127,129,-2,2
45809,115,114,1,1
45810,75,80,-5,5
45811,81,82,-1,1
45812,35,50,-15,15
45813,120,119,1,1
45814,86,88,-2,2
45815,111,102,9,9
45816,149,131,18,18
45817,86,86,0,0
45818,122,116,6,6
45819,80,91,-11,11
45820,91,88,3,3
45821,106,104,2,2
45822,30,41,-11,11
45823,84,87,-3,3
45824,159,125,34,34
45825,76,86,-10,10
45826,73,78,-5,5
45827,78,84,-6,6
45828,271,239,32,32
45829,138,137,1,1
45830,72,82,-10,10
45831,77,78,-1,1
45832,94,95,-1,1
45833,101,101,0,0
45834,72,77,-5,5
45835,101,107,-6,6
45836,120,119,1,1
45837,159,151,8,8
45838,78,84,-6,6
45839,78,85,-7,7
45840,106,103,3,3
45841,87,98,-11,11
45842,62,70,-8,8
45843,106,109,-3,3
45844,127,132,-5,5
45845,101,98,3,3
45846,56,65,-9,9
45847,41,62,-21,21
45848,83,88,-5,5
45849,128,126,2,2
45850,86,83,3,3
45851,82,91,-9,9
45852,104,100,4,4
45853,116,133,-17,17
45854,115,111,4,4
45855,81,81,0,0
45856,82,97,-15,15
45857,88,85,3,3
45858,115,114,1,1
45859,170,161,9,9
45860,110,108,2,2
45861,228,191,37,37
45862,161,139,22,22
45863,72,80,-8,8
45864,171,148,23,23
45865,117,106,11,11
45866,116,114,2,2
45867,60,62,-2,2
45868,113,118,-5,5
45869,121,117,4,4
45870,41,64,-23,23
45871,98,94,4,4
45872,83,85,-2,2
45873,56,67,-11,11
45874,107,100,7,7
45875,90,87,3,3
45876,91,96,-5,5
45877,68,80,-12,12
45878,131,120,11,11
45879,95,93,2,2
45880,93,91,2,2
45881,99,97,2,2
45882,195,162,33,33
45883,124,115,9,9
45884,124,118,6,6
45885,44,65,-21,21
45886,63,71,-8,8
45887,175,154,21,21
45888,127,114,13,13
45889,113,115,-2,2
45890,118,100,18,18
45891,99,106,-7,7
45892,89,88,1,1
45893,64,74,-10,10
45894,73,79,-6,6
45895,104,100,4,4
45896,50,66,-16,16
45897,94,87,7,7
45898,115,115,0,0
45899,91,95,-4,4
45900,80,77,3,3
45901,81,89,-8,8
45902,80,87,-7,7
45903,100,96,4,4
45904,123,120,3,3
45905,89,87,2,2
45906,71,76,-5,5
45907,162,136,26,26
45908,152,129,23,23
45909,69,76,-7,7
45910,81,93,-12,12
45911,71,80,-9,9
45912,90,90,0,0
45913,104,101,3,3
45914,106,98,8,8
45915,66,76,-10,10
45916,66,71,-5,5
45917,79,93,-14,14
45918,45,58,-13,13
45919,89,87,2,2
45920,105,90,15,15
45921,59,65,-6,6
45922,103,97,6,6
45923,116,119,-3,3
45924,93,93,0,0
45925,116,127,-11,11
45926,133,121,12,12
45927,86,85,1,1
45928,86,81,5,5
45929,65,72,-7,7
45930,139,125,14,14
45931,117,121,-4,4
45932,67,72,-5,5
45933,119,102,17,17
45934,81,102,-21,21
45935,127,120,7,7
45936,142,129,13,13
45937,87,90,-3,3
45938,70,73,-3,3
45939,79,83,-4,4
45940,119,118,1,1
45941,73,75,-2,2
45942,72,71,1,1
45943,87,93,-6,6
45944,108,103,5,5
45945,120,118,2,2
45946,82,82,0,0
45947,97,101,-4,4
45948,73,83,-10,10
45949,69,75,-6,6
45950,96,96,0,0
45951,44,55,-11,11
45952,104,99,5,5
45953,68,78,-10,10
45954,108,88,20,20
45955,81,88,-7,7
45956,124,119,5,5
45957,91,88,3,3
45958,116,129,-13,13
45959,41,52,-11,11
45960,93,96,-3,3
45961,100,104,-4,4
45962,70,87,-17,17
45963,82,86,-4,4
45964,124,110,14,14
45965,168,150,18,18
45966,81,84,-3,3
45967,124,125,-1,1
45968,74,76,-2,2
45969,191,170,21,21
45970,99,106,-7,7
45971,72,81,-9,9
45972,92,99,-7,7
45973,122,121,1,1
45974,104,99,5,5
45975,93,92,1,1
45976,50,63,-13,13
45977,79,89,-10,10
45978,86,89,-3,3
45979,147,153,-6,6
45980,129,137,-8,8
45981,135,141,-6,6
45982,124,107,17,17
45983,91,93,-2,2
45984,80,92,-12,12
45985,150,153,-3,3
45986,113,108,5,5
45987,74,72,2,2
45988,165,146,19,19
45989,105,95,10,10
45990,49,61,-12,12
45991,96,104,-8,8
45992,115,117,-2,2
45993,132,122,10,10
45994,111,102,9,9
45995,44,44,0,0
45996,98,91,7,7
45997,52,58,-6,6
45998,78,86,-8,8
45999,71,81,-10,10
46000,30,36,-6,6
46001,116,117,-1,1
46002,128,146,-18,18
46003,75,88,-13,13
46004,47,60,-13,13
46005,89,98,-9,9
46006,88,82,6,6
46007,102,101,1,1
46008,48,59,-11,11
46009,59,66,-7,7
46010,131,120,11,11
46011,71,77,-6,6
46012,81,88,-7,7
46013,110,107,3,3
46014,154,145,9,9
46015,120,119,1,1
46016,155,136,19,19
46017,109,106,3,3
46018,71,84,-13,13
46019,81,88,-7,7
46020,58,67,-9,9
46021,69,85,-16,16
46022,134,125,9,9
46023,99,95,4,4
46024,71,78,-7,7
46025,99,98,1,1
46026,76,83,-7,7
46027,98,90,8,8
46028,68,75,-7,7
46029,105,97,8,8
46030,109,101,8,8
46031,143,134,9,9
46032,112,107,5,5
46033,82,101,-19,19
46034,59,66,-7,7
46035,170,151,19,19
46036,84,93,-9,9
46037,84,97,-13,13
46038,97,99,-2,2
46039,241,205,36,36
46040,216,187,29,29
46041,121,120,1,1
46042,72,73,-1,1
46043,61,69,-8,8
46044,76,77,-1,1
46045,140,136,4,4
46046,101,98,3,3
46047,92,88,4,4
46048,65,69,-4,4
46049,62,73,-11,11
46050,62,73,-11,11
46051,172,144,28,28
46052,82,82,0,0
46053,118,118,0,0
46054,99,95,4,4
46055,121,117,4,4
46056,108,105,3,3
46057,96,84,12,12
46058,145,126,19,19
46059,111,134,-23,23
46060,46,59,-13,13
46061,74,73,1,1
46062,96,96,0,0
46063,60,67,-7,7
46064,110,130,-20,20
46065,78,86,-8,8
46066,114,100,14,14
46067,154,161,-7,7
46068,165,148,17,17
46069,42,54,-12,12
46070,91,88,3,3
46071,100,102,-2,2
46072,110,94,16,16
46073,67,78,-11,11
46074,68,80,-12,12
46075,137,115,22,22
46076,87,92,-5,5
46077,93,88,5,5
46078,86,91,-5,5
46079,200,192,8,8
46080,119,114,5,5
46081,176,157,19,19
46082,75,79,-4,4
46083,125,118,7,7
46084,74,84,-10,10
46085,102,97,5,5
46086,53,63,-10,10
46087,107,101,6,6
46088,95,95,0,0
46089,120,121,-1,1
46090,88,91,-3,3
46091,66,78,-12,12
46092,94,91,3,3
46093,137,135,2,2
46094,67,81,-14,14
46095,83,85,-2,2
46096,56,66,-10,10
46097,139,122,17,17
46098,100,94,6,6
46099,78,91,-13,13
46100,103,97,6,6
46101,59,74,-15,15
46102,47,64,-17,17
46103,65,69,-4,4
46104,112,103,9,9
46105,132,116,16,16
46106,82,92,-10,10
46107,118,116,2,2
46108,109,97,12,12
46109,91,91,0,0
46110,67,75,-8,8
46111,83,89,-6,6
46112,79,81,-2,2
46113,26,34,-8,8
46114,44,65,-21,21
46115,71,83,-12,12
46116,86,84,2,2
46117,77,80,-3,3
46118,53,60,-7,7
46119,98,93,5,5
46120,144,125,19,19
46121,89,85,4,4
46122,67,74,-7,7
46123,147,131,16,16
46124,127,126,1,1
46125,85,89,-4,4
46126,66,70,-4,4
46127,89,85,4,4
46128,89,92,-3,3
46129,75,80,-5,5
46130,72,75,-3,3
46131,101,102,-1,1
46132,126,99,27,27
46133,62,69,-7,7
46134,83,84,-1,1
46135,151,139,12,12
46136,102,100,2,2
46137,215,193,22,22
46138,149,135,14,14
46139,133,124,9,9
46140,90,85,5,5
46141,100,86,14,14
46142,57,62,-5,5
46143,61,69,-8,8
46144,41,49,-8,8
46145,137,124,13,13
46146,164,148,16,16
46147,242,215,27,27
46148,99,100,-1,1
46149,51,62,-11,11
46150,68,72,-4,4
46151,78,80,-2,2
46152,120,116,4,4
46153,87,89,-2,2
46154,105,96,9,9
46155,112,105,7,7
46156,87,94,-7,7
46157,88,91,-3,3
46158,71,74,-3,3
46159,125,119,6,6
46160,73,81,-8,8
46161,108,107,1,1
46162,76,82,-6,6
46163,45,55,-10,10
46164,100,100,0,0
46165,76,82,-6,6
46166,158,149,9,9
46167,92,95,-3,3
46168,77,84,-7,7
46169,44,56,-12,12
46170,115,119,-4,4
46171,85,93,-8,8
46172,109,105,4,4
46173,89,94,-5,5
46174,39,56,-17,17
46175,66,74,-8,8
46176,62,75,-13,13
46177,89,96,-7,7
46178,130,124,6,6
46179,92,92,0,0
46180,138,119,19,19
46181,118,107,11,11
46182,219,226,-7,7
46183,104,106,-2,2
46184,94,99,-5,5
46185,100,89,11,11
46186,54,61,-7,7
46187,153,131,22,22
46188,84,86,-2,2
46189,91,98,-7,7
46190,46,58,-12,12
46191,53,69,-16,16
46192,77,77,0,0
46193,80,77,3,3
46194,138,123,15,15
46195,80,79,1,1
46196,138,121,17,17
46197,141,130,11,11
46198,91,91,0,0
46199,176,157,19,19
46200,117,119,-2,2
46201,69,82,-13,13
46202,108,116,-8,8
46203,101,97,4,4
46204,135,125,10,10
46205,115,113,2,2
46206,102,103,-1,1
46207,56,70,-14,14
46208,96,99,-3,3
46209,69,75,-6,6
46210,106,113,-7,7
46211,151,148,3,3
46212,110,105,5,5
46213,112,105,7,7
46214,134,120,14,14
46215,65,71,-6,6
46216,66,74,-8,8
46217,97,101,-4,4
46218,109,110,-1,1
46219,141,128,13,13
46220,78,95,-17,17
46221,94,110,-16,16
46222,64,77,-13,13
46223,47,69,-22,22
46224,79,84,-5,5
46225,104,106,-2,2
46226,39,47,-8,8
46227,62,76,-14,14
46228,123,121,2,2
46229,144,124,20,20
46230,108,111,-3,3
46231,183,149,34,34
46232,85,88,-3,3
46233,49,61,-12,12
46234,40,56,-16,16
46235,27,53,-26,26
46236,107,105,2,2
46237,135,139,-4,4
46238,129,117,12,12
46239,77,79,-2,2
46240,61,75,-14,14
46241,58,75,-17,17
46242,144,135,9,9
46243,53,64,-11,11
46244,95,101,-6,6
46245,82,79,3,3
46246,73,79,-6,6
46247,174,167,7,7
46248,101,98,3,3
46249,100,123,-23,23
46250,81,79,2,2
46251,94,93,1,1
46252,76,83,-7,7
46253,70,79,-9,9
46254,100,103,-3,3
46255,79,78,1,1
46256,83,86,-3,3
46257,90,97,-7,7
46258,136,128,8,8
46259,61,70,-9,9
46260,106,108,-2,2
46261,90,92,-2,2
46262,32,46,-14,14
46263,100,107,-7,7
46264,74,74,0,0
46265,62,71,-9,9
46266,101,97,4,4
46267,104,98,6,6
46268,94,88,6,6
46269,95,102,-7,7
46270,134,127,7,7
46271,134,131,3,3
46272,77,79,-2,2
46273,80,97,-17,17
46274,90,92,-2,2
46275,128,117,11,11
46276,108,111,-3,3
46277,64,77,-13,13
46278,44,63,-19,19
46279,115,110,5,5
46280,49,66,-17,17
46281,64,84,-20,20
46282,64,70,-6,6
46283,128,120,8,8
46284,69,79,-10,10
46285,73,75,-2,2
46286,38,52,-14,14
46287,71,76,-5,5
46288,94,97,-3,3
46289,89,93,-4,4
46290,63,72,-9,9
46291,116,106,10,10
46292,83,89,-6,6
46293,38,57,-19,19
46294,57,69,-12,12
46295,84,86,-2,2
46296,552,410,142,142
46297,75,78,-3,3
46298,70,78,-8,8
46299,90,104,-14,14
46300,181,189,-8,8
46301,109,105,4,4
46302,99,108,-9,9
46303,99,97,2,2
46304,73,79,-6,6
46305,71,79,-8,8
46306,125,124,1,1
46307,142,140,2,2
46308,125,119,6,6
46309,99,96,3,3
46310,127,120,7,7
46311,134,117,17,17
46312,87,86,1,1
46313,99,106,-7,7
46314,116,121,-5,5
46315,57,69,-12,12
46316,160,145,15,15
46317,104,98,6,6
46318,106,105,1,1
46319,82,90,-8,8
46320,149,132,17,17
46321,122,121,1,1
46322,46,61,-15,15
46323,44,64,-20,20
46324,47,65,-18,18
46325,46,73,-27,27
46326,103,107,-4,4
46327,118,118,0,0
46328,62,72,-10,10
46329,61,76,-15,15
46330,90,95,-5,5
46331,87,83,4,4
46332,163,135,28,28
46333,108,109,-1,1
46334,68,77,-9,9
46335,128,120,8,8
46336,132,147,-15,15
46337,48,65,-17,17
46338,66,70,-4,4
46339,62,74,-12,12
46340,77,88,-11,11
46341,47,68,-21,21
46342,124,117,7,7
46343,95,102,-7,7
46344,65,70,-5,5
46345,70,79,-9,9
46346,133,126,7,7
46347,98,100,-2,2
46348,138,139,-1,1
46349,93,97,-4,4
46350,136,124,12,12
46351,119,114,5,5
46352,102,108,-6,6
46353,106,120,-14,14
46354,75,82,-7,7
46355,58,65,-7,7
46356,130,114,16,16
46357,85,89,-4,4
46358,102,111,-9,9
46359,66,73,-7,7
46360,83,98,-15,15
46361,85,90,-5,5
46362,122,119,3,3
46363,107,110,-3,3
46364,68,79,-11,11
46365,58,68,-10,10
46366,87,86,1,1
46367,67,77,-10,10
46368,74,83,-9,9
46369,68,71,-3,3
46370,104,96,8,8
46371,158,149,9,9
46372,131,119,12,12
46373,103,104,-1,1
46374,109,111,-2,2
46375,64,69,-5,5
46376,123,109,14,14
46377,111,103,8,8
46378,38,53,-15,15
46379,59,63,-4,4
46380,46,67,-21,21
46381,101,107,-6,6
46382,149,137,12,12
46383,116,112,4,4
46384,62,83,-21,21
46385,78,85,-7,7
46386,92,90,2,2
46387,109,103,6,6
46388,94,97,-3,3
46389,107,112,-5,5
46390,75,85,-10,10
46391,64,76,-12,12
46392,30,45,-15,15
46393,127,125,2,2
46394,67,73,-6,6
46395,109,108,1,1
46396,187,161,26,26
46397,90,96,-6,6
46398,123,119,4,4
46399,72,74,-2,2
46400,124,121,3,3
46401,110,109,1,1
46402,108,111,-3,3
46403,65,76,-11,11
46404,116,117,-1,1
46405,77,93,-16,16
46406,40,58,-18,18
46407,108,107,1,1
46408,159,147,12,12
46409,60,68,-8,8
46410,116,106,10,10
46411,124,136,-12,12
46412,94,98,-4,4
46413,90,84,6,6
46414,30,44,-14,14
46415,89,91,-2,2
46416,89,85,4,4
46417,111,119,-8,8
46418,84,92,-8,8
46419,49,62,-13,13
46420,75,71,4,4
46421,136,118,18,18
46422,41,73,-32,32
46423,72,76,-4,4
46424,173,158,15,15
46425,70,80,-10,10
46426,90,94,-4,4
46427,153,148,5,5
46428,138,139,-1,1
46429,147,139,8,8
46430,116,127,-11,11
46431,148,137,11,11
46432,117,114,3,3
46433,103,101,2,2
46434,123,119,4,4
46435,151,135,16,16
46436,126,123,3,3
46437,105,112,-7,7
46438,111,113,-2,2
46439,71,70,1,1
46440,99,113,-14,14
46441,59,73,-14,14
46442,104,99,5,5
46443,60,65,-5,5
46444,88,92,-4,4
46445,63,68,-5,5
46446,186,169,17,17
46447,97,93,4,4
46448,128,119,9,9
46449,162,144,18,18
46450,74,77,-3,3
46451,92,89,3,3
46452,153,141,12,12
46453,97,97,0,0
46454,116,114,2,2
46455,161,132,29,29
46456,73,81,-8,8
46457,107,106,1,1
46458,112,123,-11,11
46459,89,89,0,0
46460,92,92,0,0
46461,83,85,-2,2
46462,108,119,-11,11
46463,108,112,-4,4
46464,49,58,-9,9
46465,64,71,-7,7
46466,109,117,-8,8
46467,52,61,-9,9
46468,139,136,3,3
46469,90,92,-2,2
46470,90,94,-4,4
46471,70,80,-10,10
46472,97,101,-4,4
46473,56,68,-12,12
46474,64,80,-16,16
46475,67,71,-4,4
46476,48,61,-13,13
46477,69,73,-4,4
46478,93,95,-2,2
46479,144,135,9,9
46480,145,147,-2,2
46481,142,141,1,1
46482,150,142,8,8
46483,58,63,-5,5
46484,120,106,14,14
46485,102,100,2,2
46486,142,142,0,0
46487,100,103,-3,3
46488,125,120,5,5
46489,84,99,-15,15
46490,123,120,3,3
46491,145,147,-2,2
46492,86,91,-5,5
46493,73,77,-4,4
46494,97,95,2,2
46495,57,66,-9,9
46496,122,118,4,4
46497,71,70,1,1
46498,99,100,-1,1
46499,83,79,4,4
46500,165,149,16,16
46501,193,167,26,26
46502,104,97,7,7
46503,110,122,-12,12
46504,65,72,-7,7
46505,72,81,-9,9
46506,76,80,-4,4
46507,173,159,14,14
46508,76,93,-17,17
46509,95,94,1,1
46510,96,95,1,1
46511,82,82,0,0
46512,91,101,-10,10
46513,88,86,2,2
46514,104,105,-1,1
46515,114,118,-4,4
46516,109,103,6,6
46517,74,79,-5,5
46518,137,123,14,14
46519,93,93,0,0
46520,88,91,-3,3
46521,55,72,-17,17
46522,72,82,-10,10
46523,71,94,-23,23
46524,110,100,10,10
46525,114,115,-1,1
46526,128,127,1,1
46527,65,73,-8,8
46528,114,118,-4,4
46529,97,95,2,2
46530,117,140,-23,23
46531,72,80,-8,8
46532,92,92,0,0
46533,64,68,-4,4
46534,125,126,-1,1
46535,99,99,0,0
46536,56,71,-15,15
46537,54,64,-10,10
46538,122,120,2,2
46539,178,169,9,9
46540,179,160,19,19
46541,80,82,-2,2
46542,109,104,5,5
46543,83,88,-5,5
46544,103,97,6,6
46545,61,74,-13,13
46546,125,116,9,9
46547,96,92,4,4
46548,96,115,-19,19
46549,97,98,-1,1
46550,108,94,14,14
46551,89,94,-5,5
46552,55,62,-7,7
46553,87,126,-39,39
46554,49,62,-13,13
46555,94,97,-3,3
46556,93,117,-24,24
46557,75,81,-6,6
46558,65,75,-10,10
46559,52,61,-9,9
46560,83,83,0,0
46561,123,106,17,17
46562,92,92,0,0
46563,74,84,-10,10
46564,109,99,10,10
46565,52,66,-14,14
46566,76,74,2,2
46567,116,109,7,7
46568,83,80,3,3
46569,82,83,-1,1
46570,144,132,12,12
46571,35,52,-17,17
46572,155,146,9,9
46573,136,122,14,14
46574,123,119,4,4
46575,81,83,-2,2
46576,66,78,-12,12
46577,131,120,11,11
46578,133,116,17,17
46579,71,76,-5,5
46580,82,86,-4,4
46581,82,86,-4,4
46582,42,53,-11,11
46583,137,143,-6,6
46584,140,157,-17,17
46585,58,73,-15,15
46586,117,104,13,13
46587,69,87,-18,18
46588,85,91,-6,6
46589,52,54,-2,2
46590,87,99,-12,12
46591,135,137,-2,2
46592,64,71,-7,7
46593,129,109,20,20
46594,190,177,13,13
46595,68,79,-11,11
46596,82,81,1,1
46597,75,82,-7,7
46598,149,127,22,22
46599,84,87,-3,3
46600,54,63,-9,9
46601,98,98,0,0
46602,99,90,9,9
46603,125,122,3,3
46604,86,91,-5,5
46605,95,94,1,1
46606,75,82,-7,7
46607,80,79,1,1
46608,118,118,0,0
46609,91,88,3,3
46610,106,100,6,6
46611,85,95,-10,10
46612,153,140,13,13
46613,103,103,0,0
46614,159,151,8,8
46615,69,74,-5,5
46616,166,130,36,36
46617,109,104,5,5
46618,133,121,12,12
46619,191,164,27,27
46620,113,97,16,16
46621,124,112,12,12
46622,139,130,9,9
46623,88,93,-5,5
46624,43,69,-26,26
46625,71,80,-9,9
46626,116,112,4,4
46627,115,107,8,8
46628,118,118,0,0
46629,62,70,-8,8
46630,106,109,-3,3
46631,116,128,-12,12
46632,137,125,12,12
46633,201,167,34,34
46634,53,65,-12,12
46635,73,82,-9,9
46636,46,62,-16,16
46637,90,92,-2,2
46638,126,123,3,3
46639,113,113,0,0
46640,80,79,1,1
46641,102,95,7,7
46642,161,137,24,24
46643,103,105,-2,2
46644,119,128,-9,9
46645,54,72,-18,18
46646,159,141,18,18
46647,87,82,5,5
46648,59,63,-4,4
46649,59,73,-14,14
46650,90,90,0,0
46651,59,71,-12,12
46652,104,99,5,5
46653,131,130,1,1
46654,60,67,-7,7
46655,68,73,-5,5
46656,86,86,0,0
46657,88,86,2,2
46658,146,140,6,6
46659,62,69,-7,7
46660,152,145,7,7
46661,104,103,1,1
46662,67,71,-4,4
46663,102,105,-3,3
46664,96,101,-5,5
46665,99,108,-9,9
46666,99,104,-5,5
46667,76,83,-7,7
46668,97,99,-2,2
46669,83,93,-10,10
46670,112,114,-2,2
46671,63,72,-9,9
46672,136,138,-2,2
46673,74,81,-7,7
46674,172,144,28,28
46675,136,119,17,17
46676,120,122,-2,2
46677,116,117,-1,1
46678,126,119,7,7
46679,114,107,7,7
46680,72,79,-7,7
46681,104,103,1,1
46682,147,145,2,2
46683,103,103,0,0
46684,81,78,3,3
46685,80,86,-6,6
46686,101,101,0,0
46687,125,110,15,15
46688,92,78,14,14
46689,84,85,-1,1
46690,80,109,-29,29
46691,150,139,11,11
46692,61,71,-10,10
46693,112,107,5,5
46694,112,104,8,8
46695,67,69,-2,2
46696,137,129,8,8
46697,58,69,-11,11
46698,105,102,3,3
46699,88,95,-7,7
46700,76,78,-2,2
46701,88,86,2,2
46702,108,111,-3,3
46703,97,95,2,2
46704,141,137,4,4
46705,64,83,-19,19
46706,51,65,-14,14
46707,101,94,7,7
46708,158,150,8,8
46709,97,97,0,0
46710,79,89,-10,10
46711,69,74,-5,5
46712,97,105,-8,8
46713,90,93,-3,3
46714,85,93,-8,8
46715,90,89,1,1
46716,120,114,6,6
46717,61,70,-9,9
46718,145,140,5,5
46719,77,83,-6,6
46720,49,64,-15,15
46721,81,87,-6,6
46722,70,78,-8,8
46723,107,98,9,9
46724,87,88,-1,1
46725,66,74,-8,8
46726,108,107,1,1
46727,86,88,-2,2
46728,68,74,-6,6
46729,84,77,7,7
46730,72,79,-7,7
46731,67,77,-10,10
46732,73,78,-5,5
46733,81,88,-7,7
46734,65,66,-1,1
46735,130,108,22,22
46736,47,55,-8,8
46737,117,118,-1,1
46738,141,124,17,17
46739,204,173,31,31
46740,85,86,-1,1
46741,116,121,-5,5
46742,118,107,11,11
46743,110,110,0,0
46744,100,97,3,3
46745,93,97,-4,4
46746,53,61,-8,8
46747,86,83,3,3
46748,70,77,-7,7
46749,80,84,-4,4
46750,146,141,5,5
46751,72,77,-5,5
46752,154,146,8,8
46753,206,194,12,12
46754,72,82,-10,10
46755,141,131,10,10
46756,83,104,-21,21
46757,141,141,0,0
46758,97,105,-8,8
46759,137,127,10,10
46760,124,124,0,0
46761,84,88,-4,4
46762,102,118,-16,16
46763,22,63,-41,41
46764,97,100,-3,3
46765,59,64,-5,5
46766,124,124,0,0
46767,198,184,14,14
46768,93,85,8,8
46769,96,96,0,0
46770,99,93,6,6
46771,191,151,40,40
46772,88,86,2,2
46773,88,87,1,1
46774,114,111,3,3
46775,85,96,-11,11
46776,85,78,7,7
46777,63,75,-12,12
46778,129,111,18,18
46779,142,140,2,2
46780,66,79,-13,13
46781,64,68,-4,4
46782,72,75,-3,3
46783,143,139,4,4
46784,73,73,0,0
46785,92,94,-2,2
46786,80,82,-2,2
46787,123,118,5,5
46788,67,77,-10,10
46789,87,103,-16,16
46790,81,73,8,8
46791,77,104,-27,27
46792,70,73,-3,3
46793,120,120,0,0
46794,119,121,-2,2
46795,116,119,-3,3
46796,193,183,10,10
46797,90,96,-6,6
46798,113,126,-13,13
46799,109,101,8,8
46800,85,88,-3,3
46801,63,71,-8,8
46802,56,66,-10,10
46803,131,132,-1,1
46804,108,106,2,2
46805,58,67,-9,9
46806,57,71,-14,14
46807,98,119,-21,21
46808,86,102,-16,16
46809,60,69,-9,9
46810,54,68,-14,14
46811,160,140,20,20
46812,91,102,-11,11
46813,179,145,34,34
46814,68,91,-23,23
46815,143,134,9,9
46816,86,81,5,5
46817,115,119,-4,4
46818,139,122,17,17
46819,95,97,-2,2
46820,66,82,-16,16
46821,66,72,-6,6
46822,143,136,7,7
46823,87,88,-1,1
46824,85,97,-12,12
46825,77,85,-8,8
46826,77,77,0,0
46827,91,84,7,7
46828,80,84,-4,4
46829,23,30,-7,7
46830,92,93,-1,1
46831,109,103,6,6
46832,115,106,9,9
46833,93,96,-3,3
46834,67,77,-10,10
46835,150,142,8,8
46836,78,76,2,2
46837,159,152,7,7
46838,124,109,15,15
46839,93,104,-11,11
46840,133,133,0,0
46841,79,89,-10,10
46842,62,70,-8,8
46843,73,76,-3,3
46844,66,72,-6,6
46845,69,73,-4,4
46846,146,154,-8,8
46847,73,75,-2,2
46848,91,103,-12,12
46849,67,72,-5,5
46850,80,100,-20,20
46851,96,94,2,2
46852,75,77,-2,2
46853,72,88,-16,16
46854,87,88,-1,1
46855,93,87,6,6
46856,115,107,8,8
46857,142,132,10,10
46858,168,135,33,33
46859,149,134,15,15
46860,91,93,-2,2
46861,69,79,-10,10
46862,112,108,4,4
46863,83,84,-1,1
46864,63,64,-1,1
46865,84,89,-5,5
46866,113,104,9,9
46867,98,97,1,1
46868,174,165,9,9
46869,103,97,6,6
46870,32,79,-47,47
46871,126,125,1,1
46872,132,129,3,3
46873,49,59,-10,10
46874,107,106,1,1
46875,121,129,-8,8
46876,132,117,15,15
46877,75,80,-5,5
46878,71,80,-9,9
46879,69,85,-16,16
46880,158,143,15,15
46881,73,77,-4,4
46882,146,125,21,21
46883,49,65,-16,16
46884,124,122,2,2
46885,71,74,-3,3
46886,43,54,-11,11
46887,94,101,-7,7
46888,120,125,-5,5
46889,107,105,2,2
46890,83,80,3,3
46891,111,106,5,5
46892,79,85,-6,6
46893,93,98,-5,5
46894,130,125,5,5
46895,119,112,7,7
46896,80,79,1,1
46897,80,77,3,3
46898,76,79,-3,3
46899,101,104,-3,3
46900,131,124,7,7
46901,91,97,-6,6
46902,81,90,-9,9
46903,102,104,-2,2
46904,108,96,12,12
46905,79,83,-4,4
46906,121,111,10,10
46907,135,135,0,0
46908,68,85,-17,17
46909,104,113,-9,9
46910,44,55,-11,11
46911,103,106,-3,3
46912,136,136,0,0
46913,107,95,12,12
46914,78,93,-15,15
46915,75,82,-7,7
46916,37,49,-12,12
46917,24,33,-9,9
46918,166,158,8,8
46919,134,123,11,11
46920,116,114,2,2
46921,85,92,-7,7
46922,130,128,2,2
46923,150,137,13,13
46924,103,98,5,5
46925,92,93,-1,1
46926,127,126,1,1
46927,72,81,-9,9
46928,95,102,-7,7
46929,56,64,-8,8
46930,170,144,26,26
46931,106,99,7,7
46932,78,85,-7,7
46933,135,135,0,0
46934,113,106,7,7
46935,191,173,18,18
46936,61,73,-12,12
46937,95,89,6,6
46938,119,117,2,2
46939,114,102,12,12
46940,88,91,-3,3
46941,71,76,-5,5
46942,76,80,-4,4
46943,50,67,-17,17
46944,69,76,-7,7
46945,51,79,-28,28
46946,74,87,-13,13
46947,79,81,-2,2
46948,74,85,-11,11
46949,113,117,-4,4
46950,99,108,-9,9
46951,86,90,-4,4
46952,91,92,-1,1
46953,83,98,-15,15
46954,106,101,5,5
46955,66,72,-6,6
46956,74,75,-1,1
46957,78,79,-1,1
46958,101,101,0,0
46959,78,89,-11,11
46960,91,102,-11,11
46961,94,99,-5,5
46962,86,90,-4,4
46963,64,74,-10,10
46964,98,86,12,12
46965,100,110,-10,10
46966,148,132,16,16
46967,96,103,-7,7
46968,135,119,16,16
46969,123,131,-8,8
46970,65,73,-8,8
46971,86,85,1,1
46972,86,88,-2,2
46973,93,94,-1,1
46974,106,104,2,2
46975,122,115,7,7
46976,75,89,-14,14
46977,86,86,0,0
46978,51,62,-11,11
46979,56,68,-12,12
46980,125,128,-3,3
46981,92,93,-1,1
46982,108,117,-9,9
46983,151,140,11,11
46984,83,89,-6,6
46985,66,79,-13,13
46986,138,122,16,16
46987,120,121,-1,1
46988,79,83,-4,4
46989,86,95,-9,9
46990,163,157,6,6
46991,112,111,1,1
46992,98,93,5,5
46993,40,76,-36,36
46994,85,94,-9,9
46995,73,83,-10,10
46996,84,98,-14,14
46997,127,128,-1,1
46998,113,104,9,9
46999,116,109,7,7
47000,91,97,-6,6
47001,91,80,11,11
47002,50,62,-12,12
47003,78,85,-7,7
47004,90,93,-3,3
47005,125,119,6,6
47006,84,91,-7,7
47007,79,81,-2,2
47008,69,74,-5,5
47009,115,103,12,12
47010,227,226,1,1
47011,107,110,-3,3
47012,136,155,-19,19
47013,88,86,2,2
47014,117,118,-1,1
47015,81,90,-9,9
47016,150,139,11,11
47017,101,120,-19,19
47018,169,154,15,15
47019,75,83,-8,8
47020,146,143,3,3
47021,96,94,2,2
47022,66,72,-6,6
47023,73,78,-5,5
47024,85,98,-13,13
47025,104,92,12,12
47026,53,65,-12,12
47027,148,154,-6,6
47028,119,111,8,8
47029,45,54,-9,9
47030,72,77,-5,5
47031,126,123,3,3
47032,64,70,-6,6
47033,119,119,0,0
47034,89,97,-8,8
47035,139,132,7,7
47036,111,116,-5,5
47037,100,104,-4,4
47038,82,88,-6,6
47039,138,131,7,7
47040,47,58,-11,11
47041,167,154,13,13
47042,63,71,-8,8
47043,118,113,5,5
47044,201,193,8,8
47045,82,91,-9,9
47046,91,98,-7,7
47047,81,88,-7,7
47048,91,89,2,2
47049,119,109,10,10
47050,88,86,2,2
47051,76,81,-5,5
47052,86,89,-3,3
47053,47,58,-11,11
47054,134,128,6,6
47055,96,98,-2,2
47056,82,87,-5,5
47057,82,81,1,1
47058,89,94,-5,5
47059,99,104,-5,5
47060,93,97,-4,4
47061,87,91,-4,4
47062,62,66,-4,4
47063,58,65,-7,7
47064,82,88,-6,6
47065,142,139,3,3
47066,101,98,3,3
47067,127,119,8,8
47068,46,57,-11,11
47069,116,108,8,8
47070,54,66,-12,12
47071,71,75,-4,4
47072,121,136,-15,15
47073,80,85,-5,5
47074,86,90,-4,4
47075,119,113,6,6
47076,71,81,-10,10
47077,171,152,19,19
47078,126,111,15,15
47079,57,64,-7,7
47080,99,99,0,0
47081,55,69,-14,14
47082,77,84,-7,7
47083,110,108,2,2
47084,77,103,-26,26
47085,111,108,3,3
47086,164,157,7,7
47087,104,99,5,5
47088,85,90,-5,5
47089,75,80,-5,5
47090,119,111,8,8
47091,82,89,-7,7
47092,122,111,11,11
47093,111,108,3,3
47094,102,97,5,5
47095,54,63,-9,9
47096,96,97,-1,1
47097,65,75,-10,10
47098,135,132,3,3
47099,79,79,0,0
47100,92,85,7,7
47101,56,68,-12,12
47102,109,97,12,12
47103,124,121,3,3
47104,65,77,-12,12
47105,84,90,-6,6
47106,107,102,5,5
47107,114,109,5,5
47108,92,87,5,5
47109,129,122,7,7
47110,159,143,16,16
47111,80,88,-8,8
47112,106,104,2,2
47113,76,83,-7,7
47114,81,91,-10,10
47115,115,114,1,1
47116,89,98,-9,9
47117,66,76,-10,10
47118,49,64,-15,15
47119,74,77,-3,3
47120,77,77,0,0
47121,98,95,3,3
47122,181,162,19,19
47123,65,73,-8,8
47124,125,119,6,6
47125,120,123,-3,3
47126,92,87,5,5
47127,125,119,6,6
47128,97,98,-1,1
47129,113,100,13,13
47130,69,80,-11,11
47131,41,56,-15,15
47132,112,109,3,3
47133,93,88,5,5
47134,77,78,-1,1
47135,114,124,-10,10
47136,90,91,-1,1
47137,119,121,-2,2
47138,85,96,-11,11
47139,99,105,-6,6
47140,113,96,17,17
47141,112,119,-7,7
47142,43,58,-15,15
47143,73,77,-4,4
47144,149,142,7,7
47145,72,79,-7,7
47146,62,73,-11,11
47147,74,78,-4,4
47148,197,176,21,21
47149,93,106,-13,13
47150,103,86,17,17
47151,96,92,4,4
47152,191,157,34,34
47153,116,111,5,5
47154,75,78,-3,3
47155,99,104,-5,5
47156,94,86,8,8
47157,124,125,-1,1
47158,83,86,-3,3
47159,131,123,8,8
47160,108,95,13,13
47161,108,118,-10,10
47162,77,81,-4,4
47163,77,74,3,3
47164,126,119,7,7
47165,59,78,-19,19
47166,101,110,-9,9
47167,121,117,4,4
47168,116,119,-3,3
47169,124,115,9,9
47170,69,70,-1,1
47171,160,146,14,14
47172,67,79,-12,12
47173,111,115,-4,4
47174,80,100,-20,20
47175,44,57,-13,13
47176,89,90,-1,1
47177,92,92,0,0
47178,105,111,-6,6
47179,113,106,7,7
47180,83,86,-3,3
47181,54,63,-9,9
47182,47,60,-13,13
47183,105,98,7,7
47184,65,68,-3,3
47185,118,109,9,9
47186,115,106,9,9
47187,92,99,-7,7
47188,69,67,2,2
47189,42,58,-16,16
47190,64,67,-3,3
47191,119,122,-3,3
47192,142,128,14,14
47193,117,106,11,11
47194,67,78,-11,11
47195,157,142,15,15
47196,57,69,-12,12
47197,122,108,14,14
47198,84,83,1,1
47199,112,115,-3,3
47200,96,98,-2,2
47201,75,78,-3,3
47202,86,87,-1,1
47203,168,147,21,21
47204,128,110,18,18
47205,111,116,-5,5
47206,95,99,-4,4
47207,74,90,-16,16
47208,101,90,11,11
47209,69,72,-3,3
47210,160,152,8,8
47211,139,126,13,13
47212,24,69,-45,45
47213,89,89,0,0
47214,102,105,-3,3
47215,49,59,-10,10
47216,94,107,-13,13
47217,76,78,-2,2
47218,170,145,25,25
47219,158,148,10,10
47220,31,87,-56,56
47221,66,75,-9,9
47222,106,96,10,10
47223,60,77,-17,17
47224,77,84,-7,7
47225,68,74,-6,6
47226,129,125,4,4
47227,60,68,-8,8
47228,106,106,0,0
47229,64,67,-3,3
47230,67,73,-6,6
47231,85,91,-6,6
47232,79,77,2,2
47233,175,160,15,15
47234,20,67,-47,47
47235,169,146,23,23
47236,90,96,-6,6
47237,74,80,-6,6
47238,68,85,-17,17
47239,52,67,-15,15
47240,81,89,-8,8
47241,106,110,-4,4
47242,113,112,1,1
47243,64,73,-9,9
47244,98,104,-6,6
47245,120,120,0,0
47246,85,86,-1,1
47247,70,71,-1,1
47248,121,118,3,3
47249,132,120,12,12
47250,50,58,-8,8
47251,68,84,-16,16
47252,55,65,-10,10
47253,122,114,8,8
47254,107,99,8,8
47255,69,78,-9,9
47256,115,109,6,6
47257,118,115,3,3
47258,184,198,-14,14
47259,78,93,-15,15
47260,47,61,-14,14
47261,65,71,-6,6
47262,109,99,10,10
47263,89,86,3,3
47264,141,136,5,5
47265,68,94,-26,26
47266,167,145,22,22
47267,68,81,-13,13
47268,86,92,-6,6
47269,93,94,-1,1
47270,91,93,-2,2
47271,65,77,-12,12
47272,132,129,3,3
47273,91,96,-5,5
47274,71,73,-2,2
47275,71,73,-2,2
47276,120,119,1,1
47277,118,108,10,10
47278,117,113,4,4
47279,157,153,4,4
47280,73,82,-9,9
47281,108,110,-2,2
47282,82,78,4,4
47283,122,118,4,4
47284,143,140,3,3
47285,172,156,16,16
47286,76,72,4,4
47287,130,131,-1,1
47288,61,67,-6,6
47289,65,76,-11,11
47290,128,119,9,9
47291,98,98,0,0
47292,161,163,-2,2
47293,56,65,-9,9
47294,97,131,-34,34
47295,176,190,-14,14
47296,125,121,4,4
47297,115,109,6,6
47298,81,88,-7,7
47299,103,102,1,1
47300,53,63,-10,10
47301,173,162,11,11
47302,132,121,11,11
47303,129,119,10,10
47304,120,118,2,2
47305,123,113,10,10
47306,203,163,40,40
47307,59,61,-2,2
47308,67,76,-9,9
47309,132,119,13,13
47310,182,157,25,25
47311,143,139,4,4
47312,97,90,7,7
47313,91,92,-1,1
47314,96,105,-9,9
47315,91,92,-1,1
47316,87,85,2,2
47317,143,146,-3,3
47318,65,62,3,3
47319,78,76,2,2
47320,78,81,-3,3
47321,140,136,4,4
47322,93,96,-3,3
47323,52,61,-9,9
47324,95,101,-6,6
47325,96,91,5,5
47326,72,80,-8,8
47327,113,111,2,2
47328,97,95,2,2
47329,77,83,-6,6
47330,71,79,-8,8
47331,58,65,-7,7
47332,72,77,-5,5
47333,210,175,35,35
47334,97,93,4,4
47335,141,139,2,2
47336,130,129,1,1
47337,105,107,-2,2
47338,66,81,-15,15
47339,78,91,-13,13
47340,96,100,-4,4
47341,120,118,2,2
47342,57,69,-12,12
47343,162,147,15,15
47344,134,132,2,2
47345,161,141,20,20
47346,171,161,10,10
47347,91,98,-7,7
47348,46,59,-13,13
47349,128,120,8,8
47350,113,100,13,13
47351,96,94,2,2
47352,55,63,-8,8
47353,101,107,-6,6
47354,146,136,10,10
47355,83,121,-38,38
47356,41,56,-15,15
47357,117,115,2,2
47358,118,120,-2,2
47359,89,95,-6,6
47360,88,91,-3,3
47361,37,42,-5,5
47362,68,78,-10,10
47363,53,56,-3,3
47364,106,102,4,4
47365,125,118,7,7
47366,79,83,-4,4
47367,100,96,4,4
47368,99,105,-6,6
47369,99,101,-2,2
47370,130,121,9,9
47371,75,88,-13,13
47372,101,98,3,3
47373,90,92,-2,2
47374,154,136,18,18
47375,116,110,6,6
47376,60,76,-16,16
47377,144,140,4,4
47378,75,81,-6,6
47379,110,106,4,4
47380,124,123,1,1
47381,79,93,-14,14
47382,38,41,-3,3
47383,90,93,-3,3
47384,84,81,3,3
47385,76,85,-9,9
47386,88,94,-6,6
47387,124,124,0,0
47388,76,85,-9,9
47389,84,82,2,2
47390,75,81,-6,6
47391,78,80,-2,2
47392,48,63,-15,15
47393,70,81,-11,11
47394,125,117,8,8
47395,129,128,1,1
47396,75,76,-1,1
47397,91,103,-12,12
47398,108,105,3,3
47399,100,96,4,4
47400,56,74,-18,18
47401,140,123,17,17
47402,62,69,-7,7
47403,224,178,46,46
47404,109,120,-11,11
47405,159,153,6,6
47406,90,95,-5,5
47407,125,121,4,4
47408,96,100,-4,4
47409,74,91,-17,17
47410,109,113,-4,4
47411,84,88,-4,4
47412,50,56,-6,6
47413,146,136,10,10
47414,116,105,11,11
47415,93,89,4,4
47416,92,90,2,2
47417,72,72,0,0
47418,159,136,23,23
47419,79,79,0,0
47420,117,111,6,6
47421,92,88,4,4
47422,102,100,2,2
47423,61,70,-9,9
47424,55,60,-5,5
47425,91,83,8,8
47426,94,92,2,2
47427,64,73,-9,9
47428,121,117,4,4
47429,50,61,-11,11
47430,91,89,2,2
47431,87,91,-4,4
47432,100,97,3,3
47433,60,65,-5,5
47434,139,135,4,4
47435,77,79,-2,2
47436,54,65,-11,11
47437,117,99,18,18
47438,105,118,-13,13
47439,105,102,3,3
47440,78,83,-5,5
47441,108,98,10,10
47442,111,119,-8,8
47443,112,117,-5,5
47444,69,75,-6,6
47445,100,106,-6,6
47446,96,96,0,0
47447,31,55,-24,24
47448,75,79,-4,4
47449,68,77,-9,9
47450,53,66,-13,13
47451,63,73,-10,10
47452,85,84,1,1
47453,126,125,1,1
47454,107,105,2,2
47455,130,124,6,6
47456,65,70,-5,5
47457,73,78,-5,5
47458,107,110,-3,3
47459,121,120,1,1
47460,99,101,-2,2
47461,92,98,-6,6
47462,170,158,12,12
47463,85,78,7,7
47464,142,133,9,9
47465,86,88,-2,2
47466,63,71,-8,8
47467,121,110,11,11
47468,84,96,-12,12
47469,66,70,-4,4
47470,60,67,-7,7
47471,68,71,-3,3
47472,113,123,-10,10
47473,101,99,2,2
47474,48,63,-15,15
47475,154,146,8,8
47476,160,148,12,12
47477,102,96,6,6
47478,94,96,-2,2
47479,84,84,0,0
47480,107,111,-4,4
47481,66,77,-11,11
47482,87,94,-7,7
47483,84,79,5,5
47484,86,92,-6,6
47485,101,70,31,31
47486,83,82,1,1
47487,70,71,-1,1
47488,104,94,10,10
47489,78,77,1,1
47490,69,75,-6,6
47491,172,154,18,18
47492,66,81,-15,15
47493,96,94,2,2
47494,73,79,-6,6
47495,122,129,-7,7
47496,66,79,-13,13
47497,78,84,-6,6
47498,70,122,-52,52
47499,62,73,-11,11
47500,64,71,-7,7
47501,189,165,24,24
47502,101,102,-1,1
47503,83,87,-4,4
47504,88,83,5,5
47505,108,105,3,3
47506,109,107,2,2
47507,50,57,-7,7
47508,100,96,4,4
47509,98,94,4,4
47510,74,75,-1,1
47511,151,131,20,20
47512,67,77,-10,10
47513,145,128,17,17
47514,99,97,2,2
47515,79,83,-4,4
47516,66,78,-12,12
47517,87,86,1,1
47518,104,95,9,9
47519,75,78,-3,3
47520,81,78,3,3
47521,79,88,-9,9
47522,82,84,-2,2
47523,202,173,29,29
47524,64,69,-5,5
47525,142,134,8,8
47526,77,91,-14,14
47527,95,111,-16,16
47528,127,125,2,2
47529,89,96,-7,7
47530,136,141,-5,5
47531,63,75,-12,12
47532,123,119,4,4
47533,113,108,5,5
47534,98,99,-1,1
47535,136,120,16,16
47536,124,117,7,7
47537,124,115,9,9
47538,162,144,18,18
47539,81,96,-15,15
47540,93,94,-1,1
47541,83,91,-8,8
47542,127,110,17,17
47543,60,64,-4,4
47544,83,89,-6,6
47545,60,67,-7,7
47546,103,110,-7,7
47547,93,84,9,9
47548,78,82,-4,4
47549,97,92,5,5
47550,73,76,-3,3
47551,128,119,9,9
47552,92,97,-5,5
47553,37,50,-13,13
47554,154,143,11,11
47555,60,73,-13,13
47556,94,94,0,0
47557,103,100,3,3
47558,72,78,-6,6
47559,65,82,-17,17
47560,85,92,-7,7
47561,111,106,5,5
47562,88,94,-6,6
47563,110,102,8,8
47564,102,99,3,3
47565,59,67,-8,8
47566,89,86,3,3
47567,113,100,13,13
47568,65,79,-14,14
47569,148,140,8,8
47570,83,88,-5,5
47571,81,84,-3,3
47572,88,90,-2,2
47573,67,77,-10,10
47574,44,60,-16,16
47575,98,104,-6,6
47576,89,90,-1,1
47577,85,91,-6,6
47578,165,141,24,24
47579,58,73,-15,15
47580,118,111,7,7
47581,138,120,18,18
47582,85,85,0,0
47583,77,83,-6,6
47584,58,67,-9,9
47585,78,77,1,1
47586,94,108,-14,14
47587,51,66,-15,15
47588,109,116,-7,7
47589,72,82,-10,10
47590,71,75,-4,4
47591,83,93,-10,10
47592,97,96,1,1
47593,81,88,-7,7
47594,192,193,-1,1
47595,152,141,11,11
47596,101,100,1,1
47597,65,67,-2,2
47598,77,84,-7,7
47599,130,119,11,11
47600,124,101,23,23
47601,89,95,-6,6
47602,105,112,-7,7
47603,85,85,0,0
47604,147,142,5,5
47605,108,119,-11,11
47606,86,90,-4,4
47607,66,75,-9,9
47608,62,67,-5,5
47609,74,76,-2,2
47610,144,122,22,22
47611,77,80,-3,3
47612,53,54,-1,1
47613,81,80,1,1
47614,121,117,4,4
47615,71,73,-2,2
47616,75,70,5,5
47617,105,98,7,7
47618,98,102,-4,4
47619,133,130,3,3
47620,115,119,-4,4
47621,56,67,-11,11
47622,139,128,11,11
47623,108,108,0,0
47624,207,177,30,30
47625,43,65,-22,22
47626,135,123,12,12
47627,122,120,2,2
47628,61,73,-12,12
47629,97,92,5,5
47630,77,80,-3,3
47631,123,105,18,18
47632,59,70,-11,11
47633,113,119,-6,6
47634,125,120,5,5
47635,88,93,-5,5
47636,72,74,-2,2
47637,137,134,3,3
47638,113,104,9,9
47639,112,105,7,7
47640,60,71,-11,11
47641,106,107,-1,1
47642,143,137,6,6
47643,91,92,-1,1
47644,95,94,1,1
47645,155,133,22,22
47646,106,107,-1,1
47647,103,116,-13,13
47648,142,124,18,18
47649,76,77,-1,1
47650,115,119,-4,4
47651,96,121,-25,25
47652,103,97,6,6
47653,106,107,-1,1
47654,67,72,-5,5
47655,100,99,1,1
47656,103,97,6,6
47657,72,81,-9,9
47658,142,130,12,12
47659,32,58,-26,26
47660,137,136,1,1
47661,57,72,-15,15
47662,69,78,-9,9
47663,47,59,-12,12
47664,82,85,-3,3
47665,113,103,10,10
47666,81,90,-9,9
47667,96,97,-1,1
47668,67,72,-5,5
47669,138,125,13,13
47670,73,75,-2,2
47671,62,84,-22,22
47672,45,63,-18,18
47673,106,101,5,5
47674,65,71,-6,6
47675,79,82,-3,3
47676,109,114,-5,5
47677,147,136,11,11
47678,67,71,-4,4
47679,94,92,2,2
47680,73,79,-6,6
47681,57,73,-16,16
47682,124,113,11,11
47683,68,78,-10,10
47684,89,91,-2,2
47685,105,97,8,8
47686,64,82,-18,18
47687,78,87,-9,9
47688,108,101,7,7
47689,171,161,10,10
47690,92,86,6,6
47691,63,73,-10,10
47692,66,75,-9,9
47693,85,93,-8,8
47694,134,127,7,7
47695,73,77,-4,4
47696,85,86,-1,1
47697,81,83,-2,2
47698,119,116,3,3
47699,64,67,-3,3
47700,73,76,-3,3
47701,120,106,14,14
47702,122,118,4,4
47703,97,101,-4,4
47704,69,77,-8,8
47705,88,90,-2,2
47706,86,92,-6,6
47707,87,91,-4,4
47708,152,137,15,15
47709,65,71,-6,6
47710,37,56,-19,19
47711,125,111,14,14
47712,117,124,-7,7
47713,72,78,-6,6
47714,120,135,-15,15
47715,67,73,-6,6
47716,147,137,10,10
47717,142,132,10,10
47718,111,107,4,4
47719,104,103,1,1
47720,90,86,4,4
47721,76,80,-4,4
47722,82,81,1,1
47723,122,98,24,24
47724,176,157,19,19
47725,97,85,12,12
47726,84,89,-5,5
47727,94,91,3,3
47728,175,172,3,3
47729,90,96,-6,6
47730,62,69,-7,7
47731,116,106,10,10
47732,137,130,7,7
47733,141,129,12,12
47734,96,103,-7,7
47735,99,99,0,0
47736,66,70,-4,4
47737,183,169,14,14
47738,64,69,-5,5
47739,137,137,0,0
47740,51,62,-11,11
47741,35,47,-12,12
47742,137,121,16,16
47743,151,144,7,7
47744,115,111,4,4
47745,94,92,2,2
47746,42,50,-8,8
47747,57,71,-14,14
47748,102,107,-5,5
47749,59,67,-8,8
47750,73,88,-15,15
47751,80,82,-2,2
47752,102,109,-7,7
47753,111,107,4,4
47754,150,145,5,5
47755,149,134,15,15
47756,129,118,11,11
47757,35,56,-21,21
47758,50,64,-14,14
47759,85,85,0,0
47760,90,91,-1,1
47761,129,116,13,13
47762,111,117,-6,6
47763,80,93,-13,13
47764,165,157,8,8
47765,69,74,-5,5
47766,132,120,12,12
47767,145,131,14,14
47768,51,62,-11,11
47769,152,133,19,19
47770,64,71,-7,7
47771,168,149,19,19
47772,100,104,-4,4
47773,72,73,-1,1
47774,86,95,-9,9
47775,67,80,-13,13
47776,71,79,-8,8
47777,156,148,8,8
47778,92,91,1,1
47779,93,96,-3,3
47780,95,102,-7,7
47781,113,106,7,7
47782,105,101,4,4
47783,77,88,-11,11
47784,96,104,-8,8
47785,103,103,0,0
47786,76,94,-18,18
47787,77,79,-2,2
47788,103,94,9,9
47789,80,84,-4,4
47790,72,81,-9,9
47791,98,99,-1,1
47792,94,88,6,6
47793,145,149,-4,4
47794,57,63,-6,6
47795,95,91,4,4
47796,97,84,13,13
47797,160,142,18,18
47798,161,150,11,11
47799,71,74,-3,3
47800,95,93,2,2
47801,100,99,1,1
47802,57,57,0,0
47803,96,97,-1,1
47804,70,74,-4,4
47805,51,85,-34,34
47806,70,75,-5,5
47807,27,47,-20,20
47808,93,91,2,2
47809,110,108,2,2
47810,128,121,7,7
47811,146,148,-2,2
47812,81,75,6,6
47813,100,95,5,5
47814,77,75,2,2
47815,57,69,-12,12
47816,110,105,5,5
47817,90,97,-7,7
47818,105,110,-5,5
47819,91,86,5,5
47820,158,147,11,11
47821,79,79,0,0
47822,52,61,-9,9
47823,86,86,0,0
47824,100,99,1,1
47825,65,71,-6,6
47826,116,108,8,8
47827,75,77,-2,2
47828,95,93,2,2
47829,71,81,-10,10
47830,87,95,-8,8
47831,79,74,5,5
47832,77,82,-5,5
47833,55,66,-11,11
47834,94,96,-2,2
47835,99,98,1,1
47836,98,99,-1,1
47837,95,110,-15,15
47838,123,122,1,1
47839,76,92,-16,16
47840,157,155,2,2
47841,75,82,-7,7
47842,114,112,2,2
47843,47,52,-5,5
47844,110,108,2,2
47845,122,117,5,5
47846,89,100,-11,11
47847,65,74,-9,9
47848,63,74,-11,11
47849,140,127,13,13
47850,101,103,-2,2
47851,132,124,8,8
47852,175,176,-1,1
47853,79,80,-1,1
47854,97,95,2,2
47855,108,96,12,12
47856,76,75,1,1
47857,80,80,0,0
47858,114,103,11,11
47859,160,162,-2,2
47860,101,95,6,6
47861,143,127,16,16
47862,40,53,-13,13
47863,151,139,12,12
47864,111,123,-12,12
47865,105,119,-14,14
47866,93,90,3,3
47867,121,119,2,2
47868,162,148,14,14
47869,91,102,-11,11
47870,86,90,-4,4
47871,133,133,0,0
47872,69,77,-8,8
47873,110,97,13,13
47874,76,77,-1,1
47875,70,79,-9,9
47876,129,110,19,19
47877,105,97,8,8
47878,118,112,6,6
47879,51,64,-13,13
47880,155,140,15,15
47881,80,83,-3,3
47882,91,104,-13,13
47883,87,87,0,0
47884,61,77,-16,16
47885,65,72,-7,7
47886,85,92,-7,7
47887,89,92,-3,3
47888,62,70,-8,8
47889,85,91,-6,6
47890,65,80,-15,15
47891,127,120,7,7
47892,94,96,-2,2
47893,106,107,-1,1
47894,72,73,-1,1
47895,115,110,5,5
47896,100,94,6,6
47897,56,64,-8,8
47898,78,92,-14,14
47899,100,101,-1,1
47900,94,90,4,4
47901,104,98,6,6
47902,76,87,-11,11
47903,100,98,2,2
47904,114,106,8,8
47905,94,89,5,5
47906,92,96,-4,4
47907,51,60,-9,9
47908,129,126,3,3
47909,30,32,-2,2
47910,91,101,-10,10
47911,72,80,-8,8
47912,99,99,0,0
47913,59,67,-8,8
47914,103,99,4,4
47915,140,119,21,21
47916,71,77,-6,6
47917,77,81,-4,4
47918,108,108,0,0
47919,87,82,5,5
47920,150,145,5,5
47921,108,112,-4,4
47922,78,80,-2,2
47923,143,132,11,11
47924,109,119,-10,10
47925,81,86,-5,5
47926,82,91,-9,9
47927,46,58,-12,12
47928,142,126,16,16
47929,54,65,-11,11
47930,89,94,-5,5
47931,53,63,-10,10
47932,73,76,-3,3
47933,74,78,-4,4
47934,43,52,-9,9
47935,89,93,-4,4
47936,71,80,-9,9
47937,62,82,-20,20
47938,59,71,-12,12
47939,114,106,8,8
47940,56,65,-9,9
47941,94,97,-3,3
47942,102,107,-5,5
47943,112,107,5,5
47944,75,81,-6,6
47945,77,91,-14,14
47946,124,119,5,5
47947,128,118,10,10
47948,70,83,-13,13
47949,84,133,-49,49
47950,151,134,17,17
47951,113,106,7,7
47952,85,84,1,1
47953,82,104,-22,22
47954,163,157,6,6
47955,124,130,-6,6
47956,80,79,1,1
47957,122,141,-19,19
47958,88,82,6,6
47959,66,70,-4,4
47960,83,89,-6,6
47961,118,110,8,8
47962,57,64,-7,7
47963,66,79,-13,13
47964,108,105,3,3
47965,93,101,-8,8
47966,51,60,-9,9
47967,171,154,17,17
47968,114,103,11,11
47969,45,58,-13,13
47970,86,83,3,3
47971,62,77,-15,15
47972,67,76,-9,9
47973,76,84,-8,8
47974,108,112,-4,4
47975,100,118,-18,18
47976,139,130,9,9
47977,115,116,-1,1
47978,144,116,28,28
47979,90,85,5,5
47980,91,85,6,6
47981,75,84,-9,9
47982,135,125,10,10
47983,67,82,-15,15
47984,117,103,14,14
47985,127,113,14,14
47986,59,66,-7,7
47987,48,64,-16,16
47988,69,76,-7,7
47989,93,89,4,4
47990,123,122,1,1
47991,131,136,-5,5
47992,105,102,3,3
47993,121,123,-2,2
47994,111,113,-2,2
47995,43,55,-12,12
47996,131,122,9,9
47997,133,120,13,13
47998,74,80,-6,6
47999,154,129,25,25
48000,36,51,-15,15
48001,83,93,-10,10
48002,114,116,-2,2
48003,115,108,7,7
48004,117,111,6,6
48005,129,119,10,10
48006,119,114,5,5
48007,65,72,-7,7
48008,88,93,-5,5
48009,80,78,2,2
48010,43,42,1,1
48011,68,77,-9,9
48012,157,143,14,14
48013,104,103,1,1
48014,56,61,-5,5
48015,52,65,-13,13
48016,115,107,8,8
48017,64,69,-5,5
48018,139,133,6,6
48019,58,66,-8,8
48020,105,105,0,0
48021,196,180,16,16
48022,117,107,10,10
48023,108,93,15,15
48024,109,121,-12,12
48025,53,60,-7,7
48026,97,93,4,4
48027,89,95,-6,6
48028,136,125,11,11
48029,156,158,-2,2
48030,107,100,7,7
48031,48,56,-8,8
48032,108,112,-4,4
48033,151,134,17,17
48034,71,88,-17,17
48035,99,94,5,5
48036,119,101,18,18
48037,131,123,8,8
48038,72,79,-7,7
48039,112,108,4,4
48040,142,148,-6,6
48041,130,125,5,5
48042,103,106,-3,3
48043,136,130,6,6
48044,61,68,-7,7
48045,93,92,1,1
48046,124,121,3,3
48047,44,62,-18,18
48048,166,163,3,3
48049,134,133,1,1
48050,85,86,-1,1
48051,56,72,-16,16
48052,58,73,-15,15
48053,95,96,-1,1
48054,113,106,7,7
48055,80,91,-11,11
48056,105,101,4,4
48057,56,60,-4,4
48058,79,89,-10,10
48059,77,88,-11,11
48060,90,92,-2,2
48061,68,82,-14,14
48062,65,77,-12,12
48063,95,98,-3,3
48064,51,65,-14,14
48065,99,95,4,4
48066,81,79,2,2
48067,116,103,13,13
48068,72,78,-6,6
48069,55,70,-15,15
48070,144,140,4,4
48071,74,83,-9,9
48072,135,133,2,2
48073,60,72,-12,12
48074,76,87,-11,11
48075,144,120,24,24
48076,141,120,21,21
48077,80,72,8,8
48078,74,84,-10,10
48079,83,86,-3,3
48080,76,76,0,0
48081,100,97,3,3
48082,97,95,2,2
48083,141,121,20,20
48084,109,107,2,2
48085,87,109,-22,22
48086,104,102,2,2
48087,69,75,-6,6
48088,60,76,-16,16
48089,71,81,-10,10
48090,64,72,-8,8
48091,69,81,-12,12
48092,92,94,-2,2
48093,93,94,-1,1
48094,88,85,3,3
48095,11,30,-19,19
48096,132,119,13,13
48097,62,77,-15,15
48098,73,94,-21,21
48099,110,102,8,8
48100,84,93,-9,9
48101,63,63,0,0
48102,110,112,-2,2
48103,61,65,-4,4
48104,81,94,-13,13
48105,107,107,0,0
48106,161,143,18,18
48107,66,69,-3,3
48108,59,75,-16,16
48109,115,121,-6,6
48110,113,109,4,4
48111,125,122,3,3
48112,104,104,0,0
48113,90,92,-2,2
48114,84,86,-2,2
48115,101,104,-3,3
48116,151,136,15,15
48117,127,120,7,7
48118,102,97,5,5
48119,85,93,-8,8
48120,64,76,-12,12
48121,114,112,2,2
48122,104,98,6,6
48123,99,101,-2,2
48124,60,70,-10,10
48125,102,108,-6,6
48126,125,120,5,5
48127,109,120,-11,11
48128,106,101,5,5
48129,91,94,-3,3
48130,54,75,-21,21
48131,86,101,-15,15
48132,108,117,-9,9
48133,61,70,-9,9
48134,63,85,-22,22
48135,112,109,3,3
48136,35,48,-13,13
48137,86,86,0,0
48138,79,88,-9,9
48139,112,108,4,4
48140,180,171,9,9
48141,94,88,6,6
48142,125,118,7,7
48143,82,83,-1,1
48144,94,101,-7,7
48145,83,81,2,2
48146,93,99,-6,6
48147,89,93,-4,4
48148,63,72,-9,9
48149,120,120,0,0
48150,91,84,7,7
48151,102,124,-22,22
48152,70,82,-12,12
48153,66,70,-4,4
48154,73,79,-6,6
48155,122,108,14,14
48156,50,63,-13,13
48157,65,76,-11,11
48158,146,136,10,10
48159,72,80,-8,8
48160,109,99,10,10
48161,67,79,-12,12
48162,138,126,12,12
48163,78,82,-4,4
48164,143,140,3,3
48165,82,86,-4,4
48166,147,149,-2,2
48167,115,113,2,2
48168,107,111,-4,4
48169,60,71,-11,11
48170,95,92,3,3
48171,95,96,-1,1
48172,39,58,-19,19
48173,75,87,-12,12
48174,61,69,-8,8
48175,194,196,-2,2
48176,67,79,-12,12
48177,104,98,6,6
48178,79,86,-7,7
48179,57,76,-19,19
48180,45,59,-14,14
48181,66,79,-13,13
48182,70,76,-6,6
48183,61,82,-21,21
48184,93,93,0,0
48185,104,104,0,0
48186,122,132,-10,10
48187,64,72,-8,8
48188,68,78,-10,10
48189,132,126,6,6
48190,55,65,-10,10
48191,117,114,3,3
48192,89,87,2,2
48193,83,93,-10,10
48194,94,103,-9,9
48195,59,64,-5,5
48196,149,137,12,12
48197,77,86,-9,9
48198,92,99,-7,7
48199,84,84,0,0
48200,71,75,-4,4
48201,75,77,-2,2
48202,123,114,9,9
48203,108,113,-5,5
48204,90,94,-4,4
48205,99,87,12,12
48206,38,54,-16,16
48207,59,71,-12,12
48208,104,102,2,2
48209,114,123,-9,9
48210,83,91,-8,8
48211,182,154,28,28
48212,89,91,-2,2
48213,77,74,3,3
48214,146,131,15,15
48215,74,79,-5,5
48216,73,75,-2,2
48217,71,76,-5,5
48218,70,72,-2,2
48219,139,135,4,4
48220,75,69,6,6
48221,110,125,-15,15
48222,106,107,-1,1
48223,150,143,7,7
48224,132,123,9,9
48225,108,97,11,11
48226,56,67,-11,11
48227,133,127,6,6
48228,123,109,14,14
48229,58,61,-3,3
48230,73,82,-9,9
48231,118,109,9,9
48232,83,87,-4,4
48233,66,72,-6,6
48234,83,88,-5,5
48235,89,92,-3,3
48236,87,97,-10,10
48237,95,96,-1,1
48238,57,69,-12,12
48239,124,121,3,3
48240,136,130,6,6
48241,102,102,0,0
48242,123,122,1,1
48243,53,63,-10,10
48244,59,72,-13,13
48245,150,131,19,19
48246,140,124,16,16
48247,88,90,-2,2
48248,140,127,13,13
48249,86,90,-4,4
48250,106,102,4,4
48251,127,133,-6,6
48252,88,83,5,5
48253,99,108,-9,9
48254,83,88,-5,5
48255,81,87,-6,6
48256,151,129,22,22
48257,144,142,2,2
48258,55,63,-8,8
48259,66,70,-4,4
48260,103,102,1,1
48261,100,97,3,3
48262,76,75,1,1
48263,115,111,4,4
48264,135,124,11,11
48265,128,115,13,13
48266,163,145,18,18
48267,81,83,-2,2
48268,88,91,-3,3
48269,86,111,-25,25
48270,147,134,13,13
48271,179,160,19,19
48272,98,95,3,3
48273,91,88,3,3
48274,145,135,10,10
48275,53,66,-13,13
48276,122,121,1,1
48277,79,81,-2,2
48278,118,126,-8,8
48279,100,91,9,9
48280,76,76,0,0
48281,148,141,7,7
48282,55,40,15,15
48283,80,82,-2,2
48284,129,134,-5,5
48285,52,68,-16,16
48286,108,105,3,3
48287,71,76,-5,5
48288,49,58,-9,9
48289,111,104,7,7
48290,97,93,4,4
48291,106,98,8,8
48292,31,47,-16,16
48293,62,69,-7,7
48294,140,153,-13,13
48295,102,95,7,7
48296,68,68,0,0
48297,66,74,-8,8
48298,98,100,-2,2
48299,29,30,-1,1
48300,162,149,13,13
48301,68,76,-8,8
48302,39,53,-14,14
48303,61,71,-10,10
48304,126,126,0,0
48305,82,76,6,6
48306,95,91,4,4
48307,86,94,-8,8
48308,91,93,-2,2
48309,68,85,-17,17
48310,70,79,-9,9
48311,56,60,-4,4
48312,113,111,2,2
48313,83,81,2,2
48314,185,162,23,23
48315,133,125,8,8
48316,98,97,1,1
48317,47,64,-17,17
48318,86,83,3,3
48319,115,104,11,11
48320,121,115,6,6
48321,130,130,0,0
48322,116,112,4,4
48323,55,62,-7,7
48324,88,91,-3,3
48325,158,153,5,5
48326,208,194,14,14
48327,104,99,5,5
48328,109,107,2,2
48329,94,101,-7,7
48330,49,63,-14,14
48331,66,78,-12,12
48332,135,149,-14,14
48333,112,102,10,10
48334,75,80,-5,5
48335,99,98,1,1
48336,98,101,-3,3
48337,77,90,-13,13
48338,108,99,9,9
48339,81,84,-3,3
48340,99,108,-9,9
48341,113,95,18,18
48342,68,80,-12,12
48343,111,112,-1,1
48344,57,69,-12,12
48345,141,123,18,18
48346,96,96,0,0
48347,57,73,-16,16
48348,86,89,-3,3
48349,64,86,-22,22
48350,58,64,-6,6
48351,68,76,-8,8
48352,79,82,-3,3
48353,128,123,5,5
48354,133,122,11,11
48355,129,133,-4,4
48356,98,96,2,2
48357,126,112,14,14
48358,68,76,-8,8
48359,98,95,3,3
48360,76,70,6,6
48361,151,131,20,20
48362,143,140,3,3
48363,81,90,-9,9
48364,154,136,18,18
48365,99,102,-3,3
48366,58,68,-10,10
48367,40,54,-14,14
48368,101,103,-2,2
48369,88,86,2,2
48370,102,95,7,7
48371,82,80,2,2
48372,80,82,-2,2
48373,77,81,-4,4
48374,91,92,-1,1
48375,133,128,5,5
48376,160,139,21,21
48377,137,131,6,6
48378,110,103,7,7
48379,78,80,-2,2
48380,83,88,-5,5
48381,68,83,-15,15
48382,85,93,-8,8
48383,90,91,-1,1
48384,51,64,-13,13
48385,95,96,-1,1
48386,133,120,13,13
48387,63,73,-10,10
48388,64,71,-7,7
48389,64,67,-3,3
48390,128,127,1,1
48391,94,100,-6,6
48392,87,87,0,0
48393,49,63,-14,14
48394,66,68,-2,2
48395,53,64,-11,11
48396,99,100,-1,1
48397,55,70,-15,15
48398,166,152,14,14
48399,179,160,19,19
48400,100,96,4,4
48401,97,96,1,1
48402,139,123,16,16
48403,59,68,-9,9
48404,175,157,18,18
48405,123,126,-3,3
48406,72,80,-8,8
48407,77,91,-14,14
48408,86,82,4,4
48409,52,66,-14,14
48410,122,132,-10,10
48411,83,84,-1,1
48412,109,117,-8,8
48413,123,115,8,8
48414,72,81,-9,9
48415,86,91,-5,5
48416,97,108,-11,11
48417,98,94,4,4
48418,98,91,7,7
48419,72,75,-3,3
48420,160,141,19,19
48421,61,66,-5,5
48422,91,94,-3,3
48423,65,69,-4,4
48424,145,132,13,13
48425,60,69,-9,9
48426,125,117,8,8
48427,57,68,-11,11
48428,117,110,7,7
48429,104,102,2,2
48430,141,130,11,11
48431,65,72,-7,7
48432,78,80,-2,2
48433,74,80,-6,6
48434,82,86,-4,4
48435,83,87,-4,4
48436,79,85,-6,6
48437,79,85,-6,6
48438,73,78,-5,5
48439,154,131,23,23
48440,89,92,-3,3
48441,83,92,-9,9
48442,79,80,-1,1
48443,167,146,21,21
48444,103,119,-16,16
48445,89,91,-2,2
48446,199,172,27,27
48447,63,77,-14,14
48448,67,70,-3,3
48449,152,155,-3,3
48450,98,103,-5,5
48451,78,84,-6,6
48452,78,82,-4,4
48453,119,122,-3,3
48454,93,99,-6,6
48455,121,121,0,0
48456,105,96,9,9
48457,184,138,46,46
48458,60,70,-10,10
48459,167,141,26,26
48460,51,65,-14,14
48461,114,119,-5,5
48462,59,65,-6,6
48463,98,103,-5,5
48464,62,73,-11,11
48465,74,69,5,5
48466,87,85,2,2
48467,84,84,0,0
48468,63,71,-8,8
48469,103,96,7,7
48470,133,119,14,14
48471,125,109,16,16
48472,137,132,5,5
48473,82,78,4,4
48474,145,141,4,4
48475,111,112,-1,1
48476,117,113,4,4
48477,61,67,-6,6
48478,107,111,-4,4
48479,127,122,5,5
48480,50,59,-9,9
48481,75,77,-2,2
48482,173,157,16,16
48483,162,143,19,19
48484,72,85,-13,13
48485,104,104,0,0
48486,84,86,-2,2
48487,84,83,1,1
48488,99,100,-1,1
48489,109,108,1,1
48490,125,122,3,3
48491,100,99,1,1
48492,108,113,-5,5
48493,118,120,-2,2
48494,70,83,-13,13
48495,67,65,2,2
48496,39,51,-12,12
48497,87,92,-5,5
48498,71,86,-15,15
48499,65,73,-8,8
48500,185,159,26,26
48501,89,90,-1,1
48502,94,92,2,2
48503,68,75,-7,7
48504,66,71,-5,5
48505,126,119,7,7
48506,99,100,-1,1
48507,100,98,2,2
48508,85,82,3,3
48509,38,56,-18,18
48510,170,157,13,13
48511,109,98,11,11
48512,90,88,2,2
48513,58,66,-8,8
48514,52,65,-13,13
48515,162,164,-2,2
48516,60,70,-10,10
48517,99,99,0,0
48518,80,81,-1,1
48519,82,98,-16,16
48520,112,108,4,4
48521,81,79,2,2
48522,112,123,-11,11
48523,160,146,14,14
48524,44,58,-14,14
48525,60,69,-9,9
48526,87,82,5,5
48527,66,68,-2,2
48528,54,63,-9,9
48529,158,135,23,23
48530,125,122,3,3
48531,61,71,-10,10
48532,179,158,21,21
48533,174,140,34,34
48534,86,103,-17,17
48535,86,96,-10,10
48536,79,99,-20,20
48537,60,69,-9,9
48538,78,81,-3,3
48539,128,128,0,0
48540,111,105,6,6
48541,98,100,-2,2
48542,142,120,22,22
48543,65,72,-7,7
48544,142,128,14,14
48545,176,163,13,13
48546,88,86,2,2
48547,165,153,12,12
48548,85,94,-9,9
48549,85,85,0,0
48550,88,91,-3,3
48551,97,103,-6,6
48552,125,120,5,5
48553,99,96,3,3
48554,83,81,2,2
48555,97,95,2,2
48556,96,96,0,0
48557,62,74,-12,12
48558,99,111,-12,12
48559,57,69,-12,12
48560,77,85,-8,8
48561,77,85,-8,8
48562,104,123,-19,19
48563,114,106,8,8
48564,94,92,2,2
48565,67,86,-19,19
48566,112,105,7,7
48567,128,119,9,9
48568,93,97,-4,4
48569,115,120,-5,5
48570,63,70,-7,7
48571,67,80,-13,13
48572,136,133,3,3
48573,96,106,-10,10
48574,97,105,-8,8
48575,97,105,-8,8
48576,100,95,5,5
48577,60,68,-8,8
48578,155,169,-14,14
48579,80,95,-15,15
48580,92,105,-13,13
48581,130,121,9,9
48582,139,124,15,15
48583,121,119,2,2
48584,58,71,-13,13
48585,73,82,-9,9
48586,98,98,0,0
48587,95,101,-6,6
48588,126,117,9,9
48589,112,105,7,7
48590,82,89,-7,7
48591,105,100,5,5
48592,68,83,-15,15
48593,67,84,-17,17
48594,121,121,0,0
48595,164,139,25,25
48596,107,113,-6,6
48597,110,105,5,5
48598,125,124,1,1
48599,71,76,-5,5
48600,77,86,-9,9
48601,97,96,1,1
48602,114,120,-6,6
48603,140,133,7,7
48604,57,70,-13,13
48605,99,97,2,2
48606,99,96,3,3
48607,52,56,-4,4
48608,83,80,3,3
48609,173,213,-40,40
48610,94,100,-6,6
48611,47,61,-14,14
48612,58,73,-15,15
48613,61,75,-14,14
48614,82,98,-16,16
48615,53,75,-22,22
48616,53,64,-11,11
48617,77,83,-6,6
48618,88,99,-11,11
48619,74,82,-8,8
48620,74,77,-3,3
48621,150,136,14,14
48622,135,136,-1,1
48623,176,177,-1,1
48624,53,67,-14,14
48625,140,131,9,9
48626,106,111,-5,5
48627,189,161,28,28
48628,104,114,-10,10
48629,71,87,-16,16
48630,66,70,-4,4
48631,82,90,-8,8
48632,111,122,-11,11
48633,114,108,6,6
48634,140,135,5,5
48635,95,100,-5,5
48636,152,139,13,13
48637,101,109,-8,8
48638,67,69,-2,2
48639,47,61,-14,14
48640,73,85,-12,12
48641,84,101,-17,17
48642,92,90,2,2
48643,157,150,7,7
48644,128,127,1,1
48645,96,108,-12,12
48646,91,92,-1,1
48647,92,90,2,2
48648,132,123,9,9
48649,170,158,12,12
48650,103,91,12,12
48651,46,62,-16,16
48652,123,109,14,14
48653,91,84,7,7
48654,111,112,-1,1
48655,144,141,3,3
48656,73,81,-8,8
48657,116,107,9,9
48658,137,132,5,5
48659,131,121,10,10
48660,37,53,-16,16
48661,84,91,-7,7
48662,91,87,4,4
48663,175,165,10,10
48664,137,132,5,5
48665,91,90,1,1
48666,41,58,-17,17
48667,88,83,5,5
48668,86,85,1,1
48669,67,75,-8,8
48670,181,156,25,25
48671,108,104,4,4
48672,51,55,-4,4
48673,145,133,12,12
48674,87,91,-4,4
48675,42,54,-12,12
48676,92,94,-2,2
48677,196,168,28,28
48678,43,57,-14,14
48679,108,110,-2,2
48680,131,118,13,13
48681,105,108,-3,3
48682,77,84,-7,7
48683,80,84,-4,4
48684,144,132,12,12
48685,120,131,-11,11
48686,70,77,-7,7
48687,62,71,-9,9
48688,40,53,-13,13
48689,80,79,1,1
48690,93,88,5,5
48691,41,59,-18,18
48692,90,91,-1,1
48693,82,82,0,0
48694,85,90,-5,5
48695,103,96,7,7
48696,119,114,5,5
48697,65,75,-10,10
48698,85,84,1,1
48699,114,104,10,10
48700,95,93,2,2
48701,39,50,-11,11
48702,89,90,-1,1
48703,116,115,1,1
48704,133,133,0,0
48705,76,80,-4,4
48706,146,127,19,19
48707,55,67,-12,12
48708,170,158,12,12
48709,76,80,-4,4
48710,89,94,-5,5
48711,76,97,-21,21
48712,107,100,7,7
48713,69,72,-3,3
48714,94,102,-8,8
48715,106,105,1,1
48716,91,82,9,9
48717,158,156,2,2
48718,110,110,0,0
48719,69,79,-10,10
48720,90,87,3,3
48721,99,96,3,3
48722,74,77,-3,3
48723,94,99,-5,5
48724,70,76,-6,6
48725,81,94,-13,13
48726,136,139,-3,3
48727,89,93,-4,4
48728,113,118,-5,5
48729,110,102,8,8
48730,137,136,1,1
48731,100,100,0,0
48732,114,108,6,6
48733,122,108,14,14
48734,27,30,-3,3
48735,105,110,-5,5
48736,65,79,-14,14
48737,120,125,-5,5
48738,68,76,-8,8
48739,158,144,14,14
48740,76,83,-7,7
48741,123,118,5,5
48742,71,72,-1,1
48743,86,89,-3,3
48744,68,83,-15,15
48745,118,114,4,4
48746,36,51,-15,15
48747,26,31,-5,5
48748,55,65,-10,10
48749,87,91,-4,4
48750,117,110,7,7
48751,36,53,-17,17
48752,112,103,9,9
48753,73,73,0,0
48754,93,93,0,0
48755,122,112,10,10
48756,117,116,1,1
48757,116,125,-9,9
48758,95,95,0,0
48759,51,61,-10,10
48760,81,84,-3,3
48761,88,82,6,6
48762,62,71,-9,9
48763,84,73,11,11
48764,69,79,-10,10
48765,62,74,-12,12
48766,101,105,-4,4
48767,112,111,1,1
48768,182,154,28,28
48769,51,68,-17,17
48770,89,92,-3,3
48771,123,122,1,1
48772,91,93,-2,2
48773,67,80,-13,13
48774,150,131,19,19
48775,61,73,-12,12
48776,107,103,4,4
48777,53,66,-13,13
48778,79,86,-7,7
48779,143,150,-7,7
48780,115,117,-2,2
48781,66,76,-10,10
48782,104,101,3,3
48783,154,152,2,2
48784,96,92,4,4
48785,165,159,6,6
48786,124,123,1,1
48787,108,102,6,6
48788,106,110,-4,4
48789,124,125,-1,1
48790,91,100,-9,9
48791,98,116,-18,18
48792,74,84,-10,10
48793,146,144,2,2
48794,136,133,3,3
48795,96,108,-12,12
48796,117,116,1,1
48797,113,107,6,6
48798,118,110,8,8
48799,151,129,22,22
48800,157,147,10,10
48801,98,90,8,8
48802,136,131,5,5
48803,119,128,-9,9
48804,66,71,-5,5
48805,144,131,13,13
48806,118,118,0,0
48807,186,173,13,13
48808,91,94,-3,3
48809,99,97,2,2
48810,78,85,-7,7
48811,81,89,-8,8
48812,77,85,-8,8
48813,51,63,-12,12
48814,81,87,-6,6
48815,110,109,1,1
48816,83,84,-1,1
48817,75,90,-15,15
48818,73,78,-5,5
48819,113,111,2,2
48820,84,83,1,1
48821,94,95,-1,1
48822,77,95,-18,18
48823,101,99,2,2
48824,100,95,5,5
48825,68,73,-5,5
48826,65,75,-10,10
48827,159,152,7,7
48828,66,76,-10,10
48829,149,125,24,24
48830,81,99,-18,18
48831,56,64,-8,8
48832,149,158,-9,9
48833,56,64,-8,8
48834,110,107,3,3
48835,61,71,-10,10
48836,57,62,-5,5
48837,107,110,-3,3
48838,58,69,-11,11
48839,106,107,-1,1
48840,145,126,19,19
48841,70,77,-7,7
48842,115,118,-3,3
48843,106,89,17,17
48844,144,130,14,14
48845,129,114,15,15
48846,127,124,3,3
48847,223,185,38,38
48848,147,144,3,3
48849,95,93,2,2
48850,34,39,-5,5
48851,66,69,-3,3
48852,88,93,-5,5
48853,91,88,3,3
48854,90,88,2,2
48855,131,130,1,1
48856,61,73,-12,12
48857,66,70,-4,4
48858,125,126,-1,1
48859,69,73,-4,4
48860,73,88,-15,15
48861,87,90,-3,3
48862,89,89,0,0
48863,69,80,-11,11
48864,114,112,2,2
48865,64,72,-8,8
48866,146,136,10,10
48867,93,99,-6,6
48868,54,67,-13,13
48869,171,167,4,4
48870,63,73,-10,10
48871,70,81,-11,11
48872,61,71,-10,10
48873,75,78,-3,3
48874,158,137,21,21
48875,65,81,-16,16
48876,93,98,-5,5
48877,97,92,5,5
48878,126,110,16,16
48879,122,119,3,3
48880,128,134,-6,6
48881,109,109,0,0
48882,90,89,1,1
48883,167,157,10,10
48884,79,77,2,2
48885,56,67,-11,11
48886,117,111,6,6
48887,80,82,-2,2
48888,48,61,-13,13
48889,72,81,-9,9
48890,69,75,-6,6
48891,105,103,2,2
48892,103,99,4,4
48893,94,96,-2,2
48894,91,87,4,4
48895,117,113,4,4
48896,168,169,-1,1
48897,60,68,-8,8
48898,93,102,-9,9
48899,110,104,6,6
48900,61,68,-7,7
48901,133,127,6,6
48902,124,106,18,18
48903,131,124,7,7
48904,81,85,-4,4
48905,78,79,-1,1
48906,117,109,8,8
48907,116,114,2,2
48908,75,84,-9,9
48909,50,64,-14,14
48910,76,75,1,1
48911,120,115,5,5
48912,96,96,0,0
48913,99,120,-21,21
48914,163,147,16,16
48915,136,123,13,13
48916,150,134,16,16
48917,87,98,-11,11
48918,116,116,0,0
48919,127,122,5,5
48920,73,76,-3,3
48921,110,115,-5,5
48922,65,71,-6,6
48923,74,79,-5,5
48924,98,97,1,1
48925,74,77,-3,3
48926,105,103,2,2
48927,92,97,-5,5
48928,80,86,-6,6
48929,111,109,2,2
48930,93,94,-1,1
48931,69,74,-5,5
48932,76,84,-8,8
48933,59,65,-6,6
48934,127,122,5,5
48935,45,61,-16,16
48936,100,86,14,14
48937,111,111,0,0
48938,165,193,-28,28
48939,161,165,-4,4
48940,108,113,-5,5
48941,85,75,10,10
48942,131,133,-2,2
48943,28,50,-22,22
48944,92,90,2,2
48945,55,66,-11,11
48946,134,121,13,13
48947,112,102,10,10
48948,123,110,13,13
48949,137,131,6,6
48950,72,86,-14,14
48951,116,106,10,10
48952,136,127,9,9
48953,122,119,3,3
48954,120,120,0,0
48955,85,81,4,4
48956,98,105,-7,7
48957,108,125,-17,17
48958,95,99,-4,4
48959,71,74,-3,3
48960,160,140,20,20
48961,112,118,-6,6
48962,98,102,-4,4
48963,72,75,-3,3
48964,102,103,-1,1
48965,95,91,4,4
48966,130,120,10,10
48967,96,97,-1,1
48968,123,118,5,5
48969,100,106,-6,6
48970,172,161,11,11
48971,55,65,-10,10
48972,60,83,-23,23
48973,101,105,-4,4
48974,90,103,-13,13
48975,76,90,-14,14
48976,80,83,-3,3
48977,100,111,-11,11
48978,61,71,-10,10
48979,75,79,-4,4
48980,81,102,-21,21
48981,121,117,4,4
48982,81,86,-5,5
48983,139,135,4,4
48984,86,81,5,5
48985,94,96,-2,2
48986,121,120,1,1
48987,83,81,2,2
48988,127,128,-1,1
48989,49,69,-20,20
48990,83,94,-11,11
48991,76,79,-3,3
48992,113,109,4,4
48993,73,77,-4,4
48994,85,90,-5,5
48995,97,98,-1,1
48996,82,82,0,0
48997,103,102,1,1
48998,68,75,-7,7
48999,65,73,-8,8
49000,46,52,-6,6
49001,108,101,7,7
49002,96,104,-8,8
49003,133,126,7,7
49004,97,98,-1,1
49005,62,66,-4,4
49006,95,99,-4,4
49007,132,119,13,13
49008,164,147,17,17
49009,62,68,-6,6
49010,81,89,-8,8
49011,91,94,-3,3
49012,73,78,-5,5
49013,73,80,-7,7
49014,105,112,-7,7
49015,75,82,-7,7
49016,73,71,2,2
49017,94,104,-10,10
49018,112,119,-7,7
49019,107,97,10,10
49020,79,81,-2,2
49021,128,127,1,1
49022,100,96,4,4
49023,68,75,-7,7
49024,84,81,3,3
49025,115,132,-17,17
49026,68,75,-7,7
49027,50,62,-12,12
49028,80,89,-9,9
49029,71,80,-9,9
49030,115,112,3,3
49031,103,115,-12,12
49032,112,108,4,4
49033,95,94,1,1
49034,132,131,1,1
49035,108,109,-1,1
49036,89,99,-10,10
49037,96,92,4,4
49038,110,108,2,2
49039,103,153,-50,50
49040,113,99,14,14
49041,72,83,-11,11
49042,85,93,-8,8
49043,106,109,-3,3
49044,101,102,-1,1
49045,117,130,-13,13
49046,67,80,-13,13
49047,82,87,-5,5
49048,61,71,-10,10
49049,64,70,-6,6
49050,86,91,-5,5
49051,89,92,-3,3
49052,49,61,-12,12
49053,136,119,17,17
49054,137,135,2,2
49055,79,75,4,4
49056,127,115,12,12
49057,130,122,8,8
49058,119,125,-6,6
49059,83,81,2,2
49060,98,101,-3,3
49061,124,119,5,5
49062,72,91,-19,19
49063,114,120,-6,6
49064,144,131,13,13
49065,117,106,11,11
49066,68,74,-6,6
49067,41,56,-15,15
49068,88,94,-6,6
49069,156,145,11,11
49070,85,87,-2,2
49071,99,99,0,0
49072,71,89,-18,18
49073,152,135,17,17
49074,86,85,1,1
49075,95,91,4,4
49076,100,98,2,2
49077,99,99,0,0
49078,137,116,21,21
49079,78,75,3,3
49080,142,130,12,12
49081,80,93,-13,13
49082,70,75,-5,5
49083,112,109,3,3
49084,116,119,-3,3
49085,76,86,-10,10
49086,128,120,8,8
49087,101,99,2,2
49088,111,111,0,0
49089,71,76,-5,5
49090,129,124,5,5
49091,170,154,16,16
49092,136,119,17,17
49093,105,99,6,6
49094,117,110,7,7
49095,102,99,3,3
49096,77,84,-7,7
49097,103,110,-7,7
49098,53,62,-9,9
49099,94,101,-7,7
49100,73,74,-1,1
49101,65,73,-8,8
49102,107,124,-17,17
49103,78,92,-14,14
49104,83,85,-2,2
49105,117,118,-1,1
49106,33,42,-9,9
49107,97,101,-4,4
49108,119,119,0,0
49109,74,75,-1,1
49110,96,95,1,1
49111,113,115,-2,2
49112,68,85,-17,17
49113,78,81,-3,3
49114,123,102,21,21
49115,121,126,-5,5
49116,74,77,-3,3
49117,100,95,5,5
49118,71,78,-7,7
49119,46,60,-14,14
49120,90,95,-5,5
49121,63,79,-16,16
49122,94,94,0,0
49123,83,87,-4,4
49124,86,92,-6,6
49125,116,121,-5,5
49126,107,101,6,6
49127,111,120,-9,9
49128,211,190,21,21
49129,71,73,-2,2
49130,57,73,-16,16
49131,135,129,6,6
49132,111,107,4,4
49133,97,93,4,4
49134,139,133,6,6
49135,96,97,-1,1
49136,91,93,-2,2
49137,131,126,5,5
49138,134,126,8,8
49139,81,84,-3,3
49140,123,115,8,8
49141,122,125,-3,3
49142,149,140,9,9
49143,122,114,8,8
49144,114,110,4,4
49145,112,101,11,11
49146,110,103,7,7
49147,111,117,-6,6
49148,50,63,-13,13
49149,52,62,-10,10
49150,119,127,-8,8
49151,67,74,-7,7
49152,135,130,5,5
49153,81,80,1,1
49154,122,107,15,15
49155,130,128,2,2
49156,60,69,-9,9
49157,108,118,-10,10
49158,97,102,-5,5
49159,50,65,-15,15
49160,77,77,0,0
49161,106,98,8,8
49162,100,104,-4,4
49163,70,81,-11,11
49164,99,101,-2,2
49165,108,110,-2,2
49166,138,124,14,14
49167,132,130,2,2
49168,73,84,-11,11
49169,73,84,-11,11
49170,111,103,8,8
49171,101,101,0,0
49172,123,120,3,3
49173,80,123,-43,43
49174,56,56,0,0
49175,101,94,7,7
49176,119,119,0,0
49177,125,137,-12,12
49178,107,108,-1,1
49179,141,134,7,7
49180,110,123,-13,13
49181,91,86,5,5
49182,67,74,-7,7
49183,91,96,-5,5
49184,62,70,-8,8
49185,66,69,-3,3
49186,51,78,-27,27
49187,26,42,-16,16
49188,112,113,-1,1
49189,85,84,1,1
49190,173,154,19,19
49191,65,68,-3,3
49192,71,82,-11,11
49193,48,50,-2,2
49194,113,120,-7,7
49195,111,112,-1,1
49196,76,84,-8,8
49197,72,79,-7,7
49198,104,99,5,5
49199,113,111,2,2
49200,80,82,-2,2
49201,129,130,-1,1
49202,80,81,-1,1
49203,99,100,-1,1
49204,98,103,-5,5
49205,186,169,17,17
49206,84,91,-7,7
49207,46,59,-13,13
49208,81,96,-15,15
49209,62,68,-6,6
49210,85,86,-1,1
49211,63,68,-5,5
49212,114,121,-7,7
49213,91,91,0,0
49214,100,114,-14,14
49215,53,61,-8,8
49216,127,110,17,17
49217,93,90,3,3
49218,59,71,-12,12
49219,52,59,-7,7
49220,100,100,0,0
49221,73,82,-9,9
49222,110,113,-3,3
49223,88,80,8,8
49224,87,90,-3,3
49225,53,64,-11,11
49226,96,97,-1,1
49227,70,88,-18,18
49228,80,91,-11,11
49229,80,83,-3,3
49230,78,79,-1,1
49231,45,54,-9,9
49232,97,98,-1,1
49233,172,153,19,19
49234,92,94,-2,2
49235,72,78,-6,6
49236,125,131,-6,6
49237,72,80,-8,8
49238,156,147,9,9
49239,61,70,-9,9
49240,118,121,-3,3
49241,89,113,-24,24
49242,126,108,18,18
49243,121,107,14,14
49244,63,80,-17,17
49245,96,92,4,4
49246,123,115,8,8
49247,80,91,-11,11
49248,120,121,-1,1
49249,75,82,-7,7
49250,128,122,6,6
49251,166,153,13,13
49252,129,121,8,8
49253,74,83,-9,9
49254,70,81,-11,11
49255,75,81,-6,6
49256,115,100,15,15
49257,109,105,4,4
49258,86,88,-2,2
49259,90,97,-7,7
49260,95,92,3,3
49261,102,110,-8,8
49262,178,159,19,19
49263,140,128,12,12
49264,148,140,8,8
49265,75,83,-8,8
49266,94,87,7,7
49267,83,93,-10,10
49268,184,165,19,19
49269,98,93,5,5
49270,36,38,-2,2
49271,68,75,-7,7
49272,88,90,-2,2
49273,71,75,-4,4
49274,80,81,-1,1
49275,81,85,-4,4
49276,98,106,-8,8
49277,99,91,8,8
49278,41,60,-19,19
49279,51,64,-13,13
49280,161,148,13,13
49281,76,80,-4,4
49282,103,100,3,3
49283,86,84,2,2
49284,111,105,6,6
49285,132,120,12,12
49286,91,88,3,3
49287,114,103,11,11
49288,106,100,6,6
49289,140,134,6,6
49290,54,62,-8,8
49291,231,194,37,37
49292,74,81,-7,7
49293,59,66,-7,7
49294,149,132,17,17
49295,98,93,5,5
49296,96,96,0,0
49297,98,102,-4,4
49298,29,42,-13,13
49299,80,81,-1,1
49300,115,107,8,8
49301,75,75,0,0
49302,93,96,-3,3
49303,86,87,-1,1
49304,67,68,-1,1
49305,56,64,-8,8
49306,120,119,1,1
49307,188,163,25,25
49308,31,51,-20,20
49309,51,68,-17,17
49310,55,66,-11,11
49311,81,87,-6,6
49312,75,84,-9,9
49313,63,74,-11,11
49314,85,86,-1,1
49315,32,43,-11,11
49316,83,92,-9,9
49317,86,96,-10,10
49318,122,106,16,16
49319,46,59,-13,13
49320,122,110,12,12
49321,101,102,-1,1
49322,55,74,-19,19
49323,80,80,0,0
49324,106,106,0,0
49325,79,93,-14,14
49326,143,143,0,0
49327,124,124,0,0
49328,128,124,4,4
49329,88,95,-7,7
49330,98,102,-4,4
49331,207,179,28,28
49332,133,120,13,13
49333,46,58,-12,12
49334,115,121,-6,6
49335,75,68,7,7
49336,93,91,2,2
49337,99,104,-5,5
49338,107,109,-2,2
49339,99,96,3,3
49340,78,81,-3,3
49341,104,95,9,9
49342,112,116,-4,4
49343,75,83,-8,8
49344,84,90,-6,6
49345,87,97,-10,10
49346,83,82,1,1
49347,151,137,14,14
49348,23,50,-27,27
49349,168,153,15,15
49350,62,72,-10,10
49351,65,72,-7,7
49352,68,76,-8,8
49353,110,115,-5,5
49354,159,139,20,20
49355,44,58,-14,14
49356,144,134,10,10
49357,71,76,-5,5
49358,71,74,-3,3
49359,131,111,20,20
49360,148,102,46,46
49361,116,115,1,1
49362,117,104,13,13
49363,116,133,-17,17
49364,95,92,3,3
49365,59,79,-20,20
49366,41,53,-12,12
49367,80,91,-11,11
49368,66,74,-8,8
49369,98,91,7,7
49370,186,171,15,15
49371,109,104,5,5
49372,97,122,-25,25
49373,74,74,0,0
49374,113,111,2,2
49375,61,65,-4,4
49376,108,107,1,1
49377,123,114,9,9
49378,78,85,-7,7
49379,57,69,-12,12
49380,42,56,-14,14
49381,118,124,-6,6
49382,59,65,-6,6
49383,96,105,-9,9
49384,69,76,-7,7
49385,94,87,7,7
49386,84,98,-14,14
49387,182,175,7,7
49388,44,58,-14,14
49389,74,87,-13,13
49390,84,78,6,6
49391,173,152,21,21
49392,73,82,-9,9
49393,67,74,-7,7
49394,84,93,-9,9
49395,106,105,1,1
49396,80,85,-5,5
49397,79,95,-16,16
49398,61,66,-5,5
49399,73,85,-12,12
49400,50,60,-10,10
49401,94,96,-2,2
49402,86,94,-8,8
49403,71,74,-3,3
49404,60,75,-15,15
49405,126,123,3,3
49406,60,67,-7,7
49407,65,68,-3,3
49408,83,86,-3,3
49409,47,56,-9,9
49410,234,189,45,45
49411,101,90,11,11
49412,111,105,6,6
49413,65,68,-3,3
49414,50,64,-14,14
49415,63,76,-13,13
49416,121,122,-1,1
49417,63,59,4,4
49418,105,98,7,7
49419,51,69,-18,18
49420,85,82,3,3
49421,154,133,21,21
49422,130,119,11,11
49423,95,96,-1,1
49424,55,64,-9,9
49425,95,98,-3,3
49426,154,141,13,13
49427,109,106,3,3
49428,57,71,-14,14
49429,109,105,4,4
49430,125,110,15,15
49431,85,83,2,2
49432,76,77,-1,1
49433,66,85,-19,19
49434,89,86,3,3
49435,64,71,-7,7
49436,46,64,-18,18
49437,79,84,-5,5
49438,114,114,0,0
49439,73,75,-2,2
49440,130,128,2,2
49441,78,77,1,1
49442,62,75,-13,13
49443,49,60,-11,11
49444,65,76,-11,11
49445,66,73,-7,7
49446,72,81,-9,9
49447,81,84,-3,3
49448,131,127,4,4
49449,113,112,1,1
49450,103,100,3,3
49451,60,66,-6,6
49452,61,67,-6,6
49453,62,69,-7,7
49454,79,80,-1,1
49455,111,123,-12,12
49456,108,104,4,4
49457,124,104,20,20
49458,93,112,-19,19
49459,121,121,0,0
49460,49,59,-10,10
49461,72,81,-9,9
49462,86,77,9,9
49463,64,73,-9,9
49464,95,88,7,7
49465,108,113,-5,5
49466,148,138,10,10
49467,71,73,-2,2
49468,85,102,-17,17
49469,72,81,-9,9
49470,107,106,1,1
49471,121,107,14,14
49472,119,109,10,10
49473,81,104,-23,23
49474,94,97,-3,3
49475,147,122,25,25
49476,101,103,-2,2
49477,106,112,-6,6
49478,59,70,-11,11
49479,70,75,-5,5
49480,52,60,-8,8
49481,89,85,4,4
49482,128,124,4,4
49483,111,117,-6,6
49484,146,137,9,9
49485,49,59,-10,10
49486,110,105,5,5
49487,119,111,8,8
49488,96,100,-4,4
49489,119,116,3,3
49490,140,129,11,11
49491,124,120,4,4
49492,90,87,3,3
49493,68,78,-10,10
49494,92,100,-8,8
49495,163,146,17,17
49496,77,79,-2,2
49497,103,101,2,2
49498,126,107,19,19
49499,70,81,-11,11
49500,127,119,8,8
49501,76,84,-8,8
49502,138,132,6,6
49503,88,96,-8,8
49504,58,83,-25,25
49505,68,72,-4,4
49506,146,140,6,6
49507,139,133,6,6
49508,71,82,-11,11
49509,143,131,12,12
49510,123,105,18,18
49511,55,67,-12,12
49512,93,98,-5,5
49513,74,88,-14,14
49514,122,119,3,3
49515,79,86,-7,7
49516,75,79,-4,4
49517,72,87,-15,15
49518,122,120,2,2
49519,82,85,-3,3
49520,66,73,-7,7
49521,67,77,-10,10
49522,62,72,-10,10
49523,108,101,7,7
49524,82,87,-5,5
49525,93,97,-4,4
49526,57,67,-10,10
49527,73,79,-6,6
49528,116,102,14,14
49529,97,89,8,8
49530,107,107,0,0
49531,69,76,-7,7
49532,118,114,4,4
49533,112,110,2,2
49534,75,85,-10,10
49535,128,130,-2,2
49536,96,100,-4,4
49537,81,87,-6,6
49538,149,134,15,15
49539,65,78,-13,13
49540,28,31,-3,3
49541,92,94,-2,2
49542,82,79,3,3
49543,65,84,-19,19
49544,130,123,7,7
49545,85,89,-4,4
49546,105,110,-5,5
49547,119,120,-1,1
49548,124,111,13,13
49549,89,91,-2,2
49550,52,61,-9,9
49551,95,93,2,2
49552,111,124,-13,13
49553,110,98,12,12
49554,104,103,1,1
49555,107,114,-7,7
49556,79,82,-3,3
49557,98,92,6,6
49558,113,116,-3,3
49559,59,68,-9,9
49560,86,83,3,3
49561,40,55,-15,15
49562,59,65,-6,6
49563,108,106,2,2
49564,49,65,-16,16
49565,86,80,6,6
49566,84,84,0,0
49567,93,94,-1,1
49568,74,79,-5,5
49569,73,78,-5,5
49570,89,95,-6,6
49571,83,93,-10,10
49572,94,100,-6,6
49573,103,97,6,6
49574,117,123,-6,6
49575,162,147,15,15
49576,72,90,-18,18
49577,107,116,-9,9
49578,122,117,5,5
49579,108,109,-1,1
49580,96,85,11,11
49581,98,96,2,2
49582,111,117,-6,6
49583,51,61,-10,10
49584,70,84,-14,14
49585,64,73,-9,9
49586,47,53,-6,6
49587,45,58,-13,13
49588,69,94,-25,25
49589,91,91,0,0
49590,77,73,4,4
49591,83,83,0,0
49592,73,75,-2,2
49593,70,76,-6,6
49594,228,175,53,53
49595,50,61,-11,11
49596,69,75,-6,6
49597,88,89,-1,1
49598,76,81,-5,5
49599,80,77,3,3
49600,73,78,-5,5
49601,86,92,-6,6
49602,103,122,-19,19
49603,135,124,11,11
49604,75,87,-12,12
49605,78,85,-7,7
49606,114,100,14,14
49607,112,118,-6,6
49608,66,77,-11,11
49609,94,91,3,3
49610,86,82,4,4
49611,86,84,2,2
49612,115,121,-6,6
49613,81,80,1,1
49614,96,105,-9,9
49615,100,95,5,5
49616,137,131,6,6
49617,71,75,-4,4
49618,77,80,-3,3
49619,102,99,3,3
49620,83,91,-8,8
49621,87,91,-4,4
49622,123,108,15,15
49623,65,77,-12,12
49624,59,71,-12,12
49625,98,99,-1,1
49626,127,128,-1,1
49627,141,124,17,17
49628,55,65,-10,10
49629,63,74,-11,11
49630,102,98,4,4
49631,63,76,-13,13
49632,108,100,8,8
49633,105,103,2,2
49634,57,59,-2,2
49635,64,61,3,3
49636,83,84,-1,1
49637,97,97,0,0
49638,97,101,-4,4
49639,84,96,-12,12
49640,117,112,5,5
49641,99,95,4,4
49642,106,107,-1,1
49643,101,100,1,1
49644,91,87,4,4
49645,131,120,11,11
49646,162,153,9,9
49647,81,84,-3,3
49648,56,68,-12,12
49649,120,104,16,16
49650,103,96,7,7
49651,43,53,-10,10
49652,59,69,-10,10
49653,90,89,1,1
49654,116,110,6,6
49655,55,61,-6,6
49656,97,93,4,4
49657,99,95,4,4
49658,52,64,-12,12
49659,32,46,-14,14
49660,91,100,-9,9
49661,92,93,-1,1
49662,52,63,-11,11
49663,159,138,21,21
49664,144,125,19,19
49665,115,113,2,2
49666,44,57,-13,13
49667,114,119,-5,5
49668,183,161,22,22
49669,94,93,1,1
49670,82,98,-16,16
49671,85,77,8,8
49672,71,74,-3,3
49673,151,138,13,13
49674,98,97,1,1
49675,116,117,-1,1
49676,108,102,6,6
49677,85,87,-2,2
49678,96,109,-13,13
49679,94,103,-9,9
49680,59,70,-11,11
49681,81,85,-4,4
49682,125,124,1,1
49683,64,78,-14,14
49684,106,99,7,7
49685,89,92,-3,3
49686,91,87,4,4
49687,72,71,1,1
49688,69,80,-11,11
49689,94,87,7,7
49690,133,124,9,9
49691,115,115,0,0
49692,92,89,3,3
49693,171,147,24,24
49694,108,104,4,4
49695,102,96,6,6
49696,133,136,-3,3
49697,89,86,3,3
49698,93,91,2,2
49699,39,59,-20,20
49700,119,109,10,10
49701,116,112,4,4
49702,71,70,1,1
49703,121,123,-2,2
49704,109,105,4,4
49705,121,105,16,16
49706,87,93,-6,6
49707,73,87,-14,14
49708,103,95,8,8
49709,50,64,-14,14
49710,53,64,-11,11
49711,94,98,-4,4
49712,143,145,-2,2
49713,68,72,-4,4
49714,148,130,18,18
49715,54,62,-8,8
49716,121,111,10,10
49717,116,120,-4,4
49718,91,100,-9,9
49719,74,76,-2,2
49720,68,74,-6,6
49721,129,126,3,3
49722,69,71,-2,2
49723,43,60,-17,17
49724,125,120,5,5
49725,101,108,-7,7
49726,188,158,30,30
49727,135,121,14,14
49728,57,69,-12,12
49729,96,99,-3,3
49730,68,71,-3,3
49731,154,135,19,19
49732,101,103,-2,2
49733,48,63,-15,15
49734,62,77,-15,15
49735,182,163,19,19
49736,83,77,6,6
49737,52,64,-12,12
49738,97,86,11,11
49739,108,100,8,8
49740,90,101,-11,11
49741,88,89,-1,1
49742,109,111,-2,2
49743,84,97,-13,13
49744,93,105,-12,12
49745,87,86,1,1
49746,75,79,-4,4
49747,77,88,-11,11
49748,159,137,22,22
49749,56,66,-10,10
49750,135,117,18,18
49751,42,56,-14,14
49752,42,52,-10,10
49753,82,96,-14,14
49754,106,104,2,2
49755,98,106,-8,8
49756,59,71,-12,12
49757,158,135,23,23
49758,109,116,-7,7
49759,93,93,0,0
49760,174,159,15,15
49761,91,94,-3,3
49762,138,119,19,19
49763,104,100,4,4
49764,92,96,-4,4
49765,67,77,-10,10
49766,87,96,-9,9
49767,135,122,13,13
49768,102,96,6,6
49769,164,147,17,17
49770,67,78,-11,11
49771,106,92,14,14
49772,88,97,-9,9
49773,109,107,2,2
49774,97,90,7,7
49775,49,63,-14,14
49776,124,118,6,6
49777,64,69,-5,5
49778,160,143,17,17
49779,108,107,1,1
49780,71,76,-5,5
49781,108,101,7,7
49782,87,90,-3,3
49783,181,159,22,22
49784,100,94,6,6
49785,52,61,-9,9
49786,128,123,5,5
49787,84,84,0,0
49788,123,110,13,13
49789,131,129,2,2
49790,113,119,-6,6
49791,127,125,2,2
49792,85,93,-8,8
49793,71,79,-8,8
49794,108,108,0,0
49795,74,77,-3,3
49796,160,145,15,15
49797,72,83,-11,11
49798,75,80,-5,5
49799,122,123,-1,1
49800,85,87,-2,2
49801,74,86,-12,12
49802,44,79,-35,35
49803,110,122,-12,12
49804,64,76,-12,12
49805,40,60,-20,20
49806,124,114,10,10
49807,88,92,-4,4
49808,123,120,3,3
49809,122,122,0,0
49810,122,122,0,0
49811,104,99,5,5
49812,100,102,-2,2
49813,83,84,-1,1
49814,50,66,-16,16
49815,93,95,-2,2
49816,91,89,2,2
49817,78,86,-8,8
49818,121,118,3,3
49819,90,90,0,0
49820,53,65,-12,12
49821,112,103,9,9
49822,82,83,-1,1
49823,167,152,15,15
49824,97,96,1,1
49825,63,70,-7,7
49826,112,109,3,3
49827,102,89,13,13
49828,78,82,-4,4
49829,124,120,4,4
49830,60,67,-7,7
49831,59,63,-4,4
49832,55,70,-15,15
49833,154,140,14,14
49834,86,88,-2,2
49835,102,96,6,6
49836,70,78,-8,8
49837,47,60,-13,13
49838,79,72,7,7
49839,62,69,-7,7
49840,114,133,-19,19
49841,117,106,11,11
49842,60,70,-10,10
49843,86,81,5,5
49844,152,145,7,7
49845,168,158,10,10
49846,124,127,-3,3
49847,60,67,-7,7
49848,125,112,13,13
49849,62,73,-11,11
49850,88,94,-6,6
49851,66,72,-6,6
49852,175,154,21,21
49853,88,92,-4,4
49854,45,63,-18,18
49855,74,78,-4,4
49856,135,125,10,10
49857,106,102,4,4
49858,130,114,16,16
49859,79,87,-8,8
49860,81,84,-3,3
49861,65,77,-12,12
49862,107,97,10,10
49863,97,93,4,4
49864,76,88,-12,12
49865,116,105,11,11
49866,59,68,-9,9
49867,54,71,-17,17
49868,98,98,0,0
49869,128,140,-12,12
49870,106,104,2,2
49871,78,84,-6,6
49872,131,127,4,4
49873,69,73,-4,4
49874,153,152,1,1
49875,71,79,-8,8
49876,67,79,-12,12
49877,107,102,5,5
49878,75,101,-26,26
49879,87,91,-4,4
49880,94,86,8,8
49881,90,99,-9,9
49882,74,84,-10,10
49883,135,128,7,7
49884,134,125,9,9
49885,151,135,16,16
49886,92,99,-7,7
49887,92,99,-7,7
49888,80,88,-8,8
49889,91,95,-4,4
49890,89,94,-5,5
49891,86,84,2,2
49892,76,82,-6,6
49893,107,104,3,3
49894,140,117,23,23
49895,85,101,-16,16
49896,85,86,-1,1
49897,69,70,-1,1
49898,96,94,2,2
49899,62,65,-3,3
49900,79,80,-1,1
49901,138,117,21,21
49902,115,104,11,11
49903,106,101,5,5
49904,93,93,0,0
49905,122,118,4,4
49906,106,99,7,7
49907,90,92,-2,2
49908,88,83,5,5
49909,72,77,-5,5
49910,84,94,-10,10
49911,138,132,6,6
49912,92,98,-6,6
49913,95,97,-2,2
49914,86,85,1,1
49915,73,72,1,1
49916,70,84,-14,14
49917,61,69,-8,8
49918,161,147,14,14
49919,89,88,1,1
49920,130,124,6,6
49921,99,78,21,21
49922,79,82,-3,3
49923,47,65,-18,18
49924,75,89,-14,14
49925,69,76,-7,7
49926,78,84,-6,6
49927,45,55,-10,10
49928,67,82,-15,15
49929,99,104,-5,5
49930,92,105,-13,13
49931,116,114,2,2
49932,132,119,13,13
49933,88,96,-8,8
49934,94,98,-4,4
49935,112,120,-8,8
49936,40,62,-22,22
49937,58,68,-10,10
49938,88,82,6,6
49939,85,87,-2,2
49940,86,55,31,31
49941,145,139,6,6
49942,105,99,6,6
49943,99,94,5,5
49944,62,69,-7,7
49945,95,97,-2,2
49946,90,85,5,5
49947,57,59,-2,2
49948,104,99,5,5
49949,70,74,-4,4
49950,103,94,9,9
49951,102,94,8,8
49952,56,65,-9,9
49953,67,75,-8,8
49954,65,74,-9,9
49955,65,78,-13,13
49956,100,125,-25,25
49957,77,92,-15,15
49958,140,125,15,15
49959,86,82,4,4
49960,123,120,3,3
49961,33,82,-49,49
49962,102,98,4,4
49963,116,109,7,7
49964,63,74,-11,11
49965,79,87,-8,8
49966,160,145,15,15
49967,60,67,-7,7
49968,65,69,-4,4
49969,84,89,-5,5
49970,67,73,-6,6
49971,90,94,-4,4
49972,70,83,-13,13
49973,68,77,-9,9
49974,104,117,-13,13
49975,87,91,-4,4
49976,124,108,16,16
49977,128,123,5,5
49978,166,158,8,8
49979,72,80,-8,8
49980,54,64,-10,10
49981,111,101,10,10
49982,93,92,1,1
49983,107,101,6,6
49984,137,130,7,7
49985,89,86,3,3
49986,68,69,-1,1
49987,52,62,-10,10
49988,75,88,-13,13
49989,79,81,-2,2
49990,48,64,-16,16
49991,75,78,-3,3
49992,85,87,-2,2
49993,78,85,-7,7
49994,101,98,3,3
49995,173,146,27,27
49996,90,86,4,4
49997,55,62,-7,7
49998,98,103,-5,5
49999,131,114,17,17
50000,149,130,19,19
50001,90,92,-2,2
50002,51,59,-8,8
50003,68,74,-6,6
50004,111,102,9,9
50005,77,85,-8,8
50006,150,140,10,10
50007,123,117,6,6
50008,42,58,-16,16
50009,111,105,6,6
50010,73,80,-7,7
50011,77,82,-5,5
50012,74,84,-10,10
50013,145,127,18,18
50014,77,75,2,2
50015,102,103,-1,1
50016,79,83,-4,4
50017,65,73,-8,8
50018,64,71,-7,7
50019,54,58,-4,4
50020,127,119,8,8
50021,126,129,-3,3
50022,83,86,-3,3
50023,108,100,8,8
50024,103,101,2,2
50025,132,131,1,1
50026,141,124,17,17
50027,132,127,5,5
50028,71,79,-8,8
50029,111,110,1,1
50030,133,122,11,11
50031,102,101,1,1
50032,57,66,-9,9
50033,92,104,-12,12
50034,120,109,11,11
50035,85,84,1,1
50036,86,95,-9,9
50037,79,79,0,0
50038,69,81,-12,12
50039,63,62,1,1
50040,118,120,-2,2
50041,132,122,10,10
50042,72,82,-10,10
50043,98,108,-10,10
50044,110,106,4,4
50045,105,109,-4,4
50046,67,74,-7,7
50047,92,97,-5,5
50048,118,128,-10,10
50049,134,118,16,16
50050,70,74,-4,4
50051,129,118,11,11
50052,67,71,-4,4
50053,36,39,-3,3
50054,137,140,-3,3
50055,40,61,-21,21
50056,89,93,-4,4
50057,89,91,-2,2
50058,83,87,-4,4
50059,70,89,-19,19
50060,125,121,4,4
50061,113,107,6,6
50062,64,71,-7,7
50063,101,96,5,5
50064,92,92,0,0
50065,118,112,6,6
50066,70,77,-7,7
50067,87,117,-30,30
50068,112,109,3,3
50069,195,182,13,13
50070,122,120,2,2
50071,59,68,-9,9
50072,155,139,16,16
50073,131,121,10,10
50074,143,119,24,24
50075,117,103,14,14
50076,120,116,4,4
50077,113,105,8,8
50078,102,100,2,2
50079,131,119,12,12
50080,105,99,6,6
50081,87,93,-6,6
50082,66,73,-7,7
50083,122,131,-9,9
50084,116,101,15,15
50085,104,100,4,4
50086,51,64,-13,13
50087,90,93,-3,3
50088,87,90,-3,3
50089,93,102,-9,9
50090,61,75,-14,14
50091,106,108,-2,2
50092,47,61,-14,14
50093,80,81,-1,1
50094,74,76,-2,2
50095,50,62,-12,12
50096,167,151,16,16
50097,56,62,-6,6
50098,110,120,-10,10
50099,160,125,35,35
50100,105,107,-2,2
50101,63,69,-6,6
50102,97,98,-1,1
50103,98,99,-1,1
50104,108,106,2,2
50105,105,103,2,2
50106,119,106,13,13
50107,144,128,16,16
50108,65,69,-4,4
50109,112,104,8,8
50110,113,105,8,8
50111,98,104,-6,6
50112,83,82,1,1
50113,170,152,18,18
50114,88,94,-6,6
50115,109,101,8,8
50116,92,92,0,0
50117,121,119,2,2
50118,58,61,-3,3
50119,96,123,-27,27
50120,108,103,5,5
50121,150,140,10,10
50122,78,83,-5,5
50123,43,55,-12,12
50124,49,65,-16,16
50125,173,148,25,25
50126,100,97,3,3
50127,104,99,5,5
50128,76,92,-16,16
50129,108,107,1,1
50130,148,135,13,13
50131,74,79,-5,5
50132,72,72,0,0
50133,78,77,1,1
50134,108,109,-1,1
50135,92,96,-4,4
50136,94,99,-5,5
50137,104,105,-1,1
50138,102,108,-6,6
50139,70,75,-5,5
50140,88,86,2,2
50141,104,106,-2,2
50142,115,97,18,18
50143,87,83,4,4
50144,110,108,2,2
50145,70,78,-8,8
50146,78,83,-5,5
50147,80,87,-7,7
50148,56,64,-8,8
50149,125,120,5,5
50150,79,81,-2,2
50151,90,87,3,3
50152,134,130,4,4
50153,123,120,3,3
50154,116,101,15,15
50155,79,85,-6,6
50156,100,115,-15,15
50157,55,68,-13,13
50158,86,87,-1,1
50159,125,127,-2,2
50160,68,76,-8,8
50161,73,82,-9,9
50162,103,97,6,6
50163,172,168,4,4
50164,18,30,-12,12
50165,80,87,-7,7
50166,64,70,-6,6
50167,90,92,-2,2
50168,100,103,-3,3
50169,52,67,-15,15
50170,199,165,34,34
50171,90,96,-6,6
50172,80,99,-19,19
50173,138,138,0,0
50174,64,76,-12,12
50175,101,97,4,4
50176,116,125,-9,9
50177,134,118,16,16
50178,113,108,5,5
50179,84,85,-1,1
50180,55,76,-21,21
50181,194,173,21,21
50182,81,92,-11,11
50183,100,97,3,3
50184,97,100,-3,3
50185,64,71,-7,7
50186,55,66,-11,11
50187,68,78,-10,10
50188,103,101,2,2
50189,102,92,10,10
50190,68,70,-2,2
50191,95,93,2,2
50192,74,81,-7,7
50193,77,67,10,10
50194,97,103,-6,6
50195,77,75,2,2
50196,124,119,5,5
50197,62,73,-11,11
50198,78,85,-7,7
50199,149,136,13,13
50200,53,70,-17,17
50201,80,86,-6,6
50202,82,92,-10,10
50203,69,77,-8,8
50204,80,92,-12,12
50205,45,56,-11,11
50206,66,75,-9,9
50207,46,64,-18,18
50208,82,92,-10,10
50209,45,55,-10,10
50210,105,101,4,4
50211,109,98,11,11
50212,89,92,-3,3
50213,69,76,-7,7
50214,132,109,23,23
50215,106,108,-2,2
50216,132,123,9,9
50217,141,134,7,7
50218,282,249,33,33
50219,151,157,-6,6
50220,93,93,0,0
50221,129,129,0,0
50222,82,94,-12,12
50223,72,82,-10,10
50224,86,87,-1,1
50225,42,49,-7,7
50226,85,83,2,2
50227,105,96,9,9
50228,110,105,5,5
50229,50,64,-14,14
50230,88,100,-12,12
50231,98,89,9,9
50232,85,83,2,2
50233,122,122,0,0
50234,122,139,-17,17
50235,124,118,6,6
50236,77,85,-8,8
50237,117,115,2,2
50238,98,112,-14,14
50239,90,90,0,0
50240,129,119,10,10
50241,88,99,-11,11
50242,73,81,-8,8
50243,77,85,-8,8
50244,139,141,-2,2
50245,96,94,2,2
50246,102,96,6,6
50247,87,94,-7,7
50248,70,75,-5,5
50249,159,146,13,13
50250,60,70,-10,10
50251,69,72,-3,3
50252,113,112,1,1
50253,156,141,15,15
50254,118,110,8,8
50255,53,62,-9,9
50256,104,108,-4,4
50257,83,80,3,3
50258,67,68,-1,1
50259,95,105,-10,10
50260,103,102,1,1
50261,132,140,-8,8
50262,115,105,10,10
50263,89,95,-6,6
50264,107,100,7,7
50265,99,104,-5,5
50266,97,99,-2,2
50267,54,67,-13,13
50268,101,102,-1,1
50269,97,92,5,5
50270,81,91,-10,10
50271,150,153,-3,3
50272,76,103,-27,27
50273,87,95,-8,8
50274,101,119,-18,18
50275,51,63,-12,12
50276,99,99,0,0
50277,76,79,-3,3
50278,170,152,18,18
50279,129,108,21,21
50280,73,82,-9,9
50281,172,168,4,4
50282,142,132,10,10
50283,104,104,0,0
50284,125,119,6,6
50285,51,64,-13,13
50286,127,124,3,3
50287,150,136,14,14
50288,71,80,-9,9
50289,129,133,-4,4
50290,92,99,-7,7
50291,83,83,0,0
50292,82,87,-5,5
50293,143,148,-5,5
50294,105,102,3,3
50295,60,69,-9,9
50296,79,87,-8,8
50297,26,41,-15,15
50298,131,116,15,15
50299,90,88,2,2
50300,72,79,-7,7
50301,62,72,-10,10
50302,76,77,-1,1
50303,138,131,7,7
50304,81,81,0,0
50305,108,100,8,8
50306,88,98,-10,10
50307,115,120,-5,5
50308,123,118,5,5
50309,89,98,-9,9
50310,123,120,3,3
50311,104,99,5,5
50312,67,71,-4,4
50313,82,91,-9,9
50314,68,72,-4,4
50315,72,74,-2,2
50316,92,94,-2,2
50317,60,69,-9,9
50318,76,95,-19,19
50319,91,97,-6,6
50320,95,91,4,4
50321,101,103,-2,2
50322,96,98,-2,2
50323,122,116,6,6
50324,139,135,4,4
50325,141,116,25,25
50326,89,87,2,2
50327,103,116,-13,13
50328,51,68,-17,17
50329,75,86,-11,11
50330,107,114,-7,7
50331,64,74,-10,10
50332,54,63,-9,9
50333,90,89,1,1
50334,75,84,-9,9
50335,136,124,12,12
50336,99,107,-8,8
50337,128,135,-7,7
50338,125,104,21,21
50339,131,118,13,13
50340,61,61,0,0
50341,60,67,-7,7
50342,70,86,-16,16
50343,136,134,2,2
50344,91,85,6,6
50345,74,78,-4,4
50346,63,72,-9,9
50347,113,102,11,11
50348,78,72,6,6
50349,208,184,24,24
50350,153,145,8,8
50351,154,148,6,6
50352,92,93,-1,1
50353,61,69,-8,8
50354,88,95,-7,7
50355,53,75,-22,22
50356,60,67,-7,7
50357,101,97,4,4
50358,108,105,3,3
50359,70,74,-4,4
50360,73,77,-4,4
50361,86,91,-5,5
50362,63,70,-7,7
50363,105,107,-2,2
50364,72,72,0,0
50365,145,128,17,17
50366,71,76,-5,5
50367,148,131,17,17
50368,68,82,-14,14
50369,158,140,18,18
50370,176,161,15,15
50371,98,86,12,12
50372,151,138,13,13
50373,72,93,-21,21
50374,48,61,-13,13
50375,77,80,-3,3
50376,65,72,-7,7
50377,107,107,0,0
50378,93,90,3,3
50379,103,110,-7,7
50380,95,93,2,2
50381,45,61,-16,16
50382,148,138,10,10
50383,130,124,6,6
50384,123,117,6,6
50385,91,95,-4,4
50386,127,145,-18,18
50387,66,79,-13,13
50388,71,75,-4,4
50389,133,123,10,10
50390,111,116,-5,5
50391,92,102,-10,10
50392,72,76,-4,4
50393,70,76,-6,6
50394,158,146,12,12
50395,56,64,-8,8
50396,63,72,-9,9
50397,73,77,-4,4
50398,170,149,21,21
50399,118,122,-4,4
50400,83,94,-11,11
50401,59,72,-13,13
50402,95,86,9,9
50403,79,71,8,8
50404,79,79,0,0
50405,103,120,-17,17
50406,127,121,6,6
50407,93,98,-5,5
50408,82,84,-2,2
50409,48,60,-12,12
50410,90,94,-4,4
50411,76,74,2,2
50412,91,96,-5,5
50413,43,59,-16,16
50414,66,76,-10,10
50415,55,66,-11,11
50416,93,97,-4,4
50417,102,97,5,5
50418,56,66,-10,10
50419,91,92,-1,1
50420,126,126,0,0
50421,78,88,-10,10
50422,81,83,-2,2
50423,103,103,0,0
50424,114,107,7,7
50425,103,101,2,2
50426,137,137,0,0
50427,111,106,5,5
50428,71,77,-6,6
50429,99,88,11,11
50430,118,115,3,3
50431,145,132,13,13
50432,83,83,0,0
50433,59,63,-4,4
50434,79,86,-7,7
50435,60,66,-6,6
50436,59,65,-6,6
50437,109,111,-2,2
50438,74,84,-10,10
50439,125,129,-4,4
50440,112,102,10,10
50441,74,80,-6,6
50442,149,138,11,11
50443,79,91,-12,12
50444,76,80,-4,4
50445,124,116,8,8
50446,62,73,-11,11
50447,59,79,-20,20
50448,190,170,20,20
50449,62,86,-24,24
50450,105,118,-13,13
50451,97,87,10,10
50452,128,122,6,6
50453,113,111,2,2
50454,98,93,5,5
50455,37,54,-17,17
50456,136,130,6,6
50457,79,94,-15,15
50458,47,63,-16,16
50459,98,88,10,10
50460,101,104,-3,3
50461,87,91,-4,4
50462,49,66,-17,17
50463,88,79,9,9
50464,92,91,1,1
50465,128,124,4,4
50466,111,105,6,6
50467,106,103,3,3
50468,57,70,-13,13
50469,95,102,-7,7
50470,60,66,-6,6
50471,131,119,12,12
50472,88,84,4,4
50473,83,90,-7,7
50474,109,103,6,6
50475,114,115,-1,1
50476,84,91,-7,7
50477,85,90,-5,5
50478,86,92,-6,6
50479,76,81,-5,5
50480,112,100,12,12
50481,106,113,-7,7
50482,56,64,-8,8
50483,120,121,-1,1
50484,53,68,-15,15
50485,32,60,-28,28
50486,184,174,10,10
50487,82,80,2,2
50488,66,73,-7,7
50489,67,82,-15,15
50490,123,121,2,2
50491,123,119,4,4
50492,146,125,21,21
50493,74,79,-5,5
50494,113,105,8,8
50495,102,107,-5,5
50496,143,128,15,15
50497,88,89,-1,1
50498,136,126,10,10
50499,149,149,0,0
50500,165,156,9,9
50501,59,68,-9,9
50502,87,87,0,0
50503,85,84,1,1
50504,54,69,-15,15
50505,48,53,-5,5
50506,73,75,-2,2
50507,74,76,-2,2
50508,125,129,-4,4
50509,71,71,0,0
50510,36,49,-13,13
50511,127,109,18,18
50512,71,74,-3,3
50513,92,93,-1,1
50514,55,64,-9,9
50515,62,65,-3,3
50516,76,75,1,1
50517,64,70,-6,6
50518,129,123,6,6
50519,147,137,10,10
50520,69,78,-9,9
50521,76,76,0,0
50522,86,92,-6,6
50523,66,65,1,1
50524,76,78,-2,2
50525,74,83,-9,9
50526,54,65,-11,11
50527,109,112,-3,3
50528,141,131,10,10
50529,55,68,-13,13
50530,121,106,15,15
50531,79,85,-6,6
50532,80,81,-1,1
50533,156,151,5,5
50534,44,54,-10,10
50535,114,104,10,10
50536,105,102,3,3
50537,73,80,-7,7
50538,84,86,-2,2
50539,176,157,19,19
50540,62,67,-5,5
50541,121,114,7,7
50542,114,118,-4,4
50543,87,94,-7,7
50544,77,89,-12,12
50545,64,70,-6,6
50546,165,150,15,15
50547,139,144,-5,5
50548,121,117,4,4
50549,97,95,2,2
50550,193,160,33,33
50551,125,126,-1,1
50552,76,99,-23,23
50553,54,60,-6,6
50554,134,135,-1,1
50555,72,79,-7,7
50556,96,95,1,1
50557,37,48,-11,11
50558,125,116,9,9
50559,87,84,3,3
50560,33,50,-17,17
50561,71,77,-6,6
50562,53,63,-10,10
50563,59,70,-11,11
50564,110,102,8,8
50565,82,89,-7,7
50566,110,105,5,5
50567,64,68,-4,4
50568,65,72,-7,7
50569,134,123,11,11
50570,58,70,-12,12
50571,90,97,-7,7
50572,79,88,-9,9
50573,66,89,-23,23
50574,88,100,-12,12
50575,89,120,-31,31
50576,124,122,2,2
50577,111,106,5,5
50578,144,127,17,17
50579,131,129,2,2
50580,133,127,6,6
50581,104,102,2,2
50582,63,72,-9,9
50583,72,73,-1,1
50584,76,78,-2,2
50585,59,64,-5,5
50586,110,102,8,8
50587,69,74,-5,5
50588,112,110,2,2
50589,41,62,-21,21
50590,135,127,8,8
50591,101,121,-20,20
50592,86,86,0,0
50593,116,122,-6,6
50594,88,90,-2,2
50595,74,91,-17,17
50596,41,58,-17,17
50597,91,101,-10,10
50598,164,146,18,18
50599,58,63,-5,5
50600,203,179,24,24
50601,84,89,-5,5
50602,91,81,10,10
50603,98,102,-4,4
50604,123,124,-1,1
50605,63,64,-1,1
50606,88,85,3,3
50607,92,101,-9,9
50608,117,116,1,1
50609,72,73,-1,1
50610,69,75,-6,6
50611,77,80,-3,3
50612,77,80,-3,3
50613,73,74,-1,1
50614,94,95,-1,1
50615,118,111,7,7
50616,98,97,1,1
50617,82,86,-4,4
50618,137,121,16,16
50619,84,96,-12,12
50620,113,108,5,5
50621,145,125,20,20
50622,67,75,-8,8
50623,101,104,-3,3
50624,37,67,-30,30
50625,49,63,-14,14
50626,63,75,-12,12
50627,76,79,-3,3
50628,216,176,40,40
50629,138,136,2,2
50630,96,100,-4,4
50631,76,90,-14,14
50632,66,73,-7,7
50633,55,60,-5,5
50634,92,95,-3,3
50635,83,89,-6,6
50636,107,120,-13,13
50637,124,115,9,9
50638,78,81,-3,3
50639,149,142,7,7
50640,154,144,10,10
50641,67,71,-4,4
50642,82,86,-4,4
50643,99,101,-2,2
50644,107,109,-2,2
50645,156,144,12,12
50646,174,185,-11,11
50647,103,101,2,2
50648,116,115,1,1
50649,44,50,-6,6
50650,108,107,1,1
50651,94,104,-10,10
50652,63,74,-11,11
50653,95,95,0,0
50654,57,68,-11,11
50655,72,82,-10,10
50656,72,76,-4,4
50657,101,101,0,0
50658,94,116,-22,22
50659,86,79,7,7
50660,157,142,15,15
50661,56,66,-10,10
50662,77,83,-6,6
50663,76,90,-14,14
50664,164,157,7,7
50665,68,82,-14,14
50666,65,78,-13,13
50667,124,120,4,4
50668,62,70,-8,8
50669,138,127,11,11
50670,146,136,10,10
50671,135,149,-14,14
50672,124,112,12,12
50673,105,100,5,5
50674,71,73,-2,2
50675,84,87,-3,3
50676,84,81,3,3
50677,70,75,-5,5
50678,112,104,8,8
50679,127,123,4,4
50680,51,127,-76,76
50681,104,102,2,2
50682,96,102,-6,6
50683,97,88,9,9
50684,72,80,-8,8
50685,117,112,5,5
50686,115,125,-10,10
50687,76,83,-7,7
50688,98,101,-3,3
50689,70,80,-10,10
50690,97,100,-3,3
50691,131,143,-12,12
50692,50,62,-12,12
50693,68,75,-7,7
50694,64,68,-4,4
50695,103,105,-2,2
50696,48,58,-10,10
50697,106,103,3,3
50698,80,85,-5,5
50699,131,128,3,3
50700,59,69,-10,10
50701,196,178,18,18
50702,143,144,-1,1
50703,74,75,-1,1
50704,69,79,-10,10
50705,70,78,-8,8
50706,114,104,10,10
50707,70,73,-3,3
50708,42,57,-15,15
50709,112,121,-9,9
50710,79,78,1,1
50711,159,150,9,9
50712,121,107,14,14
50713,69,78,-9,9
50714,93,89,4,4
50715,90,93,-3,3
50716,91,98,-7,7
50717,65,74,-9,9
50718,136,140,-4,4
50719,65,74,-9,9
50720,51,67,-16,16
50721,131,120,11,11
50722,81,89,-8,8
50723,60,118,-58,58
50724,99,95,4,4
50725,37,78,-41,41
50726,131,120,11,11
50727,164,139,25,25
50728,63,73,-10,10
50729,208,181,27,27
50730,40,61,-21,21
50731,94,105,-11,11
50732,114,116,-2,2
50733,72,82,-10,10
50734,83,82,1,1
50735,65,76,-11,11
50736,124,125,-1,1
50737,45,60,-15,15
50738,78,80,-2,2
50739,139,126,13,13
50740,63,73,-10,10
50741,88,96,-8,8
50742,81,86,-5,5
50743,79,76,3,3
50744,106,104,2,2
50745,129,120,9,9
50746,107,110,-3,3
50747,67,79,-12,12
50748,119,116,3,3
50749,96,102,-6,6
50750,96,90,6,6
50751,64,75,-11,11
50752,110,106,4,4
50753,122,123,-1,1
50754,159,154,5,5
50755,84,90,-6,6
50756,78,81,-3,3
50757,186,181,5,5
50758,77,82,-5,5
50759,95,91,4,4
50760,78,81,-3,3
50761,84,102,-18,18
50762,115,108,7,7
50763,104,105,-1,1
50764,84,80,4,4
50765,94,93,1,1
50766,103,97,6,6
50767,120,116,4,4
50768,80,90,-10,10
50769,63,65,-2,2
50770,113,119,-6,6
50771,82,94,-12,12
50772,111,110,1,1
50773,103,105,-2,2
50774,122,119,3,3
50775,81,86,-5,5
50776,141,137,4,4
50777,122,120,2,2
50778,136,128,8,8
50779,67,75,-8,8
50780,91,108,-17,17
50781,86,91,-5,5
50782,97,93,4,4
50783,42,69,-27,27
50784,63,73,-10,10
50785,118,117,1,1
50786,81,93,-12,12
50787,62,64,-2,2
50788,55,67,-12,12
50789,89,95,-6,6
50790,71,77,-6,6
50791,57,69,-12,12
50792,83,91,-8,8
50793,153,139,14,14
50794,106,100,6,6
50795,122,108,14,14
50796,76,80,-4,4
50797,90,97,-7,7
50798,70,86,-16,16
50799,33,47,-14,14
50800,83,83,0,0
50801,50,63,-13,13
50802,118,111,7,7
50803,115,108,7,7
50804,45,54,-9,9
50805,58,66,-8,8
50806,38,54,-16,16
50807,97,104,-7,7
50808,39,58,-19,19
50809,28,45,-17,17
50810,117,118,-1,1
50811,115,105,10,10
50812,121,117,4,4
50813,105,111,-6,6
50814,88,87,1,1
50815,64,78,-14,14
50816,85,91,-6,6
50817,103,92,11,11
50818,76,80,-4,4
50819,60,71,-11,11
50820,73,82,-9,9
50821,70,72,-2,2
50822,54,64,-10,10
50823,83,95,-12,12
50824,77,80,-3,3
50825,58,64,-6,6
50826,105,95,10,10
50827,145,138,7,7
50828,119,103,16,16
50829,100,99,1,1
50830,84,89,-5,5
50831,88,83,5,5
50832,90,90,0,0
50833,65,79,-14,14
50834,131,123,8,8
50835,76,93,-17,17
50836,166,163,3,3
50837,52,61,-9,9
50838,156,151,5,5
50839,139,145,-6,6
50840,80,81,-1,1
50841,73,83,-10,10
50842,94,95,-1,1
50843,83,87,-4,4
50844,108,100,8,8
50845,71,76,-5,5
50846,98,106,-8,8
50847,94,96,-2,2
50848,99,96,3,3
50849,29,43,-14,14
50850,85,83,2,2
50851,92,95,-3,3
50852,96,98,-2,2
50853,107,101,6,6
50854,31,61,-30,30
50855,80,73,7,7
50856,86,87,-1,1
50857,147,132,15,15
50858,113,118,-5,5
50859,58,67,-9,9
50860,69,80,-11,11
50861,81,90,-9,9
50862,105,105,0,0
50863,146,124,22,22
50864,126,119,7,7
50865,72,78,-6,6
50866,110,104,6,6
50867,140,140,0,0
50868,93,90,3,3
50869,88,90,-2,2
50870,84,101,-17,17
50871,57,66,-9,9
50872,78,79,-1,1
50873,76,77,-1,1
50874,143,124,19,19
50875,108,137,-29,29
50876,45,66,-21,21
50877,87,95,-8,8
50878,77,80,-3,3
50879,96,117,-21,21
50880,84,85,-1,1
50881,60,69,-9,9
50882,74,87,-13,13
50883,83,85,-2,2
50884,69,72,-3,3
50885,58,62,-4,4
50886,73,77,-4,4
50887,81,90,-9,9
50888,106,98,8,8
50889,140,144,-4,4
50890,75,81,-6,6
50891,102,105,-3,3
50892,137,118,19,19
50893,63,95,-32,32
50894,80,81,-1,1
50895,65,78,-13,13
50896,151,137,14,14
50897,138,134,4,4
50898,104,98,6,6
50899,142,131,11,11
50900,77,91,-14,14
50901,102,106,-4,4
50902,83,86,-3,3
50903,74,86,-12,12
50904,113,110,3,3
50905,115,109,6,6
50906,86,97,-11,11
50907,66,69,-3,3
50908,123,114,9,9
50909,173,157,16,16
50910,138,139,-1,1
50911,121,120,1,1
50912,187,172,15,15
50913,103,96,7,7
50914,93,145,-52,52
50915,134,124,10,10
50916,84,82,2,2
50917,140,128,12,12
50918,139,123,16,16
50919,112,119,-7,7
50920,81,84,-3,3
50921,48,57,-9,9
50922,111,107,4,4
50923,133,125,8,8
50924,158,142,16,16
50925,47,61,-14,14
50926,115,120,-5,5
50927,59,73,-14,14
50928,136,127,9,9
50929,86,95,-9,9
50930,89,98,-9,9
50931,104,105,-1,1
50932,88,93,-5,5
50933,68,76,-8,8
50934,105,97,8,8
50935,122,114,8,8
50936,93,90,3,3
50937,172,156,16,16
50938,77,87,-10,10
50939,141,130,11,11
50940,106,108,-2,2
50941,102,109,-7,7
50942,136,123,13,13
50943,83,82,1,1
50944,60,69,-9,9
50945,90,103,-13,13
50946,69,76,-7,7
50947,96,95,1,1
50948,101,101,0,0
50949,90,83,7,7
50950,95,102,-7,7
50951,80,93,-13,13
50952,91,95,-4,4
50953,125,119,6,6
50954,85,85,0,0
50955,129,126,3,3
50956,117,119,-2,2
50957,77,82,-5,5
50958,82,93,-11,11
50959,135,126,9,9
50960,120,114,6,6
50961,89,80,9,9
50962,161,151,10,10
50963,70,78,-8,8
50964,60,72,-12,12
50965,172,155,17,17
50966,136,127,9,9
50967,86,84,2,2
50968,106,113,-7,7
50969,107,110,-3,3
50970,98,99,-1,1
50971,120,140,-20,20
50972,158,148,10,10
50973,61,66,-5,5
50974,101,97,4,4
50975,94,95,-1,1
50976,60,74,-14,14
50977,68,75,-7,7
50978,99,89,10,10
50979,56,63,-7,7
50980,110,99,11,11
50981,102,103,-1,1
50982,83,88,-5,5
50983,92,95,-3,3
50984,77,79,-2,2
50985,125,133,-8,8
50986,79,78,1,1
50987,67,70,-3,3
50988,113,109,4,4
50989,122,122,0,0
50990,131,124,7,7
50991,104,100,4,4
50992,89,104,-15,15
50993,92,95,-3,3
50994,217,150,67,67
50995,45,46,-1,1
50996,69,83,-14,14
50997,112,117,-5,5
50998,146,121,25,25
50999,95,98,-3,3
51000,91,97,-6,6
51001,70,80,-10,10
51002,75,91,-16,16
51003,95,97,-2,2
51004,112,99,13,13
51005,58,67,-9,9
51006,54,62,-8,8
51007,94,100,-6,6
51008,108,102,6,6
51009,89,94,-5,5
51010,90,93,-3,3
51011,129,122,7,7
51012,105,97,8,8
51013,94,95,-1,1
51014,132,142,-10,10
51015,95,92,3,3
51016,68,67,1,1
51017,97,93,4,4
51018,128,119,9,9
51019,116,119,-3,3
51020,93,95,-2,2
51021,89,85,4,4
51022,176,170,6,6
51023,172,165,7,7
51024,54,63,-9,9
51025,60,73,-13,13
51026,39,55,-16,16
51027,96,87,9,9
51028,60,82,-22,22
51029,52,61,-9,9
51030,105,103,2,2
51031,137,133,4,4
51032,151,133,18,18
51033,108,120,-12,12
51034,100,99,1,1
51035,68,75,-7,7
51036,99,102,-3,3
51037,100,99,1,1
51038,112,105,7,7
51039,78,77,1,1
51040,110,110,0,0
51041,70,71,-1,1
51042,122,118,4,4
51043,72,83,-11,11
51044,191,169,22,22
51045,106,107,-1,1
51046,102,102,0,0
51047,130,118,12,12
51048,83,87,-4,4
51049,70,79,-9,9
51050,93,100,-7,7
51051,98,94,4,4
51052,72,77,-5,5
51053,121,109,12,12
51054,157,143,14,14
51055,72,84,-12,12
51056,88,89,-1,1
51057,109,107,2,2
51058,129,118,11,11
51059,185,162,23,23
51060,82,94,-12,12
51061,45,51,-6,6
51062,47,62,-15,15
51063,75,86,-11,11
51064,107,99,8,8
51065,73,82,-9,9
51066,90,93,-3,3
51067,69,80,-11,11
51068,100,108,-8,8
51069,87,81,6,6
51070,56,64,-8,8
51071,83,81,2,2
51072,140,136,4,4
51073,64,66,-2,2
51074,97,97,0,0
51075,86,90,-4,4
51076,129,113,16,16
51077,119,107,12,12
51078,85,89,-4,4
51079,109,102,7,7
51080,92,94,-2,2
51081,152,136,16,16
51082,74,82,-8,8
51083,147,178,-31,31
51084,117,114,3,3
51085,85,96,-11,11
51086,115,122,-7,7
51087,96,94,2,2
51088,109,108,1,1
51089,70,77,-7,7
51090,107,101,6,6
51091,71,85,-14,14
51092,80,87,-7,7
51093,117,110,7,7
51094,149,146,3,3
51095,74,77,-3,3
51096,100,97,3,3
51097,131,132,-1,1
51098,100,101,-1,1
51099,72,77,-5,5
51100,92,106,-14,14
51101,68,72,-4,4
51102,71,81,-10,10
51103,60,64,-4,4
51104,74,80,-6,6
51105,114,110,4,4
51106,44,57,-13,13
51107,104,117,-13,13
51108,143,136,7,7
51109,159,139,20,20
51110,76,81,-5,5
51111,93,94,-1,1
51112,91,95,-4,4
51113,91,96,-5,5
51114,188,162,26,26
51115,85,90,-5,5
51116,58,62,-4,4
51117,115,111,4,4
51118,51,63,-12,12
51119,49,58,-9,9
51120,108,112,-4,4
51121,92,96,-4,4
51122,102,104,-2,2
51123,113,109,4,4
51124,100,100,0,0
51125,80,79,1,1
51126,109,115,-6,6
51127,72,79,-7,7
51128,91,97,-6,6
51129,93,95,-2,2
51130,44,57,-13,13
51131,104,109,-5,5
51132,50,70,-20,20
51133,76,82,-6,6
51134,53,61,-8,8
51135,119,113,6,6
51136,105,97,8,8
51137,110,121,-11,11
51138,148,146,2,2
51139,105,97,8,8
51140,139,127,12,12
51141,97,91,6,6
51142,113,100,13,13
51143,85,87,-2,2
51144,113,104,9,9
51145,60,67,-7,7
51146,66,67,-1,1
51147,115,109,6,6
51148,30,43,-13,13
51149,76,76,0,0
51150,73,83,-10,10
51151,72,84,-12,12
51152,141,132,9,9
51153,58,74,-16,16
51154,101,101,0,0
51155,80,80,0,0
51156,76,80,-4,4
51157,118,121,-3,3
51158,97,99,-2,2
51159,96,107,-11,11
51160,40,54,-14,14
51161,157,141,16,16
51162,125,119,6,6
51163,99,95,4,4
51164,66,74,-8,8
51165,117,116,1,1
51166,94,101,-7,7
51167,54,68,-14,14
51168,62,68,-6,6
51169,74,78,-4,4
51170,166,149,17,17
51171,142,139,3,3
51172,81,94,-13,13
51173,110,119,-9,9
51174,114,105,9,9
51175,96,96,0,0
51176,54,64,-10,10
51177,97,98,-1,1
51178,86,100,-14,14
51179,67,78,-11,11
51180,65,71,-6,6
51181,89,97,-8,8
51182,86,93,-7,7
51183,71,80,-9,9
51184,146,140,6,6
51185,81,76,5,5
51186,108,104,4,4
51187,116,113,3,3
51188,90,99,-9,9
51189,108,100,8,8
51190,127,119,8,8
51191,60,68,-8,8
51192,66,67,-1,1
51193,180,169,11,11
51194,52,62,-10,10
51195,93,95,-2,2
51196,127,122,5,5
51197,96,91,5,5
51198,110,97,13,13
51199,102,109,-7,7
51200,110,107,3,3
51201,72,73,-1,1
51202,161,147,14,14
51203,89,84,5,5
51204,78,81,-3,3
51205,77,87,-10,10
51206,80,82,-2,2
51207,78,82,-4,4
51208,135,121,14,14
51209,88,84,4,4
51210,102,90,12,12
51211,73,79,-6,6
51212,101,100,1,1
51213,84,85,-1,1
51214,87,88,-1,1
51215,79,89,-10,10
51216,84,91,-7,7
51217,140,134,6,6
51218,106,109,-3,3
51219,75,72,3,3
51220,94,95,-1,1
51221,79,90,-11,11
51222,93,93,0,0
51223,155,150,5,5
51224,97,103,-6,6
51225,109,120,-11,11
51226,115,106,9,9
51227,126,119,7,7
51228,90,95,-5,5
51229,72,79,-7,7
51230,63,67,-4,4
51231,105,103,2,2
51232,68,77,-9,9
51233,143,129,14,14
51234,116,115,1,1
51235,121,123,-2,2
51236,130,108,22,22
51237,75,78,-3,3
51238,70,82,-12,12
51239,109,98,11,11
51240,98,97,1,1
51241,106,95,11,11
51242,76,82,-6,6
51243,60,62,-2,2
51244,68,80,-12,12
51245,165,142,23,23
51246,90,106,-16,16
51247,178,157,21,21
51248,79,85,-6,6
51249,72,72,0,0
51250,87,88,-1,1
51251,82,84,-2,2
51252,57,67,-10,10
51253,110,111,-1,1
51254,111,109,2,2
51255,70,85,-15,15
51256,112,116,-4,4
51257,52,61,-9,9
51258,94,92,2,2
51259,97,99,-2,2
51260,66,73,-7,7
51261,67,76,-9,9
51262,66,77,-11,11
51263,107,106,1,1
51264,156,184,-28,28
51265,40,92,-52,52
51266,60,71,-11,11
51267,109,127,-18,18
51268,62,70,-8,8
51269,126,116,10,10
51270,96,101,-5,5
51271,106,97,9,9
51272,109,98,11,11
51273,77,82,-5,5
51274,70,74,-4,4
51275,75,98,-23,23
51276,194,175,19,19
51277,24,32,-8,8
51278,94,97,-3,3
51279,102,96,6,6
51280,126,119,7,7
51281,150,126,24,24
51282,126,123,3,3
51283,82,93,-11,11
51284,92,105,-13,13
51285,87,91,-4,4
51286,122,128,-6,6
51287,129,125,4,4
51288,93,95,-2,2
51289,62,77,-15,15
51290,148,145,3,3
51291,73,79,-6,6
51292,114,104,10,10
51293,82,84,-2,2
51294,99,103,-4,4
51295,181,161,20,20
51296,158,140,18,18
51297,100,101,-1,1
51298,143,134,9,9
51299,118,118,0,0
51300,85,87,-2,2
51301,127,129,-2,2
51302,83,95,-12,12
51303,95,95,0,0
51304,63,65,-2,2
51305,76,78,-2,2
51306,111,118,-7,7
51307,69,80,-11,11
51308,100,94,6,6
51309,47,59,-12,12
51310,83,92,-9,9
51311,85,92,-7,7
51312,74,80,-6,6
51313,53,75,-22,22
51314,75,83,-8,8
51315,71,87,-16,16
51316,108,103,5,5
51317,71,79,-8,8
51318,121,118,3,3
51319,100,108,-8,8
51320,113,115,-2,2
51321,86,83,3,3
51322,86,80,6,6
51323,115,110,5,5
51324,38,51,-13,13
51325,140,130,10,10
51326,119,121,-2,2
51327,104,103,1,1
51328,135,119,16,16
51329,147,129,18,18
51330,116,110,6,6
51331,137,129,8,8
51332,86,91,-5,5
51333,96,96,0,0
51334,76,74,2,2
51335,64,69,-5,5
51336,57,64,-7,7
51337,90,104,-14,14
51338,56,79,-23,23
51339,84,97,-13,13
51340,109,101,8,8
51341,124,122,2,2
51342,138,122,16,16
51343,73,78,-5,5
51344,98,96,2,2
51345,93,86,7,7
51346,51,57,-6,6
51347,54,62,-8,8
51348,62,69,-7,7
51349,126,123,3,3
51350,85,85,0,0
51351,86,81,5,5
51352,67,70,-3,3
51353,80,86,-6,6
51354,55,66,-11,11
51355,115,108,7,7
51356,71,77,-6,6
51357,86,86,0,0
51358,120,115,5,5
51359,94,92,2,2
51360,71,78,-7,7
51361,106,117,-11,11
51362,101,98,3,3
51363,41,57,-16,16
51364,77,76,1,1
51365,130,119,11,11
51366,154,139,15,15
51367,102,94,8,8
51368,56,65,-9,9
51369,108,104,4,4
51370,74,82,-8,8
51371,33,103,-70,70
51372,109,106,3,3
51373,113,107,6,6
51374,115,112,3,3
51375,73,80,-7,7
51376,60,75,-15,15
51377,115,108,7,7
51378,85,94,-9,9
51379,121,108,13,13
51380,128,122,6,6
51381,76,91,-15,15
51382,158,148,10,10
51383,109,107,2,2
51384,47,61,-14,14
51385,76,76,0,0
51386,75,74,1,1
51387,92,88,4,4
51388,92,94,-2,2
51389,110,100,10,10
51390,101,99,2,2
51391,95,92,3,3
51392,107,104,3,3
51393,96,97,-1,1
51394,127,123,4,4
51395,104,103,1,1
51396,84,83,1,1
51397,44,55,-11,11
51398,112,119,-7,7
51399,94,102,-8,8
51400,65,72,-7,7
51401,67,78,-11,11
51402,106,103,3,3
51403,85,83,2,2
51404,75,90,-15,15
51405,72,75,-3,3
51406,99,83,16,16
51407,63,73,-10,10
51408,157,146,11,11
51409,70,74,-4,4
51410,79,80,-1,1
51411,99,96,3,3
51412,100,102,-2,2
51413,152,135,17,17
51414,111,121,-10,10
51415,73,81,-8,8
51416,117,114,3,3
51417,74,78,-4,4
51418,84,95,-11,11
51419,117,112,5,5
51420,70,78,-8,8
51421,72,82,-10,10
51422,62,71,-9,9
51423,90,99,-9,9
51424,123,108,15,15
51425,81,87,-6,6
51426,62,69,-7,7
51427,74,77,-3,3
51428,189,164,25,25
51429,97,101,-4,4
51430,131,125,6,6
51431,66,78,-12,12
51432,131,122,9,9
51433,101,94,7,7
51434,205,192,13,13
51435,92,98,-6,6
51436,74,89,-15,15
51437,108,100,8,8
51438,78,78,0,0
51439,69,80,-11,11
51440,92,86,6,6
51441,76,83,-7,7
51442,83,86,-3,3
51443,104,103,1,1
51444,85,83,2,2
51445,74,74,0,0
51446,134,135,-1,1
51447,119,113,6,6
51448,92,89,3,3
51449,88,90,-2,2
51450,126,128,-2,2
51451,100,99,1,1
51452,45,62,-17,17
51453,131,118,13,13
51454,55,66,-11,11
51455,180,163,17,17
51456,133,114,19,19
51457,94,72,22,22
51458,62,85,-23,23
51459,119,113,6,6
51460,183,168,15,15
51461,88,87,1,1
51462,115,94,21,21
51463,100,92,8,8
51464,64,77,-13,13
51465,83,105,-22,22
51466,138,135,3,3
51467,62,76,-14,14
51468,193,164,29,29
51469,90,86,4,4
51470,77,89,-12,12
51471,111,107,4,4
51472,99,89,10,10
51473,118,120,-2,2
51474,131,121,10,10
51475,71,70,1,1
51476,78,83,-5,5
51477,94,89,5,5
51478,92,96,-4,4
51479,97,99,-2,2
51480,89,90,-1,1
51481,131,119,12,12
51482,119,101,18,18
51483,59,72,-13,13
51484,80,84,-4,4
51485,116,107,9,9
51486,93,92,1,1
51487,72,82,-10,10
51488,185,157,28,28
51489,85,91,-6,6
51490,108,114,-6,6
51491,84,88,-4,4
51492,100,102,-2,2
51493,109,91,18,18
51494,43,56,-13,13
51495,77,83,-6,6
51496,87,83,4,4
51497,121,113,8,8
51498,109,110,-1,1
51499,83,93,-10,10
51500,108,98,10,10
51501,166,141,25,25
51502,68,73,-5,5
51503,112,125,-13,13
51504,103,104,-1,1
51505,106,107,-1,1
51506,33,45,-12,12
51507,56,61,-5,5
51508,72,76,-4,4
51509,136,130,6,6
51510,79,82,-3,3
51511,143,123,20,20
51512,103,99,4,4
51513,75,81,-6,6
51514,73,78,-5,5
51515,68,75,-7,7
51516,68,84,-16,16
51517,102,92,10,10
51518,83,85,-2,2
51519,70,84,-14,14
51520,88,89,-1,1
51521,124,119,5,5
51522,111,110,1,1
51523,103,106,-3,3
51524,104,100,4,4
51525,122,118,4,4
51526,119,118,1,1
51527,71,103,-32,32
51528,196,184,12,12
51529,70,76,-6,6
51530,70,89,-19,19
51531,88,88,0,0
51532,122,117,5,5
51533,102,97,5,5
51534,119,110,9,9
51535,138,129,9,9
51536,165,148,17,17
51537,94,102,-8,8
51538,52,63,-11,11
51539,86,87,-1,1
51540,63,74,-11,11
51541,92,88,4,4
51542,65,70,-5,5
51543,47,57,-10,10
51544,62,69,-7,7
51545,79,91,-12,12
51546,166,132,34,34
51547,96,93,3,3
51548,120,128,-8,8
51549,117,115,2,2
51550,99,95,4,4
51551,124,127,-3,3
51552,138,123,15,15
51553,60,72,-12,12
51554,90,93,-3,3
51555,76,86,-10,10
51556,113,127,-14,14
51557,129,123,6,6
51558,80,83,-3,3
51559,99,96,3,3
51560,87,91,-4,4
51561,74,81,-7,7
51562,70,77,-7,7
51563,50,63,-13,13
51564,83,86,-3,3
51565,150,137,13,13
51566,104,99,5,5
51567,107,105,2,2
51568,101,96,5,5
51569,153,143,10,10
51570,81,85,-4,4
51571,58,78,-20,20
51572,104,100,4,4
51573,64,71,-7,7
51574,58,64,-6,6
51575,137,134,3,3
51576,132,110,22,22
51577,110,107,3,3
51578,120,119,1,1
51579,92,96,-4,4
51580,83,116,-33,33
51581,41,60,-19,19
51582,194,168,26,26
51583,79,79,0,0
51584,65,72,-7,7
51585,126,127,-1,1
51586,125,130,-5,5
51587,148,136,12,12
51588,63,68,-5,5
51589,82,89,-7,7
51590,127,120,7,7
51591,141,126,15,15
51592,98,104,-6,6
51593,140,137,3,3
51594,92,89,3,3
51595,78,88,-10,10
51596,72,78,-6,6
51597,133,119,14,14
51598,82,91,-9,9
51599,53,68,-15,15
51600,68,73,-5,5
51601,135,131,4,4
51602,76,96,-20,20
51603,84,81,3,3
51604,109,104,5,5
51605,115,119,-4,4
51606,32,36,-4,4
51607,202,171,31,31
51608,64,69,-5,5
51609,69,72,-3,3
51610,61,70,-9,9
51611,81,81,0,0
51612,81,92,-11,11
51613,103,101,2,2
51614,73,75,-2,2
51615,103,117,-14,14
51616,153,149,4,4
51617,78,84,-6,6
51618,100,97,3,3
51619,136,140,-4,4
51620,58,67,-9,9
51621,75,88,-13,13
51622,130,117,13,13
51623,127,114,13,13
51624,51,66,-15,15
51625,87,80,7,7
51626,99,101,-2,2
51627,121,113,8,8
51628,83,89,-6,6
51629,65,72,-7,7
51630,86,91,-5,5
51631,129,123,6,6
51632,77,90,-13,13
51633,63,76,-13,13
51634,70,76,-6,6
51635,75,81,-6,6
51636,75,83,-8,8
51637,132,128,4,4
51638,157,147,10,10
51639,130,129,1,1
51640,80,89,-9,9
51641,97,100,-3,3
51642,68,73,-5,5
51643,98,99,-1,1
51644,81,89,-8,8
51645,51,62,-11,11
51646,84,86,-2,2
51647,79,82,-3,3
51648,151,141,10,10
51649,82,88,-6,6
51650,127,121,6,6
51651,63,76,-13,13
51652,97,96,1,1
51653,121,116,5,5
51654,157,142,15,15
51655,101,99,2,2
51656,160,153,7,7
51657,92,95,-3,3
51658,107,114,-7,7
51659,108,98,10,10
51660,119,103,16,16
51661,61,74,-13,13
51662,112,105,7,7
51663,71,74,-3,3
51664,99,103,-4,4
51665,68,80,-12,12
51666,116,121,-5,5
51667,64,79,-15,15
51668,124,127,-3,3
51669,139,128,11,11
51670,80,83,-3,3
51671,157,141,16,16
51672,101,97,4,4
51673,114,109,5,5
51674,126,126,0,0
51675,148,132,16,16
51676,77,85,-8,8
51677,187,170,17,17
51678,139,135,4,4
51679,164,148,16,16
51680,98,100,-2,2
51681,86,94,-8,8
51682,61,68,-7,7
51683,143,146,-3,3
51684,57,65,-8,8
51685,52,61,-9,9
51686,92,103,-11,11
51687,108,102,6,6
51688,156,134,22,22
51689,159,140,19,19
51690,157,139,18,18
51691,102,98,4,4
51692,138,123,15,15
51693,78,84,-6,6
51694,83,79,4,4
51695,108,99,9,9
51696,60,64,-4,4
51697,142,117,25,25
51698,55,64,-9,9
51699,65,72,-7,7
51700,125,119,6,6
51701,90,94,-4,4
51702,74,80,-6,6
51703,156,144,12,12
51704,76,82,-6,6
51705,94,100,-6,6
51706,84,86,-2,2
51707,84,83,1,1
51708,68,81,-13,13
51709,144,136,8,8
51710,74,76,-2,2
51711,104,105,-1,1
51712,98,84,14,14
51713,92,93,-1,1
51714,106,103,3,3
51715,94,96,-2,2
51716,91,97,-6,6
51717,61,55,6,6
51718,77,80,-3,3
51719,71,78,-7,7
51720,98,96,2,2
51721,73,85,-12,12
51722,103,106,-3,3
51723,124,116,8,8
51724,135,125,10,10
51725,118,122,-4,4
51726,96,103,-7,7
51727,54,67,-13,13
51728,112,99,13,13
51729,72,81,-9,9
51730,70,79,-9,9
51731,85,85,0,0
51732,51,58,-7,7
51733,106,113,-7,7
51734,113,104,9,9
51735,76,75,1,1
51736,63,79,-16,16
51737,140,121,19,19
51738,103,98,5,5
51739,163,154,9,9
51740,126,121,5,5
51741,92,103,-11,11
51742,40,54,-14,14
51743,33,50,-17,17
51744,99,100,-1,1
51745,113,102,11,11
51746,59,65,-6,6
51747,88,104,-16,16
51748,58,68,-10,10
51749,98,97,1,1
51750,135,120,15,15
51751,92,94,-2,2
51752,101,101,0,0
51753,116,109,7,7
51754,171,161,10,10
51755,98,90,8,8
51756,99,96,3,3
51757,77,80,-3,3
51758,99,95,4,4
51759,61,67,-6,6
51760,124,105,19,19
51761,36,45,-9,9
51762,124,111,13,13
51763,89,91,-2,2
51764,144,143,1,1
51765,113,107,6,6
51766,157,143,14,14
51767,95,91,4,4
51768,101,104,-3,3
51769,76,85,-9,9
51770,65,78,-13,13
51771,222,172,50,50
51772,123,114,9,9
51773,71,93,-22,22
51774,102,94,8,8
51775,96,97,-1,1
51776,105,101,4,4
51777,81,88,-7,7
51778,122,133,-11,11
51779,64,74,-10,10
51780,43,62,-19,19
51781,114,102,12,12
51782,62,72,-10,10
51783,104,111,-7,7
51784,175,173,2,2
51785,98,105,-7,7
51786,87,85,2,2
51787,144,136,8,8
51788,76,90,-14,14
51789,125,121,4,4
51790,70,76,-6,6
51791,86,97,-11,11
51792,140,119,21,21
51793,44,60,-16,16
51794,101,97,4,4
51795,68,75,-7,7
51796,155,151,4,4
51797,125,121,4,4
51798,49,62,-13,13
51799,140,138,2,2
51800,105,99,6,6
51801,192,185,7,7
51802,89,85,4,4
51803,140,130,10,10
51804,140,131,9,9
51805,112,117,-5,5
51806,136,119,17,17
51807,76,87,-11,11
51808,64,79,-15,15
51809,64,80,-16,16
51810,83,89,-6,6
51811,72,73,-1,1
51812,145,136,9,9
51813,113,103,10,10
51814,114,104,10,10
51815,154,136,18,18
51816,67,72,-5,5
51817,197,169,28,28
51818,61,70,-9,9
51819,99,99,0,0
51820,91,94,-3,3
51821,181,149,32,32
51822,45,55,-10,10
51823,55,69,-14,14
51824,183,195,-12,12
51825,106,108,-2,2
51826,57,69,-12,12
51827,133,121,12,12
51828,36,52,-16,16
51829,98,102,-4,4
51830,54,60,-6,6
51831,140,135,5,5
51832,114,112,2,2
51833,99,89,10,10
51834,69,76,-7,7
51835,144,134,10,10
51836,112,119,-7,7
51837,101,98,3,3
51838,88,84,4,4
51839,88,92,-4,4
51840,94,89,5,5
51841,67,69,-2,2
51842,46,62,-16,16
51843,72,73,-1,1
51844,80,80,0,0
51845,75,78,-3,3
51846,94,90,4,4
51847,117,119,-2,2
51848,67,74,-7,7
51849,71,79,-8,8
51850,67,88,-21,21
51851,68,70,-2,2
51852,91,92,-1,1
51853,71,80,-9,9
51854,114,117,-3,3
51855,93,100,-7,7
51856,73,84,-11,11
51857,164,147,17,17
51858,132,120,12,12
51859,66,66,0,0
51860,153,125,28,28
51861,108,116,-8,8
51862,110,106,4,4
51863,156,133,23,23
51864,162,146,16,16
51865,150,142,8,8
51866,125,120,5,5
51867,61,69,-8,8
51868,95,97,-2,2
51869,152,130,22,22
51870,125,126,-1,1
51871,119,105,14,14
51872,166,173,-7,7
51873,120,101,19,19
51874,58,68,-10,10
51875,45,51,-6,6
51876,117,122,-5,5
51877,65,69,-4,4
51878,105,107,-2,2
51879,70,76,-6,6
51880,78,80,-2,2
51881,91,88,3,3
51882,78,77,1,1
51883,116,131,-15,15
51884,132,114,18,18
51885,143,129,14,14
51886,117,120,-3,3
51887,147,148,-1,1
51888,63,76,-13,13
51889,80,95,-15,15
51890,98,98,0,0
51891,51,65,-14,14
51892,51,60,-9,9
51893,73,76,-3,3
51894,95,89,6,6
51895,100,98,2,2
51896,74,89,-15,15
51897,110,101,9,9
51898,78,83,-5,5
51899,54,70,-16,16
51900,115,113,2,2
51901,139,128,11,11
51902,73,82,-9,9
51903,67,72,-5,5
51904,76,82,-6,6
51905,108,105,3,3
51906,104,101,3,3
51907,130,123,7,7
51908,116,117,-1,1
51909,57,67,-10,10
51910,102,104,-2,2
51911,108,102,6,6
51912,95,91,4,4
51913,40,55,-15,15
51914,76,87,-11,11
51915,71,74,-3,3
51916,137,131,6,6
51917,118,107,11,11
51918,129,120,9,9
51919,67,82,-15,15
51920,72,79,-7,7
51921,111,118,-7,7
51922,95,96,-1,1
51923,130,136,-6,6
51924,116,119,-3,3
51925,68,77,-9,9
51926,103,100,3,3
51927,95,97,-2,2
51928,117,117,0,0
51929,62,63,-1,1
51930,75,85,-10,10
51931,56,73,-17,17
51932,120,106,14,14
51933,113,109,4,4
51934,85,85,0,0
51935,71,95,-24,24
51936,130,127,3,3
51937,87,94,-7,7
51938,156,142,14,14
51939,89,91,-2,2
51940,61,67,-6,6
51941,115,112,3,3
51942,144,127,17,17
51943,73,82,-9,9
51944,94,98,-4,4
51945,102,100,2,2
51946,125,124,1,1
51947,71,72,-1,1
51948,140,128,12,12
51949,143,132,11,11
51950,77,84,-7,7
51951,86,81,5,5
51952,70,73,-3,3
51953,101,94,7,7
51954,82,85,-3,3
51955,93,90,3,3
51956,55,69,-14,14
51957,138,140,-2,2
51958,88,91,-3,3
51959,81,90,-9,9
51960,176,150,26,26
51961,90,96,-6,6
51962,52,65,-13,13
51963,97,96,1,1
51964,45,62,-17,17
51965,114,118,-4,4
51966,155,144,11,11
51967,151,164,-13,13
51968,60,71,-11,11
51969,82,80,2,2
51970,96,96,0,0
51971,126,114,12,12
51972,90,91,-1,1
51973,83,77,6,6
51974,72,81,-9,9
51975,139,127,12,12
51976,137,125,12,12
51977,119,119,0,0
51978,115,97,18,18
51979,76,78,-2,2
51980,80,97,-17,17
51981,101,97,4,4
51982,92,92,0,0
51983,65,72,-7,7
51984,89,95,-6,6
51985,72,76,-4,4
51986,45,53,-8,8
51987,69,74,-5,5
51988,81,83,-2,2
51989,95,96,-1,1
51990,76,81,-5,5
51991,49,57,-8,8
51992,97,100,-3,3
51993,90,89,1,1
51994,130,124,6,6
51995,74,83,-9,9
51996,46,65,-19,19
51997,74,84,-10,10
51998,108,102,6,6
51999,115,120,-5,5
52000,37,55,-18,18
52001,79,80,-1,1
52002,75,82,-7,7
52003,174,150,24,24
52004,107,104,3,3
52005,53,61,-8,8
52006,83,93,-10,10
52007,60,68,-8,8
52008,98,101,-3,3
52009,57,65,-8,8
52010,54,64,-10,10
52011,83,83,0,0
52012,182,194,-12,12
52013,107,113,-6,6
52014,89,99,-10,10
52015,105,104,1,1
52016,109,111,-2,2
52017,141,124,17,17
52018,121,120,1,1
52019,91,103,-12,12
52020,117,111,6,6
52021,58,63,-5,5
52022,80,78,2,2
52023,88,90,-2,2
52024,80,85,-5,5
52025,146,136,10,10
52026,105,102,3,3
52027,128,135,-7,7
52028,79,83,-4,4
52029,123,123,0,0
52030,85,87,-2,2
52031,77,79,-2,2
52032,70,73,-3,3
52033,100,103,-3,3
52034,71,74,-3,3
52035,123,114,9,9
52036,85,91,-6,6
52037,113,107,6,6
52038,98,95,3,3
52039,67,80,-13,13
52040,130,129,1,1
52041,176,151,25,25
52042,117,112,5,5
52043,130,120,10,10
52044,114,107,7,7
52045,108,108,0,0
52046,111,119,-8,8
52047,91,91,0,0
52048,153,134,19,19
52049,83,88,-5,5
52050,91,95,-4,4
52051,103,104,-1,1
52052,123,121,2,2
52053,57,70,-13,13
52054,115,111,4,4
52055,86,93,-7,7
52056,147,133,14,14
52057,116,130,-14,14
52058,87,89,-2,2
52059,81,88,-7,7
52060,58,61,-3,3
52061,97,90,7,7
52062,138,139,-1,1
52063,74,77,-3,3
52064,60,75,-15,15
52065,94,96,-2,2
52066,150,142,8,8
52067,143,136,7,7
52068,72,78,-6,6
52069,80,89,-9,9
52070,94,98,-4,4
52071,85,89,-4,4
52072,108,103,5,5
52073,106,96,10,10
52074,86,92,-6,6
52075,160,142,18,18
52076,84,86,-2,2
52077,78,77,1,1
52078,89,97,-8,8
52079,76,89,-13,13
52080,57,61,-4,4
52081,93,97,-4,4
52082,92,97,-5,5
52083,79,99,-20,20
52084,105,103,2,2
52085,146,137,9,9
52086,79,88,-9,9
52087,96,100,-4,4
52088,97,96,1,1
52089,74,79,-5,5
52090,79,89,-10,10
52091,90,91,-1,1
52092,133,129,4,4
52093,81,86,-5,5
52094,140,129,11,11
52095,20,30,-10,10
52096,42,98,-56,56
52097,178,148,30,30
52098,57,72,-15,15
52099,91,97,-6,6
52100,125,136,-11,11
52101,77,79,-2,2
52102,73,80,-7,7
52103,96,102,-6,6
52104,63,68,-5,5
52105,75,79,-4,4
52106,117,114,3,3
52107,135,132,3,3
52108,105,111,-6,6
52109,141,135,6,6
52110,123,107,16,16
52111,71,88,-17,17
52112,108,96,12,12
52113,104,109,-5,5
52114,108,105,3,3
52115,93,96,-3,3
52116,102,99,3,3
52117,99,92,7,7
52118,95,101,-6,6
52119,53,64,-11,11
52120,117,101,16,16
52121,79,90,-11,11
52122,55,73,-18,18
52123,163,153,10,10
52124,53,63,-10,10
52125,80,84,-4,4
52126,124,118,6,6
52127,75,76,-1,1
52128,133,128,5,5
52129,83,85,-2,2
52130,54,70,-16,16
52131,52,63,-11,11
52132,67,74,-7,7
52133,75,77,-2,2
52134,106,100,6,6
52135,140,131,9,9
52136,124,123,1,1
52137,65,76,-11,11
52138,94,101,-7,7
52139,108,107,1,1
52140,132,113,19,19
52141,123,117,6,6
52142,73,87,-14,14
52143,246,223,23,23
52144,91,85,6,6
52145,48,64,-16,16
52146,109,97,12,12
52147,120,106,14,14
52148,71,72,-1,1
52149,44,53,-9,9
52150,83,85,-2,2
52151,77,78,-1,1
52152,108,103,5,5
52153,76,78,-2,2
52154,116,103,13,13
52155,98,109,-11,11
52156,114,104,10,10
52157,142,124,18,18
52158,92,103,-11,11
52159,82,82,0,0
52160,86,88,-2,2
52161,65,74,-9,9
52162,91,93,-2,2
52163,158,153,5,5
52164,79,82,-3,3
52165,89,86,3,3
52166,54,59,-5,5
52167,144,124,20,20
52168,167,161,6,6
52169,94,104,-10,10
52170,75,79,-4,4
52171,110,118,-8,8
52172,113,105,8,8
52173,63,72,-9,9
52174,138,128,10,10
52175,101,93,8,8
52176,99,108,-9,9
52177,98,101,-3,3
52178,138,145,-7,7
52179,116,115,1,1
52180,53,71,-18,18
52181,97,99,-2,2
52182,79,74,5,5
52183,94,105,-11,11
52184,72,85,-13,13
52185,104,107,-3,3
52186,113,101,12,12
52187,105,110,-5,5
52188,84,85,-1,1
52189,66,75,-9,9
52190,75,80,-5,5
52191,106,101,5,5
52192,100,97,3,3
52193,75,87,-12,12
52194,45,53,-8,8
52195,126,127,-1,1
52196,102,99,3,3
52197,108,110,-2,2
52198,99,97,2,2
52199,146,131,15,15
52200,107,109,-2,2
52201,105,111,-6,6
52202,58,64,-6,6
52203,114,119,-5,5
52204,151,130,21,21
52205,72,81,-9,9
52206,79,79,0,0
52207,131,119,12,12
52208,91,94,-3,3
52209,52,65,-13,13
52210,81,78,3,3
52211,85,80,5,5
52212,96,94,2,2
52213,42,58,-16,16
52214,73,73,0,0
52215,100,96,4,4
52216,104,100,4,4
52217,85,95,-10,10
52218,67,79,-12,12
52219,71,77,-6,6
52220,100,94,6,6
52221,134,111,23,23
52222,104,107,-3,3
52223,90,86,4,4
52224,96,125,-29,29
52225,61,91,-30,30
52226,65,77,-12,12
52227,139,131,8,8
52228,46,56,-10,10
52229,70,77,-7,7
52230,142,130,12,12
52231,90,94,-4,4
52232,112,104,8,8
52233,113,103,10,10
52234,59,72,-13,13
52235,111,108,3,3
52236,84,85,-1,1
52237,74,76,-2,2
52238,78,77,1,1
52239,145,144,1,1
52240,100,119,-19,19
52241,103,99,4,4
52242,55,64,-9,9
52243,93,97,-4,4
52244,78,81,-3,3
52245,80,84,-4,4
52246,104,96,8,8
52247,66,75,-9,9
52248,68,69,-1,1
52249,60,65,-5,5
52250,103,116,-13,13
52251,69,75,-6,6
52252,92,95,-3,3
52253,48,66,-18,18
52254,54,70,-16,16
52255,54,62,-8,8
52256,58,68,-10,10
52257,160,143,17,17
52258,83,81,2,2
52259,90,86,4,4
52260,71,120,-49,49
52261,168,165,3,3
52262,137,134,3,3
52263,139,136,3,3
52264,74,76,-2,2
52265,75,84,-9,9
52266,65,70,-5,5
52267,93,85,8,8
52268,94,95,-1,1
52269,65,81,-16,16
52270,110,110,0,0
52271,29,50,-21,21
52272,91,90,1,1
52273,78,81,-3,3
52274,77,81,-4,4
52275,93,96,-3,3
52276,158,141,17,17
52277,206,183,23,23
52278,98,100,-2,2
52279,131,123,8,8
52280,115,107,8,8
52281,129,110,19,19
52282,97,93,4,4
52283,97,95,2,2
52284,78,96,-18,18
52285,81,86,-5,5
52286,107,104,3,3
52287,80,81,-1,1
52288,67,77,-10,10
52289,66,79,-13,13
52290,56,66,-10,10
52291,72,77,-5,5
52292,50,65,-15,15
52293,70,102,-32,32
52294,128,119,9,9
52295,138,137,1,1
52296,38,53,-15,15
52297,113,107,6,6
52298,168,155,13,13
52299,115,105,10,10
52300,88,89,-1,1
52301,80,85,-5,5
52302,124,129,-5,5
52303,190,177,13,13
52304,92,98,-6,6
52305,83,87,-4,4
52306,78,84,-6,6
52307,64,67,-3,3
52308,121,119,2,2
52309,74,81,-7,7
52310,59,69,-10,10
52311,200,161,39,39
52312,157,141,16,16
52313,86,91,-5,5
52314,126,120,6,6
52315,75,83,-8,8
52316,95,105,-10,10
52317,118,104,14,14
52318,174,156,18,18
52319,148,133,15,15
52320,70,81,-11,11
52321,99,98,1,1
52322,73,78,-5,5
52323,178,150,28,28
52324,127,121,6,6
52325,137,132,5,5
52326,35,53,-18,18
52327,58,67,-9,9
52328,104,106,-2,2
52329,85,86,-1,1
52330,91,91,0,0
52331,40,51,-11,11
52332,83,88,-5,5
52333,100,104,-4,4
52334,73,82,-9,9
52335,51,67,-16,16
52336,263,197,66,66
52337,87,94,-7,7
52338,85,85,0,0
52339,85,89,-4,4
52340,89,89,0,0
52341,176,163,13,13
52342,103,102,1,1
52343,128,130,-2,2
52344,166,157,9,9
52345,92,106,-14,14
52346,100,100,0,0
52347,98,89,9,9
52348,57,68,-11,11
52349,127,118,9,9
52350,86,91,-5,5
52351,144,139,5,5
52352,60,71,-11,11
52353,113,109,4,4
52354,113,109,4,4
52355,103,101,2,2
52356,90,91,-1,1
52357,56,57,-1,1
52358,47,61,-14,14
52359,105,106,-1,1
52360,61,70,-9,9
52361,128,133,-5,5
52362,55,82,-27,27
52363,67,72,-5,5
52364,65,73,-8,8
52365,116,107,9,9
52366,76,83,-7,7
52367,41,53,-12,12
52368,83,82,1,1
52369,82,92,-10,10
52370,50,65,-15,15
52371,81,95,-14,14
52372,57,61,-4,4
52373,83,84,-1,1
52374,87,97,-10,10
52375,56,56,0,0
52376,68,73,-5,5
52377,71,75,-4,4
52378,77,81,-4,4
52379,67,72,-5,5
52380,120,107,13,13
52381,74,82,-8,8
52382,121,120,1,1
52383,73,80,-7,7
52384,53,64,-11,11
52385,68,77,-9,9
52386,95,93,2,2
52387,103,105,-2,2
52388,46,61,-15,15
52389,73,72,1,1
52390,148,137,11,11
52391,145,124,21,21
52392,105,95,10,10
52393,71,77,-6,6
52394,43,60,-17,17
52395,106,105,1,1
52396,114,113,1,1
52397,80,77,3,3
52398,64,74,-10,10
52399,125,112,13,13
52400,84,98,-14,14
52401,86,92,-6,6
52402,101,98,3,3
52403,95,93,2,2
52404,90,96,-6,6
52405,93,93,0,0
52406,62,70,-8,8
52407,146,133,13,13
52408,87,90,-3,3
52409,85,81,4,4
52410,134,119,15,15
52411,82,80,2,2
52412,46,56,-10,10
52413,73,73,0,0
52414,23,30,-7,7
52415,167,146,21,21
52416,116,98,18,18
52417,112,116,-4,4
52418,227,203,24,24
52419,108,109,-1,1
52420,93,95,-2,2
52421,76,82,-6,6
52422,75,82,-7,7
52423,74,85,-11,11
52424,85,82,3,3
52425,68,75,-7,7
52426,93,89,4,4
52427,143,132,11,11
52428,132,122,10,10
52429,68,75,-7,7
52430,49,64,-15,15
52431,116,106,10,10
52432,87,86,1,1
52433,114,102,12,12
52434,133,122,11,11
52435,81,83,-2,2
52436,105,96,9,9
52437,88,92,-4,4
52438,158,138,20,20
52439,82,80,2,2
52440,91,94,-3,3
52441,158,149,9,9
52442,77,84,-7,7
52443,61,84,-23,23
52444,57,69,-12,12
52445,76,84,-8,8
52446,80,85,-5,5
52447,90,99,-9,9
52448,75,73,2,2
52449,105,99,6,6
52450,99,99,0,0
52451,134,131,3,3
52452,70,80,-10,10
52453,139,138,1,1
52454,67,75,-8,8
52455,186,162,24,24
52456,101,99,2,2
52457,142,132,10,10
52458,66,71,-5,5
52459,88,86,2,2
52460,79,87,-8,8
52461,80,86,-6,6
52462,103,109,-6,6
52463,133,139,-6,6
52464,21,60,-39,39
52465,98,90,8,8
52466,67,71,-4,4
52467,117,136,-19,19
52468,71,76,-5,5
52469,45,59,-14,14
52470,90,85,5,5
52471,122,109,13,13
52472,133,124,9,9
52473,70,73,-3,3
52474,99,103,-4,4
52475,161,146,15,15
52476,123,116,7,7
52477,116,107,9,9
52478,148,126,22,22
52479,55,59,-4,4
52480,107,107,0,0
52481,69,72,-3,3
52482,103,117,-14,14
52483,50,61,-11,11
52484,76,81,-5,5
52485,98,98,0,0
52486,63,73,-10,10
52487,69,75,-6,6
52488,115,113,2,2
52489,64,71,-7,7
52490,80,84,-4,4
52491,93,91,2,2
52492,93,93,0,0
52493,107,100,7,7
52494,91,93,-2,2
52495,73,88,-15,15
52496,163,142,21,21
52497,82,81,1,1
52498,133,124,9,9
52499,70,84,-14,14
52500,74,78,-4,4
52501,72,76,-4,4
52502,51,56,-5,5
52503,192,160,32,32
52504,59,74,-15,15
52505,69,72,-3,3
52506,47,59,-12,12
52507,146,151,-5,5
52508,149,130,19,19
52509,96,108,-12,12
52510,73,73,0,0
52511,143,130,13,13
52512,101,104,-3,3
52513,96,101,-5,5
52514,108,114,-6,6
52515,77,81,-4,4
52516,45,62,-17,17
52517,89,96,-7,7
52518,160,145,15,15
52519,97,101,-4,4
52520,82,87,-5,5
52521,80,80,0,0
52522,70,74,-4,4
52523,123,112,11,11
52524,109,104,5,5
52525,162,151,11,11
52526,129,123,6,6
52527,80,80,0,0
52528,49,63,-14,14
52529,129,109,20,20
52530,79,79,0,0
52531,89,98,-9,9
52532,92,97,-5,5
52533,87,85,2,2
52534,104,97,7,7
52535,106,94,12,12
52536,169,160,9,9
52537,96,107,-11,11
52538,66,74,-8,8
52539,140,132,8,8
52540,128,119,9,9
52541,82,83,-1,1
52542,128,118,10,10
52543,109,111,-2,2
52544,59,72,-13,13
52545,61,72,-11,11
52546,109,94,15,15
52547,72,83,-11,11
52548,57,74,-17,17
52549,94,100,-6,6
52550,86,90,-4,4
52551,57,66,-9,9
52552,142,131,11,11
52553,79,89,-10,10
52554,150,138,12,12
52555,122,128,-6,6
52556,106,109,-3,3
52557,41,54,-13,13
52558,218,190,28,28
52559,106,101,5,5
52560,80,79,1,1
52561,87,92,-5,5
52562,121,124,-3,3
52563,68,74,-6,6
52564,79,85,-6,6
52565,63,70,-7,7
52566,57,75,-18,18
52567,132,134,-2,2
52568,86,91,-5,5
52569,92,92,0,0
52570,187,164,23,23
52571,97,94,3,3
52572,135,126,9,9
52573,126,108,18,18
52574,79,83,-4,4
52575,69,84,-15,15
52576,142,136,6,6
52577,97,93,4,4
52578,104,109,-5,5
52579,112,114,-2,2
52580,168,163,5,5
52581,145,127,18,18
52582,137,125,12,12
52583,142,127,15,15
52584,81,81,0,0
52585,97,96,1,1
52586,90,82,8,8
52587,121,132,-11,11
52588,71,82,-11,11
52589,61,68,-7,7
52590,95,112,-17,17
52591,95,116,-21,21
52592,53,70,-17,17
52593,126,126,0,0
52594,72,85,-13,13
52595,86,80,6,6
52596,141,139,2,2
52597,96,103,-7,7
52598,98,103,-5,5
52599,123,119,4,4
52600,46,58,-12,12
52601,95,89,6,6
52602,127,118,9,9
52603,153,131,22,22
52604,115,108,7,7
52605,104,98,6,6
52606,53,66,-13,13
52607,95,91,4,4
52608,88,90,-2,2
52609,133,114,19,19
52610,88,88,0,0
52611,25,55,-30,30
52612,142,121,21,21
52613,98,102,-4,4
52614,93,92,1,1
52615,99,94,5,5
52616,152,139,13,13
52617,124,121,3,3
52618,112,114,-2,2
52619,134,120,14,14
52620,104,109,-5,5
52621,86,84,2,2
52622,117,116,1,1
52623,77,83,-6,6
52624,88,92,-4,4
52625,72,76,-4,4
52626,87,108,-21,21
52627,80,83,-3,3
52628,103,102,1,1
52629,136,133,3,3
52630,105,111,-6,6
52631,96,96,0,0
52632,90,86,4,4
52633,53,61,-8,8
52634,77,82,-5,5
52635,60,66,-6,6
52636,115,120,-5,5
52637,93,92,1,1
52638,91,86,5,5
52639,162,154,8,8
52640,115,104,11,11
52641,148,149,-1,1
52642,68,75,-7,7
52643,79,89,-10,10
52644,53,63,-10,10
52645,60,69,-9,9
52646,63,77,-14,14
52647,102,101,1,1
52648,111,104,7,7
52649,116,115,1,1
52650,50,61,-11,11
52651,113,103,10,10
52652,46,65,-19,19
52653,62,68,-6,6
52654,112,109,3,3
52655,58,64,-6,6
52656,85,95,-10,10
52657,111,103,8,8
52658,105,104,1,1
52659,113,121,-8,8
52660,174,157,17,17
52661,125,116,9,9
52662,109,106,3,3
52663,67,77,-10,10
52664,76,75,1,1
52665,193,215,-22,22
52666,128,123,5,5
52667,88,85,3,3
52668,70,80,-10,10
52669,63,70,-7,7
52670,148,129,19,19
52671,89,100,-11,11
52672,152,145,7,7
52673,62,74,-12,12
52674,141,118,23,23
52675,48,59,-11,11
52676,185,165,20,20
52677,89,88,1,1
52678,87,88,-1,1
52679,50,64,-14,14
52680,79,77,2,2
52681,124,130,-6,6
52682,109,104,5,5
52683,54,65,-11,11
52684,90,90,0,0
52685,85,88,-3,3
52686,35,99,-64,64
52687,86,87,-1,1
52688,47,60,-13,13
52689,103,95,8,8
52690,105,105,0,0
52691,47,65,-18,18
52692,44,57,-13,13
52693,137,125,12,12
52694,69,81,-12,12
52695,47,58,-11,11
52696,63,71,-8,8
52697,118,118,0,0
52698,83,92,-9,9
52699,80,95,-15,15
52700,119,99,20,20
52701,107,113,-6,6
52702,100,111,-11,11
52703,96,102,-6,6
52704,90,102,-12,12
52705,136,127,9,9
52706,142,141,1,1
52707,82,86,-4,4
52708,64,63,1,1
52709,89,94,-5,5
52710,49,66,-17,17
52711,138,122,16,16
52712,74,71,3,3
52713,55,76,-21,21
52714,147,126,21,21
52715,87,94,-7,7
52716,67,84,-17,17
52717,90,85,5,5
52718,72,93,-21,21
52719,110,105,5,5
52720,166,157,9,9
52721,128,105,23,23
52722,70,81,-11,11
52723,95,98,-3,3
52724,58,62,-4,4
52725,95,96,-1,1
52726,78,85,-7,7
52727,99,106,-7,7
52728,79,79,0,0
52729,96,88,8,8
52730,87,88,-1,1
52731,57,71,-14,14
52732,67,73,-6,6
52733,84,92,-8,8
52734,73,80,-7,7
52735,77,82,-5,5
52736,65,71,-6,6
52737,34,56,-22,22
52738,103,100,3,3
52739,117,120,-3,3
52740,73,74,-1,1
52741,121,112,9,9
52742,67,76,-9,9
52743,118,101,17,17
52744,145,140,5,5
52745,83,88,-5,5
52746,105,104,1,1
52747,81,77,4,4
52748,92,95,-3,3
52749,44,55,-11,11
52750,104,104,0,0
52751,45,57,-12,12
52752,96,94,2,2
52753,115,118,-3,3
52754,91,99,-8,8
52755,64,80,-16,16
52756,63,67,-4,4
52757,83,90,-7,7
52758,126,124,2,2
52759,57,72,-15,15
52760,209,180,29,29
52761,153,132,21,21
52762,57,69,-12,12
52763,70,74,-4,4
52764,118,122,-4,4
52765,110,111,-1,1
52766,63,66,-3,3
52767,117,111,6,6
52768,151,124,27,27
52769,135,141,-6,6
52770,75,78,-3,3
52771,121,112,9,9
52772,142,145,-3,3
52773,107,102,5,5
52774,87,91,-4,4
52775,83,92,-9,9
52776,54,58,-4,4
52777,120,116,4,4
52778,75,82,-7,7
52779,116,113,3,3
52780,80,85,-5,5
52781,132,134,-2,2
52782,61,73,-12,12
52783,70,81,-11,11
52784,57,59,-2,2
52785,137,128,9,9
52786,112,99,13,13
52787,77,83,-6,6
52788,78,83,-5,5
52789,94,98,-4,4
52790,85,93,-8,8
52791,61,68,-7,7
52792,80,84,-4,4
52793,116,105,11,11
52794,64,88,-24,24
52795,69,77,-8,8
52796,124,105,19,19
52797,78,75,3,3
52798,109,114,-5,5
52799,90,89,1,1
52800,148,139,9,9
52801,64,75,-11,11
52802,59,69,-10,10
52803,42,53,-11,11
52804,132,124,8,8
52805,132,123,9,9
52806,68,68,0,0
52807,173,168,5,5
52808,73,77,-4,4
52809,88,89,-1,1
52810,95,93,2,2
52811,56,60,-4,4
52812,83,80,3,3
52813,131,128,3,3
52814,65,77,-12,12
52815,77,81,-4,4
52816,110,114,-4,4
52817,80,114,-34,34
52818,76,75,1,1
52819,73,80,-7,7
52820,66,76,-10,10
52821,149,130,19,19
52822,55,68,-13,13
52823,60,64,-4,4
52824,151,143,8,8
52825,112,118,-6,6
52826,67,72,-5,5
52827,67,88,-21,21
52828,77,89,-12,12
52829,114,117,-3,3
52830,123,129,-6,6
52831,83,85,-2,2
52832,42,62,-20,20
52833,104,111,-7,7
52834,90,93,-3,3
52835,107,114,-7,7
52836,153,136,17,17
52837,68,73,-5,5
52838,41,58,-17,17
52839,82,84,-2,2
52840,55,65,-10,10
52841,114,103,11,11
52842,92,93,-1,1
52843,90,95,-5,5
52844,70,78,-8,8
52845,75,83,-8,8
52846,112,96,16,16
52847,76,85,-9,9
52848,107,88,19,19
52849,96,96,0,0
52850,107,105,2,2
52851,46,58,-12,12
52852,103,111,-8,8
52853,122,118,4,4
52854,117,112,5,5
52855,69,88,-19,19
52856,100,103,-3,3
52857,70,69,1,1
52858,96,104,-8,8
52859,89,90,-1,1
52860,112,115,-3,3
52861,93,109,-16,16
52862,104,100,4,4
52863,79,82,-3,3
52864,150,135,15,15
52865,145,134,11,11
52866,135,131,4,4
52867,61,68,-7,7
52868,75,83,-8,8
52869,63,68,-5,5
52870,77,84,-7,7
52871,115,120,-5,5
52872,94,93,1,1
52873,60,67,-7,7
52874,99,99,0,0
52875,162,159,3,3
52876,89,95,-6,6
52877,84,93,-9,9
52878,90,100,-10,10
52879,132,122,10,10
52880,106,101,5,5
52881,50,56,-6,6
52882,66,70,-4,4
52883,153,139,14,14
52884,55,64,-9,9
52885,92,92,0,0
52886,113,114,-1,1
52887,54,65,-11,11
52888,132,123,9,9
52889,116,103,13,13
52890,88,210,-122,122
52891,127,120,7,7
52892,80,89,-9,9
52893,125,111,14,14
52894,108,99,9,9
52895,104,104,0,0
52896,62,74,-12,12
52897,76,84,-8,8
52898,77,86,-9,9
52899,120,117,3,3
52900,71,80,-9,9
52901,54,74,-20,20
52902,115,119,-4,4
52903,138,138,0,0
52904,95,91,4,4
52905,31,48,-17,17
52906,46,54,-8,8
52907,147,129,18,18
52908,129,131,-2,2
52909,82,77,5,5
52910,81,90,-9,9
52911,62,69,-7,7
52912,140,129,11,11
52913,101,100,1,1
52914,120,105,15,15
52915,48,56,-8,8
52916,132,123,9,9
52917,164,145,19,19
52918,48,67,-19,19
52919,81,96,-15,15
52920,74,81,-7,7
52921,79,93,-14,14
52922,97,98,-1,1
52923,81,92,-11,11
52924,47,61,-14,14
52925,97,105,-8,8
52926,59,72,-13,13
52927,68,71,-3,3
52928,67,72,-5,5
52929,66,72,-6,6
52930,143,124,19,19
52931,88,92,-4,4
52932,96,98,-2,2
52933,169,137,32,32
52934,106,97,9,9
52935,106,106,0,0
52936,78,84,-6,6
52937,107,112,-5,5
52938,132,135,-3,3
52939,88,83,5,5
52940,68,83,-15,15
52941,104,101,3,3
52942,79,83,-4,4
52943,96,91,5,5
52944,159,144,15,15
52945,133,133,0,0
52946,81,87,-6,6
52947,67,78,-11,11
52948,86,94,-8,8
52949,75,79,-4,4
52950,106,107,-1,1
52951,55,70,-15,15
52952,167,143,24,24
52953,33,47,-14,14
52954,114,122,-8,8
52955,153,128,25,25
52956,76,83,-7,7
52957,74,84,-10,10
52958,152,147,5,5
52959,176,140,36,36
52960,86,85,1,1
52961,191,158,33,33
52962,116,113,3,3
52963,87,88,-1,1
52964,133,126,7,7
52965,131,132,-1,1
52966,96,95,1,1
52967,113,118,-5,5
52968,52,63,-11,11
52969,68,83,-15,15
52970,110,107,3,3
52971,58,65,-7,7
52972,104,120,-16,16
52973,93,94,-1,1
52974,118,117,1,1
52975,92,96,-4,4
52976,77,84,-7,7
52977,43,54,-11,11
52978,19,38,-19,19
52979,156,134,22,22
52980,145,138,7,7
52981,85,93,-8,8
52982,85,79,6,6
52983,121,112,9,9
52984,76,79,-3,3
52985,137,138,-1,1
52986,76,81,-5,5
52987,91,91,0,0
52988,93,92,1,1
52989,133,134,-1,1
52990,128,120,8,8
52991,106,105,1,1
52992,77,83,-6,6
52993,104,100,4,4
52994,82,85,-3,3
52995,77,83,-6,6
52996,91,102,-11,11
52997,73,99,-26,26
52998,144,130,14,14
52999,103,100,3,3
53000,97,108,-11,11
53001,238,211,27,27
53002,87,87,0,0
53003,135,123,12,12
53004,63,72,-9,9
53005,95,94,1,1
53006,42,53,-11,11
53007,69,81,-12,12
53008,98,93,5,5
53009,147,138,9,9
53010,108,113,-5,5
53011,52,62,-10,10
53012,69,73,-4,4
53013,92,79,13,13
53014,129,131,-2,2
53015,83,90,-7,7
53016,108,110,-2,2
53017,126,128,-2,2
53018,84,85,-1,1
53019,86,79,7,7
53020,82,102,-20,20
53021,88,92,-4,4
53022,101,91,10,10
53023,130,119,11,11
53024,83,88,-5,5
53025,118,124,-6,6
53026,106,104,2,2
53027,108,113,-5,5
53028,85,76,9,9
53029,133,121,12,12
53030,77,80,-3,3
53031,110,104,6,6
53032,71,85,-14,14
53033,72,83,-11,11
53034,44,55,-11,11
53035,69,72,-3,3
53036,106,100,6,6
53037,103,101,2,2
53038,82,80,2,2
53039,119,123,-4,4
53040,94,98,-4,4
53041,67,73,-6,6
53042,81,83,-2,2
53043,102,101,1,1
53044,68,71,-3,3
53045,154,132,22,22
53046,80,79,1,1
53047,120,111,9,9
53048,59,59,0,0
53049,149,145,4,4
53050,66,77,-11,11
53051,80,74,6,6
53052,61,72,-11,11
53053,40,59,-19,19
53054,80,91,-11,11
53055,54,64,-10,10
53056,90,107,-17,17
53057,107,102,5,5
53058,62,70,-8,8
53059,157,156,1,1
53060,113,107,6,6
53061,107,118,-11,11
53062,87,79,8,8
53063,90,93,-3,3
53064,155,144,11,11
53065,37,59,-22,22
53066,66,75,-9,9
53067,92,99,-7,7
53068,74,78,-4,4
53069,38,47,-9,9
53070,83,80,3,3
53071,90,101,-11,11
53072,262,264,-2,2
53073,83,87,-4,4
53074,65,70,-5,5
53075,84,83,1,1
53076,50,61,-11,11
53077,95,102,-7,7
53078,80,88,-8,8
53079,135,124,11,11
53080,75,78,-3,3
53081,79,88,-9,9
53082,179,163,16,16
53083,119,117,2,2
53084,89,82,7,7
53085,58,72,-14,14
53086,98,104,-6,6
53087,58,68,-10,10
53088,62,68,-6,6
53089,65,73,-8,8
53090,90,90,0,0
53091,134,121,13,13
53092,61,72,-11,11
53093,142,135,7,7
53094,71,81,-10,10
53095,147,123,24,24
53096,122,120,2,2
53097,151,134,17,17
53098,105,104,1,1
53099,56,66,-10,10
53100,124,124,0,0
53101,140,139,1,1
53102,107,103,4,4
53103,103,107,-4,4
53104,98,93,5,5
53105,63,65,-2,2
53106,51,66,-15,15
53107,81,83,-2,2
53108,65,77,-12,12
53109,150,139,11,11
53110,134,127,7,7
53111,46,55,-9,9
53112,120,108,12,12
53113,80,88,-8,8
53114,93,94,-1,1
53115,176,149,27,27
53116,115,121,-6,6
53117,128,124,4,4
53118,143,128,15,15
53119,55,65,-10,10
53120,85,81,4,4
53121,102,96,6,6
53122,54,64,-10,10
53123,151,123,28,28
53124,83,81,2,2
53125,47,58,-11,11
53126,80,82,-2,2
53127,126,117,9,9
53128,105,110,-5,5
53129,103,110,-7,7
53130,70,81,-11,11
53131,64,70,-6,6
53132,116,115,1,1
53133,124,129,-5,5
53134,89,90,-1,1
53135,73,82,-9,9
53136,131,133,-2,2
53137,120,109,11,11
53138,102,98,4,4
53139,88,85,3,3
53140,82,85,-3,3
53141,88,90,-2,2
53142,135,114,21,21
53143,119,112,7,7
53144,67,78,-11,11
53145,55,62,-7,7
53146,170,155,15,15
53147,125,130,-5,5
53148,132,115,17,17
53149,146,139,7,7
53150,83,85,-2,2
53151,85,85,0,0
53152,101,100,1,1
53153,84,90,-6,6
53154,135,126,9,9
53155,54,61,-7,7
53156,74,71,3,3
53157,72,80,-8,8
53158,112,95,17,17
53159,137,135,2,2
53160,82,81,1,1
53161,121,108,13,13
53162,83,87,-4,4
53163,112,119,-7,7
53164,66,67,-1,1
53165,90,88,2,2
53166,111,118,-7,7
53167,70,81,-11,11
53168,98,104,-6,6
53169,101,99,2,2
53170,108,99,9,9
53171,77,82,-5,5
53172,94,101,-7,7
53173,77,85,-8,8
53174,52,71,-19,19
53175,114,118,-4,4
53176,79,82,-3,3
53177,43,64,-21,21
53178,110,99,11,11
53179,51,54,-3,3
53180,81,84,-3,3
53181,122,112,10,10
53182,128,124,4,4
53183,92,106,-14,14
53184,111,107,4,4
53185,106,97,9,9
53186,56,68,-12,12
53187,137,122,15,15
53188,75,75,0,0
53189,71,75,-4,4
53190,67,74,-7,7
53191,89,91,-2,2
53192,96,97,-1,1
53193,106,106,0,0
53194,71,75,-4,4
53195,128,117,11,11
53196,63,74,-11,11
53197,82,81,1,1
53198,67,74,-7,7
53199,80,85,-5,5
53200,124,117,7,7
53201,117,110,7,7
53202,115,124,-9,9
53203,107,109,-2,2
53204,65,74,-9,9
53205,119,119,0,0
53206,88,99,-11,11
53207,53,66,-13,13
53208,156,139,17,17
53209,71,77,-6,6
53210,89,91,-2,2
53211,88,85,3,3
53212,113,109,4,4
53213,43,57,-14,14
53214,106,106,0,0
53215,85,89,-4,4
53216,108,124,-16,16
53217,70,67,3,3
53218,163,153,10,10
53219,102,101,1,1
53220,74,77,-3,3
53221,60,69,-9,9
53222,107,102,5,5
53223,59,73,-14,14
53224,90,78,12,12
53225,134,124,10,10
53226,159,144,15,15
53227,99,92,7,7
53228,75,82,-7,7
53229,62,66,-4,4
53230,93,94,-1,1
53231,101,101,0,0
53232,61,72,-11,11
53233,88,79,9,9
53234,99,107,-8,8
53235,45,59,-14,14
53236,65,76,-11,11
53237,120,110,10,10
53238,85,88,-3,3
53239,76,85,-9,9
53240,111,103,8,8
53241,75,84,-9,9
53242,96,102,-6,6
53243,134,119,15,15
53244,62,62,0,0
53245,69,70,-1,1
53246,95,97,-2,2
53247,93,92,1,1
53248,73,83,-10,10
53249,89,83,6,6
53250,59,62,-3,3
53251,73,72,1,1
53252,115,116,-1,1
53253,86,88,-2,2
53254,141,151,-10,10
53255,109,126,-17,17
53256,112,101,11,11
53257,74,82,-8,8
53258,57,68,-11,11
53259,61,71,-10,10
53260,104,103,1,1
53261,111,96,15,15
53262,80,85,-5,5
53263,107,100,7,7
53264,43,53,-10,10
53265,71,82,-11,11
53266,54,65,-11,11
53267,74,86,-12,12
53268,77,77,0,0
53269,86,101,-15,15
53270,65,73,-8,8
53271,103,95,8,8
53272,67,77,-10,10
53273,77,74,3,3
53274,53,69,-16,16
53275,128,105,23,23
53276,75,81,-6,6
53277,111,129,-18,18
53278,94,94,0,0
53279,93,94,-1,1
53280,131,118,13,13
53281,61,94,-33,33
53282,69,75,-6,6
53283,70,70,0,0
53284,50,62,-12,12
53285,69,71,-2,2
53286,101,95,6,6
53287,86,82,4,4
53288,98,97,1,1
53289,140,109,31,31
53290,88,92,-4,4
53291,51,62,-11,11
53292,72,79,-7,7
53293,109,111,-2,2
53294,67,82,-15,15
53295,114,107,7,7
53296,98,96,2,2
53297,98,106,-8,8
53298,107,115,-8,8
53299,133,138,-5,5
53300,161,153,8,8
53301,161,133,28,28
53302,125,120,5,5
53303,90,93,-3,3
53304,112,113,-1,1
53305,61,70,-9,9
53306,186,174,12,12
53307,102,109,-7,7
53308,273,233,40,40
53309,125,126,-1,1
53310,124,127,-3,3
53311,115,108,7,7
53312,86,89,-3,3
53313,67,74,-7,7
53314,90,96,-6,6
53315,146,134,12,12
53316,64,72,-8,8
53317,78,81,-3,3
53318,73,77,-4,4
53319,132,121,11,11
53320,78,83,-5,5
53321,108,116,-8,8
53322,72,76,-4,4
53323,112,120,-8,8
53324,110,107,3,3
53325,157,140,17,17
53326,87,86,1,1
53327,63,68,-5,5
53328,47,59,-12,12
53329,55,71,-16,16
53330,57,64,-7,7
53331,77,84,-7,7
53332,73,75,-2,2
53333,52,63,-11,11
53334,60,81,-21,21
53335,171,173,-2,2
53336,153,140,13,13
53337,128,123,5,5
53338,101,100,1,1
53339,58,66,-8,8
53340,67,72,-5,5
53341,58,70,-12,12
53342,69,74,-5,5
53343,198,162,36,36
53344,85,82,3,3
53345,96,88,8,8
53346,68,96,-28,28
53347,80,80,0,0
53348,56,71,-15,15
53349,67,74,-7,7
53350,57,66,-9,9
53351,39,49,-10,10
53352,81,90,-9,9
53353,117,115,2,2
53354,104,104,0,0
53355,105,107,-2,2
53356,83,85,-2,2
53357,135,130,5,5
53358,76,75,1,1
53359,122,111,11,11
53360,78,84,-6,6
53361,37,50,-13,13
53362,134,120,14,14
53363,71,74,-3,3
53364,119,114,5,5
53365,23,44,-21,21
53366,145,135,10,10
53367,99,99,0,0
53368,70,82,-12,12
53369,41,69,-28,28
53370,82,93,-11,11
53371,102,96,6,6
53372,64,68,-4,4
53373,60,68,-8,8
53374,157,142,15,15
53375,144,124,20,20
53376,107,105,2,2
53377,108,119,-11,11
53378,79,87,-8,8
53379,77,89,-12,12
53380,102,98,4,4
53381,62,72,-10,10
53382,87,94,-7,7
53383,156,137,19,19
53384,59,65,-6,6
53385,54,66,-12,12
53386,114,117,-3,3
53387,87,101,-14,14
53388,132,128,4,4
53389,135,126,9,9
53390,126,109,17,17
53391,105,108,-3,3
53392,95,103,-8,8
53393,101,99,2,2
53394,51,66,-15,15
53395,63,78,-15,15
53396,149,140,9,9
53397,72,71,1,1
53398,147,135,12,12
53399,67,72,-5,5
53400,106,113,-7,7
53401,98,103,-5,5
53402,100,95,5,5
53403,93,107,-14,14
53404,69,77,-8,8
53405,116,128,-12,12
53406,88,85,3,3
53407,114,134,-20,20
53408,53,64,-11,11
53409,55,64,-9,9
53410,86,95,-9,9
53411,110,102,8,8
53412,82,84,-2,2
53413,87,84,3,3
53414,60,65,-5,5
53415,59,68,-9,9
53416,72,71,1,1
53417,99,93,6,6
53418,111,98,13,13
53419,105,107,-2,2
53420,110,105,5,5
53421,56,65,-9,9
53422,126,130,-4,4
53423,75,84,-9,9
53424,56,65,-9,9
53425,119,133,-14,14
53426,98,98,0,0
53427,171,163,8,8
53428,169,141,28,28
53429,126,124,2,2
53430,194,161,33,33
53431,112,104,8,8
53432,73,77,-4,4
53433,106,106,0,0
53434,101,90,11,11
53435,119,108,11,11
53436,96,89,7,7
53437,58,67,-9,9
53438,89,96,-7,7
53439,78,76,2,2
53440,85,91,-6,6
53441,87,93,-6,6
53442,70,82,-12,12
53443,50,66,-16,16
53444,51,62,-11,11
53445,91,89,2,2
53446,79,86,-7,7
53447,98,98,0,0
53448,117,123,-6,6
53449,94,102,-8,8
53450,141,129,12,12
53451,133,132,1,1
53452,48,61,-13,13
53453,121,119,2,2
53454,90,95,-5,5
53455,50,68,-18,18
53456,69,82,-13,13
53457,90,105,-15,15
53458,83,87,-4,4
53459,89,104,-15,15
53460,84,86,-2,2
53461,72,72,0,0
53462,65,76,-11,11
53463,93,92,1,1
53464,70,75,-5,5
53465,68,75,-7,7
53466,128,133,-5,5
53467,102,88,14,14
53468,111,112,-1,1
53469,54,63,-9,9
53470,94,102,-8,8
53471,102,97,5,5
53472,104,98,6,6
53473,90,93,-3,3
53474,96,101,-5,5
53475,119,132,-13,13
53476,80,87,-7,7
53477,77,81,-4,4
53478,228,255,-27,27
53479,134,118,16,16
53480,140,149,-9,9
53481,47,59,-12,12
53482,113,107,6,6
53483,58,66,-8,8
53484,34,49,-15,15
53485,46,55,-9,9
53486,68,69,-1,1
53487,68,77,-9,9
53488,43,59,-16,16
53489,74,84,-10,10
53490,88,95,-7,7
53491,130,137,-7,7
53492,112,95,17,17
53493,91,90,1,1
53494,70,76,-6,6
53495,137,127,10,10
53496,67,68,-1,1
53497,90,85,5,5
53498,137,120,17,17
53499,83,93,-10,10
53500,105,114,-9,9
53501,78,86,-8,8
53502,93,82,11,11
53503,88,85,3,3
53504,65,70,-5,5
53505,105,97,8,8
53506,131,134,-3,3
53507,52,59,-7,7
53508,48,61,-13,13
53509,127,128,-1,1
53510,70,86,-16,16
53511,62,66,-4,4
53512,119,119,0,0
53513,75,81,-6,6
53514,90,85,5,5
53515,60,73,-13,13
53516,133,122,11,11
53517,86,85,1,1
53518,77,88,-11,11
53519,81,86,-5,5
53520,98,99,-1,1
53521,101,104,-3,3
53522,70,78,-8,8
53523,86,81,5,5
53524,111,115,-4,4
53525,99,93,6,6
53526,62,71,-9,9
53527,111,111,0,0
53528,57,67,-10,10
53529,93,94,-1,1
53530,77,85,-8,8
53531,122,118,4,4
53532,96,102,-6,6
53533,52,64,-12,12
53534,66,67,-1,1
53535,102,99,3,3
53536,79,94,-15,15
53537,83,95,-12,12
53538,90,92,-2,2
53539,117,109,8,8
53540,87,92,-5,5
53541,127,116,11,11
53542,50,65,-15,15
53543,62,72,-10,10
53544,63,80,-17,17
53545,80,79,1,1
53546,111,127,-16,16
53547,53,52,1,1
53548,105,103,2,2
53549,97,93,4,4
53550,48,57,-9,9
53551,66,76,-10,10
53552,113,113,0,0
53553,142,133,9,9
53554,42,51,-9,9
53555,55,62,-7,7
53556,111,100,11,11
53557,89,87,2,2
53558,76,93,-17,17
53559,126,118,8,8
53560,103,101,2,2
53561,53,65,-12,12
53562,90,92,-2,2
53563,66,68,-2,2
53564,60,74,-14,14
53565,49,65,-16,16
53566,230,188,42,42
53567,64,63,1,1
53568,104,104,0,0
53569,82,88,-6,6
53570,157,148,9,9
53571,53,60,-7,7
53572,93,98,-5,5
53573,76,77,-1,1
53574,61,73,-12,12
53575,100,92,8,8
53576,52,66,-14,14
53577,69,74,-5,5
53578,117,114,3,3
53579,124,118,6,6
53580,100,104,-4,4
53581,149,127,22,22
53582,99,101,-2,2
53583,120,107,13,13
53584,79,87,-8,8
53585,177,168,9,9
53586,62,69,-7,7
53587,99,95,4,4
53588,157,141,16,16
53589,117,119,-2,2
53590,98,95,3,3
53591,68,73,-5,5
53592,85,85,0,0
53593,91,99,-8,8
53594,106,98,8,8
53595,129,122,7,7
53596,134,120,14,14
53597,85,87,-2,2
53598,122,123,-1,1
53599,89,92,-3,3
53600,46,60,-14,14
53601,91,96,-5,5
53602,136,131,5,5
53603,52,60,-8,8
53604,98,104,-6,6
53605,98,93,5,5
53606,129,122,7,7
53607,49,58,-9,9
53608,75,78,-3,3
53609,70,79,-9,9
53610,102,97,5,5
53611,114,113,1,1
53612,31,51,-20,20
53613,120,117,3,3
53614,108,104,4,4
53615,84,91,-7,7
53616,61,72,-11,11
53617,150,144,6,6
53618,52,87,-35,35
53619,44,58,-14,14
53620,71,83,-12,12
53621,62,73,-11,11
53622,74,82,-8,8
53623,100,99,1,1
53624,83,92,-9,9
53625,82,88,-6,6
53626,149,131,18,18
53627,113,122,-9,9
53628,99,92,7,7
53629,94,96,-2,2
53630,77,87,-10,10
53631,116,124,-8,8
53632,154,150,4,4
53633,84,91,-7,7
53634,116,102,14,14
53635,169,154,15,15
53636,126,119,7,7
53637,31,48,-17,17
53638,84,87,-3,3
53639,81,82,-1,1
53640,109,104,5,5
53641,96,98,-2,2
53642,78,82,-4,4
53643,100,100,0,0
53644,101,98,3,3
53645,63,76,-13,13
53646,118,114,4,4
53647,119,111,8,8
53648,70,70,0,0
53649,82,79,3,3
53650,57,63,-6,6
53651,89,94,-5,5
53652,124,113,11,11
53653,67,75,-8,8
53654,87,85,2,2
53655,115,108,7,7
53656,76,77,-1,1
53657,63,72,-9,9
53658,105,100,5,5
53659,77,80,-3,3
53660,124,125,-1,1
53661,84,82,2,2
53662,52,59,-7,7
53663,55,65,-10,10
53664,120,112,8,8
53665,206,168,38,38
53666,67,78,-11,11
53667,93,96,-3,3
53668,67,74,-7,7
53669,71,72,-1,1
53670,87,83,4,4
53671,72,74,-2,2
53672,108,104,4,4
53673,116,108,8,8
53674,62,66,-4,4
53675,61,75,-14,14
53676,57,67,-10,10
53677,100,95,5,5
53678,78,78,0,0
53679,93,95,-2,2
53680,102,104,-2,2
53681,187,176,11,11
53682,88,82,6,6
53683,100,102,-2,2
53684,169,156,13,13
53685,160,159,1,1
53686,142,132,10,10
53687,146,140,6,6
53688,81,89,-8,8
53689,41,55,-14,14
53690,111,96,15,15
53691,124,115,9,9
53692,114,119,-5,5
53693,133,134,-1,1
53694,88,84,4,4
53695,90,88,2,2
53696,76,80,-4,4
53697,83,95,-12,12
53698,130,122,8,8
53699,48,67,-19,19
53700,85,99,-14,14
53701,77,80,-3,3
53702,130,127,3,3
53703,118,104,14,14
53704,106,104,2,2
53705,67,76,-9,9
53706,111,112,-1,1
53707,94,92,2,2
53708,69,75,-6,6
53709,76,94,-18,18
53710,96,93,3,3
53711,84,83,1,1
53712,144,119,25,25
53713,66,81,-15,15
53714,86,90,-4,4
53715,56,72,-16,16
53716,103,112,-9,9
53717,154,141,13,13
53718,80,80,0,0
53719,89,94,-5,5
53720,63,75,-12,12
53721,90,91,-1,1
53722,102,89,13,13
53723,132,129,3,3
53724,103,104,-1,1
53725,138,130,8,8
53726,107,101,6,6
53727,84,89,-5,5
53728,158,139,19,19
53729,143,138,5,5
53730,83,91,-8,8
53731,101,96,5,5
53732,42,61,-19,19
53733,156,142,14,14
53734,96,102,-6,6
53735,124,128,-4,4
53736,91,93,-2,2
53737,139,129,10,10
53738,80,80,0,0
53739,95,94,1,1
53740,95,92,3,3
53741,83,91,-8,8
53742,88,94,-6,6
53743,120,120,0,0
53744,79,85,-6,6
53745,114,107,7,7
53746,54,64,-10,10
53747,72,85,-13,13
53748,122,110,12,12
53749,125,123,2,2
53750,100,98,2,2
53751,90,101,-11,11
53752,92,91,1,1
53753,85,85,0,0
53754,115,112,3,3
53755,76,75,1,1
53756,94,106,-12,12
53757,128,118,10,10
53758,49,88,-39,39
53759,134,124,10,10
53760,114,114,0,0
53761,75,79,-4,4
53762,71,73,-2,2
53763,131,124,7,7
53764,110,104,6,6
53765,113,105,8,8
53766,79,91,-12,12
53767,90,90,0,0
53768,112,99,13,13
53769,92,94,-2,2
53770,141,128,13,13
53771,46,60,-14,14
53772,103,102,1,1
53773,124,123,1,1
53774,98,95,3,3
53775,106,95,11,11
53776,95,87,8,8
53777,50,62,-12,12
53778,98,93,5,5
53779,127,122,5,5
53780,147,140,7,7
53781,136,125,11,11
53782,68,72,-4,4
53783,133,127,6,6
53784,112,111,1,1
53785,73,74,-1,1
53786,104,106,-2,2
53787,118,112,6,6
53788,84,95,-11,11
53789,66,74,-8,8
53790,74,76,-2,2
53791,71,70,1,1
53792,122,117,5,5
53793,88,90,-2,2
53794,90,96,-6,6
53795,44,58,-14,14
53796,68,88,-20,20
53797,72,82,-10,10
53798,141,131,10,10
53799,84,107,-23,23
53800,120,114,6,6
53801,46,53,-7,7
53802,59,66,-7,7
53803,136,126,10,10
53804,47,57,-10,10
53805,57,68,-11,11
53806,64,84,-20,20
53807,114,98,16,16
53808,75,75,0,0
53809,72,81,-9,9
53810,58,63,-5,5
53811,70,77,-7,7
53812,146,133,13,13
53813,83,100,-17,17
53814,116,128,-12,12
53815,143,136,7,7
53816,118,109,9,9
53817,200,173,27,27
53818,116,103,13,13
53819,124,116,8,8
53820,142,140,2,2
53821,184,152,32,32
53822,137,123,14,14
53823,76,80,-4,4
53824,96,93,3,3
53825,52,62,-10,10
53826,91,85,6,6
53827,55,65,-10,10
53828,95,90,5,5
53829,59,69,-10,10
53830,145,141,4,4
53831,84,76,8,8
53832,112,113,-1,1
53833,63,79,-16,16
53834,60,71,-11,11
53835,134,127,7,7
53836,88,87,1,1
53837,72,78,-6,6
53838,107,114,-7,7
53839,74,78,-4,4
53840,94,86,8,8
53841,84,82,2,2
53842,55,74,-19,19
53843,30,37,-7,7
53844,31,52,-21,21
53845,77,86,-9,9
53846,74,79,-5,5
53847,99,89,10,10
53848,148,137,11,11
53849,70,82,-12,12
53850,86,83,3,3
53851,124,135,-11,11
53852,144,138,6,6
53853,77,77,0,0
53854,117,108,9,9
53855,78,78,0,0
53856,53,71,-18,18
53857,105,98,7,7
53858,79,72,7,7
53859,127,118,9,9
53860,94,89,5,5
53861,159,153,6,6
53862,90,91,-1,1
53863,71,79,-8,8
53864,156,140,16,16
53865,140,132,8,8
53866,57,57,0,0
53867,91,93,-2,2
53868,61,68,-7,7
53869,91,97,-6,6
53870,54,65,-11,11
53871,78,78,0,0
53872,133,116,17,17
53873,121,109,12,12
53874,151,144,7,7
53875,119,115,4,4
53876,76,106,-30,30
53877,98,94,4,4
53878,97,96,1,1
53879,41,54,-13,13
53880,149,154,-5,5
53881,119,118,1,1
53882,80,84,-4,4
53883,67,71,-4,4
53884,70,80,-10,10
53885,120,111,9,9
53886,125,121,4,4
53887,76,82,-6,6
53888,77,86,-9,9
53889,89,94,-5,5
53890,63,67,-4,4
53891,163,150,13,13
53892,51,56,-5,5
53893,68,72,-4,4
53894,131,129,2,2
53895,109,108,1,1
53896,61,65,-4,4
53897,118,126,-8,8
53898,103,103,0,0
53899,137,120,17,17
53900,93,92,1,1
53901,116,100,16,16
53902,61,72,-11,11
53903,80,86,-6,6
53904,88,92,-4,4
53905,121,127,-6,6
53906,63,72,-9,9
53907,150,138,12,12
53908,130,122,8,8
53909,112,107,5,5
53910,48,63,-15,15
53911,159,151,8,8
53912,75,77,-2,2
53913,66,76,-10,10
53914,75,80,-5,5
53915,70,74,-4,4
53916,80,81,-1,1
53917,95,98,-3,3
53918,57,57,0,0
53919,79,78,1,1
53920,69,71,-2,2
53921,60,68,-8,8
53922,115,105,10,10
53923,121,98,23,23
53924,71,70,1,1
53925,88,86,2,2
53926,97,97,0,0
53927,56,68,-12,12
53928,107,99,8,8
53929,35,50,-15,15
53930,112,112,0,0
53931,74,83,-9,9
53932,80,82,-2,2
53933,89,101,-12,12
53934,81,92,-11,11
53935,142,135,7,7
53936,109,112,-3,3
53937,118,102,16,16
53938,93,92,1,1
53939,127,123,4,4
53940,84,87,-3,3
53941,135,130,5,5
53942,128,125,3,3
53943,88,85,3,3
53944,77,88,-11,11
53945,73,84,-11,11
53946,92,88,4,4
53947,163,156,7,7
53948,117,108,9,9
53949,186,170,16,16
53950,118,121,-3,3
53951,79,74,5,5
53952,81,88,-7,7
53953,114,124,-10,10
53954,83,85,-2,2
53955,89,82,7,7
53956,139,136,3,3
53957,85,89,-4,4
53958,52,66,-14,14
53959,112,102,10,10
53960,79,85,-6,6
53961,90,87,3,3
53962,102,101,1,1
53963,86,90,-4,4
53964,83,84,-1,1
53965,149,134,15,15
53966,50,62,-12,12
53967,73,76,-3,3
53968,66,73,-7,7
53969,106,110,-4,4
53970,78,76,2,2
53971,85,90,-5,5
53972,97,106,-9,9
53973,50,57,-7,7
53974,126,134,-8,8
53975,83,94,-11,11
53976,98,95,3,3
53977,75,79,-4,4
53978,93,94,-1,1
53979,143,128,15,15
53980,142,121,21,21
53981,55,68,-13,13
53982,68,70,-2,2
53983,61,68,-7,7
53984,68,73,-5,5
53985,119,100,19,19
53986,85,87,-2,2
53987,56,61,-5,5
53988,105,112,-7,7
53989,74,79,-5,5
53990,61,67,-6,6
53991,125,124,1,1
53992,49,59,-10,10
53993,117,123,-6,6
53994,109,111,-2,2
53995,108,121,-13,13
53996,153,155,-2,2
53997,59,64,-5,5
53998,173,154,19,19
53999,90,92,-2,2
54000,102,99,3,3
54001,53,65,-12,12
54002,91,98,-7,7
54003,162,127,35,35
54004,129,124,5,5
54005,110,110,0,0
54006,80,78,2,2
54007,94,88,6,6
54008,107,104,3,3
54009,57,70,-13,13
54010,109,110,-1,1
54011,73,79,-6,6
54012,229,195,34,34
54013,170,159,11,11
54014,70,71,-1,1
54015,104,107,-3,3
54016,83,84,-1,1
54017,101,97,4,4
54018,86,92,-6,6
54019,108,110,-2,2
54020,96,97,-1,1
54021,80,87,-7,7
54022,68,76,-8,8
54023,91,88,3,3
54024,112,113,-1,1
54025,122,118,4,4
54026,132,124,8,8
54027,96,97,-1,1
54028,81,90,-9,9
54029,80,95,-15,15
54030,101,96,5,5
54031,117,113,4,4
54032,100,96,4,4
54033,83,98,-15,15
54034,93,93,0,0
54035,103,103,0,0
54036,48,66,-18,18
54037,110,104,6,6
54038,128,118,10,10
54039,37,50,-13,13
54040,110,117,-7,7
54041,94,95,-1,1
54042,127,138,-11,11
54043,70,73,-3,3
54044,112,107,5,5
54045,189,181,8,8
54046,95,103,-8,8
54047,123,124,-1,1
54048,152,145,7,7
54049,85,86,-1,1
54050,60,72,-12,12
54051,74,74,0,0
54052,89,94,-5,5
54053,97,98,-1,1
54054,159,139,20,20
54055,90,93,-3,3
54056,76,82,-6,6
54057,83,97,-14,14
54058,71,85,-14,14
54059,105,96,9,9
54060,102,102,0,0
54061,161,140,21,21
54062,123,108,15,15
54063,85,87,-2,2
54064,41,55,-14,14
54065,165,148,17,17
54066,60,96,-36,36
54067,123,122,1,1
54068,59,64,-5,5
54069,51,58,-7,7
54070,160,153,7,7
54071,134,143,-9,9
54072,87,94,-7,7
54073,91,94,-3,3
54074,52,64,-12,12
54075,111,104,7,7
54076,139,143,-4,4
54077,65,76,-11,11
54078,96,94,2,2
54079,92,91,1,1
54080,77,91,-14,14
54081,106,114,-8,8
54082,194,176,18,18
54083,127,121,6,6
54084,121,105,16,16
54085,140,143,-3,3
54086,129,125,4,4
54087,59,70,-11,11
54088,82,93,-11,11
54089,59,71,-12,12
54090,98,96,2,2
54091,214,179,35,35
54092,107,102,5,5
54093,122,122,0,0
54094,75,77,-2,2
54095,52,59,-7,7
54096,129,119,10,10
54097,59,67,-8,8
54098,64,70,-6,6
54099,144,127,17,17
54100,99,100,-1,1
54101,156,138,18,18
54102,173,160,13,13
54103,82,85,-3,3
54104,145,125,20,20
54105,105,99,6,6
54106,102,111,-9,9
54107,69,75,-6,6
54108,51,61,-10,10
54109,44,57,-13,13
54110,30,44,-14,14
54111,118,106,12,12
54112,85,82,3,3
54113,70,76,-6,6
54114,61,80,-19,19
54115,69,73,-4,4
54116,81,84,-3,3
54117,68,70,-2,2
54118,149,138,11,11
54119,47,70,-23,23
54120,53,67,-14,14
54121,143,135,8,8
54122,91,99,-8,8
54123,93,97,-4,4
54124,45,58,-13,13
54125,122,120,2,2
54126,112,105,7,7
54127,165,144,21,21
54128,57,70,-13,13
54129,101,104,-3,3
54130,54,66,-12,12
54131,55,64,-9,9
54132,74,75,-1,1
54133,95,94,1,1
54134,58,91,-33,33
54135,114,123,-9,9
54136,73,93,-20,20
54137,81,82,-1,1
54138,63,67,-4,4
54139,139,143,-4,4
54140,96,94,2,2
54141,111,106,5,5
54142,157,140,17,17
54143,167,159,8,8
54144,166,137,29,29
54145,115,119,-4,4
54146,80,80,0,0
54147,166,135,31,31
54148,89,89,0,0
54149,69,72,-3,3
54150,34,54,-20,20
54151,92,92,0,0
54152,81,92,-11,11
54153,131,130,1,1
54154,65,75,-10,10
54155,107,106,1,1
54156,61,71,-10,10
54157,77,87,-10,10
54158,92,96,-4,4
54159,175,166,9,9
54160,154,146,8,8
54161,101,105,-4,4
54162,96,94,2,2
54163,82,84,-2,2
54164,72,74,-2,2
54165,60,70,-10,10
54166,137,122,15,15
54167,44,60,-16,16
54168,77,77,0,0
54169,111,106,5,5
54170,41,62,-21,21
54171,119,107,12,12
54172,83,88,-5,5
54173,108,101,7,7
54174,128,112,16,16
54175,76,93,-17,17
54176,41,58,-17,17
54177,79,84,-5,5
54178,175,159,16,16
54179,115,104,11,11
54180,87,95,-8,8
54181,136,120,16,16
54182,76,78,-2,2
54183,107,115,-8,8
54184,86,97,-11,11
54185,118,107,11,11
54186,98,95,3,3
54187,73,78,-5,5
54188,176,156,20,20
54189,110,100,10,10
54190,73,76,-3,3
54191,73,78,-5,5
54192,109,116,-7,7
54193,96,101,-5,5
54194,128,118,10,10
54195,65,70,-5,5
54196,81,89,-8,8
54197,76,79,-3,3
54198,81,92,-11,11
54199,55,58,-3,3
54200,93,95,-2,2
54201,138,136,2,2
54202,127,119,8,8
54203,110,96,14,14
54204,97,95,2,2
54205,106,113,-7,7
54206,70,78,-8,8
54207,84,100,-16,16
54208,103,99,4,4
54209,109,100,9,9
54210,82,83,-1,1
54211,82,87,-5,5
54212,75,77,-2,2
54213,96,95,1,1
54214,74,80,-6,6
54215,50,61,-11,11
54216,80,79,1,1
54217,129,134,-5,5
54218,127,126,1,1
54219,101,111,-10,10
54220,94,95,-1,1
54221,80,86,-6,6
54222,51,61,-10,10
54223,98,97,1,1
54224,93,97,-4,4
54225,138,136,2,2
54226,127,117,10,10
54227,115,109,6,6
54228,57,67,-10,10
54229,62,70,-8,8
54230,125,124,1,1
54231,74,85,-11,11
54232,104,97,7,7
54233,112,112,0,0
54234,101,97,4,4
54235,81,76,5,5
54236,58,69,-11,11
54237,98,90,8,8
54238,60,66,-6,6
54239,60,71,-11,11
54240,119,108,11,11
54241,92,91,1,1
54242,79,88,-9,9
54243,72,76,-4,4
54244,59,71,-12,12
54245,53,63,-10,10
54246,133,123,10,10
54247,81,95,-14,14
54248,167,149,18,18
54249,110,104,6,6
54250,62,71,-9,9
54251,77,80,-3,3
54252,81,91,-10,10
54253,108,94,14,14
54254,107,100,7,7
54255,56,65,-9,9
54256,74,76,-2,2
54257,55,76,-21,21
54258,41,53,-12,12
54259,95,93,2,2
54260,80,87,-7,7
54261,107,105,2,2
54262,89,93,-4,4
54263,69,74,-5,5
54264,89,88,1,1
54265,125,115,10,10
54266,139,134,5,5
54267,63,73,-10,10
54268,79,90,-11,11
54269,111,118,-7,7
54270,80,85,-5,5
54271,89,98,-9,9
54272,65,68,-3,3
54273,139,127,12,12
54274,105,101,4,4
54275,59,65,-6,6
54276,108,98,10,10
54277,71,78,-7,7
54278,57,73,-16,16
54279,65,71,-6,6
54280,66,70,-4,4
54281,171,164,7,7
54282,69,92,-23,23
54283,137,120,17,17
54284,62,73,-11,11
54285,92,93,-1,1
54286,87,81,6,6
54287,131,122,9,9
54288,160,160,0,0
54289,78,88,-10,10
54290,82,94,-12,12
54291,152,160,-8,8
54292,34,45,-11,11
54293,80,93,-13,13
54294,201,185,16,16
54295,89,91,-2,2
54296,88,94,-6,6
54297,137,128,9,9
54298,58,67,-9,9
54299,87,101,-14,14
54300,106,106,0,0
54301,67,74,-7,7
54302,57,62,-5,5
54303,83,82,1,1
54304,105,96,9,9
54305,187,161,26,26
54306,92,92,0,0
54307,43,50,-7,7
54308,130,129,1,1
54309,103,98,5,5
54310,79,85,-6,6
54311,176,160,16,16
54312,120,108,12,12
54313,75,79,-4,4
54314,75,75,0,0
54315,77,77,0,0
54316,87,87,0,0
54317,49,65,-16,16
54318,164,137,27,27
54319,142,127,15,15
54320,136,127,9,9
54321,51,64,-13,13
54322,79,84,-5,5
54323,173,159,14,14
54324,118,117,1,1
54325,75,80,-5,5
54326,87,95,-8,8
54327,66,70,-4,4
54328,67,74,-7,7
54329,124,118,6,6
54330,62,71,-9,9
54331,88,98,-10,10
54332,87,89,-2,2
54333,125,126,-1,1
54334,107,90,17,17
54335,65,69,-4,4
54336,50,62,-12,12
54337,80,77,3,3
54338,166,154,12,12
54339,142,131,11,11
54340,171,157,14,14
54341,57,64,-7,7
54342,87,92,-5,5
54343,106,96,10,10
54344,95,102,-7,7
54345,108,98,10,10
54346,105,97,8,8
54347,112,107,5,5
54348,101,91,10,10
54349,89,91,-2,2
54350,49,63,-14,14
54351,84,84,0,0
54352,101,104,-3,3
54353,66,71,-5,5
54354,83,84,-1,1
54355,58,65,-7,7
54356,85,92,-7,7
54357,91,113,-22,22
54358,53,73,-20,20
54359,94,96,-2,2
54360,97,89,8,8
54361,76,80,-4,4
54362,45,64,-19,19
54363,49,60,-11,11
54364,150,143,7,7
54365,104,100,4,4
54366,111,115,-4,4
54367,68,69,-1,1
54368,93,99,-6,6
54369,100,103,-3,3
54370,107,106,1,1
54371,121,119,2,2
54372,60,73,-13,13
54373,134,130,4,4
54374,127,120,7,7
54375,76,84,-8,8
54376,122,108,14,14
54377,71,73,-2,2
54378,73,84,-11,11
54379,74,76,-2,2
54380,133,127,6,6
54381,78,77,1,1
54382,60,81,-21,21
54383,112,123,-11,11
54384,87,94,-7,7
54385,105,98,7,7
54386,62,73,-11,11
54387,76,77,-1,1
54388,124,115,9,9
54389,108,113,-5,5
54390,63,70,-7,7
54391,192,171,21,21
54392,63,80,-17,17
54393,94,98,-4,4
54394,76,96,-20,20
54395,153,144,9,9
54396,145,135,10,10
54397,118,123,-5,5
54398,144,144,0,0
54399,80,89,-9,9
54400,81,82,-1,1
54401,167,144,23,23
54402,112,93,19,19
54403,87,96,-9,9
54404,114,89,25,25
54405,96,100,-4,4
54406,72,77,-5,5
54407,148,146,2,2
54408,105,106,-1,1
54409,138,141,-3,3
54410,80,85,-5,5
54411,79,89,-10,10
54412,92,91,1,1
54413,104,106,-2,2
54414,60,78,-18,18
54415,179,161,18,18
54416,86,87,-1,1
54417,32,56,-24,24
54418,134,111,23,23
54419,71,76,-5,5
54420,93,96,-3,3
54421,112,106,6,6
54422,117,115,2,2
54423,112,109,3,3
54424,83,89,-6,6
54425,111,112,-1,1
54426,143,136,7,7
54427,84,79,5,5
54428,58,71,-13,13
54429,78,82,-4,4
54430,116,105,11,11
54431,120,108,12,12
54432,102,95,7,7
54433,155,91,64,64
54434,106,106,0,0
54435,79,78,1,1
54436,111,116,-5,5
54437,72,77,-5,5
54438,59,67,-8,8
54439,139,141,-2,2
54440,119,110,9,9
54441,100,97,3,3
54442,59,76,-17,17
54443,67,79,-12,12
54444,149,147,2,2
54445,74,77,-3,3
54446,96,99,-3,3
54447,196,186,10,10
54448,144,139,5,5
54449,101,97,4,4
54450,80,96,-16,16
54451,76,90,-14,14
54452,96,98,-2,2
54453,112,102,10,10
54454,73,95,-22,22
54455,126,123,3,3
54456,92,92,0,0
54457,125,128,-3,3
54458,64,74,-10,10
54459,146,136,10,10
54460,77,96,-19,19
54461,148,141,7,7
54462,126,121,5,5
54463,95,100,-5,5
54464,58,63,-5,5
54465,146,131,15,15
54466,148,132,16,16
54467,104,107,-3,3
54468,129,117,12,12
54469,60,62,-2,2
54470,83,86,-3,3
54471,67,64,3,3
54472,132,120,12,12
54473,82,91,-9,9
54474,34,62,-28,28
54475,76,86,-10,10
54476,116,120,-4,4
54477,119,121,-2,2
54478,96,100,-4,4
54479,138,128,10,10
54480,80,82,-2,2
54481,109,110,-1,1
54482,103,100,3,3
54483,57,70,-13,13
54484,41,50,-9,9
54485,121,119,2,2
54486,87,87,0,0
54487,125,120,5,5
54488,82,93,-11,11
54489,36,50,-14,14
54490,63,67,-4,4
54491,112,108,4,4
54492,90,86,4,4
54493,110,117,-7,7
54494,184,161,23,23
54495,97,102,-5,5
54496,64,75,-11,11
54497,115,103,12,12
54498,85,85,0,0
54499,60,69,-9,9
54500,68,81,-13,13
54501,118,117,1,1
54502,56,74,-18,18
54503,49,71,-22,22
54504,92,98,-6,6
54505,62,68,-6,6
54506,131,119,12,12
54507,125,121,4,4
54508,146,143,3,3
54509,78,83,-5,5
54510,69,73,-4,4
54511,76,76,0,0
54512,66,72,-6,6
54513,71,79,-8,8
54514,97,102,-5,5
54515,264,243,21,21
54516,38,55,-17,17
54517,134,135,-1,1
54518,70,74,-4,4
54519,67,74,-7,7
54520,128,121,7,7
54521,138,106,32,32
54522,101,114,-13,13
54523,76,80,-4,4
54524,42,59,-17,17
54525,138,121,17,17
54526,126,119,7,7
54527,80,80,0,0
54528,61,66,-5,5
54529,105,96,9,9
54530,113,111,2,2
54531,96,98,-2,2
54532,97,99,-2,2
54533,74,89,-15,15
54534,129,127,2,2
54535,83,82,1,1
54536,87,86,1,1
54537,72,74,-2,2
54538,120,112,8,8
54539,95,117,-22,22
54540,62,70,-8,8
54541,54,65,-11,11
54542,80,89,-9,9
54543,109,99,10,10
54544,90,85,5,5
54545,30,30,0,0
54546,103,101,2,2
54547,91,101,-10,10
54548,92,86,6,6
54549,79,91,-12,12
54550,120,118,2,2
54551,131,121,10,10
54552,91,95,-4,4
54553,64,70,-6,6
54554,106,104,2,2
54555,81,86,-5,5
54556,86,85,1,1
54557,190,180,10,10
54558,80,82,-2,2
54559,108,115,-7,7
54560,136,140,-4,4
54561,84,87,-3,3
54562,122,119,3,3
54563,80,79,1,1
54564,80,79,1,1
54565,143,134,9,9
54566,31,45,-14,14
54567,96,95,1,1
54568,74,72,2,2
54569,130,122,8,8
54570,99,97,2,2
54571,90,98,-8,8
54572,89,85,4,4
54573,122,106,16,16
54574,116,116,0,0
54575,111,114,-3,3
54576,129,120,9,9
54577,97,100,-3,3
54578,122,104,18,18
54579,94,117,-23,23
54580,78,85,-7,7
54581,101,99,2,2
54582,77,88,-11,11
54583,99,105,-6,6
54584,91,107,-16,16
54585,74,80,-6,6
54586,120,115,5,5
54587,109,100,9,9
54588,54,67,-13,13
54589,105,96,9,9
54590,140,141,-1,1
54591,175,159,16,16
54592,103,96,7,7
54593,80,87,-7,7
54594,71,80,-9,9
54595,101,97,4,4
54596,91,94,-3,3
54597,75,88,-13,13
54598,51,64,-13,13
54599,59,68,-9,9
54600,108,102,6,6
54601,198,169,29,29
54602,48,56,-8,8
54603,117,116,1,1
54604,44,54,-10,10
54605,105,105,0,0
54606,78,84,-6,6
54607,92,101,-9,9
54608,89,89,0,0
54609,68,73,-5,5
54610,50,65,-15,15
54611,83,81,2,2
54612,71,75,-4,4
54613,96,118,-22,22
54614,146,130,16,16
54615,134,108,26,26
54616,73,103,-30,30
54617,84,109,-25,25
54618,86,93,-7,7
54619,152,137,15,15
54620,59,68,-9,9
54621,183,163,20,20
54622,50,63,-13,13
54623,83,85,-2,2
54624,103,97,6,6
54625,63,70,-7,7
54626,58,68,-10,10
54627,79,80,-1,1
54628,65,93,-28,28
54629,50,65,-15,15
54630,89,86,3,3
54631,132,119,13,13
54632,91,99,-8,8
54633,79,84,-5,5
54634,89,85,4,4
54635,117,122,-5,5
54636,89,87,2,2
54637,109,114,-5,5
54638,124,118,6,6
54639,97,95,2,2
54640,131,127,4,4
54641,86,88,-2,2
54642,77,82,-5,5
54643,96,100,-4,4
54644,94,95,-1,1
54645,74,78,-4,4
54646,129,123,6,6
54647,104,101,3,3
54648,113,120,-7,7
54649,99,102,-3,3
54650,63,61,2,2
54651,95,97,-2,2
54652,68,81,-13,13
54653,194,159,35,35
54654,99,107,-8,8
54655,123,131,-8,8
54656,119,113,6,6
54657,108,97,11,11
54658,66,86,-20,20
54659,60,71,-11,11
54660,58,71,-13,13
54661,183,166,17,17
54662,190,180,10,10
54663,165,142,23,23
54664,80,91,-11,11
54665,166,153,13,13
54666,123,123,0,0
54667,131,129,2,2
54668,62,73,-11,11
54669,83,76,7,7
54670,125,113,12,12
54671,103,108,-5,5
54672,101,107,-6,6
54673,95,93,2,2
54674,59,69,-10,10
54675,107,99,8,8
54676,79,76,3,3
54677,87,85,2,2
54678,84,90,-6,6
54679,67,73,-6,6
54680,75,75,0,0
54681,85,84,1,1
54682,89,84,5,5
54683,105,117,-12,12
54684,71,77,-6,6
54685,150,131,19,19
54686,59,68,-9,9
54687,86,86,0,0
54688,85,87,-2,2
54689,110,113,-3,3
54690,76,76,0,0
54691,100,100,0,0
54692,109,99,10,10
54693,110,108,2,2
54694,97,108,-11,11
54695,109,110,-1,1
54696,188,168,20,20
54697,52,65,-13,13
54698,56,68,-12,12
54699,87,91,-4,4
54700,72,78,-6,6
54701,171,158,13,13
54702,109,105,4,4
54703,86,92,-6,6
54704,140,130,10,10
54705,113,106,7,7
54706,89,91,-2,2
54707,102,99,3,3
54708,82,84,-2,2
54709,87,86,1,1
54710,85,91,-6,6
54711,150,137,13,13
54712,151,130,21,21
54713,65,79,-14,14
54714,150,139,11,11
54715,102,101,1,1
54716,88,90,-2,2
54717,108,111,-3,3
54718,38,57,-19,19
54719,123,120,3,3
54720,92,82,10,10
54721,120,111,9,9
54722,108,101,7,7
54723,72,72,0,0
54724,62,65,-3,3
54725,105,106,-1,1
54726,71,87,-16,16
54727,99,91,8,8
54728,88,92,-4,4
54729,79,93,-14,14
54730,86,88,-2,2
54731,116,101,15,15
54732,74,84,-10,10
54733,93,98,-5,5
54734,198,180,18,18
54735,96,95,1,1
54736,78,81,-3,3
54737,57,63,-6,6
54738,45,61,-16,16
54739,140,132,8,8
54740,76,78,-2,2
54741,88,94,-6,6
54742,127,125,2,2
54743,50,67,-17,17
54744,101,108,-7,7
54745,71,83,-12,12
54746,141,126,15,15
54747,110,118,-8,8
54748,144,124,20,20
54749,114,120,-6,6
54750,66,70,-4,4
54751,90,97,-7,7
54752,83,83,0,0
54753,143,124,19,19
54754,81,80,1,1
54755,41,49,-8,8
54756,165,153,12,12
54757,92,98,-6,6
54758,43,76,-33,33
54759,84,79,5,5
54760,58,76,-18,18
54761,74,75,-1,1
54762,102,88,14,14
54763,62,78,-16,16
54764,115,106,9,9
54765,93,101,-8,8
54766,155,135,20,20
54767,173,167,6,6
54768,145,134,11,11
54769,75,80,-5,5
54770,116,105,11,11
54771,114,119,-5,5
54772,115,118,-3,3
54773,123,118,5,5
54774,86,101,-15,15
54775,95,93,2,2
54776,59,68,-9,9
54777,123,121,2,2
54778,111,116,-5,5
54779,109,124,-15,15
54780,92,93,-1,1
54781,118,127,-9,9
54782,42,55,-13,13
54783,65,74,-9,9
54784,74,79,-5,5
54785,144,141,3,3
54786,139,128,11,11
54787,71,79,-8,8
54788,66,70,-4,4
54789,81,85,-4,4
54790,103,107,-4,4
54791,65,70,-5,5
54792,137,143,-6,6
54793,86,92,-6,6
54794,64,60,4,4
54795,96,97,-1,1
54796,76,91,-15,15
54797,56,65,-9,9
54798,59,69,-10,10
54799,70,77,-7,7
54800,79,81,-2,2
54801,92,90,2,2
54802,64,78,-14,14
54803,141,138,3,3
54804,111,108,3,3
54805,123,108,15,15
54806,55,68,-13,13
54807,58,67,-9,9
54808,105,92,13,13
54809,124,111,13,13
54810,76,79,-3,3
54811,72,92,-20,20
54812,68,81,-13,13
54813,39,56,-17,17
54814,83,80,3,3
54815,90,87,3,3
54816,84,80,4,4
54817,131,115,16,16
54818,100,94,6,6
54819,68,74,-6,6
54820,199,170,29,29
54821,111,106,5,5
54822,63,68,-5,5
54823,112,110,2,2
54824,58,70,-12,12
54825,167,157,10,10
54826,167,149,18,18
54827,204,176,28,28
54828,88,93,-5,5
54829,112,118,-6,6
54830,109,107,2,2
54831,74,71,3,3
54832,118,118,0,0
54833,114,112,2,2
54834,52,63,-11,11
54835,79,82,-3,3
54836,63,69,-6,6
54837,34,51,-17,17
54838,75,80,-5,5
54839,66,74,-8,8
54840,165,165,0,0
54841,140,107,33,33
54842,68,76,-8,8
54843,119,111,8,8
54844,109,107,2,2
54845,79,82,-3,3
54846,96,87,9,9
54847,96,93,3,3
54848,58,65,-7,7
54849,99,98,1,1
54850,68,79,-11,11
54851,61,68,-7,7
54852,89,95,-6,6
54853,135,122,13,13
54854,60,71,-11,11
54855,92,94,-2,2
54856,84,84,0,0
54857,84,89,-5,5
54858,94,97,-3,3
54859,101,110,-9,9
54860,119,113,6,6
54861,139,144,-5,5
54862,84,87,-3,3
54863,204,160,44,44
54864,97,96,1,1
54865,79,90,-11,11
54866,101,104,-3,3
54867,86,87,-1,1
54868,84,84,0,0
54869,67,74,-7,7
54870,98,98,0,0
54871,79,81,-2,2
54872,90,83,7,7
54873,62,70,-8,8
54874,65,74,-9,9
54875,62,75,-13,13
54876,41,52,-11,11
54877,140,122,18,18
54878,167,149,18,18
54879,129,124,5,5
54880,170,177,-7,7
54881,76,81,-5,5
54882,88,91,-3,3
54883,57,65,-8,8
54884,55,66,-11,11
54885,81,81,0,0
54886,142,132,10,10
54887,118,109,9,9
54888,66,70,-4,4
54889,61,74,-13,13
54890,97,101,-4,4
54891,88,90,-2,2
54892,101,101,0,0
54893,64,76,-12,12
54894,116,109,7,7
54895,90,85,5,5
54896,87,100,-13,13
54897,98,91,7,7
54898,111,113,-2,2
54899,67,69,-2,2
54900,51,65,-14,14
54901,123,123,0,0
54902,59,71,-12,12
54903,67,71,-4,4
54904,48,59,-11,11
54905,52,71,-19,19
54906,180,176,4,4
54907,61,70,-9,9
54908,162,147,15,15
54909,76,85,-9,9
54910,57,65,-8,8
54911,90,91,-1,1
54912,55,70,-15,15
54913,103,110,-7,7
54914,72,83,-11,11
54915,70,68,2,2
54916,154,136,18,18
54917,113,114,-1,1
54918,108,104,4,4
54919,50,72,-22,22
54920,45,68,-23,23
54921,71,70,1,1
54922,132,123,9,9
54923,164,151,13,13
54924,100,101,-1,1
54925,46,54,-8,8
54926,85,83,2,2
54927,88,86,2,2
54928,107,112,-5,5
54929,84,83,1,1
54930,48,58,-10,10
54931,98,101,-3,3
54932,154,142,12,12
54933,115,115,0,0
54934,69,77,-8,8
54935,47,62,-15,15
54936,79,77,2,2
54937,74,75,-1,1
54938,77,87,-10,10
54939,52,64,-12,12
54940,146,134,12,12
54941,74,85,-11,11
54942,122,118,4,4
54943,83,105,-22,22
54944,134,109,25,25
54945,113,124,-11,11
54946,113,107,6,6
54947,100,116,-16,16
54948,77,80,-3,3
54949,91,89,2,2
54950,112,140,-28,28
54951,109,101,8,8
54952,97,95,2,2
54953,156,145,11,11
54954,128,119,9,9
54955,88,95,-7,7
54956,68,74,-6,6
54957,69,77,-8,8
54958,137,131,6,6
54959,68,82,-14,14
54960,65,72,-7,7
54961,93,92,1,1
54962,58,66,-8,8
54963,55,69,-14,14
54964,121,118,3,3
54965,133,134,-1,1
54966,50,61,-11,11
54967,228,198,30,30
54968,101,96,5,5
54969,51,61,-10,10
54970,89,90,-1,1
54971,63,79,-16,16
54972,70,88,-18,18
54973,41,52,-11,11
54974,114,108,6,6
54975,65,78,-13,13
54976,83,88,-5,5
54977,61,68,-7,7
54978,68,78,-10,10
54979,107,107,0,0
54980,70,141,-71,71
54981,122,105,17,17
54982,44,58,-14,14
54983,138,134,4,4
54984,178,165,13,13
54985,94,91,3,3
54986,107,97,10,10
54987,63,71,-8,8
54988,84,96,-12,12
54989,124,116,8,8
54990,68,85,-17,17
54991,78,85,-7,7
54992,177,160,17,17
54993,49,66,-17,17
54994,60,64,-4,4
54995,63,79,-16,16
54996,39,72,-33,33
54997,88,93,-5,5
54998,150,143,7,7
54999,105,102,3,3
55000,88,85,3,3
55001,58,55,3,3
55002,47,59,-12,12
55003,135,119,16,16
55004,101,95,6,6
55005,61,68,-7,7
55006,114,103,11,11
55007,75,80,-5,5
55008,88,85,3,3
55009,69,72,-3,3
55010,95,90,5,5
55011,120,129,-9,9
55012,148,153,-5,5
55013,80,83,-3,3
55014,54,64,-10,10
55015,85,89,-4,4
55016,123,97,26,26
55017,101,102,-1,1
55018,108,113,-5,5
55019,62,72,-10,10
55020,68,85,-17,17
55021,55,66,-11,11
55022,103,104,-1,1
55023,115,107,8,8
55024,94,92,2,2
55025,77,82,-5,5
55026,146,128,18,18
55027,62,72,-10,10
55028,57,67,-10,10
55029,204,178,26,26
55030,52,70,-18,18
55031,111,124,-13,13
55032,67,72,-5,5
55033,116,111,5,5
55034,168,159,9,9
55035,47,61,-14,14
55036,75,75,0,0
55037,92,96,-4,4
55038,139,139,0,0
55039,130,133,-3,3
55040,118,108,10,10
55041,72,80,-8,8
55042,90,97,-7,7
55043,104,84,20,20
55044,99,104,-5,5
55045,98,99,-1,1
55046,84,90,-6,6
55047,106,94,12,12
55048,69,73,-4,4
55049,72,82,-10,10
55050,86,88,-2,2
55051,122,109,13,13
55052,103,92,11,11
55053,113,118,-5,5
55054,70,69,1,1
55055,73,95,-22,22
55056,79,81,-2,2
55057,102,96,6,6
55058,79,82,-3,3
55059,67,73,-6,6
55060,61,67,-6,6
55061,78,87,-9,9
55062,83,84,-1,1
55063,91,90,1,1
55064,49,66,-17,17
55065,64,71,-7,7
55066,76,81,-5,5
55067,155,146,9,9
55068,90,94,-4,4
55069,78,107,-29,29
55070,67,78,-11,11
55071,112,109,3,3
55072,90,92,-2,2
55073,98,100,-2,2
55074,93,95,-2,2
55075,103,104,-1,1
55076,64,74,-10,10
55077,94,98,-4,4
55078,58,69,-11,11
55079,76,85,-9,9
55080,153,138,15,15
55081,96,90,6,6
55082,151,145,6,6
55083,60,73,-13,13
55084,87,82,5,5
55085,30,53,-23,23
55086,83,82,1,1
55087,107,112,-5,5
55088,114,105,9,9
55089,74,78,-4,4
55090,99,112,-13,13
55091,120,116,4,4
55092,89,91,-2,2
55093,215,193,22,22
55094,53,61,-8,8
55095,74,80,-6,6
55096,112,104,8,8
55097,76,82,-6,6
55098,69,73,-4,4
55099,146,132,14,14
55100,92,91,1,1
55101,72,77,-5,5
55102,184,178,6,6
55103,50,60,-10,10
55104,82,81,1,1
55105,90,89,1,1
55106,152,133,19,19
55107,41,56,-15,15
55108,149,139,10,10
55109,83,84,-1,1
55110,45,65,-20,20
55111,225,196,29,29
55112,169,155,14,14
55113,44,60,-16,16
55114,118,121,-3,3
55115,108,102,6,6
55116,125,120,5,5
55117,124,120,4,4
55118,65,86,-21,21
55119,164,142,22,22
55120,138,133,5,5
55121,87,92,-5,5
55122,51,64,-13,13
55123,98,105,-7,7
55124,64,74,-10,10
55125,63,73,-10,10
55126,101,101,0,0
55127,90,88,2,2
55128,104,96,8,8
55129,140,131,9,9
55130,121,111,10,10
55131,107,106,1,1
55132,85,92,-7,7
55133,116,117,-1,1
55134,55,71,-16,16
55135,74,85,-11,11
55136,178,135,43,43
55137,134,118,16,16
55138,62,71,-9,9
55139,113,109,4,4
55140,75,76,-1,1
55141,84,84,0,0
55142,88,86,2,2
55143,68,86,-18,18
55144,46,60,-14,14
55145,150,160,-10,10
55146,99,91,8,8
55147,108,102,6,6
55148,118,88,30,30
55149,48,64,-16,16
55150,104,93,11,11
55151,73,70,3,3
55152,109,104,5,5
55153,62,71,-9,9
55154,91,85,6,6
55155,119,119,0,0
55156,157,145,12,12
55157,117,109,8,8
55158,60,69,-9,9
55159,90,92,-2,2
55160,102,101,1,1
55161,100,96,4,4
55162,99,98,1,1
55163,108,98,10,10
55164,90,89,1,1
55165,120,116,4,4
55166,97,98,-1,1
55167,78,84,-6,6
55168,105,104,1,1
55169,160,148,12,12
55170,143,129,14,14
55171,112,116,-4,4
55172,152,138,14,14
55173,153,138,15,15
55174,65,69,-4,4
55175,66,75,-9,9
55176,63,70,-7,7
55177,55,85,-30,30
55178,75,80,-5,5
55179,91,87,4,4
55180,81,82,-1,1
55181,138,122,16,16
55182,120,109,11,11
55183,86,87,-1,1
55184,75,78,-3,3
55185,15,30,-15,15
55186,71,79,-8,8
55187,158,141,17,17
55188,102,90,12,12
55189,58,67,-9,9
55190,54,56,-2,2
55191,77,87,-10,10
55192,82,81,1,1
55193,69,75,-6,6
55194,92,100,-8,8
55195,132,131,1,1
55196,109,108,1,1
55197,192,172,20,20
55198,62,68,-6,6
55199,41,54,-13,13
55200,120,118,2,2
55201,82,89,-7,7
55202,116,108,8,8
55203,44,62,-18,18
55204,87,87,0,0
55205,63,76,-13,13
55206,75,83,-8,8
55207,106,98,8,8
55208,198,177,21,21
55209,87,84,3,3
55210,45,56,-11,11
55211,95,94,1,1
55212,128,121,7,7
55213,72,77,-5,5
55214,80,89,-9,9
55215,144,144,0,0
55216,83,85,-2,2
55217,138,132,6,6
55218,107,98,9,9
55219,42,58,-16,16
55220,105,105,0,0
55221,129,121,8,8
55222,78,83,-5,5
55223,157,135,22,22
55224,135,126,9,9
55225,38,48,-10,10
55226,174,155,19,19
55227,83,86,-3,3
55228,79,78,1,1
55229,172,167,5,5
55230,76,70,6,6
55231,106,89,17,17
55232,102,106,-4,4
55233,60,73,-13,13
55234,160,139,21,21
55235,58,67,-9,9
55236,66,74,-8,8
55237,93,94,-1,1
55238,97,94,3,3
55239,99,106,-7,7
55240,232,214,18,18
55241,111,100,11,11
55242,57,71,-14,14
55243,92,102,-10,10
55244,70,71,-1,1
55245,58,77,-19,19
55246,58,65,-7,7
55247,80,89,-9,9
55248,119,103,16,16
55249,111,104,7,7
55250,73,80,-7,7
55251,72,74,-2,2
55252,98,93,5,5
55253,114,119,-5,5
55254,115,108,7,7
55255,180,55,125,125
55256,137,144,-7,7
55257,106,94,12,12
55258,116,114,2,2
55259,161,147,14,14
55260,53,65,-12,12
55261,160,144,16,16
55262,105,107,-2,2
55263,85,88,-3,3
55264,137,132,5,5
55265,78,83,-5,5
55266,152,151,1,1
55267,107,103,4,4
55268,61,71,-10,10
55269,113,101,12,12
55270,145,138,7,7
55271,125,115,10,10
55272,63,70,-7,7
55273,83,88,-5,5
55274,139,121,18,18
55275,79,79,0,0
55276,136,129,7,7
55277,77,83,-6,6
55278,101,92,9,9
55279,54,66,-12,12
55280,103,104,-1,1
55281,84,82,2,2
55282,62,71,-9,9
55283,149,148,1,1
55284,52,63,-11,11
55285,143,137,6,6
55286,185,167,18,18
55287,121,109,12,12
55288,93,104,-11,11
55289,89,88,1,1
55290,71,74,-3,3
55291,96,91,5,5
55292,92,86,6,6
55293,132,122,10,10
55294,110,113,-3,3
55295,81,86,-5,5
55296,138,126,12,12
55297,121,121,0,0
55298,136,121,15,15
55299,108,115,-7,7
55300,102,100,2,2
55301,107,113,-6,6
55302,123,119,4,4
55303,78,79,-1,1
55304,123,125,-2,2
55305,191,164,27,27
55306,83,82,1,1
55307,66,74,-8,8
55308,147,135,12,12
55309,75,78,-3,3
55310,142,141,1,1
55311,54,66,-12,12
55312,79,88,-9,9
55313,65,64,1,1
55314,69,73,-4,4
55315,92,93,-1,1
55316,116,100,16,16
55317,138,114,24,24
55318,60,70,-10,10
55319,113,109,4,4
55320,107,105,2,2
55321,71,84,-13,13
55322,87,83,4,4
55323,66,75,-9,9
55324,115,117,-2,2
55325,88,94,-6,6
55326,59,72,-13,13
55327,109,102,7,7
55328,101,102,-1,1
55329,99,93,6,6
55330,84,88,-4,4
55331,79,77,2,2
55332,144,122,22,22
55333,74,83,-9,9
55334,67,75,-8,8
55335,79,87,-8,8
55336,69,72,-3,3
55337,64,76,-12,12
55338,74,74,0,0
55339,122,139,-17,17
55340,88,95,-7,7
55341,85,100,-15,15
55342,135,139,-4,4
55343,150,130,20,20
55344,120,116,4,4
55345,85,87,-2,2
55346,87,95,-8,8
55347,69,79,-10,10
55348,136,121,15,15
55349,139,119,20,20
55350,81,84,-3,3
55351,88,92,-4,4
55352,117,112,5,5
55353,127,133,-6,6
55354,83,88,-5,5
55355,53,64,-11,11
55356,41,49,-8,8
55357,97,98,-1,1
55358,169,156,13,13
55359,112,103,9,9
55360,38,54,-16,16
55361,84,87,-3,3
55362,67,74,-7,7
55363,92,88,4,4
55364,110,106,4,4
55365,88,99,-11,11
55366,78,80,-2,2
55367,84,92,-8,8
55368,69,75,-6,6
55369,99,97,2,2
55370,101,108,-7,7
55371,86,89,-3,3
55372,102,103,-1,1
55373,60,69,-9,9
55374,54,66,-12,12
55375,111,118,-7,7
55376,138,125,13,13
55377,82,79,3,3
55378,96,111,-15,15
55379,62,73,-11,11
55380,161,152,9,9
55381,73,83,-10,10
55382,92,94,-2,2
55383,115,113,2,2
55384,150,138,12,12
55385,78,82,-4,4
55386,93,94,-1,1
55387,80,82,-2,2
55388,88,90,-2,2
55389,89,91,-2,2
55390,107,104,3,3
55391,76,75,1,1
55392,115,119,-4,4
55393,96,98,-2,2
55394,119,116,3,3
55395,56,68,-12,12
55396,100,103,-3,3
55397,101,95,6,6
55398,89,87,2,2
55399,75,84,-9,9
55400,106,101,5,5
55401,68,76,-8,8
55402,69,71,-2,2
55403,83,83,0,0
55404,85,94,-9,9
55405,130,125,5,5
55406,64,69,-5,5
55407,44,62,-18,18
55408,83,81,2,2
55409,54,96,-42,42
55410,130,114,16,16
55411,91,95,-4,4
55412,59,87,-28,28
55413,109,96,13,13
55414,145,135,10,10
55415,65,65,0,0
55416,50,59,-9,9
55417,147,133,14,14
55418,90,97,-7,7
55419,143,144,-1,1
55420,97,96,1,1
55421,111,107,4,4
55422,63,68,-5,5
55423,70,86,-16,16
55424,109,96,13,13
55425,108,119,-11,11
55426,149,138,11,11
55427,98,98,0,0
55428,137,128,9,9
55429,45,58,-13,13
55430,95,95,0,0
55431,59,76,-17,17
55432,71,74,-3,3
55433,117,118,-1,1
55434,73,81,-8,8
55435,80,83,-3,3
55436,168,139,29,29
55437,149,151,-2,2
55438,53,62,-9,9
55439,65,77,-12,12
55440,160,142,18,18
55441,83,86,-3,3
55442,88,91,-3,3
55443,98,88,10,10
55444,51,64,-13,13
55445,54,68,-14,14
55446,70,81,-11,11
55447,80,85,-5,5
55448,169,141,28,28
55449,109,104,5,5
55450,57,69,-12,12
55451,119,120,-1,1
55452,238,208,30,30
55453,132,129,3,3
55454,78,87,-9,9
55455,88,86,2,2
55456,85,90,-5,5
55457,27,58,-31,31
55458,62,75,-13,13
55459,131,122,9,9
55460,138,125,13,13
55461,43,95,-52,52
55462,58,74,-16,16
55463,76,82,-6,6
55464,72,86,-14,14
55465,121,98,23,23
55466,107,102,5,5
55467,81,86,-5,5
55468,49,74,-25,25
55469,113,103,10,10
55470,71,73,-2,2
55471,44,58,-14,14
55472,81,82,-1,1
55473,73,73,0,0
55474,85,94,-9,9
55475,100,96,4,4
55476,126,118,8,8
55477,96,95,1,1
55478,67,74,-7,7
55479,114,120,-6,6
55480,97,85,12,12
55481,185,157,28,28
55482,55,65,-10,10
55483,177,170,7,7
55484,85,89,-4,4
55485,117,118,-1,1
55486,157,140,17,17
55487,129,119,10,10
55488,94,102,-8,8
55489,87,94,-7,7
55490,139,121,18,18
55491,121,119,2,2
55492,65,67,-2,2
55493,58,72,-14,14
55494,98,96,2,2
55495,37,52,-15,15
55496,63,75,-12,12
55497,193,183,10,10
55498,101,105,-4,4
55499,69,86,-17,17
55500,133,126,7,7
55501,121,109,12,12
55502,91,96,-5,5
55503,85,89,-4,4
55504,67,82,-15,15
55505,117,115,2,2
55506,61,66,-5,5
55507,61,68,-7,7
55508,97,106,-9,9
55509,81,88,-7,7
55510,89,94,-5,5
55511,58,70,-12,12
55512,80,77,3,3
55513,96,88,8,8
55514,87,93,-6,6
55515,69,77,-8,8
55516,116,122,-6,6
55517,138,141,-3,3
55518,65,77,-12,12
55519,90,90,0,0
55520,87,90,-3,3
55521,102,99,3,3
55522,79,92,-13,13
55523,146,143,3,3
55524,130,118,12,12
55525,127,110,17,17
55526,96,93,3,3
55527,80,82,-2,2
55528,132,132,0,0
55529,115,102,13,13
55530,81,95,-14,14
55531,86,91,-5,5
55532,105,99,6,6
55533,130,120,10,10
55534,84,87,-3,3
55535,52,98,-46,46
55536,72,75,-3,3
55537,82,84,-2,2
55538,115,113,2,2
55539,100,97,3,3
55540,102,102,0,0
55541,107,107,0,0
55542,116,114,2,2
55543,61,66,-5,5
55544,95,99,-4,4
55545,78,78,0,0
55546,78,88,-10,10
55547,79,77,2,2
55548,82,87,-5,5
55549,71,82,-11,11
55550,128,119,9,9
55551,89,95,-6,6
55552,115,132,-17,17
55553,83,80,3,3
55554,80,78,2,2
55555,79,96,-17,17
55556,69,87,-18,18
55557,123,117,6,6
55558,67,78,-11,11
55559,135,125,10,10
55560,134,151,-17,17
55561,133,125,8,8
55562,52,65,-13,13
55563,175,158,17,17
55564,95,89,6,6
55565,122,119,3,3
55566,74,74,0,0
55567,73,81,-8,8
55568,53,65,-12,12
55569,69,79,-10,10
55570,103,110,-7,7
55571,45,58,-13,13
55572,107,100,7,7
55573,49,64,-15,15
55574,132,119,13,13
55575,89,91,-2,2
55576,62,71,-9,9
55577,109,107,2,2
55578,81,85,-4,4
55579,72,83,-11,11
55580,52,60,-8,8
55581,74,80,-6,6
55582,36,53,-17,17
55583,68,75,-7,7
55584,73,81,-8,8
55585,89,94,-5,5
55586,63,69,-6,6
55587,69,79,-10,10
55588,103,112,-9,9
55589,53,67,-14,14
55590,103,105,-2,2
55591,108,100,8,8
55592,109,153,-44,44
55593,187,180,7,7
55594,69,76,-7,7
55595,124,114,10,10
55596,117,117,0,0
55597,94,96,-2,2
55598,44,47,-3,3
55599,120,113,7,7
55600,140,135,5,5
55601,131,121,10,10
55602,100,106,-6,6
55603,147,143,4,4
55604,55,60,-5,5
55605,126,128,-2,2
55606,84,92,-8,8
55607,81,86,-5,5
55608,110,94,16,16
55609,68,77,-9,9
55610,90,98,-8,8
55611,79,84,-5,5
55612,108,109,-1,1
55613,69,78,-9,9
55614,67,67,0,0
55615,151,149,2,2
55616,121,114,7,7
55617,67,80,-13,13
55618,100,96,4,4
55619,105,105,0,0
55620,105,114,-9,9
55621,92,100,-8,8
55622,107,110,-3,3
55623,163,150,13,13
55624,110,107,3,3
55625,115,109,6,6
55626,93,89,4,4
55627,143,131,12,12
55628,105,87,18,18
55629,102,96,6,6
55630,54,60,-6,6
55631,117,116,1,1
55632,94,89,5,5
55633,121,105,16,16
55634,51,60,-9,9
55635,93,99,-6,6
55636,136,133,3,3
55637,75,74,1,1
55638,83,77,6,6
55639,90,89,1,1
55640,110,107,3,3
55641,69,73,-4,4
55642,110,106,4,4
55643,78,87,-9,9
55644,85,84,1,1
55645,89,93,-4,4
55646,86,99,-13,13
55647,106,107,-1,1
55648,102,100,2,2
55649,52,66,-14,14
55650,207,196,11,11
55651,93,90,3,3
55652,113,115,-2,2
55653,97,100,-3,3
55654,80,94,-14,14
55655,118,126,-8,8
55656,90,92,-2,2
55657,88,99,-11,11
55658,96,100,-4,4
55659,103,108,-5,5
55660,65,73,-8,8
55661,48,60,-12,12
55662,85,81,4,4
55663,104,100,4,4
55664,54,63,-9,9
55665,89,82,7,7
55666,132,128,4,4
55667,83,90,-7,7
55668,80,84,-4,4
55669,76,82,-6,6
55670,67,69,-2,2
55671,89,91,-2,2
55672,149,142,7,7
55673,106,113,-7,7
55674,149,143,6,6
55675,52,65,-13,13
55676,58,70,-12,12
55677,70,80,-10,10
55678,78,81,-3,3
55679,212,183,29,29
55680,105,100,5,5
55681,101,91,10,10
55682,107,99,8,8
55683,145,135,10,10
55684,77,82,-5,5
55685,108,96,12,12
55686,97,97,0,0
55687,90,86,4,4
55688,104,105,-1,1
55689,99,97,2,2
55690,94,91,3,3
55691,105,109,-4,4
55692,69,79,-10,10
55693,81,91,-10,10
55694,88,90,-2,2
55695,112,118,-6,6
55696,93,97,-4,4
55697,130,126,4,4
55698,145,122,23,23
55699,130,120,10,10
55700,62,78,-16,16
55701,99,100,-1,1
55702,67,72,-5,5
55703,129,118,11,11
55704,72,80,-8,8
55705,96,93,3,3
55706,76,82,-6,6
55707,102,99,3,3
55708,81,84,-3,3
55709,157,148,9,9
55710,100,104,-4,4
55711,122,116,6,6
55712,65,73,-8,8
55713,82,80,2,2
55714,95,92,3,3
55715,133,134,-1,1
55716,108,108,0,0
55717,81,86,-5,5
55718,91,94,-3,3
55719,134,123,11,11
55720,146,135,11,11
55721,93,99,-6,6
55722,53,64,-11,11
55723,108,101,7,7
55724,93,92,1,1
55725,99,92,7,7
55726,158,144,14,14
55727,66,79,-13,13
55728,66,73,-7,7
55729,83,94,-11,11
55730,103,98,5,5
55731,54,64,-10,10
55732,144,133,11,11
55733,88,100,-12,12
55734,105,96,9,9
55735,115,106,9,9
55736,125,117,8,8
55737,67,80,-13,13
55738,193,164,29,29
55739,127,104,23,23
55740,29,47,-18,18
55741,86,88,-2,2
55742,121,121,0,0
55743,94,91,3,3
55744,125,116,9,9
55745,174,166,8,8
55746,163,149,14,14
55747,128,111,17,17
55748,155,140,15,15
55749,123,127,-4,4
55750,100,99,1,1
55751,80,90,-10,10
55752,121,115,6,6
55753,31,46,-15,15
55754,96,90,6,6
55755,80,81,-1,1
55756,83,84,-1,1
55757,82,84,-2,2
55758,97,101,-4,4
55759,72,80,-8,8
55760,69,79,-10,10
55761,86,90,-4,4
55762,73,91,-18,18
55763,100,103,-3,3
55764,66,74,-8,8
55765,83,78,5,5
55766,92,100,-8,8
55767,68,70,-2,2
55768,118,120,-2,2
55769,97,117,-20,20
55770,62,71,-9,9
55771,78,79,-1,1
55772,48,63,-15,15
55773,98,96,2,2
55774,71,78,-7,7
55775,62,73,-11,11
55776,45,60,-15,15
55777,122,120,2,2
55778,91,89,2,2
55779,71,135,-64,64
55780,68,72,-4,4
55781,118,120,-2,2
55782,79,87,-8,8
55783,120,121,-1,1
55784,134,138,-4,4
55785,72,80,-8,8
55786,92,91,1,1
55787,49,76,-27,27
55788,100,102,-2,2
55789,90,95,-5,5
55790,71,79,-8,8
55791,83,89,-6,6
55792,71,79,-8,8
55793,90,97,-7,7
55794,168,161,7,7
55795,68,85,-17,17
55796,50,64,-14,14
55797,59,65,-6,6
55798,52,68,-16,16
55799,104,104,0,0
55800,95,100,-5,5
55801,57,71,-14,14
55802,211,189,22,22
55803,58,67,-9,9
55804,125,118,7,7
55805,99,100,-1,1
55806,88,98,-10,10
55807,182,165,17,17
55808,99,100,-1,1
55809,66,68,-2,2
55810,169,151,18,18
55811,105,100,5,5
55812,92,96,-4,4
55813,110,106,4,4
55814,111,103,8,8
55815,95,93,2,2
55816,74,77,-3,3
55817,135,119,16,16
55818,51,96,-45,45
55819,78,81,-3,3
55820,118,108,10,10
55821,118,118,0,0
55822,104,102,2,2
55823,37,56,-19,19
55824,96,97,-1,1
55825,93,89,4,4
55826,60,93,-33,33
55827,102,99,3,3
55828,112,116,-4,4
55829,73,86,-13,13
55830,142,127,15,15
55831,67,73,-6,6
55832,69,73,-4,4
55833,103,175,-72,72
55834,42,78,-36,36
55835,99,89,10,10
55836,181,160,21,21
55837,94,92,2,2
55838,83,88,-5,5
55839,98,87,11,11
55840,151,133,18,18
55841,149,127,22,22
55842,92,98,-6,6
55843,129,131,-2,2
55844,79,80,-1,1
55845,119,120,-1,1
55846,159,145,14,14
55847,63,77,-14,14
55848,74,79,-5,5
55849,141,138,3,3
55850,133,124,9,9
55851,106,103,3,3
55852,180,162,18,18
55853,152,129,23,23
55854,85,85,0,0
55855,118,109,9,9
55856,127,121,6,6
55857,143,144,-1,1
55858,80,92,-12,12
55859,123,121,2,2
55860,131,121,10,10
55861,53,57,-4,4
55862,83,81,2,2
55863,97,91,6,6
55864,120,119,1,1
55865,71,75,-4,4
55866,127,112,15,15
55867,68,76,-8,8
55868,79,84,-5,5
55869,104,114,-10,10
55870,139,139,0,0
55871,143,147,-4,4
55872,102,110,-8,8
55873,75,78,-3,3
55874,105,110,-5,5
55875,71,70,1,1
55876,52,59,-7,7
55877,73,78,-5,5
55878,95,88,7,7
55879,84,79,5,5
55880,77,81,-4,4
55881,63,78,-15,15
55882,80,92,-12,12
55883,111,104,7,7
55884,146,129,17,17
55885,136,140,-4,4
55886,58,63,-5,5
55887,77,78,-1,1
55888,74,100,-26,26
55889,157,148,9,9
55890,113,107,6,6
55891,88,88,0,0
55892,98,99,-1,1
55893,70,79,-9,9
55894,70,83,-13,13
55895,95,96,-1,1
55896,113,100,13,13
55897,65,72,-7,7
55898,82,80,2,2
55899,89,94,-5,5
55900,90,89,1,1
55901,75,95,-20,20
55902,73,72,1,1
55903,45,62,-17,17
55904,75,91,-16,16
55905,89,90,-1,1
55906,127,113,14,14
55907,189,179,10,10
55908,132,124,8,8
55909,95,93,2,2
55910,113,105,8,8
55911,81,87,-6,6
55912,121,121,0,0
55913,73,81,-8,8
55914,107,101,6,6
55915,72,74,-2,2
55916,110,115,-5,5
55917,69,76,-7,7
55918,149,134,15,15
55919,63,72,-9,9
55920,115,111,4,4
55921,105,101,4,4
55922,88,92,-4,4
55923,65,74,-9,9
55924,87,93,-6,6
55925,94,102,-8,8
55926,125,121,4,4
55927,93,88,5,5
55928,112,106,6,6
55929,103,95,8,8
55930,117,113,4,4
55931,95,96,-1,1
55932,76,77,-1,1
55933,94,104,-10,10
55934,50,60,-10,10
55935,115,118,-3,3
55936,105,97,8,8
55937,108,100,8,8
55938,141,139,2,2
55939,102,103,-1,1
55940,58,75,-17,17
55941,108,104,4,4
55942,89,84,5,5
55943,71,80,-9,9
55944,59,65,-6,6
55945,89,86,3,3
55946,57,65,-8,8
55947,106,99,7,7
55948,161,139,22,22
55949,92,90,2,2
55950,66,75,-9,9
55951,82,85,-3,3
55952,84,79,5,5
55953,115,103,12,12
55954,110,109,1,1
55955,135,127,8,8
55956,93,94,-1,1
55957,134,146,-12,12
55958,105,95,10,10
55959,79,80,-1,1
55960,25,30,-5,5
55961,124,125,-1,1
55962,29,44,-15,15
55963,96,89,7,7
55964,125,120,5,5
55965,52,64,-12,12
55966,101,100,1,1
55967,70,75,-5,5
55968,98,93,5,5
55969,77,76,1,1
55970,167,147,20,20
55971,82,84,-2,2
55972,91,91,0,0
55973,70,75,-5,5
55974,74,80,-6,6
55975,121,120,1,1
55976,46,60,-14,14
55977,76,84,-8,8
55978,111,115,-4,4
55979,58,64,-6,6
55980,65,70,-5,5
55981,53,62,-9,9
55982,109,119,-10,10
55983,80,85,-5,5
55984,88,91,-3,3
55985,110,105,5,5
55986,98,94,4,4
55987,97,101,-4,4
55988,128,118,10,10
55989,144,131,13,13
55990,82,88,-6,6
55991,131,122,9,9
55992,100,97,3,3
55993,95,97,-2,2
55994,108,102,6,6
55995,82,86,-4,4
55996,73,72,1,1
55997,94,98,-4,4
55998,99,111,-12,12
55999,88,88,0,0
56000,157,148,9,9
56001,75,82,-7,7
56002,95,99,-4,4
56003,82,83,-1,1
56004,160,168,-8,8
56005,146,136,10,10
56006,166,167,-1,1
56007,76,80,-4,4
56008,139,133,6,6
56009,110,109,1,1
56010,118,121,-3,3
56011,122,113,9,9
56012,50,66,-16,16
56013,59,67,-8,8
56014,112,109,3,3
56015,108,122,-14,14
56016,42,54,-12,12
56017,112,114,-2,2
56018,126,115,11,11
56019,88,96,-8,8
56020,121,106,15,15
56021,83,83,0,0
56022,95,103,-8,8
56023,98,95,3,3
56024,104,106,-2,2
56025,66,73,-7,7
56026,129,124,5,5
56027,85,83,2,2
56028,101,103,-2,2
56029,68,76,-8,8
56030,86,91,-5,5
56031,79,81,-2,2
56032,91,94,-3,3
56033,113,120,-7,7
56034,149,136,13,13
56035,76,82,-6,6
56036,107,107,0,0
56037,110,112,-2,2
56038,75,83,-8,8
56039,100,103,-3,3
56040,110,116,-6,6
56041,115,111,4,4
56042,128,122,6,6
56043,177,158,19,19
56044,105,101,4,4
56045,79,140,-61,61
56046,126,123,3,3
56047,135,147,-12,12
56048,66,70,-4,4
56049,148,135,13,13
56050,128,123,5,5
56051,106,100,6,6
56052,99,86,13,13
56053,73,71,2,2
56054,64,74,-10,10
56055,98,120,-22,22
56056,111,105,6,6
56057,124,124,0,0
56058,117,112,5,5
56059,94,94,0,0
56060,86,85,1,1
56061,80,80,0,0
56062,105,108,-3,3
56063,77,86,-9,9
56064,101,101,0,0
56065,118,111,7,7
56066,130,109,21,21
56067,97,98,-1,1
56068,77,81,-4,4
56069,76,84,-8,8
56070,122,124,-2,2
56071,116,135,-19,19
56072,67,81,-14,14
56073,109,101,8,8
56074,62,71,-9,9
56075,95,86,9,9
56076,130,122,8,8
56077,49,65,-16,16
56078,64,70,-6,6
56079,84,89,-5,5
56080,147,126,21,21
56081,121,109,12,12
56082,158,152,6,6
56083,105,96,9,9
56084,99,102,-3,3
56085,108,110,-2,2
56086,159,150,9,9
56087,87,87,0,0
56088,128,134,-6,6
56089,58,75,-17,17
56090,110,109,1,1
56091,187,172,15,15
56092,87,93,-6,6
56093,143,142,1,1
56094,84,80,4,4
56095,132,134,-2,2
56096,74,79,-5,5
56097,109,108,1,1
56098,86,104,-18,18
56099,111,106,5,5
56100,49,58,-9,9
56101,73,78,-5,5
56102,125,131,-6,6
56103,75,79,-4,4
56104,78,80,-2,2
56105,99,98,1,1
56106,103,112,-9,9
56107,106,100,6,6
56108,57,66,-9,9
56109,139,131,8,8
56110,90,86,4,4
56111,67,71,-4,4
56112,60,70,-10,10
56113,46,54,-8,8
56114,56,69,-13,13
56115,135,124,11,11
56116,52,59,-7,7
56117,102,99,3,3
56118,79,84,-5,5
56119,75,82,-7,7
56120,118,118,0,0
56121,107,113,-6,6
56122,24,30,-6,6
56123,102,97,5,5
56124,78,85,-7,7
56125,94,87,7,7
56126,109,95,14,14
56127,139,134,5,5
56128,105,109,-4,4
56129,155,143,12,12
56130,53,61,-8,8
56131,82,95,-13,13
56132,159,159,0,0
56133,105,100,5,5
56134,102,101,1,1
56135,78,83,-5,5
56136,67,72,-5,5
56137,149,141,8,8
56138,84,90,-6,6
56139,87,96,-9,9
56140,132,137,-5,5
56141,83,83,0,0
56142,75,79,-4,4
56143,99,97,2,2
56144,77,92,-15,15
56145,97,93,4,4
56146,132,109,23,23
56147,105,109,-4,4
56148,105,93,12,12
56149,59,64,-5,5
56150,69,74,-5,5
56151,120,115,5,5
56152,59,70,-11,11
56153,105,95,10,10
56154,81,84,-3,3
56155,156,152,4,4
56156,62,75,-13,13
56157,63,73,-10,10
56158,156,136,20,20
56159,48,133,-85,85
56160,81,86,-5,5
56161,78,86,-8,8
56162,72,75,-3,3
56163,110,106,4,4
56164,76,85,-9,9
56165,82,85,-3,3
56166,76,81,-5,5
56167,106,101,5,5
56168,109,118,-9,9
56169,96,93,3,3
56170,129,132,-3,3
56171,71,75,-4,4
56172,124,134,-10,10
56173,107,105,2,2
56174,97,95,2,2
56175,113,100,13,13
56176,152,140,12,12
56177,91,106,-15,15
56178,78,82,-4,4
56179,158,142,16,16
56180,117,113,4,4
56181,97,100,-3,3
56182,83,83,0,0
56183,132,125,7,7
56184,79,83,-4,4
56185,101,106,-5,5
56186,135,123,12,12
56187,96,81,15,15
56188,82,78,4,4
56189,70,83,-13,13
56190,110,105,5,5
56191,141,125,16,16
56192,61,68,-7,7
56193,97,93,4,4
56194,119,97,22,22
56195,67,77,-10,10
56196,92,104,-12,12
56197,84,78,6,6
56198,65,73,-8,8
56199,84,94,-10,10
56200,124,116,8,8
56201,135,132,3,3
56202,146,130,16,16
56203,109,114,-5,5
56204,145,143,2,2
56205,89,86,3,3
56206,136,129,7,7
56207,85,85,0,0
56208,55,68,-13,13
56209,92,100,-8,8
56210,61,70,-9,9
56211,132,122,10,10
56212,65,77,-12,12
56213,112,114,-2,2
56214,107,101,6,6
56215,48,57,-9,9
56216,55,67,-12,12
56217,109,105,4,4
56218,136,126,10,10
56219,94,97,-3,3
56220,45,58,-13,13
56221,139,128,11,11
56222,72,83,-11,11
56223,156,134,22,22
56224,58,69,-11,11
56225,96,88,8,8
56226,83,85,-2,2
56227,94,93,1,1
56228,29,42,-13,13
56229,124,119,5,5
56230,71,82,-11,11
56231,146,128,18,18
56232,97,90,7,7
56233,104,105,-1,1
56234,32,49,-17,17
56235,140,130,10,10
56236,57,64,-7,7
56237,112,110,2,2
56238,70,80,-10,10
56239,92,88,4,4
56240,57,69,-12,12
56241,107,115,-8,8
56242,76,82,-6,6
56243,81,84,-3,3
56244,115,120,-5,5
56245,22,74,-52,52
56246,96,100,-4,4
56247,84,95,-11,11
56248,103,103,0,0
56249,126,109,17,17
56250,76,80,-4,4
56251,159,139,20,20
56252,74,72,2,2
56253,87,86,1,1
56254,46,64,-18,18
56255,33,52,-19,19
56256,76,72,4,4
56257,98,98,0,0
56258,73,73,0,0
56259,105,98,7,7
56260,51,67,-16,16
56261,94,86,8,8
56262,54,63,-9,9
56263,86,94,-8,8
56264,60,71,-11,11
56265,144,133,11,11
56266,74,71,3,3
56267,90,89,1,1
56268,100,103,-3,3
56269,107,115,-8,8
56270,129,110,19,19
56271,133,121,12,12
56272,70,77,-7,7
56273,101,94,7,7
56274,60,74,-14,14
56275,200,172,28,28
56276,64,69,-5,5
56277,143,132,11,11
56278,90,91,-1,1
56279,72,74,-2,2
56280,85,92,-7,7
56281,136,133,3,3
56282,94,104,-10,10
56283,135,120,15,15
56284,102,98,4,4
56285,71,85,-14,14
56286,74,81,-7,7
56287,122,126,-4,4
56288,86,88,-2,2
56289,40,55,-15,15
56290,109,116,-7,7
56291,113,121,-8,8
56292,110,105,5,5
56293,68,71,-3,3
56294,130,127,3,3
56295,89,96,-7,7
56296,106,107,-1,1
56297,98,100,-2,2
56298,71,66,5,5
56299,128,127,1,1
56300,158,136,22,22
56301,82,84,-2,2
56302,42,55,-13,13
56303,67,73,-6,6
56304,107,116,-9,9
56305,77,82,-5,5
56306,113,116,-3,3
56307,73,77,-4,4
56308,189,175,14,14
56309,101,101,0,0
56310,117,125,-8,8
56311,113,115,-2,2
56312,81,81,0,0
56313,113,108,5,5
56314,108,102,6,6
56315,133,140,-7,7
56316,117,114,3,3
56317,119,115,4,4
56318,72,73,-1,1
56319,72,88,-16,16
56320,105,108,-3,3
56321,70,75,-5,5
56322,66,70,-4,4
56323,152,134,18,18
56324,89,88,1,1
56325,20,31,-11,11
56326,72,79,-7,7
56327,89,87,2,2
56328,83,94,-11,11
56329,121,130,-9,9
56330,119,110,9,9
56331,101,99,2,2
56332,84,87,-3,3
56333,78,88,-10,10
56334,166,149,17,17
56335,117,114,3,3
56336,141,137,4,4
56337,123,118,5,5
56338,162,151,11,11
56339,50,63,-13,13
56340,60,64,-4,4
56341,86,92,-6,6
56342,70,75,-5,5
56343,129,128,1,1
56344,65,73,-8,8
56345,75,87,-12,12
56346,91,79,12,12
56347,55,67,-12,12
56348,82,87,-5,5
56349,102,104,-2,2
56350,74,77,-3,3
56351,84,85,-1,1
56352,128,119,9,9
56353,91,94,-3,3
56354,120,118,2,2
56355,85,91,-6,6
56356,108,119,-11,11
56357,72,78,-6,6
56358,90,84,6,6
56359,85,93,-8,8
56360,112,108,4,4
56361,148,145,3,3
56362,105,107,-2,2
56363,44,54,-10,10
56364,42,62,-20,20
56365,103,97,6,6
56366,93,84,9,9
56367,63,69,-6,6
56368,169,170,-1,1
56369,65,72,-7,7
56370,74,78,-4,4
56371,99,101,-2,2
56372,129,127,2,2
56373,93,93,0,0
56374,139,130,9,9
56375,64,111,-47,47
56376,93,93,0,0
56377,53,76,-23,23
56378,110,106,4,4
56379,97,96,1,1
56380,170,154,16,16
56381,56,72,-16,16
56382,172,168,4,4
56383,71,74,-3,3
56384,161,142,19,19
56385,130,132,-2,2
56386,101,105,-4,4
56387,107,105,2,2
56388,101,101,0,0
56389,64,76,-12,12
56390,75,78,-3,3
56391,128,127,1,1
56392,80,83,-3,3
56393,129,124,5,5
56394,54,67,-13,13
56395,71,81,-10,10
56396,55,60,-5,5
56397,91,97,-6,6
56398,119,112,7,7
56399,94,96,-2,2
56400,158,141,17,17
56401,60,72,-12,12
56402,158,154,4,4
56403,56,61,-5,5
56404,121,120,1,1
56405,79,76,3,3
56406,120,112,8,8
56407,64,78,-14,14
56408,62,84,-22,22
56409,80,81,-1,1
56410,135,125,10,10
56411,102,120,-18,18
56412,115,106,9,9
56413,142,142,0,0
56414,115,128,-13,13
56415,119,122,-3,3
56416,138,130,8,8
56417,97,93,4,4
56418,80,81,-1,1
56419,97,101,-4,4
56420,111,111,0,0
56421,91,94,-3,3
56422,95,101,-6,6
56423,91,96,-5,5
56424,101,90,11,11
56425,130,125,5,5
56426,89,92,-3,3
56427,86,95,-9,9
56428,178,157,21,21
56429,168,155,13,13
56430,63,67,-4,4
56431,69,71,-2,2
56432,186,162,24,24
56433,143,132,11,11
56434,76,72,4,4
56435,87,93,-6,6
56436,46,61,-15,15
56437,81,86,-5,5
56438,43,57,-14,14
56439,125,120,5,5
56440,190,173,17,17
56441,112,100,12,12
56442,161,149,12,12
56443,119,108,11,11
56444,98,102,-4,4
56445,122,113,9,9
56446,94,94,0,0
56447,68,79,-11,11
56448,103,93,10,10
56449,126,108,18,18
56450,75,78,-3,3
56451,123,112,11,11
56452,81,84,-3,3
56453,144,147,-3,3
56454,53,59,-6,6
56455,164,143,21,21
56456,60,72,-12,12
56457,117,113,4,4
56458,121,120,1,1
56459,90,97,-7,7
56460,86,87,-1,1
56461,63,73,-10,10
56462,147,133,14,14
56463,103,100,3,3
56464,68,76,-8,8
56465,91,87,4,4
56466,81,77,4,4
56467,71,77,-6,6
56468,63,70,-7,7
56469,123,121,2,2
56470,105,103,2,2
56471,81,86,-5,5
56472,112,120,-8,8
56473,78,82,-4,4
56474,85,88,-3,3
56475,118,119,-1,1
56476,65,69,-4,4
56477,127,129,-2,2
56478,83,86,-3,3
56479,91,89,2,2
56480,62,71,-9,9
56481,75,84,-9,9
56482,88,97,-9,9
56483,163,150,13,13
56484,48,68,-20,20
56485,93,106,-13,13
56486,85,88,-3,3
56487,142,138,4,4
56488,93,100,-7,7
56489,73,78,-5,5
56490,65,72,-7,7
56491,83,84,-1,1
56492,77,80,-3,3
56493,113,109,4,4
56494,121,116,5,5
56495,71,80,-9,9
56496,64,71,-7,7
56497,70,83,-13,13
56498,155,134,21,21
56499,59,66,-7,7
56500,80,81,-1,1
56501,80,87,-7,7
56502,59,69,-10,10
56503,83,80,3,3
56504,68,71,-3,3
56505,77,91,-14,14
56506,121,106,15,15
56507,63,77,-14,14
56508,82,85,-3,3
56509,145,138,7,7
56510,63,75,-12,12
56511,124,125,-1,1
56512,83,96,-13,13
56513,175,166,9,9
56514,185,174,11,11
56515,65,72,-7,7
56516,61,67,-6,6
56517,76,78,-2,2
56518,75,85,-10,10
56519,74,93,-19,19
56520,136,119,17,17
56521,47,54,-7,7
56522,66,63,3,3
56523,131,121,10,10
56524,123,109,14,14
56525,118,113,5,5
56526,58,66,-8,8
56527,89,89,0,0
56528,156,141,15,15
56529,55,69,-14,14
56530,115,104,11,11
56531,111,109,2,2
56532,116,126,-10,10
56533,62,76,-14,14
56534,108,99,9,9
56535,120,124,-4,4
56536,112,115,-3,3
56537,56,71,-15,15
56538,142,140,2,2
56539,91,83,8,8
56540,86,87,-1,1
56541,121,119,2,2
56542,80,79,1,1
56543,103,101,2,2
56544,76,86,-10,10
56545,100,122,-22,22
56546,94,93,1,1
56547,117,124,-7,7
56548,84,85,-1,1
56549,87,95,-8,8
56550,127,119,8,8
56551,90,94,-4,4
56552,96,92,4,4
56553,56,65,-9,9
56554,74,79,-5,5
56555,98,96,2,2
56556,107,113,-6,6
56557,125,109,16,16
56558,66,69,-3,3
56559,91,100,-9,9
56560,154,159,-5,5
56561,151,133,18,18
56562,77,81,-4,4
56563,60,70,-10,10
56564,72,83,-11,11
56565,132,119,13,13
56566,74,79,-5,5
56567,63,71,-8,8
56568,129,125,4,4
56569,169,160,9,9
56570,88,100,-12,12
56571,129,123,6,6
56572,140,127,13,13
56573,80,91,-11,11
56574,94,99,-5,5
56575,49,66,-17,17
56576,145,140,5,5
56577,97,99,-2,2
56578,94,98,-4,4
56579,83,86,-3,3
56580,135,128,7,7
56581,103,100,3,3
56582,40,55,-15,15
56583,119,136,-17,17
56584,60,70,-10,10
56585,44,56,-12,12
56586,104,108,-4,4
56587,49,59,-10,10
56588,70,76,-6,6
56589,59,68,-9,9
56590,114,123,-9,9
56591,65,68,-3,3
56592,60,70,-10,10
56593,121,129,-8,8
56594,115,109,6,6
56595,75,78,-3,3
56596,74,78,-4,4
56597,103,99,4,4
56598,59,65,-6,6
56599,125,127,-2,2
56600,94,94,0,0
56601,73,78,-5,5
56602,54,62,-8,8
56603,58,64,-6,6
56604,174,164,10,10
56605,46,57,-11,11
56606,79,84,-5,5
56607,108,100,8,8
56608,50,68,-18,18
56609,120,108,12,12
56610,159,143,16,16
56611,171,167,4,4
56612,81,91,-10,10
56613,85,90,-5,5
56614,118,134,-16,16
56615,73,81,-8,8
56616,114,109,5,5
56617,77,76,1,1
56618,150,128,22,22
56619,72,84,-12,12
56620,64,89,-25,25
56621,85,97,-12,12
56622,112,116,-4,4
56623,57,65,-8,8
56624,101,98,3,3
56625,83,89,-6,6
56626,74,77,-3,3
56627,142,131,11,11
56628,111,99,12,12
56629,135,118,17,17
56630,64,72,-8,8
56631,75,74,1,1
56632,188,180,8,8
56633,63,86,-23,23
56634,124,113,11,11
56635,42,61,-19,19
56636,136,120,16,16
56637,50,63,-13,13
56638,87,94,-7,7
56639,140,127,13,13
56640,94,95,-1,1
56641,94,96,-2,2
56642,61,81,-20,20
56643,86,90,-4,4
56644,126,113,13,13
56645,63,71,-8,8
56646,82,83,-1,1
56647,140,139,1,1
56648,134,120,14,14
56649,79,83,-4,4
56650,126,133,-7,7
56651,101,106,-5,5
56652,103,102,1,1
56653,70,74,-4,4
56654,85,81,4,4
56655,84,92,-8,8
56656,58,72,-14,14
56657,139,123,16,16
56658,67,84,-17,17
56659,101,104,-3,3
56660,83,89,-6,6
56661,66,70,-4,4
56662,59,67,-8,8
56663,77,84,-7,7
56664,53,68,-15,15
56665,130,121,9,9
56666,59,73,-14,14
56667,94,88,6,6
56668,120,115,5,5
56669,108,102,6,6
56670,95,92,3,3
56671,67,72,-5,5
56672,103,103,0,0
56673,68,71,-3,3
56674,82,85,-3,3
56675,111,114,-3,3
56676,78,82,-4,4
56677,59,71,-12,12
56678,72,83,-11,11
56679,101,97,4,4
56680,77,88,-11,11
56681,65,72,-7,7
56682,64,78,-14,14
56683,57,71,-14,14
56684,95,100,-5,5
56685,68,76,-8,8
56686,137,125,12,12
56687,65,75,-10,10
56688,82,82,0,0
56689,73,83,-10,10
56690,96,108,-12,12
56691,110,98,12,12
56692,139,133,6,6
56693,87,79,8,8
56694,113,101,12,12
56695,40,49,-9,9
56696,81,88,-7,7
56697,51,67,-16,16
56698,173,154,19,19
56699,72,89,-17,17
56700,107,103,4,4
56701,112,118,-6,6
56702,125,113,12,12
56703,56,66,-10,10
56704,141,125,16,16
56705,150,137,13,13
56706,136,135,1,1
56707,127,119,8,8
56708,132,134,-2,2
56709,96,93,3,3
56710,35,59,-24,24
56711,86,88,-2,2
56712,108,102,6,6
56713,149,136,13,13
56714,103,103,0,0
56715,144,149,-5,5
56716,135,120,15,15
56717,112,103,9,9
56718,86,98,-12,12
56719,54,62,-8,8
56720,78,80,-2,2
56721,72,79,-7,7
56722,87,94,-7,7
56723,79,97,-18,18
56724,109,121,-12,12
56725,120,107,13,13
56726,173,154,19,19
56727,57,70,-13,13
56728,40,52,-12,12
56729,82,89,-7,7
56730,70,82,-12,12
56731,86,91,-5,5
56732,98,100,-2,2
56733,134,138,-4,4
56734,45,54,-9,9
56735,129,119,10,10
56736,68,81,-13,13
56737,91,89,2,2
56738,113,106,7,7
56739,52,68,-16,16
56740,94,93,1,1
56741,94,103,-9,9
56742,113,111,2,2
56743,128,115,13,13
56744,99,107,-8,8
56745,105,98,7,7
56746,86,104,-18,18
56747,148,137,11,11
56748,138,121,17,17
56749,99,89,10,10
56750,94,96,-2,2
56751,73,80,-7,7
56752,153,134,19,19
56753,95,98,-3,3
56754,118,122,-4,4
56755,129,123,6,6
56756,50,71,-21,21
56757,123,116,7,7
56758,142,133,9,9
56759,123,119,4,4
56760,148,139,9,9
56761,107,104,3,3
56762,98,105,-7,7
56763,112,110,2,2
56764,137,126,11,11
56765,106,104,2,2
56766,97,93,4,4
56767,96,99,-3,3
56768,245,183,62,62
56769,115,106,9,9
56770,81,84,-3,3
56771,130,109,21,21
56772,86,81,5,5
56773,128,122,6,6
56774,73,76,-3,3
56775,110,104,6,6
56776,130,121,9,9
56777,97,99,-2,2
56778,80,86,-6,6
56779,91,91,0,0
56780,88,84,4,4
56781,105,106,-1,1
56782,75,61,14,14
56783,93,104,-11,11
56784,115,111,4,4
56785,133,124,9,9
56786,142,121,21,21
56787,62,79,-17,17
56788,78,85,-7,7
56789,91,87,4,4
56790,102,99,3,3
56791,109,108,1,1
56792,102,98,4,4
56793,90,86,4,4
56794,135,120,15,15
56795,31,61,-30,30
56796,143,134,9,9
56797,123,116,7,7
56798,102,98,4,4
56799,59,66,-7,7
56800,83,92,-9,9
56801,99,98,1,1
56802,50,73,-23,23
56803,168,146,22,22
56804,80,88,-8,8
56805,104,116,-12,12
56806,117,109,8,8
56807,113,118,-5,5
56808,73,95,-22,22
56809,72,82,-10,10
56810,144,122,22,22
56811,131,128,3,3
56812,107,122,-15,15
56813,85,93,-8,8
56814,58,72,-14,14
56815,67,72,-5,5
56816,62,69,-7,7
56817,63,66,-3,3
56818,148,146,2,2
56819,139,125,14,14
56820,82,93,-11,11
56821,133,127,6,6
56822,70,81,-11,11
56823,99,102,-3,3
56824,115,110,5,5
56825,121,119,2,2
56826,107,113,-6,6
56827,113,102,11,11
56828,61,74,-13,13
56829,80,81,-1,1
56830,78,81,-3,3
56831,68,72,-4,4
56832,122,125,-3,3
56833,109,102,7,7
56834,71,74,-3,3
56835,60,75,-15,15
56836,125,119,6,6
56837,68,69,-1,1
56838,114,113,1,1
56839,93,85,8,8
56840,75,81,-6,6
56841,99,100,-1,1
56842,133,126,7,7
56843,78,86,-8,8
56844,45,55,-10,10
56845,87,84,3,3
56846,72,86,-14,14
56847,129,121,8,8
56848,93,93,0,0
56849,95,99,-4,4
56850,119,120,-1,1
56851,96,88,8,8
56852,45,55,-10,10
56853,151,138,13,13
56854,75,78,-3,3
56855,84,90,-6,6
56856,75,77,-2,2
56857,97,134,-37,37
56858,79,84,-5,5
56859,132,125,7,7
56860,108,103,5,5
56861,115,109,6,6
56862,89,102,-13,13
56863,84,92,-8,8
56864,132,126,6,6
56865,94,93,1,1
56866,182,175,7,7
56867,170,153,17,17
56868,93,94,-1,1
56869,70,81,-11,11
56870,38,53,-15,15
56871,102,107,-5,5
56872,139,126,13,13
56873,97,104,-7,7
56874,87,88,-1,1
56875,86,84,2,2
56876,76,90,-14,14
56877,91,100,-9,9
56878,81,85,-4,4
56879,86,81,5,5
56880,90,89,1,1
56881,73,83,-10,10
56882,122,120,2,2
56883,81,83,-2,2
56884,182,162,20,20
56885,73,81,-8,8
56886,108,103,5,5
56887,70,73,-3,3
56888,170,153,17,17
56889,98,98,0,0
56890,83,91,-8,8
56891,89,96,-7,7
56892,79,86,-7,7
56893,77,86,-9,9
56894,82,93,-11,11
56895,79,83,-4,4
56896,165,145,20,20
56897,57,73,-16,16
56898,94,106,-12,12
56899,101,93,8,8
56900,170,170,0,0
56901,68,80,-12,12
56902,121,116,5,5
56903,137,122,15,15
56904,72,75,-3,3
56905,109,107,2,2
56906,81,82,-1,1
56907,71,80,-9,9
56908,135,133,2,2
56909,105,101,4,4
56910,101,97,4,4
56911,71,85,-14,14
56912,93,97,-4,4
56913,75,80,-5,5
56914,68,131,-63,63
56915,107,104,3,3
56916,76,79,-3,3
56917,127,120,7,7
56918,117,120,-3,3
56919,123,107,16,16
56920,158,154,4,4
56921,96,97,-1,1
56922,44,56,-12,12
56923,100,99,1,1
56924,69,77,-8,8
56925,77,87,-10,10
56926,66,79,-13,13
56927,71,71,0,0
56928,117,114,3,3
56929,103,108,-5,5
56930,99,98,1,1
56931,131,127,4,4
56932,50,56,-6,6
56933,39,51,-12,12
56934,74,78,-4,4
56935,51,63,-12,12
56936,91,96,-5,5
56937,104,111,-7,7
56938,76,80,-4,4
56939,126,121,5,5
56940,79,85,-6,6
56941,88,93,-5,5
56942,103,102,1,1
56943,156,137,19,19
56944,153,147,6,6
56945,82,84,-2,2
56946,69,80,-11,11
56947,85,93,-8,8
56948,90,101,-11,11
56949,118,108,10,10
56950,113,112,1,1
56951,63,76,-13,13
56952,39,56,-17,17
56953,125,119,6,6
56954,111,128,-17,17
56955,85,86,-1,1
56956,69,79,-10,10
56957,164,151,13,13
56958,115,116,-1,1
56959,100,119,-19,19
56960,97,99,-2,2
56961,76,91,-15,15
56962,109,119,-10,10
56963,122,118,4,4
56964,75,82,-7,7
56965,94,97,-3,3
56966,73,76,-3,3
56967,138,126,12,12
56968,109,96,13,13
56969,84,95,-11,11
56970,65,70,-5,5
56971,97,96,1,1
56972,150,139,11,11
56973,158,149,9,9
56974,74,82,-8,8
56975,64,76,-12,12
56976,102,102,0,0
56977,83,95,-12,12
56978,181,157,24,24
56979,149,137,12,12
56980,67,71,-4,4
56981,108,111,-3,3
56982,126,122,4,4
56983,129,122,7,7
56984,123,118,5,5
56985,88,85,3,3
56986,79,89,-10,10
56987,122,107,15,15
56988,88,85,3,3
56989,129,129,0,0
56990,82,83,-1,1
56991,72,80,-8,8
56992,116,107,9,9
56993,93,95,-2,2
56994,82,83,-1,1
56995,153,147,6,6
56996,169,147,22,22
56997,79,95,-16,16
56998,92,93,-1,1
56999,123,115,8,8
57000,75,95,-20,20
57001,162,161,1,1
57002,79,84,-5,5
57003,90,90,0,0
57004,74,88,-14,14
57005,130,123,7,7
57006,128,118,10,10
57007,75,89,-14,14
57008,86,91,-5,5
57009,111,112,-1,1
57010,100,98,2,2
57011,57,70,-13,13
57012,126,120,6,6
57013,61,70,-9,9
57014,79,84,-5,5
57015,80,75,5,5
57016,49,65,-16,16
57017,83,90,-7,7
57018,65,75,-10,10
57019,76,82,-6,6
57020,99,98,1,1
57021,152,134,18,18
57022,74,81,-7,7
57023,90,96,-6,6
57024,116,122,-6,6
57025,150,140,10,10
57026,98,111,-13,13
57027,136,123,13,13
57028,109,108,1,1
57029,131,144,-13,13
57030,44,59,-15,15
57031,52,63,-11,11
57032,73,77,-4,4
57033,160,124,36,36
57034,104,104,0,0
57035,71,74,-3,3
57036,52,64,-12,12
57037,69,72,-3,3
57038,120,106,14,14
57039,51,56,-5,5
57040,65,77,-12,12
57041,93,92,1,1
57042,62,86,-24,24
57043,108,104,4,4
57044,86,94,-8,8
57045,65,77,-12,12
57046,151,145,6,6
57047,82,93,-11,11
57048,54,63,-9,9
57049,57,68,-11,11
57050,87,90,-3,3
57051,75,85,-10,10
57052,76,83,-7,7
57053,144,135,9,9
57054,82,91,-9,9
57055,70,75,-5,5
57056,65,74,-9,9
57057,130,128,2,2
57058,179,177,2,2
57059,143,142,1,1
57060,128,122,6,6
57061,59,68,-9,9
57062,141,130,11,11
57063,91,90,1,1
57064,117,109,8,8
57065,103,102,1,1
57066,102,106,-4,4
57067,150,122,28,28
57068,91,88,3,3
57069,82,91,-9,9
57070,72,73,-1,1
57071,146,129,17,17
57072,51,63,-12,12
57073,119,121,-2,2
57074,94,98,-4,4
57075,113,103,10,10
57076,115,110,5,5
57077,50,64,-14,14
57078,72,90,-18,18
57079,127,119,8,8
57080,67,89,-22,22
57081,76,82,-6,6
57082,96,105,-9,9
57083,137,144,-7,7
57084,189,174,15,15
57085,83,88,-5,5
57086,90,94,-4,4
57087,85,89,-4,4
57088,99,101,-2,2
57089,88,92,-4,4
57090,163,162,1,1
57091,78,85,-7,7
57092,63,69,-6,6
57093,87,94,-7,7
57094,81,88,-7,7
57095,117,128,-11,11
57096,86,83,3,3
57097,97,98,-1,1
57098,120,116,4,4
57099,61,65,-4,4
57100,109,112,-3,3
57101,82,85,-3,3
57102,98,93,5,5
57103,100,96,4,4
57104,114,105,9,9
57105,61,72,-11,11
57106,88,94,-6,6
57107,75,83,-8,8
57108,96,99,-3,3
57109,125,128,-3,3
57110,216,191,25,25
57111,91,93,-2,2
57112,149,167,-18,18
57113,104,96,8,8
57114,69,76,-7,7
57115,65,72,-7,7
57116,116,104,12,12
57117,66,73,-7,7
57118,53,63,-10,10
57119,61,77,-16,16
57120,106,107,-1,1
57121,118,109,9,9
57122,145,137,8,8
57123,90,89,1,1
57124,76,79,-3,3
57125,48,60,-12,12
57126,38,51,-13,13
57127,65,74,-9,9
57128,98,94,4,4
57129,48,66,-18,18
57130,93,96,-3,3
57131,117,119,-2,2
57132,66,75,-9,9
57133,110,98,12,12
57134,121,118,3,3
57135,95,94,1,1
57136,81,84,-3,3
57137,48,66,-18,18
57138,80,90,-10,10
57139,136,144,-8,8
57140,55,60,-5,5
57141,110,104,6,6
57142,104,117,-13,13
57143,89,88,1,1
57144,90,103,-13,13
57145,111,110,1,1
57146,85,96,-11,11
57147,113,110,3,3
57148,100,101,-1,1
57149,147,132,15,15
57150,86,95,-9,9
57151,76,84,-8,8
57152,164,139,25,25
57153,130,117,13,13
57154,99,93,6,6
57155,40,55,-15,15
57156,175,172,3,3
57157,148,145,3,3
57158,106,108,-2,2
57159,152,147,5,5
57160,91,97,-6,6
57161,98,97,1,1
57162,51,69,-18,18
57163,88,93,-5,5
57164,89,91,-2,2
57165,63,66,-3,3
57166,84,89,-5,5
57167,75,76,-1,1
57168,117,109,8,8
57169,111,112,-1,1
57170,134,144,-10,10
57171,81,91,-10,10
57172,101,106,-5,5
57173,61,68,-7,7
57174,116,114,2,2
57175,77,85,-8,8
57176,121,111,10,10
57177,101,97,4,4
57178,22,42,-20,20
57179,89,92,-3,3
57180,134,129,5,5
57181,132,135,-3,3
57182,48,61,-13,13
57183,102,98,4,4
57184,90,86,4,4
57185,89,93,-4,4
57186,109,112,-3,3
57187,164,146,18,18
57188,93,98,-5,5
57189,93,98,-5,5
57190,63,79,-16,16
57191,99,101,-2,2
57192,72,77,-5,5
57193,85,92,-7,7
57194,76,82,-6,6
57195,85,85,0,0
57196,125,95,30,30
57197,63,70,-7,7
57198,47,65,-18,18
57199,123,121,2,2
57200,88,99,-11,11
57201,75,77,-2,2
57202,78,82,-4,4
57203,73,70,3,3
57204,113,124,-11,11
57205,88,86,2,2
57206,91,84,7,7
57207,99,98,1,1
57208,92,99,-7,7
57209,102,107,-5,5
57210,84,93,-9,9
57211,153,143,10,10
57212,117,120,-3,3
57213,61,67,-6,6
57214,81,81,0,0
57215,148,140,8,8
57216,88,80,8,8
57217,109,106,3,3
57218,124,117,7,7
57219,44,63,-19,19
57220,75,81,-6,6
57221,107,108,-1,1
57222,74,82,-8,8
57223,75,74,1,1
57224,97,91,6,6
57225,95,92,3,3
57226,72,74,-2,2
57227,71,75,-4,4
57228,100,99,1,1
57229,110,99,11,11
57230,67,69,-2,2
57231,59,64,-5,5
57232,162,146,16,16
57233,97,102,-5,5
57234,66,78,-12,12
57235,87,87,0,0
57236,142,130,12,12
57237,77,85,-8,8
57238,61,64,-3,3
57239,61,115,-54,54
57240,131,120,11,11
57241,84,86,-2,2
57242,77,85,-8,8
57243,60,68,-8,8
57244,77,84,-7,7
57245,47,61,-14,14
57246,71,83,-12,12
57247,118,120,-2,2
57248,105,115,-10,10
57249,137,129,8,8
57250,48,70,-22,22
57251,81,85,-4,4
57252,105,94,11,11
57253,107,105,2,2
57254,149,139,10,10
57255,88,87,1,1
57256,104,98,6,6
57257,130,114,16,16
57258,118,118,0,0
57259,50,76,-26,26
57260,113,105,8,8
57261,48,61,-13,13
57262,105,107,-2,2
57263,63,77,-14,14
57264,63,73,-10,10
57265,65,78,-13,13
57266,105,106,-1,1
57267,38,53,-15,15
57268,57,63,-6,6
57269,94,95,-1,1
57270,87,84,3,3
57271,68,76,-8,8
57272,66,81,-15,15
57273,87,93,-6,6
57274,121,115,6,6
57275,104,98,6,6
57276,124,123,1,1
57277,158,138,20,20
57278,30,48,-18,18
57279,101,119,-18,18
57280,86,81,5,5
57281,93,93,0,0
57282,123,132,-9,9
57283,102,93,9,9
57284,142,150,-8,8
57285,61,83,-22,22
57286,75,85,-10,10
57287,125,128,-3,3
57288,95,95,0,0
57289,171,158,13,13
57290,96,124,-28,28
57291,123,121,2,2
57292,106,114,-8,8
57293,62,69,-7,7
57294,87,89,-2,2
57295,57,67,-10,10
57296,56,61,-5,5
57297,124,119,5,5
57298,81,84,-3,3
57299,109,97,12,12
57300,165,166,-1,1
57301,171,154,17,17
57302,104,101,3,3
57303,59,73,-14,14
57304,40,57,-17,17
57305,74,94,-20,20
57306,127,122,5,5
57307,73,88,-15,15
57308,130,120,10,10
57309,47,71,-24,24
57310,59,69,-10,10
57311,156,134,22,22
57312,101,96,5,5
57313,89,85,4,4
57314,95,96,-1,1
57315,60,78,-18,18
57316,91,95,-4,4
57317,74,79,-5,5
57318,160,146,14,14
57319,114,108,6,6
57320,148,137,11,11
57321,80,80,0,0
57322,24,30,-6,6
57323,52,64,-12,12
57324,259,218,41,41
57325,44,56,-12,12
57326,149,138,11,11
57327,57,69,-12,12
57328,126,126,0,0
57329,142,129,13,13
57330,111,113,-2,2
57331,167,152,15,15
57332,76,80,-4,4
57333,69,76,-7,7
57334,110,115,-5,5
57335,92,97,-5,5
57336,99,88,11,11
57337,95,99,-4,4
57338,114,105,9,9
57339,91,98,-7,7
57340,104,101,3,3
57341,84,87,-3,3
57342,164,144,20,20
57343,44,62,-18,18
57344,75,75,0,0
57345,95,95,0,0
57346,27,48,-21,21
57347,81,87,-6,6
57348,72,79,-7,7
57349,100,94,6,6
57350,131,115,16,16
57351,61,75,-14,14
57352,89,90,-1,1
57353,65,75,-10,10
57354,53,70,-17,17
57355,103,112,-9,9
57356,129,125,4,4
57357,114,104,10,10
57358,102,103,-1,1
57359,87,97,-10,10
57360,77,76,1,1
57361,72,80,-8,8
57362,71,79,-8,8
57363,67,68,-1,1
57364,116,117,-1,1
57365,102,98,4,4
57366,83,82,1,1
57367,55,62,-7,7
57368,71,87,-16,16
57369,84,82,2,2
57370,98,97,1,1
57371,101,94,7,7
57372,82,80,2,2
57373,117,119,-2,2
57374,126,128,-2,2
57375,66,78,-12,12
57376,81,92,-11,11
57377,189,183,6,6
57378,90,85,5,5
57379,86,86,0,0
57380,107,101,6,6
57381,117,132,-15,15
57382,54,64,-10,10
57383,81,90,-9,9
57384,85,85,0,0
57385,88,95,-7,7
57386,57,69,-12,12
57387,103,106,-3,3
57388,103,99,4,4
57389,95,89,6,6
57390,107,103,4,4
57391,91,93,-2,2
57392,111,125,-14,14
57393,200,176,24,24
57394,83,92,-9,9
57395,86,87,-1,1
57396,80,89,-9,9
57397,109,114,-5,5
57398,69,73,-4,4
57399,78,81,-3,3
57400,70,84,-14,14
57401,77,82,-5,5
57402,69,72,-3,3
57403,96,92,4,4
57404,121,139,-18,18
57405,90,97,-7,7
57406,152,140,12,12
57407,91,88,3,3
57408,89,91,-2,2
57409,104,100,4,4
57410,88,78,10,10
57411,113,109,4,4
57412,81,94,-13,13
57413,92,90,2,2
57414,112,101,11,11
57415,113,119,-6,6
57416,119,108,11,11
57417,68,75,-7,7
57418,183,153,30,30
57419,154,139,15,15
57420,115,116,-1,1
57421,173,184,-11,11
57422,108,101,7,7
57423,124,128,-4,4
57424,71,74,-3,3
57425,84,82,2,2
57426,80,82,-2,2
57427,90,101,-11,11
57428,74,75,-1,1
57429,89,81,8,8
57430,81,93,-12,12
57431,100,94,6,6
57432,136,132,4,4
57433,55,64,-9,9
57434,105,105,0,0
57435,77,79,-2,2
57436,192,177,15,15
57437,99,95,4,4
57438,90,92,-2,2
57439,134,122,12,12
57440,113,109,4,4
57441,90,89,1,1
57442,150,132,18,18
57443,52,64,-12,12
57444,102,98,4,4
57445,55,62,-7,7
57446,110,110,0,0
57447,57,67,-10,10
57448,57,67,-10,10
57449,97,96,1,1
57450,117,120,-3,3
57451,83,89,-6,6
57452,121,111,10,10
57453,58,69,-11,11
57454,101,100,1,1
57455,63,73,-10,10
57456,105,105,0,0
57457,94,93,1,1
57458,138,132,6,6
57459,62,68,-6,6
57460,113,117,-4,4
57461,50,64,-14,14
57462,90,97,-7,7
57463,135,134,1,1
57464,68,68,0,0
57465,94,96,-2,2
57466,63,68,-5,5
57467,179,155,24,24
57468,78,80,-2,2
57469,197,164,33,33
57470,124,121,3,3
57471,115,122,-7,7
57472,105,101,4,4
57473,135,132,3,3
57474,59,68,-9,9
57475,75,93,-18,18
57476,131,122,9,9
57477,125,124,1,1
57478,82,93,-11,11
57479,193,175,18,18
57480,23,30,-7,7
57481,67,73,-6,6
57482,204,182,22,22
57483,78,84,-6,6
57484,95,101,-6,6
57485,143,140,3,3
57486,69,76,-7,7
57487,78,77,1,1
57488,185,170,15,15
57489,60,72,-12,12
57490,93,88,5,5
57491,49,60,-11,11
57492,151,130,21,21
57493,93,91,2,2
57494,109,100,9,9
57495,58,66,-8,8
57496,132,114,18,18
57497,85,81,4,4
57498,118,100,18,18
57499,69,76,-7,7
57500,76,82,-6,6
57501,68,82,-14,14
57502,68,74,-6,6
57503,103,114,-11,11
57504,116,113,3,3
57505,189,157,32,32
57506,64,76,-12,12
57507,54,62,-8,8
57508,99,103,-4,4
57509,140,126,14,14
57510,52,59,-7,7
57511,144,134,10,10
57512,96,97,-1,1
57513,60,89,-29,29
57514,131,129,2,2
57515,101,112,-11,11
57516,21,37,-16,16
57517,77,82,-5,5
57518,94,96,-2,2
57519,64,67,-3,3
57520,77,78,-1,1
57521,89,95,-6,6
57522,68,75,-7,7
57523,100,84,16,16
57524,94,95,-1,1
57525,99,97,2,2
57526,104,106,-2,2
57527,76,81,-5,5
57528,41,57,-16,16
57529,89,86,3,3
57530,159,133,26,26
57531,145,126,19,19
57532,89,86,3,3
57533,117,120,-3,3
57534,56,71,-15,15
57535,112,106,6,6
57536,59,64,-5,5
57537,54,65,-11,11
57538,83,81,2,2
57539,70,79,-9,9
57540,64,73,-9,9
57541,134,126,8,8
57542,107,118,-11,11
57543,81,85,-4,4
57544,117,121,-4,4
57545,123,123,0,0
57546,114,103,11,11
57547,173,152,21,21
57548,79,78,1,1
57549,117,107,10,10
57550,32,50,-18,18
57551,87,87,0,0
57552,189,176,13,13
57553,70,82,-12,12
57554,155,132,23,23
57555,81,90,-9,9
57556,168,153,15,15
57557,114,112,2,2
57558,153,156,-3,3
57559,124,116,8,8
57560,51,58,-7,7
57561,105,112,-7,7
57562,101,115,-14,14
57563,86,92,-6,6
57564,129,121,8,8
57565,122,114,8,8
57566,149,134,15,15
57567,85,84,1,1
57568,73,77,-4,4
57569,66,76,-10,10
57570,180,154,26,26
57571,33,41,-8,8
57572,70,80,-10,10
57573,101,116,-15,15
57574,89,97,-8,8
57575,120,118,2,2
57576,121,112,9,9
57577,91,94,-3,3
57578,90,91,-1,1
57579,121,116,5,5
57580,154,152,2,2
57581,110,104,6,6
57582,65,69,-4,4
57583,107,116,-9,9
57584,141,131,10,10
57585,61,73,-12,12
57586,119,120,-1,1
57587,135,132,3,3
57588,185,157,28,28
57589,46,58,-12,12
57590,89,93,-4,4
57591,134,129,5,5
57592,102,98,4,4
57593,138,135,3,3
57594,104,99,5,5
57595,176,158,18,18
57596,112,109,3,3
57597,135,128,7,7
57598,119,118,1,1
57599,82,81,1,1
57600,99,103,-4,4
57601,119,111,8,8
57602,98,108,-10,10
57603,96,100,-4,4
57604,90,101,-11,11
57605,81,78,3,3
57606,65,73,-8,8
57607,120,115,5,5
57608,90,90,0,0
57609,80,86,-6,6
57610,81,91,-10,10
57611,78,100,-22,22
57612,82,80,2,2
57613,155,131,24,24
57614,77,78,-1,1
57615,116,119,-3,3
57616,78,84,-6,6
57617,69,73,-4,4
57618,64,73,-9,9
57619,88,90,-2,2
57620,56,64,-8,8
57621,62,74,-12,12
57622,49,64,-15,15
57623,120,107,13,13
57624,154,141,13,13
57625,86,91,-5,5
57626,61,74,-13,13
57627,66,71,-5,5
57628,145,121,24,24
57629,83,94,-11,11
57630,136,126,10,10
57631,88,99,-11,11
57632,71,80,-9,9
57633,93,89,4,4
57634,97,94,3,3
57635,94,88,6,6
57636,97,102,-5,5
57637,57,75,-18,18
57638,142,133,9,9
57639,119,115,4,4
57640,87,95,-8,8
57641,131,135,-4,4
57642,119,121,-2,2
57643,76,77,-1,1
57644,55,62,-7,7
57645,106,102,4,4
57646,70,80,-10,10
57647,103,103,0,0
57648,96,89,7,7
57649,150,145,5,5
57650,128,127,1,1
57651,38,51,-13,13
57652,65,81,-16,16
57653,79,79,0,0
57654,96,90,6,6
57655,88,85,3,3
57656,185,191,-6,6
57657,81,80,1,1
57658,151,133,18,18
57659,94,95,-1,1
57660,72,81,-9,9
57661,110,104,6,6
57662,109,103,6,6
57663,80,81,-1,1
57664,68,78,-10,10
57665,111,98,13,13
57666,67,77,-10,10
57667,95,91,4,4
57668,114,118,-4,4
57669,51,62,-11,11
57670,111,107,4,4
57671,118,104,14,14
57672,157,132,25,25
57673,82,87,-5,5
57674,119,99,20,20
57675,73,79,-6,6
57676,88,83,5,5
57677,46,57,-11,11
57678,61,71,-10,10
57679,81,86,-5,5
57680,117,114,3,3
57681,87,88,-1,1
57682,71,70,1,1
57683,70,74,-4,4
57684,98,109,-11,11
57685,89,94,-5,5
57686,100,96,4,4
57687,124,114,10,10
57688,166,153,13,13
57689,90,89,1,1
57690,43,56,-13,13
57691,175,152,23,23
57692,104,107,-3,3
57693,180,164,16,16
57694,57,64,-7,7
57695,36,57,-21,21
57696,144,146,-2,2
57697,136,126,10,10
57698,56,66,-10,10
57699,93,98,-5,5
57700,91,94,-3,3
57701,98,98,0,0
57702,82,75,7,7
57703,101,112,-11,11
57704,113,115,-2,2
57705,53,67,-14,14
57706,55,66,-11,11
57707,120,113,7,7
57708,105,100,5,5
57709,71,81,-10,10
57710,78,81,-3,3
57711,165,155,10,10
57712,82,91,-9,9
57713,126,119,7,7
57714,114,106,8,8
57715,143,132,11,11
57716,118,115,3,3
57717,94,97,-3,3
57718,41,52,-11,11
57719,67,74,-7,7
57720,83,83,0,0
57721,119,103,16,16
57722,62,71,-9,9
57723,55,60,-5,5
57724,95,98,-3,3
57725,91,96,-5,5
57726,68,75,-7,7
57727,144,142,2,2
57728,64,72,-8,8
57729,43,66,-23,23
57730,81,91,-10,10
57731,94,86,8,8
57732,77,82,-5,5
57733,167,162,5,5
57734,51,67,-16,16
57735,117,107,10,10
57736,93,96,-3,3
57737,71,77,-6,6
57738,64,75,-11,11
57739,168,153,15,15
57740,98,99,-1,1
57741,38,51,-13,13
57742,124,115,9,9
57743,104,111,-7,7
57744,45,57,-12,12
57745,36,54,-18,18
57746,82,84,-2,2
57747,120,108,12,12
57748,108,116,-8,8
57749,43,58,-15,15
57750,85,81,4,4
57751,146,134,12,12
57752,82,100,-18,18
57753,115,105,10,10
57754,98,92,6,6
57755,87,85,2,2
57756,124,125,-1,1
57757,86,86,0,0
57758,92,108,-16,16
57759,109,94,15,15
57760,125,119,6,6
57761,140,142,-2,2
57762,84,103,-19,19
57763,66,73,-7,7
57764,131,119,12,12
57765,81,79,2,2
57766,88,87,1,1
57767,143,146,-3,3
57768,74,82,-8,8
57769,118,124,-6,6
57770,56,71,-15,15
57771,61,69,-8,8
57772,112,117,-5,5
57773,119,106,13,13
57774,102,94,8,8
57775,101,120,-19,19
57776,71,75,-4,4
57777,118,116,2,2
57778,119,130,-11,11
57779,83,89,-6,6
57780,133,119,14,14
57781,57,67,-10,10
57782,87,88,-1,1
57783,6,30,-24,24
57784,76,86,-10,10
57785,124,119,5,5
57786,28,31,-3,3
57787,65,71,-6,6
57788,86,81,5,5
57789,111,115,-4,4
57790,59,75,-16,16
57791,94,97,-3,3
57792,97,111,-14,14
57793,115,117,-2,2
57794,75,83,-8,8
57795,144,135,9,9
57796,86,97,-11,11
57797,74,78,-4,4
57798,102,107,-5,5
57799,79,81,-2,2
57800,99,97,2,2
57801,140,146,-6,6
57802,101,101,0,0
57803,156,137,19,19
57804,92,92,0,0
57805,70,78,-8,8
57806,59,77,-18,18
57807,116,110,6,6
57808,138,131,7,7
57809,136,135,1,1
57810,61,68,-7,7
57811,53,63,-10,10
57812,79,77,2,2
57813,90,87,3,3
57814,127,121,6,6
57815,177,145,32,32
57816,110,120,-10,10
57817,129,121,8,8
57818,106,123,-17,17
57819,74,82,-8,8
57820,154,151,3,3
57821,129,126,3,3
57822,73,77,-4,4
57823,77,88,-11,11
57824,84,93,-9,9
57825,103,99,4,4
57826,90,122,-32,32
57827,109,110,-1,1
57828,68,71,-3,3
57829,72,74,-2,2
57830,105,116,-11,11
57831,65,72,-7,7
57832,95,91,4,4
57833,133,130,3,3
57834,103,97,6,6
57835,107,115,-8,8
57836,79,79,0,0
57837,116,108,8,8
57838,91,86,5,5
57839,72,87,-15,15
57840,66,88,-22,22
57841,147,132,15,15
57842,90,101,-11,11
57843,192,199,-7,7
57844,98,111,-13,13
57845,105,99,6,6
57846,44,59,-15,15
57847,102,93,9,9
57848,82,93,-11,11
57849,107,105,2,2
57850,102,99,3,3
57851,135,122,13,13
57852,157,140,17,17
57853,61,65,-4,4
57854,155,141,14,14
57855,121,126,-5,5
57856,77,80,-3,3
57857,142,133,9,9
57858,95,91,4,4
57859,104,98,6,6
57860,77,82,-5,5
57861,135,128,7,7
57862,101,102,-1,1
57863,65,69,-4,4
57864,108,105,3,3
57865,46,62,-16,16
57866,196,179,17,17
57867,83,87,-4,4
57868,92,88,4,4
57869,66,68,-2,2
57870,87,88,-1,1
57871,76,79,-3,3
57872,24,29,-5,5
57873,94,102,-8,8
57874,85,77,8,8
57875,147,183,-36,36
57876,104,114,-10,10
57877,97,97,0,0
57878,159,137,22,22
57879,103,100,3,3
57880,114,117,-3,3
57881,133,132,1,1
57882,66,72,-6,6
57883,101,104,-3,3
57884,71,74,-3,3
57885,85,89,-4,4
57886,87,81,6,6
57887,116,100,16,16
57888,88,84,4,4
57889,64,69,-5,5
57890,48,60,-12,12
57891,55,66,-11,11
57892,61,90,-29,29
57893,86,95,-9,9
57894,56,63,-7,7
57895,58,62,-4,4
57896,77,83,-6,6
57897,70,81,-11,11
57898,78,87,-9,9
57899,136,123,13,13
57900,69,76,-7,7
57901,68,70,-2,2
57902,102,99,3,3
57903,67,72,-5,5
57904,82,81,1,1
57905,54,62,-8,8
57906,70,79,-9,9
57907,83,85,-2,2
57908,129,119,10,10
57909,43,55,-12,12
57910,46,66,-20,20
57911,119,119,0,0
57912,50,61,-11,11
57913,76,83,-7,7
57914,168,153,15,15
57915,83,85,-2,2
57916,116,105,11,11
57917,121,130,-9,9
57918,96,104,-8,8
57919,126,130,-4,4
57920,86,92,-6,6
57921,85,83,2,2
57922,93,84,9,9
57923,52,64,-12,12
57924,129,121,8,8
57925,87,88,-1,1
57926,38,56,-18,18
57927,61,80,-19,19
57928,77,82,-5,5
57929,73,77,-4,4
57930,143,144,-1,1
57931,59,71,-12,12
57932,57,67,-10,10
57933,64,72,-8,8
57934,140,132,8,8
57935,109,113,-4,4
57936,91,92,-1,1
57937,64,71,-7,7
57938,105,94,11,11
57939,121,108,13,13
57940,65,68,-3,3
57941,80,88,-8,8
57942,75,81,-6,6
57943,90,86,4,4
57944,93,101,-8,8
57945,60,70,-10,10
57946,75,80,-5,5
57947,97,99,-2,2
57948,130,120,10,10
57949,111,103,8,8
57950,82,81,1,1
57951,102,100,2,2
57952,72,78,-6,6
57953,180,175,5,5
57954,71,86,-15,15
57955,92,94,-2,2
57956,109,105,4,4
57957,113,106,7,7
57958,117,117,0,0
57959,105,105,0,0
57960,85,86,-1,1
57961,75,75,0,0
57962,77,82,-5,5
57963,79,83,-4,4
57964,106,100,6,6
57965,52,70,-18,18
57966,107,88,19,19
57967,89,94,-5,5
57968,150,139,11,11
57969,84,89,-5,5
57970,78,85,-7,7
57971,124,117,7,7
57972,58,69,-11,11
57973,110,109,1,1
57974,108,107,1,1
57975,95,108,-13,13
57976,139,124,15,15
57977,92,93,-1,1
57978,63,74,-11,11
57979,81,90,-9,9
57980,103,91,12,12
57981,75,78,-3,3
57982,75,89,-14,14
57983,125,120,5,5
57984,98,105,-7,7
57985,101,99,2,2
57986,73,86,-13,13
57987,95,94,1,1
57988,120,112,8,8
57989,90,104,-14,14
57990,178,153,25,25
57991,111,115,-4,4
57992,90,92,-2,2
57993,91,82,9,9
57994,92,84,8,8
57995,77,82,-5,5
57996,87,87,0,0
57997,121,119,2,2
57998,99,93,6,6
57999,119,124,-5,5
58000,85,97,-12,12
58001,102,102,0,0
58002,102,99,3,3
58003,68,71,-3,3
58004,159,136,23,23
58005,91,82,9,9
58006,85,94,-9,9
58007,77,90,-13,13
58008,136,131,5,5
58009,182,158,24,24
58010,101,101,0,0
58011,63,66,-3,3
58012,89,103,-14,14
58013,78,84,-6,6
58014,104,101,3,3
58015,113,108,5,5
58016,88,92,-4,4
58017,87,89,-2,2
58018,182,154,28,28
58019,97,96,1,1
58020,123,119,4,4
58021,93,119,-26,26
58022,77,72,5,5
58023,87,87,0,0
58024,71,79,-8,8
58025,60,69,-9,9
58026,95,101,-6,6
58027,92,86,6,6
58028,78,80,-2,2
58029,84,90,-6,6
58030,153,138,15,15
58031,140,139,1,1
58032,99,89,10,10
58033,57,67,-10,10
58034,83,92,-9,9
58035,79,80,-1,1
58036,87,90,-3,3
58037,85,102,-17,17
58038,80,87,-7,7
58039,69,80,-11,11
58040,68,76,-8,8
58041,94,98,-4,4
58042,79,88,-9,9
58043,115,112,3,3
58044,59,69,-10,10
58045,183,176,7,7
58046,64,71,-7,7
58047,109,100,9,9
58048,54,59,-5,5
58049,62,67,-5,5
58050,69,86,-17,17
58051,62,67,-5,5
58052,71,77,-6,6
58053,140,131,9,9
58054,73,76,-3,3
58055,124,122,2,2
58056,86,95,-9,9
58057,142,146,-4,4
58058,170,159,11,11
58059,69,73,-4,4
58060,124,121,3,3
58061,123,123,0,0
58062,104,89,15,15
58063,65,79,-14,14
58064,110,109,1,1
58065,80,79,1,1
58066,66,75,-9,9
58067,96,95,1,1
58068,116,120,-4,4
58069,74,77,-3,3
58070,59,65,-6,6
58071,64,66,-2,2
58072,115,118,-3,3
58073,89,86,3,3
58074,136,121,15,15
58075,51,60,-9,9
58076,73,77,-4,4
58077,68,74,-6,6
58078,116,110,6,6
58079,135,135,0,0
58080,29,44,-15,15
58081,96,90,6,6
58082,38,60,-22,22
58083,170,165,5,5
58084,125,120,5,5
58085,160,140,20,20
58086,108,116,-8,8
58087,144,135,9,9
58088,70,70,0,0
58089,100,97,3,3
58090,62,70,-8,8
58091,129,124,5,5
58092,99,93,6,6
58093,93,99,-6,6
58094,108,97,11,11
58095,59,64,-5,5
58096,43,58,-15,15
58097,119,106,13,13
58098,71,70,1,1
58099,147,156,-9,9
58100,60,69,-9,9
58101,79,91,-12,12
58102,64,75,-11,11
58103,73,79,-6,6
58104,105,106,-1,1
58105,80,82,-2,2
58106,79,87,-8,8
58107,90,91,-1,1
58108,89,83,6,6
58109,73,75,-2,2
58110,113,117,-4,4
58111,78,87,-9,9
58112,63,87,-24,24
58113,142,129,13,13
58114,145,152,-7,7
58115,95,98,-3,3
58116,101,100,1,1
58117,126,114,12,12
58118,154,137,17,17
58119,184,149,35,35
58120,116,119,-3,3
58121,84,89,-5,5
58122,129,126,3,3
58123,74,78,-4,4
58124,97,91,6,6
58125,88,108,-20,20
58126,102,106,-4,4
58127,69,77,-8,8
58128,73,84,-11,11
58129,77,73,4,4
58130,98,98,0,0
58131,78,84,-6,6
58132,108,93,15,15
58133,78,82,-4,4
58134,86,96,-10,10
58135,70,72,-2,2
58136,70,78,-8,8
58137,78,79,-1,1
58138,81,81,0,0
58139,55,71,-16,16
58140,37,53,-16,16
58141,80,84,-4,4
58142,68,74,-6,6
58143,130,127,3,3
58144,100,97,3,3
58145,71,81,-10,10
58146,97,98,-1,1
58147,147,140,7,7
58148,93,97,-4,4
58149,165,157,8,8
58150,70,79,-9,9
58151,59,73,-14,14
58152,46,57,-11,11
58153,132,114,18,18
58154,90,81,9,9
58155,208,189,19,19
58156,124,124,0,0
58157,92,101,-9,9
58158,75,81,-6,6
58159,103,100,3,3
58160,47,62,-15,15
58161,72,69,3,3
58162,65,72,-7,7
58163,107,110,-3,3
58164,131,127,4,4
58165,67,80,-13,13
58166,119,113,6,6
58167,63,71,-8,8
58168,153,132,21,21
58169,72,80,-8,8
58170,131,139,-8,8
58171,92,90,2,2
58172,70,76,-6,6
58173,93,100,-7,7
58174,48,70,-22,22
58175,75,75,0,0
58176,185,171,14,14
58177,90,86,4,4
58178,53,63,-10,10
58179,130,124,6,6
58180,139,135,4,4
58181,92,97,-5,5
58182,77,108,-31,31
58183,130,117,13,13
58184,88,85,3,3
58185,68,80,-12,12
58186,144,119,25,25
58187,73,81,-8,8
58188,136,132,4,4
58189,115,107,8,8
58190,79,86,-7,7
58191,97,96,1,1
58192,70,74,-4,4
58193,76,85,-9,9
58194,110,104,6,6
58195,103,111,-8,8
58196,106,106,0,0
58197,82,85,-3,3
58198,82,89,-7,7
58199,64,72,-8,8
58200,108,107,1,1
58201,162,148,14,14
58202,64,75,-11,11
58203,42,57,-15,15
58204,128,123,5,5
58205,93,91,2,2
58206,83,81,2,2
58207,75,75,0,0
58208,113,107,6,6
58209,131,121,10,10
58210,70,72,-2,2
58211,82,89,-7,7
58212,53,64,-11,11
58213,92,96,-4,4
58214,123,115,8,8
58215,132,120,12,12
58216,71,76,-5,5
58217,83,89,-6,6
58218,52,62,-10,10
58219,102,100,2,2
58220,51,66,-15,15
58221,90,85,5,5
58222,121,125,-4,4
58223,125,121,4,4
58224,66,72,-6,6
58225,99,107,-8,8
58226,71,87,-16,16
58227,103,102,1,1
58228,87,93,-6,6
58229,130,128,2,2
58230,74,78,-4,4
58231,171,154,17,17
58232,146,121,25,25
58233,81,84,-3,3
58234,72,72,0,0
58235,81,97,-16,16
58236,58,66,-8,8
58237,111,104,7,7
58238,148,143,5,5
58239,76,79,-3,3
58240,78,80,-2,2
58241,91,96,-5,5
58242,91,95,-4,4
58243,70,80,-10,10
58244,155,133,22,22
58245,89,96,-7,7
58246,55,60,-5,5
58247,97,88,9,9
58248,71,75,-4,4
58249,134,135,-1,1
58250,85,80,5,5
58251,76,77,-1,1
58252,98,109,-11,11
58253,51,64,-13,13
58254,111,107,4,4
58255,59,70,-11,11
58256,112,105,7,7
58257,43,54,-11,11
58258,122,112,10,10
58259,62,83,-21,21
58260,57,64,-7,7
58261,94,103,-9,9
58262,92,93,-1,1
58263,113,119,-6,6
58264,125,119,6,6
58265,98,102,-4,4
58266,58,68,-10,10
58267,110,104,6,6
58268,69,78,-9,9
58269,57,71,-14,14
58270,54,61,-7,7
58271,69,73,-4,4
58272,84,97,-13,13
58273,81,95,-14,14
58274,72,81,-9,9
58275,120,115,5,5
58276,59,69,-10,10
58277,121,112,9,9
58278,54,70,-16,16
58279,62,68,-6,6
58280,83,80,3,3
58281,85,82,3,3
58282,102,104,-2,2
58283,109,99,10,10
58284,128,136,-8,8
58285,128,116,12,12
58286,155,120,35,35
58287,75,82,-7,7
58288,44,50,-6,6
58289,106,106,0,0
58290,122,109,13,13
58291,99,96,3,3
58292,76,79,-3,3
58293,93,92,1,1
58294,59,70,-11,11
58295,115,106,9,9
58296,147,133,14,14
58297,104,106,-2,2
58298,56,68,-12,12
58299,119,113,6,6
58300,92,97,-5,5
58301,55,67,-12,12
58302,70,71,-1,1
58303,79,87,-8,8
58304,106,101,5,5
58305,141,127,14,14
58306,142,136,6,6
58307,100,102,-2,2
58308,71,75,-4,4
58309,37,49,-12,12
58310,58,66,-8,8
58311,107,111,-4,4
58312,104,102,2,2
58313,125,121,4,4
58314,95,121,-26,26
58315,164,149,15,15
58316,45,64,-19,19
58317,86,83,3,3
58318,101,98,3,3
58319,117,107,10,10
58320,85,99,-14,14
58321,60,68,-8,8
58322,141,142,-1,1
58323,101,102,-1,1
58324,113,100,13,13
58325,108,111,-3,3
58326,86,87,-1,1
58327,121,111,10,10
58328,165,171,-6,6
58329,58,65,-7,7
58330,165,158,7,7
58331,99,100,-1,1
58332,77,86,-9,9
58333,120,117,3,3
58334,132,120,12,12
58335,138,120,18,18
58336,104,121,-17,17
58337,59,66,-7,7
58338,68,70,-2,2
58339,76,83,-7,7
58340,81,89,-8,8
58341,126,120,6,6
58342,125,101,24,24
58343,39,49,-10,10
58344,103,90,13,13
58345,64,76,-12,12
58346,120,109,11,11
58347,53,66,-13,13
58348,81,81,0,0
58349,128,120,8,8
58350,75,79,-4,4
58351,67,67,0,0
58352,158,137,21,21
58353,77,94,-17,17
58354,140,134,6,6
58355,75,85,-10,10
58356,114,117,-3,3
58357,82,83,-1,1
58358,96,99,-3,3
58359,142,127,15,15
58360,84,96,-12,12
58361,84,75,9,9
58362,69,74,-5,5
58363,63,72,-9,9
58364,83,90,-7,7
58365,136,132,4,4
58366,107,103,4,4
58367,95,97,-2,2
58368,157,136,21,21
58369,89,93,-4,4
58370,85,86,-1,1
58371,102,102,0,0
58372,103,107,-4,4
58373,88,86,2,2
58374,100,98,2,2
58375,69,74,-5,5
58376,84,79,5,5
58377,32,46,-14,14
58378,52,64,-12,12
58379,156,139,17,17
58380,71,71,0,0
58381,114,107,7,7
58382,83,87,-4,4
58383,81,84,-3,3
58384,164,138,26,26
58385,109,104,5,5
58386,89,97,-8,8
58387,125,108,17,17
58388,82,79,3,3
58389,73,80,-7,7
58390,117,137,-20,20
58391,69,76,-7,7
58392,98,95,3,3
58393,114,102,12,12
58394,86,89,-3,3
58395,112,102,10,10
58396,96,102,-6,6
58397,113,106,7,7
58398,86,97,-11,11
58399,130,123,7,7
58400,80,83,-3,3
58401,134,128,6,6
58402,158,153,5,5
58403,59,64,-5,5
58404,55,68,-13,13
58405,87,94,-7,7
58406,42,57,-15,15
58407,76,79,-3,3
58408,62,65,-3,3
58409,119,114,5,5
58410,103,102,1,1
58411,172,166,6,6
58412,134,132,2,2
58413,68,73,-5,5
58414,62,65,-3,3
58415,57,71,-14,14
58416,147,130,17,17
58417,93,95,-2,2
58418,116,109,7,7
58419,161,150,11,11
58420,79,95,-16,16
58421,148,142,6,6
58422,118,116,2,2
58423,46,65,-19,19
58424,130,128,2,2
58425,163,144,19,19
58426,56,68,-12,12
58427,74,77,-3,3
58428,66,80,-14,14
58429,84,79,5,5
58430,76,86,-10,10
58431,88,86,2,2
58432,69,74,-5,5
58433,60,71,-11,11
58434,75,78,-3,3
58435,164,146,18,18
58436,71,84,-13,13
58437,125,104,21,21
58438,86,92,-6,6
58439,62,66,-4,4
58440,82,85,-3,3
58441,55,64,-9,9
58442,58,77,-19,19
58443,52,70,-18,18
58444,107,101,6,6
58445,82,93,-11,11
58446,118,117,1,1
58447,104,101,3,3
58448,65,70,-5,5
58449,148,152,-4,4
58450,104,108,-4,4
58451,189,169,20,20
58452,126,128,-2,2
58453,92,89,3,3
58454,122,119,3,3
58455,75,80,-5,5
58456,99,99,0,0
58457,99,101,-2,2
58458,154,146,8,8
58459,89,98,-9,9
58460,145,141,4,4
58461,81,76,5,5
58462,146,154,-8,8
58463,171,166,5,5
58464,52,62,-10,10
58465,81,79,2,2
58466,102,100,2,2
58467,137,142,-5,5
58468,43,56,-13,13
58469,93,99,-6,6
58470,62,70,-8,8
58471,110,102,8,8
58472,78,79,-1,1
58473,112,118,-6,6
58474,64,75,-11,11
58475,52,61,-9,9
58476,51,74,-23,23
58477,71,82,-11,11
58478,62,71,-9,9
58479,54,60,-6,6
58480,81,72,9,9
58481,156,133,23,23
58482,76,83,-7,7
58483,74,73,1,1
58484,63,75,-12,12
58485,59,62,-3,3
58486,45,56,-11,11
58487,127,108,19,19
58488,110,102,8,8
58489,68,74,-6,6
58490,89,92,-3,3
58491,64,71,-7,7
58492,116,120,-4,4
58493,68,78,-10,10
58494,211,200,11,11
58495,93,91,2,2
58496,79,83,-4,4
58497,84,86,-2,2
58498,73,76,-3,3
58499,82,81,1,1
58500,80,99,-19,19
58501,75,82,-7,7
58502,83,87,-4,4
58503,123,119,4,4
58504,52,57,-5,5
58505,133,123,10,10
58506,90,88,2,2
58507,70,73,-3,3
58508,74,84,-10,10
58509,84,90,-6,6
58510,90,94,-4,4
58511,92,95,-3,3
58512,55,72,-17,17
58513,62,73,-11,11
58514,120,117,3,3
58515,84,89,-5,5
58516,83,80,3,3
58517,95,112,-17,17
58518,79,77,2,2
58519,89,96,-7,7
58520,149,137,12,12
58521,81,112,-31,31
58522,91,97,-6,6
58523,87,80,7,7
58524,76,81,-5,5
58525,45,56,-11,11
58526,226,212,14,14
58527,125,118,7,7
58528,148,155,-7,7
58529,60,69,-9,9
58530,134,129,5,5
58531,165,150,15,15
58532,129,119,10,10
58533,65,69,-4,4
58534,89,88,1,1
58535,95,100,-5,5
58536,83,86,-3,3
58537,79,82,-3,3
58538,111,104,7,7
58539,83,84,-1,1
58540,121,118,3,3
58541,97,99,-2,2
58542,114,115,-1,1
58543,55,61,-6,6
58544,118,113,5,5
58545,95,92,3,3
58546,80,81,-1,1
58547,112,113,-1,1
58548,127,119,8,8
58549,140,127,13,13
58550,100,159,-59,59
58551,50,62,-12,12
58552,130,123,7,7
58553,77,82,-5,5
58554,86,97,-11,11
58555,117,102,15,15
58556,163,154,9,9
58557,78,84,-6,6
58558,118,114,4,4
58559,110,115,-5,5
58560,93,87,6,6
58561,76,94,-18,18
58562,71,71,0,0
58563,85,89,-4,4
58564,39,55,-16,16
58565,77,86,-9,9
58566,57,65,-8,8
58567,68,75,-7,7
58568,74,78,-4,4
58569,80,80,0,0
58570,86,92,-6,6
58571,55,63,-8,8
58572,129,110,19,19
58573,181,177,4,4
58574,71,76,-5,5
58575,106,124,-18,18
58576,43,57,-14,14
58577,157,147,10,10
58578,68,74,-6,6
58579,134,122,12,12
58580,137,141,-4,4
58581,71,77,-6,6
58582,48,58,-10,10
58583,45,62,-17,17
58584,75,82,-7,7
58585,67,84,-17,17
58586,108,100,8,8
58587,81,83,-2,2
58588,94,97,-3,3
58589,229,209,20,20
58590,58,69,-11,11
58591,75,86,-11,11
58592,97,113,-16,16
58593,142,135,7,7
58594,196,156,40,40
58595,78,82,-4,4
58596,101,111,-10,10
58597,100,96,4,4
58598,82,80,2,2
58599,100,102,-2,2
58600,81,88,-7,7
58601,81,92,-11,11
58602,106,126,-20,20
58603,74,73,1,1
58604,77,91,-14,14
58605,124,116,8,8
58606,35,51,-16,16
58607,76,86,-10,10
58608,106,104,2,2
58609,83,90,-7,7
58610,82,88,-6,6
58611,77,81,-4,4
58612,113,109,4,4
58613,86,84,2,2
58614,115,108,7,7
58615,98,96,2,2
58616,69,82,-13,13
58617,90,98,-8,8
58618,99,96,3,3
58619,59,75,-16,16
58620,109,101,8,8
58621,72,81,-9,9
58622,130,122,8,8
58623,118,119,-1,1
58624,113,108,5,5
58625,98,97,1,1
58626,102,97,5,5
58627,142,124,18,18
58628,95,104,-9,9
58629,89,93,-4,4
58630,45,67,-22,22
58631,35,41,-6,6
58632,54,66,-12,12
58633,102,91,11,11
58634,27,30,-3,3
58635,66,71,-5,5
58636,35,57,-22,22
58637,115,107,8,8
58638,148,139,9,9
58639,98,93,5,5
58640,115,118,-3,3
58641,79,92,-13,13
58642,84,87,-3,3
58643,147,139,8,8
58644,79,78,1,1
58645,62,68,-6,6
58646,95,89,6,6
58647,71,76,-5,5
58648,66,75,-9,9
58649,84,89,-5,5
58650,142,128,14,14
58651,142,124,18,18
58652,91,95,-4,4
58653,102,101,1,1
58654,105,134,-29,29
58655,66,69,-3,3
58656,83,92,-9,9
58657,63,71,-8,8
58658,66,77,-11,11
58659,109,121,-12,12
58660,71,74,-3,3
58661,92,95,-3,3
58662,139,141,-2,2
58663,117,118,-1,1
58664,120,119,1,1
58665,94,109,-15,15
58666,99,98,1,1
58667,58,64,-6,6
58668,129,126,3,3
58669,66,80,-14,14
58670,126,105,21,21
58671,111,118,-7,7
58672,54,61,-7,7
58673,153,125,28,28
58674,82,86,-4,4
58675,56,68,-12,12
58676,59,71,-12,12
58677,146,127,19,19
58678,64,71,-7,7
58679,56,66,-10,10
58680,60,66,-6,6
58681,21,55,-34,34
58682,132,131,1,1
58683,85,89,-4,4
58684,113,106,7,7
58685,81,84,-3,3
58686,110,111,-1,1
58687,98,95,3,3
58688,86,94,-8,8
58689,102,100,2,2
58690,129,146,-17,17
58691,89,86,3,3
58692,121,120,1,1
58693,104,101,3,3
58694,63,73,-10,10
58695,138,125,13,13
58696,119,131,-12,12
58697,92,93,-1,1
58698,113,107,6,6
58699,97,98,-1,1
58700,162,145,17,17
58701,41,58,-17,17
58702,112,112,0,0
58703,124,119,5,5
58704,76,80,-4,4
58705,116,118,-2,2
58706,86,83,3,3
58707,69,71,-2,2
58708,99,105,-6,6
58709,65,75,-10,10
58710,70,84,-14,14
58711,111,100,11,11
58712,79,78,1,1
58713,92,97,-5,5
58714,92,87,5,5
58715,126,122,4,4
58716,109,105,4,4
58717,65,78,-13,13
58718,79,79,0,0
58719,160,149,11,11
58720,75,84,-9,9
58721,95,92,3,3
58722,97,95,2,2
58723,102,103,-1,1
58724,75,78,-3,3
58725,119,121,-2,2
58726,31,38,-7,7
58727,137,123,14,14
58728,99,107,-8,8
58729,135,125,10,10
58730,143,140,3,3
58731,128,122,6,6
58732,135,130,5,5
58733,56,61,-5,5
58734,79,76,3,3
58735,157,136,21,21
58736,103,112,-9,9
58737,147,137,10,10
58738,78,81,-3,3
58739,124,119,5,5
58740,57,71,-14,14
58741,63,84,-21,21
58742,79,80,-1,1
58743,87,94,-7,7
58744,105,99,6,6
58745,119,112,7,7
58746,41,54,-13,13
58747,62,75,-13,13
58748,148,149,-1,1
58749,113,108,5,5
58750,236,207,29,29
58751,49,62,-13,13
58752,78,88,-10,10
58753,105,106,-1,1
58754,136,126,10,10
58755,93,96,-3,3
58756,55,67,-12,12
58757,87,92,-5,5
58758,67,81,-14,14
58759,113,104,9,9
58760,52,62,-10,10
58761,102,123,-21,21
58762,149,127,22,22
58763,65,79,-14,14
58764,106,99,7,7
58765,88,87,1,1
58766,175,151,24,24
58767,116,119,-3,3
58768,128,124,4,4
58769,86,90,-4,4
58770,154,126,28,28
58771,93,93,0,0
58772,65,98,-33,33
58773,119,118,1,1
58774,81,82,-1,1
58775,93,112,-19,19
58776,77,84,-7,7
58777,144,119,25,25
58778,105,106,-1,1
58779,111,96,15,15
58780,143,127,16,16
58781,96,94,2,2
58782,86,97,-11,11
58783,78,81,-3,3
58784,136,127,9,9
58785,82,83,-1,1
58786,91,92,-1,1
58787,83,89,-6,6
58788,106,108,-2,2
58789,94,99,-5,5
58790,99,103,-4,4
58791,78,79,-1,1
58792,154,140,14,14
58793,77,72,5,5
58794,184,168,16,16
58795,192,172,20,20
58796,77,80,-3,3
58797,105,107,-2,2
58798,62,74,-12,12
58799,103,100,3,3
58800,59,68,-9,9
58801,77,75,2,2
58802,155,152,3,3
58803,90,88,2,2
58804,98,118,-20,20
58805,93,94,-1,1
58806,132,130,2,2
58807,115,116,-1,1
58808,67,72,-5,5
58809,198,187,11,11
58810,90,88,2,2
58811,114,109,5,5
58812,108,108,0,0
58813,77,86,-9,9
58814,114,121,-7,7
58815,126,135,-9,9
58816,86,87,-1,1
58817,67,75,-8,8
58818,108,105,3,3
58819,92,94,-2,2
58820,123,120,3,3
58821,96,100,-4,4
58822,64,70,-6,6
58823,166,152,14,14
58824,218,196,22,22
58825,89,94,-5,5
58826,76,83,-7,7
58827,69,75,-6,6
58828,122,119,3,3
58829,115,116,-1,1
58830,87,109,-22,22
58831,119,115,4,4
58832,95,92,3,3
58833,82,85,-3,3
58834,57,67,-10,10
58835,100,106,-6,6
58836,86,84,2,2
58837,101,94,7,7
58838,65,65,0,0
58839,106,103,3,3
58840,75,79,-4,4
58841,142,127,15,15
58842,81,79,2,2
58843,77,87,-10,10
58844,59,65,-6,6
58845,130,114,16,16
58846,100,95,5,5
58847,92,98,-6,6
58848,55,66,-11,11
58849,101,126,-25,25
58850,66,71,-5,5
58851,108,98,10,10
58852,83,88,-5,5
58853,69,71,-2,2
58854,140,126,14,14
58855,87,84,3,3
58856,96,99,-3,3
58857,167,138,29,29
58858,72,76,-4,4
58859,88,93,-5,5
58860,124,116,8,8
58861,91,96,-5,5
58862,51,61,-10,10
58863,87,77,10,10
58864,92,97,-5,5
58865,58,68,-10,10
58866,45,57,-12,12
58867,95,91,4,4
58868,134,120,14,14
58869,91,93,-2,2
58870,121,113,8,8
58871,51,58,-7,7
58872,58,65,-7,7
58873,48,61,-13,13
58874,75,83,-8,8
58875,46,61,-15,15
58876,56,68,-12,12
58877,87,86,1,1
58878,47,71,-24,24
58879,88,94,-6,6
58880,112,104,8,8
58881,56,68,-12,12
58882,104,103,1,1
58883,61,67,-6,6
58884,96,99,-3,3
58885,113,103,10,10
58886,66,69,-3,3
58887,153,149,4,4
58888,115,120,-5,5
58889,100,102,-2,2
58890,73,76,-3,3
58891,89,80,9,9
58892,101,109,-8,8
58893,82,94,-12,12
58894,89,99,-10,10
58895,94,101,-7,7
58896,93,91,2,2
58897,113,112,1,1
58898,129,121,8,8
58899,68,69,-1,1
58900,68,69,-1,1
58901,94,93,1,1
58902,157,141,16,16
58903,99,97,2,2
58904,54,68,-14,14
58905,123,116,7,7
58906,94,86,8,8
58907,183,171,12,12
58908,74,77,-3,3
58909,59,67,-8,8
58910,173,154,19,19
58911,122,115,7,7
58912,75,77,-2,2
58913,77,85,-8,8
58914,63,71,-8,8
58915,90,96,-6,6
58916,56,70,-14,14
58917,82,87,-5,5
58918,86,105,-19,19
58919,149,142,7,7
58920,108,102,6,6
58921,73,78,-5,5
58922,67,76,-9,9
58923,93,96,-3,3
58924,55,64,-9,9
58925,108,112,-4,4
58926,118,111,7,7
58927,30,48,-18,18
58928,70,63,7,7
58929,94,97,-3,3
58930,84,84,0,0
58931,77,78,-1,1
58932,64,68,-4,4
58933,103,104,-1,1
58934,93,116,-23,23
58935,91,87,4,4
58936,65,74,-9,9
58937,108,101,7,7
58938,117,105,12,12
58939,45,57,-12,12
58940,113,117,-4,4
58941,70,73,-3,3
58942,75,96,-21,21
58943,79,83,-4,4
58944,59,65,-6,6
58945,59,66,-7,7
58946,42,62,-20,20
58947,96,91,5,5
58948,109,102,7,7
58949,95,102,-7,7
58950,126,121,5,5
58951,89,96,-7,7
58952,99,102,-3,3
58953,145,140,5,5
58954,108,103,5,5
58955,84,87,-3,3
58956,82,91,-9,9
58957,171,156,15,15
58958,103,96,7,7
58959,118,109,9,9
58960,180,155,25,25
58961,61,69,-8,8
58962,163,142,21,21
58963,135,143,-8,8
58964,152,135,17,17
58965,109,95,14,14
58966,61,74,-13,13
58967,108,109,-1,1
58968,181,181,0,0
58969,104,109,-5,5
58970,105,100,5,5
58971,68,77,-9,9
58972,116,138,-22,22
58973,144,131,13,13
58974,85,84,1,1
58975,141,144,-3,3
58976,152,151,1,1
58977,114,116,-2,2
58978,143,130,13,13
58979,155,144,11,11
58980,191,169,22,22
58981,102,97,5,5
58982,77,79,-2,2
58983,97,102,-5,5
58984,85,96,-11,11
58985,82,82,0,0
58986,83,83,0,0
58987,64,71,-7,7
58988,135,131,4,4
58989,86,85,1,1
58990,59,64,-5,5
58991,71,69,2,2
58992,65,62,3,3
58993,134,124,10,10
58994,85,90,-5,5
58995,159,147,12,12
58996,145,144,1,1
58997,66,77,-11,11
58998,71,78,-7,7
58999,154,129,25,25
59000,159,161,-2,2
59001,50,61,-11,11
59002,95,102,-7,7
59003,81,82,-1,1
59004,128,112,16,16
59005,79,81,-2,2
59006,93,99,-6,6
59007,156,149,7,7
59008,107,104,3,3
59009,48,61,-13,13
59010,49,62,-13,13
59011,52,111,-59,59
59012,43,59,-16,16
59013,166,152,14,14
59014,59,69,-10,10
59015,97,93,4,4
59016,143,148,-5,5
59017,107,115,-8,8
59018,122,118,4,4
59019,77,79,-2,2
59020,77,84,-7,7
59021,52,63,-11,11
59022,70,77,-7,7
59023,93,94,-1,1
59024,93,106,-13,13
59025,110,115,-5,5
59026,53,66,-13,13
59027,67,71,-4,4
59028,185,169,16,16
59029,90,81,9,9
59030,107,102,5,5
59031,148,147,1,1
59032,119,120,-1,1
59033,95,104,-9,9
59034,112,97,15,15
59035,171,174,-3,3
59036,110,93,17,17
59037,76,86,-10,10
59038,99,96,3,3
59039,94,101,-7,7
59040,107,112,-5,5
59041,73,79,-6,6
59042,133,118,15,15
59043,70,83,-13,13
59044,80,74,6,6
59045,149,135,14,14
59046,78,65,13,13
59047,95,96,-1,1
59048,79,91,-12,12
59049,42,63,-21,21
59050,73,75,-2,2
59051,346,256,90,90
59052,70,48,22,22
59053,75,81,-6,6
59054,144,140,4,4
59055,63,69,-6,6
59056,80,85,-5,5
59057,124,111,13,13
59058,69,73,-4,4
59059,99,98,1,1
59060,140,116,24,24
59061,117,113,4,4
59062,58,70,-12,12
59063,84,89,-5,5
59064,47,58,-11,11
59065,86,85,1,1
59066,52,65,-13,13
59067,77,84,-7,7
59068,69,75,-6,6
59069,107,102,5,5
59070,118,104,14,14
59071,81,96,-15,15
59072,109,102,7,7
59073,97,104,-7,7
59074,85,89,-4,4
59075,81,78,3,3
59076,65,67,-2,2
59077,101,113,-12,12
59078,90,100,-10,10
59079,68,81,-13,13
59080,59,63,-4,4
59081,97,97,0,0
59082,104,101,3,3
59083,52,60,-8,8
59084,58,69,-11,11
59085,64,76,-12,12
59086,92,92,0,0
59087,179,155,24,24
59088,112,102,10,10
59089,100,109,-9,9
59090,60,65,-5,5
59091,102,102,0,0
59092,111,104,7,7
59093,100,95,5,5
59094,80,80,0,0
59095,89,87,2,2
59096,124,128,-4,4
59097,70,76,-6,6
59098,85,95,-10,10
59099,79,87,-8,8
59100,74,77,-3,3
59101,66,68,-2,2
59102,75,83,-8,8
59103,83,89,-6,6
59104,65,76,-11,11
59105,119,119,0,0
59106,102,99,3,3
59107,81,88,-7,7
59108,77,82,-5,5
59109,81,84,-3,3
59110,94,99,-5,5
59111,103,106,-3,3
59112,104,101,3,3
59113,118,105,13,13
59114,90,87,3,3
59115,71,79,-8,8
59116,114,108,6,6
59117,120,99,21,21
59118,85,84,1,1
59119,79,85,-6,6
59120,49,58,-9,9
59121,74,77,-3,3
59122,99,98,1,1
59123,106,114,-8,8
59124,89,93,-4,4
59125,21,47,-26,26
59126,114,112,2,2
59127,90,101,-11,11
59128,129,120,9,9
59129,64,69,-5,5
59130,44,58,-14,14
59131,150,130,20,20
59132,136,128,8,8
59133,119,121,-2,2
59134,68,82,-14,14
59135,87,98,-11,11
59136,66,77,-11,11
59137,103,102,1,1
59138,117,115,2,2
59139,111,98,13,13
59140,112,91,21,21
59141,101,97,4,4
59142,143,139,4,4
59143,81,85,-4,4
59144,180,153,27,27
59145,61,68,-7,7
59146,131,124,7,7
59147,70,77,-7,7
59148,107,107,0,0
59149,135,119,16,16
59150,92,91,1,1
59151,81,83,-2,2
59152,108,104,4,4
59153,90,90,0,0
59154,86,83,3,3
59155,127,118,9,9
59156,47,60,-13,13
59157,130,122,8,8
59158,84,94,-10,10
59159,79,83,-4,4
59160,91,94,-3,3
59161,120,109,11,11
59162,80,84,-4,4
59163,59,71,-12,12
59164,81,95,-14,14
59165,143,140,3,3
59166,117,101,16,16
59167,143,133,10,10
59168,154,121,33,33
59169,57,69,-12,12
59170,69,72,-3,3
59171,44,57,-13,13
59172,84,95,-11,11
59173,96,93,3,3
59174,80,80,0,0
59175,61,79,-18,18
59176,64,80,-16,16
59177,67,76,-9,9
59178,108,104,4,4
59179,87,92,-5,5
59180,87,89,-2,2
59181,112,98,14,14
59182,147,139,8,8
59183,143,133,10,10
59184,124,117,7,7
59185,160,142,18,18
59186,109,108,1,1
59187,71,73,-2,2
59188,138,129,9,9
59189,76,80,-4,4
59190,96,91,5,5
59191,94,94,0,0
59192,44,56,-12,12
59193,83,92,-9,9
59194,49,60,-11,11
59195,75,89,-14,14
59196,104,111,-7,7
59197,75,79,-4,4
59198,93,95,-2,2
59199,96,101,-5,5
59200,81,93,-12,12
59201,80,81,-1,1
59202,97,85,12,12
59203,65,75,-10,10
59204,46,61,-15,15
59205,79,86,-7,7
59206,88,92,-4,4
59207,62,80,-18,18
59208,84,81,3,3
59209,70,76,-6,6
59210,129,129,0,0
59211,104,84,20,20
59212,116,119,-3,3
59213,126,118,8,8
59214,95,101,-6,6
59215,66,71,-5,5
59216,81,82,-1,1
59217,133,115,18,18
59218,95,98,-3,3
59219,151,134,17,17
59220,88,92,-4,4
59221,110,111,-1,1
59222,69,70,-1,1
59223,106,98,8,8
59224,64,74,-10,10
59225,126,112,14,14
59226,41,58,-17,17
59227,97,97,0,0
59228,46,78,-32,32
59229,52,73,-21,21
59230,66,66,0,0
59231,81,82,-1,1
59232,81,88,-7,7
59233,85,86,-1,1
59234,35,50,-15,15
59235,118,108,10,10
59236,94,96,-2,2
59237,92,85,7,7
59238,55,66,-11,11
59239,99,96,3,3
59240,68,76,-8,8
59241,56,64,-8,8
59242,97,102,-5,5
59243,110,115,-5,5
59244,152,135,17,17
59245,40,58,-18,18
59246,52,69,-17,17
59247,169,166,3,3
59248,160,140,20,20
59249,78,79,-1,1
59250,77,92,-15,15
59251,40,56,-16,16
59252,93,116,-23,23
59253,115,107,8,8
59254,108,112,-4,4
59255,69,77,-8,8
59256,126,146,-20,20
59257,133,141,-8,8
59258,116,115,1,1
59259,76,92,-16,16
59260,42,58,-16,16
59261,74,83,-9,9
59262,145,133,12,12
59263,72,73,-1,1
59264,103,110,-7,7
59265,67,75,-8,8
59266,139,121,18,18
59267,93,93,0,0
59268,112,106,6,6
59269,176,165,11,11
59270,70,75,-5,5
59271,158,128,30,30
59272,71,76,-5,5
59273,47,54,-7,7
59274,93,88,5,5
59275,57,74,-17,17
59276,75,76,-1,1
59277,62,77,-15,15
59278,104,121,-17,17
59279,143,138,5,5
59280,83,81,2,2
59281,75,76,-1,1
59282,92,93,-1,1
59283,60,75,-15,15
59284,117,113,4,4
59285,64,73,-9,9
59286,61,69,-8,8
59287,87,80,7,7
59288,175,171,4,4
59289,58,67,-9,9
59290,77,73,4,4
59291,96,83,13,13
59292,120,122,-2,2
59293,176,155,21,21
59294,132,125,7,7
59295,67,73,-6,6
59296,73,79,-6,6
59297,120,138,-18,18
59298,71,77,-6,6
59299,63,67,-4,4
59300,74,74,0,0
59301,35,62,-27,27
59302,129,116,13,13
59303,132,133,-1,1
59304,75,82,-7,7
59305,122,115,7,7
59306,89,89,0,0
59307,90,87,3,3
59308,71,78,-7,7
59309,92,85,7,7
59310,184,158,26,26
59311,59,89,-30,30
59312,90,95,-5,5
59313,100,112,-12,12
59314,83,85,-2,2
59315,83,89,-6,6
59316,78,84,-6,6
59317,106,104,2,2
59318,107,110,-3,3
59319,45,60,-15,15
59320,82,89,-7,7
59321,85,95,-10,10
59322,109,93,16,16
59323,70,79,-9,9
59324,70,81,-11,11
59325,109,110,-1,1
59326,62,68,-6,6
59327,63,76,-13,13
59328,67,79,-12,12
59329,38,51,-13,13
59330,45,55,-10,10
59331,111,101,10,10
59332,99,110,-11,11
59333,52,65,-13,13
59334,93,94,-1,1
59335,103,118,-15,15
59336,86,89,-3,3
59337,69,74,-5,5
59338,52,82,-30,30
59339,215,175,40,40
59340,90,91,-1,1
59341,54,65,-11,11
59342,110,105,5,5
59343,97,91,6,6
59344,150,117,33,33
59345,142,129,13,13
59346,57,75,-18,18
59347,116,108,8,8
59348,177,154,23,23
59349,109,107,2,2
59350,78,82,-4,4
59351,79,85,-6,6
59352,51,63,-12,12
59353,80,87,-7,7
59354,99,108,-9,9
59355,49,59,-10,10
59356,153,149,4,4
59357,174,158,16,16
59358,100,100,0,0
59359,147,129,18,18
59360,75,90,-15,15
59361,138,122,16,16
59362,78,79,-1,1
59363,77,86,-9,9
59364,93,87,6,6
59365,148,135,13,13
59366,176,153,23,23
59367,74,78,-4,4
59368,178,177,1,1
59369,107,112,-5,5
59370,103,99,4,4
59371,125,118,7,7
59372,119,109,10,10
59373,98,99,-1,1
59374,69,69,0,0
59375,72,75,-3,3
59376,81,97,-16,16
59377,54,67,-13,13
59378,110,109,1,1
59379,84,89,-5,5
59380,148,141,7,7
59381,61,64,-3,3
59382,94,100,-6,6
59383,79,95,-16,16
59384,77,79,-2,2
59385,83,87,-4,4
59386,102,92,10,10
59387,99,98,1,1
59388,104,98,6,6
59389,128,133,-5,5
59390,73,82,-9,9
59391,85,86,-1,1
59392,123,131,-8,8
59393,87,94,-7,7
59394,135,115,20,20
59395,71,74,-3,3
59396,81,98,-17,17
59397,64,68,-4,4
59398,71,75,-4,4
59399,105,102,3,3
59400,59,64,-5,5
59401,140,130,10,10
59402,161,150,11,11
59403,100,94,6,6
59404,89,93,-4,4
59405,64,73,-9,9
59406,154,144,10,10
59407,167,126,41,41
59408,178,158,20,20
59409,88,81,7,7
59410,79,101,-22,22
59411,72,82,-10,10
59412,85,86,-1,1
59413,92,94,-2,2
59414,71,84,-13,13
59415,60,72,-12,12
59416,66,69,-3,3
59417,95,89,6,6
59418,82,82,0,0
59419,82,91,-9,9
59420,91,85,6,6
59421,121,110,11,11
59422,78,82,-4,4
59423,148,137,11,11
59424,95,96,-1,1
59425,138,140,-2,2
59426,61,72,-11,11
59427,66,74,-8,8
59428,83,84,-1,1
59429,61,74,-13,13
59430,60,66,-6,6
59431,56,64,-8,8
59432,127,121,6,6
59433,62,66,-4,4
59434,133,132,1,1
59435,79,78,1,1
59436,123,104,19,19
59437,53,64,-11,11
59438,79,83,-4,4
59439,126,113,13,13
59440,117,129,-12,12
59441,136,128,8,8
59442,81,104,-23,23
59443,105,123,-18,18
59444,118,121,-3,3
59445,66,74,-8,8
59446,59,63,-4,4
59447,129,128,1,1
59448,93,101,-8,8
59449,87,92,-5,5
59450,45,59,-14,14
59451,64,69,-5,5
59452,121,120,1,1
59453,168,144,24,24
59454,81,78,3,3
59455,99,96,3,3
59456,117,103,14,14
59457,95,88,7,7
59458,66,75,-9,9
59459,122,112,10,10
59460,112,120,-8,8
59461,71,84,-13,13
59462,172,166,6,6
59463,108,99,9,9
59464,85,87,-2,2
59465,130,121,9,9
59466,64,70,-6,6
59467,74,85,-11,11
59468,63,72,-9,9
59469,145,137,8,8
59470,95,98,-3,3
59471,138,139,-1,1
59472,105,104,1,1
59473,51,65,-14,14
59474,109,118,-9,9
59475,91,107,-16,16
59476,70,70,0,0
59477,129,122,7,7
59478,106,94,12,12
59479,82,83,-1,1
59480,54,63,-9,9
59481,151,152,-1,1
59482,120,111,9,9
59483,151,142,9,9
59484,96,105,-9,9
59485,62,72,-10,10
59486,165,149,16,16
59487,138,124,14,14
59488,128,125,3,3
59489,80,76,4,4
59490,94,98,-4,4
59491,86,95,-9,9
59492,130,124,6,6
59493,154,138,16,16
59494,81,87,-6,6
59495,152,137,15,15
59496,52,73,-21,21
59497,65,72,-7,7
59498,109,95,14,14
59499,72,75,-3,3
59500,103,98,5,5
59501,112,100,12,12
59502,65,79,-14,14
59503,77,88,-11,11
59504,189,181,8,8
59505,178,162,16,16
59506,48,57,-9,9
59507,145,136,9,9
59508,47,71,-24,24
59509,146,136,10,10
59510,118,118,0,0
59511,78,84,-6,6
59512,93,102,-9,9
59513,72,77,-5,5
59514,86,92,-6,6
59515,118,110,8,8
59516,87,89,-2,2
59517,42,58,-16,16
59518,87,98,-11,11
59519,87,93,-6,6
59520,159,150,9,9
59521,96,98,-2,2
59522,50,62,-12,12
59523,76,95,-19,19
59524,111,117,-6,6
59525,140,130,10,10
59526,133,120,13,13
59527,89,99,-10,10
59528,94,99,-5,5
59529,60,64,-4,4
59530,67,78,-11,11
59531,166,140,26,26
59532,74,83,-9,9
59533,88,93,-5,5
59534,113,109,4,4
59535,114,112,2,2
59536,98,93,5,5
59537,52,68,-16,16
59538,109,106,3,3
59539,51,62,-11,11
59540,92,92,0,0
59541,79,86,-7,7
59542,65,73,-8,8
59543,80,85,-5,5
59544,130,119,11,11
59545,90,97,-7,7
59546,108,96,12,12
59547,84,94,-10,10
59548,160,152,8,8
59549,53,63,-10,10
59550,62,75,-13,13
59551,65,82,-17,17
59552,65,73,-8,8
59553,61,67,-6,6
59554,35,51,-16,16
59555,113,106,7,7
59556,69,79,-10,10
59557,56,64,-8,8
59558,103,114,-11,11
59559,76,77,-1,1
59560,106,115,-9,9
59561,157,147,10,10
59562,150,141,9,9
59563,79,82,-3,3
59564,94,97,-3,3
59565,59,71,-12,12
59566,135,150,-15,15
59567,91,98,-7,7
59568,129,122,7,7
59569,80,89,-9,9
59570,58,63,-5,5
59571,96,88,8,8
59572,160,155,5,5
59573,80,79,1,1
59574,55,66,-11,11
59575,101,98,3,3
59576,85,86,-1,1
59577,68,77,-9,9
59578,95,109,-14,14
59579,110,108,2,2
59580,75,78,-3,3
59581,73,81,-8,8
59582,90,94,-4,4
59583,78,86,-8,8
59584,148,135,13,13
59585,94,94,0,0
59586,64,73,-9,9
59587,186,159,27,27
59588,40,56,-16,16
59589,74,80,-6,6
59590,140,128,12,12
59591,103,99,4,4
59592,179,144,35,35
59593,209,166,43,43
59594,114,116,-2,2
59595,44,65,-21,21
59596,84,83,1,1
59597,55,64,-9,9
59598,150,139,11,11
59599,64,68,-4,4
59600,61,73,-12,12
59601,89,93,-4,4
59602,129,115,14,14
59603,61,69,-8,8
59604,125,107,18,18
59605,129,120,9,9
59606,94,98,-4,4
59607,86,81,5,5
59608,124,121,3,3
59609,45,52,-7,7
59610,131,119,12,12
59611,89,89,0,0
59612,140,140,0,0
59613,85,92,-7,7
59614,178,166,12,12
59615,120,116,4,4
59616,135,122,13,13
59617,72,73,-1,1
59618,45,57,-12,12
59619,63,70,-7,7
59620,62,77,-15,15
59621,87,91,-4,4
59622,165,163,2,2
59623,107,125,-18,18
59624,69,85,-16,16
59625,94,96,-2,2
59626,58,67,-9,9
59627,105,102,3,3
59628,115,112,3,3
59629,92,91,1,1
59630,80,82,-2,2
59631,154,158,-4,4
59632,61,62,-1,1
59633,115,112,3,3
59634,52,60,-8,8
59635,69,73,-4,4
59636,58,71,-13,13
59637,92,97,-5,5
59638,56,68,-12,12
59639,94,106,-12,12
59640,70,80,-10,10
59641,126,102,24,24
59642,77,83,-6,6
59643,77,78,-1,1
59644,160,152,8,8
59645,69,75,-6,6
59646,73,78,-5,5
59647,72,79,-7,7
59648,72,76,-4,4
59649,124,120,4,4
59650,78,79,-1,1
59651,81,84,-3,3
59652,156,145,11,11
59653,67,71,-4,4
59654,118,115,3,3
59655,79,78,1,1
59656,81,80,1,1
59657,87,83,4,4
59658,57,76,-19,19
59659,70,174,-104,104
59660,147,112,35,35
59661,141,128,13,13
59662,42,62,-20,20
59663,89,95,-6,6
59664,94,95,-1,1
59665,103,104,-1,1
59666,100,102,-2,2
59667,56,66,-10,10
59668,85,84,1,1
59669,77,80,-3,3
59670,89,91,-2,2
59671,125,133,-8,8
59672,41,54,-13,13
59673,135,119,16,16
59674,70,86,-16,16
59675,51,59,-8,8
59676,86,97,-11,11
59677,100,100,0,0
59678,103,106,-3,3
59679,62,71,-9,9
59680,153,133,20,20
59681,173,160,13,13
59682,137,143,-6,6
59683,107,97,10,10
59684,161,142,19,19
59685,139,135,4,4
59686,62,64,-2,2
59687,71,72,-1,1
59688,104,126,-22,22
59689,115,109,6,6
59690,144,137,7,7
59691,76,83,-7,7
59692,168,155,13,13
59693,76,77,-1,1
59694,78,86,-8,8
59695,94,121,-27,27
59696,92,93,-1,1
59697,96,91,5,5
59698,131,119,12,12
59699,93,97,-4,4
59700,93,87,6,6
59701,60,73,-13,13
59702,78,73,5,5
59703,72,84,-12,12
59704,141,110,31,31
59705,116,109,7,7
59706,83,94,-11,11
59707,78,89,-11,11
59708,79,82,-3,3
59709,113,115,-2,2
59710,46,60,-14,14
59711,93,98,-5,5
59712,99,92,7,7
59713,103,116,-13,13
59714,98,91,7,7
59715,113,105,8,8
59716,121,134,-13,13
59717,58,69,-11,11
59718,92,92,0,0
59719,89,97,-8,8
59720,99,100,-1,1
59721,89,93,-4,4
59722,79,86,-7,7
59723,138,127,11,11
59724,79,83,-4,4
59725,73,84,-11,11
59726,88,86,2,2
59727,73,87,-14,14
59728,95,99,-4,4
59729,104,107,-3,3
59730,77,77,0,0
59731,54,66,-12,12
59732,128,124,4,4
59733,88,94,-6,6
59734,89,90,-1,1
59735,100,104,-4,4
59736,132,126,6,6
59737,73,84,-11,11
59738,69,78,-9,9
59739,88,82,6,6
59740,127,121,6,6
59741,135,131,4,4
59742,71,77,-6,6
59743,133,125,8,8
59744,98,98,0,0
59745,96,87,9,9
59746,121,113,8,8
59747,110,99,11,11
59748,63,73,-10,10
59749,149,137,12,12
59750,75,94,-19,19
59751,61,79,-18,18
59752,203,172,31,31
59753,106,107,-1,1
59754,90,91,-1,1
59755,111,96,15,15
59756,98,92,6,6
59757,70,89,-19,19
59758,77,76,1,1
59759,65,75,-10,10
59760,110,108,2,2
59761,82,95,-13,13
59762,135,126,9,9
59763,133,126,7,7
59764,93,92,1,1
59765,96,103,-7,7
59766,83,89,-6,6
59767,83,86,-3,3
59768,114,103,11,11
59769,169,170,-1,1
59770,83,78,5,5
59771,87,88,-1,1
59772,80,95,-15,15
59773,64,75,-11,11
59774,185,164,21,21
59775,110,100,10,10
59776,109,100,9,9
59777,52,62,-10,10
59778,103,100,3,3
59779,34,55,-21,21
59780,69,118,-49,49
59781,154,137,17,17
59782,149,138,11,11
59783,81,81,0,0
59784,81,85,-4,4
59785,68,75,-7,7
59786,93,86,7,7
59787,57,64,-7,7
59788,129,124,5,5
59789,98,99,-1,1
59790,117,123,-6,6
59791,76,87,-11,11
59792,36,32,4,4
59793,130,122,8,8
59794,81,85,-4,4
59795,72,84,-12,12
59796,76,84,-8,8
59797,63,73,-10,10
59798,97,96,1,1
59799,61,71,-10,10
59800,85,88,-3,3
59801,110,127,-17,17
59802,85,85,0,0
59803,77,92,-15,15
59804,127,118,9,9
59805,49,60,-11,11
59806,85,86,-1,1
59807,83,94,-11,11
59808,132,133,-1,1
59809,136,133,3,3
59810,73,76,-3,3
59811,71,79,-8,8
59812,79,82,-3,3
59813,88,96,-8,8
59814,70,125,-55,55
59815,75,76,-1,1
59816,46,53,-7,7
59817,101,98,3,3
59818,128,136,-8,8
59819,92,89,3,3
59820,149,125,24,24
59821,122,93,29,29
59822,79,98,-19,19
59823,48,73,-25,25
59824,101,101,0,0
59825,94,93,1,1
59826,125,122,3,3
59827,91,100,-9,9
59828,78,81,-3,3
59829,121,117,4,4
59830,166,141,25,25
59831,96,95,1,1
59832,124,141,-17,17
59833,159,143,16,16
59834,66,76,-10,10
59835,82,84,-2,2
59836,75,82,-7,7
59837,59,64,-5,5
59838,85,88,-3,3
59839,99,91,8,8
59840,148,134,14,14
59841,109,99,10,10
59842,81,86,-5,5
59843,99,93,6,6
59844,47,56,-9,9
59845,78,84,-6,6
59846,85,89,-4,4
59847,76,87,-11,11
59848,54,57,-3,3
59849,106,112,-6,6
59850,83,82,1,1
59851,66,73,-7,7
59852,47,67,-20,20
59853,60,72,-12,12
59854,109,108,1,1
59855,122,118,4,4
59856,92,91,1,1
59857,102,95,7,7
59858,130,132,-2,2
59859,104,99,5,5
59860,106,95,11,11
59861,74,80,-6,6
59862,149,144,5,5
59863,46,67,-21,21
59864,55,64,-9,9
59865,81,84,-3,3
59866,86,94,-8,8
59867,159,145,14,14
59868,49,61,-12,12
59869,76,85,-9,9
59870,109,107,2,2
59871,88,82,6,6
59872,66,76,-10,10
59873,95,98,-3,3
59874,123,114,9,9
59875,49,63,-14,14
59876,60,65,-5,5
59877,140,132,8,8
59878,72,72,0,0
59879,103,107,-4,4
59880,88,98,-10,10
59881,94,96,-2,2
59882,97,94,3,3
59883,112,108,4,4
59884,37,61,-24,24
59885,70,81,-11,11
59886,217,198,19,19
59887,159,140,19,19
59888,86,90,-4,4
59889,116,117,-1,1
59890,76,77,-1,1
59891,159,140,19,19
59892,102,98,4,4
59893,72,80,-8,8
59894,102,103,-1,1
59895,94,87,7,7
59896,56,63,-7,7
59897,136,137,-1,1
59898,78,79,-1,1
59899,75,83,-8,8
59900,138,132,6,6
59901,79,81,-2,2
59902,89,94,-5,5
59903,63,77,-14,14
59904,59,63,-4,4
59905,127,125,2,2
59906,100,94,6,6
59907,60,69,-9,9
59908,100,99,1,1
59909,108,98,10,10
59910,152,139,13,13
59911,118,119,-1,1
59912,81,88,-7,7
59913,49,57,-8,8
59914,90,89,1,1
59915,97,96,1,1
59916,90,89,1,1
59917,138,128,10,10
59918,116,126,-10,10
59919,86,90,-4,4
59920,106,97,9,9
59921,155,138,17,17
59922,100,97,3,3
59923,66,74,-8,8
59924,84,86,-2,2
59925,103,102,1,1
59926,56,70,-14,14
59927,100,95,5,5
59928,93,92,1,1
59929,135,134,1,1
59930,32,47,-15,15
59931,93,105,-12,12
59932,107,124,-17,17
59933,62,74,-12,12
59934,59,68,-9,9
59935,91,94,-3,3
59936,75,84,-9,9
59937,73,77,-4,4
59938,96,102,-6,6
59939,115,114,1,1
59940,63,74,-11,11
59941,85,98,-13,13
59942,72,85,-13,13
59943,158,162,-4,4
59944,91,88,3,3
59945,69,82,-13,13
59946,89,116,-27,27
59947,74,78,-4,4
59948,104,231,-127,127
59949,49,65,-16,16
59950,99,97,2,2
59951,127,121,6,6
59952,73,83,-10,10
59953,49,65,-16,16
59954,87,91,-4,4
59955,157,141,16,16
59956,80,91,-11,11
59957,144,121,23,23
59958,83,97,-14,14
59959,131,129,2,2
59960,95,100,-5,5
59961,141,134,7,7
59962,89,103,-14,14
59963,59,62,-3,3
59964,86,86,0,0
59965,118,117,1,1
59966,78,86,-8,8
59967,148,137,11,11
59968,59,64,-5,5
59969,104,108,-4,4
59970,85,86,-1,1
59971,103,106,-3,3
59972,236,195,41,41
59973,66,82,-16,16
59974,50,73,-23,23
59975,77,77,0,0
59976,114,99,15,15
59977,85,88,-3,3
59978,88,89,-1,1
59979,74,77,-3,3
59980,71,79,-8,8
59981,155,145,10,10
59982,62,74,-12,12
59983,100,94,6,6
59984,82,91,-9,9
59985,113,108,5,5
59986,104,96,8,8
59987,104,99,5,5
59988,105,123,-18,18
59989,153,140,13,13
59990,76,78,-2,2
59991,85,80,5,5
59992,119,124,-5,5
59993,106,97,9,9
59994,73,84,-11,11
59995,137,121,16,16
59996,79,80,-1,1
59997,186,173,13,13
59998,63,73,-10,10
59999,93,93,0,0
60000,126,134,-8,8
60001,70,75,-5,5
60002,128,115,13,13
60003,61,70,-9,9
60004,83,80,3,3
60005,108,101,7,7
60006,87,96,-9,9
60007,97,101,-4,4
60008,62,71,-9,9
60009,129,125,4,4
60010,124,117,7,7
60011,63,72,-9,9
60012,138,127,11,11
60013,53,61,-8,8
60014,76,74,2,2
60015,138,138,0,0
60016,123,125,-2,2
60017,57,64,-7,7
60018,83,83,0,0
60019,96,101,-5,5
60020,119,127,-8,8
60021,72,76,-4,4
60022,78,74,4,4
60023,106,98,8,8
60024,83,81,2,2
60025,71,72,-1,1
60026,205,173,32,32
60027,59,70,-11,11
60028,57,63,-6,6
60029,90,91,-1,1
60030,34,65,-31,31
60031,215,168,47,47
60032,85,90,-5,5
60033,158,150,8,8
60034,136,123,13,13
60035,55,58,-3,3
60036,119,116,3,3
60037,109,139,-30,30
60038,57,65,-8,8
60039,92,89,3,3
60040,99,95,4,4
60041,95,95,0,0
60042,74,73,1,1
60043,84,87,-3,3
60044,107,102,5,5
60045,78,79,-1,1
60046,64,73,-9,9
60047,66,80,-14,14
60048,88,88,0,0
60049,135,118,17,17
60050,139,129,10,10
60051,126,141,-15,15
60052,82,86,-4,4
60053,70,72,-2,2
60054,81,91,-10,10
60055,60,70,-10,10
60056,56,64,-8,8
60057,131,123,8,8
60058,59,69,-10,10
60059,83,80,3,3
60060,145,136,9,9
60061,86,91,-5,5
60062,102,103,-1,1
60063,77,83,-6,6
60064,136,119,17,17
60065,68,71,-3,3
60066,81,80,1,1
60067,82,80,2,2
60068,85,85,0,0
60069,121,119,2,2
60070,69,74,-5,5
60071,56,69,-13,13
60072,170,150,20,20
60073,123,123,0,0
60074,71,75,-4,4
60075,77,83,-6,6
60076,140,130,10,10
60077,141,132,9,9
60078,98,97,1,1
60079,93,89,4,4
60080,69,85,-16,16
60081,104,102,2,2
60082,53,70,-17,17
60083,75,83,-8,8
60084,120,117,3,3
60085,86,97,-11,11
60086,98,97,1,1
60087,84,90,-6,6
60088,88,89,-1,1
60089,113,109,4,4
60090,74,80,-6,6
60091,91,91,0,0
60092,149,130,19,19
60093,82,84,-2,2
60094,84,83,1,1
60095,195,180,15,15
60096,117,121,-4,4
60097,120,121,-1,1
60098,180,161,19,19
60099,80,93,-13,13
60100,122,118,4,4
60101,135,125,10,10
60102,159,152,7,7
60103,107,109,-2,2
60104,76,84,-8,8
60105,85,89,-4,4
60106,87,84,3,3
60107,88,86,2,2
60108,41,56,-15,15
60109,78,80,-2,2
60110,61,68,-7,7
60111,87,88,-1,1
60112,129,116,13,13
60113,84,85,-1,1
60114,142,126,16,16
60115,126,127,-1,1
60116,89,89,0,0
60117,74,74,0,0
60118,51,60,-9,9
60119,141,123,18,18
60120,83,83,0,0
60121,120,150,-30,30
60122,144,137,7,7
60123,67,80,-13,13
60124,82,89,-7,7
60125,67,77,-10,10
60126,85,87,-2,2
60127,62,60,2,2
60128,106,103,3,3
60129,59,67,-8,8
60130,73,75,-2,2
60131,145,136,9,9
60132,65,71,-6,6
60133,72,76,-4,4
60134,118,108,10,10
60135,105,119,-14,14
60136,71,76,-5,5
60137,96,98,-2,2
60138,111,104,7,7
60139,73,94,-21,21
60140,88,84,4,4
60141,210,189,21,21
60142,104,98,6,6
60143,76,76,0,0
60144,43,59,-16,16
60145,110,101,9,9
60146,93,89,4,4
60147,114,108,6,6
60148,190,177,13,13
60149,87,91,-4,4
60150,85,82,3,3
60151,95,97,-2,2
60152,97,113,-16,16
60153,58,66,-8,8
60154,126,132,-6,6
60155,145,125,20,20
60156,61,74,-13,13
60157,113,99,14,14
60158,42,55,-13,13
60159,108,101,7,7
60160,93,89,4,4
60161,157,148,9,9
60162,75,81,-6,6
60163,59,70,-11,11
60164,101,93,8,8
60165,83,82,1,1
60166,95,95,0,0
60167,100,100,0,0
60168,69,74,-5,5
60169,108,110,-2,2
60170,79,75,4,4
60171,105,102,3,3
60172,98,112,-14,14
60173,123,126,-3,3
60174,103,101,2,2
60175,158,143,15,15
60176,98,97,1,1
60177,128,121,7,7
60178,54,62,-8,8
60179,54,72,-18,18
60180,86,90,-4,4
60181,119,119,0,0
60182,67,73,-6,6
60183,114,111,3,3
60184,104,99,5,5
60185,81,86,-5,5
60186,84,82,2,2
60187,86,87,-1,1
60188,93,96,-3,3
60189,75,76,-1,1
60190,69,77,-8,8
60191,96,92,4,4
60192,117,118,-1,1
60193,164,146,18,18
60194,121,115,6,6
60195,93,92,1,1
60196,91,91,0,0
60197,144,135,9,9
60198,101,102,-1,1
60199,135,121,14,14
60200,102,103,-1,1
60201,83,88,-5,5
60202,88,84,4,4
60203,101,106,-5,5
60204,102,104,-2,2
60205,102,110,-8,8
60206,105,99,6,6
60207,99,104,-5,5
60208,151,135,16,16
60209,67,79,-12,12
60210,164,137,27,27
60211,85,89,-4,4
60212,89,95,-6,6
60213,59,66,-7,7
60214,94,88,6,6
60215,123,119,4,4
60216,79,101,-22,22
60217,74,81,-7,7
60218,176,162,14,14
60219,59,74,-15,15
60220,100,102,-2,2
60221,123,123,0,0
60222,104,106,-2,2
60223,145,144,1,1
60224,97,101,-4,4
60225,175,156,19,19
60226,63,69,-6,6
60227,124,118,6,6
60228,68,73,-5,5
60229,139,124,15,15
60230,78,77,1,1
60231,79,78,1,1
60232,48,66,-18,18
60233,141,137,4,4
60234,136,121,15,15
60235,123,127,-4,4
60236,85,88,-3,3
60237,128,119,9,9
60238,97,94,3,3
60239,63,70,-7,7
60240,141,141,0,0
60241,87,89,-2,2
60242,93,102,-9,9
60243,54,62,-8,8
60244,133,119,14,14
60245,50,63,-13,13
60246,71,75,-4,4
60247,75,80,-5,5
60248,165,154,11,11
60249,64,72,-8,8
60250,95,87,8,8
60251,65,67,-2,2
60252,106,102,4,4
60253,91,83,8,8
60254,70,83,-13,13
60255,124,121,3,3
60256,48,64,-16,16
60257,74,80,-6,6
60258,64,68,-4,4
60259,104,101,3,3
60260,82,86,-4,4
60261,82,87,-5,5
60262,147,143,4,4
60263,123,104,19,19
60264,81,88,-7,7
60265,146,144,2,2
60266,88,90,-2,2
60267,78,84,-6,6
60268,118,122,-4,4
60269,160,150,10,10
60270,176,159,17,17
60271,133,116,17,17
60272,122,118,4,4
60273,74,82,-8,8
60274,75,82,-7,7
60275,116,119,-3,3
60276,116,113,3,3
60277,126,119,7,7
60278,53,65,-12,12
60279,58,86,-28,28
60280,169,156,13,13
60281,100,109,-9,9
60282,56,68,-12,12
60283,63,76,-13,13
60284,58,66,-8,8
60285,56,75,-19,19
60286,131,136,-5,5
60287,74,74,0,0
60288,143,133,10,10
60289,127,128,-1,1
60290,98,99,-1,1
60291,60,63,-3,3
60292,65,76,-11,11
60293,76,74,2,2
60294,72,78,-6,6
60295,83,85,-2,2
60296,41,53,-12,12
60297,91,87,4,4
60298,125,124,1,1
60299,119,125,-6,6
60300,92,85,7,7
60301,100,111,-11,11
60302,125,119,6,6
60303,95,98,-3,3
60304,108,105,3,3
60305,118,115,3,3
60306,124,132,-8,8
60307,31,46,-15,15
60308,175,168,7,7
60309,122,120,2,2
60310,117,123,-6,6
60311,30,58,-28,28
60312,184,161,23,23
60313,93,91,2,2
60314,98,97,1,1
60315,82,83,-1,1
60316,91,91,0,0
60317,67,81,-14,14
60318,103,85,18,18
60319,127,128,-1,1
60320,64,71,-7,7
60321,70,84,-14,14
60322,68,76,-8,8
60323,87,102,-15,15
60324,103,102,1,1
60325,91,94,-3,3
60326,77,78,-1,1
60327,70,72,-2,2
60328,90,96,-6,6
60329,64,72,-8,8
60330,53,65,-12,12
60331,87,82,5,5
60332,112,101,11,11
60333,91,90,1,1
60334,132,128,4,4
60335,116,115,1,1
60336,99,103,-4,4
60337,80,81,-1,1
60338,125,125,0,0
60339,83,82,1,1
60340,123,125,-2,2
60341,126,120,6,6
60342,114,116,-2,2
60343,139,129,10,10
60344,135,136,-1,1
60345,61,65,-4,4
60346,70,79,-9,9
60347,112,105,7,7
60348,79,83,-4,4
60349,58,73,-15,15
60350,131,136,-5,5
60351,154,142,12,12
60352,85,89,-4,4
60353,116,104,12,12
60354,71,81,-10,10
60355,62,78,-16,16
60356,72,81,-9,9
60357,137,137,0,0
60358,152,146,6,6
60359,85,86,-1,1
60360,63,72,-9,9
60361,67,66,1,1
60362,108,115,-7,7
60363,120,125,-5,5
60364,103,100,3,3
60365,96,102,-6,6
60366,108,112,-4,4
60367,49,107,-58,58
60368,83,91,-8,8
60369,91,88,3,3
60370,112,105,7,7
60371,148,135,13,13
60372,110,119,-9,9
60373,90,93,-3,3
60374,71,70,1,1
60375,95,106,-11,11
60376,78,78,0,0
60377,102,108,-6,6
60378,99,95,4,4
60379,71,78,-7,7
60380,103,103,0,0
60381,75,82,-7,7
60382,128,124,4,4
60383,37,52,-15,15
60384,82,82,0,0
60385,82,93,-11,11
60386,105,107,-2,2
60387,96,95,1,1
60388,57,60,-3,3
60389,135,134,1,1
60390,87,90,-3,3
60391,75,84,-9,9
60392,75,90,-15,15
60393,127,115,12,12
60394,105,106,-1,1
60395,61,68,-7,7
60396,66,97,-31,31
60397,140,130,10,10
60398,129,128,1,1
60399,150,130,20,20
60400,109,106,3,3
60401,115,121,-6,6
60402,118,113,5,5
60403,58,66,-8,8
60404,79,76,3,3
60405,28,44,-16,16
60406,173,147,26,26
60407,89,94,-5,5
60408,95,89,6,6
60409,71,81,-10,10
60410,87,92,-5,5
60411,77,77,0,0
60412,106,105,1,1
60413,88,94,-6,6
60414,74,81,-7,7
60415,66,89,-23,23
60416,64,84,-20,20
60417,115,119,-4,4
60418,59,67,-8,8
60419,142,126,16,16
60420,73,72,1,1
60421,138,127,11,11
60422,110,108,2,2
60423,81,89,-8,8
60424,143,153,-10,10
60425,137,120,17,17
60426,177,159,18,18
60427,100,103,-3,3
60428,112,114,-2,2
60429,136,129,7,7
60430,48,58,-10,10
60431,112,126,-14,14
60432,115,115,0,0
60433,134,128,6,6
60434,97,105,-8,8
60435,86,86,0,0
60436,115,107,8,8
60437,80,80,0,0
60438,157,141,16,16
60439,59,65,-6,6
60440,118,118,0,0
60441,64,78,-14,14
60442,123,118,5,5
60443,70,81,-11,11
60444,60,72,-12,12
60445,76,88,-12,12
60446,161,147,14,14
60447,129,137,-8,8
60448,66,71,-5,5
60449,104,97,7,7
60450,86,86,0,0
60451,53,61,-8,8
60452,76,78,-2,2
60453,202,168,34,34
60454,81,81,0,0
60455,136,132,4,4
60456,80,76,4,4
60457,54,65,-11,11
60458,71,73,-2,2
60459,37,54,-17,17
60460,92,91,1,1
60461,81,86,-5,5
60462,94,115,-21,21
60463,116,112,4,4
60464,89,95,-6,6
60465,123,115,8,8
60466,95,91,4,4
60467,114,110,4,4
60468,134,132,2,2
60469,153,143,10,10
60470,82,84,-2,2
60471,104,99,5,5
60472,101,107,-6,6
60473,73,71,2,2
60474,121,122,-1,1
60475,147,128,19,19
60476,70,83,-13,13
60477,126,120,6,6
60478,284,234,50,50
60479,124,125,-1,1
60480,107,105,2,2
60481,78,81,-3,3
60482,116,115,1,1
60483,139,125,14,14
60484,127,120,7,7
60485,61,73,-12,12
60486,56,66,-10,10
60487,105,102,3,3
60488,68,79,-11,11
60489,101,95,6,6
60490,64,67,-3,3
60491,70,77,-7,7
60492,129,123,6,6
60493,86,86,0,0
60494,71,73,-2,2
60495,57,131,-74,74
60496,63,84,-21,21
60497,100,94,6,6
60498,138,139,-1,1
60499,143,131,12,12
60500,123,119,4,4
60501,114,119,-5,5
60502,69,74,-5,5
60503,71,77,-6,6
60504,65,64,1,1
60505,94,104,-10,10
60506,73,83,-10,10
60507,77,83,-6,6
60508,68,75,-7,7
60509,126,136,-10,10
60510,133,122,11,11
60511,111,121,-10,10
60512,80,84,-4,4
60513,74,84,-10,10
60514,91,92,-1,1
60515,111,118,-7,7
60516,100,99,1,1
60517,191,159,32,32
60518,124,110,14,14
60519,55,65,-10,10
60520,113,102,11,11
60521,34,48,-14,14
60522,108,101,7,7
60523,74,75,-1,1
60524,163,139,24,24
60525,135,118,17,17
60526,86,100,-14,14
60527,122,115,7,7
60528,135,126,9,9
60529,68,84,-16,16
60530,75,78,-3,3
60531,127,132,-5,5
60532,65,72,-7,7
60533,83,89,-6,6
60534,103,96,7,7
60535,79,81,-2,2
60536,77,81,-4,4
60537,116,118,-2,2
60538,123,118,5,5
60539,70,72,-2,2
60540,66,77,-11,11
60541,102,108,-6,6
60542,108,124,-16,16
60543,64,65,-1,1
60544,116,123,-7,7
60545,154,154,0,0
60546,78,83,-5,5
60547,97,99,-2,2
60548,64,75,-11,11
60549,109,106,3,3
60550,109,100,9,9
60551,110,117,-7,7
60552,124,115,9,9
60553,50,62,-12,12
60554,75,76,-1,1
60555,112,118,-6,6
60556,72,83,-11,11
60557,113,110,3,3
60558,70,85,-15,15
60559,112,90,22,22
60560,71,76,-5,5
60561,117,116,1,1
60562,88,89,-1,1
60563,88,83,5,5
60564,96,86,10,10
60565,114,116,-2,2
60566,46,65,-19,19
60567,82,92,-10,10
60568,77,80,-3,3
60569,68,85,-17,17
60570,79,92,-13,13
60571,78,83,-5,5
60572,48,60,-12,12
60573,55,67,-12,12
60574,110,110,0,0
60575,106,101,5,5
60576,88,85,3,3
60577,90,99,-9,9
60578,84,94,-10,10
60579,78,91,-13,13
60580,108,115,-7,7
60581,52,70,-18,18
60582,162,136,26,26
60583,46,57,-11,11
60584,100,107,-7,7
60585,95,95,0,0
60586,138,134,4,4
60587,53,65,-12,12
60588,100,95,5,5
60589,93,93,0,0
60590,90,109,-19,19
60591,103,106,-3,3
60592,92,87,5,5
60593,52,59,-7,7
60594,104,101,3,3
60595,49,62,-13,13
60596,82,82,0,0
60597,104,98,6,6
60598,167,158,9,9
60599,58,72,-14,14
60600,79,84,-5,5
60601,75,74,1,1
60602,70,79,-9,9
60603,78,84,-6,6
60604,70,78,-8,8
60605,130,129,1,1
60606,90,97,-7,7
60607,68,76,-8,8
60608,97,103,-6,6
60609,83,87,-4,4
60610,51,65,-14,14
60611,70,79,-9,9
60612,35,62,-27,27
60613,24,37,-13,13
60614,113,98,15,15
60615,133,122,11,11
60616,90,95,-5,5
60617,84,85,-1,1
60618,86,87,-1,1
60619,63,70,-7,7
60620,51,62,-11,11
60621,153,136,17,17
60622,113,110,3,3
60623,47,60,-13,13
60624,111,102,9,9
60625,67,70,-3,3
60626,51,58,-7,7
60627,57,71,-14,14
60628,67,67,0,0
60629,149,137,12,12
60630,71,75,-4,4
60631,100,109,-9,9
60632,94,100,-6,6
60633,61,67,-6,6
60634,100,93,7,7
60635,147,139,8,8
60636,92,93,-1,1
60637,79,89,-10,10
60638,95,99,-4,4
60639,155,151,4,4
60640,88,84,4,4
60641,149,160,-11,11
60642,128,124,4,4
60643,73,67,6,6
60644,124,118,6,6
60645,78,85,-7,7
60646,73,77,-4,4
60647,104,99,5,5
60648,124,108,16,16
60649,65,77,-12,12
60650,98,98,0,0
60651,100,99,1,1
60652,79,77,2,2
60653,216,180,36,36
60654,77,84,-7,7
60655,64,81,-17,17
60656,43,54,-11,11
60657,124,113,11,11
60658,87,89,-2,2
60659,98,97,1,1
60660,91,88,3,3
60661,81,84,-3,3
60662,109,120,-11,11
60663,61,83,-22,22
60664,86,93,-7,7
60665,126,119,7,7
60666,85,83,2,2
60667,94,113,-19,19
60668,68,74,-6,6
60669,77,80,-3,3
60670,72,78,-6,6
60671,107,110,-3,3
60672,83,85,-2,2
60673,116,115,1,1
60674,59,67,-8,8
60675,53,62,-9,9
60676,137,132,5,5
60677,128,117,11,11
60678,97,97,0,0
60679,97,98,-1,1
60680,75,77,-2,2
60681,107,98,9,9
60682,96,94,2,2
60683,139,127,12,12
60684,62,68,-6,6
60685,90,89,1,1
60686,104,108,-4,4
60687,124,118,6,6
60688,107,109,-2,2
60689,124,127,-3,3
60690,105,99,6,6
60691,134,134,0,0
60692,122,116,6,6
60693,70,81,-11,11
60694,152,148,4,4
60695,95,94,1,1
60696,67,89,-22,22
60697,109,102,7,7
60698,170,196,-26,26
60699,80,87,-7,7
60700,88,86,2,2
60701,131,102,29,29
60702,84,85,-1,1
60703,97,101,-4,4
60704,149,128,21,21
60705,79,88,-9,9
60706,93,106,-13,13
60707,81,87,-6,6
60708,125,122,3,3
60709,82,84,-2,2
60710,79,83,-4,4
60711,65,63,2,2
60712,95,98,-3,3
60713,111,117,-6,6
60714,113,106,7,7
60715,119,119,0,0
60716,68,77,-9,9
60717,135,109,26,26
60718,102,93,9,9
60719,96,111,-15,15
60720,107,104,3,3
60721,86,85,1,1
60722,158,130,28,28
60723,141,128,13,13
60724,129,127,2,2
60725,49,57,-8,8
60726,149,138,11,11
60727,114,114,0,0
60728,40,53,-13,13
60729,55,67,-12,12
60730,85,84,1,1
60731,65,69,-4,4
60732,97,105,-8,8
60733,148,136,12,12
60734,141,127,14,14
60735,69,71,-2,2
60736,80,87,-7,7
60737,158,136,22,22
60738,75,84,-9,9
60739,88,89,-1,1
60740,110,104,6,6
60741,82,88,-6,6
60742,58,74,-16,16
60743,76,79,-3,3
60744,48,62,-14,14
60745,106,95,11,11
60746,108,106,2,2
60747,191,169,22,22
60748,100,98,2,2
60749,58,69,-11,11
60750,117,116,1,1
60751,233,181,52,52
60752,78,87,-9,9
60753,83,80,3,3
60754,66,73,-7,7
60755,55,62,-7,7
60756,77,86,-9,9
60757,102,99,3,3
60758,62,68,-6,6
60759,71,78,-7,7
60760,139,134,5,5
60761,132,131,1,1
60762,94,100,-6,6
60763,107,112,-5,5
60764,60,77,-17,17
60765,94,108,-14,14
60766,72,67,5,5
60767,86,87,-1,1
60768,75,85,-10,10
60769,87,91,-4,4
60770,148,130,18,18
60771,120,113,7,7
60772,68,75,-7,7
60773,81,79,2,2
60774,222,198,24,24
60775,68,71,-3,3
60776,103,111,-8,8
60777,133,115,18,18
60778,135,113,22,22
60779,97,95,2,2
60780,56,66,-10,10
60781,73,75,-2,2
60782,110,114,-4,4
60783,116,116,0,0
60784,46,52,-6,6
60785,119,113,6,6
60786,42,52,-10,10
60787,71,86,-15,15
60788,80,73,7,7
60789,87,92,-5,5
60790,73,78,-5,5
60791,99,96,3,3
60792,36,55,-19,19
60793,70,74,-4,4
60794,55,63,-8,8
60795,104,100,4,4
60796,135,133,2,2
60797,103,98,5,5
60798,83,90,-7,7
60799,87,82,5,5
60800,78,79,-1,1
60801,68,80,-12,12
60802,70,82,-12,12
60803,112,102,10,10
60804,99,100,-1,1
60805,103,103,0,0
60806,87,88,-1,1
60807,105,102,3,3
60808,94,97,-3,3
60809,185,164,21,21
60810,167,155,12,12
60811,67,79,-12,12
60812,98,85,13,13
60813,109,109,0,0
60814,139,132,7,7
60815,88,87,1,1
60816,117,109,8,8
60817,101,110,-9,9
60818,124,130,-6,6
60819,182,149,33,33
60820,198,165,33,33
60821,115,114,1,1
60822,92,95,-3,3
60823,77,77,0,0
60824,104,103,1,1
60825,75,78,-3,3
60826,93,85,8,8
60827,173,163,10,10
60828,121,123,-2,2
60829,141,119,22,22
60830,66,86,-20,20
60831,72,72,0,0
60832,104,111,-7,7
60833,103,100,3,3
60834,81,84,-3,3
60835,122,104,18,18
60836,131,120,11,11
60837,58,67,-9,9
60838,106,106,0,0
60839,119,107,12,12
60840,57,64,-7,7
60841,77,79,-2,2
60842,67,69,-2,2
60843,85,85,0,0
60844,62,74,-12,12
60845,140,131,9,9
60846,72,83,-11,11
60847,125,124,1,1
60848,166,150,16,16
60849,133,120,13,13
60850,101,87,14,14
60851,156,141,15,15
60852,68,76,-8,8
60853,70,75,-5,5
60854,127,120,7,7
60855,89,86,3,3
60856,111,99,12,12
60857,154,129,25,25
60858,91,89,2,2
60859,59,70,-11,11
60860,105,102,3,3
60861,108,122,-14,14
60862,87,99,-12,12
60863,143,133,10,10
60864,88,91,-3,3
60865,83,90,-7,7
60866,105,98,7,7
60867,96,102,-6,6
60868,95,93,2,2
60869,104,113,-9,9
60870,97,115,-18,18
60871,111,114,-3,3
60872,93,91,2,2
60873,54,60,-6,6
60874,90,96,-6,6
60875,52,62,-10,10
60876,85,92,-7,7
60877,114,112,2,2
60878,152,152,0,0
60879,79,76,3,3
60880,118,120,-2,2
60881,85,83,2,2
60882,94,91,3,3
60883,49,63,-14,14
60884,56,67,-11,11
60885,156,138,18,18
60886,55,60,-5,5
60887,116,112,4,4
60888,84,90,-6,6
60889,105,102,3,3
60890,122,116,6,6
60891,80,89,-9,9
60892,89,83,6,6
60893,117,109,8,8
60894,50,60,-10,10
60895,65,78,-13,13
60896,115,116,-1,1
60897,78,81,-3,3
60898,112,116,-4,4
60899,84,82,2,2
60900,144,140,4,4
60901,95,94,1,1
60902,125,122,3,3
60903,115,127,-12,12
60904,76,80,-4,4
60905,119,115,4,4
60906,133,143,-10,10
60907,90,85,5,5
60908,112,108,4,4
60909,76,79,-3,3
60910,147,136,11,11
60911,55,65,-10,10
60912,131,119,12,12
60913,116,107,9,9
60914,84,85,-1,1
60915,72,80,-8,8
60916,73,78,-5,5
60917,43,58,-15,15
60918,73,78,-5,5
60919,82,92,-10,10
60920,56,69,-13,13
60921,99,93,6,6
60922,105,108,-3,3
60923,79,94,-15,15
60924,138,122,16,16
60925,111,118,-7,7
60926,36,53,-17,17
60927,138,127,11,11
60928,89,96,-7,7
60929,93,86,7,7
60930,132,130,2,2
60931,108,101,7,7
60932,66,72,-6,6
60933,71,79,-8,8
60934,65,69,-4,4
60935,200,176,24,24
60936,72,107,-35,35
60937,232,216,16,16
60938,75,80,-5,5
60939,186,163,23,23
60940,125,118,7,7
60941,95,104,-9,9
60942,203,152,51,51
60943,176,150,26,26
60944,129,125,4,4
60945,76,82,-6,6
60946,143,136,7,7
60947,49,59,-10,10
60948,92,92,0,0
60949,92,93,-1,1
60950,75,89,-14,14
60951,105,97,8,8
60952,155,129,26,26
60953,95,102,-7,7
60954,86,95,-9,9
60955,132,121,11,11
60956,46,62,-16,16
60957,69,80,-11,11
60958,58,78,-20,20
60959,140,126,14,14
60960,70,73,-3,3
60961,89,93,-4,4
60962,84,77,7,7
60963,124,120,4,4
60964,71,78,-7,7
60965,127,122,5,5
60966,69,75,-6,6
60967,111,104,7,7
60968,125,122,3,3
60969,85,93,-8,8
60970,76,81,-5,5
60971,85,93,-8,8
60972,55,64,-9,9
60973,92,95,-3,3
60974,182,156,26,26
60975,89,90,-1,1
60976,102,98,4,4
60977,113,114,-1,1
60978,131,133,-2,2
60979,133,138,-5,5
60980,98,95,3,3
60981,154,133,21,21
60982,99,96,3,3
60983,114,112,2,2
60984,110,104,6,6
60985,125,107,18,18
60986,52,71,-19,19
60987,42,52,-10,10
60988,80,80,0,0
60989,83,85,-2,2
60990,143,133,10,10
60991,56,65,-9,9
60992,131,123,8,8
60993,112,123,-11,11
60994,110,107,3,3
60995,104,99,5,5
60996,71,76,-5,5
60997,36,48,-12,12
60998,57,69,-12,12
60999,72,83,-11,11
61000,119,104,15,15
61001,194,169,25,25
61002,107,100,7,7
61003,123,120,3,3
61004,87,85,2,2
61005,157,145,12,12
61006,75,81,-6,6
61007,94,96,-2,2
61008,85,89,-4,4
61009,85,91,-6,6
61010,44,58,-14,14
61011,78,85,-7,7
61012,97,85,12,12
61013,34,62,-28,28
61014,38,46,-8,8
61015,93,92,1,1
61016,113,109,4,4
61017,130,120,10,10
61018,46,55,-9,9
61019,94,99,-5,5
61020,144,129,15,15
61021,60,69,-9,9
61022,110,111,-1,1
61023,78,87,-9,9
61024,172,156,16,16
61025,117,127,-10,10
61026,60,79,-19,19
61027,114,101,13,13
61028,136,141,-5,5
61029,130,133,-3,3
61030,140,127,13,13
61031,58,70,-12,12
61032,87,85,2,2
61033,154,139,15,15
61034,84,88,-4,4
61035,78,78,0,0
61036,224,234,-10,10
61037,77,78,-1,1
61038,114,110,4,4
61039,64,64,0,0
61040,145,134,11,11
61041,62,67,-5,5
61042,123,123,0,0
61043,126,122,4,4
61044,59,77,-18,18
61045,59,75,-16,16
61046,65,85,-20,20
61047,81,91,-10,10
61048,104,96,8,8
61049,94,98,-4,4
61050,131,127,4,4
61051,60,65,-5,5
61052,111,103,8,8
61053,159,138,21,21
61054,145,140,5,5
61055,67,72,-5,5
61056,114,108,6,6
61057,82,82,0,0
61058,93,96,-3,3
61059,53,67,-14,14
61060,83,93,-10,10
61061,101,103,-2,2
61062,112,122,-10,10
61063,71,69,2,2
61064,86,84,2,2
61065,49,100,-51,51
61066,59,67,-8,8
61067,125,114,11,11
61068,157,150,7,7
61069,90,94,-4,4
61070,160,156,4,4
61071,128,109,19,19
61072,78,85,-7,7
61073,153,146,7,7
61074,87,101,-14,14
61075,133,122,11,11
61076,96,101,-5,5
61077,88,100,-12,12
61078,69,81,-12,12
61079,150,154,-4,4
61080,134,121,13,13
61081,122,119,3,3
61082,91,93,-2,2
61083,156,139,17,17
61084,76,81,-5,5
61085,44,55,-11,11
61086,117,120,-3,3
61087,110,108,2,2
61088,101,89,12,12
61089,81,80,1,1
61090,52,60,-8,8
61091,164,153,11,11
61092,40,54,-14,14
61093,80,88,-8,8
61094,129,119,10,10
61095,131,118,13,13
61096,87,92,-5,5
61097,79,80,-1,1
61098,110,106,4,4
61099,120,111,9,9
61100,100,121,-21,21
61101,113,113,0,0
61102,97,118,-21,21
61103,75,77,-2,2
61104,85,95,-10,10
61105,49,58,-9,9
61106,103,115,-12,12
61107,177,162,15,15
61108,94,97,-3,3
61109,130,122,8,8
61110,72,81,-9,9
61111,158,147,11,11
61112,47,61,-14,14
61113,74,90,-16,16
61114,101,107,-6,6
61115,51,68,-17,17
61116,83,87,-4,4
61117,142,135,7,7
61118,58,71,-13,13
61119,83,89,-6,6
61120,45,54,-9,9
61121,138,131,7,7
61122,152,140,12,12
61123,101,106,-5,5
61124,77,76,1,1
61125,52,81,-29,29
61126,89,84,5,5
61127,149,132,17,17
61128,78,75,3,3
61129,146,137,9,9
61130,122,123,-1,1
61131,88,84,4,4
61132,131,128,3,3
61133,67,75,-8,8
61134,107,96,11,11
61135,139,141,-2,2
61136,164,144,20,20
61137,134,126,8,8
61138,71,76,-5,5
61139,87,84,3,3
61140,68,76,-8,8
61141,56,106,-50,50
61142,118,121,-3,3
61143,101,100,1,1
61144,75,82,-7,7
61145,127,134,-7,7
61146,85,89,-4,4
61147,57,57,0,0
61148,37,58,-21,21
61149,116,113,3,3
61150,108,103,5,5
61151,137,131,6,6
61152,58,67,-9,9
61153,67,93,-26,26
61154,106,105,1,1
61155,132,118,14,14
61156,102,96,6,6
61157,115,118,-3,3
61158,85,90,-5,5
61159,107,108,-1,1
61160,49,61,-12,12
61161,139,147,-8,8
61162,126,128,-2,2
61163,135,138,-3,3
61164,69,69,0,0
61165,88,84,4,4
61166,117,111,6,6
61167,77,78,-1,1
61168,51,65,-14,14
61169,92,103,-11,11
61170,80,91,-11,11
61171,82,85,-3,3
61172,157,148,9,9
61173,83,88,-5,5
61174,136,123,13,13
61175,147,132,15,15
61176,49,60,-11,11
61177,86,88,-2,2
61178,125,115,10,10
61179,73,74,-1,1
61180,99,111,-12,12
61181,102,105,-3,3
61182,101,101,0,0
61183,109,102,7,7
61184,126,121,5,5
61185,142,124,18,18
61186,62,69,-7,7
61187,113,111,2,2
61188,149,127,22,22
61189,61,68,-7,7
61190,66,79,-13,13
61191,122,116,6,6
61192,89,92,-3,3
61193,76,82,-6,6
61194,74,90,-16,16
61195,61,72,-11,11
61196,44,60,-16,16
61197,107,121,-14,14
61198,104,98,6,6
61199,109,109,0,0
61200,140,126,14,14
61201,43,59,-16,16
61202,40,55,-15,15
61203,223,189,34,34
61204,95,94,1,1
61205,47,62,-15,15
61206,71,72,-1,1
61207,121,105,16,16
61208,119,121,-2,2
61209,135,132,3,3
61210,78,77,1,1
61211,96,89,7,7
61212,71,78,-7,7
61213,71,84,-13,13
61214,108,125,-17,17
61215,64,70,-6,6
61216,169,173,-4,4
61217,80,84,-4,4
61218,78,83,-5,5
61219,100,95,5,5
61220,90,90,0,0
61221,108,101,7,7
61222,84,91,-7,7
61223,150,139,11,11
61224,91,101,-10,10
61225,55,58,-3,3
61226,83,87,-4,4
61227,119,150,-31,31
61228,86,90,-4,4
61229,101,105,-4,4
61230,89,84,5,5
61231,80,90,-10,10
61232,116,108,8,8
61233,146,142,4,4
61234,64,79,-15,15
61235,175,161,14,14
61236,139,132,7,7
61237,79,79,0,0
61238,120,115,5,5
61239,84,95,-11,11
61240,132,127,5,5
61241,71,78,-7,7
61242,104,97,7,7
61243,60,70,-10,10
61244,171,146,25,25
61245,93,95,-2,2
61246,132,127,5,5
61247,55,64,-9,9
61248,74,67,7,7
61249,126,110,16,16
61250,75,84,-9,9
61251,45,65,-20,20
61252,95,95,0,0
61253,154,136,18,18
61254,143,129,14,14
61255,111,110,1,1
61256,97,102,-5,5
61257,203,212,-9,9
61258,42,51,-9,9
61259,49,59,-10,10
61260,111,109,2,2
61261,76,72,4,4
61262,79,80,-1,1
61263,70,84,-14,14
61264,57,63,-6,6
61265,60,57,3,3
61266,119,119,0,0
61267,76,83,-7,7
61268,72,75,-3,3
61269,124,106,18,18
61270,138,118,20,20
61271,118,118,0,0
61272,119,111,8,8
61273,94,86,8,8
61274,113,127,-14,14
61275,69,88,-19,19
61276,106,101,5,5
61277,41,60,-19,19
61278,88,85,3,3
61279,124,131,-7,7
61280,51,64,-13,13
61281,70,83,-13,13
61282,112,111,1,1
61283,100,98,2,2
61284,143,132,11,11
61285,87,97,-10,10
61286,61,71,-10,10
61287,64,75,-11,11
61288,130,129,1,1
61289,81,84,-3,3
61290,73,72,1,1
61291,47,56,-9,9
61292,99,114,-15,15
61293,95,95,0,0
61294,105,105,0,0
61295,126,123,3,3
61296,108,102,6,6
61297,67,75,-8,8
61298,72,84,-12,12
61299,65,69,-4,4
61300,109,106,3,3
61301,52,63,-11,11
61302,122,114,8,8
61303,59,71,-12,12
61304,117,124,-7,7
61305,79,77,2,2
61306,46,58,-12,12
61307,64,79,-15,15
61308,71,86,-15,15
61309,60,69,-9,9
61310,70,76,-6,6
61311,114,110,4,4
61312,101,103,-2,2
61313,138,134,4,4
61314,98,93,5,5
61315,92,99,-7,7
61316,196,175,21,21
61317,109,110,-1,1
61318,55,63,-8,8
61319,166,156,10,10
61320,68,77,-9,9
61321,61,70,-9,9
61322,79,84,-5,5
61323,86,83,3,3
61324,90,88,2,2
61325,128,120,8,8
61326,102,103,-1,1
61327,118,108,10,10
61328,86,87,-1,1
61329,105,105,0,0
61330,78,82,-4,4
61331,96,97,-1,1
61332,38,55,-17,17
61333,96,98,-2,2
61334,123,119,4,4
61335,85,85,0,0
61336,117,105,12,12
61337,78,108,-30,30
61338,131,130,1,1
61339,82,84,-2,2
61340,87,92,-5,5
61341,81,86,-5,5
61342,59,63,-4,4
61343,84,88,-4,4
61344,89,95,-6,6
61345,65,72,-7,7
61346,131,130,1,1
61347,55,65,-10,10
61348,66,50,16,16
61349,74,77,-3,3
61350,84,75,9,9
61351,110,104,6,6
61352,63,80,-17,17
61353,97,88,9,9
61354,55,72,-17,17
61355,94,97,-3,3
61356,148,141,7,7
61357,110,98,12,12
61358,161,147,14,14
61359,139,128,11,11
61360,63,77,-14,14
61361,120,116,4,4
61362,79,85,-6,6
61363,131,131,0,0
61364,150,125,25,25
61365,80,84,-4,4
61366,37,39,-2,2
61367,116,116,0,0
61368,82,84,-2,2
61369,130,124,6,6
61370,68,78,-10,10
61371,86,85,1,1
61372,90,84,6,6
61373,57,65,-8,8
61374,149,135,14,14
61375,79,86,-7,7
61376,126,123,3,3
61377,120,128,-8,8
61378,197,175,22,22
61379,62,68,-6,6
61380,88,89,-1,1
61381,144,130,14,14
61382,99,93,6,6
61383,101,118,-17,17
61384,111,102,9,9
61385,61,70,-9,9
61386,85,86,-1,1
61387,96,95,1,1
61388,125,121,4,4
61389,107,101,6,6
61390,136,122,14,14
61391,148,138,10,10
61392,98,101,-3,3
61393,66,70,-4,4
61394,95,83,12,12
61395,107,96,11,11
61396,47,65,-18,18
61397,78,83,-5,5
61398,81,81,0,0
61399,72,79,-7,7
61400,84,98,-14,14
61401,145,146,-1,1
61402,77,80,-3,3
61403,90,88,2,2
61404,131,119,12,12
61405,91,86,5,5
61406,38,77,-39,39
61407,94,96,-2,2
61408,111,106,5,5
61409,145,137,8,8
61410,84,88,-4,4
61411,87,80,7,7
61412,115,106,9,9
61413,95,91,4,4
61414,144,128,16,16
61415,90,89,1,1
61416,101,97,4,4
61417,91,94,-3,3
61418,190,178,12,12
61419,80,86,-6,6
61420,167,146,21,21
61421,83,80,3,3
61422,66,72,-6,6
61423,50,62,-12,12
61424,111,112,-1,1
61425,83,94,-11,11
61426,72,74,-2,2
61427,73,74,-1,1
61428,79,88,-9,9
61429,66,78,-12,12
61430,83,85,-2,2
61431,262,228,34,34
61432,108,119,-11,11
61433,117,115,2,2
61434,98,91,7,7
61435,85,90,-5,5
61436,63,71,-8,8
61437,190,172,18,18
61438,85,88,-3,3
61439,123,115,8,8
61440,144,134,10,10
61441,75,81,-6,6
61442,97,95,2,2
61443,85,81,4,4
61444,69,74,-5,5
61445,77,84,-7,7
61446,61,72,-11,11
61447,75,77,-2,2
61448,97,119,-22,22
61449,70,76,-6,6
61450,85,86,-1,1
61451,61,73,-12,12
61452,77,78,-1,1
61453,58,70,-12,12
61454,83,81,2,2
61455,91,98,-7,7
61456,53,68,-15,15
61457,55,60,-5,5
61458,87,93,-6,6
61459,80,88,-8,8
61460,53,67,-14,14
61461,133,122,11,11
61462,90,97,-7,7
61463,60,71,-11,11
61464,68,75,-7,7
61465,66,65,1,1
61466,112,112,0,0
61467,139,134,5,5
61468,50,62,-12,12
61469,120,119,1,1
61470,77,83,-6,6
61471,81,77,4,4
61472,87,85,2,2
61473,43,58,-15,15
61474,68,70,-2,2
61475,58,63,-5,5
61476,120,120,0,0
61477,114,104,10,10
61478,173,155,18,18
61479,62,73,-11,11
61480,115,105,10,10
61481,213,185,28,28
61482,108,106,2,2
61483,53,73,-20,20
61484,85,82,3,3
61485,119,119,0,0
61486,74,83,-9,9
61487,93,91,2,2
61488,72,75,-3,3
61489,104,91,13,13
61490,88,92,-4,4
61491,56,69,-13,13
61492,139,129,10,10
61493,110,112,-2,2
61494,93,88,5,5
61495,54,58,-4,4
61496,83,93,-10,10
61497,73,74,-1,1
61498,202,172,30,30
61499,95,96,-1,1
61500,51,67,-16,16
61501,141,121,20,20
61502,130,125,5,5
61503,89,97,-8,8
61504,67,71,-4,4
61505,92,97,-5,5
61506,138,143,-5,5
61507,50,61,-11,11
61508,85,81,4,4
61509,118,101,17,17
61510,84,84,0,0
61511,95,92,3,3
61512,92,98,-6,6
61513,141,144,-3,3
61514,94,99,-5,5
61515,117,119,-2,2
61516,82,75,7,7
61517,73,84,-11,11
61518,108,100,8,8
61519,93,104,-11,11
61520,156,150,6,6
61521,84,90,-6,6
61522,106,97,9,9
61523,91,96,-5,5
61524,88,91,-3,3
61525,78,78,0,0
61526,136,129,7,7
61527,59,74,-15,15
61528,94,102,-8,8
61529,100,101,-1,1
61530,144,136,8,8
61531,89,109,-20,20
61532,67,76,-9,9
61533,28,43,-15,15
61534,114,111,3,3
61535,123,127,-4,4
61536,85,82,3,3
61537,77,82,-5,5
61538,89,106,-17,17
61539,90,89,1,1
61540,80,85,-5,5
61541,114,119,-5,5
61542,46,58,-12,12
61543,123,117,6,6
61544,132,126,6,6
61545,106,118,-12,12
61546,93,98,-5,5
61547,100,122,-22,22
61548,82,81,1,1
61549,170,169,1,1
61550,103,119,-16,16
61551,60,71,-11,11
61552,101,113,-12,12
61553,101,97,4,4
61554,106,100,6,6
61555,53,71,-18,18
61556,45,56,-11,11
61557,102,119,-17,17
61558,74,76,-2,2
61559,107,115,-8,8
61560,95,97,-2,2
61561,96,97,-1,1
61562,100,98,2,2
61563,40,60,-20,20
61564,85,83,2,2
61565,59,70,-11,11
61566,107,102,5,5
61567,157,144,13,13
61568,72,83,-11,11
61569,104,95,9,9
61570,53,68,-15,15
61571,131,125,6,6
61572,147,133,14,14
61573,80,80,0,0
61574,135,131,4,4
61575,119,108,11,11
61576,128,121,7,7
61577,126,120,6,6
61578,91,85,6,6
61579,102,94,8,8
61580,55,70,-15,15
61581,69,77,-8,8
61582,57,71,-14,14
61583,53,67,-14,14
61584,109,98,11,11
61585,106,93,13,13
61586,106,108,-2,2
61587,128,116,12,12
61588,84,83,1,1
61589,73,80,-7,7
61590,137,119,18,18
61591,96,97,-1,1
61592,106,104,2,2
61593,119,116,3,3
61594,113,114,-1,1
61595,138,128,10,10
61596,52,64,-12,12
61597,115,112,3,3
61598,66,73,-7,7
61599,114,117,-3,3
61600,46,52,-6,6
61601,108,105,3,3
61602,85,83,2,2
61603,67,70,-3,3
61604,66,69,-3,3
61605,76,83,-7,7
61606,93,92,1,1
61607,145,147,-2,2
61608,122,113,9,9
61609,88,85,3,3
61610,59,69,-10,10
61611,77,82,-5,5
61612,84,89,-5,5
61613,71,79,-8,8
61614,93,91,2,2
61615,71,75,-4,4
61616,40,59,-19,19
61617,165,146,19,19
61618,104,104,0,0
61619,54,62,-8,8
61620,46,51,-5,5
61621,70,74,-4,4
61622,51,64,-13,13
61623,86,87,-1,1
61624,86,87,-1,1
61625,90,88,2,2
61626,160,156,4,4
61627,119,115,4,4
61628,78,86,-8,8
61629,112,122,-10,10
61630,89,89,0,0
61631,96,101,-5,5
61632,96,98,-2,2
61633,96,98,-2,2
61634,33,50,-17,17
61635,78,80,-2,2
61636,65,66,-1,1
61637,69,78,-9,9
61638,85,91,-6,6
61639,71,71,0,0
61640,119,107,12,12
61641,100,99,1,1
61642,102,102,0,0
61643,96,90,6,6
61644,77,79,-2,2
61645,91,97,-6,6
61646,175,154,21,21
61647,96,99,-3,3
61648,133,121,12,12
61649,107,122,-15,15
61650,98,95,3,3
61651,94,99,-5,5
61652,67,76,-9,9
61653,116,120,-4,4
61654,73,84,-11,11
61655,83,77,6,6
61656,75,81,-6,6
61657,109,119,-10,10
61658,143,142,1,1
61659,84,88,-4,4
61660,79,88,-9,9
61661,104,104,0,0
61662,44,55,-11,11
61663,53,55,-2,2
61664,108,103,5,5
61665,86,94,-8,8
61666,119,120,-1,1
61667,56,50,6,6
61668,88,93,-5,5
61669,118,120,-2,2
61670,102,102,0,0
61671,49,57,-8,8
61672,99,98,1,1
61673,105,166,-61,61
61674,131,113,18,18
61675,78,78,0,0
61676,99,96,3,3
61677,23,30,-7,7
61678,126,123,3,3
61679,92,91,1,1
61680,85,94,-9,9
61681,61,72,-11,11
61682,137,134,3,3
61683,74,82,-8,8
61684,129,121,8,8
61685,156,151,5,5
61686,72,74,-2,2
61687,151,134,17,17
61688,72,74,-2,2
61689,81,90,-9,9
61690,128,119,9,9
61691,136,121,15,15
61692,111,114,-3,3
61693,150,145,5,5
61694,79,85,-6,6
61695,124,120,4,4
61696,133,120,13,13
61697,106,114,-8,8
61698,71,81,-10,10
61699,69,72,-3,3
61700,105,113,-8,8
61701,60,67,-7,7
61702,97,96,1,1
61703,129,130,-1,1
61704,70,77,-7,7
61705,137,139,-2,2
61706,110,100,10,10
61707,97,96,1,1
61708,149,158,-9,9
61709,63,72,-9,9
61710,71,80,-9,9
61711,108,101,7,7
61712,127,122,5,5
61713,92,99,-7,7
61714,41,54,-13,13
61715,87,88,-1,1
61716,95,96,-1,1
61717,58,69,-11,11
61718,103,111,-8,8
61719,106,104,2,2
61720,100,104,-4,4
61721,49,64,-15,15
61722,103,123,-20,20
61723,147,148,-1,1
61724,110,106,4,4
61725,121,136,-15,15
61726,66,72,-6,6
61727,66,73,-7,7
61728,75,78,-3,3
61729,127,131,-4,4
61730,96,96,0,0
61731,179,159,20,20
61732,153,145,8,8
61733,89,88,1,1
61734,111,109,2,2
61735,124,105,19,19
61736,86,82,4,4
61737,98,106,-8,8
61738,82,86,-4,4
61739,138,120,18,18
61740,98,93,5,5
61741,187,168,19,19
61742,141,127,14,14
61743,72,82,-10,10
61744,110,103,7,7
61745,87,95,-8,8
61746,60,69,-9,9
61747,71,77,-6,6
61748,123,124,-1,1
61749,57,68,-11,11
61750,113,119,-6,6
61751,148,142,6,6
61752,73,80,-7,7
61753,62,75,-13,13
61754,108,123,-15,15
61755,105,101,4,4
61756,152,122,30,30
61757,51,62,-11,11
61758,127,121,6,6
61759,31,33,-2,2
61760,68,74,-6,6
61761,163,145,18,18
61762,160,144,16,16
61763,73,83,-10,10
61764,43,56,-13,13
61765,102,100,2,2
61766,91,107,-16,16
61767,136,121,15,15
61768,92,89,3,3
61769,60,71,-11,11
61770,45,60,-15,15
61771,111,104,7,7
61772,95,101,-6,6
61773,100,98,2,2
61774,139,139,0,0
61775,99,97,2,2
61776,68,77,-9,9
61777,55,64,-9,9
61778,110,98,12,12
61779,67,79,-12,12
61780,103,101,2,2
61781,115,112,3,3
61782,131,137,-6,6
61783,106,112,-6,6
61784,154,145,9,9
61785,104,114,-10,10
61786,91,87,4,4
61787,139,137,2,2
61788,56,67,-11,11
61789,139,130,9,9
61790,72,70,2,2
61791,144,136,8,8
61792,112,108,4,4
61793,68,72,-4,4
61794,88,90,-2,2
61795,79,95,-16,16
61796,104,107,-3,3
61797,54,61,-7,7
61798,111,102,9,9
61799,87,90,-3,3
61800,185,165,20,20
61801,92,89,3,3
61802,68,78,-10,10
61803,91,90,1,1
61804,84,82,2,2
61805,82,86,-4,4
61806,126,121,5,5
61807,71,81,-10,10
61808,72,76,-4,4
61809,137,133,4,4
61810,61,74,-13,13
61811,106,106,0,0
61812,59,64,-5,5
61813,77,76,1,1
61814,149,127,22,22
61815,63,71,-8,8
61816,66,77,-11,11
61817,105,100,5,5
61818,85,85,0,0
61819,109,99,10,10
61820,81,91,-10,10
61821,60,70,-10,10
61822,40,56,-16,16
61823,95,90,5,5
61824,110,99,11,11
61825,68,71,-3,3
61826,67,74,-7,7
61827,76,81,-5,5
61828,188,173,15,15
61829,59,67,-8,8
61830,131,119,12,12
61831,108,105,3,3
61832,114,119,-5,5
61833,108,106,2,2
61834,104,99,5,5
61835,94,97,-3,3
61836,47,59,-12,12
61837,77,75,2,2
61838,80,86,-6,6
61839,96,97,-1,1
61840,103,103,0,0
61841,109,106,3,3
61842,66,82,-16,16
61843,98,92,6,6
61844,126,108,18,18
61845,97,110,-13,13
61846,99,96,3,3
61847,107,108,-1,1
61848,129,125,4,4
61849,87,93,-6,6
61850,69,75,-6,6
61851,115,104,11,11
61852,99,102,-3,3
61853,99,98,1,1
61854,155,156,-1,1
61855,121,116,5,5
61856,123,124,-1,1
61857,91,91,0,0
61858,68,81,-13,13
61859,118,108,10,10
61860,98,101,-3,3
61861,108,103,5,5
61862,112,110,2,2
61863,80,78,2,2
61864,92,126,-34,34
61865,116,107,9,9
61866,56,70,-14,14
61867,127,123,4,4
61868,50,64,-14,14
61869,121,110,11,11
61870,157,147,10,10
61871,78,80,-2,2
61872,85,83,2,2
61873,142,136,6,6
61874,42,57,-15,15
61875,62,72,-10,10
61876,61,72,-11,11
61877,75,80,-5,5
61878,82,88,-6,6
61879,107,104,3,3
61880,130,128,2,2
61881,64,75,-11,11
61882,75,78,-3,3
61883,109,104,5,5
61884,65,80,-15,15
61885,112,113,-1,1
61886,88,96,-8,8
61887,140,132,8,8
61888,132,122,10,10
61889,108,109,-1,1
61890,92,83,9,9
61891,63,69,-6,6
61892,48,61,-13,13
61893,144,119,25,25
61894,104,103,1,1
61895,107,101,6,6
61896,52,74,-22,22
61897,73,78,-5,5
61898,44,58,-14,14
61899,120,114,6,6
61900,87,87,0,0
61901,110,114,-4,4
61902,73,79,-6,6
61903,79,92,-13,13
61904,57,70,-13,13
61905,68,77,-9,9
61906,81,100,-19,19
61907,63,68,-5,5
61908,41,52,-11,11
61909,71,70,1,1
61910,106,115,-9,9
61911,105,94,11,11
61912,183,145,38,38
61913,111,117,-6,6
61914,137,128,9,9
61915,51,66,-15,15
61916,40,52,-12,12
61917,70,82,-12,12
61918,120,115,5,5
61919,57,71,-14,14
61920,66,69,-3,3
61921,140,121,19,19
61922,71,82,-11,11
61923,96,94,2,2
61924,108,108,0,0
61925,134,140,-6,6
61926,97,98,-1,1
61927,44,53,-9,9
61928,49,59,-10,10
61929,63,68,-5,5
61930,97,102,-5,5
61931,38,48,-10,10
61932,68,72,-4,4
61933,114,107,7,7
61934,105,108,-3,3
61935,36,48,-12,12
61936,69,70,-1,1
61937,101,100,1,1
61938,155,137,18,18
61939,53,77,-24,24
61940,151,140,11,11
61941,65,69,-4,4
61942,64,74,-10,10
61943,181,157,24,24
61944,110,116,-6,6
61945,93,96,-3,3
61946,183,165,18,18
61947,94,93,1,1
61948,91,93,-2,2
61949,105,111,-6,6
61950,51,62,-11,11
61951,76,79,-3,3
61952,60,76,-16,16
61953,72,76,-4,4
61954,108,104,4,4
61955,119,112,7,7
61956,98,109,-11,11
61957,119,107,12,12
61958,122,118,4,4
61959,90,92,-2,2
61960,55,66,-11,11
61961,62,65,-3,3
61962,41,51,-10,10
61963,86,86,0,0
61964,58,67,-9,9
61965,159,154,5,5
61966,84,89,-5,5
61967,101,100,1,1
61968,107,97,10,10
61969,150,140,10,10
61970,105,110,-5,5
61971,83,87,-4,4
61972,78,89,-11,11
61973,51,62,-11,11
61974,83,94,-11,11
61975,111,112,-1,1
61976,116,122,-6,6
61977,124,103,21,21
61978,116,112,4,4
61979,133,123,10,10
61980,143,132,11,11
61981,102,105,-3,3
61982,94,99,-5,5
61983,66,73,-7,7
61984,76,85,-9,9
61985,108,102,6,6
61986,69,70,-1,1
61987,90,83,7,7
61988,65,80,-15,15
61989,157,149,8,8
61990,81,79,2,2
61991,116,120,-4,4
61992,94,94,0,0
61993,98,115,-17,17
61994,149,137,12,12
61995,87,91,-4,4
61996,124,122,2,2
61997,121,119,2,2
61998,157,142,15,15
61999,100,96,4,4
62000,129,128,1,1
62001,97,96,1,1
62002,57,66,-9,9
62003,108,103,5,5
62004,64,68,-4,4
62005,195,166,29,29
62006,81,84,-3,3
62007,92,92,0,0
62008,139,142,-3,3
62009,67,73,-6,6
62010,78,91,-13,13
62011,56,65,-9,9
62012,90,90,0,0
62013,69,77,-8,8
62014,109,102,7,7
62015,67,75,-8,8
62016,65,76,-11,11
62017,67,80,-13,13
62018,128,114,14,14
62019,101,98,3,3
62020,103,102,1,1
62021,66,70,-4,4
62022,78,83,-5,5
62023,121,113,8,8
62024,99,106,-7,7
62025,69,69,0,0
62026,64,74,-10,10
62027,66,70,-4,4
62028,76,80,-4,4
62029,91,94,-3,3
62030,49,64,-15,15
62031,222,180,42,42
62032,71,73,-2,2
62033,155,145,10,10
62034,80,84,-4,4
62035,94,82,12,12
62036,70,74,-4,4
62037,106,104,2,2
62038,81,87,-6,6
62039,90,84,6,6
62040,73,79,-6,6
62041,65,69,-4,4
62042,71,81,-10,10
62043,140,120,20,20
62044,109,115,-6,6
62045,72,77,-5,5
62046,95,104,-9,9
62047,92,89,3,3
62048,104,112,-8,8
62049,74,80,-6,6
62050,102,102,0,0
62051,75,83,-8,8
62052,100,96,4,4
62053,111,116,-5,5
62054,52,61,-9,9
62055,79,78,1,1
62056,99,96,3,3
62057,140,139,1,1
62058,181,174,7,7
62059,106,105,1,1
62060,59,62,-3,3
62061,129,120,9,9
62062,95,114,-19,19
62063,50,64,-14,14
62064,71,74,-3,3
62065,46,68,-22,22
62066,103,109,-6,6
62067,82,88,-6,6
62068,114,107,7,7
62069,114,108,6,6
62070,92,95,-3,3
62071,74,82,-8,8
62072,102,102,0,0
62073,104,101,3,3
62074,86,87,-1,1
62075,51,78,-27,27
62076,86,85,1,1
62077,78,85,-7,7
62078,99,104,-5,5
62079,95,88,7,7
62080,82,88,-6,6
62081,111,117,-6,6
62082,129,117,12,12
62083,90,112,-22,22
62084,139,125,14,14
62085,72,86,-14,14
62086,55,68,-13,13
62087,165,149,16,16
62088,115,118,-3,3
62089,61,76,-15,15
62090,84,82,2,2
62091,136,131,5,5
62092,83,83,0,0
62093,27,40,-13,13
62094,108,107,1,1
62095,147,129,18,18
62096,120,119,1,1
62097,73,94,-21,21
62098,60,75,-15,15
62099,123,124,-1,1
62100,89,95,-6,6
62101,73,74,-1,1
62102,64,74,-10,10
62103,62,72,-10,10
62104,100,94,6,6
62105,100,94,6,6
62106,48,71,-23,23
62107,119,113,6,6
62108,53,64,-11,11
62109,142,140,2,2
62110,58,68,-10,10
62111,100,112,-12,12
62112,77,79,-2,2
62113,71,90,-19,19
62114,126,122,4,4
62115,50,63,-13,13
62116,205,163,42,42
62117,60,71,-11,11
62118,91,95,-4,4
62119,70,81,-11,11
62120,90,96,-6,6
62121,159,150,9,9
62122,75,82,-7,7
62123,116,95,21,21
62124,109,113,-4,4
62125,143,133,10,10
62126,112,104,8,8
62127,84,90,-6,6
62128,170,164,6,6
62129,150,143,7,7
62130,109,104,5,5
62131,161,145,16,16
62132,99,104,-5,5
62133,127,110,17,17
62134,62,30,32,32
62135,133,126,7,7
62136,101,105,-4,4
62137,127,119,8,8
62138,89,90,-1,1
62139,95,93,2,2
62140,150,137,13,13
62141,49,58,-9,9
62142,92,95,-3,3
62143,92,92,0,0
62144,38,57,-19,19
62145,145,146,-1,1
62146,156,155,1,1
62147,125,120,5,5
62148,51,59,-8,8
62149,134,113,21,21
62150,92,104,-12,12
62151,85,95,-10,10
62152,60,68,-8,8
62153,67,77,-10,10
62154,99,109,-10,10
62155,159,158,1,1
62156,86,93,-7,7
62157,75,69,6,6
62158,42,54,-12,12
62159,71,80,-9,9
62160,136,134,2,2
62161,67,82,-15,15
62162,112,111,1,1
62163,71,78,-7,7
62164,48,66,-18,18
62165,139,137,2,2
62166,114,145,-31,31
62167,48,57,-9,9
62168,86,89,-3,3
62169,119,112,7,7
62170,94,96,-2,2
62171,105,106,-1,1
62172,104,95,9,9
62173,85,91,-6,6
62174,66,69,-3,3
62175,93,91,2,2
62176,88,95,-7,7
62177,67,74,-7,7
62178,91,100,-9,9
62179,110,110,0,0
62180,80,80,0,0
62181,98,105,-7,7
62182,126,123,3,3
62183,52,66,-14,14
62184,63,74,-11,11
62185,91,99,-8,8
62186,103,103,0,0
62187,68,73,-5,5
62188,73,86,-13,13
62189,95,98,-3,3
62190,100,98,2,2
62191,111,100,11,11
62192,100,103,-3,3
62193,75,81,-6,6
62194,84,92,-8,8
62195,75,85,-10,10
62196,139,124,15,15
62197,105,108,-3,3
62198,84,95,-11,11
62199,137,122,15,15
62200,65,99,-34,34
62201,97,91,6,6
62202,78,84,-6,6
62203,122,124,-2,2
62204,72,81,-9,9
62205,80,99,-19,19
62206,132,119,13,13
62207,113,109,4,4
62208,121,119,2,2
62209,72,79,-7,7
62210,95,100,-5,5
62211,124,119,5,5
62212,122,119,3,3
62213,152,148,4,4
62214,105,101,4,4
62215,103,107,-4,4
62216,111,103,8,8
62217,60,63,-3,3
62218,75,100,-25,25
62219,69,77,-8,8
62220,85,82,3,3
62221,91,100,-9,9
62222,106,99,7,7
62223,76,90,-14,14
62224,43,57,-14,14
62225,65,69,-4,4
62226,180,169,11,11
62227,38,65,-27,27
62228,86,89,-3,3
62229,77,82,-5,5
62230,110,111,-1,1
62231,111,111,0,0
62232,134,123,11,11
62233,123,123,0,0
62234,67,75,-8,8
62235,77,86,-9,9
62236,95,103,-8,8
62237,94,96,-2,2
62238,131,129,2,2
62239,88,100,-12,12
62240,130,124,6,6
62241,78,82,-4,4
62242,98,99,-1,1
62243,66,73,-7,7
62244,63,73,-10,10
62245,85,84,1,1
62246,82,88,-6,6
62247,82,93,-11,11
62248,104,101,3,3
62249,120,119,1,1
62250,68,76,-8,8
62251,108,110,-2,2
62252,101,97,4,4
62253,102,98,4,4
62254,161,157,4,4
62255,48,63,-15,15
62256,82,92,-10,10
62257,134,129,5,5
62258,102,98,4,4
62259,47,58,-11,11
62260,101,83,18,18
62261,103,100,3,3
62262,158,139,19,19
62263,79,89,-10,10
62264,126,120,6,6
62265,72,84,-12,12
62266,103,103,0,0
62267,86,96,-10,10
62268,73,85,-12,12
62269,150,139,11,11
62270,69,73,-4,4
62271,89,87,2,2
62272,102,98,4,4
62273,89,93,-4,4
62274,92,97,-5,5
62275,91,92,-1,1
62276,69,77,-8,8
62277,31,52,-21,21
62278,62,67,-5,5
62279,74,85,-11,11
62280,73,72,1,1
62281,92,84,8,8
62282,68,73,-5,5
62283,121,113,8,8
62284,160,151,9,9
62285,124,122,2,2
62286,71,75,-4,4
62287,98,90,8,8
62288,85,88,-3,3
62289,93,91,2,2
62290,87,85,2,2
62291,210,169,41,41
62292,74,81,-7,7
62293,84,91,-7,7
62294,141,134,7,7
62295,68,76,-8,8
62296,118,115,3,3
62297,75,82,-7,7
62298,150,141,9,9
62299,162,150,12,12
62300,59,68,-9,9
62301,82,86,-4,4
62302,118,111,7,7
62303,94,100,-6,6
62304,75,95,-20,20
62305,71,78,-7,7
62306,131,121,10,10
62307,120,113,7,7
62308,91,96,-5,5
62309,112,104,8,8
62310,145,136,9,9
62311,93,86,7,7
62312,93,92,1,1
62313,89,82,7,7
62314,110,104,6,6
62315,78,82,-4,4
62316,80,79,1,1
62317,133,132,1,1
62318,50,58,-8,8
62319,82,88,-6,6
62320,145,125,20,20
62321,126,108,18,18
62322,105,102,3,3
62323,159,151,8,8
62324,118,120,-2,2
62325,142,134,8,8
62326,108,101,7,7
62327,110,109,1,1
62328,106,99,7,7
62329,119,119,0,0
62330,90,95,-5,5
62331,68,77,-9,9
62332,119,112,7,7
62333,162,149,13,13
62334,76,86,-10,10
62335,89,85,4,4
62336,57,70,-13,13
62337,79,81,-2,2
62338,72,83,-11,11
62339,110,97,13,13
62340,82,82,0,0
62341,76,77,-1,1
62342,68,80,-12,12
62343,79,101,-22,22
62344,64,75,-11,11
62345,151,133,18,18
62346,64,72,-8,8
62347,110,105,5,5
62348,78,76,2,2
62349,123,120,3,3
62350,118,116,2,2
62351,58,71,-13,13
62352,140,128,12,12
62353,128,118,10,10
62354,57,62,-5,5
62355,101,104,-3,3
62356,106,101,5,5
62357,71,83,-12,12
62358,61,68,-7,7
62359,187,156,31,31
62360,123,113,10,10
62361,64,69,-5,5
62362,59,71,-12,12
62363,83,86,-3,3
62364,68,79,-11,11
62365,83,82,1,1
62366,111,105,6,6
62367,86,96,-10,10
62368,87,92,-5,5
62369,97,96,1,1
62370,76,80,-4,4
62371,91,97,-6,6
62372,169,147,22,22
62373,51,58,-7,7
62374,57,80,-23,23
62375,168,164,4,4
62376,93,76,17,17
62377,93,93,0,0
62378,98,89,9,9
62379,76,88,-12,12
62380,142,132,10,10
62381,60,70,-10,10
62382,118,110,8,8
62383,40,67,-27,27
62384,68,71,-3,3
62385,75,76,-1,1
62386,97,97,0,0
62387,124,121,3,3
62388,68,71,-3,3
62389,89,86,3,3
62390,109,107,2,2
62391,53,63,-10,10
62392,112,108,4,4
62393,140,138,2,2
62394,113,105,8,8
62395,105,116,-11,11
62396,69,73,-4,4
62397,98,119,-21,21
62398,150,142,8,8
62399,93,95,-2,2
62400,117,121,-4,4
62401,44,55,-11,11
62402,65,66,-1,1
62403,78,77,1,1
62404,149,144,5,5
62405,75,77,-2,2
62406,82,85,-3,3
62407,93,91,2,2
62408,129,126,3,3
62409,46,62,-16,16
62410,56,59,-3,3
62411,99,88,11,11
62412,31,57,-26,26
62413,113,111,2,2
62414,167,161,6,6
62415,113,116,-3,3
62416,171,166,5,5
62417,71,77,-6,6
62418,103,105,-2,2
62419,76,84,-8,8
62420,64,66,-2,2
62421,105,107,-2,2
62422,176,160,16,16
62423,127,118,9,9
62424,118,106,12,12
62425,88,97,-9,9
62426,133,127,6,6
62427,84,95,-11,11
62428,108,110,-2,2
62429,72,78,-6,6
62430,128,122,6,6
62431,36,53,-17,17
62432,116,104,12,12
62433,105,107,-2,2
62434,85,92,-7,7
62435,48,58,-10,10
62436,142,125,17,17
62437,78,72,6,6
62438,72,83,-11,11
62439,255,218,37,37
62440,113,119,-6,6
62441,98,93,5,5
62442,143,126,17,17
62443,85,106,-21,21
62444,111,112,-1,1
62445,106,104,2,2
62446,111,114,-3,3
62447,84,83,1,1
62448,74,82,-8,8
62449,87,93,-6,6
62450,133,129,4,4
62451,111,118,-7,7
62452,78,83,-5,5
62453,83,90,-7,7
62454,117,104,13,13
62455,97,94,3,3
62456,127,127,0,0
62457,66,71,-5,5
62458,124,118,6,6
62459,72,78,-6,6
62460,108,95,13,13
62461,124,122,2,2
62462,137,119,18,18
62463,84,90,-6,6
62464,175,166,9,9
62465,32,40,-8,8
62466,127,110,17,17
62467,139,135,4,4
62468,84,108,-24,24
62469,138,139,-1,1
62470,147,145,2,2
62471,49,61,-12,12
62472,87,90,-3,3
62473,71,78,-7,7
62474,89,82,7,7
62475,122,119,3,3
62476,110,117,-7,7
62477,112,111,1,1
62478,161,140,21,21
62479,78,93,-15,15
62480,84,90,-6,6
62481,96,93,3,3
62482,83,87,-4,4
62483,166,141,25,25
62484,69,72,-3,3
62485,48,57,-9,9
62486,84,77,7,7
62487,113,98,15,15
62488,89,94,-5,5
62489,51,63,-12,12
62490,101,101,0,0
62491,70,74,-4,4
62492,107,99,8,8
62493,99,97,2,2
62494,142,128,14,14
62495,123,112,11,11
62496,81,82,-1,1
62497,60,66,-6,6
62498,139,124,15,15
62499,93,94,-1,1
62500,123,129,-6,6
62501,101,86,15,15
62502,128,125,3,3
62503,72,78,-6,6
62504,134,119,15,15
62505,89,91,-2,2
62506,162,147,15,15
62507,129,112,17,17
62508,97,98,-1,1
62509,63,80,-17,17
62510,88,93,-5,5
62511,47,58,-11,11
62512,163,147,16,16
62513,169,167,2,2
62514,88,89,-1,1
62515,116,117,-1,1
62516,68,77,-9,9
62517,66,77,-11,11
62518,75,82,-7,7
62519,79,88,-9,9
62520,132,128,4,4
62521,64,76,-12,12
62522,154,143,11,11
62523,159,127,32,32
62524,97,100,-3,3
62525,151,139,12,12
62526,64,72,-8,8
62527,86,82,4,4
62528,86,104,-18,18
62529,105,103,2,2
62530,135,133,2,2
62531,78,91,-13,13
62532,180,155,25,25
62533,126,118,8,8
62534,115,115,0,0
62535,95,108,-13,13
62536,123,110,13,13
62537,49,58,-9,9
62538,94,101,-7,7
62539,170,157,13,13
62540,92,92,0,0
62541,101,103,-2,2
62542,93,96,-3,3
62543,123,134,-11,11
62544,83,82,1,1
62545,122,109,13,13
62546,109,122,-13,13
62547,67,67,0,0
62548,59,71,-12,12
62549,79,78,1,1
62550,82,89,-7,7
62551,69,75,-6,6
62552,83,93,-10,10
62553,116,109,7,7
62554,202,170,32,32
62555,92,103,-11,11
62556,95,91,4,4
62557,104,106,-2,2
62558,124,119,5,5
62559,203,181,22,22
62560,95,94,1,1
62561,131,124,7,7
62562,42,54,-12,12
62563,106,91,15,15
62564,40,55,-15,15
62565,81,84,-3,3
62566,125,113,12,12
62567,82,85,-3,3
62568,121,112,9,9
62569,85,97,-12,12
62570,104,96,8,8
62571,82,83,-1,1
62572,76,78,-2,2
62573,60,69,-9,9
62574,91,84,7,7
62575,96,88,8,8
62576,118,112,6,6
62577,101,95,6,6
62578,140,137,3,3
62579,153,142,11,11
62580,115,122,-7,7
62581,38,64,-26,26
62582,74,82,-8,8
62583,28,65,-37,37
62584,65,74,-9,9
62585,113,118,-5,5
62586,109,110,-1,1
62587,93,93,0,0
62588,87,89,-2,2
62589,54,66,-12,12
62590,125,119,6,6
62591,141,135,6,6
62592,114,119,-5,5
62593,122,119,3,3
62594,138,136,2,2
62595,98,95,3,3
62596,84,87,-3,3
62597,118,118,0,0
62598,114,112,2,2
62599,69,79,-10,10
62600,47,65,-18,18
62601,72,69,3,3
62602,72,71,1,1
62603,85,90,-5,5
62604,48,59,-11,11
62605,96,94,2,2
62606,90,92,-2,2
62607,99,93,6,6
62608,122,126,-4,4
62609,60,70,-10,10
62610,80,89,-9,9
62611,79,85,-6,6
62612,54,63,-9,9
62613,90,95,-5,5
62614,84,94,-10,10
62615,98,99,-1,1
62616,106,104,2,2
62617,70,81,-11,11
62618,93,89,4,4
62619,81,82,-1,1
62620,108,103,5,5
62621,66,75,-9,9
62622,92,93,-1,1
62623,58,64,-6,6
62624,80,83,-3,3
62625,72,80,-8,8
62626,92,91,1,1
62627,114,120,-6,6
62628,149,133,16,16
62629,85,85,0,0
62630,61,64,-3,3
62631,104,98,6,6
62632,100,93,7,7
62633,132,128,4,4
62634,132,123,9,9
62635,114,102,12,12
62636,89,95,-6,6
62637,52,61,-9,9
62638,51,59,-8,8
62639,109,111,-2,2
62640,112,119,-7,7
62641,80,80,0,0
62642,158,168,-10,10
62643,103,96,7,7
62644,59,70,-11,11
62645,118,112,6,6
62646,114,109,5,5
62647,101,99,2,2
62648,64,71,-7,7
62649,75,79,-4,4
62650,110,99,11,11
62651,168,172,-4,4
62652,109,100,9,9
62653,106,105,1,1
62654,32,84,-52,52
62655,86,94,-8,8
62656,185,143,42,42
62657,125,135,-10,10
62658,48,60,-12,12
62659,128,127,1,1
62660,138,138,0,0
62661,75,73,2,2
62662,84,105,-21,21
62663,115,103,12,12
62664,58,74,-16,16
62665,97,96,1,1
62666,152,132,20,20
62667,94,98,-4,4
62668,114,111,3,3
62669,130,135,-5,5
62670,61,71,-10,10
62671,185,159,26,26
62672,110,109,1,1
62673,58,64,-6,6
62674,79,86,-7,7
62675,79,81,-2,2
62676,93,92,1,1
62677,129,127,2,2
62678,134,125,9,9
62679,98,102,-4,4
62680,162,154,8,8
62681,83,87,-4,4
62682,107,97,10,10
62683,98,110,-12,12
62684,131,119,12,12
62685,57,62,-5,5
62686,153,133,20,20
62687,126,121,5,5
62688,89,90,-1,1
62689,68,73,-5,5
62690,131,120,11,11
62691,68,81,-13,13
62692,94,89,5,5
62693,135,122,13,13
62694,96,99,-3,3
62695,95,105,-10,10
62696,90,91,-1,1
62697,55,66,-11,11
62698,108,112,-4,4
62699,36,49,-13,13
62700,73,75,-2,2
62701,73,86,-13,13
62702,102,99,3,3
62703,52,61,-9,9
62704,22,37,-15,15
62705,102,94,8,8
62706,136,119,17,17
62707,83,89,-6,6
62708,76,80,-4,4
62709,135,130,5,5
62710,116,120,-4,4
62711,69,76,-7,7
62712,42,57,-15,15
62713,86,81,5,5
62714,131,126,5,5
62715,119,113,6,6
62716,65,71,-6,6
62717,100,105,-5,5
62718,65,74,-9,9
62719,73,78,-5,5
62720,63,71,-8,8
62721,115,144,-29,29
62722,164,146,18,18
62723,146,142,4,4
62724,64,74,-10,10
62725,101,99,2,2
62726,124,119,5,5
62727,74,83,-9,9
62728,92,84,8,8
62729,90,90,0,0
62730,93,95,-2,2
62731,76,85,-9,9
62732,133,133,0,0
62733,54,65,-11,11
62734,147,122,25,25
62735,107,109,-2,2
62736,132,116,16,16
62737,129,118,11,11
62738,95,93,2,2
62739,78,91,-13,13
62740,93,91,2,2
62741,85,94,-9,9
62742,138,149,-11,11
62743,106,108,-2,2
62744,45,59,-14,14
62745,50,64,-14,14
62746,55,53,2,2
62747,44,62,-18,18
62748,70,76,-6,6
62749,125,119,6,6
62750,82,88,-6,6
62751,80,83,-3,3
62752,120,117,3,3
62753,100,98,2,2
62754,70,72,-2,2
62755,65,72,-7,7
62756,96,101,-5,5
62757,93,95,-2,2
62758,106,100,6,6
62759,168,146,22,22
62760,169,152,17,17
62761,95,91,4,4
62762,95,97,-2,2
62763,81,82,-1,1
62764,65,68,-3,3
62765,64,82,-18,18
62766,62,84,-22,22
62767,119,118,1,1
62768,93,90,3,3
62769,77,82,-5,5
62770,141,137,4,4
62771,66,74,-8,8
62772,76,93,-17,17
62773,148,137,11,11
62774,57,75,-18,18
62775,78,67,11,11
62776,134,117,17,17
62777,133,125,8,8
62778,66,74,-8,8
62779,75,76,-1,1
62780,97,95,2,2
62781,131,119,12,12
62782,171,155,16,16
62783,222,202,20,20
62784,102,104,-2,2
62785,60,70,-10,10
62786,144,139,5,5
62787,43,54,-11,11
62788,82,82,0,0
62789,84,88,-4,4
62790,92,101,-9,9
62791,94,82,12,12
62792,179,168,11,11
62793,119,120,-1,1
62794,61,74,-13,13
62795,93,99,-6,6
62796,53,62,-9,9
62797,142,138,4,4
62798,69,74,-5,5
62799,90,95,-5,5
62800,139,134,5,5
62801,90,110,-20,20
62802,56,65,-9,9
62803,113,117,-4,4
62804,91,93,-2,2
62805,86,91,-5,5
62806,111,105,6,6
62807,74,74,0,0
62808,139,122,17,17
62809,96,92,4,4
62810,105,100,5,5
62811,139,134,5,5
62812,61,72,-11,11
62813,70,79,-9,9
62814,70,80,-10,10
62815,61,68,-7,7
62816,127,131,-4,4
62817,92,99,-7,7
62818,120,110,10,10
62819,52,61,-9,9
62820,86,90,-4,4
62821,62,68,-6,6
62822,101,120,-19,19
62823,85,101,-16,16
62824,96,103,-7,7
62825,105,105,0,0
62826,122,120,2,2
62827,116,114,2,2
62828,98,87,11,11
62829,154,137,17,17
62830,100,96,4,4
62831,164,151,13,13
62832,162,148,14,14
62833,136,135,1,1
62834,62,75,-13,13
62835,178,166,12,12
62836,109,95,14,14
62837,121,107,14,14
62838,108,121,-13,13
62839,84,89,-5,5
62840,131,117,14,14
62841,122,109,13,13
62842,64,80,-16,16
62843,84,89,-5,5
62844,72,77,-5,5
62845,185,158,27,27
62846,77,79,-2,2
62847,137,152,-15,15
62848,93,102,-9,9
62849,86,99,-13,13
62850,144,125,19,19
62851,78,89,-11,11
62852,61,72,-11,11
62853,129,118,11,11
62854,52,70,-18,18
62855,195,174,21,21
62856,87,92,-5,5
62857,101,103,-2,2
62858,103,107,-4,4
62859,169,153,16,16
62860,104,102,2,2
62861,80,83,-3,3
62862,40,64,-24,24
62863,90,99,-9,9
62864,89,97,-8,8
62865,105,104,1,1
62866,86,96,-10,10
62867,133,125,8,8
62868,89,89,0,0
62869,64,69,-5,5
62870,94,102,-8,8
62871,86,96,-10,10
62872,128,122,6,6
62873,53,64,-11,11
62874,91,84,7,7
62875,74,77,-3,3
62876,64,72,-8,8
62877,81,79,2,2
62878,66,76,-10,10
62879,76,75,1,1
62880,91,92,-1,1
62881,76,79,-3,3
62882,109,101,8,8
62883,77,79,-2,2
62884,76,79,-3,3
62885,110,101,9,9
62886,88,90,-2,2
62887,120,114,6,6
62888,127,124,3,3
62889,106,110,-4,4
62890,201,181,20,20
62891,111,110,1,1
62892,231,199,32,32
62893,59,72,-13,13
62894,150,138,12,12
62895,141,129,12,12
62896,62,65,-3,3
62897,191,178,13,13
62898,119,118,1,1
62899,72,85,-13,13
62900,103,103,0,0
62901,79,90,-11,11
62902,106,105,1,1
62903,104,120,-16,16
62904,88,95,-7,7
62905,78,91,-13,13
62906,81,94,-13,13
62907,98,101,-3,3
62908,123,119,4,4
62909,142,137,5,5
62910,74,79,-5,5
62911,163,148,15,15
62912,102,94,8,8
62913,60,69,-9,9
62914,133,118,15,15
62915,59,67,-8,8
62916,47,64,-17,17
62917,86,92,-6,6
62918,124,115,9,9
62919,28,43,-15,15
62920,59,67,-8,8
62921,124,133,-9,9
62922,105,101,4,4
62923,103,98,5,5
62924,80,85,-5,5
62925,82,82,0,0
62926,84,85,-1,1
62927,128,125,3,3
62928,101,104,-3,3
62929,72,78,-6,6
62930,89,83,6,6
62931,119,119,0,0
62932,181,165,16,16
62933,146,140,6,6
62934,58,67,-9,9
62935,80,80,0,0
62936,37,51,-14,14
62937,45,64,-19,19
62938,95,106,-11,11
62939,108,105,3,3
62940,79,77,2,2
62941,85,79,6,6
62942,53,70,-17,17
62943,211,181,30,30
62944,103,103,0,0
62945,77,79,-2,2
62946,75,78,-3,3
62947,95,96,-1,1
62948,102,96,6,6
62949,77,82,-5,5
62950,54,64,-10,10
62951,110,103,7,7
62952,121,113,8,8
62953,89,81,8,8
62954,93,99,-6,6
62955,44,59,-15,15
62956,84,96,-12,12
62957,135,124,11,11
62958,66,68,-2,2
62959,104,113,-9,9
62960,141,129,12,12
62961,98,92,6,6
62962,90,97,-7,7
62963,115,111,4,4
62964,109,111,-2,2
62965,69,81,-12,12
62966,64,69,-5,5
62967,185,165,20,20
62968,114,107,7,7
62969,191,163,28,28
62970,49,57,-8,8
62971,83,94,-11,11
62972,100,101,-1,1
62973,98,92,6,6
62974,69,85,-16,16
62975,103,95,8,8
62976,148,152,-4,4
62977,81,79,2,2
62978,151,142,9,9
62979,70,68,2,2
62980,88,87,1,1
62981,93,99,-6,6
62982,60,84,-24,24
62983,88,85,3,3
62984,63,73,-10,10
62985,92,90,2,2
62986,108,110,-2,2
62987,78,94,-16,16
62988,156,136,20,20
62989,63,71,-8,8
62990,58,70,-12,12
62991,38,50,-12,12
62992,107,102,5,5
62993,101,98,3,3
62994,65,77,-12,12
62995,120,119,1,1
62996,101,97,4,4
62997,106,96,10,10
62998,72,77,-5,5
62999,127,119,8,8
63000,65,73,-8,8
63001,126,113,13,13
63002,113,110,3,3
63003,104,110,-6,6
63004,152,138,14,14
63005,57,69,-12,12
63006,83,82,1,1
63007,101,102,-1,1
63008,81,84,-3,3
63009,54,72,-18,18
63010,80,84,-4,4
63011,83,92,-9,9
63012,31,30,1,1
63013,64,73,-9,9
63014,159,154,5,5
63015,133,125,8,8
63016,116,121,-5,5
63017,57,62,-5,5
63018,99,95,4,4
63019,62,65,-3,3
63020,90,89,1,1
63021,117,115,2,2
63022,142,127,15,15
63023,177,156,21,21
63024,59,67,-8,8
63025,89,101,-12,12
63026,69,74,-5,5
63027,63,77,-14,14
63028,46,81,-35,35
63029,136,139,-3,3
63030,105,118,-13,13
63031,127,132,-5,5
63032,66,77,-11,11
63033,138,135,3,3
63034,71,76,-5,5
63035,97,98,-1,1
63036,112,114,-2,2
63037,77,85,-8,8
63038,57,68,-11,11
63039,84,91,-7,7
63040,85,84,1,1
63041,111,103,8,8
63042,123,118,5,5
63043,110,118,-8,8
63044,114,118,-4,4
63045,111,132,-21,21
63046,71,84,-13,13
63047,93,89,4,4
63048,343,300,43,43
63049,72,79,-7,7
63050,186,156,30,30
63051,62,68,-6,6
63052,79,83,-4,4
63053,129,128,1,1
63054,121,135,-14,14
63055,105,101,4,4
63056,157,142,15,15
63057,115,105,10,10
63058,78,80,-2,2
63059,179,177,2,2
63060,80,83,-3,3
63061,113,119,-6,6
63062,87,92,-5,5
63063,95,98,-3,3
63064,95,99,-4,4
63065,104,102,2,2
63066,88,92,-4,4
63067,61,73,-12,12
63068,63,66,-3,3
63069,87,105,-18,18
63070,157,157,0,0
63071,92,120,-28,28
63072,53,64,-11,11
63073,128,115,13,13
63074,114,108,6,6
63075,95,96,-1,1
63076,102,101,1,1
63077,120,121,-1,1
63078,110,119,-9,9
63079,207,186,21,21
63080,103,102,1,1
63081,55,64,-9,9
63082,98,96,2,2
63083,99,101,-2,2
63084,94,98,-4,4
63085,82,92,-10,10
63086,60,89,-29,29
63087,95,100,-5,5
63088,113,104,9,9
63089,113,112,1,1
63090,105,100,5,5
63091,80,75,5,5
63092,104,109,-5,5
63093,97,97,0,0
63094,62,71,-9,9
63095,62,77,-15,15
63096,85,93,-8,8
63097,114,110,4,4
63098,72,73,-1,1
63099,82,80,2,2
63100,94,88,6,6
63101,90,95,-5,5
63102,110,99,11,11
63103,90,86,4,4
63104,80,86,-6,6
63105,109,100,9,9
63106,61,72,-11,11
63107,185,169,16,16
63108,117,116,1,1
63109,139,132,7,7
63110,56,67,-11,11
63111,74,76,-2,2
63112,107,113,-6,6
63113,78,89,-11,11
63114,51,63,-12,12
63115,87,90,-3,3
63116,114,108,6,6
63117,83,88,-5,5
63118,137,126,11,11
63119,117,108,9,9
63120,87,98,-11,11
63121,69,79,-10,10
63122,86,92,-6,6
63123,150,143,7,7
63124,162,148,14,14
63125,87,90,-3,3
63126,68,73,-5,5
63127,68,73,-5,5
63128,126,105,21,21
63129,109,102,7,7
63130,106,118,-12,12
63131,114,107,7,7
63132,136,138,-2,2
63133,128,110,18,18
63134,109,114,-5,5
63135,114,118,-4,4
63136,102,103,-1,1
63137,144,127,17,17
63138,52,58,-6,6
63139,73,87,-14,14
63140,116,112,4,4
63141,111,98,13,13
63142,106,109,-3,3
63143,125,122,3,3
63144,119,103,16,16
63145,77,84,-7,7
63146,78,79,-1,1
63147,62,68,-6,6
63148,80,92,-12,12
63149,101,103,-2,2
63150,130,129,1,1
63151,165,146,19,19
63152,88,82,6,6
63153,97,107,-10,10
63154,125,114,11,11
63155,55,67,-12,12
63156,76,85,-9,9
63157,124,125,-1,1
63158,82,88,-6,6
63159,60,73,-13,13
63160,107,104,3,3
63161,109,110,-1,1
63162,162,148,14,14
63163,95,114,-19,19
63164,54,63,-9,9
63165,125,121,4,4
63166,107,98,9,9
63167,74,72,2,2
63168,155,146,9,9
63169,77,86,-9,9
63170,80,80,0,0
63171,122,123,-1,1
63172,71,83,-12,12
63173,112,104,8,8
63174,61,74,-13,13
63175,88,96,-8,8
63176,171,148,23,23
63177,98,96,2,2
63178,59,69,-10,10
63179,150,144,6,6
63180,94,96,-2,2
63181,112,111,1,1
63182,113,95,18,18
63183,92,94,-2,2
63184,121,121,0,0
63185,101,97,4,4
63186,82,85,-3,3
63187,125,111,14,14
63188,74,78,-4,4
63189,68,76,-8,8
63190,104,109,-5,5
63191,80,88,-8,8
63192,101,95,6,6
63193,96,103,-7,7
63194,96,95,1,1
63195,79,89,-10,10
63196,75,79,-4,4
63197,121,119,2,2
63198,173,155,18,18
63199,123,118,5,5
63200,124,118,6,6
63201,123,116,7,7
63202,129,130,-1,1
63203,119,105,14,14
63204,107,110,-3,3
63205,117,110,7,7
63206,74,82,-8,8
63207,72,84,-12,12
63208,92,100,-8,8
63209,102,96,6,6
63210,123,131,-8,8
63211,119,125,-6,6
63212,71,75,-4,4
63213,64,77,-13,13
63214,108,103,5,5
63215,140,121,19,19
63216,90,94,-4,4
63217,128,119,9,9
63218,99,100,-1,1
63219,82,98,-16,16
63220,156,146,10,10
63221,137,132,5,5
63222,78,74,4,4
63223,95,98,-3,3
63224,82,96,-14,14
63225,90,95,-5,5
63226,64,73,-9,9
63227,73,81,-8,8
63228,53,70,-17,17
63229,123,121,2,2
63230,62,73,-11,11
63231,92,99,-7,7
63232,123,117,6,6
63233,125,117,8,8
63234,41,54,-13,13
63235,187,168,19,19
63236,91,92,-1,1
63237,76,82,-6,6
63238,176,157,19,19
63239,93,98,-5,5
63240,87,93,-6,6
63241,89,95,-6,6
63242,88,85,3,3
63243,99,96,3,3
63244,134,118,16,16
63245,95,98,-3,3
63246,105,104,1,1
63247,42,61,-19,19
63248,96,94,2,2
63249,50,70,-20,20
63250,63,71,-8,8
63251,95,105,-10,10
63252,99,97,2,2
63253,109,120,-11,11
63254,133,118,15,15
63255,90,83,7,7
63256,71,76,-5,5
63257,58,80,-22,22
63258,173,160,13,13
63259,77,78,-1,1
63260,88,68,20,20
63261,72,75,-3,3
63262,116,109,7,7
63263,61,72,-11,11
63264,94,88,6,6
63265,117,121,-4,4
63266,114,112,2,2
63267,147,137,10,10
63268,125,119,6,6
63269,100,105,-5,5
63270,101,92,9,9
63271,112,110,2,2
63272,94,88,6,6
63273,119,108,11,11
63274,154,146,8,8
63275,82,86,-4,4
63276,58,72,-14,14
63277,131,113,18,18
63278,82,85,-3,3
63279,96,96,0,0
63280,80,79,1,1
63281,118,119,-1,1
63282,51,72,-21,21
63283,164,152,12,12
63284,77,104,-27,27
63285,144,139,5,5
63286,132,133,-1,1
63287,89,90,-1,1
63288,78,79,-1,1
63289,51,66,-15,15
63290,100,105,-5,5
63291,108,107,1,1
63292,143,124,19,19
63293,88,89,-1,1
63294,67,71,-4,4
63295,121,125,-4,4
63296,90,86,4,4
63297,65,75,-10,10
63298,79,84,-5,5
63299,144,130,14,14
63300,55,61,-6,6
63301,78,85,-7,7
63302,82,94,-12,12
63303,78,81,-3,3
63304,160,155,5,5
63305,89,86,3,3
63306,101,107,-6,6
63307,114,100,14,14
63308,86,83,3,3
63309,155,149,6,6
63310,105,113,-8,8
63311,76,77,-1,1
63312,149,134,15,15
63313,99,108,-9,9
63314,120,107,13,13
63315,69,75,-6,6
63316,102,101,1,1
63317,59,66,-7,7
63318,54,67,-13,13
63319,107,98,9,9
63320,60,67,-7,7
63321,70,71,-1,1
63322,219,203,16,16
63323,83,87,-4,4
63324,68,74,-6,6
63325,89,95,-6,6
63326,68,80,-12,12
63327,108,111,-3,3
63328,94,103,-9,9
63329,90,94,-4,4
63330,171,159,12,12
63331,35,48,-13,13
63332,39,51,-12,12
63333,80,113,-33,33
63334,69,73,-4,4
63335,109,107,2,2
63336,112,116,-4,4
63337,127,124,3,3
63338,87,91,-4,4
63339,60,122,-62,62
63340,67,80,-13,13
63341,151,136,15,15
63342,115,109,6,6
63343,86,93,-7,7
63344,97,89,8,8
63345,128,119,9,9
63346,137,121,16,16
63347,102,104,-2,2
63348,76,83,-7,7
63349,33,37,-4,4
63350,89,92,-3,3
63351,68,72,-4,4
63352,55,64,-9,9
63353,104,107,-3,3
63354,98,102,-4,4
63355,67,72,-5,5
63356,103,100,3,3
63357,87,91,-4,4
63358,92,93,-1,1
63359,97,89,8,8
63360,144,135,9,9
63361,94,108,-14,14
63362,95,89,6,6
63363,131,118,13,13
63364,102,96,6,6
63365,132,129,3,3
63366,83,92,-9,9
63367,127,126,1,1
63368,71,75,-4,4
63369,86,89,-3,3
63370,202,176,26,26
63371,181,164,17,17
63372,129,126,3,3
63373,112,106,6,6
63374,118,116,2,2
63375,46,53,-7,7
63376,120,103,17,17
63377,55,72,-17,17
63378,141,130,11,11
63379,92,92,0,0
63380,137,133,4,4
63381,59,69,-10,10
63382,192,190,2,2
63383,144,141,3,3
63384,91,96,-5,5
63385,111,108,3,3
63386,52,60,-8,8
63387,135,125,10,10
63388,43,59,-16,16
63389,138,122,16,16
63390,159,137,22,22
63391,88,95,-7,7
63392,63,72,-9,9
63393,90,95,-5,5
63394,101,95,6,6
63395,72,78,-6,6
63396,64,68,-4,4
63397,81,80,1,1
63398,94,96,-2,2
63399,125,123,2,2
63400,64,71,-7,7
63401,68,76,-8,8
63402,77,87,-10,10
63403,125,126,-1,1
63404,68,75,-7,7
63405,131,123,8,8
63406,72,77,-5,5
63407,113,105,8,8
63408,136,133,3,3
63409,136,125,11,11
63410,129,117,12,12
63411,118,113,5,5
63412,79,79,0,0
63413,98,95,3,3
63414,117,116,1,1
63415,98,106,-8,8
63416,30,48,-18,18
63417,76,73,3,3
63418,87,88,-1,1
63419,110,105,5,5
63420,80,86,-6,6
63421,48,69,-21,21
63422,120,115,5,5
63423,98,102,-4,4
63424,43,58,-15,15
63425,84,85,-1,1
63426,62,72,-10,10
63427,165,160,5,5
63428,56,66,-10,10
63429,85,89,-4,4
63430,109,101,8,8
63431,149,135,14,14
63432,55,62,-7,7
63433,89,97,-8,8
63434,68,82,-14,14
63435,68,76,-8,8
63436,146,138,8,8
63437,112,110,2,2
63438,104,101,3,3
63439,49,52,-3,3
63440,67,70,-3,3
63441,70,67,3,3
63442,109,102,7,7
63443,56,65,-9,9
63444,148,137,11,11
63445,97,100,-3,3
63446,79,83,-4,4
63447,116,105,11,11
63448,97,98,-1,1
63449,79,82,-3,3
63450,74,73,1,1
63451,67,68,-1,1
63452,118,112,6,6
63453,72,82,-10,10
63454,128,110,18,18
63455,113,116,-3,3
63456,103,109,-6,6
63457,86,95,-9,9
63458,59,71,-12,12
63459,114,119,-5,5
63460,125,127,-2,2
63461,105,100,5,5
63462,70,74,-4,4
63463,147,132,15,15
63464,90,85,5,5
63465,81,89,-8,8
63466,65,79,-14,14
63467,63,70,-7,7
63468,110,106,4,4
63469,108,99,9,9
63470,62,83,-21,21
63471,107,105,2,2
63472,47,60,-13,13
63473,76,83,-7,7
63474,92,96,-4,4
63475,129,124,5,5
63476,87,91,-4,4
63477,90,84,6,6
63478,75,82,-7,7
63479,69,81,-12,12
63480,61,71,-10,10
63481,76,79,-3,3
63482,49,60,-11,11
63483,133,122,11,11
63484,147,146,1,1
63485,115,103,12,12
63486,88,97,-9,9
63487,70,75,-5,5
63488,77,83,-6,6
63489,64,71,-7,7
63490,182,156,26,26
63491,103,99,4,4
63492,91,95,-4,4
63493,104,101,3,3
63494,67,65,2,2
63495,90,94,-4,4
63496,81,90,-9,9
63497,140,134,6,6
63498,64,74,-10,10
63499,132,125,7,7
63500,64,70,-6,6
63501,117,117,0,0
63502,86,96,-10,10
63503,216,186,30,30
63504,129,120,9,9
63505,107,105,2,2
63506,114,111,3,3
63507,99,94,5,5
63508,232,195,37,37
63509,81,88,-7,7
63510,117,119,-2,2
63511,142,138,4,4
63512,33,40,-7,7
63513,80,86,-6,6
63514,95,92,3,3
63515,84,85,-1,1
63516,111,117,-6,6
63517,53,67,-14,14
63518,47,67,-20,20
63519,80,85,-5,5
63520,81,86,-5,5
63521,74,78,-4,4
63522,49,62,-13,13
63523,124,111,13,13
63524,98,95,3,3
63525,155,149,6,6
63526,58,69,-11,11
63527,111,106,5,5
63528,99,111,-12,12
63529,124,114,10,10
63530,62,68,-6,6
63531,55,60,-5,5
63532,72,77,-5,5
63533,62,69,-7,7
63534,74,76,-2,2
63535,76,71,5,5
63536,102,99,3,3
63537,87,89,-2,2
63538,136,126,10,10
63539,89,87,2,2
63540,68,74,-6,6
63541,67,75,-8,8
63542,97,101,-4,4
63543,123,116,7,7
63544,170,146,24,24
63545,120,120,0,0
63546,110,117,-7,7
63547,100,103,-3,3
63548,37,55,-18,18
63549,84,79,5,5
63550,62,71,-9,9
63551,145,130,15,15
63552,106,106,0,0
63553,115,108,7,7
63554,126,123,3,3
63555,141,147,-6,6
63556,92,92,0,0
63557,110,106,4,4
63558,59,76,-17,17
63559,90,87,3,3
63560,77,81,-4,4
63561,70,78,-8,8
63562,77,79,-2,2
63563,79,78,1,1
63564,154,141,13,13
63565,137,136,1,1
63566,106,103,3,3
63567,116,107,9,9
63568,119,106,13,13
63569,65,67,-2,2
63570,139,128,11,11
63571,145,129,16,16
63572,141,133,8,8
63573,119,109,10,10
63574,70,77,-7,7
63575,78,82,-4,4
63576,75,72,3,3
63577,100,98,2,2
63578,163,147,16,16
63579,162,150,12,12
63580,153,142,11,11
63581,94,97,-3,3
63582,74,78,-4,4
63583,88,92,-4,4
63584,67,77,-10,10
63585,100,108,-8,8
63586,117,122,-5,5
63587,80,82,-2,2
63588,95,86,9,9
63589,77,83,-6,6
63590,121,116,5,5
63591,141,129,12,12
63592,83,82,1,1
63593,55,65,-10,10
63594,87,83,4,4
63595,76,84,-8,8
63596,116,104,12,12
63597,162,183,-21,21
63598,114,113,1,1
63599,79,80,-1,1
63600,117,119,-2,2
63601,54,65,-11,11
63602,87,93,-6,6
63603,124,122,2,2
63604,101,99,2,2
63605,53,64,-11,11
63606,133,126,7,7
63607,75,92,-17,17
63608,78,92,-14,14
63609,69,85,-16,16
63610,40,53,-13,13
63611,84,85,-1,1
63612,94,97,-3,3
63613,75,77,-2,2
63614,95,97,-2,2
63615,82,97,-15,15
63616,75,78,-3,3
63617,141,117,24,24
63618,98,101,-3,3
63619,101,110,-9,9
63620,49,59,-10,10
63621,45,54,-9,9
63622,94,97,-3,3
63623,132,111,21,21
63624,122,110,12,12
63625,96,97,-1,1
63626,89,89,0,0
63627,114,116,-2,2
63628,112,104,8,8
63629,55,71,-16,16
63630,63,70,-7,7
63631,133,118,15,15
63632,71,84,-13,13
63633,81,77,4,4
63634,104,106,-2,2
63635,97,88,9,9
63636,103,107,-4,4
63637,110,99,11,11
63638,91,93,-2,2
63639,60,70,-10,10
63640,58,70,-12,12
63641,91,93,-2,2
63642,69,78,-9,9
63643,75,88,-13,13
63644,175,170,5,5
63645,62,71,-9,9
63646,121,120,1,1
63647,64,72,-8,8
63648,103,97,6,6
63649,109,81,28,28
63650,111,103,8,8
63651,87,83,4,4
63652,146,133,13,13
63653,68,77,-9,9
63654,69,76,-7,7
63655,79,89,-10,10
63656,111,106,5,5
63657,72,75,-3,3
63658,110,104,6,6
63659,106,106,0,0
63660,112,101,11,11
63661,85,80,5,5
63662,153,152,1,1
63663,102,89,13,13
63664,75,82,-7,7
63665,123,114,9,9
63666,80,97,-17,17
63667,81,86,-5,5
63668,76,81,-5,5
63669,107,120,-13,13
63670,163,149,14,14
63671,75,85,-10,10
63672,83,84,-1,1
63673,72,74,-2,2
63674,73,80,-7,7
63675,47,67,-20,20
63676,127,120,7,7
63677,31,48,-17,17
63678,88,86,2,2
63679,131,126,5,5
63680,140,149,-9,9
63681,172,161,11,11
63682,86,85,1,1
63683,137,127,10,10
63684,108,105,3,3
63685,67,74,-7,7
63686,157,164,-7,7
63687,42,62,-20,20
63688,81,85,-4,4
63689,96,89,7,7
63690,189,175,14,14
63691,97,108,-11,11
63692,82,92,-10,10
63693,105,97,8,8
63694,107,99,8,8
63695,81,88,-7,7
63696,44,54,-10,10
63697,93,94,-1,1
63698,63,70,-7,7
63699,46,97,-51,51
63700,128,132,-4,4
63701,133,134,-1,1
63702,40,55,-15,15
63703,119,113,6,6
63704,100,95,5,5
63705,96,97,-1,1
63706,84,91,-7,7
63707,188,176,12,12
63708,66,74,-8,8
63709,145,142,3,3
63710,50,68,-18,18
63711,74,79,-5,5
63712,82,85,-3,3
63713,92,80,12,12
63714,131,125,6,6
63715,69,75,-6,6
63716,97,90,7,7
63717,137,129,8,8
63718,98,101,-3,3
63719,67,78,-11,11
63720,107,115,-8,8
63721,49,58,-9,9
63722,76,80,-4,4
63723,66,73,-7,7
63724,170,151,19,19
63725,101,106,-5,5
63726,95,88,7,7
63727,76,81,-5,5
63728,82,86,-4,4
63729,84,85,-1,1
63730,106,106,0,0
63731,64,78,-14,14
63732,91,95,-4,4
63733,86,88,-2,2
63734,54,62,-8,8
63735,82,99,-17,17
63736,89,93,-4,4
63737,97,97,0,0
63738,161,145,16,16
63739,48,53,-5,5
63740,109,106,3,3
63741,159,142,17,17
63742,106,107,-1,1
63743,181,153,28,28
63744,129,132,-3,3
63745,101,106,-5,5
63746,114,108,6,6
63747,126,114,12,12
63748,168,145,23,23
63749,95,103,-8,8
63750,80,84,-4,4
63751,96,95,1,1
63752,35,53,-18,18
63753,73,80,-7,7
63754,89,91,-2,2
63755,107,99,8,8
63756,88,94,-6,6
63757,92,97,-5,5
63758,91,82,9,9
63759,91,85,6,6
63760,120,130,-10,10
63761,82,83,-1,1
63762,80,89,-9,9
63763,55,64,-9,9
63764,76,74,2,2
63765,72,76,-4,4
63766,105,100,5,5
63767,113,107,6,6
63768,67,73,-6,6
63769,101,105,-4,4
63770,80,83,-3,3
63771,80,88,-8,8
63772,96,93,3,3
63773,71,74,-3,3
63774,148,149,-1,1
63775,72,74,-2,2
63776,127,129,-2,2
63777,75,81,-6,6
63778,83,91,-8,8
63779,90,95,-5,5
63780,86,92,-6,6
63781,75,84,-9,9
63782,72,80,-8,8
63783,70,69,1,1
63784,105,101,4,4
63785,41,57,-16,16
63786,68,77,-9,9
63787,86,85,1,1
63788,64,66,-2,2
63789,86,94,-8,8
63790,51,68,-17,17
63791,124,111,13,13
63792,88,96,-8,8
63793,93,95,-2,2
63794,54,75,-21,21
63795,71,71,0,0
63796,132,130,2,2
63797,101,97,4,4
63798,172,148,24,24
63799,176,163,13,13
63800,173,169,4,4
63801,130,124,6,6
63802,79,81,-2,2
63803,102,103,-1,1
63804,133,126,7,7
63805,90,77,13,13
63806,102,99,3,3
63807,65,72,-7,7
63808,128,120,8,8
63809,159,124,35,35
63810,57,66,-9,9
63811,171,155,16,16
63812,66,79,-13,13
63813,165,147,18,18
63814,51,59,-8,8
63815,111,108,3,3
63816,211,174,37,37
63817,89,85,4,4
63818,74,80,-6,6
63819,86,99,-13,13
63820,129,109,20,20
63821,67,69,-2,2
63822,112,111,1,1
63823,102,91,11,11
63824,76,79,-3,3
63825,67,82,-15,15
63826,96,96,0,0
63827,115,118,-3,3
63828,95,99,-4,4
63829,129,122,7,7
63830,78,78,0,0
63831,58,70,-12,12
63832,93,93,0,0
63833,53,60,-7,7
63834,62,71,-9,9
63835,89,94,-5,5
63836,110,107,3,3
63837,109,118,-9,9
63838,34,69,-35,35
63839,94,89,5,5
63840,54,66,-12,12
63841,111,113,-2,2
63842,128,127,1,1
63843,141,136,5,5
63844,92,92,0,0
63845,102,89,13,13
63846,94,99,-5,5
63847,130,120,10,10
63848,93,98,-5,5
63849,86,80,6,6
63850,102,100,2,2
63851,137,120,17,17
63852,55,57,-2,2
63853,118,115,3,3
63854,121,113,8,8
63855,155,141,14,14
63856,71,82,-11,11
63857,140,133,7,7
63858,64,80,-16,16
63859,110,118,-8,8
63860,119,119,0,0
63861,55,67,-12,12
63862,80,86,-6,6
63863,142,124,18,18
63864,44,62,-18,18
63865,111,115,-4,4
63866,113,106,7,7
63867,146,128,18,18
63868,169,162,7,7
63869,129,119,10,10
63870,76,86,-10,10
63871,67,71,-4,4
63872,75,77,-2,2
63873,68,77,-9,9
63874,74,84,-10,10
63875,80,82,-2,2
63876,33,47,-14,14
63877,91,92,-1,1
63878,75,78,-3,3
63879,94,93,1,1
63880,142,125,17,17
63881,50,107,-57,57
63882,193,185,8,8
63883,81,88,-7,7
63884,111,103,8,8
63885,130,124,6,6
63886,51,61,-10,10
63887,73,77,-4,4
63888,136,137,-1,1
63889,94,94,0,0
63890,111,100,11,11
63891,119,114,5,5
63892,101,101,0,0
63893,79,79,0,0
63894,92,94,-2,2
63895,84,82,2,2
63896,48,63,-15,15
63897,105,105,0,0
63898,87,81,6,6
63899,91,97,-6,6
63900,78,87,-9,9
63901,136,142,-6,6
63902,123,120,3,3
63903,130,124,6,6
63904,126,118,8,8
63905,84,96,-12,12
63906,122,122,0,0
63907,124,121,3,3
63908,117,108,9,9
63909,49,58,-9,9
63910,63,69,-6,6
63911,64,71,-7,7
63912,57,68,-11,11
63913,37,56,-19,19
63914,38,56,-18,18
63915,56,63,-7,7
63916,137,126,11,11
63917,109,110,-1,1
63918,158,144,14,14
63919,112,119,-7,7
63920,96,102,-6,6
63921,99,103,-4,4
63922,68,74,-6,6
63923,94,99,-5,5
63924,118,118,0,0
63925,80,86,-6,6
63926,78,89,-11,11
63927,94,92,2,2
63928,172,160,12,12
63929,39,53,-14,14
63930,62,80,-18,18
63931,152,132,20,20
63932,120,112,8,8
63933,90,88,2,2
63934,105,98,7,7
63935,80,81,-1,1
63936,58,70,-12,12
63937,51,66,-15,15
63938,90,91,-1,1
63939,107,101,6,6
63940,71,80,-9,9
63941,61,74,-13,13
63942,111,127,-16,16
63943,88,96,-8,8
63944,56,69,-13,13
63945,93,91,2,2
63946,106,100,6,6
63947,96,95,1,1
63948,81,91,-10,10
63949,63,67,-4,4
63950,112,116,-4,4
63951,120,110,10,10
63952,59,64,-5,5
63953,103,93,10,10
63954,50,64,-14,14
63955,115,98,17,17
63956,54,71,-17,17
63957,71,75,-4,4
63958,59,67,-8,8
63959,115,108,7,7
63960,47,64,-17,17
63961,100,99,1,1
63962,77,81,-4,4
63963,195,170,25,25
63964,118,115,3,3
63965,90,94,-4,4
63966,101,99,2,2
63967,141,129,12,12
63968,153,139,14,14
63969,72,85,-13,13
63970,76,84,-8,8
63971,141,120,21,21
63972,168,145,23,23
63973,189,155,34,34
63974,52,65,-13,13
63975,90,91,-1,1
63976,81,87,-6,6
63977,54,66,-12,12
63978,128,119,9,9
63979,86,95,-9,9
63980,65,77,-12,12
63981,53,62,-9,9
63982,57,69,-12,12
63983,90,71,19,19
63984,73,85,-12,12
63985,75,89,-14,14
63986,85,84,1,1
63987,143,134,9,9
63988,44,65,-21,21
63989,81,80,1,1
63990,76,86,-10,10
63991,126,119,7,7
63992,46,63,-17,17
63993,139,121,18,18
63994,154,144,10,10
63995,161,159,2,2
63996,59,63,-4,4
63997,78,85,-7,7
63998,85,90,-5,5
63999,48,68,-20,20
64000,71,76,-5,5
64001,79,84,-5,5
64002,65,72,-7,7
64003,78,82,-4,4
64004,117,118,-1,1
64005,51,61,-10,10
64006,153,91,62,62
64007,118,120,-2,2
64008,66,70,-4,4
64009,75,84,-9,9
64010,102,106,-4,4
64011,85,88,-3,3
64012,64,71,-7,7
64013,95,99,-4,4
64014,160,144,16,16
64015,94,93,1,1
64016,68,83,-15,15
64017,180,168,12,12
64018,52,82,-30,30
64019,106,107,-1,1
64020,85,88,-3,3
64021,115,126,-11,11
64022,57,59,-2,2
64023,104,103,1,1
64024,53,64,-11,11
64025,79,77,2,2
64026,68,86,-18,18
64027,86,83,3,3
64028,121,111,10,10
64029,54,61,-7,7
64030,74,78,-4,4
64031,122,135,-13,13
64032,67,75,-8,8
64033,128,130,-2,2
64034,56,68,-12,12
64035,146,138,8,8
64036,111,118,-7,7
64037,86,92,-6,6
64038,96,90,6,6
64039,144,145,-1,1
64040,73,79,-6,6
64041,50,61,-11,11
64042,179,169,10,10
64043,83,89,-6,6
64044,62,70,-8,8
64045,103,102,1,1
64046,101,100,1,1
64047,59,71,-12,12
64048,74,74,0,0
64049,72,76,-4,4
64050,75,89,-14,14
64051,109,110,-1,1
64052,102,92,10,10
64053,143,132,11,11
64054,83,97,-14,14
64055,156,152,4,4
64056,124,115,9,9
64057,80,82,-2,2
64058,161,141,20,20
64059,54,70,-16,16
64060,75,94,-19,19
64061,155,133,22,22
64062,117,103,14,14
64063,130,128,2,2
64064,225,187,38,38
64065,94,94,0,0
64066,63,67,-4,4
64067,72,75,-3,3
64068,179,160,19,19
64069,141,134,7,7
64070,82,79,3,3
64071,62,62,0,0
64072,122,120,2,2
64073,79,79,0,0
64074,93,84,9,9
64075,137,153,-16,16
64076,110,112,-2,2
64077,137,131,6,6
64078,84,77,7,7
64079,64,71,-7,7
64080,64,66,-2,2
64081,56,69,-13,13
64082,70,76,-6,6
64083,76,82,-6,6
64084,118,108,10,10
64085,88,83,5,5
64086,81,81,0,0
64087,129,119,10,10
64088,64,75,-11,11
64089,97,96,1,1
64090,123,123,0,0
64091,86,80,6,6
64092,97,96,1,1
64093,115,118,-3,3
64094,96,104,-8,8
64095,77,82,-5,5
64096,168,174,-6,6
64097,51,64,-13,13
64098,90,88,2,2
64099,56,72,-16,16
64100,71,84,-13,13
64101,107,109,-2,2
64102,94,87,7,7
64103,46,66,-20,20
64104,118,106,12,12
64105,129,119,10,10
64106,106,109,-3,3
64107,81,89,-8,8
64108,82,81,1,1
64109,56,65,-9,9
64110,79,79,0,0
64111,71,79,-8,8
64112,148,150,-2,2
64113,205,179,26,26
64114,142,123,19,19
64115,85,83,2,2
64116,47,61,-14,14
64117,91,92,-1,1
64118,108,103,5,5
64119,73,74,-1,1
64120,102,104,-2,2
64121,129,133,-4,4
64122,130,155,-25,25
64123,103,96,7,7
64124,70,94,-24,24
64125,90,90,0,0
64126,118,129,-11,11
64127,85,78,7,7
64128,63,76,-13,13
64129,62,66,-4,4
64130,93,93,0,0
64131,66,86,-20,20
64132,57,66,-9,9
64133,43,60,-17,17
64134,104,99,5,5
64135,131,120,11,11
64136,88,85,3,3
64137,79,85,-6,6
64138,83,77,6,6
64139,77,78,-1,1
64140,82,89,-7,7
64141,109,105,4,4
64142,118,110,8,8
64143,134,133,1,1
64144,124,128,-4,4
64145,105,108,-3,3
64146,102,96,6,6
64147,109,103,6,6
64148,100,101,-1,1
64149,84,91,-7,7
64150,88,88,0,0
64151,86,88,-2,2
64152,92,88,4,4
64153,125,116,9,9
64154,70,74,-4,4
64155,167,136,31,31
64156,151,155,-4,4
64157,80,78,2,2
64158,125,109,16,16
64159,140,145,-5,5
64160,101,100,1,1
64161,68,71,-3,3
64162,48,62,-14,14
64163,105,101,4,4
64164,72,74,-2,2
64165,73,82,-9,9
64166,139,132,7,7
64167,88,94,-6,6
64168,65,97,-32,32
64169,100,99,1,1
64170,150,145,5,5
64171,116,113,3,3
64172,64,71,-7,7
64173,115,103,12,12
64174,58,70,-12,12
64175,132,137,-5,5
64176,91,86,5,5
64177,75,74,1,1
64178,98,103,-5,5
64179,109,105,4,4
64180,115,104,11,11
64181,86,97,-11,11
64182,100,90,10,10
64183,77,81,-4,4
64184,156,152,4,4
64185,63,69,-6,6
64186,81,85,-4,4
64187,95,92,3,3
64188,70,76,-6,6
64189,100,100,0,0
64190,92,94,-2,2
64191,150,145,5,5
64192,99,105,-6,6
64193,133,122,11,11
64194,46,60,-14,14
64195,99,91,8,8
64196,128,119,9,9
64197,77,82,-5,5
64198,77,82,-5,5
64199,62,75,-13,13
64200,175,144,31,31
64201,183,165,18,18
64202,80,86,-6,6
64203,124,123,1,1
64204,116,111,5,5
64205,140,139,1,1
64206,74,75,-1,1
64207,104,119,-15,15
64208,43,61,-18,18
64209,191,170,21,21
64210,245,224,21,21
64211,94,92,2,2
64212,110,99,11,11
64213,86,91,-5,5
64214,49,68,-19,19
64215,116,116,0,0
64216,58,66,-8,8
64217,51,60,-9,9
64218,96,97,-1,1
64219,73,83,-10,10
64220,100,103,-3,3
64221,83,137,-54,54
64222,130,123,7,7
64223,64,76,-12,12
64224,77,82,-5,5
64225,126,128,-2,2
64226,52,60,-8,8
64227,84,84,0,0
64228,69,86,-17,17
64229,107,123,-16,16
64230,104,95,9,9
64231,55,63,-8,8
64232,87,95,-8,8
64233,88,96,-8,8
64234,147,144,3,3
64235,122,112,10,10
64236,120,110,10,10
64237,166,152,14,14
64238,80,91,-11,11
64239,122,120,2,2
64240,43,53,-10,10
64241,121,111,10,10
64242,70,79,-9,9
64243,101,99,2,2
64244,57,70,-13,13
64245,100,98,2,2
64246,52,67,-15,15
64247,69,79,-10,10
64248,52,58,-6,6
64249,60,70,-10,10
64250,74,77,-3,3
64251,92,95,-3,3
64252,47,63,-16,16
64253,91,95,-4,4
64254,72,82,-10,10
64255,45,55,-10,10
64256,70,83,-13,13
64257,119,119,0,0
64258,113,117,-4,4
64259,51,62,-11,11
64260,56,66,-10,10
64261,95,94,1,1
64262,82,94,-12,12
64263,79,82,-3,3
64264,70,78,-8,8
64265,78,85,-7,7
64266,94,97,-3,3
64267,68,74,-6,6
64268,87,91,-4,4
64269,164,177,-13,13
64270,101,96,5,5
64271,145,139,6,6
64272,50,58,-8,8
64273,65,85,-20,20
64274,108,100,8,8
64275,77,77,0,0
64276,153,133,20,20
64277,113,106,7,7
64278,181,148,33,33
64279,52,61,-9,9
64280,96,100,-4,4
64281,139,127,12,12
64282,91,95,-4,4
64283,73,81,-8,8
64284,77,82,-5,5
64285,71,78,-7,7
64286,51,63,-12,12
64287,90,95,-5,5
64288,68,72,-4,4
64289,73,80,-7,7
64290,94,102,-8,8
64291,69,74,-5,5
64292,90,94,-4,4
64293,154,149,5,5
64294,163,139,24,24
64295,74,81,-7,7
64296,55,68,-13,13
64297,73,82,-9,9
64298,33,30,3,3
64299,154,141,13,13
64300,70,61,9,9
64301,72,79,-7,7
64302,96,101,-5,5
64303,117,114,3,3
64304,127,122,5,5
64305,84,92,-8,8
64306,99,103,-4,4
64307,72,77,-5,5
64308,144,128,16,16
64309,74,81,-7,7
64310,75,81,-6,6
64311,89,88,1,1
64312,122,113,9,9
64313,165,150,15,15
64314,45,57,-12,12
64315,82,90,-8,8
64316,84,83,1,1
64317,166,154,12,12
64318,140,124,16,16
64319,96,104,-8,8
64320,73,76,-3,3
64321,200,180,20,20
64322,113,107,6,6
64323,137,127,10,10
64324,87,94,-7,7
64325,127,121,6,6
64326,74,71,3,3
64327,89,87,2,2
64328,128,132,-4,4
64329,73,81,-8,8
64330,53,61,-8,8
64331,26,55,-29,29
64332,104,103,1,1
64333,91,86,5,5
64334,157,145,12,12
64335,93,91,2,2
64336,125,126,-1,1
64337,66,68,-2,2
64338,125,118,7,7
64339,144,119,25,25
64340,106,99,7,7
64341,129,119,10,10
64342,86,95,-9,9
64343,188,168,20,20
64344,142,129,13,13
64345,54,64,-10,10
64346,185,151,34,34
64347,152,141,11,11
64348,55,62,-7,7
64349,74,83,-9,9
64350,132,134,-2,2
64351,80,79,1,1
64352,77,81,-4,4
64353,67,79,-12,12
64354,71,74,-3,3
64355,129,124,5,5
64356,116,109,7,7
64357,97,96,1,1
64358,39,51,-12,12
64359,44,61,-17,17
64360,73,79,-6,6
64361,78,80,-2,2
64362,68,72,-4,4
64363,57,64,-7,7
64364,97,86,11,11
64365,77,82,-5,5
64366,159,149,10,10
64367,144,128,16,16
64368,58,70,-12,12
64369,74,85,-11,11
64370,47,59,-12,12
64371,86,89,-3,3
64372,95,86,9,9
64373,74,77,-3,3
64374,84,97,-13,13
64375,175,160,15,15
64376,47,58,-11,11
64377,110,103,7,7
64378,181,165,16,16
64379,117,115,2,2
64380,77,73,4,4
64381,88,82,6,6
64382,84,94,-10,10
64383,56,62,-6,6
64384,49,59,-10,10
64385,75,85,-10,10
64386,58,64,-6,6
64387,110,111,-1,1
64388,80,87,-7,7
64389,120,124,-4,4
64390,79,98,-19,19
64391,107,115,-8,8
64392,79,84,-5,5
64393,69,76,-7,7
64394,36,53,-17,17
64395,106,104,2,2
64396,64,70,-6,6
64397,91,98,-7,7
64398,70,79,-9,9
64399,69,75,-6,6
64400,75,84,-9,9
64401,54,64,-10,10
64402,69,82,-13,13
64403,105,115,-10,10
64404,67,78,-11,11
64405,28,47,-19,19
64406,57,67,-10,10
64407,46,51,-5,5
64408,52,63,-11,11
64409,122,119,3,3
64410,101,99,2,2
64411,129,119,10,10
64412,143,149,-6,6
64413,193,171,22,22
64414,55,65,-10,10
64415,92,94,-2,2
64416,107,92,15,15
64417,137,119,18,18
64418,100,102,-2,2
64419,61,76,-15,15
64420,113,100,13,13
64421,112,105,7,7
64422,78,76,2,2
64423,82,94,-12,12
64424,58,74,-16,16
64425,65,63,2,2
64426,52,68,-16,16
64427,106,105,1,1
64428,47,61,-14,14
64429,72,85,-13,13
64430,75,83,-8,8
64431,135,138,-3,3
64432,87,93,-6,6
64433,175,160,15,15
64434,99,105,-6,6
64435,50,61,-11,11
64436,90,89,1,1
64437,83,95,-12,12
64438,68,76,-8,8
64439,85,91,-6,6
64440,73,80,-7,7
64441,58,74,-16,16
64442,78,82,-4,4
64443,89,99,-10,10
64444,49,59,-10,10
64445,73,72,1,1
64446,108,90,18,18
64447,60,71,-11,11
64448,142,125,17,17
64449,217,185,32,32
64450,57,61,-4,4
64451,61,68,-7,7
64452,82,82,0,0
64453,73,80,-7,7
64454,108,106,2,2
64455,139,142,-3,3
64456,80,84,-4,4
64457,218,196,22,22
64458,119,118,1,1
64459,105,102,3,3
64460,57,70,-13,13
64461,106,118,-12,12
64462,74,86,-12,12
64463,77,85,-8,8
64464,143,132,11,11
64465,103,100,3,3
64466,120,114,6,6
64467,124,108,16,16
64468,112,106,6,6
64469,105,98,7,7
64470,144,137,7,7
64471,97,90,7,7
64472,65,71,-6,6
64473,74,78,-4,4
64474,55,66,-11,11
64475,80,85,-5,5
64476,115,112,3,3
64477,145,143,2,2
64478,103,109,-6,6
64479,132,121,11,11
64480,46,30,16,16
64481,59,66,-7,7
64482,83,84,-1,1
64483,150,138,12,12
64484,182,167,15,15
64485,44,60,-16,16
64486,64,80,-16,16
64487,53,64,-11,11
64488,78,91,-13,13
64489,112,118,-6,6
64490,109,104,5,5
64491,95,102,-7,7
64492,62,91,-29,29
64493,57,69,-12,12
64494,130,125,5,5
64495,101,97,4,4
64496,135,134,1,1
64497,100,116,-16,16
64498,107,117,-10,10
64499,97,103,-6,6
64500,79,80,-1,1
64501,80,88,-8,8
64502,94,80,14,14
64503,122,118,4,4
64504,57,68,-11,11
64505,58,70,-12,12
64506,76,80,-4,4
64507,144,124,20,20
64508,51,59,-8,8
64509,54,67,-13,13
64510,85,90,-5,5
64511,61,70,-9,9
64512,148,122,26,26
64513,33,49,-16,16
64514,99,96,3,3
64515,117,109,8,8
64516,82,83,-1,1
64517,54,84,-30,30
64518,144,132,12,12
64519,141,134,7,7
64520,80,91,-11,11
64521,203,174,29,29
64522,93,94,-1,1
64523,65,72,-7,7
64524,61,65,-4,4
64525,139,128,11,11
64526,84,88,-4,4
64527,72,83,-11,11
64528,68,80,-12,12
64529,56,74,-18,18
64530,101,100,1,1
64531,63,77,-14,14
64532,94,98,-4,4
64533,120,118,2,2
64534,113,116,-3,3
64535,32,47,-15,15
64536,94,104,-10,10
64537,116,114,2,2
64538,101,97,4,4
64539,57,70,-13,13
64540,144,132,12,12
64541,76,82,-6,6
64542,94,95,-1,1
64543,80,86,-6,6
64544,100,99,1,1
64545,150,132,18,18
64546,85,92,-7,7
64547,77,81,-4,4
64548,75,82,-7,7
64549,170,151,19,19
64550,138,136,2,2
64551,74,76,-2,2
64552,83,85,-2,2
64553,193,179,14,14
64554,95,89,6,6
64555,132,126,6,6
64556,69,76,-7,7
64557,120,127,-7,7
64558,102,100,2,2
64559,87,84,3,3
64560,133,115,18,18
64561,106,103,3,3
64562,90,97,-7,7
64563,61,71,-10,10
64564,87,91,-4,4
64565,130,121,9,9
64566,77,84,-7,7
64567,80,99,-19,19
64568,95,86,9,9
64569,64,72,-8,8
64570,57,71,-14,14
64571,70,77,-7,7
64572,111,108,3,3
64573,54,65,-11,11
64574,142,157,-15,15
64575,52,66,-14,14
64576,47,62,-15,15
64577,133,133,0,0
64578,140,140,0,0
64579,60,72,-12,12
64580,186,155,31,31
64581,77,83,-6,6
64582,101,95,6,6
64583,59,65,-6,6
64584,121,124,-3,3
64585,104,110,-6,6
64586,155,128,27,27
64587,83,84,-1,1
64588,77,81,-4,4
64589,123,107,16,16
64590,59,67,-8,8
64591,105,95,10,10
64592,75,88,-13,13
64593,116,106,10,10
64594,72,79,-7,7
64595,149,147,2,2
64596,119,112,7,7
64597,63,76,-13,13
64598,87,87,0,0
64599,137,124,13,13
64600,82,80,2,2
64601,125,121,4,4
64602,36,45,-9,9
64603,67,76,-9,9
64604,116,117,-1,1
64605,155,138,17,17
64606,103,91,12,12
64607,104,98,6,6
64608,143,138,5,5
64609,123,119,4,4
64610,121,113,8,8
64611,87,80,7,7
64612,72,81,-9,9
64613,49,72,-23,23
64614,69,88,-19,19
64615,72,91,-19,19
64616,116,96,20,20
64617,138,140,-2,2
64618,97,100,-3,3
64619,63,69,-6,6
64620,109,103,6,6
64621,80,84,-4,4
64622,96,94,2,2
64623,98,92,6,6
64624,101,105,-4,4
64625,143,132,11,11
64626,90,91,-1,1
64627,85,85,0,0
64628,120,123,-3,3
64629,65,69,-4,4
64630,161,140,21,21
64631,124,107,17,17
64632,103,103,0,0
64633,99,97,2,2
64634,121,125,-4,4
64635,122,118,4,4
64636,104,113,-9,9
64637,160,162,-2,2
64638,109,89,20,20
64639,63,73,-10,10
64640,112,109,3,3
64641,88,89,-1,1
64642,88,90,-2,2
64643,101,111,-10,10
64644,50,61,-11,11
64645,170,166,4,4
64646,64,78,-14,14
64647,102,111,-9,9
64648,93,93,0,0
64649,132,125,7,7
64650,75,87,-12,12
64651,84,80,4,4
64652,60,71,-11,11
64653,103,116,-13,13
64654,58,67,-9,9
64655,153,135,18,18
64656,135,121,14,14
64657,62,84,-22,22
64658,162,143,19,19
64659,74,81,-7,7
64660,90,86,4,4
64661,127,122,5,5
64662,97,101,-4,4
64663,102,98,4,4
64664,117,113,4,4
64665,38,56,-18,18
64666,114,107,7,7
64667,45,51,-6,6
64668,100,98,2,2
64669,61,66,-5,5
64670,101,95,6,6
64671,120,119,1,1
64672,152,137,15,15
64673,84,91,-7,7
64674,100,93,7,7
64675,108,102,6,6
64676,124,131,-7,7
64677,148,144,4,4
64678,46,59,-13,13
64679,119,119,0,0
64680,118,107,11,11
64681,52,67,-15,15
64682,104,108,-4,4
64683,82,101,-19,19
64684,100,92,8,8
64685,118,107,11,11
64686,70,80,-10,10
64687,104,92,12,12
64688,141,132,9,9
64689,97,98,-1,1
64690,24,39,-15,15
64691,192,160,32,32
64692,71,70,1,1
64693,78,89,-11,11
64694,46,61,-15,15
64695,79,86,-7,7
64696,153,138,15,15
64697,88,100,-12,12
64698,64,78,-14,14
64699,81,82,-1,1
64700,81,85,-4,4
64701,105,100,5,5
64702,88,95,-7,7
64703,120,121,-1,1
64704,68,72,-4,4
64705,84,86,-2,2
64706,121,114,7,7
64707,80,79,1,1
64708,138,135,3,3
64709,90,86,4,4
64710,87,93,-6,6
64711,92,96,-4,4
64712,111,118,-7,7
64713,77,79,-2,2
64714,74,80,-6,6
64715,170,139,31,31
64716,77,85,-8,8
64717,117,123,-6,6
64718,151,131,20,20
64719,84,91,-7,7
64720,108,118,-10,10
64721,69,81,-12,12
64722,121,123,-2,2
64723,94,102,-8,8
64724,41,54,-13,13
64725,140,129,11,11
64726,76,75,1,1
64727,85,83,2,2
64728,104,107,-3,3
64729,48,63,-15,15
64730,128,130,-2,2
64731,68,73,-5,5
64732,70,74,-4,4
64733,93,87,6,6
64734,69,88,-19,19
64735,56,62,-6,6
64736,96,97,-1,1
64737,50,60,-10,10
64738,64,75,-11,11
64739,69,81,-12,12
64740,89,89,0,0
64741,75,84,-9,9
64742,77,81,-4,4
64743,68,71,-3,3
64744,59,91,-32,32
64745,140,119,21,21
64746,79,78,1,1
64747,46,56,-10,10
64748,54,60,-6,6
64749,89,96,-7,7
64750,99,102,-3,3
64751,68,75,-7,7
64752,86,95,-9,9
64753,106,96,10,10
64754,82,84,-2,2
64755,97,122,-25,25
64756,29,54,-25,25
64757,99,96,3,3
64758,119,120,-1,1
64759,102,103,-1,1
64760,104,106,-2,2
64761,148,124,24,24
64762,146,135,11,11
64763,107,98,9,9
64764,49,59,-10,10
64765,45,56,-11,11
64766,133,125,8,8
64767,102,105,-3,3
64768,110,116,-6,6
64769,100,99,1,1
64770,112,104,8,8
64771,59,74,-15,15
64772,73,72,1,1
64773,115,123,-8,8
64774,88,91,-3,3
64775,77,90,-13,13
64776,133,125,8,8
64777,86,90,-4,4
64778,74,72,2,2
64779,125,120,5,5
64780,97,102,-5,5
64781,71,73,-2,2
64782,42,57,-15,15
64783,140,134,6,6
64784,70,76,-6,6
64785,76,85,-9,9
64786,59,66,-7,7
64787,87,96,-9,9
64788,134,120,14,14
64789,173,156,17,17
64790,47,60,-13,13
64791,112,100,12,12
64792,94,102,-8,8
64793,81,82,-1,1
64794,152,143,9,9
64795,56,66,-10,10
64796,72,80,-8,8
64797,82,85,-3,3
64798,68,75,-7,7
64799,87,93,-6,6
64800,116,130,-14,14
64801,49,56,-7,7
64802,124,119,5,5
64803,146,148,-2,2
64804,151,134,17,17
64805,67,90,-23,23
64806,57,94,-37,37
64807,147,140,7,7
64808,104,104,0,0
64809,124,122,2,2
64810,46,62,-16,16
64811,118,119,-1,1
64812,110,109,1,1
64813,82,85,-3,3
64814,97,91,6,6
64815,104,96,8,8
64816,46,58,-12,12
64817,76,86,-10,10
64818,66,76,-10,10
64819,51,59,-8,8
64820,63,66,-3,3
64821,81,83,-2,2
64822,110,109,1,1
64823,160,151,9,9
64824,65,72,-7,7
64825,43,57,-14,14
64826,67,119,-52,52
64827,104,99,5,5
64828,83,92,-9,9
64829,57,76,-19,19
64830,139,132,7,7
64831,78,83,-5,5
64832,68,69,-1,1
64833,91,92,-1,1
64834,117,118,-1,1
64835,117,114,3,3
64836,110,113,-3,3
64837,67,74,-7,7
64838,89,94,-5,5
64839,96,103,-7,7
64840,92,102,-10,10
64841,87,90,-3,3
64842,92,85,7,7
64843,59,72,-13,13
64844,66,71,-5,5
64845,160,156,4,4
64846,188,161,27,27
64847,96,97,-1,1
64848,75,85,-10,10
64849,140,131,9,9
64850,95,95,0,0
64851,83,85,-2,2
64852,103,102,1,1
64853,81,88,-7,7
64854,87,91,-4,4
64855,90,92,-2,2
64856,66,73,-7,7
64857,100,95,5,5
64858,75,82,-7,7
64859,50,58,-8,8
64860,68,73,-5,5
64861,82,83,-1,1
64862,72,73,-1,1
64863,56,66,-10,10
64864,113,110,3,3
64865,41,57,-16,16
64866,56,67,-11,11
64867,92,92,0,0
64868,68,75,-7,7
64869,63,71,-8,8
64870,111,114,-3,3
64871,74,81,-7,7
64872,91,93,-2,2
64873,84,130,-46,46
64874,107,116,-9,9
64875,95,94,1,1
64876,80,80,0,0
64877,125,124,1,1
64878,57,64,-7,7
64879,115,121,-6,6
64880,117,112,5,5
64881,71,81,-10,10
64882,72,76,-4,4
64883,199,170,29,29
64884,100,105,-5,5
64885,75,74,1,1
64886,78,79,-1,1
64887,82,82,0,0
64888,85,92,-7,7
64889,53,66,-13,13
64890,89,92,-3,3
64891,111,102,9,9
64892,58,67,-9,9
64893,74,75,-1,1
64894,106,119,-13,13
64895,139,133,6,6
64896,94,92,2,2
64897,66,70,-4,4
64898,140,122,18,18
64899,100,100,0,0
64900,60,69,-9,9
64901,118,110,8,8
64902,108,97,11,11
64903,131,119,12,12
64904,141,144,-3,3
64905,107,105,2,2
64906,65,83,-18,18
64907,104,106,-2,2
64908,121,122,-1,1
64909,93,100,-7,7
64910,85,95,-10,10
64911,77,81,-4,4
64912,113,106,7,7
64913,44,56,-12,12
64914,110,122,-12,12
64915,75,76,-1,1
64916,65,79,-14,14
64917,59,65,-6,6
64918,102,95,7,7
64919,93,109,-16,16
64920,85,88,-3,3
64921,57,65,-8,8
64922,129,120,9,9
64923,45,65,-20,20
64924,60,82,-22,22
64925,89,98,-9,9
64926,93,97,-4,4
64927,104,103,1,1
64928,55,64,-9,9
64929,83,91,-8,8
64930,137,125,12,12
64931,109,100,9,9
64932,69,77,-8,8
64933,110,119,-9,9
64934,119,101,18,18
64935,97,94,3,3
64936,81,85,-4,4
64937,104,102,2,2
64938,71,83,-12,12
64939,50,67,-17,17
64940,136,125,11,11
64941,70,72,-2,2
64942,63,78,-15,15
64943,90,99,-9,9
64944,102,100,2,2
64945,50,60,-10,10
64946,138,122,16,16
64947,103,123,-20,20
64948,127,120,7,7
64949,129,128,1,1
64950,144,136,8,8
64951,52,67,-15,15
64952,72,81,-9,9
64953,94,99,-5,5
64954,77,77,0,0
64955,62,73,-11,11
64956,91,97,-6,6
64957,58,67,-9,9
64958,78,80,-2,2
64959,63,71,-8,8
64960,111,103,8,8
64961,87,92,-5,5
64962,85,86,-1,1
64963,224,187,37,37
64964,99,96,3,3
64965,84,82,2,2
64966,101,99,2,2
64967,156,132,24,24
64968,50,61,-11,11
64969,82,85,-3,3
64970,190,182,8,8
64971,127,131,-4,4
64972,61,69,-8,8
64973,100,104,-4,4
64974,81,89,-8,8
64975,141,122,19,19
64976,80,81,-1,1
64977,67,74,-7,7
64978,90,94,-4,4
64979,81,79,2,2
64980,55,60,-5,5
64981,85,89,-4,4
64982,36,52,-16,16
64983,87,82,5,5
64984,73,88,-15,15
64985,90,91,-1,1
64986,69,69,0,0
64987,88,90,-2,2
64988,64,73,-9,9
64989,56,65,-9,9
64990,130,119,11,11
64991,59,66,-7,7
64992,140,139,1,1
64993,129,118,11,11
64994,122,118,4,4
64995,69,72,-3,3
64996,65,78,-13,13
64997,103,102,1,1
64998,36,46,-10,10
64999,193,184,9,9
65000,123,116,7,7
65001,77,84,-7,7
65002,75,77,-2,2
65003,85,96,-11,11
65004,124,121,3,3
65005,148,143,5,5
65006,92,98,-6,6
65007,70,67,3,3
65008,129,119,10,10
65009,51,61,-10,10
65010,98,92,6,6
65011,130,119,11,11
65012,134,127,7,7
65013,89,87,2,2
65014,83,93,-10,10
65015,89,91,-2,2
65016,101,99,2,2
65017,110,99,11,11
65018,68,76,-8,8
65019,68,71,-3,3
65020,72,79,-7,7
65021,77,84,-7,7
65022,147,129,18,18
65023,117,114,3,3
65024,79,99,-20,20
65025,103,106,-3,3
65026,65,77,-12,12
65027,102,101,1,1
65028,66,74,-8,8
65029,101,95,6,6
65030,77,83,-6,6
65031,58,71,-13,13
65032,75,81,-6,6
65033,50,70,-20,20
65034,116,110,6,6
65035,78,81,-3,3
65036,111,101,10,10
65037,35,48,-13,13
65038,94,93,1,1
65039,136,124,12,12
65040,71,76,-5,5
65041,94,104,-10,10
65042,81,82,-1,1
65043,54,62,-8,8
65044,94,91,3,3
65045,94,98,-4,4
65046,143,133,10,10
65047,82,86,-4,4
65048,156,142,14,14
65049,81,91,-10,10
65050,169,156,13,13
65051,104,100,4,4
65052,107,108,-1,1
65053,69,86,-17,17
65054,123,105,18,18
65055,51,63,-12,12
65056,88,97,-9,9
65057,41,55,-14,14
65058,56,71,-15,15
65059,138,133,5,5
65060,102,99,3,3
65061,97,96,1,1
65062,124,125,-1,1
65063,124,115,9,9
65064,119,130,-11,11
65065,55,62,-7,7
65066,116,114,2,2
65067,60,67,-7,7
65068,134,120,14,14
65069,63,93,-30,30
65070,73,77,-4,4
65071,145,139,6,6
65072,111,113,-2,2
65073,110,117,-7,7
65074,194,168,26,26
65075,92,98,-6,6
65076,97,91,6,6
65077,116,118,-2,2
65078,61,64,-3,3
65079,150,141,9,9
65080,45,58,-13,13
65081,99,92,7,7
65082,79,81,-2,2
65083,118,119,-1,1
65084,74,74,0,0
65085,108,106,2,2
65086,85,83,2,2
65087,89,83,6,6
65088,107,107,0,0
65089,165,162,3,3
65090,84,84,0,0
65091,132,121,11,11
65092,90,90,0,0
65093,144,119,25,25
65094,87,94,-7,7
65095,103,93,10,10
65096,98,102,-4,4
65097,88,91,-3,3
65098,125,120,5,5
65099,112,102,10,10
65100,51,66,-15,15
65101,105,107,-2,2
65102,149,125,24,24
65103,109,104,5,5
65104,74,81,-7,7
65105,83,87,-4,4
65106,85,91,-6,6
65107,75,74,1,1
65108,78,90,-12,12
65109,67,75,-8,8
65110,48,58,-10,10
65111,109,90,19,19
65112,92,91,1,1
65113,90,96,-6,6
65114,90,91,-1,1
65115,98,97,1,1
65116,76,80,-4,4
65117,83,90,-7,7
65118,148,144,4,4
65119,99,99,0,0
65120,68,77,-9,9
65121,79,79,0,0
65122,98,103,-5,5
65123,194,178,16,16
65124,90,88,2,2
65125,70,73,-3,3
65126,88,92,-4,4
65127,66,72,-6,6
65128,81,75,6,6
65129,122,121,1,1
65130,96,98,-2,2
65131,69,76,-7,7
65132,113,101,12,12
65133,61,75,-14,14
65134,101,89,12,12
65135,178,158,20,20
65136,111,105,6,6
65137,81,81,0,0
65138,147,158,-11,11
65139,121,118,3,3
65140,78,79,-1,1
65141,86,87,-1,1
65142,54,63,-9,9
65143,46,57,-11,11
65144,62,74,-12,12
65145,94,102,-8,8
65146,101,101,0,0
65147,60,72,-12,12
65148,72,73,-1,1
65149,75,87,-12,12
65150,148,136,12,12
65151,123,112,11,11
65152,81,94,-13,13
65153,126,123,3,3
65154,163,147,16,16
65155,105,105,0,0
65156,85,86,-1,1
65157,102,99,3,3
65158,89,91,-2,2
65159,123,124,-1,1
65160,62,67,-5,5
65161,78,91,-13,13
65162,98,95,3,3
65163,68,75,-7,7
65164,99,102,-3,3
65165,112,106,6,6
65166,89,89,0,0
65167,89,96,-7,7
65168,83,83,0,0
65169,119,116,3,3
65170,92,101,-9,9
65171,77,85,-8,8
65172,74,75,-1,1
65173,115,129,-14,14
65174,107,103,4,4
65175,98,93,5,5
65176,136,124,12,12
65177,42,57,-15,15
65178,119,119,0,0
65179,119,121,-2,2
65180,109,104,5,5
65181,113,111,2,2
65182,164,153,11,11
65183,86,84,2,2
65184,97,98,-1,1
65185,112,112,0,0
65186,124,120,4,4
65187,84,97,-13,13
65188,77,82,-5,5
65189,87,85,2,2
65190,52,63,-11,11
65191,112,105,7,7
65192,78,81,-3,3
65193,93,95,-2,2
65194,115,123,-8,8
65195,76,78,-2,2
65196,209,180,29,29
65197,41,63,-22,22
65198,115,107,8,8
65199,155,134,21,21
65200,53,62,-9,9
65201,72,79,-7,7
65202,110,92,18,18
65203,91,97,-6,6
65204,99,98,1,1
65205,88,99,-11,11
65206,100,100,0,0
65207,73,90,-17,17
65208,70,73,-3,3
65209,126,119,7,7
65210,102,102,0,0
65211,97,94,3,3
65212,60,72,-12,12
65213,44,56,-12,12
65214,62,77,-15,15
65215,52,64,-12,12
65216,128,122,6,6
65217,168,157,11,11
65218,101,100,1,1
65219,106,111,-5,5
65220,191,165,26,26
65221,51,71,-20,20
65222,196,158,38,38
65223,92,99,-7,7
65224,47,56,-9,9
65225,115,106,9,9
65226,70,74,-4,4
65227,84,94,-10,10
65228,145,135,10,10
65229,102,106,-4,4
65230,31,38,-7,7
65231,65,71,-6,6
65232,92,92,0,0
65233,77,86,-9,9
65234,90,92,-2,2
65235,30,30,0,0
65236,72,85,-13,13
65237,109,109,0,0
65238,148,143,5,5
65239,81,84,-3,3
65240,75,77,-2,2
65241,60,69,-9,9
65242,147,136,11,11
65243,95,83,12,12
65244,71,81,-10,10
65245,145,144,1,1
65246,91,98,-7,7
65247,48,75,-27,27
65248,94,95,-1,1
65249,86,98,-12,12
65250,70,77,-7,7
65251,120,121,-1,1
65252,117,116,1,1
65253,118,98,20,20
65254,66,72,-6,6
65255,70,75,-5,5
65256,51,61,-10,10
65257,80,86,-6,6
65258,78,85,-7,7
65259,136,120,16,16
65260,105,107,-2,2
65261,94,87,7,7
65262,119,110,9,9
65263,119,120,-1,1
65264,66,69,-3,3
65265,133,123,10,10
65266,106,104,2,2
65267,110,100,10,10
65268,109,104,5,5
65269,97,110,-13,13
65270,54,69,-15,15
65271,143,130,13,13
65272,103,105,-2,2
65273,55,63,-8,8
65274,72,77,-5,5
65275,300,203,97,97
65276,110,105,5,5
65277,120,118,2,2
65278,114,120,-6,6
65279,65,72,-7,7
65280,51,61,-10,10
65281,107,98,9,9
65282,86,93,-7,7
65283,91,94,-3,3
65284,102,97,5,5
65285,72,71,1,1
65286,82,84,-2,2
65287,134,125,9,9
65288,133,121,12,12
65289,79,85,-6,6
65290,146,141,5,5
65291,176,160,16,16
65292,117,113,4,4
65293,82,87,-5,5
65294,105,103,2,2
65295,89,98,-9,9
65296,72,80,-8,8
65297,71,69,2,2
65298,117,119,-2,2
65299,140,125,15,15
65300,80,87,-7,7
65301,53,64,-11,11
65302,185,174,11,11
65303,111,101,10,10
65304,92,99,-7,7
65305,91,92,-1,1
65306,112,99,13,13
65307,59,67,-8,8
65308,106,100,6,6
65309,53,70,-17,17
65310,132,127,5,5
65311,80,90,-10,10
65312,163,153,10,10
65313,58,72,-14,14
65314,138,123,15,15
65315,173,160,13,13
65316,64,76,-12,12
65317,78,83,-5,5
65318,101,104,-3,3
65319,103,101,2,2
65320,87,87,0,0
65321,105,100,5,5
65322,94,93,1,1
65323,89,91,-2,2
65324,63,79,-16,16
65325,92,91,1,1
65326,139,139,0,0
65327,78,84,-6,6
65328,58,84,-26,26
65329,77,84,-7,7
65330,71,106,-35,35
65331,154,150,4,4
65332,93,91,2,2
65333,61,67,-6,6
65334,168,152,16,16
65335,139,126,13,13
65336,78,84,-6,6
65337,132,123,9,9
65338,56,64,-8,8
65339,78,86,-8,8
65340,86,92,-6,6
65341,68,75,-7,7
65342,31,67,-36,36
65343,60,68,-8,8
65344,150,135,15,15
65345,117,113,4,4
65346,104,100,4,4
65347,102,104,-2,2
65348,77,88,-11,11
65349,64,75,-11,11
65350,103,104,-1,1
65351,113,110,3,3
65352,96,100,-4,4
65353,114,98,16,16
65354,126,122,4,4
65355,106,106,0,0
65356,59,70,-11,11
65357,81,89,-8,8
65358,109,101,8,8
65359,121,126,-5,5
65360,70,74,-4,4
65361,148,140,8,8
65362,94,92,2,2
65363,127,120,7,7
65364,117,120,-3,3
65365,104,99,5,5
65366,46,63,-17,17
65367,106,115,-9,9
65368,94,91,3,3
65369,124,111,13,13
65370,62,73,-11,11
65371,62,80,-18,18
65372,74,86,-12,12
65373,53,64,-11,11
65374,40,54,-14,14
65375,70,76,-6,6
65376,60,71,-11,11
65377,45,52,-7,7
65378,111,112,-1,1
65379,37,58,-21,21
65380,88,101,-13,13
65381,51,106,-55,55
65382,66,75,-9,9
65383,76,80,-4,4
65384,91,90,1,1
65385,121,120,1,1
65386,135,123,12,12
65387,87,97,-10,10
65388,99,100,-1,1
65389,106,104,2,2
65390,83,92,-9,9
65391,94,90,4,4
65392,76,79,-3,3
65393,69,73,-4,4
65394,100,113,-13,13
65395,118,115,3,3
65396,66,85,-19,19
65397,89,93,-4,4
65398,104,119,-15,15
65399,110,97,13,13
65400,106,100,6,6
65401,118,115,3,3
65402,83,93,-10,10
65403,85,89,-4,4
65404,73,90,-17,17
65405,72,73,-1,1
65406,61,67,-6,6
65407,59,67,-8,8
65408,114,119,-5,5
65409,68,80,-12,12
65410,179,167,12,12
65411,70,77,-7,7
65412,91,88,3,3
65413,114,108,6,6
65414,108,105,3,3
65415,79,84,-5,5
65416,79,81,-2,2
65417,125,123,2,2
65418,117,100,17,17
65419,68,82,-14,14
65420,79,82,-3,3
65421,103,110,-7,7
65422,207,179,28,28
65423,63,75,-12,12
65424,117,115,2,2
65425,63,71,-8,8
65426,71,77,-6,6
65427,74,89,-15,15
65428,55,63,-8,8
65429,170,151,19,19
65430,69,73,-4,4
65431,51,67,-16,16
65432,55,65,-10,10
65433,73,77,-4,4
65434,89,108,-19,19
65435,173,151,22,22
65436,119,119,0,0
65437,85,91,-6,6
65438,94,97,-3,3
65439,104,99,5,5
65440,96,98,-2,2
65441,61,73,-12,12
65442,86,91,-5,5
65443,95,95,0,0
65444,161,146,15,15
65445,80,83,-3,3
65446,112,104,8,8
65447,75,83,-8,8
65448,141,126,15,15
65449,161,152,9,9
65450,99,101,-2,2
65451,94,97,-3,3
65452,146,128,18,18
65453,72,77,-5,5
65454,105,95,10,10
65455,69,75,-6,6
65456,113,106,7,7
65457,132,109,23,23
65458,121,120,1,1
65459,91,99,-8,8
65460,70,72,-2,2
65461,96,96,0,0
65462,155,143,12,12
65463,130,136,-6,6
65464,186,157,29,29
65465,96,99,-3,3
65466,146,153,-7,7
65467,113,107,6,6
65468,86,93,-7,7
65469,104,100,4,4
65470,66,72,-6,6
65471,96,92,4,4
65472,88,82,6,6
65473,111,103,8,8
65474,146,130,16,16
65475,86,81,5,5
65476,46,59,-13,13
65477,72,77,-5,5
65478,170,150,20,20
65479,35,47,-12,12
65480,90,92,-2,2
65481,143,140,3,3
65482,157,142,15,15
65483,62,74,-12,12
65484,65,71,-6,6
65485,75,78,-3,3
65486,89,91,-2,2
65487,82,79,3,3
65488,80,90,-10,10
65489,56,63,-7,7
65490,76,78,-2,2
65491,113,114,-1,1
65492,104,113,-9,9
65493,99,96,3,3
65494,62,68,-6,6
65495,140,139,1,1
65496,76,85,-9,9
65497,114,109,5,5
65498,108,115,-7,7
65499,81,78,3,3
65500,63,71,-8,8
65501,125,120,5,5
65502,70,68,2,2
65503,90,93,-3,3
65504,37,53,-16,16
65505,92,104,-12,12
65506,96,103,-7,7
65507,85,87,-2,2
65508,106,107,-1,1
65509,86,85,1,1
65510,101,91,10,10
65511,101,103,-2,2
65512,100,102,-2,2
65513,105,100,5,5
65514,71,80,-9,9
65515,58,63,-5,5
65516,179,162,17,17
65517,106,105,1,1
65518,89,88,1,1
65519,84,83,1,1
65520,113,105,8,8
65521,129,120,9,9
65522,87,98,-11,11
65523,122,122,0,0
65524,109,108,1,1
65525,78,88,-10,10
65526,96,97,-1,1
65527,176,146,30,30
65528,114,108,6,6
65529,89,82,7,7
65530,115,102,13,13
65531,73,73,0,0
65532,68,75,-7,7
65533,148,137,11,11
65534,70,77,-7,7
65535,108,102,6,6
65536,60,65,-5,5
65537,98,92,6,6
65538,47,58,-11,11
65539,84,93,-9,9
65540,60,64,-4,4
65541,119,121,-2,2
65542,66,77,-11,11
65543,115,114,1,1
65544,172,148,24,24
65545,105,100,5,5
65546,83,82,1,1
65547,75,77,-2,2
65548,48,57,-9,9
65549,100,100,0,0
65550,59,72,-13,13
65551,67,70,-3,3
65552,103,108,-5,5
65553,48,58,-10,10
65554,108,119,-11,11
65555,77,71,6,6
65556,126,120,6,6
65557,82,106,-24,24
65558,38,57,-19,19
65559,99,94,5,5
65560,56,68,-12,12
65561,131,112,19,19
65562,96,90,6,6
65563,83,89,-6,6
65564,120,109,11,11
65565,102,95,7,7
65566,93,97,-4,4
65567,127,120,7,7
65568,67,65,2,2
65569,98,95,3,3
65570,77,75,2,2
65571,84,81,3,3
65572,96,94,2,2
65573,118,115,3,3
65574,84,87,-3,3
65575,70,92,-22,22
65576,100,103,-3,3
65577,118,111,7,7
65578,54,66,-12,12
65579,170,151,19,19
65580,91,98,-7,7
65581,86,85,1,1
65582,82,88,-6,6
65583,123,120,3,3
65584,94,95,-1,1
65585,86,84,2,2
65586,142,144,-2,2
65587,132,116,16,16
65588,140,129,11,11
65589,177,148,29,29
65590,54,70,-16,16
65591,51,64,-13,13
65592,130,121,9,9
65593,71,78,-7,7
65594,61,68,-7,7
65595,93,93,0,0
65596,93,100,-7,7
65597,83,79,4,4
65598,104,95,9,9
65599,93,96,-3,3
65600,88,89,-1,1
65601,89,95,-6,6
65602,154,144,10,10
65603,53,62,-9,9
65604,85,87,-2,2
65605,89,97,-8,8
65606,107,107,0,0
65607,102,101,1,1
65608,88,98,-10,10
65609,35,49,-14,14
65610,118,109,9,9
65611,63,68,-5,5
65612,56,68,-12,12
65613,41,52,-11,11
65614,108,109,-1,1
65615,137,132,5,5
65616,70,71,-1,1
65617,131,138,-7,7
65618,83,83,0,0
65619,87,89,-2,2
65620,87,96,-9,9
65621,134,126,8,8
65622,108,94,14,14
65623,73,81,-8,8
65624,110,104,6,6
65625,100,84,16,16
65626,57,78,-21,21
65627,101,98,3,3
65628,124,118,6,6
65629,100,102,-2,2
65630,116,119,-3,3
65631,124,109,15,15
65632,119,122,-3,3
65633,95,108,-13,13
65634,131,119,12,12
65635,46,60,-14,14
65636,119,110,9,9
65637,86,85,1,1
65638,148,142,6,6
65639,63,68,-5,5
65640,84,81,3,3
65641,88,85,3,3
65642,125,115,10,10
65643,180,152,28,28
65644,92,97,-5,5
65645,73,81,-8,8
65646,54,68,-14,14
65647,125,125,0,0
65648,158,147,11,11
65649,115,111,4,4
65650,176,165,11,11
65651,71,93,-22,22
65652,109,116,-7,7
65653,115,107,8,8
65654,135,125,10,10
65655,75,78,-3,3
65656,71,80,-9,9
65657,74,87,-13,13
65658,123,128,-5,5
65659,85,91,-6,6
65660,124,116,8,8
65661,51,60,-9,9
65662,53,67,-14,14
65663,97,104,-7,7
65664,92,94,-2,2
65665,122,121,1,1
65666,183,161,22,22
65667,94,102,-8,8
65668,151,134,17,17
65669,65,73,-8,8
65670,146,139,7,7
65671,68,82,-14,14
65672,186,136,50,50
65673,121,107,14,14
65674,77,83,-6,6
65675,99,107,-8,8
65676,102,105,-3,3
65677,80,84,-4,4
65678,123,119,4,4
65679,90,98,-8,8
65680,96,100,-4,4
65681,119,101,18,18
65682,136,128,8,8
65683,84,83,1,1
65684,135,131,4,4
65685,84,104,-20,20
65686,56,66,-10,10
65687,81,86,-5,5
65688,69,67,2,2
65689,89,82,7,7
65690,105,102,3,3
65691,113,114,-1,1
65692,79,80,-1,1
65693,167,148,19,19
65694,85,84,1,1
65695,80,87,-7,7
65696,72,78,-6,6
65697,129,126,3,3
65698,155,129,26,26
65699,53,63,-10,10
65700,48,59,-11,11
65701,45,53,-8,8
65702,55,64,-9,9
65703,99,101,-2,2
65704,91,95,-4,4
65705,75,77,-2,2
65706,84,84,0,0
65707,38,57,-19,19
65708,41,55,-14,14
65709,86,90,-4,4
65710,76,79,-3,3
65711,53,66,-13,13
65712,63,71,-8,8
65713,79,80,-1,1
65714,145,133,12,12
65715,97,101,-4,4
65716,120,118,2,2
65717,74,80,-6,6
65718,96,99,-3,3
65719,101,95,6,6
65720,94,103,-9,9
65721,92,86,6,6
65722,83,76,7,7
65723,122,106,16,16
65724,57,64,-7,7
65725,56,69,-13,13
65726,123,121,2,2
65727,104,102,2,2
65728,147,131,16,16
65729,190,184,6,6
65730,120,115,5,5
65731,173,157,16,16
65732,52,61,-9,9
65733,134,123,11,11
65734,110,104,6,6
65735,84,83,1,1
65736,92,96,-4,4
65737,112,104,8,8
65738,60,68,-8,8
65739,76,81,-5,5
65740,159,141,18,18
65741,61,72,-11,11
65742,141,127,14,14
65743,107,106,1,1
65744,103,95,8,8
65745,129,128,1,1
65746,61,66,-5,5
65747,77,77,0,0
65748,84,89,-5,5
65749,78,82,-4,4
65750,47,59,-12,12
65751,140,126,14,14
65752,56,63,-7,7
65753,154,137,17,17
65754,77,88,-11,11
65755,85,78,7,7
65756,104,114,-10,10
65757,70,92,-22,22
65758,71,78,-7,7
65759,63,68,-5,5
65760,84,83,1,1
65761,110,98,12,12
65762,88,94,-6,6
65763,74,80,-6,6
65764,72,90,-18,18
65765,46,59,-13,13
65766,94,94,0,0
65767,93,101,-8,8
65768,63,70,-7,7
65769,100,99,1,1
65770,71,76,-5,5
65771,113,115,-2,2
65772,88,87,1,1
65773,83,76,7,7
65774,76,91,-15,15
65775,83,79,4,4
65776,153,127,26,26
65777,134,132,2,2
65778,91,93,-2,2
65779,56,66,-10,10
65780,89,93,-4,4
65781,51,63,-12,12
65782,121,112,9,9
65783,107,106,1,1
65784,97,143,-46,46
65785,79,81,-2,2
65786,115,107,8,8
65787,60,70,-10,10
65788,105,101,4,4
65789,65,74,-9,9
65790,57,66,-9,9
65791,169,148,21,21
65792,92,93,-1,1
65793,104,118,-14,14
65794,68,72,-4,4
65795,72,75,-3,3
65796,92,95,-3,3
65797,124,120,4,4
65798,85,92,-7,7
65799,123,120,3,3
65800,112,103,9,9
65801,138,141,-3,3
65802,205,185,20,20
65803,88,93,-5,5
65804,82,85,-3,3
65805,77,83,-6,6
65806,68,73,-5,5
65807,125,119,6,6
65808,87,89,-2,2
65809,112,114,-2,2
65810,66,79,-13,13
65811,132,120,12,12
65812,136,119,17,17
65813,232,201,31,31
65814,63,76,-13,13
65815,77,88,-11,11
65816,121,117,4,4
65817,161,147,14,14
65818,200,154,46,46
65819,65,70,-5,5
65820,104,95,9,9
65821,129,117,12,12
65822,129,135,-6,6
65823,123,115,8,8
65824,72,83,-11,11
65825,59,66,-7,7
65826,94,105,-11,11
65827,102,113,-11,11
65828,74,81,-7,7
65829,64,71,-7,7
65830,48,62,-14,14
65831,80,85,-5,5
65832,112,101,11,11
65833,67,121,-54,54
65834,79,89,-10,10
65835,79,83,-4,4
65836,51,64,-13,13
65837,213,188,25,25
65838,116,119,-3,3
65839,82,87,-5,5
65840,88,93,-5,5
65841,154,157,-3,3
65842,93,91,2,2
65843,115,111,4,4
65844,58,64,-6,6
65845,89,98,-9,9
65846,69,73,-4,4
65847,124,116,8,8
65848,87,87,0,0
65849,114,115,-1,1
65850,75,85,-10,10
65851,46,72,-26,26
65852,54,66,-12,12
65853,63,66,-3,3
65854,54,62,-8,8
65855,70,75,-5,5
65856,98,94,4,4
65857,74,80,-6,6
65858,76,79,-3,3
65859,80,80,0,0
65860,73,128,-55,55
65861,108,105,3,3
65862,100,99,1,1
65863,64,65,-1,1
65864,101,104,-3,3
65865,75,79,-4,4
65866,66,79,-13,13
65867,142,132,10,10
65868,47,58,-11,11
65869,71,71,0,0
65870,26,42,-16,16
65871,53,67,-14,14
65872,133,129,4,4
65873,96,97,-1,1
65874,91,95,-4,4
65875,83,81,2,2
65876,103,106,-3,3
65877,89,84,5,5
65878,90,94,-4,4
65879,95,103,-8,8
65880,32,45,-13,13
65881,72,82,-10,10
65882,99,87,12,12
65883,115,114,1,1
65884,86,96,-10,10
65885,93,106,-13,13
65886,129,119,10,10
65887,92,93,-1,1
65888,114,116,-2,2
65889,84,91,-7,7
65890,93,95,-2,2
65891,89,103,-14,14
65892,59,67,-8,8
65893,63,72,-9,9
65894,59,69,-10,10
65895,115,116,-1,1
65896,144,121,23,23
65897,76,84,-8,8
65898,112,109,3,3
65899,118,127,-9,9
65900,80,87,-7,7
65901,106,104,2,2
65902,92,100,-8,8
65903,65,74,-9,9
65904,130,134,-4,4
65905,108,104,4,4
65906,44,64,-20,20
65907,101,102,-1,1
65908,72,83,-11,11
65909,67,75,-8,8
65910,73,80,-7,7
65911,184,166,18,18
65912,83,85,-2,2
65913,77,82,-5,5
65914,113,109,4,4
65915,46,55,-9,9
65916,101,109,-8,8
65917,92,95,-3,3
65918,122,116,6,6
65919,67,72,-5,5
65920,134,121,13,13
65921,82,87,-5,5
65922,142,140,2,2
65923,101,95,6,6
65924,119,122,-3,3
65925,44,56,-12,12
65926,105,106,-1,1
65927,99,104,-5,5
65928,127,120,7,7
65929,76,80,-4,4
65930,107,96,11,11
65931,104,108,-4,4
65932,104,97,7,7
65933,100,100,0,0
65934,106,101,5,5
65935,66,68,-2,2
65936,154,136,18,18
65937,124,125,-1,1
65938,118,116,2,2
65939,79,82,-3,3
65940,76,80,-4,4
65941,89,88,1,1
65942,67,80,-13,13
65943,104,106,-2,2
65944,108,97,11,11
65945,76,79,-3,3
65946,47,62,-15,15
65947,98,106,-8,8
65948,137,140,-3,3
65949,111,104,7,7
65950,62,66,-4,4
65951,37,50,-13,13
65952,69,74,-5,5
65953,115,121,-6,6
65954,98,104,-6,6
65955,62,71,-9,9
65956,94,95,-1,1
65957,46,64,-18,18
65958,97,92,5,5
65959,108,99,9,9
65960,124,121,3,3
65961,74,90,-16,16
65962,113,109,4,4
65963,96,100,-4,4
65964,135,126,9,9
65965,81,88,-7,7
65966,101,99,2,2
65967,109,113,-4,4
65968,121,117,4,4
65969,62,65,-3,3
65970,105,111,-6,6
65971,105,93,12,12
65972,96,85,11,11
65973,90,78,12,12
65974,81,81,0,0
65975,137,125,12,12
65976,86,84,2,2
65977,86,93,-7,7
65978,105,108,-3,3
65979,120,112,8,8
65980,70,72,-2,2
65981,90,88,2,2
65982,90,91,-1,1
65983,79,83,-4,4
65984,62,69,-7,7
65985,56,68,-12,12
65986,62,69,-7,7
65987,123,109,14,14
65988,108,113,-5,5
65989,73,83,-10,10
65990,92,88,4,4
65991,97,95,2,2
65992,94,94,0,0
65993,119,118,1,1
65994,125,120,5,5
65995,252,211,41,41
65996,124,121,3,3
65997,76,88,-12,12
65998,120,119,1,1
65999,83,87,-4,4
66000,82,86,-4,4
66001,93,98,-5,5
66002,56,69,-13,13
66003,78,94,-16,16
66004,121,147,-26,26
66005,100,93,7,7
66006,91,85,6,6
66007,66,71,-5,5
66008,62,70,-8,8
66009,72,77,-5,5
66010,77,85,-8,8
66011,93,93,0,0
66012,176,154,22,22
66013,55,66,-11,11
66014,75,84,-9,9
66015,60,69,-9,9
66016,143,125,18,18
66017,117,119,-2,2
66018,36,55,-19,19
66019,45,56,-11,11
66020,96,96,0,0
66021,81,92,-11,11
66022,106,102,4,4
66023,83,94,-11,11
66024,105,98,7,7
66025,80,89,-9,9
66026,43,53,-10,10
66027,103,106,-3,3
66028,134,121,13,13
66029,53,63,-10,10
66030,115,106,9,9
66031,157,133,24,24
66032,67,75,-8,8
66033,104,118,-14,14
66034,148,142,6,6
66035,116,107,9,9
66036,100,97,3,3
66037,63,72,-9,9
66038,71,83,-12,12
66039,71,72,-1,1
66040,67,81,-14,14
66041,105,110,-5,5
66042,102,100,2,2
66043,53,64,-11,11
66044,71,79,-8,8
66045,115,119,-4,4
66046,105,101,4,4
66047,62,85,-23,23
66048,119,115,4,4
66049,151,137,14,14
66050,55,70,-15,15
66051,76,84,-8,8
66052,37,49,-12,12
66053,126,103,23,23
66054,116,97,19,19
66055,119,116,3,3
66056,86,85,1,1
66057,64,77,-13,13
66058,53,68,-15,15
66059,108,101,7,7
66060,118,112,6,6
66061,126,123,3,3
66062,71,73,-2,2
66063,99,101,-2,2
66064,49,64,-15,15
66065,87,93,-6,6
66066,75,77,-2,2
66067,89,95,-6,6
66068,94,91,3,3
66069,100,94,6,6
66070,80,78,2,2
66071,78,82,-4,4
66072,65,74,-9,9
66073,104,98,6,6
66074,111,118,-7,7
66075,182,147,35,35
66076,69,77,-8,8
66077,67,73,-6,6
66078,99,116,-17,17
66079,82,83,-1,1
66080,99,88,11,11
66081,66,74,-8,8
66082,162,149,13,13
66083,142,125,17,17
66084,84,89,-5,5
66085,70,88,-18,18
66086,106,102,4,4
66087,57,66,-9,9
66088,89,86,3,3
66089,119,110,9,9
66090,90,85,5,5
66091,59,72,-13,13
66092,80,81,-1,1
66093,113,105,8,8
66094,47,60,-13,13
66095,72,79,-7,7
66096,178,175,3,3
66097,76,90,-14,14
66098,96,100,-4,4
66099,83,87,-4,4
66100,63,72,-9,9
66101,144,138,6,6
66102,42,63,-21,21
66103,52,58,-6,6
66104,125,109,16,16
66105,63,73,-10,10
66106,69,68,1,1
66107,78,79,-1,1
66108,63,84,-21,21
66109,80,89,-9,9
66110,101,100,1,1
66111,187,150,37,37
66112,163,145,18,18
66113,109,116,-7,7
66114,101,115,-14,14
66115,86,92,-6,6
66116,72,88,-16,16
66117,142,163,-21,21
66118,99,91,8,8
66119,64,72,-8,8
66120,79,84,-5,5
66121,85,78,7,7
66122,107,90,17,17
66123,97,96,1,1
66124,116,113,3,3
66125,67,76,-9,9
66126,89,102,-13,13
66127,122,110,12,12
66128,140,134,6,6
66129,62,68,-6,6
66130,119,128,-9,9
66131,117,108,9,9
66132,104,116,-12,12
66133,47,61,-14,14
66134,73,81,-8,8
66135,159,131,28,28
66136,101,103,-2,2
66137,77,74,3,3
66138,58,66,-8,8
66139,78,85,-7,7
66140,97,93,4,4
66141,76,80,-4,4
66142,88,91,-3,3
66143,64,71,-7,7
66144,81,95,-14,14
66145,69,73,-4,4
66146,115,128,-13,13
66147,65,89,-24,24
66148,76,74,2,2
66149,58,71,-13,13
66150,33,46,-13,13
66151,133,122,11,11
66152,45,75,-30,30
66153,123,120,3,3
66154,100,98,2,2
66155,82,87,-5,5
66156,83,89,-6,6
66157,117,105,12,12
66158,74,75,-1,1
66159,103,101,2,2
66160,72,78,-6,6
66161,142,125,17,17
66162,121,108,13,13
66163,82,83,-1,1
66164,80,83,-3,3
66165,100,101,-1,1
66166,164,154,10,10
66167,95,92,3,3
66168,57,66,-9,9
66169,81,80,1,1
66170,39,45,-6,6
66171,123,118,5,5
66172,127,121,6,6
66173,82,85,-3,3
66174,105,102,3,3
66175,72,76,-4,4
66176,37,53,-16,16
66177,85,91,-6,6
66178,152,139,13,13
66179,80,80,0,0
66180,55,67,-12,12
66181,76,93,-17,17
66182,21,50,-29,29
66183,220,191,29,29
66184,159,138,21,21
66185,90,94,-4,4
66186,148,143,5,5
66187,102,97,5,5
66188,83,82,1,1
66189,80,95,-15,15
66190,100,89,11,11
66191,111,99,12,12
66192,79,85,-6,6
66193,82,83,-1,1
66194,82,83,-1,1
66195,197,179,18,18
66196,188,164,24,24
66197,177,170,7,7
66198,76,80,-4,4
66199,157,166,-9,9
66200,49,64,-15,15
66201,44,54,-10,10
66202,66,76,-10,10
66203,156,140,16,16
66204,111,119,-8,8
66205,69,82,-13,13
66206,188,169,19,19
66207,126,112,14,14
66208,73,77,-4,4
66209,111,101,10,10
66210,94,89,5,5
66211,57,70,-13,13
66212,132,121,11,11
66213,164,154,10,10
66214,55,67,-12,12
66215,139,127,12,12
66216,77,77,0,0
66217,43,58,-15,15
66218,96,90,6,6
66219,88,89,-1,1
66220,74,77,-3,3
66221,81,84,-3,3
66222,84,88,-4,4
66223,100,100,0,0
66224,108,97,11,11
66225,44,65,-21,21
66226,77,87,-10,10
66227,79,86,-7,7
66228,111,109,2,2
66229,86,89,-3,3
66230,61,64,-3,3
66231,85,85,0,0
66232,45,60,-15,15
66233,81,78,3,3
66234,159,140,19,19
66235,80,80,0,0
66236,94,91,3,3
66237,89,93,-4,4
66238,96,94,2,2
66239,95,88,7,7
66240,127,111,16,16
66241,71,71,0,0
66242,68,71,-3,3
66243,80,90,-10,10
66244,122,116,6,6
66245,136,129,7,7
66246,95,95,0,0
66247,89,90,-1,1
66248,88,94,-6,6
66249,44,55,-11,11
66250,121,112,9,9
66251,47,58,-11,11
66252,72,74,-2,2
66253,72,76,-4,4
66254,145,154,-9,9
66255,77,83,-6,6
66256,129,138,-9,9
66257,65,77,-12,12
66258,121,114,7,7
66259,92,90,2,2
66260,100,105,-5,5
66261,36,54,-18,18
66262,122,117,5,5
66263,112,98,14,14
66264,76,77,-1,1
66265,112,120,-8,8
66266,75,83,-8,8
66267,81,83,-2,2
66268,102,91,11,11
66269,43,54,-11,11
66270,92,96,-4,4
66271,118,103,15,15
66272,73,78,-5,5
66273,179,177,2,2
66274,63,76,-13,13
66275,128,130,-2,2
66276,161,156,5,5
66277,178,150,28,28
66278,90,88,2,2
66279,74,80,-6,6
66280,74,83,-9,9
66281,95,99,-4,4
66282,98,101,-3,3
66283,94,91,3,3
66284,115,120,-5,5
66285,131,130,1,1
66286,99,85,14,14
66287,87,90,-3,3
66288,74,82,-8,8
66289,56,65,-9,9
66290,58,67,-9,9
66291,77,86,-9,9
66292,122,108,14,14
66293,70,78,-8,8
66294,40,59,-19,19
66295,106,109,-3,3
66296,100,102,-2,2
66297,73,80,-7,7
66298,72,73,-1,1
66299,99,104,-5,5
66300,135,132,3,3
66301,184,156,28,28
66302,50,73,-23,23
66303,77,81,-4,4
66304,48,59,-11,11
66305,76,78,-2,2
66306,87,97,-10,10
66307,137,124,13,13
66308,110,118,-8,8
66309,84,91,-7,7
66310,74,83,-9,9
66311,83,82,1,1
66312,76,80,-4,4
66313,107,130,-23,23
66314,78,77,1,1
66315,87,86,1,1
66316,64,73,-9,9
66317,60,70,-10,10
66318,94,101,-7,7
66319,80,80,0,0
66320,50,60,-10,10
66321,54,62,-8,8
66322,65,68,-3,3
66323,101,108,-7,7
66324,89,88,1,1
66325,127,122,5,5
66326,59,74,-15,15
66327,90,98,-8,8
66328,77,83,-6,6
66329,100,104,-4,4
66330,103,101,2,2
66331,33,63,-30,30
66332,61,68,-7,7
66333,63,83,-20,20
66334,47,62,-15,15
66335,51,60,-9,9
66336,141,135,6,6
66337,74,76,-2,2
66338,74,80,-6,6
66339,85,88,-3,3
66340,149,131,18,18
66341,90,97,-7,7
66342,79,91,-12,12
66343,93,103,-10,10
66344,79,80,-1,1
66345,146,140,6,6
66346,81,85,-4,4
66347,83,107,-24,24
66348,196,175,21,21
66349,114,103,11,11
66350,102,98,4,4
66351,140,131,9,9
66352,46,56,-10,10
66353,189,170,19,19
66354,102,105,-3,3
66355,96,93,3,3
66356,73,88,-15,15
66357,131,135,-4,4
66358,143,125,18,18
66359,94,102,-8,8
66360,95,97,-2,2
66361,131,121,10,10
66362,138,124,14,14
66363,55,69,-14,14
66364,40,52,-12,12
66365,97,94,3,3
66366,70,81,-11,11
66367,95,93,2,2
66368,86,83,3,3
66369,107,102,5,5
66370,45,63,-18,18
66371,107,105,2,2
66372,77,76,1,1
66373,75,78,-3,3
66374,85,86,-1,1
66375,81,89,-8,8
66376,100,97,3,3
66377,65,78,-13,13
66378,57,69,-12,12
66379,61,63,-2,2
66380,79,85,-6,6
66381,104,102,2,2
66382,106,105,1,1
66383,55,64,-9,9
66384,100,96,4,4
66385,89,93,-4,4
66386,73,77,-4,4
66387,77,87,-10,10
66388,59,66,-7,7
66389,71,81,-10,10
66390,52,73,-21,21
66391,58,63,-5,5
66392,72,71,1,1
66393,90,87,3,3
66394,57,68,-11,11
66395,82,98,-16,16
66396,92,92,0,0
66397,88,83,5,5
66398,49,63,-14,14
66399,91,88,3,3
66400,171,154,17,17
66401,75,91,-16,16
66402,82,84,-2,2
66403,74,76,-2,2
66404,116,116,0,0
66405,95,88,7,7
66406,116,105,11,11
66407,74,102,-28,28
66408,100,99,1,1
66409,81,91,-10,10
66410,141,147,-6,6
66411,113,107,6,6
66412,100,94,6,6
66413,80,77,3,3
66414,96,93,3,3
66415,83,86,-3,3
66416,68,81,-13,13
66417,66,72,-6,6
66418,73,79,-6,6
66419,169,158,11,11
66420,119,103,16,16
66421,82,97,-15,15
66422,85,86,-1,1
66423,92,104,-12,12
66424,92,93,-1,1
66425,164,149,15,15
66426,131,129,2,2
66427,106,121,-15,15
66428,72,76,-4,4
66429,54,66,-12,12
66430,75,81,-6,6
66431,62,66,-4,4
66432,89,84,5,5
66433,63,66,-3,3
66434,87,86,1,1
66435,136,121,15,15
66436,79,81,-2,2
66437,86,92,-6,6
66438,71,80,-9,9
66439,68,70,-2,2
66440,127,120,7,7
66441,78,86,-8,8
66442,43,56,-13,13
66443,82,83,-1,1
66444,61,72,-11,11
66445,91,100,-9,9
66446,78,84,-6,6
66447,121,119,2,2
66448,83,86,-3,3
66449,169,163,6,6
66450,56,67,-11,11
66451,78,72,6,6
66452,73,83,-10,10
66453,66,74,-8,8
66454,67,69,-2,2
66455,69,63,6,6
66456,96,99,-3,3
66457,118,108,10,10
66458,67,76,-9,9
66459,58,71,-13,13
66460,77,72,5,5
66461,164,142,22,22
66462,57,69,-12,12
66463,98,98,0,0
66464,97,94,3,3
66465,58,68,-10,10
66466,107,107,0,0
66467,70,80,-10,10
66468,121,115,6,6
66469,144,126,18,18
66470,157,148,9,9
66471,113,116,-3,3
66472,66,71,-5,5
66473,47,82,-35,35
66474,106,99,7,7
66475,77,85,-8,8
66476,180,173,7,7
66477,55,63,-8,8
66478,57,74,-17,17
66479,104,102,2,2
66480,120,116,4,4
66481,124,112,12,12
66482,157,155,2,2
66483,185,174,11,11
66484,63,70,-7,7
66485,158,136,22,22
66486,161,158,3,3
66487,61,70,-9,9
66488,104,104,0,0
66489,65,73,-8,8
66490,174,158,16,16
66491,52,63,-11,11
66492,118,108,10,10
66493,89,91,-2,2
66494,88,89,-1,1
66495,88,92,-4,4
66496,62,75,-13,13
66497,67,73,-6,6
66498,118,113,5,5
66499,113,119,-6,6
66500,99,104,-5,5
66501,68,75,-7,7
66502,50,57,-7,7
66503,123,119,4,4
66504,97,97,0,0
66505,93,106,-13,13
66506,132,114,18,18
66507,70,80,-10,10
66508,65,69,-4,4
66509,80,97,-17,17
66510,79,81,-2,2
66511,96,98,-2,2
66512,69,82,-13,13
66513,142,133,9,9
66514,126,121,5,5
66515,88,110,-22,22
66516,57,64,-7,7
66517,68,72,-4,4
66518,97,105,-8,8
66519,128,125,3,3
66520,129,135,-6,6
66521,92,92,0,0
66522,146,122,24,24
66523,83,87,-4,4
66524,92,90,2,2
66525,207,175,32,32
66526,40,61,-21,21
66527,92,96,-4,4
66528,95,107,-12,12
66529,107,101,6,6
66530,51,62,-11,11
66531,210,178,32,32
66532,73,79,-6,6
66533,103,98,5,5
66534,120,118,2,2
66535,132,116,16,16
66536,112,105,7,7
66537,86,87,-1,1
66538,195,179,16,16
66539,69,76,-7,7
66540,91,90,1,1
66541,57,80,-23,23
66542,112,107,5,5
66543,72,86,-14,14
66544,90,88,2,2
66545,99,99,0,0
66546,46,54,-8,8
66547,51,62,-11,11
66548,107,104,3,3
66549,156,150,6,6
66550,61,69,-8,8
66551,88,85,3,3
66552,107,103,4,4
66553,121,107,14,14
66554,89,85,4,4
66555,99,102,-3,3
66556,87,94,-7,7
66557,46,63,-17,17
66558,152,148,4,4
66559,67,75,-8,8
66560,164,159,5,5
66561,68,75,-7,7
66562,94,97,-3,3
66563,60,72,-12,12
66564,205,170,35,35
66565,92,91,1,1
66566,95,93,2,2
66567,67,67,0,0
66568,55,66,-11,11
66569,151,130,21,21
66570,160,145,15,15
66571,29,45,-16,16
66572,108,103,5,5
66573,112,119,-7,7
66574,109,152,-43,43
66575,86,86,0,0
66576,75,82,-7,7
66577,60,74,-14,14
66578,64,76,-12,12
66579,64,89,-25,25
66580,110,112,-2,2
66581,81,91,-10,10
66582,79,82,-3,3
66583,124,113,11,11
66584,94,98,-4,4
66585,73,92,-19,19
66586,111,104,7,7
66587,107,105,2,2
66588,71,74,-3,3
66589,125,121,4,4
66590,123,110,13,13
66591,63,67,-4,4
66592,98,99,-1,1
66593,101,94,7,7
66594,129,126,3,3
66595,96,98,-2,2
66596,58,67,-9,9
66597,162,152,10,10
66598,48,57,-9,9
66599,151,138,13,13
66600,67,74,-7,7
66601,122,116,6,6
66602,100,103,-3,3
66603,135,138,-3,3
66604,213,172,41,41
66605,129,134,-5,5
66606,61,72,-11,11
66607,70,78,-8,8
66608,88,94,-6,6
66609,75,82,-7,7
66610,159,150,9,9
66611,100,105,-5,5
66612,75,75,0,0
66613,120,132,-12,12
66614,70,80,-10,10
66615,129,118,11,11
66616,124,104,20,20
66617,105,102,3,3
66618,60,66,-6,6
66619,76,75,1,1
66620,64,78,-14,14
66621,145,132,13,13
66622,95,109,-14,14
66623,104,108,-4,4
66624,148,135,13,13
66625,126,124,2,2
66626,142,131,11,11
66627,67,75,-8,8
66628,96,102,-6,6
66629,114,107,7,7
66630,47,66,-19,19
66631,125,127,-2,2
66632,66,76,-10,10
66633,203,216,-13,13
66634,58,70,-12,12
66635,114,107,7,7
66636,100,119,-19,19
66637,92,98,-6,6
66638,114,120,-6,6
66639,67,76,-9,9
66640,56,62,-6,6
66641,78,80,-2,2
66642,62,70,-8,8
66643,77,91,-14,14
66644,104,98,6,6
66645,37,53,-16,16
66646,94,93,1,1
66647,108,98,10,10
66648,42,55,-13,13
66649,106,105,1,1
66650,74,78,-4,4
66651,116,99,17,17
66652,77,73,4,4
66653,123,126,-3,3
66654,89,97,-8,8
66655,74,78,-4,4
66656,118,113,5,5
66657,73,80,-7,7
66658,69,88,-19,19
66659,79,83,-4,4
66660,58,72,-14,14
66661,172,142,30,30
66662,118,108,10,10
66663,140,127,13,13
66664,124,120,4,4
66665,111,101,10,10
66666,88,102,-14,14
66667,90,119,-29,29
66668,59,63,-4,4
66669,139,138,1,1
66670,125,121,4,4
66671,64,72,-8,8
66672,147,132,15,15
66673,50,64,-14,14
66674,81,86,-5,5
66675,105,102,3,3
66676,63,74,-11,11
66677,87,93,-6,6
66678,90,89,1,1
66679,47,58,-11,11
66680,134,125,9,9
66681,61,69,-8,8
66682,73,92,-19,19
66683,73,72,1,1
66684,78,85,-7,7
66685,134,121,13,13
66686,51,59,-8,8
66687,108,106,2,2
66688,96,96,0,0
66689,54,62,-8,8
66690,122,120,2,2
66691,129,123,6,6
66692,86,80,6,6
66693,114,112,2,2
66694,70,78,-8,8
66695,79,85,-6,6
66696,56,65,-9,9
66697,66,71,-5,5
66698,89,88,1,1
66699,106,102,4,4
66700,77,84,-7,7
66701,82,84,-2,2
66702,63,85,-22,22
66703,87,89,-2,2
66704,119,124,-5,5
66705,146,131,15,15
66706,71,72,-1,1
66707,70,84,-14,14
66708,82,88,-6,6
66709,72,80,-8,8
66710,91,95,-4,4
66711,57,77,-20,20
66712,68,73,-5,5
66713,92,90,2,2
66714,71,75,-4,4
66715,100,96,4,4
66716,106,99,7,7
66717,64,66,-2,2
66718,58,71,-13,13
66719,74,78,-4,4
66720,104,115,-11,11
66721,133,122,11,11
66722,59,67,-8,8
66723,77,81,-4,4
66724,90,90,0,0
66725,116,96,20,20
66726,94,91,3,3
66727,102,105,-3,3
66728,130,123,7,7
66729,115,116,-1,1
66730,79,78,1,1
66731,151,138,13,13
66732,88,99,-11,11
66733,188,164,24,24
66734,91,93,-2,2
66735,81,80,1,1
66736,74,82,-8,8
66737,80,83,-3,3
66738,125,117,8,8
66739,140,130,10,10
66740,60,71,-11,11
66741,45,62,-17,17
66742,65,79,-14,14
66743,120,119,1,1
66744,105,109,-4,4
66745,136,134,2,2
66746,31,68,-37,37
66747,77,85,-8,8
66748,79,93,-14,14
66749,96,99,-3,3
66750,40,67,-27,27
66751,54,64,-10,10
66752,94,88,6,6
66753,83,103,-20,20
66754,54,66,-12,12
66755,92,95,-3,3
66756,146,125,21,21
66757,172,154,18,18
66758,62,69,-7,7
66759,155,147,8,8
66760,111,103,8,8
66761,99,95,4,4
66762,126,111,15,15
66763,55,64,-9,9
66764,202,185,17,17
66765,60,69,-9,9
66766,97,94,3,3
66767,111,103,8,8
66768,114,113,1,1
66769,81,81,0,0
66770,35,57,-22,22
66771,88,91,-3,3
66772,62,73,-11,11
66773,84,90,-6,6
66774,96,89,7,7
66775,105,105,0,0
66776,67,76,-9,9
66777,68,81,-13,13
66778,75,80,-5,5
66779,64,75,-11,11
66780,165,140,25,25
66781,92,120,-28,28
66782,136,118,18,18
66783,93,96,-3,3
66784,58,61,-3,3
66785,72,79,-7,7
66786,87,91,-4,4
66787,53,68,-15,15
66788,138,129,9,9
66789,98,102,-4,4
66790,81,84,-3,3
66791,82,90,-8,8
66792,140,139,1,1
66793,92,94,-2,2
66794,116,116,0,0
66795,169,155,14,14
66796,76,87,-11,11
66797,70,76,-6,6
66798,206,176,30,30
66799,118,112,6,6
66800,82,91,-9,9
66801,143,133,10,10
66802,113,103,10,10
66803,82,84,-2,2
66804,72,79,-7,7
66805,53,60,-7,7
66806,38,62,-24,24
66807,102,99,3,3
66808,98,100,-2,2
66809,60,75,-15,15
66810,133,123,10,10
66811,108,102,6,6
66812,103,97,6,6
66813,58,68,-10,10
66814,80,83,-3,3
66815,72,79,-7,7
66816,103,97,6,6
66817,115,122,-7,7
66818,66,80,-14,14
66819,134,126,8,8
66820,129,120,9,9
66821,82,86,-4,4
66822,92,93,-1,1
66823,72,76,-4,4
66824,156,145,11,11
66825,97,98,-1,1
66826,80,88,-8,8
66827,110,94,16,16
66828,112,101,11,11
66829,73,77,-4,4
66830,93,98,-5,5
66831,84,96,-12,12
66832,69,70,-1,1
66833,63,80,-17,17
66834,97,97,0,0
66835,51,70,-19,19
66836,117,115,2,2
66837,102,115,-13,13
66838,63,72,-9,9
66839,90,114,-24,24
66840,75,80,-5,5
66841,31,83,-52,52
66842,118,120,-2,2
66843,110,121,-11,11
66844,126,121,5,5
66845,132,134,-2,2
66846,94,89,5,5
66847,55,73,-18,18
66848,119,108,11,11
66849,47,60,-13,13
66850,152,132,20,20
66851,38,56,-18,18
66852,96,109,-13,13
66853,79,77,2,2
66854,63,66,-3,3
66855,120,120,0,0
66856,97,91,6,6
66857,65,70,-5,5
66858,108,104,4,4
66859,146,141,5,5
66860,99,102,-3,3
66861,50,62,-12,12
66862,98,100,-2,2
66863,61,66,-5,5
66864,67,78,-11,11
66865,102,100,2,2
66866,98,95,3,3
66867,127,119,8,8
66868,134,124,10,10
66869,107,102,5,5
66870,62,72,-10,10
66871,83,84,-1,1
66872,41,50,-9,9
66873,65,80,-15,15
66874,73,81,-8,8
66875,81,83,-2,2
66876,85,87,-2,2
66877,85,80,5,5
66878,117,111,6,6
66879,128,128,0,0
66880,89,92,-3,3
66881,42,51,-9,9
66882,125,139,-14,14
66883,68,75,-7,7
66884,72,83,-11,11
66885,96,96,0,0
66886,134,129,5,5
66887,122,120,2,2
66888,87,92,-5,5
66889,54,66,-12,12
66890,79,84,-5,5
66891,148,129,19,19
66892,66,77,-11,11
66893,142,125,17,17
66894,106,97,9,9
66895,48,58,-10,10
66896,57,78,-21,21
66897,126,120,6,6
66898,51,64,-13,13
66899,109,120,-11,11
66900,106,107,-1,1
66901,102,101,1,1
66902,94,94,0,0
66903,112,109,3,3
66904,140,125,15,15
66905,117,119,-2,2
66906,112,96,16,16
66907,49,74,-25,25
66908,156,143,13,13
66909,89,89,0,0
66910,74,83,-9,9
66911,67,80,-13,13
66912,70,85,-15,15
66913,93,99,-6,6
66914,93,96,-3,3
66915,101,104,-3,3
66916,76,90,-14,14
66917,67,75,-8,8
66918,106,102,4,4
66919,72,83,-11,11
66920,65,71,-6,6
66921,87,91,-4,4
66922,89,89,0,0
66923,257,261,-4,4
66924,175,166,9,9
66925,69,71,-2,2
66926,76,75,1,1
66927,65,69,-4,4
66928,153,142,11,11
66929,68,77,-9,9
66930,116,107,9,9
66931,114,120,-6,6
66932,76,85,-9,9
66933,65,69,-4,4
66934,104,98,6,6
66935,148,134,14,14
66936,43,55,-12,12
66937,90,92,-2,2
66938,99,97,2,2
66939,128,129,-1,1
66940,110,108,2,2
66941,42,60,-18,18
66942,120,119,1,1
66943,135,110,25,25
66944,134,133,1,1
66945,116,119,-3,3
66946,138,121,17,17
66947,125,114,11,11
66948,43,56,-13,13
66949,89,87,2,2
66950,126,106,20,20
66951,90,86,4,4
66952,77,83,-6,6
66953,91,93,-2,2
66954,120,108,12,12
66955,63,70,-7,7
66956,88,89,-1,1
66957,50,63,-13,13
66958,110,110,0,0
66959,71,74,-3,3
66960,81,83,-2,2
66961,120,113,7,7
66962,94,94,0,0
66963,51,66,-15,15
66964,84,92,-8,8
66965,96,98,-2,2
66966,179,157,22,22
66967,57,65,-8,8
66968,114,113,1,1
66969,111,115,-4,4
66970,111,103,8,8
66971,101,96,5,5
66972,53,59,-6,6
66973,97,98,-1,1
66974,98,95,3,3
66975,50,64,-14,14
66976,82,88,-6,6
66977,108,101,7,7
66978,59,71,-12,12
66979,69,76,-7,7
66980,68,76,-8,8
66981,69,82,-13,13
66982,73,81,-8,8
66983,28,41,-13,13
66984,75,80,-5,5
66985,68,73,-5,5
66986,110,110,0,0
66987,99,105,-6,6
66988,72,79,-7,7
66989,74,80,-6,6
66990,70,80,-10,10
66991,109,99,10,10
66992,191,176,15,15
66993,54,63,-9,9
66994,119,116,3,3
66995,76,83,-7,7
66996,174,159,15,15
66997,87,88,-1,1
66998,88,91,-3,3
66999,53,63,-10,10
67000,75,82,-7,7
67001,68,71,-3,3
67002,118,120,-2,2
67003,114,106,8,8
67004,101,101,0,0
67005,102,102,0,0
67006,82,89,-7,7
67007,100,103,-3,3
67008,134,125,9,9
67009,140,137,3,3
67010,109,117,-8,8
67011,124,120,4,4
67012,157,132,25,25
67013,67,72,-5,5
67014,117,115,2,2
67015,64,70,-6,6
67016,89,96,-7,7
67017,52,56,-4,4
67018,126,121,5,5
67019,99,99,0,0
67020,82,86,-4,4
67021,96,84,12,12
67022,85,84,1,1
67023,68,88,-20,20
67024,132,121,11,11
67025,148,138,10,10
67026,56,65,-9,9
67027,173,168,5,5
67028,115,117,-2,2
67029,99,98,1,1
67030,115,122,-7,7
67031,71,79,-8,8
67032,141,132,9,9
67033,111,106,5,5
67034,53,64,-11,11
67035,279,214,65,65
67036,101,93,8,8
67037,93,94,-1,1
67038,71,74,-3,3
67039,163,152,11,11
67040,52,58,-6,6
67041,109,107,2,2
67042,80,93,-13,13
67043,72,106,-34,34
67044,72,76,-4,4
67045,87,87,0,0
67046,82,89,-7,7
67047,74,79,-5,5
67048,156,141,15,15
67049,133,122,11,11
67050,123,113,10,10
67051,63,70,-7,7
67052,70,79,-9,9
67053,40,52,-12,12
67054,76,89,-13,13
67055,201,188,13,13
67056,76,88,-12,12
67057,109,113,-4,4
67058,116,116,0,0
67059,45,56,-11,11
67060,59,66,-7,7
67061,104,95,9,9
67062,122,143,-21,21
67063,108,97,11,11
67064,59,72,-13,13
67065,111,120,-9,9
67066,47,56,-9,9
67067,123,120,3,3
67068,127,117,10,10
67069,98,97,1,1
67070,90,92,-2,2
67071,70,80,-10,10
67072,102,98,4,4
67073,101,99,2,2
67074,72,92,-20,20
67075,86,103,-17,17
67076,77,84,-7,7
67077,175,147,28,28
67078,85,90,-5,5
67079,109,105,4,4
67080,143,129,14,14
67081,79,88,-9,9
67082,81,87,-6,6
67083,110,101,9,9
67084,68,83,-15,15
67085,107,105,2,2
67086,115,110,5,5
67087,120,120,0,0
67088,67,76,-9,9
67089,95,90,5,5
67090,116,111,5,5
67091,83,90,-7,7
67092,97,91,6,6
67093,85,92,-7,7
67094,91,101,-10,10
67095,147,135,12,12
67096,60,75,-15,15
67097,104,98,6,6
67098,99,98,1,1
67099,142,128,14,14
67100,65,74,-9,9
67101,58,68,-10,10
67102,81,92,-11,11
67103,85,86,-1,1
67104,158,145,13,13
67105,57,65,-8,8
67106,32,48,-16,16
67107,161,146,15,15
67108,139,129,10,10
67109,123,120,3,3
67110,141,139,2,2
67111,127,122,5,5
67112,65,74,-9,9
67113,177,156,21,21
67114,131,124,7,7
67115,140,129,11,11
67116,51,64,-13,13
67117,85,91,-6,6
67118,75,80,-5,5
67119,103,99,4,4
67120,155,133,22,22
67121,85,85,0,0
67122,72,78,-6,6
67123,80,75,5,5
67124,62,73,-11,11
67125,58,68,-10,10
67126,53,66,-13,13
67127,76,91,-15,15
67128,117,118,-1,1
67129,75,77,-2,2
67130,138,127,11,11
67131,82,84,-2,2
67132,79,84,-5,5
67133,83,94,-11,11
67134,79,80,-1,1
67135,141,126,15,15
67136,76,76,0,0
67137,165,148,17,17
67138,150,145,5,5
67139,65,71,-6,6
67140,37,51,-14,14
67141,55,64,-9,9
67142,227,203,24,24
67143,82,89,-7,7
67144,70,77,-7,7
67145,57,66,-9,9
67146,73,73,0,0
67147,78,79,-1,1
67148,58,67,-9,9
67149,87,87,0,0
67150,48,64,-16,16
67151,127,125,2,2
67152,65,67,-2,2
67153,111,96,15,15
67154,74,81,-7,7
67155,103,96,7,7
67156,91,85,6,6
67157,188,192,-4,4
67158,98,111,-13,13
67159,86,89,-3,3
67160,68,71,-3,3
67161,99,101,-2,2
67162,68,74,-6,6
67163,87,87,0,0
67164,110,112,-2,2
67165,53,68,-15,15
67166,75,78,-3,3
67167,113,110,3,3
67168,103,123,-20,20
67169,48,65,-17,17
67170,180,157,23,23
67171,67,80,-13,13
67172,69,79,-10,10
67173,114,121,-7,7
67174,82,81,1,1
67175,152,141,11,11
67176,108,109,-1,1
67177,126,121,5,5
67178,126,132,-6,6
67179,68,79,-11,11
67180,111,106,5,5
67181,127,111,16,16
67182,106,100,6,6
67183,93,102,-9,9
67184,134,133,1,1
67185,65,77,-12,12
67186,129,117,12,12
67187,84,88,-4,4
67188,64,74,-10,10
67189,147,138,9,9
67190,123,119,4,4
67191,102,99,3,3
67192,66,69,-3,3
67193,56,69,-13,13
67194,99,106,-7,7
67195,92,90,2,2
67196,96,96,0,0
67197,125,130,-5,5
67198,85,87,-2,2
67199,100,97,3,3
67200,77,85,-8,8
67201,69,75,-6,6
67202,95,96,-1,1
67203,87,86,1,1
67204,112,107,5,5
67205,124,119,5,5
67206,99,95,4,4
67207,65,68,-3,3
67208,119,101,18,18
67209,66,75,-9,9
67210,89,88,1,1
67211,139,122,17,17
67212,111,101,10,10
67213,81,94,-13,13
67214,100,99,1,1
67215,82,82,0,0
67216,145,149,-4,4
67217,91,97,-6,6
67218,187,177,10,10
67219,84,88,-4,4
67220,45,59,-14,14
67221,116,117,-1,1
67222,69,76,-7,7
67223,80,87,-7,7
67224,44,50,-6,6
67225,93,102,-9,9
67226,58,65,-7,7
67227,74,82,-8,8
67228,74,80,-6,6
67229,99,110,-11,11
67230,93,99,-6,6
67231,67,64,3,3
67232,108,108,0,0
67233,108,116,-8,8
67234,116,101,15,15
67235,127,109,18,18
67236,98,96,2,2
67237,115,121,-6,6
67238,131,126,5,5
67239,185,168,17,17
67240,120,105,15,15
67241,75,83,-8,8
67242,165,135,30,30
67243,44,81,-37,37
67244,82,87,-5,5
67245,66,83,-17,17
67246,72,80,-8,8
67247,137,126,11,11
67248,66,76,-10,10
67249,79,97,-18,18
67250,48,63,-15,15
67251,76,80,-4,4
67252,87,87,0,0
67253,90,88,2,2
67254,67,76,-9,9
67255,139,133,6,6
67256,52,65,-13,13
67257,97,92,5,5
67258,135,123,12,12
67259,60,60,0,0
67260,65,73,-8,8
67261,61,63,-2,2
67262,175,154,21,21
67263,146,127,19,19
67264,64,79,-15,15
67265,122,119,3,3
67266,66,74,-8,8
67267,62,68,-6,6
67268,97,101,-4,4
67269,117,121,-4,4
67270,72,81,-9,9
67271,66,89,-23,23
67272,147,125,22,22
67273,139,123,16,16
67274,143,144,-1,1
67275,106,105,1,1
67276,81,96,-15,15
67277,85,81,4,4
67278,112,104,8,8
67279,74,89,-15,15
67280,157,142,15,15
67281,76,78,-2,2
67282,69,74,-5,5
67283,133,122,11,11
67284,79,91,-12,12
67285,58,69,-11,11
67286,111,113,-2,2
67287,195,172,23,23
67288,129,114,15,15
67289,58,69,-11,11
67290,101,108,-7,7
67291,186,172,14,14
67292,76,75,1,1
67293,72,78,-6,6
67294,100,104,-4,4
67295,60,70,-10,10
67296,59,72,-13,13
67297,118,113,5,5
67298,195,166,29,29
67299,92,88,4,4
67300,245,227,18,18
67301,102,112,-10,10
67302,84,90,-6,6
67303,95,95,0,0
67304,126,119,7,7
67305,101,95,6,6
67306,192,165,27,27
67307,118,117,1,1
67308,72,85,-13,13
67309,66,78,-12,12
67310,72,80,-8,8
67311,75,84,-9,9
67312,47,58,-11,11
67313,53,65,-12,12
67314,75,88,-13,13
67315,77,94,-17,17
67316,133,135,-2,2
67317,66,74,-8,8
67318,122,122,0,0
67319,151,144,7,7
67320,95,110,-15,15
67321,70,83,-13,13
67322,66,72,-6,6
67323,101,99,2,2
67324,92,92,0,0
67325,94,91,3,3
67326,80,80,0,0
67327,86,92,-6,6
67328,99,95,4,4
67329,167,145,22,22
67330,104,98,6,6
67331,92,86,6,6
67332,82,95,-13,13
67333,93,92,1,1
67334,57,65,-8,8
67335,80,86,-6,6
67336,154,130,24,24
67337,92,91,1,1
67338,121,106,15,15
67339,90,98,-8,8
67340,94,96,-2,2
67341,100,100,0,0
67342,55,69,-14,14
67343,179,167,12,12
67344,157,137,20,20
67345,58,78,-20,20
67346,94,106,-12,12
67347,85,86,-1,1
67348,55,71,-16,16
67349,72,70,2,2
67350,114,109,5,5
67351,99,99,0,0
67352,75,75,0,0
67353,45,53,-8,8
67354,58,64,-6,6
67355,110,107,3,3
67356,69,80,-11,11
67357,68,74,-6,6
67358,102,97,5,5
67359,77,87,-10,10
67360,85,87,-2,2
67361,112,113,-1,1
67362,40,53,-13,13
67363,73,82,-9,9
67364,76,85,-9,9
67365,65,73,-8,8
67366,72,92,-20,20
67367,89,111,-22,22
67368,110,113,-3,3
67369,91,93,-2,2
67370,59,89,-30,30
67371,90,86,4,4
67372,84,90,-6,6
67373,130,120,10,10
67374,63,68,-5,5
67375,63,72,-9,9
67376,87,87,0,0
67377,106,116,-10,10
67378,145,130,15,15
67379,128,127,1,1
67380,81,86,-5,5
67381,111,99,12,12
67382,76,86,-10,10
67383,53,70,-17,17
67384,82,84,-2,2
67385,100,99,1,1
67386,74,89,-15,15
67387,105,106,-1,1
67388,58,67,-9,9
67389,102,104,-2,2
67390,113,105,8,8
67391,99,102,-3,3
67392,113,108,5,5
67393,55,66,-11,11
67394,98,91,7,7
67395,108,113,-5,5
67396,54,62,-8,8
67397,99,97,2,2
67398,78,83,-5,5
67399,68,64,4,4
67400,45,55,-10,10
67401,71,81,-10,10
67402,216,163,53,53
67403,103,100,3,3
67404,77,84,-7,7
67405,64,72,-8,8
67406,108,108,0,0
67407,106,91,15,15
67408,124,107,17,17
67409,71,78,-7,7
67410,91,85,6,6
67411,80,88,-8,8
67412,122,120,2,2
67413,105,104,1,1
67414,80,85,-5,5
67415,142,120,22,22
67416,64,93,-29,29
67417,95,82,13,13
67418,112,120,-8,8
67419,83,82,1,1
67420,147,135,12,12
67421,47,60,-13,13
67422,80,87,-7,7
67423,104,109,-5,5
67424,71,80,-9,9
67425,67,71,-4,4
67426,69,80,-11,11
67427,82,86,-4,4
67428,85,86,-1,1
67429,144,136,8,8
67430,81,87,-6,6
67431,141,136,5,5
67432,86,86,0,0
67433,176,167,9,9
67434,74,73,1,1
67435,91,91,0,0
67436,102,88,14,14
67437,74,75,-1,1
67438,97,95,2,2
67439,60,71,-11,11
67440,97,98,-1,1
67441,119,118,1,1
67442,97,100,-3,3
67443,70,79,-9,9
67444,102,95,7,7
67445,61,74,-13,13
67446,86,80,6,6
67447,45,57,-12,12
67448,51,62,-11,11
67449,130,129,1,1
67450,74,84,-10,10
67451,78,86,-8,8
67452,163,154,9,9
67453,52,69,-17,17
67454,99,103,-4,4
67455,84,92,-8,8
67456,109,102,7,7
67457,84,86,-2,2
67458,88,98,-10,10
67459,117,111,6,6
67460,186,165,21,21
67461,55,63,-8,8
67462,65,83,-18,18
67463,119,129,-10,10
67464,71,78,-7,7
67465,87,84,3,3
67466,51,66,-15,15
67467,46,59,-13,13
67468,61,69,-8,8
67469,103,98,5,5
67470,84,85,-1,1
67471,56,68,-12,12
67472,73,81,-8,8
67473,84,84,0,0
67474,127,112,15,15
67475,178,171,7,7
67476,71,80,-9,9
67477,107,102,5,5
67478,111,102,9,9
67479,69,78,-9,9
67480,94,97,-3,3
67481,45,62,-17,17
67482,94,100,-6,6
67483,120,120,0,0
67484,63,75,-12,12
67485,78,78,0,0
67486,40,57,-17,17
67487,114,106,8,8
67488,112,105,7,7
67489,152,142,10,10
67490,184,151,33,33
67491,84,85,-1,1
67492,122,114,8,8
67493,108,100,8,8
67494,64,73,-9,9
67495,114,109,5,5
67496,143,138,5,5
67497,97,91,6,6
67498,99,97,2,2
67499,145,146,-1,1
67500,63,72,-9,9
67501,111,113,-2,2
67502,68,79,-11,11
67503,108,118,-10,10
67504,94,87,7,7
67505,77,82,-5,5
67506,49,65,-16,16
67507,82,84,-2,2
67508,66,72,-6,6
67509,74,75,-1,1
67510,142,143,-1,1
67511,82,89,-7,7
67512,87,87,0,0
67513,78,85,-7,7
67514,58,70,-12,12
67515,108,105,3,3
67516,50,86,-36,36
67517,170,155,15,15
67518,74,82,-8,8
67519,102,103,-1,1
67520,95,96,-1,1
67521,90,86,4,4
67522,118,113,5,5
67523,70,74,-4,4
67524,111,108,3,3
67525,96,104,-8,8
67526,81,84,-3,3
67527,110,103,7,7
67528,94,91,3,3
67529,99,105,-6,6
67530,107,107,0,0
67531,129,130,-1,1
67532,135,120,15,15
67533,123,112,11,11
67534,67,75,-8,8
67535,79,85,-6,6
67536,91,98,-7,7
67537,72,77,-5,5
67538,150,149,1,1
67539,117,123,-6,6
67540,60,73,-13,13
67541,102,106,-4,4
67542,32,56,-24,24
67543,65,73,-8,8
67544,163,148,15,15
67545,99,97,2,2
67546,76,80,-4,4
67547,146,128,18,18
67548,137,124,13,13
67549,131,126,5,5
67550,152,137,15,15
67551,93,107,-14,14
67552,78,82,-4,4
67553,83,83,0,0
67554,109,97,12,12
67555,134,137,-3,3
67556,56,78,-22,22
67557,82,83,-1,1
67558,50,53,-3,3
67559,104,102,2,2
67560,78,85,-7,7
67561,60,69,-9,9
67562,137,123,14,14
67563,64,68,-4,4
67564,144,139,5,5
67565,49,60,-11,11
67566,104,101,3,3
67567,66,73,-7,7
67568,71,76,-5,5
67569,128,119,9,9
67570,84,105,-21,21
67571,141,138,3,3
67572,97,92,5,5
67573,52,60,-8,8
67574,74,78,-4,4
67575,98,117,-19,19
67576,71,75,-4,4
67577,56,65,-9,9
67578,71,82,-11,11
67579,123,116,7,7
67580,146,124,22,22
67581,77,83,-6,6
67582,68,78,-10,10
67583,110,97,13,13
67584,85,87,-2,2
67585,162,125,37,37
67586,105,98,7,7
67587,68,74,-6,6
67588,100,91,9,9
67589,103,99,4,4
67590,121,109,12,12
67591,96,90,6,6
67592,199,165,34,34
67593,83,87,-4,4
67594,91,94,-3,3
67595,61,72,-11,11
67596,103,107,-4,4
67597,95,97,-2,2
67598,68,76,-8,8
67599,94,92,2,2
67600,54,65,-11,11
67601,160,130,30,30
67602,123,110,13,13
67603,154,134,20,20
67604,48,63,-15,15
67605,66,76,-10,10
67606,81,84,-3,3
67607,56,68,-12,12
67608,160,138,22,22
67609,121,146,-25,25
67610,103,93,10,10
67611,126,118,8,8
67612,82,83,-1,1
67613,63,80,-17,17
67614,88,91,-3,3
67615,111,118,-7,7
67616,139,129,10,10
67617,103,100,3,3
67618,74,82,-8,8
67619,133,121,12,12
67620,49,63,-14,14
67621,93,93,0,0
67622,86,90,-4,4
67623,77,76,1,1
67624,56,76,-20,20
67625,66,70,-4,4
67626,132,122,10,10
67627,149,128,21,21
67628,39,49,-10,10
67629,117,113,4,4
67630,98,97,1,1
67631,59,67,-8,8
67632,146,139,7,7
67633,106,96,10,10
67634,63,75,-12,12
67635,90,93,-3,3
67636,73,81,-8,8
67637,80,82,-2,2
67638,89,89,0,0
67639,88,90,-2,2
67640,51,60,-9,9
67641,85,86,-1,1
67642,106,122,-16,16
67643,136,124,12,12
67644,46,58,-12,12
67645,107,110,-3,3
67646,154,149,5,5
67647,109,108,1,1
67648,79,81,-2,2
67649,94,84,10,10
67650,64,72,-8,8
67651,63,68,-5,5
67652,62,67,-5,5
67653,58,68,-10,10
67654,48,60,-12,12
67655,67,77,-10,10
67656,74,77,-3,3
67657,94,93,1,1
67658,75,78,-3,3
67659,158,138,20,20
67660,134,122,12,12
67661,189,164,25,25
67662,62,75,-13,13
67663,73,78,-5,5
67664,89,95,-6,6
67665,42,52,-10,10
67666,129,118,11,11
67667,65,81,-16,16
67668,49,62,-13,13
67669,163,147,16,16
67670,93,94,-1,1
67671,185,163,22,22
67672,91,93,-2,2
67673,43,56,-13,13
67674,163,155,8,8
67675,65,75,-10,10
67676,49,49,0,0
67677,62,70,-8,8
67678,123,128,-5,5
67679,78,84,-6,6
67680,144,129,15,15
67681,75,103,-28,28
67682,83,84,-1,1
67683,122,108,14,14
67684,92,94,-2,2
67685,101,100,1,1
67686,75,91,-16,16
67687,130,114,16,16
67688,160,146,14,14
67689,58,69,-11,11
67690,154,142,12,12
67691,101,97,4,4
67692,54,71,-17,17
67693,177,163,14,14
67694,198,172,26,26
67695,98,104,-6,6
67696,87,100,-13,13
67697,116,114,2,2
67698,63,68,-5,5
67699,95,92,3,3
67700,57,63,-6,6
67701,64,67,-3,3
67702,69,68,1,1
67703,79,83,-4,4
67704,89,102,-13,13
67705,53,64,-11,11
67706,94,99,-5,5
67707,85,97,-12,12
67708,85,88,-3,3
67709,80,94,-14,14
67710,80,94,-14,14
67711,95,92,3,3
67712,95,93,2,2
67713,72,80,-8,8
67714,59,70,-11,11
67715,122,106,16,16
67716,76,79,-3,3
67717,103,94,9,9
67718,80,87,-7,7
67719,84,88,-4,4
67720,108,105,3,3
67721,94,94,0,0
67722,128,122,6,6
67723,121,119,2,2
67724,156,134,22,22
67725,120,113,7,7
67726,97,98,-1,1
67727,87,99,-12,12
67728,116,108,8,8
67729,48,57,-9,9
67730,139,130,9,9
67731,93,90,3,3
67732,184,177,7,7
67733,62,67,-5,5
67734,116,120,-4,4
67735,114,104,10,10
67736,104,99,5,5
67737,94,103,-9,9
67738,169,155,14,14
67739,89,96,-7,7
67740,91,98,-7,7
67741,97,101,-4,4
67742,111,110,1,1
67743,69,74,-5,5
67744,120,111,9,9
67745,105,120,-15,15
67746,99,99,0,0
67747,37,73,-36,36
67748,105,95,10,10
67749,69,77,-8,8
67750,67,73,-6,6
67751,31,46,-15,15
67752,60,72,-12,12
67753,90,96,-6,6
67754,74,78,-4,4
67755,123,115,8,8
67756,97,99,-2,2
67757,55,61,-6,6
67758,127,120,7,7
67759,122,119,3,3
67760,103,105,-2,2
67761,141,133,8,8
67762,67,73,-6,6
67763,113,118,-5,5
67764,135,131,4,4
67765,203,176,27,27
67766,88,92,-4,4
67767,94,103,-9,9
67768,103,102,1,1
67769,86,89,-3,3
67770,143,139,4,4
67771,52,60,-8,8
67772,75,87,-12,12
67773,114,118,-4,4
67774,92,89,3,3
67775,113,108,5,5
67776,123,120,3,3
67777,68,81,-13,13
67778,86,98,-12,12
67779,27,40,-13,13
67780,126,124,2,2
67781,89,88,1,1
67782,113,102,11,11
67783,106,100,6,6
67784,90,88,2,2
67785,82,80,2,2
67786,88,94,-6,6
67787,97,95,2,2
67788,141,126,15,15
67789,123,109,14,14
67790,188,185,3,3
67791,108,109,-1,1
67792,73,77,-4,4
67793,104,105,-1,1
67794,87,93,-6,6
67795,78,86,-8,8
67796,75,77,-2,2
67797,153,138,15,15
67798,74,74,0,0
67799,129,116,13,13
67800,117,109,8,8
67801,82,88,-6,6
67802,103,101,2,2
67803,93,84,9,9
67804,89,93,-4,4
67805,44,61,-17,17
67806,76,81,-5,5
67807,79,96,-17,17
67808,87,92,-5,5
67809,38,51,-13,13
67810,120,119,1,1
67811,88,93,-5,5
67812,155,133,22,22
67813,120,107,13,13
67814,89,89,0,0
67815,100,95,5,5
67816,66,71,-5,5
67817,85,95,-10,10
67818,90,82,8,8
67819,126,120,6,6
67820,153,127,26,26
67821,83,85,-2,2
67822,113,105,8,8
67823,88,95,-7,7
67824,152,148,4,4
67825,104,98,6,6
67826,75,77,-2,2
67827,48,57,-9,9
67828,127,119,8,8
67829,79,80,-1,1
67830,117,114,3,3
67831,63,74,-11,11
67832,113,118,-5,5
67833,143,151,-8,8
67834,110,106,4,4
67835,75,91,-16,16
67836,48,62,-14,14
67837,64,94,-30,30
67838,99,100,-1,1
67839,91,92,-1,1
67840,111,102,9,9
67841,89,91,-2,2
67842,141,131,10,10
67843,101,95,6,6
67844,74,79,-5,5
67845,124,108,16,16
67846,115,121,-6,6
67847,94,102,-8,8
67848,110,114,-4,4
67849,70,78,-8,8
67850,89,97,-8,8
67851,53,64,-11,11
67852,85,95,-10,10
67853,166,146,20,20
67854,77,78,-1,1
67855,76,77,-1,1
67856,137,140,-3,3
67857,79,90,-11,11
67858,144,119,25,25
67859,57,58,-1,1
67860,102,102,0,0
67861,77,83,-6,6
67862,105,112,-7,7
67863,99,95,4,4
67864,40,53,-13,13
67865,96,95,1,1
67866,99,101,-2,2
67867,69,73,-4,4
67868,111,102,9,9
67869,119,122,-3,3
67870,152,140,12,12
67871,138,127,11,11
67872,146,149,-3,3
67873,79,100,-21,21
67874,113,106,7,7
67875,65,78,-13,13
67876,135,119,16,16
67877,58,53,5,5
67878,68,81,-13,13
67879,103,96,7,7
67880,110,113,-3,3
67881,57,67,-10,10
67882,191,168,23,23
67883,87,85,2,2
67884,130,118,12,12
67885,94,95,-1,1
67886,101,108,-7,7
67887,52,57,-5,5
67888,134,128,6,6
67889,75,78,-3,3
67890,91,96,-5,5
67891,109,107,2,2
67892,96,94,2,2
67893,55,65,-10,10
67894,114,107,7,7
67895,159,144,15,15
67896,74,78,-4,4
67897,89,97,-8,8
67898,45,61,-16,16
67899,50,76,-26,26
67900,78,80,-2,2
67901,136,137,-1,1
67902,81,83,-2,2
67903,104,95,9,9
67904,42,56,-14,14
67905,45,56,-11,11
67906,91,82,9,9
67907,81,84,-3,3
67908,73,80,-7,7
67909,163,146,17,17
67910,62,68,-6,6
67911,62,85,-23,23
67912,117,104,13,13
67913,91,97,-6,6
67914,81,93,-12,12
67915,183,152,31,31
67916,115,116,-1,1
67917,45,54,-9,9
67918,67,76,-9,9
67919,73,77,-4,4
67920,115,116,-1,1
67921,143,130,13,13
67922,122,111,11,11
67923,158,134,24,24
67924,132,124,8,8
67925,56,68,-12,12
67926,138,133,5,5
67927,128,117,11,11
67928,170,149,21,21
67929,101,97,4,4
67930,147,135,12,12
67931,116,119,-3,3
67932,97,116,-19,19
67933,116,119,-3,3
67934,73,78,-5,5
67935,58,62,-4,4
67936,99,95,4,4
67937,148,145,3,3
67938,56,64,-8,8
67939,144,141,3,3
67940,73,76,-3,3
67941,124,128,-4,4
67942,58,89,-31,31
67943,72,80,-8,8
67944,57,64,-7,7
67945,77,74,3,3
67946,93,95,-2,2
67947,136,125,11,11
67948,56,67,-11,11
67949,106,97,9,9
67950,68,71,-3,3
67951,107,105,2,2
67952,137,126,11,11
67953,51,62,-11,11
67954,161,152,9,9
67955,75,79,-4,4
67956,207,174,33,33
67957,134,137,-3,3
67958,139,134,5,5
67959,85,89,-4,4
67960,64,73,-9,9
67961,57,68,-11,11
67962,87,91,-4,4
67963,143,132,11,11
67964,89,93,-4,4
67965,78,81,-3,3
67966,73,95,-22,22
67967,188,185,3,3
67968,115,100,15,15
67969,119,97,22,22
67970,74,83,-9,9
67971,96,101,-5,5
67972,64,72,-8,8
67973,117,114,3,3
67974,127,125,2,2
67975,70,81,-11,11
67976,97,105,-8,8
67977,163,157,6,6
67978,143,127,16,16
67979,69,82,-13,13
67980,98,105,-7,7
67981,87,89,-2,2
67982,100,100,0,0
67983,111,120,-9,9
67984,129,130,-1,1
67985,94,86,8,8
67986,124,119,5,5
67987,70,82,-12,12
67988,64,71,-7,7
67989,131,120,11,11
67990,81,93,-12,12
67991,121,110,11,11
67992,139,126,13,13
67993,49,62,-13,13
67994,54,68,-14,14
67995,109,110,-1,1
67996,71,81,-10,10
67997,124,111,13,13
67998,110,100,10,10
67999,103,107,-4,4
68000,104,114,-10,10
68001,95,114,-19,19
68002,85,80,5,5
68003,83,81,2,2
68004,111,116,-5,5
68005,68,65,3,3
68006,76,78,-2,2
68007,47,58,-11,11
68008,143,127,16,16
68009,64,72,-8,8
68010,102,101,1,1
68011,77,84,-7,7
68012,52,69,-17,17
68013,52,64,-12,12
68014,75,83,-8,8
68015,83,88,-5,5
68016,70,73,-3,3
68017,44,57,-13,13
68018,41,55,-14,14
68019,77,79,-2,2
68020,53,60,-7,7
68021,132,128,4,4
68022,112,103,9,9
68023,81,82,-1,1
68024,85,86,-1,1
68025,90,95,-5,5
68026,51,63,-12,12
68027,55,68,-13,13
68028,45,74,-29,29
68029,52,62,-10,10
68030,98,99,-1,1
68031,72,76,-4,4
68032,239,205,34,34
68033,123,108,15,15
68034,164,144,20,20
68035,75,80,-5,5
68036,145,137,8,8
68037,63,74,-11,11
68038,63,99,-36,36
68039,100,105,-5,5
68040,110,115,-5,5
68041,76,91,-15,15
68042,94,101,-7,7
68043,109,99,10,10
68044,59,76,-17,17
68045,140,145,-5,5
68046,83,83,0,0
68047,136,124,12,12
68048,50,63,-13,13
68049,85,84,1,1
68050,113,103,10,10
68051,49,66,-17,17
68052,98,88,10,10
68053,80,74,6,6
68054,95,97,-2,2
68055,129,127,2,2
68056,89,87,2,2
68057,115,108,7,7
68058,73,83,-10,10
68059,75,84,-9,9
68060,168,149,19,19
68061,52,65,-13,13
68062,76,77,-1,1
68063,104,101,3,3
68064,124,109,15,15
68065,113,116,-3,3
68066,80,80,0,0
68067,79,102,-23,23
68068,89,91,-2,2
68069,90,85,5,5
68070,46,62,-16,16
68071,80,79,1,1
68072,108,119,-11,11
68073,46,56,-10,10
68074,106,99,7,7
68075,139,131,8,8
68076,99,101,-2,2
68077,50,60,-10,10
68078,65,70,-5,5
68079,69,77,-8,8
68080,125,119,6,6
68081,97,96,1,1
68082,84,91,-7,7
68083,114,118,-4,4
68084,39,47,-8,8
68085,106,99,7,7
68086,88,94,-6,6
68087,80,88,-8,8
68088,178,158,20,20
68089,104,111,-7,7
68090,76,78,-2,2
68091,108,98,10,10
68092,82,94,-12,12
68093,44,53,-9,9
68094,67,71,-4,4
68095,69,80,-11,11
68096,69,71,-2,2
68097,112,105,7,7
68098,151,129,22,22
68099,47,58,-11,11
68100,70,75,-5,5
68101,86,86,0,0
68102,95,97,-2,2
68103,68,78,-10,10
68104,44,55,-11,11
68105,70,80,-10,10
68106,132,122,10,10
68107,66,75,-9,9
68108,104,100,4,4
68109,155,147,8,8
68110,136,128,8,8
68111,74,79,-5,5
68112,109,107,2,2
68113,88,95,-7,7
68114,156,156,0,0
68115,153,147,6,6
68116,83,79,4,4
68117,88,85,3,3
68118,167,168,-1,1
68119,44,55,-11,11
68120,124,108,16,16
68121,71,74,-3,3
68122,131,119,12,12
68123,94,92,2,2
68124,64,73,-9,9
68125,81,84,-3,3
68126,69,74,-5,5
68127,52,61,-9,9
68128,84,88,-4,4
68129,59,69,-10,10
68130,117,116,1,1
68131,115,106,9,9
68132,86,92,-6,6
68133,111,105,6,6
68134,69,80,-11,11
68135,119,110,9,9
68136,73,77,-4,4
68137,81,82,-1,1
68138,79,91,-12,12
68139,89,101,-12,12
68140,51,62,-11,11
68141,63,72,-9,9
68142,87,93,-6,6
68143,116,110,6,6
68144,115,105,10,10
68145,111,117,-6,6
68146,38,49,-11,11
68147,130,133,-3,3
68148,100,95,5,5
68149,60,63,-3,3
68150,91,87,4,4
68151,67,74,-7,7
68152,73,73,0,0
68153,152,144,8,8
68154,199,175,24,24
68155,156,142,14,14
68156,61,72,-11,11
68157,109,97,12,12
68158,69,78,-9,9
68159,87,91,-4,4
68160,65,73,-8,8
68161,83,89,-6,6
68162,94,96,-2,2
68163,104,92,12,12
68164,72,82,-10,10
68165,74,90,-16,16
68166,93,87,6,6
68167,88,88,0,0
68168,88,84,4,4
68169,75,88,-13,13
68170,102,103,-1,1
68171,72,78,-6,6
68172,95,86,9,9
68173,98,97,1,1
68174,86,89,-3,3
68175,91,105,-14,14
68176,67,73,-6,6
68177,73,81,-8,8
68178,129,127,2,2
68179,64,69,-5,5
68180,94,97,-3,3
68181,123,112,11,11
68182,89,92,-3,3
68183,45,61,-16,16
68184,95,96,-1,1
68185,77,81,-4,4
68186,61,73,-12,12
68187,151,148,3,3
68188,53,64,-11,11
68189,109,102,7,7
68190,84,91,-7,7
68191,86,94,-8,8
68192,105,103,2,2
68193,107,117,-10,10
68194,97,103,-6,6
68195,41,53,-12,12
68196,69,78,-9,9
68197,111,91,20,20
68198,40,54,-14,14
68199,140,132,8,8
68200,65,75,-10,10
68201,149,121,28,28
68202,46,54,-8,8
68203,103,103,0,0
68204,80,85,-5,5
68205,41,52,-11,11
68206,97,127,-30,30
68207,65,71,-6,6
68208,124,142,-18,18
68209,65,73,-8,8
68210,85,85,0,0
68211,151,142,9,9
68212,75,79,-4,4
68213,92,97,-5,5
68214,96,95,1,1
68215,120,121,-1,1
68216,71,75,-4,4
68217,77,82,-5,5
68218,84,94,-10,10
68219,100,107,-7,7
68220,105,116,-11,11
68221,123,113,10,10
68222,53,65,-12,12
68223,178,168,10,10
68224,99,99,0,0
68225,64,72,-8,8
68226,78,87,-9,9
68227,108,103,5,5
68228,77,81,-4,4
68229,157,143,14,14
68230,72,83,-11,11
68231,68,76,-8,8
68232,87,84,3,3
68233,70,80,-10,10
68234,52,63,-11,11
68235,85,82,3,3
68236,100,104,-4,4
68237,71,75,-4,4
68238,109,115,-6,6
68239,154,155,-1,1
68240,96,81,15,15
68241,78,91,-13,13
68242,82,95,-13,13
68243,114,110,4,4
68244,103,106,-3,3
68245,118,120,-2,2
68246,87,94,-7,7
68247,121,124,-3,3
68248,94,96,-2,2
68249,62,66,-4,4
68250,89,92,-3,3
68251,105,102,3,3
68252,85,83,2,2
68253,79,92,-13,13
68254,86,87,-1,1
68255,100,100,0,0
68256,104,99,5,5
68257,83,88,-5,5
68258,90,87,3,3
68259,112,123,-11,11
68260,69,78,-9,9
68261,121,103,18,18
68262,84,93,-9,9
68263,87,89,-2,2
68264,92,95,-3,3
68265,147,140,7,7
68266,86,92,-6,6
68267,89,86,3,3
68268,52,73,-21,21
68269,110,105,5,5
68270,145,134,11,11
68271,87,89,-2,2
68272,107,93,14,14
68273,145,119,26,26
68274,55,66,-11,11
68275,51,69,-18,18
68276,95,96,-1,1
68277,101,99,2,2
68278,72,74,-2,2
68279,90,88,2,2
68280,91,83,8,8
68281,94,99,-5,5
68282,60,72,-12,12
68283,59,65,-6,6
68284,96,90,6,6
68285,55,63,-8,8
68286,101,91,10,10
68287,95,100,-5,5
68288,113,107,6,6
68289,77,77,0,0
68290,114,122,-8,8
68291,101,107,-6,6
68292,100,105,-5,5
68293,64,73,-9,9
68294,100,95,5,5
68295,158,135,23,23
68296,81,86,-5,5
68297,62,71,-9,9
68298,136,125,11,11
68299,156,145,11,11
68300,160,144,16,16
68301,128,126,2,2
68302,49,58,-9,9
68303,135,122,13,13
68304,81,88,-7,7
68305,85,87,-2,2
68306,74,75,-1,1
68307,141,127,14,14
68308,98,97,1,1
68309,140,128,12,12
68310,102,96,6,6
68311,91,101,-10,10
68312,68,74,-6,6
68313,117,107,10,10
68314,57,63,-6,6
68315,70,80,-10,10
68316,203,163,40,40
68317,96,112,-16,16
68318,128,127,1,1
68319,81,80,1,1
68320,81,96,-15,15
68321,66,68,-2,2
68322,128,121,7,7
68323,150,137,13,13
68324,79,90,-11,11
68325,68,79,-11,11
68326,57,69,-12,12
68327,63,78,-15,15
68328,110,109,1,1
68329,84,85,-1,1
68330,84,79,5,5
68331,59,70,-11,11
68332,101,91,10,10
68333,73,81,-8,8
68334,82,89,-7,7
68335,163,150,13,13
68336,113,111,2,2
68337,95,84,11,11
68338,73,80,-7,7
68339,83,84,-1,1
68340,114,116,-2,2
68341,136,119,17,17
68342,86,93,-7,7
68343,81,84,-3,3
68344,108,114,-6,6
68345,149,146,3,3
68346,101,100,1,1
68347,78,86,-8,8
68348,126,114,12,12
68349,122,128,-6,6
68350,112,103,9,9
68351,67,71,-4,4
68352,62,69,-7,7
68353,112,113,-1,1
68354,171,150,21,21
68355,65,69,-4,4
68356,97,92,5,5
68357,43,56,-13,13
68358,71,69,2,2
68359,71,74,-3,3
68360,55,57,-2,2
68361,72,88,-16,16
68362,85,87,-2,2
68363,190,166,24,24
68364,97,98,-1,1
68365,100,100,0,0
68366,75,82,-7,7
68367,130,114,16,16
68368,60,68,-8,8
68369,105,102,3,3
68370,85,87,-2,2
68371,89,94,-5,5
68372,93,96,-3,3
68373,39,74,-35,35
68374,74,73,1,1
68375,148,146,2,2
68376,136,122,14,14
68377,61,78,-17,17
68378,181,162,19,19
68379,99,96,3,3
68380,165,149,16,16
68381,97,96,1,1
68382,116,108,8,8
68383,105,111,-6,6
68384,50,55,-5,5
68385,71,86,-15,15
68386,115,107,8,8
68387,61,64,-3,3
68388,101,105,-4,4
68389,80,84,-4,4
68390,100,104,-4,4
68391,79,94,-15,15
68392,121,116,5,5
68393,85,96,-11,11
68394,87,92,-5,5
68395,61,73,-12,12
68396,125,128,-3,3
68397,85,94,-9,9
68398,87,90,-3,3
68399,64,78,-14,14
68400,66,74,-8,8
68401,85,91,-6,6
68402,159,140,19,19
68403,132,133,-1,1
68404,96,98,-2,2
68405,100,108,-8,8
68406,76,78,-2,2
68407,117,119,-2,2
68408,101,113,-12,12
68409,86,92,-6,6
68410,117,109,8,8
68411,96,94,2,2
68412,55,68,-13,13
68413,145,128,17,17
68414,68,81,-13,13
68415,71,74,-3,3
68416,129,122,7,7
68417,121,119,2,2
68418,92,83,9,9
68419,57,66,-9,9
68420,50,56,-6,6
68421,56,68,-12,12
68422,52,64,-12,12
68423,61,68,-7,7
68424,164,149,15,15
68425,119,118,1,1
68426,85,83,2,2
68427,83,82,1,1
68428,149,139,10,10
68429,103,94,9,9
68430,61,49,12,12
68431,142,137,5,5
68432,80,89,-9,9
68433,49,63,-14,14
68434,109,101,8,8
68435,101,99,2,2
68436,77,84,-7,7
68437,160,159,1,1
68438,108,113,-5,5
68439,137,129,8,8
68440,125,120,5,5
68441,76,82,-6,6
68442,145,127,18,18
68443,86,94,-8,8
68444,131,121,10,10
68445,99,105,-6,6
68446,97,99,-2,2
68447,67,68,-1,1
68448,107,124,-17,17
68449,87,86,1,1
68450,104,103,1,1
68451,77,79,-2,2
68452,49,62,-13,13
68453,152,136,16,16
68454,138,129,9,9
68455,183,165,18,18
68456,53,65,-12,12
68457,100,98,2,2
68458,71,78,-7,7
68459,73,90,-17,17
68460,108,102,6,6
68461,85,94,-9,9
68462,72,79,-7,7
68463,92,93,-1,1
68464,127,121,6,6
68465,61,87,-26,26
68466,86,101,-15,15
68467,56,62,-6,6
68468,104,96,8,8
68469,86,90,-4,4
68470,142,139,3,3
68471,78,89,-11,11
68472,96,89,7,7
68473,75,86,-11,11
68474,88,89,-1,1
68475,69,76,-7,7
68476,62,71,-9,9
68477,107,105,2,2
68478,65,70,-5,5
68479,129,133,-4,4
68480,86,94,-8,8
68481,77,75,2,2
68482,115,100,15,15
68483,87,87,0,0
68484,32,41,-9,9
68485,80,91,-11,11
68486,107,102,5,5
68487,112,123,-11,11
68488,83,87,-4,4
68489,89,94,-5,5
68490,65,72,-7,7
68491,63,73,-10,10
68492,56,68,-12,12
68493,99,89,10,10
68494,88,92,-4,4
68495,130,127,3,3
68496,59,70,-11,11
68497,157,122,35,35
68498,94,105,-11,11
68499,94,94,0,0
68500,61,72,-11,11
68501,98,102,-4,4
68502,98,95,3,3
68503,108,99,9,9
68504,122,118,4,4
68505,115,113,2,2
68506,49,63,-14,14
68507,79,84,-5,5
68508,96,101,-5,5
68509,81,93,-12,12
68510,54,65,-11,11
68511,70,80,-10,10
68512,141,128,13,13
68513,113,180,-67,67
68514,110,123,-13,13
68515,75,85,-10,10
68516,85,96,-11,11
68517,85,83,2,2
68518,105,104,1,1
68519,62,74,-12,12
68520,39,55,-16,16
68521,83,88,-5,5
68522,103,99,4,4
68523,69,77,-8,8
68524,103,101,2,2
68525,82,82,0,0
68526,98,96,2,2
68527,134,122,12,12
68528,51,70,-19,19
68529,98,96,2,2
68530,58,69,-11,11
68531,66,80,-14,14
68532,66,72,-6,6
68533,139,123,16,16
68534,182,163,19,19
68535,118,128,-10,10
68536,69,71,-2,2
68537,61,75,-14,14
68538,101,95,6,6
68539,126,99,27,27
68540,87,90,-3,3
68541,53,65,-12,12
68542,83,81,2,2
68543,113,119,-6,6
68544,109,101,8,8
68545,60,69,-9,9
68546,113,113,0,0
68547,84,95,-11,11
68548,60,66,-6,6
68549,56,64,-8,8
68550,52,61,-9,9
68551,111,104,7,7
68552,74,83,-9,9
68553,57,66,-9,9
68554,72,77,-5,5
68555,77,83,-6,6
68556,93,93,0,0
68557,167,143,24,24
68558,64,72,-8,8
68559,97,94,3,3
68560,106,107,-1,1
68561,165,146,19,19
68562,86,105,-19,19
68563,146,129,17,17
68564,98,97,1,1
68565,88,91,-3,3
68566,89,92,-3,3
68567,99,97,2,2
68568,86,91,-5,5
68569,95,107,-12,12
68570,70,72,-2,2
68571,91,100,-9,9
68572,98,98,0,0
68573,92,93,-1,1
68574,103,100,3,3
68575,91,87,4,4
68576,58,77,-19,19
68577,61,72,-11,11
68578,53,63,-10,10
68579,83,85,-2,2
68580,56,66,-10,10
68581,84,89,-5,5
68582,73,87,-14,14
68583,73,77,-4,4
68584,81,84,-3,3
68585,69,76,-7,7
68586,71,80,-9,9
68587,107,113,-6,6
68588,111,108,3,3
68589,107,101,6,6
68590,115,99,16,16
68591,75,81,-6,6
68592,129,115,14,14
68593,94,94,0,0
68594,52,63,-11,11
68595,146,139,7,7
68596,99,102,-3,3
68597,93,108,-15,15
68598,57,68,-11,11
68599,102,110,-8,8
68600,58,71,-13,13
68601,95,130,-35,35
68602,92,93,-1,1
68603,99,95,4,4
68604,115,115,0,0
68605,77,80,-3,3
68606,176,167,9,9
68607,97,103,-6,6
68608,153,132,21,21
68609,74,77,-3,3
68610,182,156,26,26
68611,91,102,-11,11
68612,67,83,-16,16
68613,85,97,-12,12
68614,109,104,5,5
68615,113,105,8,8
68616,111,113,-2,2
68617,95,108,-13,13
68618,74,78,-4,4
68619,110,105,5,5
68620,58,62,-4,4
68621,135,124,11,11
68622,108,110,-2,2
68623,112,119,-7,7
68624,49,63,-14,14
68625,114,117,-3,3
68626,57,67,-10,10
68627,74,77,-3,3
68628,99,99,0,0
68629,96,94,2,2
68630,88,88,0,0
68631,79,91,-12,12
68632,82,75,7,7
68633,99,97,2,2
68634,116,110,6,6
68635,80,84,-4,4
68636,120,114,6,6
68637,70,72,-2,2
68638,74,78,-4,4
68639,55,73,-18,18
68640,97,95,2,2
68641,74,80,-6,6
68642,92,98,-6,6
68643,71,78,-7,7
68644,86,87,-1,1
68645,66,71,-5,5
68646,74,75,-1,1
68647,90,92,-2,2
68648,110,106,4,4
68649,94,96,-2,2
68650,101,98,3,3
68651,115,114,1,1
68652,91,96,-5,5
68653,102,102,0,0
68654,116,120,-4,4
68655,130,124,6,6
68656,45,61,-16,16
68657,77,83,-6,6
68658,117,124,-7,7
68659,109,107,2,2
68660,94,94,0,0
68661,130,121,9,9
68662,37,54,-17,17
68663,73,82,-9,9
68664,79,77,2,2
68665,80,92,-12,12
68666,143,122,21,21
68667,69,76,-7,7
68668,143,136,7,7
68669,105,105,0,0
68670,150,137,13,13
68671,94,93,1,1
68672,107,101,6,6
68673,64,71,-7,7
68674,154,129,25,25
68675,129,123,6,6
68676,118,114,4,4
68677,86,90,-4,4
68678,98,101,-3,3
68679,134,135,-1,1
68680,96,99,-3,3
68681,90,94,-4,4
68682,173,165,8,8
68683,83,89,-6,6
68684,168,157,11,11
68685,97,98,-1,1
68686,88,91,-3,3
68687,54,63,-9,9
68688,142,119,23,23
68689,152,136,16,16
68690,75,87,-12,12
68691,73,78,-5,5
68692,170,169,1,1
68693,82,87,-5,5
68694,103,111,-8,8
68695,135,122,13,13
68696,98,99,-1,1
68697,190,168,22,22
68698,110,97,13,13
68699,56,71,-15,15
68700,160,140,20,20
68701,86,101,-15,15
68702,105,104,1,1
68703,42,55,-13,13
68704,148,151,-3,3
68705,78,78,0,0
68706,108,108,0,0
68707,81,83,-2,2
68708,135,128,7,7
68709,84,95,-11,11
68710,115,108,7,7
68711,124,117,7,7
68712,67,81,-14,14
68713,97,97,0,0
68714,90,91,-1,1
68715,158,143,15,15
68716,162,147,15,15
68717,165,155,10,10
68718,76,82,-6,6
68719,174,163,11,11
68720,125,117,8,8
68721,155,145,10,10
68722,80,91,-11,11
68723,150,148,2,2
68724,54,60,-6,6
68725,119,105,14,14
68726,83,80,3,3
68727,56,69,-13,13
68728,69,82,-13,13
68729,94,99,-5,5
68730,103,108,-5,5
68731,120,113,7,7
68732,119,123,-4,4
68733,92,93,-1,1
68734,102,100,2,2
68735,75,79,-4,4
68736,64,71,-7,7
68737,175,155,20,20
68738,66,72,-6,6
68739,69,73,-4,4
68740,66,72,-6,6
68741,42,56,-14,14
68742,222,197,25,25
68743,161,149,12,12
68744,139,120,19,19
68745,88,92,-4,4
68746,81,80,1,1
68747,160,155,5,5
68748,100,104,-4,4
68749,64,77,-13,13
68750,26,31,-5,5
68751,126,119,7,7
68752,49,59,-10,10
68753,101,100,1,1
68754,78,79,-1,1
68755,82,85,-3,3
68756,68,74,-6,6
68757,90,95,-5,5
68758,78,81,-3,3
68759,114,117,-3,3
68760,160,145,15,15
68761,108,104,4,4
68762,93,96,-3,3
68763,52,61,-9,9
68764,142,131,11,11
68765,151,150,1,1
68766,118,120,-2,2
68767,90,91,-1,1
68768,103,96,7,7
68769,126,119,7,7
68770,121,118,3,3
68771,111,114,-3,3
68772,87,89,-2,2
68773,48,60,-12,12
68774,86,80,6,6
68775,60,106,-46,46
68776,162,136,26,26
68777,98,91,7,7
68778,134,124,10,10
68779,147,140,7,7
68780,113,117,-4,4
68781,79,80,-1,1
68782,76,76,0,0
68783,72,85,-13,13
68784,59,73,-14,14
68785,151,137,14,14
68786,114,108,6,6
68787,71,79,-8,8
68788,146,136,10,10
68789,83,84,-1,1
68790,65,70,-5,5
68791,60,65,-5,5
68792,113,99,14,14
68793,146,129,17,17
68794,103,106,-3,3
68795,123,112,11,11
68796,59,72,-13,13
68797,158,134,24,24
68798,114,102,12,12
68799,133,120,13,13
68800,151,137,14,14
68801,41,52,-11,11
68802,80,83,-3,3
68803,71,74,-3,3
68804,88,92,-4,4
68805,94,105,-11,11
68806,41,61,-20,20
68807,129,138,-9,9
68808,126,118,8,8
68809,132,113,19,19
68810,38,58,-20,20
68811,81,86,-5,5
68812,97,100,-3,3
68813,99,98,1,1
68814,159,150,9,9
68815,113,118,-5,5
68816,42,60,-18,18
68817,176,152,24,24
68818,96,88,8,8
68819,122,119,3,3
68820,134,133,1,1
68821,63,71,-8,8
68822,81,85,-4,4
68823,94,99,-5,5
68824,122,115,7,7
68825,99,91,8,8
68826,103,107,-4,4
68827,77,101,-24,24
68828,90,99,-9,9
68829,139,120,19,19
68830,74,74,0,0
68831,83,86,-3,3
68832,84,87,-3,3
68833,108,100,8,8
68834,80,88,-8,8
68835,117,116,1,1
68836,81,82,-1,1
68837,73,79,-6,6
68838,146,134,12,12
68839,83,88,-5,5
68840,71,75,-4,4
68841,99,107,-8,8
68842,52,60,-8,8
68843,97,106,-9,9
68844,80,81,-1,1
68845,112,109,3,3
68846,57,75,-18,18
68847,105,104,1,1
68848,145,143,2,2
68849,104,94,10,10
68850,94,90,4,4
68851,109,111,-2,2
68852,73,77,-4,4
68853,54,64,-10,10
68854,99,95,4,4
68855,204,179,25,25
68856,42,58,-16,16
68857,40,51,-11,11
68858,61,64,-3,3
68859,98,99,-1,1
68860,88,95,-7,7
68861,107,117,-10,10
68862,101,101,0,0
68863,156,141,15,15
68864,43,59,-16,16
68865,85,85,0,0
68866,130,119,11,11
68867,49,66,-17,17
68868,82,83,-1,1
68869,105,104,1,1
68870,141,148,-7,7
68871,124,124,0,0
68872,149,156,-7,7
68873,61,65,-4,4
68874,163,154,9,9
68875,94,99,-5,5
68876,64,78,-14,14
68877,129,137,-8,8
68878,71,80,-9,9
68879,95,102,-7,7
68880,106,111,-5,5
68881,103,87,16,16
68882,81,81,0,0
68883,89,85,4,4
68884,144,129,15,15
68885,64,77,-13,13
68886,37,118,-81,81
68887,87,83,4,4
68888,34,43,-9,9
68889,94,97,-3,3
68890,84,92,-8,8
68891,76,77,-1,1
68892,79,80,-1,1
68893,96,104,-8,8
68894,99,95,4,4
68895,102,101,1,1
68896,66,72,-6,6
68897,96,88,8,8
68898,75,81,-6,6
68899,98,93,5,5
68900,75,78,-3,3
68901,106,102,4,4
68902,85,87,-2,2
68903,104,115,-11,11
68904,83,91,-8,8
68905,92,95,-3,3
68906,110,122,-12,12
68907,89,104,-15,15
68908,148,133,15,15
68909,105,102,3,3
68910,90,85,5,5
68911,42,64,-22,22
68912,102,103,-1,1
68913,142,131,11,11
68914,122,118,4,4
68915,109,99,10,10
68916,101,106,-5,5
68917,89,99,-10,10
68918,118,119,-1,1
68919,146,132,14,14
68920,100,104,-4,4
68921,99,95,4,4
68922,62,67,-5,5
68923,84,81,3,3
68924,62,76,-14,14
68925,190,164,26,26
68926,105,109,-4,4
68927,101,99,2,2
68928,69,80,-11,11
68929,105,100,5,5
68930,135,131,4,4
68931,162,158,4,4
68932,96,98,-2,2
68933,80,79,1,1
68934,83,89,-6,6
68935,133,126,7,7
68936,77,80,-3,3
68937,130,121,9,9
68938,143,152,-9,9
68939,83,90,-7,7
68940,77,83,-6,6
68941,148,137,11,11
68942,88,85,3,3
68943,47,56,-9,9
68944,66,65,1,1
68945,54,74,-20,20
68946,97,95,2,2
68947,80,91,-11,11
68948,51,75,-24,24
68949,122,124,-2,2
68950,134,119,15,15
68951,152,144,8,8
68952,96,101,-5,5
68953,75,84,-9,9
68954,143,138,5,5
68955,164,153,11,11
68956,99,100,-1,1
68957,149,146,3,3
68958,126,116,10,10
68959,90,86,4,4
68960,102,103,-1,1
68961,18,40,-22,22
68962,103,133,-30,30
68963,130,120,10,10
68964,67,78,-11,11
68965,69,71,-2,2
68966,84,86,-2,2
68967,122,122,0,0
68968,103,97,6,6
68969,65,66,-1,1
68970,111,115,-4,4
68971,177,173,4,4
68972,64,70,-6,6
68973,159,153,6,6
68974,123,123,0,0
68975,67,75,-8,8
68976,138,140,-2,2
68977,88,96,-8,8
68978,94,107,-13,13
68979,114,105,9,9
68980,81,81,0,0
68981,68,72,-4,4
68982,214,187,27,27
68983,145,127,18,18
68984,54,66,-12,12
68985,100,96,4,4
68986,146,138,8,8
68987,213,180,33,33
68988,106,115,-9,9
68989,57,60,-3,3
68990,128,122,6,6
68991,97,98,-1,1
68992,90,99,-9,9
68993,102,100,2,2
68994,153,134,19,19
68995,84,87,-3,3
68996,27,41,-14,14
68997,51,59,-8,8
68998,73,81,-8,8
68999,86,85,1,1
69000,77,79,-2,2
69001,154,135,19,19
69002,107,102,5,5
69003,173,159,14,14
69004,80,86,-6,6
69005,92,94,-2,2
69006,86,88,-2,2
69007,70,78,-8,8
69008,116,120,-4,4
69009,79,82,-3,3
69010,101,101,0,0
69011,138,129,9,9
69012,125,109,16,16
69013,65,73,-8,8
69014,82,88,-6,6
69015,88,94,-6,6
69016,40,60,-20,20
69017,104,106,-2,2
69018,111,108,3,3
69019,81,84,-3,3
69020,67,83,-16,16
69021,91,99,-8,8
69022,135,129,6,6
69023,155,159,-4,4
69024,89,86,3,3
69025,58,74,-16,16
69026,137,127,10,10
69027,69,75,-6,6
69028,84,88,-4,4
69029,110,98,12,12
69030,68,96,-28,28
69031,126,112,14,14
69032,185,142,43,43
69033,64,65,-1,1
69034,119,113,6,6
69035,133,123,10,10
69036,96,93,3,3
69037,54,64,-10,10
69038,90,92,-2,2
69039,75,77,-2,2
69040,123,123,0,0
69041,91,94,-3,3
69042,114,111,3,3
69043,49,87,-38,38
69044,119,111,8,8
69045,78,79,-1,1
69046,105,101,4,4
69047,113,113,0,0
69048,75,78,-3,3
69049,162,153,9,9
69050,62,68,-6,6
69051,93,83,10,10
69052,67,72,-5,5
69053,118,118,0,0
69054,76,80,-4,4
69055,132,121,11,11
69056,43,56,-13,13
69057,69,80,-11,11
69058,99,101,-2,2
69059,81,82,-1,1
69060,103,101,2,2
69061,87,85,2,2
69062,88,86,2,2
69063,92,92,0,0
69064,102,96,6,6
69065,53,63,-10,10
69066,80,82,-2,2
69067,86,85,1,1
69068,107,109,-2,2
69069,165,161,4,4
69070,43,57,-14,14
69071,84,83,1,1
69072,129,122,7,7
69073,135,130,5,5
69074,32,70,-38,38
69075,49,67,-18,18
69076,91,94,-3,3
69077,72,80,-8,8
69078,85,86,-1,1
69079,75,85,-10,10
69080,95,113,-18,18
69081,132,122,10,10
69082,98,106,-8,8
69083,34,43,-9,9
69084,114,110,4,4
69085,104,98,6,6
69086,111,103,8,8
69087,59,64,-5,5
69088,38,56,-18,18
69089,45,54,-9,9
69090,160,164,-4,4
69091,87,90,-3,3
69092,78,88,-10,10
69093,180,141,39,39
69094,112,119,-7,7
69095,99,104,-5,5
69096,77,84,-7,7
69097,64,88,-24,24
69098,93,83,10,10
69099,135,147,-12,12
69100,80,85,-5,5
69101,105,93,12,12
69102,93,96,-3,3
69103,97,101,-4,4
69104,93,103,-10,10
69105,126,108,18,18
69106,100,97,3,3
69107,93,94,-1,1
69108,116,118,-2,2
69109,89,92,-3,3
69110,72,91,-19,19
69111,158,137,21,21
69112,107,94,13,13
69113,57,68,-11,11
69114,95,102,-7,7
69115,199,178,21,21
69116,98,98,0,0
69117,50,60,-10,10
69118,72,75,-3,3
69119,86,85,1,1
69120,36,37,-1,1
69121,77,73,4,4
69122,144,141,3,3
69123,101,118,-17,17
69124,141,137,4,4
69125,136,123,13,13
69126,81,82,-1,1
69127,96,117,-21,21
69128,92,94,-2,2
69129,37,55,-18,18
69130,117,119,-2,2
69131,96,95,1,1
69132,120,132,-12,12
69133,58,69,-11,11
69134,147,123,24,24
69135,60,71,-11,11
69136,85,84,1,1
69137,71,72,-1,1
69138,74,76,-2,2
69139,98,98,0,0
69140,59,66,-7,7
69141,77,83,-6,6
69142,77,86,-9,9
69143,76,83,-7,7
69144,52,65,-13,13
69145,116,109,7,7
69146,78,89,-11,11
69147,74,79,-5,5
69148,124,120,4,4
69149,58,62,-4,4
69150,86,86,0,0
69151,132,121,11,11
69152,108,98,10,10
69153,38,52,-14,14
69154,138,135,3,3
69155,74,79,-5,5
69156,73,80,-7,7
69157,95,86,9,9
69158,129,132,-3,3
69159,102,96,6,6
69160,112,107,5,5
69161,141,134,7,7
69162,76,80,-4,4
69163,142,133,9,9
69164,72,77,-5,5
69165,163,150,13,13
69166,122,118,4,4
69167,44,52,-8,8
69168,104,102,2,2
69169,72,87,-15,15
69170,60,64,-4,4
69171,69,73,-4,4
69172,113,106,7,7
69173,89,89,0,0
69174,42,55,-13,13
69175,146,138,8,8
69176,147,121,26,26
69177,132,141,-9,9
69178,107,100,7,7
69179,77,85,-8,8
69180,102,101,1,1
69181,153,132,21,21
69182,56,83,-27,27
69183,105,108,-3,3
69184,129,124,5,5
69185,99,95,4,4
69186,55,65,-10,10
69187,102,112,-10,10
69188,102,96,6,6
69189,111,111,0,0
69190,123,124,-1,1
69191,62,75,-13,13
69192,152,158,-6,6
69193,89,86,3,3
69194,94,91,3,3
69195,35,61,-26,26
69196,94,95,-1,1
69197,110,116,-6,6
69198,175,166,9,9
69199,105,98,7,7
69200,42,58,-16,16
69201,152,138,14,14
69202,149,133,16,16
69203,207,175,32,32
69204,152,150,2,2
69205,88,98,-10,10
69206,94,93,1,1
69207,76,75,1,1
69208,84,87,-3,3
69209,87,88,-1,1
69210,59,59,0,0
69211,112,107,5,5
69212,110,102,8,8
69213,136,115,21,21
69214,81,97,-16,16
69215,177,154,23,23
69216,120,121,-1,1
69217,86,88,-2,2
69218,57,68,-11,11
69219,100,87,13,13
69220,134,128,6,6
69221,75,77,-2,2
69222,88,88,0,0
69223,82,93,-11,11
69224,54,68,-14,14
69225,74,75,-1,1
69226,50,61,-11,11
69227,125,115,10,10
69228,85,91,-6,6
69229,148,138,10,10
69230,88,94,-6,6
69231,58,80,-22,22
69232,124,108,16,16
69233,129,125,4,4
69234,100,98,2,2
69235,76,81,-5,5
69236,86,85,1,1
69237,57,76,-19,19
69238,84,87,-3,3
69239,103,97,6,6
69240,87,89,-2,2
69241,114,116,-2,2
69242,58,69,-11,11
69243,100,95,5,5
69244,92,88,4,4
69245,78,85,-7,7
69246,73,88,-15,15
69247,73,76,-3,3
69248,106,106,0,0
69249,135,131,4,4
69250,95,108,-13,13
69251,75,83,-8,8
69252,116,122,-6,6
69253,58,65,-7,7
69254,135,123,12,12
69255,75,81,-6,6
69256,51,64,-13,13
69257,69,75,-6,6
69258,97,109,-12,12
69259,73,82,-9,9
69260,91,97,-6,6
69261,156,146,10,10
69262,67,79,-12,12
69263,77,80,-3,3
69264,133,133,0,0
69265,129,140,-11,11
69266,110,106,4,4
69267,121,131,-10,10
69268,150,140,10,10
69269,89,90,-1,1
69270,71,84,-13,13
69271,119,106,13,13
69272,70,84,-14,14
69273,121,125,-4,4
69274,116,119,-3,3
69275,123,126,-3,3
69276,95,92,3,3
69277,70,73,-3,3
69278,111,96,15,15
69279,113,107,6,6
69280,92,84,8,8
69281,52,66,-14,14
69282,114,110,4,4
69283,106,103,3,3
69284,102,117,-15,15
69285,72,85,-13,13
69286,134,118,16,16
69287,101,99,2,2
69288,134,120,14,14
69289,111,111,0,0
69290,99,98,1,1
69291,98,94,4,4
69292,94,98,-4,4
69293,44,56,-12,12
69294,92,98,-6,6
69295,81,82,-1,1
69296,74,80,-6,6
69297,51,59,-8,8
69298,135,130,5,5
69299,34,52,-18,18
69300,151,145,6,6
69301,64,71,-7,7
69302,105,109,-4,4
69303,117,101,16,16
69304,88,91,-3,3
69305,100,101,-1,1
69306,88,87,1,1
69307,84,89,-5,5
69308,189,175,14,14
69309,45,60,-15,15
69310,64,75,-11,11
69311,94,95,-1,1
69312,199,174,25,25
69313,80,80,0,0
69314,105,108,-3,3
69315,112,106,6,6
69316,59,52,7,7
69317,54,67,-13,13
69318,123,115,8,8
69319,59,70,-11,11
69320,186,167,19,19
69321,110,108,2,2
69322,117,106,11,11
69323,82,86,-4,4
69324,202,166,36,36
69325,129,114,15,15
69326,91,94,-3,3
69327,131,108,23,23
69328,117,106,11,11
69329,82,79,3,3
69330,78,91,-13,13
69331,129,124,5,5
69332,46,52,-6,6
69333,122,123,-1,1
69334,124,113,11,11
69335,186,183,3,3
69336,103,100,3,3
69337,112,117,-5,5
69338,135,134,1,1
69339,68,78,-10,10
69340,110,109,1,1
69341,57,65,-8,8
69342,144,134,10,10
69343,115,102,13,13
69344,143,134,9,9
69345,75,88,-13,13
69346,69,72,-3,3
69347,140,122,18,18
69348,93,100,-7,7
69349,74,78,-4,4
69350,165,155,10,10
69351,77,85,-8,8
69352,57,68,-11,11
69353,87,102,-15,15
69354,123,123,0,0
69355,78,87,-9,9
69356,120,119,1,1
69357,100,100,0,0
69358,112,111,1,1
69359,87,93,-6,6
69360,98,88,10,10
69361,106,104,2,2
69362,91,99,-8,8
69363,107,107,0,0
69364,67,70,-3,3
69365,125,121,4,4
69366,61,62,-1,1
69367,96,100,-4,4
69368,73,78,-5,5
69369,70,75,-5,5
69370,89,85,4,4
69371,114,109,5,5
69372,74,84,-10,10
69373,133,115,18,18
69374,107,113,-6,6
69375,91,92,-1,1
69376,83,81,2,2
69377,76,77,-1,1
69378,75,85,-10,10
69379,83,84,-1,1
69380,62,69,-7,7
69381,71,84,-13,13
69382,40,53,-13,13
69383,131,120,11,11
69384,138,136,2,2
69385,43,59,-16,16
69386,76,88,-12,12
69387,128,148,-20,20
69388,62,71,-9,9
69389,128,119,9,9
69390,79,87,-8,8
69391,140,126,14,14
69392,94,103,-9,9
69393,96,98,-2,2
69394,43,52,-9,9
69395,159,146,13,13
69396,62,65,-3,3
69397,131,122,9,9
69398,65,73,-8,8
69399,63,75,-12,12
69400,116,123,-7,7
69401,65,85,-20,20
69402,70,74,-4,4
69403,56,67,-11,11
69404,95,96,-1,1
69405,120,111,9,9
69406,93,99,-6,6
69407,92,93,-1,1
69408,101,95,6,6
69409,106,107,-1,1
69410,151,138,13,13
69411,98,96,2,2
69412,63,70,-7,7
69413,120,120,0,0
69414,93,93,0,0
69415,89,89,0,0
69416,47,60,-13,13
69417,92,96,-4,4
69418,95,91,4,4
69419,90,85,5,5
69420,116,106,10,10
69421,88,92,-4,4
69422,107,114,-7,7
69423,168,171,-3,3
69424,49,58,-9,9
69425,111,105,6,6
69426,76,84,-8,8
69427,89,91,-2,2
69428,72,80,-8,8
69429,131,127,4,4
69430,61,80,-19,19
69431,106,100,6,6
69432,65,75,-10,10
69433,76,83,-7,7
69434,62,96,-34,34
69435,63,69,-6,6
69436,77,79,-2,2
69437,120,108,12,12
69438,109,109,0,0
69439,93,93,0,0
69440,66,72,-6,6
69441,72,73,-1,1
69442,94,90,4,4
69443,143,124,19,19
69444,75,83,-8,8
69445,99,99,0,0
69446,112,114,-2,2
69447,66,74,-8,8
69448,72,73,-1,1
69449,46,63,-17,17
69450,100,101,-1,1
69451,89,85,4,4
69452,101,100,1,1
69453,63,67,-4,4
69454,108,106,2,2
69455,89,94,-5,5
69456,101,100,1,1
69457,94,93,1,1
69458,73,79,-6,6
69459,148,119,29,29
69460,142,131,11,11
69461,92,93,-1,1
69462,151,137,14,14
69463,119,117,2,2
69464,61,72,-11,11
69465,124,123,1,1
69466,46,61,-15,15
69467,67,85,-18,18
69468,46,72,-26,26
69469,81,80,1,1
69470,104,106,-2,2
69471,47,60,-13,13
69472,88,92,-4,4
69473,115,90,25,25
69474,92,110,-18,18
69475,100,88,12,12
69476,141,133,8,8
69477,107,106,1,1
69478,127,111,16,16
69479,117,123,-6,6
69480,72,77,-5,5
69481,81,88,-7,7
69482,100,126,-26,26
69483,84,103,-19,19
69484,70,73,-3,3
69485,152,136,16,16
69486,32,51,-19,19
69487,121,121,0,0
69488,69,75,-6,6
69489,63,73,-10,10
69490,76,82,-6,6
69491,81,88,-7,7
69492,106,102,4,4
69493,69,80,-11,11
69494,54,65,-11,11
69495,92,91,1,1
69496,61,72,-11,11
69497,141,124,17,17
69498,78,81,-3,3
69499,124,139,-15,15
69500,94,94,0,0
69501,66,76,-10,10
69502,156,151,5,5
69503,80,101,-21,21
69504,84,91,-7,7
69505,161,154,7,7
69506,106,99,7,7
69507,98,101,-3,3
69508,108,103,5,5
69509,109,102,7,7
69510,85,85,0,0
69511,74,89,-15,15
69512,74,79,-5,5
69513,88,101,-13,13
69514,128,120,8,8
69515,93,92,1,1
69516,140,134,6,6
69517,109,105,4,4
69518,58,65,-7,7
69519,73,72,1,1
69520,86,90,-4,4
69521,94,94,0,0
69522,332,291,41,41
69523,112,103,9,9
69524,48,58,-10,10
69525,73,82,-9,9
69526,116,112,4,4
69527,105,94,11,11
69528,65,72,-7,7
69529,108,103,5,5
69530,83,95,-12,12
69531,81,92,-11,11
69532,155,153,2,2
69533,110,98,12,12
69534,120,109,11,11
69535,92,88,4,4
69536,152,135,17,17
69537,131,131,0,0
69538,48,71,-23,23
69539,68,74,-6,6
69540,74,77,-3,3
69541,86,98,-12,12
69542,148,150,-2,2
69543,188,169,19,19
69544,79,90,-11,11
69545,125,119,6,6
69546,95,87,8,8
69547,63,67,-4,4
69548,78,78,0,0
69549,116,120,-4,4
69550,83,89,-6,6
69551,68,76,-8,8
69552,104,111,-7,7
69553,107,104,3,3
69554,93,91,2,2
69555,115,112,3,3
69556,105,92,13,13
69557,76,96,-20,20
69558,129,117,12,12
69559,53,60,-7,7
69560,78,92,-14,14
69561,108,104,4,4
69562,39,55,-16,16
69563,81,79,2,2
69564,122,123,-1,1
69565,74,77,-3,3
69566,63,72,-9,9
69567,115,110,5,5
69568,119,121,-2,2
69569,130,124,6,6
69570,103,124,-21,21
69571,107,110,-3,3
69572,69,82,-13,13
69573,130,119,11,11
69574,98,114,-16,16
69575,126,113,13,13
69576,119,105,14,14
69577,86,93,-7,7
69578,211,190,21,21
69579,82,86,-4,4
69580,64,69,-5,5
69581,96,84,12,12
69582,63,70,-7,7
69583,102,103,-1,1
69584,119,123,-4,4
69585,82,91,-9,9
69586,119,111,8,8
69587,64,71,-7,7
69588,48,57,-9,9
69589,140,130,10,10
69590,112,105,7,7
69591,93,105,-12,12
69592,88,92,-4,4
69593,93,94,-1,1
69594,60,65,-5,5
69595,66,73,-7,7
69596,48,58,-10,10
69597,101,95,6,6
69598,54,65,-11,11
69599,99,95,4,4
69600,81,84,-3,3
69601,155,139,16,16
69602,80,73,7,7
69603,69,77,-8,8
69604,65,81,-16,16
69605,81,92,-11,11
69606,100,103,-3,3
69607,89,98,-9,9
69608,86,92,-6,6
69609,107,111,-4,4
69610,61,72,-11,11
69611,59,64,-5,5
69612,51,65,-14,14
69613,147,143,4,4
69614,127,113,14,14
69615,130,132,-2,2
69616,53,59,-6,6
69617,117,97,20,20
69618,132,126,6,6
69619,119,114,5,5
69620,107,94,13,13
69621,79,95,-16,16
69622,157,149,8,8
69623,125,108,17,17
69624,60,70,-10,10
69625,79,76,3,3
69626,80,89,-9,9
69627,151,130,21,21
69628,109,103,6,6
69629,64,72,-8,8
69630,111,99,12,12
69631,44,63,-19,19
69632,95,86,9,9
69633,137,125,12,12
69634,121,101,20,20
69635,51,66,-15,15
69636,53,72,-19,19
69637,93,93,0,0
69638,91,97,-6,6
69639,125,112,13,13
69640,59,70,-11,11
69641,63,69,-6,6
69642,111,100,11,11
69643,117,119,-2,2
69644,74,77,-3,3
69645,117,118,-1,1
69646,65,71,-6,6
69647,100,95,5,5
69648,227,202,25,25
69649,145,165,-20,20
69650,82,88,-6,6
69651,93,82,11,11
69652,120,128,-8,8
69653,122,111,11,11
69654,121,113,8,8
69655,106,92,14,14
69656,95,102,-7,7
69657,71,77,-6,6
69658,64,78,-14,14
69659,103,102,1,1
69660,66,84,-18,18
69661,60,71,-11,11
69662,85,89,-4,4
69663,110,107,3,3
69664,109,108,1,1
69665,80,93,-13,13
69666,80,77,3,3
69667,147,144,3,3
69668,107,113,-6,6
69669,61,69,-8,8
69670,163,153,10,10
69671,60,67,-7,7
69672,85,86,-1,1
69673,152,156,-4,4
69674,90,92,-2,2
69675,81,82,-1,1
69676,76,77,-1,1
69677,95,93,2,2
69678,70,78,-8,8
69679,101,97,4,4
69680,65,69,-4,4
69681,78,89,-11,11
69682,94,97,-3,3
69683,69,75,-6,6
69684,161,155,6,6
69685,97,104,-7,7
69686,66,77,-11,11
69687,171,150,21,21
69688,93,86,7,7
69689,98,93,5,5
69690,101,104,-3,3
69691,97,98,-1,1
69692,74,82,-8,8
69693,88,81,7,7
69694,184,174,10,10
69695,74,83,-9,9
69696,65,81,-16,16
69697,193,169,24,24
69698,103,98,5,5
69699,57,68,-11,11
69700,113,129,-16,16
69701,145,163,-18,18
69702,60,70,-10,10
69703,128,134,-6,6
69704,89,91,-2,2
69705,80,85,-5,5
69706,79,78,1,1
69707,114,107,7,7
69708,200,181,19,19
69709,133,125,8,8
69710,114,106,8,8
69711,125,114,11,11
69712,82,84,-2,2
69713,90,85,5,5
69714,95,94,1,1
69715,140,139,1,1
69716,96,102,-6,6
69717,186,167,19,19
69718,89,100,-11,11
69719,57,67,-10,10
69720,76,83,-7,7
69721,64,70,-6,6
69722,138,126,12,12
69723,97,92,5,5
69724,95,104,-9,9
69725,157,150,7,7
69726,76,77,-1,1
69727,77,84,-7,7
69728,110,108,2,2
69729,191,169,22,22
69730,70,75,-5,5
69731,100,114,-14,14
69732,98,102,-4,4
69733,64,76,-12,12
69734,106,102,4,4
69735,95,97,-2,2
69736,70,87,-17,17
69737,132,117,15,15
69738,43,48,-5,5
69739,177,154,23,23
69740,59,67,-8,8
69741,42,57,-15,15
69742,40,49,-9,9
69743,82,35,47,47
69744,79,88,-9,9
69745,62,78,-16,16
69746,108,101,7,7
69747,103,110,-7,7
69748,92,93,-1,1
69749,63,72,-9,9
69750,65,75,-10,10
69751,144,141,3,3
69752,92,94,-2,2
69753,129,124,5,5
69754,137,134,3,3
69755,122,124,-2,2
69756,48,72,-24,24
69757,85,77,8,8
69758,90,96,-6,6
69759,82,79,3,3
69760,112,104,8,8
69761,85,89,-4,4
69762,91,87,4,4
69763,78,84,-6,6
69764,69,75,-6,6
69765,121,109,12,12
69766,68,79,-11,11
69767,131,127,4,4
69768,89,93,-4,4
69769,93,93,0,0
69770,54,58,-4,4
69771,136,132,4,4
69772,35,81,-46,46
69773,178,155,23,23
69774,105,100,5,5
69775,145,140,5,5
69776,75,86,-11,11
69777,117,104,13,13
69778,63,71,-8,8
69779,132,126,6,6
69780,100,101,-1,1
69781,67,74,-7,7
69782,47,62,-15,15
69783,128,115,13,13
69784,119,122,-3,3
69785,119,119,0,0
69786,93,84,9,9
69787,121,119,2,2
69788,79,79,0,0
69789,166,152,14,14
69790,87,83,4,4
69791,85,92,-7,7
69792,80,88,-8,8
69793,68,76,-8,8
69794,131,132,-1,1
69795,124,119,5,5
69796,146,145,1,1
69797,71,73,-2,2
69798,89,99,-10,10
69799,60,72,-12,12
69800,64,71,-7,7
69801,63,75,-12,12
69802,61,71,-10,10
69803,119,107,12,12
69804,83,93,-10,10
69805,96,98,-2,2
69806,116,131,-15,15
69807,122,117,5,5
69808,102,97,5,5
69809,85,92,-7,7
69810,129,129,0,0
69811,109,100,9,9
69812,41,53,-12,12
69813,95,100,-5,5
69814,131,108,23,23
69815,98,85,13,13
69816,105,99,6,6
69817,35,55,-20,20
69818,65,73,-8,8
69819,69,73,-4,4
69820,72,74,-2,2
69821,101,104,-3,3
69822,86,88,-2,2
69823,103,104,-1,1
69824,110,100,10,10
69825,77,77,0,0
69826,98,83,15,15
69827,107,101,6,6
69828,72,83,-11,11
69829,109,107,2,2
69830,68,70,-2,2
69831,64,66,-2,2
69832,158,148,10,10
69833,112,118,-6,6
69834,71,86,-15,15
69835,119,113,6,6
69836,63,72,-9,9
69837,66,73,-7,7
69838,90,88,2,2
69839,114,119,-5,5
69840,81,88,-7,7
69841,136,121,15,15
69842,92,93,-1,1
69843,46,70,-24,24
69844,48,60,-12,12
69845,99,92,7,7
69846,63,72,-9,9
69847,113,108,5,5
69848,77,82,-5,5
69849,95,106,-11,11
69850,95,95,0,0
69851,92,96,-4,4
69852,77,80,-3,3
69853,108,106,2,2
69854,80,83,-3,3
69855,106,105,1,1
69856,193,176,17,17
69857,138,122,16,16
69858,146,141,5,5
69859,146,143,3,3
69860,121,109,12,12
69861,134,119,15,15
69862,92,94,-2,2
69863,109,104,5,5
69864,94,100,-6,6
69865,96,103,-7,7
69866,105,118,-13,13
69867,124,122,2,2
69868,101,97,4,4
69869,63,78,-15,15
69870,91,95,-4,4
69871,75,88,-13,13
69872,89,100,-11,11
69873,134,128,6,6
69874,130,122,8,8
69875,71,85,-14,14
69876,152,145,7,7
69877,79,72,7,7
69878,82,78,4,4
69879,80,86,-6,6
69880,51,64,-13,13
69881,134,126,8,8
69882,120,104,16,16
69883,88,89,-1,1
69884,66,78,-12,12
69885,40,58,-18,18
69886,81,79,2,2
69887,125,113,12,12
69888,57,66,-9,9
69889,127,118,9,9
69890,70,72,-2,2
69891,144,104,40,40
69892,100,110,-10,10
69893,190,164,26,26
69894,79,83,-4,4
69895,95,81,14,14
69896,86,80,6,6
69897,75,67,8,8
69898,108,101,7,7
69899,74,79,-5,5
69900,110,119,-9,9
69901,121,112,9,9
69902,75,81,-6,6
69903,193,163,30,30
69904,102,99,3,3
69905,83,91,-8,8
69906,161,153,8,8
69907,43,62,-19,19
69908,157,168,-11,11
69909,152,153,-1,1
69910,166,149,17,17
69911,61,67,-6,6
69912,123,118,5,5
69913,77,74,3,3
69914,76,75,1,1
69915,103,107,-4,4
69916,73,76,-3,3
69917,94,99,-5,5
69918,71,82,-11,11
69919,69,87,-18,18
69920,46,56,-10,10
69921,59,66,-7,7
69922,109,100,9,9
69923,166,162,4,4
69924,65,72,-7,7
69925,97,94,3,3
69926,170,150,20,20
69927,76,86,-10,10
69928,79,84,-5,5
69929,84,94,-10,10
69930,36,45,-9,9
69931,149,143,6,6
69932,61,67,-6,6
69933,109,106,3,3
69934,160,136,24,24
69935,96,93,3,3
69936,139,137,2,2
69937,59,68,-9,9
69938,52,52,0,0
69939,148,132,16,16
69940,90,80,10,10
69941,68,68,0,0
69942,60,71,-11,11
69943,110,107,3,3
69944,80,98,-18,18
69945,37,48,-11,11
69946,75,89,-14,14
69947,62,76,-14,14
69948,66,73,-7,7
69949,99,105,-6,6
69950,105,101,4,4
69951,165,146,19,19
69952,164,151,13,13
69953,93,95,-2,2
69954,58,80,-22,22
69955,93,94,-1,1
69956,37,52,-15,15
69957,68,78,-10,10
69958,122,122,0,0
69959,36,47,-11,11
69960,109,107,2,2
69961,111,104,7,7
69962,39,53,-14,14
69963,139,129,10,10
69964,109,110,-1,1
69965,169,157,12,12
69966,138,132,6,6
69967,104,120,-16,16
69968,170,172,-2,2
69969,66,74,-8,8
69970,154,147,7,7
69971,46,61,-15,15
69972,136,121,15,15
69973,81,82,-1,1
69974,390,314,76,76
69975,88,89,-1,1
69976,66,82,-16,16
69977,69,76,-7,7
69978,48,63,-15,15
69979,136,122,14,14
69980,85,89,-4,4
69981,73,79,-6,6
69982,128,135,-7,7
69983,90,101,-11,11
69984,105,105,0,0
69985,127,119,8,8
69986,102,104,-2,2
69987,111,107,4,4
69988,110,99,11,11
69989,92,93,-1,1
69990,66,104,-38,38
69991,103,100,3,3
69992,111,104,7,7
69993,120,118,2,2
69994,96,99,-3,3
69995,141,133,8,8
69996,89,103,-14,14
69997,66,74,-8,8
69998,95,90,5,5
69999,83,93,-10,10
70000,62,68,-6,6
70001,136,132,4,4
70002,99,96,3,3
70003,78,79,-1,1
70004,79,90,-11,11
70005,86,85,1,1
70006,70,74,-4,4
70007,128,124,4,4
70008,100,87,13,13
70009,116,103,13,13
70010,165,171,-6,6
70011,125,119,6,6
70012,63,77,-14,14
70013,93,102,-9,9
70014,135,121,14,14
70015,61,67,-6,6
70016,55,72,-17,17
70017,95,92,3,3
70018,98,98,0,0
70019,54,64,-10,10
70020,85,90,-5,5
70021,96,93,3,3
70022,132,124,8,8
70023,81,90,-9,9
70024,57,68,-11,11
70025,71,73,-2,2
70026,92,93,-1,1
70027,99,89,10,10
70028,87,89,-2,2
70029,116,100,16,16
70030,46,61,-15,15
70031,29,30,-1,1
70032,163,162,1,1
70033,110,102,8,8
70034,68,75,-7,7
70035,62,68,-6,6
70036,60,63,-3,3
70037,91,98,-7,7
70038,35,48,-13,13
70039,61,74,-13,13
70040,101,91,10,10
70041,135,126,9,9
70042,169,161,8,8
70043,122,113,9,9
70044,182,164,18,18
70045,86,95,-9,9
70046,121,112,9,9
70047,65,69,-4,4
70048,84,88,-4,4
70049,98,93,5,5
70050,61,72,-11,11
70051,71,77,-6,6
70052,54,66,-12,12
70053,130,118,12,12
70054,47,60,-13,13
70055,78,81,-3,3
70056,83,79,4,4
70057,119,107,12,12
70058,86,82,4,4
70059,92,96,-4,4
70060,76,81,-5,5
70061,80,89,-9,9
70062,103,96,7,7
70063,113,109,4,4
70064,79,89,-10,10
70065,68,75,-7,7
70066,115,109,6,6
70067,62,73,-11,11
70068,107,118,-11,11
70069,115,106,9,9
70070,138,134,4,4
70071,115,119,-4,4
70072,117,104,13,13
70073,92,140,-48,48
70074,122,111,11,11
70075,54,65,-11,11
70076,76,83,-7,7
70077,96,95,1,1
70078,57,67,-10,10
70079,108,108,0,0
70080,104,107,-3,3
70081,107,106,1,1
70082,66,69,-3,3
70083,57,69,-12,12
70084,72,76,-4,4
70085,63,98,-35,35
70086,119,120,-1,1
70087,123,112,11,11
70088,86,88,-2,2
70089,121,103,18,18
70090,72,72,0,0
70091,70,77,-7,7
70092,84,79,5,5
70093,72,81,-9,9
70094,61,65,-4,4
70095,128,113,15,15
70096,90,96,-6,6
70097,138,147,-9,9
70098,80,85,-5,5
70099,134,104,30,30
70100,135,131,4,4
70101,108,102,6,6
70102,114,106,8,8
70103,87,89,-2,2
70104,29,57,-28,28
70105,84,88,-4,4
70106,139,135,4,4
70107,126,113,13,13
70108,61,66,-5,5
70109,22,30,-8,8
70110,61,77,-16,16
70111,74,86,-12,12
70112,120,114,6,6
70113,69,74,-5,5
70114,61,74,-13,13
70115,88,94,-6,6
70116,102,106,-4,4
70117,107,106,1,1
70118,103,100,3,3
70119,89,96,-7,7
70120,134,131,3,3
70121,52,71,-19,19
70122,63,93,-30,30
70123,116,107,9,9
70124,123,125,-2,2
70125,101,97,4,4
70126,58,68,-10,10
70127,95,97,-2,2
70128,66,72,-6,6
70129,69,74,-5,5
70130,107,102,5,5
70131,118,126,-8,8
70132,155,135,20,20
70133,75,79,-4,4
70134,103,95,8,8
70135,81,80,1,1
70136,94,95,-1,1
70137,64,70,-6,6
70138,135,126,9,9
70139,116,133,-17,17
70140,213,180,33,33
70141,87,92,-5,5
70142,109,122,-13,13
70143,149,140,9,9
70144,81,96,-15,15
70145,78,82,-4,4
70146,62,68,-6,6
70147,73,80,-7,7
70148,68,68,0,0
70149,103,84,19,19
70150,121,107,14,14
70151,165,149,16,16
70152,105,100,5,5
70153,71,71,0,0
70154,139,141,-2,2
70155,75,101,-26,26
70156,146,149,-3,3
70157,88,94,-6,6
70158,184,174,10,10
70159,122,109,13,13
70160,50,66,-16,16
70161,98,99,-1,1
70162,28,65,-37,37
70163,68,68,0,0
70164,34,45,-11,11
70165,88,82,6,6
70166,87,95,-8,8
70167,91,90,1,1
70168,97,95,2,2
70169,93,85,8,8
70170,46,56,-10,10
70171,63,70,-7,7
70172,54,67,-13,13
70173,68,77,-9,9
70174,100,114,-14,14
70175,51,61,-10,10
70176,92,97,-5,5
70177,111,110,1,1
70178,66,68,-2,2
70179,60,77,-17,17
70180,66,73,-7,7
70181,130,110,20,20
70182,125,111,14,14
70183,134,133,1,1
70184,139,135,4,4
70185,105,108,-3,3
70186,70,77,-7,7
70187,106,100,6,6
70188,146,128,18,18
70189,144,141,3,3
70190,108,123,-15,15
70191,77,83,-6,6
70192,99,95,4,4
70193,79,83,-4,4
70194,65,73,-8,8
70195,65,83,-18,18
70196,89,100,-11,11
70197,128,114,14,14
70198,95,119,-24,24
70199,131,140,-9,9
70200,48,58,-10,10
70201,127,114,13,13
70202,102,104,-2,2
70203,127,120,7,7
70204,53,66,-13,13
70205,148,129,19,19
70206,173,152,21,21
70207,110,107,3,3
70208,61,72,-11,11
70209,65,73,-8,8
70210,83,84,-1,1
70211,125,122,3,3
70212,94,94,0,0
70213,82,83,-1,1
70214,95,90,5,5
70215,48,62,-14,14
70216,112,111,1,1
70217,74,80,-6,6
70218,114,105,9,9
70219,64,76,-12,12
70220,109,102,7,7
70221,163,148,15,15
70222,136,130,6,6
70223,218,185,33,33
70224,114,105,9,9
70225,152,142,10,10
70226,115,117,-2,2
70227,70,80,-10,10
70228,76,78,-2,2
70229,101,101,0,0
70230,122,108,14,14
70231,95,89,6,6
70232,112,138,-26,26
70233,114,116,-2,2
70234,93,93,0,0
70235,56,76,-20,20
70236,110,120,-10,10
70237,97,97,0,0
70238,86,97,-11,11
70239,87,89,-2,2
70240,55,74,-19,19
70241,183,187,-4,4
70242,99,102,-3,3
70243,102,101,1,1
70244,113,112,1,1
70245,95,95,0,0
70246,191,164,27,27
70247,82,89,-7,7
70248,55,61,-6,6
70249,60,70,-10,10
70250,81,80,1,1
70251,87,91,-4,4
70252,142,138,4,4
70253,97,89,8,8
70254,116,102,14,14
70255,73,77,-4,4
70256,87,94,-7,7
70257,102,94,8,8
70258,57,68,-11,11
70259,56,68,-12,12
70260,193,157,36,36
70261,99,100,-1,1
70262,61,73,-12,12
70263,90,90,0,0
70264,129,131,-2,2
70265,86,90,-4,4
70266,68,81,-13,13
70267,106,97,9,9
70268,101,109,-8,8
70269,139,126,13,13
70270,97,104,-7,7
70271,79,91,-12,12
70272,54,69,-15,15
70273,47,63,-16,16
70274,119,108,11,11
70275,93,93,0,0
70276,70,75,-5,5
70277,109,107,2,2
70278,55,75,-20,20
70279,127,129,-2,2
70280,76,81,-5,5
70281,35,53,-18,18
70282,66,72,-6,6
70283,72,76,-4,4
70284,91,101,-10,10
70285,128,132,-4,4
70286,123,122,1,1
70287,129,124,5,5
70288,106,98,8,8
70289,84,92,-8,8
70290,99,91,8,8
70291,59,63,-4,4
70292,54,68,-14,14
70293,120,117,3,3
70294,188,166,22,22
70295,83,84,-1,1
70296,146,129,17,17
70297,69,77,-8,8
70298,58,67,-9,9
70299,173,145,28,28
70300,131,119,12,12
70301,150,137,13,13
70302,115,108,7,7
70303,107,97,10,10
70304,131,130,1,1
70305,101,101,0,0
70306,105,94,11,11
70307,104,102,2,2
70308,138,124,14,14
70309,62,69,-7,7
70310,88,95,-7,7
70311,44,57,-13,13
70312,116,118,-2,2
70313,84,84,0,0
70314,80,100,-20,20
70315,112,109,3,3
70316,85,86,-1,1
70317,82,80,2,2
70318,101,103,-2,2
70319,123,125,-2,2
70320,137,125,12,12
70321,112,99,13,13
70322,72,79,-7,7
70323,100,96,4,4
70324,106,99,7,7
70325,64,62,2,2
70326,115,105,10,10
70327,44,57,-13,13
70328,112,109,3,3
70329,113,104,9,9
70330,203,172,31,31
70331,113,103,10,10
70332,154,146,8,8
70333,88,94,-6,6
70334,88,100,-12,12
70335,56,67,-11,11
70336,116,113,3,3
70337,104,102,2,2
70338,96,94,2,2
70339,99,100,-1,1
70340,98,104,-6,6
70341,128,132,-4,4
70342,79,81,-2,2
70343,97,104,-7,7
70344,68,83,-15,15
70345,93,85,8,8
70346,99,98,1,1
70347,68,77,-9,9
70348,83,84,-1,1
70349,85,89,-4,4
70350,89,98,-9,9
70351,95,93,2,2
70352,133,125,8,8
70353,86,90,-4,4
70354,94,95,-1,1
70355,63,76,-13,13
70356,134,125,9,9
70357,79,87,-8,8
70358,55,63,-8,8
70359,82,90,-8,8
70360,60,72,-12,12
70361,63,78,-15,15
70362,179,157,22,22
70363,127,124,3,3
70364,65,68,-3,3
70365,101,102,-1,1
70366,112,105,7,7
70367,66,74,-8,8
70368,104,104,0,0
70369,80,98,-18,18
70370,84,82,2,2
70371,57,68,-11,11
70372,55,63,-8,8
70373,134,128,6,6
70374,125,117,8,8
70375,83,85,-2,2
70376,66,72,-6,6
70377,59,86,-27,27
70378,117,118,-1,1
70379,103,120,-17,17
70380,101,94,7,7
70381,128,123,5,5
70382,92,98,-6,6
70383,167,152,15,15
70384,79,83,-4,4
70385,121,115,6,6
70386,85,82,3,3
70387,80,72,8,8
70388,26,35,-9,9
70389,52,65,-13,13
70390,58,74,-16,16
70391,137,130,7,7
70392,48,61,-13,13
70393,138,128,10,10
70394,81,73,8,8
70395,132,123,9,9
70396,111,105,6,6
70397,115,117,-2,2
70398,129,124,5,5
70399,125,123,2,2
70400,138,158,-20,20
70401,51,66,-15,15
70402,131,137,-6,6
70403,164,163,1,1
70404,107,95,12,12
70405,102,101,1,1
70406,66,74,-8,8
70407,59,67,-8,8
70408,60,66,-6,6
70409,145,136,9,9
70410,143,137,6,6
70411,121,120,1,1
70412,98,104,-6,6
70413,107,95,12,12
70414,69,74,-5,5
70415,154,150,4,4
70416,93,96,-3,3
70417,93,96,-3,3
70418,41,48,-7,7
70419,103,105,-2,2
70420,81,85,-4,4
70421,105,97,8,8
70422,60,65,-5,5
70423,90,98,-8,8
70424,76,80,-4,4
70425,98,97,1,1
70426,70,75,-5,5
70427,49,65,-16,16
70428,113,108,5,5
70429,45,68,-23,23
70430,109,105,4,4
70431,53,65,-12,12
70432,98,88,10,10
70433,70,73,-3,3
70434,91,91,0,0
70435,126,118,8,8
70436,68,65,3,3
70437,54,78,-24,24
70438,99,92,7,7
70439,85,90,-5,5
70440,85,83,2,2
70441,93,97,-4,4
70442,69,75,-6,6
70443,59,66,-7,7
70444,47,65,-18,18
70445,83,86,-3,3
70446,103,108,-5,5
70447,93,88,5,5
70448,125,130,-5,5
70449,97,96,1,1
70450,103,107,-4,4
70451,79,83,-4,4
70452,103,116,-13,13
70453,132,120,12,12
70454,165,164,1,1
70455,132,125,7,7
70456,88,88,0,0
70457,92,90,2,2
70458,75,79,-4,4
70459,108,100,8,8
70460,98,96,2,2
70461,133,144,-11,11
70462,75,74,1,1
70463,187,177,10,10
70464,123,118,5,5
70465,63,88,-25,25
70466,92,103,-11,11
70467,117,117,0,0
70468,98,90,8,8
70469,247,199,48,48
70470,98,100,-2,2
70471,102,94,8,8
70472,66,80,-14,14
70473,62,66,-4,4
70474,84,87,-3,3
70475,52,60,-8,8
70476,107,103,4,4
70477,155,140,15,15
70478,118,117,1,1
70479,150,146,4,4
70480,112,105,7,7
70481,106,106,0,0
70482,61,68,-7,7
70483,101,102,-1,1
70484,80,75,5,5
70485,65,84,-19,19
70486,86,86,0,0
70487,74,74,0,0
70488,163,141,22,22
70489,100,102,-2,2
70490,44,57,-13,13
70491,86,78,8,8
70492,119,113,6,6
70493,80,80,0,0
70494,57,73,-16,16
70495,136,123,13,13
70496,113,115,-2,2
70497,75,79,-4,4
70498,41,61,-20,20
70499,125,134,-9,9
70500,77,81,-4,4
70501,97,93,4,4
70502,159,157,2,2
70503,43,57,-14,14
70504,47,58,-11,11
70505,53,65,-12,12
70506,141,124,17,17
70507,79,87,-8,8
70508,74,79,-5,5
70509,117,115,2,2
70510,39,57,-18,18
70511,74,85,-11,11
70512,131,128,3,3
70513,95,96,-1,1
70514,152,133,19,19
70515,80,88,-8,8
70516,125,107,18,18
70517,114,116,-2,2
70518,113,105,8,8
70519,58,74,-16,16
70520,98,93,5,5
70521,135,124,11,11
70522,88,98,-10,10
70523,147,142,5,5
70524,83,85,-2,2
70525,145,139,6,6
70526,144,142,2,2
70527,142,127,15,15
70528,65,74,-9,9
70529,59,70,-11,11
70530,116,112,4,4
70531,51,64,-13,13
70532,48,59,-11,11
70533,113,118,-5,5
70534,87,74,13,13
70535,72,82,-10,10
70536,100,98,2,2
70537,66,75,-9,9
70538,106,110,-4,4
70539,128,116,12,12
70540,71,74,-3,3
70541,69,81,-12,12
70542,117,128,-11,11
70543,125,122,3,3
70544,105,100,5,5
70545,43,52,-9,9
70546,154,153,1,1
70547,77,84,-7,7
70548,104,103,1,1
70549,112,107,5,5
70550,84,86,-2,2
70551,69,75,-6,6
70552,135,122,13,13
70553,130,118,12,12
70554,117,122,-5,5
70555,47,65,-18,18
70556,114,115,-1,1
70557,100,105,-5,5
70558,129,131,-2,2
70559,59,68,-9,9
70560,159,145,14,14
70561,61,63,-2,2
70562,51,65,-14,14
70563,92,93,-1,1
70564,73,79,-6,6
70565,98,84,14,14
70566,117,113,4,4
70567,100,108,-8,8
70568,54,77,-23,23
70569,76,78,-2,2
70570,132,126,6,6
70571,178,131,47,47
70572,91,95,-4,4
70573,127,114,13,13
70574,75,76,-1,1
70575,70,76,-6,6
70576,124,120,4,4
70577,125,123,2,2
70578,80,86,-6,6
70579,59,70,-11,11
70580,82,93,-11,11
70581,130,127,3,3
70582,82,90,-8,8
70583,93,86,7,7
70584,82,90,-8,8
70585,160,142,18,18
70586,83,83,0,0
70587,128,114,14,14
70588,123,109,14,14
70589,98,95,3,3
70590,104,95,9,9
70591,109,101,8,8
70592,48,58,-10,10
70593,62,69,-7,7
70594,63,66,-3,3
70595,63,72,-9,9
70596,115,106,9,9
70597,94,91,3,3
70598,94,99,-5,5
70599,91,92,-1,1
70600,141,141,0,0
70601,162,151,11,11
70602,91,96,-5,5
70603,88,94,-6,6
70604,117,122,-5,5
70605,52,62,-10,10
70606,57,67,-10,10
70607,106,91,15,15
70608,77,88,-11,11
70609,58,68,-10,10
70610,85,82,3,3
70611,110,104,6,6
70612,74,87,-13,13
70613,97,91,6,6
70614,58,70,-12,12
70615,92,97,-5,5
70616,97,98,-1,1
70617,73,78,-5,5
70618,89,94,-5,5
70619,108,102,6,6
70620,129,119,10,10
70621,83,84,-1,1
70622,97,94,3,3
70623,88,89,-1,1
70624,88,85,3,3
70625,74,82,-8,8
70626,103,107,-4,4
70627,93,87,6,6
70628,39,54,-15,15
70629,168,148,20,20
70630,102,93,9,9
70631,77,86,-9,9
70632,209,200,9,9
70633,88,88,0,0
70634,88,93,-5,5
70635,95,100,-5,5
70636,113,103,10,10
70637,109,110,-1,1
70638,93,96,-3,3
70639,167,150,17,17
70640,55,80,-25,25
70641,115,116,-1,1
70642,101,104,-3,3
70643,52,70,-18,18
70644,155,151,4,4
70645,47,64,-17,17
70646,123,123,0,0
70647,71,75,-4,4
70648,109,113,-4,4
70649,63,76,-13,13
70650,132,140,-8,8
70651,74,81,-7,7
70652,89,99,-10,10
70653,131,124,7,7
70654,71,79,-8,8
70655,100,88,12,12
70656,76,92,-16,16
70657,67,74,-7,7
70658,121,106,15,15
70659,45,65,-20,20
70660,79,74,5,5
70661,145,138,7,7
70662,242,200,42,42
70663,64,78,-14,14
70664,146,131,15,15
70665,80,82,-2,2
70666,135,135,0,0
70667,94,92,2,2
70668,88,85,3,3
70669,119,121,-2,2
70670,129,120,9,9
70671,86,89,-3,3
70672,60,63,-3,3
70673,148,149,-1,1
70674,43,64,-21,21
70675,41,54,-13,13
70676,272,224,48,48
70677,116,100,16,16
70678,86,86,0,0
70679,69,79,-10,10
70680,51,61,-10,10
70681,80,84,-4,4
70682,83,84,-1,1
70683,108,103,5,5
70684,66,72,-6,6
70685,178,174,4,4
70686,138,134,4,4
70687,124,109,15,15
70688,58,64,-6,6
70689,93,95,-2,2
70690,135,122,13,13
70691,98,85,13,13
70692,91,86,5,5
70693,83,80,3,3
70694,192,174,18,18
70695,119,102,17,17
70696,44,61,-17,17
70697,83,89,-6,6
70698,75,83,-8,8
70699,216,195,21,21
70700,178,164,14,14
70701,81,84,-3,3
70702,56,74,-18,18
70703,85,88,-3,3
70704,87,86,1,1
70705,77,80,-3,3
70706,73,80,-7,7
70707,122,120,2,2
70708,169,142,27,27
70709,155,138,17,17
70710,111,110,1,1
70711,37,53,-16,16
70712,116,118,-2,2
70713,107,104,3,3
70714,63,74,-11,11
70715,97,94,3,3
70716,108,96,12,12
70717,94,96,-2,2
70718,56,67,-11,11
70719,49,58,-9,9
70720,87,95,-8,8
70721,110,109,1,1
70722,89,97,-8,8
70723,87,83,4,4
70724,127,124,3,3
70725,82,87,-5,5
70726,58,65,-7,7
70727,69,78,-9,9
70728,66,70,-4,4
70729,62,83,-21,21
70730,80,87,-7,7
70731,62,71,-9,9
70732,46,58,-12,12
70733,48,75,-27,27
70734,77,77,0,0
70735,99,114,-15,15
70736,98,100,-2,2
70737,87,89,-2,2
70738,63,75,-12,12
70739,114,118,-4,4
70740,121,124,-3,3
70741,70,78,-8,8
70742,118,107,11,11
70743,116,114,2,2
70744,89,97,-8,8
70745,100,98,2,2
70746,249,238,11,11
70747,202,172,30,30
70748,152,139,13,13
70749,140,133,7,7
70750,162,146,16,16
70751,90,91,-1,1
70752,132,118,14,14
70753,79,76,3,3
70754,73,76,-3,3
70755,115,105,10,10
70756,188,169,19,19
70757,72,76,-4,4
70758,112,111,1,1
70759,131,122,9,9
70760,128,126,2,2
70761,125,121,4,4
70762,133,122,11,11
70763,159,145,14,14
70764,96,97,-1,1
70765,85,90,-5,5
70766,103,101,2,2
70767,74,77,-3,3
70768,139,134,5,5
70769,114,108,6,6
70770,35,50,-15,15
70771,56,67,-11,11
70772,85,92,-7,7
70773,111,100,11,11
70774,107,106,1,1
70775,138,134,4,4
70776,79,81,-2,2
70777,89,93,-4,4
70778,97,92,5,5
70779,88,85,3,3
70780,77,87,-10,10
70781,83,82,1,1
70782,138,132,6,6
70783,109,107,2,2
70784,58,73,-15,15
70785,65,75,-10,10
70786,97,100,-3,3
70787,95,98,-3,3
70788,93,93,0,0
70789,80,89,-9,9
70790,88,84,4,4
70791,104,106,-2,2
70792,72,80,-8,8
70793,75,75,0,0
70794,88,92,-4,4
70795,104,111,-7,7
70796,70,76,-6,6
70797,83,90,-7,7
70798,108,99,9,9
70799,84,83,1,1
70800,91,98,-7,7
70801,115,114,1,1
70802,80,88,-8,8
70803,122,124,-2,2
70804,116,114,2,2
70805,119,113,6,6
70806,105,107,-2,2
70807,80,87,-7,7
70808,63,86,-23,23
70809,108,114,-6,6
70810,73,77,-4,4
70811,116,118,-2,2
70812,101,92,9,9
70813,78,84,-6,6
70814,137,135,2,2
70815,94,99,-5,5
70816,63,67,-4,4
70817,122,130,-8,8
70818,145,133,12,12
70819,110,101,9,9
70820,86,84,2,2
70821,160,147,13,13
70822,149,137,12,12
70823,93,89,4,4
70824,77,76,1,1
70825,43,60,-17,17
70826,85,94,-9,9
70827,85,82,3,3
70828,71,76,-5,5
70829,68,80,-12,12
70830,85,92,-7,7
70831,74,87,-13,13
70832,152,158,-6,6
70833,161,141,20,20
70834,130,130,0,0
70835,83,82,1,1
70836,102,103,-1,1
70837,96,104,-8,8
70838,111,113,-2,2
70839,41,53,-12,12
70840,54,68,-14,14
70841,119,112,7,7
70842,89,81,8,8
70843,105,97,8,8
70844,163,147,16,16
70845,102,100,2,2
70846,90,91,-1,1
70847,52,72,-20,20
70848,61,69,-8,8
70849,84,97,-13,13
70850,87,93,-6,6
70851,56,75,-19,19
70852,86,98,-12,12
70853,153,138,15,15
70854,130,118,12,12
70855,171,151,20,20
70856,81,85,-4,4
70857,76,79,-3,3
70858,82,93,-11,11
70859,114,119,-5,5
70860,103,105,-2,2
70861,98,98,0,0
70862,130,125,5,5
70863,145,123,22,22
70864,66,83,-17,17
70865,136,113,23,23
70866,96,106,-10,10
70867,35,54,-19,19
70868,77,82,-5,5
70869,108,104,4,4
70870,91,105,-14,14
70871,68,78,-10,10
70872,114,115,-1,1
70873,38,54,-16,16
70874,123,105,18,18
70875,81,86,-5,5
70876,96,91,5,5
70877,89,91,-2,2
70878,129,139,-10,10
70879,93,94,-1,1
70880,57,66,-9,9
70881,81,80,1,1
70882,137,124,13,13
70883,83,82,1,1
70884,97,96,1,1
70885,100,99,1,1
70886,83,90,-7,7
70887,94,89,5,5
70888,87,98,-11,11
70889,154,144,10,10
70890,126,110,16,16
70891,74,78,-4,4
70892,87,94,-7,7
70893,62,77,-15,15
70894,61,69,-8,8
70895,94,87,7,7
70896,91,88,3,3
70897,67,74,-7,7
70898,87,85,2,2
70899,58,72,-14,14
70900,126,118,8,8
70901,102,97,5,5
70902,97,101,-4,4
70903,60,68,-8,8
70904,84,90,-6,6
70905,168,125,43,43
70906,89,93,-4,4
70907,60,66,-6,6
70908,99,102,-3,3
70909,119,113,6,6
70910,90,91,-1,1
70911,150,146,4,4
70912,95,98,-3,3
70913,79,83,-4,4
70914,45,57,-12,12
70915,101,96,5,5
70916,123,118,5,5
70917,145,139,6,6
70918,56,68,-12,12
70919,83,90,-7,7
70920,48,60,-12,12
70921,65,70,-5,5
70922,102,105,-3,3
70923,75,79,-4,4
70924,194,198,-4,4
70925,55,67,-12,12
70926,61,68,-7,7
70927,97,95,2,2
70928,123,123,0,0
70929,47,61,-14,14
70930,99,111,-12,12
70931,88,89,-1,1
70932,65,71,-6,6
70933,71,77,-6,6
70934,140,130,10,10
70935,113,109,4,4
70936,70,78,-8,8
70937,123,119,4,4
70938,113,101,12,12
70939,170,148,22,22
70940,101,104,-3,3
70941,113,105,8,8
70942,102,98,4,4
70943,74,82,-8,8
70944,73,88,-15,15
70945,90,98,-8,8
70946,62,68,-6,6
70947,104,120,-16,16
70948,119,116,3,3
70949,71,72,-1,1
70950,129,134,-5,5
70951,48,63,-15,15
70952,149,149,0,0
70953,63,70,-7,7
70954,115,112,3,3
70955,110,112,-2,2
70956,93,119,-26,26
70957,100,101,-1,1
70958,90,95,-5,5
70959,46,64,-18,18
70960,126,119,7,7
70961,99,98,1,1
70962,65,71,-6,6
70963,77,81,-4,4
70964,70,71,-1,1
70965,82,94,-12,12
70966,91,93,-2,2
70967,142,128,14,14
70968,73,75,-2,2
70969,146,129,17,17
70970,106,106,0,0
70971,185,174,11,11
70972,72,78,-6,6
70973,119,108,11,11
70974,56,69,-13,13
70975,110,103,7,7
70976,94,93,1,1
70977,79,90,-11,11
70978,50,59,-9,9
70979,86,88,-2,2
70980,73,77,-4,4
70981,81,83,-2,2
70982,68,79,-11,11
70983,69,79,-10,10
70984,135,121,14,14
70985,162,134,28,28
70986,107,102,5,5
70987,74,80,-6,6
70988,61,72,-11,11
70989,101,94,7,7
70990,70,73,-3,3
70991,101,121,-20,20
70992,61,72,-11,11
70993,103,103,0,0
70994,47,107,-60,60
70995,87,90,-3,3
70996,73,80,-7,7
70997,100,90,10,10
70998,97,90,7,7
70999,75,83,-8,8
71000,77,81,-4,4
71001,59,66,-7,7
71002,136,134,2,2
71003,44,57,-13,13
71004,149,136,13,13
71005,85,91,-6,6
71006,132,128,4,4
71007,54,65,-11,11
71008,98,95,3,3
71009,102,106,-4,4
71010,122,119,3,3
71011,70,75,-5,5
71012,121,124,-3,3
71013,86,91,-5,5
71014,99,97,2,2
71015,71,74,-3,3
71016,113,107,6,6
71017,100,101,-1,1
71018,61,69,-8,8
71019,69,78,-9,9
71020,103,113,-10,10
71021,122,136,-14,14
71022,90,85,5,5
71023,113,101,12,12
71024,99,106,-7,7
71025,100,93,7,7
71026,77,84,-7,7
71027,84,84,0,0
71028,101,97,4,4
71029,86,90,-4,4
71030,43,57,-14,14
71031,73,82,-9,9
71032,128,121,7,7
71033,81,77,4,4
71034,67,67,0,0
71035,137,128,9,9
71036,77,80,-3,3
71037,52,66,-14,14
71038,103,108,-5,5
71039,107,104,3,3
71040,101,95,6,6
71041,80,84,-4,4
71042,114,114,0,0
71043,112,111,1,1
71044,118,104,14,14
71045,110,107,3,3
71046,88,89,-1,1
71047,63,91,-28,28
71048,125,114,11,11
71049,126,113,13,13
71050,68,84,-16,16
71051,59,73,-14,14
71052,69,77,-8,8
71053,90,86,4,4
71054,108,112,-4,4
71055,80,87,-7,7
71056,63,72,-9,9
71057,52,63,-11,11
71058,72,82,-10,10
71059,76,83,-7,7
71060,92,93,-1,1
71061,133,149,-16,16
71062,65,76,-11,11
71063,69,73,-4,4
71064,121,108,13,13
71065,92,88,4,4
71066,67,74,-7,7
71067,134,123,11,11
71068,81,81,0,0
71069,68,84,-16,16
71070,67,75,-8,8
71071,52,63,-11,11
71072,107,108,-1,1
71073,120,112,8,8
71074,133,130,3,3
71075,150,130,20,20
71076,124,134,-10,10
71077,86,91,-5,5
71078,29,41,-12,12
71079,170,147,23,23
71080,88,91,-3,3
71081,158,142,16,16
71082,58,68,-10,10
71083,129,120,9,9
71084,94,94,0,0
71085,116,113,3,3
71086,159,146,13,13
71087,86,86,0,0
71088,174,168,6,6
71089,104,97,7,7
71090,90,83,7,7
71091,101,98,3,3
71092,107,108,-1,1
71093,133,118,15,15
71094,70,73,-3,3
71095,100,98,2,2
71096,174,162,12,12
71097,41,53,-12,12
71098,85,88,-3,3
71099,76,80,-4,4
71100,73,81,-8,8
71101,131,125,6,6
71102,83,85,-2,2
71103,88,96,-8,8
71104,128,124,4,4
71105,86,92,-6,6
71106,163,151,12,12
71107,104,103,1,1
71108,50,60,-10,10
71109,114,97,17,17
71110,108,108,0,0
71111,72,81,-9,9
71112,63,73,-10,10
71113,51,62,-11,11
71114,94,95,-1,1
71115,76,75,1,1
71116,39,49,-10,10
71117,100,99,1,1
71118,64,70,-6,6
71119,87,88,-1,1
71120,112,105,7,7
71121,105,106,-1,1
71122,84,91,-7,7
71123,135,124,11,11
71124,66,71,-5,5
71125,164,153,11,11
71126,53,66,-13,13
71127,131,118,13,13
71128,97,96,1,1
71129,44,62,-18,18
71130,85,90,-5,5
71131,58,61,-3,3
71132,105,110,-5,5
71133,51,62,-11,11
71134,67,75,-8,8
71135,82,94,-12,12
71136,100,95,5,5
71137,154,132,22,22
71138,89,95,-6,6
71139,88,84,4,4
71140,104,94,10,10
71141,82,76,6,6
71142,97,94,3,3
71143,87,103,-16,16
71144,71,70,1,1
71145,87,96,-9,9
71146,71,77,-6,6
71147,168,154,14,14
71148,124,112,12,12
71149,75,74,1,1
71150,137,107,30,30
71151,131,123,8,8
71152,161,156,5,5
71153,80,82,-2,2
71154,109,105,4,4
71155,65,73,-8,8
71156,152,148,4,4
71157,120,113,7,7
71158,116,118,-2,2
71159,82,100,-18,18
71160,214,186,28,28
71161,75,78,-3,3
71162,95,91,4,4
71163,120,112,8,8
71164,126,122,4,4
71165,112,106,6,6
71166,115,121,-6,6
71167,94,92,2,2
71168,84,92,-8,8
71169,99,102,-3,3
71170,69,72,-3,3
71171,62,69,-7,7
71172,106,106,0,0
71173,110,102,8,8
71174,78,84,-6,6
71175,161,178,-17,17
71176,140,105,35,35
71177,83,100,-17,17
71178,110,102,8,8
71179,50,62,-12,12
71180,160,141,19,19
71181,93,90,3,3
71182,161,150,11,11
71183,37,54,-17,17
71184,58,61,-3,3
71185,109,120,-11,11
71186,99,102,-3,3
71187,124,139,-15,15
71188,65,68,-3,3
71189,113,106,7,7
71190,114,124,-10,10
71191,127,117,10,10
71192,99,94,5,5
71193,83,83,0,0
71194,74,84,-10,10
71195,112,115,-3,3
71196,76,81,-5,5
71197,86,87,-1,1
71198,59,72,-13,13
71199,185,156,29,29
71200,113,97,16,16
71201,90,91,-1,1
71202,60,74,-14,14
71203,136,118,18,18
71204,94,95,-1,1
71205,100,95,5,5
71206,93,92,1,1
71207,80,85,-5,5
71208,138,119,19,19
71209,123,116,7,7
71210,84,88,-4,4
71211,96,103,-7,7
71212,123,118,5,5
71213,46,91,-45,45
71214,54,64,-10,10
71215,135,132,3,3
71216,135,120,15,15
71217,79,86,-7,7
71218,127,118,9,9
71219,75,84,-9,9
71220,43,66,-23,23
71221,107,91,16,16
71222,86,81,5,5
71223,114,118,-4,4
71224,56,63,-7,7
71225,80,83,-3,3
71226,86,86,0,0
71227,62,67,-5,5
71228,78,75,3,3
71229,158,157,1,1
71230,96,113,-17,17
71231,88,91,-3,3
71232,62,68,-6,6
71233,116,106,10,10
71234,103,105,-2,2
71235,108,118,-10,10
71236,96,96,0,0
71237,65,73,-8,8
71238,64,75,-11,11
71239,136,122,14,14
71240,92,98,-6,6
71241,66,68,-2,2
71242,106,108,-2,2
71243,168,147,21,21
71244,91,94,-3,3
71245,90,97,-7,7
71246,83,86,-3,3
71247,198,179,19,19
71248,98,99,-1,1
71249,116,100,16,16
71250,77,85,-8,8
71251,95,97,-2,2
71252,113,109,4,4
71253,102,99,3,3
71254,54,64,-10,10
71255,138,137,1,1
71256,76,82,-6,6
71257,58,66,-8,8
71258,74,79,-5,5
71259,93,94,-1,1
71260,56,81,-25,25
71261,139,139,0,0
71262,169,165,4,4
71263,131,127,4,4
71264,64,60,4,4
71265,89,95,-6,6
71266,111,103,8,8
71267,149,139,10,10
71268,86,84,2,2
71269,67,95,-28,28
71270,54,65,-11,11
71271,47,62,-15,15
71272,43,60,-17,17
71273,90,95,-5,5
71274,139,121,18,18
71275,62,72,-10,10
71276,67,78,-11,11
71277,75,83,-8,8
71278,87,88,-1,1
71279,82,83,-1,1
71280,41,59,-18,18
71281,86,90,-4,4
71282,151,134,17,17
71283,87,86,1,1
71284,107,108,-1,1
71285,67,73,-6,6
71286,90,101,-11,11
71287,133,123,10,10
71288,42,55,-13,13
71289,124,114,10,10
71290,66,74,-8,8
71291,74,81,-7,7
71292,54,63,-9,9
71293,123,117,6,6
71294,137,132,5,5
71295,67,71,-4,4
71296,113,119,-6,6
71297,103,95,8,8
71298,161,139,22,22
71299,114,104,10,10
71300,112,110,2,2
71301,103,105,-2,2
71302,112,116,-4,4
71303,123,128,-5,5
71304,65,75,-10,10
71305,97,91,6,6
71306,68,69,-1,1
71307,69,74,-5,5
71308,69,72,-3,3
71309,143,131,12,12
71310,107,103,4,4
71311,59,83,-24,24
71312,125,117,8,8
71313,57,71,-14,14
71314,108,109,-1,1
71315,86,90,-4,4
71316,98,96,2,2
71317,82,85,-3,3
71318,87,119,-32,32
71319,65,74,-9,9
71320,96,93,3,3
71321,60,64,-4,4
71322,77,83,-6,6
71323,81,84,-3,3
71324,147,139,8,8
71325,75,75,0,0
71326,75,78,-3,3
71327,85,96,-11,11
71328,94,94,0,0
71329,158,150,8,8
71330,103,84,19,19
71331,125,114,11,11
71332,119,138,-19,19
71333,109,106,3,3
71334,64,68,-4,4
71335,74,82,-8,8
71336,33,45,-12,12
71337,104,98,6,6
71338,73,85,-12,12
71339,148,124,24,24
71340,57,72,-15,15
71341,62,66,-4,4
71342,143,132,11,11
71343,96,107,-11,11
71344,61,70,-9,9
71345,126,123,3,3
71346,66,87,-21,21
71347,97,103,-6,6
71348,58,69,-11,11
71349,85,89,-4,4
71350,207,185,22,22
71351,114,110,4,4
71352,105,101,4,4
71353,92,94,-2,2
71354,80,83,-3,3
71355,97,97,0,0
71356,93,94,-1,1
71357,55,65,-10,10
71358,89,88,1,1
71359,116,112,4,4
71360,98,99,-1,1
71361,79,79,0,0
71362,127,123,4,4
71363,112,108,4,4
71364,131,114,17,17
71365,92,96,-4,4
71366,81,84,-3,3
71367,236,204,32,32
71368,110,120,-10,10
71369,66,77,-11,11
71370,100,106,-6,6
71371,98,101,-3,3
71372,118,107,11,11
71373,91,100,-9,9
71374,162,138,24,24
71375,77,78,-1,1
71376,67,76,-9,9
71377,131,125,6,6
71378,103,103,0,0
71379,57,67,-10,10
71380,93,85,8,8
71381,72,85,-13,13
71382,67,66,1,1
71383,49,68,-19,19
71384,72,76,-4,4
71385,56,63,-7,7
71386,154,169,-15,15
71387,72,83,-11,11
71388,44,60,-16,16
71389,97,97,0,0
71390,173,136,37,37
71391,151,137,14,14
71392,92,89,3,3
71393,41,68,-27,27
71394,101,105,-4,4
71395,151,129,22,22
71396,112,101,11,11
71397,82,89,-7,7
71398,147,135,12,12
71399,104,93,11,11
71400,156,140,16,16
71401,69,73,-4,4
71402,88,95,-7,7
71403,49,66,-17,17
71404,72,80,-8,8
71405,87,88,-1,1
71406,83,84,-1,1
71407,78,74,4,4
71408,109,109,0,0
71409,118,124,-6,6
71410,146,182,-36,36
71411,95,93,2,2
71412,139,130,9,9
71413,112,118,-6,6
71414,74,85,-11,11
71415,101,106,-5,5
71416,69,74,-5,5
71417,60,66,-6,6
71418,52,63,-11,11
71419,70,76,-6,6
71420,52,59,-7,7
71421,93,97,-4,4
71422,75,79,-4,4
71423,50,71,-21,21
71424,64,72,-8,8
71425,167,138,29,29
71426,59,69,-10,10
71427,117,118,-1,1
71428,97,97,0,0
71429,93,98,-5,5
71430,70,80,-10,10
71431,91,85,6,6
71432,52,64,-12,12
71433,97,103,-6,6
71434,66,65,1,1
71435,91,92,-1,1
71436,72,107,-35,35
71437,113,106,7,7
71438,91,90,1,1
71439,50,70,-20,20
71440,85,102,-17,17
71441,167,160,7,7
71442,78,85,-7,7
71443,149,135,14,14
71444,102,97,5,5
71445,116,111,5,5
71446,69,82,-13,13
71447,63,72,-9,9
71448,108,114,-6,6
71449,81,83,-2,2
71450,82,86,-4,4
71451,113,112,1,1
71452,83,88,-5,5
71453,97,92,5,5
71454,78,95,-17,17
71455,102,101,1,1
71456,109,114,-5,5
71457,64,83,-19,19
71458,98,97,1,1
71459,156,136,20,20
71460,126,122,4,4
71461,90,94,-4,4
71462,122,117,5,5
71463,67,76,-9,9
71464,60,67,-7,7
71465,60,72,-12,12
71466,73,78,-5,5
71467,135,134,1,1
71468,116,110,6,6
71469,92,91,1,1
71470,116,115,1,1
71471,76,80,-4,4
71472,137,129,8,8
71473,38,61,-23,23
71474,212,186,26,26
71475,115,112,3,3
71476,170,153,17,17
71477,140,151,-11,11
71478,194,157,37,37
71479,119,112,7,7
71480,46,62,-16,16
71481,67,74,-7,7
71482,114,107,7,7
71483,107,122,-15,15
71484,83,100,-17,17
71485,103,98,5,5
71486,75,88,-13,13
71487,117,130,-13,13
71488,59,65,-6,6
71489,68,95,-27,27
71490,117,120,-3,3
71491,142,127,15,15
71492,50,58,-8,8
71493,72,82,-10,10
71494,114,123,-9,9
71495,161,152,9,9
71496,104,102,2,2
71497,241,204,37,37
71498,72,80,-8,8
71499,89,94,-5,5
71500,76,81,-5,5
71501,97,101,-4,4
71502,93,88,5,5
71503,73,71,2,2
71504,67,64,3,3
71505,89,93,-4,4
71506,91,94,-3,3
71507,112,110,2,2
71508,156,150,6,6
71509,59,69,-10,10
71510,71,81,-10,10
71511,35,45,-10,10
71512,60,68,-8,8
71513,151,150,1,1
71514,83,88,-5,5
71515,114,118,-4,4
71516,66,69,-3,3
71517,68,78,-10,10
71518,128,122,6,6
71519,168,139,29,29
71520,84,87,-3,3
71521,87,92,-5,5
71522,94,95,-1,1
71523,44,63,-19,19
71524,93,97,-4,4
71525,135,123,12,12
71526,80,82,-2,2
71527,105,99,6,6
71528,86,91,-5,5
71529,115,116,-1,1
71530,183,157,26,26
71531,120,112,8,8
71532,25,44,-19,19
71533,53,64,-11,11
71534,131,112,19,19
71535,164,149,15,15
71536,74,80,-6,6
71537,125,115,10,10
71538,91,100,-9,9
71539,106,96,10,10
71540,95,93,2,2
71541,75,77,-2,2
71542,114,105,9,9
71543,70,72,-2,2
71544,89,85,4,4
71545,37,42,-5,5
71546,90,89,1,1
71547,60,66,-6,6
71548,106,108,-2,2
71549,59,72,-13,13
71550,114,120,-6,6
71551,69,75,-6,6
71552,96,101,-5,5
71553,90,88,2,2
71554,132,135,-3,3
71555,117,119,-2,2
71556,78,83,-5,5
71557,63,76,-13,13
71558,96,104,-8,8
71559,132,107,25,25
71560,83,83,0,0
71561,114,108,6,6
71562,109,104,5,5
71563,97,92,5,5
71564,81,85,-4,4
71565,95,95,0,0
71566,82,90,-8,8
71567,127,128,-1,1
71568,108,108,0,0
71569,91,103,-12,12
71570,87,88,-1,1
71571,92,92,0,0
71572,165,154,11,11
71573,85,89,-4,4
71574,50,67,-17,17
71575,62,68,-6,6
71576,97,100,-3,3
71577,87,94,-7,7
71578,66,68,-2,2
71579,76,78,-2,2
71580,75,83,-8,8
71581,172,158,14,14
71582,45,60,-15,15
71583,86,92,-6,6
71584,73,88,-15,15
71585,189,156,33,33
71586,65,73,-8,8
71587,76,81,-5,5
71588,95,96,-1,1
71589,95,91,4,4
71590,87,93,-6,6
71591,108,107,1,1
71592,91,84,7,7
71593,69,83,-14,14
71594,141,142,-1,1
71595,75,80,-5,5
71596,82,90,-8,8
71597,55,64,-9,9
71598,55,72,-17,17
71599,121,118,3,3
71600,55,59,-4,4
71601,131,118,13,13
71602,111,102,9,9
71603,52,68,-16,16
71604,141,126,15,15
71605,82,88,-6,6
71606,49,62,-13,13
71607,67,84,-17,17
71608,65,72,-7,7
71609,116,118,-2,2
71610,112,112,0,0
71611,117,111,6,6
71612,137,130,7,7
71613,95,102,-7,7
71614,59,71,-12,12
71615,84,93,-9,9
71616,89,82,7,7
71617,137,131,6,6
71618,194,159,35,35
71619,144,129,15,15
71620,106,98,8,8
71621,122,107,15,15
71622,67,79,-12,12
71623,104,106,-2,2
71624,114,109,5,5
71625,84,95,-11,11
71626,49,72,-23,23
71627,232,183,49,49
71628,79,78,1,1
71629,101,104,-3,3
71630,105,104,1,1
71631,104,104,0,0
71632,221,182,39,39
71633,124,107,17,17
71634,154,138,16,16
71635,110,104,6,6
71636,75,82,-7,7
71637,175,159,16,16
71638,162,156,6,6
71639,169,143,26,26
71640,82,98,-16,16
71641,69,74,-5,5
71642,63,73,-10,10
71643,101,104,-3,3
71644,59,68,-9,9
71645,123,121,2,2
71646,105,109,-4,4
71647,99,93,6,6
71648,58,72,-14,14
71649,103,99,4,4
71650,77,89,-12,12
71651,64,68,-4,4
71652,49,60,-11,11
71653,96,98,-2,2
71654,78,82,-4,4
71655,124,126,-2,2
71656,66,91,-25,25
71657,163,146,17,17
71658,140,147,-7,7
71659,77,84,-7,7
71660,55,70,-15,15
71661,64,68,-4,4
71662,73,78,-5,5
71663,86,92,-6,6
71664,87,91,-4,4
71665,80,89,-9,9
71666,74,85,-11,11
71667,69,71,-2,2
71668,118,116,2,2
71669,74,85,-11,11
71670,162,150,12,12
71671,63,74,-11,11
71672,88,89,-1,1
71673,105,106,-1,1
71674,70,68,2,2
71675,86,94,-8,8
71676,82,84,-2,2
71677,181,173,8,8
71678,60,69,-9,9
71679,139,136,3,3
71680,45,51,-6,6
71681,84,87,-3,3
71682,87,86,1,1
71683,94,87,7,7
71684,94,95,-1,1
71685,102,121,-19,19
71686,82,84,-2,2
71687,102,92,10,10
71688,51,61,-10,10
71689,91,91,0,0
71690,92,95,-3,3
71691,119,119,0,0
71692,98,103,-5,5
71693,92,91,1,1
71694,144,134,10,10
71695,117,120,-3,3
71696,61,66,-5,5
71697,55,59,-4,4
71698,89,87,2,2
71699,83,89,-6,6
71700,122,108,14,14
71701,101,104,-3,3
71702,71,80,-9,9
71703,183,173,10,10
71704,79,86,-7,7
71705,68,85,-17,17
71706,124,120,4,4
71707,96,92,4,4
71708,82,85,-3,3
71709,99,108,-9,9
71710,145,123,22,22
71711,143,139,4,4
71712,131,129,2,2
71713,83,84,-1,1
71714,118,128,-10,10
71715,65,74,-9,9
71716,52,68,-16,16
71717,78,81,-3,3
71718,76,81,-5,5
71719,142,127,15,15
71720,90,87,3,3
71721,64,71,-7,7
71722,70,75,-5,5
71723,81,93,-12,12
71724,155,142,13,13
71725,94,110,-16,16
71726,64,71,-7,7
71727,83,84,-1,1
71728,112,109,3,3
71729,112,96,16,16
71730,132,124,8,8
71731,84,83,1,1
71732,63,73,-10,10
71733,78,86,-8,8
71734,143,129,14,14
71735,71,81,-10,10
71736,94,93,1,1
71737,75,80,-5,5
71738,54,70,-16,16
71739,81,77,4,4
71740,72,81,-9,9
71741,95,93,2,2
71742,136,125,11,11
71743,89,89,0,0
71744,66,75,-9,9
71745,95,92,3,3
71746,85,87,-2,2
71747,114,115,-1,1
71748,70,72,-2,2
71749,70,76,-6,6
71750,115,116,-1,1
71751,139,135,4,4
71752,104,98,6,6
71753,65,72,-7,7
71754,145,130,15,15
71755,108,103,5,5
71756,81,84,-3,3
71757,85,80,5,5
71758,59,75,-16,16
71759,146,147,-1,1
71760,89,102,-13,13
71761,94,96,-2,2
71762,82,84,-2,2
71763,58,72,-14,14
71764,78,82,-4,4
71765,92,89,3,3
71766,65,70,-5,5
71767,100,97,3,3
71768,126,119,7,7
71769,115,104,11,11
71770,64,67,-3,3
71771,67,78,-11,11
71772,114,105,9,9
71773,73,78,-5,5
71774,86,87,-1,1
71775,92,88,4,4
71776,393,326,67,67
71777,121,133,-12,12
71778,77,89,-12,12
71779,106,95,11,11
71780,81,85,-4,4
71781,99,91,8,8
71782,150,145,5,5
71783,98,98,0,0
71784,107,109,-2,2
71785,59,63,-4,4
71786,53,59,-6,6
71787,99,95,4,4
71788,138,130,8,8
71789,58,72,-14,14
71790,85,89,-4,4
71791,129,120,9,9
71792,60,65,-5,5
71793,67,70,-3,3
71794,107,103,4,4
71795,42,60,-18,18
71796,73,78,-5,5
71797,81,93,-12,12
71798,154,125,29,29
71799,84,86,-2,2
71800,67,75,-8,8
71801,62,65,-3,3
71802,93,91,2,2
71803,119,111,8,8
71804,112,105,7,7
71805,146,135,11,11
71806,45,54,-9,9
71807,127,118,9,9
71808,87,90,-3,3
71809,122,120,2,2
71810,83,80,3,3
71811,116,109,7,7
71812,95,100,-5,5
71813,101,103,-2,2
71814,132,126,6,6
71815,116,108,8,8
71816,79,77,2,2
71817,94,93,1,1
71818,131,120,11,11
71819,61,67,-6,6
71820,66,74,-8,8
71821,78,86,-8,8
71822,145,146,-1,1
71823,166,159,7,7
71824,88,85,3,3
71825,99,94,5,5
71826,85,93,-8,8
71827,62,71,-9,9
71828,85,92,-7,7
71829,103,104,-1,1
71830,123,143,-20,20
71831,43,59,-16,16
71832,89,99,-10,10
71833,61,70,-9,9
71834,65,72,-7,7
71835,81,85,-4,4
71836,77,78,-1,1
71837,118,117,1,1
71838,53,62,-9,9
71839,90,84,6,6
71840,101,117,-16,16
71841,88,90,-2,2
71842,136,131,5,5
71843,142,135,7,7
71844,79,76,3,3
71845,124,122,2,2
71846,69,74,-5,5
71847,55,64,-9,9
71848,84,87,-3,3
71849,34,46,-12,12
71850,86,83,3,3
71851,67,71,-4,4
71852,234,200,34,34
71853,175,163,12,12
71854,50,60,-10,10
71855,75,76,-1,1
71856,61,69,-8,8
71857,103,100,3,3
71858,59,67,-8,8
71859,83,97,-14,14
71860,50,59,-9,9
71861,89,93,-4,4
71862,65,78,-13,13
71863,140,122,18,18
71864,158,147,11,11
71865,113,105,8,8
71866,118,120,-2,2
71867,172,147,25,25
71868,119,120,-1,1
71869,106,105,1,1
71870,146,138,8,8
71871,72,78,-6,6
71872,84,88,-4,4
71873,78,85,-7,7
71874,58,64,-6,6
71875,85,81,4,4
71876,137,125,12,12
71877,86,116,-30,30
71878,78,79,-1,1
71879,88,94,-6,6
71880,108,104,4,4
71881,104,96,8,8
71882,77,92,-15,15
71883,101,101,0,0
71884,109,105,4,4
71885,84,82,2,2
71886,70,72,-2,2
71887,134,136,-2,2
71888,51,57,-6,6
71889,128,123,5,5
71890,103,111,-8,8
71891,76,82,-6,6
71892,101,108,-7,7
71893,92,95,-3,3
71894,72,82,-10,10
71895,68,79,-11,11
71896,84,90,-6,6
71897,88,92,-4,4
71898,119,122,-3,3
71899,56,60,-4,4
71900,31,48,-17,17
71901,91,96,-5,5
71902,163,150,13,13
71903,124,114,10,10
71904,71,73,-2,2
71905,101,97,4,4
71906,112,138,-26,26
71907,103,101,2,2
71908,74,78,-4,4
71909,57,69,-12,12
71910,137,131,6,6
71911,124,111,13,13
71912,77,93,-16,16
71913,83,84,-1,1
71914,66,83,-17,17
71915,110,99,11,11
71916,65,73,-8,8
71917,98,102,-4,4
71918,87,88,-1,1
71919,90,86,4,4
71920,140,134,6,6
71921,116,112,4,4
71922,128,117,11,11
71923,73,76,-3,3
71924,155,168,-13,13
71925,96,102,-6,6
71926,115,116,-1,1
71927,63,72,-9,9
71928,57,62,-5,5
71929,113,119,-6,6
71930,104,95,9,9
71931,53,67,-14,14
71932,62,70,-8,8
71933,53,66,-13,13
71934,71,75,-4,4
71935,76,82,-6,6
71936,117,108,9,9
71937,57,68,-11,11
71938,79,77,2,2
71939,69,87,-18,18
71940,78,79,-1,1
71941,40,70,-30,30
71942,58,78,-20,20
71943,105,97,8,8
71944,87,100,-13,13
71945,118,103,15,15
71946,101,112,-11,11
71947,32,39,-7,7
71948,75,80,-5,5
71949,112,110,2,2
71950,112,100,12,12
71951,124,129,-5,5
71952,68,74,-6,6
71953,72,73,-1,1
71954,52,63,-11,11
71955,84,85,-1,1
71956,78,80,-2,2
71957,106,93,13,13
71958,126,123,3,3
71959,103,103,0,0
71960,110,98,12,12
71961,91,86,5,5
71962,149,133,16,16
71963,55,64,-9,9
71964,113,108,5,5
71965,72,76,-4,4
71966,79,86,-7,7
71967,125,119,6,6
71968,126,117,9,9
71969,156,156,0,0
71970,69,75,-6,6
71971,59,61,-2,2
71972,92,108,-16,16
71973,65,71,-6,6
71974,94,97,-3,3
71975,76,90,-14,14
71976,145,135,10,10
71977,141,135,6,6
71978,71,80,-9,9
71979,91,92,-1,1
71980,56,69,-13,13
71981,107,112,-5,5
71982,73,74,-1,1
71983,120,129,-9,9
71984,109,83,26,26
71985,125,115,10,10
71986,80,83,-3,3
71987,55,65,-10,10
71988,92,97,-5,5
71989,125,121,4,4
71990,74,80,-6,6
71991,65,79,-14,14
71992,85,91,-6,6
71993,41,56,-15,15
71994,73,86,-13,13
71995,133,108,25,25
71996,48,59,-11,11
71997,81,83,-2,2
71998,109,119,-10,10
71999,98,96,2,2
72000,123,119,4,4
72001,103,107,-4,4
72002,79,83,-4,4
72003,60,72,-12,12
72004,93,94,-1,1
72005,162,127,35,35
72006,121,110,11,11
72007,113,119,-6,6
72008,64,72,-8,8
72009,61,72,-11,11
72010,110,106,4,4
72011,106,100,6,6
72012,111,104,7,7
72013,72,84,-12,12
72014,50,57,-7,7
72015,58,61,-3,3
72016,112,118,-6,6
72017,86,99,-13,13
72018,77,80,-3,3
72019,116,115,1,1
72020,77,83,-6,6
72021,156,136,20,20
72022,94,97,-3,3
72023,152,136,16,16
72024,153,144,9,9
72025,91,93,-2,2
72026,114,109,5,5
72027,54,66,-12,12
72028,68,72,-4,4
72029,108,124,-16,16
72030,144,133,11,11
72031,122,113,9,9
72032,94,99,-5,5
72033,100,95,5,5
72034,63,73,-10,10
72035,109,103,6,6
72036,92,85,7,7
72037,104,97,7,7
72038,80,76,4,4
72039,83,87,-4,4
72040,115,120,-5,5
72041,149,145,4,4
72042,111,111,0,0
72043,64,77,-13,13
72044,117,104,13,13
72045,68,75,-7,7
72046,98,93,5,5
72047,58,66,-8,8
72048,109,102,7,7
72049,84,86,-2,2
72050,59,70,-11,11
72051,122,106,16,16
72052,67,76,-9,9
72053,74,73,1,1
72054,65,75,-10,10
72055,95,93,2,2
72056,90,94,-4,4
72057,71,77,-6,6
72058,46,54,-8,8
72059,37,69,-32,32
72060,128,120,8,8
72061,110,107,3,3
72062,98,106,-8,8
72063,55,63,-8,8
72064,118,108,10,10
72065,28,42,-14,14
72066,164,151,13,13
72067,97,99,-2,2
72068,149,129,20,20
72069,100,93,7,7
72070,102,108,-6,6
72071,99,98,1,1
72072,170,142,28,28
72073,124,124,0,0
72074,109,119,-10,10
72075,146,132,14,14
72076,170,162,8,8
72077,85,73,12,12
72078,106,101,5,5
72079,96,98,-2,2
72080,105,102,3,3
72081,116,103,13,13
72082,61,72,-11,11
72083,114,116,-2,2
72084,105,101,4,4
72085,163,168,-5,5
72086,50,62,-12,12
72087,141,120,21,21
72088,79,91,-12,12
72089,129,120,9,9
72090,82,84,-2,2
72091,61,71,-10,10
72092,69,77,-8,8
72093,62,80,-18,18
72094,93,93,0,0
72095,92,99,-7,7
72096,91,103,-12,12
72097,45,58,-13,13
72098,167,151,16,16
72099,71,76,-5,5
72100,43,58,-15,15
72101,122,120,2,2
72102,73,72,1,1
72103,99,96,3,3
72104,82,84,-2,2
72105,119,105,14,14
72106,135,119,16,16
72107,46,57,-11,11
72108,102,95,7,7
72109,66,71,-5,5
72110,159,153,6,6
72111,93,91,2,2
72112,93,86,7,7
72113,71,77,-6,6
72114,106,90,16,16
72115,99,94,5,5
72116,145,152,-7,7
72117,102,111,-9,9
72118,146,138,8,8
72119,129,125,4,4
72120,105,113,-8,8
72121,119,108,11,11
72122,49,62,-13,13
72123,114,106,8,8
72124,137,133,4,4
72125,84,86,-2,2
72126,63,71,-8,8
72127,120,111,9,9
72128,63,68,-5,5
72129,153,131,22,22
72130,73,82,-9,9
72131,110,101,9,9
72132,178,163,15,15
72133,73,99,-26,26
72134,80,80,0,0
72135,98,98,0,0
72136,122,121,1,1
72137,122,119,3,3
72138,95,98,-3,3
72139,100,104,-4,4
72140,107,107,0,0
72141,86,82,4,4
72142,62,67,-5,5
72143,77,81,-4,4
72144,49,63,-14,14
72145,68,77,-9,9
72146,25,30,-5,5
72147,83,83,0,0
72148,54,56,-2,2
72149,122,121,1,1
72150,115,120,-5,5
72151,92,87,5,5
72152,120,128,-8,8
72153,161,147,14,14
72154,100,97,3,3
72155,127,125,2,2
72156,56,68,-12,12
72157,120,118,2,2
72158,319,270,49,49
72159,161,142,19,19
72160,120,107,13,13
72161,119,107,12,12
72162,119,102,17,17
72163,155,134,21,21
72164,90,95,-5,5
72165,43,60,-17,17
72166,67,68,-1,1
72167,75,75,0,0
72168,86,87,-1,1
72169,107,101,6,6
72170,109,108,1,1
72171,105,108,-3,3
72172,120,121,-1,1
72173,57,65,-8,8
72174,81,87,-6,6
72175,114,107,7,7
72176,101,99,2,2
72177,104,96,8,8
72178,105,95,10,10
72179,93,97,-4,4
72180,117,114,3,3
72181,93,92,1,1
72182,60,70,-10,10
72183,81,74,7,7
72184,96,95,1,1
72185,99,102,-3,3
72186,88,84,4,4
72187,113,118,-5,5
72188,91,100,-9,9
72189,142,130,12,12
72190,95,96,-1,1
72191,79,85,-6,6
72192,80,95,-15,15
72193,54,64,-10,10
72194,124,115,9,9
72195,86,93,-7,7
72196,154,129,25,25
72197,77,84,-7,7
72198,129,112,17,17
72199,196,166,30,30
72200,78,82,-4,4
72201,63,74,-11,11
72202,176,156,20,20
72203,102,101,1,1
72204,102,105,-3,3
72205,92,93,-1,1
72206,145,131,14,14
72207,64,72,-8,8
72208,100,95,5,5
72209,96,109,-13,13
72210,96,89,7,7
72211,51,62,-11,11
72212,61,77,-16,16
72213,129,122,7,7
72214,196,172,24,24
72215,61,69,-8,8
72216,86,89,-3,3
72217,69,82,-13,13
72218,121,112,9,9
72219,87,95,-8,8
72220,105,96,9,9
72221,67,86,-19,19
72222,71,89,-18,18
72223,165,147,18,18
72224,132,124,8,8
72225,171,157,14,14
72226,81,80,1,1
72227,142,131,11,11
72228,75,81,-6,6
72229,102,96,6,6
72230,86,94,-8,8
72231,136,123,13,13
72232,63,69,-6,6
72233,122,122,0,0
72234,89,95,-6,6
72235,97,104,-7,7
72236,67,75,-8,8
72237,105,100,5,5
72238,64,69,-5,5
72239,85,98,-13,13
72240,99,105,-6,6
72241,80,75,5,5
72242,115,106,9,9
72243,65,73,-8,8
72244,104,94,10,10
72245,115,114,1,1
72246,147,136,11,11
72247,105,101,4,4
72248,141,132,9,9
72249,163,153,10,10
72250,129,119,10,10
72251,90,93,-3,3
72252,73,81,-8,8
72253,101,92,9,9
72254,103,105,-2,2
72255,53,68,-15,15
72256,67,76,-9,9
72257,78,84,-6,6
72258,75,77,-2,2
72259,76,79,-3,3
72260,105,105,0,0
72261,103,95,8,8
72262,108,112,-4,4
72263,154,132,22,22
72264,84,92,-8,8
72265,125,119,6,6
72266,71,76,-5,5
72267,84,94,-10,10
72268,81,85,-4,4
72269,95,96,-1,1
72270,249,204,45,45
72271,101,102,-1,1
72272,69,79,-10,10
72273,109,115,-6,6
72274,76,82,-6,6
72275,92,95,-3,3
72276,56,70,-14,14
72277,85,96,-11,11
72278,51,63,-12,12
72279,117,104,13,13
72280,74,81,-7,7
72281,184,158,26,26
72282,82,91,-9,9
72283,93,100,-7,7
72284,87,84,3,3
72285,56,64,-8,8
72286,65,70,-5,5
72287,95,92,3,3
72288,112,116,-4,4
72289,110,108,2,2
72290,137,132,5,5
72291,73,80,-7,7
72292,128,116,12,12
72293,99,90,9,9
72294,133,124,9,9
72295,109,106,3,3
72296,74,91,-17,17
72297,99,93,6,6
72298,23,47,-24,24
72299,87,99,-12,12
72300,175,158,17,17
72301,71,81,-10,10
72302,64,76,-12,12
72303,74,88,-14,14
72304,127,126,1,1
72305,136,137,-1,1
72306,114,112,2,2
72307,143,134,9,9
72308,115,115,0,0
72309,83,93,-10,10
72310,118,114,4,4
72311,64,72,-8,8
72312,94,97,-3,3
72313,69,67,2,2
72314,142,129,13,13
72315,75,78,-3,3
72316,58,64,-6,6
72317,19,30,-11,11
72318,83,89,-6,6
72319,59,69,-10,10
72320,99,99,0,0
72321,69,80,-11,11
72322,95,93,2,2
72323,248,195,53,53
72324,129,121,8,8
72325,45,60,-15,15
72326,129,126,3,3
72327,99,94,5,5
72328,98,96,2,2
72329,115,118,-3,3
72330,136,134,2,2
72331,111,104,7,7
72332,98,104,-6,6
72333,85,95,-10,10
72334,141,130,11,11
72335,94,101,-7,7
72336,94,97,-3,3
72337,112,120,-8,8
72338,107,110,-3,3
72339,127,122,5,5
72340,113,103,10,10
72341,131,115,16,16
72342,69,80,-11,11
72343,51,62,-11,11
72344,148,133,15,15
72345,79,75,4,4
72346,108,110,-2,2
72347,105,110,-5,5
72348,82,102,-20,20
72349,152,156,-4,4
72350,77,87,-10,10
72351,96,104,-8,8
72352,118,129,-11,11
72353,176,164,12,12
72354,161,160,1,1
72355,74,77,-3,3
72356,89,96,-7,7
72357,126,130,-4,4
72358,105,103,2,2
72359,102,101,1,1
72360,74,84,-10,10
72361,122,113,9,9
72362,80,86,-6,6
72363,75,79,-4,4
72364,148,141,7,7
72365,129,122,7,7
72366,68,73,-5,5
72367,74,92,-18,18
72368,96,89,7,7
72369,88,87,1,1
72370,53,73,-20,20
72371,79,81,-2,2
72372,78,80,-2,2
72373,69,78,-9,9
72374,134,121,13,13
72375,77,80,-3,3
72376,144,123,21,21
72377,102,103,-1,1
72378,112,119,-7,7
72379,122,117,5,5
72380,87,88,-1,1
72381,111,113,-2,2
72382,102,101,1,1
72383,73,79,-6,6
72384,86,90,-4,4
72385,74,77,-3,3
72386,132,121,11,11
72387,128,124,4,4
72388,130,124,6,6
72389,62,69,-7,7
72390,44,60,-16,16
72391,78,87,-9,9
72392,95,94,1,1
72393,95,88,7,7
72394,116,117,-1,1
72395,80,82,-2,2
72396,57,69,-12,12
72397,84,98,-14,14
72398,122,113,9,9
72399,115,118,-3,3
72400,185,159,26,26
72401,144,121,23,23
72402,54,65,-11,11
72403,125,120,5,5
72404,107,112,-5,5
72405,140,141,-1,1
72406,59,68,-9,9
72407,64,74,-10,10
72408,83,89,-6,6
72409,56,65,-9,9
72410,79,76,3,3
72411,58,64,-6,6
72412,92,96,-4,4
72413,138,134,4,4
72414,110,105,5,5
72415,197,169,28,28
72416,102,101,1,1
72417,75,78,-3,3
72418,127,119,8,8
72419,95,99,-4,4
72420,64,67,-3,3
72421,68,79,-11,11
72422,174,157,17,17
72423,61,69,-8,8
72424,74,74,0,0
72425,106,106,0,0
72426,60,71,-11,11
72427,73,90,-17,17
72428,92,92,0,0
72429,189,153,36,36
72430,99,95,4,4
72431,147,137,10,10
72432,120,114,6,6
72433,75,83,-8,8
72434,57,66,-9,9
72435,56,62,-6,6
72436,73,78,-5,5
72437,67,72,-5,5
72438,176,155,21,21
72439,131,125,6,6
72440,101,99,2,2
72441,77,78,-1,1
72442,90,112,-22,22
72443,106,111,-5,5
72444,120,117,3,3
72445,82,83,-1,1
72446,117,114,3,3
72447,57,83,-26,26
72448,57,75,-18,18
72449,104,101,3,3
72450,85,85,0,0
72451,112,114,-2,2
72452,89,94,-5,5
72453,88,102,-14,14
72454,87,83,4,4
72455,103,120,-17,17
72456,151,134,17,17
72457,92,97,-5,5
72458,98,93,5,5
72459,63,81,-18,18
72460,88,94,-6,6
72461,85,85,0,0
72462,29,38,-9,9
72463,88,99,-11,11
72464,105,111,-6,6
72465,108,104,4,4
72466,69,73,-4,4
72467,100,100,0,0
72468,67,78,-11,11
72469,78,74,4,4
72470,97,100,-3,3
72471,84,80,4,4
72472,57,73,-16,16
72473,124,115,9,9
72474,117,112,5,5
72475,101,97,4,4
72476,104,106,-2,2
72477,97,105,-8,8
72478,69,74,-5,5
72479,105,103,2,2
72480,78,88,-10,10
72481,75,76,-1,1
72482,67,67,0,0
72483,182,154,28,28
72484,49,64,-15,15
72485,89,93,-4,4
72486,72,79,-7,7
72487,97,99,-2,2
72488,72,76,-4,4
72489,66,69,-3,3
72490,118,122,-4,4
72491,49,64,-15,15
72492,87,86,1,1
72493,157,133,24,24
72494,63,73,-10,10
72495,69,78,-9,9
72496,163,156,7,7
72497,221,204,17,17
72498,60,72,-12,12
72499,97,100,-3,3
72500,64,63,1,1
72501,87,100,-13,13
72502,101,102,-1,1
72503,96,97,-1,1
72504,111,119,-8,8
72505,67,76,-9,9
72506,112,111,1,1
72507,92,91,1,1
72508,90,101,-11,11
72509,127,132,-5,5
72510,62,72,-10,10
72511,82,90,-8,8
72512,131,115,16,16
72513,66,70,-4,4
72514,122,127,-5,5
72515,80,93,-13,13
72516,83,92,-9,9
72517,71,82,-11,11
72518,76,77,-1,1
72519,130,133,-3,3
72520,72,70,2,2
72521,51,62,-11,11
72522,114,119,-5,5
72523,62,75,-13,13
72524,46,55,-9,9
72525,58,73,-15,15
72526,84,94,-10,10
72527,69,75,-6,6
72528,59,115,-56,56
72529,65,73,-8,8
72530,175,166,9,9
72531,135,130,5,5
72532,106,104,2,2
72533,72,85,-13,13
72534,124,120,4,4
72535,126,119,7,7
72536,120,119,1,1
72537,92,93,-1,1
72538,68,72,-4,4
72539,109,103,6,6
72540,74,89,-15,15
72541,61,74,-13,13
72542,96,96,0,0
72543,115,122,-7,7
72544,88,95,-7,7
72545,112,108,4,4
72546,182,156,26,26
72547,156,140,16,16
72548,156,141,15,15
72549,103,93,10,10
72550,89,89,0,0
72551,114,103,11,11
72552,106,95,11,11
72553,85,81,4,4
72554,107,99,8,8
72555,75,77,-2,2
72556,84,91,-7,7
72557,120,116,4,4
72558,95,89,6,6
72559,48,58,-10,10
72560,65,68,-3,3
72561,59,74,-15,15
72562,85,87,-2,2
72563,125,119,6,6
72564,89,89,0,0
72565,92,90,2,2
72566,131,130,1,1
72567,83,87,-4,4
72568,81,81,0,0
72569,82,80,2,2
72570,66,73,-7,7
72571,126,125,1,1
72572,167,148,19,19
72573,103,105,-2,2
72574,119,112,7,7
72575,133,127,6,6
72576,138,134,4,4
72577,136,126,10,10
72578,57,67,-10,10
72579,111,105,6,6
72580,75,84,-9,9
72581,64,71,-7,7
72582,111,112,-1,1
72583,126,122,4,4
72584,147,133,14,14
72585,188,155,33,33
72586,123,73,50,50
72587,87,98,-11,11
72588,77,82,-5,5
72589,82,85,-3,3
72590,83,86,-3,3
72591,69,82,-13,13
72592,136,134,2,2
72593,53,68,-15,15
72594,81,84,-3,3
72595,124,122,2,2
72596,111,107,4,4
72597,120,119,1,1
72598,66,78,-12,12
72599,68,75,-7,7
72600,147,145,2,2
72601,193,164,29,29
72602,62,69,-7,7
72603,113,118,-5,5
72604,83,86,-3,3
72605,114,117,-3,3
72606,138,135,3,3
72607,63,77,-14,14
72608,153,133,20,20
72609,75,84,-9,9
72610,104,100,4,4
72611,138,143,-5,5
72612,86,81,5,5
72613,85,89,-4,4
72614,132,127,5,5
72615,86,88,-2,2
72616,60,73,-13,13
72617,119,112,7,7
72618,233,195,38,38
72619,125,130,-5,5
72620,128,121,7,7
72621,135,131,4,4
72622,92,90,2,2
72623,134,125,9,9
72624,108,104,4,4
72625,154,135,19,19
72626,149,142,7,7
72627,112,103,9,9
72628,117,112,5,5
72629,158,147,11,11
72630,83,83,0,0
72631,92,96,-4,4
72632,80,82,-2,2
72633,86,90,-4,4
72634,23,30,-7,7
72635,90,94,-4,4
72636,129,128,1,1
72637,122,118,4,4
72638,49,65,-16,16
72639,58,72,-14,14
72640,115,107,8,8
72641,92,94,-2,2
72642,146,156,-10,10
72643,69,92,-23,23
72644,107,115,-8,8
72645,152,137,15,15
72646,106,97,9,9
72647,78,83,-5,5
72648,122,107,15,15
72649,97,105,-8,8
72650,62,72,-10,10
72651,125,123,2,2
72652,172,153,19,19
72653,73,79,-6,6
72654,88,90,-2,2
72655,69,76,-7,7
72656,72,71,1,1
72657,87,92,-5,5
72658,53,64,-11,11
72659,65,74,-9,9
72660,117,111,6,6
72661,105,109,-4,4
72662,168,152,16,16
72663,83,94,-11,11
72664,65,75,-10,10
72665,108,102,6,6
72666,45,60,-15,15
72667,123,112,11,11
72668,62,75,-13,13
72669,69,77,-8,8
72670,65,73,-8,8
72671,88,101,-13,13
72672,70,77,-7,7
72673,115,111,4,4
72674,68,72,-4,4
72675,109,106,3,3
72676,117,119,-2,2
72677,68,77,-9,9
72678,93,93,0,0
72679,76,79,-3,3
72680,147,133,14,14
72681,124,117,7,7
72682,146,137,9,9
72683,104,113,-9,9
72684,85,91,-6,6
72685,107,99,8,8
72686,131,117,14,14
72687,71,75,-4,4
72688,78,77,1,1
72689,69,79,-10,10
72690,124,130,-6,6
72691,101,94,7,7
72692,64,68,-4,4
72693,69,75,-6,6
72694,60,75,-15,15
72695,97,95,2,2
72696,78,81,-3,3
72697,106,124,-18,18
72698,102,96,6,6
72699,102,101,1,1
72700,135,129,6,6
72701,84,96,-12,12
72702,132,121,11,11
72703,81,77,4,4
72704,55,61,-6,6
72705,80,81,-1,1
72706,89,101,-12,12
72707,218,311,-93,93
72708,68,70,-2,2
72709,136,114,22,22
72710,78,79,-1,1
72711,66,76,-10,10
72712,115,114,1,1
72713,102,95,7,7
72714,64,73,-9,9
72715,32,30,2,2
72716,61,65,-4,4
72717,98,99,-1,1
72718,87,78,9,9
72719,75,71,4,4
72720,131,119,12,12
72721,82,94,-12,12
72722,102,97,5,5
72723,68,71,-3,3
72724,129,124,5,5
72725,147,137,10,10
72726,54,65,-11,11
72727,95,98,-3,3
72728,181,165,16,16
72729,102,105,-3,3
72730,49,64,-15,15
72731,100,94,6,6
72732,72,81,-9,9
72733,137,139,-2,2
72734,57,65,-8,8
72735,85,83,2,2
72736,69,76,-7,7
72737,44,43,1,1
72738,102,101,1,1
72739,140,137,3,3
72740,59,71,-12,12
72741,59,75,-16,16
72742,67,72,-5,5
72743,96,98,-2,2
72744,54,54,0,0
72745,81,82,-1,1
72746,154,143,11,11
72747,134,138,-4,4
72748,100,89,11,11
72749,104,97,7,7
72750,92,102,-10,10
72751,63,71,-8,8
72752,115,99,16,16
72753,55,66,-11,11
72754,163,149,14,14
72755,122,122,0,0
72756,106,102,4,4
72757,90,96,-6,6
72758,97,95,2,2
72759,69,77,-8,8
72760,86,89,-3,3
72761,87,90,-3,3
72762,134,119,15,15
72763,83,91,-8,8
72764,96,99,-3,3
72765,75,76,-1,1
72766,91,84,7,7
72767,74,75,-1,1
72768,105,104,1,1
72769,109,104,5,5
72770,50,74,-24,24
72771,83,77,6,6
72772,101,98,3,3
72773,98,102,-4,4
72774,78,83,-5,5
72775,115,103,12,12
72776,151,134,17,17
72777,50,55,-5,5
72778,111,111,0,0
72779,75,87,-12,12
72780,191,173,18,18
72781,82,82,0,0
72782,133,121,12,12
72783,131,125,6,6
72784,69,74,-5,5
72785,112,104,8,8
72786,52,67,-15,15
72787,109,119,-10,10
72788,82,89,-7,7
72789,106,114,-8,8
72790,36,49,-13,13
72791,84,86,-2,2
72792,103,99,4,4
72793,56,67,-11,11
72794,78,82,-4,4
72795,69,75,-6,6
72796,67,76,-9,9
72797,83,94,-11,11
72798,103,105,-2,2
72799,84,86,-2,2
72800,68,79,-11,11
72801,78,82,-4,4
72802,118,110,8,8
72803,112,109,3,3
72804,108,107,1,1
72805,113,108,5,5
72806,116,101,15,15
72807,67,72,-5,5
72808,110,111,-1,1
72809,100,95,5,5
72810,111,101,10,10
72811,82,90,-8,8
72812,157,147,10,10
72813,75,82,-7,7
72814,102,100,2,2
72815,90,93,-3,3
72816,60,70,-10,10
72817,88,93,-5,5
72818,96,98,-2,2
72819,117,134,-17,17
72820,76,87,-11,11
72821,166,145,21,21
72822,187,154,33,33
72823,73,72,1,1
72824,91,98,-7,7
72825,125,121,4,4
72826,60,72,-12,12
72827,91,92,-1,1
72828,99,114,-15,15
72829,80,77,3,3
72830,125,120,5,5
72831,111,116,-5,5
72832,54,66,-12,12
72833,192,170,22,22
72834,159,142,17,17
72835,71,75,-4,4
72836,80,88,-8,8
72837,58,67,-9,9
72838,78,78,0,0
72839,146,129,17,17
72840,73,75,-2,2
72841,178,149,29,29
72842,94,96,-2,2
72843,131,120,11,11
72844,70,68,2,2
72845,126,124,2,2
72846,84,85,-1,1
72847,80,87,-7,7
72848,214,183,31,31
72849,111,109,2,2
72850,134,135,-1,1
72851,89,91,-2,2
72852,124,132,-8,8
72853,112,104,8,8
72854,94,102,-8,8
72855,110,105,5,5
72856,143,137,6,6
72857,70,78,-8,8
72858,112,114,-2,2
72859,88,87,1,1
72860,89,87,2,2
72861,78,79,-1,1
72862,121,111,10,10
72863,69,76,-7,7
72864,82,85,-3,3
72865,137,158,-21,21
72866,116,116,0,0
72867,169,150,19,19
72868,108,100,8,8
72869,62,67,-5,5
72870,66,85,-19,19
72871,126,119,7,7
72872,77,76,1,1
72873,170,155,15,15
72874,48,61,-13,13
72875,123,113,10,10
72876,135,125,10,10
72877,128,124,4,4
72878,108,107,1,1
72879,102,95,7,7
72880,89,93,-4,4
72881,68,78,-10,10
72882,83,81,2,2
72883,174,165,9,9
72884,130,110,20,20
72885,176,154,22,22
72886,87,98,-11,11
72887,69,71,-2,2
72888,69,78,-9,9
72889,100,89,11,11
72890,164,151,13,13
72891,94,101,-7,7
72892,82,83,-1,1
72893,191,178,13,13
72894,99,101,-2,2
72895,78,85,-7,7
72896,68,74,-6,6
72897,121,104,17,17
72898,128,119,9,9
72899,149,140,9,9
72900,164,147,17,17
72901,74,80,-6,6
72902,67,69,-2,2
72903,59,71,-12,12
72904,100,117,-17,17
72905,62,78,-16,16
72906,100,101,-1,1
72907,79,86,-7,7
72908,137,147,-10,10
72909,74,80,-6,6
72910,94,96,-2,2
72911,119,103,16,16
72912,103,95,8,8
72913,95,95,0,0
72914,60,63,-3,3
72915,111,105,6,6
72916,34,48,-14,14
72917,78,92,-14,14
72918,97,96,1,1
72919,111,110,1,1
72920,85,94,-9,9
72921,149,134,15,15
72922,90,87,3,3
72923,49,60,-11,11
72924,138,127,11,11
72925,69,72,-3,3
72926,79,77,2,2
72927,70,73,-3,3
72928,82,88,-6,6
72929,79,85,-6,6
72930,85,97,-12,12
72931,89,88,1,1
72932,67,73,-6,6
72933,106,117,-11,11
72934,70,83,-13,13
72935,74,85,-11,11
72936,55,71,-16,16
72937,164,154,10,10
72938,77,80,-3,3
72939,57,64,-7,7
72940,97,107,-10,10
72941,136,139,-3,3
72942,83,86,-3,3
72943,66,74,-8,8
72944,92,96,-4,4
72945,92,97,-5,5
72946,71,74,-3,3
72947,67,82,-15,15
72948,150,133,17,17
72949,69,78,-9,9
72950,132,121,11,11
72951,194,172,22,22
72952,137,134,3,3
72953,68,77,-9,9
72954,90,98,-8,8
72955,113,109,4,4
72956,61,65,-4,4
72957,160,141,19,19
72958,149,141,8,8
72959,48,63,-15,15
72960,128,124,4,4
72961,102,102,0,0
72962,95,97,-2,2
72963,68,70,-2,2
72964,164,152,12,12
72965,92,102,-10,10
72966,100,96,4,4
72967,68,81,-13,13
72968,81,85,-4,4
72969,87,86,1,1
72970,121,105,16,16
72971,95,99,-4,4
72972,99,89,10,10
72973,59,73,-14,14
72974,140,124,16,16
72975,109,94,15,15
72976,147,131,16,16
72977,84,88,-4,4
72978,111,105,6,6
72979,85,93,-8,8
72980,63,76,-13,13
72981,64,69,-5,5
72982,75,77,-2,2
72983,136,119,17,17
72984,140,139,1,1
72985,45,59,-14,14
72986,159,152,7,7
72987,110,100,10,10
72988,54,72,-18,18
72989,129,125,4,4
72990,170,167,3,3
72991,111,108,3,3
72992,72,75,-3,3
72993,129,124,5,5
72994,67,75,-8,8
72995,159,163,-4,4
72996,60,73,-13,13
72997,91,93,-2,2
72998,126,114,12,12
72999,240,190,50,50
73000,113,111,2,2
73001,85,83,2,2
73002,54,63,-9,9
73003,68,75,-7,7
73004,89,89,0,0
73005,142,127,15,15
73006,146,131,15,15
73007,87,89,-2,2
73008,122,123,-1,1
73009,81,65,16,16
73010,77,82,-5,5
73011,113,102,11,11
73012,182,174,8,8
73013,111,105,6,6
73014,97,91,6,6
73015,90,90,0,0
73016,149,138,11,11
73017,62,79,-17,17
73018,121,119,2,2
73019,90,91,-1,1
73020,64,67,-3,3
73021,158,147,11,11
73022,89,92,-3,3
73023,93,92,1,1
73024,82,80,2,2
73025,80,88,-8,8
73026,231,215,16,16
73027,52,66,-14,14
73028,185,156,29,29
73029,125,125,0,0
73030,116,107,9,9
73031,70,78,-8,8
73032,92,91,1,1
73033,135,133,2,2
73034,83,92,-9,9
73035,78,85,-7,7
73036,89,90,-1,1
73037,98,94,4,4
73038,74,85,-11,11
73039,117,117,0,0
73040,65,193,-128,128
73041,80,84,-4,4
73042,82,84,-2,2
73043,144,143,1,1
73044,64,71,-7,7
73045,144,133,11,11
73046,46,56,-10,10
73047,29,43,-14,14
73048,81,84,-3,3
73049,115,111,4,4
73050,99,96,3,3
73051,80,79,1,1
73052,111,106,5,5
73053,113,109,4,4
73054,119,103,16,16
73055,49,51,-2,2
73056,128,121,7,7
73057,168,151,17,17
73058,52,61,-9,9
73059,115,114,1,1
73060,230,192,38,38
73061,113,127,-14,14
73062,66,70,-4,4
73063,102,102,0,0
73064,52,63,-11,11
73065,94,95,-1,1
73066,69,78,-9,9
73067,146,149,-3,3
73068,130,122,8,8
73069,82,78,4,4
73070,51,60,-9,9
73071,114,107,7,7
73072,58,74,-16,16
73073,70,81,-11,11
73074,74,79,-5,5
73075,75,75,0,0
73076,54,61,-7,7
73077,134,132,2,2
73078,46,56,-10,10
73079,79,81,-2,2
73080,66,80,-14,14
73081,114,116,-2,2
73082,76,88,-12,12
73083,149,137,12,12
73084,126,119,7,7
73085,91,98,-7,7
73086,56,64,-8,8
73087,131,127,4,4
73088,119,127,-8,8
73089,119,115,4,4
73090,124,120,4,4
73091,142,134,8,8
73092,215,180,35,35
73093,59,68,-9,9
73094,60,68,-8,8
73095,76,85,-9,9
73096,54,60,-6,6
73097,78,92,-14,14
73098,133,137,-4,4
73099,56,62,-6,6
73100,79,85,-6,6
73101,74,75,-1,1
73102,55,73,-18,18
73103,62,66,-4,4
73104,47,57,-10,10
73105,112,116,-4,4
73106,112,104,8,8
73107,122,116,6,6
73108,104,103,1,1
73109,81,101,-20,20
73110,76,88,-12,12
73111,61,67,-6,6
73112,230,174,56,56
73113,87,88,-1,1
73114,94,91,3,3
73115,83,83,0,0
73116,154,129,25,25
73117,140,127,13,13
73118,81,88,-7,7
73119,78,80,-2,2
73120,112,105,7,7
73121,133,119,14,14
73122,72,80,-8,8
73123,150,121,29,29
73124,133,124,9,9
73125,74,73,1,1
73126,122,119,3,3
73127,90,92,-2,2
73128,69,72,-3,3
73129,75,83,-8,8
73130,50,56,-6,6
73131,135,125,10,10
73132,126,120,6,6
73133,68,90,-22,22
73134,88,90,-2,2
73135,78,90,-12,12
73136,55,68,-13,13
73137,94,100,-6,6
73138,57,70,-13,13
73139,70,79,-9,9
73140,150,139,11,11
73141,67,77,-10,10
73142,78,86,-8,8
73143,82,82,0,0
73144,123,124,-1,1
73145,75,75,0,0
73146,151,148,3,3
73147,79,80,-1,1
73148,116,107,9,9
73149,89,88,1,1
73150,143,133,10,10
73151,94,96,-2,2
73152,94,100,-6,6
73153,81,90,-9,9
73154,77,89,-12,12
73155,85,92,-7,7
73156,104,108,-4,4
73157,58,68,-10,10
73158,76,85,-9,9
73159,72,77,-5,5
73160,90,89,1,1
73161,126,130,-4,4
73162,81,85,-4,4
73163,113,110,3,3
73164,72,82,-10,10
73165,111,115,-4,4
73166,94,92,2,2
73167,77,78,-1,1
73168,76,75,1,1
73169,91,88,3,3
73170,84,89,-5,5
73171,50,68,-18,18
73172,111,113,-2,2
73173,160,147,13,13
73174,90,86,4,4
73175,165,165,0,0
73176,153,132,21,21
73177,38,52,-14,14
73178,76,93,-17,17
73179,73,79,-6,6
73180,99,103,-4,4
73181,64,70,-6,6
73182,148,134,14,14
73183,146,137,9,9
73184,86,88,-2,2
73185,70,80,-10,10
73186,74,75,-1,1
73187,102,99,3,3
73188,76,75,1,1
73189,115,109,6,6
73190,111,106,5,5
73191,67,74,-7,7
73192,120,124,-4,4
73193,72,79,-7,7
73194,93,93,0,0
73195,256,217,39,39
73196,157,148,9,9
73197,70,76,-6,6
73198,95,104,-9,9
73199,99,101,-2,2
73200,94,94,0,0
73201,81,80,1,1
73202,102,96,6,6
73203,107,106,1,1
73204,137,124,13,13
73205,91,93,-2,2
73206,90,98,-8,8
73207,68,74,-6,6
73208,59,69,-10,10
73209,86,89,-3,3
73210,118,126,-8,8
73211,197,178,19,19
73212,55,61,-6,6
73213,82,83,-1,1
73214,96,99,-3,3
73215,88,98,-10,10
73216,72,90,-18,18
73217,56,66,-10,10
73218,110,107,3,3
73219,75,77,-2,2
73220,107,117,-10,10
73221,100,104,-4,4
73222,137,122,15,15
73223,76,83,-7,7
73224,174,162,12,12
73225,101,105,-4,4
73226,85,90,-5,5
73227,53,67,-14,14
73228,108,97,11,11
73229,82,83,-1,1
73230,84,93,-9,9
73231,92,97,-5,5
73232,125,132,-7,7
73233,93,103,-10,10
73234,54,68,-14,14
73235,113,104,9,9
73236,196,182,14,14
73237,71,73,-2,2
73238,75,79,-4,4
73239,46,60,-14,14
73240,107,110,-3,3
73241,82,93,-11,11
73242,88,102,-14,14
73243,57,62,-5,5
73244,153,136,17,17
73245,131,130,1,1
73246,111,123,-12,12
73247,136,132,4,4
73248,58,70,-12,12
73249,85,89,-4,4
73250,98,93,5,5
73251,80,85,-5,5
73252,82,93,-11,11
73253,74,75,-1,1
73254,135,119,16,16
73255,88,92,-4,4
73256,27,51,-24,24
73257,60,72,-12,12
73258,82,83,-1,1
73259,176,165,11,11
73260,163,136,27,27
73261,130,130,0,0
73262,120,114,6,6
73263,143,122,21,21
73264,138,137,1,1
73265,88,89,-1,1
73266,125,121,4,4
73267,81,83,-2,2
73268,56,64,-8,8
73269,70,78,-8,8
73270,59,71,-12,12
73271,117,130,-13,13
73272,35,52,-17,17
73273,115,107,8,8
73274,59,70,-11,11
73275,88,86,2,2
73276,124,127,-3,3
73277,110,98,12,12
73278,118,110,8,8
73279,103,95,8,8
73280,121,120,1,1
73281,78,82,-4,4
73282,69,78,-9,9
73283,129,121,8,8
73284,75,75,0,0
73285,54,63,-9,9
73286,185,161,24,24
73287,105,101,4,4
73288,65,68,-3,3
73289,145,126,19,19
73290,134,121,13,13
73291,102,97,5,5
73292,75,80,-5,5
73293,106,100,6,6
73294,122,120,2,2
73295,42,58,-16,16
73296,144,144,0,0
73297,104,99,5,5
73298,117,108,9,9
73299,69,76,-7,7
73300,63,78,-15,15
73301,184,146,38,38
73302,96,96,0,0
73303,86,81,5,5
73304,98,99,-1,1
73305,78,83,-5,5
73306,91,93,-2,2
73307,53,61,-8,8
73308,79,83,-4,4
73309,141,128,13,13
73310,82,83,-1,1
73311,49,61,-12,12
73312,109,102,7,7
73313,61,71,-10,10
73314,90,95,-5,5
73315,61,63,-2,2
73316,94,104,-10,10
73317,134,131,3,3
73318,65,76,-11,11
73319,136,127,9,9
73320,164,150,14,14
73321,98,104,-6,6
73322,83,87,-4,4
73323,40,55,-15,15
73324,67,84,-17,17
73325,90,89,1,1
73326,62,65,-3,3
73327,60,65,-5,5
73328,115,104,11,11
73329,135,131,4,4
73330,75,79,-4,4
73331,35,69,-34,34
73332,94,105,-11,11
73333,113,105,8,8
73334,133,125,8,8
73335,103,75,28,28
73336,108,99,9,9
73337,65,73,-8,8
73338,67,66,1,1
73339,121,116,5,5
73340,89,101,-12,12
73341,69,76,-7,7
73342,128,124,4,4
73343,99,94,5,5
73344,100,98,2,2
73345,88,80,8,8
73346,160,143,17,17
73347,94,93,1,1
73348,111,111,0,0
73349,83,81,2,2
73350,51,68,-17,17
73351,126,119,7,7
73352,150,132,18,18
73353,57,64,-7,7
73354,63,74,-11,11
73355,112,114,-2,2
73356,196,174,22,22
73357,71,77,-6,6
73358,152,142,10,10
73359,87,92,-5,5
73360,59,66,-7,7
73361,144,134,10,10
73362,122,114,8,8
73363,61,74,-13,13
73364,99,107,-8,8
73365,74,72,2,2
73366,68,76,-8,8
73367,92,99,-7,7
73368,147,147,0,0
73369,114,109,5,5
73370,64,72,-8,8
73371,92,83,9,9
73372,85,85,0,0
73373,100,95,5,5
73374,142,129,13,13
73375,34,44,-10,10
73376,107,98,9,9
73377,110,104,6,6
73378,154,140,14,14
73379,69,76,-7,7
73380,91,101,-10,10
73381,124,113,11,11
73382,71,72,-1,1
73383,61,64,-3,3
73384,110,105,5,5
73385,86,97,-11,11
73386,143,128,15,15
73387,65,72,-7,7
73388,82,81,1,1
73389,90,97,-7,7
73390,156,151,5,5
73391,177,165,12,12
73392,108,104,4,4
73393,100,110,-10,10
73394,60,74,-14,14
73395,81,96,-15,15
73396,99,102,-3,3
73397,63,90,-27,27
73398,87,101,-14,14
73399,53,61,-8,8
73400,47,59,-12,12
73401,65,78,-13,13
73402,79,79,0,0
73403,65,73,-8,8
73404,99,101,-2,2
73405,61,69,-8,8
73406,101,107,-6,6
73407,75,75,0,0
73408,99,104,-5,5
73409,84,84,0,0
73410,130,121,9,9
73411,147,129,18,18
73412,103,103,0,0
73413,48,58,-10,10
73414,88,90,-2,2
73415,115,107,8,8
73416,81,89,-8,8
73417,69,82,-13,13
73418,144,141,3,3
73419,103,97,6,6
73420,84,84,0,0
73421,175,168,7,7
73422,133,118,15,15
73423,88,92,-4,4
73424,112,111,1,1
73425,98,101,-3,3
73426,79,80,-1,1
73427,65,72,-7,7
73428,75,88,-13,13
73429,101,104,-3,3
73430,44,58,-14,14
73431,89,93,-4,4
73432,107,105,2,2
73433,85,88,-3,3
73434,42,57,-15,15
73435,86,93,-7,7
73436,92,91,1,1
73437,70,80,-10,10
73438,79,83,-4,4
73439,39,63,-24,24
73440,90,92,-2,2
73441,126,118,8,8
73442,116,110,6,6
73443,69,79,-10,10
73444,51,65,-14,14
73445,107,101,6,6
73446,88,91,-3,3
73447,104,98,6,6
73448,81,78,3,3
73449,78,82,-4,4
73450,87,92,-5,5
73451,63,80,-17,17
73452,92,95,-3,3
73453,125,126,-1,1
73454,113,108,5,5
73455,50,61,-11,11
73456,71,76,-5,5
73457,78,83,-5,5
73458,65,73,-8,8
73459,145,131,14,14
73460,64,68,-4,4
73461,83,87,-4,4
73462,162,140,22,22
73463,84,89,-5,5
73464,149,143,6,6
73465,68,76,-8,8
73466,84,91,-7,7
73467,74,73,1,1
73468,106,104,2,2
73469,87,93,-6,6
73470,102,118,-16,16
73471,142,126,16,16
73472,159,146,13,13
73473,49,60,-11,11
73474,133,134,-1,1
73475,89,89,0,0
73476,47,61,-14,14
73477,111,113,-2,2
73478,79,80,-1,1
73479,108,119,-11,11
73480,58,69,-11,11
73481,111,118,-7,7
73482,46,60,-14,14
73483,69,74,-5,5
73484,144,139,5,5
73485,122,118,4,4
73486,114,108,6,6
73487,60,66,-6,6
73488,75,84,-9,9
73489,79,83,-4,4
73490,97,99,-2,2
73491,177,165,12,12
73492,111,104,7,7
73493,35,52,-17,17
73494,133,118,15,15
73495,58,63,-5,5
73496,114,101,13,13
73497,80,87,-7,7
73498,133,114,19,19
73499,116,117,-1,1
73500,88,81,7,7
73501,126,116,10,10
73502,135,124,11,11
73503,85,90,-5,5
73504,154,146,8,8
73505,118,111,7,7
73506,92,93,-1,1
73507,146,145,1,1
73508,63,73,-10,10
73509,77,84,-7,7
73510,113,107,6,6
73511,110,108,2,2
73512,63,73,-10,10
73513,78,75,3,3
73514,130,119,11,11
73515,64,69,-5,5
73516,81,89,-8,8
73517,75,73,2,2
73518,41,59,-18,18
73519,139,129,10,10
73520,60,69,-9,9
73521,81,86,-5,5
73522,108,104,4,4
73523,102,97,5,5
73524,63,70,-7,7
73525,111,102,9,9
73526,42,55,-13,13
73527,93,96,-3,3
73528,106,111,-5,5
73529,92,87,5,5
73530,87,89,-2,2
73531,100,101,-1,1
73532,73,80,-7,7
73533,65,69,-4,4
73534,84,96,-12,12
73535,158,148,10,10
73536,73,77,-4,4
73537,116,123,-7,7
73538,79,91,-12,12
73539,114,106,8,8
73540,108,106,2,2
73541,89,90,-1,1
73542,65,82,-17,17
73543,123,117,6,6
73544,70,80,-10,10
73545,58,68,-10,10
73546,61,74,-13,13
73547,118,130,-12,12
73548,91,97,-6,6
73549,82,93,-11,11
73550,42,62,-20,20
73551,43,56,-13,13
73552,144,126,18,18
73553,60,78,-18,18
73554,29,46,-17,17
73555,111,100,11,11
73556,69,74,-5,5
73557,192,162,30,30
73558,88,105,-17,17
73559,64,72,-8,8
73560,131,129,2,2
73561,107,111,-4,4
73562,95,104,-9,9
73563,70,79,-9,9
73564,51,59,-8,8
73565,195,171,24,24
73566,77,82,-5,5
73567,117,120,-3,3
73568,87,83,4,4
73569,46,56,-10,10
73570,71,75,-4,4
73571,65,71,-6,6
73572,171,172,-1,1
73573,106,105,1,1
73574,82,85,-3,3
73575,130,119,11,11
73576,58,72,-14,14
73577,105,109,-4,4
73578,121,120,1,1
73579,148,149,-1,1
73580,87,90,-3,3
73581,98,103,-5,5
73582,74,89,-15,15
73583,138,132,6,6
73584,95,100,-5,5
73585,104,103,1,1
73586,64,68,-4,4
73587,74,81,-7,7
73588,126,104,22,22
73589,93,100,-7,7
73590,80,83,-3,3
73591,62,71,-9,9
73592,56,70,-14,14
73593,91,96,-5,5
73594,202,173,29,29
73595,97,100,-3,3
73596,109,119,-10,10
73597,62,56,6,6
73598,156,147,9,9
73599,62,67,-5,5
73600,156,145,11,11
73601,60,71,-11,11
73602,67,71,-4,4
73603,109,112,-3,3
73604,129,120,9,9
73605,126,116,10,10
73606,141,130,11,11
73607,117,103,14,14
73608,167,151,16,16
73609,123,127,-4,4
73610,127,116,11,11
73611,70,74,-4,4
73612,67,74,-7,7
73613,93,95,-2,2
73614,79,84,-5,5
73615,80,85,-5,5
73616,81,90,-9,9
73617,77,79,-2,2
73618,57,66,-9,9
73619,125,129,-4,4
73620,137,122,15,15
73621,98,101,-3,3
73622,76,77,-1,1
73623,99,92,7,7
73624,88,92,-4,4
73625,71,75,-4,4
73626,85,85,0,0
73627,93,96,-3,3
73628,112,103,9,9
73629,63,72,-9,9
73630,79,94,-15,15
73631,90,94,-4,4
73632,71,76,-5,5
73633,67,90,-23,23
73634,147,124,23,23
73635,57,80,-23,23
73636,61,69,-8,8
73637,100,96,4,4
73638,79,79,0,0
73639,136,108,28,28
73640,88,95,-7,7
73641,67,74,-7,7
73642,173,162,11,11
73643,111,100,11,11
73644,96,86,10,10
73645,91,87,4,4
73646,90,88,2,2
73647,93,94,-1,1
73648,99,101,-2,2
73649,57,64,-7,7
73650,71,73,-2,2
73651,165,147,18,18
73652,91,104,-13,13
73653,59,65,-6,6
73654,103,101,2,2
73655,72,78,-6,6
73656,95,94,1,1
73657,86,82,4,4
73658,142,120,22,22
73659,92,93,-1,1
73660,86,90,-4,4
73661,143,129,14,14
73662,37,54,-17,17
73663,66,73,-7,7
73664,121,116,5,5
73665,89,89,0,0
73666,54,76,-22,22
73667,64,72,-8,8
73668,48,57,-9,9
73669,33,50,-17,17
73670,154,142,12,12
73671,55,66,-11,11
73672,85,82,3,3
73673,68,75,-7,7
73674,88,92,-4,4
73675,61,68,-7,7
73676,123,113,10,10
73677,98,101,-3,3
73678,161,147,14,14
73679,53,65,-12,12
73680,68,80,-12,12
73681,131,121,10,10
73682,100,99,1,1
73683,64,68,-4,4
73684,109,118,-9,9
73685,87,91,-4,4
73686,78,83,-5,5
73687,56,69,-13,13
73688,96,93,3,3
73689,104,99,5,5
73690,94,96,-2,2
73691,66,72,-6,6
73692,106,100,6,6
73693,132,139,-7,7
73694,142,119,23,23
73695,112,118,-6,6
73696,104,85,19,19
73697,129,132,-3,3
73698,107,102,5,5
73699,137,139,-2,2
73700,81,88,-7,7
73701,57,64,-7,7
73702,126,117,9,9
73703,57,74,-17,17
73704,141,124,17,17
73705,94,93,1,1
73706,56,72,-16,16
73707,100,94,6,6
73708,65,76,-11,11
73709,153,143,10,10
73710,106,107,-1,1
73711,65,73,-8,8
73712,89,94,-5,5
73713,69,67,2,2
73714,172,155,17,17
73715,74,80,-6,6
73716,55,70,-15,15
73717,95,94,1,1
73718,80,86,-6,6
73719,72,79,-7,7
73720,69,76,-7,7
73721,77,88,-11,11
73722,136,125,11,11
73723,60,67,-7,7
73724,106,102,4,4
73725,98,94,4,4
73726,113,110,3,3
73727,66,73,-7,7
73728,117,108,9,9
73729,75,79,-4,4
73730,123,119,4,4
73731,54,61,-7,7
73732,157,159,-2,2
73733,100,95,5,5
73734,74,81,-7,7
73735,61,70,-9,9
73736,72,79,-7,7
73737,81,81,0,0
73738,138,141,-3,3
73739,137,137,0,0
73740,163,141,22,22
73741,65,84,-19,19
73742,130,125,5,5
73743,68,79,-11,11
73744,97,93,4,4
73745,167,155,12,12
73746,93,85,8,8
73747,63,74,-11,11
73748,91,91,0,0
73749,174,155,19,19
73750,138,121,17,17
73751,75,81,-6,6
73752,129,132,-3,3
73753,116,105,11,11
73754,47,55,-8,8
73755,116,105,11,11
73756,103,98,5,5
73757,112,104,8,8
73758,133,122,11,11
73759,55,68,-13,13
73760,75,83,-8,8
73761,53,62,-9,9
73762,88,98,-10,10
73763,132,123,9,9
73764,35,35,0,0
73765,45,61,-16,16
73766,67,76,-9,9
73767,124,108,16,16
73768,148,132,16,16
73769,138,122,16,16
73770,98,94,4,4
73771,81,84,-3,3
73772,54,64,-10,10
73773,35,43,-8,8
73774,69,71,-2,2
73775,66,72,-6,6
73776,116,107,9,9
73777,86,86,0,0
73778,95,98,-3,3
73779,95,99,-4,4
73780,61,68,-7,7
73781,79,83,-4,4
73782,74,96,-22,22
73783,117,113,4,4
73784,63,73,-10,10
73785,138,119,19,19
73786,125,122,3,3
73787,95,96,-1,1
73788,66,74,-8,8
73789,53,64,-11,11
73790,83,86,-3,3
73791,60,73,-13,13
73792,52,63,-11,11
73793,55,62,-7,7
73794,100,105,-5,5
73795,91,108,-17,17
73796,87,91,-4,4
73797,63,64,-1,1
73798,122,99,23,23
73799,75,79,-4,4
73800,57,73,-16,16
73801,55,67,-12,12
73802,110,100,10,10
73803,88,94,-6,6
73804,155,156,-1,1
73805,96,100,-4,4
73806,81,82,-1,1
73807,102,100,2,2
73808,141,122,19,19
73809,105,101,4,4
73810,68,72,-4,4
73811,80,81,-1,1
73812,94,103,-9,9
73813,60,68,-8,8
73814,107,95,12,12
73815,112,110,2,2
73816,92,97,-5,5
73817,86,82,4,4
73818,131,112,19,19
73819,62,67,-5,5
73820,146,139,7,7
73821,67,84,-17,17
73822,77,86,-9,9
73823,101,104,-3,3
73824,80,81,-1,1
73825,97,87,10,10
73826,140,126,14,14
73827,128,136,-8,8
73828,108,110,-2,2
73829,91,93,-2,2
73830,91,97,-6,6
73831,87,85,2,2
73832,151,130,21,21
73833,91,96,-5,5
73834,161,143,18,18
73835,60,72,-12,12
73836,135,123,12,12
73837,73,90,-17,17
73838,88,102,-14,14
73839,71,75,-4,4
73840,80,86,-6,6
73841,50,61,-11,11
73842,106,100,6,6
73843,66,72,-6,6
73844,90,97,-7,7
73845,122,123,-1,1
73846,99,97,2,2
73847,73,78,-5,5
73848,60,68,-8,8
73849,63,76,-13,13
73850,105,121,-16,16
73851,34,48,-14,14
73852,74,87,-13,13
73853,122,118,4,4
73854,123,109,14,14
73855,66,69,-3,3
73856,122,116,6,6
73857,114,106,8,8
73858,165,155,10,10
73859,139,148,-9,9
73860,58,58,0,0
73861,70,76,-6,6
73862,71,72,-1,1
73863,158,171,-13,13
73864,66,71,-5,5
73865,166,130,36,36
73866,129,127,2,2
73867,91,94,-3,3
73868,109,127,-18,18
73869,118,126,-8,8
73870,90,95,-5,5
73871,125,120,5,5
73872,94,92,2,2
73873,107,98,9,9
73874,144,123,21,21
73875,83,84,-1,1
73876,71,81,-10,10
73877,93,94,-1,1
73878,103,103,0,0
73879,78,82,-4,4
73880,33,80,-47,47
73881,44,87,-43,43
73882,129,120,9,9
73883,210,183,27,27
73884,98,93,5,5
73885,60,81,-21,21
73886,110,103,7,7
73887,56,67,-11,11
73888,149,132,17,17
73889,86,88,-2,2
73890,101,100,1,1
73891,80,78,2,2
73892,96,96,0,0
73893,66,75,-9,9
73894,73,77,-4,4
73895,87,80,7,7
73896,73,73,0,0
73897,96,94,2,2
73898,36,54,-18,18
73899,171,197,-26,26
73900,125,120,5,5
73901,82,86,-4,4
73902,79,79,0,0
73903,148,135,13,13
73904,137,128,9,9
73905,82,89,-7,7
73906,72,98,-26,26
73907,57,66,-9,9
73908,162,155,7,7
73909,148,131,17,17
73910,82,81,1,1
73911,76,80,-4,4
73912,72,73,-1,1
73913,42,50,-8,8
73914,102,105,-3,3
73915,61,72,-11,11
73916,107,107,0,0
73917,72,74,-2,2
73918,117,126,-9,9
73919,70,74,-4,4
73920,60,68,-8,8
73921,110,97,13,13
73922,94,95,-1,1
73923,121,125,-4,4
73924,102,102,0,0
73925,61,71,-10,10
73926,69,78,-9,9
73927,51,70,-19,19
73928,113,120,-7,7
73929,148,163,-15,15
73930,129,124,5,5
73931,60,68,-8,8
73932,82,101,-19,19
73933,149,135,14,14
73934,64,69,-5,5
73935,95,99,-4,4
73936,105,100,5,5
73937,129,123,6,6
73938,140,133,7,7
73939,143,142,1,1
73940,67,71,-4,4
73941,81,85,-4,4
73942,131,119,12,12
73943,61,65,-4,4
73944,95,95,0,0
73945,121,116,5,5
73946,96,87,9,9
73947,159,131,28,28
73948,51,62,-11,11
73949,72,81,-9,9
73950,83,87,-4,4
73951,114,108,6,6
73952,90,94,-4,4
73953,72,75,-3,3
73954,88,86,2,2
73955,149,134,15,15
73956,69,72,-3,3
73957,67,76,-9,9
73958,65,78,-13,13
73959,119,122,-3,3
73960,146,128,18,18
73961,75,89,-14,14
73962,175,151,24,24
73963,109,115,-6,6
73964,80,83,-3,3
73965,99,94,5,5
73966,137,131,6,6
73967,77,95,-18,18
73968,44,76,-32,32
73969,96,97,-1,1
73970,55,65,-10,10
73971,113,105,8,8
73972,108,106,2,2
73973,55,64,-9,9
73974,138,119,19,19
73975,74,78,-4,4
73976,69,78,-9,9
73977,131,123,8,8
73978,129,153,-24,24
73979,103,104,-1,1
73980,50,61,-11,11
73981,90,95,-5,5
73982,42,50,-8,8
73983,140,148,-8,8
73984,76,94,-18,18
73985,113,106,7,7
73986,43,62,-19,19
73987,73,88,-15,15
73988,116,116,0,0
73989,112,118,-6,6
73990,126,125,1,1
73991,98,104,-6,6
73992,83,93,-10,10
73993,51,63,-12,12
73994,73,95,-22,22
73995,220,179,41,41
73996,72,85,-13,13
73997,63,71,-8,8
73998,107,107,0,0
73999,90,88,2,2
74000,50,66,-16,16
74001,100,96,4,4
74002,126,117,9,9
74003,73,79,-6,6
74004,88,94,-6,6
74005,65,81,-16,16
74006,73,75,-2,2
74007,83,88,-5,5
74008,118,121,-3,3
74009,77,78,-1,1
74010,175,159,16,16
74011,101,99,2,2
74012,72,76,-4,4
74013,84,89,-5,5
74014,320,329,-9,9
74015,86,102,-16,16
74016,48,60,-12,12
74017,82,79,3,3
74018,111,102,9,9
74019,83,88,-5,5
74020,105,119,-14,14
74021,87,95,-8,8
74022,92,94,-2,2
74023,106,105,1,1
74024,179,164,15,15
74025,123,112,11,11
74026,68,80,-12,12
74027,52,59,-7,7
74028,155,129,26,26
74029,97,109,-12,12
74030,78,84,-6,6
74031,52,60,-8,8
74032,62,71,-9,9
74033,92,96,-4,4
74034,113,107,6,6
74035,141,133,8,8
74036,66,77,-11,11
74037,97,92,5,5
74038,80,100,-20,20
74039,71,94,-23,23
74040,117,111,6,6
74041,202,180,22,22
74042,89,86,3,3
74043,65,78,-13,13
74044,83,94,-11,11
74045,151,137,14,14
74046,68,70,-2,2
74047,84,92,-8,8
74048,114,106,8,8
74049,67,74,-7,7
74050,48,56,-8,8
74051,108,107,1,1
74052,159,135,24,24
74053,84,85,-1,1
74054,153,136,17,17
74055,52,75,-23,23
74056,159,148,11,11
74057,118,119,-1,1
74058,83,90,-7,7
74059,50,60,-10,10
74060,125,118,7,7
74061,41,94,-53,53
74062,62,79,-17,17
74063,85,82,3,3
74064,133,129,4,4
74065,129,119,10,10
74066,97,97,0,0
74067,102,103,-1,1
74068,23,39,-16,16
74069,74,83,-9,9
74070,41,61,-20,20
74071,108,113,-5,5
74072,104,103,1,1
74073,108,96,12,12
74074,97,99,-2,2
74075,74,82,-8,8
74076,94,96,-2,2
74077,78,81,-3,3
74078,117,119,-2,2
74079,119,119,0,0
74080,60,63,-3,3
74081,86,85,1,1
74082,84,87,-3,3
74083,72,78,-6,6
74084,93,99,-6,6
74085,72,77,-5,5
74086,156,132,24,24
74087,73,81,-8,8
74088,108,110,-2,2
74089,126,134,-8,8
74090,93,93,0,0
74091,79,77,2,2
74092,181,146,35,35
74093,83,82,1,1
74094,119,117,2,2
74095,71,76,-5,5
74096,77,78,-1,1
74097,104,121,-17,17
74098,72,82,-10,10
74099,68,75,-7,7
74100,98,100,-2,2
74101,57,83,-26,26
74102,80,108,-28,28
74103,73,80,-7,7
74104,191,165,26,26
74105,100,94,6,6
74106,132,118,14,14
74107,40,51,-11,11
74108,54,64,-10,10
74109,154,142,12,12
74110,139,128,11,11
74111,107,106,1,1
74112,128,118,10,10
74113,133,121,12,12
74114,83,80,3,3
74115,63,91,-28,28
74116,81,86,-5,5
74117,163,147,16,16
74118,109,106,3,3
74119,63,70,-7,7
74120,90,93,-3,3
74121,81,94,-13,13
74122,66,70,-4,4
74123,120,122,-2,2
74124,89,87,2,2
74125,67,76,-9,9
74126,85,90,-5,5
74127,78,83,-5,5
74128,75,83,-8,8
74129,198,177,21,21
74130,92,93,-1,1
74131,118,107,11,11
74132,57,69,-12,12
74133,155,144,11,11
74134,86,87,-1,1
74135,67,69,-2,2
74136,178,144,34,34
74137,68,76,-8,8
74138,85,88,-3,3
74139,79,86,-7,7
74140,93,87,6,6
74141,50,65,-15,15
74142,58,66,-8,8
74143,104,104,0,0
74144,100,97,3,3
74145,201,181,20,20
74146,105,107,-2,2
74147,105,107,-2,2
74148,90,94,-4,4
74149,68,80,-12,12
74150,74,84,-10,10
74151,60,67,-7,7
74152,59,75,-16,16
74153,97,103,-6,6
74154,87,87,0,0
74155,55,71,-16,16
74156,111,103,8,8
74157,119,105,14,14
74158,115,117,-2,2
74159,59,63,-4,4
74160,61,69,-8,8
74161,30,58,-28,28
74162,96,95,1,1
74163,131,112,19,19
74164,183,168,15,15
74165,161,159,2,2
74166,146,140,6,6
74167,200,173,27,27
74168,100,101,-1,1
74169,114,109,5,5
74170,108,105,3,3
74171,73,77,-4,4
74172,75,76,-1,1
74173,72,77,-5,5
74174,143,146,-3,3
74175,101,95,6,6
74176,66,75,-9,9
74177,164,141,23,23
74178,85,87,-2,2
74179,88,89,-1,1
74180,98,100,-2,2
74181,54,99,-45,45
74182,95,97,-2,2
74183,64,75,-11,11
74184,144,136,8,8
74185,105,102,3,3
74186,102,107,-5,5
74187,114,96,18,18
74188,54,64,-10,10
74189,112,104,8,8
74190,181,159,22,22
74191,110,102,8,8
74192,75,72,3,3
74193,51,69,-18,18
74194,98,97,1,1
74195,85,91,-6,6
74196,54,69,-15,15
74197,57,68,-11,11
74198,77,90,-13,13
74199,66,83,-17,17
74200,84,80,4,4
74201,102,104,-2,2
74202,124,122,2,2
74203,129,122,7,7
74204,195,180,15,15
74205,111,110,1,1
74206,109,119,-10,10
74207,68,73,-5,5
74208,57,63,-6,6
74209,76,91,-15,15
74210,99,96,3,3
74211,78,89,-11,11
74212,124,119,5,5
74213,83,81,2,2
74214,82,80,2,2
74215,73,77,-4,4
74216,66,74,-8,8
74217,102,101,1,1
74218,107,113,-6,6
74219,101,98,3,3
74220,119,119,0,0
74221,120,127,-7,7
74222,69,77,-8,8
74223,80,97,-17,17
74224,113,108,5,5
74225,63,74,-11,11
74226,94,88,6,6
74227,146,142,4,4
74228,109,104,5,5
74229,117,107,10,10
74230,66,74,-8,8
74231,151,126,25,25
74232,60,64,-4,4
74233,146,151,-5,5
74234,135,126,9,9
74235,90,84,6,6
74236,48,61,-13,13
74237,71,76,-5,5
74238,155,149,6,6
74239,86,81,5,5
74240,111,120,-9,9
74241,96,96,0,0
74242,137,145,-8,8
74243,81,89,-8,8
74244,60,72,-12,12
74245,83,98,-15,15
74246,106,104,2,2
74247,67,78,-11,11
74248,52,63,-11,11
74249,104,100,4,4
74250,73,84,-11,11
74251,87,90,-3,3
74252,148,142,6,6
74253,77,77,0,0
74254,92,95,-3,3
74255,201,179,22,22
74256,50,62,-12,12
74257,149,141,8,8
74258,150,126,24,24
74259,89,99,-10,10
74260,131,120,11,11
74261,73,74,-1,1
74262,83,91,-8,8
74263,155,146,9,9
74264,80,69,11,11
74265,128,122,6,6
74266,59,67,-8,8
74267,85,95,-10,10
74268,87,103,-16,16
74269,85,85,0,0
74270,72,74,-2,2
74271,72,84,-12,12
74272,56,66,-10,10
74273,127,124,3,3
74274,73,75,-2,2
74275,94,84,10,10
74276,72,75,-3,3
74277,48,57,-9,9
74278,130,115,15,15
74279,103,90,13,13
74280,96,86,10,10
74281,140,136,4,4
74282,63,75,-12,12
74283,61,68,-7,7
74284,78,79,-1,1
74285,75,76,-1,1
74286,81,89,-8,8
74287,79,87,-8,8
74288,94,98,-4,4
74289,117,114,3,3
74290,59,66,-7,7
74291,84,85,-1,1
74292,149,138,11,11
74293,109,110,-1,1
74294,46,64,-18,18
74295,131,118,13,13
74296,118,111,7,7
74297,83,95,-12,12
74298,68,90,-22,22
74299,70,90,-20,20
74300,49,61,-12,12
74301,73,78,-5,5
74302,132,128,4,4
74303,93,87,6,6
74304,159,152,7,7
74305,107,107,0,0
74306,185,162,23,23
74307,143,136,7,7
74308,60,74,-14,14
74309,78,79,-1,1
74310,106,107,-1,1
74311,98,93,5,5
74312,101,90,11,11
74313,39,64,-25,25
74314,104,106,-2,2
74315,51,72,-21,21
74316,88,84,4,4
74317,83,87,-4,4
74318,116,127,-11,11
74319,59,67,-8,8
74320,88,88,0,0
74321,206,167,39,39
74322,147,123,24,24
74323,40,59,-19,19
74324,45,59,-14,14
74325,89,93,-4,4
74326,146,135,11,11
74327,76,87,-11,11
74328,92,80,12,12
74329,35,53,-18,18
74330,77,95,-18,18
74331,104,109,-5,5
74332,97,92,5,5
74333,135,126,9,9
74334,63,70,-7,7
74335,54,65,-11,11
74336,117,119,-2,2
74337,79,80,-1,1
74338,64,75,-11,11
74339,63,71,-8,8
74340,63,71,-8,8
74341,80,86,-6,6
74342,136,129,7,7
74343,106,95,11,11
74344,76,78,-2,2
74345,80,83,-3,3
74346,126,119,7,7
74347,96,93,3,3
74348,56,61,-5,5
74349,124,122,2,2
74350,137,130,7,7
74351,63,76,-13,13
74352,59,70,-11,11
74353,102,100,2,2
74354,41,52,-11,11
74355,84,92,-8,8
74356,99,101,-2,2
74357,108,115,-7,7
74358,125,123,2,2
74359,115,111,4,4
74360,84,87,-3,3
74361,100,104,-4,4
74362,128,125,3,3
74363,60,70,-10,10
74364,77,86,-9,9
74365,63,67,-4,4
74366,90,100,-10,10
74367,64,79,-15,15
74368,61,62,-1,1
74369,99,104,-5,5
74370,97,101,-4,4
74371,65,65,0,0
74372,99,103,-4,4
74373,181,159,22,22
74374,83,89,-6,6
74375,102,101,1,1
74376,136,137,-1,1
74377,56,64,-8,8
74378,132,124,8,8
74379,76,81,-5,5
74380,101,98,3,3
74381,110,95,15,15
74382,51,60,-9,9
74383,60,73,-13,13
74384,127,124,3,3
74385,81,107,-26,26
74386,59,67,-8,8
74387,82,85,-3,3
74388,103,98,5,5
74389,99,96,3,3
74390,50,54,-4,4
74391,85,100,-15,15
74392,67,67,0,0
74393,125,118,7,7
74394,93,92,1,1
74395,116,111,5,5
74396,68,81,-13,13
74397,77,80,-3,3
74398,95,96,-1,1
74399,59,73,-14,14
74400,111,101,10,10
74401,79,86,-7,7
74402,84,93,-9,9
74403,89,97,-8,8
74404,164,148,16,16
74405,72,78,-6,6
74406,78,86,-8,8
74407,149,151,-2,2
74408,95,83,12,12
74409,85,78,7,7
74410,96,96,0,0
74411,72,73,-1,1
74412,112,101,11,11
74413,77,80,-3,3
74414,40,53,-13,13
74415,110,111,-1,1
74416,59,77,-18,18
74417,107,104,3,3
74418,66,83,-17,17
74419,87,86,1,1
74420,72,79,-7,7
74421,85,95,-10,10
74422,49,60,-11,11
74423,72,81,-9,9
74424,156,159,-3,3
74425,75,68,7,7
74426,83,81,2,2
74427,107,105,2,2
74428,97,93,4,4
74429,108,103,5,5
74430,89,84,5,5
74431,103,114,-11,11
74432,133,129,4,4
74433,56,63,-7,7
74434,77,81,-4,4
74435,88,92,-4,4
74436,106,113,-7,7
74437,134,134,0,0
74438,81,92,-11,11
74439,126,120,6,6
74440,69,78,-9,9
74441,120,154,-34,34
74442,121,115,6,6
74443,62,71,-9,9
74444,85,83,2,2
74445,93,91,2,2
74446,111,107,4,4
74447,99,118,-19,19
74448,50,63,-13,13
74449,98,107,-9,9
74450,83,80,3,3
74451,94,103,-9,9
74452,144,139,5,5
74453,49,62,-13,13
74454,46,55,-9,9
74455,87,95,-8,8
74456,80,87,-7,7
74457,150,124,26,26
74458,67,79,-12,12
74459,39,49,-10,10
74460,82,78,4,4
74461,76,81,-5,5
74462,56,66,-10,10
74463,33,53,-20,20
74464,95,93,2,2
74465,67,66,1,1
74466,87,93,-6,6
74467,101,99,2,2
74468,62,69,-7,7
74469,62,78,-16,16
74470,93,90,3,3
74471,71,69,2,2
74472,79,85,-6,6
74473,86,86,0,0
74474,70,79,-9,9
74475,117,110,7,7
74476,51,66,-15,15
74477,168,153,15,15
74478,120,106,14,14
74479,99,97,2,2
74480,73,84,-11,11
74481,120,120,0,0
74482,136,125,11,11
74483,57,72,-15,15
74484,89,87,2,2
74485,89,98,-9,9
74486,81,91,-10,10
74487,72,69,3,3
74488,104,102,2,2
74489,141,129,12,12
74490,79,84,-5,5
74491,167,151,16,16
74492,86,89,-3,3
74493,138,121,17,17
74494,66,73,-7,7
74495,59,67,-8,8
74496,110,121,-11,11
74497,82,81,1,1
74498,92,94,-2,2
74499,62,67,-5,5
74500,82,79,3,3
74501,62,73,-11,11
74502,94,92,2,2
74503,135,149,-14,14
74504,227,214,13,13
74505,85,86,-1,1
74506,74,87,-13,13
74507,106,135,-29,29
74508,52,64,-12,12
74509,96,109,-13,13
74510,97,99,-2,2
74511,143,137,6,6
74512,84,77,7,7
74513,77,75,2,2
74514,49,61,-12,12
74515,116,109,7,7
74516,67,94,-27,27
74517,74,86,-12,12
74518,83,85,-2,2
74519,77,80,-3,3
74520,113,113,0,0
74521,125,115,10,10
74522,59,67,-8,8
74523,62,71,-9,9
74524,148,140,8,8
74525,56,72,-16,16
74526,85,97,-12,12
74527,158,134,24,24
74528,79,91,-12,12
74529,87,84,3,3
74530,115,137,-22,22
74531,62,69,-7,7
74532,78,81,-3,3
74533,107,99,8,8
74534,129,122,7,7
74535,109,102,7,7
74536,46,62,-16,16
74537,73,74,-1,1
74538,47,57,-10,10
74539,57,64,-7,7
74540,136,135,1,1
74541,74,78,-4,4
74542,73,77,-4,4
74543,117,113,4,4
74544,64,57,7,7
74545,65,79,-14,14
74546,61,70,-9,9
74547,40,60,-20,20
74548,84,84,0,0
74549,96,99,-3,3
74550,108,99,9,9
74551,148,140,8,8
74552,111,109,2,2
74553,131,131,0,0
74554,55,68,-13,13
74555,132,123,9,9
74556,156,123,33,33
74557,68,73,-5,5
74558,109,101,8,8
74559,65,69,-4,4
74560,78,76,2,2
74561,136,124,12,12
74562,190,183,7,7
74563,157,148,9,9
74564,110,112,-2,2
74565,50,65,-15,15
74566,123,128,-5,5
74567,127,121,6,6
74568,88,93,-5,5
74569,116,111,5,5
74570,85,93,-8,8
74571,116,107,9,9
74572,181,167,14,14
74573,87,93,-6,6
74574,135,134,1,1
74575,64,80,-16,16
74576,92,92,0,0
74577,59,70,-11,11
74578,81,77,4,4
74579,71,76,-5,5
74580,130,134,-4,4
74581,96,91,5,5
74582,86,85,1,1
74583,107,124,-17,17
74584,118,110,8,8
74585,93,97,-4,4
74586,88,94,-6,6
74587,54,70,-16,16
74588,101,104,-3,3
74589,58,70,-12,12
74590,109,102,7,7
74591,106,114,-8,8
74592,139,132,7,7
74593,50,61,-11,11
74594,168,157,11,11
74595,115,118,-3,3
74596,70,79,-9,9
74597,92,92,0,0
74598,133,127,6,6
74599,74,80,-6,6
74600,159,157,2,2
74601,120,121,-1,1
74602,84,102,-18,18
74603,103,106,-3,3
74604,183,148,35,35
74605,139,127,12,12
74606,86,81,5,5
74607,82,87,-5,5
74608,61,77,-16,16
74609,123,101,22,22
74610,87,90,-3,3
74611,135,129,6,6
74612,99,95,4,4
74613,74,78,-4,4
74614,74,83,-9,9
74615,139,136,3,3
74616,85,87,-2,2
74617,70,81,-11,11
74618,106,103,3,3
74619,123,119,4,4
74620,100,100,0,0
74621,61,70,-9,9
74622,92,94,-2,2
74623,132,131,1,1
74624,59,71,-12,12
74625,226,194,32,32
74626,84,82,2,2
74627,165,163,2,2
74628,83,94,-11,11
74629,115,109,6,6
74630,159,140,19,19
74631,93,88,5,5
74632,126,128,-2,2
74633,51,61,-10,10
74634,118,115,3,3
74635,80,75,5,5
74636,161,138,23,23
74637,91,92,-1,1
74638,83,86,-3,3
74639,91,91,0,0
74640,234,209,25,25
74641,78,78,0,0
74642,101,97,4,4
74643,72,76,-4,4
74644,92,81,11,11
74645,44,65,-21,21
74646,76,83,-7,7
74647,106,103,3,3
74648,119,109,10,10
74649,111,96,15,15
74650,111,115,-4,4
74651,105,99,6,6
74652,62,73,-11,11
74653,113,116,-3,3
74654,94,101,-7,7
74655,155,140,15,15
74656,59,66,-7,7
74657,86,98,-12,12
74658,61,68,-7,7
74659,198,170,28,28
74660,83,85,-2,2
74661,50,68,-18,18
74662,126,120,6,6
74663,95,92,3,3
74664,95,91,4,4
74665,24,41,-17,17
74666,90,95,-5,5
74667,47,58,-11,11
74668,64,79,-15,15
74669,107,110,-3,3
74670,94,89,5,5
74671,77,81,-4,4
74672,111,122,-11,11
74673,107,106,1,1
74674,33,46,-13,13
74675,73,79,-6,6
74676,63,72,-9,9
74677,90,95,-5,5
74678,89,158,-69,69
74679,79,79,0,0
74680,128,123,5,5
74681,91,93,-2,2
74682,114,106,8,8
74683,103,96,7,7
74684,61,59,2,2
74685,122,127,-5,5
74686,114,111,3,3
74687,143,136,7,7
74688,75,79,-4,4
74689,66,71,-5,5
74690,90,95,-5,5
74691,108,96,12,12
74692,74,81,-7,7
74693,137,131,6,6
74694,121,108,13,13
74695,85,103,-18,18
74696,47,62,-15,15
74697,51,69,-18,18
74698,79,76,3,3
74699,80,81,-1,1
74700,111,106,5,5
74701,126,131,-5,5
74702,37,51,-14,14
74703,87,87,0,0
74704,102,101,1,1
74705,73,79,-6,6
74706,81,96,-15,15
74707,85,79,6,6
74708,127,118,9,9
74709,127,113,14,14
74710,93,104,-11,11
74711,122,120,2,2
74712,175,149,26,26
74713,96,98,-2,2
74714,88,87,1,1
74715,162,135,27,27
74716,124,131,-7,7
74717,42,51,-9,9
74718,90,93,-3,3
74719,91,95,-4,4
74720,129,122,7,7
74721,53,65,-12,12
74722,75,81,-6,6
74723,88,91,-3,3
74724,70,71,-1,1
74725,185,168,17,17
74726,105,102,3,3
74727,128,119,9,9
74728,103,99,4,4
74729,100,106,-6,6
74730,71,78,-7,7
74731,157,135,22,22
74732,103,107,-4,4
74733,118,118,0,0
74734,140,173,-33,33
74735,102,103,-1,1
74736,71,75,-4,4
74737,143,144,-1,1
74738,58,71,-13,13
74739,96,102,-6,6
74740,112,109,3,3
74741,85,89,-4,4
74742,92,104,-12,12
74743,81,89,-8,8
74744,102,102,0,0
74745,43,66,-23,23
74746,87,85,2,2
74747,118,118,0,0
74748,85,81,4,4
74749,100,102,-2,2
74750,83,94,-11,11
74751,83,74,9,9
74752,89,91,-2,2
74753,50,60,-10,10
74754,134,127,7,7
74755,65,67,-2,2
74756,72,84,-12,12
74757,75,76,-1,1
74758,78,81,-3,3
74759,81,89,-8,8
74760,105,114,-9,9
74761,67,70,-3,3
74762,136,78,58,58
74763,86,99,-13,13
74764,139,131,8,8
74765,78,80,-2,2
74766,38,46,-8,8
74767,78,81,-3,3
74768,59,65,-6,6
74769,91,89,2,2
74770,152,140,12,12
74771,148,149,-1,1
74772,108,104,4,4
74773,77,78,-1,1
74774,83,80,3,3
74775,89,88,1,1
74776,104,97,7,7
74777,117,119,-2,2
74778,151,140,11,11
74779,45,61,-16,16
74780,60,63,-3,3
74781,125,122,3,3
74782,41,54,-13,13
74783,49,61,-12,12
74784,140,130,10,10
74785,90,96,-6,6
74786,93,99,-6,6
74787,100,91,9,9
74788,125,116,9,9
74789,114,116,-2,2
74790,128,123,5,5
74791,60,67,-7,7
74792,191,170,21,21
74793,140,138,2,2
74794,82,92,-10,10
74795,76,77,-1,1
74796,117,116,1,1
74797,83,92,-9,9
74798,82,84,-2,2
74799,122,125,-3,3
74800,60,70,-10,10
74801,117,114,3,3
74802,96,92,4,4
74803,115,113,2,2
74804,134,126,8,8
74805,109,107,2,2
74806,91,86,5,5
74807,72,79,-7,7
74808,96,94,2,2
74809,80,87,-7,7
74810,71,78,-7,7
74811,95,88,7,7
74812,101,102,-1,1
74813,67,72,-5,5
74814,87,96,-9,9
74815,89,93,-4,4
74816,62,70,-8,8
74817,126,147,-21,21
74818,78,88,-10,10
74819,100,104,-4,4
74820,96,94,2,2
74821,100,100,0,0
74822,59,70,-11,11
74823,93,92,1,1
74824,120,118,2,2
74825,70,77,-7,7
74826,46,57,-11,11
74827,153,140,13,13
74828,91,94,-3,3
74829,94,97,-3,3
74830,74,91,-17,17
74831,87,80,7,7
74832,76,80,-4,4
74833,56,67,-11,11
74834,104,120,-16,16
74835,126,122,4,4
74836,115,112,3,3
74837,107,115,-8,8
74838,41,61,-20,20
74839,75,76,-1,1
74840,76,85,-9,9
74841,75,83,-8,8
74842,50,63,-13,13
74843,118,118,0,0
74844,131,125,6,6
74845,92,132,-40,40
74846,113,106,7,7
74847,126,113,13,13
74848,65,78,-13,13
74849,128,121,7,7
74850,89,94,-5,5
74851,100,94,6,6
74852,85,85,0,0
74853,166,145,21,21
74854,100,113,-13,13
74855,119,118,1,1
74856,72,75,-3,3
74857,78,83,-5,5
74858,70,71,-1,1
74859,84,87,-3,3
74860,56,62,-6,6
74861,18,30,-12,12
74862,75,81,-6,6
74863,107,113,-6,6
74864,86,82,4,4
74865,128,125,3,3
74866,99,106,-7,7
74867,69,81,-12,12
74868,130,121,9,9
74869,127,123,4,4
74870,188,167,21,21
74871,99,103,-4,4
74872,83,84,-1,1
74873,105,100,5,5
74874,56,67,-11,11
74875,84,87,-3,3
74876,43,61,-18,18
74877,104,115,-11,11
74878,93,96,-3,3
74879,111,118,-7,7
74880,106,117,-11,11
74881,77,80,-3,3
74882,74,76,-2,2
74883,138,133,5,5
74884,47,58,-11,11
74885,158,150,8,8
74886,111,113,-2,2
74887,84,92,-8,8
74888,129,129,0,0
74889,76,84,-8,8
74890,84,86,-2,2
74891,67,73,-6,6
74892,61,62,-1,1
74893,107,101,6,6
74894,79,75,4,4
74895,112,120,-8,8
74896,53,63,-10,10
74897,84,88,-4,4
74898,46,55,-9,9
74899,115,106,9,9
74900,48,55,-7,7
74901,51,60,-9,9
74902,73,90,-17,17
74903,81,102,-21,21
74904,53,64,-11,11
74905,144,134,10,10
74906,93,92,1,1
74907,63,82,-19,19
74908,47,56,-9,9
74909,117,105,12,12
74910,172,128,44,44
74911,57,71,-14,14
74912,143,135,8,8
74913,108,112,-4,4
74914,140,126,14,14
74915,70,77,-7,7
74916,96,96,0,0
74917,107,110,-3,3
74918,116,109,7,7
74919,120,118,2,2
74920,60,61,-1,1
74921,77,86,-9,9
74922,112,113,-1,1
74923,97,106,-9,9
74924,183,177,6,6
74925,95,95,0,0
74926,92,93,-1,1
74927,76,92,-16,16
74928,99,102,-3,3
74929,85,82,3,3
74930,76,85,-9,9
74931,93,96,-3,3
74932,50,65,-15,15
74933,55,68,-13,13
74934,88,92,-4,4
74935,97,107,-10,10
74936,83,86,-3,3
74937,54,60,-6,6
74938,86,87,-1,1
74939,77,86,-9,9
74940,282,277,5,5
74941,136,126,10,10
74942,91,86,5,5
74943,150,155,-5,5
74944,66,76,-10,10
74945,71,83,-12,12
74946,87,86,1,1
74947,87,95,-8,8
74948,119,120,-1,1
74949,148,133,15,15
74950,117,111,6,6
74951,85,91,-6,6
74952,97,97,0,0
74953,49,62,-13,13
74954,103,109,-6,6
74955,38,50,-12,12
74956,86,97,-11,11
74957,49,57,-8,8
74958,103,99,4,4
74959,103,124,-21,21
74960,45,54,-9,9
74961,103,101,2,2
74962,83,83,0,0
74963,95,93,2,2
74964,60,74,-14,14
74965,102,105,-3,3
74966,138,143,-5,5
74967,83,85,-2,2
74968,95,96,-1,1
74969,96,97,-1,1
74970,150,147,3,3
74971,53,61,-8,8
74972,133,116,17,17
74973,45,60,-15,15
74974,50,59,-9,9
74975,35,90,-55,55
74976,103,95,8,8
74977,58,65,-7,7
74978,72,81,-9,9
74979,100,105,-5,5
74980,95,93,2,2
74981,109,102,7,7
74982,57,77,-20,20
74983,68,91,-23,23
74984,89,91,-2,2
74985,129,122,7,7
74986,118,117,1,1
74987,114,110,4,4
74988,112,106,6,6
74989,103,99,4,4
74990,95,97,-2,2
74991,130,134,-4,4
74992,95,87,8,8
74993,129,123,6,6
74994,84,85,-1,1
74995,103,110,-7,7
74996,146,138,8,8
74997,84,94,-10,10
74998,143,133,10,10
74999,84,93,-9,9
75000,69,81,-12,12
75001,94,101,-7,7
75002,56,79,-23,23
75003,133,129,4,4
75004,49,68,-19,19
75005,58,62,-4,4
75006,122,107,15,15
75007,117,117,0,0
75008,87,87,0,0
75009,113,112,1,1
75010,60,69,-9,9
75011,65,72,-7,7
75012,103,101,2,2
75013,152,134,18,18
75014,121,118,3,3
75015,119,113,6,6
75016,47,63,-16,16
75017,113,105,8,8
75018,101,101,0,0
75019,73,89,-16,16
75020,88,99,-11,11
75021,156,139,17,17
75022,99,94,5,5
75023,86,91,-5,5
75024,101,103,-2,2
75025,91,91,0,0
75026,59,68,-9,9
75027,72,80,-8,8
75028,111,97,14,14
75029,108,107,1,1
75030,78,83,-5,5
75031,63,74,-11,11
75032,97,101,-4,4
75033,76,80,-4,4
75034,94,105,-11,11
75035,83,85,-2,2
75036,72,77,-5,5
75037,113,101,12,12
75038,126,120,6,6
75039,86,98,-12,12
75040,67,68,-1,1
75041,149,135,14,14
75042,89,86,3,3
75043,115,107,8,8
75044,111,99,12,12
75045,135,136,-1,1
75046,54,67,-13,13
75047,123,124,-1,1
75048,82,93,-11,11
75049,26,49,-23,23
75050,66,73,-7,7
75051,117,105,12,12
75052,135,138,-3,3
75053,70,74,-4,4
75054,59,66,-7,7
75055,141,135,6,6
75056,64,69,-5,5
75057,126,127,-1,1
75058,97,95,2,2
75059,54,63,-9,9
75060,99,97,2,2
75061,138,123,15,15
75062,130,130,0,0
75063,111,92,19,19
75064,81,84,-3,3
75065,97,98,-1,1
75066,146,140,6,6
75067,92,88,4,4
75068,68,66,2,2
75069,70,80,-10,10
75070,79,77,2,2
75071,57,73,-16,16
75072,70,71,-1,1
75073,52,67,-15,15
75074,82,95,-13,13
75075,72,78,-6,6
75076,86,83,3,3
75077,124,112,12,12
75078,71,76,-5,5
75079,75,69,6,6
75080,111,101,10,10
75081,85,81,4,4
75082,77,79,-2,2
75083,116,117,-1,1
75084,121,128,-7,7
75085,63,67,-4,4
75086,65,70,-5,5
75087,92,98,-6,6
75088,115,109,6,6
75089,62,68,-6,6
75090,90,90,0,0
75091,50,62,-12,12
75092,81,89,-8,8
75093,33,49,-16,16
75094,141,130,11,11
75095,51,61,-10,10
75096,32,51,-19,19
75097,89,103,-14,14
75098,117,117,0,0
75099,97,102,-5,5
75100,92,87,5,5
75101,71,76,-5,5
75102,76,81,-5,5
75103,42,53,-11,11
75104,84,94,-10,10
75105,87,95,-8,8
75106,153,139,14,14
75107,91,95,-4,4
75108,59,87,-28,28
75109,69,76,-7,7
75110,109,99,10,10
75111,115,106,9,9
75112,169,160,9,9
75113,67,75,-8,8
75114,96,97,-1,1
75115,94,94,0,0
75116,173,139,34,34
75117,96,95,1,1
75118,127,106,21,21
75119,58,65,-7,7
75120,69,72,-3,3
75121,68,75,-7,7
75122,141,136,5,5
75123,110,130,-20,20
75124,46,95,-49,49
75125,56,118,-62,62
75126,99,107,-8,8
75127,117,114,3,3
75128,53,64,-11,11
75129,92,94,-2,2
75130,100,110,-10,10
75131,100,93,7,7
75132,92,100,-8,8
75133,67,69,-2,2
75134,148,129,19,19
75135,122,120,2,2
75136,162,150,12,12
75137,86,92,-6,6
75138,165,144,21,21
75139,106,96,10,10
75140,84,101,-17,17
75141,97,96,1,1
75142,61,67,-6,6
75143,187,178,9,9
75144,153,153,0,0
75145,57,69,-12,12
75146,101,100,1,1
75147,154,126,28,28
75148,108,106,2,2
75149,55,62,-7,7
75150,113,100,13,13
75151,55,64,-9,9
75152,101,94,7,7
75153,91,96,-5,5
75154,89,95,-6,6
75155,96,93,3,3
75156,52,70,-18,18
75157,54,65,-11,11
75158,69,76,-7,7
75159,95,109,-14,14
75160,88,86,2,2
75161,126,121,5,5
75162,82,94,-12,12
75163,76,86,-10,10
75164,112,105,7,7
75165,117,109,8,8
75166,113,109,4,4
75167,97,95,2,2
75168,98,100,-2,2
75169,83,83,0,0
75170,76,78,-2,2
75171,80,81,-1,1
75172,111,109,2,2
75173,135,123,12,12
75174,62,73,-11,11
75175,140,134,6,6
75176,68,76,-8,8
75177,141,138,3,3
75178,53,70,-17,17
75179,140,137,3,3
75180,74,76,-2,2
75181,70,75,-5,5
75182,78,92,-14,14
75183,103,99,4,4
75184,97,96,1,1
75185,75,79,-4,4
75186,143,140,3,3
75187,163,150,13,13
75188,71,75,-4,4
75189,58,64,-6,6
75190,69,75,-6,6
75191,72,79,-7,7
75192,158,149,9,9
75193,93,103,-10,10
75194,80,85,-5,5
75195,142,132,10,10
75196,46,70,-24,24
75197,76,77,-1,1
75198,129,161,-32,32
75199,82,83,-1,1
75200,146,132,14,14
75201,93,95,-2,2
75202,113,104,9,9
75203,142,142,0,0
75204,72,75,-3,3
75205,74,78,-4,4
75206,88,105,-17,17
75207,105,113,-8,8
75208,110,115,-5,5
75209,83,84,-1,1
75210,27,55,-28,28
75211,136,128,8,8
75212,81,83,-2,2
75213,98,95,3,3
75214,120,118,2,2
75215,92,85,7,7
75216,145,134,11,11
75217,137,131,6,6
75218,103,107,-4,4
75219,121,130,-9,9
75220,54,74,-20,20
75221,112,109,3,3
75222,76,83,-7,7
75223,89,90,-1,1
75224,160,124,36,36
75225,28,53,-25,25
75226,76,75,1,1
75227,165,156,9,9
75228,100,94,6,6
75229,152,135,17,17
75230,82,88,-6,6
75231,94,90,4,4
75232,60,70,-10,10
75233,125,120,5,5
75234,69,78,-9,9
75235,120,100,20,20
75236,91,90,1,1
75237,96,92,4,4
75238,45,56,-11,11
75239,56,68,-12,12
75240,76,79,-3,3
75241,75,81,-6,6
75242,79,83,-4,4
75243,124,114,10,10
75244,106,99,7,7
75245,122,117,5,5
75246,51,64,-13,13
75247,69,75,-6,6
75248,85,93,-8,8
75249,115,145,-30,30
75250,115,107,8,8
75251,115,110,5,5
75252,60,74,-14,14
75253,76,79,-3,3
75254,32,49,-17,17
75255,79,84,-5,5
75256,44,54,-10,10
75257,58,69,-11,11
75258,130,123,7,7
75259,132,122,10,10
75260,79,83,-4,4
75261,92,98,-6,6
75262,144,138,6,6
75263,54,66,-12,12
75264,133,119,14,14
75265,64,80,-16,16
75266,92,94,-2,2
75267,156,145,11,11
75268,58,64,-6,6
75269,82,78,4,4
75270,86,88,-2,2
75271,173,161,12,12
75272,94,93,1,1
75273,60,73,-13,13
75274,108,103,5,5
75275,126,122,4,4
75276,56,63,-7,7
75277,98,100,-2,2
75278,92,85,7,7
75279,117,107,10,10
75280,52,56,-4,4
75281,94,93,1,1
75282,78,80,-2,2
75283,76,101,-25,25
75284,67,71,-4,4
75285,124,127,-3,3
75286,128,124,4,4
75287,73,74,-1,1
75288,62,66,-4,4
75289,100,107,-7,7
75290,130,127,3,3
75291,61,69,-8,8
75292,262,211,51,51
75293,60,66,-6,6
75294,102,111,-9,9
75295,57,65,-8,8
75296,97,105,-8,8
75297,84,91,-7,7
75298,61,92,-31,31
75299,135,122,13,13
75300,104,89,15,15
75301,79,83,-4,4
75302,187,153,34,34
75303,62,67,-5,5
75304,94,94,0,0
75305,94,104,-10,10
75306,94,89,5,5
75307,126,115,11,11
75308,126,116,10,10
75309,108,101,7,7
75310,60,61,-1,1
75311,93,106,-13,13
75312,53,62,-9,9
75313,61,70,-9,9
75314,79,85,-6,6
75315,74,76,-2,2
75316,50,57,-7,7
75317,75,67,8,8
75318,40,59,-19,19
75319,47,59,-12,12
75320,78,86,-8,8
75321,51,63,-12,12
75322,97,98,-1,1
75323,54,60,-6,6
75324,100,102,-2,2
75325,91,91,0,0
75326,48,62,-14,14
75327,46,58,-12,12
75328,153,145,8,8
75329,123,121,2,2
75330,52,66,-14,14
75331,92,89,3,3
75332,71,84,-13,13
75333,141,124,17,17
75334,46,53,-7,7
75335,72,81,-9,9
75336,84,84,0,0
75337,82,92,-10,10
75338,78,79,-1,1
75339,77,76,1,1
75340,93,86,7,7
75341,47,61,-14,14
75342,67,73,-6,6
75343,67,74,-7,7
75344,113,104,9,9
75345,179,165,14,14
75346,95,98,-3,3
75347,164,151,13,13
75348,45,58,-13,13
75349,127,116,11,11
75350,118,122,-4,4
75351,96,92,4,4
75352,57,64,-7,7
75353,151,141,10,10
75354,69,83,-14,14
75355,79,86,-7,7
75356,86,87,-1,1
75357,186,170,16,16
75358,147,130,17,17
75359,109,113,-4,4
75360,97,91,6,6
75361,110,105,5,5
75362,69,72,-3,3
75363,65,74,-9,9
75364,119,111,8,8
75365,58,71,-13,13
75366,77,82,-5,5
75367,97,99,-2,2
75368,95,95,0,0
75369,123,122,1,1
75370,107,124,-17,17
75371,117,114,3,3
75372,72,87,-15,15
75373,119,110,9,9
75374,103,100,3,3
75375,129,127,2,2
75376,83,81,2,2
75377,248,233,15,15
75378,93,86,7,7
75379,129,126,3,3
75380,68,81,-13,13
75381,117,114,3,3
75382,87,93,-6,6
75383,118,112,6,6
75384,98,95,3,3
75385,103,105,-2,2
75386,69,77,-8,8
75387,110,103,7,7
75388,125,118,7,7
75389,113,110,3,3
75390,112,107,5,5
75391,81,78,3,3
75392,86,92,-6,6
75393,148,134,14,14
75394,102,98,4,4
75395,31,46,-15,15
75396,64,73,-9,9
75397,114,118,-4,4
75398,87,92,-5,5
75399,127,121,6,6
75400,91,100,-9,9
75401,74,75,-1,1
75402,175,151,24,24
75403,223,177,46,46
75404,87,83,4,4
75405,67,70,-3,3
75406,59,65,-6,6
75407,104,95,9,9
75408,64,90,-26,26
75409,149,150,-1,1
75410,125,118,7,7
75411,45,56,-11,11
75412,93,99,-6,6
75413,86,91,-5,5
75414,80,80,0,0
75415,73,71,2,2
75416,92,88,4,4
75417,120,135,-15,15
75418,126,117,9,9
75419,73,78,-5,5
75420,54,67,-13,13
75421,65,72,-7,7
75422,100,101,-1,1
75423,105,100,5,5
75424,85,83,2,2
75425,100,95,5,5
75426,81,92,-11,11
75427,67,74,-7,7
75428,174,159,15,15
75429,132,121,11,11
75430,127,104,23,23
75431,96,104,-8,8
75432,73,75,-2,2
75433,86,87,-1,1
75434,73,77,-4,4
75435,124,120,4,4
75436,75,79,-4,4
75437,49,69,-20,20
75438,99,126,-27,27
75439,55,63,-8,8
75440,141,114,27,27
75441,62,75,-13,13
75442,75,80,-5,5
75443,99,98,1,1
75444,97,95,2,2
75445,104,104,0,0
75446,96,92,4,4
75447,122,120,2,2
75448,101,89,12,12
75449,109,110,-1,1
75450,111,108,3,3
75451,99,95,4,4
75452,77,89,-12,12
75453,118,121,-3,3
75454,89,87,2,2
75455,75,85,-10,10
75456,59,70,-11,11
75457,57,70,-13,13
75458,99,95,4,4
75459,88,80,8,8
75460,106,99,7,7
75461,101,106,-5,5
75462,131,122,9,9
75463,127,123,4,4
75464,65,69,-4,4
75465,101,94,7,7
75466,140,128,12,12
75467,122,119,3,3
75468,80,83,-3,3
75469,128,128,0,0
75470,85,89,-4,4
75471,111,114,-3,3
75472,78,92,-14,14
75473,93,93,0,0
75474,42,54,-12,12
75475,66,64,2,2
75476,95,100,-5,5
75477,90,81,9,9
75478,100,106,-6,6
75479,82,85,-3,3
75480,67,82,-15,15
75481,105,99,6,6
75482,110,103,7,7
75483,56,66,-10,10
75484,37,49,-12,12
75485,65,74,-9,9
75486,72,78,-6,6
75487,106,107,-1,1
75488,99,96,3,3
75489,104,101,3,3
75490,87,93,-6,6
75491,76,85,-9,9
75492,53,57,-4,4
75493,57,70,-13,13
75494,69,70,-1,1
75495,83,82,1,1
75496,56,69,-13,13
75497,78,84,-6,6
75498,95,103,-8,8
75499,78,80,-2,2
75500,74,77,-3,3
75501,82,101,-19,19
75502,95,94,1,1
75503,85,85,0,0
75504,63,75,-12,12
75505,124,121,3,3
75506,67,68,-1,1
75507,112,111,1,1
75508,94,97,-3,3
75509,69,74,-5,5
75510,121,125,-4,4
75511,82,88,-6,6
75512,111,105,6,6
75513,126,123,3,3
75514,74,74,0,0
75515,81,82,-1,1
75516,100,100,0,0
75517,148,132,16,16
75518,88,91,-3,3
75519,70,75,-5,5
75520,150,129,21,21
75521,88,89,-1,1
75522,28,41,-13,13
75523,93,92,1,1
75524,96,104,-8,8
75525,90,90,0,0
75526,150,155,-5,5
75527,75,84,-9,9
75528,93,105,-12,12
75529,150,141,9,9
75530,123,102,21,21
75531,133,130,3,3
75532,69,91,-22,22
75533,167,135,32,32
75534,46,49,-3,3
75535,92,96,-4,4
75536,54,64,-10,10
75537,154,134,20,20
75538,45,57,-12,12
75539,137,129,8,8
75540,115,107,8,8
75541,99,93,6,6
75542,93,89,4,4
75543,83,82,1,1
75544,115,104,11,11
75545,23,64,-41,41
75546,92,95,-3,3
75547,85,92,-7,7
75548,80,81,-1,1
75549,190,180,10,10
75550,95,93,2,2
75551,153,131,22,22
75552,83,93,-10,10
75553,51,61,-10,10
75554,85,87,-2,2
75555,85,92,-7,7
75556,59,73,-14,14
75557,172,153,19,19
75558,53,64,-11,11
75559,128,115,13,13
75560,72,78,-6,6
75561,130,120,10,10
75562,54,67,-13,13
75563,145,119,26,26
75564,94,102,-8,8
75565,111,108,3,3
75566,35,57,-22,22
75567,74,83,-9,9
75568,85,95,-10,10
75569,129,123,6,6
75570,49,65,-16,16
75571,56,71,-15,15
75572,99,97,2,2
75573,79,97,-18,18
75574,129,123,6,6
75575,74,80,-6,6
75576,78,92,-14,14
75577,70,78,-8,8
75578,157,165,-8,8
75579,98,99,-1,1
75580,66,76,-10,10
75581,75,81,-6,6
75582,76,78,-2,2
75583,94,100,-6,6
75584,100,94,6,6
75585,50,61,-11,11
75586,98,98,0,0
75587,96,101,-5,5
75588,134,131,3,3
75589,108,99,9,9
75590,212,191,21,21
75591,138,133,5,5
75592,88,87,1,1
75593,12,30,-18,18
75594,66,73,-7,7
75595,98,92,6,6
75596,110,105,5,5
75597,75,78,-3,3
75598,146,140,6,6
75599,176,177,-1,1
75600,91,86,5,5
75601,88,87,1,1
75602,51,60,-9,9
75603,190,164,26,26
75604,128,122,6,6
75605,74,81,-7,7
75606,83,89,-6,6
75607,64,74,-10,10
75608,127,125,2,2
75609,130,119,11,11
75610,95,90,5,5
75611,66,130,-64,64
75612,46,47,-1,1
75613,79,84,-5,5
75614,110,107,3,3
75615,116,114,2,2
75616,68,79,-11,11
75617,70,90,-20,20
75618,59,78,-19,19
75619,107,95,12,12
75620,77,90,-13,13
75621,97,119,-22,22
75622,160,145,15,15
75623,130,138,-8,8
75624,60,68,-8,8
75625,104,100,4,4
75626,91,93,-2,2
75627,89,100,-11,11
75628,49,62,-13,13
75629,155,146,9,9
75630,94,93,1,1
75631,146,138,8,8
75632,87,97,-10,10
75633,127,121,6,6
75634,79,88,-9,9
75635,93,96,-3,3
75636,121,123,-2,2
75637,74,75,-1,1
75638,113,111,2,2
75639,163,144,19,19
75640,122,107,15,15
75641,118,121,-3,3
75642,56,68,-12,12
75643,129,121,8,8
75644,128,121,7,7
75645,159,142,17,17
75646,62,72,-10,10
75647,108,110,-2,2
75648,72,77,-5,5
75649,79,86,-7,7
75650,166,155,11,11
75651,62,76,-14,14
75652,144,141,3,3
75653,129,119,10,10
75654,72,79,-7,7
75655,93,88,5,5
75656,86,96,-10,10
75657,126,118,8,8
75658,86,87,-1,1
75659,87,90,-3,3
75660,183,166,17,17
75661,68,74,-6,6
75662,80,81,-1,1
75663,63,78,-15,15
75664,61,72,-11,11
75665,103,105,-2,2
75666,46,59,-13,13
75667,107,99,8,8
75668,127,124,3,3
75669,89,88,1,1
75670,104,104,0,0
75671,82,92,-10,10
75672,114,117,-3,3
75673,82,85,-3,3
75674,109,113,-4,4
75675,105,105,0,0
75676,67,77,-10,10
75677,64,71,-7,7
75678,109,105,4,4
75679,50,61,-11,11
75680,49,57,-8,8
75681,89,94,-5,5
75682,163,152,11,11
75683,64,75,-11,11
75684,180,159,21,21
75685,73,120,-47,47
75686,155,142,13,13
75687,106,104,2,2
75688,102,98,4,4
75689,142,137,5,5
75690,62,67,-5,5
75691,93,97,-4,4
75692,125,106,19,19
75693,71,77,-6,6
75694,62,78,-16,16
75695,129,121,8,8
75696,109,120,-11,11
75697,174,159,15,15
75698,103,107,-4,4
75699,124,113,11,11
75700,74,86,-12,12
75701,96,94,2,2
75702,112,108,4,4
75703,78,83,-5,5
75704,59,67,-8,8
75705,54,65,-11,11
75706,86,85,1,1
75707,99,114,-15,15
75708,120,131,-11,11
75709,134,122,12,12
75710,141,126,15,15
75711,99,101,-2,2
75712,92,94,-2,2
75713,121,119,2,2
75714,74,79,-5,5
75715,101,91,10,10
75716,14,96,-82,82
75717,80,83,-3,3
75718,88,86,2,2
75719,60,72,-12,12
75720,112,111,1,1
75721,153,130,23,23
75722,108,104,4,4
75723,98,101,-3,3
75724,78,98,-20,20
75725,115,135,-20,20
75726,71,74,-3,3
75727,129,126,3,3
75728,56,68,-12,12
75729,68,73,-5,5
75730,80,82,-2,2
75731,110,119,-9,9
75732,86,96,-10,10
75733,139,132,7,7
75734,125,119,6,6
75735,73,79,-6,6
75736,122,113,9,9
75737,99,100,-1,1
75738,78,82,-4,4
75739,150,132,18,18
75740,112,96,16,16
75741,95,100,-5,5
75742,85,84,1,1
75743,67,76,-9,9
75744,91,88,3,3
75745,110,101,9,9
75746,88,78,10,10
75747,115,127,-12,12
75748,78,84,-6,6
75749,89,99,-10,10
75750,71,75,-4,4
75751,65,69,-4,4
75752,67,86,-19,19
75753,144,128,16,16
75754,98,101,-3,3
75755,78,80,-2,2
75756,130,129,1,1
75757,75,83,-8,8
75758,83,85,-2,2
75759,72,75,-3,3
75760,106,102,4,4
75761,44,54,-10,10
75762,108,104,4,4
75763,80,77,3,3
75764,98,103,-5,5
75765,97,95,2,2
75766,124,132,-8,8
75767,96,89,7,7
75768,71,76,-5,5
75769,118,119,-1,1
75770,115,108,7,7
75771,88,91,-3,3
75772,104,103,1,1
75773,75,75,0,0
75774,115,107,8,8
75775,94,86,8,8
75776,97,100,-3,3
75777,71,79,-8,8
75778,73,90,-17,17
75779,64,74,-10,10
75780,61,71,-10,10
75781,46,56,-10,10
75782,81,85,-4,4
75783,56,68,-12,12
75784,99,99,0,0
75785,131,135,-4,4
75786,75,92,-17,17
75787,74,76,-2,2
75788,111,106,5,5
75789,136,122,14,14
75790,81,83,-2,2
75791,50,63,-13,13
75792,95,95,0,0
75793,108,119,-11,11
75794,62,104,-42,42
75795,78,83,-5,5
75796,92,89,3,3
75797,42,56,-14,14
75798,102,107,-5,5
75799,104,106,-2,2
75800,55,72,-17,17
75801,69,81,-12,12
75802,90,95,-5,5
75803,63,71,-8,8
75804,101,104,-3,3
75805,43,57,-14,14
75806,69,78,-9,9
75807,109,106,3,3
75808,142,139,3,3
75809,140,130,10,10
75810,67,75,-8,8
75811,62,69,-7,7
75812,114,102,12,12
75813,107,103,4,4
75814,85,101,-16,16
75815,167,153,14,14
75816,163,159,4,4
75817,85,90,-5,5
75818,73,83,-10,10
75819,109,104,5,5
75820,61,72,-11,11
75821,77,83,-6,6
75822,207,174,33,33
75823,99,101,-2,2
75824,182,158,24,24
75825,99,99,0,0
75826,83,88,-5,5
75827,75,82,-7,7
75828,139,134,5,5
75829,47,55,-8,8
75830,65,84,-19,19
75831,143,119,24,24
75832,73,79,-6,6
75833,79,84,-5,5
75834,85,81,4,4
75835,88,94,-6,6
75836,141,129,12,12
75837,71,97,-26,26
75838,96,95,1,1
75839,153,142,11,11
75840,133,120,13,13
75841,80,89,-9,9
75842,171,165,6,6
75843,125,126,-1,1
75844,91,88,3,3
75845,61,71,-10,10
75846,131,119,12,12
75847,136,117,19,19
75848,58,67,-9,9
75849,93,92,1,1
75850,88,91,-3,3
75851,68,76,-8,8
75852,129,124,5,5
75853,127,114,13,13
75854,98,140,-42,42
75855,87,92,-5,5
75856,84,89,-5,5
75857,51,87,-36,36
75858,72,77,-5,5
75859,144,134,10,10
75860,96,98,-2,2
75861,61,66,-5,5
75862,86,87,-1,1
75863,78,78,0,0
75864,51,65,-14,14
75865,151,139,12,12
75866,109,103,6,6
75867,108,119,-11,11
75868,80,79,1,1
75869,67,68,-1,1
75870,125,134,-9,9
75871,75,77,-2,2
75872,176,167,9,9
75873,105,106,-1,1
75874,82,91,-9,9
75875,146,138,8,8
75876,49,88,-39,39
75877,68,87,-19,19
75878,119,120,-1,1
75879,40,50,-10,10
75880,118,117,1,1
75881,65,72,-7,7
75882,92,99,-7,7
75883,69,71,-2,2
75884,110,106,4,4
75885,94,94,0,0
75886,152,166,-14,14
75887,118,116,2,2
75888,72,78,-6,6
75889,141,127,14,14
75890,43,58,-15,15
75891,122,113,9,9
75892,73,80,-7,7
75893,92,91,1,1
75894,101,110,-9,9
75895,66,67,-1,1
75896,70,72,-2,2
75897,43,57,-14,14
75898,84,83,1,1
75899,83,97,-14,14
75900,71,74,-3,3
75901,97,91,6,6
75902,116,111,5,5
75903,107,116,-9,9
75904,152,139,13,13
75905,130,143,-13,13
75906,49,58,-9,9
75907,111,104,7,7
75908,124,111,13,13
75909,75,78,-3,3
75910,112,126,-14,14
75911,111,117,-6,6
75912,97,97,0,0
75913,47,54,-7,7
75914,114,100,14,14
75915,107,111,-4,4
75916,93,95,-2,2
75917,107,104,3,3
75918,114,115,-1,1
75919,124,129,-5,5
75920,133,119,14,14
75921,64,70,-6,6
75922,80,87,-7,7
75923,155,135,20,20
75924,98,107,-9,9
75925,82,77,5,5
75926,50,61,-11,11
75927,64,69,-5,5
75928,97,102,-5,5
75929,123,113,10,10
75930,46,60,-14,14
75931,78,76,2,2
75932,122,120,2,2
75933,181,161,20,20
75934,64,75,-11,11
75935,56,66,-10,10
75936,72,85,-13,13
75937,141,129,12,12
75938,126,120,6,6
75939,71,71,0,0
75940,81,76,5,5
75941,137,124,13,13
75942,91,93,-2,2
75943,117,109,8,8
75944,160,150,10,10
75945,101,93,8,8
75946,55,72,-17,17
75947,104,105,-1,1
75948,72,77,-5,5
75949,165,151,14,14
75950,74,75,-1,1
75951,72,80,-8,8
75952,138,119,19,19
75953,87,89,-2,2
75954,66,71,-5,5
75955,78,84,-6,6
75956,80,79,1,1
75957,111,112,-1,1
75958,132,128,4,4
75959,70,76,-6,6
75960,96,95,1,1
75961,127,122,5,5
75962,121,120,1,1
75963,57,64,-7,7
75964,203,184,19,19
75965,94,95,-1,1
75966,81,98,-17,17
75967,52,62,-10,10
75968,150,134,16,16
75969,83,109,-26,26
75970,99,93,6,6
75971,64,72,-8,8
75972,79,84,-5,5
75973,81,88,-7,7
75974,47,61,-14,14
75975,54,66,-12,12
75976,152,138,14,14
75977,44,60,-16,16
75978,87,89,-2,2
75979,161,148,13,13
75980,83,88,-5,5
75981,75,81,-6,6
75982,111,117,-6,6
75983,60,65,-5,5
75984,98,92,6,6
75985,74,85,-11,11
75986,81,79,2,2
75987,113,111,2,2
75988,110,101,9,9
75989,84,88,-4,4
75990,57,66,-9,9
75991,70,74,-4,4
75992,175,151,24,24
75993,95,98,-3,3
75994,94,96,-2,2
75995,107,103,4,4
75996,75,83,-8,8
75997,85,96,-11,11
75998,162,137,25,25
75999,93,95,-2,2
76000,73,79,-6,6
76001,86,89,-3,3
76002,179,163,16,16
76003,202,183,19,19
76004,98,101,-3,3
76005,85,91,-6,6
76006,37,56,-19,19
76007,121,112,9,9
76008,128,120,8,8
76009,87,97,-10,10
76010,141,138,3,3
76011,70,72,-2,2
76012,151,153,-2,2
76013,116,113,3,3
76014,81,81,0,0
76015,81,78,3,3
76016,89,93,-4,4
76017,124,107,17,17
76018,94,100,-6,6
76019,56,72,-16,16
76020,151,142,9,9
76021,157,144,13,13
76022,70,78,-8,8
76023,154,144,10,10
76024,130,122,8,8
76025,121,115,6,6
76026,119,120,-1,1
76027,94,98,-4,4
76028,62,78,-16,16
76029,99,95,4,4
76030,82,81,1,1
76031,145,140,5,5
76032,107,118,-11,11
76033,107,108,-1,1
76034,128,118,10,10
76035,52,63,-11,11
76036,103,101,2,2
76037,70,75,-5,5
76038,161,156,5,5
76039,74,80,-6,6
76040,70,73,-3,3
76041,114,102,12,12
76042,150,142,8,8
76043,105,116,-11,11
76044,119,126,-7,7
76045,71,80,-9,9
76046,102,96,6,6
76047,43,63,-20,20
76048,84,89,-5,5
76049,70,80,-10,10
76050,82,86,-4,4
76051,74,71,3,3
76052,98,97,1,1
76053,55,69,-14,14
76054,110,111,-1,1
76055,145,147,-2,2
76056,80,82,-2,2
76057,137,131,6,6
76058,77,92,-15,15
76059,80,79,1,1
76060,73,73,0,0
76061,83,83,0,0
76062,100,95,5,5
76063,85,84,1,1
76064,101,103,-2,2
76065,79,85,-6,6
76066,89,98,-9,9
76067,60,70,-10,10
76068,112,98,14,14
76069,173,160,13,13
76070,60,67,-7,7
76071,41,52,-11,11
76072,57,73,-16,16
76073,88,93,-5,5
76074,101,97,4,4
76075,82,77,5,5
76076,100,99,1,1
76077,85,90,-5,5
76078,117,103,14,14
76079,83,89,-6,6
76080,162,138,24,24
76081,59,67,-8,8
76082,127,118,9,9
76083,170,146,24,24
76084,114,106,8,8
76085,111,107,4,4
76086,44,55,-11,11
76087,91,97,-6,6
76088,76,87,-11,11
76089,64,77,-13,13
76090,67,72,-5,5
76091,135,126,9,9
76092,75,81,-6,6
76093,110,105,5,5
76094,84,84,0,0
76095,77,79,-2,2
76096,97,99,-2,2
76097,85,93,-8,8
76098,61,66,-5,5
76099,86,91,-5,5
76100,75,78,-3,3
76101,83,107,-24,24
76102,168,154,14,14
76103,97,98,-1,1
76104,64,74,-10,10
76105,126,117,9,9
76106,85,93,-8,8
76107,111,114,-3,3
76108,87,89,-2,2
76109,101,110,-9,9
76110,162,113,49,49
76111,143,141,2,2
76112,123,114,9,9
76113,82,82,0,0
76114,101,98,3,3
76115,92,101,-9,9
76116,87,99,-12,12
76117,93,83,10,10
76118,100,107,-7,7
76119,92,91,1,1
76120,85,80,5,5
76121,49,58,-9,9
76122,79,93,-14,14
76123,58,65,-7,7
76124,85,93,-8,8
76125,61,68,-7,7
76126,140,133,7,7
76127,127,128,-1,1
76128,152,143,9,9
76129,67,71,-4,4
76130,64,71,-7,7
76131,136,132,4,4
76132,74,76,-2,2
76133,100,93,7,7
76134,158,139,19,19
76135,80,90,-10,10
76136,88,91,-3,3
76137,110,116,-6,6
76138,74,74,0,0
76139,116,119,-3,3
76140,82,81,1,1
76141,117,108,9,9
76142,81,83,-2,2
76143,74,79,-5,5
76144,104,102,2,2
76145,147,128,19,19
76146,82,83,-1,1
76147,50,60,-10,10
76148,180,161,19,19
76149,182,174,8,8
76150,63,80,-17,17
76151,190,158,32,32
76152,122,133,-11,11
76153,99,97,2,2
76154,66,77,-11,11
76155,53,77,-24,24
76156,63,72,-9,9
76157,125,132,-7,7
76158,112,103,9,9
76159,85,90,-5,5
76160,56,68,-12,12
76161,85,87,-2,2
76162,70,83,-13,13
76163,83,91,-8,8
76164,135,129,6,6
76165,57,65,-8,8
76166,84,86,-2,2
76167,90,102,-12,12
76168,59,69,-10,10
76169,77,79,-2,2
76170,64,69,-5,5
76171,99,101,-2,2
76172,109,103,6,6
76173,97,99,-2,2
76174,92,89,3,3
76175,87,94,-7,7
76176,42,54,-12,12
76177,74,84,-10,10
76178,162,168,-6,6
76179,125,111,14,14
76180,178,173,5,5
76181,98,106,-8,8
76182,89,98,-9,9
76183,72,73,-1,1
76184,78,81,-3,3
76185,53,66,-13,13
76186,85,83,2,2
76187,122,117,5,5
76188,101,107,-6,6
76189,81,82,-1,1
76190,128,94,34,34
76191,98,99,-1,1
76192,154,157,-3,3
76193,122,125,-3,3
76194,63,68,-5,5
76195,83,92,-9,9
76196,98,100,-2,2
76197,70,75,-5,5
76198,89,104,-15,15
76199,111,119,-8,8
76200,44,64,-20,20
76201,48,65,-17,17
76202,104,101,3,3
76203,106,105,1,1
76204,148,128,20,20
76205,128,128,0,0
76206,118,115,3,3
76207,105,95,10,10
76208,141,143,-2,2
76209,115,106,9,9
76210,161,149,12,12
76211,71,93,-22,22
76212,149,138,11,11
76213,77,81,-4,4
76214,117,109,8,8
76215,119,114,5,5
76216,116,105,11,11
76217,88,90,-2,2
76218,107,110,-3,3
76219,72,85,-13,13
76220,137,146,-9,9
76221,122,123,-1,1
76222,126,122,4,4
76223,50,68,-18,18
76224,119,105,14,14
76225,79,77,2,2
76226,124,124,0,0
76227,128,124,4,4
76228,132,119,13,13
76229,90,91,-1,1
76230,95,98,-3,3
76231,97,93,4,4
76232,63,73,-10,10
76233,109,104,5,5
76234,133,139,-6,6
76235,104,103,1,1
76236,35,83,-48,48
76237,72,80,-8,8
76238,65,78,-13,13
76239,120,105,15,15
76240,135,154,-19,19
76241,130,119,11,11
76242,137,136,1,1
76243,81,82,-1,1
76244,83,88,-5,5
76245,51,65,-14,14
76246,77,86,-9,9
76247,116,107,9,9
76248,72,84,-12,12
76249,97,103,-6,6
76250,78,78,0,0
76251,63,70,-7,7
76252,130,131,-1,1
76253,158,147,11,11
76254,75,86,-11,11
76255,76,78,-2,2
76256,101,100,1,1
76257,44,62,-18,18
76258,74,78,-4,4
76259,98,94,4,4
76260,134,133,1,1
76261,104,101,3,3
76262,88,89,-1,1
76263,179,156,23,23
76264,46,61,-15,15
76265,141,136,5,5
76266,91,85,6,6
76267,72,78,-6,6
76268,82,85,-3,3
76269,73,80,-7,7
76270,139,126,13,13
76271,124,119,5,5
76272,100,97,3,3
76273,98,95,3,3
76274,80,83,-3,3
76275,97,116,-19,19
76276,62,74,-12,12
76277,136,129,7,7
76278,93,91,2,2
76279,104,102,2,2
76280,158,151,7,7
76281,105,99,6,6
76282,82,75,7,7
76283,150,141,9,9
76284,161,144,17,17
76285,68,73,-5,5
76286,97,100,-3,3
76287,106,100,6,6
76288,75,77,-2,2
76289,95,95,0,0
76290,84,88,-4,4
76291,144,128,16,16
76292,115,115,0,0
76293,45,61,-16,16
76294,99,96,3,3
76295,91,91,0,0
76296,75,74,1,1
76297,134,116,18,18
76298,69,71,-2,2
76299,74,79,-5,5
76300,53,63,-10,10
76301,74,83,-9,9
76302,95,96,-1,1
76303,54,66,-12,12
76304,96,95,1,1
76305,93,95,-2,2
76306,108,105,3,3
76307,104,117,-13,13
76308,80,83,-3,3
76309,87,84,3,3
76310,98,105,-7,7
76311,60,71,-11,11
76312,65,75,-10,10
76313,75,88,-13,13
76314,80,93,-13,13
76315,81,93,-12,12
76316,123,113,10,10
76317,89,97,-8,8
76318,142,134,8,8
76319,64,68,-4,4
76320,100,103,-3,3
76321,45,62,-17,17
76322,118,108,10,10
76323,73,80,-7,7
76324,74,82,-8,8
76325,102,105,-3,3
76326,66,82,-16,16
76327,120,122,-2,2
76328,57,65,-8,8
76329,149,129,20,20
76330,131,128,3,3
76331,81,81,0,0
76332,61,71,-10,10
76333,89,96,-7,7
76334,66,70,-4,4
76335,64,73,-9,9
76336,76,84,-8,8
76337,124,116,8,8
76338,48,65,-17,17
76339,68,74,-6,6
76340,100,102,-2,2
76341,96,98,-2,2
76342,50,58,-8,8
76343,85,91,-6,6
76344,85,89,-4,4
76345,61,70,-9,9
76346,91,85,6,6
76347,72,77,-5,5
76348,129,117,12,12
76349,104,98,6,6
76350,54,71,-17,17
76351,53,64,-11,11
76352,105,110,-5,5
76353,91,104,-13,13
76354,66,78,-12,12
76355,59,67,-8,8
76356,118,114,4,4
76357,109,116,-7,7
76358,63,71,-8,8
76359,63,63,0,0
76360,68,74,-6,6
76361,166,169,-3,3
76362,84,84,0,0
76363,66,69,-3,3
76364,100,111,-11,11
76365,104,100,4,4
76366,65,71,-6,6
76367,57,68,-11,11
76368,99,98,1,1
76369,96,111,-15,15
76370,71,75,-4,4
76371,57,69,-12,12
76372,105,110,-5,5
76373,88,87,1,1
76374,54,66,-12,12
76375,181,156,25,25
76376,100,100,0,0
76377,103,101,2,2
76378,138,124,14,14
76379,65,76,-11,11
76380,71,77,-6,6
76381,70,74,-4,4
76382,72,75,-3,3
76383,66,69,-3,3
76384,79,81,-2,2
76385,169,154,15,15
76386,129,119,10,10
76387,129,108,21,21
76388,63,69,-6,6
76389,92,93,-1,1
76390,109,107,2,2
76391,58,69,-11,11
76392,108,100,8,8
76393,107,98,9,9
76394,162,153,9,9
76395,57,67,-10,10
76396,109,115,-6,6
76397,86,88,-2,2
76398,91,89,2,2
76399,89,85,4,4
76400,93,98,-5,5
76401,70,76,-6,6
76402,73,78,-5,5
76403,71,75,-4,4
76404,59,63,-4,4
76405,166,158,8,8
76406,71,72,-1,1
76407,71,70,1,1
76408,132,118,14,14
76409,103,108,-5,5
76410,114,105,9,9
76411,103,112,-9,9
76412,98,97,1,1
76413,92,88,4,4
76414,102,113,-11,11
76415,113,119,-6,6
76416,130,149,-19,19
76417,56,71,-15,15
76418,127,119,8,8
76419,53,72,-19,19
76420,129,122,7,7
76421,93,93,0,0
76422,133,121,12,12
76423,93,93,0,0
76424,92,96,-4,4
76425,45,63,-18,18
76426,96,89,7,7
76427,104,124,-20,20
76428,65,72,-7,7
76429,114,108,6,6
76430,52,61,-9,9
76431,80,88,-8,8
76432,135,126,9,9
76433,78,111,-33,33
76434,69,74,-5,5
76435,61,60,1,1
76436,75,75,0,0
76437,131,131,0,0
76438,108,115,-7,7
76439,96,97,-1,1
76440,178,155,23,23
76441,171,167,4,4
76442,81,80,1,1
76443,91,88,3,3
76444,69,79,-10,10
76445,146,132,14,14
76446,111,101,10,10
76447,65,71,-6,6
76448,86,85,1,1
76449,79,96,-17,17
76450,108,99,9,9
76451,94,97,-3,3
76452,107,106,1,1
76453,100,95,5,5
76454,121,110,11,11
76455,144,147,-3,3
76456,66,74,-8,8
76457,40,54,-14,14
76458,99,101,-2,2
76459,32,53,-21,21
76460,69,76,-7,7
76461,145,140,5,5
76462,76,85,-9,9
76463,85,86,-1,1
76464,53,64,-11,11
76465,27,47,-20,20
76466,55,70,-15,15
76467,41,52,-11,11
76468,57,68,-11,11
76469,83,76,7,7
76470,77,77,0,0
76471,85,96,-11,11
76472,118,105,13,13
76473,55,66,-11,11
76474,62,69,-7,7
76475,111,108,3,3
76476,108,103,5,5
76477,89,96,-7,7
76478,97,94,3,3
76479,94,100,-6,6
76480,61,71,-10,10
76481,82,93,-11,11
76482,83,89,-6,6
76483,140,123,17,17
76484,152,130,22,22
76485,86,84,2,2
76486,33,49,-16,16
76487,88,87,1,1
76488,71,74,-3,3
76489,97,111,-14,14
76490,81,90,-9,9
76491,129,119,10,10
76492,55,67,-12,12
76493,122,121,1,1
76494,103,110,-7,7
76495,98,94,4,4
76496,89,87,2,2
76497,87,85,2,2
76498,79,89,-10,10
76499,98,106,-8,8
76500,49,67,-18,18
76501,82,85,-3,3
76502,120,119,1,1
76503,108,106,2,2
76504,169,152,17,17
76505,161,151,10,10
76506,134,130,4,4
76507,96,99,-3,3
76508,56,60,-4,4
76509,101,105,-4,4
76510,86,95,-9,9
76511,82,84,-2,2
76512,85,94,-9,9
76513,79,81,-2,2
76514,78,85,-7,7
76515,105,96,9,9
76516,142,133,9,9
76517,65,77,-12,12
76518,57,69,-12,12
76519,81,85,-4,4
76520,139,109,30,30
76521,84,83,1,1
76522,81,86,-5,5
76523,154,129,25,25
76524,147,132,15,15
76525,153,136,17,17
76526,73,81,-8,8
76527,141,126,15,15
76528,43,58,-15,15
76529,101,98,3,3
76530,42,59,-17,17
76531,78,83,-5,5
76532,97,113,-16,16
76533,65,76,-11,11
76534,58,67,-9,9
76535,79,92,-13,13
76536,95,97,-2,2
76537,105,118,-13,13
76538,37,50,-13,13
76539,82,82,0,0
76540,130,125,5,5
76541,99,108,-9,9
76542,125,106,19,19
76543,51,69,-18,18
76544,87,90,-3,3
76545,147,146,1,1
76546,61,66,-5,5
76547,122,121,1,1
76548,70,82,-12,12
76549,81,78,3,3
76550,93,92,1,1
76551,136,131,5,5
76552,61,72,-11,11
76553,75,89,-14,14
76554,118,105,13,13
76555,110,115,-5,5
76556,153,153,0,0
76557,57,64,-7,7
76558,128,116,12,12
76559,118,108,10,10
76560,81,91,-10,10
76561,82,84,-2,2
76562,126,120,6,6
76563,110,104,6,6
76564,91,96,-5,5
76565,106,91,15,15
76566,92,88,4,4
76567,74,85,-11,11
76568,119,115,4,4
76569,47,59,-12,12
76570,81,92,-11,11
76571,101,97,4,4
76572,91,93,-2,2
76573,68,76,-8,8
76574,119,114,5,5
76575,90,91,-1,1
76576,104,106,-2,2
76577,80,86,-6,6
76578,84,92,-8,8
76579,132,120,12,12
76580,32,75,-43,43
76581,139,127,12,12
76582,85,83,2,2
76583,83,87,-4,4
76584,55,66,-11,11
76585,98,110,-12,12
76586,177,166,11,11
76587,81,89,-8,8
76588,90,98,-8,8
76589,133,121,12,12
76590,85,77,8,8
76591,58,64,-6,6
76592,133,125,8,8
76593,81,82,-1,1
76594,149,135,14,14
76595,107,104,3,3
76596,113,97,16,16
76597,108,100,8,8
76598,93,91,2,2
76599,100,92,8,8
76600,66,74,-8,8
76601,109,102,7,7
76602,77,92,-15,15
76603,208,171,37,37
76604,79,87,-8,8
76605,74,75,-1,1
76606,74,77,-3,3
76607,131,121,10,10
76608,127,115,12,12
76609,77,81,-4,4
76610,100,83,17,17
76611,82,112,-30,30
76612,100,101,-1,1
76613,65,79,-14,14
76614,97,103,-6,6
76615,146,128,18,18
76616,99,88,11,11
76617,117,105,12,12
76618,71,79,-8,8
76619,60,68,-8,8
76620,75,80,-5,5
76621,46,56,-10,10
76622,121,106,15,15
76623,55,64,-9,9
76624,119,120,-1,1
76625,178,162,16,16
76626,131,125,6,6
76627,123,118,5,5
76628,99,99,0,0
76629,164,152,12,12
76630,69,77,-8,8
76631,55,64,-9,9
76632,148,145,3,3
76633,67,73,-6,6
76634,138,130,8,8
76635,115,106,9,9
76636,134,122,12,12
76637,91,99,-8,8
76638,94,95,-1,1
76639,114,109,5,5
76640,92,93,-1,1
76641,98,105,-7,7
76642,41,50,-9,9
76643,49,63,-14,14
76644,59,75,-16,16
76645,90,88,2,2
76646,165,148,17,17
76647,53,64,-11,11
76648,67,74,-7,7
76649,77,79,-2,2
76650,87,87,0,0
76651,65,71,-6,6
76652,133,124,9,9
76653,98,96,2,2
76654,103,103,0,0
76655,85,84,1,1
76656,153,137,16,16
76657,85,81,4,4
76658,126,128,-2,2
76659,102,112,-10,10
76660,115,109,6,6
76661,78,84,-6,6
76662,152,148,4,4
76663,72,78,-6,6
76664,65,70,-5,5
76665,71,76,-5,5
76666,134,131,3,3
76667,104,103,1,1
76668,54,68,-14,14
76669,133,120,13,13
76670,99,90,9,9
76671,69,72,-3,3
76672,169,158,11,11
76673,94,97,-3,3
76674,106,110,-4,4
76675,86,91,-5,5
76676,107,101,6,6
76677,52,66,-14,14
76678,71,80,-9,9
76679,87,86,1,1
76680,155,153,2,2
76681,58,69,-11,11
76682,144,131,13,13
76683,111,105,6,6
76684,90,91,-1,1
76685,74,70,4,4
76686,100,94,6,6
76687,112,107,5,5
76688,117,115,2,2
76689,48,92,-44,44
76690,107,95,12,12
76691,144,135,9,9
76692,86,82,4,4
76693,101,98,3,3
76694,94,98,-4,4
76695,129,113,16,16
76696,132,129,3,3
76697,61,69,-8,8
76698,103,107,-4,4
76699,104,97,7,7
76700,135,116,19,19
76701,76,85,-9,9
76702,112,116,-4,4
76703,114,98,16,16
76704,69,69,0,0
76705,92,85,7,7
76706,80,85,-5,5
76707,139,123,16,16
76708,76,79,-3,3
76709,71,73,-2,2
76710,100,101,-1,1
76711,106,99,7,7
76712,145,133,12,12
76713,76,88,-12,12
76714,92,100,-8,8
76715,49,58,-9,9
76716,110,106,4,4
76717,92,96,-4,4
76718,173,140,33,33
76719,98,102,-4,4
76720,175,146,29,29
76721,75,88,-13,13
76722,103,92,11,11
76723,111,122,-11,11
76724,215,200,15,15
76725,131,120,11,11
76726,67,78,-11,11
76727,127,132,-5,5
76728,72,78,-6,6
76729,43,74,-31,31
76730,65,74,-9,9
76731,69,75,-6,6
76732,149,150,-1,1
76733,75,76,-1,1
76734,81,85,-4,4
76735,76,71,5,5
76736,53,71,-18,18
76737,79,91,-12,12
76738,152,135,17,17
76739,97,98,-1,1
76740,48,61,-13,13
76741,107,108,-1,1
76742,118,116,2,2
76743,78,83,-5,5
76744,98,98,0,0
76745,121,111,10,10
76746,108,100,8,8
76747,59,67,-8,8
76748,95,100,-5,5
76749,98,100,-2,2
76750,71,75,-4,4
76751,76,80,-4,4
76752,100,107,-7,7
76753,70,73,-3,3
76754,71,71,0,0
76755,94,80,14,14
76756,86,91,-5,5
76757,102,107,-5,5
76758,106,103,3,3
76759,74,84,-10,10
76760,49,65,-16,16
76761,103,99,4,4
76762,70,80,-10,10
76763,168,157,11,11
76764,66,77,-11,11
76765,128,128,0,0
76766,110,106,4,4
76767,82,79,3,3
76768,92,87,5,5
76769,187,171,16,16
76770,101,117,-16,16
76771,47,58,-11,11
76772,72,79,-7,7
76773,77,82,-5,5
76774,30,45,-15,15
76775,124,123,1,1
76776,218,178,40,40
76777,110,115,-5,5
76778,106,108,-2,2
76779,133,119,14,14
76780,88,81,7,7
76781,58,67,-9,9
76782,184,157,27,27
76783,152,129,23,23
76784,87,95,-8,8
76785,167,146,21,21
76786,93,99,-6,6
76787,130,108,22,22
76788,96,88,8,8
76789,119,121,-2,2
76790,81,84,-3,3
76791,52,60,-8,8
76792,66,69,-3,3
76793,102,108,-6,6
76794,76,78,-2,2
76795,117,102,15,15
76796,98,94,4,4
76797,81,85,-4,4
76798,99,104,-5,5
76799,81,80,1,1
76800,64,76,-12,12
76801,139,135,4,4
76802,84,89,-5,5
76803,68,73,-5,5
76804,42,54,-12,12
76805,73,72,1,1
76806,158,119,39,39
76807,101,103,-2,2
76808,122,115,7,7
76809,76,91,-15,15
76810,129,148,-19,19
76811,99,93,6,6
76812,71,73,-2,2
76813,80,85,-5,5
76814,141,125,16,16
76815,48,58,-10,10
76816,146,131,15,15
76817,83,89,-6,6
76818,102,103,-1,1
76819,87,89,-2,2
76820,83,81,2,2
76821,63,83,-20,20
76822,89,92,-3,3
76823,142,128,14,14
76824,90,97,-7,7
76825,97,94,3,3
76826,130,123,7,7
76827,88,89,-1,1
76828,146,144,2,2
76829,118,106,12,12
76830,124,118,6,6
76831,108,118,-10,10
76832,53,68,-15,15
76833,78,84,-6,6
76834,54,64,-10,10
76835,121,111,10,10
76836,105,118,-13,13
76837,47,66,-19,19
76838,58,65,-7,7
76839,126,112,14,14
76840,165,142,23,23
76841,118,111,7,7
76842,54,65,-11,11
76843,98,95,3,3
76844,39,49,-10,10
76845,88,97,-9,9
76846,85,89,-4,4
76847,92,101,-9,9
76848,101,99,2,2
76849,69,83,-14,14
76850,70,72,-2,2
76851,57,94,-37,37
76852,89,91,-2,2
76853,165,151,14,14
76854,88,93,-5,5
76855,142,129,13,13
76856,109,112,-3,3
76857,105,105,0,0
76858,94,98,-4,4
76859,124,119,5,5
76860,119,112,7,7
76861,41,51,-10,10
76862,102,102,0,0
76863,90,78,12,12
76864,126,123,3,3
76865,59,77,-18,18
76866,74,80,-6,6
76867,104,110,-6,6
76868,101,102,-1,1
76869,102,101,1,1
76870,123,123,0,0
76871,90,93,-3,3
76872,85,84,1,1
76873,85,95,-10,10
76874,57,65,-8,8
76875,73,80,-7,7
76876,73,83,-10,10
76877,106,107,-1,1
76878,47,55,-8,8
76879,91,98,-7,7
76880,93,88,5,5
76881,63,78,-15,15
76882,80,81,-1,1
76883,71,76,-5,5
76884,92,92,0,0
76885,125,119,6,6
76886,82,95,-13,13
76887,97,103,-6,6
76888,59,63,-4,4
76889,125,132,-7,7
76890,115,104,11,11
76891,103,100,3,3
76892,97,97,0,0
76893,89,92,-3,3
76894,78,83,-5,5
76895,159,138,21,21
76896,117,121,-4,4
76897,100,97,3,3
76898,104,103,1,1
76899,97,106,-9,9
76900,114,103,11,11
76901,118,123,-5,5
76902,99,88,11,11
76903,98,94,4,4
76904,114,116,-2,2
76905,99,100,-1,1
76906,95,96,-1,1
76907,68,79,-11,11
76908,119,114,5,5
76909,125,116,9,9
76910,74,82,-8,8
76911,97,93,4,4
76912,101,98,3,3
76913,157,149,8,8
76914,141,130,11,11
76915,132,130,2,2
76916,104,104,0,0
76917,85,90,-5,5
76918,110,109,1,1
76919,91,99,-8,8
76920,53,62,-9,9
76921,81,85,-4,4
76922,78,85,-7,7
76923,79,93,-14,14
76924,73,79,-6,6
76925,81,86,-5,5
76926,89,89,0,0
76927,78,81,-3,3
76928,122,109,13,13
76929,64,75,-11,11
76930,52,62,-10,10
76931,87,94,-7,7
76932,134,130,4,4
76933,104,97,7,7
76934,116,120,-4,4
76935,102,107,-5,5
76936,160,135,25,25
76937,83,81,2,2
76938,159,159,0,0
76939,130,134,-4,4
76940,92,92,0,0
76941,95,94,1,1
76942,179,173,6,6
76943,132,114,18,18
76944,53,61,-8,8
76945,100,98,2,2
76946,105,97,8,8
76947,77,83,-6,6
76948,115,112,3,3
76949,126,124,2,2
76950,91,92,-1,1
76951,79,84,-5,5
76952,40,58,-18,18
76953,128,121,7,7
76954,145,141,4,4
76955,153,137,16,16
76956,81,81,0,0
76957,113,121,-8,8
76958,138,120,18,18
76959,100,104,-4,4
76960,77,74,3,3
76961,71,78,-7,7
76962,110,109,1,1
76963,118,117,1,1
76964,137,134,3,3
76965,94,95,-1,1
76966,65,70,-5,5
76967,52,74,-22,22
76968,74,79,-5,5
76969,68,74,-6,6
76970,101,103,-2,2
76971,104,102,2,2
76972,138,126,12,12
76973,71,76,-5,5
76974,140,122,18,18
76975,83,84,-1,1
76976,91,94,-3,3
76977,125,116,9,9
76978,77,87,-10,10
76979,63,69,-6,6
76980,116,111,5,5
76981,102,101,1,1
76982,121,126,-5,5
76983,116,110,6,6
76984,181,167,14,14
76985,112,119,-7,7
76986,151,151,0,0
76987,127,120,7,7
76988,87,89,-2,2
76989,123,119,4,4
76990,74,90,-16,16
76991,161,148,13,13
76992,48,61,-13,13
76993,207,186,21,21
76994,124,123,1,1
76995,91,101,-10,10
76996,104,103,1,1
76997,118,121,-3,3
76998,112,109,3,3
76999,70,76,-6,6
77000,76,75,1,1
77001,133,121,12,12
77002,79,77,2,2
77003,56,74,-18,18
77004,111,129,-18,18
77005,48,64,-16,16
77006,80,75,5,5
77007,144,130,14,14
77008,39,46,-7,7
77009,91,95,-4,4
77010,97,96,1,1
77011,93,87,6,6
77012,142,127,15,15
77013,116,112,4,4
77014,86,92,-6,6
77015,128,129,-1,1
77016,101,107,-6,6
77017,53,69,-16,16
77018,153,141,12,12
77019,69,82,-13,13
77020,101,97,4,4
77021,146,144,2,2
77022,107,105,2,2
77023,86,89,-3,3
77024,44,61,-17,17
77025,64,75,-11,11
77026,90,78,12,12
77027,69,78,-9,9
77028,78,92,-14,14
77029,141,134,7,7
77030,54,57,-3,3
77031,61,65,-4,4
77032,140,122,18,18
77033,158,128,30,30
77034,96,92,4,4
77035,159,148,11,11
77036,155,128,27,27
77037,152,137,15,15
77038,62,66,-4,4
77039,84,82,2,2
77040,197,177,20,20
77041,123,120,3,3
77042,80,89,-9,9
77043,25,39,-14,14
77044,140,137,3,3
77045,65,79,-14,14
77046,67,97,-30,30
77047,62,72,-10,10
77048,71,74,-3,3
77049,138,133,5,5
77050,73,76,-3,3
77051,84,93,-9,9
77052,227,187,40,40
77053,97,93,4,4
77054,47,59,-12,12
77055,74,81,-7,7
77056,75,86,-11,11
77057,64,73,-9,9
77058,107,105,2,2
77059,60,66,-6,6
77060,70,78,-8,8
77061,117,100,17,17
77062,110,118,-8,8
77063,118,118,0,0
77064,86,90,-4,4
77065,61,75,-14,14
77066,72,76,-4,4
77067,153,136,17,17
77068,92,98,-6,6
77069,117,117,0,0
77070,79,82,-3,3
77071,111,102,9,9
77072,48,60,-12,12
77073,71,71,0,0
77074,100,101,-1,1
77075,90,86,4,4
77076,67,77,-10,10
77077,111,108,3,3
77078,68,73,-5,5
77079,113,104,9,9
77080,78,96,-18,18
77081,94,95,-1,1
77082,86,92,-6,6
77083,131,129,2,2
77084,142,125,17,17
77085,83,93,-10,10
77086,62,82,-20,20
77087,74,72,2,2
77088,143,134,9,9
77089,163,157,6,6
77090,78,80,-2,2
77091,42,52,-10,10
77092,69,75,-6,6
77093,68,75,-7,7
77094,132,121,11,11
77095,59,65,-6,6
77096,107,105,2,2
77097,107,107,0,0
77098,49,60,-11,11
77099,114,110,4,4
77100,87,87,0,0
77101,103,90,13,13
77102,122,113,9,9
77103,114,115,-1,1
77104,172,154,18,18
77105,69,79,-10,10
77106,57,73,-16,16
77107,108,109,-1,1
77108,80,99,-19,19
77109,70,80,-10,10
77110,126,122,4,4
77111,102,99,3,3
77112,45,58,-13,13
77113,72,75,-3,3
77114,174,153,21,21
77115,101,106,-5,5
77116,53,62,-9,9
77117,71,74,-3,3
77118,157,160,-3,3
77119,139,127,12,12
77120,116,104,12,12
77121,86,82,4,4
77122,96,91,5,5
77123,107,107,0,0
77124,98,107,-9,9
77125,89,95,-6,6
77126,117,123,-6,6
77127,108,108,0,0
77128,54,63,-9,9
77129,116,117,-1,1
77130,111,109,2,2
77131,139,139,0,0
77132,74,78,-4,4
77133,117,122,-5,5
77134,106,111,-5,5
77135,158,135,23,23
77136,97,97,0,0
77137,70,72,-2,2
77138,106,107,-1,1
77139,82,79,3,3
77140,141,124,17,17
77141,132,123,9,9
77142,114,104,10,10
77143,145,131,14,14
77144,56,69,-13,13
77145,109,98,11,11
77146,131,117,14,14
77147,154,119,35,35
77148,73,73,0,0
77149,63,73,-10,10
77150,134,143,-9,9
77151,91,86,5,5
77152,127,120,7,7
77153,42,55,-13,13
77154,101,105,-4,4
77155,52,60,-8,8
77156,143,142,1,1
77157,92,91,1,1
77158,84,87,-3,3
77159,101,113,-12,12
77160,117,117,0,0
77161,85,87,-2,2
77162,52,64,-12,12
77163,74,74,0,0
77164,78,73,5,5
77165,64,69,-5,5
77166,90,94,-4,4
77167,59,73,-14,14
77168,53,70,-17,17
77169,94,99,-5,5
77170,77,81,-4,4
77171,108,93,15,15
77172,138,125,13,13
77173,83,91,-8,8
77174,150,132,18,18
77175,108,102,6,6
77176,64,73,-9,9
77177,101,111,-10,10
77178,92,88,4,4
77179,150,134,16,16
77180,133,130,3,3
77181,42,59,-17,17
77182,43,57,-14,14
77183,63,69,-6,6
77184,82,88,-6,6
77185,56,61,-5,5
77186,101,112,-11,11
77187,65,84,-19,19
77188,112,108,4,4
77189,50,61,-11,11
77190,130,120,10,10
77191,88,98,-10,10
77192,74,74,0,0
77193,129,130,-1,1
77194,57,73,-16,16
77195,110,106,4,4
77196,99,103,-4,4
77197,77,77,0,0
77198,117,111,6,6
77199,107,101,6,6
77200,62,67,-5,5
77201,75,84,-9,9
77202,97,103,-6,6
77203,54,60,-6,6
77204,80,80,0,0
77205,84,86,-2,2
77206,52,60,-8,8
77207,106,104,2,2
77208,99,113,-14,14
77209,92,90,2,2
77210,53,65,-12,12
77211,135,131,4,4
77212,116,100,16,16
77213,96,101,-5,5
77214,116,109,7,7
77215,90,89,1,1
77216,187,148,39,39
77217,55,95,-40,40
77218,48,51,-3,3
77219,77,85,-8,8
77220,74,82,-8,8
77221,97,104,-7,7
77222,159,147,12,12
77223,127,119,8,8
77224,83,85,-2,2
77225,67,73,-6,6
77226,103,95,8,8
77227,68,69,-1,1
77228,75,75,0,0
77229,88,93,-5,5
77230,82,113,-31,31
77231,128,119,9,9
77232,177,157,20,20
77233,140,128,12,12
77234,108,93,15,15
77235,59,64,-5,5
77236,97,98,-1,1
77237,105,104,1,1
77238,59,66,-7,7
77239,74,77,-3,3
77240,63,69,-6,6
77241,53,61,-8,8
77242,67,74,-7,7
77243,88,89,-1,1
77244,116,114,2,2
77245,141,138,3,3
77246,123,122,1,1
77247,111,110,1,1
77248,89,94,-5,5
77249,112,109,3,3
77250,118,114,4,4
77251,51,64,-13,13
77252,165,150,15,15
77253,70,80,-10,10
77254,92,88,4,4
77255,156,130,26,26
77256,160,136,24,24
77257,64,70,-6,6
77258,137,132,5,5
77259,93,91,2,2
77260,124,123,1,1
77261,77,84,-7,7
77262,128,124,4,4
77263,79,74,5,5
77264,61,75,-14,14
77265,112,105,7,7
77266,45,56,-11,11
77267,67,70,-3,3
77268,126,121,5,5
77269,92,91,1,1
77270,74,82,-8,8
77271,67,79,-12,12
77272,105,101,4,4
77273,167,159,8,8
77274,131,125,6,6
77275,84,126,-42,42
77276,110,119,-9,9
77277,72,82,-10,10
77278,71,121,-50,50
77279,115,117,-2,2
77280,159,147,12,12
77281,82,94,-12,12
77282,100,111,-11,11
77283,70,70,0,0
77284,104,106,-2,2
77285,49,57,-8,8
77286,104,106,-2,2
77287,101,107,-6,6
77288,66,76,-10,10
77289,87,90,-3,3
77290,85,96,-11,11
77291,124,130,-6,6
77292,121,110,11,11
77293,97,95,2,2
77294,63,69,-6,6
77295,93,96,-3,3
77296,79,78,1,1
77297,49,57,-8,8
77298,95,97,-2,2
77299,76,85,-9,9
77300,133,128,5,5
77301,66,75,-9,9
77302,85,96,-11,11
77303,228,221,7,7
77304,124,127,-3,3
77305,90,84,6,6
77306,95,97,-2,2
77307,54,68,-14,14
77308,82,91,-9,9
77309,155,138,17,17
77310,173,160,13,13
77311,171,148,23,23
77312,42,61,-19,19
77313,141,133,8,8
77314,92,88,4,4
77315,94,92,2,2
77316,82,89,-7,7
77317,132,122,10,10
77318,124,115,9,9
77319,94,93,1,1
77320,60,69,-9,9
77321,58,72,-14,14
77322,102,108,-6,6
77323,112,109,3,3
77324,121,117,4,4
77325,133,134,-1,1
77326,54,74,-20,20
77327,105,110,-5,5
77328,82,87,-5,5
77329,104,97,7,7
77330,91,91,0,0
77331,103,110,-7,7
77332,96,104,-8,8
77333,147,155,-8,8
77334,95,97,-2,2
77335,111,119,-8,8
77336,106,107,-1,1
77337,59,67,-8,8
77338,77,78,-1,1
77339,97,87,10,10
77340,73,69,4,4
77341,105,101,4,4
77342,122,113,9,9
77343,55,72,-17,17
77344,108,109,-1,1
77345,59,65,-6,6
77346,124,123,1,1
77347,116,121,-5,5
77348,100,97,3,3
77349,76,85,-9,9
77350,102,97,5,5
77351,95,105,-10,10
77352,138,129,9,9
77353,119,118,1,1
77354,78,85,-7,7
77355,108,110,-2,2
77356,34,48,-14,14
77357,105,106,-1,1
77358,120,112,8,8
77359,91,94,-3,3
77360,103,116,-13,13
77361,75,80,-5,5
77362,176,152,24,24
77363,85,83,2,2
77364,75,79,-4,4
77365,103,106,-3,3
77366,81,87,-6,6
77367,105,112,-7,7
77368,50,67,-17,17
77369,118,115,3,3
77370,163,150,13,13
77371,137,126,11,11
77372,167,158,9,9
77373,116,115,1,1
77374,52,64,-12,12
77375,115,106,9,9
77376,188,179,9,9
77377,187,163,24,24
77378,84,84,0,0
77379,124,118,6,6
77380,95,95,0,0
77381,79,90,-11,11
77382,72,73,-1,1
77383,68,75,-7,7
77384,116,114,2,2
77385,83,97,-14,14
77386,94,92,2,2
77387,63,72,-9,9
77388,200,190,10,10
77389,61,72,-11,11
77390,148,132,16,16
77391,56,67,-11,11
77392,110,111,-1,1
77393,94,98,-4,4
77394,59,76,-17,17
77395,76,77,-1,1
77396,67,81,-14,14
77397,102,104,-2,2
77398,165,142,23,23
77399,79,84,-5,5
77400,74,75,-1,1
77401,136,123,13,13
77402,116,107,9,9
77403,95,101,-6,6
77404,112,111,1,1
77405,65,78,-13,13
77406,43,57,-14,14
77407,92,93,-1,1
77408,48,61,-13,13
77409,75,82,-7,7
77410,118,119,-1,1
77411,99,95,4,4
77412,101,98,3,3
77413,41,69,-28,28
77414,78,89,-11,11
77415,129,112,17,17
77416,109,116,-7,7
77417,81,83,-2,2
77418,167,149,18,18
77419,55,79,-24,24
77420,202,170,32,32
77421,118,112,6,6
77422,122,121,1,1
77423,67,74,-7,7
77424,67,73,-6,6
77425,54,64,-10,10
77426,54,66,-12,12
77427,89,96,-7,7
77428,107,103,4,4
77429,94,95,-1,1
77430,72,71,1,1
77431,127,128,-1,1
77432,84,99,-15,15
77433,64,73,-9,9
77434,96,97,-1,1
77435,116,110,6,6
77436,127,121,6,6
77437,128,121,7,7
77438,118,128,-10,10
77439,62,73,-11,11
77440,73,74,-1,1
77441,36,50,-14,14
77442,165,138,27,27
77443,100,105,-5,5
77444,65,74,-9,9
77445,75,84,-9,9
77446,75,93,-18,18
77447,97,102,-5,5
77448,93,104,-11,11
77449,57,68,-11,11
77450,59,68,-9,9
77451,85,85,0,0
77452,99,107,-8,8
77453,87,93,-6,6
77454,102,112,-10,10
77455,75,84,-9,9
77456,92,95,-3,3
77457,79,92,-13,13
77458,50,66,-16,16
77459,48,62,-14,14
77460,217,177,40,40
77461,132,120,12,12
77462,101,100,1,1
77463,82,85,-3,3
77464,116,118,-2,2
77465,112,100,12,12
77466,66,82,-16,16
77467,81,91,-10,10
77468,56,66,-10,10
77469,97,92,5,5
77470,84,81,3,3
77471,37,52,-15,15
77472,74,77,-3,3
77473,127,120,7,7
77474,54,65,-11,11
77475,80,82,-2,2
77476,57,62,-5,5
77477,106,87,19,19
77478,91,93,-2,2
77479,103,103,0,0
77480,114,101,13,13
77481,131,128,3,3
77482,85,85,0,0
77483,85,90,-5,5
77484,93,97,-4,4
77485,74,71,3,3
77486,88,95,-7,7
77487,52,59,-7,7
77488,41,48,-7,7
77489,82,85,-3,3
77490,112,107,5,5
77491,67,71,-4,4
77492,69,81,-12,12
77493,150,134,16,16
77494,93,98,-5,5
77495,63,67,-4,4
77496,95,88,7,7
77497,46,59,-13,13
77498,72,77,-5,5
77499,77,85,-8,8
77500,87,95,-8,8
77501,121,120,1,1
77502,149,133,16,16
77503,82,78,4,4
77504,57,63,-6,6
77505,127,113,14,14
77506,103,97,6,6
77507,96,96,0,0
77508,82,80,2,2
77509,161,148,13,13
77510,133,124,9,9
77511,73,77,-4,4
77512,71,69,2,2
77513,168,165,3,3
77514,137,131,6,6
77515,72,74,-2,2
77516,77,83,-6,6
77517,114,114,0,0
77518,115,110,5,5
77519,70,71,-1,1
77520,78,86,-8,8
77521,118,120,-2,2
77522,88,90,-2,2
77523,81,80,1,1
77524,118,118,0,0
77525,60,63,-3,3
77526,98,100,-2,2
77527,99,91,8,8
77528,55,64,-9,9
77529,100,97,3,3
77530,75,84,-9,9
77531,77,76,1,1
77532,139,136,3,3
77533,99,94,5,5
77534,106,108,-2,2
77535,92,99,-7,7
77536,87,92,-5,5
77537,55,70,-15,15
77538,89,99,-10,10
77539,106,116,-10,10
77540,161,161,0,0
77541,72,78,-6,6
77542,119,104,15,15
77543,90,87,3,3
77544,110,105,5,5
77545,51,65,-14,14
77546,63,74,-11,11
77547,42,54,-12,12
77548,85,83,2,2
77549,144,135,9,9
77550,69,81,-12,12
77551,43,58,-15,15
77552,94,101,-7,7
77553,178,179,-1,1
77554,80,82,-2,2
77555,65,72,-7,7
77556,62,71,-9,9
77557,62,68,-6,6
77558,144,142,2,2
77559,102,100,2,2
77560,104,103,1,1
77561,45,60,-15,15
77562,57,65,-8,8
77563,132,107,25,25
77564,105,100,5,5
77565,99,99,0,0
77566,60,75,-15,15
77567,72,80,-8,8
77568,122,126,-4,4
77569,141,133,8,8
77570,94,93,1,1
77571,89,98,-9,9
77572,43,60,-17,17
77573,160,144,16,16
77574,84,80,4,4
77575,84,85,-1,1
77576,90,97,-7,7
77577,68,74,-6,6
77578,189,171,18,18
77579,77,90,-13,13
77580,59,70,-11,11
77581,139,136,3,3
77582,98,98,0,0
77583,147,131,16,16
77584,158,129,29,29
77585,97,94,3,3
77586,109,109,0,0
77587,112,105,7,7
77588,74,78,-4,4
77589,155,137,18,18
77590,75,78,-3,3
77591,129,119,10,10
77592,189,176,13,13
77593,98,101,-3,3
77594,68,75,-7,7
77595,100,101,-1,1
77596,136,120,16,16
77597,144,137,7,7
77598,123,122,1,1
77599,60,67,-7,7
77600,131,120,11,11
77601,74,85,-11,11
77602,148,118,30,30
77603,112,103,9,9
77604,60,70,-10,10
77605,89,87,2,2
77606,83,94,-11,11
77607,100,93,7,7
77608,70,78,-8,8
77609,119,124,-5,5
77610,52,67,-15,15
77611,72,78,-6,6
77612,127,121,6,6
77613,82,88,-6,6
77614,65,70,-5,5
77615,75,75,0,0
77616,65,71,-6,6
77617,80,98,-18,18
77618,95,120,-25,25
77619,74,84,-10,10
77620,107,104,3,3
77621,63,71,-8,8
77622,117,112,5,5
77623,83,79,4,4
77624,74,77,-3,3
77625,56,60,-4,4
77626,143,142,1,1
77627,61,75,-14,14
77628,92,99,-7,7
77629,147,152,-5,5
77630,68,82,-14,14
77631,95,94,1,1
77632,80,91,-11,11
77633,129,118,11,11
77634,133,144,-11,11
77635,47,57,-10,10
77636,65,66,-1,1
77637,85,85,0,0
77638,100,96,4,4
77639,113,108,5,5
77640,104,99,5,5
77641,70,75,-5,5
77642,16,30,-14,14
77643,102,99,3,3
77644,125,111,14,14
77645,83,89,-6,6
77646,114,102,12,12
77647,150,144,6,6
77648,164,145,19,19
77649,97,99,-2,2
77650,71,75,-4,4
77651,78,82,-4,4
77652,128,121,7,7
77653,111,104,7,7
77654,78,78,0,0
77655,83,86,-3,3
77656,84,82,2,2
77657,81,84,-3,3
77658,103,113,-10,10
77659,91,97,-6,6
77660,79,81,-2,2
77661,84,87,-3,3
77662,143,119,24,24
77663,97,97,0,0
77664,85,88,-3,3
77665,120,110,10,10
77666,88,100,-12,12
77667,114,103,11,11
77668,116,111,5,5
77669,72,86,-14,14
77670,101,97,4,4
77671,129,124,5,5
77672,119,107,12,12
77673,86,91,-5,5
77674,75,84,-9,9
77675,76,77,-1,1
77676,84,82,2,2
77677,75,82,-7,7
77678,124,119,5,5
77679,177,178,-1,1
77680,75,80,-5,5
77681,117,116,1,1
77682,99,129,-30,30
77683,50,58,-8,8
77684,70,87,-17,17
77685,115,110,5,5
77686,60,69,-9,9
77687,96,94,2,2
77688,142,136,6,6
77689,87,84,3,3
77690,112,114,-2,2
77691,116,103,13,13
77692,56,65,-9,9
77693,158,152,6,6
77694,188,171,17,17
77695,181,158,23,23
77696,104,90,14,14
77697,159,150,9,9
77698,122,125,-3,3
77699,69,78,-9,9
77700,105,99,6,6
77701,84,93,-9,9
77702,80,83,-3,3
77703,62,66,-4,4
77704,75,78,-3,3
77705,72,84,-12,12
77706,86,85,1,1
77707,99,107,-8,8
77708,59,68,-9,9
77709,104,100,4,4
77710,78,82,-4,4
77711,97,102,-5,5
77712,129,120,9,9
77713,64,76,-12,12
77714,105,101,4,4
77715,93,90,3,3
77716,92,93,-1,1
77717,40,49,-9,9
77718,98,105,-7,7
77719,132,132,0,0
77720,67,79,-12,12
77721,51,85,-34,34
77722,81,96,-15,15
77723,142,144,-2,2
77724,145,132,13,13
77725,72,77,-5,5
77726,102,101,1,1
77727,87,85,2,2
77728,111,106,5,5
77729,80,82,-2,2
77730,85,89,-4,4
77731,144,129,15,15
77732,66,78,-12,12
77733,98,95,3,3
77734,91,94,-3,3
77735,61,73,-12,12
77736,46,64,-18,18
77737,89,99,-10,10
77738,105,96,9,9
77739,102,95,7,7
77740,100,101,-1,1
77741,58,71,-13,13
77742,116,117,-1,1
77743,73,81,-8,8
77744,96,96,0,0
77745,89,88,1,1
77746,79,86,-7,7
77747,74,80,-6,6
77748,100,91,9,9
77749,35,57,-22,22
77750,49,60,-11,11
77751,79,81,-2,2
77752,102,96,6,6
77753,104,89,15,15
77754,198,169,29,29
77755,136,123,13,13
77756,62,76,-14,14
77757,100,101,-1,1
77758,89,90,-1,1
77759,131,123,8,8
77760,82,84,-2,2
77761,157,143,14,14
77762,71,79,-8,8
77763,54,63,-9,9
77764,115,119,-4,4
77765,80,83,-3,3
77766,69,75,-6,6
77767,80,77,3,3
77768,89,92,-3,3
77769,91,92,-1,1
77770,171,146,25,25
77771,86,84,2,2
77772,120,119,1,1
77773,72,79,-7,7
77774,67,71,-4,4
77775,122,136,-14,14
77776,71,77,-6,6
77777,119,117,2,2
77778,80,83,-3,3
77779,110,101,9,9
77780,47,59,-12,12
77781,193,164,29,29
77782,80,81,-1,1
77783,52,66,-14,14
77784,61,71,-10,10
77785,90,95,-5,5
77786,85,86,-1,1
77787,74,78,-4,4
77788,85,90,-5,5
77789,125,142,-17,17
77790,150,134,16,16
77791,89,92,-3,3
77792,93,94,-1,1
77793,131,130,1,1
77794,66,77,-11,11
77795,78,79,-1,1
77796,151,145,6,6
77797,91,95,-4,4
77798,75,89,-14,14
77799,39,46,-7,7
77800,54,60,-6,6
77801,106,99,7,7
77802,128,128,0,0
77803,49,66,-17,17
77804,124,119,5,5
77805,76,81,-5,5
77806,89,89,0,0
77807,48,54,-6,6
77808,135,146,-11,11
77809,108,110,-2,2
77810,113,103,10,10
77811,97,91,6,6
77812,155,148,7,7
77813,154,137,17,17
77814,118,104,14,14
77815,87,84,3,3
77816,56,69,-13,13
77817,56,80,-24,24
77818,70,82,-12,12
77819,45,61,-16,16
77820,49,78,-29,29
77821,91,86,5,5
77822,76,76,0,0
77823,81,103,-22,22
77824,121,121,0,0
77825,109,105,4,4
77826,72,83,-11,11
77827,75,82,-7,7
77828,35,56,-21,21
77829,90,97,-7,7
77830,132,126,6,6
77831,140,146,-6,6
77832,75,83,-8,8
77833,76,80,-4,4
77834,111,128,-17,17
77835,92,100,-8,8
77836,120,129,-9,9
77837,119,114,5,5
77838,78,87,-9,9
77839,86,88,-2,2
77840,60,72,-12,12
77841,158,142,16,16
77842,94,90,4,4
77843,126,120,6,6
77844,112,102,10,10
77845,112,105,7,7
77846,73,80,-7,7
77847,94,98,-4,4
77848,133,124,9,9
77849,70,70,0,0
77850,83,80,3,3
77851,117,119,-2,2
77852,104,102,2,2
77853,109,107,2,2
77854,173,148,25,25
77855,55,73,-18,18
77856,46,60,-14,14
77857,36,51,-15,15
77858,76,81,-5,5
77859,136,127,9,9
77860,102,100,2,2
77861,110,108,2,2
77862,94,92,2,2
77863,80,82,-2,2
77864,149,136,13,13
77865,249,214,35,35
77866,150,148,2,2
77867,49,65,-16,16
77868,58,66,-8,8
77869,54,61,-7,7
77870,83,77,6,6
77871,119,107,12,12
77872,58,68,-10,10
77873,123,111,12,12
77874,125,119,6,6
77875,115,119,-4,4
77876,74,90,-16,16
77877,71,73,-2,2
77878,162,137,25,25
77879,96,99,-3,3
77880,63,72,-9,9
77881,87,93,-6,6
77882,74,69,5,5
77883,70,94,-24,24
77884,114,117,-3,3
77885,72,75,-3,3
77886,58,72,-14,14
77887,117,107,10,10
77888,77,99,-22,22
77889,57,72,-15,15
77890,142,131,11,11
77891,57,73,-16,16
77892,77,79,-2,2
77893,100,119,-19,19
77894,92,108,-16,16
77895,53,67,-14,14
77896,98,94,4,4
77897,96,97,-1,1
77898,67,72,-5,5
77899,69,76,-7,7
77900,108,107,1,1
77901,97,93,4,4
77902,75,77,-2,2
77903,97,100,-3,3
77904,127,118,9,9
77905,87,83,4,4
77906,86,88,-2,2
77907,84,79,5,5
77908,86,89,-3,3
77909,88,89,-1,1
77910,97,97,0,0
77911,86,88,-2,2
77912,79,91,-12,12
77913,183,168,15,15
77914,97,99,-2,2
77915,136,127,9,9
77916,78,81,-3,3
77917,128,126,2,2
77918,116,108,8,8
77919,167,152,15,15
77920,143,149,-6,6
77921,72,82,-10,10
77922,101,99,2,2
77923,89,91,-2,2
77924,63,67,-4,4
77925,136,125,11,11
77926,129,124,5,5
77927,77,83,-6,6
77928,70,83,-13,13
77929,114,107,7,7
77930,100,110,-10,10
77931,133,122,11,11
77932,130,127,3,3
77933,64,69,-5,5
77934,105,102,3,3
77935,171,150,21,21
77936,120,113,7,7
77937,95,98,-3,3
77938,72,80,-8,8
77939,75,74,1,1
77940,110,101,9,9
77941,119,108,11,11
77942,184,160,24,24
77943,132,124,8,8
77944,128,131,-3,3
77945,78,95,-17,17
77946,124,119,5,5
77947,123,123,0,0
77948,105,95,10,10
77949,51,67,-16,16
77950,89,100,-11,11
77951,58,69,-11,11
77952,112,105,7,7
77953,97,95,2,2
77954,95,99,-4,4
77955,79,84,-5,5
77956,85,88,-3,3
77957,135,120,15,15
77958,127,130,-3,3
77959,95,88,7,7
77960,141,144,-3,3
77961,76,82,-6,6
77962,63,71,-8,8
77963,106,103,3,3
77964,95,91,4,4
77965,91,91,0,0
77966,147,138,9,9
77967,124,114,10,10
77968,88,82,6,6
77969,70,77,-7,7
77970,80,95,-15,15
77971,41,56,-15,15
77972,59,68,-9,9
77973,97,104,-7,7
77974,61,69,-8,8
77975,148,127,21,21
77976,106,100,6,6
77977,102,113,-11,11
77978,66,73,-7,7
77979,75,75,0,0
77980,98,94,4,4
77981,58,61,-3,3
77982,59,67,-8,8
77983,53,62,-9,9
77984,53,80,-27,27
77985,121,106,15,15
77986,101,89,12,12
77987,145,127,18,18
77988,57,67,-10,10
77989,74,76,-2,2
77990,65,72,-7,7
77991,79,91,-12,12
77992,117,117,0,0
77993,65,70,-5,5
77994,64,74,-10,10
77995,81,81,0,0
77996,125,108,17,17
77997,67,73,-6,6
77998,69,77,-8,8
77999,59,62,-3,3
78000,126,119,7,7
78001,106,106,0,0
78002,63,71,-8,8
78003,89,98,-9,9
78004,120,100,20,20
78005,97,99,-2,2
78006,70,75,-5,5
78007,116,119,-3,3
78008,77,72,5,5
78009,49,61,-12,12
78010,71,74,-3,3
78011,64,79,-15,15
78012,72,72,0,0
78013,128,113,15,15
78014,98,94,4,4
78015,66,75,-9,9
78016,112,115,-3,3
78017,51,63,-12,12
78018,85,86,-1,1
78019,100,94,6,6
78020,92,91,1,1
78021,111,110,1,1
78022,100,117,-17,17
78023,96,96,0,0
78024,166,146,20,20
78025,137,140,-3,3
78026,72,77,-5,5
78027,115,118,-3,3
78028,88,88,0,0
78029,91,94,-3,3
78030,103,101,2,2
78031,47,61,-14,14
78032,86,94,-8,8
78033,136,122,14,14
78034,157,148,9,9
78035,124,120,4,4
78036,137,132,5,5
78037,101,101,0,0
78038,74,75,-1,1
78039,85,82,3,3
78040,45,53,-8,8
78041,168,151,17,17
78042,115,103,12,12
78043,116,128,-12,12
78044,84,94,-10,10
78045,102,101,1,1
78046,59,79,-20,20
78047,106,111,-5,5
78048,60,73,-13,13
78049,123,114,9,9
78050,85,80,5,5
78051,60,73,-13,13
78052,82,75,7,7
78053,160,140,20,20
78054,82,86,-4,4
78055,83,87,-4,4
78056,73,81,-8,8
78057,113,117,-4,4
78058,95,89,6,6
78059,100,96,4,4
78060,40,56,-16,16
78061,80,84,-4,4
78062,110,105,5,5
78063,144,140,4,4
78064,115,103,12,12
78065,64,82,-18,18
78066,119,111,8,8
78067,102,103,-1,1
78068,159,134,25,25
78069,104,100,4,4
78070,91,92,-1,1
78071,133,129,4,4
78072,98,97,1,1
78073,96,101,-5,5
78074,134,123,11,11
78075,160,146,14,14
78076,59,77,-18,18
78077,74,86,-12,12
78078,106,98,8,8
78079,64,69,-5,5
78080,90,99,-9,9
78081,67,73,-6,6
78082,100,101,-1,1
78083,68,73,-5,5
78084,159,144,15,15
78085,87,90,-3,3
78086,123,129,-6,6
78087,78,83,-5,5
78088,95,92,3,3
78089,56,77,-21,21
78090,102,102,0,0
78091,108,95,13,13
78092,73,74,-1,1
78093,111,110,1,1
78094,137,131,6,6
78095,84,92,-8,8
78096,89,84,5,5
78097,70,87,-17,17
78098,78,85,-7,7
78099,152,142,10,10
78100,81,85,-4,4
78101,49,60,-11,11
78102,69,76,-7,7
78103,102,93,9,9
78104,62,72,-10,10
78105,91,91,0,0
78106,72,58,14,14
78107,47,55,-8,8
78108,184,153,31,31
78109,103,95,8,8
78110,69,79,-10,10
78111,51,69,-18,18
78112,120,129,-9,9
78113,105,91,14,14
78114,46,63,-17,17
78115,75,80,-5,5
78116,71,76,-5,5
78117,45,62,-17,17
78118,80,91,-11,11
78119,79,91,-12,12
78120,78,81,-3,3
78121,62,76,-14,14
78122,86,86,0,0
78123,122,122,0,0
78124,101,97,4,4
78125,72,78,-6,6
78126,141,135,6,6
78127,69,78,-9,9
78128,93,92,1,1
78129,55,61,-6,6
78130,121,114,7,7
78131,105,108,-3,3
78132,99,90,9,9
78133,195,165,30,30
78134,76,79,-3,3
78135,124,115,9,9
78136,100,87,13,13
78137,152,147,5,5
78138,108,104,4,4
78139,49,60,-11,11
78140,176,156,20,20
78141,104,184,-80,80
78142,81,72,9,9
78143,97,97,0,0
78144,58,65,-7,7
78145,110,104,6,6
78146,55,69,-14,14
78147,69,74,-5,5
78148,107,130,-23,23
78149,71,75,-4,4
78150,88,94,-6,6
78151,43,62,-19,19
78152,117,118,-1,1
78153,81,73,8,8
78154,75,84,-9,9
78155,108,106,2,2
78156,63,72,-9,9
78157,74,81,-7,7
78158,68,76,-8,8
78159,62,69,-7,7
78160,52,60,-8,8
78161,78,88,-10,10
78162,108,115,-7,7
78163,188,154,34,34
78164,61,72,-11,11
78165,77,81,-4,4
78166,97,94,3,3
78167,67,57,10,10
78168,77,103,-26,26
78169,91,95,-4,4
78170,69,77,-8,8
78171,131,130,1,1
78172,56,65,-9,9
78173,49,65,-16,16
78174,126,121,5,5
78175,114,109,5,5
78176,90,93,-3,3
78177,75,90,-15,15
78178,83,80,3,3
78179,92,101,-9,9
78180,83,89,-6,6
78181,89,83,6,6
78182,85,88,-3,3
78183,70,72,-2,2
78184,108,102,6,6
78185,71,78,-7,7
78186,68,69,-1,1
78187,70,78,-8,8
78188,107,111,-4,4
78189,58,68,-10,10
78190,51,61,-10,10
78191,55,70,-15,15
78192,161,154,7,7
78193,46,66,-20,20
78194,92,94,-2,2
78195,154,144,10,10
78196,83,89,-6,6
78197,128,123,5,5
78198,73,80,-7,7
78199,87,88,-1,1
78200,122,112,10,10
78201,108,94,14,14
78202,76,94,-18,18
78203,59,76,-17,17
78204,83,90,-7,7
78205,92,96,-4,4
78206,96,98,-2,2
78207,105,97,8,8
78208,58,72,-14,14
78209,81,82,-1,1
78210,110,100,10,10
78211,44,62,-18,18
78212,81,83,-2,2
78213,63,77,-14,14
78214,78,81,-3,3
78215,68,79,-11,11
78216,120,124,-4,4
78217,181,160,21,21
78218,141,131,10,10
78219,178,158,20,20
78220,64,67,-3,3
78221,72,81,-9,9
78222,45,52,-7,7
78223,143,130,13,13
78224,145,129,16,16
78225,111,108,3,3
78226,86,90,-4,4
78227,125,128,-3,3
78228,79,84,-5,5
78229,67,77,-10,10
78230,173,153,20,20
78231,81,88,-7,7
78232,88,97,-9,9
78233,63,72,-9,9
78234,66,92,-26,26
78235,96,94,2,2
78236,100,86,14,14
78237,57,64,-7,7
78238,125,112,13,13
78239,156,143,13,13
78240,125,118,7,7
78241,133,126,7,7
78242,66,72,-6,6
78243,159,156,3,3
78244,44,59,-15,15
78245,67,70,-3,3
78246,105,102,3,3
78247,77,82,-5,5
78248,64,76,-12,12
78249,62,90,-28,28
78250,69,72,-3,3
78251,163,148,15,15
78252,62,71,-9,9
78253,50,61,-11,11
78254,100,101,-1,1
78255,108,101,7,7
78256,70,76,-6,6
78257,97,95,2,2
78258,83,80,3,3
78259,137,139,-2,2
78260,70,75,-5,5
78261,122,101,21,21
78262,79,88,-9,9
78263,52,77,-25,25
78264,86,94,-8,8
78265,93,90,3,3
78266,93,109,-16,16
78267,62,71,-9,9
78268,109,98,11,11
78269,107,109,-2,2
78270,83,86,-3,3
78271,57,67,-10,10
78272,61,73,-12,12
78273,43,57,-14,14
78274,156,131,25,25
78275,102,97,5,5
78276,56,75,-19,19
78277,199,180,19,19
78278,103,105,-2,2
78279,77,81,-4,4
78280,147,153,-6,6
78281,99,112,-13,13
78282,74,107,-33,33
78283,71,73,-2,2
78284,142,136,6,6
78285,72,74,-2,2
78286,28,30,-2,2
78287,99,109,-10,10
78288,145,147,-2,2
78289,51,61,-10,10
78290,132,131,1,1
78291,102,102,0,0
78292,69,75,-6,6
78293,142,133,9,9
78294,52,59,-7,7
78295,87,94,-7,7
78296,122,122,0,0
78297,93,102,-9,9
78298,85,93,-8,8
78299,101,97,4,4
78300,88,93,-5,5
78301,64,69,-5,5
78302,131,124,7,7
78303,91,92,-1,1
78304,174,150,24,24
78305,50,61,-11,11
78306,78,88,-10,10
78307,76,85,-9,9
78308,118,114,4,4
78309,56,68,-12,12
78310,53,62,-9,9
78311,98,102,-4,4
78312,119,122,-3,3
78313,133,126,7,7
78314,66,72,-6,6
78315,117,120,-3,3
78316,94,93,1,1
78317,79,86,-7,7
78318,114,115,-1,1
78319,96,89,7,7
78320,81,87,-6,6
78321,83,88,-5,5
78322,74,82,-8,8
78323,89,89,0,0
78324,73,86,-13,13
78325,160,151,9,9
78326,120,114,6,6
78327,52,60,-8,8
78328,127,125,2,2
78329,93,93,0,0
78330,108,119,-11,11
78331,95,96,-1,1
78332,75,81,-6,6
78333,124,109,15,15
78334,90,93,-3,3
78335,101,106,-5,5
78336,44,58,-14,14
78337,113,108,5,5
78338,64,79,-15,15
78339,135,126,9,9
78340,147,133,14,14
78341,112,117,-5,5
78342,63,72,-9,9
78343,91,102,-11,11
78344,93,83,10,10
78345,116,111,5,5
78346,124,128,-4,4
78347,127,124,3,3
78348,114,119,-5,5
78349,137,116,21,21
78350,56,69,-13,13
78351,54,66,-12,12
78352,78,87,-9,9
78353,71,77,-6,6
78354,72,80,-8,8
78355,67,79,-12,12
78356,48,58,-10,10
78357,115,131,-16,16
78358,53,62,-9,9
78359,95,96,-1,1
78360,56,77,-21,21
78361,45,52,-7,7
78362,209,185,24,24
78363,85,97,-12,12
78364,80,82,-2,2
78365,139,140,-1,1
78366,64,71,-7,7
78367,83,92,-9,9
78368,121,115,6,6
78369,102,111,-9,9
78370,94,94,0,0
78371,119,113,6,6
78372,59,71,-12,12
78373,61,92,-31,31
78374,74,76,-2,2
78375,76,81,-5,5
78376,91,94,-3,3
78377,132,117,15,15
78378,54,68,-14,14
78379,74,81,-7,7
78380,96,93,3,3
78381,60,73,-13,13
78382,91,97,-6,6
78383,102,102,0,0
78384,131,127,4,4
78385,95,94,1,1
78386,35,47,-12,12
78387,70,84,-14,14
78388,115,104,11,11
78389,63,72,-9,9
78390,70,83,-13,13
78391,73,76,-3,3
78392,79,84,-5,5
78393,114,117,-3,3
78394,75,92,-17,17
78395,103,102,1,1
78396,111,106,5,5
78397,110,116,-6,6
78398,55,62,-7,7
78399,89,97,-8,8
78400,53,72,-19,19
78401,114,103,11,11
78402,104,106,-2,2
78403,45,56,-11,11
78404,122,117,5,5
78405,72,80,-8,8
78406,140,128,12,12
78407,132,119,13,13
78408,127,150,-23,23
78409,133,125,8,8
78410,66,72,-6,6
78411,99,98,1,1
78412,112,110,2,2
78413,104,90,14,14
78414,143,134,9,9
78415,107,102,5,5
78416,122,120,2,2
78417,166,154,12,12
78418,169,157,12,12
78419,165,160,5,5
78420,147,124,23,23
78421,63,69,-6,6
78422,71,83,-12,12
78423,59,64,-5,5
78424,127,128,-1,1
78425,168,149,19,19
78426,43,58,-15,15
78427,103,100,3,3
78428,109,101,8,8
78429,99,105,-6,6
78430,71,78,-7,7
78431,94,98,-4,4
78432,104,102,2,2
78433,96,100,-4,4
78434,85,82,3,3
78435,122,105,17,17
78436,85,90,-5,5
78437,49,63,-14,14
78438,44,71,-27,27
78439,65,69,-4,4
78440,78,83,-5,5
78441,117,114,3,3
78442,103,98,5,5
78443,106,95,11,11
78444,97,104,-7,7
78445,167,172,-5,5
78446,50,62,-12,12
78447,134,122,12,12
78448,100,108,-8,8
78449,81,86,-5,5
78450,108,113,-5,5
78451,55,66,-11,11
78452,82,90,-8,8
78453,94,110,-16,16
78454,94,91,3,3
78455,61,70,-9,9
78456,141,135,6,6
78457,79,83,-4,4
78458,71,85,-14,14
78459,48,63,-15,15
78460,140,136,4,4
78461,70,81,-11,11
78462,63,68,-5,5
78463,137,124,13,13
78464,40,51,-11,11
78465,103,100,3,3
78466,67,80,-13,13
78467,82,82,0,0
78468,119,121,-2,2
78469,131,124,7,7
78470,77,93,-16,16
78471,98,96,2,2
78472,148,148,0,0
78473,91,91,0,0
78474,95,99,-4,4
78475,60,67,-7,7
78476,72,77,-5,5
78477,123,118,5,5
78478,68,75,-7,7
78479,124,126,-2,2
78480,128,125,3,3
78481,114,118,-4,4
78482,90,90,0,0
78483,108,108,0,0
78484,114,106,8,8
78485,33,62,-29,29
78486,95,99,-4,4
78487,113,110,3,3
78488,57,65,-8,8
78489,71,73,-2,2
78490,110,108,2,2
78491,67,76,-9,9
78492,59,69,-10,10
78493,105,105,0,0
78494,132,119,13,13
78495,93,103,-10,10
78496,90,97,-7,7
78497,134,121,13,13
78498,32,47,-15,15
78499,108,140,-32,32
78500,81,80,1,1
78501,94,95,-1,1
78502,116,120,-4,4
78503,131,126,5,5
78504,63,77,-14,14
78505,96,95,1,1
78506,71,69,2,2
78507,71,72,-1,1
78508,79,89,-10,10
78509,115,111,4,4
78510,48,70,-22,22
78511,85,85,0,0
78512,113,106,7,7
78513,89,93,-4,4
78514,131,127,4,4
78515,91,97,-6,6
78516,72,75,-3,3
78517,169,150,19,19
78518,133,131,2,2
78519,176,145,31,31
78520,118,121,-3,3
78521,71,84,-13,13
78522,65,75,-10,10
78523,144,121,23,23
78524,72,89,-17,17
78525,70,80,-10,10
78526,70,77,-7,7
78527,117,106,11,11
78528,97,99,-2,2
78529,57,67,-10,10
78530,61,87,-26,26
78531,80,84,-4,4
78532,92,92,0,0
78533,85,96,-11,11
78534,125,109,16,16
78535,90,100,-10,10
78536,80,81,-1,1
78537,71,82,-11,11
78538,149,132,17,17
78539,69,71,-2,2
78540,104,98,6,6
78541,95,93,2,2
78542,129,109,20,20
78543,144,121,23,23
78544,61,71,-10,10
78545,130,120,10,10
78546,144,129,15,15
78547,39,52,-13,13
78548,114,107,7,7
78549,48,59,-11,11
78550,94,91,3,3
78551,92,89,3,3
78552,101,93,8,8
78553,79,92,-13,13
78554,113,103,10,10
78555,69,81,-12,12
78556,41,56,-15,15
78557,69,80,-11,11
78558,108,105,3,3
78559,66,73,-7,7
78560,93,87,6,6
78561,86,83,3,3
78562,79,82,-3,3
78563,80,89,-9,9
78564,87,89,-2,2
78565,179,158,21,21
78566,67,72,-5,5
78567,71,82,-11,11
78568,86,82,4,4
78569,92,98,-6,6
78570,109,110,-1,1
78571,45,64,-19,19
78572,84,88,-4,4
78573,158,149,9,9
78574,92,90,2,2
78575,75,78,-3,3
78576,84,87,-3,3
78577,65,79,-14,14
78578,104,97,7,7
78579,44,55,-11,11
78580,198,158,40,40
78581,124,115,9,9
78582,134,119,15,15
78583,122,110,12,12
78584,77,81,-4,4
78585,103,99,4,4
78586,98,94,4,4
78587,59,64,-5,5
78588,87,75,12,12
78589,74,73,1,1
78590,67,79,-12,12
78591,85,88,-3,3
78592,79,78,1,1
78593,96,99,-3,3
78594,121,119,2,2
78595,98,110,-12,12
78596,145,127,18,18
78597,110,105,5,5
78598,144,143,1,1
78599,85,84,1,1
78600,114,120,-6,6
78601,95,94,1,1
78602,51,66,-15,15
78603,97,95,2,2
78604,81,75,6,6
78605,81,84,-3,3
78606,85,88,-3,3
78607,154,148,6,6
78608,125,120,5,5
78609,97,102,-5,5
78610,161,142,19,19
78611,144,125,19,19
78612,127,119,8,8
78613,88,89,-1,1
78614,180,162,18,18
78615,90,97,-7,7
78616,66,81,-15,15
78617,95,95,0,0
78618,94,101,-7,7
78619,75,82,-7,7
78620,65,77,-12,12
78621,111,119,-8,8
78622,67,72,-5,5
78623,86,96,-10,10
78624,141,126,15,15
78625,102,100,2,2
78626,142,141,1,1
78627,188,176,12,12
78628,62,62,0,0
78629,104,109,-5,5
78630,63,68,-5,5
78631,100,95,5,5
78632,148,136,12,12
78633,103,106,-3,3
78634,122,125,-3,3
78635,69,75,-6,6
78636,89,90,-1,1
78637,113,96,17,17
78638,135,129,6,6
78639,158,140,18,18
78640,74,74,0,0
78641,54,63,-9,9
78642,106,104,2,2
78643,56,88,-32,32
78644,113,107,6,6
78645,95,90,5,5
78646,134,129,5,5
78647,73,79,-6,6
78648,51,61,-10,10
78649,50,55,-5,5
78650,33,45,-12,12
78651,130,119,11,11
78652,111,121,-10,10
78653,58,65,-7,7
78654,103,100,3,3
78655,136,135,1,1
78656,99,98,1,1
78657,99,94,5,5
78658,116,108,8,8
78659,149,139,10,10
78660,69,77,-8,8
78661,81,96,-15,15
78662,57,65,-8,8
78663,85,84,1,1
78664,78,97,-19,19
78665,94,96,-2,2
78666,112,103,9,9
78667,141,119,22,22
78668,133,120,13,13
78669,85,96,-11,11
78670,100,105,-5,5
78671,62,68,-6,6
78672,121,118,3,3
78673,54,67,-13,13
78674,154,144,10,10
78675,142,123,19,19
78676,104,116,-12,12
78677,103,100,3,3
78678,70,73,-3,3
78679,118,114,4,4
78680,115,111,4,4
78681,145,138,7,7
78682,106,108,-2,2
78683,114,112,2,2
78684,87,88,-1,1
78685,155,133,22,22
78686,142,127,15,15
78687,132,122,10,10
78688,94,95,-1,1
78689,142,136,6,6
78690,150,139,11,11
78691,53,67,-14,14
78692,94,92,2,2
78693,85,98,-13,13
78694,62,74,-12,12
78695,53,61,-8,8
78696,81,91,-10,10
78697,175,162,13,13
78698,55,63,-8,8
78699,72,88,-16,16
78700,93,94,-1,1
78701,73,85,-12,12
78702,47,64,-17,17
78703,67,75,-8,8
78704,117,110,7,7
78705,104,103,1,1
78706,76,80,-4,4
78707,99,91,8,8
78708,131,120,11,11
78709,84,94,-10,10
78710,105,115,-10,10
78711,157,131,26,26
78712,111,119,-8,8
78713,91,94,-3,3
78714,74,87,-13,13
78715,79,82,-3,3
78716,103,96,7,7
78717,119,112,7,7
78718,163,135,28,28
78719,69,75,-6,6
78720,112,105,7,7
78721,55,70,-15,15
78722,97,101,-4,4
78723,99,91,8,8
78724,58,73,-15,15
78725,125,110,15,15
78726,88,86,2,2
78727,81,84,-3,3
78728,158,153,5,5
78729,55,73,-18,18
78730,114,119,-5,5
78731,95,98,-3,3
78732,87,105,-18,18
78733,139,120,19,19
78734,79,80,-1,1
78735,75,74,1,1
78736,56,68,-12,12
78737,113,128,-15,15
78738,148,133,15,15
78739,160,139,21,21
78740,97,97,0,0
78741,88,91,-3,3
78742,89,89,0,0
78743,101,98,3,3
78744,53,65,-12,12
78745,97,108,-11,11
78746,67,75,-8,8
78747,117,108,9,9
78748,72,71,1,1
78749,40,56,-16,16
78750,48,59,-11,11
78751,88,86,2,2
78752,95,87,8,8
78753,132,122,10,10
78754,63,70,-7,7
78755,95,96,-1,1
78756,84,87,-3,3
78757,33,47,-14,14
78758,70,76,-6,6
78759,154,144,10,10
78760,163,148,15,15
78761,175,152,23,23
78762,92,91,1,1
78763,150,142,8,8
78764,67,75,-8,8
78765,127,126,1,1
78766,131,123,8,8
78767,194,164,30,30
78768,113,108,5,5
78769,106,103,3,3
78770,88,86,2,2
78771,75,78,-3,3
78772,56,78,-22,22
78773,86,99,-13,13
78774,66,71,-5,5
78775,171,157,14,14
78776,127,120,7,7
78777,110,108,2,2
78778,93,96,-3,3
78779,89,92,-3,3
78780,72,85,-13,13
78781,98,94,4,4
78782,77,81,-4,4
78783,93,94,-1,1
78784,112,99,13,13
78785,68,75,-7,7
78786,104,113,-9,9
78787,78,80,-2,2
78788,69,82,-13,13
78789,48,58,-10,10
78790,65,79,-14,14
78791,109,112,-3,3
78792,90,104,-14,14
78793,141,131,10,10
78794,100,104,-4,4
78795,133,133,0,0
78796,110,102,8,8
78797,54,61,-7,7
78798,71,77,-6,6
78799,144,134,10,10
78800,57,75,-18,18
78801,88,94,-6,6
78802,107,99,8,8
78803,128,121,7,7
78804,93,98,-5,5
78805,136,135,1,1
78806,107,96,11,11
78807,151,135,16,16
78808,114,107,7,7
78809,67,74,-7,7
78810,94,95,-1,1
78811,90,85,5,5
78812,105,96,9,9
78813,132,120,12,12
78814,90,89,1,1
78815,120,125,-5,5
78816,91,101,-10,10
78817,155,146,9,9
78818,62,68,-6,6
78819,109,103,6,6
78820,100,106,-6,6
78821,160,136,24,24
78822,96,97,-1,1
78823,104,112,-8,8
78824,93,94,-1,1
78825,72,79,-7,7
78826,59,78,-19,19
78827,74,76,-2,2
78828,83,79,4,4
78829,92,87,5,5
78830,100,106,-6,6
78831,87,85,2,2
78832,122,120,2,2
78833,78,79,-1,1
78834,79,79,0,0
78835,138,120,18,18
78836,158,145,13,13
78837,75,80,-5,5
78838,100,97,3,3
78839,134,121,13,13
78840,138,145,-7,7
78841,82,93,-11,11
78842,52,60,-8,8
78843,74,81,-7,7
78844,60,67,-7,7
78845,49,53,-4,4
78846,45,60,-15,15
78847,83,83,0,0
78848,55,69,-14,14
78849,74,77,-3,3
78850,96,92,4,4
78851,71,81,-10,10
78852,73,79,-6,6
78853,104,116,-12,12
78854,57,64,-7,7
78855,79,85,-6,6
78856,109,110,-1,1
78857,65,69,-4,4
78858,129,135,-6,6
78859,75,79,-4,4
78860,209,177,32,32
78861,102,97,5,5
78862,102,106,-4,4
78863,142,123,19,19
78864,140,118,22,22
78865,44,55,-11,11
78866,102,105,-3,3
78867,89,84,5,5
78868,86,85,1,1
78869,85,88,-3,3
78870,88,86,2,2
78871,77,88,-11,11
78872,123,125,-2,2
78873,62,81,-19,19
78874,163,154,9,9
78875,114,113,1,1
78876,55,69,-14,14
78877,112,112,0,0
78878,125,121,4,4
78879,123,121,2,2
78880,96,95,1,1
78881,111,104,7,7
78882,136,122,14,14
78883,75,82,-7,7
78884,134,130,4,4
78885,77,86,-9,9
78886,98,100,-2,2
78887,94,93,1,1
78888,77,83,-6,6
78889,83,83,0,0
78890,97,92,5,5
78891,82,85,-3,3
78892,126,119,7,7
78893,159,151,8,8
78894,100,107,-7,7
78895,100,113,-13,13
78896,121,119,2,2
78897,117,99,18,18
78898,81,90,-9,9
78899,90,92,-2,2
78900,68,72,-4,4
78901,110,109,1,1
78902,118,127,-9,9
78903,97,97,0,0
78904,81,80,1,1
78905,105,104,1,1
78906,95,90,5,5
78907,66,81,-15,15
78908,109,108,1,1
78909,141,136,5,5
78910,52,62,-10,10
78911,80,79,1,1
78912,93,91,2,2
78913,76,79,-3,3
78914,111,113,-2,2
78915,107,102,5,5
78916,132,122,10,10
78917,100,102,-2,2
78918,138,123,15,15
78919,122,114,8,8
78920,105,105,0,0
78921,85,88,-3,3
78922,96,89,7,7
78923,60,64,-4,4
78924,106,102,4,4
78925,47,70,-23,23
78926,97,95,2,2
78927,36,50,-14,14
78928,111,98,13,13
78929,121,128,-7,7
78930,85,83,2,2
78931,95,80,15,15
78932,78,83,-5,5
78933,113,118,-5,5
78934,72,75,-3,3
78935,110,117,-7,7
78936,38,55,-17,17
78937,133,125,8,8
78938,52,84,-32,32
78939,49,61,-12,12
78940,57,64,-7,7
78941,209,164,45,45
78942,93,100,-7,7
78943,62,71,-9,9
78944,51,65,-14,14
78945,82,103,-21,21
78946,77,80,-3,3
78947,165,143,22,22
78948,58,65,-7,7
78949,108,101,7,7
78950,43,61,-18,18
78951,83,87,-4,4
78952,92,92,0,0
78953,127,119,8,8
78954,47,59,-12,12
78955,78,80,-2,2
78956,62,70,-8,8
78957,136,122,14,14
78958,121,122,-1,1
78959,79,86,-7,7
78960,83,94,-11,11
78961,100,101,-1,1
78962,86,102,-16,16
78963,89,94,-5,5
78964,74,73,1,1
78965,133,127,6,6
78966,107,104,3,3
78967,89,86,3,3
78968,72,76,-4,4
78969,78,88,-10,10
78970,52,63,-11,11
78971,94,93,1,1
78972,107,105,2,2
78973,61,66,-5,5
78974,224,188,36,36
78975,75,75,0,0
78976,53,66,-13,13
78977,95,99,-4,4
78978,63,68,-5,5
78979,133,129,4,4
78980,45,55,-10,10
78981,65,70,-5,5
78982,93,92,1,1
78983,68,80,-12,12
78984,86,92,-6,6
78985,116,110,6,6
78986,112,115,-3,3
78987,79,77,2,2
78988,83,82,1,1
78989,136,141,-5,5
78990,58,69,-11,11
78991,98,95,3,3
78992,216,207,9,9
78993,135,126,9,9
78994,87,88,-1,1
78995,99,97,2,2
78996,85,85,0,0
78997,57,65,-8,8
78998,69,71,-2,2
78999,72,77,-5,5
79000,42,58,-16,16
79001,50,62,-12,12
79002,120,116,4,4
79003,43,54,-11,11
79004,58,66,-8,8
79005,64,78,-14,14
79006,47,59,-12,12
79007,118,108,10,10
79008,91,115,-24,24
79009,115,116,-1,1
79010,132,131,1,1
79011,124,118,6,6
79012,127,136,-9,9
79013,90,88,2,2
79014,142,137,5,5
79015,72,78,-6,6
79016,91,98,-7,7
79017,93,97,-4,4
79018,159,153,6,6
79019,76,84,-8,8
79020,89,98,-9,9
79021,127,107,20,20
79022,76,82,-6,6
79023,101,97,4,4
79024,95,97,-2,2
79025,82,86,-4,4
79026,109,107,2,2
79027,108,100,8,8
79028,84,88,-4,4
79029,184,167,17,17
79030,77,80,-3,3
79031,92,85,7,7
79032,57,70,-13,13
79033,104,101,3,3
79034,118,120,-2,2
79035,111,103,8,8
79036,78,73,5,5
79037,122,108,14,14
79038,72,76,-4,4
79039,106,97,9,9
79040,61,67,-6,6
79041,106,107,-1,1
79042,122,120,2,2
79043,119,118,1,1
79044,141,121,20,20
79045,114,111,3,3
79046,124,114,10,10
79047,86,83,3,3
79048,43,64,-21,21
79049,177,167,10,10
79050,169,180,-11,11
79051,100,104,-4,4
79052,70,79,-9,9
79053,80,84,-4,4
79054,82,88,-6,6
79055,97,94,3,3
79056,112,103,9,9
79057,122,113,9,9
79058,62,70,-8,8
79059,146,123,23,23
79060,77,91,-14,14
79061,95,99,-4,4
79062,167,143,24,24
79063,62,92,-30,30
79064,112,131,-19,19
79065,56,67,-11,11
79066,126,110,16,16
79067,127,116,11,11
79068,221,194,27,27
79069,180,165,15,15
79070,73,72,1,1
79071,53,64,-11,11
79072,82,93,-11,11
79073,58,66,-8,8
79074,78,80,-2,2
79075,130,122,8,8
79076,39,48,-9,9
79077,93,110,-17,17
79078,87,86,1,1
79079,82,79,3,3
79080,130,129,1,1
79081,74,80,-6,6
79082,93,93,0,0
79083,69,82,-13,13
79084,57,67,-10,10
79085,79,79,0,0
79086,120,115,5,5
79087,91,84,7,7
79088,99,107,-8,8
79089,100,96,4,4
79090,93,93,0,0
79091,78,87,-9,9
79092,82,90,-8,8
79093,242,200,42,42
79094,154,143,11,11
79095,63,71,-8,8
79096,52,62,-10,10
79097,106,101,5,5
79098,87,108,-21,21
79099,106,108,-2,2
79100,36,46,-10,10
79101,108,124,-16,16
79102,153,179,-26,26
79103,44,68,-24,24
79104,119,116,3,3
79105,51,62,-11,11
79106,156,133,23,23
79107,114,126,-12,12
79108,123,119,4,4
79109,149,135,14,14
79110,90,87,3,3
79111,67,74,-7,7
79112,179,167,12,12
79113,123,121,2,2
79114,88,92,-4,4
79115,211,192,19,19
79116,149,135,14,14
79117,58,65,-7,7
79118,85,87,-2,2
79119,94,94,0,0
79120,125,127,-2,2
79121,50,63,-13,13
79122,78,77,1,1
79123,91,89,2,2
79124,166,155,11,11
79125,89,85,4,4
79126,55,73,-18,18
79127,140,132,8,8
79128,122,121,1,1
79129,92,83,9,9
79130,59,69,-10,10
79131,112,119,-7,7
79132,97,100,-3,3
79133,109,115,-6,6
79134,121,138,-17,17
79135,75,82,-7,7
79136,80,79,1,1
79137,104,103,1,1
79138,130,126,4,4
79139,148,145,3,3
79140,54,61,-7,7
79141,121,110,11,11
79142,65,85,-20,20
79143,51,67,-16,16
79144,142,121,21,21
79145,40,50,-10,10
79146,58,70,-12,12
79147,92,93,-1,1
79148,71,78,-7,7
79149,96,94,2,2
79150,118,109,9,9
79151,54,67,-13,13
79152,91,99,-8,8
79153,70,75,-5,5
79154,85,86,-1,1
79155,47,60,-13,13
79156,137,132,5,5
79157,88,98,-10,10
79158,73,79,-6,6
79159,99,96,3,3
79160,68,76,-8,8
79161,174,167,7,7
79162,119,122,-3,3
79163,84,87,-3,3
79164,103,119,-16,16
79165,174,162,12,12
79166,98,96,2,2
79167,86,82,4,4
79168,101,103,-2,2
79169,88,82,6,6
79170,78,78,0,0
79171,94,94,0,0
79172,131,123,8,8
79173,104,97,7,7
79174,89,97,-8,8
79175,104,118,-14,14
79176,43,60,-17,17
79177,85,88,-3,3
79178,66,77,-11,11
79179,108,118,-10,10
79180,89,102,-13,13
79181,54,68,-14,14
79182,75,81,-6,6
79183,85,96,-11,11
79184,94,95,-1,1
79185,58,70,-12,12
79186,191,177,14,14
79187,63,70,-7,7
79188,73,74,-1,1
79189,92,95,-3,3
79190,125,113,12,12
79191,90,91,-1,1
79192,128,125,3,3
79193,38,57,-19,19
79194,84,83,1,1
79195,85,84,1,1
79196,147,134,13,13
79197,54,62,-8,8
79198,78,82,-4,4
79199,117,105,12,12
79200,78,87,-9,9
79201,83,83,0,0
79202,125,144,-19,19
79203,108,105,3,3
79204,94,97,-3,3
79205,45,57,-12,12
79206,120,118,2,2
79207,86,88,-2,2
79208,85,88,-3,3
79209,50,58,-8,8
79210,89,87,2,2
79211,90,88,2,2
79212,75,78,-3,3
79213,110,113,-3,3
79214,82,83,-1,1
79215,140,132,8,8
79216,102,103,-1,1
79217,78,84,-6,6
79218,90,95,-5,5
79219,49,62,-13,13
79220,60,68,-8,8
79221,128,140,-12,12
79222,91,96,-5,5
79223,94,94,0,0
79224,101,96,5,5
79225,90,91,-1,1
79226,115,109,6,6
79227,111,98,13,13
79228,110,118,-8,8
79229,64,75,-11,11
79230,112,99,13,13
79231,88,93,-5,5
79232,108,101,7,7
79233,100,101,-1,1
79234,66,71,-5,5
79235,142,123,19,19
79236,64,72,-8,8
79237,140,130,10,10
79238,124,117,7,7
79239,66,73,-7,7
79240,99,95,4,4
79241,78,77,1,1
79242,103,109,-6,6
79243,121,113,8,8
79244,96,92,4,4
79245,30,49,-19,19
79246,69,71,-2,2
79247,97,93,4,4
79248,81,81,0,0
79249,72,76,-4,4
79250,93,88,5,5
79251,84,94,-10,10
79252,84,93,-9,9
79253,98,100,-2,2
79254,57,77,-20,20
79255,81,87,-6,6
79256,88,95,-7,7
79257,98,97,1,1
79258,171,152,19,19
79259,76,81,-5,5
79260,126,128,-2,2
79261,90,92,-2,2
79262,91,84,7,7
79263,94,88,6,6
79264,91,87,4,4
79265,122,119,3,3
79266,81,91,-10,10
79267,86,104,-18,18
79268,79,83,-4,4
79269,76,92,-16,16
79270,97,104,-7,7
79271,125,141,-16,16
79272,125,126,-1,1
79273,62,69,-7,7
79274,63,75,-12,12
79275,81,87,-6,6
79276,115,100,15,15
79277,162,157,5,5
79278,103,98,5,5
79279,64,73,-9,9
79280,153,136,17,17
79281,69,84,-15,15
79282,132,119,13,13
79283,76,75,1,1
79284,63,82,-19,19
79285,65,73,-8,8
79286,89,92,-3,3
79287,165,138,27,27
79288,84,84,0,0
79289,89,85,4,4
79290,130,121,9,9
79291,73,72,1,1
79292,110,119,-9,9
79293,157,134,23,23
79294,82,90,-8,8
79295,100,99,1,1
79296,128,120,8,8
79297,122,119,3,3
79298,102,102,0,0
79299,102,96,6,6
79300,86,81,5,5
79301,124,124,0,0
79302,157,142,15,15
79303,104,102,2,2
79304,94,98,-4,4
79305,59,66,-7,7
79306,103,98,5,5
79307,78,78,0,0
79308,73,81,-8,8
79309,76,82,-6,6
79310,112,123,-11,11
79311,103,113,-10,10
79312,159,129,30,30
79313,42,59,-17,17
79314,83,82,1,1
79315,108,107,1,1
79316,129,119,10,10
79317,129,127,2,2
79318,145,132,13,13
79319,70,76,-6,6
79320,71,76,-5,5
79321,60,71,-11,11
79322,100,96,4,4
79323,173,161,12,12
79324,156,140,16,16
79325,101,98,3,3
79326,99,102,-3,3
79327,130,123,7,7
79328,68,123,-55,55
79329,138,124,14,14
79330,138,135,3,3
79331,126,122,4,4
79332,74,76,-2,2
79333,75,78,-3,3
79334,79,81,-2,2
79335,67,77,-10,10
79336,80,120,-40,40
79337,86,81,5,5
79338,57,66,-9,9
79339,111,120,-9,9
79340,95,97,-2,2
79341,85,86,-1,1
79342,88,89,-1,1
79343,72,74,-2,2
79344,22,45,-23,23
79345,97,87,10,10
79346,130,119,11,11
79347,55,64,-9,9
79348,95,92,3,3
79349,86,88,-2,2
79350,53,65,-12,12
79351,66,72,-6,6
79352,122,129,-7,7
79353,130,127,3,3
79354,135,126,9,9
79355,47,59,-12,12
79356,65,100,-35,35
79357,46,53,-7,7
79358,155,132,23,23
79359,60,72,-12,12
79360,75,83,-8,8
79361,97,93,4,4
79362,142,120,22,22
79363,57,71,-14,14
79364,80,83,-3,3
79365,44,54,-10,10
79366,107,106,1,1
79367,39,64,-25,25
79368,163,156,7,7
79369,152,160,-8,8
79370,119,117,2,2
79371,98,88,10,10
79372,67,77,-10,10
79373,61,65,-4,4
79374,99,100,-1,1
79375,62,69,-7,7
79376,68,75,-7,7
79377,72,81,-9,9
79378,83,90,-7,7
79379,103,99,4,4
79380,116,124,-8,8
79381,122,121,1,1
79382,88,96,-8,8
79383,129,119,10,10
79384,86,85,1,1
79385,82,88,-6,6
79386,83,89,-6,6
79387,71,85,-14,14
79388,77,82,-5,5
79389,100,105,-5,5
79390,206,186,20,20
79391,152,165,-13,13
79392,58,66,-8,8
79393,141,133,8,8
79394,96,90,6,6
79395,149,127,22,22
79396,80,80,0,0
79397,48,58,-10,10
79398,75,82,-7,7
79399,95,93,2,2
79400,126,128,-2,2
79401,74,79,-5,5
79402,95,94,1,1
79403,59,72,-13,13
79404,164,158,6,6
79405,95,95,0,0
79406,46,58,-12,12
79407,88,89,-1,1
79408,135,137,-2,2
79409,140,124,16,16
79410,103,102,1,1
79411,69,74,-5,5
79412,144,121,23,23
79413,147,132,15,15
79414,105,113,-8,8
79415,154,122,32,32
79416,77,79,-2,2
79417,74,81,-7,7
79418,132,123,9,9
79419,56,67,-11,11
79420,48,59,-11,11
79421,77,81,-4,4
79422,20,45,-25,25
79423,94,99,-5,5
79424,66,75,-9,9
79425,72,76,-4,4
79426,130,120,10,10
79427,282,238,44,44
79428,139,114,25,25
79429,99,109,-10,10
79430,67,74,-7,7
79431,72,80,-8,8
79432,96,106,-10,10
79433,76,85,-9,9
79434,119,112,7,7
79435,93,88,5,5
79436,61,73,-12,12
79437,79,78,1,1
79438,107,100,7,7
79439,152,153,-1,1
79440,85,82,3,3
79441,62,57,5,5
79442,103,95,8,8
79443,59,66,-7,7
79444,109,116,-7,7
79445,84,94,-10,10
79446,85,80,5,5
79447,77,94,-17,17
79448,182,166,16,16
79449,105,107,-2,2
79450,165,155,10,10
79451,101,100,1,1
79452,91,91,0,0
79453,93,93,0,0
79454,105,109,-4,4
79455,98,103,-5,5
79456,140,137,3,3
79457,150,133,17,17
79458,168,148,20,20
79459,155,140,15,15
79460,75,72,3,3
79461,56,63,-7,7
79462,41,63,-22,22
79463,84,84,0,0
79464,46,61,-15,15
79465,168,156,12,12
79466,148,135,13,13
79467,92,96,-4,4
79468,93,93,0,0
79469,108,99,9,9
79470,52,65,-13,13
79471,100,96,4,4
79472,77,87,-10,10
79473,95,91,4,4
79474,67,75,-8,8
79475,84,80,4,4
79476,107,103,4,4
79477,80,83,-3,3
79478,104,103,1,1
79479,86,89,-3,3
79480,90,84,6,6
79481,70,82,-12,12
79482,125,131,-6,6
79483,68,76,-8,8
79484,125,121,4,4
79485,133,128,5,5
79486,77,77,0,0
79487,70,79,-9,9
79488,182,163,19,19
79489,114,100,14,14
79490,114,113,1,1
79491,183,169,14,14
79492,57,72,-15,15
79493,111,112,-1,1
79494,49,63,-14,14
79495,58,67,-9,9
79496,97,106,-9,9
79497,141,141,0,0
79498,133,127,6,6
79499,115,104,11,11
79500,142,129,13,13
79501,53,62,-9,9
79502,69,71,-2,2
79503,152,130,22,22
79504,52,61,-9,9
79505,145,135,10,10
79506,90,91,-1,1
79507,125,115,10,10
79508,73,69,4,4
79509,72,77,-5,5
79510,69,82,-13,13
79511,146,129,17,17
79512,149,144,5,5
79513,79,83,-4,4
79514,105,111,-6,6
79515,65,70,-5,5
79516,139,124,15,15
79517,123,116,7,7
79518,105,88,17,17
79519,40,54,-14,14
79520,65,74,-9,9
79521,134,127,7,7
79522,123,117,6,6
79523,127,117,10,10
79524,39,76,-37,37
79525,104,111,-7,7
79526,48,61,-13,13
79527,78,89,-11,11
79528,102,100,2,2
79529,72,68,4,4
79530,130,128,2,2
79531,107,106,1,1
79532,90,93,-3,3
79533,85,86,-1,1
79534,103,104,-1,1
79535,118,111,7,7
79536,67,81,-14,14
79537,101,89,12,12
79538,108,103,5,5
79539,134,144,-10,10
79540,83,81,2,2
79541,103,105,-2,2
79542,43,65,-22,22
79543,154,135,19,19
79544,137,131,6,6
79545,133,120,13,13
79546,165,137,28,28
79547,68,78,-10,10
79548,144,136,8,8
79549,112,112,0,0
79550,96,96,0,0
79551,84,82,2,2
79552,131,113,18,18
79553,95,94,1,1
79554,166,145,21,21
79555,56,70,-14,14
79556,112,109,3,3
79557,55,62,-7,7
79558,88,90,-2,2
79559,81,80,1,1
79560,79,80,-1,1
79561,105,105,0,0
79562,52,62,-10,10
79563,131,123,8,8
79564,101,101,0,0
79565,98,79,19,19
79566,60,64,-4,4
79567,66,75,-9,9
79568,85,80,5,5
79569,81,81,0,0
79570,117,120,-3,3
79571,61,68,-7,7
79572,74,81,-7,7
79573,64,75,-11,11
79574,61,68,-7,7
79575,106,102,4,4
79576,82,84,-2,2
79577,68,90,-22,22
79578,100,104,-4,4
79579,111,94,17,17
79580,73,83,-10,10
79581,110,108,2,2
79582,110,114,-4,4
79583,150,138,12,12
79584,119,120,-1,1
79585,140,134,6,6
79586,107,98,9,9
79587,31,52,-21,21
79588,111,107,4,4
79589,93,97,-4,4
79590,73,80,-7,7
79591,75,86,-11,11
79592,106,120,-14,14
79593,46,60,-14,14
79594,169,154,15,15
79595,128,119,9,9
79596,189,174,15,15
79597,119,115,4,4
79598,61,63,-2,2
79599,109,108,1,1
79600,129,117,12,12
79601,118,119,-1,1
79602,91,94,-3,3
79603,95,98,-3,3
79604,106,95,11,11
79605,188,169,19,19
79606,78,84,-6,6
79607,59,77,-18,18
79608,66,69,-3,3
79609,62,73,-11,11
79610,137,127,10,10
79611,82,87,-5,5
79612,115,114,1,1
79613,102,113,-11,11
79614,50,79,-29,29
79615,119,117,2,2
79616,159,153,6,6
79617,146,140,6,6
79618,62,65,-3,3
79619,72,74,-2,2
79620,82,87,-5,5
79621,64,72,-8,8
79622,74,81,-7,7
79623,104,97,7,7
79624,169,128,41,41
79625,86,92,-6,6
79626,178,175,3,3
79627,83,82,1,1
79628,115,114,1,1
79629,124,121,3,3
79630,123,144,-21,21
79631,90,94,-4,4
79632,51,61,-10,10
79633,99,96,3,3
79634,99,121,-22,22
79635,108,97,11,11
79636,124,109,15,15
79637,144,140,4,4
79638,128,131,-3,3
79639,70,77,-7,7
79640,74,86,-12,12
79641,134,134,0,0
79642,119,122,-3,3
79643,41,56,-15,15
79644,101,107,-6,6
79645,149,136,13,13
79646,121,111,10,10
79647,56,64,-8,8
79648,108,105,3,3
79649,72,81,-9,9
79650,98,92,6,6
79651,67,72,-5,5
79652,69,77,-8,8
79653,89,90,-1,1
79654,122,126,-4,4
79655,75,81,-6,6
79656,80,86,-6,6
79657,184,174,10,10
79658,80,83,-3,3
79659,136,130,6,6
79660,85,89,-4,4
79661,86,86,0,0
79662,99,105,-6,6
79663,161,154,7,7
79664,106,114,-8,8
79665,86,88,-2,2
79666,160,145,15,15
79667,140,139,1,1
79668,157,149,8,8
79669,121,119,2,2
79670,61,71,-10,10
79671,108,106,2,2
79672,110,106,4,4
79673,101,96,5,5
79674,85,88,-3,3
79675,125,121,4,4
79676,67,74,-7,7
79677,64,72,-8,8
79678,47,68,-21,21
79679,111,119,-8,8
79680,45,59,-14,14
79681,79,74,5,5
79682,102,97,5,5
79683,99,87,12,12
79684,121,118,3,3
79685,75,86,-11,11
79686,172,158,14,14
79687,67,78,-11,11
79688,111,101,10,10
79689,119,126,-7,7
79690,134,121,13,13
79691,139,130,9,9
79692,67,77,-10,10
79693,100,118,-18,18
79694,64,75,-11,11
79695,105,103,2,2
79696,106,104,2,2
79697,41,56,-15,15
79698,122,115,7,7
79699,96,100,-4,4
79700,74,81,-7,7
79701,97,95,2,2
79702,106,101,5,5
79703,58,64,-6,6
79704,61,70,-9,9
79705,72,74,-2,2
79706,97,96,1,1
79707,104,106,-2,2
79708,90,92,-2,2
79709,190,168,22,22
79710,113,121,-8,8
79711,72,96,-24,24
79712,102,98,4,4
79713,143,117,26,26
79714,71,77,-6,6
79715,80,90,-10,10
79716,45,58,-13,13
79717,57,68,-11,11
79718,109,106,3,3
79719,80,83,-3,3
79720,54,69,-15,15
79721,75,84,-9,9
79722,80,91,-11,11
79723,73,80,-7,7
79724,216,187,29,29
79725,73,83,-10,10
79726,124,120,4,4
79727,160,126,34,34
79728,140,129,11,11
79729,136,125,11,11
79730,68,71,-3,3
79731,91,93,-2,2
79732,69,69,0,0
79733,93,102,-9,9
79734,103,100,3,3
79735,93,94,-1,1
79736,53,64,-11,11
79737,116,112,4,4
79738,57,74,-17,17
79739,89,89,0,0
79740,58,66,-8,8
79741,136,131,5,5
79742,95,97,-2,2
79743,59,73,-14,14
79744,169,149,20,20
79745,105,104,1,1
79746,119,104,15,15
79747,89,92,-3,3
79748,132,120,12,12
79749,81,79,2,2
79750,52,56,-4,4
79751,139,119,20,20
79752,60,69,-9,9
79753,128,120,8,8
79754,54,62,-8,8
79755,123,120,3,3
79756,99,97,2,2
79757,36,54,-18,18
79758,40,53,-13,13
79759,114,113,1,1
79760,89,85,4,4
79761,68,77,-9,9
79762,96,87,9,9
79763,120,115,5,5
79764,85,87,-2,2
79765,67,72,-5,5
79766,90,94,-4,4
79767,59,67,-8,8
79768,86,82,4,4
79769,187,171,16,16
79770,117,111,6,6
79771,50,67,-17,17
79772,90,89,1,1
79773,92,89,3,3
79774,57,69,-12,12
79775,55,65,-10,10
79776,51,65,-14,14
79777,84,89,-5,5
79778,110,111,-1,1
79779,52,73,-21,21
79780,56,75,-19,19
79781,82,85,-3,3
79782,141,137,4,4
79783,104,99,5,5
79784,113,117,-4,4
79785,119,112,7,7
79786,124,120,4,4
79787,79,80,-1,1
79788,99,95,4,4
79789,133,119,14,14
79790,53,65,-12,12
79791,88,90,-2,2
79792,58,64,-6,6
79793,90,94,-4,4
79794,89,97,-8,8
79795,91,100,-9,9
79796,110,105,5,5
79797,77,82,-5,5
79798,71,78,-7,7
79799,77,84,-7,7
79800,115,118,-3,3
79801,62,82,-20,20
79802,167,158,9,9
79803,105,109,-4,4
79804,100,96,4,4
79805,100,107,-7,7
79806,111,116,-5,5
79807,92,92,0,0
79808,162,151,11,11
79809,109,112,-3,3
79810,164,151,13,13
79811,63,66,-3,3
79812,67,76,-9,9
79813,158,157,1,1
79814,82,85,-3,3
79815,65,67,-2,2
79816,118,107,11,11
79817,87,97,-10,10
79818,159,153,6,6
79819,122,110,12,12
79820,102,103,-1,1
79821,63,73,-10,10
79822,94,95,-1,1
79823,100,101,-1,1
79824,87,77,10,10
79825,98,95,3,3
79826,79,77,2,2
79827,104,96,8,8
79828,115,107,8,8
79829,118,132,-14,14
79830,82,86,-4,4
79831,130,119,11,11
79832,98,102,-4,4
79833,141,140,1,1
79834,197,172,25,25
79835,141,138,3,3
79836,91,95,-4,4
79837,80,80,0,0
79838,104,95,9,9
79839,171,155,16,16
79840,292,232,60,60
79841,113,117,-4,4
79842,111,105,6,6
79843,116,116,0,0
79844,66,71,-5,5
79845,146,137,9,9
79846,62,70,-8,8
79847,105,101,4,4
79848,66,73,-7,7
79849,59,68,-9,9
79850,74,83,-9,9
79851,91,86,5,5
79852,117,114,3,3
79853,101,105,-4,4
79854,167,164,3,3
79855,69,75,-6,6
79856,120,119,1,1
79857,119,111,8,8
79858,130,118,12,12
79859,69,72,-3,3
79860,97,102,-5,5
79861,76,81,-5,5
79862,183,167,16,16
79863,65,76,-11,11
79864,155,137,18,18
79865,80,76,4,4
79866,107,108,-1,1
79867,46,70,-24,24
79868,95,92,3,3
79869,72,77,-5,5
79870,74,84,-10,10
79871,73,79,-6,6
79872,66,67,-1,1
79873,76,81,-5,5
79874,75,82,-7,7
79875,36,66,-30,30
79876,82,86,-4,4
79877,150,134,16,16
79878,88,95,-7,7
79879,40,55,-15,15
79880,82,88,-6,6
79881,166,150,16,16
79882,113,113,0,0
79883,120,120,0,0
79884,136,127,9,9
79885,53,68,-15,15
79886,233,189,44,44
79887,78,80,-2,2
79888,112,106,6,6
79889,103,112,-9,9
79890,100,95,5,5
79891,86,94,-8,8
79892,69,78,-9,9
79893,109,107,2,2
79894,105,100,5,5
79895,51,91,-40,40
79896,99,107,-8,8
79897,138,137,1,1
79898,42,93,-51,51
79899,87,87,0,0
79900,141,132,9,9
79901,75,89,-14,14
79902,96,94,2,2
79903,56,66,-10,10
79904,122,117,5,5
79905,65,74,-9,9
79906,113,101,12,12
79907,67,70,-3,3
79908,83,85,-2,2
79909,91,82,9,9
79910,136,133,3,3
79911,85,82,3,3
79912,66,76,-10,10
79913,79,72,7,7
79914,73,76,-3,3
79915,106,105,1,1
79916,76,79,-3,3
79917,149,134,15,15
79918,38,57,-19,19
79919,108,100,8,8
79920,91,97,-6,6
79921,105,104,1,1
79922,85,92,-7,7
79923,62,76,-14,14
79924,117,130,-13,13
79925,62,75,-13,13
79926,115,104,11,11
79927,85,78,7,7
79928,150,145,5,5
79929,132,126,6,6
79930,74,83,-9,9
79931,44,72,-28,28
79932,152,148,4,4
79933,142,140,2,2
79934,106,106,0,0
79935,97,100,-3,3
79936,97,92,5,5
79937,53,68,-15,15
79938,116,115,1,1
79939,141,135,6,6
79940,109,109,0,0
79941,90,91,-1,1
79942,111,113,-2,2
79943,186,176,10,10
79944,133,124,9,9
79945,83,81,2,2
79946,69,83,-14,14
79947,73,80,-7,7
79948,154,135,19,19
79949,93,104,-11,11
79950,87,89,-2,2
79951,126,125,1,1
79952,91,94,-3,3
79953,79,82,-3,3
79954,82,89,-7,7
79955,112,94,18,18
79956,72,72,0,0
79957,179,167,12,12
79958,67,77,-10,10
79959,61,83,-22,22
79960,134,121,13,13
79961,129,117,12,12
79962,79,81,-2,2
79963,95,98,-3,3
79964,147,135,12,12
79965,86,94,-8,8
79966,64,72,-8,8
79967,73,84,-11,11
79968,60,68,-8,8
79969,122,125,-3,3
79970,91,96,-5,5
79971,78,87,-9,9
79972,69,81,-12,12
79973,64,90,-26,26
79974,120,114,6,6
79975,101,101,0,0
79976,51,61,-10,10
79977,80,88,-8,8
79978,100,126,-26,26
79979,104,105,-1,1
79980,69,81,-12,12
79981,94,96,-2,2
79982,110,119,-9,9
79983,157,147,10,10
79984,56,69,-13,13
79985,118,118,0,0
79986,29,30,-1,1
79987,110,133,-23,23
79988,102,95,7,7
79989,78,81,-3,3
79990,116,125,-9,9
79991,129,125,4,4
79992,124,128,-4,4
79993,69,90,-21,21
79994,94,97,-3,3
79995,105,98,7,7
79996,127,137,-10,10
79997,99,98,1,1
79998,106,100,6,6
79999,45,55,-10,10
80000,73,77,-4,4
80001,57,62,-5,5
80002,71,75,-4,4
80003,84,89,-5,5
80004,91,94,-3,3
80005,93,91,2,2
80006,75,83,-8,8
80007,98,94,4,4
80008,76,80,-4,4
80009,87,88,-1,1
80010,100,104,-4,4
80011,101,97,4,4
80012,63,79,-16,16
80013,94,90,4,4
80014,58,68,-10,10
80015,77,75,2,2
80016,136,121,15,15
80017,86,92,-6,6
80018,109,103,6,6
80019,77,79,-2,2
80020,146,135,11,11
80021,128,123,5,5
80022,164,150,14,14
80023,71,78,-7,7
80024,147,144,3,3
80025,96,93,3,3
80026,65,70,-5,5
80027,95,96,-1,1
80028,84,87,-3,3
80029,104,101,3,3
80030,75,81,-6,6
80031,168,156,12,12
80032,200,171,29,29
80033,153,152,1,1
80034,171,166,5,5
80035,111,119,-8,8
80036,65,78,-13,13
80037,85,98,-13,13
80038,98,89,9,9
80039,111,112,-1,1
80040,112,111,1,1
80041,113,107,6,6
80042,148,130,18,18
80043,115,116,-1,1
80044,63,78,-15,15
80045,95,92,3,3
80046,98,101,-3,3
80047,117,119,-2,2
80048,144,131,13,13
80049,115,120,-5,5
80050,124,118,6,6
80051,115,118,-3,3
80052,93,101,-8,8
80053,83,89,-6,6
80054,83,86,-3,3
80055,106,105,1,1
80056,104,102,2,2
80057,149,157,-8,8
80058,94,99,-5,5
80059,61,71,-10,10
80060,63,80,-17,17
80061,98,101,-3,3
80062,70,80,-10,10
80063,96,101,-5,5
80064,89,90,-1,1
80065,120,137,-17,17
80066,85,82,3,3
80067,159,130,29,29
80068,144,139,5,5
80069,63,73,-10,10
80070,102,100,2,2
80071,119,106,13,13
80072,106,107,-1,1
80073,88,79,9,9
80074,54,65,-11,11
80075,58,69,-11,11
80076,130,120,10,10
80077,168,148,20,20
80078,73,77,-4,4
80079,133,132,1,1
80080,98,102,-4,4
80081,86,82,4,4
80082,81,86,-5,5
80083,83,88,-5,5
80084,59,70,-11,11
80085,43,59,-16,16
80086,80,85,-5,5
80087,73,81,-8,8
80088,86,88,-2,2
80089,89,112,-23,23
80090,77,82,-5,5
80091,59,63,-4,4
80092,64,99,-35,35
80093,82,81,1,1
80094,47,59,-12,12
80095,99,87,12,12
80096,104,104,0,0
80097,62,73,-11,11
80098,70,80,-10,10
80099,65,75,-10,10
80100,79,81,-2,2
80101,86,90,-4,4
80102,105,106,-1,1
80103,91,99,-8,8
80104,117,106,11,11
80105,43,58,-15,15
80106,171,155,16,16
80107,115,111,4,4
80108,111,114,-3,3
80109,73,79,-6,6
80110,118,112,6,6
80111,84,84,0,0
80112,96,101,-5,5
80113,115,114,1,1
80114,172,156,16,16
80115,138,129,9,9
80116,130,120,10,10
80117,142,131,11,11
80118,92,95,-3,3
80119,71,74,-3,3
80120,42,55,-13,13
80121,93,92,1,1
80122,116,104,12,12
80123,90,84,6,6
80124,74,82,-8,8
80125,56,70,-14,14
80126,139,121,18,18
80127,76,88,-12,12
80128,97,101,-4,4
80129,88,94,-6,6
80130,70,75,-5,5
80131,148,136,12,12
80132,70,74,-4,4
80133,112,110,2,2
80134,81,75,6,6
80135,52,64,-12,12
80136,95,99,-4,4
80137,80,86,-6,6
80138,46,61,-15,15
80139,50,62,-12,12
80140,129,122,7,7
80141,90,93,-3,3
80142,132,112,20,20
80143,143,132,11,11
80144,130,144,-14,14
80145,147,133,14,14
80146,103,98,5,5
80147,61,65,-4,4
80148,88,95,-7,7
80149,158,145,13,13
80150,50,63,-13,13
80151,115,113,2,2
80152,86,92,-6,6
80153,95,94,1,1
80154,135,140,-5,5
80155,84,89,-5,5
80156,116,128,-12,12
80157,31,50,-19,19
80158,86,91,-5,5
80159,87,84,3,3
80160,99,93,6,6
80161,61,74,-13,13
80162,66,70,-4,4
80163,99,98,1,1
80164,83,77,6,6
80165,63,70,-7,7
80166,85,81,4,4
80167,90,95,-5,5
80168,114,111,3,3
80169,77,81,-4,4
80170,74,83,-9,9
80171,85,88,-3,3
80172,49,90,-41,41
80173,29,48,-19,19
80174,77,77,0,0
80175,70,77,-7,7
80176,72,82,-10,10
80177,67,89,-22,22
80178,73,78,-5,5
80179,112,100,12,12
80180,153,150,3,3
80181,120,119,1,1
80182,96,98,-2,2
80183,104,103,1,1
80184,74,82,-8,8
80185,50,58,-8,8
80186,74,78,-4,4
80187,91,89,2,2
80188,100,102,-2,2
80189,45,64,-19,19
80190,96,100,-4,4
80191,57,67,-10,10
80192,117,106,11,11
80193,116,110,6,6
80194,117,118,-1,1
80195,85,95,-10,10
80196,90,96,-6,6
80197,120,103,17,17
80198,63,77,-14,14
80199,131,142,-11,11
80200,55,66,-11,11
80201,159,157,2,2
80202,95,90,5,5
80203,91,92,-1,1
80204,52,63,-11,11
80205,73,75,-2,2
80206,107,103,4,4
80207,73,83,-10,10
80208,144,131,13,13
80209,101,108,-7,7
80210,84,83,1,1
80211,72,82,-10,10
80212,100,113,-13,13
80213,57,66,-9,9
80214,89,88,1,1
80215,85,85,0,0
80216,136,130,6,6
80217,104,105,-1,1
80218,180,156,24,24
80219,88,87,1,1
80220,81,93,-12,12
80221,98,98,0,0
80222,63,67,-4,4
80223,81,94,-13,13
80224,132,136,-4,4
80225,139,133,6,6
80226,156,139,17,17
80227,94,95,-1,1
80228,113,116,-3,3
80229,155,164,-9,9
80230,106,98,8,8
80231,71,78,-7,7
80232,98,103,-5,5
80233,48,126,-78,78
80234,54,64,-10,10
80235,86,84,2,2
80236,103,102,1,1
80237,148,133,15,15
80238,73,73,0,0
80239,135,135,0,0
80240,93,95,-2,2
80241,137,134,3,3
80242,82,85,-3,3
80243,78,79,-1,1
80244,95,98,-3,3
80245,74,77,-3,3
80246,95,95,0,0
80247,64,73,-9,9
80248,100,105,-5,5
80249,95,101,-6,6
80250,28,52,-24,24
80251,38,54,-16,16
80252,92,93,-1,1
80253,134,133,1,1
80254,68,76,-8,8
80255,117,110,7,7
80256,118,108,10,10
80257,79,78,1,1
80258,61,70,-9,9
80259,132,119,13,13
80260,98,107,-9,9
80261,70,80,-10,10
80262,117,110,7,7
80263,61,66,-5,5
80264,69,78,-9,9
80265,76,74,2,2
80266,56,68,-12,12
80267,108,104,4,4
80268,70,73,-3,3
80269,53,63,-10,10
80270,94,96,-2,2
80271,158,148,10,10
80272,146,134,12,12
80273,94,99,-5,5
80274,48,61,-13,13
80275,85,92,-7,7
80276,117,104,13,13
80277,119,108,11,11
80278,72,82,-10,10
80279,103,102,1,1
80280,85,84,1,1
80281,121,109,12,12
80282,66,84,-18,18
80283,177,179,-2,2
80284,85,86,-1,1
80285,151,148,3,3
80286,57,65,-8,8
80287,83,75,8,8
80288,68,73,-5,5
80289,118,119,-1,1
80290,70,74,-4,4
80291,30,55,-25,25
80292,94,99,-5,5
80293,68,77,-9,9
80294,153,150,3,3
80295,81,80,1,1
80296,106,105,1,1
80297,93,89,4,4
80298,152,146,6,6
80299,117,116,1,1
80300,121,114,7,7
80301,104,109,-5,5
80302,130,119,11,11
80303,113,106,7,7
80304,108,101,7,7
80305,110,102,8,8
80306,76,91,-15,15
80307,119,116,3,3
80308,79,77,2,2
80309,96,98,-2,2
80310,74,95,-21,21
80311,71,74,-3,3
80312,79,77,2,2
80313,62,72,-10,10
80314,67,74,-7,7
80315,149,126,23,23
80316,70,78,-8,8
80317,87,88,-1,1
80318,302,235,67,67
80319,51,65,-14,14
80320,73,76,-3,3
80321,47,60,-13,13
80322,138,126,12,12
80323,155,142,13,13
80324,67,78,-11,11
80325,118,121,-3,3
80326,73,80,-7,7
80327,67,77,-10,10
80328,43,64,-21,21
80329,101,108,-7,7
80330,89,83,6,6
80331,67,75,-8,8
80332,148,140,8,8
80333,131,125,6,6
80334,73,73,0,0
80335,135,140,-5,5
80336,71,81,-10,10
80337,71,75,-4,4
80338,108,96,12,12
80339,131,120,11,11
80340,115,125,-10,10
80341,56,66,-10,10
80342,84,85,-1,1
80343,92,98,-6,6
80344,38,48,-10,10
80345,134,119,15,15
80346,75,80,-5,5
80347,124,110,14,14
80348,126,121,5,5
80349,103,115,-12,12
80350,57,63,-6,6
80351,82,94,-12,12
80352,113,114,-1,1
80353,103,111,-8,8
80354,119,104,15,15
80355,259,239,20,20
80356,87,89,-2,2
80357,180,144,36,36
80358,84,95,-11,11
80359,110,118,-8,8
80360,116,107,9,9
80361,114,113,1,1
80362,124,130,-6,6
80363,92,87,5,5
80364,86,94,-8,8
80365,85,92,-7,7
80366,65,71,-6,6
80367,73,78,-5,5
80368,72,79,-7,7
80369,108,107,1,1
80370,47,56,-9,9
80371,96,100,-4,4
80372,66,76,-10,10
80373,70,82,-12,12
80374,134,123,11,11
80375,47,60,-13,13
80376,50,65,-15,15
80377,69,80,-11,11
80378,82,85,-3,3
80379,103,102,1,1
80380,79,83,-4,4
80381,82,88,-6,6
80382,77,91,-14,14
80383,77,85,-8,8
80384,99,99,0,0
80385,99,100,-1,1
80386,156,157,-1,1
80387,82,80,2,2
80388,123,113,10,10
80389,75,75,0,0
80390,47,61,-14,14
80391,32,50,-18,18
80392,72,82,-10,10
80393,92,95,-3,3
80394,128,104,24,24
80395,100,103,-3,3
80396,78,88,-10,10
80397,141,129,12,12
80398,361,310,51,51
80399,142,129,13,13
80400,28,64,-36,36
80401,53,63,-10,10
80402,80,86,-6,6
80403,81,86,-5,5
80404,181,149,32,32
80405,55,69,-14,14
80406,81,83,-2,2
80407,58,70,-12,12
80408,28,42,-14,14
80409,76,85,-9,9
80410,77,87,-10,10
80411,125,120,5,5
80412,89,99,-10,10
80413,91,94,-3,3
80414,103,105,-2,2
80415,97,98,-1,1
80416,90,84,6,6
80417,69,75,-6,6
80418,140,136,4,4
80419,59,64,-5,5
80420,140,137,3,3
80421,119,120,-1,1
80422,86,95,-9,9
80423,71,77,-6,6
80424,179,164,15,15
80425,119,105,14,14
80426,115,105,10,10
80427,61,75,-14,14
80428,160,154,6,6
80429,127,124,3,3
80430,186,182,4,4
80431,95,98,-3,3
80432,73,84,-11,11
80433,86,85,1,1
80434,64,76,-12,12
80435,164,152,12,12
80436,80,83,-3,3
80437,107,122,-15,15
80438,138,126,12,12
80439,95,95,0,0
80440,161,143,18,18
80441,81,80,1,1
80442,118,116,2,2
80443,102,102,0,0
80444,79,83,-4,4
80445,83,86,-3,3
80446,96,87,9,9
80447,99,101,-2,2
80448,101,99,2,2
80449,73,78,-5,5
80450,151,141,10,10
80451,86,94,-8,8
80452,107,101,6,6
80453,102,97,5,5
80454,87,90,-3,3
80455,110,106,4,4
80456,75,91,-16,16
80457,68,91,-23,23
80458,88,94,-6,6
80459,84,88,-4,4
80460,81,81,0,0
80461,78,82,-4,4
80462,73,78,-5,5
80463,103,97,6,6
80464,175,153,22,22
80465,122,119,3,3
80466,106,101,5,5
80467,53,60,-7,7
80468,120,118,2,2
80469,135,132,3,3
80470,96,94,2,2
80471,69,76,-7,7
80472,86,88,-2,2
80473,94,100,-6,6
80474,46,60,-14,14
80475,93,94,-1,1
80476,111,115,-4,4
80477,54,65,-11,11
80478,63,65,-2,2
80479,59,71,-12,12
80480,61,70,-9,9
80481,68,83,-15,15
80482,140,123,17,17
80483,79,77,2,2
80484,148,147,1,1
80485,114,113,1,1
80486,77,84,-7,7
80487,95,87,8,8
80488,53,62,-9,9
80489,102,105,-3,3
80490,150,147,3,3
80491,142,121,21,21
80492,123,125,-2,2
80493,85,84,1,1
80494,86,83,3,3
80495,106,99,7,7
80496,123,116,7,7
80497,99,98,1,1
80498,78,77,1,1
80499,74,79,-5,5
80500,83,83,0,0
80501,68,98,-30,30
80502,100,105,-5,5
80503,71,70,1,1
80504,85,78,7,7
80505,105,102,3,3
80506,132,125,7,7
80507,109,99,10,10
80508,95,95,0,0
80509,101,98,3,3
80510,49,65,-16,16
80511,37,52,-15,15
80512,80,90,-10,10
80513,66,65,1,1
80514,70,76,-6,6
80515,93,89,4,4
80516,54,66,-12,12
80517,99,108,-9,9
80518,100,97,3,3
80519,143,135,8,8
80520,67,70,-3,3
80521,69,76,-7,7
80522,72,94,-22,22
80523,88,94,-6,6
80524,116,96,20,20
80525,103,104,-1,1
80526,129,127,2,2
80527,112,110,2,2
80528,47,58,-11,11
80529,80,82,-2,2
80530,87,86,1,1
80531,102,105,-3,3
80532,111,113,-2,2
80533,113,117,-4,4
80534,85,84,1,1
80535,57,69,-12,12
80536,110,102,8,8
80537,91,91,0,0
80538,127,121,6,6
80539,71,73,-2,2
80540,110,101,9,9
80541,143,137,6,6
80542,90,95,-5,5
80543,122,111,11,11
80544,124,114,10,10
80545,53,64,-11,11
80546,77,86,-9,9
80547,35,43,-8,8
80548,63,80,-17,17
80549,115,106,9,9
80550,128,121,7,7
80551,99,100,-1,1
80552,90,97,-7,7
80553,80,80,0,0
80554,98,96,2,2
80555,95,94,1,1
80556,138,133,5,5
80557,84,84,0,0
80558,129,131,-2,2
80559,101,94,7,7
80560,109,96,13,13
80561,142,138,4,4
80562,72,66,6,6
80563,110,107,3,3
80564,52,60,-8,8
80565,66,86,-20,20
80566,69,75,-6,6
80567,79,79,0,0
80568,69,76,-7,7
80569,97,96,1,1
80570,96,94,2,2
80571,105,101,4,4
80572,144,133,11,11
80573,129,119,10,10
80574,75,83,-8,8
80575,111,103,8,8
80576,149,140,9,9
80577,110,108,2,2
80578,73,78,-5,5
80579,58,69,-11,11
80580,47,59,-12,12
80581,82,90,-8,8
80582,70,76,-6,6
80583,124,108,16,16
80584,78,82,-4,4
80585,136,122,14,14
80586,147,148,-1,1
80587,84,101,-17,17
80588,121,116,5,5
80589,63,66,-3,3
80590,94,94,0,0
80591,125,126,-1,1
80592,82,91,-9,9
80593,158,138,20,20
80594,67,76,-9,9
80595,61,75,-14,14
80596,119,117,2,2
80597,65,75,-10,10
80598,86,92,-6,6
80599,98,84,14,14
80600,143,135,8,8
80601,105,104,1,1
80602,113,124,-11,11
80603,77,78,-1,1
80604,107,113,-6,6
80605,58,71,-13,13
80606,145,138,7,7
80607,52,79,-27,27
80608,109,101,8,8
80609,71,75,-4,4
80610,64,76,-12,12
80611,129,117,12,12
80612,83,93,-10,10
80613,40,65,-25,25
80614,102,109,-7,7
80615,65,70,-5,5
80616,100,89,11,11
80617,131,123,8,8
80618,90,88,2,2
80619,92,98,-6,6
80620,67,83,-16,16
80621,121,116,5,5
80622,126,112,14,14
80623,93,97,-4,4
80624,157,148,9,9
80625,89,89,0,0
80626,53,68,-15,15
80627,96,93,3,3
80628,111,103,8,8
80629,121,115,6,6
80630,67,83,-16,16
80631,59,67,-8,8
80632,88,92,-4,4
80633,71,86,-15,15
80634,57,67,-10,10
80635,118,108,10,10
80636,78,79,-1,1
80637,118,114,4,4
80638,85,86,-1,1
80639,102,102,0,0
80640,69,79,-10,10
80641,179,172,7,7
80642,94,106,-12,12
80643,100,100,0,0
80644,91,86,5,5
80645,139,141,-2,2
80646,77,85,-8,8
80647,64,72,-8,8
80648,64,72,-8,8
80649,137,131,6,6
80650,113,108,5,5
80651,93,89,4,4
80652,100,104,-4,4
80653,88,88,0,0
80654,87,88,-1,1
80655,144,132,12,12
80656,41,61,-20,20
80657,51,65,-14,14
80658,78,77,1,1
80659,72,76,-4,4
80660,66,72,-6,6
80661,58,72,-14,14
80662,123,123,0,0
80663,90,89,1,1
80664,56,62,-6,6
80665,98,89,9,9
80666,91,92,-1,1
80667,126,118,8,8
80668,68,63,5,5
80669,117,108,9,9
80670,46,59,-13,13
80671,71,79,-8,8
80672,111,105,6,6
80673,89,87,2,2
80674,58,71,-13,13
80675,104,102,2,2
80676,110,103,7,7
80677,101,98,3,3
80678,203,205,-2,2
80679,90,96,-6,6
80680,82,83,-1,1
80681,133,119,14,14
80682,67,74,-7,7
80683,75,80,-5,5
80684,90,90,0,0
80685,91,88,3,3
80686,91,96,-5,5
80687,67,73,-6,6
80688,122,119,3,3
80689,59,68,-9,9
80690,40,56,-16,16
80691,104,100,4,4
80692,118,118,0,0
80693,92,85,7,7
80694,157,162,-5,5
80695,65,75,-10,10
80696,60,71,-11,11
80697,100,96,4,4
80698,31,38,-7,7
80699,94,89,5,5
80700,45,60,-15,15
80701,109,101,8,8
80702,85,82,3,3
80703,86,94,-8,8
80704,185,164,21,21
80705,97,95,2,2
80706,69,67,2,2
80707,194,176,18,18
80708,63,82,-19,19
80709,141,135,6,6
80710,87,79,8,8
80711,131,123,8,8
80712,152,135,17,17
80713,96,95,1,1
80714,111,108,3,3
80715,92,86,6,6
80716,108,102,6,6
80717,83,84,-1,1
80718,52,63,-11,11
80719,103,101,2,2
80720,189,170,19,19
80721,80,75,5,5
80722,149,134,15,15
80723,146,128,18,18
80724,66,70,-4,4
80725,38,54,-16,16
80726,124,128,-4,4
80727,55,68,-13,13
80728,141,119,22,22
80729,83,119,-36,36
80730,144,143,1,1
80731,127,125,2,2
80732,80,78,2,2
80733,125,120,5,5
80734,115,111,4,4
80735,79,82,-3,3
80736,73,78,-5,5
80737,92,80,12,12
80738,84,89,-5,5
80739,103,103,0,0
80740,104,111,-7,7
80741,101,104,-3,3
80742,92,100,-8,8
80743,169,149,20,20
80744,53,64,-11,11
80745,114,104,10,10
80746,138,136,2,2
80747,86,85,1,1
80748,85,89,-4,4
80749,147,141,6,6
80750,58,71,-13,13
80751,128,122,6,6
80752,65,77,-12,12
80753,89,90,-1,1
80754,95,98,-3,3
80755,84,85,-1,1
80756,115,104,11,11
80757,142,132,10,10
80758,120,114,6,6
80759,102,100,2,2
80760,121,138,-17,17
80761,48,64,-16,16
80762,127,104,23,23
80763,76,78,-2,2
80764,133,122,11,11
80765,108,103,5,5
80766,67,73,-6,6
80767,33,47,-14,14
80768,148,128,20,20
80769,115,103,12,12
80770,68,102,-34,34
80771,132,138,-6,6
80772,167,149,18,18
80773,145,145,0,0
80774,126,121,5,5
80775,72,73,-1,1
80776,108,112,-4,4
80777,75,87,-12,12
80778,66,78,-12,12
80779,72,75,-3,3
80780,99,94,5,5
80781,67,73,-6,6
80782,113,111,2,2
80783,108,100,8,8
80784,94,93,1,1
80785,57,70,-13,13
80786,97,94,3,3
80787,64,73,-9,9
80788,127,124,3,3
80789,90,86,4,4
80790,185,174,11,11
80791,110,100,10,10
80792,59,70,-11,11
80793,119,108,11,11
80794,88,101,-13,13
80795,196,173,23,23
80796,95,98,-3,3
80797,69,81,-12,12
80798,159,157,2,2
80799,66,90,-24,24
80800,100,90,10,10
80801,90,98,-8,8
80802,71,75,-4,4
80803,63,71,-8,8
80804,104,96,8,8
80805,64,75,-11,11
80806,67,80,-13,13
80807,71,80,-9,9
80808,155,139,16,16
80809,89,84,5,5
80810,128,121,7,7
80811,95,102,-7,7
80812,51,61,-10,10
80813,118,112,6,6
80814,102,100,2,2
80815,124,120,4,4
80816,68,77,-9,9
80817,50,62,-12,12
80818,86,92,-6,6
80819,89,95,-6,6
80820,113,100,13,13
80821,126,119,7,7
80822,64,82,-18,18
80823,120,119,1,1
80824,62,65,-3,3
80825,73,92,-19,19
80826,145,137,8,8
80827,63,71,-8,8
80828,80,90,-10,10
80829,82,85,-3,3
80830,41,51,-10,10
80831,93,96,-3,3
80832,107,103,4,4
80833,60,70,-10,10
80834,93,90,3,3
80835,97,99,-2,2
80836,90,93,-3,3
80837,111,117,-6,6
80838,57,66,-9,9
80839,75,77,-2,2
80840,54,68,-14,14
80841,55,75,-20,20
80842,84,88,-4,4
80843,95,96,-1,1
80844,101,93,8,8
80845,91,93,-2,2
80846,65,70,-5,5
80847,59,68,-9,9
80848,112,107,5,5
80849,164,154,10,10
80850,61,72,-11,11
80851,75,81,-6,6
80852,149,139,10,10
80853,152,134,18,18
80854,65,75,-10,10
80855,90,90,0,0
80856,96,101,-5,5
80857,105,101,4,4
80858,75,88,-13,13
80859,61,69,-8,8
80860,102,99,3,3
80861,96,91,5,5
80862,96,88,8,8
80863,89,88,1,1
80864,100,99,1,1
80865,96,90,6,6
80866,57,69,-12,12
80867,67,79,-12,12
80868,148,138,10,10
80869,108,103,5,5
80870,50,61,-11,11
80871,151,138,13,13
80872,72,85,-13,13
80873,55,68,-13,13
80874,166,140,26,26
80875,75,83,-8,8
80876,154,133,21,21
80877,71,82,-11,11
80878,77,82,-5,5
80879,72,72,0,0
80880,79,85,-6,6
80881,166,148,18,18
80882,72,81,-9,9
80883,91,91,0,0
80884,80,87,-7,7
80885,111,90,21,21
80886,81,91,-10,10
80887,74,82,-8,8
80888,129,120,9,9
80889,120,110,10,10
80890,79,81,-2,2
80891,95,90,5,5
80892,82,89,-7,7
80893,124,114,10,10
80894,73,77,-4,4
80895,328,354,-26,26
80896,95,92,3,3
80897,90,89,1,1
80898,105,105,0,0
80899,131,125,6,6
80900,96,94,2,2
80901,64,62,2,2
80902,129,107,22,22
80903,84,82,2,2
80904,126,119,7,7
80905,132,121,11,11
80906,108,107,1,1
80907,74,77,-3,3
80908,122,116,6,6
80909,96,111,-15,15
80910,172,172,0,0
80911,150,134,16,16
80912,82,86,-4,4
80913,119,119,0,0
80914,42,55,-13,13
80915,125,110,15,15
80916,47,54,-7,7
80917,78,77,1,1
80918,51,65,-14,14
80919,56,71,-15,15
80920,100,106,-6,6
80921,105,99,6,6
80922,241,179,62,62
80923,148,135,13,13
80924,49,60,-11,11
80925,116,111,5,5
80926,45,50,-5,5
80927,89,86,3,3
80928,83,90,-7,7
80929,106,106,0,0
80930,84,97,-13,13
80931,82,82,0,0
80932,69,76,-7,7
80933,87,91,-4,4
80934,85,103,-18,18
80935,75,75,0,0
80936,142,139,3,3
80937,84,88,-4,4
80938,112,99,13,13
80939,74,81,-7,7
80940,82,89,-7,7
80941,96,98,-2,2
80942,106,101,5,5
80943,41,61,-20,20
80944,70,70,0,0
80945,62,72,-10,10
80946,108,109,-1,1
80947,115,103,12,12
80948,79,80,-1,1
80949,101,100,1,1
80950,73,75,-2,2
80951,69,76,-7,7
80952,42,55,-13,13
80953,130,121,9,9
80954,74,73,1,1
80955,69,75,-6,6
80956,112,104,8,8
80957,95,100,-5,5
80958,56,67,-11,11
80959,98,95,3,3
80960,93,99,-6,6
80961,93,92,1,1
80962,99,101,-2,2
80963,137,125,12,12
80964,127,124,3,3
80965,82,83,-1,1
80966,58,77,-19,19
80967,83,79,4,4
80968,130,119,11,11
80969,99,89,10,10
80970,134,129,5,5
80971,134,122,12,12
80972,73,75,-2,2
80973,98,110,-12,12
80974,56,65,-9,9
80975,106,107,-1,1
80976,157,142,15,15
80977,70,77,-7,7
80978,105,101,4,4
80979,108,118,-10,10
80980,65,74,-9,9
80981,82,82,0,0
80982,75,81,-6,6
80983,88,94,-6,6
80984,79,85,-6,6
80985,85,93,-8,8
80986,98,95,3,3
80987,70,73,-3,3
80988,132,133,-1,1
80989,121,107,14,14
80990,120,130,-10,10
80991,131,120,11,11
80992,100,103,-3,3
80993,103,101,2,2
80994,89,93,-4,4
80995,87,93,-6,6
80996,63,74,-11,11
80997,101,91,10,10
80998,80,81,-1,1
80999,60,67,-7,7
81000,53,65,-12,12
81001,147,130,17,17
81002,83,89,-6,6
81003,91,94,-3,3
81004,120,115,5,5
81005,79,81,-2,2
81006,66,67,-1,1
81007,126,104,22,22
81008,155,135,20,20
81009,73,79,-6,6
81010,75,77,-2,2
81011,110,108,2,2
81012,87,91,-4,4
81013,92,92,0,0
81014,133,131,2,2
81015,100,94,6,6
81016,89,91,-2,2
81017,73,83,-10,10
81018,56,64,-8,8
81019,117,108,9,9
81020,77,70,7,7
81021,58,65,-7,7
81022,132,130,2,2
81023,149,124,25,25
81024,60,66,-6,6
81025,88,87,1,1
81026,118,106,12,12
81027,71,80,-9,9
81028,158,147,11,11
81029,143,126,17,17
81030,63,79,-16,16
81031,49,67,-18,18
81032,111,106,5,5
81033,121,119,2,2
81034,97,93,4,4
81035,116,114,2,2
81036,58,66,-8,8
81037,66,67,-1,1
81038,63,69,-6,6
81039,54,59,-5,5
81040,83,88,-5,5
81041,66,75,-9,9
81042,48,61,-13,13
81043,69,79,-10,10
81044,39,73,-34,34
81045,158,124,34,34
81046,48,61,-13,13
81047,63,68,-5,5
81048,93,99,-6,6
81049,87,91,-4,4
81050,64,57,7,7
81051,148,123,25,25
81052,58,68,-10,10
81053,51,65,-14,14
81054,53,68,-15,15
81055,138,133,5,5
81056,75,80,-5,5
81057,94,97,-3,3
81058,49,67,-18,18
81059,132,135,-3,3
81060,98,96,2,2
81061,97,106,-9,9
81062,100,95,5,5
81063,107,100,7,7
81064,65,71,-6,6
81065,67,74,-7,7
81066,54,65,-11,11
81067,123,119,4,4
81068,133,119,14,14
81069,105,123,-18,18
81070,91,95,-4,4
81071,121,119,2,2
81072,81,91,-10,10
81073,59,74,-15,15
81074,154,134,20,20
81075,85,87,-2,2
81076,80,95,-15,15
81077,181,154,27,27
81078,112,107,5,5
81079,80,83,-3,3
81080,140,123,17,17
81081,92,84,8,8
81082,87,80,7,7
81083,62,81,-19,19
81084,136,124,12,12
81085,74,79,-5,5
81086,74,76,-2,2
81087,45,55,-10,10
81088,87,88,-1,1
81089,81,83,-2,2
81090,37,48,-11,11
81091,73,78,-5,5
81092,81,85,-4,4
81093,119,115,4,4
81094,139,133,6,6
81095,106,108,-2,2
81096,105,103,2,2
81097,129,122,7,7
81098,97,101,-4,4
81099,94,119,-25,25
81100,89,113,-24,24
81101,84,87,-3,3
81102,182,158,24,24
81103,44,60,-16,16
81104,98,94,4,4
81105,83,84,-1,1
81106,159,145,14,14
81107,61,69,-8,8
81108,145,123,22,22
81109,113,131,-18,18
81110,74,79,-5,5
81111,44,50,-6,6
81112,70,82,-12,12
81113,87,102,-15,15
81114,156,135,21,21
81115,78,80,-2,2
81116,99,93,6,6
81117,120,111,9,9
81118,100,114,-14,14
81119,90,89,1,1
81120,90,95,-5,5
81121,126,123,3,3
81122,59,60,-1,1
81123,82,85,-3,3
81124,71,78,-7,7
81125,87,88,-1,1
81126,72,82,-10,10
81127,112,103,9,9
81128,65,70,-5,5
81129,68,76,-8,8
81130,62,70,-8,8
81131,130,126,4,4
81132,60,69,-9,9
81133,100,106,-6,6
81134,48,62,-14,14
81135,97,96,1,1
81136,85,84,1,1
81137,143,120,23,23
81138,112,110,2,2
81139,70,79,-9,9
81140,107,119,-12,12
81141,103,100,3,3
81142,79,79,0,0
81143,65,68,-3,3
81144,74,74,0,0
81145,62,73,-11,11
81146,146,140,6,6
81147,138,131,7,7
81148,109,106,3,3
81149,57,66,-9,9
81150,81,88,-7,7
81151,100,98,2,2
81152,55,69,-14,14
81153,71,80,-9,9
81154,137,123,14,14
81155,173,158,15,15
81156,53,63,-10,10
81157,69,75,-6,6
81158,115,102,13,13
81159,71,80,-9,9
81160,129,120,9,9
81161,142,127,15,15
81162,48,61,-13,13
81163,77,83,-6,6
81164,81,93,-12,12
81165,103,100,3,3
81166,75,78,-3,3
81167,86,86,0,0
81168,105,106,-1,1
81169,61,66,-5,5
81170,109,101,8,8
81171,98,96,2,2
81172,153,147,6,6
81173,50,66,-16,16
81174,178,154,24,24
81175,85,85,0,0
81176,118,119,-1,1
81177,94,89,5,5
81178,116,100,16,16
81179,92,92,0,0
81180,96,95,1,1
81181,44,58,-14,14
81182,96,96,0,0
81183,146,121,25,25
81184,90,84,6,6
81185,86,88,-2,2
81186,112,114,-2,2
81187,102,111,-9,9
81188,47,58,-11,11
81189,107,99,8,8
81190,52,73,-21,21
81191,122,121,1,1
81192,84,82,2,2
81193,76,81,-5,5
81194,72,79,-7,7
81195,181,165,16,16
81196,71,79,-8,8
81197,92,97,-5,5
81198,152,141,11,11
81199,133,127,6,6
81200,97,101,-4,4
81201,135,133,2,2
81202,75,83,-8,8
81203,99,103,-4,4
81204,92,120,-28,28
81205,113,119,-6,6
81206,65,69,-4,4
81207,100,104,-4,4
81208,124,123,1,1
81209,82,84,-2,2
81210,111,116,-5,5
81211,101,97,4,4
81212,60,71,-11,11
81213,141,124,17,17
81214,69,76,-7,7
81215,141,139,2,2
81216,111,99,12,12
81217,169,157,12,12
81218,126,120,6,6
81219,75,84,-9,9
81220,120,109,11,11
81221,141,141,0,0
81222,104,118,-14,14
81223,48,63,-15,15
81224,93,95,-2,2
81225,140,128,12,12
81226,97,88,9,9
81227,110,103,7,7
81228,45,55,-10,10
81229,92,95,-3,3
81230,87,81,6,6
81231,90,84,6,6
81232,68,78,-10,10
81233,64,76,-12,12
81234,59,63,-4,4
81235,135,127,8,8
81236,52,65,-13,13
81237,121,126,-5,5
81238,78,88,-10,10
81239,97,93,4,4
81240,64,91,-27,27
81241,113,115,-2,2
81242,83,86,-3,3
81243,79,80,-1,1
81244,77,85,-8,8
81245,56,70,-14,14
81246,156,146,10,10
81247,134,123,11,11
81248,66,74,-8,8
81249,113,114,-1,1
81250,89,88,1,1
81251,95,103,-8,8
81252,98,99,-1,1
81253,137,140,-3,3
81254,113,104,9,9
81255,173,153,20,20
81256,122,119,3,3
81257,92,90,2,2
81258,142,129,13,13
81259,82,85,-3,3
81260,42,56,-14,14
81261,116,134,-18,18
81262,89,92,-3,3
81263,140,130,10,10
81264,130,106,24,24
81265,80,82,-2,2
81266,113,117,-4,4
81267,60,69,-9,9
81268,143,165,-22,22
81269,86,85,1,1
81270,126,118,8,8
81271,75,75,0,0
81272,120,113,7,7
81273,125,116,9,9
81274,195,178,17,17
81275,71,78,-7,7
81276,131,123,8,8
81277,111,108,3,3
81278,89,96,-7,7
81279,93,93,0,0
81280,80,84,-4,4
81281,80,80,0,0
81282,46,56,-10,10
81283,134,125,9,9
81284,83,83,0,0
81285,145,138,7,7
81286,80,83,-3,3
81287,82,79,3,3
81288,86,83,3,3
81289,62,76,-14,14
81290,46,61,-15,15
81291,112,108,4,4
81292,99,99,0,0
81293,145,129,16,16
81294,166,157,9,9
81295,45,60,-15,15
81296,126,107,19,19
81297,89,91,-2,2
81298,99,104,-5,5
81299,77,82,-5,5
81300,119,104,15,15
81301,93,109,-16,16
81302,102,107,-5,5
81303,62,71,-9,9
81304,57,65,-8,8
81305,63,74,-11,11
81306,56,69,-13,13
81307,137,129,8,8
81308,101,99,2,2
81309,90,85,5,5
81310,136,127,9,9
81311,70,74,-4,4
81312,81,85,-4,4
81313,66,72,-6,6
81314,93,94,-1,1
81315,73,75,-2,2
81316,90,89,1,1
81317,83,86,-3,3
81318,89,85,4,4
81319,103,107,-4,4
81320,105,99,6,6
81321,83,103,-20,20
81322,115,115,0,0
81323,99,103,-4,4
81324,85,91,-6,6
81325,73,84,-11,11
81326,80,89,-9,9
81327,49,66,-17,17
81328,80,85,-5,5
81329,63,73,-10,10
81330,33,48,-15,15
81331,178,175,3,3
81332,105,127,-22,22
81333,41,64,-23,23
81334,92,98,-6,6
81335,98,96,2,2
81336,71,79,-8,8
81337,30,29,1,1
81338,62,72,-10,10
81339,126,137,-11,11
81340,102,102,0,0
81341,122,120,2,2
81342,79,85,-6,6
81343,152,139,13,13
81344,159,139,20,20
81345,161,154,7,7
81346,71,71,0,0
81347,84,91,-7,7
81348,118,105,13,13
81349,73,78,-5,5
81350,118,116,2,2
81351,102,90,12,12
81352,69,84,-15,15
81353,101,95,6,6
81354,127,120,7,7
81355,84,82,2,2
81356,40,51,-11,11
81357,70,74,-4,4
81358,135,123,12,12
81359,77,82,-5,5
81360,78,84,-6,6
81361,70,77,-7,7
81362,73,83,-10,10
81363,85,85,0,0
81364,106,99,7,7
81365,151,139,12,12
81366,153,149,4,4
81367,133,119,14,14
81368,121,117,4,4
81369,110,107,3,3
81370,71,85,-14,14
81371,98,96,2,2
81372,126,128,-2,2
81373,86,92,-6,6
81374,77,81,-4,4
81375,198,170,28,28
81376,133,126,7,7
81377,124,125,-1,1
81378,90,88,2,2
81379,60,69,-9,9
81380,80,94,-14,14
81381,47,60,-13,13
81382,82,80,2,2
81383,119,99,20,20
81384,66,74,-8,8
81385,136,120,16,16
81386,141,128,13,13
81387,50,68,-18,18
81388,71,83,-12,12
81389,98,96,2,2
81390,121,105,16,16
81391,81,93,-12,12
81392,117,114,3,3
81393,112,109,3,3
81394,94,96,-2,2
81395,55,80,-25,25
81396,97,108,-11,11
81397,92,97,-5,5
81398,137,132,5,5
81399,54,63,-9,9
81400,140,133,7,7
81401,138,122,16,16
81402,85,85,0,0
81403,84,92,-8,8
81404,104,101,3,3
81405,113,110,3,3
81406,109,113,-4,4
81407,76,95,-19,19
81408,79,87,-8,8
81409,65,70,-5,5
81410,81,83,-2,2
81411,131,111,20,20
81412,204,174,30,30
81413,77,77,0,0
81414,161,143,18,18
81415,97,98,-1,1
81416,110,98,12,12
81417,76,82,-6,6
81418,70,74,-4,4
81419,122,122,0,0
81420,52,64,-12,12
81421,121,120,1,1
81422,89,93,-4,4
81423,99,91,8,8
81424,62,71,-9,9
81425,117,110,7,7
81426,92,100,-8,8
81427,169,159,10,10
81428,122,113,9,9
81429,88,95,-7,7
81430,94,92,2,2
81431,163,131,32,32
81432,72,76,-4,4
81433,87,96,-9,9
81434,104,113,-9,9
81435,51,63,-12,12
81436,57,63,-6,6
81437,149,138,11,11
81438,87,91,-4,4
81439,109,108,1,1
81440,120,112,8,8
81441,79,79,0,0
81442,129,122,7,7
81443,162,143,19,19
81444,133,127,6,6
81445,82,84,-2,2
81446,110,107,3,3
81447,180,155,25,25
81448,104,102,2,2
81449,134,123,11,11
81450,114,106,8,8
81451,130,136,-6,6
81452,94,98,-4,4
81453,182,159,23,23
81454,93,97,-4,4
81455,74,83,-9,9
81456,66,75,-9,9
81457,164,196,-32,32
81458,125,163,-38,38
81459,74,84,-10,10
81460,148,141,7,7
81461,69,78,-9,9
81462,98,95,3,3
81463,71,79,-8,8
81464,107,101,6,6
81465,133,120,13,13
81466,72,74,-2,2
81467,68,75,-7,7
81468,97,95,2,2
81469,185,151,34,34
81470,184,169,15,15
81471,106,111,-5,5
81472,143,140,3,3
81473,82,97,-15,15
81474,47,64,-17,17
81475,82,80,2,2
81476,97,86,11,11
81477,58,69,-11,11
81478,115,105,10,10
81479,137,120,17,17
81480,112,110,2,2
81481,101,98,3,3
81482,56,63,-7,7
81483,80,80,0,0
81484,79,84,-5,5
81485,186,157,29,29
81486,79,78,1,1
81487,80,77,3,3
81488,85,85,0,0
81489,123,111,12,12
81490,94,87,7,7
81491,71,87,-16,16
81492,83,88,-5,5
81493,45,60,-15,15
81494,120,139,-19,19
81495,165,150,15,15
81496,73,80,-7,7
81497,87,86,1,1
81498,80,87,-7,7
81499,132,134,-2,2
81500,82,82,0,0
81501,77,79,-2,2
81502,62,73,-11,11
81503,74,80,-6,6
81504,87,96,-9,9
81505,142,131,11,11
81506,119,110,9,9
81507,62,65,-3,3
