,original,predict,differ,abs
0,67,72,-5,5
1,58,62,-4,4
2,88,93,-5,5
3,183,165,18,18
4,81,79,2,2
5,88,91,-3,3
6,83,92,-9,9
7,183,215,-32,32
8,81,80,1,1
9,117,119,-2,2
10,64,60,4,4
11,59,67,-8,8
12,74,69,5,5
13,100,110,-10,10
14,103,101,2,2
15,66,66,0,0
16,97,95,2,2
17,120,111,9,9
18,79,79,0,0
19,110,115,-5,5
20,217,198,19,19
21,156,145,11,11
22,97,90,7,7
23,101,121,-20,20
24,82,73,9,9
25,127,116,11,11
26,112,109,3,3
27,191,162,29,29
28,48,60,-12,12
29,106,115,-9,9
30,133,129,4,4
31,57,62,-5,5
32,108,103,5,5
33,89,80,9,9
34,50,75,-25,25
35,62,55,7,7
36,102,100,2,2
37,55,61,-6,6
38,89,112,-23,23
39,96,104,-8,8
40,70,70,0,0
41,115,115,0,0
42,82,84,-2,2
43,102,104,-2,2
44,167,140,27,27
45,82,91,-9,9
46,118,128,-10,10
47,85,79,6,6
48,93,95,-2,2
49,111,97,14,14
50,77,75,2,2
51,136,126,10,10
52,109,97,12,12
53,85,96,-11,11
54,133,119,14,14
55,138,121,17,17
56,100,117,-17,17
57,130,125,5,5
58,96,102,-6,6
59,58,62,-4,4
60,115,112,3,3
61,73,79,-6,6
62,135,123,12,12
63,177,169,8,8
64,96,102,-6,6
65,77,82,-5,5
66,84,87,-3,3
67,105,95,10,10
68,193,178,15,15
69,143,141,2,2
70,111,106,5,5
71,104,95,9,9
72,265,253,12,12
73,88,95,-7,7
74,78,79,-1,1
75,58,61,-3,3
76,86,81,5,5
77,59,63,-4,4
78,139,137,2,2
79,96,95,1,1
80,90,91,-1,1
81,83,89,-6,6
82,133,126,7,7
83,141,134,7,7
84,72,66,6,6
85,75,72,3,3
86,43,62,-19,19
87,68,67,1,1
88,170,139,31,31
89,92,100,-8,8
90,64,92,-28,28
91,101,107,-6,6
92,82,76,6,6
93,81,74,7,7
94,75,76,-1,1
95,99,97,2,2
96,45,62,-17,17
97,186,177,9,9
98,127,140,-13,13
99,100,102,-2,2
100,66,64,2,2
101,129,113,16,16
102,107,113,-6,6
103,128,126,2,2
104,90,85,5,5
105,68,65,3,3
106,107,109,-2,2
107,90,89,1,1
108,89,96,-7,7
109,70,70,0,0
110,174,153,21,21
111,90,76,14,14
112,76,81,-5,5
113,67,63,4,4
114,76,91,-15,15
115,168,153,15,15
116,91,91,0,0
117,103,105,-2,2
118,91,93,-2,2
119,67,77,-10,10
120,118,120,-2,2
121,51,61,-10,10
122,76,81,-5,5
123,110,117,-7,7
124,99,96,3,3
125,96,100,-4,4
126,169,179,-10,10
127,89,97,-8,8
128,94,99,-5,5
129,123,127,-4,4
130,186,170,16,16
131,132,127,5,5
132,102,93,9,9
133,78,83,-5,5
134,129,116,13,13
135,116,102,14,14
136,136,126,10,10
137,131,129,2,2
138,105,104,1,1
139,69,70,-1,1
140,66,60,6,6
141,127,123,4,4
142,127,121,6,6
143,66,81,-15,15
144,112,125,-13,13
145,115,108,7,7
146,98,93,5,5
147,69,60,9,9
148,93,83,10,10
149,121,125,-4,4
150,92,97,-5,5
151,73,67,6,6
152,139,130,9,9
153,80,87,-7,7
154,89,95,-6,6
155,67,65,2,2
156,66,65,1,1
157,81,89,-8,8
158,59,63,-4,4
159,128,127,1,1
160,109,109,0,0
161,50,60,-10,10
162,74,67,7,7
163,80,86,-6,6
164,132,137,-5,5
165,51,62,-11,11
166,115,109,6,6
167,70,92,-22,22
168,159,144,15,15
169,151,148,3,3
170,94,111,-17,17
171,81,96,-15,15
172,77,83,-6,6
173,42,62,-20,20
174,135,132,3,3
175,106,99,7,7
176,50,62,-12,12
177,162,139,23,23
178,130,115,15,15
179,120,106,14,14
180,84,93,-9,9
181,76,88,-12,12
182,67,67,0,0
183,75,70,5,5
184,39,61,-22,22
185,119,106,13,13
186,55,63,-8,8
187,90,89,1,1
188,124,123,1,1
189,171,166,5,5
190,70,69,1,1
191,137,134,3,3
192,127,127,0,0
193,143,144,-1,1
194,195,156,39,39
195,112,106,6,6
196,43,62,-19,19
197,114,108,6,6
198,111,111,0,0
199,80,86,-6,6
200,128,110,18,18
201,176,168,8,8
202,64,61,3,3
203,142,131,11,11
204,100,94,6,6
205,63,62,1,1
206,145,130,15,15
207,101,99,2,2
208,78,70,8,8
209,98,95,3,3
210,147,142,5,5
211,50,61,-11,11
212,70,66,4,4
213,175,161,14,14
214,87,101,-14,14
215,87,80,7,7
216,108,118,-10,10
217,67,65,2,2
218,95,101,-6,6
219,89,97,-8,8
220,135,135,0,0
221,79,91,-12,12
222,43,61,-18,18
223,195,155,40,40
224,83,87,-4,4
225,81,92,-11,11
226,63,67,-4,4
227,119,113,6,6
228,98,98,0,0
229,44,60,-16,16
230,47,63,-16,16
231,87,68,19,19
232,90,84,6,6
233,62,64,-2,2
234,103,100,3,3
235,140,141,-1,1
236,114,112,2,2
237,57,69,-12,12
238,81,78,3,3
239,74,99,-25,25
240,61,72,-11,11
241,43,62,-19,19
242,55,62,-7,7
243,100,95,5,5
244,124,117,7,7
245,107,110,-3,3
246,121,121,0,0
247,86,96,-10,10
248,146,131,15,15
249,147,142,5,5
250,47,61,-14,14
251,124,114,10,10
252,89,94,-5,5
253,50,62,-12,12
254,110,112,-2,2
255,158,147,11,11
256,86,83,3,3
257,102,106,-4,4
258,107,112,-5,5
259,64,66,-2,2
260,136,127,9,9
261,125,110,15,15
262,115,103,12,12
263,71,67,4,4
264,80,84,-4,4
265,82,91,-9,9
266,79,81,-2,2
267,102,96,6,6
268,49,62,-13,13
269,109,109,0,0
270,52,62,-10,10
271,72,69,3,3
272,68,74,-6,6
273,151,149,2,2
274,112,109,3,3
275,97,122,-25,25
276,82,95,-13,13
277,72,75,-3,3
278,125,129,-4,4
279,128,127,1,1
280,94,98,-4,4
281,76,66,10,10
282,71,73,-2,2
283,112,110,2,2
284,75,72,3,3
285,77,72,5,5
286,78,69,9,9
287,89,85,4,4
288,88,82,6,6
289,97,99,-2,2
290,80,71,9,9
291,67,71,-4,4
292,83,90,-7,7
293,85,94,-9,9
294,76,70,6,6
295,64,65,-1,1
296,107,110,-3,3
297,141,158,-17,17
298,130,123,7,7
299,51,60,-9,9
300,66,61,5,5
301,75,75,0,0
302,186,170,16,16
303,86,80,6,6
304,141,136,5,5
305,83,80,3,3
306,85,85,0,0
307,148,134,14,14
308,87,88,-1,1
309,77,68,9,9
310,27,57,-30,30
311,88,96,-8,8
312,92,91,1,1
313,86,96,-10,10
314,135,129,6,6
315,77,68,9,9
316,73,70,3,3
317,133,139,-6,6
318,51,61,-10,10
319,125,118,7,7
320,98,108,-10,10
321,143,129,14,14
322,140,137,3,3
323,87,98,-11,11
324,89,75,14,14
325,69,70,-1,1
326,96,94,2,2
327,127,124,3,3
328,79,75,4,4
329,137,120,17,17
330,85,92,-7,7
331,84,92,-8,8
332,52,64,-12,12
333,77,77,0,0
334,78,89,-11,11
335,104,97,7,7
336,89,96,-7,7
337,89,66,23,23
338,56,62,-6,6
339,106,90,16,16
340,71,70,1,1
341,132,119,13,13
342,82,72,10,10
343,100,98,2,2
344,51,62,-11,11
345,66,62,4,4
346,85,76,9,9
347,112,111,1,1
348,34,61,-27,27
349,134,116,18,18
350,93,100,-7,7
351,114,128,-14,14
352,137,119,18,18
353,88,92,-4,4
354,108,112,-4,4
355,106,98,8,8
356,146,177,-31,31
357,54,63,-9,9
358,170,137,33,33
359,86,73,13,13
360,110,98,12,12
361,82,90,-8,8
362,101,97,4,4
363,64,69,-5,5
364,44,62,-18,18
365,84,85,-1,1
366,60,60,0,0
367,101,107,-6,6
368,120,108,12,12
369,60,60,0,0
370,130,123,7,7
371,41,61,-20,20
372,116,109,7,7
373,58,61,-3,3
374,77,75,2,2
375,96,99,-3,3
376,88,95,-7,7
377,103,101,2,2
378,35,140,-105,105
379,64,61,3,3
380,86,75,11,11
381,89,97,-8,8
382,108,104,4,4
383,116,106,10,10
384,82,83,-1,1
385,65,64,1,1
386,64,70,-6,6
387,134,126,8,8
388,65,68,-3,3
389,77,73,4,4
390,120,118,2,2
391,54,61,-7,7
392,90,93,-3,3
393,87,93,-6,6
394,97,95,2,2
395,17,56,-39,39
396,69,94,-25,25
397,31,62,-31,31
398,90,92,-2,2
399,104,109,-5,5
400,97,97,0,0
401,52,60,-8,8
402,81,82,-1,1
403,88,91,-3,3
404,150,145,5,5
405,103,114,-11,11
406,47,63,-16,16
407,119,115,4,4
408,107,110,-3,3
409,88,62,26,26
410,85,89,-4,4
411,95,100,-5,5
412,89,83,6,6
413,87,92,-5,5
414,148,127,21,21
415,98,97,1,1
416,148,144,4,4
417,77,83,-6,6
418,70,72,-2,2
419,64,63,1,1
420,110,126,-16,16
421,143,143,0,0
422,122,164,-42,42
423,82,83,-1,1
424,112,109,3,3
425,128,132,-4,4
426,148,140,8,8
427,80,78,2,2
428,56,74,-18,18
429,90,93,-3,3
430,110,107,3,3
431,88,98,-10,10
432,91,95,-4,4
433,99,99,0,0
434,122,113,9,9
435,66,64,2,2
436,106,99,7,7
437,65,61,4,4
438,164,144,20,20
439,68,65,3,3
440,48,65,-17,17
441,88,82,6,6
442,107,115,-8,8
443,58,61,-3,3
444,91,91,0,0
445,113,104,9,9
446,107,101,6,6
447,101,97,4,4
448,72,88,-16,16
449,134,128,6,6
450,87,92,-5,5
451,64,65,-1,1
452,72,67,5,5
453,146,144,2,2
454,110,113,-3,3
455,104,100,4,4
456,129,133,-4,4
457,134,138,-4,4
458,123,121,2,2
459,62,61,1,1
460,71,68,3,3
461,58,63,-5,5
462,88,87,1,1
463,134,128,6,6
464,81,79,2,2
465,77,96,-19,19
466,118,114,4,4
467,131,122,9,9
468,66,66,0,0
469,61,61,0,0
470,43,61,-18,18
471,121,119,2,2
472,101,109,-8,8
473,112,101,11,11
474,67,62,5,5
475,88,86,2,2
476,57,61,-4,4
477,93,85,8,8
478,77,60,17,17
479,57,62,-5,5
480,55,64,-9,9
481,68,70,-2,2
482,118,114,4,4
483,63,65,-2,2
484,110,111,-1,1
485,58,64,-6,6
486,119,108,11,11
487,110,137,-27,27
488,146,139,7,7
489,50,61,-11,11
490,104,103,1,1
491,136,126,10,10
492,145,144,1,1
493,110,102,8,8
494,124,126,-2,2
495,117,113,4,4
496,134,124,10,10
497,98,92,6,6
498,104,164,-60,60
499,78,80,-2,2
500,100,96,4,4
501,45,62,-17,17
502,108,111,-3,3
503,50,63,-13,13
504,69,76,-7,7
505,106,101,5,5
506,66,61,5,5
507,61,64,-3,3
508,96,97,-1,1
509,96,109,-13,13
510,53,62,-9,9
511,93,98,-5,5
512,80,71,9,9
513,73,73,0,0
514,70,77,-7,7
515,100,95,5,5
516,137,128,9,9
517,114,112,2,2
518,70,69,1,1
519,55,65,-10,10
520,108,106,2,2
521,138,130,8,8
522,95,97,-2,2
523,142,134,8,8
524,83,81,2,2
525,122,112,10,10
526,97,99,-2,2
527,56,62,-6,6
528,122,117,5,5
529,73,74,-1,1
530,69,63,6,6
531,95,101,-6,6
532,68,75,-7,7
533,95,93,2,2
534,78,94,-16,16
535,90,94,-4,4
536,106,104,2,2
537,42,61,-19,19
538,76,82,-6,6
539,157,159,-2,2
540,119,113,6,6
541,99,102,-3,3
542,61,66,-5,5
543,102,98,4,4
544,92,96,-4,4
545,124,111,13,13
546,82,89,-7,7
547,76,80,-4,4
548,67,70,-3,3
549,148,134,14,14
550,74,81,-7,7
551,66,68,-2,2
552,108,106,2,2
553,64,64,0,0
554,102,100,2,2
555,63,64,-1,1
556,66,62,4,4
557,74,68,6,6
558,74,71,3,3
559,67,66,1,1
560,86,99,-13,13
561,81,95,-14,14
562,90,96,-6,6
563,47,61,-14,14
564,68,78,-10,10
565,88,76,12,12
566,83,81,2,2
567,76,74,2,2
568,55,62,-7,7
569,100,107,-7,7
570,108,121,-13,13
571,178,158,20,20
572,80,79,1,1
573,82,90,-8,8
574,149,127,22,22
575,69,69,0,0
576,70,77,-7,7
577,90,105,-15,15
578,91,91,0,0
579,75,63,12,12
580,88,91,-3,3
581,134,121,13,13
582,49,62,-13,13
583,51,60,-9,9
584,113,114,-1,1
585,88,93,-5,5
586,53,61,-8,8
587,84,82,2,2
588,105,99,6,6
589,85,81,4,4
590,105,101,4,4
591,75,75,0,0
592,139,132,7,7
593,103,99,4,4
594,87,94,-7,7
595,65,75,-10,10
596,74,71,3,3
597,98,110,-12,12
598,110,104,6,6
599,112,110,2,2
600,88,92,-4,4
601,85,88,-3,3
602,55,61,-6,6
603,86,90,-4,4
604,124,121,3,3
605,114,113,1,1
606,57,62,-5,5
607,56,61,-5,5
608,78,71,7,7
609,122,133,-11,11
610,79,70,9,9
611,81,75,6,6
612,117,110,7,7
613,112,120,-8,8
614,95,101,-6,6
615,195,169,26,26
616,76,90,-14,14
617,104,103,1,1
618,112,107,5,5
619,103,109,-6,6
620,91,97,-6,6
621,105,98,7,7
622,127,108,19,19
623,60,63,-3,3
624,111,108,3,3
625,106,106,0,0
626,109,106,3,3
627,85,90,-5,5
628,67,73,-6,6
629,81,87,-6,6
630,83,90,-7,7
631,56,62,-6,6
632,92,92,0,0
633,71,82,-11,11
634,95,89,6,6
635,93,95,-2,2
636,144,140,4,4
637,53,58,-5,5
638,77,89,-12,12
639,71,70,1,1
640,95,102,-7,7
641,95,102,-7,7
642,61,61,0,0
643,141,125,16,16
644,133,122,11,11
645,94,92,2,2
646,112,112,0,0
647,84,85,-1,1
648,92,98,-6,6
649,84,91,-7,7
650,94,100,-6,6
651,72,73,-1,1
652,102,115,-13,13
653,61,62,-1,1
654,108,110,-2,2
655,105,105,0,0
656,85,94,-9,9
657,74,80,-6,6
658,50,61,-11,11
659,101,97,4,4
660,82,72,10,10
661,108,94,14,14
662,148,139,9,9
663,126,118,8,8
664,136,143,-7,7
665,75,75,0,0
666,36,61,-25,25
667,42,58,-16,16
668,69,63,6,6
669,126,118,8,8
670,109,99,10,10
671,90,92,-2,2
672,116,110,6,6
673,151,179,-28,28
674,147,137,10,10
675,52,94,-42,42
676,107,111,-4,4
677,90,92,-2,2
678,162,143,19,19
679,103,105,-2,2
680,150,131,19,19
681,62,92,-30,30
682,111,109,2,2
683,77,92,-15,15
684,166,163,3,3
685,151,151,0,0
686,116,114,2,2
687,79,80,-1,1
688,94,116,-22,22
689,110,111,-1,1
690,152,129,23,23
691,176,153,23,23
692,92,98,-6,6
693,156,141,15,15
694,92,97,-5,5
695,77,81,-4,4
696,32,60,-28,28
697,87,93,-6,6
698,108,107,1,1
699,104,95,9,9
700,70,68,2,2
701,66,58,8,8
702,118,114,4,4
703,65,66,-1,1
704,111,100,11,11
705,74,68,6,6
706,81,89,-8,8
707,88,83,5,5
708,87,92,-5,5
709,116,122,-6,6
710,47,62,-15,15
711,95,99,-4,4
712,44,62,-18,18
713,91,115,-24,24
714,83,86,-3,3
715,137,135,2,2
716,80,81,-1,1
717,147,129,18,18
718,119,125,-6,6
719,137,112,25,25
720,133,138,-5,5
721,89,94,-5,5
722,150,135,15,15
723,108,113,-5,5
724,96,80,16,16
725,88,89,-1,1
726,140,127,13,13
727,128,129,-1,1
728,53,61,-8,8
729,100,115,-15,15
730,58,68,-10,10
731,110,102,8,8
732,125,118,7,7
733,124,106,18,18
734,109,121,-12,12
735,122,121,1,1
736,95,95,0,0
737,93,97,-4,4
738,85,76,9,9
739,98,90,8,8
740,68,82,-14,14
741,48,63,-15,15
742,97,100,-3,3
743,81,83,-2,2
744,88,87,1,1
745,91,110,-19,19
746,64,62,2,2
747,204,184,20,20
748,114,110,4,4
749,185,149,36,36
750,75,73,2,2
751,70,63,7,7
752,145,139,6,6
753,87,88,-1,1
754,45,60,-15,15
755,73,73,0,0
756,125,125,0,0
757,60,61,-1,1
758,95,96,-1,1
759,119,99,20,20
760,76,71,5,5
761,56,60,-4,4
762,44,57,-13,13
763,98,101,-3,3
764,86,79,7,7
765,161,139,22,22
766,102,121,-19,19
767,103,103,0,0
768,69,71,-2,2
769,151,148,3,3
770,92,73,19,19
771,80,92,-12,12
772,87,92,-5,5
773,108,102,6,6
774,51,60,-9,9
775,110,107,3,3
776,64,62,2,2
777,73,68,5,5
778,92,91,1,1
779,93,93,0,0
780,103,101,2,2
781,49,59,-10,10
782,71,76,-5,5
783,70,65,5,5
784,67,64,3,3
785,100,99,1,1
786,93,100,-7,7
787,75,75,0,0
788,97,99,-2,2
789,84,91,-7,7
790,140,123,17,17
791,151,137,14,14
792,78,85,-7,7
793,79,86,-7,7
794,108,114,-6,6
795,95,119,-24,24
796,98,94,4,4
797,119,120,-1,1
798,83,99,-16,16
799,67,68,-1,1
800,64,64,0,0
801,102,100,2,2
802,75,77,-2,2
803,68,80,-12,12
804,78,78,0,0
805,53,62,-9,9
806,126,121,5,5
807,89,95,-6,6
808,85,99,-14,14
809,64,67,-3,3
810,85,85,0,0
811,74,70,4,4
812,66,66,0,0
813,79,71,8,8
814,125,108,17,17
815,119,111,8,8
816,26,62,-36,36
817,66,66,0,0
818,88,86,2,2
819,111,100,11,11
820,86,83,3,3
821,76,90,-14,14
822,86,83,3,3
823,145,130,15,15
824,46,61,-15,15
825,107,100,7,7
826,99,92,7,7
827,63,77,-14,14
828,68,68,0,0
829,100,92,8,8
830,110,123,-13,13
831,77,77,0,0
832,66,69,-3,3
833,64,67,-3,3
834,77,87,-10,10
835,144,138,6,6
836,106,102,4,4
837,93,112,-19,19
838,73,80,-7,7
839,103,108,-5,5
840,105,105,0,0
841,75,75,0,0
842,83,82,1,1
843,112,116,-4,4
844,156,142,14,14
845,156,139,17,17
846,77,83,-6,6
847,76,79,-3,3
848,95,96,-1,1
849,41,61,-20,20
850,106,115,-9,9
851,135,125,10,10
852,92,99,-7,7
853,91,98,-7,7
854,112,109,3,3
855,84,93,-9,9
856,77,69,8,8
857,29,62,-33,33
858,64,67,-3,3
859,143,124,19,19
860,59,63,-4,4
861,155,146,9,9
862,207,163,44,44
863,129,118,11,11
864,115,107,8,8
865,108,101,7,7
866,162,144,18,18
867,69,72,-3,3
868,62,71,-9,9
869,79,96,-17,17
870,57,59,-2,2
871,90,95,-5,5
872,98,96,2,2
873,108,105,3,3
874,80,101,-21,21
875,114,110,4,4
876,57,62,-5,5
877,41,120,-79,79
878,90,92,-2,2
879,84,67,17,17
880,87,91,-4,4
881,70,81,-11,11
882,109,109,0,0
883,76,74,2,2
884,62,59,3,3
885,83,77,6,6
886,124,128,-4,4
887,122,124,-2,2
888,55,60,-5,5
889,108,115,-7,7
890,109,112,-3,3
891,52,87,-35,35
892,134,116,18,18
893,60,61,-1,1
894,71,72,-1,1
895,123,117,6,6
896,60,61,-1,1
897,140,130,10,10
898,109,98,11,11
899,150,174,-24,24
900,74,78,-4,4
901,94,87,7,7
902,71,73,-2,2
903,139,134,5,5
904,87,100,-13,13
905,72,73,-1,1
906,53,62,-9,9
907,163,145,18,18
908,111,97,14,14
909,70,63,7,7
910,46,58,-12,12
911,138,133,5,5
912,127,121,6,6
913,70,77,-7,7
914,107,116,-9,9
915,64,61,3,3
916,69,81,-12,12
917,196,176,20,20
918,136,135,1,1
919,52,74,-22,22
920,79,86,-7,7
921,109,113,-4,4
922,78,81,-3,3
923,115,113,2,2
924,77,90,-13,13
925,110,105,5,5
926,74,71,3,3
927,49,60,-11,11
928,55,62,-7,7
929,145,129,16,16
930,119,112,7,7
931,96,95,1,1
932,196,177,19,19
933,72,75,-3,3
934,90,102,-12,12
935,62,103,-41,41
936,118,106,12,12
937,137,136,1,1
938,79,78,1,1
939,152,140,12,12
940,87,96,-9,9
941,112,108,4,4
942,62,66,-4,4
943,72,75,-3,3
944,109,107,2,2
945,83,86,-3,3
946,68,64,4,4
947,97,99,-2,2
948,59,63,-4,4
949,173,150,23,23
950,73,69,4,4
951,85,97,-12,12
952,62,63,-1,1
953,75,68,7,7
954,90,95,-5,5
955,93,99,-6,6
956,98,99,-1,1
957,116,110,6,6
958,50,62,-12,12
959,106,107,-1,1
960,114,107,7,7
961,98,94,4,4
962,184,172,12,12
963,69,71,-2,2
964,147,140,7,7
965,29,60,-31,31
966,108,115,-7,7
967,65,68,-3,3
968,96,101,-5,5
969,84,93,-9,9
970,70,67,3,3
971,162,148,14,14
972,112,113,-1,1
973,71,67,4,4
974,139,131,8,8
975,72,79,-7,7
976,68,69,-1,1
977,76,78,-2,2
978,87,97,-10,10
979,52,62,-10,10
980,115,112,3,3
981,161,143,18,18
982,88,79,9,9
983,107,103,4,4
984,84,79,5,5
985,90,91,-1,1
986,55,62,-7,7
987,138,127,11,11
988,90,92,-2,2
989,114,107,7,7
990,111,122,-11,11
991,44,62,-18,18
992,111,114,-3,3
993,128,109,19,19
994,98,97,1,1
995,93,90,3,3
996,74,70,4,4
997,130,127,3,3
998,82,94,-12,12
999,178,153,25,25
1000,42,62,-20,20
1001,96,95,1,1
1002,39,61,-22,22
1003,75,85,-10,10
1004,147,138,9,9
1005,102,106,-4,4
1006,212,181,31,31
1007,64,64,0,0
1008,91,93,-2,2
1009,39,61,-22,22
1010,92,103,-11,11
1011,159,145,14,14
1012,119,112,7,7
1013,128,124,4,4
1014,125,120,5,5
1015,63,67,-4,4
1016,117,114,3,3
1017,117,121,-4,4
1018,35,62,-27,27
1019,108,109,-1,1
1020,108,104,4,4
1021,77,76,1,1
1022,88,90,-2,2
1023,45,62,-17,17
1024,88,104,-16,16
1025,110,102,8,8
1026,93,91,2,2
1027,77,88,-11,11
1028,144,129,15,15
1029,63,66,-3,3
1030,56,60,-4,4
1031,143,129,14,14
1032,119,127,-8,8
1033,85,79,6,6
1034,94,97,-3,3
1035,115,121,-6,6
1036,117,116,1,1
1037,71,65,6,6
1038,79,81,-2,2
1039,119,104,15,15
1040,78,72,6,6
1041,101,113,-12,12
1042,89,99,-10,10
1043,91,97,-6,6
1044,112,108,4,4
1045,131,125,6,6
1046,43,63,-20,20
1047,162,150,12,12
1048,55,61,-6,6
1049,116,115,1,1
1050,49,61,-12,12
1051,88,84,4,4
1052,108,107,1,1
1053,72,65,7,7
1054,115,109,6,6
1055,55,61,-6,6
1056,146,134,12,12
1057,97,77,20,20
1058,81,82,-1,1
1059,146,128,18,18
1060,133,124,9,9
1061,62,65,-3,3
1062,148,138,10,10
1063,98,94,4,4
1064,81,70,11,11
1065,73,76,-3,3
1066,81,77,4,4
1067,148,137,11,11
1068,141,124,17,17
1069,56,64,-8,8
1070,123,119,4,4
1071,83,82,1,1
1072,117,116,1,1
1073,99,100,-1,1
1074,99,107,-8,8
1075,64,63,1,1
1076,92,92,0,0
1077,40,62,-22,22
1078,183,176,7,7
1079,44,58,-14,14
1080,115,112,3,3
1081,49,63,-14,14
1082,127,118,9,9
1083,155,147,8,8
1084,81,94,-13,13
1085,92,90,2,2
1086,74,63,11,11
1087,108,110,-2,2
1088,57,62,-5,5
1089,61,69,-8,8
1090,125,140,-15,15
1091,97,92,5,5
1092,60,111,-51,51
1093,78,75,3,3
1094,71,81,-10,10
1095,84,87,-3,3
1096,177,157,20,20
1097,80,77,3,3
1098,130,127,3,3
1099,81,90,-9,9
1100,88,126,-38,38
1101,56,62,-6,6
1102,149,138,11,11
1103,92,80,12,12
1104,90,93,-3,3
1105,45,59,-14,14
1106,63,71,-8,8
1107,92,96,-4,4
1108,124,123,1,1
1109,140,134,6,6
1110,122,130,-8,8
1111,47,61,-14,14
1112,67,70,-3,3
1113,199,172,27,27
1114,110,143,-33,33
1115,78,88,-10,10
1116,42,63,-21,21
1117,51,60,-9,9
1118,183,159,24,24
1119,160,153,7,7
1120,117,113,4,4
1121,70,71,-1,1
1122,90,84,6,6
1123,101,107,-6,6
1124,73,77,-4,4
1125,64,65,-1,1
1126,69,66,3,3
1127,98,99,-1,1
1128,121,116,5,5
1129,83,83,0,0
1130,170,160,10,10
1131,80,83,-3,3
1132,68,69,-1,1
1133,130,136,-6,6
1134,66,72,-6,6
1135,65,88,-23,23
1136,95,95,0,0
1137,99,100,-1,1
1138,95,116,-21,21
1139,174,157,17,17
1140,154,131,23,23
1141,121,109,12,12
1142,109,98,11,11
1143,87,105,-18,18
1144,61,59,2,2
1145,96,99,-3,3
1146,96,97,-1,1
1147,118,112,6,6
1148,97,94,3,3
1149,105,102,3,3
1150,87,85,2,2
1151,104,109,-5,5
1152,80,91,-11,11
1153,54,62,-8,8
1154,92,94,-2,2
1155,48,62,-14,14
1156,78,84,-6,6
1157,136,120,16,16
1158,139,124,15,15
1159,61,118,-57,57
1160,83,90,-7,7
1161,103,112,-9,9
1162,128,126,2,2
1163,131,124,7,7
1164,76,95,-19,19
1165,74,62,12,12
1166,135,129,6,6
1167,73,77,-4,4
1168,115,118,-3,3
1169,81,92,-11,11
1170,140,134,6,6
1171,69,73,-4,4
1172,46,61,-15,15
1173,109,106,3,3
1174,197,169,28,28
1175,111,120,-9,9
1176,100,100,0,0
1177,77,75,2,2
1178,66,70,-4,4
1179,67,67,0,0
1180,120,132,-12,12
1181,349,378,-29,29
1182,78,74,4,4
1183,118,122,-4,4
1184,51,60,-9,9
1185,82,90,-8,8
1186,49,62,-13,13
1187,72,69,3,3
1188,112,313,-201,201
1189,140,118,22,22
1190,69,64,5,5
1191,94,98,-4,4
1192,69,67,2,2
1193,96,102,-6,6
1194,77,124,-47,47
1195,92,103,-11,11
1196,141,141,0,0
1197,94,94,0,0
1198,92,82,10,10
1199,96,116,-20,20
1200,69,63,6,6
1201,35,62,-27,27
1202,78,73,5,5
1203,113,113,0,0
1204,99,94,5,5
1205,108,106,2,2
1206,118,110,8,8
1207,95,100,-5,5
1208,106,112,-6,6
1209,101,80,21,21
1210,77,93,-16,16
1211,97,94,3,3
1212,86,89,-3,3
1213,60,61,-1,1
1214,101,108,-7,7
1215,105,98,7,7
1216,73,76,-3,3
1217,90,90,0,0
1218,121,111,10,10
1219,80,89,-9,9
1220,85,96,-11,11
1221,158,149,9,9
1222,75,77,-2,2
1223,70,74,-4,4
1224,66,69,-3,3
1225,107,107,0,0
1226,182,168,14,14
1227,134,129,5,5
1228,103,99,4,4
1229,69,75,-6,6
1230,95,92,3,3
1231,33,63,-30,30
1232,58,61,-3,3
1233,63,67,-4,4
1234,115,102,13,13
1235,111,104,7,7
1236,128,113,15,15
1237,141,124,17,17
1238,50,62,-12,12
1239,129,114,15,15
1240,49,60,-11,11
1241,91,90,1,1
1242,131,119,12,12
1243,120,105,15,15
1244,91,95,-4,4
1245,108,108,0,0
1246,70,78,-8,8
1247,51,61,-10,10
1248,92,98,-6,6
1249,77,77,0,0
1250,149,133,16,16
1251,117,120,-3,3
1252,144,143,1,1
1253,82,71,11,11
1254,107,108,-1,1
1255,51,60,-9,9
1256,55,62,-7,7
1257,101,104,-3,3
1258,99,95,4,4
1259,114,104,10,10
1260,55,64,-9,9
1261,83,84,-1,1
1262,174,157,17,17
1263,136,125,11,11
1264,89,97,-8,8
1265,67,79,-12,12
1266,81,87,-6,6
1267,122,122,0,0
1268,74,81,-7,7
1269,149,159,-10,10
1270,62,67,-5,5
1271,64,72,-8,8
1272,85,92,-7,7
1273,163,138,25,25
1274,72,76,-4,4
1275,62,61,1,1
1276,50,61,-11,11
1277,57,63,-6,6
1278,82,94,-12,12
1279,58,62,-4,4
1280,51,62,-11,11
1281,63,66,-3,3
1282,125,144,-19,19
1283,78,85,-7,7
1284,57,61,-4,4
1285,65,65,0,0
1286,111,115,-4,4
1287,90,90,0,0
1288,107,106,1,1
1289,81,78,3,3
1290,133,113,20,20
1291,111,119,-8,8
1292,64,71,-7,7
1293,56,77,-21,21
1294,51,59,-8,8
1295,64,67,-3,3
1296,156,146,10,10
1297,96,106,-10,10
1298,94,93,1,1
1299,65,95,-30,30
1300,167,150,17,17
1301,44,60,-16,16
1302,255,214,41,41
1303,80,79,1,1
1304,142,129,13,13
1305,73,61,12,12
1306,114,105,9,9
1307,81,70,11,11
1308,66,67,-1,1
1309,91,95,-4,4
1310,106,97,9,9
1311,84,94,-10,10
1312,120,123,-3,3
1313,115,110,5,5
1314,130,122,8,8
1315,192,185,7,7
1316,150,137,13,13
1317,87,102,-15,15
1318,69,69,0,0
1319,170,168,2,2
1320,99,97,2,2
1321,72,81,-9,9
1322,106,100,6,6
1323,142,118,24,24
1324,44,61,-17,17
1325,87,96,-9,9
1326,72,82,-10,10
1327,116,105,11,11
1328,66,68,-2,2
1329,43,62,-19,19
1330,145,138,7,7
1331,92,93,-1,1
1332,86,93,-7,7
1333,87,96,-9,9
1334,71,65,6,6
1335,136,124,12,12
1336,73,77,-4,4
1337,81,89,-8,8
1338,65,60,5,5
1339,97,90,7,7
1340,61,61,0,0
1341,76,64,12,12
1342,55,61,-6,6
1343,100,96,4,4
1344,120,122,-2,2
1345,110,120,-10,10
1346,103,106,-3,3
1347,57,63,-6,6
1348,95,85,10,10
1349,82,91,-9,9
1350,105,111,-6,6
1351,68,70,-2,2
1352,177,156,21,21
1353,97,97,0,0
1354,150,127,23,23
1355,38,62,-24,24
1356,85,83,2,2
1357,79,83,-4,4
1358,78,84,-6,6
1359,98,98,0,0
1360,138,128,10,10
1361,92,85,7,7
1362,110,106,4,4
1363,135,136,-1,1
1364,96,100,-4,4
1365,107,100,7,7
1366,84,92,-8,8
1367,82,81,1,1
1368,87,109,-22,22
1369,58,63,-5,5
1370,55,61,-6,6
1371,69,74,-5,5
1372,193,171,22,22
1373,102,108,-6,6
1374,105,100,5,5
1375,74,93,-19,19
1376,122,148,-26,26
1377,85,85,0,0
1378,103,100,3,3
1379,139,129,10,10
1380,91,90,1,1
1381,84,97,-13,13
1382,155,138,17,17
1383,73,72,1,1
1384,141,128,13,13
1385,70,63,7,7
1386,93,92,1,1
1387,100,95,5,5
1388,96,95,1,1
1389,56,62,-6,6
1390,93,117,-24,24
1391,97,129,-32,32
1392,43,62,-19,19
1393,58,61,-3,3
1394,107,101,6,6
1395,118,112,6,6
1396,64,61,3,3
1397,114,100,14,14
1398,84,79,5,5
1399,68,68,0,0
1400,170,146,24,24
1401,121,119,2,2
1402,180,166,14,14
1403,81,85,-4,4
1404,131,118,13,13
1405,166,148,18,18
1406,83,89,-6,6
1407,107,97,10,10
1408,95,99,-4,4
1409,88,79,9,9
1410,149,133,16,16
1411,160,150,10,10
1412,112,111,1,1
1413,145,138,7,7
1414,38,62,-24,24
1415,104,100,4,4
1416,125,128,-3,3
1417,86,88,-2,2
1418,105,101,4,4
1419,44,61,-17,17
1420,116,104,12,12
1421,136,125,11,11
1422,149,133,16,16
1423,135,108,27,27
1424,51,65,-14,14
1425,94,104,-10,10
1426,88,100,-12,12
1427,128,126,2,2
1428,148,137,11,11
1429,103,112,-9,9
1430,59,60,-1,1
1431,75,76,-1,1
1432,83,84,-1,1
1433,73,71,2,2
1434,75,97,-22,22
1435,74,81,-7,7
1436,85,89,-4,4
1437,74,65,9,9
1438,99,100,-1,1
1439,122,130,-8,8
1440,130,128,2,2
1441,61,64,-3,3
1442,48,60,-12,12
1443,111,114,-3,3
1444,58,61,-3,3
1445,61,76,-15,15
1446,129,123,6,6
1447,55,62,-7,7
1448,159,144,15,15
1449,81,88,-7,7
1450,44,61,-17,17
1451,64,60,4,4
1452,105,99,6,6
1453,131,130,1,1
1454,188,170,18,18
1455,107,101,6,6
1456,74,79,-5,5
1457,155,164,-9,9
1458,93,91,2,2
1459,125,122,3,3
1460,113,115,-2,2
1461,81,78,3,3
1462,73,71,2,2
1463,78,72,6,6
1464,124,109,15,15
1465,68,73,-5,5
1466,90,96,-6,6
1467,108,99,9,9
1468,73,72,1,1
1469,92,93,-1,1
1470,118,116,2,2
1471,70,62,8,8
1472,98,101,-3,3
1473,70,64,6,6
1474,72,73,-1,1
1475,107,97,10,10
1476,112,109,3,3
1477,118,114,4,4
1478,86,90,-4,4
1479,114,98,16,16
1480,121,111,10,10
1481,120,107,13,13
1482,275,212,63,63
1483,98,92,6,6
1484,95,108,-13,13
1485,80,77,3,3
1486,126,125,1,1
1487,98,98,0,0
1488,133,142,-9,9
1489,61,64,-3,3
1490,129,117,12,12
1491,117,113,4,4
1492,54,77,-23,23
1493,54,59,-5,5
1494,48,62,-14,14
1495,85,83,2,2
1496,56,75,-19,19
1497,77,92,-15,15
1498,140,125,15,15
1499,69,70,-1,1
1500,88,98,-10,10
1501,107,107,0,0
1502,81,83,-2,2
1503,134,118,16,16
1504,80,90,-10,10
1505,121,112,9,9
1506,111,107,4,4
1507,72,78,-6,6
1508,155,151,4,4
1509,61,63,-2,2
1510,70,77,-7,7
1511,55,62,-7,7
1512,74,74,0,0
1513,151,139,12,12
1514,38,61,-23,23
1515,164,177,-13,13
1516,66,75,-9,9
1517,58,60,-2,2
1518,66,72,-6,6
1519,116,103,13,13
1520,71,92,-21,21
1521,99,102,-3,3
1522,108,119,-11,11
1523,77,84,-7,7
1524,56,61,-5,5
1525,126,112,14,14
1526,117,112,5,5
1527,71,65,6,6
1528,80,74,6,6
1529,69,67,2,2
1530,76,78,-2,2
1531,137,125,12,12
1532,184,162,22,22
1533,131,120,11,11
1534,149,133,16,16
1535,95,96,-1,1
1536,122,117,5,5
1537,54,61,-7,7
1538,88,94,-6,6
1539,83,92,-9,9
1540,69,74,-5,5
1541,87,105,-18,18
1542,156,147,9,9
1543,118,119,-1,1
1544,55,61,-6,6
1545,83,87,-4,4
1546,81,95,-14,14
1547,101,111,-10,10
1548,73,72,1,1
1549,105,105,0,0
1550,82,89,-7,7
1551,65,64,1,1
1552,78,77,1,1
1553,115,110,5,5
1554,133,120,13,13
1555,58,64,-6,6
1556,108,111,-3,3
1557,128,132,-4,4
1558,136,117,19,19
1559,37,60,-23,23
1560,95,102,-7,7
1561,121,115,6,6
1562,87,86,1,1
1563,100,119,-19,19
1564,89,89,0,0
1565,126,127,-1,1
1566,109,116,-7,7
1567,103,105,-2,2
1568,150,134,16,16
1569,94,123,-29,29
1570,148,151,-3,3
1571,60,63,-3,3
1572,70,69,1,1
1573,131,127,4,4
1574,70,65,5,5
1575,95,100,-5,5
1576,66,74,-8,8
1577,86,77,9,9
1578,91,88,3,3
1579,75,88,-13,13
1580,46,62,-16,16
1581,100,103,-3,3
1582,98,95,3,3
1583,92,86,6,6
1584,112,104,8,8
1585,167,149,18,18
1586,90,98,-8,8
1587,109,104,5,5
1588,93,109,-16,16
1589,61,64,-3,3
1590,123,117,6,6
1591,93,98,-5,5
1592,74,65,9,9
1593,36,60,-24,24
1594,89,88,1,1
1595,144,147,-3,3
1596,80,80,0,0
1597,114,113,1,1
1598,106,109,-3,3
1599,57,63,-6,6
1600,70,80,-10,10
1601,112,111,1,1
1602,92,86,6,6
1603,106,102,4,4
1604,122,124,-2,2
1605,128,130,-2,2
1606,109,107,2,2
1607,75,73,2,2
1608,120,114,6,6
1609,60,62,-2,2
1610,137,123,14,14
1611,78,83,-5,5
1612,93,111,-18,18
1613,91,92,-1,1
1614,84,89,-5,5
1615,137,132,5,5
1616,43,63,-20,20
1617,74,65,9,9
1618,77,71,6,6
1619,114,125,-11,11
1620,104,94,10,10
1621,101,109,-8,8
1622,43,61,-18,18
1623,106,105,1,1
1624,90,91,-1,1
1625,114,118,-4,4
1626,82,69,13,13
1627,62,68,-6,6
1628,112,107,5,5
1629,46,62,-16,16
1630,104,93,11,11
1631,106,102,4,4
1632,62,61,1,1
1633,123,118,5,5
1634,95,99,-4,4
1635,64,71,-7,7
1636,76,82,-6,6
1637,104,102,2,2
1638,126,116,10,10
1639,144,136,8,8
1640,119,119,0,0
1641,74,69,5,5
1642,51,62,-11,11
1643,91,96,-5,5
1644,86,96,-10,10
1645,95,87,8,8
1646,72,74,-2,2
1647,162,148,14,14
1648,87,90,-3,3
1649,91,96,-5,5
1650,122,142,-20,20
1651,70,69,1,1
1652,106,116,-10,10
1653,89,101,-12,12
1654,59,61,-2,2
1655,44,61,-17,17
1656,74,64,10,10
1657,77,79,-2,2
1658,135,120,15,15
1659,107,103,4,4
1660,64,63,1,1
1661,52,67,-15,15
1662,61,62,-1,1
1663,74,76,-2,2
1664,87,104,-17,17
1665,106,102,4,4
1666,64,62,2,2
1667,70,75,-5,5
1668,77,82,-5,5
1669,62,65,-3,3
1670,67,64,3,3
1671,109,106,3,3
1672,118,115,3,3
1673,74,82,-8,8
1674,100,102,-2,2
1675,83,101,-18,18
1676,83,73,10,10
1677,121,112,9,9
1678,79,87,-8,8
1679,46,62,-16,16
1680,92,84,8,8
1681,102,100,2,2
1682,103,97,6,6
1683,64,61,3,3
1684,101,97,4,4
1685,105,102,3,3
1686,55,61,-6,6
1687,66,61,5,5
1688,60,63,-3,3
1689,62,65,-3,3
1690,150,144,6,6
1691,84,94,-10,10
1692,98,107,-9,9
1693,59,63,-4,4
1694,57,62,-5,5
1695,88,125,-37,37
1696,146,142,4,4
1697,58,61,-3,3
1698,73,68,5,5
1699,192,171,21,21
1700,58,63,-5,5
1701,97,93,4,4
1702,84,85,-1,1
1703,149,136,13,13
1704,162,137,25,25
1705,53,64,-11,11
1706,48,62,-14,14
1707,103,111,-8,8
1708,64,67,-3,3
1709,85,83,2,2
1710,64,66,-2,2
1711,73,70,3,3
1712,72,67,5,5
1713,136,126,10,10
1714,103,100,3,3
1715,161,144,17,17
1716,89,91,-2,2
1717,102,97,5,5
1718,66,128,-62,62
1719,87,84,3,3
1720,101,99,2,2
1721,90,97,-7,7
1722,108,110,-2,2
1723,59,63,-4,4
1724,118,109,9,9
1725,56,61,-5,5
1726,195,174,21,21
1727,70,66,4,4
1728,90,95,-5,5
1729,108,110,-2,2
1730,118,131,-13,13
1731,74,78,-4,4
1732,115,109,6,6
1733,31,61,-30,30
1734,121,123,-2,2
1735,43,62,-19,19
1736,78,73,5,5
1737,63,63,0,0
1738,57,61,-4,4
1739,53,61,-8,8
1740,63,67,-4,4
1741,88,91,-3,3
1742,80,92,-12,12
1743,133,135,-2,2
1744,90,84,6,6
1745,130,129,1,1
1746,70,71,-1,1
1747,169,146,23,23
1748,45,61,-16,16
1749,171,156,15,15
1750,84,84,0,0
1751,95,100,-5,5
1752,73,76,-3,3
1753,59,62,-3,3
1754,82,92,-10,10
1755,101,98,3,3
1756,77,91,-14,14
1757,57,65,-8,8
1758,97,96,1,1
1759,69,69,0,0
1760,82,66,16,16
1761,60,80,-20,20
1762,70,69,1,1
1763,79,83,-4,4
1764,127,124,3,3
1765,92,106,-14,14
1766,119,120,-1,1
1767,59,63,-4,4
1768,66,74,-8,8
1769,44,61,-17,17
1770,46,60,-14,14
1771,129,112,17,17
1772,93,86,7,7
1773,98,123,-25,25
1774,89,92,-3,3
1775,74,72,2,2
1776,96,97,-1,1
1777,103,98,5,5
1778,84,93,-9,9
1779,75,76,-1,1
1780,167,146,21,21
1781,85,90,-5,5
1782,108,125,-17,17
1783,59,62,-3,3
1784,101,102,-1,1
1785,76,74,2,2
1786,118,114,4,4
1787,67,68,-1,1
1788,53,64,-11,11
1789,108,106,2,2
1790,103,106,-3,3
1791,130,136,-6,6
1792,83,88,-5,5
1793,52,65,-13,13
1794,79,91,-12,12
1795,80,88,-8,8
1796,88,68,20,20
1797,55,62,-7,7
1798,53,61,-8,8
1799,116,108,8,8
1800,103,100,3,3
1801,73,82,-9,9
1802,72,73,-1,1
1803,155,140,15,15
1804,205,192,13,13
1805,55,62,-7,7
1806,119,116,3,3
1807,93,92,1,1
1808,81,88,-7,7
1809,93,93,0,0
1810,121,119,2,2
1811,62,62,0,0
1812,61,67,-6,6
1813,113,111,2,2
1814,79,78,1,1
1815,130,130,0,0
1816,68,76,-8,8
1817,81,81,0,0
1818,114,103,11,11
1819,101,88,13,13
1820,63,61,2,2
1821,87,110,-23,23
1822,117,115,2,2
1823,114,115,-1,1
1824,109,106,3,3
1825,96,93,3,3
1826,54,61,-7,7
1827,132,124,8,8
1828,85,109,-24,24
1829,70,65,5,5
1830,60,61,-1,1
1831,68,66,2,2
1832,48,61,-13,13
1833,75,81,-6,6
1834,126,118,8,8
1835,106,101,5,5
1836,60,62,-2,2
1837,70,62,8,8
1838,52,62,-10,10
1839,86,78,8,8
1840,74,69,5,5
1841,118,108,10,10
1842,43,62,-19,19
1843,207,202,5,5
1844,97,92,5,5
1845,78,75,3,3
1846,100,103,-3,3
1847,108,106,2,2
1848,73,70,3,3
1849,151,135,16,16
1850,45,61,-16,16
1851,81,81,0,0
1852,68,69,-1,1
1853,140,145,-5,5
1854,121,111,10,10
1855,88,104,-16,16
1856,42,62,-20,20
1857,76,79,-3,3
1858,89,89,0,0
1859,61,61,0,0
1860,98,94,4,4
1861,78,84,-6,6
1862,54,62,-8,8
1863,128,142,-14,14
1864,160,147,13,13
1865,65,67,-2,2
1866,109,105,4,4
1867,149,150,-1,1
1868,112,105,7,7
1869,78,73,5,5
1870,61,62,-1,1
1871,82,75,7,7
1872,54,60,-6,6
1873,45,62,-17,17
1874,102,99,3,3
1875,92,96,-4,4
1876,121,116,5,5
1877,119,117,2,2
1878,84,80,4,4
1879,99,108,-9,9
1880,116,116,0,0
1881,119,112,7,7
1882,157,147,10,10
1883,119,106,13,13
1884,92,89,3,3
1885,60,66,-6,6
1886,101,102,-1,1
1887,90,96,-6,6
1888,132,135,-3,3
1889,156,153,3,3
1890,101,100,1,1
1891,88,84,4,4
1892,141,119,22,22
1893,56,61,-5,5
1894,85,76,9,9
1895,182,160,22,22
1896,127,110,17,17
1897,76,74,2,2
1898,83,81,2,2
1899,59,62,-3,3
1900,33,63,-30,30
1901,38,61,-23,23
1902,90,81,9,9
1903,87,103,-16,16
1904,81,92,-11,11
1905,123,123,0,0
1906,111,111,0,0
1907,207,207,0,0
1908,140,133,7,7
1909,90,91,-1,1
1910,67,70,-3,3
1911,102,127,-25,25
1912,65,64,1,1
1913,81,86,-5,5
1914,75,75,0,0
1915,93,97,-4,4
1916,87,106,-19,19
1917,183,155,28,28
1918,95,98,-3,3
1919,200,187,13,13
1920,95,96,-1,1
1921,199,173,26,26
1922,87,58,29,29
1923,56,61,-5,5
1924,55,65,-10,10
1925,90,99,-9,9
1926,64,71,-7,7
1927,57,63,-6,6
1928,179,182,-3,3
1929,78,76,2,2
1930,54,62,-8,8
1931,112,106,6,6
1932,69,92,-23,23
1933,73,81,-8,8
1934,64,67,-3,3
1935,65,69,-4,4
1936,63,62,1,1
1937,159,141,18,18
1938,71,75,-4,4
1939,90,90,0,0
1940,116,110,6,6
1941,110,106,4,4
1942,80,85,-5,5
1943,116,123,-7,7
1944,101,107,-6,6
1945,145,136,9,9
1946,144,136,8,8
1947,163,148,15,15
1948,115,121,-6,6
1949,115,122,-7,7
1950,102,112,-10,10
1951,105,114,-9,9
1952,61,61,0,0
1953,74,75,-1,1
1954,88,92,-4,4
1955,86,83,3,3
1956,98,100,-2,2
1957,113,109,4,4
1958,82,81,1,1
1959,124,109,15,15
1960,76,71,5,5
1961,137,133,4,4
1962,88,99,-11,11
1963,130,119,11,11
1964,75,66,9,9
1965,97,87,10,10
1966,114,118,-4,4
1967,92,92,0,0
1968,106,105,1,1
1969,89,95,-6,6
1970,72,96,-24,24
1971,92,95,-3,3
1972,66,68,-2,2
1973,26,62,-36,36
1974,106,101,5,5
1975,82,92,-10,10
1976,112,111,1,1
1977,94,92,2,2
1978,106,105,1,1
1979,114,108,6,6
1980,85,102,-17,17
1981,144,147,-3,3
1982,137,122,15,15
1983,56,65,-9,9
1984,62,62,0,0
1985,65,69,-4,4
1986,71,78,-7,7
1987,78,91,-13,13
1988,66,62,4,4
1989,106,110,-4,4
1990,74,112,-38,38
1991,46,125,-79,79
1992,140,123,17,17
1993,129,122,7,7
1994,83,92,-9,9
1995,81,89,-8,8
1996,49,62,-13,13
1997,124,116,8,8
1998,42,60,-18,18
1999,89,90,-1,1
2000,101,99,2,2
2001,184,188,-4,4
2002,113,109,4,4
2003,212,193,19,19
2004,120,109,11,11
2005,95,96,-1,1
2006,120,116,4,4
2007,97,95,2,2
2008,72,71,1,1
2009,80,66,14,14
2010,87,98,-11,11
2011,100,99,1,1
2012,185,169,16,16
2013,90,93,-3,3
2014,77,82,-5,5
2015,67,68,-1,1
2016,63,67,-4,4
2017,74,73,1,1
2018,104,102,2,2
2019,129,124,5,5
2020,73,68,5,5
2021,128,116,12,12
2022,64,64,0,0
2023,88,78,10,10
2024,47,61,-14,14
2025,68,62,6,6
2026,75,68,7,7
2027,75,71,4,4
2028,80,86,-6,6
2029,61,65,-4,4
2030,74,73,1,1
2031,79,87,-8,8
2032,62,69,-7,7
2033,121,123,-2,2
2034,77,79,-2,2
2035,104,115,-11,11
2036,116,110,6,6
2037,61,75,-14,14
2038,86,84,2,2
2039,83,102,-19,19
2040,119,124,-5,5
2041,109,113,-4,4
2042,83,96,-13,13
2043,66,69,-3,3
2044,112,112,0,0
2045,110,109,1,1
2046,115,125,-10,10
2047,97,97,0,0
2048,115,112,3,3
2049,78,89,-11,11
2050,58,63,-5,5
2051,98,103,-5,5
2052,104,101,3,3
2053,109,101,8,8
2054,143,130,13,13
2055,98,98,0,0
2056,56,65,-9,9
2057,61,60,1,1
2058,86,84,2,2
2059,73,74,-1,1
2060,101,100,1,1
2061,165,146,19,19
2062,64,65,-1,1
2063,62,60,2,2
2064,68,67,1,1
2065,101,105,-4,4
2066,72,83,-11,11
2067,56,62,-6,6
2068,109,101,8,8
2069,63,62,1,1
2070,48,61,-13,13
2071,134,129,5,5
2072,91,101,-10,10
2073,80,85,-5,5
2074,112,109,3,3
2075,49,62,-13,13
2076,91,89,2,2
2077,75,84,-9,9
2078,86,72,14,14
2079,142,128,14,14
2080,79,72,7,7
2081,122,127,-5,5
2082,139,134,5,5
2083,79,67,12,12
2084,184,159,25,25
2085,134,160,-26,26
2086,99,96,3,3
2087,59,68,-9,9
2088,77,83,-6,6
2089,84,85,-1,1
2090,116,118,-2,2
2091,41,60,-19,19
2092,70,78,-8,8
2093,39,60,-21,21
2094,82,90,-8,8
2095,58,62,-4,4
2096,166,160,6,6
2097,71,72,-1,1
2098,119,111,8,8
2099,92,99,-7,7
2100,116,116,0,0
2101,121,113,8,8
2102,106,102,4,4
2103,82,83,-1,1
2104,137,128,9,9
2105,113,115,-2,2
2106,84,92,-8,8
2107,136,121,15,15
2108,57,60,-3,3
2109,142,129,13,13
2110,55,61,-6,6
2111,82,86,-4,4
2112,208,185,23,23
2113,101,90,11,11
2114,156,156,0,0
2115,175,155,20,20
2116,137,118,19,19
2117,105,120,-15,15
2118,84,91,-7,7
2119,78,84,-6,6
2120,115,106,9,9
2121,74,70,4,4
2122,67,65,2,2
2123,46,60,-14,14
2124,123,119,4,4
2125,68,64,4,4
2126,110,122,-12,12
2127,95,95,0,0
2128,77,90,-13,13
2129,86,96,-10,10
2130,62,60,2,2
2131,91,91,0,0
2132,76,83,-7,7
2133,92,75,17,17
2134,98,94,4,4
2135,108,106,2,2
2136,142,130,12,12
2137,111,91,20,20
2138,96,99,-3,3
2139,86,90,-4,4
2140,138,128,10,10
2141,89,94,-5,5
2142,149,137,12,12
2143,82,90,-8,8
2144,135,129,6,6
2145,94,94,0,0
2146,79,82,-3,3
2147,84,90,-6,6
2148,44,81,-37,37
2149,46,60,-14,14
2150,96,95,1,1
2151,114,109,5,5
2152,57,64,-7,7
2153,79,77,2,2
2154,78,105,-27,27
2155,117,138,-21,21
2156,98,95,3,3
2157,57,60,-3,3
2158,99,95,4,4
2159,97,96,1,1
2160,98,93,5,5
2161,70,67,3,3
2162,102,107,-5,5
2163,82,91,-9,9
2164,81,83,-2,2
2165,69,72,-3,3
2166,66,62,4,4
2167,97,90,7,7
2168,86,92,-6,6
2169,58,62,-4,4
2170,83,98,-15,15
2171,78,84,-6,6
2172,64,62,2,2
2173,127,106,21,21
2174,73,60,13,13
2175,70,82,-12,12
2176,93,101,-8,8
2177,116,113,3,3
2178,103,93,10,10
2179,44,64,-20,20
2180,84,97,-13,13
2181,116,101,15,15
2182,102,121,-19,19
2183,56,63,-7,7
2184,117,111,6,6
2185,111,113,-2,2
2186,82,93,-11,11
2187,115,108,7,7
2188,96,106,-10,10
2189,137,116,21,21
2190,111,136,-25,25
2191,63,72,-9,9
2192,65,62,3,3
2193,57,62,-5,5
2194,82,72,10,10
2195,64,85,-21,21
2196,100,102,-2,2
2197,68,64,4,4
2198,57,61,-4,4
2199,76,69,7,7
2200,138,132,6,6
2201,61,67,-6,6
2202,80,91,-11,11
2203,98,102,-4,4
2204,137,135,2,2
2205,101,98,3,3
2206,122,119,3,3
2207,75,85,-10,10
2208,118,112,6,6
2209,87,97,-10,10
2210,116,125,-9,9
2211,97,98,-1,1
2212,147,156,-9,9
2213,74,68,6,6
2214,55,61,-6,6
2215,110,101,9,9
2216,93,95,-2,2
2217,64,71,-7,7
2218,105,113,-8,8
2219,70,101,-31,31
2220,92,90,2,2
2221,63,63,0,0
2222,93,95,-2,2
2223,60,85,-25,25
2224,82,84,-2,2
2225,108,105,3,3
2226,118,115,3,3
2227,167,157,10,10
2228,112,110,2,2
2229,85,92,-7,7
2230,77,96,-19,19
2231,105,108,-3,3
2232,144,137,7,7
2233,159,174,-15,15
2234,68,66,2,2
2235,42,62,-20,20
2236,111,123,-12,12
2237,67,76,-9,9
2238,135,122,13,13
2239,45,61,-16,16
2240,79,83,-4,4
2241,117,120,-3,3
2242,94,95,-1,1
2243,44,107,-63,63
2244,94,105,-11,11
2245,140,126,14,14
2246,98,96,2,2
2247,66,72,-6,6
2248,63,65,-2,2
2249,65,71,-6,6
2250,104,109,-5,5
2251,92,98,-6,6
2252,86,91,-5,5
2253,81,84,-3,3
2254,77,95,-18,18
2255,78,80,-2,2
2256,48,62,-14,14
2257,39,61,-22,22
2258,47,62,-15,15
2259,94,105,-11,11
2260,161,150,11,11
2261,72,62,10,10
2262,35,62,-27,27
2263,89,102,-13,13
2264,69,95,-26,26
2265,102,107,-5,5
2266,79,100,-21,21
2267,107,100,7,7
2268,111,125,-14,14
2269,95,99,-4,4
2270,102,104,-2,2
2271,89,97,-8,8
2272,65,64,1,1
2273,108,106,2,2
2274,57,69,-12,12
2275,103,103,0,0
2276,151,129,22,22
2277,184,161,23,23
2278,78,77,1,1
2279,185,156,29,29
2280,63,69,-6,6
2281,131,125,6,6
2282,155,134,21,21
2283,87,84,3,3
2284,136,127,9,9
2285,104,106,-2,2
2286,54,61,-7,7
2287,107,108,-1,1
2288,64,63,1,1
2289,68,69,-1,1
2290,90,96,-6,6
2291,65,71,-6,6
2292,86,97,-11,11
2293,78,79,-1,1
2294,72,64,8,8
2295,50,62,-12,12
2296,107,106,1,1
2297,101,231,-130,130
2298,104,101,3,3
2299,47,62,-15,15
2300,87,86,1,1
2301,102,107,-5,5
2302,103,96,7,7
2303,62,59,3,3
2304,57,62,-5,5
2305,68,72,-4,4
2306,109,109,0,0
2307,80,91,-11,11
2308,76,82,-6,6
2309,97,101,-4,4
2310,83,78,5,5
2311,116,111,5,5
2312,72,69,3,3
2313,49,60,-11,11
2314,108,113,-5,5
2315,106,99,7,7
2316,135,121,14,14
2317,115,119,-4,4
2318,111,100,11,11
2319,95,91,4,4
2320,56,66,-10,10
2321,154,130,24,24
2322,106,104,2,2
2323,71,72,-1,1
2324,92,90,2,2
2325,96,90,6,6
2326,75,79,-4,4
2327,127,111,16,16
2328,66,70,-4,4
2329,78,77,1,1
2330,148,142,6,6
2331,95,95,0,0
2332,145,122,23,23
2333,80,90,-10,10
2334,48,62,-14,14
2335,73,86,-13,13
2336,128,133,-5,5
2337,38,62,-24,24
2338,180,166,14,14
2339,63,65,-2,2
2340,60,62,-2,2
2341,149,145,4,4
2342,97,101,-4,4
2343,57,63,-6,6
2344,158,135,23,23
2345,85,93,-8,8
2346,83,76,7,7
2347,145,132,13,13
2348,76,77,-1,1
2349,107,103,4,4
2350,177,159,18,18
2351,106,97,9,9
2352,73,74,-1,1
2353,43,60,-17,17
2354,141,120,21,21
2355,100,104,-4,4
2356,81,100,-19,19
2357,267,224,43,43
2358,69,68,1,1
2359,114,113,1,1
2360,110,111,-1,1
2361,107,110,-3,3
2362,95,91,4,4
2363,92,89,3,3
2364,166,147,19,19
2365,83,92,-9,9
2366,140,134,6,6
2367,102,98,4,4
2368,82,91,-9,9
2369,88,96,-8,8
2370,129,109,20,20
2371,171,181,-10,10
2372,53,62,-9,9
2373,139,118,21,21
2374,131,117,14,14
2375,137,121,16,16
2376,65,65,0,0
2377,83,88,-5,5
2378,191,184,7,7
2379,65,59,6,6
2380,197,179,18,18
2381,101,99,2,2
2382,147,135,12,12
2383,159,150,9,9
2384,46,62,-16,16
2385,151,142,9,9
2386,104,100,4,4
2387,132,134,-2,2
2388,67,66,1,1
2389,80,78,2,2
2390,198,178,20,20
2391,116,127,-11,11
2392,72,108,-36,36
2393,152,133,19,19
2394,63,75,-12,12
2395,61,64,-3,3
2396,112,108,4,4
2397,96,93,3,3
2398,90,87,3,3
2399,118,118,0,0
2400,102,105,-3,3
2401,65,65,0,0
2402,93,98,-5,5
2403,64,65,-1,1
2404,88,139,-51,51
2405,116,109,7,7
2406,94,113,-19,19
2407,96,106,-10,10
2408,83,106,-23,23
2409,125,124,1,1
2410,71,62,9,9
2411,147,154,-7,7
2412,117,117,0,0
2413,125,124,1,1
2414,65,63,2,2
2415,69,77,-8,8
2416,72,72,0,0
2417,80,86,-6,6
2418,73,69,4,4
2419,62,64,-2,2
2420,126,121,5,5
2421,56,59,-3,3
2422,90,100,-10,10
2423,95,102,-7,7
2424,67,72,-5,5
2425,37,62,-25,25
2426,128,118,10,10
2427,63,64,-1,1
2428,32,58,-26,26
2429,63,61,2,2
2430,42,61,-19,19
2431,90,96,-6,6
2432,58,63,-5,5
2433,159,136,23,23
2434,114,123,-9,9
2435,76,90,-14,14
2436,71,71,0,0
2437,91,95,-4,4
2438,144,130,14,14
2439,71,67,4,4
2440,70,73,-3,3
2441,109,108,1,1
2442,86,88,-2,2
2443,114,114,0,0
2444,66,60,6,6
2445,92,86,6,6
2446,71,70,1,1
2447,92,91,1,1
2448,137,154,-17,17
2449,73,91,-18,18
2450,73,87,-14,14
2451,101,99,2,2
2452,119,110,9,9
2453,97,99,-2,2
2454,110,104,6,6
2455,69,65,4,4
2456,81,77,4,4
2457,67,68,-1,1
2458,139,126,13,13
2459,88,92,-4,4
2460,114,112,2,2
2461,64,62,2,2
2462,86,86,0,0
2463,122,117,5,5
2464,122,114,8,8
2465,94,92,2,2
2466,128,127,1,1
2467,83,82,1,1
2468,92,94,-2,2
2469,175,160,15,15
2470,141,136,5,5
2471,72,81,-9,9
2472,135,140,-5,5
2473,84,82,2,2
2474,123,115,8,8
2475,113,113,0,0
2476,135,125,10,10
2477,83,85,-2,2
2478,58,63,-5,5
2479,146,141,5,5
2480,123,123,0,0
2481,50,62,-12,12
2482,67,79,-12,12
2483,80,90,-10,10
2484,136,127,9,9
2485,165,152,13,13
2486,84,78,6,6
2487,107,101,6,6
2488,151,143,8,8
2489,111,109,2,2
2490,51,64,-13,13
2491,78,84,-6,6
2492,145,120,25,25
2493,54,62,-8,8
2494,86,82,4,4
2495,93,95,-2,2
2496,117,108,9,9
2497,52,62,-10,10
2498,84,94,-10,10
2499,196,187,9,9
2500,70,61,9,9
2501,166,158,8,8
2502,103,94,9,9
2503,67,83,-16,16
2504,54,63,-9,9
2505,91,92,-1,1
2506,124,122,2,2
2507,80,86,-6,6
2508,111,115,-4,4
2509,108,96,12,12
2510,134,139,-5,5
2511,98,99,-1,1
2512,64,90,-26,26
2513,73,76,-3,3
2514,94,97,-3,3
2515,61,75,-14,14
2516,90,99,-9,9
2517,102,100,2,2
2518,150,136,14,14
2519,97,103,-6,6
2520,76,75,1,1
2521,58,63,-5,5
2522,90,76,14,14
2523,70,69,1,1
2524,65,69,-4,4
2525,78,83,-5,5
2526,53,60,-7,7
2527,83,78,5,5
2528,103,95,8,8
2529,74,74,0,0
2530,173,159,14,14
2531,63,66,-3,3
2532,104,105,-1,1
2533,96,102,-6,6
2534,110,117,-7,7
2535,83,84,-1,1
2536,89,94,-5,5
2537,95,102,-7,7
2538,74,85,-11,11
2539,55,62,-7,7
2540,117,116,1,1
2541,32,62,-30,30
2542,64,71,-7,7
2543,103,93,10,10
2544,121,116,5,5
2545,129,119,10,10
2546,90,104,-14,14
2547,119,139,-20,20
2548,105,97,8,8
2549,78,74,4,4
2550,159,139,20,20
2551,73,77,-4,4
2552,128,121,7,7
2553,149,144,5,5
2554,129,111,18,18
2555,87,97,-10,10
2556,69,71,-2,2
2557,120,117,3,3
2558,57,62,-5,5
2559,107,114,-7,7
2560,56,61,-5,5
2561,128,107,21,21
2562,153,133,20,20
2563,114,120,-6,6
2564,96,104,-8,8
2565,111,105,6,6
2566,130,130,0,0
2567,88,94,-6,6
2568,75,76,-1,1
2569,85,94,-9,9
2570,105,104,1,1
2571,48,62,-14,14
2572,98,98,0,0
2573,62,70,-8,8
2574,142,131,11,11
2575,91,89,2,2
2576,85,91,-6,6
2577,67,63,4,4
2578,116,110,6,6
2579,82,93,-11,11
2580,136,131,5,5
2581,145,126,19,19
2582,76,83,-7,7
2583,46,60,-14,14
2584,112,126,-14,14
2585,119,121,-2,2
2586,75,95,-20,20
2587,58,66,-8,8
2588,90,101,-11,11
2589,106,112,-6,6
2590,117,114,3,3
2591,97,97,0,0
2592,142,150,-8,8
2593,156,141,15,15
2594,136,110,26,26
2595,73,83,-10,10
2596,98,91,7,7
2597,79,90,-11,11
2598,130,130,0,0
2599,114,115,-1,1
2600,122,118,4,4
2601,87,81,6,6
2602,136,125,11,11
2603,157,141,16,16
2604,53,60,-7,7
2605,106,105,1,1
2606,62,68,-6,6
2607,87,96,-9,9
2608,75,70,5,5
2609,71,71,0,0
2610,87,89,-2,2
2611,81,80,1,1
2612,110,106,4,4
2613,119,116,3,3
2614,103,100,3,3
2615,65,59,6,6
2616,137,121,16,16
2617,66,77,-11,11
2618,78,74,4,4
2619,93,101,-8,8
2620,117,109,8,8
2621,95,96,-1,1
2622,88,88,0,0
2623,102,92,10,10
2624,49,62,-13,13
2625,82,76,6,6
2626,70,78,-8,8
2627,78,86,-8,8
2628,75,67,8,8
2629,80,98,-18,18
2630,133,122,11,11
2631,82,86,-4,4
2632,147,123,24,24
2633,174,159,15,15
2634,65,66,-1,1
2635,95,99,-4,4
2636,105,97,8,8
2637,72,68,4,4
2638,78,89,-11,11
2639,137,131,6,6
2640,153,140,13,13
2641,131,144,-13,13
2642,53,62,-9,9
2643,88,80,8,8
2644,74,76,-2,2
2645,62,64,-2,2
2646,97,106,-9,9
2647,121,115,6,6
2648,106,108,-2,2
2649,76,106,-30,30
2650,103,104,-1,1
2651,87,80,7,7
2652,67,61,6,6
2653,68,102,-34,34
2654,123,111,12,12
2655,68,65,3,3
2656,115,111,4,4
2657,116,106,10,10
2658,95,93,2,2
2659,57,62,-5,5
2660,106,103,3,3
2661,85,89,-4,4
2662,106,97,9,9
2663,87,84,3,3
2664,86,92,-6,6
2665,84,91,-7,7
2666,60,62,-2,2
2667,99,104,-5,5
2668,84,133,-49,49
2669,60,62,-2,2
2670,134,114,20,20
2671,130,129,1,1
2672,78,71,7,7
2673,62,63,-1,1
2674,90,88,2,2
2675,105,110,-5,5
2676,104,107,-3,3
2677,102,101,1,1
2678,125,123,2,2
2679,74,66,8,8
2680,100,98,2,2
2681,103,109,-6,6
2682,77,67,10,10
2683,86,89,-3,3
2684,97,103,-6,6
2685,81,92,-11,11
2686,88,95,-7,7
2687,52,61,-9,9
2688,59,68,-9,9
2689,89,85,4,4
2690,51,66,-15,15
2691,45,62,-17,17
2692,103,110,-7,7
2693,70,78,-8,8
2694,148,138,10,10
2695,91,100,-9,9
2696,45,61,-16,16
2697,146,145,1,1
2698,119,116,3,3
2699,107,112,-5,5
2700,170,148,22,22
2701,62,63,-1,1
2702,130,109,21,21
2703,40,61,-21,21
2704,91,87,4,4
2705,61,63,-2,2
2706,72,66,6,6
2707,113,111,2,2
2708,120,108,12,12
2709,52,63,-11,11
2710,43,61,-18,18
2711,63,63,0,0
2712,106,110,-4,4
2713,109,110,-1,1
2714,136,133,3,3
2715,100,101,-1,1
2716,58,62,-4,4
2717,64,64,0,0
2718,135,131,4,4
2719,125,122,3,3
2720,91,109,-18,18
2721,81,88,-7,7
2722,53,61,-8,8
2723,120,117,3,3
2724,96,103,-7,7
2725,42,60,-18,18
2726,122,119,3,3
2727,67,63,4,4
2728,97,93,4,4
2729,65,66,-1,1
2730,86,94,-8,8
2731,72,69,3,3
2732,62,60,2,2
2733,72,67,5,5
2734,83,72,11,11
2735,129,127,2,2
2736,109,107,2,2
2737,72,90,-18,18
2738,78,84,-6,6
2739,175,172,3,3
2740,125,119,6,6
2741,65,63,2,2
2742,122,118,4,4
2743,79,81,-2,2
2744,35,61,-26,26
2745,86,95,-9,9
2746,120,110,10,10
2747,96,97,-1,1
2748,152,144,8,8
2749,114,118,-4,4
2750,94,102,-8,8
2751,67,68,-1,1
2752,94,98,-4,4
2753,145,123,22,22
2754,52,61,-9,9
2755,108,111,-3,3
2756,86,98,-12,12
2757,91,94,-3,3
2758,132,127,5,5
2759,160,152,8,8
2760,94,92,2,2
2761,136,121,15,15
2762,46,62,-16,16
2763,76,68,8,8
2764,66,68,-2,2
2765,72,70,2,2
2766,102,102,0,0
2767,77,86,-9,9
2768,56,61,-5,5
2769,139,137,2,2
2770,217,186,31,31
2771,105,108,-3,3
2772,86,83,3,3
2773,172,152,20,20
2774,131,126,5,5
2775,141,132,9,9
2776,85,91,-6,6
2777,68,62,6,6
2778,90,97,-7,7
2779,75,74,1,1
2780,82,82,0,0
2781,76,73,3,3
2782,92,95,-3,3
2783,76,75,1,1
2784,108,105,3,3
2785,99,97,2,2
2786,65,72,-7,7
2787,101,110,-9,9
2788,196,175,21,21
2789,80,91,-11,11
2790,130,130,0,0
2791,57,69,-12,12
2792,105,98,7,7
2793,83,90,-7,7
2794,75,94,-19,19
2795,37,61,-24,24
2796,92,106,-14,14
2797,70,69,1,1
2798,35,63,-28,28
2799,120,112,8,8
2800,87,81,6,6
2801,56,60,-4,4
2802,84,86,-2,2
2803,185,167,18,18
2804,95,92,3,3
2805,76,75,1,1
2806,60,61,-1,1
2807,84,86,-2,2
2808,67,67,0,0
2809,79,77,2,2
2810,106,106,0,0
2811,121,113,8,8
2812,81,97,-16,16
2813,93,94,-1,1
2814,150,142,8,8
2815,104,108,-4,4
2816,95,96,-1,1
2817,120,114,6,6
2818,140,138,2,2
2819,106,114,-8,8
2820,92,83,9,9
2821,75,75,0,0
2822,69,90,-21,21
2823,78,75,3,3
2824,57,63,-6,6
2825,71,64,7,7
2826,110,106,4,4
2827,90,93,-3,3
2828,58,62,-4,4
2829,52,61,-9,9
2830,108,111,-3,3
2831,53,62,-9,9
2832,102,99,3,3
2833,89,95,-6,6
2834,158,143,15,15
2835,81,73,8,8
2836,93,104,-11,11
2837,127,119,8,8
2838,117,111,6,6
2839,105,97,8,8
2840,133,124,9,9
2841,106,98,8,8
2842,149,136,13,13
2843,117,112,5,5
2844,92,93,-1,1
2845,74,70,4,4
2846,156,145,11,11
2847,90,93,-3,3
2848,116,117,-1,1
2849,118,115,3,3
2850,109,109,0,0
2851,110,109,1,1
2852,84,94,-10,10
2853,120,108,12,12
2854,145,137,8,8
2855,64,63,1,1
2856,95,109,-14,14
2857,54,61,-7,7
2858,109,107,2,2
2859,81,84,-3,3
2860,74,74,0,0
2861,123,124,-1,1
2862,88,93,-5,5
2863,153,152,1,1
2864,119,122,-3,3
2865,100,100,0,0
2866,91,92,-1,1
2867,85,71,14,14
2868,72,68,4,4
2869,137,123,14,14
2870,120,142,-22,22
2871,58,63,-5,5
2872,106,103,3,3
2873,100,98,2,2
2874,75,82,-7,7
2875,71,66,5,5
2876,90,92,-2,2
2877,56,57,-1,1
2878,109,107,2,2
2879,97,104,-7,7
2880,95,93,2,2
2881,84,83,1,1
2882,64,63,1,1
2883,79,75,4,4
2884,66,64,2,2
2885,65,69,-4,4
2886,117,115,2,2
2887,143,136,7,7
2888,65,61,4,4
2889,80,79,1,1
2890,111,118,-7,7
2891,116,115,1,1
2892,80,136,-56,56
2893,89,98,-9,9
2894,181,156,25,25
2895,95,93,2,2
2896,81,84,-3,3
2897,172,146,26,26
2898,137,125,12,12
2899,83,88,-5,5
2900,98,101,-3,3
2901,131,118,13,13
2902,75,78,-3,3
2903,160,148,12,12
2904,115,106,9,9
2905,124,130,-6,6
2906,121,110,11,11
2907,113,108,5,5
2908,116,110,6,6
2909,62,64,-2,2
2910,94,95,-1,1
2911,92,94,-2,2
2912,144,131,13,13
2913,37,91,-54,54
2914,65,70,-5,5
2915,159,166,-7,7
2916,76,71,5,5
2917,116,114,2,2
2918,79,78,1,1
2919,89,109,-20,20
2920,79,76,3,3
2921,100,108,-8,8
2922,92,92,0,0
2923,90,90,0,0
2924,53,61,-8,8
2925,97,106,-9,9
2926,148,137,11,11
2927,104,111,-7,7
2928,57,62,-5,5
2929,71,68,3,3
2930,116,127,-11,11
2931,191,179,12,12
2932,122,114,8,8
2933,60,63,-3,3
2934,125,149,-24,24
2935,69,80,-11,11
2936,98,102,-4,4
2937,131,116,15,15
2938,105,111,-6,6
2939,103,100,3,3
2940,60,64,-4,4
2941,67,66,1,1
2942,118,114,4,4
2943,58,104,-46,46
2944,76,74,2,2
2945,109,112,-3,3
2946,72,70,2,2
2947,87,91,-4,4
2948,57,61,-4,4
2949,85,86,-1,1
2950,78,84,-6,6
2951,88,84,4,4
2952,75,72,3,3
2953,124,117,7,7
2954,84,92,-8,8
2955,112,107,5,5
2956,98,94,4,4
2957,152,138,14,14
2958,54,62,-8,8
2959,121,121,0,0
2960,164,158,6,6
2961,58,61,-3,3
2962,164,161,3,3
2963,47,61,-14,14
2964,163,171,-8,8
2965,104,101,3,3
2966,66,70,-4,4
2967,111,109,2,2
2968,60,66,-6,6
2969,45,61,-16,16
2970,98,97,1,1
2971,129,115,14,14
2972,94,96,-2,2
2973,100,103,-3,3
2974,88,95,-7,7
2975,79,76,3,3
2976,73,75,-2,2
2977,125,123,2,2
2978,91,97,-6,6
2979,102,106,-4,4
2980,137,127,10,10
2981,186,171,15,15
2982,67,70,-3,3
2983,59,64,-5,5
2984,36,62,-26,26
2985,128,118,10,10
2986,80,77,3,3
2987,102,116,-14,14
2988,137,114,23,23
2989,58,63,-5,5
2990,94,100,-6,6
2991,90,95,-5,5
2992,110,102,8,8
2993,101,111,-10,10
2994,78,79,-1,1
2995,121,105,16,16
2996,87,94,-7,7
2997,81,94,-13,13
2998,70,70,0,0
2999,142,131,11,11
3000,93,99,-6,6
3001,98,90,8,8
3002,125,122,3,3
3003,65,65,0,0
3004,126,128,-2,2
3005,77,79,-2,2
3006,79,88,-9,9
3007,85,92,-7,7
3008,65,63,2,2
3009,74,80,-6,6
3010,124,127,-3,3
3011,112,108,4,4
3012,99,105,-6,6
3013,73,65,8,8
3014,97,104,-7,7
3015,73,73,0,0
3016,58,85,-27,27
3017,172,156,16,16
3018,91,95,-4,4
3019,67,67,0,0
3020,100,104,-4,4
3021,110,109,1,1
3022,58,63,-5,5
3023,96,103,-7,7
3024,69,83,-14,14
3025,91,96,-5,5
3026,64,66,-2,2
3027,71,76,-5,5
3028,49,65,-16,16
3029,88,97,-9,9
3030,147,121,26,26
3031,71,68,3,3
3032,117,108,9,9
3033,89,98,-9,9
3034,95,93,2,2
3035,78,84,-6,6
3036,82,97,-15,15
3037,72,83,-11,11
3038,137,128,9,9
3039,122,139,-17,17
3040,115,108,7,7
3041,120,111,9,9
3042,119,119,0,0
3043,84,88,-4,4
3044,88,84,4,4
3045,60,62,-2,2
3046,115,112,3,3
3047,81,79,2,2
3048,136,139,-3,3
3049,85,96,-11,11
3050,100,109,-9,9
3051,118,119,-1,1
3052,109,103,6,6
3053,61,75,-14,14
3054,105,104,1,1
3055,206,181,25,25
3056,112,110,2,2
3057,83,82,1,1
3058,181,177,4,4
3059,151,135,16,16
3060,104,106,-2,2
3061,83,100,-17,17
3062,109,103,6,6
3063,62,62,0,0
3064,76,77,-1,1
3065,86,95,-9,9
3066,127,115,12,12
3067,83,83,0,0
3068,122,109,13,13
3069,103,105,-2,2
3070,107,108,-1,1
3071,94,94,0,0
3072,103,93,10,10
3073,72,69,3,3
3074,66,65,1,1
3075,70,91,-21,21
3076,54,62,-8,8
3077,57,67,-10,10
3078,165,155,10,10
3079,125,118,7,7
3080,125,125,0,0
3081,92,93,-1,1
3082,53,62,-9,9
3083,106,124,-18,18
3084,95,93,2,2
3085,94,90,4,4
3086,72,76,-4,4
3087,78,78,0,0
3088,113,111,2,2
3089,106,96,10,10
3090,101,100,1,1
3091,102,112,-10,10
3092,95,93,2,2
3093,69,73,-4,4
3094,74,67,7,7
3095,104,99,5,5
3096,78,86,-8,8
3097,86,93,-7,7
3098,41,63,-22,22
3099,86,90,-4,4
3100,80,76,4,4
3101,182,160,22,22
3102,83,86,-3,3
3103,65,62,3,3
3104,81,73,8,8
3105,159,144,15,15
3106,103,101,2,2
3107,102,96,6,6
3108,60,60,0,0
3109,142,128,14,14
3110,62,64,-2,2
3111,129,119,10,10
3112,79,91,-12,12
3113,87,92,-5,5
3114,127,114,13,13
3115,56,63,-7,7
3116,94,105,-11,11
3117,90,96,-6,6
3118,62,68,-6,6
3119,60,66,-6,6
3120,110,130,-20,20
3121,98,102,-4,4
3122,58,60,-2,2
3123,88,91,-3,3
3124,35,62,-27,27
3125,138,128,10,10
3126,73,76,-3,3
3127,99,87,12,12
3128,87,86,1,1
3129,69,70,-1,1
3130,102,96,6,6
3131,89,95,-6,6
3132,106,99,7,7
3133,116,113,3,3
3134,69,70,-1,1
3135,75,74,1,1
3136,91,87,4,4
3137,67,70,-3,3
3138,133,137,-4,4
3139,76,90,-14,14
3140,103,100,3,3
3141,71,63,8,8
3142,135,124,11,11
3143,99,104,-5,5
3144,104,104,0,0
3145,146,126,20,20
3146,57,59,-2,2
3147,108,117,-9,9
3148,82,83,-1,1
3149,106,97,9,9
3150,110,110,0,0
3151,98,103,-5,5
3152,62,61,1,1
3153,102,102,0,0
3154,130,125,5,5
3155,108,103,5,5
3156,61,64,-3,3
3157,73,91,-18,18
3158,54,62,-8,8
3159,63,61,2,2
3160,140,123,17,17
3161,47,116,-69,69
3162,68,77,-9,9
3163,134,118,16,16
3164,106,104,2,2
3165,72,74,-2,2
3166,107,108,-1,1
3167,107,104,3,3
3168,53,62,-9,9
3169,112,105,7,7
3170,124,119,5,5
3171,103,100,3,3
3172,76,86,-10,10
3173,103,105,-2,2
3174,92,117,-25,25
3175,40,62,-22,22
3176,79,79,0,0
3177,83,92,-9,9
3178,77,77,0,0
3179,75,71,4,4
3180,63,62,1,1
3181,134,127,7,7
3182,66,69,-3,3
3183,173,163,10,10
3184,100,96,4,4
3185,119,106,13,13
3186,143,137,6,6
3187,61,68,-7,7
3188,59,62,-3,3
3189,91,98,-7,7
3190,61,62,-1,1
3191,127,123,4,4
3192,164,153,11,11
3193,81,79,2,2
3194,136,129,7,7
3195,73,85,-12,12
3196,72,72,0,0
3197,82,78,4,4
3198,79,81,-2,2
3199,70,77,-7,7
3200,95,97,-2,2
3201,63,65,-2,2
3202,67,87,-20,20
3203,127,125,2,2
3204,107,102,5,5
3205,58,61,-3,3
3206,91,96,-5,5
3207,60,63,-3,3
3208,94,104,-10,10
3209,90,77,13,13
3210,49,56,-7,7
3211,94,114,-20,20
3212,68,65,3,3
3213,86,73,13,13
3214,107,97,10,10
3215,54,56,-2,2
3216,88,88,0,0
3217,69,74,-5,5
3218,85,83,2,2
3219,99,98,1,1
3220,116,123,-7,7
3221,113,107,6,6
3222,42,62,-20,20
3223,36,62,-26,26
3224,52,61,-9,9
3225,88,84,4,4
3226,62,67,-5,5
3227,87,79,8,8
3228,97,108,-11,11
3229,94,100,-6,6
3230,113,108,5,5
3231,168,158,10,10
3232,107,99,8,8
3233,130,124,6,6
3234,169,159,10,10
3235,84,93,-9,9
3236,151,124,27,27
3237,75,69,6,6
3238,73,69,4,4
3239,64,67,-3,3
3240,144,144,0,0
3241,86,93,-7,7
3242,91,90,1,1
3243,76,69,7,7
3244,112,114,-2,2
3245,46,68,-22,22
3246,51,64,-13,13
3247,116,112,4,4
3248,106,116,-10,10
3249,63,71,-8,8
3250,115,107,8,8
3251,151,156,-5,5
3252,70,68,2,2
3253,153,145,8,8
3254,66,66,0,0
3255,95,104,-9,9
3256,71,72,-1,1
3257,75,81,-6,6
3258,83,79,4,4
3259,75,69,6,6
3260,111,97,14,14
3261,95,98,-3,3
3262,133,114,19,19
3263,56,61,-5,5
3264,42,61,-19,19
3265,61,66,-5,5
3266,72,73,-1,1
3267,60,63,-3,3
3268,95,92,3,3
3269,115,123,-8,8
3270,101,108,-7,7
3271,65,66,-1,1
3272,100,108,-8,8
3273,69,74,-5,5
3274,81,78,3,3
3275,82,88,-6,6
3276,107,104,3,3
3277,112,117,-5,5
3278,99,97,2,2
3279,75,71,4,4
3280,161,147,14,14
3281,76,72,4,4
3282,142,138,4,4
3283,111,109,2,2
3284,78,81,-3,3
3285,137,132,5,5
3286,40,62,-22,22
3287,65,67,-2,2
3288,88,93,-5,5
3289,103,93,10,10
3290,143,157,-14,14
3291,37,62,-25,25
3292,65,60,5,5
3293,90,85,5,5
3294,97,92,5,5
3295,107,104,3,3
3296,104,118,-14,14
3297,151,131,20,20
3298,98,98,0,0
3299,91,99,-8,8
3300,90,89,1,1
3301,79,86,-7,7
3302,62,62,0,0
3303,83,78,5,5
3304,102,107,-5,5
3305,92,101,-9,9
3306,48,61,-13,13
3307,103,106,-3,3
3308,65,59,6,6
3309,84,88,-4,4
3310,57,61,-4,4
3311,108,111,-3,3
3312,80,80,0,0
3313,66,85,-19,19
3314,106,114,-8,8
3315,52,62,-10,10
3316,107,116,-9,9
3317,107,99,8,8
3318,57,62,-5,5
3319,137,133,4,4
3320,69,69,0,0
3321,90,90,0,0
3322,65,69,-4,4
3323,49,62,-13,13
3324,153,142,11,11
3325,119,111,8,8
3326,75,79,-4,4
3327,160,142,18,18
3328,140,135,5,5
3329,146,146,0,0
3330,104,92,12,12
3331,94,99,-5,5
3332,60,62,-2,2
3333,118,105,13,13
3334,71,69,2,2
3335,66,68,-2,2
3336,183,158,25,25
3337,103,95,8,8
3338,119,110,9,9
3339,107,117,-10,10
3340,92,91,1,1
3341,89,96,-7,7
3342,116,112,4,4
3343,84,83,1,1
3344,118,118,0,0
3345,52,61,-9,9
3346,75,83,-8,8
3347,163,152,11,11
3348,96,98,-2,2
3349,104,110,-6,6
3350,135,141,-6,6
3351,78,76,2,2
3352,127,115,12,12
3353,96,97,-1,1
3354,123,107,16,16
3355,119,110,9,9
3356,83,91,-8,8
3357,107,107,0,0
3358,96,87,9,9
3359,105,106,-1,1
3360,142,127,15,15
3361,67,76,-9,9
3362,67,76,-9,9
3363,126,119,7,7
3364,59,65,-6,6
3365,59,63,-4,4
3366,74,76,-2,2
3367,87,91,-4,4
3368,69,71,-2,2
3369,66,66,0,0
3370,117,104,13,13
3371,186,173,13,13
3372,63,67,-4,4
3373,125,122,3,3
3374,87,83,4,4
3375,97,100,-3,3
3376,96,92,4,4
3377,49,62,-13,13
3378,105,111,-6,6
3379,48,62,-14,14
3380,111,105,6,6
3381,98,103,-5,5
3382,123,111,12,12
3383,74,62,12,12
3384,55,61,-6,6
3385,124,122,2,2
3386,151,139,12,12
3387,54,62,-8,8
3388,44,62,-18,18
3389,78,87,-9,9
3390,141,141,0,0
3391,85,98,-13,13
3392,40,63,-23,23
3393,77,72,5,5
3394,104,100,4,4
3395,71,62,9,9
3396,94,102,-8,8
3397,98,105,-7,7
3398,56,60,-4,4
3399,64,68,-4,4
3400,107,105,2,2
3401,58,61,-3,3
3402,40,62,-22,22
3403,107,96,11,11
3404,110,106,4,4
3405,124,112,12,12
3406,100,94,6,6
3407,88,96,-8,8
3408,131,113,18,18
3409,93,96,-3,3
3410,134,129,5,5
3411,81,94,-13,13
3412,81,91,-10,10
3413,84,92,-8,8
3414,86,89,-3,3
3415,152,149,3,3
3416,64,65,-1,1
3417,73,81,-8,8
3418,118,122,-4,4
3419,73,64,9,9
3420,88,83,5,5
3421,112,121,-9,9
3422,141,135,6,6
3423,150,148,2,2
3424,105,104,1,1
3425,163,148,15,15
3426,29,61,-32,32
3427,94,95,-1,1
3428,67,71,-4,4
3429,98,117,-19,19
3430,89,94,-5,5
3431,106,103,3,3
3432,100,101,-1,1
3433,107,99,8,8
3434,64,69,-5,5
3435,45,62,-17,17
3436,77,79,-2,2
3437,144,129,15,15
3438,103,105,-2,2
3439,67,129,-62,62
3440,38,62,-24,24
3441,116,110,6,6
3442,102,107,-5,5
3443,119,115,4,4
3444,88,94,-6,6
3445,111,107,4,4
3446,48,61,-13,13
3447,131,110,21,21
3448,86,89,-3,3
3449,76,76,0,0
3450,80,90,-10,10
3451,99,97,2,2
3452,132,126,6,6
3453,91,103,-12,12
3454,105,104,1,1
3455,159,156,3,3
3456,117,111,6,6
3457,142,140,2,2
3458,69,63,6,6
3459,79,100,-21,21
3460,134,135,-1,1
3461,101,99,2,2
3462,94,97,-3,3
3463,97,116,-19,19
3464,112,98,14,14
3465,70,66,4,4
3466,139,131,8,8
3467,120,110,10,10
3468,93,101,-8,8
3469,70,73,-3,3
3470,77,69,8,8
3471,91,94,-3,3
3472,57,61,-4,4
3473,75,89,-14,14
3474,64,61,3,3
3475,88,97,-9,9
3476,90,97,-7,7
3477,82,90,-8,8
3478,54,62,-8,8
3479,101,99,2,2
3480,102,107,-5,5
3481,92,94,-2,2
3482,77,75,2,2
3483,76,79,-3,3
3484,109,130,-21,21
3485,48,62,-14,14
3486,86,84,2,2
3487,91,94,-3,3
3488,60,62,-2,2
3489,117,115,2,2
3490,121,121,0,0
3491,129,132,-3,3
3492,90,98,-8,8
3493,106,87,19,19
3494,80,68,12,12
3495,129,114,15,15
3496,65,67,-2,2
3497,48,61,-13,13
3498,104,102,2,2
3499,72,68,4,4
3500,69,67,2,2
3501,115,112,3,3
3502,147,157,-10,10
3503,83,90,-7,7
3504,96,98,-2,2
3505,83,82,1,1
3506,106,105,1,1
3507,83,90,-7,7
3508,94,82,12,12
3509,101,89,12,12
3510,112,114,-2,2
3511,56,66,-10,10
3512,106,105,1,1
3513,93,91,2,2
3514,83,94,-11,11
3515,60,61,-1,1
3516,116,122,-6,6
3517,127,111,16,16
3518,65,67,-2,2
3519,134,134,0,0
3520,45,60,-15,15
3521,74,82,-8,8
3522,107,108,-1,1
3523,97,100,-3,3
3524,145,138,7,7
3525,101,104,-3,3
3526,104,100,4,4
3527,90,95,-5,5
3528,98,109,-11,11
3529,107,110,-3,3
3530,66,67,-1,1
3531,76,88,-12,12
3532,39,61,-22,22
3533,89,93,-4,4
3534,47,62,-15,15
3535,68,81,-13,13
3536,47,62,-15,15
3537,194,161,33,33
3538,107,115,-8,8
3539,155,143,12,12
3540,163,150,13,13
3541,93,91,2,2
3542,124,123,1,1
3543,28,61,-33,33
3544,101,111,-10,10
3545,70,70,0,0
3546,61,66,-5,5
3547,92,91,1,1
3548,78,91,-13,13
3549,51,60,-9,9
3550,99,97,2,2
3551,95,96,-1,1
3552,137,122,15,15
3553,90,90,0,0
3554,84,96,-12,12
3555,72,79,-7,7
3556,83,94,-11,11
3557,94,98,-4,4
3558,86,87,-1,1
3559,86,76,10,10
3560,87,93,-6,6
3561,104,111,-7,7
3562,58,61,-3,3
3563,50,60,-10,10
3564,44,60,-16,16
3565,83,87,-4,4
3566,97,99,-2,2
3567,146,130,16,16
3568,147,130,17,17
3569,107,104,3,3
3570,117,104,13,13
3571,152,148,4,4
3572,130,121,9,9
3573,157,151,6,6
3574,268,244,24,24
3575,90,88,2,2
3576,101,105,-4,4
3577,73,71,2,2
3578,120,121,-1,1
3579,86,91,-5,5
3580,144,130,14,14
3581,97,96,1,1
3582,93,92,1,1
3583,49,62,-13,13
3584,97,103,-6,6
3585,99,93,6,6
3586,63,63,0,0
3587,135,124,11,11
3588,66,67,-1,1
3589,71,67,4,4
3590,74,73,1,1
3591,160,143,17,17
3592,52,60,-8,8
3593,84,77,7,7
3594,127,129,-2,2
3595,82,86,-4,4
3596,80,91,-11,11
3597,108,109,-1,1
3598,104,110,-6,6
3599,106,98,8,8
3600,154,143,11,11
3601,54,62,-8,8
3602,91,101,-10,10
3603,115,128,-13,13
3604,98,103,-5,5
3605,117,116,1,1
3606,46,62,-16,16
3607,93,98,-5,5
3608,50,61,-11,11
3609,110,154,-44,44
3610,101,100,1,1
3611,121,135,-14,14
3612,129,130,-1,1
3613,123,110,13,13
3614,55,81,-26,26
3615,97,89,8,8
3616,102,103,-1,1
3617,127,131,-4,4
3618,66,93,-27,27
3619,75,75,0,0
3620,125,127,-2,2
3621,75,67,8,8
3622,137,143,-6,6
3623,76,72,4,4
3624,80,66,14,14
3625,93,98,-5,5
3626,213,204,9,9
3627,73,68,5,5
3628,99,98,1,1
3629,152,139,13,13
3630,110,112,-2,2
3631,53,60,-7,7
3632,83,86,-3,3
3633,94,99,-5,5
3634,60,62,-2,2
3635,150,138,12,12
3636,146,127,19,19
3637,156,159,-3,3
3638,99,100,-1,1
3639,66,63,3,3
3640,85,79,6,6
3641,68,87,-19,19
3642,174,156,18,18
3643,112,101,11,11
3644,102,105,-3,3
3645,96,99,-3,3
3646,123,114,9,9
3647,62,69,-7,7
3648,42,62,-20,20
3649,84,78,6,6
3650,99,115,-16,16
3651,96,103,-7,7
3652,94,90,4,4
3653,88,82,6,6
3654,113,105,8,8
3655,136,134,2,2
3656,51,62,-11,11
3657,82,93,-11,11
3658,103,95,8,8
3659,109,103,6,6
3660,39,61,-22,22
3661,66,61,5,5
3662,68,63,5,5
3663,97,92,5,5
3664,85,83,2,2
3665,123,116,7,7
3666,134,131,3,3
3667,171,157,14,14
3668,88,85,3,3
3669,83,75,8,8
3670,52,60,-8,8
3671,90,91,-1,1
3672,75,71,4,4
3673,80,79,1,1
3674,85,75,10,10
3675,113,123,-10,10
3676,85,70,15,15
3677,124,117,7,7
3678,126,117,9,9
3679,136,119,17,17
3680,111,110,1,1
3681,122,109,13,13
3682,84,85,-1,1
3683,53,57,-4,4
3684,83,88,-5,5
3685,132,129,3,3
3686,133,129,4,4
3687,96,94,2,2
3688,53,62,-9,9
3689,87,98,-11,11
3690,63,63,0,0
3691,92,84,8,8
3692,73,82,-9,9
3693,142,128,14,14
3694,93,81,12,12
3695,69,66,3,3
3696,59,62,-3,3
3697,120,122,-2,2
3698,52,61,-9,9
3699,50,61,-11,11
3700,80,94,-14,14
3701,68,68,0,0
3702,73,68,5,5
3703,245,201,44,44
3704,147,143,4,4
3705,75,72,3,3
3706,59,63,-4,4
3707,84,80,4,4
3708,92,94,-2,2
3709,146,132,14,14
3710,183,176,7,7
3711,64,68,-4,4
3712,101,94,7,7
3713,102,103,-1,1
3714,117,112,5,5
3715,178,171,7,7
3716,143,126,17,17
3717,68,72,-4,4
3718,90,85,5,5
3719,48,62,-14,14
3720,74,71,3,3
3721,63,62,1,1
3722,74,75,-1,1
3723,83,89,-6,6
3724,89,97,-8,8
3725,112,105,7,7
3726,89,98,-9,9
3727,71,69,2,2
3728,72,74,-2,2
3729,66,62,4,4
3730,173,173,0,0
3731,139,131,8,8
3732,94,100,-6,6
3733,48,62,-14,14
3734,102,103,-1,1
3735,69,72,-3,3
3736,67,61,6,6
3737,91,93,-2,2
3738,109,109,0,0
3739,39,58,-19,19
3740,146,132,14,14
3741,103,108,-5,5
3742,149,144,5,5
3743,78,71,7,7
3744,78,80,-2,2
3745,76,67,9,9
3746,81,90,-9,9
3747,155,145,10,10
3748,76,82,-6,6
3749,113,107,6,6
3750,87,91,-4,4
3751,81,67,14,14
3752,82,95,-13,13
3753,107,111,-4,4
3754,148,138,10,10
3755,57,68,-11,11
3756,73,69,4,4
3757,112,103,9,9
3758,48,61,-13,13
3759,77,89,-12,12
3760,142,127,15,15
3761,142,124,18,18
3762,122,121,1,1
3763,67,69,-2,2
3764,132,116,16,16
3765,134,146,-12,12
3766,96,89,7,7
3767,70,70,0,0
3768,84,84,0,0
3769,108,99,9,9
3770,159,149,10,10
3771,114,118,-4,4
3772,71,70,1,1
3773,88,98,-10,10
3774,95,94,1,1
3775,36,61,-25,25
3776,99,102,-3,3
3777,54,64,-10,10
3778,148,141,7,7
3779,75,69,6,6
3780,64,75,-11,11
3781,170,160,10,10
3782,176,155,21,21
3783,143,130,13,13
3784,108,100,8,8
3785,94,163,-69,69
3786,102,115,-13,13
3787,92,100,-8,8
3788,132,126,6,6
3789,84,90,-6,6
3790,152,143,9,9
3791,94,85,9,9
3792,103,106,-3,3
3793,122,117,5,5
3794,79,86,-7,7
3795,81,68,13,13
3796,81,86,-5,5
3797,65,62,3,3
3798,90,80,10,10
3799,85,92,-7,7
3800,74,72,2,2
3801,110,107,3,3
3802,62,77,-15,15
3803,132,129,3,3
3804,94,97,-3,3
3805,77,74,3,3
3806,69,80,-11,11
3807,90,88,2,2
3808,58,60,-2,2
3809,101,105,-4,4
3810,72,75,-3,3
3811,49,63,-14,14
3812,120,120,0,0
3813,60,70,-10,10
3814,140,147,-7,7
3815,53,60,-7,7
3816,66,65,1,1
3817,60,61,-1,1
3818,103,105,-2,2
3819,92,97,-5,5
3820,158,132,26,26
3821,71,96,-25,25
3822,73,79,-6,6
3823,66,70,-4,4
3824,149,148,1,1
3825,146,138,8,8
3826,68,63,5,5
3827,108,106,2,2
3828,54,61,-7,7
3829,70,68,2,2
3830,98,99,-1,1
3831,112,111,1,1
3832,64,62,2,2
3833,96,101,-5,5
3834,124,132,-8,8
3835,73,83,-10,10
3836,75,77,-2,2
3837,97,97,0,0
3838,100,103,-3,3
3839,153,163,-10,10
3840,145,138,7,7
3841,98,93,5,5
3842,114,102,12,12
3843,111,98,13,13
3844,68,76,-8,8
3845,60,67,-7,7
3846,87,102,-15,15
3847,74,60,14,14
3848,54,65,-11,11
3849,77,76,1,1
3850,63,62,1,1
3851,120,112,8,8
3852,107,96,11,11
3853,75,80,-5,5
3854,96,99,-3,3
3855,50,59,-9,9
3856,152,133,19,19
3857,133,125,8,8
3858,140,141,-1,1
3859,63,65,-2,2
3860,82,93,-11,11
3861,101,112,-11,11
3862,78,72,6,6
3863,101,99,2,2
3864,74,75,-1,1
3865,104,101,3,3
3866,97,99,-2,2
3867,55,68,-13,13
3868,166,156,10,10
3869,110,101,9,9
3870,76,99,-23,23
3871,81,87,-6,6
3872,128,118,10,10
3873,108,104,4,4
3874,68,65,3,3
3875,86,90,-4,4
3876,79,79,0,0
3877,65,64,1,1
3878,148,145,3,3
3879,165,145,20,20
3880,96,101,-5,5
3881,61,62,-1,1
3882,86,77,9,9
3883,65,66,-1,1
3884,124,132,-8,8
3885,94,95,-1,1
3886,55,60,-5,5
3887,71,72,-1,1
3888,132,114,18,18
3889,55,61,-6,6
3890,97,108,-11,11
3891,96,105,-9,9
3892,101,100,1,1
3893,100,91,9,9
3894,78,71,7,7
3895,132,133,-1,1
3896,73,74,-1,1
3897,93,83,10,10
3898,51,62,-11,11
3899,136,131,5,5
3900,80,69,11,11
3901,159,163,-4,4
3902,151,136,15,15
3903,64,63,1,1
3904,75,82,-7,7
3905,151,129,22,22
3906,72,81,-9,9
3907,113,107,6,6
3908,88,94,-6,6
3909,93,92,1,1
3910,62,69,-7,7
3911,59,68,-9,9
3912,104,102,2,2
3913,133,124,9,9
3914,66,74,-8,8
3915,90,101,-11,11
3916,98,95,3,3
3917,181,141,40,40
3918,68,62,6,6
3919,81,80,1,1
3920,148,137,11,11
3921,92,82,10,10
3922,109,103,6,6
3923,176,163,13,13
3924,236,205,31,31
3925,112,105,7,7
3926,74,80,-6,6
3927,82,71,11,11
3928,78,75,3,3
3929,83,85,-2,2
3930,89,94,-5,5
3931,95,99,-4,4
3932,177,159,18,18
3933,53,62,-9,9
3934,94,104,-10,10
3935,104,101,3,3
3936,63,66,-3,3
3937,94,95,-1,1
3938,95,96,-1,1
3939,122,111,11,11
3940,135,130,5,5
3941,170,147,23,23
3942,104,114,-10,10
3943,153,143,10,10
3944,70,110,-40,40
3945,124,112,12,12
3946,81,78,3,3
3947,143,133,10,10
3948,86,100,-14,14
3949,87,83,4,4
3950,92,97,-5,5
3951,111,105,6,6
3952,73,80,-7,7
3953,83,70,13,13
3954,117,111,6,6
3955,92,92,0,0
3956,70,80,-10,10
3957,107,107,0,0
3958,62,67,-5,5
3959,96,95,1,1
3960,93,95,-2,2
3961,50,58,-8,8
3962,61,60,1,1
3963,118,117,1,1
3964,117,113,4,4
3965,116,107,9,9
3966,183,162,21,21
3967,56,63,-7,7
3968,67,64,3,3
3969,81,76,5,5
3970,117,107,10,10
3971,98,96,2,2
3972,63,62,1,1
3973,62,62,0,0
3974,84,94,-10,10
3975,156,146,10,10
3976,105,100,5,5
3977,89,80,9,9
3978,132,130,2,2
3979,106,108,-2,2
3980,111,112,-1,1
3981,150,148,2,2
3982,95,105,-10,10
3983,20,62,-42,42
3984,99,101,-2,2
3985,103,106,-3,3
3986,73,93,-20,20
3987,83,85,-2,2
3988,69,68,1,1
3989,130,126,4,4
3990,106,102,4,4
3991,104,95,9,9
3992,125,128,-3,3
3993,121,100,21,21
3994,190,181,9,9
3995,116,115,1,1
3996,87,105,-18,18
3997,71,71,0,0
3998,71,82,-11,11
3999,146,150,-4,4
4000,97,100,-3,3
4001,98,97,1,1
4002,127,125,2,2
4003,74,72,2,2
4004,47,57,-10,10
4005,92,95,-3,3
4006,82,76,6,6
4007,118,114,4,4
4008,137,115,22,22
4009,101,99,2,2
4010,51,62,-11,11
4011,88,103,-15,15
4012,177,149,28,28
4013,82,76,6,6
4014,90,98,-8,8
4015,99,95,4,4
4016,83,93,-10,10
4017,104,106,-2,2
4018,83,74,9,9
4019,57,62,-5,5
4020,155,145,10,10
4021,107,106,1,1
4022,72,78,-6,6
4023,72,65,7,7
4024,102,102,0,0
4025,90,90,0,0
4026,111,103,8,8
4027,123,112,11,11
4028,46,62,-16,16
4029,81,88,-7,7
4030,95,81,14,14
4031,125,117,8,8
4032,105,100,5,5
4033,74,70,4,4
4034,166,146,20,20
4035,96,98,-2,2
4036,70,68,2,2
4037,56,55,1,1
4038,66,63,3,3
4039,85,90,-5,5
4040,46,62,-16,16
4041,47,68,-21,21
4042,68,72,-4,4
4043,130,130,0,0
4044,141,133,8,8
4045,95,98,-3,3
4046,111,101,10,10
4047,50,62,-12,12
4048,111,113,-2,2
4049,100,106,-6,6
4050,72,67,5,5
4051,80,88,-8,8
4052,120,108,12,12
4053,180,159,21,21
4054,39,61,-22,22
4055,103,111,-8,8
4056,95,96,-1,1
4057,146,149,-3,3
4058,110,104,6,6
4059,48,60,-12,12
4060,83,107,-24,24
4061,66,79,-13,13
4062,86,96,-10,10
4063,79,77,2,2
4064,113,116,-3,3
4065,114,107,7,7
4066,86,75,11,11
4067,165,156,9,9
4068,69,82,-13,13
4069,124,120,4,4
4070,103,110,-7,7
4071,76,74,2,2
4072,118,118,0,0
4073,157,143,14,14
4074,107,103,4,4
4075,170,144,26,26
4076,58,62,-4,4
4077,59,63,-4,4
4078,124,112,12,12
4079,142,120,22,22
4080,105,119,-14,14
4081,116,112,4,4
4082,140,136,4,4
4083,92,92,0,0
4084,130,131,-1,1
4085,113,108,5,5
4086,129,135,-6,6
4087,73,92,-19,19
4088,100,100,0,0
4089,87,100,-13,13
4090,75,68,7,7
4091,87,95,-8,8
4092,113,99,14,14
4093,64,69,-5,5
4094,83,80,3,3
4095,75,75,0,0
4096,124,124,0,0
4097,87,91,-4,4
4098,63,66,-3,3
4099,78,74,4,4
4100,86,92,-6,6
4101,104,113,-9,9
4102,95,101,-6,6
4103,119,122,-3,3
4104,99,105,-6,6
4105,54,62,-8,8
4106,73,74,-1,1
4107,71,71,0,0
4108,83,88,-5,5
4109,182,154,28,28
4110,74,87,-13,13
4111,133,126,7,7
4112,80,77,3,3
4113,98,105,-7,7
4114,98,101,-3,3
4115,96,95,1,1
4116,84,68,16,16
4117,199,198,1,1
4118,153,137,16,16
4119,121,127,-6,6
4120,104,114,-10,10
4121,79,88,-9,9
4122,109,97,12,12
4123,74,81,-7,7
4124,48,60,-12,12
4125,127,123,4,4
4126,77,83,-6,6
4127,57,67,-10,10
4128,88,87,1,1
4129,76,68,8,8
4130,120,115,5,5
4131,86,95,-9,9
4132,62,67,-5,5
4133,60,62,-2,2
4134,83,82,1,1
4135,90,95,-5,5
4136,69,72,-3,3
4137,65,71,-6,6
4138,97,100,-3,3
4139,107,103,4,4
4140,131,129,2,2
4141,118,109,9,9
4142,107,134,-27,27
4143,72,83,-11,11
4144,153,143,10,10
4145,83,82,1,1
4146,55,62,-7,7
4147,106,106,0,0
4148,97,106,-9,9
4149,176,162,14,14
4150,139,126,13,13
4151,84,100,-16,16
4152,112,103,9,9
4153,58,65,-7,7
4154,119,113,6,6
4155,75,79,-4,4
4156,155,149,6,6
4157,71,63,8,8
4158,150,131,19,19
4159,94,97,-3,3
4160,54,64,-10,10
4161,70,73,-3,3
4162,125,116,9,9
4163,36,62,-26,26
4164,78,85,-7,7
4165,96,95,1,1
4166,100,97,3,3
4167,106,104,2,2
4168,129,115,14,14
4169,39,60,-21,21
4170,44,60,-16,16
4171,97,98,-1,1
4172,80,92,-12,12
4173,52,60,-8,8
4174,102,102,0,0
4175,101,99,2,2
4176,90,97,-7,7
4177,151,150,1,1
4178,82,81,1,1
4179,117,112,5,5
4180,63,85,-22,22
4181,135,130,5,5
4182,71,67,4,4
4183,96,108,-12,12
4184,123,116,7,7
4185,75,73,2,2
4186,60,64,-4,4
4187,103,107,-4,4
4188,59,61,-2,2
4189,116,136,-20,20
4190,92,94,-2,2
4191,76,64,12,12
4192,53,61,-8,8
4193,107,110,-3,3
4194,70,70,0,0
4195,101,99,2,2
4196,88,85,3,3
4197,84,90,-6,6
4198,26,59,-33,33
4199,107,109,-2,2
4200,121,121,0,0
4201,66,68,-2,2
4202,75,90,-15,15
4203,140,139,1,1
4204,87,88,-1,1
4205,57,61,-4,4
4206,100,99,1,1
4207,183,160,23,23
4208,131,136,-5,5
4209,98,122,-24,24
4210,70,74,-4,4
4211,80,78,2,2
4212,112,112,0,0
4213,164,163,1,1
4214,112,110,2,2
4215,49,62,-13,13
4216,69,76,-7,7
4217,64,80,-16,16
4218,78,89,-11,11
4219,116,128,-12,12
4220,113,104,9,9
4221,123,121,2,2
4222,101,107,-6,6
4223,100,106,-6,6
4224,84,82,2,2
4225,114,107,7,7
4226,109,106,3,3
4227,52,61,-9,9
4228,115,106,9,9
4229,106,105,1,1
4230,93,93,0,0
4231,69,74,-5,5
4232,149,137,12,12
4233,87,87,0,0
4234,103,99,4,4
4235,106,111,-5,5
4236,76,96,-20,20
4237,124,129,-5,5
4238,115,119,-4,4
4239,82,78,4,4
4240,152,148,4,4
4241,138,131,7,7
4242,196,174,22,22
4243,133,114,19,19
4244,146,143,3,3
4245,105,110,-5,5
4246,92,101,-9,9
4247,71,70,1,1
4248,97,102,-5,5
4249,70,70,0,0
4250,107,113,-6,6
4251,80,88,-8,8
4252,63,88,-25,25
4253,75,70,5,5
4254,75,78,-3,3
4255,75,78,-3,3
4256,104,102,2,2
4257,152,136,16,16
4258,71,66,5,5
4259,107,102,5,5
4260,161,146,15,15
4261,71,76,-5,5
4262,91,89,2,2
4263,98,95,3,3
4264,108,106,2,2
4265,78,71,7,7
4266,116,115,1,1
4267,108,102,6,6
4268,81,83,-2,2
4269,65,74,-9,9
4270,111,112,-1,1
4271,70,66,4,4
4272,55,62,-7,7
4273,102,99,3,3
4274,102,103,-1,1
4275,56,62,-6,6
4276,100,93,7,7
4277,47,61,-14,14
4278,145,134,11,11
4279,108,103,5,5
4280,143,133,10,10
4281,123,119,4,4
4282,172,158,14,14
4283,60,67,-7,7
4284,105,103,2,2
4285,46,51,-5,5
4286,80,69,11,11
4287,114,113,1,1
4288,189,183,6,6
4289,82,73,9,9
4290,126,122,4,4
4291,157,139,18,18
4292,147,165,-18,18
4293,27,68,-41,41
4294,79,77,2,2
4295,75,76,-1,1
4296,65,60,5,5
4297,68,64,4,4
4298,126,119,7,7
4299,133,135,-2,2
4300,101,102,-1,1
4301,80,78,2,2
4302,103,97,6,6
4303,95,94,1,1
4304,103,104,-1,1
4305,113,109,4,4
4306,42,59,-17,17
4307,85,92,-7,7
4308,82,87,-5,5
4309,104,105,-1,1
4310,85,74,11,11
4311,107,96,11,11
4312,78,72,6,6
4313,66,66,0,0
4314,108,108,0,0
4315,90,99,-9,9
4316,88,94,-6,6
4317,59,63,-4,4
4318,79,68,11,11
4319,69,71,-2,2
4320,135,127,8,8
4321,96,111,-15,15
4322,148,146,2,2
4323,31,60,-29,29
4324,65,112,-47,47
4325,86,89,-3,3
4326,47,60,-13,13
4327,83,88,-5,5
4328,170,172,-2,2
4329,63,63,0,0
4330,110,108,2,2
4331,182,159,23,23
4332,141,139,2,2
4333,94,99,-5,5
4334,81,82,-1,1
4335,87,93,-6,6
4336,131,127,4,4
4337,117,104,13,13
4338,64,62,2,2
4339,150,166,-16,16
4340,93,102,-9,9
4341,88,92,-4,4
4342,90,95,-5,5
4343,86,90,-4,4
4344,96,110,-14,14
4345,173,155,18,18
4346,104,102,2,2
4347,44,60,-16,16
4348,81,76,5,5
4349,71,65,6,6
4350,77,65,12,12
4351,82,74,8,8
4352,196,178,18,18
4353,126,121,5,5
4354,100,102,-2,2
4355,159,144,15,15
4356,61,75,-14,14
4357,54,65,-11,11
4358,73,70,3,3
4359,73,80,-7,7
4360,88,86,2,2
4361,136,126,10,10
4362,94,97,-3,3
4363,164,169,-5,5
4364,100,105,-5,5
4365,126,118,8,8
4366,50,61,-11,11
4367,79,85,-6,6
4368,94,113,-19,19
4369,110,118,-8,8
4370,144,137,7,7
4371,62,61,1,1
4372,92,97,-5,5
4373,59,63,-4,4
4374,279,232,47,47
4375,149,136,13,13
4376,61,77,-16,16
4377,72,90,-18,18
4378,64,64,0,0
4379,142,135,7,7
4380,56,61,-5,5
4381,140,141,-1,1
4382,221,187,34,34
4383,111,101,10,10
4384,93,91,2,2
4385,110,110,0,0
4386,83,77,6,6
4387,65,72,-7,7
4388,154,148,6,6
4389,92,94,-2,2
4390,144,129,15,15
4391,102,100,2,2
4392,131,121,10,10
4393,98,95,3,3
4394,104,100,4,4
4395,95,99,-4,4
4396,108,111,-3,3
4397,89,90,-1,1
4398,139,144,-5,5
4399,116,111,5,5
4400,58,63,-5,5
4401,140,137,3,3
4402,89,94,-5,5
4403,103,104,-1,1
4404,67,105,-38,38
4405,62,61,1,1
4406,162,156,6,6
4407,77,70,7,7
4408,99,101,-2,2
4409,92,79,13,13
4410,105,110,-5,5
4411,99,96,3,3
4412,82,99,-17,17
4413,139,126,13,13
4414,99,98,1,1
4415,82,88,-6,6
4416,95,100,-5,5
4417,101,99,2,2
4418,85,91,-6,6
4419,102,108,-6,6
4420,133,132,1,1
4421,76,73,3,3
4422,126,119,7,7
4423,101,101,0,0
4424,119,106,13,13
4425,152,150,2,2
4426,136,118,18,18
4427,87,91,-4,4
4428,116,111,5,5
4429,60,64,-4,4
4430,96,98,-2,2
4431,76,85,-9,9
4432,128,120,8,8
4433,85,92,-7,7
4434,84,92,-8,8
4435,153,131,22,22
4436,72,64,8,8
4437,73,69,4,4
4438,108,97,11,11
4439,73,70,3,3
4440,94,94,0,0
4441,86,84,2,2
4442,89,82,7,7
4443,56,61,-5,5
4444,195,172,23,23
4445,70,68,2,2
4446,64,64,0,0
4447,96,93,3,3
4448,103,110,-7,7
4449,131,120,11,11
4450,93,93,0,0
4451,122,122,0,0
4452,54,62,-8,8
4453,67,76,-9,9
4454,66,63,3,3
4455,110,112,-2,2
4456,108,107,1,1
4457,119,120,-1,1
4458,80,70,10,10
4459,60,65,-5,5
4460,88,92,-4,4
4461,123,108,15,15
4462,59,61,-2,2
4463,103,97,6,6
4464,93,94,-1,1
4465,90,91,-1,1
4466,157,147,10,10
4467,94,94,0,0
4468,79,98,-19,19
4469,131,128,3,3
4470,50,56,-6,6
4471,111,108,3,3
4472,106,107,-1,1
4473,104,104,0,0
4474,94,102,-8,8
4475,71,64,7,7
4476,168,149,19,19
4477,102,115,-13,13
4478,58,62,-4,4
4479,49,61,-12,12
4480,96,96,0,0
4481,74,87,-13,13
4482,135,131,4,4
4483,171,152,19,19
4484,70,76,-6,6
4485,118,123,-5,5
4486,90,80,10,10
4487,101,114,-13,13
4488,97,98,-1,1
4489,107,103,4,4
4490,87,89,-2,2
4491,43,62,-19,19
4492,79,76,3,3
4493,106,102,4,4
4494,39,60,-21,21
4495,178,155,23,23
4496,74,85,-11,11
4497,36,62,-26,26
4498,68,69,-1,1
4499,114,126,-12,12
4500,80,90,-10,10
4501,109,121,-12,12
4502,128,116,12,12
4503,87,110,-23,23
4504,110,130,-20,20
4505,100,104,-4,4
4506,128,130,-2,2
4507,136,135,1,1
4508,129,132,-3,3
4509,122,120,2,2
4510,102,100,2,2
4511,109,106,3,3
4512,58,61,-3,3
4513,122,115,7,7
4514,90,92,-2,2
4515,57,59,-2,2
4516,107,105,2,2
4517,168,157,11,11
4518,98,100,-2,2
4519,120,109,11,11
4520,74,75,-1,1
4521,88,86,2,2
4522,96,92,4,4
4523,64,74,-10,10
4524,55,62,-7,7
4525,94,95,-1,1
4526,148,141,7,7
4527,92,104,-12,12
4528,95,106,-11,11
4529,110,106,4,4
4530,83,77,6,6
4531,139,136,3,3
4532,108,98,10,10
4533,78,79,-1,1
4534,78,80,-2,2
4535,98,98,0,0
4536,104,102,2,2
4537,68,65,3,3
4538,103,106,-3,3
4539,66,59,7,7
4540,100,101,-1,1
4541,123,118,5,5
4542,74,96,-22,22
4543,136,122,14,14
4544,47,61,-14,14
4545,92,94,-2,2
4546,122,114,8,8
4547,125,126,-1,1
4548,122,107,15,15
4549,61,63,-2,2
4550,82,102,-20,20
4551,112,108,4,4
4552,48,62,-14,14
4553,146,149,-3,3
4554,67,62,5,5
4555,115,111,4,4
4556,165,162,3,3
4557,87,97,-10,10
4558,40,62,-22,22
4559,55,63,-8,8
4560,127,115,12,12
4561,70,69,1,1
4562,99,107,-8,8
4563,45,62,-17,17
4564,95,95,0,0
4565,80,87,-7,7
4566,47,61,-14,14
4567,99,117,-18,18
4568,118,117,1,1
4569,104,103,1,1
4570,75,73,2,2
4571,90,92,-2,2
4572,82,91,-9,9
4573,163,141,22,22
4574,93,94,-1,1
4575,166,171,-5,5
4576,69,73,-4,4
4577,122,132,-10,10
4578,148,148,0,0
4579,56,63,-7,7
4580,66,62,4,4
4581,83,96,-13,13
4582,63,63,0,0
4583,108,109,-1,1
4584,123,105,18,18
4585,161,165,-4,4
4586,83,106,-23,23
4587,49,61,-12,12
4588,78,78,0,0
4589,101,104,-3,3
4590,38,63,-25,25
4591,98,96,2,2
4592,174,153,21,21
4593,75,104,-29,29
4594,56,62,-6,6
4595,138,129,9,9
4596,38,62,-24,24
4597,51,61,-10,10
4598,69,64,5,5
4599,98,101,-3,3
4600,87,90,-3,3
4601,88,89,-1,1
4602,156,151,5,5
4603,140,128,12,12
4604,92,103,-11,11
4605,49,60,-11,11
4606,82,92,-10,10
4607,217,254,-37,37
4608,99,103,-4,4
4609,110,103,7,7
4610,79,86,-7,7
4611,69,63,6,6
4612,87,77,10,10
4613,84,83,1,1
4614,77,74,3,3
4615,78,72,6,6
4616,100,106,-6,6
4617,112,105,7,7
4618,130,121,9,9
4619,137,133,4,4
4620,125,114,11,11
4621,86,91,-5,5
4622,152,136,16,16
4623,96,104,-8,8
4624,111,113,-2,2
4625,99,107,-8,8
4626,56,62,-6,6
4627,211,206,5,5
4628,109,114,-5,5
4629,137,137,0,0
4630,74,78,-4,4
4631,120,121,-1,1
4632,81,91,-10,10
4633,71,79,-8,8
4634,88,89,-1,1
4635,111,105,6,6
4636,197,183,14,14
4637,85,82,3,3
4638,112,111,1,1
4639,44,64,-20,20
4640,86,91,-5,5
4641,72,85,-13,13
4642,59,62,-3,3
4643,82,99,-17,17
4644,69,67,2,2
4645,91,91,0,0
4646,142,141,1,1
4647,84,66,18,18
4648,81,86,-5,5
4649,101,101,0,0
4650,190,163,27,27
4651,107,102,5,5
4652,119,122,-3,3
4653,77,73,4,4
4654,152,141,11,11
4655,64,58,6,6
4656,77,78,-1,1
4657,51,61,-10,10
4658,77,84,-7,7
4659,84,105,-21,21
4660,60,61,-1,1
4661,107,106,1,1
4662,87,103,-16,16
4663,116,126,-10,10
4664,160,138,22,22
4665,116,116,0,0
4666,84,82,2,2
4667,113,112,1,1
4668,105,107,-2,2
4669,55,61,-6,6
4670,91,94,-3,3
4671,113,102,11,11
4672,62,60,2,2
4673,75,74,1,1
4674,45,62,-17,17
4675,177,158,19,19
4676,131,134,-3,3
4677,112,110,2,2
4678,127,131,-4,4
4679,146,121,25,25
4680,138,132,6,6
4681,93,99,-6,6
4682,65,70,-5,5
4683,168,164,4,4
4684,112,123,-11,11
4685,149,132,17,17
4686,140,141,-1,1
4687,94,97,-3,3
4688,141,131,10,10
4689,75,83,-8,8
4690,134,123,11,11
4691,95,92,3,3
4692,119,103,16,16
4693,95,103,-8,8
4694,65,65,0,0
4695,95,100,-5,5
4696,97,103,-6,6
4697,132,126,6,6
4698,87,90,-3,3
4699,124,147,-23,23
4700,115,113,2,2
4701,45,62,-17,17
4702,110,102,8,8
4703,57,63,-6,6
4704,126,105,21,21
4705,50,61,-11,11
4706,132,128,4,4
4707,71,67,4,4
4708,88,81,7,7
4709,91,103,-12,12
4710,79,79,0,0
4711,47,62,-15,15
4712,103,109,-6,6
4713,38,61,-23,23
4714,68,64,4,4
4715,130,120,10,10
4716,157,150,7,7
4717,99,99,0,0
4718,62,60,2,2
4719,79,77,2,2
4720,74,75,-1,1
4721,154,134,20,20
4722,36,59,-23,23
4723,81,86,-5,5
4724,69,65,4,4
4725,39,61,-22,22
4726,106,105,1,1
4727,141,139,2,2
4728,71,69,2,2
4729,108,105,3,3
4730,142,131,11,11
4731,43,60,-17,17
4732,109,115,-6,6
4733,72,72,0,0
4734,110,105,5,5
4735,84,96,-12,12
4736,88,89,-1,1
4737,156,145,11,11
4738,106,113,-7,7
4739,160,151,9,9
4740,105,102,3,3
4741,231,223,8,8
4742,111,102,9,9
4743,53,62,-9,9
4744,124,127,-3,3
4745,105,103,2,2
4746,144,138,6,6
4747,83,92,-9,9
4748,81,85,-4,4
4749,96,96,0,0
4750,143,133,10,10
4751,118,106,12,12
4752,77,82,-5,5
4753,116,123,-7,7
4754,116,91,25,25
4755,76,77,-1,1
4756,73,72,1,1
4757,92,84,8,8
4758,89,89,0,0
4759,58,61,-3,3
4760,70,71,-1,1
4761,134,126,8,8
4762,73,89,-16,16
4763,139,127,12,12
4764,59,63,-4,4
4765,59,61,-2,2
4766,72,74,-2,2
4767,81,86,-5,5
4768,96,97,-1,1
4769,190,174,16,16
4770,131,122,9,9
4771,188,181,7,7
4772,141,146,-5,5
4773,103,103,0,0
4774,65,78,-13,13
4775,86,85,1,1
4776,64,66,-2,2
4777,115,118,-3,3
4778,58,67,-9,9
4779,150,138,12,12
4780,70,75,-5,5
4781,91,94,-3,3
4782,104,102,2,2
4783,78,81,-3,3
4784,57,58,-1,1
4785,117,107,10,10
4786,82,84,-2,2
4787,50,63,-13,13
4788,76,82,-6,6
4789,64,63,1,1
4790,140,131,9,9
4791,88,96,-8,8
4792,41,62,-21,21
4793,56,67,-11,11
4794,161,159,2,2
4795,107,116,-9,9
4796,94,97,-3,3
4797,71,65,6,6
4798,163,140,23,23
4799,99,95,4,4
4800,30,62,-32,32
4801,99,94,5,5
4802,161,132,29,29
4803,82,89,-7,7
4804,92,93,-1,1
4805,152,132,20,20
4806,131,113,18,18
4807,99,96,3,3
4808,50,60,-10,10
4809,80,92,-12,12
4810,99,99,0,0
4811,69,66,3,3
4812,67,76,-9,9
4813,143,126,17,17
4814,68,69,-1,1
4815,65,71,-6,6
4816,94,96,-2,2
4817,55,62,-7,7
4818,94,95,-1,1
4819,45,62,-17,17
4820,140,132,8,8
4821,65,62,3,3
4822,62,66,-4,4
4823,94,100,-6,6
4824,129,122,7,7
4825,123,122,1,1
4826,80,89,-9,9
4827,86,82,4,4
4828,112,117,-5,5
4829,89,89,0,0
4830,72,70,2,2
4831,65,71,-6,6
4832,90,96,-6,6
4833,71,81,-10,10
4834,107,111,-4,4
4835,140,131,9,9
4836,57,61,-4,4
4837,104,105,-1,1
4838,56,67,-11,11
4839,103,101,2,2
4840,104,102,2,2
4841,78,79,-1,1
4842,126,116,10,10
4843,101,97,4,4
4844,85,93,-8,8
4845,72,65,7,7
4846,57,62,-5,5
4847,51,60,-9,9
4848,102,106,-4,4
4849,85,93,-8,8
4850,71,66,5,5
4851,87,84,3,3
4852,74,75,-1,1
4853,104,103,1,1
4854,102,106,-4,4
4855,181,166,15,15
4856,130,126,4,4
4857,75,93,-18,18
4858,102,103,-1,1
4859,56,64,-8,8
4860,72,73,-1,1
4861,90,98,-8,8
4862,66,71,-5,5
4863,82,82,0,0
4864,139,157,-18,18
4865,97,87,10,10
4866,83,87,-4,4
4867,71,83,-12,12
4868,81,72,9,9
4869,80,70,10,10
4870,152,144,8,8
4871,54,61,-7,7
4872,51,62,-11,11
4873,142,121,21,21
4874,134,135,-1,1
4875,253,278,-25,25
4876,85,103,-18,18
4877,274,232,42,42
4878,180,156,24,24
4879,85,90,-5,5
4880,68,75,-7,7
4881,126,117,9,9
4882,147,138,9,9
4883,67,66,1,1
4884,58,63,-5,5
4885,146,140,6,6
4886,170,171,-1,1
4887,80,91,-11,11
4888,117,115,2,2
4889,72,73,-1,1
4890,52,60,-8,8
4891,92,97,-5,5
4892,88,90,-2,2
4893,106,107,-1,1
4894,93,93,0,0
4895,151,142,9,9
4896,90,92,-2,2
4897,71,67,4,4
4898,63,71,-8,8
4899,171,148,23,23
4900,83,67,16,16
4901,125,115,10,10
4902,123,111,12,12
4903,119,113,6,6
4904,100,97,3,3
4905,97,108,-11,11
4906,82,74,8,8
4907,104,109,-5,5
4908,84,84,0,0
4909,133,140,-7,7
4910,66,68,-2,2
4911,328,272,56,56
4912,66,65,1,1
4913,129,119,10,10
4914,60,59,1,1
4915,107,121,-14,14
4916,88,83,5,5
4917,92,106,-14,14
4918,97,88,9,9
4919,95,98,-3,3
4920,176,161,15,15
4921,93,95,-2,2
4922,124,126,-2,2
4923,80,75,5,5
4924,117,116,1,1
4925,92,89,3,3
4926,137,116,21,21
4927,160,149,11,11
4928,114,107,7,7
4929,78,68,10,10
4930,73,73,0,0
4931,62,61,1,1
4932,85,94,-9,9
4933,52,62,-10,10
4934,53,69,-16,16
4935,98,78,20,20
4936,92,97,-5,5
4937,100,103,-3,3
4938,114,110,4,4
4939,139,134,5,5
4940,76,79,-3,3
4941,119,111,8,8
4942,41,63,-22,22
4943,53,62,-9,9
4944,268,268,0,0
4945,66,62,4,4
4946,130,117,13,13
4947,115,110,5,5
4948,157,154,3,3
4949,50,60,-10,10
4950,75,75,0,0
4951,79,73,6,6
4952,85,85,0,0
4953,42,66,-24,24
4954,85,84,1,1
4955,95,99,-4,4
4956,72,84,-12,12
4957,90,102,-12,12
4958,81,78,3,3
4959,109,110,-1,1
4960,146,149,-3,3
4961,131,117,14,14
4962,138,123,15,15
4963,32,61,-29,29
4964,86,91,-5,5
4965,76,77,-1,1
4966,73,92,-19,19
4967,132,124,8,8
4968,136,129,7,7
4969,36,61,-25,25
4970,40,62,-22,22
4971,62,62,0,0
4972,99,107,-8,8
4973,63,77,-14,14
4974,90,82,8,8
4975,63,76,-13,13
4976,63,66,-3,3
4977,73,91,-18,18
4978,73,76,-3,3
4979,120,126,-6,6
4980,161,143,18,18
4981,74,74,0,0
4982,74,65,9,9
4983,49,61,-12,12
4984,157,140,17,17
4985,123,118,5,5
4986,91,86,5,5
4987,115,104,11,11
4988,85,91,-6,6
4989,66,69,-3,3
4990,102,98,4,4
4991,98,98,0,0
4992,100,97,3,3
4993,105,120,-15,15
4994,84,103,-19,19
4995,95,92,3,3
4996,108,99,9,9
4997,62,60,2,2
4998,116,113,3,3
4999,79,73,6,6
5000,73,65,8,8
5001,50,62,-12,12
5002,97,96,1,1
5003,145,130,15,15
5004,152,131,21,21
5005,134,123,11,11
5006,110,103,7,7
5007,114,110,4,4
5008,72,66,6,6
5009,113,110,3,3
5010,58,71,-13,13
5011,50,62,-12,12
5012,29,64,-35,35
5013,71,67,4,4
5014,90,98,-8,8
5015,140,130,10,10
5016,123,117,6,6
5017,131,124,7,7
5018,50,61,-11,11
5019,82,83,-1,1
5020,77,84,-7,7
5021,98,94,4,4
5022,83,72,11,11
5023,88,79,9,9
5024,122,110,12,12
5025,87,89,-2,2
5026,107,104,3,3
5027,75,85,-10,10
5028,89,94,-5,5
5029,124,133,-9,9
5030,105,106,-1,1
5031,62,62,0,0
5032,125,110,15,15
5033,94,98,-4,4
5034,91,97,-6,6
5035,74,91,-17,17
5036,82,96,-14,14
5037,60,61,-1,1
5038,69,69,0,0
5039,132,122,10,10
5040,76,75,1,1
5041,169,160,9,9
5042,101,102,-1,1
5043,167,155,12,12
5044,79,82,-3,3
5045,78,93,-15,15
5046,61,60,1,1
5047,137,121,16,16
5048,116,104,12,12
5049,77,85,-8,8
5050,76,86,-10,10
5051,157,158,-1,1
5052,90,102,-12,12
5053,79,68,11,11
5054,131,116,15,15
5055,118,111,7,7
5056,110,100,10,10
5057,151,133,18,18
5058,159,152,7,7
5059,95,101,-6,6
5060,78,78,0,0
5061,107,113,-6,6
5062,131,125,6,6
5063,87,95,-8,8
5064,42,62,-20,20
5065,66,67,-1,1
5066,101,104,-3,3
5067,140,131,9,9
5068,66,61,5,5
5069,43,61,-18,18
5070,100,99,1,1
5071,120,108,12,12
5072,76,61,15,15
5073,121,129,-8,8
5074,78,80,-2,2
5075,121,118,3,3
5076,51,62,-11,11
5077,101,106,-5,5
5078,136,131,5,5
5079,107,115,-8,8
5080,106,107,-1,1
5081,116,110,6,6
5082,89,92,-3,3
5083,65,69,-4,4
5084,154,141,13,13
5085,130,122,8,8
5086,98,93,5,5
5087,75,94,-19,19
5088,81,84,-3,3
5089,82,92,-10,10
5090,86,97,-11,11
5091,93,99,-6,6
5092,73,80,-7,7
5093,76,88,-12,12
5094,166,163,3,3
5095,98,97,1,1
5096,120,109,11,11
5097,67,69,-2,2
5098,81,81,0,0
5099,170,160,10,10
5100,40,62,-22,22
5101,101,100,1,1
5102,80,79,1,1
5103,121,104,17,17
5104,58,61,-3,3
5105,115,107,8,8
5106,63,64,-1,1
5107,87,95,-8,8
5108,148,148,0,0
5109,102,100,2,2
5110,79,76,3,3
5111,118,106,12,12
5112,92,100,-8,8
5113,110,110,0,0
5114,131,127,4,4
5115,139,145,-6,6
5116,68,79,-11,11
5117,122,122,0,0
5118,140,126,14,14
5119,124,119,5,5
5120,103,96,7,7
5121,59,72,-13,13
5122,80,88,-8,8
5123,131,120,11,11
5124,104,99,5,5
5125,155,138,17,17
5126,89,94,-5,5
5127,68,90,-22,22
5128,79,82,-3,3
5129,110,108,2,2
5130,54,61,-7,7
5131,121,131,-10,10
5132,101,104,-3,3
5133,109,111,-2,2
5134,100,98,2,2
5135,132,126,6,6
5136,71,75,-4,4
5137,89,93,-4,4
5138,92,97,-5,5
5139,91,92,-1,1
5140,117,105,12,12
5141,100,99,1,1
5142,118,108,10,10
5143,160,132,28,28
5144,121,110,11,11
5145,88,96,-8,8
5146,152,146,6,6
5147,56,62,-6,6
5148,51,74,-23,23
5149,110,97,13,13
5150,79,87,-8,8
5151,68,87,-19,19
5152,52,62,-10,10
5153,129,130,-1,1
5154,81,74,7,7
5155,39,62,-23,23
5156,55,127,-72,72
5157,53,60,-7,7
5158,92,96,-4,4
5159,72,73,-1,1
5160,103,105,-2,2
5161,141,125,16,16
5162,82,91,-9,9
5163,69,72,-3,3
5164,168,156,12,12
5165,65,66,-1,1
5166,76,88,-12,12
5167,104,106,-2,2
5168,89,92,-3,3
5169,101,106,-5,5
5170,53,62,-9,9
5171,105,100,5,5
5172,90,82,8,8
5173,116,110,6,6
5174,137,131,6,6
5175,126,113,13,13
5176,43,62,-19,19
5177,65,72,-7,7
5178,76,77,-1,1
5179,104,101,3,3
5180,88,86,2,2
5181,75,70,5,5
5182,82,88,-6,6
5183,40,80,-40,40
5184,77,74,3,3
5185,66,69,-3,3
5186,154,139,15,15
5187,86,88,-2,2
5188,112,119,-7,7
5189,93,97,-4,4
5190,130,144,-14,14
5191,177,160,17,17
5192,148,135,13,13
5193,80,85,-5,5
5194,58,62,-4,4
5195,115,107,8,8
5196,118,112,6,6
5197,66,61,5,5
5198,161,148,13,13
5199,80,90,-10,10
5200,105,101,4,4
5201,56,61,-5,5
5202,66,65,1,1
5203,93,95,-2,2
5204,105,105,0,0
5205,96,96,0,0
5206,62,65,-3,3
5207,68,79,-11,11
5208,83,80,3,3
5209,110,115,-5,5
5210,109,110,-1,1
5211,147,130,17,17
5212,68,63,5,5
5213,121,108,13,13
5214,128,130,-2,2
5215,136,131,5,5
5216,110,103,7,7
5217,84,79,5,5
5218,93,96,-3,3
5219,68,73,-5,5
5220,88,94,-6,6
5221,89,98,-9,9
5222,134,131,3,3
5223,128,120,8,8
5224,79,80,-1,1
5225,66,70,-4,4
5226,58,61,-3,3
5227,58,75,-17,17
5228,69,67,2,2
5229,56,61,-5,5
5230,85,91,-6,6
5231,73,74,-1,1
5232,97,95,2,2
5233,100,91,9,9
5234,82,69,13,13
5235,65,65,0,0
5236,90,96,-6,6
5237,66,82,-16,16
5238,58,63,-5,5
5239,62,100,-38,38
5240,50,63,-13,13
5241,84,92,-8,8
5242,82,90,-8,8
5243,147,147,0,0
5244,91,85,6,6
5245,95,95,0,0
5246,121,116,5,5
5247,56,62,-6,6
5248,54,63,-9,9
5249,103,102,1,1
5250,86,74,12,12
5251,85,81,4,4
5252,97,82,15,15
5253,92,87,5,5
5254,59,62,-3,3
5255,115,114,1,1
5256,116,111,5,5
5257,101,101,0,0
5258,120,101,19,19
5259,164,142,22,22
5260,55,61,-6,6
5261,91,97,-6,6
5262,75,82,-7,7
5263,121,122,-1,1
5264,57,61,-4,4
5265,38,59,-21,21
5266,92,88,4,4
5267,67,65,2,2
5268,120,114,6,6
5269,83,89,-6,6
5270,138,132,6,6
5271,169,148,21,21
5272,59,66,-7,7
5273,47,62,-15,15
5274,46,58,-12,12
5275,123,127,-4,4
5276,142,131,11,11
5277,80,90,-10,10
5278,31,60,-29,29
5279,128,124,4,4
5280,112,102,10,10
5281,98,105,-7,7
5282,55,62,-7,7
5283,110,97,13,13
5284,91,99,-8,8
5285,112,96,16,16
5286,115,118,-3,3
5287,73,65,8,8
5288,106,104,2,2
5289,93,92,1,1
5290,166,159,7,7
5291,128,133,-5,5
5292,112,106,6,6
5293,89,90,-1,1
5294,74,72,2,2
5295,106,118,-12,12
5296,72,75,-3,3
5297,78,77,1,1
5298,92,95,-3,3
5299,140,126,14,14
5300,103,99,4,4
5301,102,111,-9,9
5302,63,76,-13,13
5303,169,148,21,21
5304,78,77,1,1
5305,132,122,10,10
5306,50,51,-1,1
5307,127,112,15,15
5308,138,113,25,25
5309,61,62,-1,1
5310,87,93,-6,6
5311,109,111,-2,2
5312,77,80,-3,3
5313,92,106,-14,14
5314,84,79,5,5
5315,140,124,16,16
5316,79,89,-10,10
5317,87,88,-1,1
5318,76,74,2,2
5319,54,61,-7,7
5320,77,104,-27,27
5321,28,63,-35,35
5322,85,69,16,16
5323,41,61,-20,20
5324,78,86,-8,8
5325,117,109,8,8
5326,99,101,-2,2
5327,130,126,4,4
5328,58,63,-5,5
5329,76,71,5,5
5330,72,76,-4,4
5331,72,69,3,3
5332,130,118,12,12
5333,85,94,-9,9
5334,74,77,-3,3
5335,117,113,4,4
5336,105,111,-6,6
5337,114,111,3,3
5338,94,105,-11,11
5339,127,120,7,7
5340,100,96,4,4
5341,100,103,-3,3
5342,114,107,7,7
5343,137,141,-4,4
5344,141,127,14,14
5345,186,167,19,19
5346,49,62,-13,13
5347,71,77,-6,6
5348,144,137,7,7
5349,108,92,16,16
5350,102,94,8,8
5351,129,121,8,8
5352,123,114,9,9
5353,48,62,-14,14
5354,70,68,2,2
5355,81,81,0,0
5356,72,76,-4,4
5357,76,78,-2,2
5358,114,123,-9,9
5359,130,121,9,9
5360,113,121,-8,8
5361,57,61,-4,4
5362,77,80,-3,3
5363,117,114,3,3
5364,79,72,7,7
5365,87,96,-9,9
5366,99,101,-2,2
5367,211,192,19,19
5368,92,88,4,4
5369,119,110,9,9
5370,54,63,-9,9
5371,111,106,5,5
5372,67,65,2,2
5373,185,179,6,6
5374,68,80,-12,12
5375,190,163,27,27
5376,124,115,9,9
5377,80,95,-15,15
5378,78,74,4,4
5379,92,106,-14,14
5380,70,67,3,3
5381,51,66,-15,15
5382,89,93,-4,4
5383,82,92,-10,10
5384,83,84,-1,1
5385,204,179,25,25
5386,114,105,9,9
5387,62,61,1,1
5388,100,92,8,8
5389,143,154,-11,11
5390,89,89,0,0
5391,123,128,-5,5
5392,150,142,8,8
5393,135,118,17,17
5394,114,116,-2,2
5395,94,103,-9,9
5396,158,145,13,13
5397,58,66,-8,8
5398,94,110,-16,16
5399,59,59,0,0
5400,81,99,-18,18
5401,70,67,3,3
5402,79,80,-1,1
5403,49,60,-11,11
5404,85,83,2,2
5405,85,89,-4,4
5406,55,61,-6,6
5407,97,101,-4,4
5408,95,97,-2,2
5409,129,122,7,7
5410,53,63,-10,10
5411,109,111,-2,2
5412,92,98,-6,6
5413,122,108,14,14
5414,102,103,-1,1
5415,98,113,-15,15
5416,68,76,-8,8
5417,108,104,4,4
5418,92,91,1,1
5419,95,94,1,1
5420,65,66,-1,1
5421,27,61,-34,34
5422,62,66,-4,4
5423,109,105,4,4
5424,72,70,2,2
5425,58,60,-2,2
5426,121,108,13,13
5427,101,97,4,4
5428,63,66,-3,3
5429,38,62,-24,24
5430,145,139,6,6
5431,103,107,-4,4
5432,215,243,-28,28
5433,122,114,8,8
5434,90,99,-9,9
5435,67,65,2,2
5436,98,104,-6,6
5437,106,113,-7,7
5438,119,118,1,1
5439,93,95,-2,2
5440,48,63,-15,15
5441,87,91,-4,4
5442,108,111,-3,3
5443,72,63,9,9
5444,124,116,8,8
5445,114,114,0,0
5446,43,62,-19,19
5447,109,107,2,2
5448,99,105,-6,6
5449,116,109,7,7
5450,72,97,-25,25
5451,122,130,-8,8
5452,98,101,-3,3
5453,144,145,-1,1
5454,78,71,7,7
5455,70,64,6,6
5456,114,111,3,3
5457,137,129,8,8
5458,113,104,9,9
5459,115,102,13,13
5460,85,89,-4,4
5461,63,63,0,0
5462,114,117,-3,3
5463,88,94,-6,6
5464,125,114,11,11
5465,116,114,2,2
5466,150,123,27,27
5467,78,81,-3,3
5468,75,72,3,3
5469,81,91,-10,10
5470,116,132,-16,16
5471,64,59,5,5
5472,93,96,-3,3
5473,96,91,5,5
5474,147,144,3,3
5475,77,77,0,0
5476,139,134,5,5
5477,64,66,-2,2
5478,82,78,4,4
5479,70,67,3,3
5480,142,135,7,7
5481,99,94,5,5
5482,64,66,-2,2
5483,80,92,-12,12
5484,69,62,7,7
5485,64,65,-1,1
5486,99,103,-4,4
5487,120,106,14,14
5488,80,76,4,4
5489,145,140,5,5
5490,161,147,14,14
5491,86,95,-9,9
5492,123,118,5,5
5493,91,91,0,0
5494,147,135,12,12
5495,92,92,0,0
5496,79,89,-10,10
5497,144,129,15,15
5498,72,71,1,1
5499,91,101,-10,10
5500,162,150,12,12
5501,76,84,-8,8
5502,82,91,-9,9
5503,63,68,-5,5
5504,71,71,0,0
5505,74,78,-4,4
5506,152,134,18,18
5507,102,105,-3,3
5508,70,66,4,4
5509,46,61,-15,15
5510,85,100,-15,15
5511,81,87,-6,6
5512,85,92,-7,7
5513,108,97,11,11
5514,124,117,7,7
5515,81,88,-7,7
5516,97,123,-26,26
5517,137,135,2,2
5518,125,119,6,6
5519,90,98,-8,8
5520,83,88,-5,5
5521,89,94,-5,5
5522,124,110,14,14
5523,101,93,8,8
5524,103,104,-1,1
5525,61,62,-1,1
5526,85,76,9,9
5527,102,104,-2,2
5528,83,99,-16,16
5529,91,96,-5,5
5530,131,112,19,19
5531,150,136,14,14
5532,107,106,1,1
5533,115,114,1,1
5534,126,120,6,6
5535,129,125,4,4
5536,95,93,2,2
5537,143,129,14,14
5538,115,116,-1,1
5539,85,85,0,0
5540,164,151,13,13
5541,95,98,-3,3
5542,137,138,-1,1
5543,121,113,8,8
5544,83,83,0,0
5545,115,121,-6,6
5546,154,156,-2,2
5547,115,116,-1,1
5548,88,82,6,6
5549,116,118,-2,2
5550,119,102,17,17
5551,30,64,-34,34
5552,100,96,4,4
5553,132,133,-1,1
5554,186,165,21,21
5555,82,90,-8,8
5556,176,150,26,26
5557,107,103,4,4
5558,89,83,6,6
5559,94,97,-3,3
5560,51,61,-10,10
5561,138,136,2,2
5562,78,82,-4,4
5563,59,63,-4,4
5564,58,61,-3,3
5565,67,65,2,2
5566,79,72,7,7
5567,54,62,-8,8
5568,62,61,1,1
5569,83,80,3,3
5570,75,81,-6,6
5571,115,109,6,6
5572,114,115,-1,1
5573,126,110,16,16
5574,88,103,-15,15
5575,69,63,6,6
5576,38,59,-21,21
5577,71,67,4,4
5578,66,61,5,5
5579,62,63,-1,1
5580,75,67,8,8
5581,59,60,-1,1
5582,97,106,-9,9
5583,81,102,-21,21
5584,69,82,-13,13
5585,81,75,6,6
5586,101,105,-4,4
5587,97,94,3,3
5588,60,71,-11,11
5589,119,113,6,6
5590,113,142,-29,29
5591,130,113,17,17
5592,61,68,-7,7
5593,166,151,15,15
5594,51,60,-9,9
5595,140,136,4,4
5596,109,112,-3,3
5597,115,116,-1,1
5598,112,106,6,6
5599,89,93,-4,4
5600,65,63,2,2
5601,97,101,-4,4
5602,81,106,-25,25
5603,59,62,-3,3
5604,52,61,-9,9
5605,74,89,-15,15
5606,76,80,-4,4
5607,111,91,20,20
5608,112,111,1,1
5609,66,67,-1,1
5610,96,100,-4,4
5611,61,65,-4,4
5612,162,148,14,14
5613,120,110,10,10
5614,68,90,-22,22
5615,61,72,-11,11
5616,110,109,1,1
5617,114,118,-4,4
5618,41,62,-21,21
5619,63,61,2,2
5620,77,77,0,0
5621,92,90,2,2
5622,80,78,2,2
5623,40,62,-22,22
5624,56,64,-8,8
5625,72,75,-3,3
5626,123,111,12,12
5627,77,76,1,1
5628,107,111,-4,4
5629,112,108,4,4
5630,72,81,-9,9
5631,99,104,-5,5
5632,118,110,8,8
5633,77,69,8,8
5634,139,128,11,11
5635,84,85,-1,1
5636,62,66,-4,4
5637,100,100,0,0
5638,80,80,0,0
5639,91,97,-6,6
5640,113,105,8,8
5641,45,61,-16,16
5642,71,62,9,9
5643,122,108,14,14
5644,53,61,-8,8
5645,78,96,-18,18
5646,65,89,-24,24
5647,40,60,-20,20
5648,136,122,14,14
5649,120,115,5,5
5650,104,111,-7,7
5651,85,85,0,0
5652,89,90,-1,1
5653,84,93,-9,9
5654,80,93,-13,13
5655,119,119,0,0
5656,105,102,3,3
5657,61,70,-9,9
5658,53,62,-9,9
5659,69,70,-1,1
5660,83,82,1,1
5661,122,109,13,13
5662,88,91,-3,3
5663,88,81,7,7
5664,104,107,-3,3
5665,94,93,1,1
5666,133,127,6,6
5667,53,65,-12,12
5668,73,76,-3,3
5669,92,95,-3,3
5670,92,92,0,0
5671,91,93,-2,2
5672,82,90,-8,8
5673,87,94,-7,7
5674,135,125,10,10
5675,126,121,5,5
5676,94,94,0,0
5677,55,61,-6,6
5678,104,98,6,6
5679,127,119,8,8
5680,135,133,2,2
5681,145,129,16,16
5682,99,104,-5,5
5683,96,102,-6,6
5684,103,93,10,10
5685,32,61,-29,29
5686,74,77,-3,3
5687,109,98,11,11
5688,59,63,-4,4
5689,101,97,4,4
5690,69,65,4,4
5691,71,90,-19,19
5692,101,96,5,5
5693,129,128,1,1
5694,114,113,1,1
5695,73,74,-1,1
5696,179,155,24,24
5697,81,83,-2,2
5698,127,117,10,10
5699,129,128,1,1
5700,57,60,-3,3
5701,50,61,-11,11
5702,80,65,15,15
5703,116,111,5,5
5704,93,90,3,3
5705,164,151,13,13
5706,43,63,-20,20
5707,96,116,-20,20
5708,88,79,9,9
5709,66,62,4,4
5710,97,101,-4,4
5711,86,92,-6,6
5712,83,95,-12,12
5713,87,92,-5,5
5714,61,65,-4,4
5715,81,86,-5,5
5716,164,150,14,14
5717,138,126,12,12
5718,115,118,-3,3
5719,86,91,-5,5
5720,118,137,-19,19
5721,67,66,1,1
5722,87,95,-8,8
5723,74,68,6,6
5724,51,57,-6,6
5725,67,63,4,4
5726,84,82,2,2
5727,94,94,0,0
5728,69,67,2,2
5729,115,116,-1,1
5730,48,60,-12,12
5731,77,71,6,6
5732,81,77,4,4
5733,110,115,-5,5
5734,74,93,-19,19
5735,54,61,-7,7
5736,84,89,-5,5
5737,70,73,-3,3
5738,64,69,-5,5
5739,80,91,-11,11
5740,78,69,9,9
5741,83,97,-14,14
5742,81,77,4,4
5743,34,62,-28,28
5744,149,157,-8,8
5745,50,62,-12,12
5746,57,60,-3,3
5747,75,76,-1,1
5748,139,122,17,17
5749,48,61,-13,13
5750,61,64,-3,3
5751,96,92,4,4
5752,64,62,2,2
5753,90,105,-15,15
5754,81,78,3,3
5755,119,124,-5,5
5756,129,127,2,2
5757,111,119,-8,8
5758,79,83,-4,4
5759,107,102,5,5
5760,77,85,-8,8
5761,67,67,0,0
5762,103,97,6,6
5763,60,63,-3,3
5764,115,115,0,0
5765,62,61,1,1
5766,71,77,-6,6
5767,67,79,-12,12
5768,46,63,-17,17
5769,52,61,-9,9
5770,55,60,-5,5
5771,95,92,3,3
5772,119,104,15,15
5773,156,156,0,0
5774,89,84,5,5
5775,130,114,16,16
5776,149,140,9,9
5777,53,66,-13,13
5778,103,99,4,4
5779,181,157,24,24
5780,88,93,-5,5
5781,91,93,-2,2
5782,79,68,11,11
5783,64,80,-16,16
5784,85,95,-10,10
5785,45,61,-16,16
5786,72,69,3,3
5787,118,110,8,8
5788,54,62,-8,8
5789,98,100,-2,2
5790,79,88,-9,9
5791,63,64,-1,1
5792,27,62,-35,35
5793,142,130,12,12
5794,67,66,1,1
5795,146,135,11,11
5796,80,91,-11,11
5797,68,89,-21,21
5798,92,99,-7,7
5799,48,61,-13,13
5800,117,109,8,8
5801,98,99,-1,1
5802,73,73,0,0
5803,84,86,-2,2
5804,95,94,1,1
5805,120,119,1,1
5806,151,158,-7,7
5807,50,60,-10,10
5808,93,94,-1,1
5809,150,141,9,9
5810,65,80,-15,15
5811,76,80,-4,4
5812,69,68,1,1
5813,91,92,-1,1
5814,81,89,-8,8
5815,92,92,0,0
5816,127,139,-12,12
5817,100,97,3,3
5818,98,101,-3,3
5819,109,105,4,4
5820,69,74,-5,5
5821,94,107,-13,13
5822,156,141,15,15
5823,82,96,-14,14
5824,62,75,-13,13
5825,56,62,-6,6
5826,44,62,-18,18
5827,134,120,14,14
5828,75,69,6,6
5829,88,94,-6,6
5830,63,69,-6,6
5831,106,109,-3,3
5832,121,111,10,10
5833,94,102,-8,8
5834,89,98,-9,9
5835,45,62,-17,17
5836,76,81,-5,5
5837,85,91,-6,6
5838,129,132,-3,3
5839,113,113,0,0
5840,127,120,7,7
5841,129,144,-15,15
5842,92,94,-2,2
5843,60,61,-1,1
5844,91,77,14,14
5845,90,88,2,2
5846,143,135,8,8
5847,79,77,2,2
5848,118,158,-40,40
5849,65,68,-3,3
5850,88,84,4,4
5851,102,104,-2,2
5852,67,67,0,0
5853,104,101,3,3
5854,164,157,7,7
5855,145,133,12,12
5856,51,62,-11,11
5857,35,61,-26,26
5858,125,119,6,6
5859,78,86,-8,8
5860,110,105,5,5
5861,133,128,5,5
5862,92,95,-3,3
5863,89,98,-9,9
5864,66,63,3,3
5865,96,98,-2,2
5866,74,77,-3,3
5867,21,61,-40,40
5868,52,62,-10,10
5869,49,61,-12,12
5870,133,136,-3,3
5871,56,63,-7,7
5872,48,62,-14,14
5873,53,60,-7,7
5874,86,95,-9,9
5875,81,98,-17,17
5876,139,135,4,4
5877,111,122,-11,11
5878,118,121,-3,3
5879,61,60,1,1
5880,88,99,-11,11
5881,58,62,-4,4
5882,91,90,1,1
5883,110,107,3,3
5884,118,137,-19,19
5885,109,102,7,7
5886,52,62,-10,10
5887,69,75,-6,6
5888,144,123,21,21
5889,87,89,-2,2
5890,153,134,19,19
5891,49,62,-13,13
5892,106,108,-2,2
5893,85,91,-6,6
5894,95,96,-1,1
5895,99,100,-1,1
5896,154,154,0,0
5897,64,80,-16,16
5898,74,71,3,3
5899,94,92,2,2
5900,83,65,18,18
5901,66,67,-1,1
5902,48,61,-13,13
5903,87,98,-11,11
5904,28,60,-32,32
5905,63,61,2,2
5906,117,109,8,8
5907,169,156,13,13
5908,54,61,-7,7
5909,118,113,5,5
5910,77,71,6,6
5911,87,93,-6,6
5912,259,224,35,35
5913,116,119,-3,3
5914,141,134,7,7
5915,63,72,-9,9
5916,194,167,27,27
5917,58,66,-8,8
5918,117,113,4,4
5919,101,102,-1,1
5920,128,123,5,5
5921,99,89,10,10
5922,122,111,11,11
5923,146,134,12,12
5924,117,104,13,13
5925,85,92,-7,7
5926,156,142,14,14
5927,85,87,-2,2
5928,149,148,1,1
5929,62,66,-4,4
5930,133,129,4,4
5931,76,80,-4,4
5932,67,66,1,1
5933,125,148,-23,23
5934,73,67,6,6
5935,106,110,-4,4
5936,98,98,0,0
5937,113,111,2,2
5938,151,144,7,7
5939,91,93,-2,2
5940,115,119,-4,4
5941,99,106,-7,7
5942,51,63,-12,12
5943,102,118,-16,16
5944,123,112,11,11
5945,71,66,5,5
5946,116,113,3,3
5947,118,113,5,5
5948,151,155,-4,4
5949,93,87,6,6
5950,77,80,-3,3
5951,52,62,-10,10
5952,88,87,1,1
5953,56,58,-2,2
5954,152,154,-2,2
5955,129,127,2,2
5956,75,87,-12,12
5957,98,98,0,0
5958,149,147,2,2
5959,73,70,3,3
5960,96,112,-16,16
5961,145,143,2,2
5962,88,82,6,6
5963,159,139,20,20
5964,178,158,20,20
5965,81,92,-11,11
5966,142,127,15,15
5967,97,96,1,1
5968,145,137,8,8
5969,91,93,-2,2
5970,85,69,16,16
5971,87,75,12,12
5972,90,80,10,10
5973,68,66,2,2
5974,94,91,3,3
5975,101,97,4,4
5976,92,80,12,12
5977,71,77,-6,6
5978,113,112,1,1
5979,102,102,0,0
5980,114,117,-3,3
5981,97,98,-1,1
5982,47,61,-14,14
5983,60,60,0,0
5984,135,128,7,7
5985,58,61,-3,3
5986,206,176,30,30
5987,68,71,-3,3
5988,42,61,-19,19
5989,73,65,8,8
5990,83,82,1,1
5991,72,67,5,5
5992,111,89,22,22
5993,58,62,-4,4
5994,130,139,-9,9
5995,111,109,2,2
5996,140,142,-2,2
5997,95,101,-6,6
5998,96,105,-9,9
5999,91,90,1,1
6000,79,77,2,2
6001,74,70,4,4
6002,169,148,21,21
6003,117,117,0,0
6004,78,61,17,17
6005,115,115,0,0
6006,44,63,-19,19
6007,103,115,-12,12
6008,78,126,-48,48
6009,49,61,-12,12
6010,126,124,2,2
6011,93,88,5,5
6012,140,135,5,5
6013,85,93,-8,8
6014,116,124,-8,8
6015,83,75,8,8
6016,96,106,-10,10
6017,143,133,10,10
6018,74,79,-5,5
6019,92,97,-5,5
6020,63,60,3,3
6021,49,59,-10,10
6022,144,136,8,8
6023,54,62,-8,8
6024,116,166,-50,50
6025,66,79,-13,13
6026,56,61,-5,5
6027,56,111,-55,55
6028,107,111,-4,4
6029,140,133,7,7
6030,92,101,-9,9
6031,76,81,-5,5
6032,90,97,-7,7
6033,138,134,4,4
6034,71,65,6,6
6035,89,107,-18,18
6036,66,60,6,6
6037,60,61,-1,1
6038,116,119,-3,3
6039,179,177,2,2
6040,90,74,16,16
6041,116,118,-2,2
6042,89,93,-4,4
6043,95,94,1,1
6044,85,83,2,2
6045,53,62,-9,9
6046,166,155,11,11
6047,43,62,-19,19
6048,119,121,-2,2
6049,105,116,-11,11
6050,121,112,9,9
6051,73,74,-1,1
6052,67,61,6,6
6053,119,118,1,1
6054,106,108,-2,2
6055,72,61,11,11
6056,75,69,6,6
6057,70,74,-4,4
6058,143,130,13,13
6059,83,84,-1,1
6060,83,74,9,9
6061,46,62,-16,16
6062,47,61,-14,14
6063,119,118,1,1
6064,108,100,8,8
6065,43,61,-18,18
6066,64,63,1,1
6067,83,91,-8,8
6068,141,129,12,12
6069,107,103,4,4
6070,35,62,-27,27
6071,119,115,4,4
6072,88,83,5,5
6073,77,84,-7,7
6074,75,73,2,2
6075,140,131,9,9
6076,66,69,-3,3
6077,121,124,-3,3
6078,47,61,-14,14
6079,68,72,-4,4
6080,112,105,7,7
6081,178,156,22,22
6082,87,98,-11,11
6083,164,143,21,21
6084,79,82,-3,3
6085,71,68,3,3
6086,111,127,-16,16
6087,78,86,-8,8
6088,160,164,-4,4
6089,98,99,-1,1
6090,115,155,-40,40
6091,95,109,-14,14
6092,65,65,0,0
6093,159,153,6,6
6094,85,89,-4,4
6095,69,66,3,3
6096,116,119,-3,3
6097,55,58,-3,3
6098,96,98,-2,2
6099,94,91,3,3
6100,72,68,4,4
6101,94,83,11,11
6102,124,130,-6,6
6103,62,64,-2,2
6104,79,71,8,8
6105,146,130,16,16
6106,42,61,-19,19
6107,85,81,4,4
6108,100,91,9,9
6109,131,113,18,18
6110,72,81,-9,9
6111,49,60,-11,11
6112,116,108,8,8
6113,102,102,0,0
6114,135,129,6,6
6115,138,129,9,9
6116,40,61,-21,21
6117,104,103,1,1
6118,99,96,3,3
6119,50,61,-11,11
6120,108,103,5,5
6121,106,109,-3,3
6122,93,92,1,1
6123,155,147,8,8
6124,127,120,7,7
6125,78,80,-2,2
6126,87,93,-6,6
6127,73,73,0,0
6128,92,95,-3,3
6129,86,88,-2,2
6130,117,113,4,4
6131,65,61,4,4
6132,44,61,-17,17
6133,142,135,7,7
6134,83,93,-10,10
6135,104,99,5,5
6136,119,104,15,15
6137,112,108,4,4
6138,96,85,11,11
6139,58,64,-6,6
6140,44,61,-17,17
6141,107,111,-4,4
6142,115,114,1,1
6143,87,95,-8,8
6144,102,103,-1,1
6145,89,90,-1,1
6146,119,111,8,8
6147,101,105,-4,4
6148,55,61,-6,6
6149,92,90,2,2
6150,108,100,8,8
6151,57,62,-5,5
6152,119,113,6,6
6153,133,123,10,10
6154,80,85,-5,5
6155,66,67,-1,1
6156,114,107,7,7
6157,111,114,-3,3
6158,140,131,9,9
6159,108,95,13,13
6160,89,100,-11,11
6161,88,79,9,9
6162,76,87,-11,11
6163,80,85,-5,5
6164,98,91,7,7
6165,73,70,3,3
6166,136,124,12,12
6167,50,62,-12,12
6168,88,100,-12,12
6169,69,71,-2,2
6170,151,137,14,14
6171,66,62,4,4
6172,73,68,5,5
6173,65,63,2,2
6174,72,78,-6,6
6175,52,62,-10,10
6176,108,102,6,6
6177,86,86,0,0
6178,34,62,-28,28
6179,183,176,7,7
6180,54,61,-7,7
6181,122,123,-1,1
6182,64,65,-1,1
6183,75,77,-2,2
6184,105,97,8,8
6185,65,68,-3,3
6186,84,95,-11,11
6187,101,102,-1,1
6188,117,109,8,8
6189,148,143,5,5
6190,66,66,0,0
6191,106,109,-3,3
6192,147,126,21,21
6193,108,112,-4,4
6194,133,110,23,23
6195,42,62,-20,20
6196,67,65,2,2
6197,117,109,8,8
6198,127,132,-5,5
6199,84,83,1,1
6200,72,66,6,6
6201,77,72,5,5
6202,83,76,7,7
6203,77,93,-16,16
6204,133,127,6,6
6205,61,67,-6,6
6206,75,89,-14,14
6207,81,80,1,1
6208,95,93,2,2
6209,115,110,5,5
6210,106,99,7,7
6211,85,78,7,7
6212,89,92,-3,3
6213,103,105,-2,2
6214,78,74,4,4
6215,83,82,1,1
6216,128,113,15,15
6217,64,68,-4,4
6218,87,85,2,2
6219,108,99,9,9
6220,108,108,0,0
6221,77,73,4,4
6222,65,75,-10,10
6223,56,63,-7,7
6224,69,63,6,6
6225,83,97,-14,14
6226,93,101,-8,8
6227,85,90,-5,5
6228,177,165,12,12
6229,52,61,-9,9
6230,35,60,-25,25
6231,128,117,11,11
6232,98,97,1,1
6233,83,86,-3,3
6234,67,66,1,1
6235,102,104,-2,2
6236,115,113,2,2
6237,103,99,4,4
6238,99,103,-4,4
6239,100,99,1,1
6240,148,126,22,22
6241,67,66,1,1
6242,131,127,4,4
6243,76,74,2,2
6244,91,94,-3,3
6245,110,116,-6,6
6246,133,130,3,3
6247,77,106,-29,29
6248,151,144,7,7
6249,130,133,-3,3
6250,80,87,-7,7
6251,86,91,-5,5
6252,117,127,-10,10
6253,72,68,4,4
6254,104,109,-5,5
6255,108,100,8,8
6256,103,109,-6,6
6257,57,60,-3,3
6258,30,60,-30,30
6259,70,71,-1,1
6260,93,106,-13,13
6261,75,71,4,4
6262,46,60,-14,14
6263,169,131,38,38
6264,88,90,-2,2
6265,71,77,-6,6
6266,97,107,-10,10
6267,133,122,11,11
6268,77,85,-8,8
6269,93,99,-6,6
6270,52,65,-13,13
6271,124,133,-9,9
6272,60,93,-33,33
6273,53,61,-8,8
6274,98,97,1,1
6275,105,95,10,10
6276,92,91,1,1
6277,106,99,7,7
6278,55,59,-4,4
6279,94,98,-4,4
6280,94,91,3,3
6281,67,68,-1,1
6282,109,101,8,8
6283,61,66,-5,5
6284,49,62,-13,13
6285,99,96,3,3
6286,109,104,5,5
6287,73,69,4,4
6288,107,103,4,4
6289,82,82,0,0
6290,122,114,8,8
6291,50,61,-11,11
6292,102,97,5,5
6293,99,97,2,2
6294,40,62,-22,22
6295,61,61,0,0
6296,94,99,-5,5
6297,55,60,-5,5
6298,66,65,1,1
6299,58,65,-7,7
6300,139,143,-4,4
6301,104,94,10,10
6302,74,72,2,2
6303,77,74,3,3
6304,77,73,4,4
6305,91,93,-2,2
6306,74,69,5,5
6307,63,63,0,0
6308,56,62,-6,6
6309,103,112,-9,9
6310,83,91,-8,8
6311,69,80,-11,11
6312,165,144,21,21
6313,109,106,3,3
6314,93,82,11,11
6315,123,119,4,4
6316,142,133,9,9
6317,71,65,6,6
6318,102,102,0,0
6319,81,85,-4,4
6320,178,150,28,28
6321,75,70,5,5
6322,68,73,-5,5
6323,135,122,13,13
6324,103,106,-3,3
6325,108,109,-1,1
6326,62,85,-23,23
6327,95,102,-7,7
6328,114,106,8,8
6329,120,114,6,6
6330,124,125,-1,1
6331,90,95,-5,5
6332,29,58,-29,29
6333,69,72,-3,3
6334,61,69,-8,8
6335,85,82,3,3
6336,83,93,-10,10
6337,122,111,11,11
6338,148,137,11,11
6339,108,100,8,8
6340,96,101,-5,5
6341,75,80,-5,5
6342,101,109,-8,8
6343,81,76,5,5
6344,98,105,-7,7
6345,95,94,1,1
6346,100,96,4,4
6347,96,102,-6,6
6348,161,166,-5,5
6349,84,81,3,3
6350,55,60,-5,5
6351,59,66,-7,7
6352,124,121,3,3
6353,137,135,2,2
6354,118,114,4,4
6355,144,123,21,21
6356,182,164,18,18
6357,126,117,9,9
6358,127,124,3,3
6359,111,108,3,3
6360,92,94,-2,2
6361,106,104,2,2
6362,74,80,-6,6
6363,68,87,-19,19
6364,108,115,-7,7
6365,95,94,1,1
6366,103,105,-2,2
6367,81,89,-8,8
6368,86,93,-7,7
6369,170,148,22,22
6370,50,62,-12,12
6371,51,62,-11,11
6372,94,87,7,7
6373,146,150,-4,4
6374,74,78,-4,4
6375,100,94,6,6
6376,128,114,14,14
6377,74,67,7,7
6378,108,117,-9,9
6379,77,82,-5,5
6380,63,67,-4,4
6381,50,61,-11,11
6382,109,104,5,5
6383,52,62,-10,10
6384,68,92,-24,24
6385,90,100,-10,10
6386,80,91,-11,11
6387,55,66,-11,11
6388,103,97,6,6
6389,84,91,-7,7
6390,90,84,6,6
6391,66,78,-12,12
6392,167,155,12,12
6393,82,85,-3,3
6394,73,69,4,4
6395,86,95,-9,9
6396,71,75,-4,4
6397,80,91,-11,11
6398,92,97,-5,5
6399,117,113,4,4
6400,51,63,-12,12
6401,94,97,-3,3
6402,84,88,-4,4
6403,135,132,3,3
6404,66,73,-7,7
6405,151,140,11,11
6406,92,99,-7,7
6407,102,104,-2,2
6408,116,104,12,12
6409,50,64,-14,14
6410,88,94,-6,6
6411,119,116,3,3
6412,107,108,-1,1
6413,93,102,-9,9
6414,142,131,11,11
6415,52,62,-10,10
6416,115,114,1,1
6417,52,62,-10,10
6418,56,59,-3,3
6419,152,130,22,22
6420,83,73,10,10
6421,62,61,1,1
6422,64,74,-10,10
6423,119,108,11,11
6424,157,131,26,26
6425,51,60,-9,9
6426,118,113,5,5
6427,58,67,-9,9
6428,94,93,1,1
6429,45,60,-15,15
6430,120,109,11,11
6431,88,95,-7,7
6432,84,94,-10,10
6433,131,126,5,5
6434,98,95,3,3
6435,50,62,-12,12
6436,88,85,3,3
6437,101,115,-14,14
6438,78,71,7,7
6439,40,62,-22,22
6440,103,110,-7,7
6441,96,91,5,5
6442,83,85,-2,2
6443,93,95,-2,2
6444,82,74,8,8
6445,103,101,2,2
6446,41,61,-20,20
6447,39,62,-23,23
6448,60,61,-1,1
6449,137,128,9,9
6450,46,61,-15,15
6451,51,62,-11,11
6452,82,89,-7,7
6453,131,118,13,13
6454,66,73,-7,7
6455,76,68,8,8
6456,204,180,24,24
6457,106,107,-1,1
6458,72,67,5,5
6459,145,142,3,3
6460,80,76,4,4
6461,89,97,-8,8
6462,148,153,-5,5
6463,141,124,17,17
6464,59,64,-5,5
6465,51,62,-11,11
6466,88,90,-2,2
6467,77,80,-3,3
6468,103,110,-7,7
6469,94,90,4,4
6470,92,86,6,6
6471,82,78,4,4
6472,89,96,-7,7
6473,72,76,-4,4
6474,135,125,10,10
6475,135,124,11,11
6476,85,87,-2,2
6477,63,63,0,0
6478,173,158,15,15
6479,108,107,1,1
6480,141,122,19,19
6481,85,94,-9,9
6482,144,137,7,7
6483,66,65,1,1
6484,86,93,-7,7
6485,84,78,6,6
6486,107,100,7,7
6487,60,64,-4,4
6488,62,68,-6,6
6489,174,169,5,5
6490,68,61,7,7
6491,74,80,-6,6
6492,67,65,2,2
6493,72,64,8,8
6494,117,114,3,3
6495,93,118,-25,25
6496,69,80,-11,11
6497,75,77,-2,2
6498,84,85,-1,1
6499,101,104,-3,3
6500,78,79,-1,1
6501,202,185,17,17
6502,97,109,-12,12
6503,79,80,-1,1
6504,97,107,-10,10
6505,60,67,-7,7
6506,58,60,-2,2
6507,113,120,-7,7
6508,63,67,-4,4
6509,79,80,-1,1
6510,94,95,-1,1
6511,129,126,3,3
6512,142,132,10,10
6513,96,97,-1,1
6514,83,75,8,8
6515,137,126,11,11
6516,99,97,2,2
6517,92,98,-6,6
6518,92,107,-15,15
6519,69,65,4,4
6520,126,136,-10,10
6521,148,152,-4,4
6522,90,92,-2,2
6523,94,92,2,2
6524,111,109,2,2
6525,86,98,-12,12
6526,49,63,-14,14
6527,124,115,9,9
6528,107,110,-3,3
6529,129,121,8,8
6530,58,61,-3,3
6531,70,69,1,1
6532,70,76,-6,6
6533,91,87,4,4
6534,86,80,6,6
6535,102,105,-3,3
6536,83,92,-9,9
6537,119,114,5,5
6538,76,85,-9,9
6539,49,60,-11,11
6540,94,79,15,15
6541,124,108,16,16
6542,65,63,2,2
6543,96,109,-13,13
6544,170,161,9,9
6545,68,74,-6,6
6546,28,61,-33,33
6547,135,132,3,3
6548,151,129,22,22
6549,80,90,-10,10
6550,79,96,-17,17
6551,68,87,-19,19
6552,118,104,14,14
6553,73,70,3,3
6554,104,114,-10,10
6555,147,129,18,18
6556,91,110,-19,19
6557,147,126,21,21
6558,55,63,-8,8
6559,66,66,0,0
6560,121,112,9,9
6561,70,70,0,0
6562,107,104,3,3
6563,153,143,10,10
6564,124,122,2,2
6565,59,67,-8,8
6566,90,90,0,0
6567,57,68,-11,11
6568,129,114,15,15
6569,98,103,-5,5
6570,152,136,16,16
6571,55,61,-6,6
6572,93,77,16,16
6573,61,61,0,0
6574,135,124,11,11
6575,72,65,7,7
6576,105,111,-6,6
6577,65,98,-33,33
6578,91,92,-1,1
6579,117,111,6,6
6580,85,94,-9,9
6581,125,116,9,9
6582,57,66,-9,9
6583,151,133,18,18
6584,68,72,-4,4
6585,104,112,-8,8
6586,53,61,-8,8
6587,88,91,-3,3
6588,91,93,-2,2
6589,184,146,38,38
6590,99,97,2,2
6591,189,161,28,28
6592,186,162,24,24
6593,125,110,15,15
6594,62,72,-10,10
6595,103,104,-1,1
6596,183,172,11,11
6597,62,62,0,0
6598,66,65,1,1
6599,73,68,5,5
6600,114,109,5,5
6601,123,122,1,1
6602,108,95,13,13
6603,115,107,8,8
6604,124,114,10,10
6605,66,81,-15,15
6606,104,105,-1,1
6607,75,86,-11,11
6608,108,113,-5,5
6609,81,81,0,0
6610,82,69,13,13
6611,80,71,9,9
6612,30,61,-31,31
6613,90,91,-1,1
6614,62,64,-2,2
6615,86,83,3,3
6616,56,60,-4,4
6617,95,98,-3,3
6618,100,104,-4,4
6619,102,100,2,2
6620,102,106,-4,4
6621,59,61,-2,2
6622,152,133,19,19
6623,163,158,5,5
6624,143,130,13,13
6625,162,150,12,12
6626,84,91,-7,7
6627,78,89,-11,11
6628,92,99,-7,7
6629,79,90,-11,11
6630,78,73,5,5
6631,120,107,13,13
6632,99,96,3,3
6633,103,107,-4,4
6634,76,82,-6,6
6635,80,77,3,3
6636,66,64,2,2
6637,128,123,5,5
6638,85,73,12,12
6639,100,102,-2,2
6640,46,61,-15,15
6641,125,119,6,6
6642,111,115,-4,4
6643,119,114,5,5
6644,59,63,-4,4
6645,55,62,-7,7
6646,158,147,11,11
6647,106,112,-6,6
6648,136,126,10,10
6649,108,101,7,7
6650,124,115,9,9
6651,106,106,0,0
6652,92,84,8,8
6653,118,121,-3,3
6654,108,103,5,5
6655,114,110,4,4
6656,51,62,-11,11
6657,85,84,1,1
6658,61,90,-29,29
6659,74,73,1,1
6660,67,66,1,1
6661,108,104,4,4
6662,132,127,5,5
6663,78,68,10,10
6664,102,108,-6,6
6665,175,148,27,27
6666,140,134,6,6
6667,93,89,4,4
6668,75,86,-11,11
6669,98,97,1,1
6670,98,92,6,6
6671,119,109,10,10
6672,121,143,-22,22
6673,94,99,-5,5
6674,117,105,12,12
6675,108,110,-2,2
6676,87,107,-20,20
6677,100,97,3,3
6678,88,82,6,6
6679,86,71,15,15
6680,65,69,-4,4
6681,81,81,0,0
6682,89,92,-3,3
6683,114,108,6,6
6684,108,107,1,1
6685,95,91,4,4
6686,100,103,-3,3
6687,98,100,-2,2
6688,88,91,-3,3
6689,95,100,-5,5
6690,92,97,-5,5
6691,161,150,11,11
6692,57,61,-4,4
6693,89,94,-5,5
6694,67,62,5,5
6695,101,103,-2,2
6696,102,110,-8,8
6697,84,88,-4,4
6698,64,62,2,2
6699,127,125,2,2
6700,97,99,-2,2
6701,101,102,-1,1
6702,65,69,-4,4
6703,89,89,0,0
6704,70,67,3,3
6705,67,74,-7,7
6706,169,155,14,14
6707,59,70,-11,11
6708,163,142,21,21
6709,38,60,-22,22
6710,117,114,3,3
6711,53,60,-7,7
6712,52,61,-9,9
6713,120,118,2,2
6714,80,69,11,11
6715,52,61,-9,9
6716,127,143,-16,16
6717,87,97,-10,10
6718,54,97,-43,43
6719,66,61,5,5
6720,98,97,1,1
6721,112,111,1,1
6722,56,60,-4,4
6723,114,113,1,1
6724,90,92,-2,2
6725,87,93,-6,6
6726,58,64,-6,6
6727,118,113,5,5
6728,96,100,-4,4
6729,102,111,-9,9
6730,84,93,-9,9
6731,111,106,5,5
6732,62,67,-5,5
6733,73,69,4,4
6734,69,72,-3,3
6735,133,126,7,7
6736,87,82,5,5
6737,64,64,0,0
6738,85,92,-7,7
6739,103,98,5,5
6740,86,81,5,5
6741,68,70,-2,2
6742,145,145,0,0
6743,74,66,8,8
6744,91,99,-8,8
6745,102,96,6,6
6746,128,125,3,3
6747,104,107,-3,3
6748,110,120,-10,10
6749,56,60,-4,4
6750,83,90,-7,7
6751,109,111,-2,2
6752,77,70,7,7
6753,164,137,27,27
6754,137,132,5,5
6755,134,120,14,14
6756,172,161,11,11
6757,116,112,4,4
6758,80,77,3,3
6759,50,61,-11,11
6760,168,146,22,22
6761,68,72,-4,4
6762,88,99,-11,11
6763,48,61,-13,13
6764,60,62,-2,2
6765,135,135,0,0
6766,75,65,10,10
6767,187,171,16,16
6768,78,76,2,2
6769,117,101,16,16
6770,109,115,-6,6
6771,79,71,8,8
6772,80,83,-3,3
6773,72,73,-1,1
6774,105,105,0,0
6775,130,132,-2,2
6776,108,112,-4,4
6777,39,60,-21,21
6778,94,102,-8,8
6779,76,86,-10,10
6780,84,89,-5,5
6781,110,118,-8,8
6782,79,77,2,2
6783,129,112,17,17
6784,66,65,1,1
6785,73,78,-5,5
6786,90,85,5,5
6787,69,72,-3,3
6788,76,63,13,13
6789,96,116,-20,20
6790,113,109,4,4
6791,118,116,2,2
6792,78,76,2,2
6793,92,89,3,3
6794,96,93,3,3
6795,111,117,-6,6
6796,143,149,-6,6
6797,101,100,1,1
6798,99,103,-4,4
6799,110,119,-9,9
6800,105,110,-5,5
6801,79,81,-2,2
6802,80,96,-16,16
6803,54,62,-8,8
6804,86,84,2,2
6805,66,72,-6,6
6806,96,96,0,0
6807,151,143,8,8
6808,78,102,-24,24
6809,82,95,-13,13
6810,93,94,-1,1
6811,57,68,-11,11
6812,129,115,14,14
6813,89,89,0,0
6814,83,85,-2,2
6815,72,87,-15,15
6816,85,92,-7,7
6817,58,62,-4,4
6818,69,67,2,2
6819,69,82,-13,13
6820,55,60,-5,5
6821,114,108,6,6
6822,145,126,19,19
6823,81,94,-13,13
6824,41,63,-22,22
6825,88,104,-16,16
6826,108,109,-1,1
6827,104,102,2,2
6828,74,66,8,8
6829,111,109,2,2
6830,74,71,3,3
6831,82,82,0,0
6832,129,121,8,8
6833,75,82,-7,7
6834,137,124,13,13
6835,135,129,6,6
6836,93,86,7,7
6837,73,91,-18,18
6838,125,122,3,3
6839,110,118,-8,8
6840,147,158,-11,11
6841,86,95,-9,9
6842,96,93,3,3
6843,104,102,2,2
6844,110,112,-2,2
6845,80,81,-1,1
6846,66,73,-7,7
6847,168,159,9,9
6848,123,132,-9,9
6849,138,135,3,3
6850,66,65,1,1
6851,66,66,0,0
6852,143,124,19,19
6853,88,74,14,14
6854,76,91,-15,15
6855,143,141,2,2
6856,108,103,5,5
6857,74,71,3,3
6858,76,75,1,1
6859,59,64,-5,5
6860,87,88,-1,1
6861,113,111,2,2
6862,57,59,-2,2
6863,56,64,-8,8
6864,102,96,6,6
6865,74,79,-5,5
6866,89,95,-6,6
6867,75,87,-12,12
6868,128,124,4,4
6869,106,113,-7,7
6870,92,87,5,5
6871,138,136,2,2
6872,75,70,5,5
6873,103,103,0,0
6874,120,108,12,12
6875,136,123,13,13
6876,72,75,-3,3
6877,128,136,-8,8
6878,128,124,4,4
6879,150,139,11,11
6880,86,85,1,1
6881,85,87,-2,2
6882,62,62,0,0
6883,76,78,-2,2
6884,123,122,1,1
6885,64,64,0,0
6886,116,116,0,0
6887,62,64,-2,2
6888,81,83,-2,2
6889,118,110,8,8
6890,117,116,1,1
6891,123,111,12,12
6892,144,122,22,22
6893,109,107,2,2
6894,79,75,4,4
6895,97,103,-6,6
6896,87,86,1,1
6897,55,62,-7,7
6898,65,65,0,0
6899,103,102,1,1
6900,90,81,9,9
6901,87,87,0,0
6902,43,63,-20,20
6903,92,94,-2,2
6904,147,149,-2,2
6905,106,101,5,5
6906,68,79,-11,11
6907,71,65,6,6
6908,97,100,-3,3
6909,93,97,-4,4
6910,69,90,-21,21
6911,92,99,-7,7
6912,77,87,-10,10
6913,132,124,8,8
6914,87,93,-6,6
6915,118,110,8,8
6916,58,62,-4,4
6917,43,61,-18,18
6918,80,90,-10,10
6919,118,108,10,10
6920,107,117,-10,10
6921,132,128,4,4
6922,86,95,-9,9
6923,114,107,7,7
6924,85,81,4,4
6925,66,71,-5,5
6926,65,62,3,3
6927,84,91,-7,7
6928,122,119,3,3
6929,74,78,-4,4
6930,154,156,-2,2
6931,93,94,-1,1
6932,40,65,-25,25
6933,88,80,8,8
6934,84,91,-7,7
6935,67,68,-1,1
6936,113,118,-5,5
6937,110,110,0,0
6938,217,186,31,31
6939,99,106,-7,7
6940,107,110,-3,3
6941,120,118,2,2
6942,116,107,9,9
6943,70,84,-14,14
6944,86,85,1,1
6945,89,94,-5,5
6946,75,72,3,3
6947,72,69,3,3
6948,75,75,0,0
6949,55,64,-9,9
6950,196,187,9,9
6951,114,107,7,7
6952,142,121,21,21
6953,76,79,-3,3
6954,71,66,5,5
6955,80,91,-11,11
6956,81,81,0,0
6957,106,96,10,10
6958,126,118,8,8
6959,114,115,-1,1
6960,90,94,-4,4
6961,134,127,7,7
6962,112,111,1,1
6963,86,91,-5,5
6964,109,117,-8,8
6965,98,111,-13,13
6966,123,122,1,1
6967,48,62,-14,14
6968,89,91,-2,2
6969,141,137,4,4
6970,122,118,4,4
6971,65,131,-66,66
6972,163,148,15,15
6973,106,102,4,4
6974,145,141,4,4
6975,65,63,2,2
6976,111,97,14,14
6977,110,108,2,2
6978,40,62,-22,22
6979,77,76,1,1
6980,81,79,2,2
6981,136,125,11,11
6982,124,126,-2,2
6983,107,110,-3,3
6984,83,88,-5,5
6985,137,124,13,13
6986,93,98,-5,5
6987,95,99,-4,4
6988,82,98,-16,16
6989,91,95,-4,4
6990,139,122,17,17
6991,49,61,-12,12
6992,36,62,-26,26
6993,76,65,11,11
6994,57,63,-6,6
6995,128,128,0,0
6996,77,98,-21,21
6997,86,92,-6,6
6998,144,136,8,8
6999,72,71,1,1
7000,48,61,-13,13
7001,86,82,4,4
7002,96,92,4,4
7003,67,66,1,1
7004,65,67,-2,2
7005,132,118,14,14
7006,128,120,8,8
7007,115,106,9,9
7008,109,110,-1,1
7009,63,65,-2,2
7010,55,62,-7,7
7011,119,115,4,4
7012,70,65,5,5
7013,125,121,4,4
7014,146,130,16,16
7015,84,90,-6,6
7016,120,119,1,1
7017,83,92,-9,9
7018,68,64,4,4
7019,106,100,6,6
7020,147,126,21,21
7021,81,83,-2,2
7022,87,96,-9,9
7023,86,85,1,1
7024,67,74,-7,7
7025,100,96,4,4
7026,81,89,-8,8
7027,70,80,-10,10
7028,94,94,0,0
7029,123,112,11,11
7030,121,113,8,8
7031,71,76,-5,5
7032,73,70,3,3
7033,79,81,-2,2
7034,98,105,-7,7
7035,147,119,28,28
7036,86,87,-1,1
7037,83,75,8,8
7038,117,110,7,7
7039,93,98,-5,5
7040,44,62,-18,18
7041,68,74,-6,6
7042,74,74,0,0
7043,76,95,-19,19
7044,96,93,3,3
7045,80,66,14,14
7046,73,90,-17,17
7047,93,90,3,3
7048,48,60,-12,12
7049,85,90,-5,5
7050,140,132,8,8
7051,81,84,-3,3
7052,57,57,0,0
7053,93,91,2,2
7054,119,118,1,1
7055,129,135,-6,6
7056,88,92,-4,4
7057,101,102,-1,1
7058,91,95,-4,4
7059,59,63,-4,4
7060,109,119,-10,10
7061,89,86,3,3
7062,101,93,8,8
7063,116,107,9,9
7064,86,91,-5,5
7065,113,109,4,4
7066,101,97,4,4
7067,110,110,0,0
7068,115,140,-25,25
7069,137,147,-10,10
7070,64,74,-10,10
7071,133,120,13,13
7072,80,90,-10,10
7073,61,59,2,2
7074,116,117,-1,1
7075,154,143,11,11
7076,69,66,3,3
7077,123,122,1,1
7078,63,65,-2,2
7079,99,118,-19,19
7080,52,61,-9,9
7081,86,85,1,1
7082,79,75,4,4
7083,97,106,-9,9
7084,68,68,0,0
7085,79,88,-9,9
7086,82,72,10,10
7087,66,62,4,4
7088,28,61,-33,33
7089,54,65,-11,11
7090,76,74,2,2
7091,74,89,-15,15
7092,97,99,-2,2
7093,82,80,2,2
7094,103,105,-2,2
7095,61,60,1,1
7096,69,63,6,6
7097,60,67,-7,7
7098,61,96,-35,35
7099,100,107,-7,7
7100,100,102,-2,2
7101,129,116,13,13
7102,184,160,24,24
7103,119,118,1,1
7104,91,85,6,6
7105,99,110,-11,11
7106,100,99,1,1
7107,58,63,-5,5
7108,70,69,1,1
7109,76,89,-13,13
7110,77,74,3,3
7111,70,61,9,9
7112,116,111,5,5
7113,149,137,12,12
7114,124,124,0,0
7115,139,115,24,24
7116,142,146,-4,4
7117,77,82,-5,5
7118,96,92,4,4
7119,215,180,35,35
7120,70,72,-2,2
7121,118,116,2,2
7122,89,95,-6,6
7123,106,100,6,6
7124,117,114,3,3
7125,60,62,-2,2
7126,67,69,-2,2
7127,149,149,0,0
7128,364,442,-78,78
7129,110,106,4,4
7130,106,98,8,8
7131,161,157,4,4
7132,119,130,-11,11
7133,113,141,-28,28
7134,100,104,-4,4
7135,51,59,-8,8
7136,121,116,5,5
7137,108,109,-1,1
7138,107,106,1,1
7139,62,63,-1,1
7140,84,91,-7,7
7141,93,83,10,10
7142,143,134,9,9
7143,136,128,8,8
7144,53,61,-8,8
7145,97,104,-7,7
7146,139,140,-1,1
7147,126,129,-3,3
7148,46,62,-16,16
7149,172,162,10,10
7150,101,101,0,0
7151,89,94,-5,5
7152,118,110,8,8
7153,71,73,-2,2
7154,120,121,-1,1
7155,77,79,-2,2
7156,145,127,18,18
7157,45,62,-17,17
7158,80,79,1,1
7159,58,65,-7,7
7160,117,109,8,8
7161,91,94,-3,3
7162,192,173,19,19
7163,68,66,2,2
7164,71,63,8,8
7165,82,80,2,2
7166,84,84,0,0
7167,70,78,-8,8
7168,47,62,-15,15
7169,95,92,3,3
7170,59,64,-5,5
7171,154,138,16,16
7172,131,120,11,11
7173,98,101,-3,3
7174,38,62,-24,24
7175,86,94,-8,8
7176,55,60,-5,5
7177,40,62,-22,22
7178,119,116,3,3
7179,247,214,33,33
7180,96,103,-7,7
7181,69,70,-1,1
7182,87,96,-9,9
7183,93,101,-8,8
7184,84,82,2,2
7185,127,129,-2,2
7186,106,102,4,4
7187,62,63,-1,1
7188,84,92,-8,8
7189,48,60,-12,12
7190,116,124,-8,8
7191,83,84,-1,1
7192,123,124,-1,1
7193,97,92,5,5
7194,119,105,14,14
7195,113,116,-3,3
7196,70,70,0,0
7197,123,127,-4,4
7198,86,85,1,1
7199,49,60,-11,11
7200,113,113,0,0
7201,100,102,-2,2
7202,131,125,6,6
7203,93,96,-3,3
7204,92,90,2,2
7205,73,71,2,2
7206,61,63,-2,2
7207,72,66,6,6
7208,91,93,-2,2
7209,86,90,-4,4
7210,82,81,1,1
7211,179,167,12,12
7212,121,109,12,12
7213,58,62,-4,4
7214,83,72,11,11
7215,100,85,15,15
7216,84,81,3,3
7217,76,74,2,2
7218,83,74,9,9
7219,81,79,2,2
7220,119,115,4,4
7221,160,144,16,16
7222,97,102,-5,5
7223,143,151,-8,8
7224,49,52,-3,3
7225,188,164,24,24
7226,79,82,-3,3
7227,62,62,0,0
7228,71,63,8,8
7229,114,126,-12,12
7230,167,164,3,3
7231,100,95,5,5
7232,90,87,3,3
7233,106,109,-3,3
7234,129,127,2,2
7235,81,77,4,4
7236,52,63,-11,11
7237,86,85,1,1
7238,92,108,-16,16
7239,59,65,-6,6
7240,98,104,-6,6
7241,94,95,-1,1
7242,173,159,14,14
7243,82,94,-12,12
7244,121,115,6,6
7245,84,80,4,4
7246,44,60,-16,16
7247,88,104,-16,16
7248,91,90,1,1
7249,97,95,2,2
7250,46,61,-15,15
7251,114,108,6,6
7252,108,102,6,6
7253,66,62,4,4
7254,71,67,4,4
7255,76,71,5,5
7256,159,149,10,10
7257,39,46,-7,7
7258,47,60,-13,13
7259,142,122,20,20
7260,124,127,-3,3
7261,109,109,0,0
7262,110,112,-2,2
7263,59,61,-2,2
7264,107,98,9,9
7265,59,62,-3,3
7266,93,97,-4,4
7267,96,101,-5,5
7268,40,55,-15,15
7269,124,126,-2,2
7270,90,75,15,15
7271,52,61,-9,9
7272,95,92,3,3
7273,81,87,-6,6
7274,171,149,22,22
7275,78,65,13,13
7276,97,86,11,11
7277,82,93,-11,11
7278,93,100,-7,7
7279,106,109,-3,3
7280,129,116,13,13
7281,110,117,-7,7
7282,28,62,-34,34
7283,152,149,3,3
7284,113,101,12,12
7285,62,62,0,0
7286,51,60,-9,9
7287,167,167,0,0
7288,60,61,-1,1
7289,176,160,16,16
7290,139,137,2,2
7291,193,179,14,14
7292,78,82,-4,4
7293,76,71,5,5
7294,80,75,5,5
7295,86,103,-17,17
7296,102,94,8,8
7297,51,63,-12,12
7298,32,62,-30,30
7299,133,122,11,11
7300,160,143,17,17
7301,75,74,1,1
7302,84,78,6,6
7303,85,90,-5,5
7304,89,95,-6,6
7305,69,65,4,4
7306,113,111,2,2
7307,69,64,5,5
7308,76,84,-8,8
7309,56,76,-20,20
7310,86,76,10,10
7311,92,99,-7,7
7312,54,60,-6,6
7313,100,94,6,6
7314,37,66,-29,29
7315,140,133,7,7
7316,57,68,-11,11
7317,83,91,-8,8
7318,75,62,13,13
7319,59,59,0,0
7320,99,117,-18,18
7321,108,105,3,3
7322,93,101,-8,8
7323,78,88,-10,10
7324,166,159,7,7
7325,81,89,-8,8
7326,80,80,0,0
7327,166,143,23,23
7328,56,63,-7,7
7329,108,113,-5,5
7330,88,90,-2,2
7331,124,128,-4,4
7332,71,74,-3,3
7333,111,103,8,8
7334,77,93,-16,16
7335,84,84,0,0
7336,85,89,-4,4
7337,103,96,7,7
7338,67,77,-10,10
7339,128,118,10,10
7340,54,62,-8,8
7341,98,96,2,2
7342,115,124,-9,9
7343,80,74,6,6
7344,66,62,4,4
7345,84,82,2,2
7346,179,167,12,12
7347,70,74,-4,4
7348,93,98,-5,5
7349,139,148,-9,9
7350,136,120,16,16
7351,173,162,11,11
7352,112,105,7,7
7353,76,90,-14,14
7354,112,113,-1,1
7355,118,122,-4,4
7356,109,99,10,10
7357,101,109,-8,8
7358,105,97,8,8
7359,67,85,-18,18
7360,131,121,10,10
7361,41,62,-21,21
7362,49,62,-13,13
7363,113,115,-2,2
7364,137,134,3,3
7365,96,103,-7,7
7366,68,67,1,1
7367,110,129,-19,19
7368,70,73,-3,3
7369,155,157,-2,2
7370,58,59,-1,1
7371,140,148,-8,8
7372,119,123,-4,4
7373,67,68,-1,1
7374,79,89,-10,10
7375,68,66,2,2
7376,62,62,0,0
7377,48,62,-14,14
7378,104,107,-3,3
7379,67,71,-4,4
7380,63,69,-6,6
7381,70,68,2,2
7382,83,96,-13,13
7383,66,66,0,0
7384,67,80,-13,13
7385,54,62,-8,8
7386,144,140,4,4
7387,68,69,-1,1
7388,76,80,-4,4
7389,62,61,1,1
7390,147,130,17,17
7391,80,101,-21,21
7392,53,60,-7,7
7393,73,79,-6,6
7394,74,70,4,4
7395,63,66,-3,3
7396,111,111,0,0
7397,199,170,29,29
7398,90,95,-5,5
7399,65,67,-2,2
7400,68,62,6,6
7401,81,86,-5,5
7402,95,95,0,0
7403,83,88,-5,5
7404,99,89,10,10
7405,64,75,-11,11
7406,70,73,-3,3
7407,62,62,0,0
7408,60,64,-4,4
7409,84,93,-9,9
7410,63,62,1,1
7411,91,100,-9,9
7412,53,67,-14,14
7413,114,104,10,10
7414,102,101,1,1
7415,80,64,16,16
7416,85,97,-12,12
7417,112,116,-4,4
7418,86,90,-4,4
7419,61,65,-4,4
7420,118,110,8,8
7421,108,92,16,16
7422,179,154,25,25
7423,87,91,-4,4
7424,185,165,20,20
7425,91,91,0,0
7426,73,80,-7,7
7427,63,60,3,3
7428,159,138,21,21
7429,146,141,5,5
7430,75,86,-11,11
7431,73,74,-1,1
7432,107,100,7,7
7433,93,94,-1,1
7434,89,99,-10,10
7435,82,99,-17,17
7436,79,75,4,4
7437,50,62,-12,12
7438,69,70,-1,1
7439,89,96,-7,7
7440,145,150,-5,5
7441,84,96,-12,12
7442,115,119,-4,4
7443,103,122,-19,19
7444,90,100,-10,10
7445,57,62,-5,5
7446,118,104,14,14
7447,99,103,-4,4
7448,124,115,9,9
7449,102,110,-8,8
7450,97,97,0,0
7451,64,65,-1,1
7452,78,74,4,4
7453,121,121,0,0
7454,163,147,16,16
7455,63,62,1,1
7456,53,63,-10,10
7457,71,72,-1,1
7458,79,83,-4,4
7459,102,105,-3,3
7460,130,121,9,9
7461,114,111,3,3
7462,118,124,-6,6
7463,93,96,-3,3
7464,78,72,6,6
7465,87,93,-6,6
7466,107,100,7,7
7467,105,102,3,3
7468,135,151,-16,16
7469,64,63,1,1
7470,80,77,3,3
7471,79,92,-13,13
7472,156,149,7,7
7473,123,124,-1,1
7474,81,94,-13,13
7475,91,95,-4,4
7476,184,158,26,26
7477,62,67,-5,5
7478,76,89,-13,13
7479,112,108,4,4
7480,60,66,-6,6
7481,103,99,4,4
7482,83,85,-2,2
7483,69,68,1,1
7484,206,189,17,17
7485,78,81,-3,3
7486,82,74,8,8
7487,81,90,-9,9
7488,39,62,-23,23
7489,109,109,0,0
7490,32,58,-26,26
7491,65,68,-3,3
7492,88,90,-2,2
7493,94,99,-5,5
7494,87,97,-10,10
7495,74,71,3,3
7496,88,85,3,3
7497,103,106,-3,3
7498,72,65,7,7
7499,83,91,-8,8
7500,197,199,-2,2
7501,41,62,-21,21
7502,76,73,3,3
7503,129,111,18,18
7504,40,64,-24,24
7505,136,133,3,3
7506,62,62,0,0
7507,66,66,0,0
7508,106,115,-9,9
7509,62,60,2,2
7510,109,101,8,8
7511,136,123,13,13
7512,100,99,1,1
7513,160,150,10,10
7514,105,103,2,2
7515,122,113,9,9
7516,98,103,-5,5
7517,78,70,8,8
7518,75,77,-2,2
7519,67,69,-2,2
7520,56,61,-5,5
7521,60,61,-1,1
7522,38,62,-24,24
7523,53,61,-8,8
7524,57,70,-13,13
7525,113,108,5,5
7526,83,77,6,6
7527,81,70,11,11
7528,136,138,-2,2
7529,78,72,6,6
7530,89,97,-8,8
7531,86,90,-4,4
7532,68,70,-2,2
7533,156,148,8,8
7534,85,86,-1,1
7535,126,121,5,5
7536,57,68,-11,11
7537,114,115,-1,1
7538,113,103,10,10
7539,75,87,-12,12
7540,130,119,11,11
7541,79,64,15,15
7542,112,111,1,1
7543,120,120,0,0
7544,76,79,-3,3
7545,86,82,4,4
7546,60,61,-1,1
7547,52,63,-11,11
7548,80,70,10,10
7549,136,125,11,11
7550,71,74,-3,3
7551,152,147,5,5
7552,59,65,-6,6
7553,88,81,7,7
7554,71,68,3,3
7555,71,63,8,8
7556,88,97,-9,9
7557,44,63,-19,19
7558,95,103,-8,8
7559,99,98,1,1
7560,74,86,-12,12
7561,148,131,17,17
7562,74,67,7,7
7563,103,93,10,10
7564,70,64,6,6
7565,128,111,17,17
7566,70,75,-5,5
7567,69,74,-5,5
7568,95,99,-4,4
7569,125,122,3,3
7570,87,96,-9,9
7571,130,124,6,6
7572,105,121,-16,16
7573,96,93,3,3
7574,90,94,-4,4
7575,52,61,-9,9
7576,77,93,-16,16
7577,143,131,12,12
7578,97,109,-12,12
7579,81,86,-5,5
7580,55,61,-6,6
7581,122,130,-8,8
7582,59,64,-5,5
7583,106,103,3,3
7584,146,128,18,18
7585,62,62,0,0
7586,122,116,6,6
7587,166,152,14,14
7588,76,68,8,8
7589,82,91,-9,9
7590,114,108,6,6
7591,113,123,-10,10
7592,94,96,-2,2
7593,113,115,-2,2
7594,79,81,-2,2
7595,106,104,2,2
7596,123,120,3,3
7597,118,112,6,6
7598,80,76,4,4
7599,94,96,-2,2
7600,89,87,2,2
7601,64,61,3,3
7602,113,112,1,1
7603,137,126,11,11
7604,53,106,-53,53
7605,133,130,3,3
7606,65,94,-29,29
7607,78,86,-8,8
7608,40,63,-23,23
7609,60,62,-2,2
7610,52,61,-9,9
7611,136,124,12,12
7612,155,147,8,8
7613,94,99,-5,5
7614,75,78,-3,3
7615,36,61,-25,25
7616,132,123,9,9
7617,117,114,3,3
7618,136,140,-4,4
7619,141,123,18,18
7620,65,69,-4,4
7621,96,87,9,9
7622,68,98,-30,30
7623,144,125,19,19
7624,148,142,6,6
7625,117,119,-2,2
7626,60,71,-11,11
7627,98,99,-1,1
7628,114,111,3,3
7629,139,121,18,18
7630,109,101,8,8
7631,69,78,-9,9
7632,105,102,3,3
7633,116,122,-6,6
7634,72,67,5,5
7635,74,85,-11,11
7636,102,108,-6,6
7637,62,60,2,2
7638,36,61,-25,25
7639,94,94,0,0
7640,78,83,-5,5
7641,150,132,18,18
7642,81,81,0,0
7643,154,146,8,8
7644,115,119,-4,4
7645,44,62,-18,18
7646,88,94,-6,6
7647,80,78,2,2
7648,75,69,6,6
7649,58,60,-2,2
7650,124,119,5,5
7651,90,92,-2,2
7652,117,108,9,9
7653,93,91,2,2
7654,133,128,5,5
7655,71,62,9,9
7656,82,85,-3,3
7657,66,67,-1,1
7658,69,70,-1,1
7659,112,105,7,7
7660,114,107,7,7
7661,81,66,15,15
7662,110,113,-3,3
7663,76,66,10,10
7664,97,100,-3,3
7665,83,90,-7,7
7666,73,73,0,0
7667,109,106,3,3
7668,67,68,-1,1
7669,101,107,-6,6
7670,74,68,6,6
7671,122,118,4,4
7672,51,61,-10,10
7673,80,94,-14,14
7674,118,111,7,7
7675,87,81,6,6
7676,84,75,9,9
7677,135,122,13,13
7678,51,101,-50,50
7679,121,106,15,15
7680,60,62,-2,2
7681,150,142,8,8
7682,41,62,-21,21
7683,55,61,-6,6
7684,149,129,20,20
7685,136,128,8,8
7686,121,104,17,17
7687,121,113,8,8
7688,50,63,-13,13
7689,61,59,2,2
7690,129,120,9,9
7691,83,98,-15,15
7692,83,100,-17,17
7693,77,72,5,5
7694,110,104,6,6
7695,110,98,12,12
7696,108,114,-6,6
7697,95,102,-7,7
7698,91,91,0,0
7699,99,95,4,4
7700,105,108,-3,3
7701,104,130,-26,26
7702,82,79,3,3
7703,68,68,0,0
7704,77,78,-1,1
7705,103,100,3,3
7706,87,92,-5,5
7707,55,61,-6,6
7708,94,94,0,0
7709,67,64,3,3
7710,75,94,-19,19
7711,137,133,4,4
7712,69,68,1,1
7713,67,65,2,2
7714,77,95,-18,18
7715,68,71,-3,3
7716,117,117,0,0
7717,109,122,-13,13
7718,164,144,20,20
7719,102,116,-14,14
7720,77,89,-12,12
7721,71,106,-35,35
7722,71,76,-5,5
7723,146,128,18,18
7724,40,62,-22,22
7725,121,112,9,9
7726,86,75,11,11
7727,99,108,-9,9
7728,68,74,-6,6
7729,89,72,17,17
7730,71,76,-5,5
7731,72,69,3,3
7732,49,62,-13,13
7733,155,126,29,29
7734,145,141,4,4
7735,102,107,-5,5
7736,131,127,4,4
7737,101,84,17,17
7738,61,66,-5,5
7739,108,115,-7,7
7740,62,68,-6,6
7741,93,94,-1,1
7742,84,85,-1,1
7743,56,108,-52,52
7744,143,134,9,9
7745,145,135,10,10
7746,103,99,4,4
7747,88,92,-4,4
7748,96,97,-1,1
7749,63,63,0,0
7750,88,97,-9,9
7751,50,61,-11,11
7752,106,109,-3,3
7753,89,75,14,14
7754,101,108,-7,7
7755,134,125,9,9
7756,91,91,0,0
7757,134,138,-4,4
7758,79,90,-11,11
7759,161,148,13,13
7760,127,125,2,2
7761,88,95,-7,7
7762,61,66,-5,5
7763,60,73,-13,13
7764,102,99,3,3
7765,140,144,-4,4
7766,69,71,-2,2
7767,101,110,-9,9
7768,175,163,12,12
7769,129,139,-10,10
7770,115,114,1,1
7771,88,102,-14,14
7772,79,80,-1,1
7773,102,104,-2,2
7774,43,62,-19,19
7775,97,100,-3,3
7776,132,135,-3,3
7777,58,61,-3,3
7778,89,98,-9,9
7779,90,95,-5,5
7780,98,106,-8,8
7781,102,102,0,0
7782,88,94,-6,6
7783,106,103,3,3
7784,99,98,1,1
7785,151,140,11,11
7786,111,131,-20,20
7787,65,62,3,3
7788,71,72,-1,1
7789,79,97,-18,18
7790,65,62,3,3
7791,136,123,13,13
7792,151,152,-1,1
7793,108,107,1,1
7794,121,111,10,10
7795,54,63,-9,9
7796,96,104,-8,8
7797,98,94,4,4
7798,62,66,-4,4
7799,78,81,-3,3
7800,97,103,-6,6
7801,80,73,7,7
7802,65,68,-3,3
7803,74,73,1,1
7804,118,118,0,0
7805,109,101,8,8
7806,99,99,0,0
7807,78,92,-14,14
7808,59,67,-8,8
7809,84,96,-12,12
7810,108,110,-2,2
7811,89,96,-7,7
7812,119,107,12,12
7813,182,160,22,22
7814,133,118,15,15
7815,90,99,-9,9
7816,144,155,-11,11
7817,109,104,5,5
7818,154,136,18,18
7819,54,59,-5,5
7820,59,61,-2,2
7821,120,119,1,1
7822,113,120,-7,7
7823,90,84,6,6
7824,119,110,9,9
7825,72,75,-3,3
7826,173,158,15,15
7827,252,242,10,10
7828,123,130,-7,7
7829,178,166,12,12
7830,207,182,25,25
7831,86,96,-10,10
7832,61,61,0,0
7833,82,93,-11,11
7834,77,77,0,0
7835,90,91,-1,1
7836,85,105,-20,20
7837,133,141,-8,8
7838,67,76,-9,9
7839,71,77,-6,6
7840,118,121,-3,3
7841,168,168,0,0
7842,101,105,-4,4
7843,126,117,9,9
7844,127,123,4,4
7845,197,179,18,18
7846,67,68,-1,1
7847,59,60,-1,1
7848,139,133,6,6
7849,84,86,-2,2
7850,75,77,-2,2
7851,124,120,4,4
7852,61,63,-2,2
7853,78,77,1,1
7854,102,95,7,7
7855,50,61,-11,11
7856,72,83,-11,11
7857,98,107,-9,9
7858,109,106,3,3
7859,97,93,4,4
7860,79,78,1,1
7861,73,73,0,0
7862,114,109,5,5
7863,118,112,6,6
7864,101,104,-3,3
7865,103,105,-2,2
7866,49,61,-12,12
7867,49,61,-12,12
7868,37,61,-24,24
7869,121,116,5,5
7870,69,70,-1,1
7871,126,126,0,0
7872,91,93,-2,2
7873,119,115,4,4
7874,105,107,-2,2
7875,129,121,8,8
7876,83,77,6,6
7877,99,102,-3,3
7878,106,109,-3,3
7879,67,63,4,4
7880,132,127,5,5
7881,110,99,11,11
7882,72,66,6,6
7883,126,118,8,8
7884,129,137,-8,8
7885,74,72,2,2
7886,131,127,4,4
7887,97,100,-3,3
7888,118,120,-2,2
7889,124,119,5,5
7890,66,68,-2,2
7891,99,113,-14,14
7892,93,96,-3,3
7893,169,163,6,6
7894,109,117,-8,8
7895,194,174,20,20
7896,131,118,13,13
7897,67,69,-2,2
7898,102,105,-3,3
7899,126,120,6,6
7900,166,162,4,4
7901,52,63,-11,11
7902,129,137,-8,8
7903,175,162,13,13
7904,77,68,9,9
7905,52,61,-9,9
7906,73,65,8,8
7907,97,101,-4,4
7908,49,62,-13,13
7909,112,110,2,2
7910,108,115,-7,7
7911,91,89,2,2
7912,84,110,-26,26
7913,35,61,-26,26
7914,182,187,-5,5
7915,61,64,-3,3
7916,61,56,5,5
7917,79,81,-2,2
7918,55,61,-6,6
7919,64,66,-2,2
7920,142,128,14,14
7921,66,67,-1,1
7922,74,82,-8,8
7923,150,139,11,11
7924,99,99,0,0
7925,106,110,-4,4
7926,72,79,-7,7
7927,121,115,6,6
7928,114,111,3,3
7929,75,72,3,3
7930,65,69,-4,4
7931,116,116,0,0
7932,99,97,2,2
7933,199,186,13,13
7934,60,60,0,0
7935,67,63,4,4
7936,81,84,-3,3
7937,178,138,40,40
7938,70,77,-7,7
7939,131,116,15,15
7940,149,133,16,16
7941,70,69,1,1
7942,97,106,-9,9
7943,104,93,11,11
7944,73,70,3,3
7945,74,84,-10,10
7946,87,101,-14,14
7947,112,109,3,3
7948,126,115,11,11
7949,86,108,-22,22
7950,134,125,9,9
7951,117,102,15,15
7952,61,62,-1,1
7953,71,78,-7,7
7954,80,93,-13,13
7955,63,64,-1,1
7956,70,66,4,4
7957,63,73,-10,10
7958,46,62,-16,16
7959,59,61,-2,2
7960,89,93,-4,4
7961,134,128,6,6
7962,113,110,3,3
7963,73,89,-16,16
7964,122,112,10,10
7965,59,64,-5,5
7966,142,141,1,1
7967,175,164,11,11
7968,61,61,0,0
7969,142,148,-6,6
7970,68,62,6,6
7971,51,61,-10,10
7972,94,102,-8,8
7973,104,99,5,5
7974,85,91,-6,6
7975,155,151,4,4
7976,157,158,-1,1
7977,115,110,5,5
7978,94,99,-5,5
7979,86,101,-15,15
7980,115,122,-7,7
7981,85,90,-5,5
7982,106,103,3,3
7983,64,61,3,3
7984,38,78,-40,40
7985,51,62,-11,11
7986,106,109,-3,3
7987,101,109,-8,8
7988,46,58,-12,12
7989,85,84,1,1
7990,104,103,1,1
7991,95,102,-7,7
7992,130,126,4,4
7993,151,136,15,15
7994,57,60,-3,3
7995,93,99,-6,6
7996,69,63,6,6
7997,39,62,-23,23
7998,76,87,-11,11
7999,84,77,7,7
8000,41,61,-20,20
8001,45,62,-17,17
8002,68,70,-2,2
8003,82,86,-4,4
8004,68,69,-1,1
8005,73,67,6,6
8006,49,84,-35,35
8007,93,92,1,1
8008,75,70,5,5
8009,85,80,5,5
8010,103,103,0,0
8011,129,121,8,8
8012,116,115,1,1
8013,77,88,-11,11
8014,83,86,-3,3
8015,104,98,6,6
8016,124,112,12,12
8017,89,98,-9,9
8018,88,106,-18,18
8019,49,62,-13,13
8020,104,107,-3,3
8021,107,116,-9,9
8022,125,123,2,2
8023,57,64,-7,7
8024,104,99,5,5
8025,51,70,-19,19
8026,86,83,3,3
8027,96,99,-3,3
8028,190,171,19,19
8029,84,92,-8,8
8030,105,107,-2,2
8031,94,94,0,0
8032,74,72,2,2
8033,100,97,3,3
8034,126,116,10,10
8035,73,71,2,2
8036,83,86,-3,3
8037,141,128,13,13
8038,124,125,-1,1
8039,79,91,-12,12
8040,135,123,12,12
8041,81,70,11,11
8042,137,134,3,3
8043,75,76,-1,1
8044,54,69,-15,15
8045,102,103,-1,1
8046,157,138,19,19
8047,93,98,-5,5
8048,155,133,22,22
8049,71,65,6,6
8050,109,122,-13,13
8051,60,66,-6,6
8052,57,70,-13,13
8053,113,115,-2,2
8054,130,129,1,1
8055,71,95,-24,24
8056,92,93,-1,1
8057,148,126,22,22
8058,117,105,12,12
8059,68,67,1,1
8060,161,149,12,12
8061,85,86,-1,1
8062,65,61,4,4
8063,43,61,-18,18
8064,102,100,2,2
8065,69,64,5,5
8066,185,177,8,8
8067,133,124,9,9
8068,104,101,3,3
8069,105,107,-2,2
8070,120,115,5,5
8071,85,81,4,4
8072,73,59,14,14
8073,158,160,-2,2
8074,76,73,3,3
8075,87,77,10,10
8076,148,134,14,14
8077,85,92,-7,7
8078,98,91,7,7
8079,66,69,-3,3
8080,100,104,-4,4
8081,110,112,-2,2
8082,86,93,-7,7
8083,119,121,-2,2
8084,75,71,4,4
8085,110,128,-18,18
8086,69,72,-3,3
8087,127,111,16,16
8088,98,96,2,2
8089,116,122,-6,6
8090,65,67,-2,2
8091,94,97,-3,3
8092,58,62,-4,4
8093,68,95,-27,27
8094,118,113,5,5
8095,27,63,-36,36
8096,74,69,5,5
8097,81,89,-8,8
8098,98,94,4,4
8099,56,57,-1,1
8100,101,100,1,1
8101,128,118,10,10
8102,104,106,-2,2
8103,69,74,-5,5
8104,130,112,18,18
8105,121,118,3,3
8106,42,112,-70,70
8107,89,98,-9,9
8108,71,62,9,9
8109,129,114,15,15
8110,59,66,-7,7
8111,101,106,-5,5
8112,102,102,0,0
8113,109,115,-6,6
8114,94,91,3,3
8115,108,114,-6,6
8116,102,98,4,4
8117,89,95,-6,6
8118,121,121,0,0
8119,122,132,-10,10
8120,67,75,-8,8
8121,51,61,-10,10
8122,89,89,0,0
8123,88,97,-9,9
8124,131,125,6,6
8125,103,102,1,1
8126,151,165,-14,14
8127,134,140,-6,6
8128,108,107,1,1
8129,92,93,-1,1
8130,65,62,3,3
8131,81,86,-5,5
8132,68,77,-9,9
8133,91,94,-3,3
8134,114,108,6,6
8135,48,62,-14,14
8136,102,106,-4,4
8137,149,144,5,5
8138,108,106,2,2
8139,60,62,-2,2
8140,103,107,-4,4
8141,65,70,-5,5
8142,119,122,-3,3
8143,104,109,-5,5
8144,64,62,2,2
8145,48,62,-14,14
8146,55,60,-5,5
8147,75,78,-3,3
8148,44,57,-13,13
8149,73,80,-7,7
8150,54,61,-7,7
8151,54,60,-6,6
8152,52,59,-7,7
8153,95,88,7,7
8154,66,71,-5,5
8155,85,105,-20,20
8156,75,65,10,10
8157,95,121,-26,26
8158,95,92,3,3
8159,36,60,-24,24
8160,79,84,-5,5
8161,123,118,5,5
8162,81,72,9,9
8163,176,153,23,23
8164,60,61,-1,1
8165,61,72,-11,11
8166,140,124,16,16
8167,127,119,8,8
8168,96,98,-2,2
8169,99,93,6,6
8170,108,101,7,7
8171,58,61,-3,3
8172,51,65,-14,14
8173,95,92,3,3
8174,58,68,-10,10
8175,76,67,9,9
8176,116,111,5,5
8177,108,102,6,6
8178,168,148,20,20
8179,27,61,-34,34
8180,145,128,17,17
8181,53,63,-10,10
8182,67,65,2,2
8183,92,93,-1,1
8184,78,70,8,8
8185,113,114,-1,1
8186,141,139,2,2
8187,136,120,16,16
8188,103,110,-7,7
8189,86,88,-2,2
8190,195,193,2,2
8191,75,72,3,3
8192,63,65,-2,2
8193,66,67,-1,1
8194,127,124,3,3
8195,122,112,10,10
8196,54,102,-48,48
8197,101,104,-3,3
8198,93,75,18,18
8199,64,68,-4,4
8200,108,108,0,0
8201,111,106,5,5
8202,77,66,11,11
8203,154,146,8,8
8204,94,92,2,2
8205,84,90,-6,6
8206,76,93,-17,17
8207,87,81,6,6
8208,126,115,11,11
8209,82,84,-2,2
8210,82,89,-7,7
8211,80,78,2,2
8212,126,132,-6,6
8213,64,64,0,0
8214,142,127,15,15
8215,143,133,10,10
8216,127,135,-8,8
8217,76,83,-7,7
8218,57,73,-16,16
8219,109,98,11,11
8220,141,135,6,6
8221,129,119,10,10
8222,114,105,9,9
8223,83,82,1,1
8224,149,147,2,2
8225,47,62,-15,15
8226,88,92,-4,4
8227,88,91,-3,3
8228,105,107,-2,2
8229,93,103,-10,10
8230,109,102,7,7
8231,87,89,-2,2
8232,43,62,-19,19
8233,81,82,-1,1
8234,101,85,16,16
8235,80,64,16,16
8236,112,107,5,5
8237,92,100,-8,8
8238,102,101,1,1
8239,71,67,4,4
8240,166,153,13,13
8241,98,96,2,2
8242,129,117,12,12
8243,79,91,-12,12
8244,109,106,3,3
8245,145,134,11,11
8246,166,149,17,17
8247,76,78,-2,2
8248,46,61,-15,15
8249,113,108,5,5
8250,75,88,-13,13
8251,86,77,9,9
8252,76,82,-6,6
8253,88,97,-9,9
8254,67,79,-12,12
8255,100,103,-3,3
8256,71,84,-13,13
8257,59,64,-5,5
8258,181,169,12,12
8259,56,62,-6,6
8260,114,97,17,17
8261,92,101,-9,9
8262,100,103,-3,3
8263,75,97,-22,22
8264,188,165,23,23
8265,51,61,-10,10
8266,84,95,-11,11
8267,171,181,-10,10
8268,66,63,3,3
8269,92,92,0,0
8270,122,121,1,1
8271,40,57,-17,17
8272,87,92,-5,5
8273,122,120,2,2
8274,98,93,5,5
8275,96,103,-7,7
8276,120,115,5,5
8277,82,91,-9,9
8278,88,87,1,1
8279,60,65,-5,5
8280,83,83,0,0
8281,81,67,14,14
8282,151,145,6,6
8283,187,170,17,17
8284,98,108,-10,10
8285,95,93,2,2
8286,77,80,-3,3
8287,144,136,8,8
8288,81,87,-6,6
8289,91,96,-5,5
8290,149,148,1,1
8291,99,114,-15,15
8292,96,90,6,6
8293,129,128,1,1
8294,63,65,-2,2
8295,86,89,-3,3
8296,64,69,-5,5
8297,74,62,12,12
8298,93,94,-1,1
8299,85,79,6,6
8300,248,216,32,32
8301,91,97,-6,6
8302,58,61,-3,3
8303,93,92,1,1
8304,93,98,-5,5
8305,55,59,-4,4
8306,102,107,-5,5
8307,107,99,8,8
8308,79,84,-5,5
8309,84,80,4,4
8310,95,93,2,2
8311,110,107,3,3
8312,80,78,2,2
8313,44,53,-9,9
8314,96,95,1,1
8315,59,65,-6,6
8316,109,108,1,1
8317,198,184,14,14
8318,81,94,-13,13
8319,119,115,4,4
8320,106,107,-1,1
8321,114,103,11,11
8322,51,62,-11,11
8323,110,105,5,5
8324,112,112,0,0
8325,99,102,-3,3
8326,80,75,5,5
8327,59,65,-6,6
8328,110,114,-4,4
8329,125,113,12,12
8330,137,135,2,2
8331,73,73,0,0
8332,190,176,14,14
8333,137,139,-2,2
8334,46,63,-17,17
8335,124,124,0,0
8336,87,87,0,0
8337,114,109,5,5
8338,83,84,-1,1
8339,85,91,-6,6
8340,142,149,-7,7
8341,108,99,9,9
8342,129,129,0,0
8343,107,102,5,5
8344,109,109,0,0
8345,144,155,-11,11
8346,76,76,0,0
8347,38,58,-20,20
8348,157,149,8,8
8349,55,61,-6,6
8350,99,107,-8,8
8351,153,139,14,14
8352,74,71,3,3
8353,74,76,-2,2
8354,78,75,3,3
8355,74,85,-11,11
8356,94,95,-1,1
8357,112,103,9,9
8358,141,146,-5,5
8359,82,73,9,9
8360,160,154,6,6
8361,103,102,1,1
8362,110,104,6,6
8363,42,62,-20,20
8364,69,69,0,0
8365,59,58,1,1
8366,98,97,1,1
8367,75,70,5,5
8368,58,60,-2,2
8369,74,66,8,8
8370,108,108,0,0
8371,66,79,-13,13
8372,105,100,5,5
8373,46,63,-17,17
8374,55,62,-7,7
8375,71,63,8,8
8376,115,115,0,0
8377,88,81,7,7
8378,47,62,-15,15
8379,174,153,21,21
8380,94,90,4,4
8381,74,77,-3,3
8382,84,89,-5,5
8383,85,76,9,9
8384,65,60,5,5
8385,39,61,-22,22
8386,118,112,6,6
8387,101,98,3,3
8388,78,88,-10,10
8389,97,106,-9,9
8390,104,100,4,4
8391,98,96,2,2
8392,81,99,-18,18
8393,112,110,2,2
8394,98,99,-1,1
8395,96,103,-7,7
8396,53,62,-9,9
8397,67,86,-19,19
8398,70,69,1,1
8399,114,104,10,10
8400,104,110,-6,6
8401,65,67,-2,2
8402,80,90,-10,10
8403,96,86,10,10
8404,70,65,5,5
8405,105,107,-2,2
8406,100,94,6,6
8407,160,145,15,15
8408,91,99,-8,8
8409,100,104,-4,4
8410,119,103,16,16
8411,65,69,-4,4
8412,99,105,-6,6
8413,172,138,34,34
8414,83,74,9,9
8415,85,77,8,8
8416,69,64,5,5
8417,59,64,-5,5
8418,93,98,-5,5
8419,81,88,-7,7
8420,75,78,-3,3
8421,62,60,2,2
8422,115,108,7,7
8423,107,144,-37,37
8424,105,106,-1,1
8425,51,61,-10,10
8426,76,85,-9,9
8427,88,97,-9,9
8428,145,135,10,10
8429,114,117,-3,3
8430,38,62,-24,24
8431,133,126,7,7
8432,74,72,2,2
8433,119,114,5,5
8434,96,94,2,2
8435,143,125,18,18
8436,60,62,-2,2
8437,130,116,14,14
8438,120,111,9,9
8439,122,138,-16,16
8440,113,108,5,5
8441,68,75,-7,7
8442,98,97,1,1
8443,143,123,20,20
8444,77,72,5,5
8445,92,96,-4,4
8446,61,64,-3,3
8447,74,79,-5,5
8448,94,90,4,4
8449,102,103,-1,1
8450,118,110,8,8
8451,119,118,1,1
8452,193,171,22,22
8453,95,102,-7,7
8454,89,91,-2,2
8455,129,129,0,0
8456,124,115,9,9
8457,84,82,2,2
8458,76,81,-5,5
8459,55,60,-5,5
8460,143,129,14,14
8461,134,118,16,16
8462,88,95,-7,7
8463,132,130,2,2
8464,114,101,13,13
8465,71,69,2,2
8466,79,72,7,7
8467,101,100,1,1
8468,134,130,4,4
8469,61,48,13,13
8470,81,77,4,4
8471,107,110,-3,3
8472,86,82,4,4
8473,83,86,-3,3
8474,94,97,-3,3
8475,102,107,-5,5
8476,110,131,-21,21
8477,137,134,3,3
8478,56,66,-10,10
8479,134,123,11,11
8480,80,91,-11,11
8481,46,61,-15,15
8482,111,109,2,2
8483,112,109,3,3
8484,121,119,2,2
8485,113,110,3,3
8486,91,98,-7,7
8487,47,62,-15,15
8488,65,63,2,2
8489,56,69,-13,13
8490,83,91,-8,8
8491,85,95,-10,10
8492,102,99,3,3
8493,80,84,-4,4
8494,110,107,3,3
8495,141,139,2,2
8496,90,94,-4,4
8497,73,68,5,5
8498,60,61,-1,1
8499,178,149,29,29
8500,124,127,-3,3
8501,108,101,7,7
8502,100,103,-3,3
8503,78,86,-8,8
8504,115,118,-3,3
8505,127,127,0,0
8506,47,62,-15,15
8507,58,61,-3,3
8508,151,130,21,21
8509,104,96,8,8
8510,56,64,-8,8
8511,79,93,-14,14
8512,67,70,-3,3
8513,109,112,-3,3
8514,83,76,7,7
8515,101,79,22,22
8516,78,88,-10,10
8517,101,131,-30,30
8518,64,71,-7,7
8519,69,70,-1,1
8520,81,82,-1,1
8521,185,173,12,12
8522,89,83,6,6
8523,137,118,19,19
8524,98,95,3,3
8525,185,165,20,20
8526,62,75,-13,13
8527,135,127,8,8
8528,140,125,15,15
8529,166,165,1,1
8530,68,74,-6,6
8531,100,111,-11,11
8532,122,132,-10,10
8533,105,105,0,0
8534,129,123,6,6
8535,117,115,2,2
8536,74,79,-5,5
8537,91,91,0,0
8538,96,99,-3,3
8539,96,100,-4,4
8540,76,89,-13,13
8541,106,99,7,7
8542,71,67,4,4
8543,43,62,-19,19
8544,88,85,3,3
8545,79,96,-17,17
8546,104,99,5,5
8547,82,89,-7,7
8548,112,115,-3,3
8549,104,110,-6,6
8550,55,63,-8,8
8551,90,93,-3,3
8552,47,60,-13,13
8553,111,105,6,6
8554,127,120,7,7
8555,67,77,-10,10
8556,163,144,19,19
8557,154,145,9,9
8558,63,68,-5,5
8559,50,62,-12,12
8560,56,63,-7,7
8561,104,112,-8,8
8562,80,90,-10,10
8563,83,76,7,7
8564,64,66,-2,2
8565,55,61,-6,6
8566,84,75,9,9
8567,130,122,8,8
8568,85,91,-6,6
8569,109,109,0,0
8570,153,135,18,18
8571,104,109,-5,5
8572,129,120,9,9
8573,106,101,5,5
8574,173,164,9,9
8575,93,94,-1,1
8576,93,91,2,2
8577,99,98,1,1
8578,66,68,-2,2
8579,98,95,3,3
8580,110,136,-26,26
8581,50,63,-13,13
8582,104,103,1,1
8583,110,109,1,1
8584,60,72,-12,12
8585,102,100,2,2
8586,87,83,4,4
8587,133,130,3,3
8588,133,128,5,5
8589,122,105,17,17
8590,92,93,-1,1
8591,139,136,3,3
8592,52,61,-9,9
8593,83,98,-15,15
8594,91,90,1,1
8595,65,63,2,2
8596,113,116,-3,3
8597,77,80,-3,3
8598,161,146,15,15
8599,92,95,-3,3
8600,180,148,32,32
8601,77,74,3,3
8602,109,106,3,3
8603,81,88,-7,7
8604,98,104,-6,6
8605,54,61,-7,7
8606,126,124,2,2
8607,91,97,-6,6
8608,77,86,-9,9
8609,124,115,9,9
8610,78,82,-4,4
8611,189,156,33,33
8612,80,80,0,0
8613,159,146,13,13
8614,73,79,-6,6
8615,90,101,-11,11
8616,62,76,-14,14
8617,90,92,-2,2
8618,134,137,-3,3
8619,121,105,16,16
8620,87,90,-3,3
8621,59,63,-4,4
8622,89,104,-15,15
8623,105,108,-3,3
8624,97,95,2,2
8625,110,108,2,2
8626,141,123,18,18
8627,85,90,-5,5
8628,132,126,6,6
8629,89,92,-3,3
8630,75,88,-13,13
8631,81,76,5,5
8632,77,68,9,9
8633,104,101,3,3
8634,132,139,-7,7
8635,136,125,11,11
8636,82,90,-8,8
8637,85,93,-8,8
8638,76,72,4,4
8639,109,130,-21,21
8640,51,60,-9,9
8641,85,94,-9,9
8642,58,61,-3,3
8643,161,154,7,7
8644,85,94,-9,9
8645,61,63,-2,2
8646,82,84,-2,2
8647,114,117,-3,3
8648,113,108,5,5
8649,82,79,3,3
8650,128,121,7,7
8651,113,115,-2,2
8652,61,73,-12,12
8653,85,75,10,10
8654,112,106,6,6
8655,76,89,-13,13
8656,89,91,-2,2
8657,142,126,16,16
8658,81,81,0,0
8659,143,151,-8,8
8660,94,89,5,5
8661,134,121,13,13
8662,59,62,-3,3
8663,55,62,-7,7
8664,75,81,-6,6
8665,87,94,-7,7
8666,69,60,9,9
8667,104,104,0,0
8668,57,61,-4,4
8669,68,63,5,5
8670,169,154,15,15
8671,114,119,-5,5
8672,92,92,0,0
8673,97,90,7,7
8674,121,116,5,5
8675,89,87,2,2
8676,116,114,2,2
8677,93,102,-9,9
8678,116,107,9,9
8679,125,126,-1,1
8680,82,117,-35,35
8681,50,62,-12,12
8682,46,55,-9,9
8683,45,62,-17,17
8684,120,118,2,2
8685,93,93,0,0
8686,102,101,1,1
8687,126,121,5,5
8688,108,126,-18,18
8689,110,109,1,1
8690,101,100,1,1
8691,73,72,1,1
8692,58,60,-2,2
8693,113,107,6,6
8694,136,135,1,1
8695,64,65,-1,1
8696,125,161,-36,36
8697,88,80,8,8
8698,92,91,1,1
8699,106,103,3,3
8700,90,105,-15,15
8701,85,102,-17,17
8702,80,77,3,3
8703,110,115,-5,5
8704,80,82,-2,2
8705,117,108,9,9
8706,47,62,-15,15
8707,112,106,6,6
8708,84,89,-5,5
8709,116,109,7,7
8710,61,69,-8,8
8711,82,79,3,3
8712,164,138,26,26
8713,125,121,4,4
8714,80,84,-4,4
8715,66,66,0,0
8716,61,66,-5,5
8717,82,101,-19,19
8718,81,95,-14,14
8719,143,124,19,19
8720,145,125,20,20
8721,75,70,5,5
8722,60,86,-26,26
8723,86,93,-7,7
8724,99,106,-7,7
8725,112,108,4,4
8726,98,98,0,0
8727,96,103,-7,7
8728,64,71,-7,7
8729,62,61,1,1
8730,123,126,-3,3
8731,83,90,-7,7
8732,101,103,-2,2
8733,27,63,-36,36
8734,167,154,13,13
8735,149,146,3,3
8736,94,95,-1,1
8737,155,144,11,11
8738,39,62,-23,23
8739,62,62,0,0
8740,81,69,12,12
8741,58,61,-3,3
8742,74,83,-9,9
8743,139,149,-10,10
8744,74,76,-2,2
8745,84,95,-11,11
8746,155,132,23,23
8747,114,114,0,0
8748,152,267,-115,115
8749,104,94,10,10
8750,92,102,-10,10
8751,55,62,-7,7
8752,91,92,-1,1
8753,90,84,6,6
8754,86,87,-1,1
8755,76,114,-38,38
8756,86,93,-7,7
8757,49,61,-12,12
8758,105,107,-2,2
8759,67,66,1,1
8760,96,121,-25,25
8761,105,104,1,1
8762,98,100,-2,2
8763,114,113,1,1
8764,114,116,-2,2
8765,103,115,-12,12
8766,128,120,8,8
8767,110,103,7,7
8768,89,79,10,10
8769,67,64,3,3
8770,136,120,16,16
8771,154,140,14,14
8772,62,93,-31,31
8773,109,108,1,1
8774,91,93,-2,2
8775,63,64,-1,1
8776,172,158,14,14
8777,93,86,7,7
8778,81,79,2,2
8779,87,96,-9,9
8780,49,65,-16,16
8781,157,155,2,2
8782,87,88,-1,1
8783,61,90,-29,29
8784,60,61,-1,1
8785,129,120,9,9
8786,75,70,5,5
8787,86,101,-15,15
8788,37,62,-25,25
8789,110,114,-4,4
8790,124,116,8,8
8791,65,70,-5,5
8792,148,150,-2,2
8793,73,91,-18,18
8794,105,111,-6,6
8795,70,74,-4,4
8796,63,73,-10,10
8797,71,68,3,3
8798,71,73,-2,2
8799,68,72,-4,4
8800,96,93,3,3
8801,87,86,1,1
8802,88,95,-7,7
8803,69,65,4,4
8804,83,90,-7,7
8805,72,88,-16,16
8806,98,102,-4,4
8807,126,117,9,9
8808,45,62,-17,17
8809,52,61,-9,9
8810,103,105,-2,2
8811,77,71,6,6
8812,83,77,6,6
8813,73,63,10,10
8814,108,106,2,2
8815,73,80,-7,7
8816,80,86,-6,6
8817,57,60,-3,3
8818,63,63,0,0
8819,24,58,-34,34
8820,89,76,13,13
8821,61,67,-6,6
8822,97,101,-4,4
8823,85,91,-6,6
8824,143,139,4,4
8825,129,122,7,7
8826,75,89,-14,14
8827,71,75,-4,4
8828,92,93,-1,1
8829,72,67,5,5
8830,91,82,9,9
8831,83,73,10,10
8832,75,77,-2,2
8833,66,66,0,0
8834,43,63,-20,20
8835,127,119,8,8
8836,125,126,-1,1
8837,44,61,-17,17
8838,51,61,-10,10
8839,54,62,-8,8
8840,203,239,-36,36
8841,127,117,10,10
8842,102,100,2,2
8843,81,78,3,3
8844,69,63,6,6
8845,121,117,4,4
8846,85,89,-4,4
8847,125,114,11,11
8848,138,122,16,16
8849,191,162,29,29
8850,92,99,-7,7
8851,94,93,1,1
8852,128,124,4,4
8853,35,63,-28,28
8854,104,103,1,1
8855,86,79,7,7
8856,132,126,6,6
8857,89,88,1,1
8858,48,61,-13,13
8859,75,64,11,11
8860,80,66,14,14
8861,100,96,4,4
8862,115,115,0,0
8863,135,125,10,10
8864,88,94,-6,6
8865,108,105,3,3
8866,141,141,0,0
8867,81,83,-2,2
8868,147,143,4,4
8869,94,93,1,1
8870,86,89,-3,3
8871,125,118,7,7
8872,62,65,-3,3
8873,82,84,-2,2
8874,123,116,7,7
8875,80,75,5,5
8876,108,104,4,4
8877,91,82,9,9
8878,124,114,10,10
8879,93,121,-28,28
8880,141,156,-15,15
8881,97,80,17,17
8882,177,161,16,16
8883,80,88,-8,8
8884,133,147,-14,14
8885,98,105,-7,7
8886,104,99,5,5
8887,64,64,0,0
8888,170,154,16,16
8889,91,96,-5,5
8890,98,99,-1,1
8891,125,115,10,10
8892,65,66,-1,1
8893,86,94,-8,8
8894,75,63,12,12
8895,72,72,0,0
8896,53,72,-19,19
8897,93,86,7,7
8898,69,67,2,2
8899,95,91,4,4
8900,76,82,-6,6
8901,73,73,0,0
8902,56,62,-6,6
8903,92,95,-3,3
8904,43,62,-19,19
8905,60,64,-4,4
8906,74,83,-9,9
8907,85,94,-9,9
8908,91,94,-3,3
8909,92,91,1,1
8910,91,93,-2,2
8911,60,69,-9,9
8912,142,143,-1,1
8913,127,131,-4,4
8914,87,92,-5,5
8915,130,150,-20,20
8916,104,102,2,2
8917,62,62,0,0
8918,125,122,3,3
8919,96,172,-76,76
8920,170,140,30,30
8921,103,119,-16,16
8922,185,166,19,19
8923,80,81,-1,1
8924,56,64,-8,8
8925,105,117,-12,12
8926,63,65,-2,2
8927,88,94,-6,6
8928,79,87,-8,8
8929,60,74,-14,14
8930,84,90,-6,6
8931,123,127,-4,4
8932,107,106,1,1
8933,94,101,-7,7
8934,70,69,1,1
8935,141,122,19,19
8936,56,60,-4,4
8937,166,156,10,10
8938,120,107,13,13
8939,137,121,16,16
8940,88,106,-18,18
8941,127,104,23,23
8942,157,146,11,11
8943,130,140,-10,10
8944,106,111,-5,5
8945,131,128,3,3
8946,54,61,-7,7
8947,132,122,10,10
8948,80,80,0,0
8949,81,90,-9,9
8950,128,112,16,16
8951,36,58,-22,22
8952,106,111,-5,5
8953,85,89,-4,4
8954,64,63,1,1
8955,81,84,-3,3
8956,120,116,4,4
8957,130,117,13,13
8958,99,94,5,5
8959,70,64,6,6
8960,78,68,10,10
8961,112,126,-14,14
8962,82,84,-2,2
8963,184,158,26,26
8964,129,135,-6,6
8965,111,105,6,6
8966,99,117,-18,18
8967,51,62,-11,11
8968,102,98,4,4
8969,66,69,-3,3
8970,74,73,1,1
8971,129,125,4,4
8972,54,62,-8,8
8973,117,132,-15,15
8974,120,115,5,5
8975,73,79,-6,6
8976,177,168,9,9
8977,157,148,9,9
8978,77,82,-5,5
8979,55,59,-4,4
8980,132,122,10,10
8981,180,158,22,22
8982,72,66,6,6
8983,88,97,-9,9
8984,71,74,-3,3
8985,85,83,2,2
8986,51,62,-11,11
8987,61,64,-3,3
8988,76,68,8,8
8989,90,96,-6,6
8990,64,72,-8,8
8991,67,92,-25,25
8992,95,98,-3,3
8993,46,62,-16,16
8994,92,86,6,6
8995,121,138,-17,17
8996,93,98,-5,5
8997,92,98,-6,6
8998,52,61,-9,9
8999,112,117,-5,5
9000,66,108,-42,42
9001,76,68,8,8
9002,157,148,9,9
9003,75,75,0,0
9004,68,68,0,0
9005,64,67,-3,3
9006,135,121,14,14
9007,107,102,5,5
9008,79,99,-20,20
9009,82,86,-4,4
9010,101,95,6,6
9011,142,158,-16,16
9012,108,109,-1,1
9013,93,112,-19,19
9014,111,112,-1,1
9015,111,109,2,2
9016,101,93,8,8
9017,67,66,1,1
9018,58,61,-3,3
9019,117,110,7,7
9020,100,100,0,0
9021,96,96,0,0
9022,106,104,2,2
9023,82,88,-6,6
9024,57,61,-4,4
9025,95,92,3,3
9026,92,92,0,0
9027,78,81,-3,3
9028,85,80,5,5
9029,46,60,-14,14
9030,60,70,-10,10
9031,68,69,-1,1
9032,90,92,-2,2
9033,106,106,0,0
9034,72,67,5,5
9035,91,92,-1,1
9036,142,132,10,10
9037,63,60,3,3
9038,55,62,-7,7
9039,112,109,3,3
9040,165,168,-3,3
9041,80,78,2,2
9042,58,61,-3,3
9043,96,103,-7,7
9044,69,67,2,2
9045,85,104,-19,19
9046,74,77,-3,3
9047,148,134,14,14
9048,61,61,0,0
9049,114,115,-1,1
9050,117,113,4,4
9051,87,93,-6,6
9052,148,139,9,9
9053,129,124,5,5
9054,100,97,3,3
9055,79,79,0,0
9056,84,85,-1,1
9057,75,70,5,5
9058,101,102,-1,1
9059,74,78,-4,4
9060,98,88,10,10
9061,97,101,-4,4
9062,58,62,-4,4
9063,104,101,3,3
9064,122,115,7,7
9065,33,62,-29,29
9066,62,61,1,1
9067,59,66,-7,7
9068,66,73,-7,7
9069,112,107,5,5
9070,109,101,8,8
9071,67,66,1,1
9072,157,173,-16,16
9073,147,143,4,4
9074,114,109,5,5
9075,45,61,-16,16
9076,71,79,-8,8
9077,135,127,8,8
9078,64,61,3,3
9079,101,109,-8,8
9080,93,98,-5,5
9081,92,89,3,3
9082,128,123,5,5
9083,90,85,5,5
9084,113,99,14,14
9085,62,65,-3,3
9086,66,63,3,3
9087,69,71,-2,2
9088,90,91,-1,1
9089,69,67,2,2
9090,87,94,-7,7
9091,70,92,-22,22
9092,88,91,-3,3
9093,60,66,-6,6
9094,172,150,22,22
9095,94,96,-2,2
9096,53,59,-6,6
9097,81,74,7,7
9098,103,123,-20,20
9099,146,134,12,12
9100,93,96,-3,3
9101,106,109,-3,3
9102,115,107,8,8
9103,171,153,18,18
9104,80,81,-1,1
9105,89,79,10,10
9106,75,87,-12,12
9107,197,180,17,17
9108,52,61,-9,9
9109,56,60,-4,4
9110,76,72,4,4
9111,136,130,6,6
9112,127,124,3,3
9113,102,104,-2,2
9114,100,101,-1,1
9115,154,138,16,16
9116,127,135,-8,8
9117,115,108,7,7
9118,69,75,-6,6
9119,113,104,9,9
9120,116,116,0,0
9121,92,97,-5,5
9122,95,103,-8,8
9123,81,70,11,11
9124,81,86,-5,5
9125,148,145,3,3
9126,94,94,0,0
9127,117,121,-4,4
9128,47,62,-15,15
9129,100,95,5,5
9130,133,123,10,10
9131,79,100,-21,21
9132,147,137,10,10
9133,62,64,-2,2
9134,77,85,-8,8
9135,154,138,16,16
9136,112,115,-3,3
9137,65,62,3,3
9138,42,61,-19,19
9139,114,126,-12,12
9140,114,111,3,3
9141,77,71,6,6
9142,68,72,-4,4
9143,84,91,-7,7
9144,120,121,-1,1
9145,132,128,4,4
9146,113,119,-6,6
9147,86,87,-1,1
9148,78,85,-7,7
9149,73,98,-25,25
9150,68,61,7,7
9151,93,99,-6,6
9152,113,124,-11,11
9153,58,62,-4,4
9154,63,62,1,1
9155,54,61,-7,7
9156,123,106,17,17
9157,43,62,-19,19
9158,82,86,-4,4
9159,144,134,10,10
9160,73,130,-57,57
9161,49,62,-13,13
9162,103,101,2,2
9163,179,176,3,3
9164,106,103,3,3
9165,93,104,-11,11
9166,135,138,-3,3
9167,120,119,1,1
9168,130,119,11,11
9169,79,96,-17,17
9170,82,83,-1,1
9171,55,60,-5,5
9172,74,66,8,8
9173,153,143,10,10
9174,93,95,-2,2
9175,107,103,4,4
9176,136,142,-6,6
9177,88,93,-5,5
9178,56,65,-9,9
9179,171,148,23,23
9180,115,110,5,5
9181,53,61,-8,8
9182,124,127,-3,3
9183,117,106,11,11
9184,76,78,-2,2
9185,168,154,14,14
9186,78,71,7,7
9187,42,61,-19,19
9188,74,78,-4,4
9189,156,135,21,21
9190,81,89,-8,8
9191,88,79,9,9
9192,169,148,21,21
9193,74,71,3,3
9194,108,110,-2,2
9195,98,99,-1,1
9196,175,183,-8,8
9197,39,62,-23,23
9198,47,62,-15,15
9199,100,87,13,13
9200,105,94,11,11
9201,103,103,0,0
9202,114,110,4,4
9203,65,65,0,0
9204,70,69,1,1
9205,79,91,-12,12
9206,96,100,-4,4
9207,123,125,-2,2
9208,94,97,-3,3
9209,124,127,-3,3
9210,102,98,4,4
9211,108,104,4,4
9212,78,87,-9,9
9213,111,112,-1,1
9214,84,94,-10,10
9215,58,61,-3,3
9216,124,118,6,6
9217,92,109,-17,17
9218,75,78,-3,3
9219,64,61,3,3
9220,89,91,-2,2
9221,88,98,-10,10
9222,58,64,-6,6
9223,116,110,6,6
9224,57,63,-6,6
9225,98,98,0,0
9226,138,138,0,0
9227,87,96,-9,9
9228,58,61,-3,3
9229,141,128,13,13
9230,72,69,3,3
9231,63,70,-7,7
9232,173,155,18,18
9233,113,107,6,6
9234,114,109,5,5
9235,95,91,4,4
9236,80,89,-9,9
9237,75,76,-1,1
9238,113,109,4,4
9239,86,97,-11,11
9240,54,62,-8,8
9241,99,97,2,2
9242,149,134,15,15
9243,73,60,13,13
9244,86,85,1,1
9245,108,103,5,5
9246,74,69,5,5
9247,59,63,-4,4
9248,106,110,-4,4
9249,158,133,25,25
9250,45,66,-21,21
9251,77,77,0,0
9252,116,125,-9,9
9253,52,61,-9,9
9254,93,102,-9,9
9255,129,118,11,11
9256,63,66,-3,3
9257,41,62,-21,21
9258,62,61,1,1
9259,168,156,12,12
9260,117,118,-1,1
9261,142,130,12,12
9262,112,105,7,7
9263,101,101,0,0
9264,86,84,2,2
9265,77,88,-11,11
9266,141,129,12,12
9267,80,96,-16,16
9268,107,120,-13,13
9269,90,93,-3,3
9270,65,67,-2,2
9271,57,60,-3,3
9272,89,84,5,5
9273,63,61,2,2
9274,121,114,7,7
9275,108,106,2,2
9276,83,89,-6,6
9277,116,112,4,4
9278,66,71,-5,5
9279,128,126,2,2
9280,98,99,-1,1
9281,76,77,-1,1
9282,130,121,9,9
9283,55,62,-7,7
9284,64,67,-3,3
9285,107,117,-10,10
9286,117,109,8,8
9287,124,118,6,6
9288,88,90,-2,2
9289,44,61,-17,17
9290,89,90,-1,1
9291,82,92,-10,10
9292,78,75,3,3
9293,63,66,-3,3
9294,60,59,1,1
9295,55,63,-8,8
9296,80,89,-9,9
9297,56,62,-6,6
9298,68,74,-6,6
9299,177,168,9,9
9300,69,67,2,2
9301,63,67,-4,4
9302,116,107,9,9
9303,96,101,-5,5
9304,142,126,16,16
9305,85,84,1,1
9306,56,62,-6,6
9307,91,92,-1,1
9308,72,73,-1,1
9309,69,82,-13,13
9310,114,102,12,12
9311,131,129,2,2
9312,70,72,-2,2
9313,138,130,8,8
9314,103,101,2,2
9315,69,73,-4,4
9316,97,100,-3,3
9317,98,112,-14,14
9318,117,110,7,7
9319,95,103,-8,8
9320,130,120,10,10
9321,174,153,21,21
9322,114,119,-5,5
9323,87,99,-12,12
9324,92,96,-4,4
9325,57,64,-7,7
9326,93,93,0,0
9327,90,93,-3,3
9328,87,97,-10,10
9329,87,94,-7,7
9330,115,118,-3,3
9331,103,106,-3,3
9332,66,64,2,2
9333,95,95,0,0
9334,98,97,1,1
9335,82,80,2,2
9336,63,61,2,2
9337,39,60,-21,21
9338,60,68,-8,8
9339,112,106,6,6
9340,159,153,6,6
9341,41,61,-20,20
9342,96,97,-1,1
9343,117,109,8,8
9344,69,85,-16,16
9345,82,90,-8,8
9346,125,112,13,13
9347,82,80,2,2
9348,65,68,-3,3
9349,92,84,8,8
9350,91,96,-5,5
9351,91,92,-1,1
9352,95,95,0,0
9353,28,63,-35,35
9354,64,61,3,3
9355,73,69,4,4
9356,122,112,10,10
9357,76,83,-7,7
9358,82,77,5,5
9359,134,122,12,12
9360,118,108,10,10
9361,72,77,-5,5
9362,96,119,-23,23
9363,176,155,21,21
9364,156,145,11,11
9365,64,100,-36,36
9366,99,109,-10,10
9367,94,94,0,0
9368,84,70,14,14
9369,88,93,-5,5
9370,144,140,4,4
9371,123,112,11,11
9372,99,106,-7,7
9373,63,89,-26,26
9374,64,67,-3,3
9375,141,128,13,13
9376,71,91,-20,20
9377,166,150,16,16
9378,118,118,0,0
9379,120,109,11,11
9380,145,136,9,9
9381,87,92,-5,5
9382,90,94,-4,4
9383,80,92,-12,12
9384,125,122,3,3
9385,59,61,-2,2
9386,171,165,6,6
9387,72,65,7,7
9388,121,106,15,15
9389,47,63,-16,16
9390,73,84,-11,11
9391,124,106,18,18
9392,87,95,-8,8
9393,95,98,-3,3
9394,77,81,-4,4
9395,167,159,8,8
9396,53,66,-13,13
9397,89,86,3,3
9398,83,82,1,1
9399,77,91,-14,14
9400,127,122,5,5
9401,94,100,-6,6
9402,95,89,6,6
9403,93,95,-2,2
9404,74,90,-16,16
9405,112,117,-5,5
9406,117,106,11,11
9407,69,67,2,2
9408,88,105,-17,17
9409,71,74,-3,3
9410,57,61,-4,4
9411,89,88,1,1
9412,98,113,-15,15
9413,123,122,1,1
9414,88,90,-2,2
9415,136,120,16,16
9416,85,75,10,10
9417,93,99,-6,6
9418,150,147,3,3
9419,50,61,-11,11
9420,77,83,-6,6
9421,87,92,-5,5
9422,123,113,10,10
9423,71,74,-3,3
9424,142,136,6,6
9425,78,85,-7,7
9426,111,108,3,3
9427,54,66,-12,12
9428,66,66,0,0
9429,110,112,-2,2
9430,96,94,2,2
9431,56,61,-5,5
9432,17,62,-45,45
9433,84,82,2,2
9434,108,113,-5,5
9435,103,93,10,10
9436,102,103,-1,1
9437,81,92,-11,11
9438,125,123,2,2
9439,120,127,-7,7
9440,89,90,-1,1
9441,73,67,6,6
9442,110,105,5,5
9443,86,88,-2,2
9444,94,98,-4,4
9445,76,71,5,5
9446,72,69,3,3
9447,41,62,-21,21
9448,129,123,6,6
9449,80,79,1,1
9450,92,89,3,3
9451,208,174,34,34
9452,170,161,9,9
9453,88,93,-5,5
9454,43,61,-18,18
9455,65,65,0,0
9456,52,62,-10,10
9457,44,61,-17,17
9458,96,104,-8,8
9459,165,152,13,13
9460,92,86,6,6
9461,104,93,11,11
9462,131,126,5,5
9463,73,77,-4,4
9464,131,117,14,14
9465,51,70,-19,19
9466,63,68,-5,5
9467,107,113,-6,6
9468,109,121,-12,12
9469,131,114,17,17
9470,96,93,3,3
9471,90,78,12,12
9472,60,68,-8,8
9473,106,109,-3,3
9474,101,91,10,10
9475,67,65,2,2
9476,117,113,4,4
9477,76,91,-15,15
9478,78,72,6,6
9479,94,93,1,1
9480,95,97,-2,2
9481,78,65,13,13
9482,133,128,5,5
9483,41,66,-25,25
9484,105,105,0,0
9485,102,99,3,3
9486,88,98,-10,10
9487,106,109,-3,3
9488,89,92,-3,3
9489,98,125,-27,27
9490,128,116,12,12
9491,102,104,-2,2
9492,132,133,-1,1
9493,101,100,1,1
9494,144,135,9,9
9495,61,64,-3,3
9496,61,63,-2,2
9497,114,117,-3,3
9498,125,118,7,7
9499,70,69,1,1
9500,83,91,-8,8
9501,147,142,5,5
9502,97,101,-4,4
9503,82,85,-3,3
9504,87,82,5,5
9505,94,93,1,1
9506,54,64,-10,10
9507,71,85,-14,14
9508,105,99,6,6
9509,87,93,-6,6
9510,95,104,-9,9
9511,71,74,-3,3
9512,76,89,-13,13
9513,123,117,6,6
9514,127,127,0,0
9515,84,97,-13,13
9516,48,58,-10,10
9517,108,96,12,12
9518,157,128,29,29
9519,54,63,-9,9
9520,100,93,7,7
9521,118,110,8,8
9522,57,62,-5,5
9523,137,128,9,9
9524,80,93,-13,13
9525,48,62,-14,14
9526,49,61,-12,12
9527,94,97,-3,3
9528,101,96,5,5
9529,64,66,-2,2
9530,114,124,-10,10
9531,82,79,3,3
9532,62,64,-2,2
9533,57,64,-7,7
9534,88,95,-7,7
9535,92,99,-7,7
9536,66,90,-24,24
9537,76,84,-8,8
9538,59,63,-4,4
9539,89,90,-1,1
9540,63,63,0,0
9541,51,62,-11,11
9542,123,117,6,6
9543,88,94,-6,6
9544,59,64,-5,5
9545,66,64,2,2
9546,135,118,17,17
9547,54,62,-8,8
9548,24,63,-39,39
9549,91,78,13,13
9550,166,152,14,14
9551,45,61,-16,16
9552,95,92,3,3
9553,99,101,-2,2
9554,70,80,-10,10
9555,81,73,8,8
9556,97,111,-14,14
9557,75,94,-19,19
9558,55,64,-9,9
9559,86,96,-10,10
9560,172,154,18,18
9561,65,80,-15,15
9562,174,155,19,19
9563,78,80,-2,2
9564,81,93,-12,12
9565,68,66,2,2
9566,74,63,11,11
9567,46,62,-16,16
9568,119,122,-3,3
9569,48,62,-14,14
9570,112,117,-5,5
9571,135,150,-15,15
9572,91,80,11,11
9573,103,97,6,6
9574,95,113,-18,18
9575,91,75,16,16
9576,201,169,32,32
9577,89,93,-4,4
9578,71,65,6,6
9579,198,178,20,20
9580,93,86,7,7
9581,82,83,-1,1
9582,132,125,7,7
9583,79,90,-11,11
9584,60,63,-3,3
9585,72,89,-17,17
9586,107,109,-2,2
9587,112,118,-6,6
9588,99,105,-6,6
9589,104,114,-10,10
9590,68,68,0,0
9591,57,61,-4,4
9592,47,61,-14,14
9593,96,98,-2,2
9594,95,111,-16,16
9595,43,62,-19,19
9596,116,104,12,12
9597,65,73,-8,8
9598,106,93,13,13
9599,117,128,-11,11
9600,96,95,1,1
9601,67,67,0,0
9602,100,90,10,10
9603,108,108,0,0
9604,103,100,3,3
9605,58,63,-5,5
9606,88,91,-3,3
9607,133,121,12,12
9608,161,150,11,11
9609,95,94,1,1
9610,99,92,7,7
9611,69,63,6,6
9612,112,106,6,6
9613,127,115,12,12
9614,66,69,-3,3
9615,116,115,1,1
9616,105,126,-21,21
9617,100,96,4,4
9618,93,97,-4,4
9619,79,90,-11,11
9620,121,111,10,10
9621,86,97,-11,11
9622,88,79,9,9
9623,177,152,25,25
9624,67,62,5,5
9625,73,78,-5,5
9626,105,100,5,5
9627,115,111,4,4
9628,141,132,9,9
9629,75,78,-3,3
9630,58,63,-5,5
9631,86,93,-7,7
9632,137,130,7,7
9633,113,110,3,3
9634,92,93,-1,1
9635,83,94,-11,11
9636,103,112,-9,9
9637,145,130,15,15
9638,84,83,1,1
9639,123,125,-2,2
9640,104,103,1,1
9641,61,62,-1,1
9642,79,109,-30,30
9643,90,112,-22,22
9644,115,114,1,1
9645,138,141,-3,3
9646,80,83,-3,3
9647,92,96,-4,4
9648,126,117,9,9
9649,62,61,1,1
9650,81,88,-7,7
9651,88,86,2,2
9652,90,97,-7,7
9653,70,71,-1,1
9654,113,117,-4,4
9655,81,87,-6,6
9656,70,82,-12,12
9657,87,89,-2,2
9658,62,66,-4,4
9659,54,61,-7,7
9660,85,84,1,1
9661,76,73,3,3
9662,44,62,-18,18
9663,106,102,4,4
9664,116,111,5,5
9665,114,141,-27,27
9666,156,145,11,11
9667,127,114,13,13
9668,61,62,-1,1
9669,57,62,-5,5
9670,128,124,4,4
9671,90,86,4,4
9672,113,106,7,7
9673,81,75,6,6
9674,48,60,-12,12
9675,47,60,-13,13
9676,139,123,16,16
9677,154,143,11,11
9678,104,115,-11,11
9679,97,97,0,0
9680,123,117,6,6
9681,68,61,7,7
9682,94,97,-3,3
9683,77,92,-15,15
9684,45,61,-16,16
9685,78,79,-1,1
9686,75,80,-5,5
9687,79,75,4,4
9688,175,179,-4,4
9689,117,113,4,4
9690,108,103,5,5
9691,106,109,-3,3
9692,82,71,11,11
9693,112,103,9,9
9694,74,77,-3,3
9695,117,117,0,0
9696,94,100,-6,6
9697,226,197,29,29
9698,120,112,8,8
9699,40,60,-20,20
9700,40,105,-65,65
9701,119,119,0,0
9702,51,61,-10,10
9703,61,64,-3,3
9704,119,115,4,4
9705,97,91,6,6
9706,70,78,-8,8
9707,101,94,7,7
9708,160,146,14,14
9709,88,88,0,0
9710,41,61,-20,20
9711,86,89,-3,3
9712,76,90,-14,14
9713,66,71,-5,5
9714,110,112,-2,2
9715,120,113,7,7
9716,97,100,-3,3
9717,89,97,-8,8
9718,117,113,4,4
9719,59,68,-9,9
9720,145,140,5,5
9721,84,78,6,6
9722,78,92,-14,14
9723,65,64,1,1
9724,62,68,-6,6
9725,114,112,2,2
9726,76,81,-5,5
9727,51,63,-12,12
9728,131,138,-7,7
9729,162,165,-3,3
9730,90,103,-13,13
9731,95,104,-9,9
9732,49,65,-16,16
9733,81,87,-6,6
9734,103,102,1,1
9735,136,139,-3,3
9736,116,115,1,1
9737,74,72,2,2
9738,54,62,-8,8
9739,110,111,-1,1
9740,113,105,8,8
9741,142,120,22,22
9742,130,108,22,22
9743,156,144,12,12
9744,186,180,6,6
9745,70,68,2,2
9746,115,106,9,9
9747,149,128,21,21
9748,135,121,14,14
9749,72,69,3,3
9750,143,139,4,4
9751,190,169,21,21
9752,117,124,-7,7
9753,124,125,-1,1
9754,78,92,-14,14
9755,90,99,-9,9
9756,49,62,-13,13
9757,52,61,-9,9
9758,48,59,-11,11
9759,69,70,-1,1
9760,69,75,-6,6
9761,40,60,-20,20
9762,89,97,-8,8
9763,85,88,-3,3
9764,104,114,-10,10
9765,130,123,7,7
9766,110,99,11,11
9767,136,124,12,12
9768,91,81,10,10
9769,83,90,-7,7
9770,50,62,-12,12
9771,104,105,-1,1
9772,83,75,8,8
9773,114,111,3,3
9774,119,127,-8,8
9775,88,85,3,3
9776,68,99,-31,31
9777,84,103,-19,19
9778,93,76,17,17
9779,56,62,-6,6
9780,66,70,-4,4
9781,60,61,-1,1
9782,58,63,-5,5
9783,142,138,4,4
9784,197,173,24,24
9785,53,61,-8,8
9786,86,116,-30,30
9787,85,90,-5,5
9788,153,128,25,25
9789,58,63,-5,5
9790,78,77,1,1
9791,159,143,16,16
9792,129,126,3,3
9793,115,114,1,1
9794,64,61,3,3
9795,142,136,6,6
9796,83,83,0,0
9797,171,174,-3,3
9798,137,155,-18,18
9799,107,110,-3,3
9800,101,95,6,6
9801,75,66,9,9
9802,103,98,5,5
9803,80,82,-2,2
9804,51,62,-11,11
9805,92,83,9,9
9806,88,91,-3,3
9807,96,103,-7,7
9808,140,124,16,16
9809,107,107,0,0
9810,59,63,-4,4
9811,128,114,14,14
9812,80,78,2,2
9813,40,61,-21,21
9814,139,132,7,7
9815,79,68,11,11
9816,89,92,-3,3
9817,127,120,7,7
9818,132,121,11,11
9819,104,107,-3,3
9820,100,98,2,2
9821,76,76,0,0
9822,182,147,35,35
9823,43,61,-18,18
9824,56,61,-5,5
9825,140,134,6,6
9826,98,102,-4,4
9827,66,76,-10,10
9828,52,58,-6,6
9829,100,98,2,2
9830,131,115,16,16
9831,47,52,-5,5
9832,57,63,-6,6
9833,58,63,-5,5
9834,100,99,1,1
9835,143,144,-1,1
9836,81,74,7,7
9837,130,134,-4,4
9838,63,73,-10,10
9839,84,107,-23,23
9840,86,91,-5,5
9841,118,113,5,5
9842,109,101,8,8
9843,176,172,4,4
9844,68,69,-1,1
9845,102,105,-3,3
9846,65,66,-1,1
9847,88,94,-6,6
9848,127,114,13,13
9849,56,63,-7,7
9850,104,105,-1,1
9851,105,100,5,5
9852,84,84,0,0
9853,27,61,-34,34
9854,95,101,-6,6
9855,77,80,-3,3
9856,192,191,1,1
9857,78,68,10,10
9858,122,118,4,4
9859,80,90,-10,10
9860,94,83,11,11
9861,126,120,6,6
9862,44,60,-16,16
9863,73,79,-6,6
9864,104,83,21,21
9865,71,67,4,4
9866,65,71,-6,6
9867,96,86,10,10
9868,116,113,3,3
9869,103,106,-3,3
9870,129,122,7,7
9871,143,134,9,9
9872,100,114,-14,14
9873,133,117,16,16
9874,64,64,0,0
9875,121,122,-1,1
9876,61,67,-6,6
9877,55,63,-8,8
9878,49,60,-11,11
9879,86,84,2,2
9880,85,88,-3,3
9881,61,62,-1,1
9882,128,132,-4,4
9883,91,78,13,13
9884,99,83,16,16
9885,92,95,-3,3
9886,179,164,15,15
9887,114,100,14,14
9888,66,61,5,5
9889,78,91,-13,13
9890,69,70,-1,1
9891,121,114,7,7
9892,85,75,10,10
9893,110,127,-17,17
9894,92,98,-6,6
9895,117,114,3,3
9896,174,159,15,15
9897,135,134,1,1
9898,64,60,4,4
9899,75,74,1,1
9900,97,109,-12,12
9901,120,121,-1,1
9902,102,101,1,1
9903,91,92,-1,1
9904,70,75,-5,5
9905,64,75,-11,11
9906,49,61,-12,12
9907,94,114,-20,20
9908,71,82,-11,11
9909,136,153,-17,17
9910,68,68,0,0
9911,122,117,5,5
9912,73,71,2,2
9913,114,111,3,3
9914,98,98,0,0
9915,104,103,1,1
9916,103,99,4,4
9917,108,101,7,7
9918,127,119,8,8
9919,130,136,-6,6
9920,95,98,-3,3
9921,89,82,7,7
9922,73,71,2,2
9923,157,133,24,24
9924,103,98,5,5
9925,105,102,3,3
9926,112,101,11,11
9927,109,101,8,8
9928,79,83,-4,4
9929,92,111,-19,19
9930,72,66,6,6
9931,48,60,-12,12
9932,98,94,4,4
9933,111,111,0,0
9934,119,109,10,10
9935,139,118,21,21
9936,55,67,-12,12
9937,107,112,-5,5
9938,135,140,-5,5
9939,102,100,2,2
9940,88,94,-6,6
9941,105,123,-18,18
9942,136,117,19,19
9943,82,91,-9,9
9944,67,68,-1,1
9945,123,119,4,4
9946,120,125,-5,5
9947,94,101,-7,7
9948,51,62,-11,11
9949,95,90,5,5
9950,92,96,-4,4
9951,154,135,19,19
9952,76,80,-4,4
9953,59,62,-3,3
9954,153,131,22,22
9955,66,74,-8,8
9956,96,105,-9,9
9957,131,123,8,8
9958,81,76,5,5
9959,80,87,-7,7
9960,59,62,-3,3
9961,72,74,-2,2
9962,148,142,6,6
9963,123,136,-13,13
9964,72,73,-1,1
9965,59,60,-1,1
9966,145,142,3,3
9967,95,99,-4,4
9968,125,117,8,8
9969,79,84,-5,5
9970,79,83,-4,4
9971,68,70,-2,2
9972,135,132,3,3
9973,96,98,-2,2
9974,64,64,0,0
9975,62,61,1,1
9976,102,100,2,2
9977,141,133,8,8
9978,82,75,7,7
9979,84,73,11,11
9980,85,94,-9,9
9981,77,82,-5,5
9982,107,100,7,7
9983,94,95,-1,1
9984,84,73,11,11
9985,90,92,-2,2
9986,127,120,7,7
9987,94,96,-2,2
9988,142,159,-17,17
9989,88,99,-11,11
9990,104,100,4,4
9991,66,69,-3,3
9992,48,61,-13,13
9993,76,75,1,1
9994,105,107,-2,2
9995,62,62,0,0
9996,82,86,-4,4
9997,123,120,3,3
9998,88,95,-7,7
9999,68,65,3,3
10000,171,150,21,21
10001,134,124,10,10
10002,81,78,3,3
10003,66,69,-3,3
10004,49,60,-11,11
10005,92,96,-4,4
10006,121,115,6,6
10007,133,123,10,10
10008,147,131,16,16
10009,81,83,-2,2
10010,69,72,-3,3
10011,83,90,-7,7
10012,88,90,-2,2
10013,59,60,-1,1
10014,91,98,-7,7
10015,153,148,5,5
10016,114,104,10,10
10017,77,91,-14,14
10018,85,84,1,1
10019,80,75,5,5
10020,74,72,2,2
10021,169,155,14,14
10022,108,106,2,2
10023,121,122,-1,1
10024,83,92,-9,9
10025,56,62,-6,6
10026,74,75,-1,1
10027,53,62,-9,9
10028,80,90,-10,10
10029,79,80,-1,1
10030,117,110,7,7
10031,174,156,18,18
10032,77,73,4,4
10033,114,101,13,13
10034,79,79,0,0
10035,158,143,15,15
10036,80,79,1,1
10037,90,113,-23,23
10038,111,108,3,3
10039,155,135,20,20
10040,55,63,-8,8
10041,74,77,-3,3
10042,62,68,-6,6
10043,138,133,5,5
10044,143,154,-11,11
10045,113,115,-2,2
10046,100,105,-5,5
10047,115,98,17,17
10048,49,62,-13,13
10049,139,143,-4,4
10050,114,117,-3,3
10051,125,129,-4,4
10052,61,64,-3,3
10053,136,127,9,9
10054,77,76,1,1
10055,211,179,32,32
10056,66,63,3,3
10057,111,105,6,6
10058,122,124,-2,2
10059,139,128,11,11
10060,121,110,11,11
10061,108,114,-6,6
10062,85,95,-10,10
10063,110,109,1,1
10064,62,70,-8,8
10065,107,103,4,4
10066,49,61,-12,12
10067,82,106,-24,24
10068,92,93,-1,1
10069,59,60,-1,1
10070,56,63,-7,7
10071,105,101,4,4
10072,61,64,-3,3
10073,95,105,-10,10
10074,56,61,-5,5
10075,148,142,6,6
10076,123,124,-1,1
10077,111,117,-6,6
10078,75,78,-3,3
10079,139,145,-6,6
10080,68,69,-1,1
10081,90,88,2,2
10082,150,148,2,2
10083,133,119,14,14
10084,49,60,-11,11
10085,62,63,-1,1
10086,111,101,10,10
10087,117,116,1,1
10088,151,144,7,7
10089,100,99,1,1
10090,42,61,-19,19
10091,78,77,1,1
10092,48,61,-13,13
10093,118,105,13,13
10094,70,65,5,5
10095,117,127,-10,10
10096,61,90,-29,29
10097,94,100,-6,6
10098,78,79,-1,1
10099,170,153,17,17
10100,68,66,2,2
10101,78,71,7,7
10102,47,62,-15,15
10103,130,110,20,20
10104,80,74,6,6
10105,70,76,-6,6
10106,49,63,-14,14
10107,117,111,6,6
10108,86,94,-8,8
10109,82,76,6,6
10110,54,62,-8,8
10111,160,149,11,11
10112,78,93,-15,15
10113,82,83,-1,1
10114,59,58,1,1
10115,115,110,5,5
10116,86,93,-7,7
10117,119,108,11,11
10118,116,115,1,1
10119,90,99,-9,9
10120,75,79,-4,4
10121,81,88,-7,7
10122,87,95,-8,8
10123,108,102,6,6
10124,50,62,-12,12
10125,53,61,-8,8
10126,130,135,-5,5
10127,125,115,10,10
10128,118,109,9,9
10129,112,110,2,2
10130,62,67,-5,5
10131,105,106,-1,1
10132,90,99,-9,9
10133,143,138,5,5
10134,58,62,-4,4
10135,64,67,-3,3
10136,108,102,6,6
10137,98,86,12,12
10138,136,130,6,6
10139,101,111,-10,10
10140,85,94,-9,9
10141,92,97,-5,5
10142,144,133,11,11
10143,80,86,-6,6
10144,110,98,12,12
10145,66,63,3,3
10146,73,68,5,5
10147,59,63,-4,4
10148,88,94,-6,6
10149,74,91,-17,17
10150,61,65,-4,4
10151,125,116,9,9
10152,55,61,-6,6
10153,115,112,3,3
10154,58,65,-7,7
10155,76,88,-12,12
10156,137,137,0,0
10157,81,73,8,8
10158,116,116,0,0
10159,81,84,-3,3
10160,94,92,2,2
10161,78,96,-18,18
10162,80,77,3,3
10163,99,97,2,2
10164,118,112,6,6
10165,137,131,6,6
10166,98,102,-4,4
10167,71,68,3,3
10168,83,92,-9,9
10169,132,136,-4,4
10170,69,70,-1,1
10171,119,114,5,5
10172,101,111,-10,10
10173,92,97,-5,5
10174,74,69,5,5
10175,95,98,-3,3
10176,67,68,-1,1
10177,50,58,-8,8
10178,106,100,6,6
10179,102,96,6,6
10180,359,314,45,45
10181,58,62,-4,4
10182,94,94,0,0
10183,90,81,9,9
10184,88,90,-2,2
10185,105,96,9,9
10186,75,75,0,0
10187,89,92,-3,3
10188,86,90,-4,4
10189,133,125,8,8
10190,35,62,-27,27
10191,88,84,4,4
10192,177,155,22,22
10193,100,98,2,2
10194,65,61,4,4
10195,104,101,3,3
10196,67,60,7,7
10197,86,93,-7,7
10198,123,114,9,9
10199,108,105,3,3
10200,84,84,0,0
10201,54,62,-8,8
10202,95,97,-2,2
10203,86,80,6,6
10204,70,85,-15,15
10205,84,78,6,6
10206,107,103,4,4
10207,45,62,-17,17
10208,85,92,-7,7
10209,79,110,-31,31
10210,125,121,4,4
10211,92,92,0,0
10212,74,74,0,0
10213,139,139,0,0
10214,84,81,3,3
10215,103,116,-13,13
10216,60,71,-11,11
10217,78,88,-10,10
10218,69,56,13,13
10219,131,125,6,6
10220,102,99,3,3
10221,69,71,-2,2
10222,58,63,-5,5
10223,43,62,-19,19
10224,29,62,-33,33
10225,86,93,-7,7
10226,114,114,0,0
10227,38,62,-24,24
10228,113,118,-5,5
10229,74,90,-16,16
10230,67,66,1,1
10231,221,208,13,13
10232,103,111,-8,8
10233,224,210,14,14
10234,82,100,-18,18
10235,104,99,5,5
10236,115,111,4,4
10237,70,88,-18,18
10238,92,93,-1,1
10239,118,112,6,6
10240,159,138,21,21
10241,124,112,12,12
10242,165,138,27,27
10243,118,119,-1,1
10244,79,69,10,10
10245,113,108,5,5
10246,61,65,-4,4
10247,112,107,5,5
10248,68,67,1,1
10249,71,81,-10,10
10250,127,118,9,9
10251,82,79,3,3
10252,63,63,0,0
10253,189,187,2,2
10254,73,83,-10,10
10255,76,67,9,9
10256,99,108,-9,9
10257,131,127,4,4
10258,88,93,-5,5
10259,61,63,-2,2
10260,135,129,6,6
10261,52,61,-9,9
10262,114,112,2,2
10263,82,80,2,2
10264,106,106,0,0
10265,102,116,-14,14
10266,105,115,-10,10
10267,77,86,-9,9
10268,66,66,0,0
10269,129,118,11,11
10270,73,78,-5,5
10271,77,75,2,2
10272,70,70,0,0
10273,40,62,-22,22
10274,55,64,-9,9
10275,130,131,-1,1
10276,168,151,17,17
10277,76,64,12,12
10278,136,126,10,10
10279,104,110,-6,6
10280,52,63,-11,11
10281,151,135,16,16
10282,74,77,-3,3
10283,60,70,-10,10
10284,90,93,-3,3
10285,81,84,-3,3
10286,118,119,-1,1
10287,96,97,-1,1
10288,96,96,0,0
10289,151,143,8,8
10290,125,116,9,9
10291,73,70,3,3
10292,107,103,4,4
10293,113,113,0,0
10294,118,121,-3,3
10295,71,80,-9,9
10296,68,70,-2,2
10297,65,66,-1,1
10298,48,61,-13,13
10299,73,77,-4,4
10300,86,110,-24,24
10301,45,61,-16,16
10302,87,89,-2,2
10303,113,109,4,4
10304,137,130,7,7
10305,114,120,-6,6
10306,61,62,-1,1
10307,106,97,9,9
10308,128,133,-5,5
10309,111,114,-3,3
10310,100,100,0,0
10311,100,98,2,2
10312,133,137,-4,4
10313,96,97,-1,1
10314,133,129,4,4
10315,130,124,6,6
10316,78,88,-10,10
10317,130,111,19,19
10318,110,120,-10,10
10319,75,86,-11,11
10320,144,145,-1,1
10321,81,90,-9,9
10322,63,68,-5,5
10323,122,118,4,4
10324,119,128,-9,9
10325,99,105,-6,6
10326,111,108,3,3
10327,143,122,21,21
10328,104,117,-13,13
10329,93,91,2,2
10330,72,80,-8,8
10331,79,90,-11,11
10332,128,131,-3,3
10333,99,97,2,2
10334,76,86,-10,10
10335,100,102,-2,2
10336,70,70,0,0
10337,148,144,4,4
10338,68,66,2,2
10339,100,110,-10,10
10340,74,99,-25,25
10341,86,91,-5,5
10342,93,88,5,5
10343,138,116,22,22
10344,149,155,-6,6
10345,65,63,2,2
10346,89,96,-7,7
10347,117,91,26,26
10348,98,92,6,6
10349,127,121,6,6
10350,106,102,4,4
10351,68,62,6,6
10352,160,137,23,23
10353,83,93,-10,10
10354,129,114,15,15
10355,117,105,12,12
10356,74,88,-14,14
10357,101,100,1,1
10358,113,115,-2,2
10359,121,112,9,9
10360,122,125,-3,3
10361,117,112,5,5
10362,131,134,-3,3
10363,68,63,5,5
10364,86,96,-10,10
10365,97,93,4,4
10366,125,119,6,6
10367,65,69,-4,4
10368,49,59,-10,10
10369,81,79,2,2
10370,103,105,-2,2
10371,110,104,6,6
10372,86,96,-10,10
10373,103,102,1,1
10374,103,105,-2,2
10375,59,62,-3,3
10376,119,107,12,12
10377,40,61,-21,21
10378,102,105,-3,3
10379,120,114,6,6
10380,103,105,-2,2
10381,101,99,2,2
10382,106,104,2,2
10383,110,113,-3,3
10384,82,79,3,3
10385,88,82,6,6
10386,174,166,8,8
10387,99,94,5,5
10388,66,66,0,0
10389,105,110,-5,5
10390,59,63,-4,4
10391,128,110,18,18
10392,53,63,-10,10
10393,123,126,-3,3
10394,88,92,-4,4
10395,80,79,1,1
10396,72,90,-18,18
10397,73,78,-5,5
10398,60,61,-1,1
10399,88,90,-2,2
10400,82,87,-5,5
10401,156,138,18,18
10402,163,139,24,24
10403,73,69,4,4
10404,105,97,8,8
10405,137,120,17,17
10406,74,76,-2,2
10407,85,78,7,7
10408,71,75,-4,4
10409,56,64,-8,8
10410,95,96,-1,1
10411,48,60,-12,12
10412,113,114,-1,1
10413,96,96,0,0
10414,111,108,3,3
10415,80,116,-36,36
10416,44,61,-17,17
10417,73,68,5,5
10418,132,112,20,20
10419,100,92,8,8
10420,126,115,11,11
10421,77,87,-10,10
10422,81,95,-14,14
10423,68,65,3,3
10424,73,97,-24,24
10425,100,103,-3,3
10426,98,89,9,9
10427,60,62,-2,2
10428,110,109,1,1
10429,102,103,-1,1
10430,75,71,4,4
10431,138,137,1,1
10432,81,77,4,4
10433,108,113,-5,5
10434,148,136,12,12
10435,59,61,-2,2
10436,88,97,-9,9
10437,104,91,13,13
10438,72,64,8,8
10439,82,88,-6,6
10440,93,96,-3,3
10441,93,90,3,3
10442,160,151,9,9
10443,129,128,1,1
10444,113,114,-1,1
10445,116,102,14,14
10446,119,118,1,1
10447,86,83,3,3
10448,44,56,-12,12
10449,76,69,7,7
10450,61,66,-5,5
10451,80,92,-12,12
10452,99,93,6,6
10453,87,103,-16,16
10454,117,113,4,4
10455,50,67,-17,17
10456,150,133,17,17
10457,123,111,12,12
10458,100,89,11,11
10459,147,137,10,10
10460,185,181,4,4
10461,59,61,-2,2
10462,81,74,7,7
10463,61,74,-13,13
10464,126,119,7,7
10465,82,86,-4,4
10466,100,99,1,1
10467,81,74,7,7
10468,39,61,-22,22
10469,77,74,3,3
10470,51,61,-10,10
10471,98,105,-7,7
10472,133,143,-10,10
10473,80,79,1,1
10474,151,132,19,19
10475,88,84,4,4
10476,55,61,-6,6
10477,72,81,-9,9
10478,75,90,-15,15
10479,77,71,6,6
10480,81,68,13,13
10481,144,140,4,4
10482,121,108,13,13
10483,57,63,-6,6
10484,69,101,-32,32
10485,99,100,-1,1
10486,64,72,-8,8
10487,130,111,19,19
10488,106,109,-3,3
10489,72,74,-2,2
10490,67,71,-4,4
10491,68,66,2,2
10492,79,88,-9,9
10493,81,86,-5,5
10494,69,67,2,2
10495,67,65,2,2
10496,73,74,-1,1
10497,39,61,-22,22
10498,112,122,-10,10
10499,71,74,-3,3
10500,132,118,14,14
10501,133,132,1,1
10502,95,95,0,0
10503,112,106,6,6
10504,112,101,11,11
10505,99,113,-14,14
10506,71,79,-8,8
10507,127,138,-11,11
10508,89,98,-9,9
10509,87,91,-4,4
10510,124,116,8,8
10511,66,68,-2,2
10512,92,97,-5,5
10513,80,73,7,7
10514,94,98,-4,4
10515,146,147,-1,1
10516,139,136,3,3
10517,136,128,8,8
10518,63,63,0,0
10519,54,62,-8,8
10520,171,156,15,15
10521,91,89,2,2
10522,170,150,20,20
10523,147,147,0,0
10524,70,69,1,1
10525,140,139,1,1
10526,117,116,1,1
10527,72,69,3,3
10528,132,126,6,6
10529,63,67,-4,4
10530,102,107,-5,5
10531,81,86,-5,5
10532,90,99,-9,9
10533,87,94,-7,7
10534,127,118,9,9
10535,56,60,-4,4
10536,44,62,-18,18
10537,122,113,9,9
10538,111,108,3,3
10539,66,71,-5,5
10540,110,114,-4,4
10541,101,102,-1,1
10542,119,122,-3,3
10543,75,86,-11,11
10544,65,65,0,0
10545,55,62,-7,7
10546,76,88,-12,12
10547,70,68,2,2
10548,157,186,-29,29
10549,27,62,-35,35
10550,83,78,5,5
10551,125,120,5,5
10552,95,102,-7,7
10553,86,78,8,8
10554,116,115,1,1
10555,66,63,3,3
10556,144,158,-14,14
10557,96,102,-6,6
10558,94,97,-3,3
10559,37,62,-25,25
10560,195,171,24,24
10561,108,110,-2,2
10562,130,128,2,2
10563,78,82,-4,4
10564,57,64,-7,7
10565,72,68,4,4
10566,57,70,-13,13
10567,90,104,-14,14
10568,67,59,8,8
10569,157,151,6,6
10570,57,63,-6,6
10571,94,99,-5,5
10572,69,76,-7,7
10573,86,91,-5,5
10574,58,59,-1,1
10575,105,105,0,0
10576,74,70,4,4
10577,116,119,-3,3
10578,78,72,6,6
10579,115,108,7,7
10580,64,63,1,1
10581,127,115,12,12
10582,77,77,0,0
10583,99,98,1,1
10584,68,70,-2,2
10585,101,114,-13,13
10586,88,89,-1,1
10587,121,116,5,5
10588,100,103,-3,3
10589,87,68,19,19
10590,80,72,8,8
10591,43,62,-19,19
10592,103,110,-7,7
10593,149,134,15,15
10594,67,76,-9,9
10595,110,111,-1,1
10596,127,120,7,7
10597,55,61,-6,6
10598,133,124,9,9
10599,82,88,-6,6
10600,45,62,-17,17
10601,59,60,-1,1
10602,120,112,8,8
10603,103,109,-6,6
10604,145,139,6,6
10605,119,120,-1,1
10606,75,85,-10,10
10607,74,66,8,8
10608,109,109,0,0
10609,148,137,11,11
10610,80,82,-2,2
10611,68,67,1,1
10612,116,116,0,0
10613,114,106,8,8
10614,100,103,-3,3
10615,72,74,-2,2
10616,119,131,-12,12
10617,96,93,3,3
10618,58,62,-4,4
10619,132,134,-2,2
10620,169,159,10,10
10621,70,69,1,1
10622,90,89,1,1
10623,93,93,0,0
10624,107,121,-14,14
10625,124,111,13,13
10626,43,62,-19,19
10627,102,98,4,4
10628,107,105,2,2
10629,61,66,-5,5
10630,62,65,-3,3
10631,72,68,4,4
10632,129,119,10,10
10633,74,74,0,0
10634,81,79,2,2
10635,107,99,8,8
10636,79,84,-5,5
10637,43,62,-19,19
10638,72,78,-6,6
10639,102,91,11,11
10640,93,86,7,7
10641,90,93,-3,3
10642,66,60,6,6
10643,125,121,4,4
10644,73,71,2,2
10645,78,69,9,9
10646,49,62,-13,13
10647,81,71,10,10
10648,74,81,-7,7
10649,78,73,5,5
10650,82,85,-3,3
10651,92,107,-15,15
10652,110,109,1,1
10653,96,97,-1,1
10654,83,92,-9,9
10655,143,133,10,10
10656,88,79,9,9
10657,111,110,1,1
10658,54,61,-7,7
10659,66,69,-3,3
10660,68,85,-17,17
10661,57,63,-6,6
10662,169,140,29,29
10663,63,72,-9,9
10664,131,151,-20,20
10665,102,101,1,1
10666,47,60,-13,13
10667,58,69,-11,11
10668,127,124,3,3
10669,100,101,-1,1
10670,109,111,-2,2
10671,109,104,5,5
10672,92,92,0,0
10673,93,93,0,0
10674,64,65,-1,1
10675,95,104,-9,9
10676,97,94,3,3
10677,87,93,-6,6
10678,65,67,-2,2
10679,84,89,-5,5
10680,140,115,25,25
10681,88,85,3,3
10682,56,62,-6,6
10683,131,124,7,7
10684,107,104,3,3
10685,93,91,2,2
10686,125,115,10,10
10687,204,184,20,20
10688,128,115,13,13
10689,80,75,5,5
10690,161,173,-12,12
10691,114,109,5,5
10692,96,78,18,18
10693,79,86,-7,7
10694,60,62,-2,2
10695,176,160,16,16
10696,41,62,-21,21
10697,50,62,-12,12
10698,45,61,-16,16
10699,168,146,22,22
10700,65,69,-4,4
10701,57,61,-4,4
10702,98,98,0,0
10703,77,78,-1,1
10704,84,81,3,3
10705,76,88,-12,12
10706,75,91,-16,16
10707,93,103,-10,10
10708,71,113,-42,42
10709,87,88,-1,1
10710,65,68,-3,3
10711,130,115,15,15
10712,74,64,10,10
10713,34,62,-28,28
10714,129,107,22,22
10715,114,115,-1,1
10716,70,66,4,4
10717,50,62,-12,12
10718,93,94,-1,1
10719,55,61,-6,6
10720,94,85,9,9
10721,46,62,-16,16
10722,50,61,-11,11
10723,104,97,7,7
10724,118,116,2,2
10725,102,98,4,4
10726,84,85,-1,1
10727,165,168,-3,3
10728,97,100,-3,3
10729,92,96,-4,4
10730,89,76,13,13
10731,76,75,1,1
10732,75,96,-21,21
10733,142,133,9,9
10734,96,98,-2,2
10735,145,140,5,5
10736,87,93,-6,6
10737,64,64,0,0
10738,48,62,-14,14
10739,94,93,1,1
10740,69,66,3,3
10741,66,62,4,4
10742,131,119,12,12
10743,98,95,3,3
10744,94,100,-6,6
10745,65,66,-1,1
10746,89,94,-5,5
10747,128,115,13,13
10748,144,148,-4,4
10749,53,62,-9,9
10750,108,112,-4,4
10751,29,62,-33,33
10752,58,61,-3,3
10753,94,103,-9,9
10754,74,72,2,2
10755,133,127,6,6
10756,75,72,3,3
10757,87,81,6,6
10758,133,129,4,4
10759,74,69,5,5
10760,80,80,0,0
10761,52,62,-10,10
10762,116,112,4,4
10763,158,146,12,12
10764,224,197,27,27
10765,97,99,-2,2
10766,128,118,10,10
10767,102,103,-1,1
10768,114,105,9,9
10769,41,62,-21,21
10770,86,90,-4,4
10771,42,60,-18,18
10772,111,106,5,5
10773,142,139,3,3
10774,68,69,-1,1
10775,65,69,-4,4
10776,116,119,-3,3
10777,91,86,5,5
10778,157,147,10,10
10779,140,129,11,11
10780,126,113,13,13
10781,77,73,4,4
10782,86,91,-5,5
10783,102,104,-2,2
10784,95,94,1,1
10785,64,65,-1,1
10786,103,120,-17,17
10787,55,61,-6,6
10788,77,84,-7,7
10789,160,144,16,16
10790,58,60,-2,2
10791,191,181,10,10
10792,121,122,-1,1
10793,77,67,10,10
10794,161,146,15,15
10795,65,63,2,2
10796,80,98,-18,18
10797,77,85,-8,8
10798,67,78,-11,11
10799,51,62,-11,11
10800,76,77,-1,1
10801,155,138,17,17
10802,96,90,6,6
10803,65,65,0,0
10804,98,98,0,0
10805,101,99,2,2
10806,49,61,-12,12
10807,112,119,-7,7
10808,81,67,14,14
10809,49,62,-13,13
10810,65,63,2,2
10811,90,88,2,2
10812,126,114,12,12
10813,48,62,-14,14
10814,120,125,-5,5
10815,55,63,-8,8
10816,75,92,-17,17
10817,83,100,-17,17
10818,135,123,12,12
10819,131,126,5,5
10820,117,119,-2,2
10821,88,81,7,7
10822,92,95,-3,3
10823,90,102,-12,12
10824,98,104,-6,6
10825,101,96,5,5
10826,138,132,6,6
10827,84,91,-7,7
10828,104,106,-2,2
10829,98,113,-15,15
10830,87,93,-6,6
10831,102,107,-5,5
10832,81,87,-6,6
10833,75,81,-6,6
10834,145,127,18,18
10835,114,109,5,5
10836,63,64,-1,1
10837,51,62,-11,11
10838,109,108,1,1
10839,69,65,4,4
10840,87,100,-13,13
10841,72,63,9,9
10842,114,111,3,3
10843,96,89,7,7
10844,140,145,-5,5
10845,171,156,15,15
10846,97,99,-2,2
10847,77,77,0,0
10848,125,108,17,17
10849,75,74,1,1
10850,98,107,-9,9
10851,118,117,1,1
10852,120,112,8,8
10853,69,68,1,1
10854,57,59,-2,2
10855,129,118,11,11
10856,127,121,6,6
10857,81,88,-7,7
10858,102,104,-2,2
10859,154,139,15,15
10860,116,108,8,8
10861,47,62,-15,15
10862,124,118,6,6
10863,124,116,8,8
10864,138,125,13,13
10865,82,89,-7,7
10866,120,111,9,9
10867,114,105,9,9
10868,90,96,-6,6
10869,88,85,3,3
10870,53,61,-8,8
10871,84,76,8,8
10872,80,83,-3,3
10873,147,136,11,11
10874,79,93,-14,14
10875,115,109,6,6
10876,80,77,3,3
10877,117,111,6,6
10878,123,117,6,6
10879,54,65,-11,11
10880,93,94,-1,1
10881,145,137,8,8
10882,128,129,-1,1
10883,73,74,-1,1
10884,51,61,-10,10
10885,65,65,0,0
10886,102,114,-12,12
10887,95,112,-17,17
10888,58,62,-4,4
10889,49,62,-13,13
10890,113,114,-1,1
10891,121,122,-1,1
10892,148,136,12,12
10893,139,136,3,3
10894,96,111,-15,15
10895,143,132,11,11
10896,92,102,-10,10
10897,78,79,-1,1
10898,11,63,-52,52
10899,66,67,-1,1
10900,79,80,-1,1
10901,70,69,1,1
10902,67,69,-2,2
10903,77,78,-1,1
10904,144,138,6,6
10905,84,90,-6,6
10906,50,61,-11,11
10907,79,69,10,10
10908,90,102,-12,12
10909,62,60,2,2
10910,134,141,-7,7
10911,110,117,-7,7
10912,78,108,-30,30
10913,142,124,18,18
10914,79,89,-10,10
10915,143,131,12,12
10916,80,89,-9,9
10917,37,62,-25,25
10918,70,66,4,4
10919,96,105,-9,9
10920,135,135,0,0
10921,76,74,2,2
10922,181,161,20,20
10923,105,108,-3,3
10924,49,62,-13,13
10925,65,72,-7,7
10926,139,134,5,5
10927,38,62,-24,24
10928,83,101,-18,18
10929,56,64,-8,8
10930,120,105,15,15
10931,109,109,0,0
10932,160,147,13,13
10933,117,131,-14,14
10934,92,98,-6,6
10935,99,98,1,1
10936,114,112,2,2
10937,70,65,5,5
10938,93,101,-8,8
10939,112,103,9,9
10940,118,108,10,10
10941,72,63,9,9
10942,51,60,-9,9
10943,119,104,15,15
10944,85,89,-4,4
10945,101,122,-21,21
10946,78,89,-11,11
10947,75,72,3,3
10948,69,81,-12,12
10949,120,113,7,7
10950,72,72,0,0
10951,64,79,-15,15
10952,80,83,-3,3
10953,80,94,-14,14
10954,75,68,7,7
10955,76,74,2,2
10956,157,143,14,14
10957,80,102,-22,22
10958,117,115,2,2
10959,103,93,10,10
10960,129,110,19,19
10961,139,130,9,9
10962,98,96,2,2
10963,87,88,-1,1
10964,165,140,25,25
10965,73,76,-3,3
10966,137,129,8,8
10967,150,146,4,4
10968,74,83,-9,9
10969,157,142,15,15
10970,82,99,-17,17
10971,74,66,8,8
10972,37,55,-18,18
10973,95,97,-2,2
10974,104,100,4,4
10975,124,122,2,2
10976,37,61,-24,24
10977,80,115,-35,35
10978,80,93,-13,13
10979,88,83,5,5
10980,147,122,25,25
10981,65,73,-8,8
10982,101,101,0,0
10983,93,93,0,0
10984,71,73,-2,2
10985,64,61,3,3
10986,71,76,-5,5
10987,60,67,-7,7
10988,64,88,-24,24
10989,55,62,-7,7
10990,48,70,-22,22
10991,141,125,16,16
10992,95,94,1,1
10993,58,62,-4,4
10994,95,95,0,0
10995,71,76,-5,5
10996,89,90,-1,1
10997,125,117,8,8
10998,170,166,4,4
10999,153,147,6,6
11000,84,93,-9,9
11001,137,136,1,1
11002,81,78,3,3
11003,77,102,-25,25
11004,75,84,-9,9
11005,110,108,2,2
11006,53,61,-8,8
11007,92,90,2,2
11008,105,114,-9,9
11009,55,62,-7,7
11010,85,99,-14,14
11011,141,129,12,12
11012,126,129,-3,3
11013,82,83,-1,1
11014,124,115,9,9
11015,76,94,-18,18
11016,126,111,15,15
11017,56,61,-5,5
11018,65,63,2,2
11019,91,109,-18,18
11020,65,68,-3,3
11021,84,90,-6,6
11022,95,97,-2,2
11023,109,98,11,11
11024,74,67,7,7
11025,60,62,-2,2
11026,65,61,4,4
11027,77,77,0,0
11028,79,79,0,0
11029,65,62,3,3
11030,110,108,2,2
11031,116,125,-9,9
11032,67,69,-2,2
11033,83,89,-6,6
11034,120,112,8,8
11035,157,128,29,29
11036,123,120,3,3
11037,80,80,0,0
11038,99,105,-6,6
11039,88,81,7,7
11040,67,86,-19,19
11041,134,127,7,7
11042,76,70,6,6
11043,96,107,-11,11
11044,83,96,-13,13
11045,57,63,-6,6
11046,93,93,0,0
11047,60,62,-2,2
11048,85,86,-1,1
11049,62,71,-9,9
11050,110,112,-2,2
11051,108,108,0,0
11052,66,64,2,2
11053,67,88,-21,21
11054,71,67,4,4
11055,79,75,4,4
11056,145,145,0,0
11057,62,70,-8,8
11058,60,67,-7,7
11059,126,122,4,4
11060,120,118,2,2
11061,67,70,-3,3
11062,96,97,-1,1
11063,54,62,-8,8
11064,66,62,4,4
11065,101,101,0,0
11066,83,77,6,6
11067,120,107,13,13
11068,186,174,12,12
11069,72,71,1,1
11070,91,111,-20,20
11071,158,140,18,18
11072,67,66,1,1
11073,118,102,16,16
11074,63,60,3,3
11075,105,102,3,3
11076,124,147,-23,23
11077,108,93,15,15
11078,121,113,8,8
11079,39,62,-23,23
11080,90,95,-5,5
11081,218,218,0,0
11082,71,78,-7,7
11083,81,91,-10,10
11084,61,60,1,1
11085,86,76,10,10
11086,59,60,-1,1
11087,168,165,3,3
11088,86,99,-13,13
11089,104,108,-4,4
11090,89,94,-5,5
11091,80,77,3,3
11092,81,77,4,4
11093,87,81,6,6
11094,119,106,13,13
11095,136,127,9,9
11096,113,106,7,7
11097,68,77,-9,9
11098,86,71,15,15
11099,103,99,4,4
11100,72,80,-8,8
11101,142,143,-1,1
11102,172,180,-8,8
11103,166,157,9,9
11104,96,110,-14,14
11105,106,127,-21,21
11106,125,116,9,9
11107,125,116,9,9
11108,75,103,-28,28
11109,94,90,4,4
11110,103,105,-2,2
11111,58,58,0,0
11112,81,73,8,8
11113,133,120,13,13
11114,122,119,3,3
11115,99,104,-5,5
11116,67,68,-1,1
11117,126,121,5,5
11118,91,90,1,1
11119,73,77,-4,4
11120,89,95,-6,6
11121,124,140,-16,16
11122,68,60,8,8
11123,126,120,6,6
11124,76,82,-6,6
11125,167,144,23,23
11126,36,61,-25,25
11127,137,132,5,5
11128,93,94,-1,1
11129,115,113,2,2
11130,125,116,9,9
11131,79,77,2,2
11132,59,61,-2,2
11133,90,95,-5,5
11134,73,70,3,3
11135,74,71,3,3
11136,111,105,6,6
11137,129,124,5,5
11138,80,88,-8,8
11139,97,97,0,0
11140,83,83,0,0
11141,129,124,5,5
11142,120,118,2,2
11143,93,89,4,4
11144,95,105,-10,10
11145,101,101,0,0
11146,93,98,-5,5
11147,112,123,-11,11
11148,103,104,-1,1
11149,60,65,-5,5
11150,95,109,-14,14
11151,62,64,-2,2
11152,69,69,0,0
11153,83,101,-18,18
11154,53,62,-9,9
11155,98,92,6,6
11156,101,110,-9,9
11157,73,84,-11,11
11158,94,105,-11,11
11159,55,60,-5,5
11160,93,119,-26,26
11161,70,74,-4,4
11162,102,109,-7,7
11163,75,68,7,7
11164,77,65,12,12
11165,96,95,1,1
11166,93,104,-11,11
11167,78,89,-11,11
11168,155,139,16,16
11169,94,95,-1,1
11170,66,66,0,0
11171,71,88,-17,17
11172,96,96,0,0
11173,143,137,6,6
11174,60,61,-1,1
11175,79,91,-12,12
11176,93,97,-4,4
11177,126,116,10,10
11178,128,118,10,10
11179,103,95,8,8
11180,95,95,0,0
11181,86,99,-13,13
11182,95,93,2,2
11183,68,67,1,1
11184,102,105,-3,3
11185,74,73,1,1
11186,94,118,-24,24
11187,83,65,18,18
11188,107,104,3,3
11189,65,63,2,2
11190,66,76,-10,10
11191,113,110,3,3
11192,164,145,19,19
11193,60,62,-2,2
11194,139,145,-6,6
11195,96,105,-9,9
11196,87,75,12,12
11197,113,109,4,4
11198,180,167,13,13
11199,106,103,3,3
11200,73,75,-2,2
11201,121,123,-2,2
11202,125,118,7,7
11203,62,63,-1,1
11204,56,62,-6,6
11205,81,79,2,2
11206,103,101,2,2
11207,107,104,3,3
11208,70,63,7,7
11209,107,100,7,7
11210,167,216,-49,49
11211,72,58,14,14
11212,123,113,10,10
11213,178,181,-3,3
11214,142,145,-3,3
11215,138,121,17,17
11216,148,135,13,13
11217,141,135,6,6
11218,119,122,-3,3
11219,67,69,-2,2
11220,126,137,-11,11
11221,35,92,-57,57
11222,86,91,-5,5
11223,82,96,-14,14
11224,135,160,-25,25
11225,111,104,7,7
11226,145,141,4,4
11227,99,81,18,18
11228,69,74,-5,5
11229,81,98,-17,17
11230,58,61,-3,3
11231,58,68,-10,10
11232,141,123,18,18
11233,75,92,-17,17
11234,108,118,-10,10
11235,128,132,-4,4
11236,87,106,-19,19
11237,90,102,-12,12
11238,133,129,4,4
11239,73,70,3,3
11240,63,62,1,1
11241,73,77,-4,4
11242,136,138,-2,2
11243,105,99,6,6
11244,60,62,-2,2
11245,102,98,4,4
11246,100,98,2,2
11247,57,63,-6,6
11248,71,79,-8,8
11249,76,73,3,3
11250,58,61,-3,3
11251,204,184,20,20
11252,96,95,1,1
11253,113,105,8,8
11254,114,100,14,14
11255,138,126,12,12
11256,79,91,-12,12
11257,142,130,12,12
11258,109,108,1,1
11259,141,134,7,7
11260,73,77,-4,4
11261,89,95,-6,6
11262,85,94,-9,9
11263,159,140,19,19
11264,107,102,5,5
11265,68,77,-9,9
11266,79,89,-10,10
11267,109,110,-1,1
11268,78,69,9,9
11269,61,64,-3,3
11270,102,103,-1,1
11271,140,136,4,4
11272,156,145,11,11
11273,155,149,6,6
11274,118,109,9,9
11275,85,83,2,2
11276,162,145,17,17
11277,105,107,-2,2
11278,100,99,1,1
11279,102,96,6,6
11280,130,120,10,10
11281,55,63,-8,8
11282,69,78,-9,9
11283,89,89,0,0
11284,39,60,-21,21
11285,139,135,4,4
11286,94,97,-3,3
11287,79,67,12,12
11288,171,156,15,15
11289,139,132,7,7
11290,85,92,-7,7
11291,86,90,-4,4
11292,114,106,8,8
11293,134,119,15,15
11294,51,60,-9,9
11295,47,63,-16,16
11296,56,64,-8,8
11297,72,72,0,0
11298,96,104,-8,8
11299,143,144,-1,1
11300,115,105,10,10
11301,99,108,-9,9
11302,91,102,-11,11
11303,85,92,-7,7
11304,151,126,25,25
11305,42,61,-19,19
11306,125,117,8,8
11307,41,70,-29,29
11308,137,118,19,19
11309,100,97,3,3
11310,143,121,22,22
11311,174,164,10,10
11312,81,79,2,2
11313,106,105,1,1
11314,150,134,16,16
11315,66,67,-1,1
11316,119,112,7,7
11317,133,114,19,19
11318,58,63,-5,5
11319,90,99,-9,9
11320,111,111,0,0
11321,157,145,12,12
11322,106,107,-1,1
11323,121,112,9,9
11324,61,66,-5,5
11325,111,113,-2,2
11326,88,91,-3,3
11327,81,90,-9,9
11328,93,95,-2,2
11329,77,78,-1,1
11330,163,140,23,23
11331,104,102,2,2
11332,76,71,5,5
11333,52,62,-10,10
11334,87,102,-15,15
11335,104,101,3,3
11336,62,61,1,1
11337,112,114,-2,2
11338,76,83,-7,7
11339,129,125,4,4
11340,106,116,-10,10
11341,63,66,-3,3
11342,87,98,-11,11
11343,106,117,-11,11
11344,86,71,15,15
11345,88,104,-16,16
11346,89,94,-5,5
11347,71,82,-11,11
11348,116,110,6,6
11349,55,63,-8,8
11350,83,96,-13,13
11351,64,69,-5,5
11352,71,64,7,7
11353,128,115,13,13
11354,57,64,-7,7
11355,127,124,3,3
11356,47,62,-15,15
11357,94,91,3,3
11358,60,62,-2,2
11359,60,66,-6,6
11360,55,68,-13,13
11361,97,102,-5,5
11362,82,87,-5,5
11363,109,104,5,5
11364,111,107,4,4
11365,61,62,-1,1
11366,70,78,-8,8
11367,79,78,1,1
11368,107,106,1,1
11369,89,91,-2,2
11370,60,62,-2,2
11371,147,140,7,7
11372,83,89,-6,6
11373,104,103,1,1
11374,134,138,-4,4
11375,88,93,-5,5
11376,35,61,-26,26
11377,117,124,-7,7
11378,78,80,-2,2
11379,149,132,17,17
11380,85,89,-4,4
11381,97,98,-1,1
11382,115,121,-6,6
11383,109,95,14,14
11384,81,84,-3,3
11385,81,102,-21,21
11386,93,104,-11,11
11387,123,133,-10,10
11388,95,97,-2,2
11389,102,99,3,3
11390,57,62,-5,5
11391,179,188,-9,9
11392,126,125,1,1
11393,62,62,0,0
11394,65,76,-11,11
11395,109,103,6,6
11396,74,77,-3,3
11397,113,114,-1,1
11398,121,114,7,7
11399,114,111,3,3
11400,63,65,-2,2
11401,103,112,-9,9
11402,80,74,6,6
11403,45,75,-30,30
11404,93,97,-4,4
11405,121,112,9,9
11406,166,160,6,6
11407,63,76,-13,13
11408,66,60,6,6
11409,55,75,-20,20
11410,116,116,0,0
11411,96,97,-1,1
11412,76,72,4,4
11413,54,61,-7,7
11414,108,109,-1,1
11415,51,60,-9,9
11416,109,106,3,3
11417,75,71,4,4
11418,86,94,-8,8
11419,82,95,-13,13
11420,36,62,-26,26
11421,64,68,-4,4
11422,119,104,15,15
11423,53,62,-9,9
11424,73,74,-1,1
11425,58,61,-3,3
11426,41,62,-21,21
11427,58,65,-7,7
11428,118,115,3,3
11429,134,121,13,13
11430,75,75,0,0
11431,50,61,-11,11
11432,98,102,-4,4
11433,33,62,-29,29
11434,109,108,1,1
11435,79,88,-9,9
11436,60,62,-2,2
11437,100,106,-6,6
11438,85,74,11,11
11439,75,81,-6,6
11440,82,72,10,10
11441,57,63,-6,6
11442,164,156,8,8
11443,157,143,14,14
11444,76,72,4,4
11445,72,77,-5,5
11446,57,89,-32,32
11447,96,112,-16,16
11448,90,92,-2,2
11449,100,99,1,1
11450,129,121,8,8
11451,91,91,0,0
11452,98,97,1,1
11453,102,100,2,2
11454,198,195,3,3
11455,78,73,5,5
11456,60,62,-2,2
11457,173,163,10,10
11458,98,100,-2,2
11459,72,70,2,2
11460,90,120,-30,30
11461,170,157,13,13
11462,163,144,19,19
11463,77,83,-6,6
11464,66,71,-5,5
11465,67,63,4,4
11466,66,100,-34,34
11467,99,96,3,3
11468,86,88,-2,2
11469,85,92,-7,7
11470,71,68,3,3
11471,136,123,13,13
11472,86,82,4,4
11473,60,62,-2,2
11474,119,119,0,0
11475,132,135,-3,3
11476,114,117,-3,3
11477,66,66,0,0
11478,147,138,9,9
11479,90,93,-3,3
11480,112,109,3,3
11481,68,61,7,7
11482,119,110,9,9
11483,121,115,6,6
11484,70,103,-33,33
11485,124,114,10,10
11486,47,61,-14,14
11487,70,80,-10,10
11488,80,73,7,7
11489,44,61,-17,17
11490,75,89,-14,14
11491,65,68,-3,3
11492,80,72,8,8
11493,95,96,-1,1
11494,124,114,10,10
11495,50,63,-13,13
11496,133,120,13,13
11497,77,78,-1,1
11498,105,105,0,0
11499,70,69,1,1
11500,86,90,-4,4
11501,97,88,9,9
11502,80,81,-1,1
11503,98,106,-8,8
11504,106,107,-1,1
11505,74,83,-9,9
11506,66,66,0,0
11507,118,118,0,0
11508,110,102,8,8
11509,156,140,16,16
11510,67,63,4,4
11511,170,137,33,33
11512,117,105,12,12
11513,101,101,0,0
11514,130,123,7,7
11515,93,106,-13,13
11516,105,101,4,4
11517,41,61,-20,20
11518,84,69,15,15
11519,59,62,-3,3
11520,141,130,11,11
11521,47,71,-24,24
11522,114,100,14,14
11523,137,125,12,12
11524,126,134,-8,8
11525,62,64,-2,2
11526,111,107,4,4
11527,74,76,-2,2
11528,81,76,5,5
11529,160,148,12,12
11530,102,102,0,0
11531,91,88,3,3
11532,83,89,-6,6
11533,72,62,10,10
11534,68,76,-8,8
11535,126,112,14,14
11536,77,88,-11,11
11537,160,142,18,18
11538,106,106,0,0
11539,81,88,-7,7
11540,170,144,26,26
11541,131,122,9,9
11542,50,64,-14,14
11543,115,108,7,7
11544,70,76,-6,6
11545,109,113,-4,4
11546,72,65,7,7
11547,74,78,-4,4
11548,67,69,-2,2
11549,81,77,4,4
11550,83,89,-6,6
11551,105,104,1,1
11552,95,101,-6,6
11553,133,118,15,15
11554,115,123,-8,8
11555,98,95,3,3
11556,55,56,-1,1
11557,109,107,2,2
11558,50,61,-11,11
11559,145,132,13,13
11560,89,77,12,12
11561,85,90,-5,5
11562,85,90,-5,5
11563,65,101,-36,36
11564,86,93,-7,7
11565,105,95,10,10
11566,53,62,-9,9
11567,60,62,-2,2
11568,121,111,10,10
11569,52,62,-10,10
11570,53,61,-8,8
11571,164,151,13,13
11572,92,99,-7,7
11573,100,101,-1,1
11574,111,107,4,4
11575,67,64,3,3
11576,169,153,16,16
11577,86,85,1,1
11578,51,62,-11,11
11579,96,96,0,0
11580,97,81,16,16
11581,82,68,14,14
11582,75,77,-2,2
11583,103,99,4,4
11584,91,91,0,0
11585,108,110,-2,2
11586,85,94,-9,9
11587,137,127,10,10
11588,88,95,-7,7
11589,167,155,12,12
11590,65,69,-4,4
11591,92,88,4,4
11592,98,95,3,3
11593,68,68,0,0
11594,65,65,0,0
11595,60,61,-1,1
11596,71,67,4,4
11597,50,61,-11,11
11598,79,85,-6,6
11599,102,98,4,4
11600,85,82,3,3
11601,69,68,1,1
11602,105,108,-3,3
11603,114,109,5,5
11604,77,77,0,0
11605,70,63,7,7
11606,80,80,0,0
11607,137,136,1,1
11608,105,104,1,1
11609,83,97,-14,14
11610,95,96,-1,1
11611,70,81,-11,11
11612,183,167,16,16
11613,50,61,-11,11
11614,164,152,12,12
11615,125,114,11,11
11616,90,93,-3,3
11617,108,107,1,1
11618,150,151,-1,1
11619,90,87,3,3
11620,73,69,4,4
11621,86,97,-11,11
11622,91,103,-12,12
11623,108,118,-10,10
11624,120,113,7,7
11625,127,130,-3,3
11626,65,61,4,4
11627,121,98,23,23
11628,80,72,8,8
11629,89,74,15,15
11630,81,75,6,6
11631,96,90,6,6
11632,119,113,6,6
11633,118,116,2,2
11634,128,127,1,1
11635,56,69,-13,13
11636,56,65,-9,9
11637,86,82,4,4
11638,79,77,2,2
11639,116,104,12,12
11640,69,71,-2,2
11641,111,105,6,6
11642,81,98,-17,17
11643,56,63,-7,7
11644,119,119,0,0
11645,82,74,8,8
11646,81,79,2,2
11647,136,119,17,17
11648,127,126,1,1
11649,108,113,-5,5
11650,129,125,4,4
11651,74,99,-25,25
11652,63,80,-17,17
11653,168,149,19,19
11654,100,104,-4,4
11655,66,68,-2,2
11656,70,78,-8,8
11657,101,100,1,1
11658,112,101,11,11
11659,102,94,8,8
11660,124,118,6,6
11661,82,84,-2,2
11662,94,97,-3,3
11663,70,83,-13,13
11664,72,77,-5,5
11665,67,66,1,1
11666,117,122,-5,5
11667,47,60,-13,13
11668,110,103,7,7
11669,93,94,-1,1
11670,64,63,1,1
11671,134,129,5,5
11672,66,63,3,3
11673,69,62,7,7
11674,99,108,-9,9
11675,137,130,7,7
11676,58,61,-3,3
11677,85,83,2,2
11678,94,103,-9,9
11679,104,103,1,1
11680,108,108,0,0
11681,89,88,1,1
11682,176,157,19,19
11683,88,94,-6,6
11684,46,61,-15,15
11685,94,97,-3,3
11686,162,152,10,10
11687,92,94,-2,2
11688,96,95,1,1
11689,124,126,-2,2
11690,74,86,-12,12
11691,68,74,-6,6
11692,67,71,-4,4
11693,90,98,-8,8
11694,87,107,-20,20
11695,86,84,2,2
11696,68,69,-1,1
11697,90,91,-1,1
11698,77,87,-10,10
11699,126,108,18,18
11700,126,114,12,12
11701,94,99,-5,5
11702,172,167,5,5
11703,63,100,-37,37
11704,101,98,3,3
11705,148,138,10,10
11706,87,97,-10,10
11707,127,113,14,14
11708,121,104,17,17
11709,142,138,4,4
11710,73,76,-3,3
11711,71,69,2,2
11712,103,129,-26,26
11713,39,62,-23,23
11714,99,108,-9,9
11715,69,66,3,3
11716,182,164,18,18
11717,138,158,-20,20
11718,142,131,11,11
11719,114,116,-2,2
11720,54,63,-9,9
11721,93,93,0,0
11722,110,103,7,7
11723,38,62,-24,24
11724,133,132,1,1
11725,143,132,11,11
11726,125,125,0,0
11727,69,66,3,3
11728,120,120,0,0
11729,121,128,-7,7
11730,71,64,7,7
11731,97,98,-1,1
11732,104,98,6,6
11733,97,97,0,0
11734,47,62,-15,15
11735,184,180,4,4
11736,110,120,-10,10
11737,67,67,0,0
11738,106,107,-1,1
11739,66,76,-10,10
11740,118,109,9,9
11741,81,88,-7,7
11742,83,90,-7,7
11743,64,75,-11,11
11744,70,63,7,7
11745,50,61,-11,11
11746,93,89,4,4
11747,157,135,22,22
11748,51,61,-10,10
11749,77,75,2,2
11750,87,85,2,2
11751,119,109,10,10
11752,115,110,5,5
11753,85,73,12,12
11754,63,79,-16,16
11755,91,97,-6,6
11756,67,63,4,4
11757,64,72,-8,8
11758,127,131,-4,4
11759,67,69,-2,2
11760,71,70,1,1
11761,96,95,1,1
11762,111,111,0,0
11763,62,64,-2,2
11764,77,70,7,7
11765,174,169,5,5
11766,138,126,12,12
11767,65,65,0,0
11768,116,107,9,9
11769,47,62,-15,15
11770,119,113,6,6
11771,94,87,7,7
11772,122,119,3,3
11773,92,100,-8,8
11774,148,126,22,22
11775,67,73,-6,6
11776,101,103,-2,2
11777,86,85,1,1
11778,53,57,-4,4
11779,77,85,-8,8
11780,126,113,13,13
11781,74,68,6,6
11782,91,94,-3,3
11783,81,89,-8,8
11784,43,61,-18,18
11785,114,108,6,6
11786,79,95,-16,16
11787,96,93,3,3
11788,106,97,9,9
11789,79,92,-13,13
11790,120,129,-9,9
11791,107,105,2,2
11792,98,100,-2,2
11793,47,60,-13,13
11794,76,79,-3,3
11795,85,88,-3,3
11796,67,80,-13,13
11797,79,74,5,5
11798,90,103,-13,13
11799,84,79,5,5
11800,152,136,16,16
11801,152,138,14,14
11802,87,89,-2,2
11803,65,64,1,1
11804,83,84,-1,1
11805,205,189,16,16
11806,151,146,5,5
11807,114,104,10,10
11808,83,94,-11,11
11809,66,72,-6,6
11810,66,67,-1,1
11811,105,102,3,3
11812,176,158,18,18
11813,166,161,5,5
11814,185,161,24,24
11815,108,107,1,1
11816,95,96,-1,1
11817,67,84,-17,17
11818,87,95,-8,8
11819,82,89,-7,7
11820,121,115,6,6
11821,71,83,-12,12
11822,62,66,-4,4
11823,113,104,9,9
11824,104,102,2,2
11825,68,69,-1,1
11826,93,101,-8,8
11827,74,65,9,9
11828,60,64,-4,4
11829,80,92,-12,12
11830,70,75,-5,5
11831,75,78,-3,3
11832,76,67,9,9
11833,75,70,5,5
11834,80,68,12,12
11835,45,63,-18,18
11836,93,119,-26,26
11837,99,109,-10,10
11838,77,91,-14,14
11839,89,89,0,0
11840,143,147,-4,4
11841,83,97,-14,14
11842,102,102,0,0
11843,122,123,-1,1
11844,118,108,10,10
11845,132,112,20,20
11846,102,121,-19,19
11847,75,70,5,5
11848,105,109,-4,4
11849,124,123,1,1
11850,75,72,3,3
11851,47,60,-13,13
11852,130,129,1,1
11853,147,142,5,5
11854,134,124,10,10
11855,71,70,1,1
11856,72,70,2,2
11857,42,62,-20,20
11858,97,94,3,3
11859,99,108,-9,9
11860,147,144,3,3
11861,127,123,4,4
11862,65,66,-1,1
11863,73,93,-20,20
11864,54,63,-9,9
11865,87,95,-8,8
11866,125,127,-2,2
11867,120,120,0,0
11868,75,73,2,2
11869,101,104,-3,3
11870,139,136,3,3
11871,93,93,0,0
11872,85,94,-9,9
11873,162,144,18,18
11874,158,158,0,0
11875,234,195,39,39
11876,76,77,-1,1
11877,68,63,5,5
11878,60,62,-2,2
11879,115,106,9,9
11880,92,94,-2,2
11881,99,87,12,12
11882,95,93,2,2
11883,69,85,-16,16
11884,53,63,-10,10
11885,100,98,2,2
11886,157,146,11,11
11887,103,100,3,3
11888,117,116,1,1
11889,100,98,2,2
11890,95,93,2,2
11891,146,127,19,19
11892,97,94,3,3
11893,49,59,-10,10
11894,83,89,-6,6
11895,89,82,7,7
11896,97,101,-4,4
11897,98,101,-3,3
11898,99,98,1,1
11899,52,62,-10,10
11900,92,94,-2,2
11901,128,129,-1,1
11902,60,61,-1,1
11903,47,61,-14,14
11904,106,100,6,6
11905,78,68,10,10
11906,143,149,-6,6
11907,90,90,0,0
11908,125,117,8,8
11909,80,92,-12,12
11910,114,108,6,6
11911,161,143,18,18
11912,120,113,7,7
11913,41,68,-27,27
11914,38,62,-24,24
11915,105,112,-7,7
11916,48,62,-14,14
11917,58,60,-2,2
11918,112,107,5,5
11919,59,63,-4,4
11920,76,79,-3,3
11921,118,115,3,3
11922,77,72,5,5
11923,51,60,-9,9
11924,76,66,10,10
11925,56,63,-7,7
11926,40,61,-21,21
11927,69,66,3,3
11928,77,78,-1,1
11929,91,96,-5,5
11930,149,144,5,5
11931,110,105,5,5
11932,115,119,-4,4
11933,117,112,5,5
11934,93,93,0,0
11935,31,56,-25,25
11936,111,130,-19,19
11937,79,91,-12,12
11938,72,73,-1,1
11939,44,63,-19,19
11940,89,92,-3,3
11941,51,62,-11,11
11942,186,180,6,6
11943,144,124,20,20
11944,98,95,3,3
11945,68,64,4,4
11946,82,84,-2,2
11947,110,108,2,2
11948,101,77,24,24
11949,73,74,-1,1
11950,106,106,0,0
11951,50,62,-12,12
11952,128,122,6,6
11953,82,88,-6,6
11954,39,62,-23,23
11955,57,60,-3,3
11956,100,99,1,1
11957,132,133,-1,1
11958,58,61,-3,3
11959,65,62,3,3
11960,46,62,-16,16
11961,90,92,-2,2
11962,132,122,10,10
11963,84,92,-8,8
11964,95,95,0,0
11965,152,146,6,6
11966,67,68,-1,1
11967,96,108,-12,12
11968,78,84,-6,6
11969,99,92,7,7
11970,71,77,-6,6
11971,116,108,8,8
11972,122,122,0,0
11973,81,82,-1,1
11974,42,62,-20,20
11975,121,117,4,4
11976,144,132,12,12
11977,190,182,8,8
11978,132,124,8,8
11979,112,101,11,11
11980,106,93,13,13
11981,104,106,-2,2
11982,79,74,5,5
11983,81,87,-6,6
11984,92,112,-20,20
11985,55,61,-6,6
11986,85,76,9,9
11987,72,70,2,2
11988,48,62,-14,14
11989,92,104,-12,12
11990,44,62,-18,18
11991,112,105,7,7
11992,118,110,8,8
11993,74,80,-6,6
11994,102,93,9,9
11995,93,103,-10,10
11996,113,104,9,9
11997,89,94,-5,5
11998,133,128,5,5
11999,45,62,-17,17
12000,53,62,-9,9
12001,139,133,6,6
12002,61,64,-3,3
12003,85,105,-20,20
12004,67,66,1,1
12005,81,87,-6,6
12006,33,61,-28,28
12007,74,75,-1,1
12008,81,83,-2,2
12009,81,93,-12,12
12010,114,111,3,3
12011,158,159,-1,1
12012,59,64,-5,5
12013,60,63,-3,3
12014,111,106,5,5
12015,102,100,2,2
12016,89,81,8,8
12017,80,77,3,3
12018,73,76,-3,3
12019,53,62,-9,9
12020,124,119,5,5
12021,108,103,5,5
12022,101,92,9,9
12023,93,98,-5,5
12024,69,90,-21,21
12025,111,114,-3,3
12026,74,80,-6,6
12027,80,79,1,1
12028,101,98,3,3
12029,127,138,-11,11
12030,78,77,1,1
12031,143,143,0,0
12032,114,124,-10,10
12033,49,79,-30,30
12034,115,118,-3,3
12035,103,94,9,9
12036,84,93,-9,9
12037,88,93,-5,5
12038,92,93,-1,1
12039,108,111,-3,3
12040,90,91,-1,1
12041,65,69,-4,4
12042,60,59,1,1
12043,72,70,2,2
12044,129,134,-5,5
12045,76,73,3,3
12046,109,111,-2,2
12047,88,103,-15,15
12048,60,62,-2,2
12049,47,62,-15,15
12050,100,96,4,4
12051,117,122,-5,5
12052,125,110,15,15
12053,113,103,10,10
12054,54,60,-6,6
12055,111,126,-15,15
12056,156,137,19,19
12057,110,107,3,3
12058,82,95,-13,13
12059,114,107,7,7
12060,68,72,-4,4
12061,66,75,-9,9
12062,90,96,-6,6
12063,63,63,0,0
12064,100,99,1,1
12065,66,69,-3,3
12066,141,130,11,11
12067,79,78,1,1
12068,104,93,11,11
12069,140,126,14,14
12070,72,76,-4,4
12071,39,61,-22,22
12072,118,112,6,6
12073,97,91,6,6
12074,95,106,-11,11
12075,86,92,-6,6
12076,90,91,-1,1
12077,86,99,-13,13
12078,95,96,-1,1
12079,118,110,8,8
12080,94,92,2,2
12081,130,127,3,3
12082,58,59,-1,1
12083,121,121,0,0
12084,125,126,-1,1
12085,150,141,9,9
12086,102,99,3,3
12087,122,110,12,12
12088,109,106,3,3
12089,74,79,-5,5
12090,93,90,3,3
12091,53,62,-9,9
12092,117,128,-11,11
12093,93,97,-4,4
12094,191,189,2,2
12095,142,119,23,23
12096,123,109,14,14
12097,83,91,-8,8
12098,127,120,7,7
12099,83,88,-5,5
12100,85,81,4,4
12101,83,89,-6,6
12102,94,91,3,3
12103,164,149,15,15
12104,72,65,7,7
12105,76,63,13,13
12106,122,105,17,17
12107,59,61,-2,2
12108,87,89,-2,2
12109,88,73,15,15
12110,61,61,0,0
12111,154,135,19,19
12112,159,143,16,16
12113,163,145,18,18
12114,104,101,3,3
12115,121,122,-1,1
12116,116,107,9,9
12117,98,100,-2,2
12118,84,90,-6,6
12119,42,61,-19,19
12120,78,76,2,2
12121,99,112,-13,13
12122,77,96,-19,19
12123,189,166,23,23
12124,66,77,-11,11
12125,144,140,4,4
12126,196,176,20,20
12127,107,104,3,3
12128,68,70,-2,2
12129,88,85,3,3
12130,36,62,-26,26
12131,107,129,-22,22
12132,123,122,1,1
12133,62,60,2,2
12134,207,189,18,18
12135,89,91,-2,2
12136,74,79,-5,5
12137,87,91,-4,4
12138,135,134,1,1
12139,72,67,5,5
12140,183,141,42,42
12141,118,122,-4,4
12142,110,93,17,17
12143,111,108,3,3
12144,122,110,12,12
12145,90,97,-7,7
12146,121,119,2,2
12147,58,63,-5,5
12148,126,125,1,1
12149,105,100,5,5
12150,109,107,2,2
12151,71,75,-4,4
12152,148,138,10,10
12153,95,98,-3,3
12154,103,118,-15,15
12155,90,97,-7,7
12156,77,79,-2,2
12157,126,117,9,9
12158,141,130,11,11
12159,134,118,16,16
12160,49,61,-12,12
12161,99,100,-1,1
12162,130,119,11,11
12163,74,70,4,4
12164,64,63,1,1
12165,196,171,25,25
12166,106,112,-6,6
12167,100,104,-4,4
12168,88,89,-1,1
12169,116,108,8,8
12170,107,109,-2,2
12171,128,123,5,5
12172,93,89,4,4
12173,150,130,20,20
12174,92,87,5,5
12175,96,91,5,5
12176,115,110,5,5
12177,111,104,7,7
12178,87,95,-8,8
12179,69,69,0,0
12180,139,148,-9,9
12181,104,105,-1,1
12182,115,117,-2,2
12183,114,108,6,6
12184,58,61,-3,3
12185,77,79,-2,2
12186,79,89,-10,10
12187,114,112,2,2
12188,111,115,-4,4
12189,102,101,1,1
12190,161,152,9,9
12191,197,178,19,19
12192,72,71,1,1
12193,142,138,4,4
12194,49,60,-11,11
12195,63,65,-2,2
12196,135,135,0,0
12197,192,165,27,27
12198,47,63,-16,16
12199,110,110,0,0
12200,71,71,0,0
12201,108,121,-13,13
12202,137,140,-3,3
12203,128,118,10,10
12204,137,132,5,5
12205,148,138,10,10
12206,82,86,-4,4
12207,70,86,-16,16
12208,60,58,2,2
12209,115,111,4,4
12210,76,73,3,3
12211,86,83,3,3
12212,97,100,-3,3
12213,122,116,6,6
12214,104,99,5,5
12215,149,147,2,2
12216,73,74,-1,1
12217,88,89,-1,1
12218,93,89,4,4
12219,94,99,-5,5
12220,110,104,6,6
12221,56,79,-23,23
12222,66,69,-3,3
12223,73,75,-2,2
12224,96,101,-5,5
12225,121,112,9,9
12226,122,120,2,2
12227,94,120,-26,26
12228,88,104,-16,16
12229,130,134,-4,4
12230,63,80,-17,17
12231,141,128,13,13
12232,54,62,-8,8
12233,73,76,-3,3
12234,71,68,3,3
12235,95,92,3,3
12236,121,109,12,12
12237,73,79,-6,6
12238,125,121,4,4
12239,67,77,-10,10
12240,121,115,6,6
12241,109,107,2,2
12242,64,68,-4,4
12243,96,94,2,2
12244,119,134,-15,15
12245,93,104,-11,11
12246,75,74,1,1
12247,95,96,-1,1
12248,66,70,-4,4
12249,99,100,-1,1
12250,47,60,-13,13
12251,84,99,-15,15
12252,165,220,-55,55
12253,97,97,0,0
12254,73,77,-4,4
12255,37,62,-25,25
12256,104,98,6,6
12257,71,71,0,0
12258,65,67,-2,2
12259,66,61,5,5
12260,63,61,2,2
12261,96,99,-3,3
12262,130,122,8,8
12263,141,136,5,5
12264,86,114,-28,28
12265,108,109,-1,1
12266,128,114,14,14
12267,118,110,8,8
12268,83,77,6,6
12269,68,67,1,1
12270,84,84,0,0
12271,105,100,5,5
12272,61,73,-12,12
12273,73,73,0,0
12274,65,64,1,1
12275,131,110,21,21
12276,118,110,8,8
12277,93,95,-2,2
12278,76,71,5,5
12279,75,72,3,3
12280,65,66,-1,1
12281,70,63,7,7
12282,140,138,2,2
12283,95,93,2,2
12284,145,122,23,23
12285,82,69,13,13
12286,185,165,20,20
12287,71,69,2,2
12288,100,107,-7,7
12289,99,94,5,5
12290,64,66,-2,2
12291,65,68,-3,3
12292,51,62,-11,11
12293,79,92,-13,13
12294,50,60,-10,10
12295,128,136,-8,8
12296,109,102,7,7
12297,106,96,10,10
12298,50,61,-11,11
12299,126,115,11,11
12300,105,104,1,1
12301,39,62,-23,23
12302,70,67,3,3
12303,134,106,28,28
12304,46,62,-16,16
12305,81,85,-4,4
12306,115,113,2,2
12307,56,65,-9,9
12308,90,92,-2,2
12309,107,103,4,4
12310,38,63,-25,25
12311,112,110,2,2
12312,86,93,-7,7
12313,102,101,1,1
12314,81,92,-11,11
12315,133,125,8,8
12316,65,64,1,1
12317,67,79,-12,12
12318,63,68,-5,5
12319,105,98,7,7
12320,81,86,-5,5
12321,97,103,-6,6
12322,96,101,-5,5
12323,113,131,-18,18
12324,91,95,-4,4
12325,67,80,-13,13
12326,85,88,-3,3
12327,102,103,-1,1
12328,76,79,-3,3
12329,190,186,4,4
12330,63,68,-5,5
12331,87,72,15,15
12332,140,127,13,13
12333,113,102,11,11
12334,102,102,0,0
12335,62,62,0,0
12336,57,61,-4,4
12337,48,57,-9,9
12338,62,61,1,1
12339,94,106,-12,12
12340,95,105,-10,10
12341,183,164,19,19
12342,80,81,-1,1
12343,164,157,7,7
12344,66,68,-2,2
12345,67,82,-15,15
12346,103,115,-12,12
12347,69,86,-17,17
12348,118,120,-2,2
12349,78,70,8,8
12350,66,65,1,1
12351,94,94,0,0
12352,92,97,-5,5
12353,142,128,14,14
12354,55,67,-12,12
12355,101,104,-3,3
12356,79,72,7,7
12357,122,125,-3,3
12358,123,109,14,14
12359,38,61,-23,23
12360,65,77,-12,12
12361,138,119,19,19
12362,76,74,2,2
12363,114,112,2,2
12364,79,89,-10,10
12365,114,107,7,7
12366,68,68,0,0
12367,78,80,-2,2
12368,93,103,-10,10
12369,103,105,-2,2
12370,163,134,29,29
12371,101,107,-6,6
12372,126,119,7,7
12373,67,62,5,5
12374,78,76,2,2
12375,116,110,6,6
12376,128,126,2,2
12377,91,90,1,1
12378,142,125,17,17
12379,65,66,-1,1
12380,145,154,-9,9
12381,61,59,2,2
12382,136,123,13,13
12383,84,84,0,0
12384,98,95,3,3
12385,87,93,-6,6
12386,107,110,-3,3
12387,115,124,-9,9
12388,106,106,0,0
12389,93,101,-8,8
12390,80,69,11,11
12391,130,118,12,12
12392,115,105,10,10
12393,97,111,-14,14
12394,92,95,-3,3
12395,88,93,-5,5
12396,66,65,1,1
12397,66,64,2,2
12398,87,92,-5,5
12399,106,104,2,2
12400,70,82,-12,12
12401,180,159,21,21
12402,87,102,-15,15
12403,89,81,8,8
12404,92,99,-7,7
12405,125,111,14,14
12406,88,101,-13,13
12407,109,107,2,2
12408,35,59,-24,24
12409,67,78,-11,11
12410,117,114,3,3
12411,190,166,24,24
12412,114,111,3,3
12413,137,128,9,9
12414,138,144,-6,6
12415,129,130,-1,1
12416,106,94,12,12
12417,63,67,-4,4
12418,58,64,-6,6
12419,57,66,-9,9
12420,86,100,-14,14
12421,104,100,4,4
12422,97,98,-1,1
12423,101,103,-2,2
12424,137,124,13,13
12425,64,61,3,3
12426,176,189,-13,13
12427,93,89,4,4
12428,120,115,5,5
12429,108,106,2,2
12430,70,70,0,0
12431,97,96,1,1
12432,83,94,-11,11
12433,83,80,3,3
12434,150,151,-1,1
12435,64,67,-3,3
12436,89,83,6,6
12437,96,95,1,1
12438,114,110,4,4
12439,119,126,-7,7
12440,61,61,0,0
12441,96,96,0,0
12442,105,105,0,0
12443,61,64,-3,3
12444,141,132,9,9
12445,86,84,2,2
12446,87,88,-1,1
12447,90,85,5,5
12448,105,111,-6,6
12449,91,91,0,0
12450,111,115,-4,4
12451,76,77,-1,1
12452,87,93,-6,6
12453,91,106,-15,15
12454,107,115,-8,8
12455,110,106,4,4
12456,124,124,0,0
12457,128,116,12,12
12458,109,108,1,1
12459,71,67,4,4
12460,87,83,4,4
12461,148,137,11,11
12462,107,102,5,5
12463,134,131,3,3
12464,23,63,-40,40
12465,119,129,-10,10
12466,91,89,2,2
12467,25,57,-32,32
12468,61,74,-13,13
12469,101,98,3,3
12470,72,69,3,3
12471,95,99,-4,4
12472,47,61,-14,14
12473,97,97,0,0
12474,81,84,-3,3
12475,59,62,-3,3
12476,77,68,9,9
12477,138,119,19,19
12478,120,130,-10,10
12479,136,134,2,2
12480,79,84,-5,5
12481,63,66,-3,3
12482,102,101,1,1
12483,158,140,18,18
12484,73,80,-7,7
12485,53,62,-9,9
12486,83,92,-9,9
12487,155,144,11,11
12488,139,132,7,7
12489,93,86,7,7
12490,128,128,0,0
12491,98,112,-14,14
12492,96,92,4,4
12493,153,138,15,15
12494,104,105,-1,1
12495,115,103,12,12
12496,72,75,-3,3
12497,90,89,1,1
12498,127,131,-4,4
12499,112,125,-13,13
12500,64,71,-7,7
12501,73,67,6,6
12502,72,77,-5,5
12503,73,90,-17,17
12504,56,61,-5,5
12505,106,101,5,5
12506,144,131,13,13
12507,47,78,-31,31
12508,147,138,9,9
12509,95,100,-5,5
12510,76,88,-12,12
12511,128,129,-1,1
12512,81,70,11,11
12513,79,88,-9,9
12514,86,85,1,1
12515,44,62,-18,18
12516,87,94,-7,7
12517,102,103,-1,1
12518,116,114,2,2
12519,105,104,1,1
12520,113,119,-6,6
12521,152,138,14,14
12522,175,175,0,0
12523,70,69,1,1
12524,173,167,6,6
12525,87,85,2,2
12526,102,96,6,6
12527,88,94,-6,6
12528,76,74,2,2
12529,110,102,8,8
12530,99,102,-3,3
12531,71,71,0,0
12532,75,76,-1,1
12533,105,103,2,2
12534,153,149,4,4
12535,100,112,-12,12
12536,90,90,0,0
12537,83,102,-19,19
12538,82,101,-19,19
12539,49,60,-11,11
12540,69,73,-4,4
12541,113,110,3,3
12542,63,63,0,0
12543,58,64,-6,6
12544,65,64,1,1
12545,145,137,8,8
12546,50,62,-12,12
12547,83,91,-8,8
12548,100,98,2,2
12549,76,73,3,3
12550,72,73,-1,1
12551,71,92,-21,21
12552,106,104,2,2
12553,127,132,-5,5
12554,96,95,1,1
12555,67,68,-1,1
12556,140,136,4,4
12557,56,61,-5,5
12558,108,106,2,2
12559,94,89,5,5
12560,59,61,-2,2
12561,84,92,-8,8
12562,96,98,-2,2
12563,92,115,-23,23
12564,186,175,11,11
12565,62,63,-1,1
12566,164,152,12,12
12567,49,62,-13,13
12568,62,64,-2,2
12569,50,60,-10,10
12570,128,127,1,1
12571,57,67,-10,10
12572,69,68,1,1
12573,48,62,-14,14
12574,132,121,11,11
12575,140,136,4,4
12576,107,102,5,5
12577,80,86,-6,6
12578,78,76,2,2
12579,140,148,-8,8
12580,78,81,-3,3
12581,123,109,14,14
12582,87,100,-13,13
12583,91,106,-15,15
12584,119,133,-14,14
12585,107,105,2,2
12586,52,58,-6,6
12587,61,69,-8,8
12588,102,97,5,5
12589,79,72,7,7
12590,81,76,5,5
12591,72,67,5,5
12592,74,91,-17,17
12593,73,64,9,9
12594,114,94,20,20
12595,127,118,9,9
12596,92,83,9,9
12597,118,121,-3,3
12598,115,187,-72,72
12599,73,70,3,3
12600,93,96,-3,3
12601,70,73,-3,3
12602,73,70,3,3
12603,107,116,-9,9
12604,96,100,-4,4
12605,101,87,14,14
12606,76,93,-17,17
12607,85,75,10,10
12608,111,127,-16,16
12609,42,61,-19,19
12610,69,66,3,3
12611,97,92,5,5
12612,90,91,-1,1
12613,96,95,1,1
12614,114,132,-18,18
12615,121,117,4,4
12616,68,70,-2,2
12617,45,61,-16,16
12618,73,73,0,0
12619,109,106,3,3
12620,175,166,9,9
12621,90,85,5,5
12622,70,69,1,1
12623,85,90,-5,5
12624,62,66,-4,4
12625,89,100,-11,11
12626,132,123,9,9
12627,155,149,6,6
12628,99,102,-3,3
12629,60,62,-2,2
12630,110,104,6,6
12631,87,91,-4,4
12632,98,107,-9,9
12633,80,106,-26,26
12634,127,122,5,5
12635,172,159,13,13
12636,181,163,18,18
12637,130,115,15,15
12638,76,74,2,2
12639,86,90,-4,4
12640,105,102,3,3
12641,105,111,-6,6
12642,56,65,-9,9
12643,65,71,-6,6
12644,42,60,-18,18
12645,120,109,11,11
12646,65,62,3,3
12647,76,81,-5,5
12648,134,121,13,13
12649,28,63,-35,35
12650,96,96,0,0
12651,92,97,-5,5
12652,53,61,-8,8
12653,66,63,3,3
12654,79,76,3,3
12655,101,111,-10,10
12656,78,99,-21,21
12657,88,98,-10,10
12658,136,124,12,12
12659,142,135,7,7
12660,73,64,9,9
12661,97,91,6,6
12662,80,75,5,5
12663,51,62,-11,11
12664,69,80,-11,11
12665,52,62,-10,10
12666,57,61,-4,4
12667,100,130,-30,30
12668,147,138,9,9
12669,129,126,3,3
12670,92,103,-11,11
12671,107,96,11,11
12672,99,107,-8,8
12673,89,95,-6,6
12674,58,61,-3,3
12675,103,94,9,9
12676,33,62,-29,29
12677,103,96,7,7
12678,88,92,-4,4
12679,81,85,-4,4
12680,53,61,-8,8
12681,70,79,-9,9
12682,32,60,-28,28
12683,88,91,-3,3
12684,99,114,-15,15
12685,110,107,3,3
12686,78,78,0,0
12687,99,99,0,0
12688,46,62,-16,16
12689,136,117,19,19
12690,75,68,7,7
12691,117,101,16,16
12692,93,87,6,6
12693,132,128,4,4
12694,70,70,0,0
12695,69,71,-2,2
12696,49,59,-10,10
12697,71,65,6,6
12698,118,115,3,3
12699,97,98,-1,1
12700,76,91,-15,15
12701,195,171,24,24
12702,128,121,7,7
12703,66,60,6,6
12704,120,119,1,1
12705,73,73,0,0
12706,62,67,-5,5
12707,104,93,11,11
12708,94,99,-5,5
12709,94,91,3,3
12710,110,99,11,11
12711,96,94,2,2
12712,107,101,6,6
12713,77,91,-14,14
12714,91,102,-11,11
12715,63,61,2,2
12716,128,117,11,11
12717,77,72,5,5
12718,67,75,-8,8
12719,124,109,15,15
12720,94,93,1,1
12721,64,63,1,1
12722,74,78,-4,4
12723,88,91,-3,3
12724,70,72,-2,2
12725,78,77,1,1
12726,66,79,-13,13
12727,104,107,-3,3
12728,134,141,-7,7
12729,92,92,0,0
12730,74,69,5,5
12731,93,92,1,1
12732,98,96,2,2
12733,100,97,3,3
12734,87,92,-5,5
12735,101,98,3,3
12736,49,61,-12,12
12737,121,113,8,8
12738,84,98,-14,14
12739,158,149,9,9
12740,115,108,7,7
12741,125,113,12,12
12742,53,61,-8,8
12743,80,89,-9,9
12744,68,61,7,7
12745,103,100,3,3
12746,107,107,0,0
12747,77,90,-13,13
12748,100,105,-5,5
12749,120,121,-1,1
12750,91,93,-2,2
12751,77,60,17,17
12752,132,120,12,12
12753,131,123,8,8
12754,43,63,-20,20
12755,45,62,-17,17
12756,124,115,9,9
12757,86,81,5,5
12758,107,101,6,6
12759,82,92,-10,10
12760,204,180,24,24
12761,107,102,5,5
12762,120,118,2,2
12763,140,126,14,14
12764,153,136,17,17
12765,83,90,-7,7
12766,47,63,-16,16
12767,91,83,8,8
12768,68,61,7,7
12769,56,60,-4,4
12770,77,84,-7,7
12771,37,61,-24,24
12772,117,110,7,7
12773,85,85,0,0
12774,101,103,-2,2
12775,67,80,-13,13
12776,118,125,-7,7
12777,56,65,-9,9
12778,68,67,1,1
12779,65,84,-19,19
12780,105,101,4,4
12781,102,108,-6,6
12782,116,106,10,10
12783,69,66,3,3
12784,79,75,4,4
12785,105,103,2,2
12786,101,80,21,21
12787,106,96,10,10
12788,89,85,4,4
12789,77,87,-10,10
12790,116,114,2,2
12791,111,104,7,7
12792,91,81,10,10
12793,74,69,5,5
12794,96,100,-4,4
12795,119,125,-6,6
12796,124,115,9,9
12797,83,76,7,7
12798,59,67,-8,8
12799,87,84,3,3
12800,55,60,-5,5
12801,121,120,1,1
12802,94,95,-1,1
12803,90,93,-3,3
12804,181,166,15,15
12805,93,94,-1,1
12806,72,70,2,2
12807,92,99,-7,7
12808,153,140,13,13
12809,55,62,-7,7
12810,61,62,-1,1
12811,99,96,3,3
12812,82,89,-7,7
12813,102,97,5,5
12814,148,138,10,10
12815,112,114,-2,2
12816,172,165,7,7
12817,133,126,7,7
12818,97,102,-5,5
12819,70,78,-8,8
12820,70,78,-8,8
12821,98,90,8,8
12822,96,107,-11,11
12823,69,67,2,2
12824,90,91,-1,1
12825,138,125,13,13
12826,132,127,5,5
12827,153,149,4,4
12828,86,76,10,10
12829,108,100,8,8
12830,80,93,-13,13
12831,154,133,21,21
12832,116,121,-5,5
12833,103,99,4,4
12834,104,107,-3,3
12835,116,109,7,7
12836,107,102,5,5
12837,96,93,3,3
12838,90,95,-5,5
12839,50,61,-11,11
12840,104,102,2,2
12841,72,65,7,7
12842,106,100,6,6
12843,87,90,-3,3
12844,124,122,2,2
12845,27,62,-35,35
12846,133,128,5,5
12847,122,110,12,12
12848,124,135,-11,11
12849,89,97,-8,8
12850,97,127,-30,30
12851,84,93,-9,9
12852,140,140,0,0
12853,136,124,12,12
12854,20,64,-44,44
12855,93,98,-5,5
12856,85,92,-7,7
12857,74,78,-4,4
12858,103,94,9,9
12859,75,79,-4,4
12860,46,61,-15,15
12861,84,108,-24,24
12862,75,74,1,1
12863,53,59,-6,6
12864,52,80,-28,28
12865,87,94,-7,7
12866,109,98,11,11
12867,105,99,6,6
12868,67,68,-1,1
12869,154,133,21,21
12870,84,90,-6,6
12871,128,118,10,10
12872,113,117,-4,4
12873,87,79,8,8
12874,101,106,-5,5
12875,96,102,-6,6
12876,39,61,-22,22
12877,133,127,6,6
12878,191,184,7,7
12879,60,62,-2,2
12880,125,119,6,6
12881,75,79,-4,4
12882,40,63,-23,23
12883,103,97,6,6
12884,79,77,2,2
12885,185,173,12,12
12886,124,117,7,7
12887,109,111,-2,2
12888,89,99,-10,10
12889,67,64,3,3
12890,47,58,-11,11
12891,76,68,8,8
12892,122,127,-5,5
12893,106,101,5,5
12894,142,120,22,22
12895,96,100,-4,4
12896,52,61,-9,9
12897,96,97,-1,1
12898,117,119,-2,2
12899,69,74,-5,5
12900,89,88,1,1
12901,72,72,0,0
12902,180,162,18,18
12903,94,92,2,2
12904,53,63,-10,10
12905,93,101,-8,8
12906,161,143,18,18
12907,137,130,7,7
12908,129,124,5,5
12909,89,94,-5,5
12910,102,98,4,4
12911,159,151,8,8
12912,67,66,1,1
12913,67,86,-19,19
12914,97,97,0,0
12915,71,67,4,4
12916,153,147,6,6
12917,100,99,1,1
12918,92,101,-9,9
12919,79,86,-7,7
12920,79,85,-6,6
12921,73,67,6,6
12922,133,129,4,4
12923,51,62,-11,11
12924,139,125,14,14
12925,115,121,-6,6
12926,89,92,-3,3
12927,124,122,2,2
12928,90,93,-3,3
12929,128,122,6,6
12930,131,118,13,13
12931,71,67,4,4
12932,113,107,6,6
12933,127,129,-2,2
12934,61,66,-5,5
12935,113,112,1,1
12936,112,89,23,23
12937,75,76,-1,1
12938,125,109,16,16
12939,73,75,-2,2
12940,100,111,-11,11
12941,187,168,19,19
12942,101,99,2,2
12943,103,96,7,7
12944,99,107,-8,8
12945,65,66,-1,1
12946,116,112,4,4
12947,97,110,-13,13
12948,83,92,-9,9
12949,90,104,-14,14
12950,101,102,-1,1
12951,97,103,-6,6
12952,107,107,0,0
12953,119,126,-7,7
12954,78,70,8,8
12955,79,80,-1,1
12956,74,77,-3,3
12957,150,137,13,13
12958,83,94,-11,11
12959,131,136,-5,5
12960,68,73,-5,5
12961,222,187,35,35
12962,88,87,1,1
12963,109,104,5,5
12964,149,144,5,5
12965,82,93,-11,11
12966,33,60,-27,27
12967,97,107,-10,10
12968,88,96,-8,8
12969,127,128,-1,1
12970,70,70,0,0
12971,86,86,0,0
12972,63,62,1,1
12973,101,101,0,0
12974,85,89,-4,4
12975,97,89,8,8
12976,68,67,1,1
12977,79,96,-17,17
12978,182,166,16,16
12979,68,71,-3,3
12980,68,69,-1,1
12981,81,75,6,6
12982,118,109,9,9
12983,93,95,-2,2
12984,117,102,15,15
12985,144,139,5,5
12986,134,119,15,15
12987,69,67,2,2
12988,133,124,9,9
12989,88,94,-6,6
12990,63,58,5,5
12991,116,119,-3,3
12992,113,121,-8,8
12993,103,98,5,5
12994,127,122,5,5
12995,116,118,-2,2
12996,114,116,-2,2
12997,123,113,10,10
12998,72,70,2,2
12999,107,101,6,6
13000,121,108,13,13
13001,100,93,7,7
13002,87,94,-7,7
13003,102,97,5,5
13004,155,159,-4,4
13005,72,78,-6,6
13006,84,89,-5,5
13007,86,95,-9,9
13008,115,114,1,1
13009,100,101,-1,1
13010,81,70,11,11
13011,51,60,-9,9
13012,54,61,-7,7
13013,86,86,0,0
13014,92,97,-5,5
13015,60,62,-2,2
13016,112,111,1,1
13017,92,92,0,0
13018,87,88,-1,1
13019,95,98,-3,3
13020,80,76,4,4
13021,139,133,6,6
13022,103,102,1,1
13023,120,125,-5,5
13024,75,91,-16,16
13025,51,61,-10,10
13026,76,71,5,5
13027,67,77,-10,10
13028,165,167,-2,2
13029,84,93,-9,9
13030,83,101,-18,18
13031,61,61,0,0
13032,159,152,7,7
13033,64,88,-24,24
13034,140,132,8,8
13035,65,78,-13,13
13036,68,70,-2,2
13037,67,61,6,6
13038,87,94,-7,7
13039,109,110,-1,1
13040,116,114,2,2
13041,94,113,-19,19
13042,135,123,12,12
13043,77,73,4,4
13044,55,62,-7,7
13045,61,63,-2,2
13046,73,74,-1,1
13047,139,119,20,20
13048,106,115,-9,9
13049,78,89,-11,11
13050,74,63,11,11
13051,99,98,1,1
13052,88,95,-7,7
13053,93,89,4,4
13054,69,65,4,4
13055,235,210,25,25
13056,83,90,-7,7
13057,101,116,-15,15
13058,66,73,-7,7
13059,58,62,-4,4
13060,119,120,-1,1
13061,129,121,8,8
13062,82,85,-3,3
13063,168,162,6,6
13064,72,75,-3,3
13065,125,112,13,13
13066,82,77,5,5
13067,97,92,5,5
13068,56,63,-7,7
13069,123,133,-10,10
13070,79,72,7,7
13071,84,83,1,1
13072,112,106,6,6
13073,80,83,-3,3
13074,106,106,0,0
13075,60,64,-4,4
13076,72,76,-4,4
13077,96,104,-8,8
13078,60,56,4,4
13079,117,102,15,15
13080,66,73,-7,7
13081,78,83,-5,5
13082,55,62,-7,7
13083,164,141,23,23
13084,184,166,18,18
13085,78,86,-8,8
13086,61,64,-3,3
13087,109,121,-12,12
13088,101,103,-2,2
13089,79,78,1,1
13090,51,61,-10,10
13091,64,61,3,3
13092,62,61,1,1
13093,144,134,10,10
13094,57,61,-4,4
13095,50,61,-11,11
13096,81,76,5,5
13097,99,101,-2,2
13098,97,102,-5,5
13099,129,116,13,13
13100,104,102,2,2
13101,93,103,-10,10
13102,84,79,5,5
13103,90,99,-9,9
13104,112,117,-5,5
13105,69,68,1,1
13106,69,74,-5,5
13107,107,92,15,15
13108,145,126,19,19
13109,84,75,9,9
13110,51,61,-10,10
13111,100,95,5,5
13112,82,92,-10,10
13113,71,89,-18,18
13114,104,98,6,6
13115,67,79,-12,12
13116,89,94,-5,5
13117,61,68,-7,7
13118,74,81,-7,7
13119,101,106,-5,5
13120,67,74,-7,7
13121,72,79,-7,7
13122,70,65,5,5
13123,158,154,4,4
13124,94,97,-3,3
13125,84,80,4,4
13126,120,115,5,5
13127,152,144,8,8
13128,137,125,12,12
13129,82,93,-11,11
13130,116,109,7,7
13131,112,110,2,2
13132,99,94,5,5
13133,150,145,5,5
13134,66,62,4,4
13135,81,73,8,8
13136,50,61,-11,11
13137,133,128,5,5
13138,65,68,-3,3
13139,65,64,1,1
13140,80,84,-4,4
13141,53,61,-8,8
13142,108,102,6,6
13143,80,59,21,21
13144,126,126,0,0
13145,73,81,-8,8
13146,58,62,-4,4
13147,80,81,-1,1
13148,62,62,0,0
13149,64,66,-2,2
13150,55,61,-6,6
13151,81,81,0,0
13152,97,100,-3,3
13153,78,71,7,7
13154,101,99,2,2
13155,72,84,-12,12
13156,112,107,5,5
13157,84,91,-7,7
13158,68,73,-5,5
13159,102,107,-5,5
13160,117,125,-8,8
13161,88,88,0,0
13162,127,110,17,17
13163,64,63,1,1
13164,87,94,-7,7
13165,80,83,-3,3
13166,101,92,9,9
13167,122,115,7,7
13168,67,64,3,3
13169,131,130,1,1
13170,97,114,-17,17
13171,135,116,19,19
13172,88,92,-4,4
13173,115,123,-8,8
13174,134,119,15,15
13175,116,116,0,0
13176,79,84,-5,5
13177,45,62,-17,17
13178,100,103,-3,3
13179,85,104,-19,19
13180,63,64,-1,1
13181,89,92,-3,3
13182,76,76,0,0
13183,138,124,14,14
13184,123,126,-3,3
13185,74,82,-8,8
13186,43,63,-20,20
13187,66,69,-3,3
13188,86,108,-22,22
13189,115,125,-10,10
13190,30,53,-23,23
13191,66,69,-3,3
13192,208,174,34,34
13193,90,89,1,1
13194,71,64,7,7
13195,94,89,5,5
13196,171,161,10,10
13197,55,61,-6,6
13198,43,60,-17,17
13199,67,76,-9,9
13200,143,120,23,23
13201,98,101,-3,3
13202,100,98,2,2
13203,108,103,5,5
13204,91,79,12,12
13205,131,128,3,3
13206,79,66,13,13
13207,153,149,4,4
13208,37,62,-25,25
13209,46,61,-15,15
13210,241,210,31,31
13211,89,91,-2,2
13212,72,68,4,4
13213,100,96,4,4
13214,83,90,-7,7
13215,98,103,-5,5
13216,128,123,5,5
13217,162,121,41,41
13218,81,77,4,4
13219,98,100,-2,2
13220,70,77,-7,7
13221,182,161,21,21
13222,71,68,3,3
13223,173,165,8,8
13224,54,61,-7,7
13225,66,66,0,0
13226,85,78,7,7
13227,93,96,-3,3
13228,71,109,-38,38
13229,163,155,8,8
13230,86,88,-2,2
13231,74,68,6,6
13232,148,142,6,6
13233,112,108,4,4
13234,90,80,10,10
13235,64,63,1,1
13236,78,98,-20,20
13237,115,119,-4,4
13238,105,98,7,7
13239,90,93,-3,3
13240,117,111,6,6
13241,103,94,9,9
13242,139,150,-11,11
13243,107,111,-4,4
13244,118,128,-10,10
13245,94,89,5,5
13246,56,60,-4,4
13247,97,96,1,1
13248,77,70,7,7
13249,117,107,10,10
13250,125,124,1,1
13251,67,70,-3,3
13252,73,70,3,3
13253,152,134,18,18
13254,73,69,4,4
13255,121,115,6,6
13256,166,157,9,9
13257,90,91,-1,1
13258,96,104,-8,8
13259,149,148,1,1
13260,61,69,-8,8
13261,144,129,15,15
13262,121,120,1,1
13263,131,116,15,15
13264,58,63,-5,5
13265,51,60,-9,9
13266,54,64,-10,10
13267,72,74,-2,2
13268,99,103,-4,4
13269,124,116,8,8
13270,105,105,0,0
13271,100,98,2,2
13272,153,149,4,4
13273,76,88,-12,12
13274,120,109,11,11
13275,94,96,-2,2
13276,85,79,6,6
13277,84,100,-16,16
13278,53,64,-11,11
13279,106,110,-4,4
13280,108,113,-5,5
13281,140,127,13,13
13282,113,118,-5,5
13283,57,68,-11,11
13284,108,108,0,0
13285,123,112,11,11
13286,108,101,7,7
13287,83,88,-5,5
13288,99,87,12,12
13289,78,93,-15,15
13290,96,100,-4,4
13291,58,61,-3,3
13292,82,83,-1,1
13293,148,143,5,5
13294,86,96,-10,10
13295,81,70,11,11
13296,119,115,4,4
13297,97,106,-9,9
13298,118,114,4,4
13299,92,89,3,3
13300,102,108,-6,6
13301,72,76,-4,4
13302,64,63,1,1
13303,86,91,-5,5
13304,57,66,-9,9
13305,102,100,2,2
13306,67,60,7,7
13307,88,103,-15,15
13308,139,121,18,18
13309,61,65,-4,4
13310,77,79,-2,2
13311,158,154,4,4
13312,130,116,14,14
13313,132,131,1,1
13314,187,203,-16,16
13315,79,79,0,0
13316,96,104,-8,8
13317,76,77,-1,1
13318,71,72,-1,1
13319,78,81,-3,3
13320,209,200,9,9
13321,75,73,2,2
13322,146,127,19,19
13323,100,98,2,2
13324,80,91,-11,11
13325,70,67,3,3
13326,65,68,-3,3
13327,95,104,-9,9
13328,80,81,-1,1
13329,69,70,-1,1
13330,132,134,-2,2
13331,77,70,7,7
13332,98,93,5,5
13333,94,97,-3,3
13334,86,88,-2,2
13335,90,82,8,8
13336,75,67,8,8
13337,130,116,14,14
13338,87,97,-10,10
13339,141,124,17,17
13340,161,140,21,21
13341,68,86,-18,18
13342,97,94,3,3
13343,125,116,9,9
13344,36,63,-27,27
13345,115,110,5,5
13346,68,57,11,11
13347,106,102,4,4
13348,96,109,-13,13
13349,82,86,-4,4
13350,73,65,8,8
13351,89,79,10,10
13352,75,70,5,5
13353,85,99,-14,14
13354,134,141,-7,7
13355,90,89,1,1
13356,83,91,-8,8
13357,129,112,17,17
13358,140,134,6,6
13359,60,71,-11,11
13360,82,79,3,3
13361,153,154,-1,1
13362,80,94,-14,14
13363,119,118,1,1
13364,108,105,3,3
13365,54,61,-7,7
13366,99,102,-3,3
13367,130,153,-23,23
13368,100,99,1,1
13369,59,61,-2,2
13370,84,98,-14,14
13371,117,114,3,3
13372,60,63,-3,3
13373,55,63,-8,8
13374,96,98,-2,2
13375,73,89,-16,16
13376,64,73,-9,9
13377,75,75,0,0
13378,55,56,-1,1
13379,90,86,4,4
13380,142,141,1,1
13381,139,133,6,6
13382,118,108,10,10
13383,120,113,7,7
13384,112,110,2,2
13385,43,61,-18,18
13386,106,107,-1,1
13387,187,173,14,14
13388,117,116,1,1
13389,111,108,3,3
13390,188,178,10,10
13391,156,131,25,25
13392,136,135,1,1
13393,88,94,-6,6
13394,29,62,-33,33
13395,107,96,11,11
13396,113,100,13,13
13397,93,96,-3,3
13398,81,83,-2,2
13399,22,62,-40,40
13400,69,67,2,2
13401,168,147,21,21
13402,147,131,16,16
13403,105,113,-8,8
13404,145,127,18,18
13405,58,64,-6,6
13406,60,64,-4,4
13407,150,148,2,2
13408,70,65,5,5
13409,69,73,-4,4
13410,140,136,4,4
13411,88,83,5,5
13412,120,113,7,7
13413,63,63,0,0
13414,81,96,-15,15
13415,66,62,4,4
13416,91,86,5,5
13417,131,130,1,1
13418,126,111,15,15
13419,138,139,-1,1
13420,103,107,-4,4
13421,103,101,2,2
13422,50,66,-16,16
13423,64,74,-10,10
13424,75,80,-5,5
13425,67,65,2,2
13426,97,95,2,2
13427,109,112,-3,3
13428,137,124,13,13
13429,71,69,2,2
13430,98,92,6,6
13431,82,104,-22,22
13432,65,69,-4,4
13433,117,104,13,13
13434,148,148,0,0
13435,190,165,25,25
13436,84,79,5,5
13437,110,113,-3,3
13438,138,128,10,10
13439,74,77,-3,3
13440,130,116,14,14
13441,79,80,-1,1
13442,92,115,-23,23
13443,137,137,0,0
13444,104,95,9,9
13445,160,140,20,20
13446,90,95,-5,5
13447,101,100,1,1
13448,123,121,2,2
13449,73,72,1,1
13450,66,68,-2,2
13451,124,121,3,3
13452,173,167,6,6
13453,142,127,15,15
13454,32,62,-30,30
13455,104,102,2,2
13456,65,89,-24,24
13457,60,62,-2,2
13458,71,78,-7,7
13459,56,62,-6,6
13460,122,121,1,1
13461,135,141,-6,6
13462,162,154,8,8
13463,96,108,-12,12
13464,126,131,-5,5
13465,74,77,-3,3
13466,102,113,-11,11
13467,80,76,4,4
13468,88,81,7,7
13469,92,84,8,8
13470,107,109,-2,2
13471,87,121,-34,34
13472,58,62,-4,4
13473,80,72,8,8
13474,79,74,5,5
13475,114,119,-5,5
13476,78,92,-14,14
13477,75,89,-14,14
13478,168,164,4,4
13479,114,112,2,2
13480,59,68,-9,9
13481,152,150,2,2
13482,66,64,2,2
13483,98,94,4,4
13484,70,77,-7,7
13485,101,97,4,4
13486,130,124,6,6
13487,114,109,5,5
13488,63,66,-3,3
13489,181,164,17,17
13490,86,81,5,5
13491,107,119,-12,12
13492,59,62,-3,3
13493,74,71,3,3
13494,134,132,2,2
13495,199,164,35,35
13496,58,65,-7,7
13497,99,102,-3,3
13498,103,111,-8,8
13499,183,159,24,24
13500,96,99,-3,3
13501,99,108,-9,9
13502,113,106,7,7
13503,88,80,8,8
13504,88,93,-5,5
13505,128,117,11,11
13506,82,93,-11,11
13507,80,75,5,5
13508,53,61,-8,8
13509,47,62,-15,15
13510,102,97,5,5
13511,97,97,0,0
13512,68,66,2,2
13513,125,111,14,14
13514,110,116,-6,6
13515,77,75,2,2
13516,127,116,11,11
13517,87,94,-7,7
13518,107,95,12,12
13519,105,110,-5,5
13520,153,126,27,27
13521,61,66,-5,5
13522,33,78,-45,45
13523,146,135,11,11
13524,100,107,-7,7
13525,170,154,16,16
13526,134,121,13,13
13527,78,100,-22,22
13528,73,64,9,9
13529,60,60,0,0
13530,64,63,1,1
13531,99,97,2,2
13532,80,93,-13,13
13533,65,64,1,1
13534,67,62,5,5
13535,141,121,20,20
13536,60,66,-6,6
13537,138,142,-4,4
13538,154,145,9,9
13539,58,61,-3,3
13540,114,119,-5,5
13541,132,119,13,13
13542,98,101,-3,3
13543,80,92,-12,12
13544,105,102,3,3
13545,84,99,-15,15
13546,78,77,1,1
13547,154,146,8,8
13548,67,72,-5,5
13549,95,115,-20,20
13550,125,116,9,9
13551,128,118,10,10
13552,42,63,-21,21
13553,204,185,19,19
13554,98,100,-2,2
13555,112,110,2,2
13556,132,130,2,2
13557,139,126,13,13
13558,93,93,0,0
13559,146,133,13,13
13560,56,63,-7,7
13561,65,63,2,2
13562,124,113,11,11
13563,103,107,-4,4
13564,86,78,8,8
13565,60,67,-7,7
13566,98,100,-2,2
13567,80,117,-37,37
13568,89,100,-11,11
13569,148,128,20,20
13570,40,61,-21,21
13571,80,91,-11,11
13572,70,86,-16,16
13573,82,70,12,12
13574,133,140,-7,7
13575,75,83,-8,8
13576,75,69,6,6
13577,120,105,15,15
13578,50,62,-12,12
13579,111,124,-13,13
13580,86,92,-6,6
13581,115,117,-2,2
13582,63,59,4,4
13583,93,95,-2,2
13584,104,98,6,6
13585,153,147,6,6
13586,51,62,-11,11
13587,128,117,11,11
13588,92,93,-1,1
13589,51,64,-13,13
13590,84,86,-2,2
13591,104,102,2,2
13592,101,95,6,6
13593,83,94,-11,11
13594,69,76,-7,7
13595,96,98,-2,2
13596,83,103,-20,20
13597,54,68,-14,14
13598,83,67,16,16
13599,54,58,-4,4
13600,61,61,0,0
13601,116,101,15,15
13602,113,105,8,8
13603,76,67,9,9
13604,87,91,-4,4
13605,59,61,-2,2
13606,141,132,9,9
13607,97,102,-5,5
13608,89,82,7,7
13609,131,127,4,4
13610,71,65,6,6
13611,60,60,0,0
13612,39,62,-23,23
13613,68,83,-15,15
13614,61,63,-2,2
13615,107,107,0,0
13616,95,96,-1,1
13617,94,110,-16,16
13618,82,89,-7,7
13619,110,110,0,0
13620,113,112,1,1
13621,107,102,5,5
13622,161,141,20,20
13623,180,156,24,24
13624,101,101,0,0
13625,88,89,-1,1
13626,87,91,-4,4
13627,115,116,-1,1
13628,121,112,9,9
13629,139,133,6,6
13630,123,117,6,6
13631,63,61,2,2
13632,122,109,13,13
13633,68,69,-1,1
13634,110,101,9,9
13635,57,88,-31,31
13636,82,78,4,4
13637,95,96,-1,1
13638,134,127,7,7
13639,98,88,10,10
13640,128,120,8,8
13641,95,97,-2,2
13642,104,128,-24,24
13643,175,160,15,15
13644,109,99,10,10
13645,164,145,19,19
13646,118,123,-5,5
13647,70,76,-6,6
13648,54,65,-11,11
13649,145,138,7,7
13650,68,66,2,2
13651,82,97,-15,15
13652,61,60,1,1
13653,92,97,-5,5
13654,89,91,-2,2
13655,96,94,2,2
13656,122,115,7,7
13657,79,84,-5,5
13658,75,76,-1,1
13659,108,106,2,2
13660,43,61,-18,18
13661,67,70,-3,3
13662,75,83,-8,8
13663,67,66,1,1
13664,88,95,-7,7
13665,55,62,-7,7
13666,96,107,-11,11
13667,60,62,-2,2
13668,125,117,8,8
13669,56,63,-7,7
13670,111,108,3,3
13671,105,118,-13,13
13672,77,100,-23,23
13673,89,95,-6,6
13674,79,87,-8,8
13675,107,112,-5,5
13676,124,117,7,7
13677,119,119,0,0
13678,57,83,-26,26
13679,127,124,3,3
13680,64,73,-9,9
13681,96,101,-5,5
13682,89,82,7,7
13683,71,77,-6,6
13684,76,78,-2,2
13685,110,110,0,0
13686,120,127,-7,7
13687,98,94,4,4
13688,84,94,-10,10
13689,233,221,12,12
13690,75,69,6,6
13691,107,93,14,14
13692,76,77,-1,1
13693,84,91,-7,7
13694,86,91,-5,5
13695,103,96,7,7
13696,106,97,9,9
13697,150,126,24,24
13698,73,71,2,2
13699,130,136,-6,6
13700,132,115,17,17
13701,139,133,6,6
13702,115,112,3,3
13703,155,142,13,13
13704,75,86,-11,11
13705,70,74,-4,4
13706,127,116,11,11
13707,65,64,1,1
13708,100,107,-7,7
13709,170,154,16,16
13710,135,141,-6,6
13711,75,75,0,0
13712,164,166,-2,2
13713,125,114,11,11
13714,104,110,-6,6
13715,53,60,-7,7
13716,146,141,5,5
13717,102,91,11,11
13718,70,73,-3,3
13719,54,62,-8,8
13720,108,108,0,0
13721,97,100,-3,3
13722,104,103,1,1
13723,140,135,5,5
13724,94,127,-33,33
13725,62,76,-14,14
13726,105,98,7,7
13727,48,60,-12,12
13728,63,63,0,0
13729,64,61,3,3
13730,51,62,-11,11
13731,63,62,1,1
13732,121,117,4,4
13733,120,112,8,8
13734,86,93,-7,7
13735,91,95,-4,4
13736,55,63,-8,8
13737,98,101,-3,3
13738,69,63,6,6
13739,45,61,-16,16
13740,126,134,-8,8
13741,169,161,8,8
13742,95,91,4,4
13743,106,108,-2,2
13744,91,89,2,2
13745,126,115,11,11
13746,67,68,-1,1
13747,55,62,-7,7
13748,74,83,-9,9
13749,87,76,11,11
13750,87,91,-4,4
13751,83,72,11,11
13752,114,122,-8,8
13753,125,123,2,2
13754,120,113,7,7
13755,86,79,7,7
13756,66,70,-4,4
13757,106,106,0,0
13758,62,61,1,1
13759,87,109,-22,22
13760,68,61,7,7
13761,77,78,-1,1
13762,106,102,4,4
13763,101,99,2,2
13764,93,100,-7,7
13765,63,97,-34,34
13766,53,63,-10,10
13767,116,114,2,2
13768,116,117,-1,1
13769,92,119,-27,27
13770,80,91,-11,11
13771,93,95,-2,2
13772,129,122,7,7
13773,97,99,-2,2
13774,51,62,-11,11
13775,98,93,5,5
13776,80,120,-40,40
13777,74,78,-4,4
13778,157,140,17,17
13779,163,157,6,6
13780,62,66,-4,4
13781,107,105,2,2
13782,107,98,9,9
13783,107,106,1,1
13784,83,82,1,1
13785,117,105,12,12
13786,94,103,-9,9
13787,65,65,0,0
13788,61,66,-5,5
13789,79,88,-9,9
13790,137,138,-1,1
13791,141,125,16,16
13792,95,100,-5,5
13793,101,101,0,0
13794,95,98,-3,3
13795,142,127,15,15
13796,107,96,11,11
13797,80,77,3,3
13798,91,99,-8,8
13799,71,69,2,2
13800,81,90,-9,9
13801,96,97,-1,1
13802,151,136,15,15
13803,75,89,-14,14
13804,69,69,0,0
13805,70,71,-1,1
13806,66,74,-8,8
13807,100,102,-2,2
13808,107,102,5,5
13809,116,109,7,7
13810,59,63,-4,4
13811,90,99,-9,9
13812,60,63,-3,3
13813,55,60,-5,5
13814,66,71,-5,5
13815,90,97,-7,7
13816,80,92,-12,12
13817,151,114,37,37
13818,91,90,1,1
13819,59,59,0,0
13820,73,74,-1,1
13821,51,61,-10,10
13822,95,99,-4,4
13823,92,93,-1,1
13824,61,60,1,1
13825,80,80,0,0
13826,107,120,-13,13
13827,79,85,-6,6
13828,167,147,20,20
13829,58,60,-2,2
13830,104,101,3,3
13831,106,116,-10,10
13832,61,60,1,1
13833,111,117,-6,6
13834,97,109,-12,12
13835,101,101,0,0
13836,67,78,-11,11
13837,56,64,-8,8
13838,57,62,-5,5
13839,82,65,17,17
13840,95,97,-2,2
13841,69,74,-5,5
13842,58,62,-4,4
13843,105,101,4,4
13844,163,144,19,19
13845,61,65,-4,4
13846,90,75,15,15
13847,220,194,26,26
13848,96,87,9,9
13849,44,62,-18,18
13850,59,64,-5,5
13851,60,64,-4,4
13852,64,68,-4,4
13853,94,97,-3,3
13854,151,133,18,18
13855,75,77,-2,2
13856,75,76,-1,1
13857,79,71,8,8
13858,70,78,-8,8
13859,107,109,-2,2
13860,145,138,7,7
13861,70,65,5,5
13862,75,69,6,6
13863,141,132,9,9
13864,66,67,-1,1
13865,79,72,7,7
13866,111,102,9,9
13867,112,102,10,10
13868,125,129,-4,4
13869,121,125,-4,4
13870,108,103,5,5
13871,74,85,-11,11
13872,106,113,-7,7
13873,118,117,1,1
13874,162,145,17,17
13875,142,110,32,32
13876,65,67,-2,2
13877,59,61,-2,2
13878,91,86,5,5
13879,75,71,4,4
13880,125,116,9,9
13881,146,137,9,9
13882,84,81,3,3
13883,95,98,-3,3
13884,88,83,5,5
13885,95,92,3,3
13886,54,60,-6,6
13887,68,62,6,6
13888,250,257,-7,7
13889,64,60,4,4
13890,89,83,6,6
13891,63,62,1,1
13892,47,64,-17,17
13893,113,112,1,1
13894,118,110,8,8
13895,77,72,5,5
13896,175,153,22,22
13897,87,90,-3,3
13898,85,90,-5,5
13899,107,98,9,9
13900,77,64,13,13
13901,112,118,-6,6
13902,67,67,0,0
13903,124,132,-8,8
13904,69,68,1,1
13905,170,167,3,3
13906,91,86,5,5
13907,69,70,-1,1
13908,69,62,7,7
13909,102,102,0,0
13910,87,100,-13,13
13911,61,64,-3,3
13912,140,119,21,21
13913,56,57,-1,1
13914,50,62,-12,12
13915,71,62,9,9
13916,46,60,-14,14
13917,102,104,-2,2
13918,72,67,5,5
13919,102,108,-6,6
13920,98,97,1,1
13921,114,116,-2,2
13922,83,91,-8,8
13923,75,79,-4,4
13924,92,86,6,6
13925,107,107,0,0
13926,166,148,18,18
13927,72,75,-3,3
13928,43,62,-19,19
13929,98,87,11,11
13930,141,131,10,10
13931,112,99,13,13
13932,149,144,5,5
13933,17,61,-44,44
13934,63,71,-8,8
13935,127,121,6,6
13936,128,125,3,3
13937,64,72,-8,8
13938,59,61,-2,2
13939,45,61,-16,16
13940,104,102,2,2
13941,82,84,-2,2
13942,52,62,-10,10
13943,96,92,4,4
13944,108,104,4,4
13945,122,119,3,3
13946,105,103,2,2
13947,72,78,-6,6
13948,75,68,7,7
13949,111,108,3,3
13950,86,83,3,3
13951,121,121,0,0
13952,86,93,-7,7
13953,66,61,5,5
13954,93,97,-4,4
13955,128,131,-3,3
13956,142,129,13,13
13957,87,73,14,14
13958,84,91,-7,7
13959,103,105,-2,2
13960,113,105,8,8
13961,136,131,5,5
13962,74,68,6,6
13963,108,118,-10,10
13964,89,99,-10,10
13965,84,88,-4,4
13966,98,98,0,0
13967,51,61,-10,10
13968,53,62,-9,9
13969,88,103,-15,15
13970,96,94,2,2
13971,105,113,-8,8
13972,95,91,4,4
13973,119,143,-24,24
13974,79,72,7,7
13975,110,94,16,16
13976,68,64,4,4
13977,98,101,-3,3
13978,162,160,2,2
13979,124,124,0,0
13980,54,61,-7,7
13981,89,98,-9,9
13982,55,59,-4,4
13983,147,131,16,16
13984,118,109,9,9
13985,28,58,-30,30
13986,115,111,4,4
13987,87,92,-5,5
13988,129,120,9,9
13989,100,96,4,4
13990,119,114,5,5
13991,95,99,-4,4
13992,130,127,3,3
13993,57,61,-4,4
13994,103,100,3,3
13995,100,101,-1,1
13996,95,96,-1,1
13997,61,63,-2,2
13998,59,64,-5,5
13999,126,116,10,10
14000,162,166,-4,4
14001,98,99,-1,1
14002,134,112,22,22
14003,118,113,5,5
14004,57,62,-5,5
14005,84,94,-10,10
14006,84,82,2,2
14007,120,129,-9,9
14008,163,155,8,8
14009,64,65,-1,1
14010,83,75,8,8
14011,69,85,-16,16
14012,135,119,16,16
14013,86,82,4,4
14014,60,61,-1,1
14015,77,85,-8,8
14016,92,95,-3,3
14017,85,85,0,0
14018,161,147,14,14
14019,126,117,9,9
14020,63,64,-1,1
14021,93,103,-10,10
14022,73,74,-1,1
14023,107,106,1,1
14024,74,78,-4,4
14025,73,64,9,9
14026,108,103,5,5
14027,182,165,17,17
14028,134,117,17,17
14029,67,68,-1,1
14030,91,96,-5,5
14031,131,148,-17,17
14032,146,133,13,13
14033,80,83,-3,3
14034,139,125,14,14
14035,188,177,11,11
14036,150,136,14,14
14037,74,75,-1,1
14038,115,115,0,0
14039,87,86,1,1
14040,83,70,13,13
14041,71,68,3,3
14042,95,98,-3,3
14043,110,103,7,7
14044,91,93,-2,2
14045,108,104,4,4
14046,51,62,-11,11
14047,71,74,-3,3
14048,50,61,-11,11
14049,66,68,-2,2
14050,56,67,-11,11
14051,108,109,-1,1
14052,114,105,9,9
14053,86,75,11,11
14054,88,88,0,0
14055,66,61,5,5
14056,111,111,0,0
14057,53,61,-8,8
14058,94,95,-1,1
14059,74,74,0,0
14060,129,127,2,2
14061,75,81,-6,6
14062,198,178,20,20
14063,76,70,6,6
14064,94,97,-3,3
14065,70,66,4,4
14066,172,146,26,26
14067,61,65,-4,4
14068,80,80,0,0
14069,102,98,4,4
14070,114,111,3,3
14071,70,72,-2,2
14072,75,89,-14,14
14073,112,107,5,5
14074,44,63,-19,19
14075,145,160,-15,15
14076,68,96,-28,28
14077,148,137,11,11
14078,56,62,-6,6
14079,81,85,-4,4
14080,73,74,-1,1
14081,122,122,0,0
14082,75,83,-8,8
14083,121,123,-2,2
14084,139,135,4,4
14085,63,61,2,2
14086,125,121,4,4
14087,85,90,-5,5
14088,112,125,-13,13
14089,114,109,5,5
14090,134,123,11,11
14091,98,108,-10,10
14092,75,89,-14,14
14093,135,127,8,8
14094,96,100,-4,4
14095,102,101,1,1
14096,150,147,3,3
14097,186,159,27,27
14098,63,64,-1,1
14099,116,108,8,8
14100,83,69,14,14
14101,110,96,14,14
14102,104,102,2,2
14103,71,68,3,3
14104,111,121,-10,10
14105,106,110,-4,4
14106,147,142,5,5
14107,67,70,-3,3
14108,212,191,21,21
14109,83,94,-11,11
14110,174,150,24,24
14111,113,123,-10,10
14112,68,83,-15,15
14113,159,157,2,2
14114,52,62,-10,10
14115,123,121,2,2
14116,112,110,2,2
14117,69,83,-14,14
14118,61,65,-4,4
14119,63,62,1,1
14120,70,71,-1,1
14121,65,73,-8,8
14122,145,145,0,0
14123,121,123,-2,2
14124,60,62,-2,2
14125,187,162,25,25
14126,24,62,-38,38
14127,136,134,2,2
14128,65,74,-9,9
14129,67,66,1,1
14130,189,178,11,11
14131,83,109,-26,26
14132,76,78,-2,2
14133,91,95,-4,4
14134,74,90,-16,16
14135,55,64,-9,9
14136,107,100,7,7
14137,160,147,13,13
14138,149,133,16,16
14139,96,93,3,3
14140,88,92,-4,4
14141,118,119,-1,1
14142,91,93,-2,2
14143,92,96,-4,4
14144,74,75,-1,1
14145,118,121,-3,3
14146,81,102,-21,21
14147,95,96,-1,1
14148,68,69,-1,1
14149,132,118,14,14
14150,49,62,-13,13
14151,115,116,-1,1
14152,148,139,9,9
14153,109,122,-13,13
14154,104,97,7,7
14155,159,156,3,3
14156,83,75,8,8
14157,47,61,-14,14
14158,92,92,0,0
14159,101,106,-5,5
14160,57,59,-2,2
14161,40,62,-22,22
14162,153,139,14,14
14163,163,137,26,26
14164,66,67,-1,1
14165,90,88,2,2
14166,55,62,-7,7
14167,52,61,-9,9
14168,96,99,-3,3
14169,115,111,4,4
14170,47,55,-8,8
14171,77,94,-17,17
14172,76,82,-6,6
14173,115,115,0,0
14174,93,99,-6,6
14175,120,98,22,22
14176,83,105,-22,22
14177,119,114,5,5
14178,40,61,-21,21
14179,47,61,-14,14
14180,55,62,-7,7
14181,96,99,-3,3
14182,88,95,-7,7
14183,74,91,-17,17
14184,80,92,-12,12
14185,68,63,5,5
14186,144,138,6,6
14187,101,99,2,2
14188,116,114,2,2
14189,63,67,-4,4
14190,51,62,-11,11
14191,123,127,-4,4
14192,145,136,9,9
14193,107,99,8,8
14194,109,106,3,3
14195,115,115,0,0
14196,59,62,-3,3
14197,63,71,-8,8
14198,190,175,15,15
14199,69,67,2,2
14200,77,84,-7,7
14201,78,89,-11,11
14202,85,96,-11,11
14203,112,96,16,16
14204,82,84,-2,2
14205,150,143,7,7
14206,72,75,-3,3
14207,105,109,-4,4
14208,80,76,4,4
14209,39,61,-22,22
14210,102,108,-6,6
14211,68,72,-4,4
14212,95,95,0,0
14213,24,62,-38,38
14214,50,63,-13,13
14215,66,60,6,6
14216,69,76,-7,7
14217,120,113,7,7
14218,140,125,15,15
14219,69,72,-3,3
14220,187,149,38,38
14221,107,105,2,2
14222,67,67,0,0
14223,126,126,0,0
14224,112,122,-10,10
14225,93,103,-10,10
14226,89,94,-5,5
14227,93,101,-8,8
14228,48,64,-16,16
14229,153,143,10,10
14230,67,64,3,3
14231,48,60,-12,12
14232,58,65,-7,7
14233,179,157,22,22
14234,91,95,-4,4
14235,123,122,1,1
14236,70,77,-7,7
14237,32,63,-31,31
14238,96,90,6,6
14239,53,61,-8,8
14240,99,105,-6,6
14241,133,117,16,16
14242,77,90,-13,13
14243,47,59,-12,12
14244,55,61,-6,6
14245,85,82,3,3
14246,135,125,10,10
14247,103,100,3,3
14248,62,73,-11,11
14249,73,79,-6,6
14250,117,126,-9,9
14251,112,108,4,4
14252,34,61,-27,27
14253,46,61,-15,15
14254,68,66,2,2
14255,42,60,-18,18
14256,88,106,-18,18
14257,88,94,-6,6
14258,78,84,-6,6
14259,74,85,-11,11
14260,145,129,16,16
14261,144,133,11,11
14262,146,142,4,4
14263,50,61,-11,11
14264,134,114,20,20
14265,81,78,3,3
14266,81,75,6,6
14267,64,66,-2,2
14268,134,128,6,6
14269,177,171,6,6
14270,115,108,7,7
14271,105,110,-5,5
14272,142,130,12,12
14273,104,110,-6,6
14274,74,83,-9,9
14275,177,151,26,26
14276,47,62,-15,15
14277,127,126,1,1
14278,186,159,27,27
14279,81,99,-18,18
14280,78,76,2,2
14281,155,135,20,20
14282,170,140,30,30
14283,97,96,1,1
14284,94,95,-1,1
14285,77,83,-6,6
14286,83,95,-12,12
14287,109,110,-1,1
14288,92,96,-4,4
14289,93,95,-2,2
14290,63,90,-27,27
14291,85,87,-2,2
14292,92,100,-8,8
14293,68,61,7,7
14294,111,117,-6,6
14295,181,169,12,12
14296,57,57,0,0
14297,93,98,-5,5
14298,68,76,-8,8
14299,95,102,-7,7
14300,123,108,15,15
14301,58,62,-4,4
14302,159,138,21,21
14303,97,89,8,8
14304,82,83,-1,1
14305,70,64,6,6
14306,87,75,12,12
14307,63,67,-4,4
14308,138,129,9,9
14309,124,124,0,0
14310,90,92,-2,2
14311,72,65,7,7
14312,82,94,-12,12
14313,102,116,-14,14
14314,149,134,15,15
14315,127,121,6,6
14316,127,105,22,22
14317,80,80,0,0
14318,79,70,9,9
14319,126,125,1,1
14320,160,146,14,14
14321,88,89,-1,1
14322,57,59,-2,2
14323,117,115,2,2
14324,88,83,5,5
14325,117,115,2,2
14326,108,106,2,2
14327,122,129,-7,7
14328,126,115,11,11
14329,137,132,5,5
14330,119,105,14,14
14331,94,100,-6,6
14332,89,69,20,20
14333,65,63,2,2
14334,80,80,0,0
14335,73,73,0,0
14336,137,121,16,16
14337,112,112,0,0
14338,93,101,-8,8
14339,121,106,15,15
14340,94,98,-4,4
14341,74,77,-3,3
14342,126,120,6,6
14343,102,95,7,7
14344,61,60,1,1
14345,107,111,-4,4
14346,187,165,22,22
14347,129,116,13,13
14348,96,104,-8,8
14349,85,79,6,6
14350,89,95,-6,6
14351,65,62,3,3
14352,67,77,-10,10
14353,95,94,1,1
14354,90,88,2,2
14355,70,87,-17,17
14356,51,63,-12,12
14357,67,75,-8,8
14358,105,97,8,8
14359,72,93,-21,21
14360,73,65,8,8
14361,90,93,-3,3
14362,60,61,-1,1
14363,125,118,7,7
14364,128,120,8,8
14365,114,110,4,4
14366,80,67,13,13
14367,130,113,17,17
14368,170,178,-8,8
14369,163,167,-4,4
14370,121,107,14,14
14371,65,67,-2,2
14372,110,109,1,1
14373,86,91,-5,5
14374,136,130,6,6
14375,95,97,-2,2
14376,82,82,0,0
14377,117,110,7,7
14378,122,119,3,3
14379,61,60,1,1
14380,49,62,-13,13
14381,188,162,26,26
14382,61,65,-4,4
14383,164,162,2,2
14384,64,67,-3,3
14385,100,98,2,2
14386,75,71,4,4
14387,90,90,0,0
14388,83,77,6,6
14389,74,81,-7,7
14390,88,92,-4,4
14391,110,101,9,9
14392,104,102,2,2
14393,61,67,-6,6
14394,80,92,-12,12
14395,121,111,10,10
14396,72,73,-1,1
14397,80,81,-1,1
14398,38,61,-23,23
14399,136,117,19,19
14400,85,94,-9,9
14401,86,92,-6,6
14402,129,121,8,8
14403,58,64,-6,6
14404,73,83,-10,10
14405,135,130,5,5
14406,106,114,-8,8
14407,53,61,-8,8
14408,54,65,-11,11
14409,62,81,-19,19
14410,91,101,-10,10
14411,61,64,-3,3
14412,56,64,-8,8
14413,53,62,-9,9
14414,67,65,2,2
14415,81,91,-10,10
14416,77,87,-10,10
14417,92,93,-1,1
14418,181,163,18,18
14419,68,72,-4,4
14420,73,76,-3,3
14421,102,97,5,5
14422,85,91,-6,6
14423,78,80,-2,2
14424,85,80,5,5
14425,86,94,-8,8
14426,61,79,-18,18
14427,60,64,-4,4
14428,70,92,-22,22
14429,63,67,-4,4
14430,141,145,-4,4
14431,82,75,7,7
14432,125,112,13,13
14433,25,61,-36,36
14434,124,114,10,10
14435,42,62,-20,20
14436,123,124,-1,1
14437,50,59,-9,9
14438,94,102,-8,8
14439,175,155,20,20
14440,119,118,1,1
14441,97,101,-4,4
14442,112,109,3,3
14443,105,105,0,0
14444,85,90,-5,5
14445,117,118,-1,1
14446,140,129,11,11
14447,117,105,12,12
14448,45,61,-16,16
14449,73,77,-4,4
14450,71,85,-14,14
14451,41,61,-20,20
14452,134,122,12,12
14453,102,103,-1,1
14454,69,68,1,1
14455,98,103,-5,5
14456,113,105,8,8
14457,90,95,-5,5
14458,67,67,0,0
14459,83,93,-10,10
14460,64,64,0,0
14461,192,158,34,34
14462,93,82,11,11
14463,111,112,-1,1
14464,122,123,-1,1
14465,89,100,-11,11
14466,77,99,-22,22
14467,66,65,1,1
14468,57,62,-5,5
14469,84,90,-6,6
14470,90,98,-8,8
14471,103,100,3,3
14472,144,137,7,7
14473,120,114,6,6
14474,105,100,5,5
14475,121,118,3,3
14476,51,100,-49,49
14477,91,81,10,10
14478,73,83,-10,10
14479,60,62,-2,2
14480,50,62,-12,12
14481,94,104,-10,10
14482,107,100,7,7
14483,62,61,1,1
14484,77,78,-1,1
14485,109,103,6,6
14486,113,107,6,6
14487,95,111,-16,16
14488,153,152,1,1
14489,146,126,20,20
14490,75,81,-6,6
14491,97,101,-4,4
14492,96,101,-5,5
14493,112,127,-15,15
14494,93,105,-12,12
14495,88,92,-4,4
14496,143,124,19,19
14497,131,130,1,1
14498,92,95,-3,3
14499,77,72,5,5
14500,94,93,1,1
14501,60,72,-12,12
14502,70,68,2,2
14503,73,69,4,4
14504,115,111,4,4
14505,111,112,-1,1
14506,41,62,-21,21
14507,49,63,-14,14
14508,141,137,4,4
14509,85,80,5,5
14510,89,91,-2,2
14511,84,72,12,12
14512,102,101,1,1
14513,100,102,-2,2
14514,72,69,3,3
14515,99,95,4,4
14516,68,64,4,4
14517,63,62,1,1
14518,156,155,1,1
14519,113,106,7,7
14520,109,102,7,7
14521,141,131,10,10
14522,173,157,16,16
14523,95,104,-9,9
14524,89,97,-8,8
14525,103,100,3,3
14526,71,72,-1,1
14527,81,77,4,4
14528,93,94,-1,1
14529,138,151,-13,13
14530,94,81,13,13
14531,168,171,-3,3
14532,56,61,-5,5
14533,70,63,7,7
14534,143,121,22,22
14535,115,113,2,2
14536,78,75,3,3
14537,71,67,4,4
14538,61,60,1,1
14539,174,159,15,15
14540,136,133,3,3
14541,137,140,-3,3
14542,64,61,3,3
14543,98,100,-2,2
14544,61,65,-4,4
14545,79,76,3,3
14546,58,61,-3,3
14547,88,92,-4,4
14548,83,84,-1,1
14549,58,62,-4,4
14550,113,113,0,0
14551,65,65,0,0
14552,98,102,-4,4
14553,98,95,3,3
14554,119,107,12,12
14555,81,91,-10,10
14556,107,107,0,0
14557,69,65,4,4
14558,102,104,-2,2
14559,64,67,-3,3
14560,92,101,-9,9
14561,91,79,12,12
14562,76,67,9,9
14563,120,114,6,6
14564,131,123,8,8
14565,73,63,10,10
14566,113,106,7,7
14567,46,66,-20,20
14568,31,61,-30,30
14569,86,99,-13,13
14570,124,128,-4,4
14571,69,66,3,3
14572,103,100,3,3
14573,78,90,-12,12
14574,85,77,8,8
14575,43,60,-17,17
14576,102,102,0,0
14577,64,70,-6,6
14578,112,118,-6,6
14579,104,103,1,1
14580,116,116,0,0
14581,72,72,0,0
14582,86,97,-11,11
14583,45,62,-17,17
14584,90,96,-6,6
14585,204,184,20,20
14586,38,62,-24,24
14587,95,79,16,16
14588,102,110,-8,8
14589,193,178,15,15
14590,130,120,10,10
14591,47,61,-14,14
14592,132,129,3,3
14593,176,143,33,33
14594,67,67,0,0
14595,100,105,-5,5
14596,73,63,10,10
14597,44,62,-18,18
14598,65,68,-3,3
14599,34,62,-28,28
14600,56,67,-11,11
14601,87,92,-5,5
14602,87,109,-22,22
14603,44,62,-18,18
14604,115,104,11,11
14605,82,85,-3,3
14606,134,135,-1,1
14607,161,146,15,15
14608,61,62,-1,1
14609,150,136,14,14
14610,106,102,4,4
14611,68,67,1,1
14612,106,96,10,10
14613,96,96,0,0
14614,142,141,1,1
14615,74,61,13,13
14616,47,61,-14,14
14617,130,128,2,2
14618,121,122,-1,1
14619,104,103,1,1
14620,79,80,-1,1
14621,85,79,6,6
14622,92,96,-4,4
14623,52,98,-46,46
14624,144,157,-13,13
14625,92,84,8,8
14626,58,60,-2,2
14627,116,121,-5,5
14628,71,76,-5,5
14629,65,62,3,3
14630,86,78,8,8
14631,51,62,-11,11
14632,51,61,-10,10
14633,169,154,15,15
14634,117,123,-6,6
14635,94,95,-1,1
14636,77,74,3,3
14637,61,64,-3,3
14638,64,62,2,2
14639,38,58,-20,20
14640,54,60,-6,6
14641,70,78,-8,8
14642,77,83,-6,6
14643,127,112,15,15
14644,58,61,-3,3
14645,84,86,-2,2
14646,89,96,-7,7
14647,52,62,-10,10
14648,73,74,-1,1
14649,64,74,-10,10
14650,53,63,-10,10
14651,112,107,5,5
14652,92,97,-5,5
14653,90,100,-10,10
14654,72,72,0,0
14655,99,106,-7,7
14656,84,78,6,6
14657,90,95,-5,5
14658,135,130,5,5
14659,91,90,1,1
14660,81,92,-11,11
14661,119,115,4,4
14662,70,72,-2,2
14663,62,64,-2,2
14664,80,87,-7,7
14665,69,65,4,4
14666,107,116,-9,9
14667,145,133,12,12
14668,137,123,14,14
14669,94,100,-6,6
14670,158,136,22,22
14671,174,181,-7,7
14672,100,105,-5,5
14673,141,139,2,2
14674,131,126,5,5
14675,168,156,12,12
14676,98,97,1,1
14677,116,121,-5,5
14678,101,102,-1,1
14679,89,119,-30,30
14680,119,111,8,8
14681,139,132,7,7
14682,25,60,-35,35
14683,106,108,-2,2
14684,161,155,6,6
14685,123,116,7,7
14686,87,89,-2,2
14687,58,62,-4,4
14688,62,69,-7,7
14689,89,91,-2,2
14690,81,83,-2,2
14691,70,63,7,7
14692,78,74,4,4
14693,163,149,14,14
14694,46,64,-18,18
14695,57,60,-3,3
14696,108,105,3,3
14697,148,142,6,6
14698,74,75,-1,1
14699,54,61,-7,7
14700,64,73,-9,9
14701,162,134,28,28
14702,124,114,10,10
14703,75,78,-3,3
14704,76,75,1,1
14705,81,93,-12,12
14706,56,61,-5,5
14707,90,88,2,2
14708,70,77,-7,7
14709,66,85,-19,19
14710,75,78,-3,3
14711,95,110,-15,15
14712,123,121,2,2
14713,125,130,-5,5
14714,44,61,-17,17
14715,141,138,3,3
14716,53,62,-9,9
14717,97,98,-1,1
14718,100,112,-12,12
14719,78,98,-20,20
14720,199,175,24,24
14721,124,114,10,10
14722,56,69,-13,13
14723,62,61,1,1
14724,109,102,7,7
14725,149,125,24,24
14726,101,104,-3,3
14727,129,119,10,10
14728,138,123,15,15
14729,118,121,-3,3
14730,151,145,6,6
14731,58,62,-4,4
14732,148,142,6,6
14733,89,94,-5,5
14734,93,98,-5,5
14735,111,112,-1,1
14736,131,123,8,8
14737,106,114,-8,8
14738,123,117,6,6
14739,119,136,-17,17
14740,106,108,-2,2
14741,121,116,5,5
14742,74,66,8,8
14743,94,102,-8,8
14744,83,75,8,8
14745,159,148,11,11
14746,126,115,11,11
14747,71,69,2,2
14748,52,62,-10,10
14749,139,146,-7,7
14750,98,97,1,1
14751,94,100,-6,6
14752,58,61,-3,3
14753,126,125,1,1
14754,65,65,0,0
14755,98,92,6,6
14756,170,154,16,16
14757,71,79,-8,8
14758,63,81,-18,18
14759,74,82,-8,8
14760,119,114,5,5
14761,73,90,-17,17
14762,88,91,-3,3
14763,96,100,-4,4
14764,125,123,2,2
14765,119,121,-2,2
14766,88,90,-2,2
14767,98,96,2,2
14768,103,116,-13,13
14769,95,95,0,0
14770,80,85,-5,5
14771,88,92,-4,4
14772,50,61,-11,11
14773,81,75,6,6
14774,72,65,7,7
14775,56,58,-2,2
14776,54,62,-8,8
14777,70,89,-19,19
14778,92,95,-3,3
14779,79,80,-1,1
14780,64,67,-3,3
14781,121,126,-5,5
14782,55,62,-7,7
14783,110,106,4,4
14784,142,132,10,10
14785,160,147,13,13
14786,61,61,0,0
14787,59,63,-4,4
14788,102,116,-14,14
14789,95,93,2,2
14790,62,67,-5,5
14791,142,137,5,5
14792,91,82,9,9
14793,114,107,7,7
14794,54,61,-7,7
14795,93,100,-7,7
14796,96,95,1,1
14797,75,73,2,2
14798,95,96,-1,1
14799,59,63,-4,4
14800,87,76,11,11
14801,121,107,14,14
14802,85,92,-7,7
14803,74,76,-2,2
14804,94,98,-4,4
14805,117,116,1,1
14806,136,129,7,7
14807,51,57,-6,6
14808,143,131,12,12
14809,110,110,0,0
14810,112,103,9,9
14811,59,61,-2,2
14812,69,64,5,5
14813,92,93,-1,1
14814,92,98,-6,6
14815,125,114,11,11
14816,93,90,3,3
14817,94,91,3,3
14818,183,157,26,26
14819,158,150,8,8
14820,126,121,5,5
14821,201,179,22,22
14822,96,89,7,7
14823,69,87,-18,18
14824,112,134,-22,22
14825,60,64,-4,4
14826,81,78,3,3
14827,229,206,23,23
14828,81,77,4,4
14829,49,62,-13,13
14830,98,93,5,5
14831,104,111,-7,7
14832,117,105,12,12
14833,91,95,-4,4
14834,96,87,9,9
14835,82,78,4,4
14836,193,166,27,27
14837,75,84,-9,9
14838,101,101,0,0
14839,128,111,17,17
14840,103,102,1,1
14841,84,81,3,3
14842,162,143,19,19
14843,117,118,-1,1
14844,104,126,-22,22
14845,85,87,-2,2
14846,90,94,-4,4
14847,67,67,0,0
14848,91,81,10,10
14849,152,145,7,7
14850,60,61,-1,1
14851,107,105,2,2
14852,114,137,-23,23
14853,95,99,-4,4
14854,85,92,-7,7
14855,72,117,-45,45
14856,66,104,-38,38
14857,81,89,-8,8
14858,112,108,4,4
14859,39,62,-23,23
14860,125,135,-10,10
14861,67,65,2,2
14862,103,96,7,7
14863,44,57,-13,13
14864,52,62,-10,10
14865,58,63,-5,5
14866,105,107,-2,2
14867,55,66,-11,11
14868,107,125,-18,18
14869,102,111,-9,9
14870,61,73,-12,12
14871,129,126,3,3
14872,72,72,0,0
14873,144,135,9,9
14874,67,71,-4,4
14875,131,118,13,13
14876,59,64,-5,5
14877,142,131,11,11
14878,80,85,-5,5
14879,95,92,3,3
14880,62,67,-5,5
14881,99,102,-3,3
14882,69,82,-13,13
14883,36,61,-25,25
14884,53,59,-6,6
14885,174,148,26,26
14886,120,117,3,3
14887,60,67,-7,7
14888,44,61,-17,17
14889,104,105,-1,1
14890,70,66,4,4
14891,80,74,6,6
14892,72,69,3,3
14893,114,124,-10,10
14894,110,108,2,2
14895,69,60,9,9
14896,108,104,4,4
14897,136,126,10,10
14898,62,62,0,0
14899,170,162,8,8
14900,109,102,7,7
14901,85,91,-6,6
14902,93,87,6,6
14903,117,113,4,4
14904,102,81,21,21
14905,123,115,8,8
14906,91,105,-14,14
14907,65,66,-1,1
14908,52,61,-9,9
14909,139,121,18,18
14910,88,94,-6,6
14911,67,85,-18,18
14912,143,135,8,8
14913,153,150,3,3
14914,65,66,-1,1
14915,84,90,-6,6
14916,101,112,-11,11
14917,90,116,-26,26
14918,75,72,3,3
14919,95,95,0,0
14920,197,166,31,31
14921,60,60,0,0
14922,152,145,7,7
14923,69,65,4,4
14924,79,84,-5,5
14925,63,77,-14,14
14926,114,111,3,3
14927,94,91,3,3
14928,107,103,4,4
14929,94,97,-3,3
14930,68,67,1,1
14931,95,97,-2,2
14932,123,114,9,9
14933,81,79,2,2
14934,141,122,19,19
14935,78,80,-2,2
14936,100,107,-7,7
14937,120,114,6,6
14938,36,62,-26,26
14939,81,91,-10,10
14940,118,101,17,17
14941,122,128,-6,6
14942,80,70,10,10
14943,130,118,12,12
14944,44,62,-18,18
14945,170,162,8,8
14946,74,128,-54,54
14947,66,71,-5,5
14948,192,175,17,17
14949,84,89,-5,5
14950,116,133,-17,17
14951,81,81,0,0
14952,43,62,-19,19
14953,69,74,-5,5
14954,63,62,1,1
14955,94,95,-1,1
14956,84,84,0,0
14957,56,62,-6,6
14958,106,111,-5,5
14959,152,125,27,27
14960,92,93,-1,1
14961,68,65,3,3
14962,87,99,-12,12
14963,88,103,-15,15
14964,78,81,-3,3
14965,64,72,-8,8
14966,147,137,10,10
14967,57,61,-4,4
14968,81,94,-13,13
14969,59,62,-3,3
14970,70,69,1,1
14971,87,95,-8,8
14972,90,83,7,7
14973,87,77,10,10
14974,49,63,-14,14
14975,160,135,25,25
14976,131,116,15,15
14977,83,90,-7,7
14978,44,62,-18,18
14979,44,62,-18,18
14980,52,65,-13,13
14981,102,105,-3,3
14982,69,70,-1,1
14983,99,98,1,1
14984,81,93,-12,12
14985,91,101,-10,10
14986,87,89,-2,2
14987,57,61,-4,4
14988,82,91,-9,9
14989,56,62,-6,6
14990,76,79,-3,3
14991,79,86,-7,7
14992,78,73,5,5
14993,121,105,16,16
14994,119,109,10,10
14995,68,75,-7,7
14996,146,132,14,14
14997,106,93,13,13
14998,132,118,14,14
14999,47,60,-13,13
15000,70,68,2,2
15001,114,101,13,13
15002,71,66,5,5
15003,85,100,-15,15
15004,132,124,8,8
15005,33,62,-29,29
15006,16,64,-48,48
15007,68,68,0,0
15008,62,63,-1,1
15009,84,94,-10,10
15010,50,61,-11,11
15011,91,95,-4,4
15012,116,112,4,4
15013,97,94,3,3
15014,126,124,2,2
15015,102,106,-4,4
15016,111,100,11,11
15017,113,107,6,6
15018,149,131,18,18
15019,87,81,6,6
15020,120,107,13,13
15021,124,121,3,3
15022,145,127,18,18
15023,78,77,1,1
15024,158,149,9,9
15025,47,61,-14,14
15026,228,214,14,14
15027,86,96,-10,10
15028,97,99,-2,2
15029,105,100,5,5
15030,59,65,-6,6
15031,134,124,10,10
15032,122,123,-1,1
15033,116,131,-15,15
15034,72,91,-19,19
15035,95,106,-11,11
15036,48,61,-13,13
15037,71,66,5,5
15038,164,162,2,2
15039,80,78,2,2
15040,96,92,4,4
15041,133,120,13,13
15042,121,132,-11,11
15043,122,121,1,1
15044,99,95,4,4
15045,96,91,5,5
15046,41,61,-20,20
15047,157,136,21,21
15048,104,93,11,11
15049,65,69,-4,4
15050,103,109,-6,6
15051,118,111,7,7
15052,99,98,1,1
15053,126,112,14,14
15054,106,103,3,3
15055,55,62,-7,7
15056,75,70,5,5
15057,69,76,-7,7
15058,107,109,-2,2
15059,122,124,-2,2
15060,63,66,-3,3
15061,107,105,2,2
15062,96,116,-20,20
15063,62,76,-14,14
15064,72,70,2,2
15065,152,136,16,16
15066,65,67,-2,2
15067,78,79,-1,1
15068,115,115,0,0
15069,113,101,12,12
15070,113,101,12,12
15071,105,102,3,3
15072,116,114,2,2
15073,158,147,11,11
15074,57,61,-4,4
15075,141,138,3,3
15076,82,83,-1,1
15077,106,109,-3,3
15078,96,89,7,7
15079,104,103,1,1
15080,98,93,5,5
15081,83,97,-14,14
15082,138,125,13,13
15083,148,136,12,12
15084,71,90,-19,19
15085,90,106,-16,16
15086,134,118,16,16
15087,129,131,-2,2
15088,127,125,2,2
15089,77,76,1,1
15090,69,74,-5,5
15091,102,101,1,1
15092,69,71,-2,2
15093,65,64,1,1
15094,102,111,-9,9
15095,56,68,-12,12
15096,123,113,10,10
15097,73,66,7,7
15098,61,70,-9,9
15099,102,115,-13,13
15100,98,100,-2,2
15101,80,78,2,2
15102,85,91,-6,6
15103,61,65,-4,4
15104,127,122,5,5
15105,68,65,3,3
15106,127,130,-3,3
15107,71,69,2,2
15108,71,60,11,11
15109,149,136,13,13
15110,91,89,2,2
15111,98,102,-4,4
15112,51,62,-11,11
15113,90,90,0,0
15114,105,115,-10,10
15115,84,84,0,0
15116,98,96,2,2
15117,188,190,-2,2
15118,57,58,-1,1
15119,135,111,24,24
15120,107,101,6,6
15121,166,153,13,13
15122,102,99,3,3
15123,162,149,13,13
15124,74,68,6,6
15125,81,87,-6,6
15126,58,60,-2,2
15127,93,77,16,16
15128,67,67,0,0
15129,136,139,-3,3
15130,122,122,0,0
15131,114,118,-4,4
15132,66,61,5,5
15133,121,109,12,12
15134,82,92,-10,10
15135,110,104,6,6
15136,63,66,-3,3
15137,108,106,2,2
15138,77,75,2,2
15139,86,85,1,1
15140,74,65,9,9
15141,101,116,-15,15
15142,114,119,-5,5
15143,105,100,5,5
15144,106,104,2,2
15145,83,79,4,4
15146,169,160,9,9
15147,71,70,1,1
15148,87,95,-8,8
15149,67,71,-4,4
15150,86,112,-26,26
15151,244,224,20,20
15152,96,88,8,8
15153,136,130,6,6
15154,64,63,1,1
15155,131,137,-6,6
15156,142,149,-7,7
15157,63,76,-13,13
15158,56,63,-7,7
15159,65,65,0,0
15160,116,110,6,6
15161,57,59,-2,2
15162,109,115,-6,6
15163,114,121,-7,7
15164,68,64,4,4
15165,114,112,2,2
15166,64,83,-19,19
15167,112,124,-12,12
15168,47,61,-14,14
15169,66,65,1,1
15170,81,91,-10,10
15171,127,124,3,3
15172,109,110,-1,1
15173,72,66,6,6
15174,94,97,-3,3
15175,46,62,-16,16
15176,113,118,-5,5
15177,70,71,-1,1
15178,80,87,-7,7
15179,64,67,-3,3
15180,113,106,7,7
15181,56,63,-7,7
15182,112,108,4,4
15183,50,60,-10,10
15184,101,96,5,5
15185,173,159,14,14
15186,57,62,-5,5
15187,104,100,4,4
15188,90,89,1,1
15189,76,71,5,5
15190,94,94,0,0
15191,105,129,-24,24
15192,121,120,1,1
15193,126,132,-6,6
15194,127,111,16,16
15195,116,115,1,1
15196,88,87,1,1
15197,62,77,-15,15
15198,190,180,10,10
15199,91,121,-30,30
15200,68,74,-6,6
15201,102,95,7,7
15202,150,121,29,29
15203,85,93,-8,8
15204,45,62,-17,17
15205,106,110,-4,4
15206,64,62,2,2
15207,152,146,6,6
15208,124,123,1,1
15209,77,85,-8,8
15210,80,92,-12,12
15211,68,62,6,6
15212,131,128,3,3
15213,141,126,15,15
15214,138,121,17,17
15215,139,156,-17,17
15216,54,61,-7,7
15217,81,84,-3,3
15218,131,135,-4,4
15219,105,104,1,1
15220,88,81,7,7
15221,97,98,-1,1
15222,132,128,4,4
15223,80,86,-6,6
15224,83,91,-8,8
15225,56,61,-5,5
15226,68,81,-13,13
15227,88,89,-1,1
15228,101,106,-5,5
15229,123,114,9,9
15230,123,126,-3,3
15231,56,75,-19,19
15232,139,136,3,3
15233,102,104,-2,2
15234,53,61,-8,8
15235,145,138,7,7
15236,94,99,-5,5
15237,126,119,7,7
15238,92,86,6,6
15239,82,81,1,1
15240,74,85,-11,11
15241,165,132,33,33
15242,99,103,-4,4
15243,139,143,-4,4
15244,84,71,13,13
15245,85,84,1,1
15246,63,63,0,0
15247,174,146,28,28
15248,127,112,15,15
15249,93,104,-11,11
15250,106,103,3,3
15251,108,136,-28,28
15252,93,94,-1,1
15253,98,85,13,13
15254,91,95,-4,4
15255,68,67,1,1
15256,98,98,0,0
15257,264,279,-15,15
15258,105,94,11,11
15259,71,77,-6,6
15260,57,62,-5,5
15261,99,99,0,0
15262,87,85,2,2
15263,109,107,2,2
15264,132,128,4,4
15265,66,74,-8,8
15266,99,103,-4,4
15267,70,66,4,4
15268,111,105,6,6
15269,124,115,9,9
15270,53,62,-9,9
15271,113,102,11,11
15272,69,61,8,8
15273,69,76,-7,7
15274,80,79,1,1
15275,87,91,-4,4
15276,117,108,9,9
15277,105,96,9,9
15278,64,61,3,3
15279,41,63,-22,22
15280,60,62,-2,2
15281,93,97,-4,4
15282,74,67,7,7
15283,100,98,2,2
15284,75,70,5,5
15285,117,104,13,13
15286,129,127,2,2
15287,145,138,7,7
15288,102,104,-2,2
15289,147,142,5,5
15290,55,63,-8,8
15291,91,88,3,3
15292,46,60,-14,14
15293,211,172,39,39
15294,125,133,-8,8
15295,76,77,-1,1
15296,84,86,-2,2
15297,104,105,-1,1
15298,62,67,-5,5
15299,77,84,-7,7
15300,100,96,4,4
15301,83,90,-7,7
15302,90,94,-4,4
15303,181,156,25,25
15304,132,139,-7,7
15305,88,88,0,0
15306,85,91,-6,6
15307,69,71,-2,2
15308,59,62,-3,3
15309,42,60,-18,18
15310,138,127,11,11
15311,75,70,5,5
15312,116,125,-9,9
15313,76,93,-17,17
15314,85,84,1,1
15315,60,63,-3,3
15316,101,102,-1,1
15317,117,124,-7,7
15318,73,85,-12,12
15319,65,90,-25,25
15320,136,134,2,2
15321,40,62,-22,22
15322,61,64,-3,3
15323,138,130,8,8
15324,55,59,-4,4
15325,87,80,7,7
15326,60,61,-1,1
15327,42,60,-18,18
15328,184,181,3,3
15329,136,133,3,3
15330,46,77,-31,31
15331,157,122,35,35
15332,99,103,-4,4
15333,64,62,2,2
15334,95,97,-2,2
15335,138,130,8,8
15336,63,66,-3,3
15337,72,64,8,8
15338,52,61,-9,9
15339,90,86,4,4
15340,78,89,-11,11
15341,97,103,-6,6
15342,118,113,5,5
15343,89,94,-5,5
15344,55,63,-8,8
15345,109,103,6,6
15346,64,69,-5,5
15347,103,97,6,6
15348,96,96,0,0
15349,101,98,3,3
15350,130,121,9,9
15351,67,79,-12,12
15352,65,68,-3,3
15353,80,81,-1,1
15354,90,91,-1,1
15355,86,79,7,7
15356,62,61,1,1
15357,162,148,14,14
15358,107,111,-4,4
15359,42,63,-21,21
15360,104,104,0,0
15361,125,118,7,7
15362,93,97,-4,4
15363,163,172,-9,9
15364,42,61,-19,19
15365,127,120,7,7
15366,94,101,-7,7
15367,88,91,-3,3
15368,147,139,8,8
15369,155,142,13,13
15370,107,100,7,7
15371,65,65,0,0
15372,94,106,-12,12
15373,77,88,-11,11
15374,128,125,3,3
15375,70,72,-2,2
15376,51,62,-11,11
15377,101,105,-4,4
15378,108,96,12,12
15379,169,150,19,19
15380,56,62,-6,6
15381,114,114,0,0
15382,129,135,-6,6
15383,98,97,1,1
15384,62,76,-14,14
15385,52,62,-10,10
15386,125,113,12,12
15387,123,113,10,10
15388,107,104,3,3
15389,100,105,-5,5
15390,153,162,-9,9
15391,81,93,-12,12
15392,82,86,-4,4
15393,97,101,-4,4
15394,28,63,-35,35
15395,123,125,-2,2
15396,66,83,-17,17
15397,91,94,-3,3
15398,95,96,-1,1
15399,66,72,-6,6
15400,105,106,-1,1
15401,64,63,1,1
15402,106,105,1,1
15403,136,127,9,9
15404,87,92,-5,5
15405,71,65,6,6
15406,116,118,-2,2
15407,88,97,-9,9
15408,53,63,-10,10
15409,126,112,14,14
15410,144,128,16,16
15411,74,82,-8,8
15412,63,64,-1,1
15413,72,74,-2,2
15414,73,65,8,8
15415,76,78,-2,2
15416,88,88,0,0
15417,78,80,-2,2
15418,103,101,2,2
15419,76,68,8,8
15420,41,80,-39,39
15421,231,204,27,27
15422,134,136,-2,2
15423,126,108,18,18
15424,138,126,12,12
15425,103,111,-8,8
15426,90,96,-6,6
15427,73,71,2,2
15428,63,73,-10,10
15429,81,92,-11,11
15430,120,105,15,15
15431,92,99,-7,7
15432,100,101,-1,1
15433,51,60,-9,9
15434,116,115,1,1
15435,97,98,-1,1
15436,87,72,15,15
15437,138,124,14,14
15438,52,63,-11,11
15439,36,61,-25,25
15440,167,162,5,5
15441,80,95,-15,15
15442,117,113,4,4
15443,91,82,9,9
15444,163,150,13,13
15445,112,121,-9,9
15446,75,81,-6,6
15447,119,110,9,9
15448,61,63,-2,2
15449,71,67,4,4
15450,117,117,0,0
15451,115,127,-12,12
15452,99,102,-3,3
15453,125,121,4,4
15454,100,103,-3,3
15455,153,138,15,15
15456,146,143,3,3
15457,157,139,18,18
15458,104,107,-3,3
15459,130,119,11,11
15460,137,140,-3,3
15461,105,112,-7,7
15462,101,94,7,7
15463,110,111,-1,1
15464,97,93,4,4
15465,87,84,3,3
15466,107,106,1,1
15467,87,92,-5,5
15468,90,82,8,8
15469,90,91,-1,1
15470,118,115,3,3
15471,57,63,-6,6
15472,108,111,-3,3
15473,51,61,-10,10
15474,56,98,-42,42
15475,53,68,-15,15
15476,55,63,-8,8
15477,68,81,-13,13
15478,61,67,-6,6
15479,142,146,-4,4
15480,83,91,-8,8
15481,56,63,-7,7
15482,60,69,-9,9
15483,59,64,-5,5
15484,119,120,-1,1
15485,60,67,-7,7
15486,60,63,-3,3
15487,106,107,-1,1
15488,78,83,-5,5
15489,83,82,1,1
15490,63,66,-3,3
15491,147,164,-17,17
15492,182,170,12,12
15493,129,124,5,5
15494,97,103,-6,6
15495,115,113,2,2
15496,105,112,-7,7
15497,102,108,-6,6
15498,127,127,0,0
15499,157,146,11,11
15500,84,85,-1,1
15501,152,131,21,21
15502,74,81,-7,7
15503,79,79,0,0
15504,123,124,-1,1
15505,135,139,-4,4
15506,82,82,0,0
15507,111,109,2,2
15508,62,91,-29,29
15509,59,64,-5,5
15510,77,90,-13,13
15511,63,69,-6,6
15512,81,84,-3,3
15513,56,60,-4,4
15514,69,76,-7,7
15515,65,70,-5,5
15516,82,84,-2,2
15517,91,94,-3,3
15518,190,155,35,35
15519,185,166,19,19
15520,131,118,13,13
15521,65,65,0,0
15522,158,143,15,15
15523,144,149,-5,5
15524,73,83,-10,10
15525,80,98,-18,18
15526,152,141,11,11
15527,62,69,-7,7
15528,64,70,-6,6
15529,65,68,-3,3
15530,146,135,11,11
15531,124,118,6,6
15532,108,100,8,8
15533,131,124,7,7
15534,107,111,-4,4
15535,104,102,2,2
15536,78,72,6,6
15537,115,119,-4,4
15538,159,147,12,12
15539,103,112,-9,9
15540,101,105,-4,4
15541,63,58,5,5
15542,160,150,10,10
15543,61,68,-7,7
15544,60,59,1,1
15545,130,134,-4,4
15546,96,101,-5,5
15547,84,91,-7,7
15548,93,97,-4,4
15549,110,109,1,1
15550,66,64,2,2
15551,77,70,7,7
15552,103,104,-1,1
15553,78,84,-6,6
15554,147,139,8,8
15555,87,97,-10,10
15556,84,77,7,7
15557,83,78,5,5
15558,69,64,5,5
15559,180,177,3,3
15560,140,133,7,7
15561,57,61,-4,4
15562,120,113,7,7
15563,62,63,-1,1
15564,79,77,2,2
15565,127,123,4,4
15566,64,70,-6,6
15567,81,69,12,12
15568,100,99,1,1
15569,118,117,1,1
15570,85,78,7,7
15571,77,91,-14,14
15572,104,100,4,4
15573,72,66,6,6
15574,101,99,2,2
15575,95,101,-6,6
15576,98,97,1,1
15577,62,62,0,0
15578,98,94,4,4
15579,113,122,-9,9
15580,62,62,0,0
15581,52,62,-10,10
15582,112,108,4,4
15583,80,84,-4,4
15584,106,116,-10,10
15585,63,67,-4,4
15586,49,63,-14,14
15587,72,75,-3,3
15588,117,101,16,16
15589,116,108,8,8
15590,94,92,2,2
15591,95,98,-3,3
15592,83,97,-14,14
15593,119,117,2,2
15594,106,109,-3,3
15595,92,84,8,8
15596,70,76,-6,6
15597,133,124,9,9
15598,64,63,1,1
15599,169,153,16,16
15600,93,92,1,1
15601,102,105,-3,3
15602,87,83,4,4
15603,71,73,-2,2
15604,62,66,-4,4
15605,59,62,-3,3
15606,85,87,-2,2
15607,72,73,-1,1
15608,50,61,-11,11
15609,92,93,-1,1
15610,127,119,8,8
15611,57,61,-4,4
15612,107,104,3,3
15613,65,58,7,7
15614,82,89,-7,7
15615,81,92,-11,11
15616,98,98,0,0
15617,82,76,6,6
15618,110,127,-17,17
15619,166,154,12,12
15620,107,105,2,2
15621,50,62,-12,12
15622,148,129,19,19
15623,70,68,2,2
15624,100,94,6,6
15625,108,112,-4,4
15626,113,114,-1,1
15627,53,62,-9,9
15628,126,122,4,4
15629,72,70,2,2
15630,197,175,22,22
15631,47,61,-14,14
15632,89,88,1,1
15633,143,126,17,17
15634,119,118,1,1
15635,76,82,-6,6
15636,73,81,-8,8
15637,68,75,-7,7
15638,111,106,5,5
15639,121,108,13,13
15640,92,101,-9,9
15641,113,108,5,5
15642,98,105,-7,7
15643,152,151,1,1
15644,80,88,-8,8
15645,82,77,5,5
15646,128,121,7,7
15647,49,61,-12,12
15648,128,126,2,2
15649,63,63,0,0
15650,52,61,-9,9
15651,89,91,-2,2
15652,68,58,10,10
15653,109,105,4,4
15654,83,86,-3,3
15655,97,99,-2,2
15656,73,75,-2,2
15657,75,70,5,5
15658,127,116,11,11
15659,52,76,-24,24
15660,69,61,8,8
15661,152,144,8,8
15662,87,90,-3,3
15663,130,114,16,16
15664,72,86,-14,14
15665,114,116,-2,2
15666,75,75,0,0
15667,136,124,12,12
15668,77,78,-1,1
15669,88,87,1,1
15670,64,70,-6,6
15671,90,80,10,10
15672,174,168,6,6
15673,57,64,-7,7
15674,56,63,-7,7
15675,78,75,3,3
15676,81,75,6,6
15677,67,64,3,3
15678,123,110,13,13
15679,146,136,10,10
15680,123,120,3,3
15681,98,104,-6,6
15682,61,94,-33,33
15683,109,110,-1,1
15684,76,88,-12,12
15685,121,120,1,1
15686,81,83,-2,2
15687,38,60,-22,22
15688,70,72,-2,2
15689,83,76,7,7
15690,100,101,-1,1
15691,79,93,-14,14
15692,98,103,-5,5
15693,79,73,6,6
15694,196,172,24,24
15695,137,131,6,6
15696,67,70,-3,3
15697,87,95,-8,8
15698,79,83,-4,4
15699,84,84,0,0
15700,104,114,-10,10
15701,105,113,-8,8
15702,113,104,9,9
15703,54,64,-10,10
15704,77,75,2,2
15705,124,122,2,2
15706,103,101,2,2
15707,175,151,24,24
15708,67,61,6,6
15709,86,91,-5,5
15710,65,70,-5,5
15711,74,70,4,4
15712,85,57,28,28
15713,77,73,4,4
15714,94,95,-1,1
15715,163,139,24,24
15716,107,108,-1,1
15717,126,120,6,6
15718,97,95,2,2
15719,80,78,2,2
15720,150,148,2,2
15721,67,77,-10,10
15722,120,106,14,14
15723,86,98,-12,12
15724,80,78,2,2
15725,79,74,5,5
15726,98,96,2,2
15727,100,105,-5,5
15728,105,106,-1,1
15729,140,153,-13,13
15730,110,102,8,8
15731,101,94,7,7
15732,50,60,-10,10
15733,132,125,7,7
15734,160,153,7,7
15735,119,107,12,12
15736,94,92,2,2
15737,83,80,3,3
15738,92,92,0,0
15739,76,64,12,12
15740,103,104,-1,1
15741,93,98,-5,5
15742,67,81,-14,14
15743,104,115,-11,11
15744,123,117,6,6
15745,90,82,8,8
15746,75,79,-4,4
15747,120,117,3,3
15748,66,61,5,5
15749,106,108,-2,2
15750,120,114,6,6
15751,98,83,15,15
15752,105,109,-4,4
15753,97,100,-3,3
15754,101,97,4,4
15755,80,85,-5,5
15756,87,89,-2,2
15757,68,63,5,5
15758,160,144,16,16
15759,77,83,-6,6
15760,65,68,-3,3
15761,90,95,-5,5
15762,34,60,-26,26
15763,90,100,-10,10
15764,83,72,11,11
15765,47,62,-15,15
15766,47,68,-21,21
15767,106,113,-7,7
15768,63,67,-4,4
15769,96,100,-4,4
15770,108,119,-11,11
15771,85,92,-7,7
15772,157,140,17,17
15773,90,72,18,18
15774,116,116,0,0
15775,132,125,7,7
15776,123,114,9,9
15777,118,113,5,5
15778,45,62,-17,17
15779,60,60,0,0
15780,179,154,25,25
15781,111,110,1,1
15782,118,117,1,1
15783,87,97,-10,10
15784,51,61,-10,10
15785,37,60,-23,23
15786,91,93,-2,2
15787,69,69,0,0
15788,130,113,17,17
15789,102,109,-7,7
15790,93,101,-8,8
15791,129,123,6,6
15792,54,61,-7,7
15793,70,69,1,1
15794,125,113,12,12
15795,59,63,-4,4
15796,46,62,-16,16
15797,64,69,-5,5
15798,113,101,12,12
15799,110,97,13,13
15800,46,61,-15,15
15801,134,135,-1,1
15802,71,84,-13,13
15803,143,138,5,5
15804,63,64,-1,1
15805,120,121,-1,1
15806,86,77,9,9
15807,74,84,-10,10
15808,118,121,-3,3
15809,61,68,-7,7
15810,65,63,2,2
15811,136,124,12,12
15812,85,93,-8,8
15813,105,94,11,11
15814,146,134,12,12
15815,98,105,-7,7
15816,30,63,-33,33
15817,76,78,-2,2
15818,148,133,15,15
15819,126,128,-2,2
15820,121,114,7,7
15821,173,137,36,36
15822,68,87,-19,19
15823,100,105,-5,5
15824,109,111,-2,2
15825,73,79,-6,6
15826,97,98,-1,1
15827,92,91,1,1
15828,97,96,1,1
15829,88,99,-11,11
15830,159,138,21,21
15831,104,105,-1,1
15832,65,65,0,0
15833,84,82,2,2
15834,82,84,-2,2
15835,100,108,-8,8
15836,105,106,-1,1
15837,70,78,-8,8
15838,77,70,7,7
15839,111,109,2,2
15840,96,91,5,5
15841,98,106,-8,8
15842,89,93,-4,4
15843,62,70,-8,8
15844,144,130,14,14
15845,134,127,7,7
15846,96,100,-4,4
15847,64,76,-12,12
15848,74,73,1,1
15849,113,107,6,6
15850,125,138,-13,13
15851,122,112,10,10
15852,66,73,-7,7
15853,46,63,-17,17
15854,115,116,-1,1
15855,59,88,-29,29
15856,76,73,3,3
15857,97,96,1,1
15858,125,123,2,2
15859,138,111,27,27
15860,24,62,-38,38
15861,34,62,-28,28
15862,77,75,2,2
15863,112,119,-7,7
15864,123,118,5,5
15865,88,92,-4,4
15866,130,121,9,9
15867,108,106,2,2
15868,52,62,-10,10
15869,112,115,-3,3
15870,41,62,-21,21
15871,68,81,-13,13
15872,111,108,3,3
15873,97,104,-7,7
15874,73,71,2,2
15875,75,74,1,1
15876,79,95,-16,16
15877,62,83,-21,21
15878,75,95,-20,20
15879,128,124,4,4
15880,113,112,1,1
15881,49,62,-13,13
15882,65,60,5,5
15883,64,64,0,0
15884,97,119,-22,22
15885,117,112,5,5
15886,62,61,1,1
15887,75,96,-21,21
15888,80,88,-8,8
15889,63,67,-4,4
15890,50,62,-12,12
15891,112,112,0,0
15892,129,123,6,6
15893,78,73,5,5
15894,102,102,0,0
15895,101,96,5,5
15896,67,69,-2,2
15897,49,62,-13,13
15898,184,161,23,23
15899,81,81,0,0
15900,70,69,1,1
15901,95,91,4,4
15902,111,103,8,8
15903,141,129,12,12
15904,105,120,-15,15
15905,54,61,-7,7
15906,78,77,1,1
15907,155,135,20,20
15908,134,124,10,10
15909,88,82,6,6
15910,66,73,-7,7
15911,64,68,-4,4
15912,60,68,-8,8
15913,94,94,0,0
15914,103,94,9,9
15915,146,134,12,12
15916,74,86,-12,12
15917,73,66,7,7
15918,62,67,-5,5
15919,103,103,0,0
15920,126,118,8,8
15921,96,91,5,5
15922,160,140,20,20
15923,118,112,6,6
15924,128,115,13,13
15925,191,175,16,16
15926,123,113,10,10
15927,107,116,-9,9
15928,55,62,-7,7
15929,47,59,-12,12
15930,55,60,-5,5
15931,58,60,-2,2
15932,107,106,1,1
15933,76,74,2,2
15934,96,89,7,7
15935,57,62,-5,5
15936,110,116,-6,6
15937,79,75,4,4
15938,65,73,-8,8
15939,123,111,12,12
15940,61,62,-1,1
15941,65,77,-12,12
15942,113,106,7,7
15943,49,62,-13,13
15944,82,96,-14,14
15945,98,103,-5,5
15946,75,79,-4,4
15947,112,119,-7,7
15948,113,107,6,6
15949,94,97,-3,3
15950,58,59,-1,1
15951,64,76,-12,12
15952,105,111,-6,6
15953,101,101,0,0
15954,68,70,-2,2
15955,101,95,6,6
15956,52,61,-9,9
15957,70,69,1,1
15958,97,130,-33,33
15959,117,105,12,12
15960,68,67,1,1
15961,127,111,16,16
15962,69,77,-8,8
15963,90,99,-9,9
15964,40,59,-19,19
15965,114,105,9,9
15966,98,98,0,0
15967,66,67,-1,1
15968,67,89,-22,22
15969,190,181,9,9
15970,104,100,4,4
15971,74,80,-6,6
15972,69,61,8,8
15973,86,97,-11,11
15974,102,96,6,6
15975,122,113,9,9
15976,142,131,11,11
15977,103,93,10,10
15978,164,146,18,18
15979,110,121,-11,11
15980,64,67,-3,3
15981,74,68,6,6
15982,61,63,-2,2
15983,63,66,-3,3
15984,100,92,8,8
15985,107,112,-5,5
15986,102,99,3,3
15987,31,63,-32,32
15988,147,135,12,12
15989,60,64,-4,4
15990,86,86,0,0
15991,114,122,-8,8
15992,103,117,-14,14
15993,75,79,-4,4
15994,95,105,-10,10
15995,87,79,8,8
15996,99,90,9,9
15997,114,115,-1,1
15998,76,85,-9,9
15999,120,119,1,1
16000,90,91,-1,1
16001,64,60,4,4
16002,113,111,2,2
16003,66,64,2,2
16004,123,108,15,15
16005,132,118,14,14
16006,124,105,19,19
16007,56,62,-6,6
16008,125,128,-3,3
16009,101,102,-1,1
16010,89,103,-14,14
16011,57,68,-11,11
16012,98,94,4,4
16013,101,103,-2,2
16014,82,92,-10,10
16015,128,132,-4,4
16016,56,60,-4,4
16017,162,155,7,7
16018,84,96,-12,12
16019,79,75,4,4
16020,53,60,-7,7
16021,55,62,-7,7
16022,62,62,0,0
16023,73,78,-5,5
16024,42,63,-21,21
16025,127,137,-10,10
16026,52,62,-10,10
16027,121,123,-2,2
16028,75,91,-16,16
16029,89,90,-1,1
16030,64,64,0,0
16031,36,61,-25,25
16032,89,88,1,1
16033,72,65,7,7
16034,148,140,8,8
16035,106,104,2,2
16036,158,155,3,3
16037,131,122,9,9
16038,130,126,4,4
16039,77,71,6,6
16040,136,122,14,14
16041,102,104,-2,2
16042,86,90,-4,4
16043,89,89,0,0
16044,101,95,6,6
16045,99,101,-2,2
16046,100,96,4,4
16047,69,73,-4,4
16048,92,86,6,6
16049,69,76,-7,7
16050,128,121,7,7
16051,151,138,13,13
16052,39,61,-22,22
16053,44,61,-17,17
16054,74,96,-22,22
16055,82,78,4,4
16056,140,125,15,15
16057,120,111,9,9
16058,79,65,14,14
16059,89,94,-5,5
16060,158,180,-22,22
16061,105,123,-18,18
16062,113,117,-4,4
16063,58,61,-3,3
16064,95,97,-2,2
16065,82,92,-10,10
16066,140,127,13,13
16067,66,70,-4,4
16068,94,96,-2,2
16069,116,121,-5,5
16070,70,82,-12,12
16071,90,93,-3,3
16072,73,89,-16,16
16073,62,103,-41,41
16074,55,62,-7,7
16075,87,112,-25,25
16076,97,103,-6,6
16077,75,72,3,3
16078,113,109,4,4
16079,148,125,23,23
16080,144,160,-16,16
16081,64,61,3,3
16082,117,105,12,12
16083,89,91,-2,2
16084,106,103,3,3
16085,130,127,3,3
16086,91,101,-10,10
16087,52,62,-10,10
16088,54,63,-9,9
16089,117,105,12,12
16090,127,129,-2,2
16091,104,92,12,12
16092,122,115,7,7
16093,67,63,4,4
16094,73,78,-5,5
16095,84,89,-5,5
16096,63,63,0,0
16097,199,186,13,13
16098,138,149,-11,11
16099,85,83,2,2
16100,112,113,-1,1
16101,100,103,-3,3
16102,184,185,-1,1
16103,90,93,-3,3
16104,55,62,-7,7
16105,142,127,15,15
16106,124,125,-1,1
16107,83,97,-14,14
16108,79,92,-13,13
16109,52,85,-33,33
16110,92,97,-5,5
16111,71,68,3,3
16112,47,61,-14,14
16113,83,86,-3,3
16114,68,68,0,0
16115,65,70,-5,5
16116,99,95,4,4
16117,114,123,-9,9
16118,98,103,-5,5
16119,84,110,-26,26
16120,181,155,26,26
16121,51,61,-10,10
16122,95,84,11,11
16123,77,83,-6,6
16124,70,75,-5,5
16125,103,102,1,1
16126,106,100,6,6
16127,70,79,-9,9
16128,92,94,-2,2
16129,104,128,-24,24
16130,49,58,-9,9
16131,62,69,-7,7
16132,52,61,-9,9
16133,88,86,2,2
16134,84,73,11,11
16135,80,88,-8,8
16136,55,61,-6,6
16137,84,80,4,4
16138,158,139,19,19
16139,76,68,8,8
16140,58,61,-3,3
16141,94,92,2,2
16142,44,61,-17,17
16143,96,95,1,1
16144,134,124,10,10
16145,124,117,7,7
16146,137,134,3,3
16147,139,129,10,10
16148,40,62,-22,22
16149,64,64,0,0
16150,100,100,0,0
16151,90,94,-4,4
16152,88,91,-3,3
16153,80,83,-3,3
16154,67,68,-1,1
16155,96,98,-2,2
16156,74,63,11,11
16157,80,71,9,9
16158,54,63,-9,9
16159,133,126,7,7
16160,71,64,7,7
16161,151,135,16,16
16162,150,141,9,9
16163,107,110,-3,3
16164,104,105,-1,1
16165,96,97,-1,1
16166,164,163,1,1
16167,61,76,-15,15
16168,95,97,-2,2
16169,120,114,6,6
16170,107,110,-3,3
16171,116,108,8,8
16172,89,90,-1,1
16173,42,62,-20,20
16174,74,75,-1,1
16175,100,110,-10,10
16176,66,61,5,5
16177,105,107,-2,2
16178,108,95,13,13
16179,144,139,5,5
16180,118,120,-2,2
16181,82,79,3,3
16182,164,143,21,21
16183,125,126,-1,1
16184,68,85,-17,17
16185,102,103,-1,1
16186,109,116,-7,7
16187,111,98,13,13
16188,115,105,10,10
16189,58,62,-4,4
16190,109,103,6,6
16191,90,102,-12,12
16192,99,98,1,1
16193,124,132,-8,8
16194,147,122,25,25
16195,67,64,3,3
16196,89,95,-6,6
16197,77,70,7,7
16198,106,131,-25,25
16199,78,80,-2,2
16200,58,69,-11,11
16201,119,110,9,9
16202,74,80,-6,6
16203,80,84,-4,4
16204,143,132,11,11
16205,160,138,22,22
16206,117,111,6,6
16207,79,73,6,6
16208,103,105,-2,2
16209,88,75,13,13
16210,74,78,-4,4
16211,96,102,-6,6
16212,94,121,-27,27
16213,66,64,2,2
16214,43,62,-19,19
16215,137,127,10,10
16216,89,89,0,0
16217,95,103,-8,8
16218,172,166,6,6
16219,37,61,-24,24
16220,75,85,-10,10
16221,112,109,3,3
16222,98,103,-5,5
16223,137,128,9,9
16224,122,112,10,10
16225,55,62,-7,7
16226,65,60,5,5
16227,105,110,-5,5
16228,67,68,-1,1
16229,115,103,12,12
16230,35,61,-26,26
16231,95,98,-3,3
16232,62,61,1,1
16233,60,61,-1,1
16234,142,125,17,17
16235,74,92,-18,18
16236,100,98,2,2
16237,179,158,21,21
16238,173,151,22,22
16239,161,154,7,7
16240,76,80,-4,4
16241,79,93,-14,14
16242,116,120,-4,4
16243,58,61,-3,3
16244,83,86,-3,3
16245,48,61,-13,13
16246,74,68,6,6
16247,57,67,-10,10
16248,84,85,-1,1
16249,114,105,9,9
16250,72,62,10,10
16251,96,101,-5,5
16252,113,139,-26,26
16253,105,102,3,3
16254,149,128,21,21
16255,62,63,-1,1
16256,72,63,9,9
16257,77,74,3,3
16258,152,138,14,14
16259,94,92,2,2
16260,115,110,5,5
16261,56,62,-6,6
16262,65,67,-2,2
16263,111,104,7,7
16264,73,79,-6,6
16265,75,71,4,4
16266,90,109,-19,19
16267,121,125,-4,4
16268,111,105,6,6
16269,179,158,21,21
16270,136,134,2,2
16271,111,134,-23,23
16272,35,70,-35,35
16273,90,99,-9,9
16274,58,60,-2,2
16275,172,152,20,20
16276,77,75,2,2
16277,81,74,7,7
16278,31,62,-31,31
16279,87,97,-10,10
16280,63,79,-16,16
16281,114,106,8,8
16282,96,99,-3,3
16283,83,86,-3,3
16284,117,121,-4,4
16285,121,104,17,17
16286,89,93,-4,4
16287,106,109,-3,3
16288,108,103,5,5
16289,121,119,2,2
16290,160,143,17,17
16291,110,107,3,3
16292,87,78,9,9
16293,107,106,1,1
16294,117,121,-4,4
16295,74,76,-2,2
16296,96,97,-1,1
16297,133,124,9,9
16298,81,95,-14,14
16299,81,87,-6,6
16300,76,79,-3,3
16301,57,64,-7,7
16302,131,132,-1,1
16303,91,85,6,6
16304,39,59,-20,20
16305,119,110,9,9
16306,138,126,12,12
16307,105,110,-5,5
16308,77,91,-14,14
16309,132,129,3,3
16310,58,61,-3,3
16311,42,62,-20,20
16312,67,64,3,3
16313,54,61,-7,7
16314,74,70,4,4
16315,95,97,-2,2
16316,73,69,4,4
16317,75,99,-24,24
16318,58,65,-7,7
16319,112,105,7,7
16320,114,108,6,6
16321,118,118,0,0
16322,63,66,-3,3
16323,59,69,-10,10
16324,56,63,-7,7
16325,66,64,2,2
16326,64,67,-3,3
16327,100,95,5,5
16328,97,102,-5,5
16329,155,139,16,16
16330,93,92,1,1
16331,123,119,4,4
16332,89,91,-2,2
16333,76,85,-9,9
16334,178,169,9,9
16335,67,61,6,6
16336,112,104,8,8
16337,105,107,-2,2
16338,95,92,3,3
16339,81,85,-4,4
16340,67,78,-11,11
16341,79,80,-1,1
16342,117,120,-3,3
16343,72,83,-11,11
16344,103,107,-4,4
16345,109,106,3,3
16346,59,61,-2,2
16347,101,100,1,1
16348,112,111,1,1
16349,158,142,16,16
16350,119,116,3,3
16351,92,91,1,1
16352,38,62,-24,24
16353,66,71,-5,5
16354,69,114,-45,45
16355,51,61,-10,10
16356,200,164,36,36
16357,93,95,-2,2
16358,97,98,-1,1
16359,171,139,32,32
16360,65,78,-13,13
16361,102,98,4,4
16362,72,68,4,4
16363,55,61,-6,6
16364,118,101,17,17
16365,86,82,4,4
16366,135,122,13,13
16367,78,81,-3,3
16368,115,117,-2,2
16369,140,138,2,2
16370,61,65,-4,4
16371,48,61,-13,13
16372,78,76,2,2
16373,195,183,12,12
16374,48,61,-13,13
16375,71,70,1,1
16376,126,120,6,6
16377,207,179,28,28
16378,111,100,11,11
16379,75,85,-10,10
16380,106,103,3,3
16381,84,81,3,3
16382,140,132,8,8
16383,77,98,-21,21
16384,88,92,-4,4
16385,63,63,0,0
16386,146,133,13,13
16387,43,62,-19,19
16388,87,91,-4,4
16389,63,61,2,2
16390,92,103,-11,11
16391,64,69,-5,5
16392,107,99,8,8
16393,114,109,5,5
16394,76,66,10,10
16395,108,115,-7,7
16396,61,62,-1,1
16397,157,146,11,11
16398,161,142,19,19
16399,81,79,2,2
16400,42,62,-20,20
16401,120,105,15,15
16402,118,105,13,13
16403,99,106,-7,7
16404,78,77,1,1
16405,39,62,-23,23
16406,62,63,-1,1
16407,93,86,7,7
16408,51,61,-10,10
16409,63,90,-27,27
16410,131,135,-4,4
16411,117,105,12,12
16412,96,89,7,7
16413,158,149,9,9
16414,88,93,-5,5
16415,77,90,-13,13
16416,84,85,-1,1
16417,123,120,3,3
16418,84,81,3,3
16419,122,120,2,2
16420,88,94,-6,6
16421,73,66,7,7
16422,198,183,15,15
16423,87,76,11,11
16424,76,91,-15,15
16425,85,88,-3,3
16426,86,98,-12,12
16427,161,166,-5,5
16428,132,108,24,24
16429,65,60,5,5
16430,65,60,5,5
16431,155,143,12,12
16432,94,102,-8,8
16433,91,91,0,0
16434,94,106,-12,12
16435,132,123,9,9
16436,74,77,-3,3
16437,134,127,7,7
16438,186,171,15,15
16439,117,112,5,5
16440,128,123,5,5
16441,49,61,-12,12
16442,52,62,-10,10
16443,54,61,-7,7
16444,49,61,-12,12
16445,61,65,-4,4
16446,87,91,-4,4
16447,121,124,-3,3
16448,110,109,1,1
16449,29,60,-31,31
16450,75,75,0,0
16451,119,124,-5,5
16452,100,94,6,6
16453,73,102,-29,29
16454,71,76,-5,5
16455,61,97,-36,36
16456,91,106,-15,15
16457,68,78,-10,10
16458,79,81,-2,2
16459,141,144,-3,3
16460,89,94,-5,5
16461,132,124,8,8
16462,110,107,3,3
16463,70,70,0,0
16464,49,62,-13,13
16465,99,103,-4,4
16466,60,61,-1,1
16467,94,99,-5,5
16468,89,90,-1,1
16469,149,140,9,9
16470,78,69,9,9
16471,133,137,-4,4
16472,134,137,-3,3
16473,65,70,-5,5
16474,117,105,12,12
16475,96,94,2,2
16476,130,114,16,16
16477,138,130,8,8
16478,85,91,-6,6
16479,128,129,-1,1
16480,84,80,4,4
16481,127,114,13,13
16482,67,69,-2,2
16483,149,153,-4,4
16484,77,76,1,1
16485,91,94,-3,3
16486,137,123,14,14
16487,142,132,10,10
16488,68,72,-4,4
16489,129,124,5,5
16490,120,109,11,11
16491,38,62,-24,24
16492,109,108,1,1
16493,101,96,5,5
16494,66,104,-38,38
16495,61,70,-9,9
16496,107,107,0,0
16497,112,100,12,12
16498,114,129,-15,15
16499,96,100,-4,4
16500,136,126,10,10
16501,60,64,-4,4
16502,108,100,8,8
16503,109,110,-1,1
16504,98,96,2,2
16505,53,70,-17,17
16506,68,60,8,8
16507,114,108,6,6
16508,181,177,4,4
16509,121,112,9,9
16510,67,64,3,3
16511,78,71,7,7
16512,74,72,2,2
16513,47,61,-14,14
16514,113,120,-7,7
16515,41,62,-21,21
16516,57,59,-2,2
16517,68,62,6,6
16518,88,95,-7,7
16519,76,101,-25,25
16520,96,98,-2,2
16521,45,63,-18,18
16522,119,114,5,5
16523,104,112,-8,8
16524,111,105,6,6
16525,62,61,1,1
16526,94,96,-2,2
16527,86,80,6,6
16528,78,92,-14,14
16529,132,128,4,4
16530,105,107,-2,2
16531,141,121,20,20
16532,59,62,-3,3
16533,205,164,41,41
16534,91,94,-3,3
16535,87,105,-18,18
16536,87,91,-4,4
16537,102,92,10,10
16538,94,88,6,6
16539,77,77,0,0
16540,61,61,0,0
16541,152,136,16,16
16542,85,90,-5,5
16543,120,111,9,9
16544,83,94,-11,11
16545,135,128,7,7
16546,52,62,-10,10
16547,79,71,8,8
16548,50,62,-12,12
16549,152,136,16,16
16550,80,71,9,9
16551,83,92,-9,9
16552,163,154,9,9
16553,75,91,-16,16
16554,72,74,-2,2
16555,93,91,2,2
16556,118,111,7,7
16557,84,91,-7,7
16558,72,69,3,3
16559,75,78,-3,3
16560,79,81,-2,2
16561,84,96,-12,12
16562,88,93,-5,5
16563,99,98,1,1
16564,59,63,-4,4
16565,112,109,3,3
16566,128,113,15,15
16567,115,120,-5,5
16568,101,112,-11,11
16569,60,62,-2,2
16570,80,91,-11,11
16571,134,131,3,3
16572,72,77,-5,5
16573,160,140,20,20
16574,123,118,5,5
16575,111,106,5,5
16576,61,66,-5,5
16577,68,69,-1,1
16578,131,134,-3,3
16579,135,119,16,16
16580,217,213,4,4
16581,56,59,-3,3
16582,86,94,-8,8
16583,104,112,-8,8
16584,87,99,-12,12
16585,76,75,1,1
16586,137,128,9,9
16587,86,91,-5,5
16588,53,62,-9,9
16589,82,90,-8,8
16590,52,61,-9,9
16591,85,88,-3,3
16592,110,103,7,7
16593,58,60,-2,2
16594,103,107,-4,4
16595,40,62,-22,22
16596,70,68,2,2
16597,50,61,-11,11
16598,69,70,-1,1
16599,108,113,-5,5
16600,82,74,8,8
16601,138,129,9,9
16602,103,104,-1,1
16603,119,109,10,10
16604,111,101,10,10
16605,154,138,16,16
16606,131,123,8,8
16607,67,67,0,0
16608,76,70,6,6
16609,104,104,0,0
16610,134,117,17,17
16611,41,60,-19,19
16612,54,60,-6,6
16613,116,111,5,5
16614,58,60,-2,2
16615,74,89,-15,15
16616,101,104,-3,3
16617,62,61,1,1
16618,141,134,7,7
16619,93,92,1,1
16620,98,98,0,0
16621,88,103,-15,15
16622,33,60,-27,27
16623,115,130,-15,15
16624,86,95,-9,9
16625,156,141,15,15
16626,66,65,1,1
16627,93,90,3,3
16628,61,62,-1,1
16629,128,121,7,7
16630,161,136,25,25
16631,51,62,-11,11
16632,59,64,-5,5
16633,97,97,0,0
16634,157,140,17,17
16635,91,102,-11,11
16636,67,63,4,4
16637,90,97,-7,7
16638,82,80,2,2
16639,104,99,5,5
16640,96,97,-1,1
16641,122,123,-1,1
16642,86,79,7,7
16643,126,132,-6,6
16644,87,91,-4,4
16645,77,92,-15,15
16646,117,107,10,10
16647,144,124,20,20
16648,86,76,10,10
16649,61,60,1,1
16650,79,100,-21,21
16651,96,105,-9,9
16652,89,99,-10,10
16653,89,98,-9,9
16654,110,105,5,5
16655,87,80,7,7
16656,39,62,-23,23
16657,98,99,-1,1
16658,151,144,7,7
16659,89,93,-4,4
16660,67,67,0,0
16661,71,68,3,3
16662,119,111,8,8
16663,86,90,-4,4
16664,147,135,12,12
16665,51,62,-11,11
16666,83,99,-16,16
16667,83,88,-5,5
16668,54,61,-7,7
16669,138,132,6,6
16670,64,66,-2,2
16671,80,81,-1,1
16672,58,66,-8,8
16673,92,92,0,0
16674,56,70,-14,14
16675,114,121,-7,7
16676,58,61,-3,3
16677,51,62,-11,11
16678,111,108,3,3
16679,66,76,-10,10
16680,64,68,-4,4
16681,99,108,-9,9
16682,73,67,6,6
16683,110,99,11,11
16684,99,110,-11,11
16685,92,91,1,1
16686,57,61,-4,4
16687,138,127,11,11
16688,156,151,5,5
16689,113,108,5,5
16690,37,62,-25,25
16691,119,112,7,7
16692,109,109,0,0
16693,137,128,9,9
16694,187,145,42,42
16695,77,87,-10,10
16696,78,69,9,9
16697,89,95,-6,6
16698,144,139,5,5
16699,111,110,1,1
16700,46,61,-15,15
16701,119,116,3,3
16702,89,80,9,9
16703,85,102,-17,17
16704,155,133,22,22
16705,164,160,4,4
16706,176,160,16,16
16707,61,66,-5,5
16708,143,143,0,0
16709,66,60,6,6
16710,138,122,16,16
16711,107,106,1,1
16712,80,71,9,9
16713,95,93,2,2
16714,94,106,-12,12
16715,90,91,-1,1
16716,65,65,0,0
16717,75,75,0,0
16718,54,61,-7,7
16719,84,88,-4,4
16720,129,119,10,10
16721,142,120,22,22
16722,96,104,-8,8
16723,112,114,-2,2
16724,93,87,6,6
16725,57,61,-4,4
16726,36,62,-26,26
16727,46,62,-16,16
16728,94,98,-4,4
16729,57,64,-7,7
16730,106,112,-6,6
16731,130,128,2,2
16732,62,59,3,3
16733,89,95,-6,6
16734,137,126,11,11
16735,107,111,-4,4
16736,58,61,-3,3
16737,73,69,4,4
16738,86,93,-7,7
16739,103,103,0,0
16740,121,120,1,1
16741,66,61,5,5
16742,87,93,-6,6
16743,59,61,-2,2
16744,109,114,-5,5
16745,79,94,-15,15
16746,68,67,1,1
16747,66,67,-1,1
16748,72,76,-4,4
16749,100,98,2,2
16750,102,100,2,2
16751,55,62,-7,7
16752,98,105,-7,7
16753,107,107,0,0
16754,77,64,13,13
16755,76,81,-5,5
16756,65,67,-2,2
16757,134,116,18,18
16758,39,61,-22,22
16759,123,124,-1,1
16760,64,64,0,0
16761,105,102,3,3
16762,66,64,2,2
16763,203,186,17,17
16764,144,125,19,19
16765,75,80,-5,5
16766,106,102,4,4
16767,104,104,0,0
16768,73,82,-9,9
16769,83,72,11,11
16770,81,97,-16,16
16771,83,89,-6,6
16772,100,107,-7,7
16773,103,97,6,6
16774,76,76,0,0
16775,66,69,-3,3
16776,72,74,-2,2
16777,87,99,-12,12
16778,81,110,-29,29
16779,109,106,3,3
16780,103,96,7,7
16781,112,120,-8,8
16782,170,159,11,11
16783,89,92,-3,3
16784,73,85,-12,12
16785,59,60,-1,1
16786,135,125,10,10
16787,61,64,-3,3
16788,78,85,-7,7
16789,125,111,14,14
16790,64,74,-10,10
16791,54,61,-7,7
16792,119,113,6,6
16793,92,98,-6,6
16794,117,110,7,7
16795,88,80,8,8
16796,99,99,0,0
16797,48,62,-14,14
16798,123,123,0,0
16799,113,114,-1,1
16800,98,100,-2,2
16801,66,62,4,4
16802,82,78,4,4
16803,38,47,-9,9
16804,86,91,-5,5
16805,135,139,-4,4
16806,140,128,12,12
16807,73,68,5,5
16808,95,97,-2,2
16809,40,62,-22,22
16810,67,92,-25,25
16811,160,146,14,14
16812,121,110,11,11
16813,104,92,12,12
16814,98,97,1,1
16815,125,116,9,9
16816,119,108,11,11
16817,109,111,-2,2
16818,73,79,-6,6
16819,212,187,25,25
16820,81,77,4,4
16821,104,102,2,2
16822,44,61,-17,17
16823,82,66,16,16
16824,181,161,20,20
16825,50,61,-11,11
16826,90,104,-14,14
16827,87,88,-1,1
16828,76,95,-19,19
16829,211,195,16,16
16830,104,98,6,6
16831,114,108,6,6
16832,143,144,-1,1
16833,142,133,9,9
16834,153,162,-9,9
16835,60,60,0,0
16836,60,64,-4,4
16837,111,96,15,15
16838,143,147,-4,4
16839,76,81,-5,5
16840,73,70,3,3
16841,76,69,7,7
16842,75,76,-1,1
16843,58,64,-6,6
16844,57,59,-2,2
16845,112,106,6,6
16846,151,136,15,15
16847,51,62,-11,11
16848,64,68,-4,4
16849,80,82,-2,2
16850,89,90,-1,1
16851,155,140,15,15
16852,97,96,1,1
16853,82,92,-10,10
16854,122,116,6,6
16855,110,113,-3,3
16856,91,91,0,0
16857,27,63,-36,36
16858,55,61,-6,6
16859,107,102,5,5
16860,61,65,-4,4
16861,67,77,-10,10
16862,111,118,-7,7
16863,95,94,1,1
16864,129,121,8,8
16865,165,170,-5,5
16866,139,130,9,9
16867,97,126,-29,29
16868,88,91,-3,3
16869,64,71,-7,7
16870,83,81,2,2
16871,118,113,5,5
16872,81,78,3,3
16873,78,73,5,5
16874,164,157,7,7
16875,60,105,-45,45
16876,23,60,-37,37
16877,60,60,0,0
16878,58,62,-4,4
16879,102,106,-4,4
16880,100,101,-1,1
16881,103,105,-2,2
16882,98,91,7,7
16883,136,134,2,2
16884,110,106,4,4
16885,95,97,-2,2
16886,113,110,3,3
16887,143,154,-11,11
16888,141,133,8,8
16889,117,111,6,6
16890,63,71,-8,8
16891,83,74,9,9
16892,52,63,-11,11
16893,95,107,-12,12
16894,85,98,-13,13
16895,75,83,-8,8
16896,137,129,8,8
16897,81,81,0,0
16898,55,57,-2,2
16899,128,114,14,14
16900,135,120,15,15
16901,107,103,4,4
16902,68,70,-2,2
16903,95,97,-2,2
16904,131,120,11,11
16905,106,104,2,2
16906,84,99,-15,15
16907,120,117,3,3
16908,69,69,0,0
16909,93,101,-8,8
16910,100,101,-1,1
16911,152,137,15,15
16912,139,143,-4,4
16913,109,107,2,2
16914,122,117,5,5
16915,70,73,-3,3
16916,89,85,4,4
16917,81,67,14,14
16918,59,61,-2,2
16919,74,88,-14,14
16920,121,104,17,17
16921,88,85,3,3
16922,72,94,-22,22
16923,107,106,1,1
16924,47,58,-11,11
16925,105,100,5,5
16926,61,68,-7,7
16927,116,112,4,4
16928,110,106,4,4
16929,63,64,-1,1
16930,121,114,7,7
16931,52,61,-9,9
16932,92,88,4,4
16933,102,117,-15,15
16934,86,91,-5,5
16935,171,181,-10,10
16936,97,110,-13,13
16937,105,95,10,10
16938,127,136,-9,9
16939,84,99,-15,15
16940,99,94,5,5
16941,65,63,2,2
16942,86,78,8,8
16943,107,100,7,7
16944,84,85,-1,1
16945,136,122,14,14
16946,82,70,12,12
16947,52,62,-10,10
16948,103,114,-11,11
16949,102,101,1,1
16950,126,119,7,7
16951,185,165,20,20
16952,143,132,11,11
16953,48,64,-16,16
16954,142,121,21,21
16955,58,64,-6,6
16956,164,154,10,10
16957,95,96,-1,1
16958,191,182,9,9
16959,115,115,0,0
16960,58,64,-6,6
16961,121,113,8,8
16962,101,98,3,3
16963,79,89,-10,10
16964,84,88,-4,4
16965,69,66,3,3
16966,153,150,3,3
16967,67,73,-6,6
16968,69,86,-17,17
16969,71,75,-4,4
16970,94,100,-6,6
16971,110,108,2,2
16972,105,105,0,0
16973,88,97,-9,9
16974,93,100,-7,7
16975,70,64,6,6
16976,65,68,-3,3
16977,62,65,-3,3
16978,120,113,7,7
16979,55,57,-2,2
16980,73,77,-4,4
16981,102,100,2,2
16982,71,69,2,2
16983,111,128,-17,17
16984,156,147,9,9
16985,89,95,-6,6
16986,67,64,3,3
16987,71,72,-1,1
16988,71,78,-7,7
16989,108,114,-6,6
16990,72,67,5,5
16991,80,74,6,6
16992,104,99,5,5
16993,111,113,-2,2
16994,58,61,-3,3
16995,68,63,5,5
16996,92,92,0,0
16997,161,147,14,14
16998,107,100,7,7
16999,66,77,-11,11
17000,76,86,-10,10
17001,105,102,3,3
17002,140,128,12,12
17003,77,72,5,5
17004,70,74,-4,4
17005,133,121,12,12
17006,50,62,-12,12
17007,66,67,-1,1
17008,60,71,-11,11
17009,72,83,-11,11
17010,123,118,5,5
17011,88,90,-2,2
17012,110,109,1,1
17013,94,96,-2,2
17014,88,88,0,0
17015,82,72,10,10
17016,107,121,-14,14
17017,69,65,4,4
17018,85,91,-6,6
17019,81,88,-7,7
17020,57,59,-2,2
17021,124,111,13,13
17022,126,122,4,4
17023,59,59,0,0
17024,78,81,-3,3
17025,112,115,-3,3
17026,87,99,-12,12
17027,101,97,4,4
17028,101,99,2,2
17029,150,143,7,7
17030,135,121,14,14
17031,146,140,6,6
17032,61,63,-2,2
17033,103,100,3,3
17034,134,121,13,13
17035,68,68,0,0
17036,84,75,9,9
17037,59,62,-3,3
17038,115,110,5,5
17039,98,86,12,12
17040,118,126,-8,8
17041,97,101,-4,4
17042,94,106,-12,12
17043,143,126,17,17
17044,119,114,5,5
17045,82,97,-15,15
17046,86,96,-10,10
17047,79,84,-5,5
17048,178,179,-1,1
17049,151,132,19,19
17050,133,124,9,9
17051,71,81,-10,10
17052,56,61,-5,5
17053,61,60,1,1
17054,69,76,-7,7
17055,95,97,-2,2
17056,98,97,1,1
17057,88,95,-7,7
17058,86,93,-7,7
17059,79,85,-6,6
17060,77,73,4,4
17061,88,102,-14,14
17062,110,104,6,6
17063,138,136,2,2
17064,98,107,-9,9
17065,99,99,0,0
17066,73,72,1,1
17067,143,130,13,13
17068,44,59,-15,15
17069,136,123,13,13
17070,150,135,15,15
17071,125,121,4,4
17072,134,127,7,7
17073,93,101,-8,8
17074,107,103,4,4
17075,38,62,-24,24
17076,133,147,-14,14
17077,151,142,9,9
17078,104,109,-5,5
17079,83,78,5,5
17080,124,113,11,11
17081,161,152,9,9
17082,72,67,5,5
17083,77,86,-9,9
17084,111,109,2,2
17085,107,109,-2,2
17086,107,111,-4,4
17087,98,104,-6,6
17088,168,159,9,9
17089,100,95,5,5
17090,70,69,1,1
17091,68,66,2,2
17092,74,66,8,8
17093,129,126,3,3
17094,121,124,-3,3
17095,69,62,7,7
17096,121,120,1,1
17097,103,105,-2,2
17098,187,179,8,8
17099,61,62,-1,1
17100,81,81,0,0
17101,117,123,-6,6
17102,46,82,-36,36
17103,77,75,2,2
17104,85,92,-7,7
17105,47,62,-15,15
17106,81,79,2,2
17107,99,93,6,6
17108,152,155,-3,3
17109,58,68,-10,10
17110,45,60,-15,15
17111,87,91,-4,4
17112,100,86,14,14
17113,41,61,-20,20
17114,184,152,32,32
17115,72,71,1,1
17116,38,62,-24,24
17117,79,100,-21,21
17118,98,91,7,7
17119,71,71,0,0
17120,62,65,-3,3
17121,90,83,7,7
17122,97,87,10,10
17123,52,61,-9,9
17124,74,67,7,7
17125,154,143,11,11
17126,99,96,3,3
17127,44,61,-17,17
17128,85,83,2,2
17129,128,122,6,6
17130,128,110,18,18
17131,78,96,-18,18
17132,62,65,-3,3
17133,112,123,-11,11
17134,63,67,-4,4
17135,88,91,-3,3
17136,51,62,-11,11
17137,129,125,4,4
17138,65,63,2,2
17139,56,61,-5,5
17140,102,98,4,4
17141,87,84,3,3
17142,129,127,2,2
17143,61,67,-6,6
17144,79,79,0,0
17145,57,65,-8,8
17146,171,159,12,12
17147,90,95,-5,5
17148,96,95,1,1
17149,91,92,-1,1
17150,47,61,-14,14
17151,87,102,-15,15
17152,86,110,-24,24
17153,133,129,4,4
17154,133,121,12,12
17155,89,97,-8,8
17156,64,60,4,4
17157,54,62,-8,8
17158,99,116,-17,17
17159,91,93,-2,2
17160,76,85,-9,9
17161,75,75,0,0
17162,72,68,4,4
17163,107,111,-4,4
17164,39,61,-22,22
17165,99,98,1,1
17166,121,115,6,6
17167,89,90,-1,1
17168,132,130,2,2
17169,108,118,-10,10
17170,84,74,10,10
17171,104,103,1,1
17172,68,66,2,2
17173,55,60,-5,5
17174,74,68,6,6
17175,85,92,-7,7
17176,63,62,1,1
17177,77,78,-1,1
17178,103,106,-3,3
17179,66,67,-1,1
17180,77,68,9,9
17181,112,103,9,9
17182,127,137,-10,10
17183,100,102,-2,2
17184,59,63,-4,4
17185,111,106,5,5
17186,29,60,-31,31
17187,77,76,1,1
17188,98,106,-8,8
17189,108,107,1,1
17190,196,184,12,12
17191,79,74,5,5
17192,150,144,6,6
17193,99,96,3,3
17194,73,70,3,3
17195,75,76,-1,1
17196,62,63,-1,1
17197,77,85,-8,8
17198,100,94,6,6
17199,139,136,3,3
17200,80,74,6,6
17201,151,122,29,29
17202,125,122,3,3
17203,70,82,-12,12
17204,141,132,9,9
17205,76,79,-3,3
17206,74,82,-8,8
17207,108,100,8,8
17208,146,122,24,24
17209,65,61,4,4
17210,92,104,-12,12
17211,98,96,2,2
17212,112,118,-6,6
17213,155,135,20,20
17214,109,105,4,4
17215,127,123,4,4
17216,40,62,-22,22
17217,106,118,-12,12
17218,106,117,-11,11
17219,68,70,-2,2
17220,73,75,-2,2
17221,69,69,0,0
17222,93,97,-4,4
17223,95,99,-4,4
17224,99,98,1,1
17225,108,106,2,2
17226,77,79,-2,2
17227,76,75,1,1
17228,102,103,-1,1
17229,117,111,6,6
17230,88,91,-3,3
17231,82,83,-1,1
17232,99,97,2,2
17233,147,130,17,17
17234,66,65,1,1
17235,79,70,9,9
17236,62,67,-5,5
17237,175,164,11,11
17238,101,102,-1,1
17239,64,66,-2,2
17240,74,78,-4,4
17241,72,93,-21,21
17242,64,68,-4,4
17243,73,68,5,5
17244,48,62,-14,14
17245,186,167,19,19
17246,100,120,-20,20
17247,120,111,9,9
17248,53,64,-11,11
17249,120,111,9,9
17250,98,108,-10,10
17251,34,61,-27,27
17252,97,96,1,1
17253,118,111,7,7
17254,128,111,17,17
17255,90,89,1,1
17256,63,65,-2,2
17257,160,143,17,17
17258,177,147,30,30
17259,185,170,15,15
17260,104,104,0,0
17261,68,66,2,2
17262,119,119,0,0
17263,110,103,7,7
17264,67,60,7,7
17265,56,64,-8,8
17266,160,146,14,14
17267,103,116,-13,13
17268,68,63,5,5
17269,112,116,-4,4
17270,75,72,3,3
17271,101,104,-3,3
17272,89,108,-19,19
17273,57,67,-10,10
17274,65,64,1,1
17275,95,105,-10,10
17276,93,98,-5,5
17277,100,98,2,2
17278,127,128,-1,1
17279,105,98,7,7
17280,58,61,-3,3
17281,70,70,0,0
17282,146,145,1,1
17283,90,93,-3,3
17284,75,74,1,1
17285,92,99,-7,7
17286,122,116,6,6
17287,77,81,-4,4
17288,50,59,-9,9
17289,69,74,-5,5
17290,36,61,-25,25
17291,97,93,4,4
17292,81,93,-12,12
17293,127,130,-3,3
17294,142,140,2,2
17295,98,103,-5,5
17296,91,80,11,11
17297,84,88,-4,4
17298,94,117,-23,23
17299,71,88,-17,17
17300,87,77,10,10
17301,109,107,2,2
17302,58,62,-4,4
17303,63,67,-4,4
17304,65,65,0,0
17305,45,60,-15,15
17306,87,71,16,16
17307,64,64,0,0
17308,82,83,-1,1
17309,156,150,6,6
17310,138,120,18,18
17311,76,82,-6,6
17312,134,125,9,9
17313,115,109,6,6
17314,92,96,-4,4
17315,126,123,3,3
17316,103,109,-6,6
17317,56,60,-4,4
17318,125,133,-8,8
17319,108,101,7,7
17320,69,67,2,2
17321,151,143,8,8
17322,88,97,-9,9
17323,101,100,1,1
17324,165,159,6,6
17325,151,130,21,21
17326,82,80,2,2
17327,65,63,2,2
17328,93,96,-3,3
17329,102,101,1,1
17330,71,73,-2,2
17331,66,69,-3,3
17332,101,103,-2,2
17333,109,101,8,8
17334,67,60,7,7
17335,150,139,11,11
17336,71,56,15,15
17337,93,100,-7,7
17338,106,109,-3,3
17339,127,115,12,12
17340,167,159,8,8
17341,67,71,-4,4
17342,137,131,6,6
17343,90,92,-2,2
17344,48,62,-14,14
17345,79,74,5,5
17346,72,78,-6,6
17347,139,134,5,5
17348,81,88,-7,7
17349,124,123,1,1
17350,114,106,8,8
17351,75,78,-3,3
17352,73,72,1,1
17353,90,84,6,6
17354,156,151,5,5
17355,107,107,0,0
17356,88,91,-3,3
17357,135,142,-7,7
17358,120,107,13,13
17359,55,69,-14,14
17360,58,61,-3,3
17361,104,111,-7,7
17362,53,62,-9,9
17363,65,60,5,5
17364,71,70,1,1
17365,36,62,-26,26
17366,135,122,13,13
17367,159,147,12,12
17368,118,104,14,14
17369,93,113,-20,20
17370,91,92,-1,1
17371,66,71,-5,5
17372,68,61,7,7
17373,81,80,1,1
17374,138,139,-1,1
17375,68,69,-1,1
17376,128,126,2,2
17377,97,108,-11,11
17378,83,97,-14,14
17379,194,175,19,19
17380,63,62,1,1
17381,68,60,8,8
17382,68,67,1,1
17383,89,96,-7,7
17384,103,96,7,7
17385,113,123,-10,10
17386,95,96,-1,1
17387,93,87,6,6
17388,68,68,0,0
17389,57,62,-5,5
17390,58,64,-6,6
17391,174,152,22,22
17392,71,71,0,0
17393,106,115,-9,9
17394,63,62,1,1
17395,63,61,2,2
17396,126,115,11,11
17397,104,104,0,0
17398,83,86,-3,3
17399,80,89,-9,9
17400,175,161,14,14
17401,77,99,-22,22
17402,146,130,16,16
17403,78,75,3,3
17404,114,104,10,10
17405,86,100,-14,14
17406,149,142,7,7
17407,170,159,11,11
17408,121,115,6,6
17409,61,62,-1,1
17410,64,63,1,1
17411,67,63,4,4
17412,99,105,-6,6
17413,185,162,23,23
17414,56,68,-12,12
17415,99,97,2,2
17416,75,84,-9,9
17417,85,73,12,12
17418,92,91,1,1
17419,91,90,1,1
17420,80,71,9,9
17421,56,70,-14,14
17422,80,73,7,7
17423,135,133,2,2
17424,98,120,-22,22
17425,150,149,1,1
17426,53,63,-10,10
17427,106,103,3,3
17428,74,75,-1,1
17429,196,206,-10,10
17430,88,88,0,0
17431,47,63,-16,16
17432,101,114,-13,13
17433,110,106,4,4
17434,116,117,-1,1
17435,96,104,-8,8
17436,65,63,2,2
17437,55,61,-6,6
17438,140,137,3,3
17439,94,85,9,9
17440,89,82,7,7
17441,101,98,3,3
17442,80,71,9,9
17443,112,107,5,5
17444,106,114,-8,8
17445,103,110,-7,7
17446,60,61,-1,1
17447,95,105,-10,10
17448,87,94,-7,7
17449,45,62,-17,17
17450,92,95,-3,3
17451,108,104,4,4
17452,98,96,2,2
17453,62,65,-3,3
17454,107,106,1,1
17455,74,68,6,6
17456,137,122,15,15
17457,75,77,-2,2
17458,66,64,2,2
17459,100,103,-3,3
17460,129,143,-14,14
17461,79,80,-1,1
17462,111,102,9,9
17463,88,96,-8,8
17464,63,65,-2,2
17465,95,103,-8,8
17466,74,74,0,0
17467,108,108,0,0
17468,115,105,10,10
17469,96,99,-3,3
17470,146,130,16,16
17471,178,159,19,19
17472,171,161,10,10
17473,171,166,5,5
17474,151,143,8,8
17475,90,95,-5,5
17476,94,90,4,4
17477,89,79,10,10
17478,71,71,0,0
17479,223,203,20,20
17480,66,69,-3,3
17481,116,113,3,3
17482,69,64,5,5
17483,153,145,8,8
17484,48,61,-13,13
17485,83,100,-17,17
17486,177,159,18,18
17487,70,96,-26,26
17488,80,88,-8,8
17489,77,80,-3,3
17490,69,65,4,4
17491,81,73,8,8
17492,115,115,0,0
17493,96,104,-8,8
17494,94,92,2,2
17495,46,62,-16,16
17496,88,106,-18,18
17497,90,77,13,13
17498,89,101,-12,12
17499,65,65,0,0
17500,78,73,5,5
17501,76,74,2,2
17502,116,104,12,12
17503,127,114,13,13
17504,146,145,1,1
17505,89,99,-10,10
17506,42,64,-22,22
17507,73,66,7,7
17508,61,63,-2,2
17509,79,72,7,7
17510,105,102,3,3
17511,64,64,0,0
17512,115,117,-2,2
17513,66,73,-7,7
17514,75,73,2,2
17515,82,90,-8,8
17516,46,61,-15,15
17517,106,108,-2,2
17518,74,83,-9,9
17519,58,89,-31,31
17520,89,94,-5,5
17521,76,71,5,5
17522,90,79,11,11
17523,108,106,2,2
17524,89,102,-13,13
17525,75,72,3,3
17526,98,98,0,0
17527,87,86,1,1
17528,65,69,-4,4
17529,121,108,13,13
17530,63,64,-1,1
17531,139,139,0,0
17532,80,86,-6,6
17533,75,79,-4,4
17534,64,67,-3,3
17535,48,62,-14,14
17536,115,112,3,3
17537,82,82,0,0
17538,120,118,2,2
17539,141,140,1,1
17540,67,79,-12,12
17541,48,63,-15,15
17542,117,108,9,9
17543,173,167,6,6
17544,74,85,-11,11
17545,53,59,-6,6
17546,33,58,-25,25
17547,79,90,-11,11
17548,76,68,8,8
17549,119,108,11,11
17550,139,126,13,13
17551,77,74,3,3
17552,115,135,-20,20
17553,67,72,-5,5
17554,105,96,9,9
17555,127,125,2,2
17556,84,83,1,1
17557,106,109,-3,3
17558,79,93,-14,14
17559,96,102,-6,6
17560,82,77,5,5
17561,146,134,12,12
17562,98,102,-4,4
17563,116,119,-3,3
17564,42,61,-19,19
17565,82,89,-7,7
17566,71,69,2,2
17567,103,99,4,4
17568,60,64,-4,4
17569,86,90,-4,4
17570,137,124,13,13
17571,105,99,6,6
17572,68,75,-7,7
17573,94,99,-5,5
17574,190,174,16,16
17575,61,62,-1,1
17576,112,108,4,4
17577,72,64,8,8
17578,137,123,14,14
17579,85,92,-7,7
17580,190,175,15,15
17581,145,144,1,1
17582,100,105,-5,5
17583,143,129,14,14
17584,81,99,-18,18
17585,58,62,-4,4
17586,79,94,-15,15
17587,119,112,7,7
17588,63,68,-5,5
17589,106,101,5,5
17590,111,104,7,7
17591,90,94,-4,4
17592,134,133,1,1
17593,129,120,9,9
17594,67,68,-1,1
17595,128,126,2,2
17596,43,62,-19,19
17597,58,60,-2,2
17598,123,126,-3,3
17599,63,59,4,4
17600,61,65,-4,4
17601,74,62,12,12
17602,117,107,10,10
17603,132,109,23,23
17604,73,60,13,13
17605,127,128,-1,1
17606,170,159,11,11
17607,101,104,-3,3
17608,118,108,10,10
17609,73,67,6,6
17610,82,84,-2,2
17611,100,103,-3,3
17612,62,69,-7,7
17613,80,71,9,9
17614,50,61,-11,11
17615,68,68,0,0
17616,163,148,15,15
17617,49,62,-13,13
17618,75,76,-1,1
17619,133,125,8,8
17620,115,117,-2,2
17621,102,106,-4,4
17622,74,79,-5,5
17623,161,142,19,19
17624,130,128,2,2
17625,122,113,9,9
17626,109,102,7,7
17627,120,124,-4,4
17628,72,59,13,13
17629,90,97,-7,7
17630,80,96,-16,16
17631,103,111,-8,8
17632,134,128,6,6
17633,93,98,-5,5
17634,82,81,1,1
17635,184,161,23,23
17636,84,85,-1,1
17637,62,62,0,0
17638,65,65,0,0
17639,68,72,-4,4
17640,118,113,5,5
17641,81,87,-6,6
17642,116,113,3,3
17643,116,113,3,3
17644,85,80,5,5
17645,55,61,-6,6
17646,91,96,-5,5
17647,79,83,-4,4
17648,24,61,-37,37
17649,155,140,15,15
17650,97,92,5,5
17651,69,76,-7,7
17652,105,104,1,1
17653,158,157,1,1
17654,129,124,5,5
17655,115,109,6,6
17656,92,100,-8,8
17657,82,91,-9,9
17658,100,101,-1,1
17659,66,61,5,5
17660,46,62,-16,16
17661,141,147,-6,6
17662,128,121,7,7
17663,101,85,16,16
17664,103,99,4,4
17665,75,73,2,2
17666,125,119,6,6
17667,50,61,-11,11
17668,67,64,3,3
17669,91,96,-5,5
17670,95,97,-2,2
17671,133,121,12,12
17672,124,119,5,5
17673,59,62,-3,3
17674,138,139,-1,1
17675,132,124,8,8
17676,109,106,3,3
17677,72,78,-6,6
17678,84,93,-9,9
17679,107,105,2,2
17680,73,83,-10,10
17681,76,81,-5,5
17682,122,115,7,7
17683,107,110,-3,3
17684,38,62,-24,24
17685,127,114,13,13
17686,82,72,10,10
17687,189,165,24,24
17688,115,111,4,4
17689,100,98,2,2
17690,70,63,7,7
17691,81,71,10,10
17692,150,156,-6,6
17693,94,93,1,1
17694,88,90,-2,2
17695,81,87,-6,6
17696,148,140,8,8
17697,75,89,-14,14
17698,90,97,-7,7
17699,124,119,5,5
17700,46,62,-16,16
17701,103,109,-6,6
17702,101,96,5,5
17703,93,95,-2,2
17704,105,108,-3,3
17705,91,93,-2,2
17706,138,131,7,7
17707,85,89,-4,4
17708,102,94,8,8
17709,72,85,-13,13
17710,81,81,0,0
17711,118,114,4,4
17712,114,117,-3,3
17713,118,113,5,5
17714,79,87,-8,8
17715,149,134,15,15
17716,74,81,-7,7
17717,46,61,-15,15
17718,76,71,5,5
17719,80,76,4,4
17720,124,133,-9,9
17721,126,130,-4,4
17722,57,61,-4,4
17723,91,104,-13,13
17724,206,173,33,33
17725,122,108,14,14
17726,89,94,-5,5
17727,108,106,2,2
17728,170,150,20,20
17729,89,92,-3,3
17730,90,90,0,0
17731,85,91,-6,6
17732,80,68,12,12
17733,105,95,10,10
17734,84,70,14,14
17735,97,97,0,0
17736,60,62,-2,2
17737,39,61,-22,22
17738,103,96,7,7
17739,122,121,1,1
17740,105,109,-4,4
17741,72,77,-5,5
17742,72,80,-8,8
17743,126,116,10,10
17744,113,108,5,5
17745,88,84,4,4
17746,121,117,4,4
17747,88,93,-5,5
17748,72,68,4,4
17749,65,72,-7,7
17750,74,86,-12,12
17751,112,113,-1,1
17752,53,62,-9,9
17753,138,129,9,9
17754,108,108,0,0
17755,65,67,-2,2
17756,72,76,-4,4
17757,122,113,9,9
17758,48,59,-11,11
17759,93,91,2,2
17760,124,115,9,9
17761,92,96,-4,4
17762,66,68,-2,2
17763,69,66,3,3
17764,144,149,-5,5
17765,103,106,-3,3
17766,96,95,1,1
17767,107,105,2,2
17768,129,126,3,3
17769,60,62,-2,2
17770,72,69,3,3
17771,53,61,-8,8
17772,117,105,12,12
17773,109,109,0,0
17774,73,72,1,1
17775,121,115,6,6
17776,193,183,10,10
17777,69,76,-7,7
17778,80,66,14,14
17779,135,118,17,17
17780,47,62,-15,15
17781,75,69,6,6
17782,135,145,-10,10
17783,97,98,-1,1
17784,76,79,-3,3
17785,108,104,4,4
17786,110,112,-2,2
17787,87,95,-8,8
17788,59,64,-5,5
17789,163,153,10,10
17790,80,85,-5,5
17791,169,147,22,22
17792,91,97,-6,6
17793,122,117,5,5
17794,97,99,-2,2
17795,63,74,-11,11
17796,139,139,0,0
17797,76,74,2,2
17798,80,78,2,2
17799,79,76,3,3
17800,112,111,1,1
17801,94,95,-1,1
17802,103,109,-6,6
17803,53,62,-9,9
17804,70,71,-1,1
17805,156,149,7,7
17806,29,58,-29,29
17807,128,130,-2,2
17808,125,124,1,1
17809,126,104,22,22
17810,50,103,-53,53
17811,152,145,7,7
17812,195,161,34,34
17813,76,81,-5,5
17814,87,91,-4,4
17815,80,71,9,9
17816,66,61,5,5
17817,72,76,-4,4
17818,104,111,-7,7
17819,67,64,3,3
17820,109,107,2,2
17821,146,137,9,9
17822,59,72,-13,13
17823,78,76,2,2
17824,73,67,6,6
17825,139,131,8,8
17826,103,97,6,6
17827,112,115,-3,3
17828,99,94,5,5
17829,68,78,-10,10
17830,53,86,-33,33
17831,152,127,25,25
17832,55,60,-5,5
17833,96,102,-6,6
17834,78,82,-4,4
17835,69,95,-26,26
17836,54,61,-7,7
17837,118,120,-2,2
17838,120,108,12,12
17839,45,63,-18,18
17840,94,94,0,0
17841,141,135,6,6
17842,81,92,-11,11
17843,85,102,-17,17
17844,100,104,-4,4
17845,104,105,-1,1
17846,189,158,31,31
17847,79,67,12,12
17848,98,100,-2,2
17849,53,61,-8,8
17850,139,127,12,12
17851,96,115,-19,19
17852,75,74,1,1
17853,74,75,-1,1
17854,142,135,7,7
17855,135,143,-8,8
17856,40,61,-21,21
17857,176,156,20,20
17858,55,62,-7,7
17859,70,77,-7,7
17860,71,73,-2,2
17861,55,66,-11,11
17862,168,158,10,10
17863,146,129,17,17
17864,111,113,-2,2
17865,117,102,15,15
17866,64,65,-1,1
17867,106,99,7,7
17868,110,100,10,10
17869,79,81,-2,2
17870,95,90,5,5
17871,121,115,6,6
17872,129,124,5,5
17873,98,86,12,12
17874,60,61,-1,1
17875,53,62,-9,9
17876,121,111,10,10
17877,112,128,-16,16
17878,54,60,-6,6
17879,76,79,-3,3
17880,126,134,-8,8
17881,131,117,14,14
17882,45,62,-17,17
17883,135,128,7,7
17884,95,91,4,4
17885,80,73,7,7
17886,96,97,-1,1
17887,143,128,15,15
17888,59,63,-4,4
17889,140,133,7,7
17890,73,74,-1,1
17891,109,114,-5,5
17892,116,128,-12,12
17893,42,62,-20,20
17894,44,61,-17,17
17895,151,142,9,9
17896,109,114,-5,5
17897,106,94,12,12
17898,131,114,17,17
17899,139,126,13,13
17900,77,72,5,5
17901,127,117,10,10
17902,79,97,-18,18
17903,140,135,5,5
17904,63,62,1,1
17905,121,121,0,0
17906,65,61,4,4
17907,146,153,-7,7
17908,110,103,7,7
17909,101,105,-4,4
17910,35,62,-27,27
17911,105,100,5,5
17912,154,152,2,2
17913,72,67,5,5
17914,98,101,-3,3
17915,126,130,-4,4
17916,142,135,7,7
17917,98,113,-15,15
17918,82,91,-9,9
17919,86,107,-21,21
17920,79,76,3,3
17921,111,100,11,11
17922,74,71,3,3
17923,58,62,-4,4
17924,48,63,-15,15
17925,74,71,3,3
17926,123,115,8,8
17927,40,63,-23,23
17928,80,64,16,16
17929,63,61,2,2
17930,115,122,-7,7
17931,107,109,-2,2
17932,80,71,9,9
17933,85,87,-2,2
17934,166,151,15,15
17935,71,82,-11,11
17936,56,63,-7,7
17937,48,60,-12,12
17938,96,94,2,2
17939,54,61,-7,7
17940,124,123,1,1
17941,92,97,-5,5
17942,51,62,-11,11
17943,62,67,-5,5
17944,89,87,2,2
17945,141,129,12,12
17946,87,72,15,15
17947,75,86,-11,11
17948,81,80,1,1
17949,65,86,-21,21
17950,90,85,5,5
17951,85,83,2,2
17952,71,79,-8,8
17953,61,66,-5,5
17954,104,104,0,0
17955,98,107,-9,9
17956,68,71,-3,3
17957,77,73,4,4
17958,90,92,-2,2
17959,71,89,-18,18
17960,59,71,-12,12
17961,109,99,10,10
17962,105,109,-4,4
17963,175,155,20,20
17964,83,94,-11,11
17965,139,132,7,7
17966,68,68,0,0
17967,88,94,-6,6
17968,75,68,7,7
17969,104,108,-4,4
17970,126,119,7,7
17971,91,96,-5,5
17972,94,98,-4,4
17973,89,95,-6,6
17974,41,59,-18,18
17975,91,113,-22,22
17976,81,92,-11,11
17977,72,69,3,3
17978,146,125,21,21
17979,80,86,-6,6
17980,141,124,17,17
17981,104,98,6,6
17982,111,106,5,5
17983,115,121,-6,6
17984,67,65,2,2
17985,132,123,9,9
17986,118,116,2,2
17987,79,73,6,6
17988,67,80,-13,13
17989,158,133,25,25
17990,90,84,6,6
17991,78,81,-3,3
17992,52,55,-3,3
17993,67,66,1,1
17994,57,77,-20,20
17995,93,95,-2,2
17996,73,72,1,1
17997,100,107,-7,7
17998,150,131,19,19
17999,68,70,-2,2
18000,74,73,1,1
18001,100,100,0,0
18002,92,101,-9,9
18003,101,109,-8,8
18004,96,95,1,1
18005,161,143,18,18
18006,71,75,-4,4
18007,97,98,-1,1
18008,62,62,0,0
18009,70,71,-1,1
18010,106,100,6,6
18011,67,70,-3,3
18012,56,66,-10,10
18013,75,70,5,5
18014,47,60,-13,13
18015,78,75,3,3
18016,62,61,1,1
18017,68,68,0,0
18018,106,100,6,6
18019,125,114,11,11
18020,84,103,-19,19
18021,107,106,1,1
18022,63,62,1,1
18023,76,86,-10,10
18024,98,94,4,4
18025,139,120,19,19
18026,94,98,-4,4
18027,142,141,1,1
18028,121,117,4,4
18029,79,79,0,0
18030,123,121,2,2
18031,82,87,-5,5
18032,174,162,12,12
18033,116,120,-4,4
18034,51,60,-9,9
18035,157,141,16,16
18036,57,61,-4,4
18037,71,66,5,5
18038,30,61,-31,31
18039,102,104,-2,2
18040,140,124,16,16
18041,156,151,5,5
18042,44,61,-17,17
18043,157,142,15,15
18044,91,95,-4,4
18045,111,122,-11,11
18046,107,108,-1,1
18047,83,92,-9,9
18048,83,77,6,6
18049,103,99,4,4
18050,84,75,9,9
18051,79,76,3,3
18052,119,107,12,12
18053,66,77,-11,11
18054,34,64,-30,30
18055,134,130,4,4
18056,108,104,4,4
18057,60,67,-7,7
18058,33,61,-28,28
18059,105,111,-6,6
18060,71,72,-1,1
18061,92,97,-5,5
18062,62,64,-2,2
18063,54,61,-7,7
18064,85,94,-9,9
18065,154,131,23,23
18066,109,102,7,7
18067,120,141,-21,21
18068,55,62,-7,7
18069,102,112,-10,10
18070,58,62,-4,4
18071,34,62,-28,28
18072,91,93,-2,2
18073,110,108,2,2
18074,117,106,11,11
18075,102,125,-23,23
18076,95,92,3,3
18077,38,61,-23,23
18078,88,84,4,4
18079,107,98,9,9
18080,113,112,1,1
18081,58,61,-3,3
18082,56,63,-7,7
18083,68,71,-3,3
18084,59,63,-4,4
18085,169,162,7,7
18086,70,65,5,5
18087,117,117,0,0
18088,84,88,-4,4
18089,150,150,0,0
18090,123,129,-6,6
18091,72,70,2,2
18092,108,109,-1,1
18093,87,91,-4,4
18094,123,143,-20,20
18095,79,79,0,0
18096,112,123,-11,11
18097,77,69,8,8
18098,123,125,-2,2
18099,109,115,-6,6
18100,82,71,11,11
18101,57,75,-18,18
18102,120,111,9,9
18103,117,119,-2,2
18104,53,62,-9,9
18105,72,78,-6,6
18106,90,87,3,3
18107,92,106,-14,14
18108,88,84,4,4
18109,55,71,-16,16
18110,62,61,1,1
18111,108,110,-2,2
18112,85,87,-2,2
18113,66,92,-26,26
18114,165,164,1,1
18115,124,147,-23,23
18116,75,83,-8,8
18117,54,61,-7,7
18118,141,133,8,8
18119,67,66,1,1
18120,94,99,-5,5
18121,102,114,-12,12
18122,119,119,0,0
18123,53,64,-11,11
18124,122,132,-10,10
18125,60,61,-1,1
18126,88,94,-6,6
18127,101,104,-3,3
18128,64,67,-3,3
18129,48,66,-18,18
18130,75,71,4,4
18131,53,68,-15,15
18132,123,110,13,13
18133,90,91,-1,1
18134,137,139,-2,2
18135,95,100,-5,5
18136,88,107,-19,19
18137,106,117,-11,11
18138,155,143,12,12
18139,75,70,5,5
18140,62,64,-2,2
18141,91,88,3,3
18142,58,61,-3,3
18143,51,61,-10,10
18144,120,118,2,2
18145,94,101,-7,7
18146,112,106,6,6
18147,84,103,-19,19
18148,67,69,-2,2
18149,83,82,1,1
18150,162,154,8,8
18151,122,118,4,4
18152,36,62,-26,26
18153,127,133,-6,6
18154,75,98,-23,23
18155,119,103,16,16
18156,147,138,9,9
18157,105,104,1,1
18158,55,60,-5,5
18159,90,87,3,3
18160,57,62,-5,5
18161,100,101,-1,1
18162,63,58,5,5
18163,58,63,-5,5
18164,140,145,-5,5
18165,107,103,4,4
18166,71,81,-10,10
18167,145,145,0,0
18168,64,69,-5,5
18169,94,90,4,4
18170,71,62,9,9
18171,68,70,-2,2
18172,109,100,9,9
18173,67,68,-1,1
18174,81,88,-7,7
18175,101,96,5,5
18176,135,124,11,11
18177,60,62,-2,2
18178,154,141,13,13
18179,131,116,15,15
18180,97,96,1,1
18181,65,64,1,1
18182,132,124,8,8
18183,95,99,-4,4
18184,97,94,3,3
18185,122,111,11,11
18186,80,105,-25,25
18187,89,88,1,1
18188,97,87,10,10
18189,106,108,-2,2
18190,101,103,-2,2
18191,116,126,-10,10
18192,70,91,-21,21
18193,44,62,-18,18
18194,149,143,6,6
18195,95,98,-3,3
18196,79,76,3,3
18197,114,110,4,4
18198,77,67,10,10
18199,121,114,7,7
18200,80,89,-9,9
18201,117,110,7,7
18202,150,132,18,18
18203,85,84,1,1
18204,72,88,-16,16
18205,112,105,7,7
18206,91,89,2,2
18207,61,61,0,0
18208,126,114,12,12
18209,78,76,2,2
18210,129,125,4,4
18211,71,71,0,0
18212,72,73,-1,1
18213,166,156,10,10
18214,134,126,8,8
18215,36,60,-24,24
18216,63,64,-1,1
18217,73,69,4,4
18218,88,94,-6,6
18219,88,96,-8,8
18220,113,119,-6,6
18221,138,128,10,10
18222,88,67,21,21
18223,127,129,-2,2
18224,216,203,13,13
18225,108,106,2,2
18226,137,129,8,8
18227,66,81,-15,15
18228,68,77,-9,9
18229,100,99,1,1
18230,50,61,-11,11
18231,130,132,-2,2
18232,100,105,-5,5
18233,201,161,40,40
18234,53,62,-9,9
18235,65,64,1,1
18236,60,62,-2,2
18237,177,168,9,9
18238,88,80,8,8
18239,64,67,-3,3
18240,141,137,4,4
18241,87,94,-7,7
18242,144,135,9,9
18243,118,108,10,10
18244,84,92,-8,8
18245,80,95,-15,15
18246,131,132,-1,1
18247,61,62,-1,1
18248,93,93,0,0
18249,78,94,-16,16
18250,58,61,-3,3
18251,99,93,6,6
18252,107,105,2,2
18253,119,117,2,2
18254,104,113,-9,9
18255,87,98,-11,11
18256,88,85,3,3
18257,131,127,4,4
18258,126,123,3,3
18259,125,114,11,11
18260,99,108,-9,9
18261,127,122,5,5
18262,34,63,-29,29
18263,77,70,7,7
18264,88,92,-4,4
18265,106,117,-11,11
18266,104,101,3,3
18267,78,93,-15,15
18268,78,77,1,1
18269,211,183,28,28
18270,68,58,10,10
18271,110,108,2,2
18272,86,102,-16,16
18273,102,102,0,0
18274,82,76,6,6
18275,57,62,-5,5
18276,106,109,-3,3
18277,52,61,-9,9
18278,60,61,-1,1
18279,78,82,-4,4
18280,66,60,6,6
18281,134,127,7,7
18282,61,66,-5,5
18283,88,89,-1,1
18284,95,98,-3,3
18285,79,81,-2,2
18286,109,109,0,0
18287,74,83,-9,9
18288,82,73,9,9
18289,77,74,3,3
18290,89,90,-1,1
18291,115,108,7,7
18292,64,64,0,0
18293,143,128,15,15
18294,189,173,16,16
18295,27,60,-33,33
18296,82,94,-12,12
18297,127,133,-6,6
18298,121,107,14,14
18299,103,103,0,0
18300,55,61,-6,6
18301,163,157,6,6
18302,93,96,-3,3
18303,95,98,-3,3
18304,123,124,-1,1
18305,59,61,-2,2
18306,112,102,10,10
18307,76,75,1,1
18308,77,90,-13,13
18309,62,65,-3,3
18310,71,73,-2,2
18311,60,63,-3,3
18312,141,139,2,2
18313,91,98,-7,7
18314,96,95,1,1
18315,58,63,-5,5
18316,93,95,-2,2
18317,165,160,5,5
18318,199,185,14,14
18319,98,97,1,1
18320,152,147,5,5
18321,81,71,10,10
18322,93,89,4,4
18323,122,112,10,10
18324,83,90,-7,7
18325,82,91,-9,9
18326,61,65,-4,4
18327,87,95,-8,8
18328,44,71,-27,27
18329,90,100,-10,10
18330,50,63,-13,13
18331,122,116,6,6
18332,82,82,0,0
18333,101,106,-5,5
18334,93,99,-6,6
18335,132,121,11,11
18336,111,114,-3,3
18337,96,84,12,12
18338,47,60,-13,13
18339,113,114,-1,1
18340,182,170,12,12
18341,107,124,-17,17
18342,99,108,-9,9
18343,72,77,-5,5
18344,84,90,-6,6
18345,55,61,-6,6
18346,154,150,4,4
18347,39,61,-22,22
18348,107,105,2,2
18349,89,97,-8,8
18350,114,132,-18,18
18351,99,100,-1,1
18352,76,88,-12,12
18353,61,67,-6,6
18354,112,101,11,11
18355,79,79,0,0
18356,81,79,2,2
18357,80,87,-7,7
18358,49,65,-16,16
18359,48,53,-5,5
18360,113,109,4,4
18361,91,117,-26,26
18362,76,74,2,2
18363,144,143,1,1
18364,67,68,-1,1
18365,81,70,11,11
18366,111,106,5,5
18367,78,85,-7,7
18368,53,60,-7,7
18369,77,87,-10,10
18370,71,125,-54,54
18371,76,71,5,5
18372,65,65,0,0
18373,90,93,-3,3
18374,165,151,14,14
18375,188,177,11,11
18376,58,156,-98,98
18377,81,80,1,1
18378,65,66,-1,1
18379,91,95,-4,4
18380,116,113,3,3
18381,145,130,15,15
18382,111,117,-6,6
18383,146,132,14,14
18384,119,107,12,12
18385,91,97,-6,6
18386,116,118,-2,2
18387,48,59,-11,11
18388,107,120,-13,13
18389,63,63,0,0
18390,120,109,11,11
18391,86,88,-2,2
18392,93,96,-3,3
18393,89,96,-7,7
18394,95,103,-8,8
18395,90,84,6,6
18396,104,105,-1,1
18397,144,139,5,5
18398,119,110,9,9
18399,82,89,-7,7
18400,61,75,-14,14
18401,93,104,-11,11
18402,142,135,7,7
18403,73,73,0,0
18404,133,118,15,15
18405,128,132,-4,4
18406,104,101,3,3
18407,90,91,-1,1
18408,88,99,-11,11
18409,65,81,-16,16
18410,102,100,2,2
18411,176,154,22,22
18412,90,97,-7,7
18413,241,212,29,29
18414,115,102,13,13
18415,69,68,1,1
18416,94,90,4,4
18417,123,117,6,6
18418,96,108,-12,12
18419,90,97,-7,7
18420,59,62,-3,3
18421,76,69,7,7
18422,72,69,3,3
18423,70,75,-5,5
18424,67,64,3,3
18425,83,89,-6,6
18426,205,179,26,26
18427,62,65,-3,3
18428,214,202,12,12
18429,79,71,8,8
18430,142,126,16,16
18431,88,85,3,3
18432,107,111,-4,4
18433,120,109,11,11
18434,108,106,2,2
18435,102,98,4,4
18436,64,67,-3,3
18437,86,94,-8,8
18438,70,74,-4,4
18439,130,119,11,11
18440,97,91,6,6
18441,85,93,-8,8
18442,67,62,5,5
18443,142,129,13,13
18444,48,61,-13,13
18445,88,84,4,4
18446,123,125,-2,2
18447,69,84,-15,15
18448,92,93,-1,1
18449,69,74,-5,5
18450,45,62,-17,17
18451,64,67,-3,3
18452,84,78,6,6
18453,131,127,4,4
18454,78,82,-4,4
18455,32,60,-28,28
18456,85,77,8,8
18457,100,95,5,5
18458,99,86,13,13
18459,125,114,11,11
18460,91,82,9,9
18461,196,175,21,21
18462,94,114,-20,20
18463,54,59,-5,5
18464,134,123,11,11
18465,168,144,24,24
18466,64,63,1,1
18467,73,77,-4,4
18468,96,92,4,4
18469,82,74,8,8
18470,48,56,-8,8
18471,65,68,-3,3
18472,121,121,0,0
18473,102,104,-2,2
18474,69,64,5,5
18475,92,97,-5,5
18476,79,83,-4,4
18477,107,110,-3,3
18478,76,95,-19,19
18479,73,78,-5,5
18480,75,67,8,8
18481,150,148,2,2
18482,149,139,10,10
18483,144,132,12,12
18484,113,111,2,2
18485,62,66,-4,4
18486,108,109,-1,1
18487,103,109,-6,6
18488,58,113,-55,55
18489,42,61,-19,19
18490,115,103,12,12
18491,58,94,-36,36
18492,115,103,12,12
18493,109,102,7,7
18494,51,61,-10,10
18495,70,66,4,4
18496,68,109,-41,41
18497,143,135,8,8
18498,83,72,11,11
18499,116,110,6,6
18500,45,61,-16,16
18501,90,92,-2,2
18502,67,63,4,4
18503,100,103,-3,3
18504,113,115,-2,2
18505,30,60,-30,30
18506,98,102,-4,4
18507,67,71,-4,4
18508,53,60,-7,7
18509,105,103,2,2
18510,123,123,0,0
18511,57,60,-3,3
18512,125,113,12,12
18513,98,95,3,3
18514,111,110,1,1
18515,122,114,8,8
18516,117,115,2,2
18517,74,80,-6,6
18518,84,82,2,2
18519,143,140,3,3
18520,121,113,8,8
18521,121,117,4,4
18522,99,98,1,1
18523,103,96,7,7
18524,104,95,9,9
18525,63,61,2,2
18526,222,183,39,39
18527,113,105,8,8
18528,88,101,-13,13
18529,122,108,14,14
18530,109,117,-8,8
18531,72,67,5,5
18532,64,64,0,0
18533,144,130,14,14
18534,82,85,-3,3
18535,82,92,-10,10
18536,162,150,12,12
18537,112,119,-7,7
18538,62,68,-6,6
18539,78,100,-22,22
18540,48,62,-14,14
18541,90,93,-3,3
18542,130,115,15,15
18543,70,69,1,1
18544,141,146,-5,5
18545,138,129,9,9
18546,126,114,12,12
18547,71,73,-2,2
18548,89,95,-6,6
18549,138,130,8,8
18550,70,66,4,4
18551,123,112,11,11
18552,72,73,-1,1
18553,107,111,-4,4
18554,58,62,-4,4
18555,90,89,1,1
18556,136,136,0,0
18557,163,150,13,13
18558,108,103,5,5
18559,83,79,4,4
18560,117,111,6,6
18561,142,133,9,9
18562,69,67,2,2
18563,100,94,6,6
18564,211,181,30,30
18565,148,152,-4,4
18566,82,87,-5,5
18567,86,94,-8,8
18568,201,187,14,14
18569,113,119,-6,6
18570,126,122,4,4
18571,64,60,4,4
18572,98,98,0,0
18573,51,62,-11,11
18574,93,106,-13,13
18575,60,61,-1,1
18576,82,81,1,1
18577,95,116,-21,21
18578,94,84,10,10
18579,81,85,-4,4
18580,111,115,-4,4
18581,63,70,-7,7
18582,55,61,-6,6
18583,142,135,7,7
18584,139,128,11,11
18585,118,114,4,4
18586,209,178,31,31
18587,73,68,5,5
18588,103,109,-6,6
18589,118,122,-4,4
18590,124,124,0,0
18591,79,94,-15,15
18592,124,118,6,6
18593,129,128,1,1
18594,91,89,2,2
18595,83,93,-10,10
18596,120,107,13,13
18597,91,89,2,2
18598,101,99,2,2
18599,117,111,6,6
18600,154,140,14,14
18601,83,86,-3,3
18602,113,125,-12,12
18603,83,91,-8,8
18604,106,115,-9,9
18605,47,61,-14,14
18606,63,62,1,1
18607,99,97,2,2
18608,47,64,-17,17
18609,111,103,8,8
18610,111,107,4,4
18611,152,137,15,15
18612,91,103,-12,12
18613,111,112,-1,1
18614,103,118,-15,15
18615,80,90,-10,10
18616,133,129,4,4
18617,83,78,5,5
18618,67,64,3,3
18619,124,128,-4,4
18620,93,104,-11,11
18621,80,83,-3,3
18622,64,69,-5,5
18623,74,91,-17,17
18624,92,96,-4,4
18625,122,110,12,12
18626,92,104,-12,12
18627,111,111,0,0
18628,148,126,22,22
18629,102,94,8,8
18630,101,107,-6,6
18631,89,93,-4,4
18632,94,105,-11,11
18633,78,78,0,0
18634,88,74,14,14
18635,87,102,-15,15
18636,59,60,-1,1
18637,75,81,-6,6
18638,101,104,-3,3
18639,96,101,-5,5
18640,64,63,1,1
18641,106,114,-8,8
18642,90,96,-6,6
18643,95,101,-6,6
18644,107,112,-5,5
18645,95,99,-4,4
18646,78,91,-13,13
18647,124,155,-31,31
18648,142,141,1,1
18649,73,70,3,3
18650,111,112,-1,1
18651,92,81,11,11
18652,205,181,24,24
18653,93,93,0,0
18654,87,102,-15,15
18655,43,61,-18,18
18656,51,62,-11,11
18657,102,105,-3,3
18658,85,99,-14,14
18659,152,144,8,8
18660,69,78,-9,9
18661,47,60,-13,13
18662,52,61,-9,9
18663,94,100,-6,6
18664,149,139,10,10
18665,81,69,12,12
18666,96,91,5,5
18667,88,91,-3,3
18668,81,74,7,7
18669,129,118,11,11
18670,107,136,-29,29
18671,93,89,4,4
18672,90,97,-7,7
18673,72,77,-5,5
18674,82,90,-8,8
18675,73,74,-1,1
18676,102,105,-3,3
18677,52,63,-11,11
18678,79,95,-16,16
18679,131,119,12,12
18680,56,61,-5,5
18681,58,62,-4,4
18682,66,64,2,2
18683,58,63,-5,5
18684,76,84,-8,8
18685,83,83,0,0
18686,84,83,1,1
18687,100,110,-10,10
18688,114,105,9,9
18689,112,112,0,0
18690,104,98,6,6
18691,110,110,0,0
18692,160,155,5,5
18693,98,98,0,0
18694,122,132,-10,10
18695,39,62,-23,23
18696,120,117,3,3
18697,84,89,-5,5
18698,64,107,-43,43
18699,87,98,-11,11
18700,102,101,1,1
18701,87,92,-5,5
18702,76,69,7,7
18703,132,123,9,9
18704,65,62,3,3
18705,136,115,21,21
18706,87,73,14,14
18707,93,93,0,0
18708,130,122,8,8
18709,96,95,1,1
18710,93,93,0,0
18711,67,75,-8,8
18712,116,115,1,1
18713,81,91,-10,10
18714,107,112,-5,5
18715,70,66,4,4
18716,113,105,8,8
18717,78,86,-8,8
18718,93,93,0,0
18719,62,69,-7,7
18720,43,62,-19,19
18721,81,75,6,6
18722,85,88,-3,3
18723,128,112,16,16
18724,110,112,-2,2
18725,37,61,-24,24
18726,66,72,-6,6
18727,56,62,-6,6
18728,95,97,-2,2
18729,95,100,-5,5
18730,92,94,-2,2
18731,99,106,-7,7
18732,75,84,-9,9
18733,186,153,33,33
18734,30,61,-31,31
18735,63,64,-1,1
18736,60,59,1,1
18737,38,62,-24,24
18738,70,80,-10,10
18739,85,92,-7,7
18740,71,63,8,8
18741,122,123,-1,1
18742,45,55,-10,10
18743,94,94,0,0
18744,133,128,5,5
18745,89,83,6,6
18746,85,80,5,5
18747,80,82,-2,2
18748,141,124,17,17
18749,108,106,2,2
18750,39,59,-20,20
18751,85,100,-15,15
18752,99,102,-3,3
18753,81,77,4,4
18754,123,120,3,3
18755,98,96,2,2
18756,81,93,-12,12
18757,110,112,-2,2
18758,64,72,-8,8
18759,75,87,-12,12
18760,59,61,-2,2
18761,66,72,-6,6
18762,81,72,9,9
18763,92,94,-2,2
18764,115,110,5,5
18765,129,130,-1,1
18766,99,95,4,4
18767,72,75,-3,3
18768,91,94,-3,3
18769,69,71,-2,2
18770,80,69,11,11
18771,89,98,-9,9
18772,92,105,-13,13
18773,95,99,-4,4
18774,166,147,19,19
18775,61,62,-1,1
18776,59,63,-4,4
18777,42,57,-15,15
18778,53,62,-9,9
18779,101,102,-1,1
18780,90,86,4,4
18781,116,108,8,8
18782,83,77,6,6
18783,89,93,-4,4
18784,121,116,5,5
18785,74,61,13,13
18786,113,103,10,10
18787,85,92,-7,7
18788,137,128,9,9
18789,72,92,-20,20
18790,78,70,8,8
18791,113,119,-6,6
18792,144,118,26,26
18793,54,61,-7,7
18794,74,71,3,3
18795,72,71,1,1
18796,73,75,-2,2
18797,163,142,21,21
18798,96,97,-1,1
18799,90,93,-3,3
18800,64,65,-1,1
18801,61,60,1,1
18802,79,79,0,0
18803,118,119,-1,1
18804,70,68,2,2
18805,108,107,1,1
18806,83,108,-25,25
18807,55,63,-8,8
18808,139,134,5,5
18809,49,62,-13,13
18810,159,143,16,16
18811,30,57,-27,27
18812,111,112,-1,1
18813,112,111,1,1
18814,149,148,1,1
18815,104,103,1,1
18816,166,135,31,31
18817,76,73,3,3
18818,128,131,-3,3
18819,54,63,-9,9
18820,99,106,-7,7
18821,53,61,-8,8
18822,98,94,4,4
18823,94,100,-6,6
18824,144,159,-15,15
18825,47,60,-13,13
18826,124,128,-4,4
18827,137,145,-8,8
18828,55,62,-7,7
18829,79,71,8,8
18830,103,104,-1,1
18831,67,72,-5,5
18832,45,61,-16,16
18833,129,113,16,16
18834,33,60,-27,27
18835,108,108,0,0
18836,68,65,3,3
18837,165,149,16,16
18838,108,100,8,8
18839,142,119,23,23
18840,108,109,-1,1
18841,56,61,-5,5
18842,73,79,-6,6
18843,121,119,2,2
18844,139,139,0,0
18845,124,118,6,6
18846,59,60,-1,1
18847,98,118,-20,20
18848,42,61,-19,19
18849,94,102,-8,8
18850,120,109,11,11
18851,64,68,-4,4
18852,52,62,-10,10
18853,193,174,19,19
18854,99,101,-2,2
18855,73,84,-11,11
18856,166,133,33,33
18857,116,113,3,3
18858,69,88,-19,19
18859,67,65,2,2
18860,81,92,-11,11
18861,112,102,10,10
18862,120,108,12,12
18863,67,62,5,5
18864,105,95,10,10
18865,146,132,14,14
18866,110,102,8,8
18867,90,100,-10,10
18868,94,88,6,6
18869,106,117,-11,11
18870,95,96,-1,1
18871,112,111,1,1
18872,104,97,7,7
18873,60,64,-4,4
18874,93,76,17,17
18875,171,165,6,6
18876,57,57,0,0
18877,106,100,6,6
18878,83,93,-10,10
18879,65,59,6,6
18880,111,111,0,0
18881,117,117,0,0
18882,71,77,-6,6
18883,46,64,-18,18
18884,87,102,-15,15
18885,80,75,5,5
18886,58,60,-2,2
18887,47,45,2,2
18888,196,173,23,23
18889,100,104,-4,4
18890,122,121,1,1
18891,126,133,-7,7
18892,61,64,-3,3
18893,68,71,-3,3
18894,90,100,-10,10
18895,96,104,-8,8
18896,154,154,0,0
18897,153,149,4,4
18898,83,83,0,0
18899,130,124,6,6
18900,110,104,6,6
18901,122,117,5,5
18902,85,79,6,6
18903,55,61,-6,6
18904,85,82,3,3
18905,122,119,3,3
18906,71,66,5,5
18907,149,138,11,11
18908,101,98,3,3
18909,81,95,-14,14
18910,95,94,1,1
18911,120,116,4,4
18912,137,138,-1,1
18913,132,139,-7,7
18914,83,73,10,10
18915,121,118,3,3
18916,121,113,8,8
18917,125,137,-12,12
18918,81,86,-5,5
18919,137,136,1,1
18920,89,90,-1,1
18921,113,107,6,6
18922,23,60,-37,37
18923,123,111,12,12
18924,172,162,10,10
18925,64,64,0,0
18926,122,128,-6,6
18927,67,65,2,2
18928,86,89,-3,3
18929,42,61,-19,19
18930,126,117,9,9
18931,148,129,19,19
18932,81,70,11,11
18933,78,84,-6,6
18934,74,73,1,1
18935,52,61,-9,9
18936,67,66,1,1
18937,69,69,0,0
18938,76,88,-12,12
18939,56,60,-4,4
18940,103,113,-10,10
18941,86,97,-11,11
18942,67,78,-11,11
18943,74,81,-7,7
18944,61,61,0,0
18945,42,62,-20,20
18946,106,104,2,2
18947,59,62,-3,3
18948,65,63,2,2
18949,148,147,1,1
18950,161,150,11,11
18951,140,126,14,14
18952,140,133,7,7
18953,70,75,-5,5
18954,157,144,13,13
18955,70,81,-11,11
18956,110,117,-7,7
18957,132,153,-21,21
18958,40,55,-15,15
18959,115,107,8,8
18960,165,157,8,8
18961,46,62,-16,16
18962,108,118,-10,10
18963,145,135,10,10
18964,153,143,10,10
18965,64,64,0,0
18966,104,105,-1,1
18967,104,94,10,10
18968,103,95,8,8
18969,99,109,-10,10
18970,58,63,-5,5
18971,78,72,6,6
18972,116,114,2,2
18973,95,112,-17,17
18974,77,73,4,4
18975,100,105,-5,5
18976,147,138,9,9
18977,73,71,2,2
18978,90,97,-7,7
18979,91,95,-4,4
18980,136,125,11,11
18981,156,140,16,16
18982,71,70,1,1
18983,65,65,0,0
18984,82,81,1,1
18985,116,114,2,2
18986,134,124,10,10
18987,70,72,-2,2
18988,98,97,1,1
18989,194,170,24,24
18990,58,61,-3,3
18991,111,154,-43,43
18992,55,61,-6,6
18993,105,104,1,1
18994,85,92,-7,7
18995,105,99,6,6
18996,83,93,-10,10
18997,96,92,4,4
18998,83,80,3,3
18999,153,143,10,10
19000,81,88,-7,7
19001,60,63,-3,3
19002,137,131,6,6
19003,140,129,11,11
19004,88,95,-7,7
19005,124,121,3,3
19006,101,97,4,4
19007,84,77,7,7
19008,99,97,2,2
19009,59,60,-1,1
19010,83,97,-14,14
19011,113,120,-7,7
19012,83,92,-9,9
19013,65,66,-1,1
19014,52,61,-9,9
19015,120,121,-1,1
19016,102,96,6,6
19017,50,88,-38,38
19018,134,137,-3,3
19019,90,93,-3,3
19020,79,72,7,7
19021,78,88,-10,10
19022,122,113,9,9
19023,69,70,-1,1
19024,72,72,0,0
19025,71,73,-2,2
19026,112,118,-6,6
19027,111,101,10,10
19028,96,100,-4,4
19029,96,96,0,0
19030,67,67,0,0
19031,102,106,-4,4
19032,71,81,-10,10
19033,147,139,8,8
19034,123,123,0,0
19035,89,77,12,12
19036,72,80,-8,8
19037,81,91,-10,10
19038,61,61,0,0
19039,79,75,4,4
19040,112,105,7,7
19041,167,164,3,3
19042,74,78,-4,4
19043,122,112,10,10
19044,78,91,-13,13
19045,64,78,-14,14
19046,72,74,-2,2
19047,90,84,6,6
19048,86,80,6,6
19049,122,117,5,5
19050,70,61,9,9
19051,80,83,-3,3
19052,55,62,-7,7
19053,86,75,11,11
19054,117,115,2,2
19055,95,96,-1,1
19056,88,94,-6,6
19057,123,110,13,13
19058,102,98,4,4
19059,73,69,4,4
19060,33,61,-28,28
19061,133,119,14,14
19062,65,73,-8,8
19063,75,60,15,15
19064,39,62,-23,23
19065,119,111,8,8
19066,88,91,-3,3
19067,110,100,10,10
19068,59,65,-6,6
19069,94,103,-9,9
19070,90,91,-1,1
19071,64,64,0,0
19072,111,110,1,1
19073,95,98,-3,3
19074,77,80,-3,3
19075,60,63,-3,3
19076,151,141,10,10
19077,90,85,5,5
19078,65,66,-1,1
19079,100,112,-12,12
19080,59,64,-5,5
19081,89,91,-2,2
19082,91,103,-12,12
19083,152,138,14,14
19084,58,60,-2,2
19085,98,106,-8,8
19086,111,108,3,3
19087,94,92,2,2
19088,98,103,-5,5
19089,99,95,4,4
19090,132,126,6,6
19091,99,117,-18,18
19092,163,166,-3,3
19093,105,117,-12,12
19094,109,109,0,0
19095,49,62,-13,13
19096,97,110,-13,13
19097,153,146,7,7
19098,73,111,-38,38
19099,71,75,-4,4
19100,89,81,8,8
19101,110,102,8,8
19102,73,73,0,0
19103,151,131,20,20
19104,146,143,3,3
19105,74,70,4,4
19106,76,67,9,9
19107,57,208,-151,151
19108,96,89,7,7
19109,143,122,21,21
19110,98,82,16,16
19111,74,77,-3,3
19112,78,72,6,6
19113,139,150,-11,11
19114,81,88,-7,7
19115,74,86,-12,12
19116,81,81,0,0
19117,149,161,-12,12
19118,59,67,-8,8
19119,92,100,-8,8
19120,88,89,-1,1
19121,94,99,-5,5
19122,106,105,1,1
19123,143,128,15,15
19124,61,67,-6,6
19125,84,79,5,5
19126,107,114,-7,7
19127,129,128,1,1
19128,80,78,2,2
19129,89,94,-5,5
19130,159,146,13,13
19131,44,62,-18,18
19132,116,115,1,1
19133,79,82,-3,3
19134,82,76,6,6
19135,77,79,-2,2
19136,124,112,12,12
19137,97,101,-4,4
19138,62,68,-6,6
19139,65,67,-2,2
19140,78,69,9,9
19141,105,103,2,2
19142,107,112,-5,5
19143,60,66,-6,6
19144,63,62,1,1
19145,71,68,3,3
19146,122,121,1,1
19147,76,75,1,1
19148,137,136,1,1
19149,89,92,-3,3
19150,87,96,-9,9
19151,147,140,7,7
19152,121,135,-14,14
19153,91,87,4,4
19154,62,62,0,0
19155,77,90,-13,13
19156,95,95,0,0
19157,71,70,1,1
19158,129,133,-4,4
19159,114,114,0,0
19160,196,180,16,16
19161,113,112,1,1
19162,122,112,10,10
19163,120,110,10,10
19164,104,114,-10,10
19165,99,99,0,0
19166,80,83,-3,3
19167,69,81,-12,12
19168,100,107,-7,7
19169,63,65,-2,2
19170,145,129,16,16
19171,55,62,-7,7
19172,91,91,0,0
19173,148,139,9,9
19174,75,69,6,6
19175,106,103,3,3
19176,179,158,21,21
19177,86,97,-11,11
19178,72,73,-1,1
19179,127,136,-9,9
19180,68,61,7,7
19181,69,90,-21,21
19182,136,133,3,3
19183,91,95,-4,4
19184,102,106,-4,4
19185,128,116,12,12
19186,94,95,-1,1
19187,105,103,2,2
19188,146,134,12,12
19189,72,65,7,7
19190,105,103,2,2
19191,137,127,10,10
19192,169,157,12,12
19193,130,149,-19,19
19194,126,121,5,5
19195,125,116,9,9
19196,102,106,-4,4
19197,74,70,4,4
19198,74,93,-19,19
19199,97,98,-1,1
19200,113,106,7,7
19201,54,62,-8,8
19202,127,106,21,21
19203,73,87,-14,14
19204,145,144,1,1
19205,117,111,6,6
19206,123,117,6,6
19207,188,160,28,28
19208,75,79,-4,4
19209,76,90,-14,14
19210,45,62,-17,17
19211,86,90,-4,4
19212,74,81,-7,7
19213,103,112,-9,9
19214,140,123,17,17
19215,95,98,-3,3
19216,102,108,-6,6
19217,34,62,-28,28
19218,101,98,3,3
19219,62,71,-9,9
19220,81,93,-12,12
19221,84,90,-6,6
19222,114,122,-8,8
19223,90,84,6,6
19224,66,99,-33,33
19225,98,99,-1,1
19226,68,71,-3,3
19227,115,109,6,6
19228,101,89,12,12
19229,137,123,14,14
19230,125,126,-1,1
19231,84,91,-7,7
19232,43,62,-19,19
19233,99,97,2,2
19234,126,126,0,0
19235,97,99,-2,2
19236,105,103,2,2
19237,74,88,-14,14
19238,108,106,2,2
19239,70,65,5,5
19240,49,62,-13,13
19241,133,124,9,9
19242,105,100,5,5
19243,147,140,7,7
19244,98,100,-2,2
19245,124,123,1,1
19246,73,74,-1,1
19247,78,69,9,9
19248,106,110,-4,4
19249,63,61,2,2
19250,87,94,-7,7
19251,80,77,3,3
19252,101,100,1,1
19253,80,79,1,1
19254,107,100,7,7
19255,65,71,-6,6
19256,62,63,-1,1
19257,124,121,3,3
19258,37,61,-24,24
19259,109,104,5,5
19260,48,62,-14,14
19261,152,132,20,20
19262,163,150,13,13
19263,126,119,7,7
19264,62,105,-43,43
19265,128,133,-5,5
19266,104,104,0,0
19267,110,121,-11,11
19268,79,88,-9,9
19269,79,82,-3,3
19270,145,138,7,7
19271,74,79,-5,5
19272,59,63,-4,4
19273,107,105,2,2
19274,88,94,-6,6
19275,47,62,-15,15
19276,111,113,-2,2
19277,108,103,5,5
19278,133,116,17,17
19279,155,153,2,2
19280,85,90,-5,5
19281,135,121,14,14
19282,104,100,4,4
19283,149,147,2,2
19284,78,80,-2,2
19285,76,76,0,0
19286,96,100,-4,4
19287,130,118,12,12
19288,90,90,0,0
19289,55,103,-48,48
19290,123,125,-2,2
19291,65,63,2,2
19292,69,65,4,4
19293,50,60,-10,10
19294,51,59,-8,8
19295,81,71,10,10
19296,108,111,-3,3
19297,81,83,-2,2
19298,42,63,-21,21
19299,141,117,24,24
19300,66,72,-6,6
19301,103,100,3,3
19302,147,135,12,12
19303,105,95,10,10
19304,136,114,22,22
19305,58,66,-8,8
19306,108,96,12,12
19307,63,63,0,0
19308,116,114,2,2
19309,147,138,9,9
19310,73,72,1,1
19311,92,96,-4,4
19312,63,67,-4,4
19313,98,102,-4,4
19314,153,145,8,8
19315,98,95,3,3
19316,68,76,-8,8
19317,70,62,8,8
19318,69,130,-61,61
19319,68,64,4,4
19320,66,65,1,1
19321,83,80,3,3
19322,113,105,8,8
19323,123,113,10,10
19324,39,61,-22,22
19325,127,114,13,13
19326,119,115,4,4
19327,80,77,3,3
19328,202,214,-12,12
19329,71,80,-9,9
19330,49,60,-11,11
19331,73,88,-15,15
19332,90,100,-10,10
19333,86,81,5,5
19334,71,87,-16,16
19335,62,67,-5,5
19336,89,93,-4,4
19337,205,179,26,26
19338,157,145,12,12
19339,95,113,-18,18
19340,54,65,-11,11
19341,86,91,-5,5
19342,105,109,-4,4
19343,51,62,-11,11
19344,56,96,-40,40
19345,142,146,-4,4
19346,151,135,16,16
19347,72,70,2,2
19348,71,88,-17,17
19349,73,70,3,3
19350,58,62,-4,4
19351,175,200,-25,25
19352,132,125,7,7
19353,102,103,-1,1
19354,115,111,4,4
19355,92,109,-17,17
19356,77,79,-2,2
19357,113,112,1,1
19358,103,109,-6,6
19359,147,155,-8,8
19360,93,121,-28,28
19361,105,108,-3,3
19362,95,93,2,2
19363,158,144,14,14
19364,117,114,3,3
19365,113,133,-20,20
19366,84,77,7,7
19367,64,72,-8,8
19368,98,103,-5,5
19369,91,101,-10,10
19370,106,99,7,7
19371,57,63,-6,6
19372,130,123,7,7
19373,67,74,-7,7
19374,60,67,-7,7
19375,80,75,5,5
19376,109,109,0,0
19377,56,88,-32,32
19378,61,72,-11,11
19379,162,149,13,13
19380,105,102,3,3
19381,118,110,8,8
19382,88,82,6,6
19383,61,61,0,0
19384,101,99,2,2
19385,130,131,-1,1
19386,116,108,8,8
19387,66,89,-23,23
19388,67,78,-11,11
19389,68,80,-12,12
19390,54,62,-8,8
19391,76,86,-10,10
19392,91,95,-4,4
19393,48,62,-14,14
19394,108,105,3,3
19395,50,61,-11,11
19396,121,130,-9,9
19397,55,60,-5,5
19398,99,101,-2,2
19399,109,109,0,0
19400,129,124,5,5
19401,59,62,-3,3
19402,193,179,14,14
19403,115,109,6,6
19404,168,161,7,7
19405,109,107,2,2
19406,79,95,-16,16
19407,69,67,2,2
19408,124,131,-7,7
19409,86,99,-13,13
19410,108,106,2,2
19411,57,62,-5,5
19412,69,64,5,5
19413,73,80,-7,7
19414,93,102,-9,9
19415,108,105,3,3
19416,47,61,-14,14
19417,96,95,1,1
19418,136,136,0,0
19419,62,61,1,1
19420,35,60,-25,25
19421,168,167,1,1
19422,72,63,9,9
19423,53,61,-8,8
19424,181,173,8,8
19425,106,100,6,6
19426,110,124,-14,14
19427,71,70,1,1
19428,81,95,-14,14
19429,66,64,2,2
19430,96,105,-9,9
19431,94,93,1,1
19432,101,96,5,5
19433,56,63,-7,7
19434,161,141,20,20
19435,120,111,9,9
19436,90,95,-5,5
19437,74,79,-5,5
19438,119,111,8,8
19439,120,114,6,6
19440,116,135,-19,19
19441,72,73,-1,1
19442,100,94,6,6
19443,72,76,-4,4
19444,152,146,6,6
19445,65,72,-7,7
19446,84,84,0,0
19447,100,99,1,1
19448,116,104,12,12
19449,88,93,-5,5
19450,94,105,-11,11
19451,76,73,3,3
19452,70,74,-4,4
19453,72,102,-30,30
19454,114,111,3,3
19455,95,99,-4,4
19456,88,83,5,5
19457,103,130,-27,27
19458,82,84,-2,2
19459,66,80,-14,14
19460,126,111,15,15
19461,215,238,-23,23
19462,127,125,2,2
19463,71,67,4,4
19464,106,96,10,10
19465,125,121,4,4
19466,98,95,3,3
19467,80,99,-19,19
19468,76,82,-6,6
19469,126,120,6,6
19470,45,62,-17,17
19471,98,100,-2,2
19472,75,74,1,1
19473,76,67,9,9
19474,103,108,-5,5
19475,149,153,-4,4
19476,110,110,0,0
19477,71,70,1,1
19478,121,140,-19,19
19479,86,89,-3,3
19480,44,61,-17,17
19481,126,121,5,5
19482,145,127,18,18
19483,94,105,-11,11
19484,49,62,-13,13
19485,99,99,0,0
19486,75,91,-16,16
19487,77,99,-22,22
19488,65,72,-7,7
19489,117,112,5,5
19490,87,89,-2,2
19491,87,102,-15,15
19492,138,134,4,4
19493,66,66,0,0
19494,100,93,7,7
19495,107,102,5,5
19496,82,107,-25,25
19497,76,90,-14,14
19498,67,77,-10,10
19499,40,61,-21,21
19500,88,97,-9,9
19501,184,168,16,16
19502,92,89,3,3
19503,134,132,2,2
19504,105,105,0,0
19505,112,112,0,0
19506,70,68,2,2
19507,70,71,-1,1
19508,57,60,-3,3
19509,120,115,5,5
19510,98,103,-5,5
19511,115,110,5,5
19512,84,101,-17,17
19513,97,97,0,0
19514,85,91,-6,6
19515,67,71,-4,4
19516,93,88,5,5
19517,123,122,1,1
19518,52,137,-85,85
19519,113,109,4,4
19520,63,66,-3,3
19521,97,95,2,2
19522,103,101,2,2
19523,91,100,-9,9
19524,74,76,-2,2
19525,110,119,-9,9
19526,162,149,13,13
19527,98,99,-1,1
19528,103,100,3,3
19529,96,109,-13,13
19530,35,60,-25,25
19531,85,94,-9,9
19532,69,70,-1,1
19533,80,67,13,13
19534,60,61,-1,1
19535,87,100,-13,13
19536,77,79,-2,2
19537,139,131,8,8
19538,51,62,-11,11
19539,122,111,11,11
19540,125,113,12,12
19541,63,60,3,3
19542,125,115,10,10
19543,85,97,-12,12
19544,112,111,1,1
19545,58,68,-10,10
19546,104,104,0,0
19547,120,111,9,9
19548,43,61,-18,18
19549,90,104,-14,14
19550,29,61,-32,32
19551,92,89,3,3
19552,99,86,13,13
19553,55,62,-7,7
19554,66,62,4,4
19555,78,78,0,0
19556,67,62,5,5
19557,91,84,7,7
19558,143,124,19,19
19559,86,97,-11,11
19560,57,68,-11,11
19561,96,94,2,2
19562,101,115,-14,14
19563,58,62,-4,4
19564,113,105,8,8
19565,44,62,-18,18
19566,140,121,19,19
19567,150,143,7,7
19568,117,121,-4,4
19569,86,93,-7,7
19570,99,96,3,3
19571,114,105,9,9
19572,81,81,0,0
19573,64,62,2,2
19574,132,132,0,0
19575,82,89,-7,7
19576,141,133,8,8
19577,68,87,-19,19
19578,137,125,12,12
19579,75,71,4,4
19580,71,71,0,0
19581,59,53,6,6
19582,45,61,-16,16
19583,70,69,1,1
19584,107,104,3,3
19585,59,61,-2,2
19586,41,62,-21,21
19587,65,69,-4,4
19588,50,62,-12,12
19589,88,94,-6,6
19590,114,114,0,0
19591,64,60,4,4
19592,154,150,4,4
19593,64,69,-5,5
19594,46,66,-20,20
19595,120,114,6,6
19596,80,81,-1,1
19597,52,61,-9,9
19598,88,109,-21,21
19599,65,96,-31,31
19600,49,61,-12,12
19601,82,97,-15,15
19602,108,121,-13,13
19603,59,69,-10,10
19604,68,69,-1,1
19605,99,93,6,6
19606,100,99,1,1
19607,100,98,2,2
19608,156,143,13,13
19609,91,100,-9,9
19610,152,144,8,8
19611,125,114,11,11
19612,60,63,-3,3
19613,43,62,-19,19
19614,48,61,-13,13
19615,94,102,-8,8
19616,70,65,5,5
19617,52,62,-10,10
19618,70,67,3,3
19619,154,135,19,19
19620,133,129,4,4
19621,72,69,3,3
19622,79,90,-11,11
19623,111,116,-5,5
19624,72,69,3,3
19625,147,150,-3,3
19626,94,94,0,0
19627,41,61,-20,20
19628,79,91,-12,12
19629,61,61,0,0
19630,68,72,-4,4
19631,70,66,4,4
19632,80,90,-10,10
19633,58,66,-8,8
19634,45,62,-17,17
19635,187,169,18,18
19636,84,88,-4,4
19637,76,73,3,3
19638,154,146,8,8
19639,139,128,11,11
19640,173,160,13,13
19641,75,65,10,10
19642,148,135,13,13
19643,174,161,13,13
19644,100,107,-7,7
19645,29,61,-32,32
19646,102,95,7,7
19647,67,69,-2,2
19648,51,61,-10,10
19649,133,109,24,24
19650,36,62,-26,26
19651,66,63,3,3
19652,65,60,5,5
19653,73,75,-2,2
19654,151,160,-9,9
19655,87,82,5,5
19656,138,139,-1,1
19657,65,66,-1,1
19658,97,95,2,2
19659,84,92,-8,8
19660,171,156,15,15
19661,110,104,6,6
19662,120,113,7,7
19663,99,97,2,2
19664,135,157,-22,22
19665,90,92,-2,2
19666,70,66,4,4
19667,99,104,-5,5
19668,58,62,-4,4
19669,109,132,-23,23
19670,77,79,-2,2
19671,74,71,3,3
19672,134,131,3,3
19673,130,115,15,15
19674,65,64,1,1
19675,109,104,5,5
19676,75,83,-8,8
19677,125,121,4,4
19678,99,99,0,0
19679,147,143,4,4
19680,160,149,11,11
19681,49,61,-12,12
19682,62,68,-6,6
19683,332,323,9,9
19684,127,122,5,5
19685,34,63,-29,29
19686,145,137,8,8
19687,108,101,7,7
19688,66,69,-3,3
19689,65,67,-2,2
19690,157,139,18,18
19691,89,92,-3,3
19692,97,104,-7,7
19693,116,110,6,6
19694,102,102,0,0
19695,118,121,-3,3
19696,161,153,8,8
19697,97,116,-19,19
19698,40,62,-22,22
19699,63,62,1,1
19700,70,80,-10,10
19701,83,81,2,2
19702,100,103,-3,3
19703,76,74,2,2
19704,105,102,3,3
19705,72,95,-23,23
19706,69,86,-17,17
19707,136,134,2,2
19708,126,108,18,18
19709,130,129,1,1
19710,116,116,0,0
19711,87,87,0,0
19712,100,105,-5,5
19713,100,95,5,5
19714,55,63,-8,8
19715,92,96,-4,4
19716,101,99,2,2
19717,149,143,6,6
19718,98,91,7,7
19719,89,93,-4,4
19720,40,52,-12,12
19721,91,92,-1,1
19722,103,105,-2,2
19723,88,89,-1,1
19724,76,94,-18,18
19725,43,61,-18,18
19726,60,65,-5,5
19727,165,148,17,17
19728,148,158,-10,10
19729,114,109,5,5
19730,97,90,7,7
19731,141,139,2,2
19732,82,107,-25,25
19733,89,93,-4,4
19734,141,137,4,4
19735,31,60,-29,29
19736,87,101,-14,14
19737,83,93,-10,10
19738,64,67,-3,3
19739,68,74,-6,6
19740,75,68,7,7
19741,102,101,1,1
19742,54,63,-9,9
19743,108,112,-4,4
19744,104,97,7,7
19745,132,128,4,4
19746,77,73,4,4
19747,130,125,5,5
19748,46,60,-14,14
19749,83,46,37,37
19750,79,85,-6,6
19751,180,157,23,23
19752,118,122,-4,4
19753,105,116,-11,11
19754,93,99,-6,6
19755,81,80,1,1
19756,61,67,-6,6
19757,142,139,3,3
19758,93,98,-5,5
19759,100,102,-2,2
19760,146,138,8,8
19761,64,67,-3,3
19762,116,112,4,4
19763,55,58,-3,3
19764,55,63,-8,8
19765,86,101,-15,15
19766,90,93,-3,3
19767,146,137,9,9
19768,55,62,-7,7
19769,76,81,-5,5
19770,48,61,-13,13
19771,84,68,16,16
19772,62,61,1,1
19773,93,93,0,0
19774,104,100,4,4
19775,108,120,-12,12
19776,83,93,-10,10
19777,57,61,-4,4
19778,76,76,0,0
19779,100,125,-25,25
19780,96,98,-2,2
19781,124,98,26,26
19782,55,67,-12,12
19783,61,63,-2,2
19784,104,101,3,3
19785,70,71,-1,1
19786,94,91,3,3
19787,64,64,0,0
19788,113,114,-1,1
19789,92,97,-5,5
19790,136,137,-1,1
19791,115,114,1,1
19792,103,112,-9,9
19793,84,93,-9,9
19794,60,63,-3,3
19795,83,120,-37,37
19796,127,123,4,4
19797,137,125,12,12
19798,64,61,3,3
19799,180,168,12,12
19800,144,128,16,16
19801,82,78,4,4
19802,89,84,5,5
19803,122,130,-8,8
19804,85,90,-5,5
19805,127,121,6,6
19806,86,86,0,0
19807,81,92,-11,11
19808,102,105,-3,3
19809,104,89,15,15
19810,47,61,-14,14
19811,163,143,20,20
19812,102,101,1,1
19813,152,131,21,21
19814,139,126,13,13
19815,88,79,9,9
19816,57,62,-5,5
19817,79,71,8,8
19818,60,59,1,1
19819,104,96,8,8
19820,92,93,-1,1
19821,74,70,4,4
19822,94,94,0,0
19823,102,106,-4,4
19824,109,104,5,5
19825,86,84,2,2
19826,85,78,7,7
19827,86,83,3,3
19828,158,136,22,22
19829,78,81,-3,3
19830,72,67,5,5
19831,127,120,7,7
19832,81,88,-7,7
19833,99,101,-2,2
19834,64,68,-4,4
19835,137,140,-3,3
19836,99,104,-5,5
19837,74,83,-9,9
19838,80,94,-14,14
19839,99,119,-20,20
19840,95,98,-3,3
19841,48,61,-13,13
19842,77,80,-3,3
19843,88,99,-11,11
19844,99,99,0,0
19845,87,85,2,2
19846,75,81,-6,6
19847,103,107,-4,4
19848,190,175,15,15
19849,88,62,26,26
19850,85,93,-8,8
19851,59,61,-2,2
19852,63,80,-17,17
19853,85,91,-6,6
19854,67,91,-24,24
19855,76,81,-5,5
19856,115,111,4,4
19857,62,64,-2,2
19858,61,75,-14,14
19859,147,135,12,12
19860,153,142,11,11
19861,68,60,8,8
19862,106,114,-8,8
19863,79,82,-3,3
19864,165,148,17,17
19865,63,63,0,0
19866,106,107,-1,1
19867,74,77,-3,3
19868,135,127,8,8
19869,76,85,-9,9
19870,113,122,-9,9
19871,77,75,2,2
19872,67,70,-3,3
19873,93,112,-19,19
19874,170,161,9,9
19875,77,84,-7,7
19876,88,91,-3,3
19877,103,100,3,3
19878,85,91,-6,6
19879,82,71,11,11
19880,70,77,-7,7
19881,94,105,-11,11
19882,44,62,-18,18
19883,103,97,6,6
19884,99,101,-2,2
19885,67,66,1,1
19886,56,63,-7,7
19887,94,95,-1,1
19888,77,82,-5,5
19889,68,65,3,3
19890,125,112,13,13
19891,110,108,2,2
19892,102,93,9,9
19893,57,62,-5,5
19894,68,90,-22,22
19895,75,77,-2,2
19896,101,98,3,3
19897,57,62,-5,5
19898,93,108,-15,15
19899,52,54,-2,2
19900,57,64,-7,7
19901,123,111,12,12
19902,111,116,-5,5
19903,62,63,-1,1
19904,89,103,-14,14
19905,114,105,9,9
19906,45,62,-17,17
19907,79,75,4,4
19908,134,122,12,12
19909,101,98,3,3
19910,92,93,-1,1
19911,74,71,3,3
19912,95,94,1,1
19913,49,62,-13,13
19914,86,83,3,3
19915,50,66,-16,16
19916,55,61,-6,6
19917,49,62,-13,13
19918,87,94,-7,7
19919,59,68,-9,9
19920,108,113,-5,5
19921,88,93,-5,5
19922,118,125,-7,7
19923,108,104,4,4
19924,38,75,-37,37
19925,94,91,3,3
19926,35,58,-23,23
19927,114,113,1,1
19928,124,112,12,12
19929,108,111,-3,3
19930,129,135,-6,6
19931,69,69,0,0
19932,108,113,-5,5
19933,66,72,-6,6
19934,62,62,0,0
19935,107,111,-4,4
19936,65,64,1,1
19937,169,149,20,20
19938,115,109,6,6
19939,116,112,4,4
19940,87,91,-4,4
19941,62,63,-1,1
19942,128,118,10,10
19943,126,127,-1,1
19944,139,136,3,3
19945,217,187,30,30
19946,147,151,-4,4
19947,117,108,9,9
19948,181,179,2,2
19949,101,137,-36,36
19950,66,69,-3,3
19951,77,74,3,3
19952,110,111,-1,1
19953,186,176,10,10
19954,60,62,-2,2
19955,68,68,0,0
19956,125,124,1,1
19957,52,63,-11,11
19958,75,74,1,1
19959,109,114,-5,5
19960,44,57,-13,13
19961,123,127,-4,4
19962,123,114,9,9
19963,69,67,2,2
19964,51,61,-10,10
19965,148,127,21,21
19966,104,95,9,9
19967,64,64,0,0
19968,82,96,-14,14
19969,82,78,4,4
19970,135,133,2,2
19971,54,63,-9,9
19972,88,78,10,10
19973,88,82,6,6
19974,102,102,0,0
19975,45,62,-17,17
19976,85,88,-3,3
19977,117,108,9,9
19978,124,112,12,12
19979,60,67,-7,7
19980,40,61,-21,21
19981,133,126,7,7
19982,101,115,-14,14
19983,80,80,0,0
19984,90,112,-22,22
19985,85,93,-8,8
19986,68,70,-2,2
19987,150,142,8,8
19988,86,85,1,1
19989,105,109,-4,4
19990,45,62,-17,17
19991,149,156,-7,7
19992,74,79,-5,5
19993,40,59,-19,19
19994,75,83,-8,8
19995,47,62,-15,15
19996,70,79,-9,9
19997,56,62,-6,6
19998,46,62,-16,16
19999,98,105,-7,7
20000,107,102,5,5
20001,121,109,12,12
20002,192,178,14,14
20003,50,60,-10,10
20004,62,79,-17,17
20005,93,94,-1,1
20006,96,94,2,2
20007,72,70,2,2
20008,134,133,1,1
20009,98,101,-3,3
20010,159,139,20,20
20011,115,112,3,3
20012,54,62,-8,8
20013,60,63,-3,3
20014,80,75,5,5
20015,103,105,-2,2
20016,89,84,5,5
20017,118,117,1,1
20018,109,104,5,5
20019,65,70,-5,5
20020,62,68,-6,6
20021,100,101,-1,1
20022,127,127,0,0
20023,54,61,-7,7
20024,113,105,8,8
20025,122,117,5,5
20026,140,133,7,7
20027,71,69,2,2
20028,86,97,-11,11
20029,94,98,-4,4
20030,124,115,9,9
20031,59,60,-1,1
20032,115,107,8,8
20033,61,63,-2,2
20034,65,65,0,0
20035,79,102,-23,23
20036,122,109,13,13
20037,97,106,-9,9
20038,64,69,-5,5
20039,107,102,5,5
20040,109,109,0,0
20041,70,68,2,2
20042,63,64,-1,1
20043,104,104,0,0
20044,88,80,8,8
20045,91,97,-6,6
20046,136,136,0,0
20047,67,67,0,0
20048,65,63,2,2
20049,97,101,-4,4
20050,114,117,-3,3
20051,122,129,-7,7
20052,76,69,7,7
20053,96,102,-6,6
20054,90,89,1,1
20055,68,65,3,3
20056,78,84,-6,6
20057,158,148,10,10
20058,77,87,-10,10
20059,65,64,1,1
20060,126,116,10,10
20061,102,97,5,5
20062,96,91,5,5
20063,120,126,-6,6
20064,44,62,-18,18
20065,68,74,-6,6
20066,170,167,3,3
20067,40,62,-22,22
20068,43,61,-18,18
20069,95,92,3,3
20070,114,106,8,8
20071,60,64,-4,4
20072,35,62,-27,27
20073,70,68,2,2
20074,126,123,3,3
20075,68,66,2,2
20076,137,137,0,0
20077,154,135,19,19
20078,139,131,8,8
20079,103,106,-3,3
20080,82,72,10,10
20081,94,104,-10,10
20082,136,127,9,9
20083,81,76,5,5
20084,51,61,-10,10
20085,126,123,3,3
20086,89,123,-34,34
20087,88,95,-7,7
20088,77,64,13,13
20089,83,91,-8,8
20090,77,68,9,9
20091,84,87,-3,3
20092,82,80,2,2
20093,65,66,-1,1
20094,113,103,10,10
20095,78,91,-13,13
20096,54,61,-7,7
20097,94,103,-9,9
20098,59,68,-9,9
20099,117,122,-5,5
20100,78,64,14,14
20101,48,62,-14,14
20102,54,66,-12,12
20103,99,109,-10,10
20104,71,75,-4,4
20105,136,127,9,9
20106,45,61,-16,16
20107,84,93,-9,9
20108,82,91,-9,9
20109,45,62,-17,17
20110,125,107,18,18
20111,50,60,-10,10
20112,71,75,-4,4
20113,89,86,3,3
20114,61,64,-3,3
20115,105,101,4,4
20116,143,135,8,8
20117,185,168,17,17
20118,48,63,-15,15
20119,98,98,0,0
20120,38,63,-25,25
20121,92,92,0,0
20122,139,132,7,7
20123,99,95,4,4
20124,106,109,-3,3
20125,60,74,-14,14
20126,96,81,15,15
20127,138,139,-1,1
20128,83,90,-7,7
20129,152,118,34,34
20130,115,119,-4,4
20131,84,97,-13,13
20132,133,125,8,8
20133,128,122,6,6
20134,78,79,-1,1
20135,93,96,-3,3
20136,105,103,2,2
20137,90,96,-6,6
20138,205,175,30,30
20139,80,81,-1,1
20140,80,79,1,1
20141,118,106,12,12
20142,60,68,-8,8
20143,101,101,0,0
20144,95,98,-3,3
20145,130,139,-9,9
20146,113,111,2,2
20147,79,91,-12,12
20148,88,91,-3,3
20149,109,106,3,3
20150,98,99,-1,1
20151,70,69,1,1
20152,92,92,0,0
20153,157,157,0,0
20154,44,62,-18,18
20155,95,89,6,6
20156,87,81,6,6
20157,109,98,11,11
20158,111,112,-1,1
20159,86,84,2,2
20160,149,146,3,3
20161,111,105,6,6
20162,45,61,-16,16
20163,150,144,6,6
20164,89,86,3,3
20165,67,76,-9,9
20166,87,100,-13,13
20167,150,136,14,14
20168,124,108,16,16
20169,96,96,0,0
20170,125,127,-2,2
20171,116,127,-11,11
20172,80,90,-10,10
20173,156,131,25,25
20174,159,154,5,5
20175,108,106,2,2
20176,90,93,-3,3
20177,117,108,9,9
20178,139,123,16,16
20179,87,89,-2,2
20180,79,69,10,10
20181,103,101,2,2
20182,157,140,17,17
20183,159,164,-5,5
20184,46,78,-32,32
20185,84,90,-6,6
20186,62,70,-8,8
20187,99,101,-2,2
20188,62,64,-2,2
20189,87,105,-18,18
20190,186,174,12,12
20191,104,98,6,6
20192,83,82,1,1
20193,82,81,1,1
20194,82,91,-9,9
20195,116,115,1,1
20196,48,61,-13,13
20197,72,79,-7,7
20198,81,79,2,2
20199,89,99,-10,10
20200,66,67,-1,1
20201,99,103,-4,4
20202,97,96,1,1
20203,83,89,-6,6
20204,57,61,-4,4
20205,95,97,-2,2
20206,81,80,1,1
20207,77,91,-14,14
20208,65,65,0,0
20209,109,106,3,3
20210,58,59,-1,1
20211,38,63,-25,25
20212,109,107,2,2
20213,128,121,7,7
20214,68,65,3,3
20215,134,132,2,2
20216,80,84,-4,4
20217,197,175,22,22
20218,105,110,-5,5
20219,78,78,0,0
20220,99,116,-17,17
20221,88,89,-1,1
20222,105,101,4,4
20223,63,71,-8,8
20224,76,106,-30,30
20225,80,81,-1,1
20226,68,71,-3,3
20227,97,98,-1,1
20228,107,101,6,6
20229,96,77,19,19
20230,120,129,-9,9
20231,110,101,9,9
20232,67,70,-3,3
20233,154,133,21,21
20234,133,116,17,17
20235,98,98,0,0
20236,93,93,0,0
20237,93,97,-4,4
20238,95,100,-5,5
20239,96,95,1,1
20240,66,70,-4,4
20241,54,62,-8,8
20242,89,92,-3,3
20243,165,147,18,18
20244,189,183,6,6
20245,62,68,-6,6
20246,49,61,-12,12
20247,59,61,-2,2
20248,82,82,0,0
20249,75,80,-5,5
20250,121,112,9,9
20251,116,125,-9,9
20252,185,176,9,9
20253,139,132,7,7
20254,73,81,-8,8
20255,147,144,3,3
20256,109,117,-8,8
20257,119,115,4,4
20258,83,80,3,3
20259,122,122,0,0
20260,84,96,-12,12
20261,130,122,8,8
20262,137,139,-2,2
20263,96,101,-5,5
20264,81,81,0,0
20265,123,115,8,8
20266,83,71,12,12
20267,104,103,1,1
20268,121,109,12,12
20269,130,120,10,10
20270,104,99,5,5
20271,107,101,6,6
20272,121,116,5,5
20273,76,79,-3,3
20274,59,63,-4,4
20275,127,126,1,1
20276,179,174,5,5
20277,70,74,-4,4
20278,83,84,-1,1
20279,83,95,-12,12
20280,52,67,-15,15
20281,58,68,-10,10
20282,116,123,-7,7
20283,57,64,-7,7
20284,107,103,4,4
20285,164,154,10,10
20286,110,104,6,6
20287,101,100,1,1
20288,159,147,12,12
20289,103,111,-8,8
20290,133,135,-2,2
20291,59,77,-18,18
20292,93,104,-11,11
20293,129,116,13,13
20294,49,65,-16,16
20295,98,102,-4,4
20296,100,99,1,1
20297,131,127,4,4
20298,140,142,-2,2
20299,87,94,-7,7
20300,138,128,10,10
20301,145,141,4,4
20302,124,115,9,9
20303,111,108,3,3
20304,128,118,10,10
20305,83,72,11,11
20306,90,103,-13,13
20307,96,100,-4,4
20308,160,149,11,11
20309,75,80,-5,5
20310,83,92,-9,9
20311,115,112,3,3
20312,78,89,-11,11
20313,91,92,-1,1
20314,60,58,2,2
20315,92,93,-1,1
20316,107,98,9,9
20317,94,105,-11,11
20318,75,105,-30,30
20319,60,63,-3,3
20320,58,64,-6,6
20321,103,102,1,1
20322,68,65,3,3
20323,141,124,17,17
20324,89,100,-11,11
20325,172,154,18,18
20326,147,144,3,3
20327,94,92,2,2
20328,128,121,7,7
20329,76,81,-5,5
20330,97,93,4,4
20331,110,110,0,0
20332,89,93,-4,4
20333,72,64,8,8
20334,104,110,-6,6
20335,82,106,-24,24
20336,87,86,1,1
20337,96,99,-3,3
20338,94,103,-9,9
20339,158,157,1,1
20340,102,111,-9,9
20341,62,65,-3,3
20342,53,63,-10,10
20343,98,98,0,0
20344,96,94,2,2
20345,79,89,-10,10
20346,131,118,13,13
20347,44,62,-18,18
20348,102,95,7,7
20349,69,68,1,1
20350,106,110,-4,4
20351,128,131,-3,3
20352,49,61,-12,12
20353,123,111,12,12
20354,191,160,31,31
20355,116,103,13,13
20356,127,118,9,9
20357,42,62,-20,20
20358,124,104,20,20
20359,92,100,-8,8
20360,143,132,11,11
20361,68,69,-1,1
20362,111,107,4,4
20363,120,128,-8,8
20364,93,94,-1,1
20365,46,62,-16,16
20366,116,117,-1,1
20367,84,90,-6,6
20368,39,62,-23,23
20369,70,62,8,8
20370,59,71,-12,12
20371,107,126,-19,19
20372,59,62,-3,3
20373,115,108,7,7
20374,92,102,-10,10
20375,105,113,-8,8
20376,110,103,7,7
20377,60,60,0,0
20378,119,109,10,10
20379,106,112,-6,6
20380,90,96,-6,6
20381,63,65,-2,2
20382,103,100,3,3
20383,105,109,-4,4
20384,98,104,-6,6
20385,48,61,-13,13
20386,110,132,-22,22
20387,119,105,14,14
20388,86,94,-8,8
20389,82,101,-19,19
20390,65,66,-1,1
20391,89,92,-3,3
20392,118,120,-2,2
20393,146,133,13,13
20394,65,78,-13,13
20395,125,123,2,2
20396,87,93,-6,6
20397,89,97,-8,8
20398,75,72,3,3
20399,87,88,-1,1
20400,130,127,3,3
20401,51,61,-10,10
20402,129,135,-6,6
20403,81,81,0,0
20404,80,73,7,7
20405,66,72,-6,6
20406,47,62,-15,15
20407,103,109,-6,6
20408,77,109,-32,32
20409,60,82,-22,22
20410,133,127,6,6
20411,66,67,-1,1
20412,161,148,13,13
20413,101,109,-8,8
20414,80,92,-12,12
20415,124,125,-1,1
20416,140,132,8,8
20417,120,112,8,8
20418,141,127,14,14
20419,90,93,-3,3
20420,54,60,-6,6
20421,63,60,3,3
20422,115,116,-1,1
20423,59,67,-8,8
20424,68,71,-3,3
20425,51,59,-8,8
20426,56,61,-5,5
20427,69,80,-11,11
20428,71,72,-1,1
20429,103,109,-6,6
20430,94,100,-6,6
20431,157,164,-7,7
20432,122,116,6,6
20433,111,109,2,2
20434,120,127,-7,7
20435,103,96,7,7
20436,62,69,-7,7
20437,130,127,3,3
20438,81,90,-9,9
20439,166,136,30,30
20440,79,88,-9,9
20441,90,93,-3,3
20442,91,97,-6,6
20443,44,61,-17,17
20444,87,96,-9,9
20445,117,112,5,5
20446,101,107,-6,6
20447,106,114,-8,8
20448,102,96,6,6
20449,74,67,7,7
20450,175,157,18,18
20451,71,87,-16,16
20452,122,117,5,5
20453,165,149,16,16
20454,134,127,7,7
20455,192,179,13,13
20456,80,67,13,13
20457,65,64,1,1
20458,105,110,-5,5
20459,121,115,6,6
20460,84,90,-6,6
20461,106,112,-6,6
20462,91,92,-1,1
20463,174,167,7,7
20464,64,63,1,1
20465,58,67,-9,9
20466,76,65,11,11
20467,70,72,-2,2
20468,143,132,11,11
20469,92,93,-1,1
20470,94,98,-4,4
20471,95,94,1,1
20472,119,110,9,9
20473,101,94,7,7
20474,110,109,1,1
20475,144,149,-5,5
20476,129,140,-11,11
20477,79,78,1,1
20478,99,107,-8,8
20479,85,85,0,0
20480,142,127,15,15
20481,77,85,-8,8
20482,62,63,-1,1
20483,122,123,-1,1
20484,106,111,-5,5
20485,52,62,-10,10
20486,79,96,-17,17
20487,95,87,8,8
20488,77,83,-6,6
20489,89,93,-4,4
20490,70,77,-7,7
20491,97,96,1,1
20492,100,110,-10,10
20493,79,71,8,8
20494,138,133,5,5
20495,123,109,14,14
20496,152,130,22,22
20497,135,127,8,8
20498,83,90,-7,7
20499,118,105,13,13
20500,91,90,1,1
20501,83,90,-7,7
20502,77,80,-3,3
20503,69,71,-2,2
20504,68,69,-1,1
20505,139,130,9,9
20506,171,157,14,14
20507,80,79,1,1
20508,83,86,-3,3
20509,108,103,5,5
20510,92,95,-3,3
20511,59,64,-5,5
20512,74,71,3,3
20513,62,63,-1,1
20514,138,127,11,11
20515,55,62,-7,7
20516,85,83,2,2
20517,77,79,-2,2
20518,39,62,-23,23
20519,65,68,-3,3
20520,109,112,-3,3
20521,91,96,-5,5
20522,74,71,3,3
20523,74,85,-11,11
20524,154,139,15,15
20525,153,137,16,16
20526,40,62,-22,22
20527,110,108,2,2
20528,63,62,1,1
20529,114,110,4,4
20530,114,125,-11,11
20531,62,74,-12,12
20532,81,70,11,11
20533,49,60,-11,11
20534,63,61,2,2
20535,93,93,0,0
20536,76,69,7,7
20537,146,141,5,5
20538,87,79,8,8
20539,162,157,5,5
20540,91,101,-10,10
20541,107,129,-22,22
20542,82,94,-12,12
20543,97,96,1,1
20544,42,60,-18,18
20545,81,82,-1,1
20546,115,110,5,5
20547,120,114,6,6
20548,62,68,-6,6
20549,131,132,-1,1
20550,82,88,-6,6
20551,59,61,-2,2
20552,127,131,-4,4
20553,100,96,4,4
20554,92,90,2,2
20555,55,63,-8,8
20556,111,108,3,3
20557,92,93,-1,1
20558,111,113,-2,2
20559,189,155,34,34
20560,93,83,10,10
20561,61,61,0,0
20562,50,62,-12,12
20563,62,64,-2,2
20564,46,62,-16,16
20565,145,152,-7,7
20566,82,89,-7,7
20567,83,85,-2,2
20568,78,77,1,1
20569,69,64,5,5
20570,117,106,11,11
20571,142,132,10,10
20572,111,110,1,1
20573,72,70,2,2
20574,95,94,1,1
20575,141,123,18,18
20576,179,159,20,20
20577,85,94,-9,9
20578,286,236,50,50
20579,87,84,3,3
20580,93,96,-3,3
20581,87,84,3,3
20582,49,57,-8,8
20583,87,92,-5,5
20584,143,122,21,21
20585,98,126,-28,28
20586,70,71,-1,1
20587,112,112,0,0
20588,53,62,-9,9
20589,55,60,-5,5
20590,88,88,0,0
20591,113,114,-1,1
20592,86,91,-5,5
20593,59,56,3,3
20594,62,63,-1,1
20595,71,89,-18,18
20596,102,121,-19,19
20597,69,74,-5,5
20598,117,113,4,4
20599,79,84,-5,5
20600,131,135,-4,4
20601,45,61,-16,16
20602,81,90,-9,9
20603,62,73,-11,11
20604,82,89,-7,7
20605,86,103,-17,17
20606,52,62,-10,10
20607,79,85,-6,6
20608,108,101,7,7
20609,62,63,-1,1
20610,94,97,-3,3
20611,74,90,-16,16
20612,136,123,13,13
20613,151,141,10,10
20614,145,147,-2,2
20615,99,98,1,1
20616,169,173,-4,4
20617,69,75,-6,6
20618,54,61,-7,7
20619,93,88,5,5
20620,106,107,-1,1
20621,77,78,-1,1
20622,100,110,-10,10
20623,96,105,-9,9
20624,56,63,-7,7
20625,99,95,4,4
20626,115,116,-1,1
20627,90,92,-2,2
20628,56,63,-7,7
20629,83,71,12,12
20630,117,109,8,8
20631,75,79,-4,4
20632,88,91,-3,3
20633,80,82,-2,2
20634,150,124,26,26
20635,126,114,12,12
20636,92,95,-3,3
20637,117,112,5,5
20638,75,82,-7,7
20639,92,86,6,6
20640,72,74,-2,2
20641,45,63,-18,18
20642,55,69,-14,14
20643,123,128,-5,5
20644,127,118,9,9
20645,128,128,0,0
20646,161,156,5,5
20647,130,123,7,7
20648,87,81,6,6
20649,223,179,44,44
20650,79,89,-10,10
20651,155,136,19,19
20652,77,81,-4,4
20653,82,72,10,10
20654,101,105,-4,4
20655,89,97,-8,8
20656,106,108,-2,2
20657,68,58,10,10
20658,98,97,1,1
20659,102,106,-4,4
20660,88,80,8,8
20661,102,101,1,1
20662,173,149,24,24
20663,52,65,-13,13
20664,114,111,3,3
20665,85,77,8,8
20666,86,91,-5,5
20667,77,76,1,1
20668,81,81,0,0
20669,89,90,-1,1
20670,149,141,8,8
20671,68,84,-16,16
20672,77,72,5,5
20673,83,86,-3,3
20674,71,70,1,1
20675,71,73,-2,2
20676,91,96,-5,5
20677,56,70,-14,14
20678,80,87,-7,7
20679,129,119,10,10
20680,95,97,-2,2
20681,114,104,10,10
20682,149,131,18,18
20683,74,75,-1,1
20684,84,77,7,7
20685,72,67,5,5
20686,119,115,4,4
20687,82,75,7,7
20688,94,117,-23,23
20689,89,100,-11,11
20690,45,62,-17,17
20691,77,66,11,11
20692,169,166,3,3
20693,100,92,8,8
20694,114,106,8,8
20695,95,95,0,0
20696,97,111,-14,14
20697,224,206,18,18
20698,96,100,-4,4
20699,66,69,-3,3
20700,97,98,-1,1
20701,113,111,2,2
20702,107,111,-4,4
20703,59,72,-13,13
20704,148,148,0,0
20705,66,56,10,10
20706,151,148,3,3
20707,87,80,7,7
20708,119,110,9,9
20709,63,62,1,1
20710,122,111,11,11
20711,75,70,5,5
20712,142,135,7,7
20713,33,61,-28,28
20714,86,87,-1,1
20715,33,63,-30,30
20716,144,118,26,26
20717,124,117,7,7
20718,77,81,-4,4
20719,144,137,7,7
20720,88,99,-11,11
20721,87,94,-7,7
20722,45,62,-17,17
20723,104,94,10,10
20724,70,74,-4,4
20725,87,84,3,3
20726,139,132,7,7
20727,136,130,6,6
20728,85,77,8,8
20729,106,110,-4,4
20730,134,122,12,12
20731,98,97,1,1
20732,77,81,-4,4
20733,131,129,2,2
20734,125,139,-14,14
20735,76,82,-6,6
20736,110,108,2,2
20737,123,111,12,12
20738,56,61,-5,5
20739,62,64,-2,2
20740,59,62,-3,3
20741,96,103,-7,7
20742,107,103,4,4
20743,126,132,-6,6
20744,114,116,-2,2
20745,85,95,-10,10
20746,63,61,2,2
20747,59,76,-17,17
20748,80,75,5,5
20749,93,92,1,1
20750,82,94,-12,12
20751,73,65,8,8
20752,133,124,9,9
20753,145,128,17,17
20754,78,81,-3,3
20755,89,93,-4,4
20756,81,87,-6,6
20757,100,101,-1,1
20758,129,133,-4,4
20759,80,83,-3,3
20760,122,114,8,8
20761,26,61,-35,35
20762,151,138,13,13
20763,118,124,-6,6
20764,146,132,14,14
20765,75,74,1,1
20766,80,120,-40,40
20767,52,67,-15,15
20768,128,114,14,14
20769,76,95,-19,19
20770,73,74,-1,1
20771,55,64,-9,9
20772,94,99,-5,5
20773,115,107,8,8
20774,70,71,-1,1
20775,125,112,13,13
20776,50,63,-13,13
20777,90,96,-6,6
20778,110,106,4,4
20779,120,122,-2,2
20780,62,66,-4,4
20781,78,94,-16,16
20782,132,128,4,4
20783,46,63,-17,17
20784,140,142,-2,2
20785,97,97,0,0
20786,53,60,-7,7
20787,93,97,-4,4
20788,145,134,11,11
20789,84,94,-10,10
20790,121,123,-2,2
20791,124,123,1,1
20792,65,62,3,3
20793,129,133,-4,4
20794,111,107,4,4
20795,81,68,13,13
20796,87,72,15,15
20797,64,70,-6,6
20798,92,89,3,3
20799,74,73,1,1
20800,78,76,2,2
20801,72,91,-19,19
20802,101,102,-1,1
20803,35,62,-27,27
20804,171,154,17,17
20805,54,60,-6,6
20806,155,171,-16,16
20807,151,146,5,5
20808,45,62,-17,17
20809,87,91,-4,4
20810,115,108,7,7
20811,75,68,7,7
20812,89,95,-6,6
20813,134,123,11,11
20814,65,66,-1,1
20815,51,62,-11,11
20816,33,62,-29,29
20817,85,101,-16,16
20818,114,120,-6,6
20819,120,117,3,3
20820,83,91,-8,8
20821,106,112,-6,6
20822,41,62,-21,21
20823,101,114,-13,13
20824,134,134,0,0
20825,132,129,3,3
20826,53,63,-10,10
20827,89,88,1,1
20828,120,121,-1,1
20829,106,113,-7,7
20830,165,145,20,20
20831,59,74,-15,15
20832,77,80,-3,3
20833,105,102,3,3
20834,113,112,1,1
20835,85,86,-1,1
20836,57,62,-5,5
20837,101,112,-11,11
20838,109,107,2,2
20839,129,135,-6,6
20840,75,93,-18,18
20841,143,133,10,10
20842,48,61,-13,13
20843,115,125,-10,10
20844,57,109,-52,52
20845,76,79,-3,3
20846,79,78,1,1
20847,107,104,3,3
20848,61,67,-6,6
20849,134,131,3,3
20850,93,95,-2,2
20851,141,138,3,3
20852,81,74,7,7
20853,65,83,-18,18
20854,148,135,13,13
20855,70,78,-8,8
20856,78,95,-17,17
20857,46,61,-15,15
20858,108,112,-4,4
20859,94,95,-1,1
20860,165,156,9,9
20861,83,96,-13,13
20862,131,127,4,4
20863,91,87,4,4
20864,86,119,-33,33
20865,99,102,-3,3
20866,111,97,14,14
20867,93,95,-2,2
20868,82,111,-29,29
20869,60,76,-16,16
20870,89,91,-2,2
20871,153,143,10,10
20872,102,104,-2,2
20873,92,105,-13,13
20874,102,102,0,0
20875,118,125,-7,7
20876,75,71,4,4
20877,176,160,16,16
20878,129,117,12,12
20879,69,91,-22,22
20880,83,79,4,4
20881,124,120,4,4
20882,68,65,3,3
20883,102,100,2,2
20884,63,62,1,1
20885,96,109,-13,13
20886,120,129,-9,9
20887,75,83,-8,8
20888,111,114,-3,3
20889,181,155,26,26
20890,82,89,-7,7
20891,132,123,9,9
20892,48,70,-22,22
20893,75,78,-3,3
20894,64,65,-1,1
20895,41,62,-21,21
20896,64,83,-19,19
20897,97,103,-6,6
20898,77,88,-11,11
20899,91,91,0,0
20900,51,60,-9,9
20901,68,69,-1,1
20902,121,125,-4,4
20903,86,91,-5,5
20904,59,65,-6,6
20905,107,109,-2,2
20906,84,97,-13,13
20907,55,62,-7,7
20908,76,97,-21,21
20909,93,87,6,6
20910,40,62,-22,22
20911,118,105,13,13
20912,156,151,5,5
20913,126,119,7,7
20914,74,71,3,3
20915,96,100,-4,4
20916,121,118,3,3
20917,76,67,9,9
20918,122,127,-5,5
20919,89,86,3,3
20920,59,62,-3,3
20921,84,78,6,6
20922,83,79,4,4
20923,73,67,6,6
20924,63,62,1,1
20925,64,71,-7,7
20926,125,115,10,10
20927,101,93,8,8
20928,122,126,-4,4
20929,63,64,-1,1
20930,107,113,-6,6
20931,68,69,-1,1
20932,74,77,-3,3
20933,102,108,-6,6
20934,119,120,-1,1
20935,106,98,8,8
20936,66,65,1,1
20937,87,93,-6,6
20938,85,90,-5,5
20939,66,62,4,4
20940,145,135,10,10
20941,180,153,27,27
20942,75,80,-5,5
20943,63,72,-9,9
20944,144,138,6,6
20945,66,69,-3,3
20946,49,62,-13,13
20947,98,102,-4,4
20948,77,69,8,8
20949,105,105,0,0
20950,81,107,-26,26
20951,92,85,7,7
20952,104,110,-6,6
20953,151,141,10,10
20954,51,62,-11,11
20955,124,126,-2,2
20956,84,89,-5,5
20957,58,63,-5,5
20958,108,104,4,4
20959,41,62,-21,21
20960,151,140,11,11
20961,113,102,11,11
20962,138,125,13,13
20963,70,76,-6,6
20964,106,109,-3,3
20965,95,103,-8,8
20966,121,123,-2,2
20967,66,67,-1,1
20968,98,98,0,0
20969,70,72,-2,2
20970,142,134,8,8
20971,139,138,1,1
20972,62,67,-5,5
20973,138,143,-5,5
20974,70,69,1,1
20975,138,114,24,24
20976,105,104,1,1
20977,61,64,-3,3
20978,113,116,-3,3
20979,173,148,25,25
20980,94,95,-1,1
20981,90,88,2,2
20982,112,107,5,5
20983,43,62,-19,19
20984,140,139,1,1
20985,197,196,1,1
20986,116,110,6,6
20987,229,200,29,29
20988,119,114,5,5
20989,80,65,15,15
20990,115,114,1,1
20991,61,66,-5,5
20992,41,62,-21,21
20993,101,95,6,6
20994,185,181,4,4
20995,46,59,-13,13
20996,221,204,17,17
20997,113,108,5,5
20998,60,59,1,1
20999,116,103,13,13
21000,125,118,7,7
21001,99,99,0,0
21002,97,113,-16,16
21003,171,154,17,17
21004,79,81,-2,2
21005,73,76,-3,3
21006,80,93,-13,13
21007,148,135,13,13
21008,111,125,-14,14
21009,110,115,-5,5
21010,84,96,-12,12
21011,60,68,-8,8
21012,94,92,2,2
21013,57,62,-5,5
21014,118,115,3,3
21015,115,117,-2,2
21016,118,126,-8,8
21017,133,120,13,13
21018,67,69,-2,2
21019,148,140,8,8
21020,34,108,-74,74
21021,59,62,-3,3
21022,71,69,2,2
21023,59,60,-1,1
21024,58,66,-8,8
21025,61,61,0,0
21026,105,109,-4,4
21027,144,136,8,8
21028,135,126,9,9
21029,120,113,7,7
21030,180,175,5,5
21031,177,149,28,28
21032,115,127,-12,12
21033,138,126,12,12
21034,113,99,14,14
21035,97,97,0,0
21036,88,83,5,5
21037,108,119,-11,11
21038,106,104,2,2
21039,81,79,2,2
21040,105,103,2,2
21041,30,61,-31,31
21042,97,101,-4,4
21043,39,59,-20,20
21044,57,59,-2,2
21045,92,115,-23,23
21046,85,85,0,0
21047,94,92,2,2
21048,165,145,20,20
21049,119,124,-5,5
21050,120,113,7,7
21051,139,125,14,14
21052,42,62,-20,20
21053,78,81,-3,3
21054,78,89,-11,11
21055,73,66,7,7
21056,84,90,-6,6
21057,159,142,17,17
21058,84,95,-11,11
21059,133,126,7,7
21060,87,95,-8,8
21061,147,130,17,17
21062,83,82,1,1
21063,51,101,-50,50
21064,107,103,4,4
21065,62,63,-1,1
21066,94,93,1,1
21067,62,64,-2,2
21068,79,79,0,0
21069,177,148,29,29
21070,104,91,13,13
21071,85,97,-12,12
21072,100,98,2,2
21073,69,64,5,5
21074,119,119,0,0
21075,90,77,13,13
21076,82,76,6,6
21077,54,61,-7,7
21078,115,103,12,12
21079,74,71,3,3
21080,113,109,4,4
21081,56,61,-5,5
21082,68,75,-7,7
21083,195,177,18,18
21084,150,128,22,22
21085,62,67,-5,5
21086,71,72,-1,1
21087,81,85,-4,4
21088,131,127,4,4
21089,90,87,3,3
21090,86,96,-10,10
21091,168,167,1,1
21092,101,100,1,1
21093,109,106,3,3
21094,71,112,-41,41
21095,67,67,0,0
21096,115,109,6,6
21097,95,115,-20,20
21098,84,84,0,0
21099,74,89,-15,15
21100,69,68,1,1
21101,63,71,-8,8
21102,127,118,9,9
21103,82,94,-12,12
21104,78,79,-1,1
21105,78,85,-7,7
21106,147,147,0,0
21107,96,96,0,0
21108,72,90,-18,18
21109,65,63,2,2
21110,107,108,-1,1
21111,119,110,9,9
21112,101,96,5,5
21113,162,147,15,15
21114,119,115,4,4
21115,93,98,-5,5
21116,102,102,0,0
21117,145,138,7,7
21118,94,92,2,2
21119,83,90,-7,7
21120,166,149,17,17
21121,63,65,-2,2
21122,90,92,-2,2
21123,53,61,-8,8
21124,103,107,-4,4
21125,117,110,7,7
21126,99,102,-3,3
21127,44,58,-14,14
21128,149,136,13,13
21129,104,101,3,3
21130,225,210,15,15
21131,101,101,0,0
21132,101,100,1,1
21133,76,67,9,9
21134,80,81,-1,1
21135,70,64,6,6
21136,130,112,18,18
21137,148,138,10,10
21138,70,88,-18,18
21139,137,140,-3,3
21140,59,60,-1,1
21141,71,77,-6,6
21142,134,127,7,7
21143,116,106,10,10
21144,104,102,2,2
21145,63,70,-7,7
21146,61,62,-1,1
21147,89,110,-21,21
21148,61,62,-1,1
21149,97,100,-3,3
21150,102,100,2,2
21151,63,65,-2,2
21152,165,156,9,9
21153,88,98,-10,10
21154,112,101,11,11
21155,90,92,-2,2
21156,179,164,15,15
21157,89,101,-12,12
21158,19,63,-44,44
21159,123,115,8,8
21160,111,131,-20,20
21161,89,89,0,0
21162,86,99,-13,13
21163,92,100,-8,8
21164,93,92,1,1
21165,91,93,-2,2
21166,70,69,1,1
21167,105,103,2,2
21168,85,82,3,3
21169,78,73,5,5
21170,112,109,3,3
21171,96,100,-4,4
21172,54,63,-9,9
21173,121,111,10,10
21174,131,124,7,7
21175,66,69,-3,3
21176,61,67,-6,6
21177,80,84,-4,4
21178,89,87,2,2
21179,74,66,8,8
21180,65,85,-20,20
21181,101,106,-5,5
21182,97,90,7,7
21183,108,109,-1,1
21184,96,103,-7,7
21185,132,127,5,5
21186,62,63,-1,1
21187,82,82,0,0
21188,154,132,22,22
21189,82,92,-10,10
21190,50,62,-12,12
21191,68,60,8,8
21192,124,131,-7,7
21193,74,70,4,4
21194,149,146,3,3
21195,59,59,0,0
21196,56,61,-5,5
21197,58,63,-5,5
21198,151,152,-1,1
21199,113,107,6,6
21200,74,104,-30,30
21201,71,65,6,6
21202,86,86,0,0
21203,65,63,2,2
21204,69,74,-5,5
21205,161,151,10,10
21206,89,94,-5,5
21207,36,60,-24,24
21208,55,62,-7,7
21209,97,97,0,0
21210,89,82,7,7
21211,64,62,2,2
21212,98,102,-4,4
21213,89,86,3,3
21214,44,62,-18,18
21215,162,148,14,14
21216,126,134,-8,8
21217,82,90,-8,8
21218,77,92,-15,15
21219,81,88,-7,7
21220,137,130,7,7
21221,69,67,2,2
21222,86,90,-4,4
21223,67,68,-1,1
21224,101,99,2,2
21225,74,81,-7,7
21226,71,73,-2,2
21227,66,66,0,0
21228,104,106,-2,2
21229,111,126,-15,15
21230,86,93,-7,7
21231,96,101,-5,5
21232,79,75,4,4
21233,183,187,-4,4
21234,89,90,-1,1
21235,133,119,14,14
21236,80,79,1,1
21237,72,70,2,2
21238,109,101,8,8
21239,107,102,5,5
21240,84,76,8,8
21241,67,64,3,3
21242,102,100,2,2
21243,66,194,-128,128
21244,132,133,-1,1
21245,103,104,-1,1
21246,91,94,-3,3
21247,111,114,-3,3
21248,110,104,6,6
21249,156,154,2,2
21250,44,61,-17,17
21251,48,59,-11,11
21252,79,95,-16,16
21253,58,62,-4,4
21254,134,120,14,14
21255,105,104,1,1
21256,79,75,4,4
21257,124,158,-34,34
21258,109,111,-2,2
21259,79,77,2,2
21260,66,70,-4,4
21261,93,92,1,1
21262,93,94,-1,1
21263,85,98,-13,13
21264,92,92,0,0
21265,103,106,-3,3
21266,104,100,4,4
21267,108,109,-1,1
21268,82,79,3,3
21269,92,100,-8,8
21270,41,60,-19,19
21271,47,60,-13,13
21272,79,79,0,0
21273,101,110,-9,9
21274,66,70,-4,4
21275,83,84,-1,1
21276,89,76,13,13
21277,55,62,-7,7
21278,137,127,10,10
21279,92,91,1,1
21280,131,126,5,5
21281,99,95,4,4
21282,100,107,-7,7
21283,82,78,4,4
21284,57,62,-5,5
21285,74,79,-5,5
21286,79,87,-8,8
21287,83,85,-2,2
21288,118,116,2,2
21289,133,156,-23,23
21290,129,124,5,5
21291,70,92,-22,22
21292,145,133,12,12
21293,149,124,25,25
21294,113,121,-8,8
21295,56,64,-8,8
21296,44,61,-17,17
21297,89,100,-11,11
21298,90,96,-6,6
21299,74,70,4,4
21300,117,117,0,0
21301,65,61,4,4
21302,48,60,-12,12
21303,92,92,0,0
21304,72,72,0,0
21305,83,75,8,8
21306,63,65,-2,2
21307,135,145,-10,10
21308,147,145,2,2
21309,142,145,-3,3
21310,122,109,13,13
21311,77,72,5,5
21312,106,106,0,0
21313,65,69,-4,4
21314,70,67,3,3
21315,124,112,12,12
21316,100,98,2,2
21317,56,63,-7,7
21318,72,66,6,6
21319,83,84,-1,1
21320,66,61,5,5
21321,45,62,-17,17
21322,162,153,9,9
21323,85,94,-9,9
21324,115,116,-1,1
21325,122,118,4,4
21326,72,69,3,3
21327,68,71,-3,3
21328,65,67,-2,2
21329,84,82,2,2
21330,161,140,21,21
21331,149,136,13,13
21332,109,103,6,6
21333,57,64,-7,7
21334,85,83,2,2
21335,100,96,4,4
21336,171,135,36,36
21337,73,80,-7,7
21338,78,86,-8,8
21339,67,81,-14,14
21340,122,129,-7,7
21341,84,77,7,7
21342,171,150,21,21
21343,87,87,0,0
21344,140,124,16,16
21345,86,96,-10,10
21346,85,96,-11,11
21347,50,61,-11,11
21348,78,81,-3,3
21349,67,61,6,6
21350,81,78,3,3
21351,75,77,-2,2
21352,91,95,-4,4
21353,119,115,4,4
21354,138,142,-4,4
21355,58,62,-4,4
21356,137,125,12,12
21357,88,100,-12,12
21358,122,115,7,7
21359,106,102,4,4
21360,101,109,-8,8
21361,88,94,-6,6
21362,83,73,10,10
21363,80,81,-1,1
21364,111,113,-2,2
21365,183,168,15,15
21366,73,72,1,1
21367,97,96,1,1
21368,55,61,-6,6
21369,116,122,-6,6
21370,78,81,-3,3
21371,99,101,-2,2
21372,141,128,13,13
21373,56,63,-7,7
21374,65,63,2,2
21375,72,69,3,3
21376,99,74,25,25
21377,96,93,3,3
21378,69,74,-5,5
21379,94,108,-14,14
21380,98,91,7,7
21381,55,63,-8,8
21382,107,107,0,0
21383,68,76,-8,8
21384,84,91,-7,7
21385,65,64,1,1
21386,177,148,29,29
21387,62,63,-1,1
21388,182,160,22,22
21389,72,62,10,10
21390,151,143,8,8
21391,80,76,4,4
21392,122,127,-5,5
21393,136,117,19,19
21394,141,135,6,6
21395,88,89,-1,1
21396,88,83,5,5
21397,127,120,7,7
21398,92,97,-5,5
21399,74,69,5,5
21400,111,107,4,4
21401,204,191,13,13
21402,111,106,5,5
21403,59,60,-1,1
21404,129,111,18,18
21405,107,104,3,3
21406,104,98,6,6
21407,76,80,-4,4
21408,113,118,-5,5
21409,110,107,3,3
21410,69,63,6,6
21411,67,69,-2,2
21412,85,84,1,1
21413,94,97,-3,3
21414,93,91,2,2
21415,90,95,-5,5
21416,61,62,-1,1
21417,56,61,-5,5
21418,114,107,7,7
21419,71,66,5,5
21420,86,104,-18,18
21421,114,115,-1,1
21422,50,61,-11,11
21423,155,144,11,11
21424,108,118,-10,10
21425,104,92,12,12
21426,89,89,0,0
21427,75,71,4,4
21428,149,141,8,8
21429,94,91,3,3
21430,63,78,-15,15
21431,127,134,-7,7
21432,103,103,0,0
21433,90,86,4,4
21434,64,67,-3,3
21435,144,137,7,7
21436,119,108,11,11
21437,45,60,-15,15
21438,78,73,5,5
21439,45,62,-17,17
21440,113,118,-5,5
21441,89,96,-7,7
21442,122,123,-1,1
21443,93,94,-1,1
21444,54,61,-7,7
21445,89,82,7,7
21446,85,85,0,0
21447,101,100,1,1
21448,132,141,-9,9
21449,47,61,-14,14
21450,83,83,0,0
21451,89,82,7,7
21452,77,72,5,5
21453,150,137,13,13
21454,130,114,16,16
21455,85,91,-6,6
21456,114,109,5,5
21457,155,146,9,9
21458,63,62,1,1
21459,94,100,-6,6
21460,42,63,-21,21
21461,138,136,2,2
21462,78,85,-7,7
21463,79,80,-1,1
21464,95,96,-1,1
21465,80,72,8,8
21466,80,94,-14,14
21467,39,60,-21,21
21468,143,130,13,13
21469,88,90,-2,2
21470,47,62,-15,15
21471,70,70,0,0
21472,174,157,17,17
21473,148,141,7,7
21474,185,168,17,17
21475,122,126,-4,4
21476,138,131,7,7
21477,99,98,1,1
21478,50,62,-12,12
21479,104,101,3,3
21480,69,70,-1,1
21481,127,117,10,10
21482,59,67,-8,8
21483,89,93,-4,4
21484,81,85,-4,4
21485,64,71,-7,7
21486,124,120,4,4
21487,75,85,-10,10
21488,102,98,4,4
21489,156,142,14,14
21490,81,84,-3,3
21491,90,87,3,3
21492,58,87,-29,29
21493,153,134,19,19
21494,100,98,2,2
21495,133,119,14,14
21496,133,124,9,9
21497,68,74,-6,6
21498,104,101,3,3
21499,74,71,3,3
21500,138,125,13,13
21501,83,89,-6,6
21502,125,133,-8,8
21503,98,100,-2,2
21504,92,93,-1,1
21505,39,63,-24,24
21506,93,98,-5,5
21507,47,62,-15,15
21508,72,89,-17,17
21509,138,127,11,11
21510,81,89,-8,8
21511,102,103,-1,1
21512,146,136,10,10
21513,80,76,4,4
21514,76,73,3,3
21515,130,136,-6,6
21516,138,124,14,14
21517,69,77,-8,8
21518,134,117,17,17
21519,73,77,-4,4
21520,55,63,-8,8
21521,68,70,-2,2
21522,78,95,-17,17
21523,85,90,-5,5
21524,118,113,5,5
21525,80,81,-1,1
21526,153,153,0,0
21527,81,78,3,3
21528,85,90,-5,5
21529,117,115,2,2
21530,126,124,2,2
21531,34,61,-27,27
21532,72,66,6,6
21533,138,127,11,11
21534,82,91,-9,9
21535,113,114,-1,1
21536,63,66,-3,3
21537,80,67,13,13
21538,67,65,2,2
21539,117,128,-11,11
21540,120,114,6,6
21541,75,70,5,5
21542,117,115,2,2
21543,103,106,-3,3
21544,149,153,-4,4
21545,169,161,8,8
21546,85,100,-15,15
21547,91,91,0,0
21548,121,121,0,0
21549,95,113,-18,18
21550,123,124,-1,1
21551,36,61,-25,25
21552,71,74,-3,3
21553,106,107,-1,1
21554,101,94,7,7
21555,60,74,-14,14
21556,68,64,4,4
21557,76,72,4,4
21558,91,90,1,1
21559,84,87,-3,3
21560,97,103,-6,6
21561,75,87,-12,12
21562,44,61,-17,17
21563,78,64,14,14
21564,55,61,-6,6
21565,106,116,-10,10
21566,125,117,8,8
21567,185,160,25,25
21568,148,170,-22,22
21569,156,144,12,12
21570,128,120,8,8
21571,96,95,1,1
21572,99,97,2,2
21573,63,71,-8,8
21574,78,90,-12,12
21575,162,137,25,25
21576,75,78,-3,3
21577,103,102,1,1
21578,110,103,7,7
21579,116,110,6,6
21580,51,62,-11,11
21581,126,120,6,6
21582,37,58,-21,21
21583,109,106,3,3
21584,115,117,-2,2
21585,70,68,2,2
21586,94,105,-11,11
21587,113,110,3,3
21588,91,93,-2,2
21589,71,70,1,1
21590,55,58,-3,3
21591,63,70,-7,7
21592,59,63,-4,4
21593,81,80,1,1
21594,135,132,3,3
21595,95,94,1,1
21596,67,75,-8,8
21597,80,82,-2,2
21598,73,89,-16,16
21599,98,95,3,3
21600,104,103,1,1
21601,63,58,5,5
21602,60,59,1,1
21603,117,115,2,2
21604,60,62,-2,2
21605,127,124,3,3
21606,121,103,18,18
21607,118,117,1,1
21608,80,79,1,1
21609,77,77,0,0
21610,104,100,4,4
21611,182,197,-15,15
21612,90,95,-5,5
21613,49,61,-12,12
21614,86,90,-4,4
21615,88,91,-3,3
21616,114,103,11,11
21617,56,62,-6,6
21618,66,63,3,3
21619,68,94,-26,26
21620,88,92,-4,4
21621,45,71,-26,26
21622,231,214,17,17
21623,136,124,12,12
21624,69,67,2,2
21625,123,129,-6,6
21626,60,62,-2,2
21627,72,69,3,3
21628,84,92,-8,8
21629,123,122,1,1
21630,58,74,-16,16
21631,58,63,-5,5
21632,71,88,-17,17
21633,97,93,4,4
21634,61,63,-2,2
21635,57,62,-5,5
21636,172,161,11,11
21637,62,67,-5,5
21638,112,110,2,2
21639,126,123,3,3
21640,85,89,-4,4
21641,105,114,-9,9
21642,100,102,-2,2
21643,117,129,-12,12
21644,76,96,-20,20
21645,85,90,-5,5
21646,187,157,30,30
21647,145,133,12,12
21648,64,76,-12,12
21649,107,104,3,3
21650,140,135,5,5
21651,46,62,-16,16
21652,63,62,1,1
21653,93,93,0,0
21654,111,111,0,0
21655,60,60,0,0
21656,120,115,5,5
21657,67,70,-3,3
21658,157,144,13,13
21659,133,129,4,4
21660,112,119,-7,7
21661,119,134,-15,15
21662,86,86,0,0
21663,128,126,2,2
21664,109,105,4,4
21665,133,122,11,11
21666,62,62,0,0
21667,167,149,18,18
21668,122,113,9,9
21669,42,62,-20,20
21670,66,65,1,1
21671,110,109,1,1
21672,84,99,-15,15
21673,115,109,6,6
21674,174,157,17,17
21675,85,89,-4,4
21676,100,100,0,0
21677,56,64,-8,8
21678,72,68,4,4
21679,87,93,-6,6
21680,70,111,-41,41
21681,76,75,1,1
21682,89,90,-1,1
21683,69,65,4,4
21684,175,153,22,22
21685,191,165,26,26
21686,66,63,3,3
21687,145,140,5,5
21688,127,113,14,14
21689,54,60,-6,6
21690,70,65,5,5
21691,67,63,4,4
21692,77,75,2,2
21693,119,123,-4,4
21694,38,62,-24,24
21695,77,79,-2,2
21696,49,63,-14,14
21697,63,83,-20,20
21698,40,62,-22,22
21699,69,97,-28,28
21700,35,62,-27,27
21701,93,92,1,1
21702,61,76,-15,15
21703,50,60,-10,10
21704,113,117,-4,4
21705,123,111,12,12
21706,75,75,0,0
21707,94,92,2,2
21708,71,76,-5,5
21709,114,121,-7,7
21710,68,64,4,4
21711,129,143,-14,14
21712,61,59,2,2
21713,92,89,3,3
21714,76,68,8,8
21715,106,96,10,10
21716,123,116,7,7
21717,89,94,-5,5
21718,88,95,-7,7
21719,48,59,-11,11
21720,87,92,-5,5
21721,53,61,-8,8
21722,120,113,7,7
21723,105,109,-4,4
21724,117,109,8,8
21725,128,116,12,12
21726,173,153,20,20
21727,85,92,-7,7
21728,97,94,3,3
21729,101,99,2,2
21730,67,70,-3,3
21731,71,72,-1,1
21732,89,85,4,4
21733,85,98,-13,13
21734,83,84,-1,1
21735,78,74,4,4
21736,76,78,-2,2
21737,115,112,3,3
21738,68,65,3,3
21739,75,71,4,4
21740,106,98,8,8
21741,76,73,3,3
21742,123,118,5,5
21743,82,91,-9,9
21744,82,88,-6,6
21745,162,152,10,10
21746,64,69,-5,5
21747,66,60,6,6
21748,48,61,-13,13
21749,86,95,-9,9
21750,59,66,-7,7
21751,118,113,5,5
21752,75,75,0,0
21753,138,123,15,15
21754,50,61,-11,11
21755,96,87,9,9
21756,68,69,-1,1
21757,83,87,-4,4
21758,93,110,-17,17
21759,78,85,-7,7
21760,45,61,-16,16
21761,85,89,-4,4
21762,123,112,11,11
21763,42,62,-20,20
21764,84,87,-3,3
21765,123,118,5,5
21766,45,62,-17,17
21767,88,92,-4,4
21768,85,89,-4,4
21769,79,65,14,14
21770,75,74,1,1
21771,125,121,4,4
21772,33,54,-21,21
21773,84,92,-8,8
21774,117,120,-3,3
21775,79,81,-2,2
21776,190,178,12,12
21777,112,111,1,1
21778,86,91,-5,5
21779,115,108,7,7
21780,74,69,5,5
21781,85,91,-6,6
21782,28,63,-35,35
21783,45,61,-16,16
21784,115,111,4,4
21785,92,86,6,6
21786,78,73,5,5
21787,129,123,6,6
21788,119,111,8,8
21789,78,75,3,3
21790,78,63,15,15
21791,211,185,26,26
21792,95,103,-8,8
21793,101,103,-2,2
21794,163,146,17,17
21795,168,154,14,14
21796,109,107,2,2
21797,98,103,-5,5
21798,61,62,-1,1
21799,131,128,3,3
21800,74,72,2,2
21801,66,76,-10,10
21802,130,120,10,10
21803,71,67,4,4
21804,135,135,0,0
21805,88,86,2,2
21806,150,164,-14,14
21807,152,142,10,10
21808,117,100,17,17
21809,133,129,4,4
21810,77,81,-4,4
21811,75,69,6,6
21812,63,66,-3,3
21813,73,69,4,4
21814,72,70,2,2
21815,62,76,-14,14
21816,98,104,-6,6
21817,103,99,4,4
21818,167,175,-8,8
21819,73,81,-8,8
21820,68,64,4,4
21821,104,104,0,0
21822,96,99,-3,3
21823,165,156,9,9
21824,128,124,4,4
21825,147,139,8,8
21826,139,134,5,5
21827,156,138,18,18
21828,86,94,-8,8
21829,78,78,0,0
21830,78,70,8,8
21831,89,87,2,2
21832,115,108,7,7
21833,122,116,6,6
21834,47,59,-12,12
21835,60,72,-12,12
21836,87,100,-13,13
21837,77,80,-3,3
21838,115,101,14,14
21839,105,95,10,10
21840,120,116,4,4
21841,95,97,-2,2
21842,103,98,5,5
21843,57,63,-6,6
21844,132,118,14,14
21845,118,126,-8,8
21846,134,116,18,18
21847,85,97,-12,12
21848,130,131,-1,1
21849,107,114,-7,7
21850,112,109,3,3
21851,63,62,1,1
21852,176,160,16,16
21853,83,81,2,2
21854,88,99,-11,11
21855,141,120,21,21
21856,121,116,5,5
21857,119,109,10,10
21858,51,60,-9,9
21859,60,66,-6,6
21860,103,91,12,12
21861,122,113,9,9
21862,79,81,-2,2
21863,103,96,7,7
21864,86,91,-5,5
21865,58,64,-6,6
21866,103,103,0,0
21867,89,83,6,6
21868,94,91,3,3
21869,115,114,1,1
21870,151,169,-18,18
21871,97,97,0,0
21872,88,87,1,1
21873,78,78,0,0
21874,79,81,-2,2
21875,51,56,-5,5
21876,77,103,-26,26
21877,98,91,7,7
21878,160,131,29,29
21879,114,113,1,1
21880,95,98,-3,3
21881,77,84,-7,7
21882,75,78,-3,3
21883,142,127,15,15
21884,72,73,-1,1
21885,150,133,17,17
21886,67,72,-5,5
21887,104,105,-1,1
21888,95,101,-6,6
21889,116,109,7,7
21890,43,72,-29,29
21891,98,103,-5,5
21892,85,74,11,11
21893,93,93,0,0
21894,106,105,1,1
21895,99,100,-1,1
21896,179,165,14,14
21897,61,78,-17,17
21898,77,80,-3,3
21899,64,64,0,0
21900,90,95,-5,5
21901,106,113,-7,7
21902,67,64,3,3
21903,102,101,1,1
21904,94,96,-2,2
21905,92,92,0,0
21906,81,97,-16,16
21907,84,80,4,4
21908,131,132,-1,1
21909,96,101,-5,5
21910,89,90,-1,1
21911,107,103,4,4
21912,73,78,-5,5
21913,81,73,8,8
21914,69,77,-8,8
21915,73,76,-3,3
21916,150,147,3,3
21917,115,104,11,11
21918,90,87,3,3
21919,63,82,-19,19
21920,138,122,16,16
21921,125,124,1,1
21922,111,108,3,3
21923,124,111,13,13
21924,37,62,-25,25
21925,114,114,0,0
21926,67,68,-1,1
21927,116,122,-6,6
21928,134,138,-4,4
21929,58,65,-7,7
21930,75,70,5,5
21931,119,112,7,7
21932,94,90,4,4
21933,72,69,3,3
21934,144,142,2,2
21935,86,89,-3,3
21936,112,110,2,2
21937,57,61,-4,4
21938,121,126,-5,5
21939,118,113,5,5
21940,79,79,0,0
21941,53,62,-9,9
21942,61,62,-1,1
21943,90,99,-9,9
21944,114,115,-1,1
21945,101,101,0,0
21946,180,168,12,12
21947,136,147,-11,11
21948,100,101,-1,1
21949,107,108,-1,1
21950,95,100,-5,5
21951,75,78,-3,3
21952,86,95,-9,9
21953,71,83,-12,12
21954,126,125,1,1
21955,125,122,3,3
21956,162,151,11,11
21957,71,74,-3,3
21958,60,62,-2,2
21959,118,123,-5,5
21960,104,91,13,13
21961,117,111,6,6
21962,144,131,13,13
21963,78,84,-6,6
21964,95,97,-2,2
21965,157,164,-7,7
21966,70,69,1,1
21967,68,69,-1,1
21968,125,117,8,8
21969,111,95,16,16
21970,112,106,6,6
21971,118,108,10,10
21972,71,63,8,8
21973,126,120,6,6
21974,96,95,1,1
21975,59,74,-15,15
21976,82,93,-11,11
21977,101,107,-6,6
21978,80,88,-8,8
21979,61,61,0,0
21980,89,99,-10,10
21981,107,95,12,12
21982,55,62,-7,7
21983,99,96,3,3
21984,131,136,-5,5
21985,80,74,6,6
21986,110,97,13,13
21987,94,96,-2,2
21988,32,62,-30,30
21989,105,105,0,0
21990,103,109,-6,6
21991,152,150,2,2
21992,136,117,19,19
21993,78,70,8,8
21994,68,65,3,3
21995,68,83,-15,15
21996,36,62,-26,26
21997,111,112,-1,1
21998,64,60,4,4
21999,70,69,1,1
22000,89,88,1,1
22001,103,104,-1,1
22002,79,82,-3,3
22003,175,165,10,10
22004,103,111,-8,8
22005,84,79,5,5
22006,79,75,4,4
22007,93,100,-7,7
22008,124,119,5,5
22009,106,109,-3,3
22010,144,130,14,14
22011,100,98,2,2
22012,70,71,-1,1
22013,122,133,-11,11
22014,101,101,0,0
22015,125,119,6,6
22016,94,97,-3,3
22017,134,142,-8,8
22018,69,71,-2,2
22019,119,109,10,10
22020,106,101,5,5
22021,122,121,1,1
22022,54,59,-5,5
22023,89,93,-4,4
22024,76,96,-20,20
22025,86,89,-3,3
22026,144,126,18,18
22027,93,83,10,10
22028,105,107,-2,2
22029,101,103,-2,2
22030,81,94,-13,13
22031,85,94,-9,9
22032,157,137,20,20
22033,112,117,-5,5
22034,76,78,-2,2
22035,85,96,-11,11
22036,141,118,23,23
22037,87,94,-7,7
22038,71,81,-10,10
22039,104,110,-6,6
22040,73,79,-6,6
22041,143,129,14,14
22042,92,100,-8,8
22043,80,89,-9,9
22044,98,103,-5,5
22045,80,72,8,8
22046,54,62,-8,8
22047,134,145,-11,11
22048,70,68,2,2
22049,114,113,1,1
22050,80,69,11,11
22051,90,85,5,5
22052,82,92,-10,10
22053,103,103,0,0
22054,82,81,1,1
22055,92,93,-1,1
22056,82,83,-1,1
22057,66,70,-4,4
22058,124,162,-38,38
22059,61,66,-5,5
22060,63,70,-7,7
22061,91,99,-8,8
22062,72,70,2,2
22063,54,66,-12,12
22064,87,87,0,0
22065,104,113,-9,9
22066,61,65,-4,4
22067,125,108,17,17
22068,129,128,1,1
22069,33,61,-28,28
22070,97,102,-5,5
22071,73,102,-29,29
22072,154,137,17,17
22073,74,68,6,6
22074,125,123,2,2
22075,54,62,-8,8
22076,68,74,-6,6
22077,91,89,2,2
22078,68,68,0,0
22079,92,105,-13,13
22080,117,103,14,14
22081,98,112,-14,14
22082,124,111,13,13
22083,71,74,-3,3
22084,66,66,0,0
22085,37,62,-25,25
22086,108,104,4,4
22087,59,62,-3,3
22088,84,85,-1,1
22089,162,152,10,10
22090,108,112,-4,4
22091,120,113,7,7
22092,102,110,-8,8
22093,68,87,-19,19
22094,146,126,20,20
22095,116,117,-1,1
22096,66,68,-2,2
22097,67,68,-1,1
22098,46,61,-15,15
22099,92,87,5,5
22100,150,131,19,19
22101,58,59,-1,1
22102,103,106,-3,3
22103,112,101,11,11
22104,90,101,-11,11
22105,98,99,-1,1
22106,54,63,-9,9
22107,76,79,-3,3
22108,77,88,-11,11
22109,111,107,4,4
22110,118,122,-4,4
22111,125,118,7,7
22112,94,100,-6,6
22113,73,73,0,0
22114,173,164,9,9
22115,155,149,6,6
22116,120,127,-7,7
22117,86,76,10,10
22118,115,110,5,5
22119,149,133,16,16
22120,68,92,-24,24
22121,130,109,21,21
22122,65,69,-4,4
22123,63,57,6,6
22124,39,62,-23,23
22125,82,78,4,4
22126,74,64,10,10
22127,57,71,-14,14
22128,105,110,-5,5
22129,106,106,0,0
22130,126,142,-16,16
22131,113,112,1,1
22132,109,111,-2,2
22133,95,101,-6,6
22134,86,74,12,12
22135,99,98,1,1
22136,65,125,-60,60
22137,70,70,0,0
22138,66,62,4,4
22139,45,60,-15,15
22140,77,77,0,0
22141,50,61,-11,11
22142,105,107,-2,2
22143,101,106,-5,5
22144,62,69,-7,7
22145,82,95,-13,13
22146,69,61,8,8
22147,122,133,-11,11
22148,147,141,6,6
22149,220,217,3,3
22150,69,68,1,1
22151,93,91,2,2
22152,111,108,3,3
22153,152,145,7,7
22154,124,124,0,0
22155,43,61,-18,18
22156,112,99,13,13
22157,83,82,1,1
22158,140,130,10,10
22159,110,111,-1,1
22160,71,84,-13,13
22161,96,111,-15,15
22162,148,145,3,3
22163,53,56,-3,3
22164,120,111,9,9
22165,188,184,4,4
22166,29,60,-31,31
22167,117,109,8,8
22168,104,103,1,1
22169,81,80,1,1
22170,124,126,-2,2
22171,103,115,-12,12
22172,139,134,5,5
22173,79,68,11,11
22174,133,125,8,8
22175,112,113,-1,1
22176,99,107,-8,8
22177,101,102,-1,1
22178,75,66,9,9
22179,110,106,4,4
22180,121,117,4,4
22181,110,114,-4,4
22182,68,90,-22,22
22183,99,98,1,1
22184,67,73,-6,6
22185,72,80,-8,8
22186,151,131,20,20
22187,87,99,-12,12
22188,83,92,-9,9
22189,58,67,-9,9
22190,56,61,-5,5
22191,72,67,5,5
22192,91,91,0,0
22193,61,60,1,1
22194,95,82,13,13
22195,101,98,3,3
22196,98,95,3,3
22197,128,129,-1,1
22198,183,164,19,19
22199,68,73,-5,5
22200,97,97,0,0
22201,74,75,-1,1
22202,127,125,2,2
22203,91,92,-1,1
22204,95,95,0,0
22205,83,83,0,0
22206,130,125,5,5
22207,143,129,14,14
22208,68,76,-8,8
22209,72,68,4,4
22210,81,84,-3,3
22211,63,65,-2,2
22212,92,90,2,2
22213,70,85,-15,15
22214,114,119,-5,5
22215,119,117,2,2
22216,130,124,6,6
22217,94,101,-7,7
22218,104,107,-3,3
22219,99,106,-7,7
22220,55,66,-11,11
22221,111,110,1,1
22222,101,94,7,7
22223,86,93,-7,7
22224,89,94,-5,5
22225,91,120,-29,29
22226,140,138,2,2
22227,74,77,-3,3
22228,82,88,-6,6
22229,103,100,3,3
22230,104,96,8,8
22231,75,87,-12,12
22232,92,102,-10,10
22233,53,61,-8,8
22234,74,84,-10,10
22235,38,61,-23,23
22236,141,131,10,10
22237,91,110,-19,19
22238,97,94,3,3
22239,115,110,5,5
22240,141,135,6,6
22241,72,81,-9,9
22242,87,94,-7,7
22243,114,110,4,4
22244,96,92,4,4
22245,68,82,-14,14
22246,123,129,-6,6
22247,91,97,-6,6
22248,91,89,2,2
22249,116,120,-4,4
22250,49,70,-21,21
22251,57,62,-5,5
22252,124,123,1,1
22253,88,100,-12,12
22254,129,122,7,7
22255,55,59,-4,4
22256,188,163,25,25
22257,64,67,-3,3
22258,71,70,1,1
22259,45,57,-12,12
22260,93,107,-14,14
22261,68,68,0,0
22262,161,167,-6,6
22263,69,81,-12,12
22264,113,114,-1,1
22265,74,87,-13,13
22266,58,64,-6,6
22267,149,145,4,4
22268,49,62,-13,13
22269,96,97,-1,1
22270,122,117,5,5
22271,92,84,8,8
22272,124,131,-7,7
22273,93,98,-5,5
22274,149,148,1,1
22275,179,163,16,16
22276,147,143,4,4
22277,121,117,4,4
22278,62,62,0,0
22279,50,62,-12,12
22280,54,59,-5,5
22281,104,96,8,8
22282,73,69,4,4
22283,101,104,-3,3
22284,71,82,-11,11
22285,90,93,-3,3
22286,71,70,1,1
22287,72,74,-2,2
22288,61,86,-25,25
22289,65,61,4,4
22290,81,81,0,0
22291,37,62,-25,25
22292,65,69,-4,4
22293,128,123,5,5
22294,55,88,-33,33
22295,55,65,-10,10
22296,131,117,14,14
22297,67,59,8,8
22298,138,131,7,7
22299,66,64,2,2
22300,62,63,-1,1
22301,187,173,14,14
22302,127,116,11,11
22303,105,110,-5,5
22304,78,77,1,1
22305,94,95,-1,1
22306,94,96,-2,2
22307,108,109,-1,1
22308,135,128,7,7
22309,78,73,5,5
22310,87,95,-8,8
22311,59,63,-4,4
22312,134,146,-12,12
22313,89,90,-1,1
22314,79,88,-9,9
22315,27,61,-34,34
22316,74,67,7,7
22317,56,63,-7,7
22318,121,124,-3,3
22319,88,93,-5,5
22320,145,148,-3,3
22321,99,105,-6,6
22322,127,115,12,12
22323,85,86,-1,1
22324,91,79,12,12
22325,184,179,5,5
22326,76,72,4,4
22327,86,92,-6,6
22328,88,81,7,7
22329,156,146,10,10
22330,106,107,-1,1
22331,102,96,6,6
22332,106,103,3,3
22333,87,91,-4,4
22334,60,68,-8,8
22335,82,82,0,0
22336,112,103,9,9
22337,118,120,-2,2
22338,75,64,11,11
22339,94,99,-5,5
22340,57,61,-4,4
22341,96,96,0,0
22342,67,65,2,2
22343,78,94,-16,16
22344,114,104,10,10
22345,70,68,2,2
22346,60,65,-5,5
22347,91,93,-2,2
22348,86,81,5,5
22349,84,90,-6,6
22350,75,72,3,3
22351,133,137,-4,4
22352,193,169,24,24
22353,68,68,0,0
22354,139,130,9,9
22355,57,74,-17,17
22356,110,113,-3,3
22357,83,99,-16,16
22358,159,133,26,26
22359,110,110,0,0
22360,150,127,23,23
22361,95,104,-9,9
22362,139,122,17,17
22363,72,68,4,4
22364,147,130,17,17
22365,89,89,0,0
22366,136,132,4,4
22367,47,62,-15,15
22368,158,152,6,6
22369,111,116,-5,5
22370,99,94,5,5
22371,112,108,4,4
22372,82,94,-12,12
22373,38,60,-22,22
22374,82,82,0,0
22375,80,84,-4,4
22376,119,108,11,11
22377,68,81,-13,13
22378,117,114,3,3
22379,76,72,4,4
22380,94,97,-3,3
22381,68,71,-3,3
22382,49,58,-9,9
22383,59,63,-4,4
22384,135,137,-2,2
22385,111,110,1,1
22386,102,95,7,7
22387,118,119,-1,1
22388,90,91,-1,1
22389,62,66,-4,4
22390,104,101,3,3
22391,120,110,10,10
22392,105,107,-2,2
22393,131,124,7,7
22394,103,110,-7,7
22395,117,113,4,4
22396,92,96,-4,4
22397,70,69,1,1
22398,108,108,0,0
22399,71,69,2,2
22400,58,64,-6,6
22401,91,76,15,15
22402,98,95,3,3
22403,40,60,-20,20
22404,92,89,3,3
22405,100,108,-8,8
22406,138,139,-1,1
22407,132,117,15,15
22408,101,109,-8,8
22409,71,79,-8,8
22410,86,82,4,4
22411,107,106,1,1
22412,85,87,-2,2
22413,68,70,-2,2
22414,80,87,-7,7
22415,125,116,9,9
22416,99,95,4,4
22417,122,112,10,10
22418,190,163,27,27
22419,109,95,14,14
22420,83,74,9,9
22421,121,144,-23,23
22422,79,99,-20,20
22423,142,149,-7,7
22424,63,63,0,0
22425,66,65,1,1
22426,114,103,11,11
22427,80,77,3,3
22428,72,77,-5,5
22429,190,178,12,12
22430,91,93,-2,2
22431,152,140,12,12
22432,74,62,12,12
22433,88,96,-8,8
22434,181,176,5,5
22435,118,116,2,2
22436,131,120,11,11
22437,64,108,-44,44
22438,86,87,-1,1
22439,74,88,-14,14
22440,79,79,0,0
22441,99,101,-2,2
22442,169,160,9,9
22443,68,63,5,5
22444,79,80,-1,1
22445,181,152,29,29
22446,119,107,12,12
22447,120,112,8,8
22448,67,74,-7,7
22449,67,77,-10,10
22450,76,71,5,5
22451,87,85,2,2
22452,91,107,-16,16
22453,161,145,16,16
22454,58,62,-4,4
22455,57,64,-7,7
22456,95,111,-16,16
22457,63,66,-3,3
22458,64,65,-1,1
22459,55,60,-5,5
22460,136,141,-5,5
22461,107,103,4,4
22462,83,94,-11,11
22463,52,63,-11,11
22464,127,137,-10,10
22465,90,95,-5,5
22466,141,130,11,11
22467,87,95,-8,8
22468,99,100,-1,1
22469,67,69,-2,2
22470,79,84,-5,5
22471,102,103,-1,1
22472,168,160,8,8
22473,154,146,8,8
22474,118,113,5,5
22475,68,84,-16,16
22476,109,110,-1,1
22477,41,62,-21,21
22478,65,68,-3,3
22479,108,108,0,0
22480,26,60,-34,34
22481,99,113,-14,14
22482,137,133,4,4
22483,180,168,12,12
22484,223,189,34,34
22485,103,104,-1,1
22486,91,94,-3,3
22487,120,111,9,9
22488,73,73,0,0
22489,69,77,-8,8
22490,76,91,-15,15
22491,73,62,11,11
22492,41,60,-19,19
22493,143,148,-5,5
22494,121,133,-12,12
22495,97,107,-10,10
22496,86,96,-10,10
22497,80,89,-9,9
22498,105,117,-12,12
22499,111,102,9,9
22500,133,138,-5,5
22501,120,117,3,3
22502,156,160,-4,4
22503,100,108,-8,8
22504,41,60,-19,19
22505,94,101,-7,7
22506,59,61,-2,2
22507,71,66,5,5
22508,68,65,3,3
22509,102,96,6,6
22510,134,127,7,7
22511,60,61,-1,1
22512,169,137,32,32
22513,80,87,-7,7
22514,126,147,-21,21
22515,146,130,16,16
22516,128,132,-4,4
22517,67,64,3,3
22518,92,99,-7,7
22519,72,72,0,0
22520,79,80,-1,1
22521,102,96,6,6
22522,62,65,-3,3
22523,59,60,-1,1
22524,116,106,10,10
22525,96,97,-1,1
22526,86,91,-5,5
22527,68,78,-10,10
22528,90,96,-6,6
22529,90,82,8,8
22530,141,131,10,10
22531,109,109,0,0
22532,51,70,-19,19
22533,107,102,5,5
22534,130,124,6,6
22535,103,105,-2,2
22536,49,59,-10,10
22537,106,101,5,5
22538,87,91,-4,4
22539,68,66,2,2
22540,88,93,-5,5
22541,79,91,-12,12
22542,104,98,6,6
22543,94,96,-2,2
22544,123,113,10,10
22545,98,93,5,5
22546,123,118,5,5
22547,104,106,-2,2
22548,60,68,-8,8
22549,70,80,-10,10
22550,89,90,-1,1
22551,122,113,9,9
22552,55,60,-5,5
22553,141,131,10,10
22554,80,81,-1,1
22555,97,102,-5,5
22556,126,112,14,14
22557,73,80,-7,7
22558,63,76,-13,13
22559,151,135,16,16
22560,109,106,3,3
22561,161,152,9,9
22562,80,81,-1,1
22563,126,110,16,16
22564,89,90,-1,1
22565,95,92,3,3
22566,163,144,19,19
22567,121,111,10,10
22568,80,83,-3,3
22569,79,65,14,14
22570,94,91,3,3
22571,143,132,11,11
22572,95,94,1,1
22573,108,107,1,1
22574,94,101,-7,7
22575,102,98,4,4
22576,84,94,-10,10
22577,80,77,3,3
22578,135,121,14,14
22579,98,87,11,11
22580,113,113,0,0
22581,85,154,-69,69
22582,97,95,2,2
22583,67,64,3,3
22584,135,125,10,10
22585,31,62,-31,31
22586,154,158,-4,4
22587,136,133,3,3
22588,35,58,-23,23
22589,145,132,13,13
22590,76,70,6,6
22591,89,98,-9,9
22592,84,96,-12,12
22593,82,101,-19,19
22594,76,73,3,3
22595,88,95,-7,7
22596,85,76,9,9
22597,109,118,-9,9
22598,165,152,13,13
22599,88,105,-17,17
22600,54,61,-7,7
22601,93,88,5,5
22602,66,66,0,0
22603,75,79,-4,4
22604,55,61,-6,6
22605,72,76,-4,4
22606,113,110,3,3
22607,127,122,5,5
22608,53,63,-10,10
22609,94,100,-6,6
22610,90,94,-4,4
22611,65,73,-8,8
22612,60,67,-7,7
22613,59,61,-2,2
22614,107,102,5,5
22615,93,106,-13,13
22616,128,114,14,14
22617,55,64,-9,9
22618,93,95,-2,2
22619,79,76,3,3
22620,148,132,16,16
22621,129,127,2,2
22622,51,62,-11,11
22623,92,100,-8,8
22624,93,109,-16,16
22625,114,118,-4,4
22626,72,73,-1,1
22627,92,100,-8,8
22628,81,79,2,2
22629,69,81,-12,12
22630,93,91,2,2
22631,189,176,13,13
22632,71,71,0,0
22633,87,91,-4,4
22634,48,146,-98,98
22635,94,93,1,1
22636,116,128,-12,12
22637,62,72,-10,10
22638,240,208,32,32
22639,104,102,2,2
22640,80,94,-14,14
22641,66,58,8,8
22642,100,100,0,0
22643,133,126,7,7
22644,103,99,4,4
22645,137,140,-3,3
22646,165,149,16,16
22647,125,116,9,9
22648,86,82,4,4
22649,95,93,2,2
22650,103,116,-13,13
22651,140,124,16,16
22652,95,100,-5,5
22653,68,72,-4,4
22654,52,62,-10,10
22655,77,74,3,3
22656,121,112,9,9
22657,107,110,-3,3
22658,98,97,1,1
22659,100,96,4,4
22660,81,84,-3,3
22661,46,62,-16,16
22662,162,154,8,8
22663,136,131,5,5
22664,85,93,-8,8
22665,83,74,9,9
22666,135,119,16,16
22667,39,62,-23,23
22668,61,63,-2,2
22669,73,62,11,11
22670,87,77,10,10
22671,76,85,-9,9
22672,84,102,-18,18
22673,94,89,5,5
22674,163,161,2,2
22675,80,93,-13,13
22676,86,106,-20,20
22677,152,134,18,18
22678,100,112,-12,12
22679,75,67,8,8
22680,92,92,0,0
22681,84,88,-4,4
22682,144,135,9,9
22683,69,67,2,2
22684,109,111,-2,2
22685,109,97,12,12
22686,88,70,18,18
22687,67,67,0,0
22688,115,109,6,6
22689,125,129,-4,4
22690,95,101,-6,6
22691,87,89,-2,2
22692,98,99,-1,1
22693,83,100,-17,17
22694,101,101,0,0
22695,51,60,-9,9
22696,108,104,4,4
22697,136,133,3,3
22698,208,213,-5,5
22699,121,116,5,5
22700,84,80,4,4
22701,86,82,4,4
22702,148,145,3,3
22703,110,117,-7,7
22704,117,113,4,4
22705,96,99,-3,3
22706,69,69,0,0
22707,137,132,5,5
22708,66,62,4,4
22709,89,76,13,13
22710,44,62,-18,18
22711,136,126,10,10
22712,128,114,14,14
22713,73,70,3,3
22714,155,150,5,5
22715,89,71,18,18
22716,87,74,13,13
22717,147,133,14,14
22718,64,62,2,2
22719,37,61,-24,24
22720,122,114,8,8
22721,44,61,-17,17
22722,126,124,2,2
22723,60,69,-9,9
22724,148,142,6,6
22725,134,127,7,7
22726,87,78,9,9
22727,135,138,-3,3
22728,90,95,-5,5
22729,60,62,-2,2
22730,86,76,10,10
22731,150,145,5,5
22732,59,74,-15,15
22733,111,104,7,7
22734,54,58,-4,4
22735,158,135,23,23
22736,135,113,22,22
22737,32,62,-30,30
22738,63,65,-2,2
22739,117,104,13,13
22740,83,92,-9,9
22741,54,61,-7,7
22742,151,141,10,10
22743,64,66,-2,2
22744,44,61,-17,17
22745,138,132,6,6
22746,48,62,-14,14
22747,123,112,11,11
22748,97,100,-3,3
22749,59,64,-5,5
22750,96,103,-7,7
22751,19,63,-44,44
22752,112,114,-2,2
22753,131,141,-10,10
22754,153,154,-1,1
22755,100,101,-1,1
22756,183,172,11,11
22757,121,114,7,7
22758,129,121,8,8
22759,93,104,-11,11
22760,89,95,-6,6
22761,92,93,-1,1
22762,81,117,-36,36
22763,133,123,10,10
22764,77,84,-7,7
22765,63,64,-1,1
22766,66,63,3,3
22767,74,89,-15,15
22768,150,149,1,1
22769,76,97,-21,21
22770,68,62,6,6
22771,73,70,3,3
22772,93,95,-2,2
22773,90,78,12,12
22774,81,98,-17,17
22775,59,60,-1,1
22776,160,139,21,21
22777,47,61,-14,14
22778,109,135,-26,26
22779,133,124,9,9
22780,114,117,-3,3
22781,89,83,6,6
22782,86,84,2,2
22783,95,91,4,4
22784,149,150,-1,1
22785,86,84,2,2
22786,112,108,4,4
22787,61,107,-46,46
22788,32,61,-29,29
22789,141,137,4,4
22790,106,102,4,4
22791,62,69,-7,7
22792,98,100,-2,2
22793,169,139,30,30
22794,75,92,-17,17
22795,113,109,4,4
22796,69,69,0,0
22797,54,62,-8,8
22798,72,80,-8,8
22799,140,141,-1,1
22800,86,94,-8,8
22801,106,103,3,3
22802,81,80,1,1
22803,109,102,7,7
22804,120,105,15,15
22805,103,100,3,3
22806,201,170,31,31
22807,115,132,-17,17
22808,94,93,1,1
22809,110,124,-14,14
22810,90,94,-4,4
22811,117,110,7,7
22812,80,73,7,7
22813,136,128,8,8
22814,95,101,-6,6
22815,121,108,13,13
22816,38,62,-24,24
22817,100,92,8,8
22818,83,91,-8,8
22819,102,104,-2,2
22820,100,98,2,2
22821,67,68,-1,1
22822,88,127,-39,39
22823,68,64,4,4
22824,145,138,7,7
22825,86,86,0,0
22826,107,101,6,6
22827,85,100,-15,15
22828,102,108,-6,6
22829,132,129,3,3
22830,61,64,-3,3
22831,70,64,6,6
22832,91,95,-4,4
22833,139,133,6,6
22834,51,60,-9,9
22835,39,62,-23,23
22836,100,92,8,8
22837,93,95,-2,2
22838,89,96,-7,7
22839,92,102,-10,10
22840,35,61,-26,26
22841,93,90,3,3
22842,64,79,-15,15
22843,62,62,0,0
22844,102,87,15,15
22845,101,102,-1,1
22846,93,94,-1,1
22847,63,62,1,1
22848,88,90,-2,2
22849,80,88,-8,8
22850,134,121,13,13
22851,77,77,0,0
22852,73,76,-3,3
22853,57,62,-5,5
22854,118,94,24,24
22855,134,132,2,2
22856,127,124,3,3
22857,88,92,-4,4
22858,91,92,-1,1
22859,110,109,1,1
22860,46,63,-17,17
22861,105,105,0,0
22862,103,120,-17,17
22863,108,101,7,7
22864,93,102,-9,9
22865,75,87,-12,12
22866,131,124,7,7
22867,130,127,3,3
22868,89,92,-3,3
22869,49,106,-57,57
22870,120,123,-3,3
22871,151,155,-4,4
22872,92,95,-3,3
22873,77,93,-16,16
22874,126,129,-3,3
22875,100,103,-3,3
22876,54,62,-8,8
22877,110,101,9,9
22878,133,128,5,5
22879,119,120,-1,1
22880,126,117,9,9
22881,42,61,-19,19
22882,63,67,-4,4
22883,170,165,5,5
22884,68,85,-17,17
22885,114,112,2,2
22886,115,107,8,8
22887,64,70,-6,6
22888,90,93,-3,3
22889,126,117,9,9
22890,72,91,-19,19
22891,116,137,-21,21
22892,151,150,1,1
22893,98,84,14,14
22894,135,125,10,10
22895,132,121,11,11
22896,166,147,19,19
22897,109,105,4,4
22898,73,67,6,6
22899,43,61,-18,18
22900,60,62,-2,2
22901,95,99,-4,4
22902,185,164,21,21
22903,116,113,3,3
22904,120,115,5,5
22905,117,110,7,7
22906,80,87,-7,7
22907,54,63,-9,9
22908,94,96,-2,2
22909,104,108,-4,4
22910,167,169,-2,2
22911,183,172,11,11
22912,125,130,-5,5
22913,67,65,2,2
22914,127,112,15,15
22915,108,107,1,1
22916,110,107,3,3
22917,72,72,0,0
22918,76,77,-1,1
22919,60,58,2,2
22920,127,111,16,16
22921,60,59,1,1
22922,117,112,5,5
22923,62,63,-1,1
22924,98,95,3,3
22925,64,68,-4,4
22926,90,91,-1,1
22927,155,144,11,11
22928,69,67,2,2
22929,91,89,2,2
22930,91,88,3,3
22931,97,94,3,3
22932,116,108,8,8
22933,100,102,-2,2
22934,81,99,-18,18
22935,77,75,2,2
22936,46,61,-15,15
22937,86,100,-14,14
22938,98,94,4,4
22939,128,104,24,24
22940,53,62,-9,9
22941,86,90,-4,4
22942,106,110,-4,4
22943,118,111,7,7
22944,132,132,0,0
22945,179,172,7,7
22946,72,67,5,5
22947,57,61,-4,4
22948,159,147,12,12
22949,56,63,-7,7
22950,90,101,-11,11
22951,84,88,-4,4
22952,120,123,-3,3
22953,99,93,6,6
22954,121,110,11,11
22955,96,99,-3,3
22956,46,59,-13,13
22957,84,94,-10,10
22958,79,82,-3,3
22959,165,152,13,13
22960,72,79,-7,7
22961,75,74,1,1
22962,116,114,2,2
22963,117,117,0,0
22964,95,93,2,2
22965,138,161,-23,23
22966,64,64,0,0
22967,70,71,-1,1
22968,51,60,-9,9
22969,74,87,-13,13
22970,105,110,-5,5
22971,137,132,5,5
22972,93,92,1,1
22973,72,79,-7,7
22974,83,76,7,7
22975,113,107,6,6
22976,97,96,1,1
22977,76,81,-5,5
22978,65,66,-1,1
22979,159,146,13,13
22980,72,70,2,2
22981,127,117,10,10
22982,94,94,0,0
22983,83,85,-2,2
22984,84,93,-9,9
22985,60,63,-3,3
22986,100,103,-3,3
22987,108,111,-3,3
22988,118,112,6,6
22989,76,83,-7,7
22990,87,86,1,1
22991,50,61,-11,11
22992,38,62,-24,24
22993,146,125,21,21
22994,114,111,3,3
22995,52,62,-10,10
22996,84,92,-8,8
22997,122,125,-3,3
22998,102,98,4,4
22999,181,163,18,18
23000,98,95,3,3
23001,39,62,-23,23
23002,84,71,13,13
23003,145,111,34,34
23004,124,125,-1,1
23005,110,117,-7,7
23006,57,59,-2,2
23007,88,103,-15,15
23008,64,66,-2,2
23009,195,178,17,17
23010,131,131,0,0
23011,124,118,6,6
23012,79,101,-22,22
23013,66,65,1,1
23014,100,107,-7,7
23015,82,77,5,5
23016,81,91,-10,10
23017,85,81,4,4
23018,192,185,7,7
23019,112,112,0,0
23020,166,149,17,17
23021,101,100,1,1
23022,82,74,8,8
23023,89,76,13,13
23024,94,89,5,5
23025,79,93,-14,14
23026,108,115,-7,7
23027,117,110,7,7
23028,123,113,10,10
23029,81,78,3,3
23030,87,80,7,7
23031,66,64,2,2
23032,35,62,-27,27
23033,102,95,7,7
23034,145,127,18,18
23035,62,61,1,1
23036,121,111,10,10
23037,69,66,3,3
23038,142,129,13,13
23039,74,65,9,9
23040,92,92,0,0
23041,63,61,2,2
23042,71,76,-5,5
23043,148,127,21,21
23044,72,85,-13,13
23045,75,79,-4,4
23046,118,117,1,1
23047,103,108,-5,5
23048,136,116,20,20
23049,126,129,-3,3
23050,93,100,-7,7
23051,101,104,-3,3
23052,133,120,13,13
23053,83,92,-9,9
23054,91,97,-6,6
23055,52,62,-10,10
23056,100,101,-1,1
23057,88,89,-1,1
23058,80,92,-12,12
23059,83,99,-16,16
23060,90,92,-2,2
23061,69,102,-33,33
23062,85,76,9,9
23063,107,98,9,9
23064,103,97,6,6
23065,60,62,-2,2
23066,152,149,3,3
23067,40,61,-21,21
23068,87,91,-4,4
23069,78,78,0,0
23070,145,145,0,0
23071,47,60,-13,13
23072,139,127,12,12
23073,94,92,2,2
23074,138,163,-25,25
23075,115,102,13,13
23076,94,96,-2,2
23077,106,103,3,3
23078,85,107,-22,22
23079,82,80,2,2
23080,61,61,0,0
23081,160,150,10,10
23082,157,159,-2,2
23083,87,95,-8,8
23084,135,122,13,13
23085,120,120,0,0
23086,104,102,2,2
23087,165,139,26,26
23088,88,91,-3,3
23089,67,70,-3,3
23090,87,88,-1,1
23091,66,69,-3,3
23092,74,70,4,4
23093,76,78,-2,2
23094,62,64,-2,2
23095,79,82,-3,3
23096,91,94,-3,3
23097,70,65,5,5
23098,148,133,15,15
23099,135,121,14,14
23100,74,83,-9,9
23101,78,76,2,2
23102,93,97,-4,4
23103,124,129,-5,5
23104,129,131,-2,2
23105,98,93,5,5
23106,72,67,5,5
23107,53,64,-11,11
23108,138,131,7,7
23109,184,156,28,28
23110,85,90,-5,5
23111,82,99,-17,17
23112,105,113,-8,8
23113,99,97,2,2
23114,65,67,-2,2
23115,73,65,8,8
23116,66,62,4,4
23117,102,105,-3,3
23118,85,78,7,7
23119,188,182,6,6
23120,81,206,-125,125
23121,124,120,4,4
23122,59,63,-4,4
23123,108,105,3,3
23124,92,100,-8,8
23125,100,99,1,1
23126,105,107,-2,2
23127,93,98,-5,5
23128,155,143,12,12
23129,71,69,2,2
23130,65,62,3,3
23131,94,92,2,2
23132,122,125,-3,3
23133,70,70,0,0
23134,65,66,-1,1
23135,160,149,11,11
23136,115,116,-1,1
23137,134,129,5,5
23138,101,102,-1,1
23139,105,102,3,3
23140,93,98,-5,5
23141,94,88,6,6
23142,82,77,5,5
23143,90,93,-3,3
23144,78,67,11,11
23145,145,136,9,9
23146,120,117,3,3
23147,94,97,-3,3
23148,95,90,5,5
23149,115,127,-12,12
23150,49,62,-13,13
23151,134,131,3,3
23152,88,92,-4,4
23153,82,88,-6,6
23154,67,67,0,0
23155,71,62,9,9
23156,56,66,-10,10
23157,88,89,-1,1
23158,34,62,-28,28
23159,62,75,-13,13
23160,82,89,-7,7
23161,111,115,-4,4
23162,48,62,-14,14
23163,102,107,-5,5
23164,143,127,16,16
23165,47,62,-15,15
23166,76,74,2,2
23167,119,115,4,4
23168,64,63,1,1
23169,72,66,6,6
23170,141,130,11,11
23171,64,61,3,3
23172,127,118,9,9
23173,72,72,0,0
23174,111,107,4,4
23175,104,91,13,13
23176,77,89,-12,12
23177,133,135,-2,2
23178,113,110,3,3
23179,110,108,2,2
23180,89,90,-1,1
23181,125,123,2,2
23182,127,112,15,15
23183,68,65,3,3
23184,99,110,-11,11
23185,86,101,-15,15
23186,111,110,1,1
23187,118,108,10,10
23188,74,81,-7,7
23189,132,123,9,9
23190,99,94,5,5
23191,139,136,3,3
23192,107,106,1,1
23193,70,74,-4,4
23194,77,69,8,8
23195,101,105,-4,4
23196,103,105,-2,2
23197,86,97,-11,11
23198,104,95,9,9
23199,100,110,-10,10
23200,150,135,15,15
23201,69,69,0,0
23202,129,121,8,8
23203,162,153,9,9
23204,111,117,-6,6
23205,133,126,7,7
23206,87,86,1,1
23207,74,85,-11,11
23208,95,103,-8,8
23209,110,120,-10,10
23210,124,121,3,3
23211,155,141,14,14
23212,74,60,14,14
23213,80,83,-3,3
23214,90,89,1,1
23215,100,100,0,0
23216,112,106,6,6
23217,81,67,14,14
23218,73,85,-12,12
23219,122,117,5,5
23220,130,124,6,6
23221,129,121,8,8
23222,123,115,8,8
23223,84,91,-7,7
23224,63,66,-3,3
23225,144,130,14,14
23226,91,154,-63,63
23227,66,78,-12,12
23228,95,97,-2,2
23229,129,125,4,4
23230,75,71,4,4
23231,152,188,-36,36
23232,119,130,-11,11
23233,107,111,-4,4
23234,184,168,16,16
23235,84,94,-10,10
23236,123,115,8,8
23237,167,144,23,23
23238,59,60,-1,1
23239,68,73,-5,5
23240,119,122,-3,3
23241,77,74,3,3
23242,70,79,-9,9
23243,79,72,7,7
23244,114,119,-5,5
23245,75,78,-3,3
23246,64,61,3,3
23247,127,114,13,13
23248,52,62,-10,10
23249,67,63,4,4
23250,73,78,-5,5
23251,85,76,9,9
23252,63,64,-1,1
23253,88,82,6,6
23254,89,101,-12,12
23255,133,112,21,21
23256,82,87,-5,5
23257,115,106,9,9
23258,97,107,-10,10
23259,81,95,-14,14
23260,102,98,4,4
23261,68,62,6,6
23262,64,62,2,2
23263,70,69,1,1
23264,73,75,-2,2
23265,59,65,-6,6
23266,136,133,3,3
23267,103,108,-5,5
23268,137,120,17,17
23269,73,72,1,1
23270,83,89,-6,6
23271,95,91,4,4
23272,138,121,17,17
23273,86,86,0,0
23274,66,91,-25,25
23275,134,172,-38,38
23276,116,110,6,6
23277,70,72,-2,2
23278,118,113,5,5
23279,131,121,10,10
23280,40,64,-24,24
23281,82,82,0,0
23282,78,78,0,0
23283,97,91,6,6
23284,89,98,-9,9
23285,133,123,10,10
23286,76,71,5,5
23287,152,135,17,17
23288,92,93,-1,1
23289,62,66,-4,4
23290,179,153,26,26
23291,127,113,14,14
23292,115,111,4,4
23293,54,64,-10,10
23294,136,113,23,23
23295,76,85,-9,9
23296,62,73,-11,11
23297,78,79,-1,1
23298,182,163,19,19
23299,67,63,4,4
23300,110,100,10,10
23301,92,85,7,7
23302,150,131,19,19
23303,122,127,-5,5
23304,62,68,-6,6
23305,109,103,6,6
23306,123,115,8,8
23307,107,109,-2,2
23308,50,60,-10,10
23309,62,64,-2,2
23310,115,112,3,3
23311,41,63,-22,22
23312,106,104,2,2
23313,58,65,-7,7
23314,67,64,3,3
23315,64,62,2,2
23316,71,99,-28,28
23317,83,96,-13,13
23318,157,169,-12,12
23319,90,95,-5,5
23320,100,108,-8,8
23321,92,99,-7,7
23322,87,104,-17,17
23323,76,94,-18,18
23324,101,109,-8,8
23325,56,62,-6,6
23326,65,66,-1,1
23327,70,70,0,0
23328,57,62,-5,5
23329,112,141,-29,29
23330,50,69,-19,19
23331,47,59,-12,12
23332,140,151,-11,11
23333,51,62,-11,11
23334,61,75,-14,14
23335,78,76,2,2
23336,70,64,6,6
23337,98,93,5,5
23338,152,135,17,17
23339,99,105,-6,6
23340,93,99,-6,6
23341,90,91,-1,1
23342,51,61,-10,10
23343,94,92,2,2
23344,82,91,-9,9
23345,137,143,-6,6
23346,85,93,-8,8
23347,131,134,-3,3
23348,110,103,7,7
23349,70,67,3,3
23350,99,109,-10,10
23351,146,133,13,13
23352,37,62,-25,25
23353,94,92,2,2
23354,124,119,5,5
23355,91,108,-17,17
23356,85,93,-8,8
23357,58,63,-5,5
23358,78,90,-12,12
23359,62,66,-4,4
23360,51,62,-11,11
23361,85,96,-11,11
23362,64,65,-1,1
23363,108,115,-7,7
23364,89,96,-7,7
23365,120,115,5,5
23366,131,118,13,13
23367,50,62,-12,12
23368,109,106,3,3
23369,82,81,1,1
23370,115,107,8,8
23371,121,134,-13,13
23372,193,176,17,17
23373,66,67,-1,1
23374,125,115,10,10
23375,64,67,-3,3
23376,105,98,7,7
23377,47,62,-15,15
23378,57,72,-15,15
23379,105,99,6,6
23380,124,121,3,3
23381,90,104,-14,14
23382,126,112,14,14
23383,89,99,-10,10
23384,122,113,9,9
23385,116,112,4,4
23386,80,73,7,7
23387,92,91,1,1
23388,62,90,-28,28
23389,144,144,0,0
23390,45,61,-16,16
23391,139,139,0,0
23392,117,116,1,1
23393,99,103,-4,4
23394,98,98,0,0
23395,87,92,-5,5
23396,171,147,24,24
23397,127,106,21,21
23398,114,108,6,6
23399,100,105,-5,5
23400,71,88,-17,17
23401,143,123,20,20
23402,84,80,4,4
23403,89,85,4,4
23404,85,85,0,0
23405,69,67,2,2
23406,145,154,-9,9
23407,115,116,-1,1
23408,116,115,1,1
23409,114,113,1,1
23410,58,61,-3,3
23411,79,78,1,1
23412,73,71,2,2
23413,114,119,-5,5
23414,140,141,-1,1
23415,92,101,-9,9
23416,111,111,0,0
23417,131,136,-5,5
23418,76,82,-6,6
23419,94,99,-5,5
23420,91,99,-8,8
23421,76,73,3,3
23422,115,106,9,9
23423,65,62,3,3
23424,113,117,-4,4
23425,85,95,-10,10
23426,214,231,-17,17
23427,211,189,22,22
23428,41,61,-20,20
23429,78,75,3,3
23430,161,150,11,11
23431,79,70,9,9
23432,51,61,-10,10
23433,103,111,-8,8
23434,73,76,-3,3
23435,55,62,-7,7
23436,136,124,12,12
23437,131,130,1,1
23438,77,80,-3,3
23439,80,77,3,3
23440,110,107,3,3
23441,54,62,-8,8
23442,111,115,-4,4
23443,84,91,-7,7
23444,70,66,4,4
23445,70,64,6,6
23446,106,101,5,5
23447,97,100,-3,3
23448,100,96,4,4
23449,135,133,2,2
23450,86,89,-3,3
23451,42,61,-19,19
23452,132,133,-1,1
23453,73,79,-6,6
23454,125,121,4,4
23455,83,87,-4,4
23456,125,121,4,4
23457,120,114,6,6
23458,110,108,2,2
23459,197,171,26,26
23460,111,105,6,6
23461,86,96,-10,10
23462,76,70,6,6
23463,150,135,15,15
23464,115,115,0,0
23465,89,99,-10,10
23466,176,175,1,1
23467,64,68,-4,4
23468,120,112,8,8
23469,121,116,5,5
23470,64,71,-7,7
23471,49,68,-19,19
23472,70,65,5,5
23473,112,108,4,4
23474,89,96,-7,7
23475,107,105,2,2
23476,155,150,5,5
23477,73,79,-6,6
23478,129,130,-1,1
23479,161,145,16,16
23480,89,92,-3,3
23481,113,109,4,4
23482,99,96,3,3
23483,127,127,0,0
23484,115,116,-1,1
23485,78,78,0,0
23486,155,163,-8,8
23487,54,61,-7,7
23488,89,92,-3,3
23489,115,113,2,2
23490,82,84,-2,2
23491,165,154,11,11
23492,90,90,0,0
23493,87,93,-6,6
23494,115,106,9,9
23495,70,69,1,1
23496,85,77,8,8
23497,101,100,1,1
23498,118,130,-12,12
23499,135,116,19,19
23500,74,82,-8,8
23501,108,120,-12,12
23502,134,129,5,5
23503,109,103,6,6
23504,77,76,1,1
23505,71,65,6,6
23506,78,70,8,8
23507,125,111,14,14
23508,90,95,-5,5
23509,47,60,-13,13
23510,89,96,-7,7
23511,102,98,4,4
23512,94,95,-1,1
23513,137,130,7,7
23514,110,104,6,6
23515,100,102,-2,2
23516,125,120,5,5
23517,57,108,-51,51
23518,120,118,2,2
23519,149,139,10,10
23520,69,73,-4,4
23521,91,97,-6,6
23522,69,68,1,1
23523,143,128,15,15
23524,112,107,5,5
23525,108,99,9,9
23526,83,95,-12,12
23527,102,105,-3,3
23528,55,61,-6,6
23529,101,98,3,3
23530,39,63,-24,24
23531,173,169,4,4
23532,98,96,2,2
23533,136,130,6,6
23534,62,63,-1,1
23535,188,152,36,36
23536,98,98,0,0
23537,132,120,12,12
23538,89,102,-13,13
23539,106,109,-3,3
23540,101,108,-7,7
23541,150,135,15,15
23542,194,167,27,27
23543,108,111,-3,3
23544,78,93,-15,15
23545,70,70,0,0
23546,93,101,-8,8
23547,65,70,-5,5
23548,113,104,9,9
23549,129,119,10,10
23550,94,100,-6,6
23551,108,104,4,4
23552,90,96,-6,6
23553,68,68,0,0
23554,98,100,-2,2
23555,96,121,-25,25
23556,85,100,-15,15
23557,137,144,-7,7
23558,112,109,3,3
23559,168,154,14,14
23560,87,98,-11,11
23561,134,122,12,12
23562,75,88,-13,13
23563,135,124,11,11
23564,81,79,2,2
23565,96,107,-11,11
23566,91,99,-8,8
23567,104,96,8,8
23568,105,98,7,7
23569,56,62,-6,6
23570,111,106,5,5
23571,56,67,-11,11
23572,62,64,-2,2
23573,103,101,2,2
23574,144,145,-1,1
23575,101,100,1,1
23576,79,76,3,3
23577,102,97,5,5
23578,121,117,4,4
23579,140,135,5,5
23580,135,129,6,6
23581,80,75,5,5
23582,51,63,-12,12
23583,152,147,5,5
23584,94,100,-6,6
23585,52,61,-9,9
23586,78,83,-5,5
23587,82,90,-8,8
23588,75,69,6,6
23589,117,115,2,2
23590,136,128,8,8
23591,92,93,-1,1
23592,55,62,-7,7
23593,126,114,12,12
23594,55,61,-6,6
23595,43,62,-19,19
23596,83,92,-9,9
23597,116,126,-10,10
23598,113,114,-1,1
23599,60,63,-3,3
23600,100,110,-10,10
23601,100,108,-8,8
23602,113,110,3,3
23603,123,136,-13,13
23604,69,71,-2,2
23605,113,128,-15,15
23606,71,75,-4,4
23607,132,120,12,12
23608,151,143,8,8
23609,57,62,-5,5
23610,105,104,1,1
23611,188,191,-3,3
23612,79,76,3,3
23613,151,144,7,7
23614,137,137,0,0
23615,42,71,-29,29
23616,144,134,10,10
23617,41,61,-20,20
23618,82,86,-4,4
23619,91,89,2,2
23620,65,67,-2,2
23621,65,67,-2,2
23622,103,105,-2,2
23623,116,113,3,3
23624,149,143,6,6
23625,202,176,26,26
23626,61,63,-2,2
23627,78,81,-3,3
23628,154,138,16,16
23629,87,94,-7,7
23630,93,93,0,0
23631,134,148,-14,14
23632,116,116,0,0
23633,124,123,1,1
23634,148,141,7,7
23635,140,135,5,5
23636,69,62,7,7
23637,107,105,2,2
23638,99,99,0,0
23639,137,123,14,14
23640,165,139,26,26
23641,102,96,6,6
23642,116,110,6,6
23643,95,77,18,18
23644,86,107,-21,21
23645,88,100,-12,12
23646,108,106,2,2
23647,153,146,7,7
23648,69,67,2,2
23649,76,72,4,4
23650,103,101,2,2
23651,79,93,-14,14
23652,129,114,15,15
23653,87,93,-6,6
23654,67,70,-3,3
23655,81,82,-1,1
23656,118,115,3,3
23657,69,62,7,7
23658,63,70,-7,7
23659,77,83,-6,6
23660,113,110,3,3
23661,143,135,8,8
23662,57,62,-5,5
23663,86,92,-6,6
23664,36,61,-25,25
23665,128,120,8,8
23666,111,109,2,2
23667,68,71,-3,3
23668,60,69,-9,9
23669,90,93,-3,3
23670,99,97,2,2
23671,80,81,-1,1
23672,79,91,-12,12
23673,84,93,-9,9
23674,77,64,13,13
23675,132,126,6,6
23676,94,68,26,26
23677,95,99,-4,4
23678,67,65,2,2
23679,134,122,12,12
23680,148,142,6,6
23681,92,95,-3,3
23682,85,72,13,13
23683,69,81,-12,12
23684,107,116,-9,9
23685,113,126,-13,13
23686,49,61,-12,12
23687,31,62,-31,31
23688,72,79,-7,7
23689,135,132,3,3
23690,126,115,11,11
23691,67,71,-4,4
23692,70,80,-10,10
23693,64,65,-1,1
23694,70,108,-38,38
23695,88,86,2,2
23696,66,72,-6,6
23697,80,97,-17,17
23698,82,98,-16,16
23699,85,92,-7,7
23700,128,127,1,1
23701,116,114,2,2
23702,74,64,10,10
23703,107,103,4,4
23704,74,77,-3,3
23705,133,115,18,18
23706,91,93,-2,2
23707,100,101,-1,1
23708,90,85,5,5
23709,41,61,-20,20
23710,117,110,7,7
23711,91,98,-7,7
23712,108,117,-9,9
23713,61,69,-8,8
23714,201,183,18,18
23715,112,108,4,4
23716,62,61,1,1
23717,70,67,3,3
23718,79,77,2,2
23719,85,81,4,4
23720,138,127,11,11
23721,132,126,6,6
23722,46,61,-15,15
23723,172,161,11,11
23724,120,108,12,12
23725,120,112,8,8
23726,96,103,-7,7
23727,108,100,8,8
23728,125,131,-6,6
23729,72,82,-10,10
23730,110,99,11,11
23731,51,60,-9,9
23732,127,123,4,4
23733,109,111,-2,2
23734,70,66,4,4
23735,91,94,-3,3
23736,53,65,-12,12
23737,195,185,10,10
23738,63,69,-6,6
23739,97,103,-6,6
23740,109,104,5,5
23741,116,116,0,0
23742,52,63,-11,11
23743,66,78,-12,12
23744,70,68,2,2
23745,143,137,6,6
23746,61,187,-126,126
23747,105,98,7,7
23748,58,61,-3,3
23749,141,136,5,5
23750,64,62,2,2
23751,126,122,4,4
23752,154,145,9,9
23753,103,97,6,6
23754,54,60,-6,6
23755,100,102,-2,2
23756,99,102,-3,3
23757,84,91,-7,7
23758,67,68,-1,1
23759,51,61,-10,10
23760,118,124,-6,6
23761,139,122,17,17
23762,83,82,1,1
23763,127,123,4,4
23764,98,96,2,2
23765,86,85,1,1
23766,53,62,-9,9
23767,111,116,-5,5
23768,82,90,-8,8
23769,101,96,5,5
23770,79,81,-2,2
23771,82,94,-12,12
23772,101,94,7,7
23773,172,154,18,18
23774,49,61,-12,12
23775,144,130,14,14
23776,79,83,-4,4
23777,71,74,-3,3
23778,109,110,-1,1
23779,97,94,3,3
23780,134,125,9,9
23781,139,155,-16,16
23782,103,107,-4,4
23783,104,101,3,3
23784,45,61,-16,16
23785,124,129,-5,5
23786,77,89,-12,12
23787,92,99,-7,7
23788,54,62,-8,8
23789,96,100,-4,4
23790,77,68,9,9
23791,99,94,5,5
23792,46,62,-16,16
23793,128,126,2,2
23794,114,121,-7,7
23795,183,163,20,20
23796,74,79,-5,5
23797,152,135,17,17
23798,95,93,2,2
23799,84,69,15,15
23800,103,102,1,1
23801,118,109,9,9
23802,82,99,-17,17
23803,161,161,0,0
23804,93,90,3,3
23805,91,87,4,4
23806,106,102,4,4
23807,91,89,2,2
23808,52,62,-10,10
23809,89,92,-3,3
23810,80,84,-4,4
23811,112,118,-6,6
23812,69,64,5,5
23813,68,63,5,5
23814,219,207,12,12
23815,89,96,-7,7
23816,127,120,7,7
23817,84,105,-21,21
23818,85,81,4,4
23819,28,50,-22,22
23820,141,126,15,15
23821,92,97,-5,5
23822,130,123,7,7
23823,59,65,-6,6
23824,143,126,17,17
23825,145,128,17,17
23826,73,72,1,1
23827,177,169,8,8
23828,169,146,23,23
23829,54,61,-7,7
23830,128,112,16,16
23831,52,63,-11,11
23832,129,129,0,0
23833,99,101,-2,2
23834,119,104,15,15
23835,75,83,-8,8
23836,119,110,9,9
23837,103,98,5,5
23838,130,126,4,4
23839,119,110,9,9
23840,100,97,3,3
23841,159,165,-6,6
23842,75,71,4,4
23843,86,92,-6,6
23844,123,119,4,4
23845,74,81,-7,7
23846,50,62,-12,12
23847,57,61,-4,4
23848,50,59,-9,9
23849,71,75,-4,4
23850,96,94,2,2
23851,76,76,0,0
23852,130,120,10,10
23853,62,72,-10,10
23854,92,104,-12,12
23855,98,107,-9,9
23856,67,60,7,7
23857,231,217,14,14
23858,68,61,7,7
23859,59,62,-3,3
23860,82,69,13,13
23861,67,75,-8,8
23862,88,82,6,6
23863,138,127,11,11
23864,81,71,10,10
23865,117,113,4,4
23866,67,71,-4,4
23867,57,66,-9,9
23868,53,62,-9,9
23869,87,90,-3,3
23870,123,126,-3,3
23871,128,121,7,7
23872,80,91,-11,11
23873,95,96,-1,1
23874,105,107,-2,2
23875,92,102,-10,10
23876,97,95,2,2
23877,96,102,-6,6
23878,114,104,10,10
23879,57,60,-3,3
23880,174,154,20,20
23881,98,96,2,2
23882,96,93,3,3
23883,34,60,-26,26
23884,53,62,-9,9
23885,70,68,2,2
23886,100,105,-5,5
23887,112,114,-2,2
23888,86,94,-8,8
23889,106,101,5,5
23890,75,77,-2,2
23891,97,110,-13,13
23892,93,100,-7,7
23893,105,97,8,8
23894,108,108,0,0
23895,137,154,-17,17
23896,99,105,-6,6
23897,71,69,2,2
23898,157,155,2,2
23899,111,113,-2,2
23900,102,95,7,7
23901,144,134,10,10
23902,86,85,1,1
23903,63,74,-11,11
23904,97,91,6,6
23905,30,60,-30,30
23906,77,83,-6,6
23907,111,103,8,8
23908,77,70,7,7
23909,41,62,-21,21
23910,82,92,-10,10
23911,144,131,13,13
23912,117,116,1,1
23913,94,92,2,2
23914,58,61,-3,3
23915,101,98,3,3
23916,105,99,6,6
23917,99,110,-11,11
23918,88,88,0,0
23919,69,76,-7,7
23920,67,61,6,6
23921,51,62,-11,11
23922,120,115,5,5
23923,60,63,-3,3
23924,90,91,-1,1
23925,81,79,2,2
23926,163,171,-8,8
23927,142,129,13,13
23928,65,67,-2,2
23929,156,146,10,10
23930,52,59,-7,7
23931,74,66,8,8
23932,115,111,4,4
23933,126,131,-5,5
23934,48,61,-13,13
23935,129,127,2,2
23936,160,146,14,14
23937,110,117,-7,7
23938,121,125,-4,4
23939,97,94,3,3
23940,110,128,-18,18
23941,135,128,7,7
23942,153,149,4,4
23943,103,123,-20,20
23944,103,99,4,4
23945,119,112,7,7
23946,76,89,-13,13
23947,195,196,-1,1
23948,57,61,-4,4
23949,59,69,-10,10
23950,146,141,5,5
23951,91,83,8,8
23952,101,99,2,2
23953,240,208,32,32
23954,88,95,-7,7
23955,83,74,9,9
23956,77,83,-6,6
23957,82,102,-20,20
23958,82,97,-15,15
23959,119,108,11,11
23960,106,101,5,5
23961,101,109,-8,8
23962,78,86,-8,8
23963,82,78,4,4
23964,82,88,-6,6
23965,126,111,15,15
23966,87,98,-11,11
23967,96,98,-2,2
23968,68,68,0,0
23969,100,95,5,5
23970,71,78,-7,7
23971,91,104,-13,13
23972,118,115,3,3
23973,93,97,-4,4
23974,87,92,-5,5
23975,75,82,-7,7
23976,64,63,1,1
23977,94,97,-3,3
23978,45,61,-16,16
23979,97,91,6,6
23980,115,107,8,8
23981,84,80,4,4
23982,139,127,12,12
23983,155,156,-1,1
23984,65,67,-2,2
23985,72,77,-5,5
23986,65,71,-6,6
23987,45,58,-13,13
23988,92,109,-17,17
23989,148,149,-1,1
23990,163,137,26,26
23991,80,74,6,6
23992,131,120,11,11
23993,74,78,-4,4
23994,62,65,-3,3
23995,65,62,3,3
23996,110,100,10,10
23997,119,112,7,7
23998,110,105,5,5
23999,89,97,-8,8
24000,104,115,-11,11
24001,110,117,-7,7
24002,83,75,8,8
24003,134,128,6,6
24004,110,117,-7,7
24005,74,84,-10,10
24006,152,143,9,9
24007,103,107,-4,4
24008,47,62,-15,15
24009,104,100,4,4
24010,59,66,-7,7
24011,76,66,10,10
24012,82,92,-10,10
24013,100,103,-3,3
24014,127,119,8,8
24015,70,66,4,4
24016,71,72,-1,1
24017,83,99,-16,16
24018,80,79,1,1
24019,102,103,-1,1
24020,70,88,-18,18
24021,89,91,-2,2
24022,75,76,-1,1
24023,104,101,3,3
24024,84,70,14,14
24025,56,60,-4,4
24026,55,63,-8,8
24027,141,147,-6,6
24028,82,84,-2,2
24029,182,160,22,22
24030,154,151,3,3
24031,86,92,-6,6
24032,78,76,2,2
24033,91,95,-4,4
24034,115,115,0,0
24035,112,117,-5,5
24036,98,114,-16,16
24037,83,77,6,6
24038,58,63,-5,5
24039,72,69,3,3
24040,46,55,-9,9
24041,54,61,-7,7
24042,99,100,-1,1
24043,100,127,-27,27
24044,114,112,2,2
24045,56,62,-6,6
24046,49,63,-14,14
24047,63,64,-1,1
24048,63,63,0,0
24049,72,69,3,3
24050,97,97,0,0
24051,59,61,-2,2
24052,123,125,-2,2
24053,109,117,-8,8
24054,108,106,2,2
24055,95,103,-8,8
24056,94,95,-1,1
24057,59,64,-5,5
24058,80,90,-10,10
24059,140,133,7,7
24060,102,106,-4,4
24061,65,69,-4,4
24062,117,109,8,8
24063,63,61,2,2
24064,77,88,-11,11
24065,137,108,29,29
24066,114,113,1,1
24067,78,68,10,10
24068,45,61,-16,16
24069,84,94,-10,10
24070,96,118,-22,22
24071,62,64,-2,2
24072,67,75,-8,8
24073,178,153,25,25
24074,78,92,-14,14
24075,112,107,5,5
24076,99,89,10,10
24077,94,99,-5,5
24078,86,73,13,13
24079,116,108,8,8
24080,64,63,1,1
24081,51,59,-8,8
24082,176,152,24,24
24083,120,112,8,8
24084,121,105,16,16
24085,84,88,-4,4
24086,108,105,3,3
24087,97,97,0,0
24088,91,95,-4,4
24089,117,119,-2,2
24090,102,107,-5,5
24091,53,59,-6,6
24092,82,82,0,0
24093,63,63,0,0
24094,50,101,-51,51
24095,121,112,9,9
24096,33,61,-28,28
24097,75,70,5,5
24098,98,102,-4,4
24099,95,91,4,4
24100,94,99,-5,5
24101,43,62,-19,19
24102,88,100,-12,12
24103,72,72,0,0
24104,118,109,9,9
24105,76,86,-10,10
24106,58,60,-2,2
24107,104,93,11,11
24108,115,112,3,3
24109,63,63,0,0
24110,105,109,-4,4
24111,59,61,-2,2
24112,58,60,-2,2
24113,146,131,15,15
24114,82,91,-9,9
24115,114,119,-5,5
24116,95,92,3,3
24117,46,60,-14,14
24118,122,126,-4,4
24119,78,83,-5,5
24120,97,95,2,2
24121,111,111,0,0
24122,161,143,18,18
24123,157,150,7,7
24124,90,102,-12,12
24125,69,68,1,1
24126,78,76,2,2
24127,111,105,6,6
24128,56,59,-3,3
24129,83,69,14,14
24130,186,170,16,16
24131,76,83,-7,7
24132,76,81,-5,5
24133,136,128,8,8
24134,87,91,-4,4
24135,87,81,6,6
24136,72,103,-31,31
24137,64,77,-13,13
24138,162,154,8,8
24139,59,63,-4,4
24140,77,72,5,5
24141,58,61,-3,3
24142,65,60,5,5
24143,103,96,7,7
24144,74,91,-17,17
24145,83,68,15,15
24146,62,65,-3,3
24147,115,106,9,9
24148,88,97,-9,9
24149,79,89,-10,10
24150,102,102,0,0
24151,76,69,7,7
24152,72,72,0,0
24153,127,125,2,2
24154,57,62,-5,5
24155,123,120,3,3
24156,108,103,5,5
24157,179,155,24,24
24158,56,84,-28,28
24159,129,129,0,0
24160,76,85,-9,9
24161,160,136,24,24
24162,108,102,6,6
24163,65,64,1,1
24164,80,75,5,5
24165,68,86,-18,18
24166,125,153,-28,28
24167,55,62,-7,7
24168,101,107,-6,6
24169,102,99,3,3
24170,151,146,5,5
24171,98,125,-27,27
24172,72,89,-17,17
24173,124,121,3,3
24174,113,105,8,8
24175,84,74,10,10
24176,51,61,-10,10
24177,73,71,2,2
24178,58,62,-4,4
24179,103,102,1,1
24180,89,75,14,14
24181,103,108,-5,5
24182,122,119,3,3
24183,62,63,-1,1
24184,152,139,13,13
24185,49,62,-13,13
24186,76,77,-1,1
24187,107,104,3,3
24188,63,86,-23,23
24189,132,125,7,7
24190,167,127,40,40
24191,105,101,4,4
24192,160,152,8,8
24193,86,90,-4,4
24194,105,98,7,7
24195,88,93,-5,5
24196,102,100,2,2
24197,102,115,-13,13
24198,101,111,-10,10
24199,48,63,-15,15
24200,131,133,-2,2
24201,45,62,-17,17
24202,100,101,-1,1
24203,77,74,3,3
24204,131,133,-2,2
24205,106,107,-1,1
24206,115,108,7,7
24207,140,127,13,13
24208,111,114,-3,3
24209,100,103,-3,3
24210,55,62,-7,7
24211,80,74,6,6
24212,98,103,-5,5
24213,61,60,1,1
24214,106,100,6,6
24215,91,95,-4,4
24216,96,94,2,2
24217,88,86,2,2
24218,79,86,-7,7
24219,108,118,-10,10
24220,108,111,-3,3
24221,137,118,19,19
24222,110,124,-14,14
24223,67,67,0,0
24224,81,76,5,5
24225,74,79,-5,5
24226,95,103,-8,8
24227,36,61,-25,25
24228,96,97,-1,1
24229,80,90,-10,10
24230,86,82,4,4
24231,145,152,-7,7
24232,163,159,4,4
24233,57,62,-5,5
24234,91,101,-10,10
24235,100,105,-5,5
24236,55,60,-5,5
24237,118,111,7,7
24238,183,181,2,2
24239,79,87,-8,8
24240,82,69,13,13
24241,107,105,2,2
24242,47,62,-15,15
24243,103,107,-4,4
24244,78,80,-2,2
24245,114,115,-1,1
24246,127,117,10,10
24247,65,72,-7,7
24248,149,157,-8,8
24249,72,69,3,3
24250,75,79,-4,4
24251,99,100,-1,1
24252,91,90,1,1
24253,50,64,-14,14
24254,116,112,4,4
24255,150,136,14,14
24256,136,137,-1,1
24257,145,141,4,4
24258,64,71,-7,7
24259,81,81,0,0
24260,76,72,4,4
24261,91,82,9,9
24262,64,61,3,3
24263,52,68,-16,16
24264,85,94,-9,9
24265,93,96,-3,3
24266,80,91,-11,11
24267,84,93,-9,9
24268,71,65,6,6
24269,73,69,4,4
24270,54,63,-9,9
24271,87,81,6,6
24272,88,100,-12,12
24273,50,61,-11,11
24274,122,118,4,4
24275,98,99,-1,1
24276,82,80,2,2
24277,173,160,13,13
24278,78,73,5,5
24279,106,115,-9,9
24280,103,111,-8,8
24281,78,77,1,1
24282,57,59,-2,2
24283,125,130,-5,5
24284,103,116,-13,13
24285,100,99,1,1
24286,78,82,-4,4
24287,122,109,13,13
24288,122,129,-7,7
24289,135,123,12,12
24290,110,97,13,13
24291,174,150,24,24
24292,54,62,-8,8
24293,43,62,-19,19
24294,82,77,5,5
24295,91,79,12,12
24296,104,96,8,8
24297,148,135,13,13
24298,30,62,-32,32
24299,115,107,8,8
24300,122,114,8,8
24301,126,118,8,8
24302,68,71,-3,3
24303,119,109,10,10
24304,124,128,-4,4
24305,81,73,8,8
24306,74,71,3,3
24307,75,71,4,4
24308,57,64,-7,7
24309,92,103,-11,11
24310,79,75,4,4
24311,118,121,-3,3
24312,62,65,-3,3
24313,86,81,5,5
24314,57,62,-5,5
24315,93,110,-17,17
24316,111,100,11,11
24317,77,76,1,1
24318,66,75,-9,9
24319,142,108,34,34
24320,117,103,14,14
24321,48,62,-14,14
24322,195,168,27,27
24323,100,101,-1,1
24324,103,100,3,3
24325,59,70,-11,11
24326,76,72,4,4
24327,108,110,-2,2
24328,127,122,5,5
24329,91,89,2,2
24330,67,69,-2,2
24331,157,140,17,17
24332,120,126,-6,6
24333,79,81,-2,2
24334,95,98,-3,3
24335,103,106,-3,3
24336,126,120,6,6
24337,73,108,-35,35
24338,53,64,-11,11
24339,126,124,2,2
24340,78,69,9,9
24341,128,128,0,0
24342,51,62,-11,11
24343,76,71,5,5
24344,130,129,1,1
24345,87,94,-7,7
24346,76,81,-5,5
24347,71,64,7,7
24348,115,111,4,4
24349,119,117,2,2
24350,75,72,3,3
24351,75,97,-22,22
24352,93,96,-3,3
24353,128,129,-1,1
24354,127,148,-21,21
24355,94,100,-6,6
24356,133,119,14,14
24357,53,60,-7,7
24358,146,129,17,17
24359,117,127,-10,10
24360,74,70,4,4
24361,126,120,6,6
24362,41,59,-18,18
24363,143,138,5,5
24364,90,91,-1,1
24365,73,80,-7,7
24366,156,146,10,10
24367,72,66,6,6
24368,59,62,-3,3
24369,27,62,-35,35
24370,93,98,-5,5
24371,87,94,-7,7
24372,44,58,-14,14
24373,182,182,0,0
24374,90,92,-2,2
24375,170,164,6,6
24376,128,124,4,4
24377,102,136,-34,34
24378,99,98,1,1
24379,106,104,2,2
24380,86,82,4,4
24381,127,114,13,13
24382,99,90,9,9
24383,101,107,-6,6
24384,155,184,-29,29
24385,184,155,29,29
24386,98,98,0,0
24387,95,99,-4,4
24388,108,127,-19,19
24389,103,107,-4,4
24390,147,145,2,2
24391,100,96,4,4
24392,76,100,-24,24
24393,308,263,45,45
24394,71,86,-15,15
24395,80,90,-10,10
24396,88,79,9,9
24397,92,103,-11,11
24398,105,110,-5,5
24399,63,73,-10,10
24400,89,102,-13,13
24401,77,95,-18,18
24402,94,100,-6,6
24403,72,90,-18,18
24404,65,63,2,2
24405,132,126,6,6
24406,90,90,0,0
24407,83,88,-5,5
24408,35,69,-34,34
24409,163,157,6,6
24410,73,73,0,0
24411,117,114,3,3
24412,87,85,2,2
24413,70,73,-3,3
24414,189,172,17,17
24415,81,78,3,3
24416,59,73,-14,14
24417,110,115,-5,5
24418,103,108,-5,5
24419,89,94,-5,5
24420,90,87,3,3
24421,475,437,38,38
24422,66,60,6,6
24423,97,101,-4,4
24424,89,87,2,2
24425,106,102,4,4
24426,81,81,0,0
24427,143,137,6,6
24428,113,109,4,4
24429,83,92,-9,9
24430,276,275,1,1
24431,88,90,-2,2
24432,91,98,-7,7
24433,179,152,27,27
24434,175,133,42,42
24435,86,92,-6,6
24436,60,63,-3,3
24437,86,93,-7,7
24438,104,105,-1,1
24439,144,134,10,10
24440,93,94,-1,1
24441,98,99,-1,1
24442,59,64,-5,5
24443,112,147,-35,35
24444,98,108,-10,10
24445,60,62,-2,2
24446,72,65,7,7
24447,42,62,-20,20
24448,57,62,-5,5
24449,138,124,14,14
24450,99,98,1,1
24451,134,128,6,6
24452,96,85,11,11
24453,101,117,-16,16
24454,88,104,-16,16
24455,79,88,-9,9
24456,61,58,3,3
24457,77,66,11,11
24458,119,118,1,1
24459,124,114,10,10
24460,77,84,-7,7
24461,81,80,1,1
24462,70,67,3,3
24463,120,130,-10,10
24464,90,100,-10,10
24465,88,95,-7,7
24466,49,58,-9,9
24467,70,67,3,3
24468,90,90,0,0
24469,70,67,3,3
24470,119,105,14,14
24471,99,99,0,0
24472,79,91,-12,12
24473,112,108,4,4
24474,63,64,-1,1
24475,40,62,-22,22
24476,145,133,12,12
24477,82,82,0,0
24478,87,89,-2,2
24479,75,74,1,1
24480,71,67,4,4
24481,84,81,3,3
24482,85,84,1,1
24483,101,95,6,6
24484,111,100,11,11
24485,90,95,-5,5
24486,63,62,1,1
24487,174,170,4,4
24488,106,102,4,4
24489,64,69,-5,5
24490,33,61,-28,28
24491,100,112,-12,12
24492,185,154,31,31
24493,68,66,2,2
24494,29,62,-33,33
24495,45,62,-17,17
24496,58,63,-5,5
24497,120,108,12,12
24498,124,112,12,12
24499,70,64,6,6
24500,104,109,-5,5
24501,101,97,4,4
24502,92,96,-4,4
24503,81,80,1,1
24504,59,60,-1,1
24505,84,88,-4,4
24506,67,69,-2,2
24507,105,100,5,5
24508,81,83,-2,2
24509,56,60,-4,4
24510,115,115,0,0
24511,117,114,3,3
24512,95,94,1,1
24513,134,122,12,12
24514,89,96,-7,7
24515,136,137,-1,1
24516,100,99,1,1
24517,95,107,-12,12
24518,73,74,-1,1
24519,58,66,-8,8
24520,157,138,19,19
24521,77,76,1,1
24522,54,59,-5,5
24523,90,101,-11,11
24524,85,96,-11,11
24525,71,67,4,4
24526,73,71,2,2
24527,87,94,-7,7
24528,57,63,-6,6
24529,64,66,-2,2
24530,72,71,1,1
24531,184,160,24,24
24532,152,123,29,29
24533,88,93,-5,5
24534,90,91,-1,1
24535,96,106,-10,10
24536,117,103,14,14
24537,65,64,1,1
24538,101,94,7,7
24539,130,132,-2,2
24540,189,165,24,24
24541,80,89,-9,9
24542,72,85,-13,13
24543,99,104,-5,5
24544,131,124,7,7
24545,120,124,-4,4
24546,64,64,0,0
24547,59,61,-2,2
24548,69,70,-1,1
24549,44,62,-18,18
24550,85,96,-11,11
24551,51,66,-15,15
24552,70,72,-2,2
24553,61,68,-7,7
24554,110,122,-12,12
24555,69,75,-6,6
24556,56,61,-5,5
24557,125,137,-12,12
24558,91,84,7,7
24559,53,62,-9,9
24560,91,95,-4,4
24561,42,60,-18,18
24562,85,92,-7,7
24563,33,62,-29,29
24564,94,85,9,9
24565,143,134,9,9
24566,72,63,9,9
24567,85,90,-5,5
24568,132,130,2,2
24569,103,100,3,3
24570,131,113,18,18
24571,72,72,0,0
24572,109,111,-2,2
24573,104,106,-2,2
24574,128,123,5,5
24575,147,137,10,10
24576,90,94,-4,4
24577,44,61,-17,17
24578,84,89,-5,5
24579,129,134,-5,5
24580,76,93,-17,17
24581,82,95,-13,13
24582,155,133,22,22
24583,141,124,17,17
24584,110,124,-14,14
24585,117,120,-3,3
24586,112,112,0,0
24587,109,112,-3,3
24588,63,62,1,1
24589,68,69,-1,1
24590,140,130,10,10
24591,42,60,-18,18
24592,97,106,-9,9
24593,73,68,5,5
24594,49,59,-10,10
24595,163,133,30,30
24596,116,117,-1,1
24597,98,108,-10,10
24598,97,98,-1,1
24599,76,77,-1,1
24600,84,88,-4,4
24601,52,61,-9,9
24602,134,126,8,8
24603,62,60,2,2
24604,123,121,2,2
24605,55,61,-6,6
24606,80,85,-5,5
24607,77,77,0,0
24608,121,128,-7,7
24609,45,61,-16,16
24610,66,68,-2,2
24611,59,58,1,1
24612,45,62,-17,17
24613,63,61,2,2
24614,65,79,-14,14
24615,95,94,1,1
24616,84,80,4,4
24617,110,127,-17,17
24618,83,89,-6,6
24619,133,120,13,13
24620,111,108,3,3
24621,69,68,1,1
24622,43,62,-19,19
24623,97,102,-5,5
24624,78,93,-15,15
24625,75,76,-1,1
24626,130,120,10,10
24627,73,78,-5,5
24628,156,161,-5,5
24629,110,97,13,13
24630,132,126,6,6
24631,108,109,-1,1
24632,97,100,-3,3
24633,139,127,12,12
24634,88,87,1,1
24635,136,121,15,15
24636,115,108,7,7
24637,141,131,10,10
24638,125,119,6,6
24639,114,109,5,5
24640,127,117,10,10
24641,87,95,-8,8
24642,126,122,4,4
24643,83,95,-12,12
24644,68,64,4,4
24645,100,101,-1,1
24646,67,69,-2,2
24647,79,68,11,11
24648,123,113,10,10
24649,49,60,-11,11
24650,73,95,-22,22
24651,105,99,6,6
24652,86,85,1,1
24653,78,100,-22,22
24654,97,94,3,3
24655,95,103,-8,8
24656,46,61,-15,15
24657,105,113,-8,8
24658,157,139,18,18
24659,97,111,-14,14
24660,130,115,15,15
24661,114,122,-8,8
24662,56,60,-4,4
24663,37,63,-26,26
24664,133,128,5,5
24665,80,99,-19,19
24666,56,61,-5,5
24667,64,64,0,0
24668,78,86,-8,8
24669,96,94,2,2
24670,90,87,3,3
24671,126,115,11,11
24672,85,93,-8,8
24673,60,62,-2,2
24674,92,92,0,0
24675,105,106,-1,1
24676,92,95,-3,3
24677,85,87,-2,2
24678,187,160,27,27
24679,108,115,-7,7
24680,64,63,1,1
24681,99,95,4,4
24682,92,95,-3,3
24683,111,110,1,1
24684,83,75,8,8
24685,92,91,1,1
24686,68,62,6,6
24687,158,135,23,23
24688,54,60,-6,6
24689,86,79,7,7
24690,94,94,0,0
24691,102,104,-2,2
24692,55,61,-6,6
24693,52,63,-11,11
24694,69,80,-11,11
24695,97,97,0,0
24696,59,63,-4,4
24697,86,89,-3,3
24698,104,105,-1,1
24699,119,127,-8,8
24700,124,108,16,16
24701,99,101,-2,2
24702,94,95,-1,1
24703,129,130,-1,1
24704,134,116,18,18
24705,58,67,-9,9
24706,131,117,14,14
24707,100,93,7,7
24708,97,92,5,5
24709,75,68,7,7
24710,133,130,3,3
24711,87,93,-6,6
24712,76,75,1,1
24713,55,61,-6,6
24714,167,158,9,9
24715,108,114,-6,6
24716,64,65,-1,1
24717,56,66,-10,10
24718,49,90,-41,41
24719,55,63,-8,8
24720,80,113,-33,33
24721,55,62,-7,7
24722,169,152,17,17
24723,156,143,13,13
24724,102,98,4,4
24725,94,94,0,0
24726,92,96,-4,4
24727,116,125,-9,9
24728,120,120,0,0
24729,107,107,0,0
24730,113,110,3,3
24731,75,78,-3,3
24732,67,60,7,7
24733,98,93,5,5
24734,193,165,28,28
24735,165,159,6,6
24736,92,84,8,8
24737,53,59,-6,6
24738,82,107,-25,25
24739,113,122,-9,9
24740,89,99,-10,10
24741,93,91,2,2
24742,94,95,-1,1
24743,87,85,2,2
24744,145,132,13,13
24745,142,126,16,16
24746,115,112,3,3
24747,82,94,-12,12
24748,87,96,-9,9
24749,74,73,1,1
24750,61,97,-36,36
24751,125,126,-1,1
24752,74,76,-2,2
24753,129,121,8,8
24754,88,84,4,4
24755,93,97,-4,4
24756,83,85,-2,2
24757,123,116,7,7
24758,103,100,3,3
24759,136,133,3,3
24760,88,87,1,1
24761,94,94,0,0
24762,71,79,-8,8
24763,80,85,-5,5
24764,73,74,-1,1
24765,90,85,5,5
24766,81,85,-4,4
24767,85,95,-10,10
24768,48,62,-14,14
24769,122,127,-5,5
24770,120,120,0,0
24771,100,102,-2,2
24772,123,113,10,10
24773,154,130,24,24
24774,49,61,-12,12
24775,110,98,12,12
24776,90,96,-6,6
24777,103,100,3,3
24778,69,77,-8,8
24779,113,107,6,6
24780,102,101,1,1
24781,80,114,-34,34
24782,45,62,-17,17
24783,154,141,13,13
24784,116,104,12,12
24785,125,118,7,7
24786,182,158,24,24
24787,68,63,5,5
24788,82,70,12,12
24789,78,78,0,0
24790,60,76,-16,16
24791,119,109,10,10
24792,76,79,-3,3
24793,102,101,1,1
24794,94,120,-26,26
24795,76,81,-5,5
24796,52,61,-9,9
24797,82,68,14,14
24798,117,118,-1,1
24799,110,104,6,6
24800,165,146,19,19
24801,79,71,8,8
24802,132,122,10,10
24803,118,120,-2,2
24804,95,93,2,2
24805,74,78,-4,4
24806,52,85,-33,33
24807,104,107,-3,3
24808,103,124,-21,21
24809,119,115,4,4
24810,99,105,-6,6
24811,141,128,13,13
24812,62,62,0,0
24813,95,100,-5,5
24814,115,111,4,4
24815,97,108,-11,11
24816,46,61,-15,15
24817,122,126,-4,4
24818,121,119,2,2
24819,102,104,-2,2
24820,148,135,13,13
24821,71,67,4,4
24822,114,108,6,6
24823,126,117,9,9
24824,84,85,-1,1
24825,83,88,-5,5
24826,101,92,9,9
24827,98,99,-1,1
24828,121,114,7,7
24829,84,95,-11,11
24830,56,66,-10,10
24831,90,79,11,11
24832,85,80,5,5
24833,87,90,-3,3
24834,113,116,-3,3
24835,140,135,5,5
24836,116,112,4,4
24837,120,125,-5,5
24838,82,78,4,4
24839,150,133,17,17
24840,89,90,-1,1
24841,72,69,3,3
24842,106,107,-1,1
24843,66,74,-8,8
24844,67,71,-4,4
24845,78,78,0,0
24846,118,111,7,7
24847,83,100,-17,17
24848,133,137,-4,4
24849,127,119,8,8
24850,178,155,23,23
24851,70,66,4,4
24852,50,62,-12,12
24853,121,110,11,11
24854,127,119,8,8
24855,62,62,0,0
24856,74,71,3,3
24857,79,80,-1,1
24858,95,94,1,1
24859,103,107,-4,4
24860,113,105,8,8
24861,58,79,-21,21
24862,162,126,36,36
24863,43,62,-19,19
24864,73,68,5,5
24865,60,64,-4,4
24866,134,120,14,14
24867,66,67,-1,1
24868,42,59,-17,17
24869,89,90,-1,1
24870,82,69,13,13
24871,133,123,10,10
24872,28,62,-34,34
24873,120,105,15,15
24874,60,61,-1,1
24875,59,65,-6,6
24876,54,60,-6,6
24877,81,91,-10,10
24878,102,100,2,2
24879,47,60,-13,13
24880,90,82,8,8
24881,123,112,11,11
24882,83,85,-2,2
24883,92,105,-13,13
24884,105,102,3,3
24885,108,96,12,12
24886,114,121,-7,7
24887,57,62,-5,5
24888,67,65,2,2
24889,85,94,-9,9
24890,68,70,-2,2
24891,55,59,-4,4
24892,93,93,0,0
24893,61,64,-3,3
24894,61,63,-2,2
24895,87,92,-5,5
24896,85,86,-1,1
24897,88,92,-4,4
24898,57,62,-5,5
24899,65,65,0,0
24900,58,61,-3,3
24901,118,112,6,6
24902,94,97,-3,3
24903,164,151,13,13
24904,74,82,-8,8
24905,106,157,-51,51
24906,97,113,-16,16
24907,117,113,4,4
24908,123,122,1,1
24909,72,82,-10,10
24910,73,66,7,7
24911,105,141,-36,36
24912,53,62,-9,9
24913,63,63,0,0
24914,85,79,6,6
24915,136,141,-5,5
24916,113,105,8,8
24917,92,104,-12,12
24918,97,101,-4,4
24919,95,105,-10,10
24920,106,105,1,1
24921,167,159,8,8
24922,121,125,-4,4
24923,42,61,-19,19
24924,80,90,-10,10
24925,48,63,-15,15
24926,116,112,4,4
24927,117,113,4,4
24928,67,68,-1,1
24929,69,66,3,3
24930,114,105,9,9
24931,134,123,11,11
24932,91,93,-2,2
24933,88,87,1,1
24934,130,125,5,5
24935,187,171,16,16
24936,99,103,-4,4
24937,95,105,-10,10
24938,151,142,9,9
24939,97,98,-1,1
24940,66,66,0,0
24941,39,62,-23,23
24942,114,113,1,1
24943,124,113,11,11
24944,109,108,1,1
24945,92,109,-17,17
24946,50,62,-12,12
24947,139,126,13,13
24948,116,113,3,3
24949,79,77,2,2
24950,69,86,-17,17
24951,95,99,-4,4
24952,112,112,0,0
24953,57,65,-8,8
24954,57,62,-5,5
24955,112,120,-8,8
24956,77,81,-4,4
24957,79,89,-10,10
24958,115,111,4,4
24959,52,63,-11,11
24960,121,105,16,16
24961,93,96,-3,3
24962,51,63,-12,12
24963,71,72,-1,1
24964,126,124,2,2
24965,149,132,17,17
24966,91,108,-17,17
24967,142,137,5,5
24968,55,66,-11,11
24969,110,113,-3,3
24970,197,192,5,5
24971,85,88,-3,3
24972,115,110,5,5
24973,111,105,6,6
24974,136,122,14,14
24975,57,62,-5,5
24976,100,93,7,7
24977,121,114,7,7
24978,105,98,7,7
24979,145,145,0,0
24980,93,96,-3,3
24981,104,104,0,0
24982,104,99,5,5
24983,89,86,3,3
24984,82,81,1,1
24985,137,120,17,17
24986,112,100,12,12
24987,99,95,4,4
24988,94,98,-4,4
24989,140,131,9,9
24990,75,90,-15,15
24991,114,115,-1,1
24992,71,67,4,4
24993,155,131,24,24
24994,71,70,1,1
24995,61,63,-2,2
24996,84,102,-18,18
24997,75,68,7,7
24998,128,147,-19,19
24999,247,242,5,5
25000,101,104,-3,3
25001,113,100,13,13
25002,116,110,6,6
25003,112,109,3,3
25004,83,94,-11,11
25005,52,63,-11,11
25006,73,61,12,12
25007,43,61,-18,18
25008,96,108,-12,12
25009,49,60,-11,11
25010,57,62,-5,5
25011,104,131,-27,27
25012,86,98,-12,12
25013,66,71,-5,5
25014,69,79,-10,10
25015,92,100,-8,8
25016,120,119,1,1
25017,124,124,0,0
25018,109,106,3,3
25019,90,103,-13,13
25020,88,91,-3,3
25021,60,62,-2,2
25022,100,106,-6,6
25023,171,202,-31,31
25024,55,62,-7,7
25025,143,134,9,9
25026,104,103,1,1
25027,120,120,0,0
25028,132,123,9,9
25029,142,138,4,4
25030,68,67,1,1
25031,74,68,6,6
25032,107,112,-5,5
25033,82,79,3,3
25034,48,63,-15,15
25035,83,78,5,5
25036,66,66,0,0
25037,90,93,-3,3
25038,114,115,-1,1
25039,123,106,17,17
25040,140,124,16,16
25041,71,64,7,7
25042,112,103,9,9
25043,175,172,3,3
25044,148,126,22,22
25045,87,90,-3,3
25046,156,153,3,3
25047,44,61,-17,17
25048,105,102,3,3
25049,120,124,-4,4
25050,65,66,-1,1
25051,120,117,3,3
25052,69,69,0,0
25053,91,102,-11,11
25054,135,132,3,3
25055,133,131,2,2
25056,81,86,-5,5
25057,74,65,9,9
25058,144,141,3,3
25059,146,136,10,10
25060,95,84,11,11
25061,223,184,39,39
25062,126,108,18,18
25063,49,62,-13,13
25064,102,103,-1,1
25065,116,108,8,8
25066,60,60,0,0
25067,154,148,6,6
25068,134,115,19,19
25069,100,100,0,0
25070,76,66,10,10
25071,74,73,1,1
25072,77,65,12,12
25073,88,94,-6,6
25074,76,90,-14,14
25075,81,80,1,1
25076,165,149,16,16
25077,108,109,-1,1
25078,53,54,-1,1
25079,59,62,-3,3
25080,85,103,-18,18
25081,98,94,4,4
25082,58,61,-3,3
25083,105,106,-1,1
25084,148,134,14,14
25085,159,138,21,21
25086,163,159,4,4
25087,102,99,3,3
25088,71,105,-34,34
25089,156,145,11,11
25090,97,95,2,2
25091,97,94,3,3
25092,72,68,4,4
25093,83,108,-25,25
25094,81,67,14,14
25095,103,104,-1,1
25096,95,98,-3,3
25097,82,99,-17,17
25098,121,116,5,5
25099,78,87,-9,9
25100,98,95,3,3
25101,145,139,6,6
25102,122,119,3,3
25103,123,112,11,11
25104,76,79,-3,3
25105,195,170,25,25
25106,48,62,-14,14
25107,59,69,-10,10
25108,73,74,-1,1
25109,73,77,-4,4
25110,63,62,1,1
25111,178,151,27,27
25112,69,64,5,5
25113,96,98,-2,2
25114,67,67,0,0
25115,46,62,-16,16
25116,88,94,-6,6
25117,47,63,-16,16
25118,45,62,-17,17
25119,47,61,-14,14
25120,123,118,5,5
25121,124,117,7,7
25122,167,154,13,13
25123,136,131,5,5
25124,72,78,-6,6
25125,109,108,1,1
25126,74,72,2,2
25127,80,72,8,8
25128,126,120,6,6
25129,119,111,8,8
25130,60,63,-3,3
25131,98,101,-3,3
25132,128,116,12,12
25133,96,93,3,3
25134,109,106,3,3
25135,135,126,9,9
25136,86,79,7,7
25137,125,122,3,3
25138,71,79,-8,8
25139,137,130,7,7
25140,86,94,-8,8
25141,150,153,-3,3
25142,83,99,-16,16
25143,57,62,-5,5
25144,87,91,-4,4
25145,58,77,-19,19
25146,74,84,-10,10
25147,168,142,26,26
25148,145,134,11,11
25149,65,66,-1,1
25150,76,78,-2,2
25151,114,110,4,4
25152,151,146,5,5
25153,146,157,-11,11
25154,65,66,-1,1
25155,77,88,-11,11
25156,165,143,22,22
25157,89,110,-21,21
25158,107,110,-3,3
25159,96,113,-17,17
25160,115,115,0,0
25161,74,66,8,8
25162,160,148,12,12
25163,82,89,-7,7
25164,80,78,2,2
25165,94,101,-7,7
25166,97,99,-2,2
25167,48,67,-19,19
25168,79,69,10,10
25169,16,64,-48,48
25170,100,102,-2,2
25171,51,76,-25,25
25172,86,85,1,1
25173,108,116,-8,8
25174,46,62,-16,16
25175,55,64,-9,9
25176,112,121,-9,9
25177,84,86,-2,2
25178,100,101,-1,1
25179,150,135,15,15
25180,138,130,8,8
25181,92,92,0,0
25182,66,66,0,0
25183,103,102,1,1
25184,96,98,-2,2
25185,148,144,4,4
25186,81,84,-3,3
25187,45,67,-22,22
25188,126,121,5,5
25189,168,159,9,9
25190,76,81,-5,5
25191,134,138,-4,4
25192,83,90,-7,7
25193,118,111,7,7
25194,117,107,10,10
25195,100,107,-7,7
25196,96,102,-6,6
25197,122,114,8,8
25198,76,89,-13,13
25199,96,109,-13,13
25200,103,97,6,6
25201,70,69,1,1
25202,209,175,34,34
25203,75,75,0,0
25204,54,69,-15,15
25205,111,115,-4,4
25206,70,67,3,3
25207,100,106,-6,6
25208,108,100,8,8
25209,56,61,-5,5
25210,172,171,1,1
25211,67,70,-3,3
25212,118,104,14,14
25213,47,59,-12,12
25214,69,67,2,2
25215,85,94,-9,9
25216,63,60,3,3
25217,267,283,-16,16
25218,101,100,1,1
25219,126,114,12,12
25220,99,104,-5,5
25221,124,127,-3,3
25222,145,125,20,20
25223,83,84,-1,1
25224,96,93,3,3
25225,149,163,-14,14
25226,65,64,1,1
25227,83,78,5,5
25228,51,61,-10,10
25229,73,91,-18,18
25230,164,140,24,24
25231,76,83,-7,7
25232,86,92,-6,6
25233,128,117,11,11
25234,126,112,14,14
25235,75,73,2,2
25236,85,91,-6,6
25237,59,61,-2,2
25238,80,71,9,9
25239,115,107,8,8
25240,96,95,1,1
25241,57,61,-4,4
25242,78,72,6,6
25243,92,88,4,4
25244,114,111,3,3
25245,97,90,7,7
25246,67,70,-3,3
25247,68,107,-39,39
25248,88,91,-3,3
25249,58,63,-5,5
25250,86,99,-13,13
25251,81,73,8,8
25252,80,84,-4,4
25253,107,111,-4,4
25254,65,66,-1,1
25255,77,74,3,3
25256,30,59,-29,29
25257,81,92,-11,11
25258,91,105,-14,14
25259,62,70,-8,8
25260,78,91,-13,13
25261,103,101,2,2
25262,113,106,7,7
25263,121,115,6,6
25264,75,73,2,2
25265,113,112,1,1
25266,52,62,-10,10
25267,93,102,-9,9
25268,51,62,-11,11
25269,128,116,12,12
25270,86,79,7,7
25271,107,107,0,0
25272,105,104,1,1
25273,195,187,8,8
25274,64,63,1,1
25275,56,70,-14,14
25276,38,142,-104,104
25277,111,127,-16,16
25278,72,75,-3,3
25279,103,102,1,1
25280,93,95,-2,2
25281,90,98,-8,8
25282,64,80,-16,16
25283,142,126,16,16
25284,96,114,-18,18
25285,85,91,-6,6
25286,99,100,-1,1
25287,52,62,-10,10
25288,117,132,-15,15
25289,76,77,-1,1
25290,80,88,-8,8
25291,99,97,2,2
25292,103,97,6,6
25293,60,65,-5,5
25294,96,99,-3,3
25295,112,110,2,2
25296,77,69,8,8
25297,126,114,12,12
25298,125,119,6,6
25299,132,130,2,2
25300,79,86,-7,7
25301,106,104,2,2
25302,35,60,-25,25
25303,85,81,4,4
25304,63,63,0,0
25305,65,78,-13,13
25306,23,60,-37,37
25307,73,75,-2,2
25308,103,110,-7,7
25309,79,76,3,3
25310,81,89,-8,8
25311,54,60,-6,6
25312,77,84,-7,7
25313,90,92,-2,2
25314,92,95,-3,3
25315,54,62,-8,8
25316,101,104,-3,3
25317,102,98,4,4
25318,77,83,-6,6
25319,113,124,-11,11
25320,166,149,17,17
25321,74,79,-5,5
25322,116,117,-1,1
25323,127,132,-5,5
25324,89,89,0,0
25325,101,103,-2,2
25326,103,108,-5,5
25327,127,121,6,6
25328,83,80,3,3
25329,123,122,1,1
25330,118,120,-2,2
25331,160,148,12,12
25332,79,81,-2,2
25333,76,69,7,7
25334,51,60,-9,9
25335,110,114,-4,4
25336,112,126,-14,14
25337,73,68,5,5
25338,90,89,1,1
25339,87,93,-6,6
25340,97,98,-1,1
25341,51,61,-10,10
25342,175,164,11,11
25343,51,60,-9,9
25344,96,97,-1,1
25345,96,83,13,13
25346,87,96,-9,9
25347,98,100,-2,2
25348,195,168,27,27
25349,74,69,5,5
25350,111,102,9,9
25351,62,63,-1,1
25352,62,69,-7,7
25353,50,61,-11,11
25354,77,77,0,0
25355,68,62,6,6
25356,72,78,-6,6
25357,82,71,11,11
25358,69,70,-1,1
25359,133,133,0,0
25360,57,63,-6,6
25361,87,102,-15,15
25362,86,81,5,5
25363,53,84,-31,31
25364,111,139,-28,28
25365,85,97,-12,12
25366,68,69,-1,1
25367,82,92,-10,10
25368,125,116,9,9
25369,127,113,14,14
25370,46,89,-43,43
25371,125,123,2,2
25372,133,119,14,14
25373,84,92,-8,8
25374,70,68,2,2
25375,130,113,17,17
25376,86,91,-5,5
25377,161,151,10,10
25378,100,120,-20,20
25379,107,107,0,0
25380,89,98,-9,9
25381,62,60,2,2
25382,75,78,-3,3
25383,82,85,-3,3
25384,104,109,-5,5
25385,83,99,-16,16
25386,109,103,6,6
25387,57,58,-1,1
25388,125,119,6,6
25389,87,78,9,9
25390,201,164,37,37
25391,75,78,-3,3
25392,80,82,-2,2
25393,143,150,-7,7
25394,120,115,5,5
25395,146,140,6,6
25396,70,64,6,6
25397,93,94,-1,1
25398,110,110,0,0
25399,43,61,-18,18
25400,97,94,3,3
25401,70,64,6,6
25402,85,82,3,3
25403,91,103,-12,12
25404,85,92,-7,7
25405,120,111,9,9
25406,70,71,-1,1
25407,61,69,-8,8
25408,67,67,0,0
25409,156,140,16,16
25410,45,60,-15,15
25411,121,123,-2,2
25412,93,105,-12,12
25413,111,122,-11,11
25414,72,81,-9,9
25415,44,61,-17,17
25416,140,141,-1,1
25417,52,61,-9,9
25418,70,69,1,1
25419,117,113,4,4
25420,60,64,-4,4
25421,73,87,-14,14
25422,107,102,5,5
25423,90,105,-15,15
25424,59,69,-10,10
25425,102,109,-7,7
25426,73,74,-1,1
25427,86,93,-7,7
25428,58,63,-5,5
25429,66,63,3,3
25430,62,102,-40,40
25431,130,122,8,8
25432,121,109,12,12
25433,114,106,8,8
25434,128,126,2,2
25435,106,108,-2,2
25436,94,92,2,2
25437,139,137,2,2
25438,57,61,-4,4
25439,62,76,-14,14
25440,59,66,-7,7
25441,134,121,13,13
25442,88,91,-3,3
25443,67,70,-3,3
25444,91,95,-4,4
25445,79,71,8,8
25446,99,101,-2,2
25447,135,141,-6,6
25448,118,114,4,4
25449,97,98,-1,1
25450,96,91,5,5
25451,81,82,-1,1
25452,93,98,-5,5
25453,108,111,-3,3
25454,69,65,4,4
25455,106,110,-4,4
25456,80,88,-8,8
25457,108,105,3,3
25458,95,92,3,3
25459,41,62,-21,21
25460,97,97,0,0
25461,161,134,27,27
25462,96,95,1,1
25463,86,98,-12,12
25464,123,120,3,3
25465,84,77,7,7
25466,81,90,-9,9
25467,99,101,-2,2
25468,108,104,4,4
25469,57,66,-9,9
25470,82,93,-11,11
25471,117,142,-25,25
25472,78,91,-13,13
25473,206,185,21,21
25474,70,69,1,1
25475,66,71,-5,5
25476,132,122,10,10
25477,73,68,5,5
25478,53,60,-7,7
25479,47,62,-15,15
25480,73,87,-14,14
25481,72,72,0,0
25482,96,94,2,2
25483,182,168,14,14
25484,80,74,6,6
25485,98,94,4,4
25486,103,104,-1,1
25487,182,169,13,13
25488,136,144,-8,8
25489,101,108,-7,7
25490,81,74,7,7
25491,161,143,18,18
25492,83,96,-13,13
25493,57,68,-11,11
25494,119,106,13,13
25495,103,100,3,3
25496,143,123,20,20
25497,61,104,-43,43
25498,117,121,-4,4
25499,113,110,3,3
25500,94,98,-4,4
25501,70,73,-3,3
25502,116,117,-1,1
25503,102,94,8,8
25504,154,144,10,10
25505,91,89,2,2
25506,105,116,-11,11
25507,114,117,-3,3
25508,160,155,5,5
25509,94,94,0,0
25510,151,135,16,16
25511,170,156,14,14
25512,76,70,6,6
25513,74,71,3,3
25514,101,105,-4,4
25515,62,62,0,0
25516,84,90,-6,6
25517,109,110,-1,1
25518,106,102,4,4
25519,119,112,7,7
25520,89,96,-7,7
25521,53,62,-9,9
25522,37,61,-24,24
25523,97,99,-2,2
25524,91,93,-2,2
25525,94,92,2,2
25526,111,98,13,13
25527,203,197,6,6
25528,71,67,4,4
25529,63,68,-5,5
25530,55,62,-7,7
25531,87,85,2,2
25532,125,135,-10,10
25533,101,105,-4,4
25534,98,92,6,6
25535,116,120,-4,4
25536,79,84,-5,5
25537,206,185,21,21
25538,102,119,-17,17
25539,153,138,15,15
25540,86,95,-9,9
25541,60,62,-2,2
25542,95,108,-13,13
25543,156,147,9,9
25544,90,85,5,5
25545,131,119,12,12
25546,107,99,8,8
25547,56,60,-4,4
25548,96,99,-3,3
25549,67,85,-18,18
25550,66,67,-1,1
25551,116,113,3,3
25552,97,104,-7,7
25553,132,125,7,7
25554,87,97,-10,10
25555,94,98,-4,4
25556,50,62,-12,12
25557,104,96,8,8
25558,179,178,1,1
25559,121,106,15,15
25560,54,61,-7,7
25561,86,75,11,11
25562,29,58,-29,29
25563,109,107,2,2
25564,81,97,-16,16
25565,75,90,-15,15
25566,179,157,22,22
25567,59,61,-2,2
25568,122,113,9,9
25569,209,186,23,23
25570,53,62,-9,9
25571,79,68,11,11
25572,97,95,2,2
25573,99,104,-5,5
25574,50,60,-10,10
25575,81,92,-11,11
25576,77,71,6,6
25577,179,156,23,23
25578,100,106,-6,6
25579,57,65,-8,8
25580,88,95,-7,7
25581,47,62,-15,15
25582,92,97,-5,5
25583,94,92,2,2
25584,49,80,-31,31
25585,155,129,26,26
25586,93,100,-7,7
25587,160,138,22,22
25588,34,61,-27,27
25589,109,101,8,8
25590,112,111,1,1
25591,65,61,4,4
25592,76,67,9,9
25593,82,96,-14,14
25594,97,83,14,14
25595,72,78,-6,6
25596,95,102,-7,7
25597,59,65,-6,6
25598,52,61,-9,9
25599,81,77,4,4
25600,87,82,5,5
25601,129,119,10,10
25602,57,117,-60,60
25603,54,61,-7,7
25604,122,105,17,17
25605,90,95,-5,5
25606,136,125,11,11
25607,55,58,-3,3
25608,69,76,-7,7
25609,118,111,7,7
25610,103,105,-2,2
25611,70,69,1,1
25612,43,62,-19,19
25613,66,68,-2,2
25614,140,138,2,2
25615,89,99,-10,10
25616,147,131,16,16
25617,112,111,1,1
25618,78,65,13,13
25619,40,62,-22,22
25620,55,62,-7,7
25621,77,78,-1,1
25622,80,98,-18,18
25623,71,72,-1,1
25624,82,89,-7,7
25625,82,92,-10,10
25626,93,104,-11,11
25627,68,65,3,3
25628,96,91,5,5
25629,116,114,2,2
25630,53,71,-18,18
25631,87,82,5,5
25632,116,115,1,1
25633,102,97,5,5
25634,89,88,1,1
25635,121,115,6,6
25636,92,91,1,1
25637,29,57,-28,28
25638,98,90,8,8
25639,70,61,9,9
25640,127,115,12,12
25641,208,189,19,19
25642,85,82,3,3
25643,84,95,-11,11
25644,92,97,-5,5
25645,118,133,-15,15
25646,66,67,-1,1
25647,79,84,-5,5
25648,167,146,21,21
25649,174,167,7,7
25650,92,92,0,0
25651,90,99,-9,9
25652,103,98,5,5
25653,85,89,-4,4
25654,43,63,-20,20
25655,144,138,6,6
25656,66,62,4,4
25657,33,57,-24,24
25658,50,60,-10,10
25659,68,66,2,2
25660,152,159,-7,7
25661,102,96,6,6
25662,45,62,-17,17
25663,67,64,3,3
25664,59,62,-3,3
25665,92,101,-9,9
25666,138,133,5,5
25667,152,140,12,12
25668,79,76,3,3
25669,122,121,1,1
25670,122,114,8,8
25671,59,65,-6,6
25672,164,140,24,24
25673,93,138,-45,45
25674,86,96,-10,10
25675,133,121,12,12
25676,95,106,-11,11
25677,86,95,-9,9
25678,76,71,5,5
25679,152,140,12,12
25680,99,93,6,6
25681,62,63,-1,1
25682,92,100,-8,8
25683,105,99,6,6
25684,95,95,0,0
25685,103,86,17,17
25686,64,67,-3,3
25687,113,124,-11,11
25688,139,136,3,3
25689,116,108,8,8
25690,109,137,-28,28
25691,110,109,1,1
25692,102,101,1,1
25693,108,112,-4,4
25694,83,73,10,10
25695,151,138,13,13
25696,84,94,-10,10
25697,109,102,7,7
25698,136,125,11,11
25699,109,105,4,4
25700,136,116,20,20
25701,109,104,5,5
25702,68,77,-9,9
25703,76,68,8,8
25704,81,85,-4,4
25705,102,100,2,2
25706,139,134,5,5
25707,86,93,-7,7
25708,105,105,0,0
25709,58,65,-7,7
25710,35,61,-26,26
25711,49,61,-12,12
25712,82,80,2,2
25713,70,79,-9,9
25714,79,83,-4,4
25715,66,60,6,6
25716,122,115,7,7
25717,77,82,-5,5
25718,120,114,6,6
25719,155,135,20,20
25720,123,124,-1,1
25721,74,81,-7,7
25722,88,94,-6,6
25723,143,137,6,6
25724,88,73,15,15
25725,57,61,-4,4
25726,130,119,11,11
25727,81,93,-12,12
25728,83,93,-10,10
25729,173,143,30,30
25730,66,68,-2,2
25731,91,95,-4,4
25732,70,66,4,4
25733,73,63,10,10
25734,72,82,-10,10
25735,73,70,3,3
25736,109,118,-9,9
25737,106,69,37,37
25738,72,69,3,3
25739,80,91,-11,11
25740,188,167,21,21
25741,112,108,4,4
25742,116,110,6,6
25743,115,105,10,10
25744,97,98,-1,1
25745,171,161,10,10
25746,96,102,-6,6
25747,97,93,4,4
25748,60,62,-2,2
25749,119,106,13,13
25750,144,137,7,7
25751,64,65,-1,1
25752,55,62,-7,7
25753,92,92,0,0
25754,92,93,-1,1
25755,133,132,1,1
25756,62,64,-2,2
25757,143,138,5,5
25758,92,98,-6,6
25759,95,113,-18,18
25760,43,61,-18,18
25761,110,107,3,3
25762,94,85,9,9
25763,68,68,0,0
25764,81,81,0,0
25765,150,131,19,19
25766,129,122,7,7
25767,133,118,15,15
25768,105,102,3,3
25769,66,88,-22,22
25770,91,96,-5,5
25771,90,76,14,14
25772,117,102,15,15
25773,140,130,10,10
25774,165,171,-6,6
25775,95,97,-2,2
25776,85,82,3,3
25777,158,166,-8,8
25778,138,147,-9,9
25779,96,97,-1,1
25780,122,115,7,7
25781,65,61,4,4
25782,63,63,0,0
25783,111,108,3,3
25784,80,104,-24,24
25785,79,84,-5,5
25786,100,93,7,7
25787,81,85,-4,4
25788,92,95,-3,3
25789,75,96,-21,21
25790,82,89,-7,7
25791,79,92,-13,13
25792,57,71,-14,14
25793,148,125,23,23
25794,79,83,-4,4
25795,122,116,6,6
25796,82,87,-5,5
25797,61,64,-3,3
25798,38,62,-24,24
25799,94,101,-7,7
25800,101,90,11,11
25801,89,86,3,3
25802,68,65,3,3
25803,47,62,-15,15
25804,90,90,0,0
25805,60,63,-3,3
25806,114,108,6,6
25807,80,92,-12,12
25808,127,112,15,15
25809,102,108,-6,6
25810,69,66,3,3
25811,53,66,-13,13
25812,59,66,-7,7
25813,95,100,-5,5
25814,64,65,-1,1
25815,144,147,-3,3
25816,71,69,2,2
25817,100,104,-4,4
25818,116,116,0,0
25819,104,101,3,3
25820,177,178,-1,1
25821,108,105,3,3
25822,132,119,13,13
25823,118,107,11,11
25824,135,145,-10,10
25825,115,110,5,5
25826,73,75,-2,2
25827,133,122,11,11
25828,95,96,-1,1
25829,80,85,-5,5
25830,48,76,-28,28
25831,158,149,9,9
25832,73,75,-2,2
25833,94,93,1,1
25834,74,100,-26,26
25835,154,152,2,2
25836,127,125,2,2
25837,73,70,3,3
25838,89,88,1,1
25839,61,63,-2,2
25840,87,78,9,9
25841,65,84,-19,19
25842,81,92,-11,11
25843,99,100,-1,1
25844,83,92,-9,9
25845,90,97,-7,7
25846,82,86,-4,4
25847,115,106,9,9
25848,137,133,4,4
25849,78,80,-2,2
25850,94,90,4,4
25851,101,102,-1,1
25852,96,97,-1,1
25853,77,74,3,3
25854,112,105,7,7
25855,138,133,5,5
25856,98,98,0,0
25857,91,101,-10,10
25858,143,133,10,10
25859,153,144,9,9
25860,40,61,-21,21
25861,69,67,2,2
25862,67,63,4,4
25863,43,62,-19,19
25864,104,111,-7,7
25865,117,107,10,10
25866,84,78,6,6
25867,84,93,-9,9
25868,74,66,8,8
25869,75,71,4,4
25870,147,146,1,1
25871,94,100,-6,6
25872,92,93,-1,1
25873,71,73,-2,2
25874,84,84,0,0
25875,78,103,-25,25
25876,83,82,1,1
25877,84,95,-11,11
25878,42,74,-32,32
25879,149,141,8,8
25880,95,100,-5,5
25881,132,117,15,15
25882,83,101,-18,18
25883,131,128,3,3
25884,62,73,-11,11
25885,87,92,-5,5
25886,91,84,7,7
25887,155,165,-10,10
25888,73,84,-11,11
25889,98,102,-4,4
25890,72,67,5,5
25891,75,81,-6,6
25892,147,138,9,9
25893,54,63,-9,9
25894,128,119,9,9
25895,98,99,-1,1
25896,111,111,0,0
25897,81,89,-8,8
25898,87,78,9,9
25899,28,64,-36,36
25900,123,118,5,5
25901,82,79,3,3
25902,82,70,12,12
25903,113,107,6,6
25904,121,130,-9,9
25905,124,118,6,6
25906,85,84,1,1
25907,82,89,-7,7
25908,107,110,-3,3
25909,113,111,2,2
25910,74,88,-14,14
25911,97,94,3,3
25912,56,64,-8,8
25913,89,92,-3,3
25914,132,121,11,11
25915,134,128,6,6
25916,93,99,-6,6
25917,128,132,-4,4
25918,121,122,-1,1
25919,132,136,-4,4
25920,114,113,1,1
25921,93,92,1,1
25922,132,127,5,5
25923,139,116,23,23
25924,59,62,-3,3
25925,185,163,22,22
25926,47,61,-14,14
25927,68,70,-2,2
25928,122,125,-3,3
25929,130,134,-4,4
25930,98,99,-1,1
25931,42,61,-19,19
25932,125,119,6,6
25933,56,60,-4,4
25934,129,123,6,6
25935,60,88,-28,28
25936,51,61,-10,10
25937,78,86,-8,8
25938,62,70,-8,8
25939,80,95,-15,15
25940,39,62,-23,23
25941,120,125,-5,5
25942,100,96,4,4
25943,112,119,-7,7
25944,85,86,-1,1
25945,118,112,6,6
25946,124,129,-5,5
25947,56,61,-5,5
25948,97,102,-5,5
25949,83,106,-23,23
25950,91,98,-7,7
25951,68,68,0,0
25952,108,113,-5,5
25953,87,92,-5,5
25954,57,62,-5,5
25955,70,66,4,4
25956,87,93,-6,6
25957,111,101,10,10
25958,79,91,-12,12
25959,117,106,11,11
25960,95,101,-6,6
25961,139,126,13,13
25962,52,62,-10,10
25963,47,117,-70,70
25964,104,106,-2,2
25965,89,85,4,4
25966,86,94,-8,8
25967,90,89,1,1
25968,113,107,6,6
25969,89,93,-4,4
25970,94,99,-5,5
25971,134,128,6,6
25972,63,61,2,2
25973,102,99,3,3
25974,146,130,16,16
25975,140,134,6,6
25976,73,72,1,1
25977,127,128,-1,1
25978,47,62,-15,15
25979,90,106,-16,16
25980,77,77,0,0
25981,136,125,11,11
25982,121,117,4,4
25983,82,79,3,3
25984,114,124,-10,10
25985,114,107,7,7
25986,80,76,4,4
25987,82,77,5,5
25988,79,76,3,3
25989,107,111,-4,4
25990,113,101,12,12
25991,114,109,5,5
25992,52,63,-11,11
25993,67,66,1,1
25994,74,78,-4,4
25995,113,114,-1,1
25996,77,76,1,1
25997,125,127,-2,2
25998,60,61,-1,1
25999,78,79,-1,1
26000,94,98,-4,4
26001,102,98,4,4
26002,115,106,9,9
26003,114,109,5,5
26004,115,116,-1,1
26005,109,106,3,3
26006,107,115,-8,8
26007,80,79,1,1
26008,111,105,6,6
26009,36,61,-25,25
26010,78,80,-2,2
26011,87,86,1,1
26012,74,74,0,0
26013,70,74,-4,4
26014,64,65,-1,1
26015,51,62,-11,11
26016,97,99,-2,2
26017,106,104,2,2
26018,150,142,8,8
26019,105,102,3,3
26020,80,88,-8,8
26021,81,85,-4,4
26022,78,90,-12,12
26023,103,106,-3,3
26024,68,67,1,1
26025,69,69,0,0
26026,100,113,-13,13
26027,100,91,9,9
26028,171,157,14,14
26029,102,102,0,0
26030,98,94,4,4
26031,81,92,-11,11
26032,86,82,4,4
26033,47,60,-13,13
26034,83,98,-15,15
26035,139,139,0,0
26036,71,76,-5,5
26037,142,134,8,8
26038,65,63,2,2
26039,68,65,3,3
26040,63,66,-3,3
26041,105,97,8,8
26042,53,61,-8,8
26043,126,120,6,6
26044,137,137,0,0
26045,64,61,3,3
26046,126,139,-13,13
26047,117,107,10,10
26048,65,104,-39,39
26049,133,133,0,0
26050,64,62,2,2
26051,96,92,4,4
26052,92,94,-2,2
26053,99,103,-4,4
26054,148,144,4,4
26055,54,62,-8,8
26056,99,83,16,16
26057,89,107,-18,18
26058,63,62,1,1
26059,90,91,-1,1
26060,71,84,-13,13
26061,82,72,10,10
26062,89,91,-2,2
26063,58,59,-1,1
26064,88,98,-10,10
26065,91,97,-6,6
26066,29,62,-33,33
26067,63,87,-24,24
26068,73,72,1,1
26069,68,62,6,6
26070,76,88,-12,12
26071,73,65,8,8
26072,152,135,17,17
26073,113,101,12,12
26074,57,59,-2,2
26075,81,80,1,1
26076,102,112,-10,10
26077,87,110,-23,23
26078,106,108,-2,2
26079,83,92,-9,9
26080,164,149,15,15
26081,122,109,13,13
26082,68,74,-6,6
26083,79,76,3,3
26084,57,63,-6,6
26085,116,117,-1,1
26086,57,62,-5,5
26087,105,96,9,9
26088,95,90,5,5
26089,164,155,9,9
26090,159,157,2,2
26091,92,81,11,11
26092,100,111,-11,11
26093,64,63,1,1
26094,121,154,-33,33
26095,157,142,15,15
26096,116,110,6,6
26097,46,61,-15,15
26098,106,100,6,6
26099,67,72,-5,5
26100,83,92,-9,9
26101,66,61,5,5
26102,105,115,-10,10
26103,166,161,5,5
26104,109,106,3,3
26105,75,75,0,0
26106,86,86,0,0
26107,91,89,2,2
26108,76,73,3,3
26109,149,152,-3,3
26110,102,97,5,5
26111,76,78,-2,2
26112,64,62,2,2
26113,108,102,6,6
26114,99,100,-1,1
26115,104,106,-2,2
26116,136,141,-5,5
26117,72,92,-20,20
26118,92,81,11,11
26119,70,70,0,0
26120,69,69,0,0
26121,154,140,14,14
26122,129,121,8,8
26123,102,99,3,3
26124,107,101,6,6
26125,107,107,0,0
26126,75,66,9,9
26127,108,106,2,2
26128,96,93,3,3
26129,80,89,-9,9
26130,73,75,-2,2
26131,129,124,5,5
26132,57,62,-5,5
26133,92,94,-2,2
26134,70,81,-11,11
26135,61,67,-6,6
26136,52,73,-21,21
26137,145,131,14,14
26138,74,78,-4,4
26139,75,69,6,6
26140,134,127,7,7
26141,105,113,-8,8
26142,108,100,8,8
26143,98,100,-2,2
26144,96,90,6,6
26145,135,126,9,9
26146,103,102,1,1
26147,84,82,2,2
26148,132,121,11,11
26149,114,100,14,14
26150,87,86,1,1
26151,55,61,-6,6
26152,65,59,6,6
26153,48,62,-14,14
26154,64,64,0,0
26155,113,101,12,12
26156,137,124,13,13
26157,124,118,6,6
26158,47,62,-15,15
26159,103,99,4,4
26160,136,130,6,6
26161,80,79,1,1
26162,65,98,-33,33
26163,117,107,10,10
26164,113,118,-5,5
26165,71,68,3,3
26166,132,135,-3,3
26167,102,93,9,9
26168,191,174,17,17
26169,127,117,10,10
26170,102,104,-2,2
26171,104,103,1,1
26172,113,109,4,4
26173,74,95,-21,21
26174,143,134,9,9
26175,73,65,8,8
26176,143,137,6,6
26177,120,111,9,9
26178,95,96,-1,1
26179,84,91,-7,7
26180,146,140,6,6
26181,70,67,3,3
26182,125,108,17,17
26183,79,78,1,1
26184,77,90,-13,13
26185,69,64,5,5
26186,100,99,1,1
26187,190,164,26,26
26188,90,95,-5,5
26189,67,83,-16,16
26190,179,176,3,3
26191,68,76,-8,8
26192,79,96,-17,17
26193,149,133,16,16
26194,87,80,7,7
26195,58,88,-30,30
26196,176,174,2,2
26197,67,65,2,2
26198,76,80,-4,4
26199,127,121,6,6
26200,73,68,5,5
26201,68,69,-1,1
26202,70,68,2,2
26203,101,103,-2,2
26204,122,127,-5,5
26205,95,94,1,1
26206,90,93,-3,3
26207,85,101,-16,16
26208,138,129,9,9
26209,115,114,1,1
26210,122,114,8,8
26211,59,61,-2,2
26212,51,61,-10,10
26213,106,103,3,3
26214,110,111,-1,1
26215,111,110,1,1
26216,62,88,-26,26
26217,93,91,2,2
26218,46,62,-16,16
26219,107,107,0,0
26220,144,127,17,17
26221,92,83,9,9
26222,92,95,-3,3
26223,95,107,-12,12
26224,154,144,10,10
26225,54,62,-8,8
26226,102,102,0,0
26227,61,66,-5,5
26228,109,113,-4,4
26229,155,129,26,26
26230,83,71,12,12
26231,79,79,0,0
26232,102,101,1,1
26233,133,120,13,13
26234,134,139,-5,5
26235,81,81,0,0
26236,151,141,10,10
26237,46,62,-16,16
26238,97,98,-1,1
26239,62,62,0,0
26240,114,112,2,2
26241,83,89,-6,6
26242,114,109,5,5
26243,87,101,-14,14
26244,110,98,12,12
26245,232,221,11,11
26246,35,61,-26,26
26247,96,96,0,0
26248,87,95,-8,8
26249,52,60,-8,8
26250,89,88,1,1
26251,84,74,10,10
26252,84,90,-6,6
26253,151,144,7,7
26254,51,62,-11,11
26255,112,104,8,8
26256,189,173,16,16
26257,68,66,2,2
26258,77,75,2,2
26259,62,65,-3,3
26260,112,113,-1,1
26261,95,94,1,1
26262,81,90,-9,9
26263,108,98,10,10
26264,96,100,-4,4
26265,58,61,-3,3
26266,84,85,-1,1
26267,116,105,11,11
26268,97,101,-4,4
26269,92,95,-3,3
26270,101,109,-8,8
26271,56,62,-6,6
26272,74,78,-4,4
26273,115,106,9,9
26274,74,80,-6,6
26275,58,61,-3,3
26276,129,127,2,2
26277,91,94,-3,3
26278,59,61,-2,2
26279,52,62,-10,10
26280,73,75,-2,2
26281,69,64,5,5
26282,119,98,21,21
26283,126,121,5,5
26284,114,98,16,16
26285,100,108,-8,8
26286,86,88,-2,2
26287,116,126,-10,10
26288,72,68,4,4
26289,61,65,-4,4
26290,83,77,6,6
26291,94,98,-4,4
26292,90,101,-11,11
26293,93,100,-7,7
26294,31,61,-30,30
26295,163,152,11,11
26296,99,99,0,0
26297,46,61,-15,15
26298,55,62,-7,7
26299,75,83,-8,8
26300,72,77,-5,5
26301,107,97,10,10
26302,89,99,-10,10
26303,66,61,5,5
26304,67,71,-4,4
26305,145,141,4,4
26306,151,139,12,12
26307,153,130,23,23
26308,56,61,-5,5
26309,97,101,-4,4
26310,162,151,11,11
26311,90,92,-2,2
26312,106,100,6,6
26313,27,61,-34,34
26314,93,88,5,5
26315,105,104,1,1
26316,123,129,-6,6
26317,61,67,-6,6
26318,64,60,4,4
26319,109,112,-3,3
26320,153,144,9,9
26321,81,78,3,3
26322,167,142,25,25
26323,100,96,4,4
26324,40,62,-22,22
26325,84,95,-11,11
26326,126,126,0,0
26327,69,69,0,0
26328,54,61,-7,7
26329,41,60,-19,19
26330,86,95,-9,9
26331,71,63,8,8
26332,97,98,-1,1
26333,131,132,-1,1
26334,42,60,-18,18
26335,102,102,0,0
26336,83,90,-7,7
26337,187,165,22,22
26338,180,167,13,13
26339,73,77,-4,4
26340,108,136,-28,28
26341,57,64,-7,7
26342,121,115,6,6
26343,88,95,-7,7
26344,105,106,-1,1
26345,80,93,-13,13
26346,86,94,-8,8
26347,124,118,6,6
26348,117,114,3,3
26349,112,108,4,4
26350,66,62,4,4
26351,94,101,-7,7
26352,107,109,-2,2
26353,45,62,-17,17
26354,121,117,4,4
26355,82,80,2,2
26356,69,69,0,0
26357,160,141,19,19
26358,119,108,11,11
26359,58,63,-5,5
26360,100,101,-1,1
26361,72,71,1,1
26362,67,66,1,1
26363,66,70,-4,4
26364,119,112,7,7
26365,138,142,-4,4
26366,65,62,3,3
26367,105,112,-7,7
26368,36,61,-25,25
26369,69,68,1,1
26370,78,74,4,4
26371,131,116,15,15
26372,109,116,-7,7
26373,75,70,5,5
26374,63,61,2,2
26375,53,63,-10,10
26376,105,109,-4,4
26377,64,71,-7,7
26378,70,75,-5,5
26379,26,62,-36,36
26380,181,166,15,15
26381,66,66,0,0
26382,130,134,-4,4
26383,122,122,0,0
26384,94,99,-5,5
26385,124,122,2,2
26386,70,75,-5,5
26387,114,113,1,1
26388,93,91,2,2
26389,106,112,-6,6
26390,96,97,-1,1
26391,90,107,-17,17
26392,118,116,2,2
26393,63,89,-26,26
26394,79,89,-10,10
26395,43,61,-18,18
26396,112,117,-5,5
26397,45,64,-19,19
26398,114,120,-6,6
26399,107,98,9,9
26400,83,81,2,2
26401,40,63,-23,23
26402,98,101,-3,3
26403,115,114,1,1
26404,92,108,-16,16
26405,131,137,-6,6
26406,106,95,11,11
26407,99,97,2,2
26408,67,66,1,1
26409,171,156,15,15
26410,128,114,14,14
26411,88,86,2,2
26412,56,61,-5,5
26413,113,106,7,7
26414,62,57,5,5
26415,81,69,12,12
26416,83,92,-9,9
26417,113,104,9,9
26418,100,104,-4,4
26419,91,90,1,1
26420,79,92,-13,13
26421,156,141,15,15
26422,113,119,-6,6
26423,67,83,-16,16
26424,129,119,10,10
26425,89,94,-5,5
26426,66,66,0,0
26427,102,109,-7,7
26428,131,126,5,5
26429,111,110,1,1
26430,47,62,-15,15
26431,37,59,-22,22
26432,92,96,-4,4
26433,91,92,-1,1
26434,101,99,2,2
26435,43,60,-17,17
26436,78,68,10,10
26437,102,105,-3,3
26438,92,94,-2,2
26439,96,106,-10,10
26440,109,111,-2,2
26441,98,109,-11,11
26442,131,116,15,15
26443,104,109,-5,5
26444,96,125,-29,29
26445,98,99,-1,1
26446,66,68,-2,2
26447,75,77,-2,2
26448,70,69,1,1
26449,49,60,-11,11
26450,110,100,10,10
26451,128,112,16,16
26452,50,62,-12,12
26453,85,92,-7,7
26454,59,62,-3,3
26455,41,68,-27,27
26456,71,69,2,2
26457,117,107,10,10
26458,91,95,-4,4
26459,64,64,0,0
26460,118,119,-1,1
26461,43,61,-18,18
26462,134,125,9,9
26463,101,96,5,5
26464,109,101,8,8
26465,114,142,-28,28
26466,118,124,-6,6
26467,70,80,-10,10
26468,102,101,1,1
26469,157,151,6,6
26470,308,277,31,31
26471,104,114,-10,10
26472,106,99,7,7
26473,74,70,4,4
26474,148,138,10,10
26475,106,107,-1,1
26476,74,73,1,1
26477,118,112,6,6
26478,114,116,-2,2
26479,60,61,-1,1
26480,135,119,16,16
26481,60,62,-2,2
26482,62,67,-5,5
26483,120,120,0,0
26484,150,160,-10,10
26485,112,105,7,7
26486,87,93,-6,6
26487,100,103,-3,3
26488,52,60,-8,8
26489,82,89,-7,7
26490,136,137,-1,1
26491,65,68,-3,3
26492,104,98,6,6
26493,134,124,10,10
26494,104,93,11,11
26495,119,115,4,4
26496,119,112,7,7
26497,60,71,-11,11
26498,155,150,5,5
26499,129,126,3,3
26500,46,61,-15,15
26501,58,63,-5,5
26502,73,62,11,11
26503,114,103,11,11
26504,85,100,-15,15
26505,77,74,3,3
26506,89,88,1,1
26507,186,168,18,18
26508,74,70,4,4
26509,80,70,10,10
26510,108,108,0,0
26511,112,92,20,20
26512,38,61,-23,23
26513,61,62,-1,1
26514,109,103,6,6
26515,46,62,-16,16
26516,139,127,12,12
26517,85,93,-8,8
26518,97,93,4,4
26519,60,70,-10,10
26520,36,60,-24,24
26521,89,101,-12,12
26522,147,136,11,11
26523,94,81,13,13
26524,88,87,1,1
26525,120,109,11,11
26526,75,90,-15,15
26527,95,96,-1,1
26528,90,90,0,0
26529,46,63,-17,17
26530,49,61,-12,12
26531,145,137,8,8
26532,93,84,9,9
26533,48,62,-14,14
26534,93,94,-1,1
26535,76,70,6,6
26536,51,59,-8,8
26537,102,97,5,5
26538,86,91,-5,5
26539,88,84,4,4
26540,97,103,-6,6
26541,139,125,14,14
26542,163,151,12,12
26543,91,104,-13,13
26544,139,123,16,16
26545,56,64,-8,8
26546,56,68,-12,12
26547,84,82,2,2
26548,85,91,-6,6
26549,55,60,-5,5
26550,82,82,0,0
26551,90,91,-1,1
26552,102,94,8,8
26553,46,62,-16,16
26554,151,143,8,8
26555,90,91,-1,1
26556,78,117,-39,39
26557,70,62,8,8
26558,126,113,13,13
26559,114,115,-1,1
26560,135,117,18,18
26561,209,186,23,23
26562,163,152,11,11
26563,62,64,-2,2
26564,79,102,-23,23
26565,90,92,-2,2
26566,126,119,7,7
26567,161,141,20,20
26568,119,109,10,10
26569,65,77,-12,12
26570,75,125,-50,50
26571,94,86,8,8
26572,57,61,-4,4
26573,60,62,-2,2
26574,62,64,-2,2
26575,61,65,-4,4
26576,174,159,15,15
26577,65,67,-2,2
26578,122,129,-7,7
26579,103,118,-15,15
26580,66,67,-1,1
26581,110,101,9,9
26582,59,65,-6,6
26583,120,110,10,10
26584,101,100,1,1
26585,94,94,0,0
26586,125,124,1,1
26587,76,71,5,5
26588,66,68,-2,2
26589,85,95,-10,10
26590,101,104,-3,3
26591,79,78,1,1
26592,179,169,10,10
26593,73,82,-9,9
26594,97,105,-8,8
26595,40,63,-23,23
26596,75,76,-1,1
26597,157,150,7,7
26598,77,78,-1,1
26599,108,114,-6,6
26600,129,119,10,10
26601,100,99,1,1
26602,76,93,-17,17
26603,40,62,-22,22
26604,72,72,0,0
26605,81,79,2,2
26606,122,113,9,9
26607,77,68,9,9
26608,162,152,10,10
26609,52,61,-9,9
26610,86,81,5,5
26611,61,59,2,2
26612,139,131,8,8
26613,122,116,6,6
26614,129,127,2,2
26615,64,61,3,3
26616,53,62,-9,9
26617,163,152,11,11
26618,76,91,-15,15
26619,47,62,-15,15
26620,57,62,-5,5
26621,142,130,12,12
26622,89,78,11,11
26623,100,105,-5,5
26624,126,129,-3,3
26625,149,133,16,16
26626,102,98,4,4
26627,51,63,-12,12
26628,131,119,12,12
26629,113,113,0,0
26630,128,114,14,14
26631,84,73,11,11
26632,88,90,-2,2
26633,96,93,3,3
26634,131,112,19,19
26635,142,146,-4,4
26636,139,128,11,11
26637,62,67,-5,5
26638,162,163,-1,1
26639,100,101,-1,1
26640,94,94,0,0
26641,118,109,9,9
26642,140,123,17,17
26643,105,103,2,2
26644,54,63,-9,9
26645,80,83,-3,3
26646,54,59,-5,5
26647,82,92,-10,10
26648,78,79,-1,1
26649,81,81,0,0
26650,55,62,-7,7
26651,142,145,-3,3
26652,152,136,16,16
26653,121,114,7,7
26654,109,105,4,4
26655,80,92,-12,12
26656,73,74,-1,1
26657,154,128,26,26
26658,122,123,-1,1
26659,85,89,-4,4
26660,65,70,-5,5
26661,127,114,13,13
26662,44,61,-17,17
26663,90,99,-9,9
26664,115,114,1,1
26665,124,119,5,5
26666,148,145,3,3
26667,49,62,-13,13
26668,77,75,2,2
26669,173,159,14,14
26670,68,103,-35,35
26671,149,144,5,5
26672,73,70,3,3
26673,54,58,-4,4
26674,90,82,8,8
26675,73,77,-4,4
26676,74,80,-6,6
26677,49,62,-13,13
26678,79,73,6,6
26679,117,117,0,0
26680,57,63,-6,6
26681,123,111,12,12
26682,94,94,0,0
26683,124,123,1,1
26684,74,80,-6,6
26685,63,65,-2,2
26686,116,107,9,9
26687,93,90,3,3
26688,115,118,-3,3
26689,64,63,1,1
26690,117,118,-1,1
26691,74,78,-4,4
26692,49,59,-10,10
26693,72,65,7,7
26694,86,92,-6,6
26695,52,63,-11,11
26696,87,91,-4,4
26697,152,147,5,5
26698,61,66,-5,5
26699,67,70,-3,3
26700,64,70,-6,6
26701,100,100,0,0
26702,135,116,19,19
26703,120,119,1,1
26704,124,112,12,12
26705,105,108,-3,3
26706,144,148,-4,4
26707,100,102,-2,2
26708,80,82,-2,2
26709,73,92,-19,19
26710,82,89,-7,7
26711,76,68,8,8
26712,115,114,1,1
26713,106,107,-1,1
26714,125,127,-2,2
26715,86,82,4,4
26716,94,95,-1,1
26717,80,87,-7,7
26718,145,128,17,17
26719,122,114,8,8
26720,122,114,8,8
26721,115,116,-1,1
26722,66,66,0,0
26723,85,77,8,8
26724,95,100,-5,5
26725,110,99,11,11
26726,49,64,-15,15
26727,80,97,-17,17
26728,101,98,3,3
26729,77,77,0,0
26730,89,99,-10,10
26731,130,114,16,16
26732,106,117,-11,11
26733,56,61,-5,5
26734,68,64,4,4
26735,152,141,11,11
26736,113,118,-5,5
26737,98,99,-1,1
26738,125,115,10,10
26739,71,69,2,2
26740,123,122,1,1
26741,97,85,12,12
26742,77,77,0,0
26743,56,66,-10,10
26744,127,120,7,7
26745,49,61,-12,12
26746,115,110,5,5
26747,61,61,0,0
26748,97,95,2,2
26749,101,104,-3,3
26750,77,90,-13,13
26751,117,125,-8,8
26752,90,101,-11,11
26753,120,114,6,6
26754,80,84,-4,4
26755,71,65,6,6
26756,54,62,-8,8
26757,80,88,-8,8
26758,110,110,0,0
26759,71,98,-27,27
26760,82,91,-9,9
26761,68,79,-11,11
26762,78,91,-13,13
26763,69,64,5,5
26764,87,100,-13,13
26765,94,87,7,7
26766,137,127,10,10
26767,57,63,-6,6
26768,56,62,-6,6
26769,57,70,-13,13
26770,62,62,0,0
26771,63,74,-11,11
26772,165,149,16,16
26773,115,107,8,8
26774,133,126,7,7
26775,94,85,9,9
26776,107,109,-2,2
26777,106,103,3,3
26778,112,115,-3,3
26779,93,96,-3,3
26780,55,61,-6,6
26781,85,90,-5,5
26782,41,62,-21,21
26783,120,109,11,11
26784,99,99,0,0
26785,83,71,12,12
26786,84,85,-1,1
26787,110,107,3,3
26788,124,148,-24,24
26789,122,112,10,10
26790,38,61,-23,23
26791,120,117,3,3
26792,97,100,-3,3
26793,61,64,-3,3
26794,113,115,-2,2
26795,74,67,7,7
26796,79,73,6,6
26797,125,112,13,13
26798,81,83,-2,2
26799,125,117,8,8
26800,123,121,2,2
26801,90,100,-10,10
26802,48,61,-13,13
26803,55,63,-8,8
26804,62,83,-21,21
26805,64,79,-15,15
26806,91,95,-4,4
26807,145,139,6,6
26808,86,84,2,2
26809,66,71,-5,5
26810,116,136,-20,20
26811,76,76,0,0
26812,88,96,-8,8
26813,103,110,-7,7
26814,97,104,-7,7
26815,138,126,12,12
26816,75,78,-3,3
26817,92,89,3,3
26818,149,142,7,7
26819,60,62,-2,2
26820,108,111,-3,3
26821,30,62,-32,32
26822,89,84,5,5
26823,49,63,-14,14
26824,97,96,1,1
26825,128,113,15,15
26826,96,98,-2,2
26827,96,100,-4,4
26828,63,61,2,2
26829,76,73,3,3
26830,106,116,-10,10
26831,79,91,-12,12
26832,127,119,8,8
26833,45,60,-15,15
26834,105,115,-10,10
26835,90,92,-2,2
26836,43,63,-20,20
26837,235,208,27,27
26838,50,62,-12,12
26839,111,104,7,7
26840,69,62,7,7
26841,52,154,-102,102
26842,105,105,0,0
26843,49,62,-13,13
26844,66,70,-4,4
26845,64,64,0,0
26846,75,67,8,8
26847,70,80,-10,10
26848,96,94,2,2
26849,86,93,-7,7
26850,109,110,-1,1
26851,357,303,54,54
26852,74,71,3,3
26853,96,100,-4,4
26854,101,105,-4,4
26855,86,92,-6,6
26856,97,93,4,4
26857,47,62,-15,15
26858,76,96,-20,20
26859,139,126,13,13
26860,127,122,5,5
26861,119,112,7,7
26862,133,124,9,9
26863,190,183,7,7
26864,119,108,11,11
26865,96,96,0,0
26866,31,61,-30,30
26867,94,106,-12,12
26868,112,128,-16,16
26869,104,100,4,4
26870,162,140,22,22
26871,128,119,9,9
26872,142,136,6,6
26873,107,83,24,24
26874,120,106,14,14
26875,57,62,-5,5
26876,157,142,15,15
26877,94,94,0,0
26878,109,117,-8,8
26879,58,67,-9,9
26880,108,95,13,13
26881,88,87,1,1
26882,123,133,-10,10
26883,85,88,-3,3
26884,136,146,-10,10
26885,72,92,-20,20
26886,77,77,0,0
26887,59,61,-2,2
26888,154,139,15,15
26889,63,79,-16,16
26890,40,62,-22,22
26891,142,145,-3,3
26892,160,146,14,14
26893,68,63,5,5
26894,91,84,7,7
26895,77,85,-8,8
26896,135,129,6,6
26897,134,193,-59,59
26898,172,167,5,5
26899,131,153,-22,22
26900,86,96,-10,10
26901,67,72,-5,5
26902,55,61,-6,6
26903,148,140,8,8
26904,66,69,-3,3
26905,120,104,16,16
26906,83,86,-3,3
26907,101,97,4,4
26908,83,78,5,5
26909,106,126,-20,20
26910,99,98,1,1
26911,67,67,0,0
26912,130,125,5,5
26913,79,81,-2,2
26914,43,58,-15,15
26915,146,130,16,16
26916,57,63,-6,6
26917,100,110,-10,10
26918,139,122,17,17
26919,114,103,11,11
26920,61,65,-4,4
26921,77,101,-24,24
26922,102,122,-20,20
26923,104,100,4,4
26924,145,156,-11,11
26925,81,92,-11,11
26926,87,97,-10,10
26927,135,138,-3,3
26928,117,114,3,3
26929,82,71,11,11
26930,118,114,4,4
26931,106,112,-6,6
26932,123,121,2,2
26933,109,109,0,0
26934,66,66,0,0
26935,86,91,-5,5
26936,104,106,-2,2
26937,61,70,-9,9
26938,59,88,-29,29
26939,68,69,-1,1
26940,68,68,0,0
26941,63,66,-3,3
26942,85,83,2,2
26943,135,133,2,2
26944,117,121,-4,4
26945,134,121,13,13
26946,104,104,0,0
26947,73,72,1,1
26948,79,77,2,2
26949,137,130,7,7
26950,106,99,7,7
26951,80,72,8,8
26952,175,167,8,8
26953,96,103,-7,7
26954,137,125,12,12
26955,119,119,0,0
26956,118,115,3,3
26957,135,130,5,5
26958,127,104,23,23
26959,103,105,-2,2
26960,87,91,-4,4
26961,90,71,19,19
26962,50,61,-11,11
26963,68,69,-1,1
26964,75,78,-3,3
26965,150,148,2,2
26966,107,99,8,8
26967,122,120,2,2
26968,48,61,-13,13
26969,141,139,2,2
26970,96,99,-3,3
26971,93,97,-4,4
26972,85,84,1,1
26973,55,61,-6,6
26974,51,62,-11,11
26975,99,97,2,2
26976,52,64,-12,12
26977,79,68,11,11
26978,110,107,3,3
26979,121,111,10,10
26980,37,61,-24,24
26981,92,100,-8,8
26982,66,61,5,5
26983,148,122,26,26
26984,83,83,0,0
26985,175,156,19,19
26986,88,82,6,6
26987,110,104,6,6
26988,79,90,-11,11
26989,64,60,4,4
26990,124,113,11,11
26991,129,118,11,11
26992,91,94,-3,3
26993,59,61,-2,2
26994,49,67,-18,18
26995,132,125,7,7
26996,76,110,-34,34
26997,110,102,8,8
26998,61,63,-2,2
26999,90,99,-9,9
27000,126,118,8,8
27001,98,98,0,0
27002,59,59,0,0
27003,93,98,-5,5
27004,76,67,9,9
27005,75,64,11,11
27006,85,93,-8,8
27007,149,132,17,17
27008,89,90,-1,1
27009,112,108,4,4
27010,88,89,-1,1
27011,65,63,2,2
27012,86,94,-8,8
27013,64,61,3,3
27014,81,95,-14,14
27015,86,92,-6,6
27016,70,67,3,3
27017,150,126,24,24
27018,102,101,1,1
27019,92,84,8,8
27020,47,59,-12,12
27021,92,99,-7,7
27022,108,105,3,3
27023,85,91,-6,6
27024,127,121,6,6
27025,114,108,6,6
27026,89,77,12,12
27027,98,103,-5,5
27028,47,62,-15,15
27029,95,104,-9,9
27030,174,165,9,9
27031,74,71,3,3
27032,214,200,14,14
27033,35,60,-25,25
27034,202,196,6,6
27035,83,79,4,4
27036,125,115,10,10
27037,109,97,12,12
27038,54,62,-8,8
27039,56,63,-7,7
27040,71,79,-8,8
27041,81,78,3,3
27042,78,78,0,0
27043,61,61,0,0
27044,77,74,3,3
27045,114,104,10,10
27046,59,64,-5,5
27047,116,122,-6,6
27048,49,61,-12,12
27049,66,85,-19,19
27050,91,79,12,12
27051,98,100,-2,2
27052,73,75,-2,2
27053,78,79,-1,1
27054,105,110,-5,5
27055,112,105,7,7
27056,84,94,-10,10
27057,78,68,10,10
27058,112,118,-6,6
27059,178,154,24,24
27060,134,131,3,3
27061,93,95,-2,2
27062,99,99,0,0
27063,67,65,2,2
27064,76,78,-2,2
27065,80,74,6,6
27066,74,68,6,6
27067,83,90,-7,7
27068,99,113,-14,14
27069,70,63,7,7
27070,64,68,-4,4
27071,128,125,3,3
27072,93,85,8,8
27073,65,63,2,2
27074,40,62,-22,22
27075,133,123,10,10
27076,97,101,-4,4
27077,89,97,-8,8
27078,73,76,-3,3
27079,102,95,7,7
27080,62,63,-1,1
27081,91,96,-5,5
27082,147,134,13,13
27083,70,65,5,5
27084,71,68,3,3
27085,86,91,-5,5
27086,62,65,-3,3
27087,104,94,10,10
27088,72,65,7,7
27089,52,62,-10,10
27090,38,60,-22,22
27091,67,71,-4,4
27092,196,179,17,17
27093,47,60,-13,13
27094,51,61,-10,10
27095,88,90,-2,2
27096,96,96,0,0
27097,42,62,-20,20
27098,101,104,-3,3
27099,105,100,5,5
27100,70,67,3,3
27101,87,101,-14,14
27102,120,120,0,0
27103,71,67,4,4
27104,118,110,8,8
27105,71,83,-12,12
27106,101,109,-8,8
27107,80,79,1,1
27108,107,100,7,7
27109,87,79,8,8
27110,60,77,-17,17
27111,56,61,-5,5
27112,79,90,-11,11
27113,148,140,8,8
27114,75,73,2,2
27115,53,62,-9,9
27116,88,90,-2,2
27117,104,123,-19,19
27118,77,71,6,6
27119,53,60,-7,7
27120,114,111,3,3
27121,74,68,6,6
27122,73,87,-14,14
27123,127,117,10,10
27124,81,78,3,3
27125,127,126,1,1
27126,139,121,18,18
27127,78,77,1,1
27128,79,77,2,2
27129,115,105,10,10
27130,125,110,15,15
27131,141,135,6,6
27132,127,114,13,13
27133,105,107,-2,2
27134,57,64,-7,7
27135,99,102,-3,3
27136,91,91,0,0
27137,98,95,3,3
27138,114,125,-11,11
27139,74,72,2,2
27140,143,125,18,18
27141,68,70,-2,2
27142,159,141,18,18
27143,69,66,3,3
27144,72,67,5,5
27145,48,62,-14,14
27146,110,109,1,1
27147,86,88,-2,2
27148,72,74,-2,2
27149,80,70,10,10
27150,70,72,-2,2
27151,37,62,-25,25
27152,79,80,-1,1
27153,53,62,-9,9
27154,82,80,2,2
27155,55,64,-9,9
27156,72,88,-16,16
27157,104,103,1,1
27158,81,85,-4,4
27159,131,130,1,1
27160,110,118,-8,8
27161,70,76,-6,6
27162,96,101,-5,5
27163,56,67,-11,11
27164,76,92,-16,16
27165,87,92,-5,5
27166,100,95,5,5
27167,51,62,-11,11
27168,67,63,4,4
27169,50,62,-12,12
27170,72,93,-21,21
27171,69,72,-3,3
27172,96,102,-6,6
27173,90,88,2,2
27174,84,91,-7,7
27175,136,136,0,0
27176,83,83,0,0
27177,93,98,-5,5
27178,130,144,-14,14
27179,111,107,4,4
27180,107,115,-8,8
27181,112,117,-5,5
27182,27,62,-35,35
27183,156,138,18,18
27184,102,97,5,5
27185,122,120,2,2
27186,114,108,6,6
27187,39,61,-22,22
27188,137,125,12,12
27189,86,89,-3,3
27190,83,77,6,6
27191,148,141,7,7
27192,108,107,1,1
27193,102,99,3,3
27194,95,97,-2,2
27195,52,63,-11,11
27196,78,84,-6,6
27197,99,99,0,0
27198,124,120,4,4
27199,94,104,-10,10
27200,120,121,-1,1
27201,102,108,-6,6
27202,128,124,4,4
27203,64,62,2,2
27204,78,80,-2,2
27205,65,74,-9,9
27206,128,127,1,1
27207,88,81,7,7
27208,63,71,-8,8
27209,86,97,-11,11
27210,102,103,-1,1
27211,120,127,-7,7
27212,95,103,-8,8
27213,83,83,0,0
27214,96,106,-10,10
27215,75,75,0,0
27216,50,61,-11,11
27217,69,64,5,5
27218,118,105,13,13
27219,103,108,-5,5
27220,88,94,-6,6
27221,83,85,-2,2
27222,113,106,7,7
27223,89,84,5,5
27224,92,93,-1,1
27225,96,100,-4,4
27226,97,117,-20,20
27227,57,62,-5,5
27228,70,73,-3,3
27229,79,93,-14,14
27230,81,86,-5,5
27231,106,104,2,2
27232,178,157,21,21
27233,141,135,6,6
27234,97,98,-1,1
27235,152,148,4,4
27236,82,85,-3,3
27237,62,64,-2,2
27238,69,74,-5,5
27239,145,138,7,7
27240,80,75,5,5
27241,124,118,6,6
27242,128,129,-1,1
27243,147,134,13,13
27244,181,175,6,6
27245,92,97,-5,5
27246,48,61,-13,13
27247,144,139,5,5
27248,54,62,-8,8
27249,116,110,6,6
27250,106,111,-5,5
27251,72,69,3,3
27252,139,124,15,15
27253,153,148,5,5
27254,105,100,5,5
27255,152,139,13,13
27256,137,134,3,3
27257,123,121,2,2
27258,49,61,-12,12
27259,80,74,6,6
27260,63,59,4,4
27261,35,61,-26,26
27262,53,61,-8,8
27263,80,87,-7,7
27264,56,60,-4,4
27265,143,141,2,2
27266,160,148,12,12
27267,98,98,0,0
27268,98,96,2,2
27269,83,91,-8,8
27270,117,122,-5,5
27271,143,136,7,7
27272,91,99,-8,8
27273,60,65,-5,5
27274,106,101,5,5
27275,33,60,-27,27
27276,65,62,3,3
27277,79,76,3,3
27278,47,61,-14,14
27279,78,77,1,1
27280,108,108,0,0
27281,59,65,-6,6
27282,75,87,-12,12
27283,130,131,-1,1
27284,75,90,-15,15
27285,89,95,-6,6
27286,85,81,4,4
27287,127,118,9,9
27288,71,89,-18,18
27289,103,105,-2,2
27290,40,61,-21,21
27291,57,71,-14,14
27292,142,133,9,9
27293,61,75,-14,14
27294,77,70,7,7
27295,95,100,-5,5
27296,90,71,19,19
27297,101,103,-2,2
27298,64,62,2,2
27299,154,129,25,25
27300,90,92,-2,2
27301,103,102,1,1
27302,134,128,6,6
27303,96,74,22,22
27304,48,63,-15,15
27305,88,82,6,6
27306,126,118,8,8
27307,80,75,5,5
27308,66,65,1,1
27309,43,60,-17,17
27310,71,67,4,4
27311,102,103,-1,1
27312,78,75,3,3
27313,99,99,0,0
27314,110,106,4,4
27315,105,104,1,1
27316,103,110,-7,7
27317,103,102,1,1
27318,62,96,-34,34
27319,92,96,-4,4
27320,68,75,-7,7
27321,94,96,-2,2
27322,97,100,-3,3
27323,50,63,-13,13
27324,46,65,-19,19
27325,76,68,8,8
27326,127,109,18,18
27327,55,60,-5,5
27328,62,63,-1,1
27329,114,120,-6,6
27330,70,65,5,5
27331,110,110,0,0
27332,115,111,4,4
27333,102,95,7,7
27334,105,111,-6,6
27335,99,97,2,2
27336,122,121,1,1
27337,69,75,-6,6
27338,69,61,8,8
27339,79,78,1,1
27340,67,69,-2,2
27341,76,71,5,5
27342,54,60,-6,6
27343,96,96,0,0
27344,90,96,-6,6
27345,73,67,6,6
27346,76,79,-3,3
27347,48,62,-14,14
27348,104,109,-5,5
27349,64,67,-3,3
27350,76,77,-1,1
27351,106,107,-1,1
27352,58,61,-3,3
27353,118,120,-2,2
27354,78,83,-5,5
27355,119,119,0,0
27356,64,66,-2,2
27357,144,123,21,21
27358,112,107,5,5
27359,60,61,-1,1
27360,58,85,-27,27
27361,148,158,-10,10
27362,70,63,7,7
27363,193,167,26,26
27364,90,97,-7,7
27365,50,61,-11,11
27366,94,92,2,2
27367,114,106,8,8
27368,57,64,-7,7
27369,72,90,-18,18
27370,97,87,10,10
27371,121,115,6,6
27372,96,95,1,1
27373,78,84,-6,6
27374,124,126,-2,2
27375,156,146,10,10
27376,103,97,6,6
27377,117,122,-5,5
27378,75,62,13,13
27379,101,104,-3,3
27380,45,61,-16,16
27381,60,63,-3,3
27382,124,122,2,2
27383,129,122,7,7
27384,90,96,-6,6
27385,79,86,-7,7
27386,64,66,-2,2
27387,87,99,-12,12
27388,138,132,6,6
27389,106,105,1,1
27390,96,101,-5,5
27391,124,117,7,7
27392,78,74,4,4
27393,99,100,-1,1
27394,208,169,39,39
27395,111,108,3,3
27396,107,104,3,3
27397,92,85,7,7
27398,87,83,4,4
27399,108,119,-11,11
27400,70,64,6,6
27401,115,113,2,2
27402,86,92,-6,6
27403,86,82,4,4
27404,165,158,7,7
27405,59,100,-41,41
27406,111,115,-4,4
27407,196,170,26,26
27408,99,100,-1,1
27409,121,101,20,20
27410,57,61,-4,4
27411,78,78,0,0
27412,98,100,-2,2
27413,90,86,4,4
27414,89,96,-7,7
27415,97,96,1,1
27416,77,76,1,1
27417,78,76,2,2
27418,95,107,-12,12
27419,98,104,-6,6
27420,126,113,13,13
27421,107,107,0,0
27422,83,86,-3,3
27423,129,133,-4,4
27424,93,100,-7,7
27425,210,169,41,41
27426,112,113,-1,1
27427,51,61,-10,10
27428,93,89,4,4
27429,61,67,-6,6
27430,76,87,-11,11
27431,107,104,3,3
27432,115,99,16,16
27433,106,107,-1,1
27434,77,82,-5,5
27435,102,105,-3,3
27436,54,63,-9,9
27437,81,73,8,8
27438,64,77,-13,13
27439,134,128,6,6
27440,124,117,7,7
27441,49,62,-13,13
27442,90,103,-13,13
27443,72,65,7,7
27444,76,82,-6,6
27445,114,108,6,6
27446,59,67,-8,8
27447,97,116,-19,19
27448,96,92,4,4
27449,177,145,32,32
27450,111,107,4,4
27451,105,114,-9,9
27452,78,97,-19,19
27453,85,95,-10,10
27454,71,68,3,3
27455,114,114,0,0
27456,78,84,-6,6
27457,164,163,1,1
27458,75,83,-8,8
27459,128,121,7,7
27460,105,117,-12,12
27461,75,72,3,3
27462,87,92,-5,5
27463,104,99,5,5
27464,130,122,8,8
27465,101,104,-3,3
27466,81,82,-1,1
27467,75,75,0,0
27468,115,111,4,4
27469,80,71,9,9
27470,54,64,-10,10
27471,93,99,-6,6
27472,142,119,23,23
27473,41,62,-21,21
27474,78,81,-3,3
27475,62,65,-3,3
27476,68,81,-13,13
27477,45,62,-17,17
27478,99,101,-2,2
27479,92,89,3,3
27480,88,79,9,9
27481,134,132,2,2
27482,112,108,4,4
27483,97,106,-9,9
27484,131,134,-3,3
27485,71,67,4,4
27486,39,61,-22,22
27487,68,70,-2,2
27488,47,61,-14,14
27489,60,61,-1,1
27490,151,127,24,24
27491,81,72,9,9
27492,104,100,4,4
27493,99,106,-7,7
27494,103,102,1,1
27495,84,94,-10,10
27496,92,94,-2,2
27497,108,108,0,0
27498,124,119,5,5
27499,68,71,-3,3
27500,107,109,-2,2
27501,97,86,11,11
27502,108,103,5,5
27503,54,63,-9,9
27504,75,74,1,1
27505,43,62,-19,19
27506,105,108,-3,3
27507,103,113,-10,10
27508,85,95,-10,10
27509,121,118,3,3
27510,85,91,-6,6
27511,102,99,3,3
27512,113,119,-6,6
27513,70,71,-1,1
27514,120,109,11,11
27515,106,98,8,8
27516,72,77,-5,5
27517,89,95,-6,6
27518,90,92,-2,2
27519,52,60,-8,8
27520,78,81,-3,3
27521,88,97,-9,9
27522,290,234,56,56
27523,98,96,2,2
27524,94,102,-8,8
27525,130,118,12,12
27526,50,65,-15,15
27527,102,99,3,3
27528,72,73,-1,1
27529,79,72,7,7
27530,101,102,-1,1
27531,88,79,9,9
27532,75,78,-3,3
27533,109,118,-9,9
27534,68,67,1,1
27535,117,114,3,3
27536,112,110,2,2
27537,149,133,16,16
27538,94,100,-6,6
27539,73,72,1,1
27540,86,83,3,3
27541,68,78,-10,10
27542,94,95,-1,1
27543,96,100,-4,4
27544,86,110,-24,24
27545,84,92,-8,8
27546,98,92,6,6
27547,149,133,16,16
27548,92,96,-4,4
27549,72,65,7,7
27550,108,107,1,1
27551,85,99,-14,14
27552,92,96,-4,4
27553,72,79,-7,7
27554,73,78,-5,5
27555,91,95,-4,4
27556,167,165,2,2
27557,78,92,-14,14
27558,50,61,-11,11
27559,96,92,4,4
27560,105,139,-34,34
27561,102,102,0,0
27562,106,99,7,7
27563,138,126,12,12
27564,123,118,5,5
27565,76,72,4,4
27566,95,95,0,0
27567,87,92,-5,5
27568,154,154,0,0
27569,75,70,5,5
27570,137,123,14,14
27571,98,88,10,10
27572,96,102,-6,6
27573,68,69,-1,1
27574,66,78,-12,12
27575,96,99,-3,3
27576,99,101,-2,2
27577,53,64,-11,11
27578,36,61,-25,25
27579,79,95,-16,16
27580,108,105,3,3
27581,20,63,-43,43
27582,95,99,-4,4
27583,78,85,-7,7
27584,114,117,-3,3
27585,89,102,-13,13
27586,118,136,-18,18
27587,163,147,16,16
27588,64,63,1,1
27589,50,61,-11,11
27590,65,64,1,1
27591,91,92,-1,1
27592,126,126,0,0
27593,96,100,-4,4
27594,115,110,5,5
27595,114,110,4,4
27596,139,118,21,21
27597,45,61,-16,16
27598,155,148,7,7
27599,77,71,6,6
27600,105,94,11,11
27601,156,132,24,24
27602,90,96,-6,6
27603,105,97,8,8
27604,36,61,-25,25
27605,134,143,-9,9
27606,111,118,-7,7
27607,61,60,1,1
27608,97,99,-2,2
27609,76,76,0,0
27610,81,89,-8,8
27611,71,66,5,5
27612,99,98,1,1
27613,98,103,-5,5
27614,89,90,-1,1
27615,153,146,7,7
27616,110,111,-1,1
27617,61,63,-2,2
27618,72,79,-7,7
27619,107,105,2,2
27620,107,105,2,2
27621,116,112,4,4
27622,116,112,4,4
27623,71,74,-3,3
27624,95,96,-1,1
27625,99,102,-3,3
27626,59,61,-2,2
27627,107,126,-19,19
27628,130,119,11,11
27629,95,80,15,15
27630,165,143,22,22
27631,171,147,24,24
27632,93,104,-11,11
27633,79,91,-12,12
27634,175,155,20,20
27635,121,117,4,4
27636,155,148,7,7
27637,174,167,7,7
27638,81,70,11,11
27639,57,61,-4,4
27640,180,150,30,30
27641,116,109,7,7
27642,162,148,14,14
27643,77,94,-17,17
27644,78,75,3,3
27645,111,110,1,1
27646,87,87,0,0
27647,37,61,-24,24
27648,176,162,14,14
27649,69,74,-5,5
27650,72,76,-4,4
27651,91,95,-4,4
27652,102,103,-1,1
27653,81,85,-4,4
27654,142,134,8,8
27655,189,165,24,24
27656,200,174,26,26
27657,61,65,-4,4
27658,89,93,-4,4
27659,94,101,-7,7
27660,88,90,-2,2
27661,85,81,4,4
27662,88,92,-4,4
27663,52,62,-10,10
27664,61,82,-21,21
27665,79,78,1,1
27666,141,126,15,15
27667,83,83,0,0
27668,112,143,-31,31
27669,123,117,6,6
27670,54,62,-8,8
27671,66,64,2,2
27672,117,115,2,2
27673,73,74,-1,1
27674,70,90,-20,20
27675,66,65,1,1
27676,105,118,-13,13
27677,77,80,-3,3
27678,100,99,1,1
27679,167,145,22,22
27680,73,69,4,4
27681,130,125,5,5
27682,87,70,17,17
27683,85,84,1,1
27684,69,72,-3,3
27685,73,73,0,0
27686,77,81,-4,4
27687,138,133,5,5
27688,80,93,-13,13
27689,55,61,-6,6
27690,117,105,12,12
27691,110,107,3,3
27692,60,61,-1,1
27693,96,92,4,4
27694,85,79,6,6
27695,106,113,-7,7
27696,94,95,-1,1
27697,69,74,-5,5
27698,125,124,1,1
27699,179,156,23,23
27700,86,89,-3,3
27701,129,124,5,5
27702,82,90,-8,8
27703,91,83,8,8
27704,150,140,10,10
27705,57,63,-6,6
27706,70,68,2,2
27707,134,129,5,5
27708,71,74,-3,3
27709,74,88,-14,14
27710,83,83,0,0
27711,82,112,-30,30
27712,70,71,-1,1
27713,82,93,-11,11
27714,52,59,-7,7
27715,93,90,3,3
27716,54,66,-12,12
27717,136,128,8,8
27718,72,69,3,3
27719,86,111,-25,25
27720,108,114,-6,6
27721,93,91,2,2
27722,57,75,-18,18
27723,78,76,2,2
27724,130,118,12,12
27725,83,94,-11,11
27726,116,130,-14,14
27727,103,95,8,8
27728,79,83,-4,4
27729,43,61,-18,18
27730,100,100,0,0
27731,77,76,1,1
27732,127,120,7,7
27733,83,80,3,3
27734,134,156,-22,22
27735,108,96,12,12
27736,122,111,11,11
27737,86,92,-6,6
27738,71,69,2,2
27739,111,109,2,2
27740,132,117,15,15
27741,200,183,17,17
27742,77,73,4,4
27743,131,114,17,17
27744,75,79,-4,4
27745,66,63,3,3
27746,83,84,-1,1
27747,155,139,16,16
27748,104,93,11,11
27749,85,85,0,0
27750,149,130,19,19
27751,198,241,-43,43
27752,68,81,-13,13
27753,143,110,33,33
27754,118,108,10,10
27755,75,78,-3,3
27756,150,165,-15,15
27757,52,62,-10,10
27758,153,142,11,11
27759,88,100,-12,12
27760,101,125,-24,24
27761,74,69,5,5
27762,102,113,-11,11
27763,140,130,10,10
27764,71,62,9,9
27765,110,113,-3,3
27766,110,109,1,1
27767,63,64,-1,1
27768,66,73,-7,7
27769,49,61,-12,12
27770,54,62,-8,8
27771,86,92,-6,6
27772,58,61,-3,3
27773,54,62,-8,8
27774,60,63,-3,3
27775,77,74,3,3
27776,70,77,-7,7
27777,91,93,-2,2
27778,112,108,4,4
27779,89,91,-2,2
27780,80,76,4,4
27781,95,97,-2,2
27782,98,94,4,4
27783,91,93,-2,2
27784,117,117,0,0
27785,76,82,-6,6
27786,126,146,-20,20
27787,131,119,12,12
27788,65,68,-3,3
27789,90,89,1,1
27790,77,76,1,1
27791,114,114,0,0
27792,88,87,1,1
27793,90,91,-1,1
27794,84,95,-11,11
27795,135,118,17,17
27796,95,94,1,1
27797,94,102,-8,8
27798,106,104,2,2
27799,75,80,-5,5
27800,115,110,5,5
27801,143,140,3,3
27802,60,60,0,0
27803,68,67,1,1
27804,73,68,5,5
27805,168,142,26,26
27806,99,104,-5,5
27807,108,107,1,1
27808,77,90,-13,13
27809,60,61,-1,1
27810,79,71,8,8
27811,103,117,-14,14
27812,120,121,-1,1
27813,137,141,-4,4
27814,80,94,-14,14
27815,78,79,-1,1
27816,49,62,-13,13
27817,97,110,-13,13
27818,104,106,-2,2
27819,172,153,19,19
27820,154,144,10,10
27821,93,99,-6,6
27822,103,96,7,7
27823,51,62,-11,11
27824,72,73,-1,1
27825,81,88,-7,7
27826,69,62,7,7
27827,111,101,10,10
27828,106,104,2,2
27829,143,128,15,15
27830,46,62,-16,16
27831,118,120,-2,2
27832,136,114,22,22
27833,103,97,6,6
27834,115,117,-2,2
27835,100,96,4,4
27836,130,120,10,10
27837,146,129,17,17
27838,106,102,4,4
27839,160,149,11,11
27840,151,120,31,31
27841,111,106,5,5
27842,132,115,17,17
27843,70,62,8,8
27844,95,97,-2,2
27845,113,107,6,6
27846,100,155,-55,55
27847,84,92,-8,8
27848,144,124,20,20
27849,75,82,-7,7
27850,127,136,-9,9
27851,35,63,-28,28
27852,48,60,-12,12
27853,52,62,-10,10
27854,110,109,1,1
27855,109,107,2,2
27856,72,78,-6,6
27857,99,97,2,2
27858,58,59,-1,1
27859,81,71,10,10
27860,96,85,11,11
27861,71,68,3,3
27862,122,105,17,17
27863,151,137,14,14
27864,92,94,-2,2
27865,69,72,-3,3
27866,111,106,5,5
27867,106,101,5,5
27868,122,118,4,4
27869,100,84,16,16
27870,62,65,-3,3
27871,77,70,7,7
27872,111,108,3,3
27873,68,74,-6,6
27874,97,94,3,3
27875,118,94,24,24
27876,118,116,2,2
27877,97,109,-12,12
27878,78,79,-1,1
27879,146,136,10,10
27880,99,102,-3,3
27881,76,72,4,4
27882,64,62,2,2
27883,48,62,-14,14
27884,89,91,-2,2
27885,59,63,-4,4
27886,74,79,-5,5
27887,72,75,-3,3
27888,83,79,4,4
27889,83,65,18,18
27890,97,102,-5,5
27891,100,100,0,0
27892,181,173,8,8
27893,37,61,-24,24
27894,64,66,-2,2
27895,84,72,12,12
27896,68,62,6,6
27897,54,62,-8,8
27898,85,82,3,3
27899,75,75,0,0
27900,98,104,-6,6
27901,147,130,17,17
27902,138,130,8,8
27903,61,62,-1,1
27904,83,93,-10,10
27905,158,137,21,21
27906,119,111,8,8
27907,88,84,4,4
27908,119,115,4,4
27909,118,104,14,14
27910,68,69,-1,1
27911,49,61,-12,12
27912,112,103,9,9
27913,113,113,0,0
27914,83,94,-11,11
27915,81,91,-10,10
27916,31,61,-30,30
27917,87,80,7,7
27918,144,132,12,12
27919,133,137,-4,4
27920,137,131,6,6
27921,95,100,-5,5
27922,80,81,-1,1
27923,109,106,3,3
27924,90,96,-6,6
27925,70,66,4,4
27926,66,70,-4,4
27927,81,70,11,11
27928,156,150,6,6
27929,70,79,-9,9
27930,95,105,-10,10
27931,109,105,4,4
27932,61,111,-50,50
27933,40,59,-19,19
27934,138,141,-3,3
27935,96,92,4,4
27936,53,65,-12,12
27937,85,96,-11,11
27938,137,125,12,12
27939,113,109,4,4
27940,127,123,4,4
27941,77,70,7,7
27942,66,72,-6,6
27943,36,60,-24,24
27944,83,89,-6,6
27945,120,104,16,16
27946,55,66,-11,11
27947,61,66,-5,5
27948,68,65,3,3
27949,93,98,-5,5
27950,173,162,11,11
27951,58,63,-5,5
27952,75,78,-3,3
27953,83,72,11,11
27954,141,147,-6,6
27955,67,66,1,1
27956,35,61,-26,26
27957,63,68,-5,5
27958,52,61,-9,9
27959,183,162,21,21
27960,52,60,-8,8
27961,72,69,3,3
27962,77,80,-3,3
27963,61,60,1,1
27964,124,113,11,11
27965,78,82,-4,4
27966,123,119,4,4
27967,122,118,4,4
27968,88,95,-7,7
27969,74,79,-5,5
27970,66,75,-9,9
27971,69,78,-9,9
27972,92,96,-4,4
27973,79,74,5,5
27974,45,64,-19,19
27975,115,120,-5,5
27976,143,135,8,8
27977,99,104,-5,5
27978,129,130,-1,1
27979,103,104,-1,1
27980,90,101,-11,11
27981,88,92,-4,4
27982,123,125,-2,2
27983,175,148,27,27
27984,95,93,2,2
27985,105,109,-4,4
27986,65,68,-3,3
27987,66,61,5,5
27988,137,119,18,18
27989,84,92,-8,8
27990,110,104,6,6
27991,118,107,11,11
27992,114,113,1,1
27993,97,109,-12,12
27994,90,88,2,2
27995,124,125,-1,1
27996,158,153,5,5
27997,67,104,-37,37
27998,96,96,0,0
27999,97,96,1,1
28000,108,105,3,3
28001,106,104,2,2
28002,56,62,-6,6
28003,69,68,1,1
28004,41,61,-20,20
28005,67,65,2,2
28006,172,164,8,8
28007,53,62,-9,9
28008,94,90,4,4
28009,121,117,4,4
28010,97,93,4,4
28011,91,104,-13,13
28012,117,118,-1,1
28013,125,143,-18,18
28014,59,59,0,0
28015,114,107,7,7
28016,87,84,3,3
28017,106,110,-4,4
28018,77,78,-1,1
28019,135,116,19,19
28020,145,126,19,19
28021,72,71,1,1
28022,53,62,-9,9
28023,149,132,17,17
28024,101,103,-2,2
28025,76,57,19,19
28026,87,97,-10,10
28027,73,66,7,7
28028,107,108,-1,1
28029,67,69,-2,2
28030,67,76,-9,9
28031,80,81,-1,1
28032,91,94,-3,3
28033,91,93,-2,2
28034,104,123,-19,19
28035,66,59,7,7
28036,90,94,-4,4
28037,71,80,-9,9
28038,118,101,17,17
28039,87,97,-10,10
28040,68,67,1,1
28041,114,117,-3,3
28042,117,116,1,1
28043,130,120,10,10
28044,134,138,-4,4
28045,125,120,5,5
28046,74,71,3,3
28047,88,89,-1,1
28048,56,70,-14,14
28049,116,114,2,2
28050,145,135,10,10
28051,75,65,10,10
28052,71,87,-16,16
28053,50,60,-10,10
28054,97,100,-3,3
28055,55,61,-6,6
28056,52,61,-9,9
28057,154,129,25,25
28058,132,122,10,10
28059,180,156,24,24
28060,68,69,-1,1
28061,86,91,-5,5
28062,147,146,1,1
28063,68,86,-18,18
28064,80,80,0,0
28065,98,94,4,4
28066,109,117,-8,8
28067,88,93,-5,5
28068,78,90,-12,12
28069,86,76,10,10
28070,42,62,-20,20
28071,74,90,-16,16
28072,137,129,8,8
28073,110,106,4,4
28074,76,94,-18,18
28075,64,66,-2,2
28076,150,138,12,12
28077,116,103,13,13
28078,74,78,-4,4
28079,69,65,4,4
28080,55,62,-7,7
28081,114,119,-5,5
28082,178,173,5,5
28083,78,75,3,3
28084,71,69,2,2
28085,80,91,-11,11
28086,119,128,-9,9
28087,59,63,-4,4
28088,75,62,13,13
28089,77,92,-15,15
28090,64,71,-7,7
28091,118,108,10,10
28092,141,130,11,11
28093,144,144,0,0
28094,118,114,4,4
28095,90,75,15,15
28096,96,99,-3,3
28097,107,103,4,4
28098,141,144,-3,3
28099,71,61,10,10
28100,94,90,4,4
28101,196,173,23,23
28102,93,102,-9,9
28103,122,105,17,17
28104,78,80,-2,2
28105,83,100,-17,17
28106,84,80,4,4
28107,65,62,3,3
28108,165,156,9,9
28109,116,128,-12,12
28110,91,78,13,13
28111,69,64,5,5
28112,87,78,9,9
28113,94,102,-8,8
28114,113,107,6,6
28115,169,162,7,7
28116,112,99,13,13
28117,85,92,-7,7
28118,113,106,7,7
28119,145,131,14,14
28120,53,61,-8,8
28121,97,97,0,0
28122,102,107,-5,5
28123,107,117,-10,10
28124,88,86,2,2
28125,76,74,2,2
28126,46,62,-16,16
28127,83,90,-7,7
28128,99,94,5,5
28129,118,115,3,3
28130,85,76,9,9
28131,112,115,-3,3
28132,120,106,14,14
28133,246,207,39,39
28134,124,111,13,13
28135,64,67,-3,3
28136,118,107,11,11
28137,118,114,4,4
28138,78,79,-1,1
28139,74,83,-9,9
28140,86,83,3,3
28141,90,79,11,11
28142,132,141,-9,9
28143,125,118,7,7
28144,70,67,3,3
28145,69,65,4,4
28146,119,111,8,8
28147,144,134,10,10
28148,172,154,18,18
28149,83,84,-1,1
28150,99,95,4,4
28151,104,105,-1,1
28152,127,125,2,2
28153,78,70,8,8
28154,110,101,9,9
28155,53,62,-9,9
28156,79,90,-11,11
28157,47,61,-14,14
28158,123,140,-17,17
28159,132,126,6,6
28160,104,104,0,0
28161,127,123,4,4
28162,105,95,10,10
28163,65,69,-4,4
28164,100,103,-3,3
28165,192,165,27,27
28166,61,93,-32,32
28167,106,112,-6,6
28168,38,76,-38,38
28169,186,158,28,28
28170,166,143,23,23
28171,122,113,9,9
28172,141,133,8,8
28173,122,127,-5,5
28174,39,61,-22,22
28175,117,117,0,0
28176,128,123,5,5
28177,148,138,10,10
28178,118,113,5,5
28179,96,98,-2,2
28180,72,79,-7,7
28181,76,69,7,7
28182,63,63,0,0
28183,84,97,-13,13
28184,102,100,2,2
28185,75,75,0,0
28186,92,96,-4,4
28187,69,66,3,3
28188,94,85,9,9
28189,70,66,4,4
28190,112,102,10,10
28191,87,76,11,11
28192,68,68,0,0
28193,123,143,-20,20
28194,81,65,16,16
28195,116,129,-13,13
28196,82,91,-9,9
28197,149,133,16,16
28198,60,72,-12,12
28199,59,65,-6,6
28200,110,106,4,4
28201,89,132,-43,43
28202,114,115,-1,1
28203,128,118,10,10
28204,57,63,-6,6
28205,77,84,-7,7
28206,85,85,0,0
28207,194,187,7,7
28208,72,92,-20,20
28209,75,84,-9,9
28210,57,87,-30,30
28211,165,154,11,11
28212,99,100,-1,1
28213,84,84,0,0
28214,89,96,-7,7
28215,64,65,-1,1
28216,115,123,-8,8
28217,81,92,-11,11
28218,96,108,-12,12
28219,134,131,3,3
28220,74,72,2,2
28221,121,137,-16,16
28222,81,95,-14,14
28223,58,62,-4,4
28224,77,68,9,9
28225,97,97,0,0
28226,66,60,6,6
28227,104,105,-1,1
28228,112,113,-1,1
28229,59,62,-3,3
28230,151,133,18,18
28231,111,102,9,9
28232,133,125,8,8
28233,76,81,-5,5
28234,93,98,-5,5
28235,76,76,0,0
28236,85,80,5,5
28237,151,145,6,6
28238,76,79,-3,3
28239,79,72,7,7
28240,172,182,-10,10
28241,148,131,17,17
28242,89,94,-5,5
28243,87,82,5,5
28244,128,123,5,5
28245,71,75,-4,4
28246,72,66,6,6
28247,77,78,-1,1
28248,100,99,1,1
28249,107,111,-4,4
28250,86,86,0,0
28251,81,70,11,11
28252,93,95,-2,2
28253,56,61,-5,5
28254,138,124,14,14
28255,77,82,-5,5
28256,175,163,12,12
28257,72,68,4,4
28258,93,94,-1,1
28259,92,91,1,1
28260,104,116,-12,12
28261,132,140,-8,8
28262,81,90,-9,9
28263,71,74,-3,3
28264,140,141,-1,1
28265,102,107,-5,5
28266,53,60,-7,7
28267,87,95,-8,8
28268,147,137,10,10
28269,93,103,-10,10
28270,65,64,1,1
28271,154,138,16,16
28272,222,193,29,29
28273,107,102,5,5
28274,81,75,6,6
28275,59,64,-5,5
28276,63,63,0,0
28277,100,100,0,0
28278,89,82,7,7
28279,70,64,6,6
28280,90,96,-6,6
28281,135,134,1,1
28282,112,105,7,7
28283,102,102,0,0
28284,126,127,-1,1
28285,87,94,-7,7
28286,98,100,-2,2
28287,128,111,17,17
28288,54,61,-7,7
28289,88,92,-4,4
28290,79,88,-9,9
28291,177,157,20,20
28292,110,105,5,5
28293,68,73,-5,5
28294,126,122,4,4
28295,115,110,5,5
28296,105,109,-4,4
28297,86,89,-3,3
28298,66,101,-35,35
28299,65,62,3,3
28300,78,92,-14,14
28301,87,91,-4,4
28302,108,106,2,2
28303,46,61,-15,15
28304,106,104,2,2
28305,127,117,10,10
28306,137,134,3,3
28307,84,79,5,5
28308,73,82,-9,9
28309,70,65,5,5
28310,76,70,6,6
28311,84,83,1,1
28312,125,112,13,13
28313,73,78,-5,5
28314,176,165,11,11
28315,97,100,-3,3
28316,128,122,6,6
28317,74,73,1,1
28318,145,137,8,8
28319,93,96,-3,3
28320,70,71,-1,1
28321,67,81,-14,14
28322,84,90,-6,6
28323,59,63,-4,4
28324,92,94,-2,2
28325,112,107,5,5
28326,51,60,-9,9
28327,56,61,-5,5
28328,92,93,-1,1
28329,49,61,-12,12
28330,98,103,-5,5
28331,71,74,-3,3
28332,72,73,-1,1
28333,68,78,-10,10
28334,87,95,-8,8
28335,121,115,6,6
28336,94,97,-3,3
28337,76,90,-14,14
28338,112,107,5,5
28339,69,61,8,8
28340,113,112,1,1
28341,129,128,1,1
28342,105,109,-4,4
28343,99,108,-9,9
28344,58,62,-4,4
28345,130,120,10,10
28346,85,85,0,0
28347,73,68,5,5
28348,56,62,-6,6
28349,97,105,-8,8
28350,104,121,-17,17
28351,73,72,1,1
28352,111,105,6,6
28353,73,65,8,8
28354,98,92,6,6
28355,102,107,-5,5
28356,80,73,7,7
28357,47,62,-15,15
28358,102,111,-9,9
28359,76,76,0,0
28360,69,97,-28,28
28361,85,90,-5,5
28362,111,117,-6,6
28363,34,62,-28,28
28364,137,136,1,1
28365,79,82,-3,3
28366,72,81,-9,9
28367,62,68,-6,6
28368,91,94,-3,3
28369,82,86,-4,4
28370,120,132,-12,12
28371,92,100,-8,8
28372,110,110,0,0
28373,122,117,5,5
28374,119,112,7,7
28375,183,171,12,12
28376,61,66,-5,5
28377,97,92,5,5
28378,117,117,0,0
28379,71,74,-3,3
28380,100,98,2,2
28381,119,111,8,8
28382,94,84,10,10
28383,94,100,-6,6
28384,97,90,7,7
28385,62,62,0,0
28386,74,75,-1,1
28387,104,108,-4,4
28388,143,139,4,4
28389,74,78,-4,4
28390,126,118,8,8
28391,64,89,-25,25
28392,97,93,4,4
28393,82,85,-3,3
28394,56,64,-8,8
28395,98,102,-4,4
28396,139,130,9,9
28397,102,109,-7,7
28398,100,104,-4,4
28399,115,105,10,10
28400,138,118,20,20
28401,39,61,-22,22
28402,132,126,6,6
28403,127,129,-2,2
28404,98,95,3,3
28405,83,69,14,14
28406,106,110,-4,4
28407,161,143,18,18
28408,77,64,13,13
28409,76,91,-15,15
28410,96,93,3,3
28411,107,110,-3,3
28412,85,275,-190,190
28413,79,80,-1,1
28414,102,99,3,3
28415,57,60,-3,3
28416,79,86,-7,7
28417,76,92,-16,16
28418,82,91,-9,9
28419,56,62,-6,6
28420,84,80,4,4
28421,110,101,9,9
28422,183,157,26,26
28423,118,120,-2,2
28424,100,99,1,1
28425,109,100,9,9
28426,101,98,3,3
28427,57,63,-6,6
28428,89,108,-19,19
28429,148,132,16,16
28430,202,190,12,12
28431,137,138,-1,1
28432,91,91,0,0
28433,112,124,-12,12
28434,68,67,1,1
28435,83,84,-1,1
28436,72,67,5,5
28437,79,78,1,1
28438,116,113,3,3
28439,54,61,-7,7
28440,87,94,-7,7
28441,82,89,-7,7
28442,104,101,3,3
28443,126,120,6,6
28444,106,109,-3,3
28445,116,108,8,8
28446,91,98,-7,7
28447,77,73,4,4
28448,123,140,-17,17
28449,145,138,7,7
28450,88,83,5,5
28451,95,109,-14,14
28452,79,91,-12,12
28453,91,99,-8,8
28454,133,123,10,10
28455,165,171,-6,6
28456,61,62,-1,1
28457,63,67,-4,4
28458,120,115,5,5
28459,54,59,-5,5
28460,145,135,10,10
28461,130,126,4,4
28462,68,93,-25,25
28463,55,62,-7,7
28464,90,91,-1,1
28465,102,96,6,6
28466,52,61,-9,9
28467,102,102,0,0
28468,162,157,5,5
28469,85,95,-10,10
28470,81,88,-7,7
28471,57,61,-4,4
28472,82,79,3,3
28473,135,110,25,25
28474,43,61,-18,18
28475,82,78,4,4
28476,66,70,-4,4
28477,102,103,-1,1
28478,70,70,0,0
28479,151,139,12,12
28480,127,123,4,4
28481,77,69,8,8
28482,137,129,8,8
28483,83,74,9,9
28484,183,163,20,20
28485,43,61,-18,18
28486,129,124,5,5
28487,58,62,-4,4
28488,73,79,-6,6
28489,67,61,6,6
28490,57,63,-6,6
28491,133,144,-11,11
28492,76,77,-1,1
28493,87,92,-5,5
28494,76,79,-3,3
28495,99,93,6,6
28496,95,97,-2,2
28497,56,64,-8,8
28498,146,134,12,12
28499,123,107,16,16
28500,93,116,-23,23
28501,71,69,2,2
28502,97,94,3,3
28503,122,110,12,12
28504,97,103,-6,6
28505,86,84,2,2
28506,87,93,-6,6
28507,134,122,12,12
28508,99,106,-7,7
28509,135,127,8,8
28510,85,87,-2,2
28511,132,128,4,4
28512,54,61,-7,7
28513,77,85,-8,8
28514,63,68,-5,5
28515,138,132,6,6
28516,58,62,-4,4
28517,141,127,14,14
28518,161,153,8,8
28519,105,112,-7,7
28520,107,111,-4,4
28521,153,154,-1,1
28522,90,95,-5,5
28523,147,142,5,5
28524,92,98,-6,6
28525,34,61,-27,27
28526,90,96,-6,6
28527,50,60,-10,10
28528,83,80,3,3
28529,127,133,-6,6
28530,59,62,-3,3
28531,57,61,-4,4
28532,115,113,2,2
28533,91,96,-5,5
28534,143,127,16,16
28535,119,111,8,8
28536,97,101,-4,4
28537,155,147,8,8
28538,128,120,8,8
28539,67,68,-1,1
28540,60,64,-4,4
28541,103,98,5,5
28542,128,120,8,8
28543,100,98,2,2
28544,71,69,2,2
28545,85,90,-5,5
28546,74,73,1,1
28547,172,136,36,36
28548,73,71,2,2
28549,51,60,-9,9
28550,76,79,-3,3
28551,110,109,1,1
28552,125,127,-2,2
28553,49,61,-12,12
28554,145,132,13,13
28555,81,76,5,5
28556,79,110,-31,31
28557,108,105,3,3
28558,95,95,0,0
28559,66,61,5,5
28560,78,77,1,1
28561,41,61,-20,20
28562,89,81,8,8
28563,60,64,-4,4
28564,88,81,7,7
28565,54,62,-8,8
28566,112,105,7,7
28567,135,118,17,17
28568,123,119,4,4
28569,76,100,-24,24
28570,82,83,-1,1
28571,38,62,-24,24
28572,51,61,-10,10
28573,33,61,-28,28
28574,100,100,0,0
28575,64,73,-9,9
28576,98,101,-3,3
28577,104,100,4,4
28578,108,109,-1,1
28579,112,108,4,4
28580,54,62,-8,8
28581,75,75,0,0
28582,89,98,-9,9
28583,137,122,15,15
28584,66,62,4,4
28585,81,91,-10,10
28586,91,97,-6,6
28587,84,91,-7,7
28588,52,62,-10,10
28589,64,68,-4,4
28590,176,169,7,7
28591,59,63,-4,4
28592,70,69,1,1
28593,69,71,-2,2
28594,83,108,-25,25
28595,71,73,-2,2
28596,61,63,-2,2
28597,65,61,4,4
28598,94,118,-24,24
28599,53,62,-9,9
28600,66,60,6,6
28601,93,94,-1,1
28602,66,64,2,2
28603,75,69,6,6
28604,96,106,-10,10
28605,66,66,0,0
28606,158,134,24,24
28607,80,73,7,7
28608,67,64,3,3
28609,67,68,-1,1
28610,79,87,-8,8
28611,57,64,-7,7
28612,66,70,-4,4
28613,44,62,-18,18
28614,59,61,-2,2
28615,150,133,17,17
28616,128,119,9,9
28617,74,74,0,0
28618,38,62,-24,24
28619,51,62,-11,11
28620,123,119,4,4
28621,61,61,0,0
28622,77,64,13,13
28623,61,66,-5,5
28624,94,90,4,4
28625,104,108,-4,4
28626,62,71,-9,9
28627,115,106,9,9
28628,122,106,16,16
28629,96,100,-4,4
28630,84,85,-1,1
28631,119,122,-3,3
28632,99,98,1,1
28633,85,88,-3,3
28634,118,107,11,11
28635,144,126,18,18
28636,54,60,-6,6
28637,152,134,18,18
28638,47,60,-13,13
28639,67,68,-1,1
28640,81,82,-1,1
28641,125,121,4,4
28642,104,99,5,5
28643,63,71,-8,8
28644,71,64,7,7
28645,56,62,-6,6
28646,144,135,9,9
28647,125,133,-8,8
28648,64,60,4,4
28649,108,98,10,10
28650,87,81,6,6
28651,66,73,-7,7
28652,83,94,-11,11
28653,102,100,2,2
28654,120,118,2,2
28655,114,111,3,3
28656,114,107,7,7
28657,148,137,11,11
28658,100,98,2,2
28659,76,70,6,6
28660,53,59,-6,6
28661,104,107,-3,3
28662,101,107,-6,6
28663,93,96,-3,3
28664,50,64,-14,14
28665,47,62,-15,15
28666,137,136,1,1
28667,109,105,4,4
28668,83,97,-14,14
28669,32,63,-31,31
28670,69,64,5,5
28671,92,93,-1,1
28672,78,86,-8,8
28673,96,110,-14,14
28674,92,95,-3,3
28675,53,59,-6,6
28676,144,137,7,7
28677,107,99,8,8
28678,112,108,4,4
28679,72,66,6,6
28680,108,101,7,7
28681,84,74,10,10
28682,54,61,-7,7
28683,82,128,-46,46
28684,98,90,8,8
28685,73,80,-7,7
28686,50,59,-9,9
28687,89,93,-4,4
28688,66,64,2,2
28689,140,138,2,2
28690,97,98,-1,1
28691,77,88,-11,11
28692,106,116,-10,10
28693,73,75,-2,2
28694,122,114,8,8
28695,80,88,-8,8
28696,60,64,-4,4
28697,90,84,6,6
28698,83,91,-8,8
28699,86,93,-7,7
28700,33,61,-28,28
28701,134,124,10,10
28702,117,119,-2,2
28703,60,61,-1,1
28704,116,111,5,5
28705,110,115,-5,5
28706,129,123,6,6
28707,88,90,-2,2
28708,76,75,1,1
28709,171,157,14,14
28710,98,106,-8,8
28711,100,96,4,4
28712,66,59,7,7
28713,140,124,16,16
28714,101,92,9,9
28715,61,61,0,0
28716,89,92,-3,3
28717,93,97,-4,4
28718,101,97,4,4
28719,63,69,-6,6
28720,85,93,-8,8
28721,94,101,-7,7
28722,114,130,-16,16
28723,104,108,-4,4
28724,78,78,0,0
28725,108,121,-13,13
28726,57,62,-5,5
28727,38,70,-32,32
28728,69,75,-6,6
28729,106,107,-1,1
28730,77,76,1,1
28731,235,226,9,9
28732,98,99,-1,1
28733,111,109,2,2
28734,70,91,-21,21
28735,102,98,4,4
28736,92,98,-6,6
28737,67,76,-9,9
28738,83,92,-9,9
28739,71,69,2,2
28740,92,69,23,23
28741,59,62,-3,3
28742,90,93,-3,3
28743,71,65,6,6
28744,52,61,-9,9
28745,109,96,13,13
28746,105,114,-9,9
28747,79,85,-6,6
28748,81,83,-2,2
28749,84,90,-6,6
28750,80,71,9,9
28751,56,63,-7,7
28752,84,84,0,0
28753,44,62,-18,18
28754,85,90,-5,5
28755,62,63,-1,1
28756,83,79,4,4
28757,59,78,-19,19
28758,92,91,1,1
28759,99,105,-6,6
28760,131,144,-13,13
28761,58,61,-3,3
28762,164,147,17,17
28763,132,117,15,15
28764,73,65,8,8
28765,82,85,-3,3
28766,57,64,-7,7
28767,97,108,-11,11
28768,26,61,-35,35
28769,107,103,4,4
28770,88,77,11,11
28771,84,92,-8,8
28772,82,87,-5,5
28773,141,147,-6,6
28774,78,77,1,1
28775,146,138,8,8
28776,84,81,3,3
28777,93,89,4,4
28778,74,75,-1,1
28779,139,125,14,14
28780,125,124,1,1
28781,65,68,-3,3
28782,101,107,-6,6
28783,114,120,-6,6
28784,54,63,-9,9
28785,99,94,5,5
28786,83,94,-11,11
28787,128,121,7,7
28788,90,96,-6,6
28789,77,72,5,5
28790,68,60,8,8
28791,78,96,-18,18
28792,76,79,-3,3
28793,85,86,-1,1
28794,106,108,-2,2
28795,207,168,39,39
28796,105,106,-1,1
28797,110,113,-3,3
28798,86,87,-1,1
28799,166,134,32,32
28800,118,114,4,4
28801,99,97,2,2
28802,80,94,-14,14
28803,27,61,-34,34
28804,125,111,14,14
28805,92,96,-4,4
28806,85,82,3,3
28807,91,95,-4,4
28808,61,61,0,0
28809,86,82,4,4
28810,50,61,-11,11
28811,101,104,-3,3
28812,79,66,13,13
28813,82,101,-19,19
28814,63,60,3,3
28815,100,96,4,4
28816,103,90,13,13
28817,150,135,15,15
28818,86,79,7,7
28819,72,84,-12,12
28820,54,62,-8,8
28821,136,134,2,2
28822,60,63,-3,3
28823,118,111,7,7
28824,64,61,3,3
28825,78,77,1,1
28826,76,68,8,8
28827,145,136,9,9
28828,62,69,-7,7
28829,98,99,-1,1
28830,100,103,-3,3
28831,142,131,11,11
28832,77,94,-17,17
28833,81,95,-14,14
28834,79,78,1,1
28835,78,72,6,6
28836,84,92,-8,8
28837,63,59,4,4
28838,94,95,-1,1
28839,89,89,0,0
28840,78,81,-3,3
28841,132,135,-3,3
28842,151,142,9,9
28843,156,142,14,14
28844,41,62,-21,21
28845,106,107,-1,1
28846,99,101,-2,2
28847,42,62,-20,20
28848,79,72,7,7
28849,60,70,-10,10
28850,136,142,-6,6
28851,130,126,4,4
28852,136,138,-2,2
28853,81,74,7,7
28854,112,107,5,5
28855,60,60,0,0
28856,93,80,13,13
28857,103,109,-6,6
28858,180,162,18,18
28859,93,95,-2,2
28860,172,158,14,14
28861,95,122,-27,27
28862,79,93,-14,14
28863,55,61,-6,6
28864,105,107,-2,2
28865,118,114,4,4
28866,111,107,4,4
28867,66,72,-6,6
28868,146,128,18,18
28869,81,116,-35,35
28870,75,70,5,5
28871,79,89,-10,10
28872,64,64,0,0
28873,97,101,-4,4
28874,103,102,1,1
28875,68,70,-2,2
28876,74,82,-8,8
28877,80,79,1,1
28878,90,87,3,3
28879,59,59,0,0
28880,109,113,-4,4
28881,90,91,-1,1
28882,71,79,-8,8
28883,108,108,0,0
28884,83,69,14,14
28885,130,122,8,8
28886,85,92,-7,7
28887,49,61,-12,12
28888,73,75,-2,2
28889,104,106,-2,2
28890,131,129,2,2
28891,69,66,3,3
28892,102,99,3,3
28893,74,74,0,0
28894,58,61,-3,3
28895,167,148,19,19
28896,144,131,13,13
28897,108,109,-1,1
28898,70,66,4,4
28899,84,90,-6,6
28900,50,62,-12,12
28901,68,70,-2,2
28902,128,129,-1,1
28903,106,117,-11,11
28904,63,63,0,0
28905,61,181,-120,120
28906,82,75,7,7
28907,100,106,-6,6
28908,92,93,-1,1
28909,75,83,-8,8
28910,132,123,9,9
28911,85,95,-10,10
28912,183,160,23,23
28913,115,106,9,9
28914,125,132,-7,7
28915,99,99,0,0
28916,102,102,0,0
28917,125,125,0,0
28918,75,74,1,1
28919,173,158,15,15
28920,66,70,-4,4
28921,90,81,9,9
28922,88,92,-4,4
28923,124,129,-5,5
28924,70,67,3,3
28925,93,90,3,3
28926,64,61,3,3
28927,60,61,-1,1
28928,134,133,1,1
28929,104,99,5,5
28930,44,62,-18,18
28931,109,97,12,12
28932,68,61,7,7
28933,81,91,-10,10
28934,103,109,-6,6
28935,99,104,-5,5
28936,80,80,0,0
28937,104,108,-4,4
28938,67,70,-3,3
28939,126,116,10,10
28940,53,62,-9,9
28941,135,126,9,9
28942,95,92,3,3
28943,95,100,-5,5
28944,63,66,-3,3
28945,140,121,19,19
28946,71,85,-14,14
28947,79,74,5,5
28948,47,93,-46,46
28949,87,100,-13,13
28950,57,64,-7,7
28951,81,81,0,0
28952,53,61,-8,8
28953,88,98,-10,10
28954,109,110,-1,1
28955,85,91,-6,6
28956,114,109,5,5
28957,81,87,-6,6
28958,85,96,-11,11
28959,95,97,-2,2
28960,61,68,-7,7
28961,65,64,1,1
28962,47,61,-14,14
28963,57,61,-4,4
28964,66,75,-9,9
28965,86,94,-8,8
28966,76,75,1,1
28967,143,129,14,14
28968,79,100,-21,21
28969,87,78,9,9
28970,99,100,-1,1
28971,103,115,-12,12
28972,83,76,7,7
28973,116,111,5,5
28974,128,121,7,7
28975,159,149,10,10
28976,113,105,8,8
28977,124,117,7,7
28978,81,91,-10,10
28979,66,62,4,4
28980,82,62,20,20
28981,58,68,-10,10
28982,101,110,-9,9
28983,67,77,-10,10
28984,97,91,6,6
28985,78,88,-10,10
28986,104,110,-6,6
28987,117,114,3,3
28988,82,93,-11,11
28989,125,126,-1,1
28990,152,154,-2,2
28991,92,97,-5,5
28992,128,114,14,14
28993,68,69,-1,1
28994,101,98,3,3
28995,96,98,-2,2
28996,98,101,-3,3
28997,134,122,12,12
28998,106,109,-3,3
28999,54,59,-5,5
29000,88,99,-11,11
29001,66,61,5,5
29002,99,99,0,0
29003,82,86,-4,4
29004,118,121,-3,3
29005,66,62,4,4
29006,96,98,-2,2
29007,139,131,8,8
29008,25,60,-35,35
29009,123,112,11,11
29010,130,122,8,8
29011,92,91,1,1
29012,80,88,-8,8
29013,67,59,8,8
29014,71,65,6,6
29015,92,96,-4,4
29016,113,102,11,11
29017,67,79,-12,12
29018,58,63,-5,5
29019,39,89,-50,50
29020,78,89,-11,11
29021,113,102,11,11
29022,50,63,-13,13
29023,66,66,0,0
29024,88,91,-3,3
29025,88,109,-21,21
29026,131,116,15,15
29027,64,85,-21,21
29028,91,92,-1,1
29029,101,96,5,5
29030,110,104,6,6
29031,56,64,-8,8
29032,77,75,2,2
29033,129,124,5,5
29034,91,105,-14,14
29035,97,103,-6,6
29036,98,100,-2,2
29037,75,78,-3,3
29038,109,97,12,12
29039,64,73,-9,9
29040,71,76,-5,5
29041,54,62,-8,8
29042,59,66,-7,7
29043,145,136,9,9
29044,86,76,10,10
29045,56,60,-4,4
29046,79,92,-13,13
29047,114,113,1,1
29048,65,71,-6,6
29049,104,97,7,7
29050,61,68,-7,7
29051,155,150,5,5
29052,106,99,7,7
29053,48,59,-11,11
29054,173,140,33,33
29055,31,60,-29,29
29056,87,95,-8,8
29057,147,140,7,7
29058,79,80,-1,1
29059,92,103,-11,11
29060,100,93,7,7
29061,118,129,-11,11
29062,83,87,-4,4
29063,72,71,1,1
29064,101,98,3,3
29065,83,91,-8,8
29066,94,99,-5,5
29067,103,109,-6,6
29068,73,76,-3,3
29069,179,166,13,13
29070,115,105,10,10
29071,85,79,6,6
29072,101,100,1,1
29073,130,126,4,4
29074,155,156,-1,1
29075,65,69,-4,4
29076,116,120,-4,4
29077,71,93,-22,22
29078,78,89,-11,11
29079,129,128,1,1
29080,78,70,8,8
29081,141,131,10,10
29082,139,126,13,13
29083,90,90,0,0
29084,174,158,16,16
29085,92,94,-2,2
29086,76,77,-1,1
29087,40,62,-22,22
29088,36,61,-25,25
29089,78,77,1,1
29090,89,94,-5,5
29091,63,67,-4,4
29092,79,74,5,5
29093,127,111,16,16
29094,61,70,-9,9
29095,118,105,13,13
29096,112,102,10,10
29097,131,124,7,7
29098,78,75,3,3
29099,95,95,0,0
29100,75,71,4,4
29101,170,161,9,9
29102,97,100,-3,3
29103,62,64,-2,2
29104,130,117,13,13
29105,116,129,-13,13
29106,72,81,-9,9
29107,89,88,1,1
29108,95,103,-8,8
29109,82,80,2,2
29110,54,63,-9,9
29111,102,101,1,1
29112,106,103,3,3
29113,138,128,10,10
29114,90,96,-6,6
29115,53,62,-9,9
29116,111,103,8,8
29117,91,93,-2,2
29118,84,92,-8,8
29119,116,104,12,12
29120,119,112,7,7
29121,82,87,-5,5
29122,102,98,4,4
29123,64,64,0,0
29124,40,61,-21,21
29125,104,106,-2,2
29126,73,70,3,3
29127,92,92,0,0
29128,127,108,19,19
29129,155,140,15,15
29130,82,89,-7,7
29131,86,92,-6,6
29132,61,61,0,0
29133,136,124,12,12
29134,123,134,-11,11
29135,40,61,-21,21
29136,103,96,7,7
29137,145,140,5,5
29138,92,106,-14,14
29139,60,81,-21,21
29140,71,68,3,3
29141,63,65,-2,2
29142,51,62,-11,11
29143,92,95,-3,3
29144,48,57,-9,9
29145,66,60,6,6
29146,165,147,18,18
29147,114,108,6,6
29148,48,58,-10,10
29149,121,120,1,1
29150,134,128,6,6
29151,68,63,5,5
29152,34,62,-28,28
29153,68,65,3,3
29154,72,72,0,0
29155,63,64,-1,1
29156,59,64,-5,5
29157,94,96,-2,2
29158,59,61,-2,2
29159,77,93,-16,16
29160,119,111,8,8
29161,134,129,5,5
29162,120,117,3,3
29163,90,86,4,4
29164,79,76,3,3
29165,70,73,-3,3
29166,103,99,4,4
29167,111,98,13,13
29168,62,63,-1,1
29169,139,123,16,16
29170,138,135,3,3
29171,213,208,5,5
29172,73,76,-3,3
29173,116,112,4,4
29174,135,133,2,2
29175,77,71,6,6
29176,89,83,6,6
29177,40,61,-21,21
29178,82,79,3,3
29179,101,109,-8,8
29180,81,99,-18,18
29181,159,150,9,9
29182,89,97,-8,8
29183,74,82,-8,8
29184,106,102,4,4
29185,53,62,-9,9
29186,98,116,-18,18
29187,96,95,1,1
29188,116,118,-2,2
29189,68,68,0,0
29190,74,77,-3,3
29191,167,162,5,5
29192,90,100,-10,10
29193,106,102,4,4
29194,62,60,2,2
29195,46,62,-16,16
29196,68,78,-10,10
29197,73,73,0,0
29198,78,79,-1,1
29199,58,62,-4,4
29200,129,120,9,9
29201,79,93,-14,14
29202,92,88,4,4
29203,34,60,-26,26
29204,81,64,17,17
29205,73,67,6,6
29206,171,164,7,7
29207,90,102,-12,12
29208,70,81,-11,11
29209,199,191,8,8
29210,68,63,5,5
29211,161,161,0,0
29212,46,61,-15,15
29213,61,63,-2,2
29214,112,109,3,3
29215,133,126,7,7
29216,91,89,2,2
29217,80,98,-18,18
29218,160,139,21,21
29219,90,91,-1,1
29220,103,96,7,7
29221,87,77,10,10
29222,148,132,16,16
29223,183,136,47,47
29224,87,88,-1,1
29225,161,147,14,14
29226,80,76,4,4
29227,128,126,2,2
29228,123,116,7,7
29229,159,143,16,16
29230,48,62,-14,14
29231,77,83,-6,6
29232,87,91,-4,4
29233,53,62,-9,9
29234,118,112,6,6
29235,89,69,20,20
29236,76,76,0,0
29237,145,130,15,15
29238,125,111,14,14
29239,97,106,-9,9
29240,49,60,-11,11
29241,62,79,-17,17
29242,81,91,-10,10
29243,136,132,4,4
29244,100,107,-7,7
29245,187,193,-6,6
29246,105,111,-6,6
29247,176,175,1,1
29248,113,109,4,4
29249,115,120,-5,5
29250,86,93,-7,7
29251,120,108,12,12
29252,74,81,-7,7
29253,86,99,-13,13
29254,99,112,-13,13
29255,70,66,4,4
29256,109,114,-5,5
29257,110,103,7,7
29258,102,106,-4,4
29259,156,143,13,13
29260,107,110,-3,3
29261,53,62,-9,9
29262,121,113,8,8
29263,97,121,-24,24
29264,103,111,-8,8
29265,66,63,3,3
29266,108,125,-17,17
29267,59,63,-4,4
29268,64,70,-6,6
29269,70,71,-1,1
29270,86,84,2,2
29271,118,109,9,9
29272,61,64,-3,3
29273,120,108,12,12
29274,112,112,0,0
29275,176,147,29,29
29276,61,64,-3,3
29277,89,101,-12,12
29278,115,103,12,12
29279,112,103,9,9
29280,110,108,2,2
29281,92,93,-1,1
29282,124,112,12,12
29283,60,61,-1,1
29284,70,66,4,4
29285,98,98,0,0
29286,77,81,-4,4
29287,60,61,-1,1
29288,149,143,6,6
29289,135,124,11,11
29290,71,68,3,3
29291,47,61,-14,14
29292,141,129,12,12
29293,76,89,-13,13
29294,85,78,7,7
29295,66,67,-1,1
29296,86,92,-6,6
29297,144,133,11,11
29298,74,77,-3,3
29299,181,164,17,17
29300,79,88,-9,9
29301,106,102,4,4
29302,138,125,13,13
29303,91,73,18,18
29304,76,74,2,2
29305,140,125,15,15
29306,77,79,-2,2
29307,54,63,-9,9
29308,71,71,0,0
29309,110,102,8,8
29310,90,90,0,0
29311,116,116,0,0
29312,83,88,-5,5
29313,59,63,-4,4
29314,92,95,-3,3
29315,144,133,11,11
29316,67,61,6,6
29317,105,101,4,4
29318,62,63,-1,1
29319,136,124,12,12
29320,111,111,0,0
29321,64,70,-6,6
29322,73,63,10,10
29323,86,96,-10,10
29324,84,85,-1,1
29325,74,84,-10,10
29326,135,131,4,4
29327,119,111,8,8
29328,83,92,-9,9
29329,102,101,1,1
29330,84,93,-9,9
29331,66,117,-51,51
29332,47,62,-15,15
29333,97,95,2,2
29334,106,107,-1,1
29335,75,73,2,2
29336,108,120,-12,12
29337,154,139,15,15
29338,91,88,3,3
29339,75,83,-8,8
29340,155,134,21,21
29341,75,91,-16,16
29342,211,179,32,32
29343,69,64,5,5
29344,52,62,-10,10
29345,84,71,13,13
29346,89,94,-5,5
29347,79,77,2,2
29348,78,89,-11,11
29349,90,88,2,2
29350,305,270,35,35
29351,83,91,-8,8
29352,193,179,14,14
29353,124,126,-2,2
29354,46,61,-15,15
29355,85,76,9,9
29356,84,89,-5,5
29357,98,99,-1,1
29358,72,77,-5,5
29359,60,67,-7,7
29360,102,100,2,2
29361,92,91,1,1
29362,102,101,1,1
29363,74,111,-37,37
29364,114,106,8,8
29365,86,98,-12,12
29366,114,114,0,0
29367,151,160,-9,9
29368,91,94,-3,3
29369,78,67,11,11
29370,153,144,9,9
29371,80,94,-14,14
29372,108,107,1,1
29373,88,79,9,9
29374,153,134,19,19
29375,71,81,-10,10
29376,95,102,-7,7
29377,127,115,12,12
29378,139,137,2,2
29379,46,62,-16,16
29380,124,117,7,7
29381,93,97,-4,4
29382,114,106,8,8
29383,93,90,3,3
29384,67,64,3,3
29385,110,109,1,1
29386,63,68,-5,5
29387,70,63,7,7
29388,87,89,-2,2
29389,122,116,6,6
29390,107,111,-4,4
29391,153,145,8,8
29392,94,98,-4,4
29393,101,101,0,0
29394,78,85,-7,7
29395,82,97,-15,15
29396,88,90,-2,2
29397,94,95,-1,1
29398,37,61,-24,24
29399,67,67,0,0
29400,85,94,-9,9
29401,105,96,9,9
29402,40,61,-21,21
29403,194,181,13,13
29404,123,119,4,4
29405,87,80,7,7
29406,102,100,2,2
29407,145,135,10,10
29408,68,65,3,3
29409,159,140,19,19
29410,82,88,-6,6
29411,83,69,14,14
29412,82,79,3,3
29413,69,62,7,7
29414,103,114,-11,11
29415,105,106,-1,1
29416,100,112,-12,12
29417,55,62,-7,7
29418,80,83,-3,3
29419,73,81,-8,8
29420,51,62,-11,11
29421,124,121,3,3
29422,52,62,-10,10
29423,115,138,-23,23
29424,116,110,6,6
29425,101,105,-4,4
29426,63,56,7,7
29427,52,62,-10,10
29428,84,78,6,6
29429,142,137,5,5
29430,71,75,-4,4
29431,82,97,-15,15
29432,85,97,-12,12
29433,74,72,2,2
29434,61,60,1,1
29435,107,113,-6,6
29436,98,98,0,0
29437,80,86,-6,6
29438,69,75,-6,6
29439,64,65,-1,1
29440,137,123,14,14
29441,77,72,5,5
29442,94,105,-11,11
29443,86,82,4,4
29444,60,61,-1,1
29445,54,67,-13,13
29446,62,63,-1,1
29447,86,109,-23,23
29448,60,61,-1,1
29449,64,64,0,0
29450,91,97,-6,6
29451,71,66,5,5
29452,78,91,-13,13
29453,104,103,1,1
29454,103,104,-1,1
29455,167,165,2,2
29456,129,111,18,18
29457,125,193,-68,68
29458,108,115,-7,7
29459,77,81,-4,4
29460,121,122,-1,1
29461,77,74,3,3
29462,61,66,-5,5
29463,67,66,1,1
29464,96,95,1,1
29465,113,119,-6,6
29466,70,68,2,2
29467,79,72,7,7
29468,91,95,-4,4
29469,86,95,-9,9
29470,74,71,3,3
29471,78,87,-9,9
29472,117,112,5,5
29473,82,70,12,12
29474,79,88,-9,9
29475,138,147,-9,9
29476,92,91,1,1
29477,69,64,5,5
29478,81,95,-14,14
29479,73,76,-3,3
29480,100,104,-4,4
29481,51,62,-11,11
29482,60,61,-1,1
29483,109,102,7,7
29484,131,126,5,5
29485,71,74,-3,3
29486,77,88,-11,11
29487,97,110,-13,13
29488,69,67,2,2
29489,124,114,10,10
29490,69,66,3,3
29491,131,124,7,7
29492,87,93,-6,6
29493,178,169,9,9
29494,111,113,-2,2
29495,122,108,14,14
29496,155,137,18,18
29497,136,114,22,22
29498,113,118,-5,5
29499,64,69,-5,5
29500,111,108,3,3
29501,94,99,-5,5
29502,58,64,-6,6
29503,89,84,5,5
29504,82,77,5,5
29505,87,98,-11,11
29506,50,61,-11,11
29507,79,76,3,3
29508,140,122,18,18
29509,134,235,-101,101
29510,119,108,11,11
29511,140,137,3,3
29512,119,116,3,3
29513,52,61,-9,9
29514,124,133,-9,9
29515,131,127,4,4
29516,45,61,-16,16
29517,70,67,3,3
29518,99,101,-2,2
29519,82,77,5,5
29520,73,70,3,3
29521,120,124,-4,4
29522,107,114,-7,7
29523,88,92,-4,4
29524,82,81,1,1
29525,59,60,-1,1
29526,90,102,-12,12
29527,56,64,-8,8
29528,113,113,0,0
29529,78,71,7,7
29530,61,71,-10,10
29531,89,93,-4,4
29532,44,60,-16,16
29533,62,62,0,0
29534,111,112,-1,1
29535,75,77,-2,2
29536,74,75,-1,1
29537,79,71,8,8
29538,89,94,-5,5
29539,94,97,-3,3
29540,116,109,7,7
29541,120,115,5,5
29542,180,162,18,18
29543,48,62,-14,14
29544,85,90,-5,5
29545,112,104,8,8
29546,114,136,-22,22
29547,78,87,-9,9
29548,111,123,-12,12
29549,71,71,0,0
29550,64,67,-3,3
29551,47,62,-15,15
29552,85,92,-7,7
29553,90,100,-10,10
29554,137,121,16,16
29555,138,135,3,3
29556,64,58,6,6
29557,78,72,6,6
29558,42,60,-18,18
29559,98,97,1,1
29560,59,62,-3,3
29561,76,90,-14,14
29562,106,102,4,4
29563,33,61,-28,28
29564,121,124,-3,3
29565,108,100,8,8
29566,76,83,-7,7
29567,64,60,4,4
29568,73,63,10,10
29569,112,108,4,4
29570,105,102,3,3
29571,59,67,-8,8
29572,205,170,35,35
29573,78,87,-9,9
29574,79,94,-15,15
29575,123,124,-1,1
29576,83,85,-2,2
29577,115,116,-1,1
29578,75,74,1,1
29579,86,93,-7,7
29580,111,124,-13,13
29581,82,110,-28,28
29582,157,150,7,7
29583,58,62,-4,4
29584,101,99,2,2
29585,99,103,-4,4
29586,96,98,-2,2
29587,133,140,-7,7
29588,93,95,-2,2
29589,79,72,7,7
29590,87,71,16,16
29591,101,108,-7,7
29592,73,71,2,2
29593,76,77,-1,1
29594,110,106,4,4
29595,100,100,0,0
29596,87,92,-5,5
29597,126,127,-1,1
29598,81,75,6,6
29599,70,82,-12,12
29600,139,136,3,3
29601,74,70,4,4
29602,147,119,28,28
29603,92,88,4,4
29604,133,112,21,21
29605,87,91,-4,4
29606,96,99,-3,3
29607,70,106,-36,36
29608,75,82,-7,7
29609,121,116,5,5
29610,88,92,-4,4
29611,96,101,-5,5
29612,196,163,33,33
29613,90,97,-7,7
29614,110,109,1,1
29615,59,64,-5,5
29616,131,121,10,10
29617,56,61,-5,5
29618,98,105,-7,7
29619,94,92,2,2
29620,73,82,-9,9
29621,52,61,-9,9
29622,97,92,5,5
29623,119,111,8,8
29624,94,87,7,7
29625,144,137,7,7
29626,128,120,8,8
29627,81,73,8,8
29628,101,97,4,4
29629,138,125,13,13
29630,68,67,1,1
29631,124,109,15,15
29632,61,75,-14,14
29633,118,107,11,11
29634,69,74,-5,5
29635,84,87,-3,3
29636,175,152,23,23
29637,54,62,-8,8
29638,72,83,-11,11
29639,82,75,7,7
29640,102,98,4,4
29641,107,105,2,2
29642,110,107,3,3
29643,128,122,6,6
29644,132,130,2,2
29645,80,87,-7,7
29646,60,64,-4,4
29647,54,62,-8,8
29648,89,97,-8,8
29649,90,98,-8,8
29650,62,86,-24,24
29651,64,84,-20,20
29652,74,66,8,8
29653,123,203,-80,80
29654,77,78,-1,1
29655,79,75,4,4
29656,88,92,-4,4
29657,77,95,-18,18
29658,96,107,-11,11
29659,80,81,-1,1
29660,104,100,4,4
29661,46,59,-13,13
29662,70,78,-8,8
29663,93,101,-8,8
29664,103,101,2,2
29665,117,104,13,13
29666,80,85,-5,5
29667,93,98,-5,5
29668,88,94,-6,6
29669,101,100,1,1
29670,69,71,-2,2
29671,97,98,-1,1
29672,56,63,-7,7
29673,101,98,3,3
29674,122,118,4,4
29675,95,108,-13,13
29676,113,113,0,0
29677,150,151,-1,1
29678,164,161,3,3
29679,87,93,-6,6
29680,128,122,6,6
29681,66,72,-6,6
29682,68,62,6,6
29683,120,113,7,7
29684,151,146,5,5
29685,72,63,9,9
29686,89,97,-8,8
29687,231,221,10,10
29688,49,67,-18,18
29689,68,63,5,5
29690,81,81,0,0
29691,96,100,-4,4
29692,123,108,15,15
29693,88,90,-2,2
29694,188,171,17,17
29695,78,68,10,10
29696,78,80,-2,2
29697,105,109,-4,4
29698,102,101,1,1
29699,74,88,-14,14
29700,74,83,-9,9
29701,63,66,-3,3
29702,106,104,2,2
29703,90,85,5,5
29704,100,100,0,0
29705,106,105,1,1
29706,74,74,0,0
29707,75,84,-9,9
29708,119,128,-9,9
29709,115,115,0,0
29710,125,116,9,9
29711,106,102,4,4
29712,113,114,-1,1
29713,81,80,1,1
29714,84,80,4,4
29715,79,93,-14,14
29716,129,118,11,11
29717,55,62,-7,7
29718,99,103,-4,4
29719,88,94,-6,6
29720,129,112,17,17
29721,92,94,-2,2
29722,113,114,-1,1
29723,67,63,4,4
29724,96,106,-10,10
29725,64,68,-4,4
29726,132,141,-9,9
29727,172,150,22,22
29728,104,106,-2,2
29729,83,81,2,2
29730,70,89,-19,19
29731,104,104,0,0
29732,78,67,11,11
29733,66,83,-17,17
29734,81,82,-1,1
29735,63,66,-3,3
29736,74,81,-7,7
29737,109,97,12,12
29738,70,69,1,1
29739,91,83,8,8
29740,95,97,-2,2
29741,76,81,-5,5
29742,68,64,4,4
29743,92,93,-1,1
29744,65,66,-1,1
29745,36,61,-25,25
29746,105,106,-1,1
29747,110,107,3,3
29748,121,114,7,7
29749,49,62,-13,13
29750,98,83,15,15
29751,117,110,7,7
29752,52,110,-58,58
29753,84,91,-7,7
29754,148,138,10,10
29755,63,62,1,1
29756,63,71,-8,8
29757,92,98,-6,6
29758,85,81,4,4
29759,93,94,-1,1
29760,88,70,18,18
29761,80,84,-4,4
29762,83,89,-6,6
29763,61,66,-5,5
29764,76,72,4,4
29765,81,92,-11,11
29766,75,66,9,9
29767,61,62,-1,1
29768,110,107,3,3
29769,91,90,1,1
29770,63,61,2,2
29771,126,124,2,2
29772,102,94,8,8
29773,102,100,2,2
29774,107,103,4,4
29775,49,60,-11,11
29776,71,77,-6,6
29777,70,89,-19,19
29778,94,101,-7,7
29779,201,187,14,14
29780,80,92,-12,12
29781,62,64,-2,2
29782,97,97,0,0
29783,77,79,-2,2
29784,74,103,-29,29
29785,55,61,-6,6
29786,88,86,2,2
29787,27,63,-36,36
29788,64,62,2,2
29789,95,111,-16,16
29790,74,76,-2,2
29791,99,109,-10,10
29792,68,64,4,4
29793,65,67,-2,2
29794,97,101,-4,4
29795,73,79,-6,6
29796,88,107,-19,19
29797,121,127,-6,6
29798,102,95,7,7
29799,101,107,-6,6
29800,78,89,-11,11
29801,156,142,14,14
29802,76,91,-15,15
29803,66,63,3,3
29804,91,105,-14,14
29805,82,74,8,8
29806,150,144,6,6
29807,46,62,-16,16
29808,164,158,6,6
29809,134,129,5,5
29810,124,116,8,8
29811,75,75,0,0
29812,64,74,-10,10
29813,207,185,22,22
29814,125,127,-2,2
29815,143,134,9,9
29816,79,71,8,8
29817,62,63,-1,1
29818,149,147,2,2
29819,136,128,8,8
29820,48,61,-13,13
29821,117,107,10,10
29822,50,61,-11,11
29823,88,90,-2,2
29824,62,64,-2,2
29825,37,61,-24,24
29826,142,128,14,14
29827,59,61,-2,2
29828,123,117,6,6
29829,78,77,1,1
29830,117,110,7,7
29831,84,94,-10,10
29832,191,168,23,23
29833,176,155,21,21
29834,68,66,2,2
29835,58,61,-3,3
29836,74,77,-3,3
29837,166,152,14,14
29838,178,168,10,10
29839,102,102,0,0
29840,106,104,2,2
29841,121,123,-2,2
29842,157,151,6,6
29843,60,62,-2,2
29844,116,109,7,7
29845,133,129,4,4
29846,50,61,-11,11
29847,90,95,-5,5
29848,138,129,9,9
29849,216,201,15,15
29850,114,114,0,0
29851,107,105,2,2
29852,68,63,5,5
29853,52,61,-9,9
29854,139,127,12,12
29855,98,91,7,7
29856,143,133,10,10
29857,97,91,6,6
29858,80,91,-11,11
29859,60,60,0,0
29860,104,101,3,3
29861,102,120,-18,18
29862,155,146,9,9
29863,157,141,16,16
29864,122,110,12,12
29865,89,92,-3,3
29866,68,65,3,3
29867,68,65,3,3
29868,102,108,-6,6
29869,107,113,-6,6
29870,62,62,0,0
29871,145,147,-2,2
29872,92,93,-1,1
29873,113,106,7,7
29874,72,66,6,6
29875,67,67,0,0
29876,86,88,-2,2
29877,78,87,-9,9
29878,94,98,-4,4
29879,103,97,6,6
29880,145,145,0,0
29881,74,83,-9,9
29882,128,131,-3,3
29883,146,123,23,23
29884,54,58,-4,4
29885,162,142,20,20
29886,150,147,3,3
29887,57,62,-5,5
29888,118,120,-2,2
29889,37,61,-24,24
29890,121,108,13,13
29891,130,114,16,16
29892,62,66,-4,4
29893,66,69,-3,3
29894,119,107,12,12
29895,120,112,8,8
29896,100,120,-20,20
29897,121,127,-6,6
29898,85,110,-25,25
29899,99,97,2,2
29900,63,67,-4,4
29901,98,92,6,6
29902,62,61,1,1
29903,78,77,1,1
29904,61,63,-2,2
29905,110,102,8,8
29906,90,94,-4,4
29907,125,104,21,21
29908,59,61,-2,2
29909,83,76,7,7
29910,103,113,-10,10
29911,66,67,-1,1
29912,131,126,5,5
29913,72,79,-7,7
29914,56,62,-6,6
29915,110,118,-8,8
29916,72,74,-2,2
29917,120,124,-4,4
29918,82,90,-8,8
29919,79,85,-6,6
29920,169,153,16,16
29921,140,145,-5,5
29922,139,139,0,0
29923,53,61,-8,8
29924,93,104,-11,11
29925,95,91,4,4
29926,91,92,-1,1
29927,96,94,2,2
29928,115,112,3,3
29929,80,74,6,6
29930,61,60,1,1
29931,125,130,-5,5
29932,79,74,5,5
29933,113,106,7,7
29934,113,125,-12,12
29935,79,82,-3,3
29936,143,132,11,11
29937,69,91,-22,22
29938,71,96,-25,25
29939,67,68,-1,1
29940,53,62,-9,9
29941,132,137,-5,5
29942,129,122,7,7
29943,85,82,3,3
29944,107,108,-1,1
29945,143,132,11,11
29946,57,61,-4,4
29947,99,99,0,0
29948,54,62,-8,8
29949,102,109,-7,7
29950,64,65,-1,1
29951,86,103,-17,17
29952,88,89,-1,1
29953,170,150,20,20
29954,71,77,-6,6
29955,127,126,1,1
29956,61,66,-5,5
29957,63,67,-4,4
29958,46,61,-15,15
29959,78,74,4,4
29960,85,95,-10,10
29961,86,76,10,10
29962,91,84,7,7
29963,75,67,8,8
29964,75,75,0,0
29965,73,105,-32,32
29966,74,70,4,4
29967,69,77,-8,8
29968,77,66,11,11
29969,119,116,3,3
29970,77,93,-16,16
29971,143,135,8,8
29972,132,131,1,1
29973,89,96,-7,7
29974,60,61,-1,1
29975,131,129,2,2
29976,83,80,3,3
29977,80,84,-4,4
29978,92,91,1,1
29979,187,182,5,5
29980,128,124,4,4
29981,151,138,13,13
29982,44,61,-17,17
29983,83,94,-11,11
29984,78,71,7,7
29985,81,89,-8,8
29986,73,84,-11,11
29987,138,134,4,4
29988,45,62,-17,17
29989,58,63,-5,5
29990,105,106,-1,1
29991,103,104,-1,1
29992,91,93,-2,2
29993,48,61,-13,13
29994,74,82,-8,8
29995,104,94,10,10
29996,69,72,-3,3
29997,62,62,0,0
29998,140,149,-9,9
29999,129,148,-19,19
30000,98,96,2,2
30001,99,99,0,0
30002,71,66,5,5
30003,149,155,-6,6
30004,101,103,-2,2
30005,114,123,-9,9
30006,181,164,17,17
30007,112,120,-8,8
30008,112,111,1,1
30009,95,102,-7,7
30010,133,130,3,3
30011,168,147,21,21
30012,24,62,-38,38
30013,119,113,6,6
30014,102,99,3,3
30015,84,82,2,2
30016,134,126,8,8
30017,69,65,4,4
30018,66,63,3,3
30019,74,67,7,7
30020,113,110,3,3
30021,64,68,-4,4
30022,79,77,2,2
30023,103,89,14,14
30024,107,105,2,2
30025,66,74,-8,8
30026,88,91,-3,3
30027,158,156,2,2
30028,123,111,12,12
30029,73,78,-5,5
30030,105,106,-1,1
30031,65,68,-3,3
30032,119,118,1,1
30033,68,65,3,3
30034,64,63,1,1
30035,74,72,2,2
30036,23,63,-40,40
30037,97,97,0,0
30038,124,117,7,7
30039,72,73,-1,1
30040,132,124,8,8
30041,42,62,-20,20
30042,121,109,12,12
30043,89,86,3,3
30044,113,108,5,5
30045,114,109,5,5
30046,57,61,-4,4
30047,63,62,1,1
30048,121,117,4,4
30049,144,131,13,13
30050,118,114,4,4
30051,64,65,-1,1
30052,121,114,7,7
30053,135,124,11,11
30054,80,103,-23,23
30055,110,104,6,6
30056,100,101,-1,1
30057,94,101,-7,7
30058,83,78,5,5
30059,87,95,-8,8
30060,67,66,1,1
30061,95,103,-8,8
30062,88,85,3,3
30063,93,99,-6,6
30064,91,80,11,11
30065,133,123,10,10
30066,77,100,-23,23
30067,106,109,-3,3
30068,53,62,-9,9
30069,89,95,-6,6
30070,154,129,25,25
30071,98,105,-7,7
30072,54,62,-8,8
30073,79,85,-6,6
30074,115,112,3,3
30075,135,132,3,3
30076,81,80,1,1
30077,56,70,-14,14
30078,54,64,-10,10
30079,73,62,11,11
30080,80,90,-10,10
30081,114,108,6,6
30082,170,176,-6,6
30083,124,115,9,9
30084,63,64,-1,1
30085,93,110,-17,17
30086,77,78,-1,1
30087,178,170,8,8
30088,67,65,2,2
30089,72,63,9,9
30090,60,59,1,1
30091,64,67,-3,3
30092,85,80,5,5
30093,158,147,11,11
30094,124,112,12,12
30095,70,119,-49,49
30096,61,68,-7,7
30097,110,120,-10,10
30098,94,101,-7,7
30099,161,145,16,16
30100,98,106,-8,8
30101,165,150,15,15
30102,82,92,-10,10
30103,102,112,-10,10
30104,105,103,2,2
30105,85,97,-12,12
30106,106,110,-4,4
30107,91,103,-12,12
30108,86,93,-7,7
30109,44,61,-17,17
30110,96,104,-8,8
30111,114,107,7,7
30112,83,84,-1,1
30113,24,60,-36,36
30114,75,82,-7,7
30115,140,143,-3,3
30116,46,62,-16,16
30117,80,81,-1,1
30118,82,101,-19,19
30119,125,119,6,6
30120,56,62,-6,6
30121,76,80,-4,4
30122,44,62,-18,18
30123,102,94,8,8
30124,146,137,9,9
30125,46,61,-15,15
30126,80,89,-9,9
30127,117,121,-4,4
30128,85,82,3,3
30129,60,63,-3,3
30130,81,94,-13,13
30131,42,61,-19,19
30132,79,101,-22,22
30133,98,95,3,3
30134,110,104,6,6
30135,74,71,3,3
30136,54,61,-7,7
30137,113,117,-4,4
30138,78,94,-16,16
30139,52,62,-10,10
30140,449,502,-53,53
30141,121,121,0,0
30142,68,66,2,2
30143,35,60,-25,25
30144,36,61,-25,25
30145,81,90,-9,9
30146,155,144,11,11
30147,207,183,24,24
30148,105,110,-5,5
30149,66,73,-7,7
30150,105,94,11,11
30151,63,61,2,2
30152,97,96,1,1
30153,114,106,8,8
30154,69,67,2,2
30155,181,170,11,11
30156,58,64,-6,6
30157,56,60,-4,4
30158,41,62,-21,21
30159,61,64,-3,3
30160,108,119,-11,11
30161,113,109,4,4
30162,46,61,-15,15
30163,85,80,5,5
30164,109,111,-2,2
30165,144,139,5,5
30166,45,75,-30,30
30167,56,59,-3,3
30168,71,67,4,4
30169,83,73,10,10
30170,72,75,-3,3
30171,92,87,5,5
30172,97,118,-21,21
30173,52,60,-8,8
30174,135,133,2,2
30175,69,71,-2,2
30176,88,93,-5,5
30177,79,75,4,4
30178,74,72,2,2
30179,74,77,-3,3
30180,102,110,-8,8
30181,154,133,21,21
30182,225,205,20,20
30183,98,106,-8,8
30184,77,81,-4,4
30185,164,142,22,22
30186,144,116,28,28
30187,75,71,4,4
30188,142,142,0,0
30189,115,115,0,0
30190,81,85,-4,4
30191,103,109,-6,6
30192,94,102,-8,8
30193,76,95,-19,19
30194,50,63,-13,13
30195,108,118,-10,10
30196,146,134,12,12
30197,90,94,-4,4
30198,129,123,6,6
30199,74,94,-20,20
30200,105,101,4,4
30201,91,94,-3,3
30202,121,125,-4,4
30203,109,96,13,13
30204,85,101,-16,16
30205,111,114,-3,3
30206,136,126,10,10
30207,74,71,3,3
30208,89,100,-11,11
30209,102,101,1,1
30210,63,62,1,1
30211,113,112,1,1
30212,92,82,10,10
30213,87,94,-7,7
30214,98,95,3,3
30215,111,115,-4,4
30216,116,115,1,1
30217,133,141,-8,8
30218,160,146,14,14
30219,86,90,-4,4
30220,132,125,7,7
30221,110,109,1,1
30222,53,62,-9,9
30223,95,97,-2,2
30224,88,93,-5,5
30225,56,61,-5,5
30226,75,79,-4,4
30227,76,76,0,0
30228,47,62,-15,15
30229,96,94,2,2
30230,39,60,-21,21
30231,159,140,19,19
30232,61,62,-1,1
30233,53,61,-8,8
30234,84,87,-3,3
30235,85,83,2,2
30236,82,92,-10,10
30237,88,96,-8,8
30238,87,90,-3,3
30239,111,109,2,2
30240,161,149,12,12
30241,131,127,4,4
30242,89,82,7,7
30243,156,146,10,10
30244,61,62,-1,1
30245,94,103,-9,9
30246,102,91,11,11
30247,167,163,4,4
30248,182,165,17,17
30249,59,61,-2,2
30250,162,138,24,24
30251,132,127,5,5
30252,66,63,3,3
30253,88,91,-3,3
30254,106,93,13,13
30255,59,63,-4,4
30256,86,96,-10,10
30257,45,62,-17,17
30258,42,61,-19,19
30259,54,61,-7,7
30260,79,84,-5,5
30261,139,141,-2,2
30262,98,103,-5,5
30263,113,113,0,0
30264,87,95,-8,8
30265,55,63,-8,8
30266,47,62,-15,15
30267,93,101,-8,8
30268,55,62,-7,7
30269,113,142,-29,29
30270,87,81,6,6
30271,138,137,1,1
30272,106,102,4,4
30273,76,78,-2,2
30274,89,92,-3,3
30275,90,90,0,0
30276,119,114,5,5
30277,106,105,1,1
30278,89,90,-1,1
30279,80,91,-11,11
30280,77,79,-2,2
30281,138,123,15,15
30282,99,97,2,2
30283,70,80,-10,10
30284,107,108,-1,1
30285,64,65,-1,1
30286,123,119,4,4
30287,75,78,-3,3
30288,46,58,-12,12
30289,94,97,-3,3
30290,68,65,3,3
30291,116,121,-5,5
30292,68,76,-8,8
30293,42,60,-18,18
30294,74,62,12,12
30295,102,105,-3,3
30296,111,106,5,5
30297,102,111,-9,9
30298,155,171,-16,16
30299,97,100,-3,3
30300,75,70,5,5
30301,158,164,-6,6
30302,66,60,6,6
30303,72,65,7,7
30304,197,158,39,39
30305,133,117,16,16
30306,103,107,-4,4
30307,119,116,3,3
30308,88,94,-6,6
30309,56,64,-8,8
30310,59,68,-9,9
30311,73,91,-18,18
30312,100,98,2,2
30313,83,75,8,8
30314,104,105,-1,1
30315,91,99,-8,8
30316,86,93,-7,7
30317,62,60,2,2
30318,90,102,-12,12
30319,79,76,3,3
30320,127,126,1,1
30321,108,117,-9,9
30322,38,69,-31,31
30323,63,75,-12,12
30324,55,62,-7,7
30325,111,96,15,15
30326,53,63,-10,10
30327,77,71,6,6
30328,143,138,5,5
30329,136,129,7,7
30330,47,61,-14,14
30331,85,80,5,5
30332,96,100,-4,4
30333,87,87,0,0
30334,87,90,-3,3
30335,144,126,18,18
30336,105,101,4,4
30337,96,104,-8,8
30338,78,86,-8,8
30339,140,147,-7,7
30340,69,65,4,4
30341,41,59,-18,18
30342,73,87,-14,14
30343,75,83,-8,8
30344,54,64,-10,10
30345,71,70,1,1
30346,92,99,-7,7
30347,78,87,-9,9
30348,106,104,2,2
30349,77,84,-7,7
30350,74,87,-13,13
30351,59,61,-2,2
30352,94,109,-15,15
30353,86,83,3,3
30354,102,111,-9,9
30355,87,96,-9,9
30356,121,119,2,2
30357,75,67,8,8
30358,108,104,4,4
30359,174,151,23,23
30360,119,113,6,6
30361,84,95,-11,11
30362,98,98,0,0
30363,84,94,-10,10
30364,89,86,3,3
30365,87,78,9,9
30366,43,58,-15,15
30367,95,103,-8,8
30368,62,64,-2,2
30369,97,104,-7,7
30370,110,105,5,5
30371,102,108,-6,6
30372,95,101,-6,6
30373,84,92,-8,8
30374,88,99,-11,11
30375,101,101,0,0
30376,154,149,5,5
30377,159,149,10,10
30378,103,104,-1,1
30379,75,77,-2,2
30380,119,105,14,14
30381,27,62,-35,35
30382,77,85,-8,8
30383,169,148,21,21
30384,151,147,4,4
30385,72,65,7,7
30386,145,124,21,21
30387,62,67,-5,5
30388,52,68,-16,16
30389,69,79,-10,10
30390,74,72,2,2
30391,102,122,-20,20
30392,91,97,-6,6
30393,93,93,0,0
30394,81,84,-3,3
30395,137,130,7,7
30396,157,153,4,4
30397,48,61,-13,13
30398,122,122,0,0
30399,64,67,-3,3
30400,175,157,18,18
30401,74,62,12,12
30402,47,62,-15,15
30403,103,100,3,3
30404,88,94,-6,6
30405,64,100,-36,36
30406,94,95,-1,1
30407,111,108,3,3
30408,209,187,22,22
30409,80,80,0,0
30410,108,113,-5,5
30411,103,103,0,0
30412,93,118,-25,25
30413,86,94,-8,8
30414,105,105,0,0
30415,110,106,4,4
30416,82,90,-8,8
30417,69,65,4,4
30418,43,61,-18,18
30419,74,84,-10,10
30420,131,115,16,16
30421,137,136,1,1
30422,110,133,-23,23
30423,61,65,-4,4
30424,90,92,-2,2
30425,78,72,6,6
30426,82,90,-8,8
30427,82,89,-7,7
30428,66,67,-1,1
30429,136,136,0,0
30430,112,106,6,6
30431,71,73,-2,2
30432,114,115,-1,1
30433,105,145,-40,40
30434,93,85,8,8
30435,122,123,-1,1
30436,167,158,9,9
30437,67,64,3,3
30438,62,84,-22,22
30439,116,110,6,6
30440,120,111,9,9
30441,126,118,8,8
30442,110,105,5,5
30443,85,91,-6,6
30444,124,143,-19,19
30445,129,130,-1,1
30446,99,113,-14,14
30447,172,156,16,16
30448,76,84,-8,8
30449,64,66,-2,2
30450,138,123,15,15
30451,59,62,-3,3
30452,123,134,-11,11
30453,140,122,18,18
30454,67,64,3,3
30455,211,185,26,26
30456,155,137,18,18
30457,84,99,-15,15
30458,125,123,2,2
30459,72,70,2,2
30460,121,123,-2,2
30461,121,122,-1,1
30462,141,140,1,1
30463,67,68,-1,1
30464,73,106,-33,33
30465,107,111,-4,4
30466,72,63,9,9
30467,65,68,-3,3
30468,82,80,2,2
30469,87,81,6,6
30470,87,82,5,5
30471,52,61,-9,9
30472,84,82,2,2
30473,81,77,4,4
30474,75,79,-4,4
30475,126,128,-2,2
30476,45,61,-16,16
30477,48,61,-13,13
30478,77,78,-1,1
30479,150,130,20,20
30480,100,101,-1,1
30481,128,132,-4,4
30482,86,90,-4,4
30483,72,64,8,8
30484,108,109,-1,1
30485,61,58,3,3
30486,121,121,0,0
30487,132,130,2,2
30488,112,120,-8,8
30489,148,141,7,7
30490,89,103,-14,14
30491,47,61,-14,14
30492,75,77,-2,2
30493,113,127,-14,14
30494,82,98,-16,16
30495,82,86,-4,4
30496,155,140,15,15
30497,114,108,6,6
30498,85,98,-13,13
30499,97,101,-4,4
30500,117,107,10,10
30501,57,60,-3,3
30502,121,117,4,4
30503,50,61,-11,11
30504,32,61,-29,29
30505,126,118,8,8
30506,85,91,-6,6
30507,45,61,-16,16
30508,105,99,6,6
30509,84,93,-9,9
30510,99,95,4,4
30511,129,104,25,25
30512,115,109,6,6
30513,127,127,0,0
30514,42,63,-21,21
30515,86,98,-12,12
30516,106,104,2,2
30517,108,104,4,4
30518,143,135,8,8
30519,98,105,-7,7
30520,131,106,25,25
30521,117,114,3,3
30522,82,78,4,4
30523,79,80,-1,1
30524,58,60,-2,2
30525,96,93,3,3
30526,105,96,9,9
30527,103,108,-5,5
30528,72,92,-20,20
30529,108,115,-7,7
30530,155,145,10,10
30531,164,146,18,18
30532,60,63,-3,3
30533,130,118,12,12
30534,123,115,8,8
30535,104,108,-4,4
30536,79,73,6,6
30537,136,127,9,9
30538,130,125,5,5
30539,135,122,13,13
30540,77,77,0,0
30541,136,126,10,10
30542,107,111,-4,4
30543,127,118,9,9
30544,116,112,4,4
30545,132,125,7,7
30546,88,84,4,4
30547,74,77,-3,3
30548,71,87,-16,16
30549,53,59,-6,6
30550,57,61,-4,4
30551,189,170,19,19
30552,49,61,-12,12
30553,124,127,-3,3
30554,127,119,8,8
30555,45,64,-19,19
30556,110,125,-15,15
30557,104,110,-6,6
30558,82,89,-7,7
30559,133,125,8,8
30560,229,203,26,26
30561,64,70,-6,6
30562,107,99,8,8
30563,109,112,-3,3
30564,174,155,19,19
30565,176,163,13,13
30566,101,94,7,7
30567,113,108,5,5
30568,139,126,13,13
30569,56,62,-6,6
30570,75,75,0,0
30571,89,92,-3,3
30572,34,59,-25,25
30573,130,128,2,2
30574,81,76,5,5
30575,103,116,-13,13
30576,99,102,-3,3
30577,136,133,3,3
30578,37,61,-24,24
30579,82,77,5,5
30580,125,120,5,5
30581,121,114,7,7
30582,94,94,0,0
30583,67,65,2,2
30584,110,121,-11,11
30585,82,84,-2,2
30586,106,116,-10,10
30587,154,145,9,9
30588,97,125,-28,28
30589,65,66,-1,1
30590,81,93,-12,12
30591,53,60,-7,7
30592,123,112,11,11
30593,123,112,11,11
30594,60,61,-1,1
30595,59,64,-5,5
30596,71,100,-29,29
30597,154,142,12,12
30598,89,93,-4,4
30599,89,85,4,4
30600,95,92,3,3
30601,78,80,-2,2
30602,79,85,-6,6
30603,132,127,5,5
30604,124,132,-8,8
30605,125,118,7,7
30606,73,70,3,3
30607,109,113,-4,4
30608,84,85,-1,1
30609,114,116,-2,2
30610,98,102,-4,4
30611,229,210,19,19
30612,118,123,-5,5
30613,105,103,2,2
30614,56,63,-7,7
30615,86,89,-3,3
30616,72,76,-4,4
30617,144,162,-18,18
30618,151,140,11,11
30619,91,92,-1,1
30620,134,132,2,2
30621,142,132,10,10
30622,119,117,2,2
30623,115,109,6,6
30624,122,122,0,0
30625,121,114,7,7
30626,145,152,-7,7
30627,151,147,4,4
30628,99,93,6,6
30629,90,94,-4,4
30630,115,142,-27,27
30631,65,90,-25,25
30632,90,93,-3,3
30633,78,81,-3,3
30634,65,71,-6,6
30635,77,77,0,0
30636,64,66,-2,2
30637,204,207,-3,3
30638,134,141,-7,7
30639,144,127,17,17
30640,127,124,3,3
30641,88,82,6,6
30642,61,64,-3,3
30643,118,119,-1,1
30644,91,93,-2,2
30645,143,122,21,21
30646,166,143,23,23
30647,77,70,7,7
30648,97,93,4,4
30649,97,101,-4,4
30650,98,89,9,9
30651,71,70,1,1
30652,77,71,6,6
30653,145,135,10,10
30654,127,121,6,6
30655,144,135,9,9
30656,128,118,10,10
30657,148,137,11,11
30658,67,62,5,5
30659,147,144,3,3
30660,85,99,-14,14
30661,98,102,-4,4
30662,72,72,0,0
30663,74,77,-3,3
30664,111,114,-3,3
30665,80,78,2,2
30666,73,69,4,4
30667,79,83,-4,4
30668,90,81,9,9
30669,104,101,3,3
30670,70,70,0,0
30671,99,104,-5,5
30672,64,65,-1,1
30673,68,68,0,0
30674,96,97,-1,1
30675,44,61,-17,17
30676,84,91,-7,7
30677,81,77,4,4
30678,152,142,10,10
30679,69,75,-6,6
30680,86,108,-22,22
30681,89,97,-8,8
30682,151,143,8,8
30683,80,91,-11,11
30684,97,116,-19,19
30685,55,62,-7,7
30686,126,116,10,10
30687,110,117,-7,7
30688,112,121,-9,9
30689,156,138,18,18
30690,52,75,-23,23
30691,88,93,-5,5
30692,98,108,-10,10
30693,131,123,8,8
30694,114,106,8,8
30695,154,152,2,2
30696,52,62,-10,10
30697,134,131,3,3
30698,60,62,-2,2
30699,68,69,-1,1
30700,119,117,2,2
30701,61,70,-9,9
30702,94,104,-10,10
30703,98,104,-6,6
30704,103,118,-15,15
30705,120,119,1,1
30706,97,100,-3,3
30707,126,117,9,9
30708,103,102,1,1
30709,97,101,-4,4
30710,89,90,-1,1
30711,69,66,3,3
30712,58,60,-2,2
30713,109,102,7,7
30714,91,83,8,8
30715,76,73,3,3
30716,206,190,16,16
30717,109,99,10,10
30718,167,154,13,13
30719,124,113,11,11
30720,68,66,2,2
30721,162,133,29,29
30722,92,97,-5,5
30723,160,154,6,6
30724,107,107,0,0
30725,104,96,8,8
30726,72,67,5,5
30727,59,62,-3,3
30728,102,96,6,6
30729,110,122,-12,12
30730,71,68,3,3
30731,96,97,-1,1
30732,117,114,3,3
30733,67,67,0,0
30734,64,72,-8,8
30735,111,112,-1,1
30736,54,61,-7,7
30737,70,70,0,0
30738,89,87,2,2
30739,125,132,-7,7
30740,81,100,-19,19
30741,132,121,11,11
30742,122,122,0,0
30743,83,91,-8,8
30744,49,60,-11,11
30745,134,115,19,19
30746,86,89,-3,3
30747,87,88,-1,1
30748,113,117,-4,4
30749,147,140,7,7
30750,57,70,-13,13
30751,81,79,2,2
30752,84,96,-12,12
30753,130,122,8,8
30754,103,100,3,3
30755,57,62,-5,5
30756,58,64,-6,6
30757,147,126,21,21
30758,136,130,6,6
30759,78,82,-4,4
30760,92,95,-3,3
30761,69,71,-2,2
30762,151,139,12,12
30763,155,149,6,6
30764,80,91,-11,11
30765,71,63,8,8
30766,113,168,-55,55
30767,129,118,11,11
30768,113,111,2,2
30769,82,93,-11,11
30770,69,58,11,11
30771,95,95,0,0
30772,86,91,-5,5
30773,86,82,4,4
30774,73,67,6,6
30775,84,92,-8,8
30776,99,98,1,1
30777,159,139,20,20
30778,94,98,-4,4
30779,93,96,-3,3
30780,52,61,-9,9
30781,92,95,-3,3
30782,77,92,-15,15
30783,83,92,-9,9
30784,145,141,4,4
30785,89,91,-2,2
30786,98,96,2,2
30787,128,129,-1,1
30788,70,86,-16,16
30789,85,91,-6,6
30790,94,95,-1,1
30791,63,70,-7,7
30792,120,111,9,9
30793,93,102,-9,9
30794,113,110,3,3
30795,164,166,-2,2
30796,121,116,5,5
30797,61,60,1,1
30798,100,57,43,43
30799,67,61,6,6
30800,107,112,-5,5
30801,56,59,-3,3
30802,79,85,-6,6
30803,116,150,-34,34
30804,139,132,7,7
30805,112,118,-6,6
30806,92,93,-1,1
30807,108,104,4,4
30808,124,133,-9,9
30809,158,155,3,3
30810,106,106,0,0
30811,132,122,10,10
30812,100,98,2,2
30813,64,100,-36,36
30814,128,122,6,6
30815,53,62,-9,9
30816,54,62,-8,8
30817,81,83,-2,2
30818,67,69,-2,2
30819,97,122,-25,25
30820,129,115,14,14
30821,122,106,16,16
30822,139,132,7,7
30823,44,62,-18,18
30824,131,131,0,0
30825,67,73,-6,6
30826,115,113,2,2
30827,53,59,-6,6
30828,84,84,0,0
30829,124,119,5,5
30830,74,66,8,8
30831,104,115,-11,11
30832,70,76,-6,6
30833,112,119,-7,7
30834,90,76,14,14
30835,83,102,-19,19
30836,71,74,-3,3
30837,81,84,-3,3
30838,124,137,-13,13
30839,161,158,3,3
30840,52,62,-10,10
30841,78,88,-10,10
30842,57,61,-4,4
30843,113,111,2,2
30844,105,98,7,7
30845,119,109,10,10
30846,48,59,-11,11
30847,123,122,1,1
30848,96,96,0,0
30849,124,113,11,11
30850,129,128,1,1
30851,125,122,3,3
30852,104,107,-3,3
30853,117,114,3,3
30854,151,142,9,9
30855,125,118,7,7
30856,87,98,-11,11
30857,71,72,-1,1
30858,58,61,-3,3
30859,127,134,-7,7
30860,143,128,15,15
30861,78,77,1,1
30862,114,120,-6,6
30863,49,61,-12,12
30864,86,92,-6,6
30865,81,94,-13,13
30866,85,90,-5,5
30867,158,139,19,19
30868,57,62,-5,5
30869,109,107,2,2
30870,95,95,0,0
30871,45,62,-17,17
30872,76,91,-15,15
30873,83,86,-3,3
30874,100,113,-13,13
30875,65,78,-13,13
30876,76,85,-9,9
30877,47,61,-14,14
30878,70,71,-1,1
30879,157,150,7,7
30880,204,170,34,34
30881,88,88,0,0
30882,93,93,0,0
30883,53,64,-11,11
30884,97,100,-3,3
30885,84,89,-5,5
30886,66,74,-8,8
30887,73,77,-4,4
30888,64,67,-3,3
30889,102,96,6,6
30890,56,63,-7,7
30891,73,79,-6,6
30892,78,89,-11,11
30893,64,70,-6,6
30894,89,94,-5,5
30895,108,109,-1,1
30896,79,68,11,11
30897,99,101,-2,2
30898,104,105,-1,1
30899,174,152,22,22
30900,76,82,-6,6
30901,67,78,-11,11
30902,103,101,2,2
30903,72,70,2,2
30904,65,76,-11,11
30905,79,88,-9,9
30906,39,69,-30,30
30907,42,61,-19,19
30908,43,61,-18,18
30909,130,124,6,6
30910,56,62,-6,6
30911,67,69,-2,2
30912,61,65,-4,4
30913,79,71,8,8
30914,122,107,15,15
30915,121,112,9,9
30916,87,79,8,8
30917,95,103,-8,8
30918,76,76,0,0
30919,98,90,8,8
30920,149,145,4,4
30921,37,62,-25,25
30922,91,77,14,14
30923,99,101,-2,2
30924,64,69,-5,5
30925,113,111,2,2
30926,82,85,-3,3
30927,71,71,0,0
30928,103,108,-5,5
30929,58,62,-4,4
30930,112,110,2,2
30931,61,63,-2,2
30932,60,67,-7,7
30933,118,121,-3,3
30934,48,62,-14,14
30935,86,75,11,11
30936,61,68,-7,7
30937,123,111,12,12
30938,151,144,7,7
30939,50,61,-11,11
30940,123,128,-5,5
30941,186,175,11,11
30942,59,63,-4,4
30943,141,136,5,5
30944,130,144,-14,14
30945,83,76,7,7
30946,63,64,-1,1
30947,168,147,21,21
30948,88,93,-5,5
30949,49,59,-10,10
30950,47,63,-16,16
30951,81,89,-8,8
30952,176,150,26,26
30953,58,60,-2,2
30954,48,62,-14,14
30955,117,115,2,2
30956,115,105,10,10
30957,120,115,5,5
30958,90,95,-5,5
30959,46,61,-15,15
30960,113,126,-13,13
30961,64,67,-3,3
30962,126,116,10,10
30963,153,136,17,17
30964,114,108,6,6
30965,182,177,5,5
30966,114,113,1,1
30967,91,93,-2,2
30968,116,110,6,6
30969,135,121,14,14
30970,70,70,0,0
30971,80,72,8,8
30972,50,65,-15,15
30973,90,94,-4,4
30974,50,62,-12,12
30975,144,124,20,20
30976,77,78,-1,1
30977,81,75,6,6
30978,41,62,-21,21
30979,80,83,-3,3
30980,97,95,2,2
30981,65,68,-3,3
30982,70,71,-1,1
30983,176,173,3,3
30984,143,133,10,10
30985,79,78,1,1
30986,122,117,5,5
30987,135,135,0,0
30988,85,95,-10,10
30989,50,60,-10,10
30990,88,89,-1,1
30991,120,108,12,12
30992,134,126,8,8
30993,74,89,-15,15
30994,86,93,-7,7
30995,95,96,-1,1
30996,56,64,-8,8
30997,92,92,0,0
30998,86,91,-5,5
30999,70,92,-22,22
31000,81,79,2,2
31001,113,112,1,1
31002,99,95,4,4
31003,77,80,-3,3
31004,31,60,-29,29
31005,99,99,0,0
31006,85,86,-1,1
31007,80,92,-12,12
31008,92,94,-2,2
31009,56,62,-6,6
31010,139,147,-8,8
31011,51,62,-11,11
31012,36,50,-14,14
31013,126,115,11,11
31014,76,76,0,0
31015,96,112,-16,16
31016,87,95,-8,8
31017,117,113,4,4
31018,102,104,-2,2
31019,89,95,-6,6
31020,107,98,9,9
31021,79,80,-1,1
31022,89,92,-3,3
31023,67,61,6,6
31024,114,111,3,3
31025,69,70,-1,1
31026,115,102,13,13
31027,168,169,-1,1
31028,84,99,-15,15
31029,79,68,11,11
31030,133,135,-2,2
31031,123,110,13,13
31032,102,111,-9,9
31033,123,112,11,11
31034,97,92,5,5
31035,89,95,-6,6
31036,92,98,-6,6
31037,171,150,21,21
31038,72,63,9,9
31039,92,101,-9,9
31040,54,63,-9,9
31041,113,116,-3,3
31042,110,100,10,10
31043,64,63,1,1
31044,64,63,1,1
31045,69,64,5,5
31046,81,85,-4,4
31047,101,102,-1,1
31048,92,101,-9,9
31049,85,95,-10,10
31050,58,61,-3,3
31051,124,114,10,10
31052,81,78,3,3
31053,108,101,7,7
31054,93,93,0,0
31055,70,59,11,11
31056,119,101,18,18
31057,65,66,-1,1
31058,90,87,3,3
31059,53,63,-10,10
31060,73,78,-5,5
31061,52,62,-10,10
31062,97,102,-5,5
31063,118,124,-6,6
31064,95,93,2,2
31065,89,91,-2,2
31066,66,66,0,0
31067,75,78,-3,3
31068,107,102,5,5
31069,63,63,0,0
31070,148,130,18,18
31071,110,108,2,2
31072,96,110,-14,14
31073,123,130,-7,7
31074,123,112,11,11
31075,106,103,3,3
31076,101,100,1,1
31077,105,108,-3,3
31078,94,103,-9,9
31079,53,65,-12,12
31080,53,63,-10,10
31081,116,114,2,2
31082,122,125,-3,3
31083,96,102,-6,6
31084,117,110,7,7
31085,105,102,3,3
31086,74,74,0,0
31087,43,62,-19,19
31088,110,109,1,1
31089,71,70,1,1
31090,72,67,5,5
31091,109,107,2,2
31092,142,138,4,4
31093,69,61,8,8
31094,127,131,-4,4
31095,113,118,-5,5
31096,61,63,-2,2
31097,108,105,3,3
31098,83,79,4,4
31099,58,64,-6,6
31100,107,105,2,2
31101,108,127,-19,19
31102,97,94,3,3
31103,101,92,9,9
31104,101,107,-6,6
31105,123,113,10,10
31106,68,69,-1,1
31107,89,90,-1,1
31108,47,62,-15,15
31109,128,111,17,17
31110,117,113,4,4
31111,94,92,2,2
31112,111,107,4,4
31113,51,62,-11,11
31114,65,81,-16,16
31115,79,99,-20,20
31116,140,139,1,1
31117,152,127,25,25
31118,108,109,-1,1
31119,115,106,9,9
31120,78,93,-15,15
31121,100,102,-2,2
31122,69,72,-3,3
31123,127,122,5,5
31124,64,61,3,3
31125,148,141,7,7
31126,105,99,6,6
31127,123,116,7,7
31128,56,62,-6,6
31129,60,70,-10,10
31130,100,95,5,5
31131,77,108,-31,31
31132,89,114,-25,25
31133,63,66,-3,3
31134,70,65,5,5
31135,74,67,7,7
31136,74,83,-9,9
31137,149,133,16,16
31138,60,64,-4,4
31139,115,169,-54,54
31140,65,67,-2,2
31141,95,92,3,3
31142,126,139,-13,13
31143,84,95,-11,11
31144,114,101,13,13
31145,130,121,9,9
31146,117,111,6,6
31147,135,141,-6,6
31148,110,113,-3,3
31149,74,68,6,6
31150,91,96,-5,5
31151,102,100,2,2
31152,76,88,-12,12
31153,81,110,-29,29
31154,117,111,6,6
31155,58,63,-5,5
31156,52,69,-17,17
31157,44,60,-16,16
31158,126,128,-2,2
31159,102,103,-1,1
31160,68,62,6,6
31161,96,112,-16,16
31162,116,100,16,16
31163,96,92,4,4
31164,44,60,-16,16
31165,49,61,-12,12
31166,109,111,-2,2
31167,40,60,-20,20
31168,84,115,-31,31
31169,57,61,-4,4
31170,85,93,-8,8
31171,44,60,-16,16
31172,77,76,1,1
31173,70,82,-12,12
31174,63,70,-7,7
31175,75,71,4,4
31176,88,92,-4,4
31177,98,98,0,0
31178,66,85,-19,19
31179,78,71,7,7
31180,95,102,-7,7
31181,99,128,-29,29
31182,20,96,-76,76
31183,88,95,-7,7
31184,165,152,13,13
31185,127,119,8,8
31186,55,61,-6,6
31187,145,136,9,9
31188,72,67,5,5
31189,84,81,3,3
31190,62,63,-1,1
31191,107,102,5,5
31192,113,97,16,16
31193,64,67,-3,3
31194,132,113,19,19
31195,80,88,-8,8
31196,64,70,-6,6
31197,58,66,-8,8
31198,53,66,-13,13
31199,101,100,1,1
31200,97,93,4,4
31201,93,98,-5,5
31202,87,73,14,14
31203,78,78,0,0
31204,70,62,8,8
31205,119,88,31,31
31206,66,67,-1,1
31207,82,96,-14,14
31208,117,103,14,14
31209,106,102,4,4
31210,79,79,0,0
31211,129,155,-26,26
31212,95,90,5,5
31213,66,67,-1,1
31214,63,63,0,0
31215,128,142,-14,14
31216,86,81,5,5
31217,87,100,-13,13
31218,115,125,-10,10
31219,126,123,3,3
31220,66,104,-38,38
31221,138,131,7,7
31222,118,105,13,13
31223,105,102,3,3
31224,59,66,-7,7
31225,51,61,-10,10
31226,45,62,-17,17
31227,79,82,-3,3
31228,103,95,8,8
31229,86,131,-45,45
31230,63,63,0,0
31231,104,102,2,2
31232,144,136,8,8
31233,160,146,14,14
31234,55,62,-7,7
31235,83,88,-5,5
31236,104,101,3,3
31237,61,63,-2,2
31238,92,101,-9,9
31239,72,75,-3,3
31240,103,99,4,4
31241,192,162,30,30
31242,89,90,-1,1
31243,76,71,5,5
31244,70,79,-9,9
31245,81,71,10,10
31246,96,97,-1,1
31247,120,114,6,6
31248,88,94,-6,6
31249,81,71,10,10
31250,91,94,-3,3
31251,104,98,6,6
31252,71,68,3,3
31253,51,61,-10,10
31254,138,132,6,6
31255,88,74,14,14
31256,64,72,-8,8
31257,108,110,-2,2
31258,120,116,4,4
31259,78,101,-23,23
31260,158,139,19,19
31261,185,160,25,25
31262,168,167,1,1
31263,96,104,-8,8
31264,100,79,21,21
31265,48,107,-59,59
31266,80,81,-1,1
31267,49,62,-13,13
31268,108,107,1,1
31269,71,73,-2,2
31270,111,109,2,2
31271,75,76,-1,1
31272,117,112,5,5
31273,156,142,14,14
31274,111,102,9,9
31275,108,111,-3,3
31276,54,60,-6,6
31277,83,96,-13,13
31278,91,85,6,6
31279,53,61,-8,8
31280,46,62,-16,16
31281,39,62,-23,23
31282,97,112,-15,15
31283,97,110,-13,13
31284,93,91,2,2
31285,173,161,12,12
31286,76,74,2,2
31287,146,135,11,11
31288,128,131,-3,3
31289,81,75,6,6
31290,90,94,-4,4
31291,109,111,-2,2
31292,123,109,14,14
31293,100,100,0,0
31294,77,85,-8,8
31295,77,78,-1,1
31296,109,131,-22,22
31297,85,86,-1,1
31298,94,94,0,0
31299,57,61,-4,4
31300,51,62,-11,11
31301,50,59,-9,9
31302,80,72,8,8
31303,73,66,7,7
31304,68,76,-8,8
31305,153,130,23,23
31306,120,127,-7,7
31307,99,102,-3,3
31308,97,98,-1,1
31309,82,78,4,4
31310,85,104,-19,19
31311,84,90,-6,6
31312,93,106,-13,13
31313,55,61,-6,6
31314,53,61,-8,8
31315,148,137,11,11
31316,115,116,-1,1
31317,116,112,4,4
31318,109,100,9,9
31319,72,80,-8,8
31320,85,91,-6,6
31321,78,66,12,12
31322,133,121,12,12
31323,89,89,0,0
31324,53,62,-9,9
31325,145,153,-8,8
31326,75,71,4,4
31327,60,62,-2,2
31328,71,69,2,2
31329,62,65,-3,3
31330,165,146,19,19
31331,51,74,-23,23
31332,146,164,-18,18
31333,64,64,0,0
31334,75,87,-12,12
31335,79,73,6,6
31336,85,92,-7,7
31337,100,99,1,1
31338,119,113,6,6
31339,106,115,-9,9
31340,79,81,-2,2
31341,163,151,12,12
31342,121,121,0,0
31343,66,72,-6,6
31344,114,110,4,4
31345,77,81,-4,4
31346,57,66,-9,9
31347,87,93,-6,6
31348,86,83,3,3
31349,71,78,-7,7
31350,124,116,8,8
31351,65,61,4,4
31352,111,106,5,5
31353,62,66,-4,4
31354,94,90,4,4
31355,76,77,-1,1
31356,122,129,-7,7
31357,136,149,-13,13
31358,76,75,1,1
31359,82,102,-20,20
31360,62,62,0,0
31361,65,62,3,3
31362,63,68,-5,5
31363,50,61,-11,11
31364,56,66,-10,10
31365,80,91,-11,11
31366,95,88,7,7
31367,94,97,-3,3
31368,90,78,12,12
31369,116,101,15,15
31370,113,104,9,9
31371,70,65,5,5
31372,31,62,-31,31
31373,70,76,-6,6
31374,72,66,6,6
31375,92,89,3,3
31376,82,79,3,3
31377,58,68,-10,10
31378,104,111,-7,7
31379,75,77,-2,2
31380,90,96,-6,6
31381,130,129,1,1
31382,126,121,5,5
31383,89,89,0,0
31384,108,110,-2,2
31385,51,62,-11,11
31386,132,130,2,2
31387,91,95,-4,4
31388,109,113,-4,4
31389,103,117,-14,14
31390,87,84,3,3
31391,123,120,3,3
31392,109,104,5,5
31393,77,98,-21,21
31394,96,98,-2,2
31395,82,88,-6,6
31396,111,112,-1,1
31397,72,69,3,3
31398,117,109,8,8
31399,117,112,5,5
31400,137,131,6,6
31401,107,99,8,8
31402,91,95,-4,4
31403,110,107,3,3
31404,76,87,-11,11
31405,83,74,9,9
31406,142,137,5,5
31407,97,97,0,0
31408,54,62,-8,8
31409,71,78,-7,7
31410,91,101,-10,10
31411,100,103,-3,3
31412,47,61,-14,14
31413,114,108,6,6
31414,65,60,5,5
31415,33,63,-30,30
31416,88,90,-2,2
31417,102,104,-2,2
31418,72,94,-22,22
31419,95,103,-8,8
31420,100,99,1,1
31421,200,186,14,14
31422,147,130,17,17
31423,98,106,-8,8
31424,111,108,3,3
31425,105,107,-2,2
31426,89,92,-3,3
31427,108,106,2,2
31428,35,65,-30,30
31429,54,61,-7,7
31430,124,119,5,5
31431,90,85,5,5
31432,130,124,6,6
31433,138,127,11,11
31434,143,124,19,19
31435,74,73,1,1
31436,47,64,-17,17
31437,64,67,-3,3
31438,174,170,4,4
31439,96,95,1,1
31440,132,127,5,5
31441,66,73,-7,7
31442,105,106,-1,1
31443,128,127,1,1
31444,99,101,-2,2
31445,70,70,0,0
31446,62,61,1,1
31447,78,75,3,3
31448,93,100,-7,7
31449,89,74,15,15
31450,104,117,-13,13
31451,74,69,5,5
31452,102,91,11,11
31453,58,62,-4,4
31454,89,92,-3,3
31455,84,77,7,7
31456,128,115,13,13
31457,91,97,-6,6
31458,80,69,11,11
31459,84,97,-13,13
31460,100,105,-5,5
31461,115,109,6,6
31462,92,99,-7,7
31463,155,157,-2,2
31464,175,145,30,30
31465,79,76,3,3
31466,70,65,5,5
31467,64,71,-7,7
31468,111,111,0,0
31469,83,88,-5,5
31470,92,100,-8,8
31471,153,143,10,10
31472,138,131,7,7
31473,90,109,-19,19
31474,104,109,-5,5
31475,52,62,-10,10
31476,72,78,-6,6
31477,76,80,-4,4
31478,69,68,1,1
31479,145,129,16,16
31480,67,63,4,4
31481,79,76,3,3
31482,103,97,6,6
31483,145,145,0,0
31484,86,90,-4,4
31485,112,105,7,7
31486,130,135,-5,5
31487,173,155,18,18
31488,75,77,-2,2
31489,195,163,32,32
31490,93,94,-1,1
31491,102,98,4,4
31492,64,61,3,3
31493,68,66,2,2
31494,58,65,-7,7
31495,93,81,12,12
31496,119,102,17,17
31497,54,62,-8,8
31498,72,94,-22,22
31499,82,89,-7,7
31500,130,125,5,5
31501,75,83,-8,8
31502,73,80,-7,7
31503,72,74,-2,2
31504,243,272,-29,29
31505,62,86,-24,24
31506,79,79,0,0
31507,129,129,0,0
31508,119,110,9,9
31509,121,120,1,1
31510,135,126,9,9
31511,64,61,3,3
31512,84,87,-3,3
31513,68,71,-3,3
31514,89,88,1,1
31515,59,60,-1,1
31516,67,74,-7,7
31517,108,113,-5,5
31518,55,62,-7,7
31519,161,133,28,28
31520,75,79,-4,4
31521,113,108,5,5
31522,102,102,0,0
31523,116,112,4,4
31524,134,129,5,5
31525,161,133,28,28
31526,122,136,-14,14
31527,103,103,0,0
31528,75,76,-1,1
31529,162,139,23,23
31530,76,89,-13,13
31531,57,61,-4,4
31532,74,77,-3,3
31533,78,70,8,8
31534,68,67,1,1
31535,101,98,3,3
31536,66,67,-1,1
31537,61,68,-7,7
31538,120,115,5,5
31539,62,64,-2,2
31540,149,126,23,23
31541,85,98,-13,13
31542,126,110,16,16
31543,192,179,13,13
31544,94,93,1,1
31545,69,72,-3,3
31546,99,92,7,7
31547,114,105,9,9
31548,75,80,-5,5
31549,113,121,-8,8
31550,165,152,13,13
31551,133,121,12,12
31552,86,101,-15,15
31553,72,66,6,6
31554,97,98,-1,1
31555,113,177,-64,64
31556,110,113,-3,3
31557,119,120,-1,1
31558,60,62,-2,2
31559,72,88,-16,16
31560,110,109,1,1
31561,151,136,15,15
31562,70,105,-35,35
31563,89,95,-6,6
31564,112,107,5,5
31565,70,77,-7,7
31566,64,66,-2,2
31567,155,153,2,2
31568,103,102,1,1
31569,115,110,5,5
31570,57,62,-5,5
31571,92,100,-8,8
31572,96,92,4,4
31573,61,62,-1,1
31574,144,127,17,17
31575,75,77,-2,2
31576,138,123,15,15
31577,103,109,-6,6
31578,118,107,11,11
31579,80,88,-8,8
31580,107,101,6,6
31581,84,89,-5,5
31582,87,88,-1,1
31583,56,61,-5,5
31584,129,138,-9,9
31585,94,95,-1,1
31586,72,83,-11,11
31587,193,178,15,15
31588,141,129,12,12
31589,98,98,0,0
31590,116,120,-4,4
31591,154,142,12,12
31592,116,120,-4,4
31593,75,86,-11,11
31594,107,101,6,6
31595,83,78,5,5
31596,103,111,-8,8
31597,99,95,4,4
31598,109,111,-2,2
31599,95,94,1,1
31600,85,76,9,9
31601,81,82,-1,1
31602,112,111,1,1
31603,82,79,3,3
31604,56,62,-6,6
31605,64,64,0,0
31606,105,120,-15,15
31607,118,115,3,3
31608,82,88,-6,6
31609,96,98,-2,2
31610,69,65,4,4
31611,128,126,2,2
31612,88,97,-9,9
31613,90,91,-1,1
31614,141,137,4,4
31615,75,90,-15,15
31616,108,120,-12,12
31617,153,141,12,12
31618,101,100,1,1
31619,76,78,-2,2
31620,86,97,-11,11
31621,49,62,-13,13
31622,130,129,1,1
31623,95,96,-1,1
31624,33,62,-29,29
31625,156,152,4,4
31626,49,60,-11,11
31627,89,89,0,0
31628,86,75,11,11
31629,80,80,0,0
31630,97,99,-2,2
31631,59,64,-5,5
31632,153,142,11,11
31633,51,62,-11,11
31634,88,79,9,9
31635,145,151,-6,6
31636,165,170,-5,5
31637,74,84,-10,10
31638,80,94,-14,14
31639,101,98,3,3
31640,46,61,-15,15
31641,62,61,1,1
31642,107,97,10,10
31643,66,67,-1,1
31644,153,144,9,9
31645,75,74,1,1
31646,49,62,-13,13
31647,120,119,1,1
31648,131,123,8,8
31649,106,108,-2,2
31650,147,133,14,14
31651,81,87,-6,6
31652,94,98,-4,4
31653,57,75,-18,18
31654,61,71,-10,10
31655,47,61,-14,14
31656,53,61,-8,8
31657,117,110,7,7
31658,98,88,10,10
31659,48,62,-14,14
31660,190,179,11,11
31661,68,70,-2,2
31662,106,102,4,4
31663,57,63,-6,6
31664,131,133,-2,2
31665,132,123,9,9
31666,74,75,-1,1
31667,125,122,3,3
31668,86,93,-7,7
31669,49,61,-12,12
31670,95,85,10,10
31671,67,62,5,5
31672,82,90,-8,8
31673,93,105,-12,12
31674,52,63,-11,11
31675,55,60,-5,5
31676,111,106,5,5
31677,73,70,3,3
31678,72,86,-14,14
31679,160,150,10,10
31680,97,103,-6,6
31681,95,93,2,2
31682,117,97,20,20
31683,67,60,7,7
31684,55,61,-6,6
31685,103,98,5,5
31686,108,114,-6,6
31687,82,80,2,2
31688,155,142,13,13
31689,87,93,-6,6
31690,88,87,1,1
31691,84,98,-14,14
31692,66,81,-15,15
31693,59,60,-1,1
31694,80,77,3,3
31695,120,121,-1,1
31696,92,94,-2,2
31697,36,63,-27,27
31698,89,86,3,3
31699,113,119,-6,6
31700,86,96,-10,10
31701,117,141,-24,24
31702,78,70,8,8
31703,72,81,-9,9
31704,76,66,10,10
31705,76,77,-1,1
31706,87,91,-4,4
31707,76,109,-33,33
31708,79,65,14,14
31709,51,62,-11,11
31710,121,131,-10,10
31711,100,93,7,7
31712,83,85,-2,2
31713,84,75,9,9
31714,100,107,-7,7
31715,125,123,2,2
31716,73,67,6,6
31717,59,65,-6,6
31718,79,81,-2,2
31719,76,92,-16,16
31720,108,112,-4,4
31721,64,75,-11,11
31722,101,97,4,4
31723,140,122,18,18
31724,89,96,-7,7
31725,72,68,4,4
31726,82,92,-10,10
31727,68,68,0,0
31728,41,62,-21,21
31729,77,78,-1,1
31730,150,137,13,13
31731,121,112,9,9
31732,96,120,-24,24
31733,50,62,-12,12
31734,45,60,-15,15
31735,118,122,-4,4
31736,108,105,3,3
31737,74,69,5,5
31738,148,147,1,1
31739,109,106,3,3
31740,53,60,-7,7
31741,69,65,4,4
31742,75,72,3,3
31743,75,92,-17,17
31744,93,94,-1,1
31745,36,60,-24,24
31746,62,68,-6,6
31747,139,133,6,6
31748,67,67,0,0
31749,199,186,13,13
31750,61,61,0,0
31751,66,66,0,0
31752,58,61,-3,3
31753,58,65,-7,7
31754,98,105,-7,7
31755,65,63,2,2
31756,96,99,-3,3
31757,105,106,-1,1
31758,44,62,-18,18
31759,116,113,3,3
31760,87,78,9,9
31761,94,112,-18,18
31762,130,132,-2,2
31763,103,104,-1,1
31764,85,86,-1,1
31765,94,102,-8,8
31766,78,74,4,4
31767,120,113,7,7
31768,48,62,-14,14
31769,107,99,8,8
31770,87,94,-7,7
31771,115,117,-2,2
31772,122,119,3,3
31773,137,123,14,14
31774,19,61,-42,42
31775,90,96,-6,6
31776,45,61,-16,16
31777,53,62,-9,9
31778,132,115,17,17
31779,54,61,-7,7
31780,123,128,-5,5
31781,88,104,-16,16
31782,90,82,8,8
31783,112,109,3,3
31784,67,66,1,1
31785,50,61,-11,11
31786,65,65,0,0
31787,44,62,-18,18
31788,86,98,-12,12
31789,65,68,-3,3
31790,80,101,-21,21
31791,128,119,9,9
31792,166,142,24,24
31793,105,98,7,7
31794,77,75,2,2
31795,113,117,-4,4
31796,82,82,0,0
31797,94,102,-8,8
31798,123,117,6,6
31799,118,116,2,2
31800,159,146,13,13
31801,100,88,12,12
31802,95,91,4,4
31803,128,128,0,0
31804,67,77,-10,10
31805,131,118,13,13
31806,78,78,0,0
31807,58,65,-7,7
31808,126,111,15,15
31809,136,138,-2,2
31810,75,72,3,3
31811,100,100,0,0
31812,52,62,-10,10
31813,94,105,-11,11
31814,64,75,-11,11
31815,65,64,1,1
31816,85,90,-5,5
31817,100,100,0,0
31818,134,126,8,8
31819,88,91,-3,3
31820,87,91,-4,4
31821,112,110,2,2
31822,222,198,24,24
31823,103,96,7,7
31824,131,152,-21,21
31825,143,143,0,0
31826,89,95,-6,6
31827,144,128,16,16
31828,90,92,-2,2
31829,117,110,7,7
31830,41,62,-21,21
31831,161,153,8,8
31832,87,94,-7,7
31833,67,66,1,1
31834,89,117,-28,28
31835,58,62,-4,4
31836,54,62,-8,8
31837,66,62,4,4
31838,62,72,-10,10
31839,46,62,-16,16
31840,116,124,-8,8
31841,146,144,2,2
31842,153,153,0,0
31843,110,98,12,12
31844,83,74,9,9
31845,138,126,12,12
31846,117,107,10,10
31847,86,82,4,4
31848,170,158,12,12
31849,96,103,-7,7
31850,57,62,-5,5
31851,102,99,3,3
31852,96,99,-3,3
31853,88,90,-2,2
31854,117,120,-3,3
31855,83,98,-15,15
31856,94,105,-11,11
31857,68,77,-9,9
31858,81,74,7,7
31859,165,156,9,9
31860,93,86,7,7
31861,169,156,13,13
31862,79,89,-10,10
31863,91,91,0,0
31864,96,97,-1,1
31865,107,97,10,10
31866,98,97,1,1
31867,81,76,5,5
31868,125,126,-1,1
31869,111,107,4,4
31870,50,62,-12,12
31871,102,106,-4,4
31872,94,90,4,4
31873,57,62,-5,5
31874,110,107,3,3
31875,89,89,0,0
31876,69,66,3,3
31877,116,113,3,3
31878,135,119,16,16
31879,76,71,5,5
31880,98,91,7,7
31881,72,69,3,3
31882,68,76,-8,8
31883,77,74,3,3
31884,125,138,-13,13
31885,115,105,10,10
31886,136,121,15,15
31887,80,74,6,6
31888,82,84,-2,2
31889,76,84,-8,8
31890,82,79,3,3
31891,138,126,12,12
31892,108,102,6,6
31893,153,140,13,13
31894,76,77,-1,1
31895,100,94,6,6
31896,97,100,-3,3
31897,119,115,4,4
31898,35,63,-28,28
31899,39,61,-22,22
31900,102,97,5,5
31901,93,107,-14,14
31902,122,115,7,7
31903,88,87,1,1
31904,84,90,-6,6
31905,207,187,20,20
31906,67,66,1,1
31907,111,111,0,0
31908,75,77,-2,2
31909,112,110,2,2
31910,59,63,-4,4
31911,66,65,1,1
31912,161,155,6,6
31913,80,90,-10,10
31914,64,81,-17,17
31915,123,114,9,9
31916,123,114,9,9
31917,144,138,6,6
31918,61,61,0,0
31919,85,72,13,13
31920,100,98,2,2
31921,100,96,4,4
31922,65,60,5,5
31923,75,68,7,7
31924,104,96,8,8
31925,112,133,-21,21
31926,93,95,-2,2
31927,69,64,5,5
31928,58,60,-2,2
31929,120,114,6,6
31930,131,118,13,13
31931,101,94,7,7
31932,156,149,7,7
31933,83,80,3,3
31934,62,63,-1,1
31935,94,96,-2,2
31936,87,94,-7,7
31937,182,164,18,18
31938,132,126,6,6
31939,100,105,-5,5
31940,74,75,-1,1
31941,57,64,-7,7
31942,95,97,-2,2
31943,64,61,3,3
31944,99,114,-15,15
31945,102,109,-7,7
31946,144,136,8,8
31947,152,136,16,16
31948,66,63,3,3
31949,57,63,-6,6
31950,73,84,-11,11
31951,85,83,2,2
31952,111,105,6,6
31953,78,83,-5,5
31954,87,89,-2,2
31955,58,64,-6,6
31956,125,121,4,4
31957,98,97,1,1
31958,127,120,7,7
31959,125,116,9,9
31960,107,108,-1,1
31961,57,63,-6,6
31962,161,144,17,17
31963,109,105,4,4
31964,110,102,8,8
31965,64,63,1,1
31966,304,329,-25,25
31967,75,71,4,4
31968,161,168,-7,7
31969,85,99,-14,14
31970,124,107,17,17
31971,53,62,-9,9
31972,98,102,-4,4
31973,124,121,3,3
31974,67,64,3,3
31975,59,67,-8,8
31976,115,104,11,11
31977,91,90,1,1
31978,108,107,1,1
31979,82,92,-10,10
31980,104,98,6,6
31981,65,78,-13,13
31982,107,105,2,2
31983,140,138,2,2
31984,83,90,-7,7
31985,128,156,-28,28
31986,65,62,3,3
31987,70,71,-1,1
31988,160,155,5,5
31989,94,99,-5,5
31990,74,66,8,8
31991,99,102,-3,3
31992,105,102,3,3
31993,65,67,-2,2
31994,46,63,-17,17
31995,72,68,4,4
31996,53,61,-8,8
31997,110,109,1,1
31998,100,95,5,5
31999,65,70,-5,5
32000,102,99,3,3
32001,128,121,7,7
32002,90,90,0,0
32003,139,146,-7,7
32004,145,125,20,20
32005,89,87,2,2
32006,68,78,-10,10
32007,64,65,-1,1
32008,79,91,-12,12
32009,86,75,11,11
32010,60,67,-7,7
32011,101,95,6,6
32012,36,62,-26,26
32013,103,101,2,2
32014,52,61,-9,9
32015,152,144,8,8
32016,80,93,-13,13
32017,142,124,18,18
32018,129,116,13,13
32019,140,122,18,18
32020,49,60,-11,11
32021,147,145,2,2
32022,100,93,7,7
32023,59,65,-6,6
32024,106,108,-2,2
32025,88,93,-5,5
32026,86,92,-6,6
32027,106,97,9,9
32028,110,107,3,3
32029,43,62,-19,19
32030,114,117,-3,3
32031,77,72,5,5
32032,103,104,-1,1
32033,125,122,3,3
32034,65,67,-2,2
32035,105,103,2,2
32036,98,115,-17,17
32037,132,144,-12,12
32038,119,114,5,5
32039,80,84,-4,4
32040,107,110,-3,3
32041,94,89,5,5
32042,59,92,-33,33
32043,109,109,0,0
32044,144,140,4,4
32045,45,62,-17,17
32046,66,58,8,8
32047,122,120,2,2
32048,88,91,-3,3
32049,53,61,-8,8
32050,58,66,-8,8
32051,68,67,1,1
32052,104,100,4,4
32053,129,133,-4,4
32054,55,61,-6,6
32055,80,66,14,14
32056,100,111,-11,11
32057,64,76,-12,12
32058,150,143,7,7
32059,80,79,1,1
32060,96,93,3,3
32061,83,88,-5,5
32062,39,62,-23,23
32063,112,98,14,14
32064,146,134,12,12
32065,91,101,-10,10
32066,77,92,-15,15
32067,121,119,2,2
32068,113,112,1,1
32069,132,134,-2,2
32070,102,107,-5,5
32071,71,66,5,5
32072,81,80,1,1
32073,60,69,-9,9
32074,112,102,10,10
32075,95,91,4,4
32076,116,109,7,7
32077,85,92,-7,7
32078,116,121,-5,5
32079,107,106,1,1
32080,156,141,15,15
32081,84,91,-7,7
32082,77,77,0,0
32083,111,104,7,7
32084,61,90,-29,29
32085,124,123,1,1
32086,106,98,8,8
32087,116,113,3,3
32088,64,79,-15,15
32089,108,106,2,2
32090,76,75,1,1
32091,72,75,-3,3
32092,75,79,-4,4
32093,66,66,0,0
32094,128,131,-3,3
32095,189,160,29,29
32096,120,121,-1,1
32097,64,64,0,0
32098,141,136,5,5
32099,96,97,-1,1
32100,170,160,10,10
32101,83,85,-2,2
32102,101,104,-3,3
32103,81,92,-11,11
32104,43,62,-19,19
32105,150,145,5,5
32106,70,67,3,3
32107,89,84,5,5
32108,115,119,-4,4
32109,103,102,1,1
32110,54,64,-10,10
32111,63,64,-1,1
32112,127,130,-3,3
32113,96,88,8,8
32114,79,97,-18,18
32115,83,91,-8,8
32116,108,101,7,7
32117,116,109,7,7
32118,121,115,6,6
32119,127,114,13,13
32120,109,112,-3,3
32121,96,100,-4,4
32122,82,82,0,0
32123,103,133,-30,30
32124,142,142,0,0
32125,161,146,15,15
32126,126,128,-2,2
32127,78,71,7,7
32128,157,153,4,4
32129,63,65,-2,2
32130,64,65,-1,1
32131,90,86,4,4
32132,95,103,-8,8
32133,146,141,5,5
32134,56,58,-2,2
32135,48,62,-14,14
32136,68,69,-1,1
32137,94,98,-4,4
32138,87,88,-1,1
32139,122,108,14,14
32140,126,111,15,15
32141,55,93,-38,38
32142,61,63,-2,2
32143,89,102,-13,13
32144,62,69,-7,7
32145,71,69,2,2
32146,87,93,-6,6
32147,39,62,-23,23
32148,123,114,9,9
32149,79,91,-12,12
32150,109,103,6,6
32151,101,106,-5,5
32152,107,103,4,4
32153,114,108,6,6
32154,81,95,-14,14
32155,167,153,14,14
32156,71,73,-2,2
32157,65,71,-6,6
32158,76,69,7,7
32159,94,95,-1,1
32160,162,149,13,13
32161,86,101,-15,15
32162,162,153,9,9
32163,50,58,-8,8
32164,109,105,4,4
32165,70,65,5,5
32166,69,70,-1,1
32167,36,58,-22,22
32168,117,109,8,8
32169,104,95,9,9
32170,107,109,-2,2
32171,66,67,-1,1
32172,98,99,-1,1
32173,113,118,-5,5
32174,57,62,-5,5
32175,117,112,5,5
32176,79,95,-16,16
32177,88,96,-8,8
32178,101,100,1,1
32179,98,103,-5,5
32180,164,182,-18,18
32181,108,107,1,1
32182,79,73,6,6
32183,77,89,-12,12
32184,81,87,-6,6
32185,111,108,3,3
32186,108,106,2,2
32187,104,103,1,1
32188,51,61,-10,10
32189,79,80,-1,1
32190,141,133,8,8
32191,105,104,1,1
32192,79,88,-9,9
32193,121,110,11,11
32194,85,96,-11,11
32195,60,61,-1,1
32196,76,73,3,3
32197,66,62,4,4
32198,140,127,13,13
32199,115,100,15,15
32200,135,117,18,18
32201,137,142,-5,5
32202,108,116,-8,8
32203,56,62,-6,6
32204,145,137,8,8
32205,107,105,2,2
32206,75,77,-2,2
32207,73,86,-13,13
32208,58,61,-3,3
32209,73,68,5,5
32210,100,99,1,1
32211,154,144,10,10
32212,89,88,1,1
32213,86,77,9,9
32214,218,184,34,34
32215,96,97,-1,1
32216,72,75,-3,3
32217,136,144,-8,8
32218,197,183,14,14
32219,75,82,-7,7
32220,138,129,9,9
32221,112,118,-6,6
32222,97,101,-4,4
32223,50,61,-11,11
32224,144,126,18,18
32225,62,66,-4,4
32226,91,102,-11,11
32227,108,109,-1,1
32228,111,107,4,4
32229,154,139,15,15
32230,84,91,-7,7
32231,181,169,12,12
32232,80,90,-10,10
32233,134,126,8,8
32234,78,92,-14,14
32235,243,216,27,27
32236,59,62,-3,3
32237,83,70,13,13
32238,76,61,15,15
32239,88,91,-3,3
32240,62,64,-2,2
32241,81,80,1,1
32242,127,125,2,2
32243,119,112,7,7
32244,70,72,-2,2
32245,114,101,13,13
32246,91,94,-3,3
32247,120,109,11,11
32248,61,61,0,0
32249,73,74,-1,1
32250,77,89,-12,12
32251,175,168,7,7
32252,86,89,-3,3
32253,125,116,9,9
32254,109,103,6,6
32255,90,100,-10,10
32256,71,72,-1,1
32257,64,67,-3,3
32258,91,88,3,3
32259,116,113,3,3
32260,63,59,4,4
32261,79,80,-1,1
32262,56,61,-5,5
32263,144,135,9,9
32264,130,113,17,17
32265,73,87,-14,14
32266,64,59,5,5
32267,146,127,19,19
32268,30,60,-30,30
32269,107,120,-13,13
32270,80,86,-6,6
32271,94,115,-21,21
32272,57,62,-5,5
32273,85,95,-10,10
32274,157,144,13,13
32275,131,128,3,3
32276,170,140,30,30
32277,115,120,-5,5
32278,124,107,17,17
32279,83,87,-4,4
32280,139,131,8,8
32281,104,104,0,0
32282,54,59,-5,5
32283,117,111,6,6
32284,84,97,-13,13
32285,97,92,5,5
32286,50,61,-11,11
32287,57,66,-9,9
32288,84,86,-2,2
32289,70,76,-6,6
32290,75,81,-6,6
32291,33,61,-28,28
32292,110,125,-15,15
32293,60,63,-3,3
32294,66,67,-1,1
32295,121,112,9,9
32296,97,99,-2,2
32297,128,122,6,6
32298,82,80,2,2
32299,110,108,2,2
32300,135,132,3,3
32301,96,99,-3,3
32302,79,71,8,8
32303,82,74,8,8
32304,112,101,11,11
32305,119,119,0,0
32306,113,93,20,20
32307,129,124,5,5
32308,30,62,-32,32
32309,143,137,6,6
32310,48,62,-14,14
32311,70,71,-1,1
32312,66,101,-35,35
32313,117,122,-5,5
32314,49,61,-12,12
32315,73,75,-2,2
32316,104,112,-8,8
32317,78,95,-17,17
32318,94,99,-5,5
32319,39,62,-23,23
32320,163,152,11,11
32321,131,126,5,5
32322,78,95,-17,17
32323,107,113,-6,6
32324,40,61,-21,21
32325,83,82,1,1
32326,88,103,-15,15
32327,104,103,1,1
32328,116,107,9,9
32329,144,126,18,18
32330,93,96,-3,3
32331,89,92,-3,3
32332,110,110,0,0
32333,62,99,-37,37
32334,100,100,0,0
32335,79,83,-4,4
32336,80,79,1,1
32337,120,118,2,2
32338,84,103,-19,19
32339,88,95,-7,7
32340,132,143,-11,11
32341,93,91,2,2
32342,79,88,-9,9
32343,27,62,-35,35
32344,97,97,0,0
32345,167,148,19,19
32346,146,152,-6,6
32347,45,61,-16,16
32348,53,61,-8,8
32349,57,62,-5,5
32350,40,62,-22,22
32351,77,94,-17,17
32352,120,114,6,6
32353,87,99,-12,12
32354,189,170,19,19
32355,84,93,-9,9
32356,68,66,2,2
32357,85,95,-10,10
32358,75,86,-11,11
32359,58,62,-4,4
32360,67,67,0,0
32361,58,63,-5,5
32362,38,61,-23,23
32363,63,66,-3,3
32364,82,94,-12,12
32365,111,121,-10,10
32366,168,145,23,23
32367,67,66,1,1
32368,92,97,-5,5
32369,43,61,-18,18
32370,126,114,12,12
32371,94,94,0,0
32372,108,118,-10,10
32373,80,92,-12,12
32374,159,142,17,17
32375,101,85,16,16
32376,71,65,6,6
32377,77,83,-6,6
32378,53,59,-6,6
32379,96,102,-6,6
32380,144,126,18,18
32381,96,101,-5,5
32382,120,119,1,1
32383,91,91,0,0
32384,57,66,-9,9
32385,95,101,-6,6
32386,114,115,-1,1
32387,115,118,-3,3
32388,63,61,2,2
32389,103,96,7,7
32390,213,190,23,23
32391,82,94,-12,12
32392,113,103,10,10
32393,75,79,-4,4
32394,122,123,-1,1
32395,82,69,13,13
32396,112,105,7,7
32397,114,111,3,3
32398,62,61,1,1
32399,145,129,16,16
32400,153,158,-5,5
32401,102,83,19,19
32402,65,68,-3,3
32403,79,69,10,10
32404,85,93,-8,8
32405,69,64,5,5
32406,69,72,-3,3
32407,106,105,1,1
32408,73,68,5,5
32409,95,92,3,3
32410,68,71,-3,3
32411,72,78,-6,6
32412,71,79,-8,8
32413,135,126,9,9
32414,115,109,6,6
32415,75,76,-1,1
32416,57,62,-5,5
32417,33,60,-27,27
32418,73,71,2,2
32419,147,142,5,5
32420,100,104,-4,4
32421,81,82,-1,1
32422,130,125,5,5
32423,63,63,0,0
32424,75,78,-3,3
32425,97,106,-9,9
32426,80,92,-12,12
32427,67,65,2,2
32428,135,129,6,6
32429,48,62,-14,14
32430,113,118,-5,5
32431,62,61,1,1
32432,66,63,3,3
32433,62,59,3,3
32434,140,147,-7,7
32435,82,90,-8,8
32436,86,92,-6,6
32437,123,169,-46,46
32438,134,125,9,9
32439,63,66,-3,3
32440,142,133,9,9
32441,63,66,-3,3
32442,94,90,4,4
32443,72,80,-8,8
32444,146,132,14,14
32445,90,80,10,10
32446,57,62,-5,5
32447,51,63,-12,12
32448,64,65,-1,1
32449,80,88,-8,8
32450,105,104,1,1
32451,109,111,-2,2
32452,99,109,-10,10
32453,209,187,22,22
32454,82,72,10,10
32455,49,62,-13,13
32456,72,67,5,5
32457,62,62,0,0
32458,50,61,-11,11
32459,153,145,8,8
32460,140,138,2,2
32461,95,93,2,2
32462,81,79,2,2
32463,114,106,8,8
32464,130,127,3,3
32465,31,62,-31,31
32466,86,96,-10,10
32467,100,105,-5,5
32468,58,60,-2,2
32469,58,61,-3,3
32470,95,86,9,9
32471,121,121,0,0
32472,83,90,-7,7
32473,152,140,12,12
32474,138,136,2,2
32475,128,131,-3,3
32476,92,106,-14,14
32477,64,74,-10,10
32478,72,78,-6,6
32479,110,113,-3,3
32480,57,61,-4,4
32481,99,99,0,0
32482,98,97,1,1
32483,73,87,-14,14
32484,53,61,-8,8
32485,55,74,-19,19
32486,61,62,-1,1
32487,239,212,27,27
32488,86,91,-5,5
32489,133,114,19,19
32490,80,87,-7,7
32491,76,71,5,5
32492,79,69,10,10
32493,140,137,3,3
32494,97,102,-5,5
32495,74,64,10,10
32496,142,125,17,17
32497,82,86,-4,4
32498,62,62,0,0
32499,101,112,-11,11
32500,69,87,-18,18
32501,171,164,7,7
32502,69,75,-6,6
32503,72,70,2,2
32504,93,93,0,0
32505,78,88,-10,10
32506,68,67,1,1
32507,54,61,-7,7
32508,110,111,-1,1
32509,69,88,-19,19
32510,92,90,2,2
32511,65,64,1,1
32512,28,59,-31,31
32513,65,66,-1,1
32514,69,65,4,4
32515,119,107,12,12
32516,78,75,3,3
32517,75,73,2,2
32518,70,66,4,4
32519,57,66,-9,9
32520,88,92,-4,4
32521,80,69,11,11
32522,113,114,-1,1
32523,63,64,-1,1
32524,91,93,-2,2
32525,141,124,17,17
32526,88,98,-10,10
32527,46,62,-16,16
32528,109,108,1,1
32529,98,104,-6,6
32530,177,161,16,16
32531,142,138,4,4
32532,56,63,-7,7
32533,166,148,18,18
32534,70,66,4,4
32535,64,65,-1,1
32536,70,68,2,2
32537,66,72,-6,6
32538,104,105,-1,1
32539,131,120,11,11
32540,82,89,-7,7
32541,65,64,1,1
32542,95,99,-4,4
32543,79,74,5,5
32544,86,88,-2,2
32545,84,85,-1,1
32546,103,101,2,2
32547,77,78,-1,1
32548,125,120,5,5
32549,122,118,4,4
32550,64,61,3,3
32551,95,107,-12,12
32552,79,89,-10,10
32553,67,66,1,1
32554,160,145,15,15
32555,103,102,1,1
32556,114,110,4,4
32557,74,81,-7,7
32558,123,122,1,1
32559,50,63,-13,13
32560,53,62,-9,9
32561,195,188,7,7
32562,71,74,-3,3
32563,171,151,20,20
32564,90,100,-10,10
32565,75,76,-1,1
32566,84,93,-9,9
32567,86,108,-22,22
32568,101,104,-3,3
32569,131,116,15,15
32570,159,139,20,20
32571,52,62,-10,10
32572,119,114,5,5
32573,85,87,-2,2
32574,97,97,0,0
32575,73,78,-5,5
32576,54,63,-9,9
32577,73,69,4,4
32578,127,115,12,12
32579,164,156,8,8
32580,104,96,8,8
32581,57,63,-6,6
32582,40,62,-22,22
32583,103,102,1,1
32584,149,133,16,16
32585,105,100,5,5
32586,184,159,25,25
32587,74,71,3,3
32588,145,128,17,17
32589,74,83,-9,9
32590,83,100,-17,17
32591,82,72,10,10
32592,85,98,-13,13
32593,133,132,1,1
32594,68,66,2,2
32595,56,88,-32,32
32596,183,167,16,16
32597,66,61,5,5
32598,115,122,-7,7
32599,86,89,-3,3
32600,64,75,-11,11
32601,41,62,-21,21
32602,97,115,-18,18
32603,76,73,3,3
32604,64,67,-3,3
32605,67,66,1,1
32606,92,90,2,2
32607,86,92,-6,6
32608,86,90,-4,4
32609,114,111,3,3
32610,134,118,16,16
32611,80,72,8,8
32612,151,164,-13,13
32613,99,98,1,1
32614,144,137,7,7
32615,118,108,10,10
32616,74,78,-4,4
32617,85,78,7,7
32618,51,62,-11,11
32619,57,64,-7,7
32620,152,143,9,9
32621,80,85,-5,5
32622,83,76,7,7
32623,69,63,6,6
32624,126,136,-10,10
32625,178,157,21,21
32626,101,108,-7,7
32627,110,110,0,0
32628,53,62,-9,9
32629,89,99,-10,10
32630,97,101,-4,4
32631,81,80,1,1
32632,87,89,-2,2
32633,52,63,-11,11
32634,98,95,3,3
32635,109,105,4,4
32636,103,101,2,2
32637,90,72,18,18
32638,73,69,4,4
32639,157,144,13,13
32640,106,99,7,7
32641,144,132,12,12
32642,105,107,-2,2
32643,191,171,20,20
32644,79,72,7,7
32645,113,103,10,10
32646,66,65,1,1
32647,62,81,-19,19
32648,71,82,-11,11
32649,93,99,-6,6
32650,90,79,11,11
32651,81,79,2,2
32652,97,103,-6,6
32653,43,61,-18,18
32654,150,132,18,18
32655,78,74,4,4
32656,122,108,14,14
32657,76,76,0,0
32658,50,62,-12,12
32659,78,105,-27,27
32660,68,79,-11,11
32661,92,89,3,3
32662,65,71,-6,6
32663,112,106,6,6
32664,69,68,1,1
32665,86,90,-4,4
32666,73,68,5,5
32667,99,98,1,1
32668,99,96,3,3
32669,70,79,-9,9
32670,88,88,0,0
32671,66,66,0,0
32672,123,113,10,10
32673,72,60,12,12
32674,120,129,-9,9
32675,51,62,-11,11
32676,68,61,7,7
32677,103,107,-4,4
32678,76,75,1,1
32679,77,90,-13,13
32680,143,153,-10,10
32681,128,127,1,1
32682,87,76,11,11
32683,47,59,-12,12
32684,119,118,1,1
32685,119,114,5,5
32686,52,62,-10,10
32687,123,105,18,18
32688,78,83,-5,5
32689,135,134,1,1
32690,65,64,1,1
32691,50,63,-13,13
32692,59,78,-19,19
32693,95,88,7,7
32694,74,91,-17,17
32695,127,109,18,18
32696,135,142,-7,7
32697,80,80,0,0
32698,81,89,-8,8
32699,102,103,-1,1
32700,131,126,5,5
32701,96,91,5,5
32702,100,103,-3,3
32703,104,108,-4,4
32704,112,112,0,0
32705,103,95,8,8
32706,96,96,0,0
32707,86,84,2,2
32708,130,132,-2,2
32709,47,61,-14,14
32710,118,113,5,5
32711,81,80,1,1
32712,117,96,21,21
32713,77,82,-5,5
32714,129,122,7,7
32715,111,99,12,12
32716,131,119,12,12
32717,67,71,-4,4
32718,66,71,-5,5
32719,111,117,-6,6
32720,71,82,-11,11
32721,58,62,-4,4
32722,61,82,-21,21
32723,65,65,0,0
32724,91,101,-10,10
32725,126,120,6,6
32726,79,90,-11,11
32727,98,94,4,4
32728,83,105,-22,22
32729,46,62,-16,16
32730,71,74,-3,3
32731,56,68,-12,12
32732,74,67,7,7
32733,86,83,3,3
32734,125,116,9,9
32735,71,66,5,5
32736,62,66,-4,4
32737,96,64,32,32
32738,145,127,18,18
32739,73,67,6,6
32740,67,66,1,1
32741,87,92,-5,5
32742,79,69,10,10
32743,93,97,-4,4
32744,72,73,-1,1
32745,68,62,6,6
32746,72,70,2,2
32747,132,118,14,14
32748,75,70,5,5
32749,86,92,-6,6
32750,101,96,5,5
32751,193,191,2,2
32752,124,115,9,9
32753,96,100,-4,4
32754,102,106,-4,4
32755,48,61,-13,13
32756,95,91,4,4
32757,172,167,5,5
32758,174,172,2,2
32759,171,145,26,26
32760,64,63,1,1
32761,90,95,-5,5
32762,77,79,-2,2
32763,79,80,-1,1
32764,82,83,-1,1
32765,128,125,3,3
32766,96,103,-7,7
32767,88,91,-3,3
32768,78,81,-3,3
32769,115,119,-4,4
32770,75,89,-14,14
32771,132,126,6,6
32772,161,142,19,19
32773,117,110,7,7
32774,61,61,0,0
32775,84,71,13,13
32776,102,105,-3,3
32777,108,107,1,1
32778,108,119,-11,11
32779,156,153,3,3
32780,107,104,3,3
32781,74,68,6,6
32782,185,188,-3,3
32783,61,74,-13,13
32784,106,104,2,2
32785,73,77,-4,4
32786,83,72,11,11
32787,53,60,-7,7
32788,216,194,22,22
32789,90,91,-1,1
32790,94,103,-9,9
32791,113,116,-3,3
32792,48,61,-13,13
32793,125,139,-14,14
32794,58,61,-3,3
32795,112,109,3,3
32796,91,84,7,7
32797,90,100,-10,10
32798,104,100,4,4
32799,59,63,-4,4
32800,74,77,-3,3
32801,99,106,-7,7
32802,76,91,-15,15
32803,101,99,2,2
32804,143,133,10,10
32805,66,66,0,0
32806,108,99,9,9
32807,126,117,9,9
32808,102,96,6,6
32809,106,113,-7,7
32810,84,83,1,1
32811,133,125,8,8
32812,68,67,1,1
32813,133,128,5,5
32814,91,94,-3,3
32815,148,139,9,9
32816,131,135,-4,4
32817,105,99,6,6
32818,111,128,-17,17
32819,50,62,-12,12
32820,118,107,11,11
32821,56,64,-8,8
32822,76,79,-3,3
32823,141,127,14,14
32824,162,146,16,16
32825,144,139,5,5
32826,131,137,-6,6
32827,57,58,-1,1
32828,105,121,-16,16
32829,74,71,3,3
32830,118,141,-23,23
32831,157,146,11,11
32832,105,104,1,1
32833,90,87,3,3
32834,96,104,-8,8
32835,161,160,1,1
32836,83,80,3,3
32837,145,133,12,12
32838,55,61,-6,6
32839,113,122,-9,9
32840,72,77,-5,5
32841,199,186,13,13
32842,57,69,-12,12
32843,86,94,-8,8
32844,124,117,7,7
32845,59,71,-12,12
32846,65,62,3,3
32847,82,87,-5,5
32848,127,121,6,6
32849,82,94,-12,12
32850,101,94,7,7
32851,105,103,2,2
32852,94,99,-5,5
32853,125,118,7,7
32854,96,96,0,0
32855,48,62,-14,14
32856,68,71,-3,3
32857,98,99,-1,1
32858,152,136,16,16
32859,139,116,23,23
32860,80,92,-12,12
32861,113,109,4,4
32862,102,115,-13,13
32863,94,94,0,0
32864,56,64,-8,8
32865,112,110,2,2
32866,71,69,2,2
32867,163,159,4,4
32868,95,103,-8,8
32869,165,155,10,10
32870,100,104,-4,4
32871,104,100,4,4
32872,68,83,-15,15
32873,152,138,14,14
32874,62,69,-7,7
32875,56,60,-4,4
32876,87,95,-8,8
32877,48,60,-12,12
32878,85,81,4,4
32879,82,99,-17,17
32880,70,93,-23,23
32881,80,78,2,2
32882,100,105,-5,5
32883,158,144,14,14
32884,143,137,6,6
32885,76,74,2,2
32886,64,68,-4,4
32887,121,115,6,6
32888,72,75,-3,3
32889,53,62,-9,9
32890,202,179,23,23
32891,54,61,-7,7
32892,58,63,-5,5
32893,125,141,-16,16
32894,74,63,11,11
32895,58,105,-47,47
32896,144,140,4,4
32897,124,124,0,0
32898,84,89,-5,5
32899,27,61,-34,34
32900,84,76,8,8
32901,176,148,28,28
32902,44,61,-17,17
32903,66,69,-3,3
32904,73,91,-18,18
32905,71,90,-19,19
32906,42,69,-27,27
32907,61,92,-31,31
32908,71,67,4,4
32909,90,100,-10,10
32910,74,68,6,6
32911,109,100,9,9
32912,124,117,7,7
32913,94,95,-1,1
32914,158,162,-4,4
32915,97,93,4,4
32916,73,66,7,7
32917,90,100,-10,10
32918,64,63,1,1
32919,144,145,-1,1
32920,104,109,-5,5
32921,186,160,26,26
32922,102,98,4,4
32923,85,87,-2,2
32924,96,103,-7,7
32925,122,117,5,5
32926,97,95,2,2
32927,96,95,1,1
32928,50,61,-11,11
32929,110,125,-15,15
32930,89,90,-1,1
32931,98,95,3,3
32932,123,127,-4,4
32933,53,64,-11,11
32934,114,113,1,1
32935,152,152,0,0
32936,146,148,-2,2
32937,134,122,12,12
32938,105,109,-4,4
32939,38,98,-60,60
32940,99,98,1,1
32941,107,104,3,3
32942,92,87,5,5
32943,120,121,-1,1
32944,129,126,3,3
32945,95,93,2,2
32946,90,93,-3,3
32947,103,103,0,0
32948,114,112,2,2
32949,59,62,-3,3
32950,36,44,-8,8
32951,99,101,-2,2
32952,76,70,6,6
32953,149,131,18,18
32954,106,93,13,13
32955,61,71,-10,10
32956,47,71,-24,24
32957,158,162,-4,4
32958,54,60,-6,6
32959,50,60,-10,10
32960,98,100,-2,2
32961,94,91,3,3
32962,67,67,0,0
32963,49,62,-13,13
32964,146,136,10,10
32965,135,121,14,14
32966,87,79,8,8
32967,98,108,-10,10
32968,59,61,-2,2
32969,86,84,2,2
32970,62,65,-3,3
32971,113,112,1,1
32972,93,96,-3,3
32973,75,86,-11,11
32974,83,81,2,2
32975,138,130,8,8
32976,67,70,-3,3
32977,84,75,9,9
32978,117,116,1,1
32979,64,66,-2,2
32980,80,76,4,4
32981,85,90,-5,5
32982,67,66,1,1
32983,96,99,-3,3
32984,72,73,-1,1
32985,63,75,-12,12
32986,151,135,16,16
32987,49,56,-7,7
32988,103,94,9,9
32989,32,63,-31,31
32990,70,64,6,6
32991,135,132,3,3
32992,55,62,-7,7
32993,99,103,-4,4
32994,114,113,1,1
32995,82,75,7,7
32996,119,120,-1,1
32997,104,106,-2,2
32998,123,112,11,11
32999,113,117,-4,4
33000,153,148,5,5
33001,89,94,-5,5
33002,48,73,-25,25
33003,113,107,6,6
33004,83,87,-4,4
33005,129,117,12,12
33006,67,76,-9,9
33007,96,97,-1,1
33008,92,95,-3,3
33009,103,101,2,2
33010,121,106,15,15
33011,48,61,-13,13
33012,98,94,4,4
33013,112,108,4,4
33014,107,109,-2,2
33015,92,82,10,10
33016,72,75,-3,3
33017,86,90,-4,4
33018,86,90,-4,4
33019,120,111,9,9
33020,65,68,-3,3
33021,86,86,0,0
33022,138,127,11,11
33023,74,86,-12,12
33024,60,63,-3,3
33025,125,113,12,12
33026,61,66,-5,5
33027,99,98,1,1
33028,150,139,11,11
33029,69,65,4,4
33030,41,59,-18,18
33031,108,101,7,7
33032,163,163,0,0
33033,121,113,8,8
33034,72,73,-1,1
33035,109,104,5,5
33036,133,135,-2,2
33037,74,81,-7,7
33038,119,119,0,0
33039,77,81,-4,4
33040,97,108,-11,11
33041,76,78,-2,2
33042,102,95,7,7
33043,88,82,6,6
33044,139,130,9,9
33045,93,95,-2,2
33046,171,158,13,13
33047,115,132,-17,17
33048,73,71,2,2
33049,102,98,4,4
33050,97,99,-2,2
33051,107,110,-3,3
33052,180,168,12,12
33053,78,75,3,3
33054,279,258,21,21
33055,86,98,-12,12
33056,80,82,-2,2
33057,131,135,-4,4
33058,49,60,-11,11
33059,100,97,3,3
33060,53,60,-7,7
33061,116,109,7,7
33062,61,61,0,0
33063,73,68,5,5
33064,70,62,8,8
33065,56,61,-5,5
33066,69,66,3,3
33067,76,73,3,3
33068,57,63,-6,6
33069,36,62,-26,26
33070,75,92,-17,17
33071,62,60,2,2
33072,78,75,3,3
33073,112,110,2,2
33074,85,84,1,1
33075,164,141,23,23
33076,52,63,-11,11
33077,102,104,-2,2
33078,34,63,-29,29
33079,52,60,-8,8
33080,63,77,-14,14
33081,60,63,-3,3
33082,145,135,10,10
33083,74,80,-6,6
33084,106,113,-7,7
33085,53,62,-9,9
33086,114,119,-5,5
33087,135,135,0,0
33088,119,115,4,4
33089,84,104,-20,20
33090,62,64,-2,2
33091,150,145,5,5
33092,178,191,-13,13
33093,125,125,0,0
33094,125,123,2,2
33095,56,62,-6,6
33096,83,89,-6,6
33097,79,95,-16,16
33098,66,66,0,0
33099,62,66,-4,4
33100,77,86,-9,9
33101,113,113,0,0
33102,119,120,-1,1
33103,100,93,7,7
33104,121,117,4,4
33105,102,102,0,0
33106,106,115,-9,9
33107,67,64,3,3
33108,104,99,5,5
33109,133,129,4,4
33110,138,125,13,13
33111,62,71,-9,9
33112,110,120,-10,10
33113,140,128,12,12
33114,80,77,3,3
33115,103,104,-1,1
33116,114,107,7,7
33117,55,63,-8,8
33118,91,94,-3,3
33119,38,58,-20,20
33120,89,76,13,13
33121,129,121,8,8
33122,30,63,-33,33
33123,103,98,5,5
33124,100,107,-7,7
33125,87,96,-9,9
33126,99,95,4,4
33127,87,87,0,0
33128,91,97,-6,6
33129,105,99,6,6
33130,104,100,4,4
33131,46,63,-17,17
33132,86,77,9,9
33133,59,76,-17,17
33134,135,134,1,1
33135,47,62,-15,15
33136,108,97,11,11
33137,108,100,8,8
33138,120,120,0,0
33139,50,71,-21,21
33140,102,123,-21,21
33141,129,133,-4,4
33142,82,128,-46,46
33143,141,125,16,16
33144,87,89,-2,2
33145,108,104,4,4
33146,113,121,-8,8
33147,166,153,13,13
33148,82,82,0,0
33149,34,61,-27,27
33150,57,60,-3,3
33151,128,131,-3,3
33152,86,92,-6,6
33153,70,66,4,4
33154,106,106,0,0
33155,111,111,0,0
33156,89,106,-17,17
33157,28,62,-34,34
33158,102,102,0,0
33159,159,136,23,23
33160,170,154,16,16
33161,98,102,-4,4
33162,77,83,-6,6
33163,118,121,-3,3
33164,96,96,0,0
33165,51,63,-12,12
33166,63,62,1,1
33167,70,68,2,2
33168,99,108,-9,9
33169,58,61,-3,3
33170,60,61,-1,1
33171,78,85,-7,7
33172,45,60,-15,15
33173,89,103,-14,14
33174,69,72,-3,3
33175,84,104,-20,20
33176,73,69,4,4
33177,178,158,20,20
33178,63,69,-6,6
33179,108,103,5,5
33180,105,107,-2,2
33181,43,63,-20,20
33182,82,81,1,1
33183,76,85,-9,9
33184,143,125,18,18
33185,91,90,1,1
33186,63,66,-3,3
33187,136,125,11,11
33188,83,80,3,3
33189,128,119,9,9
33190,63,66,-3,3
33191,72,78,-6,6
33192,96,100,-4,4
33193,66,90,-24,24
33194,89,103,-14,14
33195,74,68,6,6
33196,69,70,-1,1
33197,86,90,-4,4
33198,105,103,2,2
33199,92,98,-6,6
33200,49,62,-13,13
33201,151,133,18,18
33202,87,105,-18,18
33203,86,90,-4,4
33204,55,61,-6,6
33205,113,124,-11,11
33206,96,96,0,0
33207,84,85,-1,1
33208,102,102,0,0
33209,85,93,-8,8
33210,141,132,9,9
33211,90,75,15,15
33212,57,61,-4,4
33213,80,92,-12,12
33214,111,106,5,5
33215,82,124,-42,42
33216,85,91,-6,6
33217,85,78,7,7
33218,67,65,2,2
33219,86,78,8,8
33220,102,97,5,5
33221,71,71,0,0
33222,130,149,-19,19
33223,76,83,-7,7
33224,70,71,-1,1
33225,86,97,-11,11
33226,55,59,-4,4
33227,97,100,-3,3
33228,98,118,-20,20
33229,70,62,8,8
33230,102,99,3,3
33231,79,71,8,8
33232,104,99,5,5
33233,70,64,6,6
33234,94,93,1,1
33235,103,106,-3,3
33236,102,126,-24,24
33237,102,99,3,3
33238,67,64,3,3
33239,165,156,9,9
33240,73,107,-34,34
33241,149,132,17,17
33242,92,94,-2,2
33243,57,65,-8,8
33244,76,64,12,12
33245,129,119,10,10
33246,66,69,-3,3
33247,132,122,10,10
33248,108,104,4,4
33249,162,176,-14,14
33250,104,101,3,3
33251,98,108,-10,10
33252,81,90,-9,9
33253,106,111,-5,5
33254,134,137,-3,3
33255,118,118,0,0
33256,156,136,20,20
33257,73,72,1,1
33258,106,114,-8,8
33259,64,63,1,1
33260,66,62,4,4
33261,126,110,16,16
33262,103,106,-3,3
33263,57,62,-5,5
33264,158,160,-2,2
33265,103,103,0,0
33266,103,103,0,0
33267,172,164,8,8
33268,137,134,3,3
33269,95,93,2,2
33270,127,118,9,9
33271,87,86,1,1
33272,136,118,18,18
33273,51,62,-11,11
33274,95,93,2,2
33275,100,104,-4,4
33276,140,129,11,11
33277,102,119,-17,17
33278,69,66,3,3
33279,148,137,11,11
33280,121,134,-13,13
33281,133,133,0,0
33282,106,108,-2,2
33283,95,96,-1,1
33284,71,87,-16,16
33285,148,143,5,5
33286,188,176,12,12
33287,111,109,2,2
33288,88,95,-7,7
33289,71,88,-17,17
33290,83,87,-4,4
33291,44,63,-19,19
33292,69,68,1,1
33293,44,62,-18,18
33294,111,107,4,4
33295,105,110,-5,5
33296,76,82,-6,6
33297,95,97,-2,2
33298,181,170,11,11
33299,128,117,11,11
33300,81,78,3,3
33301,175,150,25,25
33302,57,62,-5,5
33303,70,65,5,5
33304,77,68,9,9
33305,61,65,-4,4
33306,108,114,-6,6
33307,69,72,-3,3
33308,61,68,-7,7
33309,116,111,5,5
33310,50,61,-11,11
33311,95,88,7,7
33312,62,69,-7,7
33313,161,146,15,15
33314,101,110,-9,9
33315,84,86,-2,2
33316,87,96,-9,9
33317,71,76,-5,5
33318,56,63,-7,7
33319,77,79,-2,2
33320,100,136,-36,36
33321,74,84,-10,10
33322,59,67,-8,8
33323,117,112,5,5
33324,102,100,2,2
33325,97,97,0,0
33326,77,79,-2,2
33327,128,139,-11,11
33328,89,92,-3,3
33329,67,67,0,0
33330,69,75,-6,6
33331,104,106,-2,2
33332,55,61,-6,6
33333,62,64,-2,2
33334,101,101,0,0
33335,78,84,-6,6
33336,86,73,13,13
33337,81,87,-6,6
33338,104,97,7,7
33339,57,62,-5,5
33340,101,98,3,3
33341,84,81,3,3
33342,73,85,-12,12
33343,106,108,-2,2
33344,102,115,-13,13
33345,71,79,-8,8
33346,144,138,6,6
33347,131,113,18,18
33348,82,75,7,7
33349,83,74,9,9
33350,169,157,12,12
33351,70,66,4,4
33352,158,145,13,13
33353,162,135,27,27
33354,104,100,4,4
33355,52,60,-8,8
33356,59,63,-4,4
33357,70,70,0,0
33358,112,117,-5,5
33359,106,100,6,6
33360,130,120,10,10
33361,111,105,6,6
33362,117,106,11,11
33363,118,125,-7,7
33364,74,83,-9,9
33365,52,60,-8,8
33366,97,111,-14,14
33367,72,76,-4,4
33368,84,80,4,4
33369,50,62,-12,12
33370,101,101,0,0
33371,52,62,-10,10
33372,85,90,-5,5
33373,90,94,-4,4
33374,66,73,-7,7
33375,132,115,17,17
33376,91,98,-7,7
33377,46,62,-16,16
33378,36,62,-26,26
33379,94,97,-3,3
33380,65,62,3,3
33381,85,88,-3,3
33382,78,75,3,3
33383,140,143,-3,3
33384,79,90,-11,11
33385,108,108,0,0
33386,84,87,-3,3
33387,89,95,-6,6
33388,119,111,8,8
33389,52,60,-8,8
33390,130,120,10,10
33391,57,62,-5,5
33392,128,120,8,8
33393,106,99,7,7
33394,65,61,4,4
33395,75,88,-13,13
33396,153,151,2,2
33397,42,61,-19,19
33398,70,66,4,4
33399,157,147,10,10
33400,153,145,8,8
33401,93,89,4,4
33402,85,86,-1,1
33403,70,79,-9,9
33404,84,94,-10,10
33405,61,62,-1,1
33406,80,88,-8,8
33407,60,61,-1,1
33408,60,62,-2,2
33409,122,118,4,4
33410,87,96,-9,9
33411,207,167,40,40
33412,102,107,-5,5
33413,52,61,-9,9
33414,75,78,-3,3
33415,62,64,-2,2
33416,82,94,-12,12
33417,144,125,19,19
33418,130,131,-1,1
33419,90,79,11,11
33420,71,76,-5,5
33421,77,70,7,7
33422,72,70,2,2
33423,46,62,-16,16
33424,55,64,-9,9
33425,64,144,-80,80
33426,73,67,6,6
33427,76,84,-8,8
33428,100,102,-2,2
33429,108,100,8,8
33430,130,123,7,7
33431,136,123,13,13
33432,89,93,-4,4
33433,79,94,-15,15
33434,110,103,7,7
33435,125,128,-3,3
33436,79,93,-14,14
33437,32,63,-31,31
33438,97,126,-29,29
33439,135,125,10,10
33440,93,99,-6,6
33441,111,109,2,2
33442,87,106,-19,19
33443,131,117,14,14
33444,72,69,3,3
33445,72,84,-12,12
33446,192,164,28,28
33447,129,116,13,13
33448,102,102,0,0
33449,86,77,9,9
33450,134,120,14,14
33451,157,148,9,9
33452,75,79,-4,4
33453,93,97,-4,4
33454,96,97,-1,1
33455,105,106,-1,1
33456,110,108,2,2
33457,137,125,12,12
33458,194,186,8,8
33459,82,84,-2,2
33460,102,115,-13,13
33461,92,95,-3,3
33462,119,101,18,18
33463,113,107,6,6
33464,85,91,-6,6
33465,66,72,-6,6
33466,145,135,10,10
33467,112,112,0,0
33468,133,131,2,2
33469,113,103,10,10
33470,175,151,24,24
33471,113,119,-6,6
33472,59,61,-2,2
33473,97,101,-4,4
33474,74,74,0,0
33475,53,61,-8,8
33476,108,109,-1,1
33477,133,118,15,15
33478,46,62,-16,16
33479,135,131,4,4
33480,111,106,5,5
33481,117,109,8,8
33482,69,71,-2,2
33483,175,151,24,24
33484,83,81,2,2
33485,80,89,-9,9
33486,95,107,-12,12
33487,80,82,-2,2
33488,71,70,1,1
33489,61,63,-2,2
33490,83,88,-5,5
33491,168,151,17,17
33492,78,73,5,5
33493,79,92,-13,13
33494,112,117,-5,5
33495,73,72,1,1
33496,71,89,-18,18
33497,86,91,-5,5
33498,105,111,-6,6
33499,103,97,6,6
33500,81,81,0,0
33501,70,71,-1,1
33502,107,99,8,8
33503,150,148,2,2
33504,70,62,8,8
33505,80,89,-9,9
33506,48,61,-13,13
33507,100,107,-7,7
33508,52,60,-8,8
33509,97,99,-2,2
33510,172,158,14,14
33511,28,63,-35,35
33512,42,77,-35,35
33513,120,116,4,4
33514,60,65,-5,5
33515,118,133,-15,15
33516,175,154,21,21
33517,69,71,-2,2
33518,50,63,-13,13
33519,90,94,-4,4
33520,109,107,2,2
33521,63,74,-11,11
33522,63,65,-2,2
33523,54,60,-6,6
33524,115,113,2,2
33525,61,62,-1,1
33526,91,97,-6,6
33527,76,95,-19,19
33528,72,78,-6,6
33529,64,66,-2,2
33530,47,60,-13,13
33531,67,62,5,5
33532,111,106,5,5
33533,102,128,-26,26
33534,68,64,4,4
33535,101,90,11,11
33536,154,132,22,22
33537,71,76,-5,5
33538,77,75,2,2
33539,74,70,4,4
33540,95,99,-4,4
33541,98,99,-1,1
33542,87,87,0,0
33543,134,131,3,3
33544,118,114,4,4
33545,146,139,7,7
33546,82,97,-15,15
33547,85,70,15,15
33548,68,95,-27,27
33549,62,60,2,2
33550,79,65,14,14
33551,33,60,-27,27
33552,130,116,14,14
33553,88,87,1,1
33554,132,128,4,4
33555,69,76,-7,7
33556,98,93,5,5
33557,113,117,-4,4
33558,84,91,-7,7
33559,78,74,4,4
33560,121,116,5,5
33561,69,69,0,0
33562,70,89,-19,19
33563,89,98,-9,9
33564,97,98,-1,1
33565,89,95,-6,6
33566,128,121,7,7
33567,149,139,10,10
33568,115,110,5,5
33569,68,89,-21,21
33570,44,60,-16,16
33571,36,62,-26,26
33572,64,85,-21,21
33573,75,67,8,8
33574,85,90,-5,5
33575,90,97,-7,7
33576,98,111,-13,13
33577,110,102,8,8
33578,91,98,-7,7
33579,179,157,22,22
33580,97,83,14,14
33581,65,70,-5,5
33582,111,118,-7,7
33583,191,169,22,22
33584,181,151,30,30
33585,58,63,-5,5
33586,90,75,15,15
33587,101,96,5,5
33588,164,141,23,23
33589,117,105,12,12
33590,84,94,-10,10
33591,112,105,7,7
33592,117,105,12,12
33593,80,82,-2,2
33594,150,136,14,14
33595,94,97,-3,3
33596,115,115,0,0
33597,157,142,15,15
33598,69,74,-5,5
33599,61,62,-1,1
33600,97,100,-3,3
33601,74,81,-7,7
33602,90,95,-5,5
33603,59,61,-2,2
33604,121,105,16,16
33605,102,95,7,7
33606,107,112,-5,5
33607,102,107,-5,5
33608,256,267,-11,11
33609,75,78,-3,3
33610,80,82,-2,2
33611,67,71,-4,4
33612,122,115,7,7
33613,65,62,3,3
33614,74,82,-8,8
33615,86,88,-2,2
33616,206,190,16,16
33617,139,137,2,2
33618,76,77,-1,1
33619,186,168,18,18
33620,111,112,-1,1
33621,80,73,7,7
33622,148,143,5,5
33623,76,83,-7,7
33624,123,145,-22,22
33625,79,97,-18,18
33626,118,113,5,5
33627,51,61,-10,10
33628,88,105,-17,17
33629,157,147,10,10
33630,84,92,-8,8
33631,129,120,9,9
33632,131,114,17,17
33633,74,104,-30,30
33634,93,96,-3,3
33635,88,94,-6,6
33636,74,83,-9,9
33637,102,101,1,1
33638,143,132,11,11
33639,67,67,0,0
33640,197,190,7,7
33641,98,92,6,6
33642,117,107,10,10
33643,120,124,-4,4
33644,118,124,-6,6
33645,63,60,3,3
33646,139,139,0,0
33647,144,143,1,1
33648,96,97,-1,1
33649,110,95,15,15
33650,121,119,2,2
33651,68,80,-12,12
33652,84,112,-28,28
33653,118,115,3,3
33654,96,98,-2,2
33655,78,88,-10,10
33656,27,59,-32,32
33657,157,141,16,16
33658,137,125,12,12
33659,107,106,1,1
33660,95,99,-4,4
33661,45,62,-17,17
33662,69,132,-63,63
33663,196,170,26,26
33664,108,96,12,12
33665,88,83,5,5
33666,199,171,28,28
33667,111,113,-2,2
33668,179,160,19,19
33669,157,148,9,9
33670,82,70,12,12
33671,77,71,6,6
33672,56,62,-6,6
33673,63,68,-5,5
33674,196,175,21,21
33675,89,98,-9,9
33676,126,122,4,4
33677,39,63,-24,24
33678,80,93,-13,13
33679,97,96,1,1
33680,85,83,2,2
33681,58,59,-1,1
33682,132,123,9,9
33683,54,66,-12,12
33684,99,99,0,0
33685,91,96,-5,5
33686,75,68,7,7
33687,57,68,-11,11
33688,66,67,-1,1
33689,105,109,-4,4
33690,51,62,-11,11
33691,134,128,6,6
33692,27,60,-33,33
33693,71,66,5,5
33694,65,61,4,4
33695,112,95,17,17
33696,100,107,-7,7
33697,56,58,-2,2
33698,74,76,-2,2
33699,137,125,12,12
33700,96,103,-7,7
33701,113,119,-6,6
33702,56,62,-6,6
33703,91,98,-7,7
33704,179,172,7,7
33705,54,62,-8,8
33706,90,98,-8,8
33707,92,96,-4,4
33708,87,78,9,9
33709,122,113,9,9
33710,150,132,18,18
33711,90,90,0,0
33712,98,97,1,1
33713,59,63,-4,4
33714,122,121,1,1
33715,150,149,1,1
33716,74,70,4,4
33717,65,70,-5,5
33718,53,61,-8,8
33719,93,96,-3,3
33720,108,102,6,6
33721,70,79,-9,9
33722,135,125,10,10
33723,87,97,-10,10
33724,65,75,-10,10
33725,55,61,-6,6
33726,40,62,-22,22
33727,88,83,5,5
33728,168,152,16,16
33729,37,61,-24,24
33730,80,68,12,12
33731,92,88,4,4
33732,157,138,19,19
33733,121,118,3,3
33734,119,118,1,1
33735,131,106,25,25
33736,112,105,7,7
33737,71,89,-18,18
33738,73,71,2,2
33739,99,98,1,1
33740,81,72,9,9
33741,70,72,-2,2
33742,91,91,0,0
33743,63,64,-1,1
33744,65,65,0,0
33745,92,101,-9,9
33746,83,78,5,5
33747,62,64,-2,2
33748,137,134,3,3
33749,194,169,25,25
33750,104,100,4,4
33751,136,132,4,4
33752,149,139,10,10
33753,109,106,3,3
33754,70,67,3,3
33755,121,112,9,9
33756,73,75,-2,2
33757,97,94,3,3
33758,105,98,7,7
33759,131,126,5,5
33760,118,110,8,8
33761,97,95,2,2
33762,49,61,-12,12
33763,110,111,-1,1
33764,87,96,-9,9
33765,107,105,2,2
33766,72,68,4,4
33767,173,161,12,12
33768,117,117,0,0
33769,91,99,-8,8
33770,93,82,11,11
33771,34,62,-28,28
33772,75,69,6,6
33773,110,112,-2,2
33774,76,94,-18,18
33775,122,151,-29,29
33776,94,100,-6,6
33777,60,61,-1,1
33778,96,104,-8,8
33779,92,99,-7,7
33780,155,137,18,18
33781,116,106,10,10
33782,113,110,3,3
33783,70,65,5,5
33784,127,130,-3,3
33785,104,113,-9,9
33786,103,108,-5,5
33787,66,60,6,6
33788,58,64,-6,6
33789,47,58,-11,11
33790,124,124,0,0
33791,47,61,-14,14
33792,134,118,16,16
33793,126,115,11,11
33794,133,129,4,4
33795,101,103,-2,2
33796,48,61,-13,13
33797,69,98,-29,29
33798,62,60,2,2
33799,112,103,9,9
33800,124,127,-3,3
33801,68,65,3,3
33802,70,64,6,6
33803,98,100,-2,2
33804,61,78,-17,17
33805,98,106,-8,8
33806,128,119,9,9
33807,112,108,4,4
33808,62,66,-4,4
33809,106,98,8,8
33810,90,83,7,7
33811,57,63,-6,6
33812,127,122,5,5
33813,83,81,2,2
33814,123,115,8,8
33815,99,95,4,4
33816,114,116,-2,2
33817,124,125,-1,1
33818,63,64,-1,1
33819,169,159,10,10
33820,86,92,-6,6
33821,97,99,-2,2
33822,95,111,-16,16
33823,97,104,-7,7
33824,120,107,13,13
33825,100,99,1,1
33826,127,131,-4,4
33827,65,65,0,0
33828,74,75,-1,1
33829,146,135,11,11
33830,93,97,-4,4
33831,76,88,-12,12
33832,127,121,6,6
33833,61,62,-1,1
33834,81,90,-9,9
33835,132,116,16,16
33836,69,61,8,8
33837,56,67,-11,11
33838,103,101,2,2
33839,110,113,-3,3
33840,102,101,1,1
33841,74,67,7,7
33842,111,113,-2,2
33843,74,73,1,1
33844,58,62,-4,4
33845,96,103,-7,7
33846,67,69,-2,2
33847,57,60,-3,3
33848,104,99,5,5
33849,60,70,-10,10
33850,50,60,-10,10
33851,120,116,4,4
33852,73,72,1,1
33853,45,62,-17,17
33854,95,98,-3,3
33855,125,128,-3,3
33856,106,104,2,2
33857,80,74,6,6
33858,138,129,9,9
33859,105,108,-3,3
33860,100,113,-13,13
33861,89,92,-3,3
33862,161,133,28,28
33863,115,119,-4,4
33864,109,103,6,6
33865,120,112,8,8
33866,64,61,3,3
33867,85,91,-6,6
33868,139,133,6,6
33869,56,64,-8,8
33870,100,104,-4,4
33871,61,63,-2,2
33872,87,93,-6,6
33873,78,71,7,7
33874,135,124,11,11
33875,149,143,6,6
33876,123,122,1,1
33877,114,101,13,13
33878,106,111,-5,5
33879,121,106,15,15
33880,103,115,-12,12
33881,133,132,1,1
33882,83,82,1,1
33883,90,86,4,4
33884,43,62,-19,19
33885,195,174,21,21
33886,82,79,3,3
33887,121,115,6,6
33888,77,78,-1,1
33889,80,89,-9,9
33890,56,63,-7,7
33891,70,63,7,7
33892,57,61,-4,4
33893,98,103,-5,5
33894,85,90,-5,5
33895,102,101,1,1
33896,114,103,11,11
33897,153,136,17,17
33898,61,60,1,1
33899,99,99,0,0
33900,77,74,3,3
33901,89,75,14,14
33902,79,70,9,9
33903,108,115,-7,7
33904,102,85,17,17
33905,54,62,-8,8
33906,101,99,2,2
33907,131,121,10,10
33908,56,64,-8,8
33909,110,104,6,6
33910,78,73,5,5
33911,153,137,16,16
33912,73,76,-3,3
33913,105,98,7,7
33914,57,75,-18,18
33915,95,106,-11,11
33916,56,66,-10,10
33917,107,104,3,3
33918,62,79,-17,17
33919,157,146,11,11
33920,94,92,2,2
33921,84,69,15,15
33922,131,131,0,0
33923,75,70,5,5
33924,122,116,6,6
33925,114,121,-7,7
33926,61,62,-1,1
33927,137,149,-12,12
33928,72,67,5,5
33929,115,101,14,14
33930,49,89,-40,40
33931,98,94,4,4
33932,114,120,-6,6
33933,79,81,-2,2
33934,75,69,6,6
33935,111,96,15,15
33936,84,87,-3,3
33937,61,60,1,1
33938,70,74,-4,4
33939,103,108,-5,5
33940,119,108,11,11
33941,62,64,-2,2
33942,94,86,8,8
33943,161,143,18,18
33944,253,217,36,36
33945,112,112,0,0
33946,63,71,-8,8
33947,90,90,0,0
33948,124,120,4,4
33949,85,72,13,13
33950,167,153,14,14
33951,115,105,10,10
33952,113,104,9,9
33953,95,97,-2,2
33954,93,97,-4,4
33955,138,120,18,18
33956,74,76,-2,2
33957,52,58,-6,6
33958,104,103,1,1
33959,143,134,9,9
33960,74,86,-12,12
33961,69,68,1,1
33962,133,132,1,1
33963,82,83,-1,1
33964,98,93,5,5
33965,77,74,3,3
33966,142,136,6,6
33967,84,92,-8,8
33968,95,101,-6,6
33969,83,79,4,4
33970,114,104,10,10
33971,53,80,-27,27
33972,91,90,1,1
33973,122,126,-4,4
33974,89,114,-25,25
33975,81,89,-8,8
33976,110,121,-11,11
33977,96,94,2,2
33978,119,111,8,8
33979,80,89,-9,9
33980,108,103,5,5
33981,71,67,4,4
33982,80,80,0,0
33983,157,154,3,3
33984,85,70,15,15
33985,47,60,-13,13
33986,68,60,8,8
33987,86,73,13,13
33988,71,69,2,2
33989,64,62,2,2
33990,65,66,-1,1
33991,155,153,2,2
33992,108,114,-6,6
33993,188,169,19,19
33994,109,127,-18,18
33995,64,69,-5,5
33996,120,138,-18,18
33997,72,71,1,1
33998,55,59,-4,4
33999,69,63,6,6
34000,186,168,18,18
34001,96,108,-12,12
34002,77,89,-12,12
34003,83,91,-8,8
34004,79,71,8,8
34005,55,64,-9,9
34006,155,140,15,15
34007,91,94,-3,3
34008,48,61,-13,13
34009,122,122,0,0
34010,75,93,-18,18
34011,109,110,-1,1
34012,110,106,4,4
34013,79,74,5,5
34014,69,66,3,3
34015,78,85,-7,7
34016,129,126,3,3
34017,131,124,7,7
34018,45,61,-16,16
34019,96,103,-7,7
34020,105,122,-17,17
34021,128,125,3,3
34022,139,132,7,7
34023,116,106,10,10
34024,81,80,1,1
34025,77,84,-7,7
34026,100,100,0,0
34027,68,65,3,3
34028,70,77,-7,7
34029,222,241,-19,19
34030,22,61,-39,39
34031,121,117,4,4
34032,67,68,-1,1
34033,87,79,8,8
34034,58,60,-2,2
34035,69,80,-11,11
34036,71,85,-14,14
34037,54,66,-12,12
34038,60,60,0,0
34039,87,91,-4,4
34040,101,98,3,3
34041,61,62,-1,1
34042,141,126,15,15
34043,121,126,-5,5
34044,102,99,3,3
34045,78,84,-6,6
34046,96,113,-17,17
34047,56,61,-5,5
34048,101,100,1,1
34049,64,65,-1,1
34050,55,62,-7,7
34051,89,78,11,11
34052,84,79,5,5
34053,90,91,-1,1
34054,166,148,18,18
34055,85,112,-27,27
34056,94,97,-3,3
34057,130,137,-7,7
34058,146,151,-5,5
34059,77,96,-19,19
34060,97,94,3,3
34061,102,98,4,4
34062,150,144,6,6
34063,104,102,2,2
34064,90,92,-2,2
34065,70,69,1,1
34066,45,61,-16,16
34067,76,68,8,8
34068,90,108,-18,18
34069,63,62,1,1
34070,123,128,-5,5
34071,91,79,12,12
34072,102,103,-1,1
34073,120,110,10,10
34074,48,67,-19,19
34075,42,62,-20,20
34076,85,89,-4,4
34077,67,64,3,3
34078,73,63,10,10
34079,67,65,2,2
34080,87,93,-6,6
34081,172,163,9,9
34082,128,136,-8,8
34083,116,115,1,1
34084,102,98,4,4
34085,134,129,5,5
34086,94,105,-11,11
34087,55,62,-7,7
34088,175,172,3,3
34089,71,69,2,2
34090,53,61,-8,8
34091,92,102,-10,10
34092,111,106,5,5
34093,120,122,-2,2
34094,107,118,-11,11
34095,48,62,-14,14
34096,85,78,7,7
34097,122,138,-16,16
34098,90,98,-8,8
34099,70,64,6,6
34100,63,63,0,0
34101,110,102,8,8
34102,56,61,-5,5
34103,96,103,-7,7
34104,79,84,-5,5
34105,56,62,-6,6
34106,115,105,10,10
34107,60,68,-8,8
34108,59,60,-1,1
34109,74,70,4,4
34110,110,114,-4,4
34111,99,122,-23,23
34112,106,107,-1,1
34113,62,61,1,1
34114,93,95,-2,2
34115,59,62,-3,3
34116,88,80,8,8
34117,75,91,-16,16
34118,78,71,7,7
34119,67,67,0,0
34120,118,111,7,7
34121,66,66,0,0
34122,69,66,3,3
34123,110,106,4,4
34124,102,103,-1,1
34125,127,123,4,4
34126,99,101,-2,2
34127,127,128,-1,1
34128,97,86,11,11
34129,52,61,-9,9
34130,56,61,-5,5
34131,64,60,4,4
34132,111,105,6,6
34133,114,111,3,3
34134,162,140,22,22
34135,56,71,-15,15
34136,35,62,-27,27
34137,83,84,-1,1
34138,151,148,3,3
34139,77,82,-5,5
34140,65,70,-5,5
34141,67,67,0,0
34142,81,79,2,2
34143,56,61,-5,5
34144,67,66,1,1
34145,59,61,-2,2
34146,142,123,19,19
34147,79,80,-1,1
34148,104,101,3,3
34149,68,68,0,0
34150,67,71,-4,4
34151,56,63,-7,7
34152,66,66,0,0
34153,31,60,-29,29
34154,121,111,10,10
34155,115,114,1,1
34156,68,65,3,3
34157,103,105,-2,2
34158,71,83,-12,12
34159,115,119,-4,4
34160,122,108,14,14
34161,99,96,3,3
34162,112,109,3,3
34163,215,217,-2,2
34164,68,73,-5,5
34165,84,80,4,4
34166,82,85,-3,3
34167,82,89,-7,7
34168,95,93,2,2
34169,80,84,-4,4
34170,121,112,9,9
34171,103,97,6,6
34172,74,78,-4,4
34173,59,63,-4,4
34174,106,107,-1,1
34175,62,62,0,0
34176,49,62,-13,13
34177,62,66,-4,4
34178,151,144,7,7
34179,178,145,33,33
34180,96,99,-3,3
34181,91,97,-6,6
34182,74,73,1,1
34183,78,88,-10,10
34184,95,115,-20,20
34185,109,106,3,3
34186,59,62,-3,3
34187,64,62,2,2
34188,122,109,13,13
34189,106,108,-2,2
34190,137,129,8,8
34191,79,73,6,6
34192,45,61,-16,16
34193,96,94,2,2
34194,53,62,-9,9
34195,121,111,10,10
34196,138,135,3,3
34197,107,102,5,5
34198,90,92,-2,2
34199,83,84,-1,1
34200,65,63,2,2
34201,68,76,-8,8
34202,50,61,-11,11
34203,44,67,-23,23
34204,78,88,-10,10
34205,74,74,0,0
34206,67,65,2,2
34207,116,104,12,12
34208,50,62,-12,12
34209,100,95,5,5
34210,52,62,-10,10
34211,70,63,7,7
34212,92,94,-2,2
34213,130,119,11,11
34214,139,142,-3,3
34215,96,93,3,3
34216,98,95,3,3
34217,49,61,-12,12
34218,90,83,7,7
34219,103,107,-4,4
34220,39,61,-22,22
34221,172,145,27,27
34222,104,101,3,3
34223,63,64,-1,1
34224,78,75,3,3
34225,65,66,-1,1
34226,58,62,-4,4
34227,140,137,3,3
34228,95,104,-9,9
34229,77,71,6,6
34230,122,113,9,9
34231,63,60,3,3
34232,26,61,-35,35
34233,78,80,-2,2
34234,60,64,-4,4
34235,80,79,1,1
34236,96,98,-2,2
34237,62,64,-2,2
34238,77,86,-9,9
34239,101,96,5,5
34240,103,104,-1,1
34241,87,95,-8,8
34242,132,124,8,8
34243,223,186,37,37
34244,117,108,9,9
34245,151,134,17,17
34246,87,98,-11,11
34247,103,99,4,4
34248,59,65,-6,6
34249,150,134,16,16
34250,100,96,4,4
34251,92,85,7,7
34252,65,74,-9,9
34253,72,67,5,5
34254,48,62,-14,14
34255,114,108,6,6
34256,63,61,2,2
34257,139,130,9,9
34258,86,90,-4,4
34259,96,86,10,10
34260,80,82,-2,2
34261,126,112,14,14
34262,112,108,4,4
34263,99,111,-12,12
34264,83,75,8,8
34265,62,62,0,0
34266,53,68,-15,15
34267,40,61,-21,21
34268,103,103,0,0
34269,87,107,-20,20
34270,66,65,1,1
34271,116,106,10,10
34272,107,98,9,9
34273,121,119,2,2
34274,114,100,14,14
34275,111,109,2,2
34276,105,104,1,1
34277,103,106,-3,3
34278,106,96,10,10
34279,126,117,9,9
34280,104,104,0,0
34281,77,71,6,6
34282,114,113,1,1
34283,77,80,-3,3
34284,83,84,-1,1
34285,78,93,-15,15
34286,81,88,-7,7
34287,64,62,2,2
34288,134,126,8,8
34289,78,81,-3,3
34290,137,129,8,8
34291,80,73,7,7
34292,145,129,16,16
34293,103,109,-6,6
34294,101,102,-1,1
34295,87,84,3,3
34296,83,88,-5,5
34297,98,93,5,5
34298,133,134,-1,1
34299,114,129,-15,15
34300,119,108,11,11
34301,94,95,-1,1
34302,85,94,-9,9
34303,162,150,12,12
34304,85,74,11,11
34305,62,62,0,0
34306,83,80,3,3
34307,99,96,3,3
34308,79,85,-6,6
34309,95,99,-4,4
34310,140,139,1,1
34311,165,148,17,17
34312,104,100,4,4
34313,110,120,-10,10
34314,138,167,-29,29
34315,117,129,-12,12
34316,120,119,1,1
34317,67,78,-11,11
34318,82,84,-2,2
34319,110,101,9,9
34320,110,101,9,9
34321,63,71,-8,8
34322,54,61,-7,7
34323,128,129,-1,1
34324,90,84,6,6
34325,99,102,-3,3
34326,121,140,-19,19
34327,47,61,-14,14
34328,88,88,0,0
34329,96,94,2,2
34330,83,104,-21,21
34331,91,82,9,9
34332,100,101,-1,1
34333,68,80,-12,12
34334,44,61,-17,17
34335,94,94,0,0
34336,48,61,-13,13
34337,63,62,1,1
34338,114,110,4,4
34339,88,81,7,7
34340,105,99,6,6
34341,67,65,2,2
34342,61,61,0,0
34343,120,119,1,1
34344,111,105,6,6
34345,102,97,5,5
34346,111,106,5,5
34347,48,60,-12,12
34348,102,106,-4,4
34349,101,102,-1,1
34350,88,95,-7,7
34351,58,65,-7,7
34352,64,64,0,0
34353,65,65,0,0
34354,156,144,12,12
34355,84,82,2,2
34356,169,148,21,21
34357,130,114,16,16
34358,51,62,-11,11
34359,60,63,-3,3
34360,109,97,12,12
34361,107,108,-1,1
34362,133,142,-9,9
34363,73,68,5,5
34364,117,113,4,4
34365,105,100,5,5
34366,118,136,-18,18
34367,107,104,3,3
34368,89,103,-14,14
34369,130,119,11,11
34370,107,115,-8,8
34371,86,91,-5,5
34372,87,95,-8,8
34373,166,152,14,14
34374,91,95,-4,4
34375,83,79,4,4
34376,90,106,-16,16
34377,60,70,-10,10
34378,73,78,-5,5
34379,133,119,14,14
34380,131,125,6,6
34381,128,147,-19,19
34382,93,92,1,1
34383,48,61,-13,13
34384,126,107,19,19
34385,62,70,-8,8
34386,50,62,-12,12
34387,70,69,1,1
34388,111,110,1,1
34389,89,87,2,2
34390,94,100,-6,6
34391,38,62,-24,24
34392,76,91,-15,15
34393,92,95,-3,3
34394,66,65,1,1
34395,84,85,-1,1
34396,72,72,0,0
34397,79,74,5,5
34398,78,80,-2,2
34399,61,60,1,1
34400,68,65,3,3
34401,114,103,11,11
34402,84,87,-3,3
34403,51,61,-10,10
34404,96,91,5,5
34405,74,72,2,2
34406,64,75,-11,11
34407,79,95,-16,16
34408,89,81,8,8
34409,150,144,6,6
34410,137,120,17,17
34411,62,63,-1,1
34412,120,112,8,8
34413,75,70,5,5
34414,63,68,-5,5
34415,144,146,-2,2
34416,83,74,9,9
34417,71,103,-32,32
34418,125,124,1,1
34419,71,73,-2,2
34420,90,95,-5,5
34421,57,62,-5,5
34422,68,76,-8,8
34423,117,107,10,10
34424,142,137,5,5
34425,95,86,9,9
34426,91,99,-8,8
34427,86,94,-8,8
34428,119,124,-5,5
34429,71,90,-19,19
34430,97,94,3,3
34431,92,97,-5,5
34432,86,105,-19,19
34433,48,62,-14,14
34434,50,60,-10,10
34435,105,140,-35,35
34436,105,111,-6,6
34437,127,115,12,12
34438,108,107,1,1
34439,71,67,4,4
34440,73,79,-6,6
34441,68,76,-8,8
34442,147,130,17,17
34443,142,140,2,2
34444,39,61,-22,22
34445,91,84,7,7
34446,79,85,-6,6
34447,84,82,2,2
34448,123,123,0,0
34449,63,82,-19,19
34450,196,177,19,19
34451,161,156,5,5
34452,152,125,27,27
34453,144,129,15,15
34454,96,98,-2,2
34455,125,124,1,1
34456,82,75,7,7
34457,128,115,13,13
34458,160,157,3,3
34459,43,61,-18,18
34460,68,70,-2,2
34461,108,87,21,21
34462,74,71,3,3
34463,52,59,-7,7
34464,107,116,-9,9
34465,64,71,-7,7
34466,89,91,-2,2
34467,85,83,2,2
34468,73,79,-6,6
34469,177,177,0,0
34470,111,108,3,3
34471,67,79,-12,12
34472,76,69,7,7
34473,152,131,21,21
34474,90,96,-6,6
34475,79,77,2,2
34476,99,102,-3,3
34477,78,76,2,2
34478,131,121,10,10
34479,100,94,6,6
34480,74,81,-7,7
34481,99,100,-1,1
34482,135,129,6,6
34483,104,108,-4,4
34484,67,65,2,2
34485,102,94,8,8
34486,48,62,-14,14
34487,243,223,20,20
34488,97,98,-1,1
34489,112,107,5,5
34490,118,119,-1,1
34491,77,83,-6,6
34492,73,62,11,11
34493,99,102,-3,3
34494,60,81,-21,21
34495,155,148,7,7
34496,125,119,6,6
34497,202,161,41,41
34498,82,94,-12,12
34499,100,98,2,2
34500,78,73,5,5
34501,59,69,-10,10
34502,48,62,-14,14
34503,121,125,-4,4
34504,128,120,8,8
34505,96,107,-11,11
34506,133,119,14,14
34507,107,104,3,3
34508,106,102,4,4
34509,111,122,-11,11
34510,48,72,-24,24
34511,79,103,-24,24
34512,121,107,14,14
34513,147,137,10,10
34514,113,119,-6,6
34515,58,61,-3,3
34516,93,89,4,4
34517,109,107,2,2
34518,85,92,-7,7
34519,69,82,-13,13
34520,70,68,2,2
34521,81,94,-13,13
34522,47,63,-16,16
34523,121,110,11,11
34524,151,131,20,20
34525,80,84,-4,4
34526,60,61,-1,1
34527,133,124,9,9
34528,65,65,0,0
34529,162,158,4,4
34530,73,67,6,6
34531,108,103,5,5
34532,87,88,-1,1
34533,101,109,-8,8
34534,90,94,-4,4
34535,130,140,-10,10
34536,133,120,13,13
34537,139,138,1,1
34538,95,101,-6,6
34539,96,99,-3,3
34540,66,65,1,1
34541,69,75,-6,6
34542,69,67,2,2
34543,86,89,-3,3
34544,95,97,-2,2
34545,91,90,1,1
34546,189,157,32,32
34547,109,108,1,1
34548,63,63,0,0
34549,156,149,7,7
34550,64,64,0,0
34551,117,111,6,6
34552,55,61,-6,6
34553,115,116,-1,1
34554,103,100,3,3
34555,155,149,6,6
34556,78,78,0,0
34557,159,162,-3,3
34558,73,70,3,3
34559,188,169,19,19
34560,150,147,3,3
34561,103,99,4,4
34562,80,86,-6,6
34563,92,96,-4,4
34564,121,122,-1,1
34565,113,114,-1,1
34566,106,100,6,6
34567,72,64,8,8
34568,120,120,0,0
34569,49,62,-13,13
34570,124,128,-4,4
34571,82,84,-2,2
34572,145,151,-6,6
34573,61,62,-1,1
34574,108,107,1,1
34575,53,62,-9,9
34576,117,110,7,7
34577,88,93,-5,5
34578,122,103,19,19
34579,56,63,-7,7
34580,161,147,14,14
34581,115,110,5,5
34582,100,101,-1,1
34583,149,144,5,5
34584,126,117,9,9
34585,74,83,-9,9
34586,124,114,10,10
34587,101,101,0,0
34588,83,99,-16,16
34589,105,101,4,4
34590,143,134,9,9
34591,153,145,8,8
34592,54,63,-9,9
34593,52,55,-3,3
34594,87,91,-4,4
34595,63,64,-1,1
34596,84,93,-9,9
34597,96,97,-1,1
34598,59,68,-9,9
34599,141,129,12,12
34600,121,110,11,11
34601,21,63,-42,42
34602,93,89,4,4
34603,126,123,3,3
34604,91,92,-1,1
34605,126,121,5,5
34606,79,74,5,5
34607,133,133,0,0
34608,72,75,-3,3
34609,117,101,16,16
34610,51,61,-10,10
34611,92,93,-1,1
34612,78,88,-10,10
34613,70,71,-1,1
34614,77,82,-5,5
34615,94,90,4,4
34616,75,77,-2,2
34617,93,96,-3,3
34618,75,67,8,8
34619,149,139,10,10
34620,99,100,-1,1
34621,94,108,-14,14
34622,98,95,3,3
34623,68,67,1,1
34624,101,146,-45,45
34625,115,106,9,9
34626,87,85,2,2
34627,100,113,-13,13
34628,80,93,-13,13
34629,133,122,11,11
34630,54,61,-7,7
34631,164,151,13,13
34632,98,98,0,0
34633,75,76,-1,1
34634,77,69,8,8
34635,126,120,6,6
34636,124,118,6,6
34637,89,92,-3,3
34638,77,81,-4,4
34639,162,145,17,17
34640,129,113,16,16
34641,126,122,4,4
34642,90,85,5,5
34643,145,133,12,12
34644,59,66,-7,7
34645,79,74,5,5
34646,100,93,7,7
34647,136,130,6,6
34648,53,63,-10,10
34649,109,102,7,7
34650,79,79,0,0
34651,111,106,5,5
34652,172,140,32,32
34653,142,146,-4,4
34654,81,79,2,2
34655,100,99,1,1
34656,71,70,1,1
34657,37,61,-24,24
34658,91,87,4,4
34659,85,87,-2,2
34660,96,99,-3,3
34661,96,96,0,0
34662,72,67,5,5
34663,58,63,-5,5
34664,128,130,-2,2
34665,90,80,10,10
34666,79,79,0,0
34667,57,60,-3,3
34668,164,134,30,30
34669,147,121,26,26
34670,42,62,-20,20
34671,92,104,-12,12
34672,73,76,-3,3
34673,80,80,0,0
34674,82,78,4,4
34675,82,87,-5,5
34676,124,114,10,10
34677,87,94,-7,7
34678,93,97,-4,4
34679,151,128,23,23
34680,88,91,-3,3
34681,99,95,4,4
34682,104,105,-1,1
34683,80,85,-5,5
34684,91,82,9,9
34685,116,130,-14,14
34686,136,123,13,13
34687,76,111,-35,35
34688,125,133,-8,8
34689,99,100,-1,1
34690,112,120,-8,8
34691,103,115,-12,12
34692,152,139,13,13
34693,122,116,6,6
34694,74,85,-11,11
34695,106,111,-5,5
34696,76,73,3,3
34697,59,65,-6,6
34698,100,120,-20,20
34699,58,62,-4,4
34700,69,72,-3,3
34701,120,127,-7,7
34702,74,71,3,3
34703,55,61,-6,6
34704,89,91,-2,2
34705,79,75,4,4
34706,137,133,4,4
34707,81,88,-7,7
34708,64,87,-23,23
34709,170,158,12,12
34710,69,70,-1,1
34711,72,66,6,6
34712,73,77,-4,4
34713,66,75,-9,9
34714,114,110,4,4
34715,96,107,-11,11
34716,67,68,-1,1
34717,83,87,-4,4
34718,72,67,5,5
34719,150,150,0,0
34720,56,63,-7,7
34721,66,67,-1,1
34722,53,60,-7,7
34723,169,142,27,27
34724,66,69,-3,3
34725,105,110,-5,5
34726,101,100,1,1
34727,78,81,-3,3
34728,130,124,6,6
34729,140,128,12,12
34730,91,107,-16,16
34731,89,84,5,5
34732,73,72,1,1
34733,111,105,6,6
34734,111,112,-1,1
34735,154,136,18,18
34736,56,60,-4,4
34737,136,129,7,7
34738,101,93,8,8
34739,120,121,-1,1
34740,62,62,0,0
34741,105,109,-4,4
34742,76,80,-4,4
34743,161,155,6,6
34744,88,96,-8,8
34745,51,61,-10,10
34746,108,109,-1,1
34747,101,100,1,1
34748,74,74,0,0
34749,189,161,28,28
34750,46,59,-13,13
34751,58,63,-5,5
34752,100,88,12,12
34753,171,145,26,26
34754,45,61,-16,16
34755,87,76,11,11
34756,57,62,-5,5
34757,137,121,16,16
34758,72,73,-1,1
34759,115,109,6,6
34760,98,99,-1,1
34761,58,64,-6,6
34762,87,120,-33,33
34763,79,79,0,0
34764,79,73,6,6
34765,67,64,3,3
34766,32,62,-30,30
34767,76,76,0,0
34768,80,69,11,11
34769,106,97,9,9
34770,54,65,-11,11
34771,75,79,-4,4
34772,149,138,11,11
34773,110,100,10,10
34774,106,109,-3,3
34775,130,128,2,2
34776,49,62,-13,13
34777,119,128,-9,9
34778,75,78,-3,3
34779,89,91,-2,2
34780,63,61,2,2
34781,64,60,4,4
34782,116,112,4,4
34783,79,75,4,4
34784,92,99,-7,7
34785,70,73,-3,3
34786,120,114,6,6
34787,165,151,14,14
34788,187,186,1,1
34789,82,89,-7,7
34790,53,67,-14,14
34791,88,88,0,0
34792,75,71,4,4
34793,66,61,5,5
34794,80,80,0,0
34795,113,103,10,10
34796,48,61,-13,13
34797,52,61,-9,9
34798,169,154,15,15
34799,100,107,-7,7
34800,71,85,-14,14
34801,103,112,-9,9
34802,127,124,3,3
34803,132,142,-10,10
34804,136,130,6,6
34805,67,64,3,3
34806,127,128,-1,1
34807,142,138,4,4
34808,114,114,0,0
34809,71,76,-5,5
34810,77,78,-1,1
34811,86,99,-13,13
34812,166,143,23,23
34813,116,112,4,4
34814,42,62,-20,20
34815,91,85,6,6
34816,81,76,5,5
34817,109,102,7,7
34818,164,155,9,9
34819,119,117,2,2
34820,79,72,7,7
34821,122,118,4,4
34822,67,70,-3,3
34823,96,94,2,2
34824,81,82,-1,1
34825,110,83,27,27
34826,142,136,6,6
34827,30,60,-30,30
34828,102,119,-17,17
34829,128,116,12,12
34830,127,137,-10,10
34831,55,98,-43,43
34832,125,147,-22,22
34833,85,87,-2,2
34834,82,88,-6,6
34835,99,107,-8,8
34836,142,139,3,3
34837,99,109,-10,10
34838,96,104,-8,8
34839,87,102,-15,15
34840,76,76,0,0
34841,95,108,-13,13
34842,61,63,-2,2
34843,58,65,-7,7
34844,88,93,-5,5
34845,87,99,-12,12
34846,89,91,-2,2
34847,100,94,6,6
34848,87,94,-7,7
34849,86,88,-2,2
34850,43,61,-18,18
34851,33,62,-29,29
34852,97,97,0,0
34853,130,119,11,11
34854,149,133,16,16
34855,139,123,16,16
34856,71,76,-5,5
34857,53,67,-14,14
34858,69,61,8,8
34859,114,103,11,11
34860,60,67,-7,7
34861,53,60,-7,7
34862,80,74,6,6
34863,75,64,11,11
34864,101,120,-19,19
34865,147,138,9,9
34866,100,94,6,6
34867,112,117,-5,5
34868,61,63,-2,2
34869,68,67,1,1
34870,41,59,-18,18
34871,72,79,-7,7
34872,69,86,-17,17
34873,135,121,14,14
34874,112,109,3,3
34875,63,59,4,4
34876,83,80,3,3
34877,74,73,1,1
34878,85,94,-9,9
34879,91,81,10,10
34880,150,147,3,3
34881,96,95,1,1
34882,61,92,-31,31
34883,51,76,-25,25
34884,61,63,-2,2
34885,143,154,-11,11
34886,64,67,-3,3
34887,59,62,-3,3
34888,67,81,-14,14
34889,65,93,-28,28
34890,142,129,13,13
34891,66,64,2,2
34892,73,78,-5,5
34893,107,104,3,3
34894,112,99,13,13
34895,104,104,0,0
34896,46,61,-15,15
34897,83,74,9,9
34898,89,90,-1,1
34899,73,63,10,10
34900,59,60,-1,1
34901,59,62,-3,3
34902,112,108,4,4
34903,75,81,-6,6
34904,68,70,-2,2
34905,80,97,-17,17
34906,70,79,-9,9
34907,77,81,-4,4
34908,49,60,-11,11
34909,91,92,-1,1
34910,65,60,5,5
34911,77,74,3,3
34912,130,117,13,13
34913,77,83,-6,6
34914,175,172,3,3
34915,103,109,-6,6
34916,79,79,0,0
34917,74,70,4,4
34918,98,109,-11,11
34919,111,110,1,1
34920,105,120,-15,15
34921,106,107,-1,1
34922,43,60,-17,17
34923,91,99,-8,8
34924,88,92,-4,4
34925,121,114,7,7
34926,111,106,5,5
34927,65,67,-2,2
34928,63,61,2,2
34929,91,98,-7,7
34930,70,73,-3,3
34931,117,110,7,7
34932,56,64,-8,8
34933,153,148,5,5
34934,135,132,3,3
34935,66,65,1,1
34936,97,100,-3,3
34937,94,101,-7,7
34938,79,81,-2,2
34939,89,86,3,3
34940,117,110,7,7
34941,50,60,-10,10
34942,172,169,3,3
34943,71,80,-9,9
34944,94,99,-5,5
34945,146,141,5,5
34946,57,62,-5,5
34947,91,97,-6,6
34948,44,62,-18,18
34949,124,119,5,5
34950,117,103,14,14
34951,93,90,3,3
34952,100,104,-4,4
34953,167,153,14,14
34954,97,98,-1,1
34955,117,109,8,8
34956,142,130,12,12
34957,62,64,-2,2
34958,99,105,-6,6
34959,83,83,0,0
34960,61,71,-10,10
34961,80,91,-11,11
34962,85,81,4,4
34963,102,103,-1,1
34964,127,127,0,0
34965,123,125,-2,2
34966,117,114,3,3
34967,102,113,-11,11
34968,100,99,1,1
34969,105,103,2,2
34970,116,100,16,16
34971,104,112,-8,8
34972,70,68,2,2
34973,71,76,-5,5
34974,59,69,-10,10
34975,86,83,3,3
34976,121,104,17,17
34977,104,98,6,6
34978,93,92,1,1
34979,78,78,0,0
34980,124,115,9,9
34981,83,93,-10,10
34982,126,120,6,6
34983,91,94,-3,3
34984,89,105,-16,16
34985,79,70,9,9
34986,110,109,1,1
34987,80,78,2,2
34988,116,113,3,3
34989,133,116,17,17
34990,91,115,-24,24
34991,94,91,3,3
34992,160,138,22,22
34993,107,115,-8,8
34994,61,67,-6,6
34995,74,66,8,8
34996,80,81,-1,1
34997,50,60,-10,10
34998,98,103,-5,5
34999,47,60,-13,13
35000,63,80,-17,17
35001,92,102,-10,10
35002,97,97,0,0
35003,101,106,-5,5
35004,48,58,-10,10
35005,114,114,0,0
35006,106,105,1,1
35007,98,97,1,1
35008,133,129,4,4
35009,98,87,11,11
35010,41,61,-20,20
35011,85,91,-6,6
35012,102,103,-1,1
35013,97,93,4,4
35014,49,60,-11,11
35015,50,62,-12,12
35016,86,93,-7,7
35017,96,107,-11,11
35018,110,101,9,9
35019,95,101,-6,6
35020,89,81,8,8
35021,92,92,0,0
35022,109,104,5,5
35023,75,78,-3,3
35024,61,60,1,1
35025,82,96,-14,14
35026,88,96,-8,8
35027,139,132,7,7
35028,67,88,-21,21
35029,106,107,-1,1
35030,108,109,-1,1
35031,80,92,-12,12
35032,78,88,-10,10
35033,87,92,-5,5
35034,57,62,-5,5
35035,63,62,1,1
35036,105,97,8,8
35037,129,111,18,18
35038,65,63,2,2
35039,93,95,-2,2
35040,50,60,-10,10
35041,30,62,-32,32
35042,81,76,5,5
35043,55,66,-11,11
35044,76,74,2,2
35045,135,121,14,14
35046,55,63,-8,8
35047,140,134,6,6
35048,92,85,7,7
35049,124,121,3,3
35050,100,103,-3,3
35051,40,62,-22,22
35052,50,61,-11,11
35053,85,90,-5,5
35054,87,99,-12,12
35055,136,124,12,12
35056,65,65,0,0
35057,97,99,-2,2
35058,80,79,1,1
35059,99,101,-2,2
35060,69,70,-1,1
35061,97,105,-8,8
35062,65,62,3,3
35063,67,68,-1,1
35064,108,109,-1,1
35065,105,107,-2,2
35066,98,92,6,6
35067,73,70,3,3
35068,87,90,-3,3
35069,80,70,10,10
35070,115,117,-2,2
35071,129,113,16,16
35072,62,64,-2,2
35073,141,126,15,15
35074,165,151,14,14
35075,167,154,13,13
35076,128,115,13,13
35077,163,144,19,19
35078,49,64,-15,15
35079,73,82,-9,9
35080,117,157,-40,40
35081,182,159,23,23
35082,91,89,2,2
35083,73,82,-9,9
35084,130,128,2,2
35085,92,95,-3,3
35086,164,137,27,27
35087,100,113,-13,13
35088,106,109,-3,3
35089,155,152,3,3
35090,84,90,-6,6
35091,115,118,-3,3
35092,74,78,-4,4
35093,62,61,1,1
35094,76,79,-3,3
35095,82,93,-11,11
35096,116,105,11,11
35097,84,82,2,2
35098,61,65,-4,4
35099,155,134,21,21
35100,87,141,-54,54
35101,118,117,1,1
35102,126,127,-1,1
35103,123,121,2,2
35104,72,79,-7,7
35105,106,106,0,0
35106,119,108,11,11
35107,79,80,-1,1
35108,70,88,-18,18
35109,129,114,15,15
35110,93,85,8,8
35111,98,91,7,7
35112,164,163,1,1
35113,110,113,-3,3
35114,108,107,1,1
35115,79,77,2,2
35116,140,136,4,4
35117,81,93,-12,12
35118,84,105,-21,21
35119,64,63,1,1
35120,101,102,-1,1
35121,65,69,-4,4
35122,71,82,-11,11
35123,66,79,-13,13
35124,81,84,-3,3
35125,82,98,-16,16
35126,101,108,-7,7
35127,95,99,-4,4
35128,95,100,-5,5
35129,177,167,10,10
35130,148,147,1,1
35131,83,92,-9,9
35132,79,78,1,1
35133,87,83,4,4
35134,120,116,4,4
35135,140,156,-16,16
35136,117,114,3,3
35137,88,92,-4,4
35138,79,69,10,10
35139,89,97,-8,8
35140,83,73,10,10
35141,79,96,-17,17
35142,118,114,4,4
35143,79,87,-8,8
35144,95,94,1,1
35145,62,61,1,1
35146,67,71,-4,4
35147,63,66,-3,3
35148,99,91,8,8
35149,164,154,10,10
35150,71,62,9,9
35151,49,61,-12,12
35152,88,92,-4,4
35153,93,91,2,2
35154,90,93,-3,3
35155,96,86,10,10
35156,91,96,-5,5
35157,41,62,-21,21
35158,94,99,-5,5
35159,58,61,-3,3
35160,87,93,-6,6
35161,100,98,2,2
35162,117,114,3,3
35163,106,102,4,4
35164,65,78,-13,13
35165,126,123,3,3
35166,92,96,-4,4
35167,78,92,-14,14
35168,98,99,-1,1
35169,102,117,-15,15
35170,115,106,9,9
35171,93,91,2,2
35172,48,60,-12,12
35173,64,68,-4,4
35174,168,166,2,2
35175,95,88,7,7
35176,125,120,5,5
35177,128,132,-4,4
35178,137,120,17,17
35179,62,62,0,0
35180,76,79,-3,3
35181,66,64,2,2
35182,50,61,-11,11
35183,98,96,2,2
35184,101,107,-6,6
35185,77,80,-3,3
35186,97,102,-5,5
35187,116,111,5,5
35188,118,111,7,7
35189,157,151,6,6
35190,48,62,-14,14
35191,86,94,-8,8
35192,79,98,-19,19
35193,93,90,3,3
35194,58,63,-5,5
35195,65,65,0,0
35196,203,180,23,23
35197,59,62,-3,3
35198,103,101,2,2
35199,35,60,-25,25
35200,95,102,-7,7
35201,89,97,-8,8
35202,122,111,11,11
35203,97,96,1,1
35204,84,86,-2,2
35205,146,123,23,23
35206,129,116,13,13
35207,76,87,-11,11
35208,79,77,2,2
35209,92,94,-2,2
35210,82,73,9,9
35211,111,104,7,7
35212,88,84,4,4
35213,155,144,11,11
35214,75,68,7,7
35215,109,106,3,3
35216,64,62,2,2
35217,76,70,6,6
35218,114,114,0,0
35219,84,80,4,4
35220,90,91,-1,1
35221,49,62,-13,13
35222,103,105,-2,2
35223,140,131,9,9
35224,64,65,-1,1
35225,171,162,9,9
35226,89,93,-4,4
35227,57,65,-8,8
35228,99,78,21,21
35229,62,64,-2,2
35230,191,178,13,13
35231,108,103,5,5
35232,116,109,7,7
35233,157,139,18,18
35234,98,113,-15,15
35235,167,162,5,5
35236,89,85,4,4
35237,65,67,-2,2
35238,103,104,-1,1
35239,107,105,2,2
35240,66,62,4,4
35241,137,126,11,11
35242,68,64,4,4
35243,64,61,3,3
35244,137,125,12,12
35245,101,101,0,0
35246,120,111,9,9
35247,99,108,-9,9
35248,58,66,-8,8
35249,93,101,-8,8
35250,48,66,-18,18
35251,96,125,-29,29
35252,68,69,-1,1
35253,95,102,-7,7
35254,117,108,9,9
35255,61,69,-8,8
35256,122,117,5,5
35257,77,92,-15,15
35258,69,76,-7,7
35259,105,101,4,4
35260,126,131,-5,5
35261,67,61,6,6
35262,122,117,5,5
35263,96,94,2,2
35264,188,161,27,27
35265,72,66,6,6
35266,122,115,7,7
35267,53,62,-9,9
35268,49,59,-10,10
35269,131,118,13,13
35270,118,104,14,14
35271,68,63,5,5
35272,84,93,-9,9
35273,80,87,-7,7
35274,95,108,-13,13
35275,54,62,-8,8
35276,80,87,-7,7
35277,55,62,-7,7
35278,50,61,-11,11
35279,141,134,7,7
35280,118,110,8,8
35281,64,69,-5,5
35282,132,115,17,17
35283,81,77,4,4
35284,49,61,-12,12
35285,86,86,0,0
35286,107,107,0,0
35287,123,119,4,4
35288,109,100,9,9
35289,121,113,8,8
35290,89,95,-6,6
35291,57,62,-5,5
35292,123,112,11,11
35293,102,106,-4,4
35294,143,127,16,16
35295,57,63,-6,6
35296,84,80,4,4
35297,73,68,5,5
35298,124,122,2,2
35299,86,83,3,3
35300,128,122,6,6
35301,146,125,21,21
35302,92,89,3,3
35303,68,83,-15,15
35304,88,92,-4,4
35305,147,139,8,8
35306,134,130,4,4
35307,91,97,-6,6
35308,137,128,9,9
35309,130,129,1,1
35310,103,101,2,2
35311,78,92,-14,14
35312,85,77,8,8
35313,57,61,-4,4
35314,159,140,19,19
35315,80,90,-10,10
35316,113,124,-11,11
35317,152,135,17,17
35318,163,145,18,18
35319,137,123,14,14
35320,116,118,-2,2
35321,144,131,13,13
35322,61,65,-4,4
35323,158,142,16,16
35324,120,143,-23,23
35325,64,66,-2,2
35326,106,102,4,4
35327,60,64,-4,4
35328,87,98,-11,11
35329,72,67,5,5
35330,92,107,-15,15
35331,164,156,8,8
35332,121,124,-3,3
35333,63,63,0,0
35334,108,108,0,0
35335,70,67,3,3
35336,66,71,-5,5
35337,81,130,-49,49
35338,84,87,-3,3
35339,69,71,-2,2
35340,161,159,2,2
35341,73,69,4,4
35342,62,62,0,0
35343,66,66,0,0
35344,80,91,-11,11
35345,110,124,-14,14
35346,145,153,-8,8
35347,32,57,-25,25
35348,62,67,-5,5
35349,191,178,13,13
35350,84,88,-4,4
35351,96,94,2,2
35352,87,78,9,9
35353,54,62,-8,8
35354,85,89,-4,4
35355,118,123,-5,5
35356,52,61,-9,9
35357,102,89,13,13
35358,66,68,-2,2
35359,151,148,3,3
35360,129,134,-5,5
35361,61,61,0,0
35362,102,109,-7,7
35363,88,97,-9,9
35364,61,70,-9,9
35365,77,88,-11,11
35366,79,80,-1,1
35367,110,104,6,6
35368,96,96,0,0
35369,74,65,9,9
35370,120,118,2,2
35371,134,124,10,10
35372,66,65,1,1
35373,61,61,0,0
35374,130,122,8,8
35375,60,66,-6,6
35376,66,69,-3,3
35377,115,110,5,5
35378,99,98,1,1
35379,55,61,-6,6
35380,104,98,6,6
35381,104,104,0,0
35382,97,105,-8,8
35383,48,60,-12,12
35384,51,61,-10,10
35385,51,61,-10,10
35386,80,85,-5,5
35387,57,61,-4,4
35388,77,60,17,17
35389,128,120,8,8
35390,141,139,2,2
35391,77,78,-1,1
35392,132,123,9,9
35393,110,105,5,5
35394,43,62,-19,19
35395,110,115,-5,5
35396,85,75,10,10
35397,92,100,-8,8
35398,49,62,-13,13
35399,69,68,1,1
35400,64,65,-1,1
35401,82,75,7,7
35402,59,66,-7,7
35403,69,65,4,4
35404,66,66,0,0
35405,92,94,-2,2
35406,101,91,10,10
35407,62,71,-9,9
35408,126,111,15,15
35409,119,121,-2,2
35410,117,104,13,13
35411,162,146,16,16
35412,100,99,1,1
35413,107,113,-6,6
35414,49,62,-13,13
35415,75,77,-2,2
35416,85,84,1,1
35417,87,73,14,14
35418,58,61,-3,3
35419,86,108,-22,22
35420,54,62,-8,8
35421,149,143,6,6
35422,99,98,1,1
35423,118,116,2,2
35424,88,94,-6,6
35425,128,142,-14,14
35426,121,119,2,2
35427,62,64,-2,2
35428,32,62,-30,30
35429,152,137,15,15
35430,58,61,-3,3
35431,77,89,-12,12
35432,127,110,17,17
35433,109,104,5,5
35434,116,114,2,2
35435,83,87,-4,4
35436,70,87,-17,17
35437,101,94,7,7
35438,70,67,3,3
35439,117,108,9,9
35440,93,100,-7,7
35441,72,80,-8,8
35442,131,129,2,2
35443,64,68,-4,4
35444,160,147,13,13
35445,86,77,9,9
35446,84,91,-7,7
35447,56,63,-7,7
35448,94,91,3,3
35449,149,133,16,16
35450,128,114,14,14
35451,97,109,-12,12
35452,178,161,17,17
35453,102,100,2,2
35454,53,62,-9,9
35455,124,111,13,13
35456,79,89,-10,10
35457,136,153,-17,17
35458,71,85,-14,14
35459,54,62,-8,8
35460,97,93,4,4
35461,72,75,-3,3
35462,169,145,24,24
35463,80,75,5,5
35464,53,61,-8,8
35465,64,61,3,3
35466,52,61,-9,9
35467,38,63,-25,25
35468,78,79,-1,1
35469,160,128,32,32
35470,113,107,6,6
35471,90,98,-8,8
35472,63,60,3,3
35473,79,91,-12,12
35474,56,59,-3,3
35475,241,231,10,10
35476,68,70,-2,2
35477,145,146,-1,1
35478,69,66,3,3
35479,107,102,5,5
35480,79,90,-11,11
35481,123,119,4,4
35482,97,93,4,4
35483,77,71,6,6
35484,66,135,-69,69
35485,83,83,0,0
35486,82,90,-8,8
35487,78,81,-3,3
35488,89,85,4,4
35489,76,66,10,10
35490,61,63,-2,2
35491,116,113,3,3
35492,128,140,-12,12
35493,130,127,3,3
35494,46,63,-17,17
35495,105,103,2,2
35496,150,124,26,26
35497,156,149,7,7
35498,69,66,3,3
35499,89,89,0,0
35500,77,71,6,6
35501,123,119,4,4
35502,97,94,3,3
35503,87,82,5,5
35504,80,81,-1,1
35505,79,86,-7,7
35506,58,64,-6,6
35507,53,61,-8,8
35508,105,109,-4,4
35509,74,84,-10,10
35510,101,106,-5,5
35511,56,61,-5,5
35512,115,109,6,6
35513,141,146,-5,5
35514,116,111,5,5
35515,47,60,-13,13
35516,43,62,-19,19
35517,80,90,-10,10
35518,91,100,-9,9
35519,75,87,-12,12
35520,114,104,10,10
35521,79,83,-4,4
35522,106,101,5,5
35523,69,62,7,7
35524,87,75,12,12
35525,118,125,-7,7
35526,84,90,-6,6
35527,90,98,-8,8
35528,97,93,4,4
35529,57,61,-4,4
35530,132,128,4,4
35531,90,109,-19,19
35532,108,113,-5,5
35533,132,118,14,14
35534,76,84,-8,8
35535,38,61,-23,23
35536,52,59,-7,7
35537,68,63,5,5
35538,141,137,4,4
35539,90,95,-5,5
35540,72,69,3,3
35541,74,73,1,1
35542,89,91,-2,2
35543,72,68,4,4
35544,78,59,19,19
35545,67,64,3,3
35546,94,94,0,0
35547,65,64,1,1
35548,75,71,4,4
35549,76,84,-8,8
35550,78,69,9,9
35551,70,78,-8,8
35552,124,111,13,13
35553,123,117,6,6
35554,185,165,20,20
35555,126,110,16,16
35556,104,106,-2,2
35557,79,80,-1,1
35558,74,59,15,15
35559,82,83,-1,1
35560,47,61,-14,14
35561,40,62,-22,22
35562,102,103,-1,1
35563,68,78,-10,10
35564,95,100,-5,5
35565,111,103,8,8
35566,74,77,-3,3
35567,63,70,-7,7
35568,118,115,3,3
35569,181,158,23,23
35570,63,66,-3,3
35571,73,69,4,4
35572,76,81,-5,5
35573,80,80,0,0
35574,99,100,-1,1
35575,83,95,-12,12
35576,48,62,-14,14
35577,140,125,15,15
35578,101,106,-5,5
35579,76,95,-19,19
35580,84,102,-18,18
35581,95,92,3,3
35582,60,61,-1,1
35583,78,76,2,2
35584,125,121,4,4
35585,90,95,-5,5
35586,99,100,-1,1
35587,58,62,-4,4
35588,128,126,2,2
35589,67,67,0,0
35590,96,114,-18,18
35591,96,94,2,2
35592,141,131,10,10
35593,77,87,-10,10
35594,114,100,14,14
35595,86,89,-3,3
35596,175,157,18,18
35597,129,123,6,6
35598,50,62,-12,12
35599,70,63,7,7
35600,224,200,24,24
35601,146,133,13,13
35602,81,75,6,6
35603,97,96,1,1
35604,118,129,-11,11
35605,77,63,14,14
35606,73,68,5,5
35607,85,88,-3,3
35608,102,101,1,1
35609,130,122,8,8
35610,133,130,3,3
35611,129,121,8,8
35612,80,81,-1,1
35613,93,99,-6,6
35614,91,91,0,0
35615,41,102,-61,61
35616,82,92,-10,10
35617,67,62,5,5
35618,85,87,-2,2
35619,75,83,-8,8
35620,118,123,-5,5
35621,118,101,17,17
35622,79,78,1,1
35623,63,64,-1,1
35624,170,158,12,12
35625,73,78,-5,5
35626,114,92,22,22
35627,154,153,1,1
35628,54,74,-20,20
35629,115,108,7,7
35630,49,121,-72,72
35631,99,101,-2,2
35632,80,79,1,1
35633,152,145,7,7
35634,71,69,2,2
35635,118,143,-25,25
35636,106,100,6,6
35637,106,113,-7,7
35638,173,148,25,25
35639,89,98,-9,9
35640,65,62,3,3
35641,93,95,-2,2
35642,109,107,2,2
35643,126,126,0,0
35644,143,158,-15,15
35645,127,133,-6,6
35646,114,106,8,8
35647,84,93,-9,9
35648,68,79,-11,11
35649,60,65,-5,5
35650,111,109,2,2
35651,127,132,-5,5
35652,83,74,9,9
35653,98,98,0,0
35654,83,68,15,15
35655,77,77,0,0
35656,51,63,-12,12
35657,88,92,-4,4
35658,48,62,-14,14
35659,147,141,6,6
35660,66,83,-17,17
35661,100,96,4,4
35662,76,79,-3,3
35663,59,64,-5,5
35664,116,109,7,7
35665,61,65,-4,4
35666,155,151,4,4
35667,99,107,-8,8
35668,112,107,5,5
35669,70,60,10,10
35670,79,83,-4,4
35671,96,101,-5,5
35672,90,100,-10,10
35673,104,100,4,4
35674,99,98,1,1
35675,81,90,-9,9
35676,134,142,-8,8
35677,126,123,3,3
35678,160,136,24,24
35679,75,77,-2,2
35680,104,108,-4,4
35681,150,132,18,18
35682,120,120,0,0
35683,90,94,-4,4
35684,120,110,10,10
35685,142,133,9,9
35686,75,70,5,5
35687,102,97,5,5
35688,162,145,17,17
35689,74,71,3,3
35690,75,73,2,2
35691,99,102,-3,3
35692,130,128,2,2
35693,53,62,-9,9
35694,127,132,-5,5
35695,103,95,8,8
35696,94,92,2,2
35697,76,95,-19,19
35698,83,93,-10,10
35699,195,168,27,27
35700,58,70,-12,12
35701,51,64,-13,13
35702,153,141,12,12
35703,190,171,19,19
35704,87,92,-5,5
35705,96,98,-2,2
35706,100,94,6,6
35707,74,71,3,3
35708,67,69,-2,2
35709,124,119,5,5
35710,74,67,7,7
35711,111,99,12,12
35712,93,114,-21,21
35713,107,100,7,7
35714,70,59,11,11
35715,154,141,13,13
35716,125,114,11,11
35717,107,99,8,8
35718,69,88,-19,19
35719,101,104,-3,3
35720,95,90,5,5
35721,96,93,3,3
35722,85,85,0,0
35723,70,97,-27,27
35724,68,65,3,3
35725,61,63,-2,2
35726,155,148,7,7
35727,58,64,-6,6
35728,72,73,-1,1
35729,47,62,-15,15
35730,98,101,-3,3
35731,145,136,9,9
35732,52,61,-9,9
35733,120,105,15,15
35734,78,75,3,3
35735,56,62,-6,6
35736,89,96,-7,7
35737,82,89,-7,7
35738,104,107,-3,3
35739,128,135,-7,7
35740,159,138,21,21
35741,79,91,-12,12
35742,109,104,5,5
35743,120,119,1,1
35744,79,99,-20,20
35745,73,62,11,11
35746,64,60,4,4
35747,97,93,4,4
35748,135,115,20,20
35749,81,93,-12,12
35750,91,92,-1,1
35751,58,62,-4,4
35752,78,75,3,3
35753,77,73,4,4
35754,47,61,-14,14
35755,167,149,18,18
35756,65,90,-25,25
35757,152,141,11,11
35758,159,147,12,12
35759,89,109,-20,20
35760,205,188,17,17
35761,108,101,7,7
35762,101,95,6,6
35763,129,125,4,4
35764,123,120,3,3
35765,90,93,-3,3
35766,138,131,7,7
35767,105,97,8,8
35768,93,88,5,5
35769,129,115,14,14
35770,110,100,10,10
35771,86,98,-12,12
35772,72,82,-10,10
35773,122,114,8,8
35774,37,62,-25,25
35775,173,164,9,9
35776,97,91,6,6
35777,45,62,-17,17
35778,97,92,5,5
35779,85,96,-11,11
35780,83,89,-6,6
35781,105,99,6,6
35782,138,129,9,9
35783,98,93,5,5
35784,128,120,8,8
35785,94,89,5,5
35786,131,114,17,17
35787,67,66,1,1
35788,176,162,14,14
35789,116,113,3,3
35790,116,120,-4,4
35791,80,56,24,24
35792,84,83,1,1
35793,69,73,-4,4
35794,165,159,6,6
35795,55,64,-9,9
35796,123,122,1,1
35797,117,122,-5,5
35798,81,68,13,13
35799,86,85,1,1
35800,185,172,13,13
35801,104,116,-12,12
35802,89,93,-4,4
35803,85,84,1,1
35804,156,139,17,17
35805,72,68,4,4
35806,95,79,16,16
35807,86,78,8,8
35808,72,67,5,5
35809,168,147,21,21
35810,42,61,-19,19
35811,93,97,-4,4
35812,103,95,8,8
35813,83,89,-6,6
35814,137,128,9,9
35815,117,123,-6,6
35816,77,85,-8,8
35817,79,93,-14,14
35818,121,119,2,2
35819,110,119,-9,9
35820,101,96,5,5
35821,88,101,-13,13
35822,91,91,0,0
35823,166,145,21,21
35824,63,59,4,4
35825,92,94,-2,2
35826,138,124,14,14
35827,110,113,-3,3
35828,151,148,3,3
35829,121,127,-6,6
35830,73,74,-1,1
35831,77,70,7,7
35832,197,187,10,10
35833,94,82,12,12
35834,67,71,-4,4
35835,147,125,22,22
35836,92,111,-19,19
35837,138,133,5,5
35838,71,83,-12,12
35839,93,92,1,1
35840,115,107,8,8
35841,90,88,2,2
35842,137,132,5,5
35843,136,139,-3,3
35844,63,63,0,0
35845,68,70,-2,2
35846,105,110,-5,5
35847,61,62,-1,1
35848,75,78,-3,3
35849,120,119,1,1
35850,145,139,6,6
35851,106,100,6,6
35852,171,153,18,18
35853,87,94,-7,7
35854,112,102,10,10
35855,75,80,-5,5
35856,84,92,-8,8
35857,55,62,-7,7
35858,57,62,-5,5
35859,71,66,5,5
35860,150,134,16,16
35861,42,55,-13,13
35862,95,95,0,0
35863,100,104,-4,4
35864,77,69,8,8
35865,134,138,-4,4
35866,100,89,11,11
35867,117,119,-2,2
35868,74,108,-34,34
35869,106,102,4,4
35870,121,110,11,11
35871,115,106,9,9
35872,137,125,12,12
35873,80,86,-6,6
35874,81,91,-10,10
35875,50,61,-11,11
35876,60,66,-6,6
35877,143,122,21,21
35878,80,98,-18,18
35879,72,70,2,2
35880,74,70,4,4
35881,125,124,1,1
35882,111,100,11,11
35883,99,99,0,0
35884,72,69,3,3
35885,84,76,8,8
35886,52,60,-8,8
35887,54,62,-8,8
35888,63,63,0,0
35889,101,99,2,2
35890,65,59,6,6
35891,74,83,-9,9
35892,141,141,0,0
35893,84,86,-2,2
35894,156,138,18,18
35895,105,100,5,5
35896,130,121,9,9
35897,74,74,0,0
35898,97,106,-9,9
35899,111,112,-1,1
35900,65,68,-3,3
35901,124,117,7,7
35902,80,80,0,0
35903,93,94,-1,1
35904,122,118,4,4
35905,84,97,-13,13
35906,92,96,-4,4
35907,52,76,-24,24
35908,86,96,-10,10
35909,69,74,-5,5
35910,114,111,3,3
35911,68,64,4,4
35912,123,123,0,0
35913,104,117,-13,13
35914,119,107,12,12
35915,123,117,6,6
35916,99,96,3,3
35917,117,128,-11,11
35918,94,103,-9,9
35919,126,120,6,6
35920,148,130,18,18
35921,112,103,9,9
35922,168,163,5,5
35923,81,80,1,1
35924,100,100,0,0
35925,78,83,-5,5
35926,109,109,0,0
35927,120,113,7,7
35928,119,125,-6,6
35929,83,109,-26,26
35930,138,128,10,10
35931,63,66,-3,3
35932,63,61,2,2
35933,88,83,5,5
35934,50,61,-11,11
35935,171,152,19,19
35936,111,98,13,13
35937,154,152,2,2
35938,131,114,17,17
35939,110,104,6,6
35940,74,72,2,2
35941,116,118,-2,2
35942,112,111,1,1
35943,89,91,-2,2
35944,109,114,-5,5
35945,68,69,-1,1
35946,77,76,1,1
35947,69,66,3,3
35948,54,63,-9,9
35949,74,71,3,3
35950,140,134,6,6
35951,92,84,8,8
35952,47,61,-14,14
35953,49,61,-12,12
35954,72,73,-1,1
35955,79,86,-7,7
35956,45,61,-16,16
35957,53,61,-8,8
35958,114,118,-4,4
35959,64,68,-4,4
35960,63,64,-1,1
35961,113,104,9,9
35962,103,98,5,5
35963,109,104,5,5
35964,94,94,0,0
35965,65,66,-1,1
35966,94,110,-16,16
35967,142,139,3,3
35968,38,61,-23,23
35969,91,102,-11,11
35970,86,84,2,2
35971,150,137,13,13
35972,66,67,-1,1
35973,68,65,3,3
35974,62,63,-1,1
35975,53,62,-9,9
35976,53,60,-7,7
35977,117,112,5,5
35978,89,94,-5,5
35979,96,89,7,7
35980,109,109,0,0
35981,100,104,-4,4
35982,132,118,14,14
35983,125,125,0,0
35984,47,58,-11,11
35985,76,99,-23,23
35986,80,82,-2,2
35987,108,127,-19,19
35988,72,76,-4,4
35989,79,80,-1,1
35990,103,100,3,3
35991,93,97,-4,4
35992,90,86,4,4
35993,76,74,2,2
35994,88,88,0,0
35995,70,72,-2,2
35996,162,139,23,23
35997,86,83,3,3
35998,62,63,-1,1
35999,78,77,1,1
36000,51,60,-9,9
36001,131,114,17,17
36002,81,81,0,0
36003,100,104,-4,4
36004,107,107,0,0
36005,71,72,-1,1
36006,99,99,0,0
36007,128,117,11,11
36008,102,105,-3,3
36009,111,119,-8,8
36010,114,114,0,0
36011,145,135,10,10
36012,123,111,12,12
36013,64,65,-1,1
36014,138,132,6,6
36015,120,121,-1,1
36016,96,99,-3,3
36017,143,138,5,5
36018,79,81,-2,2
36019,139,141,-2,2
36020,124,116,8,8
36021,76,84,-8,8
36022,67,69,-2,2
36023,65,80,-15,15
36024,62,61,1,1
36025,184,170,14,14
36026,102,101,1,1
36027,60,64,-4,4
36028,79,91,-12,12
36029,63,63,0,0
36030,70,60,10,10
36031,91,100,-9,9
36032,68,72,-4,4
36033,86,95,-9,9
36034,97,108,-11,11
36035,78,91,-13,13
36036,110,97,13,13
36037,94,86,8,8
36038,68,89,-21,21
36039,150,139,11,11
36040,81,76,5,5
36041,58,63,-5,5
36042,48,62,-14,14
36043,76,77,-1,1
36044,102,98,4,4
36045,74,77,-3,3
36046,60,63,-3,3
36047,75,87,-12,12
36048,92,91,1,1
36049,62,64,-2,2
36050,91,96,-5,5
36051,93,93,0,0
36052,146,141,5,5
36053,94,91,3,3
36054,88,92,-4,4
36055,124,129,-5,5
36056,92,97,-5,5
36057,87,113,-26,26
36058,113,120,-7,7
36059,99,96,3,3
36060,90,90,0,0
36061,95,92,3,3
36062,61,62,-1,1
36063,139,122,17,17
36064,106,115,-9,9
36065,42,61,-19,19
36066,95,104,-9,9
36067,121,126,-5,5
36068,130,137,-7,7
36069,121,118,3,3
36070,74,76,-2,2
36071,84,87,-3,3
36072,70,68,2,2
36073,73,77,-4,4
36074,116,108,8,8
36075,120,116,4,4
36076,151,137,14,14
36077,80,88,-8,8
36078,90,101,-11,11
36079,68,76,-8,8
36080,102,98,4,4
36081,180,166,14,14
36082,44,85,-41,41
36083,170,158,12,12
36084,99,99,0,0
36085,130,121,9,9
36086,78,107,-29,29
36087,107,103,4,4
36088,93,102,-9,9
36089,146,139,7,7
36090,97,93,4,4
36091,107,99,8,8
36092,116,110,6,6
36093,81,95,-14,14
36094,84,77,7,7
36095,88,99,-11,11
36096,77,67,10,10
36097,65,67,-2,2
36098,158,142,16,16
36099,76,79,-3,3
36100,56,62,-6,6
36101,119,119,0,0
36102,82,79,3,3
36103,52,61,-9,9
36104,44,62,-18,18
36105,122,110,12,12
36106,92,98,-6,6
36107,87,91,-4,4
36108,152,150,2,2
36109,97,99,-2,2
36110,127,117,10,10
36111,61,64,-3,3
36112,58,63,-5,5
36113,94,96,-2,2
36114,123,117,6,6
36115,141,118,23,23
36116,61,69,-8,8
36117,151,166,-15,15
36118,117,113,4,4
36119,88,92,-4,4
36120,71,64,7,7
36121,131,128,3,3
36122,98,98,0,0
36123,54,58,-4,4
36124,133,123,10,10
36125,68,63,5,5
36126,49,61,-12,12
36127,106,102,4,4
36128,144,134,10,10
36129,105,106,-1,1
36130,59,60,-1,1
36131,65,68,-3,3
36132,136,125,11,11
36133,58,61,-3,3
36134,49,60,-11,11
36135,47,62,-15,15
36136,87,91,-4,4
36137,81,94,-13,13
36138,110,102,8,8
36139,119,115,4,4
36140,114,109,5,5
36141,77,70,7,7
36142,114,110,4,4
36143,112,110,2,2
36144,86,113,-27,27
36145,91,97,-6,6
36146,136,123,13,13
36147,52,58,-6,6
36148,85,92,-7,7
36149,97,97,0,0
36150,151,136,15,15
36151,118,110,8,8
36152,156,129,27,27
36153,61,59,2,2
36154,107,103,4,4
36155,173,162,11,11
36156,86,93,-7,7
36157,74,80,-6,6
36158,90,89,1,1
36159,61,65,-4,4
36160,112,112,0,0
36161,114,125,-11,11
36162,86,93,-7,7
36163,115,115,0,0
36164,128,125,3,3
36165,62,63,-1,1
36166,81,90,-9,9
36167,102,105,-3,3
36168,104,106,-2,2
36169,70,79,-9,9
36170,85,84,1,1
36171,59,63,-4,4
36172,112,102,10,10
36173,141,145,-4,4
36174,103,124,-21,21
36175,89,92,-3,3
36176,83,80,3,3
36177,54,61,-7,7
36178,70,79,-9,9
36179,75,81,-6,6
36180,124,119,5,5
36181,64,63,1,1
36182,137,127,10,10
36183,112,123,-11,11
36184,60,73,-13,13
36185,103,111,-8,8
36186,76,72,4,4
36187,100,93,7,7
36188,68,70,-2,2
36189,72,86,-14,14
36190,52,61,-9,9
36191,91,97,-6,6
36192,57,61,-4,4
36193,71,60,11,11
36194,99,103,-4,4
36195,117,131,-14,14
36196,179,162,17,17
36197,109,105,4,4
36198,33,53,-20,20
36199,101,101,0,0
36200,105,98,7,7
36201,88,90,-2,2
36202,152,154,-2,2
36203,88,81,7,7
36204,140,126,14,14
36205,123,109,14,14
36206,129,123,6,6
36207,57,62,-5,5
36208,53,62,-9,9
36209,65,65,0,0
36210,72,69,3,3
36211,127,136,-9,9
36212,62,69,-7,7
36213,47,62,-15,15
36214,101,114,-13,13
36215,58,61,-3,3
36216,90,99,-9,9
36217,71,68,3,3
36218,148,135,13,13
36219,131,120,11,11
36220,173,167,6,6
36221,140,125,15,15
36222,88,93,-5,5
36223,105,110,-5,5
36224,129,119,10,10
36225,105,100,5,5
36226,113,124,-11,11
36227,83,94,-11,11
36228,58,60,-2,2
36229,59,62,-3,3
36230,110,97,13,13
36231,106,108,-2,2
36232,95,98,-3,3
36233,101,89,12,12
36234,56,67,-11,11
36235,134,133,1,1
36236,118,114,4,4
36237,114,102,12,12
36238,70,69,1,1
36239,68,71,-3,3
36240,66,87,-21,21
36241,92,91,1,1
36242,113,113,0,0
36243,108,103,5,5
36244,91,100,-9,9
36245,146,149,-3,3
36246,114,109,5,5
36247,103,106,-3,3
36248,108,148,-40,40
36249,60,62,-2,2
36250,62,70,-8,8
36251,102,101,1,1
36252,110,113,-3,3
36253,194,165,29,29
36254,53,61,-8,8
36255,102,101,1,1
36256,175,149,26,26
36257,66,62,4,4
36258,108,104,4,4
36259,112,107,5,5
36260,154,141,13,13
36261,121,122,-1,1
36262,66,62,4,4
36263,84,84,0,0
36264,72,74,-2,2
36265,97,93,4,4
36266,125,119,6,6
36267,53,60,-7,7
36268,56,60,-4,4
36269,139,138,1,1
36270,76,92,-16,16
36271,98,96,2,2
36272,64,69,-5,5
36273,102,102,0,0
36274,63,68,-5,5
36275,125,122,3,3
36276,133,112,21,21
36277,61,62,-1,1
36278,57,61,-4,4
36279,87,90,-3,3
36280,65,75,-10,10
36281,45,62,-17,17
36282,105,109,-4,4
36283,123,117,6,6
36284,96,89,7,7
36285,146,155,-9,9
36286,65,66,-1,1
36287,93,90,3,3
36288,67,69,-2,2
36289,112,95,17,17
36290,128,115,13,13
36291,78,81,-3,3
36292,73,70,3,3
36293,89,90,-1,1
36294,62,63,-1,1
36295,127,127,0,0
36296,126,113,13,13
36297,80,73,7,7
36298,84,93,-9,9
36299,85,104,-19,19
36300,65,68,-3,3
36301,63,60,3,3
36302,42,62,-20,20
36303,84,84,0,0
36304,73,70,3,3
36305,50,61,-11,11
36306,107,128,-21,21
36307,108,103,5,5
36308,65,69,-4,4
36309,150,126,24,24
36310,101,100,1,1
36311,51,62,-11,11
36312,74,78,-4,4
36313,79,78,1,1
36314,117,104,13,13
36315,71,89,-18,18
36316,70,76,-6,6
36317,75,72,3,3
36318,38,61,-23,23
36319,104,109,-5,5
36320,97,96,1,1
36321,117,110,7,7
36322,78,73,5,5
36323,58,70,-12,12
36324,133,128,5,5
36325,51,61,-10,10
36326,117,116,1,1
36327,82,73,9,9
36328,155,142,13,13
36329,102,107,-5,5
36330,137,128,9,9
36331,85,82,3,3
36332,132,130,2,2
36333,35,60,-25,25
36334,72,95,-23,23
36335,119,122,-3,3
36336,90,89,1,1
36337,69,71,-2,2
36338,76,84,-8,8
36339,85,93,-8,8
36340,114,105,9,9
36341,84,108,-24,24
36342,78,80,-2,2
36343,55,63,-8,8
36344,102,106,-4,4
36345,163,139,24,24
36346,69,70,-1,1
36347,126,121,5,5
36348,43,61,-18,18
36349,61,61,0,0
36350,54,63,-9,9
36351,109,103,6,6
36352,102,119,-17,17
36353,80,85,-5,5
36354,206,178,28,28
36355,51,62,-11,11
36356,89,90,-1,1
36357,72,82,-10,10
36358,127,123,4,4
36359,76,82,-6,6
36360,107,106,1,1
36361,71,67,4,4
36362,66,62,4,4
36363,76,76,0,0
36364,184,162,22,22
36365,129,126,3,3
36366,55,61,-6,6
36367,110,113,-3,3
36368,75,80,-5,5
36369,61,63,-2,2
36370,136,123,13,13
36371,103,96,7,7
36372,115,120,-5,5
36373,55,63,-8,8
36374,113,106,7,7
36375,89,84,5,5
36376,121,107,14,14
36377,80,97,-17,17
36378,141,133,8,8
36379,150,161,-11,11
36380,90,89,1,1
36381,73,77,-4,4
36382,137,156,-19,19
36383,107,96,11,11
36384,86,89,-3,3
36385,112,111,1,1
36386,46,62,-16,16
36387,72,75,-3,3
36388,99,101,-2,2
36389,63,65,-2,2
36390,126,104,22,22
36391,64,60,4,4
36392,90,104,-14,14
36393,59,63,-4,4
36394,66,59,7,7
36395,114,99,15,15
36396,102,99,3,3
36397,77,75,2,2
36398,90,80,10,10
36399,68,69,-1,1
36400,78,68,10,10
36401,71,70,1,1
36402,49,62,-13,13
36403,83,84,-1,1
36404,112,122,-10,10
36405,102,107,-5,5
36406,134,111,23,23
36407,57,61,-4,4
36408,71,71,0,0
36409,163,154,9,9
36410,130,120,10,10
36411,123,132,-9,9
36412,117,116,1,1
36413,78,76,2,2
36414,39,62,-23,23
36415,49,61,-12,12
36416,57,61,-4,4
36417,51,62,-11,11
36418,123,116,7,7
36419,92,97,-5,5
36420,93,98,-5,5
36421,77,75,2,2
36422,197,158,39,39
36423,112,114,-2,2
36424,63,70,-7,7
36425,83,94,-11,11
36426,68,90,-22,22
36427,105,101,4,4
36428,62,70,-8,8
36429,71,66,5,5
36430,91,91,0,0
36431,85,87,-2,2
36432,197,191,6,6
36433,124,114,10,10
36434,119,117,2,2
36435,130,135,-5,5
36436,81,80,1,1
36437,92,96,-4,4
36438,71,69,2,2
36439,67,63,4,4
36440,99,95,4,4
36441,94,97,-3,3
36442,114,118,-4,4
36443,167,149,18,18
36444,120,111,9,9
36445,125,122,3,3
36446,70,63,7,7
36447,114,105,9,9
36448,95,95,0,0
36449,46,63,-17,17
36450,101,108,-7,7
36451,61,63,-2,2
36452,90,100,-10,10
36453,67,160,-93,93
36454,157,140,17,17
36455,79,74,5,5
36456,105,103,2,2
36457,112,100,12,12
36458,89,94,-5,5
36459,105,105,0,0
36460,124,122,2,2
36461,65,63,2,2
36462,73,71,2,2
36463,66,69,-3,3
36464,61,66,-5,5
36465,125,135,-10,10
36466,122,128,-6,6
36467,76,73,3,3
36468,90,97,-7,7
36469,176,150,26,26
36470,62,67,-5,5
36471,139,130,9,9
36472,43,61,-18,18
36473,67,71,-4,4
36474,50,61,-11,11
36475,66,68,-2,2
36476,59,64,-5,5
36477,81,74,7,7
36478,83,77,6,6
36479,92,92,0,0
36480,76,84,-8,8
36481,62,60,2,2
36482,64,79,-15,15
36483,92,101,-9,9
36484,123,117,6,6
36485,84,71,13,13
36486,88,95,-7,7
36487,58,61,-3,3
36488,87,90,-3,3
36489,73,73,0,0
36490,44,62,-18,18
36491,123,115,8,8
36492,76,69,7,7
36493,82,92,-10,10
36494,84,86,-2,2
36495,69,71,-2,2
36496,80,93,-13,13
36497,104,103,1,1
36498,81,83,-2,2
36499,79,90,-11,11
36500,90,106,-16,16
36501,105,106,-1,1
36502,140,131,9,9
36503,85,89,-4,4
36504,96,94,2,2
36505,102,101,1,1
36506,81,78,3,3
36507,117,111,6,6
36508,68,64,4,4
36509,79,80,-1,1
36510,143,130,13,13
36511,66,60,6,6
36512,52,61,-9,9
36513,109,101,8,8
36514,40,61,-21,21
36515,140,129,11,11
36516,115,108,7,7
36517,74,91,-17,17
36518,61,67,-6,6
36519,66,68,-2,2
36520,92,77,15,15
36521,48,72,-24,24
36522,116,113,3,3
36523,141,130,11,11
36524,113,107,6,6
36525,89,85,4,4
36526,139,120,19,19
36527,134,129,5,5
36528,152,146,6,6
36529,88,92,-4,4
36530,93,95,-2,2
36531,161,146,15,15
36532,90,96,-6,6
36533,68,64,4,4
36534,148,129,19,19
36535,82,81,1,1
36536,96,96,0,0
36537,171,168,3,3
36538,96,108,-12,12
36539,66,71,-5,5
36540,113,105,8,8
36541,78,80,-2,2
36542,82,80,2,2
36543,61,62,-1,1
36544,82,79,3,3
36545,99,108,-9,9
36546,225,179,46,46
36547,81,75,6,6
36548,62,58,4,4
36549,66,69,-3,3
36550,44,87,-43,43
36551,74,88,-14,14
36552,83,83,0,0
36553,109,106,3,3
36554,51,62,-11,11
36555,121,128,-7,7
36556,83,71,12,12
36557,81,93,-12,12
36558,53,64,-11,11
36559,73,84,-11,11
36560,109,102,7,7
36561,151,144,7,7
36562,115,114,1,1
36563,122,114,8,8
36564,116,116,0,0
36565,107,102,5,5
36566,109,100,9,9
36567,72,68,4,4
36568,43,55,-12,12
36569,78,73,5,5
36570,127,115,12,12
36571,50,60,-10,10
36572,96,102,-6,6
36573,53,60,-7,7
36574,37,61,-24,24
36575,94,87,7,7
36576,56,65,-9,9
36577,27,62,-35,35
36578,38,61,-23,23
36579,109,111,-2,2
36580,109,109,0,0
36581,70,75,-5,5
36582,60,65,-5,5
36583,82,94,-12,12
36584,67,67,0,0
36585,67,70,-3,3
36586,78,79,-1,1
36587,62,71,-9,9
36588,49,61,-12,12
36589,109,100,9,9
36590,88,94,-6,6
36591,81,94,-13,13
36592,82,92,-10,10
36593,90,90,0,0
36594,79,81,-2,2
36595,97,93,4,4
36596,75,82,-7,7
36597,104,100,4,4
36598,84,97,-13,13
36599,146,136,10,10
36600,62,61,1,1
36601,104,109,-5,5
36602,106,121,-15,15
36603,92,97,-5,5
36604,92,94,-2,2
36605,92,97,-5,5
36606,71,70,1,1
36607,91,96,-5,5
36608,87,89,-2,2
36609,79,96,-17,17
36610,86,101,-15,15
36611,128,111,17,17
36612,186,172,14,14
36613,138,126,12,12
36614,89,88,1,1
36615,168,150,18,18
36616,46,60,-14,14
36617,93,94,-1,1
36618,72,77,-5,5
36619,110,102,8,8
36620,99,91,8,8
36621,51,61,-10,10
36622,93,96,-3,3
36623,99,96,3,3
36624,126,117,9,9
36625,64,68,-4,4
36626,209,188,21,21
36627,102,102,0,0
36628,98,104,-6,6
36629,79,70,9,9
36630,85,98,-13,13
36631,64,63,1,1
36632,83,81,2,2
36633,121,102,19,19
36634,111,105,6,6
36635,72,70,2,2
36636,97,99,-2,2
36637,96,89,7,7
36638,64,67,-3,3
36639,128,134,-6,6
36640,34,60,-26,26
36641,124,104,20,20
36642,84,77,7,7
36643,132,121,11,11
36644,55,61,-6,6
36645,118,114,4,4
36646,47,61,-14,14
36647,74,72,2,2
36648,75,68,7,7
36649,93,97,-4,4
36650,171,145,26,26
36651,81,87,-6,6
36652,62,66,-4,4
36653,81,76,5,5
36654,83,77,6,6
36655,65,64,1,1
36656,61,63,-2,2
36657,83,92,-9,9
36658,102,100,2,2
36659,78,82,-4,4
36660,85,84,1,1
36661,122,113,9,9
36662,60,62,-2,2
36663,151,147,4,4
36664,72,76,-4,4
36665,93,97,-4,4
36666,99,97,2,2
36667,95,103,-8,8
36668,105,101,4,4
36669,83,69,14,14
36670,128,129,-1,1
36671,76,110,-34,34
36672,114,104,10,10
36673,125,125,0,0
36674,88,90,-2,2
36675,117,120,-3,3
36676,54,61,-7,7
36677,102,103,-1,1
36678,60,60,0,0
36679,47,65,-18,18
36680,76,71,5,5
36681,53,61,-8,8
36682,83,92,-9,9
36683,148,152,-4,4
36684,101,102,-1,1
36685,126,118,8,8
36686,124,191,-67,67
36687,114,111,3,3
36688,74,83,-9,9
36689,83,97,-14,14
36690,109,100,9,9
36691,89,100,-11,11
36692,76,78,-2,2
36693,53,61,-8,8
36694,78,79,-1,1
36695,60,63,-3,3
36696,136,128,8,8
36697,42,60,-18,18
36698,126,114,12,12
36699,99,109,-10,10
36700,96,103,-7,7
36701,45,60,-15,15
36702,77,73,4,4
36703,167,145,22,22
36704,102,129,-27,27
36705,92,100,-8,8
36706,61,58,3,3
36707,138,125,13,13
36708,117,126,-9,9
36709,127,119,8,8
36710,92,74,18,18
36711,83,90,-7,7
36712,69,68,1,1
36713,189,165,24,24
36714,89,86,3,3
36715,154,144,10,10
36716,78,87,-9,9
36717,92,94,-2,2
36718,151,148,3,3
36719,138,141,-3,3
36720,73,69,4,4
36721,152,147,5,5
36722,122,119,3,3
36723,71,64,7,7
36724,118,112,6,6
36725,93,84,9,9
36726,104,106,-2,2
36727,85,81,4,4
36728,91,93,-2,2
36729,50,61,-11,11
36730,102,91,11,11
36731,120,119,1,1
36732,111,106,5,5
36733,71,76,-5,5
36734,57,61,-4,4
36735,161,137,24,24
36736,53,60,-7,7
36737,122,130,-8,8
36738,125,123,2,2
36739,83,88,-5,5
36740,74,83,-9,9
36741,78,80,-2,2
36742,51,62,-11,11
36743,167,138,29,29
36744,78,82,-4,4
36745,207,187,20,20
36746,120,116,4,4
36747,142,142,0,0
36748,71,88,-17,17
36749,144,121,23,23
36750,55,60,-5,5
36751,75,65,10,10
36752,113,119,-6,6
36753,100,110,-10,10
36754,56,64,-8,8
36755,137,121,16,16
36756,92,95,-3,3
36757,142,131,11,11
36758,114,113,1,1
36759,47,62,-15,15
36760,61,61,0,0
36761,130,119,11,11
36762,68,71,-3,3
36763,72,93,-21,21
36764,39,60,-21,21
36765,116,119,-3,3
36766,135,120,15,15
36767,121,119,2,2
36768,126,120,6,6
36769,115,126,-11,11
36770,92,91,1,1
36771,137,118,19,19
36772,67,66,1,1
36773,58,62,-4,4
36774,74,77,-3,3
36775,66,60,6,6
36776,70,62,8,8
36777,89,111,-22,22
36778,85,95,-10,10
36779,77,79,-2,2
36780,54,62,-8,8
36781,103,107,-4,4
36782,45,61,-16,16
36783,35,54,-19,19
36784,84,114,-30,30
36785,61,72,-11,11
36786,114,106,8,8
36787,47,61,-14,14
36788,86,89,-3,3
36789,92,100,-8,8
36790,61,58,3,3
36791,96,97,-1,1
36792,48,62,-14,14
36793,115,123,-8,8
36794,209,187,22,22
36795,89,93,-4,4
36796,63,62,1,1
36797,68,66,2,2
36798,88,100,-12,12
36799,63,69,-6,6
36800,121,126,-5,5
36801,146,155,-9,9
36802,64,63,1,1
36803,75,74,1,1
36804,118,122,-4,4
36805,121,120,1,1
36806,87,85,2,2
36807,80,83,-3,3
36808,80,89,-9,9
36809,107,98,9,9
36810,137,129,8,8
36811,96,92,4,4
36812,74,70,4,4
36813,90,78,12,12
36814,70,64,6,6
36815,45,62,-17,17
36816,63,60,3,3
36817,122,115,7,7
36818,80,73,7,7
36819,91,95,-4,4
36820,241,215,26,26
36821,49,63,-14,14
36822,115,121,-6,6
36823,136,126,10,10
36824,87,76,11,11
36825,90,105,-15,15
36826,86,89,-3,3
36827,126,119,7,7
36828,63,79,-16,16
36829,68,63,5,5
36830,83,74,9,9
36831,101,101,0,0
36832,82,108,-26,26
36833,105,109,-4,4
36834,141,137,4,4
36835,67,71,-4,4
36836,29,62,-33,33
36837,96,102,-6,6
36838,69,61,8,8
36839,62,64,-2,2
36840,68,72,-4,4
36841,96,89,7,7
36842,122,126,-4,4
36843,109,113,-4,4
36844,83,81,2,2
36845,127,120,7,7
36846,115,125,-10,10
36847,95,95,0,0
36848,64,62,2,2
36849,80,88,-8,8
36850,285,279,6,6
36851,88,90,-2,2
36852,154,126,28,28
36853,163,151,12,12
36854,68,114,-46,46
36855,72,87,-15,15
36856,184,172,12,12
36857,87,82,5,5
36858,58,62,-4,4
36859,110,113,-3,3
36860,62,70,-8,8
36861,53,60,-7,7
36862,158,156,2,2
36863,87,106,-19,19
36864,70,81,-11,11
36865,72,73,-1,1
36866,141,122,19,19
36867,94,93,1,1
36868,48,61,-13,13
36869,56,62,-6,6
36870,169,149,20,20
36871,81,104,-23,23
36872,71,68,3,3
36873,97,91,6,6
36874,73,70,3,3
36875,90,95,-5,5
36876,122,118,4,4
36877,68,61,7,7
36878,128,118,10,10
36879,68,70,-2,2
36880,128,125,3,3
36881,80,82,-2,2
36882,76,67,9,9
36883,131,136,-5,5
36884,96,101,-5,5
36885,118,125,-7,7
36886,112,105,7,7
36887,174,155,19,19
36888,44,61,-17,17
36889,92,99,-7,7
36890,66,66,0,0
36891,90,96,-6,6
36892,144,132,12,12
36893,110,103,7,7
36894,164,142,22,22
36895,85,83,2,2
36896,87,100,-13,13
36897,126,141,-15,15
36898,70,70,0,0
36899,111,114,-3,3
36900,56,62,-6,6
36901,50,61,-11,11
36902,93,98,-5,5
36903,66,69,-3,3
36904,77,75,2,2
36905,59,63,-4,4
36906,95,101,-6,6
36907,79,73,6,6
36908,84,83,1,1
36909,81,78,3,3
36910,118,104,14,14
36911,62,62,0,0
36912,113,112,1,1
36913,89,80,9,9
36914,109,103,6,6
36915,157,145,12,12
36916,144,156,-12,12
36917,113,104,9,9
36918,136,119,17,17
36919,55,59,-4,4
36920,100,127,-27,27
36921,127,114,13,13
36922,137,132,5,5
36923,77,70,7,7
36924,75,73,2,2
36925,96,100,-4,4
36926,183,165,18,18
36927,100,96,4,4
36928,66,61,5,5
36929,87,93,-6,6
36930,76,79,-3,3
36931,79,100,-21,21
36932,84,84,0,0
36933,101,98,3,3
36934,110,110,0,0
36935,97,99,-2,2
36936,55,61,-6,6
36937,94,91,3,3
36938,65,66,-1,1
36939,78,78,0,0
36940,69,63,6,6
36941,171,159,12,12
36942,78,77,1,1
36943,58,61,-3,3
36944,79,83,-4,4
36945,90,84,6,6
36946,43,61,-18,18
36947,80,99,-19,19
36948,121,126,-5,5
36949,186,160,26,26
36950,87,90,-3,3
36951,25,62,-37,37
36952,77,89,-12,12
36953,111,111,0,0
36954,60,61,-1,1
36955,70,73,-3,3
36956,145,131,14,14
36957,83,89,-6,6
36958,87,75,12,12
36959,79,77,2,2
36960,110,107,3,3
36961,70,64,6,6
36962,157,144,13,13
36963,95,98,-3,3
36964,62,65,-3,3
36965,83,82,1,1
36966,64,64,0,0
36967,240,224,16,16
36968,77,80,-3,3
36969,171,150,21,21
36970,111,109,2,2
36971,98,93,5,5
36972,60,62,-2,2
36973,94,94,0,0
36974,117,112,5,5
36975,113,113,0,0
36976,149,156,-7,7
36977,84,86,-2,2
36978,50,61,-11,11
36979,109,120,-11,11
36980,77,93,-16,16
36981,125,119,6,6
36982,74,90,-16,16
36983,80,79,1,1
36984,70,70,0,0
36985,79,85,-6,6
36986,125,109,16,16
36987,102,91,11,11
36988,72,69,3,3
36989,99,105,-6,6
36990,73,84,-11,11
36991,104,97,7,7
36992,99,96,3,3
36993,97,92,5,5
36994,135,133,2,2
36995,80,90,-10,10
36996,146,141,5,5
36997,59,62,-3,3
36998,95,98,-3,3
36999,159,141,18,18
37000,73,65,8,8
37001,94,98,-4,4
37002,159,131,28,28
37003,178,172,6,6
37004,58,62,-4,4
37005,88,84,4,4
37006,88,98,-10,10
37007,81,91,-10,10
37008,79,71,8,8
37009,54,61,-7,7
37010,88,84,4,4
37011,75,67,8,8
37012,101,95,6,6
37013,89,82,7,7
37014,51,62,-11,11
37015,121,115,6,6
37016,110,115,-5,5
37017,99,92,7,7
37018,63,65,-2,2
37019,113,114,-1,1
37020,137,135,2,2
37021,114,123,-9,9
37022,87,82,5,5
37023,176,144,32,32
37024,136,128,8,8
37025,104,100,4,4
37026,131,60,71,71
37027,100,111,-11,11
37028,110,117,-7,7
37029,54,59,-5,5
37030,99,101,-2,2
37031,55,62,-7,7
37032,141,124,17,17
37033,142,135,7,7
37034,125,110,15,15
37035,114,120,-6,6
37036,121,116,5,5
37037,138,124,14,14
37038,66,76,-10,10
37039,108,104,4,4
37040,137,126,11,11
37041,57,61,-4,4
37042,97,103,-6,6
37043,114,103,11,11
37044,124,147,-23,23
37045,66,68,-2,2
37046,51,63,-12,12
37047,162,147,15,15
37048,161,148,13,13
37049,116,109,7,7
37050,111,110,1,1
37051,143,139,4,4
37052,41,62,-21,21
37053,97,90,7,7
37054,49,61,-12,12
37055,156,141,15,15
37056,48,62,-14,14
37057,82,75,7,7
37058,58,60,-2,2
37059,81,81,0,0
37060,81,83,-2,2
37061,68,69,-1,1
37062,120,118,2,2
37063,28,62,-34,34
37064,84,99,-15,15
37065,96,102,-6,6
37066,79,82,-3,3
37067,446,440,6,6
37068,132,128,4,4
37069,131,122,9,9
37070,60,69,-9,9
37071,78,70,8,8
37072,113,109,4,4
37073,67,65,2,2
37074,83,83,0,0
37075,77,71,6,6
37076,82,84,-2,2
37077,60,64,-4,4
37078,112,109,3,3
37079,124,114,10,10
37080,150,126,24,24
37081,87,89,-2,2
37082,129,116,13,13
37083,151,141,10,10
37084,36,61,-25,25
37085,100,101,-1,1
37086,57,110,-53,53
37087,108,115,-7,7
37088,78,89,-11,11
37089,72,64,8,8
37090,69,83,-14,14
37091,108,110,-2,2
37092,87,85,2,2
37093,51,64,-13,13
37094,48,61,-13,13
37095,98,111,-13,13
37096,31,58,-27,27
37097,140,118,22,22
37098,74,75,-1,1
37099,95,101,-6,6
37100,87,88,-1,1
37101,120,119,1,1
37102,83,75,8,8
37103,81,98,-17,17
37104,75,77,-2,2
37105,87,93,-6,6
37106,145,141,4,4
37107,98,96,2,2
37108,52,61,-9,9
37109,83,86,-3,3
37110,55,71,-16,16
37111,110,114,-4,4
37112,125,128,-3,3
37113,87,77,10,10
37114,101,101,0,0
37115,81,70,11,11
37116,143,135,8,8
37117,218,189,29,29
37118,79,75,4,4
37119,97,92,5,5
37120,58,61,-3,3
37121,116,119,-3,3
37122,76,69,7,7
37123,94,109,-15,15
37124,79,95,-16,16
37125,60,64,-4,4
37126,103,110,-7,7
37127,51,61,-10,10
37128,113,107,6,6
37129,83,100,-17,17
37130,121,117,4,4
37131,87,75,12,12
37132,152,142,10,10
37133,97,99,-2,2
37134,169,160,9,9
37135,73,90,-17,17
37136,141,143,-2,2
37137,88,75,13,13
37138,75,162,-87,87
37139,78,74,4,4
37140,114,106,8,8
37141,95,86,9,9
37142,100,117,-17,17
37143,94,98,-4,4
37144,62,65,-3,3
37145,75,113,-38,38
37146,91,98,-7,7
37147,155,131,24,24
37148,82,80,2,2
37149,120,116,4,4
37150,154,137,17,17
37151,45,61,-16,16
37152,69,70,-1,1
37153,70,75,-5,5
37154,129,128,1,1
37155,83,76,7,7
37156,102,104,-2,2
37157,34,62,-28,28
37158,84,82,2,2
37159,93,93,0,0
37160,173,152,21,21
37161,81,91,-10,10
37162,112,121,-9,9
37163,141,131,10,10
37164,117,111,6,6
37165,87,97,-10,10
37166,89,103,-14,14
37167,138,139,-1,1
37168,77,83,-6,6
37169,71,76,-5,5
37170,108,112,-4,4
37171,84,81,3,3
37172,90,100,-10,10
37173,156,141,15,15
37174,90,94,-4,4
37175,91,94,-3,3
37176,64,63,1,1
37177,66,65,1,1
37178,59,60,-1,1
37179,124,113,11,11
37180,49,60,-11,11
37181,108,110,-2,2
37182,83,85,-2,2
37183,115,102,13,13
37184,59,61,-2,2
37185,51,65,-14,14
37186,90,86,4,4
37187,77,93,-16,16
37188,59,62,-3,3
37189,100,100,0,0
37190,138,124,14,14
37191,237,218,19,19
37192,71,73,-2,2
37193,51,61,-10,10
37194,160,157,3,3
37195,162,158,4,4
37196,121,118,3,3
37197,122,109,13,13
37198,64,62,2,2
37199,78,79,-1,1
37200,107,131,-24,24
37201,102,107,-5,5
37202,74,83,-9,9
37203,90,99,-9,9
37204,65,62,3,3
37205,85,93,-8,8
37206,88,93,-5,5
37207,95,98,-3,3
37208,92,95,-3,3
37209,148,123,25,25
37210,89,92,-3,3
37211,63,65,-2,2
37212,98,93,5,5
37213,74,78,-4,4
37214,69,69,0,0
37215,58,61,-3,3
37216,148,135,13,13
37217,75,81,-6,6
37218,128,122,6,6
37219,63,73,-10,10
37220,113,116,-3,3
37221,88,98,-10,10
37222,68,62,6,6
37223,98,101,-3,3
37224,79,80,-1,1
37225,69,74,-5,5
37226,284,255,29,29
37227,76,74,2,2
37228,98,101,-3,3
37229,73,75,-2,2
37230,135,128,7,7
37231,71,65,6,6
37232,85,79,6,6
37233,58,62,-4,4
37234,110,110,0,0
37235,63,61,2,2
37236,91,97,-6,6
37237,72,74,-2,2
37238,111,133,-22,22
37239,75,67,8,8
37240,127,129,-2,2
37241,157,135,22,22
37242,136,133,3,3
37243,66,63,3,3
37244,53,62,-9,9
37245,76,81,-5,5
37246,76,70,6,6
37247,123,129,-6,6
37248,90,96,-6,6
37249,62,63,-1,1
37250,93,111,-18,18
37251,150,131,19,19
37252,114,113,1,1
37253,99,88,11,11
37254,85,82,3,3
37255,68,65,3,3
37256,54,62,-8,8
37257,64,63,1,1
37258,126,123,3,3
37259,52,62,-10,10
37260,119,113,6,6
37261,112,108,4,4
37262,257,227,30,30
37263,75,82,-7,7
37264,58,60,-2,2
37265,87,89,-2,2
37266,50,62,-12,12
37267,79,86,-7,7
37268,142,128,14,14
37269,122,126,-4,4
37270,69,68,1,1
37271,82,77,5,5
37272,83,87,-4,4
37273,87,82,5,5
37274,132,126,6,6
37275,110,119,-9,9
37276,98,87,11,11
37277,93,95,-2,2
37278,112,117,-5,5
37279,101,96,5,5
37280,97,102,-5,5
37281,111,116,-5,5
37282,53,62,-9,9
37283,78,106,-28,28
37284,104,99,5,5
37285,86,80,6,6
37286,109,107,2,2
37287,136,123,13,13
37288,113,131,-18,18
37289,53,61,-8,8
37290,85,75,10,10
37291,142,123,19,19
37292,141,129,12,12
37293,87,91,-4,4
37294,79,79,0,0
37295,171,147,24,24
37296,104,108,-4,4
37297,91,117,-26,26
37298,70,67,3,3
37299,93,100,-7,7
37300,115,113,2,2
37301,49,52,-3,3
37302,115,102,13,13
37303,85,83,2,2
37304,96,99,-3,3
37305,112,109,3,3
37306,133,133,0,0
37307,114,111,3,3
37308,78,99,-21,21
37309,158,140,18,18
37310,73,69,4,4
37311,44,62,-18,18
37312,160,153,7,7
37313,114,114,0,0
37314,163,121,42,42
37315,113,106,7,7
37316,92,102,-10,10
37317,35,61,-26,26
37318,135,127,8,8
37319,113,109,4,4
37320,105,101,4,4
37321,79,76,3,3
37322,130,116,14,14
37323,129,122,7,7
37324,81,86,-5,5
37325,71,75,-4,4
37326,233,195,38,38
37327,79,92,-13,13
37328,88,89,-1,1
37329,121,122,-1,1
37330,132,117,15,15
37331,179,158,21,21
37332,199,180,19,19
37333,133,123,10,10
37334,127,117,10,10
37335,71,73,-2,2
37336,59,63,-4,4
37337,92,93,-1,1
37338,98,102,-4,4
37339,93,82,11,11
37340,103,83,20,20
37341,114,120,-6,6
37342,80,91,-11,11
37343,84,91,-7,7
37344,95,93,2,2
37345,141,128,13,13
37346,184,163,21,21
37347,138,114,24,24
37348,59,62,-3,3
37349,172,158,14,14
37350,146,132,14,14
37351,72,75,-3,3
37352,139,140,-1,1
37353,108,106,2,2
37354,91,100,-9,9
37355,38,62,-24,24
37356,44,59,-15,15
37357,86,82,4,4
37358,68,75,-7,7
37359,68,62,6,6
37360,100,103,-3,3
37361,135,119,16,16
37362,30,59,-29,29
37363,149,141,8,8
37364,93,95,-2,2
37365,132,133,-1,1
37366,61,60,1,1
37367,104,106,-2,2
37368,119,112,7,7
37369,61,65,-4,4
37370,79,88,-9,9
37371,48,59,-11,11
37372,80,66,14,14
37373,145,164,-19,19
37374,65,74,-9,9
37375,68,68,0,0
37376,68,67,1,1
37377,78,86,-8,8
37378,65,64,1,1
37379,98,95,3,3
37380,102,107,-5,5
37381,115,100,15,15
37382,71,66,5,5
37383,63,65,-2,2
37384,64,73,-9,9
37385,97,100,-3,3
37386,102,95,7,7
37387,101,102,-1,1
37388,34,62,-28,28
37389,70,71,-1,1
37390,53,63,-10,10
37391,92,95,-3,3
37392,83,87,-4,4
37393,101,107,-6,6
37394,76,70,6,6
37395,76,82,-6,6
37396,111,105,6,6
37397,49,60,-11,11
37398,55,63,-8,8
37399,115,110,5,5
37400,126,121,5,5
37401,121,109,12,12
37402,145,131,14,14
37403,60,79,-19,19
37404,73,63,10,10
37405,63,67,-4,4
37406,71,71,0,0
37407,81,80,1,1
37408,98,100,-2,2
37409,138,133,5,5
37410,69,76,-7,7
37411,172,177,-5,5
37412,57,66,-9,9
37413,119,109,10,10
37414,65,67,-2,2
37415,54,62,-8,8
37416,86,97,-11,11
37417,116,115,1,1
37418,145,134,11,11
37419,102,108,-6,6
37420,108,106,2,2
37421,63,63,0,0
37422,125,118,7,7
37423,90,95,-5,5
37424,139,135,4,4
37425,94,96,-2,2
37426,86,91,-5,5
37427,44,62,-18,18
37428,89,97,-8,8
37429,82,80,2,2
37430,114,104,10,10
37431,60,60,0,0
37432,103,102,1,1
37433,58,62,-4,4
37434,108,112,-4,4
37435,140,139,1,1
37436,160,151,9,9
37437,54,62,-8,8
37438,106,104,2,2
37439,140,135,5,5
37440,101,103,-2,2
37441,120,117,3,3
37442,118,111,7,7
37443,116,109,7,7
37444,108,107,1,1
37445,205,200,5,5
37446,192,176,16,16
37447,97,98,-1,1
37448,59,61,-2,2
37449,60,64,-4,4
37450,51,62,-11,11
37451,48,61,-13,13
37452,118,112,6,6
37453,209,184,25,25
37454,64,66,-2,2
37455,76,85,-9,9
37456,130,125,5,5
37457,83,106,-23,23
37458,69,75,-6,6
37459,66,62,4,4
37460,81,93,-12,12
37461,116,131,-15,15
37462,91,97,-6,6
37463,178,167,11,11
37464,148,154,-6,6
37465,160,152,8,8
37466,116,127,-11,11
37467,87,95,-8,8
37468,93,99,-6,6
37469,71,78,-7,7
37470,121,114,7,7
37471,85,77,8,8
37472,75,77,-2,2
37473,101,101,0,0
37474,72,72,0,0
37475,60,62,-2,2
37476,102,96,6,6
37477,111,105,6,6
37478,81,92,-11,11
37479,75,94,-19,19
37480,107,112,-5,5
37481,75,79,-4,4
37482,67,73,-6,6
37483,126,134,-8,8
37484,106,106,0,0
37485,126,123,3,3
37486,104,106,-2,2
37487,65,74,-9,9
37488,92,95,-3,3
37489,78,72,6,6
37490,127,121,6,6
37491,88,94,-6,6
37492,35,54,-19,19
37493,87,93,-6,6
37494,53,62,-9,9
37495,108,108,0,0
37496,89,92,-3,3
37497,79,72,7,7
37498,79,93,-14,14
37499,138,121,17,17
37500,92,88,4,4
37501,84,86,-2,2
37502,65,64,1,1
37503,74,72,2,2
37504,147,137,10,10
37505,96,97,-1,1
37506,124,117,7,7
37507,84,99,-15,15
37508,118,116,2,2
37509,80,74,6,6
37510,89,101,-12,12
37511,154,151,3,3
37512,96,115,-19,19
37513,73,84,-11,11
37514,218,181,37,37
37515,108,108,0,0
37516,156,147,9,9
37517,56,63,-7,7
37518,105,103,2,2
37519,103,125,-22,22
37520,98,102,-4,4
37521,161,149,12,12
37522,150,126,24,24
37523,50,63,-13,13
37524,99,98,1,1
37525,62,62,0,0
37526,102,102,0,0
37527,86,86,0,0
37528,81,79,2,2
37529,51,62,-11,11
37530,100,97,3,3
37531,74,71,3,3
37532,65,59,6,6
37533,95,96,-1,1
37534,99,98,1,1
37535,84,93,-9,9
37536,114,107,7,7
37537,99,91,8,8
37538,58,62,-4,4
37539,49,62,-13,13
37540,119,109,10,10
37541,83,90,-7,7
37542,96,102,-6,6
37543,70,76,-6,6
37544,108,106,2,2
37545,128,111,17,17
37546,75,72,3,3
37547,72,66,6,6
37548,88,78,10,10
37549,71,68,3,3
37550,103,96,7,7
37551,109,103,6,6
37552,77,85,-8,8
37553,74,71,3,3
37554,105,98,7,7
37555,56,60,-4,4
37556,95,95,0,0
37557,152,134,18,18
37558,62,63,-1,1
37559,128,120,8,8
37560,108,110,-2,2
37561,58,64,-6,6
37562,144,128,16,16
37563,109,102,7,7
37564,66,62,4,4
37565,114,114,0,0
37566,150,128,22,22
37567,98,96,2,2
37568,151,140,11,11
37569,73,68,5,5
37570,84,81,3,3
37571,126,121,5,5
37572,50,62,-12,12
37573,101,113,-12,12
37574,56,61,-5,5
37575,95,98,-3,3
37576,65,69,-4,4
37577,141,120,21,21
37578,94,98,-4,4
37579,67,71,-4,4
37580,55,61,-6,6
37581,65,64,1,1
37582,52,64,-12,12
37583,95,91,4,4
37584,158,145,13,13
37585,106,62,44,44
37586,101,100,1,1
37587,96,94,2,2
37588,132,134,-2,2
37589,91,91,0,0
37590,80,81,-1,1
37591,209,184,25,25
37592,71,80,-9,9
37593,94,104,-10,10
37594,93,89,4,4
37595,103,106,-3,3
37596,69,78,-9,9
37597,190,183,7,7
37598,92,93,-1,1
37599,105,97,8,8
37600,69,77,-8,8
37601,54,66,-12,12
37602,59,62,-3,3
37603,82,90,-8,8
37604,84,90,-6,6
37605,30,59,-29,29
37606,150,138,12,12
37607,65,64,1,1
37608,88,89,-1,1
37609,80,77,3,3
37610,174,155,19,19
37611,134,157,-23,23
37612,82,77,5,5
37613,77,70,7,7
37614,65,69,-4,4
37615,49,62,-13,13
37616,95,102,-7,7
37617,67,66,1,1
37618,69,66,3,3
37619,125,130,-5,5
37620,124,130,-6,6
37621,81,84,-3,3
37622,93,97,-4,4
37623,148,122,26,26
37624,158,143,15,15
37625,107,105,2,2
37626,138,125,13,13
37627,106,106,0,0
37628,102,108,-6,6
37629,151,149,2,2
37630,103,106,-3,3
37631,77,73,4,4
37632,139,128,11,11
37633,122,120,2,2
37634,86,77,9,9
37635,85,84,1,1
37636,76,69,7,7
37637,115,105,10,10
37638,137,125,12,12
37639,113,136,-23,23
37640,155,132,23,23
37641,66,77,-11,11
37642,75,70,5,5
37643,120,120,0,0
37644,116,103,13,13
37645,152,147,5,5
37646,56,60,-4,4
37647,205,175,30,30
37648,96,101,-5,5
37649,101,96,5,5
37650,100,102,-2,2
37651,94,92,2,2
37652,130,119,11,11
37653,61,80,-19,19
37654,123,116,7,7
37655,111,122,-11,11
37656,136,139,-3,3
37657,166,143,23,23
37658,85,103,-18,18
37659,99,100,-1,1
37660,58,61,-3,3
37661,98,95,3,3
37662,88,75,13,13
37663,164,149,15,15
37664,67,66,1,1
37665,112,98,14,14
37666,105,104,1,1
37667,151,134,17,17
37668,80,67,13,13
37669,121,125,-4,4
37670,179,143,36,36
37671,151,139,12,12
37672,116,114,2,2
37673,93,95,-2,2
37674,96,98,-2,2
37675,112,148,-36,36
37676,45,62,-17,17
37677,100,102,-2,2
37678,71,82,-11,11
37679,72,67,5,5
37680,124,111,13,13
37681,54,62,-8,8
37682,135,122,13,13
37683,125,113,12,12
37684,125,106,19,19
37685,104,115,-11,11
37686,76,74,2,2
37687,106,141,-35,35
37688,76,77,-1,1
37689,87,93,-6,6
37690,146,136,10,10
37691,91,83,8,8
37692,72,89,-17,17
37693,149,142,7,7
37694,82,81,1,1
37695,157,163,-6,6
37696,138,126,12,12
37697,122,119,3,3
37698,105,106,-1,1
37699,88,83,5,5
37700,157,163,-6,6
37701,108,100,8,8
37702,94,91,3,3
37703,102,108,-6,6
37704,51,63,-12,12
37705,84,89,-5,5
37706,67,92,-25,25
37707,128,118,10,10
37708,130,129,1,1
37709,165,148,17,17
37710,100,114,-14,14
37711,121,124,-3,3
37712,74,89,-15,15
37713,58,62,-4,4
37714,88,101,-13,13
37715,105,112,-7,7
37716,116,113,3,3
37717,103,98,5,5
37718,101,102,-1,1
37719,108,114,-6,6
37720,75,94,-19,19
37721,106,109,-3,3
37722,69,72,-3,3
37723,87,90,-3,3
37724,68,81,-13,13
37725,51,61,-10,10
37726,61,63,-2,2
37727,110,108,2,2
37728,104,101,3,3
37729,70,66,4,4
37730,47,62,-15,15
37731,69,88,-19,19
37732,48,62,-14,14
37733,92,92,0,0
37734,116,114,2,2
37735,94,103,-9,9
37736,79,86,-7,7
37737,116,130,-14,14
37738,133,133,0,0
37739,70,74,-4,4
37740,153,143,10,10
37741,41,87,-46,46
37742,73,74,-1,1
37743,109,113,-4,4
37744,145,133,12,12
37745,106,110,-4,4
37746,89,90,-1,1
37747,69,81,-12,12
37748,73,82,-9,9
37749,61,63,-2,2
37750,127,119,8,8
37751,104,106,-2,2
37752,103,101,2,2
37753,107,98,9,9
37754,116,117,-1,1
37755,66,92,-26,26
37756,130,119,11,11
37757,102,97,5,5
37758,102,101,1,1
37759,72,85,-13,13
37760,98,95,3,3
37761,55,63,-8,8
37762,90,102,-12,12
37763,116,111,5,5
37764,64,69,-5,5
37765,113,106,7,7
37766,75,83,-8,8
37767,75,100,-25,25
37768,119,114,5,5
37769,81,72,9,9
37770,74,72,2,2
37771,156,144,12,12
37772,93,97,-4,4
37773,84,91,-7,7
37774,118,134,-16,16
37775,70,67,3,3
37776,197,187,10,10
37777,57,60,-3,3
37778,41,61,-20,20
37779,110,117,-7,7
37780,94,95,-1,1
37781,121,111,10,10
37782,77,78,-1,1
37783,104,84,20,20
37784,98,96,2,2
37785,101,101,0,0
37786,65,83,-18,18
37787,140,125,15,15
37788,113,105,8,8
37789,103,105,-2,2
37790,84,75,9,9
37791,75,72,3,3
37792,136,126,10,10
37793,123,119,4,4
37794,117,122,-5,5
37795,107,101,6,6
37796,64,61,3,3
37797,61,65,-4,4
37798,216,173,43,43
37799,94,99,-5,5
37800,96,101,-5,5
37801,83,107,-24,24
37802,42,58,-16,16
37803,93,101,-8,8
37804,61,65,-4,4
37805,101,83,18,18
37806,118,113,5,5
37807,100,112,-12,12
37808,107,137,-30,30
37809,98,102,-4,4
37810,64,62,2,2
37811,215,203,12,12
37812,127,121,6,6
37813,91,91,0,0
37814,113,127,-14,14
37815,82,85,-3,3
37816,120,122,-2,2
37817,72,68,4,4
37818,77,94,-17,17
37819,79,92,-13,13
37820,67,69,-2,2
37821,89,94,-5,5
37822,54,62,-8,8
37823,97,101,-4,4
37824,82,86,-4,4
37825,91,104,-13,13
37826,83,76,7,7
37827,54,68,-14,14
37828,116,119,-3,3
37829,80,90,-10,10
37830,75,69,6,6
37831,187,183,4,4
37832,78,94,-16,16
37833,95,102,-7,7
37834,87,90,-3,3
37835,74,84,-10,10
37836,67,65,2,2
37837,66,63,3,3
37838,78,70,8,8
37839,107,104,3,3
37840,59,60,-1,1
37841,92,98,-6,6
37842,41,59,-18,18
37843,130,121,9,9
37844,100,105,-5,5
37845,88,87,1,1
37846,67,64,3,3
37847,100,96,4,4
37848,99,106,-7,7
37849,69,66,3,3
37850,115,120,-5,5
37851,116,114,2,2
37852,49,61,-12,12
37853,91,98,-7,7
37854,67,82,-15,15
37855,105,102,3,3
37856,137,131,6,6
37857,72,88,-16,16
37858,61,63,-2,2
37859,86,82,4,4
37860,91,98,-7,7
37861,85,90,-5,5
37862,83,110,-27,27
37863,68,61,7,7
37864,103,99,4,4
37865,106,99,7,7
37866,139,115,24,24
37867,115,116,-1,1
37868,48,61,-13,13
37869,159,157,2,2
37870,61,61,0,0
37871,113,121,-8,8
37872,101,102,-1,1
37873,77,75,2,2
37874,134,131,3,3
37875,67,64,3,3
37876,106,102,4,4
37877,57,62,-5,5
37878,95,103,-8,8
37879,93,99,-6,6
37880,95,85,10,10
37881,179,166,13,13
37882,153,165,-12,12
37883,62,68,-6,6
37884,69,68,1,1
37885,165,157,8,8
37886,180,180,0,0
37887,87,85,2,2
37888,110,109,1,1
37889,116,116,0,0
37890,159,159,0,0
37891,99,104,-5,5
37892,114,112,2,2
37893,102,93,9,9
37894,154,147,7,7
37895,91,93,-2,2
37896,124,109,15,15
37897,91,92,-1,1
37898,41,61,-20,20
37899,45,61,-16,16
37900,71,92,-21,21
37901,76,79,-3,3
37902,99,107,-8,8
37903,111,105,6,6
37904,97,94,3,3
37905,124,111,13,13
37906,96,107,-11,11
37907,79,87,-8,8
37908,122,129,-7,7
37909,115,102,13,13
37910,89,89,0,0
37911,73,71,2,2
37912,111,117,-6,6
37913,89,98,-9,9
37914,138,134,4,4
37915,100,109,-9,9
37916,78,85,-7,7
37917,83,95,-12,12
37918,86,95,-9,9
37919,135,135,0,0
37920,114,112,2,2
37921,56,63,-7,7
37922,149,153,-4,4
37923,81,81,0,0
37924,79,80,-1,1
37925,103,105,-2,2
37926,56,72,-16,16
37927,150,144,6,6
37928,78,79,-1,1
37929,78,81,-3,3
37930,41,61,-20,20
37931,121,105,16,16
37932,123,120,3,3
37933,76,93,-17,17
37934,103,102,1,1
37935,35,57,-22,22
37936,124,116,8,8
37937,55,62,-7,7
37938,88,88,0,0
37939,90,93,-3,3
37940,120,100,20,20
37941,71,71,0,0
37942,79,84,-5,5
37943,62,67,-5,5
37944,86,90,-4,4
37945,64,65,-1,1
37946,131,142,-11,11
37947,146,132,14,14
37948,86,83,3,3
37949,98,98,0,0
37950,183,156,27,27
37951,91,98,-7,7
37952,77,70,7,7
37953,142,136,6,6
37954,79,79,0,0
37955,41,61,-20,20
37956,105,107,-2,2
37957,197,182,15,15
37958,115,114,1,1
37959,71,68,3,3
37960,140,138,2,2
37961,130,124,6,6
37962,83,81,2,2
37963,108,119,-11,11
37964,67,65,2,2
37965,70,89,-19,19
37966,93,96,-3,3
37967,64,68,-4,4
37968,98,114,-16,16
37969,115,111,4,4
37970,62,65,-3,3
37971,88,93,-5,5
37972,61,65,-4,4
37973,198,179,19,19
37974,101,109,-8,8
37975,66,64,2,2
37976,31,59,-28,28
37977,94,93,1,1
37978,93,106,-13,13
37979,117,152,-35,35
37980,99,102,-3,3
37981,36,62,-26,26
37982,76,77,-1,1
37983,67,76,-9,9
37984,78,91,-13,13
37985,50,58,-8,8
37986,55,60,-5,5
37987,92,97,-5,5
37988,94,91,3,3
37989,137,131,6,6
37990,102,102,0,0
37991,113,119,-6,6
37992,89,83,6,6
37993,124,135,-11,11
37994,82,83,-1,1
37995,60,65,-5,5
37996,125,110,15,15
37997,78,91,-13,13
37998,143,131,12,12
37999,142,142,0,0
38000,106,99,7,7
38001,124,111,13,13
38002,52,60,-8,8
38003,97,115,-18,18
38004,80,79,1,1
38005,107,113,-6,6
38006,141,137,4,4
38007,57,59,-2,2
38008,89,79,10,10
38009,104,116,-12,12
38010,154,140,14,14
38011,76,99,-23,23
38012,95,94,1,1
38013,179,156,23,23
38014,64,80,-16,16
38015,119,109,10,10
38016,108,122,-14,14
38017,114,110,4,4
38018,92,92,0,0
38019,109,105,4,4
38020,139,139,0,0
38021,130,128,2,2
38022,112,105,7,7
38023,123,109,14,14
38024,125,115,10,10
38025,66,62,4,4
38026,77,91,-14,14
38027,87,92,-5,5
38028,97,104,-7,7
38029,56,58,-2,2
38030,146,131,15,15
38031,71,71,0,0
38032,176,160,16,16
38033,96,93,3,3
38034,105,103,2,2
38035,127,124,3,3
38036,82,89,-7,7
38037,137,147,-10,10
38038,120,116,4,4
38039,82,83,-1,1
38040,73,67,6,6
38041,78,70,8,8
38042,83,89,-6,6
38043,83,84,-1,1
38044,74,77,-3,3
38045,81,85,-4,4
38046,178,155,23,23
38047,96,111,-15,15
38048,48,62,-14,14
38049,74,85,-11,11
38050,143,130,13,13
38051,94,91,3,3
38052,142,135,7,7
38053,144,141,3,3
38054,114,117,-3,3
38055,91,97,-6,6
38056,127,125,2,2
38057,65,74,-9,9
38058,152,136,16,16
38059,106,104,2,2
38060,140,132,8,8
38061,96,103,-7,7
38062,72,114,-42,42
38063,71,78,-7,7
38064,116,111,5,5
38065,156,143,13,13
38066,57,61,-4,4
38067,24,56,-32,32
38068,122,114,8,8
38069,118,108,10,10
38070,96,98,-2,2
38071,86,83,3,3
38072,163,152,11,11
38073,60,66,-6,6
38074,80,75,5,5
38075,78,78,0,0
38076,82,82,0,0
38077,113,104,9,9
38078,104,112,-8,8
38079,154,170,-16,16
38080,34,61,-27,27
38081,111,114,-3,3
38082,103,102,1,1
38083,88,92,-4,4
38084,112,115,-3,3
38085,115,116,-1,1
38086,60,61,-1,1
38087,150,137,13,13
38088,116,112,4,4
38089,80,75,5,5
38090,112,103,9,9
38091,116,114,2,2
38092,83,93,-10,10
38093,161,140,21,21
38094,65,71,-6,6
38095,74,79,-5,5
38096,72,61,11,11
38097,185,158,27,27
38098,89,73,16,16
38099,90,93,-3,3
38100,175,155,20,20
38101,96,93,3,3
38102,96,93,3,3
38103,111,112,-1,1
38104,46,62,-16,16
38105,105,116,-11,11
38106,69,71,-2,2
38107,117,112,5,5
38108,91,95,-4,4
38109,70,77,-7,7
38110,150,128,22,22
38111,122,122,0,0
38112,98,106,-8,8
38113,100,94,6,6
38114,160,135,25,25
38115,139,130,9,9
38116,170,157,13,13
38117,79,89,-10,10
38118,132,125,7,7
38119,121,121,0,0
38120,118,118,0,0
38121,102,93,9,9
38122,98,95,3,3
38123,115,119,-4,4
38124,159,157,2,2
38125,92,95,-3,3
38126,41,63,-22,22
38127,84,90,-6,6
38128,132,144,-12,12
38129,109,99,10,10
38130,78,92,-14,14
38131,114,107,7,7
38132,121,113,8,8
38133,93,91,2,2
38134,115,113,2,2
38135,44,61,-17,17
38136,74,75,-1,1
38137,49,60,-11,11
38138,165,152,13,13
38139,83,79,4,4
38140,158,147,11,11
38141,101,94,7,7
38142,118,113,5,5
38143,94,96,-2,2
38144,117,131,-14,14
38145,109,107,2,2
38146,73,93,-20,20
38147,76,83,-7,7
38148,138,130,8,8
38149,113,107,6,6
38150,96,98,-2,2
38151,73,78,-5,5
38152,112,105,7,7
38153,63,68,-5,5
38154,104,97,7,7
38155,82,92,-10,10
38156,54,62,-8,8
38157,84,83,1,1
38158,133,134,-1,1
38159,101,102,-1,1
38160,108,112,-4,4
38161,83,77,6,6
38162,78,89,-11,11
38163,82,77,5,5
38164,76,81,-5,5
38165,90,90,0,0
38166,105,105,0,0
38167,61,62,-1,1
38168,102,115,-13,13
38169,104,117,-13,13
38170,72,72,0,0
38171,74,65,9,9
38172,92,99,-7,7
38173,85,86,-1,1
38174,99,100,-1,1
38175,111,120,-9,9
38176,67,73,-6,6
38177,76,73,3,3
38178,113,101,12,12
38179,107,98,9,9
38180,117,111,6,6
38181,116,119,-3,3
38182,97,97,0,0
38183,125,120,5,5
38184,112,114,-2,2
38185,71,81,-10,10
38186,115,113,2,2
38187,59,82,-23,23
38188,97,97,0,0
38189,124,112,12,12
38190,45,62,-17,17
38191,87,90,-3,3
38192,103,124,-21,21
38193,64,65,-1,1
38194,100,96,4,4
38195,97,85,12,12
38196,121,115,6,6
38197,111,120,-9,9
38198,74,72,2,2
38199,118,144,-26,26
38200,91,91,0,0
38201,89,92,-3,3
38202,105,91,14,14
38203,79,90,-11,11
38204,68,72,-4,4
38205,125,126,-1,1
38206,87,87,0,0
38207,123,110,13,13
38208,93,97,-4,4
38209,100,95,5,5
38210,64,60,4,4
38211,108,102,6,6
38212,68,61,7,7
38213,86,93,-7,7
38214,107,108,-1,1
38215,73,74,-1,1
38216,128,131,-3,3
38217,119,110,9,9
38218,54,58,-4,4
38219,72,69,3,3
38220,73,79,-6,6
38221,159,151,8,8
38222,83,88,-5,5
38223,97,97,0,0
38224,131,124,7,7
38225,69,68,1,1
38226,86,76,10,10
38227,119,117,2,2
38228,100,96,4,4
38229,102,107,-5,5
38230,67,63,4,4
38231,53,63,-10,10
38232,85,95,-10,10
38233,168,154,14,14
38234,61,58,3,3
38235,77,71,6,6
38236,85,94,-9,9
38237,69,66,3,3
38238,124,117,7,7
38239,89,91,-2,2
38240,148,140,8,8
38241,143,126,17,17
38242,57,80,-23,23
38243,144,131,13,13
38244,66,65,1,1
38245,83,98,-15,15
38246,120,119,1,1
38247,131,126,5,5
38248,51,61,-10,10
38249,77,61,16,16
38250,62,66,-4,4
38251,125,130,-5,5
38252,87,91,-4,4
38253,89,90,-1,1
38254,162,147,15,15
38255,109,112,-3,3
38256,126,128,-2,2
38257,87,96,-9,9
38258,87,103,-16,16
38259,116,114,2,2
38260,51,61,-10,10
38261,65,62,3,3
38262,95,92,3,3
38263,86,77,9,9
38264,98,101,-3,3
38265,74,72,2,2
38266,87,127,-40,40
38267,113,109,4,4
38268,70,92,-22,22
38269,119,115,4,4
38270,180,162,18,18
38271,94,84,10,10
38272,67,73,-6,6
38273,85,89,-4,4
38274,147,145,2,2
38275,79,66,13,13
38276,76,78,-2,2
38277,60,60,0,0
38278,55,59,-4,4
38279,95,101,-6,6
38280,127,116,11,11
38281,100,100,0,0
38282,85,91,-6,6
38283,127,120,7,7
38284,101,93,8,8
38285,70,68,2,2
38286,102,99,3,3
38287,73,75,-2,2
38288,107,108,-1,1
38289,129,127,2,2
38290,114,108,6,6
38291,45,61,-16,16
38292,52,62,-10,10
38293,69,70,-1,1
38294,71,70,1,1
38295,65,65,0,0
38296,211,177,34,34
38297,113,129,-16,16
38298,97,100,-3,3
38299,60,69,-9,9
38300,184,145,39,39
38301,106,103,3,3
38302,121,121,0,0
38303,112,123,-11,11
38304,137,135,2,2
38305,104,104,0,0
38306,124,141,-17,17
38307,72,70,2,2
38308,116,107,9,9
38309,76,75,1,1
38310,99,105,-6,6
38311,75,76,-1,1
38312,81,83,-2,2
38313,69,69,0,0
38314,72,79,-7,7
38315,87,79,8,8
38316,93,94,-1,1
38317,136,129,7,7
38318,101,95,6,6
38319,89,90,-1,1
38320,112,110,2,2
38321,65,68,-3,3
38322,118,108,10,10
38323,92,89,3,3
38324,80,89,-9,9
38325,98,97,1,1
38326,70,68,2,2
38327,127,116,11,11
38328,149,127,22,22
38329,70,64,6,6
38330,139,141,-2,2
38331,82,85,-3,3
38332,91,98,-7,7
38333,39,58,-19,19
38334,82,111,-29,29
38335,105,103,2,2
38336,147,142,5,5
38337,104,117,-13,13
38338,117,121,-4,4
38339,91,106,-15,15
38340,90,97,-7,7
38341,104,96,8,8
38342,47,62,-15,15
38343,56,62,-6,6
38344,110,113,-3,3
38345,43,57,-14,14
38346,120,109,11,11
38347,70,70,0,0
38348,75,81,-6,6
38349,77,79,-2,2
38350,72,69,3,3
38351,105,100,5,5
38352,218,187,31,31
38353,56,62,-6,6
38354,100,104,-4,4
38355,123,133,-10,10
38356,130,119,11,11
38357,63,64,-1,1
38358,89,94,-5,5
38359,60,68,-8,8
38360,65,84,-19,19
38361,118,115,3,3
38362,86,93,-7,7
38363,166,162,4,4
38364,106,106,0,0
38365,58,64,-6,6
38366,141,125,16,16
38367,96,96,0,0
38368,106,101,5,5
38369,110,118,-8,8
38370,64,63,1,1
38371,83,85,-2,2
38372,92,106,-14,14
38373,70,69,1,1
38374,122,127,-5,5
38375,86,96,-10,10
38376,105,96,9,9
38377,99,104,-5,5
38378,57,61,-4,4
38379,79,79,0,0
38380,59,62,-3,3
38381,70,71,-1,1
38382,104,101,3,3
38383,86,92,-6,6
38384,112,120,-8,8
38385,102,104,-2,2
38386,63,69,-6,6
38387,118,111,7,7
38388,63,63,0,0
38389,104,120,-16,16
38390,86,94,-8,8
38391,167,150,17,17
38392,164,154,10,10
38393,85,96,-11,11
38394,111,114,-3,3
38395,121,112,9,9
38396,94,94,0,0
38397,77,90,-13,13
38398,35,61,-26,26
38399,95,94,1,1
38400,133,132,1,1
38401,85,89,-4,4
38402,67,59,8,8
38403,114,112,2,2
38404,157,145,12,12
38405,157,143,14,14
38406,94,105,-11,11
38407,54,67,-13,13
38408,64,63,1,1
38409,109,105,4,4
38410,71,72,-1,1
38411,73,78,-5,5
38412,76,85,-9,9
38413,130,115,15,15
38414,79,76,3,3
38415,142,145,-3,3
38416,89,86,3,3
38417,105,111,-6,6
38418,78,92,-14,14
38419,64,61,3,3
38420,63,67,-4,4
38421,89,93,-4,4
38422,171,163,8,8
38423,111,103,8,8
38424,86,75,11,11
38425,102,100,2,2
38426,61,64,-3,3
38427,85,91,-6,6
38428,134,117,17,17
38429,81,85,-4,4
38430,142,134,8,8
38431,80,73,7,7
38432,83,83,0,0
38433,121,111,10,10
38434,67,60,7,7
38435,100,115,-15,15
38436,129,127,2,2
38437,102,111,-9,9
38438,126,122,4,4
38439,98,99,-1,1
38440,63,59,4,4
38441,72,75,-3,3
38442,88,97,-9,9
38443,64,68,-4,4
38444,107,115,-8,8
38445,89,80,9,9
38446,93,95,-2,2
38447,146,134,12,12
38448,101,107,-6,6
38449,87,90,-3,3
38450,97,100,-3,3
38451,78,65,13,13
38452,130,113,17,17
38453,85,74,11,11
38454,77,71,6,6
38455,44,62,-18,18
38456,96,95,1,1
38457,89,86,3,3
38458,117,114,3,3
38459,41,62,-21,21
38460,113,113,0,0
38461,103,91,12,12
38462,161,146,15,15
38463,196,181,15,15
38464,64,67,-3,3
38465,82,75,7,7
38466,66,95,-29,29
38467,80,72,8,8
38468,54,63,-9,9
38469,104,108,-4,4
38470,55,61,-6,6
38471,57,62,-5,5
38472,49,60,-11,11
38473,70,69,1,1
38474,74,81,-7,7
38475,33,56,-23,23
38476,83,94,-11,11
38477,89,92,-3,3
38478,102,96,6,6
38479,156,158,-2,2
38480,36,63,-27,27
38481,62,62,0,0
38482,102,99,3,3
38483,87,97,-10,10
38484,50,62,-12,12
38485,89,99,-10,10
38486,100,99,1,1
38487,98,90,8,8
38488,56,63,-7,7
38489,75,66,9,9
38490,98,86,12,12
38491,117,108,9,9
38492,235,207,28,28
38493,54,61,-7,7
38494,68,62,6,6
38495,116,121,-5,5
38496,32,61,-29,29
38497,55,61,-6,6
38498,82,90,-8,8
38499,119,117,2,2
38500,183,177,6,6
38501,112,98,14,14
38502,57,69,-12,12
38503,120,114,6,6
38504,77,86,-9,9
38505,68,76,-8,8
38506,126,117,9,9
38507,68,63,5,5
38508,103,96,7,7
38509,110,115,-5,5
38510,122,107,15,15
38511,100,112,-12,12
38512,74,72,2,2
38513,185,155,30,30
38514,118,127,-9,9
38515,41,61,-20,20
38516,91,95,-4,4
38517,83,76,7,7
38518,79,87,-8,8
38519,82,71,11,11
38520,84,94,-10,10
38521,70,62,8,8
38522,97,104,-7,7
38523,99,100,-1,1
38524,108,106,2,2
38525,85,88,-3,3
38526,132,127,5,5
38527,99,98,1,1
38528,62,61,1,1
38529,80,95,-15,15
38530,96,104,-8,8
38531,98,95,3,3
38532,109,109,0,0
38533,124,125,-1,1
38534,101,111,-10,10
38535,118,118,0,0
38536,57,63,-6,6
38537,79,88,-9,9
38538,86,94,-8,8
38539,77,77,0,0
38540,132,117,15,15
38541,74,62,12,12
38542,108,104,4,4
38543,137,120,17,17
38544,102,105,-3,3
38545,150,136,14,14
38546,51,61,-10,10
38547,77,72,5,5
38548,59,62,-3,3
38549,42,61,-19,19
38550,141,137,4,4
38551,132,120,12,12
38552,67,63,4,4
38553,108,107,1,1
38554,144,147,-3,3
38555,69,69,0,0
38556,85,84,1,1
38557,64,65,-1,1
38558,65,65,0,0
38559,221,206,15,15
38560,70,70,0,0
38561,56,62,-6,6
38562,62,69,-7,7
38563,88,104,-16,16
38564,108,114,-6,6
38565,178,157,21,21
38566,74,68,6,6
38567,85,97,-12,12
38568,61,67,-6,6
38569,111,87,24,24
38570,103,110,-7,7
38571,110,108,2,2
38572,74,69,5,5
38573,172,159,13,13
38574,87,99,-12,12
38575,141,141,0,0
38576,86,82,4,4
38577,89,105,-16,16
38578,106,94,12,12
38579,103,99,4,4
38580,115,102,13,13
38581,61,61,0,0
38582,102,103,-1,1
38583,64,64,0,0
38584,121,112,9,9
38585,61,66,-5,5
38586,75,69,6,6
38587,43,61,-18,18
38588,84,85,-1,1
38589,118,112,6,6
38590,50,61,-11,11
38591,81,70,11,11
38592,160,149,11,11
38593,121,110,11,11
38594,77,91,-14,14
38595,124,119,5,5
38596,140,130,10,10
38597,56,61,-5,5
38598,92,86,6,6
38599,99,98,1,1
38600,169,156,13,13
38601,102,112,-10,10
38602,149,143,6,6
38603,161,164,-3,3
38604,73,78,-5,5
38605,81,85,-4,4
38606,76,75,1,1
38607,131,119,12,12
38608,155,158,-3,3
38609,87,91,-4,4
38610,62,62,0,0
38611,87,75,12,12
38612,78,90,-12,12
38613,74,75,-1,1
38614,49,74,-25,25
38615,92,92,0,0
38616,133,124,9,9
38617,149,138,11,11
38618,120,118,2,2
38619,89,83,6,6
38620,102,101,1,1
38621,62,59,3,3
38622,57,62,-5,5
38623,43,60,-17,17
38624,72,71,1,1
38625,58,62,-4,4
38626,66,63,3,3
38627,73,78,-5,5
38628,112,100,12,12
38629,158,138,20,20
38630,70,85,-15,15
38631,136,127,9,9
38632,85,80,5,5
38633,37,63,-26,26
38634,87,95,-8,8
38635,130,130,0,0
38636,88,94,-6,6
38637,57,61,-4,4
38638,117,112,5,5
38639,105,100,5,5
38640,75,80,-5,5
38641,153,145,8,8
38642,90,102,-12,12
38643,130,115,15,15
38644,86,91,-5,5
38645,124,126,-2,2
38646,83,88,-5,5
38647,145,125,20,20
38648,77,81,-4,4
38649,64,63,1,1
38650,129,125,4,4
38651,109,107,2,2
38652,94,94,0,0
38653,84,83,1,1
38654,64,64,0,0
38655,90,94,-4,4
38656,171,159,12,12
38657,93,100,-7,7
38658,121,123,-2,2
38659,72,81,-9,9
38660,72,87,-15,15
38661,85,90,-5,5
38662,86,79,7,7
38663,93,98,-5,5
38664,94,81,13,13
38665,118,121,-3,3
38666,72,63,9,9
38667,64,64,0,0
38668,127,116,11,11
38669,64,62,2,2
38670,75,75,0,0
38671,57,63,-6,6
38672,61,61,0,0
38673,74,92,-18,18
38674,53,67,-14,14
38675,80,85,-5,5
38676,83,84,-1,1
38677,124,118,6,6
38678,81,96,-15,15
38679,84,97,-13,13
38680,128,116,12,12
38681,93,98,-5,5
38682,79,87,-8,8
38683,81,100,-19,19
38684,81,85,-4,4
38685,104,108,-4,4
38686,82,82,0,0
38687,84,71,13,13
38688,71,72,-1,1
38689,62,64,-2,2
38690,66,69,-3,3
38691,63,63,0,0
38692,77,87,-10,10
38693,56,61,-5,5
38694,155,141,14,14
38695,143,128,15,15
38696,75,71,4,4
38697,92,100,-8,8
38698,108,102,6,6
38699,105,105,0,0
38700,63,62,1,1
38701,117,113,4,4
38702,123,110,13,13
38703,69,70,-1,1
38704,119,125,-6,6
38705,92,104,-12,12
38706,94,91,3,3
38707,80,83,-3,3
38708,101,99,2,2
38709,150,147,3,3
38710,92,89,3,3
38711,97,96,1,1
38712,100,101,-1,1
38713,74,92,-18,18
38714,157,146,11,11
38715,65,72,-7,7
38716,97,99,-2,2
38717,79,77,2,2
38718,86,87,-1,1
38719,91,87,4,4
38720,51,62,-11,11
38721,110,122,-12,12
38722,106,109,-3,3
38723,50,59,-9,9
38724,76,68,8,8
38725,126,118,8,8
38726,73,73,0,0
38727,80,86,-6,6
38728,90,85,5,5
38729,94,83,11,11
38730,99,98,1,1
38731,140,124,16,16
38732,92,92,0,0
38733,96,99,-3,3
38734,107,105,2,2
38735,120,108,12,12
38736,141,140,1,1
38737,58,63,-5,5
38738,99,100,-1,1
38739,75,71,4,4
38740,118,106,12,12
38741,93,97,-4,4
38742,104,96,8,8
38743,81,87,-6,6
38744,107,104,3,3
38745,91,110,-19,19
38746,87,92,-5,5
38747,53,63,-10,10
38748,147,141,6,6
38749,108,100,8,8
38750,76,74,2,2
38751,59,63,-4,4
38752,85,96,-11,11
38753,82,99,-17,17
38754,57,62,-5,5
38755,37,62,-25,25
38756,129,126,3,3
38757,57,60,-3,3
38758,67,66,1,1
38759,76,81,-5,5
38760,85,83,2,2
38761,130,119,11,11
38762,106,104,2,2
38763,104,113,-9,9
38764,88,94,-6,6
38765,65,83,-18,18
38766,75,76,-1,1
38767,145,131,14,14
38768,149,138,11,11
38769,44,63,-19,19
38770,69,63,6,6
38771,93,102,-9,9
38772,78,76,2,2
38773,63,66,-3,3
38774,78,89,-11,11
38775,85,84,1,1
38776,55,62,-7,7
38777,73,94,-21,21
38778,107,107,0,0
38779,131,127,4,4
38780,87,91,-4,4
38781,40,60,-20,20
38782,139,117,22,22
38783,85,95,-10,10
38784,163,166,-3,3
38785,64,69,-5,5
38786,193,176,17,17
38787,86,96,-10,10
38788,98,103,-5,5
38789,51,63,-12,12
38790,128,121,7,7
38791,141,124,17,17
38792,84,81,3,3
38793,142,135,7,7
38794,59,64,-5,5
38795,108,104,4,4
38796,39,61,-22,22
38797,156,146,10,10
38798,107,112,-5,5
38799,99,108,-9,9
38800,166,149,17,17
38801,85,85,0,0
38802,84,90,-6,6
38803,98,96,2,2
38804,76,68,8,8
38805,138,125,13,13
38806,93,93,0,0
38807,182,152,30,30
38808,149,130,19,19
38809,132,121,11,11
38810,127,116,11,11
38811,70,70,0,0
38812,57,62,-5,5
38813,176,182,-6,6
38814,68,67,1,1
38815,46,62,-16,16
38816,66,66,0,0
38817,113,117,-4,4
38818,135,132,3,3
38819,48,61,-13,13
38820,135,127,8,8
38821,70,70,0,0
38822,91,95,-4,4
38823,125,117,8,8
38824,109,97,12,12
38825,53,62,-9,9
38826,91,92,-1,1
38827,70,69,1,1
38828,65,68,-3,3
38829,125,113,12,12
38830,72,74,-2,2
38831,103,102,1,1
38832,103,99,4,4
38833,101,86,15,15
38834,117,121,-4,4
38835,63,59,4,4
38836,164,156,8,8
38837,57,65,-8,8
38838,120,116,4,4
38839,133,124,9,9
38840,83,92,-9,9
38841,64,68,-4,4
38842,102,98,4,4
38843,70,65,5,5
38844,124,132,-8,8
38845,106,97,9,9
38846,156,144,12,12
38847,67,67,0,0
38848,147,141,6,6
38849,113,117,-4,4
38850,121,118,3,3
38851,97,97,0,0
38852,59,69,-10,10
38853,50,62,-12,12
38854,118,104,14,14
38855,56,62,-6,6
38856,87,81,6,6
38857,89,100,-11,11
38858,65,72,-7,7
38859,62,63,-1,1
38860,138,135,3,3
38861,149,144,5,5
38862,69,63,6,6
38863,76,91,-15,15
38864,65,71,-6,6
38865,70,65,5,5
38866,133,136,-3,3
38867,77,76,1,1
38868,93,98,-5,5
38869,105,144,-39,39
38870,67,73,-6,6
38871,84,85,-1,1
38872,83,97,-14,14
38873,46,62,-16,16
38874,102,98,4,4
38875,80,76,4,4
38876,106,107,-1,1
38877,91,98,-7,7
38878,70,65,5,5
38879,213,188,25,25
38880,84,89,-5,5
38881,124,108,16,16
38882,113,111,2,2
38883,89,97,-8,8
38884,112,110,2,2
38885,78,73,5,5
38886,60,62,-2,2
38887,119,107,12,12
38888,58,64,-6,6
38889,109,101,8,8
38890,113,129,-16,16
38891,101,92,9,9
38892,61,62,-1,1
38893,76,82,-6,6
38894,84,82,2,2
38895,86,96,-10,10
38896,108,102,6,6
38897,102,95,7,7
38898,151,145,6,6
38899,66,65,1,1
38900,71,66,5,5
38901,66,71,-5,5
38902,131,128,3,3
38903,49,61,-12,12
38904,99,106,-7,7
38905,69,79,-10,10
38906,72,63,9,9
38907,179,152,27,27
38908,152,137,15,15
38909,70,70,0,0
38910,63,67,-4,4
38911,104,107,-3,3
38912,22,54,-32,32
38913,105,102,3,3
38914,174,163,11,11
38915,123,119,4,4
38916,34,63,-29,29
38917,76,84,-8,8
38918,114,107,7,7
38919,84,101,-17,17
38920,114,103,11,11
38921,236,199,37,37
38922,86,95,-9,9
38923,91,92,-1,1
38924,109,109,0,0
38925,99,94,5,5
38926,79,68,11,11
38927,51,62,-11,11
38928,201,180,21,21
38929,60,61,-1,1
38930,89,97,-8,8
38931,84,89,-5,5
38932,40,62,-22,22
38933,68,64,4,4
38934,58,61,-3,3
38935,73,68,5,5
38936,121,118,3,3
38937,55,61,-6,6
38938,91,96,-5,5
38939,57,65,-8,8
38940,68,60,8,8
38941,93,77,16,16
38942,59,62,-3,3
38943,76,67,9,9
38944,99,102,-3,3
38945,85,111,-26,26
38946,113,109,4,4
38947,107,96,11,11
38948,184,166,18,18
38949,80,81,-1,1
38950,99,108,-9,9
38951,180,160,20,20
38952,94,104,-10,10
38953,37,62,-25,25
38954,59,66,-7,7
38955,65,66,-1,1
38956,93,96,-3,3
38957,88,96,-8,8
38958,92,97,-5,5
38959,128,113,15,15
38960,111,116,-5,5
38961,128,165,-37,37
38962,48,61,-13,13
38963,116,122,-6,6
38964,54,60,-6,6
38965,57,66,-9,9
38966,61,66,-5,5
38967,79,80,-1,1
38968,61,63,-2,2
38969,122,116,6,6
38970,89,88,1,1
38971,121,113,8,8
38972,119,114,5,5
38973,108,122,-14,14
38974,100,106,-6,6
38975,58,62,-4,4
38976,106,98,8,8
38977,88,95,-7,7
38978,103,95,8,8
38979,31,61,-30,30
38980,34,60,-26,26
38981,87,92,-5,5
38982,111,108,3,3
38983,101,104,-3,3
38984,41,62,-21,21
38985,60,63,-3,3
38986,115,112,3,3
38987,136,131,5,5
38988,74,67,7,7
38989,84,76,8,8
38990,110,105,5,5
38991,73,76,-3,3
38992,126,125,1,1
38993,77,71,6,6
38994,129,124,5,5
38995,123,127,-4,4
38996,99,97,2,2
38997,88,68,20,20
38998,61,69,-8,8
38999,74,73,1,1
39000,107,102,5,5
39001,122,110,12,12
39002,60,64,-4,4
39003,188,181,7,7
39004,84,78,6,6
39005,146,148,-2,2
39006,154,147,7,7
39007,114,115,-1,1
39008,117,109,8,8
39009,163,158,5,5
39010,74,75,-1,1
39011,113,113,0,0
39012,68,71,-3,3
39013,137,130,7,7
39014,86,91,-5,5
39015,136,132,4,4
39016,77,82,-5,5
39017,156,139,17,17
39018,146,131,15,15
39019,62,63,-1,1
39020,66,75,-9,9
39021,121,119,2,2
39022,161,142,19,19
39023,102,111,-9,9
39024,67,60,7,7
39025,129,129,0,0
39026,120,125,-5,5
39027,174,165,9,9
39028,179,167,12,12
39029,92,91,1,1
39030,112,110,2,2
39031,110,101,9,9
39032,97,101,-4,4
39033,68,60,8,8
39034,117,118,-1,1
39035,155,140,15,15
39036,60,63,-3,3
39037,167,147,20,20
39038,115,111,4,4
39039,134,130,4,4
39040,48,59,-11,11
39041,89,85,4,4
39042,42,61,-19,19
39043,31,62,-31,31
39044,105,101,4,4
39045,138,124,14,14
39046,97,90,7,7
39047,83,93,-10,10
39048,54,59,-5,5
39049,65,64,1,1
39050,94,102,-8,8
39051,86,91,-5,5
39052,88,97,-9,9
39053,63,62,1,1
39054,144,136,8,8
39055,62,62,0,0
39056,63,78,-15,15
39057,98,101,-3,3
39058,60,64,-4,4
39059,49,62,-13,13
39060,96,92,4,4
39061,71,80,-9,9
39062,120,110,10,10
39063,150,133,17,17
39064,80,78,2,2
39065,58,62,-4,4
39066,64,71,-7,7
39067,140,133,7,7
39068,124,124,0,0
39069,97,93,4,4
39070,161,134,27,27
39071,50,62,-12,12
39072,101,106,-5,5
39073,44,62,-18,18
39074,99,102,-3,3
39075,171,148,23,23
39076,43,62,-19,19
39077,93,105,-12,12
39078,139,133,6,6
39079,120,116,4,4
39080,98,107,-9,9
39081,101,104,-3,3
39082,80,75,5,5
39083,63,61,2,2
39084,149,142,7,7
39085,132,123,9,9
39086,71,71,0,0
39087,92,99,-7,7
39088,61,74,-13,13
39089,110,110,0,0
39090,67,68,-1,1
39091,38,86,-48,48
39092,89,110,-21,21
39093,86,90,-4,4
39094,157,162,-5,5
39095,63,68,-5,5
39096,56,62,-6,6
39097,96,117,-21,21
39098,58,63,-5,5
39099,164,155,9,9
39100,107,105,2,2
39101,131,126,5,5
39102,119,111,8,8
39103,103,104,-1,1
39104,58,62,-4,4
39105,158,145,13,13
39106,148,130,18,18
39107,107,110,-3,3
39108,108,97,11,11
39109,85,71,14,14
39110,76,84,-8,8
39111,72,67,5,5
39112,133,127,6,6
39113,71,69,2,2
39114,90,83,7,7
39115,105,103,2,2
39116,107,110,-3,3
39117,84,81,3,3
39118,67,76,-9,9
39119,154,140,14,14
39120,63,76,-13,13
39121,182,161,21,21
39122,130,121,9,9
39123,126,125,1,1
39124,135,126,9,9
39125,86,91,-5,5
39126,90,97,-7,7
39127,69,65,4,4
39128,99,111,-12,12
39129,81,94,-13,13
39130,92,95,-3,3
39131,83,86,-3,3
39132,76,71,5,5
39133,79,68,11,11
39134,59,64,-5,5
39135,100,108,-8,8
39136,60,76,-16,16
39137,76,81,-5,5
39138,110,99,11,11
39139,112,107,5,5
39140,93,100,-7,7
39141,101,102,-1,1
39142,107,110,-3,3
39143,180,167,13,13
39144,109,106,3,3
39145,85,79,6,6
39146,123,115,8,8
39147,90,95,-5,5
39148,118,119,-1,1
39149,108,101,7,7
39150,95,94,1,1
39151,119,109,10,10
39152,115,98,17,17
39153,145,129,16,16
39154,46,60,-14,14
39155,59,63,-4,4
39156,127,129,-2,2
39157,114,111,3,3
39158,101,103,-2,2
39159,134,126,8,8
39160,99,100,-1,1
39161,143,138,5,5
39162,136,125,11,11
39163,152,141,11,11
39164,103,109,-6,6
39165,79,78,1,1
39166,83,79,4,4
39167,125,113,12,12
39168,74,95,-21,21
39169,44,61,-17,17
39170,100,107,-7,7
39171,111,111,0,0
39172,65,62,3,3
39173,102,100,2,2
39174,109,106,3,3
39175,80,69,11,11
39176,117,112,5,5
39177,121,112,9,9
39178,154,145,9,9
39179,55,62,-7,7
39180,90,97,-7,7
39181,137,114,23,23
39182,53,61,-8,8
39183,137,141,-4,4
39184,64,65,-1,1
39185,133,121,12,12
39186,38,62,-24,24
39187,105,96,9,9
39188,45,63,-18,18
39189,133,125,8,8
39190,121,119,2,2
39191,138,123,15,15
39192,84,73,11,11
39193,79,80,-1,1
39194,48,61,-13,13
39195,51,61,-10,10
39196,90,94,-4,4
39197,79,79,0,0
39198,73,69,4,4
39199,82,70,12,12
39200,90,97,-7,7
39201,98,73,25,25
39202,56,59,-3,3
39203,100,96,4,4
39204,55,72,-17,17
39205,116,121,-5,5
39206,61,63,-2,2
39207,77,74,3,3
39208,131,125,6,6
39209,115,123,-8,8
39210,94,89,5,5
39211,80,80,0,0
39212,57,62,-5,5
39213,112,104,8,8
39214,98,97,1,1
39215,136,137,-1,1
39216,125,110,15,15
39217,90,100,-10,10
39218,81,85,-4,4
39219,123,119,4,4
39220,114,117,-3,3
39221,35,57,-22,22
39222,55,59,-4,4
39223,110,107,3,3
39224,52,62,-10,10
39225,191,167,24,24
39226,48,61,-13,13
39227,70,63,7,7
39228,116,113,3,3
39229,114,113,1,1
39230,71,72,-1,1
39231,130,115,15,15
39232,92,94,-2,2
39233,111,117,-6,6
39234,150,145,5,5
39235,112,129,-17,17
39236,85,89,-4,4
39237,75,72,3,3
39238,64,64,0,0
39239,65,66,-1,1
39240,164,152,12,12
39241,63,51,12,12
39242,105,104,1,1
39243,96,98,-2,2
39244,102,91,11,11
39245,84,75,9,9
39246,72,84,-12,12
39247,118,117,1,1
39248,110,105,5,5
39249,81,83,-2,2
39250,109,112,-3,3
39251,76,68,8,8
39252,64,62,2,2
39253,133,115,18,18
39254,143,125,18,18
39255,72,74,-2,2
39256,74,83,-9,9
39257,41,61,-20,20
39258,65,65,0,0
39259,73,67,6,6
39260,63,69,-6,6
39261,175,159,16,16
39262,85,101,-16,16
39263,82,80,2,2
39264,48,61,-13,13
39265,97,94,3,3
39266,86,94,-8,8
39267,66,66,0,0
39268,80,76,4,4
39269,84,91,-7,7
39270,90,92,-2,2
39271,76,87,-11,11
39272,90,96,-6,6
39273,128,128,0,0
39274,76,90,-14,14
39275,84,84,0,0
39276,116,117,-1,1
39277,72,79,-7,7
39278,88,84,4,4
39279,58,62,-4,4
39280,80,75,5,5
39281,122,111,11,11
39282,84,95,-11,11
39283,62,64,-2,2
39284,78,74,4,4
39285,113,113,0,0
39286,152,139,13,13
39287,68,73,-5,5
39288,72,69,3,3
39289,104,105,-1,1
39290,100,99,1,1
39291,92,89,3,3
39292,95,84,11,11
39293,66,62,4,4
39294,78,86,-8,8
39295,117,105,12,12
39296,109,101,8,8
39297,157,139,18,18
39298,100,86,14,14
39299,101,97,4,4
39300,68,62,6,6
39301,137,117,20,20
39302,144,145,-1,1
39303,152,144,8,8
39304,121,108,13,13
39305,83,89,-6,6
39306,86,99,-13,13
39307,72,65,7,7
39308,82,98,-16,16
39309,115,109,6,6
39310,44,62,-18,18
39311,130,132,-2,2
39312,84,87,-3,3
39313,104,104,0,0
39314,70,62,8,8
39315,152,125,27,27
39316,66,69,-3,3
39317,137,114,23,23
39318,86,87,-1,1
39319,130,117,13,13
39320,105,107,-2,2
39321,79,83,-4,4
39322,79,74,5,5
39323,68,66,2,2
39324,86,83,3,3
39325,90,106,-16,16
39326,174,150,24,24
39327,41,62,-21,21
39328,109,99,10,10
39329,98,94,4,4
39330,79,89,-10,10
39331,107,111,-4,4
39332,138,131,7,7
39333,49,61,-12,12
39334,68,75,-7,7
39335,465,423,42,42
39336,102,93,9,9
39337,108,114,-6,6
39338,98,104,-6,6
39339,70,60,10,10
39340,90,92,-2,2
39341,103,102,1,1
39342,84,70,14,14
39343,128,134,-6,6
39344,205,186,19,19
39345,149,132,17,17
39346,51,59,-8,8
39347,64,66,-2,2
39348,155,142,13,13
39349,61,68,-7,7
39350,91,93,-2,2
39351,69,74,-5,5
39352,51,62,-11,11
39353,59,63,-4,4
39354,110,100,10,10
39355,145,125,20,20
39356,86,100,-14,14
39357,192,191,1,1
39358,80,68,12,12
39359,62,63,-1,1
39360,116,118,-2,2
39361,94,103,-9,9
39362,60,62,-2,2
39363,128,140,-12,12
39364,129,123,6,6
39365,111,111,0,0
39366,137,127,10,10
39367,164,140,24,24
39368,119,113,6,6
39369,90,94,-4,4
39370,114,127,-13,13
39371,26,60,-34,34
39372,107,110,-3,3
39373,68,68,0,0
39374,118,119,-1,1
39375,124,115,9,9
39376,170,156,14,14
39377,61,65,-4,4
39378,136,131,5,5
39379,196,174,22,22
39380,87,78,9,9
39381,95,105,-10,10
39382,108,116,-8,8
39383,151,141,10,10
39384,67,68,-1,1
39385,149,141,8,8
39386,113,106,7,7
39387,50,67,-17,17
39388,79,90,-11,11
39389,103,101,2,2
39390,80,72,8,8
39391,172,169,3,3
39392,105,111,-6,6
39393,82,86,-4,4
39394,47,61,-14,14
39395,54,59,-5,5
39396,80,75,5,5
39397,64,63,1,1
39398,150,134,16,16
39399,134,121,13,13
39400,61,68,-7,7
39401,108,105,3,3
39402,116,117,-1,1
39403,101,118,-17,17
39404,81,79,2,2
39405,90,97,-7,7
39406,71,78,-7,7
39407,119,116,3,3
39408,133,132,1,1
39409,125,133,-8,8
39410,70,65,5,5
39411,182,162,20,20
39412,114,122,-8,8
39413,136,160,-24,24
39414,76,78,-2,2
39415,114,104,10,10
39416,46,62,-16,16
39417,97,110,-13,13
39418,70,75,-5,5
39419,63,61,2,2
39420,100,96,4,4
39421,114,104,10,10
39422,52,62,-10,10
39423,130,131,-1,1
39424,108,99,9,9
39425,133,119,14,14
39426,26,63,-37,37
39427,75,77,-2,2
39428,112,118,-6,6
39429,73,66,7,7
39430,44,61,-17,17
39431,75,74,1,1
39432,93,93,0,0
39433,60,69,-9,9
39434,83,85,-2,2
39435,140,130,10,10
39436,100,106,-6,6
39437,107,101,6,6
39438,95,80,15,15
39439,111,100,11,11
39440,112,106,6,6
39441,67,69,-2,2
39442,52,60,-8,8
39443,113,100,13,13
39444,77,78,-1,1
39445,135,128,7,7
39446,61,63,-2,2
39447,58,69,-11,11
39448,60,61,-1,1
39449,100,100,0,0
39450,49,60,-11,11
39451,71,67,4,4
39452,104,106,-2,2
39453,49,61,-12,12
39454,141,133,8,8
39455,113,113,0,0
39456,74,67,7,7
39457,135,130,5,5
39458,61,66,-5,5
39459,115,125,-10,10
39460,89,98,-9,9
39461,76,69,7,7
39462,111,120,-9,9
39463,61,69,-8,8
39464,54,60,-6,6
39465,95,103,-8,8
39466,125,122,3,3
39467,168,162,6,6
39468,71,66,5,5
39469,80,77,3,3
39470,224,215,9,9
39471,87,95,-8,8
39472,65,66,-1,1
39473,130,139,-9,9
39474,111,113,-2,2
39475,76,70,6,6
39476,111,104,7,7
39477,88,98,-10,10
39478,97,98,-1,1
39479,118,117,1,1
39480,93,81,12,12
39481,131,122,9,9
39482,82,88,-6,6
39483,153,137,16,16
39484,76,79,-3,3
39485,105,113,-8,8
39486,38,62,-24,24
39487,56,63,-7,7
39488,75,71,4,4
39489,40,58,-18,18
39490,139,139,0,0
39491,78,103,-25,25
39492,72,73,-1,1
39493,123,127,-4,4
39494,71,68,3,3
39495,144,136,8,8
39496,51,61,-10,10
39497,63,64,-1,1
39498,51,61,-10,10
39499,98,98,0,0
39500,83,83,0,0
39501,75,94,-19,19
39502,108,111,-3,3
39503,100,126,-26,26
39504,61,61,0,0
39505,76,75,1,1
39506,156,241,-85,85
39507,69,67,2,2
39508,219,214,5,5
39509,112,110,2,2
39510,86,94,-8,8
39511,53,61,-8,8
39512,108,106,2,2
39513,82,85,-3,3
39514,89,81,8,8
39515,125,116,9,9
39516,96,118,-22,22
39517,113,108,5,5
39518,61,70,-9,9
39519,39,61,-22,22
39520,65,80,-15,15
39521,101,100,1,1
39522,188,160,28,28
39523,73,69,4,4
39524,51,65,-14,14
39525,126,123,3,3
39526,95,117,-22,22
39527,85,108,-23,23
39528,112,126,-14,14
39529,117,119,-2,2
39530,109,96,13,13
39531,47,61,-14,14
39532,63,74,-11,11
39533,92,96,-4,4
39534,78,79,-1,1
39535,100,94,6,6
39536,137,124,13,13
39537,163,150,13,13
39538,74,80,-6,6
39539,64,75,-11,11
39540,87,74,13,13
39541,87,92,-5,5
39542,120,125,-5,5
39543,129,123,6,6
39544,137,128,9,9
39545,65,64,1,1
39546,67,67,0,0
39547,83,83,0,0
39548,91,92,-1,1
39549,88,84,4,4
39550,47,62,-15,15
39551,119,124,-5,5
39552,76,78,-2,2
39553,96,96,0,0
39554,69,80,-11,11
39555,91,93,-2,2
39556,95,97,-2,2
39557,89,101,-12,12
39558,89,90,-1,1
39559,106,106,0,0
39560,86,76,10,10
39561,119,108,11,11
39562,76,83,-7,7
39563,95,90,5,5
39564,93,92,1,1
39565,93,78,15,15
39566,87,92,-5,5
39567,142,147,-5,5
39568,81,88,-7,7
39569,54,60,-6,6
39570,131,120,11,11
39571,53,62,-9,9
39572,132,132,0,0
39573,83,88,-5,5
39574,77,70,7,7
39575,86,97,-11,11
39576,135,127,8,8
39577,114,110,4,4
39578,75,91,-16,16
39579,62,75,-13,13
39580,96,93,3,3
39581,88,84,4,4
39582,58,62,-4,4
39583,55,61,-6,6
39584,70,68,2,2
39585,162,146,16,16
39586,98,96,2,2
39587,73,64,9,9
39588,52,61,-9,9
39589,86,84,2,2
39590,133,117,16,16
39591,102,105,-3,3
39592,137,130,7,7
39593,58,61,-3,3
39594,94,80,14,14
39595,158,140,18,18
39596,88,92,-4,4
39597,81,91,-10,10
39598,88,80,8,8
39599,170,167,3,3
39600,132,125,7,7
39601,160,153,7,7
39602,69,69,0,0
39603,78,76,2,2
39604,47,66,-19,19
39605,122,116,6,6
39606,46,55,-9,9
39607,81,89,-8,8
39608,173,170,3,3
39609,36,110,-74,74
39610,84,74,10,10
39611,118,113,5,5
39612,113,102,11,11
39613,162,150,12,12
39614,98,107,-9,9
39615,96,98,-2,2
39616,71,73,-2,2
39617,68,66,2,2
39618,85,83,2,2
39619,34,62,-28,28
39620,69,77,-8,8
39621,69,73,-4,4
39622,128,120,8,8
39623,99,105,-6,6
39624,121,121,0,0
39625,179,160,19,19
39626,92,100,-8,8
39627,171,169,2,2
39628,94,97,-3,3
39629,112,114,-2,2
39630,79,75,4,4
39631,57,64,-7,7
39632,72,86,-14,14
39633,161,135,26,26
39634,132,126,6,6
39635,126,116,10,10
39636,78,86,-8,8
39637,72,68,4,4
39638,88,95,-7,7
39639,93,96,-3,3
39640,56,61,-5,5
39641,179,162,17,17
39642,99,96,3,3
39643,143,125,18,18
39644,25,62,-37,37
39645,85,78,7,7
39646,50,63,-13,13
39647,110,103,7,7
39648,133,121,12,12
39649,103,96,7,7
39650,149,140,9,9
39651,146,142,4,4
39652,65,70,-5,5
39653,117,128,-11,11
39654,53,61,-8,8
39655,155,136,19,19
39656,127,124,3,3
39657,87,92,-5,5
39658,167,148,19,19
39659,74,68,6,6
39660,65,68,-3,3
39661,50,62,-12,12
39662,109,109,0,0
39663,65,65,0,0
39664,98,96,2,2
39665,128,121,7,7
39666,132,126,6,6
39667,174,168,6,6
39668,81,85,-4,4
39669,69,70,-1,1
39670,77,69,8,8
39671,69,64,5,5
39672,68,69,-1,1
39673,132,131,1,1
39674,152,160,-8,8
39675,87,92,-5,5
39676,30,60,-30,30
39677,98,91,7,7
39678,99,106,-7,7
39679,116,114,2,2
39680,100,100,0,0
39681,137,124,13,13
39682,63,65,-2,2
39683,82,91,-9,9
39684,99,111,-12,12
39685,58,63,-5,5
39686,68,65,3,3
39687,121,113,8,8
39688,91,76,15,15
39689,61,80,-19,19
39690,46,61,-15,15
39691,107,114,-7,7
39692,80,79,1,1
39693,78,83,-5,5
39694,83,79,4,4
39695,139,130,9,9
39696,113,115,-2,2
39697,109,113,-4,4
39698,168,154,14,14
39699,148,133,15,15
39700,90,87,3,3
39701,49,61,-12,12
39702,91,100,-9,9
39703,48,61,-13,13
39704,99,104,-5,5
39705,125,125,0,0
39706,77,97,-20,20
39707,89,94,-5,5
39708,85,78,7,7
39709,85,87,-2,2
39710,60,68,-8,8
39711,100,98,2,2
39712,61,66,-5,5
39713,87,91,-4,4
39714,79,83,-4,4
39715,48,62,-14,14
39716,90,99,-9,9
39717,85,84,1,1
39718,77,72,5,5
39719,56,63,-7,7
39720,55,61,-6,6
39721,148,136,12,12
39722,108,102,6,6
39723,69,65,4,4
39724,151,135,16,16
39725,98,86,12,12
39726,87,93,-6,6
39727,76,73,3,3
39728,84,83,1,1
39729,39,61,-22,22
39730,105,103,2,2
39731,68,98,-30,30
39732,58,68,-10,10
39733,81,78,3,3
39734,108,111,-3,3
39735,98,102,-4,4
39736,148,154,-6,6
39737,71,70,1,1
39738,108,103,5,5
39739,68,75,-7,7
39740,82,89,-7,7
39741,159,143,16,16
39742,109,98,11,11
39743,113,106,7,7
39744,106,105,1,1
39745,124,115,9,9
39746,74,74,0,0
39747,23,61,-38,38
39748,94,91,3,3
39749,69,71,-2,2
39750,63,69,-6,6
39751,49,59,-10,10
39752,83,81,2,2
39753,65,64,1,1
39754,122,107,15,15
39755,110,105,5,5
39756,145,135,10,10
39757,128,118,10,10
39758,61,60,1,1
39759,135,123,12,12
39760,62,61,1,1
39761,143,123,20,20
39762,59,62,-3,3
39763,133,130,3,3
39764,84,94,-10,10
39765,127,121,6,6
39766,75,71,4,4
39767,128,121,7,7
39768,85,93,-8,8
39769,127,114,13,13
39770,66,76,-10,10
39771,45,58,-13,13
39772,89,91,-2,2
39773,82,81,1,1
39774,98,94,4,4
39775,51,72,-21,21
39776,112,115,-3,3
39777,70,71,-1,1
39778,75,63,12,12
39779,97,98,-1,1
39780,59,73,-14,14
39781,51,61,-10,10
39782,53,62,-9,9
39783,56,69,-13,13
39784,67,63,4,4
39785,66,71,-5,5
39786,89,94,-5,5
39787,94,83,11,11
39788,77,85,-8,8
39789,41,61,-20,20
39790,85,87,-2,2
39791,72,66,6,6
39792,108,109,-1,1
39793,105,103,2,2
39794,67,70,-3,3
39795,97,97,0,0
39796,76,77,-1,1
39797,133,144,-11,11
39798,93,94,-1,1
39799,40,62,-22,22
39800,66,62,4,4
39801,43,60,-17,17
39802,145,136,9,9
39803,135,118,17,17
39804,64,66,-2,2
39805,76,96,-20,20
39806,55,62,-7,7
39807,78,80,-2,2
39808,103,100,3,3
39809,141,137,4,4
39810,152,147,5,5
39811,110,123,-13,13
39812,122,116,6,6
39813,78,82,-4,4
39814,82,79,3,3
39815,104,93,11,11
39816,112,110,2,2
39817,69,66,3,3
39818,48,62,-14,14
39819,60,66,-6,6
39820,54,61,-7,7
39821,128,117,11,11
39822,61,62,-1,1
39823,108,122,-14,14
39824,86,92,-6,6
39825,74,84,-10,10
39826,168,151,17,17
39827,76,78,-2,2
39828,80,83,-3,3
39829,96,92,4,4
39830,74,70,4,4
39831,59,61,-2,2
39832,143,135,8,8
39833,68,61,7,7
39834,76,76,0,0
39835,97,102,-5,5
39836,66,67,-1,1
39837,94,95,-1,1
39838,159,156,3,3
39839,76,63,13,13
39840,121,122,-1,1
39841,123,125,-2,2
39842,80,82,-2,2
39843,77,77,0,0
39844,52,61,-9,9
39845,115,118,-3,3
39846,180,152,28,28
39847,70,68,2,2
39848,79,85,-6,6
39849,112,104,8,8
39850,89,94,-5,5
39851,83,87,-4,4
39852,108,113,-5,5
39853,67,70,-3,3
39854,86,88,-2,2
39855,82,95,-13,13
39856,156,144,12,12
39857,141,126,15,15
39858,154,146,8,8
39859,63,63,0,0
39860,52,60,-8,8
39861,122,112,10,10
39862,69,81,-12,12
39863,93,93,0,0
39864,106,112,-6,6
39865,76,105,-29,29
39866,97,96,1,1
39867,96,97,-1,1
39868,116,114,2,2
39869,98,109,-11,11
39870,89,90,-1,1
39871,137,135,2,2
39872,88,74,14,14
39873,115,114,1,1
39874,135,128,7,7
39875,99,101,-2,2
39876,68,71,-3,3
39877,98,98,0,0
39878,119,111,8,8
39879,77,75,2,2
39880,74,86,-12,12
39881,115,111,4,4
39882,67,68,-1,1
39883,79,87,-8,8
39884,107,110,-3,3
39885,83,89,-6,6
39886,74,81,-7,7
39887,160,153,7,7
39888,56,63,-7,7
39889,74,76,-2,2
39890,95,98,-3,3
39891,141,146,-5,5
39892,98,99,-1,1
39893,84,89,-5,5
39894,118,111,7,7
39895,58,61,-3,3
39896,54,63,-9,9
39897,74,72,2,2
39898,69,70,-1,1
39899,123,109,14,14
39900,59,61,-2,2
39901,50,59,-9,9
39902,56,61,-5,5
39903,55,63,-8,8
39904,145,128,17,17
39905,89,88,1,1
39906,74,64,10,10
39907,67,66,1,1
39908,100,102,-2,2
39909,99,99,0,0
39910,64,67,-3,3
39911,49,62,-13,13
39912,144,135,9,9
39913,65,64,1,1
39914,57,58,-1,1
39915,74,80,-6,6
39916,82,90,-8,8
39917,80,75,5,5
39918,167,182,-15,15
39919,55,60,-5,5
39920,98,101,-3,3
39921,69,71,-2,2
39922,60,62,-2,2
39923,149,137,12,12
39924,170,164,6,6
39925,56,62,-6,6
39926,120,113,7,7
39927,114,111,3,3
39928,123,117,6,6
39929,67,73,-6,6
39930,145,140,5,5
39931,72,71,1,1
39932,85,85,0,0
39933,117,119,-2,2
39934,87,105,-18,18
39935,66,76,-10,10
39936,116,121,-5,5
39937,53,63,-10,10
39938,109,106,3,3
39939,26,62,-36,36
39940,51,62,-11,11
39941,65,61,4,4
39942,89,82,7,7
39943,110,98,12,12
39944,70,73,-3,3
39945,46,62,-16,16
39946,119,111,8,8
39947,127,118,9,9
39948,95,93,2,2
39949,68,68,0,0
39950,73,71,2,2
39951,112,106,6,6
39952,152,153,-1,1
39953,83,86,-3,3
39954,115,111,4,4
39955,131,109,22,22
39956,49,62,-13,13
39957,118,101,17,17
39958,94,86,8,8
39959,120,121,-1,1
39960,64,81,-17,17
39961,145,130,15,15
39962,63,66,-3,3
39963,62,64,-2,2
39964,55,62,-7,7
39965,113,119,-6,6
39966,62,77,-15,15
39967,80,76,4,4
39968,100,95,5,5
39969,72,76,-4,4
39970,75,73,2,2
39971,104,102,2,2
39972,56,61,-5,5
39973,116,127,-11,11
39974,87,96,-9,9
39975,109,109,0,0
39976,107,111,-4,4
39977,63,66,-3,3
39978,127,129,-2,2
39979,124,111,13,13
39980,67,67,0,0
39981,229,175,54,54
39982,144,124,20,20
39983,110,109,1,1
39984,70,64,6,6
39985,102,100,2,2
39986,153,131,22,22
39987,82,86,-4,4
39988,50,62,-12,12
39989,54,61,-7,7
39990,97,96,1,1
39991,75,80,-5,5
39992,83,82,1,1
39993,88,86,2,2
39994,129,118,11,11
39995,91,79,12,12
39996,115,102,13,13
39997,96,96,0,0
39998,177,167,10,10
39999,109,109,0,0
40000,91,93,-2,2
40001,102,99,3,3
40002,75,67,8,8
40003,67,68,-1,1
40004,85,89,-4,4
40005,133,122,11,11
40006,122,122,0,0
40007,99,100,-1,1
40008,72,76,-4,4
40009,80,88,-8,8
40010,61,61,0,0
40011,118,111,7,7
40012,112,111,1,1
40013,69,77,-8,8
40014,156,145,11,11
40015,140,132,8,8
40016,55,62,-7,7
40017,85,95,-10,10
40018,104,97,7,7
40019,113,105,8,8
40020,61,65,-4,4
40021,110,123,-13,13
40022,142,124,18,18
40023,93,93,0,0
40024,49,62,-13,13
40025,139,133,6,6
40026,42,62,-20,20
40027,80,74,6,6
40028,138,125,13,13
40029,148,142,6,6
40030,28,58,-30,30
40031,54,62,-8,8
40032,85,74,11,11
40033,84,84,0,0
40034,161,137,24,24
40035,80,82,-2,2
40036,108,118,-10,10
40037,91,95,-4,4
40038,92,85,7,7
40039,92,100,-8,8
40040,91,96,-5,5
40041,146,127,19,19
40042,59,68,-9,9
40043,109,101,8,8
40044,67,69,-2,2
40045,89,95,-6,6
40046,156,138,18,18
40047,106,101,5,5
40048,71,74,-3,3
40049,161,149,12,12
40050,97,96,1,1
40051,95,94,1,1
40052,128,123,5,5
40053,79,95,-16,16
40054,127,134,-7,7
40055,88,96,-8,8
40056,63,63,0,0
40057,47,60,-13,13
40058,67,78,-11,11
40059,44,61,-17,17
40060,70,62,8,8
40061,59,60,-1,1
40062,115,117,-2,2
40063,123,128,-5,5
40064,49,61,-12,12
40065,81,80,1,1
40066,55,62,-7,7
40067,105,97,8,8
40068,120,118,2,2
40069,95,100,-5,5
40070,73,80,-7,7
40071,76,83,-7,7
40072,95,96,-1,1
40073,35,62,-27,27
40074,85,80,5,5
40075,65,79,-14,14
40076,125,125,0,0
40077,62,61,1,1
40078,95,98,-3,3
40079,139,126,13,13
40080,77,87,-10,10
40081,65,64,1,1
40082,53,62,-9,9
40083,83,70,13,13
40084,62,62,0,0
40085,74,72,2,2
40086,32,62,-30,30
40087,67,65,2,2
40088,134,121,13,13
40089,78,86,-8,8
40090,88,91,-3,3
40091,81,91,-10,10
40092,60,66,-6,6
40093,117,102,15,15
40094,61,65,-4,4
40095,147,135,12,12
40096,217,185,32,32
40097,84,87,-3,3
40098,67,66,1,1
40099,158,164,-6,6
40100,51,64,-13,13
40101,91,95,-4,4
40102,72,65,7,7
40103,121,120,1,1
40104,76,69,7,7
40105,117,109,8,8
40106,63,63,0,0
40107,82,92,-10,10
40108,87,99,-12,12
40109,77,73,4,4
40110,67,76,-9,9
40111,129,108,21,21
40112,56,61,-5,5
40113,60,66,-6,6
40114,130,114,16,16
40115,106,117,-11,11
40116,73,66,7,7
40117,89,88,1,1
40118,85,96,-11,11
40119,71,63,8,8
40120,206,226,-20,20
40121,142,144,-2,2
40122,106,109,-3,3
40123,98,100,-2,2
40124,60,70,-10,10
40125,113,116,-3,3
40126,57,64,-7,7
40127,73,78,-5,5
40128,186,151,35,35
40129,87,96,-9,9
40130,122,113,9,9
40131,80,92,-12,12
40132,130,121,9,9
40133,106,108,-2,2
40134,175,185,-10,10
40135,135,144,-9,9
40136,115,111,4,4
40137,80,77,3,3
40138,125,114,11,11
40139,85,95,-10,10
40140,85,78,7,7
40141,143,133,10,10
40142,92,91,1,1
40143,74,62,12,12
40144,66,77,-11,11
40145,68,68,0,0
40146,103,97,6,6
40147,82,83,-1,1
40148,57,59,-2,2
40149,102,108,-6,6
40150,117,115,2,2
40151,79,85,-6,6
40152,179,154,25,25
40153,111,118,-7,7
40154,59,64,-5,5
40155,90,92,-2,2
40156,82,114,-32,32
40157,120,114,6,6
40158,89,93,-4,4
40159,76,75,1,1
40160,74,68,6,6
40161,54,61,-7,7
40162,51,63,-12,12
40163,71,71,0,0
40164,116,101,15,15
40165,84,77,7,7
40166,107,102,5,5
40167,83,79,4,4
40168,170,153,17,17
40169,118,113,5,5
40170,115,107,8,8
40171,78,94,-16,16
40172,155,142,13,13
40173,143,145,-2,2
40174,80,91,-11,11
40175,64,74,-10,10
40176,97,90,7,7
40177,92,99,-7,7
40178,63,67,-4,4
40179,196,166,30,30
40180,70,80,-10,10
40181,95,97,-2,2
40182,73,78,-5,5
40183,64,73,-9,9
40184,86,99,-13,13
40185,93,100,-7,7
40186,81,80,1,1
40187,132,112,20,20
40188,89,75,14,14
40189,80,72,8,8
40190,61,63,-2,2
40191,148,144,4,4
40192,104,101,3,3
40193,105,105,0,0
40194,94,92,2,2
40195,72,74,-2,2
40196,71,69,2,2
40197,115,113,2,2
40198,100,97,3,3
40199,64,64,0,0
40200,88,94,-6,6
40201,175,174,1,1
40202,153,153,0,0
40203,58,62,-4,4
40204,143,142,1,1
40205,49,60,-11,11
40206,62,63,-1,1
40207,72,70,2,2
40208,112,111,1,1
40209,90,88,2,2
40210,88,88,0,0
40211,92,90,2,2
40212,25,53,-28,28
40213,97,95,2,2
40214,133,119,14,14
40215,86,91,-5,5
40216,81,77,4,4
40217,164,145,19,19
40218,64,63,1,1
40219,79,74,5,5
40220,108,107,1,1
40221,62,69,-7,7
40222,84,86,-2,2
40223,187,178,9,9
40224,70,81,-11,11
40225,119,112,7,7
40226,86,112,-26,26
40227,118,111,7,7
40228,79,83,-4,4
40229,77,76,1,1
40230,85,93,-8,8
40231,107,99,8,8
40232,76,77,-1,1
40233,54,62,-8,8
40234,66,66,0,0
40235,64,73,-9,9
40236,56,61,-5,5
40237,147,152,-5,5
40238,92,103,-11,11
40239,119,111,8,8
40240,61,71,-10,10
40241,112,104,8,8
40242,116,118,-2,2
40243,68,75,-7,7
40244,153,143,10,10
40245,114,123,-9,9
40246,115,112,3,3
40247,91,95,-4,4
40248,68,72,-4,4
40249,111,107,4,4
40250,79,69,10,10
40251,57,66,-9,9
40252,114,111,3,3
40253,66,71,-5,5
40254,96,85,11,11
40255,83,96,-13,13
40256,93,84,9,9
40257,83,77,6,6
40258,80,73,7,7
40259,82,81,1,1
40260,114,114,0,0
40261,49,58,-9,9
40262,67,76,-9,9
40263,79,79,0,0
40264,77,80,-3,3
40265,64,67,-3,3
40266,177,163,14,14
40267,71,76,-5,5
40268,99,95,4,4
40269,90,90,0,0
40270,107,104,3,3
40271,103,97,6,6
40272,144,133,11,11
40273,81,80,1,1
40274,69,68,1,1
40275,63,84,-21,21
40276,105,108,-3,3
40277,100,94,6,6
40278,118,119,-1,1
40279,89,85,4,4
40280,90,91,-1,1
40281,88,95,-7,7
40282,69,67,2,2
40283,59,61,-2,2
40284,84,83,1,1
40285,143,138,5,5
40286,112,118,-6,6
40287,143,144,-1,1
40288,78,87,-9,9
40289,38,62,-24,24
40290,107,96,11,11
40291,57,62,-5,5
40292,62,122,-60,60
40293,79,82,-3,3
40294,72,78,-6,6
40295,85,84,1,1
40296,83,90,-7,7
40297,69,67,2,2
40298,62,60,2,2
40299,80,90,-10,10
40300,55,63,-8,8
40301,77,68,9,9
40302,77,117,-40,40
40303,81,92,-11,11
40304,88,87,1,1
40305,75,90,-15,15
40306,103,105,-2,2
40307,63,63,0,0
40308,115,103,12,12
40309,149,143,6,6
40310,48,61,-13,13
40311,67,62,5,5
40312,167,143,24,24
40313,116,116,0,0
40314,40,59,-19,19
40315,93,97,-4,4
40316,98,95,3,3
40317,105,99,6,6
40318,150,135,15,15
40319,174,152,22,22
40320,156,157,-1,1
40321,61,103,-42,42
40322,124,124,0,0
40323,61,61,0,0
40324,58,61,-3,3
40325,147,143,4,4
40326,80,94,-14,14
40327,115,103,12,12
40328,139,136,3,3
40329,73,71,2,2
40330,208,195,13,13
40331,92,102,-10,10
40332,63,60,3,3
40333,126,114,12,12
40334,31,62,-31,31
40335,55,81,-26,26
40336,154,142,12,12
40337,110,110,0,0
40338,62,63,-1,1
40339,124,115,9,9
40340,81,73,8,8
40341,78,65,13,13
40342,122,131,-9,9
40343,110,120,-10,10
40344,100,91,9,9
40345,112,108,4,4
40346,58,59,-1,1
40347,92,91,1,1
40348,143,135,8,8
40349,76,73,3,3
40350,62,68,-6,6
40351,72,75,-3,3
40352,96,105,-9,9
40353,98,99,-1,1
40354,209,175,34,34
40355,81,79,2,2
40356,65,68,-3,3
40357,111,99,12,12
40358,158,147,11,11
40359,106,110,-4,4
40360,124,114,10,10
40361,90,89,1,1
40362,95,95,0,0
40363,86,96,-10,10
40364,89,91,-2,2
40365,59,69,-10,10
40366,132,118,14,14
40367,91,81,10,10
40368,90,84,6,6
40369,85,89,-4,4
40370,77,94,-17,17
40371,68,64,4,4
40372,77,90,-13,13
40373,125,123,2,2
40374,53,60,-7,7
40375,100,107,-7,7
40376,128,123,5,5
40377,78,70,8,8
40378,73,95,-22,22
40379,79,79,0,0
40380,89,94,-5,5
40381,101,102,-1,1
40382,93,107,-14,14
40383,93,97,-4,4
40384,62,63,-1,1
40385,113,119,-6,6
40386,117,108,9,9
40387,133,124,9,9
40388,107,112,-5,5
40389,64,91,-27,27
40390,48,63,-15,15
40391,103,102,1,1
40392,91,97,-6,6
40393,121,126,-5,5
40394,109,109,0,0
40395,92,93,-1,1
40396,118,107,11,11
40397,82,91,-9,9
40398,76,66,10,10
40399,98,94,4,4
40400,118,111,7,7
40401,124,123,1,1
40402,120,101,19,19
40403,85,93,-8,8
40404,112,111,1,1
40405,88,94,-6,6
40406,65,60,5,5
40407,48,62,-14,14
40408,66,78,-12,12
40409,106,86,20,20
40410,174,144,30,30
40411,161,147,14,14
40412,42,83,-41,41
40413,65,73,-8,8
40414,47,59,-12,12
40415,100,112,-12,12
40416,91,96,-5,5
40417,59,63,-4,4
40418,77,89,-12,12
40419,83,77,6,6
40420,91,92,-1,1
40421,91,92,-1,1
40422,163,155,8,8
40423,89,88,1,1
40424,144,148,-4,4
40425,107,116,-9,9
40426,75,82,-7,7
40427,210,203,7,7
40428,168,158,10,10
40429,116,125,-9,9
40430,67,79,-12,12
40431,66,69,-3,3
40432,23,63,-40,40
40433,99,95,4,4
40434,66,66,0,0
40435,56,61,-5,5
40436,92,94,-2,2
40437,132,123,9,9
40438,67,77,-10,10
40439,42,59,-17,17
40440,123,120,3,3
40441,44,61,-17,17
40442,117,114,3,3
40443,109,107,2,2
40444,106,102,4,4
40445,92,94,-2,2
40446,88,83,5,5
40447,74,73,1,1
40448,114,125,-11,11
40449,146,129,17,17
40450,105,101,4,4
40451,91,102,-11,11
40452,124,117,7,7
40453,178,162,16,16
40454,98,97,1,1
40455,145,147,-2,2
40456,76,75,1,1
40457,100,98,2,2
40458,128,111,17,17
40459,152,140,12,12
40460,40,62,-22,22
40461,65,70,-5,5
40462,107,112,-5,5
40463,90,91,-1,1
40464,100,107,-7,7
40465,71,85,-14,14
40466,55,60,-5,5
40467,80,86,-6,6
40468,131,142,-11,11
40469,28,62,-34,34
40470,93,98,-5,5
40471,149,150,-1,1
40472,88,99,-11,11
40473,50,62,-12,12
40474,82,95,-13,13
40475,125,115,10,10
40476,131,115,16,16
40477,93,101,-8,8
40478,83,89,-6,6
40479,149,149,0,0
40480,74,83,-9,9
40481,124,122,2,2
40482,174,149,25,25
40483,83,112,-29,29
40484,119,120,-1,1
40485,85,81,4,4
40486,70,63,7,7
40487,197,184,13,13
40488,131,119,12,12
40489,130,117,13,13
40490,73,86,-13,13
40491,97,97,0,0
40492,85,109,-24,24
40493,198,170,28,28
40494,100,95,5,5
40495,81,113,-32,32
40496,71,75,-4,4
40497,97,99,-2,2
40498,77,92,-15,15
40499,88,90,-2,2
40500,90,80,10,10
40501,74,78,-4,4
40502,70,67,3,3
40503,63,60,3,3
40504,149,134,15,15
40505,97,93,4,4
40506,65,68,-3,3
40507,81,82,-1,1
40508,100,101,-1,1
40509,79,92,-13,13
40510,106,107,-1,1
40511,79,88,-9,9
40512,137,132,5,5
40513,82,92,-10,10
40514,68,61,7,7
40515,100,94,6,6
40516,40,61,-21,21
40517,57,60,-3,3
40518,73,84,-11,11
40519,85,93,-8,8
40520,135,128,7,7
40521,126,124,2,2
40522,158,149,9,9
40523,110,106,4,4
40524,125,128,-3,3
40525,115,111,4,4
40526,112,113,-1,1
40527,71,77,-6,6
40528,121,130,-9,9
40529,97,104,-7,7
40530,104,102,2,2
40531,97,98,-1,1
40532,54,61,-7,7
40533,76,76,0,0
40534,132,113,19,19
40535,98,105,-7,7
40536,107,103,4,4
40537,119,110,9,9
40538,125,116,9,9
40539,96,100,-4,4
40540,49,62,-13,13
40541,89,81,8,8
40542,101,97,4,4
40543,86,98,-12,12
40544,43,61,-18,18
40545,40,62,-22,22
40546,109,108,1,1
40547,49,62,-13,13
40548,99,102,-3,3
40549,120,112,8,8
40550,70,83,-13,13
40551,177,155,22,22
40552,59,68,-9,9
40553,90,94,-4,4
40554,99,101,-2,2
40555,99,101,-2,2
40556,113,107,6,6
40557,87,89,-2,2
40558,120,124,-4,4
40559,122,115,7,7
40560,156,148,8,8
40561,90,85,5,5
40562,109,107,2,2
40563,59,67,-8,8
40564,110,113,-3,3
40565,64,65,-1,1
40566,76,80,-4,4
40567,93,92,1,1
40568,81,92,-11,11
40569,155,141,14,14
40570,77,98,-21,21
40571,52,60,-8,8
40572,48,62,-14,14
40573,94,101,-7,7
40574,72,82,-10,10
40575,78,97,-19,19
40576,108,106,2,2
40577,74,89,-15,15
40578,67,65,2,2
40579,88,87,1,1
40580,127,126,1,1
40581,88,100,-12,12
40582,53,78,-25,25
40583,101,101,0,0
40584,105,100,5,5
40585,120,116,4,4
40586,63,70,-7,7
40587,50,61,-11,11
40588,67,68,-1,1
40589,121,120,1,1
40590,76,78,-2,2
40591,95,81,14,14
40592,97,100,-3,3
40593,63,70,-7,7
40594,135,130,5,5
40595,61,67,-6,6
40596,79,83,-4,4
40597,133,124,9,9
40598,97,103,-6,6
40599,78,67,11,11
40600,96,94,2,2
40601,47,62,-15,15
40602,139,122,17,17
40603,99,97,2,2
40604,113,101,12,12
40605,94,93,1,1
40606,100,104,-4,4
40607,71,79,-8,8
40608,102,110,-8,8
40609,113,107,6,6
40610,85,90,-5,5
40611,75,64,11,11
40612,62,61,1,1
40613,111,97,14,14
40614,80,77,3,3
40615,117,113,4,4
40616,107,106,1,1
40617,75,75,0,0
40618,82,94,-12,12
40619,73,73,0,0
40620,110,104,6,6
40621,115,113,2,2
40622,151,144,7,7
40623,60,63,-3,3
40624,51,61,-10,10
40625,76,70,6,6
40626,115,110,5,5
40627,79,82,-3,3
40628,85,95,-10,10
40629,84,94,-10,10
40630,136,119,17,17
40631,76,81,-5,5
40632,30,62,-32,32
40633,141,127,14,14
40634,83,81,2,2
40635,81,91,-10,10
40636,79,88,-9,9
40637,113,111,2,2
40638,88,85,3,3
40639,145,165,-20,20
40640,156,146,10,10
40641,80,95,-15,15
40642,103,101,2,2
40643,116,109,7,7
40644,76,68,8,8
40645,123,120,3,3
40646,93,97,-4,4
40647,103,106,-3,3
40648,67,65,2,2
40649,102,108,-6,6
40650,92,83,9,9
40651,86,91,-5,5
40652,56,62,-6,6
40653,80,89,-9,9
40654,137,131,6,6
40655,48,58,-10,10
40656,87,79,8,8
40657,112,118,-6,6
40658,74,70,4,4
40659,87,91,-4,4
40660,101,106,-5,5
40661,58,64,-6,6
40662,116,107,9,9
40663,97,93,4,4
40664,65,64,1,1
40665,98,93,5,5
40666,98,92,6,6
40667,156,144,12,12
40668,88,93,-5,5
40669,85,95,-10,10
40670,64,60,4,4
40671,72,76,-4,4
40672,107,111,-4,4
40673,87,103,-16,16
40674,115,113,2,2
40675,102,94,8,8
40676,120,107,13,13
40677,87,95,-8,8
40678,81,85,-4,4
40679,53,63,-10,10
40680,71,95,-24,24
40681,78,79,-1,1
40682,104,101,3,3
40683,113,114,-1,1
40684,51,61,-10,10
40685,65,79,-14,14
40686,109,134,-25,25
40687,78,84,-6,6
40688,105,96,9,9
40689,93,105,-12,12
40690,103,102,1,1
40691,113,101,12,12
40692,77,91,-14,14
40693,135,120,15,15
40694,82,70,12,12
40695,84,86,-2,2
40696,56,66,-10,10
40697,54,61,-7,7
40698,146,134,12,12
40699,149,137,12,12
40700,91,88,3,3
40701,61,61,0,0
40702,117,121,-4,4
40703,46,61,-15,15
40704,159,147,12,12
40705,94,88,6,6
40706,153,132,21,21
40707,108,105,3,3
40708,85,76,9,9
40709,69,76,-7,7
40710,295,279,16,16
40711,74,77,-3,3
40712,103,101,2,2
40713,80,78,2,2
40714,68,71,-3,3
40715,120,119,1,1
40716,86,90,-4,4
40717,118,114,4,4
40718,74,81,-7,7
40719,99,85,14,14
40720,76,68,8,8
40721,134,119,15,15
40722,97,116,-19,19
40723,66,73,-7,7
40724,92,101,-9,9
40725,50,62,-12,12
40726,83,94,-11,11
40727,98,101,-3,3
40728,72,73,-1,1
40729,71,69,2,2
40730,71,82,-11,11
40731,78,89,-11,11
40732,81,89,-8,8
40733,126,121,5,5
40734,71,67,4,4
40735,70,68,2,2
40736,141,133,8,8
40737,75,70,5,5
40738,85,78,7,7
40739,89,94,-5,5
40740,82,92,-10,10
40741,174,146,28,28
40742,77,71,6,6
40743,113,131,-18,18
40744,165,157,8,8
40745,55,61,-6,6
40746,94,83,11,11
40747,81,93,-12,12
40748,103,99,4,4
40749,87,88,-1,1
40750,68,92,-24,24
40751,205,206,-1,1
40752,85,90,-5,5
40753,66,65,1,1
40754,68,67,1,1
40755,87,91,-4,4
40756,101,96,5,5
40757,115,109,6,6
40758,69,73,-4,4
40759,144,131,13,13
40760,97,97,0,0
40761,107,109,-2,2
40762,88,104,-16,16
40763,138,130,8,8
40764,90,76,14,14
40765,129,133,-4,4
40766,66,66,0,0
40767,75,74,1,1
40768,118,112,6,6
40769,99,97,2,2
40770,77,74,3,3
40771,89,92,-3,3
40772,95,101,-6,6
40773,56,61,-5,5
40774,115,110,5,5
40775,59,63,-4,4
40776,117,115,2,2
40777,110,110,0,0
40778,120,103,17,17
40779,98,84,14,14
40780,121,121,0,0
40781,100,85,15,15
40782,85,86,-1,1
40783,106,104,2,2
40784,165,144,21,21
40785,65,72,-7,7
40786,58,62,-4,4
40787,165,155,10,10
40788,56,63,-7,7
40789,62,70,-8,8
40790,85,78,7,7
40791,93,99,-6,6
40792,57,61,-4,4
40793,97,99,-2,2
40794,96,100,-4,4
40795,45,61,-16,16
40796,114,110,4,4
40797,77,78,-1,1
40798,77,86,-9,9
40799,89,89,0,0
40800,70,78,-8,8
40801,84,92,-8,8
40802,89,104,-15,15
40803,104,106,-2,2
40804,88,86,2,2
40805,68,66,2,2
40806,67,68,-1,1
40807,51,63,-12,12
40808,144,140,4,4
40809,135,130,5,5
40810,89,93,-4,4
40811,122,115,7,7
40812,110,104,6,6
40813,81,86,-5,5
40814,147,149,-2,2
40815,60,62,-2,2
40816,137,139,-2,2
40817,110,111,-1,1
40818,125,119,6,6
40819,89,95,-6,6
40820,129,138,-9,9
40821,70,63,7,7
40822,149,149,0,0
40823,72,92,-20,20
40824,96,101,-5,5
40825,76,87,-11,11
40826,154,143,11,11
40827,220,186,34,34
40828,106,110,-4,4
40829,95,102,-7,7
40830,158,161,-3,3
40831,140,133,7,7
40832,86,92,-6,6
40833,96,86,10,10
40834,100,97,3,3
40835,70,75,-5,5
40836,64,64,0,0
40837,147,138,9,9
40838,75,77,-2,2
40839,80,82,-2,2
40840,161,146,15,15
40841,83,102,-19,19
40842,89,81,8,8
40843,169,156,13,13
40844,85,91,-6,6
40845,151,146,5,5
40846,85,80,5,5
40847,61,67,-6,6
40848,62,61,1,1
40849,118,109,9,9
40850,97,96,1,1
40851,118,109,9,9
40852,104,98,6,6
40853,44,62,-18,18
40854,101,97,4,4
40855,69,69,0,0
40856,52,59,-7,7
40857,115,112,3,3
40858,56,62,-6,6
40859,110,117,-7,7
40860,96,117,-21,21
40861,88,90,-2,2
40862,94,98,-4,4
40863,60,62,-2,2
40864,108,105,3,3
40865,114,105,9,9
40866,87,92,-5,5
40867,102,99,3,3
40868,75,75,0,0
40869,56,62,-6,6
40870,123,126,-3,3
40871,29,61,-32,32
40872,70,83,-13,13
40873,87,85,2,2
40874,48,62,-14,14
40875,108,102,6,6
40876,164,161,3,3
40877,125,112,13,13
40878,66,65,1,1
40879,190,171,19,19
40880,91,91,0,0
40881,116,121,-5,5
40882,96,96,0,0
40883,86,88,-2,2
40884,157,155,2,2
40885,149,135,14,14
40886,54,60,-6,6
40887,81,81,0,0
40888,97,101,-4,4
40889,128,119,9,9
40890,96,100,-4,4
40891,121,119,2,2
40892,131,122,9,9
40893,133,116,17,17
40894,130,121,9,9
40895,97,95,2,2
40896,68,75,-7,7
40897,118,104,14,14
40898,91,93,-2,2
40899,90,104,-14,14
40900,65,64,1,1
40901,143,125,18,18
40902,80,66,14,14
40903,96,89,7,7
40904,104,97,7,7
40905,112,111,1,1
40906,86,90,-4,4
40907,91,95,-4,4
40908,205,168,37,37
40909,73,87,-14,14
40910,101,99,2,2
40911,73,78,-5,5
40912,90,87,3,3
40913,191,190,1,1
40914,90,94,-4,4
40915,149,142,7,7
40916,73,89,-16,16
40917,152,146,6,6
40918,115,108,7,7
40919,88,96,-8,8
40920,86,85,1,1
40921,103,101,2,2
40922,37,61,-24,24
40923,83,74,9,9
40924,76,67,9,9
40925,56,61,-5,5
40926,130,127,3,3
40927,67,65,2,2
40928,78,68,10,10
40929,105,104,1,1
40930,101,104,-3,3
40931,88,91,-3,3
40932,83,90,-7,7
40933,108,107,1,1
40934,67,63,4,4
40935,107,107,0,0
40936,43,60,-17,17
40937,71,77,-6,6
40938,99,100,-1,1
40939,120,126,-6,6
40940,132,118,14,14
40941,30,61,-31,31
40942,88,92,-4,4
40943,82,97,-15,15
40944,59,67,-8,8
40945,68,71,-3,3
40946,120,106,14,14
40947,60,58,2,2
40948,103,99,4,4
40949,110,107,3,3
40950,114,107,7,7
40951,90,93,-3,3
40952,192,173,19,19
40953,100,99,1,1
40954,119,116,3,3
40955,91,95,-4,4
40956,98,99,-1,1
40957,51,61,-10,10
40958,94,92,2,2
40959,98,103,-5,5
40960,71,69,2,2
40961,106,120,-14,14
40962,78,84,-6,6
40963,66,73,-7,7
40964,79,86,-7,7
40965,85,91,-6,6
40966,147,139,8,8
40967,68,65,3,3
40968,66,65,1,1
40969,81,81,0,0
40970,133,126,7,7
40971,120,114,6,6
40972,71,73,-2,2
40973,169,159,10,10
40974,159,142,17,17
40975,57,68,-11,11
40976,73,74,-1,1
40977,44,61,-17,17
40978,85,93,-8,8
40979,49,60,-11,11
40980,54,61,-7,7
40981,89,88,1,1
40982,62,67,-5,5
40983,88,87,1,1
40984,93,100,-7,7
40985,66,67,-1,1
40986,69,67,2,2
40987,138,145,-7,7
40988,88,94,-6,6
40989,102,107,-5,5
40990,45,61,-16,16
40991,48,61,-13,13
40992,106,111,-5,5
40993,158,151,7,7
40994,125,117,8,8
40995,64,82,-18,18
40996,153,149,4,4
40997,66,67,-1,1
40998,87,92,-5,5
40999,90,86,4,4
41000,105,106,-1,1
41001,51,61,-10,10
41002,148,130,18,18
41003,123,127,-4,4
41004,59,61,-2,2
41005,88,76,12,12
41006,91,98,-7,7
41007,77,81,-4,4
41008,98,96,2,2
41009,84,93,-9,9
41010,97,97,0,0
41011,129,115,14,14
41012,158,151,7,7
41013,99,103,-4,4
41014,153,148,5,5
41015,140,122,18,18
41016,97,96,1,1
41017,116,122,-6,6
41018,108,102,6,6
41019,117,113,4,4
41020,112,108,4,4
41021,70,72,-2,2
41022,117,125,-8,8
41023,186,176,10,10
41024,88,91,-3,3
41025,40,61,-21,21
41026,69,68,1,1
41027,138,120,18,18
41028,68,73,-5,5
41029,194,166,28,28
41030,141,129,12,12
41031,66,78,-12,12
41032,87,97,-10,10
41033,112,108,4,4
41034,120,107,13,13
41035,117,110,7,7
41036,116,121,-5,5
41037,113,119,-6,6
41038,109,119,-10,10
41039,116,112,4,4
41040,107,103,4,4
41041,156,142,14,14
41042,54,59,-5,5
41043,96,92,4,4
41044,116,112,4,4
41045,105,100,5,5
41046,53,63,-10,10
41047,146,135,11,11
41048,111,117,-6,6
41049,55,61,-6,6
41050,130,120,10,10
41051,89,89,0,0
41052,99,109,-10,10
41053,101,92,9,9
41054,107,109,-2,2
41055,56,61,-5,5
41056,72,77,-5,5
41057,141,131,10,10
41058,49,61,-12,12
41059,50,62,-12,12
41060,106,97,9,9
41061,71,69,2,2
41062,82,99,-17,17
41063,112,103,9,9
41064,114,114,0,0
41065,91,95,-4,4
41066,79,83,-4,4
41067,87,93,-6,6
41068,72,67,5,5
41069,140,136,4,4
41070,79,91,-12,12
41071,103,100,3,3
41072,105,105,0,0
41073,80,81,-1,1
41074,63,65,-2,2
41075,89,85,4,4
41076,58,66,-8,8
41077,71,66,5,5
41078,91,97,-6,6
41079,64,60,4,4
41080,134,127,7,7
41081,144,135,9,9
41082,46,67,-21,21
41083,79,92,-13,13
41084,137,128,9,9
41085,71,72,-1,1
41086,88,86,2,2
41087,99,96,3,3
41088,77,81,-4,4
41089,71,72,-1,1
41090,66,65,1,1
41091,57,63,-6,6
41092,107,106,1,1
41093,157,149,8,8
41094,59,67,-8,8
41095,107,116,-9,9
41096,150,136,14,14
41097,97,101,-4,4
41098,56,63,-7,7
41099,122,113,9,9
41100,118,109,9,9
41101,98,98,0,0
41102,87,97,-10,10
41103,84,73,11,11
41104,67,66,1,1
41105,97,104,-7,7
41106,110,109,1,1
41107,75,79,-4,4
41108,49,62,-13,13
41109,121,130,-9,9
41110,124,123,1,1
41111,86,90,-4,4
41112,91,93,-2,2
41113,74,70,4,4
41114,87,81,6,6
41115,61,65,-4,4
41116,76,79,-3,3
41117,169,164,5,5
41118,79,78,1,1
41119,85,95,-10,10
41120,129,127,2,2
41121,68,71,-3,3
41122,88,110,-22,22
41123,136,124,12,12
41124,81,84,-3,3
41125,143,142,1,1
41126,66,62,4,4
41127,90,99,-9,9
41128,69,67,2,2
41129,129,129,0,0
41130,77,88,-11,11
41131,128,124,4,4
41132,110,112,-2,2
41133,125,121,4,4
41134,82,79,3,3
41135,147,131,16,16
41136,77,82,-5,5
41137,81,64,17,17
41138,91,92,-1,1
41139,106,93,13,13
41140,65,69,-4,4
41141,59,59,0,0
41142,107,112,-5,5
41143,75,89,-14,14
41144,86,101,-15,15
41145,92,93,-1,1
41146,87,92,-5,5
41147,115,121,-6,6
41148,70,69,1,1
41149,78,70,8,8
41150,77,75,2,2
41151,142,146,-4,4
41152,161,151,10,10
41153,145,130,15,15
41154,102,100,2,2
41155,68,69,-1,1
41156,81,90,-9,9
41157,92,84,8,8
41158,91,94,-3,3
41159,87,86,1,1
41160,168,153,15,15
41161,58,62,-4,4
41162,119,102,17,17
41163,55,60,-5,5
41164,69,69,0,0
41165,69,66,3,3
41166,99,104,-5,5
41167,72,72,0,0
41168,82,92,-10,10
41169,134,124,10,10
41170,88,81,7,7
41171,61,65,-4,4
41172,77,80,-3,3
41173,106,107,-1,1
41174,89,94,-5,5
41175,90,93,-3,3
41176,102,111,-9,9
41177,77,73,4,4
41178,63,63,0,0
41179,76,77,-1,1
41180,67,62,5,5
41181,64,76,-12,12
41182,66,69,-3,3
41183,126,120,6,6
41184,91,101,-10,10
41185,148,126,22,22
41186,111,105,6,6
41187,58,65,-7,7
41188,93,91,2,2
41189,80,78,2,2
41190,173,157,16,16
41191,80,78,2,2
41192,117,113,4,4
41193,69,60,9,9
41194,115,112,3,3
41195,122,110,12,12
41196,76,78,-2,2
41197,89,69,20,20
41198,92,108,-16,16
41199,101,99,2,2
41200,156,140,16,16
41201,88,94,-6,6
41202,61,64,-3,3
41203,80,77,3,3
41204,128,121,7,7
41205,101,96,5,5
41206,114,110,4,4
41207,142,120,22,22
41208,53,61,-8,8
41209,138,128,10,10
41210,49,60,-11,11
41211,146,132,14,14
41212,91,87,4,4
41213,136,139,-3,3
41214,60,69,-9,9
41215,147,130,17,17
41216,86,88,-2,2
41217,71,66,5,5
41218,127,154,-27,27
41219,62,64,-2,2
41220,109,104,5,5
41221,69,70,-1,1
41222,186,174,12,12
41223,44,60,-16,16
41224,39,61,-22,22
41225,89,94,-5,5
41226,113,113,0,0
41227,65,63,2,2
41228,63,67,-4,4
41229,61,67,-6,6
41230,132,121,11,11
41231,70,75,-5,5
41232,179,171,8,8
41233,103,111,-8,8
41234,118,108,10,10
41235,71,67,4,4
41236,156,137,19,19
41237,95,93,2,2
41238,108,110,-2,2
41239,92,95,-3,3
41240,125,117,8,8
41241,103,98,5,5
41242,87,82,5,5
41243,57,67,-10,10
41244,95,97,-2,2
41245,207,204,3,3
41246,72,78,-6,6
41247,158,151,7,7
41248,78,84,-6,6
41249,59,64,-5,5
41250,77,73,4,4
41251,78,73,5,5
41252,120,106,14,14
41253,137,126,11,11
41254,71,67,4,4
41255,117,111,6,6
41256,97,100,-3,3
41257,108,108,0,0
41258,64,68,-4,4
41259,125,116,9,9
41260,57,59,-2,2
41261,47,61,-14,14
41262,110,100,10,10
41263,173,169,4,4
41264,70,64,6,6
41265,112,109,3,3
41266,69,68,1,1
41267,95,93,2,2
41268,50,62,-12,12
41269,60,61,-1,1
41270,108,110,-2,2
41271,88,92,-4,4
41272,141,156,-15,15
41273,65,68,-3,3
41274,111,118,-7,7
41275,110,102,8,8
41276,156,126,30,30
41277,70,93,-23,23
41278,77,87,-10,10
41279,111,109,2,2
41280,77,82,-5,5
41281,132,144,-12,12
41282,94,90,4,4
41283,87,92,-5,5
41284,71,73,-2,2
41285,69,77,-8,8
41286,57,62,-5,5
41287,63,66,-3,3
41288,170,162,8,8
41289,99,99,0,0
41290,91,96,-5,5
41291,75,82,-7,7
41292,155,146,9,9
41293,169,153,16,16
41294,121,110,11,11
41295,56,62,-6,6
41296,73,71,2,2
41297,142,121,21,21
41298,76,94,-18,18
41299,117,119,-2,2
41300,113,115,-2,2
41301,63,61,2,2
41302,146,129,17,17
41303,71,66,5,5
41304,68,65,3,3
41305,96,96,0,0
41306,64,69,-5,5
41307,79,68,11,11
41308,77,77,0,0
41309,54,62,-8,8
41310,81,87,-6,6
41311,106,109,-3,3
41312,130,119,11,11
41313,63,63,0,0
41314,74,78,-4,4
41315,87,91,-4,4
41316,97,96,1,1
41317,136,138,-2,2
41318,78,74,4,4
41319,114,104,10,10
41320,172,186,-14,14
41321,69,89,-20,20
41322,55,65,-10,10
41323,68,66,2,2
41324,84,85,-1,1
41325,64,88,-24,24
41326,44,61,-17,17
41327,98,97,1,1
41328,118,119,-1,1
41329,115,105,10,10
41330,151,141,10,10
41331,66,69,-3,3
41332,150,127,23,23
41333,94,91,3,3
41334,83,95,-12,12
41335,138,123,15,15
41336,96,96,0,0
41337,117,110,7,7
41338,32,59,-27,27
41339,167,153,14,14
41340,162,147,15,15
41341,120,122,-2,2
41342,84,86,-2,2
41343,64,62,2,2
41344,147,140,7,7
41345,74,78,-4,4
41346,42,62,-20,20
41347,65,76,-11,11
41348,87,100,-13,13
41349,101,109,-8,8
41350,64,63,1,1
41351,54,64,-10,10
41352,99,103,-4,4
41353,60,63,-3,3
41354,62,63,-1,1
41355,134,121,13,13
41356,79,88,-9,9
41357,74,73,1,1
41358,103,110,-7,7
41359,160,155,5,5
41360,103,101,2,2
41361,96,97,-1,1
41362,66,64,2,2
41363,72,66,6,6
41364,69,71,-2,2
41365,115,111,4,4
41366,74,67,7,7
41367,47,61,-14,14
41368,116,105,11,11
41369,75,92,-17,17
41370,74,93,-19,19
41371,138,131,7,7
41372,83,89,-6,6
41373,78,90,-12,12
41374,144,130,14,14
41375,94,92,2,2
41376,91,90,1,1
41377,97,105,-8,8
41378,79,86,-7,7
41379,87,91,-4,4
41380,50,62,-12,12
41381,61,63,-2,2
41382,66,76,-10,10
41383,83,81,2,2
41384,69,62,7,7
41385,117,104,13,13
41386,123,112,11,11
41387,152,126,26,26
41388,53,61,-8,8
41389,41,77,-36,36
41390,120,111,9,9
41391,50,61,-11,11
41392,103,104,-1,1
41393,59,76,-17,17
41394,146,149,-3,3
41395,74,66,8,8
41396,119,112,7,7
41397,100,102,-2,2
41398,109,100,9,9
41399,140,123,17,17
41400,104,102,2,2
41401,118,121,-3,3
41402,129,115,14,14
41403,62,66,-4,4
41404,80,84,-4,4
41405,67,67,0,0
41406,45,62,-17,17
41407,111,110,1,1
41408,110,111,-1,1
41409,68,71,-3,3
41410,84,100,-16,16
41411,132,116,16,16
41412,67,64,3,3
41413,66,68,-2,2
41414,53,62,-9,9
41415,88,94,-6,6
41416,115,118,-3,3
41417,142,138,4,4
41418,134,131,3,3
41419,108,106,2,2
41420,63,65,-2,2
41421,68,63,5,5
41422,96,90,6,6
41423,73,78,-5,5
41424,88,99,-11,11
41425,107,100,7,7
41426,114,131,-17,17
41427,132,125,7,7
41428,64,73,-9,9
41429,73,67,6,6
41430,109,101,8,8
41431,65,62,3,3
41432,138,109,29,29
41433,103,106,-3,3
41434,132,122,10,10
41435,67,67,0,0
41436,70,69,1,1
41437,114,132,-18,18
41438,54,62,-8,8
41439,87,88,-1,1
41440,57,61,-4,4
41441,163,158,5,5
41442,83,89,-6,6
41443,48,62,-14,14
41444,62,69,-7,7
41445,110,102,8,8
41446,64,66,-2,2
41447,154,144,10,10
41448,119,112,7,7
41449,81,92,-11,11
41450,76,73,3,3
41451,125,104,21,21
41452,82,80,2,2
41453,140,131,9,9
41454,58,61,-3,3
41455,90,81,9,9
41456,94,93,1,1
41457,70,68,2,2
41458,126,119,7,7
41459,42,62,-20,20
41460,96,97,-1,1
41461,144,125,19,19
41462,84,75,9,9
41463,91,91,0,0
41464,89,89,0,0
41465,68,72,-4,4
41466,74,74,0,0
41467,73,72,1,1
41468,95,89,6,6
41469,141,123,18,18
41470,144,127,17,17
41471,115,117,-2,2
41472,126,114,12,12
41473,81,78,3,3
41474,70,66,4,4
41475,101,103,-2,2
41476,36,57,-21,21
41477,103,109,-6,6
41478,50,61,-11,11
41479,108,98,10,10
41480,168,168,0,0
41481,89,103,-14,14
41482,128,129,-1,1
41483,87,74,13,13
41484,72,66,6,6
41485,166,157,9,9
41486,75,71,4,4
41487,116,116,0,0
41488,66,66,0,0
41489,89,97,-8,8
41490,72,79,-7,7
41491,103,117,-14,14
41492,82,91,-9,9
41493,108,111,-3,3
41494,115,105,10,10
41495,154,166,-12,12
41496,96,100,-4,4
41497,70,65,5,5
41498,105,101,4,4
41499,103,109,-6,6
41500,80,84,-4,4
41501,167,147,20,20
41502,131,129,2,2
41503,87,91,-4,4
41504,83,87,-4,4
41505,221,200,21,21
41506,67,63,4,4
41507,114,111,3,3
41508,88,79,9,9
41509,80,77,3,3
41510,183,168,15,15
41511,67,71,-4,4
41512,172,158,14,14
41513,56,62,-6,6
41514,60,60,0,0
41515,60,63,-3,3
41516,77,79,-2,2
41517,85,76,9,9
41518,64,67,-3,3
41519,88,97,-9,9
41520,143,126,17,17
41521,148,141,7,7
41522,73,77,-4,4
41523,97,100,-3,3
41524,85,98,-13,13
41525,62,62,0,0
41526,82,81,1,1
41527,63,60,3,3
41528,55,61,-6,6
41529,133,121,12,12
41530,96,101,-5,5
41531,98,98,0,0
41532,67,65,2,2
41533,104,119,-15,15
41534,118,201,-83,83
41535,83,97,-14,14
41536,110,114,-4,4
41537,138,127,11,11
41538,79,76,3,3
41539,75,68,7,7
41540,67,67,0,0
41541,59,60,-1,1
41542,63,59,4,4
41543,125,115,10,10
41544,156,153,3,3
41545,88,84,4,4
41546,106,103,3,3
41547,88,90,-2,2
41548,126,124,2,2
41549,71,77,-6,6
41550,109,105,4,4
41551,61,100,-39,39
41552,100,105,-5,5
41553,157,130,27,27
41554,168,157,11,11
41555,110,105,5,5
41556,92,97,-5,5
41557,118,123,-5,5
41558,159,153,6,6
41559,67,65,2,2
41560,78,93,-15,15
41561,93,98,-5,5
41562,76,75,1,1
41563,156,145,11,11
41564,63,68,-5,5
41565,87,90,-3,3
41566,79,74,5,5
41567,56,62,-6,6
41568,65,65,0,0
41569,99,104,-5,5
41570,90,83,7,7
41571,108,110,-2,2
41572,59,62,-3,3
41573,48,75,-27,27
41574,73,70,3,3
41575,111,102,9,9
41576,69,65,4,4
41577,149,126,23,23
41578,87,77,10,10
41579,87,87,0,0
41580,85,83,2,2
41581,112,100,12,12
41582,78,97,-19,19
41583,74,92,-18,18
41584,85,89,-4,4
41585,77,84,-7,7
41586,113,107,6,6
41587,106,107,-1,1
41588,61,65,-4,4
41589,82,95,-13,13
41590,115,116,-1,1
41591,51,64,-13,13
41592,109,96,13,13
41593,61,61,0,0
41594,60,64,-4,4
41595,129,120,9,9
41596,152,125,27,27
41597,90,89,1,1
41598,204,186,18,18
41599,95,92,3,3
41600,81,88,-7,7
41601,75,76,-1,1
41602,95,94,1,1
41603,108,111,-3,3
41604,140,123,17,17
41605,47,57,-10,10
41606,92,79,13,13
41607,127,125,2,2
41608,64,74,-10,10
41609,86,73,13,13
41610,83,75,8,8
41611,86,97,-11,11
41612,110,106,4,4
41613,128,130,-2,2
41614,152,145,7,7
41615,106,111,-5,5
41616,71,73,-2,2
41617,70,79,-9,9
41618,71,69,2,2
41619,80,90,-10,10
41620,10,63,-53,53
41621,95,91,4,4
41622,88,90,-2,2
41623,55,60,-5,5
41624,96,84,12,12
41625,114,103,11,11
41626,113,106,7,7
41627,115,108,7,7
41628,50,61,-11,11
41629,130,134,-4,4
41630,130,126,4,4
41631,85,89,-4,4
41632,72,71,1,1
41633,177,163,14,14
41634,90,99,-9,9
41635,131,134,-3,3
41636,68,70,-2,2
41637,46,62,-16,16
41638,96,100,-4,4
41639,161,147,14,14
41640,60,61,-1,1
41641,73,80,-7,7
41642,50,61,-11,11
41643,60,61,-1,1
41644,122,123,-1,1
41645,136,128,8,8
41646,90,89,1,1
41647,131,124,7,7
41648,95,93,2,2
41649,66,67,-1,1
41650,105,115,-10,10
41651,82,85,-3,3
41652,107,109,-2,2
41653,61,61,0,0
41654,136,121,15,15
41655,128,141,-13,13
41656,66,77,-11,11
41657,125,121,4,4
41658,69,64,5,5
41659,68,80,-12,12
41660,84,91,-7,7
41661,47,62,-15,15
41662,77,79,-2,2
41663,113,105,8,8
41664,155,149,6,6
41665,88,97,-9,9
41666,76,74,2,2
41667,104,148,-44,44
41668,43,61,-18,18
41669,69,77,-8,8
41670,94,105,-11,11
41671,121,118,3,3
41672,178,157,21,21
41673,69,65,4,4
41674,113,116,-3,3
41675,118,114,4,4
41676,86,89,-3,3
41677,71,68,3,3
41678,112,111,1,1
41679,114,105,9,9
41680,68,68,0,0
41681,75,70,5,5
41682,103,99,4,4
41683,71,78,-7,7
41684,57,61,-4,4
41685,88,91,-3,3
41686,165,149,16,16
41687,79,89,-10,10
41688,133,127,6,6
41689,125,113,12,12
41690,91,107,-16,16
41691,117,115,2,2
41692,108,101,7,7
41693,101,100,1,1
41694,61,63,-2,2
41695,170,150,20,20
41696,152,136,16,16
41697,86,88,-2,2
41698,89,86,3,3
41699,137,132,5,5
41700,107,105,2,2
41701,145,132,13,13
41702,152,150,2,2
41703,89,85,4,4
41704,81,80,1,1
41705,102,106,-4,4
41706,85,94,-9,9
41707,70,70,0,0
41708,85,83,2,2
41709,105,104,1,1
41710,79,81,-2,2
41711,55,62,-7,7
41712,94,93,1,1
41713,49,61,-12,12
41714,42,62,-20,20
41715,302,331,-29,29
41716,116,108,8,8
41717,68,67,1,1
41718,81,84,-3,3
41719,98,113,-15,15
41720,120,117,3,3
41721,135,134,1,1
41722,85,92,-7,7
41723,76,77,-1,1
41724,125,119,6,6
41725,26,62,-36,36
41726,111,97,14,14
41727,152,131,21,21
41728,85,88,-3,3
41729,99,103,-4,4
41730,98,118,-20,20
41731,99,101,-2,2
41732,81,79,2,2
41733,98,109,-11,11
41734,101,92,9,9
41735,64,66,-2,2
41736,185,174,11,11
41737,97,101,-4,4
41738,93,102,-9,9
41739,65,67,-2,2
41740,89,92,-3,3
41741,53,61,-8,8
41742,96,95,1,1
41743,133,121,12,12
41744,149,128,21,21
41745,155,138,17,17
41746,86,76,10,10
41747,64,61,3,3
41748,133,118,15,15
41749,119,126,-7,7
41750,70,72,-2,2
41751,57,61,-4,4
41752,56,62,-6,6
41753,55,61,-6,6
41754,57,62,-5,5
41755,106,107,-1,1
41756,85,95,-10,10
41757,80,86,-6,6
41758,71,88,-17,17
41759,79,97,-18,18
41760,72,78,-6,6
41761,67,64,3,3
41762,200,184,16,16
41763,55,63,-8,8
41764,103,103,0,0
41765,80,81,-1,1
41766,113,111,2,2
41767,34,65,-31,31
41768,77,85,-8,8
41769,145,143,2,2
41770,143,146,-3,3
41771,100,99,1,1
41772,53,61,-8,8
41773,61,94,-33,33
41774,109,113,-4,4
41775,86,87,-1,1
41776,72,76,-4,4
41777,86,96,-10,10
41778,115,124,-9,9
41779,74,81,-7,7
41780,85,87,-2,2
41781,97,95,2,2
41782,111,106,5,5
41783,63,82,-19,19
41784,104,104,0,0
41785,101,101,0,0
41786,110,105,5,5
41787,72,82,-10,10
41788,128,119,9,9
41789,74,91,-17,17
41790,108,101,7,7
41791,110,107,3,3
41792,68,67,1,1
41793,41,62,-21,21
41794,153,154,-1,1
41795,115,117,-2,2
41796,58,64,-6,6
41797,45,63,-18,18
41798,92,93,-1,1
41799,57,63,-6,6
41800,125,113,12,12
41801,82,91,-9,9
41802,61,63,-2,2
41803,148,137,11,11
41804,72,69,3,3
41805,108,109,-1,1
41806,97,110,-13,13
41807,134,119,15,15
41808,50,61,-11,11
41809,66,67,-1,1
41810,61,64,-3,3
41811,91,91,0,0
41812,133,125,8,8
41813,131,113,18,18
41814,67,81,-14,14
41815,112,107,5,5
41816,100,113,-13,13
41817,193,174,19,19
41818,90,91,-1,1
41819,77,75,2,2
41820,80,82,-2,2
41821,117,113,4,4
41822,87,93,-6,6
41823,64,66,-2,2
41824,61,63,-2,2
41825,120,123,-3,3
41826,119,118,1,1
41827,137,128,9,9
41828,54,64,-10,10
41829,162,143,19,19
41830,152,157,-5,5
41831,69,62,7,7
41832,80,80,0,0
41833,92,96,-4,4
41834,96,94,2,2
41835,107,109,-2,2
41836,71,75,-4,4
41837,83,93,-10,10
41838,89,96,-7,7
41839,121,112,9,9
41840,81,86,-5,5
41841,112,113,-1,1
41842,147,126,21,21
41843,62,64,-2,2
41844,129,123,6,6
41845,74,87,-13,13
41846,168,144,24,24
41847,47,61,-14,14
41848,128,130,-2,2
41849,49,62,-13,13
41850,56,63,-7,7
41851,89,86,3,3
41852,67,65,2,2
41853,68,77,-9,9
41854,114,113,1,1
41855,137,143,-6,6
41856,122,118,4,4
41857,74,74,0,0
41858,67,62,5,5
41859,129,123,6,6
41860,139,136,3,3
41861,62,65,-3,3
41862,100,101,-1,1
41863,88,91,-3,3
41864,64,72,-8,8
41865,92,89,3,3
41866,119,133,-14,14
41867,81,89,-8,8
41868,59,60,-1,1
41869,106,102,4,4
41870,94,101,-7,7
41871,112,108,4,4
41872,80,90,-10,10
41873,101,108,-7,7
41874,135,126,9,9
41875,135,120,15,15
41876,104,97,7,7
41877,85,87,-2,2
41878,176,159,17,17
41879,79,77,2,2
41880,69,66,3,3
41881,41,61,-20,20
41882,47,61,-14,14
41883,67,69,-2,2
41884,69,76,-7,7
41885,51,62,-11,11
41886,73,96,-23,23
41887,108,104,4,4
41888,47,61,-14,14
41889,120,133,-13,13
41890,117,110,7,7
41891,91,101,-10,10
41892,110,115,-5,5
41893,82,81,1,1
41894,97,97,0,0
41895,92,93,-1,1
41896,72,70,2,2
41897,74,68,6,6
41898,80,98,-18,18
41899,49,61,-12,12
41900,133,123,10,10
41901,85,91,-6,6
41902,116,110,6,6
41903,72,73,-1,1
41904,125,119,6,6
41905,91,94,-3,3
41906,103,101,2,2
41907,110,107,3,3
41908,102,107,-5,5
41909,111,102,9,9
41910,50,66,-16,16
41911,50,62,-12,12
41912,106,104,2,2
41913,79,78,1,1
41914,138,121,17,17
41915,110,116,-6,6
41916,59,62,-3,3
41917,72,75,-3,3
41918,190,164,26,26
41919,93,94,-1,1
41920,47,62,-15,15
41921,46,63,-17,17
41922,135,125,10,10
41923,56,70,-14,14
41924,67,65,2,2
41925,101,104,-3,3
41926,78,78,0,0
41927,61,80,-19,19
41928,43,63,-20,20
41929,142,138,4,4
41930,88,95,-7,7
41931,119,117,2,2
41932,146,127,19,19
41933,93,98,-5,5
41934,109,117,-8,8
41935,105,104,1,1
41936,98,101,-3,3
41937,75,74,1,1
41938,78,82,-4,4
41939,101,110,-9,9
41940,88,104,-16,16
41941,133,138,-5,5
41942,66,68,-2,2
41943,101,99,2,2
41944,94,100,-6,6
41945,86,86,0,0
41946,95,92,3,3
41947,96,103,-7,7
41948,83,83,0,0
41949,119,106,13,13
41950,116,117,-1,1
41951,92,91,1,1
41952,89,98,-9,9
41953,215,216,-1,1
41954,96,96,0,0
41955,138,125,13,13
41956,73,74,-1,1
41957,72,84,-12,12
41958,83,96,-13,13
41959,119,111,8,8
41960,83,83,0,0
41961,140,132,8,8
41962,164,142,22,22
41963,105,99,6,6
41964,109,99,10,10
41965,100,96,4,4
41966,95,100,-5,5
41967,85,82,3,3
41968,83,88,-5,5
41969,148,138,10,10
41970,95,101,-6,6
41971,110,123,-13,13
41972,104,111,-7,7
41973,125,139,-14,14
41974,110,122,-12,12
41975,109,105,4,4
41976,87,86,1,1
41977,166,159,7,7
41978,68,87,-19,19
41979,104,96,8,8
41980,127,104,23,23
41981,60,64,-4,4
41982,106,99,7,7
41983,58,61,-3,3
41984,59,62,-3,3
41985,98,100,-2,2
41986,150,156,-6,6
41987,107,112,-5,5
41988,75,87,-12,12
41989,95,99,-4,4
41990,82,84,-2,2
41991,101,92,9,9
41992,63,70,-7,7
41993,81,66,15,15
41994,60,63,-3,3
41995,121,114,7,7
41996,110,101,9,9
41997,73,83,-10,10
41998,62,65,-3,3
41999,66,70,-4,4
42000,87,94,-7,7
42001,130,135,-5,5
42002,84,92,-8,8
42003,142,150,-8,8
42004,61,63,-2,2
42005,109,108,1,1
42006,147,134,13,13
42007,37,61,-24,24
42008,246,190,56,56
42009,61,68,-7,7
42010,111,106,5,5
42011,92,99,-7,7
42012,133,138,-5,5
42013,161,144,17,17
42014,128,133,-5,5
42015,73,63,10,10
42016,115,116,-1,1
42017,159,148,11,11
42018,75,70,5,5
42019,85,99,-14,14
42020,79,84,-5,5
42021,103,99,4,4
42022,109,106,3,3
42023,89,92,-3,3
42024,158,152,6,6
42025,86,93,-7,7
42026,114,103,11,11
42027,145,134,11,11
42028,83,83,0,0
42029,142,136,6,6
42030,48,60,-12,12
42031,69,70,-1,1
42032,90,106,-16,16
42033,152,135,17,17
42034,72,76,-4,4
42035,93,96,-3,3
42036,59,61,-2,2
42037,142,135,7,7
42038,95,89,6,6
42039,152,132,20,20
42040,87,93,-6,6
42041,79,68,11,11
42042,80,86,-6,6
42043,89,94,-5,5
42044,74,68,6,6
42045,78,81,-3,3
42046,100,102,-2,2
42047,92,100,-8,8
42048,135,130,5,5
42049,112,113,-1,1
42050,109,109,0,0
42051,86,73,13,13
42052,80,73,7,7
42053,92,108,-16,16
42054,93,111,-18,18
42055,111,113,-2,2
42056,64,64,0,0
42057,96,79,17,17
42058,79,96,-17,17
42059,148,155,-7,7
42060,74,83,-9,9
42061,91,84,7,7
42062,85,89,-4,4
42063,104,98,6,6
42064,132,132,0,0
42065,75,90,-15,15
42066,175,173,2,2
42067,77,66,11,11
42068,92,96,-4,4
42069,150,138,12,12
42070,35,51,-16,16
42071,79,91,-12,12
42072,57,65,-8,8
42073,70,59,11,11
42074,117,131,-14,14
42075,84,86,-2,2
42076,51,91,-40,40
42077,88,102,-14,14
42078,83,84,-1,1
42079,89,80,9,9
42080,79,80,-1,1
42081,76,84,-8,8
42082,50,63,-13,13
42083,102,100,2,2
42084,111,123,-12,12
42085,82,90,-8,8
42086,114,125,-11,11
42087,99,91,8,8
42088,111,105,6,6
42089,99,103,-4,4
42090,68,65,3,3
42091,159,138,21,21
42092,78,83,-5,5
42093,43,61,-18,18
42094,64,65,-1,1
42095,77,85,-8,8
42096,38,66,-28,28
42097,39,61,-22,22
42098,87,99,-12,12
42099,89,81,8,8
42100,101,103,-2,2
42101,115,111,4,4
42102,101,99,2,2
42103,52,61,-9,9
42104,68,73,-5,5
42105,57,63,-6,6
42106,97,94,3,3
42107,80,87,-7,7
42108,95,95,0,0
42109,155,140,15,15
42110,74,73,1,1
42111,104,94,10,10
42112,63,73,-10,10
42113,28,61,-33,33
42114,96,96,0,0
42115,104,107,-3,3
42116,118,115,3,3
42117,81,74,7,7
42118,58,62,-4,4
42119,85,96,-11,11
42120,59,64,-5,5
42121,91,111,-20,20
42122,120,112,8,8
42123,58,57,1,1
42124,89,79,10,10
42125,101,108,-7,7
42126,89,91,-2,2
42127,68,62,6,6
42128,122,110,12,12
42129,71,81,-10,10
42130,71,68,3,3
42131,75,103,-28,28
42132,130,130,0,0
42133,103,96,7,7
42134,114,115,-1,1
42135,145,138,7,7
42136,108,104,4,4
42137,102,103,-1,1
42138,107,103,4,4
42139,97,99,-2,2
42140,94,90,4,4
42141,70,69,1,1
42142,91,97,-6,6
42143,92,100,-8,8
42144,60,67,-7,7
42145,83,89,-6,6
42146,92,88,4,4
42147,106,108,-2,2
42148,47,60,-13,13
42149,72,67,5,5
42150,137,126,11,11
42151,69,73,-4,4
42152,69,62,7,7
42153,123,119,4,4
42154,77,85,-8,8
42155,74,65,9,9
42156,144,144,0,0
42157,132,127,5,5
42158,109,106,3,3
42159,93,95,-2,2
42160,56,59,-3,3
42161,125,117,8,8
42162,54,63,-9,9
42163,127,115,12,12
42164,96,101,-5,5
42165,106,95,11,11
42166,98,101,-3,3
42167,97,97,0,0
42168,65,65,0,0
42169,91,87,4,4
42170,90,94,-4,4
42171,135,124,11,11
42172,109,118,-9,9
42173,101,98,3,3
42174,80,84,-4,4
42175,105,110,-5,5
42176,64,65,-1,1
42177,155,148,7,7
42178,119,120,-1,1
42179,76,65,11,11
42180,122,113,9,9
42181,59,64,-5,5
42182,63,64,-1,1
42183,92,102,-10,10
42184,101,101,0,0
42185,100,98,2,2
42186,88,99,-11,11
42187,98,98,0,0
42188,153,132,21,21
42189,92,91,1,1
42190,76,67,9,9
42191,110,106,4,4
42192,86,93,-7,7
42193,130,127,3,3
42194,126,131,-5,5
42195,78,69,9,9
42196,77,76,1,1
42197,104,107,-3,3
42198,126,136,-10,10
42199,79,78,1,1
42200,117,132,-15,15
42201,45,61,-16,16
42202,100,103,-3,3
42203,83,74,9,9
42204,134,127,7,7
42205,83,86,-3,3
42206,90,99,-9,9
42207,86,95,-9,9
42208,89,92,-3,3
42209,60,66,-6,6
42210,78,82,-4,4
42211,120,121,-1,1
42212,72,76,-4,4
42213,104,106,-2,2
42214,188,163,25,25
42215,93,95,-2,2
42216,159,140,19,19
42217,80,74,6,6
42218,96,102,-6,6
42219,114,115,-1,1
42220,113,113,0,0
42221,62,72,-10,10
42222,140,142,-2,2
42223,157,140,17,17
42224,61,65,-4,4
42225,95,105,-10,10
42226,130,126,4,4
42227,134,138,-4,4
42228,84,90,-6,6
42229,83,84,-1,1
42230,96,101,-5,5
42231,85,83,2,2
42232,117,121,-4,4
42233,49,62,-13,13
42234,55,61,-6,6
42235,116,101,15,15
42236,65,64,1,1
42237,86,90,-4,4
42238,58,70,-12,12
42239,55,62,-7,7
42240,109,103,6,6
42241,109,99,10,10
42242,115,109,6,6
42243,131,108,23,23
42244,79,82,-3,3
42245,74,81,-7,7
42246,114,107,7,7
42247,125,114,11,11
42248,90,82,8,8
42249,81,82,-1,1
42250,109,105,4,4
42251,90,90,0,0
42252,58,57,1,1
42253,67,70,-3,3
42254,88,84,4,4
42255,71,97,-26,26
42256,118,128,-10,10
42257,109,110,-1,1
42258,75,98,-23,23
42259,38,62,-24,24
42260,173,156,17,17
42261,153,148,5,5
42262,66,62,4,4
42263,58,65,-7,7
42264,44,58,-14,14
42265,86,79,7,7
42266,100,98,2,2
42267,86,94,-8,8
42268,106,105,1,1
42269,80,80,0,0
42270,84,80,4,4
42271,76,74,2,2
42272,96,93,3,3
42273,90,94,-4,4
42274,116,121,-5,5
42275,196,163,33,33
42276,103,102,1,1
42277,95,101,-6,6
42278,68,64,4,4
42279,96,87,9,9
42280,109,104,5,5
42281,86,92,-6,6
42282,174,164,10,10
42283,78,85,-7,7
42284,47,62,-15,15
42285,96,96,0,0
42286,92,94,-2,2
42287,79,66,13,13
42288,85,82,3,3
42289,113,117,-4,4
42290,96,98,-2,2
42291,80,81,-1,1
42292,43,61,-18,18
42293,93,101,-8,8
42294,63,69,-6,6
42295,96,92,4,4
42296,103,104,-1,1
42297,53,60,-7,7
42298,99,98,1,1
42299,79,90,-11,11
42300,70,66,4,4
42301,106,95,11,11
42302,104,140,-36,36
42303,141,134,7,7
42304,99,92,7,7
42305,96,99,-3,3
42306,55,62,-7,7
42307,99,101,-2,2
42308,116,116,0,0
42309,64,95,-31,31
42310,152,132,20,20
42311,63,65,-2,2
42312,78,75,3,3
42313,123,135,-12,12
42314,126,125,1,1
42315,79,72,7,7
42316,92,75,17,17
42317,94,104,-10,10
42318,200,181,19,19
42319,157,155,2,2
42320,80,84,-4,4
42321,57,61,-4,4
42322,141,131,10,10
42323,60,63,-3,3
42324,85,78,7,7
42325,54,61,-7,7
42326,159,157,2,2
42327,150,129,21,21
42328,87,82,5,5
42329,47,61,-14,14
42330,96,97,-1,1
42331,82,86,-4,4
42332,74,75,-1,1
42333,120,119,1,1
42334,109,96,13,13
42335,86,96,-10,10
42336,129,118,11,11
42337,196,178,18,18
42338,178,159,19,19
42339,105,99,6,6
42340,61,67,-6,6
42341,67,69,-2,2
42342,109,108,1,1
42343,111,120,-9,9
42344,52,65,-13,13
42345,89,79,10,10
42346,71,86,-15,15
42347,111,109,2,2
42348,40,62,-22,22
42349,79,90,-11,11
42350,99,97,2,2
42351,96,96,0,0
42352,63,60,3,3
42353,103,122,-19,19
42354,97,107,-10,10
42355,90,96,-6,6
42356,119,104,15,15
42357,176,156,20,20
42358,97,101,-4,4
42359,131,157,-26,26
42360,86,75,11,11
42361,77,73,4,4
42362,84,84,0,0
42363,70,66,4,4
42364,109,109,0,0
42365,121,115,6,6
42366,125,139,-14,14
42367,150,124,26,26
42368,103,100,3,3
42369,151,128,23,23
42370,58,60,-2,2
42371,64,65,-1,1
42372,122,120,2,2
42373,104,97,7,7
42374,92,88,4,4
42375,100,103,-3,3
42376,142,127,15,15
42377,93,91,2,2
42378,120,116,4,4
42379,75,81,-6,6
42380,106,109,-3,3
42381,60,69,-9,9
42382,83,88,-5,5
42383,98,99,-1,1
42384,56,62,-6,6
42385,37,61,-24,24
42386,97,90,7,7
42387,152,146,6,6
42388,97,93,4,4
42389,76,71,5,5
42390,80,95,-15,15
42391,56,60,-4,4
42392,108,100,8,8
42393,128,109,19,19
42394,117,111,6,6
42395,103,99,4,4
42396,31,58,-27,27
42397,84,80,4,4
42398,92,97,-5,5
42399,115,125,-10,10
42400,128,129,-1,1
42401,128,125,3,3
42402,75,86,-11,11
42403,72,125,-53,53
42404,95,93,2,2
42405,56,63,-7,7
42406,83,95,-12,12
42407,97,103,-6,6
42408,109,99,10,10
42409,126,114,12,12
42410,135,135,0,0
42411,75,78,-3,3
42412,73,69,4,4
42413,89,99,-10,10
42414,94,96,-2,2
42415,81,79,2,2
42416,78,87,-9,9
42417,79,74,5,5
42418,78,85,-7,7
42419,105,108,-3,3
42420,112,111,1,1
42421,75,66,9,9
42422,98,98,0,0
42423,94,95,-1,1
42424,56,63,-7,7
42425,92,87,5,5
42426,68,69,-1,1
42427,104,105,-1,1
42428,144,131,13,13
42429,50,61,-11,11
42430,51,62,-11,11
42431,61,79,-18,18
42432,83,92,-9,9
42433,28,61,-33,33
42434,99,105,-6,6
42435,83,92,-9,9
42436,162,146,16,16
42437,104,103,1,1
42438,88,96,-8,8
42439,95,94,1,1
42440,116,110,6,6
42441,144,128,16,16
42442,69,60,9,9
42443,102,114,-12,12
42444,116,116,0,0
42445,61,63,-2,2
42446,108,108,0,0
42447,55,61,-6,6
42448,142,130,12,12
42449,156,148,8,8
42450,129,116,13,13
42451,180,165,15,15
42452,111,119,-8,8
42453,179,171,8,8
42454,89,98,-9,9
42455,114,108,6,6
42456,96,93,3,3
42457,117,115,2,2
42458,64,68,-4,4
42459,57,60,-3,3
42460,54,64,-10,10
42461,95,93,2,2
42462,89,76,13,13
42463,109,100,9,9
42464,76,77,-1,1
42465,67,69,-2,2
42466,65,65,0,0
42467,76,87,-11,11
42468,92,93,-1,1
42469,92,96,-4,4
42470,74,69,5,5
42471,92,87,5,5
42472,80,75,5,5
42473,89,95,-6,6
42474,43,62,-19,19
42475,69,73,-4,4
42476,88,94,-6,6
42477,84,96,-12,12
42478,115,113,2,2
42479,56,61,-5,5
42480,95,105,-10,10
42481,80,95,-15,15
42482,80,77,3,3
42483,98,98,0,0
42484,49,62,-13,13
42485,91,91,0,0
42486,64,69,-5,5
42487,53,60,-7,7
42488,85,78,7,7
42489,98,96,2,2
42490,100,94,6,6
42491,69,71,-2,2
42492,48,63,-15,15
42493,105,97,8,8
42494,163,145,18,18
42495,150,146,4,4
42496,85,91,-6,6
42497,128,124,4,4
42498,99,108,-9,9
42499,103,98,5,5
42500,128,112,16,16
42501,107,109,-2,2
42502,55,62,-7,7
42503,84,109,-25,25
42504,90,98,-8,8
42505,90,98,-8,8
42506,72,71,1,1
42507,91,95,-4,4
42508,87,98,-11,11
42509,84,75,9,9
42510,42,62,-20,20
42511,65,68,-3,3
42512,131,126,5,5
42513,48,63,-15,15
42514,109,103,6,6
42515,85,97,-12,12
42516,66,61,5,5
42517,83,92,-9,9
42518,46,62,-16,16
42519,141,133,8,8
42520,59,64,-5,5
42521,87,89,-2,2
42522,84,102,-18,18
42523,86,96,-10,10
42524,127,117,10,10
42525,111,130,-19,19
42526,102,106,-4,4
42527,65,68,-3,3
42528,70,69,1,1
42529,61,68,-7,7
42530,104,103,1,1
42531,111,112,-1,1
42532,202,204,-2,2
42533,100,94,6,6
42534,136,131,5,5
42535,35,62,-27,27
42536,40,62,-22,22
42537,115,109,6,6
42538,116,110,6,6
42539,72,67,5,5
42540,108,109,-1,1
42541,106,121,-15,15
42542,62,65,-3,3
42543,127,114,13,13
42544,94,92,2,2
42545,89,82,7,7
42546,70,74,-4,4
42547,72,79,-7,7
42548,98,93,5,5
42549,96,92,4,4
42550,108,113,-5,5
42551,142,119,23,23
42552,77,79,-2,2
42553,67,65,2,2
42554,81,90,-9,9
42555,54,61,-7,7
42556,124,123,1,1
42557,110,117,-7,7
42558,101,101,0,0
42559,86,93,-7,7
42560,117,112,5,5
42561,111,106,5,5
42562,136,124,12,12
42563,78,75,3,3
42564,62,76,-14,14
42565,231,206,25,25
42566,180,177,3,3
42567,91,94,-3,3
42568,134,129,5,5
42569,80,89,-9,9
42570,100,103,-3,3
42571,123,119,4,4
42572,109,106,3,3
42573,70,66,4,4
42574,57,60,-3,3
42575,148,137,11,11
42576,76,76,0,0
42577,70,70,0,0
42578,82,85,-3,3
42579,102,110,-8,8
42580,198,188,10,10
42581,56,61,-5,5
42582,94,102,-8,8
42583,97,100,-3,3
42584,103,99,4,4
42585,81,79,2,2
42586,102,98,4,4
42587,85,89,-4,4
42588,165,143,22,22
42589,50,62,-12,12
42590,124,120,4,4
42591,101,101,0,0
42592,79,76,3,3
42593,138,139,-1,1
42594,191,159,32,32
42595,162,153,9,9
42596,126,116,10,10
42597,103,106,-3,3
42598,49,61,-12,12
42599,113,117,-4,4
42600,100,100,0,0
42601,118,117,1,1
42602,117,121,-4,4
42603,84,91,-7,7
42604,110,101,9,9
42605,128,112,16,16
42606,105,104,1,1
42607,59,62,-3,3
42608,91,94,-3,3
42609,68,60,8,8
42610,72,84,-12,12
42611,135,127,8,8
42612,79,109,-30,30
42613,107,109,-2,2
42614,30,62,-32,32
42615,70,71,-1,1
42616,105,104,1,1
42617,92,98,-6,6
42618,177,166,11,11
42619,84,93,-9,9
42620,67,80,-13,13
42621,150,129,21,21
42622,65,88,-23,23
42623,69,69,0,0
42624,94,93,1,1
42625,87,72,15,15
42626,73,86,-13,13
42627,70,76,-6,6
42628,93,92,1,1
42629,110,107,3,3
42630,87,76,11,11
42631,109,112,-3,3
42632,71,75,-4,4
42633,103,107,-4,4
42634,152,139,13,13
42635,70,73,-3,3
42636,125,107,18,18
42637,91,96,-5,5
42638,172,162,10,10
42639,60,68,-8,8
42640,99,130,-31,31
42641,61,61,0,0
42642,91,94,-3,3
42643,94,91,3,3
42644,135,123,12,12
42645,43,59,-16,16
42646,83,91,-8,8
42647,93,93,0,0
42648,116,114,2,2
42649,131,109,22,22
42650,140,146,-6,6
42651,101,107,-6,6
42652,160,142,18,18
42653,157,144,13,13
42654,147,170,-23,23
42655,151,144,7,7
42656,162,152,10,10
42657,52,107,-55,55
42658,77,69,8,8
42659,86,85,1,1
42660,86,94,-8,8
42661,91,86,5,5
42662,118,109,9,9
42663,103,101,2,2
42664,103,105,-2,2
42665,74,74,0,0
42666,119,112,7,7
42667,89,92,-3,3
42668,107,103,4,4
42669,109,147,-38,38
42670,85,95,-10,10
42671,70,67,3,3
42672,86,88,-2,2
42673,105,103,2,2
42674,98,102,-4,4
42675,75,75,0,0
42676,50,62,-12,12
42677,67,67,0,0
42678,76,70,6,6
42679,80,74,6,6
42680,124,122,2,2
42681,60,71,-11,11
42682,73,73,0,0
42683,52,62,-10,10
42684,102,102,0,0
42685,29,60,-31,31
42686,66,75,-9,9
42687,80,69,11,11
42688,76,76,0,0
42689,107,105,2,2
42690,68,62,6,6
42691,129,116,13,13
42692,51,61,-10,10
42693,131,131,0,0
42694,73,81,-8,8
42695,157,144,13,13
42696,96,104,-8,8
42697,19,60,-41,41
42698,109,100,9,9
42699,67,68,-1,1
42700,132,126,6,6
42701,156,123,33,33
42702,85,99,-14,14
42703,90,92,-2,2
42704,85,80,5,5
42705,44,63,-19,19
42706,150,135,15,15
42707,65,66,-1,1
42708,91,108,-17,17
42709,63,79,-16,16
42710,80,85,-5,5
42711,163,162,1,1
42712,110,101,9,9
42713,100,113,-13,13
42714,89,83,6,6
42715,51,60,-9,9
42716,97,105,-8,8
42717,82,88,-6,6
42718,85,89,-4,4
42719,73,79,-6,6
42720,80,71,9,9
42721,50,63,-13,13
42722,81,79,2,2
42723,68,66,2,2
42724,76,79,-3,3
42725,75,67,8,8
42726,82,94,-12,12
42727,78,79,-1,1
42728,53,70,-17,17
42729,55,62,-7,7
42730,41,61,-20,20
42731,95,108,-13,13
42732,55,60,-5,5
42733,99,125,-26,26
42734,64,71,-7,7
42735,93,107,-14,14
42736,61,61,0,0
42737,95,96,-1,1
42738,116,115,1,1
42739,83,73,10,10
42740,82,71,11,11
42741,137,113,24,24
42742,69,72,-3,3
42743,69,62,7,7
42744,60,62,-2,2
42745,81,95,-14,14
42746,128,123,5,5
42747,78,71,7,7
42748,79,89,-10,10
42749,74,89,-15,15
42750,69,71,-2,2
42751,140,140,0,0
42752,108,112,-4,4
42753,61,60,1,1
42754,142,136,6,6
42755,42,61,-19,19
42756,68,64,4,4
42757,74,74,0,0
42758,94,99,-5,5
42759,164,150,14,14
42760,77,70,7,7
42761,94,90,4,4
42762,192,187,5,5
42763,121,117,4,4
42764,61,61,0,0
42765,120,122,-2,2
42766,103,100,3,3
42767,89,89,0,0
42768,100,94,6,6
42769,97,91,6,6
42770,64,69,-5,5
42771,165,158,7,7
42772,74,67,7,7
42773,65,65,0,0
42774,39,56,-17,17
42775,183,162,21,21
42776,82,89,-7,7
42777,111,108,3,3
42778,150,133,17,17
42779,89,79,10,10
42780,116,109,7,7
42781,106,105,1,1
42782,129,130,-1,1
42783,59,64,-5,5
42784,161,132,29,29
42785,108,121,-13,13
42786,63,75,-12,12
42787,114,111,3,3
42788,80,91,-11,11
42789,81,89,-8,8
42790,72,72,0,0
42791,99,98,1,1
42792,98,87,11,11
42793,111,98,13,13
42794,120,116,4,4
42795,119,113,6,6
42796,69,76,-7,7
42797,137,125,12,12
42798,130,130,0,0
42799,106,97,9,9
42800,58,62,-4,4
42801,144,134,10,10
42802,117,117,0,0
42803,146,151,-5,5
42804,137,128,9,9
42805,116,119,-3,3
42806,86,80,6,6
42807,89,90,-1,1
42808,107,110,-3,3
42809,108,107,1,1
42810,109,99,10,10
42811,53,61,-8,8
42812,79,69,10,10
42813,59,63,-4,4
42814,84,82,2,2
42815,156,142,14,14
42816,121,116,5,5
42817,66,67,-1,1
42818,74,74,0,0
42819,47,109,-62,62
42820,106,102,4,4
42821,98,90,8,8
42822,68,61,7,7
42823,58,65,-7,7
42824,86,93,-7,7
42825,87,95,-8,8
42826,85,102,-17,17
42827,143,134,9,9
42828,168,148,20,20
42829,63,73,-10,10
42830,72,115,-43,43
42831,170,174,-4,4
42832,139,140,-1,1
42833,104,112,-8,8
42834,66,63,3,3
42835,78,81,-3,3
42836,66,60,6,6
42837,78,73,5,5
42838,178,152,26,26
42839,176,162,14,14
42840,77,71,6,6
42841,51,62,-11,11
42842,112,96,16,16
42843,110,128,-18,18
42844,140,144,-4,4
42845,120,109,11,11
42846,88,91,-3,3
42847,85,95,-10,10
42848,166,150,16,16
42849,71,69,2,2
42850,112,122,-10,10
42851,73,68,5,5
42852,80,86,-6,6
42853,113,130,-17,17
42854,62,63,-1,1
42855,94,89,5,5
42856,145,145,0,0
42857,131,135,-4,4
42858,103,104,-1,1
42859,98,104,-6,6
42860,84,76,8,8
42861,133,123,10,10
42862,144,133,11,11
42863,141,123,18,18
42864,119,105,14,14
42865,87,90,-3,3
42866,79,85,-6,6
42867,63,70,-7,7
42868,89,97,-8,8
42869,38,62,-24,24
42870,99,107,-8,8
42871,114,105,9,9
42872,129,114,15,15
42873,155,149,6,6
42874,87,71,16,16
42875,70,66,4,4
42876,112,101,11,11
42877,137,133,4,4
42878,92,87,5,5
42879,145,135,10,10
42880,154,133,21,21
42881,130,120,10,10
42882,45,56,-11,11
42883,63,61,2,2
42884,58,62,-4,4
42885,96,99,-3,3
42886,102,98,4,4
42887,118,123,-5,5
42888,119,114,5,5
42889,75,72,3,3
42890,115,117,-2,2
42891,94,98,-4,4
42892,108,105,3,3
42893,101,98,3,3
42894,136,130,6,6
42895,110,109,1,1
42896,127,126,1,1
42897,94,80,14,14
42898,124,110,14,14
42899,68,74,-6,6
42900,128,116,12,12
42901,138,129,9,9
42902,83,91,-8,8
42903,125,106,19,19
42904,63,67,-4,4
42905,133,107,26,26
42906,77,71,6,6
42907,94,95,-1,1
42908,116,102,14,14
42909,93,95,-2,2
42910,84,93,-9,9
42911,125,118,7,7
42912,123,125,-2,2
42913,92,91,1,1
42914,155,148,7,7
42915,86,246,-160,160
42916,75,77,-2,2
42917,74,76,-2,2
42918,78,86,-8,8
42919,96,91,5,5
42920,113,117,-4,4
42921,139,153,-14,14
42922,95,93,2,2
42923,83,89,-6,6
42924,128,127,1,1
42925,102,102,0,0
42926,124,139,-15,15
42927,71,72,-1,1
42928,63,64,-1,1
42929,71,68,3,3
42930,131,131,0,0
42931,115,130,-15,15
42932,91,90,1,1
42933,92,100,-8,8
42934,59,61,-2,2
42935,138,135,3,3
42936,71,68,3,3
42937,53,56,-3,3
42938,103,103,0,0
42939,85,83,2,2
42940,92,96,-4,4
42941,109,121,-12,12
42942,74,86,-12,12
42943,100,99,1,1
42944,111,110,1,1
42945,112,108,4,4
42946,112,104,8,8
42947,31,62,-31,31
42948,57,77,-20,20
42949,194,177,17,17
42950,75,70,5,5
42951,119,118,1,1
42952,106,104,2,2
42953,89,76,13,13
42954,75,70,5,5
42955,77,78,-1,1
42956,68,73,-5,5
42957,48,61,-13,13
42958,53,60,-7,7
42959,91,95,-4,4
42960,90,104,-14,14
42961,57,66,-9,9
42962,81,85,-4,4
42963,113,111,2,2
42964,89,92,-3,3
42965,74,70,4,4
42966,89,92,-3,3
42967,73,78,-5,5
42968,54,58,-4,4
42969,77,81,-4,4
42970,108,98,10,10
42971,59,69,-10,10
42972,218,196,22,22
42973,118,126,-8,8
42974,86,95,-9,9
42975,153,143,10,10
42976,123,119,4,4
42977,117,116,1,1
42978,51,62,-11,11
42979,77,74,3,3
42980,59,60,-1,1
42981,69,74,-5,5
42982,67,75,-8,8
42983,83,80,3,3
42984,137,122,15,15
42985,96,92,4,4
42986,68,68,0,0
42987,91,100,-9,9
42988,81,90,-9,9
42989,79,68,11,11
42990,50,60,-10,10
42991,78,76,2,2
42992,32,62,-30,30
42993,64,62,2,2
42994,80,87,-7,7
42995,99,114,-15,15
42996,131,134,-3,3
42997,48,63,-15,15
42998,77,70,7,7
42999,128,125,3,3
43000,120,117,3,3
43001,55,60,-5,5
43002,79,66,13,13
43003,85,89,-4,4
43004,148,135,13,13
43005,136,130,6,6
43006,111,121,-10,10
43007,105,134,-29,29
43008,93,94,-1,1
43009,79,80,-1,1
43010,87,90,-3,3
43011,69,71,-2,2
43012,109,108,1,1
43013,156,139,17,17
43014,106,106,0,0
43015,105,106,-1,1
43016,42,61,-19,19
43017,84,88,-4,4
43018,15,63,-48,48
43019,89,97,-8,8
43020,179,166,13,13
43021,65,67,-2,2
43022,108,113,-5,5
43023,40,62,-22,22
43024,89,84,5,5
43025,138,124,14,14
43026,134,133,1,1
43027,102,98,4,4
43028,103,102,1,1
43029,143,124,19,19
43030,65,68,-3,3
43031,74,72,2,2
43032,116,108,8,8
43033,79,80,-1,1
43034,74,74,0,0
43035,91,75,16,16
43036,99,96,3,3
43037,64,61,3,3
43038,120,110,10,10
43039,103,95,8,8
43040,90,90,0,0
43041,51,61,-10,10
43042,96,93,3,3
43043,77,73,4,4
43044,142,137,5,5
43045,77,65,12,12
43046,90,92,-2,2
43047,141,131,10,10
43048,85,94,-9,9
43049,98,95,3,3
43050,146,137,9,9
43051,120,111,9,9
43052,107,110,-3,3
43053,97,100,-3,3
43054,125,125,0,0
43055,81,89,-8,8
43056,99,103,-4,4
43057,90,96,-6,6
43058,53,62,-9,9
43059,88,80,8,8
43060,70,66,4,4
43061,57,72,-15,15
43062,77,69,8,8
43063,51,63,-12,12
43064,110,115,-5,5
43065,72,73,-1,1
43066,101,100,1,1
43067,177,152,25,25
43068,153,133,20,20
43069,157,146,11,11
43070,67,66,1,1
43071,63,63,0,0
43072,208,188,20,20
43073,84,83,1,1
43074,69,70,-1,1
43075,110,101,9,9
43076,85,69,16,16
43077,37,62,-25,25
43078,142,117,25,25
43079,82,92,-10,10
43080,81,94,-13,13
43081,94,96,-2,2
43082,143,139,4,4
43083,118,111,7,7
43084,86,97,-11,11
43085,76,85,-9,9
43086,73,64,9,9
43087,131,116,15,15
43088,53,86,-33,33
43089,66,66,0,0
43090,101,103,-2,2
43091,115,115,0,0
43092,136,128,8,8
43093,61,100,-39,39
43094,86,92,-6,6
43095,71,83,-12,12
43096,81,86,-5,5
43097,69,79,-10,10
43098,36,62,-26,26
43099,157,148,9,9
43100,57,61,-4,4
43101,73,66,7,7
43102,185,162,23,23
43103,62,61,1,1
43104,123,120,3,3
43105,65,62,3,3
43106,73,66,7,7
43107,98,100,-2,2
43108,101,97,4,4
43109,104,102,2,2
43110,83,89,-6,6
43111,58,63,-5,5
43112,85,89,-4,4
43113,55,63,-8,8
43114,80,68,12,12
43115,66,64,2,2
43116,83,74,9,9
43117,107,110,-3,3
43118,104,99,5,5
43119,44,64,-20,20
43120,63,68,-5,5
43121,85,79,6,6
43122,133,127,6,6
43123,59,64,-5,5
43124,130,111,19,19
43125,74,73,1,1
43126,62,59,3,3
43127,109,101,8,8
43128,71,72,-1,1
43129,55,113,-58,58
43130,142,142,0,0
43131,117,117,0,0
43132,110,104,6,6
43133,35,55,-20,20
43134,85,95,-10,10
43135,63,60,3,3
43136,79,92,-13,13
43137,101,96,5,5
43138,73,74,-1,1
43139,150,150,0,0
43140,164,140,24,24
43141,121,117,4,4
43142,56,62,-6,6
43143,82,88,-6,6
43144,115,126,-11,11
43145,103,97,6,6
43146,80,75,5,5
43147,90,107,-17,17
43148,103,100,3,3
43149,122,127,-5,5
43150,113,114,-1,1
43151,62,68,-6,6
43152,120,120,0,0
43153,94,99,-5,5
43154,93,96,-3,3
43155,52,61,-9,9
43156,89,82,7,7
43157,72,62,10,10
43158,65,62,3,3
43159,92,91,1,1
43160,59,63,-4,4
43161,86,119,-33,33
43162,119,123,-4,4
43163,64,67,-3,3
43164,142,115,27,27
43165,80,84,-4,4
43166,68,65,3,3
43167,85,95,-10,10
43168,69,71,-2,2
43169,157,144,13,13
43170,120,106,14,14
43171,135,127,8,8
43172,72,67,5,5
43173,99,87,12,12
43174,88,96,-8,8
43175,101,98,3,3
43176,72,76,-4,4
43177,166,159,7,7
43178,49,62,-13,13
43179,89,90,-1,1
43180,113,105,8,8
43181,113,106,7,7
43182,85,91,-6,6
43183,67,87,-20,20
43184,89,93,-4,4
43185,63,66,-3,3
43186,52,161,-109,109
43187,127,122,5,5
43188,106,104,2,2
43189,120,106,14,14
43190,97,116,-19,19
43191,57,66,-9,9
43192,68,92,-24,24
43193,105,108,-3,3
43194,106,115,-9,9
43195,133,128,5,5
43196,63,70,-7,7
43197,58,61,-3,3
43198,106,109,-3,3
43199,103,96,7,7
43200,71,71,0,0
43201,103,104,-1,1
43202,42,61,-19,19
43203,91,89,2,2
43204,103,110,-7,7
43205,90,93,-3,3
43206,103,106,-3,3
43207,111,107,4,4
43208,132,119,13,13
43209,115,110,5,5
43210,121,124,-3,3
43211,122,110,12,12
43212,132,124,8,8
43213,32,61,-29,29
43214,110,104,6,6
43215,87,94,-7,7
43216,135,124,11,11
43217,102,98,4,4
43218,82,90,-8,8
43219,131,123,8,8
43220,102,105,-3,3
43221,52,62,-10,10
43222,100,108,-8,8
43223,100,97,3,3
43224,90,98,-8,8
43225,85,92,-7,7
43226,61,65,-4,4
43227,154,161,-7,7
43228,137,124,13,13
43229,107,105,2,2
43230,98,98,0,0
43231,92,92,0,0
43232,191,158,33,33
43233,113,116,-3,3
43234,104,103,1,1
43235,62,62,0,0
43236,80,79,1,1
43237,50,61,-11,11
43238,100,88,12,12
43239,126,124,2,2
43240,113,103,10,10
43241,69,69,0,0
43242,62,63,-1,1
43243,52,68,-16,16
43244,118,114,4,4
43245,59,63,-4,4
43246,40,61,-21,21
43247,93,96,-3,3
43248,105,112,-7,7
43249,127,116,11,11
43250,84,95,-11,11
43251,93,104,-11,11
43252,121,127,-6,6
43253,94,99,-5,5
43254,64,65,-1,1
43255,109,104,5,5
43256,123,131,-8,8
43257,130,119,11,11
43258,138,130,8,8
43259,67,69,-2,2
43260,99,101,-2,2
43261,84,87,-3,3
43262,112,121,-9,9
43263,103,105,-2,2
43264,60,60,0,0
43265,90,111,-21,21
43266,131,131,0,0
43267,47,61,-14,14
43268,90,92,-2,2
43269,81,84,-3,3
43270,84,84,0,0
43271,81,88,-7,7
43272,105,111,-6,6
43273,67,68,-1,1
43274,86,92,-6,6
43275,140,141,-1,1
43276,78,69,9,9
43277,96,93,3,3
43278,102,104,-2,2
43279,43,62,-19,19
43280,71,90,-19,19
43281,91,98,-7,7
43282,84,89,-5,5
43283,125,118,7,7
43284,50,57,-7,7
43285,90,96,-6,6
43286,68,63,5,5
43287,129,120,9,9
43288,133,133,0,0
43289,72,98,-26,26
43290,150,141,9,9
43291,179,158,21,21
43292,96,94,2,2
43293,72,67,5,5
43294,178,151,27,27
43295,89,91,-2,2
43296,129,118,11,11
43297,84,81,3,3
43298,87,77,10,10
43299,82,79,3,3
43300,82,95,-13,13
43301,91,93,-2,2
43302,112,113,-1,1
43303,88,96,-8,8
43304,100,108,-8,8
43305,164,150,14,14
43306,89,95,-6,6
43307,72,82,-10,10
43308,111,116,-5,5
43309,123,126,-3,3
43310,163,138,25,25
43311,65,66,-1,1
43312,130,133,-3,3
43313,145,135,10,10
43314,92,93,-1,1
43315,50,63,-13,13
43316,73,100,-27,27
43317,57,60,-3,3
43318,89,75,14,14
43319,82,89,-7,7
43320,67,65,2,2
43321,91,102,-11,11
43322,112,108,4,4
43323,73,70,3,3
43324,64,63,1,1
43325,119,129,-10,10
43326,61,57,4,4
43327,26,62,-36,36
43328,67,66,1,1
43329,178,156,22,22
43330,97,83,14,14
43331,132,108,24,24
43332,121,121,0,0
43333,143,116,27,27
43334,92,103,-11,11
43335,78,85,-7,7
43336,99,104,-5,5
43337,68,63,5,5
43338,61,63,-2,2
43339,139,136,3,3
43340,162,152,10,10
43341,86,90,-4,4
43342,106,105,1,1
43343,48,62,-14,14
43344,125,117,8,8
43345,123,119,4,4
43346,117,114,3,3
43347,229,204,25,25
43348,83,91,-8,8
43349,72,121,-49,49
43350,130,124,6,6
43351,49,61,-12,12
43352,124,121,3,3
43353,123,123,0,0
43354,127,128,-1,1
43355,78,78,0,0
43356,87,112,-25,25
43357,129,117,12,12
43358,97,93,4,4
43359,129,142,-13,13
43360,69,67,2,2
43361,84,87,-3,3
43362,122,108,14,14
43363,158,140,18,18
43364,77,85,-8,8
43365,86,101,-15,15
43366,100,106,-6,6
43367,93,103,-10,10
43368,117,110,7,7
43369,139,129,10,10
43370,100,97,3,3
43371,162,150,12,12
43372,68,69,-1,1
43373,68,71,-3,3
43374,85,78,7,7
43375,105,99,6,6
43376,174,152,22,22
43377,85,90,-5,5
43378,108,102,6,6
43379,67,68,-1,1
43380,115,113,2,2
43381,63,63,0,0
43382,107,105,2,2
43383,99,115,-16,16
43384,52,62,-10,10
43385,87,85,2,2
43386,125,108,17,17
43387,64,60,4,4
43388,101,117,-16,16
43389,118,114,4,4
43390,129,124,5,5
43391,100,103,-3,3
43392,71,65,6,6
43393,70,97,-27,27
43394,70,89,-19,19
43395,101,86,15,15
43396,71,76,-5,5
43397,70,68,2,2
43398,115,112,3,3
43399,56,61,-5,5
43400,106,118,-12,12
43401,125,120,5,5
43402,104,103,1,1
43403,84,83,1,1
43404,64,67,-3,3
43405,82,84,-2,2
43406,99,107,-8,8
43407,167,155,12,12
43408,107,113,-6,6
43409,91,89,2,2
43410,83,91,-8,8
43411,89,75,14,14
43412,92,90,2,2
43413,114,106,8,8
43414,126,106,20,20
43415,133,127,6,6
43416,51,61,-10,10
43417,87,80,7,7
43418,67,62,5,5
43419,67,63,4,4
43420,142,130,12,12
43421,139,130,9,9
43422,125,111,14,14
43423,81,81,0,0
43424,210,181,29,29
43425,113,108,5,5
43426,57,67,-10,10
43427,94,96,-2,2
43428,121,110,11,11
43429,107,105,2,2
43430,38,61,-23,23
43431,81,88,-7,7
43432,126,112,14,14
43433,248,235,13,13
43434,92,93,-1,1
43435,153,144,9,9
43436,127,126,1,1
43437,45,61,-16,16
43438,81,108,-27,27
43439,164,157,7,7
43440,140,141,-1,1
43441,114,111,3,3
43442,115,113,2,2
43443,87,83,4,4
43444,57,60,-3,3
43445,51,61,-10,10
43446,95,107,-12,12
43447,33,60,-27,27
43448,128,120,8,8
43449,101,97,4,4
43450,75,81,-6,6
43451,138,133,5,5
43452,136,124,12,12
43453,63,93,-30,30
43454,80,69,11,11
43455,90,104,-14,14
43456,47,60,-13,13
43457,96,98,-2,2
43458,62,60,2,2
43459,98,96,2,2
43460,140,136,4,4
43461,84,76,8,8
43462,143,146,-3,3
43463,84,91,-7,7
43464,151,143,8,8
43465,87,78,9,9
43466,107,114,-7,7
43467,118,111,7,7
43468,60,66,-6,6
43469,82,96,-14,14
43470,167,154,13,13
43471,110,99,11,11
43472,98,99,-1,1
43473,83,90,-7,7
43474,76,74,2,2
43475,93,111,-18,18
43476,102,103,-1,1
43477,76,64,12,12
43478,76,87,-11,11
43479,115,113,2,2
43480,77,86,-9,9
43481,98,98,0,0
43482,149,141,8,8
43483,78,73,5,5
43484,119,130,-11,11
43485,121,112,9,9
43486,46,74,-28,28
43487,67,82,-15,15
43488,129,116,13,13
43489,114,117,-3,3
43490,73,74,-1,1
43491,118,116,2,2
43492,90,94,-4,4
43493,165,161,4,4
43494,147,142,5,5
43495,52,61,-9,9
43496,111,121,-10,10
43497,160,144,16,16
43498,88,99,-11,11
43499,105,103,2,2
43500,105,95,10,10
43501,90,97,-7,7
43502,120,122,-2,2
43503,89,70,19,19
43504,79,84,-5,5
43505,82,95,-13,13
43506,122,122,0,0
43507,96,96,0,0
43508,48,63,-15,15
43509,70,65,5,5
43510,65,78,-13,13
43511,78,83,-5,5
43512,133,132,1,1
43513,48,62,-14,14
43514,90,93,-3,3
43515,54,61,-7,7
43516,104,96,8,8
43517,91,90,1,1
43518,112,106,6,6
43519,63,66,-3,3
43520,113,108,5,5
43521,99,88,11,11
43522,100,98,2,2
43523,69,69,0,0
43524,122,117,5,5
43525,84,89,-5,5
43526,119,106,13,13
43527,103,100,3,3
43528,91,104,-13,13
43529,55,62,-7,7
43530,64,66,-2,2
43531,87,88,-1,1
43532,220,198,22,22
43533,85,91,-6,6
43534,63,66,-3,3
43535,64,63,1,1
43536,109,127,-18,18
43537,80,78,2,2
43538,91,93,-2,2
43539,146,146,0,0
43540,125,124,1,1
43541,130,131,-1,1
43542,127,138,-11,11
43543,113,107,6,6
43544,125,123,2,2
43545,84,92,-8,8
43546,111,108,3,3
43547,138,127,11,11
43548,47,62,-15,15
43549,75,90,-15,15
43550,98,107,-9,9
43551,163,152,11,11
43552,140,123,17,17
43553,50,62,-12,12
43554,77,77,0,0
43555,64,62,2,2
43556,76,70,6,6
43557,108,106,2,2
43558,53,61,-8,8
43559,65,74,-9,9
43560,197,177,20,20
43561,182,164,18,18
43562,71,69,2,2
43563,134,115,19,19
43564,126,112,14,14
43565,54,61,-7,7
43566,132,136,-4,4
43567,86,82,4,4
43568,106,107,-1,1
43569,53,58,-5,5
43570,87,91,-4,4
43571,80,84,-4,4
43572,150,144,6,6
43573,49,61,-12,12
43574,137,131,6,6
43575,51,62,-11,11
43576,90,87,3,3
43577,125,119,6,6
43578,110,113,-3,3
43579,112,115,-3,3
43580,51,62,-11,11
43581,105,96,9,9
43582,110,113,-3,3
43583,93,98,-5,5
43584,169,157,12,12
43585,97,88,9,9
43586,97,89,8,8
43587,89,97,-8,8
43588,75,78,-3,3
43589,119,114,5,5
43590,93,98,-5,5
43591,53,63,-10,10
43592,121,103,18,18
43593,61,78,-17,17
43594,98,104,-6,6
43595,92,96,-4,4
43596,63,62,1,1
43597,101,90,11,11
43598,180,158,22,22
43599,70,70,0,0
43600,66,69,-3,3
43601,121,182,-61,61
43602,100,99,1,1
43603,151,148,3,3
43604,44,65,-21,21
43605,93,95,-2,2
43606,79,71,8,8
43607,133,120,13,13
43608,51,59,-8,8
43609,111,113,-2,2
43610,83,83,0,0
43611,93,102,-9,9
43612,78,69,9,9
43613,75,73,2,2
43614,133,131,2,2
43615,128,114,14,14
43616,98,108,-10,10
43617,137,124,13,13
43618,79,89,-10,10
43619,90,92,-2,2
43620,62,65,-3,3
43621,170,164,6,6
43622,123,117,6,6
43623,57,63,-6,6
43624,87,99,-12,12
43625,35,61,-26,26
43626,76,90,-14,14
43627,95,92,3,3
43628,63,72,-9,9
43629,74,70,4,4
43630,125,129,-4,4
43631,115,114,1,1
43632,63,61,2,2
43633,141,132,9,9
43634,78,78,0,0
43635,71,71,0,0
43636,90,91,-1,1
43637,235,216,19,19
43638,118,106,12,12
43639,65,69,-4,4
43640,98,95,3,3
43641,97,108,-11,11
43642,48,61,-13,13
43643,110,110,0,0
43644,96,97,-1,1
43645,119,111,8,8
43646,141,134,7,7
43647,80,83,-3,3
43648,88,109,-21,21
43649,93,95,-2,2
43650,141,135,6,6
43651,59,89,-30,30
43652,98,97,1,1
43653,66,76,-10,10
43654,91,97,-6,6
43655,90,94,-4,4
43656,111,109,2,2
43657,96,97,-1,1
43658,103,98,5,5
43659,59,62,-3,3
43660,68,69,-1,1
43661,73,69,4,4
43662,60,65,-5,5
43663,75,95,-20,20
43664,65,67,-2,2
43665,91,95,-4,4
43666,53,67,-14,14
43667,97,101,-4,4
43668,66,61,5,5
43669,94,97,-3,3
43670,97,96,1,1
43671,81,82,-1,1
43672,134,123,11,11
43673,96,105,-9,9
43674,115,120,-5,5
43675,51,79,-28,28
43676,75,80,-5,5
43677,157,139,18,18
43678,86,92,-6,6
43679,147,152,-5,5
43680,85,85,0,0
43681,88,95,-7,7
43682,46,62,-16,16
43683,119,116,3,3
43684,109,100,9,9
43685,142,138,4,4
43686,95,102,-7,7
43687,93,100,-7,7
43688,79,78,1,1
43689,142,135,7,7
43690,83,90,-7,7
43691,93,95,-2,2
43692,149,124,25,25
43693,114,105,9,9
43694,99,92,7,7
43695,125,123,2,2
43696,116,118,-2,2
43697,131,133,-2,2
43698,103,99,4,4
43699,79,67,12,12
43700,171,160,11,11
43701,69,76,-7,7
43702,78,93,-15,15
43703,67,86,-19,19
43704,82,84,-2,2
43705,110,116,-6,6
43706,171,153,18,18
43707,46,60,-14,14
43708,60,63,-3,3
43709,179,156,23,23
43710,68,72,-4,4
43711,66,65,1,1
43712,67,68,-1,1
43713,87,109,-22,22
43714,61,64,-3,3
43715,61,66,-5,5
43716,122,124,-2,2
43717,96,98,-2,2
43718,106,98,8,8
43719,54,62,-8,8
43720,76,78,-2,2
43721,111,113,-2,2
43722,44,61,-17,17
43723,163,155,8,8
43724,71,60,11,11
43725,74,69,5,5
43726,97,100,-3,3
43727,134,124,10,10
43728,82,79,3,3
43729,79,101,-22,22
43730,138,125,13,13
43731,82,101,-19,19
43732,152,142,10,10
43733,111,144,-33,33
43734,123,112,11,11
43735,77,76,1,1
43736,146,133,13,13
43737,82,84,-2,2
43738,69,73,-4,4
43739,91,101,-10,10
43740,166,148,18,18
43741,53,62,-9,9
43742,71,66,5,5
43743,84,88,-4,4
43744,68,70,-2,2
43745,94,103,-9,9
43746,101,129,-28,28
43747,106,106,0,0
43748,93,92,1,1
43749,69,69,0,0
43750,136,119,17,17
43751,90,94,-4,4
43752,87,76,11,11
43753,64,63,1,1
43754,62,101,-39,39
43755,77,84,-7,7
43756,47,65,-18,18
43757,122,122,0,0
43758,67,70,-3,3
43759,87,102,-15,15
43760,84,73,11,11
43761,68,67,1,1
43762,60,63,-3,3
43763,75,75,0,0
43764,90,91,-1,1
43765,69,87,-18,18
43766,77,72,5,5
43767,82,79,3,3
43768,127,122,5,5
43769,58,61,-3,3
43770,151,136,15,15
43771,125,135,-10,10
43772,114,110,4,4
43773,106,113,-7,7
43774,85,91,-6,6
43775,92,91,1,1
43776,70,67,3,3
43777,124,122,2,2
43778,97,102,-5,5
43779,71,76,-5,5
43780,146,144,2,2
43781,93,96,-3,3
43782,91,83,8,8
43783,63,61,2,2
43784,60,63,-3,3
43785,84,107,-23,23
43786,192,182,10,10
43787,93,91,2,2
43788,133,120,13,13
43789,95,95,0,0
43790,65,61,4,4
43791,81,97,-16,16
43792,107,111,-4,4
43793,131,119,12,12
43794,130,131,-1,1
43795,68,67,1,1
43796,77,82,-5,5
43797,112,117,-5,5
43798,67,77,-10,10
43799,91,94,-3,3
43800,90,92,-2,2
43801,125,121,4,4
43802,69,64,5,5
43803,106,105,1,1
43804,110,103,7,7
43805,65,63,2,2
43806,87,93,-6,6
43807,60,62,-2,2
43808,91,91,0,0
43809,153,132,21,21
43810,95,97,-2,2
43811,150,137,13,13
43812,61,66,-5,5
43813,169,172,-3,3
43814,76,81,-5,5
43815,93,95,-2,2
43816,75,68,7,7
43817,76,90,-14,14
43818,85,104,-19,19
43819,63,69,-6,6
43820,86,94,-8,8
43821,111,105,6,6
43822,81,78,3,3
43823,225,195,30,30
43824,49,62,-13,13
43825,90,95,-5,5
43826,67,64,3,3
43827,109,113,-4,4
43828,103,98,5,5
43829,73,65,8,8
43830,137,136,1,1
43831,93,98,-5,5
43832,68,70,-2,2
43833,82,109,-27,27
43834,66,71,-5,5
43835,110,104,6,6
43836,170,171,-1,1
43837,104,102,2,2
43838,73,75,-2,2
43839,137,124,13,13
43840,55,61,-6,6
43841,52,63,-11,11
43842,95,92,3,3
43843,48,62,-14,14
43844,67,80,-13,13
43845,64,65,-1,1
43846,71,73,-2,2
43847,77,73,4,4
43848,66,63,3,3
43849,78,75,3,3
43850,71,72,-1,1
43851,117,116,1,1
43852,83,71,12,12
43853,43,60,-17,17
43854,100,97,3,3
43855,50,63,-13,13
43856,140,137,3,3
43857,86,105,-19,19
43858,63,62,1,1
43859,91,96,-5,5
43860,113,111,2,2
43861,63,63,0,0
43862,61,62,-1,1
43863,78,91,-13,13
43864,34,62,-28,28
43865,90,107,-17,17
43866,47,61,-14,14
43867,64,71,-7,7
43868,58,65,-7,7
43869,116,118,-2,2
43870,117,114,3,3
43871,84,94,-10,10
43872,105,107,-2,2
43873,86,91,-5,5
43874,68,98,-30,30
43875,131,133,-2,2
43876,77,83,-6,6
43877,76,67,9,9
43878,117,108,9,9
43879,97,94,3,3
43880,123,117,6,6
43881,98,104,-6,6
43882,71,71,0,0
43883,127,122,5,5
43884,56,62,-6,6
43885,122,112,10,10
43886,49,63,-14,14
43887,60,63,-3,3
43888,115,107,8,8
43889,78,85,-7,7
43890,46,61,-15,15
43891,119,116,3,3
43892,129,139,-10,10
43893,66,63,3,3
43894,142,134,8,8
43895,79,80,-1,1
43896,71,77,-6,6
43897,144,133,11,11
43898,106,110,-4,4
43899,77,82,-5,5
43900,74,80,-6,6
43901,69,69,0,0
43902,88,85,3,3
43903,59,59,0,0
43904,123,118,5,5
43905,54,60,-6,6
43906,43,63,-20,20
43907,155,151,4,4
43908,68,68,0,0
43909,131,130,1,1
43910,146,137,9,9
43911,102,88,14,14
43912,80,85,-5,5
43913,57,63,-6,6
43914,81,77,4,4
43915,104,113,-9,9
43916,39,61,-22,22
43917,78,79,-1,1
43918,112,122,-10,10
43919,44,86,-42,42
43920,79,77,2,2
43921,132,126,6,6
43922,117,155,-38,38
43923,80,88,-8,8
43924,88,77,11,11
43925,61,62,-1,1
43926,57,61,-4,4
43927,123,119,4,4
43928,60,67,-7,7
43929,113,107,6,6
43930,64,69,-5,5
43931,101,96,5,5
43932,143,140,3,3
43933,71,77,-6,6
43934,80,70,10,10
43935,70,65,5,5
43936,45,61,-16,16
43937,44,61,-17,17
43938,92,92,0,0
43939,67,72,-5,5
43940,63,62,1,1
43941,139,130,9,9
43942,127,117,10,10
43943,69,65,4,4
43944,136,124,12,12
43945,109,115,-6,6
43946,120,117,3,3
43947,63,67,-4,4
43948,50,61,-11,11
43949,97,94,3,3
43950,103,95,8,8
43951,89,82,7,7
43952,85,80,5,5
43953,173,158,15,15
43954,128,126,2,2
43955,171,165,6,6
43956,49,61,-12,12
43957,99,87,12,12
43958,129,134,-5,5
43959,85,92,-7,7
43960,102,101,1,1
43961,124,121,3,3
43962,122,109,13,13
43963,137,127,10,10
43964,89,99,-10,10
43965,51,63,-12,12
43966,81,103,-22,22
43967,88,81,7,7
43968,76,83,-7,7
43969,111,120,-9,9
43970,86,92,-6,6
43971,131,120,11,11
43972,23,60,-37,37
43973,109,108,1,1
43974,84,82,2,2
43975,101,104,-3,3
43976,139,131,8,8
43977,58,67,-9,9
43978,71,72,-1,1
43979,95,84,11,11
43980,70,67,3,3
43981,65,69,-4,4
43982,95,94,1,1
43983,109,105,4,4
43984,57,62,-5,5
43985,103,101,2,2
43986,184,158,26,26
43987,80,77,3,3
43988,103,103,0,0
43989,94,121,-27,27
43990,62,65,-3,3
43991,110,94,16,16
43992,109,111,-2,2
43993,47,62,-15,15
43994,107,114,-7,7
43995,184,159,25,25
43996,122,140,-18,18
43997,155,150,5,5
43998,66,73,-7,7
43999,63,63,0,0
44000,104,119,-15,15
44001,100,95,5,5
44002,82,107,-25,25
44003,162,157,5,5
44004,122,124,-2,2
44005,78,134,-56,56
44006,71,64,7,7
44007,131,109,22,22
44008,113,105,8,8
44009,84,94,-10,10
44010,65,64,1,1
44011,81,85,-4,4
44012,93,84,9,9
44013,67,66,1,1
44014,148,127,21,21
44015,72,82,-10,10
44016,106,101,5,5
44017,79,94,-15,15
44018,113,113,0,0
44019,66,63,3,3
44020,68,60,8,8
44021,63,58,5,5
44022,81,101,-20,20
44023,117,114,3,3
44024,70,108,-38,38
44025,78,77,1,1
44026,165,164,1,1
44027,40,61,-21,21
44028,85,95,-10,10
44029,73,125,-52,52
44030,104,106,-2,2
44031,129,117,12,12
44032,116,107,9,9
44033,115,108,7,7
44034,82,82,0,0
44035,84,93,-9,9
44036,82,92,-10,10
44037,29,60,-31,31
44038,64,78,-14,14
44039,66,61,5,5
44040,114,113,1,1
44041,146,130,16,16
44042,65,62,3,3
44043,42,62,-20,20
44044,157,156,1,1
44045,89,90,-1,1
44046,116,131,-15,15
44047,54,63,-9,9
44048,77,74,3,3
44049,79,90,-11,11
44050,137,129,8,8
44051,67,67,0,0
44052,105,111,-6,6
44053,149,121,28,28
44054,57,63,-6,6
44055,104,112,-8,8
44056,89,102,-13,13
44057,82,92,-10,10
44058,106,123,-17,17
44059,191,174,17,17
44060,87,89,-2,2
44061,58,62,-4,4
44062,114,111,3,3
44063,114,118,-4,4
44064,118,108,10,10
44065,159,144,15,15
44066,58,62,-4,4
44067,95,97,-2,2
44068,74,74,0,0
44069,135,121,14,14
44070,134,131,3,3
44071,87,85,2,2
44072,130,114,16,16
44073,119,114,5,5
44074,142,133,9,9
44075,152,147,5,5
44076,105,102,3,3
44077,63,66,-3,3
44078,92,95,-3,3
44079,75,68,7,7
44080,96,95,1,1
44081,75,67,8,8
44082,56,61,-5,5
44083,72,69,3,3
44084,89,105,-16,16
44085,58,60,-2,2
44086,76,73,3,3
44087,90,119,-29,29
44088,73,87,-14,14
44089,78,81,-3,3
44090,110,120,-10,10
44091,174,159,15,15
44092,104,94,10,10
44093,94,103,-9,9
44094,165,149,16,16
44095,107,99,8,8
44096,78,75,3,3
44097,90,92,-2,2
44098,124,117,7,7
44099,129,114,15,15
44100,66,64,2,2
44101,73,78,-5,5
44102,139,137,2,2
44103,72,77,-5,5
44104,140,130,10,10
44105,93,101,-8,8
44106,135,124,11,11
44107,56,61,-5,5
44108,76,70,6,6
44109,102,111,-9,9
44110,102,104,-2,2
44111,130,124,6,6
44112,152,146,6,6
44113,76,69,7,7
44114,178,171,7,7
44115,85,74,11,11
44116,78,72,6,6
44117,97,112,-15,15
44118,113,123,-10,10
44119,81,94,-13,13
44120,65,81,-16,16
44121,42,57,-15,15
44122,72,86,-14,14
44123,115,111,4,4
44124,80,92,-12,12
44125,39,60,-21,21
44126,85,85,0,0
44127,101,96,5,5
44128,158,146,12,12
44129,91,96,-5,5
44130,68,67,1,1
44131,112,116,-4,4
44132,161,154,7,7
44133,147,150,-3,3
44134,63,65,-2,2
44135,60,88,-28,28
44136,84,91,-7,7
44137,112,114,-2,2
44138,129,118,11,11
44139,136,133,3,3
44140,130,122,8,8
44141,74,73,1,1
44142,111,112,-1,1
44143,118,116,2,2
44144,60,62,-2,2
44145,59,68,-9,9
44146,90,93,-3,3
44147,72,78,-6,6
44148,118,115,3,3
44149,63,63,0,0
44150,91,92,-1,1
44151,106,109,-3,3
44152,89,96,-7,7
44153,111,112,-1,1
44154,131,126,5,5
44155,85,102,-17,17
44156,97,102,-5,5
44157,41,59,-18,18
44158,104,106,-2,2
44159,137,138,-1,1
44160,110,105,5,5
44161,50,89,-39,39
44162,143,130,13,13
44163,110,108,2,2
44164,79,79,0,0
44165,79,86,-7,7
44166,71,76,-5,5
44167,116,116,0,0
44168,89,90,-1,1
44169,85,92,-7,7
44170,62,73,-11,11
44171,105,98,7,7
44172,110,112,-2,2
44173,68,83,-15,15
44174,125,123,2,2
44175,120,114,6,6
44176,118,111,7,7
44177,63,63,0,0
44178,42,61,-19,19
44179,49,59,-10,10
44180,96,103,-7,7
44181,107,109,-2,2
44182,108,113,-5,5
44183,94,96,-2,2
44184,89,90,-1,1
44185,117,115,2,2
44186,120,119,1,1
44187,71,70,1,1
44188,71,74,-3,3
44189,58,61,-3,3
44190,90,101,-11,11
44191,118,115,3,3
44192,43,63,-20,20
44193,78,74,4,4
44194,159,144,15,15
44195,99,110,-11,11
44196,92,98,-6,6
44197,148,131,17,17
44198,97,92,5,5
44199,84,94,-10,10
44200,45,62,-17,17
44201,63,66,-3,3
44202,117,111,6,6
44203,122,116,6,6
44204,115,112,3,3
44205,110,104,6,6
44206,114,107,7,7
44207,71,72,-1,1
44208,132,134,-2,2
44209,73,67,6,6
44210,137,128,9,9
44211,79,71,8,8
44212,79,67,12,12
44213,106,105,1,1
44214,99,95,4,4
44215,77,103,-26,26
44216,127,129,-2,2
44217,96,94,2,2
44218,66,63,3,3
44219,63,63,0,0
44220,95,97,-2,2
44221,97,97,0,0
44222,42,62,-20,20
44223,60,61,-1,1
44224,59,63,-4,4
44225,66,63,3,3
44226,140,118,22,22
44227,64,68,-4,4
44228,72,75,-3,3
44229,85,89,-4,4
44230,119,103,16,16
44231,99,95,4,4
44232,133,124,9,9
44233,75,80,-5,5
44234,66,66,0,0
44235,102,99,3,3
44236,63,69,-6,6
44237,133,125,8,8
44238,144,134,10,10
44239,141,122,19,19
44240,97,107,-10,10
44241,90,98,-8,8
44242,124,123,1,1
44243,123,128,-5,5
44244,191,176,15,15
44245,62,66,-4,4
44246,58,63,-5,5
44247,98,96,2,2
44248,113,111,2,2
44249,107,101,6,6
44250,106,111,-5,5
44251,95,95,0,0
44252,144,136,8,8
44253,50,61,-11,11
44254,195,166,29,29
44255,122,114,8,8
44256,97,83,14,14
44257,71,57,14,14
44258,153,148,5,5
44259,67,70,-3,3
44260,51,62,-11,11
44261,65,67,-2,2
44262,78,80,-2,2
44263,87,90,-3,3
44264,72,78,-6,6
44265,81,86,-5,5
44266,149,142,7,7
44267,119,103,16,16
44268,102,95,7,7
44269,93,93,0,0
44270,116,112,4,4
44271,125,119,6,6
44272,138,131,7,7
44273,75,88,-13,13
44274,100,101,-1,1
44275,107,96,11,11
44276,91,115,-24,24
44277,135,128,7,7
44278,47,63,-16,16
44279,95,89,6,6
44280,88,103,-15,15
44281,71,63,8,8
44282,110,122,-12,12
44283,108,108,0,0
44284,49,63,-14,14
44285,48,63,-15,15
44286,93,96,-3,3
44287,94,100,-6,6
44288,140,134,6,6
44289,68,82,-14,14
44290,79,89,-10,10
44291,147,139,8,8
44292,107,98,9,9
44293,77,73,4,4
44294,87,92,-5,5
44295,183,173,10,10
44296,123,112,11,11
44297,143,129,14,14
44298,94,96,-2,2
44299,96,92,4,4
44300,85,94,-9,9
44301,112,110,2,2
44302,82,89,-7,7
44303,103,101,2,2
44304,98,102,-4,4
44305,104,108,-4,4
44306,81,73,8,8
44307,57,62,-5,5
44308,113,127,-14,14
44309,80,83,-3,3
44310,117,113,4,4
44311,68,66,2,2
44312,76,80,-4,4
44313,69,85,-16,16
44314,86,98,-12,12
44315,107,96,11,11
44316,63,62,1,1
44317,127,121,6,6
44318,87,91,-4,4
44319,82,84,-2,2
44320,92,93,-1,1
44321,78,79,-1,1
44322,117,110,7,7
44323,93,115,-22,22
44324,116,114,2,2
44325,51,62,-11,11
44326,80,78,2,2
44327,126,125,1,1
44328,48,67,-19,19
44329,183,172,11,11
44330,61,63,-2,2
44331,128,128,0,0
44332,95,91,4,4
44333,107,99,8,8
44334,87,96,-9,9
44335,136,131,5,5
44336,49,61,-12,12
44337,77,75,2,2
44338,114,110,4,4
44339,139,125,14,14
44340,90,94,-4,4
44341,164,167,-3,3
44342,124,129,-5,5
44343,115,115,0,0
44344,111,105,6,6
44345,144,137,7,7
44346,72,78,-6,6
44347,121,118,3,3
44348,131,120,11,11
44349,99,105,-6,6
44350,55,61,-6,6
44351,125,117,8,8
44352,43,61,-18,18
44353,75,71,4,4
44354,71,69,2,2
44355,62,63,-1,1
44356,86,85,1,1
44357,78,79,-1,1
44358,101,103,-2,2
44359,81,87,-6,6
44360,144,130,14,14
44361,121,108,13,13
44362,84,83,1,1
44363,91,90,1,1
44364,108,122,-14,14
44365,84,89,-5,5
44366,96,92,4,4
44367,130,126,4,4
44368,53,61,-8,8
44369,111,117,-6,6
44370,65,61,4,4
44371,138,124,14,14
44372,39,62,-23,23
44373,54,63,-9,9
44374,48,62,-14,14
44375,62,62,0,0
44376,110,111,-1,1
44377,88,96,-8,8
44378,92,90,2,2
44379,124,117,7,7
44380,86,90,-4,4
44381,89,104,-15,15
44382,96,101,-5,5
44383,50,62,-12,12
44384,92,89,3,3
44385,70,73,-3,3
44386,101,101,0,0
44387,143,132,11,11
44388,128,135,-7,7
44389,83,89,-6,6
44390,59,61,-2,2
44391,131,120,11,11
44392,79,74,5,5
44393,66,62,4,4
44394,110,101,9,9
44395,99,97,2,2
44396,100,107,-7,7
44397,92,94,-2,2
44398,115,105,10,10
44399,87,80,7,7
44400,105,99,6,6
44401,77,77,0,0
44402,93,99,-6,6
44403,124,120,4,4
44404,71,79,-8,8
44405,68,67,1,1
44406,107,115,-8,8
44407,130,124,6,6
44408,32,60,-28,28
44409,96,111,-15,15
44410,82,78,4,4
44411,73,69,4,4
44412,57,82,-25,25
44413,60,62,-2,2
44414,61,60,1,1
44415,127,111,16,16
44416,67,63,4,4
44417,148,134,14,14
44418,111,110,1,1
44419,119,110,9,9
44420,86,80,6,6
44421,88,91,-3,3
44422,68,68,0,0
44423,65,68,-3,3
44424,64,71,-7,7
44425,158,137,21,21
44426,144,126,18,18
44427,91,97,-6,6
44428,63,64,-1,1
44429,88,96,-8,8
44430,122,110,12,12
44431,51,61,-10,10
44432,124,129,-5,5
44433,118,106,12,12
44434,49,61,-12,12
44435,94,91,3,3
44436,69,64,5,5
44437,168,152,16,16
44438,79,89,-10,10
44439,70,74,-4,4
44440,199,192,7,7
44441,43,60,-17,17
44442,85,94,-9,9
44443,51,61,-10,10
44444,135,127,8,8
44445,57,78,-21,21
44446,191,188,3,3
44447,94,103,-9,9
44448,109,114,-5,5
44449,76,79,-3,3
44450,175,166,9,9
44451,126,127,-1,1
44452,143,128,15,15
44453,101,101,0,0
44454,50,105,-55,55
44455,84,92,-8,8
44456,94,93,1,1
44457,110,107,3,3
44458,170,141,29,29
44459,149,135,14,14
44460,94,100,-6,6
44461,102,105,-3,3
44462,118,128,-10,10
44463,112,113,-1,1
44464,108,110,-2,2
44465,58,67,-9,9
44466,39,116,-77,77
44467,112,107,5,5
44468,107,118,-11,11
44469,61,61,0,0
44470,99,97,2,2
44471,62,71,-9,9
44472,119,108,11,11
44473,105,100,5,5
44474,93,85,8,8
44475,109,107,2,2
44476,132,124,8,8
44477,83,110,-27,27
44478,46,60,-14,14
44479,170,158,12,12
44480,217,189,28,28
44481,119,117,2,2
44482,140,146,-6,6
44483,106,103,3,3
44484,100,102,-2,2
44485,61,61,0,0
44486,111,127,-16,16
44487,117,102,15,15
44488,68,78,-10,10
44489,94,98,-4,4
44490,74,71,3,3
44491,109,115,-6,6
44492,98,114,-16,16
44493,103,96,7,7
44494,78,97,-19,19
44495,80,80,0,0
44496,83,89,-6,6
44497,76,89,-13,13
44498,110,109,1,1
44499,152,139,13,13
44500,81,70,11,11
44501,133,130,3,3
44502,66,64,2,2
44503,102,100,2,2
44504,102,104,-2,2
44505,53,63,-10,10
44506,139,138,1,1
44507,133,121,12,12
44508,57,63,-6,6
44509,61,63,-2,2
44510,116,105,11,11
44511,97,95,2,2
44512,187,176,11,11
44513,62,63,-1,1
44514,102,100,2,2
44515,62,71,-9,9
44516,48,60,-12,12
44517,108,113,-5,5
44518,68,64,4,4
44519,112,109,3,3
44520,154,140,14,14
44521,76,77,-1,1
44522,110,113,-3,3
44523,89,98,-9,9
44524,128,122,6,6
44525,61,69,-8,8
44526,60,66,-6,6
44527,143,144,-1,1
44528,107,108,-1,1
44529,76,70,6,6
44530,79,84,-5,5
44531,65,62,3,3
44532,104,108,-4,4
44533,145,134,11,11
44534,86,79,7,7
44535,83,86,-3,3
44536,88,102,-14,14
44537,178,159,19,19
44538,116,120,-4,4
44539,105,120,-15,15
44540,72,76,-4,4
44541,77,75,2,2
44542,56,66,-10,10
44543,109,98,11,11
44544,45,62,-17,17
44545,106,102,4,4
44546,42,62,-20,20
44547,118,117,1,1
44548,102,99,3,3
44549,47,73,-26,26
44550,70,72,-2,2
44551,103,106,-3,3
44552,123,126,-3,3
44553,170,158,12,12
44554,124,130,-6,6
44555,98,104,-6,6
44556,57,67,-10,10
44557,122,128,-6,6
44558,59,61,-2,2
44559,107,106,1,1
44560,73,69,4,4
44561,65,62,3,3
44562,53,61,-8,8
44563,152,140,12,12
44564,81,100,-19,19
44565,87,83,4,4
44566,77,73,4,4
44567,129,130,-1,1
44568,165,153,12,12
44569,111,110,1,1
44570,108,110,-2,2
44571,67,70,-3,3
44572,78,76,2,2
44573,105,100,5,5
44574,72,68,4,4
44575,75,91,-16,16
44576,85,80,5,5
44577,57,61,-4,4
44578,115,124,-9,9
44579,74,71,3,3
44580,170,170,0,0
44581,90,98,-8,8
44582,85,93,-8,8
44583,65,66,-1,1
44584,45,62,-17,17
44585,160,137,23,23
44586,160,157,3,3
44587,99,107,-8,8
44588,62,74,-12,12
44589,121,119,2,2
44590,129,119,10,10
44591,98,104,-6,6
44592,104,103,1,1
44593,69,69,0,0
44594,75,67,8,8
44595,95,95,0,0
44596,118,118,0,0
44597,94,130,-36,36
44598,100,111,-11,11
44599,129,119,10,10
44600,118,116,2,2
44601,57,158,-101,101
44602,68,66,2,2
44603,123,121,2,2
44604,93,91,2,2
44605,53,74,-21,21
44606,92,94,-2,2
44607,78,81,-3,3
44608,175,149,26,26
44609,115,125,-10,10
44610,70,76,-6,6
44611,161,141,20,20
44612,61,61,0,0
44613,64,64,0,0
44614,86,94,-8,8
44615,84,91,-7,7
44616,152,150,2,2
44617,116,112,4,4
44618,53,61,-8,8
44619,57,60,-3,3
44620,68,79,-11,11
44621,178,165,13,13
44622,93,91,2,2
44623,120,112,8,8
44624,136,130,6,6
44625,39,61,-22,22
44626,102,107,-5,5
44627,167,168,-1,1
44628,65,62,3,3
44629,50,63,-13,13
44630,80,79,1,1
44631,126,127,-1,1
44632,67,67,0,0
44633,59,68,-9,9
44634,116,112,4,4
44635,95,98,-3,3
44636,57,62,-5,5
44637,75,86,-11,11
44638,99,102,-3,3
44639,94,97,-3,3
44640,65,61,4,4
44641,90,93,-3,3
44642,126,112,14,14
44643,86,98,-12,12
44644,103,101,2,2
44645,92,106,-14,14
44646,120,116,4,4
44647,86,84,2,2
44648,19,61,-42,42
44649,138,127,11,11
44650,86,91,-5,5
44651,126,125,1,1
44652,103,114,-11,11
44653,89,91,-2,2
44654,71,73,-2,2
44655,63,64,-1,1
44656,76,76,0,0
44657,154,141,13,13
44658,64,67,-3,3
44659,73,74,-1,1
44660,61,64,-3,3
44661,57,65,-8,8
44662,142,142,0,0
44663,193,175,18,18
44664,58,75,-17,17
44665,89,100,-11,11
44666,88,93,-5,5
44667,121,114,7,7
44668,110,109,1,1
44669,116,109,7,7
44670,100,96,4,4
44671,62,64,-2,2
44672,100,107,-7,7
44673,146,123,23,23
44674,33,62,-29,29
44675,105,110,-5,5
44676,93,94,-1,1
44677,48,62,-14,14
44678,74,77,-3,3
44679,55,63,-8,8
44680,77,72,5,5
44681,83,89,-6,6
44682,162,147,15,15
44683,59,61,-2,2
44684,196,182,14,14
44685,95,93,2,2
44686,64,62,2,2
44687,107,112,-5,5
44688,163,149,14,14
44689,78,78,0,0
44690,66,74,-8,8
44691,62,78,-16,16
44692,109,102,7,7
44693,77,81,-4,4
44694,125,115,10,10
44695,103,98,5,5
44696,81,89,-8,8
44697,50,62,-12,12
44698,116,128,-12,12
44699,70,97,-27,27
44700,68,64,4,4
44701,96,95,1,1
44702,155,130,25,25
44703,128,129,-1,1
44704,75,77,-2,2
44705,116,117,-1,1
44706,88,92,-4,4
44707,100,94,6,6
44708,73,76,-3,3
44709,140,140,0,0
44710,106,108,-2,2
44711,87,94,-7,7
44712,78,97,-19,19
44713,92,92,0,0
44714,109,103,6,6
44715,69,72,-3,3
44716,174,161,13,13
44717,60,61,-1,1
44718,61,63,-2,2
44719,59,63,-4,4
44720,124,121,3,3
44721,85,84,1,1
44722,136,119,17,17
44723,118,120,-2,2
44724,81,86,-5,5
44725,80,82,-2,2
44726,69,66,3,3
44727,60,66,-6,6
44728,63,66,-3,3
44729,46,62,-16,16
44730,61,62,-1,1
44731,65,79,-14,14
44732,104,110,-6,6
44733,144,127,17,17
44734,73,101,-28,28
44735,77,82,-5,5
44736,96,95,1,1
44737,71,84,-13,13
44738,74,77,-3,3
44739,60,62,-2,2
44740,80,88,-8,8
44741,74,81,-7,7
44742,168,147,21,21
44743,145,131,14,14
44744,86,95,-9,9
44745,137,130,7,7
44746,121,119,2,2
44747,91,83,8,8
44748,68,69,-1,1
44749,78,68,10,10
44750,84,93,-9,9
44751,150,136,14,14
44752,103,95,8,8
44753,79,82,-3,3
44754,63,70,-7,7
44755,70,67,3,3
44756,229,215,14,14
44757,130,136,-6,6
44758,81,93,-12,12
44759,112,101,11,11
44760,134,118,16,16
44761,82,95,-13,13
44762,152,204,-52,52
44763,90,105,-15,15
44764,105,125,-20,20
44765,138,133,5,5
44766,95,98,-3,3
44767,86,87,-1,1
44768,91,81,10,10
44769,58,79,-21,21
44770,130,115,15,15
44771,154,137,17,17
44772,69,70,-1,1
44773,158,128,30,30
44774,136,131,5,5
44775,56,64,-8,8
44776,86,86,0,0
44777,49,63,-14,14
44778,138,130,8,8
44779,100,102,-2,2
44780,146,139,7,7
44781,56,60,-4,4
44782,79,80,-1,1
44783,53,62,-9,9
44784,59,60,-1,1
44785,64,62,2,2
44786,108,103,5,5
44787,66,73,-7,7
44788,117,114,3,3
44789,60,62,-2,2
44790,51,62,-11,11
44791,104,110,-6,6
44792,92,118,-26,26
44793,87,83,4,4
44794,84,124,-40,40
44795,155,151,4,4
44796,100,118,-18,18
44797,43,62,-19,19
44798,72,60,12,12
44799,124,131,-7,7
44800,116,132,-16,16
44801,159,135,24,24
44802,91,110,-19,19
44803,71,68,3,3
44804,158,144,14,14
44805,71,71,0,0
44806,102,109,-7,7
44807,117,112,5,5
44808,94,97,-3,3
44809,79,93,-14,14
44810,51,62,-11,11
44811,63,62,1,1
44812,55,60,-5,5
44813,152,131,21,21
44814,78,64,14,14
44815,54,62,-8,8
44816,80,79,1,1
44817,59,62,-3,3
44818,84,90,-6,6
44819,110,104,6,6
44820,124,108,16,16
44821,92,94,-2,2
44822,126,124,2,2
44823,130,117,13,13
44824,89,94,-5,5
44825,109,105,4,4
44826,87,96,-9,9
44827,75,66,9,9
44828,225,207,18,18
44829,182,172,10,10
44830,82,87,-5,5
44831,54,62,-8,8
44832,187,170,17,17
44833,128,129,-1,1
44834,87,75,12,12
44835,92,87,5,5
44836,58,67,-9,9
44837,63,61,2,2
44838,100,96,4,4
44839,102,112,-10,10
44840,46,61,-15,15
44841,89,99,-10,10
44842,61,59,2,2
44843,134,131,3,3
44844,69,70,-1,1
44845,118,111,7,7
44846,153,143,10,10
44847,115,109,6,6
44848,88,87,1,1
44849,91,95,-4,4
44850,51,51,0,0
44851,68,81,-13,13
44852,155,144,11,11
44853,52,62,-10,10
44854,71,73,-2,2
44855,100,101,-1,1
44856,81,75,6,6
44857,168,159,9,9
44858,80,75,5,5
44859,83,79,4,4
44860,90,98,-8,8
44861,99,98,1,1
44862,45,61,-16,16
44863,110,115,-5,5
44864,118,106,12,12
44865,98,102,-4,4
44866,162,143,19,19
44867,54,63,-9,9
44868,80,86,-6,6
44869,91,86,5,5
44870,81,69,12,12
44871,89,93,-4,4
44872,58,62,-4,4
44873,194,193,1,1
44874,78,89,-11,11
44875,63,62,1,1
44876,61,57,4,4
44877,98,96,2,2
44878,95,96,-1,1
44879,97,93,4,4
44880,96,110,-14,14
44881,89,83,6,6
44882,154,139,15,15
44883,51,60,-9,9
44884,117,102,15,15
44885,42,62,-20,20
44886,92,91,1,1
44887,91,96,-5,5
44888,162,161,1,1
44889,75,78,-3,3
44890,104,108,-4,4
44891,117,112,5,5
44892,74,82,-8,8
44893,52,62,-10,10
44894,77,77,0,0
44895,83,79,4,4
44896,71,71,0,0
44897,57,62,-5,5
44898,62,61,1,1
44899,114,108,6,6
44900,58,67,-9,9
44901,120,133,-13,13
44902,74,72,2,2
44903,95,89,6,6
44904,63,70,-7,7
44905,84,99,-15,15
44906,57,64,-7,7
44907,70,75,-5,5
44908,71,81,-10,10
44909,71,59,12,12
44910,140,118,22,22
44911,116,120,-4,4
44912,62,68,-6,6
44913,96,107,-11,11
44914,73,74,-1,1
44915,79,79,0,0
44916,97,85,12,12
44917,80,70,10,10
44918,76,78,-2,2
44919,67,65,2,2
44920,176,162,14,14
44921,71,90,-19,19
44922,89,93,-4,4
44923,75,73,2,2
44924,142,130,12,12
44925,96,98,-2,2
44926,70,70,0,0
44927,134,121,13,13
44928,123,117,6,6
44929,71,88,-17,17
44930,45,61,-16,16
44931,102,101,1,1
44932,130,130,0,0
44933,134,129,5,5
44934,71,80,-9,9
44935,111,124,-13,13
44936,134,120,14,14
44937,131,111,20,20
44938,136,157,-21,21
44939,116,112,4,4
44940,156,141,15,15
44941,139,128,11,11
44942,102,102,0,0
44943,69,78,-9,9
44944,81,78,3,3
44945,109,113,-4,4
44946,94,97,-3,3
44947,77,72,5,5
44948,173,173,0,0
44949,70,74,-4,4
44950,77,87,-10,10
44951,95,96,-1,1
44952,96,96,0,0
44953,90,95,-5,5
44954,47,69,-22,22
44955,116,119,-3,3
44956,84,74,10,10
44957,62,70,-8,8
44958,128,136,-8,8
44959,83,81,2,2
44960,90,98,-8,8
44961,86,90,-4,4
44962,113,109,4,4
44963,153,129,24,24
44964,90,91,-1,1
44965,96,101,-5,5
44966,76,91,-15,15
44967,73,75,-2,2
44968,98,99,-1,1
44969,23,61,-38,38
44970,57,62,-5,5
44971,65,85,-20,20
44972,107,108,-1,1
44973,140,133,7,7
44974,112,103,9,9
44975,149,154,-5,5
44976,100,81,19,19
44977,100,98,2,2
44978,64,62,2,2
44979,89,89,0,0
44980,154,140,14,14
44981,53,63,-10,10
44982,45,62,-17,17
44983,61,65,-4,4
44984,108,107,1,1
44985,88,79,9,9
44986,109,122,-13,13
44987,143,120,23,23
44988,91,105,-14,14
44989,102,103,-1,1
44990,61,87,-26,26
44991,85,94,-9,9
44992,121,107,14,14
44993,65,63,2,2
44994,56,62,-6,6
44995,103,101,2,2
44996,111,100,11,11
44997,102,98,4,4
44998,99,92,7,7
44999,97,119,-22,22
45000,79,80,-1,1
45001,139,129,10,10
45002,107,96,11,11
45003,166,164,2,2
45004,51,58,-7,7
45005,75,63,12,12
45006,113,110,3,3
45007,69,81,-12,12
45008,129,127,2,2
45009,197,187,10,10
45010,104,107,-3,3
45011,99,106,-7,7
45012,86,75,11,11
45013,95,89,6,6
45014,138,128,10,10
45015,78,74,4,4
45016,47,91,-44,44
45017,56,63,-7,7
45018,62,67,-5,5
45019,64,67,-3,3
45020,105,98,7,7
45021,104,101,3,3
45022,140,127,13,13
45023,84,121,-37,37
45024,126,128,-2,2
45025,82,85,-3,3
45026,75,74,1,1
45027,92,100,-8,8
45028,77,77,0,0
45029,100,99,1,1
45030,140,136,4,4
45031,67,61,6,6
45032,117,120,-3,3
45033,54,61,-7,7
45034,81,84,-3,3
45035,130,125,5,5
45036,100,99,1,1
45037,86,82,4,4
45038,57,64,-7,7
45039,115,108,7,7
45040,147,140,7,7
45041,86,92,-6,6
45042,39,62,-23,23
45043,79,79,0,0
45044,89,101,-12,12
45045,70,64,6,6
45046,73,81,-8,8
45047,113,106,7,7
45048,99,107,-8,8
45049,78,79,-1,1
45050,132,129,3,3
45051,79,93,-14,14
45052,143,132,11,11
45053,57,63,-6,6
45054,49,62,-13,13
45055,85,87,-2,2
45056,49,83,-34,34
45057,96,93,3,3
45058,87,93,-6,6
45059,151,120,31,31
45060,147,140,7,7
45061,94,98,-4,4
45062,91,92,-1,1
45063,56,62,-6,6
45064,123,127,-4,4
45065,188,165,23,23
45066,55,60,-5,5
45067,117,107,10,10
45068,106,101,5,5
45069,109,117,-8,8
45070,61,60,1,1
45071,46,63,-17,17
45072,62,64,-2,2
45073,102,100,2,2
45074,62,61,1,1
45075,85,90,-5,5
45076,89,91,-2,2
45077,96,97,-1,1
45078,132,125,7,7
45079,94,96,-2,2
45080,118,106,12,12
45081,73,72,1,1
45082,69,73,-4,4
45083,57,63,-6,6
45084,86,92,-6,6
45085,130,114,16,16
45086,144,130,14,14
45087,67,67,0,0
45088,64,107,-43,43
45089,85,80,5,5
45090,104,108,-4,4
45091,109,106,3,3
45092,110,110,0,0
45093,129,117,12,12
45094,97,95,2,2
45095,85,87,-2,2
45096,104,102,2,2
45097,77,88,-11,11
45098,81,91,-10,10
45099,97,95,2,2
45100,130,139,-9,9
45101,67,67,0,0
45102,55,62,-7,7
45103,92,91,1,1
45104,83,93,-10,10
45105,135,139,-4,4
45106,69,64,5,5
45107,109,109,0,0
45108,98,91,7,7
45109,95,94,1,1
45110,121,127,-6,6
45111,80,68,12,12
45112,79,86,-7,7
45113,123,125,-2,2
45114,117,116,1,1
45115,59,62,-3,3
45116,89,94,-5,5
45117,82,86,-4,4
45118,117,105,12,12
45119,69,71,-2,2
45120,123,107,16,16
45121,57,65,-8,8
45122,87,78,9,9
45123,105,106,-1,1
45124,108,108,0,0
45125,76,74,2,2
45126,74,102,-28,28
45127,84,73,11,11
45128,96,99,-3,3
45129,78,80,-2,2
45130,76,89,-13,13
45131,88,100,-12,12
45132,89,96,-7,7
45133,90,99,-9,9
45134,60,60,0,0
45135,53,62,-9,9
45136,67,69,-2,2
45137,89,95,-6,6
45138,149,133,16,16
45139,95,97,-2,2
45140,109,117,-8,8
45141,169,164,5,5
45142,78,75,3,3
45143,122,115,7,7
45144,48,64,-16,16
45145,108,116,-8,8
45146,90,93,-3,3
45147,147,143,4,4
45148,69,67,2,2
45149,112,103,9,9
45150,158,147,11,11
45151,123,130,-7,7
45152,42,62,-20,20
45153,135,124,11,11
45154,148,130,18,18
45155,109,106,3,3
45156,73,64,9,9
45157,88,91,-3,3
45158,90,84,6,6
45159,55,62,-7,7
45160,83,92,-9,9
45161,54,61,-7,7
45162,85,94,-9,9
45163,75,70,5,5
45164,121,119,2,2
45165,65,62,3,3
45166,77,71,6,6
45167,102,100,2,2
45168,104,118,-14,14
45169,67,62,5,5
45170,134,117,17,17
45171,107,101,6,6
45172,87,96,-9,9
45173,168,155,13,13
45174,145,138,7,7
45175,127,129,-2,2
45176,168,148,20,20
45177,113,103,10,10
45178,64,70,-6,6
45179,64,66,-2,2
45180,83,89,-6,6
45181,83,84,-1,1
45182,125,116,9,9
45183,61,60,1,1
45184,40,61,-21,21
45185,57,62,-5,5
45186,153,139,14,14
45187,101,107,-6,6
45188,83,86,-3,3
45189,89,100,-11,11
45190,111,108,3,3
45191,77,77,0,0
45192,127,117,10,10
45193,128,120,8,8
45194,146,129,17,17
45195,49,60,-11,11
45196,49,62,-13,13
45197,57,64,-7,7
45198,89,89,0,0
45199,88,111,-23,23
45200,153,159,-6,6
45201,71,71,0,0
45202,135,134,1,1
45203,109,100,9,9
45204,73,72,1,1
45205,185,169,16,16
45206,69,68,1,1
45207,109,112,-3,3
45208,74,77,-3,3
45209,181,165,16,16
45210,96,99,-3,3
45211,93,109,-16,16
45212,60,63,-3,3
45213,104,107,-3,3
45214,67,61,6,6
45215,89,99,-10,10
45216,128,116,12,12
45217,100,98,2,2
45218,96,98,-2,2
45219,90,85,5,5
45220,68,66,2,2
45221,126,112,14,14
45222,54,62,-8,8
45223,106,107,-1,1
45224,63,66,-3,3
45225,113,98,15,15
45226,45,61,-16,16
45227,98,93,5,5
45228,156,139,17,17
45229,52,61,-9,9
45230,134,117,17,17
45231,74,81,-7,7
45232,102,103,-1,1
45233,100,99,1,1
45234,62,67,-5,5
45235,82,80,2,2
45236,105,96,9,9
45237,69,73,-4,4
45238,124,134,-10,10
45239,118,114,4,4
45240,82,89,-7,7
45241,63,68,-5,5
45242,70,69,1,1
45243,68,66,2,2
45244,121,111,10,10
45245,73,71,2,2
45246,51,61,-10,10
45247,81,79,2,2
45248,146,130,16,16
45249,88,92,-4,4
45250,101,99,2,2
45251,126,133,-7,7
45252,119,118,1,1
45253,113,119,-6,6
45254,172,146,26,26
45255,81,74,7,7
45256,90,92,-2,2
45257,110,118,-8,8
45258,134,133,1,1
45259,37,59,-22,22
45260,62,65,-3,3
45261,65,69,-4,4
45262,52,62,-10,10
45263,76,78,-2,2
45264,116,113,3,3
45265,98,130,-32,32
45266,61,62,-1,1
45267,84,92,-8,8
45268,153,136,17,17
45269,72,64,8,8
45270,77,78,-1,1
45271,86,92,-6,6
45272,99,106,-7,7
45273,124,115,9,9
45274,66,82,-16,16
45275,76,76,0,0
45276,67,61,6,6
45277,133,117,16,16
45278,91,94,-3,3
45279,71,79,-8,8
45280,207,197,10,10
45281,65,65,0,0
45282,97,102,-5,5
45283,131,129,2,2
45284,120,108,12,12
45285,59,63,-4,4
45286,124,120,4,4
45287,74,72,2,2
45288,101,101,0,0
45289,85,94,-9,9
45290,85,90,-5,5
45291,137,123,14,14
45292,76,71,5,5
45293,136,133,3,3
45294,139,134,5,5
45295,49,61,-12,12
45296,136,125,11,11
45297,75,68,7,7
45298,109,107,2,2
45299,53,61,-8,8
45300,110,110,0,0
45301,59,61,-2,2
45302,119,116,3,3
45303,86,84,2,2
45304,139,126,13,13
45305,132,120,12,12
45306,191,175,16,16
45307,87,81,6,6
45308,90,92,-2,2
45309,122,118,4,4
45310,73,64,9,9
45311,122,109,13,13
45312,93,97,-4,4
45313,46,60,-14,14
45314,84,94,-10,10
45315,103,96,7,7
45316,39,61,-22,22
45317,96,103,-7,7
45318,72,70,2,2
45319,146,131,15,15
45320,80,94,-14,14
45321,68,72,-4,4
45322,49,61,-12,12
45323,110,106,4,4
45324,117,117,0,0
45325,121,113,8,8
45326,55,68,-13,13
45327,149,151,-2,2
45328,78,77,1,1
45329,60,66,-6,6
45330,161,153,8,8
45331,95,103,-8,8
45332,75,63,12,12
45333,92,98,-6,6
45334,112,122,-10,10
45335,67,70,-3,3
45336,91,92,-1,1
45337,109,112,-3,3
45338,177,161,16,16
45339,105,110,-5,5
45340,82,76,6,6
45341,89,78,11,11
45342,109,104,5,5
45343,67,85,-18,18
45344,117,132,-15,15
45345,96,99,-3,3
45346,49,62,-13,13
45347,110,103,7,7
45348,57,61,-4,4
45349,118,98,20,20
45350,120,110,10,10
45351,77,82,-5,5
45352,107,97,10,10
45353,60,71,-11,11
45354,70,61,9,9
45355,115,115,0,0
45356,70,74,-4,4
45357,70,61,9,9
45358,96,126,-30,30
45359,72,85,-13,13
45360,72,65,7,7
45361,67,71,-4,4
45362,170,148,22,22
45363,57,62,-5,5
45364,67,63,4,4
45365,85,92,-7,7
45366,95,108,-13,13
45367,119,141,-22,22
45368,84,79,5,5
45369,65,90,-25,25
45370,225,213,12,12
45371,97,100,-3,3
45372,81,85,-4,4
45373,104,103,1,1
45374,23,57,-34,34
45375,75,79,-4,4
45376,115,114,1,1
45377,111,103,8,8
45378,60,63,-3,3
45379,72,73,-1,1
45380,100,100,0,0
45381,85,84,1,1
45382,60,62,-2,2
45383,55,64,-9,9
45384,120,119,1,1
45385,121,124,-3,3
45386,79,77,2,2
45387,89,92,-3,3
45388,127,117,10,10
45389,86,91,-5,5
45390,58,57,1,1
45391,99,93,6,6
45392,126,127,-1,1
45393,53,60,-7,7
45394,55,62,-7,7
45395,107,107,0,0
45396,67,62,5,5
45397,83,95,-12,12
45398,81,91,-10,10
45399,92,92,0,0
45400,109,105,4,4
45401,148,140,8,8
45402,115,118,-3,3
45403,124,115,9,9
45404,103,106,-3,3
45405,122,124,-2,2
45406,104,107,-3,3
45407,58,58,0,0
45408,68,68,0,0
45409,83,93,-10,10
45410,51,65,-14,14
45411,84,85,-1,1
45412,129,133,-4,4
45413,64,67,-3,3
45414,150,136,14,14
45415,48,60,-12,12
45416,67,61,6,6
45417,72,74,-2,2
45418,101,99,2,2
45419,68,66,2,2
45420,135,125,10,10
45421,98,103,-5,5
45422,73,70,3,3
45423,93,101,-8,8
45424,161,150,11,11
45425,58,61,-3,3
45426,125,124,1,1
45427,91,98,-7,7
45428,82,78,4,4
45429,82,91,-9,9
45430,89,107,-18,18
45431,45,61,-16,16
45432,56,137,-81,81
45433,152,173,-21,21
45434,110,103,7,7
45435,81,76,5,5
45436,43,61,-18,18
45437,154,155,-1,1
45438,82,75,7,7
45439,104,106,-2,2
45440,78,91,-13,13
45441,130,118,12,12
45442,66,81,-15,15
45443,86,93,-7,7
45444,98,105,-7,7
45445,106,107,-1,1
45446,78,86,-8,8
45447,89,82,7,7
45448,84,90,-6,6
45449,111,105,6,6
45450,73,74,-1,1
45451,115,138,-23,23
45452,174,168,6,6
45453,87,79,8,8
45454,102,102,0,0
45455,77,68,9,9
45456,37,62,-25,25
45457,131,125,6,6
45458,104,104,0,0
45459,109,139,-30,30
45460,89,89,0,0
45461,108,105,3,3
45462,158,142,16,16
45463,69,68,1,1
45464,89,82,7,7
45465,42,62,-20,20
45466,97,84,13,13
45467,70,78,-8,8
45468,116,112,4,4
45469,138,144,-6,6
45470,110,109,1,1
45471,105,98,7,7
45472,51,59,-8,8
45473,94,101,-7,7
45474,75,71,4,4
45475,129,133,-4,4
45476,88,84,4,4
45477,100,95,5,5
45478,79,78,1,1
45479,176,165,11,11
45480,86,82,4,4
45481,88,99,-11,11
45482,105,113,-8,8
45483,140,126,14,14
45484,72,70,2,2
45485,111,116,-5,5
45486,105,98,7,7
45487,191,171,20,20
45488,120,116,4,4
45489,99,105,-6,6
45490,45,61,-16,16
45491,94,93,1,1
45492,80,93,-13,13
45493,85,87,-2,2
45494,74,66,8,8
45495,78,82,-4,4
45496,131,117,14,14
45497,95,97,-2,2
45498,59,62,-3,3
45499,72,63,9,9
45500,108,111,-3,3
45501,71,74,-3,3
45502,74,68,6,6
45503,134,136,-2,2
45504,101,105,-4,4
45505,68,65,3,3
45506,127,126,1,1
45507,195,162,33,33
45508,73,71,2,2
45509,77,75,2,2
45510,79,69,10,10
45511,59,61,-2,2
45512,115,103,12,12
45513,79,81,-2,2
45514,91,93,-2,2
45515,82,78,4,4
45516,72,70,2,2
45517,63,69,-6,6
45518,89,94,-5,5
45519,69,75,-6,6
45520,62,97,-35,35
45521,45,62,-17,17
45522,87,95,-8,8
45523,75,87,-12,12
45524,105,104,1,1
45525,93,101,-8,8
45526,104,101,3,3
45527,86,94,-8,8
45528,159,151,8,8
45529,93,89,4,4
45530,112,110,2,2
45531,120,116,4,4
45532,62,62,0,0
45533,108,105,3,3
45534,124,122,2,2
45535,167,145,22,22
45536,163,158,5,5
45537,113,108,5,5
45538,98,93,5,5
45539,64,71,-7,7
45540,120,112,8,8
45541,52,62,-10,10
45542,42,62,-20,20
45543,131,134,-3,3
45544,95,86,9,9
45545,85,90,-5,5
45546,71,67,4,4
45547,116,108,8,8
45548,91,86,5,5
45549,94,94,0,0
45550,52,61,-9,9
45551,84,105,-21,21
45552,61,61,0,0
45553,101,104,-3,3
45554,97,97,0,0
45555,96,102,-6,6
45556,141,139,2,2
45557,124,114,10,10
45558,72,74,-2,2
45559,79,128,-49,49
45560,155,152,3,3
45561,112,119,-7,7
45562,63,63,0,0
45563,73,78,-5,5
45564,67,69,-2,2
45565,61,63,-2,2
45566,114,112,2,2
45567,33,61,-28,28
45568,64,65,-1,1
45569,79,76,3,3
45570,149,153,-4,4
45571,97,97,0,0
45572,84,87,-3,3
45573,134,134,0,0
45574,85,96,-11,11
45575,123,112,11,11
45576,97,106,-9,9
45577,69,66,3,3
45578,116,104,12,12
45579,92,88,4,4
45580,125,122,3,3
45581,103,97,6,6
45582,99,91,8,8
45583,154,153,1,1
45584,102,100,2,2
45585,53,61,-8,8
45586,104,108,-4,4
45587,218,182,36,36
45588,57,62,-5,5
45589,154,157,-3,3
45590,141,140,1,1
45591,113,119,-6,6
45592,69,70,-1,1
45593,87,102,-15,15
45594,126,119,7,7
45595,99,103,-4,4
45596,85,92,-7,7
45597,78,91,-13,13
45598,85,71,14,14
45599,77,71,6,6
45600,97,98,-1,1
45601,67,76,-9,9
45602,114,107,7,7
45603,130,134,-4,4
45604,127,120,7,7
45605,66,64,2,2
45606,74,82,-8,8
45607,117,117,0,0
45608,57,62,-5,5
45609,169,155,14,14
45610,79,85,-6,6
45611,122,132,-10,10
45612,117,116,1,1
45613,82,87,-5,5
45614,119,112,7,7
45615,105,104,1,1
45616,121,110,11,11
45617,107,107,0,0
45618,63,65,-2,2
45619,76,77,-1,1
45620,141,141,0,0
45621,76,77,-1,1
45622,189,203,-14,14
45623,78,79,-1,1
45624,105,115,-10,10
45625,69,67,2,2
45626,95,106,-11,11
45627,55,62,-7,7
45628,85,75,10,10
45629,62,64,-2,2
45630,72,70,2,2
45631,91,92,-1,1
45632,78,94,-16,16
45633,69,64,5,5
45634,58,62,-4,4
45635,104,99,5,5
45636,90,95,-5,5
45637,45,57,-12,12
45638,109,108,1,1
45639,174,173,1,1
45640,102,111,-9,9
45641,72,76,-4,4
45642,93,97,-4,4
45643,88,115,-27,27
45644,147,131,16,16
45645,116,111,5,5
45646,71,97,-26,26
45647,59,64,-5,5
45648,110,106,4,4
45649,112,105,7,7
45650,67,59,8,8
45651,63,65,-2,2
45652,99,87,12,12
45653,71,68,3,3
45654,61,68,-7,7
45655,145,178,-33,33
45656,59,64,-5,5
45657,91,98,-7,7
45658,97,99,-2,2
45659,67,67,0,0
45660,75,69,6,6
45661,107,95,12,12
45662,47,62,-15,15
45663,111,124,-13,13
45664,122,113,9,9
45665,145,135,10,10
45666,133,117,16,16
45667,90,93,-3,3
45668,153,142,11,11
45669,83,72,11,11
45670,44,62,-18,18
45671,64,66,-2,2
45672,74,84,-10,10
45673,98,100,-2,2
45674,117,113,4,4
45675,83,92,-9,9
45676,52,62,-10,10
45677,74,77,-3,3
45678,128,121,7,7
45679,75,73,2,2
45680,71,70,1,1
45681,72,69,3,3
45682,80,79,1,1
45683,98,96,2,2
45684,138,133,5,5
45685,161,149,12,12
45686,152,148,4,4
45687,117,109,8,8
45688,96,104,-8,8
45689,76,79,-3,3
45690,150,145,5,5
45691,71,72,-1,1
45692,127,128,-1,1
45693,93,97,-4,4
45694,116,115,1,1
45695,128,118,10,10
45696,47,62,-15,15
45697,53,62,-9,9
45698,173,163,10,10
45699,84,101,-17,17
45700,74,70,4,4
45701,40,61,-21,21
45702,125,105,20,20
45703,100,108,-8,8
45704,62,64,-2,2
45705,120,109,11,11
45706,163,134,29,29
45707,111,108,3,3
45708,62,76,-14,14
45709,104,110,-6,6
45710,96,93,3,3
45711,71,66,5,5
45712,94,103,-9,9
45713,109,107,2,2
45714,46,62,-16,16
45715,94,95,-1,1
45716,52,61,-9,9
45717,88,84,4,4
45718,68,73,-5,5
45719,193,198,-5,5
45720,137,128,9,9
45721,109,108,1,1
45722,97,112,-15,15
45723,114,104,10,10
45724,90,92,-2,2
45725,57,86,-29,29
45726,119,111,8,8
45727,157,146,11,11
45728,86,81,5,5
45729,108,104,4,4
45730,82,86,-4,4
45731,111,105,6,6
45732,110,105,5,5
45733,108,142,-34,34
45734,92,87,5,5
45735,38,62,-24,24
45736,92,95,-3,3
45737,92,92,0,0
45738,68,59,9,9
45739,74,89,-15,15
45740,83,95,-12,12
45741,106,97,9,9
45742,86,93,-7,7
45743,78,71,7,7
45744,155,154,1,1
45745,116,115,1,1
45746,129,108,21,21
45747,99,98,1,1
45748,114,105,9,9
45749,103,97,6,6
45750,82,71,11,11
45751,50,61,-11,11
45752,86,90,-4,4
45753,82,81,1,1
45754,82,96,-14,14
45755,50,76,-26,26
45756,88,73,15,15
45757,86,84,2,2
45758,103,99,4,4
45759,60,64,-4,4
45760,68,66,2,2
45761,86,78,8,8
45762,85,82,3,3
45763,80,74,6,6
45764,58,67,-9,9
45765,63,82,-19,19
45766,117,118,-1,1
45767,97,107,-10,10
45768,59,62,-3,3
45769,66,69,-3,3
45770,121,118,3,3
45771,77,70,7,7
45772,47,62,-15,15
45773,61,66,-5,5
45774,128,121,7,7
45775,225,208,17,17
45776,145,130,15,15
45777,125,135,-10,10
45778,40,59,-19,19
45779,94,91,3,3
45780,103,102,1,1
45781,137,125,12,12
45782,151,137,14,14
45783,98,101,-3,3
45784,115,110,5,5
45785,77,72,5,5
45786,75,112,-37,37
45787,75,90,-15,15
45788,117,108,9,9
45789,133,128,5,5
45790,89,103,-14,14
45791,92,99,-7,7
45792,66,63,3,3
45793,26,62,-36,36
45794,135,121,14,14
45795,82,93,-11,11
45796,44,61,-17,17
45797,79,58,21,21
45798,135,136,-1,1
45799,122,127,-5,5
45800,177,168,9,9
45801,93,94,-1,1
45802,54,61,-7,7
45803,104,114,-10,10
45804,69,63,6,6
45805,64,67,-3,3
45806,113,119,-6,6
45807,69,65,4,4
45808,127,127,0,0
45809,115,111,4,4
45810,75,77,-2,2
45811,81,79,2,2
45812,35,62,-27,27
45813,120,119,1,1
45814,86,85,1,1
45815,111,105,6,6
45816,149,129,20,20
45817,86,89,-3,3
45818,122,114,8,8
45819,80,94,-14,14
45820,91,89,2,2
45821,106,104,2,2
45822,30,55,-25,25
45823,84,86,-2,2
45824,159,125,34,34
45825,76,88,-12,12
45826,73,72,1,1
45827,78,80,-2,2
45828,271,245,26,26
45829,138,136,2,2
45830,72,77,-5,5
45831,77,70,7,7
45832,94,95,-1,1
45833,101,101,0,0
45834,72,74,-2,2
45835,101,106,-5,5
45836,120,120,0,0
45837,159,154,5,5
45838,78,79,-1,1
45839,78,87,-9,9
45840,106,104,2,2
45841,87,97,-10,10
45842,62,63,-1,1
45843,106,110,-4,4
45844,127,134,-7,7
45845,101,103,-2,2
45846,56,63,-7,7
45847,41,60,-19,19
45848,83,89,-6,6
45849,128,123,5,5
45850,86,77,9,9
45851,82,91,-9,9
45852,104,103,1,1
45853,116,131,-15,15
45854,115,126,-11,11
45855,81,103,-22,22
45856,82,102,-20,20
45857,88,88,0,0
45858,115,113,2,2
45859,170,162,8,8
45860,110,109,1,1
45861,228,195,33,33
45862,161,139,22,22
45863,72,72,0,0
45864,171,147,24,24
45865,117,107,10,10
45866,116,115,1,1
45867,60,62,-2,2
45868,113,116,-3,3
45869,121,114,7,7
45870,41,61,-20,20
45871,98,96,2,2
45872,83,83,0,0
45873,56,62,-6,6
45874,107,102,5,5
45875,90,82,8,8
45876,91,97,-6,6
45877,68,74,-6,6
45878,131,122,9,9
45879,95,96,-1,1
45880,93,92,1,1
45881,99,99,0,0
45882,195,170,25,25
45883,124,113,11,11
45884,124,115,9,9
45885,44,81,-37,37
45886,63,60,3,3
45887,175,158,17,17
45888,127,113,14,14
45889,113,114,-1,1
45890,118,101,17,17
45891,99,106,-7,7
45892,89,89,0,0
45893,64,68,-4,4
45894,73,73,0,0
45895,104,102,2,2
45896,50,59,-9,9
45897,94,82,12,12
45898,115,112,3,3
45899,91,95,-4,4
45900,80,72,8,8
45901,81,91,-10,10
45902,80,89,-9,9
45903,100,97,3,3
45904,123,122,1,1
45905,89,91,-2,2
45906,71,69,2,2
45907,162,134,28,28
45908,152,131,21,21
45909,69,70,-1,1
45910,81,94,-13,13
45911,71,73,-2,2
45912,90,92,-2,2
45913,104,100,4,4
45914,106,98,8,8
45915,66,66,0,0
45916,66,61,5,5
45917,79,95,-16,16
45918,45,62,-17,17
45919,89,86,3,3
45920,105,94,11,11
45921,59,61,-2,2
45922,103,98,5,5
45923,116,121,-5,5
45924,93,94,-1,1
45925,116,138,-22,22
45926,133,120,13,13
45927,86,85,1,1
45928,86,77,9,9
45929,65,71,-6,6
45930,139,129,10,10
45931,117,118,-1,1
45932,67,66,1,1
45933,119,103,16,16
45934,81,104,-23,23
45935,127,126,1,1
45936,142,132,10,10
45937,87,90,-3,3
45938,70,66,4,4
45939,79,83,-4,4
45940,119,117,2,2
45941,73,69,4,4
45942,72,64,8,8
45943,87,94,-7,7
45944,108,104,4,4
45945,120,117,3,3
45946,82,79,3,3
45947,97,102,-5,5
45948,73,81,-8,8
45949,69,64,5,5
45950,96,98,-2,2
45951,44,63,-19,19
45952,104,101,3,3
45953,68,72,-4,4
45954,108,84,24,24
45955,81,88,-7,7
45956,124,117,7,7
45957,91,86,5,5
45958,116,130,-14,14
45959,41,62,-21,21
45960,93,97,-4,4
45961,100,103,-3,3
45962,70,84,-14,14
45963,82,83,-1,1
45964,124,110,14,14
45965,168,149,19,19
45966,81,77,4,4
45967,124,127,-3,3
45968,74,71,3,3
45969,191,171,20,20
45970,99,106,-7,7
45971,72,76,-4,4
45972,92,102,-10,10
45973,122,120,2,2
45974,104,99,5,5
45975,93,92,1,1
45976,50,62,-12,12
45977,79,90,-11,11
45978,86,89,-3,3
45979,147,154,-7,7
45980,129,137,-8,8
45981,135,139,-4,4
45982,124,108,16,16
45983,91,94,-3,3
45984,80,93,-13,13
45985,150,151,-1,1
45986,113,108,5,5
45987,74,65,9,9
45988,165,144,21,21
45989,105,96,9,9
45990,49,61,-12,12
45991,96,105,-9,9
45992,115,121,-6,6
45993,132,128,4,4
45994,111,103,8,8
45995,44,146,-102,102
45996,98,92,6,6
45997,52,61,-9,9
45998,78,85,-7,7
45999,71,79,-8,8
46000,30,62,-32,32
46001,116,117,-1,1
46002,128,148,-20,20
46003,75,89,-14,14
46004,47,62,-15,15
46005,89,101,-12,12
46006,88,77,11,11
46007,102,101,1,1
46008,48,62,-14,14
46009,59,61,-2,2
46010,131,122,9,9
46011,71,70,1,1
46012,81,91,-10,10
46013,110,108,2,2
46014,154,141,13,13
46015,120,123,-3,3
46016,155,135,20,20
46017,109,105,4,4
46018,71,81,-10,10
46019,81,98,-17,17
46020,58,62,-4,4
46021,69,82,-13,13
46022,134,122,12,12
46023,99,102,-3,3
46024,71,71,0,0
46025,99,98,1,1
46026,76,78,-2,2
46027,98,92,6,6
46028,68,65,3,3
46029,105,98,7,7
46030,109,104,5,5
46031,143,161,-18,18
46032,112,105,7,7
46033,82,104,-22,22
46034,59,63,-4,4
46035,170,152,18,18
46036,84,93,-9,9
46037,84,98,-14,14
46038,97,100,-3,3
46039,241,210,31,31
46040,216,187,29,29
46041,121,117,4,4
46042,72,67,5,5
46043,61,63,-2,2
46044,76,76,0,0
46045,140,136,4,4
46046,101,97,4,4
46047,92,90,2,2
46048,65,62,3,3
46049,62,65,-3,3
46050,62,66,-4,4
46051,172,146,26,26
46052,82,81,1,1
46053,118,118,0,0
46054,99,97,2,2
46055,121,116,5,5
46056,108,105,3,3
46057,96,80,16,16
46058,145,150,-5,5
46059,111,138,-27,27
46060,46,62,-16,16
46061,74,66,8,8
46062,96,97,-1,1
46063,60,62,-2,2
46064,110,132,-22,22
46065,78,87,-9,9
46066,114,99,15,15
46067,154,160,-6,6
46068,165,148,17,17
46069,42,63,-21,21
46070,91,89,2,2
46071,100,103,-3,3
46072,110,94,16,16
46073,67,74,-7,7
46074,68,71,-3,3
46075,137,113,24,24
46076,87,93,-6,6
46077,93,86,7,7
46078,86,90,-4,4
46079,200,196,4,4
46080,119,113,6,6
46081,176,159,17,17
46082,75,75,0,0
46083,125,135,-10,10
46084,74,82,-8,8
46085,102,96,6,6
46086,53,61,-8,8
46087,107,101,6,6
46088,95,97,-2,2
46089,120,120,0,0
46090,88,93,-5,5
46091,66,76,-10,10
46092,94,94,0,0
46093,137,135,2,2
46094,67,80,-13,13
46095,83,78,5,5
46096,56,63,-7,7
46097,139,123,16,16
46098,100,95,5,5
46099,78,93,-15,15
46100,103,97,6,6
46101,59,68,-9,9
46102,47,61,-14,14
46103,65,61,4,4
46104,112,103,9,9
46105,132,115,17,17
46106,82,94,-12,12
46107,118,115,3,3
46108,109,100,9,9
46109,91,91,0,0
46110,67,68,-1,1
46111,83,88,-5,5
46112,79,80,-1,1
46113,26,59,-33,33
46114,44,62,-18,18
46115,71,78,-7,7
46116,86,85,1,1
46117,77,75,2,2
46118,53,57,-4,4
46119,98,94,4,4
46120,144,130,14,14
46121,89,87,2,2
46122,67,68,-1,1
46123,147,131,16,16
46124,127,126,1,1
46125,85,88,-3,3
46126,66,62,4,4
46127,89,85,4,4
46128,89,95,-6,6
46129,75,72,3,3
46130,72,69,3,3
46131,101,102,-1,1
46132,126,109,17,17
46133,62,60,2,2
46134,83,86,-3,3
46135,151,140,11,11
46136,102,116,-14,14
46137,215,199,16,16
46138,149,135,14,14
46139,133,123,10,10
46140,90,89,1,1
46141,100,83,17,17
46142,57,62,-5,5
46143,61,65,-4,4
46144,41,62,-21,21
46145,137,125,12,12
46146,164,149,15,15
46147,242,225,17,17
46148,99,99,0,0
46149,51,61,-10,10
46150,68,67,1,1
46151,78,71,7,7
46152,120,113,7,7
46153,87,91,-4,4
46154,105,99,6,6
46155,112,106,6,6
46156,87,94,-7,7
46157,88,91,-3,3
46158,71,68,3,3
46159,125,119,6,6
46160,73,76,-3,3
46161,108,108,0,0
46162,76,76,0,0
46163,45,61,-16,16
46164,100,101,-1,1
46165,76,76,0,0
46166,158,156,2,2
46167,92,96,-4,4
46168,77,84,-7,7
46169,44,61,-17,17
46170,115,116,-1,1
46171,85,95,-10,10
46172,109,106,3,3
46173,89,94,-5,5
46174,39,58,-19,19
46175,66,70,-4,4
46176,62,67,-5,5
46177,89,95,-6,6
46178,130,130,0,0
46179,92,92,0,0
46180,138,119,19,19
46181,118,109,9,9
46182,219,244,-25,25
46183,104,107,-3,3
46184,94,100,-6,6
46185,100,89,11,11
46186,54,62,-8,8
46187,153,138,15,15
46188,84,87,-3,3
46189,91,103,-12,12
46190,46,62,-16,16
46191,53,65,-12,12
46192,77,69,8,8
46193,80,71,9,9
46194,138,123,15,15
46195,80,74,6,6
46196,138,123,15,15
46197,141,131,10,10
46198,91,91,0,0
46199,176,157,19,19
46200,117,117,0,0
46201,69,79,-10,10
46202,108,113,-5,5
46203,101,96,5,5
46204,135,124,11,11
46205,115,113,2,2
46206,102,108,-6,6
46207,56,66,-10,10
46208,96,99,-3,3
46209,69,66,3,3
46210,106,111,-5,5
46211,151,148,3,3
46212,110,105,5,5
46213,112,123,-11,11
46214,134,122,12,12
46215,65,64,1,1
46216,66,65,1,1
46217,97,100,-3,3
46218,109,110,-1,1
46219,141,130,11,11
46220,78,99,-21,21
46221,94,109,-15,15
46222,64,68,-4,4
46223,47,62,-15,15
46224,79,80,-1,1
46225,104,107,-3,3
46226,39,56,-17,17
46227,62,68,-6,6
46228,123,118,5,5
46229,144,127,17,17
46230,108,112,-4,4
46231,183,151,32,32
46232,85,90,-5,5
46233,49,62,-13,13
46234,40,62,-22,22
46235,27,61,-34,34
46236,107,108,-1,1
46237,135,139,-4,4
46238,129,117,12,12
46239,77,72,5,5
46240,61,66,-5,5
46241,58,69,-11,11
46242,144,132,12,12
46243,53,61,-8,8
46244,95,102,-7,7
46245,82,72,10,10
46246,73,78,-5,5
46247,174,169,5,5
46248,101,97,4,4
46249,100,136,-36,36
46250,81,70,11,11
46251,94,95,-1,1
46252,76,80,-4,4
46253,70,75,-5,5
46254,100,103,-3,3
46255,79,78,1,1
46256,83,81,2,2
46257,90,94,-4,4
46258,136,131,5,5
46259,61,66,-5,5
46260,106,107,-1,1
46261,90,93,-3,3
46262,32,62,-30,30
46263,100,108,-8,8
46264,74,65,9,9
46265,62,65,-3,3
46266,101,97,4,4
46267,104,97,7,7
46268,94,86,8,8
46269,95,105,-10,10
46270,134,132,2,2
46271,134,129,5,5
46272,77,70,7,7
46273,80,99,-19,19
46274,90,92,-2,2
46275,128,113,15,15
46276,108,116,-8,8
46277,64,72,-8,8
46278,44,58,-14,14
46279,115,108,7,7
46280,49,63,-14,14
46281,64,82,-18,18
46282,64,64,0,0
46283,128,119,9,9
46284,69,72,-3,3
46285,73,67,6,6
46286,38,61,-23,23
46287,71,70,1,1
46288,94,99,-5,5
46289,89,95,-6,6
46290,63,65,-2,2
46291,116,106,10,10
46292,83,88,-5,5
46293,38,62,-24,24
46294,57,60,-3,3
46295,84,89,-5,5
46296,552,477,75,75
46297,75,70,5,5
46298,70,74,-4,4
46299,90,104,-14,14
46300,181,191,-10,10
46301,109,117,-8,8
46302,99,108,-9,9
46303,99,100,-1,1
46304,73,70,3,3
46305,71,73,-2,2
46306,125,124,1,1
46307,142,136,6,6
46308,125,119,6,6
46309,99,97,2,2
46310,127,123,4,4
46311,134,118,16,16
46312,87,84,3,3
46313,99,106,-7,7
46314,116,121,-5,5
46315,57,63,-6,6
46316,160,149,11,11
46317,104,99,5,5
46318,106,106,0,0
46319,82,91,-9,9
46320,149,135,14,14
46321,122,126,-4,4
46322,46,61,-15,15
46323,44,61,-17,17
46324,47,62,-15,15
46325,46,67,-21,21
46326,103,107,-4,4
46327,118,115,3,3
46328,62,63,-1,1
46329,61,67,-6,6
46330,90,96,-6,6
46331,87,79,8,8
46332,163,151,12,12
46333,108,111,-3,3
46334,68,73,-5,5
46335,128,118,10,10
46336,132,151,-19,19
46337,48,63,-15,15
46338,66,65,1,1
46339,62,69,-7,7
46340,77,87,-10,10
46341,47,62,-15,15
46342,124,114,10,10
46343,95,104,-9,9
46344,65,61,4,4
46345,70,73,-3,3
46346,133,125,8,8
46347,98,102,-4,4
46348,138,144,-6,6
46349,93,96,-3,3
46350,136,125,11,11
46351,119,116,3,3
46352,102,110,-8,8
46353,106,122,-16,16
46354,75,75,0,0
46355,58,61,-3,3
46356,130,115,15,15
46357,85,92,-7,7
46358,102,111,-9,9
46359,66,67,-1,1
46360,83,101,-18,18
46361,85,91,-6,6
46362,122,115,7,7
46363,107,111,-4,4
46364,68,75,-7,7
46365,58,61,-3,3
46366,87,83,4,4
46367,67,72,-5,5
46368,74,79,-5,5
46369,68,64,4,4
46370,104,98,6,6
46371,158,150,8,8
46372,131,119,12,12
46373,103,105,-2,2
46374,109,110,-1,1
46375,64,64,0,0
46376,123,111,12,12
46377,111,103,8,8
46378,38,62,-24,24
46379,59,61,-2,2
46380,46,60,-14,14
46381,101,108,-7,7
46382,149,137,12,12
46383,116,110,6,6
46384,62,83,-21,21
46385,78,86,-8,8
46386,92,92,0,0
46387,109,105,4,4
46388,94,98,-4,4
46389,107,113,-6,6
46390,75,85,-10,10
46391,64,70,-6,6
46392,30,63,-33,33
46393,127,123,4,4
46394,67,67,0,0
46395,109,109,0,0
46396,187,163,24,24
46397,90,95,-5,5
46398,123,116,7,7
46399,72,70,2,2
46400,124,119,5,5
46401,110,112,-2,2
46402,108,111,-3,3
46403,65,67,-2,2
46404,116,120,-4,4
46405,77,94,-17,17
46406,40,62,-22,22
46407,108,109,-1,1
46408,159,147,12,12
46409,60,64,-4,4
46410,116,105,11,11
46411,124,133,-9,9
46412,94,98,-4,4
46413,90,83,7,7
46414,30,61,-31,31
46415,89,93,-4,4
46416,89,83,6,6
46417,111,118,-7,7
46418,84,93,-9,9
46419,49,62,-13,13
46420,75,62,13,13
46421,136,116,20,20
46422,41,143,-102,102
46423,72,69,3,3
46424,173,157,16,16
46425,70,79,-9,9
46426,90,94,-4,4
46427,153,148,5,5
46428,138,141,-3,3
46429,147,138,9,9
46430,116,127,-11,11
46431,148,137,11,11
46432,117,114,3,3
46433,103,102,1,1
46434,123,118,5,5
46435,151,136,15,15
46436,126,123,3,3
46437,105,113,-8,8
46438,111,115,-4,4
46439,71,62,9,9
46440,99,115,-16,16
46441,59,69,-10,10
46442,104,100,4,4
46443,60,61,-1,1
46444,88,98,-10,10
46445,63,61,2,2
46446,186,169,17,17
46447,97,96,1,1
46448,128,118,10,10
46449,162,143,19,19
46450,74,71,3,3
46451,92,88,4,4
46452,153,140,13,13
46453,97,98,-1,1
46454,116,113,3,3
46455,161,130,31,31
46456,73,79,-6,6
46457,107,106,1,1
46458,112,123,-11,11
46459,89,90,-1,1
46460,92,94,-2,2
46461,83,82,1,1
46462,108,116,-8,8
46463,108,114,-6,6
46464,49,62,-13,13
46465,64,64,0,0
46466,109,115,-6,6
46467,52,62,-10,10
46468,139,135,4,4
46469,90,92,-2,2
46470,90,93,-3,3
46471,70,74,-4,4
46472,97,103,-6,6
46473,56,61,-5,5
46474,64,77,-13,13
46475,67,64,3,3
46476,48,62,-14,14
46477,69,65,4,4
46478,93,97,-4,4
46479,144,133,11,11
46480,145,147,-2,2
46481,142,147,-5,5
46482,150,144,6,6
46483,58,60,-2,2
46484,120,109,11,11
46485,102,100,2,2
46486,142,143,-1,1
46487,100,103,-3,3
46488,125,122,3,3
46489,84,106,-22,22
46490,123,119,4,4
46491,145,148,-3,3
46492,86,93,-7,7
46493,73,73,0,0
46494,97,97,0,0
46495,57,60,-3,3
46496,122,118,4,4
46497,71,63,8,8
46498,99,103,-4,4
46499,83,74,9,9
46500,165,148,17,17
46501,193,167,26,26
46502,104,100,4,4
46503,110,125,-15,15
46504,65,69,-4,4
46505,72,76,-4,4
46506,76,76,0,0
46507,173,163,10,10
46508,76,92,-16,16
46509,95,95,0,0
46510,96,95,1,1
46511,82,77,5,5
46512,91,101,-10,10
46513,88,86,2,2
46514,104,106,-2,2
46515,114,119,-5,5
46516,109,104,5,5
46517,74,72,2,2
46518,137,128,9,9
46519,93,93,0,0
46520,88,93,-5,5
46521,55,68,-13,13
46522,72,74,-2,2
46523,71,103,-32,32
46524,110,102,8,8
46525,114,112,2,2
46526,128,131,-3,3
46527,65,94,-29,29
46528,114,116,-2,2
46529,97,94,3,3
46530,117,144,-27,27
46531,72,77,-5,5
46532,92,91,1,1
46533,64,63,1,1
46534,125,126,-1,1
46535,99,100,-1,1
46536,56,65,-9,9
46537,54,62,-8,8
46538,122,118,4,4
46539,178,170,8,8
46540,179,162,17,17
46541,80,73,7,7
46542,109,105,4,4
46543,83,90,-7,7
46544,103,98,5,5
46545,61,65,-4,4
46546,125,116,9,9
46547,96,94,2,2
46548,96,118,-22,22
46549,97,96,1,1
46550,108,96,12,12
46551,89,95,-6,6
46552,55,62,-7,7
46553,87,126,-39,39
46554,49,61,-12,12
46555,94,97,-3,3
46556,93,117,-24,24
46557,75,76,-1,1
46558,65,68,-3,3
46559,52,61,-9,9
46560,83,83,0,0
46561,123,104,19,19
46562,92,92,0,0
46563,74,82,-8,8
46564,109,101,8,8
46565,52,62,-10,10
46566,76,67,9,9
46567,116,109,7,7
46568,83,78,5,5
46569,82,80,2,2
46570,144,134,10,10
46571,35,61,-26,26
46572,155,146,9,9
46573,136,125,11,11
46574,123,121,2,2
46575,81,79,2,2
46576,66,72,-6,6
46577,131,119,12,12
46578,133,117,16,16
46579,71,70,1,1
46580,82,83,-1,1
46581,82,89,-7,7
46582,42,62,-20,20
46583,137,143,-6,6
46584,140,160,-20,20
46585,58,66,-8,8
46586,117,104,13,13
46587,69,83,-14,14
46588,85,92,-7,7
46589,52,63,-11,11
46590,87,98,-11,11
46591,135,138,-3,3
46592,64,66,-2,2
46593,129,108,21,21
46594,190,180,10,10
46595,68,70,-2,2
46596,82,75,7,7
46597,75,77,-2,2
46598,149,129,20,20
46599,84,83,1,1
46600,54,62,-8,8
46601,98,97,1,1
46602,99,91,8,8
46603,125,121,4,4
46604,86,93,-7,7
46605,95,96,-1,1
46606,75,80,-5,5
46607,80,77,3,3
46608,118,115,3,3
46609,91,83,8,8
46610,106,99,7,7
46611,85,96,-11,11
46612,153,149,4,4
46613,103,104,-1,1
46614,159,154,5,5
46615,69,67,2,2
46616,166,147,19,19
46617,109,105,4,4
46618,133,120,13,13
46619,191,167,24,24
46620,113,98,15,15
46621,124,113,11,11
46622,139,131,8,8
46623,88,96,-8,8
46624,43,119,-76,76
46625,71,75,-4,4
46626,116,112,4,4
46627,115,106,9,9
46628,118,118,0,0
46629,62,63,-1,1
46630,106,111,-5,5
46631,116,130,-14,14
46632,137,124,13,13
46633,201,168,33,33
46634,53,62,-9,9
46635,73,77,-4,4
46636,46,62,-16,16
46637,90,92,-2,2
46638,126,125,1,1
46639,113,111,2,2
46640,80,69,11,11
46641,102,96,6,6
46642,161,139,22,22
46643,103,104,-1,1
46644,119,127,-8,8
46645,54,62,-8,8
46646,159,141,18,18
46647,87,80,7,7
46648,59,62,-3,3
46649,59,64,-5,5
46650,90,92,-2,2
46651,59,63,-4,4
46652,104,98,6,6
46653,131,128,3,3
46654,60,62,-2,2
46655,68,61,7,7
46656,86,86,0,0
46657,88,89,-1,1
46658,146,137,9,9
46659,62,61,1,1
46660,152,144,8,8
46661,104,102,2,2
46662,67,63,4,4
46663,102,104,-2,2
46664,96,100,-4,4
46665,99,110,-11,11
46666,99,104,-5,5
46667,76,85,-9,9
46668,97,100,-3,3
46669,83,93,-10,10
46670,112,115,-3,3
46671,63,65,-2,2
46672,136,139,-3,3
46673,74,78,-4,4
46674,172,144,28,28
46675,136,119,17,17
46676,120,123,-3,3
46677,116,115,1,1
46678,126,119,7,7
46679,114,106,8,8
46680,72,74,-2,2
46681,104,103,1,1
46682,147,147,0,0
46683,103,106,-3,3
46684,81,69,12,12
46685,80,85,-5,5
46686,101,101,0,0
46687,125,111,14,14
46688,92,106,-14,14
46689,84,86,-2,2
46690,80,111,-31,31
46691,150,141,9,9
46692,61,64,-3,3
46693,112,108,4,4
46694,112,106,6,6
46695,67,63,4,4
46696,137,127,10,10
46697,58,60,-2,2
46698,105,101,4,4
46699,88,96,-8,8
46700,76,70,6,6
46701,88,90,-2,2
46702,108,112,-4,4
46703,97,95,2,2
46704,141,139,2,2
46705,64,83,-19,19
46706,51,63,-12,12
46707,101,93,8,8
46708,158,152,6,6
46709,97,97,0,0
46710,79,85,-6,6
46711,69,67,2,2
46712,97,105,-8,8
46713,90,95,-5,5
46714,85,94,-9,9
46715,90,91,-1,1
46716,120,113,7,7
46717,61,63,-2,2
46718,145,142,3,3
46719,77,79,-2,2
46720,49,62,-13,13
46721,81,86,-5,5
46722,70,70,0,0
46723,107,100,7,7
46724,87,86,1,1
46725,66,66,0,0
46726,108,109,-1,1
46727,86,80,6,6
46728,68,67,1,1
46729,84,72,12,12
46730,72,76,-4,4
46731,67,71,-4,4
46732,73,73,0,0
46733,81,83,-2,2
46734,65,62,3,3
46735,130,112,18,18
46736,47,61,-14,14
46737,117,115,2,2
46738,141,128,13,13
46739,204,183,21,21
46740,85,86,-1,1
46741,116,120,-4,4
46742,118,108,10,10
46743,110,110,0,0
46744,100,97,3,3
46745,93,98,-5,5
46746,53,61,-8,8
46747,86,81,5,5
46748,70,70,0,0
46749,80,80,0,0
46750,146,143,3,3
46751,72,70,2,2
46752,154,147,7,7
46753,206,195,11,11
46754,72,75,-3,3
46755,141,131,10,10
46756,83,104,-21,21
46757,141,142,-1,1
46758,97,106,-9,9
46759,137,126,11,11
46760,124,124,0,0
46761,84,89,-5,5
46762,102,116,-14,14
46763,22,58,-36,36
46764,97,100,-3,3
46765,59,63,-4,4
46766,124,126,-2,2
46767,198,186,12,12
46768,93,82,11,11
46769,96,96,0,0
46770,99,98,1,1
46771,191,153,38,38
46772,88,88,0,0
46773,88,83,5,5
46774,114,114,0,0
46775,85,97,-12,12
46776,85,69,16,16
46777,63,69,-6,6
46778,129,138,-9,9
46779,142,153,-11,11
46780,66,76,-10,10
46781,64,61,3,3
46782,72,69,3,3
46783,143,139,4,4
46784,73,64,9,9
46785,92,96,-4,4
46786,80,96,-16,16
46787,123,117,6,6
46788,67,72,-5,5
46789,87,106,-19,19
46790,81,64,17,17
46791,77,106,-29,29
46792,70,65,5,5
46793,120,118,2,2
46794,119,118,1,1
46795,116,118,-2,2
46796,193,187,6,6
46797,90,96,-6,6
46798,113,130,-17,17
46799,109,103,6,6
46800,85,100,-15,15
46801,63,64,-1,1
46802,56,62,-6,6
46803,131,132,-1,1
46804,108,106,2,2
46805,58,62,-4,4
46806,57,61,-4,4
46807,98,118,-20,20
46808,86,104,-18,18
46809,60,65,-5,5
46810,54,63,-9,9
46811,160,143,17,17
46812,91,106,-15,15
46813,179,151,28,28
46814,68,91,-23,23
46815,143,135,8,8
46816,86,74,12,12
46817,115,117,-2,2
46818,139,122,17,17
46819,95,98,-3,3
46820,66,81,-15,15
46821,66,65,1,1
46822,143,135,8,8
46823,87,88,-1,1
46824,85,98,-13,13
46825,77,81,-4,4
46826,77,70,7,7
46827,91,84,7,7
46828,80,83,-3,3
46829,23,63,-40,40
46830,92,95,-3,3
46831,109,104,5,5
46832,115,106,9,9
46833,93,96,-3,3
46834,67,70,-3,3
46835,150,145,5,5
46836,78,65,13,13
46837,159,152,7,7
46838,124,113,11,11
46839,93,106,-13,13
46840,133,131,2,2
46841,79,89,-10,10
46842,62,66,-4,4
46843,73,68,5,5
46844,66,65,1,1
46845,69,67,2,2
46846,146,155,-9,9
46847,73,66,7,7
46848,91,102,-11,11
46849,67,66,1,1
46850,80,110,-30,30
46851,96,94,2,2
46852,75,69,6,6
46853,72,94,-22,22
46854,87,87,0,0
46855,93,86,7,7
46856,115,109,6,6
46857,142,134,8,8
46858,168,154,14,14
46859,149,135,14,14
46860,91,93,-2,2
46861,69,72,-3,3
46862,112,106,6,6
46863,83,81,2,2
46864,63,61,2,2
46865,84,90,-6,6
46866,113,104,9,9
46867,98,97,1,1
46868,174,166,8,8
46869,103,98,5,5
46870,32,71,-39,39
46871,126,125,1,1
46872,132,127,5,5
46873,49,62,-13,13
46874,107,107,0,0
46875,121,131,-10,10
46876,132,125,7,7
46877,75,73,2,2
46878,71,74,-3,3
46879,69,80,-11,11
46880,158,162,-4,4
46881,73,70,3,3
46882,146,128,18,18
46883,49,62,-13,13
46884,124,126,-2,2
46885,71,69,2,2
46886,43,61,-18,18
46887,94,105,-11,11
46888,120,128,-8,8
46889,107,108,-1,1
46890,83,76,7,7
46891,111,107,4,4
46892,79,84,-5,5
46893,93,100,-7,7
46894,130,126,4,4
46895,119,111,8,8
46896,80,75,5,5
46897,80,70,10,10
46898,76,72,4,4
46899,101,102,-1,1
46900,131,124,7,7
46901,91,96,-5,5
46902,81,91,-10,10
46903,102,105,-3,3
46904,108,98,10,10
46905,79,78,1,1
46906,121,110,11,11
46907,135,134,1,1
46908,68,79,-11,11
46909,104,112,-8,8
46910,44,62,-18,18
46911,103,106,-3,3
46912,136,135,1,1
46913,107,95,12,12
46914,78,94,-16,16
46915,75,80,-5,5
46916,37,60,-23,23
46917,24,63,-39,39
46918,166,159,7,7
46919,134,127,7,7
46920,116,115,1,1
46921,85,92,-7,7
46922,130,132,-2,2
46923,150,140,10,10
46924,103,113,-10,10
46925,92,93,-1,1
46926,127,124,3,3
46927,72,75,-3,3
46928,95,100,-5,5
46929,56,62,-6,6
46930,170,144,26,26
46931,106,106,0,0
46932,78,82,-4,4
46933,135,132,3,3
46934,113,106,7,7
46935,191,174,17,17
46936,61,68,-7,7
46937,95,89,6,6
46938,119,114,5,5
46939,114,104,10,10
46940,88,91,-3,3
46941,71,69,2,2
46942,76,80,-4,4
46943,50,63,-13,13
46944,69,66,3,3
46945,51,70,-19,19
46946,74,92,-18,18
46947,79,75,4,4
46948,74,90,-16,16
46949,113,115,-2,2
46950,99,109,-10,10
46951,86,93,-7,7
46952,91,91,0,0
46953,83,98,-15,15
46954,106,100,6,6
46955,66,64,2,2
46956,74,66,8,8
46957,78,76,2,2
46958,101,102,-1,1
46959,78,87,-9,9
46960,91,103,-12,12
46961,94,101,-7,7
46962,86,92,-6,6
46963,64,68,-4,4
46964,98,83,15,15
46965,100,108,-8,8
46966,148,132,16,16
46967,96,103,-7,7
46968,135,119,16,16
46969,123,131,-8,8
46970,65,65,0,0
46971,86,84,2,2
46972,86,91,-5,5
46973,93,95,-2,2
46974,106,105,1,1
46975,122,111,11,11
46976,75,90,-15,15
46977,86,89,-3,3
46978,51,60,-9,9
46979,56,62,-6,6
46980,125,130,-5,5
46981,92,99,-7,7
46982,108,116,-8,8
46983,151,140,11,11
46984,83,90,-7,7
46985,66,74,-8,8
46986,138,121,17,17
46987,120,121,-1,1
46988,79,81,-2,2
46989,86,96,-10,10
46990,163,156,7,7
46991,112,114,-2,2
46992,98,95,3,3
46993,40,68,-28,28
46994,85,94,-9,9
46995,73,82,-9,9
46996,84,98,-14,14
46997,127,124,3,3
46998,113,105,8,8
46999,116,109,7,7
47000,91,96,-5,5
47001,91,74,17,17
47002,50,62,-12,12
47003,78,83,-5,5
47004,90,94,-4,4
47005,125,117,8,8
47006,84,93,-9,9
47007,79,74,5,5
47008,69,66,3,3
47009,115,103,12,12
47010,227,237,-10,10
47011,107,110,-3,3
47012,136,162,-26,26
47013,88,88,0,0
47014,117,117,0,0
47015,81,90,-9,9
47016,150,138,12,12
47017,101,117,-16,16
47018,169,157,12,12
47019,75,82,-7,7
47020,146,141,5,5
47021,96,95,1,1
47022,66,65,1,1
47023,73,73,0,0
47024,85,101,-16,16
47025,104,91,13,13
47026,53,61,-8,8
47027,148,159,-11,11
47028,119,109,10,10
47029,45,62,-17,17
47030,72,71,1,1
47031,126,126,0,0
47032,64,64,0,0
47033,119,120,-1,1
47034,89,97,-8,8
47035,139,132,7,7
47036,111,115,-4,4
47037,100,106,-6,6
47038,82,89,-7,7
47039,138,133,5,5
47040,47,62,-15,15
47041,167,160,7,7
47042,63,63,0,0
47043,118,110,8,8
47044,201,192,9,9
47045,82,94,-12,12
47046,91,99,-8,8
47047,81,85,-4,4
47048,91,90,1,1
47049,119,110,9,9
47050,88,82,6,6
47051,76,78,-2,2
47052,86,90,-4,4
47053,47,59,-12,12
47054,134,150,-16,16
47055,96,101,-5,5
47056,82,86,-4,4
47057,82,79,3,3
47058,89,94,-5,5
47059,99,103,-4,4
47060,93,96,-3,3
47061,87,91,-4,4
47062,62,89,-27,27
47063,58,61,-3,3
47064,82,90,-8,8
47065,142,139,3,3
47066,101,97,4,4
47067,127,115,12,12
47068,46,61,-15,15
47069,116,109,7,7
47070,54,58,-4,4
47071,71,68,3,3
47072,121,134,-13,13
47073,80,88,-8,8
47074,86,91,-5,5
47075,119,115,4,4
47076,71,75,-4,4
47077,171,153,18,18
47078,126,110,16,16
47079,57,61,-4,4
47080,99,99,0,0
47081,55,68,-13,13
47082,77,82,-5,5
47083,110,110,0,0
47084,77,104,-27,27
47085,111,110,1,1
47086,164,154,10,10
47087,104,98,6,6
47088,85,89,-4,4
47089,75,84,-9,9
47090,119,111,8,8
47091,82,86,-4,4
47092,122,110,12,12
47093,111,112,-1,1
47094,102,97,5,5
47095,54,62,-8,8
47096,96,97,-1,1
47097,65,68,-3,3
47098,135,134,1,1
47099,79,73,6,6
47100,92,79,13,13
47101,56,61,-5,5
47102,109,101,8,8
47103,124,120,4,4
47104,65,69,-4,4
47105,84,89,-5,5
47106,107,103,4,4
47107,114,113,1,1
47108,92,86,6,6
47109,129,119,10,10
47110,159,143,16,16
47111,80,89,-9,9
47112,106,106,0,0
47113,76,78,-2,2
47114,81,94,-13,13
47115,115,114,1,1
47116,89,101,-12,12
47117,66,71,-5,5
47118,49,61,-12,12
47119,74,70,4,4
47120,77,74,3,3
47121,98,95,3,3
47122,181,163,18,18
47123,65,71,-6,6
47124,125,118,7,7
47125,120,121,-1,1
47126,92,86,6,6
47127,125,115,10,10
47128,97,97,0,0
47129,113,101,12,12
47130,69,73,-4,4
47131,41,63,-22,22
47132,112,110,2,2
47133,93,84,9,9
47134,77,74,3,3
47135,114,123,-9,9
47136,90,93,-3,3
47137,119,122,-3,3
47138,85,98,-13,13
47139,99,106,-7,7
47140,113,97,16,16
47141,112,117,-5,5
47142,43,62,-19,19
47143,73,70,3,3
47144,149,140,9,9
47145,72,75,-3,3
47146,62,66,-4,4
47147,74,70,4,4
47148,197,179,18,18
47149,93,108,-15,15
47150,103,87,16,16
47151,96,95,1,1
47152,191,159,32,32
47153,116,110,6,6
47154,75,72,3,3
47155,99,106,-7,7
47156,94,84,10,10
47157,124,130,-6,6
47158,83,82,1,1
47159,131,123,8,8
47160,108,97,11,11
47161,108,119,-11,11
47162,77,73,4,4
47163,77,66,11,11
47164,126,119,7,7
47165,59,88,-29,29
47166,101,111,-10,10
47167,121,115,6,6
47168,116,121,-5,5
47169,124,118,6,6
47170,69,62,7,7
47171,160,145,15,15
47172,67,78,-11,11
47173,111,115,-4,4
47174,80,103,-23,23
47175,44,61,-17,17
47176,89,90,-1,1
47177,92,92,0,0
47178,105,109,-4,4
47179,113,106,7,7
47180,83,87,-4,4
47181,54,59,-5,5
47182,47,62,-15,15
47183,105,100,5,5
47184,65,63,2,2
47185,118,108,10,10
47186,115,113,2,2
47187,92,98,-6,6
47188,69,63,6,6
47189,42,62,-20,20
47190,64,61,3,3
47191,119,121,-2,2
47192,142,124,18,18
47193,117,107,10,10
47194,67,71,-4,4
47195,157,144,13,13
47196,57,63,-6,6
47197,122,111,11,11
47198,84,71,13,13
47199,112,116,-4,4
47200,96,100,-4,4
47201,75,91,-16,16
47202,86,88,-2,2
47203,168,147,21,21
47204,128,111,17,17
47205,111,128,-17,17
47206,95,99,-4,4
47207,74,91,-17,17
47208,101,91,10,10
47209,69,65,4,4
47210,160,153,7,7
47211,139,123,16,16
47212,24,61,-37,37
47213,89,89,0,0
47214,102,104,-2,2
47215,49,61,-12,12
47216,94,107,-13,13
47217,76,70,6,6
47218,170,144,26,26
47219,158,145,13,13
47220,31,121,-90,90
47221,66,68,-2,2
47222,106,97,9,9
47223,60,73,-13,13
47224,77,82,-5,5
47225,68,66,2,2
47226,129,123,6,6
47227,60,61,-1,1
47228,106,106,0,0
47229,64,62,2,2
47230,67,64,3,3
47231,85,90,-5,5
47232,79,70,9,9
47233,175,161,14,14
47234,20,63,-43,43
47235,169,147,22,22
47236,90,97,-7,7
47237,74,74,0,0
47238,68,83,-15,15
47239,52,59,-7,7
47240,81,90,-9,9
47241,106,110,-4,4
47242,113,116,-3,3
47243,64,66,-2,2
47244,98,105,-7,7
47245,120,118,2,2
47246,85,83,2,2
47247,70,61,9,9
47248,121,122,-1,1
47249,132,118,14,14
47250,50,61,-11,11
47251,68,79,-11,11
47252,55,61,-6,6
47253,122,112,10,10
47254,107,100,7,7
47255,69,72,-3,3
47256,115,110,5,5
47257,118,115,3,3
47258,184,205,-21,21
47259,78,94,-16,16
47260,47,62,-15,15
47261,65,66,-1,1
47262,109,99,10,10
47263,89,81,8,8
47264,141,138,3,3
47265,68,95,-27,27
47266,167,144,23,23
47267,68,76,-8,8
47268,86,102,-16,16
47269,93,93,0,0
47270,91,92,-1,1
47271,65,70,-5,5
47272,132,129,3,3
47273,91,97,-6,6
47274,71,65,6,6
47275,71,63,8,8
47276,120,121,-1,1
47277,118,109,9,9
47278,117,116,1,1
47279,157,152,5,5
47280,73,75,-2,2
47281,108,111,-3,3
47282,82,69,13,13
47283,122,117,5,5
47284,143,141,2,2
47285,172,154,18,18
47286,76,65,11,11
47287,130,135,-5,5
47288,61,62,-1,1
47289,65,68,-3,3
47290,128,120,8,8
47291,98,101,-3,3
47292,161,165,-4,4
47293,56,62,-6,6
47294,97,139,-42,42
47295,176,198,-22,22
47296,125,117,8,8
47297,115,109,6,6
47298,81,83,-2,2
47299,103,102,1,1
47300,53,61,-8,8
47301,173,165,8,8
47302,132,118,14,14
47303,129,117,12,12
47304,120,118,2,2
47305,123,111,12,12
47306,203,165,38,38
47307,59,61,-2,2
47308,67,67,0,0
47309,132,119,13,13
47310,182,159,23,23
47311,143,137,6,6
47312,97,89,8,8
47313,91,93,-2,2
47314,96,108,-12,12
47315,91,92,-1,1
47316,87,85,2,2
47317,143,143,0,0
47318,65,57,8,8
47319,78,68,10,10
47320,78,78,0,0
47321,140,134,6,6
47322,93,97,-4,4
47323,52,62,-10,10
47324,95,101,-6,6
47325,96,91,5,5
47326,72,73,-1,1
47327,113,111,2,2
47328,97,98,-1,1
47329,77,81,-4,4
47330,71,72,-1,1
47331,58,64,-6,6
47332,72,69,3,3
47333,210,177,33,33
47334,97,92,5,5
47335,141,141,0,0
47336,130,129,1,1
47337,105,107,-2,2
47338,66,78,-12,12
47339,78,92,-14,14
47340,96,101,-5,5
47341,120,116,4,4
47342,57,60,-3,3
47343,162,149,13,13
47344,134,130,4,4
47345,161,141,20,20
47346,171,161,10,10
47347,91,97,-6,6
47348,46,62,-16,16
47349,128,120,8,8
47350,113,101,12,12
47351,96,94,2,2
47352,55,59,-4,4
47353,101,108,-7,7
47354,146,134,12,12
47355,83,125,-42,42
47356,41,61,-20,20
47357,117,114,3,3
47358,118,121,-3,3
47359,89,95,-6,6
47360,88,92,-4,4
47361,37,62,-25,25
47362,68,71,-3,3
47363,53,60,-7,7
47364,106,105,1,1
47365,125,114,11,11
47366,79,79,0,0
47367,100,96,4,4
47368,99,107,-8,8
47369,99,103,-4,4
47370,130,121,9,9
47371,75,85,-10,10
47372,101,99,2,2
47373,90,94,-4,4
47374,154,137,17,17
47375,116,110,6,6
47376,60,75,-15,15
47377,144,139,5,5
47378,75,77,-2,2
47379,110,106,4,4
47380,124,124,0,0
47381,79,91,-12,12
47382,38,62,-24,24
47383,90,93,-3,3
47384,84,81,3,3
47385,76,83,-7,7
47386,88,95,-7,7
47387,124,127,-3,3
47388,76,84,-8,8
47389,84,82,2,2
47390,75,73,2,2
47391,78,77,1,1
47392,48,61,-13,13
47393,70,74,-4,4
47394,125,116,9,9
47395,129,131,-2,2
47396,75,68,7,7
47397,91,105,-14,14
47398,108,105,3,3
47399,100,97,3,3
47400,56,67,-11,11
47401,140,124,16,16
47402,62,61,1,1
47403,224,183,41,41
47404,109,122,-13,13
47405,159,156,3,3
47406,90,96,-6,6
47407,125,128,-3,3
47408,96,100,-4,4
47409,74,92,-18,18
47410,109,111,-2,2
47411,84,86,-2,2
47412,50,58,-8,8
47413,146,136,10,10
47414,116,104,12,12
47415,93,90,3,3
47416,92,90,2,2
47417,72,64,8,8
47418,159,139,20,20
47419,79,75,4,4
47420,117,112,5,5
47421,92,84,8,8
47422,102,101,1,1
47423,61,64,-3,3
47424,55,60,-5,5
47425,91,77,14,14
47426,94,92,2,2
47427,64,67,-3,3
47428,121,113,8,8
47429,50,61,-11,11
47430,91,90,1,1
47431,87,92,-5,5
47432,100,97,3,3
47433,60,57,3,3
47434,139,131,8,8
47435,77,75,2,2
47436,54,62,-8,8
47437,117,98,19,19
47438,105,115,-10,10
47439,105,105,0,0
47440,78,77,1,1
47441,108,100,8,8
47442,111,116,-5,5
47443,112,115,-3,3
47444,69,67,2,2
47445,100,110,-10,10
47446,96,97,-1,1
47447,31,53,-22,22
47448,75,71,4,4
47449,68,71,-3,3
47450,53,61,-8,8
47451,63,64,-1,1
47452,85,83,2,2
47453,126,126,0,0
47454,107,106,1,1
47455,130,123,7,7
47456,65,63,2,2
47457,73,71,2,2
47458,107,112,-5,5
47459,121,118,3,3
47460,99,102,-3,3
47461,92,104,-12,12
47462,170,161,9,9
47463,85,68,17,17
47464,142,140,2,2
47465,86,89,-3,3
47466,63,63,0,0
47467,121,110,11,11
47468,84,97,-13,13
47469,66,62,4,4
47470,60,64,-4,4
47471,68,64,4,4
47472,113,126,-13,13
47473,101,100,1,1
47474,48,62,-14,14
47475,154,147,7,7
47476,160,148,12,12
47477,102,97,5,5
47478,94,99,-5,5
47479,84,81,3,3
47480,107,112,-5,5
47481,66,70,-4,4
47482,87,97,-10,10
47483,84,73,11,11
47484,86,95,-9,9
47485,101,73,28,28
47486,83,78,5,5
47487,70,62,8,8
47488,104,96,8,8
47489,78,71,7,7
47490,69,69,0,0
47491,172,153,19,19
47492,66,76,-10,10
47493,96,94,2,2
47494,73,73,0,0
47495,122,130,-8,8
47496,66,73,-7,7
47497,78,83,-5,5
47498,70,136,-66,66
47499,62,66,-4,4
47500,64,65,-1,1
47501,189,167,22,22
47502,101,101,0,0
47503,83,88,-5,5
47504,88,83,5,5
47505,108,106,2,2
47506,109,107,2,2
47507,50,61,-11,11
47508,100,97,3,3
47509,98,96,2,2
47510,74,66,8,8
47511,151,134,17,17
47512,67,70,-3,3
47513,145,130,15,15
47514,99,97,2,2
47515,79,81,-2,2
47516,66,73,-7,7
47517,87,82,5,5
47518,104,96,8,8
47519,75,70,5,5
47520,81,73,8,8
47521,79,89,-10,10
47522,82,82,0,0
47523,202,177,25,25
47524,64,60,4,4
47525,142,135,7,7
47526,77,139,-62,62
47527,95,117,-22,22
47528,127,129,-2,2
47529,89,97,-8,8
47530,136,144,-8,8
47531,63,66,-3,3
47532,123,116,7,7
47533,113,105,8,8
47534,98,99,-1,1
47535,136,118,18,18
47536,124,114,10,10
47537,124,116,8,8
47538,162,140,22,22
47539,81,99,-18,18
47540,93,96,-3,3
47541,83,92,-9,9
47542,127,110,17,17
47543,60,63,-3,3
47544,83,91,-8,8
47545,60,62,-2,2
47546,103,111,-8,8
47547,93,75,18,18
47548,78,78,0,0
47549,97,94,3,3
47550,73,70,3,3
47551,128,116,12,12
47552,92,99,-7,7
47553,37,61,-24,24
47554,154,143,11,11
47555,60,67,-7,7
47556,94,95,-1,1
47557,103,104,-1,1
47558,72,75,-3,3
47559,65,76,-11,11
47560,85,92,-7,7
47561,111,106,5,5
47562,88,94,-6,6
47563,110,102,8,8
47564,102,101,1,1
47565,59,60,-1,1
47566,89,81,8,8
47567,113,101,12,12
47568,65,72,-7,7
47569,148,142,6,6
47570,83,87,-4,4
47571,81,84,-3,3
47572,88,91,-3,3
47573,67,70,-3,3
47574,44,62,-18,18
47575,98,106,-8,8
47576,89,90,-1,1
47577,85,90,-5,5
47578,165,143,22,22
47579,58,66,-8,8
47580,118,110,8,8
47581,138,120,18,18
47582,85,79,6,6
47583,77,85,-8,8
47584,58,64,-6,6
47585,78,70,8,8
47586,94,107,-13,13
47587,51,59,-8,8
47588,109,115,-6,6
47589,72,78,-6,6
47590,71,72,-1,1
47591,83,95,-12,12
47592,97,97,0,0
47593,81,88,-7,7
47594,192,197,-5,5
47595,152,136,16,16
47596,101,101,0,0
47597,65,59,6,6
47598,77,77,0,0
47599,130,120,10,10
47600,124,101,23,23
47601,89,98,-9,9
47602,105,112,-7,7
47603,85,82,3,3
47604,147,140,7,7
47605,108,118,-10,10
47606,86,90,-4,4
47607,66,68,-2,2
47608,62,64,-2,2
47609,74,69,5,5
47610,144,123,21,21
47611,77,73,4,4
47612,53,59,-6,6
47613,81,76,5,5
47614,121,115,6,6
47615,71,64,7,7
47616,75,62,13,13
47617,105,99,6,6
47618,98,103,-5,5
47619,133,129,4,4
47620,115,118,-3,3
47621,56,62,-6,6
47622,139,131,8,8
47623,108,109,-1,1
47624,207,184,23,23
47625,43,61,-18,18
47626,135,122,13,13
47627,122,120,2,2
47628,61,67,-6,6
47629,97,94,3,3
47630,77,75,2,2
47631,123,105,18,18
47632,59,63,-4,4
47633,113,117,-4,4
47634,125,120,5,5
47635,88,91,-3,3
47636,72,68,4,4
47637,137,133,4,4
47638,113,103,10,10
47639,112,103,9,9
47640,60,65,-5,5
47641,106,108,-2,2
47642,143,136,7,7
47643,91,94,-3,3
47644,95,95,0,0
47645,155,132,23,23
47646,106,109,-3,3
47647,103,113,-10,10
47648,142,124,18,18
47649,76,70,6,6
47650,115,117,-2,2
47651,96,125,-29,29
47652,103,97,6,6
47653,106,109,-3,3
47654,67,64,3,3
47655,100,98,2,2
47656,103,101,2,2
47657,72,75,-3,3
47658,142,130,12,12
47659,32,57,-25,25
47660,137,131,6,6
47661,57,64,-7,7
47662,69,76,-7,7
47663,47,61,-14,14
47664,82,101,-19,19
47665,113,105,8,8
47666,81,91,-10,10
47667,96,98,-2,2
47668,67,65,2,2
47669,138,124,14,14
47670,73,68,5,5
47671,62,83,-21,21
47672,45,62,-17,17
47673,106,101,5,5
47674,65,66,-1,1
47675,79,81,-2,2
47676,109,112,-3,3
47677,147,135,12,12
47678,67,65,2,2
47679,94,93,1,1
47680,73,71,2,2
47681,57,64,-7,7
47682,124,112,12,12
47683,68,82,-14,14
47684,89,94,-5,5
47685,105,96,9,9
47686,64,77,-13,13
47687,78,89,-11,11
47688,108,101,7,7
47689,171,160,11,11
47690,92,86,6,6
47691,63,65,-2,2
47692,66,70,-4,4
47693,85,92,-7,7
47694,134,128,6,6
47695,73,73,0,0
47696,85,87,-2,2
47697,81,77,4,4
47698,119,112,7,7
47699,64,62,2,2
47700,73,71,2,2
47701,120,106,14,14
47702,122,115,7,7
47703,97,101,-4,4
47704,69,71,-2,2
47705,88,92,-4,4
47706,86,92,-6,6
47707,87,91,-4,4
47708,152,137,15,15
47709,65,63,2,2
47710,37,60,-23,23
47711,125,110,15,15
47712,117,122,-5,5
47713,72,75,-3,3
47714,120,139,-19,19
47715,67,65,2,2
47716,147,137,10,10
47717,142,136,6,6
47718,111,122,-11,11
47719,104,103,1,1
47720,90,85,5,5
47721,76,71,5,5
47722,82,79,3,3
47723,122,97,25,25
47724,176,155,21,21
47725,97,79,18,18
47726,84,90,-6,6
47727,94,94,0,0
47728,175,175,0,0
47729,90,97,-7,7
47730,62,63,-1,1
47731,116,105,11,11
47732,137,128,9,9
47733,141,129,12,12
47734,96,109,-13,13
47735,99,100,-1,1
47736,66,62,4,4
47737,183,168,15,15
47738,64,61,3,3
47739,137,141,-4,4
47740,51,61,-10,10
47741,35,60,-25,25
47742,137,122,15,15
47743,151,152,-1,1
47744,115,112,3,3
47745,94,92,2,2
47746,42,60,-18,18
47747,57,63,-6,6
47748,102,109,-7,7
47749,59,60,-1,1
47750,73,89,-16,16
47751,80,80,0,0
47752,102,108,-6,6
47753,111,108,3,3
47754,150,147,3,3
47755,149,133,16,16
47756,129,118,11,11
47757,35,56,-21,21
47758,50,61,-11,11
47759,85,85,0,0
47760,90,94,-4,4
47761,129,116,13,13
47762,111,115,-4,4
47763,80,95,-15,15
47764,165,159,6,6
47765,69,68,1,1
47766,132,125,7,7
47767,145,129,16,16
47768,51,60,-9,9
47769,152,135,17,17
47770,64,63,1,1
47771,168,151,17,17
47772,100,104,-4,4
47773,72,68,4,4
47774,86,98,-12,12
47775,67,71,-4,4
47776,71,71,0,0
47777,156,145,11,11
47778,92,90,2,2
47779,93,97,-4,4
47780,95,105,-10,10
47781,113,108,5,5
47782,105,99,6,6
47783,77,88,-11,11
47784,96,108,-12,12
47785,103,105,-2,2
47786,76,95,-19,19
47787,77,70,7,7
47788,103,96,7,7
47789,80,85,-5,5
47790,72,76,-4,4
47791,98,98,0,0
47792,94,86,8,8
47793,145,152,-7,7
47794,57,62,-5,5
47795,95,92,3,3
47796,97,84,13,13
47797,160,144,16,16
47798,161,151,10,10
47799,71,66,5,5
47800,95,93,2,2
47801,100,100,0,0
47802,57,60,-3,3
47803,96,99,-3,3
47804,70,67,3,3
47805,51,83,-32,32
47806,70,68,2,2
47807,27,60,-33,33
47808,93,93,0,0
47809,110,108,2,2
47810,128,120,8,8
47811,146,155,-9,9
47812,81,68,13,13
47813,100,97,3,3
47814,77,67,10,10
47815,57,61,-4,4
47816,110,106,4,4
47817,90,102,-12,12
47818,105,113,-8,8
47819,91,81,10,10
47820,158,150,8,8
47821,79,71,8,8
47822,52,61,-9,9
47823,86,88,-2,2
47824,100,100,0,0
47825,65,63,2,2
47826,116,108,8,8
47827,75,70,5,5
47828,95,93,2,2
47829,71,76,-5,5
47830,87,96,-9,9
47831,79,67,12,12
47832,77,77,0,0
47833,55,60,-5,5
47834,94,96,-2,2
47835,99,100,-1,1
47836,98,100,-2,2
47837,95,110,-15,15
47838,123,120,3,3
47839,76,93,-17,17
47840,157,157,0,0
47841,75,81,-6,6
47842,114,112,2,2
47843,47,61,-14,14
47844,110,109,1,1
47845,122,115,7,7
47846,89,103,-14,14
47847,65,67,-2,2
47848,63,66,-3,3
47849,140,126,14,14
47850,101,102,-1,1
47851,132,124,8,8
47852,175,177,-2,2
47853,79,71,8,8
47854,97,95,2,2
47855,108,97,11,11
47856,76,67,9,9
47857,80,75,5,5
47858,114,105,9,9
47859,160,155,5,5
47860,101,95,6,6
47861,143,127,16,16
47862,40,59,-19,19
47863,151,140,11,11
47864,111,121,-10,10
47865,105,120,-15,15
47866,93,91,2,2
47867,121,121,0,0
47868,162,146,16,16
47869,91,101,-10,10
47870,86,89,-3,3
47871,133,134,-1,1
47872,69,71,-2,2
47873,110,118,-8,8
47874,76,69,7,7
47875,70,75,-5,5
47876,129,109,20,20
47877,105,99,6,6
47878,118,113,5,5
47879,51,62,-11,11
47880,155,141,14,14
47881,80,78,2,2
47882,91,107,-16,16
47883,87,90,-3,3
47884,61,71,-10,10
47885,65,68,-3,3
47886,85,91,-6,6
47887,89,97,-8,8
47888,62,63,-1,1
47889,85,94,-9,9
47890,65,76,-11,11
47891,127,122,5,5
47892,94,95,-1,1
47893,106,111,-5,5
47894,72,68,4,4
47895,115,111,4,4
47896,100,95,5,5
47897,56,62,-6,6
47898,78,94,-16,16
47899,100,100,0,0
47900,94,91,3,3
47901,104,99,5,5
47902,76,102,-26,26
47903,100,100,0,0
47904,114,108,6,6
47905,94,88,6,6
47906,92,95,-3,3
47907,51,62,-11,11
47908,129,124,5,5
47909,30,63,-33,33
47910,91,105,-14,14
47911,72,70,2,2
47912,99,100,-1,1
47913,59,61,-2,2
47914,103,98,5,5
47915,140,122,18,18
47916,71,71,0,0
47917,77,77,0,0
47918,108,110,-2,2
47919,87,75,12,12
47920,150,141,9,9
47921,108,113,-5,5
47922,78,72,6,6
47923,143,129,14,14
47924,109,120,-11,11
47925,81,86,-5,5
47926,82,92,-10,10
47927,46,61,-15,15
47928,142,127,15,15
47929,54,61,-7,7
47930,89,97,-8,8
47931,53,62,-9,9
47932,73,67,6,6
47933,74,68,6,6
47934,43,61,-18,18
47935,89,94,-5,5
47936,71,77,-6,6
47937,62,82,-20,20
47938,59,64,-5,5
47939,114,108,6,6
47940,56,61,-5,5
47941,94,99,-5,5
47942,102,110,-8,8
47943,112,109,3,3
47944,75,77,-2,2
47945,77,92,-15,15
47946,124,117,7,7
47947,128,115,13,13
47948,70,77,-7,7
47949,84,142,-58,58
47950,151,138,13,13
47951,113,107,6,6
47952,85,84,1,1
47953,82,108,-26,26
47954,163,159,4,4
47955,124,131,-7,7
47956,80,73,7,7
47957,122,146,-24,24
47958,88,80,8,8
47959,66,64,2,2
47960,83,87,-4,4
47961,118,110,8,8
47962,57,60,-3,3
47963,66,71,-5,5
47964,108,108,0,0
47965,93,102,-9,9
47966,51,62,-11,11
47967,171,154,17,17
47968,114,105,9,9
47969,45,60,-15,15
47970,86,83,3,3
47971,62,67,-5,5
47972,67,72,-5,5
47973,76,79,-3,3
47974,108,114,-6,6
47975,100,118,-18,18
47976,139,130,9,9
47977,115,116,-1,1
47978,144,114,30,30
47979,90,82,8,8
47980,91,81,10,10
47981,75,83,-8,8
47982,135,128,7,7
47983,67,76,-9,9
47984,117,103,14,14
47985,127,111,16,16
47986,59,62,-3,3
47987,48,62,-14,14
47988,69,68,1,1
47989,93,83,10,10
47990,123,122,1,1
47991,131,137,-6,6
47992,105,101,4,4
47993,121,124,-3,3
47994,111,113,-2,2
47995,43,61,-18,18
47996,131,124,7,7
47997,133,121,12,12
47998,74,72,2,2
47999,154,131,23,23
48000,36,62,-26,26
48001,83,93,-10,10
48002,114,113,1,1
48003,115,107,8,8
48004,117,112,5,5
48005,129,122,7,7
48006,119,113,6,6
48007,65,68,-3,3
48008,88,93,-5,5
48009,80,68,12,12
48010,43,62,-19,19
48011,68,69,-1,1
48012,157,143,14,14
48013,104,103,1,1
48014,56,62,-6,6
48015,52,65,-13,13
48016,115,108,7,7
48017,64,63,1,1
48018,139,131,8,8
48019,58,62,-4,4
48020,105,106,-1,1
48021,196,184,12,12
48022,117,107,10,10
48023,108,92,16,16
48024,109,141,-32,32
48025,53,62,-9,9
48026,97,94,3,3
48027,89,95,-6,6
48028,136,126,10,10
48029,156,157,-1,1
48030,107,100,7,7
48031,48,63,-15,15
48032,108,111,-3,3
48033,151,135,16,16
48034,71,90,-19,19
48035,99,95,4,4
48036,119,103,16,16
48037,131,129,2,2
48038,72,71,1,1
48039,112,108,4,4
48040,142,148,-6,6
48041,130,126,4,4
48042,103,107,-4,4
48043,136,126,10,10
48044,61,61,0,0
48045,93,91,2,2
48046,124,122,2,2
48047,44,62,-18,18
48048,166,164,2,2
48049,134,133,1,1
48050,85,88,-3,3
48051,56,64,-8,8
48052,58,66,-8,8
48053,95,98,-3,3
48054,113,108,5,5
48055,80,92,-12,12
48056,105,101,4,4
48057,56,62,-6,6
48058,79,90,-11,11
48059,77,91,-14,14
48060,90,92,-2,2
48061,68,82,-14,14
48062,65,68,-3,3
48063,95,96,-1,1
48064,51,62,-11,11
48065,99,97,2,2
48066,81,73,8,8
48067,116,106,10,10
48068,72,70,2,2
48069,55,62,-7,7
48070,144,148,-4,4
48071,74,79,-5,5
48072,135,135,0,0
48073,60,64,-4,4
48074,76,84,-8,8
48075,144,123,21,21
48076,141,122,19,19
48077,80,61,19,19
48078,74,89,-15,15
48079,83,86,-3,3
48080,76,70,6,6
48081,100,99,1,1
48082,97,95,2,2
48083,141,121,20,20
48084,109,111,-2,2
48085,87,110,-23,23
48086,104,107,-3,3
48087,69,68,1,1
48088,60,67,-7,7
48089,71,77,-6,6
48090,64,64,0,0
48091,69,76,-7,7
48092,92,95,-3,3
48093,93,92,1,1
48094,88,88,0,0
48095,11,63,-52,52
48096,132,118,14,14
48097,62,70,-8,8
48098,73,93,-20,20
48099,110,103,7,7
48100,84,91,-7,7
48101,63,63,0,0
48102,110,115,-5,5
48103,61,62,-1,1
48104,81,94,-13,13
48105,107,110,-3,3
48106,161,142,19,19
48107,66,64,2,2
48108,59,67,-8,8
48109,115,121,-6,6
48110,113,108,5,5
48111,125,125,0,0
48112,104,105,-1,1
48113,90,93,-3,3
48114,84,84,0,0
48115,101,108,-7,7
48116,151,136,15,15
48117,127,117,10,10
48118,102,99,3,3
48119,85,93,-8,8
48120,64,66,-2,2
48121,114,110,4,4
48122,104,100,4,4
48123,99,104,-5,5
48124,60,64,-4,4
48125,102,108,-6,6
48126,125,118,7,7
48127,109,120,-11,11
48128,106,101,5,5
48129,91,94,-3,3
48130,54,65,-11,11
48131,86,104,-18,18
48132,108,114,-6,6
48133,61,65,-4,4
48134,63,83,-20,20
48135,112,113,-1,1
48136,35,62,-27,27
48137,86,85,1,1
48138,79,84,-5,5
48139,112,110,2,2
48140,180,172,8,8
48141,94,90,4,4
48142,125,115,10,10
48143,82,78,4,4
48144,94,102,-8,8
48145,83,78,5,5
48146,93,100,-7,7
48147,89,94,-5,5
48148,63,63,0,0
48149,120,120,0,0
48150,91,79,12,12
48151,102,127,-25,25
48152,70,77,-7,7
48153,66,63,3,3
48154,73,71,2,2
48155,122,107,15,15
48156,50,61,-11,11
48157,65,68,-3,3
48158,146,142,4,4
48159,72,77,-5,5
48160,109,99,10,10
48161,67,76,-9,9
48162,138,128,10,10
48163,78,84,-6,6
48164,143,138,5,5
48165,82,87,-5,5
48166,147,151,-4,4
48167,115,112,3,3
48168,107,113,-6,6
48169,60,66,-6,6
48170,95,90,5,5
48171,95,98,-3,3
48172,39,63,-24,24
48173,75,83,-8,8
48174,61,63,-2,2
48175,194,203,-9,9
48176,67,74,-7,7
48177,104,101,3,3
48178,79,90,-11,11
48179,57,89,-32,32
48180,45,62,-17,17
48181,66,71,-5,5
48182,70,71,-1,1
48183,61,78,-17,17
48184,93,94,-1,1
48185,104,103,1,1
48186,122,133,-11,11
48187,64,67,-3,3
48188,68,70,-2,2
48189,132,132,0,0
48190,55,62,-7,7
48191,117,113,4,4
48192,89,88,1,1
48193,83,93,-10,10
48194,94,115,-21,21
48195,59,60,-1,1
48196,149,137,12,12
48197,77,88,-11,11
48198,92,98,-6,6
48199,84,79,5,5
48200,71,70,1,1
48201,75,70,5,5
48202,123,118,5,5
48203,108,116,-8,8
48204,90,97,-7,7
48205,99,89,10,10
48206,38,60,-22,22
48207,59,64,-5,5
48208,104,104,0,0
48209,114,122,-8,8
48210,83,93,-10,10
48211,182,155,27,27
48212,89,116,-27,27
48213,77,65,12,12
48214,146,131,15,15
48215,74,75,-1,1
48216,73,70,3,3
48217,71,70,1,1
48218,70,62,8,8
48219,139,137,2,2
48220,75,63,12,12
48221,110,125,-15,15
48222,106,108,-2,2
48223,150,144,6,6
48224,132,122,10,10
48225,108,98,10,10
48226,56,63,-7,7
48227,133,128,5,5
48228,123,109,14,14
48229,58,60,-2,2
48230,73,81,-8,8
48231,118,110,8,8
48232,83,88,-5,5
48233,66,72,-6,6
48234,83,89,-6,6
48235,89,93,-4,4
48236,87,98,-11,11
48237,95,95,0,0
48238,57,63,-6,6
48239,124,122,2,2
48240,136,132,4,4
48241,102,102,0,0
48242,123,122,1,1
48243,53,61,-8,8
48244,59,65,-6,6
48245,150,131,19,19
48246,140,121,19,19
48247,88,88,0,0
48248,140,126,14,14
48249,86,91,-5,5
48250,106,100,6,6
48251,127,136,-9,9
48252,88,83,5,5
48253,99,111,-12,12
48254,83,85,-2,2
48255,81,85,-4,4
48256,151,133,18,18
48257,144,143,1,1
48258,55,61,-6,6
48259,66,62,4,4
48260,103,103,0,0
48261,100,98,2,2
48262,76,66,10,10
48263,115,111,4,4
48264,135,124,11,11
48265,128,111,17,17
48266,163,141,22,22
48267,81,82,-1,1
48268,88,91,-3,3
48269,86,117,-31,31
48270,147,131,16,16
48271,179,162,17,17
48272,98,95,3,3
48273,91,89,2,2
48274,145,135,10,10
48275,53,60,-7,7
48276,122,123,-1,1
48277,79,77,2,2
48278,118,129,-11,11
48279,100,99,1,1
48280,76,70,6,6
48281,148,142,6,6
48282,55,55,0,0
48283,80,82,-2,2
48284,129,137,-8,8
48285,52,61,-9,9
48286,108,104,4,4
48287,71,67,4,4
48288,49,61,-12,12
48289,111,106,5,5
48290,97,93,4,4
48291,106,99,7,7
48292,31,60,-29,29
48293,62,61,1,1
48294,140,158,-18,18
48295,102,97,5,5
48296,68,61,7,7
48297,66,66,0,0
48298,98,102,-4,4
48299,29,62,-33,33
48300,162,150,12,12
48301,68,70,-2,2
48302,39,61,-22,22
48303,61,63,-2,2
48304,126,128,-2,2
48305,82,68,14,14
48306,95,91,4,4
48307,86,94,-8,8
48308,91,94,-3,3
48309,68,84,-16,16
48310,70,71,-1,1
48311,56,61,-5,5
48312,113,110,3,3
48313,83,72,11,11
48314,185,165,20,20
48315,133,127,6,6
48316,98,97,1,1
48317,47,62,-15,15
48318,86,84,2,2
48319,115,104,11,11
48320,121,118,3,3
48321,130,129,1,1
48322,116,114,2,2
48323,55,61,-6,6
48324,88,92,-4,4
48325,158,150,8,8
48326,208,197,11,11
48327,104,98,6,6
48328,109,106,3,3
48329,94,103,-9,9
48330,49,63,-14,14
48331,66,69,-3,3
48332,135,149,-14,14
48333,112,103,9,9
48334,75,75,0,0
48335,99,98,1,1
48336,98,104,-6,6
48337,77,90,-13,13
48338,108,100,8,8
48339,81,81,0,0
48340,99,109,-10,10
48341,113,96,17,17
48342,68,77,-9,9
48343,111,113,-2,2
48344,57,63,-6,6
48345,141,125,16,16
48346,96,96,0,0
48347,57,63,-6,6
48348,86,89,-3,3
48349,64,83,-19,19
48350,58,63,-5,5
48351,68,69,-1,1
48352,79,78,1,1
48353,128,123,5,5
48354,133,124,9,9
48355,129,130,-1,1
48356,98,95,3,3
48357,126,109,17,17
48358,68,69,-1,1
48359,98,95,3,3
48360,76,64,12,12
48361,151,132,19,19
48362,143,139,4,4
48363,81,91,-10,10
48364,154,136,18,18
48365,99,101,-2,2
48366,58,61,-3,3
48367,40,62,-22,22
48368,101,107,-6,6
48369,88,86,2,2
48370,102,97,5,5
48371,82,78,4,4
48372,80,77,3,3
48373,77,76,1,1
48374,91,93,-2,2
48375,133,126,7,7
48376,160,141,19,19
48377,137,131,6,6
48378,110,104,6,6
48379,78,75,3,3
48380,83,84,-1,1
48381,68,81,-13,13
48382,85,95,-10,10
48383,90,92,-2,2
48384,51,61,-10,10
48385,95,97,-2,2
48386,133,119,14,14
48387,63,66,-3,3
48388,64,63,1,1
48389,64,62,2,2
48390,128,125,3,3
48391,94,100,-6,6
48392,87,85,2,2
48393,49,62,-13,13
48394,66,59,7,7
48395,53,62,-9,9
48396,99,102,-3,3
48397,55,63,-8,8
48398,166,154,12,12
48399,179,159,20,20
48400,100,99,1,1
48401,97,96,1,1
48402,139,124,15,15
48403,59,63,-4,4
48404,175,156,19,19
48405,123,123,0,0
48406,72,73,-1,1
48407,77,92,-15,15
48408,86,79,7,7
48409,52,62,-10,10
48410,122,131,-9,9
48411,83,84,-1,1
48412,109,117,-8,8
48413,123,114,9,9
48414,72,77,-5,5
48415,86,88,-2,2
48416,97,108,-11,11
48417,98,95,3,3
48418,98,92,6,6
48419,72,68,4,4
48420,160,142,18,18
48421,61,60,1,1
48422,91,95,-4,4
48423,65,63,2,2
48424,145,132,13,13
48425,60,63,-3,3
48426,125,116,9,9
48427,57,63,-6,6
48428,117,109,8,8
48429,104,104,0,0
48430,141,127,14,14
48431,65,65,0,0
48432,78,73,5,5
48433,74,74,0,0
48434,82,87,-5,5
48435,83,87,-4,4
48436,79,83,-4,4
48437,79,87,-8,8
48438,73,73,0,0
48439,154,132,22,22
48440,89,96,-7,7
48441,83,92,-9,9
48442,79,78,1,1
48443,167,146,21,21
48444,103,114,-11,11
48445,89,92,-3,3
48446,199,172,27,27
48447,63,72,-9,9
48448,67,62,5,5
48449,152,158,-6,6
48450,98,102,-4,4
48451,78,83,-5,5
48452,78,79,-1,1
48453,119,123,-4,4
48454,93,101,-8,8
48455,121,121,0,0
48456,105,97,8,8
48457,184,152,32,32
48458,60,63,-3,3
48459,167,141,26,26
48460,51,62,-11,11
48461,114,124,-10,10
48462,59,61,-2,2
48463,98,106,-8,8
48464,62,65,-3,3
48465,74,61,13,13
48466,87,86,1,1
48467,84,78,6,6
48468,63,63,0,0
48469,103,98,5,5
48470,133,117,16,16
48471,125,110,15,15
48472,137,131,6,6
48473,82,71,11,11
48474,145,149,-4,4
48475,111,113,-2,2
48476,117,110,7,7
48477,61,62,-1,1
48478,107,112,-5,5
48479,127,119,8,8
48480,50,61,-11,11
48481,75,69,6,6
48482,173,158,15,15
48483,162,142,20,20
48484,72,86,-14,14
48485,104,106,-2,2
48486,84,89,-5,5
48487,84,79,5,5
48488,99,99,0,0
48489,109,111,-2,2
48490,125,126,-1,1
48491,100,102,-2,2
48492,108,112,-4,4
48493,118,120,-2,2
48494,70,79,-9,9
48495,67,59,8,8
48496,39,61,-22,22
48497,87,93,-6,6
48498,71,86,-15,15
48499,65,68,-3,3
48500,185,161,24,24
48501,89,90,-1,1
48502,94,92,2,2
48503,68,68,0,0
48504,66,63,3,3
48505,126,118,8,8
48506,99,102,-3,3
48507,100,100,0,0
48508,85,80,5,5
48509,38,59,-21,21
48510,170,155,15,15
48511,109,98,11,11
48512,90,87,3,3
48513,58,64,-6,6
48514,52,60,-8,8
48515,162,167,-5,5
48516,60,62,-2,2
48517,99,98,1,1
48518,80,76,4,4
48519,82,95,-13,13
48520,112,111,1,1
48521,81,75,6,6
48522,112,125,-13,13
48523,160,142,18,18
48524,44,62,-18,18
48525,60,66,-6,6
48526,87,76,11,11
48527,66,62,4,4
48528,54,62,-8,8
48529,158,136,22,22
48530,125,121,4,4
48531,61,63,-2,2
48532,179,165,14,14
48533,174,144,30,30
48534,86,104,-18,18
48535,86,99,-13,13
48536,79,103,-24,24
48537,60,60,0,0
48538,78,80,-2,2
48539,128,131,-3,3
48540,111,106,5,5
48541,98,100,-2,2
48542,142,121,21,21
48543,65,63,2,2
48544,142,123,19,19
48545,176,166,10,10
48546,88,89,-1,1
48547,165,153,12,12
48548,85,95,-10,10
48549,85,82,3,3
48550,88,93,-5,5
48551,97,104,-7,7
48552,125,121,4,4
48553,99,95,4,4
48554,83,76,7,7
48555,97,111,-14,14
48556,96,96,0,0
48557,62,65,-3,3
48558,99,110,-11,11
48559,57,62,-5,5
48560,77,84,-7,7
48561,77,85,-8,8
48562,104,124,-20,20
48563,114,108,6,6
48564,94,91,3,3
48565,67,82,-15,15
48566,112,107,5,5
48567,128,118,10,10
48568,93,97,-4,4
48569,115,121,-6,6
48570,63,60,3,3
48571,67,79,-12,12
48572,136,135,1,1
48573,96,107,-11,11
48574,97,107,-10,10
48575,97,107,-10,10
48576,100,97,3,3
48577,60,59,1,1
48578,155,176,-21,21
48579,80,94,-14,14
48580,92,105,-13,13
48581,130,123,7,7
48582,139,122,17,17
48583,121,116,5,5
48584,58,65,-7,7
48585,73,81,-8,8
48586,98,98,0,0
48587,95,100,-5,5
48588,126,121,5,5
48589,112,113,-1,1
48590,82,91,-9,9
48591,105,100,5,5
48592,68,81,-13,13
48593,67,83,-16,16
48594,121,120,1,1
48595,164,137,27,27
48596,107,112,-5,5
48597,110,106,4,4
48598,125,123,2,2
48599,71,69,2,2
48600,77,85,-8,8
48601,97,97,0,0
48602,114,121,-7,7
48603,140,133,7,7
48604,57,65,-8,8
48605,99,99,0,0
48606,99,96,3,3
48607,52,59,-7,7
48608,83,78,5,5
48609,173,252,-79,79
48610,94,102,-8,8
48611,47,61,-14,14
48612,58,66,-8,8
48613,61,66,-5,5
48614,82,98,-16,16
48615,53,65,-12,12
48616,53,62,-9,9
48617,77,80,-3,3
48618,88,99,-11,11
48619,74,74,0,0
48620,74,70,4,4
48621,150,135,15,15
48622,135,139,-4,4
48623,176,189,-13,13
48624,53,61,-8,8
48625,140,131,9,9
48626,106,111,-5,5
48627,189,165,24,24
48628,104,118,-14,14
48629,71,84,-13,13
48630,66,63,3,3
48631,82,93,-11,11
48632,111,133,-22,22
48633,114,122,-8,8
48634,140,134,6,6
48635,95,103,-8,8
48636,152,143,9,9
48637,101,110,-9,9
48638,67,63,4,4
48639,47,63,-16,16
48640,73,85,-12,12
48641,84,102,-18,18
48642,92,91,1,1
48643,157,148,9,9
48644,128,128,0,0
48645,96,111,-15,15
48646,91,92,-1,1
48647,92,93,-1,1
48648,132,124,8,8
48649,170,160,10,10
48650,103,96,7,7
48651,46,60,-14,14
48652,123,111,12,12
48653,91,79,12,12
48654,111,113,-2,2
48655,144,140,4,4
48656,73,77,-4,4
48657,116,108,8,8
48658,137,138,-1,1
48659,131,122,9,9
48660,37,61,-24,24
48661,84,93,-9,9
48662,91,89,2,2
48663,175,167,8,8
48664,137,137,0,0
48665,91,87,4,4
48666,41,62,-21,21
48667,88,79,9,9
48668,86,86,0,0
48669,67,69,-2,2
48670,181,156,25,25
48671,108,106,2,2
48672,51,59,-8,8
48673,145,132,13,13
48674,87,92,-5,5
48675,42,61,-19,19
48676,92,93,-1,1
48677,196,169,27,27
48678,43,62,-19,19
48679,108,108,0,0
48680,131,116,15,15
48681,105,109,-4,4
48682,77,84,-7,7
48683,80,84,-4,4
48684,144,137,7,7
48685,120,128,-8,8
48686,70,69,1,1
48687,62,64,-2,2
48688,40,62,-22,22
48689,80,73,7,7
48690,93,90,3,3
48691,41,61,-20,20
48692,90,107,-17,17
48693,82,78,4,4
48694,85,89,-4,4
48695,103,96,7,7
48696,119,111,8,8
48697,65,66,-1,1
48698,85,78,7,7
48699,114,105,9,9
48700,95,96,-1,1
48701,39,62,-23,23
48702,89,90,-1,1
48703,116,114,2,2
48704,133,133,0,0
48705,76,77,-1,1
48706,146,140,6,6
48707,55,63,-8,8
48708,170,159,11,11
48709,76,76,0,0
48710,89,95,-6,6
48711,76,100,-24,24
48712,107,99,8,8
48713,69,66,3,3
48714,94,105,-11,11
48715,106,104,2,2
48716,91,82,9,9
48717,158,157,1,1
48718,110,109,1,1
48719,69,69,0,0
48720,90,88,2,2
48721,99,95,4,4
48722,74,69,5,5
48723,94,99,-5,5
48724,70,66,4,4
48725,81,101,-20,20
48726,136,139,-3,3
48727,89,95,-6,6
48728,113,118,-5,5
48729,110,101,9,9
48730,137,135,2,2
48731,100,101,-1,1
48732,114,107,7,7
48733,122,107,15,15
48734,27,63,-36,36
48735,105,110,-5,5
48736,65,73,-8,8
48737,120,124,-4,4
48738,68,70,-2,2
48739,158,144,14,14
48740,76,81,-5,5
48741,123,116,7,7
48742,71,61,10,10
48743,86,92,-6,6
48744,68,78,-10,10
48745,118,113,5,5
48746,36,62,-26,26
48747,26,61,-35,35
48748,55,62,-7,7
48749,87,94,-7,7
48750,117,110,7,7
48751,36,61,-25,25
48752,112,114,-2,2
48753,73,72,1,1
48754,93,94,-1,1
48755,122,113,9,9
48756,117,115,2,2
48757,116,125,-9,9
48758,95,94,1,1
48759,51,60,-9,9
48760,81,80,1,1
48761,88,76,12,12
48762,62,63,-1,1
48763,84,68,16,16
48764,69,75,-6,6
48765,62,65,-3,3
48766,101,107,-6,6
48767,112,111,1,1
48768,182,157,25,25
48769,51,61,-10,10
48770,89,87,2,2
48771,123,124,-1,1
48772,91,93,-2,2
48773,67,72,-5,5
48774,150,130,20,20
48775,61,68,-7,7
48776,107,103,4,4
48777,53,60,-7,7
48778,79,86,-7,7
48779,143,152,-9,9
48780,115,116,-1,1
48781,66,71,-5,5
48782,104,102,2,2
48783,154,152,2,2
48784,96,92,4,4
48785,165,163,2,2
48786,124,124,0,0
48787,108,103,5,5
48788,106,111,-5,5
48789,124,128,-4,4
48790,91,103,-12,12
48791,98,117,-19,19
48792,74,81,-7,7
48793,146,143,3,3
48794,136,133,3,3
48795,96,112,-16,16
48796,117,114,3,3
48797,113,106,7,7
48798,118,109,9,9
48799,151,143,8,8
48800,157,148,9,9
48801,98,91,7,7
48802,136,132,4,4
48803,119,131,-12,12
48804,66,63,3,3
48805,144,134,10,10
48806,118,115,3,3
48807,186,190,-4,4
48808,91,94,-3,3
48809,99,99,0,0
48810,78,85,-7,7
48811,81,91,-10,10
48812,77,87,-10,10
48813,51,62,-11,11
48814,81,85,-4,4
48815,110,111,-1,1
48816,83,83,0,0
48817,75,91,-16,16
48818,73,74,-1,1
48819,113,112,1,1
48820,84,78,6,6
48821,94,96,-2,2
48822,77,95,-18,18
48823,101,98,3,3
48824,100,95,5,5
48825,68,65,3,3
48826,65,70,-5,5
48827,159,155,4,4
48828,66,92,-26,26
48829,149,121,28,28
48830,81,104,-23,23
48831,56,62,-6,6
48832,149,160,-11,11
48833,56,62,-6,6
48834,110,105,5,5
48835,61,65,-4,4
48836,57,61,-4,4
48837,107,109,-2,2
48838,58,61,-3,3
48839,106,107,-1,1
48840,145,127,18,18
48841,70,73,-3,3
48842,115,119,-4,4
48843,106,90,16,16
48844,144,132,12,12
48845,129,115,14,14
48846,127,141,-14,14
48847,223,187,36,36
48848,147,143,4,4
48849,95,94,1,1
48850,34,63,-29,29
48851,66,62,4,4
48852,88,92,-4,4
48853,91,86,5,5
48854,90,87,3,3
48855,131,127,4,4
48856,61,65,-4,4
48857,66,67,-1,1
48858,125,133,-8,8
48859,69,66,3,3
48860,73,87,-14,14
48861,87,92,-5,5
48862,89,92,-3,3
48863,69,74,-5,5
48864,114,112,2,2
48865,64,65,-1,1
48866,146,135,11,11
48867,93,99,-6,6
48868,54,61,-7,7
48869,171,169,2,2
48870,63,66,-3,3
48871,70,84,-14,14
48872,61,62,-1,1
48873,75,77,-2,2
48874,158,139,19,19
48875,65,74,-9,9
48876,93,96,-3,3
48877,97,93,4,4
48878,126,133,-7,7
48879,122,119,3,3
48880,128,140,-12,12
48881,109,109,0,0
48882,90,89,1,1
48883,167,155,12,12
48884,79,70,9,9
48885,56,62,-6,6
48886,117,110,7,7
48887,80,77,3,3
48888,48,62,-14,14
48889,72,73,-1,1
48890,69,68,1,1
48891,105,105,0,0
48892,103,102,1,1
48893,94,95,-1,1
48894,91,90,1,1
48895,117,112,5,5
48896,168,185,-17,17
48897,60,63,-3,3
48898,93,110,-17,17
48899,110,107,3,3
48900,61,62,-1,1
48901,133,124,9,9
48902,124,111,13,13
48903,131,124,7,7
48904,81,82,-1,1
48905,78,71,7,7
48906,117,110,7,7
48907,116,113,3,3
48908,75,82,-7,7
48909,50,62,-12,12
48910,76,68,8,8
48911,120,114,6,6
48912,96,96,0,0
48913,99,119,-20,20
48914,163,150,13,13
48915,136,125,11,11
48916,150,135,15,15
48917,87,99,-12,12
48918,116,114,2,2
48919,127,127,0,0
48920,73,70,3,3
48921,110,113,-3,3
48922,65,65,0,0
48923,74,72,2,2
48924,98,96,2,2
48925,74,70,4,4
48926,105,105,0,0
48927,92,99,-7,7
48928,80,84,-4,4
48929,111,110,1,1
48930,93,95,-2,2
48931,69,69,0,0
48932,76,77,-1,1
48933,59,62,-3,3
48934,127,121,6,6
48935,45,63,-18,18
48936,100,80,20,20
48937,111,109,2,2
48938,165,199,-34,34
48939,161,166,-5,5
48940,108,111,-3,3
48941,85,92,-7,7
48942,131,132,-1,1
48943,28,60,-32,32
48944,92,90,2,2
48945,55,62,-7,7
48946,134,124,10,10
48947,112,103,9,9
48948,123,109,14,14
48949,137,131,6,6
48950,72,89,-17,17
48951,116,110,6,6
48952,136,133,3,3
48953,122,120,2,2
48954,120,119,1,1
48955,85,76,9,9
48956,98,103,-5,5
48957,108,125,-17,17
48958,95,98,-3,3
48959,71,69,2,2
48960,160,150,10,10
48961,112,115,-3,3
48962,98,106,-8,8
48963,72,69,3,3
48964,102,101,1,1
48965,95,92,3,3
48966,130,122,8,8
48967,96,96,0,0
48968,123,116,7,7
48969,100,108,-8,8
48970,172,161,11,11
48971,55,61,-6,6
48972,60,83,-23,23
48973,101,105,-4,4
48974,90,103,-13,13
48975,76,89,-13,13
48976,80,83,-3,3
48977,100,112,-12,12
48978,61,63,-2,2
48979,75,70,5,5
48980,81,104,-23,23
48981,121,116,5,5
48982,81,87,-6,6
48983,139,135,4,4
48984,86,80,6,6
48985,94,94,0,0
48986,121,116,5,5
48987,83,74,9,9
48988,127,142,-15,15
48989,49,63,-14,14
48990,83,95,-12,12
48991,76,74,2,2
48992,113,109,4,4
48993,73,70,3,3
48994,85,91,-6,6
48995,97,98,-1,1
48996,82,80,2,2
48997,103,103,0,0
48998,68,67,1,1
48999,65,68,-3,3
49000,46,74,-28,28
49001,108,102,6,6
49002,96,106,-10,10
49003,133,125,8,8
49004,97,99,-2,2
49005,62,61,1,1
49006,95,100,-5,5
49007,132,118,14,14
49008,164,147,17,17
49009,62,63,-1,1
49010,81,86,-5,5
49011,91,95,-4,4
49012,73,73,0,0
49013,73,77,-4,4
49014,105,111,-6,6
49015,75,77,-2,2
49016,73,60,13,13
49017,94,107,-13,13
49018,112,118,-6,6
49019,107,99,8,8
49020,79,75,4,4
49021,128,128,0,0
49022,100,96,4,4
49023,68,68,0,0
49024,84,74,10,10
49025,115,141,-26,26
49026,68,67,1,1
49027,50,61,-11,11
49028,80,89,-9,9
49029,71,75,-4,4
49030,115,114,1,1
49031,103,114,-11,11
49032,112,108,4,4
49033,95,92,3,3
49034,132,129,3,3
49035,108,118,-10,10
49036,89,100,-11,11
49037,96,92,4,4
49038,110,108,2,2
49039,103,195,-92,92
49040,113,100,13,13
49041,72,82,-10,10
49042,85,93,-8,8
49043,106,111,-5,5
49044,101,102,-1,1
49045,117,130,-13,13
49046,67,77,-10,10
49047,82,83,-1,1
49048,61,65,-4,4
49049,64,63,1,1
49050,86,91,-5,5
49051,89,93,-4,4
49052,49,60,-11,11
49053,136,115,21,21
49054,137,137,0,0
49055,79,68,11,11
49056,127,114,13,13
49057,130,123,7,7
49058,119,133,-14,14
49059,83,73,10,10
49060,98,101,-3,3
49061,124,119,5,5
49062,72,89,-17,17
49063,114,124,-10,10
49064,144,132,12,12
49065,117,107,10,10
49066,68,67,1,1
49067,41,62,-21,21
49068,88,97,-9,9
49069,156,143,13,13
49070,85,89,-4,4
49071,99,101,-2,2
49072,71,91,-20,20
49073,152,134,18,18
49074,86,83,3,3
49075,95,90,5,5
49076,100,99,1,1
49077,99,102,-3,3
49078,137,140,-3,3
49079,78,69,9,9
49080,142,128,14,14
49081,80,94,-14,14
49082,70,69,1,1
49083,112,113,-1,1
49084,116,117,-1,1
49085,76,84,-8,8
49086,128,118,10,10
49087,101,100,1,1
49088,111,111,0,0
49089,71,69,2,2
49090,129,124,5,5
49091,170,154,16,16
49092,136,116,20,20
49093,105,98,7,7
49094,117,110,7,7
49095,102,97,5,5
49096,77,81,-4,4
49097,103,113,-10,10
49098,53,62,-9,9
49099,94,103,-9,9
49100,73,64,9,9
49101,65,65,0,0
49102,107,125,-18,18
49103,78,91,-13,13
49104,83,77,6,6
49105,117,115,2,2
49106,33,62,-29,29
49107,97,100,-3,3
49108,119,117,2,2
49109,74,68,6,6
49110,96,95,1,1
49111,113,115,-2,2
49112,68,82,-14,14
49113,78,74,4,4
49114,123,113,10,10
49115,121,124,-3,3
49116,74,69,5,5
49117,100,96,4,4
49118,71,71,0,0
49119,46,62,-16,16
49120,90,95,-5,5
49121,63,74,-11,11
49122,94,110,-16,16
49123,83,90,-7,7
49124,86,92,-6,6
49125,116,120,-4,4
49126,107,103,4,4
49127,111,121,-10,10
49128,211,206,5,5
49129,71,67,4,4
49130,57,66,-9,9
49131,135,138,-3,3
49132,111,111,0,0
49133,97,98,-1,1
49134,139,134,5,5
49135,96,97,-1,1
49136,91,92,-1,1
49137,131,129,2,2
49138,134,124,10,10
49139,81,82,-1,1
49140,123,114,9,9
49141,122,125,-3,3
49142,149,138,11,11
49143,122,113,9,9
49144,114,113,1,1
49145,112,102,10,10
49146,110,103,7,7
49147,111,116,-5,5
49148,50,61,-11,11
49149,52,62,-10,10
49150,119,127,-8,8
49151,67,68,-1,1
49152,135,133,2,2
49153,81,70,11,11
49154,122,106,16,16
49155,130,129,1,1
49156,60,63,-3,3
49157,108,116,-8,8
49158,97,103,-6,6
49159,50,61,-11,11
49160,77,69,8,8
49161,106,98,8,8
49162,100,105,-5,5
49163,70,74,-4,4
49164,99,103,-4,4
49165,108,113,-5,5
49166,138,122,16,16
49167,132,128,4,4
49168,73,81,-8,8
49169,73,82,-9,9
49170,111,103,8,8
49171,101,102,-1,1
49172,123,120,3,3
49173,80,164,-84,84
49174,56,61,-5,5
49175,101,97,4,4
49176,119,120,-1,1
49177,125,138,-13,13
49178,107,109,-2,2
49179,141,133,8,8
49180,110,125,-15,15
49181,91,85,6,6
49182,67,66,1,1
49183,91,99,-8,8
49184,62,60,2,2
49185,66,61,5,5
49186,51,79,-28,28
49187,26,60,-34,34
49188,112,112,0,0
49189,85,79,6,6
49190,173,152,21,21
49191,65,62,3,3
49192,71,75,-4,4
49193,48,51,-3,3
49194,113,121,-8,8
49195,111,111,0,0
49196,76,81,-5,5
49197,72,72,0,0
49198,104,99,5,5
49199,113,110,3,3
49200,80,80,0,0
49201,129,131,-2,2
49202,80,76,4,4
49203,99,99,0,0
49204,98,106,-8,8
49205,186,171,15,15
49206,84,89,-5,5
49207,46,62,-16,16
49208,81,95,-14,14
49209,62,62,0,0
49210,85,86,-1,1
49211,63,62,1,1
49212,114,118,-4,4
49213,91,92,-1,1
49214,100,114,-14,14
49215,53,63,-10,10
49216,127,110,17,17
49217,93,90,3,3
49218,59,63,-4,4
49219,52,62,-10,10
49220,100,100,0,0
49221,73,80,-7,7
49222,110,112,-2,2
49223,88,73,15,15
49224,87,92,-5,5
49225,53,61,-8,8
49226,96,98,-2,2
49227,70,91,-21,21
49228,80,93,-13,13
49229,80,80,0,0
49230,78,73,5,5
49231,45,62,-17,17
49232,97,99,-2,2
49233,172,154,18,18
49234,92,96,-4,4
49235,72,71,1,1
49236,125,131,-6,6
49237,72,75,-3,3
49238,156,145,11,11
49239,61,64,-3,3
49240,118,121,-3,3
49241,89,114,-25,25
49242,126,109,17,17
49243,121,115,6,6
49244,63,76,-13,13
49245,96,94,2,2
49246,123,111,12,12
49247,80,90,-10,10
49248,120,119,1,1
49249,75,79,-4,4
49250,128,121,7,7
49251,166,156,10,10
49252,129,122,7,7
49253,74,80,-6,6
49254,70,76,-6,6
49255,75,79,-4,4
49256,115,99,16,16
49257,109,107,2,2
49258,86,87,-1,1
49259,90,94,-4,4
49260,95,93,2,2
49261,102,110,-8,8
49262,178,163,15,15
49263,140,129,11,11
49264,148,140,8,8
49265,75,79,-4,4
49266,94,89,5,5
49267,83,92,-9,9
49268,184,167,17,17
49269,98,93,5,5
49270,36,62,-26,26
49271,68,67,1,1
49272,88,93,-5,5
49273,71,68,3,3
49274,80,76,4,4
49275,81,79,2,2
49276,98,106,-8,8
49277,99,92,7,7
49278,41,61,-20,20
49279,51,60,-9,9
49280,161,147,14,14
49281,76,75,1,1
49282,103,101,2,2
49283,86,86,0,0
49284,111,106,5,5
49285,132,118,14,14
49286,91,93,-2,2
49287,114,109,5,5
49288,106,99,7,7
49289,140,133,7,7
49290,54,62,-8,8
49291,231,198,33,33
49292,74,73,1,1
49293,59,62,-3,3
49294,149,130,19,19
49295,98,96,2,2
49296,96,95,1,1
49297,98,104,-6,6
49298,29,62,-33,33
49299,80,76,4,4
49300,115,108,7,7
49301,75,68,7,7
49302,93,97,-4,4
49303,86,89,-3,3
49304,67,60,7,7
49305,56,60,-4,4
49306,120,118,2,2
49307,188,165,23,23
49308,31,61,-30,30
49309,51,63,-12,12
49310,55,60,-5,5
49311,81,88,-7,7
49312,75,79,-4,4
49313,63,68,-5,5
49314,85,84,1,1
49315,32,61,-29,29
49316,83,94,-11,11
49317,86,98,-12,12
49318,122,107,15,15
49319,46,61,-15,15
49320,122,111,11,11
49321,101,104,-3,3
49322,55,68,-13,13
49323,80,98,-18,18
49324,106,107,-1,1
49325,79,96,-17,17
49326,143,140,3,3
49327,124,125,-1,1
49328,128,126,2,2
49329,88,95,-7,7
49330,98,102,-4,4
49331,207,183,24,24
49332,133,121,12,12
49333,46,62,-16,16
49334,115,122,-7,7
49335,75,60,15,15
49336,93,91,2,2
49337,99,106,-7,7
49338,107,109,-2,2
49339,99,97,2,2
49340,78,79,-1,1
49341,104,95,9,9
49342,112,115,-3,3
49343,75,83,-8,8
49344,84,93,-9,9
49345,87,101,-14,14
49346,83,83,0,0
49347,151,136,15,15
49348,23,61,-38,38
49349,168,150,18,18
49350,62,66,-4,4
49351,65,64,1,1
49352,68,68,0,0
49353,110,113,-3,3
49354,159,138,21,21
49355,44,62,-18,18
49356,144,133,11,11
49357,71,68,3,3
49358,71,65,6,6
49359,131,114,17,17
49360,148,124,24,24
49361,116,114,2,2
49362,117,105,12,12
49363,116,133,-17,17
49364,95,94,1,1
49365,59,70,-11,11
49366,41,62,-21,21
49367,80,90,-10,10
49368,66,67,-1,1
49369,98,88,10,10
49370,186,171,15,15
49371,109,105,4,4
49372,97,123,-26,26
49373,74,64,10,10
49374,113,112,1,1
49375,61,60,1,1
49376,108,108,0,0
49377,123,112,11,11
49378,78,80,-2,2
49379,57,65,-8,8
49380,42,64,-22,22
49381,118,124,-6,6
49382,59,61,-2,2
49383,96,105,-9,9
49384,69,72,-3,3
49385,94,83,11,11
49386,84,100,-16,16
49387,182,177,5,5
49388,44,61,-17,17
49389,74,88,-14,14
49390,84,71,13,13
49391,173,151,22,22
49392,73,81,-8,8
49393,67,66,1,1
49394,84,91,-7,7
49395,106,104,2,2
49396,80,88,-8,8
49397,79,95,-16,16
49398,61,60,1,1
49399,73,84,-11,11
49400,50,62,-12,12
49401,94,96,-2,2
49402,86,96,-10,10
49403,71,69,2,2
49404,60,68,-8,8
49405,126,123,3,3
49406,60,60,0,0
49407,65,62,3,3
49408,83,85,-2,2
49409,47,61,-14,14
49410,234,189,45,45
49411,101,91,10,10
49412,111,105,6,6
49413,65,62,3,3
49414,50,61,-11,11
49415,63,70,-7,7
49416,121,122,-1,1
49417,63,61,2,2
49418,105,101,4,4
49419,51,62,-11,11
49420,85,74,11,11
49421,154,132,22,22
49422,130,117,13,13
49423,95,96,-1,1
49424,55,61,-6,6
49425,95,100,-5,5
49426,154,142,12,12
49427,109,107,2,2
49428,57,64,-7,7
49429,109,105,4,4
49430,125,116,9,9
49431,85,79,6,6
49432,76,67,9,9
49433,66,85,-19,19
49434,89,84,5,5
49435,64,62,2,2
49436,46,58,-12,12
49437,79,82,-3,3
49438,114,114,0,0
49439,73,69,4,4
49440,130,128,2,2
49441,78,71,7,7
49442,62,64,-2,2
49443,49,61,-12,12
49444,65,73,-8,8
49445,66,65,1,1
49446,72,78,-6,6
49447,81,81,0,0
49448,131,127,4,4
49449,113,114,-1,1
49450,103,101,2,2
49451,60,62,-2,2
49452,61,61,0,0
49453,62,61,1,1
49454,79,80,-1,1
49455,111,126,-15,15
49456,108,106,2,2
49457,124,108,16,16
49458,93,120,-27,27
49459,121,123,-2,2
49460,49,61,-12,12
49461,72,79,-7,7
49462,86,73,13,13
49463,64,64,0,0
49464,95,83,12,12
49465,108,112,-4,4
49466,148,140,8,8
49467,71,63,8,8
49468,85,103,-18,18
49469,72,80,-8,8
49470,107,108,-1,1
49471,121,108,13,13
49472,119,145,-26,26
49473,81,106,-25,25
49474,94,96,-2,2
49475,147,131,16,16
49476,101,104,-3,3
49477,106,111,-5,5
49478,59,63,-4,4
49479,70,67,3,3
49480,52,62,-10,10
49481,89,81,8,8
49482,128,126,2,2
49483,111,117,-6,6
49484,146,137,9,9
49485,49,60,-11,11
49486,110,104,6,6
49487,119,140,-21,21
49488,96,102,-6,6
49489,119,112,7,7
49490,140,132,8,8
49491,124,120,4,4
49492,90,83,7,7
49493,68,67,1,1
49494,92,101,-9,9
49495,163,147,16,16
49496,77,70,7,7
49497,103,99,4,4
49498,126,109,17,17
49499,70,76,-6,6
49500,127,116,11,11
49501,76,82,-6,6
49502,138,132,6,6
49503,88,96,-8,8
49504,58,87,-29,29
49505,68,65,3,3
49506,146,141,5,5
49507,139,132,7,7
49508,71,82,-11,11
49509,143,133,10,10
49510,123,108,15,15
49511,55,62,-7,7
49512,93,96,-3,3
49513,74,81,-7,7
49514,122,116,6,6
49515,79,92,-13,13
49516,75,74,1,1
49517,72,85,-13,13
49518,122,118,4,4
49519,82,82,0,0
49520,66,65,1,1
49521,67,68,-1,1
49522,62,64,-2,2
49523,108,101,7,7
49524,82,87,-5,5
49525,93,99,-6,6
49526,57,62,-5,5
49527,73,76,-3,3
49528,116,102,14,14
49529,97,92,5,5
49530,107,107,0,0
49531,69,68,1,1
49532,118,113,5,5
49533,112,112,0,0
49534,75,78,-3,3
49535,128,132,-4,4
49536,96,103,-7,7
49537,81,91,-10,10
49538,149,138,11,11
49539,65,69,-4,4
49540,28,62,-34,34
49541,92,95,-3,3
49542,82,71,11,11
49543,65,80,-15,15
49544,130,125,5,5
49545,85,87,-2,2
49546,105,111,-6,6
49547,119,125,-6,6
49548,124,113,11,11
49549,89,91,-2,2
49550,52,61,-9,9
49551,95,95,0,0
49552,111,128,-17,17
49553,110,98,12,12
49554,104,105,-1,1
49555,107,114,-7,7
49556,79,78,1,1
49557,98,92,6,6
49558,113,114,-1,1
49559,59,60,-1,1
49560,86,81,5,5
49561,40,61,-21,21
49562,59,61,-2,2
49563,108,107,1,1
49564,49,58,-9,9
49565,86,76,10,10
49566,84,80,4,4
49567,93,94,-1,1
49568,74,73,1,1
49569,73,71,2,2
49570,89,97,-8,8
49571,83,94,-11,11
49572,94,106,-12,12
49573,103,98,5,5
49574,117,128,-11,11
49575,162,146,16,16
49576,72,99,-27,27
49577,107,115,-8,8
49578,122,115,7,7
49579,108,108,0,0
49580,96,82,14,14
49581,98,98,0,0
49582,111,116,-5,5
49583,51,61,-10,10
49584,70,81,-11,11
49585,64,65,-1,1
49586,47,60,-13,13
49587,45,62,-17,17
49588,69,97,-28,28
49589,91,91,0,0
49590,77,66,11,11
49591,83,80,3,3
49592,73,71,2,2
49593,70,69,1,1
49594,228,178,50,50
49595,50,64,-14,14
49596,69,67,2,2
49597,88,87,1,1
49598,76,83,-7,7
49599,80,74,6,6
49600,73,73,0,0
49601,86,91,-5,5
49602,103,126,-23,23
49603,135,122,13,13
49604,75,83,-8,8
49605,78,84,-6,6
49606,114,99,15,15
49607,112,128,-16,16
49608,66,71,-5,5
49609,94,91,3,3
49610,86,80,6,6
49611,86,81,5,5
49612,115,120,-5,5
49613,81,77,4,4
49614,96,105,-9,9
49615,100,96,4,4
49616,137,128,9,9
49617,71,67,4,4
49618,77,74,3,3
49619,102,107,-5,5
49620,83,93,-10,10
49621,87,91,-4,4
49622,123,112,11,11
49623,65,73,-8,8
49624,59,65,-6,6
49625,98,99,-1,1
49626,127,136,-9,9
49627,141,122,19,19
49628,55,62,-7,7
49629,63,67,-4,4
49630,102,98,4,4
49631,63,68,-5,5
49632,108,100,8,8
49633,105,104,1,1
49634,57,61,-4,4
49635,64,61,3,3
49636,83,83,0,0
49637,97,99,-2,2
49638,97,100,-3,3
49639,84,99,-15,15
49640,117,116,1,1
49641,99,94,5,5
49642,106,105,1,1
49643,101,100,1,1
49644,91,86,5,5
49645,131,121,10,10
49646,162,153,9,9
49647,81,82,-1,1
49648,56,64,-8,8
49649,120,111,9,9
49650,103,95,8,8
49651,43,62,-19,19
49652,59,62,-3,3
49653,90,89,1,1
49654,116,110,6,6
49655,55,61,-6,6
49656,97,96,1,1
49657,99,94,5,5
49658,52,61,-9,9
49659,32,62,-30,30
49660,91,101,-10,10
49661,92,95,-3,3
49662,52,61,-9,9
49663,159,139,20,20
49664,144,128,16,16
49665,115,113,2,2
49666,44,60,-16,16
49667,114,118,-4,4
49668,183,162,21,21
49669,94,93,1,1
49670,82,99,-17,17
49671,85,74,11,11
49672,71,72,-1,1
49673,151,136,15,15
49674,98,97,1,1
49675,116,114,2,2
49676,108,103,5,5
49677,85,89,-4,4
49678,96,133,-37,37
49679,94,111,-17,17
49680,59,61,-2,2
49681,81,77,4,4
49682,125,124,1,1
49683,64,72,-8,8
49684,106,101,5,5
49685,89,93,-4,4
49686,91,89,2,2
49687,72,61,11,11
49688,69,76,-7,7
49689,94,85,9,9
49690,133,122,11,11
49691,115,114,1,1
49692,92,90,2,2
49693,171,152,19,19
49694,108,105,3,3
49695,102,99,3,3
49696,133,135,-2,2
49697,89,81,8,8
49698,93,93,0,0
49699,39,57,-18,18
49700,119,108,11,11
49701,116,111,5,5
49702,71,60,11,11
49703,121,122,-1,1
49704,109,108,1,1
49705,121,104,17,17
49706,87,93,-6,6
49707,73,90,-17,17
49708,103,96,7,7
49709,50,60,-10,10
49710,53,62,-9,9
49711,94,98,-4,4
49712,143,146,-3,3
49713,68,64,4,4
49714,148,132,16,16
49715,54,61,-7,7
49716,121,109,12,12
49717,116,138,-22,22
49718,91,102,-11,11
49719,74,68,6,6
49720,68,67,1,1
49721,129,126,3,3
49722,69,62,7,7
49723,43,61,-18,18
49724,125,123,2,2
49725,101,110,-9,9
49726,188,158,30,30
49727,135,122,13,13
49728,57,61,-4,4
49729,96,102,-6,6
49730,68,64,4,4
49731,154,138,16,16
49732,101,107,-6,6
49733,48,61,-13,13
49734,62,75,-13,13
49735,182,160,22,22
49736,83,93,-10,10
49737,52,60,-8,8
49738,97,88,9,9
49739,108,122,-14,14
49740,90,104,-14,14
49741,88,91,-3,3
49742,109,111,-2,2
49743,84,100,-16,16
49744,93,111,-18,18
49745,87,83,4,4
49746,75,74,1,1
49747,77,99,-22,22
49748,159,139,20,20
49749,56,61,-5,5
49750,135,118,17,17
49751,42,61,-19,19
49752,42,61,-19,19
49753,82,98,-16,16
49754,106,113,-7,7
49755,98,107,-9,9
49756,59,63,-4,4
49757,158,133,25,25
49758,109,115,-6,6
49759,93,96,-3,3
49760,174,158,16,16
49761,91,95,-4,4
49762,138,117,21,21
49763,104,99,5,5
49764,92,97,-5,5
49765,67,70,-3,3
49766,87,95,-8,8
49767,135,122,13,13
49768,102,97,5,5
49769,164,148,16,16
49770,67,71,-4,4
49771,106,100,6,6
49772,88,98,-10,10
49773,109,107,2,2
49774,97,91,6,6
49775,49,62,-13,13
49776,124,118,6,6
49777,64,62,2,2
49778,160,146,14,14
49779,108,107,1,1
49780,71,69,2,2
49781,108,103,5,5
49782,87,90,-3,3
49783,181,161,20,20
49784,100,99,1,1
49785,52,61,-9,9
49786,128,121,7,7
49787,84,79,5,5
49788,123,111,12,12
49789,131,125,6,6
49790,113,114,-1,1
49791,127,126,1,1
49792,85,92,-7,7
49793,71,71,0,0
49794,108,108,0,0
49795,74,70,4,4
49796,160,145,15,15
49797,72,83,-11,11
49798,75,72,3,3
49799,122,123,-1,1
49800,85,88,-3,3
49801,74,86,-12,12
49802,44,73,-29,29
49803,110,123,-13,13
49804,64,70,-6,6
49805,40,61,-21,21
49806,124,116,8,8
49807,88,93,-5,5
49808,123,120,3,3
49809,122,124,-2,2
49810,122,118,4,4
49811,104,117,-13,13
49812,100,104,-4,4
49813,83,82,1,1
49814,50,60,-10,10
49815,93,94,-1,1
49816,91,88,3,3
49817,78,87,-9,9
49818,121,122,-1,1
49819,90,88,2,2
49820,53,62,-9,9
49821,112,104,8,8
49822,82,82,0,0
49823,167,152,15,15
49824,97,94,3,3
49825,63,63,0,0
49826,112,108,4,4
49827,102,89,13,13
49828,78,79,-1,1
49829,124,119,5,5
49830,60,62,-2,2
49831,59,61,-2,2
49832,55,64,-9,9
49833,154,139,15,15
49834,86,90,-4,4
49835,102,95,7,7
49836,70,72,-2,2
49837,47,62,-15,15
49838,79,61,18,18
49839,62,63,-1,1
49840,114,143,-29,29
49841,117,105,12,12
49842,60,64,-4,4
49843,86,77,9,9
49844,152,149,3,3
49845,168,160,8,8
49846,124,135,-11,11
49847,60,63,-3,3
49848,125,114,11,11
49849,62,67,-5,5
49850,88,95,-7,7
49851,66,65,1,1
49852,175,153,22,22
49853,88,93,-5,5
49854,45,62,-17,17
49855,74,68,6,6
49856,135,129,6,6
49857,106,103,3,3
49858,130,116,14,14
49859,79,89,-10,10
49860,81,79,2,2
49861,65,73,-8,8
49862,107,97,10,10
49863,97,92,5,5
49864,76,87,-11,11
49865,116,108,8,8
49866,59,61,-2,2
49867,54,61,-7,7
49868,98,99,-1,1
49869,128,141,-13,13
49870,106,107,-1,1
49871,78,80,-2,2
49872,131,127,4,4
49873,69,65,4,4
49874,153,155,-2,2
49875,71,74,-3,3
49876,67,73,-6,6
49877,107,101,6,6
49878,75,106,-31,31
49879,87,92,-5,5
49880,94,87,7,7
49881,90,102,-12,12
49882,74,79,-5,5
49883,135,124,11,11
49884,134,123,11,11
49885,151,137,14,14
49886,92,99,-7,7
49887,92,100,-8,8
49888,80,93,-13,13
49889,91,96,-5,5
49890,89,94,-5,5
49891,86,80,6,6
49892,76,75,1,1
49893,107,106,1,1
49894,140,132,8,8
49895,85,103,-18,18
49896,85,89,-4,4
49897,69,66,3,3
49898,96,97,-1,1
49899,62,61,1,1
49900,79,77,2,2
49901,138,116,22,22
49902,115,106,9,9
49903,106,108,-2,2
49904,93,92,1,1
49905,122,112,10,10
49906,106,98,8,8
49907,90,92,-2,2
49908,88,77,11,11
49909,72,69,3,3
49910,84,95,-11,11
49911,138,141,-3,3
49912,92,99,-7,7
49913,95,98,-3,3
49914,86,84,2,2
49915,73,64,9,9
49916,70,86,-16,16
49917,61,64,-3,3
49918,161,147,14,14
49919,89,85,4,4
49920,130,120,10,10
49921,99,73,26,26
49922,79,81,-2,2
49923,47,63,-16,16
49924,75,89,-14,14
49925,69,68,1,1
49926,78,80,-2,2
49927,45,63,-18,18
49928,67,77,-10,10
49929,99,107,-8,8
49930,92,106,-14,14
49931,116,116,0,0
49932,132,119,13,13
49933,88,97,-9,9
49934,94,100,-6,6
49935,112,119,-7,7
49936,40,61,-21,21
49937,58,62,-4,4
49938,88,80,8,8
49939,85,82,3,3
49940,86,61,25,25
49941,145,141,4,4
49942,105,101,4,4
49943,99,96,3,3
49944,62,62,0,0
49945,95,98,-3,3
49946,90,80,10,10
49947,57,62,-5,5
49948,104,104,0,0
49949,70,73,-3,3
49950,103,96,7,7
49951,102,98,4,4
49952,56,61,-5,5
49953,67,68,-1,1
49954,65,66,-1,1
49955,65,73,-8,8
49956,100,139,-39,39
49957,77,92,-15,15
49958,140,126,14,14
49959,86,75,11,11
49960,123,118,5,5
49961,33,76,-43,43
49962,102,101,1,1
49963,116,109,7,7
49964,63,67,-4,4
49965,79,86,-7,7
49966,160,149,11,11
49967,60,61,-1,1
49968,65,60,5,5
49969,84,86,-2,2
49970,67,67,0,0
49971,90,98,-8,8
49972,70,81,-11,11
49973,68,74,-6,6
49974,104,114,-10,10
49975,87,90,-3,3
49976,124,113,11,11
49977,128,121,7,7
49978,166,160,6,6
49979,72,77,-5,5
49980,54,62,-8,8
49981,111,103,8,8
49982,93,91,2,2
49983,107,104,3,3
49984,137,128,9,9
49985,89,84,5,5
49986,68,61,7,7
49987,52,61,-9,9
49988,75,90,-15,15
49989,79,79,0,0
49990,48,61,-13,13
49991,75,68,7,7
49992,85,81,4,4
49993,78,83,-5,5
49994,101,99,2,2
49995,173,148,25,25
49996,90,82,8,8
49997,55,60,-5,5
49998,98,101,-3,3
49999,131,112,19,19
50000,149,137,12,12
50001,90,95,-5,5
50002,51,59,-8,8
50003,68,65,3,3
50004,111,103,8,8
50005,77,87,-10,10
50006,150,137,13,13
50007,123,119,4,4
50008,42,62,-20,20
50009,111,106,5,5
50010,73,74,-1,1
50011,77,76,1,1
50012,74,108,-34,34
50013,145,139,6,6
50014,77,68,9,9
50015,102,106,-4,4
50016,79,81,-2,2
50017,65,65,0,0
50018,64,65,-1,1
50019,54,62,-8,8
50020,127,116,11,11
50021,126,132,-6,6
50022,83,89,-6,6
50023,108,100,8,8
50024,103,101,2,2
50025,132,127,5,5
50026,141,122,19,19
50027,132,127,5,5
50028,71,71,0,0
50029,111,111,0,0
50030,133,128,5,5
50031,102,103,-1,1
50032,57,62,-5,5
50033,92,105,-13,13
50034,120,110,10,10
50035,85,85,0,0
50036,86,101,-15,15
50037,79,74,5,5
50038,69,74,-5,5
50039,63,61,2,2
50040,118,118,0,0
50041,132,135,-3,3
50042,72,77,-5,5
50043,98,110,-12,12
50044,110,108,2,2
50045,105,108,-3,3
50046,67,67,0,0
50047,92,97,-5,5
50048,118,129,-11,11
50049,134,121,13,13
50050,70,66,4,4
50051,129,116,13,13
50052,67,63,4,4
50053,36,49,-13,13
50054,137,141,-4,4
50055,40,61,-21,21
50056,89,93,-4,4
50057,89,91,-2,2
50058,83,89,-6,6
50059,70,93,-23,23
50060,125,124,1,1
50061,113,105,8,8
50062,64,66,-2,2
50063,101,96,5,5
50064,92,96,-4,4
50065,118,112,6,6
50066,70,71,-1,1
50067,87,116,-29,29
50068,112,107,5,5
50069,195,187,8,8
50070,122,116,6,6
50071,59,58,1,1
50072,155,140,15,15
50073,131,118,13,13
50074,143,119,24,24
50075,117,105,12,12
50076,120,113,7,7
50077,113,107,6,6
50078,102,97,5,5
50079,131,117,14,14
50080,105,98,7,7
50081,87,93,-6,6
50082,66,70,-4,4
50083,122,134,-12,12
50084,116,101,15,15
50085,104,99,5,5
50086,51,63,-12,12
50087,90,93,-3,3
50088,87,91,-4,4
50089,93,110,-17,17
50090,61,71,-10,10
50091,106,110,-4,4
50092,47,60,-13,13
50093,80,76,4,4
50094,74,74,0,0
50095,50,59,-9,9
50096,167,152,15,15
50097,56,62,-6,6
50098,110,118,-8,8
50099,160,151,9,9
50100,105,107,-2,2
50101,63,62,1,1
50102,97,97,0,0
50103,98,100,-2,2
50104,108,108,0,0
50105,105,106,-1,1
50106,119,107,12,12
50107,144,126,18,18
50108,65,63,2,2
50109,112,108,4,4
50110,113,106,7,7
50111,98,107,-9,9
50112,83,77,6,6
50113,170,153,17,17
50114,88,95,-7,7
50115,109,102,7,7
50116,92,93,-1,1
50117,121,118,3,3
50118,58,61,-3,3
50119,96,125,-29,29
50120,108,104,4,4
50121,150,141,9,9
50122,78,78,0,0
50123,43,62,-19,19
50124,49,60,-11,11
50125,173,147,26,26
50126,100,96,4,4
50127,104,99,5,5
50128,76,96,-20,20
50129,108,107,1,1
50130,148,136,12,12
50131,74,76,-2,2
50132,72,66,6,6
50133,78,68,10,10
50134,108,110,-2,2
50135,92,100,-8,8
50136,94,101,-7,7
50137,104,108,-4,4
50138,102,109,-7,7
50139,70,67,3,3
50140,88,85,3,3
50141,104,108,-4,4
50142,115,99,16,16
50143,87,78,9,9
50144,110,108,2,2
50145,70,74,-4,4
50146,78,79,-1,1
50147,80,88,-8,8
50148,56,62,-6,6
50149,125,120,5,5
50150,79,77,2,2
50151,90,84,6,6
50152,134,128,6,6
50153,123,116,7,7
50154,116,110,6,6
50155,79,80,-1,1
50156,100,112,-12,12
50157,55,61,-6,6
50158,86,89,-3,3
50159,125,133,-8,8
50160,68,66,2,2
50161,73,77,-4,4
50162,103,98,5,5
50163,172,170,2,2
50164,18,63,-45,45
50165,80,85,-5,5
50166,64,65,-1,1
50167,90,92,-2,2
50168,100,104,-4,4
50169,52,60,-8,8
50170,199,177,22,22
50171,90,98,-8,8
50172,80,99,-19,19
50173,138,138,0,0
50174,64,69,-5,5
50175,101,98,3,3
50176,116,131,-15,15
50177,134,116,18,18
50178,113,111,2,2
50179,84,84,0,0
50180,55,69,-14,14
50181,194,173,21,21
50182,81,92,-11,11
50183,100,99,1,1
50184,97,102,-5,5
50185,64,63,1,1
50186,55,62,-7,7
50187,68,75,-7,7
50188,103,103,0,0
50189,102,93,9,9
50190,68,66,2,2
50191,95,95,0,0
50192,74,77,-3,3
50193,77,67,10,10
50194,97,106,-9,9
50195,77,65,12,12
50196,124,118,6,6
50197,62,65,-3,3
50198,78,88,-10,10
50199,149,135,14,14
50200,53,63,-10,10
50201,80,89,-9,9
50202,82,93,-11,11
50203,69,67,2,2
50204,80,94,-14,14
50205,45,61,-16,16
50206,66,68,-2,2
50207,46,63,-17,17
50208,82,92,-10,10
50209,45,61,-16,16
50210,105,104,1,1
50211,109,100,9,9
50212,89,92,-3,3
50213,69,67,2,2
50214,132,110,22,22
50215,106,110,-4,4
50216,132,125,7,7
50217,141,142,-1,1
50218,282,262,20,20
50219,151,159,-8,8
50220,93,94,-1,1
50221,129,128,1,1
50222,82,95,-13,13
50223,72,77,-5,5
50224,86,90,-4,4
50225,42,62,-20,20
50226,85,77,8,8
50227,105,95,10,10
50228,110,105,5,5
50229,50,61,-11,11
50230,88,101,-13,13
50231,98,89,9,9
50232,85,80,5,5
50233,122,120,2,2
50234,122,144,-22,22
50235,124,119,5,5
50236,77,88,-11,11
50237,117,115,2,2
50238,98,108,-10,10
50239,90,90,0,0
50240,129,118,11,11
50241,88,101,-13,13
50242,73,76,-3,3
50243,77,87,-10,10
50244,139,142,-3,3
50245,96,94,2,2
50246,102,97,5,5
50247,87,97,-10,10
50248,70,68,2,2
50249,159,148,11,11
50250,60,63,-3,3
50251,69,62,7,7
50252,113,112,1,1
50253,156,141,15,15
50254,118,112,6,6
50255,53,61,-8,8
50256,104,111,-7,7
50257,83,74,9,9
50258,67,60,7,7
50259,95,107,-12,12
50260,103,102,1,1
50261,132,140,-8,8
50262,115,108,7,7
50263,89,96,-7,7
50264,107,101,6,6
50265,99,104,-5,5
50266,97,102,-5,5
50267,54,60,-6,6
50268,101,103,-2,2
50269,97,91,6,6
50270,81,93,-12,12
50271,150,154,-4,4
50272,76,104,-28,28
50273,87,93,-6,6
50274,101,117,-16,16
50275,51,62,-11,11
50276,99,100,-1,1
50277,76,80,-4,4
50278,170,153,17,17
50279,129,108,21,21
50280,73,75,-2,2
50281,172,170,2,2
50282,142,133,9,9
50283,104,103,1,1
50284,125,113,12,12
50285,51,62,-11,11
50286,127,125,2,2
50287,150,136,14,14
50288,71,79,-8,8
50289,129,131,-2,2
50290,92,101,-9,9
50291,83,87,-4,4
50292,82,89,-7,7
50293,143,149,-6,6
50294,105,103,2,2
50295,60,63,-3,3
50296,79,89,-10,10
50297,26,62,-36,36
50298,131,113,18,18
50299,90,88,2,2
50300,72,72,0,0
50301,62,64,-2,2
50302,76,70,6,6
50303,138,132,6,6
50304,81,98,-17,17
50305,108,102,6,6
50306,88,99,-11,11
50307,115,119,-4,4
50308,123,114,9,9
50309,89,97,-8,8
50310,123,119,4,4
50311,104,99,5,5
50312,67,63,4,4
50313,82,94,-12,12
50314,68,65,3,3
50315,72,68,4,4
50316,92,93,-1,1
50317,60,62,-2,2
50318,76,95,-19,19
50319,91,101,-10,10
50320,95,91,4,4
50321,101,104,-3,3
50322,96,100,-4,4
50323,122,119,3,3
50324,139,134,5,5
50325,141,112,29,29
50326,89,85,4,4
50327,103,116,-13,13
50328,51,63,-12,12
50329,75,88,-13,13
50330,107,130,-23,23
50331,64,65,-1,1
50332,54,62,-8,8
50333,90,94,-4,4
50334,75,82,-7,7
50335,136,123,13,13
50336,99,108,-9,9
50337,128,137,-9,9
50338,125,115,10,10
50339,131,116,15,15
50340,61,60,1,1
50341,60,61,-1,1
50342,70,84,-14,14
50343,136,136,0,0
50344,91,81,10,10
50345,74,71,3,3
50346,63,68,-5,5
50347,113,104,9,9
50348,78,65,13,13
50349,208,189,19,19
50350,153,142,11,11
50351,154,146,8,8
50352,92,94,-2,2
50353,61,62,-1,1
50354,88,97,-9,9
50355,53,67,-14,14
50356,60,61,-1,1
50357,101,97,4,4
50358,108,105,3,3
50359,70,69,1,1
50360,73,69,4,4
50361,86,91,-5,5
50362,63,63,0,0
50363,105,107,-2,2
50364,72,63,9,9
50365,145,129,16,16
50366,71,68,3,3
50367,148,137,11,11
50368,68,87,-19,19
50369,158,141,17,17
50370,176,161,15,15
50371,98,86,12,12
50372,151,137,14,14
50373,72,95,-23,23
50374,48,62,-14,14
50375,77,75,2,2
50376,65,65,0,0
50377,107,107,0,0
50378,93,91,2,2
50379,103,110,-7,7
50380,95,95,0,0
50381,45,61,-16,16
50382,148,138,10,10
50383,130,125,5,5
50384,123,114,9,9
50385,91,94,-3,3
50386,127,146,-19,19
50387,66,72,-6,6
50388,71,68,3,3
50389,133,122,11,11
50390,111,115,-4,4
50391,92,103,-11,11
50392,72,69,3,3
50393,70,69,1,1
50394,158,146,12,12
50395,56,62,-6,6
50396,63,68,-5,5
50397,73,69,4,4
50398,170,152,18,18
50399,118,129,-11,11
50400,83,94,-11,11
50401,59,64,-5,5
50402,95,80,15,15
50403,79,61,18,18
50404,79,77,2,2
50405,103,122,-19,19
50406,127,122,5,5
50407,93,99,-6,6
50408,82,81,1,1
50409,48,61,-13,13
50410,90,96,-6,6
50411,76,64,12,12
50412,91,97,-6,6
50413,43,62,-19,19
50414,66,67,-1,1
50415,55,59,-4,4
50416,93,97,-4,4
50417,102,97,5,5
50418,56,61,-5,5
50419,91,95,-4,4
50420,126,125,1,1
50421,78,90,-12,12
50422,81,79,2,2
50423,103,104,-1,1
50424,114,106,8,8
50425,103,104,-1,1
50426,137,136,1,1
50427,111,108,3,3
50428,71,71,0,0
50429,99,89,10,10
50430,118,114,4,4
50431,145,130,15,15
50432,83,82,1,1
50433,59,62,-3,3
50434,79,84,-5,5
50435,60,61,-1,1
50436,59,62,-3,3
50437,109,112,-3,3
50438,74,77,-3,3
50439,125,129,-4,4
50440,112,103,9,9
50441,74,74,0,0
50442,149,138,11,11
50443,79,95,-16,16
50444,76,74,2,2
50445,124,115,9,9
50446,62,62,0,0
50447,59,76,-17,17
50448,190,169,21,21
50449,62,81,-19,19
50450,105,118,-13,13
50451,97,82,15,15
50452,128,120,8,8
50453,113,110,3,3
50454,98,94,4,4
50455,37,62,-25,25
50456,136,135,1,1
50457,79,94,-15,15
50458,47,63,-16,16
50459,98,87,11,11
50460,101,105,-4,4
50461,87,92,-5,5
50462,49,61,-12,12
50463,88,74,14,14
50464,92,93,-1,1
50465,128,125,3,3
50466,111,104,7,7
50467,106,113,-7,7
50468,57,65,-8,8
50469,95,103,-8,8
50470,60,61,-1,1
50471,131,118,13,13
50472,88,80,8,8
50473,83,92,-9,9
50474,109,106,3,3
50475,114,113,1,1
50476,84,93,-9,9
50477,85,90,-5,5
50478,86,92,-6,6
50479,76,78,-2,2
50480,112,100,12,12
50481,106,111,-5,5
50482,56,59,-3,3
50483,120,123,-3,3
50484,53,62,-9,9
50485,32,57,-25,25
50486,184,179,5,5
50487,82,76,6,6
50488,66,66,0,0
50489,67,78,-11,11
50490,123,123,0,0
50491,123,116,7,7
50492,146,126,20,20
50493,74,77,-3,3
50494,113,102,11,11
50495,102,108,-6,6
50496,143,127,16,16
50497,88,89,-1,1
50498,136,123,13,13
50499,149,147,2,2
50500,165,155,10,10
50501,59,61,-2,2
50502,87,86,1,1
50503,85,86,-1,1
50504,54,59,-5,5
50505,48,53,-5,5
50506,73,66,7,7
50507,74,68,6,6
50508,125,131,-6,6
50509,71,62,9,9
50510,36,63,-27,27
50511,127,114,13,13
50512,71,63,8,8
50513,92,93,-1,1
50514,55,62,-7,7
50515,62,62,0,0
50516,76,65,11,11
50517,64,64,0,0
50518,129,126,3,3
50519,147,137,10,10
50520,69,77,-8,8
50521,76,70,6,6
50522,86,92,-6,6
50523,66,61,5,5
50524,76,73,3,3
50525,74,81,-7,7
50526,54,61,-7,7
50527,109,110,-1,1
50528,141,133,8,8
50529,55,63,-8,8
50530,121,108,13,13
50531,79,89,-10,10
50532,80,74,6,6
50533,156,156,0,0
50534,44,62,-18,18
50535,114,104,10,10
50536,105,103,2,2
50537,73,79,-6,6
50538,84,88,-4,4
50539,176,158,18,18
50540,62,61,1,1
50541,121,113,8,8
50542,114,113,1,1
50543,87,97,-10,10
50544,77,91,-14,14
50545,64,63,1,1
50546,165,148,17,17
50547,139,145,-6,6
50548,121,114,7,7
50549,97,99,-2,2
50550,193,163,30,30
50551,125,128,-3,3
50552,76,105,-29,29
50553,54,62,-8,8
50554,134,135,-1,1
50555,72,75,-3,3
50556,96,96,0,0
50557,37,61,-24,24
50558,125,114,11,11
50559,87,81,6,6
50560,33,59,-26,26
50561,71,70,1,1
50562,53,61,-8,8
50563,59,64,-5,5
50564,110,104,6,6
50565,82,90,-8,8
50566,110,106,4,4
50567,64,62,2,2
50568,65,66,-1,1
50569,134,121,13,13
50570,58,63,-5,5
50571,90,100,-10,10
50572,79,91,-12,12
50573,66,90,-24,24
50574,88,101,-13,13
50575,89,126,-37,37
50576,124,121,3,3
50577,111,108,3,3
50578,144,124,20,20
50579,131,132,-1,1
50580,133,130,3,3
50581,104,105,-1,1
50582,63,66,-3,3
50583,72,65,7,7
50584,76,71,5,5
50585,59,61,-2,2
50586,110,103,7,7
50587,69,66,3,3
50588,112,111,1,1
50589,41,63,-22,22
50590,135,126,9,9
50591,101,122,-21,21
50592,86,84,2,2
50593,116,122,-6,6
50594,88,92,-4,4
50595,74,90,-16,16
50596,41,62,-21,21
50597,91,101,-10,10
50598,164,148,16,16
50599,58,62,-4,4
50600,203,185,18,18
50601,84,89,-5,5
50602,91,76,15,15
50603,98,101,-3,3
50604,123,125,-2,2
50605,63,57,6,6
50606,88,82,6,6
50607,92,103,-11,11
50608,117,114,3,3
50609,72,63,9,9
50610,69,66,3,3
50611,77,74,3,3
50612,77,74,3,3
50613,73,69,4,4
50614,94,95,-1,1
50615,118,112,6,6
50616,98,97,1,1
50617,82,89,-7,7
50618,137,120,17,17
50619,84,99,-15,15
50620,113,109,4,4
50621,145,128,17,17
50622,67,67,0,0
50623,101,103,-2,2
50624,37,69,-32,32
50625,49,61,-12,12
50626,63,70,-7,7
50627,76,73,3,3
50628,216,178,38,38
50629,138,136,2,2
50630,96,98,-2,2
50631,76,92,-16,16
50632,66,65,1,1
50633,55,61,-6,6
50634,92,95,-3,3
50635,83,94,-11,11
50636,107,120,-13,13
50637,124,113,11,11
50638,78,75,3,3
50639,149,144,5,5
50640,154,144,10,10
50641,67,64,3,3
50642,82,81,1,1
50643,99,104,-5,5
50644,107,107,0,0
50645,156,144,12,12
50646,174,190,-16,16
50647,103,101,2,2
50648,116,115,1,1
50649,44,60,-16,16
50650,108,107,1,1
50651,94,106,-12,12
50652,63,70,-7,7
50653,95,96,-1,1
50654,57,63,-6,6
50655,72,78,-6,6
50656,72,71,1,1
50657,101,101,0,0
50658,94,115,-21,21
50659,86,74,12,12
50660,157,143,14,14
50661,56,63,-7,7
50662,77,78,-1,1
50663,76,90,-14,14
50664,164,158,6,6
50665,68,79,-11,11
50666,65,70,-5,5
50667,124,119,5,5
50668,62,65,-3,3
50669,138,124,14,14
50670,146,140,6,6
50671,135,154,-19,19
50672,124,112,12,12
50673,105,101,4,4
50674,71,66,5,5
50675,84,84,0,0
50676,84,75,9,9
50677,70,65,5,5
50678,112,106,6,6
50679,127,136,-9,9
50680,51,143,-92,92
50681,104,103,1,1
50682,96,103,-7,7
50683,97,87,10,10
50684,72,74,-2,2
50685,117,110,7,7
50686,115,124,-9,9
50687,76,83,-7,7
50688,98,103,-5,5
50689,70,75,-5,5
50690,97,103,-6,6
50691,131,148,-17,17
50692,50,61,-11,11
50693,68,68,0,0
50694,64,60,4,4
50695,103,106,-3,3
50696,48,62,-14,14
50697,106,103,3,3
50698,80,84,-4,4
50699,131,126,5,5
50700,59,61,-2,2
50701,196,181,15,15
50702,143,146,-3,3
50703,74,67,7,7
50704,69,75,-6,6
50705,70,73,-3,3
50706,114,104,10,10
50707,70,66,4,4
50708,42,63,-21,21
50709,112,122,-10,10
50710,79,77,2,2
50711,159,150,9,9
50712,121,107,14,14
50713,69,71,-2,2
50714,93,87,6,6
50715,90,94,-4,4
50716,91,100,-9,9
50717,65,69,-4,4
50718,136,142,-6,6
50719,65,69,-4,4
50720,51,61,-10,10
50721,131,118,13,13
50722,81,89,-8,8
50723,60,117,-57,57
50724,99,97,2,2
50725,37,73,-36,36
50726,131,119,12,12
50727,164,140,24,24
50728,63,66,-3,3
50729,208,181,27,27
50730,40,61,-21,21
50731,94,108,-14,14
50732,114,114,0,0
50733,72,79,-7,7
50734,83,78,5,5
50735,65,69,-4,4
50736,124,125,-1,1
50737,45,62,-17,17
50738,78,75,3,3
50739,139,127,12,12
50740,63,64,-1,1
50741,88,95,-7,7
50742,81,86,-5,5
50743,79,69,10,10
50744,106,102,4,4
50745,129,127,2,2
50746,107,112,-5,5
50747,67,74,-7,7
50748,119,115,4,4
50749,96,107,-11,11
50750,96,91,5,5
50751,64,69,-5,5
50752,110,116,-6,6
50753,122,124,-2,2
50754,159,157,2,2
50755,84,91,-7,7
50756,78,72,6,6
50757,186,187,-1,1
50758,77,80,-3,3
50759,95,92,3,3
50760,78,80,-2,2
50761,84,111,-27,27
50762,115,109,6,6
50763,104,106,-2,2
50764,84,74,10,10
50765,94,95,-1,1
50766,103,96,7,7
50767,120,116,4,4
50768,80,90,-10,10
50769,63,62,1,1
50770,113,118,-5,5
50771,82,95,-13,13
50772,111,112,-1,1
50773,103,105,-2,2
50774,122,115,7,7
50775,81,83,-2,2
50776,141,143,-2,2
50777,122,120,2,2
50778,136,128,8,8
50779,67,69,-2,2
50780,91,112,-21,21
50781,86,92,-6,6
50782,97,94,3,3
50783,42,62,-20,20
50784,63,66,-3,3
50785,118,114,4,4
50786,81,94,-13,13
50787,62,62,0,0
50788,55,64,-9,9
50789,89,97,-8,8
50790,71,72,-1,1
50791,57,62,-5,5
50792,83,93,-10,10
50793,153,142,11,11
50794,106,101,5,5
50795,122,110,12,12
50796,76,76,0,0
50797,90,96,-6,6
50798,70,86,-16,16
50799,33,62,-29,29
50800,83,81,2,2
50801,50,58,-8,8
50802,118,111,7,7
50803,115,110,5,5
50804,45,59,-14,14
50805,58,63,-5,5
50806,38,62,-24,24
50807,97,103,-6,6
50808,39,61,-22,22
50809,28,62,-34,34
50810,117,116,1,1
50811,115,108,7,7
50812,121,113,8,8
50813,105,108,-3,3
50814,88,89,-1,1
50815,64,76,-12,12
50816,85,92,-7,7
50817,103,93,10,10
50818,76,79,-3,3
50819,60,65,-5,5
50820,73,79,-6,6
50821,70,62,8,8
50822,54,63,-9,9
50823,83,96,-13,13
50824,77,73,4,4
50825,58,63,-5,5
50826,105,97,8,8
50827,145,136,9,9
50828,119,110,9,9
50829,100,99,1,1
50830,84,91,-7,7
50831,88,79,9,9
50832,90,90,0,0
50833,65,73,-8,8
50834,131,123,8,8
50835,76,95,-19,19
50836,166,163,3,3
50837,52,61,-9,9
50838,156,150,6,6
50839,139,145,-6,6
50840,80,81,-1,1
50841,73,76,-3,3
50842,94,96,-2,2
50843,83,88,-5,5
50844,108,101,7,7
50845,71,68,3,3
50846,98,106,-8,8
50847,94,95,-1,1
50848,99,98,1,1
50849,29,60,-31,31
50850,85,81,4,4
50851,92,96,-4,4
50852,96,99,-3,3
50853,107,102,5,5
50854,31,60,-29,29
50855,80,70,10,10
50856,86,86,0,0
50857,147,131,16,16
50858,113,116,-3,3
50859,58,61,-3,3
50860,69,76,-7,7
50861,81,91,-10,10
50862,105,104,1,1
50863,146,127,19,19
50864,126,120,6,6
50865,72,69,3,3
50866,110,104,6,6
50867,140,141,-1,1
50868,93,91,2,2
50869,88,91,-3,3
50870,84,104,-20,20
50871,57,61,-4,4
50872,78,72,6,6
50873,76,73,3,3
50874,143,123,20,20
50875,108,137,-29,29
50876,45,61,-16,16
50877,87,105,-18,18
50878,77,81,-4,4
50879,96,115,-19,19
50880,84,80,4,4
50881,60,64,-4,4
50882,74,85,-11,11
50883,83,81,2,2
50884,69,63,6,6
50885,58,61,-3,3
50886,73,71,2,2
50887,81,92,-11,11
50888,106,108,-2,2
50889,140,145,-5,5
50890,75,81,-6,6
50891,102,107,-5,5
50892,137,115,22,22
50893,63,98,-35,35
50894,80,73,7,7
50895,65,76,-11,11
50896,151,140,11,11
50897,138,136,2,2
50898,104,99,5,5
50899,142,134,8,8
50900,77,92,-15,15
50901,102,105,-3,3
50902,83,89,-6,6
50903,74,85,-11,11
50904,113,110,3,3
50905,115,109,6,6
50906,86,100,-14,14
50907,66,62,4,4
50908,123,113,10,10
50909,173,157,16,16
50910,138,140,-2,2
50911,121,119,2,2
50912,187,175,12,12
50913,103,95,8,8
50914,93,148,-55,55
50915,134,124,10,10
50916,84,75,9,9
50917,140,129,11,11
50918,139,122,17,17
50919,112,120,-8,8
50920,81,84,-3,3
50921,48,61,-13,13
50922,111,107,4,4
50923,133,123,10,10
50924,158,142,16,16
50925,47,62,-15,15
50926,115,120,-5,5
50927,59,65,-6,6
50928,136,125,11,11
50929,86,98,-12,12
50930,89,99,-10,10
50931,104,108,-4,4
50932,88,94,-6,6
50933,68,68,0,0
50934,105,97,8,8
50935,122,111,11,11
50936,93,90,3,3
50937,172,151,21,21
50938,77,91,-14,14
50939,141,134,7,7
50940,106,111,-5,5
50941,102,109,-7,7
50942,136,125,11,11
50943,83,78,5,5
50944,60,62,-2,2
50945,90,105,-15,15
50946,69,69,0,0
50947,96,95,1,1
50948,101,105,-4,4
50949,90,78,12,12
50950,95,101,-6,6
50951,80,95,-15,15
50952,91,96,-5,5
50953,125,126,-1,1
50954,85,79,6,6
50955,129,126,3,3
50956,117,117,0,0
50957,77,78,-1,1
50958,82,96,-14,14
50959,135,128,7,7
50960,120,113,7,7
50961,89,75,14,14
50962,161,152,9,9
50963,70,72,-2,2
50964,60,65,-5,5
50965,172,156,16,16
50966,136,134,2,2
50967,86,82,4,4
50968,106,111,-5,5
50969,107,112,-5,5
50970,98,101,-3,3
50971,120,143,-23,23
50972,158,152,6,6
50973,61,59,2,2
50974,101,99,2,2
50975,94,97,-3,3
50976,60,66,-6,6
50977,68,69,-1,1
50978,99,93,6,6
50979,56,62,-6,6
50980,110,99,11,11
50981,102,101,1,1
50982,83,89,-6,6
50983,92,97,-5,5
50984,77,75,2,2
50985,125,136,-11,11
50986,79,73,6,6
50987,67,64,3,3
50988,113,112,1,1
50989,122,121,1,1
50990,131,122,9,9
50991,104,99,5,5
50992,89,106,-17,17
50993,92,97,-5,5
50994,217,182,35,35
50995,45,55,-10,10
50996,69,84,-15,15
50997,112,114,-2,2
50998,146,123,23,23
50999,95,100,-5,5
51000,91,98,-7,7
51001,70,73,-3,3
51002,75,90,-15,15
51003,95,98,-3,3
51004,112,100,12,12
51005,58,61,-3,3
51006,54,63,-9,9
51007,94,100,-6,6
51008,108,100,8,8
51009,89,96,-7,7
51010,90,95,-5,5
51011,129,122,7,7
51012,105,101,4,4
51013,94,94,0,0
51014,132,143,-11,11
51015,95,107,-12,12
51016,68,61,7,7
51017,97,93,4,4
51018,128,119,9,9
51019,116,114,2,2
51020,93,97,-4,4
51021,89,87,2,2
51022,176,171,5,5
51023,172,166,6,6
51024,54,61,-7,7
51025,60,65,-5,5
51026,39,56,-17,17
51027,96,88,8,8
51028,60,74,-14,14
51029,52,62,-10,10
51030,105,104,1,1
51031,137,136,1,1
51032,151,132,19,19
51033,108,121,-13,13
51034,100,99,1,1
51035,68,70,-2,2
51036,99,101,-2,2
51037,100,101,-1,1
51038,112,106,6,6
51039,78,70,8,8
51040,110,109,1,1
51041,70,64,6,6
51042,122,116,6,6
51043,72,77,-5,5
51044,191,170,21,21
51045,106,107,-1,1
51046,102,102,0,0
51047,130,116,14,14
51048,83,82,1,1
51049,70,69,1,1
51050,93,99,-6,6
51051,98,95,3,3
51052,72,69,3,3
51053,121,110,11,11
51054,157,143,14,14
51055,72,83,-11,11
51056,88,88,0,0
51057,109,110,-1,1
51058,129,117,12,12
51059,185,164,21,21
51060,82,93,-11,11
51061,45,62,-17,17
51062,47,58,-11,11
51063,75,85,-10,10
51064,107,101,6,6
51065,73,80,-7,7
51066,90,92,-2,2
51067,69,75,-6,6
51068,100,110,-10,10
51069,87,76,11,11
51070,56,60,-4,4
51071,83,78,5,5
51072,140,137,3,3
51073,64,61,3,3
51074,97,96,1,1
51075,86,91,-5,5
51076,129,112,17,17
51077,119,108,11,11
51078,85,90,-5,5
51079,109,100,9,9
51080,92,95,-3,3
51081,152,136,16,16
51082,74,76,-2,2
51083,147,233,-86,86
51084,117,116,1,1
51085,85,99,-14,14
51086,115,126,-11,11
51087,96,94,2,2
51088,109,110,-1,1
51089,70,75,-5,5
51090,107,102,5,5
51091,71,84,-13,13
51092,80,85,-5,5
51093,117,110,7,7
51094,149,143,6,6
51095,74,70,4,4
51096,100,96,4,4
51097,131,133,-2,2
51098,100,100,0,0
51099,72,72,0,0
51100,92,109,-17,17
51101,68,67,1,1
51102,71,77,-6,6
51103,60,62,-2,2
51104,74,78,-4,4
51105,114,110,4,4
51106,44,61,-17,17
51107,104,116,-12,12
51108,143,137,6,6
51109,159,140,19,19
51110,76,73,3,3
51111,93,94,-1,1
51112,91,96,-5,5
51113,91,96,-5,5
51114,188,164,24,24
51115,85,91,-6,6
51116,58,61,-3,3
51117,115,110,5,5
51118,51,59,-8,8
51119,49,62,-13,13
51120,108,111,-3,3
51121,92,96,-4,4
51122,102,108,-6,6
51123,113,112,1,1
51124,100,100,0,0
51125,80,71,9,9
51126,109,114,-5,5
51127,72,76,-4,4
51128,91,99,-8,8
51129,93,96,-3,3
51130,44,60,-16,16
51131,104,106,-2,2
51132,50,63,-13,13
51133,76,78,-2,2
51134,53,61,-8,8
51135,119,114,5,5
51136,105,98,7,7
51137,110,121,-11,11
51138,148,145,3,3
51139,105,98,7,7
51140,139,130,9,9
51141,97,91,6,6
51142,113,103,10,10
51143,85,84,1,1
51144,113,105,8,8
51145,60,60,0,0
51146,66,61,5,5
51147,115,110,5,5
51148,30,125,-95,95
51149,76,71,5,5
51150,73,81,-8,8
51151,72,82,-10,10
51152,141,134,7,7
51153,58,69,-11,11
51154,101,102,-1,1
51155,80,78,2,2
51156,76,83,-7,7
51157,118,119,-1,1
51158,97,101,-4,4
51159,96,110,-14,14
51160,40,61,-21,21
51161,157,143,14,14
51162,125,118,7,7
51163,99,96,3,3
51164,66,64,2,2
51165,117,115,2,2
51166,94,104,-10,10
51167,54,61,-7,7
51168,62,62,0,0
51169,74,73,1,1
51170,166,152,14,14
51171,142,143,-1,1
51172,81,96,-15,15
51173,110,117,-7,7
51174,114,105,9,9
51175,96,96,0,0
51176,54,61,-7,7
51177,97,104,-7,7
51178,86,107,-21,21
51179,67,72,-5,5
51180,65,62,3,3
51181,89,97,-8,8
51182,86,95,-9,9
51183,71,78,-7,7
51184,146,142,4,4
51185,81,71,10,10
51186,108,105,3,3
51187,116,113,3,3
51188,90,97,-7,7
51189,108,98,10,10
51190,127,117,10,10
51191,60,63,-3,3
51192,66,63,3,3
51193,180,181,-1,1
51194,52,60,-8,8
51195,93,95,-2,2
51196,127,125,2,2
51197,96,93,3,3
51198,110,102,8,8
51199,102,108,-6,6
51200,110,109,1,1
51201,72,65,7,7
51202,161,147,14,14
51203,89,88,1,1
51204,78,81,-3,3
51205,77,90,-13,13
51206,80,75,5,5
51207,78,77,1,1
51208,135,123,12,12
51209,88,83,5,5
51210,102,89,13,13
51211,73,76,-3,3
51212,101,101,0,0
51213,84,86,-2,2
51214,87,91,-4,4
51215,79,94,-15,15
51216,84,92,-8,8
51217,140,133,7,7
51218,106,110,-4,4
51219,75,66,9,9
51220,94,95,-1,1
51221,79,90,-11,11
51222,93,93,0,0
51223,155,154,1,1
51224,97,101,-4,4
51225,109,122,-13,13
51226,115,107,8,8
51227,126,118,8,8
51228,90,96,-6,6
51229,72,79,-7,7
51230,63,61,2,2
51231,105,104,1,1
51232,68,67,1,1
51233,143,145,-2,2
51234,116,115,1,1
51235,121,122,-1,1
51236,130,107,23,23
51237,75,71,4,4
51238,70,79,-9,9
51239,109,98,11,11
51240,98,97,1,1
51241,106,93,13,13
51242,76,78,-2,2
51243,60,62,-2,2
51244,68,72,-4,4
51245,165,142,23,23
51246,90,108,-18,18
51247,178,160,18,18
51248,79,84,-5,5
51249,72,64,8,8
51250,87,85,2,2
51251,82,80,2,2
51252,57,62,-5,5
51253,110,112,-2,2
51254,111,109,2,2
51255,70,83,-13,13
51256,112,112,0,0
51257,52,62,-10,10
51258,94,92,2,2
51259,97,101,-4,4
51260,66,63,3,3
51261,67,72,-5,5
51262,66,69,-3,3
51263,107,108,-1,1
51264,156,189,-33,33
51265,40,92,-52,52
51266,60,63,-3,3
51267,109,132,-23,23
51268,62,63,-1,1
51269,126,113,13,13
51270,96,101,-5,5
51271,106,97,9,9
51272,109,100,9,9
51273,77,78,-1,1
51274,70,64,6,6
51275,75,102,-27,27
51276,194,178,16,16
51277,24,63,-39,39
51278,94,97,-3,3
51279,102,97,5,5
51280,126,119,7,7
51281,150,129,21,21
51282,126,124,2,2
51283,82,97,-15,15
51284,92,105,-13,13
51285,87,95,-8,8
51286,122,128,-6,6
51287,129,127,2,2
51288,93,96,-3,3
51289,62,70,-8,8
51290,148,143,5,5
51291,73,76,-3,3
51292,114,105,9,9
51293,82,80,2,2
51294,99,103,-4,4
51295,181,163,18,18
51296,158,138,20,20
51297,100,102,-2,2
51298,143,132,11,11
51299,118,114,4,4
51300,85,86,-1,1
51301,127,126,1,1
51302,83,93,-10,10
51303,95,95,0,0
51304,63,62,1,1
51305,76,72,4,4
51306,111,117,-6,6
51307,69,74,-5,5
51308,100,94,6,6
51309,47,62,-15,15
51310,83,93,-10,10
51311,85,92,-7,7
51312,74,78,-4,4
51313,53,68,-15,15
51314,75,79,-4,4
51315,71,85,-14,14
51316,108,103,5,5
51317,71,74,-3,3
51318,121,118,3,3
51319,100,107,-7,7
51320,113,115,-2,2
51321,86,82,4,4
51322,86,75,11,11
51323,115,111,4,4
51324,38,61,-23,23
51325,140,130,10,10
51326,119,119,0,0
51327,104,107,-3,3
51328,135,117,18,18
51329,147,127,20,20
51330,116,111,5,5
51331,137,129,8,8
51332,86,92,-6,6
51333,96,98,-2,2
51334,76,71,5,5
51335,64,62,2,2
51336,57,61,-4,4
51337,90,104,-14,14
51338,56,72,-16,16
51339,84,101,-17,17
51340,109,104,5,5
51341,124,120,4,4
51342,138,123,15,15
51343,73,70,3,3
51344,98,98,0,0
51345,93,85,8,8
51346,51,62,-11,11
51347,54,61,-7,7
51348,62,62,0,0
51349,126,122,4,4
51350,85,85,0,0
51351,86,75,11,11
51352,67,61,6,6
51353,80,88,-8,8
51354,55,62,-7,7
51355,115,109,6,6
51356,71,69,2,2
51357,86,84,2,2
51358,120,113,7,7
51359,94,95,-1,1
51360,71,71,0,0
51361,106,114,-8,8
51362,101,97,4,4
51363,41,62,-21,21
51364,77,69,8,8
51365,130,125,5,5
51366,154,139,15,15
51367,102,95,7,7
51368,56,60,-4,4
51369,108,102,6,6
51370,74,77,-3,3
51371,33,105,-72,72
51372,109,107,2,2
51373,113,108,5,5
51374,115,111,4,4
51375,73,75,-2,2
51376,60,71,-11,11
51377,115,107,8,8
51378,85,95,-10,10
51379,121,108,13,13
51380,128,122,6,6
51381,76,92,-16,16
51382,158,148,10,10
51383,109,107,2,2
51384,47,61,-14,14
51385,76,68,8,8
51386,75,66,9,9
51387,92,87,5,5
51388,92,96,-4,4
51389,110,103,7,7
51390,101,99,2,2
51391,95,93,2,2
51392,107,106,1,1
51393,96,99,-3,3
51394,127,126,1,1
51395,104,103,1,1
51396,84,77,7,7
51397,44,61,-17,17
51398,112,119,-7,7
51399,94,103,-9,9
51400,65,64,1,1
51401,67,70,-3,3
51402,106,107,-1,1
51403,85,76,9,9
51404,75,92,-17,17
51405,72,69,3,3
51406,99,77,22,22
51407,63,65,-2,2
51408,157,147,10,10
51409,70,67,3,3
51410,79,73,6,6
51411,99,95,4,4
51412,100,104,-4,4
51413,152,137,15,15
51414,111,123,-12,12
51415,73,75,-2,2
51416,117,115,2,2
51417,74,71,3,3
51418,84,95,-11,11
51419,117,113,4,4
51420,70,71,-1,1
51421,72,78,-6,6
51422,62,63,-1,1
51423,90,100,-10,10
51424,123,108,15,15
51425,81,85,-4,4
51426,62,63,-1,1
51427,74,73,1,1
51428,189,168,21,21
51429,97,102,-5,5
51430,131,124,7,7
51431,66,71,-5,5
51432,131,128,3,3
51433,101,95,6,6
51434,205,196,9,9
51435,92,97,-5,5
51436,74,90,-16,16
51437,108,101,7,7
51438,78,71,7,7
51439,69,72,-3,3
51440,92,93,-1,1
51441,76,80,-4,4
51442,83,82,1,1
51443,104,105,-1,1
51444,85,81,4,4
51445,74,71,3,3
51446,134,129,5,5
51447,119,112,7,7
51448,92,90,2,2
51449,88,93,-5,5
51450,126,128,-2,2
51451,100,101,-1,1
51452,45,62,-17,17
51453,131,116,15,15
51454,55,63,-8,8
51455,180,162,18,18
51456,133,113,20,20
51457,94,63,31,31
51458,62,85,-23,23
51459,119,114,5,5
51460,183,174,9,9
51461,88,90,-2,2
51462,115,99,16,16
51463,100,90,10,10
51464,64,72,-8,8
51465,83,106,-23,23
51466,138,133,5,5
51467,62,70,-8,8
51468,193,168,25,25
51469,90,78,12,12
51470,77,91,-14,14
51471,111,106,5,5
51472,99,90,9,9
51473,118,120,-2,2
51474,131,120,11,11
51475,71,64,7,7
51476,78,81,-3,3
51477,94,90,4,4
51478,92,97,-5,5
51479,97,99,-2,2
51480,89,92,-3,3
51481,131,117,14,14
51482,119,100,19,19
51483,59,65,-6,6
51484,80,88,-8,8
51485,116,109,7,7
51486,93,90,3,3
51487,72,76,-4,4
51488,185,158,27,27
51489,85,93,-8,8
51490,108,118,-10,10
51491,84,90,-6,6
51492,100,104,-4,4
51493,109,91,18,18
51494,43,61,-18,18
51495,77,77,0,0
51496,87,79,8,8
51497,121,111,10,10
51498,109,112,-3,3
51499,83,94,-11,11
51500,108,97,11,11
51501,166,147,19,19
51502,68,64,4,4
51503,112,124,-12,12
51504,103,107,-4,4
51505,106,110,-4,4
51506,33,62,-29,29
51507,56,62,-6,6
51508,72,67,5,5
51509,136,129,7,7
51510,79,80,-1,1
51511,143,128,15,15
51512,103,98,5,5
51513,75,83,-8,8
51514,73,70,3,3
51515,68,68,0,0
51516,68,87,-19,19
51517,102,92,10,10
51518,83,80,3,3
51519,70,82,-12,12
51520,88,89,-1,1
51521,124,118,6,6
51522,111,110,1,1
51523,103,109,-6,6
51524,104,114,-10,10
51525,122,115,7,7
51526,119,116,3,3
51527,71,104,-33,33
51528,196,184,12,12
51529,70,67,3,3
51530,70,92,-22,22
51531,88,89,-1,1
51532,122,116,6,6
51533,102,96,6,6
51534,119,112,7,7
51535,138,129,9,9
51536,165,147,18,18
51537,94,107,-13,13
51538,52,61,-9,9
51539,86,84,2,2
51540,63,69,-6,6
51541,92,90,2,2
51542,65,64,1,1
51543,47,61,-14,14
51544,62,63,-1,1
51545,79,93,-14,14
51546,166,134,32,32
51547,96,93,3,3
51548,120,129,-9,9
51549,117,113,4,4
51550,99,95,4,4
51551,124,127,-3,3
51552,138,121,17,17
51553,60,65,-5,5
51554,90,93,-3,3
51555,76,84,-8,8
51556,113,126,-13,13
51557,129,125,4,4
51558,80,82,-2,2
51559,99,98,1,1
51560,87,94,-7,7
51561,74,76,-2,2
51562,70,70,0,0
51563,50,62,-12,12
51564,83,82,1,1
51565,150,136,14,14
51566,104,102,2,2
51567,107,104,3,3
51568,101,95,6,6
51569,153,141,12,12
51570,81,81,0,0
51571,58,74,-16,16
51572,104,100,4,4
51573,64,61,3,3
51574,58,60,-2,2
51575,137,132,5,5
51576,132,109,23,23
51577,110,110,0,0
51578,120,116,4,4
51579,92,96,-4,4
51580,83,121,-38,38
51581,41,61,-20,20
51582,194,216,-22,22
51583,79,71,8,8
51584,65,65,0,0
51585,126,126,0,0
51586,125,132,-7,7
51587,148,135,13,13
51588,63,61,2,2
51589,82,91,-9,9
51590,127,119,8,8
51591,141,125,16,16
51592,98,104,-6,6
51593,140,138,2,2
51594,92,89,3,3
51595,78,90,-12,12
51596,72,75,-3,3
51597,133,117,16,16
51598,82,92,-10,10
51599,53,63,-10,10
51600,68,65,3,3
51601,135,132,3,3
51602,76,96,-20,20
51603,84,77,7,7
51604,109,107,2,2
51605,115,117,-2,2
51606,32,61,-29,29
51607,202,174,28,28
51608,64,63,1,1
51609,69,66,3,3
51610,61,64,-3,3
51611,81,74,7,7
51612,81,93,-12,12
51613,103,100,3,3
51614,73,69,4,4
51615,103,117,-14,14
51616,153,147,6,6
51617,78,80,-2,2
51618,100,97,3,3
51619,136,139,-3,3
51620,58,59,-1,1
51621,75,92,-17,17
51622,130,114,16,16
51623,127,112,15,15
51624,51,63,-12,12
51625,87,75,12,12
51626,99,102,-3,3
51627,121,109,12,12
51628,83,93,-10,10
51629,65,69,-4,4
51630,86,91,-5,5
51631,129,124,5,5
51632,77,91,-14,14
51633,63,69,-6,6
51634,70,69,1,1
51635,75,79,-4,4
51636,75,77,-2,2
51637,132,129,3,3
51638,157,148,9,9
51639,130,131,-1,1
51640,80,91,-11,11
51641,97,102,-5,5
51642,68,66,2,2
51643,98,103,-5,5
51644,81,91,-10,10
51645,51,61,-10,10
51646,84,86,-2,2
51647,79,83,-4,4
51648,151,137,14,14
51649,82,85,-3,3
51650,127,123,4,4
51651,63,66,-3,3
51652,97,96,1,1
51653,121,115,6,6
51654,157,145,12,12
51655,101,101,0,0
51656,160,153,7,7
51657,92,94,-2,2
51658,107,114,-7,7
51659,108,112,-4,4
51660,119,113,6,6
51661,61,66,-5,5
51662,112,106,6,6
51663,71,65,6,6
51664,99,104,-5,5
51665,68,78,-10,10
51666,116,125,-9,9
51667,64,68,-4,4
51668,124,129,-5,5
51669,139,129,10,10
51670,80,77,3,3
51671,157,142,15,15
51672,101,97,4,4
51673,114,107,7,7
51674,126,125,1,1
51675,148,154,-6,6
51676,77,80,-3,3
51677,187,174,13,13
51678,139,139,0,0
51679,164,146,18,18
51680,98,101,-3,3
51681,86,93,-7,7
51682,61,61,0,0
51683,143,149,-6,6
51684,57,62,-5,5
51685,52,61,-9,9
51686,92,105,-13,13
51687,108,105,3,3
51688,156,137,19,19
51689,159,139,20,20
51690,157,140,17,17
51691,102,99,3,3
51692,138,126,12,12
51693,78,81,-3,3
51694,83,71,12,12
51695,108,104,4,4
51696,60,62,-2,2
51697,142,115,27,27
51698,55,62,-7,7
51699,65,67,-2,2
51700,125,119,6,6
51701,90,95,-5,5
51702,74,75,-1,1
51703,156,143,13,13
51704,76,74,2,2
51705,94,100,-6,6
51706,84,88,-4,4
51707,84,76,8,8
51708,68,77,-9,9
51709,144,133,11,11
51710,74,69,5,5
51711,104,107,-3,3
51712,98,91,7,7
51713,92,94,-2,2
51714,106,106,0,0
51715,94,95,-1,1
51716,91,97,-6,6
51717,61,57,4,4
51718,77,76,1,1
51719,71,75,-4,4
51720,98,98,0,0
51721,73,81,-8,8
51722,103,108,-5,5
51723,124,115,9,9
51724,135,130,5,5
51725,118,122,-4,4
51726,96,103,-7,7
51727,54,61,-7,7
51728,112,101,11,11
51729,72,77,-5,5
51730,70,77,-7,7
51731,85,88,-3,3
51732,51,62,-11,11
51733,106,117,-11,11
51734,113,104,9,9
51735,76,66,10,10
51736,63,74,-11,11
51737,140,119,21,21
51738,103,99,4,4
51739,163,158,5,5
51740,126,122,4,4
51741,92,115,-23,23
51742,40,62,-22,22
51743,33,60,-27,27
51744,99,100,-1,1
51745,113,101,12,12
51746,59,61,-2,2
51747,88,106,-18,18
51748,58,61,-3,3
51749,98,98,0,0
51750,135,120,15,15
51751,92,95,-3,3
51752,101,102,-1,1
51753,116,109,7,7
51754,171,163,8,8
51755,98,92,6,6
51756,99,96,3,3
51757,77,79,-2,2
51758,99,96,3,3
51759,61,62,-1,1
51760,124,108,16,16
51761,36,61,-25,25
51762,124,110,14,14
51763,89,90,-1,1
51764,144,138,6,6
51765,113,108,5,5
51766,157,143,14,14
51767,95,95,0,0
51768,101,103,-2,2
51769,76,82,-6,6
51770,65,75,-10,10
51771,222,173,49,49
51772,123,113,10,10
51773,71,95,-24,24
51774,102,95,7,7
51775,96,99,-3,3
51776,105,101,4,4
51777,81,90,-9,9
51778,122,132,-10,10
51779,64,65,-1,1
51780,43,71,-28,28
51781,114,102,12,12
51782,62,65,-3,3
51783,104,112,-8,8
51784,175,175,0,0
51785,98,106,-8,8
51786,87,82,5,5
51787,144,134,10,10
51788,76,90,-14,14
51789,125,122,3,3
51790,70,72,-2,2
51791,86,98,-12,12
51792,140,119,21,21
51793,44,61,-17,17
51794,101,98,3,3
51795,68,66,2,2
51796,155,159,-4,4
51797,125,120,5,5
51798,49,62,-13,13
51799,140,138,2,2
51800,105,99,6,6
51801,192,189,3,3
51802,89,82,7,7
51803,140,130,10,10
51804,140,131,9,9
51805,112,115,-3,3
51806,136,118,18,18
51807,76,91,-15,15
51808,64,70,-6,6
51809,64,75,-11,11
51810,83,90,-7,7
51811,72,68,4,4
51812,145,142,3,3
51813,113,104,9,9
51814,114,104,10,10
51815,154,137,17,17
51816,67,65,2,2
51817,197,170,27,27
51818,61,62,-1,1
51819,99,100,-1,1
51820,91,95,-4,4
51821,181,154,27,27
51822,45,62,-17,17
51823,55,62,-7,7
51824,183,201,-18,18
51825,106,109,-3,3
51826,57,66,-9,9
51827,133,121,12,12
51828,36,62,-26,26
51829,98,103,-5,5
51830,54,62,-8,8
51831,140,136,4,4
51832,114,110,4,4
51833,99,105,-6,6
51834,69,70,-1,1
51835,144,135,9,9
51836,112,116,-4,4
51837,101,97,4,4
51838,88,82,6,6
51839,88,91,-3,3
51840,94,86,8,8
51841,67,65,2,2
51842,46,58,-12,12
51843,72,67,5,5
51844,80,71,9,9
51845,75,69,6,6
51846,94,103,-9,9
51847,117,117,0,0
51848,67,68,-1,1
51849,71,72,-1,1
51850,67,86,-19,19
51851,68,63,5,5
51852,91,93,-2,2
51853,71,74,-3,3
51854,114,116,-2,2
51855,93,104,-11,11
51856,73,84,-11,11
51857,164,150,14,14
51858,132,125,7,7
51859,66,60,6,6
51860,153,141,12,12
51861,108,115,-7,7
51862,110,107,3,3
51863,156,139,17,17
51864,162,148,14,14
51865,150,142,8,8
51866,125,119,6,6
51867,61,64,-3,3
51868,95,99,-4,4
51869,152,132,20,20
51870,125,125,0,0
51871,119,105,14,14
51872,166,175,-9,9
51873,120,105,15,15
51874,58,62,-4,4
51875,45,62,-17,17
51876,117,123,-6,6
51877,65,62,3,3
51878,105,110,-5,5
51879,70,72,-2,2
51880,78,77,1,1
51881,91,87,4,4
51882,78,73,5,5
51883,116,134,-18,18
51884,132,115,17,17
51885,143,132,11,11
51886,117,123,-6,6
51887,147,150,-3,3
51888,63,69,-6,6
51889,80,99,-19,19
51890,98,97,1,1
51891,51,61,-10,10
51892,51,60,-9,9
51893,73,68,5,5
51894,95,88,7,7
51895,100,98,2,2
51896,74,84,-10,10
51897,110,101,9,9
51898,78,83,-5,5
51899,54,63,-9,9
51900,115,114,1,1
51901,139,132,7,7
51902,73,82,-9,9
51903,67,66,1,1
51904,76,81,-5,5
51905,108,105,3,3
51906,104,102,2,2
51907,130,125,5,5
51908,116,115,1,1
51909,57,63,-6,6
51910,102,105,-3,3
51911,108,105,3,3
51912,95,90,5,5
51913,40,62,-22,22
51914,76,89,-13,13
51915,71,65,6,6
51916,137,130,7,7
51917,118,106,12,12
51918,129,124,5,5
51919,67,85,-18,18
51920,72,72,0,0
51921,111,118,-7,7
51922,95,97,-2,2
51923,130,135,-5,5
51924,116,119,-3,3
51925,68,67,1,1
51926,103,100,3,3
51927,95,97,-2,2
51928,117,113,4,4
51929,62,61,1,1
51930,75,83,-8,8
51931,56,65,-9,9
51932,120,106,14,14
51933,113,111,2,2
51934,85,82,3,3
51935,71,105,-34,34
51936,130,129,1,1
51937,87,96,-9,9
51938,156,141,15,15
51939,89,93,-4,4
51940,61,63,-2,2
51941,115,112,3,3
51942,144,129,15,15
51943,73,83,-10,10
51944,94,98,-4,4
51945,102,99,3,3
51946,125,123,2,2
51947,71,64,7,7
51948,140,129,11,11
51949,143,134,9,9
51950,77,79,-2,2
51951,86,76,10,10
51952,70,65,5,5
51953,101,93,8,8
51954,82,83,-1,1
51955,93,92,1,1
51956,55,60,-5,5
51957,138,141,-3,3
51958,88,90,-2,2
51959,81,86,-5,5
51960,176,149,27,27
51961,90,98,-8,8
51962,52,62,-10,10
51963,97,98,-1,1
51964,45,62,-17,17
51965,114,117,-3,3
51966,155,141,14,14
51967,151,165,-14,14
51968,60,64,-4,4
51969,82,78,4,4
51970,96,97,-1,1
51971,126,113,13,13
51972,90,93,-3,3
51973,83,69,14,14
51974,72,77,-5,5
51975,139,129,10,10
51976,137,139,-2,2
51977,119,119,0,0
51978,115,101,14,14
51979,76,73,3,3
51980,80,98,-18,18
51981,101,96,5,5
51982,92,92,0,0
51983,65,68,-3,3
51984,89,95,-6,6
51985,72,68,4,4
51986,45,62,-17,17
51987,69,69,0,0
51988,81,85,-4,4
51989,95,96,-1,1
51990,76,74,2,2
51991,49,61,-12,12
51992,97,102,-5,5
51993,90,95,-5,5
51994,130,122,8,8
51995,74,79,-5,5
51996,46,62,-16,16
51997,74,82,-8,8
51998,108,101,7,7
51999,115,120,-5,5
52000,37,63,-26,26
52001,79,73,6,6
52002,75,79,-4,4
52003,174,152,22,22
52004,107,104,3,3
52005,53,62,-9,9
52006,83,92,-9,9
52007,60,61,-1,1
52008,98,103,-5,5
52009,57,60,-3,3
52010,54,62,-8,8
52011,83,76,7,7
52012,182,201,-19,19
52013,107,112,-5,5
52014,89,100,-11,11
52015,105,105,0,0
52016,109,110,-1,1
52017,141,126,15,15
52018,121,118,3,3
52019,91,105,-14,14
52020,117,110,7,7
52021,58,56,2,2
52022,80,67,13,13
52023,88,110,-22,22
52024,80,83,-3,3
52025,146,139,7,7
52026,105,103,2,2
52027,128,136,-8,8
52028,79,76,3,3
52029,123,123,0,0
52030,85,89,-4,4
52031,77,73,4,4
52032,70,66,4,4
52033,100,102,-2,2
52034,71,67,4,4
52035,123,113,10,10
52036,85,92,-7,7
52037,113,109,4,4
52038,98,97,1,1
52039,67,74,-7,7
52040,130,141,-11,11
52041,176,153,23,23
52042,117,113,4,4
52043,130,120,10,10
52044,114,107,7,7
52045,108,109,-1,1
52046,111,117,-6,6
52047,91,91,0,0
52048,153,131,22,22
52049,83,110,-27,27
52050,91,95,-4,4
52051,103,104,-1,1
52052,123,121,2,2
52053,57,64,-7,7
52054,115,111,4,4
52055,86,95,-9,9
52056,147,134,13,13
52057,116,128,-12,12
52058,87,90,-3,3
52059,81,83,-2,2
52060,58,63,-5,5
52061,97,92,5,5
52062,138,140,-2,2
52063,74,69,5,5
52064,60,69,-9,9
52065,94,96,-2,2
52066,150,147,3,3
52067,143,136,7,7
52068,72,69,3,3
52069,80,89,-9,9
52070,94,98,-4,4
52071,85,88,-3,3
52072,108,101,7,7
52073,106,96,10,10
52074,86,97,-11,11
52075,160,143,17,17
52076,84,84,0,0
52077,78,70,8,8
52078,89,97,-8,8
52079,76,88,-12,12
52080,57,61,-4,4
52081,93,95,-2,2
52082,92,98,-6,6
52083,79,100,-21,21
52084,105,106,-1,1
52085,146,140,6,6
52086,79,87,-8,8
52087,96,99,-3,3
52088,97,99,-2,2
52089,74,75,-1,1
52090,79,87,-8,8
52091,90,92,-2,2
52092,133,126,7,7
52093,81,90,-9,9
52094,140,127,13,13
52095,20,62,-42,42
52096,42,102,-60,60
52097,178,147,31,31
52098,57,68,-11,11
52099,91,99,-8,8
52100,125,148,-23,23
52101,77,73,4,4
52102,73,74,-1,1
52103,96,103,-7,7
52104,63,64,-1,1
52105,75,75,0,0
52106,117,112,5,5
52107,135,129,6,6
52108,105,111,-6,6
52109,141,138,3,3
52110,123,107,16,16
52111,71,102,-31,31
52112,108,97,11,11
52113,104,109,-5,5
52114,108,124,-16,16
52115,93,96,-3,3
52116,102,100,2,2
52117,99,93,6,6
52118,95,102,-7,7
52119,53,60,-7,7
52120,117,104,13,13
52121,79,93,-14,14
52122,55,66,-11,11
52123,163,153,10,10
52124,53,62,-9,9
52125,80,84,-4,4
52126,124,115,9,9
52127,75,69,6,6
52128,133,130,3,3
52129,83,88,-5,5
52130,54,62,-8,8
52131,52,62,-10,10
52132,67,71,-4,4
52133,75,73,2,2
52134,106,103,3,3
52135,140,130,10,10
52136,124,125,-1,1
52137,65,69,-4,4
52138,94,106,-12,12
52139,108,108,0,0
52140,132,114,18,18
52141,123,113,10,10
52142,73,88,-15,15
52143,246,233,13,13
52144,91,81,10,10
52145,48,61,-13,13
52146,109,100,9,9
52147,120,107,13,13
52148,71,65,6,6
52149,44,63,-19,19
52150,83,84,-1,1
52151,77,70,7,7
52152,108,102,6,6
52153,76,72,4,4
52154,116,103,13,13
52155,98,110,-12,12
52156,114,105,9,9
52157,142,126,16,16
52158,92,107,-15,15
52159,82,80,2,2
52160,86,89,-3,3
52161,65,70,-5,5
52162,91,92,-1,1
52163,158,153,5,5
52164,79,79,0,0
52165,89,85,4,4
52166,54,61,-7,7
52167,144,122,22,22
52168,167,161,6,6
52169,94,103,-9,9
52170,75,76,-1,1
52171,110,116,-6,6
52172,113,106,7,7
52173,63,66,-3,3
52174,138,127,11,11
52175,101,108,-7,7
52176,99,109,-10,10
52177,98,102,-4,4
52178,138,146,-8,8
52179,116,116,0,0
52180,53,63,-10,10
52181,97,102,-5,5
52182,79,66,13,13
52183,94,109,-15,15
52184,72,84,-12,12
52185,104,109,-5,5
52186,113,103,10,10
52187,105,112,-7,7
52188,84,85,-1,1
52189,66,68,-2,2
52190,75,72,3,3
52191,106,104,2,2
52192,100,97,3,3
52193,75,82,-7,7
52194,45,60,-15,15
52195,126,127,-1,1
52196,102,99,3,3
52197,108,108,0,0
52198,99,97,2,2
52199,146,140,6,6
52200,107,108,-1,1
52201,105,111,-6,6
52202,58,62,-4,4
52203,114,117,-3,3
52204,151,129,22,22
52205,72,73,-1,1
52206,79,73,6,6
52207,131,119,12,12
52208,91,94,-3,3
52209,52,62,-10,10
52210,81,66,15,15
52211,85,69,16,16
52212,96,94,2,2
52213,42,63,-21,21
52214,73,65,8,8
52215,100,98,2,2
52216,104,103,1,1
52217,85,96,-11,11
52218,67,74,-7,7
52219,71,76,-5,5
52220,100,95,5,5
52221,134,110,24,24
52222,104,107,-3,3
52223,90,82,8,8
52224,96,127,-31,31
52225,61,103,-42,42
52226,65,69,-4,4
52227,139,128,11,11
52228,46,62,-16,16
52229,70,70,0,0
52230,142,128,14,14
52231,90,110,-20,20
52232,112,106,6,6
52233,113,105,8,8
52234,59,65,-6,6
52235,111,110,1,1
52236,84,85,-1,1
52237,74,70,4,4
52238,78,70,8,8
52239,145,145,0,0
52240,100,118,-18,18
52241,103,102,1,1
52242,55,62,-7,7
52243,93,97,-4,4
52244,78,75,3,3
52245,80,77,3,3
52246,104,97,7,7
52247,66,66,0,0
52248,68,63,5,5
52249,60,62,-2,2
52250,103,116,-13,13
52251,69,68,1,1
52252,92,96,-4,4
52253,48,60,-12,12
52254,54,62,-8,8
52255,54,62,-8,8
52256,58,62,-4,4
52257,160,148,12,12
52258,83,77,6,6
52259,90,87,3,3
52260,71,119,-48,48
52261,168,166,2,2
52262,137,138,-1,1
52263,139,140,-1,1
52264,74,69,5,5
52265,75,81,-6,6
52266,65,62,3,3
52267,93,85,8,8
52268,94,95,-1,1
52269,65,76,-11,11
52270,110,109,1,1
52271,29,62,-33,33
52272,91,92,-1,1
52273,78,73,5,5
52274,77,77,0,0
52275,93,96,-3,3
52276,158,141,17,17
52277,206,184,22,22
52278,98,101,-3,3
52279,131,123,8,8
52280,115,106,9,9
52281,129,120,9,9
52282,97,94,3,3
52283,97,94,3,3
52284,78,99,-21,21
52285,81,87,-6,6
52286,107,114,-7,7
52287,80,101,-21,21
52288,67,70,-3,3
52289,66,75,-9,9
52290,56,61,-5,5
52291,72,69,3,3
52292,50,61,-11,11
52293,70,107,-37,37
52294,128,117,11,11
52295,138,142,-4,4
52296,38,62,-24,24
52297,113,109,4,4
52298,168,156,12,12
52299,115,103,12,12
52300,88,89,-1,1
52301,80,79,1,1
52302,124,129,-5,5
52303,190,179,11,11
52304,92,98,-6,6
52305,83,85,-2,2
52306,78,81,-3,3
52307,64,63,1,1
52308,121,117,4,4
52309,74,76,-2,2
52310,59,62,-3,3
52311,200,170,30,30
52312,157,142,15,15
52313,86,92,-6,6
52314,126,119,7,7
52315,75,87,-12,12
52316,95,108,-13,13
52317,118,109,9,9
52318,174,156,18,18
52319,148,132,16,16
52320,70,77,-7,7
52321,99,99,0,0
52322,73,74,-1,1
52323,178,154,24,24
52324,127,123,4,4
52325,137,134,3,3
52326,35,63,-28,28
52327,58,62,-4,4
52328,104,108,-4,4
52329,85,89,-4,4
52330,91,94,-3,3
52331,40,62,-22,22
52332,83,90,-7,7
52333,100,104,-4,4
52334,73,81,-8,8
52335,51,60,-9,9
52336,263,213,50,50
52337,87,94,-7,7
52338,85,83,2,2
52339,85,90,-5,5
52340,89,91,-2,2
52341,176,164,12,12
52342,103,103,0,0
52343,128,131,-3,3
52344,166,159,7,7
52345,92,108,-16,16
52346,100,101,-1,1
52347,98,89,9,9
52348,57,63,-6,6
52349,127,118,9,9
52350,86,92,-6,6
52351,144,142,2,2
52352,60,64,-4,4
52353,113,109,4,4
52354,113,111,2,2
52355,103,102,1,1
52356,90,92,-2,2
52357,56,59,-3,3
52358,47,61,-14,14
52359,105,107,-2,2
52360,61,64,-3,3
52361,128,139,-11,11
52362,55,76,-21,21
52363,67,63,4,4
52364,65,65,0,0
52365,116,109,7,7
52366,76,83,-7,7
52367,41,62,-21,21
52368,83,78,5,5
52369,82,94,-12,12
52370,50,61,-11,11
52371,81,94,-13,13
52372,57,62,-5,5
52373,83,86,-3,3
52374,87,97,-10,10
52375,56,56,0,0
52376,68,66,2,2
52377,71,63,8,8
52378,77,79,-2,2
52379,67,65,2,2
52380,120,107,13,13
52381,74,77,-3,3
52382,121,119,2,2
52383,73,76,-3,3
52384,53,60,-7,7
52385,68,70,-2,2
52386,95,93,2,2
52387,103,106,-3,3
52388,46,61,-15,15
52389,73,64,9,9
52390,148,134,14,14
52391,145,130,15,15
52392,105,97,8,8
52393,71,72,-1,1
52394,43,61,-18,18
52395,106,107,-1,1
52396,114,110,4,4
52397,80,77,3,3
52398,64,95,-31,31
52399,125,114,11,11
52400,84,103,-19,19
52401,86,94,-8,8
52402,101,97,4,4
52403,95,94,1,1
52404,90,97,-7,7
52405,93,96,-3,3
52406,62,65,-3,3
52407,146,136,10,10
52408,87,91,-4,4
52409,85,75,10,10
52410,134,115,19,19
52411,82,75,7,7
52412,46,59,-13,13
52413,73,64,9,9
52414,23,64,-41,41
52415,167,145,22,22
52416,116,100,16,16
52417,112,116,-4,4
52418,227,206,21,21
52419,108,112,-4,4
52420,93,96,-3,3
52421,76,83,-7,7
52422,75,81,-6,6
52423,74,88,-14,14
52424,85,76,9,9
52425,68,69,-1,1
52426,93,88,5,5
52427,143,129,14,14
52428,132,124,8,8
52429,68,66,2,2
52430,49,57,-8,8
52431,116,108,8,8
52432,87,88,-1,1
52433,114,103,11,11
52434,133,123,10,10
52435,81,80,1,1
52436,105,98,7,7
52437,88,94,-6,6
52438,158,141,17,17
52439,82,74,8,8
52440,91,95,-4,4
52441,158,147,11,11
52442,77,84,-7,7
52443,61,82,-21,21
52444,57,61,-4,4
52445,76,80,-4,4
52446,80,86,-6,6
52447,90,101,-11,11
52448,75,64,11,11
52449,105,101,4,4
52450,99,99,0,0
52451,134,129,5,5
52452,70,76,-6,6
52453,139,143,-4,4
52454,67,68,-1,1
52455,186,166,20,20
52456,101,98,3,3
52457,142,133,9,9
52458,66,61,5,5
52459,88,87,1,1
52460,79,89,-10,10
52461,80,86,-6,6
52462,103,110,-7,7
52463,133,137,-4,4
52464,21,65,-44,44
52465,98,91,7,7
52466,67,64,3,3
52467,117,144,-27,27
52468,71,68,3,3
52469,45,60,-15,15
52470,90,83,7,7
52471,122,113,9,9
52472,133,122,11,11
52473,70,67,3,3
52474,99,104,-5,5
52475,161,146,15,15
52476,123,112,11,11
52477,116,106,10,10
52478,148,126,22,22
52479,55,62,-7,7
52480,107,108,-1,1
52481,69,64,5,5
52482,103,118,-15,15
52483,50,60,-10,10
52484,76,76,0,0
52485,98,99,-1,1
52486,63,65,-2,2
52487,69,68,1,1
52488,115,112,3,3
52489,64,62,2,2
52490,80,81,-1,1
52491,93,90,3,3
52492,93,96,-3,3
52493,107,102,5,5
52494,91,93,-2,2
52495,73,91,-18,18
52496,163,139,24,24
52497,82,75,7,7
52498,133,138,-5,5
52499,70,81,-11,11
52500,74,71,3,3
52501,72,71,1,1
52502,51,61,-10,10
52503,192,161,31,31
52504,59,66,-7,7
52505,69,68,1,1
52506,47,62,-15,15
52507,146,152,-6,6
52508,149,130,19,19
52509,96,108,-12,12
52510,73,63,10,10
52511,143,129,14,14
52512,101,104,-3,3
52513,96,100,-4,4
52514,108,112,-4,4
52515,77,75,2,2
52516,45,61,-16,16
52517,89,98,-9,9
52518,160,145,15,15
52519,97,102,-5,5
52520,82,83,-1,1
52521,80,72,8,8
52522,70,68,2,2
52523,123,112,11,11
52524,109,105,4,4
52525,162,152,10,10
52526,129,124,5,5
52527,80,74,6,6
52528,49,63,-14,14
52529,129,113,16,16
52530,79,74,5,5
52531,89,102,-13,13
52532,92,97,-5,5
52533,87,80,7,7
52534,104,99,5,5
52535,106,97,9,9
52536,169,160,9,9
52537,96,108,-12,12
52538,66,68,-2,2
52539,140,132,8,8
52540,128,115,13,13
52541,82,74,8,8
52542,128,116,12,12
52543,109,112,-3,3
52544,59,64,-5,5
52545,61,65,-4,4
52546,109,95,14,14
52547,72,78,-6,6
52548,57,69,-12,12
52549,94,101,-7,7
52550,86,90,-4,4
52551,57,63,-6,6
52552,142,138,4,4
52553,79,91,-12,12
52554,150,139,11,11
52555,122,129,-7,7
52556,106,113,-7,7
52557,41,61,-20,20
52558,218,190,28,28
52559,106,100,6,6
52560,80,73,7,7
52561,87,92,-5,5
52562,121,127,-6,6
52563,68,65,3,3
52564,79,86,-7,7
52565,63,63,0,0
52566,57,70,-13,13
52567,132,129,3,3
52568,86,93,-7,7
52569,92,92,0,0
52570,187,165,22,22
52571,97,97,0,0
52572,135,125,10,10
52573,126,111,15,15
52574,79,86,-7,7
52575,69,81,-12,12
52576,142,134,8,8
52577,97,95,2,2
52578,104,112,-8,8
52579,112,113,-1,1
52580,168,166,2,2
52581,145,128,17,17
52582,137,125,12,12
52583,142,124,18,18
52584,81,77,4,4
52585,97,95,2,2
52586,90,77,13,13
52587,121,137,-16,16
52588,71,76,-5,5
52589,61,64,-3,3
52590,95,112,-17,17
52591,95,116,-21,21
52592,53,65,-12,12
52593,126,123,3,3
52594,72,82,-10,10
52595,86,79,7,7
52596,141,136,5,5
52597,96,102,-6,6
52598,98,106,-8,8
52599,123,118,5,5
52600,46,62,-16,16
52601,95,91,4,4
52602,127,117,10,10
52603,153,148,5,5
52604,115,111,4,4
52605,104,97,7,7
52606,53,61,-8,8
52607,95,92,3,3
52608,88,90,-2,2
52609,133,114,19,19
52610,88,89,-1,1
52611,25,62,-37,37
52612,142,125,17,17
52613,98,107,-9,9
52614,93,92,1,1
52615,99,96,3,3
52616,152,139,13,13
52617,124,122,2,2
52618,112,114,-2,2
52619,134,119,15,15
52620,104,112,-8,8
52621,86,83,3,3
52622,117,116,1,1
52623,77,81,-4,4
52624,88,94,-6,6
52625,72,71,1,1
52626,87,114,-27,27
52627,80,76,4,4
52628,103,102,1,1
52629,136,132,4,4
52630,105,110,-5,5
52631,96,95,1,1
52632,90,86,4,4
52633,53,61,-8,8
52634,77,80,-3,3
52635,60,63,-3,3
52636,115,118,-3,3
52637,93,93,0,0
52638,91,82,9,9
52639,162,157,5,5
52640,115,108,7,7
52641,148,150,-2,2
52642,68,68,0,0
52643,79,88,-9,9
52644,53,63,-10,10
52645,60,62,-2,2
52646,63,72,-9,9
52647,102,102,0,0
52648,111,102,9,9
52649,116,112,4,4
52650,50,62,-12,12
52651,113,105,8,8
52652,46,61,-15,15
52653,62,62,0,0
52654,112,110,2,2
52655,58,87,-29,29
52656,85,95,-10,10
52657,111,103,8,8
52658,105,105,0,0
52659,113,123,-10,10
52660,174,157,17,17
52661,125,115,10,10
52662,109,107,2,2
52663,67,66,1,1
52664,76,67,9,9
52665,193,272,-79,79
52666,128,124,4,4
52667,88,89,-1,1
52668,70,73,-3,3
52669,63,64,-1,1
52670,148,139,9,9
52671,89,103,-14,14
52672,152,143,9,9
52673,62,66,-4,4
52674,141,117,24,24
52675,48,61,-13,13
52676,185,166,19,19
52677,89,88,1,1
52678,87,90,-3,3
52679,50,62,-12,12
52680,79,70,9,9
52681,124,130,-6,6
52682,109,104,5,5
52683,54,62,-8,8
52684,90,88,2,2
52685,85,89,-4,4
52686,35,100,-65,65
52687,86,89,-3,3
52688,47,60,-13,13
52689,103,97,6,6
52690,105,107,-2,2
52691,47,60,-13,13
52692,44,62,-18,18
52693,137,124,13,13
52694,69,81,-12,12
52695,47,62,-15,15
52696,63,64,-1,1
52697,118,118,0,0
52698,83,92,-9,9
52699,80,96,-16,16
52700,119,103,16,16
52701,107,112,-5,5
52702,100,111,-11,11
52703,96,102,-6,6
52704,90,104,-14,14
52705,136,127,9,9
52706,142,142,0,0
52707,82,84,-2,2
52708,64,61,3,3
52709,89,95,-6,6
52710,49,62,-13,13
52711,138,121,17,17
52712,74,63,11,11
52713,55,70,-15,15
52714,147,123,24,24
52715,87,95,-8,8
52716,67,82,-15,15
52717,90,84,6,6
52718,72,94,-22,22
52719,110,107,3,3
52720,166,158,8,8
52721,128,106,22,22
52722,70,78,-8,8
52723,95,99,-4,4
52724,58,60,-2,2
52725,95,97,-2,2
52726,78,88,-10,10
52727,99,108,-9,9
52728,79,72,7,7
52729,96,85,11,11
52730,87,84,3,3
52731,57,61,-4,4
52732,67,66,1,1
52733,84,93,-9,9
52734,73,76,-3,3
52735,77,81,-4,4
52736,65,64,1,1
52737,34,60,-26,26
52738,103,102,1,1
52739,117,118,-1,1
52740,73,67,6,6
52741,121,111,10,10
52742,67,70,-3,3
52743,118,101,17,17
52744,145,139,6,6
52745,83,97,-14,14
52746,105,105,0,0
52747,81,69,12,12
52748,92,94,-2,2
52749,44,61,-17,17
52750,104,104,0,0
52751,45,62,-17,17
52752,96,94,2,2
52753,115,116,-1,1
52754,91,98,-7,7
52755,64,77,-13,13
52756,63,63,0,0
52757,83,92,-9,9
52758,126,123,3,3
52759,57,63,-6,6
52760,209,183,26,26
52761,153,134,19,19
52762,57,62,-5,5
52763,70,67,3,3
52764,118,124,-6,6
52765,110,110,0,0
52766,63,61,2,2
52767,117,111,6,6
52768,151,126,25,25
52769,135,140,-5,5
52770,75,73,2,2
52771,121,111,10,10
52772,142,145,-3,3
52773,107,105,2,2
52774,87,91,-4,4
52775,83,92,-9,9
52776,54,61,-7,7
52777,120,113,7,7
52778,75,81,-6,6
52779,116,113,3,3
52780,80,79,1,1
52781,132,130,2,2
52782,61,68,-7,7
52783,70,76,-6,6
52784,57,61,-4,4
52785,137,127,10,10
52786,112,99,13,13
52787,77,79,-2,2
52788,78,79,-1,1
52789,94,101,-7,7
52790,85,92,-7,7
52791,61,61,0,0
52792,80,81,-1,1
52793,116,106,10,10
52794,64,90,-26,26
52795,69,72,-3,3
52796,124,109,15,15
52797,78,65,13,13
52798,109,110,-1,1
52799,90,90,0,0
52800,148,141,7,7
52801,64,66,-2,2
52802,59,63,-4,4
52803,42,60,-18,18
52804,132,124,8,8
52805,132,125,7,7
52806,68,63,5,5
52807,173,169,4,4
52808,73,70,3,3
52809,88,91,-3,3
52810,95,94,1,1
52811,56,59,-3,3
52812,83,76,7,7
52813,131,133,-2,2
52814,65,74,-9,9
52815,77,74,3,3
52816,110,113,-3,3
52817,80,122,-42,42
52818,76,69,7,7
52819,73,79,-6,6
52820,66,68,-2,2
52821,149,132,17,17
52822,55,61,-6,6
52823,60,61,-1,1
52824,151,145,6,6
52825,112,117,-5,5
52826,67,64,3,3
52827,67,86,-19,19
52828,77,91,-14,14
52829,114,115,-1,1
52830,123,127,-4,4
52831,83,81,2,2
52832,42,60,-18,18
52833,104,110,-6,6
52834,90,93,-3,3
52835,107,112,-5,5
52836,153,137,16,16
52837,68,68,0,0
52838,41,62,-21,21
52839,82,85,-3,3
52840,55,61,-6,6
52841,114,110,4,4
52842,92,93,-1,1
52843,90,98,-8,8
52844,70,70,0,0
52845,75,81,-6,6
52846,112,96,16,16
52847,76,88,-12,12
52848,107,85,22,22
52849,96,98,-2,2
52850,107,108,-1,1
52851,46,62,-16,16
52852,103,111,-8,8
52853,122,117,5,5
52854,117,111,6,6
52855,69,91,-22,22
52856,100,102,-2,2
52857,70,61,9,9
52858,96,103,-7,7
52859,89,91,-2,2
52860,112,115,-3,3
52861,93,110,-17,17
52862,104,101,3,3
52863,79,80,-1,1
52864,150,141,9,9
52865,145,136,9,9
52866,135,131,4,4
52867,61,61,0,0
52868,75,82,-7,7
52869,63,62,1,1
52870,77,81,-4,4
52871,115,121,-6,6
52872,94,94,0,0
52873,60,63,-3,3
52874,99,100,-1,1
52875,162,163,-1,1
52876,89,96,-7,7
52877,84,94,-10,10
52878,90,101,-11,11
52879,132,120,12,12
52880,106,101,5,5
52881,50,62,-12,12
52882,66,61,5,5
52883,153,139,14,14
52884,55,62,-7,7
52885,92,91,1,1
52886,113,112,1,1
52887,54,60,-6,6
52888,132,126,6,6
52889,116,102,14,14
52890,88,228,-140,140
52891,127,121,6,6
52892,80,91,-11,11
52893,125,110,15,15
52894,108,100,8,8
52895,104,103,1,1
52896,62,68,-6,6
52897,76,86,-10,10
52898,77,87,-10,10
52899,120,112,8,8
52900,71,75,-4,4
52901,54,66,-12,12
52902,115,118,-3,3
52903,138,136,2,2
52904,95,92,3,3
52905,31,62,-31,31
52906,46,61,-15,15
52907,147,128,19,19
52908,129,134,-5,5
52909,82,68,14,14
52910,81,93,-12,12
52911,62,60,2,2
52912,140,128,12,12
52913,101,102,-1,1
52914,120,106,14,14
52915,48,62,-14,14
52916,132,123,9,9
52917,164,145,19,19
52918,48,62,-14,14
52919,81,96,-15,15
52920,74,80,-6,6
52921,79,94,-15,15
52922,97,100,-3,3
52923,81,92,-11,11
52924,47,62,-15,15
52925,97,107,-10,10
52926,59,63,-4,4
52927,68,63,5,5
52928,67,65,2,2
52929,66,67,-1,1
52930,143,125,18,18
52931,88,93,-5,5
52932,96,97,-1,1
52933,169,139,30,30
52934,106,97,9,9
52935,106,107,-1,1
52936,78,81,-3,3
52937,107,112,-5,5
52938,132,136,-4,4
52939,88,75,13,13
52940,68,83,-15,15
52941,104,100,4,4
52942,79,89,-10,10
52943,96,92,4,4
52944,159,146,13,13
52945,133,134,-1,1
52946,81,88,-7,7
52947,67,73,-6,6
52948,86,93,-7,7
52949,75,74,1,1
52950,106,108,-2,2
52951,55,63,-8,8
52952,167,143,24,24
52953,33,61,-28,28
52954,114,122,-8,8
52955,153,129,24,24
52956,76,83,-7,7
52957,74,88,-14,14
52958,152,148,4,4
52959,176,157,19,19
52960,86,84,2,2
52961,191,179,12,12
52962,116,115,1,1
52963,87,87,0,0
52964,133,128,5,5
52965,131,132,-1,1
52966,96,98,-2,2
52967,113,115,-2,2
52968,52,61,-9,9
52969,68,80,-12,12
52970,110,107,3,3
52971,58,60,-2,2
52972,104,117,-13,13
52973,93,96,-3,3
52974,118,116,2,2
52975,92,97,-5,5
52976,77,83,-6,6
52977,43,61,-18,18
52978,19,63,-44,44
52979,156,133,23,23
52980,145,138,7,7
52981,85,93,-8,8
52982,85,70,15,15
52983,121,112,9,9
52984,76,73,3,3
52985,137,139,-2,2
52986,76,77,-1,1
52987,91,89,2,2
52988,93,92,1,1
52989,133,135,-2,2
52990,128,116,12,12
52991,106,106,0,0
52992,77,78,-1,1
52993,104,101,3,3
52994,82,84,-2,2
52995,77,78,-1,1
52996,91,103,-12,12
52997,73,101,-28,28
52998,144,135,9,9
52999,103,99,4,4
53000,97,117,-20,20
53001,238,218,20,20
53002,87,85,2,2
53003,135,123,12,12
53004,63,66,-3,3
53005,95,95,0,0
53006,42,62,-20,20
53007,69,74,-5,5
53008,98,93,5,5
53009,147,137,10,10
53010,108,111,-3,3
53011,52,61,-9,9
53012,69,64,5,5
53013,92,77,15,15
53014,129,132,-3,3
53015,83,93,-10,10
53016,108,110,-2,2
53017,126,124,2,2
53018,84,87,-3,3
53019,86,74,12,12
53020,82,102,-20,20
53021,88,94,-6,6
53022,101,93,8,8
53023,130,118,12,12
53024,83,91,-8,8
53025,118,123,-5,5
53026,106,104,2,2
53027,108,110,-2,2
53028,85,66,19,19
53029,133,123,10,10
53030,77,75,2,2
53031,110,107,3,3
53032,71,85,-14,14
53033,72,84,-12,12
53034,44,61,-17,17
53035,69,65,4,4
53036,106,100,6,6
53037,103,100,3,3
53038,82,74,8,8
53039,119,126,-7,7
53040,94,98,-4,4
53041,67,66,1,1
53042,81,81,0,0
53043,102,99,3,3
53044,68,62,6,6
53045,154,132,22,22
53046,80,75,5,5
53047,120,111,9,9
53048,59,69,-10,10
53049,149,145,4,4
53050,66,71,-5,5
53051,80,66,14,14
53052,61,63,-2,2
53053,40,62,-22,22
53054,80,92,-12,12
53055,54,61,-7,7
53056,90,113,-23,23
53057,107,104,3,3
53058,62,62,0,0
53059,157,157,0,0
53060,113,109,4,4
53061,107,119,-12,12
53062,87,71,16,16
53063,90,95,-5,5
53064,155,147,8,8
53065,37,60,-23,23
53066,66,69,-3,3
53067,92,99,-7,7
53068,74,69,5,5
53069,38,62,-24,24
53070,83,75,8,8
53071,90,102,-12,12
53072,262,346,-84,84
53073,83,88,-5,5
53074,65,61,4,4
53075,84,78,6,6
53076,50,60,-10,10
53077,95,102,-7,7
53078,80,88,-8,8
53079,135,122,13,13
53080,75,68,7,7
53081,79,89,-10,10
53082,179,163,16,16
53083,119,117,2,2
53084,89,75,14,14
53085,58,64,-6,6
53086,98,106,-8,8
53087,58,62,-4,4
53088,62,65,-3,3
53089,65,64,1,1
53090,90,91,-1,1
53091,134,120,14,14
53092,61,65,-4,4
53093,142,138,4,4
53094,71,77,-6,6
53095,147,125,22,22
53096,122,118,4,4
53097,151,137,14,14
53098,105,105,0,0
53099,56,62,-6,6
53100,124,125,-1,1
53101,140,140,0,0
53102,107,105,2,2
53103,103,105,-2,2
53104,98,95,3,3
53105,63,59,4,4
53106,51,62,-11,11
53107,81,78,3,3
53108,65,71,-6,6
53109,150,138,12,12
53110,134,131,3,3
53111,46,60,-14,14
53112,120,107,13,13
53113,80,87,-7,7
53114,93,94,-1,1
53115,176,151,25,25
53116,115,118,-3,3
53117,128,120,8,8
53118,143,128,15,15
53119,55,62,-7,7
53120,85,74,11,11
53121,102,96,6,6
53122,54,61,-7,7
53123,151,124,27,27
53124,83,78,5,5
53125,47,61,-14,14
53126,80,78,2,2
53127,126,117,9,9
53128,105,110,-5,5
53129,103,109,-6,6
53130,70,79,-9,9
53131,64,61,3,3
53132,116,113,3,3
53133,124,130,-6,6
53134,89,89,0,0
53135,73,76,-3,3
53136,131,132,-1,1
53137,120,108,12,12
53138,102,96,6,6
53139,88,81,7,7
53140,82,79,3,3
53141,88,92,-4,4
53142,135,114,21,21
53143,119,115,4,4
53144,67,71,-4,4
53145,55,61,-6,6
53146,170,156,14,14
53147,125,147,-22,22
53148,132,114,18,18
53149,146,138,8,8
53150,83,84,-1,1
53151,85,84,1,1
53152,101,100,1,1
53153,84,91,-7,7
53154,135,124,11,11
53155,54,62,-8,8
53156,74,62,12,12
53157,72,73,-1,1
53158,112,96,16,16
53159,137,131,6,6
53160,82,74,8,8
53161,121,111,10,10
53162,83,88,-5,5
53163,112,117,-5,5
53164,66,62,4,4
53165,90,91,-1,1
53166,111,116,-5,5
53167,70,79,-9,9
53168,98,104,-6,6
53169,101,100,1,1
53170,108,102,6,6
53171,77,80,-3,3
53172,94,101,-7,7
53173,77,83,-6,6
53174,52,63,-11,11
53175,114,115,-1,1
53176,79,82,-3,3
53177,43,62,-19,19
53178,110,100,10,10
53179,51,55,-4,4
53180,81,84,-3,3
53181,122,112,10,10
53182,128,133,-5,5
53183,92,108,-16,16
53184,111,107,4,4
53185,106,100,6,6
53186,56,60,-4,4
53187,137,122,15,15
53188,75,66,9,9
53189,71,67,4,4
53190,67,66,1,1
53191,89,91,-2,2
53192,96,99,-3,3
53193,106,107,-1,1
53194,71,68,3,3
53195,128,117,11,11
53196,63,66,-3,3
53197,82,78,4,4
53198,67,68,-1,1
53199,80,79,1,1
53200,124,116,8,8
53201,117,112,5,5
53202,115,130,-15,15
53203,107,109,-2,2
53204,65,67,-2,2
53205,119,117,2,2
53206,88,98,-10,10
53207,53,61,-8,8
53208,156,141,15,15
53209,71,72,-1,1
53210,89,92,-3,3
53211,88,83,5,5
53212,113,116,-3,3
53213,43,62,-19,19
53214,106,105,1,1
53215,85,89,-4,4
53216,108,125,-17,17
53217,70,61,9,9
53218,163,156,7,7
53219,102,104,-2,2
53220,74,72,2,2
53221,60,62,-2,2
53222,107,102,5,5
53223,59,92,-33,33
53224,90,77,13,13
53225,134,123,11,11
53226,159,144,15,15
53227,99,94,5,5
53228,75,78,-3,3
53229,62,61,1,1
53230,93,95,-2,2
53231,101,102,-1,1
53232,61,67,-6,6
53233,88,75,13,13
53234,99,109,-10,10
53235,45,61,-16,16
53236,65,68,-3,3
53237,120,109,11,11
53238,85,91,-6,6
53239,76,82,-6,6
53240,111,104,7,7
53241,75,83,-8,8
53242,96,110,-14,14
53243,134,116,18,18
53244,62,59,3,3
53245,69,64,5,5
53246,95,98,-3,3
53247,93,92,1,1
53248,73,87,-14,14
53249,89,76,13,13
53250,59,61,-2,2
53251,73,64,9,9
53252,115,116,-1,1
53253,86,90,-4,4
53254,141,155,-14,14
53255,109,129,-20,20
53256,112,103,9,9
53257,74,75,-1,1
53258,57,63,-6,6
53259,61,66,-5,5
53260,104,105,-1,1
53261,111,98,13,13
53262,80,84,-4,4
53263,107,99,8,8
53264,43,60,-17,17
53265,71,78,-7,7
53266,54,62,-8,8
53267,74,84,-10,10
53268,77,70,7,7
53269,86,106,-20,20
53270,65,65,0,0
53271,103,96,7,7
53272,67,72,-5,5
53273,77,68,9,9
53274,53,60,-7,7
53275,128,111,17,17
53276,75,74,1,1
53277,111,131,-20,20
53278,94,94,0,0
53279,93,94,-1,1
53280,131,117,14,14
53281,61,95,-34,34
53282,69,70,-1,1
53283,70,63,7,7
53284,50,62,-12,12
53285,69,63,6,6
53286,101,96,5,5
53287,86,77,9,9
53288,98,97,1,1
53289,140,120,20,20
53290,88,93,-5,5
53291,51,62,-11,11
53292,72,72,0,0
53293,109,112,-3,3
53294,67,76,-9,9
53295,114,110,4,4
53296,98,95,3,3
53297,98,106,-8,8
53298,107,116,-9,9
53299,133,139,-6,6
53300,161,151,10,10
53301,161,141,20,20
53302,125,120,5,5
53303,90,93,-3,3
53304,112,113,-1,1
53305,61,62,-1,1
53306,186,175,11,11
53307,102,111,-9,9
53308,273,266,7,7
53309,125,126,-1,1
53310,124,125,-1,1
53311,115,108,7,7
53312,86,90,-4,4
53313,67,68,-1,1
53314,90,96,-6,6
53315,146,134,12,12
53316,64,65,-1,1
53317,78,78,0,0
53318,73,69,4,4
53319,132,122,10,10
53320,78,77,1,1
53321,108,114,-6,6
53322,72,66,6,6
53323,112,118,-6,6
53324,110,108,2,2
53325,157,139,18,18
53326,87,86,1,1
53327,63,63,0,0
53328,47,62,-15,15
53329,55,62,-7,7
53330,57,61,-4,4
53331,77,85,-8,8
53332,73,66,7,7
53333,52,60,-8,8
53334,60,76,-16,16
53335,171,176,-5,5
53336,153,137,16,16
53337,128,122,6,6
53338,101,101,0,0
53339,58,62,-4,4
53340,67,65,2,2
53341,58,63,-5,5
53342,69,66,3,3
53343,198,164,34,34
53344,85,82,3,3
53345,96,89,7,7
53346,68,96,-28,28
53347,80,73,7,7
53348,56,64,-8,8
53349,67,66,1,1
53350,57,61,-4,4
53351,39,59,-20,20
53352,81,93,-12,12
53353,117,112,5,5
53354,104,105,-1,1
53355,105,109,-4,4
53356,83,82,1,1
53357,135,138,-3,3
53358,76,65,11,11
53359,122,111,11,11
53360,78,81,-3,3
53361,37,61,-24,24
53362,134,120,14,14
53363,71,68,3,3
53364,119,113,6,6
53365,23,59,-36,36
53366,145,133,12,12
53367,99,99,0,0
53368,70,79,-9,9
53369,41,60,-19,19
53370,82,94,-12,12
53371,102,97,5,5
53372,64,63,1,1
53373,60,61,-1,1
53374,157,141,16,16
53375,144,123,21,21
53376,107,106,1,1
53377,108,117,-9,9
53378,79,95,-16,16
53379,77,91,-14,14
53380,102,100,2,2
53381,62,63,-1,1
53382,87,95,-8,8
53383,156,139,17,17
53384,59,62,-3,3
53385,54,61,-7,7
53386,114,116,-2,2
53387,87,101,-14,14
53388,132,127,5,5
53389,135,127,8,8
53390,126,109,17,17
53391,105,107,-2,2
53392,95,103,-8,8
53393,101,99,2,2
53394,51,63,-12,12
53395,63,69,-6,6
53396,149,141,8,8
53397,72,62,10,10
53398,147,136,11,11
53399,67,63,4,4
53400,106,112,-6,6
53401,98,104,-6,6
53402,100,96,4,4
53403,93,111,-18,18
53404,69,72,-3,3
53405,116,132,-16,16
53406,88,85,3,3
53407,114,134,-20,20
53408,53,61,-8,8
53409,55,62,-7,7
53410,86,96,-10,10
53411,110,106,4,4
53412,82,80,2,2
53413,87,82,5,5
53414,60,61,-1,1
53415,59,62,-3,3
53416,72,70,2,2
53417,99,93,6,6
53418,111,99,12,12
53419,105,107,-2,2
53420,110,107,3,3
53421,56,62,-6,6
53422,126,130,-4,4
53423,75,87,-12,12
53424,56,62,-6,6
53425,119,135,-16,16
53426,98,99,-1,1
53427,171,166,5,5
53428,169,140,29,29
53429,126,127,-1,1
53430,194,161,33,33
53431,112,103,9,9
53432,73,72,1,1
53433,106,107,-1,1
53434,101,91,10,10
53435,119,108,11,11
53436,96,87,9,9
53437,58,62,-4,4
53438,89,96,-7,7
53439,78,90,-12,12
53440,85,89,-4,4
53441,87,92,-5,5
53442,70,87,-17,17
53443,50,60,-10,10
53444,51,60,-9,9
53445,91,91,0,0
53446,79,83,-4,4
53447,98,99,-1,1
53448,117,123,-6,6
53449,94,103,-9,9
53450,141,129,12,12
53451,133,133,0,0
53452,48,62,-14,14
53453,121,116,5,5
53454,90,95,-5,5
53455,50,63,-13,13
53456,69,76,-7,7
53457,90,108,-18,18
53458,83,92,-9,9
53459,89,104,-15,15
53460,84,91,-7,7
53461,72,86,-14,14
53462,65,73,-8,8
53463,93,94,-1,1
53464,70,66,4,4
53465,68,69,-1,1
53466,128,136,-8,8
53467,102,91,11,11
53468,111,114,-3,3
53469,54,62,-8,8
53470,94,103,-9,9
53471,102,97,5,5
53472,104,102,2,2
53473,90,95,-5,5
53474,96,103,-7,7
53475,119,148,-29,29
53476,80,93,-13,13
53477,77,78,-1,1
53478,228,288,-60,60
53479,134,120,14,14
53480,140,151,-11,11
53481,47,62,-15,15
53482,113,109,4,4
53483,58,60,-2,2
53484,34,61,-27,27
53485,46,60,-14,14
53486,68,61,7,7
53487,68,75,-7,7
53488,43,61,-18,18
53489,74,83,-9,9
53490,88,94,-6,6
53491,130,140,-10,10
53492,112,96,16,16
53493,91,87,4,4
53494,70,74,-4,4
53495,137,133,4,4
53496,67,61,6,6
53497,90,84,6,6
53498,137,121,16,16
53499,83,95,-12,12
53500,105,113,-8,8
53501,78,82,-4,4
53502,93,74,19,19
53503,88,83,5,5
53504,65,62,3,3
53505,105,99,6,6
53506,131,132,-1,1
53507,52,61,-9,9
53508,48,59,-11,11
53509,127,131,-4,4
53510,70,85,-15,15
53511,62,61,1,1
53512,119,116,3,3
53513,75,75,0,0
53514,90,83,7,7
53515,60,70,-10,10
53516,133,123,10,10
53517,86,84,2,2
53518,77,90,-13,13
53519,81,82,-1,1
53520,98,101,-3,3
53521,101,104,-3,3
53522,70,71,-1,1
53523,86,78,8,8
53524,111,112,-1,1
53525,99,96,3,3
53526,62,64,-2,2
53527,111,111,0,0
53528,57,62,-5,5
53529,93,95,-2,2
53530,77,80,-3,3
53531,122,115,7,7
53532,96,107,-11,11
53533,52,61,-9,9
53534,66,61,5,5
53535,102,102,0,0
53536,79,99,-20,20
53537,83,98,-15,15
53538,90,95,-5,5
53539,117,108,9,9
53540,87,93,-6,6
53541,127,113,14,14
53542,50,62,-12,12
53543,62,63,-1,1
53544,63,73,-10,10
53545,80,71,9,9
53546,111,129,-18,18
53547,53,60,-7,7
53548,105,105,0,0
53549,97,93,4,4
53550,48,61,-13,13
53551,66,69,-3,3
53552,113,112,1,1
53553,142,130,12,12
53554,42,62,-20,20
53555,55,62,-7,7
53556,111,101,10,10
53557,89,85,4,4
53558,76,96,-20,20
53559,126,115,11,11
53560,103,101,2,2
53561,53,59,-6,6
53562,90,94,-4,4
53563,66,60,6,6
53564,60,67,-7,7
53565,49,62,-13,13
53566,230,205,25,25
53567,64,58,6,6
53568,104,106,-2,2
53569,82,85,-3,3
53570,157,150,7,7
53571,53,61,-8,8
53572,93,98,-5,5
53573,76,72,4,4
53574,61,67,-6,6
53575,100,93,7,7
53576,52,61,-9,9
53577,69,66,3,3
53578,117,114,3,3
53579,124,119,5,5
53580,100,104,-4,4
53581,149,136,13,13
53582,99,101,-2,2
53583,120,109,11,11
53584,79,90,-11,11
53585,177,170,7,7
53586,62,64,-2,2
53587,99,96,3,3
53588,157,143,14,14
53589,117,120,-3,3
53590,98,95,3,3
53591,68,65,3,3
53592,85,87,-2,2
53593,91,99,-8,8
53594,106,99,7,7
53595,129,122,7,7
53596,134,120,14,14
53597,85,89,-4,4
53598,122,122,0,0
53599,89,92,-3,3
53600,46,62,-16,16
53601,91,98,-7,7
53602,136,131,5,5
53603,52,61,-9,9
53604,98,103,-5,5
53605,98,94,4,4
53606,129,123,6,6
53607,49,61,-12,12
53608,75,73,2,2
53609,70,75,-5,5
53610,102,98,4,4
53611,114,112,2,2
53612,31,62,-31,31
53613,120,115,5,5
53614,108,105,3,3
53615,84,92,-8,8
53616,61,66,-5,5
53617,150,145,5,5
53618,52,112,-60,60
53619,44,61,-17,17
53620,71,79,-8,8
53621,62,64,-2,2
53622,74,76,-2,2
53623,100,101,-1,1
53624,83,91,-8,8
53625,82,88,-6,6
53626,149,131,18,18
53627,113,121,-8,8
53628,99,94,5,5
53629,94,99,-5,5
53630,77,89,-12,12
53631,116,125,-9,9
53632,154,148,6,6
53633,84,92,-8,8
53634,116,102,14,14
53635,169,156,13,13
53636,126,118,8,8
53637,31,62,-31,31
53638,84,89,-5,5
53639,81,84,-3,3
53640,109,106,3,3
53641,96,99,-3,3
53642,78,78,0,0
53643,100,100,0,0
53644,101,99,2,2
53645,63,69,-6,6
53646,118,112,6,6
53647,119,109,10,10
53648,70,66,4,4
53649,82,78,4,4
53650,57,63,-6,6
53651,89,96,-7,7
53652,124,113,11,11
53653,67,67,0,0
53654,87,77,10,10
53655,115,109,6,6
53656,76,69,7,7
53657,63,67,-4,4
53658,105,100,5,5
53659,77,74,3,3
53660,124,123,1,1
53661,84,78,6,6
53662,52,61,-9,9
53663,55,64,-9,9
53664,120,115,5,5
53665,206,169,37,37
53666,67,71,-4,4
53667,93,96,-3,3
53668,67,64,3,3
53669,71,65,6,6
53670,87,85,2,2
53671,72,66,6,6
53672,108,106,2,2
53673,116,110,6,6
53674,62,62,0,0
53675,61,68,-7,7
53676,57,62,-5,5
53677,100,97,3,3
53678,78,76,2,2
53679,93,96,-3,3
53680,102,106,-4,4
53681,187,178,9,9
53682,88,78,10,10
53683,100,103,-3,3
53684,169,156,13,13
53685,160,162,-2,2
53686,142,134,8,8
53687,146,143,3,3
53688,81,88,-7,7
53689,41,62,-21,21
53690,111,109,2,2
53691,124,112,12,12
53692,114,116,-2,2
53693,133,136,-3,3
53694,88,78,10,10
53695,90,84,6,6
53696,76,77,-1,1
53697,83,94,-11,11
53698,130,124,6,6
53699,48,60,-12,12
53700,85,99,-14,14
53701,77,72,5,5
53702,130,128,2,2
53703,118,104,14,14
53704,106,103,3,3
53705,67,69,-2,2
53706,111,109,2,2
53707,94,92,2,2
53708,69,68,1,1
53709,76,97,-21,21
53710,96,94,2,2
53711,84,78,6,6
53712,144,141,3,3
53713,66,79,-13,13
53714,86,90,-4,4
53715,56,63,-7,7
53716,103,112,-9,9
53717,154,141,13,13
53718,80,74,6,6
53719,89,101,-12,12
53720,63,69,-6,6
53721,90,101,-11,11
53722,102,90,12,12
53723,132,126,6,6
53724,103,104,-1,1
53725,138,134,4,4
53726,107,103,4,4
53727,84,93,-9,9
53728,158,139,19,19
53729,143,137,6,6
53730,83,91,-8,8
53731,101,96,5,5
53732,42,62,-20,20
53733,156,146,10,10
53734,96,102,-6,6
53735,124,126,-2,2
53736,91,96,-5,5
53737,139,128,11,11
53738,80,74,6,6
53739,95,92,3,3
53740,95,93,2,2
53741,83,92,-9,9
53742,88,94,-6,6
53743,120,117,3,3
53744,79,81,-2,2
53745,114,107,7,7
53746,54,62,-8,8
53747,72,78,-6,6
53748,122,108,14,14
53749,125,124,1,1
53750,100,99,1,1
53751,90,102,-12,12
53752,92,93,-1,1
53753,85,82,3,3
53754,115,111,4,4
53755,76,68,8,8
53756,94,108,-14,14
53757,128,119,9,9
53758,49,105,-56,56
53759,134,126,8,8
53760,114,114,0,0
53761,75,71,4,4
53762,71,68,3,3
53763,131,125,6,6
53764,110,106,4,4
53765,113,105,8,8
53766,79,92,-13,13
53767,90,107,-17,17
53768,112,100,12,12
53769,92,94,-2,2
53770,141,128,13,13
53771,46,62,-16,16
53772,103,103,0,0
53773,124,121,3,3
53774,98,98,0,0
53775,106,96,10,10
53776,95,88,7,7
53777,50,61,-11,11
53778,98,96,2,2
53779,127,122,5,5
53780,147,140,7,7
53781,136,124,12,12
53782,68,66,2,2
53783,133,131,2,2
53784,112,109,3,3
53785,73,66,7,7
53786,104,106,-2,2
53787,118,112,6,6
53788,84,95,-11,11
53789,66,67,-1,1
53790,74,69,5,5
53791,71,61,10,10
53792,122,116,6,6
53793,88,94,-6,6
53794,90,98,-8,8
53795,44,62,-18,18
53796,68,88,-20,20
53797,72,79,-7,7
53798,141,130,11,11
53799,84,109,-25,25
53800,120,114,6,6
53801,46,62,-16,16
53802,59,60,-1,1
53803,136,126,10,10
53804,47,62,-15,15
53805,57,62,-5,5
53806,64,81,-17,17
53807,114,101,13,13
53808,75,68,7,7
53809,72,74,-2,2
53810,58,61,-3,3
53811,70,68,2,2
53812,146,136,10,10
53813,83,101,-18,18
53814,116,131,-15,15
53815,143,138,5,5
53816,118,130,-12,12
53817,200,179,21,21
53818,116,105,11,11
53819,124,121,3,3
53820,142,139,3,3
53821,184,154,30,30
53822,137,128,9,9
53823,76,73,3,3
53824,96,95,1,1
53825,52,62,-10,10
53826,91,82,9,9
53827,55,62,-7,7
53828,95,92,3,3
53829,59,59,0,0
53830,145,144,1,1
53831,84,71,13,13
53832,112,114,-2,2
53833,63,75,-12,12
53834,60,61,-1,1
53835,134,126,8,8
53836,88,83,5,5
53837,72,75,-3,3
53838,107,113,-6,6
53839,74,72,2,2
53840,94,86,8,8
53841,84,80,4,4
53842,55,91,-36,36
53843,30,62,-32,32
53844,31,61,-30,30
53845,77,86,-9,9
53846,74,72,2,2
53847,99,86,13,13
53848,148,140,8,8
53849,70,76,-6,6
53850,86,83,3,3
53851,124,135,-11,11
53852,144,135,9,9
53853,77,67,10,10
53854,117,106,11,11
53855,78,68,10,10
53856,53,64,-11,11
53857,105,99,6,6
53858,79,66,13,13
53859,127,116,11,11
53860,94,91,3,3
53861,159,151,8,8
53862,90,92,-2,2
53863,71,73,-2,2
53864,156,141,15,15
53865,140,135,5,5
53866,57,59,-2,2
53867,91,93,-2,2
53868,61,61,0,0
53869,91,97,-6,6
53870,54,63,-9,9
53871,78,72,6,6
53872,133,115,18,18
53873,121,108,13,13
53874,151,150,1,1
53875,119,112,7,7
53876,76,107,-31,31
53877,98,96,2,2
53878,97,98,-1,1
53879,41,62,-21,21
53880,149,154,-5,5
53881,119,115,4,4
53882,80,81,-1,1
53883,67,63,4,4
53884,70,75,-5,5
53885,120,114,6,6
53886,125,121,4,4
53887,76,78,-2,2
53888,77,82,-5,5
53889,89,96,-7,7
53890,63,61,2,2
53891,163,150,13,13
53892,51,61,-10,10
53893,68,64,4,4
53894,131,130,1,1
53895,109,107,2,2
53896,61,61,0,0
53897,118,128,-10,10
53898,103,103,0,0
53899,137,124,13,13
53900,93,93,0,0
53901,116,102,14,14
53902,61,66,-5,5
53903,80,87,-7,7
53904,88,91,-3,3
53905,121,124,-3,3
53906,63,63,0,0
53907,150,140,10,10
53908,130,120,10,10
53909,112,108,4,4
53910,48,61,-13,13
53911,159,151,8,8
53912,75,69,6,6
53913,66,72,-6,6
53914,75,76,-1,1
53915,70,64,6,6
53916,80,76,4,4
53917,95,99,-4,4
53918,57,63,-6,6
53919,79,70,9,9
53920,69,63,6,6
53921,60,59,1,1
53922,115,106,9,9
53923,121,100,21,21
53924,71,63,8,8
53925,88,85,3,3
53926,97,97,0,0
53927,56,65,-9,9
53928,107,99,8,8
53929,35,62,-27,27
53930,112,113,-1,1
53931,74,81,-7,7
53932,80,81,-1,1
53933,89,107,-18,18
53934,81,92,-11,11
53935,142,136,6,6
53936,109,112,-3,3
53937,118,107,11,11
53938,93,93,0,0
53939,127,123,4,4
53940,84,88,-4,4
53941,135,129,6,6
53942,128,123,5,5
53943,88,84,4,4
53944,77,89,-12,12
53945,73,80,-7,7
53946,92,89,3,3
53947,163,156,7,7
53948,117,110,7,7
53949,186,173,13,13
53950,118,124,-6,6
53951,79,65,14,14
53952,81,91,-10,10
53953,114,122,-8,8
53954,83,83,0,0
53955,89,79,10,10
53956,139,137,2,2
53957,85,87,-2,2
53958,52,61,-9,9
53959,112,102,10,10
53960,79,81,-2,2
53961,90,85,5,5
53962,102,102,0,0
53963,86,90,-4,4
53964,83,84,-1,1
53965,149,132,17,17
53966,50,61,-11,11
53967,73,71,2,2
53968,66,64,2,2
53969,106,112,-6,6
53970,78,70,8,8
53971,85,91,-6,6
53972,97,113,-16,16
53973,50,62,-12,12
53974,126,132,-6,6
53975,83,99,-16,16
53976,98,93,5,5
53977,75,70,5,5
53978,93,91,2,2
53979,143,132,11,11
53980,142,119,23,23
53981,55,63,-8,8
53982,68,62,6,6
53983,61,61,0,0
53984,68,66,2,2
53985,119,102,17,17
53986,85,83,2,2
53987,56,62,-6,6
53988,105,111,-6,6
53989,74,74,0,0
53990,61,59,2,2
53991,125,129,-4,4
53992,49,61,-12,12
53993,117,120,-3,3
53994,109,110,-1,1
53995,108,122,-14,14
53996,153,155,-2,2
53997,59,59,0,0
53998,173,153,20,20
53999,90,92,-2,2
54000,102,99,3,3
54001,53,62,-9,9
54002,91,99,-8,8
54003,162,131,31,31
54004,129,125,4,4
54005,110,113,-3,3
54006,80,70,10,10
54007,94,89,5,5
54008,107,105,2,2
54009,57,63,-6,6
54010,109,108,1,1
54011,73,70,3,3
54012,229,203,26,26
54013,170,159,11,11
54014,70,65,5,5
54015,104,105,-1,1
54016,83,80,3,3
54017,101,98,3,3
54018,86,92,-6,6
54019,108,109,-1,1
54020,96,97,-1,1
54021,80,89,-9,9
54022,68,67,1,1
54023,91,89,2,2
54024,112,114,-2,2
54025,122,117,5,5
54026,132,148,-16,16
54027,96,97,-1,1
54028,81,90,-9,9
54029,80,96,-16,16
54030,101,98,3,3
54031,117,112,5,5
54032,100,114,-14,14
54033,83,97,-14,14
54034,93,94,-1,1
54035,103,103,0,0
54036,48,64,-16,16
54037,110,105,5,5
54038,128,115,13,13
54039,37,61,-24,24
54040,110,116,-6,6
54041,94,96,-2,2
54042,127,143,-16,16
54043,70,64,6,6
54044,112,107,5,5
54045,189,183,6,6
54046,95,103,-8,8
54047,123,127,-4,4
54048,152,146,6,6
54049,85,87,-2,2
54050,60,66,-6,6
54051,74,65,9,9
54052,89,93,-4,4
54053,97,99,-2,2
54054,159,137,22,22
54055,90,93,-3,3
54056,76,77,-1,1
54057,83,103,-20,20
54058,71,82,-11,11
54059,105,96,9,9
54060,102,103,-1,1
54061,161,143,18,18
54062,123,109,14,14
54063,85,86,-1,1
54064,41,62,-21,21
54065,165,148,17,17
54066,60,104,-44,44
54067,123,124,-1,1
54068,59,62,-3,3
54069,51,62,-11,11
54070,160,150,10,10
54071,134,146,-12,12
54072,87,96,-9,9
54073,91,95,-4,4
54074,52,62,-10,10
54075,111,104,7,7
54076,139,148,-9,9
54077,65,69,-4,4
54078,96,95,1,1
54079,92,92,0,0
54080,77,92,-15,15
54081,106,113,-7,7
54082,194,179,15,15
54083,127,120,7,7
54084,121,106,15,15
54085,140,144,-4,4
54086,129,124,5,5
54087,59,62,-3,3
54088,82,95,-13,13
54089,59,64,-5,5
54090,98,98,0,0
54091,214,180,34,34
54092,107,102,5,5
54093,122,124,-2,2
54094,75,72,3,3
54095,52,61,-9,9
54096,129,118,11,11
54097,59,62,-3,3
54098,64,70,-6,6
54099,144,129,15,15
54100,99,100,-1,1
54101,156,135,21,21
54102,173,157,16,16
54103,82,85,-3,3
54104,145,127,18,18
54105,105,99,6,6
54106,102,116,-14,14
54107,69,68,1,1
54108,51,57,-6,6
54109,44,60,-16,16
54110,30,60,-30,30
54111,118,107,11,11
54112,85,76,9,9
54113,70,69,1,1
54114,61,89,-28,28
54115,69,73,-4,4
54116,81,80,1,1
54117,68,64,4,4
54118,149,138,11,11
54119,47,63,-16,16
54120,53,62,-9,9
54121,143,137,6,6
54122,91,101,-10,10
54123,93,97,-4,4
54124,45,61,-16,16
54125,122,120,2,2
54126,112,105,7,7
54127,165,149,16,16
54128,57,62,-5,5
54129,101,107,-6,6
54130,54,63,-9,9
54131,55,62,-7,7
54132,74,69,5,5
54133,95,95,0,0
54134,58,89,-31,31
54135,114,122,-8,8
54136,73,97,-24,24
54137,81,79,2,2
54138,63,62,1,1
54139,139,139,0,0
54140,96,96,0,0
54141,111,108,3,3
54142,157,141,16,16
54143,167,158,9,9
54144,166,134,32,32
54145,115,114,1,1
54146,80,75,5,5
54147,166,137,29,29
54148,89,90,-1,1
54149,69,62,7,7
54150,34,61,-27,27
54151,92,92,0,0
54152,81,91,-10,10
54153,131,131,0,0
54154,65,67,-2,2
54155,107,106,1,1
54156,61,64,-3,3
54157,77,86,-9,9
54158,92,96,-4,4
54159,175,168,7,7
54160,154,146,8,8
54161,101,106,-5,5
54162,96,93,3,3
54163,82,81,1,1
54164,72,70,2,2
54165,60,63,-3,3
54166,137,120,17,17
54167,44,61,-17,17
54168,77,69,8,8
54169,111,107,4,4
54170,41,62,-21,21
54171,119,107,12,12
54172,83,88,-5,5
54173,108,103,5,5
54174,128,109,19,19
54175,76,94,-18,18
54176,41,62,-21,21
54177,79,82,-3,3
54178,175,159,16,16
54179,115,105,10,10
54180,87,95,-8,8
54181,136,121,15,15
54182,76,71,5,5
54183,107,114,-7,7
54184,86,99,-13,13
54185,118,108,10,10
54186,98,96,2,2
54187,73,70,3,3
54188,176,158,18,18
54189,110,98,12,12
54190,73,70,3,3
54191,73,74,-1,1
54192,109,116,-7,7
54193,96,104,-8,8
54194,128,115,13,13
54195,65,65,0,0
54196,81,90,-9,9
54197,76,74,2,2
54198,81,92,-11,11
54199,55,63,-8,8
54200,93,96,-3,3
54201,138,138,0,0
54202,127,116,11,11
54203,110,96,14,14
54204,97,94,3,3
54205,106,116,-10,10
54206,70,74,-4,4
54207,84,100,-16,16
54208,103,100,3,3
54209,109,100,9,9
54210,82,78,4,4
54211,82,87,-5,5
54212,75,66,9,9
54213,96,95,1,1
54214,74,77,-3,3
54215,50,60,-10,10
54216,80,74,6,6
54217,129,135,-6,6
54218,127,126,1,1
54219,101,107,-6,6
54220,94,95,-1,1
54221,80,84,-4,4
54222,51,61,-10,10
54223,98,100,-2,2
54224,93,101,-8,8
54225,138,133,5,5
54226,127,115,12,12
54227,115,105,10,10
54228,57,62,-5,5
54229,62,67,-5,5
54230,125,127,-2,2
54231,74,83,-9,9
54232,104,96,8,8
54233,112,112,0,0
54234,101,97,4,4
54235,81,68,13,13
54236,58,63,-5,5
54237,98,87,11,11
54238,60,60,0,0
54239,60,62,-2,2
54240,119,111,8,8
54241,92,95,-3,3
54242,79,85,-6,6
54243,72,72,0,0
54244,59,63,-4,4
54245,53,62,-9,9
54246,133,123,10,10
54247,81,96,-15,15
54248,167,150,17,17
54249,110,105,5,5
54250,62,64,-2,2
54251,77,75,2,2
54252,81,97,-16,16
54253,108,94,14,14
54254,107,100,7,7
54255,56,62,-6,6
54256,74,67,7,7
54257,55,71,-16,16
54258,41,62,-21,21
54259,95,93,2,2
54260,80,83,-3,3
54261,107,106,1,1
54262,89,95,-6,6
54263,69,64,5,5
54264,89,86,3,3
54265,125,115,10,10
54266,139,158,-19,19
54267,63,67,-4,4
54268,79,99,-20,20
54269,111,117,-6,6
54270,80,88,-8,8
54271,89,101,-12,12
54272,65,60,5,5
54273,139,124,15,15
54274,105,102,3,3
54275,59,59,0,0
54276,108,100,8,8
54277,71,71,0,0
54278,57,66,-9,9
54279,65,63,2,2
54280,66,61,5,5
54281,171,170,1,1
54282,69,92,-23,23
54283,137,120,17,17
54284,62,67,-5,5
54285,92,94,-2,2
54286,87,79,8,8
54287,131,121,10,10
54288,160,156,4,4
54289,78,85,-7,7
54290,82,96,-14,14
54291,152,164,-12,12
54292,34,62,-28,28
54293,80,93,-13,13
54294,201,186,15,15
54295,89,93,-4,4
54296,88,96,-8,8
54297,137,126,11,11
54298,58,62,-4,4
54299,87,101,-14,14
54300,106,107,-1,1
54301,67,66,1,1
54302,57,61,-4,4
54303,83,78,5,5
54304,105,96,9,9
54305,187,168,19,19
54306,92,93,-1,1
54307,43,61,-18,18
54308,130,130,0,0
54309,103,105,-2,2
54310,79,81,-2,2
54311,176,160,16,16
54312,120,107,13,13
54313,75,76,-1,1
54314,75,70,5,5
54315,77,70,7,7
54316,87,87,0,0
54317,49,62,-13,13
54318,164,135,29,29
54319,142,129,13,13
54320,136,128,8,8
54321,51,59,-8,8
54322,79,80,-1,1
54323,173,159,14,14
54324,118,118,0,0
54325,75,71,4,4
54326,87,96,-9,9
54327,66,65,1,1
54328,67,66,1,1
54329,124,117,7,7
54330,62,65,-3,3
54331,88,97,-9,9
54332,87,90,-3,3
54333,125,125,0,0
54334,107,90,17,17
54335,65,61,4,4
54336,50,60,-10,10
54337,80,74,6,6
54338,166,154,12,12
54339,142,133,9,9
54340,171,157,14,14
54341,57,62,-5,5
54342,87,93,-6,6
54343,106,101,5,5
54344,95,103,-8,8
54345,108,99,9,9
54346,105,99,6,6
54347,112,110,2,2
54348,101,92,9,9
54349,89,90,-1,1
54350,49,61,-12,12
54351,84,82,2,2
54352,101,105,-4,4
54353,66,65,1,1
54354,83,80,3,3
54355,58,64,-6,6
54356,85,93,-8,8
54357,91,118,-27,27
54358,53,65,-12,12
54359,94,100,-6,6
54360,97,88,9,9
54361,76,79,-3,3
54362,45,61,-16,16
54363,49,62,-13,13
54364,150,145,5,5
54365,104,100,4,4
54366,111,115,-4,4
54367,68,62,6,6
54368,93,103,-10,10
54369,100,103,-3,3
54370,107,105,2,2
54371,121,119,2,2
54372,60,69,-9,9
54373,134,131,3,3
54374,127,119,8,8
54375,76,78,-2,2
54376,122,109,13,13
54377,71,66,5,5
54378,73,87,-14,14
54379,74,69,5,5
54380,133,125,8,8
54381,78,73,5,5
54382,60,74,-14,14
54383,112,124,-12,12
54384,87,96,-9,9
54385,105,99,6,6
54386,62,62,0,0
54387,76,70,6,6
54388,124,112,12,12
54389,108,113,-5,5
54390,63,60,3,3
54391,192,174,18,18
54392,63,74,-11,11
54393,94,98,-4,4
54394,76,97,-21,21
54395,153,143,10,10
54396,145,134,11,11
54397,118,121,-3,3
54398,144,147,-3,3
54399,80,91,-11,11
54400,81,73,8,8
54401,167,152,15,15
54402,112,94,18,18
54403,87,96,-9,9
54404,114,113,1,1
54405,96,102,-6,6
54406,72,72,0,0
54407,148,147,1,1
54408,105,105,0,0
54409,138,141,-3,3
54410,80,88,-8,8
54411,79,89,-10,10
54412,92,92,0,0
54413,104,114,-10,10
54414,60,72,-12,12
54415,179,166,13,13
54416,86,85,1,1
54417,32,54,-22,22
54418,134,113,21,21
54419,71,69,2,2
54420,93,97,-4,4
54421,112,108,4,4
54422,117,115,2,2
54423,112,107,5,5
54424,83,87,-4,4
54425,111,111,0,0
54426,143,134,9,9
54427,84,111,-27,27
54428,58,63,-5,5
54429,78,80,-2,2
54430,116,108,8,8
54431,120,106,14,14
54432,102,97,5,5
54433,155,147,8,8
54434,106,107,-1,1
54435,79,69,10,10
54436,111,114,-3,3
54437,72,70,2,2
54438,59,61,-2,2
54439,139,139,0,0
54440,119,110,9,9
54441,100,95,5,5
54442,59,68,-9,9
54443,67,72,-5,5
54444,149,149,0,0
54445,74,70,4,4
54446,96,100,-4,4
54447,196,187,9,9
54448,144,141,3,3
54449,101,101,0,0
54450,80,97,-17,17
54451,76,92,-16,16
54452,96,99,-3,3
54453,112,104,8,8
54454,73,97,-24,24
54455,126,121,5,5
54456,92,92,0,0
54457,125,129,-4,4
54458,64,71,-7,7
54459,146,137,9,9
54460,77,98,-21,21
54461,148,141,7,7
54462,126,120,6,6
54463,95,102,-7,7
54464,58,61,-3,3
54465,146,128,18,18
54466,148,134,14,14
54467,104,110,-6,6
54468,129,115,14,14
54469,60,60,0,0
54470,83,84,-1,1
54471,67,61,6,6
54472,132,122,10,10
54473,82,94,-12,12
54474,34,57,-23,23
54475,76,89,-13,13
54476,116,120,-4,4
54477,119,122,-3,3
54478,96,101,-5,5
54479,138,125,13,13
54480,80,80,0,0
54481,109,113,-4,4
54482,103,99,4,4
54483,57,60,-3,3
54484,41,62,-21,21
54485,121,117,4,4
54486,87,84,3,3
54487,125,117,8,8
54488,82,94,-12,12
54489,36,63,-27,27
54490,63,61,2,2
54491,112,110,2,2
54492,90,83,7,7
54493,110,116,-6,6
54494,184,163,21,21
54495,97,103,-6,6
54496,64,69,-5,5
54497,115,106,9,9
54498,85,81,4,4
54499,60,63,-3,3
54500,68,76,-8,8
54501,118,113,5,5
54502,56,67,-11,11
54503,49,62,-13,13
54504,92,104,-12,12
54505,62,61,1,1
54506,131,137,-6,6
54507,125,122,3,3
54508,146,146,0,0
54509,78,83,-5,5
54510,69,67,2,2
54511,76,70,6,6
54512,66,65,1,1
54513,71,73,-2,2
54514,97,105,-8,8
54515,264,246,18,18
54516,38,62,-24,24
54517,134,140,-6,6
54518,70,65,5,5
54519,67,66,1,1
54520,128,118,10,10
54521,138,106,32,32
54522,101,123,-22,22
54523,76,76,0,0
54524,42,63,-21,21
54525,138,123,15,15
54526,126,121,5,5
54527,80,76,4,4
54528,61,60,1,1
54529,105,97,8,8
54530,113,110,3,3
54531,96,100,-4,4
54532,97,98,-1,1
54533,74,89,-15,15
54534,129,128,1,1
54535,83,82,1,1
54536,87,89,-2,2
54537,72,67,5,5
54538,120,113,7,7
54539,95,117,-22,22
54540,62,61,1,1
54541,54,63,-9,9
54542,80,89,-9,9
54543,109,100,9,9
54544,90,84,6,6
54545,30,63,-33,33
54546,103,100,3,3
54547,91,103,-12,12
54548,92,82,10,10
54549,79,90,-11,11
54550,120,117,3,3
54551,131,125,6,6
54552,91,96,-5,5
54553,64,61,3,3
54554,106,103,3,3
54555,81,83,-2,2
54556,86,82,4,4
54557,190,183,7,7
54558,80,77,3,3
54559,108,114,-6,6
54560,136,135,1,1
54561,84,83,1,1
54562,122,120,2,2
54563,80,75,5,5
54564,80,75,5,5
54565,143,133,10,10
54566,31,60,-29,29
54567,96,94,2,2
54568,74,62,12,12
54569,130,122,8,8
54570,99,98,1,1
54571,90,98,-8,8
54572,89,83,6,6
54573,122,107,15,15
54574,116,117,-1,1
54575,111,114,-3,3
54576,129,123,6,6
54577,97,100,-3,3
54578,122,105,17,17
54579,94,117,-23,23
54580,78,86,-8,8
54581,101,99,2,2
54582,77,90,-13,13
54583,99,107,-8,8
54584,91,112,-21,21
54585,74,74,0,0
54586,120,118,2,2
54587,109,102,7,7
54588,54,60,-6,6
54589,105,98,7,7
54590,140,141,-1,1
54591,175,160,15,15
54592,103,101,2,2
54593,80,88,-8,8
54594,71,76,-5,5
54595,101,99,2,2
54596,91,95,-4,4
54597,75,84,-9,9
54598,51,61,-10,10
54599,59,60,-1,1
54600,108,104,4,4
54601,198,171,27,27
54602,48,62,-14,14
54603,117,113,4,4
54604,44,62,-18,18
54605,105,106,-1,1
54606,78,81,-3,3
54607,92,102,-10,10
54608,89,90,-1,1
54609,68,66,2,2
54610,50,59,-9,9
54611,83,75,8,8
54612,71,67,4,4
54613,96,118,-22,22
54614,146,132,14,14
54615,134,109,25,25
54616,73,122,-49,49
54617,84,111,-27,27
54618,86,96,-10,10
54619,152,133,19,19
54620,59,61,-2,2
54621,183,171,12,12
54622,50,62,-12,12
54623,83,83,0,0
54624,103,97,6,6
54625,63,63,0,0
54626,58,63,-5,5
54627,79,76,3,3
54628,65,96,-31,31
54629,50,61,-11,11
54630,89,85,4,4
54631,132,115,17,17
54632,91,100,-9,9
54633,79,85,-6,6
54634,89,83,6,6
54635,117,117,0,0
54636,89,82,7,7
54637,109,112,-3,3
54638,124,118,6,6
54639,97,94,3,3
54640,131,128,3,3
54641,86,91,-5,5
54642,77,78,-1,1
54643,96,99,-3,3
54644,94,93,1,1
54645,74,70,4,4
54646,129,123,6,6
54647,104,102,2,2
54648,113,118,-5,5
54649,99,110,-11,11
54650,63,61,2,2
54651,95,95,0,0
54652,68,80,-12,12
54653,194,169,25,25
54654,99,109,-10,10
54655,123,133,-10,10
54656,119,114,5,5
54657,108,98,10,10
54658,66,84,-18,18
54659,60,63,-3,3
54660,58,64,-6,6
54661,183,168,15,15
54662,190,189,1,1
54663,165,144,21,21
54664,80,93,-13,13
54665,166,150,16,16
54666,123,125,-2,2
54667,131,130,1,1
54668,62,69,-7,7
54669,83,71,12,12
54670,125,115,10,10
54671,103,107,-4,4
54672,101,108,-7,7
54673,95,94,1,1
54674,59,60,-1,1
54675,107,99,8,8
54676,79,64,15,15
54677,87,86,1,1
54678,84,90,-6,6
54679,67,66,1,1
54680,75,69,6,6
54681,85,78,7,7
54682,89,81,8,8
54683,105,117,-12,12
54684,71,74,-3,3
54685,150,131,19,19
54686,59,63,-4,4
54687,86,83,3,3
54688,85,88,-3,3
54689,110,111,-1,1
54690,76,68,8,8
54691,100,99,1,1
54692,109,98,11,11
54693,110,109,1,1
54694,97,110,-13,13
54695,109,107,2,2
54696,188,169,19,19
54697,52,61,-9,9
54698,56,61,-5,5
54699,87,91,-4,4
54700,72,69,3,3
54701,171,159,12,12
54702,109,105,4,4
54703,86,93,-7,7
54704,140,134,6,6
54705,113,106,7,7
54706,89,92,-3,3
54707,102,100,2,2
54708,82,83,-1,1
54709,87,84,3,3
54710,85,93,-8,8
54711,150,137,13,13
54712,151,136,15,15
54713,65,77,-12,12
54714,150,140,10,10
54715,102,101,1,1
54716,88,89,-1,1
54717,108,114,-6,6
54718,38,63,-25,25
54719,123,119,4,4
54720,92,79,13,13
54721,120,111,9,9
54722,108,103,5,5
54723,72,63,9,9
54724,62,60,2,2
54725,105,105,0,0
54726,71,84,-13,13
54727,99,95,4,4
54728,88,93,-5,5
54729,79,96,-17,17
54730,86,88,-2,2
54731,116,105,11,11
54732,74,80,-6,6
54733,93,107,-14,14
54734,198,183,15,15
54735,96,95,1,1
54736,78,75,3,3
54737,57,61,-4,4
54738,45,61,-16,16
54739,140,130,10,10
54740,76,74,2,2
54741,88,94,-6,6
54742,127,125,2,2
54743,50,63,-13,13
54744,101,109,-8,8
54745,71,75,-4,4
54746,141,126,15,15
54747,110,117,-7,7
54748,144,126,18,18
54749,114,120,-6,6
54750,66,63,3,3
54751,90,98,-8,8
54752,83,81,2,2
54753,143,127,16,16
54754,81,80,1,1
54755,41,60,-19,19
54756,165,155,10,10
54757,92,101,-9,9
54758,43,68,-25,25
54759,84,76,8,8
54760,58,79,-21,21
54761,74,65,9,9
54762,102,90,12,12
54763,62,73,-11,11
54764,115,107,8,8
54765,93,100,-7,7
54766,155,132,23,23
54767,173,170,3,3
54768,145,135,10,10
54769,75,77,-2,2
54770,116,105,11,11
54771,114,119,-5,5
54772,115,117,-2,2
54773,123,117,6,6
54774,86,102,-16,16
54775,95,92,3,3
54776,59,63,-4,4
54777,123,119,4,4
54778,111,113,-2,2
54779,109,123,-14,14
54780,92,94,-2,2
54781,118,124,-6,6
54782,42,62,-20,20
54783,65,66,-1,1
54784,74,71,3,3
54785,144,143,1,1
54786,139,125,14,14
54787,71,75,-4,4
54788,66,64,2,2
54789,81,82,-1,1
54790,103,110,-7,7
54791,65,63,2,2
54792,137,146,-9,9
54793,86,94,-8,8
54794,64,61,3,3
54795,96,100,-4,4
54796,76,94,-18,18
54797,56,61,-5,5
54798,59,64,-5,5
54799,70,71,-1,1
54800,79,72,7,7
54801,92,90,2,2
54802,64,70,-6,6
54803,141,139,2,2
54804,111,108,3,3
54805,123,108,15,15
54806,55,60,-5,5
54807,58,62,-4,4
54808,105,93,12,12
54809,124,111,13,13
54810,76,71,5,5
54811,72,94,-22,22
54812,68,73,-5,5
54813,39,62,-23,23
54814,83,73,10,10
54815,90,89,1,1
54816,84,77,7,7
54817,131,115,16,16
54818,100,96,4,4
54819,68,70,-2,2
54820,199,171,28,28
54821,111,106,5,5
54822,63,60,3,3
54823,112,113,-1,1
54824,58,60,-2,2
54825,167,157,10,10
54826,167,151,16,16
54827,204,185,19,19
54828,88,93,-5,5
54829,112,116,-4,4
54830,109,107,2,2
54831,74,64,10,10
54832,118,118,0,0
54833,114,110,4,4
54834,52,61,-9,9
54835,79,76,3,3
54836,63,62,1,1
54837,34,62,-28,28
54838,75,72,3,3
54839,66,67,-1,1
54840,165,166,-1,1
54841,140,112,28,28
54842,68,69,-1,1
54843,119,109,10,10
54844,109,108,1,1
54845,79,78,1,1
54846,96,86,10,10
54847,96,93,3,3
54848,58,61,-3,3
54849,99,100,-1,1
54850,68,69,-1,1
54851,61,62,-1,1
54852,89,95,-6,6
54853,135,125,10,10
54854,60,60,0,0
54855,92,95,-3,3
54856,84,80,4,4
54857,84,89,-5,5
54858,94,101,-7,7
54859,101,112,-11,11
54860,119,113,6,6
54861,139,144,-5,5
54862,84,84,0,0
54863,204,165,39,39
54864,97,97,0,0
54865,79,90,-11,11
54866,101,103,-2,2
54867,86,85,1,1
54868,84,79,5,5
54869,67,69,-2,2
54870,98,102,-4,4
54871,79,79,0,0
54872,90,75,15,15
54873,62,62,0,0
54874,65,66,-1,1
54875,62,67,-5,5
54876,41,62,-21,21
54877,140,124,16,16
54878,167,147,20,20
54879,129,126,3,3
54880,170,180,-10,10
54881,76,78,-2,2
54882,88,91,-3,3
54883,57,60,-3,3
54884,55,61,-6,6
54885,81,75,6,6
54886,142,133,9,9
54887,118,110,8,8
54888,66,64,2,2
54889,61,67,-6,6
54890,97,101,-4,4
54891,88,90,-2,2
54892,101,103,-2,2
54893,64,82,-18,18
54894,116,108,8,8
54895,90,88,2,2
54896,87,107,-20,20
54897,98,93,5,5
54898,111,114,-3,3
54899,67,64,3,3
54900,51,63,-12,12
54901,123,121,2,2
54902,59,62,-3,3
54903,67,63,4,4
54904,48,62,-14,14
54905,52,64,-12,12
54906,180,177,3,3
54907,61,64,-3,3
54908,162,146,16,16
54909,76,77,-1,1
54910,57,61,-4,4
54911,90,91,-1,1
54912,55,65,-10,10
54913,103,109,-6,6
54914,72,79,-7,7
54915,70,60,10,10
54916,154,135,19,19
54917,113,112,1,1
54918,108,112,-4,4
54919,50,63,-13,13
54920,45,62,-17,17
54921,71,61,10,10
54922,132,123,9,9
54923,164,150,14,14
54924,100,103,-3,3
54925,46,60,-14,14
54926,85,83,2,2
54927,88,86,2,2
54928,107,114,-7,7
54929,84,83,1,1
54930,48,61,-13,13
54931,98,99,-1,1
54932,154,140,14,14
54933,115,113,2,2
54934,69,71,-2,2
54935,47,61,-14,14
54936,79,68,11,11
54937,74,68,6,6
54938,77,85,-8,8
54939,52,62,-10,10
54940,146,134,12,12
54941,74,84,-10,10
54942,122,115,7,7
54943,83,107,-24,24
54944,134,128,6,6
54945,113,123,-10,10
54946,113,108,5,5
54947,100,112,-12,12
54948,77,74,3,3
54949,91,88,3,3
54950,112,139,-27,27
54951,109,100,9,9
54952,97,95,2,2
54953,156,146,10,10
54954,128,117,11,11
54955,88,96,-8,8
54956,68,68,0,0
54957,69,76,-7,7
54958,137,129,8,8
54959,68,81,-13,13
54960,65,64,1,1
54961,93,92,1,1
54962,58,61,-3,3
54963,55,61,-6,6
54964,121,114,7,7
54965,133,139,-6,6
54966,50,61,-11,11
54967,228,204,24,24
54968,101,97,4,4
54969,51,60,-9,9
54970,89,91,-2,2
54971,63,74,-11,11
54972,70,83,-13,13
54973,41,61,-20,20
54974,114,107,7,7
54975,65,73,-8,8
54976,83,90,-7,7
54977,61,62,-1,1
54978,68,68,0,0
54979,107,108,-1,1
54980,70,145,-75,75
54981,122,107,15,15
54982,44,62,-18,18
54983,138,137,1,1
54984,178,168,10,10
54985,94,92,2,2
54986,107,97,10,10
54987,63,64,-1,1
54988,84,97,-13,13
54989,124,115,9,9
54990,68,85,-17,17
54991,78,87,-9,9
54992,177,161,16,16
54993,49,58,-9,9
54994,60,61,-1,1
54995,63,71,-8,8
54996,39,66,-27,27
54997,88,93,-5,5
54998,150,142,8,8
54999,105,102,3,3
55000,88,86,2,2
55001,58,55,3,3
55002,47,61,-14,14
55003,135,118,17,17
55004,101,98,3,3
55005,61,59,2,2
55006,114,105,9,9
55007,75,72,3,3
55008,88,88,0,0
55009,69,64,5,5
55010,95,90,5,5
55011,120,134,-14,14
55012,148,155,-7,7
55013,80,76,4,4
55014,54,62,-8,8
55015,85,90,-5,5
55016,123,143,-20,20
55017,101,104,-3,3
55018,108,111,-3,3
55019,62,62,0,0
55020,68,84,-16,16
55021,55,62,-7,7
55022,103,106,-3,3
55023,115,107,8,8
55024,94,93,1,1
55025,77,77,0,0
55026,146,143,3,3
55027,62,68,-6,6
55028,57,60,-3,3
55029,204,181,23,23
55030,52,65,-13,13
55031,111,126,-15,15
55032,67,67,0,0
55033,116,111,5,5
55034,168,161,7,7
55035,47,62,-15,15
55036,75,68,7,7
55037,92,101,-9,9
55038,139,136,3,3
55039,130,138,-8,8
55040,118,110,8,8
55041,72,77,-5,5
55042,90,98,-8,8
55043,104,83,21,21
55044,99,105,-6,6
55045,98,100,-2,2
55046,84,93,-9,9
55047,106,95,11,11
55048,69,66,3,3
55049,72,81,-9,9
55050,86,91,-5,5
55051,122,109,13,13
55052,103,93,10,10
55053,113,115,-2,2
55054,70,63,7,7
55055,73,95,-22,22
55056,79,74,5,5
55057,102,96,6,6
55058,79,79,0,0
55059,67,64,3,3
55060,61,62,-1,1
55061,78,85,-7,7
55062,83,80,3,3
55063,91,98,-7,7
55064,49,61,-12,12
55065,64,63,1,1
55066,76,78,-2,2
55067,155,147,8,8
55068,90,97,-7,7
55069,78,108,-30,30
55070,67,70,-3,3
55071,112,108,4,4
55072,90,92,-2,2
55073,98,100,-2,2
55074,93,95,-2,2
55075,103,106,-3,3
55076,64,63,1,1
55077,94,100,-6,6
55078,58,63,-5,5
55079,76,84,-8,8
55080,153,139,14,14
55081,96,93,3,3
55082,151,145,6,6
55083,60,65,-5,5
55084,87,76,11,11
55085,30,62,-32,32
55086,83,73,10,10
55087,107,115,-8,8
55088,114,105,9,9
55089,74,73,1,1
55090,99,111,-12,12
55091,120,115,5,5
55092,89,91,-2,2
55093,215,195,20,20
55094,53,61,-8,8
55095,74,72,2,2
55096,112,105,7,7
55097,76,82,-6,6
55098,69,66,3,3
55099,146,131,15,15
55100,92,93,-1,1
55101,72,69,3,3
55102,184,186,-2,2
55103,50,62,-12,12
55104,82,74,8,8
55105,90,97,-7,7
55106,152,135,17,17
55107,41,59,-18,18
55108,149,137,12,12
55109,83,82,1,1
55110,45,61,-16,16
55111,225,202,23,23
55112,169,152,17,17
55113,44,62,-18,18
55114,118,117,1,1
55115,108,103,5,5
55116,125,117,8,8
55117,124,123,1,1
55118,65,85,-20,20
55119,164,143,21,21
55120,138,132,6,6
55121,87,97,-10,10
55122,51,63,-12,12
55123,98,105,-7,7
55124,64,64,0,0
55125,63,68,-5,5
55126,101,101,0,0
55127,90,90,0,0
55128,104,100,4,4
55129,140,128,12,12
55130,121,108,13,13
55131,107,107,0,0
55132,85,92,-7,7
55133,116,116,0,0
55134,55,63,-8,8
55135,74,83,-9,9
55136,178,155,23,23
55137,134,130,4,4
55138,62,63,-1,1
55139,113,107,6,6
55140,75,70,5,5
55141,84,81,3,3
55142,88,85,3,3
55143,68,79,-11,11
55144,46,62,-16,16
55145,150,163,-13,13
55146,99,94,5,5
55147,108,109,-1,1
55148,118,95,23,23
55149,48,62,-14,14
55150,104,95,9,9
55151,73,62,11,11
55152,109,104,5,5
55153,62,64,-2,2
55154,91,88,3,3
55155,119,115,4,4
55156,157,142,15,15
55157,117,109,8,8
55158,60,64,-4,4
55159,90,92,-2,2
55160,102,101,1,1
55161,100,96,4,4
55162,99,99,0,0
55163,108,98,10,10
55164,90,90,0,0
55165,120,115,5,5
55166,97,99,-2,2
55167,78,84,-6,6
55168,105,105,0,0
55169,160,149,11,11
55170,143,129,14,14
55171,112,112,0,0
55172,152,154,-2,2
55173,153,139,14,14
55174,65,64,1,1
55175,66,66,0,0
55176,63,66,-3,3
55177,55,81,-26,26
55178,75,73,2,2
55179,91,88,3,3
55180,81,76,5,5
55181,138,124,14,14
55182,120,109,11,11
55183,86,88,-2,2
55184,75,75,0,0
55185,15,62,-47,47
55186,71,70,1,1
55187,158,143,15,15
55188,102,91,11,11
55189,58,62,-4,4
55190,54,58,-4,4
55191,77,131,-54,54
55192,82,80,2,2
55193,69,68,1,1
55194,92,100,-8,8
55195,132,134,-2,2
55196,109,106,3,3
55197,192,172,20,20
55198,62,63,-1,1
55199,41,63,-22,22
55200,120,116,4,4
55201,82,90,-8,8
55202,116,110,6,6
55203,44,61,-17,17
55204,87,84,3,3
55205,63,69,-6,6
55206,75,84,-9,9
55207,106,99,7,7
55208,198,181,17,17
55209,87,82,5,5
55210,45,61,-16,16
55211,95,95,0,0
55212,128,120,8,8
55213,72,69,3,3
55214,80,90,-10,10
55215,144,144,0,0
55216,83,81,2,2
55217,138,134,4,4
55218,107,98,9,9
55219,42,62,-20,20
55220,105,106,-1,1
55221,129,117,12,12
55222,78,79,-1,1
55223,157,135,22,22
55224,135,124,11,11
55225,38,62,-24,24
55226,174,156,18,18
55227,83,86,-3,3
55228,79,70,9,9
55229,172,180,-8,8
55230,76,62,14,14
55231,106,93,13,13
55232,102,107,-5,5
55233,60,67,-7,7
55234,160,140,20,20
55235,58,62,-4,4
55236,66,68,-2,2
55237,93,96,-3,3
55238,97,94,3,3
55239,99,105,-6,6
55240,232,221,11,11
55241,111,105,6,6
55242,57,66,-9,9
55243,92,106,-14,14
55244,70,64,6,6
55245,58,67,-9,9
55246,58,61,-3,3
55247,80,91,-11,11
55248,119,106,13,13
55249,111,102,9,9
55250,73,75,-2,2
55251,72,64,8,8
55252,98,94,4,4
55253,114,123,-9,9
55254,115,115,0,0
55255,180,57,123,123
55256,137,145,-8,8
55257,106,101,5,5
55258,116,115,1,1
55259,161,149,12,12
55260,53,61,-8,8
55261,160,145,15,15
55262,105,109,-4,4
55263,85,90,-5,5
55264,137,130,7,7
55265,78,86,-8,8
55266,152,154,-2,2
55267,107,104,3,3
55268,61,63,-2,2
55269,113,101,12,12
55270,145,139,6,6
55271,125,115,10,10
55272,63,63,0,0
55273,83,89,-6,6
55274,139,118,21,21
55275,79,74,5,5
55276,136,129,7,7
55277,77,82,-5,5
55278,101,96,5,5
55279,54,60,-6,6
55280,103,106,-3,3
55281,84,86,-2,2
55282,62,64,-2,2
55283,149,146,3,3
55284,52,62,-10,10
55285,143,138,5,5
55286,185,167,18,18
55287,121,110,11,11
55288,93,104,-11,11
55289,89,91,-2,2
55290,71,70,1,1
55291,96,92,4,4
55292,92,79,13,13
55293,132,120,12,12
55294,110,118,-8,8
55295,81,84,-3,3
55296,138,127,11,11
55297,121,126,-5,5
55298,136,123,13,13
55299,108,115,-7,7
55300,102,101,1,1
55301,107,112,-5,5
55302,123,117,6,6
55303,78,74,4,4
55304,123,127,-4,4
55305,191,163,28,28
55306,83,79,4,4
55307,66,66,0,0
55308,147,138,9,9
55309,75,69,6,6
55310,142,142,0,0
55311,54,59,-5,5
55312,79,84,-5,5
55313,65,61,4,4
55314,69,70,-1,1
55315,92,95,-3,3
55316,116,106,10,10
55317,138,115,23,23
55318,60,63,-3,3
55319,113,111,2,2
55320,107,107,0,0
55321,71,81,-10,10
55322,87,87,0,0
55323,66,70,-4,4
55324,115,117,-2,2
55325,88,93,-5,5
55326,59,65,-6,6
55327,109,104,5,5
55328,101,102,-1,1
55329,99,95,4,4
55330,84,89,-5,5
55331,79,71,8,8
55332,144,124,20,20
55333,74,84,-10,10
55334,67,69,-2,2
55335,79,86,-7,7
55336,69,69,0,0
55337,64,68,-4,4
55338,74,65,9,9
55339,122,143,-21,21
55340,88,95,-7,7
55341,85,101,-16,16
55342,135,142,-7,7
55343,150,131,19,19
55344,120,113,7,7
55345,85,86,-1,1
55346,87,95,-8,8
55347,69,75,-6,6
55348,136,120,16,16
55349,139,117,22,22
55350,81,82,-1,1
55351,88,92,-4,4
55352,117,113,4,4
55353,127,138,-11,11
55354,83,89,-6,6
55355,53,60,-7,7
55356,41,62,-21,21
55357,97,98,-1,1
55358,169,156,13,13
55359,112,103,9,9
55360,38,62,-24,24
55361,84,82,2,2
55362,67,66,1,1
55363,92,89,3,3
55364,110,105,5,5
55365,88,99,-11,11
55366,78,78,0,0
55367,84,94,-10,10
55368,69,69,0,0
55369,99,97,2,2
55370,101,111,-10,10
55371,86,86,0,0
55372,102,104,-2,2
55373,60,63,-3,3
55374,54,62,-8,8
55375,111,120,-9,9
55376,138,126,12,12
55377,82,72,10,10
55378,96,112,-16,16
55379,62,65,-3,3
55380,161,151,10,10
55381,73,76,-3,3
55382,92,95,-3,3
55383,115,113,2,2
55384,150,138,12,12
55385,78,79,-1,1
55386,93,93,0,0
55387,80,80,0,0
55388,88,99,-11,11
55389,89,91,-2,2
55390,107,106,1,1
55391,76,68,8,8
55392,115,118,-3,3
55393,96,97,-1,1
55394,119,114,5,5
55395,56,63,-7,7
55396,100,127,-27,27
55397,101,97,4,4
55398,89,89,0,0
55399,75,83,-8,8
55400,106,101,5,5
55401,68,68,0,0
55402,69,63,6,6
55403,83,78,5,5
55404,85,95,-10,10
55405,130,125,5,5
55406,64,61,3,3
55407,44,61,-17,17
55408,83,72,11,11
55409,54,95,-41,41
55410,130,112,18,18
55411,91,96,-5,5
55412,59,85,-26,26
55413,109,99,10,10
55414,145,153,-8,8
55415,65,60,5,5
55416,50,62,-12,12
55417,147,130,17,17
55418,90,96,-6,6
55419,143,145,-2,2
55420,97,98,-1,1
55421,111,107,4,4
55422,63,59,4,4
55423,70,85,-15,15
55424,109,97,12,12
55425,108,118,-10,10
55426,149,137,12,12
55427,98,98,0,0
55428,137,128,9,9
55429,45,61,-16,16
55430,95,94,1,1
55431,59,70,-11,11
55432,71,64,7,7
55433,117,116,1,1
55434,73,79,-6,6
55435,80,84,-4,4
55436,168,146,22,22
55437,149,149,0,0
55438,53,62,-9,9
55439,65,67,-2,2
55440,160,143,17,17
55441,83,85,-2,2
55442,88,92,-4,4
55443,98,86,12,12
55444,51,61,-10,10
55445,54,62,-8,8
55446,70,78,-8,8
55447,80,83,-3,3
55448,169,139,30,30
55449,109,107,2,2
55450,57,62,-5,5
55451,119,118,1,1
55452,238,208,30,30
55453,132,131,1,1
55454,78,88,-10,10
55455,88,88,0,0
55456,85,92,-7,7
55457,27,54,-27,27
55458,62,68,-6,6
55459,131,120,11,11
55460,138,126,12,12
55461,43,114,-71,71
55462,58,67,-9,9
55463,76,80,-4,4
55464,72,88,-16,16
55465,121,99,22,22
55466,107,102,5,5
55467,81,89,-8,8
55468,49,66,-17,17
55469,113,104,9,9
55470,71,65,6,6
55471,44,62,-18,18
55472,81,77,4,4
55473,73,65,8,8
55474,85,94,-9,9
55475,100,99,1,1
55476,126,119,7,7
55477,96,95,1,1
55478,67,66,1,1
55479,114,118,-4,4
55480,97,80,17,17
55481,185,159,26,26
55482,55,63,-8,8
55483,177,172,5,5
55484,85,91,-6,6
55485,117,115,2,2
55486,157,140,17,17
55487,129,119,10,10
55488,94,103,-9,9
55489,87,96,-9,9
55490,139,119,20,20
55491,121,119,2,2
55492,65,62,3,3
55493,58,65,-7,7
55494,98,96,2,2
55495,37,61,-24,24
55496,63,65,-2,2
55497,193,184,9,9
55498,101,107,-6,6
55499,69,89,-20,20
55500,133,123,10,10
55501,121,112,9,9
55502,91,94,-3,3
55503,85,89,-4,4
55504,67,75,-8,8
55505,117,115,2,2
55506,61,62,-1,1
55507,61,62,-1,1
55508,97,107,-10,10
55509,81,89,-8,8
55510,89,94,-5,5
55511,58,65,-7,7
55512,80,68,12,12
55513,96,86,10,10
55514,87,93,-6,6
55515,69,72,-3,3
55516,116,125,-9,9
55517,138,142,-4,4
55518,65,68,-3,3
55519,90,90,0,0
55520,87,90,-3,3
55521,102,98,4,4
55522,79,94,-15,15
55523,146,143,3,3
55524,130,117,13,13
55525,127,112,15,15
55526,96,94,2,2
55527,80,79,1,1
55528,132,139,-7,7
55529,115,99,16,16
55530,81,95,-14,14
55531,86,93,-7,7
55532,105,98,7,7
55533,130,124,6,6
55534,84,92,-8,8
55535,52,99,-47,47
55536,72,67,5,5
55537,82,82,0,0
55538,115,114,1,1
55539,100,97,3,3
55540,102,102,0,0
55541,107,108,-1,1
55542,116,110,6,6
55543,61,61,0,0
55544,95,99,-4,4
55545,78,71,7,7
55546,78,91,-13,13
55547,79,69,10,10
55548,82,86,-4,4
55549,71,76,-5,5
55550,128,115,13,13
55551,89,96,-7,7
55552,115,132,-17,17
55553,83,81,2,2
55554,80,71,9,9
55555,79,97,-18,18
55556,69,85,-16,16
55557,123,113,10,10
55558,67,72,-5,5
55559,135,127,8,8
55560,134,149,-15,15
55561,133,125,8,8
55562,52,62,-10,10
55563,175,159,16,16
55564,95,89,6,6
55565,122,117,5,5
55566,74,68,6,6
55567,73,79,-6,6
55568,53,62,-9,9
55569,69,70,-1,1
55570,103,110,-7,7
55571,45,62,-17,17
55572,107,102,5,5
55573,49,62,-13,13
55574,132,116,16,16
55575,89,96,-7,7
55576,62,63,-1,1
55577,109,108,1,1
55578,81,81,0,0
55579,72,81,-9,9
55580,52,60,-8,8
55581,74,71,3,3
55582,36,62,-26,26
55583,68,68,0,0
55584,73,76,-3,3
55585,89,92,-3,3
55586,63,62,1,1
55587,69,77,-8,8
55588,103,132,-29,29
55589,53,61,-8,8
55590,103,107,-4,4
55591,108,99,9,9
55592,109,155,-46,46
55593,187,184,3,3
55594,69,69,0,0
55595,124,114,10,10
55596,117,120,-3,3
55597,94,99,-5,5
55598,44,54,-10,10
55599,120,114,6,6
55600,140,139,1,1
55601,131,119,12,12
55602,100,107,-7,7
55603,147,142,5,5
55604,55,62,-7,7
55605,126,127,-1,1
55606,84,92,-8,8
55607,81,86,-5,5
55608,110,96,14,14
55609,68,69,-1,1
55610,90,95,-5,5
55611,79,81,-2,2
55612,108,110,-2,2
55613,69,71,-2,2
55614,67,62,5,5
55615,151,151,0,0
55616,121,115,6,6
55617,67,74,-7,7
55618,100,95,5,5
55619,105,107,-2,2
55620,105,114,-9,9
55621,92,99,-7,7
55622,107,112,-5,5
55623,163,150,13,13
55624,110,108,2,2
55625,115,110,5,5
55626,93,87,6,6
55627,143,129,14,14
55628,105,86,19,19
55629,102,96,6,6
55630,54,61,-7,7
55631,117,116,1,1
55632,94,91,3,3
55633,121,104,17,17
55634,51,62,-11,11
55635,93,101,-8,8
55636,136,137,-1,1
55637,75,67,8,8
55638,83,70,13,13
55639,90,88,2,2
55640,110,107,3,3
55641,69,68,1,1
55642,110,109,1,1
55643,78,86,-8,8
55644,85,81,4,4
55645,89,92,-3,3
55646,86,101,-15,15
55647,106,108,-2,2
55648,102,100,2,2
55649,52,64,-12,12
55650,207,199,8,8
55651,93,91,2,2
55652,113,110,3,3
55653,97,100,-3,3
55654,80,96,-16,16
55655,118,126,-8,8
55656,90,95,-5,5
55657,88,101,-13,13
55658,96,99,-3,3
55659,103,112,-9,9
55660,65,65,0,0
55661,48,62,-14,14
55662,85,74,11,11
55663,104,100,4,4
55664,54,63,-9,9
55665,89,80,9,9
55666,132,130,2,2
55667,83,88,-5,5
55668,80,86,-6,6
55669,76,87,-11,11
55670,67,64,3,3
55671,89,92,-3,3
55672,149,140,9,9
55673,106,114,-8,8
55674,149,143,6,6
55675,52,63,-11,11
55676,58,64,-6,6
55677,70,75,-5,5
55678,78,79,-1,1
55679,212,182,30,30
55680,105,105,0,0
55681,101,94,7,7
55682,107,100,7,7
55683,145,139,6,6
55684,77,76,1,1
55685,108,97,11,11
55686,97,98,-1,1
55687,90,81,9,9
55688,104,108,-4,4
55689,99,97,2,2
55690,94,93,1,1
55691,105,110,-5,5
55692,69,73,-4,4
55693,81,91,-10,10
55694,88,89,-1,1
55695,112,115,-3,3
55696,93,98,-5,5
55697,130,127,3,3
55698,145,125,20,20
55699,130,121,9,9
55700,62,97,-35,35
55701,99,101,-2,2
55702,67,67,0,0
55703,129,117,12,12
55704,72,73,-1,1
55705,96,98,-2,2
55706,76,81,-5,5
55707,102,100,2,2
55708,81,81,0,0
55709,157,148,9,9
55710,100,109,-9,9
55711,122,113,9,9
55712,65,67,-2,2
55713,82,74,8,8
55714,95,95,0,0
55715,133,140,-7,7
55716,108,107,1,1
55717,81,84,-3,3
55718,91,94,-3,3
55719,134,122,12,12
55720,146,135,11,11
55721,93,97,-4,4
55722,53,61,-8,8
55723,108,100,8,8
55724,93,93,0,0
55725,99,93,6,6
55726,158,142,16,16
55727,66,74,-8,8
55728,66,64,2,2
55729,83,97,-14,14
55730,103,104,-1,1
55731,54,62,-8,8
55732,144,133,11,11
55733,88,104,-16,16
55734,105,96,9,9
55735,115,106,9,9
55736,125,117,8,8
55737,67,73,-6,6
55738,193,166,27,27
55739,127,105,22,22
55740,29,63,-34,34
55741,86,86,0,0
55742,121,128,-7,7
55743,94,93,1,1
55744,125,116,9,9
55745,174,169,5,5
55746,163,149,14,14
55747,128,112,16,16
55748,155,142,13,13
55749,123,126,-3,3
55750,100,100,0,0
55751,80,91,-11,11
55752,121,114,7,7
55753,31,62,-31,31
55754,96,91,5,5
55755,80,78,2,2
55756,83,81,2,2
55757,82,83,-1,1
55758,97,100,-3,3
55759,72,73,-1,1
55760,69,74,-5,5
55761,86,89,-3,3
55762,73,93,-20,20
55763,100,105,-5,5
55764,66,68,-2,2
55765,83,69,14,14
55766,92,101,-9,9
55767,68,63,5,5
55768,118,118,0,0
55769,97,137,-40,40
55770,62,65,-3,3
55771,78,72,6,6
55772,48,61,-13,13
55773,98,98,0,0
55774,71,70,1,1
55775,62,67,-5,5
55776,45,67,-22,22
55777,122,120,2,2
55778,91,89,2,2
55779,71,139,-68,68
55780,68,64,4,4
55781,118,116,2,2
55782,79,85,-6,6
55783,120,121,-1,1
55784,134,140,-6,6
55785,72,74,-2,2
55786,92,91,1,1
55787,49,67,-18,18
55788,100,99,1,1
55789,90,100,-10,10
55790,71,73,-2,2
55791,83,91,-8,8
55792,71,76,-5,5
55793,90,98,-8,8
55794,168,164,4,4
55795,68,89,-21,21
55796,50,64,-14,14
55797,59,61,-2,2
55798,52,66,-14,14
55799,104,105,-1,1
55800,95,100,-5,5
55801,57,63,-6,6
55802,211,198,13,13
55803,58,59,-1,1
55804,125,120,5,5
55805,99,99,0,0
55806,88,100,-12,12
55807,182,194,-12,12
55808,99,100,-1,1
55809,66,61,5,5
55810,169,152,17,17
55811,105,108,-3,3
55812,92,97,-5,5
55813,110,110,0,0
55814,111,106,5,5
55815,95,93,2,2
55816,74,73,1,1
55817,135,114,21,21
55818,51,97,-46,46
55819,78,72,6,6
55820,118,111,7,7
55821,118,115,3,3
55822,104,102,2,2
55823,37,61,-24,24
55824,96,96,0,0
55825,93,92,1,1
55826,60,98,-38,38
55827,102,98,4,4
55828,112,114,-2,2
55829,73,86,-13,13
55830,142,128,14,14
55831,67,66,1,1
55832,69,67,2,2
55833,103,201,-98,98
55834,42,78,-36,36
55835,99,89,10,10
55836,181,158,23,23
55837,94,92,2,2
55838,83,86,-3,3
55839,98,86,12,12
55840,151,131,20,20
55841,149,128,21,21
55842,92,98,-6,6
55843,129,146,-17,17
55844,79,75,4,4
55845,119,120,-1,1
55846,159,147,12,12
55847,63,69,-6,6
55848,74,74,0,0
55849,141,142,-1,1
55850,133,125,8,8
55851,106,102,4,4
55852,180,166,14,14
55853,152,128,24,24
55854,85,81,4,4
55855,118,111,7,7
55856,127,121,6,6
55857,143,141,2,2
55858,80,93,-13,13
55859,123,115,8,8
55860,131,121,10,10
55861,53,61,-8,8
55862,83,77,6,6
55863,97,94,3,3
55864,120,116,4,4
55865,71,68,3,3
55866,127,110,17,17
55867,68,68,0,0
55868,79,88,-9,9
55869,104,116,-12,12
55870,139,138,1,1
55871,143,147,-4,4
55872,102,112,-10,10
55873,75,69,6,6
55874,105,109,-4,4
55875,71,62,9,9
55876,52,59,-7,7
55877,73,72,1,1
55878,95,90,5,5
55879,84,79,5,5
55880,77,79,-2,2
55881,63,71,-8,8
55882,80,93,-13,13
55883,111,104,7,7
55884,146,131,15,15
55885,136,144,-8,8
55886,58,58,0,0
55887,77,76,1,1
55888,74,106,-32,32
55889,157,151,6,6
55890,113,117,-4,4
55891,88,91,-3,3
55892,98,100,-2,2
55893,70,72,-2,2
55894,70,85,-15,15
55895,95,96,-1,1
55896,113,100,13,13
55897,65,64,1,1
55898,82,71,11,11
55899,89,96,-7,7
55900,90,89,1,1
55901,75,97,-22,22
55902,73,64,9,9
55903,45,62,-17,17
55904,75,90,-15,15
55905,89,91,-2,2
55906,127,108,19,19
55907,189,181,8,8
55908,132,128,4,4
55909,95,94,1,1
55910,113,107,6,6
55911,81,80,1,1
55912,121,122,-1,1
55913,73,73,0,0
55914,107,105,2,2
55915,72,66,6,6
55916,110,114,-4,4
55917,69,68,1,1
55918,149,134,15,15
55919,63,64,-1,1
55920,115,110,5,5
55921,105,100,5,5
55922,88,92,-4,4
55923,65,66,-1,1
55924,87,93,-6,6
55925,94,104,-10,10
55926,125,120,5,5
55927,93,85,8,8
55928,112,106,6,6
55929,103,97,6,6
55930,117,112,5,5
55931,95,97,-2,2
55932,76,69,7,7
55933,94,104,-10,10
55934,50,61,-11,11
55935,115,115,0,0
55936,105,98,7,7
55937,108,102,6,6
55938,141,136,5,5
55939,102,106,-4,4
55940,58,68,-10,10
55941,108,104,4,4
55942,89,84,5,5
55943,71,78,-7,7
55944,59,62,-3,3
55945,89,86,3,3
55946,57,61,-4,4
55947,106,99,7,7
55948,161,135,26,26
55949,92,93,-1,1
55950,66,69,-3,3
55951,82,84,-2,2
55952,84,74,10,10
55953,115,103,12,12
55954,110,110,0,0
55955,135,125,10,10
55956,93,94,-1,1
55957,134,145,-11,11
55958,105,95,10,10
55959,79,74,5,5
55960,25,60,-35,35
55961,124,127,-3,3
55962,29,63,-34,34
55963,96,89,7,7
55964,125,119,6,6
55965,52,63,-11,11
55966,101,102,-1,1
55967,70,67,3,3
55968,98,95,3,3
55969,77,67,10,10
55970,167,145,22,22
55971,82,82,0,0
55972,91,91,0,0
55973,70,67,3,3
55974,74,84,-10,10
55975,121,116,5,5
55976,46,87,-41,41
55977,76,78,-2,2
55978,111,118,-7,7
55979,58,62,-4,4
55980,65,63,2,2
55981,53,62,-9,9
55982,109,117,-8,8
55983,80,82,-2,2
55984,88,93,-5,5
55985,110,106,4,4
55986,98,94,4,4
55987,97,118,-21,21
55988,128,114,14,14
55989,144,132,12,12
55990,82,89,-7,7
55991,131,121,10,10
55992,100,99,1,1
55993,95,98,-3,3
55994,108,104,4,4
55995,82,88,-6,6
55996,73,64,9,9
55997,94,98,-4,4
55998,99,115,-16,16
55999,88,89,-1,1
56000,157,156,1,1
56001,75,75,0,0
56002,95,101,-6,6
56003,82,78,4,4
56004,160,172,-12,12
56005,146,140,6,6
56006,166,167,-1,1
56007,76,74,2,2
56008,139,131,8,8
56009,110,110,0,0
56010,118,123,-5,5
56011,122,110,12,12
56012,50,63,-13,13
56013,59,62,-3,3
56014,112,110,2,2
56015,108,120,-12,12
56016,42,61,-19,19
56017,112,114,-2,2
56018,126,113,13,13
56019,88,97,-9,9
56020,121,106,15,15
56021,83,80,3,3
56022,95,103,-8,8
56023,98,93,5,5
56024,104,106,-2,2
56025,66,66,0,0
56026,129,128,1,1
56027,85,78,7,7
56028,101,102,-1,1
56029,68,71,-3,3
56030,86,91,-5,5
56031,79,76,3,3
56032,91,96,-5,5
56033,113,120,-7,7
56034,149,137,12,12
56035,76,77,-1,1
56036,107,109,-2,2
56037,110,110,0,0
56038,75,80,-5,5
56039,100,105,-5,5
56040,110,117,-7,7
56041,115,111,4,4
56042,128,123,5,5
56043,177,159,18,18
56044,105,101,4,4
56045,79,144,-65,65
56046,126,121,5,5
56047,135,149,-14,14
56048,66,67,-1,1
56049,148,136,12,12
56050,128,126,2,2
56051,106,104,2,2
56052,99,83,16,16
56053,73,63,10,10
56054,64,67,-3,3
56055,98,118,-20,20
56056,111,109,2,2
56057,124,123,1,1
56058,117,108,9,9
56059,94,95,-1,1
56060,86,80,6,6
56061,80,76,4,4
56062,105,109,-4,4
56063,77,83,-6,6
56064,101,104,-3,3
56065,118,112,6,6
56066,130,109,21,21
56067,97,99,-2,2
56068,77,78,-1,1
56069,76,80,-4,4
56070,122,124,-2,2
56071,116,135,-19,19
56072,67,80,-13,13
56073,109,102,7,7
56074,62,66,-4,4
56075,95,84,11,11
56076,130,123,7,7
56077,49,77,-28,28
56078,64,62,2,2
56079,84,87,-3,3
56080,147,129,18,18
56081,121,110,11,11
56082,158,154,4,4
56083,105,97,8,8
56084,99,102,-3,3
56085,108,110,-2,2
56086,159,152,7,7
56087,87,89,-2,2
56088,128,135,-7,7
56089,58,66,-8,8
56090,110,110,0,0
56091,187,173,14,14
56092,87,92,-5,5
56093,143,142,1,1
56094,84,73,11,11
56095,132,135,-3,3
56096,74,74,0,0
56097,109,110,-1,1
56098,86,109,-23,23
56099,111,107,4,4
56100,49,61,-12,12
56101,73,71,2,2
56102,125,130,-5,5
56103,75,71,4,4
56104,78,77,1,1
56105,99,98,1,1
56106,103,110,-7,7
56107,106,100,6,6
56108,57,61,-4,4
56109,139,130,9,9
56110,90,86,4,4
56111,67,67,0,0
56112,60,65,-5,5
56113,46,61,-15,15
56114,56,66,-10,10
56115,135,122,13,13
56116,52,66,-14,14
56117,102,97,5,5
56118,79,80,-1,1
56119,75,77,-2,2
56120,118,116,2,2
56121,107,112,-5,5
56122,24,63,-39,39
56123,102,97,5,5
56124,78,82,-4,4
56125,94,87,7,7
56126,109,95,14,14
56127,139,129,10,10
56128,105,108,-3,3
56129,155,146,9,9
56130,53,62,-9,9
56131,82,97,-15,15
56132,159,159,0,0
56133,105,99,6,6
56134,102,104,-2,2
56135,78,78,0,0
56136,67,66,1,1
56137,149,144,5,5
56138,84,91,-7,7
56139,87,96,-9,9
56140,132,134,-2,2
56141,83,80,3,3
56142,75,77,-2,2
56143,99,97,2,2
56144,77,93,-16,16
56145,97,93,4,4
56146,132,110,22,22
56147,105,110,-5,5
56148,105,93,12,12
56149,59,61,-2,2
56150,69,65,4,4
56151,120,113,7,7
56152,59,62,-3,3
56153,105,97,8,8
56154,81,83,-2,2
56155,156,153,3,3
56156,62,66,-4,4
56157,63,64,-1,1
56158,156,136,20,20
56159,48,143,-95,95
56160,81,83,-2,2
56161,78,79,-1,1
56162,72,68,4,4
56163,110,107,3,3
56164,76,89,-13,13
56165,82,82,0,0
56166,76,74,2,2
56167,106,104,2,2
56168,109,116,-7,7
56169,96,94,2,2
56170,129,135,-6,6
56171,71,70,1,1
56172,124,134,-10,10
56173,107,107,0,0
56174,97,98,-1,1
56175,113,104,9,9
56176,152,142,10,10
56177,91,109,-18,18
56178,78,76,2,2
56179,158,142,16,16
56180,117,112,5,5
56181,97,101,-4,4
56182,83,80,3,3
56183,132,126,6,6
56184,79,83,-4,4
56185,101,106,-5,5
56186,135,125,10,10
56187,96,75,21,21
56188,82,73,9,9
56189,70,80,-10,10
56190,110,105,5,5
56191,141,124,17,17
56192,61,59,2,2
56193,97,94,3,3
56194,119,109,10,10
56195,67,68,-1,1
56196,92,106,-14,14
56197,84,70,14,14
56198,65,68,-3,3
56199,84,92,-8,8
56200,124,113,11,11
56201,135,129,6,6
56202,146,130,16,16
56203,109,109,0,0
56204,145,142,3,3
56205,89,85,4,4
56206,136,127,9,9
56207,85,84,1,1
56208,55,60,-5,5
56209,92,103,-11,11
56210,61,64,-3,3
56211,132,121,11,11
56212,65,73,-8,8
56213,112,115,-3,3
56214,107,102,5,5
56215,48,61,-13,13
56216,55,59,-4,4
56217,109,105,4,4
56218,136,126,10,10
56219,94,100,-6,6
56220,45,59,-14,14
56221,139,127,12,12
56222,72,78,-6,6
56223,156,140,16,16
56224,58,63,-5,5
56225,96,88,8,8
56226,83,84,-1,1
56227,94,93,1,1
56228,29,61,-32,32
56229,124,121,3,3
56230,71,75,-4,4
56231,146,125,21,21
56232,97,93,4,4
56233,104,105,-1,1
56234,32,61,-29,29
56235,140,124,16,16
56236,57,62,-5,5
56237,112,110,2,2
56238,70,75,-5,5
56239,92,86,6,6
56240,57,63,-6,6
56241,107,116,-9,9
56242,76,77,-1,1
56243,81,86,-5,5
56244,115,124,-9,9
56245,22,65,-43,43
56246,96,102,-6,6
56247,84,95,-11,11
56248,103,103,0,0
56249,126,110,16,16
56250,76,75,1,1
56251,159,140,19,19
56252,74,65,9,9
56253,87,81,6,6
56254,46,63,-17,17
56255,33,60,-27,27
56256,76,66,10,10
56257,98,99,-1,1
56258,73,71,2,2
56259,105,99,6,6
56260,51,62,-11,11
56261,94,84,10,10
56262,54,86,-32,32
56263,86,94,-8,8
56264,60,66,-6,6
56265,144,135,9,9
56266,74,63,11,11
56267,90,92,-2,2
56268,100,106,-6,6
56269,107,114,-7,7
56270,129,122,7,7
56271,133,125,8,8
56272,70,76,-6,6
56273,101,97,4,4
56274,60,65,-5,5
56275,200,172,28,28
56276,64,64,0,0
56277,143,135,8,8
56278,90,92,-2,2
56279,72,67,5,5
56280,85,92,-7,7
56281,136,131,5,5
56282,94,104,-10,10
56283,135,122,13,13
56284,102,98,4,4
56285,71,82,-11,11
56286,74,74,0,0
56287,122,124,-2,2
56288,86,88,-2,2
56289,40,62,-22,22
56290,109,114,-5,5
56291,113,118,-5,5
56292,110,106,4,4
56293,68,68,0,0
56294,130,126,4,4
56295,89,95,-6,6
56296,106,107,-1,1
56297,98,102,-4,4
56298,71,60,11,11
56299,128,134,-6,6
56300,158,137,21,21
56301,82,81,1,1
56302,42,61,-19,19
56303,67,65,2,2
56304,107,114,-7,7
56305,77,78,-1,1
56306,113,112,1,1
56307,73,69,4,4
56308,189,176,13,13
56309,101,105,-4,4
56310,117,124,-7,7
56311,113,115,-2,2
56312,81,78,3,3
56313,113,107,6,6
56314,108,103,5,5
56315,133,142,-9,9
56316,117,112,5,5
56317,119,116,3,3
56318,72,67,5,5
56319,72,91,-19,19
56320,105,108,-3,3
56321,70,68,2,2
56322,66,62,4,4
56323,152,133,19,19
56324,89,87,2,2
56325,20,61,-41,41
56326,72,74,-2,2
56327,89,87,2,2
56328,83,96,-13,13
56329,121,131,-10,10
56330,119,110,9,9
56331,101,101,0,0
56332,84,87,-3,3
56333,78,89,-11,11
56334,166,148,18,18
56335,117,113,4,4
56336,141,142,-1,1
56337,123,117,6,6
56338,162,154,8,8
56339,50,64,-14,14
56340,60,61,-1,1
56341,86,92,-6,6
56342,70,76,-6,6
56343,129,126,3,3
56344,65,68,-3,3
56345,75,88,-13,13
56346,91,73,18,18
56347,55,59,-4,4
56348,82,86,-4,4
56349,102,107,-5,5
56350,74,71,3,3
56351,84,84,0,0
56352,128,119,9,9
56353,91,95,-4,4
56354,120,119,1,1
56355,85,92,-7,7
56356,108,117,-9,9
56357,72,69,3,3
56358,90,85,5,5
56359,85,94,-9,9
56360,112,109,3,3
56361,148,151,-3,3
56362,105,109,-4,4
56363,44,65,-21,21
56364,42,62,-20,20
56365,103,97,6,6
56366,93,86,7,7
56367,63,63,0,0
56368,169,172,-3,3
56369,65,65,0,0
56370,74,77,-3,3
56371,99,105,-6,6
56372,129,131,-2,2
56373,93,94,-1,1
56374,139,130,9,9
56375,64,117,-53,53
56376,93,95,-2,2
56377,53,75,-22,22
56378,110,106,4,4
56379,97,94,3,3
56380,170,150,20,20
56381,56,66,-10,10
56382,172,174,-2,2
56383,71,68,3,3
56384,161,140,21,21
56385,130,134,-4,4
56386,101,112,-11,11
56387,107,107,0,0
56388,101,101,0,0
56389,64,71,-7,7
56390,75,73,2,2
56391,128,129,-1,1
56392,80,79,1,1
56393,129,127,2,2
56394,54,60,-6,6
56395,71,76,-5,5
56396,55,62,-7,7
56397,91,97,-6,6
56398,119,116,3,3
56399,94,96,-2,2
56400,158,141,17,17
56401,60,64,-4,4
56402,158,152,6,6
56403,56,59,-3,3
56404,121,118,3,3
56405,79,72,7,7
56406,120,113,7,7
56407,64,76,-12,12
56408,62,86,-24,24
56409,80,77,3,3
56410,135,127,8,8
56411,102,120,-18,18
56412,115,107,8,8
56413,142,141,1,1
56414,115,131,-16,16
56415,119,123,-4,4
56416,138,137,1,1
56417,97,93,4,4
56418,80,75,5,5
56419,97,101,-4,4
56420,111,111,0,0
56421,91,95,-4,4
56422,95,101,-6,6
56423,91,96,-5,5
56424,101,91,10,10
56425,130,127,3,3
56426,89,94,-5,5
56427,86,97,-11,11
56428,178,158,20,20
56429,168,157,11,11
56430,63,64,-1,1
56431,69,63,6,6
56432,186,164,22,22
56433,143,133,10,10
56434,76,63,13,13
56435,87,94,-7,7
56436,46,59,-13,13
56437,81,88,-7,7
56438,43,61,-18,18
56439,125,120,5,5
56440,190,176,14,14
56441,112,98,14,14
56442,161,153,8,8
56443,119,113,6,6
56444,98,105,-7,7
56445,122,113,9,9
56446,94,94,0,0
56447,68,75,-7,7
56448,103,93,10,10
56449,126,131,-5,5
56450,75,75,0,0
56451,123,110,13,13
56452,81,79,2,2
56453,144,147,-3,3
56454,53,62,-9,9
56455,164,149,15,15
56456,60,66,-6,6
56457,117,112,5,5
56458,121,120,1,1
56459,90,97,-7,7
56460,86,88,-2,2
56461,63,64,-1,1
56462,147,133,14,14
56463,103,99,4,4
56464,68,68,0,0
56465,91,88,3,3
56466,81,70,11,11
56467,71,69,2,2
56468,63,63,0,0
56469,123,122,1,1
56470,105,101,4,4
56471,81,89,-8,8
56472,112,127,-15,15
56473,78,78,0,0
56474,85,90,-5,5
56475,118,117,1,1
56476,65,62,3,3
56477,127,132,-5,5
56478,83,89,-6,6
56479,91,89,2,2
56480,62,64,-2,2
56481,75,77,-2,2
56482,88,97,-9,9
56483,163,152,11,11
56484,48,61,-13,13
56485,93,106,-13,13
56486,85,89,-4,4
56487,142,137,5,5
56488,93,101,-8,8
56489,73,69,4,4
56490,65,66,-1,1
56491,83,80,3,3
56492,77,78,-1,1
56493,113,110,3,3
56494,121,114,7,7
56495,71,73,-2,2
56496,64,64,0,0
56497,70,79,-9,9
56498,155,156,-1,1
56499,59,60,-1,1
56500,80,79,1,1
56501,80,87,-7,7
56502,59,62,-3,3
56503,83,73,10,10
56504,68,65,3,3
56505,77,91,-14,14
56506,121,109,12,12
56507,63,74,-11,11
56508,82,82,0,0
56509,145,141,4,4
56510,63,67,-4,4
56511,124,121,3,3
56512,83,95,-12,12
56513,175,166,9,9
56514,185,173,12,12
56515,65,65,0,0
56516,61,62,-1,1
56517,76,73,3,3
56518,75,82,-7,7
56519,74,93,-19,19
56520,136,120,16,16
56521,47,53,-6,6
56522,66,59,7,7
56523,131,123,8,8
56524,123,107,16,16
56525,118,112,6,6
56526,58,61,-3,3
56527,89,87,2,2
56528,156,140,16,16
56529,55,62,-7,7
56530,115,104,11,11
56531,111,105,6,6
56532,116,124,-8,8
56533,62,70,-8,8
56534,108,111,-3,3
56535,120,126,-6,6
56536,112,111,1,1
56537,56,65,-9,9
56538,142,141,1,1
56539,91,87,4,4
56540,86,86,0,0
56541,121,119,2,2
56542,80,74,6,6
56543,103,106,-3,3
56544,76,82,-6,6
56545,100,132,-32,32
56546,94,93,1,1
56547,117,124,-7,7
56548,84,86,-2,2
56549,87,95,-8,8
56550,127,130,-3,3
56551,90,115,-25,25
56552,96,94,2,2
56553,56,62,-6,6
56554,74,74,0,0
56555,98,96,2,2
56556,107,115,-8,8
56557,125,113,12,12
56558,66,61,5,5
56559,91,100,-9,9
56560,154,158,-4,4
56561,151,147,4,4
56562,77,80,-3,3
56563,60,63,-3,3
56564,72,80,-8,8
56565,132,121,11,11
56566,74,69,5,5
56567,63,68,-5,5
56568,129,129,0,0
56569,169,159,10,10
56570,88,100,-12,12
56571,129,124,5,5
56572,140,129,11,11
56573,80,93,-13,13
56574,94,98,-4,4
56575,49,61,-12,12
56576,145,142,3,3
56577,97,100,-3,3
56578,94,98,-4,4
56579,83,82,1,1
56580,135,130,5,5
56581,103,100,3,3
56582,40,60,-20,20
56583,119,143,-24,24
56584,60,64,-4,4
56585,44,61,-17,17
56586,104,105,-1,1
56587,49,62,-13,13
56588,70,103,-33,33
56589,59,63,-4,4
56590,114,126,-12,12
56591,65,61,4,4
56592,60,64,-4,4
56593,121,129,-8,8
56594,115,109,6,6
56595,75,71,4,4
56596,74,71,3,3
56597,103,102,1,1
56598,59,61,-2,2
56599,125,128,-3,3
56600,94,94,0,0
56601,73,73,0,0
56602,54,58,-4,4
56603,58,60,-2,2
56604,174,164,10,10
56605,46,61,-15,15
56606,79,82,-3,3
56607,108,100,8,8
56608,50,63,-13,13
56609,120,109,11,11
56610,159,145,14,14
56611,171,168,3,3
56612,81,91,-10,10
56613,85,90,-5,5
56614,118,135,-17,17
56615,73,76,-3,3
56616,114,109,5,5
56617,77,70,7,7
56618,150,129,21,21
56619,72,82,-10,10
56620,64,90,-26,26
56621,85,99,-14,14
56622,112,117,-5,5
56623,57,62,-5,5
56624,101,98,3,3
56625,83,91,-8,8
56626,74,69,5,5
56627,142,130,12,12
56628,111,101,10,10
56629,135,120,15,15
56630,64,65,-1,1
56631,75,67,8,8
56632,188,181,7,7
56633,63,106,-43,43
56634,124,112,12,12
56635,42,60,-18,18
56636,136,119,17,17
56637,50,60,-10,10
56638,87,109,-22,22
56639,140,129,11,11
56640,94,96,-2,2
56641,94,95,-1,1
56642,61,72,-11,11
56643,86,91,-5,5
56644,126,111,15,15
56645,63,65,-2,2
56646,82,77,5,5
56647,140,142,-2,2
56648,134,121,13,13
56649,79,83,-4,4
56650,126,130,-4,4
56651,101,108,-7,7
56652,103,102,1,1
56653,70,65,5,5
56654,85,77,8,8
56655,84,93,-9,9
56656,58,62,-4,4
56657,139,128,11,11
56658,67,78,-11,11
56659,101,106,-5,5
56660,83,91,-8,8
56661,66,61,5,5
56662,59,62,-3,3
56663,77,82,-5,5
56664,53,62,-9,9
56665,130,126,4,4
56666,59,63,-4,4
56667,94,89,5,5
56668,120,113,7,7
56669,108,102,6,6
56670,95,92,3,3
56671,67,64,3,3
56672,103,102,1,1
56673,68,65,3,3
56674,82,79,3,3
56675,111,113,-2,2
56676,78,76,2,2
56677,59,64,-5,5
56678,72,78,-6,6
56679,101,99,2,2
56680,77,90,-13,13
56681,65,64,1,1
56682,64,71,-7,7
56683,57,64,-7,7
56684,95,100,-5,5
56685,68,67,1,1
56686,137,126,11,11
56687,65,68,-3,3
56688,82,83,-1,1
56689,73,79,-6,6
56690,96,107,-11,11
56691,110,124,-14,14
56692,139,135,4,4
56693,87,72,15,15
56694,113,99,14,14
56695,40,61,-21,21
56696,81,86,-5,5
56697,51,62,-11,11
56698,173,161,12,12
56699,72,86,-14,14
56700,107,106,1,1
56701,112,114,-2,2
56702,125,116,9,9
56703,56,62,-6,6
56704,141,122,19,19
56705,150,135,15,15
56706,136,133,3,3
56707,127,118,9,9
56708,132,137,-5,5
56709,96,92,4,4
56710,35,61,-26,26
56711,86,90,-4,4
56712,108,99,9,9
56713,149,138,11,11
56714,103,105,-2,2
56715,144,152,-8,8
56716,135,125,10,10
56717,112,103,9,9
56718,86,100,-14,14
56719,54,61,-7,7
56720,78,72,6,6
56721,72,70,2,2
56722,87,94,-7,7
56723,79,111,-32,32
56724,109,123,-14,14
56725,120,107,13,13
56726,173,155,18,18
56727,57,64,-7,7
56728,40,62,-22,22
56729,82,91,-9,9
56730,70,78,-8,8
56731,86,93,-7,7
56732,98,100,-2,2
56733,134,139,-5,5
56734,45,62,-17,17
56735,129,120,9,9
56736,68,79,-11,11
56737,91,88,3,3
56738,113,107,6,6
56739,52,62,-10,10
56740,94,94,0,0
56741,94,103,-9,9
56742,113,110,3,3
56743,128,113,15,15
56744,99,108,-9,9
56745,105,100,5,5
56746,86,107,-21,21
56747,148,138,10,10
56748,138,121,17,17
56749,99,90,9,9
56750,94,98,-4,4
56751,73,76,-3,3
56752,153,138,15,15
56753,95,101,-6,6
56754,118,123,-5,5
56755,129,120,9,9
56756,50,67,-17,17
56757,123,115,8,8
56758,142,133,9,9
56759,123,121,2,2
56760,148,138,10,10
56761,107,104,3,3
56762,98,105,-7,7
56763,112,109,3,3
56764,137,123,14,14
56765,106,105,1,1
56766,97,93,4,4
56767,96,102,-6,6
56768,245,186,59,59
56769,115,108,7,7
56770,81,88,-7,7
56771,130,112,18,18
56772,86,81,5,5
56773,128,124,4,4
56774,73,69,4,4
56775,110,104,6,6
56776,130,122,8,8
56777,97,98,-1,1
56778,80,89,-9,9
56779,91,93,-2,2
56780,88,85,3,3
56781,105,110,-5,5
56782,75,65,10,10
56783,93,105,-12,12
56784,115,113,2,2
56785,133,124,9,9
56786,142,125,17,17
56787,62,73,-11,11
56788,78,86,-8,8
56789,91,90,1,1
56790,102,98,4,4
56791,109,107,2,2
56792,102,98,4,4
56793,90,84,6,6
56794,135,119,16,16
56795,31,60,-29,29
56796,143,135,8,8
56797,123,113,10,10
56798,102,101,1,1
56799,59,62,-3,3
56800,83,91,-8,8
56801,99,101,-2,2
56802,50,65,-15,15
56803,168,147,21,21
56804,80,89,-9,9
56805,104,116,-12,12
56806,117,111,6,6
56807,113,116,-3,3
56808,73,98,-25,25
56809,72,74,-2,2
56810,144,153,-9,9
56811,131,129,2,2
56812,107,123,-16,16
56813,85,93,-8,8
56814,58,64,-6,6
56815,67,64,3,3
56816,62,64,-2,2
56817,63,61,2,2
56818,148,147,1,1
56819,139,123,16,16
56820,82,96,-14,14
56821,133,125,8,8
56822,70,73,-3,3
56823,99,103,-4,4
56824,115,111,4,4
56825,121,118,3,3
56826,107,113,-6,6
56827,113,103,10,10
56828,61,70,-9,9
56829,80,73,7,7
56830,78,76,2,2
56831,68,66,2,2
56832,122,128,-6,6
56833,109,111,-2,2
56834,71,63,8,8
56835,60,67,-7,7
56836,125,118,7,7
56837,68,90,-22,22
56838,114,111,3,3
56839,93,85,8,8
56840,75,81,-6,6
56841,99,102,-3,3
56842,133,127,6,6
56843,78,85,-7,7
56844,45,60,-15,15
56845,87,80,7,7
56846,72,91,-19,19
56847,129,126,3,3
56848,93,93,0,0
56849,95,101,-6,6
56850,119,120,-1,1
56851,96,88,8,8
56852,45,63,-18,18
56853,151,136,15,15
56854,75,70,5,5
56855,84,90,-6,6
56856,75,72,3,3
56857,97,139,-42,42
56858,79,83,-4,4
56859,132,128,4,4
56860,108,113,-5,5
56861,115,108,7,7
56862,89,104,-15,15
56863,84,96,-12,12
56864,132,125,7,7
56865,94,92,2,2
56866,182,176,6,6
56867,170,159,11,11
56868,93,95,-2,2
56869,70,75,-5,5
56870,38,59,-21,21
56871,102,109,-7,7
56872,139,125,14,14
56873,97,110,-13,13
56874,87,90,-3,3
56875,86,82,4,4
56876,76,92,-16,16
56877,91,99,-8,8
56878,81,84,-3,3
56879,86,75,11,11
56880,90,88,2,2
56881,73,77,-4,4
56882,122,119,3,3
56883,81,78,3,3
56884,182,164,18,18
56885,73,77,-4,4
56886,108,102,6,6
56887,70,65,5,5
56888,170,153,17,17
56889,98,101,-3,3
56890,83,91,-8,8
56891,89,97,-8,8
56892,79,88,-9,9
56893,77,85,-8,8
56894,82,92,-10,10
56895,79,81,-2,2
56896,165,145,20,20
56897,57,68,-11,11
56898,94,112,-18,18
56899,101,95,6,6
56900,170,172,-2,2
56901,68,75,-7,7
56902,121,115,6,6
56903,137,127,10,10
56904,72,67,5,5
56905,109,107,2,2
56906,81,77,4,4
56907,71,71,0,0
56908,135,130,5,5
56909,105,104,1,1
56910,101,98,3,3
56911,71,80,-9,9
56912,93,96,-3,3
56913,75,75,0,0
56914,68,132,-64,64
56915,107,108,-1,1
56916,76,74,2,2
56917,127,118,9,9
56918,117,121,-4,4
56919,123,107,16,16
56920,158,157,1,1
56921,96,96,0,0
56922,44,61,-17,17
56923,100,100,0,0
56924,69,71,-2,2
56925,77,89,-12,12
56926,66,73,-7,7
56927,71,66,5,5
56928,117,116,1,1
56929,103,108,-5,5
56930,99,100,-1,1
56931,131,125,6,6
56932,50,61,-11,11
56933,39,61,-22,22
56934,74,72,2,2
56935,51,62,-11,11
56936,91,97,-6,6
56937,104,110,-6,6
56938,76,77,-1,1
56939,126,126,0,0
56940,79,86,-7,7
56941,88,96,-8,8
56942,103,103,0,0
56943,156,142,14,14
56944,153,143,10,10
56945,82,80,2,2
56946,69,71,-2,2
56947,85,98,-13,13
56948,90,103,-13,13
56949,118,110,8,8
56950,113,113,0,0
56951,63,69,-6,6
56952,39,61,-22,22
56953,125,119,6,6
56954,111,134,-23,23
56955,85,90,-5,5
56956,69,75,-6,6
56957,164,152,12,12
56958,115,115,0,0
56959,100,120,-20,20
56960,97,97,0,0
56961,76,92,-16,16
56962,109,120,-11,11
56963,122,114,8,8
56964,75,77,-2,2
56965,94,97,-3,3
56966,73,68,5,5
56967,138,123,15,15
56968,109,95,14,14
56969,84,99,-15,15
56970,65,60,5,5
56971,97,97,0,0
56972,150,138,12,12
56973,158,148,10,10
56974,74,75,-1,1
56975,64,68,-4,4
56976,102,105,-3,3
56977,83,97,-14,14
56978,181,158,23,23
56979,149,146,3,3
56980,67,65,2,2
56981,108,112,-4,4
56982,126,121,5,5
56983,129,120,9,9
56984,123,118,5,5
56985,88,86,2,2
56986,79,90,-11,11
56987,122,106,16,16
56988,88,81,7,7
56989,129,131,-2,2
56990,82,82,0,0
56991,72,74,-2,2
56992,116,111,5,5
56993,93,102,-9,9
56994,82,81,1,1
56995,153,151,2,2
56996,169,150,19,19
56997,79,96,-17,17
56998,92,94,-2,2
56999,123,114,9,9
57000,75,97,-22,22
57001,162,164,-2,2
57002,79,85,-6,6
57003,90,91,-1,1
57004,74,91,-17,17
57005,130,122,8,8
57006,128,115,13,13
57007,75,93,-18,18
57008,86,89,-3,3
57009,111,113,-2,2
57010,100,99,1,1
57011,57,65,-8,8
57012,126,120,6,6
57013,61,64,-3,3
57014,79,87,-8,8
57015,80,67,13,13
57016,49,62,-13,13
57017,83,89,-6,6
57018,65,66,-1,1
57019,76,79,-3,3
57020,99,100,-1,1
57021,152,133,19,19
57022,74,78,-4,4
57023,90,96,-6,6
57024,116,123,-7,7
57025,150,164,-14,14
57026,98,113,-15,15
57027,136,122,14,14
57028,109,108,1,1
57029,131,144,-13,13
57030,44,63,-19,19
57031,52,62,-10,10
57032,73,71,2,2
57033,160,145,15,15
57034,104,101,3,3
57035,71,68,3,3
57036,52,62,-10,10
57037,69,63,6,6
57038,120,108,12,12
57039,51,61,-10,10
57040,65,73,-8,8
57041,93,92,1,1
57042,62,80,-18,18
57043,108,102,6,6
57044,86,95,-9,9
57045,65,71,-6,6
57046,151,146,5,5
57047,82,96,-14,14
57048,54,62,-8,8
57049,57,61,-4,4
57050,87,90,-3,3
57051,75,83,-8,8
57052,76,87,-11,11
57053,144,142,2,2
57054,82,88,-6,6
57055,70,66,4,4
57056,65,67,-2,2
57057,130,128,2,2
57058,179,179,0,0
57059,143,143,0,0
57060,128,127,1,1
57061,59,61,-2,2
57062,141,132,9,9
57063,91,91,0,0
57064,117,111,6,6
57065,103,109,-6,6
57066,102,107,-5,5
57067,150,137,13,13
57068,91,90,1,1
57069,82,92,-10,10
57070,72,69,3,3
57071,146,129,17,17
57072,51,62,-11,11
57073,119,124,-5,5
57074,94,100,-6,6
57075,113,103,10,10
57076,115,110,5,5
57077,50,62,-12,12
57078,72,92,-20,20
57079,127,119,8,8
57080,67,107,-40,40
57081,76,80,-4,4
57082,96,109,-13,13
57083,137,148,-11,11
57084,189,176,13,13
57085,83,88,-5,5
57086,90,94,-4,4
57087,85,89,-4,4
57088,99,103,-4,4
57089,88,92,-4,4
57090,163,166,-3,3
57091,78,84,-6,6
57092,63,62,1,1
57093,87,94,-7,7
57094,81,90,-9,9
57095,117,126,-9,9
57096,86,80,6,6
57097,97,99,-2,2
57098,120,114,6,6
57099,61,62,-1,1
57100,109,112,-3,3
57101,82,83,-1,1
57102,98,91,7,7
57103,100,96,4,4
57104,114,106,8,8
57105,61,63,-2,2
57106,88,96,-8,8
57107,75,84,-9,9
57108,96,99,-3,3
57109,125,127,-2,2
57110,216,195,21,21
57111,91,94,-3,3
57112,149,171,-22,22
57113,104,97,7,7
57114,69,71,-2,2
57115,65,63,2,2
57116,116,109,7,7
57117,66,64,2,2
57118,53,60,-7,7
57119,61,77,-16,16
57120,106,109,-3,3
57121,118,106,12,12
57122,145,138,7,7
57123,90,86,4,4
57124,76,74,2,2
57125,48,62,-14,14
57126,38,61,-23,23
57127,65,68,-3,3
57128,98,95,3,3
57129,48,58,-10,10
57130,93,99,-6,6
57131,117,121,-4,4
57132,66,69,-3,3
57133,110,100,10,10
57134,121,116,5,5
57135,95,96,-1,1
57136,81,79,2,2
57137,48,61,-13,13
57138,80,91,-11,11
57139,136,147,-11,11
57140,55,57,-2,2
57141,110,108,2,2
57142,104,117,-13,13
57143,89,83,6,6
57144,90,105,-15,15
57145,111,111,0,0
57146,85,95,-10,10
57147,113,111,2,2
57148,100,102,-2,2
57149,147,133,14,14
57150,86,97,-11,11
57151,76,83,-7,7
57152,164,139,25,25
57153,130,116,14,14
57154,99,95,4,4
57155,40,61,-21,21
57156,175,173,2,2
57157,148,148,0,0
57158,106,109,-3,3
57159,152,144,8,8
57160,91,98,-7,7
57161,98,97,1,1
57162,51,65,-14,14
57163,88,96,-8,8
57164,89,90,-1,1
57165,63,62,1,1
57166,84,89,-5,5
57167,75,68,7,7
57168,117,107,10,10
57169,111,111,0,0
57170,134,147,-13,13
57171,81,92,-11,11
57172,101,105,-4,4
57173,61,63,-2,2
57174,116,111,5,5
57175,77,82,-5,5
57176,121,127,-6,6
57177,101,100,1,1
57178,22,61,-39,39
57179,89,92,-3,3
57180,134,129,5,5
57181,132,131,1,1
57182,48,62,-14,14
57183,102,98,4,4
57184,90,90,0,0
57185,89,100,-11,11
57186,109,112,-3,3
57187,164,146,18,18
57188,93,99,-6,6
57189,93,99,-6,6
57190,63,73,-10,10
57191,99,101,-2,2
57192,72,70,2,2
57193,85,92,-7,7
57194,76,83,-7,7
57195,85,89,-4,4
57196,125,104,21,21
57197,63,63,0,0
57198,47,60,-13,13
57199,123,121,2,2
57200,88,100,-12,12
57201,75,71,4,4
57202,78,79,-1,1
57203,73,62,11,11
57204,113,124,-11,11
57205,88,87,1,1
57206,91,81,10,10
57207,99,100,-1,1
57208,92,100,-8,8
57209,102,107,-5,5
57210,84,92,-8,8
57211,153,145,8,8
57212,117,123,-6,6
57213,61,59,2,2
57214,81,78,3,3
57215,148,143,5,5
57216,88,75,13,13
57217,109,108,1,1
57218,124,118,6,6
57219,44,62,-18,18
57220,75,83,-8,8
57221,107,108,-1,1
57222,74,79,-5,5
57223,75,67,8,8
57224,97,97,0,0
57225,95,92,3,3
57226,72,66,6,6
57227,71,67,4,4
57228,100,101,-1,1
57229,110,99,11,11
57230,67,62,5,5
57231,59,60,-1,1
57232,162,143,19,19
57233,97,103,-6,6
57234,66,72,-6,6
57235,87,85,2,2
57236,142,153,-11,11
57237,77,79,-2,2
57238,61,61,0,0
57239,61,117,-56,56
57240,131,123,8,8
57241,84,89,-5,5
57242,77,83,-6,6
57243,60,63,-3,3
57244,77,83,-6,6
57245,47,62,-15,15
57246,71,80,-9,9
57247,118,119,-1,1
57248,105,114,-9,9
57249,137,129,8,8
57250,48,64,-16,16
57251,81,83,-2,2
57252,105,110,-5,5
57253,107,105,2,2
57254,149,138,11,11
57255,88,84,4,4
57256,104,98,6,6
57257,130,112,18,18
57258,118,116,2,2
57259,50,67,-17,17
57260,113,107,6,6
57261,48,61,-13,13
57262,105,107,-2,2
57263,63,72,-9,9
57264,63,66,-3,3
57265,65,70,-5,5
57266,105,108,-3,3
57267,38,62,-24,24
57268,57,58,-1,1
57269,94,96,-2,2
57270,87,78,9,9
57271,68,70,-2,2
57272,66,76,-10,10
57273,87,92,-5,5
57274,121,112,9,9
57275,104,99,5,5
57276,124,121,3,3
57277,158,140,18,18
57278,30,62,-32,32
57279,101,118,-17,17
57280,86,77,9,9
57281,93,93,0,0
57282,123,132,-9,9
57283,102,93,9,9
57284,142,154,-12,12
57285,61,76,-15,15
57286,75,86,-11,11
57287,125,127,-2,2
57288,95,96,-1,1
57289,171,161,10,10
57290,96,129,-33,33
57291,123,117,6,6
57292,106,114,-8,8
57293,62,64,-2,2
57294,87,89,-2,2
57295,57,62,-5,5
57296,56,61,-5,5
57297,124,117,7,7
57298,81,80,1,1
57299,109,98,11,11
57300,165,168,-3,3
57301,171,178,-7,7
57302,104,103,1,1
57303,59,65,-6,6
57304,40,62,-22,22
57305,74,104,-30,30
57306,127,123,4,4
57307,73,89,-16,16
57308,130,122,8,8
57309,47,59,-12,12
57310,59,63,-4,4
57311,156,135,21,21
57312,101,96,5,5
57313,89,100,-11,11
57314,95,96,-1,1
57315,60,71,-11,11
57316,91,97,-6,6
57317,74,71,3,3
57318,160,142,18,18
57319,114,109,5,5
57320,148,138,10,10
57321,80,75,5,5
57322,24,62,-38,38
57323,52,60,-8,8
57324,259,221,38,38
57325,44,62,-18,18
57326,149,137,12,12
57327,57,64,-7,7
57328,126,127,-1,1
57329,142,131,11,11
57330,111,113,-2,2
57331,167,153,14,14
57332,76,75,1,1
57333,69,67,2,2
57334,110,115,-5,5
57335,92,118,-26,26
57336,99,90,9,9
57337,95,97,-2,2
57338,114,105,9,9
57339,91,97,-6,6
57340,104,104,0,0
57341,84,90,-6,6
57342,164,141,23,23
57343,44,63,-19,19
57344,75,69,6,6
57345,95,94,1,1
57346,27,61,-34,34
57347,81,84,-3,3
57348,72,76,-4,4
57349,100,94,6,6
57350,131,115,16,16
57351,61,66,-5,5
57352,89,91,-2,2
57353,65,70,-5,5
57354,53,64,-11,11
57355,103,112,-9,9
57356,129,122,7,7
57357,114,103,11,11
57358,102,102,0,0
57359,87,95,-8,8
57360,77,67,10,10
57361,72,76,-4,4
57362,71,79,-8,8
57363,67,61,6,6
57364,116,115,1,1
57365,102,99,3,3
57366,83,78,5,5
57367,55,61,-6,6
57368,71,90,-19,19
57369,84,80,4,4
57370,98,99,-1,1
57371,101,94,7,7
57372,82,73,9,9
57373,117,117,0,0
57374,126,131,-5,5
57375,66,69,-3,3
57376,81,93,-12,12
57377,189,184,5,5
57378,90,79,11,11
57379,86,88,-2,2
57380,107,102,5,5
57381,117,133,-16,16
57382,54,63,-9,9
57383,81,93,-12,12
57384,85,88,-3,3
57385,88,96,-8,8
57386,57,63,-6,6
57387,103,105,-2,2
57388,103,99,4,4
57389,95,87,8,8
57390,107,105,2,2
57391,91,93,-2,2
57392,111,126,-15,15
57393,200,176,24,24
57394,83,93,-10,10
57395,86,86,0,0
57396,80,89,-9,9
57397,109,115,-6,6
57398,69,66,3,3
57399,78,77,1,1
57400,70,82,-12,12
57401,77,77,0,0
57402,69,65,4,4
57403,96,94,2,2
57404,121,143,-22,22
57405,90,98,-8,8
57406,152,138,14,14
57407,91,86,5,5
57408,89,92,-3,3
57409,104,102,2,2
57410,88,73,15,15
57411,113,110,3,3
57412,81,94,-13,13
57413,92,88,4,4
57414,112,102,10,10
57415,113,120,-7,7
57416,119,109,10,10
57417,68,67,1,1
57418,183,152,31,31
57419,154,143,11,11
57420,115,117,-2,2
57421,173,186,-13,13
57422,108,104,4,4
57423,124,128,-4,4
57424,71,66,5,5
57425,84,81,3,3
57426,80,101,-21,21
57427,90,102,-12,12
57428,74,69,5,5
57429,89,77,12,12
57430,81,93,-12,12
57431,100,94,6,6
57432,136,131,5,5
57433,55,62,-7,7
57434,105,107,-2,2
57435,77,73,4,4
57436,192,181,11,11
57437,99,95,4,4
57438,90,91,-1,1
57439,134,119,15,15
57440,113,110,3,3
57441,90,89,1,1
57442,150,129,21,21
57443,52,62,-10,10
57444,102,104,-2,2
57445,55,61,-6,6
57446,110,110,0,0
57447,57,62,-5,5
57448,57,60,-3,3
57449,97,95,2,2
57450,117,120,-3,3
57451,83,91,-8,8
57452,121,114,7,7
57453,58,63,-5,5
57454,101,101,0,0
57455,63,66,-3,3
57456,105,107,-2,2
57457,94,95,-1,1
57458,138,130,8,8
57459,62,62,0,0
57460,113,116,-3,3
57461,50,62,-12,12
57462,90,96,-6,6
57463,135,133,2,2
57464,68,64,4,4
57465,94,106,-12,12
57466,63,63,0,0
57467,179,160,19,19
57468,78,74,4,4
57469,197,164,33,33
57470,124,123,1,1
57471,115,123,-8,8
57472,105,103,2,2
57473,135,133,2,2
57474,59,60,-1,1
57475,75,102,-27,27
57476,131,128,3,3
57477,125,126,-1,1
57478,82,96,-14,14
57479,193,179,14,14
57480,23,62,-39,39
57481,67,65,2,2
57482,204,186,18,18
57483,78,86,-8,8
57484,95,115,-20,20
57485,143,142,1,1
57486,69,70,-1,1
57487,78,73,5,5
57488,185,174,11,11
57489,60,64,-4,4
57490,93,90,3,3
57491,49,60,-11,11
57492,151,131,20,20
57493,93,92,1,1
57494,109,101,8,8
57495,58,61,-3,3
57496,132,113,19,19
57497,85,77,8,8
57498,118,102,16,16
57499,69,74,-5,5
57500,76,79,-3,3
57501,68,75,-7,7
57502,68,68,0,0
57503,103,115,-12,12
57504,116,110,6,6
57505,189,158,31,31
57506,64,71,-7,7
57507,54,61,-7,7
57508,99,102,-3,3
57509,140,125,15,15
57510,52,62,-10,10
57511,144,138,6,6
57512,96,101,-5,5
57513,60,100,-40,40
57514,131,127,4,4
57515,101,114,-13,13
57516,21,48,-27,27
57517,77,80,-3,3
57518,94,99,-5,5
57519,64,60,4,4
57520,77,68,9,9
57521,89,95,-6,6
57522,68,67,1,1
57523,100,96,4,4
57524,94,95,-1,1
57525,99,98,1,1
57526,104,107,-3,3
57527,76,74,2,2
57528,41,62,-21,21
57529,89,81,8,8
57530,159,133,26,26
57531,145,126,19,19
57532,89,84,5,5
57533,117,119,-2,2
57534,56,68,-12,12
57535,112,107,5,5
57536,59,60,-1,1
57537,54,61,-7,7
57538,83,75,8,8
57539,70,76,-6,6
57540,64,66,-2,2
57541,134,130,4,4
57542,107,121,-14,14
57543,81,86,-5,5
57544,117,117,0,0
57545,123,123,0,0
57546,114,104,10,10
57547,173,152,21,21
57548,79,71,8,8
57549,117,108,9,9
57550,32,62,-30,30
57551,87,84,3,3
57552,189,177,12,12
57553,70,76,-6,6
57554,155,130,25,25
57555,81,91,-10,10
57556,168,153,15,15
57557,114,111,3,3
57558,153,155,-2,2
57559,124,113,11,11
57560,51,61,-10,10
57561,105,110,-5,5
57562,101,115,-14,14
57563,86,93,-7,7
57564,129,119,10,10
57565,122,114,8,8
57566,149,132,17,17
57567,85,87,-2,2
57568,73,69,4,4
57569,66,69,-3,3
57570,180,159,21,21
57571,33,63,-30,30
57572,70,77,-7,7
57573,101,117,-16,16
57574,89,98,-9,9
57575,120,119,1,1
57576,121,112,9,9
57577,91,98,-7,7
57578,90,91,-1,1
57579,121,114,7,7
57580,154,149,5,5
57581,110,104,6,6
57582,65,60,5,5
57583,107,118,-11,11
57584,141,129,12,12
57585,61,63,-2,2
57586,119,120,-1,1
57587,135,133,2,2
57588,185,158,27,27
57589,46,61,-15,15
57590,89,95,-6,6
57591,134,129,5,5
57592,102,98,4,4
57593,138,137,1,1
57594,104,103,1,1
57595,176,156,20,20
57596,112,107,5,5
57597,135,128,7,7
57598,119,114,5,5
57599,82,74,8,8
57600,99,104,-5,5
57601,119,108,11,11
57602,98,108,-10,10
57603,96,102,-6,6
57604,90,102,-12,12
57605,81,70,11,11
57606,65,65,0,0
57607,120,115,5,5
57608,90,90,0,0
57609,80,87,-7,7
57610,81,93,-12,12
57611,78,101,-23,23
57612,82,76,6,6
57613,155,132,23,23
57614,77,73,4,4
57615,116,122,-6,6
57616,78,83,-5,5
57617,69,67,2,2
57618,64,64,0,0
57619,88,92,-4,4
57620,56,63,-7,7
57621,62,69,-7,7
57622,49,61,-12,12
57623,120,108,12,12
57624,154,143,11,11
57625,86,91,-5,5
57626,61,66,-5,5
57627,66,64,2,2
57628,145,119,26,26
57629,83,97,-14,14
57630,136,124,12,12
57631,88,98,-10,10
57632,71,95,-24,24
57633,93,91,2,2
57634,97,97,0,0
57635,94,90,4,4
57636,97,104,-7,7
57637,57,67,-10,10
57638,142,140,2,2
57639,119,114,5,5
57640,87,99,-12,12
57641,131,133,-2,2
57642,119,124,-5,5
57643,76,72,4,4
57644,55,61,-6,6
57645,106,100,6,6
57646,70,75,-5,5
57647,103,101,2,2
57648,96,85,11,11
57649,150,143,7,7
57650,128,126,2,2
57651,38,60,-22,22
57652,65,79,-14,14
57653,79,74,5,5
57654,96,92,4,4
57655,88,88,0,0
57656,185,196,-11,11
57657,81,74,7,7
57658,151,134,17,17
57659,94,99,-5,5
57660,72,73,-1,1
57661,110,104,6,6
57662,109,102,7,7
57663,80,71,9,9
57664,68,70,-2,2
57665,111,101,10,10
57666,67,69,-2,2
57667,95,93,2,2
57668,114,113,1,1
57669,51,61,-10,10
57670,111,107,4,4
57671,118,106,12,12
57672,157,135,22,22
57673,82,86,-4,4
57674,119,99,20,20
57675,73,78,-5,5
57676,88,80,8,8
57677,46,61,-15,15
57678,61,62,-1,1
57679,81,85,-4,4
57680,117,123,-6,6
57681,87,92,-5,5
57682,71,63,8,8
57683,70,69,1,1
57684,98,113,-15,15
57685,89,93,-4,4
57686,100,97,3,3
57687,124,111,13,13
57688,166,155,11,11
57689,90,84,6,6
57690,43,61,-18,18
57691,175,158,17,17
57692,104,108,-4,4
57693,180,165,15,15
57694,57,62,-5,5
57695,36,60,-24,24
57696,144,150,-6,6
57697,136,127,9,9
57698,56,61,-5,5
57699,93,97,-4,4
57700,91,94,-3,3
57701,98,98,0,0
57702,82,66,16,16
57703,101,111,-10,10
57704,113,116,-3,3
57705,53,61,-8,8
57706,55,60,-5,5
57707,120,113,7,7
57708,105,100,5,5
57709,71,80,-9,9
57710,78,79,-1,1
57711,165,156,9,9
57712,82,91,-9,9
57713,126,114,12,12
57714,114,108,6,6
57715,143,137,6,6
57716,118,119,-1,1
57717,94,99,-5,5
57718,41,62,-21,21
57719,67,67,0,0
57720,83,83,0,0
57721,119,106,13,13
57722,62,63,-1,1
57723,55,62,-7,7
57724,95,99,-4,4
57725,91,98,-7,7
57726,68,65,3,3
57727,144,142,2,2
57728,64,67,-3,3
57729,43,62,-19,19
57730,81,93,-12,12
57731,94,81,13,13
57732,77,75,2,2
57733,167,163,4,4
57734,51,62,-11,11
57735,117,110,7,7
57736,93,95,-2,2
57737,71,70,1,1
57738,64,67,-3,3
57739,168,152,16,16
57740,98,99,-1,1
57741,38,61,-23,23
57742,124,114,10,10
57743,104,112,-8,8
57744,45,61,-16,16
57745,36,62,-26,26
57746,82,83,-1,1
57747,120,109,11,11
57748,108,115,-7,7
57749,43,62,-19,19
57750,85,78,7,7
57751,146,139,7,7
57752,82,99,-17,17
57753,115,106,9,9
57754,98,91,7,7
57755,87,85,2,2
57756,124,125,-1,1
57757,86,89,-3,3
57758,92,109,-17,17
57759,109,93,16,16
57760,125,118,7,7
57761,140,146,-6,6
57762,84,107,-23,23
57763,66,70,-4,4
57764,131,117,14,14
57765,81,72,9,9
57766,88,87,1,1
57767,143,150,-7,7
57768,74,79,-5,5
57769,118,124,-6,6
57770,56,64,-8,8
57771,61,61,0,0
57772,112,113,-1,1
57773,119,107,12,12
57774,102,95,7,7
57775,101,122,-21,21
57776,71,69,2,2
57777,118,118,0,0
57778,119,130,-11,11
57779,83,91,-8,8
57780,133,117,16,16
57781,57,62,-5,5
57782,87,83,4,4
57783,6,62,-56,56
57784,76,93,-17,17
57785,124,118,6,6
57786,28,63,-35,35
57787,65,63,2,2
57788,86,77,9,9
57789,111,112,-1,1
57790,59,66,-7,7
57791,94,96,-2,2
57792,97,111,-14,14
57793,115,116,-1,1
57794,75,79,-4,4
57795,144,133,11,11
57796,86,100,-14,14
57797,74,72,2,2
57798,102,108,-6,6
57799,79,77,2,2
57800,99,96,3,3
57801,140,146,-6,6
57802,101,102,-1,1
57803,156,139,17,17
57804,92,92,0,0
57805,70,76,-6,6
57806,59,73,-14,14
57807,116,109,7,7
57808,138,128,10,10
57809,136,134,2,2
57810,61,63,-2,2
57811,53,61,-8,8
57812,79,74,5,5
57813,90,90,0,0
57814,127,119,8,8
57815,177,146,31,31
57816,110,123,-13,13
57817,129,125,4,4
57818,106,123,-17,17
57819,74,77,-3,3
57820,154,150,4,4
57821,129,122,7,7
57822,73,69,4,4
57823,77,91,-14,14
57824,84,94,-10,10
57825,103,98,5,5
57826,90,128,-38,38
57827,109,109,0,0
57828,68,63,5,5
57829,72,66,6,6
57830,105,115,-10,10
57831,65,67,-2,2
57832,95,93,2,2
57833,133,129,4,4
57834,103,97,6,6
57835,107,115,-8,8
57836,79,74,5,5
57837,116,109,7,7
57838,91,87,4,4
57839,72,90,-18,18
57840,66,93,-27,27
57841,147,130,17,17
57842,90,104,-14,14
57843,192,204,-12,12
57844,98,114,-16,16
57845,105,101,4,4
57846,44,59,-15,15
57847,102,93,9,9
57848,82,93,-11,11
57849,107,105,2,2
57850,102,100,2,2
57851,135,123,12,12
57852,157,139,18,18
57853,61,63,-2,2
57854,155,142,13,13
57855,121,126,-5,5
57856,77,73,4,4
57857,142,134,8,8
57858,95,94,1,1
57859,104,99,5,5
57860,77,79,-2,2
57861,135,126,9,9
57862,101,104,-3,3
57863,65,64,1,1
57864,108,104,4,4
57865,46,61,-15,15
57866,196,185,11,11
57867,83,84,-1,1
57868,92,87,5,5
57869,66,61,5,5
57870,87,90,-3,3
57871,76,74,2,2
57872,24,46,-22,22
57873,94,103,-9,9
57874,85,70,15,15
57875,147,188,-41,41
57876,104,111,-7,7
57877,97,97,0,0
57878,159,138,21,21
57879,103,101,2,2
57880,114,117,-3,3
57881,133,135,-2,2
57882,66,64,2,2
57883,101,104,-3,3
57884,71,68,3,3
57885,85,87,-2,2
57886,87,77,10,10
57887,116,106,10,10
57888,88,81,7,7
57889,64,62,2,2
57890,48,59,-11,11
57891,55,62,-7,7
57892,61,91,-30,30
57893,86,99,-13,13
57894,56,60,-4,4
57895,58,61,-3,3
57896,77,82,-5,5
57897,70,74,-4,4
57898,78,86,-8,8
57899,136,126,10,10
57900,69,67,2,2
57901,68,62,6,6
57902,102,100,2,2
57903,67,66,1,1
57904,82,78,4,4
57905,54,61,-7,7
57906,70,79,-9,9
57907,83,79,4,4
57908,129,114,15,15
57909,43,61,-18,18
57910,46,61,-15,15
57911,119,120,-1,1
57912,50,61,-11,11
57913,76,78,-2,2
57914,168,153,15,15
57915,83,86,-3,3
57916,116,105,11,11
57917,121,131,-10,10
57918,96,103,-7,7
57919,126,131,-5,5
57920,86,92,-6,6
57921,85,79,6,6
57922,93,80,13,13
57923,52,62,-10,10
57924,129,122,7,7
57925,87,86,1,1
57926,38,62,-24,24
57927,61,77,-16,16
57928,77,79,-2,2
57929,73,67,6,6
57930,143,145,-2,2
57931,59,63,-4,4
57932,57,61,-4,4
57933,64,67,-3,3
57934,140,130,10,10
57935,109,115,-6,6
57936,91,93,-2,2
57937,64,68,-4,4
57938,105,94,11,11
57939,121,109,12,12
57940,65,62,3,3
57941,80,84,-4,4
57942,75,71,4,4
57943,90,84,6,6
57944,93,100,-7,7
57945,60,63,-3,3
57946,75,73,2,2
57947,97,100,-3,3
57948,130,120,10,10
57949,111,103,8,8
57950,82,72,10,10
57951,102,99,3,3
57952,72,70,2,2
57953,180,177,3,3
57954,71,84,-13,13
57955,92,95,-3,3
57956,109,106,3,3
57957,113,105,8,8
57958,117,133,-16,16
57959,105,105,0,0
57960,85,84,1,1
57961,75,68,7,7
57962,77,78,-1,1
57963,79,83,-4,4
57964,106,101,5,5
57965,52,62,-10,10
57966,107,87,20,20
57967,89,94,-5,5
57968,150,139,11,11
57969,84,90,-6,6
57970,78,84,-6,6
57971,124,114,10,10
57972,58,63,-5,5
57973,110,109,1,1
57974,108,106,2,2
57975,95,110,-15,15
57976,139,123,16,16
57977,92,94,-2,2
57978,63,68,-5,5
57979,81,90,-9,9
57980,103,94,9,9
57981,75,70,5,5
57982,75,102,-27,27
57983,125,119,6,6
57984,98,108,-10,10
57985,101,99,2,2
57986,73,89,-16,16
57987,95,95,0,0
57988,120,109,11,11
57989,90,104,-14,14
57990,178,154,24,24
57991,111,115,-4,4
57992,90,92,-2,2
57993,91,77,14,14
57994,92,87,5,5
57995,77,79,-2,2
57996,87,87,0,0
57997,121,120,1,1
57998,99,95,4,4
57999,119,120,-1,1
58000,85,99,-14,14
58001,102,102,0,0
58002,102,99,3,3
58003,68,65,3,3
58004,159,135,24,24
58005,91,77,14,14
58006,85,95,-10,10
58007,77,91,-14,14
58008,136,130,6,6
58009,182,163,19,19
58010,101,101,0,0
58011,63,63,0,0
58012,89,103,-14,14
58013,78,78,0,0
58014,104,101,3,3
58015,113,110,3,3
58016,88,93,-5,5
58017,87,89,-2,2
58018,182,155,27,27
58019,97,95,2,2
58020,123,121,2,2
58021,93,118,-25,25
58022,77,63,14,14
58023,87,89,-2,2
58024,71,70,1,1
58025,60,64,-4,4
58026,95,102,-7,7
58027,92,87,5,5
58028,78,75,3,3
58029,84,93,-9,9
58030,153,136,17,17
58031,140,141,-1,1
58032,99,87,12,12
58033,57,60,-3,3
58034,83,92,-9,9
58035,79,75,4,4
58036,87,93,-6,6
58037,85,102,-17,17
58038,80,94,-14,14
58039,69,74,-5,5
58040,68,70,-2,2
58041,94,98,-4,4
58042,79,90,-11,11
58043,115,110,5,5
58044,59,63,-4,4
58045,183,178,5,5
58046,64,67,-3,3
58047,109,102,7,7
58048,54,62,-8,8
58049,62,63,-1,1
58050,69,85,-16,16
58051,62,62,0,0
58052,71,70,1,1
58053,140,129,11,11
58054,73,68,5,5
58055,124,121,3,3
58056,86,95,-9,9
58057,142,147,-5,5
58058,170,161,9,9
58059,69,65,4,4
58060,124,122,2,2
58061,123,122,1,1
58062,104,89,15,15
58063,65,71,-6,6
58064,110,109,1,1
58065,80,77,3,3
58066,66,67,-1,1
58067,96,95,1,1
58068,116,116,0,0
58069,74,75,-1,1
58070,59,59,0,0
58071,64,61,3,3
58072,115,117,-2,2
58073,89,85,4,4
58074,136,124,12,12
58075,51,62,-11,11
58076,73,70,3,3
58077,68,93,-25,25
58078,116,112,4,4
58079,135,138,-3,3
58080,29,62,-33,33
58081,96,87,9,9
58082,38,93,-55,55
58083,170,170,0,0
58084,125,118,7,7
58085,160,140,20,20
58086,108,114,-6,6
58087,144,135,9,9
58088,70,61,9,9
58089,100,98,2,2
58090,62,62,0,0
58091,129,120,9,9
58092,99,94,5,5
58093,93,103,-10,10
58094,108,97,11,11
58095,59,61,-2,2
58096,43,56,-13,13
58097,119,108,11,11
58098,71,64,7,7
58099,147,159,-12,12
58100,60,63,-3,3
58101,79,91,-12,12
58102,64,68,-4,4
58103,73,75,-2,2
58104,105,108,-3,3
58105,80,78,2,2
58106,79,87,-8,8
58107,90,92,-2,2
58108,89,81,8,8
58109,73,67,6,6
58110,113,115,-2,2
58111,78,90,-12,12
58112,63,84,-21,21
58113,142,127,15,15
58114,145,154,-9,9
58115,95,98,-3,3
58116,101,101,0,0
58117,126,113,13,13
58118,154,136,18,18
58119,184,151,33,33
58120,116,120,-4,4
58121,84,89,-5,5
58122,129,133,-4,4
58123,74,71,3,3
58124,97,94,3,3
58125,88,106,-18,18
58126,102,105,-3,3
58127,69,68,1,1
58128,73,84,-11,11
58129,77,67,10,10
58130,98,97,1,1
58131,78,81,-3,3
58132,108,93,15,15
58133,78,81,-3,3
58134,86,98,-12,12
58135,70,65,5,5
58136,70,72,-2,2
58137,78,75,3,3
58138,81,77,4,4
58139,55,61,-6,6
58140,37,62,-25,25
58141,80,82,-2,2
58142,68,66,2,2
58143,130,130,0,0
58144,100,96,4,4
58145,71,78,-7,7
58146,97,99,-2,2
58147,147,138,9,9
58148,93,98,-5,5
58149,165,158,7,7
58150,70,76,-6,6
58151,59,66,-7,7
58152,46,60,-14,14
58153,132,114,18,18
58154,90,74,16,16
58155,208,196,12,12
58156,124,132,-8,8
58157,92,102,-10,10
58158,75,80,-5,5
58159,103,103,0,0
58160,47,61,-14,14
58161,72,61,11,11
58162,65,65,0,0
58163,107,113,-6,6
58164,131,126,5,5
58165,67,79,-12,12
58166,119,114,5,5
58167,63,63,0,0
58168,153,137,16,16
58169,72,75,-3,3
58170,131,140,-9,9
58171,92,92,0,0
58172,70,70,0,0
58173,93,100,-7,7
58174,48,61,-13,13
58175,75,67,8,8
58176,185,176,9,9
58177,90,103,-13,13
58178,53,61,-8,8
58179,130,124,6,6
58180,139,136,3,3
58181,92,98,-6,6
58182,77,110,-33,33
58183,130,117,13,13
58184,88,81,7,7
58185,68,76,-8,8
58186,144,123,21,21
58187,73,74,-1,1
58188,136,131,5,5
58189,115,106,9,9
58190,79,86,-7,7
58191,97,96,1,1
58192,70,68,2,2
58193,76,82,-6,6
58194,110,105,5,5
58195,103,113,-10,10
58196,106,108,-2,2
58197,82,83,-1,1
58198,82,91,-9,9
58199,64,69,-5,5
58200,108,110,-2,2
58201,162,146,16,16
58202,64,66,-2,2
58203,42,62,-20,20
58204,128,124,4,4
58205,93,91,2,2
58206,83,78,5,5
58207,75,66,9,9
58208,113,107,6,6
58209,131,121,10,10
58210,70,65,5,5
58211,82,90,-8,8
58212,53,63,-10,10
58213,92,98,-6,6
58214,123,115,8,8
58215,132,120,12,12
58216,71,71,0,0
58217,83,90,-7,7
58218,52,59,-7,7
58219,102,99,3,3
58220,51,62,-11,11
58221,90,86,4,4
58222,121,128,-7,7
58223,125,124,1,1
58224,66,63,3,3
58225,99,108,-9,9
58226,71,81,-10,10
58227,103,105,-2,2
58228,87,93,-6,6
58229,130,128,2,2
58230,74,72,2,2
58231,171,154,17,17
58232,146,122,24,24
58233,81,80,1,1
58234,72,64,8,8
58235,81,99,-18,18
58236,58,65,-7,7
58237,111,105,6,6
58238,148,143,5,5
58239,76,69,7,7
58240,78,75,3,3
58241,91,95,-4,4
58242,91,95,-4,4
58243,70,80,-10,10
58244,155,130,25,25
58245,89,117,-28,28
58246,55,61,-6,6
58247,97,86,11,11
58248,71,71,0,0
58249,134,133,1,1
58250,85,74,11,11
58251,76,69,7,7
58252,98,109,-11,11
58253,51,61,-10,10
58254,111,107,4,4
58255,59,63,-4,4
58256,112,109,3,3
58257,43,62,-19,19
58258,122,110,12,12
58259,62,112,-50,50
58260,57,61,-4,4
58261,94,106,-12,12
58262,92,93,-1,1
58263,113,120,-7,7
58264,125,120,5,5
58265,98,101,-3,3
58266,58,66,-8,8
58267,110,105,5,5
58268,69,73,-4,4
58269,57,66,-9,9
58270,54,62,-8,8
58271,69,66,3,3
58272,84,99,-15,15
58273,81,98,-17,17
58274,72,80,-8,8
58275,120,118,2,2
58276,59,64,-5,5
58277,121,114,7,7
58278,54,62,-8,8
58279,62,63,-1,1
58280,83,76,7,7
58281,85,79,6,6
58282,102,106,-4,4
58283,109,102,7,7
58284,128,134,-6,6
58285,128,113,15,15
58286,155,125,30,30
58287,75,76,-1,1
58288,44,60,-16,16
58289,106,109,-3,3
58290,122,110,12,12
58291,99,95,4,4
58292,76,77,-1,1
58293,93,91,2,2
58294,59,63,-4,4
58295,115,105,10,10
58296,147,135,12,12
58297,104,107,-3,3
58298,56,63,-7,7
58299,119,111,8,8
58300,92,102,-10,10
58301,55,63,-8,8
58302,70,63,7,7
58303,79,88,-9,9
58304,106,104,2,2
58305,141,136,5,5
58306,142,135,7,7
58307,100,102,-2,2
58308,71,69,2,2
58309,37,62,-25,25
58310,58,62,-4,4
58311,107,112,-5,5
58312,104,103,1,1
58313,125,119,6,6
58314,95,125,-30,30
58315,164,151,13,13
58316,45,60,-15,15
58317,86,83,3,3
58318,101,98,3,3
58319,117,107,10,10
58320,85,104,-19,19
58321,60,63,-3,3
58322,141,145,-4,4
58323,101,104,-3,3
58324,113,101,12,12
58325,108,113,-5,5
58326,86,84,2,2
58327,121,112,9,9
58328,165,172,-7,7
58329,58,60,-2,2
58330,165,157,8,8
58331,99,102,-3,3
58332,77,85,-8,8
58333,120,114,6,6
58334,132,120,12,12
58335,138,119,19,19
58336,104,125,-21,21
58337,59,60,-1,1
58338,68,64,4,4
58339,76,80,-4,4
58340,81,86,-5,5
58341,126,118,8,8
58342,125,106,19,19
58343,39,59,-20,20
58344,103,103,0,0
58345,64,69,-5,5
58346,120,111,9,9
58347,53,61,-8,8
58348,81,75,6,6
58349,128,120,8,8
58350,75,75,0,0
58351,67,62,5,5
58352,158,138,20,20
58353,77,94,-17,17
58354,140,138,2,2
58355,75,85,-10,10
58356,114,116,-2,2
58357,82,77,5,5
58358,96,103,-7,7
58359,142,128,14,14
58360,84,97,-13,13
58361,84,66,18,18
58362,69,70,-1,1
58363,63,63,0,0
58364,83,91,-8,8
58365,136,133,3,3
58366,107,104,3,3
58367,95,99,-4,4
58368,157,138,19,19
58369,89,94,-5,5
58370,85,84,1,1
58371,102,103,-1,1
58372,103,108,-5,5
58373,88,86,2,2
58374,100,98,2,2
58375,69,66,3,3
58376,84,75,9,9
58377,32,63,-31,31
58378,52,61,-9,9
58379,156,144,12,12
58380,71,63,8,8
58381,114,121,-7,7
58382,83,91,-8,8
58383,81,83,-2,2
58384,164,160,4,4
58385,109,104,5,5
58386,89,99,-10,10
58387,125,115,10,10
58388,82,71,11,11
58389,73,76,-3,3
58390,117,134,-17,17
58391,69,71,-2,2
58392,98,98,0,0
58393,114,103,11,11
58394,86,90,-4,4
58395,112,102,10,10
58396,96,101,-5,5
58397,113,108,5,5
58398,86,98,-12,12
58399,130,122,8,8
58400,80,80,0,0
58401,134,128,6,6
58402,158,156,2,2
58403,59,62,-3,3
58404,55,60,-5,5
58405,87,94,-7,7
58406,42,63,-21,21
58407,76,71,5,5
58408,62,62,0,0
58409,119,116,3,3
58410,103,103,0,0
58411,172,168,4,4
58412,134,132,2,2
58413,68,66,2,2
58414,62,62,0,0
58415,57,64,-7,7
58416,147,135,12,12
58417,93,96,-3,3
58418,116,109,7,7
58419,161,150,11,11
58420,79,96,-17,17
58421,148,142,6,6
58422,118,115,3,3
58423,46,61,-15,15
58424,130,131,-1,1
58425,163,147,16,16
58426,56,62,-6,6
58427,74,67,7,7
58428,66,78,-12,12
58429,84,69,15,15
58430,76,89,-13,13
58431,88,84,4,4
58432,69,66,3,3
58433,60,63,-3,3
58434,75,73,2,2
58435,164,147,17,17
58436,71,82,-11,11
58437,125,105,20,20
58438,86,95,-9,9
58439,62,63,-1,1
58440,82,83,-1,1
58441,55,62,-7,7
58442,58,73,-15,15
58443,52,60,-8,8
58444,107,102,5,5
58445,82,95,-13,13
58446,118,120,-2,2
58447,104,100,4,4
58448,65,62,3,3
58449,148,155,-7,7
58450,104,111,-7,7
58451,189,170,19,19
58452,126,134,-8,8
58453,92,111,-19,19
58454,122,116,6,6
58455,75,75,0,0
58456,99,101,-2,2
58457,99,100,-1,1
58458,154,146,8,8
58459,89,99,-10,10
58460,145,141,4,4
58461,81,70,11,11
58462,146,155,-9,9
58463,171,163,8,8
58464,52,62,-10,10
58465,81,73,8,8
58466,102,101,1,1
58467,137,142,-5,5
58468,43,62,-19,19
58469,93,103,-10,10
58470,62,63,-1,1
58471,110,100,10,10
58472,78,72,6,6
58473,112,116,-4,4
58474,64,65,-1,1
58475,52,60,-8,8
58476,51,70,-19,19
58477,71,81,-10,10
58478,62,66,-4,4
58479,54,62,-8,8
58480,81,64,17,17
58481,156,131,25,25
58482,76,79,-3,3
58483,74,65,9,9
58484,63,68,-5,5
58485,59,61,-2,2
58486,45,61,-16,16
58487,127,109,18,18
58488,110,104,6,6
58489,68,68,0,0
58490,89,92,-3,3
58491,64,62,2,2
58492,116,118,-2,2
58493,68,73,-5,5
58494,211,205,6,6
58495,93,91,2,2
58496,79,79,0,0
58497,84,86,-2,2
58498,73,68,5,5
58499,82,78,4,4
58500,80,103,-23,23
58501,75,80,-5,5
58502,83,88,-5,5
58503,123,119,4,4
58504,52,59,-7,7
58505,133,125,8,8
58506,90,90,0,0
58507,70,68,2,2
58508,74,79,-5,5
58509,84,94,-10,10
58510,90,93,-3,3
58511,92,95,-3,3
58512,55,69,-14,14
58513,62,68,-6,6
58514,120,113,7,7
58515,84,86,-2,2
58516,83,74,9,9
58517,95,112,-17,17
58518,79,71,8,8
58519,89,95,-6,6
58520,149,138,11,11
58521,81,113,-32,32
58522,91,97,-6,6
58523,87,72,15,15
58524,76,77,-1,1
58525,45,61,-16,16
58526,226,218,8,8
58527,125,116,9,9
58528,148,155,-7,7
58529,60,62,-2,2
58530,134,129,5,5
58531,165,151,14,14
58532,129,119,10,10
58533,65,62,3,3
58534,89,90,-1,1
58535,95,102,-7,7
58536,83,85,-2,2
58537,79,77,2,2
58538,111,104,7,7
58539,83,82,1,1
58540,121,116,5,5
58541,97,99,-2,2
58542,114,111,3,3
58543,55,61,-6,6
58544,118,110,8,8
58545,95,110,-15,15
58546,80,83,-3,3
58547,112,114,-2,2
58548,127,118,9,9
58549,140,131,9,9
58550,100,168,-68,68
58551,50,62,-12,12
58552,130,122,8,8
58553,77,74,3,3
58554,86,95,-9,9
58555,117,102,15,15
58556,163,158,5,5
58557,78,79,-1,1
58558,118,113,5,5
58559,110,113,-3,3
58560,93,89,4,4
58561,76,95,-19,19
58562,71,64,7,7
58563,85,92,-7,7
58564,39,62,-23,23
58565,77,84,-7,7
58566,57,62,-5,5
58567,68,68,0,0
58568,74,72,2,2
58569,80,73,7,7
58570,86,94,-8,8
58571,55,61,-6,6
58572,129,114,15,15
58573,181,180,1,1
58574,71,69,2,2
58575,106,127,-21,21
58576,43,62,-19,19
58577,157,150,7,7
58578,68,68,0,0
58579,134,120,14,14
58580,137,142,-5,5
58581,71,71,0,0
58582,48,62,-14,14
58583,45,62,-17,17
58584,75,77,-2,2
58585,67,80,-13,13
58586,108,101,7,7
58587,81,78,3,3
58588,94,98,-4,4
58589,229,215,14,14
58590,58,65,-7,7
58591,75,75,0,0
58592,97,114,-17,17
58593,142,135,7,7
58594,196,158,38,38
58595,78,79,-1,1
58596,101,110,-9,9
58597,100,103,-3,3
58598,82,78,4,4
58599,100,101,-1,1
58600,81,89,-8,8
58601,81,94,-13,13
58602,106,153,-47,47
58603,74,66,8,8
58604,77,93,-16,16
58605,124,116,8,8
58606,35,61,-26,26
58607,76,81,-5,5
58608,106,103,3,3
58609,83,92,-9,9
58610,82,90,-8,8
58611,77,81,-4,4
58612,113,111,2,2
58613,86,83,3,3
58614,115,109,6,6
58615,98,97,1,1
58616,69,76,-7,7
58617,90,96,-6,6
58618,99,95,4,4
58619,59,69,-10,10
58620,109,101,8,8
58621,72,77,-5,5
58622,130,120,10,10
58623,118,116,2,2
58624,113,109,4,4
58625,98,99,-1,1
58626,102,97,5,5
58627,142,124,18,18
58628,95,102,-7,7
58629,89,94,-5,5
58630,45,63,-18,18
58631,35,63,-28,28
58632,54,61,-7,7
58633,102,92,10,10
58634,27,61,-34,34
58635,66,65,1,1
58636,35,62,-27,27
58637,115,107,8,8
58638,148,140,8,8
58639,98,94,4,4
58640,115,116,-1,1
58641,79,92,-13,13
58642,84,86,-2,2
58643,147,139,8,8
58644,79,71,8,8
58645,62,62,0,0
58646,95,86,9,9
58647,71,70,1,1
58648,66,68,-2,2
58649,84,90,-6,6
58650,142,127,15,15
58651,142,128,14,14
58652,91,96,-5,5
58653,102,105,-3,3
58654,105,134,-29,29
58655,66,63,3,3
58656,83,92,-9,9
58657,63,66,-3,3
58658,66,71,-5,5
58659,109,121,-12,12
58660,71,87,-16,16
58661,92,98,-6,6
58662,139,140,-1,1
58663,117,116,1,1
58664,120,115,5,5
58665,94,111,-17,17
58666,99,99,0,0
58667,58,62,-4,4
58668,129,134,-5,5
58669,66,78,-12,12
58670,126,110,16,16
58671,111,115,-4,4
58672,54,61,-7,7
58673,153,129,24,24
58674,82,88,-6,6
58675,56,63,-7,7
58676,59,65,-6,6
58677,146,142,4,4
58678,64,63,1,1
58679,56,62,-6,6
58680,60,58,2,2
58681,21,59,-38,38
58682,132,134,-2,2
58683,85,90,-5,5
58684,113,105,8,8
58685,81,87,-6,6
58686,110,110,0,0
58687,98,96,2,2
58688,86,94,-8,8
58689,102,100,2,2
58690,129,149,-20,20
58691,89,82,7,7
58692,121,122,-1,1
58693,104,102,2,2
58694,63,69,-6,6
58695,138,142,-4,4
58696,119,131,-12,12
58697,92,94,-2,2
58698,113,106,7,7
58699,97,99,-2,2
58700,162,146,16,16
58701,41,61,-20,20
58702,112,111,1,1
58703,124,116,8,8
58704,76,69,7,7
58705,116,116,0,0
58706,86,84,2,2
58707,69,62,7,7
58708,99,106,-7,7
58709,65,67,-2,2
58710,70,83,-13,13
58711,111,101,10,10
58712,79,74,5,5
58713,92,99,-7,7
58714,92,84,8,8
58715,126,120,6,6
58716,109,107,2,2
58717,65,71,-6,6
58718,79,71,8,8
58719,160,151,9,9
58720,75,83,-8,8
58721,95,93,2,2
58722,97,96,1,1
58723,102,118,-16,16
58724,75,71,4,4
58725,119,123,-4,4
58726,31,62,-31,31
58727,137,121,16,16
58728,99,109,-10,10
58729,135,125,10,10
58730,143,139,4,4
58731,128,124,4,4
58732,135,131,4,4
58733,56,62,-6,6
58734,79,72,7,7
58735,157,135,22,22
58736,103,114,-11,11
58737,147,136,11,11
58738,78,79,-1,1
58739,124,120,4,4
58740,57,65,-8,8
58741,63,83,-20,20
58742,79,83,-4,4
58743,87,96,-9,9
58744,105,99,6,6
58745,119,110,9,9
58746,41,62,-21,21
58747,62,66,-4,4
58748,148,149,-1,1
58749,113,108,5,5
58750,236,210,26,26
58751,49,61,-12,12
58752,78,87,-9,9
58753,105,107,-2,2
58754,136,127,9,9
58755,93,96,-3,3
58756,55,62,-7,7
58757,87,95,-8,8
58758,67,81,-14,14
58759,113,105,8,8
58760,52,62,-10,10
58761,102,140,-38,38
58762,149,130,19,19
58763,65,71,-6,6
58764,106,102,4,4
58765,88,89,-1,1
58766,175,152,23,23
58767,116,117,-1,1
58768,128,122,6,6
58769,86,90,-4,4
58770,154,154,0,0
58771,93,93,0,0
58772,65,99,-34,34
58773,119,117,2,2
58774,81,79,2,2
58775,93,134,-41,41
58776,77,82,-5,5
58777,144,116,28,28
58778,105,106,-1,1
58779,111,98,13,13
58780,143,127,16,16
58781,96,97,-1,1
58782,86,99,-13,13
58783,78,74,4,4
58784,136,127,9,9
58785,82,78,4,4
58786,91,92,-1,1
58787,83,91,-8,8
58788,106,111,-5,5
58789,94,97,-3,3
58790,99,105,-6,6
58791,78,69,9,9
58792,154,137,17,17
58793,77,65,12,12
58794,184,166,18,18
58795,192,173,19,19
58796,77,73,4,4
58797,105,109,-4,4
58798,62,67,-5,5
58799,103,102,1,1
58800,59,62,-3,3
58801,77,68,9,9
58802,155,151,4,4
58803,90,89,1,1
58804,98,120,-22,22
58805,93,94,-1,1
58806,132,127,5,5
58807,115,111,4,4
58808,67,64,3,3
58809,198,188,10,10
58810,90,84,6,6
58811,114,112,2,2
58812,108,108,0,0
58813,77,86,-9,9
58814,114,120,-6,6
58815,126,136,-10,10
58816,86,84,2,2
58817,67,69,-2,2
58818,108,104,4,4
58819,92,95,-3,3
58820,123,118,5,5
58821,96,103,-7,7
58822,64,62,2,2
58823,166,153,13,13
58824,218,219,-1,1
58825,89,94,-5,5
58826,76,90,-14,14
58827,69,68,1,1
58828,122,118,4,4
58829,115,115,0,0
58830,87,110,-23,23
58831,119,114,5,5
58832,95,93,2,2
58833,82,85,-3,3
58834,57,64,-7,7
58835,100,105,-5,5
58836,86,82,4,4
58837,101,94,7,7
58838,65,61,4,4
58839,106,104,2,2
58840,75,74,1,1
58841,142,128,14,14
58842,81,72,9,9
58843,77,83,-6,6
58844,59,64,-5,5
58845,130,115,15,15
58846,100,96,4,4
58847,92,100,-8,8
58848,55,64,-9,9
58849,101,126,-25,25
58850,66,62,4,4
58851,108,98,10,10
58852,83,87,-4,4
58853,69,66,3,3
58854,140,123,17,17
58855,87,85,2,2
58856,96,98,-2,2
58857,167,143,24,24
58858,72,69,3,3
58859,88,91,-3,3
58860,124,116,8,8
58861,91,99,-8,8
58862,51,61,-10,10
58863,87,70,17,17
58864,92,98,-6,6
58865,58,62,-4,4
58866,45,62,-17,17
58867,95,90,5,5
58868,134,119,15,15
58869,91,93,-2,2
58870,121,113,8,8
58871,51,61,-10,10
58872,58,59,-1,1
58873,48,59,-11,11
58874,75,78,-3,3
58875,46,62,-16,16
58876,56,63,-7,7
58877,87,87,0,0
58878,47,65,-18,18
58879,88,96,-8,8
58880,112,103,9,9
58881,56,64,-8,8
58882,104,103,1,1
58883,61,62,-1,1
58884,96,99,-3,3
58885,113,106,7,7
58886,66,64,2,2
58887,153,149,4,4
58888,115,120,-5,5
58889,100,104,-4,4
58890,73,69,4,4
58891,89,76,13,13
58892,101,107,-6,6
58893,82,95,-13,13
58894,89,100,-11,11
58895,94,100,-6,6
58896,93,91,2,2
58897,113,113,0,0
58898,129,119,10,10
58899,68,60,8,8
58900,68,60,8,8
58901,94,94,0,0
58902,157,144,13,13
58903,99,98,1,1
58904,54,61,-7,7
58905,123,113,10,10
58906,94,85,9,9
58907,183,172,11,11
58908,74,73,1,1
58909,59,62,-3,3
58910,173,155,18,18
58911,122,113,9,9
58912,75,72,3,3
58913,77,83,-6,6
58914,63,62,1,1
58915,90,98,-8,8
58916,56,64,-8,8
58917,82,82,0,0
58918,86,109,-23,23
58919,149,145,4,4
58920,108,102,6,6
58921,73,68,5,5
58922,67,71,-4,4
58923,93,97,-4,4
58924,55,60,-5,5
58925,108,113,-5,5
58926,118,130,-12,12
58927,30,61,-31,31
58928,70,57,13,13
58929,94,96,-2,2
58930,84,81,3,3
58931,77,70,7,7
58932,64,62,2,2
58933,103,105,-2,2
58934,93,115,-22,22
58935,91,86,5,5
58936,65,66,-1,1
58937,108,101,7,7
58938,117,106,11,11
58939,45,61,-16,16
58940,113,117,-4,4
58941,70,66,4,4
58942,75,98,-23,23
58943,79,77,2,2
58944,59,62,-3,3
58945,59,59,0,0
58946,42,61,-19,19
58947,96,92,4,4
58948,109,104,5,5
58949,95,105,-10,10
58950,126,127,-1,1
58951,89,94,-5,5
58952,99,102,-3,3
58953,145,142,3,3
58954,108,108,0,0
58955,84,86,-2,2
58956,82,90,-8,8
58957,171,153,18,18
58958,103,95,8,8
58959,118,111,7,7
58960,180,155,25,25
58961,61,62,-1,1
58962,163,145,18,18
58963,135,145,-10,10
58964,152,133,19,19
58965,109,97,12,12
58966,61,66,-5,5
58967,108,116,-8,8
58968,181,181,0,0
58969,104,110,-6,6
58970,105,101,4,4
58971,68,71,-3,3
58972,116,140,-24,24
58973,144,130,14,14
58974,85,88,-3,3
58975,141,148,-7,7
58976,152,150,2,2
58977,114,117,-3,3
58978,143,133,10,10
58979,155,142,13,13
58980,191,168,23,23
58981,102,96,6,6
58982,77,73,4,4
58983,97,102,-5,5
58984,85,96,-11,11
58985,82,83,-1,1
58986,83,78,5,5
58987,64,64,0,0
58988,135,129,6,6
58989,86,85,1,1
58990,59,61,-2,2
58991,71,62,9,9
58992,65,58,7,7
58993,134,125,9,9
58994,85,91,-6,6
58995,159,145,14,14
58996,145,144,1,1
58997,66,68,-2,2
58998,71,75,-4,4
58999,154,130,24,24
59000,159,160,-1,1
59001,50,61,-11,11
59002,95,102,-7,7
59003,81,75,6,6
59004,128,112,16,16
59005,79,76,3,3
59006,93,101,-8,8
59007,156,150,6,6
59008,107,121,-14,14
59009,48,61,-13,13
59010,49,62,-13,13
59011,52,130,-78,78
59012,43,60,-17,17
59013,166,151,15,15
59014,59,60,-1,1
59015,97,95,2,2
59016,143,151,-8,8
59017,107,115,-8,8
59018,122,116,6,6
59019,77,71,6,6
59020,77,81,-4,4
59021,52,61,-9,9
59022,70,73,-3,3
59023,93,94,-1,1
59024,93,108,-15,15
59025,110,116,-6,6
59026,53,62,-9,9
59027,67,63,4,4
59028,185,172,13,13
59029,90,79,11,11
59030,107,102,5,5
59031,148,146,2,2
59032,119,118,1,1
59033,95,107,-12,12
59034,112,100,12,12
59035,171,172,-1,1
59036,110,108,2,2
59037,76,89,-13,13
59038,99,94,5,5
59039,94,102,-8,8
59040,107,112,-5,5
59041,73,74,-1,1
59042,133,115,18,18
59043,70,79,-9,9
59044,80,68,12,12
59045,149,139,10,10
59046,78,62,16,16
59047,95,94,1,1
59048,79,90,-11,11
59049,42,61,-19,19
59050,73,66,7,7
59051,346,283,63,63
59052,70,54,16,16
59053,75,76,-1,1
59054,144,139,5,5
59055,63,61,2,2
59056,80,80,0,0
59057,124,108,16,16
59058,69,67,2,2
59059,99,97,2,2
59060,140,117,23,23
59061,117,112,5,5
59062,58,66,-8,8
59063,84,88,-4,4
59064,47,62,-15,15
59065,86,82,4,4
59066,52,60,-8,8
59067,77,87,-10,10
59068,69,69,0,0
59069,107,100,7,7
59070,118,107,11,11
59071,81,98,-17,17
59072,109,101,8,8
59073,97,104,-7,7
59074,85,89,-4,4
59075,81,76,5,5
59076,65,61,4,4
59077,101,111,-10,10
59078,90,102,-12,12
59079,68,75,-7,7
59080,59,61,-2,2
59081,97,98,-1,1
59082,104,102,2,2
59083,52,61,-9,9
59084,58,63,-5,5
59085,64,69,-5,5
59086,92,93,-1,1
59087,179,158,21,21
59088,112,104,8,8
59089,100,109,-9,9
59090,60,61,-1,1
59091,102,102,0,0
59092,111,103,8,8
59093,100,95,5,5
59094,80,74,6,6
59095,89,88,1,1
59096,124,128,-4,4
59097,70,69,1,1
59098,85,96,-11,11
59099,79,89,-10,10
59100,74,73,1,1
59101,66,93,-27,27
59102,75,81,-6,6
59103,83,90,-7,7
59104,65,71,-6,6
59105,119,121,-2,2
59106,102,103,-1,1
59107,81,89,-8,8
59108,77,81,-4,4
59109,81,80,1,1
59110,94,97,-3,3
59111,103,104,-1,1
59112,104,101,3,3
59113,118,105,13,13
59114,90,80,10,10
59115,71,74,-3,3
59116,114,108,6,6
59117,120,101,19,19
59118,85,83,2,2
59119,79,88,-9,9
59120,49,63,-14,14
59121,74,68,6,6
59122,99,98,1,1
59123,106,124,-18,18
59124,89,95,-6,6
59125,21,54,-33,33
59126,114,110,4,4
59127,90,103,-13,13
59128,129,123,6,6
59129,64,63,1,1
59130,44,62,-18,18
59131,150,129,21,21
59132,136,129,7,7
59133,119,120,-1,1
59134,68,72,-4,4
59135,87,98,-11,11
59136,66,71,-5,5
59137,103,104,-1,1
59138,117,113,4,4
59139,111,100,11,11
59140,112,91,21,21
59141,101,100,1,1
59142,143,140,3,3
59143,81,81,0,0
59144,180,154,26,26
59145,61,63,-2,2
59146,131,123,8,8
59147,70,70,0,0
59148,107,108,-1,1
59149,135,117,18,18
59150,92,91,1,1
59151,81,77,4,4
59152,108,105,3,3
59153,90,92,-2,2
59154,86,78,8,8
59155,127,116,11,11
59156,47,60,-13,13
59157,130,122,8,8
59158,84,94,-10,10
59159,79,77,2,2
59160,91,94,-3,3
59161,120,111,9,9
59162,80,83,-3,3
59163,59,64,-5,5
59164,81,94,-13,13
59165,143,140,3,3
59166,117,102,15,15
59167,143,137,6,6
59168,154,129,25,25
59169,57,63,-6,6
59170,69,66,3,3
59171,44,61,-17,17
59172,84,95,-11,11
59173,96,95,1,1
59174,80,79,1,1
59175,61,76,-15,15
59176,64,76,-12,12
59177,67,70,-3,3
59178,108,105,3,3
59179,87,92,-5,5
59180,87,100,-13,13
59181,112,99,13,13
59182,147,138,9,9
59183,143,136,7,7
59184,124,122,2,2
59185,160,141,19,19
59186,109,110,-1,1
59187,71,63,8,8
59188,138,127,11,11
59189,76,76,0,0
59190,96,91,5,5
59191,94,94,0,0
59192,44,62,-18,18
59193,83,93,-10,10
59194,49,61,-12,12
59195,75,91,-16,16
59196,104,111,-7,7
59197,75,75,0,0
59198,93,95,-2,2
59199,96,102,-6,6
59200,81,94,-13,13
59201,80,77,3,3
59202,97,89,8,8
59203,65,69,-4,4
59204,46,62,-16,16
59205,79,82,-3,3
59206,88,93,-5,5
59207,62,78,-16,16
59208,84,71,13,13
59209,70,67,3,3
59210,129,130,-1,1
59211,104,80,24,24
59212,116,118,-2,2
59213,126,117,9,9
59214,95,101,-6,6
59215,66,65,1,1
59216,81,80,1,1
59217,133,114,19,19
59218,95,100,-5,5
59219,151,133,18,18
59220,88,92,-4,4
59221,110,110,0,0
59222,69,64,5,5
59223,106,100,6,6
59224,64,63,1,1
59225,126,110,16,16
59226,41,63,-22,22
59227,97,98,-1,1
59228,46,88,-42,42
59229,52,67,-15,15
59230,66,62,4,4
59231,81,77,4,4
59232,81,89,-8,8
59233,85,87,-2,2
59234,35,61,-26,26
59235,118,110,8,8
59236,94,94,0,0
59237,92,103,-11,11
59238,55,61,-6,6
59239,99,99,0,0
59240,68,69,-1,1
59241,56,60,-4,4
59242,97,104,-7,7
59243,110,113,-3,3
59244,152,136,16,16
59245,40,62,-22,22
59246,52,62,-10,10
59247,169,167,2,2
59248,160,141,19,19
59249,78,69,9,9
59250,77,92,-15,15
59251,40,62,-22,22
59252,93,112,-19,19
59253,115,106,9,9
59254,108,112,-4,4
59255,69,69,0,0
59256,126,148,-22,22
59257,133,139,-6,6
59258,116,113,3,3
59259,76,103,-27,27
59260,42,61,-19,19
59261,74,81,-7,7
59262,145,137,8,8
59263,72,65,7,7
59264,103,110,-7,7
59265,67,69,-2,2
59266,139,121,18,18
59267,93,95,-2,2
59268,112,106,6,6
59269,176,164,12,12
59270,70,66,4,4
59271,158,144,14,14
59272,71,67,4,4
59273,47,62,-15,15
59274,93,87,6,6
59275,57,65,-8,8
59276,75,67,8,8
59277,62,73,-11,11
59278,104,119,-15,15
59279,143,137,6,6
59280,83,81,2,2
59281,75,68,7,7
59282,92,95,-3,3
59283,60,92,-32,32
59284,117,111,6,6
59285,64,66,-2,2
59286,61,62,-1,1
59287,87,73,14,14
59288,175,172,3,3
59289,58,70,-12,12
59290,77,66,11,11
59291,96,80,16,16
59292,120,124,-4,4
59293,176,156,20,20
59294,132,125,7,7
59295,67,67,0,0
59296,73,75,-2,2
59297,120,139,-19,19
59298,71,70,1,1
59299,63,63,0,0
59300,74,65,9,9
59301,35,58,-23,23
59302,129,117,12,12
59303,132,131,1,1
59304,75,80,-5,5
59305,122,113,9,9
59306,89,85,4,4
59307,90,86,4,4
59308,71,70,1,1
59309,92,85,7,7
59310,184,161,23,23
59311,59,88,-29,29
59312,90,97,-7,7
59313,100,118,-18,18
59314,83,77,6,6
59315,83,88,-5,5
59316,78,84,-6,6
59317,106,106,0,0
59318,107,108,-1,1
59319,45,62,-17,17
59320,82,90,-8,8
59321,85,97,-12,12
59322,109,93,16,16
59323,70,74,-4,4
59324,70,75,-5,5
59325,109,110,-1,1
59326,62,64,-2,2
59327,63,73,-10,10
59328,67,73,-6,6
59329,38,61,-23,23
59330,45,61,-16,16
59331,111,103,8,8
59332,99,112,-13,13
59333,52,61,-9,9
59334,93,95,-2,2
59335,103,114,-11,11
59336,86,90,-4,4
59337,69,67,2,2
59338,52,77,-25,25
59339,215,180,35,35
59340,90,91,-1,1
59341,54,62,-8,8
59342,110,107,3,3
59343,97,92,5,5
59344,150,123,27,27
59345,142,130,12,12
59346,57,69,-12,12
59347,116,111,5,5
59348,177,157,20,20
59349,109,108,1,1
59350,78,75,3,3
59351,79,85,-6,6
59352,51,62,-11,11
59353,80,90,-10,10
59354,99,108,-9,9
59355,49,61,-12,12
59356,153,152,1,1
59357,174,161,13,13
59358,100,99,1,1
59359,147,130,17,17
59360,75,93,-18,18
59361,138,124,14,14
59362,78,70,8,8
59363,77,89,-12,12
59364,93,90,3,3
59365,148,132,16,16
59366,176,154,22,22
59367,74,67,7,7
59368,178,179,-1,1
59369,107,113,-6,6
59370,103,98,5,5
59371,125,117,8,8
59372,119,111,8,8
59373,98,99,-1,1
59374,69,63,6,6
59375,72,67,5,5
59376,81,105,-24,24
59377,54,62,-8,8
59378,110,110,0,0
59379,84,89,-5,5
59380,148,140,8,8
59381,61,61,0,0
59382,94,102,-8,8
59383,79,96,-17,17
59384,77,74,3,3
59385,83,86,-3,3
59386,102,92,10,10
59387,99,98,1,1
59388,104,101,3,3
59389,128,134,-6,6
59390,73,81,-8,8
59391,85,85,0,0
59392,123,131,-8,8
59393,87,99,-12,12
59394,135,122,13,13
59395,71,67,4,4
59396,81,98,-17,17
59397,64,61,3,3
59398,71,66,5,5
59399,105,103,2,2
59400,59,62,-3,3
59401,140,130,10,10
59402,161,152,9,9
59403,100,95,5,5
59404,89,93,-4,4
59405,64,68,-4,4
59406,154,147,7,7
59407,167,131,36,36
59408,178,158,20,20
59409,88,77,11,11
59410,79,101,-22,22
59411,72,82,-10,10
59412,85,88,-3,3
59413,92,95,-3,3
59414,71,79,-8,8
59415,60,69,-9,9
59416,66,62,4,4
59417,95,89,6,6
59418,82,80,2,2
59419,82,93,-11,11
59420,91,81,10,10
59421,121,114,7,7
59422,78,74,4,4
59423,148,140,8,8
59424,95,97,-2,2
59425,138,136,2,2
59426,61,67,-6,6
59427,66,66,0,0
59428,83,80,3,3
59429,61,67,-6,6
59430,60,60,0,0
59431,56,58,-2,2
59432,127,122,5,5
59433,62,62,0,0
59434,133,131,2,2
59435,79,70,9,9
59436,123,106,17,17
59437,53,62,-9,9
59438,79,77,2,2
59439,126,112,14,14
59440,117,128,-11,11
59441,136,126,10,10
59442,81,104,-23,23
59443,105,125,-20,20
59444,118,122,-4,4
59445,66,68,-2,2
59446,59,57,2,2
59447,129,125,4,4
59448,93,102,-9,9
59449,87,93,-6,6
59450,45,62,-17,17
59451,64,62,2,2
59452,121,121,0,0
59453,168,146,22,22
59454,81,72,9,9
59455,99,95,4,4
59456,117,103,14,14
59457,95,86,9,9
59458,66,67,-1,1
59459,122,114,8,8
59460,112,119,-7,7
59461,71,85,-14,14
59462,172,169,3,3
59463,108,102,6,6
59464,85,88,-3,3
59465,130,121,9,9
59466,64,62,2,2
59467,74,78,-4,4
59468,63,62,1,1
59469,145,139,6,6
59470,95,100,-5,5
59471,138,136,2,2
59472,105,107,-2,2
59473,51,60,-9,9
59474,109,115,-6,6
59475,91,108,-17,17
59476,70,60,10,10
59477,129,121,8,8
59478,106,95,11,11
59479,82,78,4,4
59480,54,60,-6,6
59481,151,152,-1,1
59482,120,112,8,8
59483,151,143,8,8
59484,96,105,-9,9
59485,62,64,-2,2
59486,165,151,14,14
59487,138,123,15,15
59488,128,123,5,5
59489,80,68,12,12
59490,94,100,-6,6
59491,86,96,-10,10
59492,130,121,9,9
59493,154,142,12,12
59494,81,89,-8,8
59495,152,143,9,9
59496,52,64,-12,12
59497,65,63,2,2
59498,109,95,14,14
59499,72,68,4,4
59500,103,99,4,4
59501,112,99,13,13
59502,65,71,-6,6
59503,77,90,-13,13
59504,189,187,2,2
59505,178,164,14,14
59506,48,63,-15,15
59507,145,134,11,11
59508,47,61,-14,14
59509,146,135,11,11
59510,118,115,3,3
59511,78,82,-4,4
59512,93,114,-21,21
59513,72,70,2,2
59514,86,93,-7,7
59515,118,108,10,10
59516,87,90,-3,3
59517,42,63,-21,21
59518,87,98,-11,11
59519,87,93,-6,6
59520,159,148,11,11
59521,96,98,-2,2
59522,50,62,-12,12
59523,76,96,-20,20
59524,111,116,-5,5
59525,140,129,11,11
59526,133,120,13,13
59527,89,102,-13,13
59528,94,103,-9,9
59529,60,62,-2,2
59530,67,69,-2,2
59531,166,141,25,25
59532,74,87,-13,13
59533,88,93,-5,5
59534,113,107,6,6
59535,114,111,3,3
59536,98,92,6,6
59537,52,60,-8,8
59538,109,106,3,3
59539,51,63,-12,12
59540,92,93,-1,1
59541,79,82,-3,3
59542,65,66,-1,1
59543,80,88,-8,8
59544,130,117,13,13
59545,90,98,-8,8
59546,108,98,10,10
59547,84,95,-11,11
59548,160,149,11,11
59549,53,60,-7,7
59550,62,70,-8,8
59551,65,79,-14,14
59552,65,67,-2,2
59553,61,61,0,0
59554,35,62,-27,27
59555,113,109,4,4
59556,69,75,-6,6
59557,56,61,-5,5
59558,103,116,-13,13
59559,76,69,7,7
59560,106,113,-7,7
59561,157,148,9,9
59562,150,146,4,4
59563,79,78,1,1
59564,94,97,-3,3
59565,59,63,-4,4
59566,135,151,-16,16
59567,91,102,-11,11
59568,129,122,7,7
59569,80,90,-10,10
59570,58,63,-5,5
59571,96,88,8,8
59572,160,156,4,4
59573,80,73,7,7
59574,55,60,-5,5
59575,101,97,4,4
59576,85,85,0,0
59577,68,70,-2,2
59578,95,111,-16,16
59579,110,109,1,1
59580,75,70,5,5
59581,73,81,-8,8
59582,90,99,-9,9
59583,78,84,-6,6
59584,148,134,14,14
59585,94,94,0,0
59586,64,67,-3,3
59587,186,158,28,28
59588,40,61,-21,21
59589,74,84,-10,10
59590,140,129,11,11
59591,103,100,3,3
59592,179,144,35,35
59593,209,168,41,41
59594,114,114,0,0
59595,44,63,-19,19
59596,84,80,4,4
59597,55,62,-7,7
59598,150,139,11,11
59599,64,63,1,1
59600,61,68,-7,7
59601,89,95,-6,6
59602,129,112,17,17
59603,61,64,-3,3
59604,125,109,16,16
59605,129,124,5,5
59606,94,98,-4,4
59607,86,78,8,8
59608,124,123,1,1
59609,45,71,-26,26
59610,131,117,14,14
59611,89,88,1,1
59612,140,139,1,1
59613,85,94,-9,9
59614,178,176,2,2
59615,120,121,-1,1
59616,135,121,14,14
59617,72,66,6,6
59618,45,63,-18,18
59619,63,64,-1,1
59620,62,73,-11,11
59621,87,91,-4,4
59622,165,164,1,1
59623,107,124,-17,17
59624,69,83,-14,14
59625,94,96,-2,2
59626,58,63,-5,5
59627,105,102,3,3
59628,115,111,4,4
59629,92,91,1,1
59630,80,76,4,4
59631,154,166,-12,12
59632,61,62,-1,1
59633,115,115,0,0
59634,52,62,-10,10
59635,69,67,2,2
59636,58,63,-5,5
59637,92,98,-6,6
59638,56,63,-7,7
59639,94,115,-21,21
59640,70,70,0,0
59641,126,102,24,24
59642,77,78,-1,1
59643,77,74,3,3
59644,160,155,5,5
59645,69,67,2,2
59646,73,70,3,3
59647,72,74,-2,2
59648,72,69,3,3
59649,124,134,-10,10
59650,78,76,2,2
59651,81,81,0,0
59652,156,145,11,11
59653,67,60,7,7
59654,118,115,3,3
59655,79,73,6,6
59656,81,75,6,6
59657,87,81,6,6
59658,57,69,-12,12
59659,70,224,-154,154
59660,147,143,4,4
59661,141,128,13,13
59662,42,65,-23,23
59663,89,97,-8,8
59664,94,99,-5,5
59665,103,104,-1,1
59666,100,103,-3,3
59667,56,62,-6,6
59668,85,95,-10,10
59669,77,74,3,3
59670,89,92,-3,3
59671,125,134,-9,9
59672,41,59,-18,18
59673,135,116,19,19
59674,70,88,-18,18
59675,51,61,-10,10
59676,86,97,-11,11
59677,100,100,0,0
59678,103,111,-8,8
59679,62,63,-1,1
59680,153,132,21,21
59681,173,158,15,15
59682,137,147,-10,10
59683,107,98,9,9
59684,161,142,19,19
59685,139,140,-1,1
59686,62,61,1,1
59687,71,63,8,8
59688,104,126,-22,22
59689,115,111,4,4
59690,144,139,5,5
59691,76,77,-1,1
59692,168,153,15,15
59693,76,72,4,4
59694,78,87,-9,9
59695,94,120,-26,26
59696,92,92,0,0
59697,96,92,4,4
59698,131,119,12,12
59699,93,99,-6,6
59700,93,85,8,8
59701,60,66,-6,6
59702,78,65,13,13
59703,72,83,-11,11
59704,141,120,21,21
59705,116,108,8,8
59706,83,95,-12,12
59707,78,87,-9,9
59708,79,87,-8,8
59709,113,114,-1,1
59710,46,63,-17,17
59711,93,99,-6,6
59712,99,92,7,7
59713,103,115,-12,12
59714,98,90,8,8
59715,113,107,6,6
59716,121,136,-15,15
59717,58,61,-3,3
59718,92,94,-2,2
59719,89,98,-9,9
59720,99,102,-3,3
59721,89,92,-3,3
59722,79,85,-6,6
59723,138,127,11,11
59724,79,80,-1,1
59725,73,77,-4,4
59726,88,85,3,3
59727,73,90,-17,17
59728,95,103,-8,8
59729,104,107,-3,3
59730,77,70,7,7
59731,54,63,-9,9
59732,128,121,7,7
59733,88,96,-8,8
59734,89,93,-4,4
59735,100,105,-5,5
59736,132,127,5,5
59737,73,78,-5,5
59738,69,72,-3,3
59739,88,79,9,9
59740,127,123,4,4
59741,135,132,3,3
59742,71,70,1,1
59743,133,126,7,7
59744,98,99,-1,1
59745,96,86,10,10
59746,121,115,6,6
59747,110,101,9,9
59748,63,65,-2,2
59749,149,141,8,8
59750,75,95,-20,20
59751,61,70,-9,9
59752,203,173,30,30
59753,106,107,-1,1
59754,90,95,-5,5
59755,111,98,13,13
59756,98,94,4,4
59757,70,90,-20,20
59758,77,69,8,8
59759,65,68,-3,3
59760,110,110,0,0
59761,82,98,-16,16
59762,135,125,10,10
59763,133,127,6,6
59764,93,94,-1,1
59765,96,106,-10,10
59766,83,91,-8,8
59767,83,85,-2,2
59768,114,106,8,8
59769,169,173,-4,4
59770,83,82,1,1
59771,87,90,-3,3
59772,80,105,-25,25
59773,64,70,-6,6
59774,185,163,22,22
59775,110,102,8,8
59776,109,101,8,8
59777,52,61,-9,9
59778,103,105,-2,2
59779,34,62,-28,28
59780,69,117,-48,48
59781,154,146,8,8
59782,149,138,11,11
59783,81,80,1,1
59784,81,83,-2,2
59785,68,68,0,0
59786,93,85,8,8
59787,57,59,-2,2
59788,129,123,6,6
59789,98,108,-10,10
59790,117,123,-6,6
59791,76,88,-12,12
59792,36,63,-27,27
59793,130,127,3,3
59794,81,85,-4,4
59795,72,80,-8,8
59796,76,83,-7,7
59797,63,66,-3,3
59798,97,98,-1,1
59799,61,69,-8,8
59800,85,89,-4,4
59801,110,133,-23,23
59802,85,88,-3,3
59803,77,96,-19,19
59804,127,117,10,10
59805,49,62,-13,13
59806,85,82,3,3
59807,83,95,-12,12
59808,132,135,-3,3
59809,136,134,2,2
59810,73,66,7,7
59811,71,73,-2,2
59812,79,73,6,6
59813,88,97,-9,9
59814,70,125,-55,55
59815,75,69,6,6
59816,46,62,-16,16
59817,101,97,4,4
59818,128,138,-10,10
59819,92,90,2,2
59820,149,131,18,18
59821,122,125,-3,3
59822,79,99,-20,20
59823,48,81,-33,33
59824,101,102,-1,1
59825,94,95,-1,1
59826,125,131,-6,6
59827,91,101,-10,10
59828,78,81,-3,3
59829,121,114,7,7
59830,166,142,24,24
59831,96,95,1,1
59832,124,149,-25,25
59833,159,141,18,18
59834,66,68,-2,2
59835,82,79,3,3
59836,75,77,-2,2
59837,59,60,-1,1
59838,85,87,-2,2
59839,99,90,9,9
59840,148,135,13,13
59841,109,102,7,7
59842,81,82,-1,1
59843,99,95,4,4
59844,47,62,-15,15
59845,78,78,0,0
59846,85,86,-1,1
59847,76,90,-14,14
59848,54,59,-5,5
59849,106,114,-8,8
59850,83,78,5,5
59851,66,64,2,2
59852,47,61,-14,14
59853,60,66,-6,6
59854,109,107,2,2
59855,122,116,6,6
59856,92,92,0,0
59857,102,94,8,8
59858,130,137,-7,7
59859,104,100,4,4
59860,106,95,11,11
59861,74,76,-2,2
59862,149,143,6,6
59863,46,60,-14,14
59864,55,61,-6,6
59865,81,85,-4,4
59866,86,94,-8,8
59867,159,145,14,14
59868,49,60,-11,11
59869,76,84,-8,8
59870,109,110,-1,1
59871,88,78,10,10
59872,66,69,-3,3
59873,95,100,-5,5
59874,123,113,10,10
59875,49,63,-14,14
59876,60,61,-1,1
59877,140,132,8,8
59878,72,65,7,7
59879,103,110,-7,7
59880,88,122,-34,34
59881,94,95,-1,1
59882,97,93,4,4
59883,112,108,4,4
59884,37,62,-25,25
59885,70,76,-6,6
59886,217,204,13,13
59887,159,148,11,11
59888,86,90,-4,4
59889,116,118,-2,2
59890,76,69,7,7
59891,159,143,16,16
59892,102,97,5,5
59893,72,72,0,0
59894,102,104,-2,2
59895,94,86,8,8
59896,56,60,-4,4
59897,136,139,-3,3
59898,78,76,2,2
59899,75,83,-8,8
59900,138,134,4,4
59901,79,77,2,2
59902,89,95,-6,6
59903,63,72,-9,9
59904,59,62,-3,3
59905,127,128,-1,1
59906,100,94,6,6
59907,60,62,-2,2
59908,100,99,1,1
59909,108,97,11,11
59910,152,140,12,12
59911,118,117,1,1
59912,81,88,-7,7
59913,49,60,-11,11
59914,90,89,1,1
59915,97,94,3,3
59916,90,86,4,4
59917,138,131,7,7
59918,116,126,-10,10
59919,86,95,-9,9
59920,106,95,11,11
59921,155,137,18,18
59922,100,97,3,3
59923,66,66,0,0
59924,84,87,-3,3
59925,103,101,2,2
59926,56,65,-9,9
59927,100,94,6,6
59928,93,93,0,0
59929,135,133,2,2
59930,32,62,-30,30
59931,93,105,-12,12
59932,107,131,-24,24
59933,62,66,-4,4
59934,59,62,-3,3
59935,91,94,-3,3
59936,75,86,-11,11
59937,73,68,5,5
59938,96,100,-4,4
59939,115,115,0,0
59940,63,65,-2,2
59941,85,95,-10,10
59942,72,87,-15,15
59943,158,170,-12,12
59944,91,90,1,1
59945,69,74,-5,5
59946,89,114,-25,25
59947,74,72,2,2
59948,104,309,-205,205
59949,49,61,-12,12
59950,99,99,0,0
59951,127,119,8,8
59952,73,83,-10,10
59953,49,63,-14,14
59954,87,91,-4,4
59955,157,143,14,14
59956,80,93,-13,13
59957,144,120,24,24
59958,83,96,-13,13
59959,131,132,-1,1
59960,95,102,-7,7
59961,141,138,3,3
59962,89,103,-14,14
59963,59,63,-4,4
59964,86,82,4,4
59965,118,114,4,4
59966,78,85,-7,7
59967,148,133,15,15
59968,59,62,-3,3
59969,104,108,-4,4
59970,85,82,3,3
59971,103,108,-5,5
59972,236,199,37,37
59973,66,88,-22,22
59974,50,65,-15,15
59975,77,68,9,9
59976,114,98,16,16
59977,85,83,2,2
59978,88,91,-3,3
59979,74,69,5,5
59980,71,73,-2,2
59981,155,146,9,9
59982,62,67,-5,5
59983,100,94,6,6
59984,82,93,-11,11
59985,113,109,4,4
59986,104,119,-15,15
59987,104,104,0,0
59988,105,125,-20,20
59989,153,140,13,13
59990,76,73,3,3
59991,85,75,10,10
59992,119,124,-5,5
59993,106,96,10,10
59994,73,86,-13,13
59995,137,129,8,8
59996,79,74,5,5
59997,186,173,13,13
59998,63,67,-4,4
59999,93,92,1,1
60000,126,137,-11,11
60001,70,65,5,5
60002,128,113,15,15
60003,61,62,-1,1
60004,83,79,4,4
60005,108,102,6,6
60006,87,99,-12,12
60007,97,101,-4,4
60008,62,65,-3,3
60009,129,122,7,7
60010,124,110,14,14
60011,63,65,-2,2
60012,138,129,9,9
60013,53,62,-9,9
60014,76,65,11,11
60015,138,137,1,1
60016,123,129,-6,6
60017,57,62,-5,5
60018,83,85,-2,2
60019,96,101,-5,5
60020,119,126,-7,7
60021,72,71,1,1
60022,78,67,11,11
60023,106,99,7,7
60024,83,76,7,7
60025,71,65,6,6
60026,205,174,31,31
60027,59,63,-4,4
60028,57,62,-5,5
60029,90,97,-7,7
60030,34,71,-37,37
60031,215,174,41,41
60032,85,91,-6,6
60033,158,154,4,4
60034,136,122,14,14
60035,55,60,-5,5
60036,119,113,6,6
60037,109,141,-32,32
60038,57,63,-6,6
60039,92,87,5,5
60040,99,100,-1,1
60041,95,95,0,0
60042,74,65,9,9
60043,84,84,0,0
60044,107,106,1,1
60045,78,75,3,3
60046,64,65,-1,1
60047,66,78,-12,12
60048,88,86,2,2
60049,135,116,19,19
60050,139,126,13,13
60051,126,146,-20,20
60052,82,90,-8,8
60053,70,64,6,6
60054,81,90,-9,9
60055,60,61,-1,1
60056,56,61,-5,5
60057,131,125,6,6
60058,59,63,-4,4
60059,83,73,10,10
60060,145,140,5,5
60061,86,91,-5,5
60062,102,104,-2,2
60063,77,79,-2,2
60064,136,119,17,17
60065,68,71,-3,3
60066,81,75,6,6
60067,82,74,8,8
60068,85,86,-1,1
60069,121,119,2,2
60070,69,66,3,3
60071,56,60,-4,4
60072,170,152,18,18
60073,123,123,0,0
60074,71,66,5,5
60075,77,83,-6,6
60076,140,128,12,12
60077,141,136,5,5
60078,98,97,1,1
60079,93,87,6,6
60080,69,83,-14,14
60081,104,105,-1,1
60082,53,62,-9,9
60083,75,83,-8,8
60084,120,114,6,6
60085,86,100,-14,14
60086,98,96,2,2
60087,84,92,-8,8
60088,88,102,-14,14
60089,113,111,2,2
60090,74,75,-1,1
60091,91,89,2,2
60092,149,132,17,17
60093,82,84,-2,2
60094,84,80,4,4
60095,195,184,11,11
60096,117,121,-4,4
60097,120,119,1,1
60098,180,162,18,18
60099,80,94,-14,14
60100,122,117,5,5
60101,135,128,7,7
60102,159,155,4,4
60103,107,112,-5,5
60104,76,88,-12,12
60105,85,87,-2,2
60106,87,80,7,7
60107,88,85,3,3
60108,41,61,-20,20
60109,78,72,6,6
60110,61,63,-2,2
60111,87,89,-2,2
60112,129,115,14,14
60113,84,89,-5,5
60114,142,130,12,12
60115,126,124,2,2
60116,89,90,-1,1
60117,74,67,7,7
60118,51,61,-10,10
60119,141,124,17,17
60120,83,78,5,5
60121,120,151,-31,31
60122,144,133,11,11
60123,67,80,-13,13
60124,82,90,-8,8
60125,67,72,-5,5
60126,85,84,1,1
60127,62,60,2,2
60128,106,105,1,1
60129,59,63,-4,4
60130,73,68,5,5
60131,145,137,8,8
60132,65,62,3,3
60133,72,69,3,3
60134,118,108,10,10
60135,105,116,-11,11
60136,71,69,2,2
60137,96,98,-2,2
60138,111,105,6,6
60139,73,94,-21,21
60140,88,84,4,4
60141,210,193,17,17
60142,104,99,5,5
60143,76,69,7,7
60144,43,62,-19,19
60145,110,106,4,4
60146,93,90,3,3
60147,114,110,4,4
60148,190,181,9,9
60149,87,92,-5,5
60150,85,74,11,11
60151,95,99,-4,4
60152,97,112,-15,15
60153,58,63,-5,5
60154,126,131,-5,5
60155,145,125,20,20
60156,61,65,-4,4
60157,113,98,15,15
60158,42,62,-20,20
60159,108,101,7,7
60160,93,86,7,7
60161,157,151,6,6
60162,75,74,1,1
60163,59,65,-6,6
60164,101,95,6,6
60165,83,77,6,6
60166,95,98,-3,3
60167,100,99,1,1
60168,69,67,2,2
60169,108,111,-3,3
60170,79,70,9,9
60171,105,103,2,2
60172,98,111,-13,13
60173,123,127,-4,4
60174,103,101,2,2
60175,158,147,11,11
60176,98,98,0,0
60177,128,123,5,5
60178,54,60,-6,6
60179,54,63,-9,9
60180,86,92,-6,6
60181,119,115,4,4
60182,67,63,4,4
60183,114,111,3,3
60184,104,101,3,3
60185,81,88,-7,7
60186,84,82,2,2
60187,86,85,1,1
60188,93,98,-5,5
60189,75,69,6,6
60190,69,68,1,1
60191,96,92,4,4
60192,117,116,1,1
60193,164,149,15,15
60194,121,113,8,8
60195,93,92,1,1
60196,91,91,0,0
60197,144,138,6,6
60198,101,102,-1,1
60199,135,132,3,3
60200,102,104,-2,2
60201,83,90,-7,7
60202,88,80,8,8
60203,101,106,-5,5
60204,102,106,-4,4
60205,102,108,-6,6
60206,105,99,6,6
60207,99,105,-6,6
60208,151,137,14,14
60209,67,70,-3,3
60210,164,133,31,31
60211,85,88,-3,3
60212,89,97,-8,8
60213,59,62,-3,3
60214,94,86,8,8
60215,123,118,5,5
60216,79,104,-25,25
60217,74,75,-1,1
60218,176,162,14,14
60219,59,66,-7,7
60220,100,104,-4,4
60221,123,120,3,3
60222,104,105,-1,1
60223,145,144,1,1
60224,97,102,-5,5
60225,175,158,17,17
60226,63,63,0,0
60227,124,125,-1,1
60228,68,65,3,3
60229,139,123,16,16
60230,78,69,9,9
60231,79,80,-1,1
60232,48,63,-15,15
60233,141,139,2,2
60234,136,120,16,16
60235,123,127,-4,4
60236,85,90,-5,5
60237,128,118,10,10
60238,97,92,5,5
60239,63,65,-2,2
60240,141,143,-2,2
60241,87,90,-3,3
60242,93,104,-11,11
60243,54,62,-8,8
60244,133,115,18,18
60245,50,62,-12,12
60246,71,69,2,2
60247,75,70,5,5
60248,165,156,9,9
60249,64,63,1,1
60250,95,89,6,6
60251,65,63,2,2
60252,106,101,5,5
60253,91,78,13,13
60254,70,82,-12,12
60255,124,119,5,5
60256,48,62,-14,14
60257,74,71,3,3
60258,64,61,3,3
60259,104,103,1,1
60260,82,84,-2,2
60261,82,85,-3,3
60262,147,145,2,2
60263,123,106,17,17
60264,81,89,-8,8
60265,146,148,-2,2
60266,88,94,-6,6
60267,78,83,-5,5
60268,118,120,-2,2
60269,160,153,7,7
60270,176,159,17,17
60271,133,114,19,19
60272,122,118,4,4
60273,74,78,-4,4
60274,75,76,-1,1
60275,116,118,-2,2
60276,116,112,4,4
60277,126,118,8,8
60278,53,60,-7,7
60279,58,86,-28,28
60280,169,157,12,12
60281,100,109,-9,9
60282,56,60,-4,4
60283,63,69,-6,6
60284,58,62,-4,4
60285,56,65,-9,9
60286,131,139,-8,8
60287,74,67,7,7
60288,143,129,14,14
60289,127,131,-4,4
60290,98,99,-1,1
60291,60,61,-1,1
60292,65,98,-33,33
60293,76,66,10,10
60294,72,71,1,1
60295,83,84,-1,1
60296,41,63,-22,22
60297,91,84,7,7
60298,125,124,1,1
60299,119,124,-5,5
60300,92,79,13,13
60301,100,113,-13,13
60302,125,118,7,7
60303,95,106,-11,11
60304,108,105,3,3
60305,118,113,5,5
60306,124,132,-8,8
60307,31,61,-30,30
60308,175,169,6,6
60309,122,117,5,5
60310,117,125,-8,8
60311,30,62,-32,32
60312,184,159,25,25
60313,93,93,0,0
60314,98,98,0,0
60315,82,85,-3,3
60316,91,100,-9,9
60317,67,79,-12,12
60318,103,87,16,16
60319,127,130,-3,3
60320,64,65,-1,1
60321,70,82,-12,12
60322,68,69,-1,1
60323,87,105,-18,18
60324,103,106,-3,3
60325,91,102,-11,11
60326,77,68,9,9
60327,70,61,9,9
60328,90,95,-5,5
60329,64,65,-1,1
60330,53,61,-8,8
60331,87,80,7,7
60332,112,103,9,9
60333,91,87,4,4
60334,132,128,4,4
60335,116,114,2,2
60336,99,104,-5,5
60337,80,78,2,2
60338,125,123,2,2
60339,83,79,4,4
60340,123,127,-4,4
60341,126,116,10,10
60342,114,114,0,0
60343,139,127,12,12
60344,135,139,-4,4
60345,61,60,1,1
60346,70,71,-1,1
60347,112,107,5,5
60348,79,80,-1,1
60349,58,66,-8,8
60350,131,137,-6,6
60351,154,140,14,14
60352,85,92,-7,7
60353,116,104,12,12
60354,71,76,-5,5
60355,62,72,-10,10
60356,72,78,-6,6
60357,137,136,1,1
60358,152,146,6,6
60359,85,87,-2,2
60360,63,67,-4,4
60361,67,61,6,6
60362,108,114,-6,6
60363,120,123,-3,3
60364,103,101,2,2
60365,96,103,-7,7
60366,108,112,-4,4
60367,49,109,-60,60
60368,83,92,-9,9
60369,91,87,4,4
60370,112,106,6,6
60371,148,133,15,15
60372,110,117,-7,7
60373,90,92,-2,2
60374,71,62,9,9
60375,95,104,-9,9
60376,78,76,2,2
60377,102,112,-10,10
60378,99,95,4,4
60379,71,71,0,0
60380,103,105,-2,2
60381,75,74,1,1
60382,128,126,2,2
60383,37,62,-25,25
60384,82,78,4,4
60385,82,94,-12,12
60386,105,111,-6,6
60387,96,97,-1,1
60388,57,60,-3,3
60389,135,135,0,0
60390,87,86,1,1
60391,75,85,-10,10
60392,75,90,-15,15
60393,127,121,6,6
60394,105,109,-4,4
60395,61,62,-1,1
60396,66,96,-30,30
60397,140,130,10,10
60398,129,129,0,0
60399,150,133,17,17
60400,109,109,0,0
60401,115,124,-9,9
60402,118,112,6,6
60403,58,63,-5,5
60404,79,68,11,11
60405,28,59,-31,31
60406,173,149,24,24
60407,89,99,-10,10
60408,95,83,12,12
60409,71,80,-9,9
60410,87,94,-7,7
60411,77,70,7,7
60412,106,107,-1,1
60413,88,98,-10,10
60414,74,77,-3,3
60415,66,106,-40,40
60416,64,81,-17,17
60417,115,119,-4,4
60418,59,63,-4,4
60419,142,129,13,13
60420,73,65,8,8
60421,138,126,12,12
60422,110,108,2,2
60423,81,91,-10,10
60424,143,155,-12,12
60425,137,122,15,15
60426,177,160,17,17
60427,100,102,-2,2
60428,112,114,-2,2
60429,136,145,-9,9
60430,48,61,-13,13
60431,112,132,-20,20
60432,115,118,-3,3
60433,134,135,-1,1
60434,97,104,-7,7
60435,86,85,1,1
60436,115,111,4,4
60437,80,71,9,9
60438,157,141,16,16
60439,59,61,-2,2
60440,118,114,4,4
60441,64,72,-8,8
60442,123,116,7,7
60443,70,79,-9,9
60444,60,66,-6,6
60445,76,94,-18,18
60446,161,147,14,14
60447,129,136,-7,7
60448,66,64,2,2
60449,104,97,7,7
60450,86,84,2,2
60451,53,61,-8,8
60452,76,71,5,5
60453,202,171,31,31
60454,81,75,6,6
60455,136,130,6,6
60456,80,68,12,12
60457,54,59,-5,5
60458,71,64,7,7
60459,37,61,-24,24
60460,92,93,-1,1
60461,81,95,-14,14
60462,94,116,-22,22
60463,116,110,6,6
60464,89,96,-7,7
60465,123,112,11,11
60466,95,93,2,2
60467,114,108,6,6
60468,134,134,0,0
60469,153,148,5,5
60470,82,84,-2,2
60471,104,102,2,2
60472,101,109,-8,8
60473,73,62,11,11
60474,121,120,1,1
60475,147,128,19,19
60476,70,77,-7,7
60477,126,122,4,4
60478,284,239,45,45
60479,124,131,-7,7
60480,107,108,-1,1
60481,78,78,0,0
60482,116,117,-1,1
60483,139,128,11,11
60484,127,122,5,5
60485,61,65,-4,4
60486,56,62,-6,6
60487,105,102,3,3
60488,68,75,-7,7
60489,101,96,5,5
60490,64,59,5,5
60491,70,70,0,0
60492,129,124,5,5
60493,86,82,4,4
60494,71,63,8,8
60495,57,163,-106,106
60496,63,84,-21,21
60497,100,95,5,5
60498,138,139,-1,1
60499,143,131,12,12
60500,123,118,5,5
60501,114,116,-2,2
60502,69,67,2,2
60503,71,66,5,5
60504,65,61,4,4
60505,94,106,-12,12
60506,73,76,-3,3
60507,77,81,-4,4
60508,68,68,0,0
60509,126,138,-12,12
60510,133,126,7,7
60511,111,122,-11,11
60512,80,83,-3,3
60513,74,87,-13,13
60514,91,93,-2,2
60515,111,116,-5,5
60516,100,101,-1,1
60517,191,160,31,31
60518,124,109,15,15
60519,55,60,-5,5
60520,113,103,10,10
60521,34,63,-29,29
60522,108,98,10,10
60523,74,69,5,5
60524,163,145,18,18
60525,135,118,17,17
60526,86,108,-22,22
60527,122,115,7,7
60528,135,125,10,10
60529,68,80,-12,12
60530,75,71,4,4
60531,127,131,-4,4
60532,65,68,-3,3
60533,83,87,-4,4
60534,103,97,6,6
60535,79,81,-2,2
60536,77,81,-4,4
60537,116,113,3,3
60538,123,116,7,7
60539,70,64,6,6
60540,66,72,-6,6
60541,102,109,-7,7
60542,108,127,-19,19
60543,64,62,2,2
60544,116,123,-7,7
60545,154,154,0,0
60546,78,82,-4,4
60547,97,99,-2,2
60548,64,67,-3,3
60549,109,106,3,3
60550,109,109,0,0
60551,110,116,-6,6
60552,124,112,12,12
60553,50,62,-12,12
60554,75,71,4,4
60555,112,113,-1,1
60556,72,82,-10,10
60557,113,108,5,5
60558,70,79,-9,9
60559,112,91,21,21
60560,71,69,2,2
60561,117,113,4,4
60562,88,83,5,5
60563,88,78,10,10
60564,96,88,8,8
60565,114,114,0,0
60566,46,61,-15,15
60567,82,90,-8,8
60568,77,77,0,0
60569,68,104,-36,36
60570,79,91,-12,12
60571,78,76,2,2
60572,48,62,-14,14
60573,55,62,-7,7
60574,110,113,-3,3
60575,106,102,4,4
60576,88,82,6,6
60577,90,101,-11,11
60578,84,95,-11,11
60579,78,91,-13,13
60580,108,114,-6,6
60581,52,61,-9,9
60582,162,135,27,27
60583,46,62,-16,16
60584,100,109,-9,9
60585,95,94,1,1
60586,138,133,5,5
60587,53,60,-7,7
60588,100,95,5,5
60589,93,93,0,0
60590,90,111,-21,21
60591,103,106,-3,3
60592,92,84,8,8
60593,52,61,-9,9
60594,104,105,-1,1
60595,49,61,-12,12
60596,82,76,6,6
60597,104,99,5,5
60598,167,159,8,8
60599,58,63,-5,5
60600,79,78,1,1
60601,75,65,10,10
60602,70,76,-6,6
60603,78,80,-2,2
60604,70,70,0,0
60605,130,127,3,3
60606,90,98,-8,8
60607,68,69,-1,1
60608,97,105,-8,8
60609,83,87,-4,4
60610,51,63,-12,12
60611,70,73,-3,3
60612,35,61,-26,26
60613,24,48,-24,24
60614,113,101,12,12
60615,133,125,8,8
60616,90,97,-7,7
60617,84,80,4,4
60618,86,86,0,0
60619,63,62,1,1
60620,51,61,-10,10
60621,153,137,16,16
60622,113,110,3,3
60623,47,60,-13,13
60624,111,103,8,8
60625,67,63,4,4
60626,51,115,-64,64
60627,57,64,-7,7
60628,67,63,4,4
60629,149,137,12,12
60630,71,67,4,4
60631,100,111,-11,11
60632,94,109,-15,15
60633,61,60,1,1
60634,100,93,7,7
60635,147,140,7,7
60636,92,95,-3,3
60637,79,90,-11,11
60638,95,99,-4,4
60639,155,152,3,3
60640,88,80,8,8
60641,149,162,-13,13
60642,128,124,4,4
60643,73,62,11,11
60644,124,114,10,10
60645,78,88,-10,10
60646,73,72,1,1
60647,104,99,5,5
60648,124,115,9,9
60649,65,73,-8,8
60650,98,100,-2,2
60651,100,100,0,0
60652,79,71,8,8
60653,216,185,31,31
60654,77,83,-6,6
60655,64,75,-11,11
60656,43,62,-19,19
60657,124,115,9,9
60658,87,90,-3,3
60659,98,100,-2,2
60660,91,89,2,2
60661,81,80,1,1
60662,109,119,-10,10
60663,61,79,-18,18
60664,86,94,-8,8
60665,126,119,7,7
60666,85,77,8,8
60667,94,114,-20,20
60668,68,69,-1,1
60669,77,72,5,5
60670,72,70,2,2
60671,107,108,-1,1
60672,83,81,2,2
60673,116,114,2,2
60674,59,61,-2,2
60675,53,62,-9,9
60676,137,134,3,3
60677,128,116,12,12
60678,97,98,-1,1
60679,97,101,-4,4
60680,75,72,3,3
60681,107,98,9,9
60682,96,93,3,3
60683,139,126,13,13
60684,62,63,-1,1
60685,90,90,0,0
60686,104,107,-3,3
60687,124,115,9,9
60688,107,110,-3,3
60689,124,127,-3,3
60690,105,101,4,4
60691,134,132,2,2
60692,122,116,6,6
60693,70,78,-8,8
60694,152,148,4,4
60695,95,95,0,0
60696,67,91,-24,24
60697,109,104,5,5
60698,170,202,-32,32
60699,80,83,-3,3
60700,88,84,4,4
60701,131,102,29,29
60702,84,84,0,0
60703,97,101,-4,4
60704,149,129,20,20
60705,79,90,-11,11
60706,93,106,-13,13
60707,81,94,-13,13
60708,125,124,1,1
60709,82,79,3,3
60710,79,80,-1,1
60711,65,59,6,6
60712,95,96,-1,1
60713,111,118,-7,7
60714,113,108,5,5
60715,119,119,0,0
60716,68,74,-6,6
60717,135,111,24,24
60718,102,93,9,9
60719,96,110,-14,14
60720,107,109,-2,2
60721,86,87,-1,1
60722,158,130,28,28
60723,141,127,14,14
60724,129,126,3,3
60725,49,61,-12,12
60726,149,138,11,11
60727,114,115,-1,1
60728,40,62,-22,22
60729,55,61,-6,6
60730,85,80,5,5
60731,65,63,2,2
60732,97,106,-9,9
60733,148,137,11,11
60734,141,128,13,13
60735,69,62,7,7
60736,80,86,-6,6
60737,158,136,22,22
60738,75,79,-4,4
60739,88,92,-4,4
60740,110,103,7,7
60741,82,90,-8,8
60742,58,67,-9,9
60743,76,70,6,6
60744,48,62,-14,14
60745,106,94,12,12
60746,108,107,1,1
60747,191,167,24,24
60748,100,101,-1,1
60749,58,64,-6,6
60750,117,115,2,2
60751,233,184,49,49
60752,78,79,-1,1
60753,83,80,3,3
60754,66,66,0,0
60755,55,63,-8,8
60756,77,90,-13,13
60757,102,100,2,2
60758,62,63,-1,1
60759,71,72,-1,1
60760,139,137,2,2
60761,132,134,-2,2
60762,94,100,-6,6
60763,107,112,-5,5
60764,60,72,-12,12
60765,94,111,-17,17
60766,72,61,11,11
60767,86,83,3,3
60768,75,85,-10,10
60769,87,92,-5,5
60770,148,130,18,18
60771,120,113,7,7
60772,68,69,-1,1
60773,81,76,5,5
60774,222,205,17,17
60775,68,66,2,2
60776,103,110,-7,7
60777,133,116,17,17
60778,135,110,25,25
60779,97,95,2,2
60780,56,62,-6,6
60781,73,68,5,5
60782,110,118,-8,8
60783,116,114,2,2
60784,46,62,-16,16
60785,119,111,8,8
60786,42,59,-17,17
60787,71,86,-15,15
60788,80,64,16,16
60789,87,92,-5,5
60790,73,71,2,2
60791,99,95,4,4
60792,36,62,-26,26
60793,70,67,3,3
60794,55,61,-6,6
60795,104,100,4,4
60796,135,130,5,5
60797,103,98,5,5
60798,83,89,-6,6
60799,87,76,11,11
60800,78,70,8,8
60801,68,86,-18,18
60802,70,78,-8,8
60803,112,104,8,8
60804,99,100,-1,1
60805,103,104,-1,1
60806,87,89,-2,2
60807,105,102,3,3
60808,94,98,-4,4
60809,185,167,18,18
60810,167,154,13,13
60811,67,74,-7,7
60812,98,81,17,17
60813,109,110,-1,1
60814,139,132,7,7
60815,88,88,0,0
60816,117,109,8,8
60817,101,110,-9,9
60818,124,133,-9,9
60819,182,149,33,33
60820,198,164,34,34
60821,115,113,2,2
60822,92,97,-5,5
60823,77,71,6,6
60824,104,104,0,0
60825,75,66,9,9
60826,93,80,13,13
60827,173,164,9,9
60828,121,120,1,1
60829,141,142,-1,1
60830,66,79,-13,13
60831,72,67,5,5
60832,104,111,-7,7
60833,103,99,4,4
60834,81,79,2,2
60835,122,109,13,13
60836,131,126,5,5
60837,58,61,-3,3
60838,106,107,-1,1
60839,119,107,12,12
60840,57,61,-4,4
60841,77,73,4,4
60842,67,61,6,6
60843,85,83,2,2
60844,62,69,-7,7
60845,140,128,12,12
60846,72,81,-9,9
60847,125,125,0,0
60848,166,152,14,14
60849,133,120,13,13
60850,101,84,17,17
60851,156,143,13,13
60852,68,71,-3,3
60853,70,65,5,5
60854,127,121,6,6
60855,89,87,2,2
60856,111,101,10,10
60857,154,129,25,25
60858,91,90,1,1
60859,59,63,-4,4
60860,105,102,3,3
60861,108,123,-15,15
60862,87,100,-13,13
60863,143,134,9,9
60864,88,91,-3,3
60865,83,91,-8,8
60866,105,100,5,5
60867,96,102,-6,6
60868,95,93,2,2
60869,104,112,-8,8
60870,97,115,-18,18
60871,111,113,-2,2
60872,93,93,0,0
60873,54,62,-8,8
60874,90,96,-6,6
60875,52,62,-10,10
60876,85,93,-8,8
60877,114,113,1,1
60878,152,155,-3,3
60879,79,68,11,11
60880,118,121,-3,3
60881,85,80,5,5
60882,94,92,2,2
60883,49,61,-12,12
60884,56,59,-3,3
60885,156,138,18,18
60886,55,61,-6,6
60887,116,113,3,3
60888,84,89,-5,5
60889,105,101,4,4
60890,122,114,8,8
60891,80,91,-11,11
60892,89,79,10,10
60893,117,108,9,9
60894,50,62,-12,12
60895,65,71,-6,6
60896,115,115,0,0
60897,78,77,1,1
60898,112,113,-1,1
60899,84,77,7,7
60900,144,138,6,6
60901,95,93,2,2
60902,125,121,4,4
60903,115,128,-13,13
60904,76,77,-1,1
60905,119,115,4,4
60906,133,144,-11,11
60907,90,85,5,5
60908,112,114,-2,2
60909,76,72,4,4
60910,147,137,10,10
60911,55,63,-8,8
60912,131,117,14,14
60913,116,110,6,6
60914,84,87,-3,3
60915,72,72,0,0
60916,73,75,-2,2
60917,43,63,-20,20
60918,73,70,3,3
60919,82,94,-12,12
60920,56,60,-4,4
60921,99,96,3,3
60922,105,119,-14,14
60923,79,105,-26,26
60924,138,121,17,17
60925,111,119,-8,8
60926,36,63,-27,27
60927,138,127,11,11
60928,89,96,-7,7
60929,93,83,10,10
60930,132,130,2,2
60931,108,103,5,5
60932,66,64,2,2
60933,71,72,-1,1
60934,65,63,2,2
60935,200,177,23,23
60936,72,108,-36,36
60937,232,224,8,8
60938,75,73,2,2
60939,186,164,22,22
60940,125,115,10,10
60941,95,107,-12,12
60942,203,167,36,36
60943,176,151,25,25
60944,129,121,8,8
60945,76,80,-4,4
60946,143,134,9,9
60947,49,62,-13,13
60948,92,93,-1,1
60949,92,93,-1,1
60950,75,90,-15,15
60951,105,99,6,6
60952,155,127,28,28
60953,95,103,-8,8
60954,86,96,-10,10
60955,132,120,12,12
60956,46,62,-16,16
60957,69,75,-6,6
60958,58,69,-11,11
60959,140,125,15,15
60960,70,67,3,3
60961,89,92,-3,3
60962,84,66,18,18
60963,124,118,6,6
60964,71,74,-3,3
60965,127,120,7,7
60966,69,65,4,4
60967,111,102,9,9
60968,125,122,3,3
60969,85,94,-9,9
60970,76,75,1,1
60971,85,93,-8,8
60972,55,60,-5,5
60973,92,95,-3,3
60974,182,159,23,23
60975,89,90,-1,1
60976,102,98,4,4
60977,113,114,-1,1
60978,131,134,-3,3
60979,133,140,-7,7
60980,98,97,1,1
60981,154,135,19,19
60982,99,97,2,2
60983,114,111,3,3
60984,110,105,5,5
60985,125,113,12,12
60986,52,65,-13,13
60987,42,59,-17,17
60988,80,72,8,8
60989,83,84,-1,1
60990,143,133,10,10
60991,56,59,-3,3
60992,131,125,6,6
60993,112,126,-14,14
60994,110,109,1,1
60995,104,101,3,3
60996,71,71,0,0
60997,36,62,-26,26
60998,57,62,-5,5
60999,72,86,-14,14
61000,119,105,14,14
61001,194,169,25,25
61002,107,100,7,7
61003,123,121,2,2
61004,87,88,-1,1
61005,157,147,10,10
61006,75,77,-2,2
61007,94,99,-5,5
61008,85,92,-7,7
61009,85,95,-10,10
61010,44,62,-18,18
61011,78,89,-11,11
61012,97,77,20,20
61013,34,57,-23,23
61014,38,63,-25,25
61015,93,93,0,0
61016,113,109,4,4
61017,130,122,8,8
61018,46,62,-16,16
61019,94,100,-6,6
61020,144,127,17,17
61021,60,59,1,1
61022,110,111,-1,1
61023,78,85,-7,7
61024,172,155,17,17
61025,117,132,-15,15
61026,60,71,-11,11
61027,114,101,13,13
61028,136,138,-2,2
61029,130,131,-1,1
61030,140,126,14,14
61031,58,62,-4,4
61032,87,87,0,0
61033,154,141,13,13
61034,84,85,-1,1
61035,78,70,8,8
61036,224,265,-41,41
61037,77,73,4,4
61038,114,111,3,3
61039,64,76,-12,12
61040,145,134,11,11
61041,62,63,-1,1
61042,123,122,1,1
61043,126,122,4,4
61044,59,73,-14,14
61045,59,71,-12,12
61046,65,80,-15,15
61047,81,91,-10,10
61048,104,98,6,6
61049,94,97,-3,3
61050,131,123,8,8
61051,60,62,-2,2
61052,111,103,8,8
61053,159,137,22,22
61054,145,139,6,6
61055,67,66,1,1
61056,114,109,5,5
61057,82,76,6,6
61058,93,97,-4,4
61059,53,61,-8,8
61060,83,96,-13,13
61061,101,104,-3,3
61062,112,122,-10,10
61063,71,63,8,8
61064,86,80,6,6
61065,49,101,-52,52
61066,59,63,-4,4
61067,125,115,10,10
61068,157,148,9,9
61069,90,94,-4,4
61070,160,157,3,3
61071,128,110,18,18
61072,78,82,-4,4
61073,153,143,10,10
61074,87,104,-17,17
61075,133,121,12,12
61076,96,104,-8,8
61077,88,101,-13,13
61078,69,80,-11,11
61079,150,154,-4,4
61080,134,121,13,13
61081,122,117,5,5
61082,91,94,-3,3
61083,156,137,19,19
61084,76,81,-5,5
61085,44,61,-17,17
61086,117,119,-2,2
61087,110,106,4,4
61088,101,87,14,14
61089,81,73,8,8
61090,52,62,-10,10
61091,164,154,10,10
61092,40,62,-22,22
61093,80,90,-10,10
61094,129,119,10,10
61095,131,120,11,11
61096,87,93,-6,6
61097,79,72,7,7
61098,110,109,1,1
61099,120,113,7,7
61100,100,125,-25,25
61101,113,114,-1,1
61102,97,116,-19,19
61103,75,68,7,7
61104,85,96,-11,11
61105,49,61,-12,12
61106,103,115,-12,12
61107,177,160,17,17
61108,94,99,-5,5
61109,130,123,7,7
61110,72,75,-3,3
61111,158,147,11,11
61112,47,62,-15,15
61113,74,94,-20,20
61114,101,107,-6,6
61115,51,59,-8,8
61116,83,90,-7,7
61117,142,134,8,8
61118,58,66,-8,8
61119,83,90,-7,7
61120,45,62,-17,17
61121,138,132,6,6
61122,152,137,15,15
61123,101,111,-10,10
61124,77,69,8,8
61125,52,77,-25,25
61126,89,83,6,6
61127,149,131,18,18
61128,78,68,10,10
61129,146,140,6,6
61130,122,121,1,1
61131,88,84,4,4
61132,131,130,1,1
61133,67,67,0,0
61134,107,95,12,12
61135,139,137,2,2
61136,164,149,15,15
61137,134,122,12,12
61138,71,67,4,4
61139,87,80,7,7
61140,68,68,0,0
61141,56,108,-52,52
61142,118,117,1,1
61143,101,107,-6,6
61144,75,77,-2,2
61145,127,134,-7,7
61146,85,91,-6,6
61147,57,92,-35,35
61148,37,61,-24,24
61149,116,114,2,2
61150,108,103,5,5
61151,137,128,9,9
61152,58,62,-4,4
61153,67,96,-29,29
61154,106,106,0,0
61155,132,117,15,15
61156,102,96,6,6
61157,115,119,-4,4
61158,85,90,-5,5
61159,107,108,-1,1
61160,49,62,-13,13
61161,139,146,-7,7
61162,126,127,-1,1
61163,135,138,-3,3
61164,69,64,5,5
61165,88,78,10,10
61166,117,111,6,6
61167,77,73,4,4
61168,51,61,-10,10
61169,92,103,-11,11
61170,80,91,-11,11
61171,82,80,2,2
61172,157,147,10,10
61173,83,89,-6,6
61174,136,123,13,13
61175,147,132,15,15
61176,49,62,-13,13
61177,86,89,-3,3
61178,125,115,10,10
61179,73,67,6,6
61180,99,109,-10,10
61181,102,105,-3,3
61182,101,103,-2,2
61183,109,103,6,6
61184,126,120,6,6
61185,142,122,20,20
61186,62,62,0,0
61187,113,111,2,2
61188,149,126,23,23
61189,61,64,-3,3
61190,66,73,-7,7
61191,122,113,9,9
61192,89,92,-3,3
61193,76,78,-2,2
61194,74,91,-17,17
61195,61,67,-6,6
61196,44,61,-17,17
61197,107,118,-11,11
61198,104,99,5,5
61199,109,108,1,1
61200,140,127,13,13
61201,43,62,-19,19
61202,40,61,-21,21
61203,223,194,29,29
61204,95,94,1,1
61205,47,60,-13,13
61206,71,64,7,7
61207,121,105,16,16
61208,119,118,1,1
61209,135,128,7,7
61210,78,70,8,8
61211,96,90,6,6
61212,71,68,3,3
61213,71,82,-11,11
61214,108,126,-18,18
61215,64,63,1,1
61216,169,174,-5,5
61217,80,80,0,0
61218,78,79,-1,1
61219,100,96,4,4
61220,90,91,-1,1
61221,108,102,6,6
61222,84,91,-7,7
61223,150,140,10,10
61224,91,113,-22,22
61225,55,82,-27,27
61226,83,84,-1,1
61227,119,157,-38,38
61228,86,92,-6,6
61229,101,106,-5,5
61230,89,78,11,11
61231,80,92,-12,12
61232,116,109,7,7
61233,146,142,4,4
61234,64,72,-8,8
61235,175,157,18,18
61236,139,132,7,7
61237,79,76,3,3
61238,120,112,8,8
61239,84,95,-11,11
61240,132,129,3,3
61241,71,70,1,1
61242,104,99,5,5
61243,60,64,-4,4
61244,171,157,14,14
61245,93,95,-2,2
61246,132,124,8,8
61247,55,61,-6,6
61248,74,61,13,13
61249,126,111,15,15
61250,75,82,-7,7
61251,45,61,-16,16
61252,95,98,-3,3
61253,154,133,21,21
61254,143,128,15,15
61255,111,111,0,0
61256,97,109,-12,12
61257,203,219,-16,16
61258,42,61,-19,19
61259,49,62,-13,13
61260,111,108,3,3
61261,76,64,12,12
61262,79,73,6,6
61263,70,80,-10,10
61264,57,58,-1,1
61265,60,56,4,4
61266,119,120,-1,1
61267,76,79,-3,3
61268,72,65,7,7
61269,124,115,9,9
61270,138,115,23,23
61271,118,115,3,3
61272,119,110,9,9
61273,94,80,14,14
61274,113,128,-15,15
61275,69,91,-22,22
61276,106,102,4,4
61277,41,62,-21,21
61278,88,81,7,7
61279,124,132,-8,8
61280,51,62,-11,11
61281,70,86,-16,16
61282,112,111,1,1
61283,100,100,0,0
61284,143,130,13,13
61285,87,97,-10,10
61286,61,65,-4,4
61287,64,67,-3,3
61288,130,147,-17,17
61289,81,80,1,1
61290,73,65,8,8
61291,47,60,-13,13
61292,99,111,-12,12
61293,95,95,0,0
61294,105,104,1,1
61295,126,122,4,4
61296,108,102,6,6
61297,67,69,-2,2
61298,72,79,-7,7
61299,65,63,2,2
61300,109,105,4,4
61301,52,62,-10,10
61302,122,113,9,9
61303,59,74,-15,15
61304,117,122,-5,5
61305,79,70,9,9
61306,46,60,-14,14
61307,64,72,-8,8
61308,71,86,-15,15
61309,60,65,-5,5
61310,70,70,0,0
61311,114,111,3,3
61312,101,104,-3,3
61313,138,134,4,4
61314,98,93,5,5
61315,92,98,-6,6
61316,196,176,20,20
61317,109,111,-2,2
61318,55,61,-6,6
61319,166,158,8,8
61320,68,70,-2,2
61321,61,64,-3,3
61322,79,87,-8,8
61323,86,82,4,4
61324,90,89,1,1
61325,128,122,6,6
61326,102,103,-1,1
61327,118,113,5,5
61328,86,88,-2,2
61329,105,105,0,0
61330,78,73,5,5
61331,96,97,-1,1
61332,38,62,-24,24
61333,96,100,-4,4
61334,123,119,4,4
61335,85,81,4,4
61336,117,108,9,9
61337,78,131,-53,53
61338,131,129,2,2
61339,82,80,2,2
61340,87,92,-5,5
61341,81,83,-2,2
61342,59,61,-2,2
61343,84,89,-5,5
61344,89,95,-6,6
61345,65,65,0,0
61346,131,133,-2,2
61347,55,59,-4,4
61348,66,63,3,3
61349,74,72,2,2
61350,84,68,16,16
61351,110,101,9,9
61352,63,83,-20,20
61353,97,87,10,10
61354,55,66,-11,11
61355,94,99,-5,5
61356,148,140,8,8
61357,110,102,8,8
61358,161,148,13,13
61359,139,127,12,12
61360,63,71,-8,8
61361,120,115,5,5
61362,79,88,-9,9
61363,131,134,-3,3
61364,150,128,22,22
61365,80,84,-4,4
61366,37,62,-25,25
61367,116,113,3,3
61368,82,80,2,2
61369,130,125,5,5
61370,68,73,-5,5
61371,86,86,0,0
61372,90,83,7,7
61373,57,62,-5,5
61374,149,132,17,17
61375,79,83,-4,4
61376,126,126,0,0
61377,120,128,-8,8
61378,197,180,17,17
61379,62,62,0,0
61380,88,90,-2,2
61381,144,131,13,13
61382,99,97,2,2
61383,101,119,-18,18
61384,111,103,8,8
61385,61,63,-2,2
61386,85,87,-2,2
61387,96,98,-2,2
61388,125,122,3,3
61389,107,100,7,7
61390,136,122,14,14
61391,148,137,11,11
61392,98,104,-6,6
61393,66,64,2,2
61394,95,77,18,18
61395,107,96,11,11
61396,47,59,-12,12
61397,78,80,-2,2
61398,81,76,5,5
61399,72,73,-1,1
61400,84,100,-16,16
61401,145,146,-1,1
61402,77,75,2,2
61403,90,87,3,3
61404,131,118,13,13
61405,91,83,8,8
61406,38,77,-39,39
61407,94,95,-1,1
61408,111,106,5,5
61409,145,138,7,7
61410,84,90,-6,6
61411,87,77,10,10
61412,115,110,5,5
61413,95,93,2,2
61414,144,129,15,15
61415,90,91,-1,1
61416,101,97,4,4
61417,91,96,-5,5
61418,190,180,10,10
61419,80,85,-5,5
61420,167,147,20,20
61421,83,75,8,8
61422,66,64,2,2
61423,50,61,-11,11
61424,111,111,0,0
61425,83,93,-10,10
61426,72,67,5,5
61427,73,69,4,4
61428,79,87,-8,8
61429,66,81,-15,15
61430,83,85,-2,2
61431,262,238,24,24
61432,108,122,-14,14
61433,117,115,2,2
61434,98,89,9,9
61435,85,91,-6,6
61436,63,63,0,0
61437,190,175,15,15
61438,85,88,-3,3
61439,123,114,9,9
61440,144,136,8,8
61441,75,79,-4,4
61442,97,96,1,1
61443,85,75,10,10
61444,69,66,3,3
61445,77,82,-5,5
61446,61,64,-3,3
61447,75,72,3,3
61448,97,119,-22,22
61449,70,71,-1,1
61450,85,78,7,7
61451,61,67,-6,6
61452,77,75,2,2
61453,58,64,-6,6
61454,83,72,11,11
61455,91,100,-9,9
61456,53,61,-8,8
61457,55,62,-7,7
61458,87,91,-4,4
61459,80,90,-10,10
61460,53,61,-8,8
61461,133,121,12,12
61462,90,97,-7,7
61463,60,66,-6,6
61464,68,69,-1,1
61465,66,61,5,5
61466,112,112,0,0
61467,139,137,2,2
61468,50,62,-12,12
61469,120,118,2,2
61470,77,80,-3,3
61471,81,67,14,14
61472,87,84,3,3
61473,43,60,-17,17
61474,68,62,6,6
61475,58,62,-4,4
61476,120,122,-2,2
61477,114,103,11,11
61478,173,158,15,15
61479,62,64,-2,2
61480,115,105,10,10
61481,213,190,23,23
61482,108,106,2,2
61483,53,65,-12,12
61484,85,78,7,7
61485,119,119,0,0
61486,74,79,-5,5
61487,93,91,2,2
61488,72,68,4,4
61489,104,96,8,8
61490,88,94,-6,6
61491,56,60,-4,4
61492,139,131,8,8
61493,110,116,-6,6
61494,93,89,4,4
61495,54,62,-8,8
61496,83,93,-10,10
61497,73,68,5,5
61498,202,176,26,26
61499,95,95,0,0
61500,51,63,-12,12
61501,141,122,19,19
61502,130,127,3,3
61503,89,96,-7,7
61504,67,62,5,5
61505,92,127,-35,35
61506,138,144,-6,6
61507,50,62,-12,12
61508,85,77,8,8
61509,118,103,15,15
61510,84,87,-3,3
61511,95,94,1,1
61512,92,99,-7,7
61513,141,144,-3,3
61514,94,100,-6,6
61515,117,116,1,1
61516,82,68,14,14
61517,73,83,-10,10
61518,108,105,3,3
61519,93,106,-13,13
61520,156,150,6,6
61521,84,90,-6,6
61522,106,98,8,8
61523,91,98,-7,7
61524,88,95,-7,7
61525,78,71,7,7
61526,136,129,7,7
61527,59,66,-7,7
61528,94,102,-8,8
61529,100,102,-2,2
61530,144,137,7,7
61531,89,111,-22,22
61532,67,69,-2,2
61533,28,62,-34,34
61534,114,109,5,5
61535,123,131,-8,8
61536,85,74,11,11
61537,77,78,-1,1
61538,89,106,-17,17
61539,90,90,0,0
61540,80,85,-5,5
61541,114,120,-6,6
61542,46,60,-14,14
61543,123,115,8,8
61544,132,128,4,4
61545,106,117,-11,11
61546,93,99,-6,6
61547,100,121,-21,21
61548,82,79,3,3
61549,170,169,1,1
61550,103,120,-17,17
61551,60,62,-2,2
61552,101,114,-13,13
61553,101,97,4,4
61554,106,101,5,5
61555,53,64,-11,11
61556,45,62,-17,17
61557,102,118,-16,16
61558,74,69,5,5
61559,107,115,-8,8
61560,95,101,-6,6
61561,96,97,-1,1
61562,100,100,0,0
61563,40,61,-21,21
61564,85,85,0,0
61565,59,63,-4,4
61566,107,108,-1,1
61567,157,143,14,14
61568,72,82,-10,10
61569,104,96,8,8
61570,53,63,-10,10
61571,131,123,8,8
61572,147,135,12,12
61573,80,75,5,5
61574,135,126,9,9
61575,119,112,7,7
61576,128,122,6,6
61577,126,119,7,7
61578,91,82,9,9
61579,102,94,8,8
61580,55,64,-9,9
61581,69,67,2,2
61582,57,68,-11,11
61583,53,62,-9,9
61584,109,98,11,11
61585,106,92,14,14
61586,106,106,0,0
61587,128,112,16,16
61588,84,81,3,3
61589,73,74,-1,1
61590,137,143,-6,6
61591,96,99,-3,3
61592,106,106,0,0
61593,119,114,5,5
61594,113,112,1,1
61595,138,141,-3,3
61596,52,62,-10,10
61597,115,117,-2,2
61598,66,67,-1,1
61599,114,115,-1,1
61600,46,65,-19,19
61601,108,105,3,3
61602,85,83,2,2
61603,67,64,3,3
61604,66,62,4,4
61605,76,84,-8,8
61606,93,91,2,2
61607,145,146,-1,1
61608,122,113,9,9
61609,88,83,5,5
61610,59,61,-2,2
61611,77,78,-1,1
61612,84,92,-8,8
61613,71,78,-7,7
61614,93,92,1,1
61615,71,67,4,4
61616,40,59,-19,19
61617,165,149,16,16
61618,104,104,0,0
61619,54,60,-6,6
61620,46,61,-15,15
61621,70,67,3,3
61622,51,61,-10,10
61623,86,90,-4,4
61624,86,84,2,2
61625,90,92,-2,2
61626,160,156,4,4
61627,119,113,6,6
61628,78,85,-7,7
61629,112,122,-10,10
61630,89,96,-7,7
61631,96,104,-8,8
61632,96,99,-3,3
61633,96,100,-4,4
61634,33,62,-29,29
61635,78,74,4,4
61636,65,60,5,5
61637,69,73,-4,4
61638,85,90,-5,5
61639,71,62,9,9
61640,119,107,12,12
61641,100,96,4,4
61642,102,100,2,2
61643,96,89,7,7
61644,77,74,3,3
61645,91,98,-7,7
61646,175,154,21,21
61647,96,100,-4,4
61648,133,122,11,11
61649,107,121,-14,14
61650,98,94,4,4
61651,94,99,-5,5
61652,67,66,1,1
61653,116,120,-4,4
61654,73,83,-10,10
61655,83,68,15,15
61656,75,80,-5,5
61657,109,119,-10,10
61658,143,141,2,2
61659,84,90,-6,6
61660,79,84,-5,5
61661,104,101,3,3
61662,44,62,-18,18
61663,53,61,-8,8
61664,108,111,-3,3
61665,86,95,-9,9
61666,119,118,1,1
61667,56,58,-2,2
61668,88,95,-7,7
61669,118,115,3,3
61670,102,104,-2,2
61671,49,62,-13,13
61672,99,100,-1,1
61673,105,205,-100,100
61674,131,112,19,19
61675,78,71,7,7
61676,99,96,3,3
61677,23,63,-40,40
61678,126,127,-1,1
61679,92,92,0,0
61680,85,95,-10,10
61681,61,66,-5,5
61682,137,141,-4,4
61683,74,76,-2,2
61684,129,119,10,10
61685,156,151,5,5
61686,72,69,3,3
61687,151,132,19,19
61688,72,66,6,6
61689,81,89,-8,8
61690,128,117,11,11
61691,136,124,12,12
61692,111,112,-1,1
61693,150,150,0,0
61694,79,82,-3,3
61695,124,120,4,4
61696,133,119,14,14
61697,106,113,-7,7
61698,71,79,-8,8
61699,69,65,4,4
61700,105,111,-6,6
61701,60,62,-2,2
61702,97,97,0,0
61703,129,129,0,0
61704,70,67,3,3
61705,137,135,2,2
61706,110,100,10,10
61707,97,97,0,0
61708,149,158,-9,9
61709,63,67,-4,4
61710,71,73,-2,2
61711,108,102,6,6
61712,127,123,4,4
61713,92,99,-7,7
61714,41,62,-21,21
61715,87,89,-2,2
61716,95,95,0,0
61717,58,62,-4,4
61718,103,112,-9,9
61719,106,103,3,3
61720,100,106,-6,6
61721,49,58,-9,9
61722,103,144,-41,41
61723,147,149,-2,2
61724,110,107,3,3
61725,121,137,-16,16
61726,66,67,-1,1
61727,66,67,-1,1
61728,75,72,3,3
61729,127,131,-4,4
61730,96,95,1,1
61731,179,157,22,22
61732,153,144,9,9
61733,89,85,4,4
61734,111,119,-8,8
61735,124,103,21,21
61736,86,78,8,8
61737,98,106,-8,8
61738,82,84,-2,2
61739,138,119,19,19
61740,98,101,-3,3
61741,187,169,18,18
61742,141,128,13,13
61743,72,79,-7,7
61744,110,104,6,6
61745,87,97,-10,10
61746,60,62,-2,2
61747,71,68,3,3
61748,123,122,1,1
61749,57,63,-6,6
61750,113,116,-3,3
61751,148,142,6,6
61752,73,73,0,0
61753,62,69,-7,7
61754,108,126,-18,18
61755,105,101,4,4
61756,152,122,30,30
61757,51,61,-10,10
61758,127,124,3,3
61759,31,53,-22,22
61760,68,67,1,1
61761,163,149,14,14
61762,160,145,15,15
61763,73,76,-3,3
61764,43,62,-19,19
61765,102,100,2,2
61766,91,107,-16,16
61767,136,124,12,12
61768,92,90,2,2
61769,60,63,-3,3
61770,45,62,-17,17
61771,111,107,4,4
61772,95,104,-9,9
61773,100,100,0,0
61774,139,139,0,0
61775,99,99,0,0
61776,68,75,-7,7
61777,55,61,-6,6
61778,110,101,9,9
61779,67,74,-7,7
61780,103,100,3,3
61781,115,110,5,5
61782,131,141,-10,10
61783,106,112,-6,6
61784,154,160,-6,6
61785,104,112,-8,8
61786,91,88,3,3
61787,139,137,2,2
61788,56,62,-6,6
61789,139,128,11,11
61790,72,62,10,10
61791,144,137,7,7
61792,112,113,-1,1
61793,68,65,3,3
61794,88,91,-3,3
61795,79,95,-16,16
61796,104,109,-5,5
61797,54,62,-8,8
61798,111,103,8,8
61799,87,90,-3,3
61800,185,169,16,16
61801,92,89,3,3
61802,68,72,-4,4
61803,91,92,-1,1
61804,84,81,3,3
61805,82,85,-3,3
61806,126,120,6,6
61807,71,75,-4,4
61808,72,68,4,4
61809,137,137,0,0
61810,61,67,-6,6
61811,106,106,0,0
61812,59,62,-3,3
61813,77,74,3,3
61814,149,121,28,28
61815,63,64,-1,1
61816,66,70,-4,4
61817,105,100,5,5
61818,85,88,-3,3
61819,109,108,1,1
61820,81,90,-9,9
61821,60,60,0,0
61822,40,62,-22,22
61823,95,90,5,5
61824,110,99,11,11
61825,68,62,6,6
61826,67,67,0,0
61827,76,76,0,0
61828,188,175,13,13
61829,59,61,-2,2
61830,131,116,15,15
61831,108,106,2,2
61832,114,116,-2,2
61833,108,107,1,1
61834,104,98,6,6
61835,94,96,-2,2
61836,47,62,-15,15
61837,77,69,8,8
61838,80,88,-8,8
61839,96,102,-6,6
61840,103,102,1,1
61841,109,108,1,1
61842,66,77,-11,11
61843,98,93,5,5
61844,126,109,17,17
61845,97,112,-15,15
61846,99,97,2,2
61847,107,108,-1,1
61848,129,129,0,0
61849,87,93,-6,6
61850,69,67,2,2
61851,115,105,10,10
61852,99,102,-3,3
61853,99,100,-1,1
61854,155,159,-4,4
61855,121,116,5,5
61856,123,123,0,0
61857,91,92,-1,1
61858,68,75,-7,7
61859,118,108,10,10
61860,98,102,-4,4
61861,108,104,4,4
61862,112,109,3,3
61863,80,69,11,11
61864,92,128,-36,36
61865,116,108,8,8
61866,56,63,-7,7
61867,127,125,2,2
61868,50,62,-12,12
61869,121,111,10,10
61870,157,146,11,11
61871,78,77,1,1
61872,85,79,6,6
61873,142,135,7,7
61874,42,62,-20,20
61875,62,64,-2,2
61876,61,64,-3,3
61877,75,77,-2,2
61878,82,89,-7,7
61879,107,106,1,1
61880,130,129,1,1
61881,64,69,-5,5
61882,75,75,0,0
61883,109,104,5,5
61884,65,79,-14,14
61885,112,114,-2,2
61886,88,98,-10,10
61887,140,132,8,8
61888,132,125,7,7
61889,108,112,-4,4
61890,92,76,16,16
61891,63,63,0,0
61892,48,61,-13,13
61893,144,120,24,24
61894,104,105,-1,1
61895,107,103,4,4
61896,52,65,-13,13
61897,73,75,-2,2
61898,44,61,-17,17
61899,120,114,6,6
61900,87,89,-2,2
61901,110,118,-8,8
61902,73,73,0,0
61903,79,91,-12,12
61904,57,63,-6,6
61905,68,70,-2,2
61906,81,101,-20,20
61907,63,61,2,2
61908,41,61,-20,20
61909,71,65,6,6
61910,106,116,-10,10
61911,105,97,8,8
61912,183,147,36,36
61913,111,117,-6,6
61914,137,128,9,9
61915,51,62,-11,11
61916,40,62,-22,22
61917,70,77,-7,7
61918,120,113,7,7
61919,57,65,-8,8
61920,66,62,4,4
61921,140,123,17,17
61922,71,80,-9,9
61923,96,94,2,2
61924,108,107,1,1
61925,134,143,-9,9
61926,97,97,0,0
61927,44,62,-18,18
61928,49,61,-12,12
61929,63,61,2,2
61930,97,102,-5,5
61931,38,62,-24,24
61932,68,63,5,5
61933,114,111,3,3
61934,105,108,-3,3
61935,36,61,-25,25
61936,69,61,8,8
61937,101,99,2,2
61938,155,139,16,16
61939,53,70,-17,17
61940,151,140,11,11
61941,65,62,3,3
61942,64,65,-1,1
61943,181,159,22,22
61944,110,123,-13,13
61945,93,98,-5,5
61946,183,166,17,17
61947,94,94,0,0
61948,91,94,-3,3
61949,105,111,-6,6
61950,51,61,-10,10
61951,76,73,3,3
61952,60,70,-10,10
61953,72,69,3,3
61954,108,106,2,2
61955,119,112,7,7
61956,98,109,-11,11
61957,119,109,10,10
61958,122,116,6,6
61959,90,93,-3,3
61960,55,62,-7,7
61961,62,63,-1,1
61962,41,70,-29,29
61963,86,85,1,1
61964,58,64,-6,6
61965,159,153,6,6
61966,84,91,-7,7
61967,101,102,-1,1
61968,107,102,5,5
61969,150,138,12,12
61970,105,111,-6,6
61971,83,88,-5,5
61972,78,89,-11,11
61973,51,59,-8,8
61974,83,95,-12,12
61975,111,110,1,1
61976,116,126,-10,10
61977,124,107,17,17
61978,116,110,6,6
61979,133,124,9,9
61980,143,131,12,12
61981,102,105,-3,3
61982,94,100,-6,6
61983,66,67,-1,1
61984,76,86,-10,10
61985,108,105,3,3
61986,69,62,7,7
61987,90,78,12,12
61988,65,78,-13,13
61989,157,148,9,9
61990,81,76,5,5
61991,116,119,-3,3
61992,94,95,-1,1
61993,98,115,-17,17
61994,149,138,11,11
61995,87,92,-5,5
61996,124,122,2,2
61997,121,119,2,2
61998,157,140,17,17
61999,100,96,4,4
62000,129,126,3,3
62001,97,98,-1,1
62002,57,61,-4,4
62003,108,103,5,5
62004,64,59,5,5
62005,195,165,30,30
62006,81,78,3,3
62007,92,92,0,0
62008,139,139,0,0
62009,67,64,3,3
62010,78,91,-13,13
62011,56,63,-7,7
62012,90,92,-2,2
62013,69,72,-3,3
62014,109,103,6,6
62015,67,65,2,2
62016,65,68,-3,3
62017,67,75,-8,8
62018,128,114,14,14
62019,101,97,4,4
62020,103,100,3,3
62021,66,64,2,2
62022,78,86,-8,8
62023,121,114,7,7
62024,99,105,-6,6
62025,69,60,9,9
62026,64,69,-5,5
62027,66,61,5,5
62028,76,78,-2,2
62029,91,94,-3,3
62030,49,59,-10,10
62031,222,182,40,40
62032,71,64,7,7
62033,155,148,7,7
62034,80,85,-5,5
62035,94,76,18,18
62036,70,68,2,2
62037,106,104,2,2
62038,81,88,-7,7
62039,90,83,7,7
62040,73,73,0,0
62041,65,63,2,2
62042,71,77,-6,6
62043,140,119,21,21
62044,109,114,-5,5
62045,72,70,2,2
62046,95,105,-10,10
62047,92,88,4,4
62048,104,106,-2,2
62049,74,75,-1,1
62050,102,101,1,1
62051,75,80,-5,5
62052,100,97,3,3
62053,111,114,-3,3
62054,52,62,-10,10
62055,79,69,10,10
62056,99,98,1,1
62057,140,139,1,1
62058,181,174,7,7
62059,106,113,-7,7
62060,59,62,-3,3
62061,129,116,13,13
62062,95,115,-20,20
62063,50,59,-9,9
62064,71,68,3,3
62065,46,63,-17,17
62066,103,115,-12,12
62067,82,87,-5,5
62068,114,104,10,10
62069,114,110,4,4
62070,92,95,-3,3
62071,74,79,-5,5
62072,102,102,0,0
62073,104,102,2,2
62074,86,85,1,1
62075,51,78,-27,27
62076,86,87,-1,1
62077,78,81,-3,3
62078,99,103,-4,4
62079,95,86,9,9
62080,82,83,-1,1
62081,111,119,-8,8
62082,129,117,12,12
62083,90,113,-23,23
62084,139,142,-3,3
62085,72,82,-10,10
62086,55,62,-7,7
62087,165,154,11,11
62088,115,115,0,0
62089,61,69,-8,8
62090,84,80,4,4
62091,136,132,4,4
62092,83,80,3,3
62093,27,84,-57,57
62094,108,107,1,1
62095,147,128,19,19
62096,120,120,0,0
62097,73,123,-50,50
62098,60,71,-11,11
62099,123,122,1,1
62100,89,94,-5,5
62101,73,66,7,7
62102,64,65,-1,1
62103,62,64,-2,2
62104,100,100,0,0
62105,100,94,6,6
62106,48,64,-16,16
62107,119,109,10,10
62108,53,61,-8,8
62109,142,141,1,1
62110,58,61,-3,3
62111,100,125,-25,25
62112,77,71,6,6
62113,71,90,-19,19
62114,126,127,-1,1
62115,50,61,-11,11
62116,205,164,41,41
62117,60,67,-7,7
62118,91,98,-7,7
62119,70,78,-8,8
62120,90,97,-7,7
62121,159,152,7,7
62122,75,82,-7,7
62123,116,98,18,18
62124,109,113,-4,4
62125,143,131,12,12
62126,112,105,7,7
62127,84,91,-7,7
62128,170,166,4,4
62129,150,144,6,6
62130,109,106,3,3
62131,161,148,13,13
62132,99,104,-5,5
62133,127,114,13,13
62134,62,61,1,1
62135,133,130,3,3
62136,101,106,-5,5
62137,127,118,9,9
62138,89,88,1,1
62139,95,94,1,1
62140,150,133,17,17
62141,49,62,-13,13
62142,92,96,-4,4
62143,92,94,-2,2
62144,38,62,-24,24
62145,145,145,0,0
62146,156,155,1,1
62147,125,120,5,5
62148,51,61,-10,10
62149,134,111,23,23
62150,92,105,-13,13
62151,85,96,-11,11
62152,60,62,-2,2
62153,67,71,-4,4
62154,99,109,-10,10
62155,159,159,0,0
62156,86,94,-8,8
62157,75,60,15,15
62158,42,61,-19,19
62159,71,79,-8,8
62160,136,137,-1,1
62161,67,77,-10,10
62162,112,110,2,2
62163,71,72,-1,1
62164,48,62,-14,14
62165,139,138,1,1
62166,114,147,-33,33
62167,48,62,-14,14
62168,86,90,-4,4
62169,119,112,7,7
62170,94,95,-1,1
62171,105,107,-2,2
62172,104,97,7,7
62173,85,91,-6,6
62174,66,63,3,3
62175,93,92,1,1
62176,88,98,-10,10
62177,67,66,1,1
62178,91,99,-8,8
62179,110,112,-2,2
62180,80,75,5,5
62181,98,111,-13,13
62182,126,124,2,2
62183,52,63,-11,11
62184,63,68,-5,5
62185,91,100,-9,9
62186,103,104,-1,1
62187,68,66,2,2
62188,73,91,-18,18
62189,95,99,-4,4
62190,100,98,2,2
62191,111,98,13,13
62192,100,106,-6,6
62193,75,77,-2,2
62194,84,92,-8,8
62195,75,79,-4,4
62196,139,125,14,14
62197,105,109,-4,4
62198,84,98,-14,14
62199,137,122,15,15
62200,65,98,-33,33
62201,97,95,2,2
62202,78,82,-4,4
62203,122,126,-4,4
62204,72,78,-6,6
62205,80,103,-23,23
62206,132,118,14,14
62207,113,109,4,4
62208,121,115,6,6
62209,72,72,0,0
62210,95,101,-6,6
62211,124,121,3,3
62212,122,117,5,5
62213,152,147,5,5
62214,105,101,4,4
62215,103,106,-3,3
62216,111,102,9,9
62217,60,57,3,3
62218,75,108,-33,33
62219,69,73,-4,4
62220,85,80,5,5
62221,91,104,-13,13
62222,106,99,7,7
62223,76,91,-15,15
62224,43,62,-19,19
62225,65,60,5,5
62226,180,172,8,8
62227,38,60,-22,22
62228,86,88,-2,2
62229,77,82,-5,5
62230,110,111,-1,1
62231,111,111,0,0
62232,134,124,10,10
62233,123,130,-7,7
62234,67,70,-3,3
62235,77,89,-12,12
62236,95,106,-11,11
62237,94,99,-5,5
62238,131,128,3,3
62239,88,101,-13,13
62240,130,125,5,5
62241,78,78,0,0
62242,98,100,-2,2
62243,66,64,2,2
62244,63,66,-3,3
62245,85,81,4,4
62246,82,86,-4,4
62247,82,93,-11,11
62248,104,102,2,2
62249,120,113,7,7
62250,68,68,0,0
62251,108,112,-4,4
62252,101,98,3,3
62253,102,99,3,3
62254,161,157,4,4
62255,48,60,-12,12
62256,82,92,-10,10
62257,134,126,8,8
62258,102,98,4,4
62259,47,61,-14,14
62260,101,77,24,24
62261,103,100,3,3
62262,158,140,18,18
62263,79,86,-7,7
62264,126,119,7,7
62265,72,80,-8,8
62266,103,103,0,0
62267,86,97,-11,11
62268,73,84,-11,11
62269,150,138,12,12
62270,69,65,4,4
62271,89,86,3,3
62272,102,98,4,4
62273,89,94,-5,5
62274,92,99,-7,7
62275,91,97,-6,6
62276,69,70,-1,1
62277,31,62,-31,31
62278,62,60,2,2
62279,74,79,-5,5
62280,73,65,8,8
62281,92,80,12,12
62282,68,71,-3,3
62283,121,113,8,8
62284,160,151,9,9
62285,124,118,6,6
62286,71,66,5,5
62287,98,92,6,6
62288,85,87,-2,2
62289,93,92,1,1
62290,87,79,8,8
62291,210,171,39,39
62292,74,76,-2,2
62293,84,93,-9,9
62294,141,133,8,8
62295,68,68,0,0
62296,118,114,4,4
62297,75,78,-3,3
62298,150,143,7,7
62299,162,152,10,10
62300,59,62,-3,3
62301,82,84,-2,2
62302,118,112,6,6
62303,94,102,-8,8
62304,75,104,-29,29
62305,71,69,2,2
62306,131,125,6,6
62307,120,111,9,9
62308,91,97,-6,6
62309,112,105,7,7
62310,145,139,6,6
62311,93,88,5,5
62312,93,107,-14,14
62313,89,80,9,9
62314,110,104,6,6
62315,78,76,2,2
62316,80,76,4,4
62317,133,130,3,3
62318,50,61,-11,11
62319,82,83,-1,1
62320,145,130,15,15
62321,126,109,17,17
62322,105,105,0,0
62323,159,149,10,10
62324,118,119,-1,1
62325,142,132,10,10
62326,108,102,6,6
62327,110,109,1,1
62328,106,97,9,9
62329,119,117,2,2
62330,90,95,-5,5
62331,68,70,-2,2
62332,119,110,9,9
62333,162,152,10,10
62334,76,82,-6,6
62335,89,88,1,1
62336,57,61,-4,4
62337,79,81,-2,2
62338,72,77,-5,5
62339,110,99,11,11
62340,82,81,1,1
62341,76,70,6,6
62342,68,76,-8,8
62343,79,102,-23,23
62344,64,67,-3,3
62345,151,131,20,20
62346,64,63,1,1
62347,110,107,3,3
62348,78,69,9,9
62349,123,120,3,3
62350,118,113,5,5
62351,58,65,-7,7
62352,140,126,14,14
62353,128,117,11,11
62354,57,61,-4,4
62355,101,105,-4,4
62356,106,102,4,4
62357,71,78,-7,7
62358,61,64,-3,3
62359,187,158,29,29
62360,123,111,12,12
62361,64,61,3,3
62362,59,62,-3,3
62363,83,89,-6,6
62364,68,71,-3,3
62365,83,79,4,4
62366,111,107,4,4
62367,86,96,-10,10
62368,87,95,-8,8
62369,97,94,3,3
62370,76,74,2,2
62371,91,97,-6,6
62372,169,145,24,24
62373,51,63,-12,12
62374,57,72,-15,15
62375,168,166,2,2
62376,93,70,23,23
62377,93,94,-1,1
62378,98,91,7,7
62379,76,90,-14,14
62380,142,133,9,9
62381,60,61,-1,1
62382,118,109,9,9
62383,40,63,-23,23
62384,68,61,7,7
62385,75,69,6,6
62386,97,100,-3,3
62387,124,119,5,5
62388,68,63,5,5
62389,89,102,-13,13
62390,109,107,2,2
62391,53,61,-8,8
62392,112,109,3,3
62393,140,140,0,0
62394,113,105,8,8
62395,105,114,-9,9
62396,69,66,3,3
62397,98,117,-19,19
62398,150,144,6,6
62399,93,94,-1,1
62400,117,122,-5,5
62401,44,63,-19,19
62402,65,61,4,4
62403,78,71,7,7
62404,149,142,7,7
62405,75,70,5,5
62406,82,85,-3,3
62407,93,92,1,1
62408,129,140,-11,11
62409,46,62,-16,16
62410,56,62,-6,6
62411,99,87,12,12
62412,31,62,-31,31
62413,113,114,-1,1
62414,167,163,4,4
62415,113,113,0,0
62416,171,166,5,5
62417,71,75,-4,4
62418,103,105,-2,2
62419,76,83,-7,7
62420,64,61,3,3
62421,105,109,-4,4
62422,176,161,15,15
62423,127,115,12,12
62424,118,108,10,10
62425,88,102,-14,14
62426,133,131,2,2
62427,84,96,-12,12
62428,108,110,-2,2
62429,72,70,2,2
62430,128,122,6,6
62431,36,62,-26,26
62432,116,104,12,12
62433,105,108,-3,3
62434,85,91,-6,6
62435,48,62,-14,14
62436,142,123,19,19
62437,78,64,14,14
62438,72,80,-8,8
62439,255,238,17,17
62440,113,117,-4,4
62441,98,92,6,6
62442,143,130,13,13
62443,85,106,-21,21
62444,111,112,-1,1
62445,106,105,1,1
62446,111,112,-1,1
62447,84,80,4,4
62448,74,74,0,0
62449,87,93,-6,6
62450,133,131,2,2
62451,111,117,-6,6
62452,78,77,1,1
62453,83,91,-8,8
62454,117,107,10,10
62455,97,96,1,1
62456,127,126,1,1
62457,66,64,2,2
62458,124,113,11,11
62459,72,71,1,1
62460,108,99,9,9
62461,124,123,1,1
62462,137,118,19,19
62463,84,90,-6,6
62464,175,168,7,7
62465,32,62,-30,30
62466,127,111,16,16
62467,139,136,3,3
62468,84,123,-39,39
62469,138,138,0,0
62470,147,144,3,3
62471,49,63,-14,14
62472,87,91,-4,4
62473,71,73,-2,2
62474,89,77,12,12
62475,122,118,4,4
62476,110,114,-4,4
62477,112,111,1,1
62478,161,144,17,17
62479,78,92,-14,14
62480,84,92,-8,8
62481,96,96,0,0
62482,83,89,-6,6
62483,166,140,26,26
62484,69,65,4,4
62485,48,61,-13,13
62486,84,78,6,6
62487,113,98,15,15
62488,89,95,-6,6
62489,51,61,-10,10
62490,101,103,-2,2
62491,70,70,0,0
62492,107,101,6,6
62493,99,97,2,2
62494,142,131,11,11
62495,123,111,12,12
62496,81,80,1,1
62497,60,62,-2,2
62498,139,126,13,13
62499,93,95,-2,2
62500,123,128,-5,5
62501,101,81,20,20
62502,128,128,0,0
62503,72,72,0,0
62504,134,119,15,15
62505,89,93,-4,4
62506,162,147,15,15
62507,129,110,19,19
62508,97,100,-3,3
62509,63,74,-11,11
62510,88,94,-6,6
62511,47,62,-15,15
62512,163,145,18,18
62513,169,167,2,2
62514,88,90,-2,2
62515,116,113,3,3
62516,68,67,1,1
62517,66,69,-3,3
62518,75,81,-6,6
62519,79,86,-7,7
62520,132,130,2,2
62521,64,70,-6,6
62522,154,141,13,13
62523,159,134,25,25
62524,97,100,-3,3
62525,151,141,10,10
62526,64,67,-3,3
62527,86,78,8,8
62528,86,114,-28,28
62529,105,104,1,1
62530,135,131,4,4
62531,78,92,-14,14
62532,180,155,25,25
62533,126,112,14,14
62534,115,116,-1,1
62535,95,109,-14,14
62536,123,111,12,12
62537,49,57,-8,8
62538,94,100,-6,6
62539,170,159,11,11
62540,92,92,0,0
62541,101,106,-5,5
62542,93,96,-3,3
62543,123,136,-13,13
62544,83,74,9,9
62545,122,112,10,10
62546,109,122,-13,13
62547,67,59,8,8
62548,59,62,-3,3
62549,79,73,6,6
62550,82,92,-10,10
62551,69,70,-1,1
62552,83,95,-12,12
62553,116,108,8,8
62554,202,169,33,33
62555,92,104,-12,12
62556,95,93,2,2
62557,104,109,-5,5
62558,124,115,9,9
62559,203,184,19,19
62560,95,96,-1,1
62561,131,125,6,6
62562,42,62,-20,20
62563,106,90,16,16
62564,40,60,-20,20
62565,81,88,-7,7
62566,125,113,12,12
62567,82,88,-6,6
62568,121,110,11,11
62569,85,97,-12,12
62570,104,95,9,9
62571,82,80,2,2
62572,76,71,5,5
62573,60,63,-3,3
62574,91,74,17,17
62575,96,101,-5,5
62576,118,112,6,6
62577,101,95,6,6
62578,140,135,5,5
62579,153,146,7,7
62580,115,123,-8,8
62581,38,58,-20,20
62582,74,74,0,0
62583,28,62,-34,34
62584,65,68,-3,3
62585,113,118,-5,5
62586,109,110,-1,1
62587,93,95,-2,2
62588,87,89,-2,2
62589,54,60,-6,6
62590,125,122,3,3
62591,141,134,7,7
62592,114,116,-2,2
62593,122,116,6,6
62594,138,133,5,5
62595,98,95,3,3
62596,84,92,-8,8
62597,118,117,1,1
62598,114,118,-4,4
62599,69,74,-5,5
62600,47,63,-16,16
62601,72,61,11,11
62602,72,63,9,9
62603,85,91,-6,6
62604,48,62,-14,14
62605,96,95,1,1
62606,90,93,-3,3
62607,99,94,5,5
62608,122,126,-4,4
62609,60,65,-5,5
62610,80,88,-8,8
62611,79,88,-9,9
62612,54,60,-6,6
62613,90,96,-6,6
62614,84,95,-11,11
62615,98,99,-1,1
62616,106,103,3,3
62617,70,78,-8,8
62618,93,87,6,6
62619,81,81,0,0
62620,108,105,3,3
62621,66,69,-3,3
62622,92,92,0,0
62623,58,61,-3,3
62624,80,79,1,1
62625,72,75,-3,3
62626,92,93,-1,1
62627,114,119,-5,5
62628,149,131,18,18
62629,85,83,2,2
62630,61,61,0,0
62631,104,99,5,5
62632,100,94,6,6
62633,132,128,4,4
62634,132,123,9,9
62635,114,105,9,9
62636,89,96,-7,7
62637,52,62,-10,10
62638,51,62,-11,11
62639,109,117,-8,8
62640,112,118,-6,6
62641,80,77,3,3
62642,158,170,-12,12
62643,103,103,0,0
62644,59,63,-4,4
62645,118,109,9,9
62646,114,108,6,6
62647,101,99,2,2
62648,64,67,-3,3
62649,75,76,-1,1
62650,110,99,11,11
62651,168,176,-8,8
62652,109,99,10,10
62653,106,107,-1,1
62654,32,81,-49,49
62655,86,96,-10,10
62656,185,148,37,37
62657,125,139,-14,14
62658,48,62,-14,14
62659,128,126,2,2
62660,138,138,0,0
62661,75,67,8,8
62662,84,108,-24,24
62663,115,102,13,13
62664,58,67,-9,9
62665,97,100,-3,3
62666,152,131,21,21
62667,94,99,-5,5
62668,114,118,-4,4
62669,130,131,-1,1
62670,61,65,-4,4
62671,185,160,25,25
62672,110,108,2,2
62673,58,62,-4,4
62674,79,91,-12,12
62675,79,75,4,4
62676,93,91,2,2
62677,129,125,4,4
62678,134,130,4,4
62679,98,104,-6,6
62680,162,153,9,9
62681,83,90,-7,7
62682,107,98,9,9
62683,98,111,-13,13
62684,131,117,14,14
62685,57,61,-4,4
62686,153,139,14,14
62687,126,120,6,6
62688,89,92,-3,3
62689,68,65,3,3
62690,131,122,9,9
62691,68,81,-13,13
62692,94,89,5,5
62693,135,119,16,16
62694,96,98,-2,2
62695,95,103,-8,8
62696,90,92,-2,2
62697,55,61,-6,6
62698,108,112,-4,4
62699,36,61,-25,25
62700,73,68,5,5
62701,73,86,-13,13
62702,102,102,0,0
62703,52,62,-10,10
62704,22,50,-28,28
62705,102,96,6,6
62706,136,120,16,16
62707,83,90,-7,7
62708,76,75,1,1
62709,135,129,6,6
62710,116,117,-1,1
62711,69,70,-1,1
62712,42,62,-20,20
62713,86,74,12,12
62714,131,130,1,1
62715,119,115,4,4
62716,65,64,1,1
62717,100,107,-7,7
62718,65,67,-2,2
62719,73,73,0,0
62720,63,63,0,0
62721,115,147,-32,32
62722,164,146,18,18
62723,146,142,4,4
62724,64,66,-2,2
62725,101,99,2,2
62726,124,121,3,3
62727,74,87,-13,13
62728,92,79,13,13
62729,90,90,0,0
62730,93,93,0,0
62731,76,83,-7,7
62732,133,130,3,3
62733,54,61,-7,7
62734,147,128,19,19
62735,107,108,-1,1
62736,132,120,12,12
62737,129,117,12,12
62738,95,94,1,1
62739,78,92,-14,14
62740,93,94,-1,1
62741,85,94,-9,9
62742,138,147,-9,9
62743,106,111,-5,5
62744,45,61,-16,16
62745,50,63,-13,13
62746,55,55,0,0
62747,44,64,-20,20
62748,70,70,0,0
62749,125,118,7,7
62750,82,86,-4,4
62751,80,80,0,0
62752,120,116,4,4
62753,100,98,2,2
62754,70,63,7,7
62755,65,66,-1,1
62756,96,103,-7,7
62757,93,97,-4,4
62758,106,100,6,6
62759,168,147,21,21
62760,169,154,15,15
62761,95,109,-14,14
62762,95,97,-2,2
62763,81,75,6,6
62764,65,81,-16,16
62765,64,82,-18,18
62766,62,84,-22,22
62767,119,117,2,2
62768,93,92,1,1
62769,77,76,1,1
62770,141,137,4,4
62771,66,70,-4,4
62772,76,92,-16,16
62773,148,136,12,12
62774,57,69,-12,12
62775,78,65,13,13
62776,134,116,18,18
62777,133,124,9,9
62778,66,70,-4,4
62779,75,67,8,8
62780,97,94,3,3
62781,131,125,6,6
62782,171,156,15,15
62783,222,211,11,11
62784,102,104,-2,2
62785,60,65,-5,5
62786,144,140,4,4
62787,43,62,-19,19
62788,82,78,4,4
62789,84,85,-1,1
62790,92,100,-8,8
62791,94,81,13,13
62792,179,170,9,9
62793,119,118,1,1
62794,61,66,-5,5
62795,93,101,-8,8
62796,53,62,-9,9
62797,142,141,1,1
62798,69,67,2,2
62799,90,96,-6,6
62800,139,133,6,6
62801,90,109,-19,19
62802,56,62,-6,6
62803,113,116,-3,3
62804,91,96,-5,5
62805,86,91,-5,5
62806,111,105,6,6
62807,74,69,5,5
62808,139,124,15,15
62809,96,92,4,4
62810,105,101,4,4
62811,139,134,5,5
62812,61,65,-4,4
62813,70,70,0,0
62814,70,73,-3,3
62815,61,63,-2,2
62816,127,130,-3,3
62817,92,101,-9,9
62818,120,107,13,13
62819,52,62,-10,10
62820,86,90,-4,4
62821,62,62,0,0
62822,101,121,-20,20
62823,85,102,-17,17
62824,96,104,-8,8
62825,105,105,0,0
62826,122,119,3,3
62827,116,111,5,5
62828,98,84,14,14
62829,154,145,9,9
62830,100,98,2,2
62831,164,150,14,14
62832,162,148,14,14
62833,136,139,-3,3
62834,62,68,-6,6
62835,178,168,10,10
62836,109,97,12,12
62837,121,108,13,13
62838,108,119,-11,11
62839,84,88,-4,4
62840,131,117,14,14
62841,122,109,13,13
62842,64,71,-7,7
62843,84,88,-4,4
62844,72,69,3,3
62845,185,159,26,26
62846,77,76,1,1
62847,137,153,-16,16
62848,93,105,-12,12
62849,86,102,-16,16
62850,144,125,19,19
62851,78,94,-16,16
62852,61,66,-5,5
62853,129,116,13,13
62854,52,64,-12,12
62855,195,175,20,20
62856,87,93,-6,6
62857,101,102,-1,1
62858,103,118,-15,15
62859,169,153,16,16
62860,104,103,1,1
62861,80,76,4,4
62862,40,61,-21,21
62863,90,97,-7,7
62864,89,100,-11,11
62865,105,103,2,2
62866,86,95,-9,9
62867,133,122,11,11
62868,89,89,0,0
62869,64,61,3,3
62870,94,106,-12,12
62871,86,96,-10,10
62872,128,123,5,5
62873,53,61,-8,8
62874,91,81,10,10
62875,74,73,1,1
62876,64,65,-1,1
62877,81,72,9,9
62878,66,66,0,0
62879,76,68,8,8
62880,91,94,-3,3
62881,76,76,0,0
62882,109,103,6,6
62883,77,73,4,4
62884,76,78,-2,2
62885,110,99,11,11
62886,88,91,-3,3
62887,120,113,7,7
62888,127,123,4,4
62889,106,111,-5,5
62890,201,180,21,21
62891,111,109,2,2
62892,231,203,28,28
62893,59,64,-5,5
62894,150,137,13,13
62895,141,129,12,12
62896,62,62,0,0
62897,191,180,11,11
62898,119,116,3,3
62899,72,82,-10,10
62900,103,103,0,0
62901,79,90,-11,11
62902,106,107,-1,1
62903,104,118,-14,14
62904,88,97,-9,9
62905,78,115,-37,37
62906,81,94,-13,13
62907,98,103,-5,5
62908,123,118,5,5
62909,142,147,-5,5
62910,74,73,1,1
62911,163,146,17,17
62912,102,94,8,8
62913,60,61,-1,1
62914,133,118,15,15
62915,59,60,-1,1
62916,47,62,-15,15
62917,86,93,-7,7
62918,124,114,10,10
62919,28,62,-34,34
62920,59,60,-1,1
62921,124,137,-13,13
62922,105,102,3,3
62923,103,101,2,2
62924,80,81,-1,1
62925,82,77,5,5
62926,84,80,4,4
62927,128,122,6,6
62928,101,106,-5,5
62929,72,71,1,1
62930,89,79,10,10
62931,119,116,3,3
62932,181,167,14,14
62933,146,141,5,5
62934,58,63,-5,5
62935,80,71,9,9
62936,37,61,-24,24
62937,45,62,-17,17
62938,95,105,-10,10
62939,108,107,1,1
62940,79,71,8,8
62941,85,74,11,11
62942,53,62,-9,9
62943,211,184,27,27
62944,103,104,-1,1
62945,77,75,2,2
62946,75,68,7,7
62947,95,98,-3,3
62948,102,97,5,5
62949,77,82,-5,5
62950,54,56,-2,2
62951,110,105,5,5
62952,121,113,8,8
62953,89,76,13,13
62954,93,100,-7,7
62955,44,61,-17,17
62956,84,98,-14,14
62957,135,122,13,13
62958,66,61,5,5
62959,104,113,-9,9
62960,141,131,10,10
62961,98,98,0,0
62962,90,99,-9,9
62963,115,109,6,6
62964,109,110,-1,1
62965,69,78,-9,9
62966,64,61,3,3
62967,185,165,20,20
62968,114,109,5,5
62969,191,170,21,21
62970,49,62,-13,13
62971,83,93,-10,10
62972,100,104,-4,4
62973,98,94,4,4
62974,69,79,-10,10
62975,103,95,8,8
62976,148,150,-2,2
62977,81,72,9,9
62978,151,143,8,8
62979,70,60,10,10
62980,88,87,1,1
62981,93,100,-7,7
62982,60,93,-33,33
62983,88,82,6,6
62984,63,66,-3,3
62985,92,90,2,2
62986,108,111,-3,3
62987,78,119,-41,41
62988,156,135,21,21
62989,63,63,0,0
62990,58,65,-7,7
62991,38,62,-24,24
62992,107,102,5,5
62993,101,97,4,4
62994,65,68,-3,3
62995,120,120,0,0
62996,101,98,3,3
62997,106,99,7,7
62998,72,70,2,2
62999,127,116,11,11
63000,65,66,-1,1
63001,126,111,15,15
63002,113,111,2,2
63003,104,112,-8,8
63004,152,141,11,11
63005,57,63,-6,6
63006,83,75,8,8
63007,101,103,-2,2
63008,81,82,-1,1
63009,54,64,-10,10
63010,80,81,-1,1
63011,83,92,-9,9
63012,31,64,-33,33
63013,64,65,-1,1
63014,159,155,4,4
63015,133,123,10,10
63016,116,119,-3,3
63017,57,61,-4,4
63018,99,96,3,3
63019,62,61,1,1
63020,90,91,-1,1
63021,117,113,4,4
63022,142,126,16,16
63023,177,156,21,21
63024,59,63,-4,4
63025,89,101,-12,12
63026,69,65,4,4
63027,63,70,-7,7
63028,46,79,-33,33
63029,136,140,-4,4
63030,105,117,-12,12
63031,127,131,-4,4
63032,66,71,-5,5
63033,138,133,5,5
63034,71,70,1,1
63035,97,99,-2,2
63036,112,111,1,1
63037,77,84,-7,7
63038,57,62,-5,5
63039,84,92,-8,8
63040,85,78,7,7
63041,111,104,7,7
63042,123,117,6,6
63043,110,115,-5,5
63044,114,118,-4,4
63045,111,133,-22,22
63046,71,81,-10,10
63047,93,91,2,2
63048,343,315,28,28
63049,72,74,-2,2
63050,186,158,28,28
63051,62,63,-1,1
63052,79,81,-2,2
63053,129,130,-1,1
63054,121,135,-14,14
63055,105,103,2,2
63056,157,142,15,15
63057,115,107,8,8
63058,78,76,2,2
63059,179,179,0,0
63060,80,79,1,1
63061,113,117,-4,4
63062,87,93,-6,6
63063,95,98,-3,3
63064,95,102,-7,7
63065,104,102,2,2
63066,88,92,-4,4
63067,61,67,-6,6
63068,63,61,2,2
63069,87,104,-17,17
63070,157,158,-1,1
63071,92,129,-37,37
63072,53,62,-9,9
63073,128,117,11,11
63074,114,112,2,2
63075,95,99,-4,4
63076,102,104,-2,2
63077,120,120,0,0
63078,110,119,-9,9
63079,207,189,18,18
63080,103,105,-2,2
63081,55,61,-6,6
63082,98,96,2,2
63083,99,102,-3,3
63084,94,97,-3,3
63085,82,93,-11,11
63086,60,91,-31,31
63087,95,106,-11,11
63088,113,106,7,7
63089,113,111,2,2
63090,105,101,4,4
63091,80,68,12,12
63092,104,113,-9,9
63093,97,98,-1,1
63094,62,63,-1,1
63095,62,74,-12,12
63096,85,94,-9,9
63097,114,124,-10,10
63098,72,64,8,8
63099,82,77,5,5
63100,94,90,4,4
63101,90,95,-5,5
63102,110,100,10,10
63103,90,83,7,7
63104,80,85,-5,5
63105,109,99,10,10
63106,61,64,-3,3
63107,185,172,13,13
63108,117,116,1,1
63109,139,132,7,7
63110,56,61,-5,5
63111,74,70,4,4
63112,107,110,-3,3
63113,78,90,-12,12
63114,51,61,-10,10
63115,87,90,-3,3
63116,114,110,4,4
63117,83,87,-4,4
63118,137,125,12,12
63119,117,112,5,5
63120,87,98,-11,11
63121,69,77,-8,8
63122,86,93,-7,7
63123,150,145,5,5
63124,162,150,12,12
63125,87,94,-7,7
63126,68,64,4,4
63127,68,66,2,2
63128,126,118,8,8
63129,109,102,7,7
63130,106,118,-12,12
63131,114,109,5,5
63132,136,140,-4,4
63133,128,112,16,16
63134,109,116,-7,7
63135,114,114,0,0
63136,102,105,-3,3
63137,144,132,12,12
63138,52,63,-11,11
63139,73,88,-15,15
63140,116,110,6,6
63141,111,99,12,12
63142,106,107,-1,1
63143,125,125,0,0
63144,119,105,14,14
63145,77,83,-6,6
63146,78,75,3,3
63147,62,63,-1,1
63148,80,93,-13,13
63149,101,104,-3,3
63150,130,133,-3,3
63151,165,150,15,15
63152,88,79,9,9
63153,97,119,-22,22
63154,125,113,12,12
63155,55,61,-6,6
63156,76,85,-9,9
63157,124,126,-2,2
63158,82,86,-4,4
63159,60,66,-6,6
63160,107,104,3,3
63161,109,110,-1,1
63162,162,148,14,14
63163,95,122,-27,27
63164,54,62,-8,8
63165,125,117,8,8
63166,107,99,8,8
63167,74,65,9,9
63168,155,144,11,11
63169,77,84,-7,7
63170,80,73,7,7
63171,122,122,0,0
63172,71,80,-9,9
63173,112,104,8,8
63174,61,67,-6,6
63175,88,97,-9,9
63176,171,150,21,21
63177,98,100,-2,2
63178,59,64,-5,5
63179,150,144,6,6
63180,94,98,-4,4
63181,112,109,3,3
63182,113,99,14,14
63183,92,96,-4,4
63184,121,119,2,2
63185,101,99,2,2
63186,82,84,-2,2
63187,125,108,17,17
63188,74,71,3,3
63189,68,66,2,2
63190,104,107,-3,3
63191,80,93,-13,13
63192,101,95,6,6
63193,96,103,-7,7
63194,96,96,0,0
63195,79,92,-13,13
63196,75,74,1,1
63197,121,117,4,4
63198,173,154,19,19
63199,123,115,8,8
63200,124,115,9,9
63201,123,115,8,8
63202,129,128,1,1
63203,119,106,13,13
63204,107,109,-2,2
63205,117,111,6,6
63206,74,77,-3,3
63207,72,86,-14,14
63208,92,101,-9,9
63209,102,98,4,4
63210,123,129,-6,6
63211,119,126,-7,7
63212,71,70,1,1
63213,64,70,-6,6
63214,108,103,5,5
63215,140,124,16,16
63216,90,95,-5,5
63217,128,124,4,4
63218,99,101,-2,2
63219,82,98,-16,16
63220,156,147,9,9
63221,137,129,8,8
63222,78,69,9,9
63223,95,99,-4,4
63224,82,98,-16,16
63225,90,95,-5,5
63226,64,64,0,0
63227,73,77,-4,4
63228,53,63,-10,10
63229,123,120,3,3
63230,62,63,-1,1
63231,92,100,-8,8
63232,123,114,9,9
63233,125,114,11,11
63234,41,61,-20,20
63235,187,171,16,16
63236,91,99,-8,8
63237,76,81,-5,5
63238,176,155,21,21
63239,93,101,-8,8
63240,87,99,-12,12
63241,89,96,-7,7
63242,88,86,2,2
63243,99,99,0,0
63244,134,117,17,17
63245,95,99,-4,4
63246,105,104,1,1
63247,42,62,-20,20
63248,96,94,2,2
63249,50,63,-13,13
63250,63,65,-2,2
63251,95,107,-12,12
63252,99,97,2,2
63253,109,135,-26,26
63254,133,115,18,18
63255,90,82,8,8
63256,71,68,3,3
63257,58,94,-36,36
63258,173,158,15,15
63259,77,69,8,8
63260,88,69,19,19
63261,72,70,2,2
63262,116,108,8,8
63263,61,64,-3,3
63264,94,87,7,7
63265,117,122,-5,5
63266,114,112,2,2
63267,147,133,14,14
63268,125,116,9,9
63269,100,109,-9,9
63270,101,95,6,6
63271,112,118,-6,6
63272,94,90,4,4
63273,119,112,7,7
63274,154,146,8,8
63275,82,82,0,0
63276,58,65,-7,7
63277,131,131,0,0
63278,82,101,-19,19
63279,96,98,-2,2
63280,80,76,4,4
63281,118,118,0,0
63282,51,66,-15,15
63283,164,147,17,17
63284,77,104,-27,27
63285,144,140,4,4
63286,132,130,2,2
63287,89,91,-2,2
63288,78,74,4,4
63289,51,63,-12,12
63290,100,105,-5,5
63291,108,106,2,2
63292,143,126,17,17
63293,88,85,3,3
63294,67,65,2,2
63295,121,124,-3,3
63296,90,86,4,4
63297,65,68,-3,3
63298,79,80,-1,1
63299,144,133,11,11
63300,55,62,-7,7
63301,78,81,-3,3
63302,82,100,-18,18
63303,78,79,-1,1
63304,160,155,5,5
63305,89,87,2,2
63306,101,109,-8,8
63307,114,101,13,13
63308,86,78,8,8
63309,155,149,6,6
63310,105,113,-8,8
63311,76,69,7,7
63312,149,137,12,12
63313,99,109,-10,10
63314,120,108,12,12
63315,69,68,1,1
63316,102,102,0,0
63317,59,61,-2,2
63318,54,68,-14,14
63319,107,100,7,7
63320,60,59,1,1
63321,70,65,5,5
63322,219,205,14,14
63323,83,85,-2,2
63324,68,65,3,3
63325,89,93,-4,4
63326,68,77,-9,9
63327,108,114,-6,6
63328,94,106,-12,12
63329,90,97,-7,7
63330,171,167,4,4
63331,35,62,-27,27
63332,39,59,-20,20
63333,80,117,-37,37
63334,69,68,1,1
63335,109,107,2,2
63336,112,117,-5,5
63337,127,126,1,1
63338,87,93,-6,6
63339,60,139,-79,79
63340,67,74,-7,7
63341,151,140,11,11
63342,115,110,5,5
63343,86,95,-9,9
63344,97,90,7,7
63345,128,119,9,9
63346,137,118,19,19
63347,102,108,-6,6
63348,76,83,-7,7
63349,33,62,-29,29
63350,89,93,-4,4
63351,68,67,1,1
63352,55,60,-5,5
63353,104,108,-4,4
63354,98,102,-4,4
63355,67,65,2,2
63356,103,109,-6,6
63357,87,90,-3,3
63358,92,94,-2,2
63359,97,91,6,6
63360,144,135,9,9
63361,94,115,-21,21
63362,95,83,12,12
63363,131,119,12,12
63364,102,98,4,4
63365,132,126,6,6
63366,83,90,-7,7
63367,127,127,0,0
63368,71,67,4,4
63369,86,90,-4,4
63370,202,176,26,26
63371,181,164,17,17
63372,129,128,1,1
63373,112,107,5,5
63374,118,117,1,1
63375,46,62,-16,16
63376,120,109,11,11
63377,55,64,-9,9
63378,141,131,10,10
63379,92,92,0,0
63380,137,135,2,2
63381,59,62,-3,3
63382,192,191,1,1
63383,144,143,1,1
63384,91,97,-6,6
63385,111,111,0,0
63386,52,61,-9,9
63387,135,124,11,11
63388,43,57,-14,14
63389,138,124,14,14
63390,159,140,19,19
63391,88,96,-8,8
63392,63,62,1,1
63393,90,95,-5,5
63394,101,95,6,6
63395,72,71,1,1
63396,64,62,2,2
63397,81,76,5,5
63398,94,98,-4,4
63399,125,137,-12,12
63400,64,65,-1,1
63401,68,68,0,0
63402,77,90,-13,13
63403,125,126,-1,1
63404,68,67,1,1
63405,131,128,3,3
63406,72,69,3,3
63407,113,106,7,7
63408,136,137,-1,1
63409,136,122,14,14
63410,129,114,15,15
63411,118,109,9,9
63412,79,75,4,4
63413,98,96,2,2
63414,117,112,5,5
63415,98,106,-8,8
63416,30,58,-28,28
63417,76,84,-8,8
63418,87,86,1,1
63419,110,107,3,3
63420,80,88,-8,8
63421,48,62,-14,14
63422,120,112,8,8
63423,98,103,-5,5
63424,43,61,-18,18
63425,84,85,-1,1
63426,62,64,-2,2
63427,165,160,5,5
63428,56,62,-6,6
63429,85,91,-6,6
63430,109,103,6,6
63431,149,139,10,10
63432,55,60,-5,5
63433,89,99,-10,10
63434,68,78,-10,10
63435,68,67,1,1
63436,146,138,8,8
63437,112,108,4,4
63438,104,100,4,4
63439,49,64,-15,15
63440,67,62,5,5
63441,70,81,-11,11
63442,109,104,5,5
63443,56,62,-6,6
63444,148,139,9,9
63445,97,103,-6,6
63446,79,83,-4,4
63447,116,105,11,11
63448,97,98,-1,1
63449,79,87,-8,8
63450,74,68,6,6
63451,67,62,5,5
63452,118,111,7,7
63453,72,78,-6,6
63454,128,109,19,19
63455,113,113,0,0
63456,103,108,-5,5
63457,86,95,-9,9
63458,59,65,-6,6
63459,114,121,-7,7
63460,125,128,-3,3
63461,105,101,4,4
63462,70,67,3,3
63463,147,133,14,14
63464,90,85,5,5
63465,81,94,-13,13
63466,65,75,-10,10
63467,63,62,1,1
63468,110,108,2,2
63469,108,101,7,7
63470,62,78,-16,16
63471,107,104,3,3
63472,47,61,-14,14
63473,76,80,-4,4
63474,92,97,-5,5
63475,129,126,3,3
63476,87,92,-5,5
63477,90,80,10,10
63478,75,76,-1,1
63479,69,75,-6,6
63480,61,66,-5,5
63481,76,72,4,4
63482,49,62,-13,13
63483,133,122,11,11
63484,147,147,0,0
63485,115,109,6,6
63486,88,98,-10,10
63487,70,70,0,0
63488,77,76,1,1
63489,64,64,0,0
63490,182,159,23,23
63491,103,98,5,5
63492,91,96,-5,5
63493,104,102,2,2
63494,67,59,8,8
63495,90,95,-5,5
63496,81,89,-8,8
63497,140,133,7,7
63498,64,68,-4,4
63499,132,125,7,7
63500,64,64,0,0
63501,117,114,3,3
63502,86,98,-12,12
63503,216,187,29,29
63504,129,117,12,12
63505,107,109,-2,2
63506,114,110,4,4
63507,99,95,4,4
63508,232,196,36,36
63509,81,87,-6,6
63510,117,116,1,1
63511,142,138,4,4
63512,33,62,-29,29
63513,80,83,-3,3
63514,95,94,1,1
63515,84,80,4,4
63516,111,116,-5,5
63517,53,61,-8,8
63518,47,63,-16,16
63519,80,88,-8,8
63520,81,82,-1,1
63521,74,70,4,4
63522,49,62,-13,13
63523,124,109,15,15
63524,98,94,4,4
63525,155,150,5,5
63526,58,63,-5,5
63527,111,107,4,4
63528,99,115,-16,16
63529,124,115,9,9
63530,62,58,4,4
63531,55,73,-18,18
63532,72,71,1,1
63533,62,62,0,0
63534,74,69,5,5
63535,76,65,11,11
63536,102,99,3,3
63537,87,96,-9,9
63538,136,127,9,9
63539,89,85,4,4
63540,68,67,1,1
63541,67,67,0,0
63542,97,103,-6,6
63543,123,114,9,9
63544,170,146,24,24
63545,120,120,0,0
63546,110,114,-4,4
63547,100,120,-20,20
63548,37,61,-24,24
63549,84,70,14,14
63550,62,65,-3,3
63551,145,133,12,12
63552,106,104,2,2
63553,115,109,6,6
63554,126,126,0,0
63555,141,146,-5,5
63556,92,93,-1,1
63557,110,109,1,1
63558,59,69,-10,10
63559,90,88,2,2
63560,77,75,2,2
63561,70,72,-2,2
63562,77,76,1,1
63563,79,72,7,7
63564,154,141,13,13
63565,137,134,3,3
63566,106,107,-1,1
63567,116,111,5,5
63568,119,107,12,12
63569,65,62,3,3
63570,139,128,11,11
63571,145,133,12,12
63572,141,133,8,8
63573,119,110,9,9
63574,70,72,-2,2
63575,78,78,0,0
63576,75,67,8,8
63577,100,99,1,1
63578,163,145,18,18
63579,162,149,13,13
63580,153,143,10,10
63581,94,99,-5,5
63582,74,70,4,4
63583,88,92,-4,4
63584,67,71,-4,4
63585,100,109,-9,9
63586,117,123,-6,6
63587,80,76,4,4
63588,95,90,5,5
63589,77,78,-1,1
63590,121,122,-1,1
63591,141,131,10,10
63592,83,74,9,9
63593,55,62,-7,7
63594,87,80,7,7
63595,76,79,-3,3
63596,116,105,11,11
63597,162,194,-32,32
63598,114,110,4,4
63599,79,79,0,0
63600,117,120,-3,3
63601,54,62,-8,8
63602,87,94,-7,7
63603,124,122,2,2
63604,101,105,-4,4
63605,53,62,-9,9
63606,133,127,6,6
63607,75,93,-18,18
63608,78,92,-14,14
63609,69,81,-12,12
63610,40,62,-22,22
63611,84,87,-3,3
63612,94,98,-4,4
63613,75,68,7,7
63614,95,96,-1,1
63615,82,100,-18,18
63616,75,74,1,1
63617,141,118,23,23
63618,98,104,-6,6
63619,101,112,-11,11
63620,49,62,-13,13
63621,45,63,-18,18
63622,94,97,-3,3
63623,132,110,22,22
63624,122,112,10,10
63625,96,99,-3,3
63626,89,91,-2,2
63627,114,114,0,0
63628,112,106,6,6
63629,55,66,-11,11
63630,63,64,-1,1
63631,133,115,18,18
63632,71,82,-11,11
63633,81,74,7,7
63634,104,106,-2,2
63635,97,84,13,13
63636,103,109,-6,6
63637,110,100,10,10
63638,91,94,-3,3
63639,60,63,-3,3
63640,58,63,-5,5
63641,91,93,-2,2
63642,69,72,-3,3
63643,75,86,-11,11
63644,175,171,4,4
63645,62,63,-1,1
63646,121,118,3,3
63647,64,63,1,1
63648,103,98,5,5
63649,109,87,22,22
63650,111,103,8,8
63651,87,81,6,6
63652,146,132,14,14
63653,68,71,-3,3
63654,69,66,3,3
63655,79,95,-16,16
63656,111,131,-20,20
63657,72,69,3,3
63658,110,105,5,5
63659,106,107,-1,1
63660,112,102,10,10
63661,85,80,5,5
63662,153,151,2,2
63663,102,89,13,13
63664,75,79,-4,4
63665,123,115,8,8
63666,80,97,-17,17
63667,81,84,-3,3
63668,76,78,-2,2
63669,107,142,-35,35
63670,163,152,11,11
63671,75,88,-13,13
63672,83,84,-1,1
63673,72,66,6,6
63674,73,74,-1,1
63675,47,61,-14,14
63676,127,119,8,8
63677,31,61,-30,30
63678,88,83,5,5
63679,131,129,2,2
63680,140,146,-6,6
63681,172,162,10,10
63682,86,82,4,4
63683,137,125,12,12
63684,108,104,4,4
63685,67,68,-1,1
63686,157,167,-10,10
63687,42,61,-19,19
63688,81,83,-2,2
63689,96,90,6,6
63690,189,184,5,5
63691,97,109,-12,12
63692,82,93,-11,11
63693,105,97,8,8
63694,107,99,8,8
63695,81,87,-6,6
63696,44,61,-17,17
63697,93,97,-4,4
63698,63,63,0,0
63699,46,107,-61,61
63700,128,137,-9,9
63701,133,139,-6,6
63702,40,62,-22,22
63703,119,112,7,7
63704,100,94,6,6
63705,96,96,0,0
63706,84,91,-7,7
63707,188,175,13,13
63708,66,69,-3,3
63709,145,138,7,7
63710,50,62,-12,12
63711,74,74,0,0
63712,82,85,-3,3
63713,92,107,-15,15
63714,131,125,6,6
63715,69,68,1,1
63716,97,88,9,9
63717,137,129,8,8
63718,98,101,-3,3
63719,67,71,-4,4
63720,107,114,-7,7
63721,49,61,-12,12
63722,76,73,3,3
63723,66,65,1,1
63724,170,152,18,18
63725,101,106,-5,5
63726,95,83,12,12
63727,76,75,1,1
63728,82,80,2,2
63729,84,81,3,3
63730,106,112,-6,6
63731,64,73,-9,9
63732,91,95,-4,4
63733,86,89,-3,3
63734,54,61,-7,7
63735,82,101,-19,19
63736,89,96,-7,7
63737,97,98,-1,1
63738,161,144,17,17
63739,48,62,-14,14
63740,109,105,4,4
63741,159,143,16,16
63742,106,109,-3,3
63743,181,153,28,28
63744,129,131,-2,2
63745,101,108,-7,7
63746,114,107,7,7
63747,126,115,11,11
63748,168,145,23,23
63749,95,105,-10,10
63750,80,87,-7,7
63751,96,94,2,2
63752,35,52,-17,17
63753,73,73,0,0
63754,89,90,-1,1
63755,107,99,8,8
63756,88,95,-7,7
63757,92,98,-6,6
63758,91,79,12,12
63759,91,83,8,8
63760,120,131,-11,11
63761,82,81,1,1
63762,80,90,-10,10
63763,55,61,-6,6
63764,76,65,11,11
63765,72,70,2,2
63766,105,101,4,4
63767,113,110,3,3
63768,67,66,1,1
63769,101,105,-4,4
63770,80,94,-14,14
63771,80,92,-12,12
63772,96,94,2,2
63773,71,87,-16,16
63774,148,145,3,3
63775,72,68,4,4
63776,127,127,0,0
63777,75,77,-2,2
63778,83,92,-9,9
63779,90,98,-8,8
63780,86,93,-7,7
63781,75,82,-7,7
63782,72,75,-3,3
63783,70,59,11,11
63784,105,104,1,1
63785,41,56,-15,15
63786,68,69,-1,1
63787,86,82,4,4
63788,64,60,4,4
63789,86,95,-9,9
63790,51,62,-11,11
63791,124,112,12,12
63792,88,95,-7,7
63793,93,96,-3,3
63794,54,67,-13,13
63795,71,63,8,8
63796,132,129,3,3
63797,101,98,3,3
63798,172,150,22,22
63799,176,164,12,12
63800,173,169,4,4
63801,130,124,6,6
63802,79,78,1,1
63803,102,105,-3,3
63804,133,124,9,9
63805,90,70,20,20
63806,102,99,3,3
63807,65,63,2,2
63808,128,126,2,2
63809,159,129,30,30
63810,57,62,-5,5
63811,171,155,16,16
63812,66,72,-6,6
63813,165,146,19,19
63814,51,61,-10,10
63815,111,110,1,1
63816,211,177,34,34
63817,89,88,1,1
63818,74,76,-2,2
63819,86,100,-14,14
63820,129,111,18,18
63821,67,63,4,4
63822,112,110,2,2
63823,102,91,11,11
63824,76,76,0,0
63825,67,80,-13,13
63826,96,95,1,1
63827,115,116,-1,1
63828,95,99,-4,4
63829,129,123,6,6
63830,78,73,5,5
63831,58,63,-5,5
63832,93,95,-2,2
63833,53,62,-9,9
63834,62,64,-2,2
63835,89,93,-4,4
63836,110,104,6,6
63837,109,115,-6,6
63838,34,60,-26,26
63839,94,90,4,4
63840,54,63,-9,9
63841,111,112,-1,1
63842,128,128,0,0
63843,141,138,3,3
63844,92,95,-3,3
63845,102,93,9,9
63846,94,101,-7,7
63847,130,119,11,11
63848,93,99,-6,6
63849,86,71,15,15
63850,102,100,2,2
63851,137,119,18,18
63852,55,61,-6,6
63853,118,113,5,5
63854,121,114,7,7
63855,155,142,13,13
63856,71,78,-7,7
63857,140,132,8,8
63858,64,70,-6,6
63859,110,115,-5,5
63860,119,119,0,0
63861,55,63,-8,8
63862,80,90,-10,10
63863,142,127,15,15
63864,44,62,-18,18
63865,111,113,-2,2
63866,113,107,6,6
63867,146,126,20,20
63868,169,162,7,7
63869,129,120,9,9
63870,76,84,-8,8
63871,67,62,5,5
63872,75,77,-2,2
63873,68,68,0,0
63874,74,84,-10,10
63875,80,80,0,0
63876,33,62,-29,29
63877,91,93,-2,2
63878,75,68,7,7
63879,94,93,1,1
63880,142,128,14,14
63881,50,127,-77,77
63882,193,187,6,6
63883,81,90,-9,9
63884,111,104,7,7
63885,130,126,4,4
63886,51,60,-9,9
63887,73,69,4,4
63888,136,136,0,0
63889,94,95,-1,1
63890,111,100,11,11
63891,119,114,5,5
63892,101,104,-3,3
63893,79,74,5,5
63894,92,93,-1,1
63895,84,78,6,6
63896,48,63,-15,15
63897,105,105,0,0
63898,87,78,9,9
63899,91,98,-7,7
63900,78,89,-11,11
63901,136,143,-7,7
63902,123,125,-2,2
63903,130,125,5,5
63904,126,116,10,10
63905,84,96,-12,12
63906,122,123,-1,1
63907,124,125,-1,1
63908,117,107,10,10
63909,49,62,-13,13
63910,63,63,0,0
63911,64,65,-1,1
63912,57,62,-5,5
63913,37,60,-23,23
63914,38,62,-24,24
63915,56,61,-5,5
63916,137,126,11,11
63917,109,113,-4,4
63918,158,145,13,13
63919,112,119,-7,7
63920,96,105,-9,9
63921,99,102,-3,3
63922,68,68,0,0
63923,94,100,-6,6
63924,118,120,-2,2
63925,80,83,-3,3
63926,78,92,-14,14
63927,94,93,1,1
63928,172,163,9,9
63929,39,61,-22,22
63930,62,80,-18,18
63931,152,134,18,18
63932,120,110,10,10
63933,90,84,6,6
63934,105,98,7,7
63935,80,74,6,6
63936,58,61,-3,3
63937,51,63,-12,12
63938,90,91,-1,1
63939,107,101,6,6
63940,71,71,0,0
63941,61,68,-7,7
63942,111,126,-15,15
63943,88,98,-10,10
63944,56,61,-5,5
63945,93,93,0,0
63946,106,101,5,5
63947,96,97,-1,1
63948,81,94,-13,13
63949,63,60,3,3
63950,112,115,-3,3
63951,120,110,10,10
63952,59,62,-3,3
63953,103,98,5,5
63954,50,61,-11,11
63955,115,98,17,17
63956,54,66,-12,12
63957,71,70,1,1
63958,59,63,-4,4
63959,115,111,4,4
63960,47,60,-13,13
63961,100,102,-2,2
63962,77,80,-3,3
63963,195,171,24,24
63964,118,115,3,3
63965,90,94,-4,4
63966,101,101,0,0
63967,141,135,6,6
63968,153,144,9,9
63969,72,81,-9,9
63970,76,86,-10,10
63971,141,121,20,20
63972,168,144,24,24
63973,189,157,32,32
63974,52,62,-10,10
63975,90,92,-2,2
63976,81,87,-6,6
63977,54,61,-7,7
63978,128,116,12,12
63979,86,95,-9,9
63980,65,70,-5,5
63981,53,61,-8,8
63982,57,63,-6,6
63983,90,85,5,5
63984,73,78,-5,5
63985,75,90,-15,15
63986,85,84,1,1
63987,143,134,9,9
63988,44,63,-19,19
63989,81,73,8,8
63990,76,86,-10,10
63991,126,116,10,10
63992,46,61,-15,15
63993,139,122,17,17
63994,154,144,10,10
63995,161,164,-3,3
63996,59,60,-1,1
63997,78,90,-12,12
63998,85,91,-6,6
63999,48,62,-14,14
64000,71,69,2,2
64001,79,85,-6,6
64002,65,62,3,3
64003,78,78,0,0
64004,117,115,2,2
64005,51,60,-9,9
64006,153,119,34,34
64007,118,126,-8,8
64008,66,63,3,3
64009,75,83,-8,8
64010,102,108,-6,6
64011,85,89,-4,4
64012,64,63,1,1
64013,95,101,-6,6
64014,160,142,18,18
64015,94,91,3,3
64016,68,80,-12,12
64017,180,168,12,12
64018,52,81,-29,29
64019,106,108,-2,2
64020,85,91,-6,6
64021,115,132,-17,17
64022,57,58,-1,1
64023,104,105,-1,1
64024,53,60,-7,7
64025,79,70,9,9
64026,68,83,-15,15
64027,86,77,9,9
64028,121,111,10,10
64029,54,60,-6,6
64030,74,75,-1,1
64031,122,137,-15,15
64032,67,68,-1,1
64033,128,130,-2,2
64034,56,63,-7,7
64035,146,136,10,10
64036,111,119,-8,8
64037,86,93,-7,7
64038,96,92,4,4
64039,144,147,-3,3
64040,73,71,2,2
64041,50,61,-11,11
64042,179,168,11,11
64043,83,92,-9,9
64044,62,61,1,1
64045,103,103,0,0
64046,101,101,0,0
64047,59,63,-4,4
64048,74,68,6,6
64049,72,67,5,5
64050,75,91,-16,16
64051,109,110,-1,1
64052,102,105,-3,3
64053,143,131,12,12
64054,83,99,-16,16
64055,156,151,5,5
64056,124,116,8,8
64057,80,77,3,3
64058,161,141,20,20
64059,54,61,-7,7
64060,75,127,-52,52
64061,155,133,22,22
64062,117,106,11,11
64063,130,125,5,5
64064,225,191,34,34
64065,94,95,-1,1
64066,63,60,3,3
64067,72,69,3,3
64068,179,163,16,16
64069,141,135,6,6
64070,82,73,9,9
64071,62,59,3,3
64072,122,124,-2,2
64073,79,72,7,7
64074,93,79,14,14
64075,137,157,-20,20
64076,110,113,-3,3
64077,137,128,9,9
64078,84,69,15,15
64079,64,63,1,1
64080,64,62,2,2
64081,56,61,-5,5
64082,70,74,-4,4
64083,76,79,-3,3
64084,118,110,8,8
64085,88,80,8,8
64086,81,73,8,8
64087,129,123,6,6
64088,64,67,-3,3
64089,97,100,-3,3
64090,123,122,1,1
64091,86,76,10,10
64092,97,96,1,1
64093,115,117,-2,2
64094,96,104,-8,8
64095,77,79,-2,2
64096,168,176,-8,8
64097,51,61,-10,10
64098,90,89,1,1
64099,56,63,-7,7
64100,71,81,-10,10
64101,107,107,0,0
64102,94,85,9,9
64103,46,64,-18,18
64104,118,107,11,11
64105,129,116,13,13
64106,106,110,-4,4
64107,81,90,-9,9
64108,82,73,9,9
64109,56,61,-5,5
64110,79,71,8,8
64111,71,69,2,2
64112,148,150,-2,2
64113,205,180,25,25
64114,142,122,20,20
64115,85,81,4,4
64116,47,62,-15,15
64117,91,93,-2,2
64118,108,105,3,3
64119,73,68,5,5
64120,102,104,-2,2
64121,129,134,-5,5
64122,130,156,-26,26
64123,103,96,7,7
64124,70,96,-26,26
64125,90,90,0,0
64126,118,134,-16,16
64127,85,68,17,17
64128,63,69,-6,6
64129,62,59,3,3
64130,93,95,-2,2
64131,66,92,-26,26
64132,57,61,-4,4
64133,43,62,-19,19
64134,104,97,7,7
64135,131,123,8,8
64136,88,85,3,3
64137,79,84,-5,5
64138,83,68,15,15
64139,77,70,7,7
64140,82,88,-6,6
64141,109,105,4,4
64142,118,112,6,6
64143,134,133,1,1
64144,124,133,-9,9
64145,105,108,-3,3
64146,102,97,5,5
64147,109,104,5,5
64148,100,101,-1,1
64149,84,92,-8,8
64150,88,92,-4,4
64151,86,89,-3,3
64152,92,87,5,5
64153,125,116,9,9
64154,70,66,4,4
64155,167,134,33,33
64156,151,157,-6,6
64157,80,73,7,7
64158,125,118,7,7
64159,140,145,-5,5
64160,101,101,0,0
64161,68,66,2,2
64162,48,74,-26,26
64163,105,101,4,4
64164,72,66,6,6
64165,73,77,-4,4
64166,139,135,4,4
64167,88,96,-8,8
64168,65,101,-36,36
64169,100,98,2,2
64170,150,147,3,3
64171,116,112,4,4
64172,64,70,-6,6
64173,115,106,9,9
64174,58,61,-3,3
64175,132,137,-5,5
64176,91,90,1,1
64177,75,65,10,10
64178,98,104,-6,6
64179,109,105,4,4
64180,115,106,9,9
64181,86,97,-11,11
64182,100,95,5,5
64183,77,79,-2,2
64184,156,154,2,2
64185,63,63,0,0
64186,81,84,-3,3
64187,95,95,0,0
64188,70,70,0,0
64189,100,100,0,0
64190,92,96,-4,4
64191,150,145,5,5
64192,99,106,-7,7
64193,133,122,11,11
64194,46,61,-15,15
64195,99,94,5,5
64196,128,117,11,11
64197,77,79,-2,2
64198,77,79,-2,2
64199,62,65,-3,3
64200,175,150,25,25
64201,183,168,15,15
64202,80,86,-6,6
64203,124,131,-7,7
64204,116,110,6,6
64205,140,156,-16,16
64206,74,68,6,6
64207,104,118,-14,14
64208,43,61,-18,18
64209,191,172,19,19
64210,245,247,-2,2
64211,94,93,1,1
64212,110,100,10,10
64213,86,92,-6,6
64214,49,61,-12,12
64215,116,115,1,1
64216,58,61,-3,3
64217,51,64,-13,13
64218,96,96,0,0
64219,73,81,-8,8
64220,100,105,-5,5
64221,83,140,-57,57
64222,130,122,8,8
64223,64,71,-7,7
64224,77,84,-7,7
64225,126,128,-2,2
64226,52,61,-9,9
64227,84,82,2,2
64228,69,98,-29,29
64229,107,124,-17,17
64230,104,96,8,8
64231,55,62,-7,7
64232,87,96,-9,9
64233,88,97,-9,9
64234,147,147,0,0
64235,122,114,8,8
64236,120,112,8,8
64237,166,153,13,13
64238,80,91,-11,11
64239,122,120,2,2
64240,43,61,-18,18
64241,121,110,11,11
64242,70,73,-3,3
64243,101,99,2,2
64244,57,63,-6,6
64245,100,99,1,1
64246,52,62,-10,10
64247,69,70,-1,1
64248,52,61,-9,9
64249,60,59,1,1
64250,74,66,8,8
64251,92,96,-4,4
64252,47,61,-14,14
64253,91,96,-5,5
64254,72,79,-7,7
64255,45,62,-17,17
64256,70,77,-7,7
64257,119,120,-1,1
64258,113,118,-5,5
64259,51,61,-10,10
64260,56,62,-6,6
64261,95,96,-1,1
64262,82,96,-14,14
64263,79,79,0,0
64264,70,71,-1,1
64265,78,78,0,0
64266,94,99,-5,5
64267,68,64,4,4
64268,87,93,-6,6
64269,164,184,-20,20
64270,101,97,4,4
64271,145,138,7,7
64272,50,60,-10,10
64273,65,83,-18,18
64274,108,101,7,7
64275,77,71,6,6
64276,153,136,17,17
64277,113,106,7,7
64278,181,149,32,32
64279,52,63,-11,11
64280,96,101,-5,5
64281,139,128,11,11
64282,91,97,-6,6
64283,73,74,-1,1
64284,77,75,2,2
64285,71,72,-1,1
64286,51,60,-9,9
64287,90,96,-6,6
64288,68,67,1,1
64289,73,73,0,0
64290,94,102,-8,8
64291,69,66,3,3
64292,90,94,-4,4
64293,154,151,3,3
64294,163,137,26,26
64295,74,75,-1,1
64296,55,64,-9,9
64297,73,77,-4,4
64298,33,62,-29,29
64299,154,138,16,16
64300,70,60,10,10
64301,72,71,1,1
64302,96,101,-5,5
64303,117,114,3,3
64304,127,124,3,3
64305,84,93,-9,9
64306,99,104,-5,5
64307,72,78,-6,6
64308,144,128,16,16
64309,74,77,-3,3
64310,75,79,-4,4
64311,89,87,2,2
64312,122,114,8,8
64313,165,150,15,15
64314,45,62,-17,17
64315,82,93,-11,11
64316,84,80,4,4
64317,166,155,11,11
64318,140,126,14,14
64319,96,106,-10,10
64320,73,69,4,4
64321,200,180,20,20
64322,113,108,5,5
64323,137,127,10,10
64324,87,92,-5,5
64325,127,120,7,7
64326,74,62,12,12
64327,89,86,3,3
64328,128,132,-4,4
64329,73,78,-5,5
64330,53,61,-8,8
64331,26,60,-34,34
64332,104,104,0,0
64333,91,87,4,4
64334,157,146,11,11
64335,93,92,1,1
64336,125,128,-3,3
64337,66,62,4,4
64338,125,115,10,10
64339,144,118,26,26
64340,106,100,6,6
64341,129,115,14,14
64342,86,97,-11,11
64343,188,171,17,17
64344,142,125,17,17
64345,54,62,-8,8
64346,185,150,35,35
64347,152,142,10,10
64348,55,61,-6,6
64349,74,80,-6,6
64350,132,133,-1,1
64351,80,73,7,7
64352,77,74,3,3
64353,67,92,-25,25
64354,71,65,6,6
64355,129,121,8,8
64356,116,106,10,10
64357,97,98,-1,1
64358,39,63,-24,24
64359,44,62,-18,18
64360,73,74,-1,1
64361,78,75,3,3
64362,68,64,4,4
64363,57,61,-4,4
64364,97,108,-11,11
64365,77,78,-1,1
64366,159,149,10,10
64367,144,130,14,14
64368,58,62,-4,4
64369,74,88,-14,14
64370,47,62,-15,15
64371,86,93,-7,7
64372,95,87,8,8
64373,74,70,4,4
64374,84,99,-15,15
64375,175,163,12,12
64376,47,62,-15,15
64377,110,102,8,8
64378,181,168,13,13
64379,117,116,1,1
64380,77,65,12,12
64381,88,80,8,8
64382,84,93,-9,9
64383,56,61,-5,5
64384,49,62,-13,13
64385,75,84,-9,9
64386,58,58,0,0
64387,110,113,-3,3
64388,80,81,-1,1
64389,120,125,-5,5
64390,79,100,-21,21
64391,107,115,-8,8
64392,79,77,2,2
64393,69,75,-6,6
64394,36,59,-23,23
64395,106,106,0,0
64396,64,64,0,0
64397,91,100,-9,9
64398,70,75,-5,5
64399,69,67,2,2
64400,75,81,-6,6
64401,54,61,-7,7
64402,69,81,-12,12
64403,105,122,-17,17
64404,67,70,-3,3
64405,28,62,-34,34
64406,57,63,-6,6
64407,46,61,-15,15
64408,52,62,-10,10
64409,122,117,5,5
64410,101,100,1,1
64411,129,119,10,10
64412,143,145,-2,2
64413,193,172,21,21
64414,55,63,-8,8
64415,92,95,-3,3
64416,107,93,14,14
64417,137,117,20,20
64418,100,103,-3,3
64419,61,71,-10,10
64420,113,102,11,11
64421,112,107,5,5
64422,78,70,8,8
64423,82,96,-14,14
64424,58,66,-8,8
64425,65,59,6,6
64426,52,62,-10,10
64427,106,108,-2,2
64428,47,62,-15,15
64429,72,87,-15,15
64430,75,82,-7,7
64431,135,139,-4,4
64432,87,94,-7,7
64433,175,162,13,13
64434,99,108,-9,9
64435,50,59,-9,9
64436,90,92,-2,2
64437,83,95,-12,12
64438,68,69,-1,1
64439,85,90,-5,5
64440,73,77,-4,4
64441,58,69,-11,11
64442,78,74,4,4
64443,89,105,-16,16
64444,49,60,-11,11
64445,73,64,9,9
64446,108,95,13,13
64447,60,63,-3,3
64448,142,131,11,11
64449,217,185,32,32
64450,57,61,-4,4
64451,61,62,-1,1
64452,82,82,0,0
64453,73,75,-2,2
64454,108,104,4,4
64455,139,139,0,0
64456,80,85,-5,5
64457,218,201,17,17
64458,119,117,2,2
64459,105,103,2,2
64460,57,65,-8,8
64461,106,120,-14,14
64462,74,83,-9,9
64463,77,83,-6,6
64464,143,133,10,10
64465,103,101,2,2
64466,120,115,5,5
64467,124,110,14,14
64468,112,106,6,6
64469,105,98,7,7
64470,144,140,4,4
64471,97,93,4,4
64472,65,65,0,0
64473,74,74,0,0
64474,55,62,-7,7
64475,80,88,-8,8
64476,115,110,5,5
64477,145,142,3,3
64478,103,108,-5,5
64479,132,122,10,10
64480,46,48,-2,2
64481,59,62,-3,3
64482,83,85,-2,2
64483,150,137,13,13
64484,182,165,17,17
64485,44,58,-14,14
64486,64,78,-14,14
64487,53,61,-8,8
64488,78,91,-13,13
64489,112,115,-3,3
64490,109,105,4,4
64491,95,103,-8,8
64492,62,88,-26,26
64493,57,63,-6,6
64494,130,127,3,3
64495,101,96,5,5
64496,135,135,0,0
64497,100,115,-15,15
64498,107,114,-7,7
64499,97,103,-6,6
64500,79,77,2,2
64501,80,90,-10,10
64502,94,74,20,20
64503,122,115,7,7
64504,57,64,-7,7
64505,58,64,-6,6
64506,76,71,5,5
64507,144,127,17,17
64508,51,62,-11,11
64509,54,61,-7,7
64510,85,91,-6,6
64511,61,64,-3,3
64512,148,123,25,25
64513,33,63,-30,30
64514,99,97,2,2
64515,117,109,8,8
64516,82,78,4,4
64517,54,85,-31,31
64518,144,133,11,11
64519,141,135,6,6
64520,80,93,-13,13
64521,203,175,28,28
64522,93,93,0,0
64523,65,67,-2,2
64524,61,61,0,0
64525,139,132,7,7
64526,84,87,-3,3
64527,72,78,-6,6
64528,68,77,-9,9
64529,56,69,-13,13
64530,101,102,-1,1
64531,63,71,-8,8
64532,94,102,-8,8
64533,120,120,0,0
64534,113,116,-3,3
64535,32,63,-31,31
64536,94,104,-10,10
64537,116,114,2,2
64538,101,98,3,3
64539,57,63,-6,6
64540,144,133,11,11
64541,76,80,-4,4
64542,94,95,-1,1
64543,80,85,-5,5
64544,100,101,-1,1
64545,150,135,15,15
64546,85,93,-8,8
64547,77,76,1,1
64548,75,77,-2,2
64549,170,151,19,19
64550,138,142,-4,4
64551,74,69,5,5
64552,83,84,-1,1
64553,193,180,13,13
64554,95,88,7,7
64555,132,123,9,9
64556,69,69,0,0
64557,120,126,-6,6
64558,102,101,1,1
64559,87,90,-3,3
64560,133,115,18,18
64561,106,104,2,2
64562,90,97,-7,7
64563,61,66,-5,5
64564,87,92,-5,5
64565,130,122,8,8
64566,77,85,-8,8
64567,80,101,-21,21
64568,95,87,8,8
64569,64,66,-2,2
64570,57,66,-9,9
64571,70,69,1,1
64572,111,106,5,5
64573,54,58,-4,4
64574,142,157,-15,15
64575,52,61,-9,9
64576,47,61,-14,14
64577,133,130,3,3
64578,140,139,1,1
64579,60,65,-5,5
64580,186,157,29,29
64581,77,78,-1,1
64582,101,97,4,4
64583,59,62,-3,3
64584,121,125,-4,4
64585,104,115,-11,11
64586,155,128,27,27
64587,83,80,3,3
64588,77,75,2,2
64589,123,109,14,14
64590,59,62,-3,3
64591,105,95,10,10
64592,75,89,-14,14
64593,116,105,11,11
64594,72,73,-1,1
64595,149,150,-1,1
64596,119,117,2,2
64597,63,71,-8,8
64598,87,86,1,1
64599,137,125,12,12
64600,82,72,10,10
64601,125,118,7,7
64602,36,65,-29,29
64603,67,70,-3,3
64604,116,114,2,2
64605,155,138,17,17
64606,103,91,12,12
64607,104,100,4,4
64608,143,139,4,4
64609,123,119,4,4
64610,121,113,8,8
64611,87,81,6,6
64612,72,75,-3,3
64613,49,62,-13,13
64614,69,87,-18,18
64615,72,94,-22,22
64616,116,107,9,9
64617,138,142,-4,4
64618,97,103,-6,6
64619,63,63,0,0
64620,109,106,3,3
64621,80,86,-6,6
64622,96,94,2,2
64623,98,92,6,6
64624,101,106,-5,5
64625,143,145,-2,2
64626,90,94,-4,4
64627,85,82,3,3
64628,120,122,-2,2
64629,65,61,4,4
64630,161,139,22,22
64631,124,105,19,19
64632,103,105,-2,2
64633,99,97,2,2
64634,121,123,-2,2
64635,122,118,4,4
64636,104,114,-10,10
64637,160,161,-1,1
64638,109,91,18,18
64639,63,66,-3,3
64640,112,109,3,3
64641,88,90,-2,2
64642,88,95,-7,7
64643,101,114,-13,13
64644,50,61,-11,11
64645,170,169,1,1
64646,64,71,-7,7
64647,102,115,-13,13
64648,93,94,-1,1
64649,132,125,7,7
64650,75,84,-9,9
64651,84,78,6,6
64652,60,64,-4,4
64653,103,115,-12,12
64654,58,61,-3,3
64655,153,137,16,16
64656,135,123,12,12
64657,62,78,-16,16
64658,162,142,20,20
64659,74,74,0,0
64660,90,88,2,2
64661,127,120,7,7
64662,97,103,-6,6
64663,102,98,4,4
64664,117,117,0,0
64665,38,62,-24,24
64666,114,109,5,5
64667,45,61,-16,16
64668,100,99,1,1
64669,61,61,0,0
64670,101,94,7,7
64671,120,121,-1,1
64672,152,139,13,13
64673,84,92,-8,8
64674,100,94,6,6
64675,108,104,4,4
64676,124,130,-6,6
64677,148,147,1,1
64678,46,62,-16,16
64679,119,116,3,3
64680,118,108,10,10
64681,52,60,-8,8
64682,104,109,-5,5
64683,82,106,-24,24
64684,100,94,6,6
64685,118,105,13,13
64686,70,73,-3,3
64687,104,93,11,11
64688,141,128,13,13
64689,97,97,0,0
64690,24,59,-35,35
64691,192,160,32,32
64692,71,61,10,10
64693,78,90,-12,12
64694,46,62,-16,16
64695,79,87,-8,8
64696,153,143,10,10
64697,88,102,-14,14
64698,64,71,-7,7
64699,81,77,4,4
64700,81,79,2,2
64701,105,99,6,6
64702,88,94,-6,6
64703,120,121,-1,1
64704,68,64,4,4
64705,84,86,-2,2
64706,121,115,6,6
64707,80,72,8,8
64708,138,138,0,0
64709,90,82,8,8
64710,87,95,-8,8
64711,92,97,-5,5
64712,111,118,-7,7
64713,77,72,5,5
64714,74,80,-6,6
64715,170,145,25,25
64716,77,80,-3,3
64717,117,123,-6,6
64718,151,134,17,17
64719,84,91,-7,7
64720,108,114,-6,6
64721,69,76,-7,7
64722,121,122,-1,1
64723,94,104,-10,10
64724,41,62,-21,21
64725,140,129,11,11
64726,76,66,10,10
64727,85,76,9,9
64728,104,106,-2,2
64729,48,61,-13,13
64730,128,128,0,0
64731,68,67,1,1
64732,70,70,0,0
64733,93,87,6,6
64734,69,100,-31,31
64735,56,57,-1,1
64736,96,98,-2,2
64737,50,62,-12,12
64738,64,68,-4,4
64739,69,79,-10,10
64740,89,86,3,3
64741,75,88,-13,13
64742,77,82,-5,5
64743,68,64,4,4
64744,59,107,-48,48
64745,140,119,21,21
64746,79,73,6,6
64747,46,62,-16,16
64748,54,62,-8,8
64749,89,98,-9,9
64750,99,103,-4,4
64751,68,67,1,1
64752,86,97,-11,11
64753,106,96,10,10
64754,82,77,5,5
64755,97,124,-27,27
64756,29,60,-31,31
64757,99,99,0,0
64758,119,120,-1,1
64759,102,104,-2,2
64760,104,105,-1,1
64761,148,126,22,22
64762,146,137,9,9
64763,107,101,6,6
64764,49,58,-9,9
64765,45,62,-17,17
64766,133,125,8,8
64767,102,112,-10,10
64768,110,114,-4,4
64769,100,100,0,0
64770,112,104,8,8
64771,59,68,-9,9
64772,73,64,9,9
64773,115,124,-9,9
64774,88,89,-1,1
64775,77,87,-10,10
64776,133,126,7,7
64777,86,90,-4,4
64778,74,61,13,13
64779,125,118,7,7
64780,97,103,-6,6
64781,71,62,9,9
64782,42,62,-20,20
64783,140,135,5,5
64784,70,64,6,6
64785,76,79,-3,3
64786,59,59,0,0
64787,87,99,-12,12
64788,134,120,14,14
64789,173,158,15,15
64790,47,62,-15,15
64791,112,100,12,12
64792,94,103,-9,9
64793,81,78,3,3
64794,152,144,8,8
64795,56,59,-3,3
64796,72,73,-1,1
64797,82,81,1,1
64798,68,68,0,0
64799,87,93,-6,6
64800,116,132,-16,16
64801,49,62,-13,13
64802,124,117,7,7
64803,146,151,-5,5
64804,151,135,16,16
64805,67,95,-28,28
64806,57,94,-37,37
64807,147,141,6,6
64808,104,105,-1,1
64809,124,122,2,2
64810,46,63,-17,17
64811,118,117,1,1
64812,110,108,2,2
64813,82,81,1,1
64814,97,90,7,7
64815,104,98,6,6
64816,46,61,-15,15
64817,76,89,-13,13
64818,66,67,-1,1
64819,51,61,-10,10
64820,63,62,1,1
64821,81,81,0,0
64822,110,113,-3,3
64823,160,151,9,9
64824,65,64,1,1
64825,43,62,-19,19
64826,67,132,-65,65
64827,104,103,1,1
64828,83,91,-8,8
64829,57,71,-14,14
64830,139,130,9,9
64831,78,81,-3,3
64832,68,62,6,6
64833,91,94,-3,3
64834,117,117,0,0
64835,117,113,4,4
64836,110,115,-5,5
64837,67,68,-1,1
64838,89,94,-5,5
64839,96,107,-11,11
64840,92,102,-10,10
64841,87,89,-2,2
64842,92,86,6,6
64843,59,64,-5,5
64844,66,65,1,1
64845,160,159,1,1
64846,188,160,28,28
64847,96,98,-2,2
64848,75,84,-9,9
64849,140,127,13,13
64850,95,95,0,0
64851,83,87,-4,4
64852,103,103,0,0
64853,81,90,-9,9
64854,87,91,-4,4
64855,90,94,-4,4
64856,66,65,1,1
64857,100,96,4,4
64858,75,76,-1,1
64859,50,62,-12,12
64860,68,66,2,2
64861,82,82,0,0
64862,72,65,7,7
64863,56,64,-8,8
64864,113,108,5,5
64865,41,63,-22,22
64866,56,65,-9,9
64867,92,92,0,0
64868,68,69,-1,1
64869,63,64,-1,1
64870,111,114,-3,3
64871,74,77,-3,3
64872,91,94,-3,3
64873,84,129,-45,45
64874,107,110,-3,3
64875,95,96,-1,1
64876,80,70,10,10
64877,125,133,-8,8
64878,57,60,-3,3
64879,115,122,-7,7
64880,117,112,5,5
64881,71,74,-3,3
64882,72,71,1,1
64883,199,172,27,27
64884,100,105,-5,5
64885,75,67,8,8
64886,78,71,7,7
64887,82,78,4,4
64888,85,94,-9,9
64889,53,59,-6,6
64890,89,92,-3,3
64891,111,102,9,9
64892,58,59,-1,1
64893,74,69,5,5
64894,106,118,-12,12
64895,139,138,1,1
64896,94,94,0,0
64897,66,63,3,3
64898,140,120,20,20
64899,100,101,-1,1
64900,60,64,-4,4
64901,118,113,5,5
64902,108,97,11,11
64903,131,115,16,16
64904,141,147,-6,6
64905,107,125,-18,18
64906,65,74,-9,9
64907,104,108,-4,4
64908,121,121,0,0
64909,93,102,-9,9
64910,85,99,-14,14
64911,77,88,-11,11
64912,113,111,2,2
64913,44,61,-17,17
64914,110,120,-10,10
64915,75,67,8,8
64916,65,70,-5,5
64917,59,61,-2,2
64918,102,94,8,8
64919,93,109,-16,16
64920,85,90,-5,5
64921,57,61,-4,4
64922,129,118,11,11
64923,45,60,-15,15
64924,60,76,-16,16
64925,89,99,-10,10
64926,93,97,-4,4
64927,104,103,1,1
64928,55,61,-6,6
64929,83,93,-10,10
64930,137,128,9,9
64931,109,102,7,7
64932,69,70,-1,1
64933,110,121,-11,11
64934,119,102,17,17
64935,97,95,2,2
64936,81,83,-2,2
64937,104,103,1,1
64938,71,79,-8,8
64939,50,61,-11,11
64940,136,125,11,11
64941,70,65,5,5
64942,63,71,-8,8
64943,90,102,-12,12
64944,102,99,3,3
64945,50,62,-12,12
64946,138,124,14,14
64947,103,122,-19,19
64948,127,122,5,5
64949,129,128,1,1
64950,144,136,8,8
64951,52,58,-6,6
64952,72,73,-1,1
64953,94,100,-6,6
64954,77,70,7,7
64955,62,66,-4,4
64956,91,96,-5,5
64957,58,62,-4,4
64958,78,79,-1,1
64959,63,62,1,1
64960,111,103,8,8
64961,87,93,-6,6
64962,85,81,4,4
64963,224,189,35,35
64964,99,98,1,1
64965,84,78,6,6
64966,101,99,2,2
64967,156,138,18,18
64968,50,61,-11,11
64969,82,86,-4,4
64970,190,185,5,5
64971,127,129,-2,2
64972,61,61,0,0
64973,100,105,-5,5
64974,81,87,-6,6
64975,141,120,21,21
64976,80,74,6,6
64977,67,65,2,2
64978,90,94,-4,4
64979,81,79,2,2
64980,55,62,-7,7
64981,85,91,-6,6
64982,36,61,-25,25
64983,87,77,10,10
64984,73,89,-16,16
64985,90,91,-1,1
64986,69,65,4,4
64987,88,90,-2,2
64988,64,65,-1,1
64989,56,63,-7,7
64990,130,120,10,10
64991,59,61,-2,2
64992,140,138,2,2
64993,129,122,7,7
64994,122,118,4,4
64995,69,65,4,4
64996,65,72,-7,7
64997,103,102,1,1
64998,36,61,-25,25
64999,193,187,6,6
65000,123,115,8,8
65001,77,84,-7,7
65002,75,69,6,6
65003,85,97,-12,12
65004,124,123,1,1
65005,148,145,3,3
65006,92,98,-6,6
65007,70,91,-21,21
65008,129,120,9,9
65009,51,62,-11,11
65010,98,92,6,6
65011,130,117,13,13
65012,134,126,8,8
65013,89,90,-1,1
65014,83,95,-12,12
65015,89,92,-3,3
65016,101,99,2,2
65017,110,101,9,9
65018,68,73,-5,5
65019,68,62,6,6
65020,72,75,-3,3
65021,77,77,0,0
65022,147,131,16,16
65023,117,111,6,6
65024,79,100,-21,21
65025,103,107,-4,4
65026,65,71,-6,6
65027,102,100,2,2
65028,66,66,0,0
65029,101,97,4,4
65030,77,79,-2,2
65031,58,63,-5,5
65032,75,78,-3,3
65033,50,68,-18,18
65034,116,110,6,6
65035,78,75,3,3
65036,111,103,8,8
65037,35,63,-28,28
65038,94,93,1,1
65039,136,125,11,11
65040,71,68,3,3
65041,94,109,-15,15
65042,81,78,3,3
65043,54,61,-7,7
65044,94,90,4,4
65045,94,99,-5,5
65046,143,139,4,4
65047,82,86,-4,4
65048,156,141,15,15
65049,81,91,-10,10
65050,169,157,12,12
65051,104,104,0,0
65052,107,108,-1,1
65053,69,90,-21,21
65054,123,107,16,16
65055,51,62,-11,11
65056,88,98,-10,10
65057,41,61,-20,20
65058,56,63,-7,7
65059,138,130,8,8
65060,102,101,1,1
65061,97,108,-11,11
65062,124,125,-1,1
65063,124,117,7,7
65064,119,130,-11,11
65065,55,61,-6,6
65066,116,114,2,2
65067,60,62,-2,2
65068,134,119,15,15
65069,63,93,-30,30
65070,73,77,-4,4
65071,145,141,4,4
65072,111,141,-30,30
65073,110,117,-7,7
65074,194,169,25,25
65075,92,99,-7,7
65076,97,92,5,5
65077,116,115,1,1
65078,61,62,-1,1
65079,150,140,10,10
65080,45,61,-16,16
65081,99,92,7,7
65082,79,72,7,7
65083,118,119,-1,1
65084,74,69,5,5
65085,108,106,2,2
65086,85,82,3,3
65087,89,77,12,12
65088,107,108,-1,1
65089,165,167,-2,2
65090,84,80,4,4
65091,132,122,10,10
65092,90,90,0,0
65093,144,120,24,24
65094,87,95,-8,8
65095,103,93,10,10
65096,98,103,-5,5
65097,88,93,-5,5
65098,125,119,6,6
65099,112,103,9,9
65100,51,59,-8,8
65101,105,108,-3,3
65102,149,126,23,23
65103,109,106,3,3
65104,74,77,-3,3
65105,83,88,-5,5
65106,85,91,-6,6
65107,75,66,9,9
65108,78,91,-13,13
65109,67,66,1,1
65110,48,59,-11,11
65111,109,109,0,0
65112,92,94,-2,2
65113,90,95,-5,5
65114,90,90,0,0
65115,98,98,0,0
65116,76,72,4,4
65117,83,92,-9,9
65118,148,145,3,3
65119,99,98,1,1
65120,68,66,2,2
65121,79,69,10,10
65122,98,103,-5,5
65123,194,183,11,11
65124,90,88,2,2
65125,70,64,6,6
65126,88,92,-4,4
65127,66,67,-1,1
65128,81,71,10,10
65129,122,119,3,3
65130,96,98,-2,2
65131,69,67,2,2
65132,113,101,12,12
65133,61,68,-7,7
65134,101,87,14,14
65135,178,162,16,16
65136,111,105,6,6
65137,81,74,7,7
65138,147,160,-13,13
65139,121,116,5,5
65140,78,76,2,2
65141,86,85,1,1
65142,54,62,-8,8
65143,46,62,-16,16
65144,62,65,-3,3
65145,94,107,-13,13
65146,101,100,1,1
65147,60,66,-6,6
65148,72,65,7,7
65149,75,90,-15,15
65150,148,136,12,12
65151,123,114,9,9
65152,81,96,-15,15
65153,126,125,1,1
65154,163,146,17,17
65155,105,106,-1,1
65156,85,89,-4,4
65157,102,98,4,4
65158,89,91,-2,2
65159,123,121,2,2
65160,62,61,1,1
65161,78,91,-13,13
65162,98,95,3,3
65163,68,65,3,3
65164,99,102,-3,3
65165,112,109,3,3
65166,89,85,4,4
65167,89,97,-8,8
65168,83,78,5,5
65169,119,113,6,6
65170,92,103,-11,11
65171,77,83,-6,6
65172,74,67,7,7
65173,115,134,-19,19
65174,107,103,4,4
65175,98,92,6,6
65176,136,122,14,14
65177,42,57,-15,15
65178,119,118,1,1
65179,119,130,-11,11
65180,109,104,5,5
65181,113,118,-5,5
65182,164,153,11,11
65183,86,84,2,2
65184,97,99,-2,2
65185,112,112,0,0
65186,124,119,5,5
65187,84,100,-16,16
65188,77,79,-2,2
65189,87,81,6,6
65190,52,61,-9,9
65191,112,106,6,6
65192,78,81,-3,3
65193,93,97,-4,4
65194,115,125,-10,10
65195,76,71,5,5
65196,209,186,23,23
65197,41,56,-15,15
65198,115,110,5,5
65199,155,138,17,17
65200,53,61,-8,8
65201,72,72,0,0
65202,110,94,16,16
65203,91,97,-6,6
65204,99,98,1,1
65205,88,98,-10,10
65206,100,103,-3,3
65207,73,91,-18,18
65208,70,66,4,4
65209,126,122,4,4
65210,102,102,0,0
65211,97,94,3,3
65212,60,64,-4,4
65213,44,57,-13,13
65214,62,68,-6,6
65215,52,62,-10,10
65216,128,121,7,7
65217,168,159,9,9
65218,101,102,-1,1
65219,106,110,-4,4
65220,191,167,24,24
65221,51,65,-14,14
65222,196,162,34,34
65223,92,100,-8,8
65224,47,60,-13,13
65225,115,108,7,7
65226,70,64,6,6
65227,84,96,-12,12
65228,145,137,8,8
65229,102,108,-6,6
65230,31,62,-31,31
65231,65,66,-1,1
65232,92,92,0,0
65233,77,84,-7,7
65234,90,94,-4,4
65235,30,63,-33,33
65236,72,85,-13,13
65237,109,109,0,0
65238,148,146,2,2
65239,81,79,2,2
65240,75,70,5,5
65241,60,62,-2,2
65242,147,136,11,11
65243,95,81,14,14
65244,71,74,-3,3
65245,145,143,2,2
65246,91,98,-7,7
65247,48,67,-19,19
65248,94,96,-2,2
65249,86,101,-15,15
65250,70,69,1,1
65251,120,119,1,1
65252,117,117,0,0
65253,118,97,21,21
65254,66,65,1,1
65255,70,67,3,3
65256,51,61,-10,10
65257,80,86,-6,6
65258,78,84,-6,6
65259,136,120,16,16
65260,105,108,-3,3
65261,94,90,4,4
65262,119,111,8,8
65263,119,122,-3,3
65264,66,61,5,5
65265,133,123,10,10
65266,106,103,3,3
65267,110,99,11,11
65268,109,104,5,5
65269,97,114,-17,17
65270,54,59,-5,5
65271,143,151,-8,8
65272,103,106,-3,3
65273,55,57,-2,2
65274,72,71,1,1
65275,300,257,43,43
65276,110,107,3,3
65277,120,118,2,2
65278,114,120,-6,6
65279,65,62,3,3
65280,51,61,-10,10
65281,107,102,5,5
65282,86,94,-8,8
65283,91,94,-3,3
65284,102,97,5,5
65285,72,65,7,7
65286,82,83,-1,1
65287,134,126,8,8
65288,133,120,13,13
65289,79,88,-9,9
65290,146,142,4,4
65291,176,175,1,1
65292,117,113,4,4
65293,82,89,-7,7
65294,105,101,4,4
65295,89,101,-12,12
65296,72,76,-4,4
65297,71,60,11,11
65298,117,122,-5,5
65299,140,129,11,11
65300,80,89,-9,9
65301,53,61,-8,8
65302,185,176,9,9
65303,111,102,9,9
65304,92,98,-6,6
65305,91,92,-1,1
65306,112,102,10,10
65307,59,61,-2,2
65308,106,101,5,5
65309,53,62,-9,9
65310,132,127,5,5
65311,80,89,-9,9
65312,163,152,11,11
65313,58,63,-5,5
65314,138,124,14,14
65315,173,162,11,11
65316,64,68,-4,4
65317,78,96,-18,18
65318,101,106,-5,5
65319,103,102,1,1
65320,87,82,5,5
65321,105,103,2,2
65322,94,92,2,2
65323,89,92,-3,3
65324,63,72,-9,9
65325,92,94,-2,2
65326,139,143,-4,4
65327,78,83,-5,5
65328,58,79,-21,21
65329,77,87,-10,10
65330,71,163,-92,92
65331,154,148,6,6
65332,93,94,-1,1
65333,61,60,1,1
65334,168,154,14,14
65335,139,125,14,14
65336,78,79,-1,1
65337,132,122,10,10
65338,56,62,-6,6
65339,78,83,-5,5
65340,86,92,-6,6
65341,68,66,2,2
65342,31,58,-27,27
65343,60,63,-3,3
65344,150,136,14,14
65345,117,111,6,6
65346,104,102,2,2
65347,102,107,-5,5
65348,77,85,-8,8
65349,64,68,-4,4
65350,103,104,-1,1
65351,113,112,1,1
65352,96,101,-5,5
65353,114,111,3,3
65354,126,123,3,3
65355,106,107,-1,1
65356,59,63,-4,4
65357,81,89,-8,8
65358,109,102,7,7
65359,121,126,-5,5
65360,70,65,5,5
65361,148,140,8,8
65362,94,97,-3,3
65363,127,121,6,6
65364,117,119,-2,2
65365,104,99,5,5
65366,46,62,-16,16
65367,106,117,-11,11
65368,94,92,2,2
65369,124,112,12,12
65370,62,66,-4,4
65371,62,78,-16,16
65372,74,82,-8,8
65373,53,60,-7,7
65374,40,62,-22,22
65375,70,68,2,2
65376,60,62,-2,2
65377,45,61,-16,16
65378,111,114,-3,3
65379,37,61,-24,24
65380,88,99,-11,11
65381,51,107,-56,56
65382,66,67,-1,1
65383,76,81,-5,5
65384,91,91,0,0
65385,121,119,2,2
65386,135,125,10,10
65387,87,97,-10,10
65388,99,98,1,1
65389,106,104,2,2
65390,83,92,-9,9
65391,94,91,3,3
65392,76,76,0,0
65393,69,67,2,2
65394,100,111,-11,11
65395,118,115,3,3
65396,66,87,-21,21
65397,89,93,-4,4
65398,104,118,-14,14
65399,110,100,10,10
65400,106,101,5,5
65401,118,117,1,1
65402,83,95,-12,12
65403,85,90,-5,5
65404,73,90,-17,17
65405,72,64,8,8
65406,61,64,-3,3
65407,59,62,-3,3
65408,114,116,-2,2
65409,68,78,-10,10
65410,179,168,11,11
65411,70,69,1,1
65412,91,90,1,1
65413,114,111,3,3
65414,108,105,3,3
65415,79,90,-11,11
65416,79,82,-3,3
65417,125,123,2,2
65418,117,111,6,6
65419,68,78,-10,10
65420,79,81,-2,2
65421,103,111,-8,8
65422,207,180,27,27
65423,63,66,-3,3
65424,117,114,3,3
65425,63,60,3,3
65426,71,66,5,5
65427,74,93,-19,19
65428,55,63,-8,8
65429,170,152,18,18
65430,69,67,2,2
65431,51,63,-12,12
65432,55,60,-5,5
65433,73,74,-1,1
65434,89,107,-18,18
65435,173,152,21,21
65436,119,124,-5,5
65437,85,94,-9,9
65438,94,99,-5,5
65439,104,102,2,2
65440,96,98,-2,2
65441,61,66,-5,5
65442,86,91,-5,5
65443,95,97,-2,2
65444,161,145,16,16
65445,80,87,-7,7
65446,112,105,7,7
65447,75,82,-7,7
65448,141,126,15,15
65449,161,152,9,9
65450,99,101,-2,2
65451,94,99,-5,5
65452,146,130,16,16
65453,72,70,2,2
65454,105,95,10,10
65455,69,71,-2,2
65456,113,106,7,7
65457,132,109,23,23
65458,121,120,1,1
65459,91,102,-11,11
65460,70,63,7,7
65461,96,97,-1,1
65462,155,142,13,13
65463,130,134,-4,4
65464,186,157,29,29
65465,96,102,-6,6
65466,146,151,-5,5
65467,113,107,6,6
65468,86,92,-6,6
65469,104,103,1,1
65470,66,64,2,2
65471,96,92,4,4
65472,88,79,9,9
65473,111,105,6,6
65474,146,128,18,18
65475,86,74,12,12
65476,46,62,-16,16
65477,72,69,3,3
65478,170,151,19,19
65479,35,61,-26,26
65480,90,92,-2,2
65481,143,139,4,4
65482,157,141,16,16
65483,62,68,-6,6
65484,65,62,3,3
65485,75,75,0,0
65486,89,90,-1,1
65487,82,72,10,10
65488,80,92,-12,12
65489,56,61,-5,5
65490,76,73,3,3
65491,113,113,0,0
65492,104,110,-6,6
65493,99,95,4,4
65494,62,65,-3,3
65495,140,140,0,0
65496,76,83,-7,7
65497,114,110,4,4
65498,108,112,-4,4
65499,81,72,9,9
65500,63,63,0,0
65501,125,118,7,7
65502,70,61,9,9
65503,90,94,-4,4
65504,37,62,-25,25
65505,92,107,-15,15
65506,96,105,-9,9
65507,85,90,-5,5
65508,106,109,-3,3
65509,86,80,6,6
65510,101,92,9,9
65511,101,104,-3,3
65512,100,103,-3,3
65513,105,99,6,6
65514,71,74,-3,3
65515,58,59,-1,1
65516,179,162,17,17
65517,106,107,-1,1
65518,89,98,-9,9
65519,84,90,-6,6
65520,113,107,6,6
65521,129,118,11,11
65522,87,98,-11,11
65523,122,122,0,0
65524,109,109,0,0
65525,78,90,-12,12
65526,96,101,-5,5
65527,176,150,26,26
65528,114,108,6,6
65529,89,77,12,12
65530,115,104,11,11
65531,73,66,7,7
65532,68,70,-2,2
65533,148,139,9,9
65534,70,67,3,3
65535,108,101,7,7
65536,60,62,-2,2
65537,98,91,7,7
65538,47,62,-15,15
65539,84,94,-10,10
65540,60,59,1,1
65541,119,122,-3,3
65542,66,69,-3,3
65543,115,110,5,5
65544,172,149,23,23
65545,105,99,6,6
65546,83,80,3,3
65547,75,70,5,5
65548,48,62,-14,14
65549,100,101,-1,1
65550,59,65,-6,6
65551,67,63,4,4
65552,103,109,-6,6
65553,48,62,-14,14
65554,108,119,-11,11
65555,77,61,16,16
65556,126,122,4,4
65557,82,109,-27,27
65558,38,56,-18,18
65559,99,94,5,5
65560,56,61,-5,5
65561,131,118,13,13
65562,96,90,6,6
65563,83,90,-7,7
65564,120,111,9,9
65565,102,104,-2,2
65566,93,98,-5,5
65567,127,120,7,7
65568,67,61,6,6
65569,98,96,2,2
65570,77,67,10,10
65571,84,77,7,7
65572,96,95,1,1
65573,118,114,4,4
65574,84,86,-2,2
65575,70,95,-25,25
65576,100,102,-2,2
65577,118,110,8,8
65578,54,63,-9,9
65579,170,153,17,17
65580,91,100,-9,9
65581,86,84,2,2
65582,82,88,-6,6
65583,123,120,3,3
65584,94,95,-1,1
65585,86,91,-5,5
65586,142,148,-6,6
65587,132,118,14,14
65588,140,133,7,7
65589,177,149,28,28
65590,54,63,-9,9
65591,51,62,-11,11
65592,130,119,11,11
65593,71,74,-3,3
65594,61,61,0,0
65595,93,94,-1,1
65596,93,107,-14,14
65597,83,92,-9,9
65598,104,96,8,8
65599,93,100,-7,7
65600,88,90,-2,2
65601,89,95,-6,6
65602,154,147,7,7
65603,53,62,-9,9
65604,85,84,1,1
65605,89,98,-9,9
65606,107,107,0,0
65607,102,100,2,2
65608,88,99,-11,11
65609,35,61,-26,26
65610,118,110,8,8
65611,63,62,1,1
65612,56,63,-7,7
65613,41,58,-17,17
65614,108,110,-2,2
65615,137,131,6,6
65616,70,65,5,5
65617,131,135,-4,4
65618,83,74,9,9
65619,87,90,-3,3
65620,87,97,-10,10
65621,134,127,7,7
65622,108,96,12,12
65623,73,95,-22,22
65624,110,105,5,5
65625,100,82,18,18
65626,57,109,-52,52
65627,101,101,0,0
65628,124,117,7,7
65629,100,101,-1,1
65630,116,118,-2,2
65631,124,109,15,15
65632,119,119,0,0
65633,95,112,-17,17
65634,131,119,12,12
65635,46,60,-14,14
65636,119,111,8,8
65637,86,80,6,6
65638,148,139,9,9
65639,63,63,0,0
65640,84,82,2,2
65641,88,83,5,5
65642,125,113,12,12
65643,180,154,26,26
65644,92,99,-7,7
65645,73,77,-4,4
65646,54,63,-9,9
65647,125,125,0,0
65648,158,148,10,10
65649,115,111,4,4
65650,176,166,10,10
65651,71,91,-20,20
65652,109,117,-8,8
65653,115,113,2,2
65654,135,125,10,10
65655,75,73,2,2
65656,71,73,-2,2
65657,74,89,-15,15
65658,123,129,-6,6
65659,85,90,-5,5
65660,124,119,5,5
65661,51,60,-9,9
65662,53,60,-7,7
65663,97,106,-9,9
65664,92,96,-4,4
65665,122,122,0,0
65666,183,160,23,23
65667,94,104,-10,10
65668,151,134,17,17
65669,65,67,-2,2
65670,146,137,9,9
65671,68,77,-9,9
65672,186,176,10,10
65673,121,110,11,11
65674,77,78,-1,1
65675,99,110,-11,11
65676,102,104,-2,2
65677,80,80,0,0
65678,123,117,6,6
65679,90,98,-8,8
65680,96,99,-3,3
65681,119,102,17,17
65682,136,129,7,7
65683,84,77,7,7
65684,135,130,5,5
65685,84,103,-19,19
65686,56,62,-6,6
65687,81,88,-7,7
65688,69,61,8,8
65689,89,85,4,4
65690,105,101,4,4
65691,113,113,0,0
65692,79,76,3,3
65693,167,151,16,16
65694,85,80,5,5
65695,80,89,-9,9
65696,72,72,0,0
65697,129,123,6,6
65698,155,133,22,22
65699,53,61,-8,8
65700,48,61,-13,13
65701,45,61,-16,16
65702,55,61,-6,6
65703,99,102,-3,3
65704,91,93,-2,2
65705,75,76,-1,1
65706,84,87,-3,3
65707,38,60,-22,22
65708,41,57,-16,16
65709,86,91,-5,5
65710,76,69,7,7
65711,53,61,-8,8
65712,63,64,-1,1
65713,79,72,7,7
65714,145,133,12,12
65715,97,101,-4,4
65716,120,118,2,2
65717,74,77,-3,3
65718,96,98,-2,2
65719,101,96,5,5
65720,94,106,-12,12
65721,92,89,3,3
65722,83,69,14,14
65723,122,105,17,17
65724,57,62,-5,5
65725,56,60,-4,4
65726,123,120,3,3
65727,104,105,-1,1
65728,147,132,15,15
65729,190,188,2,2
65730,120,114,6,6
65731,173,161,12,12
65732,52,60,-8,8
65733,134,123,11,11
65734,110,107,3,3
65735,84,79,5,5
65736,92,97,-5,5
65737,112,103,9,9
65738,60,58,2,2
65739,76,74,2,2
65740,159,141,18,18
65741,61,68,-7,7
65742,141,136,5,5
65743,107,108,-1,1
65744,103,97,6,6
65745,129,130,-1,1
65746,61,60,1,1
65747,77,70,7,7
65748,84,91,-7,7
65749,78,81,-3,3
65750,47,61,-14,14
65751,140,125,15,15
65752,56,61,-5,5
65753,154,137,17,17
65754,77,85,-8,8
65755,85,70,15,15
65756,104,114,-10,10
65757,70,91,-21,21
65758,71,72,-1,1
65759,63,62,1,1
65760,84,85,-1,1
65761,110,98,12,12
65762,88,107,-19,19
65763,74,75,-1,1
65764,72,91,-19,19
65765,46,61,-15,15
65766,94,95,-1,1
65767,93,102,-9,9
65768,63,63,0,0
65769,100,100,0,0
65770,71,69,2,2
65771,113,112,1,1
65772,88,89,-1,1
65773,83,69,14,14
65774,76,96,-20,20
65775,83,71,12,12
65776,153,128,25,25
65777,134,133,1,1
65778,91,93,-2,2
65779,56,63,-7,7
65780,89,94,-5,5
65781,51,62,-11,11
65782,121,116,5,5
65783,107,107,0,0
65784,97,142,-45,45
65785,79,74,5,5
65786,115,110,5,5
65787,60,65,-5,5
65788,105,101,4,4
65789,65,68,-3,3
65790,57,62,-5,5
65791,169,153,16,16
65792,92,95,-3,3
65793,104,116,-12,12
65794,68,64,4,4
65795,72,67,5,5
65796,92,95,-3,3
65797,124,120,4,4
65798,85,92,-7,7
65799,123,118,5,5
65800,112,106,6,6
65801,138,145,-7,7
65802,205,189,16,16
65803,88,93,-5,5
65804,82,88,-6,6
65805,77,79,-2,2
65806,68,67,1,1
65807,125,119,6,6
65808,87,86,1,1
65809,112,115,-3,3
65810,66,76,-10,10
65811,132,120,12,12
65812,136,115,21,21
65813,232,212,20,20
65814,63,67,-4,4
65815,77,88,-11,11
65816,121,114,7,7
65817,161,144,17,17
65818,200,157,43,43
65819,65,63,2,2
65820,104,95,9,9
65821,129,117,12,12
65822,129,159,-30,30
65823,123,113,10,10
65824,72,79,-7,7
65825,59,63,-4,4
65826,94,104,-10,10
65827,102,114,-12,12
65828,74,71,3,3
65829,64,63,1,1
65830,48,61,-13,13
65831,80,83,-3,3
65832,112,102,10,10
65833,67,121,-54,54
65834,79,90,-11,11
65835,79,85,-6,6
65836,51,62,-11,11
65837,213,191,22,22
65838,116,122,-6,6
65839,82,86,-4,4
65840,88,94,-6,6
65841,154,154,0,0
65842,93,92,1,1
65843,115,113,2,2
65844,58,60,-2,2
65845,89,99,-10,10
65846,69,67,2,2
65847,124,115,9,9
65848,87,88,-1,1
65849,114,114,0,0
65850,75,82,-7,7
65851,46,64,-18,18
65852,54,63,-9,9
65853,63,58,5,5
65854,54,62,-8,8
65855,70,65,5,5
65856,98,94,4,4
65857,74,75,-1,1
65858,76,71,5,5
65859,80,77,3,3
65860,73,131,-58,58
65861,108,108,0,0
65862,100,110,-10,10
65863,64,60,4,4
65864,101,105,-4,4
65865,75,72,3,3
65866,66,72,-6,6
65867,142,128,14,14
65868,47,61,-14,14
65869,71,66,5,5
65870,26,61,-35,35
65871,53,63,-10,10
65872,133,128,5,5
65873,96,98,-2,2
65874,91,112,-21,21
65875,83,77,6,6
65876,103,108,-5,5
65877,89,80,9,9
65878,90,95,-5,5
65879,95,104,-9,9
65880,32,61,-29,29
65881,72,75,-3,3
65882,99,84,15,15
65883,115,116,-1,1
65884,86,97,-11,11
65885,93,109,-16,16
65886,129,115,14,14
65887,92,94,-2,2
65888,114,112,2,2
65889,84,92,-8,8
65890,93,95,-2,2
65891,89,105,-16,16
65892,59,63,-4,4
65893,63,65,-2,2
65894,59,61,-2,2
65895,115,113,2,2
65896,144,123,21,21
65897,76,84,-8,8
65898,112,108,4,4
65899,118,128,-10,10
65900,80,89,-9,9
65901,106,107,-1,1
65902,92,97,-5,5
65903,65,67,-2,2
65904,130,136,-6,6
65905,108,105,3,3
65906,44,62,-18,18
65907,101,104,-3,3
65908,72,78,-6,6
65909,67,66,1,1
65910,73,74,-1,1
65911,184,167,17,17
65912,83,80,3,3
65913,77,76,1,1
65914,113,107,6,6
65915,46,61,-15,15
65916,101,111,-10,10
65917,92,95,-3,3
65918,122,115,7,7
65919,67,63,4,4
65920,134,117,17,17
65921,82,89,-7,7
65922,142,141,1,1
65923,101,93,8,8
65924,119,125,-6,6
65925,44,63,-19,19
65926,105,106,-1,1
65927,99,105,-6,6
65928,127,116,11,11
65929,76,74,2,2
65930,107,98,9,9
65931,104,122,-18,18
65932,104,98,6,6
65933,100,98,2,2
65934,106,101,5,5
65935,66,62,4,4
65936,154,138,16,16
65937,124,126,-2,2
65938,118,115,3,3
65939,79,79,0,0
65940,76,75,1,1
65941,89,90,-1,1
65942,67,70,-3,3
65943,104,104,0,0
65944,108,96,12,12
65945,76,74,2,2
65946,47,61,-14,14
65947,98,108,-10,10
65948,137,136,1,1
65949,111,106,5,5
65950,62,58,4,4
65951,37,62,-25,25
65952,69,67,2,2
65953,115,119,-4,4
65954,98,112,-14,14
65955,62,67,-5,5
65956,94,93,1,1
65957,46,67,-21,21
65958,97,90,7,7
65959,108,101,7,7
65960,124,124,0,0
65961,74,93,-19,19
65962,113,111,2,2
65963,96,101,-5,5
65964,135,125,10,10
65965,81,88,-7,7
65966,101,102,-1,1
65967,109,115,-6,6
65968,121,114,7,7
65969,62,61,1,1
65970,105,113,-8,8
65971,105,95,10,10
65972,96,92,4,4
65973,90,69,21,21
65974,81,77,4,4
65975,137,124,13,13
65976,86,81,5,5
65977,86,93,-7,7
65978,105,109,-4,4
65979,120,111,9,9
65980,70,67,3,3
65981,90,89,1,1
65982,90,92,-2,2
65983,79,78,1,1
65984,62,64,-2,2
65985,56,61,-5,5
65986,62,59,3,3
65987,123,110,13,13
65988,108,114,-6,6
65989,73,79,-6,6
65990,92,89,3,3
65991,97,95,2,2
65992,94,92,2,2
65993,119,119,0,0
65994,125,119,6,6
65995,252,220,32,32
65996,124,122,2,2
65997,76,85,-9,9
65998,120,117,3,3
65999,83,83,0,0
66000,82,85,-3,3
66001,93,99,-6,6
66002,56,63,-7,7
66003,78,94,-16,16
66004,121,153,-32,32
66005,100,95,5,5
66006,91,81,10,10
66007,66,64,2,2
66008,62,62,0,0
66009,72,69,3,3
66010,77,85,-8,8
66011,93,92,1,1
66012,176,150,26,26
66013,55,61,-6,6
66014,75,82,-7,7
66015,60,61,-1,1
66016,143,148,-5,5
66017,117,119,-2,2
66018,36,58,-22,22
66019,45,62,-17,17
66020,96,96,0,0
66021,81,92,-11,11
66022,106,103,3,3
66023,83,95,-12,12
66024,105,100,5,5
66025,80,91,-11,11
66026,43,60,-17,17
66027,103,106,-3,3
66028,134,125,9,9
66029,53,62,-9,9
66030,115,108,7,7
66031,157,131,26,26
66032,67,97,-30,30
66033,104,118,-14,14
66034,148,145,3,3
66035,116,108,8,8
66036,100,95,5,5
66037,63,67,-4,4
66038,71,82,-11,11
66039,71,64,7,7
66040,67,76,-9,9
66041,105,110,-5,5
66042,102,100,2,2
66043,53,61,-8,8
66044,71,74,-3,3
66045,115,143,-28,28
66046,105,103,2,2
66047,62,77,-15,15
66048,119,115,4,4
66049,151,146,5,5
66050,55,63,-8,8
66051,76,82,-6,6
66052,37,63,-26,26
66053,126,108,18,18
66054,116,95,21,21
66055,119,115,4,4
66056,86,86,0,0
66057,64,68,-4,4
66058,53,60,-7,7
66059,108,101,7,7
66060,118,112,6,6
66061,126,123,3,3
66062,71,64,7,7
66063,99,102,-3,3
66064,49,62,-13,13
66065,87,93,-6,6
66066,75,69,6,6
66067,89,94,-5,5
66068,94,93,1,1
66069,100,95,5,5
66070,80,78,2,2
66071,78,80,-2,2
66072,65,68,-3,3
66073,104,99,5,5
66074,111,116,-5,5
66075,182,149,33,33
66076,69,69,0,0
66077,67,69,-2,2
66078,99,115,-16,16
66079,82,82,0,0
66080,99,87,12,12
66081,66,66,0,0
66082,162,148,14,14
66083,142,127,15,15
66084,84,84,0,0
66085,70,87,-17,17
66086,106,103,3,3
66087,57,63,-6,6
66088,89,82,7,7
66089,119,110,9,9
66090,90,87,3,3
66091,59,65,-6,6
66092,80,77,3,3
66093,113,106,7,7
66094,47,61,-14,14
66095,72,77,-5,5
66096,178,179,-1,1
66097,76,92,-16,16
66098,96,101,-5,5
66099,83,88,-5,5
66100,63,65,-2,2
66101,144,138,6,6
66102,42,61,-19,19
66103,52,61,-9,9
66104,125,110,15,15
66105,63,65,-2,2
66106,69,61,8,8
66107,78,73,5,5
66108,63,80,-17,17
66109,80,90,-10,10
66110,101,102,-1,1
66111,187,151,36,36
66112,163,146,17,17
66113,109,111,-2,2
66114,101,123,-22,22
66115,86,91,-5,5
66116,72,91,-19,19
66117,142,172,-30,30
66118,99,92,7,7
66119,64,65,-1,1
66120,79,82,-3,3
66121,85,97,-12,12
66122,107,117,-10,10
66123,97,98,-1,1
66124,116,112,4,4
66125,67,68,-1,1
66126,89,103,-14,14
66127,122,111,11,11
66128,140,137,3,3
66129,62,62,0,0
66130,119,130,-11,11
66131,117,108,9,9
66132,104,114,-10,10
66133,47,62,-15,15
66134,73,74,-1,1
66135,159,133,26,26
66136,101,102,-1,1
66137,77,70,7,7
66138,58,62,-4,4
66139,78,86,-8,8
66140,97,94,3,3
66141,76,73,3,3
66142,88,91,-3,3
66143,64,65,-1,1
66144,81,97,-16,16
66145,69,67,2,2
66146,115,127,-12,12
66147,65,86,-21,21
66148,76,67,9,9
66149,58,63,-5,5
66150,33,60,-27,27
66151,133,123,10,10
66152,45,66,-21,21
66153,123,121,2,2
66154,100,99,1,1
66155,82,90,-8,8
66156,83,89,-6,6
66157,117,106,11,11
66158,74,68,6,6
66159,103,106,-3,3
66160,72,73,-1,1
66161,142,127,15,15
66162,121,109,12,12
66163,82,78,4,4
66164,80,76,4,4
66165,100,104,-4,4
66166,164,155,9,9
66167,95,94,1,1
66168,57,60,-3,3
66169,81,73,8,8
66170,39,62,-23,23
66171,123,116,7,7
66172,127,119,8,8
66173,82,83,-1,1
66174,105,104,1,1
66175,72,69,3,3
66176,37,61,-24,24
66177,85,92,-7,7
66178,152,144,8,8
66179,80,72,8,8
66180,55,62,-7,7
66181,76,94,-18,18
66182,21,62,-41,41
66183,220,193,27,27
66184,159,142,17,17
66185,90,95,-5,5
66186,148,142,6,6
66187,102,99,3,3
66188,83,78,5,5
66189,80,95,-15,15
66190,100,89,11,11
66191,111,101,10,10
66192,79,83,-4,4
66193,82,84,-2,2
66194,82,82,0,0
66195,197,179,18,18
66196,188,165,23,23
66197,177,170,7,7
66198,76,73,3,3
66199,157,167,-10,10
66200,49,61,-12,12
66201,44,56,-12,12
66202,66,72,-6,6
66203,156,142,14,14
66204,111,118,-7,7
66205,69,80,-11,11
66206,188,170,18,18
66207,126,112,14,14
66208,73,68,5,5
66209,111,102,9,9
66210,94,92,2,2
66211,57,83,-26,26
66212,132,121,11,11
66213,164,153,11,11
66214,55,62,-7,7
66215,139,124,15,15
66216,77,68,9,9
66217,43,63,-20,20
66218,96,92,4,4
66219,88,88,0,0
66220,74,72,2,2
66221,81,86,-5,5
66222,84,88,-4,4
66223,100,99,1,1
66224,108,97,11,11
66225,44,61,-17,17
66226,77,87,-10,10
66227,79,87,-8,8
66228,111,110,1,1
66229,86,89,-3,3
66230,61,57,4,4
66231,85,83,2,2
66232,45,54,-9,9
66233,81,73,8,8
66234,159,141,18,18
66235,80,76,4,4
66236,94,92,2,2
66237,89,94,-5,5
66238,96,97,-1,1
66239,95,88,7,7
66240,127,117,10,10
66241,71,63,8,8
66242,68,64,4,4
66243,80,91,-11,11
66244,122,115,7,7
66245,136,130,6,6
66246,95,96,-1,1
66247,89,87,2,2
66248,88,95,-7,7
66249,44,62,-18,18
66250,121,111,10,10
66251,47,60,-13,13
66252,72,67,5,5
66253,72,71,1,1
66254,145,159,-14,14
66255,77,81,-4,4
66256,129,139,-10,10
66257,65,67,-2,2
66258,121,111,10,10
66259,92,92,0,0
66260,100,106,-6,6
66261,36,62,-26,26
66262,122,113,9,9
66263,112,100,12,12
66264,76,70,6,6
66265,112,118,-6,6
66266,75,81,-6,6
66267,81,83,-2,2
66268,102,91,11,11
66269,43,59,-16,16
66270,92,98,-6,6
66271,118,102,16,16
66272,73,73,0,0
66273,179,179,0,0
66274,63,70,-7,7
66275,128,130,-2,2
66276,161,160,1,1
66277,178,151,27,27
66278,90,90,0,0
66279,74,77,-3,3
66280,74,79,-5,5
66281,95,103,-8,8
66282,98,101,-3,3
66283,94,93,1,1
66284,115,119,-4,4
66285,131,130,1,1
66286,99,78,21,21
66287,87,90,-3,3
66288,74,81,-7,7
66289,56,60,-4,4
66290,58,63,-5,5
66291,77,84,-7,7
66292,122,108,14,14
66293,70,72,-2,2
66294,40,62,-22,22
66295,106,109,-3,3
66296,100,103,-3,3
66297,73,77,-4,4
66298,72,66,6,6
66299,99,106,-7,7
66300,135,138,-3,3
66301,184,157,27,27
66302,50,68,-18,18
66303,77,78,-1,1
66304,48,61,-13,13
66305,76,83,-7,7
66306,87,97,-10,10
66307,137,122,15,15
66308,110,115,-5,5
66309,84,92,-8,8
66310,74,81,-7,7
66311,83,79,4,4
66312,76,72,4,4
66313,107,131,-24,24
66314,78,69,9,9
66315,87,85,2,2
66316,64,68,-4,4
66317,60,62,-2,2
66318,94,100,-6,6
66319,80,75,5,5
66320,50,61,-11,11
66321,54,62,-8,8
66322,65,61,4,4
66323,101,113,-12,12
66324,89,89,0,0
66325,127,121,6,6
66326,59,69,-10,10
66327,90,98,-8,8
66328,77,80,-3,3
66329,100,108,-8,8
66330,103,102,1,1
66331,33,60,-27,27
66332,61,64,-3,3
66333,63,80,-17,17
66334,47,62,-15,15
66335,51,63,-12,12
66336,141,135,6,6
66337,74,69,5,5
66338,74,75,-1,1
66339,85,84,1,1
66340,149,129,20,20
66341,90,105,-15,15
66342,79,91,-12,12
66343,93,105,-12,12
66344,79,77,2,2
66345,146,143,3,3
66346,81,89,-8,8
66347,83,108,-25,25
66348,196,186,10,10
66349,114,104,10,10
66350,102,99,3,3
66351,140,130,10,10
66352,46,61,-15,15
66353,189,170,19,19
66354,102,109,-7,7
66355,96,93,3,3
66356,73,88,-15,15
66357,131,133,-2,2
66358,143,127,16,16
66359,94,121,-27,27
66360,95,99,-4,4
66361,131,122,9,9
66362,138,125,13,13
66363,55,64,-9,9
66364,40,61,-21,21
66365,97,94,3,3
66366,70,75,-5,5
66367,95,94,1,1
66368,86,80,6,6
66369,107,99,8,8
66370,45,59,-14,14
66371,107,106,1,1
66372,77,69,8,8
66373,75,73,2,2
66374,85,90,-5,5
66375,81,90,-9,9
66376,100,100,0,0
66377,65,74,-9,9
66378,57,63,-6,6
66379,61,59,2,2
66380,79,83,-4,4
66381,104,104,0,0
66382,106,105,1,1
66383,55,62,-7,7
66384,100,97,3,3
66385,89,93,-4,4
66386,73,70,3,3
66387,77,86,-9,9
66388,59,63,-4,4
66389,71,78,-7,7
66390,52,66,-14,14
66391,58,61,-3,3
66392,72,65,7,7
66393,90,90,0,0
66394,57,63,-6,6
66395,82,101,-19,19
66396,92,93,-1,1
66397,88,78,10,10
66398,49,60,-11,11
66399,91,88,3,3
66400,171,160,11,11
66401,75,92,-17,17
66402,82,82,0,0
66403,74,68,6,6
66404,116,117,-1,1
66405,95,89,6,6
66406,116,104,12,12
66407,74,103,-29,29
66408,100,99,1,1
66409,81,92,-11,11
66410,141,150,-9,9
66411,113,108,5,5
66412,100,96,4,4
66413,80,72,8,8
66414,96,93,3,3
66415,83,86,-3,3
66416,68,78,-10,10
66417,66,63,3,3
66418,73,75,-2,2
66419,169,159,10,10
66420,119,104,15,15
66421,82,97,-15,15
66422,85,88,-3,3
66423,92,107,-15,15
66424,92,96,-4,4
66425,164,151,13,13
66426,131,130,1,1
66427,106,124,-18,18
66428,72,69,3,3
66429,54,62,-8,8
66430,75,77,-2,2
66431,62,59,3,3
66432,89,100,-11,11
66433,63,60,3,3
66434,87,86,1,1
66435,136,120,16,16
66436,79,75,4,4
66437,86,94,-8,8
66438,71,76,-5,5
66439,68,64,4,4
66440,127,120,7,7
66441,78,88,-10,10
66442,43,62,-19,19
66443,82,81,1,1
66444,61,68,-7,7
66445,91,101,-10,10
66446,78,84,-6,6
66447,121,117,4,4
66448,83,85,-2,2
66449,169,164,5,5
66450,56,61,-5,5
66451,78,64,14,14
66452,73,77,-4,4
66453,66,68,-2,2
66454,67,60,7,7
66455,69,58,11,11
66456,96,103,-7,7
66457,118,109,9,9
66458,67,70,-3,3
66459,58,67,-9,9
66460,77,64,13,13
66461,164,142,22,22
66462,57,64,-7,7
66463,98,99,-1,1
66464,97,96,1,1
66465,58,61,-3,3
66466,107,109,-2,2
66467,70,76,-6,6
66468,121,123,-2,2
66469,144,129,15,15
66470,157,148,9,9
66471,113,115,-2,2
66472,66,64,2,2
66473,47,125,-78,78
66474,106,99,7,7
66475,77,89,-12,12
66476,180,173,7,7
66477,55,63,-8,8
66478,57,68,-11,11
66479,104,104,0,0
66480,120,116,4,4
66481,124,114,10,10
66482,157,157,0,0
66483,185,177,8,8
66484,63,62,1,1
66485,158,133,25,25
66486,161,158,3,3
66487,61,64,-3,3
66488,104,107,-3,3
66489,65,62,3,3
66490,174,162,12,12
66491,52,60,-8,8
66492,118,109,9,9
66493,89,90,-1,1
66494,88,89,-1,1
66495,88,93,-5,5
66496,62,68,-6,6
66497,67,67,0,0
66498,118,114,4,4
66499,113,116,-3,3
66500,99,105,-6,6
66501,68,70,-2,2
66502,50,62,-12,12
66503,123,120,3,3
66504,97,101,-4,4
66505,93,109,-16,16
66506,132,135,-3,3
66507,70,72,-2,2
66508,65,60,5,5
66509,80,97,-17,17
66510,79,74,5,5
66511,96,100,-4,4
66512,69,76,-7,7
66513,142,133,9,9
66514,126,122,4,4
66515,88,112,-24,24
66516,57,62,-5,5
66517,68,62,6,6
66518,97,105,-8,8
66519,128,128,0,0
66520,129,139,-10,10
66521,92,92,0,0
66522,146,130,16,16
66523,83,89,-6,6
66524,92,90,2,2
66525,207,181,26,26
66526,40,61,-21,21
66527,92,106,-14,14
66528,95,108,-13,13
66529,107,101,6,6
66530,51,62,-11,11
66531,210,178,32,32
66532,73,72,1,1
66533,103,98,5,5
66534,120,117,3,3
66535,132,117,15,15
66536,112,107,5,5
66537,86,88,-2,2
66538,195,183,12,12
66539,69,68,1,1
66540,91,92,-1,1
66541,57,75,-18,18
66542,112,106,6,6
66543,72,86,-14,14
66544,90,89,1,1
66545,99,99,0,0
66546,46,60,-14,14
66547,51,61,-10,10
66548,107,104,3,3
66549,156,151,5,5
66550,61,63,-2,2
66551,88,87,1,1
66552,107,102,5,5
66553,121,110,11,11
66554,89,83,6,6
66555,99,104,-5,5
66556,87,95,-8,8
66557,46,62,-16,16
66558,152,149,3,3
66559,67,66,1,1
66560,164,156,8,8
66561,68,69,-1,1
66562,94,98,-4,4
66563,60,62,-2,2
66564,205,172,33,33
66565,92,92,0,0
66566,95,91,4,4
66567,67,62,5,5
66568,55,63,-8,8
66569,151,135,16,16
66570,160,146,14,14
66571,29,62,-33,33
66572,108,106,2,2
66573,112,122,-10,10
66574,109,161,-52,52
66575,86,84,2,2
66576,75,80,-5,5
66577,60,63,-3,3
66578,64,68,-4,4
66579,64,91,-27,27
66580,110,113,-3,3
66581,81,91,-10,10
66582,79,78,1,1
66583,124,114,10,10
66584,94,101,-7,7
66585,73,94,-21,21
66586,111,103,8,8
66587,107,106,1,1
66588,71,66,5,5
66589,125,119,6,6
66590,123,112,11,11
66591,63,60,3,3
66592,98,100,-2,2
66593,101,95,6,6
66594,129,122,7,7
66595,96,96,0,0
66596,58,61,-3,3
66597,162,154,8,8
66598,48,63,-15,15
66599,151,141,10,10
66600,67,64,3,3
66601,122,114,8,8
66602,100,107,-7,7
66603,135,138,-3,3
66604,213,174,39,39
66605,129,134,-5,5
66606,61,65,-4,4
66607,70,73,-3,3
66608,88,98,-10,10
66609,75,78,-3,3
66610,159,151,8,8
66611,100,106,-6,6
66612,75,69,6,6
66613,120,135,-15,15
66614,70,74,-4,4
66615,129,117,12,12
66616,124,152,-28,28
66617,105,101,4,4
66618,60,62,-2,2
66619,76,66,10,10
66620,64,73,-9,9
66621,145,144,1,1
66622,95,106,-11,11
66623,104,106,-2,2
66624,148,137,11,11
66625,126,123,3,3
66626,142,130,12,12
66627,67,66,1,1
66628,96,103,-7,7
66629,114,107,7,7
66630,47,60,-13,13
66631,125,134,-9,9
66632,66,73,-7,7
66633,203,220,-17,17
66634,58,63,-5,5
66635,114,108,6,6
66636,100,125,-25,25
66637,92,102,-10,10
66638,114,116,-2,2
66639,67,67,0,0
66640,56,62,-6,6
66641,78,79,-1,1
66642,62,63,-1,1
66643,77,93,-16,16
66644,104,99,5,5
66645,37,61,-24,24
66646,94,95,-1,1
66647,108,100,8,8
66648,42,60,-18,18
66649,106,106,0,0
66650,74,72,2,2
66651,116,102,14,14
66652,77,64,13,13
66653,123,121,2,2
66654,89,98,-9,9
66655,74,69,5,5
66656,118,113,5,5
66657,73,76,-3,3
66658,69,87,-18,18
66659,79,80,-1,1
66660,58,64,-6,6
66661,172,148,24,24
66662,118,108,10,10
66663,140,136,4,4
66664,124,123,1,1
66665,111,102,9,9
66666,88,113,-25,25
66667,90,116,-26,26
66668,59,62,-3,3
66669,139,142,-3,3
66670,125,126,-1,1
66671,64,66,-2,2
66672,147,132,15,15
66673,50,59,-9,9
66674,81,85,-4,4
66675,105,103,2,2
66676,63,65,-2,2
66677,87,97,-10,10
66678,90,91,-1,1
66679,47,61,-14,14
66680,134,130,4,4
66681,61,63,-2,2
66682,73,95,-22,22
66683,73,67,6,6
66684,78,84,-6,6
66685,134,123,11,11
66686,51,62,-11,11
66687,108,114,-6,6
66688,96,97,-1,1
66689,54,91,-37,37
66690,122,120,2,2
66691,129,124,5,5
66692,86,75,11,11
66693,114,108,6,6
66694,70,72,-2,2
66695,79,85,-6,6
66696,56,60,-4,4
66697,66,69,-3,3
66698,89,82,7,7
66699,106,100,6,6
66700,77,84,-7,7
66701,82,81,1,1
66702,63,82,-19,19
66703,87,87,0,0
66704,119,122,-3,3
66705,146,133,13,13
66706,71,63,8,8
66707,70,88,-18,18
66708,82,90,-8,8
66709,72,74,-2,2
66710,91,97,-6,6
66711,57,66,-9,9
66712,68,68,0,0
66713,92,92,0,0
66714,71,73,-2,2
66715,100,97,3,3
66716,106,99,7,7
66717,64,61,3,3
66718,58,65,-7,7
66719,74,72,2,2
66720,104,112,-8,8
66721,133,122,11,11
66722,59,63,-4,4
66723,77,78,-1,1
66724,90,91,-1,1
66725,116,97,19,19
66726,94,91,3,3
66727,102,106,-4,4
66728,130,122,8,8
66729,115,114,1,1
66730,79,73,6,6
66731,151,140,11,11
66732,88,110,-22,22
66733,188,165,23,23
66734,91,95,-4,4
66735,81,76,5,5
66736,74,79,-5,5
66737,80,88,-8,8
66738,125,116,9,9
66739,140,131,9,9
66740,60,63,-3,3
66741,45,62,-17,17
66742,65,72,-7,7
66743,120,118,2,2
66744,105,111,-6,6
66745,136,135,1,1
66746,31,63,-32,32
66747,77,82,-5,5
66748,79,93,-14,14
66749,96,100,-4,4
66750,40,60,-20,20
66751,54,61,-7,7
66752,94,85,9,9
66753,83,106,-23,23
66754,54,61,-7,7
66755,92,96,-4,4
66756,146,124,22,22
66757,172,155,17,17
66758,62,62,0,0
66759,155,149,6,6
66760,111,106,5,5
66761,99,97,2,2
66762,126,112,14,14
66763,55,61,-6,6
66764,202,188,14,14
66765,60,64,-4,4
66766,97,99,-2,2
66767,111,104,7,7
66768,114,109,5,5
66769,81,74,7,7
66770,35,59,-24,24
66771,88,93,-5,5
66772,62,71,-9,9
66773,84,89,-5,5
66774,96,87,9,9
66775,105,104,1,1
66776,67,73,-6,6
66777,68,78,-10,10
66778,75,73,2,2
66779,64,67,-3,3
66780,165,143,22,22
66781,92,133,-41,41
66782,136,113,23,23
66783,93,96,-3,3
66784,58,60,-2,2
66785,72,75,-3,3
66786,87,91,-4,4
66787,53,62,-9,9
66788,138,135,3,3
66789,98,104,-6,6
66790,81,86,-5,5
66791,82,91,-9,9
66792,140,148,-8,8
66793,92,94,-2,2
66794,116,112,4,4
66795,169,153,16,16
66796,76,90,-14,14
66797,70,69,1,1
66798,206,178,28,28
66799,118,113,5,5
66800,82,91,-9,9
66801,143,136,7,7
66802,113,102,11,11
66803,82,87,-5,5
66804,72,70,2,2
66805,53,61,-8,8
66806,38,60,-22,22
66807,102,100,2,2
66808,98,101,-3,3
66809,60,66,-6,6
66810,133,119,14,14
66811,108,103,5,5
66812,103,98,5,5
66813,58,62,-4,4
66814,80,79,1,1
66815,72,70,2,2
66816,103,97,6,6
66817,115,122,-7,7
66818,66,76,-10,10
66819,134,125,9,9
66820,129,119,10,10
66821,82,89,-7,7
66822,92,93,-1,1
66823,72,67,5,5
66824,156,145,11,11
66825,97,100,-3,3
66826,80,83,-3,3
66827,110,97,13,13
66828,112,104,8,8
66829,73,73,0,0
66830,93,100,-7,7
66831,84,98,-14,14
66832,69,63,6,6
66833,63,74,-11,11
66834,97,98,-1,1
66835,51,62,-11,11
66836,117,113,4,4
66837,102,112,-10,10
66838,63,65,-2,2
66839,90,116,-26,26
66840,75,70,5,5
66841,31,83,-52,52
66842,118,120,-2,2
66843,110,123,-13,13
66844,126,119,7,7
66845,132,134,-2,2
66846,94,90,4,4
66847,55,67,-12,12
66848,119,111,8,8
66849,47,62,-15,15
66850,152,135,17,17
66851,38,55,-17,17
66852,96,108,-12,12
66853,79,70,9,9
66854,63,61,2,2
66855,120,121,-1,1
66856,97,91,6,6
66857,65,61,4,4
66858,108,106,2,2
66859,146,138,8,8
66860,99,103,-4,4
66861,50,62,-12,12
66862,98,99,-1,1
66863,61,62,-1,1
66864,67,74,-7,7
66865,102,99,3,3
66866,98,95,3,3
66867,127,118,9,9
66868,134,123,11,11
66869,107,103,4,4
66870,62,63,-1,1
66871,83,87,-4,4
66872,41,61,-20,20
66873,65,72,-7,7
66874,73,79,-6,6
66875,81,82,-1,1
66876,85,86,-1,1
66877,85,72,13,13
66878,117,113,4,4
66879,128,131,-3,3
66880,89,92,-3,3
66881,42,61,-19,19
66882,125,139,-14,14
66883,68,68,0,0
66884,72,79,-7,7
66885,96,100,-4,4
66886,134,128,6,6
66887,122,118,4,4
66888,87,93,-6,6
66889,54,61,-7,7
66890,79,80,-1,1
66891,148,132,16,16
66892,66,71,-5,5
66893,142,127,15,15
66894,106,98,8,8
66895,48,62,-14,14
66896,57,69,-12,12
66897,126,120,6,6
66898,51,61,-10,10
66899,109,117,-8,8
66900,106,108,-2,2
66901,102,101,1,1
66902,94,95,-1,1
66903,112,108,4,4
66904,140,127,13,13
66905,117,119,-2,2
66906,112,99,13,13
66907,49,65,-16,16
66908,156,140,16,16
66909,89,87,2,2
66910,74,84,-10,10
66911,67,76,-9,9
66912,70,83,-13,13
66913,93,99,-6,6
66914,93,98,-5,5
66915,101,103,-2,2
66916,76,91,-15,15
66917,67,70,-3,3
66918,106,104,2,2
66919,72,80,-8,8
66920,65,64,1,1
66921,87,93,-6,6
66922,89,90,-1,1
66923,257,301,-44,44
66924,175,166,9,9
66925,69,63,6,6
66926,76,68,8,8
66927,65,61,4,4
66928,153,141,12,12
66929,68,70,-2,2
66930,116,107,9,9
66931,114,123,-9,9
66932,76,88,-12,12
66933,65,60,5,5
66934,104,98,6,6
66935,148,134,14,14
66936,43,61,-18,18
66937,90,92,-2,2
66938,99,103,-4,4
66939,128,127,1,1
66940,110,109,1,1
66941,42,58,-16,16
66942,120,114,6,6
66943,135,112,23,23
66944,134,133,1,1
66945,116,118,-2,2
66946,138,122,16,16
66947,125,114,11,11
66948,43,60,-17,17
66949,89,88,1,1
66950,126,109,17,17
66951,90,87,3,3
66952,77,82,-5,5
66953,91,95,-4,4
66954,120,108,12,12
66955,63,63,0,0
66956,88,91,-3,3
66957,50,62,-12,12
66958,110,115,-5,5
66959,71,70,1,1
66960,81,79,2,2
66961,120,113,7,7
66962,94,95,-1,1
66963,51,59,-8,8
66964,84,93,-9,9
66965,96,98,-2,2
66966,179,155,24,24
66967,57,60,-3,3
66968,114,113,1,1
66969,111,115,-4,4
66970,111,105,6,6
66971,101,96,5,5
66972,53,61,-8,8
66973,97,99,-2,2
66974,98,96,2,2
66975,50,61,-11,11
66976,82,89,-7,7
66977,108,103,5,5
66978,59,65,-6,6
66979,69,73,-4,4
66980,68,71,-3,3
66981,69,78,-9,9
66982,73,74,-1,1
66983,28,62,-34,34
66984,75,76,-1,1
66985,68,66,2,2
66986,110,117,-7,7
66987,99,108,-9,9
66988,72,72,0,0
66989,74,74,0,0
66990,70,75,-5,5
66991,109,102,7,7
66992,191,180,11,11
66993,54,61,-7,7
66994,119,115,4,4
66995,76,74,2,2
66996,174,160,14,14
66997,87,90,-3,3
66998,88,89,-1,1
66999,53,61,-8,8
67000,75,77,-2,2
67001,68,63,5,5
67002,118,119,-1,1
67003,114,108,6,6
67004,101,103,-2,2
67005,102,102,0,0
67006,82,91,-9,9
67007,100,103,-3,3
67008,134,130,4,4
67009,140,136,4,4
67010,109,114,-5,5
67011,124,120,4,4
67012,157,137,20,20
67013,67,72,-5,5
67014,117,117,0,0
67015,64,63,1,1
67016,89,99,-10,10
67017,52,62,-10,10
67018,126,117,9,9
67019,99,101,-2,2
67020,82,81,1,1
67021,96,86,10,10
67022,85,80,5,5
67023,68,99,-31,31
67024,132,120,12,12
67025,148,136,12,12
67026,56,62,-6,6
67027,173,175,-2,2
67028,115,117,-2,2
67029,99,100,-1,1
67030,115,123,-8,8
67031,71,76,-5,5
67032,141,134,7,7
67033,111,107,4,4
67034,53,61,-8,8
67035,279,222,57,57
67036,101,95,6,6
67037,93,93,0,0
67038,71,65,6,6
67039,163,150,13,13
67040,52,62,-10,10
67041,109,108,1,1
67042,80,93,-13,13
67043,72,108,-36,36
67044,72,67,5,5
67045,87,88,-1,1
67046,82,87,-5,5
67047,74,73,1,1
67048,156,142,14,14
67049,133,121,12,12
67050,123,113,10,10
67051,63,64,-1,1
67052,70,73,-3,3
67053,40,62,-22,22
67054,76,90,-14,14
67055,201,193,8,8
67056,76,89,-13,13
67057,109,112,-3,3
67058,116,116,0,0
67059,45,61,-16,16
67060,59,62,-3,3
67061,104,95,9,9
67062,122,149,-27,27
67063,108,97,11,11
67064,59,63,-4,4
67065,111,120,-9,9
67066,47,62,-15,15
67067,123,124,-1,1
67068,127,117,10,10
67069,98,100,-2,2
67070,90,93,-3,3
67071,70,74,-4,4
67072,102,100,2,2
67073,101,100,1,1
67074,72,94,-22,22
67075,86,103,-17,17
67076,77,79,-2,2
67077,175,151,24,24
67078,85,91,-6,6
67079,109,108,1,1
67080,143,127,16,16
67081,79,92,-13,13
67082,81,83,-2,2
67083,110,101,9,9
67084,68,78,-10,10
67085,107,108,-1,1
67086,115,111,4,4
67087,120,116,4,4
67088,67,69,-2,2
67089,95,103,-8,8
67090,116,111,5,5
67091,83,90,-7,7
67092,97,90,7,7
67093,85,94,-9,9
67094,91,100,-9,9
67095,147,130,17,17
67096,60,68,-8,8
67097,104,99,5,5
67098,99,98,1,1
67099,142,130,12,12
67100,65,66,-1,1
67101,58,62,-4,4
67102,81,91,-10,10
67103,85,87,-2,2
67104,158,146,12,12
67105,57,61,-4,4
67106,32,62,-30,30
67107,161,145,16,16
67108,139,129,10,10
67109,123,118,5,5
67110,141,139,2,2
67111,127,123,4,4
67112,65,67,-2,2
67113,177,156,21,21
67114,131,125,6,6
67115,140,130,10,10
67116,51,62,-11,11
67117,85,91,-6,6
67118,75,78,-3,3
67119,103,101,2,2
67120,155,132,23,23
67121,85,84,1,1
67122,72,72,0,0
67123,80,64,16,16
67124,62,65,-3,3
67125,58,61,-3,3
67126,53,59,-6,6
67127,76,95,-19,19
67128,117,116,1,1
67129,75,69,6,6
67130,138,126,12,12
67131,82,79,3,3
67132,79,83,-4,4
67133,83,94,-11,11
67134,79,76,3,3
67135,141,127,14,14
67136,76,68,8,8
67137,165,150,15,15
67138,150,144,6,6
67139,65,62,3,3
67140,37,61,-24,24
67141,55,62,-7,7
67142,227,206,21,21
67143,82,89,-7,7
67144,70,70,0,0
67145,57,62,-5,5
67146,73,67,6,6
67147,78,74,4,4
67148,58,59,-1,1
67149,87,89,-2,2
67150,48,62,-14,14
67151,127,126,1,1
67152,65,61,4,4
67153,111,97,14,14
67154,74,78,-4,4
67155,103,98,5,5
67156,91,81,10,10
67157,188,196,-8,8
67158,98,110,-12,12
67159,86,90,-4,4
67160,68,63,5,5
67161,99,100,-1,1
67162,68,68,0,0
67163,87,91,-4,4
67164,110,109,1,1
67165,53,64,-11,11
67166,75,74,1,1
67167,113,112,1,1
67168,103,132,-29,29
67169,48,62,-14,14
67170,180,158,22,22
67171,67,76,-9,9
67172,69,74,-5,5
67173,114,123,-9,9
67174,82,74,8,8
67175,152,142,10,10
67176,108,109,-1,1
67177,126,121,5,5
67178,126,136,-10,10
67179,68,81,-13,13
67180,111,106,5,5
67181,127,110,17,17
67182,106,102,4,4
67183,93,104,-11,11
67184,134,133,1,1
67185,65,70,-5,5
67186,129,116,13,13
67187,84,90,-6,6
67188,64,63,1,1
67189,147,142,5,5
67190,123,122,1,1
67191,102,101,1,1
67192,66,61,5,5
67193,56,60,-4,4
67194,99,107,-8,8
67195,92,92,0,0
67196,96,97,-1,1
67197,125,131,-6,6
67198,85,86,-1,1
67199,100,97,3,3
67200,77,82,-5,5
67201,69,69,0,0
67202,95,98,-3,3
67203,87,84,3,3
67204,112,106,6,6
67205,124,119,5,5
67206,99,97,2,2
67207,65,61,4,4
67208,119,112,7,7
67209,66,69,-3,3
67210,89,89,0,0
67211,139,120,19,19
67212,111,100,11,11
67213,81,95,-14,14
67214,100,104,-4,4
67215,82,78,4,4
67216,145,151,-6,6
67217,91,98,-7,7
67218,187,179,8,8
67219,84,87,-3,3
67220,45,60,-15,15
67221,116,113,3,3
67222,69,66,3,3
67223,80,88,-8,8
67224,44,62,-18,18
67225,93,102,-9,9
67226,58,61,-3,3
67227,74,81,-7,7
67228,74,78,-4,4
67229,99,109,-10,10
67230,93,99,-6,6
67231,67,84,-17,17
67232,108,109,-1,1
67233,108,117,-9,9
67234,116,104,12,12
67235,127,111,16,16
67236,98,96,2,2
67237,115,121,-6,6
67238,131,131,0,0
67239,185,189,-4,4
67240,120,107,13,13
67241,75,82,-7,7
67242,165,135,30,30
67243,44,72,-28,28
67244,82,88,-6,6
67245,66,86,-20,20
67246,72,76,-4,4
67247,137,125,12,12
67248,66,68,-2,2
67249,79,97,-18,18
67250,48,61,-13,13
67251,76,80,-4,4
67252,87,83,4,4
67253,90,90,0,0
67254,67,69,-2,2
67255,139,134,5,5
67256,52,61,-9,9
67257,97,93,4,4
67258,135,124,11,11
67259,60,62,-2,2
67260,65,67,-2,2
67261,61,62,-1,1
67262,175,155,20,20
67263,146,130,16,16
67264,64,80,-16,16
67265,122,119,3,3
67266,66,68,-2,2
67267,62,63,-1,1
67268,97,103,-6,6
67269,117,120,-3,3
67270,72,79,-7,7
67271,66,91,-25,25
67272,147,152,-5,5
67273,139,123,16,16
67274,143,144,-1,1
67275,106,109,-3,3
67276,81,99,-18,18
67277,85,77,8,8
67278,112,107,5,5
67279,74,88,-14,14
67280,157,146,11,11
67281,76,69,7,7
67282,69,68,1,1
67283,133,122,11,11
67284,79,95,-16,16
67285,58,65,-7,7
67286,111,112,-1,1
67287,195,171,24,24
67288,129,116,13,13
67289,58,94,-36,36
67290,101,108,-7,7
67291,186,174,12,12
67292,76,66,10,10
67293,72,68,4,4
67294,100,105,-5,5
67295,60,61,-1,1
67296,59,63,-4,4
67297,118,112,6,6
67298,195,168,27,27
67299,92,90,2,2
67300,245,243,2,2
67301,102,115,-13,13
67302,84,87,-3,3
67303,95,95,0,0
67304,126,118,8,8
67305,101,95,6,6
67306,192,165,27,27
67307,118,117,1,1
67308,72,84,-12,12
67309,66,73,-7,7
67310,72,74,-2,2
67311,75,86,-11,11
67312,47,61,-14,14
67313,53,61,-8,8
67314,75,88,-13,13
67315,77,94,-17,17
67316,133,140,-7,7
67317,66,67,-1,1
67318,122,121,1,1
67319,151,142,9,9
67320,95,110,-15,15
67321,70,79,-9,9
67322,66,66,0,0
67323,101,102,-1,1
67324,92,93,-1,1
67325,94,91,3,3
67326,80,74,6,6
67327,86,95,-9,9
67328,99,100,-1,1
67329,167,142,25,25
67330,104,100,4,4
67331,92,87,5,5
67332,82,96,-14,14
67333,93,93,0,0
67334,57,59,-2,2
67335,80,81,-1,1
67336,154,132,22,22
67337,92,91,1,1
67338,121,108,13,13
67339,90,101,-11,11
67340,94,95,-1,1
67341,100,103,-3,3
67342,55,62,-7,7
67343,179,169,10,10
67344,157,140,17,17
67345,58,72,-14,14
67346,94,107,-13,13
67347,85,82,3,3
67348,55,64,-9,9
67349,72,64,8,8
67350,114,112,2,2
67351,99,99,0,0
67352,75,69,6,6
67353,45,59,-14,14
67354,58,60,-2,2
67355,110,108,2,2
67356,69,74,-5,5
67357,68,66,2,2
67358,102,97,5,5
67359,77,89,-12,12
67360,85,87,-2,2
67361,112,129,-17,17
67362,40,62,-22,22
67363,73,76,-3,3
67364,76,82,-6,6
67365,65,68,-3,3
67366,72,95,-23,23
67367,89,112,-23,23
67368,110,114,-4,4
67369,91,93,-2,2
67370,59,90,-31,31
67371,90,84,6,6
67372,84,92,-8,8
67373,130,119,11,11
67374,63,62,1,1
67375,63,62,1,1
67376,87,89,-2,2
67377,106,114,-8,8
67378,145,128,17,17
67379,128,124,4,4
67380,81,88,-7,7
67381,111,101,10,10
67382,76,82,-6,6
67383,53,66,-13,13
67384,82,88,-6,6
67385,100,101,-1,1
67386,74,88,-14,14
67387,105,106,-1,1
67388,58,62,-4,4
67389,102,104,-2,2
67390,113,105,8,8
67391,99,104,-5,5
67392,113,108,5,5
67393,55,63,-8,8
67394,98,92,6,6
67395,108,111,-3,3
67396,54,62,-8,8
67397,99,97,2,2
67398,78,81,-3,3
67399,68,87,-19,19
67400,45,60,-15,15
67401,71,78,-7,7
67402,216,199,17,17
67403,103,101,2,2
67404,77,78,-1,1
67405,64,64,0,0
67406,108,109,-1,1
67407,106,90,16,16
67408,124,107,17,17
67409,71,71,0,0
67410,91,85,6,6
67411,80,83,-3,3
67412,122,120,2,2
67413,105,104,1,1
67414,80,86,-6,6
67415,142,119,23,23
67416,64,94,-30,30
67417,95,77,18,18
67418,112,122,-10,10
67419,83,75,8,8
67420,147,141,6,6
67421,47,61,-14,14
67422,80,88,-8,8
67423,104,109,-5,5
67424,71,78,-7,7
67425,67,62,5,5
67426,69,78,-9,9
67427,82,82,0,0
67428,85,83,2,2
67429,144,138,6,6
67430,81,90,-9,9
67431,141,136,5,5
67432,86,84,2,2
67433,176,167,9,9
67434,74,65,9,9
67435,91,92,-1,1
67436,102,87,15,15
67437,74,67,7,7
67438,97,97,0,0
67439,60,63,-3,3
67440,97,98,-1,1
67441,119,120,-1,1
67442,97,101,-4,4
67443,70,71,-1,1
67444,102,97,5,5
67445,61,68,-7,7
67446,86,77,9,9
67447,45,62,-17,17
67448,51,62,-11,11
67449,130,130,0,0
67450,74,78,-4,4
67451,78,87,-9,9
67452,163,157,6,6
67453,52,62,-10,10
67454,99,107,-8,8
67455,84,92,-8,8
67456,109,104,5,5
67457,84,88,-4,4
67458,88,100,-12,12
67459,117,109,8,8
67460,186,163,23,23
67461,55,63,-8,8
67462,65,82,-17,17
67463,119,162,-43,43
67464,71,72,-1,1
67465,87,84,3,3
67466,51,60,-9,9
67467,46,61,-15,15
67468,61,63,-2,2
67469,103,98,5,5
67470,84,81,3,3
67471,56,63,-7,7
67472,73,77,-4,4
67473,84,78,6,6
67474,127,110,17,17
67475,178,173,5,5
67476,71,70,1,1
67477,107,104,3,3
67478,111,102,9,9
67479,69,73,-4,4
67480,94,101,-7,7
67481,45,60,-15,15
67482,94,106,-12,12
67483,120,120,0,0
67484,63,68,-5,5
67485,78,74,4,4
67486,40,61,-21,21
67487,114,111,3,3
67488,112,105,7,7
67489,152,142,10,10
67490,184,153,31,31
67491,84,83,1,1
67492,122,114,8,8
67493,108,101,7,7
67494,64,63,1,1
67495,114,110,4,4
67496,143,141,2,2
67497,97,92,5,5
67498,99,96,3,3
67499,145,145,0,0
67500,63,66,-3,3
67501,111,112,-1,1
67502,68,70,-2,2
67503,108,117,-9,9
67504,94,92,2,2
67505,77,79,-2,2
67506,49,60,-11,11
67507,82,84,-2,2
67508,66,66,0,0
67509,74,67,7,7
67510,142,142,0,0
67511,82,91,-9,9
67512,87,91,-4,4
67513,78,82,-4,4
67514,58,65,-7,7
67515,108,109,-1,1
67516,50,90,-40,40
67517,170,149,21,21
67518,74,78,-4,4
67519,102,102,0,0
67520,95,96,-1,1
67521,90,85,5,5
67522,118,112,6,6
67523,70,69,1,1
67524,111,110,1,1
67525,96,105,-9,9
67526,81,84,-3,3
67527,110,106,4,4
67528,94,93,1,1
67529,99,104,-5,5
67530,107,106,1,1
67531,129,129,0,0
67532,135,118,17,17
67533,123,114,9,9
67534,67,70,-3,3
67535,79,84,-5,5
67536,91,98,-7,7
67537,72,69,3,3
67538,150,151,-1,1
67539,117,123,-6,6
67540,60,65,-5,5
67541,102,106,-4,4
67542,32,62,-30,30
67543,65,65,0,0
67544,163,159,4,4
67545,99,99,0,0
67546,76,74,2,2
67547,146,125,21,21
67548,137,123,14,14
67549,131,124,7,7
67550,152,134,18,18
67551,93,106,-13,13
67552,78,77,1,1
67553,83,81,2,2
67554,109,99,10,10
67555,134,138,-4,4
67556,56,71,-15,15
67557,82,79,3,3
67558,50,60,-10,10
67559,104,103,1,1
67560,78,82,-4,4
67561,60,60,0,0
67562,137,122,15,15
67563,64,62,2,2
67564,144,139,5,5
67565,49,61,-12,12
67566,104,100,4,4
67567,66,65,1,1
67568,71,69,2,2
67569,128,119,9,9
67570,84,106,-22,22
67571,141,137,4,4
67572,97,93,4,4
67573,52,63,-11,11
67574,74,77,-3,3
67575,98,118,-20,20
67576,71,67,4,4
67577,56,59,-3,3
67578,71,79,-8,8
67579,123,112,11,11
67580,146,125,21,21
67581,77,79,-2,2
67582,68,72,-4,4
67583,110,99,11,11
67584,85,87,-2,2
67585,162,148,14,14
67586,105,100,5,5
67587,68,67,1,1
67588,100,93,7,7
67589,103,100,3,3
67590,121,113,8,8
67591,96,91,5,5
67592,199,171,28,28
67593,83,83,0,0
67594,91,96,-5,5
67595,61,68,-7,7
67596,103,108,-5,5
67597,95,97,-2,2
67598,68,74,-6,6
67599,94,92,2,2
67600,54,62,-8,8
67601,160,132,28,28
67602,123,112,11,11
67603,154,134,20,20
67604,48,61,-13,13
67605,66,70,-4,4
67606,81,87,-6,6
67607,56,62,-6,6
67608,160,136,24,24
67609,121,156,-35,35
67610,103,94,9,9
67611,126,116,10,10
67612,82,82,0,0
67613,63,75,-12,12
67614,88,93,-5,5
67615,111,113,-2,2
67616,139,127,12,12
67617,103,103,0,0
67618,74,76,-2,2
67619,133,124,9,9
67620,49,61,-12,12
67621,93,94,-1,1
67622,86,91,-5,5
67623,77,71,6,6
67624,56,71,-15,15
67625,66,60,6,6
67626,132,122,10,10
67627,149,128,21,21
67628,39,62,-23,23
67629,117,114,3,3
67630,98,97,1,1
67631,59,63,-4,4
67632,146,135,11,11
67633,106,98,8,8
67634,63,66,-3,3
67635,90,93,-3,3
67636,73,76,-3,3
67637,80,76,4,4
67638,89,91,-2,2
67639,88,92,-4,4
67640,51,62,-11,11
67641,85,84,1,1
67642,106,121,-15,15
67643,136,126,10,10
67644,46,61,-15,15
67645,107,109,-2,2
67646,154,150,4,4
67647,109,111,-2,2
67648,79,78,1,1
67649,94,87,7,7
67650,64,66,-2,2
67651,63,64,-1,1
67652,62,62,0,0
67653,58,60,-2,2
67654,48,63,-15,15
67655,67,70,-3,3
67656,74,75,-1,1
67657,94,94,0,0
67658,75,74,1,1
67659,158,138,20,20
67660,134,122,12,12
67661,189,166,23,23
67662,62,71,-9,9
67663,73,71,2,2
67664,89,95,-6,6
67665,42,66,-24,24
67666,129,117,12,12
67667,65,85,-20,20
67668,49,62,-13,13
67669,163,147,16,16
67670,93,97,-4,4
67671,185,161,24,24
67672,91,92,-1,1
67673,43,61,-18,18
67674,163,156,7,7
67675,65,68,-3,3
67676,49,60,-11,11
67677,62,62,0,0
67678,123,126,-3,3
67679,78,81,-3,3
67680,144,130,14,14
67681,75,107,-32,32
67682,83,82,1,1
67683,122,145,-23,23
67684,92,93,-1,1
67685,101,100,1,1
67686,75,93,-18,18
67687,130,117,13,13
67688,160,151,9,9
67689,58,64,-6,6
67690,154,140,14,14
67691,101,99,2,2
67692,54,61,-7,7
67693,177,166,11,11
67694,198,170,28,28
67695,98,106,-8,8
67696,87,102,-15,15
67697,116,116,0,0
67698,63,61,2,2
67699,95,93,2,2
67700,57,60,-3,3
67701,64,62,2,2
67702,69,60,9,9
67703,79,78,1,1
67704,89,104,-15,15
67705,53,62,-9,9
67706,94,98,-4,4
67707,85,97,-12,12
67708,85,88,-3,3
67709,80,95,-15,15
67710,80,94,-14,14
67711,95,93,2,2
67712,95,94,1,1
67713,72,77,-5,5
67714,59,62,-3,3
67715,122,107,15,15
67716,76,71,5,5
67717,103,95,8,8
67718,80,84,-4,4
67719,84,87,-3,3
67720,108,106,2,2
67721,94,95,-1,1
67722,128,122,6,6
67723,121,118,3,3
67724,156,140,16,16
67725,120,114,6,6
67726,97,99,-2,2
67727,87,104,-17,17
67728,116,109,7,7
67729,48,61,-13,13
67730,139,132,7,7
67731,93,91,2,2
67732,184,181,3,3
67733,62,63,-1,1
67734,116,120,-4,4
67735,114,106,8,8
67736,104,101,3,3
67737,94,127,-33,33
67738,169,159,10,10
67739,89,98,-9,9
67740,91,100,-9,9
67741,97,101,-4,4
67742,111,113,-2,2
67743,69,67,2,2
67744,120,113,7,7
67745,105,121,-16,16
67746,99,100,-1,1
67747,37,64,-27,27
67748,105,94,11,11
67749,69,71,-2,2
67750,67,67,0,0
67751,31,58,-27,27
67752,60,63,-3,3
67753,90,97,-7,7
67754,74,71,3,3
67755,123,113,10,10
67756,97,99,-2,2
67757,55,62,-7,7
67758,127,123,4,4
67759,122,117,5,5
67760,103,117,-14,14
67761,141,134,7,7
67762,67,66,1,1
67763,113,114,-1,1
67764,135,128,7,7
67765,203,177,26,26
67766,88,92,-4,4
67767,94,104,-10,10
67768,103,103,0,0
67769,86,90,-4,4
67770,143,144,-1,1
67771,52,62,-10,10
67772,75,87,-12,12
67773,114,118,-4,4
67774,92,91,1,1
67775,113,110,3,3
67776,123,118,5,5
67777,68,76,-8,8
67778,86,99,-13,13
67779,27,63,-36,36
67780,126,123,3,3
67781,89,87,2,2
67782,113,106,7,7
67783,106,99,7,7
67784,90,89,1,1
67785,82,75,7,7
67786,88,97,-9,9
67787,97,96,1,1
67788,141,125,16,16
67789,123,112,11,11
67790,188,188,0,0
67791,108,110,-2,2
67792,73,71,2,2
67793,104,105,-1,1
67794,87,98,-11,11
67795,78,82,-4,4
67796,75,73,2,2
67797,153,138,15,15
67798,74,67,7,7
67799,129,114,15,15
67800,117,114,3,3
67801,82,88,-6,6
67802,103,100,3,3
67803,93,83,10,10
67804,89,93,-4,4
67805,44,56,-12,12
67806,76,74,2,2
67807,79,98,-19,19
67808,87,94,-7,7
67809,38,61,-23,23
67810,120,118,2,2
67811,88,94,-6,6
67812,155,132,23,23
67813,120,105,15,15
67814,89,86,3,3
67815,100,96,4,4
67816,66,66,0,0
67817,85,94,-9,9
67818,90,76,14,14
67819,126,122,4,4
67820,153,126,27,27
67821,83,86,-3,3
67822,113,104,9,9
67823,88,97,-9,9
67824,152,148,4,4
67825,104,97,7,7
67826,75,70,5,5
67827,48,62,-14,14
67828,127,133,-6,6
67829,79,76,3,3
67830,117,115,2,2
67831,63,67,-4,4
67832,113,117,-4,4
67833,143,150,-7,7
67834,110,106,4,4
67835,75,91,-16,16
67836,48,60,-12,12
67837,64,118,-54,54
67838,99,101,-2,2
67839,91,92,-1,1
67840,111,101,10,10
67841,89,90,-1,1
67842,141,134,7,7
67843,101,95,6,6
67844,74,70,4,4
67845,124,109,15,15
67846,115,121,-6,6
67847,94,103,-9,9
67848,110,116,-6,6
67849,70,71,-1,1
67850,89,96,-7,7
67851,53,61,-8,8
67852,85,96,-11,11
67853,166,145,21,21
67854,77,72,5,5
67855,76,70,6,6
67856,137,139,-2,2
67857,79,90,-11,11
67858,144,121,23,23
67859,57,59,-2,2
67860,102,105,-3,3
67861,77,79,-2,2
67862,105,116,-11,11
67863,99,98,1,1
67864,40,62,-22,22
67865,96,94,2,2
67866,99,101,-2,2
67867,69,63,6,6
67868,111,104,7,7
67869,119,125,-6,6
67870,152,143,9,9
67871,138,126,12,12
67872,146,152,-6,6
67873,79,101,-22,22
67874,113,108,5,5
67875,65,71,-6,6
67876,135,119,16,16
67877,58,60,-2,2
67878,68,77,-9,9
67879,103,98,5,5
67880,110,114,-4,4
67881,57,59,-2,2
67882,191,174,17,17
67883,87,84,3,3
67884,130,117,13,13
67885,94,97,-3,3
67886,101,111,-10,10
67887,52,61,-9,9
67888,134,130,4,4
67889,75,77,-2,2
67890,91,97,-6,6
67891,109,107,2,2
67892,96,96,0,0
67893,55,61,-6,6
67894,114,108,6,6
67895,159,150,9,9
67896,74,72,2,2
67897,89,97,-8,8
67898,45,61,-16,16
67899,50,69,-19,19
67900,78,74,4,4
67901,136,135,1,1
67902,81,83,-2,2
67903,104,96,8,8
67904,42,62,-20,20
67905,45,61,-16,16
67906,91,83,8,8
67907,81,82,-1,1
67908,73,74,-1,1
67909,163,146,17,17
67910,62,61,1,1
67911,62,86,-24,24
67912,117,104,13,13
67913,91,96,-5,5
67914,81,96,-15,15
67915,183,151,32,32
67916,115,113,2,2
67917,45,61,-16,16
67918,67,69,-2,2
67919,73,69,4,4
67920,115,114,1,1
67921,143,130,13,13
67922,122,113,9,9
67923,158,136,22,22
67924,132,123,9,9
67925,56,64,-8,8
67926,138,133,5,5
67927,128,120,8,8
67928,170,150,20,20
67929,101,100,1,1
67930,147,138,9,9
67931,116,117,-1,1
67932,97,113,-16,16
67933,116,119,-3,3
67934,73,73,0,0
67935,58,60,-2,2
67936,99,96,3,3
67937,148,144,4,4
67938,56,60,-4,4
67939,144,141,3,3
67940,73,70,3,3
67941,124,129,-5,5
67942,58,88,-30,30
67943,72,73,-1,1
67944,57,63,-6,6
67945,77,67,10,10
67946,93,98,-5,5
67947,136,124,12,12
67948,56,60,-4,4
67949,106,97,9,9
67950,68,62,6,6
67951,107,106,1,1
67952,137,127,10,10
67953,51,59,-8,8
67954,161,153,8,8
67955,75,76,-1,1
67956,207,175,32,32
67957,134,135,-1,1
67958,139,134,5,5
67959,85,90,-5,5
67960,64,68,-4,4
67961,57,61,-4,4
67962,87,93,-6,6
67963,143,130,13,13
67964,89,102,-13,13
67965,78,85,-7,7
67966,73,95,-22,22
67967,188,190,-2,2
67968,115,102,13,13
67969,119,100,19,19
67970,74,84,-10,10
67971,96,100,-4,4
67972,64,66,-2,2
67973,117,122,-5,5
67974,127,129,-2,2
67975,70,75,-5,5
67976,97,106,-9,9
67977,163,155,8,8
67978,143,129,14,14
67979,69,79,-10,10
67980,98,108,-10,10
67981,87,90,-3,3
67982,100,102,-2,2
67983,111,122,-11,11
67984,129,131,-2,2
67985,94,84,10,10
67986,124,120,4,4
67987,70,75,-5,5
67988,64,63,1,1
67989,131,118,13,13
67990,81,98,-17,17
67991,121,110,11,11
67992,139,127,12,12
67993,49,59,-10,10
67994,54,61,-7,7
67995,109,111,-2,2
67996,71,79,-8,8
67997,124,108,16,16
67998,110,100,10,10
67999,103,109,-6,6
68000,104,112,-8,8
68001,95,114,-19,19
68002,85,76,9,9
68003,83,76,7,7
68004,111,115,-4,4
68005,68,61,7,7
68006,76,71,5,5
68007,47,61,-14,14
68008,143,129,14,14
68009,64,64,0,0
68010,102,102,0,0
68011,77,84,-7,7
68012,52,62,-10,10
68013,52,62,-10,10
68014,75,80,-5,5
68015,83,98,-15,15
68016,70,66,4,4
68017,44,61,-17,17
68018,41,61,-20,20
68019,77,72,5,5
68020,53,60,-7,7
68021,132,131,1,1
68022,112,103,9,9
68023,81,81,0,0
68024,85,89,-4,4
68025,90,101,-11,11
68026,51,62,-11,11
68027,55,62,-7,7
68028,45,81,-36,36
68029,52,61,-9,9
68030,98,99,-1,1
68031,72,71,1,1
68032,239,218,21,21
68033,123,110,13,13
68034,164,146,18,18
68035,75,76,-1,1
68036,145,138,7,7
68037,63,67,-4,4
68038,63,108,-45,45
68039,100,109,-9,9
68040,110,116,-6,6
68041,76,93,-17,17
68042,94,102,-8,8
68043,109,99,10,10
68044,59,71,-12,12
68045,140,149,-9,9
68046,83,79,4,4
68047,136,123,13,13
68048,50,61,-11,11
68049,85,80,5,5
68050,113,104,9,9
68051,49,62,-13,13
68052,98,89,9,9
68053,80,67,13,13
68054,95,98,-3,3
68055,129,127,2,2
68056,89,86,3,3
68057,115,114,1,1
68058,73,79,-6,6
68059,75,84,-9,9
68060,168,147,21,21
68061,52,63,-11,11
68062,76,72,4,4
68063,104,101,3,3
68064,124,111,13,13
68065,113,116,-3,3
68066,80,73,7,7
68067,79,108,-29,29
68068,89,98,-9,9
68069,90,78,12,12
68070,46,62,-16,16
68071,80,72,8,8
68072,108,119,-11,11
68073,46,60,-14,14
68074,106,99,7,7
68075,139,128,11,11
68076,99,103,-4,4
68077,50,62,-12,12
68078,65,62,3,3
68079,69,69,0,0
68080,125,119,6,6
68081,97,99,-2,2
68082,84,92,-8,8
68083,114,121,-7,7
68084,39,61,-22,22
68085,106,116,-10,10
68086,88,98,-10,10
68087,80,85,-5,5
68088,178,159,19,19
68089,104,113,-9,9
68090,76,70,6,6
68091,108,100,8,8
68092,82,96,-14,14
68093,44,71,-27,27
68094,67,64,3,3
68095,69,78,-9,9
68096,69,67,2,2
68097,112,106,6,6
68098,151,131,20,20
68099,47,60,-13,13
68100,70,67,3,3
68101,86,86,0,0
68102,95,99,-4,4
68103,68,72,-4,4
68104,44,58,-14,14
68105,70,72,-2,2
68106,132,119,13,13
68107,66,67,-1,1
68108,104,102,2,2
68109,155,151,4,4
68110,136,127,9,9
68111,74,77,-3,3
68112,109,109,0,0
68113,88,96,-8,8
68114,156,159,-3,3
68115,153,150,3,3
68116,83,76,7,7
68117,88,84,4,4
68118,167,167,0,0
68119,44,61,-17,17
68120,124,108,16,16
68121,71,68,3,3
68122,131,124,7,7
68123,94,96,-2,2
68124,64,65,-1,1
68125,81,78,3,3
68126,69,67,2,2
68127,52,61,-9,9
68128,84,87,-3,3
68129,59,61,-2,2
68130,117,115,2,2
68131,115,105,10,10
68132,86,91,-5,5
68133,111,104,7,7
68134,69,74,-5,5
68135,119,111,8,8
68136,73,69,4,4
68137,81,77,4,4
68138,79,92,-13,13
68139,89,102,-13,13
68140,51,62,-11,11
68141,63,64,-1,1
68142,87,93,-6,6
68143,116,112,4,4
68144,115,109,6,6
68145,111,116,-5,5
68146,38,60,-22,22
68147,130,134,-4,4
68148,100,95,5,5
68149,60,60,0,0
68150,91,88,3,3
68151,67,66,1,1
68152,73,66,7,7
68153,152,142,10,10
68154,199,174,25,25
68155,156,142,14,14
68156,61,65,-4,4
68157,109,102,7,7
68158,69,70,-1,1
68159,87,91,-4,4
68160,65,66,-1,1
68161,83,92,-9,9
68162,94,97,-3,3
68163,104,93,11,11
68164,72,81,-9,9
68165,74,93,-19,19
68166,93,81,12,12
68167,88,90,-2,2
68168,88,77,11,11
68169,75,91,-16,16
68170,102,103,-1,1
68171,72,69,3,3
68172,95,83,12,12
68173,98,96,2,2
68174,86,90,-4,4
68175,91,107,-16,16
68176,67,65,2,2
68177,73,77,-4,4
68178,129,126,3,3
68179,64,61,3,3
68180,94,97,-3,3
68181,123,114,9,9
68182,89,94,-5,5
68183,45,61,-16,16
68184,95,96,-1,1
68185,77,75,2,2
68186,61,67,-6,6
68187,151,149,2,2
68188,53,63,-10,10
68189,109,103,6,6
68190,84,92,-8,8
68191,86,94,-8,8
68192,105,104,1,1
68193,107,116,-9,9
68194,97,104,-7,7
68195,41,62,-21,21
68196,69,70,-1,1
68197,111,95,16,16
68198,40,61,-21,21
68199,140,131,9,9
68200,65,72,-7,7
68201,149,125,24,24
68202,46,61,-15,15
68203,103,101,2,2
68204,80,83,-3,3
68205,41,61,-20,20
68206,97,134,-37,37
68207,65,65,0,0
68208,124,155,-31,31
68209,65,67,-2,2
68210,85,82,3,3
68211,151,143,8,8
68212,75,74,1,1
68213,92,97,-5,5
68214,96,94,2,2
68215,120,134,-14,14
68216,71,69,2,2
68217,77,80,-3,3
68218,84,96,-12,12
68219,100,107,-7,7
68220,105,114,-9,9
68221,123,112,11,11
68222,53,60,-7,7
68223,178,171,7,7
68224,99,101,-2,2
68225,64,61,3,3
68226,78,89,-11,11
68227,108,105,3,3
68228,77,77,0,0
68229,157,160,-3,3
68230,72,80,-8,8
68231,68,68,0,0
68232,87,82,5,5
68233,70,76,-6,6
68234,52,60,-8,8
68235,85,80,5,5
68236,100,107,-7,7
68237,71,69,2,2
68238,109,114,-5,5
68239,154,159,-5,5
68240,96,78,18,18
68241,78,91,-13,13
68242,82,96,-14,14
68243,114,112,2,2
68244,103,107,-4,4
68245,118,121,-3,3
68246,87,93,-6,6
68247,121,124,-3,3
68248,94,97,-3,3
68249,62,62,0,0
68250,89,92,-3,3
68251,105,105,0,0
68252,85,88,-3,3
68253,79,93,-14,14
68254,86,87,-1,1
68255,100,101,-1,1
68256,104,101,3,3
68257,83,95,-12,12
68258,90,86,4,4
68259,112,126,-14,14
68260,69,71,-2,2
68261,121,105,16,16
68262,84,94,-10,10
68263,87,90,-3,3
68264,92,97,-5,5
68265,147,142,5,5
68266,86,94,-8,8
68267,89,85,4,4
68268,52,64,-12,12
68269,110,108,2,2
68270,145,132,13,13
68271,87,91,-4,4
68272,107,104,3,3
68273,145,118,27,27
68274,55,62,-7,7
68275,51,63,-12,12
68276,95,97,-2,2
68277,101,100,1,1
68278,72,65,7,7
68279,90,90,0,0
68280,91,81,10,10
68281,94,96,-2,2
68282,60,65,-5,5
68283,59,60,-1,1
68284,96,92,4,4
68285,55,59,-4,4
68286,101,92,9,9
68287,95,102,-7,7
68288,113,110,3,3
68289,77,70,7,7
68290,114,124,-10,10
68291,101,109,-8,8
68292,100,107,-7,7
68293,64,68,-4,4
68294,100,95,5,5
68295,158,135,23,23
68296,81,85,-4,4
68297,62,64,-2,2
68298,136,127,9,9
68299,156,143,13,13
68300,160,148,12,12
68301,128,123,5,5
68302,49,60,-11,11
68303,135,121,14,14
68304,81,88,-7,7
68305,85,90,-5,5
68306,74,67,7,7
68307,141,126,15,15
68308,98,98,0,0
68309,140,128,12,12
68310,102,95,7,7
68311,91,101,-10,10
68312,68,67,1,1
68313,117,106,11,11
68314,57,62,-5,5
68315,70,70,0,0
68316,203,164,39,39
68317,96,112,-16,16
68318,128,131,-3,3
68319,81,74,7,7
68320,81,96,-15,15
68321,66,61,5,5
68322,128,121,7,7
68323,150,137,13,13
68324,79,91,-12,12
68325,68,75,-7,7
68326,57,63,-6,6
68327,63,72,-9,9
68328,110,109,1,1
68329,84,85,-1,1
68330,84,70,14,14
68331,59,62,-3,3
68332,101,93,8,8
68333,73,77,-4,4
68334,82,89,-7,7
68335,163,149,14,14
68336,113,110,3,3
68337,95,85,10,10
68338,73,76,-3,3
68339,83,85,-2,2
68340,114,114,0,0
68341,136,122,14,14
68342,86,97,-11,11
68343,81,78,3,3
68344,108,113,-5,5
68345,149,147,2,2
68346,101,100,1,1
68347,78,88,-10,10
68348,126,112,14,14
68349,122,132,-10,10
68350,112,106,6,6
68351,67,64,3,3
68352,62,62,0,0
68353,112,131,-19,19
68354,171,150,21,21
68355,65,62,3,3
68356,97,92,5,5
68357,43,62,-19,19
68358,71,61,10,10
68359,71,70,1,1
68360,55,60,-5,5
68361,72,89,-17,17
68362,85,87,-2,2
68363,190,166,24,24
68364,97,99,-2,2
68365,100,99,1,1
68366,75,80,-5,5
68367,130,118,12,12
68368,60,62,-2,2
68369,105,103,2,2
68370,85,92,-7,7
68371,89,94,-5,5
68372,93,96,-3,3
68373,39,78,-39,39
68374,74,63,11,11
68375,148,146,2,2
68376,136,123,13,13
68377,61,71,-10,10
68378,181,162,19,19
68379,99,96,3,3
68380,165,151,14,14
68381,97,96,1,1
68382,116,110,6,6
68383,105,112,-7,7
68384,50,62,-12,12
68385,71,89,-18,18
68386,115,107,8,8
68387,61,60,1,1
68388,101,105,-4,4
68389,80,84,-4,4
68390,100,106,-6,6
68391,79,96,-17,17
68392,121,117,4,4
68393,85,99,-14,14
68394,87,94,-7,7
68395,61,63,-2,2
68396,125,125,0,0
68397,85,96,-11,11
68398,87,93,-6,6
68399,64,71,-7,7
68400,66,67,-1,1
68401,85,92,-7,7
68402,159,138,21,21
68403,132,132,0,0
68404,96,102,-6,6
68405,100,110,-10,10
68406,76,73,3,3
68407,117,116,1,1
68408,101,114,-13,13
68409,86,94,-8,8
68410,117,109,8,8
68411,96,95,1,1
68412,55,62,-7,7
68413,145,129,16,16
68414,68,73,-5,5
68415,71,66,5,5
68416,129,123,6,6
68417,121,121,0,0
68418,92,78,14,14
68419,57,60,-3,3
68420,50,59,-9,9
68421,56,62,-6,6
68422,52,62,-10,10
68423,61,61,0,0
68424,164,154,10,10
68425,119,116,3,3
68426,85,77,8,8
68427,83,80,3,3
68428,149,133,16,16
68429,103,94,9,9
68430,61,51,10,10
68431,142,135,7,7
68432,80,90,-10,10
68433,49,61,-12,12
68434,109,108,1,1
68435,101,101,0,0
68436,77,77,0,0
68437,160,161,-1,1
68438,108,112,-4,4
68439,137,128,9,9
68440,125,119,6,6
68441,76,77,-1,1
68442,145,129,16,16
68443,86,119,-33,33
68444,131,121,10,10
68445,99,104,-5,5
68446,97,100,-3,3
68447,67,63,4,4
68448,107,130,-23,23
68449,87,87,0,0
68450,104,102,2,2
68451,77,74,3,3
68452,49,62,-13,13
68453,152,135,17,17
68454,138,127,11,11
68455,183,167,16,16
68456,53,60,-7,7
68457,100,99,1,1
68458,71,70,1,1
68459,73,92,-19,19
68460,108,104,4,4
68461,85,94,-9,9
68462,72,75,-3,3
68463,92,94,-2,2
68464,127,118,9,9
68465,61,92,-31,31
68466,86,100,-14,14
68467,56,61,-5,5
68468,104,97,7,7
68469,86,92,-6,6
68470,142,139,3,3
68471,78,90,-12,12
68472,96,90,6,6
68473,75,91,-16,16
68474,88,90,-2,2
68475,69,69,0,0
68476,62,62,0,0
68477,107,109,-2,2
68478,65,63,2,2
68479,129,137,-8,8
68480,86,95,-9,9
68481,77,69,8,8
68482,115,101,14,14
68483,87,86,1,1
68484,32,60,-28,28
68485,80,104,-24,24
68486,107,102,5,5
68487,112,122,-10,10
68488,83,83,0,0
68489,89,95,-6,6
68490,65,66,-1,1
68491,63,68,-5,5
68492,56,61,-5,5
68493,99,89,10,10
68494,88,93,-5,5
68495,130,137,-7,7
68496,59,64,-5,5
68497,157,125,32,32
68498,94,107,-13,13
68499,94,98,-4,4
68500,61,64,-3,3
68501,98,101,-3,3
68502,98,97,1,1
68503,108,102,6,6
68504,122,116,6,6
68505,115,116,-1,1
68506,49,61,-12,12
68507,79,83,-4,4
68508,96,102,-6,6
68509,81,94,-13,13
68510,54,62,-8,8
68511,70,83,-13,13
68512,141,129,12,12
68513,113,248,-135,135
68514,110,120,-10,10
68515,75,83,-8,8
68516,85,98,-13,13
68517,85,78,7,7
68518,105,105,0,0
68519,62,67,-5,5
68520,39,60,-21,21
68521,83,87,-4,4
68522,103,100,3,3
68523,69,71,-2,2
68524,103,101,2,2
68525,82,77,5,5
68526,98,96,2,2
68527,134,121,13,13
68528,51,68,-17,17
68529,98,98,0,0
68530,58,62,-4,4
68531,66,74,-8,8
68532,66,64,2,2
68533,139,126,13,13
68534,182,161,21,21
68535,118,130,-12,12
68536,69,63,6,6
68537,61,68,-7,7
68538,101,95,6,6
68539,126,112,14,14
68540,87,91,-4,4
68541,53,62,-9,9
68542,83,91,-8,8
68543,113,120,-7,7
68544,109,101,8,8
68545,60,62,-2,2
68546,113,110,3,3
68547,84,96,-12,12
68548,60,61,-1,1
68549,56,63,-7,7
68550,52,60,-8,8
68551,111,105,6,6
68552,74,82,-8,8
68553,57,61,-4,4
68554,72,71,1,1
68555,77,82,-5,5
68556,93,93,0,0
68557,167,146,21,21
68558,64,65,-1,1
68559,97,94,3,3
68560,106,108,-2,2
68561,165,146,19,19
68562,86,105,-19,19
68563,146,130,16,16
68564,98,99,-1,1
68565,88,91,-3,3
68566,89,91,-2,2
68567,99,98,1,1
68568,86,91,-5,5
68569,95,108,-13,13
68570,70,64,6,6
68571,91,100,-9,9
68572,98,99,-1,1
68573,92,94,-2,2
68574,103,100,3,3
68575,91,84,7,7
68576,58,71,-13,13
68577,61,64,-3,3
68578,53,62,-9,9
68579,83,78,5,5
68580,56,61,-5,5
68581,84,91,-7,7
68582,73,81,-8,8
68583,73,69,4,4
68584,81,82,-1,1
68585,69,72,-3,3
68586,71,77,-6,6
68587,107,114,-7,7
68588,111,109,2,2
68589,107,100,7,7
68590,115,101,14,14
68591,75,79,-4,4
68592,129,114,15,15
68593,94,92,2,2
68594,52,62,-10,10
68595,146,139,7,7
68596,99,105,-6,6
68597,93,106,-13,13
68598,57,60,-3,3
68599,102,134,-32,32
68600,58,67,-9,9
68601,95,135,-40,40
68602,92,93,-1,1
68603,99,95,4,4
68604,115,114,1,1
68605,77,77,0,0
68606,176,167,9,9
68607,97,107,-10,10
68608,153,135,18,18
68609,74,72,2,2
68610,182,157,25,25
68611,91,113,-22,22
68612,67,75,-8,8
68613,85,99,-14,14
68614,109,107,2,2
68615,113,105,8,8
68616,111,110,1,1
68617,95,110,-15,15
68618,74,72,2,2
68619,110,106,4,4
68620,58,60,-2,2
68621,135,122,13,13
68622,108,111,-3,3
68623,112,117,-5,5
68624,49,61,-12,12
68625,114,115,-1,1
68626,57,63,-6,6
68627,74,70,4,4
68628,99,100,-1,1
68629,96,95,1,1
68630,88,89,-1,1
68631,79,91,-12,12
68632,82,69,13,13
68633,99,99,0,0
68634,116,110,6,6
68635,80,82,-2,2
68636,120,114,6,6
68637,70,63,7,7
68638,74,77,-3,3
68639,55,65,-10,10
68640,97,96,1,1
68641,74,80,-6,6
68642,92,100,-8,8
68643,71,71,0,0
68644,86,86,0,0
68645,66,63,3,3
68646,74,66,8,8
68647,90,99,-9,9
68648,110,106,4,4
68649,94,96,-2,2
68650,101,99,2,2
68651,115,114,1,1
68652,91,94,-3,3
68653,102,101,1,1
68654,116,120,-4,4
68655,130,123,7,7
68656,45,60,-15,15
68657,77,83,-6,6
68658,117,124,-7,7
68659,109,111,-2,2
68660,94,96,-2,2
68661,130,126,4,4
68662,37,61,-24,24
68663,73,78,-5,5
68664,79,70,9,9
68665,80,96,-16,16
68666,143,119,24,24
68667,69,68,1,1
68668,143,135,8,8
68669,105,107,-2,2
68670,150,136,14,14
68671,94,95,-1,1
68672,107,99,8,8
68673,64,62,2,2
68674,154,131,23,23
68675,129,120,9,9
68676,118,114,4,4
68677,86,89,-3,3
68678,98,99,-1,1
68679,134,136,-2,2
68680,96,99,-3,3
68681,90,94,-4,4
68682,173,167,6,6
68683,83,84,-1,1
68684,168,157,11,11
68685,97,98,-1,1
68686,88,93,-5,5
68687,54,63,-9,9
68688,142,122,20,20
68689,152,141,11,11
68690,75,90,-15,15
68691,73,73,0,0
68692,170,172,-2,2
68693,82,86,-4,4
68694,103,110,-7,7
68695,135,120,15,15
68696,98,100,-2,2
68697,190,170,20,20
68698,110,98,12,12
68699,56,63,-7,7
68700,160,142,18,18
68701,86,101,-15,15
68702,105,104,1,1
68703,42,60,-18,18
68704,148,152,-4,4
68705,78,70,8,8
68706,108,110,-2,2
68707,81,81,0,0
68708,135,127,8,8
68709,84,94,-10,10
68710,115,126,-11,11
68711,124,116,8,8
68712,67,77,-10,10
68713,97,99,-2,2
68714,90,93,-3,3
68715,158,140,18,18
68716,162,146,16,16
68717,165,158,7,7
68718,76,77,-1,1
68719,174,163,11,11
68720,125,114,11,11
68721,155,144,11,11
68722,80,92,-12,12
68723,150,151,-1,1
68724,54,57,-3,3
68725,119,105,14,14
68726,83,77,6,6
68727,56,63,-7,7
68728,69,81,-12,12
68729,94,100,-6,6
68730,103,112,-9,9
68731,120,112,8,8
68732,119,124,-5,5
68733,92,94,-2,2
68734,102,102,0,0
68735,75,75,0,0
68736,64,63,1,1
68737,175,157,18,18
68738,66,65,1,1
68739,69,73,-4,4
68740,66,64,2,2
68741,42,62,-20,20
68742,222,203,19,19
68743,161,152,9,9
68744,139,119,20,20
68745,88,92,-4,4
68746,81,72,9,9
68747,160,153,7,7
68748,100,102,-2,2
68749,64,68,-4,4
68750,26,62,-36,36
68751,126,119,7,7
68752,49,62,-13,13
68753,101,102,-1,1
68754,78,71,7,7
68755,82,83,-1,1
68756,68,67,1,1
68757,90,101,-11,11
68758,78,75,3,3
68759,114,114,0,0
68760,160,144,16,16
68761,108,106,2,2
68762,93,96,-3,3
68763,52,62,-10,10
68764,142,130,12,12
68765,151,151,0,0
68766,118,120,-2,2
68767,90,92,-2,2
68768,103,96,7,7
68769,126,119,7,7
68770,121,115,6,6
68771,111,112,-1,1
68772,87,90,-3,3
68773,48,62,-14,14
68774,86,71,15,15
68775,60,139,-79,79
68776,162,140,22,22
68777,98,92,6,6
68778,134,126,8,8
68779,147,138,9,9
68780,113,114,-1,1
68781,79,76,3,3
68782,76,69,7,7
68783,72,84,-12,12
68784,59,66,-7,7
68785,151,139,12,12
68786,114,109,5,5
68787,71,77,-6,6
68788,146,132,14,14
68789,83,83,0,0
68790,65,66,-1,1
68791,60,61,-1,1
68792,113,101,12,12
68793,146,132,14,14
68794,103,109,-6,6
68795,123,113,10,10
68796,59,63,-4,4
68797,158,136,22,22
68798,114,102,12,12
68799,133,118,15,15
68800,151,140,11,11
68801,41,61,-20,20
68802,80,80,0,0
68803,71,65,6,6
68804,88,94,-6,6
68805,94,106,-12,12
68806,41,59,-18,18
68807,129,140,-11,11
68808,126,117,9,9
68809,132,113,19,19
68810,38,63,-25,25
68811,81,87,-6,6
68812,97,100,-3,3
68813,99,99,0,0
68814,159,151,8,8
68815,113,119,-6,6
68816,42,59,-17,17
68817,176,153,23,23
68818,96,90,6,6
68819,122,119,3,3
68820,134,133,1,1
68821,63,65,-2,2
68822,81,81,0,0
68823,94,101,-7,7
68824,122,114,8,8
68825,99,91,8,8
68826,103,109,-6,6
68827,77,111,-34,34
68828,90,100,-10,10
68829,139,120,19,19
68830,74,96,-22,22
68831,83,88,-5,5
68832,84,88,-4,4
68833,108,101,7,7
68834,80,90,-10,10
68835,117,114,3,3
68836,81,80,1,1
68837,73,73,0,0
68838,146,133,13,13
68839,83,86,-3,3
68840,71,66,5,5
68841,99,106,-7,7
68842,52,57,-5,5
68843,97,107,-10,10
68844,80,74,6,6
68845,112,111,1,1
68846,57,70,-13,13
68847,105,104,1,1
68848,145,144,1,1
68849,104,96,8,8
68850,94,93,1,1
68851,109,109,0,0
68852,73,73,0,0
68853,54,63,-9,9
68854,99,105,-6,6
68855,204,184,20,20
68856,42,61,-19,19
68857,40,61,-21,21
68858,61,61,0,0
68859,98,100,-2,2
68860,88,95,-7,7
68861,107,119,-12,12
68862,101,101,0,0
68863,156,141,15,15
68864,43,61,-18,18
68865,85,81,4,4
68866,130,117,13,13
68867,49,61,-12,12
68868,82,81,1,1
68869,105,106,-1,1
68870,141,152,-11,11
68871,124,126,-2,2
68872,149,158,-9,9
68873,61,61,0,0
68874,163,154,9,9
68875,94,100,-6,6
68876,64,68,-4,4
68877,129,139,-10,10
68878,71,80,-9,9
68879,95,103,-8,8
68880,106,111,-5,5
68881,103,82,21,21
68882,81,79,2,2
68883,89,80,9,9
68884,144,135,9,9
68885,64,72,-8,8
68886,37,123,-86,86
68887,87,77,10,10
68888,34,62,-28,28
68889,94,97,-3,3
68890,84,92,-8,8
68891,76,73,3,3
68892,79,74,5,5
68893,96,103,-7,7
68894,99,95,4,4
68895,102,101,1,1
68896,66,62,4,4
68897,96,88,8,8
68898,75,79,-4,4
68899,98,92,6,6
68900,75,71,4,4
68901,106,108,-2,2
68902,85,83,2,2
68903,104,115,-11,11
68904,83,89,-6,6
68905,92,95,-3,3
68906,110,128,-18,18
68907,89,104,-15,15
68908,148,136,12,12
68909,105,103,2,2
68910,90,88,2,2
68911,42,62,-20,20
68912,102,104,-2,2
68913,142,135,7,7
68914,122,120,2,2
68915,109,101,8,8
68916,101,106,-5,5
68917,89,100,-11,11
68918,118,126,-8,8
68919,146,129,17,17
68920,100,105,-5,5
68921,99,97,2,2
68922,62,62,0,0
68923,84,75,9,9
68924,62,71,-9,9
68925,190,165,25,25
68926,105,109,-4,4
68927,101,101,0,0
68928,69,78,-9,9
68929,105,101,4,4
68930,135,129,6,6
68931,162,161,1,1
68932,96,98,-2,2
68933,80,70,10,10
68934,83,89,-6,6
68935,133,124,9,9
68936,77,74,3,3
68937,130,121,9,9
68938,143,155,-12,12
68939,83,90,-7,7
68940,77,88,-11,11
68941,148,140,8,8
68942,88,88,0,0
68943,47,61,-14,14
68944,66,61,5,5
68945,54,68,-14,14
68946,97,95,2,2
68947,80,94,-14,14
68948,51,64,-13,13
68949,122,123,-1,1
68950,134,119,15,15
68951,152,142,10,10
68952,96,101,-5,5
68953,75,84,-9,9
68954,143,139,4,4
68955,164,155,9,9
68956,99,101,-2,2
68957,149,147,2,2
68958,126,115,11,11
68959,90,87,3,3
68960,102,105,-3,3
68961,18,59,-41,41
68962,103,144,-41,41
68963,130,118,12,12
68964,67,73,-6,6
68965,69,61,8,8
68966,84,91,-7,7
68967,122,121,1,1
68968,103,98,5,5
68969,65,60,5,5
68970,111,115,-4,4
68971,177,180,-3,3
68972,64,63,1,1
68973,159,150,9,9
68974,123,133,-10,10
68975,67,66,1,1
68976,138,147,-9,9
68977,88,97,-9,9
68978,94,109,-15,15
68979,114,104,10,10
68980,81,79,2,2
68981,68,63,5,5
68982,214,189,25,25
68983,145,126,19,19
68984,54,61,-7,7
68985,100,104,-4,4
68986,146,139,7,7
68987,213,184,29,29
68988,106,112,-6,6
68989,57,60,-3,3
68990,128,124,4,4
68991,97,97,0,0
68992,90,102,-12,12
68993,102,99,3,3
68994,153,133,20,20
68995,84,86,-2,2
68996,27,59,-32,32
68997,51,61,-10,10
68998,73,78,-5,5
68999,86,85,1,1
69000,77,72,5,5
69001,154,135,19,19
69002,107,103,4,4
69003,173,161,12,12
69004,80,82,-2,2
69005,92,94,-2,2
69006,86,88,-2,2
69007,70,74,-4,4
69008,116,121,-5,5
69009,79,80,-1,1
69010,101,100,1,1
69011,138,131,7,7
69012,125,109,16,16
69013,65,66,-1,1
69014,82,91,-9,9
69015,88,95,-7,7
69016,40,62,-22,22
69017,104,105,-1,1
69018,111,110,1,1
69019,81,86,-5,5
69020,67,82,-15,15
69021,91,100,-9,9
69022,135,126,9,9
69023,155,159,-4,4
69024,89,82,7,7
69025,58,68,-10,10
69026,137,129,8,8
69027,69,66,3,3
69028,84,87,-3,3
69029,110,100,10,10
69030,68,99,-31,31
69031,126,112,14,14
69032,185,145,40,40
69033,64,63,1,1
69034,119,113,6,6
69035,133,127,6,6
69036,96,94,2,2
69037,54,61,-7,7
69038,90,92,-2,2
69039,75,68,7,7
69040,123,126,-3,3
69041,91,95,-4,4
69042,114,111,3,3
69043,49,98,-49,49
69044,119,111,8,8
69045,78,74,4,4
69046,105,102,3,3
69047,113,109,4,4
69048,75,72,3,3
69049,162,154,8,8
69050,62,64,-2,2
69051,93,86,7,7
69052,67,67,0,0
69053,118,119,-1,1
69054,76,73,3,3
69055,132,121,11,11
69056,43,62,-19,19
69057,69,75,-6,6
69058,99,101,-2,2
69059,81,74,7,7
69060,103,103,0,0
69061,87,81,6,6
69062,88,85,3,3
69063,92,93,-1,1
69064,102,95,7,7
69065,53,60,-7,7
69066,80,81,-1,1
69067,86,78,8,8
69068,107,110,-3,3
69069,165,163,2,2
69070,43,62,-19,19
69071,84,77,7,7
69072,129,121,8,8
69073,135,131,4,4
69074,32,65,-33,33
69075,49,62,-13,13
69076,91,93,-2,2
69077,72,75,-3,3
69078,85,84,1,1
69079,75,82,-7,7
69080,95,114,-19,19
69081,132,122,10,10
69082,98,106,-8,8
69083,34,62,-28,28
69084,114,110,4,4
69085,104,100,4,4
69086,111,102,9,9
69087,59,60,-1,1
69088,38,62,-24,24
69089,45,62,-17,17
69090,160,164,-4,4
69091,87,90,-3,3
69092,78,91,-13,13
69093,180,143,37,37
69094,112,115,-3,3
69095,99,103,-4,4
69096,77,81,-4,4
69097,64,98,-34,34
69098,93,77,16,16
69099,135,149,-14,14
69100,80,79,1,1
69101,105,95,10,10
69102,93,97,-4,4
69103,97,100,-3,3
69104,93,102,-9,9
69105,126,110,16,16
69106,100,98,2,2
69107,93,95,-2,2
69108,116,113,3,3
69109,89,92,-3,3
69110,72,91,-19,19
69111,158,138,20,20
69112,107,95,12,12
69113,57,64,-7,7
69114,95,102,-7,7
69115,199,180,19,19
69116,98,99,-1,1
69117,50,58,-8,8
69118,72,67,5,5
69119,86,80,6,6
69120,36,47,-11,11
69121,77,64,13,13
69122,144,142,2,2
69123,101,117,-16,16
69124,141,135,6,6
69125,136,126,10,10
69126,81,75,6,6
69127,96,116,-20,20
69128,92,94,-2,2
69129,37,62,-25,25
69130,117,115,2,2
69131,96,96,0,0
69132,120,133,-13,13
69133,58,61,-3,3
69134,147,124,23,23
69135,60,64,-4,4
69136,85,82,3,3
69137,71,64,7,7
69138,74,66,8,8
69139,98,99,-1,1
69140,59,62,-3,3
69141,77,81,-4,4
69142,77,87,-10,10
69143,76,80,-4,4
69144,52,61,-9,9
69145,116,112,4,4
69146,78,88,-10,10
69147,74,76,-2,2
69148,124,118,6,6
69149,58,60,-2,2
69150,86,83,3,3
69151,132,120,12,12
69152,108,97,11,11
69153,38,61,-23,23
69154,138,133,5,5
69155,74,71,3,3
69156,73,78,-5,5
69157,95,82,13,13
69158,129,179,-50,50
69159,102,98,4,4
69160,112,107,5,5
69161,141,133,8,8
69162,76,72,4,4
69163,142,135,7,7
69164,72,70,2,2
69165,163,150,13,13
69166,122,118,4,4
69167,44,60,-16,16
69168,104,100,4,4
69169,72,83,-11,11
69170,60,58,2,2
69171,69,65,4,4
69172,113,105,8,8
69173,89,93,-4,4
69174,42,63,-21,21
69175,146,140,6,6
69176,147,124,23,23
69177,132,141,-9,9
69178,107,102,5,5
69179,77,84,-7,7
69180,102,101,1,1
69181,153,133,20,20
69182,56,108,-52,52
69183,105,109,-4,4
69184,129,123,6,6
69185,99,96,3,3
69186,55,61,-6,6
69187,102,112,-10,10
69188,102,97,5,5
69189,111,112,-1,1
69190,123,122,1,1
69191,62,66,-4,4
69192,152,161,-9,9
69193,89,87,2,2
69194,94,92,2,2
69195,35,59,-24,24
69196,94,96,-2,2
69197,110,112,-2,2
69198,175,167,8,8
69199,105,99,6,6
69200,42,60,-18,18
69201,152,139,13,13
69202,149,132,17,17
69203,207,176,31,31
69204,152,150,2,2
69205,88,100,-12,12
69206,94,94,0,0
69207,76,69,7,7
69208,84,89,-5,5
69209,87,85,2,2
69210,59,56,3,3
69211,112,109,3,3
69212,110,104,6,6
69213,136,114,22,22
69214,81,106,-25,25
69215,177,154,23,23
69216,120,121,-1,1
69217,86,84,2,2
69218,57,61,-4,4
69219,100,84,16,16
69220,134,128,6,6
69221,75,70,5,5
69222,88,86,2,2
69223,82,93,-11,11
69224,54,59,-5,5
69225,74,68,6,6
69226,50,61,-11,11
69227,125,113,12,12
69228,85,92,-7,7
69229,148,139,9,9
69230,88,95,-7,7
69231,58,73,-15,15
69232,124,109,15,15
69233,129,128,1,1
69234,100,100,0,0
69235,76,75,1,1
69236,86,81,5,5
69237,57,69,-12,12
69238,84,86,-2,2
69239,103,95,8,8
69240,87,90,-3,3
69241,114,117,-3,3
69242,58,62,-4,4
69243,100,98,2,2
69244,92,116,-24,24
69245,78,83,-5,5
69246,73,89,-16,16
69247,73,65,8,8
69248,106,106,0,0
69249,135,133,2,2
69250,95,109,-14,14
69251,75,82,-7,7
69252,116,120,-4,4
69253,58,62,-4,4
69254,135,124,11,11
69255,75,77,-2,2
69256,51,61,-10,10
69257,69,67,2,2
69258,97,109,-12,12
69259,73,77,-4,4
69260,91,98,-7,7
69261,156,146,10,10
69262,67,71,-4,4
69263,77,77,0,0
69264,133,134,-1,1
69265,129,141,-12,12
69266,110,106,4,4
69267,121,131,-10,10
69268,150,139,11,11
69269,89,92,-3,3
69270,71,94,-23,23
69271,119,106,13,13
69272,70,81,-11,11
69273,121,128,-7,7
69274,116,118,-2,2
69275,123,126,-3,3
69276,95,92,3,3
69277,70,66,4,4
69278,111,98,13,13
69279,113,111,2,2
69280,92,89,3,3
69281,52,61,-9,9
69282,114,111,3,3
69283,106,104,2,2
69284,102,114,-12,12
69285,72,85,-13,13
69286,134,120,14,14
69287,101,99,2,2
69288,134,121,13,13
69289,111,111,0,0
69290,99,101,-2,2
69291,98,95,3,3
69292,94,98,-4,4
69293,44,62,-18,18
69294,92,100,-8,8
69295,81,78,3,3
69296,74,76,-2,2
69297,51,62,-11,11
69298,135,127,8,8
69299,34,61,-27,27
69300,151,145,6,6
69301,64,64,0,0
69302,105,107,-2,2
69303,117,101,16,16
69304,88,93,-5,5
69305,100,104,-4,4
69306,88,87,1,1
69307,84,87,-3,3
69308,189,175,14,14
69309,45,62,-17,17
69310,64,67,-3,3
69311,94,96,-2,2
69312,199,173,26,26
69313,80,74,6,6
69314,105,111,-6,6
69315,112,110,2,2
69316,59,57,2,2
69317,54,62,-8,8
69318,123,114,9,9
69319,59,63,-4,4
69320,186,167,19,19
69321,110,112,-2,2
69322,117,108,9,9
69323,82,84,-2,2
69324,202,168,34,34
69325,129,116,13,13
69326,91,96,-5,5
69327,131,110,21,21
69328,117,110,7,7
69329,82,73,9,9
69330,78,93,-15,15
69331,129,123,6,6
69332,46,61,-15,15
69333,122,122,0,0
69334,124,111,13,13
69335,186,180,6,6
69336,103,101,2,2
69337,112,118,-6,6
69338,135,136,-1,1
69339,68,71,-3,3
69340,110,109,1,1
69341,57,60,-3,3
69342,144,137,7,7
69343,115,102,13,13
69344,143,135,8,8
69345,75,91,-16,16
69346,69,62,7,7
69347,140,131,9,9
69348,93,100,-7,7
69349,74,72,2,2
69350,165,156,9,9
69351,77,84,-7,7
69352,57,61,-4,4
69353,87,103,-16,16
69354,123,125,-2,2
69355,78,84,-6,6
69356,120,123,-3,3
69357,100,103,-3,3
69358,112,112,0,0
69359,87,96,-9,9
69360,98,88,10,10
69361,106,108,-2,2
69362,91,99,-8,8
69363,107,107,0,0
69364,67,64,3,3
69365,125,120,5,5
69366,61,57,4,4
69367,96,102,-6,6
69368,73,71,2,2
69369,70,67,3,3
69370,89,85,4,4
69371,114,109,5,5
69372,74,82,-8,8
69373,133,112,21,21
69374,107,113,-6,6
69375,91,93,-2,2
69376,83,75,8,8
69377,76,70,6,6
69378,75,87,-12,12
69379,83,84,-1,1
69380,62,63,-1,1
69381,71,82,-11,11
69382,40,60,-20,20
69383,131,120,11,11
69384,138,137,1,1
69385,43,62,-19,19
69386,76,90,-14,14
69387,128,149,-21,21
69388,62,63,-1,1
69389,128,119,9,9
69390,79,90,-11,11
69391,140,124,16,16
69392,94,102,-8,8
69393,96,98,-2,2
69394,43,62,-19,19
69395,159,145,14,14
69396,62,61,1,1
69397,131,120,11,11
69398,65,63,2,2
69399,63,65,-2,2
69400,116,121,-5,5
69401,65,83,-18,18
69402,70,67,3,3
69403,56,62,-6,6
69404,95,97,-2,2
69405,120,112,8,8
69406,93,99,-6,6
69407,92,93,-1,1
69408,101,96,5,5
69409,106,109,-3,3
69410,151,138,13,13
69411,98,96,2,2
69412,63,63,0,0
69413,120,119,1,1
69414,93,94,-1,1
69415,89,90,-1,1
69416,47,62,-15,15
69417,92,96,-4,4
69418,95,91,4,4
69419,90,81,9,9
69420,116,107,9,9
69421,88,94,-6,6
69422,107,113,-6,6
69423,168,171,-3,3
69424,49,62,-13,13
69425,111,106,5,5
69426,76,81,-5,5
69427,89,91,-2,2
69428,72,72,0,0
69429,131,126,5,5
69430,61,74,-13,13
69431,106,99,7,7
69432,65,69,-4,4
69433,76,76,0,0
69434,62,100,-38,38
69435,63,61,2,2
69436,77,74,3,3
69437,120,109,11,11
69438,109,110,-1,1
69439,93,93,0,0
69440,66,62,4,4
69441,72,67,5,5
69442,94,90,4,4
69443,143,123,20,20
69444,75,80,-5,5
69445,99,100,-1,1
69446,112,112,0,0
69447,66,71,-5,5
69448,72,66,6,6
69449,46,61,-15,15
69450,100,102,-2,2
69451,89,83,6,6
69452,101,101,0,0
69453,63,62,1,1
69454,108,106,2,2
69455,89,96,-7,7
69456,101,104,-3,3
69457,94,94,0,0
69458,73,75,-2,2
69459,148,126,22,22
69460,142,141,1,1
69461,92,94,-2,2
69462,151,136,15,15
69463,119,115,4,4
69464,61,66,-5,5
69465,124,125,-1,1
69466,46,63,-17,17
69467,67,83,-16,16
69468,46,63,-17,17
69469,81,72,9,9
69470,104,108,-4,4
69471,47,61,-14,14
69472,88,93,-5,5
69473,115,104,11,11
69474,92,115,-23,23
69475,100,89,11,11
69476,141,130,11,11
69477,107,108,-1,1
69478,127,114,13,13
69479,117,123,-6,6
69480,72,70,2,2
69481,81,88,-7,7
69482,100,128,-28,28
69483,84,104,-20,20
69484,70,64,6,6
69485,152,134,18,18
69486,32,60,-28,28
69487,121,119,2,2
69488,69,69,0,0
69489,63,66,-3,3
69490,76,77,-1,1
69491,81,90,-9,9
69492,106,102,4,4
69493,69,77,-8,8
69494,54,61,-7,7
69495,92,91,1,1
69496,61,64,-3,3
69497,141,125,16,16
69498,78,74,4,4
69499,124,139,-15,15
69500,94,96,-2,2
69501,66,71,-5,5
69502,156,155,1,1
69503,80,101,-21,21
69504,84,93,-9,9
69505,161,154,7,7
69506,106,98,8,8
69507,98,105,-7,7
69508,108,103,5,5
69509,109,103,6,6
69510,85,84,1,1
69511,74,93,-19,19
69512,74,75,-1,1
69513,88,102,-14,14
69514,128,118,10,10
69515,93,93,0,0
69516,140,131,9,9
69517,109,104,5,5
69518,58,62,-4,4
69519,73,64,9,9
69520,86,92,-6,6
69521,94,94,0,0
69522,332,321,11,11
69523,112,104,8,8
69524,48,61,-13,13
69525,73,77,-4,4
69526,116,112,4,4
69527,105,94,11,11
69528,65,64,1,1
69529,108,104,4,4
69530,83,96,-13,13
69531,81,91,-10,10
69532,155,159,-4,4
69533,110,99,11,11
69534,120,110,10,10
69535,92,88,4,4
69536,152,136,16,16
69537,131,133,-2,2
69538,48,64,-16,16
69539,68,67,1,1
69540,74,70,4,4
69541,86,98,-12,12
69542,148,151,-3,3
69543,188,167,21,21
69544,79,92,-13,13
69545,125,119,6,6
69546,95,83,12,12
69547,63,63,0,0
69548,78,72,6,6
69549,116,123,-7,7
69550,83,89,-6,6
69551,68,68,0,0
69552,104,128,-24,24
69553,107,106,1,1
69554,93,90,3,3
69555,115,112,3,3
69556,105,97,8,8
69557,76,98,-22,22
69558,129,114,15,15
69559,53,60,-7,7
69560,78,95,-17,17
69561,108,110,-2,2
69562,39,62,-23,23
69563,81,77,4,4
69564,122,122,0,0
69565,74,71,3,3
69566,63,67,-4,4
69567,115,110,5,5
69568,119,122,-3,3
69569,130,124,6,6
69570,103,124,-21,21
69571,107,110,-3,3
69572,69,79,-10,10
69573,130,119,11,11
69574,98,114,-16,16
69575,126,112,14,14
69576,119,106,13,13
69577,86,94,-8,8
69578,211,194,17,17
69579,82,84,-2,2
69580,64,62,2,2
69581,96,81,15,15
69582,63,63,0,0
69583,102,103,-1,1
69584,119,131,-12,12
69585,82,93,-11,11
69586,119,109,10,10
69587,64,65,-1,1
69588,48,62,-14,14
69589,140,128,12,12
69590,112,107,5,5
69591,93,107,-14,14
69592,88,93,-5,5
69593,93,95,-2,2
69594,60,61,-1,1
69595,66,69,-3,3
69596,48,62,-14,14
69597,101,96,5,5
69598,54,60,-6,6
69599,99,94,5,5
69600,81,80,1,1
69601,155,140,15,15
69602,80,91,-11,11
69603,69,69,0,0
69604,65,77,-12,12
69605,81,92,-11,11
69606,100,106,-6,6
69607,89,99,-10,10
69608,86,92,-6,6
69609,107,110,-3,3
69610,61,65,-4,4
69611,59,62,-3,3
69612,51,61,-10,10
69613,147,144,3,3
69614,127,114,13,13
69615,130,131,-1,1
69616,53,60,-7,7
69617,117,98,19,19
69618,132,128,4,4
69619,119,113,6,6
69620,107,96,11,11
69621,79,95,-16,16
69622,157,148,9,9
69623,125,107,18,18
69624,60,63,-3,3
69625,79,69,10,10
69626,80,89,-9,9
69627,151,132,19,19
69628,109,107,2,2
69629,64,65,-1,1
69630,111,100,11,11
69631,44,58,-14,14
69632,95,89,6,6
69633,137,124,13,13
69634,121,104,17,17
69635,51,61,-10,10
69636,53,66,-13,13
69637,93,94,-1,1
69638,91,98,-7,7
69639,125,115,10,10
69640,59,63,-4,4
69641,63,61,2,2
69642,111,99,12,12
69643,117,118,-1,1
69644,74,74,0,0
69645,117,117,0,0
69646,65,62,3,3
69647,100,96,4,4
69648,227,211,16,16
69649,145,175,-30,30
69650,82,88,-6,6
69651,93,79,14,14
69652,120,131,-11,11
69653,122,113,9,9
69654,121,112,9,9
69655,106,93,13,13
69656,95,105,-10,10
69657,71,70,1,1
69658,64,69,-5,5
69659,103,99,4,4
69660,66,80,-14,14
69661,60,63,-3,3
69662,85,87,-2,2
69663,110,110,0,0
69664,109,110,-1,1
69665,80,96,-16,16
69666,80,72,8,8
69667,147,144,3,3
69668,107,114,-7,7
69669,61,63,-2,2
69670,163,153,10,10
69671,60,62,-2,2
69672,85,86,-1,1
69673,152,157,-5,5
69674,90,93,-3,3
69675,81,80,1,1
69676,76,69,7,7
69677,95,95,0,0
69678,70,68,2,2
69679,101,100,1,1
69680,65,63,2,2
69681,78,92,-14,14
69682,94,97,-3,3
69683,69,68,1,1
69684,161,157,4,4
69685,97,103,-6,6
69686,66,73,-7,7
69687,171,151,20,20
69688,93,85,8,8
69689,98,95,3,3
69690,101,106,-5,5
69691,97,98,-1,1
69692,74,85,-11,11
69693,88,76,12,12
69694,184,172,12,12
69695,74,79,-5,5
69696,65,77,-12,12
69697,193,169,24,24
69698,103,98,5,5
69699,57,61,-4,4
69700,113,127,-14,14
69701,145,169,-24,24
69702,60,62,-2,2
69703,128,133,-5,5
69704,89,95,-6,6
69705,80,84,-4,4
69706,79,70,9,9
69707,114,112,2,2
69708,200,186,14,14
69709,133,126,7,7
69710,114,108,6,6
69711,125,117,8,8
69712,82,80,2,2
69713,90,85,5,5
69714,95,94,1,1
69715,140,143,-3,3
69716,96,101,-5,5
69717,186,169,17,17
69718,89,102,-13,13
69719,57,62,-5,5
69720,76,76,0,0
69721,64,63,1,1
69722,138,125,13,13
69723,97,98,-1,1
69724,95,102,-7,7
69725,157,151,6,6
69726,76,68,8,8
69727,77,86,-9,9
69728,110,108,2,2
69729,191,170,21,21
69730,70,78,-8,8
69731,100,114,-14,14
69732,98,104,-6,6
69733,64,66,-2,2
69734,106,104,2,2
69735,95,98,-3,3
69736,70,87,-17,17
69737,132,117,15,15
69738,43,62,-19,19
69739,177,163,14,14
69740,59,63,-4,4
69741,42,62,-20,20
69742,40,62,-22,22
69743,82,49,33,33
69744,79,89,-10,10
69745,62,75,-13,13
69746,108,101,7,7
69747,103,115,-12,12
69748,92,92,0,0
69749,63,65,-2,2
69750,65,67,-2,2
69751,144,144,0,0
69752,92,93,-1,1
69753,129,122,7,7
69754,137,137,0,0
69755,122,125,-3,3
69756,48,66,-18,18
69757,85,69,16,16
69758,90,99,-9,9
69759,82,70,12,12
69760,112,105,7,7
69761,85,90,-5,5
69762,91,88,3,3
69763,78,83,-5,5
69764,69,69,0,0
69765,121,108,13,13
69766,68,76,-8,8
69767,131,124,7,7
69768,89,94,-5,5
69769,93,93,0,0
69770,54,60,-6,6
69771,136,131,5,5
69772,35,86,-51,51
69773,178,154,24,24
69774,105,101,4,4
69775,145,138,7,7
69776,75,84,-9,9
69777,117,105,12,12
69778,63,65,-2,2
69779,132,127,5,5
69780,100,105,-5,5
69781,67,68,-1,1
69782,47,61,-14,14
69783,128,113,15,15
69784,119,121,-2,2
69785,119,119,0,0
69786,93,78,15,15
69787,121,119,2,2
69788,79,73,6,6
69789,166,149,17,17
69790,87,82,5,5
69791,85,92,-7,7
69792,80,93,-13,13
69793,68,68,0,0
69794,131,129,2,2
69795,124,117,7,7
69796,146,147,-1,1
69797,71,66,5,5
69798,89,100,-11,11
69799,60,68,-8,8
69800,64,63,1,1
69801,63,83,-20,20
69802,61,63,-2,2
69803,119,111,8,8
69804,83,93,-10,10
69805,96,98,-2,2
69806,116,129,-13,13
69807,122,115,7,7
69808,102,98,4,4
69809,85,92,-7,7
69810,129,130,-1,1
69811,109,99,10,10
69812,41,61,-20,20
69813,95,102,-7,7
69814,131,114,17,17
69815,98,88,10,10
69816,105,102,3,3
69817,35,62,-27,27
69818,65,61,4,4
69819,69,64,5,5
69820,72,69,3,3
69821,101,108,-7,7
69822,86,86,0,0
69823,103,106,-3,3
69824,110,99,11,11
69825,77,68,9,9
69826,98,97,1,1
69827,107,106,1,1
69828,72,80,-8,8
69829,109,108,1,1
69830,68,62,6,6
69831,64,62,2,2
69832,158,148,10,10
69833,112,118,-6,6
69834,71,86,-15,15
69835,119,112,7,7
69836,63,65,-2,2
69837,66,66,0,0
69838,90,88,2,2
69839,114,117,-3,3
69840,81,85,-4,4
69841,136,126,10,10
69842,92,93,-1,1
69843,46,69,-23,23
69844,48,60,-12,12
69845,99,92,7,7
69846,63,68,-5,5
69847,113,113,0,0
69848,77,84,-7,7
69849,95,114,-19,19
69850,95,97,-2,2
69851,92,98,-6,6
69852,77,73,4,4
69853,108,106,2,2
69854,80,79,1,1
69855,106,108,-2,2
69856,193,180,13,13
69857,138,123,15,15
69858,146,140,6,6
69859,146,145,1,1
69860,121,109,12,12
69861,134,119,15,15
69862,92,97,-5,5
69863,109,104,5,5
69864,94,101,-7,7
69865,96,103,-7,7
69866,105,117,-12,12
69867,124,124,0,0
69868,101,97,4,4
69869,63,72,-9,9
69870,91,96,-5,5
69871,75,87,-12,12
69872,89,102,-13,13
69873,134,128,6,6
69874,130,132,-2,2
69875,71,84,-13,13
69876,152,146,6,6
69877,79,62,17,17
69878,82,69,13,13
69879,80,102,-22,22
69880,51,62,-11,11
69881,134,125,9,9
69882,120,107,13,13
69883,88,89,-1,1
69884,66,73,-7,7
69885,40,62,-22,22
69886,81,73,8,8
69887,125,113,12,12
69888,57,61,-4,4
69889,127,115,12,12
69890,70,61,9,9
69891,144,108,36,36
69892,100,115,-15,15
69893,190,166,24,24
69894,79,81,-2,2
69895,95,79,16,16
69896,86,72,14,14
69897,75,59,16,16
69898,108,101,7,7
69899,74,72,2,2
69900,110,120,-10,10
69901,121,111,10,10
69902,75,80,-5,5
69903,193,163,30,30
69904,102,98,4,4
69905,83,90,-7,7
69906,161,158,3,3
69907,43,59,-16,16
69908,157,170,-13,13
69909,152,153,-1,1
69910,166,149,17,17
69911,61,60,1,1
69912,123,115,8,8
69913,77,66,11,11
69914,76,70,6,6
69915,103,109,-6,6
69916,73,68,5,5
69917,94,104,-10,10
69918,71,77,-6,6
69919,69,85,-16,16
69920,46,63,-17,17
69921,59,63,-4,4
69922,109,104,5,5
69923,166,161,5,5
69924,65,64,1,1
69925,97,94,3,3
69926,170,152,18,18
69927,76,81,-5,5
69928,79,79,0,0
69929,84,96,-12,12
69930,36,61,-25,25
69931,149,143,6,6
69932,61,61,0,0
69933,109,106,3,3
69934,160,136,24,24
69935,96,94,2,2
69936,139,137,2,2
69937,59,61,-2,2
69938,52,59,-7,7
69939,148,134,14,14
69940,90,72,18,18
69941,68,62,6,6
69942,60,65,-5,5
69943,110,107,3,3
69944,80,99,-19,19
69945,37,62,-25,25
69946,75,91,-16,16
69947,62,69,-7,7
69948,66,67,-1,1
69949,99,107,-8,8
69950,105,105,0,0
69951,165,149,16,16
69952,164,153,11,11
69953,93,97,-4,4
69954,58,75,-17,17
69955,93,95,-2,2
69956,37,61,-24,24
69957,68,74,-6,6
69958,122,122,0,0
69959,36,62,-26,26
69960,109,108,1,1
69961,111,104,7,7
69962,39,62,-23,23
69963,139,130,9,9
69964,109,111,-2,2
69965,169,161,8,8
69966,138,131,7,7
69967,104,120,-16,16
69968,170,171,-1,1
69969,66,68,-2,2
69970,154,146,8,8
69971,46,61,-15,15
69972,136,123,13,13
69973,81,79,2,2
69974,390,352,38,38
69975,88,89,-1,1
69976,66,79,-13,13
69977,69,67,2,2
69978,48,61,-13,13
69979,136,123,13,13
69980,85,90,-5,5
69981,73,70,3,3
69982,128,135,-7,7
69983,90,114,-24,24
69984,105,104,1,1
69985,127,119,8,8
69986,102,103,-1,1
69987,111,106,5,5
69988,110,99,11,11
69989,92,91,1,1
69990,66,104,-38,38
69991,103,102,1,1
69992,111,103,8,8
69993,120,119,1,1
69994,96,101,-5,5
69995,141,131,10,10
69996,89,109,-20,20
69997,66,66,0,0
69998,95,89,6,6
69999,83,92,-9,9
70000,62,62,0,0
70001,136,134,2,2
70002,99,96,3,3
70003,78,69,9,9
70004,79,92,-13,13
70005,86,81,5,5
70006,70,69,1,1
70007,128,125,3,3
70008,100,82,18,18
70009,116,105,11,11
70010,165,174,-9,9
70011,125,118,7,7
70012,63,69,-6,6
70013,93,102,-9,9
70014,135,119,16,16
70015,61,62,-1,1
70016,55,71,-16,16
70017,95,93,2,2
70018,98,103,-5,5
70019,54,62,-8,8
70020,85,90,-5,5
70021,96,92,4,4
70022,132,141,-9,9
70023,81,90,-9,9
70024,57,62,-5,5
70025,71,65,6,6
70026,92,95,-3,3
70027,99,89,10,10
70028,87,90,-3,3
70029,116,109,7,7
70030,46,62,-16,16
70031,29,62,-33,33
70032,163,164,-1,1
70033,110,103,7,7
70034,68,68,0,0
70035,62,63,-1,1
70036,60,62,-2,2
70037,91,98,-7,7
70038,35,62,-27,27
70039,61,69,-8,8
70040,101,92,9,9
70041,135,125,10,10
70042,169,161,8,8
70043,122,112,10,10
70044,182,168,14,14
70045,86,95,-9,9
70046,121,112,9,9
70047,65,63,2,2
70048,84,93,-9,9
70049,98,93,5,5
70050,61,63,-2,2
70051,71,95,-24,24
70052,54,60,-6,6
70053,130,123,7,7
70054,47,61,-14,14
70055,78,76,2,2
70056,83,72,11,11
70057,119,107,12,12
70058,86,80,6,6
70059,92,96,-4,4
70060,76,82,-6,6
70061,80,92,-12,12
70062,103,98,5,5
70063,113,108,5,5
70064,79,89,-10,10
70065,68,68,0,0
70066,115,110,5,5
70067,62,67,-5,5
70068,107,116,-9,9
70069,115,105,10,10
70070,138,137,1,1
70071,115,119,-4,4
70072,117,105,12,12
70073,92,152,-60,60
70074,122,111,11,11
70075,54,61,-7,7
70076,76,81,-5,5
70077,96,94,2,2
70078,57,59,-2,2
70079,108,108,0,0
70080,104,108,-4,4
70081,107,105,2,2
70082,66,64,2,2
70083,57,65,-8,8
70084,72,68,4,4
70085,63,120,-57,57
70086,119,120,-1,1
70087,123,110,13,13
70088,86,86,0,0
70089,121,103,18,18
70090,72,65,7,7
70091,70,69,1,1
70092,84,74,10,10
70093,72,79,-7,7
70094,61,60,1,1
70095,128,111,17,17
70096,90,97,-7,7
70097,138,149,-11,11
70098,80,82,-2,2
70099,134,107,27,27
70100,135,133,2,2
70101,108,107,1,1
70102,114,106,8,8
70103,87,95,-8,8
70104,29,60,-31,31
70105,84,87,-3,3
70106,139,139,0,0
70107,126,113,13,13
70108,61,60,1,1
70109,22,62,-40,40
70110,61,73,-12,12
70111,74,87,-13,13
70112,120,113,7,7
70113,69,68,1,1
70114,61,68,-7,7
70115,88,97,-9,9
70116,102,108,-6,6
70117,107,108,-1,1
70118,103,101,2,2
70119,89,99,-10,10
70120,134,132,2,2
70121,52,67,-15,15
70122,63,114,-51,51
70123,116,116,0,0
70124,123,139,-16,16
70125,101,97,4,4
70126,58,63,-5,5
70127,95,99,-4,4
70128,66,63,3,3
70129,69,66,3,3
70130,107,103,4,4
70131,118,124,-6,6
70132,155,134,21,21
70133,75,75,0,0
70134,103,97,6,6
70135,81,75,6,6
70136,94,95,-1,1
70137,64,65,-1,1
70138,135,128,7,7
70139,116,133,-17,17
70140,213,181,32,32
70141,87,91,-4,4
70142,109,123,-14,14
70143,149,139,10,10
70144,81,98,-17,17
70145,78,77,1,1
70146,62,60,2,2
70147,73,74,-1,1
70148,68,60,8,8
70149,103,100,3,3
70150,121,107,14,14
70151,165,149,16,16
70152,105,102,3,3
70153,71,64,7,7
70154,139,140,-1,1
70155,75,102,-27,27
70156,146,150,-4,4
70157,88,94,-6,6
70158,184,176,8,8
70159,122,111,11,11
70160,50,88,-38,38
70161,98,102,-4,4
70162,28,89,-61,61
70163,68,61,7,7
70164,34,63,-29,29
70165,88,77,11,11
70166,87,95,-8,8
70167,91,91,0,0
70168,97,96,1,1
70169,93,87,6,6
70170,46,61,-15,15
70171,63,63,0,0
70172,54,61,-7,7
70173,68,73,-5,5
70174,100,113,-13,13
70175,51,62,-11,11
70176,92,97,-5,5
70177,111,112,-1,1
70178,66,63,3,3
70179,60,68,-8,8
70180,66,65,1,1
70181,130,110,20,20
70182,125,111,14,14
70183,134,133,1,1
70184,139,136,3,3
70185,105,109,-4,4
70186,70,71,-1,1
70187,106,100,6,6
70188,146,125,21,21
70189,144,144,0,0
70190,108,123,-15,15
70191,77,82,-5,5
70192,99,96,3,3
70193,79,80,-1,1
70194,65,65,0,0
70195,65,78,-13,13
70196,89,101,-12,12
70197,128,113,15,15
70198,95,115,-20,20
70199,131,141,-10,10
70200,48,61,-13,13
70201,127,115,12,12
70202,102,106,-4,4
70203,127,120,7,7
70204,53,62,-9,9
70205,148,126,22,22
70206,173,153,20,20
70207,110,108,2,2
70208,61,61,0,0
70209,65,63,2,2
70210,83,79,4,4
70211,125,123,2,2
70212,94,94,0,0
70213,82,81,1,1
70214,95,93,2,2
70215,48,59,-11,11
70216,112,110,2,2
70217,74,80,-6,6
70218,114,107,7,7
70219,64,68,-4,4
70220,109,104,5,5
70221,163,148,15,15
70222,136,130,6,6
70223,218,187,31,31
70224,114,105,9,9
70225,152,144,8,8
70226,115,116,-1,1
70227,70,77,-7,7
70228,76,77,-1,1
70229,101,101,0,0
70230,122,110,12,12
70231,95,88,7,7
70232,112,139,-27,27
70233,114,116,-2,2
70234,93,95,-2,2
70235,56,68,-12,12
70236,110,139,-29,29
70237,97,96,1,1
70238,86,99,-13,13
70239,87,89,-2,2
70240,55,74,-19,19
70241,183,190,-7,7
70242,99,102,-3,3
70243,102,102,0,0
70244,113,119,-6,6
70245,95,95,0,0
70246,191,166,25,25
70247,82,90,-8,8
70248,55,61,-6,6
70249,60,65,-5,5
70250,81,70,11,11
70251,87,90,-3,3
70252,142,137,5,5
70253,97,85,12,12
70254,116,101,15,15
70255,73,71,2,2
70256,87,94,-7,7
70257,102,95,7,7
70258,57,61,-4,4
70259,56,64,-8,8
70260,193,162,31,31
70261,99,101,-2,2
70262,61,65,-4,4
70263,90,91,-1,1
70264,129,132,-3,3
70265,86,90,-4,4
70266,68,76,-8,8
70267,106,103,3,3
70268,101,109,-8,8
70269,139,126,13,13
70270,97,106,-9,9
70271,79,91,-12,12
70272,54,63,-9,9
70273,47,60,-13,13
70274,119,111,8,8
70275,93,93,0,0
70276,70,69,1,1
70277,109,109,0,0
70278,55,66,-11,11
70279,127,132,-5,5
70280,76,79,-3,3
70281,35,61,-26,26
70282,66,64,2,2
70283,72,71,1,1
70284,91,102,-11,11
70285,128,128,0,0
70286,123,123,0,0
70287,129,124,5,5
70288,106,99,7,7
70289,84,94,-10,10
70290,99,95,4,4
70291,59,62,-3,3
70292,54,62,-8,8
70293,120,120,0,0
70294,188,164,24,24
70295,83,82,1,1
70296,146,130,16,16
70297,69,69,0,0
70298,58,62,-4,4
70299,173,158,15,15
70300,131,120,11,11
70301,150,138,12,12
70302,115,109,6,6
70303,107,99,8,8
70304,131,130,1,1
70305,101,102,-1,1
70306,105,95,10,10
70307,104,103,1,1
70308,138,123,15,15
70309,62,63,-1,1
70310,88,96,-8,8
70311,44,61,-17,17
70312,116,115,1,1
70313,84,86,-2,2
70314,80,102,-22,22
70315,112,111,1,1
70316,85,87,-2,2
70317,82,75,7,7
70318,101,105,-4,4
70319,123,175,-52,52
70320,137,129,8,8
70321,112,122,-10,10
70322,72,77,-5,5
70323,100,96,4,4
70324,106,100,6,6
70325,64,62,2,2
70326,115,106,9,9
70327,44,63,-19,19
70328,112,109,3,3
70329,113,102,11,11
70330,203,174,29,29
70331,113,105,8,8
70332,154,149,5,5
70333,88,96,-8,8
70334,88,102,-14,14
70335,56,62,-6,6
70336,116,112,4,4
70337,104,104,0,0
70338,96,97,-1,1
70339,99,100,-1,1
70340,98,105,-7,7
70341,128,131,-3,3
70342,79,91,-12,12
70343,97,108,-11,11
70344,68,80,-12,12
70345,93,89,4,4
70346,99,99,0,0
70347,68,69,-1,1
70348,83,81,2,2
70349,85,92,-7,7
70350,89,99,-10,10
70351,95,95,0,0
70352,133,137,-4,4
70353,86,91,-5,5
70354,94,97,-3,3
70355,63,69,-6,6
70356,134,130,4,4
70357,79,83,-4,4
70358,55,61,-6,6
70359,82,91,-9,9
70360,60,65,-5,5
70361,63,70,-7,7
70362,179,160,19,19
70363,127,128,-1,1
70364,65,59,6,6
70365,101,102,-1,1
70366,112,106,6,6
70367,66,67,-1,1
70368,104,103,1,1
70369,80,101,-21,21
70370,84,79,5,5
70371,57,60,-3,3
70372,55,61,-6,6
70373,134,129,5,5
70374,125,117,8,8
70375,83,89,-6,6
70376,66,63,3,3
70377,59,89,-30,30
70378,117,125,-8,8
70379,103,125,-22,22
70380,101,95,6,6
70381,128,125,3,3
70382,92,100,-8,8
70383,167,153,14,14
70384,79,77,2,2
70385,121,111,10,10
70386,85,79,6,6
70387,80,65,15,15
70388,26,61,-35,35
70389,52,63,-11,11
70390,58,65,-7,7
70391,137,128,9,9
70392,48,62,-14,14
70393,138,125,13,13
70394,81,65,16,16
70395,132,126,6,6
70396,111,107,4,4
70397,115,114,1,1
70398,129,126,3,3
70399,125,123,2,2
70400,138,160,-22,22
70401,51,61,-10,10
70402,131,140,-9,9
70403,164,165,-1,1
70404,107,96,11,11
70405,102,100,2,2
70406,66,67,-1,1
70407,59,63,-4,4
70408,60,63,-3,3
70409,145,136,9,9
70410,143,137,6,6
70411,121,119,2,2
70412,98,105,-7,7
70413,107,97,10,10
70414,69,66,3,3
70415,154,151,3,3
70416,93,98,-5,5
70417,93,99,-6,6
70418,41,62,-21,21
70419,103,106,-3,3
70420,81,82,-1,1
70421,105,95,10,10
70422,60,60,0,0
70423,90,101,-11,11
70424,76,77,-1,1
70425,98,100,-2,2
70426,70,67,3,3
70427,49,61,-12,12
70428,113,107,6,6
70429,45,63,-18,18
70430,109,103,6,6
70431,53,63,-10,10
70432,98,88,10,10
70433,70,66,4,4
70434,91,92,-1,1
70435,126,117,9,9
70436,68,58,10,10
70437,54,73,-19,19
70438,99,96,3,3
70439,85,91,-6,6
70440,85,80,5,5
70441,93,98,-5,5
70442,69,66,3,3
70443,59,62,-3,3
70444,47,64,-17,17
70445,83,83,0,0
70446,103,109,-6,6
70447,93,84,9,9
70448,125,134,-9,9
70449,97,97,0,0
70450,103,107,-4,4
70451,79,81,-2,2
70452,103,114,-11,11
70453,132,121,11,11
70454,165,166,-1,1
70455,132,128,4,4
70456,88,89,-1,1
70457,92,92,0,0
70458,75,71,4,4
70459,108,102,6,6
70460,98,96,2,2
70461,133,150,-17,17
70462,75,67,8,8
70463,187,179,8,8
70464,123,117,6,6
70465,63,93,-30,30
70466,92,104,-12,12
70467,117,116,1,1
70468,98,91,7,7
70469,247,254,-7,7
70470,98,101,-3,3
70471,102,95,7,7
70472,66,78,-12,12
70473,62,59,3,3
70474,84,89,-5,5
70475,52,62,-10,10
70476,107,103,4,4
70477,155,139,16,16
70478,118,116,2,2
70479,150,147,3,3
70480,112,105,7,7
70481,106,108,-2,2
70482,61,63,-2,2
70483,101,103,-2,2
70484,80,67,13,13
70485,65,83,-18,18
70486,86,87,-1,1
70487,74,66,8,8
70488,163,141,22,22
70489,100,105,-5,5
70490,44,63,-19,19
70491,86,70,16,16
70492,119,114,5,5
70493,80,77,3,3
70494,57,64,-7,7
70495,136,128,8,8
70496,113,115,-2,2
70497,75,73,2,2
70498,41,56,-15,15
70499,125,133,-8,8
70500,77,84,-7,7
70501,97,94,3,3
70502,159,158,1,1
70503,43,61,-18,18
70504,47,62,-15,15
70505,53,61,-8,8
70506,141,126,15,15
70507,79,90,-11,11
70508,74,72,2,2
70509,117,115,2,2
70510,39,61,-22,22
70511,74,79,-5,5
70512,131,131,0,0
70513,95,99,-4,4
70514,152,133,19,19
70515,80,89,-9,9
70516,125,106,19,19
70517,114,114,0,0
70518,113,105,8,8
70519,58,68,-10,10
70520,98,93,5,5
70521,135,123,12,12
70522,88,99,-11,11
70523,147,140,7,7
70524,83,88,-5,5
70525,145,134,11,11
70526,144,144,0,0
70527,142,131,11,11
70528,65,66,-1,1
70529,59,63,-4,4
70530,116,114,2,2
70531,51,62,-11,11
70532,48,62,-14,14
70533,113,116,-3,3
70534,87,62,25,25
70535,72,79,-7,7
70536,100,99,1,1
70537,66,68,-2,2
70538,106,111,-5,5
70539,128,116,12,12
70540,71,66,5,5
70541,69,77,-8,8
70542,117,130,-13,13
70543,125,122,3,3
70544,105,100,5,5
70545,43,56,-13,13
70546,154,155,-1,1
70547,77,87,-10,10
70548,104,105,-1,1
70549,112,107,5,5
70550,84,90,-6,6
70551,69,67,2,2
70552,135,120,15,15
70553,130,112,18,18
70554,117,124,-7,7
70555,47,62,-15,15
70556,114,114,0,0
70557,100,109,-9,9
70558,129,131,-2,2
70559,59,64,-5,5
70560,159,148,11,11
70561,61,85,-24,24
70562,51,58,-7,7
70563,92,97,-5,5
70564,73,75,-2,2
70565,98,81,17,17
70566,117,112,5,5
70567,100,107,-7,7
70568,54,68,-14,14
70569,76,71,5,5
70570,132,127,5,5
70571,178,143,35,35
70572,91,97,-6,6
70573,127,115,12,12
70574,75,69,6,6
70575,70,69,1,1
70576,124,118,6,6
70577,125,123,2,2
70578,80,85,-5,5
70579,59,63,-4,4
70580,82,93,-11,11
70581,130,126,4,4
70582,82,92,-10,10
70583,93,86,7,7
70584,82,91,-9,9
70585,160,141,19,19
70586,83,78,5,5
70587,128,111,17,17
70588,123,110,13,13
70589,98,96,2,2
70590,104,99,5,5
70591,109,102,7,7
70592,48,61,-13,13
70593,62,63,-1,1
70594,63,62,1,1
70595,63,66,-3,3
70596,115,105,10,10
70597,94,92,2,2
70598,94,101,-7,7
70599,91,92,-1,1
70600,141,141,0,0
70601,162,151,11,11
70602,91,96,-5,5
70603,88,96,-8,8
70604,117,123,-6,6
70605,52,62,-10,10
70606,57,59,-2,2
70607,106,93,13,13
70608,77,90,-13,13
70609,58,64,-6,6
70610,85,78,7,7
70611,110,103,7,7
70612,74,86,-12,12
70613,97,88,9,9
70614,58,60,-2,2
70615,92,99,-7,7
70616,97,98,-1,1
70617,73,75,-2,2
70618,89,95,-6,6
70619,108,103,5,5
70620,129,118,11,11
70621,83,85,-2,2
70622,97,95,2,2
70623,88,91,-3,3
70624,88,83,5,5
70625,74,86,-12,12
70626,103,107,-4,4
70627,93,90,3,3
70628,39,62,-23,23
70629,168,151,17,17
70630,102,94,8,8
70631,77,84,-7,7
70632,209,204,5,5
70633,88,90,-2,2
70634,88,94,-6,6
70635,95,100,-5,5
70636,113,104,9,9
70637,109,110,-1,1
70638,93,98,-5,5
70639,167,149,18,18
70640,55,71,-16,16
70641,115,116,-1,1
70642,101,105,-4,4
70643,52,62,-10,10
70644,155,152,3,3
70645,47,61,-14,14
70646,123,127,-4,4
70647,71,68,3,3
70648,109,115,-6,6
70649,63,71,-8,8
70650,132,145,-13,13
70651,74,80,-6,6
70652,89,101,-12,12
70653,131,125,6,6
70654,71,72,-1,1
70655,100,85,15,15
70656,76,92,-16,16
70657,67,65,2,2
70658,121,106,15,15
70659,45,60,-15,15
70660,79,65,14,14
70661,145,140,5,5
70662,242,201,41,41
70663,64,83,-19,19
70664,146,132,14,14
70665,80,80,0,0
70666,135,135,0,0
70667,94,92,2,2
70668,88,81,7,7
70669,119,125,-6,6
70670,129,119,10,10
70671,86,90,-4,4
70672,60,60,0,0
70673,148,145,3,3
70674,43,62,-19,19
70675,41,58,-17,17
70676,272,245,27,27
70677,116,106,10,10
70678,86,83,3,3
70679,69,72,-3,3
70680,51,62,-11,11
70681,80,81,-1,1
70682,83,82,1,1
70683,108,103,5,5
70684,66,64,2,2
70685,178,176,2,2
70686,138,133,5,5
70687,124,109,15,15
70688,58,60,-2,2
70689,93,94,-1,1
70690,135,123,12,12
70691,98,80,18,18
70692,91,83,8,8
70693,83,75,8,8
70694,192,176,16,16
70695,119,105,14,14
70696,44,63,-19,19
70697,83,90,-7,7
70698,75,83,-8,8
70699,216,198,18,18
70700,178,166,12,12
70701,81,82,-1,1
70702,56,69,-13,13
70703,85,89,-4,4
70704,87,89,-2,2
70705,77,73,4,4
70706,73,78,-5,5
70707,122,117,5,5
70708,169,142,27,27
70709,155,135,20,20
70710,111,111,0,0
70711,37,63,-26,26
70712,116,116,0,0
70713,107,104,3,3
70714,63,68,-5,5
70715,97,93,4,4
70716,108,97,11,11
70717,94,96,-2,2
70718,56,60,-4,4
70719,49,61,-12,12
70720,87,98,-11,11
70721,110,108,2,2
70722,89,100,-11,11
70723,87,81,6,6
70724,127,123,4,4
70725,82,89,-7,7
70726,58,62,-4,4
70727,69,69,0,0
70728,66,63,3,3
70729,62,78,-16,16
70730,80,83,-3,3
70731,62,63,-1,1
70732,46,61,-15,15
70733,48,65,-17,17
70734,77,70,7,7
70735,99,111,-12,12
70736,98,102,-4,4
70737,87,92,-5,5
70738,63,70,-7,7
70739,114,116,-2,2
70740,121,125,-4,4
70741,70,69,1,1
70742,118,107,11,11
70743,116,113,3,3
70744,89,97,-8,8
70745,100,98,2,2
70746,249,279,-30,30
70747,202,178,24,24
70748,152,141,11,11
70749,140,133,7,7
70750,162,144,18,18
70751,90,91,-1,1
70752,132,118,14,14
70753,79,69,10,10
70754,73,69,4,4
70755,115,106,9,9
70756,188,171,17,17
70757,72,72,0,0
70758,112,109,3,3
70759,131,126,5,5
70760,128,128,0,0
70761,125,120,5,5
70762,133,125,8,8
70763,159,143,16,16
70764,96,109,-13,13
70765,85,91,-6,6
70766,103,103,0,0
70767,74,68,6,6
70768,139,134,5,5
70769,114,111,3,3
70770,35,62,-27,27
70771,56,64,-8,8
70772,85,93,-8,8
70773,111,100,11,11
70774,107,108,-1,1
70775,138,134,4,4
70776,79,75,4,4
70777,89,93,-4,4
70778,97,94,3,3
70779,88,86,2,2
70780,77,82,-5,5
70781,83,76,7,7
70782,138,134,4,4
70783,109,107,2,2
70784,58,66,-8,8
70785,65,67,-2,2
70786,97,104,-7,7
70787,95,116,-21,21
70788,93,93,0,0
70789,80,89,-9,9
70790,88,79,9,9
70791,104,107,-3,3
70792,72,75,-3,3
70793,75,71,4,4
70794,88,93,-5,5
70795,104,108,-4,4
70796,70,69,1,1
70797,83,90,-7,7
70798,108,99,9,9
70799,84,79,5,5
70800,91,97,-6,6
70801,115,111,4,4
70802,80,85,-5,5
70803,122,121,1,1
70804,116,113,3,3
70805,119,111,8,8
70806,105,106,-1,1
70807,80,87,-7,7
70808,63,82,-19,19
70809,108,114,-6,6
70810,73,70,3,3
70811,116,119,-3,3
70812,101,94,7,7
70813,78,80,-2,2
70814,137,135,2,2
70815,94,99,-5,5
70816,63,62,1,1
70817,122,129,-7,7
70818,145,132,13,13
70819,110,101,9,9
70820,86,78,8,8
70821,160,150,10,10
70822,149,135,14,14
70823,93,87,6,6
70824,77,68,9,9
70825,43,62,-19,19
70826,85,94,-9,9
70827,85,79,6,6
70828,71,67,4,4
70829,68,76,-8,8
70830,85,91,-6,6
70831,74,83,-9,9
70832,152,162,-10,10
70833,161,141,20,20
70834,130,129,1,1
70835,83,77,6,6
70836,102,102,0,0
70837,96,104,-8,8
70838,111,113,-2,2
70839,41,63,-22,22
70840,54,60,-6,6
70841,119,112,7,7
70842,89,74,15,15
70843,105,98,7,7
70844,163,149,14,14
70845,102,100,2,2
70846,90,91,-1,1
70847,52,64,-12,12
70848,61,62,-1,1
70849,84,96,-12,12
70850,87,93,-6,6
70851,56,70,-14,14
70852,86,98,-12,12
70853,153,137,16,16
70854,130,127,3,3
70855,171,151,20,20
70856,81,83,-2,2
70857,76,71,5,5
70858,82,91,-9,9
70859,114,120,-6,6
70860,103,106,-3,3
70861,98,99,-1,1
70862,130,124,6,6
70863,145,128,17,17
70864,66,81,-15,15
70865,136,111,25,25
70866,96,120,-24,24
70867,35,62,-27,27
70868,77,74,3,3
70869,108,107,1,1
70870,91,107,-16,16
70871,68,73,-5,5
70872,114,113,1,1
70873,38,61,-23,23
70874,123,108,15,15
70875,81,81,0,0
70876,96,91,5,5
70877,89,95,-6,6
70878,129,140,-11,11
70879,93,96,-3,3
70880,57,63,-6,6
70881,81,79,2,2
70882,137,125,12,12
70883,83,74,9,9
70884,97,98,-1,1
70885,100,105,-5,5
70886,83,91,-8,8
70887,94,89,5,5
70888,87,101,-14,14
70889,154,147,7,7
70890,126,114,12,12
70891,74,72,2,2
70892,87,97,-10,10
70893,62,70,-8,8
70894,61,60,1,1
70895,94,83,11,11
70896,91,90,1,1
70897,67,66,1,1
70898,87,82,5,5
70899,58,66,-8,8
70900,126,119,7,7
70901,102,99,3,3
70902,97,100,-3,3
70903,60,63,-3,3
70904,84,90,-6,6
70905,168,150,18,18
70906,89,92,-3,3
70907,60,61,-1,1
70908,99,103,-4,4
70909,119,114,5,5
70910,90,93,-3,3
70911,150,144,6,6
70912,95,97,-2,2
70913,79,83,-4,4
70914,45,62,-17,17
70915,101,97,4,4
70916,123,121,2,2
70917,145,137,8,8
70918,56,63,-7,7
70919,83,90,-7,7
70920,48,63,-15,15
70921,65,61,4,4
70922,102,106,-4,4
70923,75,74,1,1
70924,194,197,-3,3
70925,55,63,-8,8
70926,61,60,1,1
70927,97,95,2,2
70928,123,123,0,0
70929,47,62,-15,15
70930,99,111,-12,12
70931,88,91,-3,3
70932,65,64,1,1
70933,71,70,1,1
70934,140,132,8,8
70935,113,109,4,4
70936,70,77,-7,7
70937,123,119,4,4
70938,113,102,11,11
70939,170,149,21,21
70940,101,105,-4,4
70941,113,103,10,10
70942,102,100,2,2
70943,74,80,-6,6
70944,73,87,-14,14
70945,90,99,-9,9
70946,62,63,-1,1
70947,104,121,-17,17
70948,119,118,1,1
70949,71,65,6,6
70950,129,132,-3,3
70951,48,62,-14,14
70952,149,149,0,0
70953,63,60,3,3
70954,115,112,3,3
70955,110,114,-4,4
70956,93,121,-28,28
70957,100,101,-1,1
70958,90,93,-3,3
70959,46,61,-15,15
70960,126,120,6,6
70961,99,100,-1,1
70962,65,63,2,2
70963,77,73,4,4
70964,70,65,5,5
70965,82,95,-13,13
70966,91,98,-7,7
70967,142,129,13,13
70968,73,66,7,7
70969,146,135,11,11
70970,106,105,1,1
70971,185,173,12,12
70972,72,74,-2,2
70973,119,109,10,10
70974,56,63,-7,7
70975,110,103,7,7
70976,94,94,0,0
70977,79,91,-12,12
70978,50,62,-12,12
70979,86,89,-3,3
70980,73,73,0,0
70981,81,84,-3,3
70982,68,71,-3,3
70983,69,73,-4,4
70984,135,121,14,14
70985,162,160,2,2
70986,107,100,7,7
70987,74,78,-4,4
70988,61,65,-4,4
70989,101,94,7,7
70990,70,65,5,5
70991,101,122,-21,21
70992,61,62,-1,1
70993,103,103,0,0
70994,47,110,-63,63
70995,87,91,-4,4
70996,73,75,-2,2
70997,100,91,9,9
70998,97,90,7,7
70999,75,85,-10,10
71000,77,75,2,2
71001,59,63,-4,4
71002,136,136,0,0
71003,44,62,-18,18
71004,149,139,10,10
71005,85,92,-7,7
71006,132,127,5,5
71007,54,62,-8,8
71008,98,95,3,3
71009,102,107,-5,5
71010,122,116,6,6
71011,70,67,3,3
71012,121,140,-19,19
71013,86,91,-5,5
71014,99,98,1,1
71015,71,67,4,4
71016,113,106,7,7
71017,100,104,-4,4
71018,61,63,-2,2
71019,69,71,-2,2
71020,103,112,-9,9
71021,122,136,-14,14
71022,90,85,5,5
71023,113,102,11,11
71024,99,108,-9,9
71025,100,96,4,4
71026,77,82,-5,5
71027,84,80,4,4
71028,101,99,2,2
71029,86,89,-3,3
71030,43,62,-19,19
71031,73,77,-4,4
71032,128,118,10,10
71033,81,70,11,11
71034,67,62,5,5
71035,137,125,12,12
71036,77,74,3,3
71037,52,63,-11,11
71038,103,109,-6,6
71039,107,105,2,2
71040,101,95,6,6
71041,80,83,-3,3
71042,114,111,3,3
71043,112,114,-2,2
71044,118,105,13,13
71045,110,109,1,1
71046,88,88,0,0
71047,63,92,-29,29
71048,125,122,3,3
71049,126,112,14,14
71050,68,80,-12,12
71051,59,62,-3,3
71052,69,70,-1,1
71053,90,81,9,9
71054,108,111,-3,3
71055,80,87,-7,7
71056,63,64,-1,1
71057,52,61,-9,9
71058,72,78,-6,6
71059,76,80,-4,4
71060,92,93,-1,1
71061,133,150,-17,17
71062,65,69,-4,4
71063,69,67,2,2
71064,121,109,12,12
71065,92,89,3,3
71066,67,74,-7,7
71067,134,123,11,11
71068,81,73,8,8
71069,68,81,-13,13
71070,67,69,-2,2
71071,52,62,-10,10
71072,107,108,-1,1
71073,120,112,8,8
71074,133,126,7,7
71075,150,132,18,18
71076,124,135,-11,11
71077,86,92,-6,6
71078,29,62,-33,33
71079,170,149,21,21
71080,88,96,-8,8
71081,158,144,14,14
71082,58,63,-5,5
71083,129,120,9,9
71084,94,95,-1,1
71085,116,112,4,4
71086,159,148,11,11
71087,86,83,3,3
71088,174,172,2,2
71089,104,98,6,6
71090,90,79,11,11
71091,101,99,2,2
71092,107,111,-4,4
71093,133,119,14,14
71094,70,64,6,6
71095,100,99,1,1
71096,174,163,11,11
71097,41,60,-19,19
71098,85,91,-6,6
71099,76,77,-1,1
71100,73,76,-3,3
71101,131,124,7,7
71102,83,84,-1,1
71103,88,97,-9,9
71104,128,124,4,4
71105,86,92,-6,6
71106,163,152,11,11
71107,104,105,-1,1
71108,50,60,-10,10
71109,114,100,14,14
71110,108,110,-2,2
71111,72,75,-3,3
71112,63,66,-3,3
71113,51,60,-9,9
71114,94,94,0,0
71115,76,67,9,9
71116,39,62,-23,23
71117,100,104,-4,4
71118,64,63,1,1
71119,87,90,-3,3
71120,112,106,6,6
71121,105,105,0,0
71122,84,93,-9,9
71123,135,126,9,9
71124,66,61,5,5
71125,164,151,13,13
71126,53,60,-7,7
71127,131,117,14,14
71128,97,96,1,1
71129,44,61,-17,17
71130,85,91,-6,6
71131,58,62,-4,4
71132,105,112,-7,7
71133,51,61,-10,10
71134,67,66,1,1
71135,82,96,-14,14
71136,100,94,6,6
71137,154,135,19,19
71138,89,96,-7,7
71139,88,83,5,5
71140,104,95,9,9
71141,82,72,10,10
71142,97,98,-1,1
71143,87,103,-16,16
71144,71,62,9,9
71145,87,96,-9,9
71146,71,67,4,4
71147,168,151,17,17
71148,124,113,11,11
71149,75,65,10,10
71150,137,109,28,28
71151,131,120,11,11
71152,161,157,4,4
71153,80,74,6,6
71154,109,107,2,2
71155,65,64,1,1
71156,152,146,6,6
71157,120,111,9,9
71158,116,118,-2,2
71159,82,101,-19,19
71160,214,186,28,28
71161,75,75,0,0
71162,95,88,7,7
71163,120,112,8,8
71164,126,124,2,2
71165,112,108,4,4
71166,115,123,-8,8
71167,94,94,0,0
71168,84,91,-7,7
71169,99,103,-4,4
71170,69,70,-1,1
71171,62,60,2,2
71172,106,107,-1,1
71173,110,102,8,8
71174,78,82,-4,4
71175,161,178,-17,17
71176,140,107,33,33
71177,83,100,-17,17
71178,110,103,7,7
71179,50,61,-11,11
71180,160,139,21,21
71181,93,90,3,3
71182,161,150,11,11
71183,37,62,-25,25
71184,58,62,-4,4
71185,109,121,-12,12
71186,99,104,-5,5
71187,124,141,-17,17
71188,65,60,5,5
71189,113,109,4,4
71190,114,124,-10,10
71191,127,114,13,13
71192,99,96,3,3
71193,83,84,-1,1
71194,74,79,-5,5
71195,112,116,-4,4
71196,76,72,4,4
71197,86,83,3,3
71198,59,66,-7,7
71199,185,159,26,26
71200,113,96,17,17
71201,90,92,-2,2
71202,60,66,-6,6
71203,136,116,20,20
71204,94,107,-13,13
71205,100,97,3,3
71206,93,94,-1,1
71207,80,85,-5,5
71208,138,119,19,19
71209,123,115,8,8
71210,84,85,-1,1
71211,96,102,-6,6
71212,123,119,4,4
71213,46,98,-52,52
71214,54,63,-9,9
71215,135,129,6,6
71216,135,135,0,0
71217,79,85,-6,6
71218,127,117,10,10
71219,75,79,-4,4
71220,43,61,-18,18
71221,107,94,13,13
71222,86,81,5,5
71223,114,113,1,1
71224,56,63,-7,7
71225,80,79,1,1
71226,86,84,2,2
71227,62,62,0,0
71228,78,68,10,10
71229,158,161,-3,3
71230,96,116,-20,20
71231,88,91,-3,3
71232,62,62,0,0
71233,116,106,10,10
71234,103,121,-18,18
71235,108,118,-10,10
71236,96,100,-4,4
71237,65,68,-3,3
71238,64,68,-4,4
71239,136,124,12,12
71240,92,99,-7,7
71241,66,60,6,6
71242,106,108,-2,2
71243,168,152,16,16
71244,91,94,-3,3
71245,90,99,-9,9
71246,83,86,-3,3
71247,198,182,16,16
71248,98,99,-1,1
71249,116,100,16,16
71250,77,84,-7,7
71251,95,97,-2,2
71252,113,110,3,3
71253,102,100,2,2
71254,54,62,-8,8
71255,138,138,0,0
71256,76,78,-2,2
71257,58,62,-4,4
71258,74,70,4,4
71259,93,102,-9,9
71260,56,76,-20,20
71261,139,141,-2,2
71262,169,163,6,6
71263,131,125,6,6
71264,64,61,3,3
71265,89,97,-8,8
71266,111,113,-2,2
71267,149,138,11,11
71268,86,83,3,3
71269,67,120,-53,53
71270,54,62,-8,8
71271,47,61,-14,14
71272,43,59,-16,16
71273,90,94,-4,4
71274,139,122,17,17
71275,62,65,-3,3
71276,67,75,-8,8
71277,75,78,-3,3
71278,87,89,-2,2
71279,82,81,1,1
71280,41,62,-21,21
71281,86,91,-5,5
71282,151,131,20,20
71283,87,88,-1,1
71284,107,107,0,0
71285,67,64,3,3
71286,90,100,-10,10
71287,133,127,6,6
71288,42,62,-20,20
71289,124,111,13,13
71290,66,63,3,3
71291,74,78,-4,4
71292,54,63,-9,9
71293,123,116,7,7
71294,137,131,6,6
71295,67,63,4,4
71296,113,117,-4,4
71297,103,96,7,7
71298,161,141,20,20
71299,114,105,9,9
71300,112,131,-19,19
71301,103,108,-5,5
71302,112,114,-2,2
71303,123,129,-6,6
71304,65,68,-3,3
71305,97,94,3,3
71306,68,62,6,6
71307,69,87,-18,18
71308,69,63,6,6
71309,143,130,13,13
71310,107,105,2,2
71311,59,89,-30,30
71312,125,117,8,8
71313,57,64,-7,7
71314,108,111,-3,3
71315,86,90,-4,4
71316,98,98,0,0
71317,82,83,-1,1
71318,87,119,-32,32
71319,65,69,-4,4
71320,96,92,4,4
71321,60,61,-1,1
71322,77,77,0,0
71323,81,79,2,2
71324,147,136,11,11
71325,75,69,6,6
71326,75,69,6,6
71327,85,96,-11,11
71328,94,95,-1,1
71329,158,149,9,9
71330,103,86,17,17
71331,125,112,13,13
71332,119,140,-21,21
71333,109,104,5,5
71334,64,60,4,4
71335,74,77,-3,3
71336,33,61,-28,28
71337,104,100,4,4
71338,73,92,-19,19
71339,148,124,24,24
71340,57,64,-7,7
71341,62,60,2,2
71342,143,135,8,8
71343,96,110,-14,14
71344,61,64,-3,3
71345,126,120,6,6
71346,66,87,-21,21
71347,97,103,-6,6
71348,58,61,-3,3
71349,85,90,-5,5
71350,207,183,24,24
71351,114,112,2,2
71352,105,103,2,2
71353,92,95,-3,3
71354,80,82,-2,2
71355,97,115,-18,18
71356,93,97,-4,4
71357,55,62,-7,7
71358,89,91,-2,2
71359,116,113,3,3
71360,98,99,-1,1
71361,79,72,7,7
71362,127,123,4,4
71363,112,115,-3,3
71364,131,114,17,17
71365,92,96,-4,4
71366,81,81,0,0
71367,236,208,28,28
71368,110,119,-9,9
71369,66,76,-10,10
71370,100,107,-7,7
71371,98,101,-3,3
71372,118,110,8,8
71373,91,102,-11,11
71374,162,137,25,25
71375,77,72,5,5
71376,67,68,-1,1
71377,131,126,5,5
71378,103,105,-2,2
71379,57,62,-5,5
71380,93,87,6,6
71381,72,82,-10,10
71382,67,64,3,3
71383,49,62,-13,13
71384,72,68,4,4
71385,56,60,-4,4
71386,154,178,-24,24
71387,72,82,-10,10
71388,44,58,-14,14
71389,97,100,-3,3
71390,173,140,33,33
71391,151,140,11,11
71392,92,86,6,6
71393,41,60,-19,19
71394,101,104,-3,3
71395,151,134,17,17
71396,112,101,11,11
71397,82,87,-5,5
71398,147,133,14,14
71399,104,93,11,11
71400,156,139,17,17
71401,69,66,3,3
71402,88,92,-4,4
71403,49,63,-14,14
71404,72,71,1,1
71405,87,91,-4,4
71406,83,78,5,5
71407,78,67,11,11
71408,109,113,-4,4
71409,118,124,-6,6
71410,146,198,-52,52
71411,95,92,3,3
71412,139,127,12,12
71413,112,116,-4,4
71414,74,84,-10,10
71415,101,106,-5,5
71416,69,68,1,1
71417,60,62,-2,2
71418,52,61,-9,9
71419,70,71,-1,1
71420,52,61,-9,9
71421,93,99,-6,6
71422,75,77,-2,2
71423,50,65,-15,15
71424,64,64,0,0
71425,167,145,22,22
71426,59,61,-2,2
71427,117,117,0,0
71428,97,97,0,0
71429,93,100,-7,7
71430,70,74,-4,4
71431,91,86,5,5
71432,52,61,-9,9
71433,97,105,-8,8
71434,66,59,7,7
71435,91,92,-1,1
71436,72,116,-44,44
71437,113,107,6,6
71438,91,91,0,0
71439,50,63,-13,13
71440,85,106,-21,21
71441,167,166,1,1
71442,78,83,-5,5
71443,149,135,14,14
71444,102,96,6,6
71445,116,112,4,4
71446,69,81,-12,12
71447,63,62,1,1
71448,108,111,-3,3
71449,81,77,4,4
71450,82,82,0,0
71451,113,113,0,0
71452,83,85,-2,2
71453,97,94,3,3
71454,78,95,-17,17
71455,102,102,0,0
71456,109,119,-10,10
71457,64,89,-25,25
71458,98,98,0,0
71459,156,136,20,20
71460,126,121,5,5
71461,90,94,-4,4
71462,122,116,6,6
71463,67,70,-3,3
71464,60,62,-2,2
71465,60,64,-4,4
71466,73,69,4,4
71467,135,136,-1,1
71468,116,111,5,5
71469,92,94,-2,2
71470,116,113,3,3
71471,76,73,3,3
71472,137,130,7,7
71473,38,61,-23,23
71474,212,194,18,18
71475,115,111,4,4
71476,170,155,15,15
71477,140,149,-9,9
71478,194,158,36,36
71479,119,113,6,6
71480,46,62,-16,16
71481,67,64,3,3
71482,114,109,5,5
71483,107,124,-17,17
71484,83,102,-19,19
71485,103,98,5,5
71486,75,88,-13,13
71487,117,159,-42,42
71488,59,62,-3,3
71489,68,98,-30,30
71490,117,121,-4,4
71491,142,131,11,11
71492,50,59,-9,9
71493,72,75,-3,3
71494,114,121,-7,7
71495,161,154,7,7
71496,104,104,0,0
71497,241,220,21,21
71498,72,75,-3,3
71499,89,96,-7,7
71500,76,79,-3,3
71501,97,101,-4,4
71502,93,89,4,4
71503,73,62,11,11
71504,67,61,6,6
71505,89,96,-7,7
71506,91,96,-5,5
71507,112,111,1,1
71508,156,151,5,5
71509,59,64,-5,5
71510,71,79,-8,8
71511,35,62,-27,27
71512,60,63,-3,3
71513,151,149,2,2
71514,83,91,-8,8
71515,114,118,-4,4
71516,66,61,5,5
71517,68,70,-2,2
71518,128,120,8,8
71519,168,142,26,26
71520,84,86,-2,2
71521,87,95,-8,8
71522,94,94,0,0
71523,44,61,-17,17
71524,93,99,-6,6
71525,135,119,16,16
71526,80,75,5,5
71527,105,98,7,7
71528,86,92,-6,6
71529,115,116,-1,1
71530,183,162,21,21
71531,120,112,8,8
71532,25,60,-35,35
71533,53,62,-9,9
71534,131,112,19,19
71535,164,149,15,15
71536,74,75,-1,1
71537,125,118,7,7
71538,91,102,-11,11
71539,106,95,11,11
71540,95,95,0,0
71541,75,69,6,6
71542,114,107,7,7
71543,70,62,8,8
71544,89,88,1,1
71545,37,63,-26,26
71546,90,91,-1,1
71547,60,62,-2,2
71548,106,108,-2,2
71549,59,65,-6,6
71550,114,121,-7,7
71551,69,68,1,1
71552,96,102,-6,6
71553,90,122,-32,32
71554,132,136,-4,4
71555,117,117,0,0
71556,78,82,-4,4
71557,63,67,-4,4
71558,96,106,-10,10
71559,132,106,26,26
71560,83,82,1,1
71561,114,108,6,6
71562,109,105,4,4
71563,97,94,3,3
71564,81,84,-3,3
71565,95,96,-1,1
71566,82,90,-8,8
71567,127,126,1,1
71568,108,111,-3,3
71569,91,107,-16,16
71570,87,88,-1,1
71571,92,92,0,0
71572,165,157,8,8
71573,85,88,-3,3
71574,50,60,-10,10
71575,62,62,0,0
71576,97,98,-1,1
71577,87,93,-6,6
71578,66,64,2,2
71579,76,71,5,5
71580,75,82,-7,7
71581,172,167,5,5
71582,45,62,-17,17
71583,86,92,-6,6
71584,73,84,-11,11
71585,189,157,32,32
71586,65,69,-4,4
71587,76,74,2,2
71588,95,97,-2,2
71589,95,92,3,3
71590,87,92,-5,5
71591,108,109,-1,1
71592,91,89,2,2
71593,69,76,-7,7
71594,141,145,-4,4
71595,75,78,-3,3
71596,82,91,-9,9
71597,55,62,-7,7
71598,55,65,-10,10
71599,121,117,4,4
71600,55,60,-5,5
71601,131,118,13,13
71602,111,104,7,7
71603,52,62,-10,10
71604,141,127,14,14
71605,82,92,-10,10
71606,49,62,-13,13
71607,67,84,-17,17
71608,65,66,-1,1
71609,116,116,0,0
71610,112,113,-1,1
71611,117,112,5,5
71612,137,129,8,8
71613,95,103,-8,8
71614,59,64,-5,5
71615,84,95,-11,11
71616,89,79,10,10
71617,137,131,6,6
71618,194,166,28,28
71619,144,139,5,5
71620,106,99,7,7
71621,122,108,14,14
71622,67,76,-9,9
71623,104,108,-4,4
71624,114,111,3,3
71625,84,98,-14,14
71626,49,63,-14,14
71627,232,189,43,43
71628,79,73,6,6
71629,101,106,-5,5
71630,105,104,1,1
71631,104,105,-1,1
71632,221,185,36,36
71633,124,118,6,6
71634,154,139,15,15
71635,110,106,4,4
71636,75,78,-3,3
71637,175,160,15,15
71638,162,157,5,5
71639,169,143,26,26
71640,82,111,-29,29
71641,69,69,0,0
71642,63,64,-1,1
71643,101,105,-4,4
71644,59,62,-3,3
71645,123,124,-1,1
71646,105,110,-5,5
71647,99,93,6,6
71648,58,64,-6,6
71649,103,99,4,4
71650,77,89,-12,12
71651,64,61,3,3
71652,49,60,-11,11
71653,96,100,-4,4
71654,78,75,3,3
71655,124,128,-4,4
71656,66,103,-37,37
71657,163,146,17,17
71658,140,150,-10,10
71659,77,88,-11,11
71660,55,64,-9,9
71661,64,61,3,3
71662,73,96,-23,23
71663,86,92,-6,6
71664,87,93,-6,6
71665,80,86,-6,6
71666,74,83,-9,9
71667,69,64,5,5
71668,118,116,2,2
71669,74,82,-8,8
71670,162,149,13,13
71671,63,68,-5,5
71672,88,89,-1,1
71673,105,109,-4,4
71674,70,60,10,10
71675,86,93,-7,7
71676,82,81,1,1
71677,181,175,6,6
71678,60,63,-3,3
71679,139,136,3,3
71680,45,61,-16,16
71681,84,89,-5,5
71682,87,85,2,2
71683,94,86,8,8
71684,94,95,-1,1
71685,102,120,-18,18
71686,82,83,-1,1
71687,102,92,10,10
71688,51,62,-11,11
71689,91,94,-3,3
71690,92,95,-3,3
71691,119,117,2,2
71692,98,104,-6,6
71693,92,91,1,1
71694,144,132,12,12
71695,117,119,-2,2
71696,61,62,-1,1
71697,55,59,-4,4
71698,89,90,-1,1
71699,83,90,-7,7
71700,122,111,11,11
71701,101,104,-3,3
71702,71,73,-2,2
71703,183,173,10,10
71704,79,89,-10,10
71705,68,82,-14,14
71706,124,120,4,4
71707,96,94,2,2
71708,82,79,3,3
71709,99,108,-9,9
71710,145,128,17,17
71711,143,141,2,2
71712,131,130,1,1
71713,83,81,2,2
71714,118,132,-14,14
71715,65,68,-3,3
71716,52,63,-11,11
71717,78,72,6,6
71718,76,76,0,0
71719,142,130,12,12
71720,90,89,1,1
71721,64,67,-3,3
71722,70,70,0,0
71723,81,95,-14,14
71724,155,143,12,12
71725,94,112,-18,18
71726,64,60,4,4
71727,83,81,2,2
71728,112,112,0,0
71729,112,97,15,15
71730,132,125,7,7
71731,84,79,5,5
71732,63,64,-1,1
71733,78,89,-11,11
71734,143,131,12,12
71735,71,73,-2,2
71736,94,94,0,0
71737,75,75,0,0
71738,54,65,-11,11
71739,81,69,12,12
71740,72,80,-8,8
71741,95,92,3,3
71742,136,122,14,14
71743,89,86,3,3
71744,66,69,-3,3
71745,95,93,2,2
71746,85,87,-2,2
71747,114,113,1,1
71748,70,68,2,2
71749,70,89,-19,19
71750,115,115,0,0
71751,139,133,6,6
71752,104,101,3,3
71753,65,64,1,1
71754,145,130,15,15
71755,108,102,6,6
71756,81,87,-6,6
71757,85,73,12,12
71758,59,67,-8,8
71759,146,147,-1,1
71760,89,103,-14,14
71761,94,96,-2,2
71762,82,83,-1,1
71763,58,62,-4,4
71764,78,77,1,1
71765,92,88,4,4
71766,65,61,4,4
71767,100,95,5,5
71768,126,117,9,9
71769,115,105,10,10
71770,64,64,0,0
71771,67,73,-6,6
71772,114,111,3,3
71773,73,70,3,3
71774,86,84,2,2
71775,92,86,6,6
71776,393,396,-3,3
71777,121,130,-9,9
71778,77,86,-9,9
71779,106,101,5,5
71780,81,83,-2,2
71781,99,99,0,0
71782,150,148,2,2
71783,98,99,-1,1
71784,107,110,-3,3
71785,59,61,-2,2
71786,53,60,-7,7
71787,99,96,3,3
71788,138,132,6,6
71789,58,62,-4,4
71790,85,85,0,0
71791,129,117,12,12
71792,60,61,-1,1
71793,67,63,4,4
71794,107,102,5,5
71795,42,59,-17,17
71796,73,70,3,3
71797,81,92,-11,11
71798,154,129,25,25
71799,84,81,3,3
71800,67,69,-2,2
71801,62,61,1,1
71802,93,91,2,2
71803,119,109,10,10
71804,112,107,5,5
71805,146,138,8,8
71806,45,61,-16,16
71807,127,118,9,9
71808,87,91,-4,4
71809,122,119,3,3
71810,83,77,6,6
71811,116,108,8,8
71812,95,102,-7,7
71813,101,104,-3,3
71814,132,130,2,2
71815,116,106,10,10
71816,79,70,9,9
71817,94,96,-2,2
71818,131,119,12,12
71819,61,62,-1,1
71820,66,65,1,1
71821,78,88,-10,10
71822,145,157,-12,12
71823,166,160,6,6
71824,88,82,6,6
71825,99,94,5,5
71826,85,93,-8,8
71827,62,64,-2,2
71828,85,92,-7,7
71829,103,101,2,2
71830,123,146,-23,23
71831,43,62,-19,19
71832,89,100,-11,11
71833,61,62,-1,1
71834,65,64,1,1
71835,81,82,-1,1
71836,77,70,7,7
71837,118,113,5,5
71838,53,62,-9,9
71839,90,87,3,3
71840,101,113,-12,12
71841,88,92,-4,4
71842,136,134,2,2
71843,142,139,3,3
71844,79,69,10,10
71845,124,121,3,3
71846,69,66,3,3
71847,55,61,-6,6
71848,84,89,-5,5
71849,34,63,-29,29
71850,86,80,6,6
71851,67,76,-9,9
71852,234,203,31,31
71853,175,163,12,12
71854,50,62,-12,12
71855,75,68,7,7
71856,61,65,-4,4
71857,103,99,4,4
71858,59,62,-3,3
71859,83,96,-13,13
71860,50,62,-12,12
71861,89,94,-5,5
71862,65,70,-5,5
71863,140,123,17,17
71864,158,147,11,11
71865,113,120,-7,7
71866,118,121,-3,3
71867,172,149,23,23
71868,119,121,-2,2
71869,106,106,0,0
71870,146,140,6,6
71871,72,72,0,0
71872,84,85,-1,1
71873,78,83,-5,5
71874,58,62,-4,4
71875,85,77,8,8
71876,137,125,12,12
71877,86,114,-28,28
71878,78,68,10,10
71879,88,94,-6,6
71880,108,105,3,3
71881,104,96,8,8
71882,77,93,-16,16
71883,101,110,-9,9
71884,109,109,0,0
71885,84,88,-4,4
71886,70,64,6,6
71887,134,137,-3,3
71888,51,61,-10,10
71889,128,123,5,5
71890,103,113,-10,10
71891,76,77,-1,1
71892,101,111,-10,10
71893,92,95,-3,3
71894,72,76,-4,4
71895,68,70,-2,2
71896,84,92,-8,8
71897,88,93,-5,5
71898,119,125,-6,6
71899,56,63,-7,7
71900,31,61,-30,30
71901,91,96,-5,5
71902,163,150,13,13
71903,124,112,12,12
71904,71,66,5,5
71905,101,98,3,3
71906,112,141,-29,29
71907,103,103,0,0
71908,74,71,3,3
71909,57,64,-7,7
71910,137,130,7,7
71911,124,110,14,14
71912,77,94,-17,17
71913,83,84,-1,1
71914,66,84,-18,18
71915,110,100,10,10
71916,65,67,-2,2
71917,98,112,-14,14
71918,87,89,-2,2
71919,90,85,5,5
71920,140,134,6,6
71921,116,113,3,3
71922,128,116,12,12
71923,73,71,2,2
71924,155,173,-18,18
71925,96,104,-8,8
71926,115,117,-2,2
71927,63,64,-1,1
71928,57,61,-4,4
71929,113,117,-4,4
71930,104,97,7,7
71931,53,61,-8,8
71932,62,62,0,0
71933,53,62,-9,9
71934,71,68,3,3
71935,76,77,-1,1
71936,117,111,6,6
71937,57,64,-7,7
71938,79,67,12,12
71939,69,90,-21,21
71940,78,73,5,5
71941,40,61,-21,21
71942,58,71,-13,13
71943,105,96,9,9
71944,87,100,-13,13
71945,118,103,15,15
71946,101,113,-12,12
71947,32,62,-30,30
71948,75,77,-2,2
71949,112,110,2,2
71950,112,102,10,10
71951,124,128,-4,4
71952,68,68,0,0
71953,72,66,6,6
71954,52,61,-9,9
71955,84,80,4,4
71956,78,71,7,7
71957,106,94,12,12
71958,126,124,2,2
71959,103,105,-2,2
71960,110,116,-6,6
71961,91,82,9,9
71962,149,131,18,18
71963,55,62,-7,7
71964,113,107,6,6
71965,72,69,3,3
71966,79,87,-8,8
71967,125,118,7,7
71968,126,115,11,11
71969,156,161,-5,5
71970,69,70,-1,1
71971,59,61,-2,2
71972,92,113,-21,21
71973,65,65,0,0
71974,94,99,-5,5
71975,76,92,-16,16
71976,145,136,9,9
71977,141,139,2,2
71978,71,72,-1,1
71979,91,92,-1,1
71980,56,62,-6,6
71981,107,114,-7,7
71982,73,65,8,8
71983,120,128,-8,8
71984,109,87,22,22
71985,125,115,10,10
71986,80,78,2,2
71987,55,62,-7,7
71988,92,96,-4,4
71989,125,121,4,4
71990,74,72,2,2
71991,65,73,-8,8
71992,85,91,-6,6
71993,41,59,-18,18
71994,73,83,-10,10
71995,133,112,21,21
71996,48,61,-13,13
71997,81,83,-2,2
71998,109,119,-10,10
71999,98,98,0,0
72000,123,117,6,6
72001,103,107,-4,4
72002,79,78,1,1
72003,60,67,-7,7
72004,93,94,-1,1
72005,162,133,29,29
72006,121,113,8,8
72007,113,120,-7,7
72008,64,65,-1,1
72009,61,67,-6,6
72010,110,106,4,4
72011,106,101,5,5
72012,111,104,7,7
72013,72,82,-10,10
72014,50,62,-12,12
72015,58,61,-3,3
72016,112,121,-9,9
72017,86,101,-15,15
72018,77,72,5,5
72019,116,112,4,4
72020,77,82,-5,5
72021,156,135,21,21
72022,94,98,-4,4
72023,152,137,15,15
72024,153,142,11,11
72025,91,95,-4,4
72026,114,107,7,7
72027,54,62,-8,8
72028,68,65,3,3
72029,108,131,-23,23
72030,144,133,11,11
72031,122,112,10,10
72032,94,100,-6,6
72033,100,97,3,3
72034,63,66,-3,3
72035,109,104,5,5
72036,92,80,12,12
72037,104,99,5,5
72038,80,69,11,11
72039,83,87,-4,4
72040,115,119,-4,4
72041,149,147,2,2
72042,111,112,-1,1
72043,64,70,-6,6
72044,117,105,12,12
72045,68,69,-1,1
72046,98,96,2,2
72047,58,60,-2,2
72048,109,101,8,8
72049,84,84,0,0
72050,59,65,-6,6
72051,122,119,3,3
72052,67,70,-3,3
72053,74,64,10,10
72054,65,67,-2,2
72055,95,93,2,2
72056,90,95,-5,5
72057,71,70,1,1
72058,46,62,-16,16
72059,37,62,-25,25
72060,128,119,9,9
72061,110,108,2,2
72062,98,106,-8,8
72063,55,61,-6,6
72064,118,109,9,9
72065,28,62,-34,34
72066,164,154,10,10
72067,97,100,-3,3
72068,149,131,18,18
72069,100,96,4,4
72070,102,110,-8,8
72071,99,100,-1,1
72072,170,144,26,26
72073,124,124,0,0
72074,109,117,-8,8
72075,146,132,14,14
72076,170,163,7,7
72077,85,66,19,19
72078,106,101,5,5
72079,96,99,-3,3
72080,105,107,-2,2
72081,116,103,13,13
72082,61,64,-3,3
72083,114,114,0,0
72084,105,102,3,3
72085,163,169,-6,6
72086,50,62,-12,12
72087,141,119,22,22
72088,79,92,-13,13
72089,129,119,10,10
72090,82,83,-1,1
72091,61,62,-1,1
72092,69,70,-1,1
72093,62,74,-12,12
72094,93,95,-2,2
72095,92,103,-11,11
72096,91,104,-13,13
72097,45,61,-16,16
72098,167,150,17,17
72099,71,70,1,1
72100,43,57,-14,14
72101,122,134,-12,12
72102,73,62,11,11
72103,99,97,2,2
72104,82,79,3,3
72105,119,107,12,12
72106,135,118,17,17
72107,46,61,-15,15
72108,102,97,5,5
72109,66,65,1,1
72110,159,159,0,0
72111,93,97,-4,4
72112,93,85,8,8
72113,71,66,5,5
72114,106,90,16,16
72115,99,95,4,4
72116,145,150,-5,5
72117,102,113,-11,11
72118,146,144,2,2
72119,129,125,4,4
72120,105,113,-8,8
72121,119,110,9,9
72122,49,62,-13,13
72123,114,108,6,6
72124,137,130,7,7
72125,84,87,-3,3
72126,63,63,0,0
72127,120,109,11,11
72128,63,62,1,1
72129,153,135,18,18
72130,73,83,-10,10
72131,110,105,5,5
72132,178,164,14,14
72133,73,106,-33,33
72134,80,74,6,6
72135,98,97,1,1
72136,122,119,3,3
72137,122,120,2,2
72138,95,98,-3,3
72139,100,104,-4,4
72140,107,110,-3,3
72141,86,76,10,10
72142,62,61,1,1
72143,77,76,1,1
72144,49,62,-13,13
72145,68,74,-6,6
72146,25,63,-38,38
72147,83,77,6,6
72148,54,62,-8,8
72149,122,119,3,3
72150,115,126,-11,11
72151,92,85,7,7
72152,120,130,-10,10
72153,161,150,11,11
72154,100,112,-12,12
72155,127,124,3,3
72156,56,64,-8,8
72157,120,115,5,5
72158,319,292,27,27
72159,161,140,21,21
72160,120,110,10,10
72161,119,107,12,12
72162,119,105,14,14
72163,155,134,21,21
72164,90,98,-8,8
72165,43,62,-19,19
72166,67,63,4,4
72167,75,65,10,10
72168,86,86,0,0
72169,107,106,1,1
72170,109,106,3,3
72171,105,108,-3,3
72172,120,122,-2,2
72173,57,62,-5,5
72174,81,85,-4,4
72175,114,109,5,5
72176,101,100,1,1
72177,104,96,8,8
72178,105,96,9,9
72179,93,97,-4,4
72180,117,117,0,0
72181,93,91,2,2
72182,60,63,-3,3
72183,81,63,18,18
72184,96,96,0,0
72185,99,103,-4,4
72186,88,82,6,6
72187,113,116,-3,3
72188,91,99,-8,8
72189,142,129,13,13
72190,95,99,-4,4
72191,79,83,-4,4
72192,80,97,-17,17
72193,54,63,-9,9
72194,124,111,13,13
72195,86,95,-9,9
72196,154,129,25,25
72197,77,82,-5,5
72198,129,113,16,16
72199,196,170,26,26
72200,78,80,-2,2
72201,63,67,-4,4
72202,176,159,17,17
72203,102,101,1,1
72204,102,106,-4,4
72205,92,94,-2,2
72206,145,131,14,14
72207,64,63,1,1
72208,100,94,6,6
72209,96,111,-15,15
72210,96,90,6,6
72211,51,62,-11,11
72212,61,70,-9,9
72213,129,125,4,4
72214,196,173,23,23
72215,61,63,-2,2
72216,86,90,-4,4
72217,69,79,-10,10
72218,121,112,9,9
72219,87,96,-9,9
72220,105,98,7,7
72221,67,83,-16,16
72222,71,92,-21,21
72223,165,151,14,14
72224,132,128,4,4
72225,171,156,15,15
72226,81,78,3,3
72227,142,134,8,8
72228,75,77,-2,2
72229,102,97,5,5
72230,86,94,-8,8
72231,136,126,10,10
72232,63,63,0,0
72233,122,119,3,3
72234,89,96,-7,7
72235,97,105,-8,8
72236,67,68,-1,1
72237,105,101,4,4
72238,64,64,0,0
72239,85,99,-14,14
72240,99,103,-4,4
72241,80,67,13,13
72242,115,107,8,8
72243,65,65,0,0
72244,104,97,7,7
72245,115,117,-2,2
72246,147,137,10,10
72247,105,101,4,4
72248,141,137,4,4
72249,163,150,13,13
72250,129,116,13,13
72251,90,95,-5,5
72252,73,79,-6,6
72253,101,105,-4,4
72254,103,106,-3,3
72255,53,62,-9,9
72256,67,74,-7,7
72257,78,88,-10,10
72258,75,70,5,5
72259,76,76,0,0
72260,105,104,1,1
72261,103,97,6,6
72262,108,113,-5,5
72263,154,128,26,26
72264,84,93,-9,9
72265,125,117,8,8
72266,71,69,2,2
72267,84,93,-9,9
72268,81,82,-1,1
72269,95,99,-4,4
72270,249,204,45,45
72271,101,100,1,1
72272,69,71,-2,2
72273,109,115,-6,6
72274,76,77,-1,1
72275,92,97,-5,5
72276,56,63,-7,7
72277,85,99,-14,14
72278,51,62,-11,11
72279,117,104,13,13
72280,74,77,-3,3
72281,184,161,23,23
72282,82,91,-9,9
72283,93,102,-9,9
72284,87,82,5,5
72285,56,61,-5,5
72286,65,63,2,2
72287,95,92,3,3
72288,112,117,-5,5
72289,110,110,0,0
72290,137,132,5,5
72291,73,73,0,0
72292,128,125,3,3
72293,99,91,8,8
72294,133,126,7,7
72295,109,107,2,2
72296,74,91,-17,17
72297,99,92,7,7
72298,23,60,-37,37
72299,87,101,-14,14
72300,175,163,12,12
72301,71,82,-11,11
72302,64,70,-6,6
72303,74,89,-15,15
72304,127,121,6,6
72305,136,137,-1,1
72306,114,113,1,1
72307,143,134,9,9
72308,115,113,2,2
72309,83,93,-10,10
72310,118,114,4,4
72311,64,66,-2,2
72312,94,98,-4,4
72313,69,62,7,7
72314,142,131,11,11
72315,75,71,4,4
72316,58,61,-3,3
72317,19,61,-42,42
72318,83,88,-5,5
72319,59,63,-4,4
72320,99,100,-1,1
72321,69,73,-4,4
72322,95,92,3,3
72323,248,208,40,40
72324,129,119,10,10
72325,45,61,-16,16
72326,129,126,3,3
72327,99,97,2,2
72328,98,99,-1,1
72329,115,116,-1,1
72330,136,136,0,0
72331,111,106,5,5
72332,98,108,-10,10
72333,85,97,-12,12
72334,141,132,9,9
72335,94,103,-9,9
72336,94,99,-5,5
72337,112,118,-6,6
72338,107,116,-9,9
72339,127,124,3,3
72340,113,105,8,8
72341,131,120,11,11
72342,69,75,-6,6
72343,51,62,-11,11
72344,148,132,16,16
72345,79,66,13,13
72346,108,124,-16,16
72347,105,112,-7,7
72348,82,102,-20,20
72349,152,159,-7,7
72350,77,85,-8,8
72351,96,103,-7,7
72352,118,131,-13,13
72353,176,168,8,8
72354,161,160,1,1
72355,74,69,5,5
72356,89,109,-20,20
72357,126,131,-5,5
72358,105,107,-2,2
72359,102,101,1,1
72360,74,83,-9,9
72361,122,115,7,7
72362,80,84,-4,4
72363,75,75,0,0
72364,148,138,10,10
72365,129,123,6,6
72366,68,65,3,3
72367,74,92,-18,18
72368,96,90,6,6
72369,88,86,2,2
72370,53,68,-15,15
72371,79,78,1,1
72372,78,75,3,3
72373,69,71,-2,2
72374,134,119,15,15
72375,77,75,2,2
72376,144,126,18,18
72377,102,103,-1,1
72378,112,123,-11,11
72379,122,117,5,5
72380,87,90,-3,3
72381,111,112,-1,1
72382,102,121,-19,19
72383,73,73,0,0
72384,86,91,-5,5
72385,74,70,4,4
72386,132,122,10,10
72387,128,126,2,2
72388,130,120,10,10
72389,62,60,2,2
72390,44,62,-18,18
72391,78,82,-4,4
72392,95,95,0,0
72393,95,89,6,6
72394,116,115,1,1
72395,80,79,1,1
72396,57,63,-6,6
72397,84,99,-15,15
72398,122,114,8,8
72399,115,116,-1,1
72400,185,157,28,28
72401,144,126,18,18
72402,54,60,-6,6
72403,125,120,5,5
72404,107,114,-7,7
72405,140,144,-4,4
72406,59,60,-1,1
72407,64,65,-1,1
72408,83,90,-7,7
72409,56,62,-6,6
72410,79,70,9,9
72411,58,62,-4,4
72412,92,96,-4,4
72413,138,133,5,5
72414,110,105,5,5
72415,197,172,25,25
72416,102,100,2,2
72417,75,73,2,2
72418,127,116,11,11
72419,95,102,-7,7
72420,64,60,4,4
72421,68,73,-5,5
72422,174,158,16,16
72423,61,63,-2,2
72424,74,68,6,6
72425,106,106,0,0
72426,60,61,-1,1
72427,73,90,-17,17
72428,92,91,1,1
72429,189,157,32,32
72430,99,94,5,5
72431,147,136,11,11
72432,120,115,5,5
72433,75,75,0,0
72434,57,62,-5,5
72435,56,61,-5,5
72436,73,69,4,4
72437,67,66,1,1
72438,176,153,23,23
72439,131,128,3,3
72440,101,99,2,2
72441,77,72,5,5
72442,90,112,-22,22
72443,106,110,-4,4
72444,120,115,5,5
72445,82,79,3,3
72446,117,113,4,4
72447,57,91,-34,34
72448,57,68,-11,11
72449,104,100,4,4
72450,85,85,0,0
72451,112,110,2,2
72452,89,94,-5,5
72453,88,103,-15,15
72454,87,81,6,6
72455,103,121,-18,18
72456,151,131,20,20
72457,92,96,-4,4
72458,98,94,4,4
72459,63,77,-14,14
72460,88,93,-5,5
72461,85,84,1,1
72462,29,63,-34,34
72463,88,99,-11,11
72464,105,113,-8,8
72465,108,103,5,5
72466,69,67,2,2
72467,100,99,1,1
72468,67,73,-6,6
72469,78,67,11,11
72470,97,101,-4,4
72471,84,73,11,11
72472,57,65,-8,8
72473,124,114,10,10
72474,117,112,5,5
72475,101,98,3,3
72476,104,108,-4,4
72477,97,107,-10,10
72478,69,67,2,2
72479,105,104,1,1
72480,78,85,-7,7
72481,75,66,9,9
72482,67,58,9,9
72483,182,155,27,27
72484,49,62,-13,13
72485,89,93,-4,4
72486,72,71,1,1
72487,97,101,-4,4
72488,72,68,4,4
72489,66,62,4,4
72490,118,123,-5,5
72491,49,62,-13,13
72492,87,82,5,5
72493,157,136,21,21
72494,63,67,-4,4
72495,69,88,-19,19
72496,163,159,4,4
72497,221,205,16,16
72498,60,69,-9,9
72499,97,103,-6,6
72500,64,61,3,3
72501,87,101,-14,14
72502,101,103,-2,2
72503,96,98,-2,2
72504,111,127,-16,16
72505,67,69,-2,2
72506,112,112,0,0
72507,92,96,-4,4
72508,90,101,-11,11
72509,127,132,-5,5
72510,62,67,-5,5
72511,82,91,-9,9
72512,131,113,18,18
72513,66,62,4,4
72514,122,131,-9,9
72515,80,95,-15,15
72516,83,93,-10,10
72517,71,78,-7,7
72518,76,69,7,7
72519,130,135,-5,5
72520,72,62,10,10
72521,51,62,-11,11
72522,114,119,-5,5
72523,62,66,-4,4
72524,46,61,-15,15
72525,58,64,-6,6
72526,84,96,-12,12
72527,69,65,4,4
72528,59,117,-58,58
72529,65,66,-1,1
72530,175,163,12,12
72531,135,133,2,2
72532,106,106,0,0
72533,72,80,-8,8
72534,124,121,3,3
72535,126,119,7,7
72536,120,120,0,0
72537,92,94,-2,2
72538,68,65,3,3
72539,109,104,5,5
72540,74,91,-17,17
72541,61,67,-6,6
72542,96,96,0,0
72543,115,128,-13,13
72544,88,97,-9,9
72545,112,108,4,4
72546,182,160,22,22
72547,156,141,15,15
72548,156,144,12,12
72549,103,92,11,11
72550,89,87,2,2
72551,114,104,10,10
72552,106,98,8,8
72553,85,76,9,9
72554,107,97,10,10
72555,75,71,4,4
72556,84,90,-6,6
72557,120,116,4,4
72558,95,91,4,4
72559,48,58,-10,10
72560,65,61,4,4
72561,59,66,-7,7
72562,85,84,1,1
72563,125,117,8,8
72564,89,87,2,2
72565,92,91,1,1
72566,131,130,1,1
72567,83,82,1,1
72568,81,77,4,4
72569,82,78,4,4
72570,66,65,1,1
72571,126,123,3,3
72572,167,149,18,18
72573,103,106,-3,3
72574,119,113,6,6
72575,133,128,5,5
72576,138,134,4,4
72577,136,127,9,9
72578,57,62,-5,5
72579,111,106,5,5
72580,75,85,-10,10
72581,64,63,1,1
72582,111,113,-2,2
72583,126,124,2,2
72584,147,132,15,15
72585,188,156,32,32
72586,123,74,49,49
72587,87,99,-12,12
72588,77,79,-2,2
72589,82,86,-4,4
72590,83,90,-7,7
72591,69,84,-15,15
72592,136,131,5,5
72593,53,60,-7,7
72594,81,82,-1,1
72595,124,124,0,0
72596,111,114,-3,3
72597,120,119,1,1
72598,66,73,-7,7
72599,68,66,2,2
72600,147,149,-2,2
72601,193,167,26,26
72602,62,63,-1,1
72603,113,116,-3,3
72604,83,86,-3,3
72605,114,115,-1,1
72606,138,132,6,6
72607,63,70,-7,7
72608,153,134,19,19
72609,75,81,-6,6
72610,104,109,-5,5
72611,138,151,-13,13
72612,86,75,11,11
72613,85,91,-6,6
72614,132,128,4,4
72615,86,86,0,0
72616,60,66,-6,6
72617,119,113,6,6
72618,233,197,36,36
72619,125,129,-4,4
72620,128,120,8,8
72621,135,131,4,4
72622,92,90,2,2
72623,134,122,12,12
72624,108,105,3,3
72625,154,137,17,17
72626,149,144,5,5
72627,112,102,10,10
72628,117,112,5,5
72629,158,149,9,9
72630,83,81,2,2
72631,92,94,-2,2
72632,80,78,2,2
72633,86,91,-5,5
72634,23,61,-38,38
72635,90,93,-3,3
72636,129,126,3,3
72637,122,118,4,4
72638,49,64,-15,15
72639,58,64,-6,6
72640,115,108,7,7
72641,92,95,-3,3
72642,146,157,-11,11
72643,69,94,-25,25
72644,107,115,-8,8
72645,152,135,17,17
72646,106,98,8,8
72647,78,79,-1,1
72648,122,107,15,15
72649,97,105,-8,8
72650,62,65,-3,3
72651,125,132,-7,7
72652,172,151,21,21
72653,73,76,-3,3
72654,88,91,-3,3
72655,69,68,1,1
72656,72,65,7,7
72657,87,93,-6,6
72658,53,59,-6,6
72659,65,66,-1,1
72660,117,112,5,5
72661,105,108,-3,3
72662,168,152,16,16
72663,83,99,-16,16
72664,65,67,-2,2
72665,108,103,5,5
72666,45,62,-17,17
72667,123,110,13,13
72668,62,70,-8,8
72669,69,73,-4,4
72670,65,67,-2,2
72671,88,100,-12,12
72672,70,72,-2,2
72673,115,110,5,5
72674,68,63,5,5
72675,109,106,3,3
72676,117,116,1,1
72677,68,70,-2,2
72678,93,92,1,1
72679,76,70,6,6
72680,147,132,15,15
72681,124,116,8,8
72682,146,149,-3,3
72683,104,114,-10,10
72684,85,92,-7,7
72685,107,101,6,6
72686,131,116,15,15
72687,71,67,4,4
72688,78,70,8,8
72689,69,76,-7,7
72690,124,129,-5,5
72691,101,102,-1,1
72692,64,63,1,1
72693,69,67,2,2
72694,60,68,-8,8
72695,97,97,0,0
72696,78,75,3,3
72697,106,123,-17,17
72698,102,99,3,3
72699,102,102,0,0
72700,135,128,7,7
72701,84,97,-13,13
72702,132,119,13,13
72703,81,77,4,4
72704,55,62,-7,7
72705,80,73,7,7
72706,89,105,-16,16
72707,218,406,-188,188
72708,68,63,5,5
72709,136,114,22,22
72710,78,72,6,6
72711,66,72,-6,6
72712,115,115,0,0
72713,102,96,6,6
72714,64,68,-4,4
72715,32,63,-31,31
72716,61,63,-2,2
72717,98,100,-2,2
72718,87,68,19,19
72719,75,62,13,13
72720,131,118,13,13
72721,82,97,-15,15
72722,102,98,4,4
72723,68,63,5,5
72724,129,125,4,4
72725,147,138,9,9
72726,54,62,-8,8
72727,95,102,-7,7
72728,181,163,18,18
72729,102,104,-2,2
72730,49,60,-11,11
72731,100,94,6,6
72732,72,74,-2,2
72733,137,139,-2,2
72734,57,62,-5,5
72735,85,81,4,4
72736,69,68,1,1
72737,44,62,-18,18
72738,102,103,-1,1
72739,140,141,-1,1
72740,59,64,-5,5
72741,59,69,-10,10
72742,67,65,2,2
72743,96,100,-4,4
72744,54,56,-2,2
72745,81,78,3,3
72746,154,144,10,10
72747,134,137,-3,3
72748,100,87,13,13
72749,104,99,5,5
72750,92,104,-12,12
72751,63,64,-1,1
72752,115,98,17,17
72753,55,61,-6,6
72754,163,151,12,12
72755,122,124,-2,2
72756,106,106,0,0
72757,90,98,-8,8
72758,97,94,3,3
72759,69,70,-1,1
72760,86,90,-4,4
72761,87,91,-4,4
72762,134,118,16,16
72763,83,91,-8,8
72764,96,100,-4,4
72765,75,70,5,5
72766,91,82,9,9
72767,74,67,7,7
72768,105,107,-2,2
72769,109,104,5,5
72770,50,67,-17,17
72771,83,68,15,15
72772,101,100,1,1
72773,98,103,-5,5
72774,78,81,-3,3
72775,115,102,13,13
72776,151,135,16,16
72777,50,59,-9,9
72778,111,111,0,0
72779,75,90,-15,15
72780,191,175,16,16
72781,82,76,6,6
72782,133,118,15,15
72783,131,127,4,4
72784,69,67,2,2
72785,112,105,7,7
72786,52,61,-9,9
72787,109,119,-10,10
72788,82,85,-3,3
72789,106,114,-8,8
72790,36,60,-24,24
72791,84,89,-5,5
72792,103,98,5,5
72793,56,61,-5,5
72794,78,80,-2,2
72795,69,69,0,0
72796,67,71,-4,4
72797,83,97,-14,14
72798,103,104,-1,1
72799,84,89,-5,5
72800,68,76,-8,8
72801,78,77,1,1
72802,118,110,8,8
72803,112,107,5,5
72804,108,109,-1,1
72805,113,111,2,2
72806,116,102,14,14
72807,67,65,2,2
72808,110,114,-4,4
72809,100,94,6,6
72810,111,101,10,10
72811,82,93,-11,11
72812,157,147,10,10
72813,75,78,-3,3
72814,102,101,1,1
72815,90,95,-5,5
72816,60,64,-4,4
72817,88,94,-6,6
72818,96,98,-2,2
72819,117,135,-18,18
72820,76,89,-13,13
72821,166,149,17,17
72822,187,164,23,23
72823,73,64,9,9
72824,91,99,-8,8
72825,125,121,4,4
72826,60,65,-5,5
72827,91,91,0,0
72828,99,112,-13,13
72829,80,67,13,13
72830,125,123,2,2
72831,111,120,-9,9
72832,54,61,-7,7
72833,192,171,21,21
72834,159,142,17,17
72835,71,69,2,2
72836,80,90,-10,10
72837,58,62,-4,4
72838,78,71,7,7
72839,146,128,18,18
72840,73,69,4,4
72841,178,150,28,28
72842,94,97,-3,3
72843,131,122,9,9
72844,70,62,8,8
72845,126,123,3,3
72846,84,85,-1,1
72847,80,89,-9,9
72848,214,180,34,34
72849,111,109,2,2
72850,134,135,-1,1
72851,89,106,-17,17
72852,124,135,-11,11
72853,112,108,4,4
72854,94,103,-9,9
72855,110,105,5,5
72856,143,139,4,4
72857,70,71,-1,1
72858,112,113,-1,1
72859,88,87,1,1
72860,89,84,5,5
72861,78,74,4,4
72862,121,111,10,10
72863,69,69,0,0
72864,82,85,-3,3
72865,137,163,-26,26
72866,116,114,2,2
72867,169,150,19,19
72868,108,101,7,7
72869,62,63,-1,1
72870,66,87,-21,21
72871,126,116,10,10
72872,77,68,9,9
72873,170,155,15,15
72874,48,60,-12,12
72875,123,109,14,14
72876,135,125,10,10
72877,128,125,3,3
72878,108,108,0,0
72879,102,97,5,5
72880,89,94,-5,5
72881,68,68,0,0
72882,83,78,5,5
72883,174,168,6,6
72884,130,112,18,18
72885,176,155,21,21
72886,87,99,-12,12
72887,69,63,6,6
72888,69,70,-1,1
72889,100,86,14,14
72890,164,154,10,10
72891,94,102,-8,8
72892,82,83,-1,1
72893,191,180,11,11
72894,99,100,-1,1
72895,78,82,-4,4
72896,68,67,1,1
72897,121,104,17,17
72898,128,117,11,11
72899,149,139,10,10
72900,164,146,18,18
72901,74,76,-2,2
72902,67,63,4,4
72903,59,63,-4,4
72904,100,115,-15,15
72905,62,73,-11,11
72906,100,101,-1,1
72907,79,82,-3,3
72908,137,147,-10,10
72909,74,74,0,0
72910,94,95,-1,1
72911,119,107,12,12
72912,103,98,5,5
72913,95,95,0,0
72914,60,60,0,0
72915,111,106,5,5
72916,34,62,-28,28
72917,78,90,-12,12
72918,97,98,-1,1
72919,111,108,3,3
72920,85,94,-9,9
72921,149,136,13,13
72922,90,89,1,1
72923,49,60,-11,11
72924,138,126,12,12
72925,69,65,4,4
72926,79,68,11,11
72927,70,64,6,6
72928,82,86,-4,4
72929,79,82,-3,3
72930,85,98,-13,13
72931,89,86,3,3
72932,67,67,0,0
72933,106,114,-8,8
72934,70,79,-9,9
72935,74,84,-10,10
72936,55,62,-7,7
72937,164,153,11,11
72938,77,74,3,3
72939,57,62,-5,5
72940,97,111,-14,14
72941,136,141,-5,5
72942,83,82,1,1
72943,66,65,1,1
72944,92,95,-3,3
72945,92,95,-3,3
72946,71,63,8,8
72947,67,75,-8,8
72948,150,133,17,17
72949,69,71,-2,2
72950,132,122,10,10
72951,194,174,20,20
72952,137,139,-2,2
72953,68,69,-1,1
72954,90,97,-7,7
72955,113,109,4,4
72956,61,61,0,0
72957,160,141,19,19
72958,149,143,6,6
72959,48,58,-10,10
72960,128,123,5,5
72961,102,103,-1,1
72962,95,99,-4,4
72963,68,66,2,2
72964,164,150,14,14
72965,92,102,-10,10
72966,100,94,6,6
72967,68,76,-8,8
72968,81,84,-3,3
72969,87,82,5,5
72970,121,111,10,10
72971,95,99,-4,4
72972,99,92,7,7
72973,59,65,-6,6
72974,140,128,12,12
72975,109,94,15,15
72976,147,133,14,14
72977,84,90,-6,6
72978,111,107,4,4
72979,85,93,-8,8
72980,63,68,-5,5
72981,64,61,3,3
72982,75,69,6,6
72983,136,120,16,16
72984,140,137,3,3
72985,45,61,-16,16
72986,159,153,6,6
72987,110,101,9,9
72988,54,63,-9,9
72989,129,125,4,4
72990,170,178,-8,8
72991,111,108,3,3
72992,72,69,3,3
72993,129,123,6,6
72994,67,66,1,1
72995,159,163,-4,4
72996,60,65,-5,5
72997,91,94,-3,3
72998,126,114,12,12
72999,240,193,47,47
73000,113,109,4,4
73001,85,81,4,4
73002,54,78,-24,24
73003,68,67,1,1
73004,89,89,0,0
73005,142,129,13,13
73006,146,133,13,13
73007,87,90,-3,3
73008,122,121,1,1
73009,81,63,18,18
73010,77,77,0,0
73011,113,102,11,11
73012,182,178,4,4
73013,111,105,6,6
73014,97,90,7,7
73015,90,91,-1,1
73016,149,137,12,12
73017,62,75,-13,13
73018,121,115,6,6
73019,90,91,-1,1
73020,64,62,2,2
73021,158,142,16,16
73022,89,93,-4,4
73023,93,93,0,0
73024,82,73,9,9
73025,80,84,-4,4
73026,231,221,10,10
73027,52,62,-10,10
73028,185,157,28,28
73029,125,128,-3,3
73030,116,109,7,7
73031,70,74,-4,4
73032,92,90,2,2
73033,135,134,1,1
73034,83,93,-10,10
73035,78,87,-9,9
73036,89,91,-2,2
73037,98,97,1,1
73038,74,79,-5,5
73039,117,114,3,3
73040,65,198,-133,133
73041,80,79,1,1
73042,82,78,4,4
73043,144,143,1,1
73044,64,62,2,2
73045,144,136,8,8
73046,46,62,-16,16
73047,29,62,-33,33
73048,81,80,1,1
73049,115,111,4,4
73050,99,95,4,4
73051,80,74,6,6
73052,111,108,3,3
73053,113,111,2,2
73054,119,103,16,16
73055,49,58,-9,9
73056,128,122,6,6
73057,168,152,16,16
73058,52,62,-10,10
73059,115,116,-1,1
73060,230,194,36,36
73061,113,128,-15,15
73062,66,60,6,6
73063,102,104,-2,2
73064,52,61,-9,9
73065,94,94,0,0
73066,69,72,-3,3
73067,146,151,-5,5
73068,130,123,7,7
73069,82,73,9,9
73070,51,61,-10,10
73071,114,107,7,7
73072,58,67,-9,9
73073,70,79,-9,9
73074,74,70,4,4
73075,75,65,10,10
73076,54,62,-8,8
73077,134,131,3,3
73078,46,61,-15,15
73079,79,79,0,0
73080,66,78,-12,12
73081,114,113,1,1
73082,76,90,-14,14
73083,149,138,11,11
73084,126,115,11,11
73085,91,99,-8,8
73086,56,61,-5,5
73087,131,125,6,6
73088,119,127,-8,8
73089,119,115,4,4
73090,124,118,6,6
73091,142,134,8,8
73092,215,182,33,33
73093,59,62,-3,3
73094,60,63,-3,3
73095,76,84,-8,8
73096,54,59,-5,5
73097,78,92,-14,14
73098,133,139,-6,6
73099,56,62,-6,6
73100,79,82,-3,3
73101,74,67,7,7
73102,55,66,-11,11
73103,62,61,1,1
73104,47,61,-14,14
73105,112,114,-2,2
73106,112,104,8,8
73107,122,113,9,9
73108,104,103,1,1
73109,81,99,-18,18
73110,76,91,-15,15
73111,61,60,1,1
73112,230,176,54,54
73113,87,90,-3,3
73114,94,93,1,1
73115,83,80,3,3
73116,154,128,26,26
73117,140,129,11,11
73118,81,90,-9,9
73119,78,76,2,2
73120,112,104,8,8
73121,133,119,14,14
73122,72,76,-4,4
73123,150,126,24,24
73124,133,125,8,8
73125,74,66,8,8
73126,122,117,5,5
73127,90,93,-3,3
73128,69,65,4,4
73129,75,81,-6,6
73130,50,61,-11,11
73131,135,126,9,9
73132,126,116,10,10
73133,68,97,-29,29
73134,88,91,-3,3
73135,78,89,-11,11
73136,55,62,-7,7
73137,94,101,-7,7
73138,57,69,-12,12
73139,70,73,-3,3
73140,150,141,9,9
73141,67,71,-4,4
73142,78,86,-8,8
73143,82,100,-18,18
73144,123,123,0,0
73145,75,68,7,7
73146,151,149,2,2
73147,79,74,5,5
73148,116,107,9,9
73149,89,91,-2,2
73150,143,136,7,7
73151,94,97,-3,3
73152,94,105,-11,11
73153,81,94,-13,13
73154,77,92,-15,15
73155,85,94,-9,9
73156,104,112,-8,8
73157,58,62,-4,4
73158,76,88,-12,12
73159,72,71,1,1
73160,90,92,-2,2
73161,126,129,-3,3
73162,81,82,-1,1
73163,113,109,4,4
73164,72,77,-5,5
73165,111,113,-2,2
73166,94,93,1,1
73167,77,73,4,4
73168,76,68,8,8
73169,91,89,2,2
73170,84,90,-6,6
73171,50,60,-10,10
73172,111,112,-1,1
73173,160,147,13,13
73174,90,82,8,8
73175,165,165,0,0
73176,153,130,23,23
73177,38,60,-22,22
73178,76,95,-19,19
73179,73,70,3,3
73180,99,104,-5,5
73181,64,67,-3,3
73182,148,132,16,16
73183,146,138,8,8
73184,86,90,-4,4
73185,70,79,-9,9
73186,74,69,5,5
73187,102,98,4,4
73188,76,67,9,9
73189,115,114,1,1
73190,111,106,5,5
73191,67,64,3,3
73192,120,124,-4,4
73193,72,73,-1,1
73194,93,93,0,0
73195,256,238,18,18
73196,157,146,11,11
73197,70,66,4,4
73198,95,103,-8,8
73199,99,104,-5,5
73200,94,96,-2,2
73201,81,76,5,5
73202,102,97,5,5
73203,107,107,0,0
73204,137,122,15,15
73205,91,95,-4,4
73206,90,102,-12,12
73207,68,65,3,3
73208,59,61,-2,2
73209,86,93,-7,7
73210,118,124,-6,6
73211,197,180,17,17
73212,55,83,-28,28
73213,82,81,1,1
73214,96,102,-6,6
73215,88,103,-15,15
73216,72,88,-16,16
73217,56,69,-13,13
73218,110,108,2,2
73219,75,71,4,4
73220,107,114,-7,7
73221,100,106,-6,6
73222,137,122,15,15
73223,76,78,-2,2
73224,174,162,12,12
73225,101,104,-3,3
73226,85,92,-7,7
73227,53,62,-9,9
73228,108,97,11,11
73229,82,80,2,2
73230,84,93,-9,9
73231,92,96,-4,4
73232,125,133,-8,8
73233,93,103,-10,10
73234,54,61,-7,7
73235,113,104,9,9
73236,196,186,10,10
73237,71,68,3,3
73238,75,71,4,4
73239,46,61,-15,15
73240,107,108,-1,1
73241,82,92,-10,10
73242,88,102,-14,14
73243,57,62,-5,5
73244,153,148,5,5
73245,131,133,-2,2
73246,111,125,-14,14
73247,136,132,4,4
73248,58,64,-6,6
73249,85,90,-5,5
73250,98,92,6,6
73251,80,83,-3,3
73252,82,93,-11,11
73253,74,69,5,5
73254,135,120,15,15
73255,88,93,-5,5
73256,27,62,-35,35
73257,60,68,-8,8
73258,82,80,2,2
73259,176,164,12,12
73260,163,139,24,24
73261,130,130,0,0
73262,120,113,7,7
73263,143,130,13,13
73264,138,138,0,0
73265,88,85,3,3
73266,125,121,4,4
73267,81,78,3,3
73268,56,62,-6,6
73269,70,73,-3,3
73270,59,64,-5,5
73271,117,137,-20,20
73272,35,59,-24,24
73273,115,109,6,6
73274,59,63,-4,4
73275,88,82,6,6
73276,124,126,-2,2
73277,110,98,12,12
73278,118,108,10,10
73279,103,98,5,5
73280,121,117,4,4
73281,78,76,2,2
73282,69,76,-7,7
73283,129,124,5,5
73284,75,67,8,8
73285,54,62,-8,8
73286,185,161,24,24
73287,105,100,5,5
73288,65,63,2,2
73289,145,126,19,19
73290,134,121,13,13
73291,102,99,3,3
73292,75,75,0,0
73293,106,100,6,6
73294,122,116,6,6
73295,42,62,-20,20
73296,144,144,0,0
73297,104,100,4,4
73298,117,109,8,8
73299,69,71,-2,2
73300,63,68,-5,5
73301,184,147,37,37
73302,96,99,-3,3
73303,86,76,10,10
73304,98,100,-2,2
73305,78,74,4,4
73306,91,95,-4,4
73307,53,62,-9,9
73308,79,77,2,2
73309,141,127,14,14
73310,82,84,-2,2
73311,49,62,-13,13
73312,109,104,5,5
73313,61,63,-2,2
73314,90,96,-6,6
73315,61,59,2,2
73316,94,104,-10,10
73317,134,130,4,4
73318,65,68,-3,3
73319,136,126,10,10
73320,164,150,14,14
73321,98,104,-6,6
73322,83,89,-6,6
73323,40,62,-22,22
73324,67,77,-10,10
73325,90,91,-1,1
73326,62,60,2,2
73327,60,60,0,0
73328,115,105,10,10
73329,135,130,5,5
73330,75,73,2,2
73331,35,62,-27,27
73332,94,105,-11,11
73333,113,107,6,6
73334,133,126,7,7
73335,103,100,3,3
73336,108,101,7,7
73337,65,65,0,0
73338,67,60,7,7
73339,121,113,8,8
73340,89,102,-13,13
73341,69,69,0,0
73342,128,123,5,5
73343,99,93,6,6
73344,100,99,1,1
73345,88,74,14,14
73346,160,148,12,12
73347,94,92,2,2
73348,111,110,1,1
73349,83,74,9,9
73350,51,62,-11,11
73351,126,115,11,11
73352,150,133,17,17
73353,57,62,-5,5
73354,63,66,-3,3
73355,112,111,1,1
73356,196,176,20,20
73357,71,73,-2,2
73358,152,141,11,11
73359,87,91,-4,4
73360,59,58,1,1
73361,144,135,9,9
73362,122,111,11,11
73363,61,66,-5,5
73364,99,107,-8,8
73365,74,67,7,7
73366,68,68,0,0
73367,92,98,-6,6
73368,147,145,2,2
73369,114,111,3,3
73370,64,65,-1,1
73371,92,76,16,16
73372,85,83,2,2
73373,100,95,5,5
73374,142,132,10,10
73375,34,57,-23,23
73376,107,96,11,11
73377,110,102,8,8
73378,154,143,11,11
73379,69,70,-1,1
73380,91,103,-12,12
73381,124,113,11,11
73382,71,64,7,7
73383,61,62,-1,1
73384,110,107,3,3
73385,86,104,-18,18
73386,143,133,10,10
73387,65,65,0,0
73388,82,77,5,5
73389,90,98,-8,8
73390,156,153,3,3
73391,177,165,12,12
73392,108,107,1,1
73393,100,112,-12,12
73394,60,68,-8,8
73395,81,95,-14,14
73396,99,102,-3,3
73397,63,92,-29,29
73398,87,103,-16,16
73399,53,62,-9,9
73400,47,62,-15,15
73401,65,71,-6,6
73402,79,76,3,3
73403,65,66,-1,1
73404,99,102,-3,3
73405,61,62,-1,1
73406,101,109,-8,8
73407,75,67,8,8
73408,99,105,-6,6
73409,84,88,-4,4
73410,130,118,12,12
73411,147,129,18,18
73412,103,104,-1,1
73413,48,60,-12,12
73414,88,92,-4,4
73415,115,110,5,5
73416,81,88,-7,7
73417,69,81,-12,12
73418,144,142,2,2
73419,103,106,-3,3
73420,84,82,2,2
73421,175,180,-5,5
73422,133,116,17,17
73423,88,94,-6,6
73424,112,109,3,3
73425,98,101,-3,3
73426,79,75,4,4
73427,65,64,1,1
73428,75,88,-13,13
73429,101,104,-3,3
73430,44,60,-16,16
73431,89,98,-9,9
73432,107,106,1,1
73433,85,88,-3,3
73434,42,62,-20,20
73435,86,107,-21,21
73436,92,91,1,1
73437,70,71,-1,1
73438,79,81,-2,2
73439,39,62,-23,23
73440,90,91,-1,1
73441,126,120,6,6
73442,116,111,5,5
73443,69,71,-2,2
73444,51,61,-10,10
73445,107,100,7,7
73446,88,92,-4,4
73447,104,96,8,8
73448,81,71,10,10
73449,78,76,2,2
73450,87,94,-7,7
73451,63,73,-10,10
73452,92,96,-4,4
73453,125,127,-2,2
73454,113,108,5,5
73455,50,61,-11,11
73456,71,67,4,4
73457,78,79,-1,1
73458,65,66,-1,1
73459,145,134,11,11
73460,64,61,3,3
73461,83,82,1,1
73462,162,137,25,25
73463,84,91,-7,7
73464,149,141,8,8
73465,68,72,-4,4
73466,84,91,-7,7
73467,74,65,9,9
73468,106,103,3,3
73469,87,94,-7,7
73470,102,119,-17,17
73471,142,126,16,16
73472,159,144,15,15
73473,49,61,-12,12
73474,133,136,-3,3
73475,89,92,-3,3
73476,47,62,-15,15
73477,111,112,-1,1
73478,79,75,4,4
73479,108,119,-11,11
73480,58,59,-1,1
73481,111,116,-5,5
73482,46,62,-16,16
73483,69,68,1,1
73484,144,141,3,3
73485,122,117,5,5
73486,114,108,6,6
73487,60,63,-3,3
73488,75,83,-8,8
73489,79,82,-3,3
73490,97,101,-4,4
73491,177,170,7,7
73492,111,103,8,8
73493,35,58,-23,23
73494,133,116,17,17
73495,58,59,-1,1
73496,114,100,14,14
73497,80,86,-6,6
73498,133,118,15,15
73499,116,117,-1,1
73500,88,83,5,5
73501,126,113,13,13
73502,135,131,4,4
73503,85,92,-7,7
73504,154,147,7,7
73505,118,112,6,6
73506,92,93,-1,1
73507,146,145,1,1
73508,63,65,-2,2
73509,77,86,-9,9
73510,113,110,3,3
73511,110,117,-7,7
73512,63,67,-4,4
73513,78,71,7,7
73514,130,119,11,11
73515,64,61,3,3
73516,81,90,-9,9
73517,75,64,11,11
73518,41,60,-19,19
73519,139,130,9,9
73520,60,62,-2,2
73521,81,86,-5,5
73522,108,103,5,5
73523,102,98,4,4
73524,63,64,-1,1
73525,111,104,7,7
73526,42,60,-18,18
73527,93,95,-2,2
73528,106,110,-4,4
73529,92,89,3,3
73530,87,90,-3,3
73531,100,103,-3,3
73532,73,70,3,3
73533,65,64,1,1
73534,84,94,-10,10
73535,158,147,11,11
73536,73,72,1,1
73537,116,125,-9,9
73538,79,93,-14,14
73539,114,106,8,8
73540,108,108,0,0
73541,89,91,-2,2
73542,65,74,-9,9
73543,123,116,7,7
73544,70,72,-2,2
73545,58,62,-4,4
73546,61,67,-6,6
73547,118,138,-20,20
73548,91,99,-8,8
73549,82,93,-11,11
73550,42,58,-16,16
73551,43,62,-19,19
73552,144,135,9,9
73553,60,74,-14,14
73554,29,56,-27,27
73555,111,111,0,0
73556,69,68,1,1
73557,192,163,29,29
73558,88,105,-17,17
73559,64,64,0,0
73560,131,125,6,6
73561,107,112,-5,5
73562,95,105,-10,10
73563,70,80,-10,10
73564,51,61,-10,10
73565,195,174,21,21
73566,77,79,-2,2
73567,117,117,0,0
73568,87,81,6,6
73569,46,61,-15,15
73570,71,68,3,3
73571,65,62,3,3
73572,171,173,-2,2
73573,106,106,0,0
73574,82,85,-3,3
73575,130,121,9,9
73576,58,65,-7,7
73577,105,108,-3,3
73578,121,119,2,2
73579,148,152,-4,4
73580,87,89,-2,2
73581,98,106,-8,8
73582,74,88,-14,14
73583,138,132,6,6
73584,95,102,-7,7
73585,104,106,-2,2
73586,64,62,2,2
73587,74,75,-1,1
73588,126,105,21,21
73589,93,100,-7,7
73590,80,82,-2,2
73591,62,67,-5,5
73592,56,61,-5,5
73593,91,96,-5,5
73594,202,176,26,26
73595,97,102,-5,5
73596,109,118,-9,9
73597,62,59,3,3
73598,156,149,7,7
73599,62,61,1,1
73600,156,147,9,9
73601,60,63,-3,3
73602,67,63,4,4
73603,109,112,-3,3
73604,129,119,10,10
73605,126,117,9,9
73606,141,130,11,11
73607,117,106,11,11
73608,167,153,14,14
73609,123,127,-4,4
73610,127,114,13,13
73611,70,67,3,3
73612,67,67,0,0
73613,93,94,-1,1
73614,79,79,0,0
73615,80,89,-9,9
73616,81,93,-12,12
73617,77,72,5,5
73618,57,61,-4,4
73619,125,133,-8,8
73620,137,123,14,14
73621,98,102,-4,4
73622,76,70,6,6
73623,99,95,4,4
73624,88,95,-7,7
73625,71,70,1,1
73626,85,86,-1,1
73627,93,99,-6,6
73628,112,103,9,9
73629,63,66,-3,3
73630,79,95,-16,16
73631,90,96,-6,6
73632,71,69,2,2
73633,67,88,-21,21
73634,147,132,15,15
73635,57,77,-20,20
73636,61,62,-1,1
73637,100,96,4,4
73638,79,76,3,3
73639,136,112,24,24
73640,88,93,-5,5
73641,67,64,3,3
73642,173,165,8,8
73643,111,101,10,10
73644,96,83,13,13
73645,91,87,4,4
73646,90,84,6,6
73647,93,94,-1,1
73648,99,100,-1,1
73649,57,62,-5,5
73650,71,65,6,6
73651,165,150,15,15
73652,91,105,-14,14
73653,59,61,-2,2
73654,103,102,1,1
73655,72,69,3,3
73656,95,95,0,0
73657,86,78,8,8
73658,142,126,16,16
73659,92,94,-2,2
73660,86,93,-7,7
73661,143,131,12,12
73662,37,62,-25,25
73663,66,69,-3,3
73664,121,116,5,5
73665,89,99,-10,10
73666,54,72,-18,18
73667,64,65,-1,1
73668,48,61,-13,13
73669,33,61,-28,28
73670,154,143,11,11
73671,55,60,-5,5
73672,85,76,9,9
73673,68,67,1,1
73674,88,93,-5,5
73675,61,62,-1,1
73676,123,113,10,10
73677,98,103,-5,5
73678,161,151,10,10
73679,53,63,-10,10
73680,68,73,-5,5
73681,131,120,11,11
73682,100,99,1,1
73683,64,60,4,4
73684,109,119,-10,10
73685,87,91,-4,4
73686,78,84,-6,6
73687,56,64,-8,8
73688,96,94,2,2
73689,104,103,1,1
73690,94,98,-4,4
73691,66,68,-2,2
73692,106,100,6,6
73693,132,140,-8,8
73694,142,118,24,24
73695,112,114,-2,2
73696,104,82,22,22
73697,129,133,-4,4
73698,107,103,4,4
73699,137,139,-2,2
73700,81,90,-9,9
73701,57,62,-5,5
73702,126,116,10,10
73703,57,70,-13,13
73704,141,128,13,13
73705,94,92,2,2
73706,56,66,-10,10
73707,100,94,6,6
73708,65,70,-5,5
73709,153,142,11,11
73710,106,111,-5,5
73711,65,67,-2,2
73712,89,94,-5,5
73713,69,62,7,7
73714,172,158,14,14
73715,74,77,-3,3
73716,55,63,-8,8
73717,95,93,2,2
73718,80,87,-7,7
73719,72,77,-5,5
73720,69,67,2,2
73721,77,91,-14,14
73722,136,125,11,11
73723,60,63,-3,3
73724,106,104,2,2
73725,98,95,3,3
73726,113,112,1,1
73727,66,67,-1,1
73728,117,108,9,9
73729,75,71,4,4
73730,123,116,7,7
73731,54,61,-7,7
73732,157,159,-2,2
73733,100,96,4,4
73734,74,76,-2,2
73735,61,64,-3,3
73736,72,75,-3,3
73737,81,77,4,4
73738,138,140,-2,2
73739,137,136,1,1
73740,163,144,19,19
73741,65,92,-27,27
73742,130,126,4,4
73743,68,80,-12,12
73744,97,95,2,2
73745,167,154,13,13
73746,93,80,13,13
73747,63,67,-4,4
73748,91,89,2,2
73749,174,155,19,19
73750,138,119,19,19
73751,75,78,-3,3
73752,129,131,-2,2
73753,116,104,12,12
73754,47,62,-15,15
73755,116,107,9,9
73756,103,100,3,3
73757,112,106,6,6
73758,133,124,9,9
73759,55,59,-4,4
73760,75,84,-9,9
73761,53,62,-9,9
73762,88,99,-11,11
73763,132,126,6,6
73764,35,62,-27,27
73765,45,58,-13,13
73766,67,68,-1,1
73767,124,108,16,16
73768,148,135,13,13
73769,138,123,15,15
73770,98,96,2,2
73771,81,81,0,0
73772,54,62,-8,8
73773,35,63,-28,28
73774,69,65,4,4
73775,66,63,3,3
73776,116,108,8,8
73777,86,85,1,1
73778,95,99,-4,4
73779,95,102,-7,7
73780,61,61,0,0
73781,79,83,-4,4
73782,74,98,-24,24
73783,117,114,3,3
73784,63,62,1,1
73785,138,120,18,18
73786,125,122,3,3
73787,95,98,-3,3
73788,66,68,-2,2
73789,53,62,-9,9
73790,83,87,-4,4
73791,60,66,-6,6
73792,52,60,-8,8
73793,55,62,-7,7
73794,100,106,-6,6
73795,91,111,-20,20
73796,87,95,-8,8
73797,63,60,3,3
73798,122,100,22,22
73799,75,71,4,4
73800,57,68,-11,11
73801,55,62,-7,7
73802,110,101,9,9
73803,88,95,-7,7
73804,155,156,-1,1
73805,96,102,-6,6
73806,81,106,-25,25
73807,102,100,2,2
73808,141,121,20,20
73809,105,102,3,3
73810,68,62,6,6
73811,80,74,6,6
73812,94,103,-9,9
73813,60,62,-2,2
73814,107,95,12,12
73815,112,109,3,3
73816,92,98,-6,6
73817,86,77,9,9
73818,131,113,18,18
73819,62,62,0,0
73820,146,143,3,3
73821,67,88,-21,21
73822,77,78,-1,1
73823,101,104,-3,3
73824,80,75,5,5
73825,97,82,15,15
73826,140,127,13,13
73827,128,142,-14,14
73828,108,112,-4,4
73829,91,91,0,0
73830,91,99,-8,8
73831,87,83,4,4
73832,151,130,21,21
73833,91,97,-6,6
73834,161,141,20,20
73835,60,66,-6,6
73836,135,122,13,13
73837,73,92,-19,19
73838,88,104,-16,16
73839,71,66,5,5
73840,80,81,-1,1
73841,50,62,-12,12
73842,106,100,6,6
73843,66,67,-1,1
73844,90,99,-9,9
73845,122,131,-9,9
73846,99,97,2,2
73847,73,76,-3,3
73848,60,62,-2,2
73849,63,140,-77,77
73850,105,123,-18,18
73851,34,62,-28,28
73852,74,85,-11,11
73853,122,118,4,4
73854,123,109,14,14
73855,66,62,4,4
73856,122,112,10,10
73857,114,106,8,8
73858,165,155,10,10
73859,139,148,-9,9
73860,58,60,-2,2
73861,70,68,2,2
73862,71,63,8,8
73863,158,172,-14,14
73864,66,65,1,1
73865,166,140,26,26
73866,129,127,2,2
73867,91,92,-1,1
73868,109,126,-17,17
73869,118,127,-9,9
73870,90,95,-5,5
73871,125,125,0,0
73872,94,91,3,3
73873,107,108,-1,1
73874,144,125,19,19
73875,83,77,6,6
73876,71,75,-4,4
73877,93,96,-3,3
73878,103,104,-1,1
73879,78,82,-4,4
73880,33,73,-40,40
73881,44,89,-45,45
73882,129,119,10,10
73883,210,185,25,25
73884,98,94,4,4
73885,60,80,-20,20
73886,110,101,9,9
73887,56,61,-5,5
73888,149,135,14,14
73889,86,87,-1,1
73890,101,101,0,0
73891,80,76,4,4
73892,96,96,0,0
73893,66,68,-2,2
73894,73,67,6,6
73895,87,72,15,15
73896,73,66,7,7
73897,96,93,3,3
73898,36,63,-27,27
73899,171,193,-22,22
73900,125,119,6,6
73901,82,87,-5,5
73902,79,70,9,9
73903,148,135,13,13
73904,137,130,7,7
73905,82,90,-8,8
73906,72,98,-26,26
73907,57,63,-6,6
73908,162,154,8,8
73909,148,128,20,20
73910,82,76,6,6
73911,76,78,-2,2
73912,72,65,7,7
73913,42,62,-20,20
73914,102,106,-4,4
73915,61,64,-3,3
73916,107,107,0,0
73917,72,64,8,8
73918,117,128,-11,11
73919,70,67,3,3
73920,60,62,-2,2
73921,110,100,10,10
73922,94,96,-2,2
73923,121,127,-6,6
73924,102,103,-1,1
73925,61,64,-3,3
73926,69,69,0,0
73927,51,64,-13,13
73928,113,125,-12,12
73929,148,168,-20,20
73930,129,148,-19,19
73931,60,63,-3,3
73932,82,101,-19,19
73933,149,136,13,13
73934,64,61,3,3
73935,95,98,-3,3
73936,105,100,5,5
73937,129,124,5,5
73938,140,130,10,10
73939,143,142,1,1
73940,67,64,3,3
73941,81,82,-1,1
73942,131,115,16,16
73943,61,60,1,1
73944,95,95,0,0
73945,121,115,6,6
73946,96,89,7,7
73947,159,133,26,26
73948,51,60,-9,9
73949,72,78,-6,6
73950,83,87,-4,4
73951,114,108,6,6
73952,90,97,-7,7
73953,72,69,3,3
73954,88,83,5,5
73955,149,134,15,15
73956,69,66,3,3
73957,67,69,-2,2
73958,65,71,-6,6
73959,119,122,-3,3
73960,146,129,17,17
73961,75,85,-10,10
73962,175,151,24,24
73963,109,113,-4,4
73964,80,79,1,1
73965,99,94,5,5
73966,137,136,1,1
73967,77,97,-20,20
73968,44,67,-23,23
73969,96,100,-4,4
73970,55,60,-5,5
73971,113,103,10,10
73972,108,107,1,1
73973,55,61,-6,6
73974,138,115,23,23
73975,74,70,4,4
73976,69,70,-1,1
73977,131,127,4,4
73978,129,156,-27,27
73979,103,105,-2,2
73980,50,62,-12,12
73981,90,96,-6,6
73982,42,63,-21,21
73983,140,148,-8,8
73984,76,94,-18,18
73985,113,107,6,6
73986,43,62,-19,19
73987,73,90,-17,17
73988,116,114,2,2
73989,112,117,-5,5
73990,126,125,1,1
73991,98,108,-10,10
73992,83,99,-16,16
73993,51,79,-28,28
73994,73,98,-25,25
73995,220,179,41,41
73996,72,87,-15,15
73997,63,63,0,0
73998,107,108,-1,1
73999,90,85,5,5
74000,50,63,-13,13
74001,100,99,1,1
74002,126,116,10,10
74003,73,73,0,0
74004,88,95,-7,7
74005,65,77,-12,12
74006,73,70,3,3
74007,83,83,0,0
74008,118,122,-4,4
74009,77,70,7,7
74010,175,160,15,15
74011,101,98,3,3
74012,72,70,2,2
74013,84,90,-6,6
74014,320,390,-70,70
74015,86,102,-16,16
74016,48,62,-14,14
74017,82,75,7,7
74018,111,103,8,8
74019,83,89,-6,6
74020,105,119,-14,14
74021,87,96,-9,9
74022,92,95,-3,3
74023,106,106,0,0
74024,179,165,14,14
74025,123,114,9,9
74026,68,80,-12,12
74027,52,62,-10,10
74028,155,129,26,26
74029,97,107,-10,10
74030,78,84,-6,6
74031,52,62,-10,10
74032,62,63,-1,1
74033,92,96,-4,4
74034,113,107,6,6
74035,141,134,7,7
74036,66,70,-4,4
74037,97,93,4,4
74038,80,101,-21,21
74039,71,98,-27,27
74040,117,111,6,6
74041,202,179,23,23
74042,89,87,2,2
74043,65,71,-6,6
74044,83,93,-10,10
74045,151,134,17,17
74046,68,63,5,5
74047,84,103,-19,19
74048,114,106,8,8
74049,67,70,-3,3
74050,48,59,-11,11
74051,108,108,0,0
74052,159,141,18,18
74053,84,80,4,4
74054,153,136,17,17
74055,52,66,-14,14
74056,159,146,13,13
74057,118,119,-1,1
74058,83,92,-9,9
74059,50,62,-12,12
74060,125,117,8,8
74061,41,112,-71,71
74062,62,72,-10,10
74063,85,77,8,8
74064,133,129,4,4
74065,129,120,9,9
74066,97,103,-6,6
74067,102,105,-3,3
74068,23,63,-40,40
74069,74,79,-5,5
74070,41,61,-20,20
74071,108,111,-3,3
74072,104,103,1,1
74073,108,96,12,12
74074,97,100,-3,3
74075,74,81,-7,7
74076,94,96,-2,2
74077,78,78,0,0
74078,117,118,-1,1
74079,119,117,2,2
74080,60,62,-2,2
74081,86,87,-1,1
74082,84,87,-3,3
74083,72,70,2,2
74084,93,102,-9,9
74085,72,72,0,0
74086,156,144,12,12
74087,73,79,-6,6
74088,108,109,-1,1
74089,126,133,-7,7
74090,93,93,0,0
74091,79,66,13,13
74092,181,151,30,30
74093,83,78,5,5
74094,119,118,1,1
74095,71,69,2,2
74096,77,75,2,2
74097,104,130,-26,26
74098,72,80,-8,8
74099,68,66,2,2
74100,98,100,-2,2
74101,57,83,-26,26
74102,80,108,-28,28
74103,73,77,-4,4
74104,191,171,20,20
74105,100,96,4,4
74106,132,114,18,18
74107,40,61,-21,21
74108,54,61,-7,7
74109,154,147,7,7
74110,139,128,11,11
74111,107,107,0,0
74112,128,117,11,11
74113,133,122,11,11
74114,83,71,12,12
74115,63,100,-37,37
74116,81,84,-3,3
74117,163,148,15,15
74118,109,108,1,1
74119,63,63,0,0
74120,90,94,-4,4
74121,81,95,-14,14
74122,66,64,2,2
74123,120,124,-4,4
74124,89,87,2,2
74125,67,71,-4,4
74126,85,111,-26,26
74127,78,81,-3,3
74128,75,81,-6,6
74129,198,179,19,19
74130,92,97,-5,5
74131,118,107,11,11
74132,57,63,-6,6
74133,155,142,13,13
74134,86,89,-3,3
74135,67,64,3,3
74136,178,146,32,32
74137,68,69,-1,1
74138,85,86,-1,1
74139,79,88,-9,9
74140,93,88,5,5
74141,50,62,-12,12
74142,58,62,-4,4
74143,104,105,-1,1
74144,100,97,3,3
74145,201,183,18,18
74146,105,107,-2,2
74147,105,107,-2,2
74148,90,94,-4,4
74149,68,79,-11,11
74150,74,82,-8,8
74151,60,61,-1,1
74152,59,94,-35,35
74153,97,103,-6,6
74154,87,89,-2,2
74155,55,65,-10,10
74156,111,105,6,6
74157,119,103,16,16
74158,115,114,1,1
74159,59,60,-1,1
74160,61,61,0,0
74161,30,58,-28,28
74162,96,94,2,2
74163,131,122,9,9
74164,183,172,11,11
74165,161,159,2,2
74166,146,139,7,7
74167,200,176,24,24
74168,100,102,-2,2
74169,114,109,5,5
74170,108,105,3,3
74171,73,72,1,1
74172,75,71,4,4
74173,72,70,2,2
74174,143,145,-2,2
74175,101,96,5,5
74176,66,68,-2,2
74177,164,139,25,25
74178,85,84,1,1
74179,88,91,-3,3
74180,98,101,-3,3
74181,54,125,-71,71
74182,95,100,-5,5
74183,64,68,-4,4
74184,144,132,12,12
74185,105,102,3,3
74186,102,110,-8,8
74187,114,98,16,16
74188,54,59,-5,5
74189,112,104,8,8
74190,181,159,22,22
74191,110,103,7,7
74192,75,64,11,11
74193,51,63,-12,12
74194,98,96,2,2
74195,85,91,-6,6
74196,54,64,-10,10
74197,57,62,-5,5
74198,77,91,-14,14
74199,66,80,-14,14
74200,84,76,8,8
74201,102,104,-2,2
74202,124,122,2,2
74203,129,123,6,6
74204,195,182,13,13
74205,111,110,1,1
74206,109,124,-15,15
74207,68,65,3,3
74208,57,63,-6,6
74209,76,93,-17,17
74210,99,96,3,3
74211,78,90,-12,12
74212,124,122,2,2
74213,83,77,6,6
74214,82,76,6,6
74215,73,72,1,1
74216,66,68,-2,2
74217,102,101,1,1
74218,107,112,-5,5
74219,101,99,2,2
74220,119,119,0,0
74221,120,125,-5,5
74222,69,71,-2,2
74223,80,99,-19,19
74224,113,110,3,3
74225,63,68,-5,5
74226,94,88,6,6
74227,146,147,-1,1
74228,109,105,4,4
74229,117,107,10,10
74230,66,67,-1,1
74231,151,134,17,17
74232,60,60,0,0
74233,146,154,-8,8
74234,135,128,7,7
74235,90,81,9,9
74236,48,58,-10,10
74237,71,67,4,4
74238,155,150,5,5
74239,86,74,12,12
74240,111,121,-10,10
74241,96,96,0,0
74242,137,147,-10,10
74243,81,91,-10,10
74244,60,66,-6,6
74245,83,111,-28,28
74246,106,106,0,0
74247,67,72,-5,5
74248,52,62,-10,10
74249,104,101,3,3
74250,73,83,-10,10
74251,87,103,-16,16
74252,148,141,7,7
74253,77,71,6,6
74254,92,98,-6,6
74255,201,180,21,21
74256,50,61,-11,11
74257,149,138,11,11
74258,150,125,25,25
74259,89,101,-12,12
74260,131,123,8,8
74261,73,65,8,8
74262,83,96,-13,13
74263,155,147,8,8
74264,80,63,17,17
74265,128,126,2,2
74266,59,63,-4,4
74267,85,95,-10,10
74268,87,107,-20,20
74269,85,82,3,3
74270,72,69,3,3
74271,72,78,-6,6
74272,56,60,-4,4
74273,127,120,7,7
74274,73,66,7,7
74275,94,80,14,14
74276,72,68,4,4
74277,48,61,-13,13
74278,130,112,18,18
74279,103,89,14,14
74280,96,88,8,8
74281,140,137,3,3
74282,63,67,-4,4
74283,61,63,-2,2
74284,78,79,-1,1
74285,75,68,7,7
74286,81,90,-9,9
74287,79,89,-10,10
74288,94,99,-5,5
74289,117,113,4,4
74290,59,61,-2,2
74291,84,85,-1,1
74292,149,139,10,10
74293,109,112,-3,3
74294,46,61,-15,15
74295,131,119,12,12
74296,118,110,8,8
74297,83,97,-14,14
74298,68,93,-25,25
74299,70,90,-20,20
74300,49,62,-13,13
74301,73,68,5,5
74302,132,129,3,3
74303,93,89,4,4
74304,159,156,3,3
74305,107,105,2,2
74306,185,162,23,23
74307,143,134,9,9
74308,60,67,-7,7
74309,78,73,5,5
74310,106,109,-3,3
74311,98,96,2,2
74312,101,91,10,10
74313,39,61,-22,22
74314,104,107,-3,3
74315,51,65,-14,14
74316,88,85,3,3
74317,83,84,-1,1
74318,116,127,-11,11
74319,59,62,-3,3
74320,88,87,1,1
74321,206,170,36,36
74322,147,121,26,26
74323,40,60,-20,20
74324,45,61,-16,16
74325,89,93,-4,4
74326,146,133,13,13
74327,76,83,-7,7
74328,92,74,18,18
74329,35,63,-28,28
74330,77,99,-22,22
74331,104,109,-5,5
74332,97,94,3,3
74333,135,128,7,7
74334,63,61,2,2
74335,54,61,-7,7
74336,117,119,-2,2
74337,79,72,7,7
74338,64,69,-5,5
74339,63,65,-2,2
74340,63,63,0,0
74341,80,85,-5,5
74342,136,129,7,7
74343,106,102,4,4
74344,76,70,6,6
74345,80,84,-4,4
74346,126,121,5,5
74347,96,93,3,3
74348,56,59,-3,3
74349,124,121,3,3
74350,137,131,6,6
74351,63,69,-6,6
74352,59,63,-4,4
74353,102,100,2,2
74354,41,62,-21,21
74355,84,93,-9,9
74356,99,102,-3,3
74357,108,115,-7,7
74358,125,122,3,3
74359,115,107,8,8
74360,84,88,-4,4
74361,100,106,-6,6
74362,128,124,4,4
74363,60,65,-5,5
74364,77,82,-5,5
74365,63,62,1,1
74366,90,105,-15,15
74367,64,76,-12,12
74368,61,58,3,3
74369,99,105,-6,6
74370,97,101,-4,4
74371,65,62,3,3
74372,99,104,-5,5
74373,181,159,22,22
74374,83,90,-7,7
74375,102,102,0,0
74376,136,139,-3,3
74377,56,61,-5,5
74378,132,124,8,8
74379,76,77,-1,1
74380,101,98,3,3
74381,110,95,15,15
74382,51,63,-12,12
74383,60,67,-7,7
74384,127,124,3,3
74385,81,108,-27,27
74386,59,62,-3,3
74387,82,81,1,1
74388,103,99,4,4
74389,99,97,2,2
74390,50,62,-12,12
74391,85,100,-15,15
74392,67,62,5,5
74393,125,115,10,10
74394,93,93,0,0
74395,116,110,6,6
74396,68,76,-8,8
74397,77,75,2,2
74398,95,98,-3,3
74399,59,64,-5,5
74400,111,100,11,11
74401,79,86,-7,7
74402,84,91,-7,7
74403,89,101,-12,12
74404,164,150,14,14
74405,72,70,2,2
74406,78,87,-9,9
74407,149,149,0,0
74408,95,78,17,17
74409,85,114,-29,29
74410,96,98,-2,2
74411,72,65,7,7
74412,112,102,10,10
74413,77,86,-9,9
74414,40,60,-20,20
74415,110,110,0,0
74416,59,68,-9,9
74417,107,105,2,2
74418,66,84,-18,18
74419,87,91,-4,4
74420,72,73,-1,1
74421,85,95,-10,10
74422,49,62,-13,13
74423,72,80,-8,8
74424,156,170,-14,14
74425,75,65,10,10
74426,83,88,-5,5
74427,107,110,-3,3
74428,97,94,3,3
74429,108,103,5,5
74430,89,85,4,4
74431,103,113,-10,10
74432,133,140,-7,7
74433,56,62,-6,6
74434,77,77,0,0
74435,88,102,-14,14
74436,106,117,-11,11
74437,134,133,1,1
74438,81,91,-10,10
74439,126,121,5,5
74440,69,70,-1,1
74441,120,154,-34,34
74442,121,136,-15,15
74443,62,65,-3,3
74444,85,83,2,2
74445,93,93,0,0
74446,111,107,4,4
74447,99,117,-18,18
74448,50,62,-12,12
74449,98,112,-14,14
74450,83,83,0,0
74451,94,104,-10,10
74452,144,136,8,8
74453,49,61,-12,12
74454,46,62,-16,16
74455,87,96,-9,9
74456,80,89,-9,9
74457,150,123,27,27
74458,67,75,-8,8
74459,39,62,-23,23
74460,82,80,2,2
74461,76,73,3,3
74462,56,60,-4,4
74463,33,61,-28,28
74464,95,93,2,2
74465,67,60,7,7
74466,87,95,-8,8
74467,101,99,2,2
74468,62,62,0,0
74469,62,71,-9,9
74470,93,89,4,4
74471,71,62,9,9
74472,79,85,-6,6
74473,86,83,3,3
74474,70,75,-5,5
74475,117,110,7,7
74476,51,85,-34,34
74477,168,147,21,21
74478,120,108,12,12
74479,99,97,2,2
74480,73,83,-10,10
74481,120,118,2,2
74482,136,126,10,10
74483,57,71,-14,14
74484,89,89,0,0
74485,89,97,-8,8
74486,81,91,-10,10
74487,72,60,12,12
74488,104,103,1,1
74489,141,130,11,11
74490,79,85,-6,6
74491,167,153,14,14
74492,86,88,-2,2
74493,138,120,18,18
74494,66,66,0,0
74495,59,60,-1,1
74496,110,119,-9,9
74497,82,79,3,3
74498,92,95,-3,3
74499,62,62,0,0
74500,82,70,12,12
74501,62,64,-2,2
74502,94,90,4,4
74503,135,151,-16,16
74504,227,234,-7,7
74505,85,90,-5,5
74506,74,87,-13,13
74507,106,136,-30,30
74508,52,60,-8,8
74509,96,131,-35,35
74510,97,101,-4,4
74511,143,140,3,3
74512,84,70,14,14
74513,77,67,10,10
74514,49,62,-13,13
74515,116,112,4,4
74516,67,100,-33,33
74517,74,82,-8,8
74518,83,81,2,2
74519,77,73,4,4
74520,113,114,-1,1
74521,125,117,8,8
74522,59,61,-2,2
74523,62,65,-3,3
74524,148,139,9,9
74525,56,65,-9,9
74526,85,97,-12,12
74527,158,134,24,24
74528,79,93,-14,14
74529,87,78,9,9
74530,115,141,-26,26
74531,62,62,0,0
74532,78,78,0,0
74533,107,101,6,6
74534,129,125,4,4
74535,109,104,5,5
74536,46,61,-15,15
74537,73,67,6,6
74538,47,61,-14,14
74539,57,63,-6,6
74540,136,134,2,2
74541,74,72,2,2
74542,73,68,5,5
74543,117,113,4,4
74544,64,61,3,3
74545,65,75,-10,10
74546,61,65,-4,4
74547,40,61,-21,21
74548,84,78,6,6
74549,96,103,-7,7
74550,108,99,9,9
74551,148,141,7,7
74552,111,110,1,1
74553,131,133,-2,2
74554,55,61,-6,6
74555,132,126,6,6
74556,156,125,31,31
74557,68,66,2,2
74558,109,113,-4,4
74559,65,64,1,1
74560,78,70,8,8
74561,136,125,11,11
74562,190,185,5,5
74563,157,149,8,8
74564,110,112,-2,2
74565,50,61,-11,11
74566,123,128,-5,5
74567,127,125,2,2
74568,88,92,-4,4
74569,116,113,3,3
74570,85,93,-8,8
74571,116,109,7,7
74572,181,168,13,13
74573,87,94,-7,7
74574,135,137,-2,2
74575,64,76,-12,12
74576,92,93,-1,1
74577,59,62,-3,3
74578,81,69,12,12
74579,71,68,3,3
74580,130,130,0,0
74581,96,93,3,3
74582,86,81,5,5
74583,107,121,-14,14
74584,118,109,9,9
74585,93,96,-3,3
74586,88,95,-7,7
74587,54,62,-8,8
74588,101,104,-3,3
74589,58,63,-5,5
74590,109,103,6,6
74591,106,111,-5,5
74592,139,130,9,9
74593,50,61,-11,11
74594,168,161,7,7
74595,115,117,-2,2
74596,70,74,-4,4
74597,92,95,-3,3
74598,133,130,3,3
74599,74,76,-2,2
74600,159,158,1,1
74601,120,120,0,0
74602,84,102,-18,18
74603,103,107,-4,4
74604,183,149,34,34
74605,139,131,8,8
74606,86,110,-24,24
74607,82,89,-7,7
74608,61,71,-10,10
74609,123,107,16,16
74610,87,89,-2,2
74611,135,133,2,2
74612,99,95,4,4
74613,74,69,5,5
74614,74,80,-6,6
74615,139,139,0,0
74616,85,89,-4,4
74617,70,73,-3,3
74618,106,103,3,3
74619,123,122,1,1
74620,100,102,-2,2
74621,61,61,0,0
74622,92,96,-4,4
74623,132,131,1,1
74624,59,63,-4,4
74625,226,195,31,31
74626,84,73,11,11
74627,165,169,-4,4
74628,83,94,-11,11
74629,115,109,6,6
74630,159,142,17,17
74631,93,92,1,1
74632,126,127,-1,1
74633,51,61,-10,10
74634,118,113,5,5
74635,80,67,13,13
74636,161,139,22,22
74637,91,94,-3,3
74638,83,83,0,0
74639,91,91,0,0
74640,234,213,21,21
74641,78,75,3,3
74642,101,97,4,4
74643,72,70,2,2
74644,92,71,21,21
74645,44,60,-16,16
74646,76,80,-4,4
74647,106,105,1,1
74648,119,113,6,6
74649,111,96,15,15
74650,111,115,-4,4
74651,105,100,5,5
74652,62,65,-3,3
74653,113,115,-2,2
74654,94,103,-9,9
74655,155,138,17,17
74656,59,61,-2,2
74657,86,98,-12,12
74658,61,60,1,1
74659,198,169,29,29
74660,83,84,-1,1
74661,50,61,-11,11
74662,126,118,8,8
74663,95,93,2,2
74664,95,91,4,4
74665,24,62,-38,38
74666,90,97,-7,7
74667,47,62,-15,15
74668,64,72,-8,8
74669,107,109,-2,2
74670,94,89,5,5
74671,77,78,-1,1
74672,111,122,-11,11
74673,107,108,-1,1
74674,33,62,-29,29
74675,73,71,2,2
74676,63,64,-1,1
74677,90,95,-5,5
74678,89,168,-79,79
74679,79,72,7,7
74680,128,127,1,1
74681,91,93,-2,2
74682,114,110,4,4
74683,103,98,5,5
74684,61,61,0,0
74685,122,129,-7,7
74686,114,109,5,5
74687,143,135,8,8
74688,75,76,-1,1
74689,66,63,3,3
74690,90,95,-5,5
74691,108,102,6,6
74692,74,78,-4,4
74693,137,133,4,4
74694,121,109,12,12
74695,85,105,-20,20
74696,47,61,-14,14
74697,51,61,-10,10
74698,79,71,8,8
74699,80,80,0,0
74700,111,108,3,3
74701,126,134,-8,8
74702,37,61,-24,24
74703,87,87,0,0
74704,102,102,0,0
74705,73,73,0,0
74706,81,99,-18,18
74707,85,71,14,14
74708,127,115,12,12
74709,127,113,14,14
74710,93,105,-12,12
74711,122,120,2,2
74712,175,153,22,22
74713,96,97,-1,1
74714,88,87,1,1
74715,162,141,21,21
74716,124,129,-5,5
74717,42,62,-20,20
74718,90,94,-4,4
74719,91,95,-4,4
74720,129,123,6,6
74721,53,61,-8,8
74722,75,77,-2,2
74723,88,102,-14,14
74724,70,65,5,5
74725,185,169,16,16
74726,105,105,0,0
74727,128,118,10,10
74728,103,101,2,2
74729,100,105,-5,5
74730,71,76,-5,5
74731,157,136,21,21
74732,103,109,-6,6
74733,118,115,3,3
74734,140,189,-49,49
74735,102,105,-3,3
74736,71,67,4,4
74737,143,146,-3,3
74738,58,65,-7,7
74739,96,100,-4,4
74740,112,111,1,1
74741,85,90,-5,5
74742,92,105,-13,13
74743,81,90,-9,9
74744,102,101,1,1
74745,43,64,-21,21
74746,87,84,3,3
74747,118,119,-1,1
74748,85,78,7,7
74749,100,101,-1,1
74750,83,95,-12,12
74751,83,64,19,19
74752,89,92,-3,3
74753,50,62,-12,12
74754,134,126,8,8
74755,65,61,4,4
74756,72,86,-14,14
74757,75,68,7,7
74758,78,75,3,3
74759,81,91,-10,10
74760,105,112,-7,7
74761,67,65,2,2
74762,136,69,67,67
74763,86,102,-16,16
74764,139,127,12,12
74765,78,73,5,5
74766,38,56,-18,18
74767,78,72,6,6
74768,59,62,-3,3
74769,91,90,1,1
74770,152,136,16,16
74771,148,148,0,0
74772,108,105,3,3
74773,77,69,8,8
74774,83,78,5,5
74775,89,90,-1,1
74776,104,98,6,6
74777,117,118,-1,1
74778,151,140,11,11
74779,45,62,-17,17
74780,60,61,-1,1
74781,125,122,3,3
74782,41,59,-18,18
74783,49,61,-12,12
74784,140,131,9,9
74785,90,94,-4,4
74786,93,98,-5,5
74787,100,91,9,9
74788,125,118,7,7
74789,114,116,-2,2
74790,128,124,4,4
74791,60,62,-2,2
74792,191,170,21,21
74793,140,141,-1,1
74794,82,100,-18,18
74795,76,70,6,6
74796,117,115,2,2
74797,83,93,-10,10
74798,82,79,3,3
74799,122,128,-6,6
74800,60,63,-3,3
74801,117,116,1,1
74802,96,93,3,3
74803,115,113,2,2
74804,134,125,9,9
74805,109,108,1,1
74806,91,88,3,3
74807,72,74,-2,2
74808,96,95,1,1
74809,80,88,-8,8
74810,71,74,-3,3
74811,95,90,5,5
74812,101,104,-3,3
74813,67,66,1,1
74814,87,95,-8,8
74815,89,93,-4,4
74816,62,63,-1,1
74817,126,149,-23,23
74818,78,91,-13,13
74819,100,106,-6,6
74820,96,94,2,2
74821,100,101,-1,1
74822,59,59,0,0
74823,93,94,-1,1
74824,120,115,5,5
74825,70,77,-7,7
74826,46,62,-16,16
74827,153,141,12,12
74828,91,94,-3,3
74829,94,99,-5,5
74830,74,90,-16,16
74831,87,76,11,11
74832,76,78,-2,2
74833,56,60,-4,4
74834,104,120,-16,16
74835,126,122,4,4
74836,115,111,4,4
74837,107,117,-10,10
74838,41,60,-19,19
74839,75,66,9,9
74840,76,84,-8,8
74841,75,78,-3,3
74842,50,62,-12,12
74843,118,116,2,2
74844,131,123,8,8
74845,92,135,-43,43
74846,113,107,6,6
74847,126,112,14,14
74848,65,73,-8,8
74849,128,120,8,8
74850,89,91,-2,2
74851,100,101,-1,1
74852,85,83,2,2
74853,166,146,20,20
74854,100,113,-13,13
74855,119,118,1,1
74856,72,63,9,9
74857,78,83,-5,5
74858,70,61,9,9
74859,84,87,-3,3
74860,56,60,-4,4
74861,18,62,-44,44
74862,75,80,-5,5
74863,107,116,-9,9
74864,86,80,6,6
74865,128,125,3,3
74866,99,108,-9,9
74867,69,74,-5,5
74868,130,117,13,13
74869,127,121,6,6
74870,188,168,20,20
74871,99,103,-4,4
74872,83,82,1,1
74873,105,112,-7,7
74874,56,60,-4,4
74875,84,81,3,3
74876,43,62,-19,19
74877,104,115,-11,11
74878,93,97,-4,4
74879,111,117,-6,6
74880,106,116,-10,10
74881,77,75,2,2
74882,74,69,5,5
74883,138,132,6,6
74884,47,61,-14,14
74885,158,149,9,9
74886,111,112,-1,1
74887,84,93,-9,9
74888,129,141,-12,12
74889,76,77,-1,1
74890,84,88,-4,4
74891,67,66,1,1
74892,61,60,1,1
74893,107,100,7,7
74894,79,70,9,9
74895,112,118,-6,6
74896,53,62,-9,9
74897,84,90,-6,6
74898,46,59,-13,13
74899,115,109,6,6
74900,48,62,-14,14
74901,51,61,-10,10
74902,73,92,-19,19
74903,81,104,-23,23
74904,53,62,-9,9
74905,144,134,10,10
74906,93,92,1,1
74907,63,78,-15,15
74908,47,62,-15,15
74909,117,105,12,12
74910,172,175,-3,3
74911,57,61,-4,4
74912,143,133,10,10
74913,108,112,-4,4
74914,140,126,14,14
74915,70,72,-2,2
74916,96,98,-2,2
74917,107,108,-1,1
74918,116,110,6,6
74919,120,117,3,3
74920,60,61,-1,1
74921,77,89,-12,12
74922,112,113,-1,1
74923,97,108,-11,11
74924,183,180,3,3
74925,95,97,-2,2
74926,92,92,0,0
74927,76,95,-19,19
74928,99,102,-3,3
74929,85,77,8,8
74930,76,89,-13,13
74931,93,101,-8,8
74932,50,61,-11,11
74933,55,63,-8,8
74934,88,93,-5,5
74935,97,108,-11,11
74936,83,86,-3,3
74937,54,61,-7,7
74938,86,88,-2,2
74939,77,82,-5,5
74940,282,372,-90,90
74941,136,126,10,10
74942,91,82,9,9
74943,150,158,-8,8
74944,66,69,-3,3
74945,71,82,-11,11
74946,87,87,0,0
74947,87,96,-9,9
74948,119,115,4,4
74949,148,133,15,15
74950,117,111,6,6
74951,85,93,-8,8
74952,97,97,0,0
74953,49,61,-12,12
74954,103,107,-4,4
74955,38,62,-24,24
74956,86,99,-13,13
74957,49,61,-12,12
74958,103,99,4,4
74959,103,141,-38,38
74960,45,58,-13,13
74961,103,102,1,1
74962,83,81,2,2
74963,95,93,2,2
74964,60,67,-7,7
74965,102,108,-6,6
74966,138,143,-5,5
74967,83,88,-5,5
74968,95,99,-4,4
74969,96,98,-2,2
74970,150,148,2,2
74971,53,62,-9,9
74972,133,115,18,18
74973,45,61,-16,16
74974,50,61,-11,11
74975,35,90,-55,55
74976,103,95,8,8
74977,58,63,-5,5
74978,72,76,-4,4
74979,100,106,-6,6
74980,95,94,1,1
74981,109,102,7,7
74982,57,68,-11,11
74983,68,94,-26,26
74984,89,90,-1,1
74985,129,121,8,8
74986,118,114,4,4
74987,114,112,2,2
74988,112,108,4,4
74989,103,99,4,4
74990,95,97,-2,2
74991,130,135,-5,5
74992,95,89,6,6
74993,129,120,9,9
74994,84,83,1,1
74995,103,110,-7,7
74996,146,138,8,8
74997,84,96,-12,12
74998,143,134,9,9
74999,84,92,-8,8
75000,69,79,-10,10
75001,94,102,-8,8
75002,56,72,-16,16
75003,133,127,6,6
75004,49,63,-14,14
75005,58,62,-4,4
75006,122,108,14,14
75007,117,115,2,2
75008,87,90,-3,3
75009,113,110,3,3
75010,60,60,0,0
75011,65,68,-3,3
75012,103,101,2,2
75013,152,135,17,17
75014,121,119,2,2
75015,119,113,6,6
75016,47,61,-14,14
75017,113,104,9,9
75018,101,101,0,0
75019,73,91,-18,18
75020,88,98,-10,10
75021,156,142,14,14
75022,99,93,6,6
75023,86,91,-5,5
75024,101,106,-5,5
75025,91,93,-2,2
75026,59,62,-3,3
75027,72,73,-1,1
75028,111,99,12,12
75029,108,110,-2,2
75030,78,86,-8,8
75031,63,66,-3,3
75032,97,101,-4,4
75033,76,77,-1,1
75034,94,107,-13,13
75035,83,83,0,0
75036,72,69,3,3
75037,113,101,12,12
75038,126,119,7,7
75039,86,99,-13,13
75040,67,59,8,8
75041,149,136,13,13
75042,89,85,4,4
75043,115,112,3,3
75044,111,100,11,11
75045,135,135,0,0
75046,54,62,-8,8
75047,123,123,0,0
75048,82,94,-12,12
75049,26,62,-36,36
75050,66,67,-1,1
75051,117,108,9,9
75052,135,138,-3,3
75053,70,67,3,3
75054,59,63,-4,4
75055,141,140,1,1
75056,64,60,4,4
75057,126,126,0,0
75058,97,97,0,0
75059,54,60,-6,6
75060,99,99,0,0
75061,138,124,14,14
75062,130,129,1,1
75063,111,95,16,16
75064,81,83,-2,2
75065,97,104,-7,7
75066,146,137,9,9
75067,92,91,1,1
75068,68,59,9,9
75069,70,70,0,0
75070,79,73,6,6
75071,57,62,-5,5
75072,70,65,5,5
75073,52,61,-9,9
75074,82,95,-13,13
75075,72,73,-1,1
75076,86,81,5,5
75077,124,112,12,12
75078,71,68,3,3
75079,75,64,11,11
75080,111,104,7,7
75081,85,77,8,8
75082,77,76,1,1
75083,116,117,-1,1
75084,121,128,-7,7
75085,63,61,2,2
75086,65,63,2,2
75087,92,96,-4,4
75088,115,109,6,6
75089,62,61,1,1
75090,90,91,-1,1
75091,50,61,-11,11
75092,81,88,-7,7
75093,33,62,-29,29
75094,141,130,11,11
75095,51,62,-11,11
75096,32,59,-27,27
75097,89,104,-15,15
75098,117,115,2,2
75099,97,105,-8,8
75100,92,86,6,6
75101,71,70,1,1
75102,76,74,2,2
75103,42,64,-22,22
75104,84,94,-10,10
75105,87,96,-9,9
75106,153,139,14,14
75107,91,96,-5,5
75108,59,105,-46,46
75109,69,67,2,2
75110,109,102,7,7
75111,115,105,10,10
75112,169,161,8,8
75113,67,67,0,0
75114,96,98,-2,2
75115,94,97,-3,3
75116,173,147,26,26
75117,96,95,1,1
75118,127,119,8,8
75119,58,61,-3,3
75120,69,64,5,5
75121,68,69,-1,1
75122,141,133,8,8
75123,110,133,-23,23
75124,46,94,-48,48
75125,56,118,-62,62
75126,99,113,-14,14
75127,117,117,0,0
75128,53,62,-9,9
75129,92,94,-2,2
75130,100,112,-12,12
75131,100,95,5,5
75132,92,101,-9,9
75133,67,60,7,7
75134,148,129,19,19
75135,122,129,-7,7
75136,162,149,13,13
75137,86,92,-6,6
75138,165,146,19,19
75139,106,99,7,7
75140,84,100,-16,16
75141,97,97,0,0
75142,61,59,2,2
75143,187,181,6,6
75144,153,154,-1,1
75145,57,61,-4,4
75146,101,102,-1,1
75147,154,125,29,29
75148,108,106,2,2
75149,55,61,-6,6
75150,113,101,12,12
75151,55,58,-3,3
75152,101,91,10,10
75153,91,99,-8,8
75154,89,97,-8,8
75155,96,94,2,2
75156,52,64,-12,12
75157,54,61,-7,7
75158,69,69,0,0
75159,95,110,-15,15
75160,88,87,1,1
75161,126,121,5,5
75162,82,96,-14,14
75163,76,83,-7,7
75164,112,104,8,8
75165,117,110,7,7
75166,113,108,5,5
75167,97,94,3,3
75168,98,99,-1,1
75169,83,80,3,3
75170,76,69,7,7
75171,80,70,10,10
75172,111,118,-7,7
75173,135,125,10,10
75174,62,65,-3,3
75175,140,135,5,5
75176,68,67,1,1
75177,141,141,0,0
75178,53,63,-10,10
75179,140,135,5,5
75180,74,69,5,5
75181,70,67,3,3
75182,78,91,-13,13
75183,103,98,5,5
75184,97,98,-1,1
75185,75,77,-2,2
75186,143,137,6,6
75187,163,149,14,14
75188,71,68,3,3
75189,58,62,-4,4
75190,69,68,1,1
75191,72,71,1,1
75192,158,150,8,8
75193,93,106,-13,13
75194,80,85,-5,5
75195,142,133,9,9
75196,46,68,-22,22
75197,76,69,7,7
75198,129,161,-32,32
75199,82,81,1,1
75200,146,131,15,15
75201,93,96,-3,3
75202,113,106,7,7
75203,142,143,-1,1
75204,72,68,4,4
75205,74,73,1,1
75206,88,104,-16,16
75207,105,113,-8,8
75208,110,113,-3,3
75209,83,82,1,1
75210,27,56,-29,29
75211,136,129,7,7
75212,81,81,0,0
75213,98,95,3,3
75214,120,118,2,2
75215,92,84,8,8
75216,145,142,3,3
75217,137,128,9,9
75218,103,110,-7,7
75219,121,131,-10,10
75220,54,69,-15,15
75221,112,109,3,3
75222,76,76,0,0
75223,89,90,-1,1
75224,160,159,1,1
75225,28,60,-32,32
75226,76,66,10,10
75227,165,155,10,10
75228,100,94,6,6
75229,152,135,17,17
75230,82,84,-2,2
75231,94,88,6,6
75232,60,65,-5,5
75233,125,120,5,5
75234,69,70,-1,1
75235,120,106,14,14
75236,91,91,0,0
75237,96,95,1,1
75238,45,61,-16,16
75239,56,60,-4,4
75240,76,73,3,3
75241,75,78,-3,3
75242,79,80,-1,1
75243,124,112,12,12
75244,106,100,6,6
75245,122,117,5,5
75246,51,61,-10,10
75247,69,69,0,0
75248,85,106,-21,21
75249,115,145,-30,30
75250,115,111,4,4
75251,115,109,6,6
75252,60,66,-6,6
75253,76,75,1,1
75254,32,62,-30,30
75255,79,80,-1,1
75256,44,60,-16,16
75257,58,61,-3,3
75258,130,127,3,3
75259,132,126,6,6
75260,79,79,0,0
75261,92,97,-5,5
75262,144,145,-1,1
75263,54,62,-8,8
75264,133,120,13,13
75265,64,74,-10,10
75266,92,95,-3,3
75267,156,146,10,10
75268,58,62,-4,4
75269,82,72,10,10
75270,86,89,-3,3
75271,173,161,12,12
75272,94,95,-1,1
75273,60,67,-7,7
75274,108,105,3,3
75275,126,125,1,1
75276,56,62,-6,6
75277,98,102,-4,4
75278,92,84,8,8
75279,117,107,10,10
75280,52,63,-11,11
75281,94,94,0,0
75282,78,76,2,2
75283,76,101,-25,25
75284,67,64,3,3
75285,124,128,-4,4
75286,128,122,6,6
75287,73,67,6,6
75288,62,63,-1,1
75289,100,108,-8,8
75290,130,128,2,2
75291,61,61,0,0
75292,262,224,38,38
75293,60,61,-1,1
75294,102,111,-9,9
75295,57,60,-3,3
75296,97,104,-7,7
75297,84,91,-7,7
75298,61,95,-34,34
75299,135,121,14,14
75300,104,87,17,17
75301,79,82,-3,3
75302,187,153,34,34
75303,62,61,1,1
75304,94,96,-2,2
75305,94,105,-11,11
75306,94,90,4,4
75307,126,114,12,12
75308,126,114,12,12
75309,108,103,5,5
75310,60,62,-2,2
75311,93,106,-13,13
75312,53,58,-5,5
75313,61,65,-4,4
75314,79,82,-3,3
75315,74,69,5,5
75316,50,61,-11,11
75317,75,65,10,10
75318,40,62,-22,22
75319,47,61,-14,14
75320,78,87,-9,9
75321,51,62,-11,11
75322,97,98,-1,1
75323,54,62,-8,8
75324,100,103,-3,3
75325,91,91,0,0
75326,48,62,-14,14
75327,46,61,-15,15
75328,153,145,8,8
75329,123,120,3,3
75330,52,61,-9,9
75331,92,90,2,2
75332,71,84,-13,13
75333,141,127,14,14
75334,46,61,-15,15
75335,72,75,-3,3
75336,84,84,0,0
75337,82,93,-11,11
75338,78,73,5,5
75339,77,69,8,8
75340,93,83,10,10
75341,47,62,-15,15
75342,67,65,2,2
75343,67,66,1,1
75344,113,106,7,7
75345,179,169,10,10
75346,95,99,-4,4
75347,164,153,11,11
75348,45,60,-15,15
75349,127,114,13,13
75350,118,122,-4,4
75351,96,93,3,3
75352,57,61,-4,4
75353,151,139,12,12
75354,69,95,-26,26
75355,79,89,-10,10
75356,86,86,0,0
75357,186,171,15,15
75358,147,132,15,15
75359,109,114,-5,5
75360,97,95,2,2
75361,110,105,5,5
75362,69,65,4,4
75363,65,66,-1,1
75364,119,113,6,6
75365,58,66,-8,8
75366,77,77,0,0
75367,97,104,-7,7
75368,95,98,-3,3
75369,123,124,-1,1
75370,107,124,-17,17
75371,117,112,5,5
75372,72,87,-15,15
75373,119,109,10,10
75374,103,101,2,2
75375,129,131,-2,2
75376,83,78,5,5
75377,248,255,-7,7
75378,93,84,9,9
75379,129,126,3,3
75380,68,80,-12,12
75381,117,114,3,3
75382,87,93,-6,6
75383,118,111,7,7
75384,98,95,3,3
75385,103,105,-2,2
75386,69,68,1,1
75387,110,105,5,5
75388,125,117,8,8
75389,113,112,1,1
75390,112,106,6,6
75391,81,72,9,9
75392,86,92,-6,6
75393,148,135,13,13
75394,102,97,5,5
75395,31,59,-28,28
75396,64,65,-1,1
75397,114,124,-10,10
75398,87,93,-6,6
75399,127,129,-2,2
75400,91,100,-9,9
75401,74,70,4,4
75402,175,152,23,23
75403,223,197,26,26
75404,87,80,7,7
75405,67,62,5,5
75406,59,62,-3,3
75407,104,95,9,9
75408,64,92,-28,28
75409,149,153,-4,4
75410,125,117,8,8
75411,45,62,-17,17
75412,93,98,-5,5
75413,86,91,-5,5
75414,80,76,4,4
75415,73,62,11,11
75416,92,86,6,6
75417,120,142,-22,22
75418,126,114,12,12
75419,73,70,3,3
75420,54,60,-6,6
75421,65,68,-3,3
75422,100,102,-2,2
75423,105,102,3,3
75424,85,79,6,6
75425,100,95,5,5
75426,81,93,-12,12
75427,67,67,0,0
75428,174,161,13,13
75429,132,123,9,9
75430,127,103,24,24
75431,96,104,-8,8
75432,73,69,4,4
75433,86,84,2,2
75434,73,71,2,2
75435,124,119,5,5
75436,75,68,7,7
75437,49,60,-11,11
75438,99,126,-27,27
75439,55,62,-7,7
75440,141,126,15,15
75441,62,67,-5,5
75442,75,73,2,2
75443,99,98,1,1
75444,97,96,1,1
75445,104,102,2,2
75446,96,91,5,5
75447,122,116,6,6
75448,101,105,-4,4
75449,109,110,-1,1
75450,111,108,3,3
75451,99,94,5,5
75452,77,89,-12,12
75453,118,123,-5,5
75454,89,91,-2,2
75455,75,85,-10,10
75456,59,61,-2,2
75457,57,64,-7,7
75458,99,94,5,5
75459,88,77,11,11
75460,106,99,7,7
75461,101,107,-6,6
75462,131,121,10,10
75463,127,121,6,6
75464,65,62,3,3
75465,101,94,7,7
75466,140,129,11,11
75467,122,115,7,7
75468,80,80,0,0
75469,128,128,0,0
75470,85,91,-6,6
75471,111,110,1,1
75472,78,92,-14,14
75473,93,95,-2,2
75474,42,61,-19,19
75475,66,61,5,5
75476,95,101,-6,6
75477,90,76,14,14
75478,100,107,-7,7
75479,82,83,-1,1
75480,67,78,-11,11
75481,105,100,5,5
75482,110,102,8,8
75483,56,61,-5,5
75484,37,60,-23,23
75485,65,68,-3,3
75486,72,75,-3,3
75487,106,104,2,2
75488,99,106,-7,7
75489,104,103,1,1
75490,87,93,-6,6
75491,76,88,-12,12
75492,53,61,-8,8
75493,57,65,-8,8
75494,69,62,7,7
75495,83,79,4,4
75496,56,61,-5,5
75497,78,78,0,0
75498,95,106,-11,11
75499,78,78,0,0
75500,74,70,4,4
75501,82,107,-25,25
75502,95,93,2,2
75503,85,78,7,7
75504,63,67,-4,4
75505,124,121,3,3
75506,67,63,4,4
75507,112,112,0,0
75508,94,99,-5,5
75509,69,66,3,3
75510,121,128,-7,7
75511,82,89,-7,7
75512,111,107,4,4
75513,126,120,6,6
75514,74,69,5,5
75515,81,76,5,5
75516,100,102,-2,2
75517,148,130,18,18
75518,88,92,-4,4
75519,70,68,2,2
75520,150,130,20,20
75521,88,85,3,3
75522,28,62,-34,34
75523,93,93,0,0
75524,96,105,-9,9
75525,90,91,-1,1
75526,150,154,-4,4
75527,75,87,-12,12
75528,93,106,-13,13
75529,150,140,10,10
75530,123,107,16,16
75531,133,130,3,3
75532,69,92,-23,23
75533,167,134,33,33
75534,46,56,-10,10
75535,92,101,-9,9
75536,54,63,-9,9
75537,154,134,20,20
75538,45,62,-17,17
75539,137,132,5,5
75540,115,107,8,8
75541,99,95,4,4
75542,93,92,1,1
75543,83,76,7,7
75544,115,104,11,11
75545,23,61,-38,38
75546,92,97,-5,5
75547,85,92,-7,7
75548,80,72,8,8
75549,190,180,10,10
75550,95,94,1,1
75551,153,135,18,18
75552,83,94,-11,11
75553,51,60,-9,9
75554,85,88,-3,3
75555,85,92,-7,7
75556,59,65,-6,6
75557,172,155,17,17
75558,53,60,-7,7
75559,128,111,17,17
75560,72,70,2,2
75561,130,118,12,12
75562,54,62,-8,8
75563,145,119,26,26
75564,94,102,-8,8
75565,111,108,3,3
75566,35,54,-19,19
75567,74,82,-8,8
75568,85,101,-16,16
75569,129,118,11,11
75570,49,61,-12,12
75571,56,63,-7,7
75572,99,96,3,3
75573,79,100,-21,21
75574,129,122,7,7
75575,74,75,-1,1
75576,78,93,-15,15
75577,70,72,-2,2
75578,157,167,-10,10
75579,98,100,-2,2
75580,66,68,-2,2
75581,75,77,-2,2
75582,76,70,6,6
75583,94,103,-9,9
75584,100,94,6,6
75585,50,61,-11,11
75586,98,100,-2,2
75587,96,102,-6,6
75588,134,130,4,4
75589,108,98,10,10
75590,212,194,18,18
75591,138,133,5,5
75592,88,87,1,1
75593,12,63,-51,51
75594,66,64,2,2
75595,98,94,4,4
75596,110,104,6,6
75597,75,72,3,3
75598,146,141,5,5
75599,176,180,-4,4
75600,91,83,8,8
75601,88,87,1,1
75602,51,61,-10,10
75603,190,164,26,26
75604,128,124,4,4
75605,74,74,0,0
75606,83,90,-7,7
75607,64,73,-9,9
75608,127,125,2,2
75609,130,115,15,15
75610,95,90,5,5
75611,66,160,-94,94
75612,46,58,-12,12
75613,79,82,-3,3
75614,110,112,-2,2
75615,116,111,5,5
75616,68,71,-3,3
75617,70,97,-27,27
75618,59,72,-13,13
75619,107,100,7,7
75620,77,93,-16,16
75621,97,120,-23,23
75622,160,145,15,15
75623,130,140,-10,10
75624,60,61,-1,1
75625,104,100,4,4
75626,91,94,-3,3
75627,89,101,-12,12
75628,49,63,-14,14
75629,155,147,8,8
75630,94,95,-1,1
75631,146,138,8,8
75632,87,96,-9,9
75633,127,120,7,7
75634,79,85,-6,6
75635,93,95,-2,2
75636,121,124,-3,3
75637,74,66,8,8
75638,113,112,1,1
75639,163,151,12,12
75640,122,107,15,15
75641,118,119,-1,1
75642,56,64,-8,8
75643,129,123,6,6
75644,128,117,11,11
75645,159,142,17,17
75646,62,63,-1,1
75647,108,111,-3,3
75648,72,68,4,4
75649,79,85,-6,6
75650,166,165,1,1
75651,62,68,-6,6
75652,144,141,3,3
75653,129,119,10,10
75654,72,71,1,1
75655,93,86,7,7
75656,86,98,-12,12
75657,126,118,8,8
75658,86,87,-1,1
75659,87,92,-5,5
75660,183,164,19,19
75661,68,70,-2,2
75662,80,74,6,6
75663,63,69,-6,6
75664,61,66,-5,5
75665,103,104,-1,1
75666,46,62,-16,16
75667,107,100,7,7
75668,127,122,5,5
75669,89,90,-1,1
75670,104,105,-1,1
75671,82,92,-10,10
75672,114,116,-2,2
75673,82,81,1,1
75674,109,110,-1,1
75675,105,106,-1,1
75676,67,71,-4,4
75677,64,62,2,2
75678,109,105,4,4
75679,50,62,-12,12
75680,49,62,-13,13
75681,89,95,-6,6
75682,163,153,10,10
75683,64,70,-6,6
75684,180,163,17,17
75685,73,119,-46,46
75686,155,144,11,11
75687,106,106,0,0
75688,102,99,3,3
75689,142,137,5,5
75690,62,60,2,2
75691,93,97,-4,4
75692,125,106,19,19
75693,71,69,2,2
75694,62,70,-8,8
75695,129,121,8,8
75696,109,117,-8,8
75697,174,155,19,19
75698,103,108,-5,5
75699,124,112,12,12
75700,74,82,-8,8
75701,96,94,2,2
75702,112,107,5,5
75703,78,80,-2,2
75704,59,60,-1,1
75705,54,62,-8,8
75706,86,84,2,2
75707,99,114,-15,15
75708,120,133,-13,13
75709,134,124,10,10
75710,141,125,16,16
75711,99,102,-3,3
75712,92,96,-4,4
75713,121,120,1,1
75714,74,72,2,2
75715,101,93,8,8
75716,14,120,-106,106
75717,80,83,-3,3
75718,88,83,5,5
75719,60,66,-6,6
75720,112,112,0,0
75721,153,129,24,24
75722,108,105,3,3
75723,98,102,-4,4
75724,78,101,-23,23
75725,115,139,-24,24
75726,71,68,3,3
75727,129,123,6,6
75728,56,60,-4,4
75729,68,66,2,2
75730,80,82,-2,2
75731,110,120,-10,10
75732,86,96,-10,10
75733,139,132,7,7
75734,125,118,7,7
75735,73,70,3,3
75736,122,114,8,8
75737,99,99,0,0
75738,78,77,1,1
75739,150,137,13,13
75740,112,94,18,18
75741,95,101,-6,6
75742,85,81,4,4
75743,67,70,-3,3
75744,91,88,3,3
75745,110,101,9,9
75746,88,71,17,17
75747,115,127,-12,12
75748,78,77,1,1
75749,89,99,-10,10
75750,71,68,3,3
75751,65,61,4,4
75752,67,84,-17,17
75753,144,130,14,14
75754,98,103,-5,5
75755,78,76,2,2
75756,130,128,2,2
75757,75,77,-2,2
75758,83,81,2,2
75759,72,71,1,1
75760,106,103,3,3
75761,44,61,-17,17
75762,108,104,4,4
75763,80,66,14,14
75764,98,105,-7,7
75765,97,97,0,0
75766,124,129,-5,5
75767,96,89,7,7
75768,71,70,1,1
75769,118,117,1,1
75770,115,112,3,3
75771,88,91,-3,3
75772,104,103,1,1
75773,75,67,8,8
75774,115,110,5,5
75775,94,89,5,5
75776,97,99,-2,2
75777,71,67,4,4
75778,73,91,-18,18
75779,64,68,-4,4
75780,61,63,-2,2
75781,46,62,-16,16
75782,81,79,2,2
75783,56,61,-5,5
75784,99,100,-1,1
75785,131,138,-7,7
75786,75,114,-39,39
75787,74,69,5,5
75788,111,108,3,3
75789,136,126,10,10
75790,81,80,1,1
75791,50,62,-12,12
75792,95,94,1,1
75793,108,121,-13,13
75794,62,105,-43,43
75795,78,79,-1,1
75796,92,103,-11,11
75797,42,61,-19,19
75798,102,111,-9,9
75799,104,108,-4,4
75800,55,67,-12,12
75801,69,78,-9,9
75802,90,95,-5,5
75803,63,93,-30,30
75804,101,105,-4,4
75805,43,61,-18,18
75806,69,71,-2,2
75807,109,105,4,4
75808,142,138,4,4
75809,140,134,6,6
75810,67,68,-1,1
75811,62,61,1,1
75812,114,103,11,11
75813,107,105,2,2
75814,85,109,-24,24
75815,167,155,12,12
75816,163,159,4,4
75817,85,91,-6,6
75818,73,85,-12,12
75819,109,106,3,3
75820,61,66,-5,5
75821,77,79,-2,2
75822,207,179,28,28
75823,99,102,-3,3
75824,182,158,24,24
75825,99,99,0,0
75826,83,90,-7,7
75827,75,76,-1,1
75828,139,132,7,7
75829,47,61,-14,14
75830,65,81,-16,16
75831,143,123,20,20
75832,73,73,0,0
75833,79,85,-6,6
75834,85,82,3,3
75835,88,97,-9,9
75836,141,129,12,12
75837,71,101,-30,30
75838,96,94,2,2
75839,153,143,10,10
75840,133,118,15,15
75841,80,92,-12,12
75842,171,167,4,4
75843,125,125,0,0
75844,91,85,6,6
75845,61,63,-2,2
75846,131,119,12,12
75847,136,115,21,21
75848,58,60,-2,2
75849,93,92,1,1
75850,88,89,-1,1
75851,68,69,-1,1
75852,129,123,6,6
75853,127,112,15,15
75854,98,144,-46,46
75855,87,92,-5,5
75856,84,89,-5,5
75857,51,84,-33,33
75858,72,70,2,2
75859,144,135,9,9
75860,96,100,-4,4
75861,61,61,0,0
75862,86,85,1,1
75863,78,70,8,8
75864,51,59,-8,8
75865,151,137,14,14
75866,109,103,6,6
75867,108,116,-8,8
75868,80,73,7,7
75869,67,62,5,5
75870,125,135,-10,10
75871,75,70,5,5
75872,176,174,2,2
75873,105,107,-2,2
75874,82,92,-10,10
75875,146,139,7,7
75876,49,130,-81,81
75877,68,90,-22,22
75878,119,118,1,1
75879,40,61,-21,21
75880,118,117,1,1
75881,65,65,0,0
75882,92,101,-9,9
75883,69,63,6,6
75884,110,106,4,4
75885,94,95,-1,1
75886,152,168,-16,16
75887,118,113,5,5
75888,72,72,0,0
75889,141,127,14,14
75890,43,62,-19,19
75891,122,113,9,9
75892,73,75,-2,2
75893,92,104,-12,12
75894,101,109,-8,8
75895,66,84,-18,18
75896,70,63,7,7
75897,43,62,-19,19
75898,84,80,4,4
75899,83,100,-17,17
75900,71,66,5,5
75901,97,90,7,7
75902,116,110,6,6
75903,107,116,-9,9
75904,152,138,14,14
75905,130,142,-12,12
75906,49,62,-13,13
75907,111,104,7,7
75908,124,110,14,14
75909,75,72,3,3
75910,112,125,-13,13
75911,111,113,-2,2
75912,97,96,1,1
75913,47,60,-13,13
75914,114,100,14,14
75915,107,115,-8,8
75916,93,95,-2,2
75917,107,106,1,1
75918,114,114,0,0
75919,124,128,-4,4
75920,133,116,17,17
75921,64,65,-1,1
75922,80,85,-5,5
75923,155,136,19,19
75924,98,107,-9,9
75925,82,67,15,15
75926,50,63,-13,13
75927,64,60,4,4
75928,97,105,-8,8
75929,123,110,13,13
75930,46,61,-15,15
75931,78,70,8,8
75932,122,118,4,4
75933,181,160,21,21
75934,64,70,-6,6
75935,56,61,-5,5
75936,72,86,-14,14
75937,141,129,12,12
75938,126,120,6,6
75939,71,63,8,8
75940,81,68,13,13
75941,137,123,14,14
75942,91,94,-3,3
75943,117,110,7,7
75944,160,153,7,7
75945,101,92,9,9
75946,55,63,-8,8
75947,104,106,-2,2
75948,72,70,2,2
75949,165,154,11,11
75950,74,69,5,5
75951,72,74,-2,2
75952,138,120,18,18
75953,87,95,-8,8
75954,66,64,2,2
75955,78,85,-7,7
75956,80,74,6,6
75957,111,112,-1,1
75958,132,128,4,4
75959,70,70,0,0
75960,96,96,0,0
75961,127,124,3,3
75962,121,119,2,2
75963,57,63,-6,6
75964,203,188,15,15
75965,94,98,-4,4
75966,81,98,-17,17
75967,52,62,-10,10
75968,150,136,14,14
75969,83,108,-25,25
75970,99,103,-4,4
75971,64,65,-1,1
75972,79,85,-6,6
75973,81,82,-1,1
75974,47,61,-14,14
75975,54,61,-7,7
75976,152,135,17,17
75977,44,61,-17,17
75978,87,90,-3,3
75979,161,152,9,9
75980,83,89,-6,6
75981,75,77,-2,2
75982,111,115,-4,4
75983,60,62,-2,2
75984,98,93,5,5
75985,74,84,-10,10
75986,81,73,8,8
75987,113,110,3,3
75988,110,101,9,9
75989,84,90,-6,6
75990,57,61,-4,4
75991,70,67,3,3
75992,175,152,23,23
75993,95,98,-3,3
75994,94,95,-1,1
75995,107,106,1,1
75996,75,77,-2,2
75997,85,97,-12,12
75998,162,136,26,26
75999,93,97,-4,4
76000,73,75,-2,2
76001,86,91,-5,5
76002,179,163,16,16
76003,202,186,16,16
76004,98,103,-5,5
76005,85,95,-10,10
76006,37,62,-25,25
76007,121,112,9,9
76008,128,124,4,4
76009,87,95,-8,8
76010,141,137,4,4
76011,70,61,9,9
76012,151,156,-5,5
76013,116,112,4,4
76014,81,78,3,3
76015,81,74,7,7
76016,89,95,-6,6
76017,124,109,15,15
76018,94,100,-6,6
76019,56,65,-9,9
76020,151,144,7,7
76021,157,146,11,11
76022,70,69,1,1
76023,154,141,13,13
76024,130,122,8,8
76025,121,113,8,8
76026,119,118,1,1
76027,94,99,-5,5
76028,62,68,-6,6
76029,99,94,5,5
76030,82,72,10,10
76031,145,141,4,4
76032,107,117,-10,10
76033,107,109,-2,2
76034,128,113,15,15
76035,52,61,-9,9
76036,103,102,1,1
76037,70,68,2,2
76038,161,158,3,3
76039,74,74,0,0
76040,70,64,6,6
76041,114,104,10,10
76042,150,143,7,7
76043,105,117,-12,12
76044,119,131,-12,12
76045,71,77,-6,6
76046,102,97,5,5
76047,43,58,-15,15
76048,84,89,-5,5
76049,70,77,-7,7
76050,82,88,-6,6
76051,74,61,13,13
76052,98,98,0,0
76053,55,64,-9,9
76054,110,113,-3,3
76055,145,148,-3,3
76056,80,81,-1,1
76057,137,131,6,6
76058,77,94,-17,17
76059,80,74,6,6
76060,73,66,7,7
76061,83,76,7,7
76062,100,96,4,4
76063,85,85,0,0
76064,101,104,-3,3
76065,79,83,-4,4
76066,89,99,-10,10
76067,60,63,-3,3
76068,112,100,12,12
76069,173,160,13,13
76070,60,62,-2,2
76071,41,62,-21,21
76072,57,62,-5,5
76073,88,95,-7,7
76074,101,96,5,5
76075,82,69,13,13
76076,100,98,2,2
76077,85,91,-6,6
76078,117,104,13,13
76079,83,90,-7,7
76080,162,145,17,17
76081,59,63,-4,4
76082,127,118,9,9
76083,170,146,24,24
76084,114,109,5,5
76085,111,107,4,4
76086,44,62,-18,18
76087,91,104,-13,13
76088,76,88,-12,12
76089,64,70,-6,6
76090,67,65,2,2
76091,135,125,10,10
76092,75,77,-2,2
76093,110,107,3,3
76094,84,80,4,4
76095,77,72,5,5
76096,97,100,-3,3
76097,85,94,-9,9
76098,61,61,0,0
76099,86,91,-5,5
76100,75,74,1,1
76101,83,109,-26,26
76102,168,154,14,14
76103,97,100,-3,3
76104,64,65,-1,1
76105,126,114,12,12
76106,85,94,-9,9
76107,111,111,0,0
76108,87,87,0,0
76109,101,108,-7,7
76110,162,131,31,31
76111,143,141,2,2
76112,123,112,11,11
76113,82,78,4,4
76114,101,101,0,0
76115,92,104,-12,12
76116,87,101,-14,14
76117,93,84,9,9
76118,100,108,-8,8
76119,92,90,2,2
76120,85,72,13,13
76121,49,60,-11,11
76122,79,95,-16,16
76123,58,62,-4,4
76124,85,96,-11,11
76125,61,62,-1,1
76126,140,132,8,8
76127,127,127,0,0
76128,152,141,11,11
76129,67,65,2,2
76130,64,62,2,2
76131,136,129,7,7
76132,74,68,6,6
76133,100,95,5,5
76134,158,143,15,15
76135,80,90,-10,10
76136,88,91,-3,3
76137,110,117,-7,7
76138,74,64,10,10
76139,116,119,-3,3
76140,82,81,1,1
76141,117,110,7,7
76142,81,83,-2,2
76143,74,74,0,0
76144,104,103,1,1
76145,147,127,20,20
76146,82,81,1,1
76147,50,61,-11,11
76148,180,163,17,17
76149,182,177,5,5
76150,63,77,-14,14
76151,190,159,31,31
76152,122,136,-14,14
76153,99,99,0,0
76154,66,72,-6,6
76155,53,67,-14,14
76156,63,65,-2,2
76157,125,139,-14,14
76158,112,103,9,9
76159,85,90,-5,5
76160,56,62,-6,6
76161,85,82,3,3
76162,70,79,-9,9
76163,83,92,-9,9
76164,135,128,7,7
76165,57,62,-5,5
76166,84,86,-2,2
76167,90,102,-12,12
76168,59,94,-35,35
76169,77,73,4,4
76170,64,62,2,2
76171,99,103,-4,4
76172,109,104,5,5
76173,97,101,-4,4
76174,92,86,6,6
76175,87,95,-8,8
76176,42,63,-21,21
76177,74,87,-13,13
76178,162,169,-7,7
76179,125,116,9,9
76180,178,173,5,5
76181,98,110,-12,12
76182,89,101,-12,12
76183,72,66,6,6
76184,78,77,1,1
76185,53,61,-8,8
76186,85,80,5,5
76187,122,114,8,8
76188,101,107,-6,6
76189,81,83,-2,2
76190,128,104,24,24
76191,98,100,-2,2
76192,154,160,-6,6
76193,122,123,-1,1
76194,63,63,0,0
76195,83,94,-11,11
76196,98,99,-1,1
76197,70,71,-1,1
76198,89,105,-16,16
76199,111,118,-7,7
76200,44,62,-18,18
76201,48,61,-13,13
76202,104,102,2,2
76203,106,106,0,0
76204,148,125,23,23
76205,128,126,2,2
76206,118,112,6,6
76207,105,94,11,11
76208,141,142,-1,1
76209,115,109,6,6
76210,161,151,10,10
76211,71,95,-24,24
76212,149,141,8,8
76213,77,77,0,0
76214,117,110,7,7
76215,119,112,7,7
76216,116,105,11,11
76217,88,90,-2,2
76218,107,112,-5,5
76219,72,89,-17,17
76220,137,147,-10,10
76221,122,124,-2,2
76222,126,123,3,3
76223,50,60,-10,10
76224,119,106,13,13
76225,79,73,6,6
76226,124,126,-2,2
76227,128,126,2,2
76228,132,116,16,16
76229,90,92,-2,2
76230,95,99,-4,4
76231,97,95,2,2
76232,63,67,-4,4
76233,109,105,4,4
76234,133,138,-5,5
76235,104,103,1,1
76236,35,103,-68,68
76237,72,71,1,1
76238,65,67,-2,2
76239,120,108,12,12
76240,135,154,-19,19
76241,130,117,13,13
76242,137,134,3,3
76243,81,75,6,6
76244,83,90,-7,7
76245,51,61,-10,10
76246,77,90,-13,13
76247,116,107,9,9
76248,72,82,-10,10
76249,97,104,-7,7
76250,78,74,4,4
76251,63,63,0,0
76252,130,132,-2,2
76253,158,147,11,11
76254,75,81,-6,6
76255,76,74,2,2
76256,101,100,1,1
76257,44,61,-17,17
76258,74,73,1,1
76259,98,94,4,4
76260,134,141,-7,7
76261,104,101,3,3
76262,88,91,-3,3
76263,179,183,-4,4
76264,46,62,-16,16
76265,141,134,7,7
76266,91,85,6,6
76267,72,73,-1,1
76268,82,83,-1,1
76269,73,75,-2,2
76270,139,125,14,14
76271,124,117,7,7
76272,100,96,4,4
76273,98,96,2,2
76274,80,83,-3,3
76275,97,113,-16,16
76276,62,66,-4,4
76277,136,136,0,0
76278,93,92,1,1
76279,104,104,0,0
76280,158,154,4,4
76281,105,100,5,5
76282,82,65,17,17
76283,150,144,6,6
76284,161,146,15,15
76285,68,66,2,2
76286,97,103,-6,6
76287,106,102,4,4
76288,75,72,3,3
76289,95,97,-2,2
76290,84,86,-2,2
76291,144,131,13,13
76292,115,114,1,1
76293,45,62,-17,17
76294,99,97,2,2
76295,91,92,-1,1
76296,75,71,4,4
76297,134,115,19,19
76298,69,65,4,4
76299,74,71,3,3
76300,53,62,-9,9
76301,74,80,-6,6
76302,95,96,-1,1
76303,54,62,-8,8
76304,96,95,1,1
76305,93,96,-3,3
76306,108,106,2,2
76307,104,120,-16,16
76308,80,83,-3,3
76309,87,77,10,10
76310,98,107,-9,9
76311,60,64,-4,4
76312,65,65,0,0
76313,75,89,-14,14
76314,80,93,-13,13
76315,81,94,-13,13
76316,123,111,12,12
76317,89,99,-10,10
76318,142,136,6,6
76319,64,62,2,2
76320,100,105,-5,5
76321,45,57,-12,12
76322,118,109,9,9
76323,73,74,-1,1
76324,74,73,1,1
76325,102,105,-3,3
76326,66,80,-14,14
76327,120,122,-2,2
76328,57,62,-5,5
76329,149,130,19,19
76330,131,129,2,2
76331,81,78,3,3
76332,61,68,-7,7
76333,89,97,-8,8
76334,66,64,2,2
76335,64,64,0,0
76336,76,83,-7,7
76337,124,116,8,8
76338,48,63,-15,15
76339,68,66,2,2
76340,100,103,-3,3
76341,96,97,-1,1
76342,50,62,-12,12
76343,85,93,-8,8
76344,85,91,-6,6
76345,61,64,-3,3
76346,91,82,9,9
76347,72,71,1,1
76348,129,116,13,13
76349,104,99,5,5
76350,54,64,-10,10
76351,53,61,-8,8
76352,105,110,-5,5
76353,91,106,-15,15
76354,66,72,-6,6
76355,59,61,-2,2
76356,118,114,4,4
76357,109,113,-4,4
76358,63,63,0,0
76359,63,60,3,3
76360,68,65,3,3
76361,166,171,-5,5
76362,84,76,8,8
76363,66,63,3,3
76364,100,109,-9,9
76365,104,101,3,3
76366,65,66,-1,1
76367,57,63,-6,6
76368,99,98,1,1
76369,96,111,-15,15
76370,71,69,2,2
76371,57,62,-5,5
76372,105,110,-5,5
76373,88,84,4,4
76374,54,62,-8,8
76375,181,156,25,25
76376,100,102,-2,2
76377,103,102,1,1
76378,138,124,14,14
76379,65,65,0,0
76380,71,72,-1,1
76381,70,66,4,4
76382,72,69,3,3
76383,66,61,5,5
76384,79,77,2,2
76385,169,154,15,15
76386,129,115,14,14
76387,129,106,23,23
76388,63,63,0,0
76389,92,93,-1,1
76390,109,110,-1,1
76391,58,64,-6,6
76392,108,100,8,8
76393,107,100,7,7
76394,162,157,5,5
76395,57,62,-5,5
76396,109,114,-5,5
76397,86,91,-5,5
76398,91,89,2,2
76399,89,84,5,5
76400,93,99,-6,6
76401,70,67,3,3
76402,73,68,5,5
76403,71,68,3,3
76404,59,60,-1,1
76405,166,158,8,8
76406,71,64,7,7
76407,71,63,8,8
76408,132,115,17,17
76409,103,110,-7,7
76410,114,105,9,9
76411,103,113,-10,10
76412,98,97,1,1
76413,92,86,6,6
76414,102,116,-14,14
76415,113,118,-5,5
76416,130,149,-19,19
76417,56,62,-6,6
76418,127,118,9,9
76419,53,66,-13,13
76420,129,123,6,6
76421,93,94,-1,1
76422,133,121,12,12
76423,93,93,0,0
76424,92,96,-4,4
76425,45,61,-16,16
76426,96,90,6,6
76427,104,130,-26,26
76428,65,63,2,2
76429,114,110,4,4
76430,52,62,-10,10
76431,80,86,-6,6
76432,135,132,3,3
76433,78,127,-49,49
76434,69,67,2,2
76435,61,77,-16,16
76436,75,69,6,6
76437,131,133,-2,2
76438,108,116,-8,8
76439,96,98,-2,2
76440,178,156,22,22
76441,171,170,1,1
76442,81,76,5,5
76443,91,88,3,3
76444,69,73,-4,4
76445,146,134,12,12
76446,111,103,8,8
76447,65,67,-2,2
76448,86,82,4,4
76449,79,97,-18,18
76450,108,102,6,6
76451,94,99,-5,5
76452,107,108,-1,1
76453,100,97,3,3
76454,121,110,11,11
76455,144,149,-5,5
76456,66,69,-3,3
76457,40,62,-22,22
76458,99,103,-4,4
76459,32,62,-30,30
76460,69,66,3,3
76461,145,140,5,5
76462,76,83,-7,7
76463,85,83,2,2
76464,53,60,-7,7
76465,27,61,-34,34
76466,55,66,-11,11
76467,41,61,-20,20
76468,57,63,-6,6
76469,83,113,-30,30
76470,77,69,8,8
76471,85,101,-16,16
76472,118,106,12,12
76473,55,62,-7,7
76474,62,62,0,0
76475,111,108,3,3
76476,108,105,3,3
76477,89,96,-7,7
76478,97,93,4,4
76479,94,100,-6,6
76480,61,65,-4,4
76481,82,94,-12,12
76482,83,88,-5,5
76483,140,143,-3,3
76484,152,129,23,23
76485,86,83,3,3
76486,33,62,-29,29
76487,88,90,-2,2
76488,71,68,3,3
76489,97,110,-13,13
76490,81,87,-6,6
76491,129,118,11,11
76492,55,63,-8,8
76493,122,122,0,0
76494,103,111,-8,8
76495,98,95,3,3
76496,89,84,5,5
76497,87,83,4,4
76498,79,91,-12,12
76499,98,106,-8,8
76500,49,66,-17,17
76501,82,83,-1,1
76502,120,115,5,5
76503,108,107,1,1
76504,169,154,15,15
76505,161,149,12,12
76506,134,132,2,2
76507,96,100,-4,4
76508,56,59,-3,3
76509,101,104,-3,3
76510,86,95,-9,9
76511,82,100,-18,18
76512,85,95,-10,10
76513,79,73,6,6
76514,78,87,-9,9
76515,105,117,-12,12
76516,142,131,11,11
76517,65,74,-9,9
76518,57,64,-7,7
76519,81,83,-2,2
76520,139,110,29,29
76521,84,82,2,2
76522,81,88,-7,7
76523,154,132,22,22
76524,147,134,13,13
76525,153,136,17,17
76526,73,77,-4,4
76527,141,128,13,13
76528,43,62,-19,19
76529,101,100,1,1
76530,42,61,-19,19
76531,78,79,-1,1
76532,97,115,-18,18
76533,65,69,-4,4
76534,58,62,-4,4
76535,79,93,-14,14
76536,95,96,-1,1
76537,105,116,-11,11
76538,37,63,-26,26
76539,82,100,-18,18
76540,130,125,5,5
76541,99,108,-9,9
76542,125,108,17,17
76543,51,63,-12,12
76544,87,91,-4,4
76545,147,147,0,0
76546,61,61,0,0
76547,122,122,0,0
76548,70,80,-10,10
76549,81,74,7,7
76550,93,93,0,0
76551,136,133,3,3
76552,61,66,-5,5
76553,75,86,-11,11
76554,118,104,14,14
76555,110,117,-7,7
76556,153,154,-1,1
76557,57,62,-5,5
76558,128,112,16,16
76559,118,106,12,12
76560,81,92,-11,11
76561,82,84,-2,2
76562,126,121,5,5
76563,110,110,0,0
76564,91,97,-6,6
76565,106,90,16,16
76566,92,91,1,1
76567,74,84,-10,10
76568,119,114,5,5
76569,47,62,-15,15
76570,81,94,-13,13
76571,101,99,2,2
76572,91,92,-1,1
76573,68,69,-1,1
76574,119,111,8,8
76575,90,90,0,0
76576,104,108,-4,4
76577,80,88,-8,8
76578,84,97,-13,13
76579,132,117,15,15
76580,32,66,-34,34
76581,139,127,12,12
76582,85,78,7,7
76583,83,89,-6,6
76584,55,63,-8,8
76585,98,111,-13,13
76586,177,168,9,9
76587,81,90,-9,9
76588,90,101,-11,11
76589,133,119,14,14
76590,85,69,16,16
76591,58,62,-4,4
76592,133,125,8,8
76593,81,80,1,1
76594,149,132,17,17
76595,107,106,1,1
76596,113,96,17,17
76597,108,101,7,7
76598,93,92,1,1
76599,100,93,7,7
76600,66,68,-2,2
76601,109,102,7,7
76602,77,91,-14,14
76603,208,174,34,34
76604,79,89,-10,10
76605,74,65,9,9
76606,74,68,6,6
76607,131,120,11,11
76608,127,113,14,14
76609,77,78,-1,1
76610,100,75,25,25
76611,82,115,-33,33
76612,100,104,-4,4
76613,65,74,-9,9
76614,97,104,-7,7
76615,146,128,18,18
76616,99,86,13,13
76617,117,107,10,10
76618,71,72,-1,1
76619,60,63,-3,3
76620,75,77,-2,2
76621,46,58,-12,12
76622,121,107,14,14
76623,55,62,-7,7
76624,119,120,-1,1
76625,178,163,15,15
76626,131,126,5,5
76627,123,115,8,8
76628,99,103,-4,4
76629,164,158,6,6
76630,69,69,0,0
76631,55,59,-4,4
76632,148,150,-2,2
76633,67,65,2,2
76634,138,132,6,6
76635,115,108,7,7
76636,134,124,10,10
76637,91,103,-12,12
76638,94,94,0,0
76639,114,106,8,8
76640,92,93,-1,1
76641,98,112,-14,14
76642,41,61,-20,20
76643,49,62,-13,13
76644,59,70,-11,11
76645,90,90,0,0
76646,165,150,15,15
76647,53,60,-7,7
76648,67,66,1,1
76649,77,77,0,0
76650,87,85,2,2
76651,65,61,4,4
76652,133,122,11,11
76653,98,98,0,0
76654,103,103,0,0
76655,85,85,0,0
76656,153,139,14,14
76657,85,73,12,12
76658,126,130,-4,4
76659,102,114,-12,12
76660,115,109,6,6
76661,78,96,-18,18
76662,152,151,1,1
76663,72,67,5,5
76664,65,63,2,2
76665,71,72,-1,1
76666,134,130,4,4
76667,104,104,0,0
76668,54,61,-7,7
76669,133,120,13,13
76670,99,93,6,6
76671,69,66,3,3
76672,169,159,10,10
76673,94,99,-5,5
76674,106,110,-4,4
76675,86,92,-6,6
76676,107,102,5,5
76677,52,60,-8,8
76678,71,75,-4,4
76679,87,83,4,4
76680,155,152,3,3
76681,58,62,-4,4
76682,144,132,12,12
76683,111,105,6,6
76684,90,92,-2,2
76685,74,61,13,13
76686,100,95,5,5
76687,112,109,3,3
76688,117,116,1,1
76689,48,94,-46,46
76690,107,95,12,12
76691,144,133,11,11
76692,86,79,7,7
76693,101,100,1,1
76694,94,101,-7,7
76695,129,112,17,17
76696,132,130,2,2
76697,61,62,-1,1
76698,103,107,-4,4
76699,104,99,5,5
76700,135,118,17,17
76701,76,84,-8,8
76702,112,113,-1,1
76703,114,102,12,12
76704,69,62,7,7
76705,92,82,10,10
76706,80,83,-3,3
76707,139,127,12,12
76708,76,71,5,5
76709,71,65,6,6
76710,100,101,-1,1
76711,106,97,9,9
76712,145,135,10,10
76713,76,90,-14,14
76714,92,104,-12,12
76715,49,61,-12,12
76716,110,105,5,5
76717,92,96,-4,4
76718,173,140,33,33
76719,98,103,-5,5
76720,175,148,27,27
76721,75,89,-14,14
76722,103,93,10,10
76723,111,136,-25,25
76724,215,202,13,13
76725,131,120,11,11
76726,67,72,-5,5
76727,127,133,-6,6
76728,72,72,0,0
76729,43,66,-23,23
76730,65,65,0,0
76731,69,65,4,4
76732,149,150,-1,1
76733,75,69,6,6
76734,81,86,-5,5
76735,76,65,11,11
76736,53,63,-10,10
76737,79,91,-12,12
76738,152,133,19,19
76739,97,99,-2,2
76740,48,61,-13,13
76741,107,107,0,0
76742,118,115,3,3
76743,78,79,-1,1
76744,98,119,-21,21
76745,121,112,9,9
76746,108,101,7,7
76747,59,60,-1,1
76748,95,99,-4,4
76749,98,101,-3,3
76750,71,67,4,4
76751,76,76,0,0
76752,100,108,-8,8
76753,70,68,2,2
76754,71,63,8,8
76755,94,76,18,18
76756,86,93,-7,7
76757,102,107,-5,5
76758,106,104,2,2
76759,74,86,-12,12
76760,49,62,-13,13
76761,103,102,1,1
76762,70,70,0,0
76763,168,159,9,9
76764,66,72,-6,6
76765,128,130,-2,2
76766,110,105,5,5
76767,82,72,10,10
76768,92,91,1,1
76769,187,174,13,13
76770,101,116,-15,15
76771,47,62,-15,15
76772,72,73,-1,1
76773,77,82,-5,5
76774,30,62,-32,32
76775,124,122,2,2
76776,218,180,38,38
76777,110,113,-3,3
76778,106,110,-4,4
76779,133,120,13,13
76780,88,76,12,12
76781,58,62,-4,4
76782,184,157,27,27
76783,152,133,19,19
76784,87,96,-9,9
76785,167,145,22,22
76786,93,100,-7,7
76787,130,107,23,23
76788,96,86,10,10
76789,119,122,-3,3
76790,81,80,1,1
76791,52,62,-10,10
76792,66,65,1,1
76793,102,106,-4,4
76794,76,72,4,4
76795,117,103,14,14
76796,98,93,5,5
76797,81,89,-8,8
76798,99,103,-4,4
76799,81,76,5,5
76800,64,67,-3,3
76801,139,142,-3,3
76802,84,89,-5,5
76803,68,65,3,3
76804,42,62,-20,20
76805,73,63,10,10
76806,158,130,28,28
76807,101,103,-2,2
76808,122,113,9,9
76809,76,94,-18,18
76810,129,152,-23,23
76811,99,93,6,6
76812,71,64,7,7
76813,80,77,3,3
76814,141,127,14,14
76815,48,61,-13,13
76816,146,131,15,15
76817,83,91,-8,8
76818,102,104,-2,2
76819,87,87,0,0
76820,83,76,7,7
76821,63,87,-24,24
76822,89,92,-3,3
76823,142,129,13,13
76824,90,98,-8,8
76825,97,95,2,2
76826,130,128,2,2
76827,88,86,2,2
76828,146,146,0,0
76829,118,108,10,10
76830,124,118,6,6
76831,108,116,-8,8
76832,53,61,-8,8
76833,78,81,-3,3
76834,54,61,-7,7
76835,121,110,11,11
76836,105,116,-11,11
76837,47,63,-16,16
76838,58,61,-3,3
76839,126,111,15,15
76840,165,143,22,22
76841,118,113,5,5
76842,54,61,-7,7
76843,98,96,2,2
76844,39,60,-21,21
76845,88,97,-9,9
76846,85,88,-3,3
76847,92,103,-11,11
76848,101,101,0,0
76849,69,76,-7,7
76850,70,65,5,5
76851,57,109,-52,52
76852,89,92,-3,3
76853,165,150,15,15
76854,88,94,-6,6
76855,142,131,11,11
76856,109,111,-2,2
76857,105,104,1,1
76858,94,98,-4,4
76859,124,118,6,6
76860,119,112,7,7
76861,41,60,-19,19
76862,102,104,-2,2
76863,90,71,19,19
76864,126,125,1,1
76865,59,73,-14,14
76866,74,72,2,2
76867,104,107,-3,3
76868,101,103,-2,2
76869,102,103,-1,1
76870,123,127,-4,4
76871,90,93,-3,3
76872,85,80,5,5
76873,85,95,-10,10
76874,57,62,-5,5
76875,73,74,-1,1
76876,73,76,-3,3
76877,106,110,-4,4
76878,47,62,-15,15
76879,91,98,-7,7
76880,93,89,4,4
76881,63,70,-7,7
76882,80,77,3,3
76883,71,67,4,4
76884,92,91,1,1
76885,125,114,11,11
76886,82,95,-13,13
76887,97,105,-8,8
76888,59,60,-1,1
76889,125,134,-9,9
76890,115,105,10,10
76891,103,100,3,3
76892,97,101,-4,4
76893,89,92,-3,3
76894,78,81,-3,3
76895,159,141,18,18
76896,117,123,-6,6
76897,100,95,5,5
76898,104,104,0,0
76899,97,108,-11,11
76900,114,106,8,8
76901,118,121,-3,3
76902,99,87,12,12
76903,98,97,1,1
76904,114,119,-5,5
76905,99,100,-1,1
76906,95,97,-2,2
76907,68,75,-7,7
76908,119,113,6,6
76909,125,113,12,12
76910,74,78,-4,4
76911,97,93,4,4
76912,101,99,2,2
76913,157,153,4,4
76914,141,131,10,10
76915,132,129,3,3
76916,104,106,-2,2
76917,85,91,-6,6
76918,110,109,1,1
76919,91,111,-20,20
76920,53,62,-9,9
76921,81,84,-3,3
76922,78,86,-8,8
76923,79,95,-16,16
76924,73,74,-1,1
76925,81,85,-4,4
76926,89,89,0,0
76927,78,76,2,2
76928,122,108,14,14
76929,64,68,-4,4
76930,52,62,-10,10
76931,87,94,-7,7
76932,134,127,7,7
76933,104,97,7,7
76934,116,116,0,0
76935,102,109,-7,7
76936,160,154,6,6
76937,83,76,7,7
76938,159,158,1,1
76939,130,135,-5,5
76940,92,92,0,0
76941,95,103,-8,8
76942,179,176,3,3
76943,132,114,18,18
76944,53,61,-8,8
76945,100,106,-6,6
76946,105,98,7,7
76947,77,81,-4,4
76948,115,110,5,5
76949,126,123,3,3
76950,91,95,-4,4
76951,79,86,-7,7
76952,40,61,-21,21
76953,128,119,9,9
76954,145,139,6,6
76955,153,141,12,12
76956,81,76,5,5
76957,113,118,-5,5
76958,138,120,18,18
76959,100,107,-7,7
76960,77,68,9,9
76961,71,72,-1,1
76962,110,111,-1,1
76963,118,116,2,2
76964,137,132,5,5
76965,94,102,-8,8
76966,65,64,1,1
76967,52,71,-19,19
76968,74,78,-4,4
76969,68,67,1,1
76970,101,103,-2,2
76971,104,102,2,2
76972,138,128,10,10
76973,71,70,1,1
76974,140,123,17,17
76975,83,86,-3,3
76976,91,94,-3,3
76977,125,111,14,14
76978,77,87,-10,10
76979,63,62,1,1
76980,116,111,5,5
76981,102,101,1,1
76982,121,125,-4,4
76983,116,112,4,4
76984,181,166,15,15
76985,112,116,-4,4
76986,151,150,1,1
76987,127,118,9,9
76988,87,89,-2,2
76989,123,116,7,7
76990,74,91,-17,17
76991,161,147,14,14
76992,48,62,-14,14
76993,207,189,18,18
76994,124,126,-2,2
76995,91,101,-10,10
76996,104,102,2,2
76997,118,120,-2,2
76998,112,110,2,2
76999,70,67,3,3
77000,76,69,7,7
77001,133,121,12,12
77002,79,69,10,10
77003,56,68,-12,12
77004,111,138,-27,27
77005,48,62,-14,14
77006,80,66,14,14
77007,144,150,-6,6
77008,39,62,-23,23
77009,91,96,-5,5
77010,97,97,0,0
77011,93,89,4,4
77012,142,128,14,14
77013,116,109,7,7
77014,86,101,-15,15
77015,128,131,-3,3
77016,101,113,-12,12
77017,53,59,-6,6
77018,153,139,14,14
77019,69,79,-10,10
77020,101,95,6,6
77021,146,143,3,3
77022,107,107,0,0
77023,86,92,-6,6
77024,44,62,-18,18
77025,64,70,-6,6
77026,90,68,22,22
77027,69,72,-3,3
77028,78,112,-34,34
77029,141,128,13,13
77030,54,63,-9,9
77031,61,61,0,0
77032,140,121,19,19
77033,158,150,8,8
77034,96,93,3,3
77035,159,147,12,12
77036,155,146,9,9
77037,152,134,18,18
77038,62,60,2,2
77039,84,77,7,7
77040,197,178,19,19
77041,123,116,7,7
77042,80,86,-6,6
77043,25,60,-35,35
77044,140,139,1,1
77045,65,73,-8,8
77046,67,99,-32,32
77047,62,66,-4,4
77048,71,67,4,4
77049,138,132,6,6
77050,73,73,0,0
77051,84,95,-11,11
77052,227,198,29,29
77053,97,94,3,3
77054,47,62,-15,15
77055,74,72,2,2
77056,75,83,-8,8
77057,64,67,-3,3
77058,107,108,-1,1
77059,60,65,-5,5
77060,70,70,0,0
77061,117,101,16,16
77062,110,113,-3,3
77063,118,114,4,4
77064,86,89,-3,3
77065,61,68,-7,7
77066,72,69,3,3
77067,153,137,16,16
77068,92,97,-5,5
77069,117,114,3,3
77070,79,77,2,2
77071,111,103,8,8
77072,48,62,-14,14
77073,71,63,8,8
77074,100,100,0,0
77075,90,84,6,6
77076,67,71,-4,4
77077,111,108,3,3
77078,68,66,2,2
77079,113,105,8,8
77080,78,94,-16,16
77081,94,95,-1,1
77082,86,94,-8,8
77083,131,127,4,4
77084,142,123,19,19
77085,83,95,-12,12
77086,62,86,-24,24
77087,74,64,10,10
77088,143,135,8,8
77089,163,157,6,6
77090,78,74,4,4
77091,42,62,-20,20
77092,69,69,0,0
77093,68,70,-2,2
77094,132,123,9,9
77095,59,62,-3,3
77096,107,106,1,1
77097,107,107,0,0
77098,49,61,-12,12
77099,114,113,1,1
77100,87,90,-3,3
77101,103,105,-2,2
77102,122,117,5,5
77103,114,113,1,1
77104,172,154,18,18
77105,69,74,-5,5
77106,57,65,-8,8
77107,108,108,0,0
77108,80,104,-24,24
77109,70,79,-9,9
77110,126,124,2,2
77111,102,99,3,3
77112,45,60,-15,15
77113,72,66,6,6
77114,174,151,23,23
77115,101,107,-6,6
77116,53,60,-7,7
77117,71,68,3,3
77118,157,158,-1,1
77119,139,129,10,10
77120,116,106,10,10
77121,86,76,10,10
77122,96,90,6,6
77123,107,109,-2,2
77124,98,106,-8,8
77125,89,95,-6,6
77126,117,122,-5,5
77127,108,109,-1,1
77128,54,61,-7,7
77129,116,116,0,0
77130,111,110,1,1
77131,139,136,3,3
77132,74,70,4,4
77133,117,120,-3,3
77134,106,114,-8,8
77135,158,142,16,16
77136,97,99,-2,2
77137,70,66,4,4
77138,106,110,-4,4
77139,82,78,4,4
77140,141,127,14,14
77141,132,122,10,10
77142,114,105,9,9
77143,145,132,13,13
77144,56,61,-5,5
77145,109,100,9,9
77146,131,116,15,15
77147,154,120,34,34
77148,73,68,5,5
77149,63,66,-3,3
77150,134,144,-10,10
77151,91,84,7,7
77152,127,126,1,1
77153,42,61,-19,19
77154,101,106,-5,5
77155,52,62,-10,10
77156,143,141,2,2
77157,92,92,0,0
77158,84,90,-6,6
77159,101,117,-16,16
77160,117,118,-1,1
77161,85,86,-1,1
77162,52,62,-10,10
77163,74,67,7,7
77164,78,64,14,14
77165,64,66,-2,2
77166,90,95,-5,5
77167,59,65,-6,6
77168,53,62,-9,9
77169,94,102,-8,8
77170,77,80,-3,3
77171,108,96,12,12
77172,138,125,13,13
77173,83,91,-8,8
77174,150,137,13,13
77175,108,102,6,6
77176,64,70,-6,6
77177,101,111,-10,10
77178,92,89,3,3
77179,150,135,15,15
77180,133,128,5,5
77181,42,59,-17,17
77182,43,62,-19,19
77183,63,60,3,3
77184,82,88,-6,6
77185,56,61,-5,5
77186,101,112,-11,11
77187,65,81,-16,16
77188,112,109,3,3
77189,50,60,-10,10
77190,130,118,12,12
77191,88,100,-12,12
77192,74,64,10,10
77193,129,132,-3,3
77194,57,66,-9,9
77195,110,107,3,3
77196,99,102,-3,3
77197,77,70,7,7
77198,117,114,3,3
77199,107,102,5,5
77200,62,58,4,4
77201,75,82,-7,7
77202,97,104,-7,7
77203,54,79,-25,25
77204,80,77,3,3
77205,84,81,3,3
77206,52,61,-9,9
77207,106,104,2,2
77208,99,112,-13,13
77209,92,92,0,0
77210,53,63,-10,10
77211,135,131,4,4
77212,116,102,14,14
77213,96,104,-8,8
77214,116,107,9,9
77215,90,90,0,0
77216,187,151,36,36
77217,55,95,-40,40
77218,48,54,-6,6
77219,77,81,-4,4
77220,74,78,-4,4
77221,97,106,-9,9
77222,159,146,13,13
77223,127,117,10,10
77224,83,88,-5,5
77225,67,67,0,0
77226,103,98,5,5
77227,68,59,9,9
77228,75,70,5,5
77229,88,92,-4,4
77230,82,124,-42,42
77231,128,116,12,12
77232,177,158,19,19
77233,140,128,12,12
77234,108,92,16,16
77235,59,61,-2,2
77236,97,99,-2,2
77237,105,105,0,0
77238,59,62,-3,3
77239,74,72,2,2
77240,63,59,4,4
77241,53,60,-7,7
77242,67,67,0,0
77243,88,89,-1,1
77244,116,112,4,4
77245,141,139,2,2
77246,123,118,5,5
77247,111,112,-1,1
77248,89,100,-11,11
77249,112,125,-13,13
77250,118,113,5,5
77251,51,61,-10,10
77252,165,161,4,4
77253,70,77,-7,7
77254,92,84,8,8
77255,156,128,28,28
77256,160,139,21,21
77257,64,63,1,1
77258,137,131,6,6
77259,93,93,0,0
77260,124,122,2,2
77261,77,79,-2,2
77262,128,125,3,3
77263,79,66,13,13
77264,61,86,-25,25
77265,112,107,5,5
77266,45,62,-17,17
77267,67,63,4,4
77268,126,120,6,6
77269,92,92,0,0
77270,74,74,0,0
77271,67,77,-10,10
77272,105,101,4,4
77273,167,160,7,7
77274,131,125,6,6
77275,84,127,-43,43
77276,110,115,-5,5
77277,72,81,-9,9
77278,71,167,-96,96
77279,115,116,-1,1
77280,159,148,11,11
77281,82,96,-14,14
77282,100,114,-14,14
77283,70,64,6,6
77284,104,105,-1,1
77285,49,60,-11,11
77286,104,109,-5,5
77287,101,107,-6,6
77288,66,73,-7,7
77289,87,91,-4,4
77290,85,97,-12,12
77291,124,129,-5,5
77292,121,110,11,11
77293,97,94,3,3
77294,63,63,0,0
77295,93,98,-5,5
77296,79,73,6,6
77297,49,61,-12,12
77298,95,96,-1,1
77299,76,81,-5,5
77300,133,130,3,3
77301,66,67,-1,1
77302,85,143,-58,58
77303,228,288,-60,60
77304,124,126,-2,2
77305,90,84,6,6
77306,95,110,-15,15
77307,54,60,-6,6
77308,82,123,-41,41
77309,155,137,18,18
77310,173,161,12,12
77311,171,150,21,21
77312,42,59,-17,17
77313,141,136,5,5
77314,92,90,2,2
77315,94,95,-1,1
77316,82,90,-8,8
77317,132,124,8,8
77318,124,114,10,10
77319,94,93,1,1
77320,60,64,-4,4
77321,58,64,-6,6
77322,102,109,-7,7
77323,112,110,2,2
77324,121,116,5,5
77325,133,135,-2,2
77326,54,67,-13,13
77327,105,109,-4,4
77328,82,90,-8,8
77329,104,97,7,7
77330,91,94,-3,3
77331,103,109,-6,6
77332,96,108,-12,12
77333,147,157,-10,10
77334,95,99,-4,4
77335,111,115,-4,4
77336,106,109,-3,3
77337,59,61,-2,2
77338,77,74,3,3
77339,97,83,14,14
77340,73,60,13,13
77341,105,101,4,4
77342,122,113,9,9
77343,55,65,-10,10
77344,108,107,1,1
77345,59,60,-1,1
77346,124,126,-2,2
77347,116,120,-4,4
77348,100,99,1,1
77349,76,81,-5,5
77350,102,97,5,5
77351,95,109,-14,14
77352,138,129,9,9
77353,119,115,4,4
77354,78,88,-10,10
77355,108,110,-2,2
77356,34,62,-28,28
77357,105,107,-2,2
77358,120,110,10,10
77359,91,94,-3,3
77360,103,113,-10,10
77361,75,72,3,3
77362,176,154,22,22
77363,85,80,5,5
77364,75,73,2,2
77365,103,108,-5,5
77366,81,87,-6,6
77367,105,113,-8,8
77368,50,60,-10,10
77369,118,112,6,6
77370,163,149,14,14
77371,137,126,11,11
77372,167,158,9,9
77373,116,116,0,0
77374,52,62,-10,10
77375,115,106,9,9
77376,188,180,8,8
77377,187,165,22,22
77378,84,81,3,3
77379,124,116,8,8
77380,95,96,-1,1
77381,79,92,-13,13
77382,72,64,8,8
77383,68,66,2,2
77384,116,112,4,4
77385,83,109,-26,26
77386,94,92,2,2
77387,63,65,-2,2
77388,200,210,-10,10
77389,61,66,-5,5
77390,148,134,14,14
77391,56,60,-4,4
77392,110,111,-1,1
77393,94,101,-7,7
77394,59,74,-15,15
77395,76,70,6,6
77396,67,74,-7,7
77397,102,107,-5,5
77398,165,140,25,25
77399,79,85,-6,6
77400,74,67,7,7
77401,136,126,10,10
77402,116,112,4,4
77403,95,101,-6,6
77404,112,119,-7,7
77405,65,70,-5,5
77406,43,61,-18,18
77407,92,93,-1,1
77408,48,62,-14,14
77409,75,78,-3,3
77410,118,120,-2,2
77411,99,120,-21,21
77412,101,101,0,0
77413,41,64,-23,23
77414,78,87,-9,9
77415,129,111,18,18
77416,109,116,-7,7
77417,81,76,5,5
77418,167,150,17,17
77419,55,77,-22,22
77420,202,175,27,27
77421,118,112,6,6
77422,122,121,1,1
77423,67,65,2,2
77424,67,67,0,0
77425,54,60,-6,6
77426,54,61,-7,7
77427,89,95,-6,6
77428,107,103,4,4
77429,94,95,-1,1
77430,72,65,7,7
77431,127,130,-3,3
77432,84,103,-19,19
77433,64,65,-1,1
77434,96,100,-4,4
77435,116,110,6,6
77436,127,122,5,5
77437,128,119,9,9
77438,118,127,-9,9
77439,62,65,-3,3
77440,73,64,9,9
77441,36,62,-26,26
77442,165,139,26,26
77443,100,106,-6,6
77444,65,66,-1,1
77445,75,81,-6,6
77446,75,92,-17,17
77447,97,103,-6,6
77448,93,107,-14,14
77449,57,65,-8,8
77450,59,59,0,0
77451,85,85,0,0
77452,99,110,-11,11
77453,87,93,-6,6
77454,102,110,-8,8
77455,75,84,-9,9
77456,92,95,-3,3
77457,79,94,-15,15
77458,50,64,-14,14
77459,48,62,-14,14
77460,217,181,36,36
77461,132,118,14,14
77462,101,101,0,0
77463,82,87,-5,5
77464,116,119,-3,3
77465,112,101,11,11
77466,66,77,-11,11
77467,81,92,-11,11
77468,56,61,-5,5
77469,97,92,5,5
77470,84,75,9,9
77471,37,61,-24,24
77472,74,71,3,3
77473,127,126,1,1
77474,54,60,-6,6
77475,80,79,1,1
77476,57,60,-3,3
77477,106,93,13,13
77478,91,94,-3,3
77479,103,105,-2,2
77480,114,101,13,13
77481,131,136,-5,5
77482,85,87,-2,2
77483,85,92,-7,7
77484,93,97,-4,4
77485,74,62,12,12
77486,88,96,-8,8
77487,52,60,-8,8
77488,41,62,-21,21
77489,82,84,-2,2
77490,112,108,4,4
77491,67,62,5,5
77492,69,84,-15,15
77493,150,133,17,17
77494,93,96,-3,3
77495,63,61,2,2
77496,95,86,9,9
77497,46,62,-16,16
77498,72,69,3,3
77499,77,83,-6,6
77500,87,94,-7,7
77501,121,122,-1,1
77502,149,135,14,14
77503,82,70,12,12
77504,57,60,-3,3
77505,127,113,14,14
77506,103,99,4,4
77507,96,99,-3,3
77508,82,79,3,3
77509,161,147,14,14
77510,133,126,7,7
77511,73,69,4,4
77512,71,62,9,9
77513,168,185,-17,17
77514,137,133,4,4
77515,72,70,2,2
77516,77,81,-4,4
77517,114,115,-1,1
77518,115,111,4,4
77519,70,62,8,8
77520,78,88,-10,10
77521,118,116,2,2
77522,88,90,-2,2
77523,81,78,3,3
77524,118,118,0,0
77525,60,59,1,1
77526,98,102,-4,4
77527,99,92,7,7
77528,55,62,-7,7
77529,100,99,1,1
77530,75,78,-3,3
77531,77,71,6,6
77532,139,135,4,4
77533,99,95,4,4
77534,106,109,-3,3
77535,92,100,-8,8
77536,87,91,-4,4
77537,55,62,-7,7
77538,89,99,-10,10
77539,106,113,-7,7
77540,161,162,-1,1
77541,72,72,0,0
77542,119,105,14,14
77543,90,88,2,2
77544,110,108,2,2
77545,51,61,-10,10
77546,63,66,-3,3
77547,42,59,-17,17
77548,85,80,5,5
77549,144,130,14,14
77550,69,75,-6,6
77551,43,61,-18,18
77552,94,100,-6,6
77553,178,183,-5,5
77554,80,81,-1,1
77555,65,66,-1,1
77556,62,65,-3,3
77557,62,63,-1,1
77558,144,142,2,2
77559,102,99,3,3
77560,104,107,-3,3
77561,45,59,-14,14
77562,57,59,-2,2
77563,132,114,18,18
77564,105,99,6,6
77565,99,99,0,0
77566,60,68,-8,8
77567,72,76,-4,4
77568,122,134,-12,12
77569,141,132,9,9
77570,94,92,2,2
77571,89,100,-11,11
77572,43,61,-18,18
77573,160,143,17,17
77574,84,74,10,10
77575,84,84,0,0
77576,90,97,-7,7
77577,68,65,3,3
77578,189,171,18,18
77579,77,90,-13,13
77580,59,62,-3,3
77581,139,132,7,7
77582,98,98,0,0
77583,147,132,15,15
77584,158,135,23,23
77585,97,95,2,2
77586,109,112,-3,3
77587,112,106,6,6
77588,74,72,2,2
77589,155,137,18,18
77590,75,71,4,4
77591,129,115,14,14
77592,189,176,13,13
77593,98,101,-3,3
77594,68,68,0,0
77595,100,102,-2,2
77596,136,118,18,18
77597,144,134,10,10
77598,123,121,2,2
77599,60,60,0,0
77600,131,120,11,11
77601,74,82,-8,8
77602,148,117,31,31
77603,112,106,6,6
77604,60,68,-8,8
77605,89,89,0,0
77606,83,95,-12,12
77607,100,94,6,6
77608,70,70,0,0
77609,119,125,-6,6
77610,52,64,-12,12
77611,72,73,-1,1
77612,127,121,6,6
77613,82,89,-7,7
77614,65,63,2,2
77615,75,68,7,7
77616,65,67,-2,2
77617,80,99,-19,19
77618,95,119,-24,24
77619,74,81,-7,7
77620,107,106,1,1
77621,63,65,-2,2
77622,117,113,4,4
77623,83,70,13,13
77624,74,68,6,6
77625,56,62,-6,6
77626,143,146,-3,3
77627,61,68,-7,7
77628,92,100,-8,8
77629,147,155,-8,8
77630,68,85,-17,17
77631,95,95,0,0
77632,80,90,-10,10
77633,129,118,11,11
77634,133,150,-17,17
77635,47,62,-15,15
77636,65,62,3,3
77637,85,89,-4,4
77638,100,97,3,3
77639,113,109,4,4
77640,104,98,6,6
77641,70,66,4,4
77642,16,61,-45,45
77643,102,98,4,4
77644,125,113,12,12
77645,83,89,-6,6
77646,114,101,13,13
77647,150,145,5,5
77648,164,144,20,20
77649,97,102,-5,5
77650,71,66,5,5
77651,78,78,0,0
77652,128,125,3,3
77653,111,104,7,7
77654,78,70,8,8
77655,83,83,0,0
77656,84,76,8,8
77657,81,88,-7,7
77658,103,111,-8,8
77659,91,97,-6,6
77660,79,80,-1,1
77661,84,88,-4,4
77662,143,121,22,22
77663,97,99,-2,2
77664,85,89,-4,4
77665,120,108,12,12
77666,88,103,-15,15
77667,114,107,7,7
77668,116,112,4,4
77669,72,86,-14,14
77670,101,98,3,3
77671,129,124,5,5
77672,119,109,10,10
77673,86,92,-6,6
77674,75,86,-11,11
77675,76,70,6,6
77676,84,73,11,11
77677,75,80,-5,5
77678,124,127,-3,3
77679,177,179,-2,2
77680,75,73,2,2
77681,117,112,5,5
77682,99,132,-33,33
77683,50,62,-12,12
77684,70,96,-26,26
77685,115,114,1,1
77686,60,62,-2,2
77687,96,95,1,1
77688,142,134,8,8
77689,87,82,5,5
77690,112,113,-1,1
77691,116,104,12,12
77692,56,63,-7,7
77693,158,154,4,4
77694,188,175,13,13
77695,181,160,21,21
77696,104,91,13,13
77697,159,150,9,9
77698,122,124,-2,2
77699,69,75,-6,6
77700,105,99,6,6
77701,84,94,-10,10
77702,80,82,-2,2
77703,62,59,3,3
77704,75,77,-2,2
77705,72,82,-10,10
77706,86,84,2,2
77707,99,126,-27,27
77708,59,62,-3,3
77709,104,100,4,4
77710,78,77,1,1
77711,97,101,-4,4
77712,129,120,9,9
77713,64,77,-13,13
77714,105,100,5,5
77715,93,92,1,1
77716,92,93,-1,1
77717,40,62,-22,22
77718,98,105,-7,7
77719,132,132,0,0
77720,67,72,-5,5
77721,51,83,-32,32
77722,81,94,-13,13
77723,142,151,-9,9
77724,145,136,9,9
77725,72,71,1,1
77726,102,102,0,0
77727,87,86,1,1
77728,111,109,2,2
77729,80,76,4,4
77730,85,91,-6,6
77731,144,130,14,14
77732,66,73,-7,7
77733,98,96,2,2
77734,91,96,-5,5
77735,61,64,-3,3
77736,46,61,-15,15
77737,89,99,-10,10
77738,105,98,7,7
77739,102,94,8,8
77740,100,101,-1,1
77741,58,63,-5,5
77742,116,117,-1,1
77743,73,80,-7,7
77744,96,95,1,1
77745,89,90,-1,1
77746,79,85,-6,6
77747,74,75,-1,1
77748,100,91,9,9
77749,35,60,-25,25
77750,49,62,-13,13
77751,79,73,6,6
77752,102,98,4,4
77753,104,87,17,17
77754,198,171,27,27
77755,136,130,6,6
77756,62,70,-8,8
77757,100,103,-3,3
77758,89,91,-2,2
77759,131,124,7,7
77760,82,85,-3,3
77761,157,144,13,13
77762,71,73,-2,2
77763,54,62,-8,8
77764,115,119,-4,4
77765,80,80,0,0
77766,69,65,4,4
77767,80,69,11,11
77768,89,93,-4,4
77769,91,94,-3,3
77770,171,153,18,18
77771,86,79,7,7
77772,120,116,4,4
77773,72,72,0,0
77774,67,63,4,4
77775,122,138,-16,16
77776,71,76,-5,5
77777,119,115,4,4
77778,80,83,-3,3
77779,110,100,10,10
77780,47,62,-15,15
77781,193,165,28,28
77782,80,79,1,1
77783,52,63,-11,11
77784,61,62,-1,1
77785,90,168,-78,78
77786,85,85,0,0
77787,74,72,2,2
77788,85,89,-4,4
77789,125,143,-18,18
77790,150,134,16,16
77791,89,91,-2,2
77792,93,94,-1,1
77793,131,130,1,1
77794,66,69,-3,3
77795,78,70,8,8
77796,151,143,8,8
77797,91,94,-3,3
77798,75,87,-12,12
77799,39,63,-24,24
77800,54,62,-8,8
77801,106,99,7,7
77802,128,126,2,2
77803,49,61,-12,12
77804,124,118,6,6
77805,76,77,-1,1
77806,89,90,-1,1
77807,48,59,-11,11
77808,135,147,-12,12
77809,108,110,-2,2
77810,113,105,8,8
77811,97,115,-18,18
77812,155,148,7,7
77813,154,133,21,21
77814,118,105,13,13
77815,87,87,0,0
77816,56,63,-7,7
77817,56,73,-17,17
77818,70,79,-9,9
77819,45,61,-16,16
77820,49,71,-22,22
77821,91,89,2,2
77822,76,69,7,7
77823,81,106,-25,25
77824,121,122,-1,1
77825,109,106,3,3
77826,72,101,-29,29
77827,75,75,0,0
77828,35,60,-25,25
77829,90,97,-7,7
77830,132,127,5,5
77831,140,174,-34,34
77832,75,80,-5,5
77833,76,72,4,4
77834,111,129,-18,18
77835,92,101,-9,9
77836,120,128,-8,8
77837,119,114,5,5
77838,78,89,-11,11
77839,86,84,2,2
77840,60,65,-5,5
77841,158,142,16,16
77842,94,93,1,1
77843,126,120,6,6
77844,112,103,9,9
77845,112,104,8,8
77846,73,76,-3,3
77847,94,100,-6,6
77848,133,119,14,14
77849,70,66,4,4
77850,83,76,7,7
77851,117,116,1,1
77852,104,101,3,3
77853,109,107,2,2
77854,173,150,23,23
77855,55,67,-12,12
77856,46,61,-15,15
77857,36,62,-26,26
77858,76,78,-2,2
77859,136,128,8,8
77860,102,102,0,0
77861,110,108,2,2
77862,94,91,3,3
77863,80,81,-1,1
77864,149,137,12,12
77865,249,218,31,31
77866,150,151,-1,1
77867,49,62,-13,13
77868,58,61,-3,3
77869,54,62,-8,8
77870,83,70,13,13
77871,119,106,13,13
77872,58,65,-7,7
77873,123,111,12,12
77874,125,121,4,4
77875,115,124,-9,9
77876,74,92,-18,18
77877,71,65,6,6
77878,162,140,22,22
77879,96,106,-10,10
77880,63,64,-1,1
77881,87,95,-8,8
77882,74,62,12,12
77883,70,92,-22,22
77884,114,117,-3,3
77885,72,69,3,3
77886,58,65,-7,7
77887,117,107,10,10
77888,77,100,-23,23
77889,57,67,-10,10
77890,142,131,11,11
77891,57,65,-8,8
77892,77,76,1,1
77893,100,121,-21,21
77894,92,110,-18,18
77895,53,63,-10,10
77896,98,93,5,5
77897,96,98,-2,2
77898,67,63,4,4
77899,69,66,3,3
77900,108,109,-1,1
77901,97,92,5,5
77902,75,71,4,4
77903,97,103,-6,6
77904,127,115,12,12
77905,87,82,5,5
77906,86,88,-2,2
77907,84,73,11,11
77908,86,90,-4,4
77909,88,89,-1,1
77910,97,99,-2,2
77911,86,89,-3,3
77912,79,91,-12,12
77913,183,168,15,15
77914,97,98,-1,1
77915,136,128,8,8
77916,78,75,3,3
77917,128,127,1,1
77918,116,109,7,7
77919,167,154,13,13
77920,143,154,-11,11
77921,72,74,-2,2
77922,101,101,0,0
77923,89,94,-5,5
77924,63,63,0,0
77925,136,125,11,11
77926,129,125,4,4
77927,77,76,1,1
77928,70,79,-9,9
77929,114,108,6,6
77930,100,110,-10,10
77931,133,122,11,11
77932,130,129,1,1
77933,64,62,2,2
77934,105,101,4,4
77935,171,150,21,21
77936,120,110,10,10
77937,95,100,-5,5
77938,72,74,-2,2
77939,75,65,10,10
77940,110,101,9,9
77941,119,108,11,11
77942,184,163,21,21
77943,132,124,8,8
77944,128,131,-3,3
77945,78,102,-24,24
77946,124,120,4,4
77947,123,121,2,2
77948,105,95,10,10
77949,51,62,-11,11
77950,89,105,-16,16
77951,58,62,-4,4
77952,112,106,6,6
77953,97,99,-2,2
77954,95,98,-3,3
77955,79,80,-1,1
77956,85,90,-5,5
77957,135,119,16,16
77958,127,130,-3,3
77959,95,89,6,6
77960,141,145,-4,4
77961,76,81,-5,5
77962,63,65,-2,2
77963,106,103,3,3
77964,95,91,4,4
77965,91,92,-1,1
77966,147,140,7,7
77967,124,115,9,9
77968,88,77,11,11
77969,70,73,-3,3
77970,80,94,-14,14
77971,41,62,-21,21
77972,59,61,-2,2
77973,97,104,-7,7
77974,61,64,-3,3
77975,148,127,21,21
77976,106,99,7,7
77977,102,111,-9,9
77978,66,69,-3,3
77979,75,69,6,6
77980,98,94,4,4
77981,58,62,-4,4
77982,59,63,-4,4
77983,53,61,-8,8
77984,53,75,-22,22
77985,121,106,15,15
77986,101,90,11,11
77987,145,129,16,16
77988,57,61,-4,4
77989,74,70,4,4
77990,65,65,0,0
77991,79,94,-15,15
77992,117,129,-12,12
77993,65,63,2,2
77994,64,69,-5,5
77995,81,77,4,4
77996,125,109,16,16
77997,67,66,1,1
77998,69,69,0,0
77999,59,60,-1,1
78000,126,115,11,11
78001,106,106,0,0
78002,63,63,0,0
78003,89,99,-10,10
78004,120,101,19,19
78005,97,100,-3,3
78006,70,67,3,3
78007,116,119,-3,3
78008,77,65,12,12
78009,49,62,-13,13
78010,71,65,6,6
78011,64,77,-13,13
78012,72,63,9,9
78013,128,115,13,13
78014,98,96,2,2
78015,66,65,1,1
78016,112,113,-1,1
78017,51,62,-11,11
78018,85,83,2,2
78019,100,95,5,5
78020,92,92,0,0
78021,111,112,-1,1
78022,100,116,-16,16
78023,96,98,-2,2
78024,166,147,19,19
78025,137,141,-4,4
78026,72,67,5,5
78027,115,116,-1,1
78028,88,90,-2,2
78029,91,94,-3,3
78030,103,117,-14,14
78031,47,59,-12,12
78032,86,107,-21,21
78033,136,124,12,12
78034,157,153,4,4
78035,124,123,1,1
78036,137,133,4,4
78037,101,105,-4,4
78038,74,65,9,9
78039,85,75,10,10
78040,45,61,-16,16
78041,168,153,15,15
78042,115,104,11,11
78043,116,130,-14,14
78044,84,94,-10,10
78045,102,101,1,1
78046,59,74,-15,15
78047,106,112,-6,6
78048,60,69,-9,9
78049,123,114,9,9
78050,85,74,11,11
78051,60,67,-7,7
78052,82,67,15,15
78053,160,139,21,21
78054,82,87,-5,5
78055,83,89,-6,6
78056,73,78,-5,5
78057,113,117,-4,4
78058,95,88,7,7
78059,100,98,2,2
78060,40,60,-20,20
78061,80,86,-6,6
78062,110,105,5,5
78063,144,138,6,6
78064,115,105,10,10
78065,64,77,-13,13
78066,119,111,8,8
78067,102,104,-2,2
78068,159,133,26,26
78069,104,98,6,6
78070,91,96,-5,5
78071,133,129,4,4
78072,98,98,0,0
78073,96,103,-7,7
78074,134,124,10,10
78075,160,143,17,17
78076,59,69,-10,10
78077,74,83,-9,9
78078,106,98,8,8
78079,64,63,1,1
78080,90,101,-11,11
78081,67,67,0,0
78082,100,100,0,0
78083,68,68,0,0
78084,159,144,15,15
78085,87,91,-4,4
78086,123,132,-9,9
78087,78,78,0,0
78088,95,92,3,3
78089,56,74,-18,18
78090,102,104,-2,2
78091,108,97,11,11
78092,73,67,6,6
78093,111,110,1,1
78094,137,131,6,6
78095,84,93,-9,9
78096,89,87,2,2
78097,70,84,-14,14
78098,78,85,-7,7
78099,152,142,10,10
78100,81,83,-2,2
78101,49,59,-10,10
78102,69,69,0,0
78103,102,94,8,8
78104,62,65,-3,3
78105,91,92,-1,1
78106,72,55,17,17
78107,47,61,-14,14
78108,184,153,31,31
78109,103,95,8,8
78110,69,72,-3,3
78111,51,59,-8,8
78112,120,128,-8,8
78113,105,90,15,15
78114,46,61,-15,15
78115,75,73,2,2
78116,71,67,4,4
78117,45,62,-17,17
78118,80,91,-11,11
78119,79,92,-13,13
78120,78,79,-1,1
78121,62,69,-7,7
78122,86,85,1,1
78123,122,120,2,2
78124,101,97,4,4
78125,72,74,-2,2
78126,141,131,10,10
78127,69,72,-3,3
78128,93,92,1,1
78129,55,60,-5,5
78130,121,114,7,7
78131,105,113,-8,8
78132,99,90,9,9
78133,195,167,28,28
78134,76,74,2,2
78135,124,113,11,11
78136,100,88,12,12
78137,152,149,3,3
78138,108,104,4,4
78139,49,62,-13,13
78140,176,158,18,18
78141,104,188,-84,84
78142,81,65,16,16
78143,97,96,1,1
78144,58,62,-4,4
78145,110,104,6,6
78146,55,64,-9,9
78147,69,67,2,2
78148,107,130,-23,23
78149,71,65,6,6
78150,88,95,-7,7
78151,43,60,-17,17
78152,117,118,-1,1
78153,81,66,15,15
78154,75,83,-8,8
78155,108,107,1,1
78156,63,64,-1,1
78157,74,79,-5,5
78158,68,70,-2,2
78159,62,62,0,0
78160,52,61,-9,9
78161,78,89,-11,11
78162,108,114,-6,6
78163,188,159,29,29
78164,61,64,-3,3
78165,77,74,3,3
78166,97,95,2,2
78167,67,70,-3,3
78168,77,105,-28,28
78169,91,97,-6,6
78170,69,71,-2,2
78171,131,132,-1,1
78172,56,61,-5,5
78173,49,62,-13,13
78174,126,123,3,3
78175,114,108,6,6
78176,90,95,-5,5
78177,75,92,-17,17
78178,83,72,11,11
78179,92,99,-7,7
78180,83,90,-7,7
78181,89,78,11,11
78182,85,86,-1,1
78183,70,66,4,4
78184,108,107,1,1
78185,71,73,-2,2
78186,68,63,5,5
78187,70,71,-1,1
78188,107,113,-6,6
78189,58,63,-5,5
78190,51,61,-10,10
78191,55,64,-9,9
78192,161,155,6,6
78193,46,60,-14,14
78194,92,93,-1,1
78195,154,146,8,8
78196,83,90,-7,7
78197,128,122,6,6
78198,73,79,-6,6
78199,87,87,0,0
78200,122,112,10,10
78201,108,98,10,10
78202,76,94,-18,18
78203,59,67,-8,8
78204,83,91,-8,8
78205,92,95,-3,3
78206,96,98,-2,2
78207,105,96,9,9
78208,58,63,-5,5
78209,81,77,4,4
78210,110,101,9,9
78211,44,61,-17,17
78212,81,80,1,1
78213,63,69,-6,6
78214,78,79,-1,1
78215,68,72,-4,4
78216,120,129,-9,9
78217,181,159,22,22
78218,141,135,6,6
78219,178,157,21,21
78220,64,61,3,3
78221,72,75,-3,3
78222,45,61,-16,16
78223,143,131,12,12
78224,145,129,16,16
78225,111,111,0,0
78226,86,88,-2,2
78227,125,128,-3,3
78228,79,87,-8,8
78229,67,72,-5,5
78230,173,155,18,18
78231,81,87,-6,6
78232,88,96,-8,8
78233,63,67,-4,4
78234,66,98,-32,32
78235,96,95,1,1
78236,100,91,9,9
78237,57,62,-5,5
78238,125,112,13,13
78239,156,144,12,12
78240,125,120,5,5
78241,133,126,7,7
78242,66,66,0,0
78243,159,157,2,2
78244,44,63,-19,19
78245,67,62,5,5
78246,105,102,3,3
78247,77,74,3,3
78248,64,72,-8,8
78249,62,89,-27,27
78250,69,65,4,4
78251,163,147,16,16
78252,62,68,-6,6
78253,50,62,-12,12
78254,100,101,-1,1
78255,108,101,7,7
78256,70,68,2,2
78257,97,95,2,2
78258,83,77,6,6
78259,137,146,-9,9
78260,70,68,2,2
78261,122,101,21,21
78262,79,87,-8,8
78263,52,73,-21,21
78264,86,94,-8,8
78265,93,91,2,2
78266,93,109,-16,16
78267,62,64,-2,2
78268,109,96,13,13
78269,107,111,-4,4
78270,83,84,-1,1
78271,57,62,-5,5
78272,61,67,-6,6
78273,43,62,-19,19
78274,156,131,25,25
78275,102,97,5,5
78276,56,69,-13,13
78277,199,181,18,18
78278,103,110,-7,7
78279,77,86,-9,9
78280,147,154,-7,7
78281,99,111,-12,12
78282,74,112,-38,38
78283,71,67,4,4
78284,142,133,9,9
78285,72,65,7,7
78286,28,45,-17,17
78287,99,112,-13,13
78288,145,149,-4,4
78289,51,61,-10,10
78290,132,129,3,3
78291,102,102,0,0
78292,69,70,-1,1
78293,142,131,11,11
78294,52,60,-8,8
78295,87,97,-10,10
78296,122,122,0,0
78297,93,103,-10,10
78298,85,94,-9,9
78299,101,99,2,2
78300,88,94,-6,6
78301,64,61,3,3
78302,131,123,8,8
78303,91,93,-2,2
78304,174,153,21,21
78305,50,62,-12,12
78306,78,88,-10,10
78307,76,84,-8,8
78308,118,114,4,4
78309,56,61,-5,5
78310,53,62,-9,9
78311,98,105,-7,7
78312,119,121,-2,2
78313,133,125,8,8
78314,66,64,2,2
78315,117,119,-2,2
78316,94,93,1,1
78317,79,87,-8,8
78318,114,113,1,1
78319,96,91,5,5
78320,81,86,-5,5
78321,83,89,-6,6
78322,74,81,-7,7
78323,89,93,-4,4
78324,73,82,-9,9
78325,160,151,9,9
78326,120,113,7,7
78327,52,61,-9,9
78328,127,128,-1,1
78329,93,91,2,2
78330,108,116,-8,8
78331,95,97,-2,2
78332,75,76,-1,1
78333,124,110,14,14
78334,90,95,-5,5
78335,101,107,-6,6
78336,44,61,-17,17
78337,113,109,4,4
78338,64,72,-8,8
78339,135,126,9,9
78340,147,134,13,13
78341,112,114,-2,2
78342,63,65,-2,2
78343,91,104,-13,13
78344,93,75,18,18
78345,116,109,7,7
78346,124,133,-9,9
78347,127,124,3,3
78348,114,123,-9,9
78349,137,114,23,23
78350,56,61,-5,5
78351,54,63,-9,9
78352,78,90,-12,12
78353,71,70,1,1
78354,72,73,-1,1
78355,67,73,-6,6
78356,48,62,-14,14
78357,115,132,-17,17
78358,53,62,-9,9
78359,95,98,-3,3
78360,56,71,-15,15
78361,45,61,-16,16
78362,209,188,21,21
78363,85,99,-14,14
78364,80,78,2,2
78365,139,144,-5,5
78366,64,63,1,1
78367,83,91,-8,8
78368,121,114,7,7
78369,102,110,-8,8
78370,94,93,1,1
78371,119,111,8,8
78372,59,62,-3,3
78373,61,110,-49,49
78374,74,72,2,2
78375,76,75,1,1
78376,91,95,-4,4
78377,132,116,16,16
78378,54,60,-6,6
78379,74,77,-3,3
78380,96,94,2,2
78381,60,67,-7,7
78382,91,98,-7,7
78383,102,104,-2,2
78384,131,125,6,6
78385,95,94,1,1
78386,35,62,-27,27
78387,70,88,-18,18
78388,115,106,9,9
78389,63,68,-5,5
78390,70,79,-9,9
78391,73,69,4,4
78392,79,83,-4,4
78393,114,115,-1,1
78394,75,94,-19,19
78395,103,104,-1,1
78396,111,107,4,4
78397,110,114,-4,4
78398,55,58,-3,3
78399,89,98,-9,9
78400,53,65,-12,12
78401,114,105,9,9
78402,104,107,-3,3
78403,45,62,-17,17
78404,122,117,5,5
78405,72,74,-2,2
78406,140,131,9,9
78407,132,119,13,13
78408,127,153,-26,26
78409,133,124,9,9
78410,66,66,0,0
78411,99,100,-1,1
78412,112,110,2,2
78413,104,91,13,13
78414,143,131,12,12
78415,107,101,6,6
78416,122,120,2,2
78417,166,155,11,11
78418,169,158,11,11
78419,165,163,2,2
78420,147,124,23,23
78421,63,63,0,0
78422,71,76,-5,5
78423,59,60,-1,1
78424,127,130,-3,3
78425,168,150,18,18
78426,43,61,-18,18
78427,103,101,2,2
78428,109,102,7,7
78429,99,105,-6,6
78430,71,71,0,0
78431,94,96,-2,2
78432,104,104,0,0
78433,96,100,-4,4
78434,85,78,7,7
78435,122,107,15,15
78436,85,90,-5,5
78437,49,62,-13,13
78438,44,68,-24,24
78439,65,63,2,2
78440,78,82,-4,4
78441,117,112,5,5
78442,103,97,6,6
78443,106,94,12,12
78444,97,105,-8,8
78445,167,174,-7,7
78446,50,61,-11,11
78447,134,121,13,13
78448,100,108,-8,8
78449,81,82,-1,1
78450,108,115,-7,7
78451,55,59,-4,4
78452,82,92,-10,10
78453,94,111,-17,17
78454,94,90,4,4
78455,61,63,-2,2
78456,141,138,3,3
78457,79,80,-1,1
78458,71,89,-18,18
78459,48,62,-14,14
78460,140,133,7,7
78461,70,81,-11,11
78462,63,63,0,0
78463,137,122,15,15
78464,40,61,-21,21
78465,103,100,3,3
78466,67,80,-13,13
78467,82,78,4,4
78468,119,120,-1,1
78469,131,126,5,5
78470,77,94,-17,17
78471,98,98,0,0
78472,148,149,-1,1
78473,91,93,-2,2
78474,95,98,-3,3
78475,60,63,-3,3
78476,72,71,1,1
78477,123,116,7,7
78478,68,67,1,1
78479,124,130,-6,6
78480,128,124,4,4
78481,114,118,-4,4
78482,90,89,1,1
78483,108,109,-1,1
78484,114,110,4,4
78485,33,58,-25,25
78486,95,100,-5,5
78487,113,111,2,2
78488,57,61,-4,4
78489,71,66,5,5
78490,110,146,-36,36
78491,67,71,-4,4
78492,59,64,-5,5
78493,105,107,-2,2
78494,132,119,13,13
78495,93,104,-11,11
78496,90,100,-10,10
78497,134,121,13,13
78498,32,62,-30,30
78499,108,144,-36,36
78500,81,71,10,10
78501,94,96,-2,2
78502,116,123,-7,7
78503,131,131,0,0
78504,63,72,-9,9
78505,96,97,-1,1
78506,71,61,10,10
78507,71,63,8,8
78508,79,90,-11,11
78509,115,108,7,7
78510,48,69,-21,21
78511,85,83,2,2
78512,113,107,6,6
78513,89,94,-5,5
78514,131,123,8,8
78515,91,99,-8,8
78516,72,68,4,4
78517,169,149,20,20
78518,133,129,4,4
78519,176,180,-4,4
78520,118,121,-3,3
78521,71,81,-10,10
78522,65,72,-7,7
78523,144,119,25,25
78524,72,87,-15,15
78525,70,77,-7,7
78526,70,71,-1,1
78527,117,106,11,11
78528,97,98,-1,1
78529,57,61,-4,4
78530,61,85,-24,24
78531,80,82,-2,2
78532,92,97,-5,5
78533,85,97,-12,12
78534,125,111,14,14
78535,90,99,-9,9
78536,80,73,7,7
78537,71,79,-8,8
78538,149,132,17,17
78539,69,65,4,4
78540,104,101,3,3
78541,95,96,-1,1
78542,129,110,19,19
78543,144,132,12,12
78544,61,62,-1,1
78545,130,121,9,9
78546,144,131,13,13
78547,39,62,-23,23
78548,114,111,3,3
78549,48,62,-14,14
78550,94,91,3,3
78551,92,91,1,1
78552,101,93,8,8
78553,79,94,-15,15
78554,113,103,10,10
78555,69,74,-5,5
78556,41,61,-20,20
78557,69,77,-8,8
78558,108,109,-1,1
78559,66,66,0,0
78560,93,84,9,9
78561,86,81,5,5
78562,79,75,4,4
78563,80,87,-7,7
78564,87,83,4,4
78565,179,157,22,22
78566,67,67,0,0
78567,71,79,-8,8
78568,86,79,7,7
78569,92,99,-7,7
78570,109,109,0,0
78571,45,61,-16,16
78572,84,83,1,1
78573,158,146,12,12
78574,92,89,3,3
78575,75,73,2,2
78576,84,85,-1,1
78577,65,75,-10,10
78578,104,95,9,9
78579,44,61,-17,17
78580,198,162,36,36
78581,124,115,9,9
78582,134,117,17,17
78583,122,110,12,12
78584,77,77,0,0
78585,103,100,3,3
78586,98,93,5,5
78587,59,61,-2,2
78588,87,70,17,17
78589,74,69,5,5
78590,67,74,-7,7
78591,85,89,-4,4
78592,79,72,7,7
78593,96,101,-5,5
78594,121,119,2,2
78595,98,110,-12,12
78596,145,127,18,18
78597,110,104,6,6
78598,144,140,4,4
78599,85,84,1,1
78600,114,121,-7,7
78601,95,96,-1,1
78602,51,67,-16,16
78603,97,96,1,1
78604,81,69,12,12
78605,81,81,0,0
78606,85,88,-3,3
78607,154,149,5,5
78608,125,119,6,6
78609,97,103,-6,6
78610,161,143,18,18
78611,144,125,19,19
78612,127,118,9,9
78613,88,91,-3,3
78614,180,165,15,15
78615,90,98,-8,8
78616,66,78,-12,12
78617,95,93,2,2
78618,94,102,-8,8
78619,75,79,-4,4
78620,65,73,-8,8
78621,111,118,-7,7
78622,67,64,3,3
78623,86,97,-11,11
78624,141,124,17,17
78625,102,102,0,0
78626,142,141,1,1
78627,188,176,12,12
78628,62,60,2,2
78629,104,112,-8,8
78630,63,62,1,1
78631,100,95,5,5
78632,148,134,14,14
78633,103,105,-2,2
78634,122,127,-5,5
78635,69,68,1,1
78636,89,89,0,0
78637,113,96,17,17
78638,135,130,5,5
78639,158,137,21,21
78640,74,66,8,8
78641,54,62,-8,8
78642,106,104,2,2
78643,56,106,-50,50
78644,113,107,6,6
78645,95,92,3,3
78646,134,127,7,7
78647,73,74,-1,1
78648,51,62,-11,11
78649,50,62,-12,12
78650,33,62,-29,29
78651,130,115,15,15
78652,111,137,-26,26
78653,58,64,-6,6
78654,103,102,1,1
78655,136,137,-1,1
78656,99,99,0,0
78657,99,95,4,4
78658,116,108,8,8
78659,149,134,15,15
78660,69,71,-2,2
78661,81,97,-16,16
78662,57,63,-6,6
78663,85,83,2,2
78664,78,101,-23,23
78665,94,94,0,0
78666,112,107,5,5
78667,141,115,26,26
78668,133,121,12,12
78669,85,95,-10,10
78670,100,105,-5,5
78671,62,62,0,0
78672,121,114,7,7
78673,54,61,-7,7
78674,154,143,11,11
78675,142,124,18,18
78676,104,121,-17,17
78677,103,102,1,1
78678,70,64,6,6
78679,118,112,6,6
78680,115,113,2,2
78681,145,143,2,2
78682,106,110,-4,4
78683,114,113,1,1
78684,87,92,-5,5
78685,155,135,20,20
78686,142,128,14,14
78687,132,120,12,12
78688,94,95,-1,1
78689,142,138,4,4
78690,150,144,6,6
78691,53,63,-10,10
78692,94,95,-1,1
78693,85,100,-15,15
78694,62,67,-5,5
78695,53,62,-9,9
78696,81,92,-11,11
78697,175,163,12,12
78698,55,61,-6,6
78699,72,90,-18,18
78700,93,95,-2,2
78701,73,85,-12,12
78702,47,62,-15,15
78703,67,69,-2,2
78704,117,109,8,8
78705,104,106,-2,2
78706,76,75,1,1
78707,99,88,11,11
78708,131,117,14,14
78709,84,95,-11,11
78710,105,114,-9,9
78711,157,132,25,25
78712,111,116,-5,5
78713,91,96,-5,5
78714,74,107,-33,33
78715,79,80,-1,1
78716,103,96,7,7
78717,119,109,10,10
78718,163,174,-11,11
78719,69,69,0,0
78720,112,107,5,5
78721,55,65,-10,10
78722,97,101,-4,4
78723,99,92,7,7
78724,58,65,-7,7
78725,125,112,13,13
78726,88,81,7,7
78727,81,84,-3,3
78728,158,156,2,2
78729,55,70,-15,15
78730,114,118,-4,4
78731,95,98,-3,3
78732,87,105,-18,18
78733,139,118,21,21
78734,79,75,4,4
78735,75,70,5,5
78736,56,62,-6,6
78737,113,130,-17,17
78738,148,135,13,13
78739,160,139,21,21
78740,97,103,-6,6
78741,88,92,-4,4
78742,89,86,3,3
78743,101,99,2,2
78744,53,62,-9,9
78745,97,109,-12,12
78746,67,67,0,0
78747,117,122,-5,5
78748,72,64,8,8
78749,40,62,-22,22
78750,48,61,-13,13
78751,88,85,3,3
78752,95,97,-2,2
78753,132,128,4,4
78754,63,63,0,0
78755,95,95,0,0
78756,84,88,-4,4
78757,33,62,-29,29
78758,70,70,0,0
78759,154,146,8,8
78760,163,149,14,14
78761,175,153,22,22
78762,92,90,2,2
78763,150,143,7,7
78764,67,67,0,0
78765,127,125,2,2
78766,131,145,-14,14
78767,194,166,28,28
78768,113,108,5,5
78769,106,106,0,0
78770,88,84,4,4
78771,75,71,4,4
78772,56,72,-16,16
78773,86,100,-14,14
78774,66,64,2,2
78775,171,157,14,14
78776,127,117,10,10
78777,110,108,2,2
78778,93,97,-4,4
78779,89,95,-6,6
78780,72,85,-13,13
78781,98,93,5,5
78782,77,78,-1,1
78783,93,94,-1,1
78784,112,98,14,14
78785,68,66,2,2
78786,104,114,-10,10
78787,78,73,5,5
78788,69,80,-11,11
78789,48,61,-13,13
78790,65,72,-7,7
78791,109,108,1,1
78792,90,106,-16,16
78793,141,134,7,7
78794,100,103,-3,3
78795,133,128,5,5
78796,110,102,8,8
78797,54,61,-7,7
78798,71,71,0,0
78799,144,136,8,8
78800,57,69,-12,12
78801,88,98,-10,10
78802,107,101,6,6
78803,128,118,10,10
78804,93,98,-5,5
78805,136,132,4,4
78806,107,95,12,12
78807,151,138,13,13
78808,114,109,5,5
78809,67,69,-2,2
78810,94,94,0,0
78811,90,84,6,6
78812,105,97,8,8
78813,132,118,14,14
78814,90,92,-2,2
78815,120,127,-7,7
78816,91,112,-21,21
78817,155,152,3,3
78818,62,61,1,1
78819,109,102,7,7
78820,100,107,-7,7
78821,160,139,21,21
78822,96,98,-2,2
78823,104,112,-8,8
78824,93,95,-2,2
78825,72,69,3,3
78826,59,75,-16,16
78827,74,69,5,5
78828,83,72,11,11
78829,92,89,3,3
78830,100,107,-7,7
78831,87,89,-2,2
78832,122,118,4,4
78833,78,73,5,5
78834,79,72,7,7
78835,138,119,19,19
78836,158,146,12,12
78837,75,78,-3,3
78838,100,94,6,6
78839,134,116,18,18
78840,138,144,-6,6
78841,82,96,-14,14
78842,52,62,-10,10
78843,74,75,-1,1
78844,60,63,-3,3
78845,49,61,-12,12
78846,45,57,-12,12
78847,83,81,2,2
78848,55,62,-7,7
78849,74,68,6,6
78850,96,93,3,3
78851,71,77,-6,6
78852,73,69,4,4
78853,104,114,-10,10
78854,57,61,-4,4
78855,79,79,0,0
78856,109,114,-5,5
78857,65,65,0,0
78858,129,136,-7,7
78859,75,73,2,2
78860,209,178,31,31
78861,102,99,3,3
78862,102,108,-6,6
78863,142,129,13,13
78864,140,117,23,23
78865,44,62,-18,18
78866,102,106,-4,4
78867,89,82,7,7
78868,86,82,4,4
78869,85,84,1,1
78870,88,85,3,3
78871,77,88,-11,11
78872,123,127,-4,4
78873,62,75,-13,13
78874,163,152,11,11
78875,114,114,0,0
78876,55,62,-7,7
78877,112,113,-1,1
78878,125,120,5,5
78879,123,123,0,0
78880,96,95,1,1
78881,111,104,7,7
78882,136,123,13,13
78883,75,78,-3,3
78884,134,134,0,0
78885,77,87,-10,10
78886,98,101,-3,3
78887,94,92,2,2
78888,77,82,-5,5
78889,83,80,3,3
78890,97,94,3,3
78891,82,85,-3,3
78892,126,120,6,6
78893,159,155,4,4
78894,100,109,-9,9
78895,100,114,-14,14
78896,121,124,-3,3
78897,117,100,17,17
78898,81,94,-13,13
78899,90,94,-4,4
78900,68,65,3,3
78901,110,110,0,0
78902,118,128,-10,10
78903,97,96,1,1
78904,81,73,8,8
78905,105,104,1,1
78906,95,92,3,3
78907,66,101,-35,35
78908,109,110,-1,1
78909,141,135,6,6
78910,52,56,-4,4
78911,80,75,5,5
78912,93,90,3,3
78913,76,74,2,2
78914,111,111,0,0
78915,107,100,7,7
78916,132,125,7,7
78917,100,101,-1,1
78918,138,125,13,13
78919,122,111,11,11
78920,105,105,0,0
78921,85,86,-1,1
78922,96,86,10,10
78923,60,61,-1,1
78924,106,102,4,4
78925,47,63,-16,16
78926,97,94,3,3
78927,36,61,-25,25
78928,111,99,12,12
78929,121,130,-9,9
78930,85,79,6,6
78931,95,109,-14,14
78932,78,80,-2,2
78933,113,116,-3,3
78934,72,68,4,4
78935,110,114,-4,4
78936,38,62,-24,24
78937,133,127,6,6
78938,52,87,-35,35
78939,49,62,-13,13
78940,57,60,-3,3
78941,209,168,41,41
78942,93,103,-10,10
78943,62,64,-2,2
78944,51,62,-11,11
78945,82,106,-24,24
78946,77,72,5,5
78947,165,142,23,23
78948,58,62,-4,4
78949,108,102,6,6
78950,43,62,-19,19
78951,83,87,-4,4
78952,92,92,0,0
78953,127,118,9,9
78954,47,61,-14,14
78955,78,77,1,1
78956,62,66,-4,4
78957,136,122,14,14
78958,121,121,0,0
78959,79,86,-7,7
78960,83,96,-13,13
78961,100,102,-2,2
78962,86,109,-23,23
78963,89,94,-5,5
78964,74,65,9,9
78965,133,128,5,5
78966,107,107,0,0
78967,89,88,1,1
78968,72,68,4,4
78969,78,106,-28,28
78970,52,62,-10,10
78971,94,103,-9,9
78972,107,108,-1,1
78973,61,62,-1,1
78974,224,191,33,33
78975,75,65,10,10
78976,53,61,-8,8
78977,95,101,-6,6
78978,63,61,2,2
78979,133,134,-1,1
78980,45,61,-16,16
78981,65,60,5,5
78982,93,94,-1,1
78983,68,77,-9,9
78984,86,93,-7,7
78985,116,112,4,4
78986,112,113,-1,1
78987,79,71,8,8
78988,83,80,3,3
78989,136,140,-4,4
78990,58,63,-5,5
78991,98,95,3,3
78992,216,213,3,3
78993,135,125,10,10
78994,87,88,-1,1
78995,99,95,4,4
78996,85,86,-1,1
78997,57,61,-4,4
78998,69,67,2,2
78999,72,70,2,2
79000,42,62,-20,20
79001,50,62,-12,12
79002,120,114,6,6
79003,43,62,-19,19
79004,58,61,-3,3
79005,64,70,-6,6
79006,47,63,-16,16
79007,118,108,10,10
79008,91,121,-30,30
79009,115,116,-1,1
79010,132,134,-2,2
79011,124,115,9,9
79012,127,137,-10,10
79013,90,89,1,1
79014,142,136,6,6
79015,72,73,-1,1
79016,91,99,-8,8
79017,93,99,-6,6
79018,159,154,5,5
79019,76,85,-9,9
79020,89,100,-11,11
79021,127,111,16,16
79022,76,77,-1,1
79023,101,95,6,6
79024,95,96,-1,1
79025,82,87,-5,5
79026,109,107,2,2
79027,108,101,7,7
79028,84,92,-8,8
79029,184,169,15,15
79030,77,71,6,6
79031,92,81,11,11
79032,57,63,-6,6
79033,104,117,-13,13
79034,118,121,-3,3
79035,111,106,5,5
79036,78,65,13,13
79037,122,112,10,10
79038,72,67,5,5
79039,106,97,9,9
79040,61,61,0,0
79041,106,108,-2,2
79042,122,120,2,2
79043,119,114,5,5
79044,141,124,17,17
79045,114,109,5,5
79046,124,111,13,13
79047,86,80,6,6
79048,43,60,-17,17
79049,177,168,9,9
79050,169,187,-18,18
79051,100,103,-3,3
79052,70,72,-2,2
79053,80,85,-5,5
79054,82,91,-9,9
79055,97,94,3,3
79056,112,104,8,8
79057,122,114,8,8
79058,62,62,0,0
79059,146,124,22,22
79060,77,90,-13,13
79061,95,97,-2,2
79062,167,146,21,21
79063,62,93,-31,31
79064,112,134,-22,22
79065,56,63,-7,7
79066,126,115,11,11
79067,127,117,10,10
79068,221,199,22,22
79069,180,167,13,13
79070,73,62,11,11
79071,53,63,-10,10
79072,82,93,-11,11
79073,58,62,-4,4
79074,78,74,4,4
79075,130,124,6,6
79076,39,62,-23,23
79077,93,116,-23,23
79078,87,87,0,0
79079,82,73,9,9
79080,130,138,-8,8
79081,74,72,2,2
79082,93,91,2,2
79083,69,79,-10,10
79084,57,63,-6,6
79085,79,76,3,3
79086,120,114,6,6
79087,91,87,4,4
79088,99,108,-9,9
79089,100,97,3,3
79090,93,92,1,1
79091,78,81,-3,3
79092,82,90,-8,8
79093,242,245,-3,3
79094,154,145,9,9
79095,63,62,1,1
79096,52,61,-9,9
79097,106,102,4,4
79098,87,110,-23,23
79099,106,108,-2,2
79100,36,61,-25,25
79101,108,126,-18,18
79102,153,181,-28,28
79103,44,63,-19,19
79104,119,113,6,6
79105,51,60,-9,9
79106,156,137,19,19
79107,114,129,-15,15
79108,123,117,6,6
79109,149,138,11,11
79110,90,88,2,2
79111,67,69,-2,2
79112,179,170,9,9
79113,123,121,2,2
79114,88,93,-5,5
79115,211,195,16,16
79116,149,133,16,16
79117,58,62,-4,4
79118,85,87,-2,2
79119,94,93,1,1
79120,125,128,-3,3
79121,50,60,-10,10
79122,78,72,6,6
79123,91,84,7,7
79124,166,156,10,10
79125,89,83,6,6
79126,55,62,-7,7
79127,140,131,9,9
79128,122,120,2,2
79129,92,77,15,15
79130,59,63,-4,4
79131,112,117,-5,5
79132,97,100,-3,3
79133,109,112,-3,3
79134,121,142,-21,21
79135,75,76,-1,1
79136,80,74,6,6
79137,104,103,1,1
79138,130,127,3,3
79139,148,145,3,3
79140,54,62,-8,8
79141,121,109,12,12
79142,65,82,-17,17
79143,51,62,-11,11
79144,142,123,19,19
79145,40,62,-22,22
79146,58,63,-5,5
79147,92,93,-1,1
79148,71,75,-4,4
79149,96,96,0,0
79150,118,111,7,7
79151,54,61,-7,7
79152,91,99,-8,8
79153,70,65,5,5
79154,85,86,-1,1
79155,47,56,-9,9
79156,137,130,7,7
79157,88,112,-24,24
79158,73,74,-1,1
79159,99,96,3,3
79160,68,72,-4,4
79161,174,169,5,5
79162,119,122,-3,3
79163,84,87,-3,3
79164,103,118,-15,15
79165,174,163,11,11
79166,98,98,0,0
79167,86,72,14,14
79168,101,105,-4,4
79169,88,79,9,9
79170,78,76,2,2
79171,94,94,0,0
79172,131,126,5,5
79173,104,97,7,7
79174,89,108,-19,19
79175,104,119,-15,15
79176,43,61,-18,18
79177,85,89,-4,4
79178,66,75,-9,9
79179,108,120,-12,12
79180,89,101,-12,12
79181,54,61,-7,7
79182,75,75,0,0
79183,85,96,-11,11
79184,94,95,-1,1
79185,58,62,-4,4
79186,191,174,17,17
79187,63,61,2,2
79188,73,69,4,4
79189,92,95,-3,3
79190,125,112,13,13
79191,90,96,-6,6
79192,128,125,3,3
79193,38,62,-24,24
79194,84,78,6,6
79195,85,83,2,2
79196,147,134,13,13
79197,54,61,-7,7
79198,78,80,-2,2
79199,117,107,10,10
79200,78,89,-11,11
79201,83,80,3,3
79202,125,145,-20,20
79203,108,108,0,0
79204,94,97,-3,3
79205,45,61,-16,16
79206,120,117,3,3
79207,86,88,-2,2
79208,85,90,-5,5
79209,50,61,-11,11
79210,89,89,0,0
79211,90,88,2,2
79212,75,71,4,4
79213,110,113,-3,3
79214,82,85,-3,3
79215,140,134,6,6
79216,102,103,-1,1
79217,78,88,-10,10
79218,90,95,-5,5
79219,49,62,-13,13
79220,60,60,0,0
79221,128,138,-10,10
79222,91,101,-10,10
79223,94,95,-1,1
79224,101,97,4,4
79225,90,93,-3,3
79226,115,111,4,4
79227,111,98,13,13
79228,110,118,-8,8
79229,64,67,-3,3
79230,112,103,9,9
79231,88,100,-12,12
79232,108,106,2,2
79233,100,101,-1,1
79234,66,63,3,3
79235,142,121,21,21
79236,64,65,-1,1
79237,140,130,10,10
79238,124,117,7,7
79239,66,65,1,1
79240,99,95,4,4
79241,78,69,9,9
79242,103,108,-5,5
79243,121,114,7,7
79244,96,93,3,3
79245,30,61,-31,31
79246,69,64,5,5
79247,97,91,6,6
79248,81,75,6,6
79249,72,70,2,2
79250,93,88,5,5
79251,84,96,-12,12
79252,84,94,-10,10
79253,98,102,-4,4
79254,57,69,-12,12
79255,81,85,-4,4
79256,88,96,-8,8
79257,98,97,1,1
79258,171,152,19,19
79259,76,75,1,1
79260,126,128,-2,2
79261,90,92,-2,2
79262,91,83,8,8
79263,94,89,5,5
79264,91,84,7,7
79265,122,121,1,1
79266,81,93,-12,12
79267,86,105,-19,19
79268,79,80,-1,1
79269,76,92,-16,16
79270,97,105,-8,8
79271,125,144,-19,19
79272,125,127,-2,2
79273,62,64,-2,2
79274,63,65,-2,2
79275,81,85,-4,4
79276,115,102,13,13
79277,162,156,6,6
79278,103,99,4,4
79279,64,68,-4,4
79280,153,134,19,19
79281,69,82,-13,13
79282,132,119,13,13
79283,76,69,7,7
79284,63,77,-14,14
79285,65,64,1,1
79286,89,91,-2,2
79287,165,142,23,23
79288,84,83,1,1
79289,89,84,5,5
79290,130,121,9,9
79291,73,65,8,8
79292,110,118,-8,8
79293,157,137,20,20
79294,82,92,-10,10
79295,100,100,0,0
79296,128,118,10,10
79297,122,120,2,2
79298,102,103,-1,1
79299,102,95,7,7
79300,86,75,11,11
79301,124,123,1,1
79302,157,141,16,16
79303,104,103,1,1
79304,94,96,-2,2
79305,59,61,-2,2
79306,103,99,4,4
79307,78,71,7,7
79308,73,73,0,0
79309,76,74,2,2
79310,112,126,-14,14
79311,103,119,-16,16
79312,159,135,24,24
79313,42,62,-20,20
79314,83,77,6,6
79315,108,107,1,1
79316,129,118,11,11
79317,129,122,7,7
79318,145,131,14,14
79319,70,70,0,0
79320,71,67,4,4
79321,60,62,-2,2
79322,100,98,2,2
79323,173,163,10,10
79324,156,138,18,18
79325,101,99,2,2
79326,99,100,-1,1
79327,130,124,6,6
79328,68,125,-57,57
79329,138,126,12,12
79330,138,134,4,4
79331,126,123,3,3
79332,74,67,7,7
79333,75,72,3,3
79334,79,75,4,4
79335,67,70,-3,3
79336,80,121,-41,41
79337,86,73,13,13
79338,57,63,-6,6
79339,111,122,-11,11
79340,95,99,-4,4
79341,85,83,2,2
79342,88,86,2,2
79343,72,67,5,5
79344,22,105,-83,83
79345,97,86,11,11
79346,130,115,15,15
79347,55,61,-6,6
79348,95,93,2,2
79349,86,85,1,1
79350,53,61,-8,8
79351,66,65,1,1
79352,122,129,-7,7
79353,130,128,2,2
79354,135,129,6,6
79355,47,62,-15,15
79356,65,103,-38,38
79357,46,61,-15,15
79358,155,131,24,24
79359,60,64,-4,4
79360,75,82,-7,7
79361,97,92,5,5
79362,142,124,18,18
79363,57,63,-6,6
79364,80,80,0,0
79365,44,61,-17,17
79366,107,108,-1,1
79367,39,62,-23,23
79368,163,157,6,6
79369,152,160,-8,8
79370,119,114,5,5
79371,98,89,9,9
79372,67,95,-28,28
79373,61,61,0,0
79374,99,103,-4,4
79375,62,64,-2,2
79376,68,65,3,3
79377,72,78,-6,6
79378,83,92,-9,9
79379,103,98,5,5
79380,116,125,-9,9
79381,122,121,1,1
79382,88,96,-8,8
79383,129,118,11,11
79384,86,85,1,1
79385,82,88,-6,6
79386,83,93,-10,10
79387,71,87,-16,16
79388,77,77,0,0
79389,100,105,-5,5
79390,206,190,16,16
79391,152,168,-16,16
79392,58,62,-4,4
79393,141,134,7,7
79394,96,89,7,7
79395,149,127,22,22
79396,80,74,6,6
79397,48,62,-14,14
79398,75,77,-2,2
79399,95,92,3,3
79400,126,128,-2,2
79401,74,74,0,0
79402,95,93,2,2
79403,59,68,-9,9
79404,164,159,5,5
79405,95,93,2,2
79406,46,55,-9,9
79407,88,91,-3,3
79408,135,140,-5,5
79409,140,125,15,15
79410,103,105,-2,2
79411,69,66,3,3
79412,144,124,20,20
79413,147,135,12,12
79414,105,116,-11,11
79415,154,125,29,29
79416,77,75,2,2
79417,74,77,-3,3
79418,132,120,12,12
79419,56,60,-4,4
79420,48,61,-13,13
79421,77,76,1,1
79422,20,59,-39,39
79423,94,101,-7,7
79424,66,69,-3,3
79425,72,70,2,2
79426,130,119,11,11
79427,282,245,37,37
79428,139,119,20,20
79429,99,110,-11,11
79430,67,68,-1,1
79431,72,79,-7,7
79432,96,110,-14,14
79433,76,80,-4,4
79434,119,112,7,7
79435,93,88,5,5
79436,61,65,-4,4
79437,79,71,8,8
79438,107,103,4,4
79439,152,153,-1,1
79440,85,76,9,9
79441,62,73,-11,11
79442,103,99,4,4
79443,59,60,-1,1
79444,109,113,-4,4
79445,84,94,-10,10
79446,85,95,-10,10
79447,77,92,-15,15
79448,182,166,16,16
79449,105,115,-10,10
79450,165,155,10,10
79451,101,100,1,1
79452,91,92,-1,1
79453,93,95,-2,2
79454,105,109,-4,4
79455,98,103,-5,5
79456,140,133,7,7
79457,150,135,15,15
79458,168,145,23,23
79459,155,140,15,15
79460,75,66,9,9
79461,56,62,-6,6
79462,41,62,-21,21
79463,84,88,-4,4
79464,46,62,-16,16
79465,168,157,11,11
79466,148,133,15,15
79467,92,99,-7,7
79468,93,94,-1,1
79469,108,102,6,6
79470,52,61,-9,9
79471,100,96,4,4
79472,77,89,-12,12
79473,95,92,3,3
79474,67,67,0,0
79475,84,70,14,14
79476,107,106,1,1
79477,80,79,1,1
79478,104,102,2,2
79479,86,88,-2,2
79480,90,81,9,9
79481,70,81,-11,11
79482,125,132,-7,7
79483,68,65,3,3
79484,125,121,4,4
79485,133,128,5,5
79486,77,74,3,3
79487,70,76,-6,6
79488,182,161,21,21
79489,114,100,14,14
79490,114,110,4,4
79491,183,168,15,15
79492,57,63,-6,6
79493,111,111,0,0
79494,49,61,-12,12
79495,58,61,-3,3
79496,97,108,-11,11
79497,141,141,0,0
79498,133,127,6,6
79499,115,101,14,14
79500,142,128,14,14
79501,53,60,-7,7
79502,69,65,4,4
79503,152,134,18,18
79504,52,61,-9,9
79505,145,138,7,7
79506,90,93,-3,3
79507,125,114,11,11
79508,73,62,11,11
79509,72,69,3,3
79510,69,82,-13,13
79511,146,131,15,15
79512,149,142,7,7
79513,79,84,-5,5
79514,105,113,-8,8
79515,65,63,2,2
79516,139,122,17,17
79517,123,114,9,9
79518,105,91,14,14
79519,40,60,-20,20
79520,65,66,-1,1
79521,134,126,8,8
79522,123,118,5,5
79523,127,116,11,11
79524,39,77,-38,38
79525,104,108,-4,4
79526,48,61,-13,13
79527,78,91,-13,13
79528,102,102,0,0
79529,72,60,12,12
79530,130,127,3,3
79531,107,106,1,1
79532,90,94,-4,4
79533,85,83,2,2
79534,103,104,-1,1
79535,118,110,8,8
79536,67,79,-12,12
79537,101,85,16,16
79538,108,107,1,1
79539,134,144,-10,10
79540,83,77,6,6
79541,103,106,-3,3
79542,43,61,-18,18
79543,154,132,22,22
79544,137,130,7,7
79545,133,122,11,11
79546,165,141,24,24
79547,68,70,-2,2
79548,144,137,7,7
79549,112,113,-1,1
79550,96,96,0,0
79551,84,82,2,2
79552,131,113,18,18
79553,95,95,0,0
79554,166,148,18,18
79555,56,63,-7,7
79556,112,108,4,4
79557,55,60,-5,5
79558,88,91,-3,3
79559,81,74,7,7
79560,79,73,6,6
79561,105,105,0,0
79562,52,64,-12,12
79563,131,122,9,9
79564,101,102,-1,1
79565,98,117,-19,19
79566,60,60,0,0
79567,66,70,-4,4
79568,85,75,10,10
79569,81,76,5,5
79570,117,119,-2,2
79571,61,62,-1,1
79572,74,81,-7,7
79573,64,67,-3,3
79574,61,63,-2,2
79575,106,104,2,2
79576,82,81,1,1
79577,68,89,-21,21
79578,100,105,-5,5
79579,111,105,6,6
79580,73,78,-5,5
79581,110,109,1,1
79582,110,122,-12,12
79583,150,140,10,10
79584,119,122,-3,3
79585,140,135,5,5
79586,107,102,5,5
79587,31,63,-32,32
79588,111,105,6,6
79589,93,98,-5,5
79590,73,74,-1,1
79591,75,82,-7,7
79592,106,118,-12,12
79593,46,59,-13,13
79594,169,154,15,15
79595,128,120,8,8
79596,189,184,5,5
79597,119,115,4,4
79598,61,62,-1,1
79599,109,108,1,1
79600,129,114,15,15
79601,118,118,0,0
79602,91,94,-3,3
79603,95,98,-3,3
79604,106,94,12,12
79605,188,168,20,20
79606,78,86,-8,8
79607,59,74,-15,15
79608,66,64,2,2
79609,62,63,-1,1
79610,137,128,9,9
79611,82,82,0,0
79612,115,116,-1,1
79613,102,139,-37,37
79614,50,107,-57,57
79615,119,118,1,1
79616,159,154,5,5
79617,146,141,5,5
79618,62,60,2,2
79619,72,65,7,7
79620,82,81,1,1
79621,64,63,1,1
79622,74,75,-1,1
79623,104,97,7,7
79624,169,134,35,35
79625,86,93,-7,7
79626,178,177,1,1
79627,83,79,4,4
79628,115,111,4,4
79629,124,123,1,1
79630,123,145,-22,22
79631,90,94,-4,4
79632,51,62,-11,11
79633,99,98,1,1
79634,99,123,-24,24
79635,108,97,11,11
79636,124,110,14,14
79637,144,135,9,9
79638,128,133,-5,5
79639,70,69,1,1
79640,74,86,-12,12
79641,134,132,2,2
79642,119,122,-3,3
79643,41,61,-20,20
79644,101,107,-6,6
79645,149,135,14,14
79646,121,112,9,9
79647,56,61,-5,5
79648,108,107,1,1
79649,72,76,-4,4
79650,98,91,7,7
79651,67,65,2,2
79652,69,69,0,0
79653,89,90,-1,1
79654,122,130,-8,8
79655,75,77,-2,2
79656,80,86,-6,6
79657,184,177,7,7
79658,80,78,2,2
79659,136,128,8,8
79660,85,90,-5,5
79661,86,88,-2,2
79662,99,108,-9,9
79663,161,154,7,7
79664,106,112,-6,6
79665,86,89,-3,3
79666,160,145,15,15
79667,140,142,-2,2
79668,157,151,6,6
79669,121,117,4,4
79670,61,67,-6,6
79671,108,106,2,2
79672,110,107,3,3
79673,101,100,1,1
79674,85,86,-1,1
79675,125,122,3,3
79676,67,66,1,1
79677,64,65,-1,1
79678,47,63,-16,16
79679,111,117,-6,6
79680,45,61,-16,16
79681,79,67,12,12
79682,102,99,3,3
79683,99,84,15,15
79684,121,116,5,5
79685,75,87,-12,12
79686,172,157,15,15
79687,67,73,-6,6
79688,111,104,7,7
79689,119,125,-6,6
79690,134,120,14,14
79691,139,128,11,11
79692,67,68,-1,1
79693,100,122,-22,22
79694,64,67,-3,3
79695,105,106,-1,1
79696,106,102,4,4
79697,41,62,-21,21
79698,122,114,8,8
79699,96,100,-4,4
79700,74,80,-6,6
79701,97,96,1,1
79702,106,103,3,3
79703,58,61,-3,3
79704,61,64,-3,3
79705,72,67,5,5
79706,97,106,-9,9
79707,104,106,-2,2
79708,90,94,-4,4
79709,190,171,19,19
79710,113,119,-6,6
79711,72,98,-26,26
79712,102,99,3,3
79713,143,118,25,25
79714,71,71,0,0
79715,80,91,-11,11
79716,45,62,-17,17
79717,57,61,-4,4
79718,109,107,2,2
79719,80,84,-4,4
79720,54,65,-11,11
79721,75,83,-8,8
79722,80,94,-14,14
79723,73,74,-1,1
79724,216,184,32,32
79725,73,81,-8,8
79726,124,118,6,6
79727,160,125,35,35
79728,140,133,7,7
79729,136,124,12,12
79730,68,62,6,6
79731,91,93,-2,2
79732,69,62,7,7
79733,93,105,-12,12
79734,103,100,3,3
79735,93,96,-3,3
79736,53,63,-10,10
79737,116,111,5,5
79738,57,68,-11,11
79739,89,91,-2,2
79740,58,63,-5,5
79741,136,129,7,7
79742,95,98,-3,3
79743,59,66,-7,7
79744,169,154,15,15
79745,105,106,-1,1
79746,119,115,4,4
79747,89,92,-3,3
79748,132,121,11,11
79749,81,73,8,8
79750,52,62,-10,10
79751,139,119,20,20
79752,60,61,-1,1
79753,128,122,6,6
79754,54,61,-7,7
79755,123,119,4,4
79756,99,98,1,1
79757,36,59,-23,23
79758,40,62,-22,22
79759,114,114,0,0
79760,89,80,9,9
79761,68,72,-4,4
79762,96,89,7,7
79763,120,114,6,6
79764,85,87,-2,2
79765,67,63,4,4
79766,90,94,-4,4
79767,59,61,-2,2
79768,86,82,4,4
79769,187,179,8,8
79770,117,111,6,6
79771,50,63,-13,13
79772,90,91,-1,1
79773,92,91,1,1
79774,57,63,-6,6
79775,55,61,-6,6
79776,51,60,-9,9
79777,84,89,-5,5
79778,110,111,-1,1
79779,52,65,-13,13
79780,56,67,-11,11
79781,82,88,-6,6
79782,141,138,3,3
79783,104,101,3,3
79784,113,115,-2,2
79785,119,113,6,6
79786,124,118,6,6
79787,79,78,1,1
79788,99,95,4,4
79789,133,117,16,16
79790,53,61,-8,8
79791,88,92,-4,4
79792,58,61,-3,3
79793,90,94,-4,4
79794,89,99,-10,10
79795,91,101,-10,10
79796,110,106,4,4
79797,77,80,-3,3
79798,71,70,1,1
79799,77,82,-5,5
79800,115,115,0,0
79801,62,79,-17,17
79802,167,159,8,8
79803,105,111,-6,6
79804,100,98,2,2
79805,100,108,-8,8
79806,111,116,-5,5
79807,92,92,0,0
79808,162,152,10,10
79809,109,108,1,1
79810,164,150,14,14
79811,63,61,2,2
79812,67,70,-3,3
79813,158,155,3,3
79814,82,83,-1,1
79815,65,61,4,4
79816,118,109,9,9
79817,87,97,-10,10
79818,159,152,7,7
79819,122,112,10,10
79820,102,105,-3,3
79821,63,68,-5,5
79822,94,95,-1,1
79823,100,101,-1,1
79824,87,70,17,17
79825,98,97,1,1
79826,79,71,8,8
79827,104,100,4,4
79828,115,106,9,9
79829,118,135,-17,17
79830,82,90,-8,8
79831,130,121,9,9
79832,98,104,-6,6
79833,141,140,1,1
79834,197,172,25,25
79835,141,137,4,4
79836,91,96,-5,5
79837,80,76,4,4
79838,104,96,8,8
79839,171,156,15,15
79840,292,249,43,43
79841,113,113,0,0
79842,111,108,3,3
79843,116,114,2,2
79844,66,61,5,5
79845,146,139,7,7
79846,62,61,1,1
79847,105,103,2,2
79848,66,65,1,1
79849,59,61,-2,2
79850,74,76,-2,2
79851,91,84,7,7
79852,117,111,6,6
79853,101,107,-6,6
79854,167,165,2,2
79855,69,65,4,4
79856,120,118,2,2
79857,119,112,7,7
79858,130,119,11,11
79859,69,64,5,5
79860,97,104,-7,7
79861,76,80,-4,4
79862,183,169,14,14
79863,65,71,-6,6
79864,155,137,18,18
79865,80,76,4,4
79866,107,109,-2,2
79867,46,65,-19,19
79868,95,93,2,2
79869,72,73,-1,1
79870,74,85,-11,11
79871,73,71,2,2
79872,66,63,3,3
79873,76,81,-5,5
79874,75,79,-4,4
79875,36,60,-24,24
79876,82,85,-3,3
79877,150,134,16,16
79878,88,96,-8,8
79879,40,61,-21,21
79880,82,86,-4,4
79881,166,151,15,15
79882,113,110,3,3
79883,120,121,-1,1
79884,136,128,8,8
79885,53,60,-7,7
79886,233,292,-59,59
79887,78,76,2,2
79888,112,106,6,6
79889,103,116,-13,13
79890,100,97,3,3
79891,86,97,-11,11
79892,69,72,-3,3
79893,109,109,0,0
79894,105,100,5,5
79895,51,94,-43,43
79896,99,110,-11,11
79897,138,138,0,0
79898,42,95,-53,53
79899,87,84,3,3
79900,141,131,10,10
79901,75,89,-14,14
79902,96,96,0,0
79903,56,61,-5,5
79904,122,114,8,8
79905,65,63,2,2
79906,113,102,11,11
79907,67,63,4,4
79908,83,89,-6,6
79909,91,76,15,15
79910,136,135,1,1
79911,85,76,9,9
79912,66,67,-1,1
79913,79,63,16,16
79914,73,71,2,2
79915,106,105,1,1
79916,76,72,4,4
79917,149,134,15,15
79918,38,59,-21,21
79919,108,101,7,7
79920,91,96,-5,5
79921,105,105,0,0
79922,85,93,-8,8
79923,62,72,-10,10
79924,117,134,-17,17
79925,62,66,-4,4
79926,115,105,10,10
79927,85,71,14,14
79928,150,146,4,4
79929,132,144,-12,12
79930,74,79,-5,5
79931,44,65,-21,21
79932,152,151,1,1
79933,142,143,-1,1
79934,106,108,-2,2
79935,97,103,-6,6
79936,97,93,4,4
79937,53,63,-10,10
79938,116,112,4,4
79939,141,134,7,7
79940,109,109,0,0
79941,90,92,-2,2
79942,111,112,-1,1
79943,186,178,8,8
79944,133,124,9,9
79945,83,77,6,6
79946,69,84,-15,15
79947,73,73,0,0
79948,154,135,19,19
79949,93,104,-11,11
79950,87,88,-1,1
79951,126,129,-3,3
79952,91,94,-3,3
79953,79,81,-2,2
79954,82,90,-8,8
79955,112,94,18,18
79956,72,64,8,8
79957,179,167,12,12
79958,67,71,-4,4
79959,61,83,-22,22
79960,134,120,14,14
79961,129,116,13,13
79962,79,75,4,4
79963,95,97,-2,2
79964,147,134,13,13
79965,86,97,-11,11
79966,64,65,-1,1
79967,73,79,-6,6
79968,60,64,-4,4
79969,122,129,-7,7
79970,91,97,-6,6
79971,78,112,-34,34
79972,69,76,-7,7
79973,64,96,-32,32
79974,120,111,9,9
79975,101,102,-1,1
79976,51,62,-11,11
79977,80,90,-10,10
79978,100,147,-47,47
79979,104,106,-2,2
79980,69,77,-8,8
79981,94,96,-2,2
79982,110,119,-9,9
79983,157,152,5,5
79984,56,62,-6,6
79985,118,117,1,1
79986,29,60,-31,31
79987,110,144,-34,34
79988,102,114,-12,12
79989,78,79,-1,1
79990,116,125,-9,9
79991,129,124,5,5
79992,124,131,-7,7
79993,69,90,-21,21
79994,94,97,-3,3
79995,105,100,5,5
79996,127,137,-10,10
79997,99,100,-1,1
79998,106,102,4,4
79999,45,61,-16,16
80000,73,70,3,3
80001,57,58,-1,1
80002,71,68,3,3
80003,84,90,-6,6
80004,91,93,-2,2
80005,93,95,-2,2
80006,75,83,-8,8
80007,98,95,3,3
80008,76,74,2,2
80009,87,90,-3,3
80010,100,104,-4,4
80011,101,98,3,3
80012,63,70,-7,7
80013,94,91,3,3
80014,58,64,-6,6
80015,77,66,11,11
80016,136,120,16,16
80017,86,93,-7,7
80018,109,105,4,4
80019,77,76,1,1
80020,146,135,11,11
80021,128,124,4,4
80022,164,150,14,14
80023,71,72,-1,1
80024,147,146,1,1
80025,96,95,1,1
80026,65,62,3,3
80027,95,97,-2,2
80028,84,86,-2,2
80029,104,101,3,3
80030,75,78,-3,3
80031,168,159,9,9
80032,200,172,28,28
80033,153,152,1,1
80034,171,168,3,3
80035,111,119,-8,8
80036,65,72,-7,7
80037,85,97,-12,12
80038,98,91,7,7
80039,111,114,-3,3
80040,112,112,0,0
80041,113,109,4,4
80042,148,128,20,20
80043,115,116,-1,1
80044,63,70,-7,7
80045,95,91,4,4
80046,98,101,-3,3
80047,117,117,0,0
80048,144,129,15,15
80049,115,119,-4,4
80050,124,114,10,10
80051,115,117,-2,2
80052,93,99,-6,6
80053,83,87,-4,4
80054,83,86,-3,3
80055,106,106,0,0
80056,104,104,0,0
80057,149,160,-11,11
80058,94,100,-6,6
80059,61,64,-3,3
80060,63,77,-14,14
80061,98,103,-5,5
80062,70,77,-7,7
80063,96,102,-6,6
80064,89,91,-2,2
80065,120,143,-23,23
80066,85,77,8,8
80067,159,129,30,30
80068,144,145,-1,1
80069,63,65,-2,2
80070,102,102,0,0
80071,119,108,11,11
80072,106,109,-3,3
80073,88,75,13,13
80074,54,61,-7,7
80075,58,62,-4,4
80076,130,130,0,0
80077,168,145,23,23
80078,73,71,2,2
80079,133,134,-1,1
80080,98,104,-6,6
80081,86,79,7,7
80082,81,87,-6,6
80083,83,91,-8,8
80084,59,64,-5,5
80085,43,62,-19,19
80086,80,83,-3,3
80087,73,76,-3,3
80088,86,84,2,2
80089,89,114,-25,25
80090,77,79,-2,2
80091,59,62,-3,3
80092,64,103,-39,39
80093,82,77,5,5
80094,47,62,-15,15
80095,99,82,17,17
80096,104,104,0,0
80097,62,64,-2,2
80098,70,76,-6,6
80099,65,68,-3,3
80100,79,80,-1,1
80101,86,91,-5,5
80102,105,107,-2,2
80103,91,100,-9,9
80104,117,106,11,11
80105,43,61,-18,18
80106,171,155,16,16
80107,115,110,5,5
80108,111,113,-2,2
80109,73,74,-1,1
80110,118,113,5,5
80111,84,79,5,5
80112,96,103,-7,7
80113,115,114,1,1
80114,172,162,10,10
80115,138,128,10,10
80116,130,117,13,13
80117,142,132,10,10
80118,92,95,-3,3
80119,71,66,5,5
80120,42,62,-20,20
80121,93,92,1,1
80122,116,103,13,13
80123,90,82,8,8
80124,74,76,-2,2
80125,56,63,-7,7
80126,139,121,18,18
80127,76,90,-14,14
80128,97,101,-4,4
80129,88,95,-7,7
80130,70,68,2,2
80131,148,133,15,15
80132,70,67,3,3
80133,112,118,-6,6
80134,81,66,15,15
80135,52,59,-7,7
80136,95,101,-6,6
80137,80,84,-4,4
80138,46,62,-16,16
80139,50,61,-11,11
80140,129,125,4,4
80141,90,94,-4,4
80142,132,114,18,18
80143,143,132,11,11
80144,130,146,-16,16
80145,147,136,11,11
80146,103,99,4,4
80147,61,63,-2,2
80148,88,96,-8,8
80149,158,144,14,14
80150,50,60,-10,10
80151,115,114,1,1
80152,86,96,-10,10
80153,95,94,1,1
80154,135,142,-7,7
80155,84,89,-5,5
80156,116,134,-18,18
80157,31,63,-32,32
80158,86,90,-4,4
80159,87,81,6,6
80160,99,93,6,6
80161,61,68,-7,7
80162,66,65,1,1
80163,99,99,0,0
80164,83,71,12,12
80165,63,63,0,0
80166,85,75,10,10
80167,90,95,-5,5
80168,114,113,1,1
80169,77,76,1,1
80170,74,84,-10,10
80171,85,85,0,0
80172,49,109,-60,60
80173,29,61,-32,32
80174,77,70,7,7
80175,70,77,-7,7
80176,72,79,-7,7
80177,67,97,-30,30
80178,73,74,-1,1
80179,112,106,6,6
80180,153,149,4,4
80181,120,116,4,4
80182,96,98,-2,2
80183,104,103,1,1
80184,74,81,-7,7
80185,50,56,-6,6
80186,74,70,4,4
80187,91,88,3,3
80188,100,103,-3,3
80189,45,60,-15,15
80190,96,101,-5,5
80191,57,62,-5,5
80192,117,108,9,9
80193,116,113,3,3
80194,117,116,1,1
80195,85,95,-10,10
80196,90,96,-6,6
80197,120,104,16,16
80198,63,68,-5,5
80199,131,140,-9,9
80200,55,61,-6,6
80201,159,155,4,4
80202,95,92,3,3
80203,91,93,-2,2
80204,52,60,-8,8
80205,73,64,9,9
80206,107,103,4,4
80207,73,82,-9,9
80208,144,131,13,13
80209,101,108,-7,7
80210,84,78,6,6
80211,72,80,-8,8
80212,100,111,-11,11
80213,57,61,-4,4
80214,89,84,5,5
80215,85,88,-3,3
80216,136,130,6,6
80217,104,105,-1,1
80218,180,158,22,22
80219,88,90,-2,2
80220,81,95,-14,14
80221,98,97,1,1
80222,63,63,0,0
80223,81,95,-14,14
80224,132,137,-5,5
80225,139,133,6,6
80226,156,138,18,18
80227,94,97,-3,3
80228,113,113,0,0
80229,155,165,-10,10
80230,106,98,8,8
80231,71,75,-4,4
80232,98,103,-5,5
80233,48,136,-88,88
80234,54,62,-8,8
80235,86,86,0,0
80236,103,102,1,1
80237,148,134,14,14
80238,73,66,7,7
80239,135,134,1,1
80240,93,95,-2,2
80241,137,135,2,2
80242,82,78,4,4
80243,78,73,5,5
80244,95,99,-4,4
80245,74,70,4,4
80246,95,96,-1,1
80247,64,65,-1,1
80248,100,104,-4,4
80249,95,101,-6,6
80250,28,60,-32,32
80251,38,61,-23,23
80252,92,94,-2,2
80253,134,131,3,3
80254,68,70,-2,2
80255,117,112,5,5
80256,118,110,8,8
80257,79,71,8,8
80258,61,62,-1,1
80259,132,120,12,12
80260,98,108,-10,10
80261,70,73,-3,3
80262,117,110,7,7
80263,61,62,-1,1
80264,69,73,-4,4
80265,76,66,10,10
80266,56,61,-5,5
80267,108,106,2,2
80268,70,65,5,5
80269,53,61,-8,8
80270,94,99,-5,5
80271,158,148,10,10
80272,146,133,13,13
80273,94,102,-8,8
80274,48,62,-14,14
80275,85,94,-9,9
80276,117,104,13,13
80277,119,112,7,7
80278,72,81,-9,9
80279,103,101,2,2
80280,85,87,-2,2
80281,121,109,12,12
80282,66,82,-16,16
80283,177,182,-5,5
80284,85,87,-2,2
80285,151,147,4,4
80286,57,59,-2,2
80287,83,65,18,18
80288,68,67,1,1
80289,118,118,0,0
80290,70,66,4,4
80291,30,55,-25,25
80292,94,102,-8,8
80293,68,70,-2,2
80294,153,151,2,2
80295,81,75,6,6
80296,106,104,2,2
80297,93,90,3,3
80298,152,145,7,7
80299,117,116,1,1
80300,121,114,7,7
80301,104,111,-7,7
80302,130,117,13,13
80303,113,106,7,7
80304,108,103,5,5
80305,110,102,8,8
80306,76,92,-16,16
80307,119,116,3,3
80308,79,67,12,12
80309,96,98,-2,2
80310,74,104,-30,30
80311,71,66,5,5
80312,79,71,8,8
80313,62,66,-4,4
80314,67,67,0,0
80315,149,128,21,21
80316,70,70,0,0
80317,87,89,-2,2
80318,302,290,12,12
80319,51,62,-11,11
80320,73,69,4,4
80321,47,61,-14,14
80322,138,127,11,11
80323,155,140,15,15
80324,67,76,-9,9
80325,118,123,-5,5
80326,73,74,-1,1
80327,67,67,0,0
80328,43,58,-15,15
80329,101,107,-6,6
80330,89,85,4,4
80331,67,69,-2,2
80332,148,142,6,6
80333,131,128,3,3
80334,73,63,10,10
80335,135,143,-8,8
80336,71,78,-7,7
80337,71,67,4,4
80338,108,96,12,12
80339,131,121,10,10
80340,115,128,-13,13
80341,56,65,-9,9
80342,84,82,2,2
80343,92,100,-8,8
80344,38,62,-24,24
80345,134,120,14,14
80346,75,80,-5,5
80347,124,112,12,12
80348,126,122,4,4
80349,103,116,-13,13
80350,57,59,-2,2
80351,82,94,-12,12
80352,113,113,0,0
80353,103,111,-8,8
80354,119,107,12,12
80355,259,296,-37,37
80356,87,90,-3,3
80357,180,146,34,34
80358,84,101,-17,17
80359,110,117,-7,7
80360,116,106,10,10
80361,114,115,-1,1
80362,124,133,-9,9
80363,92,89,3,3
80364,86,95,-9,9
80365,85,92,-7,7
80366,65,62,3,3
80367,73,72,1,1
80368,72,75,-3,3
80369,108,109,-1,1
80370,47,60,-13,13
80371,96,98,-2,2
80372,66,70,-4,4
80373,70,78,-8,8
80374,134,125,9,9
80375,47,61,-14,14
80376,50,63,-13,13
80377,69,78,-9,9
80378,82,80,2,2
80379,103,102,1,1
80380,79,78,1,1
80381,82,90,-8,8
80382,77,92,-15,15
80383,77,82,-5,5
80384,99,98,1,1
80385,99,102,-3,3
80386,156,158,-2,2
80387,82,80,2,2
80388,123,114,9,9
80389,75,67,8,8
80390,47,62,-15,15
80391,32,61,-29,29
80392,72,79,-7,7
80393,92,94,-2,2
80394,128,109,19,19
80395,100,103,-3,3
80396,78,87,-9,9
80397,141,129,12,12
80398,361,324,37,37
80399,142,127,15,15
80400,28,63,-35,35
80401,53,61,-8,8
80402,80,87,-7,7
80403,81,86,-5,5
80404,181,150,31,31
80405,55,65,-10,10
80406,81,81,0,0
80407,58,62,-4,4
80408,28,60,-32,32
80409,76,82,-6,6
80410,77,90,-13,13
80411,125,119,6,6
80412,89,101,-12,12
80413,91,94,-3,3
80414,103,106,-3,3
80415,97,99,-2,2
80416,90,83,7,7
80417,69,69,0,0
80418,140,134,6,6
80419,59,57,2,2
80420,140,138,2,2
80421,119,121,-2,2
80422,86,95,-9,9
80423,71,70,1,1
80424,179,163,16,16
80425,119,108,11,11
80426,115,104,11,11
80427,61,70,-9,9
80428,160,155,5,5
80429,127,127,0,0
80430,186,186,0,0
80431,95,108,-13,13
80432,73,82,-9,9
80433,86,84,2,2
80434,64,71,-7,7
80435,164,151,13,13
80436,80,77,3,3
80437,107,138,-31,31
80438,138,125,13,13
80439,95,97,-2,2
80440,161,143,18,18
80441,81,79,2,2
80442,118,114,4,4
80443,102,102,0,0
80444,79,80,-1,1
80445,83,89,-6,6
80446,96,89,7,7
80447,99,103,-4,4
80448,101,102,-1,1
80449,73,76,-3,3
80450,151,147,4,4
80451,86,96,-10,10
80452,107,101,6,6
80453,102,96,6,6
80454,87,90,-3,3
80455,110,107,3,3
80456,75,96,-21,21
80457,68,109,-41,41
80458,88,94,-6,6
80459,84,89,-5,5
80460,81,77,4,4
80461,78,79,-1,1
80462,73,73,0,0
80463,103,97,6,6
80464,175,157,18,18
80465,122,113,9,9
80466,106,103,3,3
80467,53,61,-8,8
80468,120,118,2,2
80469,135,132,3,3
80470,96,96,0,0
80471,69,69,0,0
80472,86,87,-1,1
80473,94,99,-5,5
80474,46,63,-17,17
80475,93,95,-2,2
80476,111,111,0,0
80477,54,60,-6,6
80478,63,58,5,5
80479,59,66,-7,7
80480,61,67,-6,6
80481,68,96,-28,28
80482,140,123,17,17
80483,79,71,8,8
80484,148,150,-2,2
80485,114,114,0,0
80486,77,83,-6,6
80487,95,90,5,5
80488,53,62,-9,9
80489,102,105,-3,3
80490,150,148,2,2
80491,142,121,21,21
80492,123,129,-6,6
80493,85,82,3,3
80494,86,78,8,8
80495,106,99,7,7
80496,123,113,10,10
80497,99,99,0,0
80498,78,70,8,8
80499,74,70,4,4
80500,83,77,6,6
80501,68,114,-46,46
80502,100,106,-6,6
80503,71,65,6,6
80504,85,69,16,16
80505,105,103,2,2
80506,132,125,7,7
80507,109,99,10,10
80508,95,94,1,1
80509,101,98,3,3
80510,49,61,-12,12
80511,37,62,-25,25
80512,80,92,-12,12
80513,66,62,4,4
80514,70,70,0,0
80515,93,89,4,4
80516,54,60,-6,6
80517,99,112,-13,13
80518,100,100,0,0
80519,143,134,9,9
80520,67,61,6,6
80521,69,68,1,1
80522,72,94,-22,22
80523,88,96,-8,8
80524,116,98,18,18
80525,103,107,-4,4
80526,129,127,2,2
80527,112,108,4,4
80528,47,62,-15,15
80529,80,82,-2,2
80530,87,85,2,2
80531,102,107,-5,5
80532,111,112,-1,1
80533,113,114,-1,1
80534,85,84,1,1
80535,57,62,-5,5
80536,110,104,6,6
80537,91,94,-3,3
80538,127,124,3,3
80539,71,67,4,4
80540,110,101,9,9
80541,143,134,9,9
80542,90,96,-6,6
80543,122,106,16,16
80544,124,115,9,9
80545,53,62,-9,9
80546,77,87,-10,10
80547,35,62,-27,27
80548,63,76,-13,13
80549,115,108,7,7
80550,128,121,7,7
80551,99,100,-1,1
80552,90,98,-8,8
80553,80,74,6,6
80554,98,98,0,0
80555,95,94,1,1
80556,138,134,4,4
80557,84,84,0,0
80558,129,128,1,1
80559,101,93,8,8
80560,109,98,11,11
80561,142,138,4,4
80562,72,61,11,11
80563,110,108,2,2
80564,52,62,-10,10
80565,66,82,-16,16
80566,69,69,0,0
80567,79,77,2,2
80568,69,70,-1,1
80569,97,97,0,0
80570,96,95,1,1
80571,105,101,4,4
80572,144,136,8,8
80573,129,116,13,13
80574,75,78,-3,3
80575,111,103,8,8
80576,149,143,6,6
80577,110,129,-19,19
80578,73,74,-1,1
80579,58,61,-3,3
80580,47,62,-15,15
80581,82,91,-9,9
80582,70,68,2,2
80583,124,108,16,16
80584,78,80,-2,2
80585,136,124,12,12
80586,147,148,-1,1
80587,84,101,-17,17
80588,121,113,8,8
80589,63,58,5,5
80590,94,96,-2,2
80591,125,125,0,0
80592,82,92,-10,10
80593,158,137,21,21
80594,67,70,-3,3
80595,61,68,-7,7
80596,119,116,3,3
80597,65,68,-3,3
80598,86,95,-9,9
80599,98,84,14,14
80600,143,137,6,6
80601,105,104,1,1
80602,113,124,-11,11
80603,77,73,4,4
80604,107,112,-5,5
80605,58,65,-7,7
80606,145,140,5,5
80607,52,78,-26,26
80608,109,102,7,7
80609,71,69,2,2
80610,64,68,-4,4
80611,129,119,10,10
80612,83,92,-9,9
80613,40,61,-21,21
80614,102,110,-8,8
80615,65,63,2,2
80616,100,90,10,10
80617,131,123,8,8
80618,90,90,0,0
80619,92,98,-6,6
80620,67,85,-18,18
80621,121,116,5,5
80622,126,112,14,14
80623,93,98,-5,5
80624,157,146,11,11
80625,89,91,-2,2
80626,53,59,-6,6
80627,96,94,2,2
80628,111,104,7,7
80629,121,114,7,7
80630,67,79,-12,12
80631,59,62,-3,3
80632,88,93,-5,5
80633,71,85,-14,14
80634,57,62,-5,5
80635,118,109,9,9
80636,78,72,6,6
80637,118,112,6,6
80638,85,87,-2,2
80639,102,102,0,0
80640,69,76,-7,7
80641,179,175,4,4
80642,94,108,-14,14
80643,100,103,-3,3
80644,91,86,5,5
80645,139,143,-4,4
80646,77,86,-9,9
80647,64,65,-1,1
80648,64,64,0,0
80649,137,130,7,7
80650,113,112,1,1
80651,93,92,1,1
80652,100,106,-6,6
80653,88,88,0,0
80654,87,90,-3,3
80655,144,137,7,7
80656,41,62,-21,21
80657,51,60,-9,9
80658,78,77,1,1
80659,72,69,3,3
80660,66,67,-1,1
80661,58,66,-8,8
80662,123,119,4,4
80663,90,90,0,0
80664,56,62,-6,6
80665,98,86,12,12
80666,91,94,-3,3
80667,126,114,12,12
80668,68,56,12,12
80669,117,106,11,11
80670,46,63,-17,17
80671,71,77,-6,6
80672,111,102,9,9
80673,89,85,4,4
80674,58,62,-4,4
80675,104,102,2,2
80676,110,104,6,6
80677,101,100,1,1
80678,203,215,-12,12
80679,90,95,-5,5
80680,82,81,1,1
80681,133,120,13,13
80682,67,72,-5,5
80683,75,74,1,1
80684,90,98,-8,8
80685,91,90,1,1
80686,91,96,-5,5
80687,67,86,-19,19
80688,122,118,4,4
80689,59,64,-5,5
80690,40,63,-23,23
80691,104,100,4,4
80692,118,118,0,0
80693,92,83,9,9
80694,157,163,-6,6
80695,65,67,-2,2
80696,60,64,-4,4
80697,100,99,1,1
80698,31,63,-32,32
80699,94,90,4,4
80700,45,62,-17,17
80701,109,103,6,6
80702,85,83,2,2
80703,86,96,-10,10
80704,185,163,22,22
80705,97,97,0,0
80706,69,58,11,11
80707,194,177,17,17
80708,63,81,-18,18
80709,141,134,7,7
80710,87,76,11,11
80711,131,124,7,7
80712,152,135,17,17
80713,96,96,0,0
80714,111,110,1,1
80715,92,84,8,8
80716,108,102,6,6
80717,83,79,4,4
80718,52,62,-10,10
80719,103,102,1,1
80720,189,169,20,20
80721,80,68,12,12
80722,149,136,13,13
80723,146,131,15,15
80724,66,63,3,3
80725,38,61,-23,23
80726,124,127,-3,3
80727,55,63,-8,8
80728,141,129,12,12
80729,83,123,-40,40
80730,144,144,0,0
80731,127,127,0,0
80732,80,71,9,9
80733,125,119,6,6
80734,115,112,3,3
80735,79,79,0,0
80736,73,75,-2,2
80737,92,69,23,23
80738,84,89,-5,5
80739,103,105,-2,2
80740,104,115,-11,11
80741,101,105,-4,4
80742,92,105,-13,13
80743,169,146,23,23
80744,53,62,-9,9
80745,114,106,8,8
80746,138,138,0,0
80747,86,88,-2,2
80748,85,90,-5,5
80749,147,142,5,5
80750,58,65,-7,7
80751,128,123,5,5
80752,65,67,-2,2
80753,89,89,0,0
80754,95,101,-6,6
80755,84,101,-17,17
80756,115,104,11,11
80757,142,130,12,12
80758,120,112,8,8
80759,102,113,-11,11
80760,121,136,-15,15
80761,48,61,-13,13
80762,127,115,12,12
80763,76,70,6,6
80764,133,121,12,12
80765,108,102,6,6
80766,67,65,2,2
80767,33,63,-30,30
80768,148,132,16,16
80769,115,107,8,8
80770,68,107,-39,39
80771,132,140,-8,8
80772,167,149,18,18
80773,145,144,1,1
80774,126,120,6,6
80775,72,65,7,7
80776,108,114,-6,6
80777,75,86,-11,11
80778,66,70,-4,4
80779,72,66,6,6
80780,99,95,4,4
80781,67,65,2,2
80782,113,113,0,0
80783,108,104,4,4
80784,94,98,-4,4
80785,57,61,-4,4
80786,97,93,4,4
80787,64,67,-3,3
80788,127,122,5,5
80789,90,82,8,8
80790,185,175,10,10
80791,110,101,9,9
80792,59,63,-4,4
80793,119,110,9,9
80794,88,99,-11,11
80795,196,178,18,18
80796,95,99,-4,4
80797,69,77,-8,8
80798,159,160,-1,1
80799,66,100,-34,34
80800,100,89,11,11
80801,90,98,-8,8
80802,71,66,5,5
80803,63,64,-1,1
80804,104,98,6,6
80805,64,70,-6,6
80806,67,78,-11,11
80807,71,73,-2,2
80808,155,137,18,18
80809,89,84,5,5
80810,128,119,9,9
80811,95,101,-6,6
80812,51,61,-10,10
80813,118,110,8,8
80814,102,102,0,0
80815,124,118,6,6
80816,68,71,-3,3
80817,50,62,-12,12
80818,86,93,-7,7
80819,89,94,-5,5
80820,113,100,13,13
80821,126,130,-4,4
80822,64,80,-16,16
80823,120,120,0,0
80824,62,61,1,1
80825,73,92,-19,19
80826,145,135,10,10
80827,63,63,0,0
80828,80,92,-12,12
80829,82,82,0,0
80830,41,62,-21,21
80831,93,96,-3,3
80832,107,103,4,4
80833,60,59,1,1
80834,93,91,2,2
80835,97,98,-1,1
80836,90,94,-4,4
80837,111,118,-7,7
80838,57,62,-5,5
80839,75,73,2,2
80840,54,60,-6,6
80841,55,69,-14,14
80842,84,87,-3,3
80843,95,97,-2,2
80844,101,91,10,10
80845,91,93,-2,2
80846,65,63,2,2
80847,59,62,-3,3
80848,112,112,0,0
80849,164,157,7,7
80850,61,65,-4,4
80851,75,78,-3,3
80852,149,137,12,12
80853,152,136,16,16
80854,65,68,-3,3
80855,90,91,-1,1
80856,96,100,-4,4
80857,105,101,4,4
80858,75,101,-26,26
80859,61,64,-3,3
80860,102,98,4,4
80861,96,92,4,4
80862,96,90,6,6
80863,89,87,2,2
80864,100,103,-3,3
80865,96,91,5,5
80866,57,64,-7,7
80867,67,73,-6,6
80868,148,139,9,9
80869,108,103,5,5
80870,50,62,-12,12
80871,151,137,14,14
80872,72,81,-9,9
80873,55,63,-8,8
80874,166,138,28,28
80875,75,82,-7,7
80876,154,138,16,16
80877,71,79,-8,8
80878,77,83,-6,6
80879,72,64,8,8
80880,79,83,-4,4
80881,166,149,17,17
80882,72,76,-4,4
80883,91,92,-1,1
80884,80,85,-5,5
80885,111,93,18,18
80886,81,92,-11,11
80887,74,74,0,0
80888,129,122,7,7
80889,120,113,7,7
80890,79,74,5,5
80891,95,106,-11,11
80892,82,92,-10,10
80893,124,110,14,14
80894,73,71,2,2
80895,328,527,-199,199
80896,95,91,4,4
80897,90,90,0,0
80898,105,105,0,0
80899,131,127,4,4
80900,96,111,-15,15
80901,64,63,1,1
80902,129,109,20,20
80903,84,72,12,12
80904,126,117,9,9
80905,132,131,1,1
80906,108,111,-3,3
80907,74,71,3,3
80908,122,115,7,7
80909,96,113,-17,17
80910,172,173,-1,1
80911,150,133,17,17
80912,82,87,-5,5
80913,119,119,0,0
80914,42,63,-21,21
80915,125,113,12,12
80916,47,62,-15,15
80917,78,68,10,10
80918,51,60,-9,9
80919,56,63,-7,7
80920,100,106,-6,6
80921,105,100,5,5
80922,241,192,49,49
80923,148,133,15,15
80924,49,62,-13,13
80925,116,110,6,6
80926,45,60,-15,15
80927,89,85,4,4
80928,83,92,-9,9
80929,106,108,-2,2
80930,84,101,-17,17
80931,82,77,5,5
80932,69,70,-1,1
80933,87,92,-5,5
80934,85,102,-17,17
80935,75,68,7,7
80936,142,136,6,6
80937,84,90,-6,6
80938,112,100,12,12
80939,74,78,-4,4
80940,82,90,-8,8
80941,96,99,-3,3
80942,106,103,3,3
80943,41,60,-19,19
80944,70,67,3,3
80945,62,64,-2,2
80946,108,107,1,1
80947,115,104,11,11
80948,79,77,2,2
80949,101,101,0,0
80950,73,69,4,4
80951,69,71,-2,2
80952,42,61,-19,19
80953,130,121,9,9
80954,74,64,10,10
80955,69,68,1,1
80956,112,107,5,5
80957,95,101,-6,6
80958,56,60,-4,4
80959,98,106,-8,8
80960,93,99,-6,6
80961,93,91,2,2
80962,99,102,-3,3
80963,137,123,14,14
80964,127,124,3,3
80965,82,80,2,2
80966,58,68,-10,10
80967,83,77,6,6
80968,130,118,12,12
80969,99,88,11,11
80970,134,130,4,4
80971,134,122,12,12
80972,73,68,5,5
80973,98,113,-15,15
80974,56,62,-6,6
80975,106,107,-1,1
80976,157,143,14,14
80977,70,73,-3,3
80978,105,103,2,2
80979,108,117,-9,9
80980,65,67,-2,2
80981,82,76,6,6
80982,75,72,3,3
80983,88,94,-6,6
80984,79,81,-2,2
80985,85,96,-11,11
80986,98,98,0,0
80987,70,70,0,0
80988,132,131,1,1
80989,121,106,15,15
80990,120,133,-13,13
80991,131,118,13,13
80992,100,111,-11,11
80993,103,103,0,0
80994,89,93,-4,4
80995,87,94,-7,7
80996,63,68,-5,5
80997,101,95,6,6
80998,80,74,6,6
80999,60,62,-2,2
81000,53,59,-6,6
81001,147,131,16,16
81002,83,85,-2,2
81003,91,95,-4,4
81004,120,115,5,5
81005,79,74,5,5
81006,66,59,7,7
81007,126,105,21,21
81008,155,137,18,18
81009,73,75,-2,2
81010,75,70,5,5
81011,110,110,0,0
81012,87,91,-4,4
81013,92,92,0,0
81014,133,131,2,2
81015,100,95,5,5
81016,89,92,-3,3
81017,73,86,-13,13
81018,56,58,-2,2
81019,117,108,9,9
81020,77,68,9,9
81021,58,61,-3,3
81022,132,133,-1,1
81023,149,122,27,27
81024,60,61,-1,1
81025,88,84,4,4
81026,118,109,9,9
81027,71,78,-7,7
81028,158,149,9,9
81029,143,125,18,18
81030,63,76,-13,13
81031,49,61,-12,12
81032,111,108,3,3
81033,121,118,3,3
81034,97,94,3,3
81035,116,112,4,4
81036,58,62,-4,4
81037,66,61,5,5
81038,63,62,1,1
81039,54,61,-7,7
81040,83,90,-7,7
81041,66,70,-4,4
81042,48,61,-13,13
81043,69,77,-8,8
81044,39,63,-24,24
81045,158,136,22,22
81046,48,61,-13,13
81047,63,62,1,1
81048,93,102,-9,9
81049,87,123,-36,36
81050,64,67,-3,3
81051,148,124,24,24
81052,58,62,-4,4
81053,51,64,-13,13
81054,53,63,-10,10
81055,138,132,6,6
81056,75,78,-3,3
81057,94,97,-3,3
81058,49,60,-11,11
81059,132,135,-3,3
81060,98,100,-2,2
81061,97,108,-11,11
81062,100,94,6,6
81063,107,101,6,6
81064,65,65,0,0
81065,67,68,-1,1
81066,54,61,-7,7
81067,123,119,4,4
81068,133,119,14,14
81069,105,122,-17,17
81070,91,97,-6,6
81071,121,124,-3,3
81072,81,90,-9,9
81073,59,67,-8,8
81074,154,134,20,20
81075,85,86,-1,1
81076,80,97,-17,17
81077,181,179,2,2
81078,112,105,7,7
81079,80,78,2,2
81080,140,125,15,15
81081,92,79,13,13
81082,87,80,7,7
81083,62,109,-47,47
81084,136,125,11,11
81085,74,71,3,3
81086,74,68,6,6
81087,45,58,-13,13
81088,87,88,-1,1
81089,81,78,3,3
81090,37,62,-25,25
81091,73,71,2,2
81092,81,86,-5,5
81093,119,117,2,2
81094,139,134,5,5
81095,106,108,-2,2
81096,105,106,-1,1
81097,129,121,8,8
81098,97,103,-6,6
81099,94,120,-26,26
81100,89,113,-24,24
81101,84,86,-2,2
81102,182,160,22,22
81103,44,61,-17,17
81104,98,95,3,3
81105,83,78,5,5
81106,159,147,12,12
81107,61,62,-1,1
81108,145,127,18,18
81109,113,132,-19,19
81110,74,75,-1,1
81111,44,55,-11,11
81112,70,82,-12,12
81113,87,106,-19,19
81114,156,139,17,17
81115,78,78,0,0
81116,99,96,3,3
81117,120,111,9,9
81118,100,115,-15,15
81119,90,90,0,0
81120,90,96,-6,6
81121,126,124,2,2
81122,59,61,-2,2
81123,82,79,3,3
81124,71,95,-24,24
81125,87,87,0,0
81126,72,77,-5,5
81127,112,103,9,9
81128,65,63,2,2
81129,68,69,-1,1
81130,62,63,-1,1
81131,130,126,4,4
81132,60,62,-2,2
81133,100,107,-7,7
81134,48,62,-14,14
81135,97,98,-1,1
81136,85,79,6,6
81137,143,120,23,23
81138,112,111,1,1
81139,70,75,-5,5
81140,107,118,-11,11
81141,103,101,2,2
81142,79,73,6,6
81143,65,62,3,3
81144,74,67,7,7
81145,62,65,-3,3
81146,146,143,3,3
81147,138,137,1,1
81148,109,109,0,0
81149,57,62,-5,5
81150,81,84,-3,3
81151,100,99,1,1
81152,55,63,-8,8
81153,71,73,-2,2
81154,137,120,17,17
81155,173,162,11,11
81156,53,59,-6,6
81157,69,69,0,0
81158,115,103,12,12
81159,71,78,-7,7
81160,129,120,9,9
81161,142,127,15,15
81162,48,62,-14,14
81163,77,81,-4,4
81164,81,94,-13,13
81165,103,99,4,4
81166,75,72,3,3
81167,86,87,-1,1
81168,105,106,-1,1
81169,61,62,-1,1
81170,109,101,8,8
81171,98,95,3,3
81172,153,147,6,6
81173,50,63,-13,13
81174,178,155,23,23
81175,85,81,4,4
81176,118,123,-5,5
81177,94,85,9,9
81178,116,103,13,13
81179,92,90,2,2
81180,96,96,0,0
81181,44,61,-17,17
81182,96,95,1,1
81183,146,122,24,24
81184,90,78,12,12
81185,86,90,-4,4
81186,112,113,-1,1
81187,102,117,-15,15
81188,47,61,-14,14
81189,107,100,7,7
81190,52,65,-13,13
81191,122,120,2,2
81192,84,77,7,7
81193,76,75,1,1
81194,72,75,-3,3
81195,181,170,11,11
81196,71,75,-4,4
81197,92,98,-6,6
81198,152,141,11,11
81199,133,132,1,1
81200,97,104,-7,7
81201,135,131,4,4
81202,75,81,-6,6
81203,99,111,-12,12
81204,92,120,-28,28
81205,113,116,-3,3
81206,65,62,3,3
81207,100,104,-4,4
81208,124,124,0,0
81209,82,80,2,2
81210,111,113,-2,2
81211,101,97,4,4
81212,60,63,-3,3
81213,141,125,16,16
81214,69,69,0,0
81215,141,142,-1,1
81216,111,100,11,11
81217,169,159,10,10
81218,126,117,9,9
81219,75,78,-3,3
81220,120,111,9,9
81221,141,144,-3,3
81222,104,121,-17,17
81223,48,61,-13,13
81224,93,96,-3,3
81225,140,129,11,11
81226,97,86,11,11
81227,110,104,6,6
81228,45,62,-17,17
81229,92,96,-4,4
81230,87,78,9,9
81231,90,83,7,7
81232,68,69,-1,1
81233,64,71,-7,7
81234,59,61,-2,2
81235,135,127,8,8
81236,52,63,-11,11
81237,121,128,-7,7
81238,78,83,-5,5
81239,97,105,-8,8
81240,64,95,-31,31
81241,113,119,-6,6
81242,83,84,-1,1
81243,79,77,2,2
81244,77,86,-9,9
81245,56,61,-5,5
81246,156,148,8,8
81247,134,121,13,13
81248,66,66,0,0
81249,113,113,0,0
81250,89,91,-2,2
81251,95,103,-8,8
81252,98,99,-1,1
81253,137,136,1,1
81254,113,103,10,10
81255,173,154,19,19
81256,122,116,6,6
81257,92,91,1,1
81258,142,130,12,12
81259,82,79,3,3
81260,42,61,-19,19
81261,116,140,-24,24
81262,89,93,-4,4
81263,140,131,9,9
81264,130,118,12,12
81265,80,75,5,5
81266,113,121,-8,8
81267,60,63,-3,3
81268,143,171,-28,28
81269,86,82,4,4
81270,126,114,12,12
81271,75,67,8,8
81272,120,110,10,10
81273,125,115,10,10
81274,195,179,16,16
81275,71,71,0,0
81276,131,134,-3,3
81277,111,108,3,3
81278,89,99,-10,10
81279,93,93,0,0
81280,80,83,-3,3
81281,80,80,0,0
81282,46,62,-16,16
81283,134,124,10,10
81284,83,82,1,1
81285,145,137,8,8
81286,80,80,0,0
81287,82,72,10,10
81288,86,77,9,9
81289,62,69,-7,7
81290,46,62,-16,16
81291,112,108,4,4
81292,99,101,-2,2
81293,145,145,0,0
81294,166,157,9,9
81295,45,60,-15,15
81296,126,109,17,17
81297,89,90,-1,1
81298,99,104,-5,5
81299,77,76,1,1
81300,119,109,10,10
81301,93,110,-17,17
81302,102,108,-6,6
81303,62,64,-2,2
81304,57,64,-7,7
81305,63,66,-3,3
81306,56,67,-11,11
81307,137,131,6,6
81308,101,100,1,1
81309,90,86,4,4
81310,136,124,12,12
81311,70,66,4,4
81312,81,83,-2,2
81313,66,65,1,1
81314,93,94,-1,1
81315,73,69,4,4
81316,90,90,0,0
81317,83,85,-2,2
81318,89,114,-25,25
81319,103,107,-4,4
81320,105,99,6,6
81321,83,104,-21,21
81322,115,114,1,1
81323,99,129,-30,30
81324,85,93,-8,8
81325,73,80,-7,7
81326,80,87,-7,7
81327,49,62,-13,13
81328,80,76,4,4
81329,63,66,-3,3
81330,33,62,-29,29
81331,178,175,3,3
81332,105,128,-23,23
81333,41,62,-21,21
81334,92,97,-5,5
81335,98,104,-6,6
81336,71,73,-2,2
81337,30,62,-32,32
81338,62,63,-1,1
81339,126,140,-14,14
81340,102,103,-1,1
81341,122,118,4,4
81342,79,85,-6,6
81343,152,140,12,12
81344,159,141,18,18
81345,161,155,6,6
81346,71,67,4,4
81347,84,91,-7,7
81348,118,106,12,12
81349,73,75,-2,2
81350,118,117,1,1
81351,102,93,9,9
81352,69,86,-17,17
81353,101,98,3,3
81354,127,120,7,7
81355,84,74,10,10
81356,40,61,-21,21
81357,70,66,4,4
81358,135,118,17,17
81359,77,79,-2,2
81360,78,84,-6,6
81361,70,71,-1,1
81362,73,82,-9,9
81363,85,85,0,0
81364,106,101,5,5
81365,151,141,10,10
81366,153,151,2,2
81367,133,121,12,12
81368,121,116,5,5
81369,110,110,0,0
81370,71,81,-10,10
81371,98,97,1,1
81372,126,125,1,1
81373,86,92,-6,6
81374,77,77,0,0
81375,198,174,24,24
81376,133,124,9,9
81377,124,128,-4,4
81378,90,88,2,2
81379,60,62,-2,2
81380,80,97,-17,17
81381,47,62,-15,15
81382,82,72,10,10
81383,119,100,19,19
81384,66,66,0,0
81385,136,118,18,18
81386,141,129,12,12
81387,50,63,-13,13
81388,71,80,-9,9
81389,98,100,-2,2
81390,121,106,15,15
81391,81,94,-13,13
81392,117,115,2,2
81393,112,112,0,0
81394,94,100,-6,6
81395,55,76,-21,21
81396,97,110,-13,13
81397,92,100,-8,8
81398,137,134,3,3
81399,54,60,-6,6
81400,140,134,6,6
81401,138,123,15,15
81402,85,88,-3,3
81403,84,94,-10,10
81404,104,103,1,1
81405,113,111,2,2
81406,109,116,-7,7
81407,76,96,-20,20
81408,79,83,-4,4
81409,65,62,3,3
81410,81,81,0,0
81411,131,113,18,18
81412,204,177,27,27
81413,77,69,8,8
81414,161,155,6,6
81415,97,101,-4,4
81416,110,99,11,11
81417,76,78,-2,2
81418,70,67,3,3
81419,122,119,3,3
81420,52,60,-8,8
81421,121,117,4,4
81422,89,93,-4,4
81423,99,93,6,6
81424,62,63,-1,1
81425,117,109,8,8
81426,92,98,-6,6
81427,169,161,8,8
81428,122,111,11,11
81429,88,103,-15,15
81430,94,93,1,1
81431,163,131,32,32
81432,72,71,1,1
81433,87,96,-9,9
81434,104,112,-8,8
81435,51,62,-11,11
81436,57,61,-4,4
81437,149,137,12,12
81438,87,94,-7,7
81439,109,110,-1,1
81440,120,111,9,9
81441,79,72,7,7
81442,129,122,7,7
81443,162,145,17,17
81444,133,128,5,5
81445,82,78,4,4
81446,110,109,1,1
81447,180,156,24,24
81448,104,100,4,4
81449,134,126,8,8
81450,114,106,8,8
81451,130,142,-12,12
81452,94,100,-6,6
81453,182,158,24,24
81454,93,99,-6,6
81455,74,79,-5,5
81456,66,67,-1,1
81457,164,378,-214,214
81458,125,170,-45,45
81459,74,81,-7,7
81460,148,141,7,7
81461,69,69,0,0
81462,98,97,1,1
81463,71,75,-4,4
81464,107,104,3,3
81465,133,118,15,15
81466,72,68,4,4
81467,68,67,1,1
81468,97,97,0,0
81469,185,153,32,32
81470,184,170,14,14
81471,106,111,-5,5
81472,143,138,5,5
81473,82,99,-17,17
81474,47,61,-14,14
81475,82,74,8,8
81476,97,86,11,11
81477,58,61,-3,3
81478,115,105,10,10
81479,137,118,19,19
81480,112,111,1,1
81481,101,98,3,3
81482,56,62,-6,6
81483,80,74,6,6
81484,79,88,-9,9
81485,186,160,26,26
81486,79,71,8,8
81487,80,69,11,11
81488,85,85,0,0
81489,123,110,13,13
81490,94,82,12,12
81491,71,90,-19,19
81492,83,89,-6,6
81493,45,62,-17,17
81494,120,156,-36,36
81495,165,151,14,14
81496,73,72,1,1
81497,87,82,5,5
81498,80,89,-9,9
81499,132,134,-2,2
81500,82,78,4,4
81501,77,75,2,2
81502,62,65,-3,3
81503,74,79,-5,5
81504,87,96,-9,9
81505,142,132,10,10
81506,119,108,11,11
81507,62,77,-15,15
