,original,predict,differ,abs
0,67,74,-7,7
1,58,61,-3,3
2,88,87,1,1
3,183,178,5,5
4,81,79,2,2
5,88,88,0,0
6,83,90,-7,7
7,183,167,16,16
8,81,79,2,2
9,117,121,-4,4
10,64,58,6,6
11,59,70,-11,11
12,74,70,4,4
13,100,109,-9,9
14,103,102,1,1
15,66,68,-2,2
16,97,93,4,4
17,120,110,10,10
18,79,79,0,0
19,110,119,-9,9
20,217,204,13,13
21,156,154,2,2
22,97,89,8,8
23,101,122,-21,21
24,82,75,7,7
25,127,120,7,7
26,112,112,0,0
27,191,174,17,17
28,48,45,3,3
29,106,116,-10,10
30,133,135,-2,2
31,57,60,-3,3
32,108,104,4,4
33,89,79,10,10
34,50,65,-15,15
35,62,45,17,17
36,102,99,3,3
37,55,52,3,3
38,89,103,-14,14
39,96,107,-11,11
40,70,71,-1,1
41,115,120,-5,5
42,82,84,-2,2
43,102,104,-2,2
44,167,149,18,18
45,82,91,-9,9
46,118,130,-12,12
47,85,80,5,5
48,93,93,0,0
49,111,96,15,15
50,77,72,5,5
51,136,131,5,5
52,109,94,15,15
53,85,95,-10,10
54,133,126,7,7
55,138,130,8,8
56,100,122,-22,22
57,130,130,0,0
58,96,104,-8,8
59,58,60,-2,2
60,115,116,-1,1
61,73,77,-4,4
62,135,125,10,10
63,177,179,-2,2
64,96,101,-5,5
65,77,81,-4,4
66,84,84,0,0
67,105,95,10,10
68,193,192,1,1
69,143,146,-3,3
70,111,104,7,7
71,104,92,12,12
72,265,269,-4,4
73,88,92,-4,4
74,78,79,-1,1
75,58,59,-1,1
76,86,81,5,5
77,59,64,-5,5
78,139,141,-2,2
79,96,91,5,5
80,90,90,0,0
81,83,83,0,0
82,133,133,0,0
83,141,140,1,1
84,72,67,5,5
85,75,73,2,2
86,43,43,0,0
87,68,70,-2,2
88,170,144,26,26
89,92,99,-7,7
90,64,87,-23,23
91,101,109,-8,8
92,82,77,5,5
93,81,74,7,7
94,75,76,-1,1
95,99,96,3,3
96,45,54,-9,9
97,186,191,-5,5
98,127,145,-18,18
99,100,102,-2,2
100,66,65,1,1
101,129,112,17,17
102,107,115,-8,8
103,128,130,-2,2
104,90,82,8,8
105,68,66,2,2
106,107,110,-3,3
107,90,85,5,5
108,89,93,-4,4
109,70,73,-3,3
110,174,151,23,23
111,90,78,12,12
112,76,80,-4,4
113,67,64,3,3
114,76,88,-12,12
115,168,164,4,4
116,91,88,3,3
117,103,105,-2,2
118,91,89,2,2
119,67,75,-8,8
120,118,127,-9,9
121,51,51,0,0
122,76,79,-3,3
123,110,119,-9,9
124,99,92,7,7
125,96,100,-4,4
126,169,172,-3,3
127,89,95,-6,6
128,94,98,-4,4
129,123,133,-10,10
130,186,185,1,1
131,132,131,1,1
132,102,85,17,17
133,78,82,-4,4
134,129,119,10,10
135,116,101,15,15
136,136,131,5,5
137,131,133,-2,2
138,105,108,-3,3
139,69,71,-2,2
140,66,62,4,4
141,127,125,2,2
142,127,129,-2,2
143,66,79,-13,13
144,112,122,-10,10
145,115,112,3,3
146,98,90,8,8
147,69,62,7,7
148,93,83,10,10
149,121,130,-9,9
150,92,97,-5,5
151,73,71,2,2
152,139,137,2,2
153,80,84,-4,4
154,89,95,-6,6
155,67,64,3,3
156,66,63,3,3
157,81,85,-4,4
158,59,62,-3,3
159,128,135,-7,7
160,109,116,-7,7
161,50,50,0,0
162,74,68,6,6
163,80,85,-5,5
164,132,133,-1,1
165,51,52,-1,1
166,115,112,3,3
167,70,88,-18,18
168,159,148,11,11
169,151,159,-8,8
170,94,97,-3,3
171,81,94,-13,13
172,77,81,-4,4
173,42,40,2,2
174,135,133,2,2
175,106,104,2,2
176,50,53,-3,3
177,162,143,19,19
178,130,116,14,14
179,120,107,13,13
180,84,91,-7,7
181,76,81,-5,5
182,67,67,0,0
183,75,73,2,2
184,39,40,-1,1
185,119,105,14,14
186,55,59,-4,4
187,90,86,4,4
188,124,127,-3,3
189,171,176,-5,5
190,70,72,-2,2
191,137,140,-3,3
192,127,135,-8,8
193,143,154,-11,11
194,195,167,28,28
195,112,109,3,3
196,43,48,-5,5
197,114,114,0,0
198,111,107,4,4
199,80,83,-3,3
200,128,112,16,16
201,176,180,-4,4
202,64,61,3,3
203,142,137,5,5
204,100,92,8,8
205,63,61,2,2
206,145,135,10,10
207,101,99,2,2
208,78,72,6,6
209,98,95,3,3
210,147,149,-2,2
211,50,53,-3,3
212,70,66,4,4
213,175,172,3,3
214,87,99,-12,12
215,87,81,6,6
216,108,124,-16,16
217,67,65,2,2
218,95,100,-5,5
219,89,98,-9,9
220,135,140,-5,5
221,79,87,-8,8
222,43,48,-5,5
223,195,163,32,32
224,83,84,-1,1
225,81,90,-9,9
226,63,71,-8,8
227,119,120,-1,1
228,98,98,0,0
229,44,49,-5,5
230,47,55,-8,8
231,87,67,20,20
232,90,84,6,6
233,62,61,1,1
234,103,101,2,2
235,140,145,-5,5
236,114,117,-3,3
237,57,71,-14,14
238,81,77,4,4
239,74,95,-21,21
240,61,73,-12,12
241,43,46,-3,3
242,55,59,-4,4
243,100,91,9,9
244,124,112,12,12
245,107,108,-1,1
246,121,128,-7,7
247,86,94,-8,8
248,146,137,9,9
249,147,150,-3,3
250,47,42,5,5
251,124,117,7,7
252,89,91,-2,2
253,50,60,-10,10
254,110,116,-6,6
255,158,155,3,3
256,86,81,5,5
257,102,108,-6,6
258,107,116,-9,9
259,64,67,-3,3
260,136,133,3,3
261,125,114,11,11
262,115,103,12,12
263,71,66,5,5
264,80,82,-2,2
265,82,88,-6,6
266,79,79,0,0
267,102,94,8,8
268,49,57,-8,8
269,109,113,-4,4
270,52,53,-1,1
271,72,71,1,1
272,68,71,-3,3
273,151,158,-7,7
274,112,112,0,0
275,97,113,-16,16
276,82,93,-11,11
277,72,76,-4,4
278,125,136,-11,11
279,128,134,-6,6
280,94,97,-3,3
281,76,71,5,5
282,71,74,-3,3
283,112,113,-1,1
284,75,72,3,3
285,77,74,3,3
286,78,71,7,7
287,89,83,6,6
288,88,80,8,8
289,97,96,1,1
290,80,74,6,6
291,67,74,-7,7
292,83,86,-3,3
293,85,81,4,4
294,76,73,3,3
295,64,64,0,0
296,107,113,-6,6
297,141,156,-15,15
298,130,128,2,2
299,51,58,-7,7
300,66,62,4,4
301,75,71,4,4
302,186,173,13,13
303,86,79,7,7
304,141,144,-3,3
305,83,80,3,3
306,85,83,2,2
307,148,138,10,10
308,87,85,2,2
309,77,71,6,6
310,27,37,-10,10
311,88,91,-3,3
312,92,86,6,6
313,86,91,-5,5
314,135,138,-3,3
315,77,71,6,6
316,73,70,3,3
317,133,142,-9,9
318,51,53,-2,2
319,125,121,4,4
320,98,111,-13,13
321,143,137,6,6
322,140,140,0,0
323,87,96,-9,9
324,89,76,13,13
325,69,72,-3,3
326,96,77,19,19
327,127,124,3,3
328,79,74,5,5
329,137,126,11,11
330,85,89,-4,4
331,84,88,-4,4
332,52,64,-12,12
333,77,75,2,2
334,78,85,-7,7
335,104,98,6,6
336,89,95,-6,6
337,89,59,30,30
338,56,51,5,5
339,106,87,19,19
340,71,66,5,5
341,132,124,8,8
342,82,74,8,8
343,100,94,6,6
344,51,60,-9,9
345,66,63,3,3
346,85,77,8,8
347,112,115,-3,3
348,34,51,-17,17
349,134,119,15,15
350,93,100,-7,7
351,114,134,-20,20
352,137,127,10,10
353,88,88,0,0
354,108,115,-7,7
355,106,101,5,5
356,146,185,-39,39
357,54,63,-9,9
358,170,143,27,27
359,86,76,10,10
360,110,95,15,15
361,82,79,3,3
362,101,97,4,4
363,64,71,-7,7
364,44,50,-6,6
365,84,82,2,2
366,60,58,2,2
367,101,107,-6,6
368,120,111,9,9
369,60,59,1,1
370,130,128,2,2
371,41,46,-5,5
372,116,110,6,6
373,58,60,-2,2
374,77,74,3,3
375,96,103,-7,7
376,88,93,-5,5
377,103,102,1,1
378,35,64,-29,29
379,64,60,4,4
380,86,76,10,10
381,89,91,-2,2
382,108,107,1,1
383,116,111,5,5
384,82,83,-1,1
385,65,65,0,0
386,64,73,-9,9
387,134,130,4,4
388,65,71,-6,6
389,77,74,3,3
390,120,123,-3,3
391,54,58,-4,4
392,90,91,-1,1
393,87,89,-2,2
394,97,91,6,6
395,17,25,-8,8
396,69,89,-20,20
397,31,45,-14,14
398,90,89,1,1
399,104,106,-2,2
400,97,96,1,1
401,52,57,-5,5
402,81,81,0,0
403,88,86,2,2
404,150,152,-2,2
405,103,115,-12,12
406,47,47,0,0
407,119,117,2,2
408,107,118,-11,11
409,88,62,26,26
410,85,85,0,0
411,95,96,-1,1
412,89,82,7,7
413,87,93,-6,6
414,148,136,12,12
415,98,95,3,3
416,148,153,-5,5
417,77,81,-4,4
418,70,74,-4,4
419,64,63,1,1
420,110,129,-19,19
421,143,151,-8,8
422,122,173,-51,51
423,82,82,0,0
424,112,110,2,2
425,128,134,-6,6
426,148,149,-1,1
427,80,78,2,2
428,56,73,-17,17
429,90,89,1,1
430,110,112,-2,2
431,88,99,-11,11
432,91,91,0,0
433,99,101,-2,2
434,122,117,5,5
435,66,65,1,1
436,106,100,6,6
437,65,59,6,6
438,164,156,8,8
439,68,64,4,4
440,48,69,-21,21
441,88,81,7,7
442,107,109,-2,2
443,58,63,-5,5
444,91,87,4,4
445,113,108,5,5
446,107,103,4,4
447,101,97,4,4
448,72,85,-13,13
449,134,133,1,1
450,87,89,-2,2
451,64,66,-2,2
452,72,66,6,6
453,146,151,-5,5
454,110,109,1,1
455,104,101,3,3
456,129,137,-8,8
457,134,143,-9,9
458,123,126,-3,3
459,62,61,1,1
460,71,67,4,4
461,58,63,-5,5
462,88,84,4,4
463,134,137,-3,3
464,81,81,0,0
465,77,94,-17,17
466,118,118,0,0
467,131,128,3,3
468,66,65,1,1
469,61,63,-2,2
470,43,38,5,5
471,121,124,-3,3
472,101,110,-9,9
473,112,103,9,9
474,67,63,4,4
475,88,83,5,5
476,57,51,6,6
477,93,83,10,10
478,77,61,16,16
479,57,59,-2,2
480,55,66,-11,11
481,68,71,-3,3
482,118,114,4,4
483,63,65,-2,2
484,110,116,-6,6
485,58,61,-3,3
486,119,111,8,8
487,110,143,-33,33
488,146,145,1,1
489,50,48,2,2
490,104,105,-1,1
491,136,130,6,6
492,145,152,-7,7
493,110,103,7,7
494,124,134,-10,10
495,117,117,0,0
496,134,130,4,4
497,98,89,9,9
498,104,133,-29,29
499,78,72,6,6
500,100,93,7,7
501,45,53,-8,8
502,108,113,-5,5
503,50,55,-5,5
504,69,76,-7,7
505,106,104,2,2
506,66,61,5,5
507,61,65,-4,4
508,96,95,1,1
509,96,92,4,4
510,53,55,-2,2
511,93,95,-2,2
512,80,73,7,7
513,73,74,-1,1
514,70,78,-8,8
515,100,92,8,8
516,137,134,3,3
517,114,118,-4,4
518,70,72,-2,2
519,55,65,-10,10
520,108,94,14,14
521,138,137,1,1
522,95,97,-2,2
523,142,141,1,1
524,83,79,4,4
525,122,116,6,6
526,97,97,0,0
527,56,54,2,2
528,122,118,4,4
529,73,75,-2,2
530,69,60,9,9
531,95,101,-6,6
532,68,74,-6,6
533,95,90,5,5
534,78,90,-12,12
535,90,91,-1,1
536,106,103,3,3
537,42,49,-7,7
538,76,80,-4,4
539,157,170,-13,13
540,119,115,4,4
541,99,103,-4,4
542,61,67,-6,6
543,102,99,3,3
544,92,95,-3,3
545,124,115,9,9
546,82,85,-3,3
547,76,79,-3,3
548,67,68,-1,1
549,148,143,5,5
550,74,75,-1,1
551,66,70,-4,4
552,108,108,0,0
553,64,64,0,0
554,102,105,-3,3
555,63,63,0,0
556,66,60,6,6
557,74,71,3,3
558,74,74,0,0
559,67,66,1,1
560,86,98,-12,12
561,81,93,-12,12
562,90,93,-3,3
563,47,52,-5,5
564,68,77,-9,9
565,88,77,11,11
566,83,78,5,5
567,76,74,2,2
568,55,55,0,0
569,100,111,-11,11
570,108,122,-14,14
571,178,167,11,11
572,80,76,4,4
573,82,85,-3,3
574,149,139,10,10
575,69,71,-2,2
576,70,77,-7,7
577,90,105,-15,15
578,91,88,3,3
579,75,66,9,9
580,88,87,1,1
581,134,124,10,10
582,49,56,-7,7
583,51,54,-3,3
584,113,109,4,4
585,88,86,2,2
586,53,52,1,1
587,84,73,11,11
588,105,102,3,3
589,85,81,4,4
590,105,101,4,4
591,75,75,0,0
592,139,138,1,1
593,103,100,3,3
594,87,92,-5,5
595,65,75,-10,10
596,74,72,2,2
597,98,111,-13,13
598,110,105,5,5
599,112,109,3,3
600,88,83,5,5
601,85,84,1,1
602,55,56,-1,1
603,86,87,-1,1
604,124,128,-4,4
605,114,118,-4,4
606,57,58,-1,1
607,56,58,-2,2
608,78,71,7,7
609,122,139,-17,17
610,79,72,7,7
611,81,75,6,6
612,117,112,5,5
613,112,122,-10,10
614,95,97,-2,2
615,195,182,13,13
616,76,86,-10,10
617,104,96,8,8
618,112,104,8,8
619,103,109,-6,6
620,91,95,-4,4
621,105,99,6,6
622,127,109,18,18
623,60,64,-4,4
624,111,112,-1,1
625,106,109,-3,3
626,109,108,1,1
627,85,87,-2,2
628,67,71,-4,4
629,81,86,-5,5
630,83,86,-3,3
631,56,61,-5,5
632,92,89,3,3
633,71,82,-11,11
634,95,88,7,7
635,93,94,-1,1
636,144,148,-4,4
637,53,54,-1,1
638,77,86,-9,9
639,71,71,0,0
640,95,100,-5,5
641,95,104,-9,9
642,61,57,4,4
643,141,130,11,11
644,133,129,4,4
645,94,89,5,5
646,112,117,-5,5
647,84,83,1,1
648,92,93,-1,1
649,84,83,1,1
650,94,100,-6,6
651,72,74,-2,2
652,102,120,-18,18
653,61,64,-3,3
654,108,115,-7,7
655,105,105,0,0
656,85,89,-4,4
657,74,79,-5,5
658,50,53,-3,3
659,101,97,4,4
660,82,74,8,8
661,108,90,18,18
662,148,144,4,4
663,126,121,5,5
664,136,150,-14,14
665,75,75,0,0
666,36,36,0,0
667,42,53,-11,11
668,69,64,5,5
669,126,125,1,1
670,109,98,11,11
671,90,85,5,5
672,116,111,5,5
673,151,191,-40,40
674,147,145,2,2
675,52,93,-41,41
676,107,115,-8,8
677,90,88,2,2
678,162,153,9,9
679,103,106,-3,3
680,150,138,12,12
681,62,85,-23,23
682,111,110,1,1
683,77,88,-11,11
684,166,173,-7,7
685,151,160,-9,9
686,116,119,-3,3
687,79,80,-1,1
688,94,119,-25,25
689,110,116,-6,6
690,152,140,12,12
691,176,163,13,13
692,92,96,-4,4
693,156,151,5,5
694,92,95,-3,3
695,77,74,3,3
696,32,50,-18,18
697,87,88,-1,1
698,108,111,-3,3
699,104,91,13,13
700,70,71,-1,1
701,66,50,16,16
702,118,114,4,4
703,65,66,-1,1
704,111,102,9,9
705,74,71,3,3
706,81,88,-7,7
707,88,81,7,7
708,87,83,4,4
709,116,125,-9,9
710,47,45,2,2
711,95,99,-4,4
712,44,45,-1,1
713,91,107,-16,16
714,83,83,0,0
715,137,136,1,1
716,80,80,0,0
717,147,140,7,7
718,119,128,-9,9
719,137,116,21,21
720,133,147,-14,14
721,89,94,-5,5
722,150,143,7,7
723,108,105,3,3
724,96,81,15,15
725,88,86,2,2
726,140,132,8,8
727,128,132,-4,4
728,53,55,-2,2
729,100,115,-15,15
730,58,66,-8,8
731,110,108,2,2
732,125,121,4,4
733,124,113,11,11
734,109,125,-16,16
735,122,128,-6,6
736,95,95,0,0
737,93,96,-3,3
738,85,76,9,9
739,98,83,15,15
740,68,74,-6,6
741,48,44,4,4
742,97,100,-3,3
743,81,82,-1,1
744,88,83,5,5
745,91,111,-20,20
746,64,63,1,1
747,204,196,8,8
748,114,111,3,3
749,185,157,28,28
750,75,74,1,1
751,70,61,9,9
752,145,147,-2,2
753,87,84,3,3
754,45,52,-7,7
755,73,71,2,2
756,125,133,-8,8
757,60,63,-3,3
758,95,95,0,0
759,119,99,20,20
760,76,73,3,3
761,56,61,-5,5
762,44,58,-14,14
763,98,102,-4,4
764,86,79,7,7
765,161,147,14,14
766,102,124,-22,22
767,103,103,0,0
768,69,72,-3,3
769,151,160,-9,9
770,92,71,21,21
771,80,89,-9,9
772,87,90,-3,3
773,108,102,6,6
774,51,54,-3,3
775,110,110,0,0
776,64,63,1,1
777,73,68,5,5
778,92,88,4,4
779,93,89,4,4
780,103,104,-1,1
781,49,45,4,4
782,71,76,-5,5
783,70,68,2,2
784,67,64,3,3
785,100,100,0,0
786,93,99,-6,6
787,75,76,-1,1
788,97,101,-4,4
789,84,87,-3,3
790,140,129,11,11
791,151,142,9,9
792,78,82,-4,4
793,79,81,-2,2
794,108,122,-14,14
795,95,92,3,3
796,98,94,4,4
797,119,125,-6,6
798,83,97,-14,14
799,67,67,0,0
800,64,64,0,0
801,102,95,7,7
802,75,76,-1,1
803,68,80,-12,12
804,78,77,1,1
805,53,57,-4,4
806,126,126,0,0
807,89,94,-5,5
808,85,95,-10,10
809,64,69,-5,5
810,85,82,3,3
811,74,72,2,2
812,66,65,1,1
813,79,71,8,8
814,125,109,16,16
815,119,113,6,6
816,26,43,-17,17
817,66,67,-1,1
818,88,80,8,8
819,111,98,13,13
820,86,83,3,3
821,76,87,-11,11
822,86,81,5,5
823,145,135,10,10
824,46,48,-2,2
825,107,101,6,6
826,99,88,11,11
827,63,69,-6,6
828,68,71,-3,3
829,100,91,9,9
830,110,121,-11,11
831,77,77,0,0
832,66,68,-2,2
833,64,64,0,0
834,77,84,-7,7
835,144,148,-4,4
836,106,102,4,4
837,93,100,-7,7
838,73,80,-7,7
839,103,111,-8,8
840,105,108,-3,3
841,75,76,-1,1
842,83,81,2,2
843,112,113,-1,1
844,156,148,8,8
845,156,147,9,9
846,77,82,-5,5
847,76,77,-1,1
848,95,93,2,2
849,41,50,-9,9
850,106,120,-14,14
851,135,134,1,1
852,92,98,-6,6
853,91,97,-6,6
854,112,113,-1,1
855,84,89,-5,5
856,77,72,5,5
857,29,58,-29,29
858,64,68,-4,4
859,143,131,12,12
860,59,57,2,2
861,155,152,3,3
862,207,174,33,33
863,129,120,9,9
864,115,111,4,4
865,108,99,9,9
866,162,149,13,13
867,69,74,-5,5
868,62,73,-11,11
869,79,94,-15,15
870,57,57,0,0
871,90,92,-2,2
872,98,96,2,2
873,108,108,0,0
874,80,101,-21,21
875,114,106,8,8
876,57,55,2,2
877,41,113,-72,72
878,90,89,1,1
879,84,71,13,13
880,87,87,0,0
881,70,81,-11,11
882,109,111,-2,2
883,76,75,1,1
884,62,56,6,6
885,83,78,5,5
886,124,137,-13,13
887,122,126,-4,4
888,55,56,-1,1
889,108,118,-10,10
890,109,114,-5,5
891,52,78,-26,26
892,134,120,14,14
893,60,53,7,7
894,71,73,-2,2
895,123,119,4,4
896,60,62,-2,2
897,140,136,4,4
898,109,96,13,13
899,150,171,-21,21
900,74,78,-4,4
901,94,85,9,9
902,71,74,-3,3
903,139,133,6,6
904,87,96,-9,9
905,72,74,-2,2
906,53,52,1,1
907,163,150,13,13
908,111,96,15,15
909,70,61,9,9
910,46,46,0,0
911,138,137,1,1
912,127,125,2,2
913,70,73,-3,3
914,107,120,-13,13
915,64,61,3,3
916,69,77,-8,8
917,196,190,6,6
918,136,141,-5,5
919,52,71,-19,19
920,79,85,-6,6
921,109,118,-9,9
922,78,80,-2,2
923,115,117,-2,2
924,77,82,-5,5
925,110,108,2,2
926,74,72,2,2
927,49,49,0,0
928,55,57,-2,2
929,145,138,7,7
930,119,114,5,5
931,96,95,1,1
932,196,193,3,3
933,72,76,-4,4
934,90,100,-10,10
935,62,107,-45,45
936,118,104,14,14
937,137,144,-7,7
938,79,79,0,0
939,152,145,7,7
940,87,95,-8,8
941,112,114,-2,2
942,62,64,-2,2
943,72,76,-4,4
944,109,107,2,2
945,83,80,3,3
946,68,65,3,3
947,97,99,-2,2
948,59,60,-1,1
949,173,158,15,15
950,73,72,1,1
951,85,88,-3,3
952,62,64,-2,2
953,75,71,4,4
954,90,92,-2,2
955,93,100,-7,7
956,98,100,-2,2
957,116,115,1,1
958,50,46,4,4
959,106,110,-4,4
960,114,110,4,4
961,98,90,8,8
962,184,186,-2,2
963,69,73,-4,4
964,147,144,3,3
965,29,56,-27,27
966,108,118,-10,10
967,65,70,-5,5
968,96,96,0,0
969,84,89,-5,5
970,70,67,3,3
971,162,159,3,3
972,112,119,-7,7
973,71,70,1,1
974,139,133,6,6
975,72,79,-7,7
976,68,72,-4,4
977,76,78,-2,2
978,87,90,-3,3
979,52,50,2,2
980,115,113,2,2
981,161,154,7,7
982,88,77,11,11
983,107,104,3,3
984,84,76,8,8
985,90,85,5,5
986,55,59,-4,4
987,138,130,8,8
988,90,87,3,3
989,114,107,7,7
990,111,128,-17,17
991,44,44,0,0
992,111,120,-9,9
993,128,113,15,15
994,98,96,2,2
995,93,86,7,7
996,74,73,1,1
997,130,131,-1,1
998,82,91,-9,9
999,178,160,18,18
1000,42,45,-3,3
1001,96,91,5,5
1002,39,52,-13,13
1003,75,79,-4,4
1004,147,145,2,2
1005,102,109,-7,7
1006,212,198,14,14
1007,64,65,-1,1
1008,91,90,1,1
1009,39,42,-3,3
1010,92,101,-9,9
1011,159,151,8,8
1012,119,112,7,7
1013,128,128,0,0
1014,125,124,1,1
1015,63,65,-2,2
1016,117,115,2,2
1017,117,123,-6,6
1018,35,39,-4,4
1019,108,111,-3,3
1020,108,104,4,4
1021,77,76,1,1
1022,88,86,2,2
1023,45,53,-8,8
1024,88,99,-11,11
1025,110,101,9,9
1026,93,88,5,5
1027,77,84,-7,7
1028,144,136,8,8
1029,63,70,-7,7
1030,56,51,5,5
1031,143,135,8,8
1032,119,132,-13,13
1033,85,79,6,6
1034,94,93,1,1
1035,115,124,-9,9
1036,117,120,-3,3
1037,71,65,6,6
1038,79,80,-1,1
1039,119,89,30,30
1040,78,75,3,3
1041,101,116,-15,15
1042,89,99,-10,10
1043,91,98,-7,7
1044,112,109,3,3
1045,131,136,-5,5
1046,43,49,-6,6
1047,162,159,3,3
1048,55,58,-3,3
1049,116,120,-4,4
1050,49,50,-1,1
1051,88,81,7,7
1052,108,106,2,2
1053,72,65,7,7
1054,115,112,3,3
1055,55,58,-3,3
1056,146,139,7,7
1057,97,78,19,19
1058,81,81,0,0
1059,146,139,7,7
1060,133,128,5,5
1061,62,65,-3,3
1062,148,145,3,3
1063,98,88,10,10
1064,81,72,9,9
1065,73,76,-3,3
1066,81,74,7,7
1067,148,142,6,6
1068,141,129,12,12
1069,56,55,1,1
1070,123,120,3,3
1071,83,77,6,6
1072,117,120,-3,3
1073,99,99,0,0
1074,99,106,-7,7
1075,64,62,2,2
1076,92,86,6,6
1077,40,42,-2,2
1078,183,171,12,12
1079,44,55,-11,11
1080,115,115,0,0
1081,49,55,-6,6
1082,127,123,4,4
1083,155,150,5,5
1084,81,91,-10,10
1085,92,87,5,5
1086,74,63,11,11
1087,108,112,-4,4
1088,57,59,-2,2
1089,61,66,-5,5
1090,125,129,-4,4
1091,97,89,8,8
1092,60,97,-37,37
1093,78,76,2,2
1094,71,78,-7,7
1095,84,85,-1,1
1096,177,165,12,12
1097,80,77,3,3
1098,130,136,-6,6
1099,81,87,-6,6
1100,88,93,-5,5
1101,56,55,1,1
1102,149,142,7,7
1103,92,81,11,11
1104,90,90,0,0
1105,45,52,-7,7
1106,63,72,-9,9
1107,92,93,-1,1
1108,124,127,-3,3
1109,140,140,0,0
1110,122,135,-13,13
1111,47,50,-3,3
1112,67,72,-5,5
1113,199,185,14,14
1114,110,136,-26,26
1115,78,86,-8,8
1116,42,47,-5,5
1117,51,58,-7,7
1118,183,164,19,19
1119,160,163,-3,3
1120,117,119,-2,2
1121,70,73,-3,3
1122,90,84,6,6
1123,101,112,-11,11
1124,73,74,-1,1
1125,64,65,-1,1
1126,69,70,-1,1
1127,98,100,-2,2
1128,121,123,-2,2
1129,83,83,0,0
1130,170,172,-2,2
1131,80,81,-1,1
1132,68,72,-4,4
1133,130,143,-13,13
1134,66,72,-6,6
1135,65,87,-22,22
1136,95,94,1,1
1137,99,99,0,0
1138,95,121,-26,26
1139,174,168,6,6
1140,154,138,16,16
1141,121,112,9,9
1142,109,99,10,10
1143,87,106,-19,19
1144,61,52,9,9
1145,96,97,-1,1
1146,96,95,1,1
1147,118,117,1,1
1148,97,90,7,7
1149,105,102,3,3
1150,87,85,2,2
1151,104,99,5,5
1152,80,89,-9,9
1153,54,58,-4,4
1154,92,88,4,4
1155,48,51,-3,3
1156,78,84,-6,6
1157,136,124,12,12
1158,139,131,8,8
1159,61,114,-53,53
1160,83,85,-2,2
1161,103,114,-11,11
1162,128,128,0,0
1163,131,127,4,4
1164,76,76,0,0
1165,74,64,10,10
1166,135,137,-2,2
1167,73,75,-2,2
1168,115,122,-7,7
1169,81,87,-6,6
1170,140,136,4,4
1171,69,74,-5,5
1172,46,51,-5,5
1173,109,104,5,5
1174,197,182,15,15
1175,111,125,-14,14
1176,100,99,1,1
1177,77,74,3,3
1178,66,72,-6,6
1179,67,70,-3,3
1180,120,140,-20,20
1181,349,376,-27,27
1182,78,74,4,4
1183,118,126,-8,8
1184,51,63,-12,12
1185,82,87,-5,5
1186,49,46,3,3
1187,72,72,0,0
1188,112,248,-136,136
1189,140,124,16,16
1190,69,61,8,8
1191,94,98,-4,4
1192,69,71,-2,2
1193,96,100,-4,4
1194,77,118,-41,41
1195,92,104,-12,12
1196,141,146,-5,5
1197,94,91,3,3
1198,92,83,9,9
1199,96,118,-22,22
1200,69,63,6,6
1201,35,47,-12,12
1202,78,75,3,3
1203,113,117,-4,4
1204,99,92,7,7
1205,108,107,1,1
1206,118,111,7,7
1207,95,91,4,4
1208,106,114,-8,8
1209,101,81,20,20
1210,77,88,-11,11
1211,97,91,6,6
1212,86,85,1,1
1213,60,61,-1,1
1214,101,111,-10,10
1215,105,98,7,7
1216,73,76,-3,3
1217,90,86,4,4
1218,121,113,8,8
1219,80,85,-5,5
1220,85,95,-10,10
1221,158,158,0,0
1222,75,78,-3,3
1223,70,75,-5,5
1224,66,72,-6,6
1225,107,105,2,2
1226,182,182,0,0
1227,134,132,2,2
1228,103,97,6,6
1229,69,75,-6,6
1230,95,88,7,7
1231,33,40,-7,7
1232,58,58,0,0
1233,63,70,-7,7
1234,115,102,13,13
1235,111,103,8,8
1236,128,120,8,8
1237,141,132,9,9
1238,50,54,-4,4
1239,129,115,14,14
1240,49,58,-9,9
1241,91,87,4,4
1242,131,124,7,7
1243,120,109,11,11
1244,91,89,2,2
1245,108,112,-4,4
1246,70,74,-4,4
1247,51,50,1,1
1248,92,102,-10,10
1249,77,77,0,0
1250,149,141,8,8
1251,117,113,4,4
1252,144,145,-1,1
1253,82,73,9,9
1254,107,111,-4,4
1255,51,51,0,0
1256,55,60,-5,5
1257,101,102,-1,1
1258,99,93,6,6
1259,114,106,8,8
1260,55,64,-9,9
1261,83,81,2,2
1262,174,171,3,3
1263,136,133,3,3
1264,89,94,-5,5
1265,67,75,-8,8
1266,81,84,-3,3
1267,122,129,-7,7
1268,74,80,-6,6
1269,149,171,-22,22
1270,62,70,-8,8
1271,64,70,-6,6
1272,85,89,-4,4
1273,163,145,18,18
1274,72,73,-1,1
1275,62,59,3,3
1276,50,54,-4,4
1277,57,62,-5,5
1278,82,92,-10,10
1279,58,60,-2,2
1280,51,50,1,1
1281,63,65,-2,2
1282,125,136,-11,11
1283,78,86,-8,8
1284,57,57,0,0
1285,65,63,2,2
1286,111,118,-7,7
1287,90,85,5,5
1288,107,107,0,0
1289,81,78,3,3
1290,133,115,18,18
1291,111,123,-12,12
1292,64,74,-10,10
1293,56,77,-21,21
1294,51,56,-5,5
1295,64,65,-1,1
1296,156,155,1,1
1297,96,107,-11,11
1298,94,87,7,7
1299,65,91,-26,26
1300,167,160,7,7
1301,44,47,-3,3
1302,255,231,24,24
1303,80,78,2,2
1304,142,134,8,8
1305,73,61,12,12
1306,114,107,7,7
1307,81,72,9,9
1308,66,65,1,1
1309,91,91,0,0
1310,106,96,10,10
1311,84,92,-8,8
1312,120,124,-4,4
1313,115,115,0,0
1314,130,126,4,4
1315,192,201,-9,9
1316,150,143,7,7
1317,87,87,0,0
1318,69,71,-2,2
1319,170,179,-9,9
1320,99,95,4,4
1321,72,79,-7,7
1322,106,101,5,5
1323,142,122,20,20
1324,44,46,-2,2
1325,87,95,-8,8
1326,72,77,-5,5
1327,116,109,7,7
1328,66,71,-5,5
1329,43,40,3,3
1330,145,143,2,2
1331,92,89,3,3
1332,86,91,-5,5
1333,87,98,-11,11
1334,71,66,5,5
1335,136,129,7,7
1336,73,77,-4,4
1337,81,87,-6,6
1338,65,59,6,6
1339,97,87,10,10
1340,61,61,0,0
1341,76,66,10,10
1342,55,52,3,3
1343,100,94,6,6
1344,120,123,-3,3
1345,110,122,-12,12
1346,103,105,-2,2
1347,57,59,-2,2
1348,95,84,11,11
1349,82,89,-7,7
1350,105,118,-13,13
1351,68,73,-5,5
1352,177,168,9,9
1353,97,95,2,2
1354,150,133,17,17
1355,38,43,-5,5
1356,85,78,7,7
1357,79,82,-3,3
1358,78,84,-6,6
1359,98,100,-2,2
1360,138,134,4,4
1361,92,84,8,8
1362,110,109,1,1
1363,135,145,-10,10
1364,96,98,-2,2
1365,107,101,6,6
1366,84,87,-3,3
1367,82,80,2,2
1368,87,106,-19,19
1369,58,61,-3,3
1370,55,52,3,3
1371,69,75,-6,6
1372,193,185,8,8
1373,102,110,-8,8
1374,105,101,4,4
1375,74,89,-15,15
1376,122,135,-13,13
1377,85,83,2,2
1378,103,99,4,4
1379,139,132,7,7
1380,91,86,5,5
1381,84,95,-11,11
1382,155,145,10,10
1383,73,74,-1,1
1384,141,130,11,11
1385,70,64,6,6
1386,93,88,5,5
1387,100,91,9,9
1388,96,93,3,3
1389,56,59,-3,3
1390,93,120,-27,27
1391,97,123,-26,26
1392,43,51,-8,8
1393,58,56,2,2
1394,107,102,5,5
1395,118,118,0,0
1396,64,53,11,11
1397,114,99,15,15
1398,84,79,5,5
1399,68,71,-3,3
1400,170,155,15,15
1401,121,121,0,0
1402,180,178,2,2
1403,81,82,-1,1
1404,131,127,4,4
1405,166,160,6,6
1406,83,85,-2,2
1407,107,95,12,12
1408,95,98,-3,3
1409,88,79,9,9
1410,149,140,9,9
1411,160,158,2,2
1412,112,111,1,1
1413,145,145,0,0
1414,38,37,1,1
1415,104,101,3,3
1416,125,134,-9,9
1417,86,84,2,2
1418,105,100,5,5
1419,44,50,-6,6
1420,116,105,11,11
1421,136,130,6,6
1422,149,141,8,8
1423,135,108,27,27
1424,51,61,-10,10
1425,94,106,-12,12
1426,88,101,-13,13
1427,128,132,-4,4
1428,148,145,3,3
1429,103,111,-8,8
1430,59,61,-2,2
1431,75,75,0,0
1432,83,84,-1,1
1433,73,73,0,0
1434,75,95,-20,20
1435,74,80,-6,6
1436,85,86,-1,1
1437,74,68,6,6
1438,99,99,0,0
1439,122,126,-4,4
1440,130,134,-4,4
1441,61,64,-3,3
1442,48,49,-1,1
1443,111,120,-9,9
1444,58,53,5,5
1445,61,76,-15,15
1446,129,132,-3,3
1447,55,53,2,2
1448,159,153,6,6
1449,81,82,-1,1
1450,44,51,-7,7
1451,64,59,5,5
1452,105,96,9,9
1453,131,132,-1,1
1454,188,181,7,7
1455,107,101,6,6
1456,74,78,-4,4
1457,155,173,-18,18
1458,93,87,6,6
1459,125,126,-1,1
1460,113,121,-8,8
1461,81,79,2,2
1462,73,73,0,0
1463,78,74,4,4
1464,124,110,14,14
1465,68,74,-6,6
1466,90,90,0,0
1467,108,97,11,11
1468,73,72,1,1
1469,92,89,3,3
1470,118,120,-2,2
1471,70,64,6,6
1472,98,99,-1,1
1473,70,65,5,5
1474,72,74,-2,2
1475,107,98,9,9
1476,112,112,0,0
1477,118,116,2,2
1478,86,86,0,0
1479,114,94,20,20
1480,121,114,7,7
1481,120,109,11,11
1482,275,226,49,49
1483,98,89,9,9
1484,95,107,-12,12
1485,80,74,6,6
1486,126,131,-5,5
1487,98,99,-1,1
1488,133,148,-15,15
1489,61,63,-2,2
1490,129,122,7,7
1491,117,118,-1,1
1492,54,76,-22,22
1493,54,55,-1,1
1494,48,54,-6,6
1495,85,82,3,3
1496,56,76,-20,20
1497,77,90,-13,13
1498,140,128,12,12
1499,69,72,-3,3
1500,88,88,0,0
1501,107,107,0,0
1502,81,80,1,1
1503,134,124,10,10
1504,80,81,-1,1
1505,121,117,4,4
1506,111,109,2,2
1507,72,78,-6,6
1508,155,159,-4,4
1509,61,63,-2,2
1510,70,77,-7,7
1511,55,56,-1,1
1512,74,74,0,0
1513,151,150,1,1
1514,38,44,-6,6
1515,164,191,-27,27
1516,66,75,-9,9
1517,58,57,1,1
1518,66,67,-1,1
1519,116,107,9,9
1520,71,87,-16,16
1521,99,101,-2,2
1522,108,121,-13,13
1523,77,81,-4,4
1524,56,59,-3,3
1525,126,115,11,11
1526,117,114,3,3
1527,71,65,6,6
1528,80,74,6,6
1529,69,68,1,1
1530,76,67,9,9
1531,137,136,1,1
1532,184,174,10,10
1533,131,122,9,9
1534,149,142,7,7
1535,95,96,-1,1
1536,122,122,0,0
1537,54,52,2,2
1538,88,92,-4,4
1539,83,87,-4,4
1540,69,75,-6,6
1541,87,100,-13,13
1542,156,158,-2,2
1543,118,122,-4,4
1544,55,60,-5,5
1545,83,83,0,0
1546,81,93,-12,12
1547,101,112,-11,11
1548,73,72,1,1
1549,105,108,-3,3
1550,82,88,-6,6
1551,65,64,1,1
1552,78,77,1,1
1553,115,113,2,2
1554,133,126,7,7
1555,58,63,-5,5
1556,108,114,-6,6
1557,128,135,-7,7
1558,136,122,14,14
1559,37,45,-8,8
1560,95,103,-8,8
1561,121,118,3,3
1562,87,83,4,4
1563,100,122,-22,22
1564,89,84,5,5
1565,126,130,-4,4
1566,109,123,-14,14
1567,103,101,2,2
1568,150,138,12,12
1569,94,126,-32,32
1570,148,160,-12,12
1571,60,60,0,0
1572,70,69,1,1
1573,131,135,-4,4
1574,70,65,5,5
1575,95,102,-7,7
1576,66,73,-7,7
1577,86,78,8,8
1578,91,85,6,6
1579,75,84,-9,9
1580,46,50,-4,4
1581,100,106,-6,6
1582,98,93,5,5
1583,92,84,8,8
1584,112,104,8,8
1585,167,158,9,9
1586,90,97,-7,7
1587,109,101,8,8
1588,93,110,-17,17
1589,61,64,-3,3
1590,123,118,5,5
1591,93,96,-3,3
1592,74,70,4,4
1593,36,41,-5,5
1594,89,83,6,6
1595,144,157,-13,13
1596,80,80,0,0
1597,114,115,-1,1
1598,106,109,-3,3
1599,57,61,-4,4
1600,70,81,-11,11
1601,112,117,-5,5
1602,92,85,7,7
1603,106,102,4,4
1604,122,128,-6,6
1605,128,125,3,3
1606,109,110,-1,1
1607,75,73,2,2
1608,120,116,4,4
1609,60,56,4,4
1610,137,127,10,10
1611,78,82,-4,4
1612,93,100,-7,7
1613,91,91,0,0
1614,84,82,2,2
1615,137,135,2,2
1616,43,52,-9,9
1617,74,62,12,12
1618,77,74,3,3
1619,114,120,-6,6
1620,104,90,14,14
1621,101,106,-5,5
1622,43,48,-5,5
1623,106,104,2,2
1624,90,87,3,3
1625,114,121,-7,7
1626,82,72,10,10
1627,62,71,-9,9
1628,112,110,2,2
1629,46,54,-8,8
1630,104,92,12,12
1631,106,104,2,2
1632,62,60,2,2
1633,123,124,-1,1
1634,95,98,-3,3
1635,64,71,-7,7
1636,76,81,-5,5
1637,104,100,4,4
1638,126,124,2,2
1639,144,141,3,3
1640,119,124,-5,5
1641,74,71,3,3
1642,51,60,-9,9
1643,91,96,-5,5
1644,86,94,-8,8
1645,95,87,8,8
1646,72,73,-1,1
1647,162,155,7,7
1648,87,83,4,4
1649,91,95,-4,4
1650,122,139,-17,17
1651,70,71,-1,1
1652,106,116,-10,10
1653,89,98,-9,9
1654,59,54,5,5
1655,44,44,0,0
1656,74,65,9,9
1657,77,80,-3,3
1658,135,128,7,7
1659,107,103,4,4
1660,64,61,3,3
1661,52,70,-18,18
1662,61,63,-2,2
1663,74,73,1,1
1664,87,100,-13,13
1665,106,102,4,4
1666,64,64,0,0
1667,70,73,-3,3
1668,77,81,-4,4
1669,62,62,0,0
1670,67,64,3,3
1671,109,110,-1,1
1672,118,120,-2,2
1673,74,81,-7,7
1674,100,98,2,2
1675,83,99,-16,16
1676,83,75,8,8
1677,121,117,4,4
1678,79,84,-5,5
1679,46,47,-1,1
1680,92,81,11,11
1681,102,98,4,4
1682,103,96,7,7
1683,64,57,7,7
1684,101,95,6,6
1685,105,102,3,3
1686,55,57,-2,2
1687,66,63,3,3
1688,60,62,-2,2
1689,62,66,-4,4
1690,150,152,-2,2
1691,84,92,-8,8
1692,98,110,-12,12
1693,59,63,-4,4
1694,57,62,-5,5
1695,88,128,-40,40
1696,146,150,-4,4
1697,58,60,-2,2
1698,73,66,7,7
1699,192,182,10,10
1700,58,55,3,3
1701,97,87,10,10
1702,84,83,1,1
1703,149,144,5,5
1704,162,143,19,19
1705,53,65,-12,12
1706,48,58,-10,10
1707,103,112,-9,9
1708,64,65,-1,1
1709,85,81,4,4
1710,64,65,-1,1
1711,73,71,2,2
1712,72,66,6,6
1713,136,121,15,15
1714,103,97,6,6
1715,161,154,7,7
1716,89,88,1,1
1717,102,97,5,5
1718,66,119,-53,53
1719,87,83,4,4
1720,101,101,0,0
1721,90,98,-8,8
1722,108,115,-7,7
1723,59,63,-4,4
1724,118,112,6,6
1725,56,58,-2,2
1726,195,188,7,7
1727,70,67,3,3
1728,90,91,-1,1
1729,108,116,-8,8
1730,118,134,-16,16
1731,74,78,-4,4
1732,115,112,3,3
1733,31,38,-7,7
1734,121,126,-5,5
1735,43,42,1,1
1736,78,74,4,4
1737,63,65,-2,2
1738,57,53,4,4
1739,53,58,-5,5
1740,63,65,-2,2
1741,88,87,1,1
1742,80,87,-7,7
1743,133,141,-8,8
1744,90,83,7,7
1745,130,132,-2,2
1746,70,70,0,0
1747,169,150,19,19
1748,45,51,-6,6
1749,171,165,6,6
1750,84,81,3,3
1751,95,100,-5,5
1752,73,77,-4,4
1753,59,61,-2,2
1754,82,88,-6,6
1755,101,97,4,4
1756,77,87,-10,10
1757,57,64,-7,7
1758,97,94,3,3
1759,69,72,-3,3
1760,82,71,11,11
1761,60,78,-18,18
1762,70,71,-1,1
1763,79,82,-3,3
1764,127,126,1,1
1765,92,109,-17,17
1766,119,123,-4,4
1767,59,58,1,1
1768,66,73,-7,7
1769,44,48,-4,4
1770,46,45,1,1
1771,129,116,13,13
1772,93,84,9,9
1773,98,128,-30,30
1774,89,85,4,4
1775,74,72,2,2
1776,96,96,0,0
1777,103,95,8,8
1778,84,90,-6,6
1779,75,73,2,2
1780,167,155,12,12
1781,85,86,-1,1
1782,108,122,-14,14
1783,59,60,-1,1
1784,101,101,0,0
1785,76,75,1,1
1786,118,118,0,0
1787,67,69,-2,2
1788,53,65,-12,12
1789,108,108,0,0
1790,103,102,1,1
1791,130,144,-14,14
1792,83,85,-2,2
1793,52,62,-10,10
1794,79,86,-7,7
1795,80,86,-6,6
1796,88,66,22,22
1797,55,59,-4,4
1798,53,56,-3,3
1799,116,108,8,8
1800,103,102,1,1
1801,73,81,-8,8
1802,72,74,-2,2
1803,155,147,8,8
1804,205,208,-3,3
1805,55,56,-1,1
1806,119,119,0,0
1807,93,89,4,4
1808,81,84,-3,3
1809,93,91,2,2
1810,121,124,-3,3
1811,62,60,2,2
1812,61,66,-5,5
1813,113,115,-2,2
1814,79,78,1,1
1815,130,134,-4,4
1816,68,76,-8,8
1817,81,81,0,0
1818,114,107,7,7
1819,101,86,15,15
1820,63,57,6,6
1821,87,104,-17,17
1822,117,119,-2,2
1823,114,117,-3,3
1824,109,107,2,2
1825,96,91,5,5
1826,54,58,-4,4
1827,132,130,2,2
1828,85,99,-14,14
1829,70,66,4,4
1830,60,55,5,5
1831,68,67,1,1
1832,48,47,1,1
1833,75,80,-5,5
1834,126,119,7,7
1835,106,100,6,6
1836,60,62,-2,2
1837,70,64,6,6
1838,52,49,3,3
1839,86,78,8,8
1840,74,67,7,7
1841,118,112,6,6
1842,43,50,-7,7
1843,207,202,5,5
1844,97,88,9,9
1845,78,76,2,2
1846,100,105,-5,5
1847,108,100,8,8
1848,73,72,1,1
1849,151,144,7,7
1850,45,48,-3,3
1851,81,79,2,2
1852,68,71,-3,3
1853,140,153,-13,13
1854,121,115,6,6
1855,88,103,-15,15
1856,42,47,-5,5
1857,76,78,-2,2
1858,89,85,4,4
1859,61,61,0,0
1860,98,88,10,10
1861,78,83,-5,5
1862,54,59,-5,5
1863,128,149,-21,21
1864,160,158,2,2
1865,65,68,-3,3
1866,109,104,5,5
1867,149,160,-11,11
1868,112,108,4,4
1869,78,74,4,4
1870,61,59,2,2
1871,82,77,5,5
1872,54,53,1,1
1873,45,55,-10,10
1874,102,97,5,5
1875,92,95,-3,3
1876,121,122,-1,1
1877,119,121,-2,2
1878,84,80,4,4
1879,99,104,-5,5
1880,116,121,-5,5
1881,119,117,2,2
1882,157,157,0,0
1883,119,108,11,11
1884,92,85,7,7
1885,60,66,-6,6
1886,101,102,-1,1
1887,90,95,-5,5
1888,132,141,-9,9
1889,156,154,2,2
1890,101,100,1,1
1891,88,83,5,5
1892,141,119,22,22
1893,56,61,-5,5
1894,85,77,8,8
1895,182,170,12,12
1896,127,115,12,12
1897,76,75,1,1
1898,83,80,3,3
1899,59,60,-1,1
1900,33,50,-17,17
1901,38,49,-11,11
1902,90,79,11,11
1903,87,101,-14,14
1904,81,90,-9,9
1905,123,127,-4,4
1906,111,109,2,2
1907,207,225,-18,18
1908,140,138,2,2
1909,90,87,3,3
1910,67,72,-5,5
1911,102,137,-35,35
1912,65,65,0,0
1913,81,85,-4,4
1914,75,74,1,1
1915,93,98,-5,5
1916,87,105,-18,18
1917,183,167,16,16
1918,95,96,-1,1
1919,200,202,-2,2
1920,95,96,-1,1
1921,199,188,11,11
1922,87,66,21,21
1923,56,54,2,2
1924,55,67,-12,12
1925,90,99,-9,9
1926,64,73,-9,9
1927,57,60,-3,3
1928,179,194,-15,15
1929,78,77,1,1
1930,54,58,-4,4
1931,112,107,5,5
1932,69,85,-16,16
1933,73,80,-7,7
1934,64,64,0,0
1935,65,72,-7,7
1936,63,64,-1,1
1937,159,151,8,8
1938,71,75,-4,4
1939,90,86,4,4
1940,116,115,1,1
1941,110,107,3,3
1942,80,78,2,2
1943,116,126,-10,10
1944,101,107,-6,6
1945,145,140,5,5
1946,144,146,-2,2
1947,163,153,10,10
1948,115,127,-12,12
1949,115,126,-11,11
1950,102,106,-4,4
1951,105,86,19,19
1952,61,59,2,2
1953,74,75,-1,1
1954,88,89,-1,1
1955,86,78,8,8
1956,98,98,0,0
1957,113,110,3,3
1958,82,71,11,11
1959,124,111,13,13
1960,76,72,4,4
1961,137,137,0,0
1962,88,101,-13,13
1963,130,126,4,4
1964,75,67,8,8
1965,97,85,12,12
1966,114,123,-9,9
1967,92,88,4,4
1968,106,108,-2,2
1969,89,91,-2,2
1970,72,94,-22,22
1971,92,92,0,0
1972,66,67,-1,1
1973,26,27,-1,1
1974,106,101,5,5
1975,82,87,-5,5
1976,112,114,-2,2
1977,94,88,6,6
1978,106,106,0,0
1979,114,107,7,7
1980,85,100,-15,15
1981,144,151,-7,7
1982,137,126,11,11
1983,56,64,-8,8
1984,62,52,10,10
1985,65,71,-6,6
1986,71,77,-6,6
1987,78,87,-9,9
1988,66,60,6,6
1989,106,112,-6,6
1990,74,103,-29,29
1991,46,125,-79,79
1992,140,132,8,8
1993,129,126,3,3
1994,83,85,-2,2
1995,81,86,-5,5
1996,49,51,-2,2
1997,124,121,3,3
1998,42,40,2,2
1999,89,86,3,3
2000,101,93,8,8
2001,184,204,-20,20
2002,113,112,1,1
2003,212,208,4,4
2004,120,113,7,7
2005,95,96,-1,1
2006,120,121,-1,1
2007,97,94,3,3
2008,72,72,0,0
2009,80,70,10,10
2010,87,99,-12,12
2011,100,100,0,0
2012,185,182,3,3
2013,90,91,-1,1
2014,77,80,-3,3
2015,67,71,-4,4
2016,63,70,-7,7
2017,74,74,0,0
2018,104,96,8,8
2019,129,129,0,0
2020,73,72,1,1
2021,128,126,2,2
2022,64,65,-1,1
2023,88,79,9,9
2024,47,54,-7,7
2025,68,64,4,4
2026,75,71,4,4
2027,75,73,2,2
2028,80,84,-4,4
2029,61,66,-5,5
2030,74,75,-1,1
2031,79,83,-4,4
2032,62,71,-9,9
2033,121,128,-7,7
2034,77,78,-1,1
2035,104,104,0,0
2036,116,117,-1,1
2037,61,75,-14,14
2038,86,82,4,4
2039,83,92,-9,9
2040,119,123,-4,4
2041,109,117,-8,8
2042,83,97,-14,14
2043,66,72,-6,6
2044,112,115,-3,3
2045,110,113,-3,3
2046,115,127,-12,12
2047,97,98,-1,1
2048,115,117,-2,2
2049,78,85,-7,7
2050,58,59,-1,1
2051,98,102,-4,4
2052,104,99,5,5
2053,109,104,5,5
2054,143,136,7,7
2055,98,97,1,1
2056,56,63,-7,7
2057,61,62,-1,1
2058,86,82,4,4
2059,73,73,0,0
2060,101,98,3,3
2061,165,155,10,10
2062,64,58,6,6
2063,62,60,2,2
2064,68,70,-2,2
2065,101,105,-4,4
2066,72,81,-9,9
2067,56,58,-2,2
2068,109,100,9,9
2069,63,60,3,3
2070,48,51,-3,3
2071,134,137,-3,3
2072,91,101,-10,10
2073,80,84,-4,4
2074,112,111,1,1
2075,49,53,-4,4
2076,91,86,5,5
2077,75,83,-8,8
2078,86,74,12,12
2079,142,130,12,12
2080,79,73,6,6
2081,122,131,-9,9
2082,139,139,0,0
2083,79,70,9,9
2084,184,169,15,15
2085,134,168,-34,34
2086,99,93,6,6
2087,59,66,-7,7
2088,77,82,-5,5
2089,84,82,2,2
2090,116,121,-5,5
2091,41,41,0,0
2092,70,75,-5,5
2093,39,44,-5,5
2094,82,85,-3,3
2095,58,59,-1,1
2096,166,164,2,2
2097,71,72,-1,1
2098,119,115,4,4
2099,92,100,-8,8
2100,116,120,-4,4
2101,121,113,8,8
2102,106,105,1,1
2103,82,82,0,0
2104,137,139,-2,2
2105,113,121,-8,8
2106,84,91,-7,7
2107,136,128,8,8
2108,57,59,-2,2
2109,142,135,7,7
2110,55,51,4,4
2111,82,81,1,1
2112,208,199,9,9
2113,101,87,14,14
2114,156,165,-9,9
2115,175,160,15,15
2116,137,120,17,17
2117,105,122,-17,17
2118,84,87,-3,3
2119,78,83,-5,5
2120,115,106,9,9
2121,74,73,1,1
2122,67,66,1,1
2123,46,50,-4,4
2124,123,122,1,1
2125,68,64,4,4
2126,110,118,-8,8
2127,95,93,2,2
2128,77,84,-7,7
2129,86,93,-7,7
2130,62,59,3,3
2131,91,83,8,8
2132,76,77,-1,1
2133,92,77,15,15
2134,98,90,8,8
2135,108,105,3,3
2136,142,141,1,1
2137,111,84,27,27
2138,96,101,-5,5
2139,86,87,-1,1
2140,138,135,3,3
2141,89,94,-5,5
2142,149,134,15,15
2143,82,85,-3,3
2144,135,136,-1,1
2145,94,91,3,3
2146,79,79,0,0
2147,84,85,-1,1
2148,44,82,-38,38
2149,46,61,-15,15
2150,96,95,1,1
2151,114,109,5,5
2152,57,61,-4,4
2153,79,77,2,2
2154,78,89,-11,11
2155,117,142,-25,25
2156,98,89,9,9
2157,57,54,3,3
2158,99,93,6,6
2159,97,93,4,4
2160,98,91,7,7
2161,70,67,3,3
2162,102,110,-8,8
2163,82,85,-3,3
2164,81,81,0,0
2165,69,73,-4,4
2166,66,62,4,4
2167,97,85,12,12
2168,86,88,-2,2
2169,58,58,0,0
2170,83,93,-10,10
2171,78,80,-2,2
2172,64,60,4,4
2173,127,99,28,28
2174,73,62,11,11
2175,70,83,-13,13
2176,93,88,5,5
2177,116,118,-2,2
2178,103,92,11,11
2179,44,54,-10,10
2180,84,98,-14,14
2181,116,100,16,16
2182,102,111,-9,9
2183,56,53,3,3
2184,117,113,4,4
2185,111,115,-4,4
2186,82,91,-9,9
2187,115,109,6,6
2188,96,106,-10,10
2189,137,114,23,23
2190,111,110,1,1
2191,63,68,-5,5
2192,65,62,3,3
2193,57,55,2,2
2194,82,71,11,11
2195,64,84,-20,20
2196,100,98,2,2
2197,68,63,5,5
2198,57,61,-4,4
2199,76,70,6,6
2200,138,136,2,2
2201,61,68,-7,7
2202,80,86,-6,6
2203,98,104,-6,6
2204,137,140,-3,3
2205,101,94,7,7
2206,122,125,-3,3
2207,75,84,-9,9
2208,118,118,0,0
2209,87,94,-7,7
2210,116,116,0,0
2211,97,99,-2,2
2212,147,165,-18,18
2213,74,71,3,3
2214,55,61,-6,6
2215,110,101,9,9
2216,93,93,0,0
2217,64,73,-9,9
2218,105,115,-10,10
2219,70,101,-31,31
2220,92,87,5,5
2221,63,65,-2,2
2222,93,94,-1,1
2223,60,76,-16,16
2224,82,83,-1,1
2225,108,105,3,3
2226,118,119,-1,1
2227,167,167,0,0
2228,112,113,-1,1
2229,85,85,0,0
2230,77,94,-17,17
2231,105,109,-4,4
2232,144,145,-1,1
2233,159,162,-3,3
2234,68,66,2,2
2235,42,45,-3,3
2236,111,132,-21,21
2237,67,78,-11,11
2238,135,129,6,6
2239,45,55,-10,10
2240,79,76,3,3
2241,117,123,-6,6
2242,94,92,2,2
2243,44,78,-34,34
2244,94,103,-9,9
2245,140,131,9,9
2246,98,94,4,4
2247,66,72,-6,6
2248,63,69,-6,6
2249,65,73,-8,8
2250,104,110,-6,6
2251,92,97,-5,5
2252,86,91,-5,5
2253,81,82,-1,1
2254,77,87,-10,10
2255,78,79,-1,1
2256,48,55,-7,7
2257,39,41,-2,2
2258,47,44,3,3
2259,94,108,-14,14
2260,161,155,6,6
2261,72,60,12,12
2262,35,44,-9,9
2263,89,101,-12,12
2264,69,92,-23,23
2265,102,110,-8,8
2266,79,99,-20,20
2267,107,97,10,10
2268,111,129,-18,18
2269,95,99,-4,4
2270,102,107,-5,5
2271,89,97,-8,8
2272,65,62,3,3
2273,108,107,1,1
2274,57,71,-14,14
2275,103,101,2,2
2276,151,130,21,21
2277,184,174,10,10
2278,78,76,2,2
2279,185,162,23,23
2280,63,71,-8,8
2281,131,135,-4,4
2282,155,141,14,14
2283,87,83,4,4
2284,136,135,1,1
2285,104,109,-5,5
2286,54,53,1,1
2287,107,110,-3,3
2288,64,62,2,2
2289,68,72,-4,4
2290,90,94,-4,4
2291,65,73,-8,8
2292,86,95,-9,9
2293,78,79,-1,1
2294,72,65,7,7
2295,50,61,-11,11
2296,107,108,-1,1
2297,101,227,-126,126
2298,104,104,0,0
2299,47,52,-5,5
2300,87,84,3,3
2301,102,107,-5,5
2302,103,97,6,6
2303,62,55,7,7
2304,57,59,-2,2
2305,68,73,-5,5
2306,109,111,-2,2
2307,80,87,-7,7
2308,76,81,-5,5
2309,97,100,-3,3
2310,83,79,4,4
2311,116,115,1,1
2312,72,70,2,2
2313,49,55,-6,6
2314,108,115,-7,7
2315,106,95,11,11
2316,135,127,8,8
2317,115,122,-7,7
2318,111,105,6,6
2319,95,86,9,9
2320,56,67,-11,11
2321,154,137,17,17
2322,106,110,-4,4
2323,71,73,-2,2
2324,92,87,5,5
2325,96,87,9,9
2326,75,78,-3,3
2327,127,114,13,13
2328,66,71,-5,5
2329,78,77,1,1
2330,148,148,0,0
2331,95,93,2,2
2332,145,126,19,19
2333,80,85,-5,5
2334,48,47,1,1
2335,73,81,-8,8
2336,128,139,-11,11
2337,38,53,-15,15
2338,180,178,2,2
2339,63,65,-2,2
2340,60,60,0,0
2341,149,152,-3,3
2342,97,102,-5,5
2343,57,63,-6,6
2344,158,144,14,14
2345,85,89,-4,4
2346,83,75,8,8
2347,145,138,7,7
2348,76,77,-1,1
2349,107,103,4,4
2350,177,172,5,5
2351,106,94,12,12
2352,73,76,-3,3
2353,43,46,-3,3
2354,141,125,16,16
2355,100,109,-9,9
2356,81,104,-23,23
2357,267,221,46,46
2358,69,72,-3,3
2359,114,118,-4,4
2360,110,111,-1,1
2361,107,112,-5,5
2362,95,88,7,7
2363,92,86,6,6
2364,166,151,15,15
2365,83,89,-6,6
2366,140,132,8,8
2367,102,97,5,5
2368,82,88,-6,6
2369,88,95,-7,7
2370,129,117,12,12
2371,171,185,-14,14
2372,53,54,-1,1
2373,139,122,17,17
2374,131,121,10,10
2375,137,129,8,8
2376,65,66,-1,1
2377,83,85,-2,2
2378,191,192,-1,1
2379,65,58,7,7
2380,197,194,3,3
2381,101,100,1,1
2382,147,147,0,0
2383,159,160,-1,1
2384,46,49,-3,3
2385,151,147,4,4
2386,104,99,5,5
2387,132,139,-7,7
2388,67,65,2,2
2389,80,78,2,2
2390,198,191,7,7
2391,116,134,-18,18
2392,72,110,-38,38
2393,152,142,10,10
2394,63,74,-11,11
2395,61,64,-3,3
2396,112,111,1,1
2397,96,87,9,9
2398,90,86,4,4
2399,118,122,-4,4
2400,102,111,-9,9
2401,65,64,1,1
2402,93,96,-3,3
2403,64,63,1,1
2404,88,119,-31,31
2405,116,114,2,2
2406,94,106,-12,12
2407,96,107,-11,11
2408,83,100,-17,17
2409,125,128,-3,3
2410,71,65,6,6
2411,147,159,-12,12
2412,117,121,-4,4
2413,125,124,1,1
2414,65,60,5,5
2415,69,77,-8,8
2416,72,74,-2,2
2417,80,85,-5,5
2418,73,72,1,1
2419,62,64,-2,2
2420,126,125,1,1
2421,56,58,-2,2
2422,90,96,-6,6
2423,95,101,-6,6
2424,67,72,-5,5
2425,37,43,-6,6
2426,128,121,7,7
2427,63,60,3,3
2428,32,42,-10,10
2429,63,58,5,5
2430,42,56,-14,14
2431,90,95,-5,5
2432,58,61,-3,3
2433,159,141,18,18
2434,114,127,-13,13
2435,76,76,0,0
2436,71,73,-2,2
2437,91,90,1,1
2438,144,132,12,12
2439,71,66,5,5
2440,70,74,-4,4
2441,109,114,-5,5
2442,86,84,2,2
2443,114,118,-4,4
2444,66,57,9,9
2445,92,84,8,8
2446,71,71,0,0
2447,92,90,2,2
2448,137,157,-20,20
2449,73,85,-12,12
2450,73,74,-1,1
2451,101,94,7,7
2452,119,116,3,3
2453,97,97,0,0
2454,110,105,5,5
2455,69,65,4,4
2456,81,76,5,5
2457,67,71,-4,4
2458,139,133,6,6
2459,88,89,-1,1
2460,114,112,2,2
2461,64,60,4,4
2462,86,84,2,2
2463,122,120,2,2
2464,122,116,6,6
2465,94,88,6,6
2466,128,130,-2,2
2467,83,81,2,2
2468,92,91,1,1
2469,175,175,0,0
2470,141,143,-2,2
2471,72,80,-8,8
2472,135,145,-10,10
2473,84,79,5,5
2474,123,121,2,2
2475,113,116,-3,3
2476,135,133,2,2
2477,83,83,0,0
2478,58,64,-6,6
2479,146,147,-1,1
2480,123,126,-3,3
2481,50,52,-2,2
2482,67,77,-10,10
2483,80,86,-6,6
2484,136,133,3,3
2485,165,163,2,2
2486,84,78,6,6
2487,107,102,5,5
2488,151,153,-2,2
2489,111,115,-4,4
2490,51,58,-7,7
2491,78,83,-5,5
2492,145,126,19,19
2493,54,59,-5,5
2494,86,82,4,4
2495,93,92,1,1
2496,117,108,9,9
2497,52,56,-4,4
2498,84,91,-7,7
2499,196,200,-4,4
2500,70,59,11,11
2501,166,167,-1,1
2502,103,90,13,13
2503,67,81,-14,14
2504,54,56,-2,2
2505,91,90,1,1
2506,124,126,-2,2
2507,80,80,0,0
2508,111,114,-3,3
2509,108,98,10,10
2510,134,142,-8,8
2511,98,98,0,0
2512,64,86,-22,22
2513,73,75,-2,2
2514,94,98,-4,4
2515,61,75,-14,14
2516,90,96,-6,6
2517,102,100,2,2
2518,150,142,8,8
2519,97,103,-6,6
2520,76,74,2,2
2521,58,61,-3,3
2522,90,76,14,14
2523,70,68,2,2
2524,65,67,-2,2
2525,78,80,-2,2
2526,53,58,-5,5
2527,83,77,6,6
2528,103,74,29,29
2529,74,74,0,0
2530,173,170,3,3
2531,63,66,-3,3
2532,104,104,0,0
2533,96,102,-6,6
2534,110,122,-12,12
2535,83,80,3,3
2536,89,93,-4,4
2537,95,108,-13,13
2538,74,82,-8,8
2539,55,54,1,1
2540,117,117,0,0
2541,32,33,-1,1
2542,64,72,-8,8
2543,103,89,14,14
2544,121,126,-5,5
2545,129,120,9,9
2546,90,101,-11,11
2547,119,148,-29,29
2548,105,97,8,8
2549,78,75,3,3
2550,159,147,12,12
2551,73,77,-4,4
2552,128,128,0,0
2553,149,152,-3,3
2554,129,113,16,16
2555,87,95,-8,8
2556,69,73,-4,4
2557,120,119,1,1
2558,57,56,1,1
2559,107,117,-10,10
2560,56,56,0,0
2561,128,86,42,42
2562,153,139,14,14
2563,114,126,-12,12
2564,96,103,-7,7
2565,111,109,2,2
2566,130,135,-5,5
2567,88,92,-4,4
2568,75,76,-1,1
2569,85,92,-7,7
2570,105,104,1,1
2571,48,50,-2,2
2572,98,97,1,1
2573,62,72,-10,10
2574,142,138,4,4
2575,91,74,17,17
2576,85,86,-1,1
2577,67,64,3,3
2578,116,115,1,1
2579,82,91,-9,9
2580,136,139,-3,3
2581,145,127,18,18
2582,76,82,-6,6
2583,46,51,-5,5
2584,112,133,-21,21
2585,119,126,-7,7
2586,75,92,-17,17
2587,58,66,-8,8
2588,90,101,-11,11
2589,106,118,-12,12
2590,117,116,1,1
2591,97,97,0,0
2592,142,156,-14,14
2593,156,153,3,3
2594,136,98,38,38
2595,73,82,-9,9
2596,98,87,11,11
2597,79,87,-8,8
2598,130,135,-5,5
2599,114,120,-6,6
2600,122,121,1,1
2601,87,80,7,7
2602,136,128,8,8
2603,157,147,10,10
2604,53,56,-3,3
2605,106,104,2,2
2606,62,67,-5,5
2607,87,94,-7,7
2608,75,71,4,4
2609,71,73,-2,2
2610,87,86,1,1
2611,81,79,2,2
2612,110,104,6,6
2613,119,121,-2,2
2614,103,100,3,3
2615,65,60,5,5
2616,137,125,12,12
2617,66,78,-12,12
2618,78,75,3,3
2619,93,98,-5,5
2620,117,114,3,3
2621,95,95,0,0
2622,88,82,6,6
2623,102,91,11,11
2624,49,52,-3,3
2625,82,75,7,7
2626,70,74,-4,4
2627,78,85,-7,7
2628,75,72,3,3
2629,80,91,-11,11
2630,133,129,4,4
2631,82,81,1,1
2632,147,115,32,32
2633,174,167,7,7
2634,65,66,-1,1
2635,95,92,3,3
2636,105,95,10,10
2637,72,66,6,6
2638,78,82,-4,4
2639,137,137,0,0
2640,153,145,8,8
2641,131,150,-19,19
2642,53,55,-2,2
2643,88,79,9,9
2644,74,77,-3,3
2645,62,62,0,0
2646,97,107,-10,10
2647,121,120,1,1
2648,106,110,-4,4
2649,76,107,-31,31
2650,103,107,-4,4
2651,87,81,6,6
2652,67,63,4,4
2653,68,91,-23,23
2654,123,112,11,11
2655,68,63,5,5
2656,115,117,-2,2
2657,116,107,9,9
2658,95,90,5,5
2659,57,61,-4,4
2660,106,102,4,4
2661,85,85,0,0
2662,106,95,11,11
2663,87,83,4,4
2664,86,89,-3,3
2665,84,87,-3,3
2666,60,59,1,1
2667,99,107,-8,8
2668,84,100,-16,16
2669,60,60,0,0
2670,134,121,13,13
2671,130,133,-3,3
2672,78,72,6,6
2673,62,63,-1,1
2674,90,77,13,13
2675,105,116,-11,11
2676,104,110,-6,6
2677,102,100,2,2
2678,125,127,-2,2
2679,74,63,11,11
2680,100,99,1,1
2681,103,112,-9,9
2682,77,69,8,8
2683,86,86,0,0
2684,97,104,-7,7
2685,81,86,-5,5
2686,88,97,-9,9
2687,52,58,-6,6
2688,59,68,-9,9
2689,89,83,6,6
2690,51,66,-15,15
2691,45,55,-10,10
2692,103,115,-12,12
2693,70,77,-7,7
2694,148,147,1,1
2695,91,101,-10,10
2696,45,47,-2,2
2697,146,153,-7,7
2698,119,123,-4,4
2699,107,114,-7,7
2700,170,158,12,12
2701,62,61,1,1
2702,130,113,17,17
2703,40,57,-17,17
2704,91,85,6,6
2705,61,63,-2,2
2706,72,65,7,7
2707,113,116,-3,3
2708,120,102,18,18
2709,52,56,-4,4
2710,43,53,-10,10
2711,63,61,2,2
2712,106,112,-6,6
2713,109,114,-5,5
2714,136,139,-3,3
2715,100,101,-1,1
2716,58,61,-3,3
2717,64,64,0,0
2718,135,139,-4,4
2719,125,128,-3,3
2720,91,110,-19,19
2721,81,86,-5,5
2722,53,53,0,0
2723,120,119,1,1
2724,96,101,-5,5
2725,42,40,2,2
2726,122,124,-2,2
2727,67,61,6,6
2728,97,90,7,7
2729,65,65,0,0
2730,86,91,-5,5
2731,72,72,0,0
2732,62,61,1,1
2733,72,70,2,2
2734,83,74,9,9
2735,129,132,-3,3
2736,109,109,0,0
2737,72,87,-15,15
2738,78,81,-3,3
2739,175,184,-9,9
2740,125,125,0,0
2741,65,58,7,7
2742,122,122,0,0
2743,79,80,-1,1
2744,35,47,-12,12
2745,86,92,-6,6
2746,120,115,5,5
2747,96,96,0,0
2748,152,154,-2,2
2749,114,123,-9,9
2750,94,102,-8,8
2751,67,66,1,1
2752,94,97,-3,3
2753,145,128,17,17
2754,52,57,-5,5
2755,108,111,-3,3
2756,86,97,-11,11
2757,91,95,-4,4
2758,132,129,3,3
2759,160,160,0,0
2760,94,84,10,10
2761,136,126,10,10
2762,46,49,-3,3
2763,76,71,5,5
2764,66,71,-5,5
2765,72,73,-1,1
2766,102,104,-2,2
2767,77,81,-4,4
2768,56,58,-2,2
2769,139,144,-5,5
2770,217,205,12,12
2771,105,107,-2,2
2772,86,81,5,5
2773,172,163,9,9
2774,131,132,-1,1
2775,141,138,3,3
2776,85,93,-8,8
2777,68,62,6,6
2778,90,93,-3,3
2779,75,74,1,1
2780,82,81,1,1
2781,76,69,7,7
2782,92,91,1,1
2783,76,76,0,0
2784,108,107,1,1
2785,99,96,3,3
2786,65,72,-7,7
2787,101,114,-13,13
2788,196,188,8,8
2789,80,86,-6,6
2790,130,135,-5,5
2791,57,72,-15,15
2792,105,99,6,6
2793,83,85,-2,2
2794,75,90,-15,15
2795,37,46,-9,9
2796,92,103,-11,11
2797,70,70,0,0
2798,35,44,-9,9
2799,120,112,8,8
2800,87,77,10,10
2801,56,51,5,5
2802,84,82,2,2
2803,185,180,5,5
2804,95,87,8,8
2805,76,74,2,2
2806,60,60,0,0
2807,84,86,-2,2
2808,67,70,-3,3
2809,79,79,0,0
2810,106,104,2,2
2811,121,119,2,2
2812,81,90,-9,9
2813,93,91,2,2
2814,150,147,3,3
2815,104,114,-10,10
2816,95,96,-1,1
2817,120,115,5,5
2818,140,147,-7,7
2819,106,118,-12,12
2820,92,82,10,10
2821,75,75,0,0
2822,69,85,-16,16
2823,78,76,2,2
2824,57,61,-4,4
2825,71,65,6,6
2826,110,107,3,3
2827,90,92,-2,2
2828,58,60,-2,2
2829,52,57,-5,5
2830,108,115,-7,7
2831,53,61,-8,8
2832,102,99,3,3
2833,89,96,-7,7
2834,158,149,9,9
2835,81,75,6,6
2836,93,103,-10,10
2837,127,124,3,3
2838,117,114,3,3
2839,105,99,6,6
2840,133,130,3,3
2841,106,98,8,8
2842,149,143,6,6
2843,117,116,1,1
2844,92,89,3,3
2845,74,73,1,1
2846,156,150,6,6
2847,90,91,-1,1
2848,116,122,-6,6
2849,118,118,0,0
2850,109,112,-3,3
2851,110,110,0,0
2852,84,92,-8,8
2853,120,110,10,10
2854,145,144,1,1
2855,64,65,-1,1
2856,95,114,-19,19
2857,54,56,-2,2
2858,109,105,4,4
2859,81,83,-2,2
2860,74,76,-2,2
2861,123,131,-8,8
2862,88,89,-1,1
2863,153,159,-6,6
2864,119,129,-10,10
2865,100,97,3,3
2866,91,89,2,2
2867,85,73,12,12
2868,72,72,0,0
2869,137,129,8,8
2870,120,148,-28,28
2871,58,61,-3,3
2872,106,105,1,1
2873,100,92,8,8
2874,75,82,-7,7
2875,71,71,0,0
2876,90,86,4,4
2877,56,57,-1,1
2878,109,109,0,0
2879,97,104,-7,7
2880,95,92,3,3
2881,84,78,6,6
2882,64,63,1,1
2883,79,76,3,3
2884,66,65,1,1
2885,65,68,-3,3
2886,117,119,-2,2
2887,143,141,2,2
2888,65,64,1,1
2889,80,78,2,2
2890,111,121,-10,10
2891,116,116,0,0
2892,80,137,-57,57
2893,89,91,-2,2
2894,181,169,12,12
2895,95,89,6,6
2896,81,81,0,0
2897,172,154,18,18
2898,137,125,12,12
2899,83,85,-2,2
2900,98,100,-2,2
2901,131,124,7,7
2902,75,76,-1,1
2903,160,158,2,2
2904,115,106,9,9
2905,124,132,-8,8
2906,121,115,6,6
2907,113,111,2,2
2908,116,114,2,2
2909,62,65,-3,3
2910,94,91,3,3
2911,92,91,1,1
2912,144,141,3,3
2913,37,90,-53,53
2914,65,73,-8,8
2915,159,180,-21,21
2916,76,73,3,3
2917,116,116,0,0
2918,79,73,6,6
2919,89,101,-12,12
2920,79,77,2,2
2921,100,108,-8,8
2922,92,89,3,3
2923,90,90,0,0
2924,53,56,-3,3
2925,97,108,-11,11
2926,148,144,4,4
2927,104,113,-9,9
2928,57,52,5,5
2929,71,71,0,0
2930,116,131,-15,15
2931,191,190,1,1
2932,122,119,3,3
2933,60,62,-2,2
2934,125,159,-34,34
2935,69,75,-6,6
2936,98,103,-5,5
2937,131,121,10,10
2938,105,114,-9,9
2939,103,98,5,5
2940,60,66,-6,6
2941,67,67,0,0
2942,118,120,-2,2
2943,58,78,-20,20
2944,76,75,1,1
2945,109,99,10,10
2946,72,72,0,0
2947,87,86,1,1
2948,57,62,-5,5
2949,85,85,0,0
2950,78,82,-4,4
2951,88,81,7,7
2952,75,69,6,6
2953,124,120,4,4
2954,84,88,-4,4
2955,112,107,5,5
2956,98,91,7,7
2957,152,148,4,4
2958,54,56,-2,2
2959,121,125,-4,4
2960,164,160,4,4
2961,58,60,-2,2
2962,164,167,-3,3
2963,47,55,-8,8
2964,163,172,-9,9
2965,104,101,3,3
2966,66,72,-6,6
2967,111,114,-3,3
2968,60,66,-6,6
2969,45,46,-1,1
2970,98,90,8,8
2971,129,118,11,11
2972,94,95,-1,1
2973,100,103,-3,3
2974,88,93,-5,5
2975,79,79,0,0
2976,73,76,-3,3
2977,125,125,0,0
2978,91,95,-4,4
2979,102,107,-5,5
2980,137,135,2,2
2981,186,185,1,1
2982,67,73,-6,6
2983,59,63,-4,4
2984,36,44,-8,8
2985,128,120,8,8
2986,80,76,4,4
2987,102,118,-16,16
2988,137,117,20,20
2989,58,51,7,7
2990,94,97,-3,3
2991,90,84,6,6
2992,110,104,6,6
2993,101,114,-13,13
2994,78,77,1,1
2995,121,111,10,10
2996,87,84,3,3
2997,81,90,-9,9
2998,70,73,-3,3
2999,142,137,5,5
3000,93,97,-4,4
3001,98,86,12,12
3002,125,124,1,1
3003,65,63,2,2
3004,126,128,-2,2
3005,77,78,-1,1
3006,79,86,-7,7
3007,85,89,-4,4
3008,65,62,3,3
3009,74,80,-6,6
3010,124,130,-6,6
3011,112,103,9,9
3012,99,104,-5,5
3013,73,70,3,3
3014,97,103,-6,6
3015,73,74,-1,1
3016,58,83,-25,25
3017,172,170,2,2
3018,91,90,1,1
3019,67,71,-4,4
3020,100,104,-4,4
3021,110,112,-2,2
3022,58,62,-4,4
3023,96,99,-3,3
3024,69,78,-9,9
3025,91,94,-3,3
3026,64,67,-3,3
3027,71,76,-5,5
3028,49,66,-17,17
3029,88,98,-10,10
3030,147,126,21,21
3031,71,69,2,2
3032,117,112,5,5
3033,89,99,-10,10
3034,95,90,5,5
3035,78,81,-3,3
3036,82,96,-14,14
3037,72,78,-6,6
3038,137,123,14,14
3039,122,129,-7,7
3040,115,110,5,5
3041,120,114,6,6
3042,119,127,-8,8
3043,84,84,0,0
3044,88,83,5,5
3045,60,62,-2,2
3046,115,115,0,0
3047,81,78,3,3
3048,136,147,-11,11
3049,85,94,-9,9
3050,100,112,-12,12
3051,118,125,-7,7
3052,109,106,3,3
3053,61,75,-14,14
3054,105,105,0,0
3055,206,196,10,10
3056,112,114,-2,2
3057,83,82,1,1
3058,181,191,-10,10
3059,151,143,8,8
3060,104,107,-3,3
3061,83,99,-16,16
3062,109,105,4,4
3063,62,62,0,0
3064,76,77,-1,1
3065,86,92,-6,6
3066,127,118,9,9
3067,83,81,2,2
3068,122,111,11,11
3069,103,108,-5,5
3070,107,111,-4,4
3071,94,91,3,3
3072,103,91,12,12
3073,72,66,6,6
3074,66,68,-2,2
3075,70,87,-17,17
3076,54,52,2,2
3077,57,71,-14,14
3078,165,166,-1,1
3079,125,123,2,2
3080,125,133,-8,8
3081,92,89,3,3
3082,53,46,7,7
3083,106,129,-23,23
3084,95,90,5,5
3085,94,87,7,7
3086,72,77,-5,5
3087,78,79,-1,1
3088,113,115,-2,2
3089,106,93,13,13
3090,101,99,2,2
3091,102,114,-12,12
3092,95,91,4,4
3093,69,74,-5,5
3094,74,65,9,9
3095,104,95,9,9
3096,78,83,-5,5
3097,86,88,-2,2
3098,41,42,-1,1
3099,86,87,-1,1
3100,80,74,6,6
3101,182,171,11,11
3102,83,84,-1,1
3103,65,61,4,4
3104,81,73,8,8
3105,159,156,3,3
3106,103,101,2,2
3107,102,94,8,8
3108,60,53,7,7
3109,142,135,7,7
3110,62,63,-1,1
3111,129,125,4,4
3112,79,85,-6,6
3113,87,89,-2,2
3114,127,117,10,10
3115,56,61,-5,5
3116,94,106,-12,12
3117,90,86,4,4
3118,62,71,-9,9
3119,60,67,-7,7
3120,110,132,-22,22
3121,98,104,-6,6
3122,58,61,-3,3
3123,88,87,1,1
3124,35,36,-1,1
3125,138,136,2,2
3126,73,76,-3,3
3127,99,83,16,16
3128,87,82,5,5
3129,69,72,-3,3
3130,102,95,7,7
3131,89,94,-5,5
3132,106,100,6,6
3133,116,116,0,0
3134,69,72,-3,3
3135,75,74,1,1
3136,91,85,6,6
3137,67,71,-4,4
3138,133,142,-9,9
3139,76,81,-5,5
3140,103,95,8,8
3141,71,63,8,8
3142,135,132,3,3
3143,99,106,-7,7
3144,104,103,1,1
3145,146,130,16,16
3146,57,45,12,12
3147,108,118,-10,10
3148,82,78,4,4
3149,106,96,10,10
3150,110,114,-4,4
3151,98,102,-4,4
3152,62,56,6,6
3153,102,103,-1,1
3154,130,133,-3,3
3155,108,101,7,7
3156,61,64,-3,3
3157,73,87,-14,14
3158,54,54,0,0
3159,63,58,5,5
3160,140,127,13,13
3161,47,123,-76,76
3162,68,76,-8,8
3163,134,129,5,5
3164,106,105,1,1
3165,72,74,-2,2
3166,107,110,-3,3
3167,107,104,3,3
3168,53,52,1,1
3169,112,107,5,5
3170,124,126,-2,2
3171,103,98,5,5
3172,76,83,-7,7
3173,103,105,-2,2
3174,92,100,-8,8
3175,40,47,-7,7
3176,79,79,0,0
3177,83,90,-7,7
3178,77,76,1,1
3179,75,73,2,2
3180,63,55,8,8
3181,134,130,4,4
3182,66,68,-2,2
3183,173,176,-3,3
3184,100,90,10,10
3185,119,107,12,12
3186,143,144,-1,1
3187,61,71,-10,10
3188,59,62,-3,3
3189,91,97,-6,6
3190,61,58,3,3
3191,127,124,3,3
3192,164,162,2,2
3193,81,79,2,2
3194,136,133,3,3
3195,73,83,-10,10
3196,72,74,-2,2
3197,82,78,4,4
3198,79,81,-2,2
3199,70,75,-5,5
3200,95,96,-1,1
3201,63,65,-2,2
3202,67,78,-11,11
3203,127,129,-2,2
3204,107,104,3,3
3205,58,59,-1,1
3206,91,94,-3,3
3207,60,57,3,3
3208,94,107,-13,13
3209,90,76,14,14
3210,49,49,0,0
3211,94,116,-22,22
3212,68,61,7,7
3213,86,75,11,11
3214,107,97,10,10
3215,54,53,1,1
3216,88,81,7,7
3217,69,74,-5,5
3218,85,82,3,3
3219,99,97,2,2
3220,116,129,-13,13
3221,113,109,4,4
3222,42,56,-14,14
3223,36,38,-2,2
3224,52,57,-5,5
3225,88,81,7,7
3226,62,65,-3,3
3227,87,78,9,9
3228,97,112,-15,15
3229,94,99,-5,5
3230,113,113,0,0
3231,168,152,16,16
3232,107,100,7,7
3233,130,131,-1,1
3234,169,163,6,6
3235,84,92,-8,8
3236,151,128,23,23
3237,75,66,9,9
3238,73,72,1,1
3239,64,71,-7,7
3240,144,154,-10,10
3241,86,89,-3,3
3242,91,86,5,5
3243,76,71,5,5
3244,112,117,-5,5
3245,46,64,-18,18
3246,51,63,-12,12
3247,116,107,9,9
3248,106,121,-15,15
3249,63,72,-9,9
3250,115,111,4,4
3251,151,164,-13,13
3252,70,67,3,3
3253,153,153,0,0
3254,66,64,2,2
3255,95,104,-9,9
3256,71,72,-1,1
3257,75,78,-3,3
3258,83,78,5,5
3259,75,67,8,8
3260,111,98,13,13
3261,95,97,-2,2
3262,133,120,13,13
3263,56,50,6,6
3264,42,49,-7,7
3265,61,64,-3,3
3266,72,73,-1,1
3267,60,61,-1,1
3268,95,89,6,6
3269,115,127,-12,12
3270,101,112,-11,11
3271,65,68,-3,3
3272,100,112,-12,12
3273,69,74,-5,5
3274,81,77,4,4
3275,82,82,0,0
3276,107,108,-1,1
3277,112,121,-9,9
3278,99,98,1,1
3279,75,74,1,1
3280,161,155,6,6
3281,76,73,3,3
3282,142,145,-3,3
3283,111,104,7,7
3284,78,80,-2,2
3285,137,137,0,0
3286,40,42,-2,2
3287,65,66,-1,1
3288,88,94,-6,6
3289,103,88,15,15
3290,143,165,-22,22
3291,37,39,-2,2
3292,65,58,7,7
3293,90,82,8,8
3294,97,85,12,12
3295,107,104,3,3
3296,104,113,-9,9
3297,151,140,11,11
3298,98,98,0,0
3299,91,99,-8,8
3300,90,82,8,8
3301,79,85,-6,6
3302,62,55,7,7
3303,83,79,4,4
3304,102,108,-6,6
3305,92,102,-10,10
3306,48,51,-3,3
3307,103,103,0,0
3308,65,61,4,4
3309,84,84,0,0
3310,57,61,-4,4
3311,108,115,-7,7
3312,80,80,0,0
3313,66,80,-14,14
3314,106,113,-7,7
3315,52,55,-3,3
3316,107,119,-12,12
3317,107,97,10,10
3318,57,60,-3,3
3319,137,135,2,2
3320,69,70,-1,1
3321,90,85,5,5
3322,65,71,-6,6
3323,49,53,-4,4
3324,153,149,4,4
3325,119,118,1,1
3326,75,77,-2,2
3327,160,154,6,6
3328,140,142,-2,2
3329,146,153,-7,7
3330,104,89,15,15
3331,94,94,0,0
3332,60,53,7,7
3333,118,108,10,10
3334,71,72,-1,1
3335,66,67,-1,1
3336,183,169,14,14
3337,103,95,8,8
3338,119,115,4,4
3339,107,122,-15,15
3340,92,88,4,4
3341,89,94,-5,5
3342,116,108,8,8
3343,84,81,3,3
3344,118,126,-8,8
3345,52,58,-6,6
3346,75,82,-7,7
3347,163,162,1,1
3348,96,95,1,1
3349,104,113,-9,9
3350,135,145,-10,10
3351,78,77,1,1
3352,127,120,7,7
3353,96,96,0,0
3354,123,110,13,13
3355,119,111,8,8
3356,83,87,-4,4
3357,107,111,-4,4
3358,96,85,11,11
3359,105,104,1,1
3360,142,125,17,17
3361,67,73,-6,6
3362,67,75,-8,8
3363,126,122,4,4
3364,59,63,-4,4
3365,59,61,-2,2
3366,74,75,-1,1
3367,87,88,-1,1
3368,69,73,-4,4
3369,66,65,1,1
3370,117,106,11,11
3371,186,188,-2,2
3372,63,66,-3,3
3373,125,130,-5,5
3374,87,78,9,9
3375,97,99,-2,2
3376,96,90,6,6
3377,49,47,2,2
3378,105,112,-7,7
3379,48,48,0,0
3380,111,109,2,2
3381,98,105,-7,7
3382,123,113,10,10
3383,74,63,11,11
3384,55,56,-1,1
3385,124,125,-1,1
3386,151,145,6,6
3387,54,52,2,2
3388,44,46,-2,2
3389,78,85,-7,7
3390,141,148,-7,7
3391,85,94,-9,9
3392,40,58,-18,18
3393,77,75,2,2
3394,104,98,6,6
3395,71,63,8,8
3396,94,102,-8,8
3397,98,108,-10,10
3398,56,61,-5,5
3399,64,71,-7,7
3400,107,110,-3,3
3401,58,61,-3,3
3402,40,45,-5,5
3403,107,94,13,13
3404,110,108,2,2
3405,124,114,10,10
3406,100,90,10,10
3407,88,95,-7,7
3408,131,113,18,18
3409,93,87,6,6
3410,134,132,2,2
3411,81,92,-11,11
3412,81,89,-8,8
3413,84,90,-6,6
3414,86,86,0,0
3415,152,158,-6,6
3416,64,64,0,0
3417,73,81,-8,8
3418,118,118,0,0
3419,73,68,5,5
3420,88,83,5,5
3421,112,124,-12,12
3422,141,140,1,1
3423,150,156,-6,6
3424,105,106,-1,1
3425,163,157,6,6
3426,29,41,-12,12
3427,94,93,1,1
3428,67,73,-6,6
3429,98,117,-19,19
3430,89,93,-4,4
3431,106,105,1,1
3432,100,101,-1,1
3433,107,96,11,11
3434,64,71,-7,7
3435,45,54,-9,9
3436,77,80,-3,3
3437,144,133,11,11
3438,103,109,-6,6
3439,67,109,-42,42
3440,38,36,2,2
3441,116,113,3,3
3442,102,102,0,0
3443,119,114,5,5
3444,88,90,-2,2
3445,111,111,0,0
3446,48,50,-2,2
3447,131,114,17,17
3448,86,87,-1,1
3449,76,77,-1,1
3450,80,84,-4,4
3451,99,95,4,4
3452,132,130,2,2
3453,91,105,-14,14
3454,105,104,1,1
3455,159,165,-6,6
3456,117,112,5,5
3457,142,150,-8,8
3458,69,64,5,5
3459,79,89,-10,10
3460,134,140,-6,6
3461,101,94,7,7
3462,94,91,3,3
3463,97,121,-24,24
3464,112,97,15,15
3465,70,70,0,0
3466,139,135,4,4
3467,120,113,7,7
3468,93,98,-5,5
3469,70,75,-5,5
3470,77,73,4,4
3471,91,92,-1,1
3472,57,55,2,2
3473,75,84,-9,9
3474,64,61,3,3
3475,88,91,-3,3
3476,90,97,-7,7
3477,82,86,-4,4
3478,54,59,-5,5
3479,101,99,2,2
3480,102,108,-6,6
3481,92,91,1,1
3482,77,76,1,1
3483,76,78,-2,2
3484,109,119,-10,10
3485,48,54,-6,6
3486,86,81,5,5
3487,91,92,-1,1
3488,60,57,3,3
3489,117,119,-2,2
3490,121,126,-5,5
3491,129,137,-8,8
3492,90,97,-7,7
3493,106,86,20,20
3494,80,71,9,9
3495,129,113,16,16
3496,65,63,2,2
3497,48,49,-1,1
3498,104,101,3,3
3499,72,70,2,2
3500,69,67,2,2
3501,115,112,3,3
3502,147,166,-19,19
3503,83,87,-4,4
3504,96,95,1,1
3505,83,81,2,2
3506,106,104,2,2
3507,83,87,-4,4
3508,94,82,12,12
3509,101,84,17,17
3510,112,114,-2,2
3511,56,63,-7,7
3512,106,107,-1,1
3513,93,87,6,6
3514,83,91,-8,8
3515,60,63,-3,3
3516,116,127,-11,11
3517,127,116,11,11
3518,65,71,-6,6
3519,134,141,-7,7
3520,45,58,-13,13
3521,74,80,-6,6
3522,107,111,-4,4
3523,97,98,-1,1
3524,145,145,0,0
3525,101,107,-6,6
3526,104,91,13,13
3527,90,94,-4,4
3528,98,96,2,2
3529,107,113,-6,6
3530,66,68,-2,2
3531,76,85,-9,9
3532,39,36,3,3
3533,89,90,-1,1
3534,47,52,-5,5
3535,68,82,-14,14
3536,47,49,-2,2
3537,194,171,23,23
3538,107,119,-12,12
3539,155,155,0,0
3540,163,160,3,3
3541,93,86,7,7
3542,124,134,-10,10
3543,28,33,-5,5
3544,101,109,-8,8
3545,70,71,-1,1
3546,61,64,-3,3
3547,92,89,3,3
3548,78,84,-6,6
3549,51,56,-5,5
3550,99,101,-2,2
3551,95,94,1,1
3552,137,124,13,13
3553,90,87,3,3
3554,84,93,-9,9
3555,72,78,-6,6
3556,83,90,-7,7
3557,94,96,-2,2
3558,86,81,5,5
3559,86,77,9,9
3560,87,90,-3,3
3561,104,117,-13,13
3562,58,61,-3,3
3563,50,61,-11,11
3564,44,46,-2,2
3565,83,84,-1,1
3566,97,94,3,3
3567,146,134,12,12
3568,147,134,13,13
3569,107,104,3,3
3570,117,106,11,11
3571,152,158,-6,6
3572,130,115,15,15
3573,157,142,15,15
3574,268,253,15,15
3575,90,84,6,6
3576,101,106,-5,5
3577,73,73,0,0
3578,120,122,-2,2
3579,86,87,-1,1
3580,144,131,13,13
3581,97,95,2,2
3582,93,90,3,3
3583,49,50,-1,1
3584,97,102,-5,5
3585,99,90,9,9
3586,63,63,0,0
3587,135,128,7,7
3588,66,67,-1,1
3589,71,69,2,2
3590,74,74,0,0
3591,160,150,10,10
3592,52,57,-5,5
3593,84,77,7,7
3594,127,135,-8,8
3595,82,82,0,0
3596,80,85,-5,5
3597,108,113,-5,5
3598,104,112,-8,8
3599,106,100,6,6
3600,154,150,4,4
3601,54,58,-4,4
3602,91,102,-11,11
3603,115,133,-18,18
3604,98,104,-6,6
3605,117,120,-3,3
3606,46,51,-5,5
3607,93,98,-5,5
3608,50,53,-3,3
3609,110,156,-46,46
3610,101,100,1,1
3611,121,120,1,1
3612,129,138,-9,9
3613,123,115,8,8
3614,55,69,-14,14
3615,97,84,13,13
3616,102,102,0,0
3617,127,137,-10,10
3618,66,82,-16,16
3619,75,75,0,0
3620,125,135,-10,10
3621,75,71,4,4
3622,137,148,-11,11
3623,76,73,3,3
3624,80,65,15,15
3625,93,95,-2,2
3626,213,220,-7,7
3627,73,72,1,1
3628,99,97,2,2
3629,152,150,2,2
3630,110,117,-7,7
3631,53,59,-6,6
3632,83,81,2,2
3633,94,98,-4,4
3634,60,63,-3,3
3635,150,145,5,5
3636,146,134,12,12
3637,156,172,-16,16
3638,99,99,0,0
3639,66,64,2,2
3640,85,80,5,5
3641,68,85,-17,17
3642,174,172,2,2
3643,112,99,13,13
3644,102,106,-4,4
3645,96,95,1,1
3646,123,119,4,4
3647,62,68,-6,6
3648,42,48,-6,6
3649,84,79,5,5
3650,99,116,-17,17
3651,96,104,-8,8
3652,94,87,7,7
3653,88,82,6,6
3654,113,107,6,6
3655,136,144,-8,8
3656,51,57,-6,6
3657,82,93,-11,11
3658,103,93,10,10
3659,109,106,3,3
3660,39,47,-8,8
3661,66,59,7,7
3662,68,63,5,5
3663,97,89,8,8
3664,85,81,4,4
3665,123,119,4,4
3666,134,138,-4,4
3667,171,167,4,4
3668,88,86,2,2
3669,83,75,8,8
3670,52,55,-3,3
3671,90,90,0,0
3672,75,74,1,1
3673,80,74,6,6
3674,85,77,8,8
3675,113,129,-16,16
3676,85,72,13,13
3677,124,122,2,2
3678,126,120,6,6
3679,136,123,13,13
3680,111,112,-1,1
3681,122,110,12,12
3682,84,82,2,2
3683,53,51,2,2
3684,83,84,-1,1
3685,132,133,-1,1
3686,133,137,-4,4
3687,96,91,5,5
3688,53,56,-3,3
3689,87,98,-11,11
3690,63,61,2,2
3691,92,80,12,12
3692,73,81,-8,8
3693,142,135,7,7
3694,93,78,15,15
3695,69,66,3,3
3696,59,59,0,0
3697,120,126,-6,6
3698,52,50,2,2
3699,50,49,1,1
3700,80,91,-11,11
3701,68,71,-3,3
3702,73,69,4,4
3703,245,215,30,30
3704,147,151,-4,4
3705,75,73,2,2
3706,59,65,-6,6
3707,84,80,4,4
3708,92,93,-1,1
3709,146,140,6,6
3710,183,188,-5,5
3711,64,66,-2,2
3712,101,87,14,14
3713,102,102,0,0
3714,117,116,1,1
3715,178,176,2,2
3716,143,127,16,16
3717,68,75,-7,7
3718,90,86,4,4
3719,48,46,2,2
3720,74,73,1,1
3721,63,60,3,3
3722,74,75,-1,1
3723,83,85,-2,2
3724,89,94,-5,5
3725,112,107,5,5
3726,89,95,-6,6
3727,71,66,5,5
3728,72,75,-3,3
3729,66,64,2,2
3730,173,182,-9,9
3731,139,141,-2,2
3732,94,97,-3,3
3733,48,53,-5,5
3734,102,104,-2,2
3735,69,73,-4,4
3736,67,63,4,4
3737,91,90,1,1
3738,109,115,-6,6
3739,39,42,-3,3
3740,146,140,6,6
3741,103,109,-6,6
3742,149,152,-3,3
3743,78,73,5,5
3744,78,80,-2,2
3745,76,67,9,9
3746,81,88,-7,7
3747,155,156,-1,1
3748,76,81,-5,5
3749,113,110,3,3
3750,87,87,0,0
3751,81,71,10,10
3752,82,87,-5,5
3753,107,116,-9,9
3754,148,148,0,0
3755,57,70,-13,13
3756,73,72,1,1
3757,112,106,6,6
3758,48,49,-1,1
3759,77,86,-9,9
3760,142,132,10,10
3761,142,131,11,11
3762,122,124,-2,2
3763,67,65,2,2
3764,132,118,14,14
3765,134,154,-20,20
3766,96,87,9,9
3767,70,68,2,2
3768,84,82,2,2
3769,108,99,9,9
3770,159,157,2,2
3771,114,125,-11,11
3772,71,72,-1,1
3773,88,95,-7,7
3774,95,92,3,3
3775,36,37,-1,1
3776,99,100,-1,1
3777,54,57,-3,3
3778,148,141,7,7
3779,75,65,10,10
3780,64,73,-9,9
3781,170,170,0,0
3782,176,164,12,12
3783,143,131,12,12
3784,108,99,9,9
3785,94,171,-77,77
3786,102,116,-14,14
3787,92,100,-8,8
3788,132,135,-3,3
3789,84,86,-2,2
3790,152,151,1,1
3791,94,84,10,10
3792,103,106,-3,3
3793,122,122,0,0
3794,79,85,-6,6
3795,81,67,14,14
3796,81,84,-3,3
3797,65,61,4,4
3798,90,79,11,11
3799,85,90,-5,5
3800,74,74,0,0
3801,110,109,1,1
3802,62,73,-11,11
3803,132,134,-2,2
3804,94,94,0,0
3805,77,75,2,2
3806,69,77,-8,8
3807,90,87,3,3
3808,58,59,-1,1
3809,101,107,-6,6
3810,72,77,-5,5
3811,49,64,-15,15
3812,120,123,-3,3
3813,60,71,-11,11
3814,140,156,-16,16
3815,53,54,-1,1
3816,66,67,-1,1
3817,60,59,1,1
3818,103,107,-4,4
3819,92,96,-4,4
3820,158,137,21,21
3821,71,83,-12,12
3822,73,75,-2,2
3823,66,72,-6,6
3824,149,153,-4,4
3825,146,143,3,3
3826,68,61,7,7
3827,108,111,-3,3
3828,54,61,-7,7
3829,70,71,-1,1
3830,98,98,0,0
3831,112,114,-2,2
3832,64,64,0,0
3833,96,99,-3,3
3834,124,136,-12,12
3835,73,78,-5,5
3836,75,76,-1,1
3837,97,95,2,2
3838,100,103,-3,3
3839,153,174,-21,21
3840,145,150,-5,5
3841,98,92,6,6
3842,114,102,12,12
3843,111,95,16,16
3844,68,77,-9,9
3845,60,66,-6,6
3846,87,98,-11,11
3847,74,60,14,14
3848,54,61,-7,7
3849,77,76,1,1
3850,63,59,4,4
3851,120,114,6,6
3852,107,95,12,12
3853,75,78,-3,3
3854,96,98,-2,2
3855,50,42,8,8
3856,152,135,17,17
3857,133,130,3,3
3858,140,147,-7,7
3859,63,64,-1,1
3860,82,92,-10,10
3861,101,113,-12,12
3862,78,74,4,4
3863,101,94,7,7
3864,74,75,-1,1
3865,104,99,5,5
3866,97,98,-1,1
3867,55,71,-16,16
3868,166,163,3,3
3869,110,103,7,7
3870,76,98,-22,22
3871,81,84,-3,3
3872,128,124,4,4
3873,108,106,2,2
3874,68,65,3,3
3875,86,86,0,0
3876,79,79,0,0
3877,65,65,0,0
3878,148,150,-2,2
3879,165,154,11,11
3880,96,103,-7,7
3881,61,63,-2,2
3882,86,77,9,9
3883,65,70,-5,5
3884,124,134,-10,10
3885,94,89,5,5
3886,55,56,-1,1
3887,71,72,-1,1
3888,132,119,13,13
3889,55,58,-3,3
3890,97,110,-13,13
3891,96,104,-8,8
3892,101,103,-2,2
3893,100,86,14,14
3894,78,73,5,5
3895,132,139,-7,7
3896,73,75,-2,2
3897,93,80,13,13
3898,51,47,4,4
3899,136,138,-2,2
3900,80,72,8,8
3901,159,174,-15,15
3902,151,145,6,6
3903,64,63,1,1
3904,75,80,-5,5
3905,151,135,16,16
3906,72,79,-7,7
3907,113,98,15,15
3908,88,90,-2,2
3909,93,92,1,1
3910,62,72,-10,10
3911,59,67,-8,8
3912,104,105,-1,1
3913,133,129,4,4
3914,66,75,-9,9
3915,90,102,-12,12
3916,98,98,0,0
3917,181,145,36,36
3918,68,61,7,7
3919,81,79,2,2
3920,148,146,2,2
3921,92,80,12,12
3922,109,105,4,4
3923,176,177,-1,1
3924,236,218,18,18
3925,112,106,6,6
3926,74,80,-6,6
3927,82,73,9,9
3928,78,76,2,2
3929,83,86,-3,3
3930,89,92,-3,3
3931,95,97,-2,2
3932,177,170,7,7
3933,53,63,-10,10
3934,94,107,-13,13
3935,104,102,2,2
3936,63,65,-2,2
3937,94,92,2,2
3938,95,93,2,2
3939,122,119,3,3
3940,135,131,4,4
3941,170,153,17,17
3942,104,118,-14,14
3943,153,138,15,15
3944,70,95,-25,25
3945,124,115,9,9
3946,81,78,3,3
3947,143,140,3,3
3948,86,99,-13,13
3949,87,82,5,5
3950,92,95,-3,3
3951,111,109,2,2
3952,73,77,-4,4
3953,83,73,10,10
3954,117,115,2,2
3955,92,89,3,3
3956,70,78,-8,8
3957,107,103,4,4
3958,62,66,-4,4
3959,96,95,1,1
3960,93,92,1,1
3961,50,55,-5,5
3962,61,59,2,2
3963,118,123,-5,5
3964,117,114,3,3
3965,116,108,8,8
3966,183,172,11,11
3967,56,64,-8,8
3968,67,64,3,3
3969,81,76,5,5
3970,117,111,6,6
3971,98,94,4,4
3972,63,59,4,4
3973,62,61,1,1
3974,84,91,-7,7
3975,156,155,1,1
3976,105,96,9,9
3977,89,81,8,8
3978,132,137,-5,5
3979,106,109,-3,3
3980,111,113,-2,2
3981,150,161,-11,11
3982,95,103,-8,8
3983,20,35,-15,15
3984,99,99,0,0
3985,103,103,0,0
3986,73,90,-17,17
3987,83,78,5,5
3988,69,66,3,3
3989,130,131,-1,1
3990,106,106,0,0
3991,104,88,16,16
3992,125,133,-8,8
3993,121,103,18,18
3994,190,190,0,0
3995,116,120,-4,4
3996,87,106,-19,19
3997,71,73,-2,2
3998,71,81,-10,10
3999,146,156,-10,10
4000,97,97,0,0
4001,98,95,3,3
4002,127,130,-3,3
4003,74,74,0,0
4004,47,47,0,0
4005,92,89,3,3
4006,82,77,5,5
4007,118,116,2,2
4008,137,118,19,19
4009,101,100,1,1
4010,51,57,-6,6
4011,88,96,-8,8
4012,177,160,17,17
4013,82,77,5,5
4014,90,93,-3,3
4015,99,94,5,5
4016,83,87,-4,4
4017,104,102,2,2
4018,83,75,8,8
4019,57,64,-7,7
4020,155,154,1,1
4021,107,105,2,2
4022,72,77,-5,5
4023,72,64,8,8
4024,102,103,-1,1
4025,90,86,4,4
4026,111,105,6,6
4027,123,113,10,10
4028,46,49,-3,3
4029,81,83,-2,2
4030,95,81,14,14
4031,125,121,4,4
4032,105,97,8,8
4033,74,72,2,2
4034,166,152,14,14
4035,96,101,-5,5
4036,70,66,4,4
4037,56,42,14,14
4038,66,63,3,3
4039,85,85,0,0
4040,46,49,-3,3
4041,47,65,-18,18
4042,68,74,-6,6
4043,130,129,1,1
4044,141,140,1,1
4045,95,98,-3,3
4046,111,101,10,10
4047,50,54,-4,4
4048,111,120,-9,9
4049,100,108,-8,8
4050,72,67,5,5
4051,80,85,-5,5
4052,120,109,11,11
4053,180,172,8,8
4054,39,45,-6,6
4055,103,116,-13,13
4056,95,97,-2,2
4057,146,159,-13,13
4058,110,108,2,2
4059,48,37,11,11
4060,83,101,-18,18
4061,66,80,-14,14
4062,86,94,-8,8
4063,79,78,1,1
4064,113,121,-8,8
4065,114,109,5,5
4066,86,76,10,10
4067,165,163,2,2
4068,69,79,-10,10
4069,124,129,-5,5
4070,103,113,-10,10
4071,76,61,15,15
4072,118,121,-3,3
4073,157,153,4,4
4074,107,105,2,2
4075,170,149,21,21
4076,58,60,-2,2
4077,59,62,-3,3
4078,124,115,9,9
4079,142,124,18,18
4080,105,121,-16,16
4081,116,116,0,0
4082,140,141,-1,1
4083,92,86,6,6
4084,130,135,-5,5
4085,113,113,0,0
4086,129,141,-12,12
4087,73,85,-12,12
4088,100,100,0,0
4089,87,99,-12,12
4090,75,66,9,9
4091,87,95,-8,8
4092,113,100,13,13
4093,64,67,-3,3
4094,83,79,4,4
4095,75,76,-1,1
4096,124,132,-8,8
4097,87,87,0,0
4098,63,67,-4,4
4099,78,74,4,4
4100,86,89,-3,3
4101,104,114,-10,10
4102,95,96,-1,1
4103,119,129,-10,10
4104,99,108,-9,9
4105,54,60,-6,6
4106,73,74,-1,1
4107,71,72,-1,1
4108,83,84,-1,1
4109,182,160,22,22
4110,74,85,-11,11
4111,133,130,3,3
4112,80,77,3,3
4113,98,106,-8,8
4114,98,100,-2,2
4115,96,93,3,3
4116,84,71,13,13
4117,199,209,-10,10
4118,153,143,10,10
4119,121,136,-15,15
4120,104,116,-12,12
4121,79,84,-5,5
4122,109,94,15,15
4123,74,81,-7,7
4124,48,56,-8,8
4125,127,125,2,2
4126,77,81,-4,4
4127,57,63,-6,6
4128,88,83,5,5
4129,76,66,10,10
4130,120,119,1,1
4131,86,92,-6,6
4132,62,68,-6,6
4133,60,59,1,1
4134,83,81,2,2
4135,90,92,-2,2
4136,69,72,-3,3
4137,65,70,-5,5
4138,97,95,2,2
4139,107,103,4,4
4140,131,137,-6,6
4141,118,111,7,7
4142,107,135,-28,28
4143,72,80,-8,8
4144,153,153,0,0
4145,83,82,1,1
4146,55,60,-5,5
4147,106,109,-3,3
4148,97,106,-9,9
4149,176,172,4,4
4150,139,129,10,10
4151,84,94,-10,10
4152,112,107,5,5
4153,58,65,-7,7
4154,119,120,-1,1
4155,75,78,-3,3
4156,155,157,-2,2
4157,71,61,10,10
4158,150,140,10,10
4159,94,95,-1,1
4160,54,61,-7,7
4161,70,72,-2,2
4162,125,117,8,8
4163,36,33,3,3
4164,78,81,-3,3
4165,96,92,4,4
4166,100,96,4,4
4167,106,104,2,2
4168,129,121,8,8
4169,39,42,-3,3
4170,44,48,-4,4
4171,97,99,-2,2
4172,80,90,-10,10
4173,52,52,0,0
4174,102,100,2,2
4175,101,95,6,6
4176,90,90,0,0
4177,151,152,-1,1
4178,82,76,6,6
4179,117,115,2,2
4180,63,76,-13,13
4181,135,134,1,1
4182,71,67,4,4
4183,96,109,-13,13
4184,123,121,2,2
4185,75,73,2,2
4186,60,66,-6,6
4187,103,107,-4,4
4188,59,61,-2,2
4189,116,124,-8,8
4190,92,91,1,1
4191,76,65,11,11
4192,53,48,5,5
4193,107,116,-9,9
4194,70,72,-2,2
4195,101,100,1,1
4196,88,83,5,5
4197,84,87,-3,3
4198,26,48,-22,22
4199,107,111,-4,4
4200,121,122,-1,1
4201,66,71,-5,5
4202,75,81,-6,6
4203,140,151,-11,11
4204,87,82,5,5
4205,57,52,5,5
4206,100,100,0,0
4207,183,169,14,14
4208,131,135,-4,4
4209,98,131,-33,33
4210,70,76,-6,6
4211,80,78,2,2
4212,112,115,-3,3
4213,164,174,-10,10
4214,112,102,10,10
4215,49,52,-3,3
4216,69,76,-7,7
4217,64,78,-14,14
4218,78,85,-7,7
4219,116,129,-13,13
4220,113,106,7,7
4221,123,124,-1,1
4222,101,112,-11,11
4223,100,109,-9,9
4224,84,81,3,3
4225,114,114,0,0
4226,109,104,5,5
4227,52,52,0,0
4228,115,107,8,8
4229,106,110,-4,4
4230,93,90,3,3
4231,69,76,-7,7
4232,149,147,2,2
4233,87,84,3,3
4234,103,99,4,4
4235,106,114,-8,8
4236,76,93,-17,17
4237,124,133,-9,9
4238,115,122,-7,7
4239,82,79,3,3
4240,152,161,-9,9
4241,138,135,3,3
4242,196,187,9,9
4243,133,118,15,15
4244,146,147,-1,1
4245,105,111,-6,6
4246,92,101,-9,9
4247,71,67,4,4
4248,97,105,-8,8
4249,70,73,-3,3
4250,107,118,-11,11
4251,80,84,-4,4
4252,63,80,-17,17
4253,75,71,4,4
4254,75,77,-2,2
4255,75,77,-2,2
4256,104,93,11,11
4257,152,142,10,10
4258,71,69,2,2
4259,107,102,5,5
4260,161,151,10,10
4261,71,77,-6,6
4262,91,86,5,5
4263,98,91,7,7
4264,108,110,-2,2
4265,78,72,6,6
4266,116,120,-4,4
4267,108,95,13,13
4268,81,82,-1,1
4269,65,75,-10,10
4270,111,114,-3,3
4271,70,67,3,3
4272,55,59,-4,4
4273,102,99,3,3
4274,102,104,-2,2
4275,56,59,-3,3
4276,100,89,11,11
4277,47,46,1,1
4278,145,141,4,4
4279,108,105,3,3
4280,143,140,3,3
4281,123,123,0,0
4282,172,166,6,6
4283,60,66,-6,6
4284,105,101,4,4
4285,46,48,-2,2
4286,80,68,12,12
4287,114,120,-6,6
4288,189,192,-3,3
4289,82,75,7,7
4290,126,129,-3,3
4291,157,146,11,11
4292,147,174,-27,27
4293,27,60,-33,33
4294,79,77,2,2
4295,75,73,2,2
4296,65,62,3,3
4297,68,64,4,4
4298,126,125,1,1
4299,133,129,4,4
4300,101,92,9,9
4301,80,78,2,2
4302,103,96,7,7
4303,95,92,3,3
4304,103,111,-8,8
4305,113,113,0,0
4306,42,39,3,3
4307,85,90,-5,5
4308,82,83,-1,1
4309,104,105,-1,1
4310,85,76,9,9
4311,107,89,18,18
4312,78,74,4,4
4313,66,66,0,0
4314,108,108,0,0
4315,90,99,-9,9
4316,88,92,-4,4
4317,59,61,-2,2
4318,79,72,7,7
4319,69,73,-4,4
4320,135,137,-2,2
4321,96,114,-18,18
4322,148,150,-2,2
4323,31,35,-4,4
4324,65,81,-16,16
4325,86,84,2,2
4326,47,45,2,2
4327,83,81,2,2
4328,170,184,-14,14
4329,63,63,0,0
4330,110,109,1,1
4331,182,171,11,11
4332,141,143,-2,2
4333,94,100,-6,6
4334,81,82,-1,1
4335,87,91,-4,4
4336,131,130,1,1
4337,117,106,11,11
4338,64,61,3,3
4339,150,174,-24,24
4340,93,100,-7,7
4341,88,88,0,0
4342,90,94,-4,4
4343,86,87,-1,1
4344,96,110,-14,14
4345,173,163,10,10
4346,104,102,2,2
4347,44,53,-9,9
4348,81,72,9,9
4349,71,65,6,6
4350,77,64,13,13
4351,82,75,7,7
4352,196,189,7,7
4353,126,124,2,2
4354,100,102,-2,2
4355,159,153,6,6
4356,61,71,-10,10
4357,54,63,-9,9
4358,73,71,2,2
4359,73,79,-6,6
4360,88,84,4,4
4361,136,137,-1,1
4362,94,96,-2,2
4363,164,183,-19,19
4364,100,103,-3,3
4365,126,121,5,5
4366,50,51,-1,1
4367,79,82,-3,3
4368,94,115,-21,21
4369,110,120,-10,10
4370,144,142,2,2
4371,62,58,4,4
4372,92,95,-3,3
4373,59,61,-2,2
4374,279,244,35,35
4375,149,143,6,6
4376,61,75,-14,14
4377,72,89,-17,17
4378,64,64,0,0
4379,142,139,3,3
4380,56,57,-1,1
4381,140,147,-7,7
4382,221,205,16,16
4383,111,99,12,12
4384,93,88,5,5
4385,110,112,-2,2
4386,83,76,7,7
4387,65,74,-9,9
4388,154,154,0,0
4389,92,92,0,0
4390,144,135,9,9
4391,102,105,-3,3
4392,131,127,4,4
4393,98,94,4,4
4394,104,103,1,1
4395,95,100,-5,5
4396,108,118,-10,10
4397,89,87,2,2
4398,139,150,-11,11
4399,116,112,4,4
4400,58,61,-3,3
4401,140,144,-4,4
4402,89,90,-1,1
4403,103,104,-1,1
4404,67,85,-18,18
4405,62,62,0,0
4406,162,165,-3,3
4407,77,73,4,4
4408,99,106,-7,7
4409,92,78,14,14
4410,105,108,-3,3
4411,99,96,3,3
4412,82,98,-16,16
4413,139,131,8,8
4414,99,96,3,3
4415,82,84,-2,2
4416,95,101,-6,6
4417,101,99,2,2
4418,85,87,-2,2
4419,102,99,3,3
4420,133,137,-4,4
4421,76,74,2,2
4422,126,128,-2,2
4423,101,100,1,1
4424,119,108,11,11
4425,152,160,-8,8
4426,136,123,13,13
4427,87,87,0,0
4428,116,104,12,12
4429,60,64,-4,4
4430,96,98,-2,2
4431,76,84,-8,8
4432,128,124,4,4
4433,85,87,-2,2
4434,84,88,-4,4
4435,153,142,11,11
4436,72,65,7,7
4437,73,69,4,4
4438,108,95,13,13
4439,73,71,2,2
4440,94,92,2,2
4441,86,82,4,4
4442,89,83,6,6
4443,56,58,-2,2
4444,195,188,7,7
4445,70,71,-1,1
4446,64,64,0,0
4447,96,90,6,6
4448,103,111,-8,8
4449,131,126,5,5
4450,93,94,-1,1
4451,122,126,-4,4
4452,54,57,-3,3
4453,67,77,-10,10
4454,66,62,4,4
4455,110,114,-4,4
4456,108,108,0,0
4457,119,124,-5,5
4458,80,71,9,9
4459,60,65,-5,5
4460,88,87,1,1
4461,123,110,13,13
4462,59,62,-3,3
4463,103,95,8,8
4464,93,91,2,2
4465,90,87,3,3
4466,157,156,1,1
4467,94,92,2,2
4468,79,85,-6,6
4469,131,134,-3,3
4470,50,54,-4,4
4471,111,108,3,3
4472,106,110,-4,4
4473,104,105,-1,1
4474,94,101,-7,7
4475,71,65,6,6
4476,168,155,13,13
4477,102,117,-15,15
4478,58,64,-6,6
4479,49,53,-4,4
4480,96,92,4,4
4481,74,77,-3,3
4482,135,137,-2,2
4483,171,163,8,8
4484,70,73,-3,3
4485,118,125,-7,7
4486,90,79,11,11
4487,101,121,-20,20
4488,97,98,-1,1
4489,107,101,6,6
4490,87,84,3,3
4491,43,47,-4,4
4492,79,76,3,3
4493,106,98,8,8
4494,39,37,2,2
4495,178,164,14,14
4496,74,82,-8,8
4497,36,42,-6,6
4498,68,71,-3,3
4499,114,109,5,5
4500,80,84,-4,4
4501,109,125,-16,16
4502,128,122,6,6
4503,87,103,-16,16
4504,110,110,0,0
4505,100,94,6,6
4506,128,136,-8,8
4507,136,137,-1,1
4508,129,133,-4,4
4509,122,127,-5,5
4510,102,100,2,2
4511,109,110,-1,1
4512,58,63,-5,5
4513,122,120,2,2
4514,90,89,1,1
4515,57,51,6,6
4516,107,108,-1,1
4517,168,166,2,2
4518,98,102,-4,4
4519,120,114,6,6
4520,74,75,-1,1
4521,88,84,4,4
4522,96,89,7,7
4523,64,71,-7,7
4524,55,59,-4,4
4525,94,95,-1,1
4526,148,142,6,6
4527,92,106,-14,14
4528,95,109,-14,14
4529,110,108,2,2
4530,83,77,6,6
4531,139,137,2,2
4532,108,98,10,10
4533,78,78,0,0
4534,78,80,-2,2
4535,98,97,1,1
4536,104,102,2,2
4537,68,64,4,4
4538,103,107,-4,4
4539,66,55,11,11
4540,100,101,-1,1
4541,123,123,0,0
4542,74,93,-19,19
4543,136,126,10,10
4544,47,49,-2,2
4545,92,93,-1,1
4546,122,115,7,7
4547,125,130,-5,5
4548,122,111,11,11
4549,61,61,0,0
4550,82,103,-21,21
4551,112,109,3,3
4552,48,58,-10,10
4553,146,156,-10,10
4554,67,61,6,6
4555,115,116,-1,1
4556,165,173,-8,8
4557,87,95,-8,8
4558,40,41,-1,1
4559,55,53,2,2
4560,127,121,6,6
4561,70,72,-2,2
4562,99,107,-8,8
4563,45,53,-8,8
4564,95,93,2,2
4565,80,82,-2,2
4566,47,53,-6,6
4567,99,117,-18,18
4568,118,120,-2,2
4569,104,110,-6,6
4570,75,75,0,0
4571,90,91,-1,1
4572,82,84,-2,2
4573,163,150,13,13
4574,93,88,5,5
4575,166,183,-17,17
4576,69,73,-4,4
4577,122,138,-16,16
4578,148,152,-4,4
4579,56,56,0,0
4580,66,63,3,3
4581,83,94,-11,11
4582,63,63,0,0
4583,108,106,2,2
4584,123,107,16,16
4585,161,176,-15,15
4586,83,107,-24,24
4587,49,48,1,1
4588,78,78,0,0
4589,101,104,-3,3
4590,38,56,-18,18
4591,98,94,4,4
4592,174,161,13,13
4593,75,101,-26,26
4594,56,59,-3,3
4595,138,130,8,8
4596,38,38,0,0
4597,51,55,-4,4
4598,69,64,5,5
4599,98,100,-2,2
4600,87,87,0,0
4601,88,85,3,3
4602,156,162,-6,6
4603,140,138,2,2
4604,92,97,-5,5
4605,49,56,-7,7
4606,82,88,-6,6
4607,217,243,-26,26
4608,99,103,-4,4
4609,110,104,6,6
4610,79,83,-4,4
4611,69,63,6,6
4612,87,77,10,10
4613,84,82,2,2
4614,77,72,5,5
4615,78,72,6,6
4616,100,106,-6,6
4617,112,110,2,2
4618,130,126,4,4
4619,137,130,7,7
4620,125,117,8,8
4621,86,91,-5,5
4622,152,146,6,6
4623,96,105,-9,9
4624,111,115,-4,4
4625,99,109,-10,10
4626,56,55,1,1
4627,211,217,-6,6
4628,109,118,-9,9
4629,137,140,-3,3
4630,74,78,-4,4
4631,120,125,-5,5
4632,81,88,-7,7
4633,71,74,-3,3
4634,88,84,4,4
4635,111,104,7,7
4636,197,197,0,0
4637,85,79,6,6
4638,112,116,-4,4
4639,44,62,-18,18
4640,86,90,-4,4
4641,72,82,-10,10
4642,59,62,-3,3
4643,82,96,-14,14
4644,69,67,2,2
4645,91,86,5,5
4646,142,147,-5,5
4647,84,65,19,19
4648,81,83,-2,2
4649,101,102,-1,1
4650,190,171,19,19
4651,107,105,2,2
4652,119,127,-8,8
4653,77,75,2,2
4654,152,151,1,1
4655,64,54,10,10
4656,77,77,0,0
4657,51,49,2,2
4658,77,81,-4,4
4659,84,93,-9,9
4660,60,60,0,0
4661,107,106,1,1
4662,87,102,-15,15
4663,116,130,-14,14
4664,160,145,15,15
4665,116,117,-1,1
4666,84,79,5,5
4667,113,122,-9,9
4668,105,107,-2,2
4669,55,48,7,7
4670,91,95,-4,4
4671,113,102,11,11
4672,62,59,3,3
4673,75,74,1,1
4674,45,49,-4,4
4675,177,165,12,12
4676,131,144,-13,13
4677,112,114,-2,2
4678,127,129,-2,2
4679,146,125,21,21
4680,138,140,-2,2
4681,93,100,-7,7
4682,65,71,-6,6
4683,168,176,-8,8
4684,112,126,-14,14
4685,149,141,8,8
4686,140,148,-8,8
4687,94,95,-1,1
4688,141,137,4,4
4689,75,78,-3,3
4690,134,128,6,6
4691,95,87,8,8
4692,119,106,13,13
4693,95,101,-6,6
4694,65,66,-1,1
4695,95,102,-7,7
4696,97,101,-4,4
4697,132,132,0,0
4698,87,86,1,1
4699,124,117,7,7
4700,115,117,-2,2
4701,45,48,-3,3
4702,110,105,5,5
4703,57,59,-2,2
4704,126,105,21,21
4705,50,50,0,0
4706,132,134,-2,2
4707,71,67,4,4
4708,88,81,7,7
4709,91,104,-13,13
4710,79,79,0,0
4711,47,45,2,2
4712,103,113,-10,10
4713,38,41,-3,3
4714,68,62,6,6
4715,130,124,6,6
4716,157,158,-1,1
4717,99,99,0,0
4718,62,57,5,5
4719,79,78,1,1
4720,74,74,0,0
4721,154,142,12,12
4722,36,56,-20,20
4723,81,83,-2,2
4724,69,64,5,5
4725,39,42,-3,3
4726,106,107,-1,1
4727,141,140,1,1
4728,71,72,-1,1
4729,108,106,2,2
4730,142,138,4,4
4731,43,46,-3,3
4732,109,119,-10,10
4733,72,72,0,0
4734,110,106,4,4
4735,84,98,-14,14
4736,88,85,3,3
4737,156,151,5,5
4738,106,116,-10,10
4739,160,160,0,0
4740,105,104,1,1
4741,231,219,12,12
4742,111,105,6,6
4743,53,61,-8,8
4744,124,133,-9,9
4745,105,108,-3,3
4746,144,151,-7,7
4747,83,91,-8,8
4748,81,84,-3,3
4749,96,99,-3,3
4750,143,139,4,4
4751,118,112,6,6
4752,77,80,-3,3
4753,116,118,-2,2
4754,116,79,37,37
4755,76,77,-1,1
4756,73,74,-1,1
4757,92,82,10,10
4758,89,83,6,6
4759,58,58,0,0
4760,70,72,-2,2
4761,134,132,2,2
4762,73,83,-10,10
4763,139,132,7,7
4764,59,63,-4,4
4765,59,61,-2,2
4766,72,72,0,0
4767,81,81,0,0
4768,96,94,2,2
4769,190,172,18,18
4770,131,122,9,9
4771,188,195,-7,7
4772,141,155,-14,14
4773,103,100,3,3
4774,65,77,-12,12
4775,86,83,3,3
4776,64,66,-2,2
4777,115,123,-8,8
4778,58,66,-8,8
4779,150,147,3,3
4780,70,76,-6,6
4781,91,93,-2,2
4782,104,102,2,2
4783,78,80,-2,2
4784,57,56,1,1
4785,117,111,6,6
4786,82,81,1,1
4787,50,54,-4,4
4788,76,82,-6,6
4789,64,65,-1,1
4790,140,140,0,0
4791,88,96,-8,8
4792,41,42,-1,1
4793,56,68,-12,12
4794,161,171,-10,10
4795,107,96,11,11
4796,94,95,-1,1
4797,71,63,8,8
4798,163,151,12,12
4799,99,93,6,6
4800,30,35,-5,5
4801,99,89,10,10
4802,161,145,16,16
4803,82,85,-3,3
4804,92,89,3,3
4805,152,135,17,17
4806,131,113,18,18
4807,99,96,3,3
4808,50,49,1,1
4809,80,84,-4,4
4810,99,98,1,1
4811,69,67,2,2
4812,67,76,-9,9
4813,143,127,16,16
4814,68,71,-3,3
4815,65,73,-8,8
4816,94,94,0,0
4817,55,58,-3,3
4818,94,93,1,1
4819,45,50,-5,5
4820,140,139,1,1
4821,65,62,3,3
4822,62,63,-1,1
4823,94,101,-7,7
4824,129,125,4,4
4825,123,125,-2,2
4826,80,84,-4,4
4827,86,81,5,5
4828,112,118,-6,6
4829,89,86,3,3
4830,72,72,0,0
4831,65,66,-1,1
4832,90,95,-5,5
4833,71,82,-11,11
4834,107,115,-8,8
4835,140,141,-1,1
4836,57,62,-5,5
4837,104,106,-2,2
4838,56,63,-7,7
4839,103,107,-4,4
4840,104,106,-2,2
4841,78,79,-1,1
4842,126,123,3,3
4843,101,96,5,5
4844,85,92,-7,7
4845,72,65,7,7
4846,57,61,-4,4
4847,51,62,-11,11
4848,102,107,-5,5
4849,85,90,-5,5
4850,71,66,5,5
4851,87,82,5,5
4852,74,74,0,0
4853,104,105,-1,1
4854,102,106,-4,4
4855,181,174,7,7
4856,130,130,0,0
4857,75,86,-11,11
4858,102,105,-3,3
4859,56,64,-8,8
4860,72,75,-3,3
4861,90,98,-8,8
4862,66,73,-7,7
4863,82,79,3,3
4864,139,162,-23,23
4865,97,82,15,15
4866,83,84,-1,1
4867,71,81,-10,10
4868,81,74,7,7
4869,80,72,8,8
4870,152,153,-1,1
4871,54,56,-2,2
4872,51,53,-2,2
4873,142,128,14,14
4874,134,143,-9,9
4875,253,269,-16,16
4876,85,103,-18,18
4877,274,250,24,24
4878,180,166,14,14
4879,85,89,-4,4
4880,68,75,-7,7
4881,126,123,3,3
4882,147,143,4,4
4883,67,70,-3,3
4884,58,64,-6,6
4885,146,147,-1,1
4886,170,184,-14,14
4887,80,87,-7,7
4888,117,118,-1,1
4889,72,73,-1,1
4890,52,56,-4,4
4891,92,96,-4,4
4892,88,86,2,2
4893,106,108,-2,2
4894,93,91,2,2
4895,151,154,-3,3
4896,90,86,4,4
4897,71,71,0,0
4898,63,71,-8,8
4899,171,154,17,17
4900,83,71,12,12
4901,125,118,7,7
4902,123,113,10,10
4903,119,118,1,1
4904,100,97,3,3
4905,97,109,-12,12
4906,82,75,7,7
4907,104,113,-9,9
4908,84,83,1,1
4909,133,141,-8,8
4910,66,71,-5,5
4911,328,281,47,47
4912,66,65,1,1
4913,129,123,6,6
4914,60,59,1,1
4915,107,124,-17,17
4916,88,82,6,6
4917,92,111,-19,19
4918,97,85,12,12
4919,95,97,-2,2
4920,176,166,10,10
4921,93,95,-2,2
4922,124,129,-5,5
4923,80,75,5,5
4924,117,115,2,2
4925,92,84,8,8
4926,137,120,17,17
4927,160,159,1,1
4928,114,111,3,3
4929,78,71,7,7
4930,73,76,-3,3
4931,62,60,2,2
4932,85,89,-4,4
4933,52,60,-8,8
4934,53,70,-17,17
4935,98,76,22,22
4936,92,96,-4,4
4937,100,103,-3,3
4938,114,113,1,1
4939,139,143,-4,4
4940,76,78,-2,2
4941,119,116,3,3
4942,41,47,-6,6
4943,53,50,3,3
4944,268,288,-20,20
4945,66,63,3,3
4946,130,121,9,9
4947,115,118,-3,3
4948,157,163,-6,6
4949,50,58,-8,8
4950,75,75,0,0
4951,79,74,5,5
4952,85,84,1,1
4953,42,65,-23,23
4954,85,81,4,4
4955,95,97,-2,2
4956,72,82,-10,10
4957,90,100,-10,10
4958,81,78,3,3
4959,109,115,-6,6
4960,146,156,-10,10
4961,131,122,9,9
4962,138,130,8,8
4963,32,42,-10,10
4964,86,87,-1,1
4965,76,79,-3,3
4966,73,84,-11,11
4967,132,130,2,2
4968,136,138,-2,2
4969,36,42,-6,6
4970,40,50,-10,10
4971,62,60,2,2
4972,99,107,-8,8
4973,63,74,-11,11
4974,90,81,9,9
4975,63,77,-14,14
4976,63,66,-3,3
4977,73,83,-10,10
4978,73,76,-3,3
4979,120,126,-6,6
4980,161,155,6,6
4981,74,73,1,1
4982,74,68,6,6
4983,49,55,-6,6
4984,157,146,11,11
4985,123,120,3,3
4986,91,86,5,5
4987,115,103,12,12
4988,85,86,-1,1
4989,66,70,-4,4
4990,102,100,2,2
4991,98,97,1,1
4992,100,95,5,5
4993,105,122,-17,17
4994,84,98,-14,14
4995,95,88,7,7
4996,108,99,9,9
4997,62,58,4,4
4998,116,119,-3,3
4999,79,73,6,6
5000,73,65,8,8
5001,50,59,-9,9
5002,97,93,4,4
5003,145,133,12,12
5004,152,140,12,12
5005,134,128,6,6
5006,110,104,6,6
5007,114,112,2,2
5008,72,65,7,7
5009,113,109,4,4
5010,58,72,-14,14
5011,50,46,4,4
5012,29,41,-12,12
5013,71,67,4,4
5014,90,95,-5,5
5015,140,136,4,4
5016,123,120,3,3
5017,131,130,1,1
5018,50,50,0,0
5019,82,81,1,1
5020,77,83,-6,6
5021,98,90,8,8
5022,83,73,10,10
5023,88,79,9,9
5024,122,110,12,12
5025,87,84,3,3
5026,107,108,-1,1
5027,75,82,-7,7
5028,89,93,-4,4
5029,124,132,-8,8
5030,105,105,0,0
5031,62,59,3,3
5032,125,112,13,13
5033,94,93,1,1
5034,91,97,-6,6
5035,74,88,-14,14
5036,82,95,-13,13
5037,60,59,1,1
5038,69,71,-2,2
5039,132,128,4,4
5040,76,75,1,1
5041,169,171,-2,2
5042,101,103,-2,2
5043,167,166,1,1
5044,79,81,-2,2
5045,78,90,-12,12
5046,61,61,0,0
5047,137,125,12,12
5048,116,107,9,9
5049,77,85,-8,8
5050,76,76,0,0
5051,157,168,-11,11
5052,90,102,-12,12
5053,79,72,7,7
5054,131,117,14,14
5055,118,108,10,10
5056,110,100,10,10
5057,151,139,12,12
5058,159,162,-3,3
5059,95,99,-4,4
5060,78,76,2,2
5061,107,116,-9,9
5062,131,129,2,2
5063,87,94,-7,7
5064,42,45,-3,3
5065,66,71,-5,5
5066,101,102,-1,1
5067,140,135,5,5
5068,66,63,3,3
5069,43,46,-3,3
5070,100,99,1,1
5071,120,107,13,13
5072,76,62,14,14
5073,121,130,-9,9
5074,78,80,-2,2
5075,121,120,1,1
5076,51,57,-6,6
5077,101,107,-6,6
5078,136,137,-1,1
5079,107,118,-11,11
5080,106,109,-3,3
5081,116,109,7,7
5082,89,91,-2,2
5083,65,66,-1,1
5084,154,147,7,7
5085,130,122,8,8
5086,98,89,9,9
5087,75,91,-16,16
5088,81,82,-1,1
5089,82,87,-5,5
5090,86,90,-4,4
5091,93,98,-5,5
5092,73,79,-6,6
5093,76,81,-5,5
5094,166,172,-6,6
5095,98,96,2,2
5096,120,106,14,14
5097,67,71,-4,4
5098,81,80,1,1
5099,170,170,0,0
5100,40,51,-11,11
5101,101,100,1,1
5102,80,78,2,2
5103,121,105,16,16
5104,58,57,1,1
5105,115,107,8,8
5106,63,62,1,1
5107,87,88,-1,1
5108,148,157,-9,9
5109,102,103,-1,1
5110,79,77,2,2
5111,118,111,7,7
5112,92,92,0,0
5113,110,112,-2,2
5114,131,131,0,0
5115,139,154,-15,15
5116,68,78,-10,10
5117,122,126,-4,4
5118,140,134,6,6
5119,124,122,2,2
5120,103,94,9,9
5121,59,74,-15,15
5122,80,83,-3,3
5123,131,127,4,4
5124,104,99,5,5
5125,155,146,9,9
5126,89,91,-2,2
5127,68,83,-15,15
5128,79,80,-1,1
5129,110,109,1,1
5130,54,56,-2,2
5131,121,136,-15,15
5132,101,106,-5,5
5133,109,117,-8,8
5134,100,99,1,1
5135,132,131,1,1
5136,71,76,-5,5
5137,89,89,0,0
5138,92,91,1,1
5139,91,89,2,2
5140,117,108,9,9
5141,100,99,1,1
5142,118,111,7,7
5143,160,139,21,21
5144,121,113,8,8
5145,88,97,-9,9
5146,152,152,0,0
5147,56,57,-1,1
5148,51,72,-21,21
5149,110,94,16,16
5150,79,80,-1,1
5151,68,78,-10,10
5152,52,56,-4,4
5153,129,135,-6,6
5154,81,76,5,5
5155,39,44,-5,5
5156,55,116,-61,61
5157,53,57,-4,4
5158,92,96,-4,4
5159,72,75,-3,3
5160,103,105,-2,2
5161,141,130,11,11
5162,82,88,-6,6
5163,69,72,-3,3
5164,168,165,3,3
5165,65,71,-6,6
5166,76,80,-4,4
5167,104,100,4,4
5168,89,89,0,0
5169,101,105,-4,4
5170,53,61,-8,8
5171,105,101,4,4
5172,90,79,11,11
5173,116,112,4,4
5174,137,134,3,3
5175,126,116,10,10
5176,43,41,2,2
5177,65,74,-9,9
5178,76,78,-2,2
5179,104,100,4,4
5180,88,82,6,6
5181,75,73,2,2
5182,82,83,-1,1
5183,40,72,-32,32
5184,77,76,1,1
5185,66,66,0,0
5186,154,139,15,15
5187,86,83,3,3
5188,112,121,-9,9
5189,93,97,-4,4
5190,130,150,-20,20
5191,177,171,6,6
5192,148,140,8,8
5193,80,84,-4,4
5194,58,55,3,3
5195,115,110,5,5
5196,118,113,5,5
5197,66,62,4,4
5198,161,157,4,4
5199,80,86,-6,6
5200,105,101,4,4
5201,56,54,2,2
5202,66,67,-1,1
5203,93,93,0,0
5204,105,99,6,6
5205,96,93,3,3
5206,62,63,-1,1
5207,68,76,-8,8
5208,83,78,5,5
5209,110,108,2,2
5210,109,114,-5,5
5211,147,139,8,8
5212,68,62,6,6
5213,121,112,9,9
5214,128,137,-9,9
5215,136,138,-2,2
5216,110,103,7,7
5217,84,77,7,7
5218,93,93,0,0
5219,68,74,-6,6
5220,88,90,-2,2
5221,89,94,-5,5
5222,134,140,-6,6
5223,128,127,1,1
5224,79,80,-1,1
5225,66,66,0,0
5226,58,52,6,6
5227,58,75,-17,17
5228,69,71,-2,2
5229,56,57,-1,1
5230,85,89,-4,4
5231,73,74,-1,1
5232,97,93,4,4
5233,100,86,14,14
5234,82,71,11,11
5235,65,65,0,0
5236,90,99,-9,9
5237,66,82,-16,16
5238,58,58,0,0
5239,62,98,-36,36
5240,50,52,-2,2
5241,84,78,6,6
5242,82,84,-2,2
5243,147,156,-9,9
5244,91,84,7,7
5245,95,92,3,3
5246,121,119,2,2
5247,56,61,-5,5
5248,54,52,2,2
5249,103,104,-1,1
5250,86,73,13,13
5251,85,78,7,7
5252,97,82,15,15
5253,92,79,13,13
5254,59,61,-2,2
5255,115,113,2,2
5256,116,116,0,0
5257,101,100,1,1
5258,120,99,21,21
5259,164,151,13,13
5260,55,49,6,6
5261,91,95,-4,4
5262,75,81,-6,6
5263,121,126,-5,5
5264,57,58,-1,1
5265,38,51,-13,13
5266,92,84,8,8
5267,67,65,2,2
5268,120,119,1,1
5269,83,83,0,0
5270,138,142,-4,4
5271,169,161,8,8
5272,59,66,-7,7
5273,47,54,-7,7
5274,46,44,2,2
5275,123,133,-10,10
5276,142,142,0,0
5277,80,87,-7,7
5278,31,39,-8,8
5279,128,130,-2,2
5280,112,104,8,8
5281,98,107,-9,9
5282,55,59,-4,4
5283,110,101,9,9
5284,91,95,-4,4
5285,112,96,16,16
5286,115,114,1,1
5287,73,71,2,2
5288,106,104,2,2
5289,93,88,5,5
5290,166,168,-2,2
5291,128,140,-12,12
5292,112,111,1,1
5293,89,84,5,5
5294,74,73,1,1
5295,106,122,-16,16
5296,72,74,-2,2
5297,78,77,1,1
5298,92,92,0,0
5299,140,133,7,7
5300,103,98,5,5
5301,102,115,-13,13
5302,63,75,-12,12
5303,169,162,7,7
5304,78,77,1,1
5305,132,127,5,5
5306,50,42,8,8
5307,127,118,9,9
5308,138,114,24,24
5309,61,55,6,6
5310,87,91,-4,4
5311,109,117,-8,8
5312,77,77,0,0
5313,92,106,-14,14
5314,84,78,6,6
5315,140,127,13,13
5316,79,85,-6,6
5317,87,85,2,2
5318,76,76,0,0
5319,54,51,3,3
5320,77,87,-10,10
5321,28,59,-31,31
5322,85,68,17,17
5323,41,44,-3,3
5324,78,84,-6,6
5325,117,109,8,8
5326,99,101,-2,2
5327,130,131,-1,1
5328,58,61,-3,3
5329,76,73,3,3
5330,72,75,-3,3
5331,72,71,1,1
5332,130,120,10,10
5333,85,91,-6,6
5334,74,78,-4,4
5335,117,101,16,16
5336,105,111,-6,6
5337,114,113,1,1
5338,94,98,-4,4
5339,127,126,1,1
5340,100,94,6,6
5341,100,104,-4,4
5342,114,110,4,4
5343,137,150,-13,13
5344,141,135,6,6
5345,186,179,7,7
5346,49,52,-3,3
5347,71,74,-3,3
5348,144,144,0,0
5349,108,87,21,21
5350,102,92,10,10
5351,129,126,3,3
5352,123,117,6,6
5353,48,52,-4,4
5354,70,70,0,0
5355,81,81,0,0
5356,72,76,-4,4
5357,76,78,-2,2
5358,114,128,-14,14
5359,130,126,4,4
5360,113,124,-11,11
5361,57,60,-3,3
5362,77,78,-1,1
5363,117,118,-1,1
5364,79,75,4,4
5365,87,95,-8,8
5366,99,100,-1,1
5367,211,207,4,4
5368,92,84,8,8
5369,119,113,6,6
5370,54,59,-5,5
5371,111,105,6,6
5372,67,66,1,1
5373,185,192,-7,7
5374,68,80,-12,12
5375,190,173,17,17
5376,124,122,2,2
5377,80,90,-10,10
5378,78,75,3,3
5379,92,108,-16,16
5380,70,67,3,3
5381,51,66,-15,15
5382,89,90,-1,1
5383,82,88,-6,6
5384,83,83,0,0
5385,204,194,10,10
5386,114,112,2,2
5387,62,62,0,0
5388,100,89,11,11
5389,143,163,-20,20
5390,89,86,3,3
5391,123,134,-11,11
5392,150,149,1,1
5393,135,113,22,22
5394,114,120,-6,6
5395,94,103,-9,9
5396,158,153,5,5
5397,58,67,-9,9
5398,94,107,-13,13
5399,59,60,-1,1
5400,81,95,-14,14
5401,70,70,0,0
5402,79,79,0,0
5403,49,54,-5,5
5404,85,79,6,6
5405,85,83,2,2
5406,55,55,0,0
5407,97,101,-4,4
5408,95,97,-2,2
5409,129,127,2,2
5410,53,58,-5,5
5411,109,112,-3,3
5412,92,89,3,3
5413,122,102,20,20
5414,102,106,-4,4
5415,98,113,-15,15
5416,68,76,-8,8
5417,108,101,7,7
5418,92,87,5,5
5419,95,93,2,2
5420,65,64,1,1
5421,27,35,-8,8
5422,62,62,0,0
5423,109,108,1,1
5424,72,73,-1,1
5425,58,59,-1,1
5426,121,110,11,11
5427,101,98,3,3
5428,63,66,-3,3
5429,38,42,-4,4
5430,145,145,0,0
5431,103,106,-3,3
5432,215,245,-30,30
5433,122,117,5,5
5434,90,97,-7,7
5435,67,64,3,3
5436,98,105,-7,7
5437,106,115,-9,9
5438,119,122,-3,3
5439,93,95,-2,2
5440,48,60,-12,12
5441,87,86,1,1
5442,108,116,-8,8
5443,72,64,8,8
5444,124,123,1,1
5445,114,116,-2,2
5446,43,47,-4,4
5447,109,106,3,3
5448,99,108,-9,9
5449,116,110,6,6
5450,72,89,-17,17
5451,122,134,-12,12
5452,98,99,-1,1
5453,144,158,-14,14
5454,78,71,7,7
5455,70,65,5,5
5456,114,108,6,6
5457,137,138,-1,1
5458,113,107,6,6
5459,115,104,11,11
5460,85,85,0,0
5461,63,57,6,6
5462,114,121,-7,7
5463,88,90,-2,2
5464,125,114,11,11
5465,116,119,-3,3
5466,150,124,26,26
5467,78,78,0,0
5468,75,72,3,3
5469,81,86,-5,5
5470,116,130,-14,14
5471,64,60,4,4
5472,93,95,-2,2
5473,96,89,7,7
5474,147,149,-2,2
5475,77,77,0,0
5476,139,140,-1,1
5477,64,59,5,5
5478,82,78,4,4
5479,70,67,3,3
5480,142,142,0,0
5481,99,94,5,5
5482,64,66,-2,2
5483,80,89,-9,9
5484,69,63,6,6
5485,64,65,-1,1
5486,99,104,-5,5
5487,120,105,15,15
5488,80,77,3,3
5489,145,148,-3,3
5490,161,160,1,1
5491,86,92,-6,6
5492,123,125,-2,2
5493,91,88,3,3
5494,147,143,4,4
5495,92,89,3,3
5496,79,84,-5,5
5497,144,134,10,10
5498,72,72,0,0
5499,91,104,-13,13
5500,162,161,1,1
5501,76,84,-8,8
5502,82,86,-4,4
5503,63,70,-7,7
5504,71,72,-1,1
5505,74,76,-2,2
5506,152,143,9,9
5507,102,106,-4,4
5508,70,65,5,5
5509,46,50,-4,4
5510,85,101,-16,16
5511,81,84,-3,3
5512,85,86,-1,1
5513,108,99,9,9
5514,124,122,2,2
5515,81,84,-3,3
5516,97,127,-30,30
5517,137,140,-3,3
5518,125,122,3,3
5519,90,97,-7,7
5520,83,79,4,4
5521,89,93,-4,4
5522,124,115,9,9
5523,101,90,11,11
5524,103,107,-4,4
5525,61,60,1,1
5526,85,76,9,9
5527,102,108,-6,6
5528,83,98,-15,15
5529,91,97,-6,6
5530,131,111,20,20
5531,150,143,7,7
5532,107,108,-1,1
5533,115,118,-3,3
5534,126,123,3,3
5535,129,127,2,2
5536,95,90,5,5
5537,143,134,9,9
5538,115,119,-4,4
5539,85,84,1,1
5540,164,158,6,6
5541,95,97,-2,2
5542,137,148,-11,11
5543,121,118,3,3
5544,83,82,1,1
5545,115,125,-10,10
5546,154,160,-6,6
5547,115,117,-2,2
5548,88,81,7,7
5549,116,121,-5,5
5550,119,100,19,19
5551,30,41,-11,11
5552,100,91,9,9
5553,132,140,-8,8
5554,186,178,8,8
5555,82,86,-4,4
5556,176,151,25,25
5557,107,105,2,2
5558,89,82,7,7
5559,94,96,-2,2
5560,51,46,5,5
5561,138,142,-4,4
5562,78,80,-2,2
5563,59,61,-2,2
5564,58,57,1,1
5565,67,66,1,1
5566,79,73,6,6
5567,54,55,-1,1
5568,62,62,0,0
5569,83,81,2,2
5570,75,80,-5,5
5571,115,114,1,1
5572,114,120,-6,6
5573,126,115,11,11
5574,88,104,-16,16
5575,69,64,5,5
5576,38,53,-15,15
5577,71,68,3,3
5578,66,62,4,4
5579,62,62,0,0
5580,75,67,8,8
5581,59,56,3,3
5582,97,106,-9,9
5583,81,93,-12,12
5584,69,81,-12,12
5585,81,76,5,5
5586,101,100,1,1
5587,97,91,6,6
5588,60,72,-12,12
5589,119,114,5,5
5590,113,146,-33,33
5591,130,118,12,12
5592,61,71,-10,10
5593,166,160,6,6
5594,51,55,-4,4
5595,140,139,1,1
5596,109,117,-8,8
5597,115,120,-5,5
5598,112,107,5,5
5599,89,90,-1,1
5600,65,64,1,1
5601,97,101,-4,4
5602,81,89,-8,8
5603,59,59,0,0
5604,52,51,1,1
5605,74,85,-11,11
5606,76,78,-2,2
5607,111,79,32,32
5608,112,113,-1,1
5609,66,69,-3,3
5610,96,91,5,5
5611,61,64,-3,3
5612,162,156,6,6
5613,120,114,6,6
5614,68,86,-18,18
5615,61,74,-13,13
5616,110,109,1,1
5617,114,123,-9,9
5618,41,45,-4,4
5619,63,56,7,7
5620,77,75,2,2
5621,92,87,5,5
5622,80,77,3,3
5623,40,46,-6,6
5624,56,60,-4,4
5625,72,75,-3,3
5626,123,112,11,11
5627,77,76,1,1
5628,107,111,-4,4
5629,112,112,0,0
5630,72,79,-7,7
5631,99,105,-6,6
5632,118,116,2,2
5633,77,72,5,5
5634,139,137,2,2
5635,84,84,0,0
5636,62,67,-5,5
5637,100,98,2,2
5638,80,79,1,1
5639,91,96,-5,5
5640,113,108,5,5
5641,45,45,0,0
5642,71,63,8,8
5643,122,110,12,12
5644,53,54,-1,1
5645,78,94,-16,16
5646,65,76,-11,11
5647,40,50,-10,10
5648,136,130,6,6
5649,120,114,6,6
5650,104,114,-10,10
5651,85,83,2,2
5652,89,86,3,3
5653,84,89,-5,5
5654,80,90,-10,10
5655,119,125,-6,6
5656,105,104,1,1
5657,61,72,-11,11
5658,53,59,-6,6
5659,69,73,-4,4
5660,83,82,1,1
5661,122,107,15,15
5662,88,88,0,0
5663,88,81,7,7
5664,104,109,-5,5
5665,94,93,1,1
5666,133,133,0,0
5667,53,62,-9,9
5668,73,77,-4,4
5669,92,92,0,0
5670,92,88,4,4
5671,91,90,1,1
5672,82,85,-3,3
5673,87,92,-5,5
5674,135,130,5,5
5675,126,127,-1,1
5676,94,91,3,3
5677,55,57,-2,2
5678,104,97,7,7
5679,127,127,0,0
5680,135,138,-3,3
5681,145,133,12,12
5682,99,106,-7,7
5683,96,103,-7,7
5684,103,90,13,13
5685,32,39,-7,7
5686,74,76,-2,2
5687,109,97,12,12
5688,59,63,-4,4
5689,101,99,2,2
5690,69,65,4,4
5691,71,83,-12,12
5692,101,96,5,5
5693,129,135,-6,6
5694,114,115,-1,1
5695,73,73,0,0
5696,179,163,16,16
5697,81,82,-1,1
5698,127,119,8,8
5699,129,132,-3,3
5700,57,51,6,6
5701,50,56,-6,6
5702,80,65,15,15
5703,116,115,1,1
5704,93,86,7,7
5705,164,147,17,17
5706,43,49,-6,6
5707,96,109,-13,13
5708,88,79,9,9
5709,66,59,7,7
5710,97,102,-5,5
5711,86,87,-1,1
5712,83,93,-10,10
5713,87,87,0,0
5714,61,66,-5,5
5715,81,84,-3,3
5716,164,162,2,2
5717,138,132,6,6
5718,115,121,-6,6
5719,86,87,-1,1
5720,118,142,-24,24
5721,67,70,-3,3
5722,87,94,-7,7
5723,74,67,7,7
5724,51,50,1,1
5725,67,63,4,4
5726,84,81,3,3
5727,94,90,4,4
5728,69,69,0,0
5729,115,121,-6,6
5730,48,48,0,0
5731,77,73,4,4
5732,81,78,3,3
5733,110,119,-9,9
5734,74,91,-17,17
5735,54,63,-9,9
5736,84,85,-1,1
5737,70,75,-5,5
5738,64,65,-1,1
5739,80,88,-8,8
5740,78,73,5,5
5741,83,95,-12,12
5742,81,77,4,4
5743,34,38,-4,4
5744,149,167,-18,18
5745,50,51,-1,1
5746,57,57,0,0
5747,75,76,-1,1
5748,139,126,13,13
5749,48,49,-1,1
5750,61,66,-5,5
5751,96,90,6,6
5752,64,60,4,4
5753,90,91,-1,1
5754,81,78,3,3
5755,119,130,-11,11
5756,129,130,-1,1
5757,111,118,-7,7
5758,79,83,-4,4
5759,107,105,2,2
5760,77,84,-7,7
5761,67,66,1,1
5762,103,95,8,8
5763,60,61,-1,1
5764,115,119,-4,4
5765,62,58,4,4
5766,71,76,-5,5
5767,67,78,-11,11
5768,46,48,-2,2
5769,52,54,-2,2
5770,55,56,-1,1
5771,95,91,4,4
5772,119,105,14,14
5773,156,168,-12,12
5774,89,83,6,6
5775,130,112,18,18
5776,149,145,4,4
5777,53,70,-17,17
5778,103,101,2,2
5779,181,165,16,16
5780,88,89,-1,1
5781,91,89,2,2
5782,79,72,7,7
5783,64,79,-15,15
5784,85,93,-8,8
5785,45,47,-2,2
5786,72,71,1,1
5787,118,114,4,4
5788,54,52,2,2
5789,98,100,-2,2
5790,79,84,-5,5
5791,63,62,1,1
5792,27,34,-7,7
5793,142,141,1,1
5794,67,65,2,2
5795,146,144,2,2
5796,80,88,-8,8
5797,68,81,-13,13
5798,92,99,-7,7
5799,48,51,-3,3
5800,117,103,14,14
5801,98,100,-2,2
5802,73,75,-2,2
5803,84,83,1,1
5804,95,91,4,4
5805,120,122,-2,2
5806,151,165,-14,14
5807,50,49,1,1
5808,93,93,0,0
5809,150,151,-1,1
5810,65,78,-13,13
5811,76,79,-3,3
5812,69,68,1,1
5813,91,89,2,2
5814,81,85,-4,4
5815,92,89,3,3
5816,127,145,-18,18
5817,100,97,3,3
5818,98,102,-4,4
5819,109,108,1,1
5820,69,75,-6,6
5821,94,103,-9,9
5822,156,146,10,10
5823,82,94,-12,12
5824,62,75,-13,13
5825,56,57,-1,1
5826,44,49,-5,5
5827,134,105,29,29
5828,75,72,3,3
5829,88,93,-5,5
5830,63,71,-8,8
5831,106,109,-3,3
5832,121,111,10,10
5833,94,102,-8,8
5834,89,96,-7,7
5835,45,52,-7,7
5836,76,80,-4,4
5837,85,89,-4,4
5838,129,141,-12,12
5839,113,113,0,0
5840,127,123,4,4
5841,129,153,-24,24
5842,92,91,1,1
5843,60,56,4,4
5844,91,78,13,13
5845,90,85,5,5
5846,143,144,-1,1
5847,79,78,1,1
5848,118,167,-49,49
5849,65,66,-1,1
5850,88,78,10,10
5851,102,105,-3,3
5852,67,70,-3,3
5853,104,100,4,4
5854,164,166,-2,2
5855,145,144,1,1
5856,51,47,4,4
5857,35,38,-3,3
5858,125,122,3,3
5859,78,82,-4,4
5860,110,107,3,3
5861,133,134,-1,1
5862,92,94,-2,2
5863,89,95,-6,6
5864,66,66,0,0
5865,96,100,-4,4
5866,74,73,1,1
5867,21,28,-7,7
5868,52,55,-3,3
5869,49,51,-2,2
5870,133,144,-11,11
5871,56,59,-3,3
5872,48,50,-2,2
5873,53,46,7,7
5874,86,90,-4,4
5875,81,95,-14,14
5876,139,143,-4,4
5877,111,125,-14,14
5878,118,126,-8,8
5879,61,61,0,0
5880,88,97,-9,9
5881,58,60,-2,2
5882,91,85,6,6
5883,110,110,0,0
5884,118,94,24,24
5885,109,102,7,7
5886,52,53,-1,1
5887,69,73,-4,4
5888,144,131,13,13
5889,87,84,3,3
5890,153,138,15,15
5891,49,57,-8,8
5892,106,113,-7,7
5893,85,84,1,1
5894,95,94,1,1
5895,99,98,1,1
5896,154,160,-6,6
5897,64,80,-16,16
5898,74,73,1,1
5899,94,87,7,7
5900,83,64,19,19
5901,66,66,0,0
5902,48,54,-6,6
5903,87,99,-12,12
5904,28,46,-18,18
5905,63,60,3,3
5906,117,117,0,0
5907,169,167,2,2
5908,54,53,1,1
5909,118,119,-1,1
5910,77,73,4,4
5911,87,88,-1,1
5912,259,242,17,17
5913,116,124,-8,8
5914,141,137,4,4
5915,63,74,-11,11
5916,194,179,15,15
5917,58,71,-13,13
5918,117,118,-1,1
5919,101,101,0,0
5920,128,128,0,0
5921,99,88,11,11
5922,122,109,13,13
5923,146,144,2,2
5924,117,104,13,13
5925,85,88,-3,3
5926,156,153,3,3
5927,85,83,2,2
5928,149,159,-10,10
5929,62,66,-4,4
5930,133,137,-4,4
5931,76,79,-3,3
5932,67,69,-2,2
5933,125,150,-25,25
5934,73,67,6,6
5935,106,95,11,11
5936,98,96,2,2
5937,113,113,0,0
5938,151,153,-2,2
5939,91,88,3,3
5940,115,126,-11,11
5941,99,105,-6,6
5942,51,56,-5,5
5943,102,114,-12,12
5944,123,117,6,6
5945,71,65,6,6
5946,116,118,-2,2
5947,118,118,0,0
5948,151,166,-15,15
5949,93,82,11,11
5950,77,78,-1,1
5951,52,51,1,1
5952,88,84,4,4
5953,56,55,1,1
5954,152,167,-15,15
5955,129,135,-6,6
5956,75,84,-9,9
5957,98,99,-1,1
5958,149,152,-3,3
5959,73,72,1,1
5960,96,114,-18,18
5961,145,148,-3,3
5962,88,80,8,8
5963,159,146,13,13
5964,178,168,10,10
5965,81,88,-7,7
5966,142,133,9,9
5967,97,92,5,5
5968,145,147,-2,2
5969,91,90,1,1
5970,85,67,18,18
5971,87,77,10,10
5972,90,81,9,9
5973,68,70,-2,2
5974,94,91,3,3
5975,101,98,3,3
5976,92,80,12,12
5977,71,75,-4,4
5978,113,113,0,0
5979,102,104,-2,2
5980,114,119,-5,5
5981,97,97,0,0
5982,47,57,-10,10
5983,60,60,0,0
5984,135,133,2,2
5985,58,57,1,1
5986,206,186,20,20
5987,68,73,-5,5
5988,42,46,-4,4
5989,73,64,9,9
5990,83,77,6,6
5991,72,66,6,6
5992,111,81,30,30
5993,58,51,7,7
5994,130,143,-13,13
5995,111,112,-1,1
5996,140,151,-11,11
5997,95,99,-4,4
5998,96,98,-2,2
5999,91,88,3,3
6000,79,78,1,1
6001,74,72,2,2
6002,169,158,11,11
6003,117,120,-3,3
6004,78,59,19,19
6005,115,122,-7,7
6006,44,45,-1,1
6007,103,118,-15,15
6008,78,101,-23,23
6009,49,50,-1,1
6010,126,131,-5,5
6011,93,85,8,8
6012,140,143,-3,3
6013,85,88,-3,3
6014,116,128,-12,12
6015,83,76,7,7
6016,96,103,-7,7
6017,143,136,7,7
6018,74,77,-3,3
6019,92,98,-6,6
6020,63,57,6,6
6021,49,57,-8,8
6022,144,145,-1,1
6023,54,54,0,0
6024,116,172,-56,56
6025,66,77,-11,11
6026,56,60,-4,4
6027,56,94,-38,38
6028,107,114,-7,7
6029,140,138,2,2
6030,92,99,-7,7
6031,76,80,-4,4
6032,90,97,-7,7
6033,138,142,-4,4
6034,71,67,4,4
6035,89,101,-12,12
6036,66,59,7,7
6037,60,62,-2,2
6038,116,128,-12,12
6039,179,186,-7,7
6040,90,76,14,14
6041,116,125,-9,9
6042,89,92,-3,3
6043,95,92,3,3
6044,85,80,5,5
6045,53,54,-1,1
6046,166,165,1,1
6047,43,47,-4,4
6048,119,125,-6,6
6049,105,119,-14,14
6050,121,116,5,5
6051,73,73,0,0
6052,67,63,4,4
6053,119,124,-5,5
6054,106,108,-2,2
6055,72,64,8,8
6056,75,72,3,3
6057,70,75,-5,5
6058,143,132,11,11
6059,83,81,2,2
6060,83,76,7,7
6061,46,60,-14,14
6062,47,46,1,1
6063,119,122,-3,3
6064,108,99,9,9
6065,43,55,-12,12
6066,64,59,5,5
6067,83,86,-3,3
6068,141,136,5,5
6069,107,103,4,4
6070,35,53,-18,18
6071,119,119,0,0
6072,88,81,7,7
6073,77,84,-7,7
6074,75,73,2,2
6075,140,139,1,1
6076,66,70,-4,4
6077,121,131,-10,10
6078,47,56,-9,9
6079,68,73,-5,5
6080,112,103,9,9
6081,178,168,10,10
6082,87,96,-9,9
6083,164,152,12,12
6084,79,83,-4,4
6085,71,71,0,0
6086,111,132,-21,21
6087,78,84,-6,6
6088,160,174,-14,14
6089,98,98,0,0
6090,115,160,-45,45
6091,95,108,-13,13
6092,65,62,3,3
6093,159,163,-4,4
6094,85,85,0,0
6095,69,65,4,4
6096,116,119,-3,3
6097,55,57,-2,2
6098,96,98,-2,2
6099,94,87,7,7
6100,72,66,6,6
6101,94,84,10,10
6102,124,135,-11,11
6103,62,62,0,0
6104,79,72,7,7
6105,146,137,9,9
6106,42,48,-6,6
6107,85,81,4,4
6108,100,88,12,12
6109,131,114,17,17
6110,72,80,-8,8
6111,49,50,-1,1
6112,116,111,5,5
6113,102,102,0,0
6114,135,137,-2,2
6115,138,135,3,3
6116,40,59,-19,19
6117,104,101,3,3
6118,99,96,3,3
6119,50,46,4,4
6120,108,108,0,0
6121,106,108,-2,2
6122,93,89,4,4
6123,155,158,-3,3
6124,127,123,4,4
6125,78,79,-1,1
6126,87,90,-3,3
6127,73,74,-1,1
6128,92,95,-3,3
6129,86,86,0,0
6130,117,117,0,0
6131,65,62,3,3
6132,44,40,4,4
6133,142,142,0,0
6134,83,92,-9,9
6135,104,101,3,3
6136,119,105,14,14
6137,112,110,2,2
6138,96,83,13,13
6139,58,62,-4,4
6140,44,47,-3,3
6141,107,113,-6,6
6142,115,116,-1,1
6143,87,94,-7,7
6144,102,102,0,0
6145,89,87,2,2
6146,119,118,1,1
6147,101,101,0,0
6148,55,56,-1,1
6149,92,85,7,7
6150,108,102,6,6
6151,57,55,2,2
6152,119,115,4,4
6153,133,132,1,1
6154,80,84,-4,4
6155,66,70,-4,4
6156,114,108,6,6
6157,111,119,-8,8
6158,140,135,5,5
6159,108,88,20,20
6160,89,99,-10,10
6161,88,79,9,9
6162,76,84,-8,8
6163,80,82,-2,2
6164,98,87,11,11
6165,73,71,2,2
6166,136,133,3,3
6167,50,49,1,1
6168,88,99,-11,11
6169,69,72,-3,3
6170,151,147,4,4
6171,66,62,4,4
6172,73,71,2,2
6173,65,63,2,2
6174,72,78,-6,6
6175,52,53,-1,1
6176,108,93,15,15
6177,86,83,3,3
6178,34,48,-14,14
6179,183,188,-5,5
6180,54,50,4,4
6181,122,130,-8,8
6182,64,66,-2,2
6183,75,77,-2,2
6184,105,95,10,10
6185,65,70,-5,5
6186,84,94,-10,10
6187,101,103,-2,2
6188,117,114,3,3
6189,148,151,-3,3
6190,66,65,1,1
6191,106,115,-9,9
6192,147,131,16,16
6193,108,116,-8,8
6194,133,107,26,26
6195,42,47,-5,5
6196,67,62,5,5
6197,117,111,6,6
6198,127,137,-10,10
6199,84,82,2,2
6200,72,70,2,2
6201,77,73,4,4
6202,83,78,5,5
6203,77,90,-13,13
6204,133,133,0,0
6205,61,71,-10,10
6206,75,85,-10,10
6207,81,78,3,3
6208,95,93,2,2
6209,115,115,0,0
6210,106,99,7,7
6211,85,78,7,7
6212,89,88,1,1
6213,103,104,-1,1
6214,78,75,3,3
6215,83,82,1,1
6216,128,116,12,12
6217,64,70,-6,6
6218,87,84,3,3
6219,108,96,12,12
6220,108,107,1,1
6221,77,75,2,2
6222,65,75,-10,10
6223,56,55,1,1
6224,69,60,9,9
6225,83,87,-4,4
6226,93,101,-8,8
6227,85,88,-3,3
6228,177,179,-2,2
6229,52,52,0,0
6230,35,40,-5,5
6231,128,118,10,10
6232,98,97,1,1
6233,83,82,1,1
6234,67,64,3,3
6235,102,103,-1,1
6236,115,117,-2,2
6237,103,96,7,7
6238,99,102,-3,3
6239,100,101,-1,1
6240,148,131,17,17
6241,67,66,1,1
6242,131,131,0,0
6243,76,76,0,0
6244,91,90,1,1
6245,110,94,16,16
6246,133,137,-4,4
6247,77,99,-22,22
6248,151,153,-2,2
6249,130,139,-9,9
6250,80,85,-5,5
6251,86,87,-1,1
6252,117,129,-12,12
6253,72,71,1,1
6254,104,110,-6,6
6255,108,101,7,7
6256,103,111,-8,8
6257,57,61,-4,4
6258,30,36,-6,6
6259,70,73,-3,3
6260,93,107,-14,14
6261,75,72,3,3
6262,46,49,-3,3
6263,169,139,30,30
6264,88,86,2,2
6265,71,76,-5,5
6266,97,102,-5,5
6267,133,124,9,9
6268,77,82,-5,5
6269,93,96,-3,3
6270,52,63,-11,11
6271,124,138,-14,14
6272,60,90,-30,30
6273,53,60,-7,7
6274,98,98,0,0
6275,105,91,14,14
6276,92,87,5,5
6277,106,100,6,6
6278,55,55,0,0
6279,94,100,-6,6
6280,94,86,8,8
6281,67,71,-4,4
6282,109,98,11,11
6283,61,64,-3,3
6284,49,56,-7,7
6285,99,94,5,5
6286,109,104,5,5
6287,73,71,2,2
6288,107,106,1,1
6289,82,81,1,1
6290,122,121,1,1
6291,50,48,2,2
6292,102,96,6,6
6293,99,96,3,3
6294,40,40,0,0
6295,61,58,3,3
6296,94,98,-4,4
6297,55,60,-5,5
6298,66,64,2,2
6299,58,66,-8,8
6300,139,152,-13,13
6301,104,90,14,14
6302,74,71,3,3
6303,77,71,6,6
6304,77,73,4,4
6305,91,91,0,0
6306,74,72,2,2
6307,63,62,1,1
6308,56,55,1,1
6309,103,114,-11,11
6310,83,85,-2,2
6311,69,76,-7,7
6312,165,156,9,9
6313,109,111,-2,2
6314,93,82,11,11
6315,123,124,-1,1
6316,142,141,1,1
6317,71,66,5,5
6318,102,104,-2,2
6319,81,82,-1,1
6320,178,158,20,20
6321,75,68,7,7
6322,68,73,-5,5
6323,135,130,5,5
6324,103,108,-5,5
6325,108,112,-4,4
6326,62,76,-14,14
6327,95,103,-8,8
6328,114,105,9,9
6329,120,121,-1,1
6330,124,132,-8,8
6331,90,93,-3,3
6332,29,37,-8,8
6333,69,74,-5,5
6334,61,72,-11,11
6335,85,82,3,3
6336,83,93,-10,10
6337,122,114,8,8
6338,148,141,7,7
6339,108,101,7,7
6340,96,102,-6,6
6341,75,79,-4,4
6342,101,113,-12,12
6343,81,77,4,4
6344,98,102,-4,4
6345,95,93,2,2
6346,100,98,2,2
6347,96,105,-9,9
6348,161,177,-16,16
6349,84,82,2,2
6350,55,56,-1,1
6351,59,65,-6,6
6352,124,126,-2,2
6353,137,137,0,0
6354,118,115,3,3
6355,144,128,16,16
6356,182,178,4,4
6357,126,122,4,4
6358,127,120,7,7
6359,111,111,0,0
6360,92,94,-2,2
6361,106,103,3,3
6362,74,79,-5,5
6363,68,84,-16,16
6364,108,117,-9,9
6365,95,87,8,8
6366,103,108,-5,5
6367,81,85,-4,4
6368,86,89,-3,3
6369,170,157,13,13
6370,50,52,-2,2
6371,51,55,-4,4
6372,94,87,7,7
6373,146,161,-15,15
6374,74,76,-2,2
6375,100,92,8,8
6376,128,115,13,13
6377,74,66,8,8
6378,108,109,-1,1
6379,77,82,-5,5
6380,63,67,-4,4
6381,50,47,3,3
6382,109,104,5,5
6383,52,55,-3,3
6384,68,81,-13,13
6385,90,96,-6,6
6386,80,88,-8,8
6387,55,65,-10,10
6388,103,95,8,8
6389,84,86,-2,2
6390,90,83,7,7
6391,66,76,-10,10
6392,167,165,2,2
6393,82,82,0,0
6394,73,71,2,2
6395,86,93,-7,7
6396,71,75,-4,4
6397,80,84,-4,4
6398,92,95,-3,3
6399,117,107,10,10
6400,51,61,-10,10
6401,94,99,-5,5
6402,84,85,-1,1
6403,135,139,-4,4
6404,66,73,-7,7
6405,151,150,1,1
6406,92,94,-2,2
6407,102,102,0,0
6408,116,106,10,10
6409,50,61,-11,11
6410,88,92,-4,4
6411,119,118,1,1
6412,107,114,-7,7
6413,93,100,-7,7
6414,142,136,6,6
6415,52,53,-1,1
6416,115,119,-4,4
6417,52,53,-1,1
6418,56,55,1,1
6419,152,135,17,17
6420,83,74,9,9
6421,62,62,0,0
6422,64,75,-11,11
6423,119,113,6,6
6424,157,139,18,18
6425,51,60,-9,9
6426,118,121,-3,3
6427,58,65,-7,7
6428,94,92,2,2
6429,45,49,-4,4
6430,120,112,8,8
6431,88,88,0,0
6432,84,92,-8,8
6433,131,133,-2,2
6434,98,94,4,4
6435,50,50,0,0
6436,88,86,2,2
6437,101,115,-14,14
6438,78,73,5,5
6439,40,63,-23,23
6440,103,113,-10,10
6441,96,89,7,7
6442,83,81,2,2
6443,93,92,1,1
6444,82,73,9,9
6445,103,100,3,3
6446,41,62,-21,21
6447,39,47,-8,8
6448,60,54,6,6
6449,137,133,4,4
6450,46,44,2,2
6451,51,55,-4,4
6452,82,85,-3,3
6453,131,120,11,11
6454,66,75,-9,9
6455,76,71,5,5
6456,204,195,9,9
6457,106,107,-1,1
6458,72,67,5,5
6459,145,149,-4,4
6460,80,78,2,2
6461,89,95,-6,6
6462,148,155,-7,7
6463,141,127,14,14
6464,59,63,-4,4
6465,51,45,6,6
6466,88,86,2,2
6467,77,78,-1,1
6468,103,117,-14,14
6469,94,87,7,7
6470,92,84,8,8
6471,82,77,5,5
6472,89,99,-10,10
6473,72,75,-3,3
6474,135,129,6,6
6475,135,127,8,8
6476,85,84,1,1
6477,63,66,-3,3
6478,173,169,4,4
6479,108,108,0,0
6480,141,125,16,16
6481,85,88,-3,3
6482,144,144,0,0
6483,66,65,1,1
6484,86,91,-5,5
6485,84,78,6,6
6486,107,98,9,9
6487,60,61,-1,1
6488,62,71,-9,9
6489,174,180,-6,6
6490,68,60,8,8
6491,74,79,-5,5
6492,67,65,2,2
6493,72,65,7,7
6494,117,110,7,7
6495,93,120,-27,27
6496,69,79,-10,10
6497,75,78,-3,3
6498,84,82,2,2
6499,101,104,-3,3
6500,78,79,-1,1
6501,202,199,3,3
6502,97,111,-14,14
6503,79,81,-2,2
6504,97,108,-11,11
6505,60,68,-8,8
6506,58,55,3,3
6507,113,123,-10,10
6508,63,64,-1,1
6509,79,80,-1,1
6510,94,96,-2,2
6511,129,130,-1,1
6512,142,143,-1,1
6513,96,97,-1,1
6514,83,75,8,8
6515,137,131,6,6
6516,99,92,7,7
6517,92,96,-4,4
6518,92,104,-12,12
6519,69,66,3,3
6520,126,143,-17,17
6521,148,160,-12,12
6522,90,92,-2,2
6523,94,88,6,6
6524,111,112,-1,1
6525,86,94,-8,8
6526,49,55,-6,6
6527,124,119,5,5
6528,107,112,-5,5
6529,129,127,2,2
6530,58,52,6,6
6531,70,70,0,0
6532,70,77,-7,7
6533,91,84,7,7
6534,86,75,11,11
6535,102,106,-4,4
6536,83,86,-3,3
6537,119,121,-2,2
6538,76,78,-2,2
6539,49,49,0,0
6540,94,80,14,14
6541,124,107,17,17
6542,65,64,1,1
6543,96,111,-15,15
6544,170,170,0,0
6545,68,74,-6,6
6546,28,31,-3,3
6547,135,141,-6,6
6548,151,133,18,18
6549,80,87,-7,7
6550,79,97,-18,18
6551,68,81,-13,13
6552,118,107,11,11
6553,73,72,1,1
6554,104,117,-13,13
6555,147,135,12,12
6556,91,103,-12,12
6557,147,133,14,14
6558,55,62,-7,7
6559,66,66,0,0
6560,121,116,5,5
6561,70,72,-2,2
6562,107,105,2,2
6563,153,153,0,0
6564,124,127,-3,3
6565,59,68,-9,9
6566,90,89,1,1
6567,57,66,-9,9
6568,129,117,12,12
6569,98,105,-7,7
6570,152,144,8,8
6571,55,61,-6,6
6572,93,70,23,23
6573,61,59,2,2
6574,135,131,4,4
6575,72,65,7,7
6576,105,113,-8,8
6577,65,93,-28,28
6578,91,89,2,2
6579,117,112,5,5
6580,85,93,-8,8
6581,125,119,6,6
6582,57,66,-9,9
6583,151,141,10,10
6584,68,74,-6,6
6585,104,115,-11,11
6586,53,58,-5,5
6587,88,88,0,0
6588,91,88,3,3
6589,184,158,26,26
6590,99,97,2,2
6591,189,171,18,18
6592,186,173,13,13
6593,125,116,9,9
6594,62,73,-11,11
6595,103,104,-1,1
6596,183,186,-3,3
6597,62,57,5,5
6598,66,65,1,1
6599,73,67,6,6
6600,114,112,2,2
6601,123,130,-7,7
6602,108,93,15,15
6603,115,109,6,6
6604,124,119,5,5
6605,66,79,-13,13
6606,104,85,19,19
6607,75,79,-4,4
6608,108,114,-6,6
6609,81,82,-1,1
6610,82,71,11,11
6611,80,73,7,7
6612,30,38,-8,8
6613,90,87,3,3
6614,62,61,1,1
6615,86,79,7,7
6616,56,56,0,0
6617,95,98,-3,3
6618,100,104,-4,4
6619,102,101,1,1
6620,102,105,-3,3
6621,59,57,2,2
6622,152,139,13,13
6623,163,168,-5,5
6624,143,140,3,3
6625,162,160,2,2
6626,84,86,-2,2
6627,78,82,-4,4
6628,92,98,-6,6
6629,79,84,-5,5
6630,78,75,3,3
6631,120,109,11,11
6632,99,97,2,2
6633,103,92,11,11
6634,76,80,-4,4
6635,80,76,4,4
6636,66,64,2,2
6637,128,127,1,1
6638,85,74,11,11
6639,100,106,-6,6
6640,46,54,-8,8
6641,125,125,0,0
6642,111,117,-6,6
6643,119,117,2,2
6644,59,63,-4,4
6645,55,55,0,0
6646,158,155,3,3
6647,106,116,-10,10
6648,136,139,-3,3
6649,108,102,6,6
6650,124,122,2,2
6651,106,111,-5,5
6652,92,82,10,10
6653,118,125,-7,7
6654,108,104,4,4
6655,114,108,6,6
6656,51,54,-3,3
6657,85,84,1,1
6658,61,88,-27,27
6659,74,74,0,0
6660,67,66,1,1
6661,108,103,5,5
6662,132,131,1,1
6663,78,72,6,6
6664,102,113,-11,11
6665,175,153,22,22
6666,140,138,2,2
6667,93,86,7,7
6668,75,81,-6,6
6669,98,97,1,1
6670,98,89,9,9
6671,119,110,9,9
6672,121,150,-29,29
6673,94,97,-3,3
6674,117,102,15,15
6675,108,114,-6,6
6676,87,108,-21,21
6677,100,97,3,3
6678,88,82,6,6
6679,86,71,15,15
6680,65,67,-2,2
6681,81,80,1,1
6682,89,89,0,0
6683,114,105,9,9
6684,108,109,-1,1
6685,95,86,9,9
6686,100,97,3,3
6687,98,99,-1,1
6688,88,86,2,2
6689,95,94,1,1
6690,92,90,2,2
6691,161,157,4,4
6692,57,55,2,2
6693,89,92,-3,3
6694,67,54,13,13
6695,101,105,-4,4
6696,102,110,-8,8
6697,84,85,-1,1
6698,64,63,1,1
6699,127,130,-3,3
6700,97,99,-2,2
6701,101,103,-2,2
6702,65,71,-6,6
6703,89,85,4,4
6704,70,71,-1,1
6705,67,74,-7,7
6706,169,166,3,3
6707,59,72,-13,13
6708,163,151,12,12
6709,38,43,-5,5
6710,117,114,3,3
6711,53,56,-3,3
6712,52,54,-2,2
6713,120,122,-2,2
6714,80,72,8,8
6715,52,59,-7,7
6716,127,147,-20,20
6717,87,93,-6,6
6718,54,89,-35,35
6719,66,60,6,6
6720,98,91,7,7
6721,112,116,-4,4
6722,56,58,-2,2
6723,114,113,1,1
6724,90,89,1,1
6725,87,90,-3,3
6726,58,63,-5,5
6727,118,117,1,1
6728,96,100,-4,4
6729,102,114,-12,12
6730,84,89,-5,5
6731,111,108,3,3
6732,62,66,-4,4
6733,73,71,2,2
6734,69,72,-3,3
6735,133,128,5,5
6736,87,81,6,6
6737,64,62,2,2
6738,85,89,-4,4
6739,103,97,6,6
6740,86,81,5,5
6741,68,71,-3,3
6742,145,151,-6,6
6743,74,66,8,8
6744,91,99,-8,8
6745,102,95,7,7
6746,128,128,0,0
6747,104,109,-5,5
6748,110,121,-11,11
6749,56,54,2,2
6750,83,86,-3,3
6751,109,115,-6,6
6752,77,73,4,4
6753,164,146,18,18
6754,137,137,0,0
6755,134,126,8,8
6756,172,169,3,3
6757,116,116,0,0
6758,80,79,1,1
6759,50,55,-5,5
6760,168,155,13,13
6761,68,74,-6,6
6762,88,92,-4,4
6763,48,48,0,0
6764,60,58,2,2
6765,135,140,-5,5
6766,75,64,11,11
6767,187,182,5,5
6768,78,74,4,4
6769,117,101,16,16
6770,109,118,-9,9
6771,79,72,7,7
6772,80,81,-1,1
6773,72,74,-2,2
6774,105,108,-3,3
6775,130,140,-10,10
6776,108,117,-9,9
6777,39,47,-8,8
6778,94,101,-7,7
6779,76,84,-8,8
6780,84,86,-2,2
6781,110,125,-15,15
6782,79,78,1,1
6783,129,111,18,18
6784,66,66,0,0
6785,73,75,-2,2
6786,90,84,6,6
6787,69,73,-4,4
6788,76,65,11,11
6789,96,114,-18,18
6790,113,111,2,2
6791,118,119,-1,1
6792,78,76,2,2
6793,92,86,6,6
6794,96,90,6,6
6795,111,120,-9,9
6796,143,155,-12,12
6797,101,100,1,1
6798,99,105,-6,6
6799,110,123,-13,13
6800,105,112,-7,7
6801,79,80,-1,1
6802,80,91,-11,11
6803,54,53,1,1
6804,86,83,3,3
6805,66,75,-9,9
6806,96,91,5,5
6807,151,153,-2,2
6808,78,101,-23,23
6809,82,93,-11,11
6810,93,89,4,4
6811,57,67,-10,10
6812,129,124,5,5
6813,89,86,3,3
6814,83,81,2,2
6815,72,82,-10,10
6816,85,86,-1,1
6817,58,61,-3,3
6818,69,70,-1,1
6819,69,81,-12,12
6820,55,52,3,3
6821,114,105,9,9
6822,145,131,14,14
6823,81,90,-9,9
6824,41,56,-15,15
6825,88,106,-18,18
6826,108,113,-5,5
6827,104,103,1,1
6828,74,65,9,9
6829,111,110,1,1
6830,74,73,1,1
6831,82,80,2,2
6832,129,125,4,4
6833,75,81,-6,6
6834,137,130,7,7
6835,135,132,3,3
6836,93,82,11,11
6837,73,86,-13,13
6838,125,126,-1,1
6839,110,124,-14,14
6840,147,164,-17,17
6841,86,92,-6,6
6842,96,92,4,4
6843,104,102,2,2
6844,110,116,-6,6
6845,80,80,0,0
6846,66,74,-8,8
6847,168,169,-1,1
6848,123,137,-14,14
6849,138,143,-5,5
6850,66,66,0,0
6851,66,64,2,2
6852,143,133,10,10
6853,88,76,12,12
6854,76,86,-10,10
6855,143,151,-8,8
6856,108,102,6,6
6857,74,73,1,1
6858,76,75,1,1
6859,59,61,-2,2
6860,87,83,4,4
6861,113,112,1,1
6862,57,58,-1,1
6863,56,66,-10,10
6864,102,96,6,6
6865,74,78,-4,4
6866,89,93,-4,4
6867,75,84,-9,9
6868,128,132,-4,4
6869,106,115,-9,9
6870,92,85,7,7
6871,138,143,-5,5
6872,75,70,5,5
6873,103,104,-1,1
6874,120,113,7,7
6875,136,128,8,8
6876,72,75,-3,3
6877,128,139,-11,11
6878,128,129,-1,1
6879,150,148,2,2
6880,86,82,4,4
6881,85,84,1,1
6882,62,63,-1,1
6883,76,78,-2,2
6884,123,123,0,0
6885,64,66,-2,2
6886,116,119,-3,3
6887,62,65,-3,3
6888,81,81,0,0
6889,118,112,6,6
6890,117,119,-2,2
6891,123,112,11,11
6892,144,131,13,13
6893,109,109,0,0
6894,79,76,3,3
6895,97,105,-8,8
6896,87,82,5,5
6897,55,55,0,0
6898,65,66,-1,1
6899,103,105,-2,2
6900,90,79,11,11
6901,87,80,7,7
6902,43,46,-3,3
6903,92,90,2,2
6904,147,154,-7,7
6905,106,102,4,4
6906,68,75,-7,7
6907,71,64,7,7
6908,97,99,-2,2
6909,93,96,-3,3
6910,69,87,-18,18
6911,92,96,-4,4
6912,77,84,-7,7
6913,132,132,0,0
6914,87,89,-2,2
6915,118,112,6,6
6916,58,59,-1,1
6917,43,40,3,3
6918,80,86,-6,6
6919,118,113,5,5
6920,107,123,-16,16
6921,132,133,-1,1
6922,86,91,-5,5
6923,114,108,6,6
6924,85,80,5,5
6925,66,68,-2,2
6926,65,63,2,2
6927,84,88,-4,4
6928,122,123,-1,1
6929,74,80,-6,6
6930,154,164,-10,10
6931,93,92,1,1
6932,40,65,-25,25
6933,88,81,7,7
6934,84,87,-3,3
6935,67,67,0,0
6936,113,121,-8,8
6937,110,112,-2,2
6938,217,199,18,18
6939,99,105,-6,6
6940,107,114,-7,7
6941,120,122,-2,2
6942,116,109,7,7
6943,70,82,-12,12
6944,86,85,1,1
6945,89,96,-7,7
6946,75,73,2,2
6947,72,71,1,1
6948,75,76,-1,1
6949,55,64,-9,9
6950,196,202,-6,6
6951,114,108,6,6
6952,142,97,45,45
6953,76,79,-3,3
6954,71,64,7,7
6955,80,87,-7,7
6956,81,76,5,5
6957,106,97,9,9
6958,126,122,4,4
6959,114,118,-4,4
6960,90,89,1,1
6961,134,132,2,2
6962,112,115,-3,3
6963,86,87,-1,1
6964,109,119,-10,10
6965,98,111,-13,13
6966,123,127,-4,4
6967,48,45,3,3
6968,89,89,0,0
6969,141,145,-4,4
6970,122,121,1,1
6971,65,77,-12,12
6972,163,158,5,5
6973,106,101,5,5
6974,145,150,-5,5
6975,65,61,4,4
6976,111,95,16,16
6977,110,115,-5,5
6978,40,43,-3,3
6979,77,76,1,1
6980,81,78,3,3
6981,136,134,2,2
6982,124,134,-10,10
6983,107,113,-6,6
6984,83,83,0,0
6985,137,133,4,4
6986,93,94,-1,1
6987,95,94,1,1
6988,82,92,-10,10
6989,91,92,-1,1
6990,139,125,14,14
6991,49,49,0,0
6992,36,44,-8,8
6993,76,65,11,11
6994,57,63,-6,6
6995,128,136,-8,8
6996,77,94,-17,17
6997,86,89,-3,3
6998,144,144,0,0
6999,72,74,-2,2
7000,48,52,-4,4
7001,86,81,5,5
7002,96,89,7,7
7003,67,66,1,1
7004,65,66,-1,1
7005,132,119,13,13
7006,128,125,3,3
7007,115,112,3,3
7008,109,112,-3,3
7009,63,64,-1,1
7010,55,63,-8,8
7011,119,106,13,13
7012,70,63,7,7
7013,125,122,3,3
7014,146,138,8,8
7015,84,86,-2,2
7016,120,127,-7,7
7017,83,89,-6,6
7018,68,65,3,3
7019,106,103,3,3
7020,147,127,20,20
7021,81,82,-1,1
7022,87,94,-7,7
7023,86,82,4,4
7024,67,75,-8,8
7025,100,94,6,6
7026,81,86,-5,5
7027,70,79,-9,9
7028,94,89,5,5
7029,123,115,8,8
7030,121,117,4,4
7031,71,77,-6,6
7032,73,72,1,1
7033,79,80,-1,1
7034,98,105,-7,7
7035,147,121,26,26
7036,86,80,6,6
7037,83,76,7,7
7038,117,112,5,5
7039,93,99,-6,6
7040,44,48,-4,4
7041,68,74,-6,6
7042,74,76,-2,2
7043,76,97,-21,21
7044,96,89,7,7
7045,80,66,14,14
7046,73,83,-10,10
7047,93,87,6,6
7048,48,51,-3,3
7049,85,84,1,1
7050,140,142,-2,2
7051,81,81,0,0
7052,57,56,1,1
7053,93,89,4,4
7054,119,124,-5,5
7055,129,140,-11,11
7056,88,84,4,4
7057,101,96,5,5
7058,91,93,-2,2
7059,59,56,3,3
7060,109,120,-11,11
7061,89,82,7,7
7062,101,88,13,13
7063,116,109,7,7
7064,86,86,0,0
7065,113,112,1,1
7066,101,94,7,7
7067,110,116,-6,6
7068,115,145,-30,30
7069,137,150,-13,13
7070,64,74,-10,10
7071,133,125,8,8
7072,80,87,-7,7
7073,61,55,6,6
7074,116,123,-7,7
7075,154,152,2,2
7076,69,71,-2,2
7077,123,125,-2,2
7078,63,66,-3,3
7079,99,120,-21,21
7080,52,51,1,1
7081,86,83,3,3
7082,79,76,3,3
7083,97,107,-10,10
7084,68,72,-4,4
7085,79,85,-6,6
7086,82,73,9,9
7087,66,59,7,7
7088,28,33,-5,5
7089,54,65,-11,11
7090,76,75,1,1
7091,74,84,-10,10
7092,97,99,-2,2
7093,82,79,3,3
7094,103,104,-1,1
7095,61,58,3,3
7096,69,61,8,8
7097,60,66,-6,6
7098,61,88,-27,27
7099,100,107,-7,7
7100,100,105,-5,5
7101,129,121,8,8
7102,184,172,12,12
7103,119,124,-5,5
7104,91,85,6,6
7105,99,112,-13,13
7106,100,101,-1,1
7107,58,63,-5,5
7108,70,72,-2,2
7109,76,86,-10,10
7110,77,74,3,3
7111,70,64,6,6
7112,116,113,3,3
7113,149,146,3,3
7114,124,128,-4,4
7115,139,117,22,22
7116,142,155,-13,13
7117,77,82,-5,5
7118,96,87,9,9
7119,215,194,21,21
7120,70,72,-2,2
7121,118,121,-3,3
7122,89,92,-3,3
7123,106,99,7,7
7124,117,118,-1,1
7125,60,63,-3,3
7126,67,72,-5,5
7127,149,157,-8,8
7128,364,440,-76,76
7129,110,105,5,5
7130,106,97,9,9
7131,161,168,-7,7
7132,119,133,-14,14
7133,113,147,-34,34
7134,100,105,-5,5
7135,51,57,-6,6
7136,121,120,1,1
7137,108,109,-1,1
7138,107,108,-1,1
7139,62,63,-1,1
7140,84,87,-3,3
7141,93,83,10,10
7142,143,144,-1,1
7143,136,133,3,3
7144,53,63,-10,10
7145,97,104,-7,7
7146,139,147,-8,8
7147,126,134,-8,8
7148,46,56,-10,10
7149,172,176,-4,4
7150,101,102,-1,1
7151,89,90,-1,1
7152,118,113,5,5
7153,71,72,-1,1
7154,120,127,-7,7
7155,77,78,-1,1
7156,145,134,11,11
7157,45,41,4,4
7158,80,76,4,4
7159,58,64,-6,6
7160,117,109,8,8
7161,91,91,0,0
7162,192,186,6,6
7163,68,64,4,4
7164,71,63,8,8
7165,82,80,2,2
7166,84,83,1,1
7167,70,78,-8,8
7168,47,57,-10,10
7169,95,89,6,6
7170,59,62,-3,3
7171,154,146,8,8
7172,131,127,4,4
7173,98,104,-6,6
7174,38,46,-8,8
7175,86,92,-6,6
7176,55,57,-2,2
7177,40,42,-2,2
7178,119,118,1,1
7179,247,230,17,17
7180,96,100,-4,4
7181,69,73,-4,4
7182,87,94,-7,7
7183,93,101,-8,8
7184,84,80,4,4
7185,127,135,-8,8
7186,106,104,2,2
7187,62,62,0,0
7188,84,89,-5,5
7189,48,53,-5,5
7190,116,126,-10,10
7191,83,80,3,3
7192,123,129,-6,6
7193,97,89,8,8
7194,119,110,9,9
7195,113,118,-5,5
7196,70,73,-3,3
7197,123,129,-6,6
7198,86,82,4,4
7199,49,54,-5,5
7200,113,112,1,1
7201,100,100,0,0
7202,131,133,-2,2
7203,93,95,-2,2
7204,92,86,6,6
7205,73,72,1,1
7206,61,62,-1,1
7207,72,64,8,8
7208,91,90,1,1
7209,86,87,-1,1
7210,82,80,2,2
7211,179,181,-2,2
7212,121,108,13,13
7213,58,61,-3,3
7214,83,74,9,9
7215,100,84,16,16
7216,84,81,3,3
7217,76,74,2,2
7218,83,74,9,9
7219,81,81,0,0
7220,119,120,-1,1
7221,160,152,8,8
7222,97,101,-4,4
7223,143,161,-18,18
7224,49,44,5,5
7225,188,175,13,13
7226,79,79,0,0
7227,62,63,-1,1
7228,71,63,8,8
7229,114,129,-15,15
7230,167,175,-8,8
7231,100,90,10,10
7232,90,84,6,6
7233,106,112,-6,6
7234,129,135,-6,6
7235,81,77,4,4
7236,52,54,-2,2
7237,86,83,3,3
7238,92,109,-17,17
7239,59,65,-6,6
7240,98,107,-9,9
7241,94,92,2,2
7242,173,172,1,1
7243,82,91,-9,9
7244,121,120,1,1
7245,84,77,7,7
7246,44,42,2,2
7247,88,97,-9,9
7248,91,85,6,6
7249,97,92,5,5
7250,46,46,0,0
7251,114,111,3,3
7252,108,100,8,8
7253,66,64,2,2
7254,71,71,0,0
7255,76,74,2,2
7256,159,159,0,0
7257,39,50,-11,11
7258,47,53,-6,6
7259,142,128,14,14
7260,124,135,-11,11
7261,109,112,-3,3
7262,110,117,-7,7
7263,59,55,4,4
7264,107,100,7,7
7265,59,58,1,1
7266,93,94,-1,1
7267,96,102,-6,6
7268,40,52,-12,12
7269,124,128,-4,4
7270,90,77,13,13
7271,52,55,-3,3
7272,95,88,7,7
7273,81,81,0,0
7274,171,160,11,11
7275,78,66,12,12
7276,97,85,12,12
7277,82,90,-8,8
7278,93,90,3,3
7279,106,112,-6,6
7280,129,122,7,7
7281,110,121,-11,11
7282,28,54,-26,26
7283,152,159,-7,7
7284,113,101,12,12
7285,62,59,3,3
7286,51,52,-1,1
7287,167,179,-12,12
7288,60,54,6,6
7289,176,171,5,5
7290,139,141,-2,2
7291,193,194,-1,1
7292,78,80,-2,2
7293,76,72,4,4
7294,80,74,6,6
7295,86,106,-20,20
7296,102,94,8,8
7297,51,49,2,2
7298,32,36,-4,4
7299,133,117,16,16
7300,160,150,10,10
7301,75,74,1,1
7302,84,78,6,6
7303,85,87,-2,2
7304,89,93,-4,4
7305,69,64,5,5
7306,113,117,-4,4
7307,69,65,4,4
7308,76,81,-5,5
7309,56,77,-21,21
7310,86,76,10,10
7311,92,100,-8,8
7312,54,57,-3,3
7313,100,93,7,7
7314,37,62,-25,25
7315,140,140,0,0
7316,57,72,-15,15
7317,83,89,-6,6
7318,75,65,10,10
7319,59,60,-1,1
7320,99,121,-22,22
7321,108,105,3,3
7322,93,99,-6,6
7323,78,85,-7,7
7324,166,169,-3,3
7325,81,83,-2,2
7326,80,80,0,0
7327,166,149,17,17
7328,56,58,-2,2
7329,108,115,-7,7
7330,88,86,2,2
7331,124,137,-13,13
7332,71,74,-3,3
7333,111,99,12,12
7334,77,90,-13,13
7335,84,81,3,3
7336,85,85,0,0
7337,103,95,8,8
7338,67,77,-10,10
7339,128,121,7,7
7340,54,49,5,5
7341,98,97,1,1
7342,115,134,-19,19
7343,80,77,3,3
7344,66,64,2,2
7345,84,80,4,4
7346,179,176,3,3
7347,70,74,-4,4
7348,93,96,-3,3
7349,139,157,-18,18
7350,136,128,8,8
7351,173,176,-3,3
7352,112,105,7,7
7353,76,84,-8,8
7354,112,118,-6,6
7355,118,130,-12,12
7356,109,102,7,7
7357,101,113,-12,12
7358,105,95,10,10
7359,67,75,-8,8
7360,131,126,5,5
7361,41,52,-11,11
7362,49,48,1,1
7363,113,115,-2,2
7364,137,142,-5,5
7365,96,103,-7,7
7366,68,66,2,2
7367,110,119,-9,9
7368,70,74,-4,4
7369,155,166,-11,11
7370,58,57,1,1
7371,140,154,-14,14
7372,119,125,-6,6
7373,67,71,-4,4
7374,79,82,-3,3
7375,68,65,3,3
7376,62,61,1,1
7377,48,52,-4,4
7378,104,108,-4,4
7379,67,73,-6,6
7380,63,65,-2,2
7381,70,70,0,0
7382,83,87,-4,4
7383,66,64,2,2
7384,67,79,-12,12
7385,54,53,1,1
7386,144,151,-7,7
7387,68,70,-2,2
7388,76,80,-4,4
7389,62,60,2,2
7390,147,135,12,12
7391,80,100,-20,20
7392,53,55,-2,2
7393,73,69,4,4
7394,74,71,3,3
7395,63,70,-7,7
7396,111,115,-4,4
7397,199,183,16,16
7398,90,92,-2,2
7399,65,66,-1,1
7400,68,63,5,5
7401,81,81,0,0
7402,95,93,2,2
7403,83,85,-2,2
7404,99,85,14,14
7405,64,72,-8,8
7406,70,73,-3,3
7407,62,58,4,4
7408,60,65,-5,5
7409,84,91,-7,7
7410,63,61,2,2
7411,91,94,-3,3
7412,53,70,-17,17
7413,114,107,7,7
7414,102,100,2,2
7415,80,62,18,18
7416,85,94,-9,9
7417,112,118,-6,6
7418,86,85,1,1
7419,61,66,-5,5
7420,118,112,6,6
7421,108,90,18,18
7422,179,163,16,16
7423,87,89,-2,2
7424,185,174,11,11
7425,91,88,3,3
7426,73,76,-3,3
7427,63,54,9,9
7428,159,146,13,13
7429,146,150,-4,4
7430,75,85,-10,10
7431,73,74,-1,1
7432,107,97,10,10
7433,93,91,2,2
7434,89,98,-9,9
7435,82,101,-19,19
7436,79,75,4,4
7437,50,54,-4,4
7438,69,72,-3,3
7439,89,95,-6,6
7440,145,157,-12,12
7441,84,91,-7,7
7442,115,124,-9,9
7443,103,122,-19,19
7444,90,99,-9,9
7445,57,53,4,4
7446,118,104,14,14
7447,99,102,-3,3
7448,124,118,6,6
7449,102,114,-12,12
7450,97,94,3,3
7451,64,61,3,3
7452,78,73,5,5
7453,121,123,-2,2
7454,163,157,6,6
7455,63,58,5,5
7456,53,59,-6,6
7457,71,72,-1,1
7458,79,81,-2,2
7459,102,105,-3,3
7460,130,125,5,5
7461,114,115,-1,1
7462,118,129,-11,11
7463,93,96,-3,3
7464,78,74,4,4
7465,87,90,-3,3
7466,107,100,7,7
7467,105,105,0,0
7468,135,133,2,2
7469,64,62,2,2
7470,80,77,3,3
7471,79,89,-10,10
7472,156,162,-6,6
7473,123,129,-6,6
7474,81,92,-11,11
7475,91,93,-2,2
7476,184,172,12,12
7477,62,71,-9,9
7478,76,85,-9,9
7479,112,111,1,1
7480,60,65,-5,5
7481,103,97,6,6
7482,83,83,0,0
7483,69,70,-1,1
7484,206,204,2,2
7485,78,81,-3,3
7486,82,74,8,8
7487,81,86,-5,5
7488,39,40,-1,1
7489,109,110,-1,1
7490,32,54,-22,22
7491,65,72,-7,7
7492,88,86,2,2
7493,94,98,-4,4
7494,87,93,-6,6
7495,74,72,2,2
7496,88,84,4,4
7497,103,113,-10,10
7498,72,63,9,9
7499,83,84,-1,1
7500,197,212,-15,15
7501,41,43,-2,2
7502,76,74,2,2
7503,129,117,12,12
7504,40,61,-21,21
7505,136,141,-5,5
7506,62,61,1,1
7507,66,63,3,3
7508,106,120,-14,14
7509,62,61,1,1
7510,109,104,5,5
7511,136,129,7,7
7512,100,97,3,3
7513,160,158,2,2
7514,105,105,0,0
7515,122,116,6,6
7516,98,101,-3,3
7517,78,73,5,5
7518,75,77,-2,2
7519,67,67,0,0
7520,56,56,0,0
7521,60,57,3,3
7522,38,41,-3,3
7523,53,58,-5,5
7524,57,72,-15,15
7525,113,110,3,3
7526,83,77,6,6
7527,81,72,9,9
7528,136,143,-7,7
7529,78,71,7,7
7530,89,87,2,2
7531,86,86,0,0
7532,68,72,-4,4
7533,156,157,-1,1
7534,85,83,2,2
7535,126,127,-1,1
7536,57,70,-13,13
7537,114,120,-6,6
7538,113,104,9,9
7539,75,80,-5,5
7540,130,124,6,6
7541,79,63,16,16
7542,112,112,0,0
7543,120,123,-3,3
7544,76,78,-2,2
7545,86,80,6,6
7546,60,59,1,1
7547,52,58,-6,6
7548,80,72,8,8
7549,136,131,5,5
7550,71,72,-1,1
7551,152,157,-5,5
7552,59,63,-4,4
7553,88,80,8,8
7554,71,70,1,1
7555,71,65,6,6
7556,88,94,-6,6
7557,44,50,-6,6
7558,95,101,-6,6
7559,99,92,7,7
7560,74,83,-9,9
7561,148,140,8,8
7562,74,71,3,3
7563,103,89,14,14
7564,70,62,8,8
7565,128,119,9,9
7566,70,76,-6,6
7567,69,76,-7,7
7568,95,79,16,16
7569,125,127,-2,2
7570,87,93,-6,6
7571,130,132,-2,2
7572,105,122,-17,17
7573,96,90,6,6
7574,90,92,-2,2
7575,52,52,0,0
7576,77,92,-15,15
7577,143,142,1,1
7578,97,110,-13,13
7579,81,83,-2,2
7580,55,52,3,3
7581,122,137,-15,15
7582,59,63,-4,4
7583,106,106,0,0
7584,146,136,10,10
7585,62,62,0,0
7586,122,123,-1,1
7587,166,160,6,6
7588,76,70,6,6
7589,82,87,-5,5
7590,114,111,3,3
7591,113,124,-11,11
7592,94,93,1,1
7593,113,119,-6,6
7594,79,82,-3,3
7595,106,108,-2,2
7596,123,125,-2,2
7597,118,113,5,5
7598,80,77,3,3
7599,94,93,1,1
7600,89,83,6,6
7601,64,58,6,6
7602,113,117,-4,4
7603,137,132,5,5
7604,53,107,-54,54
7605,133,136,-3,3
7606,65,82,-17,17
7607,78,83,-5,5
7608,40,40,0,0
7609,60,63,-3,3
7610,52,55,-3,3
7611,136,131,5,5
7612,155,156,-1,1
7613,94,100,-6,6
7614,75,76,-1,1
7615,36,42,-6,6
7616,132,125,7,7
7617,117,117,0,0
7618,136,149,-13,13
7619,141,130,11,11
7620,65,72,-7,7
7621,96,82,14,14
7622,68,74,-6,6
7623,144,128,16,16
7624,148,149,-1,1
7625,117,120,-3,3
7626,60,71,-11,11
7627,98,98,0,0
7628,114,114,0,0
7629,139,127,12,12
7630,109,100,9,9
7631,69,77,-8,8
7632,105,102,3,3
7633,116,113,3,3
7634,72,71,1,1
7635,74,77,-3,3
7636,102,108,-6,6
7637,62,53,9,9
7638,36,33,3,3
7639,94,89,5,5
7640,78,82,-4,4
7641,150,142,8,8
7642,81,80,1,1
7643,154,156,-2,2
7644,115,123,-8,8
7645,44,56,-12,12
7646,88,91,-3,3
7647,80,77,3,3
7648,75,72,3,3
7649,58,54,4,4
7650,124,124,0,0
7651,90,89,1,1
7652,117,112,5,5
7653,93,86,7,7
7654,133,131,2,2
7655,71,63,8,8
7656,82,83,-1,1
7657,66,67,-1,1
7658,69,72,-3,3
7659,112,108,4,4
7660,114,106,8,8
7661,81,68,13,13
7662,110,114,-4,4
7663,76,71,5,5
7664,97,101,-4,4
7665,83,84,-1,1
7666,73,74,-1,1
7667,109,108,1,1
7668,67,70,-3,3
7669,101,110,-9,9
7670,74,71,3,3
7671,122,122,0,0
7672,51,60,-9,9
7673,80,93,-13,13
7674,118,119,-1,1
7675,87,81,6,6
7676,84,77,7,7
7677,135,126,9,9
7678,51,100,-49,49
7679,121,106,15,15
7680,60,60,0,0
7681,150,149,1,1
7682,41,46,-5,5
7683,55,56,-1,1
7684,149,135,14,14
7685,136,136,0,0
7686,121,103,18,18
7687,121,119,2,2
7688,50,63,-13,13
7689,61,57,4,4
7690,129,125,4,4
7691,83,96,-13,13
7692,83,97,-14,14
7693,77,73,4,4
7694,110,104,6,6
7695,110,97,13,13
7696,108,120,-12,12
7697,95,101,-6,6
7698,91,88,3,3
7699,99,92,7,7
7700,105,108,-3,3
7701,104,134,-30,30
7702,82,81,1,1
7703,68,66,2,2
7704,77,77,0,0
7705,103,100,3,3
7706,87,90,-3,3
7707,55,53,2,2
7708,94,91,3,3
7709,67,66,1,1
7710,75,92,-17,17
7711,137,140,-3,3
7712,69,71,-2,2
7713,67,66,1,1
7714,77,91,-14,14
7715,68,70,-2,2
7716,117,118,-1,1
7717,109,119,-10,10
7718,164,151,13,13
7719,102,119,-17,17
7720,77,86,-9,9
7721,71,93,-22,22
7722,71,75,-4,4
7723,146,133,13,13
7724,40,39,1,1
7725,121,116,5,5
7726,86,76,10,10
7727,99,99,0,0
7728,68,75,-7,7
7729,89,74,15,15
7730,71,75,-4,4
7731,72,72,0,0
7732,49,49,0,0
7733,155,127,28,28
7734,145,150,-5,5
7735,102,111,-9,9
7736,131,131,0,0
7737,101,85,16,16
7738,61,67,-6,6
7739,108,118,-10,10
7740,62,70,-8,8
7741,93,87,6,6
7742,84,83,1,1
7743,56,96,-40,40
7744,143,136,7,7
7745,145,138,7,7
7746,103,97,6,6
7747,88,89,-1,1
7748,96,94,2,2
7749,63,63,0,0
7750,88,94,-6,6
7751,50,62,-12,12
7752,106,113,-7,7
7753,89,75,14,14
7754,101,110,-9,9
7755,134,130,4,4
7756,91,89,2,2
7757,134,145,-11,11
7758,79,86,-7,7
7759,161,154,7,7
7760,127,128,-1,1
7761,88,93,-5,5
7762,61,71,-10,10
7763,60,74,-14,14
7764,102,92,10,10
7765,140,147,-7,7
7766,69,72,-3,3
7767,101,114,-13,13
7768,175,175,0,0
7769,129,146,-17,17
7770,115,116,-1,1
7771,88,102,-14,14
7772,79,79,0,0
7773,102,110,-8,8
7774,43,46,-3,3
7775,97,97,0,0
7776,132,141,-9,9
7777,58,57,1,1
7778,89,97,-8,8
7779,90,94,-4,4
7780,98,106,-8,8
7781,102,103,-1,1
7782,88,91,-3,3
7783,106,104,2,2
7784,99,93,6,6
7785,151,147,4,4
7786,111,100,11,11
7787,65,63,2,2
7788,71,69,2,2
7789,79,97,-18,18
7790,65,64,1,1
7791,136,129,7,7
7792,151,158,-7,7
7793,108,107,1,1
7794,121,110,11,11
7795,54,61,-7,7
7796,96,104,-8,8
7797,98,88,10,10
7798,62,65,-3,3
7799,78,82,-4,4
7800,97,96,1,1
7801,80,75,5,5
7802,65,68,-3,3
7803,74,74,0,0
7804,118,123,-5,5
7805,109,102,7,7
7806,99,102,-3,3
7807,78,89,-11,11
7808,59,68,-9,9
7809,84,98,-14,14
7810,108,115,-7,7
7811,89,95,-6,6
7812,119,110,9,9
7813,182,168,14,14
7814,133,119,14,14
7815,90,98,-8,8
7816,144,163,-19,19
7817,109,108,1,1
7818,154,143,11,11
7819,54,52,2,2
7820,59,63,-4,4
7821,120,121,-1,1
7822,113,123,-10,10
7823,90,85,5,5
7824,119,111,8,8
7825,72,75,-3,3
7826,173,168,5,5
7827,252,238,14,14
7828,123,136,-13,13
7829,178,176,2,2
7830,207,177,30,30
7831,86,93,-7,7
7832,61,54,7,7
7833,82,91,-9,9
7834,77,77,0,0
7835,90,86,4,4
7836,85,106,-21,21
7837,133,149,-16,16
7838,67,71,-4,4
7839,71,78,-7,7
7840,118,130,-12,12
7841,168,177,-9,9
7842,101,103,-2,2
7843,126,119,7,7
7844,127,129,-2,2
7845,197,191,6,6
7846,67,65,2,2
7847,59,57,2,2
7848,139,139,0,0
7849,84,85,-1,1
7850,75,76,-1,1
7851,124,125,-1,1
7852,61,62,-1,1
7853,78,77,1,1
7854,102,92,10,10
7855,50,46,4,4
7856,72,82,-10,10
7857,98,111,-13,13
7858,109,106,3,3
7859,97,90,7,7
7860,79,74,5,5
7861,73,74,-1,1
7862,114,109,5,5
7863,118,114,4,4
7864,101,103,-2,2
7865,103,106,-3,3
7866,49,53,-4,4
7867,49,58,-9,9
7868,37,48,-11,11
7869,121,120,1,1
7870,69,71,-2,2
7871,126,130,-4,4
7872,91,88,3,3
7873,119,116,3,3
7874,105,104,1,1
7875,129,129,0,0
7876,83,77,6,6
7877,99,95,4,4
7878,106,114,-8,8
7879,67,64,3,3
7880,132,135,-3,3
7881,110,96,14,14
7882,72,66,6,6
7883,126,124,2,2
7884,129,145,-16,16
7885,74,75,-1,1
7886,131,131,0,0
7887,97,101,-4,4
7888,118,127,-9,9
7889,124,125,-1,1
7890,66,71,-5,5
7891,99,111,-12,12
7892,93,92,1,1
7893,169,172,-3,3
7894,109,120,-11,11
7895,194,187,7,7
7896,131,124,7,7
7897,67,70,-3,3
7898,102,104,-2,2
7899,126,124,2,2
7900,166,176,-10,10
7901,52,61,-9,9
7902,129,146,-17,17
7903,175,172,3,3
7904,77,71,6,6
7905,52,48,4,4
7906,73,66,7,7
7907,97,104,-7,7
7908,49,52,-3,3
7909,112,115,-3,3
7910,108,117,-9,9
7911,91,85,6,6
7912,84,108,-24,24
7913,35,47,-12,12
7914,182,196,-14,14
7915,61,63,-2,2
7916,61,52,9,9
7917,79,79,0,0
7918,55,58,-3,3
7919,64,64,0,0
7920,142,134,8,8
7921,66,67,-1,1
7922,74,80,-6,6
7923,150,146,4,4
7924,99,97,2,2
7925,106,116,-10,10
7926,72,79,-7,7
7927,121,119,2,2
7928,114,114,0,0
7929,75,73,2,2
7930,65,72,-7,7
7931,116,122,-6,6
7932,99,95,4,4
7933,199,200,-1,1
7934,60,59,1,1
7935,67,62,5,5
7936,81,83,-2,2
7937,178,140,38,38
7938,70,78,-8,8
7939,131,124,7,7
7940,149,141,8,8
7941,70,71,-1,1
7942,97,107,-10,10
7943,104,90,14,14
7944,73,72,1,1
7945,74,82,-8,8
7946,87,99,-12,12
7947,112,113,-1,1
7948,126,121,5,5
7949,86,103,-17,17
7950,134,134,0,0
7951,117,97,20,20
7952,61,62,-1,1
7953,71,78,-7,7
7954,80,92,-12,12
7955,63,62,1,1
7956,70,64,6,6
7957,63,76,-13,13
7958,46,51,-5,5
7959,59,63,-4,4
7960,89,90,-1,1
7961,134,132,2,2
7962,113,112,1,1
7963,73,85,-12,12
7964,122,115,7,7
7965,59,63,-4,4
7966,142,149,-7,7
7967,175,175,0,0
7968,61,57,4,4
7969,142,158,-16,16
7970,68,59,9,9
7971,51,56,-5,5
7972,94,104,-10,10
7973,104,98,6,6
7974,85,84,1,1
7975,155,163,-8,8
7976,157,172,-15,15
7977,115,113,2,2
7978,94,100,-6,6
7979,86,95,-9,9
7980,115,123,-8,8
7981,85,86,-1,1
7982,106,104,2,2
7983,64,62,2,2
7984,38,78,-40,40
7985,51,53,-2,2
7986,106,110,-4,4
7987,101,109,-8,8
7988,46,53,-7,7
7989,85,77,8,8
7990,104,102,2,2
7991,95,101,-6,6
7992,130,128,2,2
7993,151,145,6,6
7994,57,56,1,1
7995,93,96,-3,3
7996,69,65,4,4
7997,39,38,1,1
7998,76,83,-7,7
7999,84,75,9,9
8000,41,42,-1,1
8001,45,51,-6,6
8002,68,71,-3,3
8003,82,84,-2,2
8004,68,71,-3,3
8005,73,71,2,2
8006,49,69,-20,20
8007,93,88,5,5
8008,75,72,3,3
8009,85,79,6,6
8010,103,105,-2,2
8011,129,126,3,3
8012,116,120,-4,4
8013,77,79,-2,2
8014,83,82,1,1
8015,104,97,7,7
8016,124,116,8,8
8017,89,90,-1,1
8018,88,103,-15,15
8019,49,63,-14,14
8020,104,112,-8,8
8021,107,109,-2,2
8022,125,129,-4,4
8023,57,62,-5,5
8024,104,98,6,6
8025,51,71,-20,20
8026,86,80,6,6
8027,96,101,-5,5
8028,190,191,-1,1
8029,84,88,-4,4
8030,105,108,-3,3
8031,94,92,2,2
8032,74,72,2,2
8033,100,94,6,6
8034,126,122,4,4
8035,73,73,0,0
8036,83,85,-2,2
8037,141,134,7,7
8038,124,127,-3,3
8039,79,84,-5,5
8040,135,134,1,1
8041,81,71,10,10
8042,137,140,-3,3
8043,75,77,-2,2
8044,54,71,-17,17
8045,102,104,-2,2
8046,157,143,14,14
8047,93,95,-2,2
8048,155,143,12,12
8049,71,67,4,4
8050,109,109,0,0
8051,60,65,-5,5
8052,57,71,-14,14
8053,113,117,-4,4
8054,130,136,-6,6
8055,71,82,-11,11
8056,92,91,1,1
8057,148,129,19,19
8058,117,108,9,9
8059,68,71,-3,3
8060,161,155,6,6
8061,85,82,3,3
8062,65,61,4,4
8063,43,44,-1,1
8064,102,102,0,0
8065,69,62,7,7
8066,185,192,-7,7
8067,133,136,-3,3
8068,104,105,-1,1
8069,105,108,-3,3
8070,120,119,1,1
8071,85,81,4,4
8072,73,60,13,13
8073,158,169,-11,11
8074,76,75,1,1
8075,87,72,15,15
8076,148,132,16,16
8077,85,86,-1,1
8078,98,87,11,11
8079,66,72,-6,6
8080,100,104,-4,4
8081,110,113,-3,3
8082,86,90,-4,4
8083,119,128,-9,9
8084,75,73,2,2
8085,110,129,-19,19
8086,69,74,-5,5
8087,127,112,15,15
8088,98,93,5,5
8089,116,127,-11,11
8090,65,71,-6,6
8091,94,96,-2,2
8092,58,58,0,0
8093,68,83,-15,15
8094,118,115,3,3
8095,27,34,-7,7
8096,74,66,8,8
8097,81,85,-4,4
8098,98,90,8,8
8099,56,59,-3,3
8100,101,101,0,0
8101,128,124,4,4
8102,104,111,-7,7
8103,69,68,1,1
8104,130,116,14,14
8105,121,125,-4,4
8106,42,87,-45,45
8107,89,97,-8,8
8108,71,64,7,7
8109,129,121,8,8
8110,59,67,-8,8
8111,101,107,-6,6
8112,102,103,-1,1
8113,109,116,-7,7
8114,94,88,6,6
8115,108,115,-7,7
8116,102,98,4,4
8117,89,91,-2,2
8118,121,126,-5,5
8119,122,137,-15,15
8120,67,74,-7,7
8121,51,62,-11,11
8122,89,88,1,1
8123,88,95,-7,7
8124,131,117,14,14
8125,103,104,-1,1
8126,151,178,-27,27
8127,134,148,-14,14
8128,108,112,-4,4
8129,92,88,4,4
8130,65,59,6,6
8131,81,84,-3,3
8132,68,79,-11,11
8133,91,90,1,1
8134,114,110,4,4
8135,48,60,-12,12
8136,102,109,-7,7
8137,149,152,-3,3
8138,108,111,-3,3
8139,60,61,-1,1
8140,103,109,-6,6
8141,65,71,-6,6
8142,119,126,-7,7
8143,104,114,-10,10
8144,64,60,4,4
8145,48,52,-4,4
8146,55,52,3,3
8147,75,77,-2,2
8148,44,54,-10,10
8149,73,80,-7,7
8150,54,55,-1,1
8151,54,59,-5,5
8152,52,56,-4,4
8153,95,86,9,9
8154,66,72,-6,6
8155,85,97,-12,12
8156,75,65,10,10
8157,95,113,-18,18
8158,95,88,7,7
8159,36,38,-2,2
8160,79,82,-3,3
8161,123,123,0,0
8162,81,73,8,8
8163,176,163,13,13
8164,60,52,8,8
8165,61,73,-12,12
8166,140,129,11,11
8167,127,124,3,3
8168,96,94,2,2
8169,99,93,6,6
8170,108,100,8,8
8171,58,62,-4,4
8172,51,63,-12,12
8173,95,88,7,7
8174,58,71,-13,13
8175,76,70,6,6
8176,116,113,3,3
8177,108,104,4,4
8178,168,157,11,11
8179,27,36,-9,9
8180,145,134,11,11
8181,53,58,-5,5
8182,67,66,1,1
8183,92,91,1,1
8184,78,73,5,5
8185,113,119,-6,6
8186,141,143,-2,2
8187,136,128,8,8
8188,103,108,-5,5
8189,86,86,0,0
8190,195,207,-12,12
8191,75,74,1,1
8192,63,66,-3,3
8193,66,66,0,0
8194,127,130,-3,3
8195,122,113,9,9
8196,54,101,-47,47
8197,101,107,-6,6
8198,93,76,17,17
8199,64,67,-3,3
8200,108,112,-4,4
8201,111,109,2,2
8202,77,66,11,11
8203,154,155,-1,1
8204,94,86,8,8
8205,84,86,-2,2
8206,76,91,-15,15
8207,87,80,7,7
8208,126,117,9,9
8209,82,80,2,2
8210,82,85,-3,3
8211,80,78,2,2
8212,126,129,-3,3
8213,64,64,0,0
8214,142,127,15,15
8215,143,144,-1,1
8216,127,141,-14,14
8217,76,79,-3,3
8218,57,72,-15,15
8219,109,98,11,11
8220,141,139,2,2
8221,129,123,6,6
8222,114,107,7,7
8223,83,82,1,1
8224,149,152,-3,3
8225,47,57,-10,10
8226,88,88,0,0
8227,88,87,1,1
8228,105,110,-5,5
8229,93,102,-9,9
8230,109,96,13,13
8231,87,86,1,1
8232,43,41,2,2
8233,81,81,0,0
8234,101,82,19,19
8235,80,66,14,14
8236,112,113,-1,1
8237,92,100,-8,8
8238,102,100,2,2
8239,71,70,1,1
8240,166,160,6,6
8241,98,96,2,2
8242,129,122,7,7
8243,79,87,-8,8
8244,109,103,6,6
8245,145,144,1,1
8246,166,159,7,7
8247,76,77,-1,1
8248,46,51,-5,5
8249,113,108,5,5
8250,75,84,-9,9
8251,86,77,9,9
8252,76,79,-3,3
8253,88,94,-6,6
8254,67,77,-10,10
8255,100,96,4,4
8256,71,82,-11,11
8257,59,63,-4,4
8258,181,179,2,2
8259,56,58,-2,2
8260,114,94,20,20
8261,92,95,-3,3
8262,100,105,-5,5
8263,75,95,-20,20
8264,188,180,8,8
8265,51,52,-1,1
8266,84,94,-10,10
8267,171,193,-22,22
8268,66,63,3,3
8269,92,88,4,4
8270,122,126,-4,4
8271,40,52,-12,12
8272,87,89,-2,2
8273,122,123,-1,1
8274,98,90,8,8
8275,96,95,1,1
8276,120,116,4,4
8277,82,86,-4,4
8278,88,83,5,5
8279,60,64,-4,4
8280,83,81,2,2
8281,81,67,14,14
8282,151,156,-5,5
8283,187,186,1,1
8284,98,111,-13,13
8285,95,89,6,6
8286,77,79,-2,2
8287,144,143,1,1
8288,81,85,-4,4
8289,91,93,-2,2
8290,149,152,-3,3
8291,99,116,-17,17
8292,96,87,9,9
8293,129,136,-7,7
8294,63,63,0,0
8295,86,86,0,0
8296,64,72,-8,8
8297,74,63,11,11
8298,93,91,2,2
8299,85,79,6,6
8300,248,232,16,16
8301,91,92,-1,1
8302,58,59,-1,1
8303,93,85,8,8
8304,93,96,-3,3
8305,55,59,-4,4
8306,102,107,-5,5
8307,107,100,7,7
8308,79,82,-3,3
8309,84,79,5,5
8310,95,93,2,2
8311,110,109,1,1
8312,80,79,1,1
8313,44,42,2,2
8314,96,94,2,2
8315,59,66,-7,7
8316,109,112,-3,3
8317,198,200,-2,2
8318,81,92,-11,11
8319,119,119,0,0
8320,106,110,-4,4
8321,114,103,11,11
8322,51,57,-6,6
8323,110,107,3,3
8324,112,118,-6,6
8325,99,105,-6,6
8326,80,76,4,4
8327,59,68,-9,9
8328,110,118,-8,8
8329,125,117,8,8
8330,137,132,5,5
8331,73,74,-1,1
8332,190,190,0,0
8333,137,146,-9,9
8334,46,49,-3,3
8335,124,129,-5,5
8336,87,83,4,4
8337,114,105,9,9
8338,83,84,-1,1
8339,85,86,-1,1
8340,142,158,-16,16
8341,108,102,6,6
8342,129,133,-4,4
8343,107,101,6,6
8344,109,113,-4,4
8345,144,140,4,4
8346,76,77,-1,1
8347,38,55,-17,17
8348,157,161,-4,4
8349,55,56,-1,1
8350,99,107,-8,8
8351,153,146,7,7
8352,74,72,2,2
8353,74,76,-2,2
8354,78,76,2,2
8355,74,83,-9,9
8356,94,92,2,2
8357,112,103,9,9
8358,141,150,-9,9
8359,82,75,7,7
8360,160,164,-4,4
8361,103,105,-2,2
8362,110,106,4,4
8363,42,51,-9,9
8364,69,71,-2,2
8365,59,51,8,8
8366,98,98,0,0
8367,75,71,4,4
8368,58,59,-1,1
8369,74,67,7,7
8370,108,112,-4,4
8371,66,77,-11,11
8372,105,105,0,0
8373,46,60,-14,14
8374,55,52,3,3
8375,71,65,6,6
8376,115,116,-1,1
8377,88,80,8,8
8378,47,45,2,2
8379,174,165,9,9
8380,94,86,8,8
8381,74,73,1,1
8382,84,83,1,1
8383,85,77,8,8
8384,65,58,7,7
8385,39,40,-1,1
8386,118,114,4,4
8387,101,97,4,4
8388,78,85,-7,7
8389,97,112,-15,15
8390,104,98,6,6
8391,98,94,4,4
8392,81,97,-16,16
8393,112,111,1,1
8394,98,98,0,0
8395,96,105,-9,9
8396,53,48,5,5
8397,67,84,-17,17
8398,70,71,-1,1
8399,114,105,9,9
8400,104,111,-7,7
8401,65,71,-6,6
8402,80,75,5,5
8403,96,80,16,16
8404,70,66,4,4
8405,105,107,-2,2
8406,100,88,12,12
8407,160,151,9,9
8408,91,102,-11,11
8409,100,102,-2,2
8410,119,103,16,16
8411,65,70,-5,5
8412,99,106,-7,7
8413,172,144,28,28
8414,83,76,7,7
8415,85,78,7,7
8416,69,65,4,4
8417,59,64,-5,5
8418,93,97,-4,4
8419,81,82,-1,1
8420,75,78,-3,3
8421,62,60,2,2
8422,115,110,5,5
8423,107,145,-38,38
8424,105,108,-3,3
8425,51,58,-7,7
8426,76,82,-6,6
8427,88,96,-8,8
8428,145,144,1,1
8429,114,120,-6,6
8430,38,38,0,0
8431,133,131,2,2
8432,74,74,0,0
8433,119,118,1,1
8434,96,94,2,2
8435,143,129,14,14
8436,60,59,1,1
8437,130,119,11,11
8438,120,109,11,11
8439,122,143,-21,21
8440,113,110,3,3
8441,68,75,-7,7
8442,98,94,4,4
8443,143,127,16,16
8444,77,72,5,5
8445,92,95,-3,3
8446,61,62,-1,1
8447,74,79,-5,5
8448,94,81,13,13
8449,102,101,1,1
8450,118,114,4,4
8451,119,121,-2,2
8452,193,185,8,8
8453,95,99,-4,4
8454,89,90,-1,1
8455,129,130,-1,1
8456,124,115,9,9
8457,84,78,6,6
8458,76,81,-5,5
8459,55,56,-1,1
8460,143,139,4,4
8461,134,123,11,11
8462,88,92,-4,4
8463,132,136,-4,4
8464,114,100,14,14
8465,71,71,0,0
8466,79,74,5,5
8467,101,99,2,2
8468,134,138,-4,4
8469,61,49,12,12
8470,81,74,7,7
8471,107,110,-3,3
8472,86,81,5,5
8473,83,84,-1,1
8474,94,96,-2,2
8475,102,108,-6,6
8476,110,130,-20,20
8477,137,143,-6,6
8478,56,66,-10,10
8479,134,125,9,9
8480,80,87,-7,7
8481,46,49,-3,3
8482,111,115,-4,4
8483,112,110,2,2
8484,121,124,-3,3
8485,113,114,-1,1
8486,91,97,-6,6
8487,47,54,-7,7
8488,65,64,1,1
8489,56,71,-15,15
8490,83,89,-6,6
8491,85,95,-10,10
8492,102,99,3,3
8493,80,83,-3,3
8494,110,107,3,3
8495,141,147,-6,6
8496,90,89,1,1
8497,73,70,3,3
8498,60,59,1,1
8499,178,152,26,26
8500,124,136,-12,12
8501,108,104,4,4
8502,100,102,-2,2
8503,78,83,-5,5
8504,115,123,-8,8
8505,127,136,-9,9
8506,47,46,1,1
8507,58,57,1,1
8508,151,141,10,10
8509,104,94,10,10
8510,56,65,-9,9
8511,79,88,-9,9
8512,67,72,-5,5
8513,109,114,-5,5
8514,83,74,9,9
8515,101,76,25,25
8516,78,84,-6,6
8517,101,134,-33,33
8518,64,73,-9,9
8519,69,70,-1,1
8520,81,80,1,1
8521,185,188,-3,3
8522,89,82,7,7
8523,137,124,13,13
8524,98,92,6,6
8525,185,177,8,8
8526,62,64,-2,2
8527,135,131,4,4
8528,140,132,8,8
8529,166,178,-12,12
8530,68,72,-4,4
8531,100,110,-10,10
8532,122,137,-15,15
8533,105,103,2,2
8534,129,128,1,1
8535,117,117,0,0
8536,74,79,-5,5
8537,91,88,3,3
8538,96,96,0,0
8539,96,99,-3,3
8540,76,85,-9,9
8541,106,97,9,9
8542,71,66,5,5
8543,43,47,-4,4
8544,88,83,5,5
8545,79,92,-13,13
8546,104,99,5,5
8547,82,85,-3,3
8548,112,119,-7,7
8549,104,110,-6,6
8550,55,58,-3,3
8551,90,89,1,1
8552,47,61,-14,14
8553,111,102,9,9
8554,127,128,-1,1
8555,67,76,-9,9
8556,163,153,10,10
8557,154,160,-6,6
8558,63,66,-3,3
8559,50,53,-3,3
8560,56,64,-8,8
8561,104,115,-11,11
8562,80,87,-7,7
8563,83,76,7,7
8564,64,64,0,0
8565,55,56,-1,1
8566,84,75,9,9
8567,130,129,1,1
8568,85,87,-2,2
8569,109,111,-2,2
8570,153,146,7,7
8571,104,107,-3,3
8572,129,127,2,2
8573,106,102,4,4
8574,173,178,-5,5
8575,93,94,-1,1
8576,93,86,7,7
8577,99,97,2,2
8578,66,67,-1,1
8579,98,95,3,3
8580,110,140,-30,30
8581,50,62,-12,12
8582,104,105,-1,1
8583,110,108,2,2
8584,60,73,-13,13
8585,102,99,3,3
8586,87,80,7,7
8587,133,137,-4,4
8588,133,133,0,0
8589,122,108,14,14
8590,92,91,1,1
8591,139,140,-1,1
8592,52,53,-1,1
8593,83,95,-12,12
8594,91,87,4,4
8595,65,62,3,3
8596,113,118,-5,5
8597,77,79,-2,2
8598,161,151,10,10
8599,92,94,-2,2
8600,180,159,21,21
8601,77,72,5,5
8602,109,109,0,0
8603,81,84,-3,3
8604,98,105,-7,7
8605,54,54,0,0
8606,126,123,3,3
8607,91,97,-6,6
8608,77,83,-6,6
8609,124,122,2,2
8610,78,82,-4,4
8611,189,166,23,23
8612,80,76,4,4
8613,159,148,11,11
8614,73,78,-5,5
8615,90,100,-10,10
8616,62,72,-10,10
8617,90,89,1,1
8618,134,144,-10,10
8619,121,106,15,15
8620,87,83,4,4
8621,59,60,-1,1
8622,89,104,-15,15
8623,105,111,-6,6
8624,97,93,4,4
8625,110,105,5,5
8626,141,127,14,14
8627,85,87,-2,2
8628,132,132,0,0
8629,89,86,3,3
8630,75,84,-9,9
8631,81,76,5,5
8632,77,71,6,6
8633,104,101,3,3
8634,132,147,-15,15
8635,136,130,6,6
8636,82,87,-5,5
8637,85,91,-6,6
8638,76,74,2,2
8639,109,131,-22,22
8640,51,56,-5,5
8641,85,94,-9,9
8642,58,60,-2,2
8643,161,165,-4,4
8644,85,91,-6,6
8645,61,57,4,4
8646,82,81,1,1
8647,114,120,-6,6
8648,113,110,3,3
8649,82,78,4,4
8650,128,126,2,2
8651,113,118,-5,5
8652,61,74,-13,13
8653,85,78,7,7
8654,112,108,4,4
8655,76,81,-5,5
8656,89,89,0,0
8657,142,135,7,7
8658,81,79,2,2
8659,143,149,-6,6
8660,94,86,8,8
8661,134,115,19,19
8662,59,59,0,0
8663,55,62,-7,7
8664,75,80,-5,5
8665,87,92,-5,5
8666,69,58,11,11
8667,104,105,-1,1
8668,57,49,8,8
8669,68,63,5,5
8670,169,163,6,6
8671,114,124,-10,10
8672,92,89,3,3
8673,97,86,11,11
8674,121,120,1,1
8675,89,77,12,12
8676,116,119,-3,3
8677,93,101,-8,8
8678,116,108,8,8
8679,125,132,-7,7
8680,82,113,-31,31
8681,50,49,1,1
8682,46,52,-6,6
8683,45,52,-7,7
8684,120,122,-2,2
8685,93,91,2,2
8686,102,102,0,0
8687,126,124,2,2
8688,108,130,-22,22
8689,110,110,0,0
8690,101,101,0,0
8691,73,72,1,1
8692,58,57,1,1
8693,113,110,3,3
8694,136,147,-11,11
8695,64,67,-3,3
8696,125,167,-42,42
8697,88,79,9,9
8698,92,89,3,3
8699,106,105,1,1
8700,90,108,-18,18
8701,85,81,4,4
8702,80,77,3,3
8703,110,108,2,2
8704,80,80,0,0
8705,117,111,6,6
8706,47,62,-15,15
8707,112,106,6,6
8708,84,85,-1,1
8709,116,114,2,2
8710,61,65,-4,4
8711,82,79,3,3
8712,164,143,21,21
8713,125,124,1,1
8714,80,83,-3,3
8715,66,67,-1,1
8716,61,66,-5,5
8717,82,105,-23,23
8718,81,86,-5,5
8719,143,130,13,13
8720,145,128,17,17
8721,75,72,3,3
8722,60,80,-20,20
8723,86,91,-5,5
8724,99,106,-7,7
8725,112,112,0,0
8726,98,96,2,2
8727,96,91,5,5
8728,64,68,-4,4
8729,62,63,-1,1
8730,123,132,-9,9
8731,83,89,-6,6
8732,101,102,-1,1
8733,27,35,-8,8
8734,167,164,3,3
8735,149,152,-3,3
8736,94,92,2,2
8737,155,152,3,3
8738,39,38,1,1
8739,62,64,-2,2
8740,81,71,10,10
8741,58,61,-3,3
8742,74,81,-7,7
8743,139,146,-7,7
8744,74,73,1,1
8745,84,88,-4,4
8746,155,128,27,27
8747,114,119,-5,5
8748,152,225,-73,73
8749,104,93,11,11
8750,92,103,-11,11
8751,55,62,-7,7
8752,91,90,1,1
8753,90,85,5,5
8754,86,83,3,3
8755,76,113,-37,37
8756,86,90,-4,4
8757,49,46,3,3
8758,105,109,-4,4
8759,67,66,1,1
8760,96,126,-30,30
8761,105,108,-3,3
8762,98,86,12,12
8763,114,115,-1,1
8764,114,119,-5,5
8765,103,120,-17,17
8766,128,125,3,3
8767,110,103,7,7
8768,89,80,9,9
8769,67,64,3,3
8770,136,124,12,12
8771,154,151,3,3
8772,62,86,-24,24
8773,109,111,-2,2
8774,91,94,-3,3
8775,63,64,-1,1
8776,172,166,6,6
8777,93,86,7,7
8778,81,80,1,1
8779,87,95,-8,8
8780,49,64,-15,15
8781,157,166,-9,9
8782,87,86,1,1
8783,61,86,-25,25
8784,60,58,2,2
8785,129,126,3,3
8786,75,72,3,3
8787,86,94,-8,8
8788,37,41,-4,4
8789,110,114,-4,4
8790,124,121,3,3
8791,65,71,-6,6
8792,148,160,-12,12
8793,73,86,-13,13
8794,105,115,-10,10
8795,70,76,-6,6
8796,63,73,-10,10
8797,71,71,0,0
8798,71,74,-3,3
8799,68,72,-4,4
8800,96,90,6,6
8801,87,84,3,3
8802,88,92,-4,4
8803,69,66,3,3
8804,83,85,-2,2
8805,72,84,-12,12
8806,98,105,-7,7
8807,126,124,2,2
8808,45,52,-7,7
8809,52,52,0,0
8810,103,108,-5,5
8811,77,73,4,4
8812,83,77,6,6
8813,73,61,12,12
8814,108,105,3,3
8815,73,78,-5,5
8816,80,84,-4,4
8817,57,57,0,0
8818,63,62,1,1
8819,24,33,-9,9
8820,89,76,13,13
8821,61,70,-9,9
8822,97,103,-6,6
8823,85,87,-2,2
8824,143,145,-2,2
8825,129,126,3,3
8826,75,85,-10,10
8827,71,76,-5,5
8828,92,88,4,4
8829,72,66,6,6
8830,91,83,8,8
8831,83,73,10,10
8832,75,77,-2,2
8833,66,67,-1,1
8834,43,51,-8,8
8835,127,124,3,3
8836,125,134,-9,9
8837,44,48,-4,4
8838,51,60,-9,9
8839,54,57,-3,3
8840,203,241,-38,38
8841,127,122,5,5
8842,102,99,3,3
8843,81,77,4,4
8844,69,65,4,4
8845,121,121,0,0
8846,85,80,5,5
8847,125,118,7,7
8848,138,128,10,10
8849,191,172,19,19
8850,92,99,-7,7
8851,94,89,5,5
8852,128,129,-1,1
8853,35,49,-14,14
8854,104,106,-2,2
8855,86,79,7,7
8856,132,124,8,8
8857,89,88,1,1
8858,48,52,-4,4
8859,75,65,10,10
8860,80,69,11,11
8861,100,97,3,3
8862,115,116,-1,1
8863,135,133,2,2
8864,88,92,-4,4
8865,108,105,3,3
8866,141,148,-7,7
8867,81,81,0,0
8868,147,151,-4,4
8869,94,90,4,4
8870,86,87,-1,1
8871,125,125,0,0
8872,62,64,-2,2
8873,82,83,-1,1
8874,123,120,3,3
8875,80,74,6,6
8876,108,105,3,3
8877,91,83,8,8
8878,124,122,2,2
8879,93,105,-12,12
8880,141,163,-22,22
8881,97,67,30,30
8882,177,168,9,9
8883,80,84,-4,4
8884,133,158,-25,25
8885,98,107,-9,9
8886,104,96,8,8
8887,64,64,0,0
8888,170,165,5,5
8889,91,97,-6,6
8890,98,99,-1,1
8891,125,119,6,6
8892,65,67,-2,2
8893,86,89,-3,3
8894,75,64,11,11
8895,72,75,-3,3
8896,53,71,-18,18
8897,93,84,9,9
8898,69,66,3,3
8899,95,86,9,9
8900,76,81,-5,5
8901,73,73,0,0
8902,56,55,1,1
8903,92,93,-1,1
8904,43,51,-8,8
8905,60,62,-2,2
8906,74,82,-8,8
8907,85,92,-7,7
8908,91,92,-1,1
8909,92,89,3,3
8910,91,89,2,2
8911,60,71,-11,11
8912,142,150,-8,8
8913,127,137,-10,10
8914,87,88,-1,1
8915,130,149,-19,19
8916,104,103,1,1
8917,62,60,2,2
8918,125,131,-6,6
8919,96,188,-92,92
8920,170,149,21,21
8921,103,125,-22,22
8922,185,179,6,6
8923,80,79,1,1
8924,56,65,-9,9
8925,105,120,-15,15
8926,63,67,-4,4
8927,88,92,-4,4
8928,79,84,-5,5
8929,60,73,-13,13
8930,84,87,-3,3
8931,123,131,-8,8
8932,107,107,0,0
8933,94,103,-9,9
8934,70,72,-2,2
8935,141,126,15,15
8936,56,48,8,8
8937,166,167,-1,1
8938,120,109,11,11
8939,137,127,10,10
8940,88,101,-13,13
8941,127,105,22,22
8942,157,154,3,3
8943,130,142,-12,12
8944,106,115,-9,9
8945,131,133,-2,2
8946,54,58,-4,4
8947,132,128,4,4
8948,80,78,2,2
8949,81,86,-5,5
8950,128,115,13,13
8951,36,39,-3,3
8952,106,112,-6,6
8953,85,86,-1,1
8954,64,65,-1,1
8955,81,82,-1,1
8956,120,117,3,3
8957,130,121,9,9
8958,99,91,8,8
8959,70,66,4,4
8960,78,71,7,7
8961,112,122,-10,10
8962,82,82,0,0
8963,184,168,16,16
8964,129,143,-14,14
8965,111,107,4,4
8966,99,111,-12,12
8967,51,61,-10,10
8968,102,96,6,6
8969,66,71,-5,5
8970,74,74,0,0
8971,129,134,-5,5
8972,54,60,-6,6
8973,117,139,-22,22
8974,120,117,3,3
8975,73,78,-5,5
8976,177,170,7,7
8977,157,155,2,2
8978,77,81,-4,4
8979,55,56,-1,1
8980,132,125,7,7
8981,180,169,11,11
8982,72,70,2,2
8983,88,95,-7,7
8984,71,75,-4,4
8985,85,80,5,5
8986,51,48,3,3
8987,61,64,-3,3
8988,76,71,5,5
8989,90,91,-1,1
8990,64,72,-8,8
8991,67,87,-20,20
8992,95,94,1,1
8993,46,47,-1,1
8994,92,85,7,7
8995,121,142,-21,21
8996,93,96,-3,3
8997,92,96,-4,4
8998,52,54,-2,2
8999,112,123,-11,11
9000,66,108,-42,42
9001,76,71,5,5
9002,157,155,2,2
9003,75,75,0,0
9004,68,71,-3,3
9005,64,67,-3,3
9006,135,124,11,11
9007,107,104,3,3
9008,79,94,-15,15
9009,82,84,-2,2
9010,101,93,8,8
9011,142,170,-28,28
9012,108,109,-1,1
9013,93,100,-7,7
9014,111,118,-7,7
9015,111,108,3,3
9016,101,91,10,10
9017,67,64,3,3
9018,58,57,1,1
9019,117,113,4,4
9020,100,98,2,2
9021,96,94,2,2
9022,106,108,-2,2
9023,82,83,-1,1
9024,57,60,-3,3
9025,95,88,7,7
9026,92,90,2,2
9027,78,80,-2,2
9028,85,79,6,6
9029,46,42,4,4
9030,60,71,-11,11
9031,68,72,-4,4
9032,90,88,2,2
9033,106,106,0,0
9034,72,68,4,4
9035,91,86,5,5
9036,142,143,-1,1
9037,63,60,3,3
9038,55,55,0,0
9039,112,109,3,3
9040,165,175,-10,10
9041,80,79,1,1
9042,58,56,2,2
9043,96,104,-8,8
9044,69,67,2,2
9045,85,101,-16,16
9046,74,78,-4,4
9047,148,142,6,6
9048,61,59,2,2
9049,114,118,-4,4
9050,117,117,0,0
9051,87,87,0,0
9052,148,147,1,1
9053,129,127,2,2
9054,100,97,3,3
9055,79,77,2,2
9056,84,83,1,1
9057,75,72,3,3
9058,101,101,0,0
9059,74,78,-4,4
9060,98,85,13,13
9061,97,99,-2,2
9062,58,54,4,4
9063,104,101,3,3
9064,122,119,3,3
9065,33,41,-8,8
9066,62,57,5,5
9067,59,64,-5,5
9068,66,74,-8,8
9069,112,108,4,4
9070,109,103,6,6
9071,67,71,-4,4
9072,157,183,-26,26
9073,147,153,-6,6
9074,114,115,-1,1
9075,45,41,4,4
9076,71,76,-5,5
9077,135,132,3,3
9078,64,56,8,8
9079,101,111,-10,10
9080,93,99,-6,6
9081,92,85,7,7
9082,128,126,2,2
9083,90,84,6,6
9084,113,102,11,11
9085,62,61,1,1
9086,66,62,4,4
9087,69,72,-3,3
9088,90,87,3,3
9089,69,64,5,5
9090,87,91,-4,4
9091,70,81,-11,11
9092,88,88,0,0
9093,60,70,-10,10
9094,172,159,13,13
9095,94,95,-1,1
9096,53,61,-8,8
9097,81,74,7,7
9098,103,99,4,4
9099,146,139,7,7
9100,93,93,0,0
9101,106,111,-5,5
9102,115,107,8,8
9103,171,164,7,7
9104,80,80,0,0
9105,89,79,10,10
9106,75,83,-8,8
9107,197,190,7,7
9108,52,61,-9,9
9109,56,59,-3,3
9110,76,73,3,3
9111,136,139,-3,3
9112,127,130,-3,3
9113,102,105,-3,3
9114,100,103,-3,3
9115,154,148,6,6
9116,127,140,-13,13
9117,115,109,6,6
9118,69,71,-2,2
9119,113,102,11,11
9120,116,119,-3,3
9121,92,98,-6,6
9122,95,100,-5,5
9123,81,73,8,8
9124,81,84,-3,3
9125,148,152,-4,4
9126,94,91,3,3
9127,117,123,-6,6
9128,47,51,-4,4
9129,100,92,8,8
9130,133,127,6,6
9131,79,102,-23,23
9132,147,141,6,6
9133,62,65,-3,3
9134,77,80,-3,3
9135,154,145,9,9
9136,112,120,-8,8
9137,65,63,2,2
9138,42,44,-2,2
9139,114,127,-13,13
9140,114,112,2,2
9141,77,72,5,5
9142,68,73,-5,5
9143,84,86,-2,2
9144,120,126,-6,6
9145,132,135,-3,3
9146,113,126,-13,13
9147,86,85,1,1
9148,78,83,-5,5
9149,73,90,-17,17
9150,68,60,8,8
9151,93,98,-5,5
9152,113,126,-13,13
9153,58,62,-4,4
9154,63,64,-1,1
9155,54,48,6,6
9156,123,110,13,13
9157,43,43,0,0
9158,82,83,-1,1
9159,144,141,3,3
9160,73,89,-16,16
9161,49,51,-2,2
9162,103,97,6,6
9163,179,188,-9,9
9164,106,105,1,1
9165,93,100,-7,7
9166,135,148,-13,13
9167,120,124,-4,4
9168,130,123,7,7
9169,79,91,-12,12
9170,82,81,1,1
9171,55,55,0,0
9172,74,68,6,6
9173,153,154,-1,1
9174,93,94,-1,1
9175,107,106,1,1
9176,136,152,-16,16
9177,88,92,-4,4
9178,56,65,-9,9
9179,171,157,14,14
9180,115,113,2,2
9181,53,62,-9,9
9182,124,131,-7,7
9183,117,110,7,7
9184,76,78,-2,2
9185,168,160,8,8
9186,78,74,4,4
9187,42,42,0,0
9188,74,78,-4,4
9189,156,141,15,15
9190,81,76,5,5
9191,88,78,10,10
9192,169,160,9,9
9193,74,74,0,0
9194,108,113,-5,5
9195,98,93,5,5
9196,175,195,-20,20
9197,39,43,-4,4
9198,47,55,-8,8
9199,100,85,15,15
9200,105,92,13,13
9201,103,107,-4,4
9202,114,114,0,0
9203,65,67,-2,2
9204,70,66,4,4
9205,79,80,-1,1
9206,96,101,-5,5
9207,123,131,-8,8
9208,94,95,-1,1
9209,124,129,-5,5
9210,102,96,6,6
9211,108,105,3,3
9212,78,84,-6,6
9213,111,113,-2,2
9214,84,94,-10,10
9215,58,49,9,9
9216,124,123,1,1
9217,92,86,6,6
9218,75,78,-3,3
9219,64,51,13,13
9220,89,85,4,4
9221,88,95,-7,7
9222,58,66,-8,8
9223,116,114,2,2
9224,57,61,-4,4
9225,98,99,-1,1
9226,138,145,-7,7
9227,87,91,-4,4
9228,58,57,1,1
9229,141,134,7,7
9230,72,71,1,1
9231,63,72,-9,9
9232,173,166,7,7
9233,113,110,3,3
9234,114,106,8,8
9235,95,89,6,6
9236,80,85,-5,5
9237,75,76,-1,1
9238,113,116,-3,3
9239,86,97,-11,11
9240,54,59,-5,5
9241,99,97,2,2
9242,149,143,6,6
9243,73,60,13,13
9244,86,82,4,4
9245,108,107,1,1
9246,74,72,2,2
9247,59,59,0,0
9248,106,113,-7,7
9249,158,139,19,19
9250,45,65,-20,20
9251,77,76,1,1
9252,116,129,-13,13
9253,52,54,-2,2
9254,93,100,-7,7
9255,129,123,6,6
9256,63,65,-2,2
9257,41,44,-3,3
9258,62,58,4,4
9259,168,165,3,3
9260,117,118,-1,1
9261,142,138,4,4
9262,112,107,5,5
9263,101,102,-1,1
9264,86,83,3,3
9265,77,82,-5,5
9266,141,136,5,5
9267,80,92,-12,12
9268,107,121,-14,14
9269,90,91,-1,1
9270,65,71,-6,6
9271,57,53,4,4
9272,89,80,9,9
9273,63,62,1,1
9274,121,115,6,6
9275,108,107,1,1
9276,83,86,-3,3
9277,116,115,1,1
9278,66,72,-6,6
9279,128,131,-3,3
9280,98,97,1,1
9281,76,76,0,0
9282,130,125,5,5
9283,55,57,-2,2
9284,64,66,-2,2
9285,107,124,-17,17
9286,117,107,10,10
9287,124,123,1,1
9288,88,87,1,1
9289,44,43,1,1
9290,89,87,2,2
9291,82,86,-4,4
9292,78,76,2,2
9293,63,69,-6,6
9294,60,55,5,5
9295,55,58,-3,3
9296,80,84,-4,4
9297,56,59,-3,3
9298,68,74,-6,6
9299,177,183,-6,6
9300,69,71,-2,2
9301,63,66,-3,3
9302,116,110,6,6
9303,96,102,-6,6
9304,142,130,12,12
9305,85,83,2,2
9306,56,63,-7,7
9307,91,90,1,1
9308,72,74,-2,2
9309,69,82,-13,13
9310,114,105,9,9
9311,131,137,-6,6
9312,70,74,-4,4
9313,138,137,1,1
9314,103,101,2,2
9315,69,73,-4,4
9316,97,98,-1,1
9317,98,115,-17,17
9318,117,111,6,6
9319,95,103,-8,8
9320,130,125,5,5
9321,174,162,12,12
9322,114,122,-8,8
9323,87,100,-13,13
9324,92,92,0,0
9325,57,61,-4,4
9326,93,89,4,4
9327,90,87,3,3
9328,87,96,-9,9
9329,87,90,-3,3
9330,115,119,-4,4
9331,103,107,-4,4
9332,66,64,2,2
9333,95,94,1,1
9334,98,97,1,1
9335,82,78,4,4
9336,63,60,3,3
9337,39,43,-4,4
9338,60,64,-4,4
9339,112,108,4,4
9340,159,160,-1,1
9341,41,47,-6,6
9342,96,95,1,1
9343,117,112,5,5
9344,69,76,-7,7
9345,82,86,-4,4
9346,125,117,8,8
9347,82,79,3,3
9348,65,71,-6,6
9349,92,80,12,12
9350,91,93,-2,2
9351,91,88,3,3
9352,95,92,3,3
9353,28,46,-18,18
9354,64,59,5,5
9355,73,71,2,2
9356,122,112,10,10
9357,76,82,-6,6
9358,82,77,5,5
9359,134,128,6,6
9360,118,110,8,8
9361,72,78,-6,6
9362,96,125,-29,29
9363,176,163,13,13
9364,156,154,2,2
9365,64,79,-15,15
9366,99,110,-11,11
9367,94,92,2,2
9368,84,73,11,11
9369,88,90,-2,2
9370,144,147,-3,3
9371,123,117,6,6
9372,99,106,-7,7
9373,63,84,-21,21
9374,64,66,-2,2
9375,141,132,9,9
9376,71,85,-14,14
9377,166,158,8,8
9378,118,116,2,2
9379,120,112,8,8
9380,145,139,6,6
9381,87,87,0,0
9382,90,94,-4,4
9383,80,87,-7,7
9384,125,125,0,0
9385,59,52,7,7
9386,171,166,5,5
9387,72,67,5,5
9388,121,109,12,12
9389,47,54,-7,7
9390,73,84,-11,11
9391,124,109,15,15
9392,87,96,-9,9
9393,95,96,-1,1
9394,77,80,-3,3
9395,167,168,-1,1
9396,53,57,-4,4
9397,89,84,5,5
9398,83,76,7,7
9399,77,87,-10,10
9400,127,129,-2,2
9401,94,97,-3,3
9402,95,84,11,11
9403,93,96,-3,3
9404,74,74,0,0
9405,112,117,-5,5
9406,117,111,6,6
9407,69,70,-1,1
9408,88,98,-10,10
9409,71,73,-2,2
9410,57,51,6,6
9411,89,85,4,4
9412,98,116,-18,18
9413,123,125,-2,2
9414,88,87,1,1
9415,136,123,13,13
9416,85,75,10,10
9417,93,92,1,1
9418,150,157,-7,7
9419,50,54,-4,4
9420,77,82,-5,5
9421,87,90,-3,3
9422,123,122,1,1
9423,71,75,-4,4
9424,142,145,-3,3
9425,78,82,-4,4
9426,111,106,5,5
9427,54,71,-17,17
9428,66,66,0,0
9429,110,107,3,3
9430,96,92,4,4
9431,56,57,-1,1
9432,17,29,-12,12
9433,84,81,3,3
9434,108,111,-3,3
9435,103,89,14,14
9436,102,102,0,0
9437,81,86,-5,5
9438,125,127,-2,2
9439,120,133,-13,13
9440,89,86,3,3
9441,73,71,2,2
9442,110,104,6,6
9443,86,85,1,1
9444,94,96,-2,2
9445,76,73,3,3
9446,72,71,1,1
9447,41,47,-6,6
9448,129,128,1,1
9449,80,79,1,1
9450,92,86,6,6
9451,208,188,20,20
9452,170,172,-2,2
9453,88,92,-4,4
9454,43,47,-4,4
9455,65,61,4,4
9456,52,55,-3,3
9457,44,43,1,1
9458,96,102,-6,6
9459,165,164,1,1
9460,92,84,8,8
9461,104,90,14,14
9462,131,130,1,1
9463,73,76,-3,3
9464,131,121,10,10
9465,51,71,-20,20
9466,63,67,-4,4
9467,107,116,-9,9
9468,109,128,-19,19
9469,131,116,15,15
9470,96,91,5,5
9471,90,77,13,13
9472,60,67,-7,7
9473,106,108,-2,2
9474,101,87,14,14
9475,67,67,0,0
9476,117,119,-2,2
9477,76,81,-5,5
9478,78,71,7,7
9479,94,90,4,4
9480,95,97,-2,2
9481,78,65,13,13
9482,133,133,0,0
9483,41,70,-29,29
9484,105,105,0,0
9485,102,96,6,6
9486,88,97,-9,9
9487,106,109,-3,3
9488,89,88,1,1
9489,98,122,-24,24
9490,128,120,8,8
9491,102,105,-3,3
9492,132,141,-9,9
9493,101,98,3,3
9494,144,147,-3,3
9495,61,65,-4,4
9496,61,61,0,0
9497,114,121,-7,7
9498,125,124,1,1
9499,70,71,-1,1
9500,83,93,-10,10
9501,147,148,-1,1
9502,97,101,-4,4
9503,82,81,1,1
9504,87,80,7,7
9505,94,94,0,0
9506,54,62,-8,8
9507,71,81,-10,10
9508,105,96,9,9
9509,87,91,-4,4
9510,95,109,-14,14
9511,71,75,-4,4
9512,76,85,-9,9
9513,123,123,0,0
9514,127,127,0,0
9515,84,94,-10,10
9516,48,51,-3,3
9517,108,93,15,15
9518,157,135,22,22
9519,54,53,1,1
9520,100,92,8,8
9521,118,113,5,5
9522,57,61,-4,4
9523,137,132,5,5
9524,80,87,-7,7
9525,48,52,-4,4
9526,49,43,6,6
9527,94,97,-3,3
9528,101,95,6,6
9529,64,66,-2,2
9530,114,128,-14,14
9531,82,77,5,5
9532,62,66,-4,4
9533,57,65,-8,8
9534,88,95,-7,7
9535,92,100,-8,8
9536,66,82,-16,16
9537,76,83,-7,7
9538,59,57,2,2
9539,89,87,2,2
9540,63,65,-2,2
9541,51,48,3,3
9542,123,124,-1,1
9543,88,92,-4,4
9544,59,63,-4,4
9545,66,64,2,2
9546,135,121,14,14
9547,54,59,-5,5
9548,24,34,-10,10
9549,91,79,12,12
9550,166,163,3,3
9551,45,46,-1,1
9552,95,88,7,7
9553,99,97,2,2
9554,70,79,-9,9
9555,81,75,6,6
9556,97,89,8,8
9557,75,89,-14,14
9558,55,63,-8,8
9559,86,92,-6,6
9560,172,164,8,8
9561,65,80,-15,15
9562,174,161,13,13
9563,78,80,-2,2
9564,81,90,-9,9
9565,68,63,5,5
9566,74,65,9,9
9567,46,49,-3,3
9568,119,128,-9,9
9569,48,54,-6,6
9570,112,120,-8,8
9571,135,156,-21,21
9572,91,80,11,11
9573,103,96,7,7
9574,95,119,-24,24
9575,91,76,15,15
9576,201,183,18,18
9577,89,89,0,0
9578,71,66,5,5
9579,198,192,6,6
9580,93,85,8,8
9581,82,82,0,0
9582,132,127,5,5
9583,79,88,-9,9
9584,60,63,-3,3
9585,72,84,-12,12
9586,107,113,-6,6
9587,112,119,-7,7
9588,99,105,-6,6
9589,104,117,-13,13
9590,68,67,1,1
9591,57,59,-2,2
9592,47,54,-7,7
9593,96,90,6,6
9594,95,109,-14,14
9595,43,46,-3,3
9596,116,110,6,6
9597,65,67,-2,2
9598,106,89,17,17
9599,117,130,-13,13
9600,96,95,1,1
9601,67,64,3,3
9602,100,89,11,11
9603,108,111,-3,3
9604,103,100,3,3
9605,58,62,-4,4
9606,88,86,2,2
9607,133,125,8,8
9608,161,161,0,0
9609,95,87,8,8
9610,99,89,10,10
9611,69,64,5,5
9612,112,107,5,5
9613,127,121,6,6
9614,66,71,-5,5
9615,116,122,-6,6
9616,105,119,-14,14
9617,100,93,7,7
9618,93,96,-3,3
9619,79,86,-7,7
9620,121,115,6,6
9621,86,95,-9,9
9622,88,80,8,8
9623,177,163,14,14
9624,67,62,5,5
9625,73,77,-4,4
9626,105,102,3,3
9627,115,116,-1,1
9628,141,141,0,0
9629,75,78,-3,3
9630,58,61,-3,3
9631,86,87,-1,1
9632,137,134,3,3
9633,113,116,-3,3
9634,92,90,2,2
9635,83,92,-9,9
9636,103,116,-13,13
9637,145,126,19,19
9638,84,82,2,2
9639,123,131,-8,8
9640,104,101,3,3
9641,61,61,0,0
9642,79,100,-21,21
9643,90,114,-24,24
9644,115,121,-6,6
9645,138,149,-11,11
9646,80,82,-2,2
9647,92,96,-4,4
9648,126,125,1,1
9649,62,50,12,12
9650,81,84,-3,3
9651,88,83,5,5
9652,90,93,-3,3
9653,70,72,-2,2
9654,113,115,-2,2
9655,81,84,-3,3
9656,70,78,-8,8
9657,87,86,1,1
9658,62,66,-4,4
9659,54,58,-4,4
9660,85,84,1,1
9661,76,74,2,2
9662,44,48,-4,4
9663,106,102,4,4
9664,116,115,1,1
9665,114,143,-29,29
9666,156,153,3,3
9667,127,119,8,8
9668,61,63,-2,2
9669,57,56,1,1
9670,128,130,-2,2
9671,90,84,6,6
9672,113,112,1,1
9673,81,75,6,6
9674,48,59,-11,11
9675,47,49,-2,2
9676,139,130,9,9
9677,154,154,0,0
9678,104,115,-11,11
9679,97,97,0,0
9680,123,125,-2,2
9681,68,59,9,9
9682,94,100,-6,6
9683,77,88,-11,11
9684,45,46,-1,1
9685,78,79,-1,1
9686,75,79,-4,4
9687,79,75,4,4
9688,175,186,-11,11
9689,117,114,3,3
9690,108,105,3,3
9691,106,111,-5,5
9692,82,73,9,9
9693,112,103,9,9
9694,74,74,0,0
9695,117,121,-4,4
9696,94,98,-4,4
9697,226,213,13,13
9698,120,112,8,8
9699,40,43,-3,3
9700,40,106,-66,66
9701,119,123,-4,4
9702,51,56,-5,5
9703,61,61,0,0
9704,119,117,2,2
9705,97,87,10,10
9706,70,77,-7,7
9707,101,93,8,8
9708,160,157,3,3
9709,88,85,3,3
9710,41,51,-10,10
9711,86,84,2,2
9712,76,82,-6,6
9713,66,72,-6,6
9714,110,113,-3,3
9715,120,120,0,0
9716,97,96,1,1
9717,89,99,-10,10
9718,117,115,2,2
9719,59,69,-10,10
9720,145,146,-1,1
9721,84,78,6,6
9722,78,89,-11,11
9723,65,65,0,0
9724,62,62,0,0
9725,114,114,0,0
9726,76,81,-5,5
9727,51,56,-5,5
9728,131,143,-12,12
9729,162,176,-14,14
9730,90,103,-13,13
9731,95,102,-7,7
9732,49,63,-14,14
9733,81,86,-5,5
9734,103,104,-1,1
9735,136,144,-8,8
9736,116,116,0,0
9737,74,75,-1,1
9738,54,64,-10,10
9739,110,115,-5,5
9740,113,103,10,10
9741,142,120,22,22
9742,130,110,20,20
9743,156,151,5,5
9744,186,193,-7,7
9745,70,70,0,0
9746,115,105,10,10
9747,149,133,16,16
9748,135,125,10,10
9749,72,71,1,1
9750,143,143,0,0
9751,190,180,10,10
9752,117,128,-11,11
9753,124,112,12,12
9754,78,88,-10,10
9755,90,95,-5,5
9756,49,46,3,3
9757,52,60,-8,8
9758,48,53,-5,5
9759,69,71,-2,2
9760,69,75,-6,6
9761,40,52,-12,12
9762,89,95,-6,6
9763,85,85,0,0
9764,104,110,-6,6
9765,130,126,4,4
9766,110,91,19,19
9767,136,131,5,5
9768,91,80,11,11
9769,83,87,-4,4
9770,50,50,0,0
9771,104,107,-3,3
9772,83,78,5,5
9773,114,117,-3,3
9774,119,134,-15,15
9775,88,84,4,4
9776,68,90,-22,22
9777,84,102,-18,18
9778,93,76,17,17
9779,56,56,0,0
9780,66,71,-5,5
9781,60,59,1,1
9782,58,61,-3,3
9783,142,142,0,0
9784,197,186,11,11
9785,53,56,-3,3
9786,86,110,-24,24
9787,85,86,-1,1
9788,153,138,15,15
9789,58,62,-4,4
9790,78,76,2,2
9791,159,154,5,5
9792,129,130,-1,1
9793,115,115,0,0
9794,64,63,1,1
9795,142,141,1,1
9796,83,82,1,1
9797,171,184,-13,13
9798,137,134,3,3
9799,107,110,-3,3
9800,101,88,13,13
9801,75,66,9,9
9802,103,97,6,6
9803,80,81,-1,1
9804,51,58,-7,7
9805,92,82,10,10
9806,88,88,0,0
9807,96,101,-5,5
9808,140,131,9,9
9809,107,110,-3,3
9810,59,62,-3,3
9811,128,114,14,14
9812,80,77,3,3
9813,40,43,-3,3
9814,139,139,0,0
9815,79,72,7,7
9816,89,78,11,11
9817,127,126,1,1
9818,132,124,8,8
9819,104,109,-5,5
9820,100,92,8,8
9821,76,77,-1,1
9822,182,154,28,28
9823,43,44,-1,1
9824,56,59,-3,3
9825,140,139,1,1
9826,98,104,-6,6
9827,66,77,-11,11
9828,52,47,5,5
9829,100,98,2,2
9830,131,118,13,13
9831,47,53,-6,6
9832,57,59,-2,2
9833,58,62,-4,4
9834,100,97,3,3
9835,143,151,-8,8
9836,81,73,8,8
9837,130,114,16,16
9838,63,71,-8,8
9839,84,104,-20,20
9840,86,87,-1,1
9841,118,119,-1,1
9842,109,102,7,7
9843,176,183,-7,7
9844,68,72,-4,4
9845,102,105,-3,3
9846,65,63,2,2
9847,88,93,-5,5
9848,127,119,8,8
9849,56,55,1,1
9850,104,106,-2,2
9851,105,91,14,14
9852,84,82,2,2
9853,27,64,-37,37
9854,95,98,-3,3
9855,77,80,-3,3
9856,192,205,-13,13
9857,78,71,7,7
9858,122,127,-5,5
9859,80,84,-4,4
9860,94,84,10,10
9861,126,125,1,1
9862,44,48,-4,4
9863,73,78,-5,5
9864,104,83,21,21
9865,71,67,4,4
9866,65,73,-8,8
9867,96,82,14,14
9868,116,99,17,17
9869,103,109,-6,6
9870,129,129,0,0
9871,143,142,1,1
9872,100,121,-21,21
9873,133,123,10,10
9874,64,64,0,0
9875,121,120,1,1
9876,61,64,-3,3
9877,55,63,-8,8
9878,49,48,1,1
9879,86,82,4,4
9880,85,85,0,0
9881,61,59,2,2
9882,128,137,-9,9
9883,91,79,12,12
9884,99,82,17,17
9885,92,92,0,0
9886,179,177,2,2
9887,114,104,10,10
9888,66,60,6,6
9889,78,88,-10,10
9890,69,72,-3,3
9891,121,118,3,3
9892,85,73,12,12
9893,110,130,-20,20
9894,92,95,-3,3
9895,117,114,3,3
9896,174,167,7,7
9897,135,138,-3,3
9898,64,59,5,5
9899,75,73,2,2
9900,97,109,-12,12
9901,120,127,-7,7
9902,102,97,5,5
9903,91,89,2,2
9904,70,74,-4,4
9905,64,73,-9,9
9906,49,51,-2,2
9907,94,104,-10,10
9908,71,81,-10,10
9909,136,165,-29,29
9910,68,71,-3,3
9911,122,122,0,0
9912,73,73,0,0
9913,114,116,-2,2
9914,98,100,-2,2
9915,104,102,2,2
9916,103,96,7,7
9917,108,103,5,5
9918,127,123,4,4
9919,130,138,-8,8
9920,95,97,-2,2
9921,89,80,9,9
9922,73,74,-1,1
9923,157,141,16,16
9924,103,97,6,6
9925,105,104,1,1
9926,112,105,7,7
9927,109,103,6,6
9928,79,79,0,0
9929,92,114,-22,22
9930,72,65,7,7
9931,48,53,-5,5
9932,98,93,5,5
9933,111,113,-2,2
9934,119,112,7,7
9935,139,125,14,14
9936,55,71,-16,16
9937,107,112,-5,5
9938,135,149,-14,14
9939,102,96,6,6
9940,88,93,-5,5
9941,105,119,-14,14
9942,136,124,12,12
9943,82,88,-6,6
9944,67,67,0,0
9945,123,122,1,1
9946,120,123,-3,3
9947,94,100,-6,6
9948,51,53,-2,2
9949,95,87,8,8
9950,92,94,-2,2
9951,154,131,23,23
9952,76,80,-4,4
9953,59,58,1,1
9954,153,143,10,10
9955,66,75,-9,9
9956,96,105,-9,9
9957,131,128,3,3
9958,81,78,3,3
9959,80,85,-5,5
9960,59,62,-3,3
9961,72,75,-3,3
9962,148,147,1,1
9963,123,141,-18,18
9964,72,71,1,1
9965,59,61,-2,2
9966,145,147,-2,2
9967,95,99,-4,4
9968,125,125,0,0
9969,79,81,-2,2
9970,79,81,-2,2
9971,68,72,-4,4
9972,135,137,-2,2
9973,96,96,0,0
9974,64,64,0,0
9975,62,58,4,4
9976,102,99,3,3
9977,141,138,3,3
9978,82,76,6,6
9979,84,76,8,8
9980,85,88,-3,3
9981,77,78,-1,1
9982,107,102,5,5
9983,94,94,0,0
9984,84,75,9,9
9985,90,89,1,1
9986,127,128,-1,1
9987,94,95,-1,1
9988,142,164,-22,22
9989,88,94,-6,6
9990,104,101,3,3
9991,66,71,-5,5
9992,48,49,-1,1
9993,76,75,1,1
9994,105,104,1,1
9995,62,58,4,4
9996,82,84,-2,2
9997,123,128,-5,5
9998,88,94,-6,6
9999,68,64,4,4
10000,171,159,12,12
10001,134,127,7,7
10002,81,79,2,2
10003,66,71,-5,5
10004,49,54,-5,5
10005,92,97,-5,5
10006,121,119,2,2
10007,133,128,5,5
10008,147,140,7,7
10009,81,83,-2,2
10010,69,72,-3,3
10011,83,85,-2,2
10012,88,87,1,1
10013,59,52,7,7
10014,91,97,-6,6
10015,153,160,-7,7
10016,114,111,3,3
10017,77,88,-11,11
10018,85,77,8,8
10019,80,77,3,3
10020,74,73,1,1
10021,169,162,7,7
10022,108,110,-2,2
10023,121,128,-7,7
10024,83,89,-6,6
10025,56,54,2,2
10026,74,76,-2,2
10027,53,62,-9,9
10028,80,87,-7,7
10029,79,81,-2,2
10030,117,114,3,3
10031,174,166,8,8
10032,77,74,3,3
10033,114,101,13,13
10034,79,80,-1,1
10035,158,151,7,7
10036,80,80,0,0
10037,90,119,-29,29
10038,111,108,3,3
10039,155,142,13,13
10040,55,59,-4,4
10041,74,76,-2,2
10042,62,70,-8,8
10043,138,139,-1,1
10044,143,159,-16,16
10045,113,117,-4,4
10046,100,105,-5,5
10047,115,97,18,18
10048,49,49,0,0
10049,139,149,-10,10
10050,114,120,-6,6
10051,125,132,-7,7
10052,61,62,-1,1
10053,136,133,3,3
10054,77,73,4,4
10055,211,193,18,18
10056,66,60,6,6
10057,111,108,3,3
10058,122,127,-5,5
10059,139,136,3,3
10060,121,115,6,6
10061,108,118,-10,10
10062,85,94,-9,9
10063,110,107,3,3
10064,62,72,-10,10
10065,107,103,4,4
10066,49,49,0,0
10067,82,82,0,0
10068,92,91,1,1
10069,59,61,-2,2
10070,56,58,-2,2
10071,105,102,3,3
10072,61,65,-4,4
10073,95,105,-10,10
10074,56,61,-5,5
10075,148,153,-5,5
10076,123,131,-8,8
10077,111,121,-10,10
10078,75,74,1,1
10079,139,152,-13,13
10080,68,71,-3,3
10081,90,85,5,5
10082,150,157,-7,7
10083,133,120,13,13
10084,49,57,-8,8
10085,62,63,-1,1
10086,111,104,7,7
10087,117,119,-2,2
10088,151,152,-1,1
10089,100,96,4,4
10090,42,52,-10,10
10091,78,76,2,2
10092,48,52,-4,4
10093,118,108,10,10
10094,70,64,6,6
10095,117,132,-15,15
10096,61,79,-18,18
10097,94,102,-8,8
10098,78,80,-2,2
10099,170,164,6,6
10100,68,65,3,3
10101,78,73,5,5
10102,47,51,-4,4
10103,130,112,18,18
10104,80,76,4,4
10105,70,77,-7,7
10106,49,60,-11,11
10107,117,116,1,1
10108,86,89,-3,3
10109,82,76,6,6
10110,54,54,0,0
10111,160,159,1,1
10112,78,91,-13,13
10113,82,81,1,1
10114,59,52,7,7
10115,115,117,-2,2
10116,86,91,-5,5
10117,119,108,11,11
10118,116,120,-4,4
10119,90,99,-9,9
10120,75,78,-3,3
10121,81,82,-1,1
10122,87,93,-6,6
10123,108,107,1,1
10124,50,52,-2,2
10125,53,55,-2,2
10126,130,144,-14,14
10127,125,117,8,8
10128,118,116,2,2
10129,112,112,0,0
10130,62,69,-7,7
10131,105,105,0,0
10132,90,102,-12,12
10133,143,145,-2,2
10134,58,57,1,1
10135,64,71,-7,7
10136,108,101,7,7
10137,98,84,14,14
10138,136,135,1,1
10139,101,116,-15,15
10140,85,91,-6,6
10141,92,97,-5,5
10142,144,135,9,9
10143,80,83,-3,3
10144,110,99,11,11
10145,66,63,3,3
10146,73,71,2,2
10147,59,59,0,0
10148,88,91,-3,3
10149,74,86,-12,12
10150,61,65,-4,4
10151,125,119,6,6
10152,55,53,2,2
10153,115,116,-1,1
10154,58,64,-6,6
10155,76,83,-7,7
10156,137,144,-7,7
10157,81,76,5,5
10158,116,118,-2,2
10159,81,81,0,0
10160,94,89,5,5
10161,78,93,-15,15
10162,80,77,3,3
10163,99,95,4,4
10164,118,117,1,1
10165,137,135,2,2
10166,98,108,-10,10
10167,71,70,1,1
10168,83,86,-3,3
10169,132,145,-13,13
10170,69,71,-2,2
10171,119,117,2,2
10172,101,111,-10,10
10173,92,96,-4,4
10174,74,71,3,3
10175,95,98,-3,3
10176,67,70,-3,3
10177,50,56,-6,6
10178,106,101,5,5
10179,102,97,5,5
10180,359,279,80,80
10181,58,59,-1,1
10182,94,92,2,2
10183,90,81,9,9
10184,88,86,2,2
10185,105,94,11,11
10186,75,75,0,0
10187,89,89,0,0
10188,86,87,-1,1
10189,133,130,3,3
10190,35,41,-6,6
10191,88,84,4,4
10192,177,164,13,13
10193,100,97,3,3
10194,65,61,4,4
10195,104,103,1,1
10196,67,62,5,5
10197,86,86,0,0
10198,123,116,7,7
10199,108,103,5,5
10200,84,83,1,1
10201,54,61,-7,7
10202,95,95,0,0
10203,86,80,6,6
10204,70,82,-12,12
10205,84,78,6,6
10206,107,109,-2,2
10207,45,50,-5,5
10208,85,91,-6,6
10209,79,80,-1,1
10210,125,126,-1,1
10211,92,89,3,3
10212,74,76,-2,2
10213,139,144,-5,5
10214,84,82,2,2
10215,103,118,-15,15
10216,60,71,-11,11
10217,78,84,-6,6
10218,69,52,17,17
10219,131,133,-2,2
10220,102,98,4,4
10221,69,68,1,1
10222,58,63,-5,5
10223,43,45,-2,2
10224,29,42,-13,13
10225,86,91,-5,5
10226,114,118,-4,4
10227,38,48,-10,10
10228,113,127,-14,14
10229,74,87,-13,13
10230,67,67,0,0
10231,221,224,-3,3
10232,103,99,4,4
10233,224,216,8,8
10234,82,98,-16,16
10235,104,100,4,4
10236,115,110,5,5
10237,70,87,-17,17
10238,92,90,2,2
10239,118,115,3,3
10240,159,143,16,16
10241,124,112,12,12
10242,165,141,24,24
10243,118,128,-10,10
10244,79,71,8,8
10245,113,110,3,3
10246,61,62,-1,1
10247,112,114,-2,2
10248,68,66,2,2
10249,71,78,-7,7
10250,127,121,6,6
10251,82,80,2,2
10252,63,63,0,0
10253,189,202,-13,13
10254,73,78,-5,5
10255,76,71,5,5
10256,99,108,-9,9
10257,131,131,0,0
10258,88,91,-3,3
10259,61,64,-3,3
10260,135,131,4,4
10261,52,55,-3,3
10262,114,116,-2,2
10263,82,79,3,3
10264,106,103,3,3
10265,102,116,-14,14
10266,105,117,-12,12
10267,77,83,-6,6
10268,66,64,2,2
10269,129,122,7,7
10270,73,77,-4,4
10271,77,75,2,2
10272,70,72,-2,2
10273,40,42,-2,2
10274,55,64,-9,9
10275,130,140,-10,10
10276,168,159,9,9
10277,76,66,10,10
10278,136,133,3,3
10279,104,112,-8,8
10280,52,56,-4,4
10281,151,144,7,7
10282,74,75,-1,1
10283,60,71,-11,11
10284,90,86,4,4
10285,81,78,3,3
10286,118,121,-3,3
10287,96,95,1,1
10288,96,92,4,4
10289,151,153,-2,2
10290,125,121,4,4
10291,73,68,5,5
10292,107,105,2,2
10293,113,116,-3,3
10294,118,131,-13,13
10295,71,79,-8,8
10296,68,71,-3,3
10297,65,70,-5,5
10298,48,56,-8,8
10299,73,77,-4,4
10300,86,111,-25,25
10301,45,46,-1,1
10302,87,85,2,2
10303,113,110,3,3
10304,137,137,0,0
10305,114,121,-7,7
10306,61,62,-1,1
10307,106,92,14,14
10308,128,133,-5,5
10309,111,116,-5,5
10310,100,98,2,2
10311,100,93,7,7
10312,133,142,-9,9
10313,96,96,0,0
10314,133,134,-1,1
10315,130,131,-1,1
10316,78,84,-6,6
10317,130,115,15,15
10318,110,122,-12,12
10319,75,84,-9,9
10320,144,148,-4,4
10321,81,87,-6,6
10322,63,71,-8,8
10323,122,125,-3,3
10324,119,132,-13,13
10325,99,98,1,1
10326,111,112,-1,1
10327,143,128,15,15
10328,104,119,-15,15
10329,93,88,5,5
10330,72,80,-8,8
10331,79,84,-5,5
10332,128,136,-8,8
10333,99,97,2,2
10334,76,84,-8,8
10335,100,105,-5,5
10336,70,72,-2,2
10337,148,154,-6,6
10338,68,66,2,2
10339,100,114,-14,14
10340,74,88,-14,14
10341,86,80,6,6
10342,93,86,7,7
10343,138,123,15,15
10344,149,165,-16,16
10345,65,62,3,3
10346,89,95,-6,6
10347,117,85,32,32
10348,98,87,11,11
10349,127,128,-1,1
10350,106,100,6,6
10351,68,63,5,5
10352,160,143,17,17
10353,83,93,-10,10
10354,129,116,13,13
10355,117,105,12,12
10356,74,85,-11,11
10357,101,98,3,3
10358,113,107,6,6
10359,121,114,7,7
10360,122,129,-7,7
10361,117,115,2,2
10362,131,139,-8,8
10363,68,61,7,7
10364,86,95,-9,9
10365,97,90,7,7
10366,125,121,4,4
10367,65,72,-7,7
10368,49,47,2,2
10369,81,80,1,1
10370,103,107,-4,4
10371,110,106,4,4
10372,86,90,-4,4
10373,103,102,1,1
10374,103,107,-4,4
10375,59,60,-1,1
10376,119,109,10,10
10377,40,40,0,0
10378,102,106,-4,4
10379,120,116,4,4
10380,103,105,-2,2
10381,101,99,2,2
10382,106,105,1,1
10383,110,113,-3,3
10384,82,79,3,3
10385,88,82,6,6
10386,174,178,-4,4
10387,99,91,8,8
10388,66,70,-4,4
10389,105,113,-8,8
10390,59,60,-1,1
10391,128,116,12,12
10392,53,63,-10,10
10393,123,131,-8,8
10394,88,87,1,1
10395,80,78,2,2
10396,72,85,-13,13
10397,73,78,-5,5
10398,60,62,-2,2
10399,88,87,1,1
10400,82,82,0,0
10401,156,149,7,7
10402,163,146,17,17
10403,73,71,2,2
10404,105,95,10,10
10405,137,124,13,13
10406,74,76,-2,2
10407,85,79,6,6
10408,71,74,-3,3
10409,56,63,-7,7
10410,95,91,4,4
10411,48,49,-1,1
10412,113,116,-3,3
10413,96,94,2,2
10414,111,113,-2,2
10415,80,116,-36,36
10416,44,47,-3,3
10417,73,71,2,2
10418,132,112,20,20
10419,100,88,12,12
10420,126,123,3,3
10421,77,85,-8,8
10422,81,93,-12,12
10423,68,60,8,8
10424,73,94,-21,21
10425,100,101,-1,1
10426,98,87,11,11
10427,60,57,3,3
10428,110,110,0,0
10429,102,102,0,0
10430,75,73,2,2
10431,138,143,-5,5
10432,81,75,6,6
10433,108,117,-9,9
10434,148,142,6,6
10435,59,56,3,3
10436,88,92,-4,4
10437,104,86,18,18
10438,72,64,8,8
10439,82,85,-3,3
10440,93,92,1,1
10441,93,87,6,6
10442,160,160,0,0
10443,129,131,-2,2
10444,113,117,-4,4
10445,116,100,16,16
10446,119,120,-1,1
10447,86,82,4,4
10448,44,43,1,1
10449,76,70,6,6
10450,61,66,-5,5
10451,80,92,-12,12
10452,99,85,14,14
10453,87,103,-16,16
10454,117,116,1,1
10455,50,67,-17,17
10456,150,142,8,8
10457,123,114,9,9
10458,100,79,21,21
10459,147,142,5,5
10460,185,193,-8,8
10461,59,57,2,2
10462,81,75,6,6
10463,61,75,-14,14
10464,126,123,3,3
10465,82,85,-3,3
10466,100,95,5,5
10467,81,75,6,6
10468,39,41,-2,2
10469,77,74,3,3
10470,51,51,0,0
10471,98,107,-9,9
10472,133,149,-16,16
10473,80,78,2,2
10474,151,135,16,16
10475,88,80,8,8
10476,55,55,0,0
10477,72,79,-7,7
10478,75,84,-9,9
10479,77,71,6,6
10480,81,71,10,10
10481,144,145,-1,1
10482,121,105,16,16
10483,57,58,-1,1
10484,69,84,-15,15
10485,99,99,0,0
10486,64,73,-9,9
10487,130,114,16,16
10488,106,109,-3,3
10489,72,75,-3,3
10490,67,73,-6,6
10491,68,66,2,2
10492,79,86,-7,7
10493,81,83,-2,2
10494,69,71,-2,2
10495,67,66,1,1
10496,73,73,0,0
10497,39,46,-7,7
10498,112,120,-8,8
10499,71,74,-3,3
10500,132,124,8,8
10501,133,139,-6,6
10502,95,94,1,1
10503,112,107,5,5
10504,112,102,10,10
10505,99,117,-18,18
10506,71,79,-8,8
10507,127,143,-16,16
10508,89,96,-7,7
10509,87,85,2,2
10510,124,118,6,6
10511,66,67,-1,1
10512,92,95,-3,3
10513,80,74,6,6
10514,94,96,-2,2
10515,146,153,-7,7
10516,139,141,-2,2
10517,136,134,2,2
10518,63,62,1,1
10519,54,58,-4,4
10520,171,164,7,7
10521,91,86,5,5
10522,170,156,14,14
10523,147,141,6,6
10524,70,66,4,4
10525,140,145,-5,5
10526,117,121,-4,4
10527,72,71,1,1
10528,132,129,3,3
10529,63,65,-2,2
10530,102,108,-6,6
10531,81,84,-3,3
10532,90,89,1,1
10533,87,92,-5,5
10534,127,125,2,2
10535,56,58,-2,2
10536,44,45,-1,1
10537,122,120,2,2
10538,111,110,1,1
10539,66,72,-6,6
10540,110,117,-7,7
10541,101,100,1,1
10542,119,126,-7,7
10543,75,84,-9,9
10544,65,60,5,5
10545,55,59,-4,4
10546,76,84,-8,8
10547,70,72,-2,2
10548,157,188,-31,31
10549,27,29,-2,2
10550,83,77,6,6
10551,125,122,3,3
10552,95,101,-6,6
10553,86,78,8,8
10554,116,118,-2,2
10555,66,65,1,1
10556,144,167,-23,23
10557,96,105,-9,9
10558,94,95,-1,1
10559,37,42,-5,5
10560,195,184,11,11
10561,108,110,-2,2
10562,130,134,-4,4
10563,78,82,-4,4
10564,57,63,-6,6
10565,72,67,5,5
10566,57,71,-14,14
10567,90,104,-14,14
10568,67,56,11,11
10569,157,161,-4,4
10570,57,62,-5,5
10571,94,94,0,0
10572,69,75,-6,6
10573,86,88,-2,2
10574,58,57,1,1
10575,105,104,1,1
10576,74,72,2,2
10577,116,116,0,0
10578,78,74,4,4
10579,115,111,4,4
10580,64,63,1,1
10581,127,120,7,7
10582,77,77,0,0
10583,99,92,7,7
10584,68,71,-3,3
10585,101,117,-16,16
10586,88,84,4,4
10587,121,121,0,0
10588,100,103,-3,3
10589,87,72,15,15
10590,80,73,7,7
10591,43,49,-6,6
10592,103,112,-9,9
10593,149,139,10,10
10594,67,76,-9,9
10595,110,113,-3,3
10596,127,118,9,9
10597,55,58,-3,3
10598,133,127,6,6
10599,82,84,-2,2
10600,45,42,3,3
10601,59,57,2,2
10602,120,118,2,2
10603,103,112,-9,9
10604,145,147,-2,2
10605,119,124,-5,5
10606,75,83,-8,8
10607,74,70,4,4
10608,109,113,-4,4
10609,148,145,3,3
10610,80,82,-2,2
10611,68,66,2,2
10612,116,120,-4,4
10613,114,107,7,7
10614,100,104,-4,4
10615,72,73,-1,1
10616,119,137,-18,18
10617,96,89,7,7
10618,58,62,-4,4
10619,132,140,-8,8
10620,169,171,-2,2
10621,70,72,-2,2
10622,90,85,5,5
10623,93,91,2,2
10624,107,127,-20,20
10625,124,117,7,7
10626,43,46,-3,3
10627,102,97,5,5
10628,107,108,-1,1
10629,61,67,-6,6
10630,62,64,-2,2
10631,72,71,1,1
10632,129,124,5,5
10633,74,74,0,0
10634,81,76,5,5
10635,107,100,7,7
10636,79,76,3,3
10637,43,41,2,2
10638,72,77,-5,5
10639,102,88,14,14
10640,93,84,9,9
10641,90,89,1,1
10642,66,60,6,6
10643,125,123,2,2
10644,73,72,1,1
10645,78,72,6,6
10646,49,53,-4,4
10647,81,73,8,8
10648,74,79,-5,5
10649,78,75,3,3
10650,82,82,0,0
10651,92,113,-21,21
10652,110,87,23,23
10653,96,92,4,4
10654,83,88,-5,5
10655,143,143,0,0
10656,88,79,9,9
10657,111,112,-1,1
10658,54,55,-1,1
10659,66,70,-4,4
10660,68,81,-13,13
10661,57,61,-4,4
10662,169,148,21,21
10663,63,74,-11,11
10664,131,147,-16,16
10665,102,103,-1,1
10666,47,49,-2,2
10667,58,65,-7,7
10668,127,127,0,0
10669,100,95,5,5
10670,109,115,-6,6
10671,109,105,4,4
10672,92,89,3,3
10673,93,90,3,3
10674,64,64,0,0
10675,95,99,-4,4
10676,97,92,5,5
10677,87,90,-3,3
10678,65,71,-6,6
10679,84,84,0,0
10680,140,121,19,19
10681,88,84,4,4
10682,56,55,1,1
10683,131,128,3,3
10684,107,106,1,1
10685,93,88,5,5
10686,125,120,5,5
10687,204,198,6,6
10688,128,121,7,7
10689,80,76,4,4
10690,161,186,-25,25
10691,114,112,2,2
10692,96,79,17,17
10693,79,83,-4,4
10694,60,62,-2,2
10695,176,170,6,6
10696,41,42,-1,1
10697,50,55,-5,5
10698,45,47,-2,2
10699,168,146,22,22
10700,65,66,-1,1
10701,57,47,10,10
10702,98,99,-1,1
10703,77,78,-1,1
10704,84,80,4,4
10705,76,80,-4,4
10706,75,86,-11,11
10707,93,94,-1,1
10708,71,106,-35,35
10709,87,83,4,4
10710,65,70,-5,5
10711,130,122,8,8
10712,74,63,11,11
10713,34,44,-10,10
10714,129,113,16,16
10715,114,120,-6,6
10716,70,66,4,4
10717,50,58,-8,8
10718,93,82,11,11
10719,55,53,2,2
10720,94,81,13,13
10721,46,40,6,6
10722,50,48,2,2
10723,104,96,8,8
10724,118,118,0,0
10725,102,101,1,1
10726,84,86,-2,2
10727,165,178,-13,13
10728,97,99,-2,2
10729,92,94,-2,2
10730,89,76,13,13
10731,76,76,0,0
10732,75,91,-16,16
10733,142,144,-2,2
10734,96,97,-1,1
10735,145,150,-5,5
10736,87,92,-5,5
10737,64,62,2,2
10738,48,60,-12,12
10739,94,89,5,5
10740,69,64,5,5
10741,66,61,5,5
10742,131,122,9,9
10743,98,94,4,4
10744,94,98,-4,4
10745,65,70,-5,5
10746,89,91,-2,2
10747,128,124,4,4
10748,144,144,0,0
10749,53,61,-8,8
10750,108,113,-5,5
10751,29,42,-13,13
10752,58,58,0,0
10753,94,104,-10,10
10754,74,73,1,1
10755,133,132,1,1
10756,75,73,2,2
10757,87,82,5,5
10758,133,133,0,0
10759,74,71,3,3
10760,80,79,1,1
10761,52,55,-3,3
10762,116,115,1,1
10763,158,156,2,2
10764,224,212,12,12
10765,97,98,-1,1
10766,128,124,4,4
10767,102,102,0,0
10768,114,106,8,8
10769,41,43,-2,2
10770,86,86,0,0
10771,42,47,-5,5
10772,111,109,2,2
10773,142,146,-4,4
10774,68,72,-4,4
10775,65,66,-1,1
10776,116,124,-8,8
10777,91,82,9,9
10778,157,155,2,2
10779,140,138,2,2
10780,126,119,7,7
10781,77,74,3,3
10782,86,88,-2,2
10783,102,107,-5,5
10784,95,92,3,3
10785,64,65,-1,1
10786,103,119,-16,16
10787,55,61,-6,6
10788,77,83,-6,6
10789,160,151,9,9
10790,58,61,-3,3
10791,191,196,-5,5
10792,121,127,-6,6
10793,77,65,12,12
10794,161,155,6,6
10795,65,64,1,1
10796,80,97,-17,17
10797,77,83,-6,6
10798,67,78,-11,11
10799,51,53,-2,2
10800,76,75,1,1
10801,155,144,11,11
10802,96,87,9,9
10803,65,66,-1,1
10804,98,97,1,1
10805,101,101,0,0
10806,49,47,2,2
10807,112,112,0,0
10808,81,64,17,17
10809,49,50,-1,1
10810,65,63,2,2
10811,90,86,4,4
10812,126,117,9,9
10813,48,48,0,0
10814,120,128,-8,8
10815,55,59,-4,4
10816,75,89,-14,14
10817,83,101,-18,18
10818,135,128,7,7
10819,131,131,0,0
10820,117,125,-8,8
10821,88,82,6,6
10822,92,93,-1,1
10823,90,102,-12,12
10824,98,104,-6,6
10825,101,96,5,5
10826,138,142,-4,4
10827,84,88,-4,4
10828,104,107,-3,3
10829,98,115,-17,17
10830,87,90,-3,3
10831,102,108,-6,6
10832,81,85,-4,4
10833,75,81,-6,6
10834,145,136,9,9
10835,114,112,2,2
10836,63,65,-2,2
10837,51,53,-2,2
10838,109,111,-2,2
10839,69,66,3,3
10840,87,99,-12,12
10841,72,65,7,7
10842,114,117,-3,3
10843,96,83,13,13
10844,140,151,-11,11
10845,171,167,4,4
10846,97,99,-2,2
10847,77,77,0,0
10848,125,105,20,20
10849,75,75,0,0
10850,98,107,-9,9
10851,118,120,-2,2
10852,120,118,2,2
10853,69,71,-2,2
10854,57,56,1,1
10855,129,120,9,9
10856,127,126,1,1
10857,81,85,-4,4
10858,102,107,-5,5
10859,154,146,8,8
10860,116,112,4,4
10861,47,46,1,1
10862,124,122,2,2
10863,124,118,6,6
10864,138,131,7,7
10865,82,82,0,0
10866,120,115,5,5
10867,114,103,11,11
10868,90,89,1,1
10869,88,82,6,6
10870,53,53,0,0
10871,84,76,8,8
10872,80,82,-2,2
10873,147,141,6,6
10874,79,86,-7,7
10875,115,110,5,5
10876,80,78,2,2
10877,117,116,1,1
10878,123,122,1,1
10879,54,63,-9,9
10880,93,90,3,3
10881,145,143,2,2
10882,128,137,-9,9
10883,73,75,-2,2
10884,51,51,0,0
10885,65,64,1,1
10886,102,115,-13,13
10887,95,103,-8,8
10888,58,57,1,1
10889,49,61,-12,12
10890,113,113,0,0
10891,121,128,-7,7
10892,148,149,-1,1
10893,139,145,-6,6
10894,96,111,-15,15
10895,143,137,6,6
10896,92,95,-3,3
10897,78,74,4,4
10898,11,27,-16,16
10899,66,71,-5,5
10900,79,79,0,0
10901,70,71,-1,1
10902,67,71,-4,4
10903,77,78,-1,1
10904,144,144,0,0
10905,84,86,-2,2
10906,50,48,2,2
10907,79,72,7,7
10908,90,102,-12,12
10909,62,56,6,6
10910,134,150,-16,16
10911,110,99,11,11
10912,78,103,-25,25
10913,142,130,12,12
10914,79,85,-6,6
10915,143,140,3,3
10916,80,86,-6,6
10917,37,41,-4,4
10918,70,66,4,4
10919,96,102,-6,6
10920,135,145,-10,10
10921,76,75,1,1
10922,181,175,6,6
10923,105,112,-7,7
10924,49,48,1,1
10925,65,73,-8,8
10926,139,134,5,5
10927,38,43,-5,5
10928,83,86,-3,3
10929,56,61,-5,5
10930,120,108,12,12
10931,109,114,-5,5
10932,160,156,4,4
10933,117,133,-16,16
10934,92,98,-6,6
10935,99,97,2,2
10936,114,117,-3,3
10937,70,62,8,8
10938,93,98,-5,5
10939,112,107,5,5
10940,118,111,7,7
10941,72,64,8,8
10942,51,60,-9,9
10943,119,106,13,13
10944,85,84,1,1
10945,101,116,-15,15
10946,78,84,-6,6
10947,75,74,1,1
10948,69,79,-10,10
10949,120,117,3,3
10950,72,73,-1,1
10951,64,77,-13,13
10952,80,78,2,2
10953,80,87,-7,7
10954,75,71,4,4
10955,76,75,1,1
10956,157,147,10,10
10957,80,98,-18,18
10958,117,120,-3,3
10959,103,91,12,12
10960,129,115,14,14
10961,139,137,2,2
10962,98,97,1,1
10963,87,78,9,9
10964,165,149,16,16
10965,73,77,-4,4
10966,137,137,0,0
10967,150,158,-8,8
10968,74,80,-6,6
10969,157,151,6,6
10970,82,99,-17,17
10971,74,68,6,6
10972,37,54,-17,17
10973,95,96,-1,1
10974,104,101,3,3
10975,124,129,-5,5
10976,37,45,-8,8
10977,80,106,-26,26
10978,80,91,-11,11
10979,88,82,6,6
10980,147,127,20,20
10981,65,73,-8,8
10982,101,103,-2,2
10983,93,91,2,2
10984,71,72,-1,1
10985,64,58,6,6
10986,71,76,-5,5
10987,60,67,-7,7
10988,64,75,-11,11
10989,55,55,0,0
10990,48,72,-24,24
10991,141,132,9,9
10992,95,93,2,2
10993,58,61,-3,3
10994,95,91,4,4
10995,71,77,-6,6
10996,89,86,3,3
10997,125,124,1,1
10998,170,181,-11,11
10999,153,158,-5,5
11000,84,83,1,1
11001,137,141,-4,4
11002,81,76,5,5
11003,77,92,-15,15
11004,75,82,-7,7
11005,110,112,-2,2
11006,53,54,-1,1
11007,92,87,5,5
11008,105,119,-14,14
11009,55,61,-6,6
11010,85,99,-14,14
11011,141,130,11,11
11012,126,133,-7,7
11013,82,79,3,3
11014,124,120,4,4
11015,76,92,-16,16
11016,126,111,15,15
11017,56,60,-4,4
11018,65,63,2,2
11019,91,100,-9,9
11020,65,68,-3,3
11021,84,86,-2,2
11022,95,96,-1,1
11023,109,98,11,11
11024,74,68,6,6
11025,60,57,3,3
11026,65,60,5,5
11027,77,76,1,1
11028,79,78,1,1
11029,65,60,5,5
11030,110,112,-2,2
11031,116,129,-13,13
11032,67,70,-3,3
11033,83,85,-2,2
11034,120,116,4,4
11035,157,132,25,25
11036,123,123,0,0
11037,80,79,1,1
11038,99,112,-13,13
11039,88,82,6,6
11040,67,83,-16,16
11041,134,136,-2,2
11042,76,72,4,4
11043,96,107,-11,11
11044,83,90,-7,7
11045,57,60,-3,3
11046,93,91,2,2
11047,60,60,0,0
11048,85,84,1,1
11049,62,72,-10,10
11050,110,113,-3,3
11051,108,112,-4,4
11052,66,64,2,2
11053,67,79,-12,12
11054,71,65,6,6
11055,79,76,3,3
11056,145,152,-7,7
11057,62,72,-10,10
11058,60,71,-11,11
11059,126,128,-2,2
11060,120,123,-3,3
11061,67,71,-4,4
11062,96,99,-3,3
11063,54,52,2,2
11064,66,61,5,5
11065,101,102,-1,1
11066,83,76,7,7
11067,120,113,7,7
11068,186,187,-1,1
11069,72,73,-1,1
11070,91,90,1,1
11071,158,150,8,8
11072,67,70,-3,3
11073,118,99,19,19
11074,63,59,4,4
11075,105,101,4,4
11076,124,107,17,17
11077,108,88,20,20
11078,121,113,8,8
11079,39,39,0,0
11080,90,94,-4,4
11081,218,236,-18,18
11082,71,78,-7,7
11083,81,88,-7,7
11084,61,57,4,4
11085,86,77,9,9
11086,59,58,1,1
11087,168,175,-7,7
11088,86,97,-11,11
11089,104,113,-9,9
11090,89,91,-2,2
11091,80,77,3,3
11092,81,78,3,3
11093,87,81,6,6
11094,119,109,10,10
11095,136,132,4,4
11096,113,106,7,7
11097,68,76,-8,8
11098,86,74,12,12
11099,103,102,1,1
11100,72,81,-9,9
11101,142,152,-10,10
11102,172,194,-22,22
11103,166,167,-1,1
11104,96,110,-14,14
11105,106,119,-13,13
11106,125,122,3,3
11107,125,121,4,4
11108,75,104,-29,29
11109,94,85,9,9
11110,103,106,-3,3
11111,58,55,3,3
11112,81,75,6,6
11113,133,122,11,11
11114,122,123,-1,1
11115,99,107,-8,8
11116,67,70,-3,3
11117,126,122,4,4
11118,91,86,5,5
11119,73,77,-4,4
11120,89,95,-6,6
11121,124,145,-21,21
11122,68,56,12,12
11123,126,124,2,2
11124,76,80,-4,4
11125,167,153,14,14
11126,36,37,-1,1
11127,137,136,1,1
11128,93,93,0,0
11129,115,115,0,0
11130,125,119,6,6
11131,79,77,2,2
11132,59,60,-1,1
11133,90,92,-2,2
11134,73,73,0,0
11135,74,71,3,3
11136,111,107,4,4
11137,129,129,0,0
11138,80,80,0,0
11139,97,94,3,3
11140,83,81,2,2
11141,129,127,2,2
11142,120,121,-1,1
11143,93,85,8,8
11144,95,109,-14,14
11145,101,102,-1,1
11146,93,96,-3,3
11147,112,128,-16,16
11148,103,105,-2,2
11149,60,62,-2,2
11150,95,111,-16,16
11151,62,54,8,8
11152,69,72,-3,3
11153,83,99,-16,16
11154,53,47,6,6
11155,98,89,9,9
11156,101,114,-13,13
11157,73,83,-10,10
11158,94,106,-12,12
11159,55,57,-2,2
11160,93,111,-18,18
11161,70,74,-4,4
11162,102,113,-11,11
11163,75,71,4,4
11164,77,66,11,11
11165,96,93,3,3
11166,93,105,-12,12
11167,78,85,-7,7
11168,155,147,8,8
11169,94,95,-1,1
11170,66,66,0,0
11171,71,84,-13,13
11172,96,93,3,3
11173,143,144,-1,1
11174,60,60,0,0
11175,79,86,-7,7
11176,93,94,-1,1
11177,126,125,1,1
11178,128,122,6,6
11179,103,96,7,7
11180,95,95,0,0
11181,86,99,-13,13
11182,95,91,4,4
11183,68,65,3,3
11184,102,110,-8,8
11185,74,75,-1,1
11186,94,121,-27,27
11187,83,65,18,18
11188,107,108,-1,1
11189,65,58,7,7
11190,66,71,-5,5
11191,113,114,-1,1
11192,164,152,12,12
11193,60,63,-3,3
11194,139,155,-16,16
11195,96,103,-7,7
11196,87,75,12,12
11197,113,113,0,0
11198,180,180,0,0
11199,106,106,0,0
11200,73,76,-3,3
11201,121,129,-8,8
11202,125,123,2,2
11203,62,65,-3,3
11204,56,53,3,3
11205,81,81,0,0
11206,103,100,3,3
11207,107,102,5,5
11208,70,64,6,6
11209,107,100,7,7
11210,167,219,-52,52
11211,72,56,16,16
11212,123,116,7,7
11213,178,195,-17,17
11214,142,154,-12,12
11215,138,128,10,10
11216,148,139,9,9
11217,141,145,-4,4
11218,119,130,-11,11
11219,67,70,-3,3
11220,126,142,-16,16
11221,35,67,-32,32
11222,86,89,-3,3
11223,82,93,-11,11
11224,135,167,-32,32
11225,111,107,4,4
11226,145,147,-2,2
11227,99,82,17,17
11228,69,75,-6,6
11229,81,93,-12,12
11230,58,59,-1,1
11231,58,71,-13,13
11232,141,121,20,20
11233,75,78,-3,3
11234,108,119,-11,11
11235,128,137,-9,9
11236,87,106,-19,19
11237,90,101,-11,11
11238,133,135,-2,2
11239,73,72,1,1
11240,63,63,0,0
11241,73,76,-3,3
11242,136,146,-10,10
11243,105,99,6,6
11244,60,62,-2,2
11245,102,99,3,3
11246,100,98,2,2
11247,57,60,-3,3
11248,71,71,0,0
11249,76,74,2,2
11250,58,60,-2,2
11251,204,199,5,5
11252,96,95,1,1
11253,113,107,6,6
11254,114,98,16,16
11255,138,133,5,5
11256,79,87,-8,8
11257,142,135,7,7
11258,109,106,3,3
11259,141,140,1,1
11260,73,72,1,1
11261,89,86,3,3
11262,85,92,-7,7
11263,159,150,9,9
11264,107,107,0,0
11265,68,77,-9,9
11266,79,85,-6,6
11267,109,111,-2,2
11268,78,71,7,7
11269,61,65,-4,4
11270,102,104,-2,2
11271,140,146,-6,6
11272,156,153,3,3
11273,155,155,0,0
11274,118,110,8,8
11275,85,82,3,3
11276,162,155,7,7
11277,105,110,-5,5
11278,100,101,-1,1
11279,102,93,9,9
11280,130,125,5,5
11281,55,60,-5,5
11282,69,78,-9,9
11283,89,83,6,6
11284,39,51,-12,12
11285,139,135,4,4
11286,94,94,0,0
11287,79,71,8,8
11288,171,166,5,5
11289,139,136,3,3
11290,85,89,-4,4
11291,86,87,-1,1
11292,114,108,6,6
11293,134,127,7,7
11294,51,52,-1,1
11295,47,53,-6,6
11296,56,62,-6,6
11297,72,72,0,0
11298,96,104,-8,8
11299,143,148,-5,5
11300,115,100,15,15
11301,99,108,-9,9
11302,91,104,-13,13
11303,85,87,-2,2
11304,151,136,15,15
11305,42,53,-11,11
11306,125,122,3,3
11307,41,68,-27,27
11308,137,116,21,21
11309,100,97,3,3
11310,143,126,17,17
11311,174,177,-3,3
11312,81,78,3,3
11313,106,104,2,2
11314,150,138,12,12
11315,66,71,-5,5
11316,119,118,1,1
11317,133,119,14,14
11318,58,61,-3,3
11319,90,92,-2,2
11320,111,112,-1,1
11321,157,149,8,8
11322,106,104,2,2
11323,121,118,3,3
11324,61,63,-2,2
11325,111,112,-1,1
11326,88,89,-1,1
11327,81,86,-5,5
11328,93,90,3,3
11329,77,78,-1,1
11330,163,144,19,19
11331,104,105,-1,1
11332,76,71,5,5
11333,52,55,-3,3
11334,87,94,-7,7
11335,104,103,1,1
11336,62,57,5,5
11337,112,117,-5,5
11338,76,82,-6,6
11339,129,129,0,0
11340,106,117,-11,11
11341,63,65,-2,2
11342,87,90,-3,3
11343,106,112,-6,6
11344,86,74,12,12
11345,88,86,2,2
11346,89,92,-3,3
11347,71,79,-8,8
11348,116,106,10,10
11349,55,58,-3,3
11350,83,94,-11,11
11351,64,71,-7,7
11352,71,67,4,4
11353,128,119,9,9
11354,57,57,0,0
11355,127,132,-5,5
11356,47,44,3,3
11357,94,87,7,7
11358,60,57,3,3
11359,60,67,-7,7
11360,55,63,-8,8
11361,97,101,-4,4
11362,82,84,-2,2
11363,109,107,2,2
11364,111,107,4,4
11365,61,61,0,0
11366,70,75,-5,5
11367,79,78,1,1
11368,107,108,-1,1
11369,89,88,1,1
11370,60,57,3,3
11371,147,149,-2,2
11372,83,81,2,2
11373,104,105,-1,1
11374,134,144,-10,10
11375,88,89,-1,1
11376,35,38,-3,3
11377,117,131,-14,14
11378,78,79,-1,1
11379,149,142,7,7
11380,85,87,-2,2
11381,97,99,-2,2
11382,115,125,-10,10
11383,109,94,15,15
11384,81,81,0,0
11385,81,90,-9,9
11386,93,103,-10,10
11387,123,133,-10,10
11388,95,95,0,0
11389,102,97,5,5
11390,57,54,3,3
11391,179,190,-11,11
11392,126,131,-5,5
11393,62,61,1,1
11394,65,74,-9,9
11395,109,105,4,4
11396,74,76,-2,2
11397,113,115,-2,2
11398,121,116,5,5
11399,114,111,3,3
11400,63,64,-1,1
11401,103,105,-2,2
11402,80,75,5,5
11403,45,76,-31,31
11404,93,95,-2,2
11405,121,114,7,7
11406,166,171,-5,5
11407,63,77,-14,14
11408,66,60,6,6
11409,55,76,-21,21
11410,116,121,-5,5
11411,96,95,1,1
11412,76,74,2,2
11413,54,62,-8,8
11414,108,111,-3,3
11415,51,53,-2,2
11416,109,106,3,3
11417,75,73,2,2
11418,86,92,-6,6
11419,82,93,-11,11
11420,36,43,-7,7
11421,64,71,-7,7
11422,119,107,12,12
11423,53,60,-7,7
11424,73,74,-1,1
11425,58,56,2,2
11426,41,46,-5,5
11427,58,65,-7,7
11428,118,120,-2,2
11429,134,127,7,7
11430,75,77,-2,2
11431,50,55,-5,5
11432,98,101,-3,3
11433,33,40,-7,7
11434,109,104,5,5
11435,79,85,-6,6
11436,60,60,0,0
11437,100,106,-6,6
11438,85,74,11,11
11439,75,78,-3,3
11440,82,74,8,8
11441,57,59,-2,2
11442,164,168,-4,4
11443,157,152,5,5
11444,76,72,4,4
11445,72,77,-5,5
11446,57,79,-22,22
11447,96,114,-18,18
11448,90,89,1,1
11449,100,99,1,1
11450,129,127,2,2
11451,91,86,5,5
11452,98,97,1,1
11453,102,100,2,2
11454,198,209,-11,11
11455,78,75,3,3
11456,60,60,0,0
11457,173,173,0,0
11458,98,97,1,1
11459,72,72,0,0
11460,90,124,-34,34
11461,170,165,5,5
11462,163,155,8,8
11463,77,82,-5,5
11464,66,72,-6,6
11465,67,61,6,6
11466,66,80,-14,14
11467,99,87,12,12
11468,86,85,1,1
11469,85,88,-3,3
11470,71,71,0,0
11471,136,128,8,8
11472,86,81,5,5
11473,60,62,-2,2
11474,119,121,-2,2
11475,132,130,2,2
11476,114,120,-6,6
11477,66,65,1,1
11478,147,142,5,5
11479,90,90,0,0
11480,112,111,1,1
11481,68,61,7,7
11482,119,113,6,6
11483,121,118,3,3
11484,70,98,-28,28
11485,124,117,7,7
11486,47,52,-5,5
11487,70,81,-11,11
11488,80,73,7,7
11489,44,47,-3,3
11490,75,82,-7,7
11491,65,70,-5,5
11492,80,73,7,7
11493,95,95,0,0
11494,124,119,5,5
11495,50,59,-9,9
11496,133,124,9,9
11497,77,78,-1,1
11498,105,109,-4,4
11499,70,70,0,0
11500,86,87,-1,1
11501,97,87,10,10
11502,80,76,4,4
11503,98,104,-6,6
11504,106,109,-3,3
11505,74,72,2,2
11506,66,67,-1,1
11507,118,121,-3,3
11508,110,102,8,8
11509,156,151,5,5
11510,67,64,3,3
11511,170,145,25,25
11512,117,109,8,8
11513,101,100,1,1
11514,130,128,2,2
11515,93,105,-12,12
11516,105,101,4,4
11517,41,58,-17,17
11518,84,71,13,13
11519,59,59,0,0
11520,141,137,4,4
11521,47,65,-18,18
11522,114,93,21,21
11523,137,133,4,4
11524,126,140,-14,14
11525,62,62,0,0
11526,111,114,-3,3
11527,74,76,-2,2
11528,81,74,7,7
11529,160,158,2,2
11530,102,103,-1,1
11531,91,85,6,6
11532,83,86,-3,3
11533,72,63,9,9
11534,68,75,-7,7
11535,126,114,12,12
11536,77,83,-6,6
11537,160,146,14,14
11538,106,109,-3,3
11539,81,84,-3,3
11540,170,147,23,23
11541,131,126,5,5
11542,50,62,-12,12
11543,115,112,3,3
11544,70,77,-7,7
11545,109,120,-11,11
11546,72,64,8,8
11547,74,77,-3,3
11548,67,68,-1,1
11549,81,75,6,6
11550,83,85,-2,2
11551,105,104,1,1
11552,95,105,-10,10
11553,133,125,8,8
11554,115,125,-10,10
11555,98,95,3,3
11556,55,42,13,13
11557,109,111,-2,2
11558,50,60,-10,10
11559,145,138,7,7
11560,89,77,12,12
11561,85,88,-3,3
11562,85,86,-1,1
11563,65,86,-21,21
11564,86,88,-2,2
11565,105,94,11,11
11566,53,54,-1,1
11567,60,63,-3,3
11568,121,116,5,5
11569,52,63,-11,11
11570,53,58,-5,5
11571,164,166,-2,2
11572,92,100,-8,8
11573,100,103,-3,3
11574,111,109,2,2
11575,67,63,4,4
11576,169,164,5,5
11577,86,85,1,1
11578,51,47,4,4
11579,96,97,-1,1
11580,97,82,15,15
11581,82,72,10,10
11582,75,77,-2,2
11583,103,100,3,3
11584,91,88,3,3
11585,108,111,-3,3
11586,85,89,-4,4
11587,137,137,0,0
11588,88,93,-5,5
11589,167,162,5,5
11590,65,71,-6,6
11591,92,84,8,8
11592,98,90,8,8
11593,68,68,0,0
11594,65,61,4,4
11595,60,58,2,2
11596,71,66,5,5
11597,50,51,-1,1
11598,79,82,-3,3
11599,102,99,3,3
11600,85,81,4,4
11601,69,70,-1,1
11602,105,110,-5,5
11603,114,111,3,3
11604,77,77,0,0
11605,70,63,7,7
11606,80,80,0,0
11607,137,146,-9,9
11608,105,101,4,4
11609,83,92,-9,9
11610,95,96,-1,1
11611,70,82,-12,12
11612,183,181,2,2
11613,50,56,-6,6
11614,164,161,3,3
11615,125,118,7,7
11616,90,91,-1,1
11617,108,109,-1,1
11618,150,149,1,1
11619,90,85,5,5
11620,73,71,2,2
11621,86,95,-9,9
11622,91,104,-13,13
11623,108,112,-4,4
11624,120,114,6,6
11625,127,115,12,12
11626,65,62,3,3
11627,121,94,27,27
11628,80,74,6,6
11629,89,73,16,16
11630,81,76,5,5
11631,96,78,18,18
11632,119,118,1,1
11633,118,120,-2,2
11634,128,132,-4,4
11635,56,71,-15,15
11636,56,61,-5,5
11637,86,82,4,4
11638,79,76,3,3
11639,116,105,11,11
11640,69,72,-3,3
11641,111,94,17,17
11642,81,96,-15,15
11643,56,57,-1,1
11644,119,123,-4,4
11645,82,75,7,7
11646,81,75,6,6
11647,136,122,14,14
11648,127,131,-4,4
11649,108,117,-9,9
11650,129,131,-2,2
11651,74,98,-24,24
11652,63,78,-15,15
11653,168,157,11,11
11654,100,106,-6,6
11655,66,71,-5,5
11656,70,79,-9,9
11657,101,99,2,2
11658,112,101,11,11
11659,102,92,10,10
11660,124,121,3,3
11661,82,82,0,0
11662,94,96,-2,2
11663,70,81,-11,11
11664,72,77,-5,5
11665,67,70,-3,3
11666,117,130,-13,13
11667,47,46,1,1
11668,110,101,9,9
11669,93,92,1,1
11670,64,63,1,1
11671,134,137,-3,3
11672,66,62,4,4
11673,69,60,9,9
11674,99,106,-7,7
11675,137,133,4,4
11676,58,62,-4,4
11677,85,81,4,4
11678,94,91,3,3
11679,104,105,-1,1
11680,108,108,0,0
11681,89,84,5,5
11682,176,168,8,8
11683,88,92,-4,4
11684,46,51,-5,5
11685,94,99,-5,5
11686,162,162,0,0
11687,92,90,2,2
11688,96,92,4,4
11689,124,128,-4,4
11690,74,82,-8,8
11691,68,75,-7,7
11692,67,71,-4,4
11693,90,97,-7,7
11694,87,86,1,1
11695,86,80,6,6
11696,68,71,-3,3
11697,90,86,4,4
11698,77,83,-6,6
11699,126,108,18,18
11700,126,121,5,5
11701,94,101,-7,7
11702,172,169,3,3
11703,63,91,-28,28
11704,101,98,3,3
11705,148,145,3,3
11706,87,93,-6,6
11707,127,119,8,8
11708,121,106,15,15
11709,142,151,-9,9
11710,73,76,-3,3
11711,71,72,-1,1
11712,103,132,-29,29
11713,39,40,-1,1
11714,99,103,-4,4
11715,69,67,2,2
11716,182,171,11,11
11717,138,167,-29,29
11718,142,140,2,2
11719,114,122,-8,8
11720,54,55,-1,1
11721,93,90,3,3
11722,110,103,7,7
11723,38,45,-7,7
11724,133,139,-6,6
11725,143,135,8,8
11726,125,131,-6,6
11727,69,71,-2,2
11728,120,122,-2,2
11729,121,134,-13,13
11730,71,65,6,6
11731,97,97,0,0
11732,104,99,5,5
11733,97,93,4,4
11734,47,51,-4,4
11735,184,180,4,4
11736,110,122,-12,12
11737,67,66,1,1
11738,106,109,-3,3
11739,66,78,-12,12
11740,118,110,8,8
11741,81,81,0,0
11742,83,86,-3,3
11743,64,76,-12,12
11744,70,61,9,9
11745,50,53,-3,3
11746,93,86,7,7
11747,157,143,14,14
11748,51,52,-1,1
11749,77,76,1,1
11750,87,85,2,2
11751,119,114,5,5
11752,115,111,4,4
11753,85,75,10,10
11754,63,78,-15,15
11755,91,97,-6,6
11756,67,64,3,3
11757,64,71,-7,7
11758,127,137,-10,10
11759,67,71,-4,4
11760,71,72,-1,1
11761,96,88,8,8
11762,111,115,-4,4
11763,62,63,-1,1
11764,77,71,6,6
11765,174,184,-10,10
11766,138,128,10,10
11767,65,67,-2,2
11768,116,109,7,7
11769,47,51,-4,4
11770,119,117,2,2
11771,94,86,8,8
11772,122,121,1,1
11773,92,99,-7,7
11774,148,132,16,16
11775,67,73,-6,6
11776,101,105,-4,4
11777,86,85,1,1
11778,53,50,3,3
11779,77,82,-5,5
11780,126,118,8,8
11781,74,67,7,7
11782,91,92,-1,1
11783,81,85,-4,4
11784,43,46,-3,3
11785,114,110,4,4
11786,79,80,-1,1
11787,96,92,4,4
11788,106,95,11,11
11789,79,89,-10,10
11790,120,135,-15,15
11791,107,107,0,0
11792,98,99,-1,1
11793,47,46,1,1
11794,76,79,-3,3
11795,85,85,0,0
11796,67,78,-11,11
11797,79,75,4,4
11798,90,105,-15,15
11799,84,78,6,6
11800,152,142,10,10
11801,152,142,10,10
11802,87,86,1,1
11803,65,65,0,0
11804,83,81,2,2
11805,205,196,9,9
11806,151,154,-3,3
11807,114,101,13,13
11808,83,81,2,2
11809,66,73,-7,7
11810,66,71,-5,5
11811,105,103,2,2
11812,176,165,11,11
11813,166,167,-1,1
11814,185,172,13,13
11815,108,111,-3,3
11816,95,95,0,0
11817,67,84,-17,17
11818,87,87,0,0
11819,82,86,-4,4
11820,121,116,5,5
11821,71,81,-10,10
11822,62,66,-4,4
11823,113,93,20,20
11824,104,101,3,3
11825,68,72,-4,4
11826,93,99,-6,6
11827,74,66,8,8
11828,60,64,-4,4
11829,80,88,-8,8
11830,70,76,-6,6
11831,75,79,-4,4
11832,76,70,6,6
11833,75,72,3,3
11834,80,72,8,8
11835,45,55,-10,10
11836,93,110,-17,17
11837,99,111,-12,12
11838,77,80,-3,3
11839,89,85,4,4
11840,143,157,-14,14
11841,83,90,-7,7
11842,102,103,-1,1
11843,122,126,-4,4
11844,118,111,7,7
11845,132,114,18,18
11846,102,113,-11,11
11847,75,72,3,3
11848,105,110,-5,5
11849,124,118,6,6
11850,75,73,2,2
11851,47,53,-6,6
11852,130,132,-2,2
11853,147,145,2,2
11854,134,129,5,5
11855,71,72,-1,1
11856,72,73,-1,1
11857,42,49,-7,7
11858,97,90,7,7
11859,99,108,-9,9
11860,147,157,-10,10
11861,127,127,0,0
11862,65,63,2,2
11863,73,89,-16,16
11864,54,61,-7,7
11865,87,88,-1,1
11866,125,136,-11,11
11867,120,124,-4,4
11868,75,75,0,0
11869,101,107,-6,6
11870,139,140,-1,1
11871,93,91,2,2
11872,85,91,-6,6
11873,162,154,8,8
11874,158,161,-3,3
11875,234,210,24,24
11876,76,78,-2,2
11877,68,63,5,5
11878,60,59,1,1
11879,115,110,5,5
11880,92,93,-1,1
11881,99,82,17,17
11882,95,91,4,4
11883,69,82,-13,13
11884,53,62,-9,9
11885,100,96,4,4
11886,157,154,3,3
11887,103,98,5,5
11888,117,118,-1,1
11889,100,96,4,4
11890,95,90,5,5
11891,146,135,11,11
11892,97,94,3,3
11893,49,49,0,0
11894,83,86,-3,3
11895,89,81,8,8
11896,97,101,-4,4
11897,98,103,-5,5
11898,99,99,0,0
11899,52,61,-9,9
11900,92,94,-2,2
11901,128,136,-8,8
11902,60,60,0,0
11903,47,50,-3,3
11904,106,100,6,6
11905,78,71,7,7
11906,143,155,-12,12
11907,90,86,4,4
11908,125,121,4,4
11909,80,91,-11,11
11910,114,112,2,2
11911,161,151,10,10
11912,120,118,2,2
11913,41,60,-19,19
11914,38,42,-4,4
11915,105,117,-12,12
11916,48,47,1,1
11917,58,62,-4,4
11918,112,108,4,4
11919,59,61,-2,2
11920,76,80,-4,4
11921,118,117,1,1
11922,77,74,3,3
11923,51,57,-6,6
11924,76,70,6,6
11925,56,59,-3,3
11926,40,47,-7,7
11927,69,71,-2,2
11928,77,77,0,0
11929,91,94,-3,3
11930,149,149,0,0
11931,110,108,2,2
11932,115,121,-6,6
11933,117,115,2,2
11934,93,90,3,3
11935,31,33,-2,2
11936,111,131,-20,20
11937,79,88,-9,9
11938,72,73,-1,1
11939,44,54,-10,10
11940,89,89,0,0
11941,51,55,-4,4
11942,186,194,-8,8
11943,144,135,9,9
11944,98,93,5,5
11945,68,65,3,3
11946,82,82,0,0
11947,110,103,7,7
11948,101,77,24,24
11949,73,75,-2,2
11950,106,108,-2,2
11951,50,50,0,0
11952,128,128,0,0
11953,82,84,-2,2
11954,39,59,-20,20
11955,57,59,-2,2
11956,100,100,0,0
11957,132,131,1,1
11958,58,60,-2,2
11959,65,60,5,5
11960,46,50,-4,4
11961,90,87,3,3
11962,132,129,3,3
11963,84,90,-6,6
11964,95,95,0,0
11965,152,153,-1,1
11966,67,71,-4,4
11967,96,111,-15,15
11968,78,80,-2,2
11969,99,90,9,9
11970,71,79,-8,8
11971,116,112,4,4
11972,122,128,-6,6
11973,81,81,0,0
11974,42,49,-7,7
11975,121,120,1,1
11976,144,143,1,1
11977,190,194,-4,4
11978,132,130,2,2
11979,112,102,10,10
11980,106,91,15,15
11981,104,94,10,10
11982,79,76,3,3
11983,81,85,-4,4
11984,92,112,-20,20
11985,55,59,-4,4
11986,85,77,8,8
11987,72,73,-1,1
11988,48,49,-1,1
11989,92,105,-13,13
11990,44,47,-3,3
11991,112,110,2,2
11992,118,115,3,3
11993,74,80,-6,6
11994,102,90,12,12
11995,93,101,-8,8
11996,113,107,6,6
11997,89,93,-4,4
11998,133,134,-1,1
11999,45,49,-4,4
12000,53,54,-1,1
12001,139,140,-1,1
12002,61,60,1,1
12003,85,102,-17,17
12004,67,66,1,1
12005,81,79,2,2
12006,33,36,-3,3
12007,74,75,-1,1
12008,81,79,2,2
12009,81,83,-2,2
12010,114,113,1,1
12011,158,168,-10,10
12012,59,65,-6,6
12013,60,64,-4,4
12014,111,109,2,2
12015,102,99,3,3
12016,89,81,8,8
12017,80,77,3,3
12018,73,77,-4,4
12019,53,53,0,0
12020,124,123,1,1
12021,108,108,0,0
12022,101,89,12,12
12023,93,99,-6,6
12024,69,83,-14,14
12025,111,119,-8,8
12026,74,81,-7,7
12027,80,77,3,3
12028,101,93,8,8
12029,127,147,-20,20
12030,78,76,2,2
12031,143,152,-9,9
12032,114,130,-16,16
12033,49,71,-22,22
12034,115,124,-9,9
12035,103,92,11,11
12036,84,89,-5,5
12037,88,89,-1,1
12038,92,90,2,2
12039,108,115,-7,7
12040,90,88,2,2
12041,65,71,-6,6
12042,60,59,1,1
12043,72,72,0,0
12044,129,140,-11,11
12045,76,76,0,0
12046,109,117,-8,8
12047,88,103,-15,15
12048,60,60,0,0
12049,47,42,5,5
12050,100,94,6,6
12051,117,127,-10,10
12052,125,115,10,10
12053,113,108,5,5
12054,54,54,0,0
12055,111,115,-4,4
12056,156,144,12,12
12057,110,111,-1,1
12058,82,91,-9,9
12059,114,110,4,4
12060,68,72,-4,4
12061,66,76,-10,10
12062,90,94,-4,4
12063,63,63,0,0
12064,100,100,0,0
12065,66,70,-4,4
12066,141,138,3,3
12067,79,78,1,1
12068,104,91,13,13
12069,140,129,11,11
12070,72,75,-3,3
12071,39,42,-3,3
12072,118,114,4,4
12073,97,88,9,9
12074,95,108,-13,13
12075,86,89,-3,3
12076,90,88,2,2
12077,86,101,-15,15
12078,95,92,3,3
12079,118,111,7,7
12080,94,89,5,5
12081,130,133,-3,3
12082,58,56,2,2
12083,121,127,-6,6
12084,125,128,-3,3
12085,150,154,-4,4
12086,102,102,0,0
12087,122,112,10,10
12088,109,107,2,2
12089,74,79,-5,5
12090,93,87,6,6
12091,53,55,-2,2
12092,117,127,-10,10
12093,93,94,-1,1
12094,191,205,-14,14
12095,142,124,18,18
12096,123,111,12,12
12097,83,88,-5,5
12098,127,126,1,1
12099,83,85,-2,2
12100,85,81,4,4
12101,83,86,-3,3
12102,94,86,8,8
12103,164,157,7,7
12104,72,64,8,8
12105,76,59,17,17
12106,122,108,14,14
12107,59,41,18,18
12108,87,86,1,1
12109,88,63,25,25
12110,61,60,1,1
12111,154,147,7,7
12112,159,151,8,8
12113,163,152,11,11
12114,104,100,4,4
12115,121,127,-6,6
12116,116,111,5,5
12117,98,105,-7,7
12118,84,86,-2,2
12119,42,47,-5,5
12120,78,77,1,1
12121,99,118,-19,19
12122,77,92,-15,15
12123,189,177,12,12
12124,66,78,-12,12
12125,144,148,-4,4
12126,196,191,5,5
12127,107,104,3,3
12128,68,74,-6,6
12129,88,84,4,4
12130,36,44,-8,8
12131,107,111,-4,4
12132,123,117,6,6
12133,62,60,2,2
12134,207,204,3,3
12135,89,89,0,0
12136,74,77,-3,3
12137,87,88,-1,1
12138,135,138,-3,3
12139,72,71,1,1
12140,183,144,39,39
12141,118,130,-12,12
12142,110,89,21,21
12143,111,111,0,0
12144,122,112,10,10
12145,90,95,-5,5
12146,121,124,-3,3
12147,58,61,-3,3
12148,126,125,1,1
12149,105,98,7,7
12150,109,109,0,0
12151,71,74,-3,3
12152,148,148,0,0
12153,95,98,-3,3
12154,103,106,-3,3
12155,90,88,2,2
12156,77,80,-3,3
12157,126,120,6,6
12158,141,137,4,4
12159,134,123,11,11
12160,49,47,2,2
12161,99,101,-2,2
12162,130,123,7,7
12163,74,72,2,2
12164,64,61,3,3
12165,196,182,14,14
12166,106,114,-8,8
12167,100,105,-5,5
12168,88,85,3,3
12169,116,114,2,2
12170,107,110,-3,3
12171,128,130,-2,2
12172,93,86,7,7
12173,150,136,14,14
12174,92,84,8,8
12175,96,89,7,7
12176,115,110,5,5
12177,111,105,6,6
12178,87,92,-5,5
12179,69,71,-2,2
12180,139,154,-15,15
12181,104,109,-5,5
12182,115,122,-7,7
12183,114,107,7,7
12184,58,58,0,0
12185,77,77,0,0
12186,79,85,-6,6
12187,114,118,-4,4
12188,111,118,-7,7
12189,102,99,3,3
12190,161,162,-1,1
12191,197,194,3,3
12192,72,74,-2,2
12193,142,145,-3,3
12194,49,58,-9,9
12195,63,64,-1,1
12196,135,140,-5,5
12197,192,179,13,13
12198,47,51,-4,4
12199,110,111,-1,1
12200,71,71,0,0
12201,108,117,-9,9
12202,137,144,-7,7
12203,128,124,4,4
12204,137,136,1,1
12205,148,147,1,1
12206,82,85,-3,3
12207,70,80,-10,10
12208,60,54,6,6
12209,115,113,2,2
12210,76,75,1,1
12211,86,81,5,5
12212,97,98,-1,1
12213,122,122,0,0
12214,104,98,6,6
12215,149,157,-8,8
12216,73,74,-1,1
12217,88,86,2,2
12218,93,86,7,7
12219,94,93,1,1
12220,110,105,5,5
12221,56,73,-17,17
12222,66,72,-6,6
12223,73,76,-3,3
12224,96,101,-5,5
12225,121,114,7,7
12226,122,129,-7,7
12227,94,93,1,1
12228,88,103,-15,15
12229,130,139,-9,9
12230,63,75,-12,12
12231,141,131,10,10
12232,54,62,-8,8
12233,73,76,-3,3
12234,71,72,-1,1
12235,95,90,5,5
12236,121,111,10,10
12237,73,78,-5,5
12238,125,126,-1,1
12239,67,75,-8,8
12240,121,118,3,3
12241,109,111,-2,2
12242,64,66,-2,2
12243,96,91,5,5
12244,119,135,-16,16
12245,93,98,-5,5
12246,75,74,1,1
12247,95,94,1,1
12248,66,72,-6,6
12249,99,101,-2,2
12250,47,47,0,0
12251,84,103,-19,19
12252,165,209,-44,44
12253,97,93,4,4
12254,73,76,-3,3
12255,37,45,-8,8
12256,104,94,10,10
12257,71,73,-2,2
12258,65,67,-2,2
12259,66,59,7,7
12260,63,62,1,1
12261,96,99,-3,3
12262,130,126,4,4
12263,141,141,0,0
12264,86,107,-21,21
12265,108,114,-6,6
12266,128,116,12,12
12267,118,112,6,6
12268,83,76,7,7
12269,68,65,3,3
12270,84,83,1,1
12271,105,101,4,4
12272,61,75,-14,14
12273,73,75,-2,2
12274,65,66,-1,1
12275,131,112,19,19
12276,118,112,6,6
12277,93,94,-1,1
12278,76,72,4,4
12279,75,73,2,2
12280,65,70,-5,5
12281,70,64,6,6
12282,140,147,-7,7
12283,95,91,4,4
12284,145,129,16,16
12285,82,71,11,11
12286,185,174,11,11
12287,71,71,0,0
12288,100,108,-8,8
12289,99,93,6,6
12290,64,66,-2,2
12291,65,68,-3,3
12292,51,50,1,1
12293,79,89,-10,10
12294,50,56,-6,6
12295,128,143,-15,15
12296,109,104,5,5
12297,106,94,12,12
12298,50,54,-4,4
12299,126,122,4,4
12300,105,105,0,0
12301,39,49,-10,10
12302,70,71,-1,1
12303,134,106,28,28
12304,46,54,-8,8
12305,81,83,-2,2
12306,115,113,2,2
12307,56,62,-6,6
12308,90,88,2,2
12309,107,101,6,6
12310,38,47,-9,9
12311,112,107,5,5
12312,86,90,-4,4
12313,102,100,2,2
12314,81,90,-9,9
12315,133,128,5,5
12316,65,64,1,1
12317,67,81,-14,14
12318,63,71,-8,8
12319,105,97,8,8
12320,81,82,-1,1
12321,97,105,-8,8
12322,96,104,-8,8
12323,113,132,-19,19
12324,91,93,-2,2
12325,67,81,-14,14
12326,85,83,2,2
12327,102,103,-1,1
12328,76,79,-3,3
12329,190,201,-11,11
12330,63,66,-3,3
12331,87,73,14,14
12332,140,133,7,7
12333,113,101,12,12
12334,102,103,-1,1
12335,62,58,4,4
12336,57,55,2,2
12337,48,52,-4,4
12338,62,58,4,4
12339,94,112,-18,18
12340,95,108,-13,13
12341,183,180,3,3
12342,80,80,0,0
12343,164,165,-1,1
12344,66,61,5,5
12345,67,82,-15,15
12346,103,104,-1,1
12347,69,82,-13,13
12348,118,119,-1,1
12349,78,74,4,4
12350,66,65,1,1
12351,94,91,3,3
12352,92,93,-1,1
12353,142,139,3,3
12354,55,69,-14,14
12355,101,108,-7,7
12356,79,74,5,5
12357,122,129,-7,7
12358,123,111,12,12
12359,38,36,2,2
12360,65,76,-11,11
12361,138,125,13,13
12362,76,76,0,0
12363,114,116,-2,2
12364,79,85,-6,6
12365,114,110,4,4
12366,68,71,-3,3
12367,78,79,-1,1
12368,93,101,-8,8
12369,103,106,-3,3
12370,163,141,22,22
12371,101,109,-8,8
12372,126,125,1,1
12373,67,61,6,6
12374,78,75,3,3
12375,116,112,4,4
12376,128,131,-3,3
12377,91,86,5,5
12378,142,134,8,8
12379,65,65,0,0
12380,145,161,-16,16
12381,61,56,5,5
12382,136,115,21,21
12383,84,82,2,2
12384,98,93,5,5
12385,87,90,-3,3
12386,107,113,-6,6
12387,115,129,-14,14
12388,106,96,10,10
12389,93,100,-7,7
12390,80,71,9,9
12391,130,122,8,8
12392,115,107,8,8
12393,97,113,-16,16
12394,92,92,0,0
12395,88,86,2,2
12396,66,65,1,1
12397,66,65,1,1
12398,87,89,-2,2
12399,106,104,2,2
12400,70,83,-13,13
12401,180,168,12,12
12402,87,96,-9,9
12403,89,81,8,8
12404,92,98,-6,6
12405,125,114,11,11
12406,88,101,-13,13
12407,109,105,4,4
12408,35,41,-6,6
12409,67,76,-9,9
12410,117,116,1,1
12411,190,179,11,11
12412,114,114,0,0
12413,137,134,3,3
12414,138,155,-17,17
12415,129,137,-8,8
12416,106,93,13,13
12417,63,67,-4,4
12418,58,63,-5,5
12419,57,62,-5,5
12420,86,91,-5,5
12421,104,100,4,4
12422,97,97,0,0
12423,101,104,-3,3
12424,137,130,7,7
12425,64,54,10,10
12426,176,203,-27,27
12427,93,88,5,5
12428,120,118,2,2
12429,108,108,0,0
12430,70,73,-3,3
12431,97,94,3,3
12432,83,90,-7,7
12433,83,79,4,4
12434,150,162,-12,12
12435,64,70,-6,6
12436,89,82,7,7
12437,96,94,2,2
12438,114,112,2,2
12439,119,128,-9,9
12440,61,57,4,4
12441,96,96,0,0
12442,105,108,-3,3
12443,61,60,1,1
12444,141,139,2,2
12445,86,80,6,6
12446,87,83,4,4
12447,90,82,8,8
12448,105,111,-6,6
12449,91,85,6,6
12450,111,118,-7,7
12451,76,78,-2,2
12452,87,90,-3,3
12453,91,95,-4,4
12454,107,118,-11,11
12455,110,110,0,0
12456,124,131,-7,7
12457,128,120,8,8
12458,109,107,2,2
12459,71,70,1,1
12460,87,82,5,5
12461,148,144,4,4
12462,107,101,6,6
12463,134,138,-4,4
12464,23,36,-13,13
12465,119,138,-19,19
12466,91,85,6,6
12467,25,57,-32,32
12468,61,77,-16,16
12469,101,102,-1,1
12470,72,72,0,0
12471,95,102,-7,7
12472,47,43,4,4
12473,97,95,2,2
12474,81,84,-3,3
12475,59,58,1,1
12476,77,71,6,6
12477,138,124,14,14
12478,120,123,-3,3
12479,136,143,-7,7
12480,79,83,-4,4
12481,63,65,-2,2
12482,102,102,0,0
12483,158,152,6,6
12484,73,79,-6,6
12485,53,49,4,4
12486,83,89,-6,6
12487,155,139,16,16
12488,139,136,3,3
12489,93,84,9,9
12490,128,136,-8,8
12491,98,111,-13,13
12492,96,89,7,7
12493,153,147,6,6
12494,104,108,-4,4
12495,115,100,15,15
12496,72,75,-3,3
12497,90,87,3,3
12498,127,137,-10,10
12499,112,128,-16,16
12500,64,71,-7,7
12501,73,69,4,4
12502,72,78,-6,6
12503,73,87,-14,14
12504,56,62,-6,6
12505,106,101,5,5
12506,144,138,6,6
12507,47,72,-25,25
12508,147,144,3,3
12509,95,97,-2,2
12510,76,84,-8,8
12511,128,131,-3,3
12512,81,72,9,9
12513,79,84,-5,5
12514,86,82,4,4
12515,44,50,-6,6
12516,87,93,-6,6
12517,102,104,-2,2
12518,116,118,-2,2
12519,105,107,-2,2
12520,113,125,-12,12
12521,152,142,10,10
12522,175,171,4,4
12523,70,71,-1,1
12524,173,169,4,4
12525,87,81,6,6
12526,102,94,8,8
12527,88,92,-4,4
12528,76,75,1,1
12529,110,101,9,9
12530,99,103,-4,4
12531,71,73,-2,2
12532,75,74,1,1
12533,105,106,-1,1
12534,153,159,-6,6
12535,100,114,-14,14
12536,90,87,3,3
12537,83,101,-18,18
12538,82,88,-6,6
12539,49,53,-4,4
12540,69,72,-3,3
12541,113,113,0,0
12542,63,64,-1,1
12543,58,63,-5,5
12544,65,64,1,1
12545,145,147,-2,2
12546,50,50,0,0
12547,83,89,-6,6
12548,100,97,3,3
12549,76,74,2,2
12550,72,72,0,0
12551,71,90,-19,19
12552,106,104,2,2
12553,127,136,-9,9
12554,96,91,5,5
12555,67,71,-4,4
12556,140,141,-1,1
12557,56,56,0,0
12558,108,107,1,1
12559,94,88,6,6
12560,59,61,-2,2
12561,84,89,-5,5
12562,96,99,-3,3
12563,92,102,-10,10
12564,186,186,0,0
12565,62,63,-1,1
12566,164,158,6,6
12567,49,51,-2,2
12568,62,59,3,3
12569,50,60,-10,10
12570,128,128,0,0
12571,57,64,-7,7
12572,69,71,-2,2
12573,48,58,-10,10
12574,132,129,3,3
12575,140,144,-4,4
12576,107,106,1,1
12577,80,81,-1,1
12578,78,76,2,2
12579,140,129,11,11
12580,78,80,-2,2
12581,123,116,7,7
12582,87,96,-9,9
12583,91,107,-16,16
12584,119,136,-17,17
12585,107,106,1,1
12586,52,56,-4,4
12587,61,71,-10,10
12588,102,95,7,7
12589,79,74,5,5
12590,81,77,4,4
12591,72,66,6,6
12592,74,85,-11,11
12593,73,66,7,7
12594,114,91,23,23
12595,127,124,3,3
12596,92,82,10,10
12597,118,126,-8,8
12598,115,183,-68,68
12599,73,72,1,1
12600,93,94,-1,1
12601,70,73,-3,3
12602,73,71,2,2
12603,107,120,-13,13
12604,96,103,-7,7
12605,101,85,16,16
12606,76,91,-15,15
12607,85,74,11,11
12608,111,106,5,5
12609,42,52,-10,10
12610,69,69,0,0
12611,97,88,9,9
12612,90,88,2,2
12613,96,92,4,4
12614,114,137,-23,23
12615,121,120,1,1
12616,68,72,-4,4
12617,45,45,0,0
12618,73,74,-1,1
12619,109,105,4,4
12620,175,176,-1,1
12621,90,82,8,8
12622,70,71,-1,1
12623,85,87,-2,2
12624,62,66,-4,4
12625,89,97,-8,8
12626,132,131,1,1
12627,155,152,3,3
12628,99,100,-1,1
12629,60,55,5,5
12630,110,106,4,4
12631,87,86,1,1
12632,98,106,-8,8
12633,80,91,-11,11
12634,127,124,3,3
12635,172,160,12,12
12636,181,174,7,7
12637,130,122,8,8
12638,76,74,2,2
12639,86,84,2,2
12640,105,101,4,4
12641,105,115,-10,10
12642,56,65,-9,9
12643,65,73,-8,8
12644,42,44,-2,2
12645,120,115,5,5
12646,65,61,4,4
12647,76,82,-6,6
12648,134,128,6,6
12649,28,65,-37,37
12650,96,94,2,2
12651,92,96,-4,4
12652,53,50,3,3
12653,66,64,2,2
12654,79,76,3,3
12655,101,116,-15,15
12656,78,99,-21,21
12657,88,96,-8,8
12658,136,131,5,5
12659,142,141,1,1
12660,73,64,9,9
12661,97,89,8,8
12662,80,74,6,6
12663,51,55,-4,4
12664,69,78,-9,9
12665,52,51,1,1
12666,57,57,0,0
12667,100,115,-15,15
12668,147,146,1,1
12669,129,131,-2,2
12670,92,104,-12,12
12671,107,95,12,12
12672,99,108,-9,9
12673,89,92,-3,3
12674,58,58,0,0
12675,103,87,16,16
12676,33,40,-7,7
12677,103,93,10,10
12678,88,86,2,2
12679,81,84,-3,3
12680,53,53,0,0
12681,70,79,-9,9
12682,32,38,-6,6
12683,88,87,1,1
12684,99,119,-20,20
12685,110,110,0,0
12686,78,78,0,0
12687,99,98,1,1
12688,46,52,-6,6
12689,136,123,13,13
12690,75,71,4,4
12691,117,99,18,18
12692,93,84,9,9
12693,132,136,-4,4
12694,70,72,-2,2
12695,69,72,-3,3
12696,49,37,12,12
12697,71,65,6,6
12698,118,119,-1,1
12699,97,100,-3,3
12700,76,88,-12,12
12701,195,168,27,27
12702,128,127,1,1
12703,66,58,8,8
12704,120,120,0,0
12705,73,76,-3,3
12706,62,66,-4,4
12707,104,90,14,14
12708,94,98,-4,4
12709,94,86,8,8
12710,110,100,10,10
12711,96,92,4,4
12712,107,104,3,3
12713,77,87,-10,10
12714,91,102,-11,11
12715,63,59,4,4
12716,128,116,12,12
12717,77,73,4,4
12718,67,76,-9,9
12719,124,116,8,8
12720,94,91,3,3
12721,64,64,0,0
12722,74,78,-4,4
12723,88,89,-1,1
12724,70,73,-3,3
12725,78,77,1,1
12726,66,78,-12,12
12727,104,107,-3,3
12728,134,145,-11,11
12729,92,88,4,4
12730,74,71,3,3
12731,93,88,5,5
12732,98,97,1,1
12733,100,92,8,8
12734,87,90,-3,3
12735,101,95,6,6
12736,49,52,-3,3
12737,121,117,4,4
12738,84,98,-14,14
12739,158,160,-2,2
12740,115,107,8,8
12741,125,118,7,7
12742,53,49,4,4
12743,80,87,-7,7
12744,68,63,5,5
12745,103,98,5,5
12746,107,111,-4,4
12747,77,89,-12,12
12748,100,106,-6,6
12749,120,128,-8,8
12750,91,91,0,0
12751,77,63,14,14
12752,132,123,9,9
12753,131,127,4,4
12754,43,61,-18,18
12755,45,47,-2,2
12756,124,118,6,6
12757,86,81,5,5
12758,107,101,6,6
12759,82,88,-6,6
12760,204,193,11,11
12761,107,102,5,5
12762,120,127,-7,7
12763,140,135,5,5
12764,153,142,11,11
12765,83,82,1,1
12766,47,46,1,1
12767,91,82,9,9
12768,68,54,14,14
12769,56,56,0,0
12770,77,83,-6,6
12771,37,47,-10,10
12772,117,113,4,4
12773,85,85,0,0
12774,101,96,5,5
12775,67,79,-12,12
12776,118,129,-11,11
12777,56,64,-8,8
12778,68,67,1,1
12779,65,74,-9,9
12780,105,102,3,3
12781,102,111,-9,9
12782,116,109,7,7
12783,69,67,2,2
12784,79,77,2,2
12785,105,102,3,3
12786,101,81,20,20
12787,106,94,12,12
12788,89,84,5,5
12789,77,82,-5,5
12790,116,119,-3,3
12791,111,107,4,4
12792,91,78,13,13
12793,74,71,3,3
12794,96,97,-1,1
12795,119,131,-12,12
12796,124,120,4,4
12797,83,77,6,6
12798,59,64,-5,5
12799,87,83,4,4
12800,55,57,-2,2
12801,121,123,-2,2
12802,94,91,3,3
12803,90,90,0,0
12804,181,176,5,5
12805,93,87,6,6
12806,72,72,0,0
12807,92,98,-6,6
12808,153,146,7,7
12809,55,55,0,0
12810,61,64,-3,3
12811,99,97,2,2
12812,82,85,-3,3
12813,102,93,9,9
12814,148,145,3,3
12815,112,113,-1,1
12816,172,177,-5,5
12817,133,134,-1,1
12818,97,99,-2,2
12819,70,75,-5,5
12820,70,78,-8,8
12821,98,86,12,12
12822,96,107,-11,11
12823,69,68,1,1
12824,90,83,7,7
12825,138,130,8,8
12826,132,129,3,3
12827,153,158,-5,5
12828,86,76,10,10
12829,108,101,7,7
12830,80,90,-10,10
12831,154,139,15,15
12832,116,123,-7,7
12833,103,100,3,3
12834,104,110,-6,6
12835,116,111,5,5
12836,107,95,12,12
12837,96,88,8,8
12838,90,94,-4,4
12839,50,59,-9,9
12840,104,103,1,1
12841,72,66,6,6
12842,106,99,7,7
12843,87,86,1,1
12844,124,127,-3,3
12845,27,38,-11,11
12846,133,124,9,9
12847,122,112,10,10
12848,124,140,-16,16
12849,89,97,-8,8
12850,97,129,-32,32
12851,84,90,-6,6
12852,140,148,-8,8
12853,136,131,5,5
12854,20,43,-23,23
12855,93,98,-5,5
12856,85,86,-1,1
12857,74,78,-4,4
12858,103,93,10,10
12859,75,76,-1,1
12860,46,47,-1,1
12861,84,104,-20,20
12862,75,74,1,1
12863,53,50,3,3
12864,52,77,-25,25
12865,87,88,-1,1
12866,109,97,12,12
12867,105,99,6,6
12868,67,66,1,1
12869,154,139,15,15
12870,84,87,-3,3
12871,128,122,6,6
12872,113,122,-9,9
12873,87,80,7,7
12874,101,110,-9,9
12875,96,102,-6,6
12876,39,46,-7,7
12877,133,134,-1,1
12878,191,198,-7,7
12879,60,63,-3,3
12880,125,123,2,2
12881,75,79,-4,4
12882,40,53,-13,13
12883,103,95,8,8
12884,79,76,3,3
12885,185,186,-1,1
12886,124,118,6,6
12887,109,116,-7,7
12888,89,98,-9,9
12889,67,68,-1,1
12890,47,44,3,3
12891,76,71,5,5
12892,122,130,-8,8
12893,106,99,7,7
12894,142,128,14,14
12895,96,80,16,16
12896,52,53,-1,1
12897,96,96,0,0
12898,117,126,-9,9
12899,69,74,-5,5
12900,89,84,5,5
12901,72,73,-1,1
12902,180,176,4,4
12903,94,88,6,6
12904,53,60,-7,7
12905,93,99,-6,6
12906,161,149,12,12
12907,137,136,1,1
12908,129,133,-4,4
12909,89,81,8,8
12910,102,99,3,3
12911,159,160,-1,1
12912,67,65,2,2
12913,67,76,-9,9
12914,97,99,-2,2
12915,71,67,4,4
12916,153,154,-1,1
12917,100,100,0,0
12918,92,100,-8,8
12919,79,86,-7,7
12920,79,82,-3,3
12921,73,69,4,4
12922,133,132,1,1
12923,51,53,-2,2
12924,139,134,5,5
12925,115,125,-10,10
12926,89,88,1,1
12927,124,125,-1,1
12928,90,90,0,0
12929,128,131,-3,3
12930,131,124,7,7
12931,71,70,1,1
12932,113,107,6,6
12933,127,138,-11,11
12934,61,67,-6,6
12935,113,114,-1,1
12936,112,88,24,24
12937,75,76,-1,1
12938,125,113,12,12
12939,73,76,-3,3
12940,100,115,-15,15
12941,187,178,9,9
12942,101,98,3,3
12943,103,95,8,8
12944,99,109,-10,10
12945,65,65,0,0
12946,116,117,-1,1
12947,97,114,-17,17
12948,83,89,-6,6
12949,90,104,-14,14
12950,101,99,2,2
12951,97,101,-4,4
12952,107,108,-1,1
12953,119,130,-11,11
12954,78,72,6,6
12955,79,79,0,0
12956,74,78,-4,4
12957,150,146,4,4
12958,83,91,-8,8
12959,131,146,-15,15
12960,68,74,-6,6
12961,222,197,25,25
12962,88,85,3,3
12963,109,104,5,5
12964,149,155,-6,6
12965,82,90,-8,8
12966,33,35,-2,2
12967,97,108,-11,11
12968,88,91,-3,3
12969,127,132,-5,5
12970,70,73,-3,3
12971,86,85,1,1
12972,63,63,0,0
12973,101,98,3,3
12974,85,86,-1,1
12975,97,88,9,9
12976,68,67,1,1
12977,79,96,-17,17
12978,182,179,3,3
12979,68,73,-5,5
12980,68,69,-1,1
12981,81,76,5,5
12982,118,113,5,5
12983,93,94,-1,1
12984,117,102,15,15
12985,144,146,-2,2
12986,134,125,9,9
12987,69,71,-2,2
12988,133,129,4,4
12989,88,91,-3,3
12990,63,55,8,8
12991,116,120,-4,4
12992,113,124,-11,11
12993,103,95,8,8
12994,127,121,6,6
12995,116,121,-5,5
12996,114,110,4,4
12997,123,116,7,7
12998,72,64,8,8
12999,107,99,8,8
13000,121,108,13,13
13001,100,89,11,11
13002,87,90,-3,3
13003,102,95,7,7
13004,155,169,-14,14
13005,72,79,-7,7
13006,84,86,-2,2
13007,86,93,-7,7
13008,115,122,-7,7
13009,100,95,5,5
13010,81,72,9,9
13011,51,55,-4,4
13012,54,54,0,0
13013,86,85,1,1
13014,92,91,1,1
13015,60,64,-4,4
13016,112,113,-1,1
13017,92,90,2,2
13018,87,85,2,2
13019,95,99,-4,4
13020,80,77,3,3
13021,139,138,1,1
13022,103,95,8,8
13023,120,132,-12,12
13024,75,87,-12,12
13025,51,43,8,8
13026,76,73,3,3
13027,67,73,-6,6
13028,165,160,5,5
13029,84,90,-6,6
13030,83,90,-7,7
13031,61,59,2,2
13032,159,156,3,3
13033,64,76,-12,12
13034,140,141,-1,1
13035,65,76,-11,11
13036,68,72,-4,4
13037,67,61,6,6
13038,87,91,-4,4
13039,109,114,-5,5
13040,116,122,-6,6
13041,94,111,-17,17
13042,135,128,7,7
13043,77,73,4,4
13044,55,56,-1,1
13045,61,62,-1,1
13046,73,75,-2,2
13047,139,124,15,15
13048,106,117,-11,11
13049,78,86,-8,8
13050,74,64,10,10
13051,99,93,6,6
13052,88,93,-5,5
13053,93,86,7,7
13054,69,65,4,4
13055,235,226,9,9
13056,83,86,-3,3
13057,101,89,12,12
13058,66,73,-7,7
13059,58,54,4,4
13060,119,122,-3,3
13061,129,131,-2,2
13062,82,84,-2,2
13063,168,166,2,2
13064,72,75,-3,3
13065,125,113,12,12
13066,82,76,6,6
13067,97,91,6,6
13068,56,64,-8,8
13069,123,139,-16,16
13070,79,72,7,7
13071,84,83,1,1
13072,112,112,0,0
13073,80,84,-4,4
13074,106,108,-2,2
13075,60,63,-3,3
13076,72,77,-5,5
13077,96,102,-6,6
13078,60,45,15,15
13079,117,98,19,19
13080,66,74,-8,8
13081,78,82,-4,4
13082,55,57,-2,2
13083,164,148,16,16
13084,184,178,6,6
13085,78,82,-4,4
13086,61,65,-4,4
13087,109,126,-17,17
13088,101,102,-1,1
13089,79,77,2,2
13090,51,53,-2,2
13091,64,61,3,3
13092,62,64,-2,2
13093,144,142,2,2
13094,57,60,-3,3
13095,50,50,0,0
13096,81,77,4,4
13097,99,102,-3,3
13098,97,101,-4,4
13099,129,119,10,10
13100,104,102,2,2
13101,93,102,-9,9
13102,84,78,6,6
13103,90,93,-3,3
13104,112,121,-9,9
13105,69,71,-2,2
13106,69,75,-6,6
13107,107,87,20,20
13108,145,128,17,17
13109,84,75,9,9
13110,51,54,-3,3
13111,100,97,3,3
13112,82,89,-7,7
13113,71,83,-12,12
13114,104,96,8,8
13115,67,79,-12,12
13116,89,91,-2,2
13117,61,72,-11,11
13118,74,80,-6,6
13119,101,107,-6,6
13120,67,75,-8,8
13121,72,77,-5,5
13122,70,69,1,1
13123,158,166,-8,8
13124,94,96,-2,2
13125,84,80,4,4
13126,120,121,-1,1
13127,152,157,-5,5
13128,137,133,4,4
13129,82,87,-5,5
13130,116,112,4,4
13131,112,112,0,0
13132,99,91,8,8
13133,150,157,-7,7
13134,66,59,7,7
13135,81,71,10,10
13136,50,53,-3,3
13137,133,136,-3,3
13138,65,67,-2,2
13139,65,62,3,3
13140,80,83,-3,3
13141,53,45,8,8
13142,108,100,8,8
13143,80,62,18,18
13144,126,135,-9,9
13145,73,81,-8,8
13146,58,55,3,3
13147,80,77,3,3
13148,62,61,1,1
13149,64,66,-2,2
13150,55,57,-2,2
13151,81,81,0,0
13152,97,98,-1,1
13153,78,73,5,5
13154,101,94,7,7
13155,72,81,-9,9
13156,112,110,2,2
13157,84,87,-3,3
13158,68,73,-5,5
13159,102,108,-6,6
13160,117,129,-12,12
13161,88,85,3,3
13162,127,116,11,11
13163,64,58,6,6
13164,87,90,-3,3
13165,80,82,-2,2
13166,101,89,12,12
13167,122,119,3,3
13168,67,62,5,5
13169,131,133,-2,2
13170,97,97,0,0
13171,135,121,14,14
13172,88,88,0,0
13173,115,128,-13,13
13174,134,124,10,10
13175,116,120,-4,4
13176,79,82,-3,3
13177,45,45,0,0
13178,100,101,-1,1
13179,85,106,-21,21
13180,63,66,-3,3
13181,89,89,0,0
13182,76,77,-1,1
13183,138,127,11,11
13184,123,124,-1,1
13185,74,81,-7,7
13186,43,58,-15,15
13187,66,73,-7,7
13188,86,109,-23,23
13189,115,132,-17,17
13190,30,47,-17,17
13191,66,71,-5,5
13192,208,184,24,24
13193,90,87,3,3
13194,71,65,6,6
13195,94,86,8,8
13196,171,168,3,3
13197,55,55,0,0
13198,43,42,1,1
13199,67,73,-6,6
13200,143,125,18,18
13201,98,101,-3,3
13202,100,98,2,2
13203,108,105,3,3
13204,91,79,12,12
13205,131,134,-3,3
13206,79,68,11,11
13207,153,159,-6,6
13208,37,43,-6,6
13209,46,42,4,4
13210,241,232,9,9
13211,89,87,2,2
13212,72,67,5,5
13213,100,97,3,3
13214,83,83,0,0
13215,98,101,-3,3
13216,128,126,2,2
13217,162,123,39,39
13218,81,77,4,4
13219,98,97,1,1
13220,70,78,-8,8
13221,182,170,12,12
13222,71,71,0,0
13223,173,177,-4,4
13224,54,57,-3,3
13225,66,71,-5,5
13226,85,77,8,8
13227,93,93,0,0
13228,71,111,-40,40
13229,163,163,0,0
13230,86,84,2,2
13231,74,71,3,3
13232,148,150,-2,2
13233,112,112,0,0
13234,90,77,13,13
13235,64,59,5,5
13236,78,98,-20,20
13237,115,122,-7,7
13238,105,99,6,6
13239,90,90,0,0
13240,117,113,4,4
13241,103,91,12,12
13242,139,161,-22,22
13243,107,116,-9,9
13244,118,133,-15,15
13245,94,86,8,8
13246,56,53,3,3
13247,97,95,2,2
13248,77,71,6,6
13249,117,95,22,22
13250,125,129,-4,4
13251,67,73,-6,6
13252,73,73,0,0
13253,152,143,9,9
13254,73,71,2,2
13255,121,120,1,1
13256,166,167,-1,1
13257,90,88,2,2
13258,96,107,-11,11
13259,149,158,-9,9
13260,61,71,-10,10
13261,144,136,8,8
13262,121,125,-4,4
13263,131,123,8,8
13264,58,52,6,6
13265,51,52,-1,1
13266,54,64,-10,10
13267,72,74,-2,2
13268,99,105,-6,6
13269,124,115,9,9
13270,105,107,-2,2
13271,100,95,5,5
13272,153,157,-4,4
13273,76,82,-6,6
13274,120,115,5,5
13275,94,94,0,0
13276,85,80,5,5
13277,84,89,-5,5
13278,53,65,-12,12
13279,106,113,-7,7
13280,108,113,-5,5
13281,140,130,10,10
13282,113,113,0,0
13283,57,67,-10,10
13284,108,110,-2,2
13285,123,116,7,7
13286,108,102,6,6
13287,83,82,1,1
13288,99,84,15,15
13289,78,81,-3,3
13290,96,99,-3,3
13291,58,58,0,0
13292,82,79,3,3
13293,148,152,-4,4
13294,86,96,-10,10
13295,81,72,9,9
13296,119,121,-2,2
13297,97,104,-7,7
13298,118,119,-1,1
13299,92,87,5,5
13300,102,111,-9,9
13301,72,74,-2,2
13302,64,62,2,2
13303,86,87,-1,1
13304,57,66,-9,9
13305,102,105,-3,3
13306,67,59,8,8
13307,88,92,-4,4
13308,139,124,15,15
13309,61,64,-3,3
13310,77,79,-2,2
13311,158,163,-5,5
13312,130,121,9,9
13313,132,139,-7,7
13314,187,189,-2,2
13315,79,75,4,4
13316,96,102,-6,6
13317,76,77,-1,1
13318,71,69,2,2
13319,78,80,-2,2
13320,209,208,1,1
13321,75,75,0,0
13322,146,133,13,13
13323,100,96,4,4
13324,80,87,-7,7
13325,70,70,0,0
13326,65,70,-5,5
13327,95,108,-13,13
13328,80,81,-1,1
13329,69,71,-2,2
13330,132,142,-10,10
13331,77,72,5,5
13332,98,94,4,4
13333,94,96,-2,2
13334,86,87,-1,1
13335,90,79,11,11
13336,75,71,4,4
13337,130,109,21,21
13338,87,94,-7,7
13339,141,129,12,12
13340,161,148,13,13
13341,68,78,-10,10
13342,97,91,6,6
13343,125,118,7,7
13344,36,45,-9,9
13345,115,113,2,2
13346,68,56,12,12
13347,106,101,5,5
13348,96,114,-18,18
13349,82,83,-1,1
13350,73,66,7,7
13351,89,79,10,10
13352,75,71,4,4
13353,85,94,-9,9
13354,134,148,-14,14
13355,90,86,4,4
13356,83,89,-6,6
13357,129,109,20,20
13358,140,142,-2,2
13359,60,64,-4,4
13360,82,78,4,4
13361,153,151,2,2
13362,80,91,-11,11
13363,119,122,-3,3
13364,108,105,3,3
13365,54,56,-2,2
13366,99,104,-5,5
13367,130,166,-36,36
13368,100,99,1,1
13369,59,57,2,2
13370,84,91,-7,7
13371,117,119,-2,2
13372,60,61,-1,1
13373,55,55,0,0
13374,96,98,-2,2
13375,73,83,-10,10
13376,64,73,-9,9
13377,75,75,0,0
13378,55,53,2,2
13379,90,85,5,5
13380,142,151,-9,9
13381,139,138,1,1
13382,118,111,7,7
13383,120,116,4,4
13384,112,113,-1,1
13385,43,47,-4,4
13386,106,109,-3,3
13387,187,182,5,5
13388,117,122,-5,5
13389,111,114,-3,3
13390,188,188,0,0
13391,156,137,19,19
13392,136,143,-7,7
13393,88,92,-4,4
13394,29,37,-8,8
13395,107,94,13,13
13396,113,99,14,14
13397,93,90,3,3
13398,81,82,-1,1
13399,22,36,-14,14
13400,69,71,-2,2
13401,168,160,8,8
13402,147,139,8,8
13403,105,117,-12,12
13404,145,136,9,9
13405,58,64,-6,6
13406,60,66,-6,6
13407,150,158,-8,8
13408,70,66,4,4
13409,69,73,-4,4
13410,140,140,0,0
13411,88,81,7,7
13412,120,119,1,1
13413,63,63,0,0
13414,81,86,-5,5
13415,66,61,5,5
13416,91,85,6,6
13417,131,139,-8,8
13418,126,110,16,16
13419,138,143,-5,5
13420,103,108,-5,5
13421,103,101,2,2
13422,50,63,-13,13
13423,64,73,-9,9
13424,75,80,-5,5
13425,67,66,1,1
13426,97,93,4,4
13427,109,113,-4,4
13428,137,132,5,5
13429,71,71,0,0
13430,98,91,7,7
13431,82,97,-15,15
13432,65,70,-5,5
13433,117,105,12,12
13434,148,158,-10,10
13435,190,176,14,14
13436,84,80,4,4
13437,110,105,5,5
13438,138,137,1,1
13439,74,77,-3,3
13440,130,118,12,12
13441,79,79,0,0
13442,92,110,-18,18
13443,137,145,-8,8
13444,104,94,10,10
13445,160,140,20,20
13446,90,89,1,1
13447,101,102,-1,1
13448,123,127,-4,4
13449,73,74,-1,1
13450,66,71,-5,5
13451,124,125,-1,1
13452,173,160,13,13
13453,142,132,10,10
13454,32,45,-13,13
13455,104,100,4,4
13456,65,82,-17,17
13457,60,62,-2,2
13458,71,78,-7,7
13459,56,56,0,0
13460,122,124,-2,2
13461,135,150,-15,15
13462,162,166,-4,4
13463,96,112,-16,16
13464,126,135,-9,9
13465,74,76,-2,2
13466,102,108,-6,6
13467,80,77,3,3
13468,88,81,7,7
13469,92,82,10,10
13470,107,116,-9,9
13471,87,85,2,2
13472,58,59,-1,1
13473,80,73,7,7
13474,79,70,9,9
13475,114,124,-10,10
13476,78,89,-11,11
13477,75,82,-7,7
13478,168,176,-8,8
13479,114,115,-1,1
13480,59,68,-9,9
13481,152,160,-8,8
13482,66,67,-1,1
13483,98,92,6,6
13484,70,76,-6,6
13485,101,91,10,10
13486,130,133,-3,3
13487,114,107,7,7
13488,63,70,-7,7
13489,181,177,4,4
13490,86,82,4,4
13491,107,124,-17,17
13492,59,62,-3,3
13493,74,73,1,1
13494,134,139,-5,5
13495,199,174,25,25
13496,58,65,-7,7
13497,99,101,-2,2
13498,103,109,-6,6
13499,183,168,15,15
13500,96,97,-1,1
13501,99,103,-4,4
13502,113,106,7,7
13503,88,80,8,8
13504,88,92,-4,4
13505,128,125,3,3
13506,82,91,-9,9
13507,80,77,3,3
13508,53,59,-6,6
13509,47,50,-3,3
13510,102,90,12,12
13511,97,97,0,0
13512,68,70,-2,2
13513,125,115,10,10
13514,110,122,-12,12
13515,77,74,3,3
13516,127,119,8,8
13517,87,88,-1,1
13518,107,95,12,12
13519,105,112,-7,7
13520,153,129,24,24
13521,61,67,-6,6
13522,33,76,-43,43
13523,146,141,5,5
13524,100,108,-8,8
13525,170,162,8,8
13526,134,124,10,10
13527,78,100,-22,22
13528,73,64,9,9
13529,60,61,-1,1
13530,64,62,2,2
13531,99,96,3,3
13532,80,88,-8,8
13533,65,65,0,0
13534,67,62,5,5
13535,141,128,13,13
13536,60,64,-4,4
13537,138,148,-10,10
13538,154,158,-4,4
13539,58,60,-2,2
13540,114,126,-12,12
13541,132,123,9,9
13542,98,104,-6,6
13543,80,86,-6,6
13544,105,110,-5,5
13545,84,92,-8,8
13546,78,79,-1,1
13547,154,150,4,4
13548,67,72,-5,5
13549,95,108,-13,13
13550,125,119,6,6
13551,128,122,6,6
13552,42,47,-5,5
13553,204,203,1,1
13554,98,100,-2,2
13555,112,113,-1,1
13556,132,128,4,4
13557,139,130,9,9
13558,93,92,1,1
13559,146,142,4,4
13560,56,61,-5,5
13561,65,63,2,2
13562,124,116,8,8
13563,103,107,-4,4
13564,86,79,7,7
13565,60,67,-7,7
13566,98,99,-1,1
13567,80,121,-41,41
13568,89,104,-15,15
13569,148,134,14,14
13570,40,44,-4,4
13571,80,88,-8,8
13572,70,82,-12,12
13573,82,72,10,10
13574,133,146,-13,13
13575,75,81,-6,6
13576,75,71,4,4
13577,120,106,14,14
13578,50,58,-8,8
13579,111,124,-13,13
13580,86,87,-1,1
13581,115,123,-8,8
13582,63,59,4,4
13583,93,94,-1,1
13584,104,96,8,8
13585,153,155,-2,2
13586,51,55,-4,4
13587,128,120,8,8
13588,92,89,3,3
13589,51,60,-9,9
13590,84,84,0,0
13591,104,102,2,2
13592,101,95,6,6
13593,83,92,-9,9
13594,69,76,-7,7
13595,96,91,5,5
13596,83,82,1,1
13597,54,71,-17,17
13598,83,71,12,12
13599,54,51,3,3
13600,61,60,1,1
13601,116,105,11,11
13602,113,103,10,10
13603,76,70,6,6
13604,87,83,4,4
13605,59,58,1,1
13606,141,139,2,2
13607,97,104,-7,7
13608,89,81,8,8
13609,131,132,-1,1
13610,71,65,6,6
13611,60,56,4,4
13612,39,48,-9,9
13613,68,76,-8,8
13614,61,63,-2,2
13615,107,104,3,3
13616,95,95,0,0
13617,94,112,-18,18
13618,82,85,-3,3
13619,110,114,-4,4
13620,113,118,-5,5
13621,107,101,6,6
13622,161,148,13,13
13623,180,163,17,17
13624,101,101,0,0
13625,88,85,3,3
13626,87,85,2,2
13627,115,118,-3,3
13628,121,117,4,4
13629,139,138,1,1
13630,123,123,0,0
13631,63,63,0,0
13632,122,114,8,8
13633,68,71,-3,3
13634,110,101,9,9
13635,57,81,-24,24
13636,82,76,6,6
13637,95,95,0,0
13638,134,136,-2,2
13639,98,87,11,11
13640,128,120,8,8
13641,95,94,1,1
13642,104,131,-27,27
13643,175,167,8,8
13644,109,97,12,12
13645,164,152,12,12
13646,118,118,0,0
13647,70,76,-6,6
13648,54,64,-10,10
13649,145,146,-1,1
13650,68,66,2,2
13651,82,81,1,1
13652,61,61,0,0
13653,92,93,-1,1
13654,89,87,2,2
13655,96,93,3,3
13656,122,119,3,3
13657,79,80,-1,1
13658,75,76,-1,1
13659,108,108,0,0
13660,43,46,-3,3
13661,67,68,-1,1
13662,75,81,-6,6
13663,67,67,0,0
13664,88,94,-6,6
13665,55,57,-2,2
13666,96,110,-14,14
13667,60,61,-1,1
13668,125,119,6,6
13669,56,64,-8,8
13670,111,108,3,3
13671,105,120,-15,15
13672,77,99,-22,22
13673,89,92,-3,3
13674,79,83,-4,4
13675,107,115,-8,8
13676,124,119,5,5
13677,119,119,0,0
13678,57,79,-22,22
13679,127,128,-1,1
13680,64,74,-10,10
13681,96,100,-4,4
13682,89,81,8,8
13683,71,77,-6,6
13684,76,75,1,1
13685,110,113,-3,3
13686,120,132,-12,12
13687,98,91,7,7
13688,84,92,-8,8
13689,233,232,1,1
13690,75,72,3,3
13691,107,90,17,17
13692,76,77,-1,1
13693,84,88,-4,4
13694,86,87,-1,1
13695,103,94,9,9
13696,106,97,9,9
13697,150,132,18,18
13698,73,72,1,1
13699,130,143,-13,13
13700,132,120,12,12
13701,139,138,1,1
13702,115,115,0,0
13703,155,150,5,5
13704,75,84,-9,9
13705,70,74,-4,4
13706,127,118,9,9
13707,65,65,0,0
13708,100,109,-9,9
13709,170,166,4,4
13710,135,138,-3,3
13711,75,74,1,1
13712,164,175,-11,11
13713,125,116,9,9
13714,104,110,-6,6
13715,53,55,-2,2
13716,146,145,1,1
13717,102,87,15,15
13718,70,75,-5,5
13719,54,59,-5,5
13720,108,107,1,1
13721,97,100,-3,3
13722,104,101,3,3
13723,140,140,0,0
13724,94,105,-11,11
13725,62,76,-14,14
13726,105,98,7,7
13727,48,49,-1,1
13728,63,64,-1,1
13729,64,56,8,8
13730,51,52,-1,1
13731,63,60,3,3
13732,121,121,0,0
13733,120,119,1,1
13734,86,91,-5,5
13735,91,94,-3,3
13736,55,61,-6,6
13737,98,98,0,0
13738,69,61,8,8
13739,45,44,1,1
13740,126,140,-14,14
13741,169,173,-4,4
13742,95,88,7,7
13743,106,113,-7,7
13744,91,86,5,5
13745,126,118,8,8
13746,67,70,-3,3
13747,55,58,-3,3
13748,74,80,-6,6
13749,87,77,10,10
13750,87,87,0,0
13751,83,73,10,10
13752,114,127,-13,13
13753,125,128,-3,3
13754,120,116,4,4
13755,86,79,7,7
13756,66,71,-5,5
13757,106,106,0,0
13758,62,57,5,5
13759,87,110,-23,23
13760,68,61,7,7
13761,77,77,0,0
13762,106,103,3,3
13763,101,101,0,0
13764,93,85,8,8
13765,63,84,-21,21
13766,53,60,-7,7
13767,116,122,-6,6
13768,116,117,-1,1
13769,92,119,-27,27
13770,80,86,-6,6
13771,93,95,-2,2
13772,129,126,3,3
13773,97,97,0,0
13774,51,58,-7,7
13775,98,92,6,6
13776,80,108,-28,28
13777,74,73,1,1
13778,157,148,9,9
13779,163,168,-5,5
13780,62,65,-3,3
13781,107,109,-2,2
13782,107,96,11,11
13783,107,107,0,0
13784,83,81,2,2
13785,117,106,11,11
13786,94,102,-8,8
13787,65,67,-2,2
13788,61,65,-4,4
13789,79,85,-6,6
13790,137,141,-4,4
13791,141,135,6,6
13792,95,97,-2,2
13793,101,101,0,0
13794,95,99,-4,4
13795,142,129,13,13
13796,107,94,13,13
13797,80,76,4,4
13798,91,97,-6,6
13799,71,71,0,0
13800,81,82,-1,1
13801,96,92,4,4
13802,151,145,6,6
13803,75,85,-10,10
13804,69,71,-2,2
13805,70,73,-3,3
13806,66,71,-5,5
13807,100,103,-3,3
13808,107,102,5,5
13809,116,115,1,1
13810,59,63,-4,4
13811,90,94,-4,4
13812,60,58,2,2
13813,55,57,-2,2
13814,66,73,-7,7
13815,90,96,-6,6
13816,80,86,-6,6
13817,151,83,68,68
13818,91,88,3,3
13819,59,57,2,2
13820,73,75,-2,2
13821,51,58,-7,7
13822,95,96,-1,1
13823,92,91,1,1
13824,61,62,-1,1
13825,80,80,0,0
13826,107,123,-16,16
13827,79,82,-3,3
13828,167,154,13,13
13829,58,61,-3,3
13830,104,104,0,0
13831,106,119,-13,13
13832,61,57,4,4
13833,111,122,-11,11
13834,97,112,-15,15
13835,101,102,-1,1
13836,67,76,-9,9
13837,56,62,-6,6
13838,57,57,0,0
13839,82,66,16,16
13840,95,94,1,1
13841,69,76,-7,7
13842,58,60,-2,2
13843,105,102,3,3
13844,163,149,14,14
13845,61,67,-6,6
13846,90,75,15,15
13847,220,212,8,8
13848,96,82,14,14
13849,44,48,-4,4
13850,59,58,1,1
13851,60,64,-4,4
13852,64,66,-2,2
13853,94,96,-2,2
13854,151,141,10,10
13855,75,77,-2,2
13856,75,77,-2,2
13857,79,73,6,6
13858,70,78,-8,8
13859,107,111,-4,4
13860,145,143,2,2
13861,70,63,7,7
13862,75,67,8,8
13863,141,138,3,3
13864,66,71,-5,5
13865,79,72,7,7
13866,111,105,6,6
13867,112,102,10,10
13868,125,135,-10,10
13869,121,131,-10,10
13870,108,103,5,5
13871,74,84,-10,10
13872,106,116,-10,10
13873,118,124,-6,6
13874,162,150,12,12
13875,142,112,30,30
13876,65,70,-5,5
13877,59,56,3,3
13878,91,83,8,8
13879,75,71,4,4
13880,125,125,0,0
13881,146,142,4,4
13882,84,80,4,4
13883,95,95,0,0
13884,88,81,7,7
13885,95,91,4,4
13886,54,62,-8,8
13887,68,60,8,8
13888,250,255,-5,5
13889,64,60,4,4
13890,89,83,6,6
13891,63,63,0,0
13892,47,64,-17,17
13893,113,115,-2,2
13894,118,115,3,3
13895,77,73,4,4
13896,175,161,14,14
13897,87,87,0,0
13898,85,85,0,0
13899,107,98,9,9
13900,77,66,11,11
13901,112,123,-11,11
13902,67,71,-4,4
13903,124,138,-14,14
13904,69,71,-2,2
13905,170,175,-5,5
13906,91,79,12,12
13907,69,72,-3,3
13908,69,61,8,8
13909,102,106,-4,4
13910,87,103,-16,16
13911,61,63,-2,2
13912,140,122,18,18
13913,56,58,-2,2
13914,50,52,-2,2
13915,71,64,7,7
13916,46,54,-8,8
13917,102,107,-5,5
13918,72,67,5,5
13919,102,108,-6,6
13920,98,99,-1,1
13921,114,120,-6,6
13922,83,89,-6,6
13923,75,79,-4,4
13924,92,84,8,8
13925,107,109,-2,2
13926,166,157,9,9
13927,72,75,-3,3
13928,43,57,-14,14
13929,98,87,11,11
13930,141,137,4,4
13931,112,101,11,11
13932,149,148,1,1
13933,17,33,-16,16
13934,63,73,-10,10
13935,127,127,0,0
13936,128,128,0,0
13937,64,71,-7,7
13938,59,59,0,0
13939,45,59,-14,14
13940,104,102,2,2
13941,82,82,0,0
13942,52,46,6,6
13943,96,90,6,6
13944,108,105,3,3
13945,122,124,-2,2
13946,105,108,-3,3
13947,72,75,-3,3
13948,75,71,4,4
13949,111,112,-1,1
13950,86,83,3,3
13951,121,123,-2,2
13952,86,86,0,0
13953,66,62,4,4
13954,93,94,-1,1
13955,128,137,-9,9
13956,142,135,7,7
13957,87,74,13,13
13958,84,83,1,1
13959,103,109,-6,6
13960,113,107,6,6
13961,136,138,-2,2
13962,74,71,3,3
13963,108,124,-16,16
13964,89,94,-5,5
13965,84,84,0,0
13966,98,96,2,2
13967,51,57,-6,6
13968,53,51,2,2
13969,88,90,-2,2
13970,96,91,5,5
13971,105,118,-13,13
13972,95,87,8,8
13973,119,108,11,11
13974,79,74,5,5
13975,110,91,19,19
13976,68,64,4,4
13977,98,99,-1,1
13978,162,166,-4,4
13979,124,129,-5,5
13980,54,52,2,2
13981,89,98,-9,9
13982,55,57,-2,2
13983,147,132,15,15
13984,118,110,8,8
13985,28,44,-16,16
13986,115,115,0,0
13987,87,90,-3,3
13988,129,126,3,3
13989,100,97,3,3
13990,119,120,-1,1
13991,95,94,1,1
13992,130,131,-1,1
13993,57,53,4,4
13994,103,91,12,12
13995,100,100,0,0
13996,95,94,1,1
13997,61,61,0,0
13998,59,64,-5,5
13999,126,119,7,7
14000,162,176,-14,14
14001,98,101,-3,3
14002,134,114,20,20
14003,118,119,-1,1
14004,57,59,-2,2
14005,84,93,-9,9
14006,84,81,3,3
14007,120,134,-14,14
14008,163,165,-2,2
14009,64,65,-1,1
14010,83,77,6,6
14011,69,84,-15,15
14012,135,105,30,30
14013,86,81,5,5
14014,60,53,7,7
14015,77,82,-5,5
14016,92,92,0,0
14017,85,82,3,3
14018,161,158,3,3
14019,126,118,8,8
14020,63,63,0,0
14021,93,103,-10,10
14022,73,72,1,1
14023,107,111,-4,4
14024,74,79,-5,5
14025,73,62,11,11
14026,108,96,12,12
14027,182,178,4,4
14028,134,125,9,9
14029,67,71,-4,4
14030,91,88,3,3
14031,131,160,-29,29
14032,146,140,6,6
14033,80,81,-1,1
14034,139,134,5,5
14035,188,190,-2,2
14036,150,140,10,10
14037,74,75,-1,1
14038,115,120,-5,5
14039,87,83,4,4
14040,83,68,15,15
14041,71,72,-1,1
14042,95,98,-3,3
14043,110,104,6,6
14044,91,91,0,0
14045,108,107,1,1
14046,51,53,-2,2
14047,71,76,-5,5
14048,50,55,-5,5
14049,66,69,-3,3
14050,56,64,-8,8
14051,108,110,-2,2
14052,114,110,4,4
14053,86,74,12,12
14054,88,85,3,3
14055,66,58,8,8
14056,111,114,-3,3
14057,53,57,-4,4
14058,94,93,1,1
14059,74,74,0,0
14060,129,135,-6,6
14061,75,80,-5,5
14062,198,190,8,8
14063,76,73,3,3
14064,94,98,-4,4
14065,70,65,5,5
14066,172,153,19,19
14067,61,62,-1,1
14068,80,81,-1,1
14069,102,95,7,7
14070,114,118,-4,4
14071,70,72,-2,2
14072,75,84,-9,9
14073,112,109,3,3
14074,44,46,-2,2
14075,145,170,-25,25
14076,68,93,-25,25
14077,148,145,3,3
14078,56,60,-4,4
14079,81,83,-2,2
14080,73,75,-2,2
14081,122,127,-5,5
14082,75,83,-8,8
14083,121,131,-10,10
14084,139,144,-5,5
14085,63,62,1,1
14086,125,129,-4,4
14087,85,80,5,5
14088,112,119,-7,7
14089,114,110,4,4
14090,134,130,4,4
14091,98,110,-12,12
14092,75,86,-11,11
14093,135,124,11,11
14094,96,99,-3,3
14095,102,101,1,1
14096,150,156,-6,6
14097,186,170,16,16
14098,63,59,4,4
14099,116,108,8,8
14100,83,71,12,12
14101,110,94,16,16
14102,104,102,2,2
14103,71,70,1,1
14104,111,122,-11,11
14105,106,115,-9,9
14106,147,154,-7,7
14107,67,71,-4,4
14108,212,206,6,6
14109,83,86,-3,3
14110,174,156,18,18
14111,113,128,-15,15
14112,68,81,-13,13
14113,159,168,-9,9
14114,52,60,-8,8
14115,123,126,-3,3
14116,112,114,-2,2
14117,69,81,-12,12
14118,61,64,-3,3
14119,63,64,-1,1
14120,70,73,-3,3
14121,65,73,-8,8
14122,145,154,-9,9
14123,121,126,-5,5
14124,60,56,4,4
14125,187,174,13,13
14126,24,33,-9,9
14127,136,139,-3,3
14128,65,76,-11,11
14129,67,66,1,1
14130,189,187,2,2
14131,83,105,-22,22
14132,76,78,-2,2
14133,91,91,0,0
14134,74,87,-13,13
14135,55,64,-9,9
14136,107,101,6,6
14137,160,153,7,7
14138,149,140,9,9
14139,96,88,8,8
14140,88,89,-1,1
14141,118,115,3,3
14142,91,91,0,0
14143,92,96,-4,4
14144,74,75,-1,1
14145,118,127,-9,9
14146,81,100,-19,19
14147,95,94,1,1
14148,68,72,-4,4
14149,132,121,11,11
14150,49,45,4,4
14151,115,116,-1,1
14152,148,147,1,1
14153,109,127,-18,18
14154,104,96,8,8
14155,159,166,-7,7
14156,83,75,8,8
14157,47,47,0,0
14158,92,90,2,2
14159,101,107,-6,6
14160,57,55,2,2
14161,40,48,-8,8
14162,153,145,8,8
14163,163,140,23,23
14164,66,67,-1,1
14165,90,85,5,5
14166,55,53,2,2
14167,52,61,-9,9
14168,96,96,0,0
14169,115,117,-2,2
14170,47,49,-2,2
14171,77,93,-16,16
14172,76,81,-5,5
14173,115,120,-5,5
14174,93,99,-6,6
14175,120,92,28,28
14176,83,89,-6,6
14177,119,118,1,1
14178,40,50,-10,10
14179,47,52,-5,5
14180,55,55,0,0
14181,96,98,-2,2
14182,88,95,-7,7
14183,74,89,-15,15
14184,80,89,-9,9
14185,68,64,4,4
14186,144,142,2,2
14187,101,99,2,2
14188,116,119,-3,3
14189,63,65,-2,2
14190,51,51,0,0
14191,123,125,-2,2
14192,145,144,1,1
14193,107,99,8,8
14194,109,109,0,0
14195,115,119,-4,4
14196,59,57,2,2
14197,63,72,-9,9
14198,190,188,2,2
14199,69,67,2,2
14200,77,75,2,2
14201,78,84,-6,6
14202,85,93,-8,8
14203,112,95,17,17
14204,82,84,-2,2
14205,150,149,1,1
14206,72,75,-3,3
14207,105,111,-6,6
14208,80,77,3,3
14209,39,43,-4,4
14210,102,114,-12,12
14211,68,74,-6,6
14212,95,93,2,2
14213,24,38,-14,14
14214,50,53,-3,3
14215,66,59,7,7
14216,69,75,-6,6
14217,120,114,6,6
14218,140,129,11,11
14219,69,74,-5,5
14220,187,148,39,39
14221,107,104,3,3
14222,67,66,1,1
14223,126,132,-6,6
14224,112,124,-12,12
14225,93,104,-11,11
14226,89,94,-5,5
14227,93,101,-8,8
14228,48,53,-5,5
14229,153,150,3,3
14230,67,65,2,2
14231,48,52,-4,4
14232,58,66,-8,8
14233,179,170,9,9
14234,91,92,-1,1
14235,123,125,-2,2
14236,70,73,-3,3
14237,32,48,-16,16
14238,96,85,11,11
14239,53,55,-2,2
14240,99,104,-5,5
14241,133,123,10,10
14242,77,86,-9,9
14243,47,56,-9,9
14244,55,56,-1,1
14245,85,80,5,5
14246,135,132,3,3
14247,103,99,4,4
14248,62,74,-12,12
14249,73,76,-3,3
14250,117,133,-16,16
14251,112,108,4,4
14252,34,37,-3,3
14253,46,49,-3,3
14254,68,65,3,3
14255,42,40,2,2
14256,88,104,-16,16
14257,88,88,0,0
14258,78,80,-2,2
14259,74,81,-7,7
14260,145,140,5,5
14261,144,141,3,3
14262,146,151,-5,5
14263,50,54,-4,4
14264,134,121,13,13
14265,81,77,4,4
14266,81,75,6,6
14267,64,66,-2,2
14268,134,134,0,0
14269,177,181,-4,4
14270,115,108,7,7
14271,105,108,-3,3
14272,142,136,6,6
14273,104,107,-3,3
14274,74,81,-7,7
14275,177,163,14,14
14276,47,49,-2,2
14277,127,135,-8,8
14278,186,170,16,16
14279,81,94,-13,13
14280,78,77,1,1
14281,155,144,11,11
14282,170,140,30,30
14283,97,94,3,3
14284,94,90,4,4
14285,77,82,-5,5
14286,83,81,2,2
14287,109,110,-1,1
14288,92,98,-6,6
14289,93,95,-2,2
14290,63,84,-21,21
14291,85,84,1,1
14292,92,104,-12,12
14293,68,56,12,12
14294,111,120,-9,9
14295,181,176,5,5
14296,57,54,3,3
14297,93,98,-5,5
14298,68,77,-9,9
14299,95,101,-6,6
14300,123,112,11,11
14301,58,61,-3,3
14302,159,144,15,15
14303,97,86,11,11
14304,82,82,0,0
14305,70,64,6,6
14306,87,75,12,12
14307,63,66,-3,3
14308,138,136,2,2
14309,124,129,-5,5
14310,90,89,1,1
14311,72,67,5,5
14312,82,91,-9,9
14313,102,122,-20,20
14314,149,133,16,16
14315,127,121,6,6
14316,127,105,22,22
14317,80,79,1,1
14318,79,71,8,8
14319,126,132,-6,6
14320,160,157,3,3
14321,88,87,1,1
14322,57,46,11,11
14323,117,118,-1,1
14324,88,83,5,5
14325,117,118,-1,1
14326,108,107,1,1
14327,122,136,-14,14
14328,126,119,7,7
14329,137,137,0,0
14330,119,103,16,16
14331,94,97,-3,3
14332,89,72,17,17
14333,65,63,2,2
14334,80,79,1,1
14335,73,74,-1,1
14336,137,126,11,11
14337,112,112,0,0
14338,93,93,0,0
14339,121,101,20,20
14340,94,98,-4,4
14341,74,76,-2,2
14342,126,124,2,2
14343,102,92,10,10
14344,61,57,4,4
14345,107,111,-4,4
14346,187,178,9,9
14347,129,125,4,4
14348,96,100,-4,4
14349,85,78,7,7
14350,89,92,-3,3
14351,65,58,7,7
14352,67,75,-8,8
14353,95,88,7,7
14354,90,84,6,6
14355,70,86,-16,16
14356,51,60,-9,9
14357,67,75,-8,8
14358,105,93,12,12
14359,72,87,-15,15
14360,73,65,8,8
14361,90,94,-4,4
14362,60,56,4,4
14363,125,123,2,2
14364,128,121,7,7
14365,114,111,3,3
14366,80,65,15,15
14367,130,116,14,14
14368,170,192,-22,22
14369,163,172,-9,9
14370,121,109,12,12
14371,65,67,-2,2
14372,110,110,0,0
14373,86,87,-1,1
14374,136,137,-1,1
14375,95,97,-2,2
14376,82,81,1,1
14377,117,112,5,5
14378,122,125,-3,3
14379,61,57,4,4
14380,49,53,-4,4
14381,188,172,16,16
14382,61,66,-5,5
14383,164,168,-4,4
14384,64,67,-3,3
14385,100,90,10,10
14386,75,73,2,2
14387,90,87,3,3
14388,83,77,6,6
14389,74,81,-7,7
14390,88,86,2,2
14391,110,101,9,9
14392,104,102,2,2
14393,61,66,-5,5
14394,80,90,-10,10
14395,121,114,7,7
14396,72,73,-1,1
14397,80,80,0,0
14398,38,41,-3,3
14399,136,120,16,16
14400,85,90,-5,5
14401,86,87,-1,1
14402,129,127,2,2
14403,58,61,-3,3
14404,73,79,-6,6
14405,135,139,-4,4
14406,106,118,-12,12
14407,53,54,-1,1
14408,54,60,-6,6
14409,62,79,-17,17
14410,91,95,-4,4
14411,61,60,1,1
14412,56,62,-6,6
14413,53,56,-3,3
14414,67,67,0,0
14415,81,88,-7,7
14416,77,84,-7,7
14417,92,90,2,2
14418,181,175,6,6
14419,68,73,-5,5
14420,73,76,-3,3
14421,102,98,4,4
14422,85,86,-1,1
14423,78,80,-2,2
14424,85,77,8,8
14425,86,94,-8,8
14426,61,74,-13,13
14427,60,60,0,0
14428,70,83,-13,13
14429,63,70,-7,7
14430,141,153,-12,12
14431,82,76,6,6
14432,125,118,7,7
14433,25,31,-6,6
14434,124,118,6,6
14435,42,45,-3,3
14436,123,132,-9,9
14437,50,57,-7,7
14438,94,102,-8,8
14439,175,167,8,8
14440,119,122,-3,3
14441,97,98,-1,1
14442,112,112,0,0
14443,105,106,-1,1
14444,85,85,0,0
14445,117,125,-8,8
14446,140,139,1,1
14447,117,109,8,8
14448,45,45,0,0
14449,73,76,-3,3
14450,71,83,-12,12
14451,41,43,-2,2
14452,134,129,5,5
14453,102,103,-1,1
14454,69,72,-3,3
14455,98,105,-7,7
14456,113,107,6,6
14457,90,92,-2,2
14458,67,67,0,0
14459,83,87,-4,4
14460,64,64,0,0
14461,192,170,22,22
14462,93,81,12,12
14463,111,116,-5,5
14464,122,128,-6,6
14465,89,100,-11,11
14466,77,97,-20,20
14467,66,66,0,0
14468,57,59,-2,2
14469,84,87,-3,3
14470,90,92,-2,2
14471,103,103,0,0
14472,144,142,2,2
14473,120,112,8,8
14474,105,103,2,2
14475,121,120,1,1
14476,51,98,-47,47
14477,91,82,9,9
14478,73,80,-7,7
14479,60,63,-3,3
14480,50,49,1,1
14481,94,105,-11,11
14482,107,99,8,8
14483,62,58,4,4
14484,77,77,0,0
14485,109,105,4,4
14486,113,109,4,4
14487,95,99,-4,4
14488,153,165,-12,12
14489,146,131,15,15
14490,75,79,-4,4
14491,97,100,-3,3
14492,96,99,-3,3
14493,112,129,-17,17
14494,93,106,-13,13
14495,88,90,-2,2
14496,143,131,12,12
14497,131,133,-2,2
14498,92,93,-1,1
14499,77,74,3,3
14500,94,91,3,3
14501,60,71,-11,11
14502,70,71,-1,1
14503,73,71,2,2
14504,115,114,1,1
14505,111,116,-5,5
14506,41,45,-4,4
14507,49,51,-2,2
14508,141,141,0,0
14509,85,80,5,5
14510,89,88,1,1
14511,84,72,12,12
14512,102,101,1,1
14513,100,106,-6,6
14514,72,71,1,1
14515,99,93,6,6
14516,68,64,4,4
14517,63,57,6,6
14518,156,166,-10,10
14519,113,108,5,5
14520,109,101,8,8
14521,141,139,2,2
14522,173,171,2,2
14523,95,101,-6,6
14524,89,96,-7,7
14525,103,99,4,4
14526,71,71,0,0
14527,81,78,3,3
14528,93,93,0,0
14529,138,158,-20,20
14530,94,80,14,14
14531,168,158,10,10
14532,56,60,-4,4
14533,70,64,6,6
14534,143,126,17,17
14535,115,118,-3,3
14536,78,75,3,3
14537,71,65,6,6
14538,61,60,1,1
14539,174,169,5,5
14540,136,139,-3,3
14541,137,146,-9,9
14542,64,59,5,5
14543,98,94,4,4
14544,61,65,-4,4
14545,79,76,3,3
14546,58,57,1,1
14547,88,88,0,0
14548,83,83,0,0
14549,58,62,-4,4
14550,113,104,9,9
14551,65,62,3,3
14552,98,99,-1,1
14553,98,93,5,5
14554,119,110,9,9
14555,81,85,-4,4
14556,107,109,-2,2
14557,69,65,4,4
14558,102,106,-4,4
14559,64,69,-5,5
14560,92,99,-7,7
14561,91,77,14,14
14562,76,71,5,5
14563,120,116,4,4
14564,131,129,2,2
14565,73,63,10,10
14566,113,94,19,19
14567,46,64,-18,18
14568,31,32,-1,1
14569,86,96,-10,10
14570,124,133,-9,9
14571,69,66,3,3
14572,103,102,1,1
14573,78,86,-8,8
14574,85,77,8,8
14575,43,42,1,1
14576,102,104,-2,2
14577,64,72,-8,8
14578,112,122,-10,10
14579,104,105,-1,1
14580,116,119,-3,3
14581,72,73,-1,1
14582,86,95,-9,9
14583,45,47,-2,2
14584,90,97,-7,7
14585,204,196,8,8
14586,38,44,-6,6
14587,95,78,17,17
14588,102,112,-10,10
14589,193,191,2,2
14590,130,126,4,4
14591,47,49,-2,2
14592,132,134,-2,2
14593,176,151,25,25
14594,67,70,-3,3
14595,100,106,-6,6
14596,73,64,9,9
14597,44,53,-9,9
14598,65,72,-7,7
14599,34,42,-8,8
14600,56,66,-10,10
14601,87,88,-1,1
14602,87,107,-20,20
14603,44,54,-10,10
14604,115,105,10,10
14605,82,83,-1,1
14606,134,142,-8,8
14607,161,157,4,4
14608,61,58,3,3
14609,150,146,4,4
14610,106,103,3,3
14611,68,64,4,4
14612,106,97,9,9
14613,96,93,3,3
14614,142,150,-8,8
14615,74,64,10,10
14616,47,52,-5,5
14617,130,132,-2,2
14618,121,125,-4,4
14619,104,105,-1,1
14620,79,80,-1,1
14621,85,79,6,6
14622,92,91,1,1
14623,52,97,-45,45
14624,144,165,-21,21
14625,92,81,11,11
14626,58,53,5,5
14627,116,125,-9,9
14628,71,76,-5,5
14629,65,60,5,5
14630,86,79,7,7
14631,51,55,-4,4
14632,51,58,-7,7
14633,169,165,4,4
14634,117,125,-8,8
14635,94,93,1,1
14636,77,75,2,2
14637,61,61,0,0
14638,64,62,2,2
14639,38,45,-7,7
14640,54,52,2,2
14641,70,75,-5,5
14642,77,81,-4,4
14643,127,117,10,10
14644,58,61,-3,3
14645,84,84,0,0
14646,89,93,-4,4
14647,52,50,2,2
14648,73,75,-2,2
14649,64,73,-9,9
14650,53,62,-9,9
14651,112,106,6,6
14652,92,92,0,0
14653,90,79,11,11
14654,72,74,-2,2
14655,99,105,-6,6
14656,84,77,7,7
14657,90,92,-2,2
14658,135,139,-4,4
14659,91,86,5,5
14660,81,90,-9,9
14661,119,115,4,4
14662,70,74,-4,4
14663,62,64,-2,2
14664,80,82,-2,2
14665,69,64,5,5
14666,107,121,-14,14
14667,145,140,5,5
14668,137,132,5,5
14669,94,99,-5,5
14670,158,144,14,14
14671,174,175,-1,1
14672,100,107,-7,7
14673,141,137,4,4
14674,131,130,1,1
14675,168,165,3,3
14676,98,97,1,1
14677,116,124,-8,8
14678,101,97,4,4
14679,89,111,-22,22
14680,119,117,2,2
14681,139,141,-2,2
14682,25,28,-3,3
14683,106,107,-1,1
14684,161,163,-2,2
14685,123,120,3,3
14686,87,84,3,3
14687,58,62,-4,4
14688,62,65,-3,3
14689,89,88,1,1
14690,81,77,4,4
14691,70,64,6,6
14692,78,77,1,1
14693,163,163,0,0
14694,46,66,-20,20
14695,57,57,0,0
14696,108,103,5,5
14697,148,118,30,30
14698,74,76,-2,2
14699,54,59,-5,5
14700,64,74,-10,10
14701,162,144,18,18
14702,124,116,8,8
14703,75,77,-2,2
14704,76,75,1,1
14705,81,90,-9,9
14706,56,60,-4,4
14707,90,86,4,4
14708,70,77,-7,7
14709,66,83,-17,17
14710,75,78,-3,3
14711,95,113,-18,18
14712,123,125,-2,2
14713,125,123,2,2
14714,44,47,-3,3
14715,141,142,-1,1
14716,53,58,-5,5
14717,97,94,3,3
14718,100,100,0,0
14719,78,95,-17,17
14720,199,191,8,8
14721,124,118,6,6
14722,56,71,-15,15
14723,62,57,5,5
14724,109,105,4,4
14725,149,134,15,15
14726,101,104,-3,3
14727,129,123,6,6
14728,138,125,13,13
14729,118,125,-7,7
14730,151,151,0,0
14731,58,56,2,2
14732,148,149,-1,1
14733,89,91,-2,2
14734,93,99,-6,6
14735,111,105,6,6
14736,131,130,1,1
14737,106,114,-8,8
14738,123,120,3,3
14739,119,145,-26,26
14740,106,110,-4,4
14741,121,119,2,2
14742,74,64,10,10
14743,94,99,-5,5
14744,83,74,9,9
14745,159,154,5,5
14746,126,118,8,8
14747,71,72,-1,1
14748,52,49,3,3
14749,139,148,-9,9
14750,98,95,3,3
14751,94,96,-2,2
14752,58,54,4,4
14753,126,128,-2,2
14754,65,65,0,0
14755,98,87,11,11
14756,170,167,3,3
14757,71,80,-9,9
14758,63,74,-11,11
14759,74,80,-6,6
14760,119,115,4,4
14761,73,87,-14,14
14762,88,86,2,2
14763,96,99,-3,3
14764,125,130,-5,5
14765,119,122,-3,3
14766,88,85,3,3
14767,98,91,7,7
14768,103,119,-16,16
14769,95,94,1,1
14770,80,81,-1,1
14771,88,90,-2,2
14772,50,52,-2,2
14773,81,75,6,6
14774,72,64,8,8
14775,56,44,12,12
14776,54,57,-3,3
14777,70,80,-10,10
14778,92,85,7,7
14779,79,80,-1,1
14780,64,70,-6,6
14781,121,123,-2,2
14782,55,56,-1,1
14783,110,109,1,1
14784,142,137,5,5
14785,160,156,4,4
14786,61,59,2,2
14787,59,58,1,1
14788,102,110,-8,8
14789,95,95,0,0
14790,62,66,-4,4
14791,142,141,1,1
14792,91,79,12,12
14793,114,113,1,1
14794,54,53,1,1
14795,93,100,-7,7
14796,96,94,2,2
14797,75,73,2,2
14798,95,93,2,2
14799,59,62,-3,3
14800,87,76,11,11
14801,121,110,11,11
14802,85,90,-5,5
14803,74,76,-2,2
14804,94,97,-3,3
14805,117,122,-5,5
14806,136,137,-1,1
14807,51,50,1,1
14808,143,140,3,3
14809,110,109,1,1
14810,112,108,4,4
14811,59,54,5,5
14812,69,64,5,5
14813,92,91,1,1
14814,92,97,-5,5
14815,125,116,9,9
14816,93,87,6,6
14817,94,87,7,7
14818,183,168,15,15
14819,158,164,-6,6
14820,126,127,-1,1
14821,201,189,12,12
14822,96,86,10,10
14823,69,86,-17,17
14824,112,129,-17,17
14825,60,65,-5,5
14826,81,77,4,4
14827,229,221,8,8
14828,81,77,4,4
14829,49,58,-9,9
14830,98,91,7,7
14831,104,102,2,2
14832,117,112,5,5
14833,91,94,-3,3
14834,96,85,11,11
14835,82,77,5,5
14836,193,176,17,17
14837,75,82,-7,7
14838,101,103,-2,2
14839,128,116,12,12
14840,103,103,0,0
14841,84,81,3,3
14842,162,152,10,10
14843,117,120,-3,3
14844,104,127,-23,23
14845,85,84,1,1
14846,90,91,-1,1
14847,67,71,-4,4
14848,91,80,11,11
14849,152,149,3,3
14850,60,59,1,1
14851,107,107,0,0
14852,114,135,-21,21
14853,95,100,-5,5
14854,85,87,-2,2
14855,72,107,-35,35
14856,66,92,-26,26
14857,81,86,-5,5
14858,112,107,5,5
14859,39,43,-4,4
14860,125,143,-18,18
14861,67,66,1,1
14862,103,95,8,8
14863,44,54,-10,10
14864,52,52,0,0
14865,58,62,-4,4
14866,105,112,-7,7
14867,55,65,-10,10
14868,107,128,-21,21
14869,102,116,-14,14
14870,61,75,-14,14
14871,129,131,-2,2
14872,72,73,-1,1
14873,144,145,-1,1
14874,67,72,-5,5
14875,131,125,6,6
14876,59,63,-4,4
14877,142,137,5,5
14878,80,83,-3,3
14879,95,90,5,5
14880,62,68,-6,6
14881,99,103,-4,4
14882,69,81,-12,12
14883,36,43,-7,7
14884,53,55,-2,2
14885,174,156,18,18
14886,120,121,-1,1
14887,60,67,-7,7
14888,44,42,2,2
14889,104,111,-7,7
14890,70,64,6,6
14891,80,75,5,5
14892,72,67,5,5
14893,114,127,-13,13
14894,110,113,-3,3
14895,69,62,7,7
14896,108,103,5,5
14897,136,133,3,3
14898,62,65,-3,3
14899,170,173,-3,3
14900,109,100,9,9
14901,85,88,-3,3
14902,93,83,10,10
14903,117,114,3,3
14904,102,83,19,19
14905,123,121,2,2
14906,91,108,-17,17
14907,65,66,-1,1
14908,52,54,-2,2
14909,139,127,12,12
14910,88,91,-3,3
14911,67,83,-16,16
14912,143,142,1,1
14913,153,158,-5,5
14914,65,66,-1,1
14915,84,88,-4,4
14916,101,113,-12,12
14917,90,119,-29,29
14918,75,73,2,2
14919,95,95,0,0
14920,197,177,20,20
14921,60,61,-1,1
14922,152,154,-2,2
14923,69,65,4,4
14924,79,82,-3,3
14925,63,75,-12,12
14926,114,116,-2,2
14927,94,89,5,5
14928,107,103,4,4
14929,94,94,0,0
14930,68,70,-2,2
14931,95,97,-2,2
14932,123,119,4,4
14933,81,79,2,2
14934,141,126,15,15
14935,78,79,-1,1
14936,100,108,-8,8
14937,120,118,2,2
14938,36,40,-4,4
14939,81,86,-5,5
14940,118,102,16,16
14941,122,129,-7,7
14942,80,71,9,9
14943,130,123,7,7
14944,44,45,-1,1
14945,170,173,-3,3
14946,74,95,-21,21
14947,66,72,-6,6
14948,192,184,8,8
14949,84,85,-1,1
14950,116,140,-24,24
14951,81,79,2,2
14952,43,43,0,0
14953,69,68,1,1
14954,63,62,1,1
14955,94,93,1,1
14956,84,83,1,1
14957,56,54,2,2
14958,106,114,-8,8
14959,152,131,21,21
14960,92,92,0,0
14961,68,65,3,3
14962,87,90,-3,3
14963,88,98,-10,10
14964,78,82,-4,4
14965,64,75,-11,11
14966,147,145,2,2
14967,57,55,2,2
14968,81,83,-2,2
14969,59,63,-4,4
14970,70,70,0,0
14971,87,94,-7,7
14972,90,82,8,8
14973,87,77,10,10
14974,49,53,-4,4
14975,160,142,18,18
14976,131,121,10,10
14977,83,86,-3,3
14978,44,49,-5,5
14979,44,49,-5,5
14980,52,59,-7,7
14981,102,109,-7,7
14982,69,72,-3,3
14983,99,97,2,2
14984,81,90,-9,9
14985,91,102,-11,11
14986,87,86,1,1
14987,57,55,2,2
14988,82,88,-6,6
14989,56,59,-3,3
14990,76,78,-2,2
14991,79,84,-5,5
14992,78,74,4,4
14993,121,110,11,11
14994,119,104,15,15
14995,68,75,-7,7
14996,146,141,5,5
14997,106,88,18,18
14998,132,120,12,12
14999,47,48,-1,1
15000,70,71,-1,1
15001,114,101,13,13
15002,71,69,2,2
15003,85,99,-14,14
15004,132,125,7,7
15005,33,34,-1,1
15006,16,38,-22,22
15007,68,71,-3,3
15008,62,64,-2,2
15009,84,91,-7,7
15010,50,57,-7,7
15011,91,92,-1,1
15012,116,114,2,2
15013,97,94,3,3
15014,126,133,-7,7
15015,102,109,-7,7
15016,111,99,12,12
15017,113,110,3,3
15018,149,136,13,13
15019,87,76,11,11
15020,120,111,9,9
15021,124,126,-2,2
15022,145,130,15,15
15023,78,78,0,0
15024,158,159,-1,1
15025,47,55,-8,8
15026,228,209,19,19
15027,86,94,-8,8
15028,97,96,1,1
15029,105,102,3,3
15030,59,64,-5,5
15031,134,113,21,21
15032,122,127,-5,5
15033,116,133,-17,17
15034,72,82,-10,10
15035,95,110,-15,15
15036,48,48,0,0
15037,71,69,2,2
15038,164,173,-9,9
15039,80,79,1,1
15040,96,88,8,8
15041,133,124,9,9
15042,121,131,-10,10
15043,122,126,-4,4
15044,99,93,6,6
15045,96,88,8,8
15046,41,49,-8,8
15047,157,141,16,16
15048,104,83,21,21
15049,65,72,-7,7
15050,103,111,-8,8
15051,118,115,3,3
15052,99,99,0,0
15053,126,115,11,11
15054,106,103,3,3
15055,55,48,7,7
15056,75,72,3,3
15057,69,75,-6,6
15058,107,111,-4,4
15059,122,123,-1,1
15060,63,66,-3,3
15061,107,104,3,3
15062,96,117,-21,21
15063,62,73,-11,11
15064,72,73,-1,1
15065,152,145,7,7
15066,65,68,-3,3
15067,78,78,0,0
15068,115,117,-2,2
15069,113,104,9,9
15070,113,99,14,14
15071,105,101,4,4
15072,116,117,-1,1
15073,158,154,4,4
15074,57,62,-5,5
15075,141,143,-2,2
15076,82,81,1,1
15077,106,111,-5,5
15078,96,87,9,9
15079,104,103,1,1
15080,98,92,6,6
15081,83,96,-13,13
15082,138,131,7,7
15083,148,143,5,5
15084,71,79,-8,8
15085,90,98,-8,8
15086,134,125,9,9
15087,129,139,-10,10
15088,127,131,-4,4
15089,77,77,0,0
15090,69,76,-7,7
15091,102,102,0,0
15092,69,73,-4,4
15093,65,63,2,2
15094,102,112,-10,10
15095,56,71,-15,15
15096,123,115,8,8
15097,73,66,7,7
15098,61,72,-11,11
15099,102,117,-15,15
15100,98,99,-1,1
15101,80,73,7,7
15102,85,88,-3,3
15103,61,63,-2,2
15104,127,127,0,0
15105,68,67,1,1
15106,127,135,-8,8
15107,71,70,1,1
15108,71,57,14,14
15109,149,144,5,5
15110,91,84,7,7
15111,98,104,-6,6
15112,51,58,-7,7
15113,90,85,5,5
15114,105,117,-12,12
15115,84,85,-1,1
15116,98,94,4,4
15117,188,203,-15,15
15118,57,55,2,2
15119,135,115,20,20
15120,107,99,8,8
15121,166,163,3,3
15122,102,99,3,3
15123,162,156,6,6
15124,74,71,3,3
15125,81,85,-4,4
15126,58,59,-1,1
15127,93,79,14,14
15128,67,62,5,5
15129,136,145,-9,9
15130,122,125,-3,3
15131,114,120,-6,6
15132,66,60,6,6
15133,121,111,10,10
15134,82,86,-4,4
15135,110,106,4,4
15136,63,66,-3,3
15137,108,107,1,1
15138,77,74,3,3
15139,86,83,3,3
15140,74,67,7,7
15141,101,107,-6,6
15142,114,122,-8,8
15143,105,102,3,3
15144,106,105,1,1
15145,83,79,4,4
15146,169,170,-1,1
15147,71,72,-1,1
15148,87,93,-6,6
15149,67,70,-3,3
15150,86,115,-29,29
15151,244,242,2,2
15152,96,82,14,14
15153,136,137,-1,1
15154,64,63,1,1
15155,131,146,-15,15
15156,142,153,-11,11
15157,63,76,-13,13
15158,56,61,-5,5
15159,65,62,3,3
15160,116,108,8,8
15161,57,55,2,2
15162,109,120,-11,11
15163,114,125,-11,11
15164,68,65,3,3
15165,114,111,3,3
15166,64,83,-19,19
15167,112,122,-10,10
15168,47,53,-6,6
15169,66,63,3,3
15170,81,87,-6,6
15171,127,133,-6,6
15172,109,111,-2,2
15173,72,66,6,6
15174,94,97,-3,3
15175,46,51,-5,5
15176,113,91,22,22
15177,70,73,-3,3
15178,80,84,-4,4
15179,64,66,-2,2
15180,113,103,10,10
15181,56,60,-4,4
15182,112,105,7,7
15183,50,60,-10,10
15184,101,96,5,5
15185,173,175,-2,2
15186,57,52,5,5
15187,104,102,2,2
15188,90,86,4,4
15189,76,74,2,2
15190,94,93,1,1
15191,105,125,-20,20
15192,121,121,0,0
15193,126,136,-10,10
15194,127,114,13,13
15195,116,118,-2,2
15196,88,82,6,6
15197,62,71,-9,9
15198,190,194,-4,4
15199,91,123,-32,32
15200,68,75,-7,7
15201,102,94,8,8
15202,150,124,26,26
15203,85,89,-4,4
15204,45,47,-2,2
15205,106,112,-6,6
15206,64,62,2,2
15207,152,156,-4,4
15208,124,127,-3,3
15209,77,83,-6,6
15210,80,88,-8,8
15211,68,61,7,7
15212,131,133,-2,2
15213,141,133,8,8
15214,138,126,12,12
15215,139,161,-22,22
15216,54,61,-7,7
15217,81,83,-2,2
15218,131,132,-1,1
15219,105,103,2,2
15220,88,81,7,7
15221,97,101,-4,4
15222,132,130,2,2
15223,80,85,-5,5
15224,83,88,-5,5
15225,56,62,-6,6
15226,68,81,-13,13
15227,88,85,3,3
15228,101,107,-6,6
15229,123,119,4,4
15230,123,132,-9,9
15231,56,75,-19,19
15232,139,141,-2,2
15233,102,110,-8,8
15234,53,53,0,0
15235,145,146,-1,1
15236,94,98,-4,4
15237,126,124,2,2
15238,92,84,8,8
15239,82,80,2,2
15240,74,85,-11,11
15241,165,136,29,29
15242,99,106,-7,7
15243,139,149,-10,10
15244,84,73,11,11
15245,85,83,2,2
15246,63,63,0,0
15247,174,155,19,19
15248,127,111,16,16
15249,93,105,-12,12
15250,106,105,1,1
15251,108,138,-30,30
15252,93,91,2,2
15253,98,81,17,17
15254,91,93,-2,2
15255,68,66,2,2
15256,98,97,1,1
15257,264,248,16,16
15258,105,93,12,12
15259,71,77,-6,6
15260,57,52,5,5
15261,99,98,1,1
15262,87,82,5,5
15263,109,109,0,0
15264,132,134,-2,2
15265,66,75,-9,9
15266,99,104,-5,5
15267,70,64,6,6
15268,111,109,2,2
15269,124,121,3,3
15270,53,60,-7,7
15271,113,102,11,11
15272,69,61,8,8
15273,69,77,-8,8
15274,80,79,1,1
15275,87,87,0,0
15276,117,109,8,8
15277,105,97,8,8
15278,64,57,7,7
15279,41,48,-7,7
15280,60,59,1,1
15281,93,93,0,0
15282,74,67,7,7
15283,100,91,9,9
15284,75,73,2,2
15285,117,108,9,9
15286,129,133,-4,4
15287,145,145,0,0
15288,102,106,-4,4
15289,147,151,-4,4
15290,55,60,-5,5
15291,91,86,5,5
15292,46,52,-6,6
15293,211,180,31,31
15294,125,136,-11,11
15295,76,78,-2,2
15296,84,81,3,3
15297,104,105,-1,1
15298,62,70,-8,8
15299,77,82,-5,5
15300,100,93,7,7
15301,83,88,-5,5
15302,90,92,-2,2
15303,181,167,14,14
15304,132,147,-15,15
15305,88,85,3,3
15306,85,86,-1,1
15307,69,71,-2,2
15308,59,58,1,1
15309,42,36,6,6
15310,138,131,7,7
15311,75,71,4,4
15312,116,122,-6,6
15313,76,91,-15,15
15314,85,83,2,2
15315,60,63,-3,3
15316,101,98,3,3
15317,117,126,-9,9
15318,73,84,-11,11
15319,65,74,-9,9
15320,136,141,-5,5
15321,40,46,-6,6
15322,61,60,1,1
15323,138,137,1,1
15324,55,60,-5,5
15325,87,79,8,8
15326,60,55,5,5
15327,42,40,2,2
15328,184,196,-12,12
15329,136,143,-7,7
15330,46,72,-26,26
15331,157,126,31,31
15332,99,105,-6,6
15333,64,57,7,7
15334,95,95,0,0
15335,138,141,-3,3
15336,63,65,-2,2
15337,72,62,10,10
15338,52,58,-6,6
15339,90,82,8,8
15340,78,85,-7,7
15341,97,103,-6,6
15342,118,112,6,6
15343,89,93,-4,4
15344,55,59,-4,4
15345,109,105,4,4
15346,64,71,-7,7
15347,103,96,7,7
15348,96,96,0,0
15349,101,95,6,6
15350,130,127,3,3
15351,67,80,-13,13
15352,65,67,-2,2
15353,80,80,0,0
15354,90,88,2,2
15355,86,79,7,7
15356,62,60,2,2
15357,162,159,3,3
15358,107,113,-6,6
15359,42,43,-1,1
15360,104,103,1,1
15361,125,123,2,2
15362,93,96,-3,3
15363,163,184,-21,21
15364,42,56,-14,14
15365,127,124,3,3
15366,94,101,-7,7
15367,88,87,1,1
15368,147,143,4,4
15369,155,151,4,4
15370,107,99,8,8
15371,65,65,0,0
15372,94,110,-16,16
15373,77,82,-5,5
15374,128,130,-2,2
15375,70,72,-2,2
15376,51,59,-8,8
15377,101,110,-9,9
15378,108,96,12,12
15379,169,160,9,9
15380,56,61,-5,5
15381,114,107,7,7
15382,129,141,-12,12
15383,98,98,0,0
15384,62,64,-2,2
15385,52,54,-2,2
15386,125,116,9,9
15387,123,117,6,6
15388,107,108,-1,1
15389,100,102,-2,2
15390,153,172,-19,19
15391,81,91,-10,10
15392,82,86,-4,4
15393,97,100,-3,3
15394,28,39,-11,11
15395,123,128,-5,5
15396,66,78,-12,12
15397,91,91,0,0
15398,95,96,-1,1
15399,66,73,-7,7
15400,105,111,-6,6
15401,64,63,1,1
15402,106,101,5,5
15403,136,127,9,9
15404,87,89,-2,2
15405,71,64,7,7
15406,116,123,-7,7
15407,88,94,-6,6
15408,53,57,-4,4
15409,126,118,8,8
15410,144,132,12,12
15411,74,81,-7,7
15412,63,65,-2,2
15413,72,74,-2,2
15414,73,64,9,9
15415,76,77,-1,1
15416,88,84,4,4
15417,78,81,-3,3
15418,103,101,2,2
15419,76,67,9,9
15420,41,80,-39,39
15421,231,216,15,15
15422,134,139,-5,5
15423,126,109,17,17
15424,138,130,8,8
15425,103,115,-12,12
15426,90,94,-4,4
15427,73,72,1,1
15428,63,74,-11,11
15429,81,86,-5,5
15430,120,105,15,15
15431,92,97,-5,5
15432,100,103,-3,3
15433,51,58,-7,7
15434,116,121,-5,5
15435,97,97,0,0
15436,87,71,16,16
15437,138,128,10,10
15438,52,61,-9,9
15439,36,40,-4,4
15440,167,174,-7,7
15441,80,93,-13,13
15442,117,118,-1,1
15443,91,81,10,10
15444,163,157,6,6
15445,112,129,-17,17
15446,75,82,-7,7
15447,119,115,4,4
15448,61,64,-3,3
15449,71,65,6,6
15450,117,120,-3,3
15451,115,132,-17,17
15452,99,104,-5,5
15453,125,124,1,1
15454,100,101,-1,1
15455,153,141,12,12
15456,146,152,-6,6
15457,157,147,10,10
15458,104,107,-3,3
15459,130,124,6,6
15460,137,149,-12,12
15461,105,114,-9,9
15462,101,90,11,11
15463,110,118,-8,8
15464,97,90,7,7
15465,87,79,8,8
15466,107,109,-2,2
15467,87,88,-1,1
15468,90,77,13,13
15469,90,87,3,3
15470,118,120,-2,2
15471,57,63,-6,6
15472,108,116,-8,8
15473,51,57,-6,6
15474,56,80,-24,24
15475,53,70,-17,17
15476,55,61,-6,6
15477,68,79,-11,11
15478,61,64,-3,3
15479,142,148,-6,6
15480,83,79,4,4
15481,56,63,-7,7
15482,60,71,-11,11
15483,59,63,-4,4
15484,119,123,-4,4
15485,60,66,-6,6
15486,60,63,-3,3
15487,106,104,2,2
15488,78,81,-3,3
15489,83,80,3,3
15490,63,66,-3,3
15491,147,141,6,6
15492,182,180,2,2
15493,129,127,2,2
15494,97,102,-5,5
15495,115,114,1,1
15496,105,114,-9,9
15497,102,111,-9,9
15498,127,133,-6,6
15499,157,153,4,4
15500,84,82,2,2
15501,152,142,10,10
15502,74,78,-4,4
15503,79,78,1,1
15504,123,131,-8,8
15505,135,144,-9,9
15506,82,82,0,0
15507,111,116,-5,5
15508,62,86,-24,24
15509,59,65,-6,6
15510,77,87,-10,10
15511,63,72,-9,9
15512,81,84,-3,3
15513,56,56,0,0
15514,69,75,-6,6
15515,65,73,-8,8
15516,82,82,0,0
15517,91,90,1,1
15518,190,164,26,26
15519,185,177,8,8
15520,131,125,6,6
15521,65,64,1,1
15522,158,151,7,7
15523,144,157,-13,13
15524,73,81,-8,8
15525,80,92,-12,12
15526,152,146,6,6
15527,62,70,-8,8
15528,64,71,-7,7
15529,65,67,-2,2
15530,146,141,5,5
15531,124,124,0,0
15532,108,102,6,6
15533,131,125,6,6
15534,107,115,-8,8
15535,104,105,-1,1
15536,78,73,5,5
15537,115,123,-8,8
15538,159,152,7,7
15539,103,110,-7,7
15540,101,106,-5,5
15541,63,58,5,5
15542,160,159,1,1
15543,61,66,-5,5
15544,60,59,1,1
15545,130,140,-10,10
15546,96,95,1,1
15547,84,87,-3,3
15548,93,90,3,3
15549,110,113,-3,3
15550,66,63,3,3
15551,77,73,4,4
15552,103,103,0,0
15553,78,83,-5,5
15554,147,142,5,5
15555,87,92,-5,5
15556,84,76,8,8
15557,83,78,5,5
15558,69,65,4,4
15559,180,171,9,9
15560,140,141,-1,1
15561,57,59,-2,2
15562,120,120,0,0
15563,62,62,0,0
15564,79,77,2,2
15565,127,129,-2,2
15566,64,71,-7,7
15567,81,73,8,8
15568,100,97,3,3
15569,118,118,0,0
15570,85,73,12,12
15571,77,86,-9,9
15572,104,98,6,6
15573,72,70,2,2
15574,101,97,4,4
15575,95,102,-7,7
15576,98,95,3,3
15577,62,60,2,2
15578,98,92,6,6
15579,113,126,-13,13
15580,62,62,0,0
15581,52,59,-7,7
15582,112,101,11,11
15583,80,81,-1,1
15584,106,119,-13,13
15585,63,66,-3,3
15586,49,61,-12,12
15587,72,73,-1,1
15588,117,103,14,14
15589,116,114,2,2
15590,94,90,4,4
15591,95,98,-3,3
15592,83,95,-12,12
15593,119,122,-3,3
15594,106,110,-4,4
15595,92,82,10,10
15596,70,77,-7,7
15597,133,133,0,0
15598,64,61,3,3
15599,169,163,6,6
15600,93,88,5,5
15601,102,104,-2,2
15602,87,83,4,4
15603,71,74,-3,3
15604,62,66,-4,4
15605,59,53,6,6
15606,85,83,2,2
15607,72,74,-2,2
15608,50,51,-1,1
15609,92,88,4,4
15610,127,126,1,1
15611,57,56,1,1
15612,107,107,0,0
15613,65,60,5,5
15614,82,85,-3,3
15615,81,85,-4,4
15616,98,99,-1,1
15617,82,77,5,5
15618,110,131,-21,21
15619,166,163,3,3
15620,107,107,0,0
15621,50,58,-8,8
15622,148,140,8,8
15623,70,71,-1,1
15624,100,91,9,9
15625,108,108,0,0
15626,113,117,-4,4
15627,53,61,-8,8
15628,126,126,0,0
15629,72,73,-1,1
15630,197,186,11,11
15631,47,48,-1,1
15632,89,86,3,3
15633,143,134,9,9
15634,119,120,-1,1
15635,76,81,-5,5
15636,73,81,-8,8
15637,68,74,-6,6
15638,111,109,2,2
15639,121,110,11,11
15640,92,99,-7,7
15641,113,109,4,4
15642,98,101,-3,3
15643,152,161,-9,9
15644,80,84,-4,4
15645,82,79,3,3
15646,128,122,6,6
15647,49,58,-9,9
15648,128,131,-3,3
15649,63,64,-1,1
15650,52,56,-4,4
15651,89,89,0,0
15652,68,61,7,7
15653,109,108,1,1
15654,83,82,1,1
15655,97,97,0,0
15656,73,75,-2,2
15657,75,72,3,3
15658,127,122,5,5
15659,52,78,-26,26
15660,69,59,10,10
15661,152,151,1,1
15662,87,87,0,0
15663,130,117,13,13
15664,72,85,-13,13
15665,114,121,-7,7
15666,75,76,-1,1
15667,136,128,8,8
15668,77,77,0,0
15669,88,84,4,4
15670,64,72,-8,8
15671,90,79,11,11
15672,174,178,-4,4
15673,57,64,-7,7
15674,56,63,-7,7
15675,78,76,2,2
15676,81,77,4,4
15677,67,61,6,6
15678,123,113,10,10
15679,146,146,0,0
15680,123,128,-5,5
15681,98,105,-7,7
15682,61,77,-16,16
15683,109,115,-6,6
15684,76,84,-8,8
15685,121,123,-2,2
15686,81,82,-1,1
15687,38,52,-14,14
15688,70,73,-3,3
15689,83,76,7,7
15690,100,100,0,0
15691,79,88,-9,9
15692,98,108,-10,10
15693,79,74,5,5
15694,196,185,11,11
15695,137,139,-2,2
15696,67,71,-4,4
15697,87,90,-3,3
15698,79,81,-2,2
15699,84,84,0,0
15700,104,120,-16,16
15701,105,113,-8,8
15702,113,106,7,7
15703,54,57,-3,3
15704,77,73,4,4
15705,124,125,-1,1
15706,103,99,4,4
15707,175,164,11,11
15708,67,60,7,7
15709,86,85,1,1
15710,65,72,-7,7
15711,74,72,2,2
15712,85,58,27,27
15713,77,75,2,2
15714,94,91,3,3
15715,163,145,18,18
15716,107,109,-2,2
15717,126,128,-2,2
15718,97,93,4,4
15719,80,78,2,2
15720,150,159,-9,9
15721,67,74,-7,7
15722,120,107,13,13
15723,86,97,-11,11
15724,80,78,2,2
15725,79,75,4,4
15726,98,95,3,3
15727,100,104,-4,4
15728,105,108,-3,3
15729,140,160,-20,20
15730,110,103,7,7
15731,101,94,7,7
15732,50,51,-1,1
15733,132,130,2,2
15734,160,164,-4,4
15735,119,110,9,9
15736,94,90,4,4
15737,83,79,4,4
15738,92,91,1,1
15739,76,63,13,13
15740,103,99,4,4
15741,93,98,-5,5
15742,67,73,-6,6
15743,104,116,-12,12
15744,123,122,1,1
15745,90,81,9,9
15746,75,80,-5,5
15747,120,119,1,1
15748,66,62,4,4
15749,106,111,-5,5
15750,120,119,1,1
15751,98,83,15,15
15752,105,113,-8,8
15753,97,99,-2,2
15754,101,97,4,4
15755,80,83,-3,3
15756,87,86,1,1
15757,68,65,3,3
15758,160,149,11,11
15759,77,81,-4,4
15760,65,67,-2,2
15761,90,95,-5,5
15762,34,42,-8,8
15763,90,99,-9,9
15764,83,75,8,8
15765,47,46,1,1
15766,47,67,-20,20
15767,106,115,-9,9
15768,63,67,-4,4
15769,96,99,-3,3
15770,108,123,-15,15
15771,85,85,0,0
15772,157,146,11,11
15773,90,71,19,19
15774,116,121,-5,5
15775,132,133,-1,1
15776,123,122,1,1
15777,118,119,-1,1
15778,45,55,-10,10
15779,60,62,-2,2
15780,179,163,16,16
15781,111,112,-1,1
15782,118,124,-6,6
15783,87,98,-11,11
15784,51,61,-10,10
15785,37,45,-8,8
15786,91,91,0,0
15787,69,71,-2,2
15788,130,119,11,11
15789,102,109,-7,7
15790,93,103,-10,10
15791,129,126,3,3
15792,54,53,1,1
15793,70,72,-2,2
15794,125,114,11,11
15795,59,63,-4,4
15796,46,39,7,7
15797,64,67,-3,3
15798,113,103,10,10
15799,110,94,16,16
15800,46,52,-6,6
15801,134,143,-9,9
15802,71,83,-12,12
15803,143,148,-5,5
15804,63,66,-3,3
15805,120,122,-2,2
15806,86,79,7,7
15807,74,82,-8,8
15808,118,124,-6,6
15809,61,64,-3,3
15810,65,63,2,2
15811,136,127,9,9
15812,85,89,-4,4
15813,105,91,14,14
15814,146,143,3,3
15815,98,107,-9,9
15816,30,53,-23,23
15817,76,78,-2,2
15818,148,142,6,6
15819,126,118,8,8
15820,121,119,2,2
15821,173,137,36,36
15822,68,84,-16,16
15823,100,105,-5,5
15824,109,114,-5,5
15825,73,78,-5,5
15826,97,99,-2,2
15827,92,85,7,7
15828,97,95,2,2
15829,88,101,-13,13
15830,159,148,11,11
15831,104,105,-1,1
15832,65,66,-1,1
15833,84,81,3,3
15834,82,81,1,1
15835,100,112,-12,12
15836,105,103,2,2
15837,70,79,-9,9
15838,77,71,6,6
15839,111,112,-1,1
15840,96,87,9,9
15841,98,108,-10,10
15842,89,91,-2,2
15843,62,67,-5,5
15844,144,133,11,11
15845,134,132,2,2
15846,96,99,-3,3
15847,64,76,-12,12
15848,74,74,0,0
15849,113,106,7,7
15850,125,139,-14,14
15851,122,115,7,7
15852,66,75,-9,9
15853,46,51,-5,5
15854,115,116,-1,1
15855,59,75,-16,16
15856,76,75,1,1
15857,97,95,2,2
15858,125,128,-3,3
15859,138,107,31,31
15860,24,34,-10,10
15861,34,40,-6,6
15862,77,76,1,1
15863,112,125,-13,13
15864,123,125,-2,2
15865,88,88,0,0
15866,130,127,3,3
15867,108,109,-1,1
15868,52,49,3,3
15869,112,122,-10,10
15870,41,40,1,1
15871,68,79,-11,11
15872,111,111,0,0
15873,97,108,-11,11
15874,73,73,0,0
15875,75,74,1,1
15876,79,95,-16,16
15877,62,72,-10,10
15878,75,92,-17,17
15879,128,127,1,1
15880,113,118,-5,5
15881,49,45,4,4
15882,65,59,6,6
15883,64,64,0,0
15884,97,112,-15,15
15885,117,105,12,12
15886,62,62,0,0
15887,75,94,-19,19
15888,80,84,-4,4
15889,63,70,-7,7
15890,50,58,-8,8
15891,112,116,-4,4
15892,129,130,-1,1
15893,78,73,5,5
15894,102,103,-1,1
15895,101,92,9,9
15896,67,72,-5,5
15897,49,50,-1,1
15898,184,170,14,14
15899,81,81,0,0
15900,70,72,-2,2
15901,95,88,7,7
15902,111,104,7,7
15903,141,136,5,5
15904,105,108,-3,3
15905,54,47,7,7
15906,78,77,1,1
15907,155,145,10,10
15908,134,127,7,7
15909,88,81,7,7
15910,66,75,-9,9
15911,64,70,-6,6
15912,60,72,-12,12
15913,94,89,5,5
15914,103,93,10,10
15915,146,145,1,1
15916,74,83,-9,9
15917,73,64,9,9
15918,62,66,-4,4
15919,103,105,-2,2
15920,126,123,3,3
15921,96,87,9,9
15922,160,149,11,11
15923,118,116,2,2
15924,128,120,8,8
15925,191,189,2,2
15926,123,119,4,4
15927,107,109,-2,2
15928,55,56,-1,1
15929,47,39,8,8
15930,55,52,3,3
15931,58,59,-1,1
15932,107,108,-1,1
15933,76,75,1,1
15934,96,86,10,10
15935,57,56,1,1
15936,110,120,-10,10
15937,79,74,5,5
15938,65,73,-8,8
15939,123,117,6,6
15940,61,51,10,10
15941,65,77,-12,12
15942,113,110,3,3
15943,49,47,2,2
15944,82,96,-14,14
15945,98,103,-5,5
15946,75,78,-3,3
15947,112,121,-9,9
15948,113,105,8,8
15949,94,97,-3,3
15950,58,47,11,11
15951,64,66,-2,2
15952,105,113,-8,8
15953,101,102,-1,1
15954,68,72,-4,4
15955,101,93,8,8
15956,52,51,1,1
15957,70,68,2,2
15958,97,133,-36,36
15959,117,108,9,9
15960,68,71,-3,3
15961,127,114,13,13
15962,69,77,-8,8
15963,90,101,-11,11
15964,40,46,-6,6
15965,114,108,6,6
15966,98,97,1,1
15967,66,67,-1,1
15968,67,80,-13,13
15969,190,194,-4,4
15970,104,97,7,7
15971,74,81,-7,7
15972,69,56,13,13
15973,86,95,-9,9
15974,102,92,10,10
15975,122,119,3,3
15976,142,135,7,7
15977,103,91,12,12
15978,164,154,10,10
15979,110,126,-16,16
15980,64,65,-1,1
15981,74,71,3,3
15982,61,60,1,1
15983,63,67,-4,4
15984,100,90,10,10
15985,107,113,-6,6
15986,102,99,3,3
15987,31,43,-12,12
15988,147,141,6,6
15989,60,64,-4,4
15990,86,82,4,4
15991,114,124,-10,10
15992,103,119,-16,16
15993,75,78,-3,3
15994,95,105,-10,10
15995,87,79,8,8
15996,99,86,13,13
15997,114,119,-5,5
15998,76,82,-6,6
15999,120,126,-6,6
16000,90,84,6,6
16001,64,58,6,6
16002,113,113,0,0
16003,66,64,2,2
16004,123,113,10,10
16005,132,122,10,10
16006,124,108,16,16
16007,56,56,0,0
16008,125,135,-10,10
16009,101,101,0,0
16010,89,86,3,3
16011,57,67,-10,10
16012,98,91,7,7
16013,101,101,0,0
16014,82,90,-8,8
16015,128,138,-10,10
16016,56,58,-2,2
16017,162,166,-4,4
16018,84,93,-9,9
16019,79,76,3,3
16020,53,57,-4,4
16021,55,59,-4,4
16022,62,59,3,3
16023,73,75,-2,2
16024,42,46,-4,4
16025,127,141,-14,14
16026,52,57,-5,5
16027,121,127,-6,6
16028,75,85,-10,10
16029,89,87,2,2
16030,64,63,1,1
16031,36,33,3,3
16032,89,83,6,6
16033,72,65,7,7
16034,148,147,1,1
16035,106,104,2,2
16036,158,168,-10,10
16037,131,126,5,5
16038,130,134,-4,4
16039,77,73,4,4
16040,136,132,4,4
16041,102,106,-4,4
16042,86,86,0,0
16043,89,83,6,6
16044,101,95,6,6
16045,99,99,0,0
16046,100,96,4,4
16047,69,74,-5,5
16048,92,80,12,12
16049,69,74,-5,5
16050,128,126,2,2
16051,151,146,5,5
16052,39,39,0,0
16053,44,52,-8,8
16054,74,88,-14,14
16055,82,78,4,4
16056,140,134,6,6
16057,120,112,8,8
16058,79,64,15,15
16059,89,90,-1,1
16060,158,193,-35,35
16061,105,127,-22,22
16062,113,116,-3,3
16063,58,56,2,2
16064,95,93,2,2
16065,82,90,-8,8
16066,140,135,5,5
16067,66,73,-7,7
16068,94,95,-1,1
16069,116,121,-5,5
16070,70,81,-11,11
16071,90,89,1,1
16072,73,86,-13,13
16073,62,103,-41,41
16074,55,56,-1,1
16075,87,90,-3,3
16076,97,103,-6,6
16077,75,73,2,2
16078,113,109,4,4
16079,148,133,15,15
16080,144,171,-27,27
16081,64,59,5,5
16082,117,106,11,11
16083,89,87,2,2
16084,106,103,3,3
16085,130,117,13,13
16086,91,102,-11,11
16087,52,54,-2,2
16088,54,62,-8,8
16089,117,105,12,12
16090,127,138,-11,11
16091,104,86,18,18
16092,122,117,5,5
16093,67,62,5,5
16094,73,77,-4,4
16095,84,86,-2,2
16096,63,64,-1,1
16097,199,201,-2,2
16098,138,155,-17,17
16099,85,81,4,4
16100,112,117,-5,5
16101,100,107,-7,7
16102,184,199,-15,15
16103,90,92,-2,2
16104,55,56,-1,1
16105,142,134,8,8
16106,124,128,-4,4
16107,83,97,-14,14
16108,79,89,-10,10
16109,52,73,-21,21
16110,92,95,-3,3
16111,71,71,0,0
16112,47,45,2,2
16113,83,84,-1,1
16114,68,71,-3,3
16115,65,72,-7,7
16116,99,95,4,4
16117,114,124,-10,10
16118,98,103,-5,5
16119,84,104,-20,20
16120,181,165,16,16
16121,51,52,-1,1
16122,95,79,16,16
16123,77,78,-1,1
16124,70,76,-6,6
16125,103,97,6,6
16126,106,98,8,8
16127,70,78,-8,8
16128,92,94,-2,2
16129,104,129,-25,25
16130,49,59,-10,10
16131,62,71,-9,9
16132,52,53,-1,1
16133,88,84,4,4
16134,84,75,9,9
16135,80,83,-3,3
16136,55,58,-3,3
16137,84,79,5,5
16138,158,143,15,15
16139,76,71,5,5
16140,58,63,-5,5
16141,94,89,5,5
16142,44,44,0,0
16143,96,93,3,3
16144,134,130,4,4
16145,124,123,1,1
16146,137,142,-5,5
16147,139,135,4,4
16148,40,45,-5,5
16149,64,65,-1,1
16150,100,103,-3,3
16151,90,92,-2,2
16152,88,92,-4,4
16153,80,81,-1,1
16154,67,66,1,1
16155,96,94,2,2
16156,74,65,9,9
16157,80,71,9,9
16158,54,62,-8,8
16159,133,134,-1,1
16160,71,67,4,4
16161,151,145,6,6
16162,150,151,-1,1
16163,107,114,-7,7
16164,104,107,-3,3
16165,96,97,-1,1
16166,164,169,-5,5
16167,61,76,-15,15
16168,95,98,-3,3
16169,120,120,0,0
16170,107,115,-8,8
16171,116,110,6,6
16172,89,88,1,1
16173,42,44,-2,2
16174,74,74,0,0
16175,100,106,-6,6
16176,66,61,5,5
16177,105,108,-3,3
16178,108,97,11,11
16179,144,145,-1,1
16180,118,127,-9,9
16181,82,77,5,5
16182,164,151,13,13
16183,125,131,-6,6
16184,68,76,-8,8
16185,102,104,-2,2
16186,109,120,-11,11
16187,111,98,13,13
16188,115,105,10,10
16189,58,55,3,3
16190,109,102,7,7
16191,90,90,0,0
16192,99,97,2,2
16193,124,138,-14,14
16194,147,120,27,27
16195,67,66,1,1
16196,89,91,-2,2
16197,77,72,5,5
16198,106,131,-25,25
16199,78,79,-1,1
16200,58,72,-14,14
16201,119,113,6,6
16202,74,80,-6,6
16203,80,84,-4,4
16204,143,138,5,5
16205,160,145,15,15
16206,117,112,5,5
16207,79,74,5,5
16208,103,108,-5,5
16209,88,73,15,15
16210,74,78,-4,4
16211,96,102,-6,6
16212,94,116,-22,22
16213,66,63,3,3
16214,43,51,-8,8
16215,137,134,3,3
16216,89,85,4,4
16217,95,102,-7,7
16218,172,181,-9,9
16219,37,43,-6,6
16220,75,80,-5,5
16221,112,113,-1,1
16222,98,104,-6,6
16223,137,135,2,2
16224,122,116,6,6
16225,55,51,4,4
16226,65,62,3,3
16227,105,110,-5,5
16228,67,72,-5,5
16229,115,109,6,6
16230,35,48,-13,13
16231,95,95,0,0
16232,62,58,4,4
16233,60,59,1,1
16234,142,130,12,12
16235,74,89,-15,15
16236,100,98,2,2
16237,179,102,77,77
16238,173,160,13,13
16239,161,163,-2,2
16240,76,80,-4,4
16241,79,88,-9,9
16242,116,103,13,13
16243,58,63,-5,5
16244,83,81,2,2
16245,48,52,-4,4
16246,74,69,5,5
16247,57,66,-9,9
16248,84,83,1,1
16249,114,106,8,8
16250,72,63,9,9
16251,96,102,-6,6
16252,113,144,-31,31
16253,105,102,3,3
16254,149,137,12,12
16255,62,64,-2,2
16256,72,63,9,9
16257,77,75,2,2
16258,152,151,1,1
16259,94,89,5,5
16260,115,112,3,3
16261,56,52,4,4
16262,65,65,0,0
16263,111,103,8,8
16264,73,78,-5,5
16265,75,70,5,5
16266,90,96,-6,6
16267,121,131,-10,10
16268,111,106,5,5
16269,179,171,8,8
16270,136,141,-5,5
16271,111,117,-6,6
16272,35,65,-30,30
16273,90,89,1,1
16274,58,58,0,0
16275,172,160,12,12
16276,77,76,1,1
16277,81,75,6,6
16278,31,39,-8,8
16279,87,97,-10,10
16280,63,79,-16,16
16281,114,109,5,5
16282,96,99,-3,3
16283,83,81,2,2
16284,117,123,-6,6
16285,121,106,15,15
16286,89,92,-3,3
16287,106,110,-4,4
16288,108,105,3,3
16289,121,121,0,0
16290,160,151,9,9
16291,110,110,0,0
16292,87,79,8,8
16293,107,107,0,0
16294,117,122,-5,5
16295,74,76,-2,2
16296,96,97,-1,1
16297,133,129,4,4
16298,81,93,-12,12
16299,81,80,1,1
16300,76,80,-4,4
16301,57,65,-8,8
16302,131,137,-6,6
16303,91,83,8,8
16304,39,44,-5,5
16305,119,112,7,7
16306,138,132,6,6
16307,105,114,-9,9
16308,77,76,1,1
16309,132,134,-2,2
16310,58,63,-5,5
16311,42,43,-1,1
16312,67,65,2,2
16313,54,52,2,2
16314,74,72,2,2
16315,95,96,-1,1
16316,73,67,6,6
16317,75,84,-9,9
16318,58,61,-3,3
16319,112,107,5,5
16320,114,109,5,5
16321,118,124,-6,6
16322,63,64,-1,1
16323,59,72,-13,13
16324,56,56,0,0
16325,66,64,2,2
16326,64,67,-3,3
16327,100,92,8,8
16328,97,101,-4,4
16329,155,147,8,8
16330,93,84,9,9
16331,123,125,-2,2
16332,89,81,8,8
16333,76,83,-7,7
16334,178,181,-3,3
16335,67,63,4,4
16336,112,104,8,8
16337,105,104,1,1
16338,95,89,6,6
16339,81,83,-2,2
16340,67,77,-10,10
16341,79,77,2,2
16342,117,122,-5,5
16343,72,81,-9,9
16344,103,106,-3,3
16345,109,110,-1,1
16346,59,63,-4,4
16347,101,101,0,0
16348,112,115,-3,3
16349,158,151,7,7
16350,119,123,-4,4
16351,92,87,5,5
16352,38,42,-4,4
16353,66,73,-7,7
16354,69,85,-16,16
16355,51,56,-5,5
16356,200,171,29,29
16357,93,89,4,4
16358,97,98,-1,1
16359,171,143,28,28
16360,65,77,-12,12
16361,102,98,4,4
16362,72,69,3,3
16363,55,57,-2,2
16364,118,99,19,19
16365,86,81,5,5
16366,135,127,8,8
16367,78,74,4,4
16368,115,121,-6,6
16369,140,148,-8,8
16370,61,66,-5,5
16371,48,55,-7,7
16372,78,77,1,1
16373,195,200,-5,5
16374,48,56,-8,8
16375,71,67,4,4
16376,126,124,2,2
16377,207,196,11,11
16378,111,101,10,10
16379,75,85,-10,10
16380,106,106,0,0
16381,84,76,8,8
16382,140,140,0,0
16383,77,95,-18,18
16384,88,88,0,0
16385,63,60,3,3
16386,146,137,9,9
16387,43,48,-5,5
16388,87,89,-2,2
16389,63,58,5,5
16390,92,103,-11,11
16391,64,69,-5,5
16392,107,100,7,7
16393,114,112,2,2
16394,76,68,8,8
16395,108,121,-13,13
16396,61,59,2,2
16397,157,156,1,1
16398,161,150,11,11
16399,81,79,2,2
16400,42,47,-5,5
16401,120,95,25,25
16402,118,106,12,12
16403,99,98,1,1
16404,78,77,1,1
16405,39,40,-1,1
16406,62,61,1,1
16407,93,86,7,7
16408,51,58,-7,7
16409,63,87,-24,24
16410,131,143,-12,12
16411,117,102,15,15
16412,96,86,10,10
16413,158,157,1,1
16414,88,89,-1,1
16415,77,85,-8,8
16416,84,83,1,1
16417,123,123,0,0
16418,84,82,2,2
16419,122,124,-2,2
16420,88,92,-4,4
16421,73,66,7,7
16422,198,194,4,4
16423,87,76,11,11
16424,76,84,-8,8
16425,85,85,0,0
16426,86,94,-8,8
16427,161,169,-8,8
16428,132,112,20,20
16429,65,55,10,10
16430,65,59,6,6
16431,155,150,5,5
16432,94,101,-7,7
16433,91,88,3,3
16434,94,107,-13,13
16435,132,131,1,1
16436,74,76,-2,2
16437,134,133,1,1
16438,186,185,1,1
16439,117,114,3,3
16440,128,128,0,0
16441,49,52,-3,3
16442,52,57,-5,5
16443,54,49,5,5
16444,49,54,-5,5
16445,61,67,-6,6
16446,87,88,-1,1
16447,121,133,-12,12
16448,110,111,-1,1
16449,29,38,-9,9
16450,75,75,0,0
16451,119,127,-8,8
16452,100,93,7,7
16453,73,91,-18,18
16454,71,76,-5,5
16455,61,82,-21,21
16456,91,107,-16,16
16457,68,79,-11,11
16458,79,78,1,1
16459,141,156,-15,15
16460,89,92,-3,3
16461,132,133,-1,1
16462,110,110,0,0
16463,70,71,-1,1
16464,49,52,-3,3
16465,99,105,-6,6
16466,60,58,2,2
16467,94,94,0,0
16468,89,87,2,2
16469,149,148,1,1
16470,78,72,6,6
16471,133,146,-13,13
16472,134,145,-11,11
16473,65,72,-7,7
16474,117,104,13,13
16475,96,92,4,4
16476,130,119,11,11
16477,138,139,-1,1
16478,85,89,-4,4
16479,128,125,3,3
16480,84,79,5,5
16481,127,118,9,9
16482,67,71,-4,4
16483,149,159,-10,10
16484,77,76,1,1
16485,91,92,-1,1
16486,137,128,9,9
16487,142,140,2,2
16488,68,70,-2,2
16489,129,129,0,0
16490,120,111,9,9
16491,38,45,-7,7
16492,109,111,-2,2
16493,101,95,6,6
16494,66,99,-33,33
16495,61,66,-5,5
16496,107,109,-2,2
16497,112,100,12,12
16498,114,133,-19,19
16499,96,101,-5,5
16500,136,135,1,1
16501,60,63,-3,3
16502,108,99,9,9
16503,109,113,-4,4
16504,98,95,3,3
16505,53,71,-18,18
16506,68,59,9,9
16507,114,110,4,4
16508,181,191,-10,10
16509,121,115,6,6
16510,67,67,0,0
16511,78,66,12,12
16512,74,73,1,1
16513,47,47,0,0
16514,113,127,-14,14
16515,41,43,-2,2
16516,57,60,-3,3
16517,68,61,7,7
16518,88,94,-6,6
16519,76,94,-18,18
16520,96,100,-4,4
16521,45,51,-6,6
16522,119,118,1,1
16523,104,115,-11,11
16524,111,109,2,2
16525,62,57,5,5
16526,94,96,-2,2
16527,86,80,6,6
16528,78,88,-10,10
16529,132,133,-1,1
16530,105,106,-1,1
16531,141,128,13,13
16532,59,62,-3,3
16533,205,176,29,29
16534,91,91,0,0
16535,87,106,-19,19
16536,87,86,1,1
16537,102,88,14,14
16538,94,84,10,10
16539,77,77,0,0
16540,61,60,1,1
16541,152,141,11,11
16542,85,86,-1,1
16543,120,117,3,3
16544,83,90,-7,7
16545,135,133,2,2
16546,52,54,-2,2
16547,79,73,6,6
16548,50,55,-5,5
16549,152,144,8,8
16550,80,73,7,7
16551,83,88,-5,5
16552,163,166,-3,3
16553,75,87,-12,12
16554,72,75,-3,3
16555,93,87,6,6
16556,118,106,12,12
16557,84,88,-4,4
16558,72,71,1,1
16559,75,78,-3,3
16560,79,82,-3,3
16561,84,89,-5,5
16562,88,91,-3,3
16563,99,97,2,2
16564,59,62,-3,3
16565,112,112,0,0
16566,128,114,14,14
16567,115,111,4,4
16568,101,115,-14,14
16569,60,61,-1,1
16570,80,88,-8,8
16571,134,138,-4,4
16572,72,70,2,2
16573,160,147,13,13
16574,123,122,1,1
16575,111,108,3,3
16576,61,65,-4,4
16577,68,71,-3,3
16578,131,140,-9,9
16579,135,124,11,11
16580,217,234,-17,17
16581,56,49,7,7
16582,86,91,-5,5
16583,104,103,1,1
16584,87,97,-10,10
16585,76,76,0,0
16586,137,133,4,4
16587,86,88,-2,2
16588,53,55,-2,2
16589,82,87,-5,5
16590,52,48,4,4
16591,85,84,1,1
16592,110,104,6,6
16593,58,56,2,2
16594,103,108,-5,5
16595,40,41,-1,1
16596,70,66,4,4
16597,50,47,3,3
16598,69,73,-4,4
16599,108,117,-9,9
16600,82,74,8,8
16601,138,132,6,6
16602,103,104,-1,1
16603,119,114,5,5
16604,111,102,9,9
16605,154,147,7,7
16606,131,127,4,4
16607,67,70,-3,3
16608,76,72,4,4
16609,104,107,-3,3
16610,134,123,11,11
16611,41,51,-10,10
16612,54,51,3,3
16613,116,115,1,1
16614,58,56,2,2
16615,74,85,-11,11
16616,101,104,-3,3
16617,62,59,3,3
16618,141,143,-2,2
16619,93,86,7,7
16620,98,96,2,2
16621,88,103,-15,15
16622,33,35,-2,2
16623,115,125,-10,10
16624,86,86,0,0
16625,156,147,9,9
16626,66,64,2,2
16627,93,85,8,8
16628,61,61,0,0
16629,128,124,4,4
16630,161,144,17,17
16631,51,56,-5,5
16632,59,62,-3,3
16633,97,98,-1,1
16634,157,149,8,8
16635,91,102,-11,11
16636,67,58,9,9
16637,90,95,-5,5
16638,82,79,3,3
16639,104,97,7,7
16640,96,100,-4,4
16641,122,129,-7,7
16642,86,81,5,5
16643,126,130,-4,4
16644,87,88,-1,1
16645,77,85,-8,8
16646,117,112,5,5
16647,144,133,11,11
16648,86,77,9,9
16649,61,53,8,8
16650,79,97,-18,18
16651,96,93,3,3
16652,89,96,-7,7
16653,89,97,-8,8
16654,110,105,5,5
16655,87,79,8,8
16656,39,48,-9,9
16657,98,97,1,1
16658,151,147,4,4
16659,89,89,0,0
16660,67,67,0,0
16661,71,71,0,0
16662,119,111,8,8
16663,86,85,1,1
16664,147,142,5,5
16665,51,45,6,6
16666,83,95,-12,12
16667,83,84,-1,1
16668,54,56,-2,2
16669,138,126,12,12
16670,64,66,-2,2
16671,80,82,-2,2
16672,58,62,-4,4
16673,92,90,2,2
16674,56,73,-17,17
16675,114,127,-13,13
16676,58,61,-3,3
16677,51,57,-6,6
16678,111,111,0,0
16679,66,77,-11,11
16680,64,66,-2,2
16681,99,110,-11,11
16682,73,68,5,5
16683,110,100,10,10
16684,99,112,-13,13
16685,92,87,5,5
16686,57,55,2,2
16687,138,135,3,3
16688,156,159,-3,3
16689,113,111,2,2
16690,37,43,-6,6
16691,119,117,2,2
16692,109,111,-2,2
16693,137,135,2,2
16694,187,150,37,37
16695,77,84,-7,7
16696,78,71,7,7
16697,89,93,-4,4
16698,144,150,-6,6
16699,111,112,-1,1
16700,46,53,-7,7
16701,119,121,-2,2
16702,89,79,10,10
16703,85,85,0,0
16704,155,139,16,16
16705,164,171,-7,7
16706,176,171,5,5
16707,61,64,-3,3
16708,143,153,-10,10
16709,66,55,11,11
16710,138,128,10,10
16711,107,108,-1,1
16712,80,74,6,6
16713,95,92,3,3
16714,94,106,-12,12
16715,90,87,3,3
16716,65,65,0,0
16717,75,77,-2,2
16718,54,55,-1,1
16719,84,84,0,0
16720,129,122,7,7
16721,142,127,15,15
16722,96,104,-8,8
16723,112,117,-5,5
16724,93,84,9,9
16725,57,59,-2,2
16726,36,52,-16,16
16727,46,51,-5,5
16728,94,99,-5,5
16729,57,62,-5,5
16730,106,117,-11,11
16731,130,135,-5,5
16732,62,61,1,1
16733,89,96,-7,7
16734,137,133,4,4
16735,107,113,-6,6
16736,58,56,2,2
16737,73,71,2,2
16738,86,87,-1,1
16739,103,96,7,7
16740,121,123,-2,2
16741,66,60,6,6
16742,87,93,-6,6
16743,59,54,5,5
16744,109,112,-3,3
16745,79,93,-14,14
16746,68,67,1,1
16747,66,71,-5,5
16748,72,75,-3,3
16749,100,101,-1,1
16750,102,99,3,3
16751,55,58,-3,3
16752,98,94,4,4
16753,107,110,-3,3
16754,77,64,13,13
16755,76,82,-6,6
16756,65,70,-5,5
16757,134,119,15,15
16758,39,50,-11,11
16759,123,129,-6,6
16760,64,65,-1,1
16761,105,103,2,2
16762,66,64,2,2
16763,203,200,3,3
16764,144,120,24,24
16765,75,79,-4,4
16766,106,101,5,5
16767,104,103,1,1
16768,73,82,-9,9
16769,83,73,10,10
16770,81,95,-14,14
16771,83,84,-1,1
16772,100,110,-10,10
16773,103,100,3,3
16774,76,74,2,2
16775,66,69,-3,3
16776,72,73,-1,1
16777,87,101,-14,14
16778,81,102,-21,21
16779,109,105,4,4
16780,103,95,8,8
16781,112,124,-12,12
16782,170,166,4,4
16783,89,89,0,0
16784,73,81,-8,8
16785,59,57,2,2
16786,135,134,1,1
16787,61,64,-3,3
16788,78,82,-4,4
16789,125,114,11,11
16790,64,74,-10,10
16791,54,61,-7,7
16792,119,115,4,4
16793,92,98,-6,6
16794,117,115,2,2
16795,88,80,8,8
16796,99,100,-1,1
16797,48,52,-4,4
16798,123,127,-4,4
16799,113,116,-3,3
16800,98,99,-1,1
16801,66,63,3,3
16802,82,79,3,3
16803,38,51,-13,13
16804,86,87,-1,1
16805,135,146,-11,11
16806,140,134,6,6
16807,73,69,4,4
16808,95,98,-3,3
16809,40,45,-5,5
16810,67,89,-22,22
16811,160,157,3,3
16812,121,113,8,8
16813,104,89,15,15
16814,98,96,2,2
16815,125,118,7,7
16816,119,106,13,13
16817,109,115,-6,6
16818,73,75,-2,2
16819,212,195,17,17
16820,81,77,4,4
16821,104,107,-3,3
16822,44,49,-5,5
16823,82,66,16,16
16824,181,167,14,14
16825,50,48,2,2
16826,90,102,-12,12
16827,87,85,2,2
16828,76,90,-14,14
16829,211,210,1,1
16830,104,99,5,5
16831,114,112,2,2
16832,143,150,-7,7
16833,142,140,2,2
16834,153,171,-18,18
16835,60,57,3,3
16836,60,60,0,0
16837,111,96,15,15
16838,143,153,-10,10
16839,76,79,-3,3
16840,73,72,1,1
16841,76,71,5,5
16842,75,77,-2,2
16843,58,64,-6,6
16844,57,52,5,5
16845,112,111,1,1
16846,151,145,6,6
16847,51,47,4,4
16848,64,67,-3,3
16849,80,80,0,0
16850,89,84,5,5
16851,155,149,6,6
16852,97,93,4,4
16853,82,89,-7,7
16854,122,116,6,6
16855,110,115,-5,5
16856,91,85,6,6
16857,27,58,-31,31
16858,55,55,0,0
16859,107,103,4,4
16860,61,65,-4,4
16861,67,73,-6,6
16862,111,121,-10,10
16863,95,90,5,5
16864,129,131,-2,2
16865,165,178,-13,13
16866,139,134,5,5
16867,97,131,-34,34
16868,88,88,0,0
16869,64,73,-9,9
16870,83,80,3,3
16871,118,114,4,4
16872,81,78,3,3
16873,78,75,3,3
16874,164,166,-2,2
16875,60,93,-33,33
16876,23,33,-10,10
16877,60,59,1,1
16878,58,64,-6,6
16879,102,107,-5,5
16880,100,101,-1,1
16881,103,106,-3,3
16882,98,88,10,10
16883,136,143,-7,7
16884,110,109,1,1
16885,95,96,-1,1
16886,113,115,-2,2
16887,143,160,-17,17
16888,141,140,1,1
16889,117,112,5,5
16890,63,72,-9,9
16891,83,75,8,8
16892,52,58,-6,6
16893,95,109,-14,14
16894,85,87,-2,2
16895,75,81,-6,6
16896,137,133,4,4
16897,81,82,-1,1
16898,55,57,-2,2
16899,128,113,15,15
16900,135,120,15,15
16901,107,106,1,1
16902,68,72,-4,4
16903,95,96,-1,1
16904,131,126,5,5
16905,106,105,1,1
16906,84,99,-15,15
16907,120,123,-3,3
16908,69,71,-2,2
16909,93,99,-6,6
16910,100,102,-2,2
16911,152,149,3,3
16912,139,151,-12,12
16913,109,112,-3,3
16914,122,123,-1,1
16915,70,73,-3,3
16916,89,82,7,7
16917,81,71,10,10
16918,59,59,0,0
16919,74,78,-4,4
16920,121,108,13,13
16921,88,83,5,5
16922,72,90,-18,18
16923,107,109,-2,2
16924,47,55,-8,8
16925,105,100,5,5
16926,61,71,-10,10
16927,116,115,1,1
16928,110,108,2,2
16929,63,60,3,3
16930,121,117,4,4
16931,52,52,0,0
16932,92,83,9,9
16933,102,118,-16,16
16934,86,87,-1,1
16935,171,196,-25,25
16936,97,113,-16,16
16937,105,93,12,12
16938,127,126,1,1
16939,84,90,-6,6
16940,99,90,9,9
16941,65,61,4,4
16942,86,78,8,8
16943,107,98,9,9
16944,84,83,1,1
16945,136,126,10,10
16946,82,73,9,9
16947,52,58,-6,6
16948,103,116,-13,13
16949,102,102,0,0
16950,126,120,6,6
16951,185,176,9,9
16952,143,138,5,5
16953,48,65,-17,17
16954,142,122,20,20
16955,58,64,-6,6
16956,164,167,-3,3
16957,95,96,-1,1
16958,191,197,-6,6
16959,115,120,-5,5
16960,58,58,0,0
16961,121,115,6,6
16962,101,99,2,2
16963,79,84,-5,5
16964,84,85,-1,1
16965,69,70,-1,1
16966,153,158,-5,5
16967,67,75,-8,8
16968,69,84,-15,15
16969,71,76,-5,5
16970,94,96,-2,2
16971,110,111,-1,1
16972,105,106,-1,1
16973,88,93,-5,5
16974,93,102,-9,9
16975,70,66,4,4
16976,65,71,-6,6
16977,62,65,-3,3
16978,120,120,0,0
16979,55,53,2,2
16980,73,77,-4,4
16981,102,99,3,3
16982,71,72,-1,1
16983,111,130,-19,19
16984,156,155,1,1
16985,89,94,-5,5
16986,67,65,2,2
16987,71,75,-4,4
16988,71,78,-7,7
16989,108,105,3,3
16990,72,71,1,1
16991,80,75,5,5
16992,104,93,11,11
16993,111,119,-8,8
16994,58,56,2,2
16995,68,64,4,4
16996,92,88,4,4
16997,161,156,5,5
16998,107,99,8,8
16999,66,75,-9,9
17000,76,83,-7,7
17001,105,104,1,1
17002,140,132,8,8
17003,77,74,3,3
17004,70,74,-4,4
17005,133,128,5,5
17006,50,58,-8,8
17007,66,69,-3,3
17008,60,71,-11,11
17009,72,77,-5,5
17010,123,108,15,15
17011,88,86,2,2
17012,110,107,3,3
17013,94,92,2,2
17014,88,85,3,3
17015,82,73,9,9
17016,107,125,-18,18
17017,69,64,5,5
17018,85,88,-3,3
17019,81,85,-4,4
17020,57,59,-2,2
17021,124,114,10,10
17022,126,129,-3,3
17023,59,50,9,9
17024,78,80,-2,2
17025,112,118,-6,6
17026,87,101,-14,14
17027,101,88,13,13
17028,101,99,2,2
17029,150,150,0,0
17030,135,126,9,9
17031,146,145,1,1
17032,61,63,-2,2
17033,103,101,2,2
17034,134,129,5,5
17035,68,66,2,2
17036,84,76,8,8
17037,59,60,-1,1
17038,115,114,1,1
17039,98,85,13,13
17040,118,132,-14,14
17041,97,100,-3,3
17042,94,107,-13,13
17043,143,136,7,7
17044,119,118,1,1
17045,82,93,-11,11
17046,86,94,-8,8
17047,79,83,-4,4
17048,178,191,-13,13
17049,151,138,13,13
17050,133,130,3,3
17051,71,79,-8,8
17052,56,51,5,5
17053,61,59,2,2
17054,69,76,-7,7
17055,95,95,0,0
17056,98,96,2,2
17057,88,93,-5,5
17058,86,90,-4,4
17059,79,84,-5,5
17060,77,74,3,3
17061,88,103,-15,15
17062,110,107,3,3
17063,138,144,-6,6
17064,98,107,-9,9
17065,99,94,5,5
17066,73,74,-1,1
17067,143,137,6,6
17068,44,44,0,0
17069,136,129,7,7
17070,150,142,8,8
17071,125,129,-4,4
17072,134,131,3,3
17073,93,99,-6,6
17074,107,102,5,5
17075,38,45,-7,7
17076,133,153,-20,20
17077,151,149,2,2
17078,104,113,-9,9
17079,83,78,5,5
17080,124,109,15,15
17081,161,163,-2,2
17082,72,71,1,1
17083,77,82,-5,5
17084,111,111,0,0
17085,107,109,-2,2
17086,107,114,-7,7
17087,98,108,-10,10
17088,168,168,0,0
17089,100,91,9,9
17090,70,71,-1,1
17091,68,65,3,3
17092,74,67,7,7
17093,129,133,-4,4
17094,121,119,2,2
17095,69,64,5,5
17096,121,124,-3,3
17097,103,107,-4,4
17098,187,191,-4,4
17099,61,63,-2,2
17100,81,76,5,5
17101,117,129,-12,12
17102,46,72,-26,26
17103,77,76,1,1
17104,85,90,-5,5
17105,47,55,-8,8
17106,81,79,2,2
17107,99,91,8,8
17108,152,162,-10,10
17109,58,68,-10,10
17110,45,54,-9,9
17111,87,85,2,2
17112,100,84,16,16
17113,41,39,2,2
17114,184,165,19,19
17115,72,73,-1,1
17116,38,44,-6,6
17117,79,101,-22,22
17118,98,89,9,9
17119,71,72,-1,1
17120,62,65,-3,3
17121,90,81,9,9
17122,97,85,12,12
17123,52,52,0,0
17124,74,68,6,6
17125,154,150,4,4
17126,99,94,5,5
17127,44,40,4,4
17128,85,82,3,3
17129,128,128,0,0
17130,128,112,16,16
17131,78,94,-16,16
17132,62,65,-3,3
17133,112,125,-13,13
17134,63,70,-7,7
17135,88,89,-1,1
17136,51,50,1,1
17137,129,128,1,1
17138,65,65,0,0
17139,56,57,-1,1
17140,102,96,6,6
17141,87,82,5,5
17142,129,129,0,0
17143,61,66,-5,5
17144,79,77,2,2
17145,57,68,-11,11
17146,171,163,8,8
17147,90,93,-3,3
17148,96,94,2,2
17149,91,88,3,3
17150,47,53,-6,6
17151,87,99,-12,12
17152,86,103,-17,17
17153,133,139,-6,6
17154,133,131,2,2
17155,89,97,-8,8
17156,64,57,7,7
17157,54,57,-3,3
17158,99,116,-17,17
17159,91,90,1,1
17160,76,82,-6,6
17161,75,75,0,0
17162,72,66,6,6
17163,107,114,-7,7
17164,39,40,-1,1
17165,99,97,2,2
17166,121,116,5,5
17167,89,87,2,2
17168,132,134,-2,2
17169,108,116,-8,8
17170,84,75,9,9
17171,104,102,2,2
17172,68,69,-1,1
17173,55,58,-3,3
17174,74,71,3,3
17175,85,92,-7,7
17176,63,60,3,3
17177,77,76,1,1
17178,103,109,-6,6
17179,66,65,1,1
17180,77,70,7,7
17181,112,107,5,5
17182,127,141,-14,14
17183,100,103,-3,3
17184,59,65,-6,6
17185,111,105,6,6
17186,29,36,-7,7
17187,77,75,2,2
17188,98,102,-4,4
17189,108,111,-3,3
17190,196,199,-3,3
17191,79,75,4,4
17192,150,154,-4,4
17193,99,95,4,4
17194,73,71,2,2
17195,75,75,0,0
17196,62,61,1,1
17197,77,82,-5,5
17198,100,92,8,8
17199,139,142,-3,3
17200,80,76,4,4
17201,151,127,24,24
17202,125,126,-1,1
17203,70,81,-11,11
17204,141,137,4,4
17205,76,80,-4,4
17206,74,82,-8,8
17207,108,100,8,8
17208,146,128,18,18
17209,65,59,6,6
17210,92,105,-13,13
17211,98,94,4,4
17212,112,120,-8,8
17213,155,140,15,15
17214,109,110,-1,1
17215,127,124,3,3
17216,40,53,-13,13
17217,106,119,-13,13
17218,106,119,-13,13
17219,68,67,1,1
17220,73,76,-3,3
17221,69,71,-2,2
17222,93,97,-4,4
17223,95,98,-3,3
17224,99,96,3,3
17225,108,108,0,0
17226,77,78,-1,1
17227,76,76,0,0
17228,102,108,-6,6
17229,117,112,5,5
17230,88,87,1,1
17231,82,82,0,0
17232,99,95,4,4
17233,147,135,12,12
17234,66,64,2,2
17235,79,72,7,7
17236,62,69,-7,7
17237,175,174,1,1
17238,101,100,1,1
17239,64,69,-5,5
17240,74,73,1,1
17241,72,91,-19,19
17242,64,70,-6,6
17243,73,71,2,2
17244,48,58,-10,10
17245,186,178,8,8
17246,100,123,-23,23
17247,120,114,6,6
17248,53,65,-12,12
17249,120,111,9,9
17250,98,105,-7,7
17251,34,40,-6,6
17252,97,98,-1,1
17253,118,112,6,6
17254,128,115,13,13
17255,90,87,3,3
17256,63,65,-2,2
17257,160,147,13,13
17258,177,153,24,24
17259,185,185,0,0
17260,104,103,1,1
17261,68,65,3,3
17262,119,126,-7,7
17263,110,104,6,6
17264,67,60,7,7
17265,56,61,-5,5
17266,160,152,8,8
17267,103,122,-19,19
17268,68,65,3,3
17269,112,117,-5,5
17270,75,74,1,1
17271,101,105,-4,4
17272,89,110,-21,21
17273,57,70,-13,13
17274,65,64,1,1
17275,95,105,-10,10
17276,93,96,-3,3
17277,100,97,3,3
17278,127,132,-5,5
17279,105,95,10,10
17280,58,53,5,5
17281,70,73,-3,3
17282,146,149,-3,3
17283,90,86,4,4
17284,75,75,0,0
17285,92,97,-5,5
17286,122,120,2,2
17287,77,80,-3,3
17288,50,55,-5,5
17289,69,73,-4,4
17290,36,41,-5,5
17291,97,89,8,8
17292,81,87,-6,6
17293,127,138,-11,11
17294,142,146,-4,4
17295,98,103,-5,5
17296,91,79,12,12
17297,84,85,-1,1
17298,94,97,-3,3
17299,71,83,-12,12
17300,87,78,9,9
17301,109,107,2,2
17302,58,53,5,5
17303,63,65,-2,2
17304,65,66,-1,1
17305,45,44,1,1
17306,87,73,14,14
17307,64,65,-1,1
17308,82,83,-1,1
17309,156,161,-5,5
17310,138,117,21,21
17311,76,78,-2,2
17312,134,128,6,6
17313,115,110,5,5
17314,92,95,-3,3
17315,126,128,-2,2
17316,103,108,-5,5
17317,56,60,-4,4
17318,125,141,-16,16
17319,108,94,14,14
17320,69,71,-2,2
17321,151,149,2,2
17322,88,96,-8,8
17323,101,101,0,0
17324,165,169,-4,4
17325,151,137,14,14
17326,82,78,4,4
17327,65,62,3,3
17328,93,94,-1,1
17329,102,101,1,1
17330,71,74,-3,3
17331,66,72,-6,6
17332,101,105,-4,4
17333,109,100,9,9
17334,67,60,7,7
17335,150,145,5,5
17336,71,54,17,17
17337,93,100,-7,7
17338,106,112,-6,6
17339,127,123,4,4
17340,167,169,-2,2
17341,67,71,-4,4
17342,137,138,-1,1
17343,90,90,0,0
17344,48,53,-5,5
17345,79,74,5,5
17346,72,77,-5,5
17347,139,138,1,1
17348,81,86,-5,5
17349,124,128,-4,4
17350,114,109,5,5
17351,75,77,-2,2
17352,73,73,0,0
17353,90,82,8,8
17354,156,160,-4,4
17355,107,109,-2,2
17356,88,88,0,0
17357,135,148,-13,13
17358,120,107,13,13
17359,55,71,-16,16
17360,58,60,-2,2
17361,104,114,-10,10
17362,53,48,5,5
17363,65,61,4,4
17364,71,73,-2,2
17365,36,49,-13,13
17366,135,127,8,8
17367,159,159,0,0
17368,118,104,14,14
17369,93,105,-12,12
17370,91,92,-1,1
17371,66,74,-8,8
17372,68,59,9,9
17373,81,80,1,1
17374,138,145,-7,7
17375,68,73,-5,5
17376,128,132,-4,4
17377,97,112,-15,15
17378,83,89,-6,6
17379,194,185,9,9
17380,63,62,1,1
17381,68,60,8,8
17382,68,71,-3,3
17383,89,92,-3,3
17384,103,97,6,6
17385,113,125,-12,12
17386,95,93,2,2
17387,93,82,11,11
17388,68,66,2,2
17389,57,52,5,5
17390,58,62,-4,4
17391,174,164,10,10
17392,71,73,-2,2
17393,106,104,2,2
17394,63,61,2,2
17395,63,55,8,8
17396,126,118,8,8
17397,104,99,5,5
17398,83,84,-1,1
17399,80,87,-7,7
17400,175,172,3,3
17401,77,94,-17,17
17402,146,140,6,6
17403,78,76,2,2
17404,114,105,9,9
17405,86,102,-16,16
17406,149,152,-3,3
17407,170,170,0,0
17408,121,119,2,2
17409,61,62,-1,1
17410,64,58,6,6
17411,67,64,3,3
17412,99,108,-9,9
17413,185,175,10,10
17414,56,70,-14,14
17415,99,95,4,4
17416,75,83,-8,8
17417,85,74,11,11
17418,92,87,5,5
17419,91,86,5,5
17420,80,73,7,7
17421,56,67,-11,11
17422,80,75,5,5
17423,135,133,2,2
17424,98,123,-25,25
17425,150,156,-6,6
17426,53,59,-6,6
17427,106,104,2,2
17428,74,75,-1,1
17429,196,213,-17,17
17430,88,83,5,5
17431,47,62,-15,15
17432,101,110,-9,9
17433,110,106,4,4
17434,116,120,-4,4
17435,96,102,-6,6
17436,65,59,6,6
17437,55,50,5,5
17438,140,143,-3,3
17439,94,84,10,10
17440,89,80,9,9
17441,101,93,8,8
17442,80,73,7,7
17443,112,108,4,4
17444,106,116,-10,10
17445,103,110,-7,7
17446,60,62,-2,2
17447,95,100,-5,5
17448,87,91,-4,4
17449,45,46,-1,1
17450,92,98,-6,6
17451,108,103,5,5
17452,98,96,2,2
17453,62,66,-4,4
17454,107,109,-2,2
17455,74,68,6,6
17456,137,127,10,10
17457,75,77,-2,2
17458,66,65,1,1
17459,100,99,1,1
17460,129,146,-17,17
17461,79,78,1,1
17462,111,104,7,7
17463,88,95,-7,7
17464,63,64,-1,1
17465,95,103,-8,8
17466,74,76,-2,2
17467,108,109,-1,1
17468,115,107,8,8
17469,96,95,1,1
17470,146,137,9,9
17471,178,174,4,4
17472,171,170,1,1
17473,171,156,15,15
17474,151,151,0,0
17475,90,93,-3,3
17476,94,87,7,7
17477,89,78,11,11
17478,71,71,0,0
17479,223,216,7,7
17480,66,71,-5,5
17481,116,114,2,2
17482,69,64,5,5
17483,153,149,4,4
17484,48,56,-8,8
17485,83,87,-4,4
17486,177,171,6,6
17487,70,86,-16,16
17488,80,84,-4,4
17489,77,80,-3,3
17490,69,65,4,4
17491,81,74,7,7
17492,115,119,-4,4
17493,96,106,-10,10
17494,94,88,6,6
17495,46,51,-5,5
17496,88,107,-19,19
17497,90,78,12,12
17498,89,94,-5,5
17499,65,62,3,3
17500,78,75,3,3
17501,76,75,1,1
17502,116,109,7,7
17503,127,121,6,6
17504,146,150,-4,4
17505,89,92,-3,3
17506,42,59,-17,17
17507,73,64,9,9
17508,61,59,2,2
17509,79,74,5,5
17510,105,104,1,1
17511,64,66,-2,2
17512,115,121,-6,6
17513,66,74,-8,8
17514,75,73,2,2
17515,82,83,-1,1
17516,46,57,-11,11
17517,106,113,-7,7
17518,74,81,-7,7
17519,58,83,-25,25
17520,89,93,-4,4
17521,76,72,4,4
17522,90,79,11,11
17523,108,108,0,0
17524,89,102,-13,13
17525,75,73,2,2
17526,98,98,0,0
17527,87,82,5,5
17528,65,71,-6,6
17529,121,111,10,10
17530,63,65,-2,2
17531,139,147,-8,8
17532,80,84,-4,4
17533,75,74,1,1
17534,64,66,-2,2
17535,48,47,1,1
17536,115,115,0,0
17537,82,80,2,2
17538,120,119,1,1
17539,141,147,-6,6
17540,67,74,-7,7
17541,48,63,-15,15
17542,117,113,4,4
17543,173,174,-1,1
17544,74,80,-6,6
17545,53,53,0,0
17546,33,39,-6,6
17547,79,85,-6,6
17548,76,71,5,5
17549,119,108,11,11
17550,139,138,1,1
17551,77,75,2,2
17552,115,120,-5,5
17553,67,73,-6,6
17554,105,95,10,10
17555,127,130,-3,3
17556,84,82,2,2
17557,106,113,-7,7
17558,79,92,-13,13
17559,96,105,-9,9
17560,82,78,4,4
17561,146,142,4,4
17562,98,103,-5,5
17563,116,128,-12,12
17564,42,45,-3,3
17565,82,86,-4,4
17566,71,71,0,0
17567,103,98,5,5
17568,60,63,-3,3
17569,86,87,-1,1
17570,137,127,10,10
17571,105,103,2,2
17572,68,76,-8,8
17573,94,96,-2,2
17574,190,183,7,7
17575,61,60,1,1
17576,112,111,1,1
17577,72,65,7,7
17578,137,128,9,9
17579,85,88,-3,3
17580,190,189,1,1
17581,145,151,-6,6
17582,100,105,-5,5
17583,143,133,10,10
17584,81,87,-6,6
17585,58,62,-4,4
17586,79,89,-10,10
17587,119,118,1,1
17588,63,66,-3,3
17589,106,104,2,2
17590,111,106,5,5
17591,90,93,-3,3
17592,134,139,-5,5
17593,129,117,12,12
17594,67,66,1,1
17595,128,132,-4,4
17596,43,47,-4,4
17597,58,59,-1,1
17598,123,131,-8,8
17599,63,61,2,2
17600,61,65,-4,4
17601,74,62,12,12
17602,117,106,11,11
17603,132,107,25,25
17604,73,61,12,12
17605,127,133,-6,6
17606,170,170,0,0
17607,101,105,-4,4
17608,118,108,10,10
17609,73,70,3,3
17610,82,83,-1,1
17611,100,97,3,3
17612,62,66,-4,4
17613,80,73,7,7
17614,50,53,-3,3
17615,68,70,-2,2
17616,163,159,4,4
17617,49,51,-2,2
17618,75,76,-1,1
17619,133,127,6,6
17620,115,118,-3,3
17621,102,110,-8,8
17622,74,78,-4,4
17623,161,152,9,9
17624,130,134,-4,4
17625,122,117,5,5
17626,109,104,5,5
17627,120,132,-12,12
17628,72,52,20,20
17629,90,94,-4,4
17630,80,92,-12,12
17631,103,113,-10,10
17632,134,131,3,3
17633,93,94,-1,1
17634,82,80,2,2
17635,184,171,13,13
17636,84,84,0,0
17637,62,62,0,0
17638,65,66,-1,1
17639,68,72,-4,4
17640,118,116,2,2
17641,81,84,-3,3
17642,116,118,-2,2
17643,116,116,0,0
17644,85,79,6,6
17645,55,62,-7,7
17646,91,91,0,0
17647,79,81,-2,2
17648,24,42,-18,18
17649,155,151,4,4
17650,97,84,13,13
17651,69,75,-6,6
17652,105,105,0,0
17653,158,164,-6,6
17654,129,131,-2,2
17655,115,109,6,6
17656,92,101,-9,9
17657,82,85,-3,3
17658,100,103,-3,3
17659,66,56,10,10
17660,46,53,-7,7
17661,141,152,-11,11
17662,128,126,2,2
17663,101,84,17,17
17664,103,98,5,5
17665,75,73,2,2
17666,125,123,2,2
17667,50,49,1,1
17668,67,64,3,3
17669,91,94,-3,3
17670,95,95,0,0
17671,133,126,7,7
17672,124,123,1,1
17673,59,53,6,6
17674,138,137,1,1
17675,132,131,1,1
17676,109,109,0,0
17677,72,78,-6,6
17678,84,89,-5,5
17679,107,110,-3,3
17680,73,80,-7,7
17681,76,80,-4,4
17682,122,110,12,12
17683,107,114,-7,7
17684,38,42,-4,4
17685,127,118,9,9
17686,82,74,8,8
17687,189,175,14,14
17688,115,114,1,1
17689,100,97,3,3
17690,70,63,7,7
17691,81,70,11,11
17692,150,166,-16,16
17693,94,89,5,5
17694,88,86,2,2
17695,81,85,-4,4
17696,148,149,-1,1
17697,75,85,-10,10
17698,90,88,2,2
17699,124,123,1,1
17700,46,47,-1,1
17701,103,110,-7,7
17702,101,93,8,8
17703,93,95,-2,2
17704,105,111,-6,6
17705,91,94,-3,3
17706,138,139,-1,1
17707,85,85,0,0
17708,102,95,7,7
17709,72,84,-12,12
17710,81,79,2,2
17711,118,117,1,1
17712,114,123,-9,9
17713,118,115,3,3
17714,79,84,-5,5
17715,149,140,9,9
17716,74,80,-6,6
17717,46,51,-5,5
17718,76,71,5,5
17719,80,77,3,3
17720,124,139,-15,15
17721,126,135,-9,9
17722,57,55,2,2
17723,91,107,-16,16
17724,206,187,19,19
17725,122,113,9,9
17726,89,92,-3,3
17727,108,109,-1,1
17728,170,161,9,9
17729,89,89,0,0
17730,90,86,4,4
17731,85,89,-4,4
17732,80,67,13,13
17733,105,92,13,13
17734,84,72,12,12
17735,97,98,-1,1
17736,60,63,-3,3
17737,39,47,-8,8
17738,103,97,6,6
17739,122,125,-3,3
17740,105,108,-3,3
17741,72,77,-5,5
17742,72,80,-8,8
17743,126,122,4,4
17744,113,109,4,4
17745,88,81,7,7
17746,121,124,-3,3
17747,88,92,-4,4
17748,72,66,6,6
17749,65,73,-8,8
17750,74,84,-10,10
17751,112,122,-10,10
17752,53,55,-2,2
17753,138,134,4,4
17754,108,114,-6,6
17755,65,66,-1,1
17756,72,77,-5,5
17757,122,117,5,5
17758,48,59,-11,11
17759,93,87,6,6
17760,124,123,1,1
17761,92,93,-1,1
17762,66,70,-4,4
17763,69,66,3,3
17764,144,157,-13,13
17765,103,112,-9,9
17766,96,94,2,2
17767,107,104,3,3
17768,129,128,1,1
17769,60,60,0,0
17770,72,67,5,5
17771,53,52,1,1
17772,117,105,12,12
17773,109,113,-4,4
17774,73,74,-1,1
17775,121,119,2,2
17776,193,195,-2,2
17777,69,77,-8,8
17778,80,67,13,13
17779,135,120,15,15
17780,47,48,-1,1
17781,75,71,4,4
17782,135,150,-15,15
17783,97,97,0,0
17784,76,77,-1,1
17785,108,108,0,0
17786,110,116,-6,6
17787,87,93,-6,6
17788,59,61,-2,2
17789,163,161,2,2
17790,80,84,-4,4
17791,169,157,12,12
17792,91,91,0,0
17793,122,123,-1,1
17794,97,97,0,0
17795,63,73,-10,10
17796,139,144,-5,5
17797,76,73,3,3
17798,80,78,2,2
17799,79,76,3,3
17800,112,117,-5,5
17801,94,97,-3,3
17802,103,110,-7,7
17803,53,60,-7,7
17804,70,74,-4,4
17805,156,158,-2,2
17806,29,53,-24,24
17807,128,136,-8,8
17808,125,132,-7,7
17809,126,105,21,21
17810,50,93,-43,43
17811,152,153,-1,1
17812,195,170,25,25
17813,76,81,-5,5
17814,87,86,1,1
17815,80,73,7,7
17816,66,62,4,4
17817,72,73,-1,1
17818,104,114,-10,10
17819,67,64,3,3
17820,109,109,0,0
17821,146,146,0,0
17822,59,70,-11,11
17823,78,75,3,3
17824,73,71,2,2
17825,139,138,1,1
17826,103,96,7,7
17827,112,119,-7,7
17828,99,90,9,9
17829,68,75,-7,7
17830,53,75,-22,22
17831,152,131,21,21
17832,55,53,2,2
17833,96,103,-7,7
17834,78,81,-3,3
17835,69,93,-24,24
17836,54,53,1,1
17837,118,114,4,4
17838,120,110,10,10
17839,45,58,-13,13
17840,94,88,6,6
17841,141,142,-1,1
17842,81,88,-7,7
17843,85,94,-9,9
17844,100,104,-4,4
17845,104,108,-4,4
17846,189,171,18,18
17847,79,71,8,8
17848,98,100,-2,2
17849,53,53,0,0
17850,139,133,6,6
17851,96,116,-20,20
17852,75,75,0,0
17853,74,76,-2,2
17854,142,142,0,0
17855,135,153,-18,18
17856,40,41,-1,1
17857,176,164,12,12
17858,55,58,-3,3
17859,70,78,-8,8
17860,71,73,-2,2
17861,55,63,-8,8
17862,168,167,1,1
17863,146,136,10,10
17864,111,114,-3,3
17865,117,101,16,16
17866,64,63,1,1
17867,106,102,4,4
17868,110,100,10,10
17869,79,80,-1,1
17870,95,86,9,9
17871,121,120,1,1
17872,129,131,-2,2
17873,98,86,12,12
17874,60,59,1,1
17875,53,56,-3,3
17876,121,114,7,7
17877,112,134,-22,22
17878,54,58,-4,4
17879,76,77,-1,1
17880,126,137,-11,11
17881,131,124,7,7
17882,45,49,-4,4
17883,135,134,1,1
17884,95,89,6,6
17885,80,74,6,6
17886,96,94,2,2
17887,143,137,6,6
17888,59,61,-2,2
17889,140,141,-1,1
17890,73,75,-2,2
17891,109,116,-7,7
17892,116,130,-14,14
17893,42,47,-5,5
17894,44,42,2,2
17895,151,148,3,3
17896,109,116,-7,7
17897,106,91,15,15
17898,131,111,20,20
17899,139,132,7,7
17900,77,73,4,4
17901,127,120,7,7
17902,79,84,-5,5
17903,140,139,1,1
17904,63,60,3,3
17905,121,124,-3,3
17906,65,62,3,3
17907,146,146,0,0
17908,110,103,7,7
17909,101,110,-9,9
17910,35,43,-8,8
17911,105,105,0,0
17912,154,163,-9,9
17913,72,71,1,1
17914,98,102,-4,4
17915,126,137,-11,11
17916,142,139,3,3
17917,98,115,-17,17
17918,82,88,-6,6
17919,86,95,-9,9
17920,79,75,4,4
17921,111,99,12,12
17922,74,73,1,1
17923,58,57,1,1
17924,48,51,-3,3
17925,74,73,1,1
17926,123,121,2,2
17927,40,52,-12,12
17928,80,66,14,14
17929,63,57,6,6
17930,115,98,17,17
17931,107,110,-3,3
17932,80,73,7,7
17933,85,84,1,1
17934,166,162,4,4
17935,71,80,-9,9
17936,56,64,-8,8
17937,48,55,-7,7
17938,96,92,4,4
17939,54,56,-2,2
17940,124,126,-2,2
17941,92,93,-1,1
17942,51,55,-4,4
17943,62,70,-8,8
17944,89,84,5,5
17945,141,136,5,5
17946,87,73,14,14
17947,75,86,-11,11
17948,81,79,2,2
17949,65,81,-16,16
17950,90,83,7,7
17951,85,82,3,3
17952,71,78,-7,7
17953,61,66,-5,5
17954,104,101,3,3
17955,98,108,-10,10
17956,68,69,-1,1
17957,77,72,5,5
17958,90,89,1,1
17959,71,85,-14,14
17960,59,73,-14,14
17961,109,98,11,11
17962,105,111,-6,6
17963,175,166,9,9
17964,83,91,-8,8
17965,139,134,5,5
17966,68,70,-2,2
17967,88,92,-4,4
17968,75,71,4,4
17969,104,110,-6,6
17970,126,118,8,8
17971,91,94,-3,3
17972,94,100,-6,6
17973,89,87,2,2
17974,41,45,-4,4
17975,91,113,-22,22
17976,81,84,-3,3
17977,72,73,-1,1
17978,146,132,14,14
17979,80,81,-1,1
17980,141,121,20,20
17981,104,98,6,6
17982,111,101,10,10
17983,115,118,-3,3
17984,67,65,2,2
17985,132,127,5,5
17986,118,119,-1,1
17987,79,74,5,5
17988,67,78,-11,11
17989,158,139,19,19
17990,90,81,9,9
17991,78,81,-3,3
17992,52,51,1,1
17993,67,67,0,0
17994,57,71,-14,14
17995,93,93,0,0
17996,73,73,0,0
17997,100,107,-7,7
17998,150,138,12,12
17999,68,71,-3,3
18000,74,76,-2,2
18001,100,102,-2,2
18002,92,101,-9,9
18003,101,112,-11,11
18004,96,89,7,7
18005,161,154,7,7
18006,71,74,-3,3
18007,97,98,-1,1
18008,62,62,0,0
18009,70,72,-2,2
18010,106,100,6,6
18011,67,72,-5,5
18012,56,63,-7,7
18013,75,71,4,4
18014,47,46,1,1
18015,78,74,4,4
18016,62,57,5,5
18017,68,69,-1,1
18018,106,100,6,6
18019,125,116,9,9
18020,84,99,-15,15
18021,107,104,3,3
18022,63,61,2,2
18023,76,86,-10,10
18024,98,92,6,6
18025,139,116,23,23
18026,94,96,-2,2
18027,142,145,-3,3
18028,121,121,0,0
18029,79,79,0,0
18030,123,127,-4,4
18031,82,84,-2,2
18032,174,173,1,1
18033,116,127,-11,11
18034,51,54,-3,3
18035,157,146,11,11
18036,57,59,-2,2
18037,71,64,7,7
18038,30,35,-5,5
18039,102,105,-3,3
18040,140,130,10,10
18041,156,161,-5,5
18042,44,43,1,1
18043,157,151,6,6
18044,91,94,-3,3
18045,111,125,-14,14
18046,107,120,-13,13
18047,83,86,-3,3
18048,83,79,4,4
18049,103,99,4,4
18050,84,72,12,12
18051,79,73,6,6
18052,119,110,9,9
18053,66,72,-6,6
18054,34,57,-23,23
18055,134,132,2,2
18056,108,107,1,1
18057,60,68,-8,8
18058,33,37,-4,4
18059,105,115,-10,10
18060,71,74,-3,3
18061,92,97,-5,5
18062,62,62,0,0
18063,54,57,-3,3
18064,85,90,-5,5
18065,154,140,14,14
18066,109,106,3,3
18067,120,141,-21,21
18068,55,53,2,2
18069,102,112,-10,10
18070,58,57,1,1
18071,34,40,-6,6
18072,91,91,0,0
18073,110,107,3,3
18074,117,110,7,7
18075,102,128,-26,26
18076,95,89,6,6
18077,38,46,-8,8
18078,88,84,4,4
18079,107,96,11,11
18080,113,115,-2,2
18081,58,59,-1,1
18082,56,62,-6,6
18083,68,72,-4,4
18084,59,55,4,4
18085,169,177,-8,8
18086,70,63,7,7
18087,117,114,3,3
18088,84,81,3,3
18089,150,160,-10,10
18090,123,133,-10,10
18091,72,73,-1,1
18092,108,111,-3,3
18093,87,89,-2,2
18094,123,149,-26,26
18095,79,80,-1,1
18096,112,130,-18,18
18097,77,72,5,5
18098,123,121,2,2
18099,109,119,-10,10
18100,82,72,10,10
18101,57,73,-16,16
18102,120,114,6,6
18103,117,124,-7,7
18104,53,52,1,1
18105,72,75,-3,3
18106,90,82,8,8
18107,92,111,-19,19
18108,88,83,5,5
18109,55,72,-17,17
18110,62,56,6,6
18111,108,114,-6,6
18112,85,76,9,9
18113,66,85,-19,19
18114,165,174,-9,9
18115,124,136,-12,12
18116,75,83,-8,8
18117,54,53,1,1
18118,141,140,1,1
18119,67,70,-3,3
18120,94,97,-3,3
18121,102,114,-12,12
18122,119,124,-5,5
18123,53,61,-8,8
18124,122,139,-17,17
18125,60,62,-2,2
18126,88,91,-3,3
18127,101,106,-5,5
18128,64,69,-5,5
18129,48,69,-21,21
18130,75,72,3,3
18131,53,68,-15,15
18132,123,109,14,14
18133,90,86,4,4
18134,137,147,-10,10
18135,95,99,-4,4
18136,88,108,-20,20
18137,106,108,-2,2
18138,155,149,6,6
18139,75,67,8,8
18140,62,65,-3,3
18141,91,85,6,6
18142,58,54,4,4
18143,51,60,-9,9
18144,120,120,0,0
18145,94,102,-8,8
18146,112,108,4,4
18147,84,99,-15,15
18148,67,72,-5,5
18149,83,81,2,2
18150,162,160,2,2
18151,122,124,-2,2
18152,36,42,-6,6
18153,127,129,-2,2
18154,75,92,-17,17
18155,119,107,12,12
18156,147,145,2,2
18157,105,107,-2,2
18158,55,54,1,1
18159,90,84,6,6
18160,57,58,-1,1
18161,100,102,-2,2
18162,63,56,7,7
18163,58,64,-6,6
18164,140,151,-11,11
18165,107,107,0,0
18166,71,79,-8,8
18167,145,149,-4,4
18168,64,72,-8,8
18169,94,87,7,7
18170,71,65,6,6
18171,68,72,-4,4
18172,109,99,10,10
18173,67,71,-4,4
18174,81,84,-3,3
18175,101,94,7,7
18176,135,127,8,8
18177,60,55,5,5
18178,154,144,10,10
18179,131,121,10,10
18180,97,88,9,9
18181,65,65,0,0
18182,132,129,3,3
18183,95,98,-3,3
18184,97,93,4,4
18185,122,113,9,9
18186,80,87,-7,7
18187,89,83,6,6
18188,97,86,11,11
18189,106,108,-2,2
18190,101,105,-4,4
18191,116,129,-13,13
18192,70,87,-17,17
18193,44,46,-2,2
18194,149,148,1,1
18195,95,96,-1,1
18196,79,75,4,4
18197,114,115,-1,1
18198,77,71,6,6
18199,121,115,6,6
18200,80,82,-2,2
18201,117,110,7,7
18202,150,142,8,8
18203,85,80,5,5
18204,72,83,-11,11
18205,112,108,4,4
18206,91,85,6,6
18207,61,57,4,4
18208,126,119,7,7
18209,78,75,3,3
18210,129,128,1,1
18211,71,73,-2,2
18212,72,75,-3,3
18213,166,165,1,1
18214,134,130,4,4
18215,36,35,1,1
18216,63,65,-2,2
18217,73,71,2,2
18218,88,92,-4,4
18219,88,96,-8,8
18220,113,124,-11,11
18221,138,135,3,3
18222,88,71,17,17
18223,127,130,-3,3
18224,216,217,-1,1
18225,108,106,2,2
18226,137,139,-2,2
18227,66,79,-13,13
18228,68,75,-7,7
18229,100,99,1,1
18230,50,52,-2,2
18231,130,136,-6,6
18232,100,106,-6,6
18233,201,172,29,29
18234,53,54,-1,1
18235,65,66,-1,1
18236,60,60,0,0
18237,177,180,-3,3
18238,88,80,8,8
18239,64,67,-3,3
18240,141,145,-4,4
18241,87,91,-4,4
18242,144,140,4,4
18243,118,109,9,9
18244,84,89,-5,5
18245,80,84,-4,4
18246,131,139,-8,8
18247,61,62,-1,1
18248,93,91,2,2
18249,78,89,-11,11
18250,58,58,0,0
18251,99,89,10,10
18252,107,104,3,3
18253,119,119,0,0
18254,104,115,-11,11
18255,87,92,-5,5
18256,88,82,6,6
18257,131,133,-2,2
18258,126,125,1,1
18259,125,117,8,8
18260,99,108,-9,9
18261,127,126,1,1
18262,34,53,-19,19
18263,77,72,5,5
18264,88,88,0,0
18265,106,123,-17,17
18266,104,101,3,3
18267,78,86,-8,8
18268,78,77,1,1
18269,211,195,16,16
18270,68,54,14,14
18271,110,112,-2,2
18272,86,85,1,1
18273,102,104,-2,2
18274,82,77,5,5
18275,57,58,-1,1
18276,106,111,-5,5
18277,52,58,-6,6
18278,60,56,4,4
18279,78,81,-3,3
18280,66,59,7,7
18281,134,130,4,4
18282,61,64,-3,3
18283,88,86,2,2
18284,95,98,-3,3
18285,79,80,-1,1
18286,109,110,-1,1
18287,74,79,-5,5
18288,82,75,7,7
18289,77,75,2,2
18290,89,86,3,3
18291,115,110,5,5
18292,64,66,-2,2
18293,143,138,5,5
18294,189,185,4,4
18295,27,41,-14,14
18296,82,93,-11,11
18297,127,138,-11,11
18298,121,109,12,12
18299,103,102,1,1
18300,55,56,-1,1
18301,163,167,-4,4
18302,93,94,-1,1
18303,95,96,-1,1
18304,123,126,-3,3
18305,59,62,-3,3
18306,112,104,8,8
18307,76,76,0,0
18308,77,90,-13,13
18309,62,63,-1,1
18310,71,74,-3,3
18311,60,61,-1,1
18312,141,147,-6,6
18313,91,98,-7,7
18314,96,92,4,4
18315,58,59,-1,1
18316,93,94,-1,1
18317,165,168,-3,3
18318,199,201,-2,2
18319,98,96,2,2
18320,152,160,-8,8
18321,81,73,8,8
18322,93,86,7,7
18323,122,116,6,6
18324,83,87,-4,4
18325,82,85,-3,3
18326,61,64,-3,3
18327,87,92,-5,5
18328,44,64,-20,20
18329,90,101,-11,11
18330,50,54,-4,4
18331,122,120,2,2
18332,82,82,0,0
18333,101,106,-5,5
18334,93,97,-4,4
18335,132,123,9,9
18336,111,118,-7,7
18337,96,83,13,13
18338,47,48,-1,1
18339,113,116,-3,3
18340,182,182,0,0
18341,107,129,-22,22
18342,99,110,-11,11
18343,72,77,-5,5
18344,84,87,-3,3
18345,55,55,0,0
18346,154,160,-6,6
18347,39,45,-6,6
18348,107,108,-1,1
18349,89,96,-7,7
18350,114,120,-6,6
18351,99,102,-3,3
18352,76,81,-5,5
18353,61,67,-6,6
18354,112,100,12,12
18355,79,79,0,0
18356,81,79,2,2
18357,80,84,-4,4
18358,49,61,-12,12
18359,48,36,12,12
18360,113,111,2,2
18361,91,96,-5,5
18362,76,75,1,1
18363,144,149,-5,5
18364,67,65,2,2
18365,81,73,8,8
18366,111,109,2,2
18367,78,80,-2,2
18368,53,60,-7,7
18369,77,81,-4,4
18370,71,88,-17,17
18371,76,67,9,9
18372,65,65,0,0
18373,90,90,0,0
18374,165,159,6,6
18375,188,192,-4,4
18376,58,164,-106,106
18377,81,79,2,2
18378,65,67,-2,2
18379,91,92,-1,1
18380,116,118,-2,2
18381,145,139,6,6
18382,111,125,-14,14
18383,146,141,5,5
18384,119,109,10,10
18385,91,97,-6,6
18386,116,121,-5,5
18387,48,51,-3,3
18388,107,121,-14,14
18389,63,65,-2,2
18390,120,111,9,9
18391,86,84,2,2
18392,93,93,0,0
18393,89,94,-5,5
18394,95,99,-4,4
18395,90,83,7,7
18396,104,104,0,0
18397,144,148,-4,4
18398,119,113,6,6
18399,82,84,-2,2
18400,61,73,-12,12
18401,93,101,-8,8
18402,142,137,5,5
18403,73,71,2,2
18404,133,119,14,14
18405,128,138,-10,10
18406,104,104,0,0
18407,90,87,3,3
18408,88,97,-9,9
18409,65,78,-13,13
18410,102,98,4,4
18411,176,162,14,14
18412,90,94,-4,4
18413,241,230,11,11
18414,115,100,15,15
18415,69,70,-1,1
18416,94,88,6,6
18417,123,119,4,4
18418,96,112,-16,16
18419,90,96,-6,6
18420,59,60,-1,1
18421,76,72,4,4
18422,72,72,0,0
18423,70,75,-5,5
18424,67,63,4,4
18425,83,84,-1,1
18426,205,192,13,13
18427,62,67,-5,5
18428,214,217,-3,3
18429,79,73,6,6
18430,142,133,9,9
18431,88,86,2,2
18432,107,115,-8,8
18433,120,114,6,6
18434,108,110,-2,2
18435,102,98,4,4
18436,64,70,-6,6
18437,86,95,-9,9
18438,70,73,-3,3
18439,130,111,19,19
18440,97,89,8,8
18441,85,89,-4,4
18442,67,62,5,5
18443,142,123,19,19
18444,48,53,-5,5
18445,88,82,6,6
18446,123,129,-6,6
18447,69,78,-9,9
18448,92,90,2,2
18449,69,72,-3,3
18450,45,50,-5,5
18451,64,65,-1,1
18452,84,78,6,6
18453,131,131,0,0
18454,78,81,-3,3
18455,32,38,-6,6
18456,85,76,9,9
18457,100,95,5,5
18458,99,84,15,15
18459,125,122,3,3
18460,91,81,10,10
18461,196,191,5,5
18462,94,120,-26,26
18463,54,54,0,0
18464,134,130,4,4
18465,168,154,14,14
18466,64,61,3,3
18467,73,77,-4,4
18468,96,88,8,8
18469,82,72,10,10
18470,48,50,-2,2
18471,65,71,-6,6
18472,121,125,-4,4
18473,102,107,-5,5
18474,69,64,5,5
18475,92,91,1,1
18476,79,82,-3,3
18477,107,112,-5,5
18478,76,90,-14,14
18479,73,77,-4,4
18480,75,70,5,5
18481,150,157,-7,7
18482,149,147,2,2
18483,144,138,6,6
18484,113,112,1,1
18485,62,67,-5,5
18486,108,111,-3,3
18487,103,106,-3,3
18488,58,101,-43,43
18489,42,56,-14,14
18490,115,101,14,14
18491,58,90,-32,32
18492,115,103,12,12
18493,109,104,5,5
18494,51,43,8,8
18495,70,67,3,3
18496,68,88,-20,20
18497,143,148,-5,5
18498,83,74,9,9
18499,116,113,3,3
18500,45,46,-1,1
18501,90,89,1,1
18502,67,64,3,3
18503,100,105,-5,5
18504,113,118,-5,5
18505,30,43,-13,13
18506,98,102,-4,4
18507,67,73,-6,6
18508,53,58,-5,5
18509,105,104,1,1
18510,123,133,-10,10
18511,57,58,-1,1
18512,125,118,7,7
18513,98,97,1,1
18514,111,117,-6,6
18515,122,120,2,2
18516,117,124,-7,7
18517,74,78,-4,4
18518,84,81,3,3
18519,143,144,-1,1
18520,121,117,4,4
18521,121,120,1,1
18522,99,97,2,2
18523,103,96,7,7
18524,104,88,16,16
18525,63,60,3,3
18526,222,196,26,26
18527,113,105,8,8
18528,88,91,-3,3
18529,122,108,14,14
18530,109,123,-14,14
18531,72,70,2,2
18532,64,63,1,1
18533,144,137,7,7
18534,82,83,-1,1
18535,82,89,-7,7
18536,162,159,3,3
18537,112,122,-10,10
18538,62,65,-3,3
18539,78,94,-16,16
18540,48,46,2,2
18541,90,90,0,0
18542,130,121,9,9
18543,70,72,-2,2
18544,141,155,-14,14
18545,138,138,0,0
18546,126,99,27,27
18547,71,71,0,0
18548,89,96,-7,7
18549,138,138,0,0
18550,70,64,6,6
18551,123,117,6,6
18552,72,74,-2,2
18553,107,113,-6,6
18554,58,57,1,1
18555,90,84,6,6
18556,136,146,-10,10
18557,163,163,0,0
18558,108,104,4,4
18559,83,72,11,11
18560,117,118,-1,1
18561,142,140,2,2
18562,69,70,-1,1
18563,100,92,8,8
18564,211,196,15,15
18565,148,155,-7,7
18566,82,80,2,2
18567,86,87,-1,1
18568,201,201,0,0
18569,113,123,-10,10
18570,126,130,-4,4
18571,64,62,2,2
18572,98,96,2,2
18573,51,50,1,1
18574,93,106,-13,13
18575,60,62,-2,2
18576,82,80,2,2
18577,95,115,-20,20
18578,94,83,11,11
18579,81,82,-1,1
18580,111,114,-3,3
18581,63,69,-6,6
18582,55,56,-1,1
18583,142,144,-2,2
18584,139,130,9,9
18585,118,115,3,3
18586,209,183,26,26
18587,73,69,4,4
18588,103,112,-9,9
18589,118,124,-6,6
18590,124,123,1,1
18591,79,94,-15,15
18592,124,120,4,4
18593,129,130,-1,1
18594,91,87,4,4
18595,83,92,-9,9
18596,120,109,11,11
18597,91,84,7,7
18598,101,96,5,5
18599,117,112,5,5
18600,154,145,9,9
18601,83,83,0,0
18602,113,117,-4,4
18603,83,86,-3,3
18604,106,117,-11,11
18605,47,52,-5,5
18606,63,63,0,0
18607,99,97,2,2
18608,47,65,-18,18
18609,111,106,5,5
18610,111,106,5,5
18611,152,147,5,5
18612,91,101,-10,10
18613,111,113,-2,2
18614,103,119,-16,16
18615,80,86,-6,6
18616,133,132,1,1
18617,83,77,6,6
18618,67,62,5,5
18619,124,132,-8,8
18620,93,104,-11,11
18621,80,82,-2,2
18622,64,71,-7,7
18623,74,89,-15,15
18624,92,94,-2,2
18625,122,114,8,8
18626,92,105,-13,13
18627,111,117,-6,6
18628,148,134,14,14
18629,102,96,6,6
18630,101,99,2,2
18631,89,91,-2,2
18632,94,104,-10,10
18633,78,77,1,1
18634,88,76,12,12
18635,87,97,-10,10
18636,59,52,7,7
18637,75,80,-5,5
18638,101,105,-4,4
18639,96,103,-7,7
18640,64,66,-2,2
18641,106,104,2,2
18642,90,94,-4,4
18643,95,100,-5,5
18644,107,112,-5,5
18645,95,98,-3,3
18646,78,86,-8,8
18647,124,164,-40,40
18648,142,146,-4,4
18649,73,69,4,4
18650,111,113,-2,2
18651,92,77,15,15
18652,205,192,13,13
18653,93,91,2,2
18654,87,102,-15,15
18655,43,41,2,2
18656,51,56,-5,5
18657,102,104,-2,2
18658,85,99,-14,14
18659,152,151,1,1
18660,69,72,-3,3
18661,47,52,-5,5
18662,52,57,-5,5
18663,94,102,-8,8
18664,149,147,2,2
18665,81,71,10,10
18666,96,88,8,8
18667,88,87,1,1
18668,81,76,5,5
18669,129,126,3,3
18670,107,136,-29,29
18671,93,86,7,7
18672,90,96,-6,6
18673,72,77,-5,5
18674,82,81,1,1
18675,73,73,0,0
18676,102,104,-2,2
18677,52,58,-6,6
18678,79,89,-10,10
18679,131,125,6,6
18680,56,55,1,1
18681,58,54,4,4
18682,66,63,3,3
18683,58,63,-5,5
18684,76,80,-4,4
18685,83,82,1,1
18686,84,83,1,1
18687,100,106,-6,6
18688,114,103,11,11
18689,112,117,-5,5
18690,104,98,6,6
18691,110,112,-2,2
18692,160,167,-7,7
18693,98,98,0,0
18694,122,125,-3,3
18695,39,43,-4,4
18696,120,124,-4,4
18697,84,85,-1,1
18698,64,85,-21,21
18699,87,94,-7,7
18700,102,106,-4,4
18701,87,87,0,0
18702,76,68,8,8
18703,132,131,1,1
18704,65,59,6,6
18705,136,124,12,12
18706,87,75,12,12
18707,93,90,3,3
18708,130,125,5,5
18709,96,95,1,1
18710,93,91,2,2
18711,67,75,-8,8
18712,116,118,-2,2
18713,81,88,-7,7
18714,107,111,-4,4
18715,70,62,8,8
18716,113,111,2,2
18717,78,82,-4,4
18718,93,90,3,3
18719,62,71,-9,9
18720,43,45,-2,2
18721,81,75,6,6
18722,85,86,-1,1
18723,128,119,9,9
18724,110,118,-8,8
18725,37,37,0,0
18726,66,73,-7,7
18727,56,53,3,3
18728,95,93,2,2
18729,95,99,-4,4
18730,92,93,-1,1
18731,99,108,-9,9
18732,75,82,-7,7
18733,186,166,20,20
18734,30,35,-5,5
18735,63,65,-2,2
18736,60,51,9,9
18737,38,45,-7,7
18738,70,76,-6,6
18739,85,84,1,1
18740,71,59,12,12
18741,122,130,-8,8
18742,45,40,5,5
18743,94,92,2,2
18744,133,132,1,1
18745,89,81,8,8
18746,85,79,6,6
18747,80,81,-1,1
18748,141,131,10,10
18749,108,107,1,1
18750,39,52,-13,13
18751,85,101,-16,16
18752,99,102,-3,3
18753,81,76,5,5
18754,123,127,-4,4
18755,98,97,1,1
18756,81,85,-4,4
18757,110,115,-5,5
18758,64,72,-8,8
18759,75,83,-8,8
18760,59,56,3,3
18761,66,73,-7,7
18762,81,65,16,16
18763,92,91,1,1
18764,115,114,1,1
18765,129,135,-6,6
18766,99,95,4,4
18767,72,77,-5,5
18768,91,91,0,0
18769,69,72,-3,3
18770,80,73,7,7
18771,89,96,-7,7
18772,92,102,-10,10
18773,95,93,2,2
18774,166,156,10,10
18775,61,59,2,2
18776,59,51,8,8
18777,42,54,-12,12
18778,53,59,-6,6
18779,101,100,1,1
18780,90,85,5,5
18781,116,111,5,5
18782,83,77,6,6
18783,89,90,-1,1
18784,121,119,2,2
18785,74,56,18,18
18786,113,103,10,10
18787,85,89,-4,4
18788,137,138,-1,1
18789,72,84,-12,12
18790,78,66,12,12
18791,113,123,-10,10
18792,144,122,22,22
18793,54,55,-1,1
18794,74,73,1,1
18795,72,72,0,0
18796,73,77,-4,4
18797,163,149,14,14
18798,96,98,-2,2
18799,90,90,0,0
18800,64,63,1,1
18801,61,59,2,2
18802,79,78,1,1
18803,118,125,-7,7
18804,70,70,0,0
18805,108,109,-1,1
18806,83,109,-26,26
18807,55,56,-1,1
18808,139,140,-1,1
18809,49,51,-2,2
18810,159,150,9,9
18811,30,41,-11,11
18812,111,117,-6,6
18813,112,113,-1,1
18814,149,156,-7,7
18815,104,103,1,1
18816,166,142,24,24
18817,76,73,3,3
18818,128,139,-11,11
18819,54,60,-6,6
18820,99,102,-3,3
18821,53,53,0,0
18822,98,95,3,3
18823,94,98,-4,4
18824,144,147,-3,3
18825,47,47,0,0
18826,124,133,-9,9
18827,137,152,-15,15
18828,55,52,3,3
18829,79,71,8,8
18830,103,107,-4,4
18831,67,72,-5,5
18832,45,44,1,1
18833,129,118,11,11
18834,33,53,-20,20
18835,108,110,-2,2
18836,68,66,2,2
18837,165,156,9,9
18838,108,96,12,12
18839,142,124,18,18
18840,108,112,-4,4
18841,56,61,-5,5
18842,73,79,-6,6
18843,121,121,0,0
18844,139,147,-8,8
18845,124,120,4,4
18846,59,60,-1,1
18847,98,118,-20,20
18848,42,41,1,1
18849,94,102,-8,8
18850,120,113,7,7
18851,64,67,-3,3
18852,52,61,-9,9
18853,193,186,7,7
18854,99,97,2,2
18855,73,81,-8,8
18856,166,139,27,27
18857,116,117,-1,1
18858,69,86,-17,17
18859,67,66,1,1
18860,81,74,7,7
18861,112,102,10,10
18862,120,109,11,11
18863,67,59,8,8
18864,105,91,14,14
18865,146,139,7,7
18866,110,104,6,6
18867,90,89,1,1
18868,94,85,9,9
18869,106,124,-18,18
18870,95,95,0,0
18871,112,113,-1,1
18872,104,94,10,10
18873,60,67,-7,7
18874,93,77,16,16
18875,171,175,-4,4
18876,57,52,5,5
18877,106,97,9,9
18878,83,90,-7,7
18879,65,57,8,8
18880,111,113,-2,2
18881,117,122,-5,5
18882,71,77,-6,6
18883,46,63,-17,17
18884,87,102,-15,15
18885,80,76,4,4
18886,58,61,-3,3
18887,47,50,-3,3
18888,196,185,11,11
18889,100,106,-6,6
18890,122,130,-8,8
18891,126,132,-6,6
18892,61,63,-2,2
18893,68,73,-5,5
18894,90,99,-9,9
18895,96,102,-6,6
18896,154,163,-9,9
18897,153,154,-1,1
18898,83,80,3,3
18899,130,129,1,1
18900,110,103,7,7
18901,122,122,0,0
18902,85,79,6,6
18903,55,58,-3,3
18904,85,79,6,6
18905,122,122,0,0
18906,71,66,5,5
18907,149,143,6,6
18908,101,102,-1,1
18909,81,92,-11,11
18910,95,95,0,0
18911,120,120,0,0
18912,137,144,-7,7
18913,132,145,-13,13
18914,83,75,8,8
18915,121,122,-1,1
18916,121,120,1,1
18917,125,143,-18,18
18918,81,84,-3,3
18919,137,143,-6,6
18920,89,86,3,3
18921,113,107,6,6
18922,23,40,-17,17
18923,123,105,18,18
18924,172,175,-3,3
18925,64,64,0,0
18926,122,134,-12,12
18927,67,65,2,2
18928,86,85,1,1
18929,42,51,-9,9
18930,126,121,5,5
18931,148,133,15,15
18932,81,72,9,9
18933,78,81,-3,3
18934,74,71,3,3
18935,52,59,-7,7
18936,67,67,0,0
18937,69,71,-2,2
18938,76,84,-8,8
18939,56,59,-3,3
18940,103,118,-15,15
18941,86,99,-13,13
18942,67,76,-9,9
18943,74,80,-6,6
18944,61,60,1,1
18945,42,58,-16,16
18946,106,106,0,0
18947,59,59,0,0
18948,65,62,3,3
18949,148,156,-8,8
18950,161,155,6,6
18951,140,136,4,4
18952,140,137,3,3
18953,70,76,-6,6
18954,157,150,7,7
18955,70,80,-10,10
18956,110,120,-10,10
18957,132,157,-25,25
18958,40,53,-13,13
18959,115,109,6,6
18960,165,164,1,1
18961,46,58,-12,12
18962,108,123,-15,15
18963,145,145,0,0
18964,153,146,7,7
18965,64,63,1,1
18966,104,110,-6,6
18967,104,90,14,14
18968,103,94,9,9
18969,99,112,-13,13
18970,58,61,-3,3
18971,78,74,4,4
18972,116,122,-6,6
18973,95,113,-18,18
18974,77,75,2,2
18975,100,98,2,2
18976,147,144,3,3
18977,73,72,1,1
18978,90,94,-4,4
18979,91,94,-3,3
18980,136,132,4,4
18981,156,145,11,11
18982,71,72,-1,1
18983,65,64,1,1
18984,82,80,2,2
18985,116,116,0,0
18986,134,130,4,4
18987,70,73,-3,3
18988,98,98,0,0
18989,194,186,8,8
18990,58,63,-5,5
18991,111,157,-46,46
18992,55,60,-5,5
18993,105,105,0,0
18994,85,89,-4,4
18995,105,98,7,7
18996,83,90,-7,7
18997,96,90,6,6
18998,83,78,5,5
18999,153,155,-2,2
19000,81,82,-1,1
19001,60,63,-3,3
19002,137,142,-5,5
19003,140,135,5,5
19004,88,95,-7,7
19005,124,126,-2,2
19006,101,97,4,4
19007,84,76,8,8
19008,99,99,0,0
19009,59,52,7,7
19010,83,97,-14,14
19011,113,124,-11,11
19012,83,87,-4,4
19013,65,70,-5,5
19014,52,61,-9,9
19015,120,127,-7,7
19016,102,91,11,11
19017,50,78,-28,28
19018,134,141,-7,7
19019,90,91,-1,1
19020,79,73,6,6
19021,78,83,-5,5
19022,122,115,7,7
19023,69,73,-4,4
19024,72,72,0,0
19025,71,75,-4,4
19026,112,99,13,13
19027,111,101,10,10
19028,96,103,-7,7
19029,96,94,2,2
19030,67,67,0,0
19031,102,106,-4,4
19032,71,80,-9,9
19033,147,149,-2,2
19034,123,129,-6,6
19035,89,75,14,14
19036,72,80,-8,8
19037,81,88,-7,7
19038,61,61,0,0
19039,79,76,3,3
19040,112,104,8,8
19041,167,176,-9,9
19042,74,78,-4,4
19043,122,116,6,6
19044,78,87,-9,9
19045,64,71,-7,7
19046,72,75,-3,3
19047,90,84,6,6
19048,86,78,8,8
19049,122,120,2,2
19050,70,62,8,8
19051,80,82,-2,2
19052,55,58,-3,3
19053,86,76,10,10
19054,117,118,-1,1
19055,95,95,0,0
19056,88,89,-1,1
19057,123,110,13,13
19058,102,99,3,3
19059,73,68,5,5
19060,33,36,-3,3
19061,133,124,9,9
19062,65,71,-6,6
19063,75,62,13,13
19064,39,40,-1,1
19065,119,111,8,8
19066,88,89,-1,1
19067,110,99,11,11
19068,59,60,-1,1
19069,94,105,-11,11
19070,90,87,3,3
19071,64,64,0,0
19072,111,112,-1,1
19073,95,99,-4,4
19074,77,79,-2,2
19075,60,61,-1,1
19076,151,149,2,2
19077,90,83,7,7
19078,65,67,-2,2
19079,100,114,-14,14
19080,59,61,-2,2
19081,89,89,0,0
19082,91,103,-12,12
19083,152,150,2,2
19084,58,56,2,2
19085,98,110,-12,12
19086,111,111,0,0
19087,94,89,5,5
19088,98,105,-7,7
19089,99,94,5,5
19090,132,132,0,0
19091,99,121,-22,22
19092,163,177,-14,14
19093,105,102,3,3
19094,109,115,-6,6
19095,49,52,-3,3
19096,97,113,-16,16
19097,153,148,5,5
19098,73,102,-29,29
19099,71,75,-4,4
19100,89,80,9,9
19101,110,96,14,14
19102,73,74,-1,1
19103,151,135,16,16
19104,146,145,1,1
19105,74,72,2,2
19106,76,70,6,6
19107,57,117,-60,60
19108,96,86,10,10
19109,143,127,16,16
19110,98,84,14,14
19111,74,77,-3,3
19112,78,73,5,5
19113,139,155,-16,16
19114,81,86,-5,5
19115,74,83,-9,9
19116,81,80,1,1
19117,149,169,-20,20
19118,59,66,-7,7
19119,92,99,-7,7
19120,88,83,5,5
19121,94,96,-2,2
19122,106,108,-2,2
19123,143,127,16,16
19124,61,67,-6,6
19125,84,79,5,5
19126,107,116,-9,9
19127,129,135,-6,6
19128,80,78,2,2
19129,89,94,-5,5
19130,159,158,1,1
19131,44,49,-5,5
19132,116,122,-6,6
19133,79,81,-2,2
19134,82,75,7,7
19135,77,79,-2,2
19136,124,116,8,8
19137,97,102,-5,5
19138,62,66,-4,4
19139,65,71,-6,6
19140,78,72,6,6
19141,105,105,0,0
19142,107,116,-9,9
19143,60,64,-4,4
19144,63,60,3,3
19145,71,71,0,0
19146,122,127,-5,5
19147,76,75,1,1
19148,137,142,-5,5
19149,89,90,-1,1
19150,87,94,-7,7
19151,147,149,-2,2
19152,121,138,-17,17
19153,91,84,7,7
19154,62,59,3,3
19155,77,86,-9,9
19156,95,94,1,1
19157,71,72,-1,1
19158,129,141,-12,12
19159,114,118,-4,4
19160,196,192,4,4
19161,113,117,-4,4
19162,122,113,9,9
19163,120,111,9,9
19164,104,121,-17,17
19165,99,99,0,0
19166,80,82,-2,2
19167,69,78,-9,9
19168,100,108,-8,8
19169,63,64,-1,1
19170,145,137,8,8
19171,55,53,2,2
19172,91,88,3,3
19173,148,144,4,4
19174,75,71,4,4
19175,106,106,0,0
19176,179,168,11,11
19177,86,95,-9,9
19178,72,73,-1,1
19179,127,137,-10,10
19180,68,63,5,5
19181,69,84,-15,15
19182,136,140,-4,4
19183,91,92,-1,1
19184,102,110,-8,8
19185,128,122,6,6
19186,94,94,0,0
19187,105,103,2,2
19188,146,140,6,6
19189,72,65,7,7
19190,105,104,1,1
19191,137,131,6,6
19192,169,165,4,4
19193,130,158,-28,28
19194,126,128,-2,2
19195,125,118,7,7
19196,102,105,-3,3
19197,74,72,2,2
19198,74,88,-14,14
19199,97,96,1,1
19200,113,114,-1,1
19201,54,54,0,0
19202,127,112,15,15
19203,73,83,-10,10
19204,145,156,-11,11
19205,117,116,1,1
19206,123,122,1,1
19207,188,169,19,19
19208,75,80,-5,5
19209,76,87,-11,11
19210,45,50,-5,5
19211,86,86,0,0
19212,74,80,-6,6
19213,103,114,-11,11
19214,140,130,10,10
19215,95,96,-1,1
19216,102,109,-7,7
19217,34,43,-9,9
19218,101,99,2,2
19219,62,74,-12,12
19220,81,90,-9,9
19221,84,85,-1,1
19222,114,126,-12,12
19223,90,84,6,6
19224,66,93,-27,27
19225,98,99,-1,1
19226,68,73,-5,5
19227,115,110,5,5
19228,101,74,27,27
19229,137,125,12,12
19230,125,128,-3,3
19231,84,88,-4,4
19232,43,55,-12,12
19233,99,94,5,5
19234,126,133,-7,7
19235,97,99,-2,2
19236,105,99,6,6
19237,74,80,-6,6
19238,108,109,-1,1
19239,70,64,6,6
19240,49,54,-5,5
19241,133,130,3,3
19242,105,98,7,7
19243,147,152,-5,5
19244,98,100,-2,2
19245,124,120,4,4
19246,73,75,-2,2
19247,78,72,6,6
19248,106,115,-9,9
19249,63,59,4,4
19250,87,91,-4,4
19251,80,75,5,5
19252,101,100,1,1
19253,80,78,2,2
19254,107,96,11,11
19255,65,73,-8,8
19256,62,56,6,6
19257,124,127,-3,3
19258,37,38,-1,1
19259,109,108,1,1
19260,48,58,-10,10
19261,152,141,11,11
19262,163,163,0,0
19263,126,125,1,1
19264,62,89,-27,27
19265,128,138,-10,10
19266,104,105,-1,1
19267,110,127,-17,17
19268,79,85,-6,6
19269,79,81,-2,2
19270,145,141,4,4
19271,74,80,-6,6
19272,59,61,-2,2
19273,107,108,-1,1
19274,88,93,-5,5
19275,47,59,-12,12
19276,111,118,-7,7
19277,108,103,5,5
19278,133,122,11,11
19279,155,161,-6,6
19280,85,85,0,0
19281,135,125,10,10
19282,104,102,2,2
19283,149,157,-8,8
19284,78,80,-2,2
19285,76,75,1,1
19286,96,103,-7,7
19287,130,122,8,8
19288,90,86,4,4
19289,55,79,-24,24
19290,123,132,-9,9
19291,65,64,1,1
19292,69,58,11,11
19293,50,55,-5,5
19294,51,60,-9,9
19295,81,73,8,8
19296,108,109,-1,1
19297,81,81,0,0
19298,42,44,-2,2
19299,141,120,21,21
19300,66,74,-8,8
19301,103,100,3,3
19302,147,141,6,6
19303,105,92,13,13
19304,136,118,18,18
19305,58,64,-6,6
19306,108,93,15,15
19307,63,61,2,2
19308,116,122,-6,6
19309,147,142,5,5
19310,73,72,1,1
19311,92,95,-3,3
19312,63,65,-2,2
19313,98,101,-3,3
19314,153,152,1,1
19315,98,96,2,2
19316,68,76,-8,8
19317,70,56,14,14
19318,69,132,-63,63
19319,68,66,2,2
19320,66,65,1,1
19321,83,81,2,2
19322,113,107,6,6
19323,123,112,11,11
19324,39,44,-5,5
19325,127,117,10,10
19326,119,125,-6,6
19327,80,78,2,2
19328,202,227,-25,25
19329,71,80,-9,9
19330,49,52,-3,3
19331,73,82,-9,9
19332,90,100,-10,10
19333,86,83,3,3
19334,71,85,-14,14
19335,62,66,-4,4
19336,89,86,3,3
19337,205,191,14,14
19338,157,131,26,26
19339,95,109,-14,14
19340,54,64,-10,10
19341,86,87,-1,1
19342,105,106,-1,1
19343,51,60,-9,9
19344,56,76,-20,20
19345,142,152,-10,10
19346,151,141,10,10
19347,72,71,1,1
19348,71,82,-11,11
19349,73,71,2,2
19350,58,58,0,0
19351,175,209,-34,34
19352,132,129,3,3
19353,102,105,-3,3
19354,115,117,-2,2
19355,92,105,-13,13
19356,77,78,-1,1
19357,113,112,1,1
19358,103,108,-5,5
19359,147,162,-15,15
19360,93,111,-18,18
19361,105,109,-4,4
19362,95,91,4,4
19363,158,152,6,6
19364,117,118,-1,1
19365,113,117,-4,4
19366,84,77,7,7
19367,64,72,-8,8
19368,98,100,-2,2
19369,91,101,-10,10
19370,106,96,10,10
19371,57,63,-6,6
19372,130,131,-1,1
19373,67,76,-9,9
19374,60,64,-4,4
19375,80,75,5,5
19376,109,112,-3,3
19377,56,85,-29,29
19378,61,73,-12,12
19379,162,159,3,3
19380,105,106,-1,1
19381,118,117,1,1
19382,88,83,5,5
19383,61,55,6,6
19384,101,101,0,0
19385,130,137,-7,7
19386,116,110,6,6
19387,66,79,-13,13
19388,67,75,-8,8
19389,68,76,-8,8
19390,54,53,1,1
19391,76,77,-1,1
19392,91,92,-1,1
19393,48,48,0,0
19394,108,111,-3,3
19395,50,51,-1,1
19396,121,135,-14,14
19397,55,52,3,3
19398,99,92,7,7
19399,109,111,-2,2
19400,129,125,4,4
19401,59,56,3,3
19402,193,191,2,2
19403,115,114,1,1
19404,168,173,-5,5
19405,109,111,-2,2
19406,79,92,-13,13
19407,69,68,1,1
19408,124,128,-4,4
19409,86,98,-12,12
19410,108,108,0,0
19411,57,58,-1,1
19412,69,59,10,10
19413,73,78,-5,5
19414,93,104,-11,11
19415,108,101,7,7
19416,47,49,-2,2
19417,96,93,3,3
19418,136,146,-10,10
19419,62,52,10,10
19420,35,47,-12,12
19421,168,178,-10,10
19422,72,62,10,10
19423,53,55,-2,2
19424,181,180,1,1
19425,106,103,3,3
19426,110,124,-14,14
19427,71,73,-2,2
19428,81,89,-8,8
19429,66,66,0,0
19430,96,104,-8,8
19431,94,87,7,7
19432,101,92,9,9
19433,56,57,-1,1
19434,161,152,9,9
19435,120,115,5,5
19436,90,90,0,0
19437,74,78,-4,4
19438,119,114,5,5
19439,120,120,0,0
19440,116,141,-25,25
19441,72,71,1,1
19442,100,91,9,9
19443,72,73,-1,1
19444,152,153,-1,1
19445,65,72,-7,7
19446,84,84,0,0
19447,100,99,1,1
19448,116,105,11,11
19449,88,90,-2,2
19450,94,109,-15,15
19451,76,74,2,2
19452,70,76,-6,6
19453,72,90,-18,18
19454,114,113,1,1
19455,95,100,-5,5
19456,88,83,5,5
19457,103,119,-16,16
19458,82,83,-1,1
19459,66,79,-13,13
19460,126,118,8,8
19461,215,232,-17,17
19462,127,128,-1,1
19463,71,70,1,1
19464,106,96,10,10
19465,125,130,-5,5
19466,98,93,5,5
19467,80,99,-19,19
19468,76,80,-4,4
19469,126,125,1,1
19470,45,50,-5,5
19471,98,98,0,0
19472,75,74,1,1
19473,76,66,10,10
19474,103,111,-8,8
19475,149,143,6,6
19476,110,112,-2,2
19477,71,72,-1,1
19478,121,135,-14,14
19479,86,86,0,0
19480,44,43,1,1
19481,126,128,-2,2
19482,145,133,12,12
19483,94,105,-11,11
19484,49,57,-8,8
19485,99,98,1,1
19486,75,89,-14,14
19487,77,96,-19,19
19488,65,73,-8,8
19489,117,117,0,0
19490,87,85,2,2
19491,87,103,-16,16
19492,138,141,-3,3
19493,66,65,1,1
19494,100,88,12,12
19495,107,101,6,6
19496,82,110,-28,28
19497,76,86,-10,10
19498,67,74,-7,7
19499,40,47,-7,7
19500,88,97,-9,9
19501,184,177,7,7
19502,92,82,10,10
19503,134,140,-6,6
19504,105,107,-2,2
19505,112,116,-4,4
19506,70,71,-1,1
19507,70,73,-3,3
19508,57,62,-5,5
19509,120,119,1,1
19510,98,103,-5,5
19511,115,113,2,2
19512,84,98,-14,14
19513,97,97,0,0
19514,85,86,-1,1
19515,67,73,-6,6
19516,93,85,8,8
19517,123,123,0,0
19518,52,102,-50,50
19519,113,111,2,2
19520,63,63,0,0
19521,97,92,5,5
19522,103,102,1,1
19523,91,98,-7,7
19524,74,77,-3,3
19525,110,120,-10,10
19526,162,157,5,5
19527,98,98,0,0
19528,103,99,4,4
19529,96,109,-13,13
19530,35,42,-7,7
19531,85,92,-7,7
19532,69,71,-2,2
19533,80,71,9,9
19534,60,61,-1,1
19535,87,104,-17,17
19536,77,78,-1,1
19537,139,136,3,3
19538,51,57,-6,6
19539,122,115,7,7
19540,125,120,5,5
19541,63,57,6,6
19542,125,119,6,6
19543,85,99,-14,14
19544,112,114,-2,2
19545,58,64,-6,6
19546,104,105,-1,1
19547,120,115,5,5
19548,43,49,-6,6
19549,90,106,-16,16
19550,29,34,-5,5
19551,92,84,8,8
19552,99,82,17,17
19553,55,59,-4,4
19554,66,63,3,3
19555,78,78,0,0
19556,67,61,6,6
19557,91,82,9,9
19558,143,131,12,12
19559,86,99,-13,13
19560,57,71,-14,14
19561,96,92,4,4
19562,101,115,-14,14
19563,58,54,4,4
19564,113,109,4,4
19565,44,40,4,4
19566,140,125,15,15
19567,150,152,-2,2
19568,117,127,-10,10
19569,86,91,-5,5
19570,99,94,5,5
19571,114,106,8,8
19572,81,80,1,1
19573,64,60,4,4
19574,132,137,-5,5
19575,82,85,-3,3
19576,141,138,3,3
19577,68,86,-18,18
19578,137,131,6,6
19579,75,70,5,5
19580,71,72,-1,1
19581,59,54,5,5
19582,45,41,4,4
19583,70,67,3,3
19584,107,107,0,0
19585,59,60,-1,1
19586,41,46,-5,5
19587,65,70,-5,5
19588,50,49,1,1
19589,88,93,-5,5
19590,114,116,-2,2
19591,64,58,6,6
19592,154,160,-6,6
19593,64,71,-7,7
19594,46,67,-21,21
19595,120,119,1,1
19596,80,80,0,0
19597,52,53,-1,1
19598,88,109,-21,21
19599,65,92,-27,27
19600,49,58,-9,9
19601,82,95,-13,13
19602,108,118,-10,10
19603,59,71,-12,12
19604,68,70,-2,2
19605,99,90,9,9
19606,100,100,0,0
19607,100,96,4,4
19608,156,152,4,4
19609,91,97,-6,6
19610,152,150,2,2
19611,125,118,7,7
19612,60,61,-1,1
19613,43,49,-6,6
19614,48,46,2,2
19615,94,103,-9,9
19616,70,66,4,4
19617,52,51,1,1
19618,70,67,3,3
19619,154,143,11,11
19620,133,136,-3,3
19621,72,70,2,2
19622,79,88,-9,9
19623,111,121,-10,10
19624,72,71,1,1
19625,147,157,-10,10
19626,94,92,2,2
19627,41,45,-4,4
19628,79,88,-9,9
19629,61,59,2,2
19630,68,73,-5,5
19631,70,70,0,0
19632,80,87,-7,7
19633,58,67,-9,9
19634,45,48,-3,3
19635,187,179,8,8
19636,84,85,-1,1
19637,76,73,3,3
19638,154,152,2,2
19639,139,131,8,8
19640,173,168,5,5
19641,75,67,8,8
19642,148,142,6,6
19643,174,173,1,1
19644,100,110,-10,10
19645,29,31,-2,2
19646,102,95,7,7
19647,67,72,-5,5
19648,51,52,-1,1
19649,133,115,18,18
19650,36,41,-5,5
19651,66,61,5,5
19652,65,60,5,5
19653,73,76,-3,3
19654,151,138,13,13
19655,87,79,8,8
19656,138,147,-9,9
19657,65,65,0,0
19658,97,95,2,2
19659,84,90,-6,6
19660,171,169,2,2
19661,110,109,1,1
19662,120,115,5,5
19663,99,95,4,4
19664,135,143,-8,8
19665,90,90,0,0
19666,70,67,3,3
19667,99,106,-7,7
19668,58,62,-4,4
19669,109,136,-27,27
19670,77,77,0,0
19671,74,73,1,1
19672,134,138,-4,4
19673,130,117,13,13
19674,65,65,0,0
19675,109,105,4,4
19676,75,82,-7,7
19677,125,129,-4,4
19678,99,98,1,1
19679,147,151,-4,4
19680,160,155,5,5
19681,49,47,2,2
19682,62,70,-8,8
19683,332,321,11,11
19684,127,125,2,2
19685,34,40,-6,6
19686,145,143,2,2
19687,108,104,4,4
19688,66,71,-5,5
19689,65,71,-6,6
19690,157,146,11,11
19691,89,84,5,5
19692,97,106,-9,9
19693,116,114,2,2
19694,102,104,-2,2
19695,118,128,-10,10
19696,161,159,2,2
19697,97,98,-1,1
19698,40,39,1,1
19699,63,63,0,0
19700,70,79,-9,9
19701,83,82,1,1
19702,100,103,-3,3
19703,76,76,0,0
19704,105,106,-1,1
19705,72,85,-13,13
19706,69,83,-14,14
19707,136,142,-6,6
19708,126,109,17,17
19709,130,139,-9,9
19710,116,118,-2,2
19711,87,85,2,2
19712,100,106,-6,6
19713,100,93,7,7
19714,55,61,-6,6
19715,92,96,-4,4
19716,101,97,4,4
19717,149,158,-9,9
19718,98,87,11,11
19719,89,91,-2,2
19720,40,45,-5,5
19721,91,89,2,2
19722,103,107,-4,4
19723,88,86,2,2
19724,76,91,-15,15
19725,43,55,-12,12
19726,60,60,0,0
19727,165,156,9,9
19728,148,152,-4,4
19729,114,112,2,2
19730,97,85,12,12
19731,141,145,-4,4
19732,82,94,-12,12
19733,89,89,0,0
19734,141,145,-4,4
19735,31,44,-13,13
19736,87,100,-13,13
19737,83,88,-5,5
19738,64,70,-6,6
19739,68,75,-7,7
19740,75,67,8,8
19741,102,105,-3,3
19742,54,57,-3,3
19743,108,115,-7,7
19744,104,96,8,8
19745,132,133,-1,1
19746,77,73,4,4
19747,130,130,0,0
19748,46,44,2,2
19749,83,49,34,34
19750,79,85,-6,6
19751,180,167,13,13
19752,118,127,-9,9
19753,105,116,-11,11
19754,93,96,-3,3
19755,81,76,5,5
19756,61,64,-3,3
19757,142,144,-2,2
19758,93,98,-5,5
19759,100,103,-3,3
19760,146,139,7,7
19761,64,68,-4,4
19762,116,114,2,2
19763,55,54,1,1
19764,55,62,-7,7
19765,86,100,-14,14
19766,90,89,1,1
19767,146,145,1,1
19768,55,54,1,1
19769,76,76,0,0
19770,48,58,-10,10
19771,84,71,13,13
19772,62,60,2,2
19773,93,91,2,2
19774,104,102,2,2
19775,108,110,-2,2
19776,83,90,-7,7
19777,57,53,4,4
19778,76,76,0,0
19779,100,130,-30,30
19780,96,99,-3,3
19781,124,96,28,28
19782,55,67,-12,12
19783,61,63,-2,2
19784,104,104,0,0
19785,70,74,-4,4
19786,94,87,7,7
19787,64,67,-3,3
19788,113,117,-4,4
19789,92,95,-3,3
19790,136,145,-9,9
19791,115,110,5,5
19792,103,115,-12,12
19793,84,88,-4,4
19794,60,62,-2,2
19795,83,117,-34,34
19796,127,130,-3,3
19797,137,131,6,6
19798,64,57,7,7
19799,180,179,1,1
19800,144,133,11,11
19801,82,77,5,5
19802,89,84,5,5
19803,122,135,-13,13
19804,85,86,-1,1
19805,127,123,4,4
19806,86,84,2,2
19807,81,90,-9,9
19808,102,95,7,7
19809,104,80,24,24
19810,47,48,-1,1
19811,163,149,14,14
19812,102,101,1,1
19813,152,143,9,9
19814,139,131,8,8
19815,88,78,10,10
19816,57,54,3,3
19817,79,74,5,5
19818,60,49,11,11
19819,104,98,6,6
19820,92,89,3,3
19821,74,72,2,2
19822,94,90,4,4
19823,102,111,-9,9
19824,109,105,4,4
19825,86,82,4,4
19826,85,76,9,9
19827,86,82,4,4
19828,158,146,12,12
19829,78,80,-2,2
19830,72,71,1,1
19831,127,126,1,1
19832,81,86,-5,5
19833,99,101,-2,2
19834,64,68,-4,4
19835,137,147,-10,10
19836,99,106,-7,7
19837,74,82,-8,8
19838,80,90,-10,10
19839,99,115,-16,16
19840,95,98,-3,3
19841,48,52,-4,4
19842,77,79,-2,2
19843,88,97,-9,9
19844,99,98,1,1
19845,87,81,6,6
19846,75,81,-6,6
19847,103,108,-5,5
19848,190,188,2,2
19849,88,58,30,30
19850,85,89,-4,4
19851,59,53,6,6
19852,63,80,-17,17
19853,85,88,-3,3
19854,67,87,-20,20
19855,76,81,-5,5
19856,115,115,0,0
19857,62,64,-2,2
19858,61,70,-9,9
19859,147,147,0,0
19860,153,148,5,5
19861,68,59,9,9
19862,106,115,-9,9
19863,79,80,-1,1
19864,165,158,7,7
19865,63,62,1,1
19866,106,112,-6,6
19867,74,77,-3,3
19868,135,131,4,4
19869,76,83,-7,7
19870,113,124,-11,11
19871,77,77,0,0
19872,67,71,-4,4
19873,93,113,-20,20
19874,170,171,-1,1
19875,77,82,-5,5
19876,88,83,5,5
19877,103,98,5,5
19878,85,86,-1,1
19879,82,73,9,9
19880,70,77,-7,7
19881,94,107,-13,13
19882,44,55,-11,11
19883,103,95,8,8
19884,99,99,0,0
19885,67,65,2,2
19886,56,61,-5,5
19887,94,97,-3,3
19888,77,79,-2,2
19889,68,67,1,1
19890,125,116,9,9
19891,110,111,-1,1
19892,102,91,11,11
19893,57,49,8,8
19894,68,87,-19,19
19895,75,77,-2,2
19896,101,96,5,5
19897,57,53,4,4
19898,93,110,-17,17
19899,52,40,12,12
19900,57,62,-5,5
19901,123,112,11,11
19902,111,118,-7,7
19903,62,65,-3,3
19904,89,104,-15,15
19905,114,107,7,7
19906,45,53,-8,8
19907,79,76,3,3
19908,134,126,8,8
19909,101,96,5,5
19910,92,90,2,2
19911,74,73,1,1
19912,95,93,2,2
19913,49,57,-8,8
19914,86,81,5,5
19915,50,65,-15,15
19916,55,56,-1,1
19917,49,46,3,3
19918,87,93,-6,6
19919,59,71,-12,12
19920,108,114,-6,6
19921,88,81,7,7
19922,118,129,-11,11
19923,108,103,5,5
19924,38,70,-32,32
19925,94,88,6,6
19926,35,38,-3,3
19927,114,118,-4,4
19928,124,117,7,7
19929,108,114,-6,6
19930,129,140,-11,11
19931,69,72,-3,3
19932,108,118,-10,10
19933,66,71,-5,5
19934,62,59,3,3
19935,107,115,-8,8
19936,65,64,1,1
19937,169,155,14,14
19938,115,110,5,5
19939,116,118,-2,2
19940,87,89,-2,2
19941,62,61,1,1
19942,128,122,6,6
19943,126,134,-8,8
19944,139,143,-4,4
19945,217,199,18,18
19946,147,152,-5,5
19947,117,112,5,5
19948,181,191,-10,10
19949,101,130,-29,29
19950,66,72,-6,6
19951,77,74,3,3
19952,110,112,-2,2
19953,186,189,-3,3
19954,60,62,-2,2
19955,68,67,1,1
19956,125,127,-2,2
19957,52,55,-3,3
19958,75,75,0,0
19959,109,115,-6,6
19960,44,52,-8,8
19961,123,131,-8,8
19962,123,116,7,7
19963,69,70,-1,1
19964,51,55,-4,4
19965,148,135,13,13
19966,104,91,13,13
19967,64,64,0,0
19968,82,91,-9,9
19969,82,76,6,6
19970,135,143,-8,8
19971,54,60,-6,6
19972,88,78,10,10
19973,88,82,6,6
19974,102,106,-4,4
19975,45,51,-6,6
19976,85,83,2,2
19977,117,107,10,10
19978,124,118,6,6
19979,60,67,-7,7
19980,40,60,-20,20
19981,133,132,1,1
19982,101,104,-3,3
19983,80,78,2,2
19984,90,115,-25,25
19985,85,89,-4,4
19986,68,72,-4,4
19987,150,158,-8,8
19988,86,80,6,6
19989,105,111,-6,6
19990,45,52,-7,7
19991,149,166,-17,17
19992,74,79,-5,5
19993,40,44,-4,4
19994,75,81,-6,6
19995,47,53,-6,6
19996,70,76,-6,6
19997,56,59,-3,3
19998,46,50,-4,4
19999,98,105,-7,7
20000,107,106,1,1
20001,121,113,8,8
20002,192,194,-2,2
20003,50,53,-3,3
20004,62,79,-17,17
20005,93,93,0,0
20006,96,90,6,6
20007,72,71,1,1
20008,134,139,-5,5
20009,98,101,-3,3
20010,159,144,15,15
20011,115,113,2,2
20012,54,58,-4,4
20013,60,63,-3,3
20014,80,77,3,3
20015,103,104,-1,1
20016,89,83,6,6
20017,118,122,-4,4
20018,109,107,2,2
20019,65,73,-8,8
20020,62,70,-8,8
20021,100,96,4,4
20022,127,137,-10,10
20023,54,61,-7,7
20024,113,106,7,7
20025,122,118,4,4
20026,140,130,10,10
20027,71,65,6,6
20028,86,95,-9,9
20029,94,101,-7,7
20030,124,118,6,6
20031,59,61,-2,2
20032,115,110,5,5
20033,61,60,1,1
20034,65,58,7,7
20035,79,83,-4,4
20036,122,113,9,9
20037,97,106,-9,9
20038,64,71,-7,7
20039,107,105,2,2
20040,109,112,-3,3
20041,70,71,-1,1
20042,63,63,0,0
20043,104,102,2,2
20044,88,79,9,9
20045,91,94,-3,3
20046,136,140,-4,4
20047,67,67,0,0
20048,65,64,1,1
20049,97,98,-1,1
20050,114,120,-6,6
20051,122,136,-14,14
20052,76,72,4,4
20053,96,103,-7,7
20054,90,84,6,6
20055,68,66,2,2
20056,78,82,-4,4
20057,158,151,7,7
20058,77,83,-6,6
20059,65,64,1,1
20060,126,122,4,4
20061,102,95,7,7
20062,96,87,9,9
20063,120,129,-9,9
20064,44,52,-8,8
20065,68,75,-7,7
20066,170,176,-6,6
20067,40,44,-4,4
20068,43,52,-9,9
20069,95,89,6,6
20070,114,107,7,7
20071,60,63,-3,3
20072,35,48,-13,13
20073,70,67,3,3
20074,126,124,2,2
20075,68,68,0,0
20076,137,145,-8,8
20077,154,134,20,20
20078,139,142,-3,3
20079,103,99,4,4
20080,82,73,9,9
20081,94,105,-11,11
20082,136,131,5,5
20083,81,77,4,4
20084,51,46,5,5
20085,126,126,0,0
20086,89,125,-36,36
20087,88,95,-7,7
20088,77,66,11,11
20089,83,88,-5,5
20090,77,67,10,10
20091,84,83,1,1
20092,82,74,8,8
20093,65,71,-6,6
20094,113,103,10,10
20095,78,88,-10,10
20096,54,56,-2,2
20097,94,103,-9,9
20098,59,70,-11,11
20099,117,125,-8,8
20100,78,66,12,12
20101,48,41,7,7
20102,54,64,-10,10
20103,99,105,-6,6
20104,71,71,0,0
20105,136,132,4,4
20106,45,49,-4,4
20107,84,92,-8,8
20108,82,88,-6,6
20109,45,52,-7,7
20110,125,107,18,18
20111,50,53,-3,3
20112,71,76,-5,5
20113,89,83,6,6
20114,61,67,-6,6
20115,105,100,5,5
20116,143,143,0,0
20117,185,176,9,9
20118,48,48,0,0
20119,98,100,-2,2
20120,38,47,-9,9
20121,92,91,1,1
20122,139,139,0,0
20123,99,94,5,5
20124,106,110,-4,4
20125,60,76,-16,16
20126,96,80,16,16
20127,138,147,-9,9
20128,83,85,-2,2
20129,152,123,29,29
20130,115,122,-7,7
20131,84,95,-11,11
20132,133,129,4,4
20133,128,129,-1,1
20134,78,80,-2,2
20135,93,95,-2,2
20136,105,105,0,0
20137,90,93,-3,3
20138,205,181,24,24
20139,80,80,0,0
20140,80,78,2,2
20141,118,103,15,15
20142,60,70,-10,10
20143,101,101,0,0
20144,95,91,4,4
20145,130,144,-14,14
20146,113,111,2,2
20147,79,87,-8,8
20148,88,86,2,2
20149,109,106,3,3
20150,98,90,8,8
20151,70,71,-1,1
20152,92,88,4,4
20153,157,167,-10,10
20154,44,50,-6,6
20155,95,87,8,8
20156,87,83,4,4
20157,109,94,15,15
20158,111,115,-4,4
20159,86,81,5,5
20160,149,154,-5,5
20161,111,107,4,4
20162,45,47,-2,2
20163,150,153,-3,3
20164,89,84,5,5
20165,67,75,-8,8
20166,87,90,-3,3
20167,150,142,8,8
20168,124,110,14,14
20169,96,94,2,2
20170,125,132,-7,7
20171,116,131,-15,15
20172,80,80,0,0
20173,156,138,18,18
20174,159,165,-6,6
20175,108,107,1,1
20176,90,90,0,0
20177,117,109,8,8
20178,139,130,9,9
20179,87,86,1,1
20180,79,71,8,8
20181,103,103,0,0
20182,157,147,10,10
20183,159,175,-16,16
20184,46,79,-33,33
20185,84,85,-1,1
20186,62,71,-9,9
20187,99,105,-6,6
20188,62,63,-1,1
20189,87,104,-17,17
20190,186,191,-5,5
20191,104,97,7,7
20192,83,80,3,3
20193,82,82,0,0
20194,82,84,-2,2
20195,116,120,-4,4
20196,48,46,2,2
20197,72,80,-8,8
20198,81,81,0,0
20199,89,98,-9,9
20200,66,70,-4,4
20201,99,103,-4,4
20202,97,94,3,3
20203,83,85,-2,2
20204,57,56,1,1
20205,95,98,-3,3
20206,81,82,-1,1
20207,77,86,-9,9
20208,65,66,-1,1
20209,109,109,0,0
20210,58,57,1,1
20211,38,52,-14,14
20212,109,110,-1,1
20213,128,127,1,1
20214,68,64,4,4
20215,134,135,-1,1
20216,80,83,-3,3
20217,197,189,8,8
20218,105,108,-3,3
20219,78,79,-1,1
20220,99,118,-19,19
20221,88,84,4,4
20222,105,104,1,1
20223,63,74,-11,11
20224,76,104,-28,28
20225,80,81,-1,1
20226,68,74,-6,6
20227,97,99,-2,2
20228,107,104,3,3
20229,96,77,19,19
20230,120,132,-12,12
20231,110,105,5,5
20232,67,73,-6,6
20233,154,142,12,12
20234,133,120,13,13
20235,98,91,7,7
20236,93,91,2,2
20237,93,96,-3,3
20238,95,99,-4,4
20239,96,92,4,4
20240,66,68,-2,2
20241,54,57,-3,3
20242,89,89,0,0
20243,165,156,9,9
20244,189,187,2,2
20245,62,67,-5,5
20246,49,53,-4,4
20247,59,58,1,1
20248,82,81,1,1
20249,75,78,-3,3
20250,121,114,7,7
20251,116,107,9,9
20252,185,195,-10,10
20253,139,139,0,0
20254,73,79,-6,6
20255,147,147,0,0
20256,109,120,-11,11
20257,119,120,-1,1
20258,83,79,4,4
20259,122,128,-6,6
20260,84,92,-8,8
20261,130,125,5,5
20262,137,147,-10,10
20263,96,101,-5,5
20264,81,81,0,0
20265,123,117,6,6
20266,83,72,11,11
20267,104,102,2,2
20268,121,109,12,12
20269,130,124,6,6
20270,104,98,6,6
20271,107,101,6,6
20272,121,113,8,8
20273,76,78,-2,2
20274,59,62,-3,3
20275,127,130,-3,3
20276,179,189,-10,10
20277,70,75,-5,5
20278,83,85,-2,2
20279,83,88,-5,5
20280,52,66,-14,14
20281,58,66,-8,8
20282,116,125,-9,9
20283,57,65,-8,8
20284,107,109,-2,2
20285,164,166,-2,2
20286,110,108,2,2
20287,101,102,-1,1
20288,159,152,7,7
20289,103,115,-12,12
20290,133,142,-9,9
20291,59,77,-18,18
20292,93,106,-13,13
20293,129,122,7,7
20294,49,62,-13,13
20295,98,93,5,5
20296,100,100,0,0
20297,131,134,-3,3
20298,140,149,-9,9
20299,87,85,2,2
20300,138,133,5,5
20301,145,149,-4,4
20302,124,118,6,6
20303,111,111,0,0
20304,128,124,4,4
20305,83,75,8,8
20306,90,102,-12,12
20307,96,98,-2,2
20308,160,156,4,4
20309,75,80,-5,5
20310,83,89,-6,6
20311,115,114,1,1
20312,78,86,-8,8
20313,91,91,0,0
20314,60,56,4,4
20315,92,89,3,3
20316,107,96,11,11
20317,94,107,-13,13
20318,75,110,-35,35
20319,60,62,-2,2
20320,58,65,-7,7
20321,103,105,-2,2
20322,68,67,1,1
20323,141,131,10,10
20324,89,98,-9,9
20325,172,163,9,9
20326,147,149,-2,2
20327,94,85,9,9
20328,128,129,-1,1
20329,76,79,-3,3
20330,97,92,5,5
20331,110,113,-3,3
20332,89,89,0,0
20333,72,65,7,7
20334,104,115,-11,11
20335,82,103,-21,21
20336,87,85,2,2
20337,96,87,9,9
20338,94,108,-14,14
20339,158,143,15,15
20340,102,103,-1,1
20341,62,67,-5,5
20342,53,59,-6,6
20343,98,97,1,1
20344,96,94,2,2
20345,79,85,-6,6
20346,131,123,8,8
20347,44,54,-10,10
20348,102,93,9,9
20349,69,72,-3,3
20350,106,114,-8,8
20351,128,138,-10,10
20352,49,58,-9,9
20353,123,116,7,7
20354,191,171,20,20
20355,116,105,11,11
20356,127,124,3,3
20357,42,46,-4,4
20358,124,103,21,21
20359,92,100,-8,8
20360,143,136,7,7
20361,68,70,-2,2
20362,111,110,1,1
20363,120,134,-14,14
20364,93,91,2,2
20365,46,54,-8,8
20366,116,119,-3,3
20367,84,87,-3,3
20368,39,47,-8,8
20369,70,60,10,10
20370,59,73,-14,14
20371,107,129,-22,22
20372,59,60,-1,1
20373,115,113,2,2
20374,92,100,-8,8
20375,105,118,-13,13
20376,110,105,5,5
20377,60,58,2,2
20378,119,108,11,11
20379,106,113,-7,7
20380,90,91,-1,1
20381,63,66,-3,3
20382,103,99,4,4
20383,105,114,-9,9
20384,98,103,-5,5
20385,48,49,-1,1
20386,110,137,-27,27
20387,119,106,13,13
20388,86,92,-6,6
20389,82,100,-18,18
20390,65,65,0,0
20391,89,89,0,0
20392,118,125,-7,7
20393,146,139,7,7
20394,65,73,-8,8
20395,125,127,-2,2
20396,87,89,-2,2
20397,89,97,-8,8
20398,75,72,3,3
20399,87,84,3,3
20400,130,133,-3,3
20401,51,54,-3,3
20402,129,136,-7,7
20403,81,79,2,2
20404,80,74,6,6
20405,66,73,-7,7
20406,47,53,-6,6
20407,103,108,-5,5
20408,77,91,-14,14
20409,60,71,-11,11
20410,133,133,0,0
20411,66,67,-1,1
20412,161,153,8,8
20413,101,107,-6,6
20414,80,89,-9,9
20415,124,131,-7,7
20416,140,139,1,1
20417,120,113,7,7
20418,141,135,6,6
20419,90,92,-2,2
20420,54,60,-6,6
20421,63,60,3,3
20422,115,121,-6,6
20423,59,70,-11,11
20424,68,73,-5,5
20425,51,52,-1,1
20426,56,60,-4,4
20427,69,81,-12,12
20428,71,74,-3,3
20429,103,109,-6,6
20430,94,99,-5,5
20431,157,176,-19,19
20432,122,117,5,5
20433,111,116,-5,5
20434,120,133,-13,13
20435,103,97,6,6
20436,62,67,-5,5
20437,130,133,-3,3
20438,81,81,0,0
20439,166,146,20,20
20440,79,84,-5,5
20441,90,94,-4,4
20442,91,96,-5,5
20443,44,47,-3,3
20444,87,96,-9,9
20445,117,118,-1,1
20446,101,112,-11,11
20447,106,117,-11,11
20448,102,94,8,8
20449,74,68,6,6
20450,175,167,8,8
20451,71,83,-12,12
20452,122,120,2,2
20453,165,161,4,4
20454,134,129,5,5
20455,192,176,16,16
20456,80,71,9,9
20457,65,63,2,2
20458,105,112,-7,7
20459,121,117,4,4
20460,84,85,-1,1
20461,106,112,-6,6
20462,91,89,2,2
20463,174,180,-6,6
20464,64,58,6,6
20465,58,64,-6,6
20466,76,67,9,9
20467,70,72,-2,2
20468,143,141,2,2
20469,92,89,3,3
20470,94,100,-6,6
20471,95,90,5,5
20472,119,116,3,3
20473,101,94,7,7
20474,110,111,-1,1
20475,144,157,-13,13
20476,129,146,-17,17
20477,79,78,1,1
20478,99,108,-9,9
20479,85,84,1,1
20480,142,135,7,7
20481,77,85,-8,8
20482,62,65,-3,3
20483,122,130,-8,8
20484,106,112,-6,6
20485,52,49,3,3
20486,79,89,-10,10
20487,95,85,10,10
20488,77,81,-4,4
20489,89,90,-1,1
20490,70,75,-5,5
20491,97,97,0,0
20492,100,111,-11,11
20493,79,73,6,6
20494,138,140,-2,2
20495,123,116,7,7
20496,152,135,17,17
20497,135,136,-1,1
20498,83,86,-3,3
20499,118,107,11,11
20500,91,87,4,4
20501,83,85,-2,2
20502,77,79,-2,2
20503,69,72,-3,3
20504,68,70,-2,2
20505,139,136,3,3
20506,171,168,3,3
20507,80,79,1,1
20508,83,82,1,1
20509,108,109,-1,1
20510,92,94,-2,2
20511,59,61,-2,2
20512,74,73,1,1
20513,62,63,-1,1
20514,138,136,2,2
20515,55,53,2,2
20516,85,81,4,4
20517,77,77,0,0
20518,39,42,-3,3
20519,65,67,-2,2
20520,109,118,-9,9
20521,91,93,-2,2
20522,74,72,2,2
20523,74,79,-5,5
20524,154,152,2,2
20525,153,148,5,5
20526,40,35,5,5
20527,110,110,0,0
20528,63,61,2,2
20529,114,111,3,3
20530,114,129,-15,15
20531,62,73,-11,11
20532,81,71,10,10
20533,49,53,-4,4
20534,63,61,2,2
20535,93,91,2,2
20536,76,72,4,4
20537,146,148,-2,2
20538,87,79,8,8
20539,162,161,1,1
20540,91,98,-7,7
20541,107,131,-24,24
20542,82,91,-9,9
20543,97,96,1,1
20544,42,46,-4,4
20545,81,80,1,1
20546,115,115,0,0
20547,120,118,2,2
20548,62,67,-5,5
20549,131,139,-8,8
20550,82,83,-1,1
20551,59,61,-2,2
20552,127,136,-9,9
20553,100,91,9,9
20554,92,86,6,6
20555,55,63,-8,8
20556,111,113,-2,2
20557,92,92,0,0
20558,111,116,-5,5
20559,189,168,21,21
20560,93,82,11,11
20561,61,59,2,2
20562,50,48,2,2
20563,62,62,0,0
20564,46,54,-8,8
20565,145,153,-8,8
20566,82,84,-2,2
20567,83,83,0,0
20568,78,77,1,1
20569,69,64,5,5
20570,117,106,11,11
20571,142,138,4,4
20572,111,114,-3,3
20573,72,72,0,0
20574,95,93,2,2
20575,141,130,11,11
20576,179,172,7,7
20577,85,90,-5,5
20578,286,250,36,36
20579,87,78,9,9
20580,93,95,-2,2
20581,87,84,3,3
20582,49,52,-3,3
20583,87,88,-1,1
20584,143,121,22,22
20585,98,109,-11,11
20586,70,71,-1,1
20587,112,111,1,1
20588,53,58,-5,5
20589,55,60,-5,5
20590,88,84,4,4
20591,113,118,-5,5
20592,86,88,-2,2
20593,59,48,11,11
20594,62,61,1,1
20595,71,82,-11,11
20596,102,126,-24,24
20597,69,75,-6,6
20598,117,116,1,1
20599,79,81,-2,2
20600,131,139,-8,8
20601,45,48,-3,3
20602,81,87,-6,6
20603,62,73,-11,11
20604,82,88,-6,6
20605,86,90,-4,4
20606,52,48,4,4
20607,79,83,-4,4
20608,108,100,8,8
20609,62,64,-2,2
20610,94,96,-2,2
20611,74,86,-12,12
20612,136,128,8,8
20613,151,145,6,6
20614,145,156,-11,11
20615,99,98,1,1
20616,169,183,-14,14
20617,69,73,-4,4
20618,54,54,0,0
20619,93,85,8,8
20620,106,108,-2,2
20621,77,78,-1,1
20622,100,113,-13,13
20623,96,109,-13,13
20624,56,55,1,1
20625,99,92,7,7
20626,115,119,-4,4
20627,90,88,2,2
20628,56,62,-6,6
20629,83,73,10,10
20630,117,111,6,6
20631,75,78,-3,3
20632,88,88,0,0
20633,80,80,0,0
20634,150,132,18,18
20635,126,116,10,10
20636,92,93,-1,1
20637,117,115,2,2
20638,75,80,-5,5
20639,92,81,11,11
20640,72,75,-3,3
20641,45,52,-7,7
20642,55,70,-15,15
20643,123,131,-8,8
20644,127,122,5,5
20645,128,134,-6,6
20646,161,163,-2,2
20647,130,126,4,4
20648,87,80,7,7
20649,223,191,32,32
20650,79,83,-4,4
20651,155,147,8,8
20652,77,79,-2,2
20653,82,74,8,8
20654,101,110,-9,9
20655,89,97,-8,8
20656,106,110,-4,4
20657,68,58,10,10
20658,98,98,0,0
20659,102,110,-8,8
20660,88,79,9,9
20661,102,101,1,1
20662,173,158,15,15
20663,52,63,-11,11
20664,114,116,-2,2
20665,85,75,10,10
20666,86,84,2,2
20667,77,77,0,0
20668,81,80,1,1
20669,89,87,2,2
20670,149,147,2,2
20671,68,76,-8,8
20672,77,74,3,3
20673,83,83,0,0
20674,71,73,-2,2
20675,71,74,-3,3
20676,91,98,-7,7
20677,56,68,-12,12
20678,80,84,-4,4
20679,129,124,5,5
20680,95,98,-3,3
20681,114,106,8,8
20682,149,140,9,9
20683,74,74,0,0
20684,84,75,9,9
20685,72,68,4,4
20686,119,118,1,1
20687,82,74,8,8
20688,94,120,-26,26
20689,89,102,-13,13
20690,45,50,-5,5
20691,77,65,12,12
20692,169,175,-6,6
20693,100,88,12,12
20694,114,109,5,5
20695,95,91,4,4
20696,97,117,-20,20
20697,224,222,2,2
20698,96,102,-6,6
20699,66,71,-5,5
20700,97,96,1,1
20701,113,113,0,0
20702,107,115,-8,8
20703,59,73,-14,14
20704,148,159,-11,11
20705,66,53,13,13
20706,151,159,-8,8
20707,87,81,6,6
20708,119,113,6,6
20709,63,60,3,3
20710,122,113,9,9
20711,75,72,3,3
20712,142,140,2,2
20713,33,38,-5,5
20714,86,86,0,0
20715,33,39,-6,6
20716,144,125,19,19
20717,124,120,4,4
20718,77,80,-3,3
20719,144,146,-2,2
20720,88,97,-9,9
20721,87,92,-5,5
20722,45,49,-4,4
20723,104,93,11,11
20724,70,75,-5,5
20725,87,85,2,2
20726,139,140,-1,1
20727,136,138,-2,2
20728,85,77,8,8
20729,106,112,-6,6
20730,134,128,6,6
20731,98,96,2,2
20732,77,80,-3,3
20733,131,137,-6,6
20734,125,147,-22,22
20735,76,80,-4,4
20736,110,104,6,6
20737,123,114,9,9
20738,56,52,4,4
20739,62,64,-2,2
20740,59,62,-3,3
20741,96,104,-8,8
20742,107,99,8,8
20743,126,136,-10,10
20744,114,119,-5,5
20745,85,93,-8,8
20746,63,60,3,3
20747,59,76,-17,17
20748,80,76,4,4
20749,93,90,3,3
20750,82,92,-10,10
20751,73,66,7,7
20752,133,127,6,6
20753,145,133,12,12
20754,78,79,-1,1
20755,89,89,0,0
20756,81,83,-2,2
20757,100,100,0,0
20758,129,141,-12,12
20759,80,84,-4,4
20760,122,118,4,4
20761,26,45,-19,19
20762,151,147,4,4
20763,118,127,-9,9
20764,146,137,9,9
20765,75,75,0,0
20766,80,107,-27,27
20767,52,63,-11,11
20768,128,115,13,13
20769,76,94,-18,18
20770,73,76,-3,3
20771,55,60,-5,5
20772,94,101,-7,7
20773,115,108,7,7
20774,70,73,-3,3
20775,125,116,9,9
20776,50,48,2,2
20777,90,95,-5,5
20778,110,109,1,1
20779,120,125,-5,5
20780,62,65,-3,3
20781,78,91,-13,13
20782,132,132,0,0
20783,46,51,-5,5
20784,140,152,-12,12
20785,97,97,0,0
20786,53,56,-3,3
20787,93,96,-3,3
20788,145,137,8,8
20789,84,88,-4,4
20790,121,127,-6,6
20791,124,129,-5,5
20792,65,62,3,3
20793,129,142,-13,13
20794,111,108,3,3
20795,81,71,10,10
20796,87,73,14,14
20797,64,71,-7,7
20798,92,86,6,6
20799,74,75,-1,1
20800,78,77,1,1
20801,72,79,-7,7
20802,101,105,-4,4
20803,35,45,-10,10
20804,171,162,9,9
20805,54,51,3,3
20806,155,176,-21,21
20807,151,151,0,0
20808,45,46,-1,1
20809,87,88,-1,1
20810,115,109,6,6
20811,75,70,5,5
20812,89,93,-4,4
20813,134,127,7,7
20814,65,67,-2,2
20815,51,54,-3,3
20816,33,39,-6,6
20817,85,99,-14,14
20818,114,115,-1,1
20819,120,122,-2,2
20820,83,87,-4,4
20821,106,114,-8,8
20822,41,49,-8,8
20823,101,119,-18,18
20824,134,131,3,3
20825,132,135,-3,3
20826,53,46,7,7
20827,89,86,3,3
20828,120,129,-9,9
20829,106,115,-9,9
20830,165,149,16,16
20831,59,73,-14,14
20832,77,80,-3,3
20833,105,100,5,5
20834,113,117,-4,4
20835,85,86,-1,1
20836,57,58,-1,1
20837,101,112,-11,11
20838,109,111,-2,2
20839,129,141,-12,12
20840,75,92,-17,17
20841,143,141,2,2
20842,48,52,-4,4
20843,115,128,-13,13
20844,57,113,-56,56
20845,76,77,-1,1
20846,79,77,2,2
20847,107,104,3,3
20848,61,65,-4,4
20849,134,137,-3,3
20850,93,95,-2,2
20851,141,144,-3,3
20852,81,74,7,7
20853,65,74,-9,9
20854,148,143,5,5
20855,70,79,-9,9
20856,78,92,-14,14
20857,46,48,-2,2
20858,108,114,-6,6
20859,94,95,-1,1
20860,165,168,-3,3
20861,83,97,-14,14
20862,131,130,1,1
20863,91,85,6,6
20864,86,123,-37,37
20865,99,103,-4,4
20866,111,97,14,14
20867,93,91,2,2
20868,82,81,1,1
20869,60,74,-14,14
20870,89,84,5,5
20871,153,154,-1,1
20872,102,105,-3,3
20873,92,103,-11,11
20874,102,100,2,2
20875,118,129,-11,11
20876,75,72,3,3
20877,176,171,5,5
20878,129,125,4,4
20879,69,85,-16,16
20880,83,78,5,5
20881,124,126,-2,2
20882,68,63,5,5
20883,102,102,0,0
20884,63,63,0,0
20885,96,113,-17,17
20886,120,133,-13,13
20887,75,82,-7,7
20888,111,117,-6,6
20889,181,168,13,13
20890,82,85,-3,3
20891,132,130,2,2
20892,48,71,-23,23
20893,75,78,-3,3
20894,64,65,-1,1
20895,41,45,-4,4
20896,64,81,-17,17
20897,97,100,-3,3
20898,77,83,-6,6
20899,91,87,4,4
20900,51,52,-1,1
20901,68,71,-3,3
20902,121,131,-10,10
20903,86,86,0,0
20904,59,64,-5,5
20905,107,111,-4,4
20906,84,94,-10,10
20907,55,54,1,1
20908,76,95,-19,19
20909,93,84,9,9
20910,40,43,-3,3
20911,118,105,13,13
20912,156,163,-7,7
20913,126,123,3,3
20914,74,72,2,2
20915,96,100,-4,4
20916,121,122,-1,1
20917,76,71,5,5
20918,122,136,-14,14
20919,89,84,5,5
20920,59,59,0,0
20921,84,74,10,10
20922,83,80,3,3
20923,73,70,3,3
20924,63,61,2,2
20925,64,72,-8,8
20926,125,116,9,9
20927,101,88,13,13
20928,122,136,-14,14
20929,63,65,-2,2
20930,107,112,-5,5
20931,68,71,-3,3
20932,74,77,-3,3
20933,102,104,-2,2
20934,119,126,-7,7
20935,106,99,7,7
20936,66,65,1,1
20937,87,90,-3,3
20938,85,84,1,1
20939,66,61,5,5
20940,145,147,-2,2
20941,180,163,17,17
20942,75,79,-4,4
20943,63,74,-11,11
20944,144,148,-4,4
20945,66,66,0,0
20946,49,46,3,3
20947,98,102,-4,4
20948,77,69,8,8
20949,105,105,0,0
20950,81,100,-19,19
20951,92,84,8,8
20952,104,114,-10,10
20953,151,152,-1,1
20954,51,57,-6,6
20955,124,134,-10,10
20956,84,84,0,0
20957,58,61,-3,3
20958,108,106,2,2
20959,41,46,-5,5
20960,151,147,4,4
20961,113,103,10,10
20962,138,133,5,5
20963,70,78,-8,8
20964,106,112,-6,6
20965,95,102,-7,7
20966,121,127,-6,6
20967,66,65,1,1
20968,98,95,3,3
20969,70,73,-3,3
20970,142,140,2,2
20971,139,144,-5,5
20972,62,66,-4,4
20973,138,149,-11,11
20974,70,72,-2,2
20975,138,116,22,22
20976,105,102,3,3
20977,61,60,1,1
20978,113,122,-9,9
20979,173,155,18,18
20980,94,92,2,2
20981,90,86,4,4
20982,112,113,-1,1
20983,43,44,-1,1
20984,140,145,-5,5
20985,197,210,-13,13
20986,116,110,6,6
20987,229,216,13,13
20988,119,118,1,1
20989,80,65,15,15
20990,115,121,-6,6
20991,61,70,-9,9
20992,41,49,-8,8
20993,101,95,6,6
20994,185,195,-10,10
20995,46,49,-3,3
20996,221,216,5,5
20997,113,112,1,1
20998,60,62,-2,2
20999,116,101,15,15
21000,125,125,0,0
21001,99,99,0,0
21002,97,115,-18,18
21003,171,161,10,10
21004,79,81,-2,2
21005,73,76,-3,3
21006,80,89,-9,9
21007,148,140,8,8
21008,111,128,-17,17
21009,110,117,-7,7
21010,84,94,-10,10
21011,60,71,-11,11
21012,94,92,2,2
21013,57,58,-1,1
21014,118,122,-4,4
21015,115,118,-3,3
21016,118,132,-14,14
21017,133,125,8,8
21018,67,72,-5,5
21019,148,147,1,1
21020,34,92,-58,58
21021,59,59,0,0
21022,71,70,1,1
21023,59,57,2,2
21024,58,67,-9,9
21025,61,56,5,5
21026,105,106,-1,1
21027,144,143,1,1
21028,135,133,2,2
21029,120,120,0,0
21030,180,178,2,2
21031,177,158,19,19
21032,115,136,-21,21
21033,138,131,7,7
21034,113,99,14,14
21035,97,97,0,0
21036,88,81,7,7
21037,108,123,-15,15
21038,106,101,5,5
21039,81,80,1,1
21040,105,103,2,2
21041,30,34,-4,4
21042,97,102,-5,5
21043,39,39,0,0
21044,57,56,1,1
21045,92,115,-23,23
21046,85,84,1,1
21047,94,88,6,6
21048,165,154,11,11
21049,119,126,-7,7
21050,120,118,2,2
21051,139,130,9,9
21052,42,46,-4,4
21053,78,81,-3,3
21054,78,83,-5,5
21055,73,67,6,6
21056,84,87,-3,3
21057,159,151,8,8
21058,84,88,-4,4
21059,133,132,1,1
21060,87,93,-6,6
21061,147,135,12,12
21062,83,82,1,1
21063,51,64,-13,13
21064,107,105,2,2
21065,62,63,-1,1
21066,94,88,6,6
21067,62,65,-3,3
21068,79,79,0,0
21069,177,156,21,21
21070,104,85,19,19
21071,85,96,-11,11
21072,100,98,2,2
21073,69,66,3,3
21074,119,125,-6,6
21075,90,77,13,13
21076,82,76,6,6
21077,54,52,2,2
21078,115,102,13,13
21079,74,72,2,2
21080,113,111,2,2
21081,56,58,-2,2
21082,68,75,-7,7
21083,195,190,5,5
21084,150,134,16,16
21085,62,72,-10,10
21086,71,72,-1,1
21087,81,82,-1,1
21088,131,135,-4,4
21089,90,81,9,9
21090,86,95,-9,9
21091,168,179,-11,11
21092,101,100,1,1
21093,109,108,1,1
21094,71,111,-40,40
21095,67,66,1,1
21096,115,111,4,4
21097,95,98,-3,3
21098,84,82,2,2
21099,74,85,-11,11
21100,69,68,1,1
21101,63,71,-8,8
21102,127,122,5,5
21103,82,92,-10,10
21104,78,77,1,1
21105,78,82,-4,4
21106,147,147,0,0
21107,96,97,-1,1
21108,72,85,-13,13
21109,65,64,1,1
21110,107,110,-3,3
21111,119,110,9,9
21112,101,100,1,1
21113,162,154,8,8
21114,119,120,-1,1
21115,93,99,-6,6
21116,102,102,0,0
21117,145,145,0,0
21118,94,92,2,2
21119,83,82,1,1
21120,166,160,6,6
21121,63,67,-4,4
21122,90,89,1,1
21123,53,56,-3,3
21124,103,105,-2,2
21125,117,114,3,3
21126,99,102,-3,3
21127,44,38,6,6
21128,149,142,7,7
21129,104,101,3,3
21130,225,226,-1,1
21131,101,100,1,1
21132,101,101,0,0
21133,76,68,8,8
21134,80,79,1,1
21135,70,65,5,5
21136,130,109,21,21
21137,148,143,5,5
21138,70,84,-14,14
21139,137,149,-12,12
21140,59,59,0,0
21141,71,76,-5,5
21142,134,131,3,3
21143,116,107,9,9
21144,104,103,1,1
21145,63,72,-9,9
21146,61,60,1,1
21147,89,114,-25,25
21148,61,60,1,1
21149,97,99,-2,2
21150,102,102,0,0
21151,63,63,0,0
21152,165,165,0,0
21153,88,100,-12,12
21154,112,98,14,14
21155,90,89,1,1
21156,179,177,2,2
21157,89,101,-12,12
21158,19,31,-12,12
21159,123,119,4,4
21160,111,140,-29,29
21161,89,85,4,4
21162,86,100,-14,14
21163,92,97,-5,5
21164,93,89,4,4
21165,91,91,0,0
21166,70,72,-2,2
21167,105,106,-1,1
21168,85,81,4,4
21169,78,73,5,5
21170,112,116,-4,4
21171,96,100,-4,4
21172,54,61,-7,7
21173,121,111,10,10
21174,131,129,2,2
21175,66,71,-5,5
21176,61,65,-4,4
21177,80,80,0,0
21178,89,86,3,3
21179,74,63,11,11
21180,65,81,-16,16
21181,101,110,-9,9
21182,97,87,10,10
21183,108,114,-6,6
21184,96,103,-7,7
21185,132,131,1,1
21186,62,59,3,3
21187,82,76,6,6
21188,154,140,14,14
21189,82,81,1,1
21190,50,54,-4,4
21191,68,62,6,6
21192,124,135,-11,11
21193,74,71,3,3
21194,149,154,-5,5
21195,59,61,-2,2
21196,56,57,-1,1
21197,58,61,-3,3
21198,151,159,-8,8
21199,113,110,3,3
21200,74,104,-30,30
21201,71,67,4,4
21202,86,85,1,1
21203,65,63,2,2
21204,69,72,-3,3
21205,161,162,-1,1
21206,89,92,-3,3
21207,36,40,-4,4
21208,55,53,2,2
21209,97,94,3,3
21210,89,79,10,10
21211,64,64,0,0
21212,98,103,-5,5
21213,89,83,6,6
21214,44,43,1,1
21215,162,161,1,1
21216,126,136,-10,10
21217,82,82,0,0
21218,77,88,-11,11
21219,81,84,-3,3
21220,137,137,0,0
21221,69,71,-2,2
21222,86,85,1,1
21223,67,72,-5,5
21224,101,97,4,4
21225,74,80,-6,6
21226,71,73,-2,2
21227,66,66,0,0
21228,104,108,-4,4
21229,111,129,-18,18
21230,86,91,-5,5
21231,96,98,-2,2
21232,79,75,4,4
21233,183,197,-14,14
21234,89,86,3,3
21235,133,125,8,8
21236,80,79,1,1
21237,72,72,0,0
21238,109,102,7,7
21239,107,105,2,2
21240,84,78,6,6
21241,67,62,5,5
21242,102,100,2,2
21243,66,196,-130,130
21244,132,139,-7,7
21245,103,108,-5,5
21246,91,93,-2,2
21247,111,117,-6,6
21248,110,103,7,7
21249,156,162,-6,6
21250,44,41,3,3
21251,48,48,0,0
21252,79,89,-10,10
21253,58,53,5,5
21254,134,126,8,8
21255,105,109,-4,4
21256,79,75,4,4
21257,124,167,-43,43
21258,109,100,9,9
21259,79,74,5,5
21260,66,71,-5,5
21261,93,92,1,1
21262,93,95,-2,2
21263,85,95,-10,10
21264,92,90,2,2
21265,103,107,-4,4
21266,104,103,1,1
21267,108,109,-1,1
21268,82,79,3,3
21269,92,98,-6,6
21270,41,43,-2,2
21271,47,50,-3,3
21272,79,78,1,1
21273,101,113,-12,12
21274,66,73,-7,7
21275,83,81,2,2
21276,89,76,13,13
21277,55,59,-4,4
21278,137,136,1,1
21279,92,88,4,4
21280,131,131,0,0
21281,99,94,5,5
21282,100,109,-9,9
21283,82,79,3,3
21284,57,60,-3,3
21285,74,77,-3,3
21286,79,83,-4,4
21287,83,82,1,1
21288,118,117,1,1
21289,133,164,-31,31
21290,129,131,-2,2
21291,70,89,-19,19
21292,145,142,3,3
21293,149,122,27,27
21294,113,124,-11,11
21295,56,65,-9,9
21296,44,45,-1,1
21297,89,101,-12,12
21298,90,96,-6,6
21299,74,69,5,5
21300,117,114,3,3
21301,65,60,5,5
21302,48,54,-6,6
21303,92,90,2,2
21304,72,73,-1,1
21305,83,74,9,9
21306,63,66,-3,3
21307,135,126,9,9
21308,147,155,-8,8
21309,142,154,-12,12
21310,122,111,11,11
21311,77,75,2,2
21312,106,106,0,0
21313,65,71,-6,6
21314,70,65,5,5
21315,124,118,6,6
21316,100,97,3,3
21317,56,56,0,0
21318,72,67,5,5
21319,83,83,0,0
21320,66,64,2,2
21321,45,51,-6,6
21322,162,164,-2,2
21323,85,89,-4,4
21324,115,120,-5,5
21325,122,124,-2,2
21326,72,72,0,0
21327,68,71,-3,3
21328,65,66,-1,1
21329,84,80,4,4
21330,161,148,13,13
21331,149,143,6,6
21332,109,109,0,0
21333,57,62,-5,5
21334,85,80,5,5
21335,100,97,3,3
21336,171,140,31,31
21337,73,78,-5,5
21338,78,83,-5,5
21339,67,80,-13,13
21340,122,135,-13,13
21341,84,77,7,7
21342,171,159,12,12
21343,87,87,0,0
21344,140,128,12,12
21345,86,99,-13,13
21346,85,92,-7,7
21347,50,49,1,1
21348,78,81,-3,3
21349,67,60,7,7
21350,81,79,2,2
21351,75,77,-2,2
21352,91,93,-2,2
21353,119,122,-3,3
21354,138,141,-3,3
21355,58,60,-2,2
21356,137,132,5,5
21357,88,98,-10,10
21358,122,118,4,4
21359,106,102,4,4
21360,101,107,-6,6
21361,88,90,-2,2
21362,83,75,8,8
21363,80,80,0,0
21364,111,114,-3,3
21365,183,182,1,1
21366,73,73,0,0
21367,97,94,3,3
21368,55,62,-7,7
21369,116,125,-9,9
21370,78,80,-2,2
21371,99,101,-2,2
21372,141,133,8,8
21373,56,56,0,0
21374,65,65,0,0
21375,72,72,0,0
21376,99,73,26,26
21377,96,89,7,7
21378,69,76,-7,7
21379,94,108,-14,14
21380,98,89,9,9
21381,55,61,-6,6
21382,107,109,-2,2
21383,68,77,-9,9
21384,84,87,-3,3
21385,65,64,1,1
21386,177,158,19,19
21387,62,60,2,2
21388,182,169,13,13
21389,72,54,18,18
21390,151,151,0,0
21391,80,76,4,4
21392,122,129,-7,7
21393,136,125,11,11
21394,141,142,-1,1
21395,88,84,4,4
21396,88,82,6,6
21397,127,126,1,1
21398,92,99,-7,7
21399,74,68,6,6
21400,111,109,2,2
21401,204,208,-4,4
21402,111,104,7,7
21403,59,57,2,2
21404,129,116,13,13
21405,107,106,1,1
21406,104,100,4,4
21407,76,79,-3,3
21408,113,122,-9,9
21409,110,112,-2,2
21410,69,64,5,5
21411,67,68,-1,1
21412,85,80,5,5
21413,94,96,-2,2
21414,93,87,6,6
21415,90,93,-3,3
21416,61,50,11,11
21417,56,52,4,4
21418,114,109,5,5
21419,71,65,6,6
21420,86,92,-6,6
21421,114,121,-7,7
21422,50,51,-1,1
21423,155,153,2,2
21424,108,119,-11,11
21425,104,88,16,16
21426,89,85,4,4
21427,75,73,2,2
21428,149,152,-3,3
21429,94,87,7,7
21430,63,78,-15,15
21431,127,140,-13,13
21432,103,102,1,1
21433,90,83,7,7
21434,64,71,-7,7
21435,144,140,4,4
21436,119,115,4,4
21437,45,54,-9,9
21438,78,74,4,4
21439,45,57,-12,12
21440,113,119,-6,6
21441,89,94,-5,5
21442,122,126,-4,4
21443,93,93,0,0
21444,54,57,-3,3
21445,89,81,8,8
21446,85,81,4,4
21447,101,98,3,3
21448,132,146,-14,14
21449,47,44,3,3
21450,83,82,1,1
21451,89,80,9,9
21452,77,72,5,5
21453,150,142,8,8
21454,130,118,12,12
21455,85,87,-2,2
21456,114,112,2,2
21457,155,156,-1,1
21458,63,59,4,4
21459,94,99,-5,5
21460,42,43,-1,1
21461,138,144,-6,6
21462,78,84,-6,6
21463,79,79,0,0
21464,95,95,0,0
21465,80,72,8,8
21466,80,92,-12,12
21467,39,47,-8,8
21468,143,134,9,9
21469,88,87,1,1
21470,47,52,-5,5
21471,70,67,3,3
21472,174,169,5,5
21473,148,145,3,3
21474,185,170,15,15
21475,122,135,-13,13
21476,138,138,0,0
21477,99,96,3,3
21478,50,54,-4,4
21479,104,93,11,11
21480,69,70,-1,1
21481,127,123,4,4
21482,59,65,-6,6
21483,89,88,1,1
21484,81,83,-2,2
21485,64,72,-8,8
21486,124,127,-3,3
21487,75,85,-10,10
21488,102,100,2,2
21489,156,150,6,6
21490,81,82,-1,1
21491,90,85,5,5
21492,58,75,-17,17
21493,153,142,11,11
21494,100,96,4,4
21495,133,125,8,8
21496,133,127,6,6
21497,68,74,-6,6
21498,104,104,0,0
21499,74,72,2,2
21500,138,131,7,7
21501,83,85,-2,2
21502,125,142,-17,17
21503,98,102,-4,4
21504,92,90,2,2
21505,39,48,-9,9
21506,93,94,-1,1
21507,47,59,-12,12
21508,72,77,-5,5
21509,138,133,5,5
21510,81,83,-2,2
21511,102,106,-4,4
21512,146,144,2,2
21513,80,76,4,4
21514,76,71,5,5
21515,130,144,-14,14
21516,138,130,8,8
21517,69,77,-8,8
21518,134,124,10,10
21519,73,77,-4,4
21520,55,62,-7,7
21521,68,73,-5,5
21522,78,91,-13,13
21523,85,83,2,2
21524,118,117,1,1
21525,80,81,-1,1
21526,153,162,-9,9
21527,81,79,2,2
21528,85,86,-1,1
21529,117,118,-1,1
21530,126,129,-3,3
21531,34,38,-4,4
21532,72,66,6,6
21533,138,134,4,4
21534,82,86,-4,4
21535,113,119,-6,6
21536,63,70,-7,7
21537,80,67,13,13
21538,67,65,2,2
21539,117,132,-15,15
21540,120,116,4,4
21541,75,71,4,4
21542,117,114,3,3
21543,103,112,-9,9
21544,149,162,-13,13
21545,169,175,-6,6
21546,85,100,-15,15
21547,91,87,4,4
21548,121,128,-7,7
21549,95,113,-18,18
21550,123,131,-8,8
21551,36,47,-11,11
21552,71,72,-1,1
21553,106,105,1,1
21554,101,91,10,10
21555,60,76,-16,16
21556,68,65,3,3
21557,76,74,2,2
21558,91,86,5,5
21559,84,81,3,3
21560,97,104,-7,7
21561,75,83,-8,8
21562,44,45,-1,1
21563,78,64,14,14
21564,55,58,-3,3
21565,106,116,-10,10
21566,125,124,1,1
21567,185,173,12,12
21568,148,178,-30,30
21569,156,149,7,7
21570,128,124,4,4
21571,96,93,3,3
21572,99,91,8,8
21573,63,71,-8,8
21574,78,86,-8,8
21575,162,142,20,20
21576,75,75,0,0
21577,103,99,4,4
21578,110,103,7,7
21579,116,114,2,2
21580,51,56,-5,5
21581,126,125,1,1
21582,37,47,-10,10
21583,109,110,-1,1
21584,115,120,-5,5
21585,70,66,4,4
21586,94,92,2,2
21587,113,113,0,0
21588,91,90,1,1
21589,71,73,-2,2
21590,55,57,-2,2
21591,63,73,-10,10
21592,59,58,1,1
21593,81,79,2,2
21594,135,141,-6,6
21595,95,91,4,4
21596,67,73,-6,6
21597,80,81,-1,1
21598,73,85,-12,12
21599,98,91,7,7
21600,104,96,8,8
21601,63,54,9,9
21602,60,57,3,3
21603,117,114,3,3
21604,60,60,0,0
21605,127,126,1,1
21606,121,105,16,16
21607,118,119,-1,1
21608,80,78,2,2
21609,77,77,0,0
21610,104,101,3,3
21611,182,212,-30,30
21612,90,92,-2,2
21613,49,49,0,0
21614,86,86,0,0
21615,88,88,0,0
21616,114,106,8,8
21617,56,55,1,1
21618,66,61,5,5
21619,68,81,-13,13
21620,88,89,-1,1
21621,45,71,-26,26
21622,231,228,3,3
21623,136,130,6,6
21624,69,67,2,2
21625,123,135,-12,12
21626,60,58,2,2
21627,72,72,0,0
21628,84,89,-5,5
21629,123,128,-5,5
21630,58,73,-15,15
21631,58,58,0,0
21632,71,77,-6,6
21633,97,92,5,5
21634,61,62,-1,1
21635,57,60,-3,3
21636,172,169,3,3
21637,62,65,-3,3
21638,112,110,2,2
21639,126,124,2,2
21640,85,85,0,0
21641,105,119,-14,14
21642,100,103,-3,3
21643,117,133,-16,16
21644,76,86,-10,10
21645,85,85,0,0
21646,187,164,23,23
21647,145,143,2,2
21648,64,75,-11,11
21649,107,104,3,3
21650,140,140,0,0
21651,46,53,-7,7
21652,63,61,2,2
21653,93,92,1,1
21654,111,115,-4,4
21655,60,61,-1,1
21656,120,119,1,1
21657,67,72,-5,5
21658,157,152,5,5
21659,133,135,-2,2
21660,112,122,-10,10
21661,119,136,-17,17
21662,86,84,2,2
21663,128,133,-5,5
21664,109,105,4,4
21665,133,129,4,4
21666,62,60,2,2
21667,167,160,7,7
21668,122,115,7,7
21669,42,43,-1,1
21670,66,65,1,1
21671,110,112,-2,2
21672,84,97,-13,13
21673,115,114,1,1
21674,174,167,7,7
21675,85,86,-1,1
21676,100,99,1,1
21677,56,59,-3,3
21678,72,70,2,2
21679,87,92,-5,5
21680,70,91,-21,21
21681,76,75,1,1
21682,89,87,2,2
21683,69,67,2,2
21684,175,164,11,11
21685,191,177,14,14
21686,66,63,3,3
21687,145,144,1,1
21688,127,118,9,9
21689,54,50,4,4
21690,70,64,6,6
21691,67,64,3,3
21692,77,75,2,2
21693,119,132,-13,13
21694,38,49,-11,11
21695,77,75,2,2
21696,49,49,0,0
21697,63,77,-14,14
21698,40,43,-3,3
21699,69,82,-13,13
21700,35,43,-8,8
21701,93,88,5,5
21702,61,77,-16,16
21703,50,49,1,1
21704,113,120,-7,7
21705,123,113,10,10
21706,75,75,0,0
21707,94,91,3,3
21708,71,76,-5,5
21709,114,121,-7,7
21710,68,63,5,5
21711,129,143,-14,14
21712,61,51,10,10
21713,92,86,6,6
21714,76,68,8,8
21715,106,96,10,10
21716,123,120,3,3
21717,89,91,-2,2
21718,88,92,-4,4
21719,48,55,-7,7
21720,87,91,-4,4
21721,53,59,-6,6
21722,120,115,5,5
21723,105,112,-7,7
21724,117,113,4,4
21725,128,123,5,5
21726,173,162,11,11
21727,85,85,0,0
21728,97,91,6,6
21729,101,96,5,5
21730,67,71,-4,4
21731,71,74,-3,3
21732,89,82,7,7
21733,85,94,-9,9
21734,83,83,0,0
21735,78,75,3,3
21736,76,75,1,1
21737,115,114,1,1
21738,68,65,3,3
21739,75,72,3,3
21740,106,95,11,11
21741,76,73,3,3
21742,123,120,3,3
21743,82,85,-3,3
21744,82,85,-3,3
21745,162,161,1,1
21746,64,71,-7,7
21747,66,56,10,10
21748,48,46,2,2
21749,86,94,-8,8
21750,59,66,-7,7
21751,118,115,3,3
21752,75,75,0,0
21753,138,128,10,10
21754,50,50,0,0
21755,96,83,13,13
21756,68,70,-2,2
21757,83,84,-1,1
21758,93,112,-19,19
21759,78,83,-5,5
21760,45,44,1,1
21761,85,84,1,1
21762,123,115,8,8
21763,42,49,-7,7
21764,84,83,1,1
21765,123,122,1,1
21766,45,54,-9,9
21767,88,89,-1,1
21768,85,86,-1,1
21769,79,66,13,13
21770,75,75,0,0
21771,125,126,-1,1
21772,33,42,-9,9
21773,84,88,-4,4
21774,117,124,-7,7
21775,79,80,-1,1
21776,190,192,-2,2
21777,112,116,-4,4
21778,86,89,-3,3
21779,115,111,4,4
21780,74,72,2,2
21781,85,88,-3,3
21782,28,37,-9,9
21783,45,50,-5,5
21784,115,113,2,2
21785,92,86,6,6
21786,78,73,5,5
21787,129,128,1,1
21788,119,112,7,7
21789,78,76,2,2
21790,78,63,15,15
21791,211,199,12,12
21792,95,103,-8,8
21793,101,101,0,0
21794,163,156,7,7
21795,168,160,8,8
21796,109,110,-1,1
21797,98,107,-9,9
21798,61,60,1,1
21799,131,137,-6,6
21800,74,73,1,1
21801,66,73,-7,7
21802,130,124,6,6
21803,71,70,1,1
21804,135,141,-6,6
21805,88,83,5,5
21806,150,174,-24,24
21807,152,140,12,12
21808,117,98,19,19
21809,133,134,-1,1
21810,77,79,-2,2
21811,75,67,8,8
21812,63,61,2,2
21813,73,70,3,3
21814,72,73,-1,1
21815,62,77,-15,15
21816,98,104,-6,6
21817,103,97,6,6
21818,167,190,-23,23
21819,73,81,-8,8
21820,68,64,4,4
21821,104,106,-2,2
21822,96,98,-2,2
21823,165,167,-2,2
21824,128,130,-2,2
21825,147,143,4,4
21826,139,140,-1,1
21827,156,145,11,11
21828,86,92,-6,6
21829,78,78,0,0
21830,78,73,5,5
21831,89,84,5,5
21832,115,108,7,7
21833,122,122,0,0
21834,47,57,-10,10
21835,60,73,-13,13
21836,87,100,-13,13
21837,77,78,-1,1
21838,115,104,11,11
21839,105,90,15,15
21840,120,121,-1,1
21841,95,83,12,12
21842,103,99,4,4
21843,57,59,-2,2
21844,132,126,6,6
21845,118,107,11,11
21846,134,119,15,15
21847,85,96,-11,11
21848,130,141,-11,11
21849,107,116,-9,9
21850,112,109,3,3
21851,63,63,0,0
21852,176,171,5,5
21853,83,79,4,4
21854,88,99,-11,11
21855,141,127,14,14
21856,121,120,1,1
21857,119,113,6,6
21858,51,58,-7,7
21859,60,63,-3,3
21860,103,87,16,16
21861,122,117,5,5
21862,79,79,0,0
21863,103,97,6,6
21864,86,82,4,4
21865,58,66,-8,8
21866,103,107,-4,4
21867,89,83,6,6
21868,94,88,6,6
21869,115,119,-4,4
21870,151,177,-26,26
21871,97,98,-1,1
21872,88,85,3,3
21873,78,77,1,1
21874,79,77,2,2
21875,51,46,5,5
21876,77,91,-14,14
21877,98,87,11,11
21878,160,143,17,17
21879,114,117,-3,3
21880,95,102,-7,7
21881,77,81,-4,4
21882,75,78,-3,3
21883,142,135,7,7
21884,72,74,-2,2
21885,150,139,11,11
21886,67,73,-6,6
21887,104,108,-4,4
21888,95,101,-6,6
21889,116,113,3,3
21890,43,74,-31,31
21891,98,102,-4,4
21892,85,75,10,10
21893,93,88,5,5
21894,106,107,-1,1
21895,99,100,-1,1
21896,179,173,6,6
21897,61,77,-16,16
21898,77,79,-2,2
21899,64,65,-1,1
21900,90,94,-4,4
21901,106,115,-9,9
21902,67,64,3,3
21903,102,99,3,3
21904,94,64,30,30
21905,92,89,3,3
21906,81,77,4,4
21907,84,80,4,4
21908,131,140,-9,9
21909,96,99,-3,3
21910,89,86,3,3
21911,107,102,5,5
21912,73,79,-6,6
21913,81,74,7,7
21914,69,77,-8,8
21915,73,76,-3,3
21916,150,155,-5,5
21917,115,105,10,10
21918,90,85,5,5
21919,63,75,-12,12
21920,138,129,9,9
21921,125,130,-5,5
21922,111,109,2,2
21923,124,113,11,11
21924,37,44,-7,7
21925,114,117,-3,3
21926,67,67,0,0
21927,116,118,-2,2
21928,134,146,-12,12
21929,58,63,-5,5
21930,75,72,3,3
21931,119,119,0,0
21932,94,87,7,7
21933,72,67,5,5
21934,144,148,-4,4
21935,86,86,0,0
21936,112,112,0,0
21937,57,56,1,1
21938,121,132,-11,11
21939,118,117,1,1
21940,79,78,1,1
21941,53,50,3,3
21942,61,52,9,9
21943,90,100,-10,10
21944,114,119,-5,5
21945,101,106,-5,5
21946,180,180,0,0
21947,136,153,-17,17
21948,100,102,-2,2
21949,107,109,-2,2
21950,95,102,-7,7
21951,75,78,-3,3
21952,86,93,-7,7
21953,71,80,-9,9
21954,126,130,-4,4
21955,125,124,1,1
21956,162,158,4,4
21957,71,75,-4,4
21958,60,57,3,3
21959,118,126,-8,8
21960,104,83,21,21
21961,117,115,2,2
21962,144,137,7,7
21963,78,82,-4,4
21964,95,94,1,1
21965,157,149,8,8
21966,70,73,-3,3
21967,68,71,-3,3
21968,125,123,2,2
21969,111,92,19,19
21970,112,107,5,5
21971,118,109,9,9
21972,71,61,10,10
21973,126,117,9,9
21974,96,94,2,2
21975,59,73,-14,14
21976,82,91,-9,9
21977,101,109,-8,8
21978,80,85,-5,5
21979,61,60,1,1
21980,89,96,-7,7
21981,107,93,14,14
21982,55,58,-3,3
21983,99,99,0,0
21984,131,140,-9,9
21985,80,75,5,5
21986,110,94,16,16
21987,94,95,-1,1
21988,32,31,1,1
21989,105,107,-2,2
21990,103,109,-6,6
21991,152,159,-7,7
21992,136,124,12,12
21993,78,73,5,5
21994,68,64,4,4
21995,68,78,-10,10
21996,36,38,-2,2
21997,111,119,-8,8
21998,64,58,6,6
21999,70,72,-2,2
22000,89,87,2,2
22001,103,99,4,4
22002,79,80,-1,1
22003,175,179,-4,4
22004,103,111,-8,8
22005,84,80,4,4
22006,79,76,3,3
22007,93,99,-6,6
22008,124,124,0,0
22009,106,109,-3,3
22010,144,133,11,11
22011,100,100,0,0
22012,70,74,-4,4
22013,122,133,-11,11
22014,101,104,-3,3
22015,125,124,1,1
22016,94,88,6,6
22017,134,146,-12,12
22018,69,71,-2,2
22019,119,109,10,10
22020,106,101,5,5
22021,122,125,-3,3
22022,54,55,-1,1
22023,89,87,2,2
22024,76,93,-17,17
22025,86,86,0,0
22026,144,132,12,12
22027,93,82,11,11
22028,105,113,-8,8
22029,101,104,-3,3
22030,81,92,-11,11
22031,85,84,1,1
22032,157,141,16,16
22033,112,122,-10,10
22034,76,78,-2,2
22035,85,92,-7,7
22036,141,124,17,17
22037,87,92,-5,5
22038,71,80,-9,9
22039,104,111,-7,7
22040,73,78,-5,5
22041,143,138,5,5
22042,92,102,-10,10
22043,80,85,-5,5
22044,98,105,-7,7
22045,80,74,6,6
22046,54,59,-5,5
22047,134,148,-14,14
22048,70,67,3,3
22049,114,117,-3,3
22050,80,71,9,9
22051,90,85,5,5
22052,82,90,-8,8
22053,103,103,0,0
22054,82,79,3,3
22055,92,89,3,3
22056,82,82,0,0
22057,66,71,-5,5
22058,124,166,-42,42
22059,61,67,-6,6
22060,63,71,-8,8
22061,91,95,-4,4
22062,72,72,0,0
22063,54,64,-10,10
22064,87,84,3,3
22065,104,114,-10,10
22066,61,64,-3,3
22067,125,113,12,12
22068,129,136,-7,7
22069,33,44,-11,11
22070,97,101,-4,4
22071,73,89,-16,16
22072,154,143,11,11
22073,74,71,3,3
22074,125,128,-3,3
22075,54,55,-1,1
22076,68,75,-7,7
22077,91,87,4,4
22078,68,70,-2,2
22079,92,107,-15,15
22080,117,105,12,12
22081,98,111,-13,13
22082,124,113,11,11
22083,71,75,-4,4
22084,66,65,1,1
22085,37,46,-9,9
22086,108,106,2,2
22087,59,57,2,2
22088,84,84,0,0
22089,162,155,7,7
22090,108,114,-6,6
22091,120,116,4,4
22092,102,112,-10,10
22093,68,83,-15,15
22094,146,130,16,16
22095,116,120,-4,4
22096,66,72,-6,6
22097,67,71,-4,4
22098,46,56,-10,10
22099,92,84,8,8
22100,150,137,13,13
22101,58,52,6,6
22102,103,113,-10,10
22103,112,102,10,10
22104,90,102,-12,12
22105,98,97,1,1
22106,54,61,-7,7
22107,76,79,-3,3
22108,77,83,-6,6
22109,111,107,4,4
22110,118,124,-6,6
22111,125,123,2,2
22112,94,101,-7,7
22113,73,76,-3,3
22114,173,175,-2,2
22115,155,160,-5,5
22116,120,131,-11,11
22117,86,77,9,9
22118,115,112,3,3
22119,149,141,8,8
22120,68,87,-19,19
22121,130,115,15,15
22122,65,72,-7,7
22123,63,51,12,12
22124,39,41,-2,2
22125,82,77,5,5
22126,74,65,9,9
22127,57,71,-14,14
22128,105,114,-9,9
22129,106,108,-2,2
22130,126,152,-26,26
22131,113,110,3,3
22132,109,112,-3,3
22133,95,102,-7,7
22134,86,76,10,10
22135,99,97,2,2
22136,65,79,-14,14
22137,70,72,-2,2
22138,66,63,3,3
22139,45,45,0,0
22140,77,78,-1,1
22141,50,56,-6,6
22142,105,107,-2,2
22143,101,115,-14,14
22144,62,70,-8,8
22145,82,95,-13,13
22146,69,61,8,8
22147,122,141,-19,19
22148,147,145,2,2
22149,220,212,8,8
22150,69,71,-2,2
22151,93,89,4,4
22152,111,109,2,2
22153,152,155,-3,3
22154,124,129,-5,5
22155,43,42,1,1
22156,112,98,14,14
22157,83,82,1,1
22158,140,138,2,2
22159,110,113,-3,3
22160,71,81,-10,10
22161,96,113,-17,17
22162,148,153,-5,5
22163,53,43,10,10
22164,120,112,8,8
22165,188,194,-6,6
22166,29,40,-11,11
22167,117,117,0,0
22168,104,102,2,2
22169,81,77,4,4
22170,124,131,-7,7
22171,103,118,-15,15
22172,139,140,-1,1
22173,79,67,12,12
22174,133,126,7,7
22175,112,117,-5,5
22176,99,109,-10,10
22177,101,96,5,5
22178,75,66,9,9
22179,110,109,1,1
22180,121,122,-1,1
22181,110,113,-3,3
22182,68,82,-14,14
22183,99,95,4,4
22184,67,75,-8,8
22185,72,79,-7,7
22186,151,137,14,14
22187,87,95,-8,8
22188,83,86,-3,3
22189,58,72,-14,14
22190,56,56,0,0
22191,72,68,4,4
22192,91,87,4,4
22193,61,59,2,2
22194,95,81,14,14
22195,101,92,9,9
22196,98,92,6,6
22197,128,136,-8,8
22198,183,178,5,5
22199,68,73,-5,5
22200,97,96,1,1
22201,74,75,-1,1
22202,127,131,-4,4
22203,91,88,3,3
22204,95,92,3,3
22205,83,81,2,2
22206,130,130,0,0
22207,143,87,56,56
22208,68,74,-6,6
22209,72,71,1,1
22210,81,83,-2,2
22211,63,66,-3,3
22212,92,85,7,7
22213,70,83,-13,13
22214,114,122,-8,8
22215,119,106,13,13
22216,130,133,-3,3
22217,94,100,-6,6
22218,104,109,-5,5
22219,99,107,-8,8
22220,55,65,-10,10
22221,111,116,-5,5
22222,101,92,9,9
22223,86,85,1,1
22224,89,91,-2,2
22225,91,114,-23,23
22226,140,143,-3,3
22227,74,78,-4,4
22228,82,83,-1,1
22229,103,88,15,15
22230,104,93,11,11
22231,75,84,-9,9
22232,92,105,-13,13
22233,53,57,-4,4
22234,74,84,-10,10
22235,38,39,-1,1
22236,141,137,4,4
22237,91,101,-10,10
22238,97,91,6,6
22239,115,112,3,3
22240,141,145,-4,4
22241,72,80,-8,8
22242,87,91,-4,4
22243,114,117,-3,3
22244,96,89,7,7
22245,68,81,-13,13
22246,123,130,-7,7
22247,91,86,5,5
22248,91,84,7,7
22249,116,123,-7,7
22250,49,73,-24,24
22251,57,58,-1,1
22252,124,128,-4,4
22253,88,100,-12,12
22254,129,130,-1,1
22255,55,53,2,2
22256,188,175,13,13
22257,64,66,-2,2
22258,71,73,-2,2
22259,45,48,-3,3
22260,93,106,-13,13
22261,68,67,1,1
22262,161,176,-15,15
22263,69,81,-12,12
22264,113,118,-5,5
22265,74,87,-13,13
22266,58,61,-3,3
22267,149,155,-6,6
22268,49,50,-1,1
22269,96,95,1,1
22270,122,118,4,4
22271,92,82,10,10
22272,124,132,-8,8
22273,93,93,0,0
22274,149,155,-6,6
22275,179,173,6,6
22276,147,152,-5,5
22277,121,125,-4,4
22278,62,61,1,1
22279,50,50,0,0
22280,54,53,1,1
22281,104,99,5,5
22282,73,71,2,2
22283,101,105,-4,4
22284,71,78,-7,7
22285,90,89,1,1
22286,71,71,0,0
22287,72,75,-3,3
22288,61,86,-25,25
22289,65,62,3,3
22290,81,80,1,1
22291,37,50,-13,13
22292,65,72,-7,7
22293,128,125,3,3
22294,55,82,-27,27
22295,55,66,-11,11
22296,131,119,12,12
22297,67,59,8,8
22298,138,139,-1,1
22299,66,65,1,1
22300,62,62,0,0
22301,187,186,1,1
22302,127,120,7,7
22303,105,112,-7,7
22304,78,78,0,0
22305,94,93,1,1
22306,94,92,2,2
22307,108,111,-3,3
22308,135,131,4,4
22309,78,74,4,4
22310,87,90,-3,3
22311,59,58,1,1
22312,134,151,-17,17
22313,89,86,3,3
22314,79,83,-4,4
22315,27,42,-15,15
22316,74,63,11,11
22317,56,61,-5,5
22318,121,129,-8,8
22319,88,93,-5,5
22320,145,153,-8,8
22321,99,102,-3,3
22322,127,119,8,8
22323,85,85,0,0
22324,91,78,13,13
22325,184,194,-10,10
22326,76,74,2,2
22327,86,91,-5,5
22328,88,82,6,6
22329,156,154,2,2
22330,106,110,-4,4
22331,102,95,7,7
22332,106,105,1,1
22333,87,87,0,0
22334,60,66,-6,6
22335,82,80,2,2
22336,112,107,5,5
22337,118,124,-6,6
22338,75,66,9,9
22339,94,101,-7,7
22340,57,63,-6,6
22341,96,95,1,1
22342,67,66,1,1
22343,78,90,-12,12
22344,114,105,9,9
22345,70,70,0,0
22346,60,63,-3,3
22347,91,90,1,1
22348,86,79,7,7
22349,84,85,-1,1
22350,75,74,1,1
22351,133,143,-10,10
22352,193,179,14,14
22353,68,71,-3,3
22354,139,139,0,0
22355,57,76,-19,19
22356,110,115,-5,5
22357,83,94,-11,11
22358,159,138,21,21
22359,110,109,1,1
22360,150,138,12,12
22361,95,106,-11,11
22362,139,130,9,9
22363,72,66,6,6
22364,147,138,9,9
22365,89,83,6,6
22366,136,135,1,1
22367,47,44,3,3
22368,158,161,-3,3
22369,111,120,-9,9
22370,99,92,7,7
22371,112,111,1,1
22372,82,88,-6,6
22373,38,40,-2,2
22374,82,78,4,4
22375,80,83,-3,3
22376,119,108,11,11
22377,68,75,-7,7
22378,117,118,-1,1
22379,76,74,2,2
22380,94,95,-1,1
22381,68,71,-3,3
22382,49,45,4,4
22383,59,60,-1,1
22384,135,145,-10,10
22385,111,114,-3,3
22386,102,93,9,9
22387,118,124,-6,6
22388,90,88,2,2
22389,62,66,-4,4
22390,104,99,5,5
22391,120,116,4,4
22392,105,109,-4,4
22393,131,130,1,1
22394,103,115,-12,12
22395,117,115,2,2
22396,92,90,2,2
22397,70,72,-2,2
22398,108,113,-5,5
22399,71,69,2,2
22400,58,65,-7,7
22401,91,75,16,16
22402,98,92,6,6
22403,40,49,-9,9
22404,92,83,9,9
22405,100,104,-4,4
22406,138,148,-10,10
22407,132,121,11,11
22408,101,108,-7,7
22409,71,78,-7,7
22410,86,83,3,3
22411,107,105,2,2
22412,85,84,1,1
22413,68,72,-4,4
22414,80,80,0,0
22415,125,123,2,2
22416,99,92,7,7
22417,122,119,3,3
22418,190,175,15,15
22419,109,94,15,15
22420,83,73,10,10
22421,121,146,-25,25
22422,79,92,-13,13
22423,142,160,-18,18
22424,63,63,0,0
22425,66,66,0,0
22426,114,101,13,13
22427,80,77,3,3
22428,72,71,1,1
22429,190,190,0,0
22430,91,90,1,1
22431,152,147,5,5
22432,74,63,11,11
22433,88,91,-3,3
22434,181,190,-9,9
22435,118,120,-2,2
22436,131,128,3,3
22437,64,110,-46,46
22438,86,86,0,0
22439,74,85,-11,11
22440,79,79,0,0
22441,99,100,-1,1
22442,169,171,-2,2
22443,68,60,8,8
22444,79,75,4,4
22445,181,167,14,14
22446,119,113,6,6
22447,120,116,4,4
22448,67,76,-9,9
22449,67,77,-10,10
22450,76,73,3,3
22451,87,84,3,3
22452,91,104,-13,13
22453,161,153,8,8
22454,58,59,-1,1
22455,57,60,-3,3
22456,95,97,-2,2
22457,63,69,-6,6
22458,64,64,0,0
22459,55,60,-5,5
22460,136,151,-15,15
22461,107,109,-2,2
22462,83,92,-9,9
22463,52,61,-9,9
22464,127,143,-16,16
22465,90,94,-4,4
22466,141,135,6,6
22467,87,95,-8,8
22468,99,101,-2,2
22469,67,66,1,1
22470,79,79,0,0
22471,102,103,-1,1
22472,168,177,-9,9
22473,154,156,-2,2
22474,118,120,-2,2
22475,68,80,-12,12
22476,109,112,-3,3
22477,41,45,-4,4
22478,65,71,-6,6
22479,108,105,3,3
22480,26,35,-9,9
22481,99,110,-11,11
22482,137,139,-2,2
22483,180,181,-1,1
22484,223,191,32,32
22485,103,106,-3,3
22486,91,92,-1,1
22487,120,114,6,6
22488,73,72,1,1
22489,69,77,-8,8
22490,76,78,-2,2
22491,73,63,10,10
22492,41,41,0,0
22493,143,152,-9,9
22494,121,138,-17,17
22495,97,110,-13,13
22496,86,93,-7,7
22497,80,85,-5,5
22498,105,118,-13,13
22499,111,97,14,14
22500,133,143,-10,10
22501,120,119,1,1
22502,156,169,-13,13
22503,100,108,-8,8
22504,41,45,-4,4
22505,94,103,-9,9
22506,59,58,1,1
22507,71,71,0,0
22508,68,71,-3,3
22509,102,94,8,8
22510,134,132,2,2
22511,60,54,6,6
22512,169,146,23,23
22513,80,82,-2,2
22514,126,153,-27,27
22515,146,137,9,9
22516,128,139,-11,11
22517,67,63,4,4
22518,92,102,-10,10
22519,72,74,-2,2
22520,79,80,-1,1
22521,102,95,7,7
22522,62,64,-2,2
22523,59,62,-3,3
22524,116,106,10,10
22525,96,94,2,2
22526,86,88,-2,2
22527,68,77,-9,9
22528,90,94,-4,4
22529,90,80,10,10
22530,141,135,6,6
22531,109,112,-3,3
22532,51,72,-21,21
22533,107,101,6,6
22534,130,127,3,3
22535,103,105,-2,2
22536,49,59,-10,10
22537,106,97,9,9
22538,87,90,-3,3
22539,68,66,2,2
22540,88,90,-2,2
22541,79,87,-8,8
22542,104,96,8,8
22543,94,92,2,2
22544,123,118,5,5
22545,98,90,8,8
22546,123,122,1,1
22547,104,108,-4,4
22548,60,70,-10,10
22549,70,76,-6,6
22550,89,86,3,3
22551,122,113,9,9
22552,55,55,0,0
22553,141,135,6,6
22554,80,80,0,0
22555,97,100,-3,3
22556,126,116,10,10
22557,73,79,-6,6
22558,63,74,-11,11
22559,151,139,12,12
22560,109,107,2,2
22561,161,162,-1,1
22562,80,80,0,0
22563,126,115,11,11
22564,89,87,2,2
22565,95,88,7,7
22566,163,149,14,14
22567,121,113,8,8
22568,80,82,-2,2
22569,79,68,11,11
22570,94,90,4,4
22571,143,137,6,6
22572,95,93,2,2
22573,108,109,-1,1
22574,94,101,-7,7
22575,102,97,5,5
22576,84,89,-5,5
22577,80,78,2,2
22578,135,131,4,4
22579,98,85,13,13
22580,113,120,-7,7
22581,85,107,-22,22
22582,97,94,3,3
22583,67,65,2,2
22584,135,133,2,2
22585,31,34,-3,3
22586,154,159,-5,5
22587,136,138,-2,2
22588,35,37,-2,2
22589,145,139,6,6
22590,76,72,4,4
22591,89,95,-6,6
22592,84,95,-11,11
22593,82,98,-16,16
22594,76,75,1,1
22595,88,92,-4,4
22596,85,78,7,7
22597,109,120,-11,11
22598,165,163,2,2
22599,88,99,-11,11
22600,54,58,-4,4
22601,93,83,10,10
22602,66,66,0,0
22603,75,78,-3,3
22604,55,57,-2,2
22605,72,76,-4,4
22606,113,113,0,0
22607,127,126,1,1
22608,53,50,3,3
22609,94,97,-3,3
22610,90,91,-1,1
22611,65,74,-9,9
22612,60,70,-10,10
22613,59,48,11,11
22614,107,105,2,2
22615,93,107,-14,14
22616,128,121,7,7
22617,55,60,-5,5
22618,93,94,-1,1
22619,79,76,3,3
22620,148,138,10,10
22621,129,128,1,1
22622,51,61,-10,10
22623,92,96,-4,4
22624,93,113,-20,20
22625,114,123,-9,9
22626,72,74,-2,2
22627,92,101,-9,9
22628,81,78,3,3
22629,69,80,-11,11
22630,93,88,5,5
22631,189,188,1,1
22632,71,73,-2,2
22633,87,87,0,0
22634,48,90,-42,42
22635,94,92,2,2
22636,116,135,-19,19
22637,62,69,-7,7
22638,240,226,14,14
22639,104,102,2,2
22640,80,87,-7,7
22641,66,57,9,9
22642,100,96,4,4
22643,133,132,1,1
22644,103,100,3,3
22645,137,144,-7,7
22646,165,155,10,10
22647,125,124,1,1
22648,86,81,5,5
22649,95,92,3,3
22650,103,117,-14,14
22651,140,126,14,14
22652,95,101,-6,6
22653,68,75,-7,7
22654,52,55,-3,3
22655,77,75,2,2
22656,121,116,5,5
22657,107,111,-4,4
22658,98,97,1,1
22659,100,98,2,2
22660,81,82,-1,1
22661,46,46,0,0
22662,162,166,-4,4
22663,136,134,2,2
22664,85,91,-6,6
22665,83,75,8,8
22666,135,127,8,8
22667,39,38,1,1
22668,61,63,-2,2
22669,73,63,10,10
22670,87,78,9,9
22671,76,80,-4,4
22672,84,102,-18,18
22673,94,85,9,9
22674,163,172,-9,9
22675,80,88,-8,8
22676,86,105,-19,19
22677,152,143,9,9
22678,100,111,-11,11
22679,75,72,3,3
22680,92,90,2,2
22681,84,84,0,0
22682,144,140,4,4
22683,69,67,2,2
22684,109,115,-6,6
22685,109,98,11,11
22686,88,73,15,15
22687,67,70,-3,3
22688,115,111,4,4
22689,125,135,-10,10
22690,95,100,-5,5
22691,87,85,2,2
22692,98,96,2,2
22693,83,98,-15,15
22694,101,101,0,0
22695,51,46,5,5
22696,108,107,1,1
22697,136,141,-5,5
22698,208,218,-10,10
22699,121,120,1,1
22700,84,80,4,4
22701,86,82,4,4
22702,148,157,-9,9
22703,110,118,-8,8
22704,117,118,-1,1
22705,96,98,-2,2
22706,69,67,2,2
22707,137,136,1,1
22708,66,61,5,5
22709,89,76,13,13
22710,44,50,-6,6
22711,136,130,6,6
22712,128,117,11,11
22713,73,73,0,0
22714,155,162,-7,7
22715,89,73,16,16
22716,87,75,12,12
22717,147,141,6,6
22718,64,63,1,1
22719,37,38,-1,1
22720,122,121,1,1
22721,44,48,-4,4
22722,126,128,-2,2
22723,60,70,-10,10
22724,148,148,0,0
22725,134,133,1,1
22726,87,78,9,9
22727,135,145,-10,10
22728,90,89,1,1
22729,60,58,2,2
22730,86,76,10,10
22731,150,155,-5,5
22732,59,71,-12,12
22733,111,100,11,11
22734,54,53,1,1
22735,158,144,14,14
22736,135,120,15,15
22737,32,44,-12,12
22738,63,63,0,0
22739,117,99,18,18
22740,83,89,-6,6
22741,54,60,-6,6
22742,151,151,0,0
22743,64,66,-2,2
22744,44,47,-3,3
22745,138,136,2,2
22746,48,59,-11,11
22747,123,116,7,7
22748,97,102,-5,5
22749,59,61,-2,2
22750,96,97,-1,1
22751,19,37,-18,18
22752,112,113,-1,1
22753,131,146,-15,15
22754,153,160,-7,7
22755,100,103,-3,3
22756,183,184,-1,1
22757,121,116,5,5
22758,129,128,1,1
22759,93,107,-14,14
22760,89,94,-5,5
22761,92,93,-1,1
22762,81,106,-25,25
22763,133,128,5,5
22764,77,83,-6,6
22765,63,64,-1,1
22766,66,62,4,4
22767,74,82,-8,8
22768,150,157,-7,7
22769,76,86,-10,10
22770,68,61,7,7
22771,73,71,2,2
22772,93,91,2,2
22773,90,78,12,12
22774,81,97,-16,16
22775,59,54,5,5
22776,160,146,14,14
22777,47,46,1,1
22778,109,137,-28,28
22779,133,130,3,3
22780,114,121,-7,7
22781,89,81,8,8
22782,86,82,4,4
22783,95,85,10,10
22784,149,160,-11,11
22785,86,82,4,4
22786,112,115,-3,3
22787,61,108,-47,47
22788,32,39,-7,7
22789,141,143,-2,2
22790,106,102,4,4
22791,62,67,-5,5
22792,98,98,0,0
22793,169,144,25,25
22794,75,90,-15,15
22795,113,111,2,2
22796,69,72,-3,3
22797,54,59,-5,5
22798,72,79,-7,7
22799,140,151,-11,11
22800,86,91,-5,5
22801,106,104,2,2
22802,81,79,2,2
22803,109,101,8,8
22804,120,108,12,12
22805,103,92,11,11
22806,201,183,18,18
22807,115,136,-21,21
22808,94,79,15,15
22809,110,126,-16,16
22810,90,91,-1,1
22811,117,111,6,6
22812,80,74,6,6
22813,136,133,3,3
22814,95,100,-5,5
22815,121,109,12,12
22816,38,41,-3,3
22817,100,91,9,9
22818,83,89,-6,6
22819,102,103,-1,1
22820,100,99,1,1
22821,67,71,-4,4
22822,88,122,-34,34
22823,68,65,3,3
22824,145,148,-3,3
22825,86,83,3,3
22826,107,100,7,7
22827,85,100,-15,15
22828,102,108,-6,6
22829,132,134,-2,2
22830,61,60,1,1
22831,70,64,6,6
22832,91,94,-3,3
22833,139,142,-3,3
22834,51,51,0,0
22835,39,41,-2,2
22836,100,88,12,12
22837,93,95,-2,2
22838,89,97,-8,8
22839,92,100,-8,8
22840,35,38,-3,3
22841,93,86,7,7
22842,64,75,-11,11
22843,62,56,6,6
22844,102,85,17,17
22845,101,102,-1,1
22846,93,94,-1,1
22847,63,62,1,1
22848,88,87,1,1
22849,80,83,-3,3
22850,134,103,31,31
22851,77,77,0,0
22852,73,76,-3,3
22853,57,61,-4,4
22854,118,90,28,28
22855,134,141,-7,7
22856,127,127,0,0
22857,88,88,0,0
22858,91,88,3,3
22859,110,112,-2,2
22860,46,47,-1,1
22861,105,106,-1,1
22862,103,112,-9,9
22863,108,101,7,7
22864,93,103,-10,10
22865,75,82,-7,7
22866,131,133,-2,2
22867,130,135,-5,5
22868,89,90,-1,1
22869,49,105,-56,56
22870,120,125,-5,5
22871,151,165,-14,14
22872,92,90,2,2
22873,77,84,-7,7
22874,126,135,-9,9
22875,100,103,-3,3
22876,54,57,-3,3
22877,110,103,7,7
22878,133,135,-2,2
22879,119,126,-7,7
22880,126,119,7,7
22881,42,44,-2,2
22882,63,66,-3,3
22883,170,174,-4,4
22884,68,82,-14,14
22885,114,112,2,2
22886,115,112,3,3
22887,64,71,-7,7
22888,90,91,-1,1
22889,126,116,10,10
22890,72,88,-16,16
22891,116,141,-25,25
22892,151,161,-10,10
22893,98,84,14,14
22894,135,130,5,5
22895,132,123,9,9
22896,166,156,10,10
22897,109,107,2,2
22898,73,70,3,3
22899,43,47,-4,4
22900,60,60,0,0
22901,95,101,-6,6
22902,185,176,9,9
22903,116,118,-2,2
22904,120,122,-2,2
22905,117,113,4,4
22906,80,87,-7,7
22907,54,58,-4,4
22908,94,96,-2,2
22909,104,110,-6,6
22910,167,180,-13,13
22911,183,184,-1,1
22912,125,133,-8,8
22913,67,66,1,1
22914,127,116,11,11
22915,108,108,0,0
22916,110,109,1,1
22917,72,73,-1,1
22918,76,77,-1,1
22919,60,57,3,3
22920,127,115,12,12
22921,60,56,4,4
22922,117,116,1,1
22923,62,64,-2,2
22924,98,91,7,7
22925,64,65,-1,1
22926,90,87,3,3
22927,155,158,-3,3
22928,69,69,0,0
22929,91,85,6,6
22930,91,84,7,7
22931,97,93,4,4
22932,116,109,7,7
22933,100,102,-2,2
22934,81,84,-3,3
22935,77,76,1,1
22936,46,42,4,4
22937,86,99,-13,13
22938,98,92,6,6
22939,128,103,25,25
22940,53,55,-2,2
22941,86,87,-1,1
22942,106,110,-4,4
22943,118,116,2,2
22944,132,138,-6,6
22945,179,186,-7,7
22946,72,71,1,1
22947,57,57,0,0
22948,159,157,2,2
22949,56,62,-6,6
22950,90,101,-11,11
22951,84,87,-3,3
22952,120,127,-7,7
22953,99,88,11,11
22954,121,113,8,8
22955,96,100,-4,4
22956,46,56,-10,10
22957,84,92,-8,8
22958,79,81,-2,2
22959,165,160,5,5
22960,72,75,-3,3
22961,75,75,0,0
22962,116,119,-3,3
22963,117,126,-9,9
22964,95,89,6,6
22965,138,149,-11,11
22966,64,66,-2,2
22967,70,73,-3,3
22968,51,52,-1,1
22969,74,83,-9,9
22970,105,105,0,0
22971,137,139,-2,2
22972,93,91,2,2
22973,72,78,-6,6
22974,83,77,6,6
22975,113,108,5,5
22976,97,95,2,2
22977,76,76,0,0
22978,65,63,2,2
22979,159,154,5,5
22980,72,72,0,0
22981,127,119,8,8
22982,94,92,2,2
22983,83,83,0,0
22984,84,90,-6,6
22985,60,62,-2,2
22986,100,107,-7,7
22987,108,110,-2,2
22988,118,117,1,1
22989,76,76,0,0
22990,87,77,10,10
22991,50,53,-3,3
22992,38,41,-3,3
22993,146,132,14,14
22994,114,113,1,1
22995,52,52,0,0
22996,84,89,-5,5
22997,122,130,-8,8
22998,102,98,4,4
22999,181,174,7,7
23000,98,90,8,8
23001,39,46,-7,7
23002,84,72,12,12
23003,145,117,28,28
23004,124,130,-6,6
23005,110,120,-10,10
23006,57,60,-3,3
23007,88,87,1,1
23008,64,63,1,1
23009,195,190,5,5
23010,131,140,-9,9
23011,124,125,-1,1
23012,79,98,-19,19
23013,66,64,2,2
23014,100,109,-9,9
23015,82,78,4,4
23016,81,86,-5,5
23017,85,81,4,4
23018,192,196,-4,4
23019,112,114,-2,2
23020,166,161,5,5
23021,101,100,1,1
23022,82,74,8,8
23023,89,76,13,13
23024,94,86,8,8
23025,79,89,-10,10
23026,108,118,-10,10
23027,117,112,5,5
23028,123,119,4,4
23029,81,79,2,2
23030,87,81,6,6
23031,66,65,1,1
23032,35,40,-5,5
23033,102,95,7,7
23034,145,137,8,8
23035,62,61,1,1
23036,121,115,6,6
23037,69,71,-2,2
23038,142,135,7,7
23039,74,67,7,7
23040,92,88,4,4
23041,63,59,4,4
23042,71,76,-5,5
23043,148,135,13,13
23044,72,80,-8,8
23045,75,77,-2,2
23046,118,122,-4,4
23047,103,111,-8,8
23048,136,124,12,12
23049,126,133,-7,7
23050,93,102,-9,9
23051,101,104,-3,3
23052,133,127,6,6
23053,83,89,-6,6
23054,91,94,-3,3
23055,52,48,4,4
23056,100,100,0,0
23057,88,86,2,2
23058,80,88,-8,8
23059,83,92,-9,9
23060,90,88,2,2
23061,69,98,-29,29
23062,85,77,8,8
23063,107,98,9,9
23064,103,97,6,6
23065,60,62,-2,2
23066,152,156,-4,4
23067,40,43,-3,3
23068,87,85,2,2
23069,78,73,5,5
23070,145,149,-4,4
23071,47,50,-3,3
23072,139,127,12,12
23073,94,89,5,5
23074,138,158,-20,20
23075,115,103,12,12
23076,94,97,-3,3
23077,106,107,-1,1
23078,85,82,3,3
23079,82,79,3,3
23080,61,60,1,1
23081,160,154,6,6
23082,157,169,-12,12
23083,87,93,-6,6
23084,135,126,9,9
23085,120,117,3,3
23086,104,101,3,3
23087,165,149,16,16
23088,88,88,0,0
23089,67,73,-6,6
23090,87,82,5,5
23091,66,72,-6,6
23092,74,72,2,2
23093,76,78,-2,2
23094,62,64,-2,2
23095,79,80,-1,1
23096,91,92,-1,1
23097,70,64,6,6
23098,148,138,10,10
23099,135,124,11,11
23100,74,82,-8,8
23101,78,77,1,1
23102,93,96,-3,3
23103,124,124,0,0
23104,129,136,-7,7
23105,98,92,6,6
23106,72,71,1,1
23107,53,61,-8,8
23108,138,138,0,0
23109,184,165,19,19
23110,85,86,-1,1
23111,82,87,-5,5
23112,105,116,-11,11
23113,99,97,2,2
23114,65,68,-3,3
23115,73,67,6,6
23116,66,62,4,4
23117,102,105,-3,3
23118,85,78,7,7
23119,188,197,-9,9
23120,81,226,-145,145
23121,124,121,3,3
23122,59,62,-3,3
23123,108,106,2,2
23124,92,97,-5,5
23125,100,97,3,3
23126,105,104,1,1
23127,93,94,-1,1
23128,155,154,1,1
23129,71,69,2,2
23130,65,57,8,8
23131,94,92,2,2
23132,122,129,-7,7
23133,70,72,-2,2
23134,65,66,-1,1
23135,160,157,3,3
23136,115,119,-4,4
23137,134,138,-4,4
23138,101,107,-6,6
23139,105,104,1,1
23140,93,97,-4,4
23141,94,86,8,8
23142,82,77,5,5
23143,90,87,3,3
23144,78,70,8,8
23145,145,143,2,2
23146,120,120,0,0
23147,94,97,-3,3
23148,95,87,8,8
23149,115,135,-20,20
23150,49,49,0,0
23151,134,139,-5,5
23152,88,84,4,4
23153,82,86,-4,4
23154,67,62,5,5
23155,71,63,8,8
23156,56,67,-11,11
23157,88,84,4,4
23158,34,40,-6,6
23159,62,76,-14,14
23160,82,84,-2,2
23161,111,121,-10,10
23162,48,49,-1,1
23163,102,107,-5,5
23164,143,138,5,5
23165,47,51,-4,4
23166,76,74,2,2
23167,119,121,-2,2
23168,64,63,1,1
23169,72,67,5,5
23170,141,139,2,2
23171,64,57,7,7
23172,127,117,10,10
23173,72,73,-1,1
23174,111,110,1,1
23175,104,88,16,16
23176,77,84,-7,7
23177,133,144,-11,11
23178,113,110,3,3
23179,110,112,-2,2
23180,89,86,3,3
23181,125,127,-2,2
23182,127,115,12,12
23183,68,61,7,7
23184,99,107,-8,8
23185,86,92,-6,6
23186,111,111,0,0
23187,118,108,10,10
23188,74,79,-5,5
23189,132,125,7,7
23190,99,92,7,7
23191,139,142,-3,3
23192,107,108,-1,1
23193,70,76,-6,6
23194,77,71,6,6
23195,101,107,-6,6
23196,103,106,-3,3
23197,86,91,-5,5
23198,104,93,11,11
23199,100,109,-9,9
23200,150,145,5,5
23201,69,70,-1,1
23202,129,127,2,2
23203,162,168,-6,6
23204,111,124,-13,13
23205,133,131,2,2
23206,87,83,4,4
23207,74,84,-10,10
23208,95,104,-9,9
23209,110,124,-14,14
23210,124,127,-3,3
23211,155,150,5,5
23212,74,62,12,12
23213,80,77,3,3
23214,90,86,4,4
23215,100,102,-2,2
23216,112,101,11,11
23217,81,70,11,11
23218,73,81,-8,8
23219,122,122,0,0
23220,130,126,4,4
23221,129,124,5,5
23222,123,118,5,5
23223,84,88,-4,4
23224,63,65,-2,2
23225,144,135,9,9
23226,91,162,-71,71
23227,66,77,-11,11
23228,95,94,1,1
23229,129,128,1,1
23230,75,73,2,2
23231,152,187,-35,35
23232,119,89,30,30
23233,107,111,-4,4
23234,184,178,6,6
23235,84,87,-3,3
23236,123,122,1,1
23237,167,150,17,17
23238,59,53,6,6
23239,68,74,-6,6
23240,119,103,16,16
23241,77,69,8,8
23242,70,79,-9,9
23243,79,73,6,6
23244,114,121,-7,7
23245,75,74,1,1
23246,64,55,9,9
23247,127,118,9,9
23248,52,57,-5,5
23249,67,60,7,7
23250,73,78,-5,5
23251,85,78,7,7
23252,63,65,-2,2
23253,88,81,7,7
23254,89,104,-15,15
23255,133,115,18,18
23256,82,84,-2,2
23257,115,108,7,7
23258,97,102,-5,5
23259,81,95,-14,14
23260,102,96,6,6
23261,68,60,8,8
23262,64,61,3,3
23263,70,72,-2,2
23264,73,76,-3,3
23265,59,65,-6,6
23266,136,135,1,1
23267,103,110,-7,7
23268,137,122,15,15
23269,73,74,-1,1
23270,83,84,-1,1
23271,95,88,7,7
23272,138,126,12,12
23273,86,80,6,6
23274,66,86,-20,20
23275,134,177,-43,43
23276,116,111,5,5
23277,70,72,-2,2
23278,118,117,1,1
23279,131,127,4,4
23280,40,61,-21,21
23281,82,81,1,1
23282,78,78,0,0
23283,97,88,9,9
23284,89,97,-8,8
23285,133,128,5,5
23286,76,73,3,3
23287,152,139,13,13
23288,92,89,3,3
23289,62,64,-2,2
23290,179,160,19,19
23291,127,117,10,10
23292,115,112,3,3
23293,54,65,-11,11
23294,136,122,14,14
23295,76,83,-7,7
23296,62,67,-5,5
23297,78,78,0,0
23298,182,171,11,11
23299,67,64,3,3
23300,110,101,9,9
23301,92,82,10,10
23302,150,139,11,11
23303,122,131,-9,9
23304,62,71,-9,9
23305,109,104,5,5
23306,123,116,7,7
23307,107,110,-3,3
23308,50,58,-8,8
23309,62,65,-3,3
23310,115,115,0,0
23311,41,48,-7,7
23312,106,106,0,0
23313,58,60,-2,2
23314,67,63,4,4
23315,64,61,3,3
23316,71,92,-21,21
23317,83,88,-5,5
23318,157,179,-22,22
23319,90,93,-3,3
23320,100,113,-13,13
23321,92,98,-6,6
23322,87,103,-16,16
23323,76,92,-16,16
23324,101,108,-7,7
23325,56,51,5,5
23326,65,67,-2,2
23327,70,72,-2,2
23328,57,59,-2,2
23329,112,146,-34,34
23330,50,68,-18,18
23331,47,56,-9,9
23332,140,160,-20,20
23333,51,50,1,1
23334,61,73,-12,12
23335,78,77,1,1
23336,70,64,6,6
23337,98,90,8,8
23338,152,144,8,8
23339,99,103,-4,4
23340,93,98,-5,5
23341,90,89,1,1
23342,51,53,-2,2
23343,94,88,6,6
23344,82,88,-6,6
23345,137,137,0,0
23346,85,89,-4,4
23347,131,141,-10,10
23348,110,104,6,6
23349,70,67,3,3
23350,99,108,-9,9
23351,146,137,9,9
23352,37,45,-8,8
23353,94,89,5,5
23354,124,124,0,0
23355,91,107,-16,16
23356,85,88,-3,3
23357,58,64,-6,6
23358,78,87,-9,9
23359,62,64,-2,2
23360,51,55,-4,4
23361,85,92,-7,7
23362,64,66,-2,2
23363,108,119,-11,11
23364,89,93,-4,4
23365,120,121,-1,1
23366,131,120,11,11
23367,50,55,-5,5
23368,109,107,2,2
23369,82,80,2,2
23370,115,111,4,4
23371,121,116,5,5
23372,193,189,4,4
23373,66,71,-5,5
23374,125,118,7,7
23375,64,64,0,0
23376,105,98,7,7
23377,47,53,-6,6
23378,57,71,-14,14
23379,105,99,6,6
23380,124,127,-3,3
23381,90,101,-11,11
23382,126,116,10,10
23383,89,99,-10,10
23384,122,116,6,6
23385,116,116,0,0
23386,80,72,8,8
23387,92,88,4,4
23388,62,86,-24,24
23389,144,149,-5,5
23390,45,54,-9,9
23391,139,142,-3,3
23392,117,112,5,5
23393,99,105,-6,6
23394,98,97,1,1
23395,87,90,-3,3
23396,171,153,18,18
23397,127,108,19,19
23398,114,112,2,2
23399,100,106,-6,6
23400,71,82,-11,11
23401,143,131,12,12
23402,84,78,6,6
23403,89,84,5,5
23404,85,85,0,0
23405,69,70,-1,1
23406,145,159,-14,14
23407,115,118,-3,3
23408,116,121,-5,5
23409,114,119,-5,5
23410,58,53,5,5
23411,79,77,2,2
23412,73,73,0,0
23413,114,123,-9,9
23414,140,147,-7,7
23415,92,102,-10,10
23416,111,114,-3,3
23417,131,141,-10,10
23418,76,80,-4,4
23419,94,97,-3,3
23420,91,100,-9,9
23421,76,74,2,2
23422,115,109,6,6
23423,65,62,3,3
23424,113,121,-8,8
23425,85,92,-7,7
23426,214,231,-17,17
23427,211,206,5,5
23428,41,44,-3,3
23429,78,76,2,2
23430,161,159,2,2
23431,79,72,7,7
23432,51,59,-8,8
23433,103,111,-8,8
23434,73,77,-4,4
23435,55,60,-5,5
23436,136,122,14,14
23437,131,137,-6,6
23438,77,80,-3,3
23439,80,76,4,4
23440,110,110,0,0
23441,54,57,-3,3
23442,111,117,-6,6
23443,84,87,-3,3
23444,70,66,4,4
23445,70,65,5,5
23446,106,104,2,2
23447,97,100,-3,3
23448,100,94,6,6
23449,135,138,-3,3
23450,86,86,0,0
23451,42,39,3,3
23452,132,141,-9,9
23453,73,74,-1,1
23454,125,127,-2,2
23455,83,85,-2,2
23456,125,127,-2,2
23457,120,120,0,0
23458,110,108,2,2
23459,197,186,11,11
23460,111,107,4,4
23461,86,94,-8,8
23462,76,72,4,4
23463,150,145,5,5
23464,115,120,-5,5
23465,89,97,-8,8
23466,176,180,-4,4
23467,64,71,-7,7
23468,120,115,5,5
23469,121,118,3,3
23470,64,74,-10,10
23471,49,67,-18,18
23472,70,64,6,6
23473,112,110,2,2
23474,89,93,-4,4
23475,107,107,0,0
23476,155,159,-4,4
23477,73,78,-5,5
23478,129,138,-9,9
23479,161,154,7,7
23480,89,89,0,0
23481,113,113,0,0
23482,99,91,8,8
23483,127,131,-4,4
23484,115,118,-3,3
23485,78,76,2,2
23486,155,172,-17,17
23487,54,52,2,2
23488,89,88,1,1
23489,115,113,2,2
23490,82,82,0,0
23491,165,161,4,4
23492,90,87,3,3
23493,87,90,-3,3
23494,115,109,6,6
23495,70,72,-2,2
23496,85,77,8,8
23497,101,101,0,0
23498,118,132,-14,14
23499,135,118,17,17
23500,74,75,-1,1
23501,108,119,-11,11
23502,134,134,0,0
23503,109,109,0,0
23504,77,76,1,1
23505,71,66,5,5
23506,78,72,6,6
23507,125,112,13,13
23508,90,90,0,0
23509,47,42,5,5
23510,89,87,2,2
23511,102,95,7,7
23512,94,94,0,0
23513,137,140,-3,3
23514,110,104,6,6
23515,100,101,-1,1
23516,125,118,7,7
23517,57,91,-34,34
23518,120,122,-2,2
23519,149,144,5,5
23520,69,75,-6,6
23521,91,98,-7,7
23522,69,71,-2,2
23523,143,136,7,7
23524,112,106,6,6
23525,108,99,9,9
23526,83,92,-9,9
23527,102,107,-5,5
23528,55,52,3,3
23529,101,99,2,2
23530,39,48,-9,9
23531,173,178,-5,5
23532,98,94,4,4
23533,136,133,3,3
23534,62,64,-2,2
23535,188,162,26,26
23536,98,99,-1,1
23537,132,126,6,6
23538,89,102,-13,13
23539,106,110,-4,4
23540,101,110,-9,9
23541,150,138,12,12
23542,194,184,10,10
23543,108,113,-5,5
23544,78,91,-13,13
23545,70,68,2,2
23546,93,104,-11,11
23547,65,73,-8,8
23548,113,106,7,7
23549,129,125,4,4
23550,94,97,-3,3
23551,108,105,3,3
23552,90,96,-6,6
23553,68,71,-3,3
23554,98,103,-5,5
23555,96,114,-18,18
23556,85,97,-12,12
23557,137,148,-11,11
23558,112,115,-3,3
23559,168,162,6,6
23560,87,96,-9,9
23561,134,129,5,5
23562,75,83,-8,8
23563,135,129,6,6
23564,81,80,1,1
23565,96,106,-10,10
23566,91,97,-6,6
23567,104,92,12,12
23568,105,100,5,5
23569,56,57,-1,1
23570,111,106,5,5
23571,56,67,-11,11
23572,62,63,-1,1
23573,103,104,-1,1
23574,144,149,-5,5
23575,101,99,2,2
23576,79,76,3,3
23577,102,95,7,7
23578,121,125,-4,4
23579,140,140,0,0
23580,135,136,-1,1
23581,80,76,4,4
23582,51,59,-8,8
23583,152,135,17,17
23584,94,95,-1,1
23585,52,46,6,6
23586,78,82,-4,4
23587,82,85,-3,3
23588,75,72,3,3
23589,117,116,1,1
23590,136,135,1,1
23591,92,92,0,0
23592,55,50,5,5
23593,126,119,7,7
23594,55,60,-5,5
23595,43,43,0,0
23596,83,90,-7,7
23597,116,130,-14,14
23598,113,116,-3,3
23599,60,63,-3,3
23600,100,107,-7,7
23601,100,109,-9,9
23602,113,110,3,3
23603,123,146,-23,23
23604,69,72,-3,3
23605,113,133,-20,20
23606,71,76,-5,5
23607,132,126,6,6
23608,151,150,1,1
23609,57,56,1,1
23610,105,107,-2,2
23611,188,181,7,7
23612,79,77,2,2
23613,151,150,1,1
23614,137,144,-7,7
23615,42,65,-23,23
23616,144,144,0,0
23617,41,48,-7,7
23618,82,84,-2,2
23619,91,85,6,6
23620,65,70,-5,5
23621,65,65,0,0
23622,103,106,-3,3
23623,116,114,2,2
23624,149,152,-3,3
23625,202,191,11,11
23626,61,62,-1,1
23627,78,81,-3,3
23628,154,144,10,10
23629,87,92,-5,5
23630,93,87,6,6
23631,134,135,-1,1
23632,116,123,-7,7
23633,124,132,-8,8
23634,148,146,2,2
23635,140,145,-5,5
23636,69,64,5,5
23637,107,111,-4,4
23638,99,97,2,2
23639,137,130,7,7
23640,165,146,19,19
23641,102,94,8,8
23642,116,113,3,3
23643,95,77,18,18
23644,86,107,-21,21
23645,88,99,-11,11
23646,108,106,2,2
23647,153,159,-6,6
23648,69,66,3,3
23649,76,73,3,3
23650,103,104,-1,1
23651,79,90,-11,11
23652,129,117,12,12
23653,87,87,0,0
23654,67,71,-4,4
23655,81,81,0,0
23656,118,117,1,1
23657,69,64,5,5
23658,63,72,-9,9
23659,77,78,-1,1
23660,113,111,2,2
23661,143,143,0,0
23662,57,60,-3,3
23663,86,87,-1,1
23664,36,56,-20,20
23665,128,112,16,16
23666,111,109,2,2
23667,68,72,-4,4
23668,60,71,-11,11
23669,90,91,-1,1
23670,99,96,3,3
23671,80,80,0,0
23672,79,88,-9,9
23673,84,89,-5,5
23674,77,68,9,9
23675,132,131,1,1
23676,94,67,27,27
23677,95,99,-4,4
23678,67,66,1,1
23679,134,125,9,9
23680,148,149,-1,1
23681,92,90,2,2
23682,85,74,11,11
23683,69,80,-11,11
23684,107,118,-11,11
23685,113,134,-21,21
23686,49,51,-2,2
23687,31,36,-5,5
23688,72,79,-7,7
23689,135,136,-1,1
23690,126,118,8,8
23691,67,71,-4,4
23692,70,79,-9,9
23693,64,64,0,0
23694,70,90,-20,20
23695,88,84,4,4
23696,66,72,-6,6
23697,80,90,-10,10
23698,82,99,-17,17
23699,85,88,-3,3
23700,128,128,0,0
23701,116,116,0,0
23702,74,65,9,9
23703,107,107,0,0
23704,74,76,-2,2
23705,133,120,13,13
23706,91,87,4,4
23707,100,102,-2,2
23708,90,82,8,8
23709,41,48,-7,7
23710,117,115,2,2
23711,91,97,-6,6
23712,108,124,-16,16
23713,61,67,-6,6
23714,201,197,4,4
23715,112,109,3,3
23716,62,59,3,3
23717,70,70,0,0
23718,79,78,1,1
23719,85,81,4,4
23720,138,131,7,7
23721,132,130,2,2
23722,46,55,-9,9
23723,172,175,-3,3
23724,120,113,7,7
23725,120,115,5,5
23726,96,104,-8,8
23727,108,105,3,3
23728,125,134,-9,9
23729,72,81,-9,9
23730,110,100,10,10
23731,51,61,-10,10
23732,127,127,0,0
23733,109,110,-1,1
23734,70,71,-1,1
23735,91,89,2,2
23736,53,65,-12,12
23737,195,198,-3,3
23738,63,67,-4,4
23739,97,102,-5,5
23740,109,105,4,4
23741,116,119,-3,3
23742,52,59,-7,7
23743,66,77,-11,11
23744,70,70,0,0
23745,143,145,-2,2
23746,61,103,-42,42
23747,105,97,8,8
23748,58,59,-1,1
23749,141,143,-2,2
23750,64,62,2,2
23751,126,126,0,0
23752,154,155,-1,1
23753,103,95,8,8
23754,54,55,-1,1
23755,100,104,-4,4
23756,99,107,-8,8
23757,84,88,-4,4
23758,67,68,-1,1
23759,51,62,-11,11
23760,118,128,-10,10
23761,139,126,13,13
23762,83,78,5,5
23763,127,129,-2,2
23764,98,94,4,4
23765,86,84,2,2
23766,53,55,-2,2
23767,111,121,-10,10
23768,82,85,-3,3
23769,101,95,6,6
23770,79,80,-1,1
23771,82,91,-9,9
23772,101,92,9,9
23773,172,163,9,9
23774,49,60,-11,11
23775,144,136,8,8
23776,79,80,-1,1
23777,71,75,-4,4
23778,109,114,-5,5
23779,97,93,4,4
23780,134,128,6,6
23781,139,163,-24,24
23782,103,101,2,2
23783,104,101,3,3
23784,45,56,-11,11
23785,124,135,-11,11
23786,77,84,-7,7
23787,92,95,-3,3
23788,54,53,1,1
23789,96,99,-3,3
23790,77,68,9,9
23791,99,92,7,7
23792,46,45,1,1
23793,128,133,-5,5
23794,114,125,-11,11
23795,183,176,7,7
23796,74,79,-5,5
23797,152,141,11,11
23798,95,87,8,8
23799,84,73,11,11
23800,103,103,0,0
23801,118,115,3,3
23802,82,98,-16,16
23803,161,173,-12,12
23804,93,87,6,6
23805,91,83,8,8
23806,106,101,5,5
23807,91,86,5,5
23808,52,56,-4,4
23809,89,89,0,0
23810,80,84,-4,4
23811,112,121,-9,9
23812,69,64,5,5
23813,68,64,4,4
23814,219,215,4,4
23815,89,96,-7,7
23816,127,126,1,1
23817,84,97,-13,13
23818,85,81,4,4
23819,28,54,-26,26
23820,141,135,6,6
23821,92,98,-6,6
23822,130,123,7,7
23823,59,65,-6,6
23824,143,135,8,8
23825,145,136,9,9
23826,73,75,-2,2
23827,177,178,-1,1
23828,169,157,12,12
23829,54,52,2,2
23830,128,117,11,11
23831,52,60,-8,8
23832,129,134,-5,5
23833,99,101,-2,2
23834,119,108,11,11
23835,75,81,-6,6
23836,119,113,6,6
23837,103,98,5,5
23838,130,132,-2,2
23839,119,115,4,4
23840,100,96,4,4
23841,159,172,-13,13
23842,75,71,4,4
23843,86,89,-3,3
23844,123,125,-2,2
23845,74,77,-3,3
23846,50,60,-10,10
23847,57,48,9,9
23848,50,53,-3,3
23849,71,76,-5,5
23850,96,91,5,5
23851,76,74,2,2
23852,130,125,5,5
23853,62,71,-9,9
23854,92,92,0,0
23855,98,107,-9,9
23856,67,59,8,8
23857,231,225,6,6
23858,68,58,10,10
23859,59,57,2,2
23860,82,72,10,10
23861,67,71,-4,4
23862,88,82,6,6
23863,138,120,18,18
23864,81,73,8,8
23865,117,118,-1,1
23866,67,72,-5,5
23867,57,63,-6,6
23868,53,56,-3,3
23869,87,87,0,0
23870,123,130,-7,7
23871,128,128,0,0
23872,80,83,-3,3
23873,95,93,2,2
23874,105,109,-4,4
23875,92,94,-2,2
23876,97,94,3,3
23877,96,104,-8,8
23878,114,105,9,9
23879,57,61,-4,4
23880,174,163,11,11
23881,98,96,2,2
23882,96,90,6,6
23883,34,55,-21,21
23884,53,56,-3,3
23885,70,71,-1,1
23886,100,107,-7,7
23887,112,118,-6,6
23888,86,94,-8,8
23889,106,100,6,6
23890,75,77,-2,2
23891,97,113,-16,16
23892,93,101,-8,8
23893,105,85,20,20
23894,108,107,1,1
23895,137,145,-8,8
23896,99,107,-8,8
23897,71,71,0,0
23898,157,162,-5,5
23899,111,111,0,0
23900,102,94,8,8
23901,144,139,5,5
23902,86,84,2,2
23903,63,75,-12,12
23904,97,87,10,10
23905,30,38,-8,8
23906,77,80,-3,3
23907,111,104,7,7
23908,77,73,4,4
23909,41,44,-3,3
23910,82,89,-7,7
23911,144,136,8,8
23912,117,116,1,1
23913,94,88,6,6
23914,58,54,4,4
23915,101,100,1,1
23916,105,98,7,7
23917,99,111,-12,12
23918,88,83,5,5
23919,69,77,-8,8
23920,67,61,6,6
23921,51,61,-10,10
23922,120,118,2,2
23923,60,60,0,0
23924,90,90,0,0
23925,81,78,3,3
23926,163,179,-16,16
23927,142,136,6,6
23928,65,66,-1,1
23929,156,157,-1,1
23930,52,49,3,3
23931,74,70,4,4
23932,115,115,0,0
23933,126,137,-11,11
23934,48,45,3,3
23935,129,135,-6,6
23936,160,151,9,9
23937,110,120,-10,10
23938,121,129,-8,8
23939,97,91,6,6
23940,110,137,-27,27
23941,135,134,1,1
23942,153,157,-4,4
23943,103,130,-27,27
23944,103,100,3,3
23945,119,113,6,6
23946,76,85,-9,9
23947,195,211,-16,16
23948,57,59,-2,2
23949,59,70,-11,11
23950,146,149,-3,3
23951,91,82,9,9
23952,101,100,1,1
23953,240,214,26,26
23954,88,93,-5,5
23955,83,74,9,9
23956,77,81,-4,4
23957,82,95,-13,13
23958,82,95,-13,13
23959,119,112,7,7
23960,106,103,3,3
23961,101,113,-12,12
23962,78,82,-4,4
23963,82,79,3,3
23964,82,84,-2,2
23965,126,115,11,11
23966,87,97,-10,10
23967,96,96,0,0
23968,68,71,-3,3
23969,100,96,4,4
23970,71,78,-7,7
23971,91,105,-14,14
23972,118,118,0,0
23973,93,96,-3,3
23974,87,90,-3,3
23975,75,81,-6,6
23976,64,61,3,3
23977,94,90,4,4
23978,45,51,-6,6
23979,97,89,8,8
23980,115,110,5,5
23981,84,77,7,7
23982,139,131,8,8
23983,155,167,-12,12
23984,65,65,0,0
23985,72,76,-4,4
23986,65,72,-7,7
23987,45,44,1,1
23988,92,98,-6,6
23989,148,145,3,3
23990,163,146,17,17
23991,80,76,4,4
23992,131,122,9,9
23993,74,76,-2,2
23994,62,64,-2,2
23995,65,60,5,5
23996,110,96,14,14
23997,119,93,26,26
23998,110,107,3,3
23999,89,97,-8,8
24000,104,116,-12,12
24001,110,120,-10,10
24002,83,76,7,7
24003,134,133,1,1
24004,110,118,-8,8
24005,74,81,-7,7
24006,152,152,0,0
24007,103,104,-1,1
24008,47,52,-5,5
24009,104,100,4,4
24010,59,62,-3,3
24011,76,70,6,6
24012,82,86,-4,4
24013,100,102,-2,2
24014,127,127,0,0
24015,70,65,5,5
24016,71,75,-4,4
24017,83,94,-11,11
24018,80,78,2,2
24019,102,107,-5,5
24020,70,81,-11,11
24021,89,85,4,4
24022,75,76,-1,1
24023,104,102,2,2
24024,84,71,13,13
24025,56,58,-2,2
24026,55,63,-8,8
24027,141,157,-16,16
24028,82,84,-2,2
24029,182,173,9,9
24030,154,160,-6,6
24031,86,89,-3,3
24032,78,77,1,1
24033,91,91,0,0
24034,115,120,-5,5
24035,112,122,-10,10
24036,98,117,-19,19
24037,83,77,6,6
24038,58,62,-4,4
24039,72,72,0,0
24040,46,52,-6,6
24041,54,55,-1,1
24042,99,99,0,0
24043,100,131,-31,31
24044,114,119,-5,5
24045,56,51,5,5
24046,49,56,-7,7
24047,63,58,5,5
24048,63,61,2,2
24049,72,72,0,0
24050,97,95,2,2
24051,59,62,-3,3
24052,123,131,-8,8
24053,109,117,-8,8
24054,108,106,2,2
24055,95,103,-8,8
24056,94,90,4,4
24057,59,64,-5,5
24058,80,87,-7,7
24059,140,141,-1,1
24060,102,107,-5,5
24061,65,72,-7,7
24062,117,113,4,4
24063,63,56,7,7
24064,77,85,-8,8
24065,137,99,38,38
24066,114,118,-4,4
24067,78,67,11,11
24068,45,49,-4,4
24069,84,91,-7,7
24070,96,112,-16,16
24071,62,65,-3,3
24072,67,76,-9,9
24073,178,163,15,15
24074,78,88,-10,10
24075,112,111,1,1
24076,99,83,16,16
24077,94,98,-4,4
24078,86,74,12,12
24079,116,113,3,3
24080,64,60,4,4
24081,51,47,4,4
24082,176,156,20,20
24083,120,113,7,7
24084,121,104,17,17
24085,84,83,1,1
24086,108,108,0,0
24087,97,95,2,2
24088,91,95,-4,4
24089,117,121,-4,4
24090,102,94,8,8
24091,53,50,3,3
24092,82,81,1,1
24093,63,65,-2,2
24094,50,91,-41,41
24095,121,115,6,6
24096,33,49,-16,16
24097,75,73,2,2
24098,98,104,-6,6
24099,95,89,6,6
24100,94,95,-1,1
24101,43,45,-2,2
24102,88,102,-14,14
24103,72,74,-2,2
24104,118,112,6,6
24105,76,82,-6,6
24106,58,58,0,0
24107,104,89,15,15
24108,115,112,3,3
24109,63,59,4,4
24110,105,111,-6,6
24111,59,58,1,1
24112,58,55,3,3
24113,146,138,8,8
24114,82,87,-5,5
24115,114,122,-8,8
24116,95,88,7,7
24117,46,53,-7,7
24118,122,115,7,7
24119,78,80,-2,2
24120,97,94,3,3
24121,111,113,-2,2
24122,161,151,10,10
24123,157,162,-5,5
24124,90,101,-11,11
24125,69,71,-2,2
24126,78,75,3,3
24127,111,106,5,5
24128,56,50,6,6
24129,83,72,11,11
24130,186,182,4,4
24131,76,83,-7,7
24132,76,81,-5,5
24133,136,137,-1,1
24134,87,87,0,0
24135,87,81,6,6
24136,72,65,7,7
24137,64,72,-8,8
24138,162,163,-1,1
24139,59,62,-3,3
24140,77,72,5,5
24141,58,59,-1,1
24142,65,60,5,5
24143,103,95,8,8
24144,74,80,-6,6
24145,83,71,12,12
24146,62,64,-2,2
24147,115,104,11,11
24148,88,93,-5,5
24149,79,86,-7,7
24150,102,102,0,0
24151,76,72,4,4
24152,72,73,-1,1
24153,127,134,-7,7
24154,57,61,-4,4
24155,123,126,-3,3
24156,108,105,3,3
24157,179,163,16,16
24158,56,81,-25,25
24159,129,138,-9,9
24160,76,81,-5,5
24161,160,142,18,18
24162,108,101,7,7
24163,65,66,-1,1
24164,80,76,4,4
24165,68,82,-14,14
24166,125,159,-34,34
24167,55,58,-3,3
24168,101,109,-8,8
24169,102,98,4,4
24170,151,159,-8,8
24171,98,127,-29,29
24172,72,83,-11,11
24173,124,126,-2,2
24174,113,106,7,7
24175,84,75,9,9
24176,51,60,-9,9
24177,73,73,0,0
24178,58,50,8,8
24179,103,103,0,0
24180,89,75,14,14
24181,103,110,-7,7
24182,122,124,-2,2
24183,62,63,-1,1
24184,152,145,7,7
24185,49,54,-5,5
24186,76,78,-2,2
24187,107,103,4,4
24188,63,79,-16,16
24189,132,135,-3,3
24190,167,114,53,53
24191,105,100,5,5
24192,160,162,-2,2
24193,86,86,0,0
24194,105,99,6,6
24195,88,91,-3,3
24196,102,99,3,3
24197,102,118,-16,16
24198,101,114,-13,13
24199,48,58,-10,10
24200,131,139,-8,8
24201,45,41,4,4
24202,100,101,-1,1
24203,77,73,4,4
24204,131,140,-9,9
24205,106,107,-1,1
24206,115,112,3,3
24207,140,131,9,9
24208,111,120,-9,9
24209,100,102,-2,2
24210,55,59,-4,4
24211,80,74,6,6
24212,98,102,-4,4
24213,61,56,5,5
24214,106,99,7,7
24215,91,92,-1,1
24216,96,93,3,3
24217,88,83,5,5
24218,79,84,-5,5
24219,108,122,-14,14
24220,108,114,-6,6
24221,137,124,13,13
24222,110,109,1,1
24223,67,69,-2,2
24224,81,76,5,5
24225,74,77,-3,3
24226,95,106,-11,11
24227,36,31,5,5
24228,96,97,-1,1
24229,80,87,-7,7
24230,86,81,5,5
24231,145,161,-16,16
24232,163,169,-6,6
24233,57,54,3,3
24234,91,100,-9,9
24235,100,107,-7,7
24236,55,50,5,5
24237,118,115,3,3
24238,183,188,-5,5
24239,79,84,-5,5
24240,82,71,11,11
24241,107,109,-2,2
24242,47,49,-2,2
24243,103,109,-6,6
24244,78,79,-1,1
24245,114,119,-5,5
24246,127,123,4,4
24247,65,74,-9,9
24248,149,166,-17,17
24249,72,72,0,0
24250,75,77,-2,2
24251,99,98,1,1
24252,91,88,3,3
24253,50,62,-12,12
24254,116,114,2,2
24255,150,139,11,11
24256,136,145,-9,9
24257,145,109,36,36
24258,64,71,-7,7
24259,81,80,1,1
24260,76,74,2,2
24261,91,79,12,12
24262,64,58,6,6
24263,52,65,-13,13
24264,85,88,-3,3
24265,93,96,-3,3
24266,80,87,-7,7
24267,84,91,-7,7
24268,71,70,1,1
24269,73,71,2,2
24270,54,60,-6,6
24271,87,80,7,7
24272,88,95,-7,7
24273,50,57,-7,7
24274,122,119,3,3
24275,98,100,-2,2
24276,82,77,5,5
24277,173,164,9,9
24278,78,75,3,3
24279,106,100,6,6
24280,103,113,-10,10
24281,78,75,3,3
24282,57,59,-2,2
24283,125,135,-10,10
24284,103,110,-7,7
24285,100,98,2,2
24286,78,82,-4,4
24287,122,113,9,9
24288,122,132,-10,10
24289,135,131,4,4
24290,110,95,15,15
24291,174,162,12,12
24292,54,56,-2,2
24293,43,44,-1,1
24294,82,77,5,5
24295,91,80,11,11
24296,104,94,10,10
24297,148,139,9,9
24298,30,35,-5,5
24299,115,108,7,7
24300,122,118,4,4
24301,126,120,6,6
24302,68,73,-5,5
24303,119,101,18,18
24304,124,134,-10,10
24305,81,72,9,9
24306,74,71,3,3
24307,75,73,2,2
24308,57,65,-8,8
24309,92,77,15,15
24310,79,75,4,4
24311,118,128,-10,10
24312,62,67,-5,5
24313,86,78,8,8
24314,57,48,9,9
24315,93,109,-16,16
24316,111,102,9,9
24317,77,77,0,0
24318,66,75,-9,9
24319,142,110,32,32
24320,117,104,13,13
24321,48,51,-3,3
24322,195,182,13,13
24323,100,103,-3,3
24324,103,89,14,14
24325,59,71,-12,12
24326,76,74,2,2
24327,108,114,-6,6
24328,127,130,-3,3
24329,91,84,7,7
24330,67,72,-5,5
24331,157,152,5,5
24332,120,133,-13,13
24333,79,80,-1,1
24334,95,97,-2,2
24335,103,109,-6,6
24336,126,124,2,2
24337,73,98,-25,25
24338,53,62,-9,9
24339,126,129,-3,3
24340,78,73,5,5
24341,128,133,-5,5
24342,51,58,-7,7
24343,76,73,3,3
24344,130,133,-3,3
24345,87,92,-5,5
24346,76,82,-6,6
24347,71,66,5,5
24348,115,113,2,2
24349,119,119,0,0
24350,75,73,2,2
24351,75,88,-13,13
24352,93,90,3,3
24353,128,138,-10,10
24354,127,159,-32,32
24355,94,96,-2,2
24356,133,124,9,9
24357,53,44,9,9
24358,146,134,12,12
24359,117,132,-15,15
24360,74,72,2,2
24361,126,124,2,2
24362,41,48,-7,7
24363,143,146,-3,3
24364,90,88,2,2
24365,73,78,-5,5
24366,156,153,3,3
24367,72,71,1,1
24368,59,58,1,1
24369,27,50,-23,23
24370,93,96,-3,3
24371,87,91,-4,4
24372,44,50,-6,6
24373,182,191,-9,9
24374,90,91,-1,1
24375,170,163,7,7
24376,128,127,1,1
24377,102,101,1,1
24378,99,96,3,3
24379,106,102,4,4
24380,86,82,4,4
24381,127,117,10,10
24382,99,87,12,12
24383,101,105,-4,4
24384,155,152,3,3
24385,184,165,19,19
24386,98,97,1,1
24387,95,99,-4,4
24388,108,137,-29,29
24389,103,111,-8,8
24390,147,150,-3,3
24391,100,94,6,6
24392,76,99,-23,23
24393,308,237,71,71
24394,71,65,6,6
24395,80,85,-5,5
24396,88,79,9,9
24397,92,105,-13,13
24398,105,114,-9,9
24399,63,74,-11,11
24400,89,89,0,0
24401,77,90,-13,13
24402,94,97,-3,3
24403,72,86,-14,14
24404,65,62,3,3
24405,132,125,7,7
24406,90,87,3,3
24407,83,84,-1,1
24408,35,72,-37,37
24409,163,164,-1,1
24410,73,74,-1,1
24411,117,120,-3,3
24412,87,84,3,3
24413,70,74,-4,4
24414,189,181,8,8
24415,81,75,6,6
24416,59,73,-14,14
24417,110,120,-10,10
24418,103,111,-8,8
24419,89,93,-4,4
24420,90,80,10,10
24421,475,430,45,45
24422,66,62,4,4
24423,97,101,-4,4
24424,89,82,7,7
24425,106,106,0,0
24426,81,80,1,1
24427,143,146,-3,3
24428,113,113,0,0
24429,83,89,-6,6
24430,276,258,18,18
24431,88,88,0,0
24432,91,97,-6,6
24433,179,161,18,18
24434,175,136,39,39
24435,86,87,-1,1
24436,60,64,-4,4
24437,86,87,-1,1
24438,104,100,4,4
24439,144,143,1,1
24440,93,90,3,3
24441,98,99,-1,1
24442,59,65,-6,6
24443,112,152,-40,40
24444,98,110,-12,12
24445,60,63,-3,3
24446,72,65,7,7
24447,42,49,-7,7
24448,57,57,0,0
24449,138,129,9,9
24450,99,98,1,1
24451,134,138,-4,4
24452,96,83,13,13
24453,101,102,-1,1
24454,88,98,-10,10
24455,79,86,-7,7
24456,61,53,8,8
24457,77,66,11,11
24458,119,123,-4,4
24459,124,120,4,4
24460,77,83,-6,6
24461,81,81,0,0
24462,70,71,-1,1
24463,120,134,-14,14
24464,90,99,-9,9
24465,88,95,-7,7
24466,49,49,0,0
24467,70,70,0,0
24468,90,87,3,3
24469,70,66,4,4
24470,119,108,11,11
24471,99,100,-1,1
24472,79,86,-7,7
24473,112,110,2,2
24474,63,64,-1,1
24475,40,49,-9,9
24476,145,140,5,5
24477,82,80,2,2
24478,87,86,1,1
24479,75,72,3,3
24480,71,71,0,0
24481,84,79,5,5
24482,85,82,3,3
24483,101,93,8,8
24484,111,99,12,12
24485,90,94,-4,4
24486,63,63,0,0
24487,174,182,-8,8
24488,106,105,1,1
24489,64,68,-4,4
24490,33,37,-4,4
24491,100,115,-15,15
24492,185,164,21,21
24493,68,70,-2,2
24494,29,34,-5,5
24495,45,50,-5,5
24496,58,61,-3,3
24497,120,111,9,9
24498,124,115,9,9
24499,70,66,4,4
24500,104,113,-9,9
24501,101,97,4,4
24502,92,93,-1,1
24503,81,74,7,7
24504,59,61,-2,2
24505,84,85,-1,1
24506,67,71,-4,4
24507,105,101,4,4
24508,81,82,-1,1
24509,56,60,-4,4
24510,115,120,-5,5
24511,117,116,1,1
24512,95,89,6,6
24513,134,126,8,8
24514,89,94,-5,5
24515,136,140,-4,4
24516,100,101,-1,1
24517,95,108,-13,13
24518,73,75,-2,2
24519,58,66,-8,8
24520,157,149,8,8
24521,77,75,2,2
24522,54,45,9,9
24523,90,105,-15,15
24524,85,93,-8,8
24525,71,67,4,4
24526,73,73,0,0
24527,87,86,1,1
24528,57,61,-4,4
24529,64,64,0,0
24530,72,73,-1,1
24531,184,166,18,18
24532,152,124,28,28
24533,88,92,-4,4
24534,90,87,3,3
24535,96,106,-10,10
24536,117,105,12,12
24537,65,64,1,1
24538,101,91,10,10
24539,130,135,-5,5
24540,189,175,14,14
24541,80,84,-4,4
24542,72,77,-5,5
24543,99,104,-5,5
24544,131,129,2,2
24545,120,132,-12,12
24546,64,65,-1,1
24547,59,48,11,11
24548,69,71,-2,2
24549,44,56,-12,12
24550,85,98,-13,13
24551,51,65,-14,14
24552,70,75,-5,5
24553,61,70,-9,9
24554,110,126,-16,16
24555,69,74,-5,5
24556,56,58,-2,2
24557,125,143,-18,18
24558,91,83,8,8
24559,53,61,-8,8
24560,91,90,1,1
24561,42,46,-4,4
24562,85,89,-4,4
24563,33,38,-5,5
24564,94,84,10,10
24565,143,141,2,2
24566,72,62,10,10
24567,85,84,1,1
24568,132,137,-5,5
24569,103,102,1,1
24570,131,114,17,17
24571,72,74,-2,2
24572,109,112,-3,3
24573,104,104,0,0
24574,128,125,3,3
24575,147,145,2,2
24576,90,89,1,1
24577,44,53,-9,9
24578,84,85,-1,1
24579,129,139,-10,10
24580,76,90,-14,14
24581,82,93,-11,11
24582,155,136,19,19
24583,141,132,9,9
24584,110,121,-11,11
24585,117,124,-7,7
24586,112,117,-5,5
24587,109,115,-6,6
24588,63,52,11,11
24589,68,71,-3,3
24590,140,134,6,6
24591,42,48,-6,6
24592,97,109,-12,12
24593,73,71,2,2
24594,49,43,6,6
24595,163,141,22,22
24596,116,118,-2,2
24597,98,115,-17,17
24598,97,98,-1,1
24599,76,77,-1,1
24600,84,83,1,1
24601,52,45,7,7
24602,134,132,2,2
24603,62,58,4,4
24604,123,125,-2,2
24605,55,54,1,1
24606,80,85,-5,5
24607,77,78,-1,1
24608,121,133,-12,12
24609,45,52,-7,7
24610,66,65,1,1
24611,59,52,7,7
24612,45,55,-10,10
24613,63,62,1,1
24614,65,77,-12,12
24615,95,91,4,4
24616,84,79,5,5
24617,110,129,-19,19
24618,83,86,-3,3
24619,133,119,14,14
24620,111,111,0,0
24621,69,71,-2,2
24622,43,43,0,0
24623,97,106,-9,9
24624,78,91,-13,13
24625,75,75,0,0
24626,130,121,9,9
24627,73,76,-3,3
24628,156,163,-7,7
24629,110,99,11,11
24630,132,133,-1,1
24631,108,113,-5,5
24632,97,100,-3,3
24633,139,135,4,4
24634,88,84,4,4
24635,136,125,11,11
24636,115,109,6,6
24637,141,134,7,7
24638,125,123,2,2
24639,114,112,2,2
24640,127,122,5,5
24641,87,91,-4,4
24642,126,127,-1,1
24643,83,93,-10,10
24644,68,64,4,4
24645,100,97,3,3
24646,67,71,-4,4
24647,79,69,10,10
24648,123,117,6,6
24649,49,50,-1,1
24650,73,88,-15,15
24651,105,99,6,6
24652,86,83,3,3
24653,78,90,-12,12
24654,97,89,8,8
24655,95,103,-8,8
24656,46,53,-7,7
24657,105,119,-14,14
24658,157,151,6,6
24659,97,114,-17,17
24660,130,123,7,7
24661,114,129,-15,15
24662,56,61,-5,5
24663,37,42,-5,5
24664,133,133,0,0
24665,80,100,-20,20
24666,56,58,-2,2
24667,64,65,-1,1
24668,78,82,-4,4
24669,96,90,6,6
24670,90,85,5,5
24671,126,120,6,6
24672,85,87,-2,2
24673,60,56,4,4
24674,92,89,3,3
24675,105,107,-2,2
24676,92,96,-4,4
24677,85,83,2,2
24678,187,168,19,19
24679,108,120,-12,12
24680,64,57,7,7
24681,99,95,4,4
24682,92,97,-5,5
24683,111,113,-2,2
24684,83,76,7,7
24685,92,86,6,6
24686,68,62,6,6
24687,158,142,16,16
24688,54,54,0,0
24689,86,79,7,7
24690,94,94,0,0
24691,102,100,2,2
24692,55,57,-2,2
24693,52,62,-10,10
24694,69,77,-8,8
24695,97,94,3,3
24696,59,64,-5,5
24697,86,86,0,0
24698,104,109,-5,5
24699,119,130,-11,11
24700,124,111,13,13
24701,99,100,-1,1
24702,94,91,3,3
24703,129,133,-4,4
24704,134,121,13,13
24705,58,63,-5,5
24706,131,119,12,12
24707,100,92,8,8
24708,97,90,7,7
24709,75,70,5,5
24710,133,135,-2,2
24711,87,80,7,7
24712,76,76,0,0
24713,55,56,-1,1
24714,167,171,-4,4
24715,108,119,-11,11
24716,64,64,0,0
24717,56,66,-10,10
24718,49,72,-23,23
24719,55,52,3,3
24720,80,98,-18,18
24721,55,56,-1,1
24722,169,164,5,5
24723,156,153,3,3
24724,102,96,6,6
24725,94,93,1,1
24726,92,94,-2,2
24727,116,132,-16,16
24728,120,125,-5,5
24729,107,109,-2,2
24730,113,113,0,0
24731,75,77,-2,2
24732,67,60,7,7
24733,98,88,10,10
24734,193,180,13,13
24735,165,167,-2,2
24736,92,82,10,10
24737,53,51,2,2
24738,82,92,-10,10
24739,113,124,-11,11
24740,89,97,-8,8
24741,93,86,7,7
24742,94,97,-3,3
24743,87,82,5,5
24744,145,135,10,10
24745,142,133,9,9
24746,115,113,2,2
24747,82,91,-9,9
24748,87,93,-6,6
24749,74,71,3,3
24750,61,72,-11,11
24751,125,124,1,1
24752,74,76,-2,2
24753,129,126,3,3
24754,88,82,6,6
24755,93,93,0,0
24756,83,84,-1,1
24757,123,117,6,6
24758,103,99,4,4
24759,136,139,-3,3
24760,88,85,3,3
24761,94,90,4,4
24762,71,79,-8,8
24763,80,83,-3,3
24764,73,73,0,0
24765,90,83,7,7
24766,81,81,0,0
24767,85,93,-8,8
24768,48,56,-8,8
24769,122,135,-13,13
24770,120,117,3,3
24771,100,103,-3,3
24772,123,119,4,4
24773,154,142,12,12
24774,49,58,-9,9
24775,110,96,14,14
24776,90,94,-4,4
24777,103,98,5,5
24778,69,77,-8,8
24779,113,112,1,1
24780,102,103,-1,1
24781,80,109,-29,29
24782,45,50,-5,5
24783,154,151,3,3
24784,116,104,12,12
24785,125,120,5,5
24786,182,169,13,13
24787,68,63,5,5
24788,82,72,10,10
24789,78,79,-1,1
24790,60,76,-16,16
24791,119,113,6,6
24792,76,78,-2,2
24793,102,102,0,0
24794,94,114,-20,20
24795,76,81,-5,5
24796,52,53,-1,1
24797,82,71,11,11
24798,117,120,-3,3
24799,110,104,6,6
24800,165,155,10,10
24801,79,72,7,7
24802,132,127,5,5
24803,118,112,6,6
24804,95,91,4,4
24805,74,77,-3,3
24806,52,72,-20,20
24807,104,110,-6,6
24808,103,130,-27,27
24809,119,116,3,3
24810,99,104,-5,5
24811,141,132,9,9
24812,62,60,2,2
24813,95,98,-3,3
24814,115,115,0,0
24815,97,111,-14,14
24816,46,57,-11,11
24817,122,130,-8,8
24818,121,125,-4,4
24819,102,106,-4,4
24820,148,143,5,5
24821,71,67,4,4
24822,114,92,22,22
24823,126,123,3,3
24824,84,84,0,0
24825,83,84,-1,1
24826,101,88,13,13
24827,98,96,2,2
24828,121,116,5,5
24829,84,95,-11,11
24830,56,65,-9,9
24831,90,79,11,11
24832,85,78,7,7
24833,87,83,4,4
24834,113,118,-5,5
24835,140,140,0,0
24836,116,120,-4,4
24837,120,129,-9,9
24838,82,78,4,4
24839,150,140,10,10
24840,89,86,3,3
24841,72,71,1,1
24842,106,107,-1,1
24843,66,74,-8,8
24844,67,70,-3,3
24845,78,78,0,0
24846,118,113,5,5
24847,83,100,-17,17
24848,133,143,-10,10
24849,127,128,-1,1
24850,178,169,9,9
24851,70,66,4,4
24852,50,53,-3,3
24853,121,116,5,5
24854,127,125,2,2
24855,62,57,5,5
24856,74,74,0,0
24857,79,80,-1,1
24858,95,92,3,3
24859,103,109,-6,6
24860,113,107,6,6
24861,58,74,-16,16
24862,162,130,32,32
24863,43,46,-3,3
24864,73,72,1,1
24865,60,61,-1,1
24866,134,129,5,5
24867,66,67,-1,1
24868,42,58,-16,16
24869,89,84,5,5
24870,82,72,10,10
24871,133,133,0,0
24872,28,35,-7,7
24873,120,104,16,16
24874,60,59,1,1
24875,59,66,-7,7
24876,54,53,1,1
24877,81,85,-4,4
24878,102,103,-1,1
24879,47,51,-4,4
24880,90,75,15,15
24881,123,117,6,6
24882,83,83,0,0
24883,92,106,-14,14
24884,105,102,3,3
24885,108,94,14,14
24886,114,124,-10,10
24887,57,62,-5,5
24888,67,66,1,1
24889,85,93,-8,8
24890,68,68,0,0
24891,55,51,4,4
24892,93,91,2,2
24893,61,65,-4,4
24894,61,60,1,1
24895,87,88,-1,1
24896,85,82,3,3
24897,88,89,-1,1
24898,57,54,3,3
24899,65,65,0,0
24900,58,61,-3,3
24901,118,114,4,4
24902,94,96,-2,2
24903,164,162,2,2
24904,74,80,-6,6
24905,106,163,-57,57
24906,97,114,-17,17
24907,117,115,2,2
24908,123,125,-2,2
24909,72,81,-9,9
24910,73,67,6,6
24911,105,150,-45,45
24912,53,55,-2,2
24913,63,65,-2,2
24914,85,80,5,5
24915,136,148,-12,12
24916,113,105,8,8
24917,92,106,-14,14
24918,97,100,-3,3
24919,95,107,-12,12
24920,106,103,3,3
24921,167,165,2,2
24922,121,134,-13,13
24923,42,44,-2,2
24924,80,87,-7,7
24925,48,57,-9,9
24926,116,114,2,2
24927,117,114,3,3
24928,67,65,2,2
24929,69,67,2,2
24930,114,106,8,8
24931,134,126,8,8
24932,91,87,4,4
24933,88,84,4,4
24934,130,131,-1,1
24935,187,185,2,2
24936,99,103,-4,4
24937,95,107,-12,12
24938,151,149,2,2
24939,97,97,0,0
24940,66,66,0,0
24941,39,41,-2,2
24942,114,116,-2,2
24943,124,118,6,6
24944,109,111,-2,2
24945,92,111,-19,19
24946,50,54,-4,4
24947,139,131,8,8
24948,116,119,-3,3
24949,79,78,1,1
24950,69,84,-15,15
24951,95,101,-6,6
24952,112,116,-4,4
24953,57,65,-8,8
24954,57,62,-5,5
24955,112,122,-10,10
24956,77,80,-3,3
24957,79,85,-6,6
24958,115,112,3,3
24959,52,59,-7,7
24960,121,105,16,16
24961,93,93,0,0
24962,51,51,0,0
24963,71,74,-3,3
24964,126,131,-5,5
24965,149,141,8,8
24966,91,109,-18,18
24967,142,144,-2,2
24968,55,65,-10,10
24969,110,114,-4,4
24970,197,207,-10,10
24971,85,84,1,1
24972,115,115,0,0
24973,111,106,5,5
24974,136,129,7,7
24975,57,61,-4,4
24976,100,89,11,11
24977,121,114,7,7
24978,105,99,6,6
24979,145,154,-9,9
24980,93,96,-3,3
24981,104,106,-2,2
24982,104,99,5,5
24983,89,83,6,6
24984,82,81,1,1
24985,137,123,14,14
24986,112,100,12,12
24987,99,93,6,6
24988,94,97,-3,3
24989,140,133,7,7
24990,75,83,-8,8
24991,114,121,-7,7
24992,71,68,3,3
24993,155,136,19,19
24994,71,72,-1,1
24995,61,60,1,1
24996,84,95,-11,11
24997,75,71,4,4
24998,128,147,-19,19
24999,247,260,-13,13
25000,101,106,-5,5
25001,113,103,10,10
25002,116,113,3,3
25003,112,112,0,0
25004,83,89,-6,6
25005,52,58,-6,6
25006,73,61,12,12
25007,43,54,-11,11
25008,96,96,0,0
25009,49,57,-8,8
25010,57,64,-7,7
25011,104,127,-23,23
25012,86,88,-2,2
25013,66,70,-4,4
25014,69,77,-8,8
25015,92,97,-5,5
25016,120,122,-2,2
25017,124,129,-5,5
25018,109,104,5,5
25019,90,104,-14,14
25020,88,88,0,0
25021,60,61,-1,1
25022,100,109,-9,9
25023,171,216,-45,45
25024,55,60,-5,5
25025,143,140,3,3
25026,104,102,2,2
25027,120,123,-3,3
25028,132,129,3,3
25029,142,147,-5,5
25030,68,66,2,2
25031,74,66,8,8
25032,107,101,6,6
25033,82,79,3,3
25034,48,49,-1,1
25035,83,79,4,4
25036,66,66,0,0
25037,90,90,0,0
25038,114,119,-5,5
25039,123,108,15,15
25040,140,129,11,11
25041,71,62,9,9
25042,112,107,5,5
25043,175,186,-11,11
25044,148,134,14,14
25045,87,84,3,3
25046,156,159,-3,3
25047,44,44,0,0
25048,105,107,-2,2
25049,120,128,-8,8
25050,65,65,0,0
25051,120,122,-2,2
25052,69,71,-2,2
25053,91,102,-11,11
25054,135,119,16,16
25055,133,136,-3,3
25056,81,85,-4,4
25057,74,64,10,10
25058,144,146,-2,2
25059,146,144,2,2
25060,95,83,12,12
25061,223,198,25,25
25062,126,108,18,18
25063,49,52,-3,3
25064,102,102,0,0
25065,116,112,4,4
25066,60,60,0,0
25067,154,151,3,3
25068,134,114,20,20
25069,100,100,0,0
25070,76,68,8,8
25071,74,73,1,1
25072,77,66,11,11
25073,88,91,-3,3
25074,76,86,-10,10
25075,81,79,2,2
25076,165,160,5,5
25077,108,111,-3,3
25078,53,28,25,25
25079,59,63,-4,4
25080,85,107,-22,22
25081,98,94,4,4
25082,58,61,-3,3
25083,105,108,-3,3
25084,148,144,4,4
25085,159,145,14,14
25086,163,169,-6,6
25087,102,99,3,3
25088,71,93,-22,22
25089,156,144,12,12
25090,97,93,4,4
25091,97,92,5,5
25092,72,71,1,1
25093,83,109,-26,26
25094,81,65,16,16
25095,103,99,4,4
25096,95,97,-2,2
25097,82,93,-11,11
25098,121,118,3,3
25099,78,83,-5,5
25100,98,94,4,4
25101,145,148,-3,3
25102,122,122,0,0
25103,123,115,8,8
25104,76,73,3,3
25105,195,181,14,14
25106,48,43,5,5
25107,59,71,-12,12
25108,73,73,0,0
25109,73,77,-4,4
25110,63,58,5,5
25111,178,160,18,18
25112,69,65,4,4
25113,96,97,-1,1
25114,67,70,-3,3
25115,46,47,-1,1
25116,88,90,-2,2
25117,47,55,-8,8
25118,45,47,-2,2
25119,47,43,4,4
25120,123,121,2,2
25121,124,124,0,0
25122,167,160,7,7
25123,136,132,4,4
25124,72,76,-4,4
25125,109,109,0,0
25126,74,74,0,0
25127,80,73,7,7
25128,126,128,-2,2
25129,119,114,5,5
25130,60,64,-4,4
25131,98,100,-2,2
25132,128,120,8,8
25133,96,93,3,3
25134,109,108,1,1
25135,135,131,4,4
25136,86,79,7,7
25137,125,126,-1,1
25138,71,79,-8,8
25139,137,136,1,1
25140,86,91,-5,5
25141,150,160,-10,10
25142,83,92,-9,9
25143,57,58,-1,1
25144,87,88,-1,1
25145,58,72,-14,14
25146,74,83,-9,9
25147,168,150,18,18
25148,145,138,7,7
25149,65,67,-2,2
25150,76,78,-2,2
25151,114,116,-2,2
25152,151,156,-5,5
25153,146,167,-21,21
25154,65,65,0,0
25155,77,89,-12,12
25156,165,154,11,11
25157,89,111,-22,22
25158,107,104,3,3
25159,96,115,-19,19
25160,115,120,-5,5
25161,74,67,7,7
25162,160,158,2,2
25163,82,84,-2,2
25164,80,78,2,2
25165,94,100,-6,6
25166,97,100,-3,3
25167,48,66,-18,18
25168,79,72,7,7
25169,16,42,-26,26
25170,100,103,-3,3
25171,51,71,-20,20
25172,86,84,2,2
25173,108,113,-5,5
25174,46,44,2,2
25175,55,53,2,2
25176,112,127,-15,15
25177,84,84,0,0
25178,100,102,-2,2
25179,150,141,9,9
25180,138,135,3,3
25181,92,86,6,6
25182,66,66,0,0
25183,103,102,1,1
25184,96,98,-2,2
25185,148,153,-5,5
25186,81,84,-3,3
25187,45,65,-20,20
25188,126,124,2,2
25189,168,167,1,1
25190,76,79,-3,3
25191,134,144,-10,10
25192,83,88,-5,5
25193,118,114,4,4
25194,117,108,9,9
25195,100,110,-10,10
25196,96,103,-7,7
25197,122,118,4,4
25198,76,85,-9,9
25199,96,109,-13,13
25200,103,98,5,5
25201,70,71,-1,1
25202,209,189,20,20
25203,75,75,0,0
25204,54,67,-13,13
25205,111,112,-1,1
25206,70,66,4,4
25207,100,107,-7,7
25208,108,102,6,6
25209,56,62,-6,6
25210,172,183,-11,11
25211,67,72,-5,5
25212,118,104,14,14
25213,47,51,-4,4
25214,69,69,0,0
25215,85,92,-7,7
25216,63,57,6,6
25217,267,243,24,24
25218,101,100,1,1
25219,126,120,6,6
25220,99,102,-3,3
25221,124,133,-9,9
25222,145,133,12,12
25223,83,80,3,3
25224,96,90,6,6
25225,149,164,-15,15
25226,65,64,1,1
25227,83,78,5,5
25228,51,51,0,0
25229,73,87,-14,14
25230,164,158,6,6
25231,76,81,-5,5
25232,86,86,0,0
25233,128,117,11,11
25234,126,115,11,11
25235,75,74,1,1
25236,85,87,-2,2
25237,59,58,1,1
25238,80,73,7,7
25239,115,110,5,5
25240,96,89,7,7
25241,57,62,-5,5
25242,78,71,7,7
25243,92,85,7,7
25244,114,114,0,0
25245,97,87,10,10
25246,67,67,0,0
25247,68,92,-24,24
25248,88,86,2,2
25249,58,61,-3,3
25250,86,94,-8,8
25251,81,76,5,5
25252,80,84,-4,4
25253,107,112,-5,5
25254,65,66,-1,1
25255,77,74,3,3
25256,30,38,-8,8
25257,81,85,-4,4
25258,91,103,-12,12
25259,62,71,-9,9
25260,78,90,-12,12
25261,103,105,-2,2
25262,113,108,5,5
25263,121,120,1,1
25264,75,74,1,1
25265,113,116,-3,3
25266,52,60,-8,8
25267,93,102,-9,9
25268,51,60,-9,9
25269,128,118,10,10
25270,86,79,7,7
25271,107,109,-2,2
25272,105,109,-4,4
25273,195,192,3,3
25274,64,60,4,4
25275,56,73,-17,17
25276,38,84,-46,46
25277,111,134,-23,23
25278,72,74,-2,2
25279,103,105,-2,2
25280,93,91,2,2
25281,90,97,-7,7
25282,64,73,-9,9
25283,142,134,8,8
25284,96,106,-10,10
25285,85,86,-1,1
25286,99,101,-2,2
25287,52,53,-1,1
25288,117,138,-21,21
25289,76,76,0,0
25290,80,75,5,5
25291,99,89,10,10
25292,103,96,7,7
25293,60,66,-6,6
25294,96,98,-2,2
25295,112,109,3,3
25296,77,71,6,6
25297,126,113,13,13
25298,125,125,0,0
25299,132,137,-5,5
25300,79,84,-5,5
25301,106,109,-3,3
25302,35,43,-8,8
25303,85,80,5,5
25304,63,60,3,3
25305,65,74,-9,9
25306,23,52,-29,29
25307,73,75,-2,2
25308,103,109,-6,6
25309,79,76,3,3
25310,81,86,-5,5
25311,54,50,4,4
25312,77,81,-4,4
25313,90,86,4,4
25314,92,92,0,0
25315,54,62,-8,8
25316,101,106,-5,5
25317,102,95,7,7
25318,77,82,-5,5
25319,113,130,-17,17
25320,166,157,9,9
25321,74,78,-4,4
25322,116,118,-2,2
25323,127,137,-10,10
25324,89,85,4,4
25325,101,101,0,0
25326,103,108,-5,5
25327,127,125,2,2
25328,83,78,5,5
25329,123,129,-6,6
25330,118,126,-8,8
25331,160,158,2,2
25332,79,81,-2,2
25333,76,71,5,5
25334,51,47,4,4
25335,110,117,-7,7
25336,112,130,-18,18
25337,73,71,2,2
25338,90,85,5,5
25339,87,90,-3,3
25340,97,99,-2,2
25341,51,50,1,1
25342,175,174,1,1
25343,51,57,-6,6
25344,96,96,0,0
25345,96,82,14,14
25346,87,93,-6,6
25347,98,95,3,3
25348,195,183,12,12
25349,74,71,3,3
25350,111,104,7,7
25351,62,61,1,1
25352,62,68,-6,6
25353,50,55,-5,5
25354,77,78,-1,1
25355,68,58,10,10
25356,72,78,-6,6
25357,82,73,9,9
25358,69,72,-3,3
25359,133,135,-2,2
25360,57,58,-1,1
25361,87,101,-14,14
25362,86,79,7,7
25363,53,84,-31,31
25364,111,139,-28,28
25365,85,95,-10,10
25366,68,71,-3,3
25367,82,89,-7,7
25368,125,117,8,8
25369,127,118,9,9
25370,46,85,-39,39
25371,125,132,-7,7
25372,133,126,7,7
25373,84,89,-5,5
25374,70,67,3,3
25375,130,120,10,10
25376,86,88,-2,2
25377,161,158,3,3
25378,100,126,-26,26
25379,107,110,-3,3
25380,89,93,-4,4
25381,62,50,12,12
25382,75,78,-3,3
25383,82,84,-2,2
25384,104,110,-6,6
25385,83,97,-14,14
25386,109,101,8,8
25387,57,50,7,7
25388,125,128,-3,3
25389,87,76,11,11
25390,201,175,26,26
25391,75,78,-3,3
25392,80,80,0,0
25393,143,158,-15,15
25394,120,121,-1,1
25395,146,148,-2,2
25396,70,64,6,6
25397,93,95,-2,2
25398,110,113,-3,3
25399,43,50,-7,7
25400,97,92,5,5
25401,70,63,7,7
25402,85,81,4,4
25403,91,102,-11,11
25404,85,89,-4,4
25405,120,117,3,3
25406,70,74,-4,4
25407,61,66,-5,5
25408,67,71,-4,4
25409,156,151,5,5
25410,45,42,3,3
25411,121,130,-9,9
25412,93,108,-15,15
25413,111,122,-11,11
25414,72,82,-10,10
25415,44,47,-3,3
25416,140,151,-11,11
25417,52,55,-3,3
25418,70,71,-1,1
25419,117,122,-5,5
25420,60,60,0,0
25421,73,84,-11,11
25422,107,101,6,6
25423,90,101,-11,11
25424,59,71,-12,12
25425,102,107,-5,5
25426,73,74,-1,1
25427,86,91,-5,5
25428,58,59,-1,1
25429,66,65,1,1
25430,62,99,-37,37
25431,130,127,3,3
25432,121,107,14,14
25433,114,108,6,6
25434,128,129,-1,1
25435,106,112,-6,6
25436,94,90,4,4
25437,139,142,-3,3
25438,57,54,3,3
25439,62,76,-14,14
25440,59,63,-4,4
25441,134,126,8,8
25442,88,88,0,0
25443,67,72,-5,5
25444,91,93,-2,2
25445,79,73,6,6
25446,99,102,-3,3
25447,135,151,-16,16
25448,118,120,-2,2
25449,97,98,-1,1
25450,96,87,9,9
25451,81,82,-1,1
25452,93,97,-4,4
25453,108,114,-6,6
25454,69,66,3,3
25455,106,113,-7,7
25456,80,86,-6,6
25457,108,106,2,2
25458,95,90,5,5
25459,41,43,-2,2
25460,97,95,2,2
25461,161,138,23,23
25462,96,93,3,3
25463,86,94,-8,8
25464,123,114,9,9
25465,84,76,8,8
25466,81,86,-5,5
25467,99,98,1,1
25468,108,100,8,8
25469,57,63,-6,6
25470,82,84,-2,2
25471,117,146,-29,29
25472,78,87,-9,9
25473,206,202,4,4
25474,70,72,-2,2
25475,66,73,-7,7
25476,132,122,10,10
25477,73,70,3,3
25478,53,59,-6,6
25479,47,56,-9,9
25480,73,81,-8,8
25481,72,73,-1,1
25482,96,91,5,5
25483,182,182,0,0
25484,80,74,6,6
25485,98,93,5,5
25486,103,108,-5,5
25487,182,186,-4,4
25488,136,149,-13,13
25489,101,96,5,5
25490,81,76,5,5
25491,161,152,9,9
25492,83,89,-6,6
25493,57,71,-14,14
25494,119,109,10,10
25495,103,100,3,3
25496,143,131,12,12
25497,61,103,-42,42
25498,117,115,2,2
25499,113,112,1,1
25500,94,98,-4,4
25501,70,74,-4,4
25502,116,120,-4,4
25503,102,92,10,10
25504,154,151,3,3
25505,91,85,6,6
25506,105,112,-7,7
25507,114,125,-11,11
25508,160,166,-6,6
25509,94,90,4,4
25510,151,138,13,13
25511,170,168,2,2
25512,76,72,4,4
25513,74,72,2,2
25514,101,104,-3,3
25515,62,59,3,3
25516,84,86,-2,2
25517,109,111,-2,2
25518,106,106,0,0
25519,119,111,8,8
25520,89,95,-6,6
25521,53,54,-1,1
25522,37,37,0,0
25523,97,98,-1,1
25524,91,87,4,4
25525,94,88,6,6
25526,111,99,12,12
25527,203,208,-5,5
25528,71,71,0,0
25529,63,66,-3,3
25530,55,60,-5,5
25531,87,83,4,4
25532,125,142,-17,17
25533,101,105,-4,4
25534,98,89,9,9
25535,116,124,-8,8
25536,79,81,-2,2
25537,206,200,6,6
25538,102,114,-12,12
25539,153,146,7,7
25540,86,93,-7,7
25541,60,59,1,1
25542,95,111,-16,16
25543,156,149,7,7
25544,90,85,5,5
25545,131,124,7,7
25546,107,102,5,5
25547,56,59,-3,3
25548,96,100,-4,4
25549,67,77,-10,10
25550,66,64,2,2
25551,116,121,-5,5
25552,97,106,-9,9
25553,132,129,3,3
25554,87,94,-7,7
25555,94,99,-5,5
25556,50,56,-6,6
25557,104,97,7,7
25558,179,191,-12,12
25559,121,107,14,14
25560,54,59,-5,5
25561,86,78,8,8
25562,29,32,-3,3
25563,109,109,0,0
25564,81,89,-8,8
25565,75,84,-9,9
25566,179,167,12,12
25567,59,52,7,7
25568,122,116,6,6
25569,209,198,11,11
25570,53,58,-5,5
25571,79,71,8,8
25572,97,94,3,3
25573,99,106,-7,7
25574,50,49,1,1
25575,81,88,-7,7
25576,77,73,4,4
25577,179,170,9,9
25578,100,109,-9,9
25579,57,66,-9,9
25580,88,91,-3,3
25581,47,54,-7,7
25582,92,91,1,1
25583,94,85,9,9
25584,49,72,-23,23
25585,155,136,19,19
25586,93,100,-7,7
25587,160,149,11,11
25588,34,38,-4,4
25589,109,109,0,0
25590,112,112,0,0
25591,65,62,3,3
25592,76,69,7,7
25593,82,93,-11,11
25594,97,81,16,16
25595,72,77,-5,5
25596,95,100,-5,5
25597,59,63,-4,4
25598,52,54,-2,2
25599,81,73,8,8
25600,87,83,4,4
25601,129,125,4,4
25602,57,81,-24,24
25603,54,59,-5,5
25604,122,108,14,14
25605,90,90,0,0
25606,136,131,5,5
25607,55,53,2,2
25608,69,77,-8,8
25609,118,116,2,2
25610,103,108,-5,5
25611,70,70,0,0
25612,43,49,-6,6
25613,66,71,-5,5
25614,140,144,-4,4
25615,89,97,-8,8
25616,147,126,21,21
25617,112,113,-1,1
25618,78,67,11,11
25619,40,44,-4,4
25620,55,61,-6,6
25621,77,78,-1,1
25622,80,96,-16,16
25623,71,74,-3,3
25624,82,85,-3,3
25625,82,89,-7,7
25626,93,102,-9,9
25627,68,66,2,2
25628,96,86,10,10
25629,116,116,0,0
25630,53,71,-18,18
25631,87,81,6,6
25632,116,118,-2,2
25633,102,94,8,8
25634,89,83,6,6
25635,121,117,4,4
25636,92,87,5,5
25637,29,51,-22,22
25638,98,88,10,10
25639,70,62,8,8
25640,127,118,9,9
25641,208,202,6,6
25642,85,80,5,5
25643,84,94,-10,10
25644,92,97,-5,5
25645,118,136,-18,18
25646,66,71,-5,5
25647,79,82,-3,3
25648,167,156,11,11
25649,174,177,-3,3
25650,92,89,3,3
25651,90,99,-9,9
25652,103,98,5,5
25653,85,82,3,3
25654,43,46,-3,3
25655,144,143,1,1
25656,66,64,2,2
25657,33,50,-17,17
25658,50,59,-9,9
25659,68,65,3,3
25660,152,166,-14,14
25661,102,97,5,5
25662,45,45,0,0
25663,67,64,3,3
25664,59,62,-3,3
25665,92,102,-10,10
25666,138,139,-1,1
25667,152,149,3,3
25668,79,73,6,6
25669,122,125,-3,3
25670,122,119,3,3
25671,59,67,-8,8
25672,164,151,13,13
25673,93,150,-57,57
25674,86,96,-10,10
25675,133,125,8,8
25676,95,111,-16,16
25677,86,92,-6,6
25678,76,73,3,3
25679,152,148,4,4
25680,99,90,9,9
25681,62,60,2,2
25682,92,97,-5,5
25683,105,99,6,6
25684,95,90,5,5
25685,103,82,21,21
25686,64,66,-2,2
25687,113,128,-15,15
25688,139,145,-6,6
25689,116,111,5,5
25690,109,122,-13,13
25691,110,113,-3,3
25692,102,104,-2,2
25693,108,115,-7,7
25694,83,72,11,11
25695,151,149,2,2
25696,84,90,-6,6
25697,109,104,5,5
25698,136,129,7,7
25699,109,106,3,3
25700,136,117,19,19
25701,109,106,3,3
25702,68,74,-6,6
25703,76,72,4,4
25704,81,82,-1,1
25705,102,100,2,2
25706,139,138,1,1
25707,86,90,-4,4
25708,105,98,7,7
25709,58,64,-6,6
25710,35,48,-13,13
25711,49,57,-8,8
25712,82,79,3,3
25713,70,75,-5,5
25714,79,82,-3,3
25715,66,60,6,6
25716,122,122,0,0
25717,77,73,4,4
25718,120,119,1,1
25719,155,141,14,14
25720,123,127,-4,4
25721,74,80,-6,6
25722,88,86,2,2
25723,143,144,-1,1
25724,88,74,14,14
25725,57,61,-4,4
25726,130,125,5,5
25727,81,91,-10,10
25728,83,91,-8,8
25729,173,153,20,20
25730,66,71,-5,5
25731,91,92,-1,1
25732,70,64,6,6
25733,73,61,12,12
25734,72,77,-5,5
25735,73,73,0,0
25736,109,119,-10,10
25737,106,66,40,40
25738,72,71,1,1
25739,80,88,-8,8
25740,188,178,10,10
25741,112,111,1,1
25742,116,114,2,2
25743,115,105,10,10
25744,97,98,-1,1
25745,171,172,-1,1
25746,96,102,-6,6
25747,97,92,5,5
25748,60,62,-2,2
25749,119,108,11,11
25750,144,141,3,3
25751,64,63,1,1
25752,55,61,-6,6
25753,92,89,3,3
25754,92,89,3,3
25755,133,137,-4,4
25756,62,63,-1,1
25757,143,142,1,1
25758,92,99,-7,7
25759,95,118,-23,23
25760,43,43,0,0
25761,110,110,0,0
25762,94,84,10,10
25763,68,72,-4,4
25764,81,81,0,0
25765,150,135,15,15
25766,129,128,1,1
25767,133,125,8,8
25768,105,107,-2,2
25769,66,84,-18,18
25770,91,94,-3,3
25771,90,77,13,13
25772,117,98,19,19
25773,140,134,6,6
25774,165,160,5,5
25775,95,96,-1,1
25776,85,81,4,4
25777,158,146,12,12
25778,138,148,-10,10
25779,96,98,-2,2
25780,122,120,2,2
25781,65,62,3,3
25782,63,63,0,0
25783,111,110,1,1
25784,80,99,-19,19
25785,79,81,-2,2
25786,100,92,8,8
25787,81,84,-3,3
25788,92,93,-1,1
25789,75,94,-19,19
25790,82,84,-2,2
25791,79,88,-9,9
25792,57,68,-11,11
25793,148,126,22,22
25794,79,78,1,1
25795,122,121,1,1
25796,82,84,-2,2
25797,61,60,1,1
25798,38,44,-6,6
25799,94,102,-8,8
25800,101,86,15,15
25801,89,85,4,4
25802,68,65,3,3
25803,47,57,-10,10
25804,90,85,5,5
25805,60,62,-2,2
25806,114,111,3,3
25807,80,88,-8,8
25808,127,114,13,13
25809,102,112,-10,10
25810,69,65,4,4
25811,53,66,-13,13
25812,59,66,-7,7
25813,95,101,-6,6
25814,64,63,1,1
25815,144,155,-11,11
25816,71,60,11,11
25817,100,107,-7,7
25818,116,119,-3,3
25819,104,100,4,4
25820,177,190,-13,13
25821,108,106,2,2
25822,132,126,6,6
25823,118,110,8,8
25824,135,151,-16,16
25825,115,114,1,1
25826,73,75,-2,2
25827,133,126,7,7
25828,95,96,-1,1
25829,80,81,-1,1
25830,48,73,-25,25
25831,158,155,3,3
25832,73,76,-3,3
25833,94,88,6,6
25834,74,97,-23,23
25835,154,160,-6,6
25836,127,130,-3,3
25837,73,72,1,1
25838,89,85,4,4
25839,61,66,-5,5
25840,87,79,8,8
25841,65,82,-17,17
25842,81,88,-7,7
25843,99,98,1,1
25844,83,91,-8,8
25845,90,94,-4,4
25846,82,83,-1,1
25847,115,106,9,9
25848,137,143,-6,6
25849,78,79,-1,1
25850,94,87,7,7
25851,101,101,0,0
25852,96,95,1,1
25853,77,74,3,3
25854,112,107,5,5
25855,138,140,-2,2
25856,98,97,1,1
25857,91,97,-6,6
25858,143,138,5,5
25859,153,153,0,0
25860,40,41,-1,1
25861,69,65,4,4
25862,67,66,1,1
25863,43,50,-7,7
25864,104,111,-7,7
25865,117,113,4,4
25866,84,78,6,6
25867,84,89,-5,5
25868,74,67,7,7
25869,75,72,3,3
25870,147,157,-10,10
25871,94,97,-3,3
25872,92,91,1,1
25873,71,73,-2,2
25874,84,81,3,3
25875,78,100,-22,22
25876,83,82,1,1
25877,84,92,-8,8
25878,42,67,-25,25
25879,149,151,-2,2
25880,95,102,-7,7
25881,132,120,12,12
25882,83,92,-9,9
25883,131,135,-4,4
25884,62,66,-4,4
25885,87,87,0,0
25886,91,81,10,10
25887,155,174,-19,19
25888,73,83,-10,10
25889,98,102,-4,4
25890,72,71,1,1
25891,75,79,-4,4
25892,147,146,1,1
25893,54,63,-9,9
25894,128,126,2,2
25895,98,99,-1,1
25896,111,111,0,0
25897,81,84,-3,3
25898,87,79,8,8
25899,28,63,-35,35
25900,123,125,-2,2
25901,82,78,4,4
25902,82,73,9,9
25903,113,110,3,3
25904,121,136,-15,15
25905,124,124,0,0
25906,85,82,3,3
25907,82,85,-3,3
25908,107,115,-8,8
25909,113,117,-4,4
25910,74,84,-10,10
25911,97,92,5,5
25912,56,61,-5,5
25913,89,88,1,1
25914,132,127,5,5
25915,134,131,3,3
25916,93,97,-4,4
25917,128,137,-9,9
25918,121,125,-4,4
25919,132,142,-10,10
25920,114,117,-3,3
25921,93,89,4,4
25922,132,132,0,0
25923,139,123,16,16
25924,59,60,-1,1
25925,185,171,14,14
25926,47,58,-11,11
25927,68,71,-3,3
25928,122,132,-10,10
25929,130,140,-10,10
25930,98,101,-3,3
25931,42,45,-3,3
25932,125,125,0,0
25933,56,57,-1,1
25934,129,130,-1,1
25935,60,84,-24,24
25936,51,54,-3,3
25937,78,80,-2,2
25938,62,71,-9,9
25939,80,94,-14,14
25940,39,47,-8,8
25941,120,120,0,0
25942,100,90,10,10
25943,112,124,-12,12
25944,85,83,2,2
25945,118,114,4,4
25946,124,135,-11,11
25947,56,56,0,0
25948,97,102,-5,5
25949,83,91,-8,8
25950,91,94,-3,3
25951,68,71,-3,3
25952,108,114,-6,6
25953,87,92,-5,5
25954,57,60,-3,3
25955,70,66,4,4
25956,87,89,-2,2
25957,111,107,4,4
25958,79,84,-5,5
25959,117,108,9,9
25960,95,101,-6,6
25961,139,134,5,5
25962,52,49,3,3
25963,47,101,-54,54
25964,104,103,1,1
25965,89,83,6,6
25966,86,92,-6,6
25967,90,85,5,5
25968,113,112,1,1
25969,89,90,-1,1
25970,94,101,-7,7
25971,134,132,2,2
25972,63,61,2,2
25973,102,101,1,1
25974,146,137,9,9
25975,140,141,-1,1
25976,73,74,-1,1
25977,127,129,-2,2
25978,47,59,-12,12
25979,90,108,-18,18
25980,77,77,0,0
25981,136,129,7,7
25982,121,125,-4,4
25983,82,77,5,5
25984,114,127,-13,13
25985,114,111,3,3
25986,80,76,4,4
25987,82,76,6,6
25988,79,77,2,2
25989,107,114,-7,7
25990,113,101,12,12
25991,114,113,1,1
25992,52,60,-8,8
25993,67,66,1,1
25994,74,78,-4,4
25995,113,117,-4,4
25996,77,74,3,3
25997,125,132,-7,7
25998,60,58,2,2
25999,78,78,0,0
26000,94,97,-3,3
26001,102,101,1,1
26002,115,110,5,5
26003,114,112,2,2
26004,115,122,-7,7
26005,109,108,1,1
26006,107,116,-9,9
26007,80,79,1,1
26008,111,106,5,5
26009,36,55,-19,19
26010,78,78,0,0
26011,87,84,3,3
26012,74,74,0,0
26013,70,75,-5,5
26014,64,66,-2,2
26015,51,52,-1,1
26016,97,100,-3,3
26017,106,103,3,3
26018,150,149,1,1
26019,105,97,8,8
26020,80,85,-5,5
26021,81,84,-3,3
26022,78,83,-5,5
26023,103,108,-5,5
26024,68,69,-1,1
26025,69,71,-2,2
26026,100,120,-20,20
26027,100,85,15,15
26028,171,168,3,3
26029,102,98,4,4
26030,98,89,9,9
26031,81,88,-7,7
26032,86,80,6,6
26033,47,54,-7,7
26034,83,88,-5,5
26035,139,141,-2,2
26036,71,75,-4,4
26037,142,139,3,3
26038,65,63,2,2
26039,68,65,3,3
26040,63,64,-1,1
26041,105,95,10,10
26042,53,61,-8,8
26043,126,124,2,2
26044,137,143,-6,6
26045,64,62,2,2
26046,126,141,-15,15
26047,117,111,6,6
26048,65,91,-26,26
26049,133,139,-6,6
26050,64,59,5,5
26051,96,88,8,8
26052,92,92,0,0
26053,99,105,-6,6
26054,148,152,-4,4
26055,54,55,-1,1
26056,99,81,18,18
26057,89,100,-11,11
26058,63,63,0,0
26059,90,88,2,2
26060,71,79,-8,8
26061,82,73,9,9
26062,89,85,4,4
26063,58,59,-1,1
26064,88,94,-6,6
26065,91,93,-2,2
26066,29,37,-8,8
26067,63,74,-11,11
26068,73,73,0,0
26069,68,63,5,5
26070,76,84,-8,8
26071,73,65,8,8
26072,152,142,10,10
26073,113,101,12,12
26074,57,52,5,5
26075,81,80,1,1
26076,102,111,-9,9
26077,87,116,-29,29
26078,106,112,-6,6
26079,83,89,-6,6
26080,164,159,5,5
26081,122,107,15,15
26082,68,75,-7,7
26083,79,76,3,3
26084,57,59,-2,2
26085,116,122,-6,6
26086,57,59,-2,2
26087,105,94,11,11
26088,95,88,7,7
26089,164,164,0,0
26090,159,170,-11,11
26091,92,80,12,12
26092,100,114,-14,14
26093,64,60,4,4
26094,121,164,-43,43
26095,157,147,10,10
26096,116,117,-1,1
26097,46,52,-6,6
26098,106,103,3,3
26099,67,73,-6,6
26100,83,89,-6,6
26101,66,62,4,4
26102,105,112,-7,7
26103,166,174,-8,8
26104,109,93,16,16
26105,75,76,-1,1
26106,86,83,3,3
26107,91,84,7,7
26108,76,74,2,2
26109,149,161,-12,12
26110,102,96,6,6
26111,76,80,-4,4
26112,64,61,3,3
26113,108,104,4,4
26114,99,98,1,1
26115,104,107,-3,3
26116,136,144,-8,8
26117,72,88,-16,16
26118,92,82,10,10
26119,70,72,-2,2
26120,69,71,-2,2
26121,154,150,4,4
26122,129,124,5,5
26123,102,98,4,4
26124,107,106,1,1
26125,107,113,-6,6
26126,75,66,9,9
26127,108,104,4,4
26128,96,90,6,6
26129,80,85,-5,5
26130,73,75,-2,2
26131,129,128,1,1
26132,57,59,-2,2
26133,92,92,0,0
26134,70,80,-10,10
26135,61,67,-6,6
26136,52,69,-17,17
26137,145,138,7,7
26138,74,78,-4,4
26139,75,70,5,5
26140,134,134,0,0
26141,105,114,-9,9
26142,108,100,8,8
26143,98,104,-6,6
26144,96,88,8,8
26145,135,135,0,0
26146,103,107,-4,4
26147,84,81,3,3
26148,132,126,6,6
26149,114,100,14,14
26150,87,82,5,5
26151,55,59,-4,4
26152,65,60,5,5
26153,48,56,-8,8
26154,64,64,0,0
26155,113,99,14,14
26156,137,128,9,9
26157,124,124,0,0
26158,47,49,-2,2
26159,103,97,6,6
26160,136,134,2,2
26161,80,79,1,1
26162,65,84,-19,19
26163,117,109,8,8
26164,113,122,-9,9
26165,71,66,5,5
26166,132,143,-11,11
26167,102,86,16,16
26168,191,188,3,3
26169,127,121,6,6
26170,102,103,-1,1
26171,104,100,4,4
26172,113,113,0,0
26173,74,91,-17,17
26174,143,144,-1,1
26175,73,66,7,7
26176,143,141,2,2
26177,120,113,7,7
26178,95,93,2,2
26179,84,90,-6,6
26180,146,146,0,0
26181,70,66,4,4
26182,125,110,15,15
26183,79,79,0,0
26184,77,86,-9,9
26185,69,66,3,3
26186,100,98,2,2
26187,190,174,16,16
26188,90,92,-2,2
26189,67,82,-15,15
26190,179,184,-5,5
26191,68,77,-9,9
26192,79,93,-14,14
26193,149,136,13,13
26194,87,71,16,16
26195,58,86,-28,28
26196,176,188,-12,12
26197,67,66,1,1
26198,76,79,-3,3
26199,127,124,3,3
26200,73,71,2,2
26201,68,68,0,0
26202,70,71,-1,1
26203,101,94,7,7
26204,122,131,-9,9
26205,95,90,5,5
26206,90,87,3,3
26207,85,90,-5,5
26208,138,137,1,1
26209,115,119,-4,4
26210,122,118,4,4
26211,59,57,2,2
26212,51,54,-3,3
26213,106,102,4,4
26214,110,115,-5,5
26215,111,116,-5,5
26216,62,79,-17,17
26217,93,82,11,11
26218,46,48,-2,2
26219,107,114,-7,7
26220,144,132,12,12
26221,92,82,10,10
26222,92,92,0,0
26223,95,108,-13,13
26224,154,151,3,3
26225,54,54,0,0
26226,102,102,0,0
26227,61,67,-6,6
26228,109,118,-9,9
26229,155,134,21,21
26230,83,73,10,10
26231,79,77,2,2
26232,102,100,2,2
26233,133,119,14,14
26234,134,143,-9,9
26235,81,76,5,5
26236,151,150,1,1
26237,46,51,-5,5
26238,97,97,0,0
26239,62,60,2,2
26240,114,115,-1,1
26241,83,89,-6,6
26242,114,112,2,2
26243,87,95,-8,8
26244,110,97,13,13
26245,232,242,-10,10
26246,35,40,-5,5
26247,96,94,2,2
26248,87,93,-6,6
26249,52,56,-4,4
26250,89,84,5,5
26251,84,74,10,10
26252,84,87,-3,3
26253,151,150,1,1
26254,51,56,-5,5
26255,112,105,7,7
26256,189,184,5,5
26257,68,66,2,2
26258,77,75,2,2
26259,62,64,-2,2
26260,112,113,-1,1
26261,95,95,0,0
26262,81,86,-5,5
26263,108,97,11,11
26264,96,94,2,2
26265,58,55,3,3
26266,84,83,1,1
26267,116,106,10,10
26268,97,99,-2,2
26269,92,93,-1,1
26270,101,111,-10,10
26271,56,53,3,3
26272,74,77,-3,3
26273,115,110,5,5
26274,74,79,-5,5
26275,58,57,1,1
26276,129,134,-5,5
26277,91,91,0,0
26278,59,55,4,4
26279,52,51,1,1
26280,73,76,-3,3
26281,69,61,8,8
26282,119,98,21,21
26283,126,123,3,3
26284,114,94,20,20
26285,100,110,-10,10
26286,86,84,2,2
26287,116,132,-16,16
26288,72,70,2,2
26289,61,65,-4,4
26290,83,73,10,10
26291,94,96,-2,2
26292,90,96,-6,6
26293,93,101,-8,8
26294,31,39,-8,8
26295,163,159,4,4
26296,99,96,3,3
26297,46,53,-7,7
26298,55,57,-2,2
26299,75,80,-5,5
26300,72,76,-4,4
26301,107,96,11,11
26302,89,96,-7,7
26303,66,54,12,12
26304,67,74,-7,7
26305,145,148,-3,3
26306,151,149,2,2
26307,153,136,17,17
26308,56,53,3,3
26309,97,102,-5,5
26310,162,159,3,3
26311,90,89,1,1
26312,106,100,6,6
26313,27,33,-6,6
26314,93,85,8,8
26315,105,104,1,1
26316,123,139,-16,16
26317,61,64,-3,3
26318,64,59,5,5
26319,109,115,-6,6
26320,153,153,0,0
26321,81,78,3,3
26322,167,151,16,16
26323,100,95,5,5
26324,40,54,-14,14
26325,84,95,-11,11
26326,126,129,-3,3
26327,69,72,-3,3
26328,54,44,10,10
26329,41,46,-5,5
26330,86,94,-8,8
26331,71,65,6,6
26332,97,95,2,2
26333,131,137,-6,6
26334,42,45,-3,3
26335,102,102,0,0
26336,83,87,-4,4
26337,187,178,9,9
26338,180,181,-1,1
26339,73,75,-2,2
26340,108,134,-26,26
26341,57,61,-4,4
26342,121,121,0,0
26343,88,92,-4,4
26344,105,107,-2,2
26345,80,91,-11,11
26346,86,96,-10,10
26347,124,121,3,3
26348,117,115,2,2
26349,112,111,1,1
26350,66,64,2,2
26351,94,104,-10,10
26352,107,111,-4,4
26353,45,46,-1,1
26354,121,121,0,0
26355,82,76,6,6
26356,69,71,-2,2
26357,160,150,10,10
26358,119,112,7,7
26359,58,59,-1,1
26360,100,97,3,3
26361,72,73,-1,1
26362,67,66,1,1
26363,66,66,0,0
26364,119,116,3,3
26365,138,148,-10,10
26366,65,63,2,2
26367,105,113,-8,8
26368,36,51,-15,15
26369,69,71,-2,2
26370,78,75,3,3
26371,131,122,9,9
26372,109,121,-12,12
26373,75,72,3,3
26374,63,56,7,7
26375,53,63,-10,10
26376,105,110,-5,5
26377,64,72,-8,8
26378,70,75,-5,5
26379,26,38,-12,12
26380,181,178,3,3
26381,66,71,-5,5
26382,130,142,-12,12
26383,122,125,-3,3
26384,94,90,4,4
26385,124,126,-2,2
26386,70,75,-5,5
26387,114,118,-4,4
26388,93,85,8,8
26389,106,116,-10,10
26390,96,94,2,2
26391,90,96,-6,6
26392,118,122,-4,4
26393,63,88,-25,25
26394,79,86,-7,7
26395,43,53,-10,10
26396,112,119,-7,7
26397,45,57,-12,12
26398,114,125,-11,11
26399,107,98,9,9
26400,83,79,4,4
26401,40,45,-5,5
26402,98,104,-6,6
26403,115,115,0,0
26404,92,101,-9,9
26405,131,140,-9,9
26406,106,91,15,15
26407,99,96,3,3
26408,67,65,2,2
26409,171,165,6,6
26410,128,114,14,14
26411,88,84,4,4
26412,56,60,-4,4
26413,113,109,4,4
26414,62,49,13,13
26415,81,72,9,9
26416,83,89,-6,6
26417,113,106,7,7
26418,100,107,-7,7
26419,91,86,5,5
26420,79,88,-9,9
26421,156,153,3,3
26422,113,118,-5,5
26423,67,81,-14,14
26424,129,125,4,4
26425,89,90,-1,1
26426,66,66,0,0
26427,102,109,-7,7
26428,131,132,-1,1
26429,111,111,0,0
26430,47,46,1,1
26431,37,48,-11,11
26432,92,96,-4,4
26433,91,91,0,0
26434,101,99,2,2
26435,43,55,-12,12
26436,78,72,6,6
26437,102,105,-3,3
26438,92,92,0,0
26439,96,108,-12,12
26440,109,114,-5,5
26441,98,103,-5,5
26442,131,121,10,10
26443,104,111,-7,7
26444,96,127,-31,31
26445,98,98,0,0
26446,66,66,0,0
26447,75,76,-1,1
26448,70,71,-1,1
26449,49,53,-4,4
26450,110,99,11,11
26451,128,116,12,12
26452,50,50,0,0
26453,85,89,-4,4
26454,59,55,4,4
26455,41,62,-21,21
26456,71,71,0,0
26457,117,110,7,7
26458,91,94,-3,3
26459,64,66,-2,2
26460,118,121,-3,3
26461,43,48,-5,5
26462,134,134,0,0
26463,101,94,7,7
26464,109,96,13,13
26465,114,127,-13,13
26466,118,130,-12,12
26467,70,79,-9,9
26468,102,99,3,3
26469,157,161,-4,4
26470,308,293,15,15
26471,104,117,-13,13
26472,106,94,12,12
26473,74,73,1,1
26474,148,141,7,7
26475,106,108,-2,2
26476,74,75,-1,1
26477,118,112,6,6
26478,114,117,-3,3
26479,60,59,1,1
26480,135,122,13,13
26481,60,59,1,1
26482,62,62,0,0
26483,120,127,-7,7
26484,150,169,-19,19
26485,112,104,8,8
26486,87,88,-1,1
26487,100,102,-2,2
26488,52,57,-5,5
26489,82,85,-3,3
26490,136,145,-9,9
26491,65,70,-5,5
26492,104,97,7,7
26493,134,129,5,5
26494,104,94,10,10
26495,119,120,-1,1
26496,119,115,4,4
26497,60,73,-13,13
26498,155,156,-1,1
26499,129,133,-4,4
26500,46,52,-6,6
26501,58,60,-2,2
26502,73,62,11,11
26503,114,104,10,10
26504,85,96,-11,11
26505,77,76,1,1
26506,89,84,5,5
26507,186,177,9,9
26508,74,73,1,1
26509,80,69,11,11
26510,108,112,-4,4
26511,112,86,26,26
26512,38,40,-2,2
26513,61,54,7,7
26514,109,105,4,4
26515,46,41,5,5
26516,139,130,9,9
26517,85,90,-5,5
26518,97,90,7,7
26519,60,73,-13,13
26520,36,44,-8,8
26521,89,103,-14,14
26522,147,147,0,0
26523,94,83,11,11
26524,88,84,4,4
26525,120,115,5,5
26526,75,87,-12,12
26527,95,98,-3,3
26528,90,86,4,4
26529,46,54,-8,8
26530,49,52,-3,3
26531,145,142,3,3
26532,93,84,9,9
26533,48,46,2,2
26534,93,92,1,1
26535,76,70,6,6
26536,51,50,1,1
26537,102,95,7,7
26538,86,87,-1,1
26539,88,83,5,5
26540,97,101,-4,4
26541,139,131,8,8
26542,163,157,6,6
26543,91,101,-10,10
26544,139,127,12,12
26545,56,67,-11,11
26546,56,71,-15,15
26547,84,84,0,0
26548,85,88,-3,3
26549,55,59,-4,4
26550,82,80,2,2
26551,90,84,6,6
26552,102,91,11,11
26553,46,51,-5,5
26554,151,153,-2,2
26555,90,88,2,2
26556,78,114,-36,36
26557,70,63,7,7
26558,126,119,7,7
26559,114,117,-3,3
26560,135,123,12,12
26561,209,198,11,11
26562,163,159,4,4
26563,62,63,-1,1
26564,79,94,-15,15
26565,90,88,2,2
26566,126,120,6,6
26567,161,147,14,14
26568,119,114,5,5
26569,65,77,-12,12
26570,75,104,-29,29
26571,94,86,8,8
26572,57,54,3,3
26573,60,61,-1,1
26574,62,62,0,0
26575,61,66,-5,5
26576,174,170,4,4
26577,65,67,-2,2
26578,122,124,-2,2
26579,103,121,-18,18
26580,66,70,-4,4
26581,110,103,7,7
26582,59,60,-1,1
26583,120,113,7,7
26584,101,102,-1,1
26585,94,93,1,1
26586,125,126,-1,1
26587,76,74,2,2
26588,66,72,-6,6
26589,85,91,-6,6
26590,101,106,-5,5
26591,79,77,2,2
26592,179,166,13,13
26593,73,81,-8,8
26594,97,101,-4,4
26595,40,62,-22,22
26596,75,72,3,3
26597,157,158,-1,1
26598,77,78,-1,1
26599,108,119,-11,11
26600,129,121,8,8
26601,100,99,1,1
26602,76,93,-17,17
26603,40,42,-2,2
26604,72,74,-2,2
26605,81,79,2,2
26606,122,116,6,6
26607,77,72,5,5
26608,162,160,2,2
26609,52,53,-1,1
26610,86,80,6,6
26611,61,54,7,7
26612,139,135,4,4
26613,122,119,3,3
26614,129,134,-5,5
26615,64,62,2,2
26616,53,55,-2,2
26617,163,158,5,5
26618,76,88,-12,12
26619,47,48,-1,1
26620,57,60,-3,3
26621,142,135,7,7
26622,89,79,10,10
26623,100,106,-6,6
26624,126,136,-10,10
26625,149,139,10,10
26626,102,96,6,6
26627,51,57,-6,6
26628,131,116,15,15
26629,113,116,-3,3
26630,128,120,8,8
26631,84,74,10,10
26632,88,86,2,2
26633,96,91,5,5
26634,131,117,14,14
26635,142,146,-4,4
26636,139,134,5,5
26637,62,65,-3,3
26638,162,173,-11,11
26639,100,102,-2,2
26640,94,91,3,3
26641,118,113,5,5
26642,140,128,12,12
26643,105,103,2,2
26644,54,59,-5,5
26645,80,82,-2,2
26646,54,54,0,0
26647,82,87,-5,5
26648,78,79,-1,1
26649,81,80,1,1
26650,55,56,-1,1
26651,142,151,-9,9
26652,152,145,7,7
26653,121,120,1,1
26654,109,106,3,3
26655,80,88,-8,8
26656,73,75,-2,2
26657,154,126,28,28
26658,122,126,-4,4
26659,85,82,3,3
26660,65,72,-7,7
26661,127,118,9,9
26662,44,46,-2,2
26663,90,99,-9,9
26664,115,116,-1,1
26665,124,122,2,2
26666,148,154,-6,6
26667,49,47,2,2
26668,77,77,0,0
26669,173,170,3,3
26670,68,75,-7,7
26671,149,152,-3,3
26672,73,72,1,1
26673,54,52,2,2
26674,90,81,9,9
26675,73,76,-3,3
26676,74,80,-6,6
26677,49,46,3,3
26678,79,74,5,5
26679,117,120,-3,3
26680,57,65,-8,8
26681,123,113,10,10
26682,94,93,1,1
26683,124,109,15,15
26684,74,79,-5,5
26685,63,64,-1,1
26686,116,110,6,6
26687,93,86,7,7
26688,115,124,-9,9
26689,64,63,1,1
26690,117,123,-6,6
26691,74,77,-3,3
26692,49,45,4,4
26693,72,67,5,5
26694,86,91,-5,5
26695,52,54,-2,2
26696,87,88,-1,1
26697,152,155,-3,3
26698,61,65,-4,4
26699,67,72,-5,5
26700,64,72,-8,8
26701,100,101,-1,1
26702,135,119,16,16
26703,120,124,-4,4
26704,124,114,10,10
26705,105,113,-8,8
26706,144,156,-12,12
26707,100,102,-2,2
26708,80,81,-1,1
26709,73,89,-16,16
26710,82,85,-3,3
26711,76,72,4,4
26712,115,118,-3,3
26713,106,107,-1,1
26714,125,129,-4,4
26715,86,81,5,5
26716,94,91,3,3
26717,80,85,-5,5
26718,145,132,13,13
26719,122,118,4,4
26720,122,119,3,3
26721,115,111,4,4
26722,66,65,1,1
26723,85,78,7,7
26724,95,105,-10,10
26725,110,100,10,10
26726,49,61,-12,12
26727,80,95,-15,15
26728,101,95,6,6
26729,77,76,1,1
26730,89,101,-12,12
26731,130,118,12,12
26732,106,121,-15,15
26733,56,54,2,2
26734,68,62,6,6
26735,152,148,4,4
26736,113,119,-6,6
26737,98,98,0,0
26738,125,121,4,4
26739,71,72,-1,1
26740,123,119,4,4
26741,97,80,17,17
26742,77,75,2,2
26743,56,62,-6,6
26744,127,125,2,2
26745,49,59,-10,10
26746,115,111,4,4
26747,61,62,-1,1
26748,97,93,4,4
26749,101,104,-3,3
26750,77,83,-6,6
26751,117,128,-11,11
26752,90,99,-9,9
26753,120,116,4,4
26754,80,81,-1,1
26755,71,65,6,6
26756,54,58,-4,4
26757,80,86,-6,6
26758,110,113,-3,3
26759,71,88,-17,17
26760,82,88,-6,6
26761,68,77,-9,9
26762,78,85,-7,7
26763,69,63,6,6
26764,87,95,-8,8
26765,94,86,8,8
26766,137,131,6,6
26767,57,59,-2,2
26768,56,54,2,2
26769,57,67,-10,10
26770,62,61,1,1
26771,63,72,-9,9
26772,165,158,7,7
26773,115,110,5,5
26774,133,130,3,3
26775,94,82,12,12
26776,107,112,-5,5
26777,106,102,4,4
26778,112,121,-9,9
26779,93,95,-2,2
26780,55,62,-7,7
26781,85,87,-2,2
26782,41,42,-1,1
26783,120,111,9,9
26784,99,97,2,2
26785,83,72,11,11
26786,84,85,-1,1
26787,110,107,3,3
26788,124,150,-26,26
26789,122,118,4,4
26790,38,43,-5,5
26791,120,116,4,4
26792,97,100,-3,3
26793,61,64,-3,3
26794,113,121,-8,8
26795,74,70,4,4
26796,79,74,5,5
26797,125,110,15,15
26798,81,82,-1,1
26799,125,122,3,3
26800,123,127,-4,4
26801,90,99,-9,9
26802,48,54,-6,6
26803,55,61,-6,6
26804,62,74,-12,12
26805,64,78,-14,14
26806,91,93,-2,2
26807,145,150,-5,5
26808,86,82,4,4
26809,66,72,-6,6
26810,116,128,-12,12
26811,76,77,-1,1
26812,88,97,-9,9
26813,103,112,-9,9
26814,97,104,-7,7
26815,138,133,5,5
26816,75,76,-1,1
26817,92,85,7,7
26818,149,151,-2,2
26819,60,60,0,0
26820,108,114,-6,6
26821,30,38,-8,8
26822,89,83,6,6
26823,49,58,-9,9
26824,97,91,6,6
26825,128,117,11,11
26826,96,96,0,0
26827,96,92,4,4
26828,63,56,7,7
26829,76,76,0,0
26830,106,110,-4,4
26831,79,89,-10,10
26832,127,123,4,4
26833,45,52,-7,7
26834,105,115,-10,10
26835,90,87,3,3
26836,43,49,-6,6
26837,235,163,72,72
26838,50,58,-8,8
26839,111,108,3,3
26840,69,63,6,6
26841,52,143,-91,91
26842,105,107,-2,2
26843,49,50,-1,1
26844,66,70,-4,4
26845,64,66,-2,2
26846,75,71,4,4
26847,70,75,-5,5
26848,96,93,3,3
26849,86,91,-5,5
26850,109,108,1,1
26851,357,275,82,82
26852,74,73,1,1
26853,96,102,-6,6
26854,101,108,-7,7
26855,86,89,-3,3
26856,97,88,9,9
26857,47,43,4,4
26858,76,91,-15,15
26859,139,135,4,4
26860,127,127,0,0
26861,119,115,4,4
26862,133,128,5,5
26863,190,197,-7,7
26864,119,113,6,6
26865,96,93,3,3
26866,31,35,-4,4
26867,94,109,-15,15
26868,112,131,-19,19
26869,104,100,4,4
26870,162,151,11,11
26871,128,125,3,3
26872,142,147,-5,5
26873,107,78,29,29
26874,120,109,11,11
26875,57,62,-5,5
26876,157,152,5,5
26877,94,92,2,2
26878,109,122,-13,13
26879,58,65,-7,7
26880,108,93,15,15
26881,88,81,7,7
26882,123,133,-10,10
26883,85,85,0,0
26884,136,152,-16,16
26885,72,78,-6,6
26886,77,75,2,2
26887,59,58,1,1
26888,154,145,9,9
26889,63,79,-16,16
26890,40,44,-4,4
26891,142,155,-13,13
26892,160,152,8,8
26893,68,60,8,8
26894,91,84,7,7
26895,77,83,-6,6
26896,135,134,1,1
26897,134,208,-74,74
26898,172,178,-6,6
26899,131,163,-32,32
26900,86,91,-5,5
26901,67,73,-6,6
26902,55,55,0,0
26903,148,144,4,4
26904,66,71,-5,5
26905,120,107,13,13
26906,83,84,-1,1
26907,101,93,8,8
26908,83,74,9,9
26909,106,130,-24,24
26910,99,99,0,0
26911,67,68,-1,1
26912,130,130,0,0
26913,79,80,-1,1
26914,43,51,-8,8
26915,146,138,8,8
26916,57,55,2,2
26917,100,114,-14,14
26918,139,126,13,13
26919,114,102,12,12
26920,61,64,-3,3
26921,77,92,-15,15
26922,102,114,-12,12
26923,104,97,7,7
26924,145,149,-4,4
26925,81,90,-9,9
26926,87,96,-9,9
26927,135,146,-11,11
26928,117,118,-1,1
26929,82,74,8,8
26930,118,119,-1,1
26931,106,115,-9,9
26932,123,127,-4,4
26933,109,113,-4,4
26934,66,65,1,1
26935,86,88,-2,2
26936,104,108,-4,4
26937,61,74,-13,13
26938,59,84,-25,25
26939,68,70,-2,2
26940,68,70,-2,2
26941,63,66,-3,3
26942,85,81,4,4
26943,135,139,-4,4
26944,117,124,-7,7
26945,134,125,9,9
26946,104,107,-3,3
26947,73,73,0,0
26948,79,78,1,1
26949,137,134,3,3
26950,106,94,12,12
26951,80,67,13,13
26952,175,166,9,9
26953,96,102,-6,6
26954,137,130,7,7
26955,119,118,1,1
26956,118,115,3,3
26957,135,135,0,0
26958,127,106,21,21
26959,103,107,-4,4
26960,87,89,-2,2
26961,90,73,17,17
26962,50,55,-5,5
26963,68,71,-3,3
26964,75,78,-3,3
26965,150,157,-7,7
26966,107,99,8,8
26967,122,122,0,0
26968,48,47,1,1
26969,141,146,-5,5
26970,96,92,4,4
26971,93,95,-2,2
26972,85,82,3,3
26973,55,57,-2,2
26974,51,55,-4,4
26975,99,97,2,2
26976,52,63,-11,11
26977,79,68,11,11
26978,110,112,-2,2
26979,121,116,5,5
26980,37,39,-2,2
26981,92,97,-5,5
26982,66,56,10,10
26983,148,124,24,24
26984,83,82,1,1
26985,175,169,6,6
26986,88,82,6,6
26987,110,105,5,5
26988,79,87,-8,8
26989,64,59,5,5
26990,124,114,10,10
26991,129,125,4,4
26992,91,92,-1,1
26993,59,58,1,1
26994,49,66,-17,17
26995,132,131,1,1
26996,76,112,-36,36
26997,110,103,7,7
26998,61,59,2,2
26999,90,92,-2,2
27000,126,127,-1,1
27001,98,99,-1,1
27002,59,56,3,3
27003,93,99,-6,6
27004,76,65,11,11
27005,75,67,8,8
27006,85,90,-5,5
27007,149,139,10,10
27008,89,86,3,3
27009,112,113,-1,1
27010,88,81,7,7
27011,65,62,3,3
27012,86,87,-1,1
27013,64,56,8,8
27014,81,95,-14,14
27015,86,88,-2,2
27016,70,68,2,2
27017,150,129,21,21
27018,102,96,6,6
27019,92,85,7,7
27020,47,56,-9,9
27021,92,98,-6,6
27022,108,107,1,1
27023,85,89,-4,4
27024,127,124,3,3
27025,114,112,2,2
27026,89,79,10,10
27027,98,103,-5,5
27028,47,43,4,4
27029,95,106,-11,11
27030,174,180,-6,6
27031,74,73,1,1
27032,214,216,-2,2
27033,35,43,-8,8
27034,202,210,-8,8
27035,83,79,4,4
27036,125,118,7,7
27037,109,96,13,13
27038,54,60,-6,6
27039,56,58,-2,2
27040,71,76,-5,5
27041,81,77,4,4
27042,78,78,0,0
27043,61,59,2,2
27044,77,75,2,2
27045,114,109,5,5
27046,59,61,-2,2
27047,116,126,-10,10
27048,49,59,-10,10
27049,66,83,-17,17
27050,91,78,13,13
27051,98,99,-1,1
27052,73,76,-3,3
27053,78,76,2,2
27054,105,111,-6,6
27055,112,108,4,4
27056,84,91,-7,7
27057,78,68,10,10
27058,112,121,-9,9
27059,178,158,20,20
27060,134,137,-3,3
27061,93,90,3,3
27062,99,99,0,0
27063,67,67,0,0
27064,76,79,-3,3
27065,80,74,6,6
27066,74,72,2,2
27067,83,86,-3,3
27068,99,114,-15,15
27069,70,63,7,7
27070,64,68,-4,4
27071,128,123,5,5
27072,93,82,11,11
27073,65,63,2,2
27074,40,45,-5,5
27075,133,127,6,6
27076,97,100,-3,3
27077,89,96,-7,7
27078,73,74,-1,1
27079,102,95,7,7
27080,62,62,0,0
27081,91,94,-3,3
27082,147,142,5,5
27083,70,65,5,5
27084,71,70,1,1
27085,86,88,-2,2
27086,62,63,-1,1
27087,104,92,12,12
27088,72,66,6,6
27089,52,54,-2,2
27090,38,44,-6,6
27091,67,72,-5,5
27092,196,192,4,4
27093,47,45,2,2
27094,51,55,-4,4
27095,88,87,1,1
27096,96,98,-2,2
27097,42,45,-3,3
27098,101,107,-6,6
27099,105,100,5,5
27100,70,67,3,3
27101,87,103,-16,16
27102,120,123,-3,3
27103,71,67,4,4
27104,118,111,7,7
27105,71,82,-11,11
27106,101,111,-10,10
27107,80,77,3,3
27108,107,100,7,7
27109,87,79,8,8
27110,60,73,-13,13
27111,56,51,5,5
27112,79,84,-5,5
27113,148,146,2,2
27114,75,74,1,1
27115,53,55,-2,2
27116,88,88,0,0
27117,104,127,-23,23
27118,77,68,9,9
27119,53,54,-1,1
27120,114,115,-1,1
27121,74,67,7,7
27122,73,85,-12,12
27123,127,122,5,5
27124,81,78,3,3
27125,127,130,-3,3
27126,139,129,10,10
27127,78,78,0,0
27128,79,76,3,3
27129,115,107,8,8
27130,125,113,12,12
27131,141,140,1,1
27132,127,113,14,14
27133,105,106,-1,1
27134,57,62,-5,5
27135,99,105,-6,6
27136,91,86,5,5
27137,98,89,9,9
27138,114,129,-15,15
27139,74,74,0,0
27140,143,128,15,15
27141,68,67,1,1
27142,159,152,7,7
27143,69,66,3,3
27144,72,70,2,2
27145,48,54,-6,6
27146,110,111,-1,1
27147,86,84,2,2
27148,72,73,-1,1
27149,80,73,7,7
27150,70,75,-5,5
27151,37,43,-6,6
27152,79,79,0,0
27153,53,49,4,4
27154,82,78,4,4
27155,55,58,-3,3
27156,72,79,-7,7
27157,104,106,-2,2
27158,81,81,0,0
27159,131,138,-7,7
27160,110,124,-14,14
27161,70,76,-6,6
27162,96,102,-6,6
27163,56,65,-9,9
27164,76,84,-8,8
27165,87,90,-3,3
27166,100,95,5,5
27167,51,55,-4,4
27168,67,63,4,4
27169,50,55,-5,5
27170,72,93,-21,21
27171,69,68,1,1
27172,96,100,-4,4
27173,90,84,6,6
27174,84,86,-2,2
27175,136,141,-5,5
27176,83,82,1,1
27177,93,99,-6,6
27178,130,150,-20,20
27179,111,113,-2,2
27180,107,122,-15,15
27181,112,123,-11,11
27182,27,34,-7,7
27183,156,145,11,11
27184,102,95,7,7
27185,122,124,-2,2
27186,114,107,7,7
27187,39,45,-6,6
27188,137,132,5,5
27189,86,85,1,1
27190,83,77,6,6
27191,148,146,2,2
27192,108,111,-3,3
27193,102,99,3,3
27194,95,94,1,1
27195,52,60,-8,8
27196,78,82,-4,4
27197,99,101,-2,2
27198,124,128,-4,4
27199,94,105,-11,11
27200,120,124,-4,4
27201,102,107,-5,5
27202,128,132,-4,4
27203,64,59,5,5
27204,78,77,1,1
27205,65,74,-9,9
27206,128,133,-5,5
27207,88,80,8,8
27208,63,73,-10,10
27209,86,95,-9,9
27210,102,106,-4,4
27211,120,100,20,20
27212,95,106,-11,11
27213,83,80,3,3
27214,96,108,-12,12
27215,75,76,-1,1
27216,50,54,-4,4
27217,69,65,4,4
27218,118,108,10,10
27219,103,112,-9,9
27220,88,95,-7,7
27221,83,84,-1,1
27222,113,105,8,8
27223,89,81,8,8
27224,92,91,1,1
27225,96,101,-5,5
27226,97,121,-24,24
27227,57,54,3,3
27228,70,73,-3,3
27229,79,89,-10,10
27230,81,81,0,0
27231,106,103,3,3
27232,178,168,10,10
27233,141,143,-2,2
27234,97,96,1,1
27235,152,158,-6,6
27236,82,82,0,0
27237,62,59,3,3
27238,69,75,-6,6
27239,145,143,2,2
27240,80,76,4,4
27241,124,122,2,2
27242,128,132,-4,4
27243,147,138,9,9
27244,181,189,-8,8
27245,92,98,-6,6
27246,48,50,-2,2
27247,144,145,-1,1
27248,54,61,-7,7
27249,116,109,7,7
27250,106,101,5,5
27251,72,71,1,1
27252,139,130,9,9
27253,153,156,-3,3
27254,105,99,6,6
27255,152,144,8,8
27256,137,127,10,10
27257,123,128,-5,5
27258,49,59,-10,10
27259,80,73,7,7
27260,63,54,9,9
27261,35,61,-26,26
27262,53,57,-4,4
27263,80,84,-4,4
27264,56,53,3,3
27265,143,152,-9,9
27266,160,155,5,5
27267,98,97,1,1
27268,98,91,7,7
27269,83,88,-5,5
27270,117,129,-12,12
27271,143,147,-4,4
27272,91,98,-7,7
27273,60,67,-7,7
27274,106,100,6,6
27275,33,42,-9,9
27276,65,63,2,2
27277,79,76,3,3
27278,47,45,2,2
27279,78,78,0,0
27280,108,113,-5,5
27281,59,64,-5,5
27282,75,83,-8,8
27283,130,133,-3,3
27284,75,85,-10,10
27285,89,91,-2,2
27286,85,80,5,5
27287,127,121,6,6
27288,71,84,-13,13
27289,103,102,1,1
27290,40,43,-3,3
27291,57,71,-14,14
27292,142,139,3,3
27293,61,74,-13,13
27294,77,72,5,5
27295,95,99,-4,4
27296,90,71,19,19
27297,101,104,-3,3
27298,64,62,2,2
27299,154,133,21,21
27300,90,89,1,1
27301,103,102,1,1
27302,134,130,4,4
27303,96,76,20,20
27304,48,50,-2,2
27305,88,80,8,8
27306,126,122,4,4
27307,80,71,9,9
27308,66,65,1,1
27309,43,43,0,0
27310,71,67,4,4
27311,102,104,-2,2
27312,78,76,2,2
27313,99,98,1,1
27314,110,109,1,1
27315,105,106,-1,1
27316,103,113,-10,10
27317,103,103,0,0
27318,62,87,-25,25
27319,92,95,-3,3
27320,68,74,-6,6
27321,94,95,-1,1
27322,97,99,-2,2
27323,50,62,-12,12
27324,46,62,-16,16
27325,76,72,4,4
27326,127,110,17,17
27327,55,56,-1,1
27328,62,61,1,1
27329,114,121,-7,7
27330,70,64,6,6
27331,110,113,-3,3
27332,115,114,1,1
27333,102,93,9,9
27334,105,113,-8,8
27335,99,92,7,7
27336,122,123,-1,1
27337,69,75,-6,6
27338,69,60,9,9
27339,79,77,2,2
27340,67,72,-5,5
27341,76,69,7,7
27342,54,53,1,1
27343,96,93,3,3
27344,90,91,-1,1
27345,73,71,2,2
27346,76,80,-4,4
27347,48,51,-3,3
27348,104,112,-8,8
27349,64,65,-1,1
27350,76,76,0,0
27351,106,106,0,0
27352,58,60,-2,2
27353,118,126,-8,8
27354,78,81,-3,3
27355,119,122,-3,3
27356,64,68,-4,4
27357,144,119,25,25
27358,112,102,10,10
27359,60,61,-1,1
27360,58,84,-26,26
27361,148,168,-20,20
27362,70,65,5,5
27363,193,180,13,13
27364,90,93,-3,3
27365,50,52,-2,2
27366,94,88,6,6
27367,114,107,7,7
27368,57,61,-4,4
27369,72,86,-14,14
27370,97,85,12,12
27371,121,118,3,3
27372,96,94,2,2
27373,78,82,-4,4
27374,124,133,-9,9
27375,156,158,-2,2
27376,103,97,6,6
27377,117,121,-4,4
27378,75,64,11,11
27379,101,108,-7,7
27380,45,46,-1,1
27381,60,58,2,2
27382,124,128,-4,4
27383,129,127,2,2
27384,90,95,-5,5
27385,79,84,-5,5
27386,64,65,-1,1
27387,87,98,-11,11
27388,138,138,0,0
27389,106,109,-3,3
27390,96,101,-5,5
27391,124,125,-1,1
27392,78,75,3,3
27393,99,95,4,4
27394,208,180,28,28
27395,111,113,-2,2
27396,107,104,3,3
27397,92,84,8,8
27398,87,81,6,6
27399,108,121,-13,13
27400,70,61,9,9
27401,115,116,-1,1
27402,86,91,-5,5
27403,86,81,5,5
27404,165,168,-3,3
27405,59,98,-39,39
27406,111,120,-9,9
27407,196,180,16,16
27408,99,97,2,2
27409,121,96,25,25
27410,57,55,2,2
27411,78,74,4,4
27412,98,101,-3,3
27413,90,80,10,10
27414,89,96,-7,7
27415,97,94,3,3
27416,77,77,0,0
27417,78,77,1,1
27418,95,111,-16,16
27419,98,96,2,2
27420,126,117,9,9
27421,107,113,-6,6
27422,83,84,-1,1
27423,129,137,-8,8
27424,93,97,-4,4
27425,210,185,25,25
27426,112,117,-5,5
27427,51,53,-2,2
27428,93,81,12,12
27429,61,70,-9,9
27430,76,85,-9,9
27431,107,108,-1,1
27432,115,98,17,17
27433,106,109,-3,3
27434,77,80,-3,3
27435,102,105,-3,3
27436,54,61,-7,7
27437,81,73,8,8
27438,64,77,-13,13
27439,134,135,-1,1
27440,124,118,6,6
27441,49,56,-7,7
27442,90,102,-12,12
27443,72,64,8,8
27444,76,81,-5,5
27445,114,109,5,5
27446,59,70,-11,11
27447,97,117,-20,20
27448,96,91,5,5
27449,177,151,26,26
27450,111,108,3,3
27451,105,115,-10,10
27452,78,88,-10,10
27453,85,96,-11,11
27454,71,71,0,0
27455,114,118,-4,4
27456,78,84,-6,6
27457,164,164,0,0
27458,75,80,-5,5
27459,128,125,3,3
27460,105,119,-14,14
27461,75,73,2,2
27462,87,87,0,0
27463,104,99,5,5
27464,130,125,5,5
27465,101,107,-6,6
27466,81,81,0,0
27467,75,76,-1,1
27468,115,112,3,3
27469,80,73,7,7
27470,54,64,-10,10
27471,93,97,-4,4
27472,142,121,21,21
27473,41,48,-7,7
27474,78,80,-2,2
27475,62,64,-2,2
27476,68,79,-11,11
27477,45,52,-7,7
27478,99,97,2,2
27479,92,87,5,5
27480,88,80,8,8
27481,134,140,-6,6
27482,112,109,3,3
27483,97,105,-8,8
27484,131,141,-10,10
27485,71,71,0,0
27486,39,44,-5,5
27487,68,72,-4,4
27488,47,44,3,3
27489,60,57,3,3
27490,151,131,20,20
27491,81,72,9,9
27492,104,100,4,4
27493,99,107,-8,8
27494,103,101,2,2
27495,84,83,1,1
27496,92,93,-1,1
27497,108,111,-3,3
27498,124,124,0,0
27499,68,74,-6,6
27500,107,108,-1,1
27501,97,85,12,12
27502,108,106,2,2
27503,54,62,-8,8
27504,75,74,1,1
27505,43,49,-6,6
27506,105,110,-5,5
27507,103,114,-11,11
27508,85,91,-6,6
27509,121,122,-1,1
27510,85,87,-2,2
27511,102,96,6,6
27512,113,122,-9,9
27513,70,73,-3,3
27514,120,113,7,7
27515,106,98,8,8
27516,72,77,-5,5
27517,89,90,-1,1
27518,90,90,0,0
27519,52,51,1,1
27520,78,81,-3,3
27521,88,95,-7,7
27522,290,252,38,38
27523,98,96,2,2
27524,94,99,-5,5
27525,130,121,9,9
27526,50,66,-16,16
27527,102,96,6,6
27528,72,73,-1,1
27529,79,74,5,5
27530,101,104,-3,3
27531,88,79,9,9
27532,75,77,-2,2
27533,109,121,-12,12
27534,68,67,1,1
27535,117,117,0,0
27536,112,113,-1,1
27537,149,143,6,6
27538,94,102,-8,8
27539,73,74,-1,1
27540,86,83,3,3
27541,68,74,-6,6
27542,94,93,1,1
27543,96,102,-6,6
27544,86,114,-28,28
27545,84,88,-4,4
27546,98,90,8,8
27547,149,145,4,4
27548,92,93,-1,1
27549,72,65,7,7
27550,108,108,0,0
27551,85,96,-11,11
27552,92,93,-1,1
27553,72,78,-6,6
27554,73,79,-6,6
27555,91,92,-1,1
27556,167,175,-8,8
27557,78,87,-9,9
27558,50,63,-13,13
27559,96,86,10,10
27560,105,109,-4,4
27561,102,104,-2,2
27562,106,98,8,8
27563,138,132,6,6
27564,123,128,-5,5
27565,76,74,2,2
27566,95,92,3,3
27567,87,87,0,0
27568,154,160,-6,6
27569,75,72,3,3
27570,137,128,9,9
27571,98,86,12,12
27572,96,99,-3,3
27573,68,71,-3,3
27574,66,80,-14,14
27575,96,99,-3,3
27576,99,101,-2,2
27577,53,65,-12,12
27578,36,61,-25,25
27579,79,94,-15,15
27580,108,111,-3,3
27581,20,34,-14,14
27582,95,99,-4,4
27583,78,82,-4,4
27584,114,119,-5,5
27585,89,103,-14,14
27586,118,142,-24,24
27587,163,153,10,10
27588,64,61,3,3
27589,50,46,4,4
27590,65,64,1,1
27591,91,86,5,5
27592,126,131,-5,5
27593,96,98,-2,2
27594,115,110,5,5
27595,114,114,0,0
27596,139,120,19,19
27597,45,59,-14,14
27598,155,159,-4,4
27599,77,72,5,5
27600,105,91,14,14
27601,156,135,21,21
27602,90,89,1,1
27603,105,97,8,8
27604,36,45,-9,9
27605,134,144,-10,10
27606,111,122,-11,11
27607,61,55,6,6
27608,97,98,-1,1
27609,76,76,0,0
27610,81,86,-5,5
27611,71,66,5,5
27612,99,95,4,4
27613,98,103,-5,5
27614,89,85,4,4
27615,153,152,1,1
27616,110,115,-5,5
27617,61,62,-1,1
27618,72,77,-5,5
27619,107,105,2,2
27620,107,108,-1,1
27621,116,111,5,5
27622,116,112,4,4
27623,71,74,-3,3
27624,95,94,1,1
27625,99,103,-4,4
27626,59,58,1,1
27627,107,131,-24,24
27628,130,126,4,4
27629,95,78,17,17
27630,165,148,17,17
27631,171,156,15,15
27632,93,103,-10,10
27633,79,88,-9,9
27634,175,165,10,10
27635,121,121,0,0
27636,155,155,0,0
27637,174,178,-4,4
27638,81,72,9,9
27639,57,56,1,1
27640,180,156,24,24
27641,116,112,4,4
27642,162,162,0,0
27643,77,78,-1,1
27644,78,76,2,2
27645,111,111,0,0
27646,87,78,9,9
27647,37,43,-6,6
27648,176,172,4,4
27649,69,76,-7,7
27650,72,76,-4,4
27651,91,93,-2,2
27652,102,102,0,0
27653,81,84,-3,3
27654,142,140,2,2
27655,189,174,15,15
27656,200,188,12,12
27657,61,65,-4,4
27658,89,90,-1,1
27659,94,99,-5,5
27660,88,87,1,1
27661,85,80,5,5
27662,88,89,-1,1
27663,52,53,-1,1
27664,61,81,-20,20
27665,79,77,2,2
27666,141,135,6,6
27667,83,83,0,0
27668,112,148,-36,36
27669,123,121,2,2
27670,54,52,2,2
27671,66,65,1,1
27672,117,120,-3,3
27673,73,75,-2,2
27674,70,81,-11,11
27675,66,63,3,3
27676,105,122,-17,17
27677,77,80,-3,3
27678,100,98,2,2
27679,167,153,14,14
27680,73,71,2,2
27681,130,128,2,2
27682,87,73,14,14
27683,85,80,5,5
27684,69,69,0,0
27685,73,73,0,0
27686,77,81,-4,4
27687,138,137,1,1
27688,80,90,-10,10
27689,55,57,-2,2
27690,117,108,9,9
27691,110,107,3,3
27692,60,57,3,3
27693,96,90,6,6
27694,85,79,6,6
27695,106,116,-10,10
27696,94,92,2,2
27697,69,75,-6,6
27698,125,129,-4,4
27699,179,165,14,14
27700,86,85,1,1
27701,129,128,1,1
27702,82,85,-3,3
27703,91,81,10,10
27704,150,149,1,1
27705,57,61,-4,4
27706,70,71,-1,1
27707,134,134,0,0
27708,71,74,-3,3
27709,74,84,-10,10
27710,83,83,0,0
27711,82,101,-19,19
27712,70,72,-2,2
27713,82,91,-9,9
27714,52,55,-3,3
27715,93,84,9,9
27716,54,59,-5,5
27717,136,141,-5,5
27718,72,72,0,0
27719,86,111,-25,25
27720,108,117,-9,9
27721,93,87,6,6
27722,57,75,-18,18
27723,78,77,1,1
27724,130,125,5,5
27725,83,89,-6,6
27726,116,106,10,10
27727,103,93,10,10
27728,79,82,-3,3
27729,43,47,-4,4
27730,100,104,-4,4
27731,77,76,1,1
27732,127,125,2,2
27733,83,80,3,3
27734,134,158,-24,24
27735,108,95,13,13
27736,122,116,6,6
27737,86,89,-3,3
27738,71,71,0,0
27739,111,111,0,0
27740,132,122,10,10
27741,200,197,3,3
27742,77,73,4,4
27743,131,118,13,13
27744,75,78,-3,3
27745,66,64,2,2
27746,83,80,3,3
27747,155,146,9,9
27748,104,92,12,12
27749,85,83,2,2
27750,149,136,13,13
27751,198,258,-60,60
27752,68,80,-12,12
27753,143,111,32,32
27754,118,108,10,10
27755,75,77,-2,2
27756,150,177,-27,27
27757,52,52,0,0
27758,153,153,0,0
27759,88,101,-13,13
27760,101,119,-18,18
27761,74,72,2,2
27762,102,106,-4,4
27763,140,134,6,6
27764,71,63,8,8
27765,110,95,15,15
27766,110,112,-2,2
27767,63,64,-1,1
27768,66,71,-5,5
27769,49,53,-4,4
27770,54,54,0,0
27771,86,89,-3,3
27772,58,58,0,0
27773,54,56,-2,2
27774,60,66,-6,6
27775,77,76,1,1
27776,70,77,-7,7
27777,91,89,2,2
27778,112,114,-2,2
27779,89,89,0,0
27780,80,76,4,4
27781,95,95,0,0
27782,98,92,6,6
27783,91,90,1,1
27784,117,116,1,1
27785,76,81,-5,5
27786,126,155,-29,29
27787,131,123,8,8
27788,65,66,-1,1
27789,90,84,6,6
27790,77,77,0,0
27791,114,115,-1,1
27792,88,84,4,4
27793,90,90,0,0
27794,84,92,-8,8
27795,135,121,14,14
27796,95,90,5,5
27797,94,105,-11,11
27798,106,106,0,0
27799,75,75,0,0
27800,115,113,2,2
27801,143,147,-4,4
27802,60,52,8,8
27803,68,63,5,5
27804,73,71,2,2
27805,168,149,19,19
27806,99,105,-6,6
27807,108,110,-2,2
27808,77,86,-9,9
27809,60,54,6,6
27810,79,74,5,5
27811,103,118,-15,15
27812,120,125,-5,5
27813,137,150,-13,13
27814,80,92,-12,12
27815,78,79,-1,1
27816,49,59,-10,10
27817,97,109,-12,12
27818,104,106,-2,2
27819,172,165,7,7
27820,154,154,0,0
27821,93,97,-4,4
27822,103,96,7,7
27823,51,56,-5,5
27824,72,73,-1,1
27825,81,84,-3,3
27826,69,63,6,6
27827,111,102,9,9
27828,106,107,-1,1
27829,143,134,9,9
27830,46,44,2,2
27831,118,124,-6,6
27832,136,123,13,13
27833,103,96,7,7
27834,115,122,-7,7
27835,100,97,3,3
27836,130,123,7,7
27837,146,137,9,9
27838,106,106,0,0
27839,160,160,0,0
27840,151,120,31,31
27841,111,111,0,0
27842,132,119,13,13
27843,70,61,9,9
27844,95,97,-2,2
27845,113,111,2,2
27846,100,135,-35,35
27847,84,76,8,8
27848,144,131,13,13
27849,75,82,-7,7
27850,127,135,-8,8
27851,35,42,-7,7
27852,48,62,-14,14
27853,52,54,-2,2
27854,110,112,-2,2
27855,109,109,0,0
27856,72,78,-6,6
27857,99,97,2,2
27858,58,53,5,5
27859,81,73,8,8
27860,96,83,13,13
27861,71,71,0,0
27862,122,104,18,18
27863,151,144,7,7
27864,92,91,1,1
27865,69,68,1,1
27866,111,109,2,2
27867,106,100,6,6
27868,122,122,0,0
27869,100,85,15,15
27870,62,65,-3,3
27871,77,73,4,4
27872,111,112,-1,1
27873,68,75,-7,7
27874,97,93,4,4
27875,118,88,30,30
27876,118,120,-2,2
27877,97,110,-13,13
27878,78,79,-1,1
27879,146,147,-1,1
27880,99,99,0,0
27881,76,73,3,3
27882,64,60,4,4
27883,48,52,-4,4
27884,89,88,1,1
27885,59,60,-1,1
27886,74,78,-4,4
27887,72,77,-5,5
27888,83,78,5,5
27889,83,68,15,15
27890,97,104,-7,7
27891,100,93,7,7
27892,181,188,-7,7
27893,37,39,-2,2
27894,64,66,-2,2
27895,84,73,11,11
27896,68,62,6,6
27897,54,55,-1,1
27898,85,83,2,2
27899,75,77,-2,2
27900,98,94,4,4
27901,147,140,7,7
27902,138,136,2,2
27903,61,59,2,2
27904,83,90,-7,7
27905,158,144,14,14
27906,119,114,5,5
27907,88,82,6,6
27908,119,118,1,1
27909,118,109,9,9
27910,68,69,-1,1
27911,49,53,-4,4
27912,112,104,8,8
27913,113,109,4,4
27914,83,91,-8,8
27915,81,88,-7,7
27916,31,38,-7,7
27917,87,78,9,9
27918,144,140,4,4
27919,133,145,-12,12
27920,137,140,-3,3
27921,95,99,-4,4
27922,80,80,0,0
27923,109,110,-1,1
27924,90,96,-6,6
27925,70,70,0,0
27926,66,73,-7,7
27927,81,72,9,9
27928,156,156,0,0
27929,70,80,-10,10
27930,95,105,-10,10
27931,109,100,9,9
27932,61,113,-52,52
27933,40,40,0,0
27934,138,148,-10,10
27935,96,89,7,7
27936,53,64,-11,11
27937,85,93,-8,8
27938,137,130,7,7
27939,113,112,1,1
27940,127,127,0,0
27941,77,71,6,6
27942,66,72,-6,6
27943,36,41,-5,5
27944,83,86,-3,3
27945,120,108,12,12
27946,55,62,-7,7
27947,61,70,-9,9
27948,68,64,4,4
27949,93,96,-3,3
27950,173,173,0,0
27951,58,61,-3,3
27952,75,77,-2,2
27953,83,72,11,11
27954,141,153,-12,12
27955,67,66,1,1
27956,35,49,-14,14
27957,63,67,-4,4
27958,52,54,-2,2
27959,183,175,8,8
27960,52,51,1,1
27961,72,71,1,1
27962,77,80,-3,3
27963,61,56,5,5
27964,124,114,10,10
27965,78,81,-3,3
27966,123,125,-2,2
27967,122,124,-2,2
27968,88,90,-2,2
27969,74,79,-5,5
27970,66,72,-6,6
27971,69,77,-8,8
27972,92,95,-3,3
27973,79,75,4,4
27974,45,64,-19,19
27975,115,120,-5,5
27976,143,144,-1,1
27977,99,106,-7,7
27978,129,139,-10,10
27979,103,105,-2,2
27980,90,101,-11,11
27981,88,89,-1,1
27982,123,131,-8,8
27983,175,156,19,19
27984,95,91,4,4
27985,105,108,-3,3
27986,65,71,-6,6
27987,66,59,7,7
27988,137,126,11,11
27989,84,90,-6,6
27990,110,106,4,4
27991,118,109,9,9
27992,114,118,-4,4
27993,97,111,-14,14
27994,90,85,5,5
27995,124,129,-5,5
27996,158,161,-3,3
27997,67,91,-24,24
27998,96,93,3,3
27999,97,95,2,2
28000,108,107,1,1
28001,106,104,2,2
28002,56,54,2,2
28003,69,71,-2,2
28004,41,48,-7,7
28005,67,65,2,2
28006,172,174,-2,2
28007,53,55,-2,2
28008,94,86,8,8
28009,121,119,2,2
28010,97,85,12,12
28011,91,99,-8,8
28012,117,98,19,19
28013,125,147,-22,22
28014,59,59,0,0
28015,114,108,6,6
28016,87,82,5,5
28017,106,111,-5,5
28018,77,79,-2,2
28019,135,122,13,13
28020,145,129,16,16
28021,72,72,0,0
28022,53,60,-7,7
28023,149,143,6,6
28024,101,107,-6,6
28025,76,58,18,18
28026,87,99,-12,12
28027,73,66,7,7
28028,107,108,-1,1
28029,67,62,5,5
28030,67,76,-9,9
28031,80,81,-1,1
28032,91,89,2,2
28033,91,89,2,2
28034,104,112,-8,8
28035,66,58,8,8
28036,90,89,1,1
28037,71,81,-10,10
28038,118,100,18,18
28039,87,94,-7,7
28040,68,71,-3,3
28041,114,120,-6,6
28042,117,121,-4,4
28043,130,124,6,6
28044,134,147,-13,13
28045,125,128,-3,3
28046,74,72,2,2
28047,88,84,4,4
28048,56,71,-15,15
28049,116,110,6,6
28050,145,144,1,1
28051,75,65,10,10
28052,71,86,-15,15
28053,50,53,-3,3
28054,97,99,-2,2
28055,55,51,4,4
28056,52,50,2,2
28057,154,129,25,25
28058,132,128,4,4
28059,180,166,14,14
28060,68,72,-4,4
28061,86,87,-1,1
28062,147,151,-4,4
28063,68,84,-16,16
28064,80,79,1,1
28065,98,92,6,6
28066,109,121,-12,12
28067,88,92,-4,4
28068,78,85,-7,7
28069,86,76,10,10
28070,42,46,-4,4
28071,74,86,-12,12
28072,137,135,2,2
28073,110,109,1,1
28074,76,87,-11,11
28075,64,64,0,0
28076,150,141,9,9
28077,116,108,8,8
28078,74,78,-4,4
28079,69,66,3,3
28080,55,52,3,3
28081,114,126,-12,12
28082,178,189,-11,11
28083,78,75,3,3
28084,71,71,0,0
28085,80,86,-6,6
28086,119,135,-16,16
28087,59,64,-5,5
28088,75,65,10,10
28089,77,88,-11,11
28090,64,74,-10,10
28091,118,110,8,8
28092,141,139,2,2
28093,144,150,-6,6
28094,118,117,1,1
28095,90,75,15,15
28096,96,98,-2,2
28097,107,105,2,2
28098,141,154,-13,13
28099,71,59,12,12
28100,94,86,8,8
28101,196,185,11,11
28102,93,104,-11,11
28103,122,103,19,19
28104,78,80,-2,2
28105,83,101,-18,18
28106,84,79,5,5
28107,65,61,4,4
28108,165,168,-3,3
28109,116,130,-14,14
28110,91,77,14,14
28111,69,64,5,5
28112,87,78,9,9
28113,94,102,-8,8
28114,113,111,2,2
28115,169,172,-3,3
28116,112,101,11,11
28117,85,89,-4,4
28118,113,108,5,5
28119,145,135,10,10
28120,53,57,-4,4
28121,97,99,-2,2
28122,102,109,-7,7
28123,107,120,-13,13
28124,88,84,4,4
28125,76,75,1,1
28126,46,50,-4,4
28127,83,85,-2,2
28128,99,92,7,7
28129,118,118,0,0
28130,85,77,8,8
28131,112,118,-6,6
28132,120,111,9,9
28133,246,225,21,21
28134,124,114,10,10
28135,64,71,-7,7
28136,118,109,9,9
28137,118,115,3,3
28138,78,80,-2,2
28139,74,82,-8,8
28140,86,83,3,3
28141,90,76,14,14
28142,132,146,-14,14
28143,125,124,1,1
28144,70,70,0,0
28145,69,65,4,4
28146,119,116,3,3
28147,144,137,7,7
28148,172,164,8,8
28149,83,83,0,0
28150,99,92,7,7
28151,104,105,-1,1
28152,127,121,6,6
28153,78,71,7,7
28154,110,99,11,11
28155,53,54,-1,1
28156,79,86,-7,7
28157,47,43,4,4
28158,123,130,-7,7
28159,132,132,0,0
28160,104,105,-1,1
28161,127,127,0,0
28162,105,92,13,13
28163,65,71,-6,6
28164,100,104,-4,4
28165,192,172,20,20
28166,61,90,-29,29
28167,106,115,-9,9
28168,38,72,-34,34
28169,186,166,20,20
28170,166,153,13,13
28171,122,117,5,5
28172,141,143,-2,2
28173,122,133,-11,11
28174,39,61,-22,22
28175,117,121,-4,4
28176,128,128,0,0
28177,148,147,1,1
28178,118,117,1,1
28179,96,97,-1,1
28180,72,79,-7,7
28181,76,71,5,5
28182,63,60,3,3
28183,84,91,-7,7
28184,102,101,1,1
28185,75,75,0,0
28186,92,94,-2,2
28187,69,66,3,3
28188,94,84,10,10
28189,70,67,3,3
28190,112,104,8,8
28191,87,75,12,12
28192,68,71,-3,3
28193,123,147,-24,24
28194,81,66,15,15
28195,116,131,-15,15
28196,82,87,-5,5
28197,149,137,12,12
28198,60,73,-13,13
28199,59,66,-7,7
28200,110,98,12,12
28201,89,131,-42,42
28202,114,117,-3,3
28203,128,124,4,4
28204,57,64,-7,7
28205,77,81,-4,4
28206,85,84,1,1
28207,194,202,-8,8
28208,72,90,-18,18
28209,75,81,-6,6
28210,57,83,-26,26
28211,165,159,6,6
28212,99,99,0,0
28213,84,83,1,1
28214,89,94,-5,5
28215,64,65,-1,1
28216,115,128,-13,13
28217,81,84,-3,3
28218,96,107,-11,11
28219,134,139,-5,5
28220,74,73,1,1
28221,121,140,-19,19
28222,81,92,-11,11
28223,58,57,1,1
28224,77,71,6,6
28225,97,98,-1,1
28226,66,61,5,5
28227,104,107,-3,3
28228,112,118,-6,6
28229,59,59,0,0
28230,151,142,9,9
28231,111,104,7,7
28232,133,130,3,3
28233,76,77,-1,1
28234,93,98,-5,5
28235,76,77,-1,1
28236,85,79,6,6
28237,151,154,-3,3
28238,76,80,-4,4
28239,79,74,5,5
28240,172,195,-23,23
28241,148,137,11,11
28242,89,90,-1,1
28243,87,80,7,7
28244,128,126,2,2
28245,71,67,4,4
28246,72,69,3,3
28247,77,79,-2,2
28248,100,96,4,4
28249,107,112,-5,5
28250,86,84,2,2
28251,81,73,8,8
28252,93,92,1,1
28253,56,56,0,0
28254,138,131,7,7
28255,77,81,-4,4
28256,175,173,2,2
28257,72,72,0,0
28258,93,92,1,1
28259,92,87,5,5
28260,104,119,-15,15
28261,132,118,14,14
28262,81,85,-4,4
28263,71,75,-4,4
28264,140,149,-9,9
28265,102,98,4,4
28266,53,54,-1,1
28267,87,91,-4,4
28268,147,143,4,4
28269,93,104,-11,11
28270,65,64,1,1
28271,154,146,8,8
28272,222,210,12,12
28273,107,101,6,6
28274,81,75,6,6
28275,59,63,-4,4
28276,63,61,2,2
28277,100,102,-2,2
28278,89,81,8,8
28279,70,65,5,5
28280,90,94,-4,4
28281,135,141,-6,6
28282,112,109,3,3
28283,102,99,3,3
28284,126,131,-5,5
28285,87,91,-4,4
28286,98,96,2,2
28287,128,116,12,12
28288,54,57,-3,3
28289,88,89,-1,1
28290,79,79,0,0
28291,177,168,9,9
28292,110,108,2,2
28293,68,75,-7,7
28294,126,128,-2,2
28295,115,113,2,2
28296,105,113,-8,8
28297,86,84,2,2
28298,66,99,-33,33
28299,65,60,5,5
28300,78,88,-10,10
28301,87,87,0,0
28302,108,112,-4,4
28303,46,56,-10,10
28304,106,108,-2,2
28305,127,122,5,5
28306,137,139,-2,2
28307,84,78,6,6
28308,73,81,-8,8
28309,70,66,4,4
28310,76,73,3,3
28311,84,81,3,3
28312,125,100,25,25
28313,73,77,-4,4
28314,176,177,-1,1
28315,97,92,5,5
28316,128,125,3,3
28317,74,75,-1,1
28318,145,139,6,6
28319,93,97,-4,4
28320,70,72,-2,2
28321,67,80,-13,13
28322,84,84,0,0
28323,59,61,-2,2
28324,92,91,1,1
28325,112,111,1,1
28326,51,51,0,0
28327,56,56,0,0
28328,92,94,-2,2
28329,49,56,-7,7
28330,98,105,-7,7
28331,71,75,-4,4
28332,72,74,-2,2
28333,68,78,-10,10
28334,87,96,-9,9
28335,121,118,3,3
28336,94,97,-3,3
28337,76,87,-11,11
28338,112,109,3,3
28339,69,62,7,7
28340,113,114,-1,1
28341,129,132,-3,3
28342,105,111,-6,6
28343,99,111,-12,12
28344,58,60,-2,2
28345,130,124,6,6
28346,85,83,2,2
28347,73,64,9,9
28348,56,51,5,5
28349,97,107,-10,10
28350,104,113,-9,9
28351,73,74,-1,1
28352,111,107,4,4
28353,73,66,7,7
28354,98,91,7,7
28355,102,107,-5,5
28356,80,74,6,6
28357,47,49,-2,2
28358,102,115,-13,13
28359,76,76,0,0
28360,69,80,-11,11
28361,85,88,-3,3
28362,111,117,-6,6
28363,34,38,-4,4
28364,137,140,-3,3
28365,79,80,-1,1
28366,72,80,-8,8
28367,62,68,-6,6
28368,91,91,0,0
28369,82,84,-2,2
28370,120,136,-16,16
28371,92,98,-6,6
28372,110,115,-5,5
28373,122,119,3,3
28374,119,118,1,1
28375,183,181,2,2
28376,61,65,-4,4
28377,97,88,9,9
28378,117,121,-4,4
28379,71,75,-4,4
28380,100,90,10,10
28381,119,114,5,5
28382,94,83,11,11
28383,94,99,-5,5
28384,97,86,11,11
28385,62,56,6,6
28386,74,77,-3,3
28387,104,109,-5,5
28388,143,147,-4,4
28389,74,79,-5,5
28390,126,124,2,2
28391,64,77,-13,13
28392,97,91,6,6
28393,82,80,2,2
28394,56,64,-8,8
28395,98,101,-3,3
28396,139,136,3,3
28397,102,105,-3,3
28398,100,103,-3,3
28399,115,100,15,15
28400,138,125,13,13
28401,39,44,-5,5
28402,132,134,-2,2
28403,127,133,-6,6
28404,98,91,7,7
28405,83,72,11,11
28406,106,112,-6,6
28407,161,154,7,7
28408,77,64,13,13
28409,76,88,-12,12
28410,96,90,6,6
28411,107,113,-6,6
28412,85,252,-167,167
28413,79,80,-1,1
28414,102,98,4,4
28415,57,51,6,6
28416,79,82,-3,3
28417,76,87,-11,11
28418,82,88,-6,6
28419,56,57,-1,1
28420,84,80,4,4
28421,110,105,5,5
28422,183,168,15,15
28423,118,127,-9,9
28424,100,96,4,4
28425,109,101,8,8
28426,101,95,6,6
28427,57,63,-6,6
28428,89,110,-21,21
28429,148,137,11,11
28430,202,206,-4,4
28431,137,147,-10,10
28432,91,87,4,4
28433,112,112,0,0
28434,68,67,1,1
28435,83,82,1,1
28436,72,71,1,1
28437,79,77,2,2
28438,116,118,-2,2
28439,54,56,-2,2
28440,87,92,-5,5
28441,82,84,-2,2
28442,104,101,3,3
28443,126,125,1,1
28444,106,113,-7,7
28445,116,110,6,6
28446,91,94,-3,3
28447,77,72,5,5
28448,123,146,-23,23
28449,145,142,3,3
28450,88,83,5,5
28451,95,110,-15,15
28452,79,87,-8,8
28453,91,99,-8,8
28454,133,127,6,6
28455,165,183,-18,18
28456,61,60,1,1
28457,63,67,-4,4
28458,120,119,1,1
28459,54,51,3,3
28460,145,143,2,2
28461,130,131,-1,1
28462,68,78,-10,10
28463,55,55,0,0
28464,90,88,2,2
28465,102,94,8,8
28466,52,52,0,0
28467,102,106,-4,4
28468,162,165,-3,3
28469,85,94,-9,9
28470,81,85,-4,4
28471,57,52,5,5
28472,82,76,6,6
28473,135,97,38,38
28474,43,47,-4,4
28475,82,77,5,5
28476,66,73,-7,7
28477,102,102,0,0
28478,70,71,-1,1
28479,151,148,3,3
28480,127,128,-1,1
28481,77,66,11,11
28482,137,129,8,8
28483,83,74,9,9
28484,183,175,8,8
28485,43,40,3,3
28486,129,132,-3,3
28487,58,54,4,4
28488,73,76,-3,3
28489,67,60,7,7
28490,57,62,-5,5
28491,133,148,-15,15
28492,76,78,-2,2
28493,87,88,-1,1
28494,76,77,-1,1
28495,99,88,11,11
28496,95,94,1,1
28497,56,61,-5,5
28498,146,140,6,6
28499,123,114,9,9
28500,93,117,-24,24
28501,71,73,-2,2
28502,97,93,4,4
28503,122,113,9,9
28504,97,100,-3,3
28505,86,83,3,3
28506,87,90,-3,3
28507,134,123,11,11
28508,99,105,-6,6
28509,135,133,2,2
28510,85,85,0,0
28511,132,132,0,0
28512,54,55,-1,1
28513,77,84,-7,7
28514,63,71,-8,8
28515,138,140,-2,2
28516,58,61,-3,3
28517,141,136,5,5
28518,161,161,0,0
28519,105,115,-10,10
28520,107,116,-9,9
28521,153,163,-10,10
28522,90,92,-2,2
28523,147,152,-5,5
28524,92,98,-6,6
28525,34,34,0,0
28526,90,95,-5,5
28527,50,56,-6,6
28528,83,79,4,4
28529,127,139,-12,12
28530,59,56,3,3
28531,57,62,-5,5
28532,115,119,-4,4
28533,91,96,-5,5
28534,143,133,10,10
28535,119,113,6,6
28536,97,101,-4,4
28537,155,153,2,2
28538,128,125,3,3
28539,67,67,0,0
28540,60,64,-4,4
28541,103,98,5,5
28542,128,123,5,5
28543,100,96,4,4
28544,71,72,-1,1
28545,85,86,-1,1
28546,74,74,0,0
28547,172,144,28,28
28548,73,72,1,1
28549,51,52,-1,1
28550,76,80,-4,4
28551,110,111,-1,1
28552,125,113,12,12
28553,49,58,-9,9
28554,145,136,9,9
28555,81,76,5,5
28556,79,101,-22,22
28557,108,107,1,1
28558,95,94,1,1
28559,66,59,7,7
28560,78,78,0,0
28561,41,48,-7,7
28562,89,81,8,8
28563,60,63,-3,3
28564,88,80,8,8
28565,54,62,-8,8
28566,112,107,5,5
28567,135,124,11,11
28568,123,125,-2,2
28569,76,93,-17,17
28570,82,81,1,1
28571,38,43,-5,5
28572,51,52,-1,1
28573,33,46,-13,13
28574,100,98,2,2
28575,64,73,-9,9
28576,98,101,-3,3
28577,104,99,5,5
28578,108,111,-3,3
28579,112,113,-1,1
28580,54,59,-5,5
28581,75,75,0,0
28582,89,98,-9,9
28583,137,129,8,8
28584,66,60,6,6
28585,81,87,-6,6
28586,91,94,-3,3
28587,84,88,-4,4
28588,52,51,1,1
28589,64,70,-6,6
28590,176,181,-5,5
28591,59,63,-4,4
28592,70,68,2,2
28593,69,66,3,3
28594,83,108,-25,25
28595,71,74,-3,3
28596,61,63,-2,2
28597,65,61,4,4
28598,94,115,-21,21
28599,53,53,0,0
28600,66,59,7,7
28601,93,93,0,0
28602,66,65,1,1
28603,75,70,5,5
28604,96,106,-10,10
28605,66,61,5,5
28606,158,124,34,34
28607,80,71,9,9
28608,67,64,3,3
28609,67,67,0,0
28610,79,79,0,0
28611,57,57,0,0
28612,66,72,-6,6
28613,44,47,-3,3
28614,59,57,2,2
28615,150,143,7,7
28616,128,124,4,4
28617,74,73,1,1
28618,38,53,-15,15
28619,51,52,-1,1
28620,123,125,-2,2
28621,61,56,5,5
28622,77,64,13,13
28623,61,63,-2,2
28624,94,89,5,5
28625,104,113,-9,9
28626,62,73,-11,11
28627,115,109,6,6
28628,122,107,15,15
28629,96,98,-2,2
28630,84,83,1,1
28631,119,119,0,0
28632,99,96,3,3
28633,85,84,1,1
28634,118,112,6,6
28635,144,132,12,12
28636,54,56,-2,2
28637,152,140,12,12
28638,47,53,-6,6
28639,67,65,2,2
28640,81,80,1,1
28641,125,124,1,1
28642,104,99,5,5
28643,63,72,-9,9
28644,71,62,9,9
28645,56,64,-8,8
28646,144,147,-3,3
28647,125,138,-13,13
28648,64,59,5,5
28649,108,95,13,13
28650,87,80,7,7
28651,66,74,-8,8
28652,83,87,-4,4
28653,102,99,3,3
28654,120,122,-2,2
28655,114,115,-1,1
28656,114,112,2,2
28657,148,149,-1,1
28658,100,97,3,3
28659,76,73,3,3
28660,53,58,-5,5
28661,104,109,-5,5
28662,101,109,-8,8
28663,93,95,-2,2
28664,50,54,-4,4
28665,47,50,-3,3
28666,137,138,-1,1
28667,109,104,5,5
28668,83,96,-13,13
28669,32,38,-6,6
28670,69,63,6,6
28671,92,89,3,3
28672,78,82,-4,4
28673,96,113,-17,17
28674,92,87,5,5
28675,53,52,1,1
28676,144,144,0,0
28677,107,101,6,6
28678,112,110,2,2
28679,72,65,7,7
28680,108,101,7,7
28681,84,77,7,7
28682,54,59,-5,5
28683,82,117,-35,35
28684,98,87,11,11
28685,73,80,-7,7
28686,50,55,-5,5
28687,89,91,-2,2
28688,66,65,1,1
28689,140,146,-6,6
28690,97,97,0,0
28691,77,85,-8,8
28692,106,84,22,22
28693,73,75,-2,2
28694,122,119,3,3
28695,80,79,1,1
28696,60,63,-3,3
28697,90,82,8,8
28698,83,87,-4,4
28699,86,92,-6,6
28700,33,34,-1,1
28701,134,132,2,2
28702,117,122,-5,5
28703,60,59,1,1
28704,116,114,2,2
28705,110,120,-10,10
28706,129,129,0,0
28707,88,85,3,3
28708,76,76,0,0
28709,171,169,2,2
28710,98,84,14,14
28711,100,96,4,4
28712,66,58,8,8
28713,140,132,8,8
28714,101,86,15,15
28715,61,59,2,2
28716,89,89,0,0
28717,93,93,0,0
28718,101,97,4,4
28719,63,72,-9,9
28720,85,90,-5,5
28721,94,98,-4,4
28722,114,137,-23,23
28723,104,112,-8,8
28724,78,77,1,1
28725,108,126,-18,18
28726,57,57,0,0
28727,38,63,-25,25
28728,69,76,-7,7
28729,106,109,-3,3
28730,77,77,0,0
28731,235,244,-9,9
28732,98,102,-4,4
28733,111,111,0,0
28734,70,89,-19,19
28735,102,98,4,4
28736,92,95,-3,3
28737,67,74,-7,7
28738,83,91,-8,8
28739,71,69,2,2
28740,92,72,20,20
28741,59,61,-2,2
28742,90,89,1,1
28743,71,66,5,5
28744,52,58,-6,6
28745,109,93,16,16
28746,105,116,-11,11
28747,79,79,0,0
28748,81,78,3,3
28749,84,86,-2,2
28750,80,73,7,7
28751,56,63,-7,7
28752,84,82,2,2
28753,44,50,-6,6
28754,85,86,-1,1
28755,62,67,-5,5
28756,83,77,6,6
28757,59,73,-14,14
28758,92,86,6,6
28759,99,106,-7,7
28760,131,150,-19,19
28761,58,59,-1,1
28762,164,153,11,11
28763,132,118,14,14
28764,73,68,5,5
28765,82,83,-1,1
28766,57,61,-4,4
28767,97,111,-14,14
28768,26,39,-13,13
28769,107,101,6,6
28770,88,78,10,10
28771,84,85,-1,1
28772,82,87,-5,5
28773,141,152,-11,11
28774,78,76,2,2
28775,146,143,3,3
28776,84,81,3,3
28777,93,85,8,8
28778,74,75,-1,1
28779,139,133,6,6
28780,125,131,-6,6
28781,65,70,-5,5
28782,101,110,-9,9
28783,114,126,-12,12
28784,54,59,-5,5
28785,99,96,3,3
28786,83,86,-3,3
28787,128,124,4,4
28788,90,97,-7,7
28789,77,74,3,3
28790,68,58,10,10
28791,78,92,-14,14
28792,76,78,-2,2
28793,85,83,2,2
28794,106,109,-3,3
28795,207,182,25,25
28796,105,106,-1,1
28797,110,116,-6,6
28798,86,81,5,5
28799,166,139,27,27
28800,118,115,3,3
28801,99,98,1,1
28802,80,88,-8,8
28803,27,45,-18,18
28804,125,113,12,12
28805,92,92,0,0
28806,85,81,4,4
28807,91,97,-6,6
28808,61,58,3,3
28809,86,81,5,5
28810,50,53,-3,3
28811,101,103,-2,2
28812,79,70,9,9
28813,82,100,-18,18
28814,63,59,4,4
28815,100,94,6,6
28816,103,86,17,17
28817,150,145,5,5
28818,86,79,7,7
28819,72,80,-8,8
28820,54,57,-3,3
28821,136,141,-5,5
28822,60,57,3,3
28823,118,115,3,3
28824,64,59,5,5
28825,78,76,2,2
28826,76,70,6,6
28827,145,143,2,2
28828,62,71,-9,9
28829,98,102,-4,4
28830,100,103,-3,3
28831,142,140,2,2
28832,77,92,-15,15
28833,81,93,-12,12
28834,79,78,1,1
28835,78,74,4,4
28836,84,89,-5,5
28837,63,57,6,6
28838,94,94,0,0
28839,89,85,4,4
28840,78,77,1,1
28841,132,141,-9,9
28842,151,147,4,4
28843,156,154,2,2
28844,41,57,-16,16
28845,106,110,-4,4
28846,99,101,-2,2
28847,42,48,-6,6
28848,79,72,7,7
28849,60,72,-12,12
28850,136,142,-6,6
28851,130,131,-1,1
28852,136,145,-9,9
28853,81,76,5,5
28854,112,110,2,2
28855,60,62,-2,2
28856,93,79,14,14
28857,103,113,-10,10
28858,180,173,7,7
28859,93,88,5,5
28860,172,166,6,6
28861,95,110,-15,15
28862,79,88,-9,9
28863,55,60,-5,5
28864,105,108,-3,3
28865,118,116,2,2
28866,111,110,1,1
28867,66,71,-5,5
28868,146,129,17,17
28869,81,118,-37,37
28870,75,72,3,3
28871,79,84,-5,5
28872,64,61,3,3
28873,97,103,-6,6
28874,103,101,2,2
28875,68,72,-4,4
28876,74,81,-7,7
28877,80,75,5,5
28878,90,78,12,12
28879,59,55,4,4
28880,109,116,-7,7
28881,90,87,3,3
28882,71,79,-8,8
28883,108,110,-2,2
28884,83,73,10,10
28885,130,128,2,2
28886,85,92,-7,7
28887,49,57,-8,8
28888,73,75,-2,2
28889,104,109,-5,5
28890,131,135,-4,4
28891,69,67,2,2
28892,102,97,5,5
28893,74,73,1,1
28894,58,57,1,1
28895,167,159,8,8
28896,144,155,-11,11
28897,108,114,-6,6
28898,70,68,2,2
28899,84,87,-3,3
28900,50,51,-1,1
28901,68,73,-5,5
28902,128,138,-10,10
28903,106,113,-7,7
28904,63,63,0,0
28905,61,99,-38,38
28906,82,76,6,6
28907,100,109,-9,9
28908,92,95,-3,3
28909,75,80,-5,5
28910,132,130,2,2
28911,85,92,-7,7
28912,183,174,9,9
28913,115,110,5,5
28914,125,122,3,3
28915,99,98,1,1
28916,102,102,0,0
28917,125,133,-8,8
28918,75,76,-1,1
28919,173,170,3,3
28920,66,73,-7,7
28921,90,80,10,10
28922,88,89,-1,1
28923,124,127,-3,3
28924,70,64,6,6
28925,93,89,4,4
28926,64,58,6,6
28927,60,54,6,6
28928,134,138,-4,4
28929,104,100,4,4
28930,44,49,-5,5
28931,109,97,12,12
28932,68,63,5,5
28933,81,84,-3,3
28934,103,109,-6,6
28935,99,104,-5,5
28936,80,80,0,0
28937,104,107,-3,3
28938,67,71,-4,4
28939,126,122,4,4
28940,53,52,1,1
28941,135,133,2,2
28942,95,83,12,12
28943,95,103,-8,8
28944,63,66,-3,3
28945,140,126,14,14
28946,71,84,-13,13
28947,79,75,4,4
28948,47,76,-29,29
28949,87,98,-11,11
28950,57,62,-5,5
28951,81,81,0,0
28952,53,57,-4,4
28953,88,98,-10,10
28954,109,112,-3,3
28955,85,89,-4,4
28956,114,112,2,2
28957,81,81,0,0
28958,85,97,-12,12
28959,95,99,-4,4
28960,61,71,-10,10
28961,65,64,1,1
28962,47,58,-11,11
28963,57,56,1,1
28964,66,75,-9,9
28965,86,92,-6,6
28966,76,76,0,0
28967,143,135,8,8
28968,79,96,-17,17
28969,87,78,9,9
28970,99,99,0,0
28971,103,118,-15,15
28972,83,76,7,7
28973,116,115,1,1
28974,128,128,0,0
28975,159,159,0,0
28976,113,105,8,8
28977,124,122,2,2
28978,81,87,-6,6
28979,66,56,10,10
28980,82,64,18,18
28981,58,70,-12,12
28982,101,109,-8,8
28983,67,74,-7,7
28984,97,87,10,10
28985,78,83,-5,5
28986,104,107,-3,3
28987,117,123,-6,6
28988,82,92,-10,10
28989,125,131,-6,6
28990,152,157,-5,5
28991,92,99,-7,7
28992,128,122,6,6
28993,68,71,-3,3
28994,101,98,3,3
28995,96,100,-4,4
28996,98,100,-2,2
28997,134,127,7,7
28998,106,114,-8,8
28999,54,56,-2,2
29000,88,97,-9,9
29001,66,60,6,6
29002,99,101,-2,2
29003,82,86,-4,4
29004,118,123,-5,5
29005,66,62,4,4
29006,96,94,2,2
29007,139,140,-1,1
29008,25,36,-11,11
29009,123,117,6,6
29010,130,125,5,5
29011,92,87,5,5
29012,80,77,3,3
29013,67,61,6,6
29014,71,67,4,4
29015,92,95,-3,3
29016,113,103,10,10
29017,67,79,-12,12
29018,58,61,-3,3
29019,39,88,-49,49
29020,78,84,-6,6
29021,113,101,12,12
29022,50,54,-4,4
29023,66,63,3,3
29024,88,91,-3,3
29025,88,100,-12,12
29026,131,124,7,7
29027,64,82,-18,18
29028,91,88,3,3
29029,101,92,9,9
29030,110,108,2,2
29031,56,62,-6,6
29032,77,77,0,0
29033,129,127,2,2
29034,91,105,-14,14
29035,97,102,-5,5
29036,98,101,-3,3
29037,75,78,-3,3
29038,109,91,18,18
29039,64,73,-9,9
29040,71,74,-3,3
29041,54,56,-2,2
29042,59,64,-5,5
29043,145,144,1,1
29044,86,76,10,10
29045,56,56,0,0
29046,79,88,-9,9
29047,114,119,-5,5
29048,65,73,-8,8
29049,104,91,13,13
29050,61,67,-6,6
29051,155,159,-4,4
29052,106,106,0,0
29053,48,60,-12,12
29054,173,147,26,26
29055,31,43,-12,12
29056,87,92,-5,5
29057,147,147,0,0
29058,79,80,-1,1
29059,92,105,-13,13
29060,100,90,10,10
29061,118,132,-14,14
29062,83,83,0,0
29063,72,73,-1,1
29064,101,97,4,4
29065,83,88,-5,5
29066,94,94,0,0
29067,103,110,-7,7
29068,73,76,-3,3
29069,179,176,3,3
29070,115,107,8,8
29071,85,78,7,7
29072,101,99,2,2
29073,130,133,-3,3
29074,155,165,-10,10
29075,65,65,0,0
29076,116,124,-8,8
29077,71,74,-3,3
29078,78,84,-6,6
29079,129,131,-2,2
29080,78,73,5,5
29081,141,133,8,8
29082,139,130,9,9
29083,90,84,6,6
29084,174,169,5,5
29085,92,92,0,0
29086,76,77,-1,1
29087,40,47,-7,7
29088,36,37,-1,1
29089,78,77,1,1
29090,89,94,-5,5
29091,63,71,-8,8
29092,79,75,4,4
29093,127,117,10,10
29094,61,71,-10,10
29095,118,77,41,41
29096,112,103,9,9
29097,131,128,3,3
29098,78,75,3,3
29099,95,92,3,3
29100,75,73,2,2
29101,170,169,1,1
29102,97,104,-7,7
29103,62,64,-2,2
29104,130,123,7,7
29105,116,137,-21,21
29106,72,81,-9,9
29107,89,85,4,4
29108,95,103,-8,8
29109,82,80,2,2
29110,54,62,-8,8
29111,102,102,0,0
29112,106,103,3,3
29113,138,131,7,7
29114,90,93,-3,3
29115,53,62,-9,9
29116,111,98,13,13
29117,91,89,2,2
29118,84,89,-5,5
29119,116,107,9,9
29120,119,116,3,3
29121,82,84,-2,2
29122,102,96,6,6
29123,64,66,-2,2
29124,40,53,-13,13
29125,104,108,-4,4
29126,73,72,1,1
29127,92,90,2,2
29128,127,114,13,13
29129,155,150,5,5
29130,82,82,0,0
29131,86,87,-1,1
29132,61,55,6,6
29133,136,129,7,7
29134,123,137,-14,14
29135,40,50,-10,10
29136,103,97,6,6
29137,145,148,-3,3
29138,92,97,-5,5
29139,60,81,-21,21
29140,71,70,1,1
29141,63,65,-2,2
29142,51,56,-5,5
29143,92,93,-1,1
29144,48,49,-1,1
29145,66,56,10,10
29146,165,153,12,12
29147,114,109,5,5
29148,48,50,-2,2
29149,121,115,6,6
29150,134,131,3,3
29151,68,64,4,4
29152,34,50,-16,16
29153,68,65,3,3
29154,72,75,-3,3
29155,63,64,-1,1
29156,59,65,-6,6
29157,94,98,-4,4
29158,59,58,1,1
29159,77,88,-11,11
29160,119,113,6,6
29161,134,135,-1,1
29162,120,123,-3,3
29163,90,84,6,6
29164,79,78,1,1
29165,70,69,1,1
29166,103,99,4,4
29167,111,99,12,12
29168,62,63,-1,1
29169,139,125,14,14
29170,138,143,-5,5
29171,213,218,-5,5
29172,73,76,-3,3
29173,116,117,-1,1
29174,135,137,-2,2
29175,77,74,3,3
29176,89,82,7,7
29177,40,39,1,1
29178,82,77,5,5
29179,101,109,-8,8
29180,81,98,-17,17
29181,159,158,1,1
29182,89,92,-3,3
29183,74,80,-6,6
29184,106,105,1,1
29185,53,61,-8,8
29186,98,120,-22,22
29187,96,92,4,4
29188,116,123,-7,7
29189,68,68,0,0
29190,74,78,-4,4
29191,167,173,-6,6
29192,90,101,-11,11
29193,106,104,2,2
29194,62,56,6,6
29195,46,49,-3,3
29196,68,78,-10,10
29197,73,74,-1,1
29198,78,80,-2,2
29199,58,58,0,0
29200,129,126,3,3
29201,79,90,-11,11
29202,92,86,6,6
29203,34,47,-13,13
29204,81,57,24,24
29205,73,67,6,6
29206,171,175,-4,4
29207,90,103,-13,13
29208,70,79,-9,9
29209,199,206,-7,7
29210,68,63,5,5
29211,161,166,-5,5
29212,46,46,0,0
29213,61,63,-2,2
29214,112,112,0,0
29215,133,126,7,7
29216,91,82,9,9
29217,80,89,-9,9
29218,160,137,23,23
29219,90,87,3,3
29220,103,95,8,8
29221,87,77,10,10
29222,148,141,7,7
29223,183,134,49,49
29224,87,84,3,3
29225,161,153,8,8
29226,80,76,4,4
29227,128,134,-6,6
29228,123,121,2,2
29229,159,151,8,8
29230,48,48,0,0
29231,77,81,-4,4
29232,87,87,0,0
29233,53,47,6,6
29234,118,114,4,4
29235,89,67,22,22
29236,76,77,-1,1
29237,145,136,9,9
29238,125,114,11,11
29239,97,109,-12,12
29240,49,54,-5,5
29241,62,78,-16,16
29242,81,86,-5,5
29243,136,140,-4,4
29244,100,107,-7,7
29245,187,205,-18,18
29246,105,113,-8,8
29247,176,162,14,14
29248,113,111,2,2
29249,115,120,-5,5
29250,86,91,-5,5
29251,120,112,8,8
29252,74,81,-7,7
29253,86,97,-11,11
29254,99,111,-12,12
29255,70,66,4,4
29256,109,118,-9,9
29257,110,107,3,3
29258,102,104,-2,2
29259,156,151,5,5
29260,107,111,-4,4
29261,53,57,-4,4
29262,121,117,4,4
29263,97,98,-1,1
29264,103,117,-14,14
29265,66,62,4,4
29266,108,130,-22,22
29267,59,64,-5,5
29268,64,70,-6,6
29269,70,72,-2,2
29270,86,82,4,4
29271,118,112,6,6
29272,61,66,-5,5
29273,120,113,7,7
29274,112,110,2,2
29275,176,154,22,22
29276,61,63,-2,2
29277,89,101,-12,12
29278,115,103,12,12
29279,112,100,12,12
29280,110,109,1,1
29281,92,91,1,1
29282,124,115,9,9
29283,60,60,0,0
29284,70,65,5,5
29285,98,92,6,6
29286,77,78,-1,1
29287,60,56,4,4
29288,149,149,0,0
29289,135,131,4,4
29290,71,71,0,0
29291,47,57,-10,10
29292,141,133,8,8
29293,76,83,-7,7
29294,85,79,6,6
29295,66,67,-1,1
29296,86,89,-3,3
29297,144,141,3,3
29298,74,77,-3,3
29299,181,174,7,7
29300,79,84,-5,5
29301,106,102,4,4
29302,138,129,9,9
29303,91,75,16,16
29304,76,74,2,2
29305,140,132,8,8
29306,77,79,-2,2
29307,54,62,-8,8
29308,71,73,-2,2
29309,110,99,11,11
29310,90,85,5,5
29311,116,122,-6,6
29312,83,83,0,0
29313,59,64,-5,5
29314,92,92,0,0
29315,144,139,5,5
29316,67,58,9,9
29317,105,103,2,2
29318,62,61,1,1
29319,136,129,7,7
29320,111,115,-4,4
29321,64,72,-8,8
29322,73,63,10,10
29323,86,94,-8,8
29324,84,83,1,1
29325,74,79,-5,5
29326,135,134,1,1
29327,119,116,3,3
29328,83,88,-5,5
29329,102,103,-1,1
29330,84,90,-6,6
29331,66,120,-54,54
29332,47,49,-2,2
29333,97,93,4,4
29334,106,106,0,0
29335,75,74,1,1
29336,108,122,-14,14
29337,154,152,2,2
29338,91,85,6,6
29339,75,83,-8,8
29340,155,144,11,11
29341,75,87,-12,12
29342,211,193,18,18
29343,69,64,5,5
29344,52,56,-4,4
29345,84,68,16,16
29346,89,91,-2,2
29347,79,78,1,1
29348,78,81,-3,3
29349,90,85,5,5
29350,305,283,22,22
29351,83,87,-4,4
29352,193,196,-3,3
29353,124,130,-6,6
29354,46,47,-1,1
29355,85,77,8,8
29356,84,86,-2,2
29357,98,98,0,0
29358,72,76,-4,4
29359,60,64,-4,4
29360,102,102,0,0
29361,92,87,5,5
29362,102,104,-2,2
29363,74,87,-13,13
29364,114,107,7,7
29365,86,96,-10,10
29366,114,118,-4,4
29367,151,168,-17,17
29368,91,91,0,0
29369,78,67,11,11
29370,153,151,2,2
29371,80,92,-12,12
29372,108,113,-5,5
29373,88,78,10,10
29374,153,143,10,10
29375,71,83,-12,12
29376,95,102,-7,7
29377,127,120,7,7
29378,139,145,-6,6
29379,46,49,-3,3
29380,124,122,2,2
29381,93,98,-5,5
29382,114,107,7,7
29383,93,89,4,4
29384,67,64,3,3
29385,110,111,-1,1
29386,63,66,-3,3
29387,70,63,7,7
29388,87,85,2,2
29389,122,119,3,3
29390,107,114,-7,7
29391,153,150,3,3
29392,94,96,-2,2
29393,101,103,-2,2
29394,78,82,-4,4
29395,82,94,-12,12
29396,88,88,0,0
29397,94,89,5,5
29398,37,50,-13,13
29399,67,66,1,1
29400,85,82,3,3
29401,105,95,10,10
29402,40,56,-16,16
29403,194,184,10,10
29404,123,127,-4,4
29405,87,81,6,6
29406,102,101,1,1
29407,145,139,6,6
29408,68,65,3,3
29409,159,146,13,13
29410,82,85,-3,3
29411,83,72,11,11
29412,82,77,5,5
29413,69,63,6,6
29414,103,108,-5,5
29415,105,110,-5,5
29416,100,114,-14,14
29417,55,55,0,0
29418,80,82,-2,2
29419,73,79,-6,6
29420,51,49,2,2
29421,124,122,2,2
29422,52,54,-2,2
29423,115,139,-24,24
29424,116,110,6,6
29425,101,105,-4,4
29426,63,51,12,12
29427,52,57,-5,5
29428,84,78,6,6
29429,142,143,-1,1
29430,71,76,-5,5
29431,82,96,-14,14
29432,85,95,-10,10
29433,74,74,0,0
29434,61,54,7,7
29435,107,113,-6,6
29436,98,98,0,0
29437,80,82,-2,2
29438,69,75,-6,6
29439,64,66,-2,2
29440,137,131,6,6
29441,77,74,3,3
29442,94,109,-15,15
29443,86,81,5,5
29444,60,63,-3,3
29445,54,65,-11,11
29446,62,63,-1,1
29447,86,97,-11,11
29448,60,59,1,1
29449,64,64,0,0
29450,91,93,-2,2
29451,71,67,4,4
29452,78,87,-9,9
29453,104,102,2,2
29454,103,106,-3,3
29455,167,175,-8,8
29456,129,113,16,16
29457,125,153,-28,28
29458,108,116,-8,8
29459,77,79,-2,2
29460,121,128,-7,7
29461,77,74,3,3
29462,61,67,-6,6
29463,67,65,2,2
29464,96,94,2,2
29465,113,125,-12,12
29466,70,67,3,3
29467,79,74,5,5
29468,91,92,-1,1
29469,86,94,-8,8
29470,74,72,2,2
29471,78,83,-5,5
29472,117,102,15,15
29473,82,71,11,11
29474,79,84,-5,5
29475,138,156,-18,18
29476,92,88,4,4
29477,69,67,2,2
29478,81,92,-11,11
29479,73,77,-4,4
29480,100,104,-4,4
29481,51,48,3,3
29482,60,61,-1,1
29483,109,106,3,3
29484,131,132,-1,1
29485,71,73,-2,2
29486,77,85,-8,8
29487,97,110,-13,13
29488,69,71,-2,2
29489,124,122,2,2
29490,69,70,-1,1
29491,131,128,3,3
29492,87,90,-3,3
29493,178,182,-4,4
29494,111,113,-2,2
29495,122,111,11,11
29496,155,145,10,10
29497,136,117,19,19
29498,113,126,-13,13
29499,64,70,-6,6
29500,111,111,0,0
29501,94,98,-4,4
29502,58,63,-5,5
29503,89,81,8,8
29504,82,77,5,5
29505,87,96,-9,9
29506,50,61,-11,11
29507,79,75,4,4
29508,140,129,11,11
29509,134,213,-79,79
29510,119,112,7,7
29511,140,142,-2,2
29512,119,122,-3,3
29513,52,57,-5,5
29514,124,139,-15,15
29515,131,110,21,21
29516,45,50,-5,5
29517,70,70,0,0
29518,99,101,-2,2
29519,82,78,4,4
29520,73,69,4,4
29521,120,133,-13,13
29522,107,114,-7,7
29523,88,88,0,0
29524,82,80,2,2
29525,59,59,0,0
29526,90,99,-9,9
29527,56,65,-9,9
29528,113,115,-2,2
29529,78,66,12,12
29530,61,72,-11,11
29531,89,90,-1,1
29532,44,50,-6,6
29533,62,59,3,3
29534,111,114,-3,3
29535,75,78,-3,3
29536,74,74,0,0
29537,79,73,6,6
29538,89,90,-1,1
29539,94,97,-3,3
29540,116,111,5,5
29541,120,113,7,7
29542,180,174,6,6
29543,48,47,1,1
29544,85,86,-1,1
29545,112,104,8,8
29546,114,102,12,12
29547,78,80,-2,2
29548,111,126,-15,15
29549,71,74,-3,3
29550,64,71,-7,7
29551,47,46,1,1
29552,85,91,-6,6
29553,90,100,-10,10
29554,137,126,11,11
29555,138,142,-4,4
29556,64,58,6,6
29557,78,75,3,3
29558,42,40,2,2
29559,98,100,-2,2
29560,59,53,6,6
29561,76,86,-10,10
29562,106,102,4,4
29563,33,35,-2,2
29564,121,126,-5,5
29565,108,99,9,9
29566,76,77,-1,1
29567,64,59,5,5
29568,73,64,9,9
29569,112,112,0,0
29570,105,101,4,4
29571,59,67,-8,8
29572,205,182,23,23
29573,78,85,-7,7
29574,79,88,-9,9
29575,123,128,-5,5
29576,83,83,0,0
29577,115,118,-3,3
29578,75,74,1,1
29579,86,90,-4,4
29580,111,127,-16,16
29581,82,110,-28,28
29582,157,159,-2,2
29583,58,58,0,0
29584,101,101,0,0
29585,99,99,0,0
29586,96,98,-2,2
29587,133,146,-13,13
29588,93,95,-2,2
29589,79,72,7,7
29590,87,72,15,15
29591,101,110,-9,9
29592,73,74,-1,1
29593,76,76,0,0
29594,110,100,10,10
29595,100,99,1,1
29596,87,89,-2,2
29597,126,131,-5,5
29598,81,74,7,7
29599,70,80,-10,10
29600,139,143,-4,4
29601,74,74,0,0
29602,147,127,20,20
29603,92,83,9,9
29604,133,117,16,16
29605,87,87,0,0
29606,96,101,-5,5
29607,70,100,-30,30
29608,75,81,-6,6
29609,121,120,1,1
29610,88,90,-2,2
29611,96,102,-6,6
29612,196,145,51,51
29613,90,95,-5,5
29614,110,111,-1,1
29615,59,56,3,3
29616,131,127,4,4
29617,56,55,1,1
29618,98,105,-7,7
29619,94,90,4,4
29620,73,81,-8,8
29621,52,48,4,4
29622,97,89,8,8
29623,119,117,2,2
29624,94,83,11,11
29625,144,139,5,5
29626,128,125,3,3
29627,81,73,8,8
29628,101,95,6,6
29629,138,133,5,5
29630,68,67,1,1
29631,124,108,16,16
29632,61,76,-15,15
29633,118,108,10,10
29634,69,74,-5,5
29635,84,84,0,0
29636,175,164,11,11
29637,54,56,-2,2
29638,72,82,-10,10
29639,82,76,6,6
29640,102,96,6,6
29641,107,104,3,3
29642,110,112,-2,2
29643,128,128,0,0
29644,132,138,-6,6
29645,80,79,1,1
29646,60,62,-2,2
29647,54,57,-3,3
29648,89,97,-8,8
29649,90,97,-7,7
29650,62,80,-18,18
29651,64,81,-17,17
29652,74,67,7,7
29653,123,217,-94,94
29654,77,79,-2,2
29655,79,75,4,4
29656,88,88,0,0
29657,77,85,-8,8
29658,96,107,-11,11
29659,80,80,0,0
29660,104,105,-1,1
29661,46,49,-3,3
29662,70,77,-7,7
29663,93,103,-10,10
29664,103,100,3,3
29665,117,108,9,9
29666,80,84,-4,4
29667,93,93,0,0
29668,88,91,-3,3
29669,101,98,3,3
29670,69,72,-3,3
29671,97,95,2,2
29672,56,58,-2,2
29673,101,99,2,2
29674,122,122,0,0
29675,95,100,-5,5
29676,113,113,0,0
29677,150,142,8,8
29678,164,173,-9,9
29679,87,87,0,0
29680,128,126,2,2
29681,66,68,-2,2
29682,68,59,9,9
29683,120,115,5,5
29684,151,155,-4,4
29685,72,63,9,9
29686,89,96,-7,7
29687,231,221,10,10
29688,49,64,-15,15
29689,68,65,3,3
29690,81,79,2,2
29691,96,97,-1,1
29692,123,114,9,9
29693,88,87,1,1
29694,188,186,2,2
29695,78,71,7,7
29696,78,78,0,0
29697,105,112,-7,7
29698,102,99,3,3
29699,74,84,-10,10
29700,74,82,-8,8
29701,63,64,-1,1
29702,106,106,0,0
29703,90,84,6,6
29704,100,99,1,1
29705,106,105,1,1
29706,74,75,-1,1
29707,75,81,-6,6
29708,119,132,-13,13
29709,115,118,-3,3
29710,125,114,11,11
29711,106,106,0,0
29712,113,117,-4,4
29713,81,80,1,1
29714,84,80,4,4
29715,79,89,-10,10
29716,129,123,6,6
29717,55,53,2,2
29718,99,106,-7,7
29719,88,96,-8,8
29720,129,114,15,15
29721,92,94,-2,2
29722,113,116,-3,3
29723,67,63,4,4
29724,96,110,-14,14
29725,64,71,-7,7
29726,132,146,-14,14
29727,172,159,13,13
29728,104,108,-4,4
29729,83,78,5,5
29730,70,85,-15,15
29731,104,103,1,1
29732,78,71,7,7
29733,66,84,-18,18
29734,81,81,0,0
29735,63,66,-3,3
29736,74,80,-6,6
29737,109,94,15,15
29738,70,72,-2,2
29739,91,81,10,10
29740,95,96,-1,1
29741,76,81,-5,5
29742,68,65,3,3
29743,92,90,2,2
29744,65,66,-1,1
29745,36,42,-6,6
29746,105,110,-5,5
29747,110,110,0,0
29748,121,118,3,3
29749,49,47,2,2
29750,98,84,14,14
29751,117,113,4,4
29752,52,102,-50,50
29753,84,86,-2,2
29754,148,144,4,4
29755,63,61,2,2
29756,63,72,-9,9
29757,92,99,-7,7
29758,85,80,5,5
29759,93,91,2,2
29760,88,74,14,14
29761,80,82,-2,2
29762,83,85,-2,2
29763,61,66,-5,5
29764,76,74,2,2
29765,81,88,-7,7
29766,75,66,9,9
29767,61,54,7,7
29768,110,110,0,0
29769,91,87,4,4
29770,63,57,6,6
29771,126,130,-4,4
29772,102,91,11,11
29773,102,98,4,4
29774,107,103,4,4
29775,49,52,-3,3
29776,71,78,-7,7
29777,70,86,-16,16
29778,94,99,-5,5
29779,201,202,-1,1
29780,80,86,-6,6
29781,62,60,2,2
29782,97,95,2,2
29783,77,79,-2,2
29784,74,99,-25,25
29785,55,60,-5,5
29786,88,83,5,5
29787,27,46,-19,19
29788,64,60,4,4
29789,95,111,-16,16
29790,74,76,-2,2
29791,99,109,-10,10
29792,68,65,3,3
29793,65,65,0,0
29794,97,106,-9,9
29795,73,76,-3,3
29796,88,102,-14,14
29797,121,132,-11,11
29798,102,95,7,7
29799,101,109,-8,8
29800,78,85,-7,7
29801,156,149,7,7
29802,76,86,-10,10
29803,66,62,4,4
29804,91,104,-13,13
29805,82,75,7,7
29806,150,152,-2,2
29807,46,51,-5,5
29808,164,166,-2,2
29809,134,134,0,0
29810,124,125,-1,1
29811,75,75,0,0
29812,64,74,-10,10
29813,207,201,6,6
29814,125,132,-7,7
29815,143,134,9,9
29816,79,74,5,5
29817,62,63,-1,1
29818,149,156,-7,7
29819,136,133,3,3
29820,48,51,-3,3
29821,117,110,7,7
29822,50,55,-5,5
29823,88,86,2,2
29824,62,64,-2,2
29825,37,44,-7,7
29826,142,132,10,10
29827,59,58,1,1
29828,123,121,2,2
29829,78,78,0,0
29830,117,112,5,5
29831,84,90,-6,6
29832,191,181,10,10
29833,176,164,12,12
29834,68,60,8,8
29835,58,55,3,3
29836,74,75,-1,1
29837,166,165,1,1
29838,178,177,1,1
29839,102,105,-3,3
29840,106,103,3,3
29841,121,126,-5,5
29842,157,159,-2,2
29843,60,58,2,2
29844,116,116,0,0
29845,133,134,-1,1
29846,50,50,0,0
29847,90,88,2,2
29848,138,131,7,7
29849,216,217,-1,1
29850,114,114,0,0
29851,107,107,0,0
29852,68,62,6,6
29853,52,59,-7,7
29854,139,132,7,7
29855,98,87,11,11
29856,143,138,5,5
29857,97,87,10,10
29858,80,88,-8,8
29859,60,54,6,6
29860,104,103,1,1
29861,102,112,-10,10
29862,155,155,0,0
29863,157,150,7,7
29864,122,106,16,16
29865,89,90,-1,1
29866,68,68,0,0
29867,68,68,0,0
29868,102,107,-5,5
29869,107,115,-8,8
29870,62,60,2,2
29871,145,155,-10,10
29872,92,93,-1,1
29873,113,109,4,4
29874,72,66,6,6
29875,67,66,1,1
29876,86,83,3,3
29877,78,80,-2,2
29878,94,98,-4,4
29879,103,89,14,14
29880,145,154,-9,9
29881,74,82,-8,8
29882,128,138,-10,10
29883,146,126,20,20
29884,54,57,-3,3
29885,162,154,8,8
29886,150,155,-5,5
29887,57,63,-6,6
29888,118,121,-3,3
29889,37,43,-6,6
29890,121,114,7,7
29891,130,120,10,10
29892,62,66,-4,4
29893,66,68,-2,2
29894,119,99,20,20
29895,120,111,9,9
29896,100,109,-9,9
29897,121,130,-9,9
29898,85,96,-11,11
29899,99,96,3,3
29900,63,71,-8,8
29901,98,89,9,9
29902,62,60,2,2
29903,78,78,0,0
29904,61,60,1,1
29905,110,101,9,9
29906,90,91,-1,1
29907,125,100,25,25
29908,59,55,4,4
29909,83,78,5,5
29910,103,115,-12,12
29911,66,66,0,0
29912,131,135,-4,4
29913,72,78,-6,6
29914,56,59,-3,3
29915,110,113,-3,3
29916,72,76,-4,4
29917,120,126,-6,6
29918,82,86,-4,4
29919,79,84,-5,5
29920,169,165,4,4
29921,140,152,-12,12
29922,139,140,-1,1
29923,53,59,-6,6
29924,93,104,-11,11
29925,95,89,6,6
29926,91,88,3,3
29927,96,91,5,5
29928,115,117,-2,2
29929,80,73,7,7
29930,61,59,2,2
29931,125,134,-9,9
29932,79,74,5,5
29933,113,108,5,5
29934,113,122,-9,9
29935,79,80,-1,1
29936,143,135,8,8
29937,69,89,-20,20
29938,71,97,-26,26
29939,67,67,0,0
29940,53,52,1,1
29941,132,143,-11,11
29942,129,126,3,3
29943,85,82,3,3
29944,107,109,-2,2
29945,143,140,3,3
29946,57,50,7,7
29947,99,96,3,3
29948,54,60,-6,6
29949,102,111,-9,9
29950,64,64,0,0
29951,86,99,-13,13
29952,88,83,5,5
29953,170,158,12,12
29954,71,77,-6,6
29955,127,127,0,0
29956,61,63,-2,2
29957,63,66,-3,3
29958,46,52,-6,6
29959,78,73,5,5
29960,85,92,-7,7
29961,86,76,10,10
29962,91,84,7,7
29963,75,71,4,4
29964,75,76,-1,1
29965,73,99,-26,26
29966,74,72,2,2
29967,69,76,-7,7
29968,77,69,8,8
29969,119,122,-3,3
29970,77,88,-11,11
29971,143,144,-1,1
29972,132,138,-6,6
29973,89,95,-6,6
29974,60,59,1,1
29975,131,141,-10,10
29976,83,78,5,5
29977,80,75,5,5
29978,92,86,6,6
29979,187,194,-7,7
29980,128,128,0,0
29981,151,146,5,5
29982,44,45,-1,1
29983,83,86,-3,3
29984,78,74,4,4
29985,81,83,-2,2
29986,73,74,-1,1
29987,138,142,-4,4
29988,45,50,-5,5
29989,58,60,-2,2
29990,105,108,-3,3
29991,103,103,0,0
29992,91,90,1,1
29993,48,53,-5,5
29994,74,81,-7,7
29995,104,93,11,11
29996,69,72,-3,3
29997,62,64,-2,2
29998,140,161,-21,21
29999,129,155,-26,26
30000,98,94,4,4
30001,99,97,2,2
30002,71,70,1,1
30003,149,164,-15,15
30004,101,108,-7,7
30005,114,129,-15,15
30006,181,175,6,6
30007,112,124,-12,12
30008,112,113,-1,1
30009,95,95,0,0
30010,133,135,-2,2
30011,168,155,13,13
30012,24,48,-24,24
30013,119,114,5,5
30014,102,101,1,1
30015,84,81,3,3
30016,134,131,3,3
30017,69,63,6,6
30018,66,62,4,4
30019,74,67,7,7
30020,113,112,1,1
30021,64,71,-7,7
30022,79,77,2,2
30023,103,88,15,15
30024,107,109,-2,2
30025,66,72,-6,6
30026,88,86,2,2
30027,158,168,-10,10
30028,123,115,8,8
30029,73,79,-6,6
30030,105,105,0,0
30031,65,70,-5,5
30032,119,125,-6,6
30033,68,65,3,3
30034,64,63,1,1
30035,74,74,0,0
30036,23,35,-12,12
30037,97,98,-1,1
30038,124,120,4,4
30039,72,74,-2,2
30040,132,129,3,3
30041,42,55,-13,13
30042,121,114,7,7
30043,89,84,5,5
30044,113,108,5,5
30045,114,111,3,3
30046,57,57,0,0
30047,63,63,0,0
30048,121,122,-1,1
30049,144,137,7,7
30050,118,121,-3,3
30051,64,64,0,0
30052,121,118,3,3
30053,135,131,4,4
30054,80,85,-5,5
30055,110,106,4,4
30056,100,100,0,0
30057,94,101,-7,7
30058,83,79,4,4
30059,87,93,-6,6
30060,67,67,0,0
30061,95,105,-10,10
30062,88,83,5,5
30063,93,97,-4,4
30064,91,78,13,13
30065,133,127,6,6
30066,77,97,-20,20
30067,106,111,-5,5
30068,53,59,-6,6
30069,89,93,-4,4
30070,154,132,22,22
30071,98,106,-8,8
30072,54,56,-2,2
30073,79,82,-3,3
30074,115,114,1,1
30075,135,138,-3,3
30076,81,79,2,2
30077,56,62,-6,6
30078,54,64,-10,10
30079,73,63,10,10
30080,80,86,-6,6
30081,114,109,5,5
30082,170,180,-10,10
30083,124,121,3,3
30084,63,62,1,1
30085,93,111,-18,18
30086,77,77,0,0
30087,178,178,0,0
30088,67,63,4,4
30089,72,61,11,11
30090,60,60,0,0
30091,64,66,-2,2
30092,85,80,5,5
30093,158,154,4,4
30094,124,113,11,11
30095,70,118,-48,48
30096,61,67,-6,6
30097,110,122,-12,12
30098,94,103,-9,9
30099,161,152,9,9
30100,98,103,-5,5
30101,165,156,9,9
30102,82,88,-6,6
30103,102,112,-10,10
30104,105,104,1,1
30105,85,97,-12,12
30106,106,113,-7,7
30107,91,83,8,8
30108,86,91,-5,5
30109,44,45,-1,1
30110,96,104,-8,8
30111,114,108,6,6
30112,83,85,-2,2
30113,24,27,-3,3
30114,75,82,-7,7
30115,140,150,-10,10
30116,46,47,-1,1
30117,80,77,3,3
30118,82,102,-20,20
30119,125,124,1,1
30120,56,61,-5,5
30121,76,78,-2,2
30122,44,46,-2,2
30123,102,92,10,10
30124,146,147,-1,1
30125,46,46,0,0
30126,80,83,-3,3
30127,117,126,-9,9
30128,85,76,9,9
30129,60,57,3,3
30130,81,92,-11,11
30131,42,41,1,1
30132,79,89,-10,10
30133,98,91,7,7
30134,110,108,2,2
30135,74,72,2,2
30136,54,53,1,1
30137,113,120,-7,7
30138,78,91,-13,13
30139,52,49,3,3
30140,449,457,-8,8
30141,121,124,-3,3
30142,68,66,2,2
30143,35,41,-6,6
30144,36,39,-3,3
30145,81,87,-6,6
30146,155,152,3,3
30147,207,194,13,13
30148,105,114,-9,9
30149,66,74,-8,8
30150,105,92,13,13
30151,63,59,4,4
30152,97,94,3,3
30153,114,105,9,9
30154,69,67,2,2
30155,181,182,-1,1
30156,58,63,-5,5
30157,56,61,-5,5
30158,41,43,-2,2
30159,61,65,-4,4
30160,108,119,-11,11
30161,113,105,8,8
30162,46,38,8,8
30163,85,80,5,5
30164,109,115,-6,6
30165,144,148,-4,4
30166,45,77,-32,32
30167,56,51,5,5
30168,71,65,6,6
30169,83,74,9,9
30170,72,76,-4,4
30171,92,84,8,8
30172,97,115,-18,18
30173,52,58,-6,6
30174,135,142,-7,7
30175,69,72,-3,3
30176,88,92,-4,4
30177,79,74,5,5
30178,74,74,0,0
30179,74,78,-4,4
30180,102,111,-9,9
30181,154,141,13,13
30182,225,227,-2,2
30183,98,108,-10,10
30184,77,81,-4,4
30185,164,150,14,14
30186,144,117,27,27
30187,75,73,2,2
30188,142,152,-10,10
30189,115,116,-1,1
30190,81,83,-2,2
30191,103,111,-8,8
30192,94,101,-7,7
30193,76,96,-20,20
30194,50,54,-4,4
30195,108,124,-16,16
30196,146,140,6,6
30197,90,92,-2,2
30198,129,128,1,1
30199,74,86,-12,12
30200,105,101,4,4
30201,91,92,-1,1
30202,121,128,-7,7
30203,109,95,14,14
30204,85,99,-14,14
30205,111,122,-11,11
30206,136,132,4,4
30207,74,73,1,1
30208,89,100,-11,11
30209,102,100,2,2
30210,63,59,4,4
30211,113,118,-5,5
30212,92,81,11,11
30213,87,94,-7,7
30214,98,95,3,3
30215,111,115,-4,4
30216,116,108,8,8
30217,133,144,-11,11
30218,160,156,4,4
30219,86,87,-1,1
30220,132,135,-3,3
30221,110,110,0,0
30222,53,55,-2,2
30223,95,96,-1,1
30224,88,91,-3,3
30225,56,57,-1,1
30226,75,79,-4,4
30227,76,76,0,0
30228,47,50,-3,3
30229,96,92,4,4
30230,39,60,-21,21
30231,159,145,14,14
30232,61,64,-3,3
30233,53,51,2,2
30234,84,84,0,0
30235,85,81,4,4
30236,82,89,-7,7
30237,88,94,-6,6
30238,87,83,4,4
30239,111,112,-1,1
30240,161,155,6,6
30241,131,137,-6,6
30242,89,80,9,9
30243,156,155,1,1
30244,61,62,-1,1
30245,94,103,-9,9
30246,102,88,14,14
30247,167,175,-8,8
30248,182,174,8,8
30249,59,54,5,5
30250,162,149,13,13
30251,132,132,0,0
30252,66,61,5,5
30253,88,88,0,0
30254,106,91,15,15
30255,59,62,-3,3
30256,86,90,-4,4
30257,45,50,-5,5
30258,42,51,-9,9
30259,54,53,1,1
30260,79,82,-3,3
30261,139,145,-6,6
30262,98,105,-7,7
30263,113,114,-1,1
30264,87,86,1,1
30265,55,61,-6,6
30266,47,49,-2,2
30267,93,101,-8,8
30268,55,58,-3,3
30269,113,146,-33,33
30270,87,80,7,7
30271,138,143,-5,5
30272,106,99,7,7
30273,76,78,-2,2
30274,89,90,-1,1
30275,90,83,7,7
30276,119,119,0,0
30277,106,109,-3,3
30278,89,86,3,3
30279,80,86,-6,6
30280,77,78,-1,1
30281,138,126,12,12
30282,99,96,3,3
30283,70,79,-9,9
30284,107,108,-1,1
30285,64,66,-2,2
30286,123,124,-1,1
30287,75,77,-2,2
30288,46,56,-10,10
30289,94,95,-1,1
30290,68,66,2,2
30291,116,125,-9,9
30292,68,76,-8,8
30293,42,35,7,7
30294,74,62,12,12
30295,102,108,-6,6
30296,111,107,4,4
30297,102,112,-10,10
30298,155,181,-26,26
30299,97,101,-4,4
30300,75,72,3,3
30301,158,172,-14,14
30302,66,57,9,9
30303,72,68,4,4
30304,197,169,28,28
30305,133,120,13,13
30306,103,110,-7,7
30307,119,116,3,3
30308,88,94,-6,6
30309,56,64,-8,8
30310,59,66,-7,7
30311,73,87,-14,14
30312,100,95,5,5
30313,83,76,7,7
30314,104,104,0,0
30315,91,100,-9,9
30316,86,89,-3,3
30317,62,58,4,4
30318,90,103,-13,13
30319,79,76,3,3
30320,127,129,-2,2
30321,108,120,-12,12
30322,38,64,-26,26
30323,63,73,-10,10
30324,55,59,-4,4
30325,111,94,17,17
30326,53,59,-6,6
30327,77,73,4,4
30328,143,148,-5,5
30329,136,134,2,2
30330,47,54,-7,7
30331,85,80,5,5
30332,96,92,4,4
30333,87,83,4,4
30334,87,87,0,0
30335,144,135,9,9
30336,105,100,5,5
30337,96,103,-7,7
30338,78,81,-3,3
30339,140,156,-16,16
30340,69,65,4,4
30341,41,49,-8,8
30342,73,85,-12,12
30343,75,77,-2,2
30344,54,63,-9,9
30345,71,73,-2,2
30346,92,99,-7,7
30347,78,78,0,0
30348,106,104,2,2
30349,77,81,-4,4
30350,74,77,-3,3
30351,59,57,2,2
30352,94,111,-17,17
30353,86,82,4,4
30354,102,112,-10,10
30355,87,96,-9,9
30356,121,125,-4,4
30357,75,71,4,4
30358,108,105,3,3
30359,174,162,12,12
30360,119,119,0,0
30361,84,90,-6,6
30362,98,99,-1,1
30363,84,90,-6,6
30364,89,83,6,6
30365,87,78,9,9
30366,43,49,-6,6
30367,95,101,-6,6
30368,62,63,-1,1
30369,97,105,-8,8
30370,110,109,1,1
30371,102,110,-8,8
30372,95,101,-6,6
30373,84,88,-4,4
30374,88,94,-6,6
30375,101,102,-1,1
30376,154,158,-4,4
30377,159,154,5,5
30378,103,95,8,8
30379,75,77,-2,2
30380,119,112,7,7
30381,27,30,-3,3
30382,77,82,-5,5
30383,169,154,15,15
30384,151,159,-8,8
30385,72,64,8,8
30386,145,129,16,16
30387,62,68,-6,6
30388,52,65,-13,13
30389,69,79,-10,10
30390,74,74,0,0
30391,102,85,17,17
30392,91,96,-5,5
30393,93,88,5,5
30394,81,82,-1,1
30395,137,134,3,3
30396,157,160,-3,3
30397,48,49,-1,1
30398,122,128,-6,6
30399,64,70,-6,6
30400,175,169,6,6
30401,74,62,12,12
30402,47,49,-2,2
30403,103,101,2,2
30404,88,94,-6,6
30405,64,76,-12,12
30406,94,95,-1,1
30407,111,111,0,0
30408,209,197,12,12
30409,80,80,0,0
30410,108,116,-8,8
30411,103,102,1,1
30412,93,120,-27,27
30413,86,92,-6,6
30414,105,103,2,2
30415,110,110,0,0
30416,82,86,-4,4
30417,69,62,7,7
30418,43,43,0,0
30419,74,82,-8,8
30420,131,118,13,13
30421,137,144,-7,7
30422,110,120,-10,10
30423,61,63,-2,2
30424,90,89,1,1
30425,78,71,7,7
30426,82,87,-5,5
30427,82,86,-4,4
30428,66,62,4,4
30429,136,143,-7,7
30430,112,103,9,9
30431,71,74,-3,3
30432,114,117,-3,3
30433,105,157,-52,52
30434,93,83,10,10
30435,122,127,-5,5
30436,167,173,-6,6
30437,67,64,3,3
30438,62,78,-16,16
30439,116,112,4,4
30440,120,110,10,10
30441,126,124,2,2
30442,110,106,4,4
30443,85,87,-2,2
30444,124,117,7,7
30445,129,137,-8,8
30446,99,116,-17,17
30447,172,167,5,5
30448,76,83,-7,7
30449,64,64,0,0
30450,138,128,10,10
30451,59,61,-2,2
30452,123,119,4,4
30453,140,111,29,29
30454,67,65,2,2
30455,211,201,10,10
30456,155,146,9,9
30457,84,97,-13,13
30458,125,129,-4,4
30459,72,72,0,0
30460,121,129,-8,8
30461,121,128,-7,7
30462,141,149,-8,8
30463,67,67,0,0
30464,73,100,-27,27
30465,107,109,-2,2
30466,72,64,8,8
30467,65,71,-6,6
30468,82,80,2,2
30469,87,81,6,6
30470,87,82,5,5
30471,52,57,-5,5
30472,84,79,5,5
30473,81,77,4,4
30474,75,80,-5,5
30475,126,131,-5,5
30476,45,48,-3,3
30477,48,53,-5,5
30478,77,79,-2,2
30479,150,136,14,14
30480,100,101,-1,1
30481,128,139,-11,11
30482,86,87,-1,1
30483,72,65,7,7
30484,108,110,-2,2
30485,61,42,19,19
30486,121,127,-6,6
30487,132,137,-5,5
30488,112,120,-8,8
30489,148,145,3,3
30490,89,102,-13,13
30491,47,56,-9,9
30492,75,78,-3,3
30493,113,129,-16,16
30494,82,93,-11,11
30495,82,83,-1,1
30496,155,145,10,10
30497,114,110,4,4
30498,85,93,-8,8
30499,97,103,-6,6
30500,117,110,7,7
30501,57,57,0,0
30502,121,121,0,0
30503,50,51,-1,1
30504,32,36,-4,4
30505,126,125,1,1
30506,85,86,-1,1
30507,45,55,-10,10
30508,105,100,5,5
30509,84,90,-6,6
30510,99,91,8,8
30511,129,98,31,31
30512,115,112,3,3
30513,127,131,-4,4
30514,42,64,-22,22
30515,86,94,-8,8
30516,106,105,1,1
30517,108,104,4,4
30518,143,144,-1,1
30519,98,107,-9,9
30520,131,109,22,22
30521,117,118,-1,1
30522,82,75,7,7
30523,79,80,-1,1
30524,58,58,0,0
30525,96,91,5,5
30526,105,95,10,10
30527,103,94,9,9
30528,72,84,-12,12
30529,108,120,-12,12
30530,155,152,3,3
30531,164,155,9,9
30532,60,60,0,0
30533,130,124,6,6
30534,123,119,4,4
30535,104,109,-5,5
30536,79,74,5,5
30537,136,136,0,0
30538,130,130,0,0
30539,135,126,9,9
30540,77,78,-1,1
30541,136,131,5,5
30542,107,89,18,18
30543,127,120,7,7
30544,116,120,-4,4
30545,132,131,1,1
30546,88,83,5,5
30547,74,71,3,3
30548,71,84,-13,13
30549,53,52,1,1
30550,57,58,-1,1
30551,189,185,4,4
30552,49,47,2,2
30553,124,132,-8,8
30554,127,123,4,4
30555,45,62,-17,17
30556,110,119,-9,9
30557,104,110,-6,6
30558,82,83,-1,1
30559,133,130,3,3
30560,229,217,12,12
30561,64,70,-6,6
30562,107,98,9,9
30563,109,114,-5,5
30564,174,167,7,7
30565,176,176,0,0
30566,101,91,10,10
30567,113,110,3,3
30568,139,132,7,7
30569,56,59,-3,3
30570,75,74,1,1
30571,89,90,-1,1
30572,34,39,-5,5
30573,130,131,-1,1
30574,81,76,5,5
30575,103,120,-17,17
30576,99,103,-4,4
30577,136,141,-5,5
30578,37,43,-6,6
30579,82,77,5,5
30580,125,127,-2,2
30581,121,120,1,1
30582,94,90,4,4
30583,67,66,1,1
30584,110,126,-16,16
30585,82,80,2,2
30586,106,121,-15,15
30587,154,150,4,4
30588,97,100,-3,3
30589,65,65,0,0
30590,81,90,-9,9
30591,53,54,-1,1
30592,123,115,8,8
30593,123,116,7,7
30594,60,52,8,8
30595,59,63,-4,4
30596,71,100,-29,29
30597,154,152,2,2
30598,89,87,2,2
30599,89,86,3,3
30600,95,89,6,6
30601,78,80,-2,2
30602,79,84,-5,5
30603,132,135,-3,3
30604,124,130,-6,6
30605,125,122,3,3
30606,73,73,0,0
30607,109,114,-5,5
30608,84,84,0,0
30609,114,123,-9,9
30610,98,103,-5,5
30611,229,224,5,5
30612,118,126,-8,8
30613,105,108,-3,3
30614,56,62,-6,6
30615,86,85,1,1
30616,72,77,-5,5
30617,144,174,-30,30
30618,151,146,5,5
30619,91,89,2,2
30620,134,138,-4,4
30621,142,140,2,2
30622,119,122,-3,3
30623,115,110,5,5
30624,122,126,-4,4
30625,121,113,8,8
30626,145,159,-14,14
30627,151,151,0,0
30628,99,82,17,17
30629,90,93,-3,3
30630,115,145,-30,30
30631,65,85,-20,20
30632,90,87,3,3
30633,78,80,-2,2
30634,65,73,-8,8
30635,77,77,0,0
30636,64,66,-2,2
30637,204,198,6,6
30638,134,146,-12,12
30639,144,135,9,9
30640,127,131,-4,4
30641,88,82,6,6
30642,61,64,-3,3
30643,118,125,-7,7
30644,91,90,1,1
30645,143,127,16,16
30646,166,152,14,14
30647,77,74,3,3
30648,97,90,7,7
30649,97,100,-3,3
30650,98,85,13,13
30651,71,71,0,0
30652,77,73,4,4
30653,145,140,5,5
30654,127,126,1,1
30655,144,144,0,0
30656,128,120,8,8
30657,148,146,2,2
30658,67,63,4,4
30659,147,152,-5,5
30660,85,92,-7,7
30661,98,102,-4,4
30662,72,73,-1,1
30663,74,76,-2,2
30664,111,118,-7,7
30665,80,79,1,1
30666,73,71,2,2
30667,79,82,-3,3
30668,90,78,12,12
30669,104,101,3,3
30670,70,73,-3,3
30671,99,104,-5,5
30672,64,64,0,0
30673,68,71,-3,3
30674,96,94,2,2
30675,44,48,-4,4
30676,84,86,-2,2
30677,81,76,5,5
30678,152,152,0,0
30679,69,71,-2,2
30680,86,103,-17,17
30681,89,98,-9,9
30682,151,148,3,3
30683,80,87,-7,7
30684,97,104,-7,7
30685,55,55,0,0
30686,126,120,6,6
30687,110,120,-10,10
30688,112,126,-14,14
30689,156,144,12,12
30690,52,72,-20,20
30691,88,89,-1,1
30692,98,110,-12,12
30693,131,126,5,5
30694,114,111,3,3
30695,154,160,-6,6
30696,52,56,-4,4
30697,134,137,-3,3
30698,60,60,0,0
30699,68,70,-2,2
30700,119,123,-4,4
30701,61,65,-4,4
30702,94,104,-10,10
30703,98,107,-9,9
30704,103,117,-14,14
30705,120,124,-4,4
30706,97,99,-2,2
30707,126,120,6,6
30708,103,100,3,3
30709,97,100,-3,3
30710,89,87,2,2
30711,69,66,3,3
30712,58,58,0,0
30713,109,105,4,4
30714,91,81,10,10
30715,76,74,2,2
30716,206,205,1,1
30717,109,98,11,11
30718,167,166,1,1
30719,124,120,4,4
30720,68,65,3,3
30721,162,140,22,22
30722,92,90,2,2
30723,160,164,-4,4
30724,107,108,-1,1
30725,104,93,11,11
30726,72,67,5,5
30727,59,63,-4,4
30728,102,94,8,8
30729,110,124,-14,14
30730,71,71,0,0
30731,96,88,8,8
30732,117,116,1,1
30733,67,66,1,1
30734,64,67,-3,3
30735,111,107,4,4
30736,54,48,6,6
30737,70,72,-2,2
30738,89,84,5,5
30739,125,137,-12,12
30740,81,92,-11,11
30741,132,125,7,7
30742,122,128,-6,6
30743,83,88,-5,5
30744,49,59,-10,10
30745,134,119,15,15
30746,86,86,0,0
30747,87,85,2,2
30748,113,118,-5,5
30749,147,151,-4,4
30750,57,65,-8,8
30751,81,79,2,2
30752,84,92,-8,8
30753,130,127,3,3
30754,103,97,6,6
30755,57,60,-3,3
30756,58,59,-1,1
30757,147,131,16,16
30758,136,138,-2,2
30759,78,83,-5,5
30760,92,94,-2,2
30761,69,74,-5,5
30762,151,145,6,6
30763,155,161,-6,6
30764,80,88,-8,8
30765,71,66,5,5
30766,113,155,-42,42
30767,129,118,11,11
30768,113,113,0,0
30769,82,90,-8,8
30770,69,59,10,10
30771,95,92,3,3
30772,86,88,-2,2
30773,86,82,4,4
30774,73,68,5,5
30775,84,87,-3,3
30776,99,98,1,1
30777,159,146,13,13
30778,94,99,-5,5
30779,93,98,-5,5
30780,52,52,0,0
30781,92,93,-1,1
30782,77,88,-11,11
30783,83,87,-4,4
30784,145,147,-2,2
30785,89,86,3,3
30786,98,95,3,3
30787,128,133,-5,5
30788,70,80,-10,10
30789,85,87,-2,2
30790,94,94,0,0
30791,63,71,-8,8
30792,120,110,10,10
30793,93,104,-11,11
30794,113,110,3,3
30795,164,176,-12,12
30796,121,120,1,1
30797,61,57,4,4
30798,100,78,22,22
30799,67,59,8,8
30800,107,108,-1,1
30801,56,51,5,5
30802,79,82,-3,3
30803,116,153,-37,37
30804,139,138,1,1
30805,112,123,-11,11
30806,92,90,2,2
30807,108,107,1,1
30808,124,134,-10,10
30809,158,165,-7,7
30810,106,86,20,20
30811,132,129,3,3
30812,100,96,4,4
30813,64,99,-35,35
30814,128,125,3,3
30815,53,50,3,3
30816,54,55,-1,1
30817,81,81,0,0
30818,67,67,0,0
30819,97,117,-20,20
30820,129,121,8,8
30821,122,108,14,14
30822,139,137,2,2
30823,44,43,1,1
30824,131,135,-4,4
30825,67,73,-6,6
30826,115,106,9,9
30827,53,51,2,2
30828,84,82,2,2
30829,124,125,-1,1
30830,74,66,8,8
30831,104,117,-13,13
30832,70,76,-6,6
30833,112,113,-1,1
30834,90,77,13,13
30835,83,98,-15,15
30836,71,75,-4,4
30837,81,78,3,3
30838,124,146,-22,22
30839,161,167,-6,6
30840,52,58,-6,6
30841,78,86,-8,8
30842,57,52,5,5
30843,113,116,-3,3
30844,105,97,8,8
30845,119,109,10,10
30846,48,54,-6,6
30847,123,122,1,1
30848,96,92,4,4
30849,124,119,5,5
30850,129,133,-4,4
30851,125,128,-3,3
30852,104,110,-6,6
30853,117,117,0,0
30854,151,152,-1,1
30855,125,123,2,2
30856,87,95,-8,8
30857,71,73,-2,2
30858,58,58,0,0
30859,127,133,-6,6
30860,143,131,12,12
30861,78,77,1,1
30862,114,127,-13,13
30863,49,50,-1,1
30864,86,89,-3,3
30865,81,91,-10,10
30866,85,87,-2,2
30867,158,143,15,15
30868,57,53,4,4
30869,109,110,-1,1
30870,95,92,3,3
30871,45,48,-3,3
30872,76,87,-11,11
30873,83,77,6,6
30874,100,116,-16,16
30875,65,79,-14,14
30876,76,83,-7,7
30877,47,57,-10,10
30878,70,73,-3,3
30879,157,160,-3,3
30880,204,182,22,22
30881,88,85,3,3
30882,93,88,5,5
30883,53,61,-8,8
30884,97,102,-5,5
30885,84,81,3,3
30886,66,74,-8,8
30887,73,77,-4,4
30888,64,71,-7,7
30889,102,93,9,9
30890,56,58,-2,2
30891,73,77,-4,4
30892,78,87,-9,9
30893,64,73,-9,9
30894,89,91,-2,2
30895,108,112,-4,4
30896,79,71,8,8
30897,99,104,-5,5
30898,104,105,-1,1
30899,174,162,12,12
30900,76,81,-5,5
30901,67,76,-9,9
30902,103,102,1,1
30903,72,72,0,0
30904,65,77,-12,12
30905,79,83,-4,4
30906,39,67,-28,28
30907,42,41,1,1
30908,43,48,-5,5
30909,130,132,-2,2
30910,56,55,1,1
30911,67,72,-5,5
30912,61,62,-1,1
30913,79,68,11,11
30914,122,105,17,17
30915,121,119,2,2
30916,87,79,8,8
30917,95,103,-8,8
30918,76,76,0,0
30919,98,89,9,9
30920,149,153,-4,4
30921,37,43,-6,6
30922,91,77,14,14
30923,99,98,1,1
30924,64,71,-7,7
30925,113,108,5,5
30926,82,84,-2,2
30927,71,73,-2,2
30928,103,110,-7,7
30929,58,62,-4,4
30930,112,111,1,1
30931,61,61,0,0
30932,60,66,-6,6
30933,118,125,-7,7
30934,48,52,-4,4
30935,86,76,10,10
30936,61,71,-10,10
30937,123,113,10,10
30938,151,151,0,0
30939,50,48,2,2
30940,123,133,-10,10
30941,186,184,2,2
30942,59,63,-4,4
30943,141,141,0,0
30944,130,153,-23,23
30945,83,76,7,7
30946,63,64,-1,1
30947,168,155,13,13
30948,88,87,1,1
30949,49,54,-5,5
30950,47,53,-6,6
30951,81,85,-4,4
30952,176,159,17,17
30953,58,60,-2,2
30954,48,42,6,6
30955,117,118,-1,1
30956,115,106,9,9
30957,120,117,3,3
30958,90,91,-1,1
30959,46,54,-8,8
30960,113,130,-17,17
30961,64,71,-7,7
30962,126,121,5,5
30963,153,140,13,13
30964,114,108,6,6
30965,182,189,-7,7
30966,114,117,-3,3
30967,91,94,-3,3
30968,116,107,9,9
30969,135,127,8,8
30970,70,71,-1,1
30971,80,73,7,7
30972,50,63,-13,13
30973,90,92,-2,2
30974,50,56,-6,6
30975,144,133,11,11
30976,77,75,2,2
30977,81,75,6,6
30978,41,37,4,4
30979,80,84,-4,4
30980,97,94,3,3
30981,65,66,-1,1
30982,70,73,-3,3
30983,176,187,-11,11
30984,143,142,1,1
30985,79,77,2,2
30986,122,121,1,1
30987,135,138,-3,3
30988,85,92,-7,7
30989,50,58,-8,8
30990,88,87,1,1
30991,120,114,6,6
30992,134,133,1,1
30993,74,78,-4,4
30994,86,91,-5,5
30995,95,95,0,0
30996,56,61,-5,5
30997,92,87,5,5
30998,86,87,-1,1
30999,70,89,-19,19
31000,81,78,3,3
31001,113,117,-4,4
31002,99,98,1,1
31003,77,80,-3,3
31004,31,30,1,1
31005,99,96,3,3
31006,85,83,2,2
31007,80,88,-8,8
31008,92,95,-3,3
31009,56,59,-3,3
31010,139,154,-15,15
31011,51,49,2,2
31012,36,39,-3,3
31013,126,120,6,6
31014,76,75,1,1
31015,96,112,-16,16
31016,87,93,-6,6
31017,117,116,1,1
31018,102,107,-5,5
31019,89,95,-6,6
31020,107,90,17,17
31021,79,78,1,1
31022,89,87,2,2
31023,67,61,6,6
31024,114,116,-2,2
31025,69,73,-4,4
31026,115,99,16,16
31027,168,178,-10,10
31028,84,105,-21,21
31029,79,61,18,18
31030,133,142,-9,9
31031,123,110,13,13
31032,102,114,-12,12
31033,123,117,6,6
31034,97,88,9,9
31035,89,92,-3,3
31036,92,98,-6,6
31037,171,157,14,14
31038,72,65,7,7
31039,92,102,-10,10
31040,54,63,-9,9
31041,113,118,-5,5
31042,110,100,10,10
31043,64,63,1,1
31044,64,64,0,0
31045,69,62,7,7
31046,81,82,-1,1
31047,101,104,-3,3
31048,92,99,-7,7
31049,85,94,-9,9
31050,58,59,-1,1
31051,124,120,4,4
31052,81,78,3,3
31053,108,101,7,7
31054,93,90,3,3
31055,70,61,9,9
31056,119,95,24,24
31057,65,63,2,2
31058,90,84,6,6
31059,53,55,-2,2
31060,73,78,-5,5
31061,52,55,-3,3
31062,97,101,-4,4
31063,118,101,17,17
31064,95,92,3,3
31065,89,87,2,2
31066,66,66,0,0
31067,75,78,-3,3
31068,107,102,5,5
31069,63,60,3,3
31070,148,138,10,10
31071,110,110,0,0
31072,96,109,-13,13
31073,123,129,-6,6
31074,123,114,9,9
31075,106,91,15,15
31076,101,97,4,4
31077,105,110,-5,5
31078,94,101,-7,7
31079,53,67,-14,14
31080,53,64,-11,11
31081,116,117,-1,1
31082,122,129,-7,7
31083,96,105,-9,9
31084,117,114,3,3
31085,105,102,3,3
31086,74,75,-1,1
31087,43,52,-9,9
31088,110,114,-4,4
31089,71,71,0,0
31090,72,66,6,6
31091,109,110,-1,1
31092,142,144,-2,2
31093,69,62,7,7
31094,127,139,-12,12
31095,113,122,-9,9
31096,61,62,-1,1
31097,108,105,3,3
31098,83,77,6,6
31099,58,62,-4,4
31100,107,109,-2,2
31101,108,129,-21,21
31102,97,93,4,4
31103,101,90,11,11
31104,101,109,-8,8
31105,123,117,6,6
31106,68,71,-3,3
31107,89,87,2,2
31108,47,50,-3,3
31109,128,119,9,9
31110,117,118,-1,1
31111,94,88,6,6
31112,111,107,4,4
31113,51,53,-2,2
31114,65,75,-10,10
31115,79,100,-21,21
31116,140,142,-2,2
31117,152,135,17,17
31118,108,112,-4,4
31119,115,110,5,5
31120,78,88,-10,10
31121,100,103,-3,3
31122,69,71,-2,2
31123,127,126,1,1
31124,64,58,6,6
31125,148,146,2,2
31126,105,101,4,4
31127,123,119,4,4
31128,56,57,-1,1
31129,60,73,-13,13
31130,100,94,6,6
31131,77,99,-22,22
31132,89,115,-26,26
31133,63,70,-7,7
31134,70,70,0,0
31135,74,71,3,3
31136,74,83,-9,9
31137,149,134,15,15
31138,60,65,-5,5
31139,115,166,-51,51
31140,65,69,-4,4
31141,95,89,6,6
31142,126,146,-20,20
31143,84,96,-12,12
31144,114,103,11,11
31145,130,124,6,6
31146,117,111,6,6
31147,135,144,-9,9
31148,110,118,-8,8
31149,74,71,3,3
31150,91,97,-6,6
31151,102,99,3,3
31152,76,83,-7,7
31153,81,101,-20,20
31154,117,113,4,4
31155,58,60,-2,2
31156,52,71,-19,19
31157,44,59,-15,15
31158,126,135,-9,9
31159,102,103,-1,1
31160,68,62,6,6
31161,96,114,-18,18
31162,116,104,12,12
31163,96,89,7,7
31164,44,53,-9,9
31165,49,46,3,3
31166,109,110,-1,1
31167,40,50,-10,10
31168,84,117,-33,33
31169,57,58,-1,1
31170,85,91,-6,6
31171,44,49,-5,5
31172,77,77,0,0
31173,70,82,-12,12
31174,63,72,-9,9
31175,75,74,1,1
31176,88,90,-2,2
31177,98,97,1,1
31178,66,84,-18,18
31179,78,74,4,4
31180,95,103,-8,8
31181,99,130,-31,31
31182,20,93,-73,73
31183,88,90,-2,2
31184,165,159,6,6
31185,127,124,3,3
31186,55,59,-4,4
31187,145,143,2,2
31188,72,67,5,5
31189,84,77,7,7
31190,62,63,-1,1
31191,107,99,8,8
31192,113,96,17,17
31193,64,64,0,0
31194,132,117,15,15
31195,80,79,1,1
31196,64,71,-7,7
31197,58,65,-7,7
31198,53,66,-13,13
31199,101,103,-2,2
31200,97,93,4,4
31201,93,96,-3,3
31202,87,74,13,13
31203,78,75,3,3
31204,70,62,8,8
31205,119,81,38,38
31206,66,66,0,0
31207,82,93,-11,11
31208,117,102,15,15
31209,106,104,2,2
31210,79,78,1,1
31211,129,163,-34,34
31212,95,85,10,10
31213,66,71,-5,5
31214,63,61,2,2
31215,128,143,-15,15
31216,86,80,6,6
31217,87,94,-7,7
31218,115,116,-1,1
31219,126,128,-2,2
31220,66,104,-38,38
31221,138,140,-2,2
31222,118,105,13,13
31223,105,106,-1,1
31224,59,65,-6,6
31225,51,59,-8,8
31226,45,61,-16,16
31227,79,80,-1,1
31228,103,89,14,14
31229,86,106,-20,20
31230,63,62,1,1
31231,104,104,0,0
31232,144,141,3,3
31233,160,151,9,9
31234,55,56,-1,1
31235,83,83,0,0
31236,104,106,-2,2
31237,61,63,-2,2
31238,92,102,-10,10
31239,72,77,-5,5
31240,103,100,3,3
31241,192,173,19,19
31242,89,84,5,5
31243,76,73,3,3
31244,70,78,-8,8
31245,81,73,8,8
31246,96,97,-1,1
31247,120,118,2,2
31248,88,90,-2,2
31249,81,73,8,8
31250,91,91,0,0
31251,104,96,8,8
31252,71,71,0,0
31253,51,50,1,1
31254,138,134,4,4
31255,88,74,14,14
31256,64,75,-11,11
31257,108,113,-5,5
31258,120,118,2,2
31259,78,101,-23,23
31260,158,145,13,13
31261,185,171,14,14
31262,168,179,-11,11
31263,96,103,-7,7
31264,100,80,20,20
31265,48,105,-57,57
31266,80,79,1,1
31267,49,54,-5,5
31268,108,108,0,0
31269,71,75,-4,4
31270,111,113,-2,2
31271,75,71,4,4
31272,117,119,-2,2
31273,156,149,7,7
31274,111,104,7,7
31275,108,112,-4,4
31276,54,59,-5,5
31277,83,91,-8,8
31278,91,83,8,8
31279,53,61,-8,8
31280,46,49,-3,3
31281,39,48,-9,9
31282,97,114,-17,17
31283,97,111,-14,14
31284,93,88,5,5
31285,173,168,5,5
31286,76,75,1,1
31287,146,140,6,6
31288,128,139,-11,11
31289,81,75,6,6
31290,90,92,-2,2
31291,109,118,-9,9
31292,123,112,11,11
31293,100,100,0,0
31294,77,83,-6,6
31295,77,78,-1,1
31296,109,128,-19,19
31297,85,84,1,1
31298,94,94,0,0
31299,57,55,2,2
31300,51,56,-5,5
31301,50,57,-7,7
31302,80,75,5,5
31303,73,70,3,3
31304,68,76,-8,8
31305,153,140,13,13
31306,120,132,-12,12
31307,99,101,-2,2
31308,97,95,2,2
31309,82,78,4,4
31310,85,95,-10,10
31311,84,83,1,1
31312,93,107,-14,14
31313,55,59,-4,4
31314,53,58,-5,5
31315,148,142,6,6
31316,115,124,-9,9
31317,116,118,-2,2
31318,109,98,11,11
31319,72,78,-6,6
31320,85,87,-2,2
31321,78,65,13,13
31322,133,126,7,7
31323,89,87,2,2
31324,53,63,-10,10
31325,145,158,-13,13
31326,75,72,3,3
31327,60,61,-1,1
31328,71,73,-2,2
31329,62,65,-3,3
31330,165,159,6,6
31331,51,73,-22,22
31332,146,158,-12,12
31333,64,64,0,0
31334,75,85,-10,10
31335,79,74,5,5
31336,85,88,-3,3
31337,100,102,-2,2
31338,119,115,4,4
31339,106,117,-11,11
31340,79,80,-1,1
31341,163,161,2,2
31342,121,126,-5,5
31343,66,72,-6,6
31344,114,115,-1,1
31345,77,80,-3,3
31346,57,59,-2,2
31347,87,93,-6,6
31348,86,84,2,2
31349,71,78,-7,7
31350,124,120,4,4
31351,65,62,3,3
31352,111,108,3,3
31353,62,67,-5,5
31354,94,85,9,9
31355,76,77,-1,1
31356,122,138,-16,16
31357,136,154,-18,18
31358,76,74,2,2
31359,82,97,-15,15
31360,62,58,4,4
31361,65,59,6,6
31362,63,68,-5,5
31363,50,49,1,1
31364,56,67,-11,11
31365,80,86,-6,6
31366,95,87,8,8
31367,94,98,-4,4
31368,90,78,12,12
31369,116,100,16,16
31370,113,106,7,7
31371,70,65,5,5
31372,31,38,-7,7
31373,70,76,-6,6
31374,72,65,7,7
31375,92,86,6,6
31376,82,79,3,3
31377,58,62,-4,4
31378,104,107,-3,3
31379,75,76,-1,1
31380,90,95,-5,5
31381,130,128,2,2
31382,126,128,-2,2
31383,89,84,5,5
31384,108,108,0,0
31385,51,57,-6,6
31386,132,133,-1,1
31387,91,93,-2,2
31388,109,118,-9,9
31389,103,124,-21,21
31390,87,80,7,7
31391,123,126,-3,3
31392,109,103,6,6
31393,77,91,-14,14
31394,96,98,-2,2
31395,82,83,-1,1
31396,111,113,-2,2
31397,72,71,1,1
31398,117,110,7,7
31399,117,117,0,0
31400,137,138,-1,1
31401,107,97,10,10
31402,91,92,-1,1
31403,110,110,0,0
31404,76,86,-10,10
31405,83,76,7,7
31406,142,146,-4,4
31407,97,97,0,0
31408,54,54,0,0
31409,71,77,-6,6
31410,91,101,-10,10
31411,100,103,-3,3
31412,47,51,-4,4
31413,114,106,8,8
31414,65,55,10,10
31415,33,42,-9,9
31416,88,84,4,4
31417,102,106,-4,4
31418,72,90,-18,18
31419,95,97,-2,2
31420,100,97,3,3
31421,200,199,1,1
31422,147,136,11,11
31423,98,109,-11,11
31424,111,111,0,0
31425,105,111,-6,6
31426,89,90,-1,1
31427,108,108,0,0
31428,35,64,-29,29
31429,54,61,-7,7
31430,124,122,2,2
31431,90,80,10,10
31432,130,131,-1,1
31433,138,131,7,7
31434,143,133,10,10
31435,74,74,0,0
31436,47,59,-12,12
31437,64,66,-2,2
31438,174,181,-7,7
31439,96,92,4,4
31440,132,135,-3,3
31441,66,74,-8,8
31442,105,108,-3,3
31443,128,132,-4,4
31444,99,102,-3,3
31445,70,71,-1,1
31446,62,58,4,4
31447,78,76,2,2
31448,93,98,-5,5
31449,89,73,16,16
31450,104,115,-11,11
31451,74,71,3,3
31452,102,88,14,14
31453,58,57,1,1
31454,89,89,0,0
31455,84,78,6,6
31456,128,120,8,8
31457,91,95,-4,4
31458,80,69,11,11
31459,84,96,-12,12
31460,100,107,-7,7
31461,115,111,4,4
31462,92,98,-6,6
31463,155,160,-5,5
31464,175,153,22,22
31465,79,75,4,4
31466,70,64,6,6
31467,64,74,-10,10
31468,111,116,-5,5
31469,83,82,1,1
31470,92,96,-4,4
31471,153,150,3,3
31472,138,139,-1,1
31473,90,108,-18,18
31474,104,112,-8,8
31475,52,50,2,2
31476,72,77,-5,5
31477,76,80,-4,4
31478,69,71,-2,2
31479,145,138,7,7
31480,67,64,3,3
31481,79,76,3,3
31482,103,98,5,5
31483,145,153,-8,8
31484,86,89,-3,3
31485,112,107,5,5
31486,130,127,3,3
31487,173,166,7,7
31488,75,77,-2,2
31489,195,173,22,22
31490,93,92,1,1
31491,102,96,6,6
31492,64,59,5,5
31493,68,66,2,2
31494,58,65,-7,7
31495,93,82,11,11
31496,119,104,15,15
31497,54,50,4,4
31498,72,92,-20,20
31499,82,85,-3,3
31500,130,130,0,0
31501,75,82,-7,7
31502,73,79,-6,6
31503,72,75,-3,3
31504,243,278,-35,35
31505,62,81,-19,19
31506,79,72,7,7
31507,129,136,-7,7
31508,119,111,8,8
31509,121,125,-4,4
31510,135,134,1,1
31511,64,57,7,7
31512,84,86,-2,2
31513,68,72,-4,4
31514,89,84,5,5
31515,59,55,4,4
31516,67,73,-6,6
31517,108,117,-9,9
31518,55,57,-2,2
31519,161,142,19,19
31520,75,78,-3,3
31521,113,109,4,4
31522,102,100,2,2
31523,116,112,4,4
31524,134,134,0,0
31525,161,137,24,24
31526,122,105,17,17
31527,103,99,4,4
31528,75,77,-2,2
31529,162,146,16,16
31530,76,84,-8,8
31531,57,61,-4,4
31532,74,78,-4,4
31533,78,72,6,6
31534,68,70,-2,2
31535,101,97,4,4
31536,66,70,-4,4
31537,61,65,-4,4
31538,120,114,6,6
31539,62,62,0,0
31540,149,134,15,15
31541,85,94,-9,9
31542,126,116,10,10
31543,192,194,-2,2
31544,94,91,3,3
31545,69,72,-3,3
31546,99,90,9,9
31547,114,110,4,4
31548,75,79,-4,4
31549,113,126,-13,13
31550,165,158,7,7
31551,133,126,7,7
31552,86,96,-10,10
31553,72,66,6,6
31554,97,99,-2,2
31555,113,164,-51,51
31556,110,113,-3,3
31557,119,127,-8,8
31558,60,62,-2,2
31559,72,85,-13,13
31560,110,110,0,0
31561,151,140,11,11
31562,70,78,-8,8
31563,89,92,-3,3
31564,112,107,5,5
31565,70,74,-4,4
31566,64,66,-2,2
31567,155,161,-6,6
31568,103,103,0,0
31569,115,112,3,3
31570,57,54,3,3
31571,92,99,-7,7
31572,96,91,5,5
31573,61,64,-3,3
31574,144,132,12,12
31575,75,78,-3,3
31576,138,133,5,5
31577,103,110,-7,7
31578,118,110,8,8
31579,80,87,-7,7
31580,107,103,4,4
31581,84,86,-2,2
31582,87,85,2,2
31583,56,51,5,5
31584,129,139,-10,10
31585,94,94,0,0
31586,72,82,-10,10
31587,193,175,18,18
31588,141,127,14,14
31589,98,100,-2,2
31590,116,124,-8,8
31591,154,151,3,3
31592,116,125,-9,9
31593,75,83,-8,8
31594,107,99,8,8
31595,83,77,6,6
31596,103,113,-10,10
31597,99,97,2,2
31598,109,113,-4,4
31599,95,92,3,3
31600,85,76,9,9
31601,81,83,-2,2
31602,112,100,12,12
31603,82,77,5,5
31604,56,57,-1,1
31605,64,65,-1,1
31606,105,124,-19,19
31607,118,118,0,0
31608,82,85,-3,3
31609,96,97,-1,1
31610,69,64,5,5
31611,128,130,-2,2
31612,88,95,-7,7
31613,90,86,4,4
31614,141,140,1,1
31615,75,86,-11,11
31616,108,114,-6,6
31617,153,147,6,6
31618,101,101,0,0
31619,76,79,-3,3
31620,86,97,-11,11
31621,49,49,0,0
31622,130,131,-1,1
31623,95,92,3,3
31624,33,45,-12,12
31625,156,162,-6,6
31626,49,47,2,2
31627,89,85,4,4
31628,86,76,10,10
31629,80,78,2,2
31630,97,94,3,3
31631,59,64,-5,5
31632,153,147,6,6
31633,51,55,-4,4
31634,88,74,14,14
31635,145,161,-16,16
31636,165,182,-17,17
31637,74,81,-7,7
31638,80,91,-11,11
31639,101,97,4,4
31640,46,49,-3,3
31641,62,64,-2,2
31642,107,99,8,8
31643,66,70,-4,4
31644,153,151,2,2
31645,75,75,0,0
31646,49,51,-2,2
31647,120,127,-7,7
31648,131,128,3,3
31649,106,113,-7,7
31650,147,142,5,5
31651,81,82,-1,1
31652,94,96,-2,2
31653,57,73,-16,16
31654,61,73,-12,12
31655,47,48,-1,1
31656,53,52,1,1
31657,117,112,5,5
31658,98,78,20,20
31659,48,47,1,1
31660,190,193,-3,3
31661,68,71,-3,3
31662,106,101,5,5
31663,57,64,-7,7
31664,131,138,-7,7
31665,132,129,3,3
31666,74,76,-2,2
31667,125,127,-2,2
31668,86,90,-4,4
31669,49,49,0,0
31670,95,79,16,16
31671,67,64,3,3
31672,82,87,-5,5
31673,93,105,-12,12
31674,52,59,-7,7
31675,55,56,-1,1
31676,111,111,0,0
31677,73,73,0,0
31678,72,82,-10,10
31679,160,159,1,1
31680,97,103,-6,6
31681,95,88,7,7
31682,117,94,23,23
31683,67,60,7,7
31684,55,59,-4,4
31685,103,98,5,5
31686,108,113,-5,5
31687,82,76,6,6
31688,155,148,7,7
31689,87,89,-2,2
31690,88,85,3,3
31691,84,98,-14,14
31692,66,80,-14,14
31693,59,61,-2,2
31694,80,76,4,4
31695,120,127,-7,7
31696,92,93,-1,1
31697,36,37,-1,1
31698,89,81,8,8
31699,113,102,11,11
31700,86,88,-2,2
31701,117,144,-27,27
31702,78,72,6,6
31703,72,80,-8,8
31704,76,67,9,9
31705,76,78,-2,2
31706,87,87,0,0
31707,76,97,-21,21
31708,79,63,16,16
31709,51,48,3,3
31710,121,135,-14,14
31711,100,92,8,8
31712,83,84,-1,1
31713,84,75,9,9
31714,100,106,-6,6
31715,125,123,2,2
31716,73,66,7,7
31717,59,62,-3,3
31718,79,82,-3,3
31719,76,84,-8,8
31720,108,116,-8,8
31721,64,76,-12,12
31722,101,97,4,4
31723,140,126,14,14
31724,89,91,-2,2
31725,72,71,1,1
31726,82,88,-6,6
31727,68,71,-3,3
31728,41,53,-12,12
31729,77,79,-2,2
31730,150,145,5,5
31731,121,118,3,3
31732,96,119,-23,23
31733,50,52,-2,2
31734,45,49,-4,4
31735,118,129,-11,11
31736,108,106,2,2
31737,74,71,3,3
31738,148,141,7,7
31739,109,107,2,2
31740,53,55,-2,2
31741,69,64,5,5
31742,75,75,0,0
31743,75,89,-14,14
31744,93,91,2,2
31745,36,37,-1,1
31746,62,71,-9,9
31747,139,139,0,0
31748,67,70,-3,3
31749,199,201,-2,2
31750,61,58,3,3
31751,66,70,-4,4
31752,58,62,-4,4
31753,58,60,-2,2
31754,98,106,-8,8
31755,65,63,2,2
31756,96,98,-2,2
31757,105,111,-6,6
31758,44,48,-4,4
31759,116,115,1,1
31760,87,80,7,7
31761,94,100,-6,6
31762,130,136,-6,6
31763,103,104,-1,1
31764,85,83,2,2
31765,94,105,-11,11
31766,78,76,2,2
31767,120,116,4,4
31768,48,53,-5,5
31769,107,100,7,7
31770,87,91,-4,4
31771,115,120,-5,5
31772,122,123,-1,1
31773,137,127,10,10
31774,19,36,-17,17
31775,90,94,-4,4
31776,45,45,0,0
31777,53,60,-7,7
31778,132,122,10,10
31779,54,51,3,3
31780,123,134,-11,11
31781,88,105,-17,17
31782,90,80,10,10
31783,112,113,-1,1
31784,67,63,4,4
31785,50,57,-7,7
31786,65,65,0,0
31787,44,48,-4,4
31788,86,96,-10,10
31789,65,70,-5,5
31790,80,98,-18,18
31791,128,123,5,5
31792,166,144,22,22
31793,105,94,11,11
31794,77,76,1,1
31795,113,122,-9,9
31796,82,81,1,1
31797,94,102,-8,8
31798,123,120,3,3
31799,118,120,-2,2
31800,159,151,8,8
31801,100,85,15,15
31802,95,88,7,7
31803,128,134,-6,6
31804,67,76,-9,9
31805,131,121,10,10
31806,78,78,0,0
31807,58,62,-4,4
31808,126,119,7,7
31809,136,145,-9,9
31810,75,73,2,2
31811,100,101,-1,1
31812,52,52,0,0
31813,94,92,2,2
31814,64,74,-10,10
31815,65,66,-1,1
31816,85,86,-1,1
31817,100,101,-1,1
31818,134,133,1,1
31819,88,87,1,1
31820,87,88,-1,1
31821,112,113,-1,1
31822,222,213,9,9
31823,103,98,5,5
31824,131,158,-27,27
31825,143,152,-9,9
31826,89,91,-2,2
31827,144,133,11,11
31828,90,89,1,1
31829,117,114,3,3
31830,41,44,-3,3
31831,161,162,-1,1
31832,87,94,-7,7
31833,67,71,-4,4
31834,89,103,-14,14
31835,58,52,6,6
31836,54,52,2,2
31837,66,63,3,3
31838,62,72,-10,10
31839,46,48,-2,2
31840,116,119,-3,3
31841,146,150,-4,4
31842,153,165,-12,12
31843,110,95,15,15
31844,83,74,9,9
31845,138,130,8,8
31846,117,113,4,4
31847,86,83,3,3
31848,170,168,2,2
31849,96,102,-6,6
31850,57,54,3,3
31851,102,92,10,10
31852,96,97,-1,1
31853,88,85,3,3
31854,117,123,-6,6
31855,83,97,-14,14
31856,94,106,-12,12
31857,68,77,-9,9
31858,81,76,5,5
31859,165,166,-1,1
31860,93,84,9,9
31861,169,169,0,0
31862,79,84,-5,5
31863,91,85,6,6
31864,96,96,0,0
31865,107,91,16,16
31866,98,96,2,2
31867,81,79,2,2
31868,125,130,-5,5
31869,111,111,0,0
31870,50,55,-5,5
31871,102,102,0,0
31872,94,87,7,7
31873,57,57,0,0
31874,110,110,0,0
31875,89,83,6,6
31876,69,65,4,4
31877,116,121,-5,5
31878,135,124,11,11
31879,76,73,3,3
31880,98,88,10,10
31881,72,70,2,2
31882,68,74,-6,6
31883,77,74,3,3
31884,125,142,-17,17
31885,115,110,5,5
31886,136,124,12,12
31887,80,76,4,4
31888,82,84,-2,2
31889,76,83,-7,7
31890,82,79,3,3
31891,138,133,5,5
31892,108,101,7,7
31893,153,148,5,5
31894,76,77,-1,1
31895,100,92,8,8
31896,97,101,-4,4
31897,119,117,2,2
31898,35,45,-10,10
31899,39,41,-2,2
31900,102,96,6,6
31901,93,108,-15,15
31902,122,121,1,1
31903,88,85,3,3
31904,84,87,-3,3
31905,207,200,7,7
31906,67,67,0,0
31907,111,116,-5,5
31908,75,77,-2,2
31909,112,102,10,10
31910,59,61,-2,2
31911,66,64,2,2
31912,161,163,-2,2
31913,80,87,-7,7
31914,64,72,-8,8
31915,123,84,39,39
31916,123,120,3,3
31917,144,144,0,0
31918,61,62,-1,1
31919,85,73,12,12
31920,100,95,5,5
31921,100,96,4,4
31922,65,59,6,6
31923,75,71,4,4
31924,104,94,10,10
31925,112,124,-12,12
31926,93,88,5,5
31927,69,64,5,5
31928,58,58,0,0
31929,120,107,13,13
31930,131,122,9,9
31931,101,91,10,10
31932,156,158,-2,2
31933,83,78,5,5
31934,62,63,-1,1
31935,94,98,-4,4
31936,87,94,-7,7
31937,182,173,9,9
31938,132,131,1,1
31939,100,105,-5,5
31940,74,74,0,0
31941,57,63,-6,6
31942,95,94,1,1
31943,64,56,8,8
31944,99,95,4,4
31945,102,116,-14,14
31946,144,139,5,5
31947,152,144,8,8
31948,66,62,4,4
31949,57,59,-2,2
31950,73,81,-8,8
31951,85,82,3,3
31952,111,102,9,9
31953,78,81,-3,3
31954,87,85,2,2
31955,58,63,-5,5
31956,125,125,0,0
31957,98,96,2,2
31958,127,123,4,4
31959,125,117,8,8
31960,107,111,-4,4
31961,57,63,-6,6
31962,161,151,10,10
31963,109,103,6,6
31964,110,101,9,9
31965,64,63,1,1
31966,304,312,-8,8
31967,75,73,2,2
31968,161,171,-10,10
31969,85,98,-13,13
31970,124,110,14,14
31971,53,55,-2,2
31972,98,105,-7,7
31973,124,128,-4,4
31974,67,62,5,5
31975,59,64,-5,5
31976,115,108,7,7
31977,91,84,7,7
31978,108,112,-4,4
31979,82,87,-5,5
31980,104,97,7,7
31981,65,74,-9,9
31982,107,106,1,1
31983,140,146,-6,6
31984,83,85,-2,2
31985,128,149,-21,21
31986,65,59,6,6
31987,70,73,-3,3
31988,160,166,-6,6
31989,94,97,-3,3
31990,74,70,4,4
31991,99,102,-3,3
31992,105,102,3,3
31993,65,71,-6,6
31994,46,51,-5,5
31995,72,71,1,1
31996,53,50,3,3
31997,110,112,-2,2
31998,100,93,7,7
31999,65,71,-6,6
32000,102,98,4,4
32001,128,126,2,2
32002,90,86,4,4
32003,139,154,-15,15
32004,145,129,16,16
32005,89,83,6,6
32006,68,77,-9,9
32007,64,64,0,0
32008,79,87,-8,8
32009,86,76,10,10
32010,60,67,-7,7
32011,101,91,10,10
32012,36,45,-9,9
32013,103,104,-1,1
32014,52,52,0,0
32015,152,153,-1,1
32016,80,92,-12,12
32017,142,128,14,14
32018,129,119,10,10
32019,140,121,19,19
32020,49,54,-5,5
32021,147,150,-3,3
32022,100,91,9,9
32023,59,66,-7,7
32024,106,112,-6,6
32025,88,90,-2,2
32026,86,89,-3,3
32027,106,94,12,12
32028,110,112,-2,2
32029,43,38,5,5
32030,114,123,-9,9
32031,77,73,4,4
32032,103,105,-2,2
32033,125,126,-1,1
32034,65,65,0,0
32035,105,105,0,0
32036,98,119,-21,21
32037,132,149,-17,17
32038,119,113,6,6
32039,80,82,-2,2
32040,107,107,0,0
32041,94,85,9,9
32042,59,78,-19,19
32043,109,115,-6,6
32044,144,152,-8,8
32045,45,51,-6,6
32046,66,46,20,20
32047,122,127,-5,5
32048,88,88,0,0
32049,53,49,4,4
32050,58,65,-7,7
32051,68,70,-2,2
32052,104,99,5,5
32053,129,137,-8,8
32054,55,58,-3,3
32055,80,71,9,9
32056,100,110,-10,10
32057,64,74,-10,10
32058,150,149,1,1
32059,80,78,2,2
32060,96,90,6,6
32061,83,84,-1,1
32062,39,43,-4,4
32063,112,100,12,12
32064,146,142,4,4
32065,91,99,-8,8
32066,77,88,-11,11
32067,121,124,-3,3
32068,113,114,-1,1
32069,132,141,-9,9
32070,102,104,-2,2
32071,71,65,6,6
32072,81,79,2,2
32073,60,72,-12,12
32074,112,99,13,13
32075,95,88,7,7
32076,116,112,4,4
32077,85,89,-4,4
32078,116,127,-11,11
32079,107,106,1,1
32080,156,145,11,11
32081,84,87,-3,3
32082,77,77,0,0
32083,111,104,7,7
32084,61,86,-25,25
32085,124,129,-5,5
32086,106,98,8,8
32087,116,116,0,0
32088,64,79,-15,15
32089,108,108,0,0
32090,76,75,1,1
32091,72,75,-3,3
32092,75,76,-1,1
32093,66,65,1,1
32094,128,139,-11,11
32095,189,172,17,17
32096,120,124,-4,4
32097,64,62,2,2
32098,141,144,-3,3
32099,96,92,4,4
32100,170,171,-1,1
32101,83,83,0,0
32102,101,106,-5,5
32103,81,89,-8,8
32104,43,46,-3,3
32105,150,149,1,1
32106,70,65,5,5
32107,89,80,9,9
32108,115,112,3,3
32109,103,103,0,0
32110,54,56,-2,2
32111,63,62,1,1
32112,127,138,-11,11
32113,96,82,14,14
32114,79,97,-18,18
32115,83,84,-1,1
32116,108,103,5,5
32117,116,110,6,6
32118,121,117,4,4
32119,127,117,10,10
32120,109,116,-7,7
32121,96,97,-1,1
32122,82,82,0,0
32123,103,133,-30,30
32124,142,145,-3,3
32125,161,153,8,8
32126,126,130,-4,4
32127,78,72,6,6
32128,157,160,-3,3
32129,63,66,-3,3
32130,64,64,0,0
32131,90,85,5,5
32132,95,101,-6,6
32133,146,145,1,1
32134,56,54,2,2
32135,48,48,0,0
32136,68,66,2,2
32137,94,99,-5,5
32138,87,84,3,3
32139,122,114,8,8
32140,126,115,11,11
32141,55,76,-21,21
32142,61,64,-3,3
32143,89,98,-9,9
32144,62,71,-9,9
32145,71,72,-1,1
32146,87,89,-2,2
32147,39,41,-2,2
32148,123,119,4,4
32149,79,88,-9,9
32150,109,103,6,6
32151,101,108,-7,7
32152,107,104,3,3
32153,114,113,1,1
32154,81,91,-10,10
32155,167,163,4,4
32156,71,73,-2,2
32157,65,73,-8,8
32158,76,71,5,5
32159,94,93,1,1
32160,162,155,7,7
32161,86,101,-15,15
32162,162,163,-1,1
32163,50,52,-2,2
32164,109,104,5,5
32165,70,67,3,3
32166,69,71,-2,2
32167,36,36,0,0
32168,117,111,6,6
32169,104,92,12,12
32170,107,111,-4,4
32171,66,70,-4,4
32172,98,100,-2,2
32173,113,119,-6,6
32174,57,61,-4,4
32175,117,118,-1,1
32176,79,91,-12,12
32177,88,90,-2,2
32178,101,101,0,0
32179,98,100,-2,2
32180,164,186,-22,22
32181,108,110,-2,2
32182,79,75,4,4
32183,77,85,-8,8
32184,81,82,-1,1
32185,111,108,3,3
32186,108,108,0,0
32187,104,104,0,0
32188,51,45,6,6
32189,79,80,-1,1
32190,141,137,4,4
32191,105,104,1,1
32192,79,83,-4,4
32193,121,114,7,7
32194,85,93,-8,8
32195,60,62,-2,2
32196,76,74,2,2
32197,66,63,3,3
32198,140,132,8,8
32199,115,101,14,14
32200,135,125,10,10
32201,137,149,-12,12
32202,108,118,-10,10
32203,56,61,-5,5
32204,145,143,2,2
32205,107,102,5,5
32206,75,71,4,4
32207,73,76,-3,3
32208,58,59,-1,1
32209,73,70,3,3
32210,100,97,3,3
32211,154,149,5,5
32212,89,84,5,5
32213,86,77,9,9
32214,218,199,19,19
32215,96,95,1,1
32216,72,76,-4,4
32217,136,150,-14,14
32218,197,196,1,1
32219,75,81,-6,6
32220,138,134,4,4
32221,112,122,-10,10
32222,97,106,-9,9
32223,50,56,-6,6
32224,144,137,7,7
32225,62,65,-3,3
32226,91,98,-7,7
32227,108,112,-4,4
32228,111,112,-1,1
32229,154,148,6,6
32230,84,87,-3,3
32231,181,181,0,0
32232,80,83,-3,3
32233,134,131,3,3
32234,78,88,-10,10
32235,243,232,11,11
32236,59,54,5,5
32237,83,72,11,11
32238,76,63,13,13
32239,88,88,0,0
32240,62,63,-1,1
32241,81,79,2,2
32242,127,129,-2,2
32243,119,113,6,6
32244,70,75,-5,5
32245,114,102,12,12
32246,91,92,-1,1
32247,120,109,11,11
32248,61,58,3,3
32249,73,74,-1,1
32250,77,86,-9,9
32251,175,181,-6,6
32252,86,86,0,0
32253,125,122,3,3
32254,109,105,4,4
32255,90,100,-10,10
32256,71,74,-3,3
32257,64,64,0,0
32258,91,85,6,6
32259,116,115,1,1
32260,63,59,4,4
32261,79,79,0,0
32262,56,53,3,3
32263,144,141,3,3
32264,130,117,13,13
32265,73,75,-2,2
32266,64,55,9,9
32267,146,130,16,16
32268,30,49,-19,19
32269,107,113,-6,6
32270,80,86,-6,6
32271,94,115,-21,21
32272,57,57,0,0
32273,85,89,-4,4
32274,157,150,7,7
32275,131,136,-5,5
32276,170,151,19,19
32277,115,126,-11,11
32278,124,111,13,13
32279,83,85,-2,2
32280,139,138,1,1
32281,104,110,-6,6
32282,54,56,-2,2
32283,117,113,4,4
32284,84,96,-12,12
32285,97,89,8,8
32286,50,45,5,5
32287,57,70,-13,13
32288,84,83,1,1
32289,70,76,-6,6
32290,75,80,-5,5
32291,33,56,-23,23
32292,110,129,-19,19
32293,60,62,-2,2
32294,66,71,-5,5
32295,121,114,7,7
32296,97,99,-2,2
32297,128,122,6,6
32298,82,79,3,3
32299,110,107,3,3
32300,135,140,-5,5
32301,96,98,-2,2
32302,79,72,7,7
32303,82,75,7,7
32304,112,103,9,9
32305,119,125,-6,6
32306,113,91,22,22
32307,129,131,-2,2
32308,30,34,-4,4
32309,143,146,-3,3
32310,48,50,-2,2
32311,70,72,-2,2
32312,66,97,-31,31
32313,117,125,-8,8
32314,49,50,-1,1
32315,73,74,-1,1
32316,104,113,-9,9
32317,78,92,-14,14
32318,94,98,-4,4
32319,39,43,-4,4
32320,163,158,5,5
32321,131,135,-4,4
32322,78,85,-7,7
32323,107,116,-9,9
32324,40,45,-5,5
32325,83,82,1,1
32326,88,102,-14,14
32327,104,103,1,1
32328,116,108,8,8
32329,144,134,10,10
32330,93,96,-3,3
32331,89,88,1,1
32332,110,107,3,3
32333,62,87,-25,25
32334,100,99,1,1
32335,79,81,-2,2
32336,80,79,1,1
32337,120,123,-3,3
32338,84,101,-17,17
32339,88,93,-5,5
32340,132,143,-11,11
32341,93,90,3,3
32342,79,86,-7,7
32343,27,36,-9,9
32344,97,100,-3,3
32345,167,158,9,9
32346,146,157,-11,11
32347,45,45,0,0
32348,53,52,1,1
32349,57,57,0,0
32350,40,45,-5,5
32351,77,90,-13,13
32352,120,118,2,2
32353,87,100,-13,13
32354,189,179,10,10
32355,84,92,-8,8
32356,68,64,4,4
32357,85,93,-8,8
32358,75,82,-7,7
32359,58,59,-1,1
32360,67,70,-3,3
32361,58,58,0,0
32362,38,42,-4,4
32363,63,67,-4,4
32364,82,91,-9,9
32365,111,129,-18,18
32366,168,155,13,13
32367,67,66,1,1
32368,92,94,-2,2
32369,43,40,3,3
32370,126,117,9,9
32371,94,95,-1,1
32372,108,119,-11,11
32373,80,88,-8,8
32374,159,149,10,10
32375,101,83,18,18
32376,71,67,4,4
32377,77,82,-5,5
32378,53,56,-3,3
32379,96,101,-5,5
32380,144,132,12,12
32381,96,100,-4,4
32382,120,124,-4,4
32383,91,87,4,4
32384,57,65,-8,8
32385,95,101,-6,6
32386,114,120,-6,6
32387,115,126,-11,11
32388,63,56,7,7
32389,103,93,10,10
32390,213,206,7,7
32391,82,91,-9,9
32392,113,106,7,7
32393,75,77,-2,2
32394,122,129,-7,7
32395,82,67,15,15
32396,112,105,7,7
32397,114,114,0,0
32398,62,52,10,10
32399,145,133,12,12
32400,153,164,-11,11
32401,102,76,26,26
32402,65,71,-6,6
32403,79,65,14,14
32404,85,89,-4,4
32405,69,63,6,6
32406,69,74,-5,5
32407,106,96,10,10
32408,73,72,1,1
32409,95,88,7,7
32410,68,73,-5,5
32411,72,78,-6,6
32412,71,79,-8,8
32413,135,131,4,4
32414,115,111,4,4
32415,75,77,-2,2
32416,57,60,-3,3
32417,33,39,-6,6
32418,73,72,1,1
32419,147,148,-1,1
32420,100,103,-3,3
32421,81,82,-1,1
32422,130,132,-2,2
32423,63,63,0,0
32424,75,78,-3,3
32425,97,106,-9,9
32426,80,88,-8,8
32427,67,66,1,1
32428,135,137,-2,2
32429,48,48,0,0
32430,113,122,-9,9
32431,62,62,0,0
32432,66,63,3,3
32433,62,54,8,8
32434,140,157,-17,17
32435,82,86,-4,4
32436,86,89,-3,3
32437,123,125,-2,2
32438,134,132,2,2
32439,63,66,-3,3
32440,142,138,4,4
32441,63,63,0,0
32442,94,86,8,8
32443,72,79,-7,7
32444,146,141,5,5
32445,90,74,16,16
32446,57,60,-3,3
32447,51,62,-11,11
32448,64,65,-1,1
32449,80,86,-6,6
32450,105,105,0,0
32451,109,110,-1,1
32452,99,110,-11,11
32453,209,202,7,7
32454,82,74,8,8
32455,49,56,-7,7
32456,72,68,4,4
32457,62,62,0,0
32458,50,56,-6,6
32459,153,157,-4,4
32460,140,126,14,14
32461,95,90,5,5
32462,81,79,2,2
32463,114,107,7,7
32464,130,130,0,0
32465,31,42,-11,11
32466,86,93,-7,7
32467,100,110,-10,10
32468,58,59,-1,1
32469,58,56,2,2
32470,95,84,11,11
32471,121,126,-5,5
32472,83,83,0,0
32473,152,145,7,7
32474,138,145,-7,7
32475,128,134,-6,6
32476,92,105,-13,13
32477,64,69,-5,5
32478,72,78,-6,6
32479,110,117,-7,7
32480,57,56,1,1
32481,99,96,3,3
32482,98,94,4,4
32483,73,85,-12,12
32484,53,57,-4,4
32485,55,66,-11,11
32486,61,61,0,0
32487,239,221,18,18
32488,86,87,-1,1
32489,133,118,15,15
32490,80,83,-3,3
32491,76,72,4,4
32492,79,72,7,7
32493,140,132,8,8
32494,97,101,-4,4
32495,74,62,12,12
32496,142,137,5,5
32497,82,82,0,0
32498,62,60,2,2
32499,101,112,-11,11
32500,69,85,-16,16
32501,171,166,5,5
32502,69,75,-6,6
32503,72,72,0,0
32504,93,93,0,0
32505,78,85,-7,7
32506,68,70,-2,2
32507,54,56,-2,2
32508,110,113,-3,3
32509,69,82,-13,13
32510,92,88,4,4
32511,65,64,1,1
32512,28,33,-5,5
32513,65,69,-4,4
32514,69,62,7,7
32515,119,109,10,10
32516,78,76,2,2
32517,75,73,2,2
32518,70,66,4,4
32519,57,66,-9,9
32520,88,90,-2,2
32521,80,72,8,8
32522,113,116,-3,3
32523,63,66,-3,3
32524,91,88,3,3
32525,141,126,15,15
32526,88,88,0,0
32527,46,53,-7,7
32528,109,104,5,5
32529,98,103,-5,5
32530,177,171,6,6
32531,142,142,0,0
32532,56,61,-5,5
32533,166,151,15,15
32534,70,67,3,3
32535,64,67,-3,3
32536,70,72,-2,2
32537,66,74,-8,8
32538,104,96,8,8
32539,131,122,9,9
32540,82,85,-3,3
32541,65,64,1,1
32542,95,96,-1,1
32543,79,74,5,5
32544,86,83,3,3
32545,84,83,1,1
32546,103,91,12,12
32547,77,78,-1,1
32548,125,120,5,5
32549,122,124,-2,2
32550,64,62,2,2
32551,95,108,-13,13
32552,79,83,-4,4
32553,67,64,3,3
32554,160,153,7,7
32555,103,103,0,0
32556,114,113,1,1
32557,74,80,-6,6
32558,123,123,0,0
32559,50,59,-9,9
32560,53,57,-4,4
32561,195,203,-8,8
32562,71,74,-3,3
32563,171,156,15,15
32564,90,97,-7,7
32565,75,76,-1,1
32566,84,89,-5,5
32567,86,106,-20,20
32568,101,104,-3,3
32569,131,120,11,11
32570,159,146,13,13
32571,52,61,-9,9
32572,119,118,1,1
32573,85,83,2,2
32574,97,96,1,1
32575,73,78,-5,5
32576,54,63,-9,9
32577,73,71,2,2
32578,127,123,4,4
32579,164,165,-1,1
32580,104,94,10,10
32581,57,57,0,0
32582,40,48,-8,8
32583,103,107,-4,4
32584,149,140,9,9
32585,105,102,3,3
32586,184,171,13,13
32587,74,73,1,1
32588,145,132,13,13
32589,74,82,-8,8
32590,83,98,-15,15
32591,82,75,7,7
32592,85,95,-10,10
32593,133,138,-5,5
32594,68,65,3,3
32595,56,80,-24,24
32596,183,180,3,3
32597,66,64,2,2
32598,115,128,-13,13
32599,86,86,0,0
32600,64,71,-7,7
32601,41,46,-5,5
32602,97,118,-21,21
32603,76,75,1,1
32604,64,65,-1,1
32605,67,67,0,0
32606,92,87,5,5
32607,86,88,-2,2
32608,86,88,-2,2
32609,114,114,0,0
32610,134,123,11,11
32611,80,73,7,7
32612,151,173,-22,22
32613,99,98,1,1
32614,144,144,0,0
32615,118,108,10,10
32616,74,78,-4,4
32617,85,78,7,7
32618,51,61,-10,10
32619,57,63,-6,6
32620,152,149,3,3
32621,80,84,-4,4
32622,83,74,9,9
32623,69,65,4,4
32624,126,144,-18,18
32625,178,168,10,10
32626,101,112,-11,11
32627,110,111,-1,1
32628,53,59,-6,6
32629,89,100,-11,11
32630,97,101,-4,4
32631,81,79,2,2
32632,87,85,2,2
32633,52,50,2,2
32634,98,96,2,2
32635,109,106,3,3
32636,103,102,1,1
32637,90,74,16,16
32638,73,72,1,1
32639,157,157,0,0
32640,106,99,7,7
32641,144,142,2,2
32642,105,110,-5,5
32643,191,182,9,9
32644,79,74,5,5
32645,113,107,6,6
32646,66,66,0,0
32647,62,81,-19,19
32648,71,82,-11,11
32649,93,94,-1,1
32650,90,78,12,12
32651,81,79,2,2
32652,97,109,-12,12
32653,43,59,-16,16
32654,150,137,13,13
32655,78,76,2,2
32656,122,112,10,10
32657,76,76,0,0
32658,50,60,-10,10
32659,78,92,-14,14
32660,68,80,-12,12
32661,92,84,8,8
32662,65,73,-8,8
32663,112,108,4,4
32664,69,71,-2,2
32665,86,87,-1,1
32666,73,71,2,2
32667,99,97,2,2
32668,99,98,1,1
32669,70,79,-9,9
32670,88,85,3,3
32671,66,66,0,0
32672,123,116,7,7
32673,72,60,12,12
32674,120,135,-15,15
32675,51,59,-8,8
32676,68,60,8,8
32677,103,108,-5,5
32678,76,76,0,0
32679,77,88,-11,11
32680,143,160,-17,17
32681,128,131,-3,3
32682,87,77,10,10
32683,47,47,0,0
32684,119,118,1,1
32685,119,118,1,1
32686,52,58,-6,6
32687,123,102,21,21
32688,78,82,-4,4
32689,135,141,-6,6
32690,65,65,0,0
32691,50,55,-5,5
32692,59,79,-20,20
32693,95,85,10,10
32694,74,88,-14,14
32695,127,114,13,13
32696,135,109,26,26
32697,80,79,1,1
32698,81,86,-5,5
32699,102,102,0,0
32700,131,132,-1,1
32701,96,88,8,8
32702,100,106,-6,6
32703,104,105,-1,1
32704,112,117,-5,5
32705,103,91,12,12
32706,96,96,0,0
32707,86,82,4,4
32708,130,138,-8,8
32709,47,48,-1,1
32710,118,113,5,5
32711,81,80,1,1
32712,117,92,25,25
32713,77,80,-3,3
32714,129,125,4,4
32715,111,90,21,21
32716,131,126,5,5
32717,67,72,-5,5
32718,66,62,4,4
32719,111,121,-10,10
32720,71,83,-12,12
32721,58,54,4,4
32722,61,79,-18,18
32723,65,63,2,2
32724,91,98,-7,7
32725,126,123,3,3
32726,79,74,5,5
32727,98,91,7,7
32728,83,107,-24,24
32729,46,49,-3,3
32730,71,73,-2,2
32731,56,67,-11,11
32732,74,68,6,6
32733,86,83,3,3
32734,125,123,2,2
32735,71,64,7,7
32736,62,63,-1,1
32737,96,65,31,31
32738,145,128,17,17
32739,73,71,2,2
32740,67,67,0,0
32741,87,90,-3,3
32742,79,71,8,8
32743,93,96,-3,3
32744,72,73,-1,1
32745,68,64,4,4
32746,72,73,-1,1
32747,132,124,8,8
32748,75,72,3,3
32749,86,88,-2,2
32750,101,96,5,5
32751,193,204,-11,11
32752,124,121,3,3
32753,96,88,8,8
32754,102,106,-4,4
32755,48,46,2,2
32756,95,86,9,9
32757,172,177,-5,5
32758,174,180,-6,6
32759,171,154,17,17
32760,64,60,4,4
32761,90,94,-4,4
32762,77,78,-1,1
32763,79,79,0,0
32764,82,81,1,1
32765,128,127,1,1
32766,96,99,-3,3
32767,88,89,-1,1
32768,78,77,1,1
32769,115,122,-7,7
32770,75,83,-8,8
32771,132,129,3,3
32772,161,151,10,10
32773,117,110,7,7
32774,61,56,5,5
32775,84,74,10,10
32776,102,108,-6,6
32777,108,110,-2,2
32778,108,123,-15,15
32779,156,154,2,2
32780,107,106,1,1
32781,74,70,4,4
32782,185,204,-19,19
32783,61,74,-13,13
32784,106,105,1,1
32785,73,76,-3,3
32786,83,73,10,10
32787,53,55,-2,2
32788,216,210,6,6
32789,90,87,3,3
32790,94,106,-12,12
32791,113,120,-7,7
32792,48,51,-3,3
32793,125,143,-18,18
32794,58,59,-1,1
32795,112,113,-1,1
32796,91,82,9,9
32797,90,101,-11,11
32798,104,99,5,5
32799,59,63,-4,4
32800,74,77,-3,3
32801,99,109,-10,10
32802,76,85,-9,9
32803,101,102,-1,1
32804,143,139,4,4
32805,66,66,0,0
32806,108,88,20,20
32807,126,123,3,3
32808,102,96,6,6
32809,106,112,-6,6
32810,84,82,2,2
32811,133,132,1,1
32812,68,70,-2,2
32813,133,133,0,0
32814,91,92,-1,1
32815,148,149,-1,1
32816,131,134,-3,3
32817,105,98,7,7
32818,111,127,-16,16
32819,50,53,-3,3
32820,118,111,7,7
32821,56,63,-7,7
32822,76,78,-2,2
32823,141,134,7,7
32824,162,158,4,4
32825,144,148,-4,4
32826,131,143,-12,12
32827,57,50,7,7
32828,105,118,-13,13
32829,74,72,2,2
32830,118,146,-28,28
32831,157,154,3,3
32832,105,104,1,1
32833,90,87,3,3
32834,96,103,-7,7
32835,161,166,-5,5
32836,83,79,4,4
32837,145,139,6,6
32838,55,57,-2,2
32839,113,127,-14,14
32840,72,76,-4,4
32841,199,201,-2,2
32842,57,69,-12,12
32843,86,90,-4,4
32844,124,118,6,6
32845,59,73,-14,14
32846,65,55,10,10
32847,82,84,-2,2
32848,127,128,-1,1
32849,82,88,-6,6
32850,101,93,8,8
32851,105,101,4,4
32852,94,96,-2,2
32853,125,120,5,5
32854,96,82,14,14
32855,48,52,-4,4
32856,68,72,-4,4
32857,98,101,-3,3
32858,152,145,7,7
32859,139,116,23,23
32860,80,85,-5,5
32861,113,112,1,1
32862,102,116,-14,14
32863,94,92,2,2
32864,56,61,-5,5
32865,112,113,-1,1
32866,71,71,0,0
32867,163,164,-1,1
32868,95,102,-7,7
32869,165,167,-2,2
32870,100,104,-4,4
32871,104,102,2,2
32872,68,81,-13,13
32873,152,147,5,5
32874,62,72,-10,10
32875,56,59,-3,3
32876,87,91,-4,4
32877,48,50,-2,2
32878,85,80,5,5
32879,82,101,-19,19
32880,70,89,-19,19
32881,80,78,2,2
32882,100,108,-8,8
32883,158,152,6,6
32884,143,139,4,4
32885,76,74,2,2
32886,64,67,-3,3
32887,121,117,4,4
32888,72,75,-3,3
32889,53,53,0,0
32890,202,194,8,8
32891,54,57,-3,3
32892,58,58,0,0
32893,125,128,-3,3
32894,74,64,10,10
32895,58,103,-45,45
32896,144,146,-2,2
32897,124,126,-2,2
32898,84,86,-2,2
32899,27,61,-34,34
32900,84,77,7,7
32901,176,160,16,16
32902,44,49,-5,5
32903,66,70,-4,4
32904,73,85,-12,12
32905,71,87,-16,16
32906,42,72,-30,30
32907,61,80,-19,19
32908,71,66,5,5
32909,90,100,-10,10
32910,74,71,3,3
32911,109,100,9,9
32912,124,120,4,4
32913,94,94,0,0
32914,158,172,-14,14
32915,97,89,8,8
32916,73,65,8,8
32917,90,99,-9,9
32918,64,63,1,1
32919,144,151,-7,7
32920,104,112,-8,8
32921,186,173,13,13
32922,102,97,5,5
32923,85,84,1,1
32924,96,101,-5,5
32925,122,120,2,2
32926,97,93,4,4
32927,96,93,3,3
32928,50,45,5,5
32929,110,130,-20,20
32930,89,87,2,2
32931,98,94,4,4
32932,123,136,-13,13
32933,53,57,-4,4
32934,114,113,1,1
32935,152,159,-7,7
32936,146,156,-10,10
32937,134,128,6,6
32938,105,112,-7,7
32939,38,86,-48,48
32940,99,97,2,2
32941,107,104,3,3
32942,92,84,8,8
32943,120,123,-3,3
32944,129,130,-1,1
32945,95,90,5,5
32946,90,89,1,1
32947,103,106,-3,3
32948,114,113,1,1
32949,59,63,-4,4
32950,36,48,-12,12
32951,99,99,0,0
32952,76,74,2,2
32953,149,131,18,18
32954,106,89,17,17
32955,61,72,-11,11
32956,47,64,-17,17
32957,158,174,-16,16
32958,54,54,0,0
32959,50,54,-4,4
32960,98,94,4,4
32961,94,87,7,7
32962,67,70,-3,3
32963,49,51,-2,2
32964,146,144,2,2
32965,135,125,10,10
32966,87,77,10,10
32967,98,106,-8,8
32968,59,60,-1,1
32969,86,83,3,3
32970,62,65,-3,3
32971,113,109,4,4
32972,93,93,0,0
32973,75,84,-9,9
32974,83,81,2,2
32975,138,136,2,2
32976,67,72,-5,5
32977,84,76,8,8
32978,117,124,-7,7
32979,64,66,-2,2
32980,80,77,3,3
32981,85,86,-1,1
32982,67,68,-1,1
32983,96,97,-1,1
32984,72,73,-1,1
32985,63,75,-12,12
32986,151,137,14,14
32987,49,51,-2,2
32988,103,83,20,20
32989,32,40,-8,8
32990,70,64,6,6
32991,135,138,-3,3
32992,55,58,-3,3
32993,99,102,-3,3
32994,114,117,-3,3
32995,82,75,7,7
32996,119,124,-5,5
32997,104,106,-2,2
32998,123,116,7,7
32999,113,122,-9,9
33000,153,156,-3,3
33001,89,93,-4,4
33002,48,71,-23,23
33003,113,108,5,5
33004,83,85,-2,2
33005,129,123,6,6
33006,67,76,-9,9
33007,96,92,4,4
33008,92,94,-2,2
33009,103,96,7,7
33010,121,111,10,10
33011,48,57,-9,9
33012,98,90,8,8
33013,112,113,-1,1
33014,107,111,-4,4
33015,92,81,11,11
33016,72,77,-5,5
33017,86,87,-1,1
33018,86,86,0,0
33019,120,112,8,8
33020,65,68,-3,3
33021,86,83,3,3
33022,138,130,8,8
33023,74,84,-10,10
33024,60,63,-3,3
33025,125,116,9,9
33026,61,65,-4,4
33027,99,98,1,1
33028,150,145,5,5
33029,69,65,4,4
33030,41,39,2,2
33031,108,102,6,6
33032,163,173,-10,10
33033,121,116,5,5
33034,72,75,-3,3
33035,109,104,5,5
33036,133,139,-6,6
33037,74,80,-6,6
33038,119,125,-6,6
33039,77,76,1,1
33040,97,110,-13,13
33041,76,78,-2,2
33042,102,95,7,7
33043,88,81,7,7
33044,139,136,3,3
33045,93,92,1,1
33046,171,168,3,3
33047,115,134,-19,19
33048,73,73,0,0
33049,102,97,5,5
33050,97,100,-3,3
33051,107,114,-7,7
33052,180,184,-4,4
33053,78,77,1,1
33054,279,276,3,3
33055,86,93,-7,7
33056,80,81,-1,1
33057,131,142,-11,11
33058,49,54,-5,5
33059,100,95,5,5
33060,53,61,-8,8
33061,116,112,4,4
33062,61,61,0,0
33063,73,62,11,11
33064,70,63,7,7
33065,56,56,0,0
33066,69,67,2,2
33067,76,74,2,2
33068,57,62,-5,5
33069,36,40,-4,4
33070,75,84,-9,9
33071,62,59,3,3
33072,78,76,2,2
33073,112,114,-2,2
33074,85,79,6,6
33075,164,149,15,15
33076,52,63,-11,11
33077,102,103,-1,1
33078,34,39,-5,5
33079,52,57,-5,5
33080,63,77,-14,14
33081,60,61,-1,1
33082,145,143,2,2
33083,74,79,-5,5
33084,106,114,-8,8
33085,53,53,0,0
33086,114,123,-9,9
33087,135,145,-10,10
33088,119,120,-1,1
33089,84,103,-19,19
33090,62,64,-2,2
33091,150,150,0,0
33092,178,201,-23,23
33093,125,130,-5,5
33094,125,128,-3,3
33095,56,61,-5,5
33096,83,86,-3,3
33097,79,91,-12,12
33098,66,68,-2,2
33099,62,62,0,0
33100,77,83,-6,6
33101,113,116,-3,3
33102,119,124,-5,5
33103,100,90,10,10
33104,121,124,-3,3
33105,102,98,4,4
33106,106,121,-15,15
33107,67,64,3,3
33108,104,94,10,10
33109,133,136,-3,3
33110,138,131,7,7
33111,62,72,-10,10
33112,110,122,-12,12
33113,140,135,5,5
33114,80,77,3,3
33115,103,109,-6,6
33116,114,110,4,4
33117,55,56,-1,1
33118,91,91,0,0
33119,38,47,-9,9
33120,89,77,12,12
33121,129,127,2,2
33122,30,63,-33,33
33123,103,100,3,3
33124,100,106,-6,6
33125,87,94,-7,7
33126,99,94,5,5
33127,87,86,1,1
33128,91,99,-8,8
33129,105,100,5,5
33130,104,103,1,1
33131,46,49,-3,3
33132,86,78,8,8
33133,59,73,-14,14
33134,135,142,-7,7
33135,47,51,-4,4
33136,108,94,14,14
33137,108,101,7,7
33138,120,126,-6,6
33139,50,75,-25,25
33140,102,125,-23,23
33141,129,141,-12,12
33142,82,125,-43,43
33143,141,130,11,11
33144,87,82,5,5
33145,108,109,-1,1
33146,113,129,-16,16
33147,166,164,2,2
33148,82,83,-1,1
33149,34,62,-28,28
33150,57,59,-2,2
33151,128,138,-10,10
33152,86,93,-7,7
33153,70,66,4,4
33154,106,105,1,1
33155,111,112,-1,1
33156,89,101,-12,12
33157,28,32,-4,4
33158,102,106,-4,4
33159,159,142,17,17
33160,170,161,9,9
33161,98,101,-3,3
33162,77,82,-5,5
33163,118,123,-5,5
33164,96,91,5,5
33165,51,61,-10,10
33166,63,59,4,4
33167,70,71,-1,1
33168,99,115,-16,16
33169,58,56,2,2
33170,60,62,-2,2
33171,78,82,-4,4
33172,45,57,-12,12
33173,89,102,-13,13
33174,69,73,-4,4
33175,84,91,-7,7
33176,73,71,2,2
33177,178,167,11,11
33178,63,72,-9,9
33179,108,106,2,2
33180,105,109,-4,4
33181,43,47,-4,4
33182,82,80,2,2
33183,76,81,-5,5
33184,143,130,13,13
33185,91,87,4,4
33186,63,65,-2,2
33187,136,134,2,2
33188,83,80,3,3
33189,128,123,5,5
33190,63,67,-4,4
33191,72,76,-4,4
33192,96,102,-6,6
33193,66,74,-8,8
33194,89,105,-16,16
33195,74,70,4,4
33196,69,71,-2,2
33197,86,85,1,1
33198,105,103,2,2
33199,92,98,-6,6
33200,49,56,-7,7
33201,151,137,14,14
33202,87,97,-10,10
33203,86,85,1,1
33204,55,55,0,0
33205,113,130,-17,17
33206,96,99,-3,3
33207,84,84,0,0
33208,102,103,-1,1
33209,85,92,-7,7
33210,141,143,-2,2
33211,90,77,13,13
33212,57,58,-1,1
33213,80,88,-8,8
33214,111,109,2,2
33215,82,125,-43,43
33216,85,89,-4,4
33217,85,79,6,6
33218,67,67,0,0
33219,86,79,7,7
33220,102,95,7,7
33221,71,72,-1,1
33222,130,158,-28,28
33223,76,83,-7,7
33224,70,73,-3,3
33225,86,93,-7,7
33226,55,48,7,7
33227,97,99,-2,2
33228,98,119,-21,21
33229,70,62,8,8
33230,102,99,3,3
33231,79,72,7,7
33232,104,102,2,2
33233,70,63,7,7
33234,94,89,5,5
33235,103,106,-3,3
33236,102,117,-15,15
33237,102,99,3,3
33238,67,64,3,3
33239,165,165,0,0
33240,73,92,-19,19
33241,149,139,10,10
33242,92,90,2,2
33243,57,67,-10,10
33244,76,65,11,11
33245,129,124,5,5
33246,66,71,-5,5
33247,132,127,5,5
33248,108,102,6,6
33249,162,180,-18,18
33250,104,100,4,4
33251,98,109,-11,11
33252,81,78,3,3
33253,106,112,-6,6
33254,134,144,-10,10
33255,118,123,-5,5
33256,156,141,15,15
33257,73,71,2,2
33258,106,109,-3,3
33259,64,62,2,2
33260,66,62,4,4
33261,126,114,12,12
33262,103,110,-7,7
33263,57,59,-2,2
33264,158,169,-11,11
33265,103,101,2,2
33266,103,105,-2,2
33267,172,170,2,2
33268,137,140,-3,3
33269,95,89,6,6
33270,127,121,6,6
33271,87,84,3,3
33272,136,119,17,17
33273,51,54,-3,3
33274,95,91,4,4
33275,100,105,-5,5
33276,140,137,3,3
33277,102,112,-10,10
33278,69,70,-1,1
33279,148,146,2,2
33280,121,139,-18,18
33281,133,135,-2,2
33282,106,113,-7,7
33283,95,92,3,3
33284,71,86,-15,15
33285,148,153,-5,5
33286,188,188,0,0
33287,111,112,-1,1
33288,88,93,-5,5
33289,71,85,-14,14
33290,83,87,-4,4
33291,44,51,-7,7
33292,69,70,-1,1
33293,44,47,-3,3
33294,111,109,2,2
33295,105,113,-8,8
33296,76,81,-5,5
33297,95,98,-3,3
33298,181,181,0,0
33299,128,119,9,9
33300,81,77,4,4
33301,175,160,15,15
33302,57,57,0,0
33303,70,67,3,3
33304,77,71,6,6
33305,61,64,-3,3
33306,108,114,-6,6
33307,69,73,-4,4
33308,61,60,1,1
33309,116,113,3,3
33310,50,53,-3,3
33311,95,86,9,9
33312,62,71,-9,9
33313,161,153,8,8
33314,101,105,-4,4
33315,84,81,3,3
33316,87,93,-6,6
33317,71,73,-2,2
33318,56,60,-4,4
33319,77,78,-1,1
33320,100,122,-22,22
33321,74,78,-4,4
33322,59,70,-11,11
33323,117,116,1,1
33324,102,101,1,1
33325,97,97,0,0
33326,77,79,-2,2
33327,128,141,-13,13
33328,89,89,0,0
33329,67,70,-3,3
33330,69,73,-4,4
33331,104,107,-3,3
33332,55,61,-6,6
33333,62,64,-2,2
33334,101,99,2,2
33335,78,83,-5,5
33336,86,75,11,11
33337,81,81,0,0
33338,104,97,7,7
33339,57,55,2,2
33340,101,91,10,10
33341,84,80,4,4
33342,73,80,-7,7
33343,106,110,-4,4
33344,102,110,-8,8
33345,71,76,-5,5
33346,144,147,-3,3
33347,131,121,10,10
33348,82,75,7,7
33349,83,76,7,7
33350,169,167,2,2
33351,70,70,0,0
33352,158,153,5,5
33353,162,140,22,22
33354,104,99,5,5
33355,52,46,6,6
33356,59,56,3,3
33357,70,73,-3,3
33358,112,124,-12,12
33359,106,99,7,7
33360,130,124,6,6
33361,111,102,9,9
33362,117,111,6,6
33363,118,131,-13,13
33364,74,81,-7,7
33365,52,54,-2,2
33366,97,111,-14,14
33367,72,75,-3,3
33368,84,79,5,5
33369,50,54,-4,4
33370,101,103,-2,2
33371,52,56,-4,4
33372,85,88,-3,3
33373,90,88,2,2
33374,66,73,-7,7
33375,132,122,10,10
33376,91,96,-5,5
33377,46,54,-8,8
33378,36,43,-7,7
33379,94,94,0,0
33380,65,63,2,2
33381,85,86,-1,1
33382,78,75,3,3
33383,140,151,-11,11
33384,79,82,-3,3
33385,108,109,-1,1
33386,84,84,0,0
33387,89,88,1,1
33388,119,109,10,10
33389,52,49,3,3
33390,130,119,11,11
33391,57,51,6,6
33392,128,124,4,4
33393,106,98,8,8
33394,65,60,5,5
33395,75,82,-7,7
33396,153,161,-8,8
33397,42,44,-2,2
33398,70,67,3,3
33399,157,157,0,0
33400,153,152,1,1
33401,93,87,6,6
33402,85,82,3,3
33403,70,79,-9,9
33404,84,91,-7,7
33405,61,60,1,1
33406,80,81,-1,1
33407,60,58,2,2
33408,60,61,-1,1
33409,122,121,1,1
33410,87,88,-1,1
33411,207,174,33,33
33412,102,107,-5,5
33413,52,61,-9,9
33414,75,77,-2,2
33415,62,60,2,2
33416,82,91,-9,9
33417,144,128,16,16
33418,130,139,-9,9
33419,90,79,11,11
33420,71,77,-6,6
33421,77,71,6,6
33422,72,72,0,0
33423,46,48,-2,2
33424,55,64,-9,9
33425,64,99,-35,35
33426,73,70,3,3
33427,76,84,-8,8
33428,100,105,-5,5
33429,108,98,10,10
33430,130,126,4,4
33431,136,130,6,6
33432,89,90,-1,1
33433,79,84,-5,5
33434,110,103,7,7
33435,125,132,-7,7
33436,79,89,-10,10
33437,32,36,-4,4
33438,97,128,-31,31
33439,135,134,1,1
33440,93,97,-4,4
33441,111,114,-3,3
33442,87,100,-13,13
33443,131,121,10,10
33444,72,71,1,1
33445,72,82,-10,10
33446,192,171,21,21
33447,129,119,10,10
33448,102,102,0,0
33449,86,77,9,9
33450,134,125,9,9
33451,157,157,0,0
33452,75,79,-4,4
33453,93,97,-4,4
33454,96,96,0,0
33455,105,108,-3,3
33456,110,110,0,0
33457,137,130,7,7
33458,194,199,-5,5
33459,82,82,0,0
33460,102,115,-13,13
33461,92,96,-4,4
33462,119,101,18,18
33463,113,110,3,3
33464,85,86,-1,1
33465,66,73,-7,7
33466,145,143,2,2
33467,112,116,-4,4
33468,133,137,-4,4
33469,113,100,13,13
33470,175,156,19,19
33471,113,120,-7,7
33472,59,58,1,1
33473,97,102,-5,5
33474,74,74,0,0
33475,53,52,1,1
33476,108,110,-2,2
33477,133,122,11,11
33478,46,47,-1,1
33479,135,127,8,8
33480,111,106,5,5
33481,117,111,6,6
33482,69,72,-3,3
33483,175,162,13,13
33484,83,80,3,3
33485,80,84,-4,4
33486,95,106,-11,11
33487,80,81,-1,1
33488,71,72,-1,1
33489,61,61,0,0
33490,83,85,-2,2
33491,168,159,9,9
33492,78,75,3,3
33493,79,87,-8,8
33494,112,123,-11,11
33495,73,74,-1,1
33496,71,86,-15,15
33497,86,87,-1,1
33498,105,116,-11,11
33499,103,101,2,2
33500,81,82,-1,1
33501,70,73,-3,3
33502,107,98,9,9
33503,150,154,-4,4
33504,70,61,9,9
33505,80,86,-6,6
33506,48,59,-11,11
33507,100,110,-10,10
33508,52,62,-10,10
33509,97,98,-1,1
33510,172,171,1,1
33511,28,38,-10,10
33512,42,75,-33,33
33513,120,121,-1,1
33514,60,64,-4,4
33515,118,112,6,6
33516,175,165,10,10
33517,69,72,-3,3
33518,50,56,-6,6
33519,90,92,-2,2
33520,109,109,0,0
33521,63,73,-10,10
33522,63,63,0,0
33523,54,58,-4,4
33524,115,120,-5,5
33525,61,63,-2,2
33526,91,96,-5,5
33527,76,94,-18,18
33528,72,79,-7,7
33529,64,65,-1,1
33530,47,45,2,2
33531,67,63,4,4
33532,111,108,3,3
33533,102,133,-31,31
33534,68,63,5,5
33535,101,88,13,13
33536,154,137,17,17
33537,71,75,-4,4
33538,77,75,2,2
33539,74,72,2,2
33540,95,101,-6,6
33541,98,98,0,0
33542,87,83,4,4
33543,134,135,-1,1
33544,118,118,0,0
33545,146,145,1,1
33546,82,97,-15,15
33547,85,72,13,13
33548,68,91,-23,23
33549,62,62,0,0
33550,79,66,13,13
33551,33,35,-2,2
33552,130,120,10,10
33553,88,76,12,12
33554,132,132,0,0
33555,69,77,-8,8
33556,98,91,7,7
33557,113,101,12,12
33558,84,87,-3,3
33559,78,76,2,2
33560,121,118,3,3
33561,69,71,-2,2
33562,70,85,-15,15
33563,89,96,-7,7
33564,97,96,1,1
33565,89,89,0,0
33566,128,127,1,1
33567,149,148,1,1
33568,115,111,4,4
33569,68,80,-12,12
33570,44,43,1,1
33571,36,42,-6,6
33572,64,83,-19,19
33573,75,67,8,8
33574,85,84,1,1
33575,90,92,-2,2
33576,98,116,-18,18
33577,110,99,11,11
33578,91,98,-7,7
33579,179,168,11,11
33580,97,83,14,14
33581,65,72,-7,7
33582,111,121,-10,10
33583,191,174,17,17
33584,181,163,18,18
33585,58,64,-6,6
33586,90,76,14,14
33587,101,95,6,6
33588,164,146,18,18
33589,117,109,8,8
33590,84,91,-7,7
33591,112,109,3,3
33592,117,110,7,7
33593,80,81,-1,1
33594,150,142,8,8
33595,94,97,-3,3
33596,115,121,-6,6
33597,157,147,10,10
33598,69,75,-6,6
33599,61,59,2,2
33600,97,100,-3,3
33601,74,79,-5,5
33602,90,93,-3,3
33603,59,59,0,0
33604,121,107,14,14
33605,102,94,8,8
33606,107,117,-10,10
33607,102,113,-11,11
33608,256,260,-4,4
33609,75,78,-3,3
33610,80,82,-2,2
33611,67,72,-5,5
33612,122,119,3,3
33613,65,60,5,5
33614,74,80,-6,6
33615,86,86,0,0
33616,206,204,2,2
33617,139,146,-7,7
33618,76,75,1,1
33619,186,179,7,7
33620,111,114,-3,3
33621,80,73,7,7
33622,148,148,0,0
33623,76,83,-7,7
33624,123,150,-27,27
33625,79,98,-19,19
33626,118,114,4,4
33627,51,52,-1,1
33628,88,107,-19,19
33629,157,157,0,0
33630,84,89,-5,5
33631,129,122,7,7
33632,131,119,12,12
33633,74,94,-20,20
33634,93,95,-2,2
33635,88,91,-3,3
33636,74,84,-10,10
33637,102,99,3,3
33638,143,139,4,4
33639,67,65,2,2
33640,197,196,1,1
33641,98,90,8,8
33642,117,108,9,9
33643,120,127,-7,7
33644,118,127,-9,9
33645,63,51,12,12
33646,139,143,-4,4
33647,144,151,-7,7
33648,96,94,2,2
33649,110,93,17,17
33650,121,125,-4,4
33651,68,79,-11,11
33652,84,107,-23,23
33653,118,118,0,0
33654,96,98,-2,2
33655,78,84,-6,6
33656,27,31,-4,4
33657,157,150,7,7
33658,137,129,8,8
33659,107,109,-2,2
33660,95,95,0,0
33661,45,58,-13,13
33662,69,99,-30,30
33663,196,182,14,14
33664,108,93,15,15
33665,88,82,6,6
33666,199,186,13,13
33667,111,119,-8,8
33668,179,168,11,11
33669,157,156,1,1
33670,82,72,10,10
33671,77,73,4,4
33672,56,53,3,3
33673,63,70,-7,7
33674,196,189,7,7
33675,89,98,-9,9
33676,126,124,2,2
33677,39,41,-2,2
33678,80,90,-10,10
33679,97,97,0,0
33680,85,80,5,5
33681,58,56,2,2
33682,132,128,4,4
33683,54,68,-14,14
33684,99,100,-1,1
33685,91,97,-6,6
33686,75,71,4,4
33687,57,65,-8,8
33688,66,71,-5,5
33689,105,115,-10,10
33690,51,52,-1,1
33691,134,128,6,6
33692,27,40,-13,13
33693,71,65,6,6
33694,65,62,3,3
33695,112,94,18,18
33696,100,109,-9,9
33697,56,56,0,0
33698,74,75,-1,1
33699,137,133,4,4
33700,96,102,-6,6
33701,113,125,-12,12
33702,56,60,-4,4
33703,91,96,-5,5
33704,179,181,-2,2
33705,54,51,3,3
33706,90,100,-10,10
33707,92,93,-1,1
33708,87,79,8,8
33709,122,115,7,7
33710,150,139,11,11
33711,90,87,3,3
33712,98,95,3,3
33713,59,61,-2,2
33714,122,125,-3,3
33715,150,155,-5,5
33716,74,71,3,3
33717,65,71,-6,6
33718,53,59,-6,6
33719,93,91,2,2
33720,108,105,3,3
33721,70,80,-10,10
33722,135,132,3,3
33723,87,99,-12,12
33724,65,76,-11,11
33725,55,47,8,8
33726,40,45,-5,5
33727,88,83,5,5
33728,168,159,9,9
33729,37,37,0,0
33730,80,71,9,9
33731,92,84,8,8
33732,157,146,11,11
33733,121,125,-4,4
33734,119,126,-7,7
33735,131,111,20,20
33736,112,102,10,10
33737,71,84,-13,13
33738,73,73,0,0
33739,99,97,2,2
33740,81,74,7,7
33741,70,73,-3,3
33742,91,87,4,4
33743,63,64,-1,1
33744,65,63,2,2
33745,92,101,-9,9
33746,83,77,6,6
33747,62,65,-3,3
33748,137,138,-1,1
33749,194,182,12,12
33750,104,98,6,6
33751,136,136,0,0
33752,149,148,1,1
33753,109,111,-2,2
33754,70,70,0,0
33755,121,118,3,3
33756,73,75,-2,2
33757,97,93,4,4
33758,105,99,6,6
33759,131,129,2,2
33760,118,113,5,5
33761,97,93,4,4
33762,49,49,0,0
33763,110,113,-3,3
33764,87,97,-10,10
33765,107,110,-3,3
33766,72,71,1,1
33767,173,170,3,3
33768,117,120,-3,3
33769,91,99,-8,8
33770,93,81,12,12
33771,34,35,-1,1
33772,75,71,4,4
33773,110,116,-6,6
33774,76,87,-11,11
33775,122,160,-38,38
33776,94,98,-4,4
33777,60,62,-2,2
33778,96,101,-5,5
33779,92,100,-8,8
33780,155,147,8,8
33781,116,109,7,7
33782,113,114,-1,1
33783,70,63,7,7
33784,127,135,-8,8
33785,104,114,-10,10
33786,103,108,-5,5
33787,66,61,5,5
33788,58,61,-3,3
33789,47,59,-12,12
33790,124,130,-6,6
33791,47,45,2,2
33792,134,125,9,9
33793,126,115,11,11
33794,133,136,-3,3
33795,101,105,-4,4
33796,48,51,-3,3
33797,69,81,-12,12
33798,62,61,1,1
33799,112,103,9,9
33800,124,134,-10,10
33801,68,65,3,3
33802,70,66,4,4
33803,98,101,-3,3
33804,61,77,-16,16
33805,98,107,-9,9
33806,128,118,10,10
33807,112,110,2,2
33808,62,66,-4,4
33809,106,98,8,8
33810,90,83,7,7
33811,57,58,-1,1
33812,127,128,-1,1
33813,83,79,4,4
33814,123,122,1,1
33815,99,95,4,4
33816,114,122,-8,8
33817,124,132,-8,8
33818,63,64,-1,1
33819,169,168,1,1
33820,86,85,1,1
33821,97,98,-1,1
33822,95,93,2,2
33823,97,96,1,1
33824,120,112,8,8
33825,100,100,0,0
33826,127,136,-9,9
33827,65,67,-2,2
33828,74,76,-2,2
33829,146,144,2,2
33830,93,96,-3,3
33831,76,75,1,1
33832,127,126,1,1
33833,61,61,0,0
33834,81,86,-5,5
33835,132,110,22,22
33836,69,58,11,11
33837,56,66,-10,10
33838,103,101,2,2
33839,110,117,-7,7
33840,102,101,1,1
33841,74,71,3,3
33842,111,116,-5,5
33843,74,72,2,2
33844,58,60,-2,2
33845,96,103,-7,7
33846,67,72,-5,5
33847,57,59,-2,2
33848,104,100,4,4
33849,60,71,-11,11
33850,50,60,-10,10
33851,120,121,-1,1
33852,73,73,0,0
33853,45,45,0,0
33854,95,99,-4,4
33855,125,132,-7,7
33856,106,108,-2,2
33857,80,76,4,4
33858,138,138,0,0
33859,105,110,-5,5
33860,100,99,1,1
33861,89,87,2,2
33862,161,141,20,20
33863,115,122,-7,7
33864,109,103,6,6
33865,120,116,4,4
33866,64,63,1,1
33867,85,88,-3,3
33868,139,140,-1,1
33869,56,62,-6,6
33870,100,107,-7,7
33871,61,62,-1,1
33872,87,91,-4,4
33873,78,71,7,7
33874,135,129,6,6
33875,149,152,-3,3
33876,123,120,3,3
33877,114,101,13,13
33878,106,112,-6,6
33879,121,110,11,11
33880,103,119,-16,16
33881,133,138,-5,5
33882,83,82,1,1
33883,90,84,6,6
33884,43,43,0,0
33885,195,187,8,8
33886,82,79,3,3
33887,121,121,0,0
33888,77,78,-1,1
33889,80,86,-6,6
33890,56,60,-4,4
33891,70,65,5,5
33892,57,58,-1,1
33893,98,101,-3,3
33894,85,87,-2,2
33895,102,100,2,2
33896,114,103,11,11
33897,153,144,9,9
33898,61,60,1,1
33899,99,98,1,1
33900,77,75,2,2
33901,89,75,14,14
33902,79,72,7,7
33903,108,119,-11,11
33904,102,85,17,17
33905,54,60,-6,6
33906,101,96,5,5
33907,131,125,6,6
33908,56,62,-6,6
33909,110,105,5,5
33910,78,73,5,5
33911,153,145,8,8
33912,73,77,-4,4
33913,105,101,4,4
33914,57,71,-14,14
33915,95,111,-16,16
33916,56,65,-9,9
33917,107,101,6,6
33918,62,80,-18,18
33919,157,154,3,3
33920,94,88,6,6
33921,84,71,13,13
33922,131,131,0,0
33923,75,73,2,2
33924,122,122,0,0
33925,114,127,-13,13
33926,61,58,3,3
33927,137,153,-16,16
33928,72,71,1,1
33929,115,100,15,15
33930,49,84,-35,35
33931,98,92,6,6
33932,114,121,-7,7
33933,79,82,-3,3
33934,75,71,4,4
33935,111,92,19,19
33936,84,85,-1,1
33937,61,60,1,1
33938,70,75,-5,5
33939,103,108,-5,5
33940,119,110,9,9
33941,62,64,-2,2
33942,94,82,12,12
33943,161,154,7,7
33944,253,234,19,19
33945,112,118,-6,6
33946,63,73,-10,10
33947,90,86,4,4
33948,124,124,0,0
33949,85,74,11,11
33950,167,167,0,0
33951,115,97,18,18
33952,113,104,9,9
33953,95,98,-3,3
33954,93,90,3,3
33955,138,125,13,13
33956,74,76,-2,2
33957,52,55,-3,3
33958,104,103,1,1
33959,143,140,3,3
33960,74,83,-9,9
33961,69,71,-2,2
33962,133,134,-1,1
33963,82,79,3,3
33964,98,93,5,5
33965,77,75,2,2
33966,142,145,-3,3
33967,84,88,-4,4
33968,95,102,-7,7
33969,83,79,4,4
33970,114,101,13,13
33971,53,78,-25,25
33972,91,87,4,4
33973,122,134,-12,12
33974,89,115,-26,26
33975,81,88,-7,7
33976,110,117,-7,7
33977,96,91,5,5
33978,119,115,4,4
33979,80,85,-5,5
33980,108,103,5,5
33981,71,67,4,4
33982,80,78,2,2
33983,157,163,-6,6
33984,85,71,14,14
33985,47,53,-6,6
33986,68,61,7,7
33987,86,74,12,12
33988,71,71,0,0
33989,64,61,3,3
33990,65,65,0,0
33991,155,163,-8,8
33992,108,120,-12,12
33993,188,179,9,9
33994,109,114,-5,5
33995,64,71,-7,7
33996,120,144,-24,24
33997,72,73,-1,1
33998,55,58,-3,3
33999,69,65,4,4
34000,186,177,9,9
34001,96,114,-18,18
34002,77,84,-7,7
34003,83,85,-2,2
34004,79,74,5,5
34005,55,65,-10,10
34006,155,151,4,4
34007,91,92,-1,1
34008,48,58,-10,10
34009,122,124,-2,2
34010,75,89,-14,14
34011,109,112,-3,3
34012,110,108,2,2
34013,79,75,4,4
34014,69,70,-1,1
34015,78,85,-7,7
34016,129,131,-2,2
34017,131,131,0,0
34018,45,50,-5,5
34019,96,91,5,5
34020,105,128,-23,23
34021,128,133,-5,5
34022,139,140,-1,1
34023,116,107,9,9
34024,81,80,1,1
34025,77,83,-6,6
34026,100,99,1,1
34027,68,64,4,4
34028,70,76,-6,6
34029,222,243,-21,21
34030,22,30,-8,8
34031,121,121,0,0
34032,67,71,-4,4
34033,87,78,9,9
34034,58,56,2,2
34035,69,80,-11,11
34036,71,83,-12,12
34037,54,65,-11,11
34038,60,56,4,4
34039,87,87,0,0
34040,101,97,4,4
34041,61,60,1,1
34042,141,129,12,12
34043,121,129,-8,8
34044,102,96,6,6
34045,78,82,-4,4
34046,96,112,-16,16
34047,56,53,3,3
34048,101,89,12,12
34049,64,66,-2,2
34050,55,63,-8,8
34051,89,78,11,11
34052,84,77,7,7
34053,90,88,2,2
34054,166,156,10,10
34055,85,112,-27,27
34056,94,94,0,0
34057,130,139,-9,9
34058,146,157,-11,11
34059,77,94,-17,17
34060,97,92,5,5
34061,102,97,5,5
34062,150,156,-6,6
34063,104,101,3,3
34064,90,88,2,2
34065,70,67,3,3
34066,45,46,-1,1
34067,76,71,5,5
34068,90,111,-21,21
34069,63,55,8,8
34070,123,120,3,3
34071,91,79,12,12
34072,102,89,13,13
34073,120,116,4,4
34074,48,70,-22,22
34075,42,49,-7,7
34076,85,85,0,0
34077,67,63,4,4
34078,73,61,12,12
34079,67,70,-3,3
34080,87,89,-2,2
34081,172,151,21,21
34082,128,140,-12,12
34083,116,120,-4,4
34084,102,97,5,5
34085,134,136,-2,2
34086,94,106,-12,12
34087,55,59,-4,4
34088,175,185,-10,10
34089,71,71,0,0
34090,53,59,-6,6
34091,92,100,-8,8
34092,111,110,1,1
34093,120,128,-8,8
34094,107,119,-12,12
34095,48,46,2,2
34096,85,79,6,6
34097,122,147,-25,25
34098,90,95,-5,5
34099,70,64,6,6
34100,63,63,0,0
34101,110,107,3,3
34102,56,60,-4,4
34103,96,102,-6,6
34104,79,82,-3,3
34105,56,58,-2,2
34106,115,107,8,8
34107,60,70,-10,10
34108,59,59,0,0
34109,74,72,2,2
34110,110,118,-8,8
34111,99,116,-17,17
34112,106,108,-2,2
34113,62,53,9,9
34114,93,93,0,0
34115,59,58,1,1
34116,88,80,8,8
34117,75,89,-14,14
34118,78,73,5,5
34119,67,71,-4,4
34120,118,116,2,2
34121,66,62,4,4
34122,69,68,1,1
34123,110,99,11,11
34124,102,105,-3,3
34125,127,128,-1,1
34126,99,102,-3,3
34127,127,134,-7,7
34128,97,84,13,13
34129,52,48,4,4
34130,56,63,-7,7
34131,64,61,3,3
34132,111,106,5,5
34133,114,114,0,0
34134,162,151,11,11
34135,56,71,-15,15
34136,35,40,-5,5
34137,83,84,-1,1
34138,151,157,-6,6
34139,77,80,-3,3
34140,65,72,-7,7
34141,67,65,2,2
34142,81,80,1,1
34143,56,58,-2,2
34144,67,65,2,2
34145,59,56,3,3
34146,142,126,16,16
34147,79,79,0,0
34148,104,105,-1,1
34149,68,71,-3,3
34150,67,74,-7,7
34151,56,59,-3,3
34152,66,66,0,0
34153,31,34,-3,3
34154,121,115,6,6
34155,115,113,2,2
34156,68,64,4,4
34157,103,106,-3,3
34158,71,74,-3,3
34159,115,125,-10,10
34160,122,113,9,9
34161,99,95,4,4
34162,112,114,-2,2
34163,215,229,-14,14
34164,68,74,-6,6
34165,84,81,3,3
34166,82,82,0,0
34167,82,84,-2,2
34168,95,91,4,4
34169,80,82,-2,2
34170,121,115,6,6
34171,103,93,10,10
34172,74,79,-5,5
34173,59,60,-1,1
34174,106,101,5,5
34175,62,57,5,5
34176,49,49,0,0
34177,62,66,-4,4
34178,151,150,1,1
34179,178,158,20,20
34180,96,97,-1,1
34181,91,95,-4,4
34182,74,71,3,3
34183,78,83,-5,5
34184,95,119,-24,24
34185,109,109,0,0
34186,59,61,-2,2
34187,64,56,8,8
34188,122,110,12,12
34189,106,109,-3,3
34190,137,135,2,2
34191,79,75,4,4
34192,45,51,-6,6
34193,96,91,5,5
34194,53,52,1,1
34195,121,115,6,6
34196,138,140,-2,2
34197,107,99,8,8
34198,90,89,1,1
34199,83,84,-1,1
34200,65,64,1,1
34201,68,76,-8,8
34202,50,51,-1,1
34203,44,71,-27,27
34204,78,83,-5,5
34205,74,75,-1,1
34206,67,65,2,2
34207,116,106,10,10
34208,50,47,3,3
34209,100,96,4,4
34210,52,56,-4,4
34211,70,64,6,6
34212,92,93,-1,1
34213,130,125,5,5
34214,139,149,-10,10
34215,96,90,6,6
34216,98,92,6,6
34217,49,49,0,0
34218,90,81,9,9
34219,103,115,-12,12
34220,39,49,-10,10
34221,172,156,16,16
34222,104,95,9,9
34223,63,62,1,1
34224,78,74,4,4
34225,65,70,-5,5
34226,58,57,1,1
34227,140,144,-4,4
34228,95,104,-9,9
34229,77,73,4,4
34230,122,115,7,7
34231,63,52,11,11
34232,26,38,-12,12
34233,78,79,-1,1
34234,60,65,-5,5
34235,80,79,1,1
34236,96,98,-2,2
34237,62,64,-2,2
34238,77,83,-6,6
34239,101,98,3,3
34240,103,107,-4,4
34241,87,92,-5,5
34242,132,133,-1,1
34243,223,202,21,21
34244,117,110,7,7
34245,151,144,7,7
34246,87,96,-9,9
34247,103,101,2,2
34248,59,64,-5,5
34249,150,134,16,16
34250,100,95,5,5
34251,92,82,10,10
34252,65,76,-11,11
34253,72,66,6,6
34254,48,48,0,0
34255,114,111,3,3
34256,63,56,7,7
34257,139,138,1,1
34258,86,86,0,0
34259,96,84,12,12
34260,80,83,-3,3
34261,126,116,10,10
34262,112,111,1,1
34263,99,115,-16,16
34264,83,75,8,8
34265,62,59,3,3
34266,53,65,-12,12
34267,40,45,-5,5
34268,103,101,2,2
34269,87,101,-14,14
34270,66,66,0,0
34271,116,107,9,9
34272,107,99,8,8
34273,121,123,-2,2
34274,114,101,13,13
34275,111,110,1,1
34276,105,107,-2,2
34277,103,107,-4,4
34278,106,93,13,13
34279,126,123,3,3
34280,104,103,1,1
34281,77,73,4,4
34282,114,118,-4,4
34283,77,79,-2,2
34284,83,82,1,1
34285,78,89,-11,11
34286,81,85,-4,4
34287,64,64,0,0
34288,134,129,5,5
34289,78,80,-2,2
34290,137,134,3,3
34291,80,75,5,5
34292,145,132,13,13
34293,103,112,-9,9
34294,101,101,0,0
34295,87,81,6,6
34296,83,83,0,0
34297,98,90,8,8
34298,133,138,-5,5
34299,114,124,-10,10
34300,119,109,10,10
34301,94,94,0,0
34302,85,90,-5,5
34303,162,164,-2,2
34304,85,72,13,13
34305,62,56,6,6
34306,83,79,4,4
34307,99,97,2,2
34308,79,83,-4,4
34309,95,97,-2,2
34310,140,144,-4,4
34311,165,157,8,8
34312,104,101,3,3
34313,110,128,-18,18
34314,138,181,-43,43
34315,117,132,-15,15
34316,120,116,4,4
34317,67,77,-10,10
34318,82,80,2,2
34319,110,102,8,8
34320,110,103,7,7
34321,63,72,-9,9
34322,54,55,-1,1
34323,128,134,-6,6
34324,90,82,8,8
34325,99,101,-2,2
34326,121,146,-25,25
34327,47,58,-11,11
34328,88,81,7,7
34329,96,87,9,9
34330,83,105,-22,22
34331,91,80,11,11
34332,100,106,-6,6
34333,68,76,-8,8
34334,44,46,-2,2
34335,94,92,2,2
34336,48,52,-4,4
34337,63,62,1,1
34338,114,112,2,2
34339,88,81,7,7
34340,105,98,7,7
34341,67,68,-1,1
34342,61,54,7,7
34343,120,121,-1,1
34344,111,103,8,8
34345,102,94,8,8
34346,111,108,3,3
34347,48,48,0,0
34348,102,108,-6,6
34349,101,103,-2,2
34350,88,91,-3,3
34351,58,64,-6,6
34352,64,65,-1,1
34353,65,66,-1,1
34354,156,155,1,1
34355,84,82,2,2
34356,169,154,15,15
34357,130,115,15,15
34358,51,59,-8,8
34359,60,58,2,2
34360,109,98,11,11
34361,107,111,-4,4
34362,133,147,-14,14
34363,73,71,2,2
34364,117,114,3,3
34365,105,102,3,3
34366,118,141,-23,23
34367,107,108,-1,1
34368,89,91,-2,2
34369,130,126,4,4
34370,107,118,-11,11
34371,86,87,-1,1
34372,87,91,-4,4
34373,166,158,8,8
34374,91,93,-2,2
34375,83,76,7,7
34376,90,108,-18,18
34377,60,71,-11,11
34378,73,79,-6,6
34379,133,121,12,12
34380,131,129,2,2
34381,128,156,-28,28
34382,93,90,3,3
34383,48,52,-4,4
34384,126,109,17,17
34385,62,72,-10,10
34386,50,61,-11,11
34387,70,71,-1,1
34388,111,114,-3,3
34389,89,81,8,8
34390,94,99,-5,5
34391,38,49,-11,11
34392,76,88,-12,12
34393,92,92,0,0
34394,66,64,2,2
34395,84,83,1,1
34396,72,73,-1,1
34397,79,74,5,5
34398,78,78,0,0
34399,61,60,1,1
34400,68,70,-2,2
34401,114,106,8,8
34402,84,85,-1,1
34403,51,63,-12,12
34404,96,89,7,7
34405,74,71,3,3
34406,64,74,-10,10
34407,79,81,-2,2
34408,89,80,9,9
34409,150,152,-2,2
34410,137,123,14,14
34411,62,63,-1,1
34412,120,112,8,8
34413,75,62,13,13
34414,63,70,-7,7
34415,144,153,-9,9
34416,83,75,8,8
34417,71,104,-33,33
34418,125,130,-5,5
34419,71,74,-3,3
34420,90,91,-1,1
34421,57,55,2,2
34422,68,73,-5,5
34423,117,110,7,7
34424,142,143,-1,1
34425,95,85,10,10
34426,91,97,-6,6
34427,86,89,-3,3
34428,119,129,-10,10
34429,71,87,-16,16
34430,97,91,6,6
34431,92,100,-8,8
34432,86,98,-12,12
34433,48,60,-12,12
34434,50,42,8,8
34435,105,143,-38,38
34436,105,112,-7,7
34437,127,117,10,10
34438,108,109,-1,1
34439,71,71,0,0
34440,73,77,-4,4
34441,68,78,-10,10
34442,147,137,10,10
34443,142,148,-6,6
34444,39,44,-5,5
34445,91,83,8,8
34446,79,83,-4,4
34447,84,79,5,5
34448,123,132,-9,9
34449,63,74,-11,11
34450,196,190,6,6
34451,161,165,-4,4
34452,152,129,23,23
34453,144,136,8,8
34454,96,102,-6,6
34455,125,129,-4,4
34456,82,76,6,6
34457,128,120,8,8
34458,160,165,-5,5
34459,43,47,-4,4
34460,68,72,-4,4
34461,108,87,21,21
34462,74,72,2,2
34463,52,55,-3,3
34464,107,118,-11,11
34465,64,72,-8,8
34466,89,86,3,3
34467,85,77,8,8
34468,73,78,-5,5
34469,177,191,-14,14
34470,111,107,4,4
34471,67,76,-9,9
34472,76,71,5,5
34473,152,141,11,11
34474,90,91,-1,1
34475,79,77,2,2
34476,99,103,-4,4
34477,78,73,5,5
34478,131,128,3,3
34479,100,97,3,3
34480,74,80,-6,6
34481,99,100,-1,1
34482,135,134,1,1
34483,104,110,-6,6
34484,67,65,2,2
34485,102,93,9,9
34486,48,53,-5,5
34487,243,242,1,1
34488,97,95,2,2
34489,112,111,1,1
34490,118,126,-8,8
34491,77,81,-4,4
34492,73,63,10,10
34493,99,104,-5,5
34494,60,81,-21,21
34495,155,155,0,0
34496,125,123,2,2
34497,202,173,29,29
34498,82,89,-7,7
34499,100,93,7,7
34500,78,75,3,3
34501,59,70,-11,11
34502,48,57,-9,9
34503,121,129,-8,8
34504,128,126,2,2
34505,96,106,-10,10
34506,133,123,10,10
34507,107,107,0,0
34508,106,101,5,5
34509,111,130,-19,19
34510,48,69,-21,21
34511,79,89,-10,10
34512,121,111,10,10
34513,147,145,2,2
34514,113,115,-2,2
34515,58,58,0,0
34516,93,85,8,8
34517,109,108,1,1
34518,85,91,-6,6
34519,69,78,-9,9
34520,70,71,-1,1
34521,81,93,-12,12
34522,47,49,-2,2
34523,121,114,7,7
34524,151,135,16,16
34525,80,83,-3,3
34526,60,59,1,1
34527,133,130,3,3
34528,65,67,-2,2
34529,162,165,-3,3
34530,73,68,5,5
34531,108,104,4,4
34532,87,83,4,4
34533,101,108,-7,7
34534,90,92,-2,2
34535,130,149,-19,19
34536,133,125,8,8
34537,139,141,-2,2
34538,95,102,-7,7
34539,96,94,2,2
34540,66,66,0,0
34541,69,73,-4,4
34542,69,71,-2,2
34543,86,83,3,3
34544,95,96,-1,1
34545,91,85,6,6
34546,189,168,21,21
34547,109,109,0,0
34548,63,62,1,1
34549,156,158,-2,2
34550,64,62,2,2
34551,117,111,6,6
34552,55,51,4,4
34553,115,121,-6,6
34554,103,96,7,7
34555,155,154,1,1
34556,78,77,1,1
34557,159,171,-12,12
34558,73,67,6,6
34559,188,182,6,6
34560,150,154,-4,4
34561,103,96,7,7
34562,80,84,-4,4
34563,92,95,-3,3
34564,121,123,-2,2
34565,113,118,-5,5
34566,106,103,3,3
34567,72,66,6,6
34568,120,121,-1,1
34569,49,56,-7,7
34570,124,132,-8,8
34571,82,83,-1,1
34572,145,161,-16,16
34573,61,61,0,0
34574,108,108,0,0
34575,53,54,-1,1
34576,117,114,3,3
34577,88,90,-2,2
34578,122,99,23,23
34579,56,59,-3,3
34580,161,153,8,8
34581,115,112,3,3
34582,100,100,0,0
34583,149,153,-4,4
34584,126,120,6,6
34585,74,76,-2,2
34586,124,120,4,4
34587,101,99,2,2
34588,83,101,-18,18
34589,105,104,1,1
34590,143,138,5,5
34591,153,150,3,3
34592,54,58,-4,4
34593,52,55,-3,3
34594,87,84,3,3
34595,63,65,-2,2
34596,84,92,-8,8
34597,96,96,0,0
34598,59,63,-4,4
34599,141,135,6,6
34600,121,112,9,9
34601,21,32,-11,11
34602,93,86,7,7
34603,126,129,-3,3
34604,91,89,2,2
34605,126,126,0,0
34606,79,74,5,5
34607,133,139,-6,6
34608,72,76,-4,4
34609,117,101,16,16
34610,51,59,-8,8
34611,92,90,2,2
34612,78,84,-6,6
34613,70,73,-3,3
34614,77,81,-4,4
34615,94,85,9,9
34616,75,78,-3,3
34617,93,97,-4,4
34618,75,65,10,10
34619,149,151,-2,2
34620,99,99,0,0
34621,94,107,-13,13
34622,98,92,6,6
34623,68,71,-3,3
34624,101,149,-48,48
34625,115,106,9,9
34626,87,84,3,3
34627,100,114,-14,14
34628,80,91,-11,11
34629,133,125,8,8
34630,54,57,-3,3
34631,164,162,2,2
34632,98,96,2,2
34633,75,76,-1,1
34634,77,71,6,6
34635,126,125,1,1
34636,124,122,2,2
34637,89,89,0,0
34638,77,79,-2,2
34639,162,153,9,9
34640,129,117,12,12
34641,126,127,-1,1
34642,90,82,8,8
34643,145,143,2,2
34644,59,70,-11,11
34645,79,74,5,5
34646,100,89,11,11
34647,136,132,4,4
34648,53,62,-9,9
34649,109,103,6,6
34650,79,77,2,2
34651,111,106,5,5
34652,172,145,27,27
34653,142,142,0,0
34654,81,78,3,3
34655,100,100,0,0
34656,71,71,0,0
34657,37,47,-10,10
34658,91,87,4,4
34659,85,83,2,2
34660,96,98,-2,2
34661,96,96,0,0
34662,72,66,6,6
34663,58,60,-2,2
34664,128,138,-10,10
34665,90,80,10,10
34666,79,79,0,0
34667,57,53,4,4
34668,164,143,21,21
34669,147,118,29,29
34670,42,51,-9,9
34671,92,107,-15,15
34672,73,76,-3,3
34673,80,80,0,0
34674,82,77,5,5
34675,82,85,-3,3
34676,124,122,2,2
34677,87,94,-7,7
34678,93,96,-3,3
34679,151,136,15,15
34680,88,89,-1,1
34681,99,92,7,7
34682,104,107,-3,3
34683,80,82,-2,2
34684,91,83,8,8
34685,116,136,-20,20
34686,136,127,9,9
34687,76,113,-37,37
34688,125,136,-11,11
34689,99,90,9,9
34690,112,120,-8,8
34691,103,116,-13,13
34692,152,150,2,2
34693,122,119,3,3
34694,74,74,0,0
34695,106,107,-1,1
34696,76,73,3,3
34697,59,63,-4,4
34698,100,124,-24,24
34699,58,62,-4,4
34700,69,72,-3,3
34701,120,131,-11,11
34702,74,73,1,1
34703,55,59,-4,4
34704,89,89,0,0
34705,79,72,7,7
34706,137,143,-6,6
34707,81,85,-4,4
34708,64,78,-14,14
34709,170,169,1,1
34710,69,72,-3,3
34711,72,66,6,6
34712,73,68,5,5
34713,66,75,-9,9
34714,114,113,1,1
34715,96,109,-13,13
34716,67,66,1,1
34717,83,84,-1,1
34718,72,71,1,1
34719,150,153,-3,3
34720,56,53,3,3
34721,66,70,-4,4
34722,53,60,-7,7
34723,169,157,12,12
34724,66,71,-5,5
34725,105,116,-11,11
34726,101,100,1,1
34727,78,80,-2,2
34728,130,128,2,2
34729,140,136,4,4
34730,91,108,-17,17
34731,89,79,10,10
34732,73,73,0,0
34733,111,111,0,0
34734,111,116,-5,5
34735,154,143,11,11
34736,56,59,-3,3
34737,136,133,3,3
34738,101,88,13,13
34739,120,125,-5,5
34740,62,55,7,7
34741,105,107,-2,2
34742,76,77,-1,1
34743,161,164,-3,3
34744,88,94,-6,6
34745,51,54,-3,3
34746,108,111,-3,3
34747,101,99,2,2
34748,74,74,0,0
34749,189,170,19,19
34750,46,48,-2,2
34751,58,61,-3,3
34752,100,87,13,13
34753,171,151,20,20
34754,45,47,-2,2
34755,87,71,16,16
34756,57,56,1,1
34757,137,124,13,13
34758,72,74,-2,2
34759,115,114,1,1
34760,98,98,0,0
34761,58,64,-6,6
34762,87,112,-25,25
34763,79,79,0,0
34764,79,74,5,5
34765,67,64,3,3
34766,32,39,-7,7
34767,76,76,0,0
34768,80,71,9,9
34769,106,93,13,13
34770,54,64,-10,10
34771,75,79,-4,4
34772,149,144,5,5
34773,110,100,10,10
34774,106,111,-5,5
34775,130,133,-3,3
34776,49,52,-3,3
34777,119,128,-9,9
34778,75,77,-2,2
34779,89,88,1,1
34780,63,59,4,4
34781,64,55,9,9
34782,116,118,-2,2
34783,79,72,7,7
34784,92,97,-5,5
34785,70,75,-5,5
34786,120,120,0,0
34787,165,161,4,4
34788,187,200,-13,13
34789,82,82,0,0
34790,53,67,-14,14
34791,88,88,0,0
34792,75,73,2,2
34793,66,61,5,5
34794,80,79,1,1
34795,113,102,11,11
34796,48,44,4,4
34797,52,49,3,3
34798,169,163,6,6
34799,100,109,-9,9
34800,71,84,-13,13
34801,103,117,-14,14
34802,127,127,0,0
34803,132,136,-4,4
34804,136,136,0,0
34805,67,59,8,8
34806,127,133,-6,6
34807,142,145,-3,3
34808,114,124,-10,10
34809,71,75,-4,4
34810,77,78,-1,1
34811,86,97,-11,11
34812,166,148,18,18
34813,116,112,4,4
34814,42,42,0,0
34815,91,84,7,7
34816,81,77,4,4
34817,109,106,3,3
34818,164,168,-4,4
34819,119,124,-5,5
34820,79,73,6,6
34821,122,122,0,0
34822,67,70,-3,3
34823,96,93,3,3
34824,81,81,0,0
34825,110,84,26,26
34826,142,142,0,0
34827,30,37,-7,7
34828,102,99,3,3
34829,128,120,8,8
34830,127,139,-12,12
34831,55,90,-35,35
34832,125,156,-31,31
34833,85,86,-1,1
34834,82,84,-2,2
34835,99,108,-9,9
34836,142,148,-6,6
34837,99,112,-13,13
34838,96,106,-10,10
34839,87,101,-14,14
34840,76,73,3,3
34841,95,104,-9,9
34842,61,62,-1,1
34843,58,66,-8,8
34844,88,91,-3,3
34845,87,100,-13,13
34846,89,88,1,1
34847,100,92,8,8
34848,87,90,-3,3
34849,86,86,0,0
34850,43,53,-10,10
34851,33,34,-1,1
34852,97,95,2,2
34853,130,124,6,6
34854,149,141,8,8
34855,139,125,14,14
34856,71,75,-4,4
34857,53,65,-12,12
34858,69,63,6,6
34859,114,103,11,11
34860,60,71,-11,11
34861,53,58,-5,5
34862,80,75,5,5
34863,75,64,11,11
34864,101,121,-20,20
34865,147,149,-2,2
34866,100,92,8,8
34867,112,123,-11,11
34868,61,62,-1,1
34869,68,66,2,2
34870,41,60,-19,19
34871,72,78,-6,6
34872,69,78,-9,9
34873,135,126,9,9
34874,112,112,0,0
34875,63,58,5,5
34876,83,79,4,4
34877,74,76,-2,2
34878,85,93,-8,8
34879,91,82,9,9
34880,150,154,-4,4
34881,96,92,4,4
34882,61,83,-22,22
34883,51,70,-19,19
34884,61,62,-1,1
34885,143,165,-22,22
34886,64,66,-2,2
34887,59,58,1,1
34888,67,78,-11,11
34889,65,90,-25,25
34890,142,132,10,10
34891,66,66,0,0
34892,73,79,-6,6
34893,107,111,-4,4
34894,112,98,14,14
34895,104,106,-2,2
34896,46,51,-5,5
34897,83,74,9,9
34898,89,87,2,2
34899,73,64,9,9
34900,59,59,0,0
34901,59,58,1,1
34902,112,111,1,1
34903,75,77,-2,2
34904,68,73,-5,5
34905,80,92,-12,12
34906,70,77,-7,7
34907,77,77,0,0
34908,49,52,-3,3
34909,91,88,3,3
34910,65,61,4,4
34911,77,73,4,4
34912,130,119,11,11
34913,77,81,-4,4
34914,175,182,-7,7
34915,103,114,-11,11
34916,79,76,3,3
34917,74,71,3,3
34918,98,108,-10,10
34919,111,113,-2,2
34920,105,123,-18,18
34921,106,109,-3,3
34922,43,45,-2,2
34923,91,101,-10,10
34924,88,89,-1,1
34925,121,117,4,4
34926,111,109,2,2
34927,65,71,-6,6
34928,63,57,6,6
34929,91,99,-8,8
34930,70,74,-4,4
34931,117,110,7,7
34932,56,62,-6,6
34933,153,155,-2,2
34934,135,136,-1,1
34935,66,65,1,1
34936,97,98,-1,1
34937,94,104,-10,10
34938,79,79,0,0
34939,89,83,6,6
34940,117,112,5,5
34941,50,51,-1,1
34942,172,181,-9,9
34943,71,79,-8,8
34944,94,92,2,2
34945,146,150,-4,4
34946,57,59,-2,2
34947,91,97,-6,6
34948,44,50,-6,6
34949,124,122,2,2
34950,117,102,15,15
34951,93,87,6,6
34952,100,104,-4,4
34953,167,161,6,6
34954,97,97,0,0
34955,117,115,2,2
34956,142,139,3,3
34957,62,62,0,0
34958,99,104,-5,5
34959,83,82,1,1
34960,61,72,-11,11
34961,80,86,-6,6
34962,85,81,4,4
34963,102,105,-3,3
34964,127,136,-9,9
34965,123,130,-7,7
34966,117,116,1,1
34967,102,117,-15,15
34968,100,100,0,0
34969,105,102,3,3
34970,116,103,13,13
34971,104,114,-10,10
34972,70,71,-1,1
34973,71,74,-3,3
34974,59,69,-10,10
34975,86,80,6,6
34976,121,104,17,17
34977,104,97,7,7
34978,93,88,5,5
34979,78,80,-2,2
34980,124,119,5,5
34981,83,89,-6,6
34982,126,126,0,0
34983,91,91,0,0
34984,89,102,-13,13
34985,79,72,7,7
34986,110,111,-1,1
34987,80,80,0,0
34988,116,117,-1,1
34989,133,121,12,12
34990,91,100,-9,9
34991,94,87,7,7
34992,160,149,11,11
34993,107,115,-8,8
34994,61,67,-6,6
34995,74,65,9,9
34996,80,80,0,0
34997,50,58,-8,8
34998,98,99,-1,1
34999,47,50,-3,3
35000,63,81,-18,18
35001,92,100,-8,8
35002,97,95,2,2
35003,101,105,-4,4
35004,48,55,-7,7
35005,114,117,-3,3
35006,106,102,4,4
35007,98,97,1,1
35008,133,135,-2,2
35009,98,86,12,12
35010,41,44,-3,3
35011,85,85,0,0
35012,102,105,-3,3
35013,97,91,6,6
35014,49,53,-4,4
35015,50,57,-7,7
35016,86,89,-3,3
35017,96,109,-13,13
35018,110,100,10,10
35019,95,91,4,4
35020,89,80,9,9
35021,92,91,1,1
35022,109,106,3,3
35023,75,74,1,1
35024,61,56,5,5
35025,82,94,-12,12
35026,88,94,-6,6
35027,139,140,-1,1
35028,67,84,-17,17
35029,106,108,-2,2
35030,108,110,-2,2
35031,80,89,-9,9
35032,78,85,-7,7
35033,87,89,-2,2
35034,57,59,-2,2
35035,63,62,1,1
35036,105,93,12,12
35037,129,116,13,13
35038,65,63,2,2
35039,93,93,0,0
35040,50,50,0,0
35041,30,46,-16,16
35042,81,77,4,4
35043,55,65,-10,10
35044,76,72,4,4
35045,135,124,11,11
35046,55,60,-5,5
35047,140,143,-3,3
35048,92,82,10,10
35049,124,125,-1,1
35050,100,102,-2,2
35051,40,42,-2,2
35052,50,47,3,3
35053,85,89,-4,4
35054,87,97,-10,10
35055,136,130,6,6
35056,65,69,-4,4
35057,97,77,20,20
35058,80,79,1,1
35059,99,99,0,0
35060,69,72,-3,3
35061,97,108,-11,11
35062,65,62,3,3
35063,67,71,-4,4
35064,108,110,-2,2
35065,105,112,-7,7
35066,98,90,8,8
35067,73,71,2,2
35068,87,86,1,1
35069,80,72,8,8
35070,115,119,-4,4
35071,129,115,14,14
35072,62,65,-3,3
35073,141,133,8,8
35074,165,161,4,4
35075,167,164,3,3
35076,128,119,9,9
35077,163,149,14,14
35078,49,62,-13,13
35079,73,81,-8,8
35080,117,164,-47,47
35081,182,169,13,13
35082,91,84,7,7
35083,73,80,-7,7
35084,130,132,-2,2
35085,92,92,0,0
35086,164,144,20,20
35087,100,114,-14,14
35088,106,112,-6,6
35089,155,162,-7,7
35090,84,86,-2,2
35091,115,122,-7,7
35092,74,78,-4,4
35093,62,59,3,3
35094,76,79,-3,3
35095,82,91,-9,9
35096,116,111,5,5
35097,84,82,2,2
35098,61,67,-6,6
35099,155,145,10,10
35100,87,147,-60,60
35101,118,123,-5,5
35102,126,132,-6,6
35103,123,126,-3,3
35104,72,78,-6,6
35105,106,107,-1,1
35106,119,113,6,6
35107,79,79,0,0
35108,70,86,-16,16
35109,129,119,10,10
35110,93,83,10,10
35111,98,88,10,10
35112,164,171,-7,7
35113,110,116,-6,6
35114,108,109,-1,1
35115,79,76,3,3
35116,140,145,-5,5
35117,81,89,-8,8
35118,84,94,-10,10
35119,64,59,5,5
35120,101,104,-3,3
35121,65,72,-7,7
35122,71,80,-9,9
35123,66,68,-2,2
35124,81,83,-2,2
35125,82,99,-17,17
35126,101,110,-9,9
35127,95,97,-2,2
35128,95,101,-6,6
35129,177,179,-2,2
35130,148,158,-10,10
35131,83,91,-8,8
35132,79,77,2,2
35133,87,81,6,6
35134,120,119,1,1
35135,140,165,-25,25
35136,117,117,0,0
35137,88,88,0,0
35138,79,72,7,7
35139,89,93,-4,4
35140,83,75,8,8
35141,79,94,-15,15
35142,118,119,-1,1
35143,79,86,-7,7
35144,95,93,2,2
35145,62,61,1,1
35146,67,73,-6,6
35147,63,70,-7,7
35148,99,87,12,12
35149,164,167,-3,3
35150,71,61,10,10
35151,49,49,0,0
35152,88,89,-1,1
35153,93,89,4,4
35154,90,89,1,1
35155,96,82,14,14
35156,91,90,1,1
35157,41,43,-2,2
35158,94,98,-4,4
35159,58,55,3,3
35160,87,89,-2,2
35161,100,99,1,1
35162,117,118,-1,1
35163,106,102,4,4
35164,65,77,-12,12
35165,126,130,-4,4
35166,92,93,-1,1
35167,78,88,-10,10
35168,98,97,1,1
35169,102,119,-17,17
35170,115,106,9,9
35171,93,88,5,5
35172,48,58,-10,10
35173,64,70,-6,6
35174,168,178,-10,10
35175,95,85,10,10
35176,125,121,4,4
35177,128,140,-12,12
35178,137,118,19,19
35179,62,57,5,5
35180,76,74,2,2
35181,66,65,1,1
35182,50,56,-6,6
35183,98,93,5,5
35184,101,109,-8,8
35185,77,79,-2,2
35186,97,103,-6,6
35187,116,113,3,3
35188,118,111,7,7
35189,157,159,-2,2
35190,48,54,-6,6
35191,86,90,-4,4
35192,79,97,-18,18
35193,93,87,6,6
35194,58,60,-2,2
35195,65,65,0,0
35196,203,193,10,10
35197,59,61,-2,2
35198,103,99,4,4
35199,35,36,-1,1
35200,95,103,-8,8
35201,89,93,-4,4
35202,122,115,7,7
35203,97,94,3,3
35204,84,83,1,1
35205,146,129,17,17
35206,129,119,10,10
35207,76,84,-8,8
35208,79,77,2,2
35209,92,94,-2,2
35210,82,73,9,9
35211,111,105,6,6
35212,88,83,5,5
35213,155,152,3,3
35214,75,70,5,5
35215,109,108,1,1
35216,64,60,4,4
35217,76,72,4,4
35218,114,121,-7,7
35219,84,79,5,5
35220,90,88,2,2
35221,49,51,-2,2
35222,103,108,-5,5
35223,140,139,1,1
35224,64,65,-1,1
35225,171,177,-6,6
35226,89,88,1,1
35227,57,64,-7,7
35228,99,76,23,23
35229,62,66,-4,4
35230,191,184,7,7
35231,108,100,8,8
35232,116,114,2,2
35233,157,148,9,9
35234,98,116,-18,18
35235,167,175,-8,8
35236,89,83,6,6
35237,65,71,-6,6
35238,103,106,-3,3
35239,107,107,0,0
35240,66,62,4,4
35241,137,133,4,4
35242,68,65,3,3
35243,64,60,4,4
35244,137,131,6,6
35245,101,101,0,0
35246,120,116,4,4
35247,99,104,-5,5
35248,58,64,-6,6
35249,93,99,-6,6
35250,48,66,-18,18
35251,96,117,-21,21
35252,68,68,0,0
35253,95,98,-3,3
35254,117,110,7,7
35255,61,72,-11,11
35256,122,122,0,0
35257,77,90,-13,13
35258,69,73,-4,4
35259,105,99,6,6
35260,126,131,-5,5
35261,67,61,6,6
35262,122,122,0,0
35263,96,91,5,5
35264,188,173,15,15
35265,72,58,14,14
35266,122,118,4,4
35267,53,59,-6,6
35268,49,58,-9,9
35269,131,121,10,10
35270,118,105,13,13
35271,68,61,7,7
35272,84,90,-6,6
35273,80,85,-5,5
35274,95,108,-13,13
35275,54,55,-1,1
35276,80,84,-4,4
35277,55,61,-6,6
35278,50,47,3,3
35279,141,142,-1,1
35280,118,112,6,6
35281,64,67,-3,3
35282,132,121,11,11
35283,81,78,3,3
35284,49,46,3,3
35285,86,84,2,2
35286,107,107,0,0
35287,123,124,-1,1
35288,109,100,9,9
35289,121,120,1,1
35290,89,95,-6,6
35291,57,62,-5,5
35292,123,118,5,5
35293,102,110,-8,8
35294,143,131,12,12
35295,57,58,-1,1
35296,84,79,5,5
35297,73,69,4,4
35298,124,125,-1,1
35299,86,82,4,4
35300,128,127,1,1
35301,146,134,12,12
35302,92,87,5,5
35303,68,79,-11,11
35304,88,90,-2,2
35305,147,149,-2,2
35306,134,139,-5,5
35307,91,96,-5,5
35308,137,134,3,3
35309,130,133,-3,3
35310,103,99,4,4
35311,78,90,-12,12
35312,85,78,7,7
35313,57,57,0,0
35314,159,149,10,10
35315,80,86,-6,6
35316,113,126,-13,13
35317,152,141,11,11
35318,163,155,8,8
35319,137,120,17,17
35320,116,118,-2,2
35321,144,141,3,3
35322,61,67,-6,6
35323,158,153,5,5
35324,120,153,-33,33
35325,64,70,-6,6
35326,106,103,3,3
35327,60,65,-5,5
35328,87,91,-4,4
35329,72,62,10,10
35330,92,92,0,0
35331,164,160,4,4
35332,121,131,-10,10
35333,63,65,-2,2
35334,108,111,-3,3
35335,70,65,5,5
35336,66,73,-7,7
35337,81,135,-54,54
35338,84,84,0,0
35339,69,72,-3,3
35340,161,168,-7,7
35341,73,72,1,1
35342,62,61,1,1
35343,66,67,-1,1
35344,80,87,-7,7
35345,110,128,-18,18
35346,145,143,2,2
35347,32,55,-23,23
35348,62,66,-4,4
35349,191,193,-2,2
35350,84,84,0,0
35351,96,92,4,4
35352,87,78,9,9
35353,54,59,-5,5
35354,85,86,-1,1
35355,118,113,5,5
35356,52,49,3,3
35357,102,84,18,18
35358,66,71,-5,5
35359,151,157,-6,6
35360,129,143,-14,14
35361,61,55,6,6
35362,102,112,-10,10
35363,88,93,-5,5
35364,61,68,-7,7
35365,77,85,-8,8
35366,79,80,-1,1
35367,110,105,5,5
35368,96,89,7,7
35369,74,69,5,5
35370,120,121,-1,1
35371,134,129,5,5
35372,66,64,2,2
35373,61,60,1,1
35374,130,124,6,6
35375,60,65,-5,5
35376,66,67,-1,1
35377,115,114,1,1
35378,99,96,3,3
35379,55,54,1,1
35380,104,97,7,7
35381,104,104,0,0
35382,97,103,-6,6
35383,48,51,-3,3
35384,51,56,-5,5
35385,51,44,7,7
35386,80,83,-3,3
35387,57,57,0,0
35388,77,58,19,19
35389,128,124,4,4
35390,141,146,-5,5
35391,77,78,-1,1
35392,132,132,0,0
35393,110,108,2,2
35394,43,35,8,8
35395,110,119,-9,9
35396,85,76,9,9
35397,92,100,-8,8
35398,49,51,-2,2
35399,69,66,3,3
35400,64,65,-1,1
35401,82,76,6,6
35402,59,67,-8,8
35403,69,66,3,3
35404,66,66,0,0
35405,92,90,2,2
35406,101,89,12,12
35407,62,73,-11,11
35408,126,115,11,11
35409,119,122,-3,3
35410,117,106,11,11
35411,162,156,6,6
35412,100,99,1,1
35413,107,117,-10,10
35414,49,57,-8,8
35415,75,77,-2,2
35416,85,83,2,2
35417,87,72,15,15
35418,58,54,4,4
35419,86,110,-24,24
35420,54,56,-2,2
35421,149,150,-1,1
35422,99,95,4,4
35423,118,121,-3,3
35424,88,90,-2,2
35425,128,148,-20,20
35426,121,123,-2,2
35427,62,62,0,0
35428,32,38,-6,6
35429,152,143,9,9
35430,58,58,0,0
35431,77,85,-8,8
35432,127,114,13,13
35433,109,104,5,5
35434,116,118,-2,2
35435,83,84,-1,1
35436,70,83,-13,13
35437,101,92,9,9
35438,70,67,3,3
35439,117,111,6,6
35440,93,100,-7,7
35441,72,80,-8,8
35442,131,136,-5,5
35443,64,70,-6,6
35444,160,158,2,2
35445,86,78,8,8
35446,84,91,-7,7
35447,56,57,-1,1
35448,94,87,7,7
35449,149,139,10,10
35450,128,119,9,9
35451,97,108,-11,11
35452,178,172,6,6
35453,102,99,3,3
35454,53,55,-2,2
35455,124,114,10,10
35456,79,86,-7,7
35457,136,155,-19,19
35458,71,83,-12,12
35459,54,51,3,3
35460,97,88,9,9
35461,72,76,-4,4
35462,169,152,17,17
35463,80,76,4,4
35464,53,62,-9,9
35465,64,60,4,4
35466,52,55,-3,3
35467,38,48,-10,10
35468,78,78,0,0
35469,160,83,77,77
35470,113,108,5,5
35471,90,98,-8,8
35472,63,61,2,2
35473,79,85,-6,6
35474,56,59,-3,3
35475,241,249,-8,8
35476,68,71,-3,3
35477,145,152,-7,7
35478,69,66,3,3
35479,107,103,4,4
35480,79,83,-4,4
35481,123,128,-5,5
35482,97,91,6,6
35483,77,73,4,4
35484,66,140,-74,74
35485,83,82,1,1
35486,82,86,-4,4
35487,78,79,-1,1
35488,89,84,5,5
35489,76,65,11,11
35490,61,64,-3,3
35491,116,113,3,3
35492,128,140,-12,12
35493,130,133,-3,3
35494,46,48,-2,2
35495,105,102,3,3
35496,150,130,20,20
35497,156,160,-4,4
35498,69,70,-1,1
35499,89,86,3,3
35500,77,72,5,5
35501,123,125,-2,2
35502,97,91,6,6
35503,87,81,6,6
35504,80,80,0,0
35505,79,83,-4,4
35506,58,65,-7,7
35507,53,53,0,0
35508,105,114,-9,9
35509,74,83,-9,9
35510,101,104,-3,3
35511,56,55,1,1
35512,115,112,3,3
35513,141,153,-12,12
35514,116,110,6,6
35515,47,47,0,0
35516,43,46,-3,3
35517,80,87,-7,7
35518,91,100,-9,9
35519,75,87,-12,12
35520,114,105,9,9
35521,79,83,-4,4
35522,106,101,5,5
35523,69,60,9,9
35524,87,76,11,11
35525,118,128,-10,10
35526,84,86,-2,2
35527,90,96,-6,6
35528,97,90,7,7
35529,57,55,2,2
35530,132,131,1,1
35531,90,108,-18,18
35532,108,113,-5,5
35533,132,123,9,9
35534,76,82,-6,6
35535,38,36,2,2
35536,52,54,-2,2
35537,68,64,4,4
35538,141,144,-3,3
35539,90,91,-1,1
35540,72,69,3,3
35541,74,72,2,2
35542,89,87,2,2
35543,72,68,4,4
35544,78,62,16,16
35545,67,65,2,2
35546,94,90,4,4
35547,65,63,2,2
35548,75,73,2,2
35549,76,85,-9,9
35550,78,71,7,7
35551,70,76,-6,6
35552,124,116,8,8
35553,123,121,2,2
35554,185,177,8,8
35555,126,112,14,14
35556,104,105,-1,1
35557,79,78,1,1
35558,74,58,16,16
35559,82,82,0,0
35560,47,51,-4,4
35561,40,42,-2,2
35562,102,104,-2,2
35563,68,74,-6,6
35564,95,102,-7,7
35565,111,106,5,5
35566,74,77,-3,3
35567,63,70,-7,7
35568,118,119,-1,1
35569,181,168,13,13
35570,63,65,-2,2
35571,73,71,2,2
35572,76,79,-3,3
35573,80,79,1,1
35574,99,100,-1,1
35575,83,89,-6,6
35576,48,49,-1,1
35577,140,129,11,11
35578,101,108,-7,7
35579,76,89,-13,13
35580,84,96,-12,12
35581,95,87,8,8
35582,60,60,0,0
35583,78,76,2,2
35584,125,126,-1,1
35585,90,95,-5,5
35586,99,99,0,0
35587,58,53,5,5
35588,128,129,-1,1
35589,67,66,1,1
35590,96,114,-18,18
35591,96,90,6,6
35592,141,139,2,2
35593,77,85,-8,8
35594,114,103,11,11
35595,86,84,2,2
35596,175,169,6,6
35597,129,127,2,2
35598,50,55,-5,5
35599,70,64,6,6
35600,224,213,11,11
35601,146,143,3,3
35602,81,75,6,6
35603,97,92,5,5
35604,118,132,-14,14
35605,77,65,12,12
35606,73,72,1,1
35607,85,84,1,1
35608,102,101,1,1
35609,130,129,1,1
35610,133,136,-3,3
35611,129,126,3,3
35612,80,81,-1,1
35613,93,98,-5,5
35614,91,86,5,5
35615,41,93,-52,52
35616,82,88,-6,6
35617,67,64,3,3
35618,85,85,0,0
35619,75,81,-6,6
35620,118,125,-7,7
35621,118,102,16,16
35622,79,77,2,2
35623,63,62,1,1
35624,170,173,-3,3
35625,73,78,-5,5
35626,114,90,24,24
35627,154,164,-10,10
35628,54,68,-14,14
35629,115,113,2,2
35630,49,124,-75,75
35631,99,104,-5,5
35632,80,77,3,3
35633,152,154,-2,2
35634,71,71,0,0
35635,118,148,-30,30
35636,106,99,7,7
35637,106,118,-12,12
35638,173,159,14,14
35639,89,95,-6,6
35640,65,64,1,1
35641,93,90,3,3
35642,109,110,-1,1
35643,126,132,-6,6
35644,143,166,-23,23
35645,127,133,-6,6
35646,114,106,8,8
35647,84,91,-7,7
35648,68,76,-8,8
35649,60,65,-5,5
35650,111,114,-3,3
35651,127,139,-12,12
35652,83,76,7,7
35653,98,98,0,0
35654,83,72,11,11
35655,77,77,0,0
35656,51,52,-1,1
35657,88,91,-3,3
35658,48,59,-11,11
35659,147,148,-1,1
35660,66,78,-12,12
35661,100,95,5,5
35662,76,81,-5,5
35663,59,62,-3,3
35664,116,113,3,3
35665,61,64,-3,3
35666,155,150,5,5
35667,99,107,-8,8
35668,112,109,3,3
35669,70,55,15,15
35670,79,84,-5,5
35671,96,100,-4,4
35672,90,98,-8,8
35673,104,100,4,4
35674,99,97,2,2
35675,81,87,-6,6
35676,134,151,-17,17
35677,126,131,-5,5
35678,160,121,39,39
35679,75,77,-2,2
35680,104,111,-7,7
35681,150,135,15,15
35682,120,122,-2,2
35683,90,91,-1,1
35684,120,113,7,7
35685,142,140,2,2
35686,75,72,3,3
35687,102,92,10,10
35688,162,154,8,8
35689,74,72,2,2
35690,75,74,1,1
35691,99,101,-2,2
35692,130,131,-1,1
35693,53,49,4,4
35694,127,133,-6,6
35695,103,91,12,12
35696,94,89,5,5
35697,76,88,-12,12
35698,83,86,-3,3
35699,195,180,15,15
35700,58,72,-14,14
35701,51,63,-12,12
35702,153,148,5,5
35703,190,184,6,6
35704,87,89,-2,2
35705,96,96,0,0
35706,100,91,9,9
35707,74,73,1,1
35708,67,66,1,1
35709,124,128,-4,4
35710,74,71,3,3
35711,111,101,10,10
35712,93,116,-23,23
35713,107,98,9,9
35714,70,59,11,11
35715,154,152,2,2
35716,125,115,10,10
35717,107,98,9,9
35718,69,86,-17,17
35719,101,104,-3,3
35720,95,88,7,7
35721,96,87,9,9
35722,85,84,1,1
35723,70,96,-26,26
35724,68,65,3,3
35725,61,63,-2,2
35726,155,158,-3,3
35727,58,64,-6,6
35728,72,75,-3,3
35729,47,53,-6,6
35730,98,101,-3,3
35731,145,138,7,7
35732,52,56,-4,4
35733,120,108,12,12
35734,78,76,2,2
35735,56,60,-4,4
35736,89,95,-6,6
35737,82,86,-4,4
35738,104,109,-5,5
35739,128,141,-13,13
35740,159,142,17,17
35741,79,86,-7,7
35742,109,110,-1,1
35743,120,123,-3,3
35744,79,95,-16,16
35745,73,62,11,11
35746,64,58,6,6
35747,97,90,7,7
35748,135,116,19,19
35749,81,91,-10,10
35750,91,90,1,1
35751,58,53,5,5
35752,78,78,0,0
35753,77,73,4,4
35754,47,45,2,2
35755,167,159,8,8
35756,65,85,-20,20
35757,152,151,1,1
35758,159,157,2,2
35759,89,109,-20,20
35760,205,204,1,1
35761,108,103,5,5
35762,101,96,5,5
35763,129,131,-2,2
35764,123,124,-1,1
35765,90,88,2,2
35766,138,133,5,5
35767,105,95,10,10
35768,93,86,7,7
35769,129,119,10,10
35770,110,99,11,11
35771,86,102,-16,16
35772,72,77,-5,5
35773,122,120,2,2
35774,37,42,-5,5
35775,173,178,-5,5
35776,97,86,11,11
35777,45,45,0,0
35778,97,85,12,12
35779,85,91,-6,6
35780,83,86,-3,3
35781,105,98,7,7
35782,138,137,1,1
35783,98,90,8,8
35784,128,123,5,5
35785,94,85,9,9
35786,131,115,16,16
35787,67,68,-1,1
35788,176,176,0,0
35789,116,115,1,1
35790,116,125,-9,9
35791,80,51,29,29
35792,84,82,2,2
35793,69,74,-5,5
35794,165,168,-3,3
35795,55,65,-10,10
35796,123,128,-5,5
35797,117,126,-9,9
35798,81,71,10,10
35799,86,83,3,3
35800,185,186,-1,1
35801,104,107,-3,3
35802,89,90,-1,1
35803,85,83,2,2
35804,156,148,8,8
35805,72,69,3,3
35806,95,77,18,18
35807,86,78,8,8
35808,72,70,2,2
35809,168,154,14,14
35810,42,45,-3,3
35811,93,96,-3,3
35812,103,94,9,9
35813,83,85,-2,2
35814,137,133,4,4
35815,117,129,-12,12
35816,77,83,-6,6
35817,79,90,-11,11
35818,121,120,1,1
35819,110,122,-12,12
35820,101,95,6,6
35821,88,97,-9,9
35822,91,88,3,3
35823,166,154,12,12
35824,63,60,3,3
35825,92,92,0,0
35826,138,128,10,10
35827,110,118,-8,8
35828,151,153,-2,2
35829,121,133,-12,12
35830,73,72,1,1
35831,77,71,6,6
35832,197,199,-2,2
35833,94,78,16,16
35834,67,72,-5,5
35835,147,129,18,18
35836,92,115,-23,23
35837,138,139,-1,1
35838,71,82,-11,11
35839,93,89,4,4
35840,115,112,3,3
35841,90,85,5,5
35842,137,134,3,3
35843,136,146,-10,10
35844,63,64,-1,1
35845,68,73,-5,5
35846,105,109,-4,4
35847,61,59,2,2
35848,75,74,1,1
35849,120,124,-4,4
35850,145,150,-5,5
35851,106,102,4,4
35852,171,161,10,10
35853,87,91,-4,4
35854,112,101,11,11
35855,75,76,-1,1
35856,84,89,-5,5
35857,55,54,1,1
35858,57,60,-3,3
35859,71,67,4,4
35860,150,144,6,6
35861,42,45,-3,3
35862,95,93,2,2
35863,100,104,-4,4
35864,77,71,6,6
35865,134,145,-11,11
35866,100,86,14,14
35867,117,125,-8,8
35868,74,108,-34,34
35869,106,100,6,6
35870,121,117,4,4
35871,115,110,5,5
35872,137,134,3,3
35873,80,84,-4,4
35874,81,88,-7,7
35875,50,57,-7,7
35876,60,67,-7,7
35877,143,127,16,16
35878,80,90,-10,10
35879,72,72,0,0
35880,74,72,2,2
35881,125,126,-1,1
35882,111,98,13,13
35883,99,99,0,0
35884,72,72,0,0
35885,84,78,6,6
35886,52,50,2,2
35887,54,54,0,0
35888,63,64,-1,1
35889,101,97,4,4
35890,65,55,10,10
35891,74,81,-7,7
35892,141,146,-5,5
35893,84,84,0,0
35894,156,142,14,14
35895,105,98,7,7
35896,130,124,6,6
35897,74,74,0,0
35898,97,109,-12,12
35899,111,115,-4,4
35900,65,70,-5,5
35901,124,121,3,3
35902,80,80,0,0
35903,93,90,3,3
35904,122,120,2,2
35905,84,94,-10,10
35906,92,97,-5,5
35907,52,73,-21,21
35908,86,93,-7,7
35909,69,76,-7,7
35910,114,112,2,2
35911,68,64,4,4
35912,123,129,-6,6
35913,104,124,-20,20
35914,119,110,9,9
35915,123,108,15,15
35916,99,93,6,6
35917,117,133,-16,16
35918,94,101,-7,7
35919,126,127,-1,1
35920,148,140,8,8
35921,112,103,9,9
35922,168,177,-9,9
35923,81,79,2,2
35924,100,99,1,1
35925,78,81,-3,3
35926,109,109,0,0
35927,120,117,3,3
35928,119,127,-8,8
35929,83,109,-26,26
35930,138,134,4,4
35931,63,67,-4,4
35932,63,57,6,6
35933,88,82,6,6
35934,50,51,-1,1
35935,171,167,4,4
35936,111,97,14,14
35937,154,158,-4,4
35938,131,119,12,12
35939,110,102,8,8
35940,74,74,0,0
35941,116,125,-9,9
35942,112,113,-1,1
35943,89,89,0,0
35944,109,114,-5,5
35945,68,70,-2,2
35946,77,77,0,0
35947,69,67,2,2
35948,54,63,-9,9
35949,74,73,1,1
35950,140,140,0,0
35951,92,82,10,10
35952,47,55,-8,8
35953,49,59,-10,10
35954,72,74,-2,2
35955,79,83,-4,4
35956,45,54,-9,9
35957,53,59,-6,6
35958,114,121,-7,7
35959,64,66,-2,2
35960,63,58,5,5
35961,113,104,9,9
35962,103,97,6,6
35963,109,106,3,3
35964,94,93,1,1
35965,65,64,1,1
35966,94,90,4,4
35967,142,147,-5,5
35968,38,41,-3,3
35969,91,102,-11,11
35970,86,84,2,2
35971,150,146,4,4
35972,66,67,-1,1
35973,68,65,3,3
35974,62,59,3,3
35975,53,51,2,2
35976,53,54,-1,1
35977,117,116,1,1
35978,89,92,-3,3
35979,96,84,12,12
35980,109,113,-4,4
35981,100,100,0,0
35982,132,125,7,7
35983,125,128,-3,3
35984,47,46,1,1
35985,76,91,-15,15
35986,80,81,-1,1
35987,108,132,-24,24
35988,72,76,-4,4
35989,79,79,0,0
35990,103,101,2,2
35991,93,90,3,3
35992,90,81,9,9
35993,76,75,1,1
35994,88,85,3,3
35995,70,73,-3,3
35996,162,143,19,19
35997,86,81,5,5
35998,62,62,0,0
35999,78,76,2,2
36000,51,49,2,2
36001,131,114,17,17
36002,81,80,1,1
36003,100,105,-5,5
36004,107,108,-1,1
36005,71,74,-3,3
36006,99,97,2,2
36007,128,120,8,8
36008,102,108,-6,6
36009,111,124,-13,13
36010,114,117,-3,3
36011,145,141,4,4
36012,123,111,12,12
36013,64,64,0,0
36014,138,139,-1,1
36015,120,128,-8,8
36016,96,94,2,2
36017,143,143,0,0
36018,79,77,2,2
36019,139,149,-10,10
36020,124,119,5,5
36021,76,83,-7,7
36022,67,71,-4,4
36023,65,77,-12,12
36024,62,63,-1,1
36025,184,185,-1,1
36026,102,103,-1,1
36027,60,64,-4,4
36028,79,88,-9,9
36029,63,62,1,1
36030,70,58,12,12
36031,91,97,-6,6
36032,68,73,-5,5
36033,86,90,-4,4
36034,97,110,-13,13
36035,78,87,-9,9
36036,110,94,16,16
36037,94,84,10,10
36038,68,82,-14,14
36039,150,143,7,7
36040,81,78,3,3
36041,58,61,-3,3
36042,48,49,-1,1
36043,76,76,0,0
36044,102,96,6,6
36045,74,77,-3,3
36046,60,62,-2,2
36047,75,84,-9,9
36048,92,87,5,5
36049,62,65,-3,3
36050,91,96,-5,5
36051,93,90,3,3
36052,146,150,-4,4
36053,94,89,5,5
36054,88,89,-1,1
36055,124,127,-3,3
36056,92,95,-3,3
36057,87,115,-28,28
36058,113,125,-12,12
36059,99,95,4,4
36060,90,86,4,4
36061,95,89,6,6
36062,61,63,-2,2
36063,139,133,6,6
36064,106,119,-13,13
36065,42,48,-6,6
36066,95,98,-3,3
36067,121,130,-9,9
36068,130,143,-13,13
36069,121,130,-9,9
36070,74,75,-1,1
36071,84,83,1,1
36072,70,70,0,0
36073,73,76,-3,3
36074,116,109,7,7
36075,120,117,3,3
36076,151,147,4,4
36077,80,84,-4,4
36078,90,93,-3,3
36079,68,72,-4,4
36080,102,99,3,3
36081,180,179,1,1
36082,44,77,-33,33
36083,170,168,2,2
36084,99,88,11,11
36085,130,127,3,3
36086,78,107,-29,29
36087,107,103,4,4
36088,93,103,-10,10
36089,146,146,0,0
36090,97,89,8,8
36091,107,99,8,8
36092,116,112,4,4
36093,81,94,-13,13
36094,84,78,6,6
36095,88,99,-11,11
36096,77,63,14,14
36097,65,66,-1,1
36098,158,151,7,7
36099,76,80,-4,4
36100,56,55,1,1
36101,119,125,-6,6
36102,82,78,4,4
36103,52,61,-9,9
36104,44,55,-11,11
36105,122,111,11,11
36106,92,95,-3,3
36107,87,88,-1,1
36108,152,157,-5,5
36109,97,98,-1,1
36110,127,120,7,7
36111,61,62,-1,1
36112,58,63,-5,5
36113,94,97,-3,3
36114,123,125,-2,2
36115,141,125,16,16
36116,61,66,-5,5
36117,151,174,-23,23
36118,117,118,-1,1
36119,88,91,-3,3
36120,71,66,5,5
36121,131,137,-6,6
36122,98,91,7,7
36123,54,56,-2,2
36124,133,126,7,7
36125,68,61,7,7
36126,49,57,-8,8
36127,106,104,2,2
36128,144,142,2,2
36129,105,109,-4,4
36130,59,52,7,7
36131,65,70,-5,5
36132,136,130,6,6
36133,58,55,3,3
36134,49,48,1,1
36135,47,50,-3,3
36136,87,88,-1,1
36137,81,90,-9,9
36138,110,99,11,11
36139,119,117,2,2
36140,114,113,1,1
36141,77,73,4,4
36142,114,113,1,1
36143,112,110,2,2
36144,86,103,-17,17
36145,91,92,-1,1
36146,136,126,10,10
36147,52,49,3,3
36148,85,89,-4,4
36149,97,95,2,2
36150,151,146,5,5
36151,118,110,8,8
36152,156,140,16,16
36153,61,54,7,7
36154,107,105,2,2
36155,173,176,-3,3
36156,86,90,-4,4
36157,74,80,-6,6
36158,90,84,6,6
36159,61,65,-4,4
36160,112,119,-7,7
36161,114,108,6,6
36162,86,90,-4,4
36163,115,120,-5,5
36164,128,130,-2,2
36165,62,65,-3,3
36166,81,85,-4,4
36167,102,104,-2,2
36168,104,108,-4,4
36169,70,78,-8,8
36170,85,83,2,2
36171,59,61,-2,2
36172,112,103,9,9
36173,141,153,-12,12
36174,103,124,-21,21
36175,89,92,-3,3
36176,83,80,3,3
36177,54,52,2,2
36178,70,76,-6,6
36179,75,80,-5,5
36180,124,123,1,1
36181,64,62,2,2
36182,137,132,5,5
36183,112,128,-16,16
36184,60,71,-11,11
36185,103,108,-5,5
36186,76,72,4,4
36187,100,89,11,11
36188,68,72,-4,4
36189,72,84,-12,12
36190,52,56,-4,4
36191,91,89,2,2
36192,57,56,1,1
36193,71,59,12,12
36194,99,103,-4,4
36195,117,135,-18,18
36196,179,174,5,5
36197,109,109,0,0
36198,33,53,-20,20
36199,101,101,0,0
36200,105,101,4,4
36201,88,86,2,2
36202,152,161,-9,9
36203,88,80,8,8
36204,140,133,7,7
36205,123,108,15,15
36206,129,125,4,4
36207,57,59,-2,2
36208,53,53,0,0
36209,65,67,-2,2
36210,72,71,1,1
36211,127,142,-15,15
36212,62,72,-10,10
36213,47,53,-6,6
36214,101,99,2,2
36215,58,50,8,8
36216,90,96,-6,6
36217,71,68,3,3
36218,148,139,9,9
36219,131,125,6,6
36220,173,179,-6,6
36221,140,130,10,10
36222,88,89,-1,1
36223,105,112,-7,7
36224,129,122,7,7
36225,105,101,4,4
36226,113,126,-13,13
36227,83,91,-8,8
36228,58,57,1,1
36229,59,61,-2,2
36230,110,88,22,22
36231,106,110,-4,4
36232,95,95,0,0
36233,101,86,15,15
36234,56,63,-7,7
36235,134,138,-4,4
36236,118,117,1,1
36237,114,105,9,9
36238,70,71,-1,1
36239,68,71,-3,3
36240,66,72,-6,6
36241,92,87,5,5
36242,113,116,-3,3
36243,108,104,4,4
36244,91,99,-8,8
36245,146,152,-6,6
36246,114,111,3,3
36247,103,106,-3,3
36248,108,139,-31,31
36249,60,60,0,0
36250,62,66,-4,4
36251,102,103,-1,1
36252,110,117,-7,7
36253,194,175,19,19
36254,53,58,-5,5
36255,102,104,-2,2
36256,175,162,13,13
36257,66,61,5,5
36258,108,107,1,1
36259,112,107,5,5
36260,154,147,7,7
36261,121,126,-5,5
36262,66,63,3,3
36263,84,83,1,1
36264,72,74,-2,2
36265,97,90,7,7
36266,125,121,4,4
36267,53,52,1,1
36268,56,58,-2,2
36269,139,147,-8,8
36270,76,82,-6,6
36271,98,94,4,4
36272,64,64,0,0
36273,102,102,0,0
36274,63,67,-4,4
36275,125,127,-2,2
36276,133,115,18,18
36277,61,62,-1,1
36278,57,59,-2,2
36279,87,84,3,3
36280,65,71,-6,6
36281,45,52,-7,7
36282,105,114,-9,9
36283,123,114,9,9
36284,96,87,9,9
36285,146,153,-7,7
36286,65,68,-3,3
36287,93,88,5,5
36288,67,66,1,1
36289,112,90,22,22
36290,128,122,6,6
36291,78,80,-2,2
36292,73,71,2,2
36293,89,86,3,3
36294,62,61,1,1
36295,127,135,-8,8
36296,126,117,9,9
36297,80,76,4,4
36298,84,90,-6,6
36299,85,105,-20,20
36300,65,70,-5,5
36301,63,61,2,2
36302,42,49,-7,7
36303,84,81,3,3
36304,73,72,1,1
36305,50,46,4,4
36306,107,131,-24,24
36307,108,104,4,4
36308,65,70,-5,5
36309,150,129,21,21
36310,101,100,1,1
36311,51,45,6,6
36312,74,78,-4,4
36313,79,78,1,1
36314,117,107,10,10
36315,71,82,-11,11
36316,70,76,-6,6
36317,75,75,0,0
36318,38,51,-13,13
36319,104,109,-5,5
36320,97,96,1,1
36321,117,112,5,5
36322,78,72,6,6
36323,58,72,-14,14
36324,133,134,-1,1
36325,51,52,-1,1
36326,117,120,-3,3
36327,82,75,7,7
36328,155,152,3,3
36329,102,111,-9,9
36330,137,137,0,0
36331,85,82,3,3
36332,132,135,-3,3
36333,35,38,-3,3
36334,72,82,-10,10
36335,119,125,-6,6
36336,90,86,4,4
36337,69,72,-3,3
36338,76,81,-5,5
36339,85,88,-3,3
36340,114,107,7,7
36341,84,109,-25,25
36342,78,79,-1,1
36343,55,61,-6,6
36344,102,108,-6,6
36345,163,145,18,18
36346,69,71,-2,2
36347,126,127,-1,1
36348,43,38,5,5
36349,61,57,4,4
36350,54,56,-2,2
36351,109,108,1,1
36352,102,117,-15,15
36353,80,83,-3,3
36354,206,191,15,15
36355,51,51,0,0
36356,89,75,14,14
36357,72,80,-8,8
36358,127,129,-2,2
36359,76,81,-5,5
36360,107,105,2,2
36361,71,70,1,1
36362,66,63,3,3
36363,76,75,1,1
36364,184,173,11,11
36365,129,133,-4,4
36366,55,57,-2,2
36367,110,115,-5,5
36368,75,79,-4,4
36369,61,64,-3,3
36370,136,131,5,5
36371,103,92,11,11
36372,115,123,-8,8
36373,55,56,-1,1
36374,113,110,3,3
36375,89,81,8,8
36376,121,111,10,10
36377,80,93,-13,13
36378,141,136,5,5
36379,150,171,-21,21
36380,90,87,3,3
36381,73,75,-2,2
36382,137,162,-25,25
36383,107,96,11,11
36384,86,84,2,2
36385,112,115,-3,3
36386,46,55,-9,9
36387,72,74,-2,2
36388,99,102,-3,3
36389,63,65,-2,2
36390,126,106,20,20
36391,64,58,6,6
36392,90,101,-11,11
36393,59,64,-5,5
36394,66,58,8,8
36395,114,99,15,15
36396,102,96,6,6
36397,77,75,2,2
36398,90,74,16,16
36399,68,71,-3,3
36400,78,71,7,7
36401,71,71,0,0
36402,49,51,-2,2
36403,83,80,3,3
36404,112,124,-12,12
36405,102,111,-9,9
36406,134,115,19,19
36407,57,58,-1,1
36408,71,73,-2,2
36409,163,167,-4,4
36410,130,123,7,7
36411,123,135,-12,12
36412,117,120,-3,3
36413,78,76,2,2
36414,39,46,-7,7
36415,49,53,-4,4
36416,57,57,0,0
36417,51,58,-7,7
36418,123,112,11,11
36419,92,94,-2,2
36420,93,97,-4,4
36421,77,77,0,0
36422,197,164,33,33
36423,112,118,-6,6
36424,63,72,-9,9
36425,83,89,-6,6
36426,68,86,-18,18
36427,105,103,2,2
36428,62,71,-9,9
36429,71,67,4,4
36430,91,88,3,3
36431,85,82,3,3
36432,197,205,-8,8
36433,124,115,9,9
36434,119,118,1,1
36435,130,142,-12,12
36436,81,78,3,3
36437,92,94,-2,2
36438,71,72,-1,1
36439,67,63,4,4
36440,99,92,7,7
36441,94,100,-6,6
36442,114,123,-9,9
36443,167,160,7,7
36444,120,112,8,8
36445,125,113,12,12
36446,70,63,7,7
36447,114,110,4,4
36448,95,96,-1,1
36449,46,53,-7,7
36450,101,108,-7,7
36451,61,58,3,3
36452,90,99,-9,9
36453,67,142,-75,75
36454,157,146,11,11
36455,79,73,6,6
36456,105,105,0,0
36457,112,99,13,13
36458,89,95,-6,6
36459,105,106,-1,1
36460,124,117,7,7
36461,65,62,3,3
36462,73,72,1,1
36463,66,71,-5,5
36464,61,67,-6,6
36465,125,142,-17,17
36466,122,132,-10,10
36467,76,74,2,2
36468,90,97,-7,7
36469,176,158,18,18
36470,62,67,-5,5
36471,139,140,-1,1
36472,43,42,1,1
36473,67,73,-6,6
36474,50,54,-4,4
36475,66,64,2,2
36476,59,64,-5,5
36477,81,74,7,7
36478,83,74,9,9
36479,92,88,4,4
36480,76,84,-8,8
36481,62,59,3,3
36482,64,79,-15,15
36483,92,101,-9,9
36484,123,123,0,0
36485,84,72,12,12
36486,88,91,-3,3
36487,58,63,-5,5
36488,87,87,0,0
36489,73,74,-1,1
36490,44,57,-13,13
36491,123,121,2,2
36492,76,71,5,5
36493,82,87,-5,5
36494,84,85,-1,1
36495,69,67,2,2
36496,80,86,-6,6
36497,104,105,-1,1
36498,81,83,-2,2
36499,79,85,-6,6
36500,90,108,-18,18
36501,105,106,-1,1
36502,140,140,0,0
36503,85,86,-1,1
36504,96,93,3,3
36505,102,101,1,1
36506,81,76,5,5
36507,117,112,5,5
36508,68,64,4,4
36509,79,79,0,0
36510,143,135,8,8
36511,66,58,8,8
36512,52,54,-2,2
36513,109,99,10,10
36514,40,54,-14,14
36515,140,132,8,8
36516,115,112,3,3
36517,74,87,-13,13
36518,61,66,-5,5
36519,66,71,-5,5
36520,92,78,14,14
36521,48,74,-26,26
36522,116,116,0,0
36523,141,133,8,8
36524,113,109,4,4
36525,89,83,6,6
36526,139,128,11,11
36527,134,136,-2,2
36528,152,152,0,0
36529,88,88,0,0
36530,93,95,-2,2
36531,161,157,4,4
36532,90,93,-3,3
36533,68,63,5,5
36534,148,139,9,9
36535,82,81,1,1
36536,96,92,4,4
36537,171,177,-6,6
36538,96,109,-13,13
36539,66,68,-2,2
36540,113,109,4,4
36541,78,80,-2,2
36542,82,80,2,2
36543,61,60,1,1
36544,82,78,4,4
36545,99,110,-11,11
36546,225,192,33,33
36547,81,77,4,4
36548,62,58,4,4
36549,66,67,-1,1
36550,44,73,-29,29
36551,74,86,-12,12
36552,83,81,2,2
36553,109,108,1,1
36554,51,58,-7,7
36555,121,121,0,0
36556,83,73,10,10
36557,81,91,-10,10
36558,53,57,-4,4
36559,73,82,-9,9
36560,109,102,7,7
36561,151,153,-2,2
36562,115,113,2,2
36563,122,116,6,6
36564,116,120,-4,4
36565,107,102,5,5
36566,109,100,9,9
36567,72,71,1,1
36568,43,42,1,1
36569,78,74,4,4
36570,127,118,9,9
36571,50,53,-3,3
36572,96,94,2,2
36573,53,57,-4,4
36574,37,40,-3,3
36575,94,85,9,9
36576,56,63,-7,7
36577,27,36,-9,9
36578,38,50,-12,12
36579,109,114,-5,5
36580,109,111,-2,2
36581,70,75,-5,5
36582,60,66,-6,6
36583,82,92,-10,10
36584,67,65,2,2
36585,67,72,-5,5
36586,78,76,2,2
36587,62,74,-12,12
36588,49,56,-7,7
36589,109,100,9,9
36590,88,93,-5,5
36591,81,95,-14,14
36592,82,88,-6,6
36593,90,86,4,4
36594,79,79,0,0
36595,97,89,8,8
36596,75,80,-5,5
36597,104,96,8,8
36598,84,89,-5,5
36599,146,144,2,2
36600,62,62,0,0
36601,104,114,-10,10
36602,106,111,-5,5
36603,92,95,-3,3
36604,92,92,0,0
36605,92,97,-5,5
36606,71,72,-1,1
36607,91,94,-3,3
36608,87,85,2,2
36609,79,93,-14,14
36610,86,103,-17,17
36611,128,117,11,11
36612,186,188,-2,2
36613,138,128,10,10
36614,89,82,7,7
36615,168,161,7,7
36616,46,49,-3,3
36617,93,91,2,2
36618,72,78,-6,6
36619,110,103,7,7
36620,99,88,11,11
36621,51,49,2,2
36622,93,97,-4,4
36623,99,99,0,0
36624,126,124,2,2
36625,64,66,-2,2
36626,209,202,7,7
36627,102,103,-1,1
36628,98,103,-5,5
36629,79,72,7,7
36630,85,95,-10,10
36631,64,64,0,0
36632,83,80,3,3
36633,121,101,20,20
36634,111,107,4,4
36635,72,73,-1,1
36636,97,93,4,4
36637,96,86,10,10
36638,64,65,-1,1
36639,128,128,0,0
36640,34,38,-4,4
36641,124,102,22,22
36642,84,78,6,6
36643,132,131,1,1
36644,55,57,-2,2
36645,118,118,0,0
36646,47,50,-3,3
36647,74,72,2,2
36648,75,72,3,3
36649,93,94,-1,1
36650,171,151,20,20
36651,81,83,-2,2
36652,62,65,-3,3
36653,81,77,4,4
36654,83,77,6,6
36655,65,64,1,1
36656,61,63,-2,2
36657,83,90,-7,7
36658,102,101,1,1
36659,78,78,0,0
36660,85,82,3,3
36661,122,119,3,3
36662,60,59,1,1
36663,151,159,-8,8
36664,72,77,-5,5
36665,93,94,-1,1
36666,99,95,4,4
36667,95,102,-7,7
36668,105,103,2,2
36669,83,71,12,12
36670,128,134,-6,6
36671,76,110,-34,34
36672,114,105,9,9
36673,125,132,-7,7
36674,88,86,2,2
36675,117,126,-9,9
36676,54,54,0,0
36677,102,102,0,0
36678,60,54,6,6
36679,47,64,-17,17
36680,76,73,3,3
36681,53,56,-3,3
36682,83,88,-5,5
36683,148,160,-12,12
36684,101,97,4,4
36685,126,123,3,3
36686,124,202,-78,78
36687,114,115,-1,1
36688,74,81,-7,7
36689,83,94,-11,11
36690,109,101,8,8
36691,89,99,-10,10
36692,76,78,-2,2
36693,53,59,-6,6
36694,78,79,-1,1
36695,60,63,-3,3
36696,136,132,4,4
36697,42,57,-15,15
36698,126,120,6,6
36699,99,110,-11,11
36700,96,100,-4,4
36701,45,49,-4,4
36702,77,74,3,3
36703,167,152,15,15
36704,102,134,-32,32
36705,92,99,-7,7
36706,61,59,2,2
36707,138,131,7,7
36708,117,129,-12,12
36709,127,121,6,6
36710,92,76,16,16
36711,83,85,-2,2
36712,69,71,-2,2
36713,189,178,11,11
36714,89,81,8,8
36715,154,153,1,1
36716,78,82,-4,4
36717,92,93,-1,1
36718,151,160,-9,9
36719,138,149,-11,11
36720,73,72,1,1
36721,152,151,1,1
36722,122,123,-1,1
36723,71,64,7,7
36724,118,117,1,1
36725,93,83,10,10
36726,104,102,2,2
36727,85,79,6,6
36728,91,91,0,0
36729,50,51,-1,1
36730,102,88,14,14
36731,120,122,-2,2
36732,111,105,6,6
36733,71,77,-6,6
36734,57,53,4,4
36735,161,125,36,36
36736,53,51,2,2
36737,122,139,-17,17
36738,125,126,-1,1
36739,83,83,0,0
36740,74,82,-8,8
36741,78,79,-1,1
36742,51,52,-1,1
36743,167,145,22,22
36744,78,81,-3,3
36745,207,201,6,6
36746,120,120,0,0
36747,142,146,-4,4
36748,71,81,-10,10
36749,144,126,18,18
36750,55,51,4,4
36751,75,66,9,9
36752,113,122,-9,9
36753,100,114,-14,14
36754,56,57,-1,1
36755,137,125,12,12
36756,92,94,-2,2
36757,142,137,5,5
36758,114,115,-1,1
36759,47,52,-5,5
36760,61,58,3,3
36761,130,123,7,7
36762,68,71,-3,3
36763,72,87,-15,15
36764,39,40,-1,1
36765,116,124,-8,8
36766,135,129,6,6
36767,121,115,6,6
36768,126,121,5,5
36769,115,128,-13,13
36770,92,89,3,3
36771,137,126,11,11
36772,67,66,1,1
36773,58,56,2,2
36774,74,77,-3,3
36775,66,54,12,12
36776,70,63,7,7
36777,89,110,-21,21
36778,85,93,-8,8
36779,77,79,-2,2
36780,54,55,-1,1
36781,103,108,-5,5
36782,45,54,-9,9
36783,35,46,-11,11
36784,84,115,-31,31
36785,61,73,-12,12
36786,114,110,4,4
36787,47,53,-6,6
36788,86,85,1,1
36789,92,100,-8,8
36790,61,56,5,5
36791,96,95,1,1
36792,48,48,0,0
36793,115,130,-15,15
36794,209,197,12,12
36795,89,89,0,0
36796,63,56,7,7
36797,68,71,-3,3
36798,88,99,-11,11
36799,63,72,-9,9
36800,121,131,-10,10
36801,146,165,-19,19
36802,64,62,2,2
36803,75,75,0,0
36804,118,132,-14,14
36805,121,127,-6,6
36806,87,83,4,4
36807,80,82,-2,2
36808,80,85,-5,5
36809,107,98,9,9
36810,137,135,2,2
36811,96,88,8,8
36812,74,69,5,5
36813,90,81,9,9
36814,70,63,7,7
36815,45,49,-4,4
36816,63,58,5,5
36817,122,116,6,6
36818,80,74,6,6
36819,91,94,-3,3
36820,241,226,15,15
36821,49,52,-3,3
36822,115,128,-13,13
36823,136,110,26,26
36824,87,76,11,11
36825,90,105,-15,15
36826,86,80,6,6
36827,126,122,4,4
36828,63,79,-16,16
36829,68,64,4,4
36830,83,74,9,9
36831,101,103,-2,2
36832,82,113,-31,31
36833,105,114,-9,9
36834,141,148,-7,7
36835,67,71,-4,4
36836,29,37,-8,8
36837,96,100,-4,4
36838,69,64,5,5
36839,62,65,-3,3
36840,68,74,-6,6
36841,96,85,11,11
36842,122,130,-8,8
36843,109,115,-6,6
36844,83,79,4,4
36845,127,122,5,5
36846,115,129,-14,14
36847,95,93,2,2
36848,64,59,5,5
36849,80,84,-4,4
36850,285,298,-13,13
36851,88,86,2,2
36852,154,124,30,30
36853,163,158,5,5
36854,68,114,-46,46
36855,72,79,-7,7
36856,184,186,-2,2
36857,87,80,7,7
36858,58,61,-3,3
36859,110,119,-9,9
36860,62,67,-5,5
36861,53,48,5,5
36862,158,167,-9,9
36863,87,106,-19,19
36864,70,80,-10,10
36865,72,73,-1,1
36866,141,126,15,15
36867,94,90,4,4
36868,48,58,-10,10
36869,56,57,-1,1
36870,169,161,8,8
36871,81,106,-25,25
36872,71,70,1,1
36873,97,86,11,11
36874,73,73,0,0
36875,90,95,-5,5
36876,122,120,2,2
36877,68,61,7,7
36878,128,120,8,8
36879,68,71,-3,3
36880,128,132,-4,4
36881,80,80,0,0
36882,76,66,10,10
36883,131,144,-13,13
36884,96,100,-4,4
36885,118,132,-14,14
36886,112,106,6,6
36887,174,169,5,5
36888,44,45,-1,1
36889,92,98,-6,6
36890,66,65,1,1
36891,90,96,-6,6
36892,144,140,4,4
36893,110,103,7,7
36894,164,147,17,17
36895,85,82,3,3
36896,87,102,-15,15
36897,126,149,-23,23
36898,70,72,-2,2
36899,111,112,-1,1
36900,56,56,0,0
36901,50,52,-2,2
36902,93,98,-5,5
36903,66,71,-5,5
36904,77,76,1,1
36905,59,61,-2,2
36906,95,102,-7,7
36907,79,75,4,4
36908,84,81,3,3
36909,81,79,2,2
36910,118,103,15,15
36911,62,60,2,2
36912,113,116,-3,3
36913,89,78,11,11
36914,109,100,9,9
36915,157,152,5,5
36916,144,164,-20,20
36917,113,105,8,8
36918,136,126,10,10
36919,55,46,9,9
36920,100,129,-29,29
36921,127,116,11,11
36922,137,137,0,0
36923,77,73,4,4
36924,75,74,1,1
36925,96,99,-3,3
36926,183,179,4,4
36927,100,96,4,4
36928,66,59,7,7
36929,87,90,-3,3
36930,76,79,-3,3
36931,79,95,-16,16
36932,84,84,0,0
36933,101,98,3,3
36934,110,116,-6,6
36935,97,95,2,2
36936,55,55,0,0
36937,94,84,10,10
36938,65,67,-2,2
36939,78,76,2,2
36940,69,63,6,6
36941,171,169,2,2
36942,78,76,2,2
36943,58,58,0,0
36944,79,79,0,0
36945,90,81,9,9
36946,43,39,4,4
36947,80,97,-17,17
36948,121,133,-12,12
36949,186,175,11,11
36950,87,86,1,1
36951,25,24,1,1
36952,77,83,-6,6
36953,111,114,-3,3
36954,60,57,3,3
36955,70,74,-4,4
36956,145,135,10,10
36957,83,83,0,0
36958,87,76,11,11
36959,79,78,1,1
36960,110,112,-2,2
36961,70,64,6,6
36962,157,152,5,5
36963,95,93,2,2
36964,62,65,-3,3
36965,83,81,2,2
36966,64,62,2,2
36967,240,242,-2,2
36968,77,79,-2,2
36969,171,160,11,11
36970,111,114,-3,3
36971,98,89,9,9
36972,60,57,3,3
36973,94,92,2,2
36974,117,111,6,6
36975,113,117,-4,4
36976,149,166,-17,17
36977,84,85,-1,1
36978,50,56,-6,6
36979,109,122,-13,13
36980,77,89,-12,12
36981,125,123,2,2
36982,74,85,-11,11
36983,80,80,0,0
36984,70,72,-2,2
36985,79,82,-3,3
36986,125,109,16,16
36987,102,85,17,17
36988,72,72,0,0
36989,99,104,-5,5
36990,73,84,-11,11
36991,104,94,10,10
36992,99,94,5,5
36993,97,89,8,8
36994,135,137,-2,2
36995,80,86,-6,6
36996,146,148,-2,2
36997,59,64,-5,5
36998,95,97,-2,2
36999,159,144,15,15
37000,73,64,9,9
37001,94,97,-3,3
37002,159,136,23,23
37003,178,164,14,14
37004,58,57,1,1
37005,88,83,5,5
37006,88,94,-6,6
37007,81,89,-8,8
37008,79,74,5,5
37009,54,53,1,1
37010,88,83,5,5
37011,75,67,8,8
37012,101,90,11,11
37013,89,81,8,8
37014,51,55,-4,4
37015,121,120,1,1
37016,110,118,-8,8
37017,99,89,10,10
37018,63,65,-2,2
37019,113,116,-3,3
37020,137,142,-5,5
37021,114,124,-10,10
37022,87,80,7,7
37023,176,152,24,24
37024,136,134,2,2
37025,104,100,4,4
37026,131,88,43,43
37027,100,115,-15,15
37028,110,117,-7,7
37029,54,51,3,3
37030,99,103,-4,4
37031,55,61,-6,6
37032,141,130,11,11
37033,142,141,1,1
37034,125,111,14,14
37035,114,125,-11,11
37036,121,124,-3,3
37037,138,130,8,8
37038,66,76,-10,10
37039,108,105,3,3
37040,137,134,3,3
37041,57,57,0,0
37042,97,102,-5,5
37043,114,106,8,8
37044,124,154,-30,30
37045,66,70,-4,4
37046,51,51,0,0
37047,162,153,9,9
37048,161,159,2,2
37049,116,114,2,2
37050,111,117,-6,6
37051,143,144,-1,1
37052,41,51,-10,10
37053,97,87,10,10
37054,49,53,-4,4
37055,156,150,6,6
37056,48,48,0,0
37057,82,77,5,5
37058,58,55,3,3
37059,81,80,1,1
37060,81,81,0,0
37061,68,67,1,1
37062,120,123,-3,3
37063,28,39,-11,11
37064,84,95,-11,11
37065,96,99,-3,3
37066,79,80,-1,1
37067,446,446,0,0
37068,132,135,-3,3
37069,131,128,3,3
37070,60,72,-12,12
37071,78,72,6,6
37072,113,112,1,1
37073,67,66,1,1
37074,83,81,2,2
37075,77,69,8,8
37076,82,83,-1,1
37077,60,61,-1,1
37078,112,111,1,1
37079,124,119,5,5
37080,150,136,14,14
37081,87,85,2,2
37082,129,123,6,6
37083,151,147,4,4
37084,36,43,-7,7
37085,100,107,-7,7
37086,57,107,-50,50
37087,108,116,-8,8
37088,78,85,-7,7
37089,72,64,8,8
37090,69,81,-12,12
37091,108,113,-5,5
37092,87,82,5,5
37093,51,64,-13,13
37094,48,50,-2,2
37095,98,115,-17,17
37096,31,54,-23,23
37097,140,119,21,21
37098,74,71,3,3
37099,95,106,-11,11
37100,87,85,2,2
37101,120,124,-4,4
37102,83,77,6,6
37103,81,97,-16,16
37104,75,76,-1,1
37105,87,89,-2,2
37106,145,145,0,0
37107,98,93,5,5
37108,52,46,6,6
37109,83,83,0,0
37110,55,72,-17,17
37111,110,118,-8,8
37112,125,134,-9,9
37113,87,78,9,9
37114,101,102,-1,1
37115,81,72,9,9
37116,143,141,2,2
37117,218,203,15,15
37118,79,74,5,5
37119,97,90,7,7
37120,58,59,-1,1
37121,116,122,-6,6
37122,76,67,9,9
37123,94,95,-1,1
37124,79,93,-14,14
37125,60,59,1,1
37126,103,111,-8,8
37127,51,51,0,0
37128,113,108,5,5
37129,83,101,-18,18
37130,121,125,-4,4
37131,87,74,13,13
37132,152,149,3,3
37133,97,90,7,7
37134,169,169,0,0
37135,73,86,-13,13
37136,141,152,-11,11
37137,88,77,11,11
37138,75,173,-98,98
37139,78,75,3,3
37140,114,109,5,5
37141,95,84,11,11
37142,100,109,-9,9
37143,94,95,-1,1
37144,62,66,-4,4
37145,75,106,-31,31
37146,91,95,-4,4
37147,155,137,18,18
37148,82,79,3,3
37149,120,118,2,2
37150,154,143,11,11
37151,45,46,-1,1
37152,69,72,-3,3
37153,70,75,-5,5
37154,129,133,-4,4
37155,83,78,5,5
37156,102,93,9,9
37157,34,41,-7,7
37158,84,80,4,4
37159,93,90,3,3
37160,173,161,12,12
37161,81,86,-5,5
37162,112,125,-13,13
37163,141,138,3,3
37164,117,113,4,4
37165,87,96,-9,9
37166,89,105,-16,16
37167,138,144,-6,6
37168,77,81,-4,4
37169,71,75,-4,4
37170,108,116,-8,8
37171,84,81,3,3
37172,90,101,-11,11
37173,156,151,5,5
37174,90,93,-3,3
37175,91,92,-1,1
37176,64,61,3,3
37177,66,67,-1,1
37178,59,53,6,6
37179,124,118,6,6
37180,49,47,2,2
37181,108,114,-6,6
37182,83,84,-1,1
37183,115,101,14,14
37184,59,63,-4,4
37185,51,66,-15,15
37186,90,85,5,5
37187,77,90,-13,13
37188,59,54,5,5
37189,100,102,-2,2
37190,138,131,7,7
37191,237,230,7,7
37192,71,72,-1,1
37193,51,52,-1,1
37194,160,168,-8,8
37195,162,139,23,23
37196,121,121,0,0
37197,122,115,7,7
37198,64,60,4,4
37199,78,74,4,4
37200,107,136,-29,29
37201,102,109,-7,7
37202,74,81,-7,7
37203,90,101,-11,11
37204,65,60,5,5
37205,85,88,-3,3
37206,88,89,-1,1
37207,95,101,-6,6
37208,92,95,-3,3
37209,148,131,17,17
37210,89,86,3,3
37211,63,64,-1,1
37212,98,88,10,10
37213,74,74,0,0
37214,69,68,1,1
37215,58,61,-3,3
37216,148,137,11,11
37217,75,80,-5,5
37218,128,127,1,1
37219,63,73,-10,10
37220,113,100,13,13
37221,88,97,-9,9
37222,68,59,9,9
37223,98,95,3,3
37224,79,82,-3,3
37225,69,74,-5,5
37226,284,278,6,6
37227,76,75,1,1
37228,98,100,-2,2
37229,73,76,-3,3
37230,135,134,1,1
37231,71,66,5,5
37232,85,79,6,6
37233,58,63,-5,5
37234,110,115,-5,5
37235,63,62,1,1
37236,91,92,-1,1
37237,72,75,-3,3
37238,111,139,-28,28
37239,75,70,5,5
37240,127,135,-8,8
37241,157,146,11,11
37242,136,139,-3,3
37243,66,63,3,3
37244,53,54,-1,1
37245,76,79,-3,3
37246,76,71,5,5
37247,123,134,-11,11
37248,90,89,1,1
37249,62,63,-1,1
37250,93,114,-21,21
37251,150,140,10,10
37252,114,113,1,1
37253,99,84,15,15
37254,85,82,3,3
37255,68,64,4,4
37256,54,55,-1,1
37257,64,64,0,0
37258,126,129,-3,3
37259,52,53,-1,1
37260,119,113,6,6
37261,112,110,2,2
37262,257,244,13,13
37263,75,80,-5,5
37264,58,56,2,2
37265,87,86,1,1
37266,50,50,0,0
37267,79,82,-3,3
37268,142,133,9,9
37269,122,129,-7,7
37270,69,71,-2,2
37271,82,77,5,5
37272,83,87,-4,4
37273,87,80,7,7
37274,132,131,1,1
37275,110,123,-13,13
37276,98,85,13,13
37277,93,93,0,0
37278,112,124,-12,12
37279,101,93,8,8
37280,97,102,-5,5
37281,111,118,-7,7
37282,53,53,0,0
37283,78,98,-20,20
37284,104,100,4,4
37285,86,80,6,6
37286,109,109,0,0
37287,136,129,7,7
37288,113,132,-19,19
37289,53,57,-4,4
37290,85,75,10,10
37291,142,131,11,11
37292,141,140,1,1
37293,87,89,-2,2
37294,79,78,1,1
37295,171,159,12,12
37296,104,109,-5,5
37297,91,123,-32,32
37298,70,70,0,0
37299,93,101,-8,8
37300,115,117,-2,2
37301,49,43,6,6
37302,115,104,11,11
37303,85,82,3,3
37304,96,101,-5,5
37305,112,113,-1,1
37306,133,139,-6,6
37307,114,111,3,3
37308,78,99,-21,21
37309,158,149,9,9
37310,73,67,6,6
37311,44,47,-3,3
37312,160,163,-3,3
37313,114,117,-3,3
37314,163,122,41,41
37315,113,105,8,8
37316,92,102,-10,10
37317,35,43,-8,8
37318,135,134,1,1
37319,113,113,0,0
37320,105,97,8,8
37321,79,71,8,8
37322,130,124,6,6
37323,129,131,-2,2
37324,81,86,-5,5
37325,71,77,-6,6
37326,233,211,22,22
37327,79,86,-7,7
37328,88,85,3,3
37329,121,129,-8,8
37330,132,124,8,8
37331,179,169,10,10
37332,199,190,9,9
37333,133,128,5,5
37334,127,123,4,4
37335,71,73,-2,2
37336,59,62,-3,3
37337,92,93,-1,1
37338,98,97,1,1
37339,93,82,11,11
37340,103,79,24,24
37341,114,125,-11,11
37342,80,83,-3,3
37343,84,84,0,0
37344,95,87,8,8
37345,141,138,3,3
37346,184,175,9,9
37347,138,118,20,20
37348,59,61,-2,2
37349,172,169,3,3
37350,146,139,7,7
37351,72,75,-3,3
37352,139,146,-7,7
37353,108,109,-1,1
37354,91,101,-10,10
37355,38,38,0,0
37356,44,53,-9,9
37357,86,82,4,4
37358,68,76,-8,8
37359,68,62,6,6
37360,100,105,-5,5
37361,135,125,10,10
37362,30,45,-15,15
37363,149,146,3,3
37364,93,91,2,2
37365,132,139,-7,7
37366,61,60,1,1
37367,104,112,-8,8
37368,119,118,1,1
37369,61,63,-2,2
37370,79,81,-2,2
37371,48,54,-6,6
37372,80,64,16,16
37373,145,174,-29,29
37374,65,73,-8,8
37375,68,66,2,2
37376,68,67,1,1
37377,78,85,-7,7
37378,65,62,3,3
37379,98,95,3,3
37380,102,109,-7,7
37381,115,98,17,17
37382,71,71,0,0
37383,63,66,-3,3
37384,64,74,-10,10
37385,97,96,1,1
37386,102,94,8,8
37387,101,104,-3,3
37388,34,39,-5,5
37389,70,72,-2,2
37390,53,60,-7,7
37391,92,92,0,0
37392,83,85,-2,2
37393,101,110,-9,9
37394,76,72,4,4
37395,76,79,-3,3
37396,111,110,1,1
37397,49,61,-12,12
37398,55,63,-8,8
37399,115,108,7,7
37400,126,125,1,1
37401,121,112,9,9
37402,145,136,9,9
37403,60,78,-18,18
37404,73,63,10,10
37405,63,65,-2,2
37406,71,72,-1,1
37407,81,81,0,0
37408,98,100,-2,2
37409,138,141,-3,3
37410,69,76,-7,7
37411,172,189,-17,17
37412,57,66,-9,9
37413,119,115,4,4
37414,65,70,-5,5
37415,54,56,-2,2
37416,86,97,-11,11
37417,116,120,-4,4
37418,145,137,8,8
37419,102,109,-7,7
37420,108,106,2,2
37421,63,62,1,1
37422,125,119,6,6
37423,90,91,-1,1
37424,139,143,-4,4
37425,94,96,-2,2
37426,86,89,-3,3
37427,44,60,-16,16
37428,89,97,-8,8
37429,82,80,2,2
37430,114,105,9,9
37431,60,57,3,3
37432,103,101,2,2
37433,58,54,4,4
37434,108,118,-10,10
37435,140,148,-8,8
37436,160,162,-2,2
37437,54,56,-2,2
37438,106,103,3,3
37439,140,143,-3,3
37440,101,99,2,2
37441,120,120,0,0
37442,118,114,4,4
37443,116,116,0,0
37444,108,110,-2,2
37445,205,216,-11,11
37446,192,186,6,6
37447,97,98,-1,1
37448,59,61,-2,2
37449,60,64,-4,4
37450,51,50,1,1
37451,48,49,-1,1
37452,118,114,4,4
37453,209,198,11,11
37454,64,66,-2,2
37455,76,84,-8,8
37456,130,129,1,1
37457,83,102,-19,19
37458,69,76,-7,7
37459,66,56,10,10
37460,81,90,-9,9
37461,116,135,-19,19
37462,91,95,-4,4
37463,178,180,-2,2
37464,148,166,-18,18
37465,160,164,-4,4
37466,116,133,-17,17
37467,87,92,-5,5
37468,93,93,0,0
37469,71,76,-5,5
37470,121,118,3,3
37471,85,73,12,12
37472,75,77,-2,2
37473,101,102,-1,1
37474,72,73,-1,1
37475,60,60,0,0
37476,102,92,10,10
37477,111,106,5,5
37478,81,89,-8,8
37479,75,90,-15,15
37480,107,115,-8,8
37481,75,79,-4,4
37482,67,74,-7,7
37483,126,133,-7,7
37484,106,112,-6,6
37485,126,126,0,0
37486,104,108,-4,4
37487,65,74,-9,9
37488,92,93,-1,1
37489,78,71,7,7
37490,127,126,1,1
37491,88,90,-2,2
37492,35,54,-19,19
37493,87,90,-3,3
37494,53,63,-10,10
37495,108,111,-3,3
37496,89,89,0,0
37497,79,75,4,4
37498,79,85,-6,6
37499,138,123,15,15
37500,92,86,6,6
37501,84,83,1,1
37502,65,63,2,2
37503,74,73,1,1
37504,147,144,3,3
37505,96,99,-3,3
37506,124,125,-1,1
37507,84,88,-4,4
37508,118,118,0,0
37509,80,75,5,5
37510,89,97,-8,8
37511,154,161,-7,7
37512,96,109,-13,13
37513,73,82,-9,9
37514,218,194,24,24
37515,108,107,1,1
37516,156,153,3,3
37517,56,62,-6,6
37518,105,100,5,5
37519,103,130,-27,27
37520,98,102,-4,4
37521,161,161,0,0
37522,150,133,17,17
37523,50,52,-2,2
37524,99,97,2,2
37525,62,65,-3,3
37526,102,105,-3,3
37527,86,84,2,2
37528,81,78,3,3
37529,51,57,-6,6
37530,100,95,5,5
37531,74,72,2,2
37532,65,58,7,7
37533,95,95,0,0
37534,99,97,2,2
37535,84,91,-7,7
37536,114,101,13,13
37537,99,89,10,10
37538,58,53,5,5
37539,49,46,3,3
37540,119,112,7,7
37541,83,86,-3,3
37542,96,103,-7,7
37543,70,73,-3,3
37544,108,107,1,1
37545,128,117,11,11
37546,75,73,2,2
37547,72,67,5,5
37548,88,76,12,12
37549,71,69,2,2
37550,103,94,9,9
37551,109,103,6,6
37552,77,83,-6,6
37553,74,72,2,2
37554,105,100,5,5
37555,56,48,8,8
37556,95,92,3,3
37557,152,142,10,10
37558,62,61,1,1
37559,128,125,3,3
37560,108,99,9,9
37561,58,63,-5,5
37562,144,129,15,15
37563,109,101,8,8
37564,66,63,3,3
37565,114,117,-3,3
37566,150,137,13,13
37567,98,93,5,5
37568,151,148,3,3
37569,73,71,2,2
37570,84,79,5,5
37571,126,127,-1,1
37572,50,54,-4,4
37573,101,116,-15,15
37574,56,60,-4,4
37575,95,97,-2,2
37576,65,70,-5,5
37577,141,125,16,16
37578,94,90,4,4
37579,67,72,-5,5
37580,55,61,-6,6
37581,65,65,0,0
37582,52,65,-13,13
37583,95,87,8,8
37584,158,153,5,5
37585,106,41,65,65
37586,101,100,1,1
37587,96,92,4,4
37588,132,138,-6,6
37589,91,86,5,5
37590,80,79,1,1
37591,209,198,11,11
37592,71,80,-9,9
37593,94,106,-12,12
37594,93,85,8,8
37595,103,109,-6,6
37596,69,77,-8,8
37597,190,196,-6,6
37598,92,91,1,1
37599,105,95,10,10
37600,69,75,-6,6
37601,54,66,-12,12
37602,59,60,-1,1
37603,82,85,-3,3
37604,84,87,-3,3
37605,30,53,-23,23
37606,150,143,7,7
37607,65,64,1,1
37608,88,84,4,4
37609,80,77,3,3
37610,174,168,6,6
37611,134,162,-28,28
37612,82,77,5,5
37613,77,71,6,6
37614,65,71,-6,6
37615,49,51,-2,2
37616,95,100,-5,5
37617,67,67,0,0
37618,69,65,4,4
37619,125,133,-8,8
37620,124,135,-11,11
37621,81,82,-1,1
37622,93,92,1,1
37623,148,127,21,21
37624,158,148,10,10
37625,107,107,0,0
37626,138,129,9,9
37627,106,107,-1,1
37628,102,109,-7,7
37629,151,156,-5,5
37630,103,110,-7,7
37631,77,73,4,4
37632,139,136,3,3
37633,122,123,-1,1
37634,86,78,8,8
37635,85,83,2,2
37636,76,71,5,5
37637,115,105,10,10
37638,137,128,9,9
37639,113,125,-12,12
37640,155,139,16,16
37641,66,76,-10,10
37642,75,73,2,2
37643,120,123,-3,3
37644,116,102,14,14
37645,152,155,-3,3
37646,56,60,-4,4
37647,205,191,14,14
37648,96,97,-1,1
37649,101,94,7,7
37650,100,100,0,0
37651,94,89,5,5
37652,130,125,5,5
37653,61,78,-17,17
37654,123,120,3,3
37655,111,122,-11,11
37656,136,147,-11,11
37657,166,153,13,13
37658,85,94,-9,9
37659,99,100,-1,1
37660,58,60,-2,2
37661,98,92,6,6
37662,88,75,13,13
37663,164,149,15,15
37664,67,67,0,0
37665,112,96,16,16
37666,105,101,4,4
37667,151,140,11,11
37668,80,67,13,13
37669,121,131,-10,10
37670,179,151,28,28
37671,151,146,5,5
37672,116,119,-3,3
37673,93,89,4,4
37674,96,94,2,2
37675,112,121,-9,9
37676,45,45,0,0
37677,100,98,2,2
37678,71,81,-10,10
37679,72,66,6,6
37680,124,120,4,4
37681,54,50,4,4
37682,135,132,3,3
37683,125,118,7,7
37684,125,107,18,18
37685,104,117,-13,13
37686,76,74,2,2
37687,106,139,-33,33
37688,76,77,-1,1
37689,87,88,-1,1
37690,146,141,5,5
37691,91,83,8,8
37692,72,83,-11,11
37693,149,150,-1,1
37694,82,81,1,1
37695,157,150,7,7
37696,138,129,9,9
37697,122,123,-1,1
37698,105,107,-2,2
37699,88,82,6,6
37700,157,176,-19,19
37701,108,98,10,10
37702,94,88,6,6
37703,102,107,-5,5
37704,51,64,-13,13
37705,84,86,-2,2
37706,67,81,-14,14
37707,128,120,8,8
37708,130,132,-2,2
37709,165,157,8,8
37710,100,117,-17,17
37711,121,132,-11,11
37712,74,80,-6,6
37713,58,54,4,4
37714,88,100,-12,12
37715,105,114,-9,9
37716,116,114,2,2
37717,103,96,7,7
37718,101,103,-2,2
37719,108,117,-9,9
37720,75,92,-17,17
37721,106,110,-4,4
37722,69,73,-4,4
37723,87,87,0,0
37724,68,80,-12,12
37725,51,54,-3,3
37726,61,63,-2,2
37727,110,110,0,0
37728,104,101,3,3
37729,70,66,4,4
37730,47,56,-9,9
37731,69,84,-15,15
37732,48,58,-10,10
37733,92,90,2,2
37734,116,117,-1,1
37735,94,98,-4,4
37736,79,84,-5,5
37737,116,134,-18,18
37738,133,140,-7,7
37739,70,73,-3,3
37740,153,151,2,2
37741,41,86,-45,45
37742,73,74,-1,1
37743,109,112,-3,3
37744,145,129,16,16
37745,106,111,-5,5
37746,89,82,7,7
37747,69,81,-12,12
37748,73,74,-1,1
37749,61,63,-2,2
37750,127,124,3,3
37751,104,108,-4,4
37752,103,103,0,0
37753,107,98,9,9
37754,116,121,-5,5
37755,66,74,-8,8
37756,130,127,3,3
37757,102,94,8,8
37758,102,104,-2,2
37759,72,79,-7,7
37760,98,93,5,5
37761,55,56,-1,1
37762,90,101,-11,11
37763,116,114,2,2
37764,64,71,-7,7
37765,113,105,8,8
37766,75,82,-7,7
37767,75,91,-16,16
37768,119,118,1,1
37769,81,73,8,8
37770,74,73,1,1
37771,156,153,3,3
37772,93,97,-4,4
37773,84,85,-1,1
37774,118,143,-25,25
37775,70,66,4,4
37776,197,201,-4,4
37777,57,60,-3,3
37778,41,56,-15,15
37779,110,120,-10,10
37780,94,91,3,3
37781,121,111,10,10
37782,77,79,-2,2
37783,104,85,19,19
37784,98,94,4,4
37785,101,100,1,1
37786,65,75,-10,10
37787,140,131,9,9
37788,113,108,5,5
37789,103,90,13,13
37790,84,76,8,8
37791,75,72,3,3
37792,136,126,10,10
37793,123,123,0,0
37794,117,125,-8,8
37795,107,103,4,4
37796,64,63,1,1
37797,61,66,-5,5
37798,216,186,30,30
37799,94,96,-2,2
37800,96,99,-3,3
37801,83,101,-18,18
37802,42,47,-5,5
37803,93,104,-11,11
37804,61,65,-4,4
37805,101,80,21,21
37806,118,116,2,2
37807,100,105,-5,5
37808,107,126,-19,19
37809,98,101,-3,3
37810,64,62,2,2
37811,215,219,-4,4
37812,127,125,2,2
37813,91,85,6,6
37814,113,131,-18,18
37815,82,84,-2,2
37816,120,126,-6,6
37817,72,67,5,5
37818,77,93,-16,16
37819,79,87,-8,8
37820,67,73,-6,6
37821,89,92,-3,3
37822,54,58,-4,4
37823,97,107,-10,10
37824,82,80,2,2
37825,91,104,-13,13
37826,83,74,9,9
37827,54,66,-12,12
37828,116,120,-4,4
37829,80,85,-5,5
37830,75,71,4,4
37831,187,195,-8,8
37832,78,86,-8,8
37833,95,102,-7,7
37834,87,87,0,0
37835,74,78,-4,4
37836,67,65,2,2
37837,66,60,6,6
37838,78,72,6,6
37839,107,104,3,3
37840,59,53,6,6
37841,92,97,-5,5
37842,41,55,-14,14
37843,130,126,4,4
37844,100,107,-7,7
37845,88,84,4,4
37846,67,63,4,4
37847,100,92,8,8
37848,99,105,-6,6
37849,69,70,-1,1
37850,115,121,-6,6
37851,116,110,6,6
37852,49,47,2,2
37853,91,97,-6,6
37854,67,79,-12,12
37855,105,101,4,4
37856,137,139,-2,2
37857,72,85,-13,13
37858,61,63,-2,2
37859,86,82,4,4
37860,91,96,-5,5
37861,85,86,-1,1
37862,83,82,1,1
37863,68,62,6,6
37864,103,95,8,8
37865,106,99,7,7
37866,139,119,20,20
37867,115,121,-6,6
37868,48,52,-4,4
37869,159,165,-6,6
37870,61,61,0,0
37871,113,122,-9,9
37872,101,104,-3,3
37873,77,75,2,2
37874,134,135,-1,1
37875,67,61,6,6
37876,106,104,2,2
37877,57,57,0,0
37878,95,103,-8,8
37879,93,102,-9,9
37880,95,84,11,11
37881,179,178,1,1
37882,153,176,-23,23
37883,62,71,-9,9
37884,69,71,-2,2
37885,165,169,-4,4
37886,180,193,-13,13
37887,87,85,2,2
37888,110,113,-3,3
37889,116,122,-6,6
37890,159,168,-9,9
37891,99,106,-7,7
37892,114,116,-2,2
37893,102,91,11,11
37894,154,155,-1,1
37895,91,91,0,0
37896,124,112,12,12
37897,91,89,2,2
37898,41,46,-5,5
37899,45,45,0,0
37900,71,87,-16,16
37901,76,79,-3,3
37902,99,110,-11,11
37903,111,108,3,3
37904,97,92,5,5
37905,124,119,5,5
37906,96,102,-6,6
37907,79,77,2,2
37908,122,132,-10,10
37909,115,103,12,12
37910,89,85,4,4
37911,73,71,2,2
37912,111,116,-5,5
37913,89,99,-10,10
37914,138,137,1,1
37915,100,111,-11,11
37916,78,82,-4,4
37917,83,89,-6,6
37918,86,92,-6,6
37919,135,141,-6,6
37920,114,114,0,0
37921,56,60,-4,4
37922,149,164,-15,15
37923,81,81,0,0
37924,79,79,0,0
37925,103,104,-1,1
37926,56,73,-17,17
37927,150,151,-1,1
37928,78,79,-1,1
37929,78,80,-2,2
37930,41,46,-5,5
37931,121,110,11,11
37932,123,123,0,0
37933,76,90,-14,14
37934,103,101,2,2
37935,35,55,-20,20
37936,124,121,3,3
37937,55,62,-7,7
37938,88,86,2,2
37939,90,89,1,1
37940,120,97,23,23
37941,71,73,-2,2
37942,79,85,-6,6
37943,62,70,-8,8
37944,86,86,0,0
37945,64,65,-1,1
37946,131,147,-16,16
37947,146,141,5,5
37948,86,81,5,5
37949,98,94,4,4
37950,183,164,19,19
37951,91,93,-2,2
37952,77,73,4,4
37953,142,143,-1,1
37954,79,79,0,0
37955,41,41,0,0
37956,105,108,-3,3
37957,197,197,0,0
37958,115,115,0,0
37959,71,72,-1,1
37960,140,149,-9,9
37961,130,129,1,1
37962,83,81,2,2
37963,108,126,-18,18
37964,67,62,5,5
37965,70,83,-13,13
37966,93,97,-4,4
37967,64,71,-7,7
37968,98,119,-21,21
37969,115,117,-2,2
37970,62,61,1,1
37971,88,90,-2,2
37972,61,62,-1,1
37973,198,181,17,17
37974,101,111,-10,10
37975,66,62,4,4
37976,31,35,-4,4
37977,94,90,4,4
37978,93,106,-13,13
37979,117,160,-43,43
37980,99,102,-3,3
37981,36,42,-6,6
37982,76,77,-1,1
37983,67,74,-7,7
37984,78,88,-10,10
37985,50,55,-5,5
37986,55,49,6,6
37987,92,97,-5,5
37988,94,87,7,7
37989,137,140,-3,3
37990,102,103,-1,1
37991,113,108,5,5
37992,89,81,8,8
37993,124,137,-13,13
37994,82,82,0,0
37995,60,67,-7,7
37996,125,114,11,11
37997,78,89,-11,11
37998,143,137,6,6
37999,142,147,-5,5
38000,106,97,9,9
38001,124,116,8,8
38002,52,58,-6,6
38003,97,119,-22,22
38004,80,77,3,3
38005,107,119,-12,12
38006,141,140,1,1
38007,57,60,-3,3
38008,89,79,10,10
38009,104,115,-11,11
38010,154,148,6,6
38011,76,87,-11,11
38012,95,81,14,14
38013,179,165,14,14
38014,64,78,-14,14
38015,119,112,7,7
38016,108,124,-16,16
38017,114,114,0,0
38018,92,91,1,1
38019,109,107,2,2
38020,139,146,-7,7
38021,130,131,-1,1
38022,112,107,5,5
38023,123,115,8,8
38024,125,121,4,4
38025,66,60,6,6
38026,77,89,-12,12
38027,87,87,0,0
38028,97,108,-11,11
38029,56,53,3,3
38030,146,138,8,8
38031,71,71,0,0
38032,176,170,6,6
38033,96,89,7,7
38034,105,101,4,4
38035,127,129,-2,2
38036,82,84,-2,2
38037,137,154,-17,17
38038,120,121,-1,1
38039,82,80,2,2
38040,73,71,2,2
38041,78,72,6,6
38042,83,84,-1,1
38043,83,83,0,0
38044,74,78,-4,4
38045,81,83,-2,2
38046,178,162,16,16
38047,96,109,-13,13
38048,48,53,-5,5
38049,74,83,-9,9
38050,143,134,9,9
38051,94,88,6,6
38052,142,145,-3,3
38053,144,149,-5,5
38054,114,118,-4,4
38055,91,97,-6,6
38056,127,129,-2,2
38057,65,74,-9,9
38058,152,148,4,4
38059,106,105,1,1
38060,140,136,4,4
38061,96,103,-7,7
38062,72,109,-37,37
38063,71,59,12,12
38064,116,114,2,2
38065,156,151,5,5
38066,57,54,3,3
38067,24,31,-7,7
38068,122,118,4,4
38069,118,110,8,8
38070,96,100,-4,4
38071,86,83,3,3
38072,163,160,3,3
38073,60,67,-7,7
38074,80,73,7,7
38075,78,77,1,1
38076,82,81,1,1
38077,113,107,6,6
38078,104,115,-11,11
38079,154,180,-26,26
38080,34,45,-11,11
38081,111,115,-4,4
38082,103,104,-1,1
38083,88,88,0,0
38084,112,120,-8,8
38085,115,112,3,3
38086,60,54,6,6
38087,150,146,4,4
38088,116,116,0,0
38089,80,76,4,4
38090,112,103,9,9
38091,116,118,-2,2
38092,83,88,-5,5
38093,161,151,10,10
38094,65,71,-6,6
38095,74,79,-5,5
38096,72,61,11,11
38097,185,167,18,18
38098,89,73,16,16
38099,90,89,1,1
38100,175,166,9,9
38101,96,90,6,6
38102,96,93,3,3
38103,111,116,-5,5
38104,46,49,-3,3
38105,105,120,-15,15
38106,69,72,-3,3
38107,117,115,2,2
38108,91,92,-1,1
38109,70,77,-7,7
38110,150,139,11,11
38111,122,126,-4,4
38112,98,106,-8,8
38113,100,91,9,9
38114,160,139,21,21
38115,139,136,3,3
38116,170,166,4,4
38117,79,86,-7,7
38118,132,128,4,4
38119,121,124,-3,3
38120,118,122,-4,4
38121,102,90,12,12
38122,98,96,2,2
38123,115,126,-11,11
38124,159,163,-4,4
38125,92,93,-1,1
38126,41,56,-15,15
38127,84,86,-2,2
38128,132,147,-15,15
38129,109,96,13,13
38130,78,88,-10,10
38131,114,106,8,8
38132,121,115,6,6
38133,93,88,5,5
38134,115,118,-3,3
38135,44,46,-2,2
38136,74,75,-1,1
38137,49,49,0,0
38138,165,161,4,4
38139,83,79,4,4
38140,158,152,6,6
38141,101,92,9,9
38142,118,118,0,0
38143,94,91,3,3
38144,117,136,-19,19
38145,109,108,1,1
38146,73,88,-15,15
38147,76,82,-6,6
38148,138,136,2,2
38149,113,108,5,5
38150,96,98,-2,2
38151,73,79,-6,6
38152,112,106,6,6
38153,63,68,-5,5
38154,104,95,9,9
38155,82,90,-8,8
38156,54,60,-6,6
38157,84,82,2,2
38158,133,139,-6,6
38159,101,103,-2,2
38160,108,116,-8,8
38161,83,79,4,4
38162,78,85,-7,7
38163,82,78,4,4
38164,76,80,-4,4
38165,90,85,5,5
38166,105,107,-2,2
38167,61,58,3,3
38168,102,117,-15,15
38169,104,124,-20,20
38170,72,74,-2,2
38171,74,65,9,9
38172,92,100,-8,8
38173,85,82,3,3
38174,99,97,2,2
38175,111,124,-13,13
38176,67,74,-7,7
38177,76,74,2,2
38178,113,101,12,12
38179,107,102,5,5
38180,117,115,2,2
38181,116,122,-6,6
38182,97,97,0,0
38183,125,126,-1,1
38184,112,120,-8,8
38185,71,82,-11,11
38186,115,116,-1,1
38187,59,82,-23,23
38188,97,96,1,1
38189,124,117,7,7
38190,45,49,-4,4
38191,87,88,-1,1
38192,103,128,-25,25
38193,64,64,0,0
38194,100,96,4,4
38195,97,82,15,15
38196,121,120,1,1
38197,111,122,-11,11
38198,74,71,3,3
38199,118,151,-33,33
38200,91,87,4,4
38201,89,90,-1,1
38202,105,87,18,18
38203,79,83,-4,4
38204,68,73,-5,5
38205,125,130,-5,5
38206,87,83,4,4
38207,123,112,11,11
38208,93,96,-3,3
38209,100,94,6,6
38210,64,59,5,5
38211,108,103,5,5
38212,68,57,11,11
38213,86,90,-4,4
38214,107,97,10,10
38215,73,76,-3,3
38216,128,138,-10,10
38217,119,115,4,4
38218,54,47,7,7
38219,72,72,0,0
38220,73,79,-6,6
38221,159,156,3,3
38222,83,85,-2,2
38223,97,97,0,0
38224,131,131,0,0
38225,69,72,-3,3
38226,86,76,10,10
38227,119,123,-4,4
38228,100,95,5,5
38229,102,109,-7,7
38230,67,64,3,3
38231,53,62,-9,9
38232,85,94,-9,9
38233,168,164,4,4
38234,61,51,10,10
38235,77,74,3,3
38236,85,92,-7,7
38237,69,66,3,3
38238,124,122,2,2
38239,89,83,6,6
38240,148,151,-3,3
38241,143,135,8,8
38242,57,78,-21,21
38243,144,140,4,4
38244,66,67,-1,1
38245,83,99,-16,16
38246,120,123,-3,3
38247,131,131,0,0
38248,51,55,-4,4
38249,77,61,16,16
38250,62,66,-4,4
38251,125,134,-9,9
38252,87,86,1,1
38253,89,87,2,2
38254,162,158,4,4
38255,109,114,-5,5
38256,126,133,-7,7
38257,87,94,-7,7
38258,87,99,-12,12
38259,116,115,1,1
38260,51,56,-5,5
38261,65,59,6,6
38262,95,90,5,5
38263,86,78,8,8
38264,98,103,-5,5
38265,74,71,3,3
38266,87,127,-40,40
38267,113,112,1,1
38268,70,90,-20,20
38269,119,112,7,7
38270,180,174,6,6
38271,94,82,12,12
38272,67,73,-6,6
38273,85,87,-2,2
38274,147,156,-9,9
38275,79,66,13,13
38276,76,78,-2,2
38277,60,53,7,7
38278,55,57,-2,2
38279,95,98,-3,3
38280,127,116,11,11
38281,100,98,2,2
38282,85,86,-1,1
38283,127,124,3,3
38284,101,91,10,10
38285,70,71,-1,1
38286,102,99,3,3
38287,73,74,-1,1
38288,107,110,-3,3
38289,129,134,-5,5
38290,114,112,2,2
38291,45,55,-10,10
38292,52,50,2,2
38293,69,71,-2,2
38294,71,73,-2,2
38295,65,66,-1,1
38296,211,186,25,25
38297,113,132,-19,19
38298,97,96,1,1
38299,60,70,-10,10
38300,184,158,26,26
38301,106,102,4,4
38302,121,122,-1,1
38303,112,122,-10,10
38304,137,141,-4,4
38305,104,106,-2,2
38306,124,130,-6,6
38307,72,66,6,6
38308,116,110,6,6
38309,76,73,3,3
38310,99,107,-8,8
38311,75,76,-1,1
38312,81,82,-1,1
38313,69,72,-3,3
38314,72,78,-6,6
38315,87,78,9,9
38316,93,88,5,5
38317,136,131,5,5
38318,101,95,6,6
38319,89,86,3,3
38320,112,112,0,0
38321,65,65,0,0
38322,118,110,8,8
38323,92,85,7,7
38324,80,88,-8,8
38325,98,94,4,4
38326,70,67,3,3
38327,127,123,4,4
38328,149,135,14,14
38329,70,67,3,3
38330,139,147,-8,8
38331,82,81,1,1
38332,91,93,-2,2
38333,39,54,-15,15
38334,82,98,-16,16
38335,105,105,0,0
38336,147,150,-3,3
38337,104,115,-11,11
38338,117,103,14,14
38339,91,105,-14,14
38340,90,94,-4,4
38341,104,96,8,8
38342,47,53,-6,6
38343,56,60,-4,4
38344,110,113,-3,3
38345,43,53,-10,10
38346,120,114,6,6
38347,70,72,-2,2
38348,75,80,-5,5
38349,77,79,-2,2
38350,72,71,1,1
38351,105,102,3,3
38352,218,204,14,14
38353,56,60,-4,4
38354,100,107,-7,7
38355,123,140,-17,17
38356,130,125,5,5
38357,63,61,2,2
38358,89,92,-3,3
38359,60,71,-11,11
38360,65,77,-12,12
38361,118,119,-1,1
38362,86,91,-5,5
38363,166,174,-8,8
38364,106,107,-1,1
38365,58,63,-5,5
38366,141,128,13,13
38367,96,94,2,2
38368,106,98,8,8
38369,110,120,-10,10
38370,64,61,3,3
38371,83,82,1,1
38372,92,111,-19,19
38373,70,66,4,4
38374,122,131,-9,9
38375,86,88,-2,2
38376,105,94,11,11
38377,99,104,-5,5
38378,57,52,5,5
38379,79,79,0,0
38380,59,56,3,3
38381,70,73,-3,3
38382,104,100,4,4
38383,86,89,-3,3
38384,112,123,-11,11
38385,102,107,-5,5
38386,63,65,-2,2
38387,118,116,2,2
38388,63,59,4,4
38389,104,127,-23,23
38390,86,92,-6,6
38391,167,161,6,6
38392,164,162,2,2
38393,85,86,-1,1
38394,111,117,-6,6
38395,121,115,6,6
38396,94,90,4,4
38397,77,86,-9,9
38398,35,37,-2,2
38399,95,92,3,3
38400,133,137,-4,4
38401,85,85,0,0
38402,67,61,6,6
38403,114,118,-4,4
38404,157,151,6,6
38405,157,151,6,6
38406,94,105,-11,11
38407,54,64,-10,10
38408,64,60,4,4
38409,109,108,1,1
38410,71,73,-2,2
38411,73,78,-5,5
38412,76,84,-8,8
38413,130,120,10,10
38414,79,75,4,4
38415,142,155,-13,13
38416,89,86,3,3
38417,105,110,-5,5
38418,78,89,-11,11
38419,64,63,1,1
38420,63,71,-8,8
38421,89,89,0,0
38422,171,172,-1,1
38423,111,99,12,12
38424,86,76,10,10
38425,102,100,2,2
38426,61,63,-2,2
38427,85,88,-3,3
38428,134,123,11,11
38429,81,83,-2,2
38430,142,143,-1,1
38431,80,74,6,6
38432,83,83,0,0
38433,121,117,4,4
38434,67,56,11,11
38435,100,117,-17,17
38436,129,130,-1,1
38437,102,112,-10,10
38438,126,126,0,0
38439,98,99,-1,1
38440,63,56,7,7
38441,72,76,-4,4
38442,88,96,-8,8
38443,64,70,-6,6
38444,107,119,-12,12
38445,89,81,8,8
38446,93,93,0,0
38447,146,142,4,4
38448,101,109,-8,8
38449,87,86,1,1
38450,97,97,0,0
38451,78,63,15,15
38452,130,117,13,13
38453,85,75,10,10
38454,77,73,4,4
38455,44,50,-6,6
38456,96,93,3,3
38457,89,82,7,7
38458,117,120,-3,3
38459,41,42,-1,1
38460,113,117,-4,4
38461,103,87,16,16
38462,161,150,11,11
38463,196,194,2,2
38464,64,58,6,6
38465,82,75,7,7
38466,66,93,-27,27
38467,80,73,7,7
38468,54,60,-6,6
38469,104,109,-5,5
38470,55,53,2,2
38471,57,56,1,1
38472,49,55,-6,6
38473,70,72,-2,2
38474,74,81,-7,7
38475,33,36,-3,3
38476,83,89,-6,6
38477,89,88,1,1
38478,102,96,6,6
38479,156,169,-13,13
38480,36,49,-13,13
38481,62,59,3,3
38482,102,96,6,6
38483,87,97,-10,10
38484,50,49,1,1
38485,89,97,-8,8
38486,100,95,5,5
38487,98,85,13,13
38488,56,59,-3,3
38489,75,70,5,5
38490,98,85,13,13
38491,117,109,8,8
38492,235,214,21,21
38493,54,55,-1,1
38494,68,62,6,6
38495,116,125,-9,9
38496,32,36,-4,4
38497,55,52,3,3
38498,82,81,1,1
38499,119,120,-1,1
38500,183,190,-7,7
38501,112,85,27,27
38502,57,63,-6,6
38503,120,120,0,0
38504,77,83,-6,6
38505,68,76,-8,8
38506,126,121,5,5
38507,68,59,9,9
38508,103,94,9,9
38509,110,118,-8,8
38510,122,107,15,15
38511,100,116,-16,16
38512,74,72,2,2
38513,185,163,22,22
38514,118,133,-15,15
38515,41,48,-7,7
38516,91,95,-4,4
38517,83,75,8,8
38518,79,83,-4,4
38519,82,72,10,10
38520,84,93,-9,9
38521,70,61,9,9
38522,97,104,-7,7
38523,99,99,0,0
38524,108,107,1,1
38525,85,82,3,3
38526,132,128,4,4
38527,99,96,3,3
38528,62,56,6,6
38529,80,78,2,2
38530,96,89,7,7
38531,98,90,8,8
38532,109,113,-4,4
38533,124,130,-6,6
38534,101,115,-14,14
38535,118,125,-7,7
38536,57,57,0,0
38537,79,83,-4,4
38538,86,92,-6,6
38539,77,77,0,0
38540,132,122,10,10
38541,74,63,11,11
38542,108,103,5,5
38543,137,127,10,10
38544,102,107,-5,5
38545,150,145,5,5
38546,51,52,-1,1
38547,77,73,4,4
38548,59,53,6,6
38549,42,40,2,2
38550,141,144,-3,3
38551,132,126,6,6
38552,67,63,4,4
38553,108,105,3,3
38554,144,153,-9,9
38555,69,71,-2,2
38556,85,82,3,3
38557,64,63,1,1
38558,65,65,0,0
38559,221,224,-3,3
38560,70,72,-2,2
38561,56,55,1,1
38562,62,66,-4,4
38563,88,104,-16,16
38564,108,117,-9,9
38565,178,166,12,12
38566,74,71,3,3
38567,85,96,-11,11
38568,61,69,-8,8
38569,111,80,31,31
38570,103,115,-12,12
38571,110,111,-1,1
38572,74,72,2,2
38573,172,174,-2,2
38574,87,100,-13,13
38575,141,150,-9,9
38576,86,81,5,5
38577,89,102,-13,13
38578,106,88,18,18
38579,103,102,1,1
38580,115,102,13,13
38581,61,56,5,5
38582,102,104,-2,2
38583,64,65,-1,1
38584,121,117,4,4
38585,61,67,-6,6
38586,75,68,7,7
38587,43,42,1,1
38588,84,85,-1,1
38589,118,115,3,3
38590,50,46,4,4
38591,81,72,9,9
38592,160,157,3,3
38593,121,112,9,9
38594,77,87,-10,10
38595,124,124,0,0
38596,140,134,6,6
38597,56,60,-4,4
38598,92,85,7,7
38599,99,96,3,3
38600,169,167,2,2
38601,102,116,-14,14
38602,149,148,1,1
38603,161,175,-14,14
38604,73,79,-6,6
38605,81,83,-2,2
38606,76,76,0,0
38607,131,124,7,7
38608,155,165,-10,10
38609,87,90,-3,3
38610,62,60,2,2
38611,87,75,12,12
38612,78,87,-9,9
38613,74,74,0,0
38614,49,73,-24,24
38615,92,89,3,3
38616,133,132,1,1
38617,149,147,2,2
38618,120,125,-5,5
38619,89,82,7,7
38620,102,99,3,3
38621,62,55,7,7
38622,57,46,11,11
38623,43,61,-18,18
38624,72,72,0,0
38625,58,60,-2,2
38626,66,62,4,4
38627,73,76,-3,3
38628,112,95,17,17
38629,158,146,12,12
38630,70,80,-10,10
38631,136,133,3,3
38632,85,79,6,6
38633,37,49,-12,12
38634,87,93,-6,6
38635,130,139,-9,9
38636,88,90,-2,2
38637,57,61,-4,4
38638,117,117,0,0
38639,105,100,5,5
38640,75,80,-5,5
38641,153,158,-5,5
38642,90,99,-9,9
38643,130,120,10,10
38644,86,89,-3,3
38645,124,134,-10,10
38646,83,82,1,1
38647,145,130,15,15
38648,77,81,-4,4
38649,64,64,0,0
38650,129,131,-2,2
38651,109,104,5,5
38652,94,88,6,6
38653,84,81,3,3
38654,64,64,0,0
38655,90,91,-1,1
38656,171,170,1,1
38657,93,99,-6,6
38658,121,127,-6,6
38659,72,77,-5,5
38660,72,82,-10,10
38661,85,87,-2,2
38662,86,79,7,7
38663,93,100,-7,7
38664,94,81,13,13
38665,118,124,-6,6
38666,72,62,10,10
38667,64,65,-1,1
38668,127,114,13,13
38669,64,62,2,2
38670,75,76,-1,1
38671,57,62,-5,5
38672,61,62,-1,1
38673,74,90,-16,16
38674,53,66,-13,13
38675,80,82,-2,2
38676,83,82,1,1
38677,124,120,4,4
38678,81,91,-10,10
38679,84,95,-11,11
38680,128,120,8,8
38681,93,94,-1,1
38682,79,84,-5,5
38683,81,101,-20,20
38684,81,82,-1,1
38685,104,110,-6,6
38686,82,81,1,1
38687,84,68,16,16
38688,71,73,-2,2
38689,62,63,-1,1
38690,66,71,-5,5
38691,63,64,-1,1
38692,77,83,-6,6
38693,56,59,-3,3
38694,155,151,4,4
38695,143,137,6,6
38696,75,73,2,2
38697,92,103,-11,11
38698,108,105,3,3
38699,105,106,-1,1
38700,63,61,2,2
38701,117,122,-5,5
38702,123,112,11,11
38703,69,72,-3,3
38704,119,133,-14,14
38705,92,105,-13,13
38706,94,87,7,7
38707,80,82,-2,2
38708,101,96,5,5
38709,150,152,-2,2
38710,92,85,7,7
38711,97,96,1,1
38712,100,99,1,1
38713,74,88,-14,14
38714,157,159,-2,2
38715,65,69,-4,4
38716,97,93,4,4
38717,79,78,1,1
38718,86,83,3,3
38719,91,85,6,6
38720,51,52,-1,1
38721,110,117,-7,7
38722,106,111,-5,5
38723,50,55,-5,5
38724,76,71,5,5
38725,126,124,2,2
38726,73,71,2,2
38727,80,84,-4,4
38728,90,83,7,7
38729,94,82,12,12
38730,99,98,1,1
38731,140,129,11,11
38732,92,91,1,1
38733,96,99,-3,3
38734,107,110,-3,3
38735,120,110,10,10
38736,141,143,-2,2
38737,58,62,-4,4
38738,99,99,0,0
38739,75,73,2,2
38740,118,108,10,10
38741,93,94,-1,1
38742,104,94,10,10
38743,81,84,-3,3
38744,107,105,2,2
38745,91,111,-20,20
38746,87,89,-2,2
38747,53,56,-3,3
38748,147,145,2,2
38749,108,98,10,10
38750,76,73,3,3
38751,59,58,1,1
38752,85,94,-9,9
38753,82,87,-5,5
38754,57,62,-5,5
38755,37,46,-9,9
38756,129,132,-3,3
38757,57,54,3,3
38758,67,70,-3,3
38759,76,76,0,0
38760,85,81,4,4
38761,130,123,7,7
38762,106,106,0,0
38763,104,117,-13,13
38764,88,89,-1,1
38765,65,75,-10,10
38766,75,75,0,0
38767,145,138,7,7
38768,149,146,3,3
38769,44,48,-4,4
38770,69,64,5,5
38771,93,94,-1,1
38772,78,76,2,2
38773,63,66,-3,3
38774,78,84,-6,6
38775,85,83,2,2
38776,55,54,1,1
38777,73,92,-19,19
38778,107,108,-1,1
38779,131,128,3,3
38780,87,86,1,1
38781,40,50,-10,10
38782,139,121,18,18
38783,85,93,-8,8
38784,163,173,-10,10
38785,64,71,-7,7
38786,193,190,3,3
38787,86,97,-11,11
38788,98,100,-2,2
38789,51,61,-10,10
38790,128,128,0,0
38791,141,129,12,12
38792,84,80,4,4
38793,142,142,0,0
38794,59,63,-4,4
38795,108,100,8,8
38796,39,44,-5,5
38797,156,155,1,1
38798,107,117,-10,10
38799,99,108,-9,9
38800,166,161,5,5
38801,85,82,3,3
38802,84,86,-2,2
38803,98,98,0,0
38804,76,71,5,5
38805,138,130,8,8
38806,93,89,4,4
38807,182,163,19,19
38808,149,134,15,15
38809,132,119,13,13
38810,127,120,7,7
38811,70,72,-2,2
38812,57,57,0,0
38813,176,192,-16,16
38814,68,70,-2,2
38815,46,47,-1,1
38816,66,65,1,1
38817,113,121,-8,8
38818,135,138,-3,3
38819,48,49,-1,1
38820,135,134,1,1
38821,70,72,-2,2
38822,91,94,-3,3
38823,125,120,5,5
38824,109,96,13,13
38825,53,55,-2,2
38826,91,87,4,4
38827,70,71,-1,1
38828,65,71,-6,6
38829,125,117,8,8
38830,72,74,-2,2
38831,103,105,-2,2
38832,103,81,22,22
38833,101,80,21,21
38834,117,127,-10,10
38835,63,58,5,5
38836,164,167,-3,3
38837,57,65,-8,8
38838,120,125,-5,5
38839,133,130,3,3
38840,83,88,-5,5
38841,64,66,-2,2
38842,102,98,4,4
38843,70,66,4,4
38844,124,136,-12,12
38845,106,98,8,8
38846,156,152,4,4
38847,67,70,-3,3
38848,147,151,-4,4
38849,113,119,-6,6
38850,121,122,-1,1
38851,97,95,2,2
38852,59,67,-8,8
38853,50,62,-12,12
38854,118,107,11,11
38855,56,58,-2,2
38856,87,80,7,7
38857,89,99,-10,10
38858,65,72,-7,7
38859,62,64,-2,2
38860,138,142,-4,4
38861,149,149,0,0
38862,69,63,6,6
38863,76,87,-11,11
38864,65,74,-9,9
38865,70,66,4,4
38866,133,140,-7,7
38867,77,77,0,0
38868,93,98,-5,5
38869,105,131,-26,26
38870,67,74,-7,7
38871,84,82,2,2
38872,83,93,-10,10
38873,46,45,1,1
38874,102,98,4,4
38875,80,73,7,7
38876,106,108,-2,2
38877,91,98,-7,7
38878,70,60,10,10
38879,213,204,9,9
38880,84,86,-2,2
38881,124,108,16,16
38882,113,113,0,0
38883,89,96,-7,7
38884,112,111,1,1
38885,78,74,4,4
38886,60,59,1,1
38887,119,110,9,9
38888,58,60,-2,2
38889,109,98,11,11
38890,113,137,-24,24
38891,101,89,12,12
38892,61,57,4,4
38893,76,80,-4,4
38894,84,80,4,4
38895,86,95,-9,9
38896,108,101,7,7
38897,102,93,9,9
38898,151,152,-1,1
38899,66,68,-2,2
38900,71,65,6,6
38901,66,73,-7,7
38902,131,133,-2,2
38903,49,50,-1,1
38904,99,104,-5,5
38905,69,79,-10,10
38906,72,64,8,8
38907,179,163,16,16
38908,152,149,3,3
38909,70,72,-2,2
38910,63,67,-4,4
38911,104,110,-6,6
38912,22,37,-15,15
38913,105,101,4,4
38914,174,175,-1,1
38915,123,124,-1,1
38916,34,42,-8,8
38917,76,81,-5,5
38918,114,110,4,4
38919,84,102,-18,18
38920,114,101,13,13
38921,236,216,20,20
38922,86,93,-7,7
38923,91,83,8,8
38924,109,111,-2,2
38925,99,89,10,10
38926,79,67,12,12
38927,51,57,-6,6
38928,201,191,10,10
38929,60,62,-2,2
38930,89,93,-4,4
38931,84,85,-1,1
38932,40,44,-4,4
38933,68,65,3,3
38934,58,58,0,0
38935,73,71,2,2
38936,121,127,-6,6
38937,55,52,3,3
38938,91,94,-3,3
38939,57,62,-5,5
38940,68,60,8,8
38941,93,77,16,16
38942,59,61,-2,2
38943,76,71,5,5
38944,99,106,-7,7
38945,85,106,-21,21
38946,113,103,10,10
38947,107,94,13,13
38948,184,176,8,8
38949,80,80,0,0
38950,99,99,0,0
38951,180,169,11,11
38952,94,106,-12,12
38953,37,44,-7,7
38954,59,68,-9,9
38955,65,62,3,3
38956,93,95,-2,2
38957,88,96,-8,8
38958,92,94,-2,2
38959,128,117,11,11
38960,111,117,-6,6
38961,128,173,-45,45
38962,48,50,-2,2
38963,116,126,-10,10
38964,54,50,4,4
38965,57,67,-10,10
38966,61,66,-5,5
38967,79,80,-1,1
38968,61,58,3,3
38969,122,120,2,2
38970,89,87,2,2
38971,121,117,4,4
38972,119,119,0,0
38973,108,121,-13,13
38974,100,104,-4,4
38975,58,57,1,1
38976,106,96,10,10
38977,88,92,-4,4
38978,103,92,11,11
38979,31,43,-12,12
38980,34,56,-22,22
38981,87,87,0,0
38982,111,114,-3,3
38983,101,103,-2,2
38984,41,44,-3,3
38985,60,63,-3,3
38986,115,118,-3,3
38987,136,140,-4,4
38988,74,71,3,3
38989,84,77,7,7
38990,110,108,2,2
38991,73,76,-3,3
38992,126,128,-2,2
38993,77,73,4,4
38994,129,127,2,2
38995,123,132,-9,9
38996,99,91,8,8
38997,88,63,25,25
38998,61,72,-11,11
38999,74,75,-1,1
39000,107,104,3,3
39001,122,118,4,4
39002,60,63,-3,3
39003,188,191,-3,3
39004,84,78,6,6
39005,146,150,-4,4
39006,154,156,-2,2
39007,114,121,-7,7
39008,117,112,5,5
39009,163,168,-5,5
39010,74,75,-1,1
39011,113,109,4,4
39012,68,72,-4,4
39013,137,134,3,3
39014,86,89,-3,3
39015,136,139,-3,3
39016,77,74,3,3
39017,156,151,5,5
39018,146,140,6,6
39019,62,59,3,3
39020,66,74,-8,8
39021,121,123,-2,2
39022,161,151,10,10
39023,102,115,-13,13
39024,67,58,9,9
39025,129,133,-4,4
39026,120,131,-11,11
39027,174,177,-3,3
39028,179,176,3,3
39029,92,87,5,5
39030,112,116,-4,4
39031,110,102,8,8
39032,97,98,-1,1
39033,68,62,6,6
39034,117,122,-5,5
39035,155,143,12,12
39036,60,61,-1,1
39037,167,152,15,15
39038,115,112,3,3
39039,134,136,-2,2
39040,48,53,-5,5
39041,89,81,8,8
39042,42,56,-14,14
39043,31,44,-13,13
39044,105,100,5,5
39045,138,132,6,6
39046,97,87,10,10
39047,83,84,-1,1
39048,54,55,-1,1
39049,65,64,1,1
39050,94,100,-6,6
39051,86,85,1,1
39052,88,96,-8,8
39053,63,60,3,3
39054,144,143,1,1
39055,62,63,-1,1
39056,63,78,-15,15
39057,98,96,2,2
39058,60,58,2,2
39059,49,53,-4,4
39060,96,88,8,8
39061,71,78,-7,7
39062,120,115,5,5
39063,150,134,16,16
39064,80,78,2,2
39065,58,62,-4,4
39066,64,73,-9,9
39067,140,139,1,1
39068,124,127,-3,3
39069,97,90,7,7
39070,161,141,20,20
39071,50,63,-13,13
39072,101,112,-11,11
39073,44,52,-8,8
39074,99,102,-3,3
39075,171,156,15,15
39076,43,48,-5,5
39077,93,106,-13,13
39078,139,137,2,2
39079,120,117,3,3
39080,98,107,-9,9
39081,101,106,-5,5
39082,80,74,6,6
39083,63,59,4,4
39084,149,151,-2,2
39085,132,126,6,6
39086,71,73,-2,2
39087,92,105,-13,13
39088,61,74,-13,13
39089,110,112,-2,2
39090,67,67,0,0
39091,38,66,-28,28
39092,89,109,-20,20
39093,86,87,-1,1
39094,157,171,-14,14
39095,63,71,-8,8
39096,56,61,-5,5
39097,96,105,-9,9
39098,58,63,-5,5
39099,164,165,-1,1
39100,107,106,1,1
39101,131,120,11,11
39102,119,115,4,4
39103,103,104,-1,1
39104,58,60,-2,2
39105,158,145,13,13
39106,148,136,12,12
39107,107,112,-5,5
39108,108,95,13,13
39109,85,74,11,11
39110,76,82,-6,6
39111,72,66,6,6
39112,133,135,-2,2
39113,71,72,-1,1
39114,90,80,10,10
39115,105,107,-2,2
39116,107,111,-4,4
39117,84,80,4,4
39118,67,73,-6,6
39119,154,149,5,5
39120,63,76,-13,13
39121,182,167,15,15
39122,130,124,6,6
39123,126,130,-4,4
39124,135,132,3,3
39125,86,86,0,0
39126,90,97,-7,7
39127,69,65,4,4
39128,99,106,-7,7
39129,81,90,-9,9
39130,92,94,-2,2
39131,83,83,0,0
39132,76,72,4,4
39133,79,71,8,8
39134,59,63,-4,4
39135,100,100,0,0
39136,60,67,-7,7
39137,76,80,-4,4
39138,110,98,12,12
39139,112,110,2,2
39140,93,95,-2,2
39141,101,102,-1,1
39142,107,112,-5,5
39143,180,174,6,6
39144,109,109,0,0
39145,85,77,8,8
39146,123,118,5,5
39147,90,93,-3,3
39148,118,119,-1,1
39149,108,103,5,5
39150,95,91,4,4
39151,119,118,1,1
39152,115,96,19,19
39153,145,136,9,9
39154,46,57,-11,11
39155,59,63,-4,4
39156,127,137,-10,10
39157,114,117,-3,3
39158,101,103,-2,2
39159,134,134,0,0
39160,99,99,0,0
39161,143,142,1,1
39162,136,130,6,6
39163,152,150,2,2
39164,103,102,1,1
39165,79,76,3,3
39166,83,79,4,4
39167,125,113,12,12
39168,74,93,-19,19
39169,44,49,-5,5
39170,100,107,-7,7
39171,111,111,0,0
39172,65,63,2,2
39173,102,98,4,4
39174,109,107,2,2
39175,80,72,8,8
39176,117,118,-1,1
39177,121,115,6,6
39178,154,150,4,4
39179,55,57,-2,2
39180,90,91,-1,1
39181,137,116,21,21
39182,53,54,-1,1
39183,137,141,-4,4
39184,64,64,0,0
39185,133,124,9,9
39186,38,34,4,4
39187,105,89,16,16
39188,45,48,-3,3
39189,133,124,9,9
39190,121,122,-1,1
39191,138,129,9,9
39192,84,74,10,10
39193,79,78,1,1
39194,48,54,-6,6
39195,51,60,-9,9
39196,90,91,-1,1
39197,79,75,4,4
39198,73,71,2,2
39199,82,73,9,9
39200,90,95,-5,5
39201,98,75,23,23
39202,56,60,-4,4
39203,100,95,5,5
39204,55,65,-10,10
39205,116,126,-10,10
39206,61,60,1,1
39207,77,74,3,3
39208,131,129,2,2
39209,115,125,-10,10
39210,94,86,8,8
39211,80,76,4,4
39212,57,59,-2,2
39213,112,109,3,3
39214,98,97,1,1
39215,136,145,-9,9
39216,125,114,11,11
39217,90,98,-8,8
39218,81,84,-3,3
39219,123,125,-2,2
39220,114,123,-9,9
39221,35,55,-20,20
39222,55,56,-1,1
39223,110,105,5,5
39224,52,55,-3,3
39225,191,179,12,12
39226,48,60,-12,12
39227,70,62,8,8
39228,116,119,-3,3
39229,114,118,-4,4
39230,71,72,-1,1
39231,130,118,12,12
39232,92,93,-1,1
39233,111,118,-7,7
39234,150,153,-3,3
39235,112,133,-21,21
39236,85,85,0,0
39237,75,74,1,1
39238,64,66,-2,2
39239,65,64,1,1
39240,164,161,3,3
39241,63,52,11,11
39242,105,104,1,1
39243,96,95,1,1
39244,102,90,12,12
39245,84,76,8,8
39246,72,82,-10,10
39247,118,124,-6,6
39248,110,110,0,0
39249,81,83,-2,2
39250,109,115,-6,6
39251,76,66,10,10
39252,64,61,3,3
39253,133,122,11,11
39254,143,129,14,14
39255,72,73,-1,1
39256,74,81,-7,7
39257,41,45,-4,4
39258,65,65,0,0
39259,73,65,8,8
39260,63,72,-9,9
39261,175,168,7,7
39262,85,100,-15,15
39263,82,81,1,1
39264,48,50,-2,2
39265,97,91,6,6
39266,86,89,-3,3
39267,66,66,0,0
39268,80,77,3,3
39269,84,87,-3,3
39270,90,89,1,1
39271,76,85,-9,9
39272,90,92,-2,2
39273,128,135,-7,7
39274,76,85,-9,9
39275,84,83,1,1
39276,116,121,-5,5
39277,72,80,-8,8
39278,88,82,6,6
39279,58,56,2,2
39280,80,76,4,4
39281,122,115,7,7
39282,84,91,-7,7
39283,62,64,-2,2
39284,78,75,3,3
39285,113,118,-5,5
39286,152,148,4,4
39287,68,68,0,0
39288,72,67,5,5
39289,104,107,-3,3
39290,100,100,0,0
39291,92,86,6,6
39292,95,86,9,9
39293,66,62,4,4
39294,78,84,-6,6
39295,117,105,12,12
39296,109,90,19,19
39297,157,143,14,14
39298,100,86,14,14
39299,101,96,5,5
39300,68,62,6,6
39301,137,123,14,14
39302,144,152,-8,8
39303,152,154,-2,2
39304,121,111,10,10
39305,83,83,0,0
39306,86,101,-15,15
39307,72,63,9,9
39308,82,97,-15,15
39309,115,110,5,5
39310,44,44,0,0
39311,130,140,-10,10
39312,84,83,1,1
39313,104,104,0,0
39314,70,61,9,9
39315,152,133,19,19
39316,66,71,-5,5
39317,137,118,19,19
39318,86,85,1,1
39319,130,121,9,9
39320,105,101,4,4
39321,79,83,-4,4
39322,79,74,5,5
39323,68,65,3,3
39324,86,81,5,5
39325,90,97,-7,7
39326,174,160,14,14
39327,41,47,-6,6
39328,109,98,11,11
39329,98,92,6,6
39330,79,85,-6,6
39331,107,117,-10,10
39332,138,142,-4,4
39333,49,41,8,8
39334,68,74,-6,6
39335,465,368,97,97
39336,102,90,12,12
39337,108,112,-4,4
39338,98,105,-7,7
39339,70,61,9,9
39340,90,89,1,1
39341,103,102,1,1
39342,84,73,11,11
39343,128,140,-12,12
39344,205,197,8,8
39345,149,140,9,9
39346,51,52,-1,1
39347,64,64,0,0
39348,155,147,8,8
39349,61,64,-3,3
39350,91,89,2,2
39351,69,74,-5,5
39352,51,63,-12,12
39353,59,60,-1,1
39354,110,99,11,11
39355,145,131,14,14
39356,86,98,-12,12
39357,192,196,-4,4
39358,80,70,10,10
39359,62,63,-1,1
39360,116,120,-4,4
39361,94,104,-10,10
39362,60,61,-1,1
39363,128,146,-18,18
39364,129,128,1,1
39365,111,114,-3,3
39366,137,138,-1,1
39367,164,153,11,11
39368,119,117,2,2
39369,90,91,-1,1
39370,114,130,-16,16
39371,26,24,2,2
39372,107,111,-4,4
39373,68,71,-3,3
39374,118,122,-4,4
39375,124,120,4,4
39376,170,163,7,7
39377,61,65,-4,4
39378,136,137,-1,1
39379,196,159,37,37
39380,87,77,10,10
39381,95,109,-14,14
39382,108,117,-9,9
39383,151,148,3,3
39384,67,71,-4,4
39385,149,146,3,3
39386,113,108,5,5
39387,50,58,-8,8
39388,79,85,-6,6
39389,103,100,3,3
39390,80,74,6,6
39391,172,179,-7,7
39392,105,114,-9,9
39393,82,83,-1,1
39394,47,50,-3,3
39395,54,48,6,6
39396,80,74,6,6
39397,64,59,5,5
39398,150,141,9,9
39399,134,132,2,2
39400,61,71,-10,10
39401,108,105,3,3
39402,116,121,-5,5
39403,101,120,-19,19
39404,81,80,1,1
39405,90,96,-6,6
39406,71,77,-6,6
39407,119,120,-1,1
39408,133,137,-4,4
39409,125,138,-13,13
39410,70,65,5,5
39411,182,174,8,8
39412,114,122,-8,8
39413,136,149,-13,13
39414,76,78,-2,2
39415,114,106,8,8
39416,46,50,-4,4
39417,97,114,-17,17
39418,70,74,-4,4
39419,63,56,7,7
39420,100,95,5,5
39421,114,110,4,4
39422,52,52,0,0
39423,130,135,-5,5
39424,108,98,10,10
39425,133,123,10,10
39426,26,45,-19,19
39427,75,77,-2,2
39428,112,126,-14,14
39429,73,66,7,7
39430,44,53,-9,9
39431,75,75,0,0
39432,93,93,0,0
39433,60,72,-12,12
39434,83,84,-1,1
39435,140,134,6,6
39436,100,105,-5,5
39437,107,101,6,6
39438,95,81,14,14
39439,111,99,12,12
39440,112,108,4,4
39441,67,72,-5,5
39442,52,54,-2,2
39443,113,103,10,10
39444,77,78,-1,1
39445,135,135,0,0
39446,61,61,0,0
39447,58,71,-13,13
39448,60,61,-1,1
39449,100,100,0,0
39450,49,57,-8,8
39451,71,68,3,3
39452,104,108,-4,4
39453,49,55,-6,6
39454,141,139,2,2
39455,113,115,-2,2
39456,74,67,7,7
39457,135,137,-2,2
39458,61,66,-5,5
39459,115,121,-6,6
39460,89,98,-9,9
39461,76,72,4,4
39462,111,121,-10,10
39463,61,68,-7,7
39464,54,52,2,2
39465,95,104,-9,9
39466,125,130,-5,5
39467,168,171,-3,3
39468,71,66,5,5
39469,80,76,4,4
39470,224,235,-11,11
39471,87,92,-5,5
39472,65,66,-1,1
39473,130,143,-13,13
39474,111,116,-5,5
39475,76,71,5,5
39476,111,112,-1,1
39477,88,96,-8,8
39478,97,99,-2,2
39479,118,120,-2,2
39480,93,80,13,13
39481,131,126,5,5
39482,82,84,-2,2
39483,153,143,10,10
39484,76,80,-4,4
39485,105,115,-10,10
39486,38,38,0,0
39487,56,63,-7,7
39488,75,73,2,2
39489,40,41,-1,1
39490,139,145,-6,6
39491,78,94,-16,16
39492,72,73,-1,1
39493,123,134,-11,11
39494,71,67,4,4
39495,144,141,3,3
39496,51,54,-3,3
39497,63,62,1,1
39498,51,58,-7,7
39499,98,96,2,2
39500,83,80,3,3
39501,75,87,-12,12
39502,108,110,-2,2
39503,100,97,3,3
39504,61,57,4,4
39505,76,75,1,1
39506,156,221,-65,65
39507,69,68,1,1
39508,219,209,10,10
39509,112,113,-1,1
39510,86,90,-4,4
39511,53,54,-1,1
39512,108,106,2,2
39513,82,82,0,0
39514,89,80,9,9
39515,125,122,3,3
39516,96,115,-19,19
39517,113,113,0,0
39518,61,68,-7,7
39519,39,45,-6,6
39520,65,79,-14,14
39521,101,99,2,2
39522,188,170,18,18
39523,73,71,2,2
39524,51,62,-11,11
39525,126,128,-2,2
39526,95,121,-26,26
39527,85,109,-24,24
39528,112,112,0,0
39529,117,121,-4,4
39530,109,92,17,17
39531,47,54,-7,7
39532,63,73,-10,10
39533,92,96,-4,4
39534,78,79,-1,1
39535,100,96,4,4
39536,137,127,10,10
39537,163,161,2,2
39538,74,79,-5,5
39539,64,75,-11,11
39540,87,74,13,13
39541,87,89,-2,2
39542,120,128,-8,8
39543,129,124,5,5
39544,137,138,-1,1
39545,65,64,1,1
39546,67,71,-4,4
39547,83,82,1,1
39548,91,90,1,1
39549,88,84,4,4
39550,47,51,-4,4
39551,119,122,-3,3
39552,76,77,-1,1
39553,96,91,5,5
39554,69,79,-10,10
39555,91,94,-3,3
39556,95,97,-2,2
39557,89,101,-12,12
39558,89,83,6,6
39559,106,108,-2,2
39560,86,71,15,15
39561,119,110,9,9
39562,76,83,-7,7
39563,95,87,8,8
39564,93,89,4,4
39565,93,79,14,14
39566,87,89,-2,2
39567,142,151,-9,9
39568,81,86,-5,5
39569,54,51,3,3
39570,131,123,8,8
39571,53,54,-1,1
39572,132,137,-5,5
39573,83,85,-2,2
39574,77,71,6,6
39575,86,90,-4,4
39576,135,130,5,5
39577,114,110,4,4
39578,75,87,-12,12
39579,62,75,-13,13
39580,96,92,4,4
39581,88,82,6,6
39582,58,58,0,0
39583,55,57,-2,2
39584,70,70,0,0
39585,162,155,7,7
39586,98,90,8,8
39587,73,67,6,6
39588,52,58,-6,6
39589,86,83,3,3
39590,133,124,9,9
39591,102,107,-5,5
39592,137,135,2,2
39593,58,56,2,2
39594,94,76,18,18
39595,158,149,9,9
39596,88,90,-2,2
39597,81,89,-8,8
39598,88,78,10,10
39599,170,180,-10,10
39600,132,130,2,2
39601,160,165,-5,5
39602,69,70,-1,1
39603,78,77,1,1
39604,47,64,-17,17
39605,122,124,-2,2
39606,46,47,-1,1
39607,81,84,-3,3
39608,173,183,-10,10
39609,36,111,-75,75
39610,84,75,9,9
39611,118,110,8,8
39612,113,103,10,10
39613,162,160,2,2
39614,98,109,-11,11
39615,96,94,2,2
39616,71,74,-3,3
39617,68,66,2,2
39618,85,82,3,3
39619,34,64,-30,30
39620,69,74,-5,5
39621,69,74,-5,5
39622,128,125,3,3
39623,99,103,-4,4
39624,121,124,-3,3
39625,179,170,9,9
39626,92,98,-6,6
39627,171,180,-9,9
39628,94,98,-4,4
39629,112,116,-4,4
39630,79,76,3,3
39631,57,65,-8,8
39632,72,81,-9,9
39633,161,144,17,17
39634,132,131,1,1
39635,126,118,8,8
39636,78,83,-5,5
39637,72,66,6,6
39638,88,93,-5,5
39639,93,93,0,0
39640,56,59,-3,3
39641,179,169,10,10
39642,99,96,3,3
39643,143,131,12,12
39644,25,37,-12,12
39645,85,79,6,6
39646,50,53,-3,3
39647,110,106,4,4
39648,133,128,5,5
39649,103,96,7,7
39650,149,150,-1,1
39651,146,151,-5,5
39652,65,72,-7,7
39653,117,135,-18,18
39654,53,53,0,0
39655,155,141,14,14
39656,127,130,-3,3
39657,87,89,-2,2
39658,167,158,9,9
39659,74,71,3,3
39660,65,66,-1,1
39661,50,50,0,0
39662,109,110,-1,1
39663,65,70,-5,5
39664,98,94,4,4
39665,128,127,1,1
39666,132,136,-4,4
39667,174,179,-5,5
39668,81,81,0,0
39669,69,73,-4,4
39670,77,71,6,6
39671,69,65,4,4
39672,68,72,-4,4
39673,132,138,-6,6
39674,152,167,-15,15
39675,87,88,-1,1
39676,30,37,-7,7
39677,98,87,11,11
39678,99,92,7,7
39679,116,120,-4,4
39680,100,102,-2,2
39681,137,133,4,4
39682,63,64,-1,1
39683,82,87,-5,5
39684,99,115,-16,16
39685,58,62,-4,4
39686,68,66,2,2
39687,121,115,6,6
39688,91,77,14,14
39689,61,79,-18,18
39690,46,50,-4,4
39691,107,117,-10,10
39692,80,79,1,1
39693,78,80,-2,2
39694,83,79,4,4
39695,139,137,2,2
39696,113,118,-5,5
39697,109,114,-5,5
39698,168,166,2,2
39699,148,141,7,7
39700,90,83,7,7
39701,49,55,-6,6
39702,91,102,-11,11
39703,48,49,-1,1
39704,99,103,-4,4
39705,125,133,-8,8
39706,77,95,-18,18
39707,89,87,2,2
39708,85,78,7,7
39709,85,82,3,3
39710,60,62,-2,2
39711,100,97,3,3
39712,61,64,-3,3
39713,87,88,-1,1
39714,79,82,-3,3
39715,48,47,1,1
39716,90,99,-9,9
39717,85,82,3,3
39718,77,74,3,3
39719,56,61,-5,5
39720,55,57,-2,2
39721,148,146,2,2
39722,108,102,6,6
39723,69,65,4,4
39724,151,144,7,7
39725,98,86,12,12
39726,87,91,-4,4
39727,76,74,2,2
39728,84,83,1,1
39729,39,44,-5,5
39730,105,105,0,0
39731,68,96,-28,28
39732,58,71,-13,13
39733,81,77,4,4
39734,108,112,-4,4
39735,98,101,-3,3
39736,148,150,-2,2
39737,71,72,-1,1
39738,108,102,6,6
39739,68,76,-8,8
39740,82,84,-2,2
39741,159,147,12,12
39742,109,98,11,11
39743,113,108,5,5
39744,106,103,3,3
39745,124,113,11,11
39746,74,75,-1,1
39747,23,29,-6,6
39748,94,88,6,6
39749,69,72,-3,3
39750,63,72,-9,9
39751,49,55,-6,6
39752,83,79,4,4
39753,65,63,2,2
39754,122,97,25,25
39755,110,112,-2,2
39756,145,145,0,0
39757,128,115,13,13
39758,61,56,5,5
39759,135,126,9,9
39760,62,52,10,10
39761,143,125,18,18
39762,59,62,-3,3
39763,133,132,1,1
39764,84,93,-9,9
39765,127,126,1,1
39766,75,73,2,2
39767,128,128,0,0
39768,85,90,-5,5
39769,127,118,9,9
39770,66,74,-8,8
39771,45,43,2,2
39772,89,88,1,1
39773,82,80,2,2
39774,98,91,7,7
39775,51,61,-10,10
39776,112,116,-4,4
39777,70,72,-2,2
39778,75,59,16,16
39779,97,98,-1,1
39780,59,74,-15,15
39781,51,47,4,4
39782,53,53,0,0
39783,56,68,-12,12
39784,67,62,5,5
39785,66,73,-7,7
39786,89,87,2,2
39787,94,83,11,11
39788,77,83,-6,6
39789,41,46,-5,5
39790,85,85,0,0
39791,72,70,2,2
39792,108,114,-6,6
39793,105,107,-2,2
39794,67,67,0,0
39795,97,95,2,2
39796,76,76,0,0
39797,133,150,-17,17
39798,93,93,0,0
39799,40,47,-7,7
39800,66,62,4,4
39801,43,46,-3,3
39802,145,139,6,6
39803,135,119,16,16
39804,64,68,-4,4
39805,76,91,-15,15
39806,55,57,-2,2
39807,78,74,4,4
39808,103,102,1,1
39809,141,145,-4,4
39810,152,154,-2,2
39811,110,121,-11,11
39812,122,119,3,3
39813,78,80,-2,2
39814,82,80,2,2
39815,104,95,9,9
39816,112,111,1,1
39817,69,66,3,3
39818,48,51,-3,3
39819,60,65,-5,5
39820,54,52,2,2
39821,128,122,6,6
39822,61,58,3,3
39823,108,125,-17,17
39824,86,87,-1,1
39825,74,83,-9,9
39826,168,160,8,8
39827,76,73,3,3
39828,80,80,0,0
39829,96,90,6,6
39830,74,72,2,2
39831,59,57,2,2
39832,143,144,-1,1
39833,68,59,9,9
39834,76,76,0,0
39835,97,104,-7,7
39836,66,71,-5,5
39837,94,92,2,2
39838,159,159,0,0
39839,76,66,10,10
39840,121,128,-7,7
39841,123,127,-4,4
39842,80,81,-1,1
39843,77,77,0,0
39844,52,58,-6,6
39845,115,123,-8,8
39846,180,159,21,21
39847,70,72,-2,2
39848,79,86,-7,7
39849,112,100,12,12
39850,89,94,-5,5
39851,83,83,0,0
39852,108,117,-9,9
39853,67,71,-4,4
39854,86,84,2,2
39855,82,89,-7,7
39856,156,157,-1,1
39857,141,133,8,8
39858,154,151,3,3
39859,63,64,-1,1
39860,52,52,0,0
39861,122,114,8,8
39862,69,81,-12,12
39863,93,89,4,4
39864,106,114,-8,8
39865,76,87,-11,11
39866,97,89,8,8
39867,96,95,1,1
39868,116,118,-2,2
39869,98,101,-3,3
39870,89,84,5,5
39871,137,141,-4,4
39872,88,75,13,13
39873,115,117,-2,2
39874,135,132,3,3
39875,99,104,-5,5
39876,68,74,-6,6
39877,98,98,0,0
39878,119,115,4,4
39879,77,75,2,2
39880,74,83,-9,9
39881,115,113,2,2
39882,67,71,-4,4
39883,79,86,-7,7
39884,107,114,-7,7
39885,83,85,-2,2
39886,74,82,-8,8
39887,160,161,-1,1
39888,56,58,-2,2
39889,74,77,-3,3
39890,95,99,-4,4
39891,141,154,-13,13
39892,98,98,0,0
39893,84,86,-2,2
39894,118,115,3,3
39895,58,54,4,4
39896,54,63,-9,9
39897,74,74,0,0
39898,69,72,-3,3
39899,123,110,13,13
39900,59,59,0,0
39901,50,57,-7,7
39902,56,55,1,1
39903,55,60,-5,5
39904,145,136,9,9
39905,89,85,4,4
39906,74,62,12,12
39907,67,71,-4,4
39908,100,107,-7,7
39909,99,100,-1,1
39910,64,66,-2,2
39911,49,60,-11,11
39912,144,146,-2,2
39913,65,65,0,0
39914,57,58,-1,1
39915,74,77,-3,3
39916,82,85,-3,3
39917,80,75,5,5
39918,167,191,-24,24
39919,55,49,6,6
39920,98,102,-4,4
39921,69,70,-1,1
39922,60,60,0,0
39923,149,147,2,2
39924,170,173,-3,3
39925,56,59,-3,3
39926,120,119,1,1
39927,114,119,-5,5
39928,123,124,-1,1
39929,67,75,-8,8
39930,145,145,0,0
39931,72,72,0,0
39932,85,82,3,3
39933,117,114,3,3
39934,87,109,-22,22
39935,66,75,-9,9
39936,116,126,-10,10
39937,53,63,-10,10
39938,109,106,3,3
39939,26,35,-9,9
39940,51,54,-3,3
39941,65,59,6,6
39942,89,82,7,7
39943,110,95,15,15
39944,70,74,-4,4
39945,46,50,-4,4
39946,119,119,0,0
39947,127,124,3,3
39948,95,90,5,5
39949,68,70,-2,2
39950,73,72,1,1
39951,112,107,5,5
39952,152,163,-11,11
39953,83,83,0,0
39954,115,112,3,3
39955,131,109,22,22
39956,49,46,3,3
39957,118,103,15,15
39958,94,83,11,11
39959,120,125,-5,5
39960,64,77,-13,13
39961,145,141,4,4
39962,63,65,-2,2
39963,62,63,-1,1
39964,55,54,1,1
39965,113,123,-10,10
39966,62,63,-1,1
39967,80,76,4,4
39968,100,96,4,4
39969,72,77,-5,5
39970,75,74,1,1
39971,104,102,2,2
39972,56,51,5,5
39973,116,131,-15,15
39974,87,94,-7,7
39975,109,110,-1,1
39976,107,113,-6,6
39977,63,67,-4,4
39978,127,136,-9,9
39979,124,111,13,13
39980,67,65,2,2
39981,229,188,41,41
39982,144,127,17,17
39983,110,115,-5,5
39984,70,64,6,6
39985,102,99,3,3
39986,153,135,18,18
39987,82,84,-2,2
39988,50,53,-3,3
39989,54,59,-5,5
39990,97,95,2,2
39991,75,82,-7,7
39992,83,79,4,4
39993,88,84,4,4
39994,129,122,7,7
39995,91,78,13,13
39996,115,103,12,12
39997,96,97,-1,1
39998,177,179,-2,2
39999,109,112,-3,3
40000,91,91,0,0
40001,102,99,3,3
40002,75,71,4,4
40003,67,71,-4,4
40004,85,85,0,0
40005,133,128,5,5
40006,122,120,2,2
40007,99,98,1,1
40008,72,77,-5,5
40009,80,85,-5,5
40010,61,62,-1,1
40011,118,111,7,7
40012,112,113,-1,1
40013,69,76,-7,7
40014,156,153,3,3
40015,140,138,2,2
40016,55,57,-2,2
40017,85,92,-7,7
40018,104,97,7,7
40019,113,106,7,7
40020,61,67,-6,6
40021,110,119,-9,9
40022,142,130,12,12
40023,93,92,1,1
40024,49,55,-6,6
40025,139,139,0,0
40026,42,47,-5,5
40027,80,75,5,5
40028,138,134,4,4
40029,148,148,0,0
40030,28,45,-17,17
40031,54,60,-6,6
40032,85,76,9,9
40033,84,83,1,1
40034,161,151,10,10
40035,80,77,3,3
40036,108,123,-15,15
40037,91,93,-2,2
40038,92,85,7,7
40039,92,99,-7,7
40040,91,84,7,7
40041,146,136,10,10
40042,59,71,-12,12
40043,109,101,8,8
40044,67,71,-4,4
40045,89,93,-4,4
40046,156,147,9,9
40047,106,102,4,4
40048,71,74,-3,3
40049,161,156,5,5
40050,97,97,0,0
40051,95,92,3,3
40052,128,133,-5,5
40053,79,92,-13,13
40054,127,140,-13,13
40055,88,93,-5,5
40056,63,62,1,1
40057,47,49,-2,2
40058,67,78,-11,11
40059,44,41,3,3
40060,70,64,6,6
40061,59,55,4,4
40062,115,118,-3,3
40063,123,132,-9,9
40064,49,49,0,0
40065,81,79,2,2
40066,55,58,-3,3
40067,105,98,7,7
40068,120,125,-5,5
40069,95,102,-7,7
40070,73,78,-5,5
40071,76,80,-4,4
40072,95,92,3,3
40073,35,42,-7,7
40074,85,79,6,6
40075,65,79,-14,14
40076,125,128,-3,3
40077,62,63,-1,1
40078,95,96,-1,1
40079,139,135,4,4
40080,77,80,-3,3
40081,65,65,0,0
40082,53,58,-5,5
40083,83,74,9,9
40084,62,52,10,10
40085,74,71,3,3
40086,32,38,-6,6
40087,67,65,2,2
40088,134,123,11,11
40089,78,86,-8,8
40090,88,88,0,0
40091,81,85,-4,4
40092,60,65,-5,5
40093,117,106,11,11
40094,61,65,-4,4
40095,147,147,0,0
40096,217,201,16,16
40097,84,85,-1,1
40098,67,63,4,4
40099,158,178,-20,20
40100,51,61,-10,10
40101,91,95,-4,4
40102,72,67,5,5
40103,121,127,-6,6
40104,76,71,5,5
40105,117,114,3,3
40106,63,61,2,2
40107,82,89,-7,7
40108,87,98,-11,11
40109,77,75,2,2
40110,67,74,-7,7
40111,129,109,20,20
40112,56,57,-1,1
40113,60,66,-6,6
40114,130,120,10,10
40115,106,118,-12,12
40116,73,66,7,7
40117,89,86,3,3
40118,85,93,-8,8
40119,71,65,6,6
40120,206,213,-7,7
40121,142,153,-11,11
40122,106,111,-5,5
40123,98,98,0,0
40124,60,72,-12,12
40125,113,118,-5,5
40126,57,61,-4,4
40127,73,66,7,7
40128,186,160,26,26
40129,87,95,-8,8
40130,122,119,3,3
40131,80,90,-10,10
40132,130,123,7,7
40133,106,104,2,2
40134,175,199,-24,24
40135,135,135,0,0
40136,115,115,0,0
40137,80,78,2,2
40138,125,114,11,11
40139,85,94,-9,9
40140,85,79,6,6
40141,143,138,5,5
40142,92,89,3,3
40143,74,61,13,13
40144,66,77,-11,11
40145,68,70,-2,2
40146,103,100,3,3
40147,82,81,1,1
40148,57,56,1,1
40149,102,113,-11,11
40150,117,121,-4,4
40151,79,84,-5,5
40152,179,159,20,20
40153,111,123,-12,12
40154,59,63,-4,4
40155,90,89,1,1
40156,82,108,-26,26
40157,120,120,0,0
40158,89,92,-3,3
40159,76,76,0,0
40160,74,70,4,4
40161,54,58,-4,4
40162,51,60,-9,9
40163,71,74,-3,3
40164,116,99,17,17
40165,84,78,6,6
40166,107,100,7,7
40167,83,79,4,4
40168,170,162,8,8
40169,118,121,-3,3
40170,115,110,5,5
40171,78,89,-11,11
40172,155,149,6,6
40173,143,149,-6,6
40174,80,88,-8,8
40175,64,74,-10,10
40176,97,87,10,10
40177,92,95,-3,3
40178,63,71,-8,8
40179,196,176,20,20
40180,70,79,-9,9
40181,95,97,-2,2
40182,73,77,-4,4
40183,64,75,-11,11
40184,86,97,-11,11
40185,93,101,-8,8
40186,81,79,2,2
40187,132,108,24,24
40188,89,74,15,15
40189,80,72,8,8
40190,61,62,-1,1
40191,148,153,-5,5
40192,104,100,4,4
40193,105,106,-1,1
40194,94,89,5,5
40195,72,76,-4,4
40196,71,71,0,0
40197,115,114,1,1
40198,100,97,3,3
40199,64,63,1,1
40200,88,91,-3,3
40201,175,187,-12,12
40202,153,161,-8,8
40203,58,56,2,2
40204,143,152,-9,9
40205,49,49,0,0
40206,62,59,3,3
40207,72,71,1,1
40208,112,114,-2,2
40209,90,84,6,6
40210,88,86,2,2
40211,92,87,5,5
40212,25,40,-15,15
40213,97,96,1,1
40214,133,123,10,10
40215,86,88,-2,2
40216,81,77,4,4
40217,164,155,9,9
40218,64,61,3,3
40219,79,75,4,4
40220,108,112,-4,4
40221,62,71,-9,9
40222,84,84,0,0
40223,187,191,-4,4
40224,70,80,-10,10
40225,119,113,6,6
40226,86,101,-15,15
40227,118,113,5,5
40228,79,84,-5,5
40229,77,76,1,1
40230,85,91,-6,6
40231,107,97,10,10
40232,76,77,-1,1
40233,54,47,7,7
40234,66,64,2,2
40235,64,74,-10,10
40236,56,49,7,7
40237,147,159,-12,12
40238,92,79,13,13
40239,119,113,6,6
40240,61,71,-10,10
40241,112,105,7,7
40242,116,123,-7,7
40243,68,76,-8,8
40244,153,152,1,1
40245,114,127,-13,13
40246,115,116,-1,1
40247,91,91,0,0
40248,68,71,-3,3
40249,111,107,4,4
40250,79,71,8,8
40251,57,65,-8,8
40252,114,116,-2,2
40253,66,72,-6,6
40254,96,84,12,12
40255,83,94,-11,11
40256,93,83,10,10
40257,83,77,6,6
40258,80,74,6,6
40259,82,80,2,2
40260,114,118,-4,4
40261,49,58,-9,9
40262,67,76,-9,9
40263,79,78,1,1
40264,77,75,2,2
40265,64,66,-2,2
40266,177,170,7,7
40267,71,76,-5,5
40268,99,93,6,6
40269,90,86,4,4
40270,107,107,0,0
40271,103,94,9,9
40272,144,141,3,3
40273,81,79,2,2
40274,69,72,-3,3
40275,63,81,-18,18
40276,105,108,-3,3
40277,100,92,8,8
40278,118,123,-5,5
40279,89,81,8,8
40280,90,88,2,2
40281,88,93,-5,5
40282,69,63,6,6
40283,59,56,3,3
40284,84,81,3,3
40285,143,145,-2,2
40286,112,124,-12,12
40287,143,159,-16,16
40288,78,84,-6,6
40289,38,45,-7,7
40290,107,96,11,11
40291,57,60,-3,3
40292,62,95,-33,33
40293,79,81,-2,2
40294,72,75,-3,3
40295,85,82,3,3
40296,83,86,-3,3
40297,69,71,-2,2
40298,62,61,1,1
40299,80,85,-5,5
40300,55,65,-10,10
40301,77,71,6,6
40302,77,91,-14,14
40303,81,92,-11,11
40304,88,83,5,5
40305,75,86,-11,11
40306,103,108,-5,5
40307,63,60,3,3
40308,115,102,13,13
40309,149,155,-6,6
40310,48,48,0,0
40311,67,61,6,6
40312,167,148,19,19
40313,116,118,-2,2
40314,40,49,-9,9
40315,93,97,-4,4
40316,98,92,6,6
40317,105,96,9,9
40318,150,141,9,9
40319,174,155,19,19
40320,156,144,12,12
40321,61,96,-35,35
40322,124,130,-6,6
40323,61,60,1,1
40324,58,58,0,0
40325,147,150,-3,3
40326,80,91,-11,11
40327,115,107,8,8
40328,139,140,-1,1
40329,73,73,0,0
40330,208,209,-1,1
40331,92,99,-7,7
40332,63,57,6,6
40333,126,119,7,7
40334,31,35,-4,4
40335,55,72,-17,17
40336,154,148,6,6
40337,110,113,-3,3
40338,62,60,2,2
40339,124,120,4,4
40340,81,75,6,6
40341,78,67,11,11
40342,122,135,-13,13
40343,110,124,-14,14
40344,100,88,12,12
40345,112,113,-1,1
40346,58,56,2,2
40347,92,88,4,4
40348,143,142,1,1
40349,76,75,1,1
40350,62,71,-9,9
40351,72,74,-2,2
40352,96,101,-5,5
40353,98,98,0,0
40354,209,188,21,21
40355,81,79,2,2
40356,65,72,-7,7
40357,111,103,8,8
40358,158,152,6,6
40359,106,114,-8,8
40360,124,117,7,7
40361,90,85,5,5
40362,95,93,2,2
40363,86,91,-5,5
40364,89,86,3,3
40365,59,71,-12,12
40366,132,124,8,8
40367,91,76,15,15
40368,90,82,8,8
40369,85,84,1,1
40370,77,92,-15,15
40371,68,62,6,6
40372,77,86,-9,9
40373,125,130,-5,5
40374,53,51,2,2
40375,100,109,-9,9
40376,128,131,-3,3
40377,78,72,6,6
40378,73,93,-20,20
40379,79,79,0,0
40380,89,90,-1,1
40381,101,101,0,0
40382,93,110,-17,17
40383,93,93,0,0
40384,62,63,-1,1
40385,113,116,-3,3
40386,117,116,1,1
40387,133,128,5,5
40388,107,117,-10,10
40389,64,88,-24,24
40390,48,57,-9,9
40391,103,107,-4,4
40392,91,96,-5,5
40393,121,131,-10,10
40394,109,110,-1,1
40395,92,90,2,2
40396,118,110,8,8
40397,82,88,-6,6
40398,76,70,6,6
40399,98,92,6,6
40400,118,110,8,8
40401,124,131,-7,7
40402,120,100,20,20
40403,85,90,-5,5
40404,112,112,0,0
40405,88,92,-4,4
40406,65,59,6,6
40407,48,49,-1,1
40408,66,77,-11,11
40409,106,84,22,22
40410,174,149,25,25
40411,161,155,6,6
40412,42,72,-30,30
40413,65,74,-9,9
40414,47,53,-6,6
40415,100,112,-12,12
40416,91,93,-2,2
40417,59,62,-3,3
40418,77,86,-9,9
40419,83,79,4,4
40420,91,90,1,1
40421,91,89,2,2
40422,163,162,1,1
40423,89,83,6,6
40424,144,152,-8,8
40425,107,116,-9,9
40426,75,73,2,2
40427,210,221,-11,11
40428,168,164,4,4
40429,116,119,-3,3
40430,67,78,-11,11
40431,66,70,-4,4
40432,23,38,-15,15
40433,99,97,2,2
40434,66,67,-1,1
40435,56,60,-4,4
40436,92,86,6,6
40437,132,127,5,5
40438,67,71,-4,4
40439,42,39,3,3
40440,123,125,-2,2
40441,44,48,-4,4
40442,117,116,1,1
40443,109,108,1,1
40444,106,101,5,5
40445,92,93,-1,1
40446,88,81,7,7
40447,74,76,-2,2
40448,114,128,-14,14
40449,146,132,14,14
40450,105,101,4,4
40451,91,95,-4,4
40452,124,123,1,1
40453,178,172,6,6
40454,98,95,3,3
40455,145,156,-11,11
40456,76,75,1,1
40457,100,103,-3,3
40458,128,111,17,17
40459,152,148,4,4
40460,40,45,-5,5
40461,65,71,-6,6
40462,107,112,-5,5
40463,90,87,3,3
40464,100,108,-8,8
40465,71,84,-13,13
40466,55,59,-4,4
40467,80,77,3,3
40468,131,118,13,13
40469,28,39,-11,11
40470,93,101,-8,8
40471,149,161,-12,12
40472,88,91,-3,3
40473,50,56,-6,6
40474,82,94,-12,12
40475,125,118,7,7
40476,131,118,13,13
40477,93,102,-9,9
40478,83,83,0,0
40479,149,155,-6,6
40480,74,83,-9,9
40481,124,126,-2,2
40482,174,157,17,17
40483,83,115,-32,32
40484,119,124,-5,5
40485,85,82,3,3
40486,70,64,6,6
40487,197,199,-2,2
40488,131,128,3,3
40489,130,121,9,9
40490,73,81,-8,8
40491,97,94,3,3
40492,85,99,-14,14
40493,198,180,18,18
40494,100,93,7,7
40495,81,89,-8,8
40496,71,74,-3,3
40497,97,101,-4,4
40498,77,90,-13,13
40499,88,86,2,2
40500,90,81,9,9
40501,74,73,1,1
40502,70,71,-1,1
40503,63,60,3,3
40504,149,139,10,10
40505,97,88,9,9
40506,65,71,-6,6
40507,81,81,0,0
40508,100,102,-2,2
40509,79,87,-8,8
40510,106,107,-1,1
40511,79,85,-6,6
40512,137,139,-2,2
40513,82,89,-7,7
40514,68,59,9,9
40515,100,94,6,6
40516,40,48,-8,8
40517,57,56,1,1
40518,73,79,-6,6
40519,85,87,-2,2
40520,135,130,5,5
40521,126,126,0,0
40522,158,156,2,2
40523,110,109,1,1
40524,125,133,-8,8
40525,115,111,4,4
40526,112,117,-5,5
40527,71,77,-6,6
40528,121,140,-19,19
40529,97,107,-10,10
40530,104,104,0,0
40531,97,97,0,0
40532,54,57,-3,3
40533,76,78,-2,2
40534,132,113,19,19
40535,98,103,-5,5
40536,107,106,1,1
40537,119,111,8,8
40538,125,121,4,4
40539,96,100,-4,4
40540,49,55,-6,6
40541,89,76,13,13
40542,101,94,7,7
40543,86,95,-9,9
40544,43,45,-2,2
40545,40,46,-6,6
40546,109,110,-1,1
40547,49,56,-7,7
40548,99,105,-6,6
40549,120,102,18,18
40550,70,82,-12,12
40551,177,167,10,10
40552,59,71,-12,12
40553,90,92,-2,2
40554,99,100,-1,1
40555,99,102,-3,3
40556,113,103,10,10
40557,87,79,8,8
40558,120,121,-1,1
40559,122,111,11,11
40560,156,159,-3,3
40561,90,84,6,6
40562,109,111,-2,2
40563,59,68,-9,9
40564,110,115,-5,5
40565,64,65,-1,1
40566,76,77,-1,1
40567,93,89,4,4
40568,81,86,-5,5
40569,155,149,6,6
40570,77,89,-12,12
40571,52,55,-3,3
40572,48,54,-6,6
40573,94,99,-5,5
40574,72,82,-10,10
40575,78,97,-19,19
40576,108,104,4,4
40577,74,86,-12,12
40578,67,65,2,2
40579,88,84,4,4
40580,127,128,-1,1
40581,88,105,-17,17
40582,53,73,-20,20
40583,101,103,-2,2
40584,105,101,4,4
40585,120,121,-1,1
40586,63,72,-9,9
40587,50,56,-6,6
40588,67,70,-3,3
40589,121,126,-5,5
40590,76,78,-2,2
40591,95,76,19,19
40592,97,100,-3,3
40593,63,72,-9,9
40594,135,134,1,1
40595,61,63,-2,2
40596,79,83,-4,4
40597,133,129,4,4
40598,97,105,-8,8
40599,78,66,12,12
40600,96,90,6,6
40601,47,47,0,0
40602,139,127,12,12
40603,99,95,4,4
40604,113,102,11,11
40605,94,90,4,4
40606,100,108,-8,8
40607,71,80,-9,9
40608,102,112,-10,10
40609,113,110,3,3
40610,85,87,-2,2
40611,75,64,11,11
40612,62,58,4,4
40613,111,91,20,20
40614,80,78,2,2
40615,117,118,-1,1
40616,107,107,0,0
40617,75,76,-1,1
40618,82,85,-3,3
40619,73,73,0,0
40620,110,109,1,1
40621,115,112,3,3
40622,151,150,1,1
40623,60,64,-4,4
40624,51,56,-5,5
40625,76,71,5,5
40626,115,108,7,7
40627,79,80,-1,1
40628,85,90,-5,5
40629,84,89,-5,5
40630,136,125,11,11
40631,76,80,-4,4
40632,30,44,-14,14
40633,141,138,3,3
40634,83,80,3,3
40635,81,86,-5,5
40636,79,84,-5,5
40637,113,115,-2,2
40638,88,82,6,6
40639,145,175,-30,30
40640,156,153,3,3
40641,80,91,-11,11
40642,103,101,2,2
40643,116,112,4,4
40644,76,71,5,5
40645,123,123,0,0
40646,93,92,1,1
40647,103,109,-6,6
40648,67,66,1,1
40649,102,113,-11,11
40650,92,81,11,11
40651,86,87,-1,1
40652,56,61,-5,5
40653,80,87,-7,7
40654,137,135,2,2
40655,48,54,-6,6
40656,87,75,12,12
40657,112,122,-10,10
40658,74,71,3,3
40659,87,87,0,0
40660,101,112,-11,11
40661,58,64,-6,6
40662,116,112,4,4
40663,97,91,6,6
40664,65,65,0,0
40665,98,90,8,8
40666,98,89,9,9
40667,156,149,7,7
40668,88,90,-2,2
40669,85,93,-8,8
40670,64,60,4,4
40671,72,76,-4,4
40672,107,116,-9,9
40673,87,102,-15,15
40674,115,110,5,5
40675,102,89,13,13
40676,120,111,9,9
40677,87,93,-6,6
40678,81,82,-1,1
40679,53,56,-3,3
40680,71,86,-15,15
40681,78,77,1,1
40682,104,100,4,4
40683,113,120,-7,7
40684,51,48,3,3
40685,65,74,-9,9
40686,109,133,-24,24
40687,78,84,-6,6
40688,105,94,11,11
40689,93,100,-7,7
40690,103,102,1,1
40691,113,101,12,12
40692,77,88,-11,11
40693,135,129,6,6
40694,82,72,10,10
40695,84,85,-1,1
40696,56,65,-9,9
40697,54,53,1,1
40698,146,139,7,7
40699,149,145,4,4
40700,91,83,8,8
40701,61,59,2,2
40702,117,128,-11,11
40703,46,46,0,0
40704,159,159,0,0
40705,94,83,11,11
40706,153,141,12,12
40707,108,101,7,7
40708,85,77,8,8
40709,69,76,-7,7
40710,295,234,61,61
40711,74,74,0,0
40712,103,102,1,1
40713,80,78,2,2
40714,68,70,-2,2
40715,120,127,-7,7
40716,86,86,0,0
40717,118,117,1,1
40718,74,80,-6,6
40719,99,84,15,15
40720,76,70,6,6
40721,134,123,11,11
40722,97,113,-16,16
40723,66,73,-7,7
40724,92,103,-11,11
40725,50,51,-1,1
40726,83,89,-6,6
40727,98,99,-1,1
40728,72,74,-2,2
40729,71,72,-1,1
40730,71,81,-10,10
40731,78,84,-6,6
40732,81,86,-5,5
40733,126,127,-1,1
40734,71,67,4,4
40735,70,71,-1,1
40736,141,139,2,2
40737,75,71,4,4
40738,85,78,7,7
40739,89,93,-4,4
40740,82,85,-3,3
40741,174,160,14,14
40742,77,74,3,3
40743,113,121,-8,8
40744,165,167,-2,2
40745,55,54,1,1
40746,94,82,12,12
40747,81,87,-6,6
40748,103,98,5,5
40749,87,84,3,3
40750,68,83,-15,15
40751,205,221,-16,16
40752,85,85,0,0
40753,66,63,3,3
40754,68,66,2,2
40755,87,87,0,0
40756,101,93,8,8
40757,115,114,1,1
40758,69,71,-2,2
40759,144,140,4,4
40760,97,99,-2,2
40761,107,112,-5,5
40762,88,103,-15,15
40763,138,134,4,4
40764,90,78,12,12
40765,129,140,-11,11
40766,66,64,2,2
40767,75,75,0,0
40768,118,115,3,3
40769,99,98,1,1
40770,77,72,5,5
40771,89,86,3,3
40772,95,103,-8,8
40773,56,53,3,3
40774,115,113,2,2
40775,59,59,0,0
40776,117,120,-3,3
40777,110,112,-2,2
40778,120,102,18,18
40779,98,84,14,14
40780,121,124,-3,3
40781,100,85,15,15
40782,85,84,1,1
40783,106,106,0,0
40784,165,154,11,11
40785,65,74,-9,9
40786,58,58,0,0
40787,165,164,1,1
40788,56,60,-4,4
40789,62,71,-9,9
40790,85,79,6,6
40791,93,99,-6,6
40792,57,63,-6,6
40793,97,98,-1,1
40794,96,100,-4,4
40795,45,47,-2,2
40796,114,114,0,0
40797,77,72,5,5
40798,77,83,-6,6
40799,89,85,4,4
40800,70,73,-3,3
40801,84,89,-5,5
40802,89,103,-14,14
40803,104,111,-7,7
40804,88,84,4,4
40805,68,67,1,1
40806,67,71,-4,4
40807,51,51,0,0
40808,144,150,-6,6
40809,135,133,2,2
40810,89,93,-4,4
40811,122,118,4,4
40812,110,102,8,8
40813,81,83,-2,2
40814,147,157,-10,10
40815,60,60,0,0
40816,137,147,-10,10
40817,110,113,-3,3
40818,125,123,2,2
40819,89,94,-5,5
40820,129,145,-16,16
40821,70,62,8,8
40822,149,158,-9,9
40823,72,90,-18,18
40824,96,101,-5,5
40825,76,83,-7,7
40826,154,151,3,3
40827,220,202,18,18
40828,106,110,-4,4
40829,95,102,-7,7
40830,158,168,-10,10
40831,140,143,-3,3
40832,86,86,0,0
40833,96,85,11,11
40834,100,98,2,2
40835,70,77,-7,7
40836,64,64,0,0
40837,147,146,1,1
40838,75,77,-2,2
40839,80,78,2,2
40840,161,143,18,18
40841,83,100,-17,17
40842,89,79,10,10
40843,169,163,6,6
40844,85,85,0,0
40845,151,157,-6,6
40846,85,79,6,6
40847,61,65,-4,4
40848,62,61,1,1
40849,118,112,6,6
40850,97,94,3,3
40851,118,113,5,5
40852,104,89,15,15
40853,44,46,-2,2
40854,101,96,5,5
40855,69,71,-2,2
40856,52,54,-2,2
40857,115,116,-1,1
40858,56,56,0,0
40859,110,121,-11,11
40860,96,120,-24,24
40861,88,85,3,3
40862,94,96,-2,2
40863,60,59,1,1
40864,108,107,1,1
40865,114,103,11,11
40866,87,90,-3,3
40867,102,102,0,0
40868,75,72,3,3
40869,56,53,3,3
40870,123,133,-10,10
40871,29,49,-20,20
40872,70,83,-13,13
40873,87,82,5,5
40874,48,62,-14,14
40875,108,101,7,7
40876,164,170,-6,6
40877,125,114,11,11
40878,66,68,-2,2
40879,190,186,4,4
40880,91,87,4,4
40881,116,96,20,20
40882,96,95,1,1
40883,86,83,3,3
40884,157,169,-12,12
40885,149,141,8,8
40886,54,52,2,2
40887,81,81,0,0
40888,97,106,-9,9
40889,128,125,3,3
40890,96,100,-4,4
40891,121,125,-4,4
40892,131,126,5,5
40893,133,123,10,10
40894,130,127,3,3
40895,97,90,7,7
40896,68,76,-8,8
40897,118,107,11,11
40898,91,89,2,2
40899,90,106,-16,16
40900,65,65,0,0
40901,143,131,12,12
40902,80,64,16,16
40903,96,80,16,16
40904,104,97,7,7
40905,112,115,-3,3
40906,86,84,2,2
40907,91,92,-1,1
40908,205,182,23,23
40909,73,85,-12,12
40910,101,98,3,3
40911,73,78,-5,5
40912,90,84,6,6
40913,191,201,-10,10
40914,90,90,0,0
40915,149,149,0,0
40916,73,82,-9,9
40917,152,155,-3,3
40918,115,112,3,3
40919,88,95,-7,7
40920,86,83,3,3
40921,103,103,0,0
40922,37,40,-3,3
40923,83,75,8,8
40924,76,67,9,9
40925,56,51,5,5
40926,130,129,1,1
40927,67,64,3,3
40928,78,72,6,6
40929,105,104,1,1
40930,101,102,-1,1
40931,88,85,3,3
40932,83,86,-3,3
40933,108,111,-3,3
40934,67,62,5,5
40935,107,106,1,1
40936,43,41,2,2
40937,71,78,-7,7
40938,99,90,9,9
40939,120,129,-9,9
40940,132,122,10,10
40941,30,46,-16,16
40942,88,87,1,1
40943,82,94,-12,12
40944,59,67,-8,8
40945,68,71,-3,3
40946,120,107,13,13
40947,60,58,2,2
40948,103,100,3,3
40949,110,111,-1,1
40950,114,110,4,4
40951,90,89,1,1
40952,192,185,7,7
40953,100,102,-2,2
40954,119,121,-2,2
40955,91,84,7,7
40956,98,99,-1,1
40957,51,51,0,0
40958,94,89,5,5
40959,98,103,-5,5
40960,71,65,6,6
40961,106,124,-18,18
40962,78,83,-5,5
40963,66,74,-8,8
40964,79,82,-3,3
40965,85,88,-3,3
40966,147,151,-4,4
40967,68,66,2,2
40968,66,63,3,3
40969,81,80,1,1
40970,133,134,-1,1
40971,120,115,5,5
40972,71,76,-5,5
40973,169,171,-2,2
40974,159,153,6,6
40975,57,66,-9,9
40976,73,76,-3,3
40977,44,45,-1,1
40978,85,90,-5,5
40979,49,63,-14,14
40980,54,54,0,0
40981,89,84,5,5
40982,62,70,-8,8
40983,88,85,3,3
40984,93,104,-11,11
40985,66,66,0,0
40986,69,70,-1,1
40987,138,153,-15,15
40988,88,92,-4,4
40989,102,104,-2,2
40990,45,46,-1,1
40991,48,49,-1,1
40992,106,111,-5,5
40993,158,138,20,20
40994,125,122,3,3
40995,64,78,-14,14
40996,153,158,-5,5
40997,66,66,0,0
40998,87,89,-2,2
40999,90,85,5,5
41000,105,108,-3,3
41001,51,51,0,0
41002,148,138,10,10
41003,123,134,-11,11
41004,59,60,-1,1
41005,88,74,14,14
41006,91,93,-2,2
41007,77,81,-4,4
41008,98,93,5,5
41009,84,88,-4,4
41010,97,91,6,6
41011,129,119,10,10
41012,158,163,-5,5
41013,99,105,-6,6
41014,153,156,-3,3
41015,140,126,14,14
41016,97,93,4,4
41017,116,123,-7,7
41018,108,103,5,5
41019,117,118,-1,1
41020,112,109,3,3
41021,70,72,-2,2
41022,117,127,-10,10
41023,186,188,-2,2
41024,88,88,0,0
41025,40,44,-4,4
41026,69,71,-2,2
41027,138,126,12,12
41028,68,73,-5,5
41029,194,177,17,17
41030,141,139,2,2
41031,66,78,-12,12
41032,87,97,-10,10
41033,112,112,0,0
41034,120,111,9,9
41035,117,111,6,6
41036,116,123,-7,7
41037,113,125,-12,12
41038,109,124,-15,15
41039,116,115,1,1
41040,107,104,3,3
41041,156,148,8,8
41042,54,57,-3,3
41043,96,90,6,6
41044,116,114,2,2
41045,105,102,3,3
41046,53,52,1,1
41047,146,142,4,4
41048,111,122,-11,11
41049,55,52,3,3
41050,130,125,5,5
41051,89,86,3,3
41052,99,112,-13,13
41053,101,90,11,11
41054,107,110,-3,3
41055,56,58,-2,2
41056,72,76,-4,4
41057,141,139,2,2
41058,49,55,-6,6
41059,50,46,4,4
41060,106,96,10,10
41061,71,68,3,3
41062,82,97,-15,15
41063,112,104,8,8
41064,114,119,-5,5
41065,91,93,-2,2
41066,79,81,-2,2
41067,87,90,-3,3
41068,72,67,5,5
41069,140,142,-2,2
41070,79,88,-9,9
41071,103,96,7,7
41072,105,108,-3,3
41073,80,81,-1,1
41074,63,65,-2,2
41075,89,84,5,5
41076,58,61,-3,3
41077,71,65,6,6
41078,91,97,-6,6
41079,64,57,7,7
41080,134,133,1,1
41081,144,146,-2,2
41082,46,65,-19,19
41083,79,89,-10,10
41084,137,126,11,11
41085,71,74,-3,3
41086,88,82,6,6
41087,99,92,7,7
41088,77,80,-3,3
41089,71,74,-3,3
41090,66,65,1,1
41091,57,62,-5,5
41092,107,108,-1,1
41093,157,158,-1,1
41094,59,66,-7,7
41095,107,120,-13,13
41096,150,142,8,8
41097,97,100,-3,3
41098,56,60,-4,4
41099,122,122,0,0
41100,118,105,13,13
41101,98,84,14,14
41102,87,93,-6,6
41103,84,71,13,13
41104,67,64,3,3
41105,97,101,-4,4
41106,110,114,-4,4
41107,75,77,-2,2
41108,49,55,-6,6
41109,121,135,-14,14
41110,124,125,-1,1
41111,86,84,2,2
41112,91,91,0,0
41113,74,71,3,3
41114,87,80,7,7
41115,61,65,-4,4
41116,76,80,-4,4
41117,169,175,-6,6
41118,79,78,1,1
41119,85,95,-10,10
41120,129,123,6,6
41121,68,72,-4,4
41122,88,114,-26,26
41123,136,128,8,8
41124,81,83,-2,2
41125,143,152,-9,9
41126,66,64,2,2
41127,90,97,-7,7
41128,69,67,2,2
41129,129,137,-8,8
41130,77,86,-9,9
41131,128,129,-1,1
41132,110,115,-5,5
41133,125,125,0,0
41134,82,76,6,6
41135,147,138,9,9
41136,77,82,-5,5
41137,81,67,14,14
41138,91,89,2,2
41139,106,91,15,15
41140,65,71,-6,6
41141,59,58,1,1
41142,107,114,-7,7
41143,75,85,-10,10
41144,86,102,-16,16
41145,92,92,0,0
41146,87,89,-2,2
41147,115,127,-12,12
41148,70,72,-2,2
41149,78,71,7,7
41150,77,73,4,4
41151,142,155,-13,13
41152,161,160,1,1
41153,145,135,10,10
41154,102,101,1,1
41155,68,71,-3,3
41156,81,86,-5,5
41157,92,83,9,9
41158,91,94,-3,3
41159,87,85,2,2
41160,168,167,1,1
41161,58,58,0,0
41162,119,102,17,17
41163,55,52,3,3
41164,69,72,-3,3
41165,69,71,-2,2
41166,99,102,-3,3
41167,72,73,-1,1
41168,82,89,-7,7
41169,134,129,5,5
41170,88,81,7,7
41171,61,67,-6,6
41172,77,80,-3,3
41173,106,102,4,4
41174,89,90,-1,1
41175,90,90,0,0
41176,102,113,-11,11
41177,77,74,3,3
41178,63,63,0,0
41179,76,75,1,1
41180,67,61,6,6
41181,64,77,-13,13
41182,66,72,-6,6
41183,126,126,0,0
41184,91,98,-7,7
41185,148,134,14,14
41186,111,106,5,5
41187,58,66,-8,8
41188,93,87,6,6
41189,80,76,4,4
41190,173,168,5,5
41191,80,76,4,4
41192,117,111,6,6
41193,69,60,9,9
41194,115,117,-2,2
41195,122,113,9,9
41196,76,79,-3,3
41197,89,72,17,17
41198,92,110,-18,18
41199,101,101,0,0
41200,156,150,6,6
41201,88,92,-4,4
41202,61,61,0,0
41203,80,77,3,3
41204,128,127,1,1
41205,101,95,6,6
41206,114,112,2,2
41207,142,127,15,15
41208,53,50,3,3
41209,138,133,5,5
41210,49,51,-2,2
41211,146,133,13,13
41212,91,85,6,6
41213,136,148,-12,12
41214,60,72,-12,12
41215,147,141,6,6
41216,86,85,1,1
41217,71,67,4,4
41218,127,159,-32,32
41219,62,65,-3,3
41220,109,105,4,4
41221,69,72,-3,3
41222,186,187,-1,1
41223,44,49,-5,5
41224,39,39,0,0
41225,89,92,-3,3
41226,113,120,-7,7
41227,65,63,2,2
41228,63,71,-8,8
41229,61,67,-6,6
41230,132,126,6,6
41231,70,76,-6,6
41232,179,180,-1,1
41233,103,111,-8,8
41234,118,110,8,8
41235,71,71,0,0
41236,156,144,12,12
41237,95,92,3,3
41238,108,116,-8,8
41239,92,92,0,0
41240,125,118,7,7
41241,103,91,12,12
41242,87,77,10,10
41243,57,66,-9,9
41244,95,95,0,0
41245,207,222,-15,15
41246,72,78,-6,6
41247,158,161,-3,3
41248,78,82,-4,4
41249,59,63,-4,4
41250,77,68,9,9
41251,78,72,6,6
41252,120,109,11,11
41253,137,133,4,4
41254,71,64,7,7
41255,117,116,1,1
41256,97,98,-1,1
41257,108,112,-4,4
41258,64,71,-7,7
41259,125,120,5,5
41260,57,51,6,6
41261,47,52,-5,5
41262,110,100,10,10
41263,173,184,-11,11
41264,70,65,5,5
41265,112,109,3,3
41266,69,71,-2,2
41267,95,90,5,5
41268,50,50,0,0
41269,60,59,1,1
41270,108,111,-3,3
41271,88,88,0,0
41272,141,165,-24,24
41273,65,68,-3,3
41274,111,126,-15,15
41275,110,99,11,11
41276,156,133,23,23
41277,70,89,-19,19
41278,77,84,-7,7
41279,111,111,0,0
41280,77,81,-4,4
41281,132,150,-18,18
41282,94,86,8,8
41283,87,90,-3,3
41284,71,75,-4,4
41285,69,76,-7,7
41286,57,59,-2,2
41287,63,66,-3,3
41288,170,174,-4,4
41289,99,97,2,2
41290,91,90,1,1
41291,75,82,-7,7
41292,155,155,0,0
41293,169,162,7,7
41294,121,113,8,8
41295,56,59,-3,3
41296,73,73,0,0
41297,142,85,57,57
41298,76,86,-10,10
41299,117,119,-2,2
41300,113,120,-7,7
41301,63,56,7,7
41302,146,133,13,13
41303,71,66,5,5
41304,68,65,3,3
41305,96,97,-1,1
41306,64,71,-7,7
41307,79,71,8,8
41308,77,77,0,0
41309,54,61,-7,7
41310,81,85,-4,4
41311,106,113,-7,7
41312,130,122,8,8
41313,63,62,1,1
41314,74,78,-4,4
41315,87,91,-4,4
41316,97,95,2,2
41317,136,148,-12,12
41318,78,75,3,3
41319,114,105,9,9
41320,172,201,-29,29
41321,69,85,-16,16
41322,55,61,-6,6
41323,68,66,2,2
41324,84,80,4,4
41325,64,75,-11,11
41326,44,51,-7,7
41327,98,94,4,4
41328,118,125,-7,7
41329,115,109,6,6
41330,151,149,2,2
41331,66,68,-2,2
41332,150,134,16,16
41333,94,88,6,6
41334,83,92,-9,9
41335,138,129,9,9
41336,96,96,0,0
41337,117,117,0,0
41338,32,35,-3,3
41339,167,165,2,2
41340,162,150,12,12
41341,120,127,-7,7
41342,84,86,-2,2
41343,64,63,1,1
41344,147,146,1,1
41345,74,78,-4,4
41346,42,52,-10,10
41347,65,76,-11,11
41348,87,84,3,3
41349,101,109,-8,8
41350,64,62,2,2
41351,54,63,-9,9
41352,99,105,-6,6
41353,60,64,-4,4
41354,62,63,-1,1
41355,134,125,9,9
41356,79,82,-3,3
41357,74,74,0,0
41358,103,114,-11,11
41359,160,167,-7,7
41360,103,102,1,1
41361,96,99,-3,3
41362,66,61,5,5
41363,72,66,6,6
41364,69,73,-4,4
41365,115,114,1,1
41366,74,67,7,7
41367,47,51,-4,4
41368,116,105,11,11
41369,75,87,-12,12
41370,74,86,-12,12
41371,138,134,4,4
41372,83,86,-3,3
41373,78,86,-8,8
41374,144,136,8,8
41375,94,90,4,4
41376,91,87,4,4
41377,97,104,-7,7
41378,79,79,0,0
41379,87,89,-2,2
41380,50,56,-6,6
41381,61,60,1,1
41382,66,76,-10,10
41383,83,80,3,3
41384,69,63,6,6
41385,117,103,14,14
41386,123,118,5,5
41387,152,132,20,20
41388,53,54,-1,1
41389,41,70,-29,29
41390,120,111,9,9
41391,50,57,-7,7
41392,103,106,-3,3
41393,59,76,-17,17
41394,146,136,10,10
41395,74,64,10,10
41396,119,113,6,6
41397,100,104,-4,4
41398,109,101,8,8
41399,140,130,10,10
41400,104,102,2,2
41401,118,126,-8,8
41402,129,119,10,10
41403,62,65,-3,3
41404,80,83,-3,3
41405,67,68,-1,1
41406,45,52,-7,7
41407,111,114,-3,3
41408,110,114,-4,4
41409,68,72,-4,4
41410,84,99,-15,15
41411,132,118,14,14
41412,67,65,2,2
41413,66,67,-1,1
41414,53,61,-8,8
41415,88,89,-1,1
41416,115,122,-7,7
41417,142,148,-6,6
41418,134,138,-4,4
41419,108,109,-1,1
41420,63,67,-4,4
41421,68,63,5,5
41422,96,86,10,10
41423,73,77,-4,4
41424,88,90,-2,2
41425,107,100,7,7
41426,114,135,-21,21
41427,132,133,-1,1
41428,64,73,-9,9
41429,73,67,6,6
41430,109,102,7,7
41431,65,63,2,2
41432,138,115,23,23
41433,103,102,1,1
41434,132,128,4,4
41435,67,66,1,1
41436,70,71,-1,1
41437,114,134,-20,20
41438,54,60,-6,6
41439,87,83,4,4
41440,57,62,-5,5
41441,163,169,-6,6
41442,83,87,-4,4
41443,48,49,-1,1
41444,62,67,-5,5
41445,110,101,9,9
41446,64,64,0,0
41447,154,151,3,3
41448,119,117,2,2
41449,81,90,-9,9
41450,76,76,0,0
41451,125,105,20,20
41452,82,79,3,3
41453,140,138,2,2
41454,58,55,3,3
41455,90,81,9,9
41456,94,88,6,6
41457,70,72,-2,2
41458,126,119,7,7
41459,42,51,-9,9
41460,96,83,13,13
41461,144,131,13,13
41462,84,76,8,8
41463,91,88,3,3
41464,89,85,4,4
41465,68,72,-4,4
41466,74,75,-1,1
41467,73,74,-1,1
41468,95,85,10,10
41469,141,129,12,12
41470,144,134,10,10
41471,115,120,-5,5
41472,126,115,11,11
41473,81,78,3,3
41474,70,64,6,6
41475,101,104,-3,3
41476,36,40,-4,4
41477,103,99,4,4
41478,50,56,-6,6
41479,108,98,10,10
41480,168,181,-13,13
41481,89,98,-9,9
41482,128,125,3,3
41483,87,76,11,11
41484,72,63,9,9
41485,166,166,0,0
41486,75,72,3,3
41487,116,120,-4,4
41488,66,67,-1,1
41489,89,96,-7,7
41490,72,79,-7,7
41491,103,118,-15,15
41492,82,87,-5,5
41493,108,111,-3,3
41494,115,103,12,12
41495,154,175,-21,21
41496,96,102,-6,6
41497,70,68,2,2
41498,105,103,2,2
41499,103,109,-6,6
41500,80,84,-4,4
41501,167,148,19,19
41502,131,135,-4,4
41503,87,88,-1,1
41504,83,85,-2,2
41505,221,213,8,8
41506,67,64,3,3
41507,114,116,-2,2
41508,88,76,12,12
41509,80,76,4,4
41510,183,179,4,4
41511,67,72,-5,5
41512,172,168,4,4
41513,56,52,4,4
41514,60,59,1,1
41515,60,59,1,1
41516,77,80,-3,3
41517,85,77,8,8
41518,64,66,-2,2
41519,88,94,-6,6
41520,143,131,12,12
41521,148,151,-3,3
41522,73,75,-2,2
41523,97,99,-2,2
41524,85,98,-13,13
41525,62,60,2,2
41526,82,80,2,2
41527,63,60,3,3
41528,55,52,3,3
41529,133,127,6,6
41530,96,101,-5,5
41531,98,97,1,1
41532,67,65,2,2
41533,104,112,-8,8
41534,118,163,-45,45
41535,83,92,-9,9
41536,110,115,-5,5
41537,138,132,6,6
41538,79,75,4,4
41539,75,71,4,4
41540,67,66,1,1
41541,59,61,-2,2
41542,63,56,7,7
41543,125,120,5,5
41544,156,162,-6,6
41545,88,82,6,6
41546,106,105,1,1
41547,88,86,2,2
41548,126,130,-4,4
41549,71,78,-7,7
41550,109,109,0,0
41551,61,98,-37,37
41552,100,106,-6,6
41553,157,133,24,24
41554,168,167,1,1
41555,110,110,0,0
41556,92,98,-6,6
41557,118,129,-11,11
41558,159,165,-6,6
41559,67,65,2,2
41560,78,90,-12,12
41561,93,95,-2,2
41562,76,75,1,1
41563,156,149,7,7
41564,63,71,-8,8
41565,87,86,1,1
41566,79,75,4,4
41567,56,58,-2,2
41568,65,64,1,1
41569,99,101,-2,2
41570,90,79,11,11
41571,108,115,-7,7
41572,59,60,-1,1
41573,48,73,-25,25
41574,73,71,2,2
41575,111,102,9,9
41576,69,67,2,2
41577,149,131,18,18
41578,87,77,10,10
41579,87,83,4,4
41580,85,81,4,4
41581,112,101,11,11
41582,78,91,-13,13
41583,74,88,-14,14
41584,85,85,0,0
41585,77,80,-3,3
41586,113,105,8,8
41587,106,105,1,1
41588,61,70,-9,9
41589,82,88,-6,6
41590,115,120,-5,5
41591,51,55,-4,4
41592,109,96,13,13
41593,61,60,1,1
41594,60,65,-5,5
41595,129,126,3,3
41596,152,131,21,21
41597,90,85,5,5
41598,204,201,3,3
41599,95,89,6,6
41600,81,85,-4,4
41601,75,76,-1,1
41602,95,89,6,6
41603,108,111,-3,3
41604,140,131,9,9
41605,47,47,0,0
41606,92,80,12,12
41607,127,134,-7,7
41608,64,72,-8,8
41609,86,75,11,11
41610,83,77,6,6
41611,86,96,-10,10
41612,110,112,-2,2
41613,128,135,-7,7
41614,152,152,0,0
41615,106,115,-9,9
41616,71,75,-4,4
41617,70,78,-8,8
41618,71,71,0,0
41619,80,86,-6,6
41620,10,32,-22,22
41621,95,87,8,8
41622,88,86,2,2
41623,55,43,12,12
41624,96,81,15,15
41625,114,102,12,12
41626,113,107,6,6
41627,115,108,7,7
41628,50,53,-3,3
41629,130,133,-3,3
41630,130,127,3,3
41631,85,84,1,1
41632,72,73,-1,1
41633,177,173,4,4
41634,90,97,-7,7
41635,131,144,-13,13
41636,68,73,-5,5
41637,46,52,-6,6
41638,96,100,-4,4
41639,161,153,8,8
41640,60,60,0,0
41641,73,78,-5,5
41642,50,54,-4,4
41643,60,51,9,9
41644,122,120,2,2
41645,136,130,6,6
41646,90,85,5,5
41647,131,128,3,3
41648,95,89,6,6
41649,66,69,-3,3
41650,105,113,-8,8
41651,82,82,0,0
41652,107,108,-1,1
41653,61,59,2,2
41654,136,127,9,9
41655,128,145,-17,17
41656,66,76,-10,10
41657,125,125,0,0
41658,69,65,4,4
41659,68,80,-12,12
41660,84,87,-3,3
41661,47,56,-9,9
41662,77,78,-1,1
41663,113,106,7,7
41664,155,161,-6,6
41665,88,95,-7,7
41666,76,75,1,1
41667,104,152,-48,48
41668,43,47,-4,4
41669,69,77,-8,8
41670,94,102,-8,8
41671,121,120,1,1
41672,178,172,6,6
41673,69,63,6,6
41674,113,119,-6,6
41675,118,117,1,1
41676,86,84,2,2
41677,71,71,0,0
41678,112,112,0,0
41679,114,106,8,8
41680,68,63,5,5
41681,75,73,2,2
41682,103,97,6,6
41683,71,77,-6,6
41684,57,56,1,1
41685,88,87,1,1
41686,165,157,8,8
41687,79,80,-1,1
41688,133,136,-3,3
41689,125,115,10,10
41690,91,108,-17,17
41691,117,120,-3,3
41692,108,107,1,1
41693,101,102,-1,1
41694,61,64,-3,3
41695,170,160,10,10
41696,152,147,5,5
41697,86,86,0,0
41698,89,86,3,3
41699,137,133,4,4
41700,107,109,-2,2
41701,145,139,6,6
41702,152,160,-8,8
41703,89,79,10,10
41704,81,78,3,3
41705,102,109,-7,7
41706,85,92,-7,7
41707,70,72,-2,2
41708,85,82,3,3
41709,105,104,1,1
41710,79,72,7,7
41711,55,63,-8,8
41712,94,91,3,3
41713,49,57,-8,8
41714,42,45,-3,3
41715,302,286,16,16
41716,116,112,4,4
41717,68,70,-2,2
41718,81,84,-3,3
41719,98,112,-14,14
41720,120,110,10,10
41721,135,141,-6,6
41722,85,88,-3,3
41723,76,78,-2,2
41724,125,124,1,1
41725,26,29,-3,3
41726,111,96,15,15
41727,152,139,13,13
41728,85,83,2,2
41729,99,105,-6,6
41730,98,118,-20,20
41731,99,97,2,2
41732,81,77,4,4
41733,98,110,-12,12
41734,101,90,11,11
41735,64,65,-1,1
41736,185,186,-1,1
41737,97,100,-3,3
41738,93,103,-10,10
41739,65,65,0,0
41740,89,91,-2,2
41741,53,59,-6,6
41742,96,96,0,0
41743,133,128,5,5
41744,149,133,16,16
41745,155,149,6,6
41746,86,77,9,9
41747,64,62,2,2
41748,133,126,7,7
41749,119,133,-14,14
41750,70,74,-4,4
41751,57,59,-2,2
41752,56,61,-5,5
41753,55,55,0,0
41754,57,61,-4,4
41755,106,109,-3,3
41756,85,93,-8,8
41757,80,80,0,0
41758,71,86,-15,15
41759,79,95,-16,16
41760,72,77,-5,5
41761,67,63,4,4
41762,200,196,4,4
41763,55,58,-3,3
41764,103,105,-2,2
41765,80,80,0,0
41766,113,116,-3,3
41767,34,65,-31,31
41768,77,83,-6,6
41769,145,148,-3,3
41770,143,154,-11,11
41771,100,99,1,1
41772,53,60,-7,7
41773,61,90,-29,29
41774,109,118,-9,9
41775,86,78,8,8
41776,72,75,-3,3
41777,86,95,-9,9
41778,115,130,-15,15
41779,74,81,-7,7
41780,85,83,2,2
41781,97,93,4,4
41782,111,112,-1,1
41783,63,81,-18,18
41784,104,106,-2,2
41785,101,103,-2,2
41786,110,106,4,4
41787,72,81,-9,9
41788,128,128,0,0
41789,74,88,-14,14
41790,108,99,9,9
41791,110,112,-2,2
41792,68,65,3,3
41793,41,43,-2,2
41794,153,164,-11,11
41795,115,118,-3,3
41796,58,63,-5,5
41797,45,64,-19,19
41798,92,91,1,1
41799,57,61,-4,4
41800,125,118,7,7
41801,82,88,-6,6
41802,61,63,-2,2
41803,148,141,7,7
41804,72,71,1,1
41805,108,114,-6,6
41806,97,109,-12,12
41807,134,126,8,8
41808,50,51,-1,1
41809,66,64,2,2
41810,61,56,5,5
41811,91,87,4,4
41812,133,129,4,4
41813,131,114,17,17
41814,67,76,-9,9
41815,112,110,2,2
41816,100,113,-13,13
41817,193,189,4,4
41818,90,84,6,6
41819,77,74,3,3
41820,80,82,-2,2
41821,117,114,3,3
41822,87,92,-5,5
41823,64,66,-2,2
41824,61,60,1,1
41825,120,127,-7,7
41826,119,123,-4,4
41827,137,127,10,10
41828,54,55,-1,1
41829,162,150,12,12
41830,152,167,-15,15
41831,69,61,8,8
41832,80,78,2,2
41833,92,93,-1,1
41834,96,87,9,9
41835,107,113,-6,6
41836,71,75,-4,4
41837,83,90,-7,7
41838,89,95,-6,6
41839,121,118,3,3
41840,81,84,-3,3
41841,112,119,-7,7
41842,147,134,13,13
41843,62,62,0,0
41844,129,128,1,1
41845,74,83,-9,9
41846,168,151,17,17
41847,47,47,0,0
41848,128,136,-8,8
41849,49,56,-7,7
41850,56,60,-4,4
41851,89,83,6,6
41852,67,66,1,1
41853,68,77,-9,9
41854,114,118,-4,4
41855,137,154,-17,17
41856,122,120,2,2
41857,74,74,0,0
41858,67,63,4,4
41859,129,128,1,1
41860,139,143,-4,4
41861,62,65,-3,3
41862,100,101,-1,1
41863,88,84,4,4
41864,64,65,-1,1
41865,92,85,7,7
41866,119,138,-19,19
41867,81,83,-2,2
41868,59,60,-1,1
41869,106,102,4,4
41870,94,88,6,6
41871,112,102,10,10
41872,80,84,-4,4
41873,101,111,-10,10
41874,135,129,6,6
41875,135,129,6,6
41876,104,97,7,7
41877,85,85,0,0
41878,176,171,5,5
41879,79,77,2,2
41880,69,64,5,5
41881,41,41,0,0
41882,47,45,2,2
41883,67,72,-5,5
41884,69,76,-7,7
41885,51,54,-3,3
41886,73,85,-12,12
41887,108,106,2,2
41888,47,44,3,3
41889,120,132,-12,12
41890,117,115,2,2
41891,91,99,-8,8
41892,110,119,-9,9
41893,82,79,3,3
41894,97,98,-1,1
41895,92,92,0,0
41896,72,72,0,0
41897,74,65,9,9
41898,80,95,-15,15
41899,49,50,-1,1
41900,133,129,4,4
41901,85,88,-3,3
41902,116,114,2,2
41903,72,71,1,1
41904,125,124,1,1
41905,91,92,-1,1
41906,103,100,3,3
41907,110,110,0,0
41908,102,106,-4,4
41909,111,102,9,9
41910,50,63,-13,13
41911,50,49,1,1
41912,106,105,1,1
41913,79,78,1,1
41914,138,126,12,12
41915,110,119,-9,9
41916,59,61,-2,2
41917,72,71,1,1
41918,190,176,14,14
41919,93,88,5,5
41920,47,45,2,2
41921,46,56,-10,10
41922,135,131,4,4
41923,56,71,-15,15
41924,67,65,2,2
41925,101,102,-1,1
41926,78,78,0,0
41927,61,73,-12,12
41928,43,54,-11,11
41929,142,146,-4,4
41930,88,94,-6,6
41931,119,119,0,0
41932,146,131,15,15
41933,93,101,-8,8
41934,109,113,-4,4
41935,105,104,1,1
41936,98,104,-6,6
41937,75,74,1,1
41938,78,81,-3,3
41939,101,113,-12,12
41940,88,107,-19,19
41941,133,143,-10,10
41942,66,65,1,1
41943,101,98,3,3
41944,94,98,-4,4
41945,86,82,4,4
41946,95,89,6,6
41947,96,105,-9,9
41948,83,82,1,1
41949,119,97,22,22
41950,116,118,-2,2
41951,92,86,6,6
41952,89,99,-10,10
41953,215,231,-16,16
41954,96,95,1,1
41955,138,131,7,7
41956,73,75,-2,2
41957,72,82,-10,10
41958,83,93,-10,10
41959,119,116,3,3
41960,83,82,1,1
41961,140,133,7,7
41962,164,153,11,11
41963,105,96,9,9
41964,109,91,18,18
41965,100,93,7,7
41966,95,98,-3,3
41967,85,80,5,5
41968,83,83,0,0
41969,148,146,2,2
41970,95,99,-4,4
41971,110,126,-16,16
41972,104,118,-14,14
41973,125,145,-20,20
41974,110,126,-16,16
41975,109,106,3,3
41976,87,81,6,6
41977,166,169,-3,3
41978,68,84,-16,16
41979,104,94,10,10
41980,127,103,24,24
41981,60,63,-3,3
41982,106,97,9,9
41983,58,61,-3,3
41984,59,59,0,0
41985,98,96,2,2
41986,150,162,-12,12
41987,107,116,-9,9
41988,75,83,-8,8
41989,95,99,-4,4
41990,82,82,0,0
41991,101,86,15,15
41992,63,72,-9,9
41993,81,65,16,16
41994,60,62,-2,2
41995,121,119,2,2
41996,110,100,10,10
41997,73,81,-8,8
41998,62,67,-5,5
41999,66,71,-5,5
42000,87,90,-3,3
42001,130,143,-13,13
42002,84,88,-4,4
42003,142,143,-1,1
42004,61,62,-1,1
42005,109,109,0,0
42006,147,141,6,6
42007,37,58,-21,21
42008,246,204,42,42
42009,61,71,-10,10
42010,111,109,2,2
42011,92,97,-5,5
42012,133,146,-13,13
42013,161,152,9,9
42014,128,139,-11,11
42015,73,64,9,9
42016,115,116,-1,1
42017,159,159,0,0
42018,75,73,2,2
42019,85,97,-12,12
42020,79,81,-2,2
42021,103,98,5,5
42022,109,108,1,1
42023,89,90,-1,1
42024,158,163,-5,5
42025,86,89,-3,3
42026,114,103,11,11
42027,145,140,5,5
42028,83,81,2,2
42029,142,146,-4,4
42030,48,56,-8,8
42031,69,73,-4,4
42032,90,108,-18,18
42033,152,143,9,9
42034,72,76,-4,4
42035,93,94,-1,1
42036,59,59,0,0
42037,142,138,4,4
42038,95,86,9,9
42039,152,139,13,13
42040,87,89,-2,2
42041,79,63,16,16
42042,80,82,-2,2
42043,89,93,-4,4
42044,74,71,3,3
42045,78,75,3,3
42046,100,101,-1,1
42047,92,99,-7,7
42048,135,139,-4,4
42049,112,114,-2,2
42050,109,111,-2,2
42051,86,75,11,11
42052,80,75,5,5
42053,92,107,-15,15
42054,93,94,-1,1
42055,111,118,-7,7
42056,64,65,-1,1
42057,96,79,17,17
42058,79,94,-15,15
42059,148,168,-20,20
42060,74,81,-7,7
42061,91,82,9,9
42062,85,86,-1,1
42063,104,100,4,4
42064,132,138,-6,6
42065,75,84,-9,9
42066,175,182,-7,7
42067,77,71,6,6
42068,92,98,-6,6
42069,150,147,3,3
42070,35,41,-6,6
42071,79,78,1,1
42072,57,63,-6,6
42073,70,56,14,14
42074,117,135,-18,18
42075,84,83,1,1
42076,51,78,-27,27
42077,88,97,-9,9
42078,83,83,0,0
42079,89,80,9,9
42080,79,80,-1,1
42081,76,82,-6,6
42082,50,60,-10,10
42083,102,96,6,6
42084,111,127,-16,16
42085,82,87,-5,5
42086,114,127,-13,13
42087,99,88,11,11
42088,111,109,2,2
42089,99,104,-5,5
42090,68,64,4,4
42091,159,143,16,16
42092,78,81,-3,3
42093,43,54,-11,11
42094,64,66,-2,2
42095,77,83,-6,6
42096,38,61,-23,23
42097,39,40,-1,1
42098,87,95,-8,8
42099,89,81,8,8
42100,101,102,-1,1
42101,115,114,1,1
42102,101,99,2,2
42103,52,60,-8,8
42104,68,73,-5,5
42105,57,62,-5,5
42106,97,90,7,7
42107,80,85,-5,5
42108,95,92,3,3
42109,155,149,6,6
42110,74,74,0,0
42111,104,97,7,7
42112,63,72,-9,9
42113,28,36,-8,8
42114,96,93,3,3
42115,104,110,-6,6
42116,118,118,0,0
42117,81,75,6,6
42118,58,61,-3,3
42119,85,93,-8,8
42120,59,63,-4,4
42121,91,104,-13,13
42122,120,113,7,7
42123,58,45,13,13
42124,89,78,11,11
42125,101,109,-8,8
42126,89,88,1,1
42127,68,61,7,7
42128,122,112,10,10
42129,71,78,-7,7
42130,71,71,0,0
42131,75,95,-20,20
42132,130,136,-6,6
42133,103,91,12,12
42134,114,113,1,1
42135,145,143,2,2
42136,108,105,3,3
42137,102,105,-3,3
42138,107,102,5,5
42139,97,100,-3,3
42140,94,87,7,7
42141,70,72,-2,2
42142,91,94,-3,3
42143,92,99,-7,7
42144,60,65,-5,5
42145,83,85,-2,2
42146,92,85,7,7
42147,106,111,-5,5
42148,47,60,-13,13
42149,72,66,6,6
42150,137,132,5,5
42151,69,71,-2,2
42152,69,61,8,8
42153,123,121,2,2
42154,77,84,-7,7
42155,74,65,9,9
42156,144,150,-6,6
42157,132,130,2,2
42158,109,106,3,3
42159,93,95,-2,2
42160,56,54,2,2
42161,125,121,4,4
42162,54,64,-10,10
42163,127,120,7,7
42164,96,98,-2,2
42165,106,93,13,13
42166,98,99,-1,1
42167,97,98,-1,1
42168,65,64,1,1
42169,91,85,6,6
42170,90,92,-2,2
42171,135,127,8,8
42172,109,122,-13,13
42173,101,96,5,5
42174,80,81,-1,1
42175,105,112,-7,7
42176,64,64,0,0
42177,155,158,-3,3
42178,119,126,-7,7
42179,76,66,10,10
42180,122,119,3,3
42181,59,63,-4,4
42182,63,63,0,0
42183,92,97,-5,5
42184,101,102,-1,1
42185,100,97,3,3
42186,88,96,-8,8
42187,98,93,5,5
42188,153,139,14,14
42189,92,89,3,3
42190,76,71,5,5
42191,110,106,4,4
42192,86,89,-3,3
42193,130,129,1,1
42194,126,134,-8,8
42195,78,72,6,6
42196,77,76,1,1
42197,104,108,-4,4
42198,126,139,-13,13
42199,79,78,1,1
42200,117,132,-15,15
42201,45,50,-5,5
42202,100,104,-4,4
42203,83,72,11,11
42204,134,134,0,0
42205,83,80,3,3
42206,90,97,-7,7
42207,86,93,-7,7
42208,89,88,1,1
42209,60,64,-4,4
42210,78,80,-2,2
42211,120,125,-5,5
42212,72,78,-6,6
42213,104,106,-2,2
42214,188,180,8,8
42215,93,92,1,1
42216,159,149,10,10
42217,80,77,3,3
42218,96,101,-5,5
42219,114,118,-4,4
42220,113,118,-5,5
42221,62,72,-10,10
42222,140,143,-3,3
42223,157,147,10,10
42224,61,65,-4,4
42225,95,106,-11,11
42226,130,131,-1,1
42227,134,144,-10,10
42228,84,86,-2,2
42229,83,83,0,0
42230,96,100,-4,4
42231,85,83,2,2
42232,117,126,-9,9
42233,49,53,-4,4
42234,55,55,0,0
42235,116,99,17,17
42236,65,66,-1,1
42237,86,85,1,1
42238,58,71,-13,13
42239,55,61,-6,6
42240,109,107,2,2
42241,109,97,12,12
42242,115,111,4,4
42243,131,113,18,18
42244,79,83,-4,4
42245,74,81,-7,7
42246,114,112,2,2
42247,125,115,10,10
42248,90,82,8,8
42249,81,82,-1,1
42250,109,105,4,4
42251,90,85,5,5
42252,58,52,6,6
42253,67,72,-5,5
42254,88,82,6,6
42255,71,86,-15,15
42256,118,135,-17,17
42257,109,112,-3,3
42258,75,98,-23,23
42259,38,41,-3,3
42260,173,170,3,3
42261,153,156,-3,3
42262,66,60,6,6
42263,58,63,-5,5
42264,44,47,-3,3
42265,86,80,6,6
42266,100,99,1,1
42267,86,89,-3,3
42268,106,105,1,1
42269,80,79,1,1
42270,84,79,5,5
42271,76,75,1,1
42272,96,92,4,4
42273,90,93,-3,3
42274,116,127,-11,11
42275,196,176,20,20
42276,103,100,3,3
42277,95,101,-6,6
42278,68,65,3,3
42279,96,84,12,12
42280,109,101,8,8
42281,86,89,-3,3
42282,174,176,-2,2
42283,78,83,-5,5
42284,47,52,-5,5
42285,96,94,2,2
42286,92,92,0,0
42287,79,71,8,8
42288,85,82,3,3
42289,113,121,-8,8
42290,96,97,-1,1
42291,80,79,1,1
42292,43,42,1,1
42293,93,103,-10,10
42294,63,71,-8,8
42295,96,89,7,7
42296,103,104,-1,1
42297,53,61,-8,8
42298,99,95,4,4
42299,79,83,-4,4
42300,70,67,3,3
42301,106,97,9,9
42302,104,145,-41,41
42303,141,141,0,0
42304,99,89,10,10
42305,96,92,4,4
42306,55,53,2,2
42307,99,102,-3,3
42308,116,121,-5,5
42309,64,93,-29,29
42310,152,138,14,14
42311,63,66,-3,3
42312,78,76,2,2
42313,123,140,-17,17
42314,126,127,-1,1
42315,79,73,6,6
42316,92,76,16,16
42317,94,102,-8,8
42318,200,194,6,6
42319,157,162,-5,5
42320,80,79,1,1
42321,57,60,-3,3
42322,141,142,-1,1
42323,60,64,-4,4
42324,85,79,6,6
42325,54,48,6,6
42326,159,167,-8,8
42327,150,139,11,11
42328,87,82,5,5
42329,47,62,-15,15
42330,96,96,0,0
42331,82,81,1,1
42332,74,72,2,2
42333,120,124,-4,4
42334,109,91,18,18
42335,86,92,-6,6
42336,129,127,2,2
42337,196,190,6,6
42338,178,169,9,9
42339,105,100,5,5
42340,61,65,-4,4
42341,67,71,-4,4
42342,109,110,-1,1
42343,111,127,-16,16
42344,52,63,-11,11
42345,89,80,9,9
42346,71,81,-10,10
42347,111,110,1,1
42348,40,38,2,2
42349,79,87,-8,8
42350,99,95,4,4
42351,96,98,-2,2
42352,63,58,5,5
42353,103,126,-23,23
42354,97,113,-16,16
42355,90,93,-3,3
42356,119,109,10,10
42357,176,167,9,9
42358,97,98,-1,1
42359,131,142,-11,11
42360,86,76,10,10
42361,77,74,3,3
42362,84,82,2,2
42363,70,65,5,5
42364,109,112,-3,3
42365,121,121,0,0
42366,125,142,-17,17
42367,150,130,20,20
42368,103,100,3,3
42369,151,132,19,19
42370,58,59,-1,1
42371,64,63,1,1
42372,122,124,-2,2
42373,104,95,9,9
42374,92,86,6,6
42375,100,101,-1,1
42376,142,131,11,11
42377,93,87,6,6
42378,120,117,3,3
42379,75,81,-6,6
42380,106,102,4,4
42381,60,65,-5,5
42382,83,85,-2,2
42383,98,98,0,0
42384,56,49,7,7
42385,37,40,-3,3
42386,97,87,10,10
42387,152,152,0,0
42388,97,91,6,6
42389,76,73,3,3
42390,80,92,-12,12
42391,56,59,-3,3
42392,108,97,11,11
42393,128,111,17,17
42394,117,115,2,2
42395,103,100,3,3
42396,31,40,-9,9
42397,84,79,5,5
42398,92,96,-4,4
42399,115,130,-15,15
42400,128,134,-6,6
42401,128,125,3,3
42402,75,84,-9,9
42403,72,85,-13,13
42404,95,91,4,4
42405,56,60,-4,4
42406,83,87,-4,4
42407,97,105,-8,8
42408,109,96,13,13
42409,126,120,6,6
42410,135,140,-5,5
42411,75,77,-2,2
42412,73,68,5,5
42413,89,93,-4,4
42414,94,95,-1,1
42415,81,80,1,1
42416,78,82,-4,4
42417,79,75,4,4
42418,78,82,-4,4
42419,105,114,-9,9
42420,112,111,1,1
42421,75,66,9,9
42422,98,98,0,0
42423,94,94,0,0
42424,56,61,-5,5
42425,92,86,6,6
42426,68,72,-4,4
42427,104,106,-2,2
42428,144,128,16,16
42429,50,59,-9,9
42430,51,53,-2,2
42431,61,73,-12,12
42432,83,89,-6,6
42433,28,38,-10,10
42434,99,107,-8,8
42435,83,89,-6,6
42436,162,154,8,8
42437,104,102,2,2
42438,88,96,-8,8
42439,95,93,2,2
42440,116,112,4,4
42441,144,136,8,8
42442,69,55,14,14
42443,102,115,-13,13
42444,116,118,-2,2
42445,61,63,-2,2
42446,108,111,-3,3
42447,55,57,-2,2
42448,142,138,4,4
42449,156,153,3,3
42450,129,120,9,9
42451,180,176,4,4
42452,111,119,-8,8
42453,179,183,-4,4
42454,89,88,1,1
42455,114,111,3,3
42456,96,89,7,7
42457,117,120,-3,3
42458,64,65,-1,1
42459,57,58,-1,1
42460,54,63,-9,9
42461,95,90,5,5
42462,89,70,19,19
42463,109,99,10,10
42464,76,77,-1,1
42465,67,65,2,2
42466,65,65,0,0
42467,76,86,-10,10
42468,92,92,0,0
42469,92,91,1,1
42470,74,72,2,2
42471,92,84,8,8
42472,80,76,4,4
42473,89,90,-1,1
42474,43,48,-5,5
42475,69,74,-5,5
42476,88,90,-2,2
42477,84,93,-9,9
42478,115,116,-1,1
42479,56,56,0,0
42480,95,102,-7,7
42481,80,93,-13,13
42482,80,77,3,3
42483,98,97,1,1
42484,49,53,-4,4
42485,91,85,6,6
42486,64,71,-7,7
42487,53,59,-6,6
42488,85,79,6,6
42489,98,97,1,1
42490,100,92,8,8
42491,69,73,-4,4
42492,48,50,-2,2
42493,105,97,8,8
42494,163,150,13,13
42495,150,154,-4,4
42496,85,87,-2,2
42497,128,132,-4,4
42498,99,107,-8,8
42499,103,96,7,7
42500,128,117,11,11
42501,107,113,-6,6
42502,55,65,-10,10
42503,84,91,-7,7
42504,90,97,-7,7
42505,90,96,-6,6
42506,72,72,0,0
42507,91,93,-2,2
42508,87,95,-8,8
42509,84,71,13,13
42510,42,46,-4,4
42511,65,71,-6,6
42512,131,132,-1,1
42513,48,59,-11,11
42514,109,102,7,7
42515,85,94,-9,9
42516,66,60,6,6
42517,83,88,-5,5
42518,46,43,3,3
42519,141,137,4,4
42520,59,64,-5,5
42521,87,84,3,3
42522,84,92,-8,8
42523,86,95,-9,9
42524,127,123,4,4
42525,111,120,-9,9
42526,102,108,-6,6
42527,65,71,-6,6
42528,70,71,-1,1
42529,61,68,-7,7
42530,104,103,1,1
42531,111,112,-1,1
42532,202,183,19,19
42533,100,91,9,9
42534,136,138,-2,2
42535,35,43,-8,8
42536,40,43,-3,3
42537,115,114,1,1
42538,116,111,5,5
42539,72,64,8,8
42540,108,110,-2,2
42541,106,120,-14,14
42542,62,65,-3,3
42543,127,122,5,5
42544,94,88,6,6
42545,89,81,8,8
42546,70,74,-4,4
42547,72,78,-6,6
42548,98,86,12,12
42549,96,90,6,6
42550,108,115,-7,7
42551,142,123,19,19
42552,77,76,1,1
42553,67,66,1,1
42554,81,85,-4,4
42555,54,56,-2,2
42556,124,127,-3,3
42557,110,120,-10,10
42558,101,101,0,0
42559,86,89,-3,3
42560,117,116,1,1
42561,111,106,5,5
42562,136,128,8,8
42563,78,71,7,7
42564,62,77,-15,15
42565,231,217,14,14
42566,180,189,-9,9
42567,91,90,1,1
42568,134,136,-2,2
42569,80,85,-5,5
42570,100,102,-2,2
42571,123,123,0,0
42572,109,110,-1,1
42573,70,71,-1,1
42574,57,56,1,1
42575,148,144,4,4
42576,76,73,3,3
42577,70,73,-3,3
42578,82,82,0,0
42579,102,112,-10,10
42580,198,202,-4,4
42581,56,53,3,3
42582,94,97,-3,3
42583,97,101,-4,4
42584,103,92,11,11
42585,81,79,2,2
42586,102,98,4,4
42587,85,87,-2,2
42588,165,152,13,13
42589,50,59,-9,9
42590,124,127,-3,3
42591,101,100,1,1
42592,79,76,3,3
42593,138,149,-11,11
42594,191,160,31,31
42595,162,161,1,1
42596,126,120,6,6
42597,103,108,-5,5
42598,49,54,-5,5
42599,113,121,-8,8
42600,100,97,3,3
42601,118,120,-2,2
42602,117,127,-10,10
42603,84,87,-3,3
42604,110,102,8,8
42605,128,117,11,11
42606,105,104,1,1
42607,59,55,4,4
42608,91,91,0,0
42609,68,61,7,7
42610,72,82,-10,10
42611,135,135,0,0
42612,79,97,-18,18
42613,107,109,-2,2
42614,30,41,-11,11
42615,70,72,-2,2
42616,105,106,-1,1
42617,92,89,3,3
42618,177,176,1,1
42619,84,92,-8,8
42620,67,76,-9,9
42621,150,130,20,20
42622,65,85,-20,20
42623,69,72,-3,3
42624,94,89,5,5
42625,87,74,13,13
42626,73,83,-10,10
42627,70,76,-6,6
42628,93,88,5,5
42629,110,106,4,4
42630,87,76,11,11
42631,109,113,-4,4
42632,71,76,-5,5
42633,103,107,-4,4
42634,152,148,4,4
42635,70,73,-3,3
42636,125,109,16,16
42637,91,96,-5,5
42638,172,171,1,1
42639,60,71,-11,11
42640,99,131,-32,32
42641,61,60,1,1
42642,91,91,0,0
42643,94,88,6,6
42644,135,129,6,6
42645,43,55,-12,12
42646,83,88,-5,5
42647,93,91,2,2
42648,116,117,-1,1
42649,131,109,22,22
42650,140,152,-12,12
42651,101,109,-8,8
42652,160,150,10,10
42653,157,143,14,14
42654,147,182,-35,35
42655,151,153,-2,2
42656,162,164,-2,2
42657,52,99,-47,47
42658,77,71,6,6
42659,86,80,6,6
42660,86,93,-7,7
42661,91,83,8,8
42662,118,111,7,7
42663,103,97,6,6
42664,103,104,-1,1
42665,74,75,-1,1
42666,119,114,5,5
42667,89,88,1,1
42668,107,103,4,4
42669,109,150,-41,41
42670,85,94,-9,9
42671,70,66,4,4
42672,86,86,0,0
42673,105,104,1,1
42674,98,102,-4,4
42675,75,76,-1,1
42676,50,59,-9,9
42677,67,71,-4,4
42678,76,74,2,2
42679,80,74,6,6
42680,124,130,-6,6
42681,60,71,-11,11
42682,73,74,-1,1
42683,52,52,0,0
42684,102,103,-1,1
42685,29,28,1,1
42686,66,74,-8,8
42687,80,73,7,7
42688,76,75,1,1
42689,107,108,-1,1
42690,68,60,8,8
42691,129,121,8,8
42692,51,48,3,3
42693,131,138,-7,7
42694,73,80,-7,7
42695,157,151,6,6
42696,96,107,-11,11
42697,19,49,-30,30
42698,109,101,8,8
42699,67,71,-4,4
42700,132,134,-2,2
42701,156,128,28,28
42702,85,99,-14,14
42703,90,90,0,0
42704,85,80,5,5
42705,44,55,-11,11
42706,150,141,9,9
42707,65,66,-1,1
42708,91,108,-17,17
42709,63,77,-14,14
42710,80,83,-3,3
42711,163,173,-10,10
42712,110,103,7,7
42713,100,95,5,5
42714,89,83,6,6
42715,51,51,0,0
42716,97,106,-9,9
42717,82,83,-1,1
42718,85,85,0,0
42719,73,79,-6,6
42720,80,74,6,6
42721,50,59,-9,9
42722,81,79,2,2
42723,68,68,0,0
42724,76,79,-3,3
42725,75,70,5,5
42726,82,90,-8,8
42727,78,79,-1,1
42728,53,72,-19,19
42729,55,58,-3,3
42730,41,41,0,0
42731,95,96,-1,1
42732,55,55,0,0
42733,99,117,-18,18
42734,64,73,-9,9
42735,93,107,-14,14
42736,61,58,3,3
42737,95,95,0,0
42738,116,119,-3,3
42739,83,74,9,9
42740,82,73,9,9
42741,137,117,20,20
42742,69,74,-5,5
42743,69,63,6,6
42744,60,54,6,6
42745,81,90,-9,9
42746,128,131,-3,3
42747,78,74,4,4
42748,79,83,-4,4
42749,74,84,-10,10
42750,69,72,-3,3
42751,140,144,-4,4
42752,108,118,-10,10
42753,61,60,1,1
42754,142,145,-3,3
42755,42,40,2,2
42756,68,63,5,5
42757,74,75,-1,1
42758,94,99,-5,5
42759,164,160,4,4
42760,77,71,6,6
42761,94,86,8,8
42762,192,200,-8,8
42763,121,124,-3,3
42764,61,62,-1,1
42765,120,127,-7,7
42766,103,100,3,3
42767,89,85,4,4
42768,100,90,10,10
42769,97,87,10,10
42770,64,71,-7,7
42771,165,168,-3,3
42772,74,71,3,3
42773,65,64,1,1
42774,39,48,-9,9
42775,183,175,8,8
42776,82,87,-5,5
42777,111,111,0,0
42778,150,139,11,11
42779,89,78,11,11
42780,116,114,2,2
42781,106,106,0,0
42782,129,135,-6,6
42783,59,63,-4,4
42784,161,139,22,22
42785,108,125,-17,17
42786,63,75,-12,12
42787,114,112,2,2
42788,80,91,-11,11
42789,81,86,-5,5
42790,72,72,0,0
42791,99,95,4,4
42792,98,85,13,13
42793,111,99,12,12
42794,120,122,-2,2
42795,119,120,-1,1
42796,69,74,-5,5
42797,137,130,7,7
42798,130,135,-5,5
42799,106,95,11,11
42800,58,63,-5,5
42801,144,140,4,4
42802,117,122,-5,5
42803,146,162,-16,16
42804,137,131,6,6
42805,116,123,-7,7
42806,86,79,7,7
42807,89,86,3,3
42808,107,109,-2,2
42809,108,113,-5,5
42810,109,101,8,8
42811,53,60,-7,7
42812,79,71,8,8
42813,59,63,-4,4
42814,84,80,4,4
42815,156,146,10,10
42816,121,121,0,0
42817,66,67,-1,1
42818,74,74,0,0
42819,47,98,-51,51
42820,106,109,-3,3
42821,98,88,10,10
42822,68,63,5,5
42823,58,66,-8,8
42824,86,91,-5,5
42825,87,94,-7,7
42826,85,93,-8,8
42827,143,138,5,5
42828,168,153,15,15
42829,63,73,-10,10
42830,72,118,-46,46
42831,170,188,-18,18
42832,139,147,-8,8
42833,104,111,-7,7
42834,66,61,5,5
42835,78,82,-4,4
42836,66,61,5,5
42837,78,75,3,3
42838,178,159,19,19
42839,176,173,3,3
42840,77,72,5,5
42841,51,52,-1,1
42842,112,90,22,22
42843,110,132,-22,22
42844,140,150,-10,10
42845,120,109,11,11
42846,88,86,2,2
42847,85,96,-11,11
42848,166,156,10,10
42849,71,72,-1,1
42850,112,126,-14,14
42851,73,68,5,5
42852,80,82,-2,2
42853,113,133,-20,20
42854,62,64,-2,2
42855,94,72,22,22
42856,145,149,-4,4
42857,131,141,-10,10
42858,103,104,-1,1
42859,98,106,-8,8
42860,84,78,6,6
42861,133,126,7,7
42862,144,139,5,5
42863,141,129,12,12
42864,119,108,11,11
42865,87,86,1,1
42866,79,83,-4,4
42867,63,71,-8,8
42868,89,95,-6,6
42869,38,45,-7,7
42870,99,106,-7,7
42871,114,106,8,8
42872,129,116,13,13
42873,155,155,0,0
42874,87,74,13,13
42875,70,70,0,0
42876,112,105,7,7
42877,137,136,1,1
42878,92,86,6,6
42879,145,142,3,3
42880,154,136,18,18
42881,130,126,4,4
42882,45,43,2,2
42883,63,61,2,2
42884,58,56,2,2
42885,96,104,-8,8
42886,102,100,2,2
42887,118,131,-13,13
42888,119,116,3,3
42889,75,74,1,1
42890,115,119,-4,4
42891,94,98,-4,4
42892,108,110,-2,2
42893,101,99,2,2
42894,136,136,0,0
42895,110,115,-5,5
42896,127,127,0,0
42897,94,80,14,14
42898,124,115,9,9
42899,68,72,-4,4
42900,128,120,8,8
42901,138,137,1,1
42902,83,87,-4,4
42903,125,108,17,17
42904,63,64,-1,1
42905,133,109,24,24
42906,77,73,4,4
42907,94,90,4,4
42908,116,104,12,12
42909,93,92,1,1
42910,84,88,-4,4
42911,125,127,-2,2
42912,123,129,-6,6
42913,92,89,3,3
42914,155,153,2,2
42915,86,192,-106,106
42916,75,78,-3,3
42917,74,77,-3,3
42918,78,83,-5,5
42919,96,87,9,9
42920,113,122,-9,9
42921,139,165,-26,26
42922,95,91,4,4
42923,83,83,0,0
42924,128,130,-2,2
42925,102,101,1,1
42926,124,142,-18,18
42927,71,74,-3,3
42928,63,64,-1,1
42929,71,71,0,0
42930,131,139,-8,8
42931,115,138,-23,23
42932,91,86,5,5
42933,92,102,-10,10
42934,59,52,7,7
42935,138,141,-3,3
42936,71,71,0,0
42937,53,51,2,2
42938,103,109,-6,6
42939,85,79,6,6
42940,92,94,-2,2
42941,109,126,-17,17
42942,74,84,-10,10
42943,100,99,1,1
42944,111,112,-1,1
42945,112,113,-1,1
42946,112,105,7,7
42947,31,40,-9,9
42948,57,76,-19,19
42949,194,191,3,3
42950,75,69,6,6
42951,119,122,-3,3
42952,106,104,2,2
42953,89,76,13,13
42954,75,72,3,3
42955,77,78,-1,1
42956,68,74,-6,6
42957,48,46,2,2
42958,53,51,2,2
42959,91,93,-2,2
42960,90,105,-15,15
42961,57,65,-8,8
42962,81,83,-2,2
42963,113,111,2,2
42964,89,86,3,3
42965,74,72,2,2
42966,89,87,2,2
42967,73,79,-6,6
42968,54,47,7,7
42969,77,80,-3,3
42970,108,96,12,12
42971,59,70,-11,11
42972,218,210,8,8
42973,118,130,-12,12
42974,86,94,-8,8
42975,153,148,5,5
42976,123,122,1,1
42977,117,120,-3,3
42978,51,49,2,2
42979,77,75,2,2
42980,59,59,0,0
42981,69,74,-5,5
42982,67,74,-7,7
42983,83,77,6,6
42984,137,128,9,9
42985,96,89,7,7
42986,68,71,-3,3
42987,91,98,-7,7
42988,81,87,-6,6
42989,79,65,14,14
42990,50,46,4,4
42991,78,76,2,2
42992,32,35,-3,3
42993,64,62,2,2
42994,80,84,-4,4
42995,99,99,0,0
42996,131,140,-9,9
42997,48,50,-2,2
42998,77,72,5,5
42999,128,129,-1,1
43000,120,120,0,0
43001,55,57,-2,2
43002,79,70,9,9
43003,85,86,-1,1
43004,148,139,9,9
43005,136,138,-2,2
43006,111,124,-13,13
43007,105,138,-33,33
43008,93,91,2,2
43009,79,79,0,0
43010,87,87,0,0
43011,69,73,-4,4
43012,109,110,-1,1
43013,156,148,8,8
43014,106,111,-5,5
43015,105,108,-3,3
43016,42,39,3,3
43017,84,84,0,0
43018,15,34,-19,19
43019,89,99,-10,10
43020,179,178,1,1
43021,65,70,-5,5
43022,108,115,-7,7
43023,40,48,-8,8
43024,89,83,6,6
43025,138,130,8,8
43026,134,145,-11,11
43027,102,98,4,4
43028,103,99,4,4
43029,143,130,13,13
43030,65,72,-7,7
43031,74,73,1,1
43032,116,109,7,7
43033,79,79,0,0
43034,74,75,-1,1
43035,91,72,19,19
43036,99,98,1,1
43037,64,58,6,6
43038,120,115,5,5
43039,103,92,11,11
43040,90,87,3,3
43041,51,49,2,2
43042,96,89,7,7
43043,77,74,3,3
43044,142,146,-4,4
43045,77,65,12,12
43046,90,88,2,2
43047,141,139,2,2
43048,85,90,-5,5
43049,98,92,6,6
43050,146,148,-2,2
43051,120,114,6,6
43052,107,115,-8,8
43053,97,103,-6,6
43054,125,130,-5,5
43055,81,85,-4,4
43056,99,105,-6,6
43057,90,95,-5,5
43058,53,50,3,3
43059,88,80,8,8
43060,70,64,6,6
43061,57,74,-17,17
43062,77,71,6,6
43063,51,63,-12,12
43064,110,116,-6,6
43065,72,73,-1,1
43066,101,104,-3,3
43067,177,162,15,15
43068,153,138,15,15
43069,157,156,1,1
43070,67,66,1,1
43071,63,63,0,0
43072,208,198,10,10
43073,84,83,1,1
43074,69,72,-3,3
43075,110,100,10,10
43076,85,69,16,16
43077,37,36,1,1
43078,142,120,22,22
43079,82,88,-6,6
43080,81,91,-10,10
43081,94,93,1,1
43082,143,148,-5,5
43083,118,111,7,7
43084,86,95,-9,9
43085,76,83,-7,7
43086,73,65,8,8
43087,131,118,13,13
43088,53,75,-22,22
43089,66,65,1,1
43090,101,102,-1,1
43091,115,117,-2,2
43092,136,134,2,2
43093,61,86,-25,25
43094,86,90,-4,4
43095,71,83,-12,12
43096,81,82,-1,1
43097,69,79,-10,10
43098,36,45,-9,9
43099,157,155,2,2
43100,57,60,-3,3
43101,73,64,9,9
43102,185,169,16,16
43103,62,55,7,7
43104,123,125,-2,2
43105,65,64,1,1
43106,73,68,5,5
43107,98,97,1,1
43108,101,94,7,7
43109,104,101,3,3
43110,83,87,-4,4
43111,58,61,-3,3
43112,85,87,-2,2
43113,55,58,-3,3
43114,80,71,9,9
43115,66,65,1,1
43116,83,75,8,8
43117,107,116,-9,9
43118,104,98,6,6
43119,44,59,-15,15
43120,63,70,-7,7
43121,85,77,8,8
43122,133,132,1,1
43123,59,62,-3,3
43124,130,109,21,21
43125,74,74,0,0
43126,62,60,2,2
43127,109,103,6,6
43128,71,74,-3,3
43129,55,94,-39,39
43130,142,144,-2,2
43131,117,124,-7,7
43132,110,104,6,6
43133,35,44,-9,9
43134,85,92,-7,7
43135,63,57,6,6
43136,79,88,-9,9
43137,101,94,7,7
43138,73,75,-2,2
43139,150,159,-9,9
43140,164,146,18,18
43141,121,120,1,1
43142,56,61,-5,5
43143,82,84,-2,2
43144,115,133,-18,18
43145,103,97,6,6
43146,80,76,4,4
43147,90,106,-16,16
43148,103,101,2,2
43149,122,129,-7,7
43150,113,119,-6,6
43151,62,72,-10,10
43152,120,124,-4,4
43153,94,96,-2,2
43154,93,93,0,0
43155,52,53,-1,1
43156,89,81,8,8
43157,72,61,11,11
43158,65,57,8,8
43159,92,88,4,4
43160,59,60,-1,1
43161,86,109,-23,23
43162,119,112,7,7
43163,64,66,-2,2
43164,142,117,25,25
43165,80,82,-2,2
43166,68,66,2,2
43167,85,93,-8,8
43168,69,71,-2,2
43169,157,154,3,3
43170,120,108,12,12
43171,135,133,2,2
43172,72,67,5,5
43173,99,86,13,13
43174,88,94,-6,6
43175,101,98,3,3
43176,72,76,-4,4
43177,166,174,-8,8
43178,49,52,-3,3
43179,89,86,3,3
43180,113,107,6,6
43181,113,105,8,8
43182,85,89,-4,4
43183,67,80,-13,13
43184,89,90,-1,1
43185,63,67,-4,4
43186,52,96,-44,44
43187,127,125,2,2
43188,106,104,2,2
43189,120,106,14,14
43190,97,115,-18,18
43191,57,65,-8,8
43192,68,86,-18,18
43193,105,107,-2,2
43194,106,115,-9,9
43195,133,133,0,0
43196,63,72,-9,9
43197,58,59,-1,1
43198,106,113,-7,7
43199,103,96,7,7
43200,71,73,-2,2
43201,103,108,-5,5
43202,42,42,0,0
43203,91,85,6,6
43204,103,111,-8,8
43205,90,91,-1,1
43206,103,108,-5,5
43207,111,104,7,7
43208,132,123,9,9
43209,115,113,2,2
43210,121,128,-7,7
43211,122,114,8,8
43212,132,128,4,4
43213,32,45,-13,13
43214,110,103,7,7
43215,87,91,-4,4
43216,135,130,5,5
43217,102,98,4,4
43218,82,87,-5,5
43219,131,125,6,6
43220,102,106,-4,4
43221,52,52,0,0
43222,100,108,-8,8
43223,100,97,3,3
43224,90,96,-6,6
43225,85,93,-8,8
43226,61,62,-1,1
43227,154,169,-15,15
43228,137,128,9,9
43229,107,101,6,6
43230,98,102,-4,4
43231,92,88,4,4
43232,191,172,19,19
43233,113,122,-9,9
43234,104,108,-4,4
43235,62,59,3,3
43236,80,79,1,1
43237,50,49,1,1
43238,100,82,18,18
43239,126,129,-3,3
43240,113,105,8,8
43241,69,71,-2,2
43242,62,59,3,3
43243,52,71,-19,19
43244,118,116,2,2
43245,59,62,-3,3
43246,40,46,-6,6
43247,93,93,0,0
43248,105,113,-8,8
43249,127,120,7,7
43250,84,93,-9,9
43251,93,108,-15,15
43252,121,131,-10,10
43253,94,99,-5,5
43254,64,66,-2,2
43255,109,105,4,4
43256,123,134,-11,11
43257,130,126,4,4
43258,138,135,3,3
43259,67,68,-1,1
43260,99,97,2,2
43261,84,82,2,2
43262,112,126,-14,14
43263,103,105,-2,2
43264,60,57,3,3
43265,90,112,-22,22
43266,131,136,-5,5
43267,47,49,-2,2
43268,90,87,3,3
43269,81,82,-1,1
43270,84,83,1,1
43271,81,85,-4,4
43272,105,108,-3,3
43273,67,68,-1,1
43274,86,88,-2,2
43275,140,148,-8,8
43276,78,71,7,7
43277,96,93,3,3
43278,102,107,-5,5
43279,43,48,-5,5
43280,71,85,-14,14
43281,91,101,-10,10
43282,84,85,-1,1
43283,125,121,4,4
43284,50,54,-4,4
43285,90,95,-5,5
43286,68,61,7,7
43287,129,127,2,2
43288,133,142,-9,9
43289,72,92,-20,20
43290,150,149,1,1
43291,179,168,11,11
43292,96,92,4,4
43293,72,66,6,6
43294,178,159,19,19
43295,89,87,2,2
43296,129,120,9,9
43297,84,80,4,4
43298,87,78,9,9
43299,82,78,4,4
43300,82,90,-8,8
43301,91,92,-1,1
43302,112,118,-6,6
43303,88,95,-7,7
43304,100,108,-8,8
43305,164,158,6,6
43306,89,94,-5,5
43307,72,82,-10,10
43308,111,120,-9,9
43309,123,132,-9,9
43310,163,147,16,16
43311,65,66,-1,1
43312,130,141,-11,11
43313,145,147,-2,2
43314,92,89,3,3
43315,50,59,-9,9
43316,73,91,-18,18
43317,57,60,-3,3
43318,89,76,13,13
43319,82,81,1,1
43320,67,63,4,4
43321,91,102,-11,11
43322,112,113,-1,1
43323,73,73,0,0
43324,64,63,1,1
43325,119,135,-16,16
43326,61,55,6,6
43327,26,33,-7,7
43328,67,66,1,1
43329,178,168,10,10
43330,97,80,17,17
43331,132,113,19,19
43332,121,126,-5,5
43333,143,122,21,21
43334,92,101,-9,9
43335,78,80,-2,2
43336,99,106,-7,7
43337,68,64,4,4
43338,61,61,0,0
43339,139,145,-6,6
43340,162,165,-3,3
43341,86,86,0,0
43342,106,104,2,2
43343,48,47,1,1
43344,125,120,5,5
43345,123,122,1,1
43346,117,114,3,3
43347,229,217,12,12
43348,83,87,-4,4
43349,72,117,-45,45
43350,130,131,-1,1
43351,49,53,-4,4
43352,124,127,-3,3
43353,123,127,-4,4
43354,127,135,-8,8
43355,78,77,1,1
43356,87,114,-27,27
43357,129,121,8,8
43358,97,90,7,7
43359,129,147,-18,18
43360,69,64,5,5
43361,84,83,1,1
43362,122,110,12,12
43363,158,147,11,11
43364,77,83,-6,6
43365,86,99,-13,13
43366,100,106,-6,6
43367,93,103,-10,10
43368,117,114,3,3
43369,139,131,8,8
43370,100,97,3,3
43371,162,156,6,6
43372,68,72,-4,4
43373,68,69,-1,1
43374,85,77,8,8
43375,105,98,7,7
43376,174,160,14,14
43377,85,87,-2,2
43378,108,102,6,6
43379,67,71,-4,4
43380,115,117,-2,2
43381,63,64,-1,1
43382,107,109,-2,2
43383,99,108,-9,9
43384,52,58,-6,6
43385,87,83,4,4
43386,125,95,30,30
43387,64,57,7,7
43388,101,111,-10,10
43389,118,120,-2,2
43390,129,131,-2,2
43391,100,106,-6,6
43392,71,64,7,7
43393,70,83,-13,13
43394,70,75,-5,5
43395,101,85,16,16
43396,71,73,-2,2
43397,70,68,2,2
43398,115,116,-1,1
43399,56,55,1,1
43400,106,109,-3,3
43401,125,125,0,0
43402,104,103,1,1
43403,84,82,2,2
43404,64,66,-2,2
43405,82,82,0,0
43406,99,109,-10,10
43407,167,165,2,2
43408,107,105,2,2
43409,91,85,6,6
43410,83,88,-5,5
43411,89,77,12,12
43412,92,87,5,5
43413,114,109,5,5
43414,126,105,21,21
43415,133,130,3,3
43416,51,58,-7,7
43417,87,80,7,7
43418,67,62,5,5
43419,67,63,4,4
43420,142,136,6,6
43421,139,131,8,8
43422,125,115,10,10
43423,81,79,2,2
43424,210,194,16,16
43425,113,107,6,6
43426,57,72,-15,15
43427,94,94,0,0
43428,121,96,25,25
43429,107,108,-1,1
43430,38,50,-12,12
43431,81,85,-4,4
43432,126,115,11,11
43433,248,256,-8,8
43434,92,94,-2,2
43435,153,149,4,4
43436,127,131,-4,4
43437,45,51,-6,6
43438,81,108,-27,27
43439,164,165,-1,1
43440,140,154,-14,14
43441,114,113,1,1
43442,115,119,-4,4
43443,87,84,3,3
43444,57,60,-3,3
43445,51,45,6,6
43446,95,110,-15,15
43447,33,39,-6,6
43448,128,125,3,3
43449,101,100,1,1
43450,75,79,-4,4
43451,138,137,1,1
43452,136,127,9,9
43453,63,87,-24,24
43454,80,66,14,14
43455,90,104,-14,14
43456,47,45,2,2
43457,96,94,2,2
43458,62,59,3,3
43459,98,95,3,3
43460,140,143,-3,3
43461,84,76,8,8
43462,143,153,-10,10
43463,84,88,-4,4
43464,151,155,-4,4
43465,87,79,8,8
43466,107,116,-9,9
43467,118,111,7,7
43468,60,65,-5,5
43469,82,87,-5,5
43470,167,163,4,4
43471,110,102,8,8
43472,98,99,-1,1
43473,83,86,-3,3
43474,76,74,2,2
43475,93,104,-11,11
43476,102,105,-3,3
43477,76,65,11,11
43478,76,82,-6,6
43479,115,115,0,0
43480,77,81,-4,4
43481,98,96,2,2
43482,149,147,2,2
43483,78,74,4,4
43484,119,123,-4,4
43485,121,118,3,3
43486,46,75,-29,29
43487,67,80,-13,13
43488,129,123,6,6
43489,114,119,-5,5
43490,73,76,-3,3
43491,118,121,-3,3
43492,90,93,-3,3
43493,165,170,-5,5
43494,147,150,-3,3
43495,52,44,8,8
43496,111,125,-14,14
43497,160,147,13,13
43498,88,98,-10,10
43499,105,105,0,0
43500,105,93,12,12
43501,90,95,-5,5
43502,120,124,-4,4
43503,89,73,16,16
43504,79,82,-3,3
43505,82,92,-10,10
43506,122,128,-6,6
43507,96,93,3,3
43508,48,52,-4,4
43509,70,65,5,5
43510,65,78,-13,13
43511,78,82,-4,4
43512,133,133,0,0
43513,48,50,-2,2
43514,90,93,-3,3
43515,54,58,-4,4
43516,104,95,9,9
43517,91,84,7,7
43518,112,111,1,1
43519,63,66,-3,3
43520,113,112,1,1
43521,99,87,12,12
43522,100,97,3,3
43523,69,71,-2,2
43524,122,118,4,4
43525,84,87,-3,3
43526,119,108,11,11
43527,103,98,5,5
43528,91,112,-21,21
43529,55,61,-6,6
43530,64,70,-6,6
43531,87,84,3,3
43532,220,213,7,7
43533,85,85,0,0
43534,63,67,-4,4
43535,64,64,0,0
43536,109,120,-11,11
43537,80,79,1,1
43538,91,92,-1,1
43539,146,154,-8,8
43540,125,129,-4,4
43541,130,134,-4,4
43542,127,143,-16,16
43543,113,104,9,9
43544,125,126,-1,1
43545,84,89,-5,5
43546,111,111,0,0
43547,138,132,6,6
43548,47,50,-3,3
43549,75,87,-12,12
43550,98,111,-13,13
43551,163,158,5,5
43552,140,127,13,13
43553,50,46,4,4
43554,77,78,-1,1
43555,64,60,4,4
43556,76,72,4,4
43557,108,107,1,1
43558,53,48,5,5
43559,65,75,-10,10
43560,197,192,5,5
43561,182,174,8,8
43562,71,71,0,0
43563,134,119,15,15
43564,126,115,11,11
43565,54,59,-5,5
43566,132,140,-8,8
43567,86,82,4,4
43568,106,112,-6,6
43569,53,55,-2,2
43570,87,86,1,1
43571,80,83,-3,3
43572,150,158,-8,8
43573,49,48,1,1
43574,137,107,30,30
43575,51,53,-2,2
43576,90,85,5,5
43577,125,125,0,0
43578,110,115,-5,5
43579,112,119,-7,7
43580,51,57,-6,6
43581,105,94,11,11
43582,110,117,-7,7
43583,93,100,-7,7
43584,169,164,5,5
43585,97,82,15,15
43586,97,82,15,15
43587,89,95,-6,6
43588,75,76,-1,1
43589,119,119,0,0
43590,93,99,-6,6
43591,53,61,-8,8
43592,121,102,19,19
43593,61,77,-16,16
43594,98,108,-10,10
43595,92,94,-2,2
43596,63,60,3,3
43597,101,88,13,13
43598,180,173,7,7
43599,70,71,-1,1
43600,66,65,1,1
43601,121,179,-58,58
43602,100,98,2,2
43603,151,153,-2,2
43604,44,62,-18,18
43605,93,91,2,2
43606,79,72,7,7
43607,133,123,10,10
43608,51,50,1,1
43609,111,114,-3,3
43610,83,84,-1,1
43611,93,103,-10,10
43612,78,71,7,7
43613,75,75,0,0
43614,133,136,-3,3
43615,128,120,8,8
43616,98,107,-9,9
43617,137,122,15,15
43618,79,85,-6,6
43619,90,90,0,0
43620,62,64,-2,2
43621,170,177,-7,7
43622,123,124,-1,1
43623,57,64,-7,7
43624,87,99,-12,12
43625,35,48,-13,13
43626,76,85,-9,9
43627,95,88,7,7
43628,63,67,-4,4
43629,74,73,1,1
43630,125,132,-7,7
43631,115,116,-1,1
43632,63,63,0,0
43633,141,138,3,3
43634,78,76,2,2
43635,71,72,-1,1
43636,90,90,0,0
43637,235,234,1,1
43638,118,110,8,8
43639,65,68,-3,3
43640,98,93,5,5
43641,97,109,-12,12
43642,48,57,-9,9
43643,110,114,-4,4
43644,96,97,-1,1
43645,119,115,4,4
43646,141,139,2,2
43647,80,83,-3,3
43648,88,113,-25,25
43649,93,93,0,0
43650,141,142,-1,1
43651,59,79,-20,20
43652,98,96,2,2
43653,66,78,-12,12
43654,91,92,-1,1
43655,90,88,2,2
43656,111,113,-2,2
43657,96,95,1,1
43658,103,98,5,5
43659,59,59,0,0
43660,68,72,-4,4
43661,73,72,1,1
43662,60,64,-4,4
43663,75,90,-15,15
43664,65,68,-3,3
43665,91,95,-4,4
43666,53,62,-9,9
43667,97,101,-4,4
43668,66,62,4,4
43669,94,95,-1,1
43670,97,99,-2,2
43671,81,80,1,1
43672,134,129,5,5
43673,96,104,-8,8
43674,115,123,-8,8
43675,51,73,-22,22
43676,75,78,-3,3
43677,157,150,7,7
43678,86,89,-3,3
43679,147,158,-11,11
43680,85,82,3,3
43681,88,96,-8,8
43682,46,48,-2,2
43683,119,122,-3,3
43684,109,99,10,10
43685,142,146,-4,4
43686,95,100,-5,5
43687,93,99,-6,6
43688,79,76,3,3
43689,142,141,1,1
43690,83,86,-3,3
43691,93,91,2,2
43692,149,115,34,34
43693,114,105,9,9
43694,99,89,10,10
43695,125,132,-7,7
43696,116,99,17,17
43697,131,142,-11,11
43698,103,100,3,3
43699,79,69,10,10
43700,171,172,-1,1
43701,69,76,-7,7
43702,78,89,-11,11
43703,67,83,-16,16
43704,82,82,0,0
43705,110,122,-12,12
43706,171,161,10,10
43707,46,45,1,1
43708,60,58,2,2
43709,179,164,15,15
43710,68,73,-5,5
43711,66,65,1,1
43712,67,65,2,2
43713,87,109,-22,22
43714,61,63,-2,2
43715,61,65,-4,4
43716,122,129,-7,7
43717,96,97,-1,1
43718,106,92,14,14
43719,54,53,1,1
43720,76,77,-1,1
43721,111,116,-5,5
43722,44,47,-3,3
43723,163,163,0,0
43724,71,61,10,10
43725,74,73,1,1
43726,97,100,-3,3
43727,134,132,2,2
43728,82,78,4,4
43729,79,101,-22,22
43730,138,128,10,10
43731,82,103,-21,21
43732,152,153,-1,1
43733,111,118,-7,7
43734,123,116,7,7
43735,77,74,3,3
43736,146,139,7,7
43737,82,81,1,1
43738,69,74,-5,5
43739,91,101,-10,10
43740,166,159,7,7
43741,53,53,0,0
43742,71,70,1,1
43743,84,84,0,0
43744,68,71,-3,3
43745,94,104,-10,10
43746,101,130,-29,29
43747,106,105,1,1
43748,93,88,5,5
43749,69,72,-3,3
43750,136,127,9,9
43751,90,88,2,2
43752,87,76,11,11
43753,64,59,5,5
43754,62,106,-44,44
43755,77,83,-6,6
43756,47,62,-15,15
43757,122,124,-2,2
43758,67,72,-5,5
43759,87,98,-11,11
43760,84,75,9,9
43761,68,71,-3,3
43762,60,63,-3,3
43763,75,75,0,0
43764,90,86,4,4
43765,69,84,-15,15
43766,77,75,2,2
43767,82,76,6,6
43768,127,128,-1,1
43769,58,62,-4,4
43770,151,143,8,8
43771,125,137,-12,12
43772,114,113,1,1
43773,106,113,-7,7
43774,85,88,-3,3
43775,92,89,3,3
43776,70,70,0,0
43777,124,127,-3,3
43778,97,104,-7,7
43779,71,77,-6,6
43780,146,150,-4,4
43781,93,95,-2,2
43782,91,83,8,8
43783,63,62,1,1
43784,60,61,-1,1
43785,84,102,-18,18
43786,192,198,-6,6
43787,93,88,5,5
43788,133,126,7,7
43789,95,92,3,3
43790,65,59,6,6
43791,81,93,-12,12
43792,107,115,-8,8
43793,131,125,6,6
43794,130,136,-6,6
43795,68,64,4,4
43796,77,80,-3,3
43797,112,121,-9,9
43798,67,75,-8,8
43799,91,91,0,0
43800,90,88,2,2
43801,125,126,-1,1
43802,69,65,4,4
43803,106,109,-3,3
43804,110,105,5,5
43805,65,65,0,0
43806,87,93,-6,6
43807,60,56,4,4
43808,91,87,4,4
43809,153,140,13,13
43810,95,95,0,0
43811,150,144,6,6
43812,61,66,-5,5
43813,169,182,-13,13
43814,76,77,-1,1
43815,93,94,-1,1
43816,75,71,4,4
43817,76,85,-9,9
43818,85,104,-19,19
43819,63,71,-8,8
43820,86,92,-6,6
43821,111,108,3,3
43822,81,78,3,3
43823,225,186,39,39
43824,49,49,0,0
43825,90,94,-4,4
43826,67,65,2,2
43827,109,115,-6,6
43828,103,96,7,7
43829,73,67,6,6
43830,137,141,-4,4
43831,93,101,-8,8
43832,68,71,-3,3
43833,82,99,-17,17
43834,66,73,-7,7
43835,110,95,15,15
43836,170,181,-11,11
43837,104,105,-1,1
43838,73,75,-2,2
43839,137,130,7,7
43840,55,54,1,1
43841,52,61,-9,9
43842,95,89,6,6
43843,48,50,-2,2
43844,67,79,-12,12
43845,64,64,0,0
43846,71,73,-2,2
43847,77,74,3,3
43848,66,61,5,5
43849,78,76,2,2
43850,71,73,-2,2
43851,117,119,-2,2
43852,83,72,11,11
43853,43,47,-4,4
43854,100,94,6,6
43855,50,56,-6,6
43856,140,144,-4,4
43857,86,102,-16,16
43858,63,62,1,1
43859,91,94,-3,3
43860,113,110,3,3
43861,63,63,0,0
43862,61,58,3,3
43863,78,87,-9,9
43864,34,50,-16,16
43865,90,105,-15,15
43866,47,42,5,5
43867,64,72,-8,8
43868,58,65,-7,7
43869,116,122,-6,6
43870,117,117,0,0
43871,84,92,-8,8
43872,105,111,-6,6
43873,86,89,-3,3
43874,68,64,4,4
43875,131,142,-11,11
43876,77,81,-4,4
43877,76,69,7,7
43878,117,107,10,10
43879,97,92,5,5
43880,123,124,-1,1
43881,98,103,-5,5
43882,71,72,-1,1
43883,127,126,1,1
43884,56,54,2,2
43885,122,116,6,6
43886,49,59,-10,10
43887,60,62,-2,2
43888,115,112,3,3
43889,78,83,-5,5
43890,46,53,-7,7
43891,119,118,1,1
43892,129,148,-19,19
43893,66,62,4,4
43894,142,145,-3,3
43895,79,78,1,1
43896,71,78,-7,7
43897,144,143,1,1
43898,106,112,-6,6
43899,77,81,-4,4
43900,74,80,-6,6
43901,69,70,-1,1
43902,88,83,5,5
43903,59,58,1,1
43904,123,124,-1,1
43905,54,55,-1,1
43906,43,49,-6,6
43907,155,137,18,18
43908,68,70,-2,2
43909,131,136,-5,5
43910,146,143,3,3
43911,102,87,15,15
43912,80,83,-3,3
43913,57,63,-6,6
43914,81,77,4,4
43915,104,119,-15,15
43916,39,39,0,0
43917,78,79,-1,1
43918,112,114,-2,2
43919,44,85,-41,41
43920,79,77,2,2
43921,132,133,-1,1
43922,117,130,-13,13
43923,80,84,-4,4
43924,88,78,10,10
43925,61,61,0,0
43926,57,50,7,7
43927,123,124,-1,1
43928,60,66,-6,6
43929,113,106,7,7
43930,64,67,-3,3
43931,101,93,8,8
43932,143,144,-1,1
43933,71,77,-6,6
43934,80,72,8,8
43935,70,66,4,4
43936,45,47,-2,2
43937,44,51,-7,7
43938,92,86,6,6
43939,67,72,-5,5
43940,63,54,9,9
43941,139,135,4,4
43942,127,123,4,4
43943,69,65,4,4
43944,136,131,5,5
43945,109,117,-8,8
43946,120,119,1,1
43947,63,64,-1,1
43948,50,52,-2,2
43949,97,89,8,8
43950,103,91,12,12
43951,89,82,7,7
43952,85,79,6,6
43953,173,169,4,4
43954,128,128,0,0
43955,171,175,-4,4
43956,49,50,-1,1
43957,99,86,13,13
43958,129,141,-12,12
43959,85,90,-5,5
43960,102,97,5,5
43961,124,126,-2,2
43962,122,112,10,10
43963,137,136,1,1
43964,89,95,-6,6
43965,51,48,3,3
43966,81,103,-22,22
43967,88,80,8,8
43968,76,82,-6,6
43969,111,120,-9,9
43970,86,87,-1,1
43971,131,129,2,2
43972,23,30,-7,7
43973,109,109,0,0
43974,84,81,3,3
43975,101,103,-2,2
43976,139,140,-1,1
43977,58,66,-8,8
43978,71,73,-2,2
43979,95,84,11,11
43980,70,66,4,4
43981,65,71,-6,6
43982,95,92,3,3
43983,109,106,3,3
43984,57,59,-2,2
43985,103,104,-1,1
43986,184,169,15,15
43987,80,78,2,2
43988,103,107,-4,4
43989,94,125,-31,31
43990,62,62,0,0
43991,110,89,21,21
43992,109,112,-3,3
43993,47,52,-5,5
43994,107,115,-8,8
43995,184,169,15,15
43996,122,137,-15,15
43997,155,158,-3,3
43998,66,74,-8,8
43999,63,62,1,1
44000,104,120,-16,16
44001,100,93,7,7
44002,82,100,-18,18
44003,162,167,-5,5
44004,122,130,-8,8
44005,78,138,-60,60
44006,71,66,5,5
44007,131,114,17,17
44008,113,101,12,12
44009,84,92,-8,8
44010,65,63,2,2
44011,81,84,-3,3
44012,93,83,10,10
44013,67,65,2,2
44014,148,134,14,14
44015,72,79,-7,7
44016,106,99,7,7
44017,79,91,-12,12
44018,113,115,-2,2
44019,66,63,3,3
44020,68,58,10,10
44021,63,61,2,2
44022,81,101,-20,20
44023,117,117,0,0
44024,70,109,-39,39
44025,78,77,1,1
44026,165,177,-12,12
44027,40,41,-1,1
44028,85,92,-7,7
44029,73,109,-36,36
44030,104,99,5,5
44031,129,120,9,9
44032,116,106,10,10
44033,115,111,4,4
44034,82,81,1,1
44035,84,88,-4,4
44036,82,89,-7,7
44037,29,62,-33,33
44038,64,74,-10,10
44039,66,58,8,8
44040,114,116,-2,2
44041,146,136,10,10
44042,65,62,3,3
44043,42,44,-2,2
44044,157,165,-8,8
44045,89,87,2,2
44046,116,134,-18,18
44047,54,58,-4,4
44048,77,75,2,2
44049,79,82,-3,3
44050,137,139,-2,2
44051,67,65,2,2
44052,105,116,-11,11
44053,149,126,23,23
44054,57,60,-3,3
44055,104,115,-11,11
44056,89,98,-9,9
44057,82,88,-6,6
44058,106,123,-17,17
44059,191,186,5,5
44060,87,86,1,1
44061,58,58,0,0
44062,114,116,-2,2
44063,114,124,-10,10
44064,118,110,8,8
44065,159,153,6,6
44066,58,55,3,3
44067,95,97,-2,2
44068,74,74,0,0
44069,135,123,12,12
44070,134,138,-4,4
44071,87,84,3,3
44072,130,120,10,10
44073,119,118,1,1
44074,142,138,4,4
44075,152,153,-1,1
44076,105,106,-1,1
44077,63,64,-1,1
44078,92,94,-2,2
44079,75,70,5,5
44080,96,94,2,2
44081,75,66,9,9
44082,56,56,0,0
44083,72,68,4,4
44084,89,105,-16,16
44085,58,63,-5,5
44086,76,74,2,2
44087,90,108,-18,18
44088,73,84,-11,11
44089,78,81,-3,3
44090,110,124,-14,14
44091,174,161,13,13
44092,104,92,12,12
44093,94,101,-7,7
44094,165,156,9,9
44095,107,98,9,9
44096,78,75,3,3
44097,90,88,2,2
44098,124,120,4,4
44099,129,118,11,11
44100,66,65,1,1
44101,73,79,-6,6
44102,139,145,-6,6
44103,72,78,-6,6
44104,140,135,5,5
44105,93,100,-7,7
44106,135,129,6,6
44107,56,57,-1,1
44108,76,72,4,4
44109,102,106,-4,4
44110,102,106,-4,4
44111,130,129,1,1
44112,152,153,-1,1
44113,76,72,4,4
44114,178,184,-6,6
44115,85,75,10,10
44116,78,74,4,4
44117,97,116,-19,19
44118,113,122,-9,9
44119,81,87,-6,6
44120,65,79,-14,14
44121,42,46,-4,4
44122,72,83,-11,11
44123,115,116,-1,1
44124,80,89,-9,9
44125,39,40,-1,1
44126,85,82,3,3
44127,101,98,3,3
44128,158,159,-1,1
44129,91,94,-3,3
44130,68,71,-3,3
44131,112,121,-9,9
44132,161,164,-3,3
44133,147,158,-11,11
44134,63,67,-4,4
44135,60,76,-16,16
44136,84,86,-2,2
44137,112,114,-2,2
44138,129,123,6,6
44139,136,139,-3,3
44140,130,126,4,4
44141,74,75,-1,1
44142,111,118,-7,7
44143,118,124,-6,6
44144,60,59,1,1
44145,59,68,-9,9
44146,90,91,-1,1
44147,72,79,-7,7
44148,118,120,-2,2
44149,63,63,0,0
44150,91,90,1,1
44151,106,112,-6,6
44152,89,89,0,0
44153,111,113,-2,2
44154,131,131,0,0
44155,85,97,-12,12
44156,97,100,-3,3
44157,41,45,-4,4
44158,104,107,-3,3
44159,137,146,-9,9
44160,110,105,5,5
44161,50,76,-26,26
44162,143,131,12,12
44163,110,110,0,0
44164,79,80,-1,1
44165,79,81,-2,2
44166,71,77,-6,6
44167,116,120,-4,4
44168,89,86,3,3
44169,85,87,-2,2
44170,62,72,-10,10
44171,105,96,9,9
44172,110,119,-9,9
44173,68,79,-11,11
44174,125,130,-5,5
44175,120,120,0,0
44176,118,115,3,3
44177,63,61,2,2
44178,42,46,-4,4
44179,49,55,-6,6
44180,96,93,3,3
44181,107,109,-2,2
44182,108,117,-9,9
44183,94,94,0,0
44184,89,86,3,3
44185,117,120,-3,3
44186,120,125,-5,5
44187,71,72,-1,1
44188,71,74,-3,3
44189,58,62,-4,4
44190,90,102,-12,12
44191,118,111,7,7
44192,43,64,-21,21
44193,78,75,3,3
44194,159,153,6,6
44195,99,111,-12,12
44196,92,97,-5,5
44197,148,139,9,9
44198,97,85,12,12
44199,84,93,-9,9
44200,45,45,0,0
44201,63,65,-2,2
44202,117,114,3,3
44203,122,120,2,2
44204,115,109,6,6
44205,110,107,3,3
44206,114,110,4,4
44207,71,73,-2,2
44208,132,145,-13,13
44209,73,71,2,2
44210,137,132,5,5
44211,79,73,6,6
44212,79,67,12,12
44213,106,108,-2,2
44214,99,94,5,5
44215,77,103,-26,26
44216,127,135,-8,8
44217,96,90,6,6
44218,66,63,3,3
44219,63,62,1,1
44220,95,98,-3,3
44221,97,94,3,3
44222,42,42,0,0
44223,60,49,11,11
44224,59,64,-5,5
44225,66,65,1,1
44226,140,109,31,31
44227,64,71,-7,7
44228,72,74,-2,2
44229,85,84,1,1
44230,119,103,16,16
44231,99,93,6,6
44232,133,127,6,6
44233,75,80,-5,5
44234,66,65,1,1
44235,102,98,4,4
44236,63,71,-8,8
44237,133,131,2,2
44238,144,144,0,0
44239,141,129,12,12
44240,97,108,-11,11
44241,90,98,-8,8
44242,124,131,-7,7
44243,123,131,-8,8
44244,191,181,10,10
44245,62,62,0,0
44246,58,64,-6,6
44247,98,95,3,3
44248,113,112,1,1
44249,107,101,6,6
44250,106,111,-5,5
44251,95,92,3,3
44252,144,138,6,6
44253,50,46,4,4
44254,195,177,18,18
44255,122,107,15,15
44256,97,80,17,17
44257,71,60,11,11
44258,153,147,6,6
44259,67,73,-6,6
44260,51,56,-5,5
44261,65,71,-6,6
44262,78,79,-1,1
44263,87,86,1,1
44264,72,78,-6,6
44265,81,80,1,1
44266,149,148,1,1
44267,119,106,13,13
44268,102,93,9,9
44269,93,91,2,2
44270,116,120,-4,4
44271,125,125,0,0
44272,138,134,4,4
44273,75,85,-10,10
44274,100,102,-2,2
44275,107,97,10,10
44276,91,120,-29,29
44277,135,135,0,0
44278,47,57,-10,10
44279,95,86,9,9
44280,88,101,-13,13
44281,71,66,5,5
44282,110,126,-16,16
44283,108,112,-4,4
44284,49,62,-13,13
44285,48,53,-5,5
44286,93,97,-4,4
44287,94,96,-2,2
44288,140,139,1,1
44289,68,74,-6,6
44290,79,88,-9,9
44291,147,149,-2,2
44292,107,100,7,7
44293,77,73,4,4
44294,87,89,-2,2
44295,183,186,-3,3
44296,123,116,7,7
44297,143,137,6,6
44298,94,94,0,0
44299,96,89,7,7
44300,85,92,-7,7
44301,112,114,-2,2
44302,82,84,-2,2
44303,103,102,1,1
44304,98,99,-1,1
44305,104,109,-5,5
44306,81,74,7,7
44307,57,59,-2,2
44308,113,129,-16,16
44309,80,82,-2,2
44310,117,118,-1,1
44311,68,64,4,4
44312,76,78,-2,2
44313,69,79,-10,10
44314,86,94,-8,8
44315,107,99,8,8
44316,63,58,5,5
44317,127,130,-3,3
44318,87,88,-1,1
44319,82,82,0,0
44320,92,90,2,2
44321,78,79,-1,1
44322,117,114,3,3
44323,93,108,-15,15
44324,116,118,-2,2
44325,51,57,-6,6
44326,80,76,4,4
44327,126,131,-5,5
44328,48,60,-12,12
44329,183,185,-2,2
44330,61,64,-3,3
44331,128,135,-7,7
44332,95,88,7,7
44333,107,95,12,12
44334,87,96,-9,9
44335,136,140,-4,4
44336,49,50,-1,1
44337,77,73,4,4
44338,114,112,2,2
44339,139,127,12,12
44340,90,92,-2,2
44341,164,180,-16,16
44342,124,136,-12,12
44343,115,119,-4,4
44344,111,108,3,3
44345,144,145,-1,1
44346,72,78,-6,6
44347,121,118,3,3
44348,131,125,6,6
44349,99,111,-12,12
44350,55,61,-6,6
44351,125,120,5,5
44352,43,45,-2,2
44353,75,70,5,5
44354,71,71,0,0
44355,62,63,-1,1
44356,86,82,4,4
44357,78,79,-1,1
44358,101,99,2,2
44359,81,83,-2,2
44360,144,135,9,9
44361,121,114,7,7
44362,84,81,3,3
44363,91,87,4,4
44364,108,127,-19,19
44365,84,86,-2,2
44366,96,88,8,8
44367,130,131,-1,1
44368,53,53,0,0
44369,111,122,-11,11
44370,65,60,5,5
44371,138,131,7,7
44372,39,40,-1,1
44373,54,61,-7,7
44374,48,47,1,1
44375,62,60,2,2
44376,110,115,-5,5
44377,88,93,-5,5
44378,92,86,6,6
44379,124,119,5,5
44380,86,88,-2,2
44381,89,101,-12,12
44382,96,103,-7,7
44383,50,56,-6,6
44384,92,84,8,8
44385,70,72,-2,2
44386,101,105,-4,4
44387,143,138,5,5
44388,128,142,-14,14
44389,83,84,-1,1
44390,59,60,-1,1
44391,131,123,8,8
44392,79,74,5,5
44393,66,63,3,3
44394,110,105,5,5
44395,99,96,3,3
44396,100,106,-6,6
44397,92,93,-1,1
44398,115,105,10,10
44399,87,78,9,9
44400,105,98,7,7
44401,77,77,0,0
44402,93,98,-5,5
44403,124,124,0,0
44404,71,80,-9,9
44405,68,67,1,1
44406,107,118,-11,11
44407,130,131,-1,1
44408,32,37,-5,5
44409,96,110,-14,14
44410,82,76,6,6
44411,73,71,2,2
44412,57,79,-22,22
44413,60,63,-3,3
44414,61,60,1,1
44415,127,117,10,10
44416,67,62,5,5
44417,148,139,9,9
44418,111,105,6,6
44419,119,112,7,7
44420,86,77,9,9
44421,88,88,0,0
44422,68,65,3,3
44423,65,68,-3,3
44424,64,73,-9,9
44425,158,138,20,20
44426,144,130,14,14
44427,91,92,-1,1
44428,63,64,-1,1
44429,88,93,-5,5
44430,122,110,12,12
44431,51,56,-5,5
44432,124,137,-13,13
44433,118,108,10,10
44434,49,47,2,2
44435,94,83,11,11
44436,69,63,6,6
44437,168,163,5,5
44438,79,85,-6,6
44439,70,74,-4,4
44440,199,204,-5,5
44441,43,52,-9,9
44442,85,91,-6,6
44443,51,53,-2,2
44444,135,130,5,5
44445,57,78,-21,21
44446,191,201,-10,10
44447,94,104,-10,10
44448,109,115,-6,6
44449,76,79,-3,3
44450,175,178,-3,3
44451,126,135,-9,9
44452,143,135,8,8
44453,101,101,0,0
44454,50,77,-27,27
44455,84,89,-5,5
44456,94,92,2,2
44457,110,110,0,0
44458,170,148,22,22
44459,149,144,5,5
44460,94,100,-6,6
44461,102,105,-3,3
44462,118,133,-15,15
44463,112,120,-8,8
44464,108,110,-2,2
44465,58,64,-6,6
44466,39,111,-72,72
44467,112,112,0,0
44468,107,120,-13,13
44469,61,59,2,2
44470,99,100,-1,1
44471,62,71,-9,9
44472,119,113,6,6
44473,105,99,6,6
44474,93,84,9,9
44475,109,111,-2,2
44476,132,127,5,5
44477,83,109,-26,26
44478,46,48,-2,2
44479,170,165,5,5
44480,217,196,21,21
44481,119,121,-2,2
44482,140,157,-17,17
44483,106,103,3,3
44484,100,102,-2,2
44485,61,60,1,1
44486,111,132,-21,21
44487,117,101,16,16
44488,68,77,-9,9
44489,94,97,-3,3
44490,74,73,1,1
44491,109,120,-11,11
44492,98,117,-19,19
44493,103,95,8,8
44494,78,90,-12,12
44495,80,79,1,1
44496,83,84,-1,1
44497,76,84,-8,8
44498,110,111,-1,1
44499,152,148,4,4
44500,81,73,8,8
44501,133,134,-1,1
44502,66,63,3,3
44503,102,99,3,3
44504,102,105,-3,3
44505,53,58,-5,5
44506,139,142,-3,3
44507,133,129,4,4
44508,57,60,-3,3
44509,61,57,4,4
44510,116,107,9,9
44511,97,96,1,1
44512,187,172,15,15
44513,62,63,-1,1
44514,102,106,-4,4
44515,62,73,-11,11
44516,48,44,4,4
44517,108,115,-7,7
44518,68,65,3,3
44519,112,113,-1,1
44520,154,150,4,4
44521,76,78,-2,2
44522,110,117,-7,7
44523,89,92,-3,3
44524,128,126,2,2
44525,61,71,-10,10
44526,60,70,-10,10
44527,143,150,-7,7
44528,107,115,-8,8
44529,76,71,5,5
44530,79,79,0,0
44531,65,62,3,3
44532,104,110,-6,6
44533,145,145,0,0
44534,86,77,9,9
44535,83,84,-1,1
44536,88,103,-15,15
44537,178,173,5,5
44538,116,124,-8,8
44539,105,123,-18,18
44540,72,77,-5,5
44541,77,76,1,1
44542,56,63,-7,7
44543,109,99,10,10
44544,45,47,-2,2
44545,106,100,6,6
44546,42,44,-2,2
44547,118,123,-5,5
44548,102,97,5,5
44549,47,71,-24,24
44550,70,74,-4,4
44551,103,108,-5,5
44552,123,130,-7,7
44553,170,162,8,8
44554,124,134,-10,10
44555,98,101,-3,3
44556,57,70,-13,13
44557,122,131,-9,9
44558,59,59,0,0
44559,107,99,8,8
44560,73,71,2,2
44561,65,65,0,0
44562,53,50,3,3
44563,152,149,3,3
44564,81,76,5,5
44565,87,83,4,4
44566,77,73,4,4
44567,129,137,-8,8
44568,165,163,2,2
44569,111,116,-5,5
44570,108,117,-9,9
44571,67,71,-4,4
44572,78,77,1,1
44573,105,100,5,5
44574,72,67,5,5
44575,75,85,-10,10
44576,85,80,5,5
44577,57,58,-1,1
44578,115,125,-10,10
44579,74,72,2,2
44580,170,175,-5,5
44581,90,96,-6,6
44582,85,91,-6,6
44583,65,70,-5,5
44584,45,45,0,0
44585,160,141,19,19
44586,160,157,3,3
44587,99,106,-7,7
44588,62,72,-10,10
44589,121,128,-7,7
44590,129,125,4,4
44591,98,103,-5,5
44592,104,99,5,5
44593,69,71,-2,2
44594,75,71,4,4
44595,95,93,2,2
44596,118,122,-4,4
44597,94,139,-45,45
44598,100,105,-5,5
44599,129,120,9,9
44600,118,121,-3,3
44601,57,164,-107,107
44602,68,67,1,1
44603,123,125,-2,2
44604,93,86,7,7
44605,53,61,-8,8
44606,92,92,0,0
44607,78,80,-2,2
44608,175,154,21,21
44609,115,129,-14,14
44610,70,76,-6,6
44611,161,145,16,16
44612,61,63,-2,2
44613,64,63,1,1
44614,86,91,-5,5
44615,84,87,-3,3
44616,152,136,16,16
44617,116,116,0,0
44618,53,57,-4,4
44619,57,60,-3,3
44620,68,78,-10,10
44621,178,176,2,2
44622,93,89,4,4
44623,120,117,3,3
44624,136,142,-6,6
44625,39,46,-7,7
44626,102,98,4,4
44627,167,179,-12,12
44628,65,63,2,2
44629,50,62,-12,12
44630,80,77,3,3
44631,126,127,-1,1
44632,67,68,-1,1
44633,59,70,-11,11
44634,116,116,0,0
44635,95,94,1,1
44636,57,58,-1,1
44637,75,84,-9,9
44638,99,103,-4,4
44639,94,96,-2,2
44640,65,61,4,4
44641,90,90,0,0
44642,126,119,7,7
44643,86,98,-12,12
44644,103,102,1,1
44645,92,105,-13,13
44646,120,120,0,0
44647,86,82,4,4
44648,19,21,-2,2
44649,138,133,5,5
44650,86,86,0,0
44651,126,126,0,0
44652,103,104,-1,1
44653,89,89,0,0
44654,71,73,-2,2
44655,63,62,1,1
44656,76,76,0,0
44657,154,149,5,5
44658,64,65,-1,1
44659,73,74,-1,1
44660,61,64,-3,3
44661,57,64,-7,7
44662,142,146,-4,4
44663,193,190,3,3
44664,58,76,-18,18
44665,89,97,-8,8
44666,88,91,-3,3
44667,121,117,4,4
44668,110,111,-1,1
44669,116,114,2,2
44670,100,96,4,4
44671,62,60,2,2
44672,100,110,-10,10
44673,146,131,15,15
44674,33,38,-5,5
44675,105,113,-8,8
44676,93,92,1,1
44677,48,56,-8,8
44678,74,75,-1,1
44679,55,58,-3,3
44680,77,73,4,4
44681,83,77,6,6
44682,162,154,8,8
44683,59,60,-1,1
44684,196,195,1,1
44685,95,90,5,5
44686,64,62,2,2
44687,107,115,-8,8
44688,163,155,8,8
44689,78,75,3,3
44690,66,75,-9,9
44691,62,72,-10,10
44692,109,103,6,6
44693,77,80,-3,3
44694,125,118,7,7
44695,103,101,2,2
44696,81,84,-3,3
44697,50,53,-3,3
44698,116,132,-16,16
44699,70,82,-12,12
44700,68,62,6,6
44701,96,90,6,6
44702,155,139,16,16
44703,128,138,-10,10
44704,75,75,0,0
44705,116,118,-2,2
44706,88,89,-1,1
44707,100,92,8,8
44708,73,75,-2,2
44709,140,147,-7,7
44710,106,107,-1,1
44711,87,91,-4,4
44712,78,89,-11,11
44713,92,88,4,4
44714,109,105,4,4
44715,69,74,-5,5
44716,174,170,4,4
44717,60,61,-1,1
44718,61,60,1,1
44719,59,63,-4,4
44720,124,124,0,0
44721,85,84,1,1
44722,136,112,24,24
44723,118,125,-7,7
44724,81,84,-3,3
44725,80,79,1,1
44726,69,64,5,5
44727,60,65,-5,5
44728,63,66,-3,3
44729,46,46,0,0
44730,61,61,0,0
44731,65,75,-10,10
44732,104,110,-6,6
44733,144,138,6,6
44734,73,92,-19,19
44735,77,80,-3,3
44736,96,94,2,2
44737,71,81,-10,10
44738,74,77,-3,3
44739,60,62,-2,2
44740,80,82,-2,2
44741,74,80,-6,6
44742,168,156,12,12
44743,145,138,7,7
44744,86,93,-7,7
44745,137,138,-1,1
44746,121,117,4,4
44747,91,81,10,10
44748,68,72,-4,4
44749,78,72,6,6
44750,84,88,-4,4
44751,150,143,7,7
44752,103,96,7,7
44753,79,79,0,0
44754,63,71,-8,8
44755,70,70,0,0
44756,229,223,6,6
44757,130,143,-13,13
44758,81,87,-6,6
44759,112,106,6,6
44760,134,121,13,13
44761,82,85,-3,3
44762,152,215,-63,63
44763,90,97,-7,7
44764,105,113,-8,8
44765,138,140,-2,2
44766,95,98,-3,3
44767,86,83,3,3
44768,91,81,10,10
44769,58,76,-18,18
44770,130,121,9,9
44771,154,145,9,9
44772,69,73,-4,4
44773,158,135,23,23
44774,136,136,0,0
44775,56,63,-7,7
44776,86,85,1,1
44777,49,52,-3,3
44778,138,137,1,1
44779,100,101,-1,1
44780,146,145,1,1
44781,56,55,1,1
44782,79,80,-1,1
44783,53,52,1,1
44784,59,57,2,2
44785,64,61,3,3
44786,108,102,6,6
44787,66,71,-5,5
44788,117,120,-3,3
44789,60,59,1,1
44790,51,50,1,1
44791,104,99,5,5
44792,92,113,-21,21
44793,87,82,5,5
44794,84,110,-26,26
44795,155,148,7,7
44796,100,104,-4,4
44797,43,46,-3,3
44798,72,61,11,11
44799,124,136,-12,12
44800,116,139,-23,23
44801,159,145,14,14
44802,91,107,-16,16
44803,71,63,8,8
44804,158,154,4,4
44805,71,74,-3,3
44806,102,100,2,2
44807,117,117,0,0
44808,94,96,-2,2
44809,79,91,-12,12
44810,51,53,-2,2
44811,63,60,3,3
44812,55,59,-4,4
44813,152,134,18,18
44814,78,64,14,14
44815,54,56,-2,2
44816,80,78,2,2
44817,59,60,-1,1
44818,84,84,0,0
44819,110,106,4,4
44820,124,115,9,9
44821,92,83,9,9
44822,126,129,-3,3
44823,130,123,7,7
44824,89,91,-2,2
44825,109,109,0,0
44826,87,95,-8,8
44827,75,66,9,9
44828,225,225,0,0
44829,182,185,-3,3
44830,82,84,-2,2
44831,54,62,-8,8
44832,187,178,9,9
44833,128,136,-8,8
44834,87,76,11,11
44835,92,82,10,10
44836,58,67,-9,9
44837,63,60,3,3
44838,100,94,6,6
44839,102,113,-11,11
44840,46,53,-7,7
44841,89,100,-11,11
44842,61,57,4,4
44843,134,136,-2,2
44844,69,72,-3,3
44845,118,116,2,2
44846,153,148,5,5
44847,115,113,2,2
44848,88,84,4,4
44849,91,92,-1,1
44850,51,54,-3,3
44851,68,79,-11,11
44852,155,150,5,5
44853,52,54,-2,2
44854,71,74,-3,3
44855,100,99,1,1
44856,81,76,5,5
44857,168,165,3,3
44858,80,77,3,3
44859,83,78,5,5
44860,90,98,-8,8
44861,99,99,0,0
44862,45,45,0,0
44863,110,111,-1,1
44864,118,103,15,15
44865,98,94,4,4
44866,162,154,8,8
44867,54,52,2,2
44868,80,83,-3,3
44869,91,85,6,6
44870,81,72,9,9
44871,89,90,-1,1
44872,58,57,1,1
44873,194,209,-15,15
44874,78,82,-4,4
44875,63,61,2,2
44876,61,57,4,4
44877,98,97,1,1
44878,95,95,0,0
44879,97,90,7,7
44880,96,111,-15,15
44881,89,81,8,8
44882,154,146,8,8
44883,51,51,0,0
44884,117,100,17,17
44885,42,52,-10,10
44886,92,88,4,4
44887,91,96,-5,5
44888,162,173,-11,11
44889,75,78,-3,3
44890,104,108,-4,4
44891,117,120,-3,3
44892,74,83,-9,9
44893,52,52,0,0
44894,77,74,3,3
44895,83,78,5,5
44896,71,73,-2,2
44897,57,57,0,0
44898,62,62,0,0
44899,114,111,3,3
44900,58,65,-7,7
44901,120,127,-7,7
44902,74,75,-1,1
44903,95,85,10,10
44904,63,72,-9,9
44905,84,97,-13,13
44906,57,65,-8,8
44907,70,76,-6,6
44908,71,81,-10,10
44909,71,62,9,9
44910,140,125,15,15
44911,116,125,-9,9
44912,62,66,-4,4
44913,96,106,-10,10
44914,73,75,-2,2
44915,79,77,2,2
44916,97,86,11,11
44917,80,72,8,8
44918,76,76,0,0
44919,67,65,2,2
44920,176,172,4,4
44921,71,86,-15,15
44922,89,87,2,2
44923,75,74,1,1
44924,142,135,7,7
44925,96,101,-5,5
44926,70,73,-3,3
44927,134,131,3,3
44928,123,124,-1,1
44929,71,80,-9,9
44930,45,55,-10,10
44931,102,102,0,0
44932,130,134,-4,4
44933,134,137,-3,3
44934,71,79,-8,8
44935,111,129,-18,18
44936,134,124,10,10
44937,131,114,17,17
44938,136,165,-29,29
44939,116,113,3,3
44940,156,149,7,7
44941,139,128,11,11
44942,102,104,-2,2
44943,69,77,-8,8
44944,81,77,4,4
44945,109,117,-8,8
44946,94,88,6,6
44947,77,72,5,5
44948,173,185,-12,12
44949,70,74,-4,4
44950,77,83,-6,6
44951,95,94,1,1
44952,96,95,1,1
44953,90,93,-3,3
44954,47,68,-21,21
44955,116,123,-7,7
44956,84,75,9,9
44957,62,71,-9,9
44958,128,144,-16,16
44959,83,80,3,3
44960,90,98,-8,8
44961,86,86,0,0
44962,113,111,2,2
44963,153,139,14,14
44964,90,89,1,1
44965,96,100,-4,4
44966,76,87,-11,11
44967,73,75,-2,2
44968,98,99,-1,1
44969,23,46,-23,23
44970,57,60,-3,3
44971,65,80,-15,15
44972,107,110,-3,3
44973,140,140,0,0
44974,112,102,10,10
44975,149,164,-15,15
44976,100,81,19,19
44977,100,99,1,1
44978,64,60,4,4
44979,89,86,3,3
44980,154,148,6,6
44981,53,57,-4,4
44982,45,45,0,0
44983,61,63,-2,2
44984,108,107,1,1
44985,88,80,8,8
44986,109,115,-6,6
44987,143,124,19,19
44988,91,102,-11,11
44989,102,103,-1,1
44990,61,73,-12,12
44991,85,89,-4,4
44992,121,107,14,14
44993,65,64,1,1
44994,56,56,0,0
44995,103,102,1,1
44996,111,99,12,12
44997,102,98,4,4
44998,99,88,11,11
44999,97,121,-24,24
45000,79,78,1,1
45001,139,134,5,5
45002,107,93,14,14
45003,166,174,-8,8
45004,51,53,-2,2
45005,75,65,10,10
45006,113,113,0,0
45007,69,80,-11,11
45008,129,131,-2,2
45009,197,201,-4,4
45010,104,110,-6,6
45011,99,105,-6,6
45012,86,77,9,9
45013,95,87,8,8
45014,138,133,5,5
45015,78,75,3,3
45016,47,88,-41,41
45017,56,56,0,0
45018,62,70,-8,8
45019,64,70,-6,6
45020,105,88,17,17
45021,104,101,3,3
45022,140,135,5,5
45023,84,102,-18,18
45024,126,137,-11,11
45025,82,83,-1,1
45026,75,75,0,0
45027,92,97,-5,5
45028,77,79,-2,2
45029,100,102,-2,2
45030,140,146,-6,6
45031,67,57,10,10
45032,117,124,-7,7
45033,54,59,-5,5
45034,81,82,-1,1
45035,130,134,-4,4
45036,100,96,4,4
45037,86,80,6,6
45038,57,64,-7,7
45039,115,112,3,3
45040,147,149,-2,2
45041,86,87,-1,1
45042,39,46,-7,7
45043,79,79,0,0
45044,89,96,-7,7
45045,70,64,6,6
45046,73,80,-7,7
45047,113,107,6,6
45048,99,106,-7,7
45049,78,78,0,0
45050,132,135,-3,3
45051,79,87,-8,8
45052,143,142,1,1
45053,57,60,-3,3
45054,49,50,-1,1
45055,85,86,-1,1
45056,49,81,-32,32
45057,96,89,7,7
45058,87,90,-3,3
45059,151,123,28,28
45060,147,149,-2,2
45061,94,98,-4,4
45062,91,88,3,3
45063,56,54,2,2
45064,123,137,-14,14
45065,188,178,10,10
45066,55,48,7,7
45067,117,111,6,6
45068,106,104,2,2
45069,109,124,-15,15
45070,61,55,6,6
45071,46,55,-9,9
45072,62,60,2,2
45073,102,100,2,2
45074,62,59,3,3
45075,85,86,-1,1
45076,89,88,1,1
45077,96,98,-2,2
45078,132,133,-1,1
45079,94,94,0,0
45080,118,110,8,8
45081,73,73,0,0
45082,69,73,-4,4
45083,57,63,-6,6
45084,86,88,-2,2
45085,130,118,12,12
45086,144,139,5,5
45087,67,65,2,2
45088,64,94,-30,30
45089,85,80,5,5
45090,104,112,-8,8
45091,109,105,4,4
45092,110,111,-1,1
45093,129,119,10,10
45094,97,95,2,2
45095,85,83,2,2
45096,104,101,3,3
45097,77,84,-7,7
45098,81,87,-6,6
45099,97,95,2,2
45100,130,145,-15,15
45101,67,67,0,0
45102,55,57,-2,2
45103,92,84,8,8
45104,83,86,-3,3
45105,135,146,-11,11
45106,69,65,4,4
45107,109,114,-5,5
45108,98,88,10,10
45109,95,93,2,2
45110,121,128,-7,7
45111,80,71,9,9
45112,79,83,-4,4
45113,123,129,-6,6
45114,117,115,2,2
45115,59,62,-3,3
45116,89,89,0,0
45117,82,83,-1,1
45118,117,107,10,10
45119,69,73,-4,4
45120,123,111,12,12
45121,57,67,-10,10
45122,87,78,9,9
45123,105,109,-4,4
45124,108,109,-1,1
45125,76,73,3,3
45126,74,105,-31,31
45127,84,74,10,10
45128,96,99,-3,3
45129,78,79,-1,1
45130,76,84,-8,8
45131,88,94,-6,6
45132,89,94,-5,5
45133,90,98,-8,8
45134,60,59,1,1
45135,53,57,-4,4
45136,67,72,-5,5
45137,89,89,0,0
45138,149,132,17,17
45139,95,99,-4,4
45140,109,117,-8,8
45141,169,180,-11,11
45142,78,74,4,4
45143,122,123,-1,1
45144,48,65,-17,17
45145,108,122,-14,14
45146,90,91,-1,1
45147,147,139,8,8
45148,69,71,-2,2
45149,112,105,7,7
45150,158,154,4,4
45151,123,137,-14,14
45152,42,47,-5,5
45153,135,130,5,5
45154,148,140,8,8
45155,109,111,-2,2
45156,73,66,7,7
45157,88,86,2,2
45158,90,83,7,7
45159,55,58,-3,3
45160,83,88,-5,5
45161,54,49,5,5
45162,85,91,-6,6
45163,75,71,4,4
45164,121,122,-1,1
45165,65,62,3,3
45166,77,72,5,5
45167,102,101,1,1
45168,104,113,-9,9
45169,67,62,5,5
45170,134,123,11,11
45171,107,99,8,8
45172,87,90,-3,3
45173,168,166,2,2
45174,145,148,-3,3
45175,127,134,-7,7
45176,168,158,10,10
45177,113,110,3,3
45178,64,72,-8,8
45179,64,65,-1,1
45180,83,86,-3,3
45181,83,83,0,0
45182,125,116,9,9
45183,61,59,2,2
45184,40,46,-6,6
45185,57,54,3,3
45186,153,144,9,9
45187,101,108,-7,7
45188,83,84,-1,1
45189,89,103,-14,14
45190,111,114,-3,3
45191,77,75,2,2
45192,127,121,6,6
45193,128,124,4,4
45194,146,137,9,9
45195,49,57,-8,8
45196,49,60,-11,11
45197,57,64,-7,7
45198,89,86,3,3
45199,88,105,-17,17
45200,153,166,-13,13
45201,71,74,-3,3
45202,135,141,-6,6
45203,109,101,8,8
45204,73,73,0,0
45205,185,174,11,11
45206,69,70,-1,1
45207,109,113,-4,4
45208,74,78,-4,4
45209,181,167,14,14
45210,96,99,-3,3
45211,93,112,-19,19
45212,60,60,0,0
45213,104,107,-3,3
45214,67,54,13,13
45215,89,95,-6,6
45216,128,116,12,12
45217,100,99,1,1
45218,96,95,1,1
45219,90,82,8,8
45220,68,64,4,4
45221,126,118,8,8
45222,54,60,-6,6
45223,106,111,-5,5
45224,63,65,-2,2
45225,113,94,19,19
45226,45,54,-9,9
45227,98,88,10,10
45228,156,146,10,10
45229,52,58,-6,6
45230,134,124,10,10
45231,74,72,2,2
45232,102,105,-3,3
45233,100,100,0,0
45234,62,65,-3,3
45235,82,75,7,7
45236,105,93,12,12
45237,69,72,-3,3
45238,124,141,-17,17
45239,118,119,-1,1
45240,82,85,-3,3
45241,63,70,-7,7
45242,70,70,0,0
45243,68,71,-3,3
45244,121,115,6,6
45245,73,74,-1,1
45246,51,55,-4,4
45247,81,78,3,3
45248,146,137,9,9
45249,88,90,-2,2
45250,101,102,-1,1
45251,126,136,-10,10
45252,119,121,-2,2
45253,113,121,-8,8
45254,172,154,18,18
45255,81,76,5,5
45256,90,88,2,2
45257,110,112,-2,2
45258,134,140,-6,6
45259,37,49,-12,12
45260,62,63,-1,1
45261,65,64,1,1
45262,52,52,0,0
45263,76,79,-3,3
45264,116,117,-1,1
45265,98,127,-29,29
45266,61,63,-2,2
45267,84,89,-5,5
45268,153,145,8,8
45269,72,63,9,9
45270,77,77,0,0
45271,86,90,-4,4
45272,99,107,-8,8
45273,124,121,3,3
45274,66,77,-11,11
45275,76,76,0,0
45276,67,53,14,14
45277,133,124,9,9
45278,91,95,-4,4
45279,71,80,-9,9
45280,207,207,0,0
45281,65,66,-1,1
45282,97,102,-5,5
45283,131,137,-6,6
45284,120,113,7,7
45285,59,61,-2,2
45286,124,123,1,1
45287,74,74,0,0
45288,101,100,1,1
45289,85,88,-3,3
45290,85,86,-1,1
45291,137,131,6,6
45292,76,73,3,3
45293,136,142,-6,6
45294,139,137,2,2
45295,49,54,-5,5
45296,136,134,2,2
45297,75,70,5,5
45298,109,108,1,1
45299,53,55,-2,2
45300,110,112,-2,2
45301,59,64,-5,5
45302,119,121,-2,2
45303,86,85,1,1
45304,139,131,8,8
45305,132,131,1,1
45306,191,190,1,1
45307,87,81,6,6
45308,90,89,1,1
45309,122,124,-2,2
45310,73,64,9,9
45311,122,111,11,11
45312,93,97,-4,4
45313,46,56,-10,10
45314,84,92,-8,8
45315,103,93,10,10
45316,39,37,2,2
45317,96,102,-6,6
45318,72,73,-1,1
45319,146,137,9,9
45320,80,93,-13,13
45321,68,74,-6,6
45322,49,52,-3,3
45323,110,108,2,2
45324,117,120,-3,3
45325,121,114,7,7
45326,55,70,-15,15
45327,149,161,-12,12
45328,78,78,0,0
45329,60,66,-6,6
45330,161,162,-1,1
45331,95,104,-9,9
45332,75,61,14,14
45333,92,99,-7,7
45334,112,125,-13,13
45335,67,72,-5,5
45336,91,88,3,3
45337,109,104,5,5
45338,177,171,6,6
45339,105,112,-7,7
45340,82,77,5,5
45341,89,77,12,12
45342,109,107,2,2
45343,67,78,-11,11
45344,117,120,-3,3
45345,96,101,-5,5
45346,49,58,-9,9
45347,110,106,4,4
45348,57,53,4,4
45349,118,94,24,24
45350,120,117,3,3
45351,77,81,-4,4
45352,107,97,10,10
45353,60,69,-9,9
45354,70,62,8,8
45355,115,118,-3,3
45356,70,74,-4,4
45357,70,60,10,10
45358,96,114,-18,18
45359,72,82,-10,10
45360,72,67,5,5
45361,67,73,-6,6
45362,170,158,12,12
45363,57,57,0,0
45364,67,65,2,2
45365,85,89,-4,4
45366,95,112,-17,17
45367,119,145,-26,26
45368,84,79,5,5
45369,65,86,-21,21
45370,225,230,-5,5
45371,97,104,-7,7
45372,81,83,-2,2
45373,104,105,-1,1
45374,23,30,-7,7
45375,75,76,-1,1
45376,115,115,0,0
45377,111,104,7,7
45378,60,57,3,3
45379,72,74,-2,2
45380,100,100,0,0
45381,85,83,2,2
45382,60,63,-3,3
45383,55,63,-8,8
45384,120,127,-7,7
45385,121,128,-7,7
45386,79,76,3,3
45387,89,89,0,0
45388,127,120,7,7
45389,86,88,-2,2
45390,58,54,4,4
45391,99,90,9,9
45392,126,132,-6,6
45393,53,54,-1,1
45394,55,59,-4,4
45395,107,113,-6,6
45396,67,61,6,6
45397,83,94,-11,11
45398,81,86,-5,5
45399,92,88,4,4
45400,109,103,6,6
45401,148,152,-4,4
45402,115,124,-9,9
45403,124,119,5,5
45404,103,105,-2,2
45405,122,127,-5,5
45406,104,107,-3,3
45407,58,45,13,13
45408,68,70,-2,2
45409,83,91,-8,8
45410,51,65,-14,14
45411,84,83,1,1
45412,129,137,-8,8
45413,64,68,-4,4
45414,150,140,10,10
45415,48,51,-3,3
45416,67,59,8,8
45417,72,74,-2,2
45418,101,98,3,3
45419,68,64,4,4
45420,135,129,6,6
45421,98,101,-3,3
45422,73,73,0,0
45423,93,104,-11,11
45424,161,164,-3,3
45425,58,61,-3,3
45426,125,128,-3,3
45427,91,96,-5,5
45428,82,78,4,4
45429,82,89,-7,7
45430,89,109,-20,20
45431,45,43,2,2
45432,56,90,-34,34
45433,152,183,-31,31
45434,110,102,8,8
45435,81,76,5,5
45436,43,45,-2,2
45437,154,165,-11,11
45438,82,75,7,7
45439,104,115,-11,11
45440,78,87,-9,9
45441,130,122,8,8
45442,66,79,-13,13
45443,86,91,-5,5
45444,98,106,-8,8
45445,106,109,-3,3
45446,78,84,-6,6
45447,89,82,7,7
45448,84,87,-3,3
45449,111,101,10,10
45450,73,75,-2,2
45451,115,144,-29,29
45452,174,174,0,0
45453,87,78,9,9
45454,102,101,1,1
45455,77,68,9,9
45456,37,39,-2,2
45457,131,130,1,1
45458,104,106,-2,2
45459,109,147,-38,38
45460,89,85,4,4
45461,108,106,2,2
45462,158,153,5,5
45463,69,67,2,2
45464,89,79,10,10
45465,42,42,0,0
45466,97,81,16,16
45467,70,75,-5,5
45468,116,115,1,1
45469,138,151,-13,13
45470,110,112,-2,2
45471,105,101,4,4
45472,51,59,-8,8
45473,94,104,-10,10
45474,75,74,1,1
45475,129,138,-9,9
45476,88,81,7,7
45477,100,91,9,9
45478,79,80,-1,1
45479,176,176,0,0
45480,86,82,4,4
45481,88,98,-10,10
45482,105,119,-14,14
45483,140,137,3,3
45484,72,71,1,1
45485,111,94,17,17
45486,105,97,8,8
45487,191,184,7,7
45488,120,118,2,2
45489,99,106,-7,7
45490,45,53,-8,8
45491,94,95,-1,1
45492,80,88,-8,8
45493,85,85,0,0
45494,74,66,8,8
45495,78,81,-3,3
45496,131,122,9,9
45497,95,96,-1,1
45498,59,61,-2,2
45499,72,64,8,8
45500,108,115,-7,7
45501,71,76,-5,5
45502,74,71,3,3
45503,134,142,-8,8
45504,101,104,-3,3
45505,68,66,2,2
45506,127,131,-4,4
45507,195,175,20,20
45508,73,73,0,0
45509,77,76,1,1
45510,79,72,7,7
45511,59,53,6,6
45512,115,103,12,12
45513,79,80,-1,1
45514,91,92,-1,1
45515,82,79,3,3
45516,72,72,0,0
45517,63,71,-8,8
45518,89,90,-1,1
45519,69,73,-4,4
45520,62,95,-33,33
45521,45,54,-9,9
45522,87,93,-6,6
45523,75,83,-8,8
45524,105,108,-3,3
45525,93,102,-9,9
45526,104,107,-3,3
45527,86,92,-6,6
45528,159,159,0,0
45529,93,84,9,9
45530,112,113,-1,1
45531,120,115,5,5
45532,62,57,5,5
45533,108,105,3,3
45534,124,129,-5,5
45535,167,156,11,11
45536,163,168,-5,5
45537,113,109,4,4
45538,98,90,8,8
45539,64,72,-8,8
45540,120,115,5,5
45541,52,48,4,4
45542,42,46,-4,4
45543,131,143,-12,12
45544,95,84,11,11
45545,85,87,-2,2
45546,71,70,1,1
45547,116,112,4,4
45548,91,85,6,6
45549,94,92,2,2
45550,52,57,-5,5
45551,84,104,-20,20
45552,61,59,2,2
45553,101,105,-4,4
45554,97,96,1,1
45555,96,105,-9,9
45556,141,149,-8,8
45557,124,118,6,6
45558,72,76,-4,4
45559,79,134,-55,55
45560,155,161,-6,6
45561,112,122,-10,10
45562,63,63,0,0
45563,73,78,-5,5
45564,67,72,-5,5
45565,61,61,0,0
45566,114,111,3,3
45567,33,41,-8,8
45568,64,65,-1,1
45569,79,77,2,2
45570,149,163,-14,14
45571,97,95,2,2
45572,84,85,-1,1
45573,134,143,-9,9
45574,85,96,-11,11
45575,123,115,8,8
45576,97,93,4,4
45577,69,64,5,5
45578,116,110,6,6
45579,92,84,8,8
45580,125,128,-3,3
45581,103,95,8,8
45582,99,88,11,11
45583,154,165,-11,11
45584,102,101,1,1
45585,53,57,-4,4
45586,104,109,-5,5
45587,218,195,23,23
45588,57,57,0,0
45589,154,165,-11,11
45590,141,150,-9,9
45591,113,124,-11,11
45592,69,72,-3,3
45593,87,103,-16,16
45594,126,127,-1,1
45595,99,102,-3,3
45596,85,91,-6,6
45597,78,88,-10,10
45598,85,73,12,12
45599,77,73,4,4
45600,97,91,6,6
45601,67,76,-9,9
45602,114,111,3,3
45603,130,139,-9,9
45604,127,119,8,8
45605,66,63,3,3
45606,74,80,-6,6
45607,117,117,0,0
45608,57,57,0,0
45609,169,164,5,5
45610,79,84,-5,5
45611,122,139,-17,17
45612,117,119,-2,2
45613,82,85,-3,3
45614,119,116,3,3
45615,105,102,3,3
45616,121,114,7,7
45617,107,109,-2,2
45618,63,64,-1,1
45619,76,78,-2,2
45620,141,118,23,23
45621,76,77,-1,1
45622,189,157,32,32
45623,78,78,0,0
45624,105,122,-17,17
45625,69,70,-1,1
45626,95,106,-11,11
45627,55,62,-7,7
45628,85,75,10,10
45629,62,65,-3,3
45630,72,71,1,1
45631,91,90,1,1
45632,78,93,-15,15
45633,69,64,5,5
45634,58,55,3,3
45635,104,98,6,6
45636,90,94,-4,4
45637,45,53,-8,8
45638,109,98,11,11
45639,174,186,-12,12
45640,102,116,-14,14
45641,72,76,-4,4
45642,93,93,0,0
45643,88,117,-29,29
45644,147,136,11,11
45645,116,114,2,2
45646,71,95,-24,24
45647,59,63,-4,4
45648,110,106,4,4
45649,112,110,2,2
45650,67,56,11,11
45651,63,67,-4,4
45652,99,85,14,14
45653,71,69,2,2
45654,61,67,-6,6
45655,145,190,-45,45
45656,59,63,-4,4
45657,91,97,-6,6
45658,97,99,-2,2
45659,67,68,-1,1
45660,75,71,4,4
45661,107,92,15,15
45662,47,60,-13,13
45663,111,118,-7,7
45664,122,116,6,6
45665,145,141,4,4
45666,133,120,13,13
45667,90,87,3,3
45668,153,151,2,2
45669,83,74,9,9
45670,44,55,-11,11
45671,64,65,-1,1
45672,74,82,-8,8
45673,98,99,-1,1
45674,117,78,39,39
45675,83,87,-4,4
45676,52,58,-6,6
45677,74,75,-1,1
45678,128,127,1,1
45679,75,74,1,1
45680,71,71,0,0
45681,72,72,0,0
45682,80,80,0,0
45683,98,95,3,3
45684,138,140,-2,2
45685,161,156,5,5
45686,152,154,-2,2
45687,117,114,3,3
45688,96,105,-9,9
45689,76,79,-3,3
45690,150,155,-5,5
45691,71,74,-3,3
45692,127,134,-7,7
45693,93,98,-5,5
45694,116,118,-2,2
45695,128,124,4,4
45696,47,52,-5,5
45697,53,57,-4,4
45698,173,172,1,1
45699,84,101,-17,17
45700,74,71,3,3
45701,40,45,-5,5
45702,125,107,18,18
45703,100,109,-9,9
45704,62,64,-2,2
45705,120,111,9,9
45706,163,144,19,19
45707,111,112,-1,1
45708,62,75,-13,13
45709,104,113,-9,9
45710,96,89,7,7
45711,71,65,6,6
45712,94,101,-7,7
45713,109,111,-2,2
45714,46,48,-2,2
45715,94,94,0,0
45716,52,51,1,1
45717,88,84,4,4
45718,68,73,-5,5
45719,193,212,-19,19
45720,137,131,6,6
45721,109,110,-1,1
45722,97,106,-9,9
45723,114,111,3,3
45724,90,90,0,0
45725,57,74,-17,17
45726,119,114,5,5
45727,157,152,5,5
45728,86,82,4,4
45729,108,111,-3,3
45730,82,85,-3,3
45731,111,107,4,4
45732,110,112,-2,2
45733,108,96,12,12
45734,92,83,9,9
45735,38,37,1,1
45736,92,91,1,1
45737,92,93,-1,1
45738,68,60,8,8
45739,74,83,-9,9
45740,83,87,-4,4
45741,106,94,12,12
45742,86,85,1,1
45743,78,72,6,6
45744,155,165,-10,10
45745,116,120,-4,4
45746,129,101,28,28
45747,99,96,3,3
45748,114,108,6,6
45749,103,97,6,6
45750,82,73,9,9
45751,50,50,0,0
45752,86,87,-1,1
45753,82,79,3,3
45754,82,94,-12,12
45755,50,71,-21,21
45756,88,73,15,15
45757,86,83,3,3
45758,103,102,1,1
45759,60,58,2,2
45760,68,67,1,1
45761,86,73,13,13
45762,85,82,3,3
45763,80,76,4,4
45764,58,65,-7,7
45765,63,79,-16,16
45766,117,120,-3,3
45767,97,109,-12,12
45768,59,59,0,0
45769,66,71,-5,5
45770,121,119,2,2
45771,77,71,6,6
45772,47,48,-1,1
45773,61,67,-6,6
45774,128,127,1,1
45775,225,223,2,2
45776,145,135,10,10
45777,125,137,-12,12
45778,40,45,-5,5
45779,94,87,7,7
45780,103,103,0,0
45781,137,132,5,5
45782,151,147,4,4
45783,98,101,-3,3
45784,115,113,2,2
45785,77,73,4,4
45786,75,99,-24,24
45787,75,79,-4,4
45788,117,115,2,2
45789,133,135,-2,2
45790,89,100,-11,11
45791,92,94,-2,2
45792,66,64,2,2
45793,26,37,-11,11
45794,135,129,6,6
45795,82,90,-8,8
45796,44,52,-8,8
45797,79,55,24,24
45798,135,144,-9,9
45799,122,134,-12,12
45800,177,181,-4,4
45801,93,88,5,5
45802,54,51,3,3
45803,104,118,-14,14
45804,69,64,5,5
45805,64,71,-7,7
45806,113,125,-12,12
45807,69,69,0,0
45808,127,135,-8,8
45809,115,117,-2,2
45810,75,76,-1,1
45811,81,78,3,3
45812,35,39,-4,4
45813,120,122,-2,2
45814,86,86,0,0
45815,111,102,9,9
45816,149,138,11,11
45817,86,83,3,3
45818,122,117,5,5
45819,80,87,-7,7
45820,91,86,5,5
45821,106,105,1,1
45822,30,54,-24,24
45823,84,84,0,0
45824,159,130,29,29
45825,76,85,-9,9
45826,73,74,-1,1
45827,78,81,-3,3
45828,271,254,17,17
45829,138,145,-7,7
45830,72,77,-5,5
45831,77,71,6,6
45832,94,92,2,2
45833,101,101,0,0
45834,72,75,-3,3
45835,101,110,-9,9
45836,120,121,-1,1
45837,159,160,-1,1
45838,78,79,-1,1
45839,78,83,-5,5
45840,106,106,0,0
45841,87,96,-9,9
45842,62,63,-1,1
45843,106,115,-9,9
45844,127,139,-12,12
45845,101,106,-5,5
45846,56,58,-2,2
45847,41,54,-13,13
45848,83,86,-3,3
45849,128,132,-4,4
45850,86,79,7,7
45851,82,87,-5,5
45852,104,102,2,2
45853,116,139,-23,23
45854,115,118,-3,3
45855,81,82,-1,1
45856,82,94,-12,12
45857,88,82,6,6
45858,115,117,-2,2
45859,170,173,-3,3
45860,110,112,-2,2
45861,228,211,17,17
45862,161,148,13,13
45863,72,74,-2,2
45864,171,158,13,13
45865,117,107,10,10
45866,116,117,-1,1
45867,60,52,8,8
45868,113,119,-6,6
45869,121,117,4,4
45870,41,57,-16,16
45871,98,93,5,5
45872,83,83,0,0
45873,56,59,-3,3
45874,107,101,6,6
45875,90,84,6,6
45876,91,97,-6,6
45877,68,74,-6,6
45878,131,125,6,6
45879,95,89,6,6
45880,93,89,4,4
45881,99,99,0,0
45882,195,175,20,20
45883,124,117,7,7
45884,124,120,4,4
45885,44,62,-18,18
45886,63,61,2,2
45887,175,166,9,9
45888,127,118,9,9
45889,113,118,-5,5
45890,118,101,17,17
45891,99,109,-10,10
45892,89,85,4,4
45893,64,66,-2,2
45894,73,74,-1,1
45895,104,100,4,4
45896,50,58,-8,8
45897,94,84,10,10
45898,115,118,-3,3
45899,91,93,-2,2
45900,80,71,9,9
45901,81,87,-6,6
45902,80,86,-6,6
45903,100,95,5,5
45904,123,125,-2,2
45905,89,82,7,7
45906,71,68,3,3
45907,162,144,18,18
45908,152,137,15,15
45909,69,71,-2,2
45910,81,90,-9,9
45911,71,75,-4,4
45912,90,87,3,3
45913,104,102,2,2
45914,106,100,6,6
45915,66,66,0,0
45916,66,62,4,4
45917,79,90,-11,11
45918,45,52,-7,7
45919,89,83,6,6
45920,105,88,17,17
45921,59,58,1,1
45922,103,100,3,3
45923,116,120,-4,4
45924,93,91,2,2
45925,116,134,-18,18
45926,133,126,7,7
45927,86,81,5,5
45928,86,77,9,9
45929,65,66,-1,1
45930,139,132,7,7
45931,117,126,-9,9
45932,67,65,2,2
45933,119,102,17,17
45934,81,102,-21,21
45935,127,124,3,3
45936,142,136,6,6
45937,87,86,1,1
45938,70,66,4,4
45939,79,79,0,0
45940,119,120,-1,1
45941,73,71,2,2
45942,72,63,9,9
45943,87,91,-4,4
45944,108,105,3,3
45945,120,119,1,1
45946,82,78,4,4
45947,97,104,-7,7
45948,73,81,-8,8
45949,69,71,-2,2
45950,96,96,0,0
45951,44,47,-3,3
45952,104,100,4,4
45953,68,74,-6,6
45954,108,82,26,26
45955,81,85,-4,4
45956,124,122,2,2
45957,91,84,7,7
45958,116,136,-20,20
45959,41,44,-3,3
45960,93,97,-4,4
45961,100,106,-6,6
45962,70,80,-10,10
45963,82,82,0,0
45964,124,112,12,12
45965,168,159,9,9
45966,81,79,2,2
45967,124,130,-6,6
45968,74,72,2,2
45969,191,183,8,8
45970,99,109,-10,10
45971,72,75,-3,3
45972,92,99,-7,7
45973,122,125,-3,3
45974,104,100,4,4
45975,93,89,4,4
45976,50,55,-5,5
45977,79,87,-8,8
45978,86,88,-2,2
45979,147,163,-16,16
45980,129,144,-15,15
45981,135,150,-15,15
45982,124,111,13,13
45983,91,90,1,1
45984,80,92,-12,12
45985,150,162,-12,12
45986,113,109,4,4
45987,74,63,11,11
45988,165,155,10,10
45989,105,95,10,10
45990,49,54,-5,5
45991,96,103,-7,7
45992,115,117,-2,2
45993,132,131,1,1
45994,111,103,8,8
45995,44,66,-22,22
45996,98,89,9,9
45997,52,50,2,2
45998,78,80,-2,2
45999,71,73,-2,2
46000,30,33,-3,3
46001,116,120,-4,4
46002,128,154,-26,26
46003,75,84,-9,9
46004,47,51,-4,4
46005,89,94,-5,5
46006,88,76,12,12
46007,102,101,1,1
46008,48,48,0,0
46009,59,56,3,3
46010,131,125,6,6
46011,71,72,-1,1
46012,81,87,-6,6
46013,110,109,1,1
46014,154,153,1,1
46015,120,122,-2,2
46016,155,144,11,11
46017,109,112,-3,3
46018,71,81,-10,10
46019,81,84,-3,3
46020,58,61,-3,3
46021,69,79,-10,10
46022,134,130,4,4
46023,99,96,3,3
46024,71,74,-3,3
46025,99,98,1,1
46026,76,79,-3,3
46027,98,90,8,8
46028,68,67,1,1
46029,105,97,8,8
46030,109,102,7,7
46031,143,163,-20,20
46032,112,109,3,3
46033,82,103,-21,21
46034,59,57,2,2
46035,170,162,8,8
46036,84,93,-9,9
46037,84,101,-17,17
46038,97,100,-3,3
46039,241,226,15,15
46040,216,203,13,13
46041,121,124,-3,3
46042,72,66,6,6
46043,61,61,0,0
46044,76,73,3,3
46045,140,145,-5,5
46046,101,95,6,6
46047,92,83,9,9
46048,65,61,4,4
46049,62,66,-4,4
46050,62,66,-4,4
46051,172,153,19,19
46052,82,79,3,3
46053,118,119,-1,1
46054,99,95,4,4
46055,121,119,2,2
46056,108,109,-1,1
46057,96,81,15,15
46058,145,138,7,7
46059,111,142,-31,31
46060,46,48,-2,2
46061,74,62,12,12
46062,96,97,-1,1
46063,60,59,1,1
46064,110,138,-28,28
46065,78,84,-6,6
46066,114,102,12,12
46067,154,173,-19,19
46068,165,156,9,9
46069,42,44,-2,2
46070,91,85,6,6
46071,100,103,-3,3
46072,110,91,19,19
46073,67,75,-8,8
46074,68,73,-5,5
46075,137,118,19,19
46076,87,90,-3,3
46077,93,85,8,8
46078,86,87,-1,1
46079,200,211,-11,11
46080,119,118,1,1
46081,176,168,8,8
46082,75,75,0,0
46083,125,125,0,0
46084,74,79,-5,5
46085,102,97,5,5
46086,53,53,0,0
46087,107,101,6,6
46088,95,91,4,4
46089,120,124,-4,4
46090,88,90,-2,2
46091,66,76,-10,10
46092,94,89,5,5
46093,137,143,-6,6
46094,67,77,-10,10
46095,83,80,3,3
46096,56,57,-1,1
46097,139,128,11,11
46098,100,92,8,8
46099,78,89,-11,11
46100,103,98,5,5
46101,59,70,-11,11
46102,47,56,-9,9
46103,65,61,4,4
46104,112,104,8,8
46105,132,119,13,13
46106,82,92,-10,10
46107,118,121,-3,3
46108,109,98,11,11
46109,91,87,4,4
46110,67,70,-3,3
46111,83,87,-4,4
46112,79,79,0,0
46113,26,27,-1,1
46114,44,56,-12,12
46115,71,78,-7,7
46116,86,81,5,5
46117,77,75,2,2
46118,53,51,2,2
46119,98,90,8,8
46120,144,131,13,13
46121,89,84,5,5
46122,67,70,-3,3
46123,147,138,9,9
46124,127,133,-6,6
46125,85,84,1,1
46126,66,62,4,4
46127,89,82,7,7
46128,89,91,-2,2
46129,75,74,1,1
46130,72,71,1,1
46131,101,103,-2,2
46132,126,99,27,27
46133,62,60,2,2
46134,83,83,0,0
46135,151,147,4,4
46136,102,106,-4,4
46137,215,212,3,3
46138,149,142,7,7
46139,133,130,3,3
46140,90,82,8,8
46141,100,82,18,18
46142,57,53,4,4
46143,61,62,-1,1
46144,41,39,2,2
46145,137,128,9,9
46146,164,157,7,7
46147,242,238,4,4
46148,99,100,-1,1
46149,51,52,-1,1
46150,68,66,2,2
46151,78,73,5,5
46152,120,119,1,1
46153,87,87,0,0
46154,105,96,9,9
46155,112,105,7,7
46156,87,92,-5,5
46157,88,88,0,0
46158,71,71,0,0
46159,125,121,4,4
46160,73,76,-3,3
46161,108,112,-4,4
46162,76,76,0,0
46163,45,46,-1,1
46164,100,100,0,0
46165,76,77,-1,1
46166,158,161,-3,3
46167,92,94,-2,2
46168,77,83,-6,6
46169,44,45,-1,1
46170,115,122,-7,7
46171,85,92,-7,7
46172,109,107,2,2
46173,89,93,-4,4
46174,39,47,-8,8
46175,66,71,-5,5
46176,62,68,-6,6
46177,89,95,-6,6
46178,130,130,0,0
46179,92,92,0,0
46180,138,123,15,15
46181,118,112,6,6
46182,219,251,-32,32
46183,104,110,-6,6
46184,94,99,-5,5
46185,100,86,14,14
46186,54,51,3,3
46187,153,139,14,14
46188,84,84,0,0
46189,91,100,-9,9
46190,46,49,-3,3
46191,53,64,-11,11
46192,77,72,5,5
46193,80,73,7,7
46194,138,128,10,10
46195,80,74,6,6
46196,138,126,12,12
46197,141,137,4,4
46198,91,89,2,2
46199,176,168,8,8
46200,117,120,-3,3
46201,69,76,-7,7
46202,108,118,-10,10
46203,101,97,4,4
46204,135,132,3,3
46205,115,115,0,0
46206,102,108,-6,6
46207,56,63,-7,7
46208,96,98,-2,2
46209,69,70,-1,1
46210,106,115,-9,9
46211,151,157,-6,6
46212,110,107,3,3
46213,112,115,-3,3
46214,134,126,8,8
46215,65,64,1,1
46216,66,66,0,0
46217,97,100,-3,3
46218,109,113,-4,4
46219,141,134,7,7
46220,78,95,-17,17
46221,94,116,-22,22
46222,64,72,-8,8
46223,47,61,-14,14
46224,79,77,2,2
46225,104,108,-4,4
46226,39,40,-1,1
46227,62,71,-9,9
46228,123,124,-1,1
46229,144,131,13,13
46230,108,115,-7,7
46231,183,159,24,24
46232,85,84,1,1
46233,49,53,-4,4
46234,40,45,-5,5
46235,27,43,-16,16
46236,107,108,-1,1
46237,135,147,-12,12
46238,129,120,9,9
46239,77,74,3,3
46240,61,67,-6,6
46241,58,71,-13,13
46242,144,142,2,2
46243,53,56,-3,3
46244,95,103,-8,8
46245,82,74,8,8
46246,73,76,-3,3
46247,174,180,-6,6
46248,101,97,4,4
46249,100,127,-27,27
46250,81,72,9,9
46251,94,93,1,1
46252,76,80,-4,4
46253,70,75,-5,5
46254,100,105,-5,5
46255,79,78,1,1
46256,83,82,1,1
46257,90,94,-4,4
46258,136,135,1,1
46259,61,58,3,3
46260,106,113,-7,7
46261,90,90,0,0
46262,32,43,-11,11
46263,100,111,-11,11
46264,74,67,7,7
46265,62,64,-2,2
46266,101,94,7,7
46267,104,99,5,5
46268,94,85,9,9
46269,95,101,-6,6
46270,134,137,-3,3
46271,134,137,-3,3
46272,77,74,3,3
46273,80,95,-15,15
46274,90,89,1,1
46275,128,118,10,10
46276,108,105,3,3
46277,64,73,-9,9
46278,44,54,-10,10
46279,115,114,1,1
46280,49,54,-5,5
46281,64,75,-11,11
46282,64,64,0,0
46283,128,126,2,2
46284,69,73,-4,4
46285,73,68,5,5
46286,38,44,-6,6
46287,71,72,-1,1
46288,94,96,-2,2
46289,89,92,-3,3
46290,63,65,-2,2
46291,116,108,8,8
46292,83,86,-3,3
46293,38,47,-9,9
46294,57,61,-4,4
46295,84,85,-1,1
46296,552,472,80,80
46297,75,72,3,3
46298,70,72,-2,2
46299,90,104,-14,14
46300,181,207,-26,26
46301,109,119,-10,10
46302,99,111,-12,12
46303,99,98,1,1
46304,73,73,0,0
46305,71,74,-3,3
46306,125,130,-5,5
46307,142,148,-6,6
46308,125,122,3,3
46309,99,92,7,7
46310,127,121,6,6
46311,134,120,14,14
46312,87,79,8,8
46313,99,109,-10,10
46314,116,124,-8,8
46315,57,63,-6,6
46316,160,156,4,4
46317,104,97,7,7
46318,106,108,-2,2
46319,82,87,-5,5
46320,149,139,10,10
46321,122,129,-7,7
46322,46,53,-7,7
46323,44,55,-11,11
46324,47,56,-9,9
46325,46,68,-22,22
46326,103,110,-7,7
46327,118,121,-3,3
46328,62,64,-2,2
46329,61,68,-7,7
46330,90,92,-2,2
46331,87,80,7,7
46332,163,145,18,18
46333,108,112,-4,4
46334,68,72,-4,4
46335,128,127,1,1
46336,132,156,-24,24
46337,48,54,-6,6
46338,66,61,5,5
46339,62,71,-9,9
46340,77,85,-8,8
46341,47,62,-15,15
46342,124,121,3,3
46343,95,105,-10,10
46344,65,60,5,5
46345,70,74,-4,4
46346,133,132,1,1
46347,98,102,-4,4
46348,138,149,-11,11
46349,93,97,-4,4
46350,136,130,6,6
46351,119,117,2,2
46352,102,112,-10,10
46353,106,125,-19,19
46354,75,77,-2,2
46355,58,57,1,1
46356,130,117,13,13
46357,85,88,-3,3
46358,102,114,-12,12
46359,66,66,0,0
46360,83,100,-17,17
46361,85,88,-3,3
46362,122,122,0,0
46363,107,115,-8,8
46364,68,75,-7,7
46365,58,62,-4,4
46366,87,83,4,4
46367,67,73,-6,6
46368,74,79,-5,5
46369,68,65,3,3
46370,104,94,10,10
46371,158,159,-1,1
46372,131,121,10,10
46373,103,105,-2,2
46374,109,115,-6,6
46375,64,62,2,2
46376,123,111,12,12
46377,111,106,5,5
46378,38,43,-5,5
46379,59,53,6,6
46380,46,60,-14,14
46381,101,110,-9,9
46382,149,144,5,5
46383,116,113,3,3
46384,62,81,-19,19
46385,78,84,-6,6
46386,92,89,3,3
46387,109,107,2,2
46388,94,96,-2,2
46389,107,115,-8,8
46390,75,82,-7,7
46391,64,71,-7,7
46392,30,40,-10,10
46393,127,130,-3,3
46394,67,66,1,1
46395,109,112,-3,3
46396,187,174,13,13
46397,90,94,-4,4
46398,123,122,1,1
46399,72,70,2,2
46400,124,127,-3,3
46401,110,113,-3,3
46402,108,116,-8,8
46403,65,66,-1,1
46404,116,121,-5,5
46405,77,90,-13,13
46406,40,49,-9,9
46407,108,111,-3,3
46408,159,155,4,4
46409,60,61,-1,1
46410,116,108,8,8
46411,124,144,-20,20
46412,94,98,-4,4
46413,90,82,8,8
46414,30,34,-4,4
46415,89,87,2,2
46416,89,82,7,7
46417,111,123,-12,12
46418,84,87,-3,3
46419,49,52,-3,3
46420,75,64,11,11
46421,136,120,16,16
46422,41,77,-36,36
46423,72,71,1,1
46424,173,168,5,5
46425,70,77,-7,7
46426,90,92,-2,2
46427,153,158,-5,5
46428,138,148,-10,10
46429,147,147,0,0
46430,116,134,-18,18
46431,148,144,4,4
46432,117,118,-1,1
46433,103,103,0,0
46434,123,123,0,0
46435,151,141,10,10
46436,126,127,-1,1
46437,105,116,-11,11
46438,111,116,-5,5
46439,71,64,7,7
46440,99,114,-15,15
46441,59,71,-12,12
46442,104,99,5,5
46443,60,57,3,3
46444,88,89,-1,1
46445,63,59,4,4
46446,186,181,5,5
46447,97,88,9,9
46448,128,123,5,5
46449,162,151,11,11
46450,74,73,1,1
46451,92,86,6,6
46452,153,148,5,5
46453,97,96,1,1
46454,116,117,-1,1
46455,161,138,23,23
46456,73,79,-6,6
46457,107,111,-4,4
46458,112,128,-16,16
46459,89,85,4,4
46460,92,89,3,3
46461,83,81,2,2
46462,108,121,-13,13
46463,108,114,-6,6
46464,49,48,1,1
46465,64,64,0,0
46466,109,120,-11,11
46467,52,52,0,0
46468,139,143,-4,4
46469,90,89,1,1
46470,90,90,0,0
46471,70,75,-5,5
46472,97,102,-5,5
46473,56,60,-4,4
46474,64,76,-12,12
46475,67,63,4,4
46476,48,54,-6,6
46477,69,65,4,4
46478,93,96,-3,3
46479,144,142,2,2
46480,145,156,-11,11
46481,142,149,-7,7
46482,150,151,-1,1
46483,58,52,6,6
46484,120,109,11,11
46485,102,100,2,2
46486,142,150,-8,8
46487,100,104,-4,4
46488,125,127,-2,2
46489,84,100,-16,16
46490,123,126,-3,3
46491,145,156,-11,11
46492,86,88,-2,2
46493,73,73,0,0
46494,97,93,4,4
46495,57,60,-3,3
46496,122,122,0,0
46497,71,64,7,7
46498,99,97,2,2
46499,83,74,9,9
46500,165,159,6,6
46501,193,180,13,13
46502,104,98,6,6
46503,110,127,-17,17
46504,65,64,1,1
46505,72,77,-5,5
46506,76,76,0,0
46507,173,170,3,3
46508,76,89,-13,13
46509,95,91,4,4
46510,96,93,3,3
46511,82,77,5,5
46512,91,106,-15,15
46513,88,83,5,5
46514,104,108,-4,4
46515,114,121,-7,7
46516,109,105,4,4
46517,74,74,0,0
46518,137,131,6,6
46519,93,93,0,0
46520,88,90,-2,2
46521,55,66,-11,11
46522,72,75,-3,3
46523,71,91,-20,20
46524,110,98,12,12
46525,114,118,-4,4
46526,128,135,-7,7
46527,65,85,-20,20
46528,114,120,-6,6
46529,97,95,2,2
46530,117,149,-32,32
46531,72,76,-4,4
46532,92,88,4,4
46533,64,61,3,3
46534,125,133,-8,8
46535,99,96,3,3
46536,56,65,-9,9
46537,54,58,-4,4
46538,122,124,-2,2
46539,178,183,-5,5
46540,179,172,7,7
46541,80,76,4,4
46542,109,105,4,4
46543,83,84,-1,1
46544,103,97,6,6
46545,61,66,-5,5
46546,125,119,6,6
46547,96,90,6,6
46548,96,116,-20,20
46549,97,94,3,3
46550,108,93,15,15
46551,89,92,-3,3
46552,55,52,3,3
46553,87,132,-45,45
46554,49,55,-6,6
46555,94,96,-2,2
46556,93,120,-27,27
46557,75,76,-1,1
46558,65,71,-6,6
46559,52,49,3,3
46560,83,79,4,4
46561,123,109,14,14
46562,92,86,6,6
46563,74,81,-7,7
46564,109,99,10,10
46565,52,59,-7,7
46566,76,66,10,10
46567,116,112,4,4
46568,83,74,9,9
46569,82,80,2,2
46570,144,139,5,5
46571,35,39,-4,4
46572,155,154,1,1
46573,136,132,4,4
46574,123,123,0,0
46575,81,79,2,2
46576,66,74,-8,8
46577,131,123,8,8
46578,133,120,13,13
46579,71,71,0,0
46580,82,83,-1,1
46581,82,84,-2,2
46582,42,43,-1,1
46583,137,153,-16,16
46584,140,168,-28,28
46585,58,65,-7,7
46586,117,106,11,11
46587,69,79,-10,10
46588,85,89,-4,4
46589,52,51,1,1
46590,87,99,-12,12
46591,135,144,-9,9
46592,64,65,-1,1
46593,129,113,16,16
46594,190,192,-2,2
46595,68,73,-5,5
46596,82,76,6,6
46597,75,77,-2,2
46598,149,134,15,15
46599,84,81,3,3
46600,54,55,-1,1
46601,98,96,2,2
46602,99,87,12,12
46603,125,128,-3,3
46604,86,90,-4,4
46605,95,91,4,4
46606,75,79,-4,4
46607,80,76,4,4
46608,118,119,-1,1
46609,91,83,8,8
46610,106,101,5,5
46611,85,94,-9,9
46612,153,153,0,0
46613,103,104,-1,1
46614,159,162,-3,3
46615,69,66,3,3
46616,166,137,29,29
46617,109,106,3,3
46618,133,126,7,7
46619,191,178,13,13
46620,113,95,18,18
46621,124,115,9,9
46622,139,136,3,3
46623,88,86,2,2
46624,43,72,-29,29
46625,71,75,-4,4
46626,116,114,2,2
46627,115,109,6,6
46628,118,120,-2,2
46629,62,63,-1,1
46630,106,109,-3,3
46631,116,134,-18,18
46632,137,129,8,8
46633,201,180,21,21
46634,53,58,-5,5
46635,73,78,-5,5
46636,46,55,-9,9
46637,90,90,0,0
46638,126,131,-5,5
46639,113,117,-4,4
46640,80,72,8,8
46641,102,93,9,9
46642,161,148,13,13
46643,103,109,-6,6
46644,119,136,-17,17
46645,54,64,-10,10
46646,159,149,10,10
46647,87,79,8,8
46648,59,55,4,4
46649,59,67,-8,8
46650,90,88,2,2
46651,59,63,-4,4
46652,104,99,5,5
46653,131,139,-8,8
46654,60,59,1,1
46655,68,63,5,5
46656,86,82,4,4
46657,88,84,4,4
46658,146,148,-2,2
46659,62,61,1,1
46660,152,153,-1,1
46661,104,104,0,0
46662,67,65,2,2
46663,102,107,-5,5
46664,96,101,-5,5
46665,99,111,-12,12
46666,99,106,-7,7
46667,76,81,-5,5
46668,97,98,-1,1
46669,83,91,-8,8
46670,112,117,-5,5
46671,63,64,-1,1
46672,136,146,-10,10
46673,74,77,-3,3
46674,172,154,18,18
46675,136,123,13,13
46676,120,128,-8,8
46677,116,122,-6,6
46678,126,122,4,4
46679,114,110,4,4
46680,72,75,-3,3
46681,104,105,-1,1
46682,147,154,-7,7
46683,103,104,-1,1
46684,81,73,8,8
46685,80,81,-1,1
46686,101,101,0,0
46687,125,113,12,12
46688,92,77,15,15
46689,84,83,1,1
46690,80,111,-31,31
46691,150,146,4,4
46692,61,64,-3,3
46693,112,110,2,2
46694,112,108,4,4
46695,67,60,7,7
46696,137,136,1,1
46697,58,61,-3,3
46698,105,104,1,1
46699,88,93,-5,5
46700,76,73,3,3
46701,88,81,7,7
46702,108,115,-7,7
46703,97,94,3,3
46704,141,144,-3,3
46705,64,81,-17,17
46706,51,57,-6,6
46707,101,93,8,8
46708,158,160,-2,2
46709,97,96,1,1
46710,79,85,-6,6
46711,69,68,1,1
46712,97,107,-10,10
46713,90,91,-1,1
46714,85,94,-9,9
46715,90,88,2,2
46716,120,116,4,4
46717,61,64,-3,3
46718,145,149,-4,4
46719,77,79,-2,2
46720,49,54,-5,5
46721,81,83,-2,2
46722,70,72,-2,2
46723,107,97,10,10
46724,87,86,1,1
46725,66,70,-4,4
46726,108,109,-1,1
46727,86,81,5,5
46728,68,70,-2,2
46729,84,73,11,11
46730,72,75,-3,3
46731,67,73,-6,6
46732,73,74,-1,1
46733,81,80,1,1
46734,65,58,7,7
46735,130,111,19,19
46736,47,45,2,2
46737,117,122,-5,5
46738,141,130,11,11
46739,204,185,19,19
46740,85,81,4,4
46741,116,125,-9,9
46742,118,112,6,6
46743,110,113,-3,3
46744,100,97,3,3
46745,93,92,1,1
46746,53,51,2,2
46747,86,80,6,6
46748,70,73,-3,3
46749,80,80,0,0
46750,146,151,-5,5
46751,72,72,0,0
46752,154,154,0,0
46753,206,213,-7,7
46754,72,77,-5,5
46755,141,137,4,4
46756,83,106,-23,23
46757,141,149,-8,8
46758,97,106,-9,9
46759,137,133,4,4
46760,124,129,-5,5
46761,84,84,0,0
46762,102,120,-18,18
46763,22,54,-32,32
46764,97,103,-6,6
46765,59,57,2,2
46766,124,130,-6,6
46767,198,202,-4,4
46768,93,82,11,11
46769,96,96,0,0
46770,99,93,6,6
46771,191,161,30,30
46772,88,84,4,4
46773,88,83,5,5
46774,114,115,-1,1
46775,85,96,-11,11
46776,85,73,12,12
46777,63,68,-5,5
46778,129,111,18,18
46779,142,157,-15,15
46780,66,75,-9,9
46781,64,60,4,4
46782,72,70,2,2
46783,143,147,-4,4
46784,73,66,7,7
46785,92,93,-1,1
46786,80,91,-11,11
46787,123,121,2,2
46788,67,74,-7,7
46789,87,105,-18,18
46790,81,64,17,17
46791,77,104,-27,27
46792,70,66,4,4
46793,120,124,-4,4
46794,119,126,-7,7
46795,116,122,-6,6
46796,193,200,-7,7
46797,90,98,-8,8
46798,113,131,-18,18
46799,109,103,6,6
46800,85,89,-4,4
46801,63,64,-1,1
46802,56,57,-1,1
46803,131,138,-7,7
46804,108,109,-1,1
46805,58,61,-3,3
46806,57,63,-6,6
46807,98,123,-25,25
46808,86,105,-19,19
46809,60,60,0,0
46810,54,61,-7,7
46811,160,148,12,12
46812,91,101,-10,10
46813,179,155,24,24
46814,68,86,-18,18
46815,143,141,2,2
46816,86,75,11,11
46817,115,124,-9,9
46818,139,127,12,12
46819,95,95,0,0
46820,66,80,-14,14
46821,66,64,2,2
46822,143,143,0,0
46823,87,85,2,2
46824,85,93,-8,8
46825,77,82,-5,5
46826,77,73,4,4
46827,91,82,9,9
46828,80,81,-1,1
46829,23,33,-10,10
46830,92,92,0,0
46831,109,103,6,6
46832,115,110,5,5
46833,93,95,-2,2
46834,67,71,-4,4
46835,150,151,-1,1
46836,78,70,8,8
46837,159,162,-3,3
46838,124,111,13,13
46839,93,104,-11,11
46840,133,140,-7,7
46841,79,84,-5,5
46842,62,63,-1,1
46843,73,71,2,2
46844,66,65,1,1
46845,69,66,3,3
46846,146,165,-19,19
46847,73,66,7,7
46848,91,105,-14,14
46849,67,64,3,3
46850,80,100,-20,20
46851,96,93,3,3
46852,75,71,4,4
46853,72,82,-10,10
46854,87,86,1,1
46855,93,84,9,9
46856,115,110,5,5
46857,142,138,4,4
46858,168,144,24,24
46859,149,142,7,7
46860,91,91,0,0
46861,69,73,-4,4
46862,112,113,-1,1
46863,83,80,3,3
46864,63,54,9,9
46865,84,85,-1,1
46866,113,105,8,8
46867,98,98,0,0
46868,174,177,-3,3
46869,103,97,6,6
46870,32,72,-40,40
46871,126,130,-4,4
46872,132,134,-2,2
46873,49,49,0,0
46874,107,108,-1,1
46875,121,134,-13,13
46876,132,123,9,9
46877,75,74,1,1
46878,71,75,-4,4
46879,69,80,-11,11
46880,158,151,7,7
46881,73,72,1,1
46882,146,133,13,13
46883,49,59,-10,10
46884,124,126,-2,2
46885,71,71,0,0
46886,43,44,-1,1
46887,94,101,-7,7
46888,120,132,-12,12
46889,107,108,-1,1
46890,83,75,8,8
46891,111,110,1,1
46892,79,82,-3,3
46893,93,99,-6,6
46894,130,131,-1,1
46895,119,116,3,3
46896,80,75,5,5
46897,80,71,9,9
46898,76,74,2,2
46899,101,106,-5,5
46900,131,130,1,1
46901,91,95,-4,4
46902,81,87,-6,6
46903,102,108,-6,6
46904,108,92,16,16
46905,79,79,0,0
46906,121,114,7,7
46907,135,142,-7,7
46908,68,79,-11,11
46909,104,116,-12,12
46910,44,44,0,0
46911,103,110,-7,7
46912,136,143,-7,7
46913,107,92,15,15
46914,78,89,-11,11
46915,75,80,-5,5
46916,37,37,0,0
46917,24,34,-10,10
46918,166,168,-2,2
46919,134,129,5,5
46920,116,117,-1,1
46921,85,85,0,0
46922,130,135,-5,5
46923,150,144,6,6
46924,103,97,6,6
46925,92,89,3,3
46926,127,132,-5,5
46927,72,77,-5,5
46928,95,103,-8,8
46929,56,57,-1,1
46930,170,153,17,17
46931,106,99,7,7
46932,78,81,-3,3
46933,135,141,-6,6
46934,113,109,4,4
46935,191,188,3,3
46936,61,66,-5,5
46937,95,86,9,9
46938,119,120,-1,1
46939,114,104,10,10
46940,88,88,0,0
46941,71,71,0,0
46942,76,74,2,2
46943,50,59,-9,9
46944,69,70,-1,1
46945,51,73,-22,22
46946,74,82,-8,8
46947,79,76,3,3
46948,74,83,-9,9
46949,113,120,-7,7
46950,99,112,-13,13
46951,86,85,1,1
46952,91,91,0,0
46953,83,99,-16,16
46954,106,102,4,4
46955,66,64,2,2
46956,74,69,5,5
46957,78,75,3,3
46958,101,104,-3,3
46959,78,86,-8,8
46960,91,104,-13,13
46961,94,100,-6,6
46962,86,89,-3,3
46963,64,67,-3,3
46964,98,82,16,16
46965,100,113,-13,13
46966,148,139,9,9
46967,96,105,-9,9
46968,135,123,12,12
46969,123,137,-14,14
46970,65,67,-2,2
46971,86,83,3,3
46972,86,82,4,4
46973,93,93,0,0
46974,106,106,0,0
46975,122,117,5,5
46976,75,88,-13,13
46977,86,85,1,1
46978,51,52,-1,1
46979,56,60,-4,4
46980,125,135,-10,10
46981,92,89,3,3
46982,108,122,-14,14
46983,151,147,4,4
46984,83,87,-4,4
46985,66,73,-7,7
46986,138,127,11,11
46987,120,125,-5,5
46988,79,75,4,4
46989,86,96,-10,10
46990,163,169,-6,6
46991,112,116,-4,4
46992,98,89,9,9
46993,40,71,-31,31
46994,85,91,-6,6
46995,73,80,-7,7
46996,84,95,-11,11
46997,127,134,-7,7
46998,113,107,6,6
46999,116,111,5,5
47000,91,98,-7,7
47001,91,75,16,16
47002,50,54,-4,4
47003,78,82,-4,4
47004,90,94,-4,4
47005,125,123,2,2
47006,84,90,-6,6
47007,79,75,4,4
47008,69,65,4,4
47009,115,104,11,11
47010,227,253,-26,26
47011,107,112,-5,5
47012,136,168,-32,32
47013,88,84,4,4
47014,117,120,-3,3
47015,81,88,-7,7
47016,150,147,3,3
47017,101,125,-24,24
47018,169,165,4,4
47019,75,80,-5,5
47020,146,151,-5,5
47021,96,93,3,3
47022,66,64,2,2
47023,73,74,-1,1
47024,85,98,-13,13
47025,104,87,17,17
47026,53,57,-4,4
47027,148,164,-16,16
47028,119,117,2,2
47029,45,43,2,2
47030,72,72,0,0
47031,126,131,-5,5
47032,64,62,2,2
47033,119,124,-5,5
47034,89,98,-9,9
47035,139,139,0,0
47036,111,118,-7,7
47037,100,106,-6,6
47038,82,84,-2,2
47039,138,137,1,1
47040,47,50,-3,3
47041,167,162,5,5
47042,63,63,0,0
47043,118,115,3,3
47044,201,210,-9,9
47045,82,89,-7,7
47046,91,98,-7,7
47047,81,83,-2,2
47048,91,86,5,5
47049,119,113,6,6
47050,88,81,7,7
47051,76,78,-2,2
47052,86,86,0,0
47053,47,50,-3,3
47054,134,136,-2,2
47055,96,98,-2,2
47056,82,81,1,1
47057,82,78,4,4
47058,89,91,-2,2
47059,99,109,-10,10
47060,93,97,-4,4
47061,87,88,-1,1
47062,62,80,-18,18
47063,58,56,2,2
47064,82,84,-2,2
47065,142,148,-6,6
47066,101,99,2,2
47067,127,122,5,5
47068,46,45,1,1
47069,116,111,5,5
47070,54,59,-5,5
47071,71,71,0,0
47072,121,143,-22,22
47073,80,81,-1,1
47074,86,85,1,1
47075,119,116,3,3
47076,71,76,-5,5
47077,171,164,7,7
47078,126,113,13,13
47079,57,57,0,0
47080,99,99,0,0
47081,55,62,-7,7
47082,77,80,-3,3
47083,110,110,0,0
47084,77,106,-29,29
47085,111,111,0,0
47086,164,169,-5,5
47087,104,98,6,6
47088,85,86,-1,1
47089,75,80,-5,5
47090,119,114,5,5
47091,82,83,-1,1
47092,122,114,8,8
47093,111,113,-2,2
47094,102,98,4,4
47095,54,54,0,0
47096,96,97,-1,1
47097,65,68,-3,3
47098,135,140,-5,5
47099,79,74,5,5
47100,92,80,12,12
47101,56,60,-4,4
47102,109,95,14,14
47103,124,126,-2,2
47104,65,71,-6,6
47105,84,86,-2,2
47106,107,104,3,3
47107,114,112,2,2
47108,92,81,11,11
47109,129,126,3,3
47110,159,153,6,6
47111,80,85,-5,5
47112,106,106,0,0
47113,76,77,-1,1
47114,81,90,-9,9
47115,115,119,-4,4
47116,89,99,-10,10
47117,66,70,-4,4
47118,49,56,-7,7
47119,74,72,2,2
47120,77,74,3,3
47121,98,95,3,3
47122,181,174,7,7
47123,65,64,1,1
47124,125,122,3,3
47125,120,128,-8,8
47126,92,83,9,9
47127,125,121,4,4
47128,97,96,1,1
47129,113,100,13,13
47130,69,75,-6,6
47131,41,48,-7,7
47132,112,114,-2,2
47133,93,83,10,10
47134,77,74,3,3
47135,114,129,-15,15
47136,90,89,1,1
47137,119,126,-7,7
47138,85,96,-11,11
47139,99,108,-9,9
47140,113,90,23,23
47141,112,121,-9,9
47142,43,49,-6,6
47143,73,72,1,1
47144,149,151,-2,2
47145,72,76,-4,4
47146,62,64,-2,2
47147,74,73,1,1
47148,197,192,5,5
47149,93,106,-13,13
47150,103,79,24,24
47151,96,91,5,5
47152,191,169,22,22
47153,116,115,1,1
47154,75,73,2,2
47155,99,106,-7,7
47156,94,82,12,12
47157,124,131,-7,7
47158,83,82,1,1
47159,131,128,3,3
47160,108,96,12,12
47161,108,120,-12,12
47162,77,75,2,2
47163,77,66,11,11
47164,126,122,4,4
47165,59,78,-19,19
47166,101,113,-12,12
47167,121,120,1,1
47168,116,123,-7,7
47169,124,120,4,4
47170,69,62,7,7
47171,160,155,5,5
47172,67,78,-11,11
47173,111,119,-8,8
47174,80,100,-20,20
47175,44,47,-3,3
47176,89,88,1,1
47177,92,89,3,3
47178,105,114,-9,9
47179,113,107,6,6
47180,83,83,0,0
47181,54,53,1,1
47182,47,51,-4,4
47183,105,100,5,5
47184,65,62,3,3
47185,118,114,4,4
47186,115,106,9,9
47187,92,99,-7,7
47188,69,58,11,11
47189,42,48,-6,6
47190,64,59,5,5
47191,119,126,-7,7
47192,142,133,9,9
47193,117,110,7,7
47194,67,73,-6,6
47195,157,150,7,7
47196,57,62,-5,5
47197,122,112,10,10
47198,84,74,10,10
47199,112,119,-7,7
47200,96,99,-3,3
47201,75,73,2,2
47202,86,85,1,1
47203,168,156,12,12
47204,128,113,15,15
47205,111,118,-7,7
47206,95,101,-6,6
47207,74,86,-12,12
47208,101,89,12,12
47209,69,64,5,5
47210,160,163,-3,3
47211,139,131,8,8
47212,24,62,-38,38
47213,89,85,4,4
47214,102,105,-3,3
47215,49,51,-2,2
47216,94,109,-15,15
47217,76,71,5,5
47218,170,153,17,17
47219,158,157,1,1
47220,31,83,-52,52
47221,66,67,-1,1
47222,106,94,12,12
47223,60,74,-14,14
47224,77,80,-3,3
47225,68,67,1,1
47226,129,130,-1,1
47227,60,61,-1,1
47228,106,107,-1,1
47229,64,61,3,3
47230,67,66,1,1
47231,85,87,-2,2
47232,79,71,8,8
47233,175,171,4,4
47234,20,61,-41,41
47235,169,155,14,14
47236,90,96,-6,6
47237,74,76,-2,2
47238,68,82,-14,14
47239,52,61,-9,9
47240,81,86,-5,5
47241,106,115,-9,9
47242,113,117,-4,4
47243,64,65,-1,1
47244,98,100,-2,2
47245,120,124,-4,4
47246,85,82,3,3
47247,70,62,8,8
47248,121,118,3,3
47249,132,123,9,9
47250,50,46,4,4
47251,68,80,-12,12
47252,55,58,-3,3
47253,122,116,6,6
47254,107,99,8,8
47255,69,73,-4,4
47256,115,113,2,2
47257,118,118,0,0
47258,184,219,-35,35
47259,78,92,-14,14
47260,47,54,-7,7
47261,65,64,1,1
47262,109,99,10,10
47263,89,81,8,8
47264,141,145,-4,4
47265,68,89,-21,21
47266,167,153,14,14
47267,68,77,-9,9
47268,86,96,-10,10
47269,93,93,0,0
47270,91,90,1,1
47271,65,72,-7,7
47272,132,135,-3,3
47273,91,96,-5,5
47274,71,65,6,6
47275,71,65,6,6
47276,120,125,-5,5
47277,118,114,4,4
47278,117,116,1,1
47279,157,163,-6,6
47280,73,75,-2,2
47281,108,114,-6,6
47282,82,71,11,11
47283,122,120,2,2
47284,143,149,-6,6
47285,172,166,6,6
47286,76,63,13,13
47287,130,138,-8,8
47288,61,60,1,1
47289,65,71,-6,6
47290,128,124,4,4
47291,98,99,-1,1
47292,161,174,-13,13
47293,56,55,1,1
47294,97,140,-43,43
47295,176,203,-27,27
47296,125,124,1,1
47297,115,113,2,2
47298,81,81,0,0
47299,103,104,-1,1
47300,53,55,-2,2
47301,173,172,1,1
47302,132,126,6,6
47303,129,124,5,5
47304,120,121,-1,1
47305,123,114,9,9
47306,203,163,40,40
47307,59,51,8,8
47308,67,71,-4,4
47309,132,121,11,11
47310,182,168,14,14
47311,143,147,-4,4
47312,97,86,11,11
47313,91,86,5,5
47314,96,107,-11,11
47315,91,88,3,3
47316,87,83,4,4
47317,143,154,-11,11
47318,65,56,9,9
47319,78,69,9,9
47320,78,76,2,2
47321,140,144,-4,4
47322,93,95,-2,2
47323,52,54,-2,2
47324,95,102,-7,7
47325,96,88,8,8
47326,72,75,-3,3
47327,113,116,-3,3
47328,97,93,4,4
47329,77,81,-4,4
47330,71,75,-4,4
47331,58,58,0,0
47332,72,71,1,1
47333,210,189,21,21
47334,97,91,6,6
47335,141,148,-7,7
47336,130,136,-6,6
47337,105,110,-5,5
47338,66,77,-11,11
47339,78,87,-9,9
47340,96,103,-7,7
47341,120,119,1,1
47342,57,61,-4,4
47343,162,157,5,5
47344,134,139,-5,5
47345,161,150,11,11
47346,171,173,-2,2
47347,91,98,-7,7
47348,46,49,-3,3
47349,128,124,4,4
47350,113,100,13,13
47351,96,92,4,4
47352,55,55,0,0
47353,101,110,-9,9
47354,146,143,3,3
47355,83,125,-42,42
47356,41,47,-6,6
47357,117,117,0,0
47358,118,128,-10,10
47359,89,94,-5,5
47360,88,88,0,0
47361,37,39,-2,2
47362,68,73,-5,5
47363,53,47,6,6
47364,106,101,5,5
47365,125,121,4,4
47366,79,78,1,1
47367,100,96,4,4
47368,99,109,-10,10
47369,99,103,-4,4
47370,130,126,4,4
47371,75,83,-8,8
47372,101,98,3,3
47373,90,88,2,2
47374,154,144,10,10
47375,116,114,2,2
47376,60,75,-15,15
47377,144,148,-4,4
47378,75,77,-2,2
47379,110,109,1,1
47380,124,128,-4,4
47381,79,89,-10,10
47382,38,41,-3,3
47383,90,90,0,0
47384,84,74,10,10
47385,76,81,-5,5
47386,88,92,-4,4
47387,124,131,-7,7
47388,76,83,-7,7
47389,84,81,3,3
47390,75,74,1,1
47391,78,76,2,2
47392,48,53,-5,5
47393,70,76,-6,6
47394,125,119,6,6
47395,129,134,-5,5
47396,75,69,6,6
47397,91,105,-14,14
47398,108,109,-1,1
47399,100,96,4,4
47400,56,71,-15,15
47401,140,130,10,10
47402,62,60,2,2
47403,224,194,30,30
47404,109,123,-14,14
47405,159,164,-5,5
47406,90,96,-6,6
47407,125,122,3,3
47408,96,103,-7,7
47409,74,89,-15,15
47410,109,117,-8,8
47411,84,85,-1,1
47412,50,47,3,3
47413,146,143,3,3
47414,116,105,11,11
47415,93,86,7,7
47416,92,87,5,5
47417,72,65,7,7
47418,159,144,15,15
47419,79,75,4,4
47420,117,113,4,4
47421,92,84,8,8
47422,102,102,0,0
47423,61,62,-1,1
47424,55,52,3,3
47425,91,78,13,13
47426,94,89,5,5
47427,64,67,-3,3
47428,121,119,2,2
47429,50,52,-2,2
47430,91,86,5,5
47431,87,89,-2,2
47432,100,96,4,4
47433,60,55,5,5
47434,139,143,-4,4
47435,77,75,2,2
47436,54,56,-2,2
47437,117,98,19,19
47438,105,120,-15,15
47439,105,102,3,3
47440,78,78,0,0
47441,108,97,11,11
47442,111,123,-12,12
47443,112,118,-6,6
47444,69,71,-2,2
47445,100,109,-9,9
47446,96,98,-2,2
47447,31,44,-13,13
47448,75,73,2,2
47449,68,72,-4,4
47450,53,59,-6,6
47451,63,66,-3,3
47452,85,81,4,4
47453,126,131,-5,5
47454,107,108,-1,1
47455,130,128,2,2
47456,65,63,2,2
47457,73,74,-1,1
47458,107,114,-7,7
47459,121,125,-4,4
47460,99,105,-6,6
47461,92,96,-4,4
47462,170,171,-1,1
47463,85,71,14,14
47464,142,142,0,0
47465,86,85,1,1
47466,63,64,-1,1
47467,121,113,8,8
47468,84,97,-13,13
47469,66,63,3,3
47470,60,60,0,0
47471,68,63,5,5
47472,113,130,-17,17
47473,101,100,1,1
47474,48,54,-6,6
47475,154,155,-1,1
47476,160,158,2,2
47477,102,97,5,5
47478,94,95,-1,1
47479,84,81,3,3
47480,107,115,-8,8
47481,66,72,-6,6
47482,87,94,-7,7
47483,84,73,11,11
47484,86,91,-5,5
47485,101,65,36,36
47486,83,80,3,3
47487,70,62,8,8
47488,104,94,10,10
47489,78,73,5,5
47490,69,71,-2,2
47491,172,165,7,7
47492,66,75,-9,9
47493,96,93,3,3
47494,73,73,0,0
47495,122,135,-13,13
47496,66,74,-8,8
47497,78,81,-3,3
47498,70,128,-58,58
47499,62,65,-3,3
47500,64,65,-1,1
47501,189,178,11,11
47502,101,104,-3,3
47503,83,84,-1,1
47504,88,82,6,6
47505,108,107,1,1
47506,109,111,-2,2
47507,50,47,3,3
47508,100,94,6,6
47509,98,94,4,4
47510,74,70,4,4
47511,151,137,14,14
47512,67,72,-5,5
47513,145,136,9,9
47514,99,98,1,1
47515,79,79,0,0
47516,66,74,-8,8
47517,87,81,6,6
47518,104,91,13,13
47519,75,71,4,4
47520,81,74,7,7
47521,79,85,-6,6
47522,82,81,1,1
47523,202,189,13,13
47524,64,61,3,3
47525,142,140,2,2
47526,77,92,-15,15
47527,95,114,-19,19
47528,127,131,-4,4
47529,89,95,-6,6
47530,136,150,-14,14
47531,63,66,-3,3
47532,123,122,1,1
47533,113,108,5,5
47534,98,99,-1,1
47535,136,123,13,13
47536,124,120,4,4
47537,124,120,4,4
47538,162,153,9,9
47539,81,97,-16,16
47540,93,93,0,0
47541,83,89,-6,6
47542,127,113,14,14
47543,60,55,5,5
47544,83,86,-3,3
47545,60,60,0,0
47546,103,113,-10,10
47547,93,76,17,17
47548,78,78,0,0
47549,97,91,6,6
47550,73,72,1,1
47551,128,122,6,6
47552,92,98,-6,6
47553,37,42,-5,5
47554,154,151,3,3
47555,60,64,-4,4
47556,94,92,2,2
47557,103,98,5,5
47558,72,74,-2,2
47559,65,76,-11,11
47560,85,88,-3,3
47561,111,107,4,4
47562,88,94,-6,6
47563,110,103,7,7
47564,102,102,0,0
47565,59,58,1,1
47566,89,81,8,8
47567,113,100,13,13
47568,65,75,-10,10
47569,148,148,0,0
47570,83,84,-1,1
47571,81,83,-2,2
47572,88,89,-1,1
47573,67,73,-6,6
47574,44,51,-7,7
47575,98,106,-8,8
47576,89,86,3,3
47577,85,86,-1,1
47578,165,151,14,14
47579,58,67,-9,9
47580,118,114,4,4
47581,138,123,15,15
47582,85,80,5,5
47583,77,81,-4,4
47584,58,58,0,0
47585,78,72,6,6
47586,94,112,-18,18
47587,51,57,-6,6
47588,109,118,-9,9
47589,72,78,-6,6
47590,71,72,-1,1
47591,83,92,-9,9
47592,97,95,2,2
47593,81,85,-4,4
47594,192,212,-20,20
47595,152,148,4,4
47596,101,101,0,0
47597,65,60,5,5
47598,77,78,-1,1
47599,130,122,8,8
47600,124,100,24,24
47601,89,93,-4,4
47602,105,114,-9,9
47603,85,81,4,4
47604,147,151,-4,4
47605,108,122,-14,14
47606,86,88,-2,2
47607,66,71,-5,5
47608,62,62,0,0
47609,74,70,4,4
47610,144,127,17,17
47611,77,75,2,2
47612,53,46,7,7
47613,81,76,5,5
47614,121,119,2,2
47615,71,65,6,6
47616,75,62,13,13
47617,105,98,7,7
47618,98,105,-7,7
47619,133,137,-4,4
47620,115,121,-6,6
47621,56,58,-2,2
47622,139,134,5,5
47623,108,113,-5,5
47624,207,188,19,19
47625,43,60,-17,17
47626,135,128,7,7
47627,122,123,-1,1
47628,61,66,-5,5
47629,97,90,7,7
47630,77,75,2,2
47631,123,106,17,17
47632,59,63,-4,4
47633,113,122,-9,9
47634,125,124,1,1
47635,88,90,-2,2
47636,72,70,2,2
47637,137,141,-4,4
47638,113,106,7,7
47639,112,108,4,4
47640,60,64,-4,4
47641,106,110,-4,4
47642,143,144,-1,1
47643,91,92,-1,1
47644,95,91,4,4
47645,155,140,15,15
47646,106,109,-3,3
47647,103,118,-15,15
47648,142,131,11,11
47649,76,71,5,5
47650,115,122,-7,7
47651,96,125,-29,29
47652,103,97,6,6
47653,106,110,-4,4
47654,67,64,3,3
47655,100,99,1,1
47656,103,96,7,7
47657,72,75,-3,3
47658,142,137,5,5
47659,32,50,-18,18
47660,137,145,-8,8
47661,57,65,-8,8
47662,69,73,-4,4
47663,47,49,-2,2
47664,82,81,1,1
47665,113,105,8,8
47666,81,86,-5,5
47667,96,96,0,0
47668,67,66,1,1
47669,138,131,7,7
47670,73,71,2,2
47671,62,81,-19,19
47672,45,55,-10,10
47673,106,104,2,2
47674,65,65,0,0
47675,79,80,-1,1
47676,109,119,-10,10
47677,147,143,4,4
47678,67,63,4,4
47679,94,91,3,3
47680,73,73,0,0
47681,57,65,-8,8
47682,124,116,8,8
47683,68,71,-3,3
47684,89,84,5,5
47685,105,95,10,10
47686,64,75,-11,11
47687,78,86,-8,8
47688,108,102,6,6
47689,171,173,-2,2
47690,92,83,9,9
47691,63,66,-3,3
47692,66,68,-2,2
47693,85,91,-6,6
47694,134,135,-1,1
47695,73,74,-1,1
47696,85,84,1,1
47697,81,77,4,4
47698,119,120,-1,1
47699,64,60,4,4
47700,73,70,3,3
47701,120,109,11,11
47702,122,119,3,3
47703,97,104,-7,7
47704,69,72,-3,3
47705,88,89,-1,1
47706,86,91,-5,5
47707,87,87,0,0
47708,152,144,8,8
47709,65,63,2,2
47710,37,48,-11,11
47711,125,113,12,12
47712,117,129,-12,12
47713,72,75,-3,3
47714,120,142,-22,22
47715,67,64,3,3
47716,147,145,2,2
47717,142,139,3,3
47718,111,104,7,7
47719,104,104,0,0
47720,90,83,7,7
47721,76,74,2,2
47722,82,72,10,10
47723,122,97,25,25
47724,176,168,8,8
47725,97,78,19,19
47726,84,86,-2,2
47727,94,93,1,1
47728,175,186,-11,11
47729,90,97,-7,7
47730,62,63,-1,1
47731,116,109,7,7
47732,137,137,0,0
47733,141,137,4,4
47734,96,110,-14,14
47735,99,99,0,0
47736,66,61,5,5
47737,183,183,0,0
47738,64,62,2,2
47739,137,146,-9,9
47740,51,52,-1,1
47741,35,40,-5,5
47742,137,127,10,10
47743,151,155,-4,4
47744,115,114,1,1
47745,94,89,5,5
47746,42,43,-1,1
47747,57,63,-6,6
47748,102,110,-8,8
47749,59,60,-1,1
47750,73,86,-13,13
47751,80,79,1,1
47752,102,112,-10,10
47753,111,111,0,0
47754,150,154,-4,4
47755,149,140,9,9
47756,129,121,8,8
47757,35,49,-14,14
47758,50,57,-7,7
47759,85,77,8,8
47760,90,87,3,3
47761,129,118,11,11
47762,111,117,-6,6
47763,80,89,-9,9
47764,165,169,-4,4
47765,69,69,0,0
47766,132,122,10,10
47767,145,137,8,8
47768,51,53,-2,2
47769,152,140,12,12
47770,64,62,2,2
47771,168,158,10,10
47772,100,106,-6,6
47773,72,66,6,6
47774,86,90,-4,4
47775,67,74,-7,7
47776,71,73,-2,2
47777,156,157,-1,1
47778,92,87,5,5
47779,93,96,-3,3
47780,95,104,-9,9
47781,113,110,3,3
47782,105,102,3,3
47783,77,85,-8,8
47784,96,105,-9,9
47785,103,108,-5,5
47786,76,90,-14,14
47787,77,74,3,3
47788,103,94,9,9
47789,80,83,-3,3
47790,72,76,-4,4
47791,98,100,-2,2
47792,94,85,9,9
47793,145,159,-14,14
47794,57,55,2,2
47795,95,87,8,8
47796,97,78,19,19
47797,160,150,10,10
47798,161,159,2,2
47799,71,66,5,5
47800,95,91,4,4
47801,100,99,1,1
47802,57,48,9,9
47803,96,98,-2,2
47804,70,66,4,4
47805,51,78,-27,27
47806,70,71,-1,1
47807,27,34,-7,7
47808,93,89,4,4
47809,110,111,-1,1
47810,128,125,3,3
47811,146,160,-14,14
47812,81,71,10,10
47813,100,95,5,5
47814,77,67,10,10
47815,57,60,-3,3
47816,110,105,5,5
47817,90,95,-5,5
47818,105,114,-9,9
47819,91,82,9,9
47820,158,155,3,3
47821,79,73,6,6
47822,52,51,1,1
47823,86,85,1,1
47824,100,101,-1,1
47825,65,64,1,1
47826,116,112,4,4
47827,75,68,7,7
47828,95,89,6,6
47829,71,77,-6,6
47830,87,94,-7,7
47831,79,66,13,13
47832,77,74,3,3
47833,55,58,-3,3
47834,94,96,-2,2
47835,99,98,1,1
47836,98,100,-2,2
47837,95,112,-17,17
47838,123,127,-4,4
47839,76,89,-13,13
47840,157,166,-9,9
47841,75,77,-2,2
47842,114,113,1,1
47843,47,42,5,5
47844,110,110,0,0
47845,122,118,4,4
47846,89,100,-11,11
47847,65,66,-1,1
47848,63,66,-3,3
47849,140,133,7,7
47850,101,105,-4,4
47851,132,130,2,2
47852,175,190,-15,15
47853,79,74,5,5
47854,97,92,5,5
47855,108,95,13,13
47856,76,70,6,6
47857,80,75,5,5
47858,114,105,9,9
47859,160,174,-14,14
47860,101,94,7,7
47861,143,134,9,9
47862,40,43,-3,3
47863,151,147,4,4
47864,111,128,-17,17
47865,105,122,-17,17
47866,93,88,5,5
47867,121,125,-4,4
47868,162,158,4,4
47869,91,104,-13,13
47870,86,86,0,0
47871,133,141,-8,8
47872,69,73,-4,4
47873,110,113,-3,3
47874,76,72,4,4
47875,70,75,-5,5
47876,129,112,17,17
47877,105,97,8,8
47878,118,115,3,3
47879,51,56,-5,5
47880,155,148,7,7
47881,80,78,2,2
47882,91,106,-15,15
47883,87,86,1,1
47884,61,72,-11,11
47885,65,66,-1,1
47886,85,87,-2,2
47887,89,88,1,1
47888,62,62,0,0
47889,85,94,-9,9
47890,65,75,-10,10
47891,127,124,3,3
47892,94,95,-1,1
47893,106,110,-4,4
47894,72,66,6,6
47895,115,114,1,1
47896,100,95,5,5
47897,56,54,2,2
47898,78,90,-12,12
47899,100,106,-6,6
47900,94,89,5,5
47901,104,99,5,5
47902,76,90,-14,14
47903,100,98,2,2
47904,114,110,4,4
47905,94,86,8,8
47906,92,93,-1,1
47907,51,52,-1,1
47908,129,133,-4,4
47909,30,45,-15,15
47910,91,104,-13,13
47911,72,74,-2,2
47912,99,100,-1,1
47913,59,60,-1,1
47914,103,98,5,5
47915,140,123,17,17
47916,71,72,-1,1
47917,77,77,0,0
47918,108,111,-3,3
47919,87,75,12,12
47920,150,154,-4,4
47921,108,116,-8,8
47922,78,75,3,3
47923,143,139,4,4
47924,109,122,-13,13
47925,81,82,-1,1
47926,82,88,-6,6
47927,46,46,0,0
47928,142,131,11,11
47929,54,55,-1,1
47930,89,92,-3,3
47931,53,54,-1,1
47932,73,71,2,2
47933,74,72,2,2
47934,43,42,1,1
47935,89,92,-3,3
47936,71,77,-6,6
47937,62,76,-14,14
47938,59,64,-5,5
47939,114,109,5,5
47940,56,57,-1,1
47941,94,98,-4,4
47942,102,110,-8,8
47943,112,108,4,4
47944,75,76,-1,1
47945,77,87,-10,10
47946,124,122,2,2
47947,128,121,7,7
47948,70,76,-6,6
47949,84,141,-57,57
47950,151,142,9,9
47951,113,109,4,4
47952,85,82,3,3
47953,82,105,-23,23
47954,163,168,-5,5
47955,124,136,-12,12
47956,80,74,6,6
47957,122,150,-28,28
47958,88,78,10,10
47959,66,64,2,2
47960,83,86,-3,3
47961,118,113,5,5
47962,57,55,2,2
47963,66,73,-7,7
47964,108,107,1,1
47965,93,103,-10,10
47966,51,51,0,0
47967,171,165,6,6
47968,114,106,8,8
47969,45,48,-3,3
47970,86,81,5,5
47971,62,71,-9,9
47972,67,72,-5,5
47973,76,79,-3,3
47974,108,116,-8,8
47975,100,120,-20,20
47976,139,137,2,2
47977,115,118,-3,3
47978,144,118,26,26
47979,90,81,9,9
47980,91,81,10,10
47981,75,80,-5,5
47982,135,132,3,3
47983,67,76,-9,9
47984,117,105,12,12
47985,127,115,12,12
47986,59,58,1,1
47987,48,57,-9,9
47988,69,71,-2,2
47989,93,82,11,11
47990,123,128,-5,5
47991,131,143,-12,12
47992,105,102,3,3
47993,121,129,-8,8
47994,111,116,-5,5
47995,43,46,-3,3
47996,131,127,4,4
47997,133,123,10,10
47998,74,73,1,1
47999,154,138,16,16
48000,36,45,-9,9
48001,83,90,-7,7
48002,114,119,-5,5
48003,115,110,5,5
48004,117,113,4,4
48005,129,126,3,3
48006,119,116,3,3
48007,65,65,0,0
48008,88,91,-3,3
48009,80,71,9,9
48010,43,40,3,3
48011,68,72,-4,4
48012,157,151,6,6
48013,104,105,-1,1
48014,56,52,4,4
48015,52,57,-5,5
48016,115,110,5,5
48017,64,62,2,2
48018,139,141,-2,2
48019,58,58,0,0
48020,105,109,-4,4
48021,196,197,-1,1
48022,117,109,8,8
48023,108,90,18,18
48024,109,123,-14,14
48025,53,52,1,1
48026,97,89,8,8
48027,89,95,-6,6
48028,136,132,4,4
48029,156,168,-12,12
48030,107,100,7,7
48031,48,47,1,1
48032,108,116,-8,8
48033,151,139,12,12
48034,71,85,-14,14
48035,99,90,9,9
48036,119,101,18,18
48037,131,129,2,2
48038,72,74,-2,2
48039,112,111,1,1
48040,142,157,-15,15
48041,130,131,-1,1
48042,103,108,-5,5
48043,136,136,0,0
48044,61,62,-1,1
48045,93,87,6,6
48046,124,125,-1,1
48047,44,52,-8,8
48048,166,177,-11,11
48049,134,140,-6,6
48050,85,85,0,0
48051,56,65,-9,9
48052,58,67,-9,9
48053,95,97,-2,2
48054,113,109,4,4
48055,80,88,-8,8
48056,105,99,6,6
48057,56,51,5,5
48058,79,86,-7,7
48059,77,85,-8,8
48060,90,89,1,1
48061,68,77,-9,9
48062,65,71,-6,6
48063,95,101,-6,6
48064,51,57,-6,6
48065,99,89,10,10
48066,81,75,6,6
48067,116,102,14,14
48068,72,71,1,1
48069,55,62,-7,7
48070,144,146,-2,2
48071,74,78,-4,4
48072,135,140,-5,5
48073,60,64,-4,4
48074,76,83,-7,7
48075,144,125,19,19
48076,141,124,17,17
48077,80,65,15,15
48078,74,83,-9,9
48079,83,83,0,0
48080,76,72,4,4
48081,100,97,3,3
48082,97,94,3,3
48083,141,124,17,17
48084,109,110,-1,1
48085,87,111,-24,24
48086,104,101,3,3
48087,69,70,-1,1
48088,60,70,-10,10
48089,71,73,-2,2
48090,64,63,1,1
48091,69,77,-8,8
48092,92,91,1,1
48093,93,89,4,4
48094,88,84,4,4
48095,11,31,-20,20
48096,132,123,9,9
48097,62,69,-7,7
48098,73,91,-18,18
48099,110,103,7,7
48100,84,89,-5,5
48101,63,55,8,8
48102,110,115,-5,5
48103,61,58,3,3
48104,81,90,-9,9
48105,107,113,-6,6
48106,161,152,9,9
48107,66,60,6,6
48108,59,71,-12,12
48109,115,126,-11,11
48110,113,111,2,2
48111,125,128,-3,3
48112,104,105,-1,1
48113,90,90,0,0
48114,84,83,1,1
48115,101,106,-5,5
48116,151,143,8,8
48117,127,123,4,4
48118,102,97,5,5
48119,85,90,-5,5
48120,64,71,-7,7
48121,114,116,-2,2
48122,104,99,5,5
48123,99,104,-5,5
48124,60,63,-3,3
48125,102,110,-8,8
48126,125,124,1,1
48127,109,125,-16,16
48128,106,102,4,4
48129,91,93,-2,2
48130,54,68,-14,14
48131,86,101,-15,15
48132,108,120,-12,12
48133,61,65,-4,4
48134,63,82,-19,19
48135,112,111,1,1
48136,35,37,-2,2
48137,86,83,3,3
48138,79,82,-3,3
48139,112,111,1,1
48140,180,183,-3,3
48141,94,85,9,9
48142,125,121,4,4
48143,82,78,4,4
48144,94,101,-7,7
48145,83,76,7,7
48146,93,101,-8,8
48147,89,92,-3,3
48148,63,65,-2,2
48149,120,123,-3,3
48150,91,80,11,11
48151,102,130,-28,28
48152,70,77,-7,7
48153,66,62,4,4
48154,73,71,2,2
48155,122,110,12,12
48156,50,56,-6,6
48157,65,68,-3,3
48158,146,146,0,0
48159,72,76,-4,4
48160,109,101,8,8
48161,67,75,-8,8
48162,138,133,5,5
48163,78,81,-3,3
48164,143,148,-5,5
48165,82,84,-2,2
48166,147,159,-12,12
48167,115,115,0,0
48168,107,114,-7,7
48169,60,65,-5,5
48170,95,86,9,9
48171,95,97,-2,2
48172,39,51,-12,12
48173,75,84,-9,9
48174,61,63,-2,2
48175,194,215,-21,21
48176,67,75,-8,8
48177,104,99,5,5
48178,79,82,-3,3
48179,57,77,-20,20
48180,45,49,-4,4
48181,66,72,-6,6
48182,70,71,-1,1
48183,61,77,-16,16
48184,93,92,1,1
48185,104,105,-1,1
48186,122,139,-17,17
48187,64,65,-1,1
48188,68,73,-5,5
48189,132,132,0,0
48190,55,57,-2,2
48191,117,117,0,0
48192,89,85,4,4
48193,83,92,-9,9
48194,94,107,-13,13
48195,59,55,4,4
48196,149,145,4,4
48197,77,85,-8,8
48198,92,97,-5,5
48199,84,76,8,8
48200,71,68,3,3
48201,75,71,4,4
48202,123,122,1,1
48203,108,116,-8,8
48204,90,95,-5,5
48205,99,84,15,15
48206,38,44,-6,6
48207,59,65,-6,6
48208,104,104,0,0
48209,114,128,-14,14
48210,83,88,-5,5
48211,182,166,16,16
48212,89,104,-15,15
48213,77,66,11,11
48214,146,138,8,8
48215,74,75,-1,1
48216,73,71,2,2
48217,71,72,-1,1
48218,70,63,7,7
48219,139,144,-5,5
48220,75,60,15,15
48221,110,130,-20,20
48222,106,111,-5,5
48223,150,152,-2,2
48224,132,129,3,3
48225,108,97,11,11
48226,56,61,-5,5
48227,133,133,0,0
48228,123,111,12,12
48229,58,53,5,5
48230,73,77,-4,4
48231,118,112,6,6
48232,83,85,-2,2
48233,66,70,-4,4
48234,83,84,-1,1
48235,89,90,-1,1
48236,87,99,-12,12
48237,95,93,2,2
48238,57,64,-7,7
48239,124,127,-3,3
48240,136,138,-2,2
48241,102,104,-2,2
48242,123,127,-4,4
48243,53,54,-1,1
48244,59,66,-7,7
48245,150,137,13,13
48246,140,130,10,10
48247,88,86,2,2
48248,140,133,7,7
48249,86,86,0,0
48250,106,101,5,5
48251,127,141,-14,14
48252,88,82,6,6
48253,99,108,-9,9
48254,83,83,0,0
48255,81,83,-2,2
48256,151,137,14,14
48257,144,150,-6,6
48258,55,55,0,0
48259,66,62,4,4
48260,103,103,0,0
48261,100,98,2,2
48262,76,68,8,8
48263,115,115,0,0
48264,135,130,5,5
48265,128,117,11,11
48266,163,154,9,9
48267,81,76,5,5
48268,88,88,0,0
48269,86,116,-30,30
48270,147,140,7,7
48271,179,173,6,6
48272,98,95,3,3
48273,91,87,4,4
48274,145,142,3,3
48275,53,57,-4,4
48276,122,126,-4,4
48277,79,76,3,3
48278,118,131,-13,13
48279,100,88,12,12
48280,76,71,5,5
48281,148,149,-1,1
48282,55,53,2,2
48283,80,80,0,0
48284,129,140,-11,11
48285,52,61,-9,9
48286,108,109,-1,1
48287,71,71,0,0
48288,49,46,3,3
48289,111,105,6,6
48290,97,91,6,6
48291,106,100,6,6
48292,31,35,-4,4
48293,62,60,2,2
48294,140,163,-23,23
48295,102,96,6,6
48296,68,59,9,9
48297,66,66,0,0
48298,98,100,-2,2
48299,29,32,-3,3
48300,162,159,3,3
48301,68,72,-4,4
48302,39,45,-6,6
48303,61,63,-2,2
48304,126,132,-6,6
48305,82,67,15,15
48306,95,87,8,8
48307,86,92,-6,6
48308,91,92,-1,1
48309,68,81,-13,13
48310,70,73,-3,3
48311,56,49,7,7
48312,113,115,-2,2
48313,83,74,9,9
48314,185,174,11,11
48315,133,130,3,3
48316,98,98,0,0
48317,47,55,-8,8
48318,86,81,5,5
48319,115,108,7,7
48320,121,119,2,2
48321,130,136,-6,6
48322,116,114,2,2
48323,55,51,4,4
48324,88,90,-2,2
48325,158,163,-5,5
48326,208,213,-5,5
48327,104,99,5,5
48328,109,110,-1,1
48329,94,103,-9,9
48330,49,57,-8,8
48331,66,73,-7,7
48332,135,156,-21,21
48333,112,105,7,7
48334,75,73,2,2
48335,99,96,3,3
48336,98,104,-6,6
48337,77,87,-10,10
48338,108,100,8,8
48339,81,79,2,2
48340,99,109,-10,10
48341,113,93,20,20
48342,68,73,-5,5
48343,111,118,-7,7
48344,57,63,-6,6
48345,141,128,13,13
48346,96,96,0,0
48347,57,64,-7,7
48348,86,86,0,0
48349,64,82,-18,18
48350,58,54,4,4
48351,68,72,-4,4
48352,79,79,0,0
48353,128,128,0,0
48354,133,126,7,7
48355,129,141,-12,12
48356,98,91,7,7
48357,126,114,12,12
48358,68,71,-3,3
48359,98,92,6,6
48360,76,61,15,15
48361,151,139,12,12
48362,143,147,-4,4
48363,81,88,-7,7
48364,154,144,10,10
48365,99,104,-5,5
48366,58,62,-4,4
48367,40,45,-5,5
48368,101,99,2,2
48369,88,83,5,5
48370,102,96,6,6
48371,82,75,7,7
48372,80,78,2,2
48373,77,77,0,0
48374,91,89,2,2
48375,133,136,-3,3
48376,160,147,13,13
48377,137,139,-2,2
48378,110,104,6,6
48379,78,74,4,4
48380,83,82,1,1
48381,68,80,-12,12
48382,85,92,-7,7
48383,90,89,1,1
48384,51,56,-5,5
48385,95,93,2,2
48386,133,124,9,9
48387,63,66,-3,3
48388,64,64,0,0
48389,64,61,3,3
48390,128,132,-4,4
48391,94,100,-6,6
48392,87,85,2,2
48393,49,58,-9,9
48394,66,59,7,7
48395,53,57,-4,4
48396,99,103,-4,4
48397,55,62,-7,7
48398,166,162,4,4
48399,179,172,7,7
48400,100,97,3,3
48401,97,95,2,2
48402,139,128,11,11
48403,59,61,-2,2
48404,175,169,6,6
48405,123,131,-8,8
48406,72,74,-2,2
48407,77,89,-12,12
48408,86,79,7,7
48409,52,58,-6,6
48410,122,138,-16,16
48411,83,82,1,1
48412,109,121,-12,12
48413,123,117,6,6
48414,72,76,-4,4
48415,86,85,1,1
48416,97,110,-13,13
48417,98,92,6,6
48418,98,88,10,10
48419,72,67,5,5
48420,160,149,11,11
48421,61,58,3,3
48422,91,90,1,1
48423,65,61,4,4
48424,145,140,5,5
48425,60,60,0,0
48426,125,122,3,3
48427,57,60,-3,3
48428,117,113,4,4
48429,104,104,0,0
48430,141,137,4,4
48431,65,64,1,1
48432,78,74,4,4
48433,74,74,0,0
48434,82,82,0,0
48435,83,84,-1,1
48436,79,82,-3,3
48437,79,83,-4,4
48438,73,71,2,2
48439,154,138,16,16
48440,89,90,-1,1
48441,83,89,-6,6
48442,79,77,2,2
48443,167,156,11,11
48444,103,123,-20,20
48445,89,89,0,0
48446,199,186,13,13
48447,63,73,-10,10
48448,67,61,6,6
48449,152,164,-12,12
48450,98,105,-7,7
48451,78,78,0,0
48452,78,78,0,0
48453,119,127,-8,8
48454,93,100,-7,7
48455,121,126,-5,5
48456,105,91,14,14
48457,184,149,35,35
48458,60,62,-2,2
48459,167,150,17,17
48460,51,58,-7,7
48461,114,121,-7,7
48462,59,57,2,2
48463,98,107,-9,9
48464,62,65,-3,3
48465,74,61,13,13
48466,87,82,5,5
48467,84,79,5,5
48468,63,62,1,1
48469,103,95,8,8
48470,133,123,10,10
48471,125,112,13,13
48472,137,139,-2,2
48473,82,73,9,9
48474,145,149,-4,4
48475,111,115,-4,4
48476,117,117,0,0
48477,61,60,1,1
48478,107,114,-7,7
48479,127,128,-1,1
48480,50,48,2,2
48481,75,73,2,2
48482,173,169,4,4
48483,162,150,12,12
48484,72,84,-12,12
48485,104,105,-1,1
48486,84,80,4,4
48487,84,79,5,5
48488,99,100,-1,1
48489,109,110,-1,1
48490,125,128,-3,3
48491,100,100,0,0
48492,108,116,-8,8
48493,118,124,-6,6
48494,70,77,-7,7
48495,67,57,10,10
48496,39,43,-4,4
48497,87,88,-1,1
48498,71,84,-13,13
48499,65,67,-2,2
48500,185,171,14,14
48501,89,86,3,3
48502,94,90,4,4
48503,68,66,2,2
48504,66,62,4,4
48505,126,123,3,3
48506,99,101,-2,2
48507,100,97,3,3
48508,85,77,8,8
48509,38,46,-8,8
48510,170,168,2,2
48511,109,99,10,10
48512,90,84,6,6
48513,58,57,1,1
48514,52,58,-6,6
48515,162,177,-15,15
48516,60,62,-2,2
48517,99,99,0,0
48518,80,78,2,2
48519,82,95,-13,13
48520,112,113,-1,1
48521,81,76,5,5
48522,112,128,-16,16
48523,160,154,6,6
48524,44,50,-6,6
48525,60,61,-1,1
48526,87,77,10,10
48527,66,59,7,7
48528,54,54,0,0
48529,158,141,17,17
48530,125,126,-1,1
48531,61,64,-3,3
48532,179,169,10,10
48533,174,150,24,24
48534,86,106,-20,20
48535,86,97,-11,11
48536,79,101,-22,22
48537,60,60,0,0
48538,78,79,-1,1
48539,128,136,-8,8
48540,111,109,2,2
48541,98,99,-1,1
48542,142,124,18,18
48543,65,64,1,1
48544,142,130,12,12
48545,176,176,0,0
48546,88,83,5,5
48547,165,164,1,1
48548,85,93,-8,8
48549,85,81,4,4
48550,88,88,0,0
48551,97,104,-7,7
48552,125,123,2,2
48553,99,93,6,6
48554,83,77,6,6
48555,97,92,5,5
48556,96,98,-2,2
48557,62,65,-3,3
48558,99,113,-14,14
48559,57,62,-5,5
48560,77,83,-6,6
48561,77,81,-4,4
48562,104,130,-26,26
48563,114,109,5,5
48564,94,89,5,5
48565,67,83,-16,16
48566,112,107,5,5
48567,128,122,6,6
48568,93,96,-3,3
48569,115,124,-9,9
48570,63,62,1,1
48571,67,78,-11,11
48572,136,139,-3,3
48573,96,109,-13,13
48574,97,109,-12,12
48575,97,108,-11,11
48576,100,95,5,5
48577,60,61,-1,1
48578,155,182,-27,27
48579,80,91,-11,11
48580,92,108,-16,16
48581,130,126,4,4
48582,139,130,9,9
48583,121,123,-2,2
48584,58,64,-6,6
48585,73,76,-3,3
48586,98,99,-1,1
48587,95,102,-7,7
48588,126,118,8,8
48589,112,107,5,5
48590,82,87,-5,5
48591,105,98,7,7
48592,68,80,-12,12
48593,67,81,-14,14
48594,121,127,-6,6
48595,164,147,17,17
48596,107,113,-6,6
48597,110,107,3,3
48598,125,129,-4,4
48599,71,71,0,0
48600,77,83,-6,6
48601,97,95,2,2
48602,114,124,-10,10
48603,140,140,0,0
48604,57,63,-6,6
48605,99,98,1,1
48606,99,94,5,5
48607,52,45,7,7
48608,83,77,6,6
48609,173,244,-71,71
48610,94,100,-6,6
48611,47,53,-6,6
48612,58,64,-6,6
48613,61,69,-8,8
48614,82,97,-15,15
48615,53,65,-12,12
48616,53,54,-1,1
48617,77,77,0,0
48618,88,99,-11,11
48619,74,76,-2,2
48620,74,71,3,3
48621,150,143,7,7
48622,135,144,-9,9
48623,176,190,-14,14
48624,53,60,-7,7
48625,140,138,2,2
48626,106,113,-7,7
48627,189,173,16,16
48628,104,115,-11,11
48629,71,84,-13,13
48630,66,63,3,3
48631,82,88,-6,6
48632,111,130,-19,19
48633,114,103,11,11
48634,140,142,-2,2
48635,95,99,-4,4
48636,152,146,6,6
48637,101,112,-11,11
48638,67,61,6,6
48639,47,61,-14,14
48640,73,83,-10,10
48641,84,102,-18,18
48642,92,87,5,5
48643,157,159,-2,2
48644,128,135,-7,7
48645,96,111,-15,15
48646,91,90,1,1
48647,92,87,5,5
48648,132,126,6,6
48649,170,170,0,0
48650,103,88,15,15
48651,46,52,-6,6
48652,123,114,9,9
48653,91,80,11,11
48654,111,113,-2,2
48655,144,149,-5,5
48656,73,76,-3,3
48657,116,110,6,6
48658,137,141,-4,4
48659,131,124,7,7
48660,37,43,-6,6
48661,84,88,-4,4
48662,91,85,6,6
48663,175,179,-4,4
48664,137,140,-3,3
48665,91,85,6,6
48666,41,50,-9,9
48667,88,79,9,9
48668,86,83,3,3
48669,67,66,1,1
48670,181,166,15,15
48671,108,105,3,3
48672,51,46,5,5
48673,145,139,6,6
48674,87,89,-2,2
48675,42,43,-1,1
48676,92,91,1,1
48677,196,183,13,13
48678,43,46,-3,3
48679,108,114,-6,6
48680,131,122,9,9
48681,105,112,-7,7
48682,77,81,-4,4
48683,80,81,-1,1
48684,144,139,5,5
48685,120,138,-18,18
48686,70,72,-2,2
48687,62,64,-2,2
48688,40,42,-2,2
48689,80,74,6,6
48690,93,86,7,7
48691,41,50,-9,9
48692,90,99,-9,9
48693,82,78,4,4
48694,85,88,-3,3
48695,103,98,5,5
48696,119,117,2,2
48697,65,66,-1,1
48698,85,80,5,5
48699,114,109,5,5
48700,95,93,2,2
48701,39,40,-1,1
48702,89,88,1,1
48703,116,118,-2,2
48704,133,140,-7,7
48705,76,76,0,0
48706,146,135,11,11
48707,55,62,-7,7
48708,170,170,0,0
48709,76,74,2,2
48710,89,91,-2,2
48711,76,98,-22,22
48712,107,99,8,8
48713,69,65,4,4
48714,94,103,-9,9
48715,106,107,-1,1
48716,91,78,13,13
48717,158,167,-9,9
48718,110,113,-3,3
48719,69,73,-4,4
48720,90,85,5,5
48721,99,96,3,3
48722,74,71,3,3
48723,94,99,-5,5
48724,70,67,3,3
48725,81,91,-10,10
48726,136,147,-11,11
48727,89,92,-3,3
48728,113,119,-6,6
48729,110,102,8,8
48730,137,143,-6,6
48731,100,103,-3,3
48732,114,110,4,4
48733,122,110,12,12
48734,27,41,-14,14
48735,105,112,-7,7
48736,65,75,-10,10
48737,120,132,-12,12
48738,68,72,-4,4
48739,158,152,6,6
48740,76,80,-4,4
48741,123,121,2,2
48742,71,64,7,7
48743,86,89,-3,3
48744,68,78,-10,10
48745,118,117,1,1
48746,36,43,-7,7
48747,26,33,-7,7
48748,55,57,-2,2
48749,87,88,-1,1
48750,117,114,3,3
48751,36,43,-7,7
48752,112,104,8,8
48753,73,70,3,3
48754,93,91,2,2
48755,122,116,6,6
48756,117,120,-3,3
48757,116,132,-16,16
48758,95,94,1,1
48759,51,51,0,0
48760,81,81,0,0
48761,88,75,13,13
48762,62,64,-2,2
48763,84,66,18,18
48764,69,75,-6,6
48765,62,67,-5,5
48766,101,108,-7,7
48767,112,114,-2,2
48768,182,165,17,17
48769,51,60,-9,9
48770,89,85,4,4
48771,123,127,-4,4
48772,91,90,1,1
48773,67,75,-8,8
48774,150,137,13,13
48775,61,65,-4,4
48776,107,107,0,0
48777,53,57,-4,4
48778,79,83,-4,4
48779,143,160,-17,17
48780,115,121,-6,6
48781,66,72,-6,6
48782,104,102,2,2
48783,154,164,-10,10
48784,96,89,7,7
48785,165,171,-6,6
48786,124,127,-3,3
48787,108,105,3,3
48788,106,112,-6,6
48789,124,130,-6,6
48790,91,98,-7,7
48791,98,118,-20,20
48792,74,81,-7,7
48793,146,153,-7,7
48794,136,140,-4,4
48795,96,113,-17,17
48796,117,118,-1,1
48797,113,110,3,3
48798,118,112,6,6
48799,151,138,13,13
48800,157,157,0,0
48801,98,88,10,10
48802,136,137,-1,1
48803,119,137,-18,18
48804,66,64,2,2
48805,144,139,5,5
48806,118,121,-3,3
48807,186,184,2,2
48808,91,91,0,0
48809,99,94,5,5
48810,78,82,-4,4
48811,81,87,-6,6
48812,77,84,-7,7
48813,51,56,-5,5
48814,81,85,-4,4
48815,110,112,-2,2
48816,83,82,1,1
48817,75,87,-12,12
48818,73,74,-1,1
48819,113,116,-3,3
48820,84,78,6,6
48821,94,96,-2,2
48822,77,93,-16,16
48823,101,96,5,5
48824,100,91,9,9
48825,68,64,4,4
48826,65,71,-6,6
48827,159,163,-4,4
48828,66,85,-19,19
48829,149,130,19,19
48830,81,97,-16,16
48831,56,55,1,1
48832,149,169,-20,20
48833,56,55,1,1
48834,110,108,2,2
48835,61,62,-1,1
48836,57,53,4,4
48837,107,114,-7,7
48838,58,61,-3,3
48839,106,111,-5,5
48840,145,132,13,13
48841,70,73,-3,3
48842,115,120,-5,5
48843,106,84,22,22
48844,144,136,8,8
48845,129,118,11,11
48846,127,131,-4,4
48847,223,202,21,21
48848,147,153,-6,6
48849,95,90,5,5
48850,34,42,-8,8
48851,66,61,5,5
48852,88,90,-2,2
48853,91,84,7,7
48854,90,84,6,6
48855,131,135,-4,4
48856,61,65,-4,4
48857,66,61,5,5
48858,125,137,-12,12
48859,69,65,4,4
48860,73,80,-7,7
48861,87,88,-1,1
48862,89,88,1,1
48863,69,74,-5,5
48864,114,115,-1,1
48865,64,64,0,0
48866,146,143,3,3
48867,93,100,-7,7
48868,54,61,-7,7
48869,171,181,-10,10
48870,63,66,-3,3
48871,70,79,-9,9
48872,61,63,-2,2
48873,75,71,4,4
48874,158,146,12,12
48875,65,76,-11,11
48876,93,94,-1,1
48877,97,91,6,6
48878,126,107,19,19
48879,122,124,-2,2
48880,128,142,-14,14
48881,109,113,-4,4
48882,90,86,4,4
48883,167,169,-2,2
48884,79,71,8,8
48885,56,61,-5,5
48886,117,115,2,2
48887,80,77,3,3
48888,48,52,-4,4
48889,72,75,-3,3
48890,69,71,-2,2
48891,105,104,1,1
48892,103,100,3,3
48893,94,98,-4,4
48894,91,83,8,8
48895,117,115,2,2
48896,168,171,-3,3
48897,60,61,-1,1
48898,93,103,-10,10
48899,110,106,4,4
48900,61,60,1,1
48901,133,133,0,0
48902,124,110,14,14
48903,131,132,-1,1
48904,81,80,1,1
48905,78,73,5,5
48906,117,113,4,4
48907,116,115,1,1
48908,75,82,-7,7
48909,50,58,-8,8
48910,76,70,6,6
48911,120,120,0,0
48912,96,95,1,1
48913,99,124,-25,25
48914,163,158,5,5
48915,136,128,8,8
48916,150,141,9,9
48917,87,97,-10,10
48918,116,118,-2,2
48919,127,128,-1,1
48920,73,71,2,2
48921,110,118,-8,8
48922,65,64,1,1
48923,74,74,0,0
48924,98,96,2,2
48925,74,73,1,1
48926,105,103,2,2
48927,92,98,-6,6
48928,80,83,-3,3
48929,111,112,-1,1
48930,93,91,2,2
48931,69,70,-1,1
48932,76,77,-1,1
48933,59,58,1,1
48934,127,129,-2,2
48935,45,55,-10,10
48936,100,81,19,19
48937,111,115,-4,4
48938,165,212,-47,47
48939,161,178,-17,17
48940,108,116,-8,8
48941,85,73,12,12
48942,131,141,-10,10
48943,28,40,-12,12
48944,92,85,7,7
48945,55,56,-1,1
48946,134,127,7,7
48947,112,106,6,6
48948,123,114,9,9
48949,137,138,-1,1
48950,72,84,-12,12
48951,116,108,8,8
48952,136,133,3,3
48953,122,122,0,0
48954,120,122,-2,2
48955,85,76,9,9
48956,98,107,-9,9
48957,108,132,-24,24
48958,95,100,-5,5
48959,71,67,4,4
48960,160,148,12,12
48961,112,120,-8,8
48962,98,102,-4,4
48963,72,71,1,1
48964,102,105,-3,3
48965,95,90,5,5
48966,130,125,5,5
48967,96,99,-3,3
48968,123,119,4,4
48969,100,109,-9,9
48970,172,172,0,0
48971,55,55,0,0
48972,60,74,-14,14
48973,101,108,-7,7
48974,90,104,-14,14
48975,76,86,-10,10
48976,80,79,1,1
48977,100,112,-12,12
48978,61,64,-3,3
48979,75,72,3,3
48980,81,102,-21,21
48981,121,120,1,1
48982,81,83,-2,2
48983,139,142,-3,3
48984,86,78,8,8
48985,94,93,1,1
48986,121,125,-4,4
48987,83,76,7,7
48988,127,135,-8,8
48989,49,62,-13,13
48990,83,93,-10,10
48991,76,71,5,5
48992,113,113,0,0
48993,73,72,1,1
48994,85,85,0,0
48995,97,98,-1,1
48996,82,79,3,3
48997,103,102,1,1
48998,68,70,-2,2
48999,65,66,-1,1
49000,46,63,-17,17
49001,108,101,7,7
49002,96,107,-11,11
49003,133,133,0,0
49004,97,96,1,1
49005,62,57,5,5
49006,95,102,-7,7
49007,132,122,10,10
49008,164,156,8,8
49009,62,62,0,0
49010,81,82,-1,1
49011,91,95,-4,4
49012,73,73,0,0
49013,73,75,-2,2
49014,105,116,-11,11
49015,75,78,-3,3
49016,73,63,10,10
49017,94,104,-10,10
49018,112,121,-9,9
49019,107,98,9,9
49020,79,77,2,2
49021,128,132,-4,4
49022,100,97,3,3
49023,68,68,0,0
49024,84,75,9,9
49025,115,143,-28,28
49026,68,71,-3,3
49027,50,55,-5,5
49028,80,86,-6,6
49029,71,75,-4,4
49030,115,116,-1,1
49031,103,118,-15,15
49032,112,113,-1,1
49033,95,90,5,5
49034,132,137,-5,5
49035,108,109,-1,1
49036,89,101,-12,12
49037,96,88,8,8
49038,110,109,1,1
49039,103,170,-67,67
49040,113,97,16,16
49041,72,81,-9,9
49042,85,90,-5,5
49043,106,112,-6,6
49044,101,103,-2,2
49045,117,134,-17,17
49046,67,77,-10,10
49047,82,84,-2,2
49048,61,64,-3,3
49049,64,62,2,2
49050,86,86,0,0
49051,89,88,1,1
49052,49,52,-3,3
49053,136,122,14,14
49054,137,144,-7,7
49055,79,70,9,9
49056,127,118,9,9
49057,130,128,2,2
49058,119,135,-16,16
49059,83,75,8,8
49060,98,101,-3,3
49061,124,122,2,2
49062,72,86,-14,14
49063,114,126,-12,12
49064,144,139,5,5
49065,117,107,10,10
49066,68,66,2,2
49067,41,47,-6,6
49068,88,95,-7,7
49069,156,152,4,4
49070,85,85,0,0
49071,99,99,0,0
49072,71,88,-17,17
49073,152,142,10,10
49074,86,82,4,4
49075,95,88,7,7
49076,100,100,0,0
49077,99,100,-1,1
49078,137,117,20,20
49079,78,67,11,11
49080,142,135,7,7
49081,80,91,-11,11
49082,70,69,1,1
49083,112,113,-1,1
49084,116,121,-5,5
49085,76,83,-7,7
49086,128,124,4,4
49087,101,98,3,3
49088,111,112,-1,1
49089,71,69,2,2
49090,129,129,0,0
49091,170,164,6,6
49092,136,121,15,15
49093,105,99,6,6
49094,117,115,2,2
49095,102,100,2,2
49096,77,80,-3,3
49097,103,112,-9,9
49098,53,54,-1,1
49099,94,101,-7,7
49100,73,65,8,8
49101,65,65,0,0
49102,107,128,-21,21
49103,78,88,-10,10
49104,83,80,3,3
49105,117,120,-3,3
49106,33,36,-3,3
49107,97,99,-2,2
49108,119,123,-4,4
49109,74,70,4,4
49110,96,95,1,1
49111,113,118,-5,5
49112,68,81,-13,13
49113,78,76,2,2
49114,123,104,19,19
49115,121,132,-11,11
49116,74,71,3,3
49117,100,93,7,7
49118,71,73,-2,2
49119,46,51,-5,5
49120,90,95,-5,5
49121,63,75,-12,12
49122,94,105,-11,11
49123,83,86,-3,3
49124,86,91,-5,5
49125,116,126,-10,10
49126,107,104,3,3
49127,111,123,-12,12
49128,211,207,4,4
49129,71,69,2,2
49130,57,66,-9,9
49131,135,137,-2,2
49132,111,111,0,0
49133,97,92,5,5
49134,139,140,-1,1
49135,96,99,-3,3
49136,91,90,1,1
49137,131,132,-1,1
49138,134,132,2,2
49139,81,82,-1,1
49140,123,118,5,5
49141,122,132,-10,10
49142,149,148,1,1
49143,122,116,6,6
49144,114,111,3,3
49145,112,102,10,10
49146,110,106,4,4
49147,111,120,-9,9
49148,50,54,-4,4
49149,52,53,-1,1
49150,119,133,-14,14
49151,67,66,1,1
49152,135,137,-2,2
49153,81,72,9,9
49154,122,110,12,12
49155,130,134,-4,4
49156,60,64,-4,4
49157,108,120,-12,12
49158,97,102,-5,5
49159,50,56,-6,6
49160,77,71,6,6
49161,106,101,5,5
49162,100,106,-6,6
49163,70,75,-5,5
49164,99,102,-3,3
49165,108,112,-4,4
49166,138,130,8,8
49167,132,137,-5,5
49168,73,81,-8,8
49169,73,82,-9,9
49170,111,104,7,7
49171,101,102,-1,1
49172,123,123,0,0
49173,80,122,-42,42
49174,56,52,4,4
49175,101,94,7,7
49176,119,123,-4,4
49177,125,144,-19,19
49178,107,108,-1,1
49179,141,141,0,0
49180,110,129,-19,19
49181,91,84,7,7
49182,67,70,-3,3
49183,91,93,-2,2
49184,62,63,-1,1
49185,66,61,5,5
49186,51,72,-21,21
49187,26,34,-8,8
49188,112,118,-6,6
49189,85,80,5,5
49190,173,165,8,8
49191,65,62,3,3
49192,71,76,-5,5
49193,48,45,3,3
49194,113,122,-9,9
49195,111,115,-4,4
49196,76,80,-4,4
49197,72,74,-2,2
49198,104,99,5,5
49199,113,113,0,0
49200,80,79,1,1
49201,129,135,-6,6
49202,80,77,3,3
49203,99,102,-3,3
49204,98,103,-5,5
49205,186,184,2,2
49206,84,85,-1,1
49207,46,49,-3,3
49208,81,96,-15,15
49209,62,60,2,2
49210,85,83,2,2
49211,63,59,4,4
49212,114,126,-12,12
49213,91,87,4,4
49214,100,116,-16,16
49215,53,52,1,1
49216,127,113,14,14
49217,93,86,7,7
49218,59,63,-4,4
49219,52,51,1,1
49220,100,100,0,0
49221,73,78,-5,5
49222,110,115,-5,5
49223,88,74,14,14
49224,87,89,-2,2
49225,53,55,-2,2
49226,96,97,-1,1
49227,70,83,-13,13
49228,80,89,-9,9
49229,80,78,2,2
49230,78,74,4,4
49231,45,45,0,0
49232,97,94,3,3
49233,172,164,8,8
49234,92,94,-2,2
49235,72,71,1,1
49236,125,138,-13,13
49237,72,73,-1,1
49238,156,156,0,0
49239,61,62,-1,1
49240,118,128,-10,10
49241,89,117,-28,28
49242,126,113,13,13
49243,121,110,11,11
49244,63,74,-11,11
49245,96,87,9,9
49246,123,116,7,7
49247,80,87,-7,7
49248,120,125,-5,5
49249,75,79,-4,4
49250,128,127,1,1
49251,166,162,4,4
49252,129,127,2,2
49253,74,78,-4,4
49254,70,76,-6,6
49255,75,77,-2,2
49256,115,99,16,16
49257,109,111,-2,2
49258,86,85,1,1
49259,90,95,-5,5
49260,95,90,5,5
49261,102,115,-13,13
49262,178,172,6,6
49263,140,133,7,7
49264,148,148,0,0
49265,75,79,-4,4
49266,94,85,9,9
49267,83,88,-5,5
49268,184,178,6,6
49269,98,90,8,8
49270,36,34,2,2
49271,68,70,-2,2
49272,88,84,4,4
49273,71,71,0,0
49274,80,76,4,4
49275,81,81,0,0
49276,98,107,-9,9
49277,99,88,11,11
49278,41,52,-11,11
49279,51,55,-4,4
49280,161,156,5,5
49281,76,76,0,0
49282,103,101,2,2
49283,86,83,3,3
49284,111,108,3,3
49285,132,124,8,8
49286,91,83,8,8
49287,114,104,10,10
49288,106,99,7,7
49289,140,140,0,0
49290,54,53,1,1
49291,231,215,16,16
49292,74,75,-1,1
49293,59,59,0,0
49294,149,138,11,11
49295,98,89,9,9
49296,96,93,3,3
49297,98,104,-6,6
49298,29,37,-8,8
49299,80,77,3,3
49300,115,110,5,5
49301,75,68,7,7
49302,93,96,-3,3
49303,86,84,2,2
49304,67,60,7,7
49305,56,55,1,1
49306,120,121,-1,1
49307,188,176,12,12
49308,31,41,-10,10
49309,51,61,-10,10
49310,55,58,-3,3
49311,81,84,-3,3
49312,75,79,-4,4
49313,63,66,-3,3
49314,85,83,2,2
49315,32,34,-2,2
49316,83,89,-6,6
49317,86,94,-8,8
49318,122,108,14,14
49319,46,51,-5,5
49320,122,115,7,7
49321,101,104,-3,3
49322,55,68,-13,13
49323,80,90,-10,10
49324,106,111,-5,5
49325,79,91,-12,12
49326,143,151,-8,8
49327,124,130,-6,6
49328,128,129,-1,1
49329,88,94,-6,6
49330,98,102,-4,4
49331,207,196,11,11
49332,133,124,9,9
49333,46,48,-2,2
49334,115,127,-12,12
49335,75,62,13,13
49336,93,89,4,4
49337,99,106,-7,7
49338,107,112,-5,5
49339,99,96,3,3
49340,78,78,0,0
49341,104,93,11,11
49342,112,119,-7,7
49343,75,77,-2,2
49344,84,88,-4,4
49345,87,98,-11,11
49346,83,80,3,3
49347,151,144,7,7
49348,23,45,-22,22
49349,168,164,4,4
49350,62,66,-4,4
49351,65,63,2,2
49352,68,71,-3,3
49353,110,117,-7,7
49354,159,147,12,12
49355,44,51,-7,7
49356,144,140,4,4
49357,71,69,2,2
49358,71,67,4,4
49359,131,115,16,16
49360,148,104,44,44
49361,116,118,-2,2
49362,117,106,11,11
49363,116,139,-23,23
49364,95,89,6,6
49365,59,71,-12,12
49366,41,43,-2,2
49367,80,88,-8,8
49368,66,68,-2,2
49369,98,87,11,11
49370,186,185,1,1
49371,109,106,3,3
49372,97,126,-29,29
49373,74,66,8,8
49374,113,114,-1,1
49375,61,58,3,3
49376,108,111,-3,3
49377,123,119,4,4
49378,78,80,-2,2
49379,57,61,-4,4
49380,42,58,-16,16
49381,118,129,-11,11
49382,59,57,2,2
49383,96,107,-11,11
49384,69,70,-1,1
49385,94,82,12,12
49386,84,94,-10,10
49387,182,190,-8,8
49388,44,48,-4,4
49389,74,86,-12,12
49390,84,74,10,10
49391,173,163,10,10
49392,73,80,-7,7
49393,67,66,1,1
49394,84,90,-6,6
49395,106,108,-2,2
49396,80,83,-3,3
49397,79,93,-14,14
49398,61,57,4,4
49399,73,82,-9,9
49400,50,51,-1,1
49401,94,96,-2,2
49402,86,92,-6,6
49403,71,71,0,0
49404,60,71,-11,11
49405,126,128,-2,2
49406,60,58,2,2
49407,65,62,3,3
49408,83,83,0,0
49409,47,45,2,2
49410,234,207,27,27
49411,101,87,14,14
49412,111,107,4,4
49413,65,61,4,4
49414,50,55,-5,5
49415,63,72,-9,9
49416,121,128,-7,7
49417,63,50,13,13
49418,105,99,6,6
49419,51,62,-11,11
49420,85,76,9,9
49421,154,140,14,14
49422,130,122,8,8
49423,95,98,-3,3
49424,55,54,1,1
49425,95,98,-3,3
49426,154,149,5,5
49427,109,110,-1,1
49428,57,63,-6,6
49429,109,108,1,1
49430,125,112,13,13
49431,85,79,6,6
49432,76,67,9,9
49433,66,82,-16,16
49434,89,82,7,7
49435,64,62,2,2
49436,46,55,-9,9
49437,79,80,-1,1
49438,114,117,-3,3
49439,73,71,2,2
49440,130,134,-4,4
49441,78,73,5,5
49442,62,68,-6,6
49443,49,50,-1,1
49444,65,73,-8,8
49445,66,65,1,1
49446,72,76,-4,4
49447,81,80,1,1
49448,131,133,-2,2
49449,113,115,-2,2
49450,103,100,3,3
49451,60,59,1,1
49452,61,60,1,1
49453,62,62,0,0
49454,79,75,4,4
49455,111,131,-20,20
49456,108,105,3,3
49457,124,107,17,17
49458,93,113,-20,20
49459,121,126,-5,5
49460,49,49,0,0
49461,72,77,-5,5
49462,86,73,13,13
49463,64,64,0,0
49464,95,84,11,11
49465,108,115,-7,7
49466,148,146,2,2
49467,71,65,6,6
49468,85,104,-19,19
49469,72,78,-6,6
49470,107,109,-2,2
49471,121,111,10,10
49472,119,131,-12,12
49473,81,107,-26,26
49474,94,97,-3,3
49475,147,126,21,21
49476,101,104,-3,3
49477,106,115,-9,9
49478,59,63,-4,4
49479,70,70,0,0
49480,52,52,0,0
49481,89,81,8,8
49482,128,130,-2,2
49483,111,120,-9,9
49484,146,144,2,2
49485,49,49,0,0
49486,110,108,2,2
49487,119,116,3,3
49488,96,102,-6,6
49489,119,119,0,0
49490,140,135,5,5
49491,124,124,0,0
49492,90,83,7,7
49493,68,72,-4,4
49494,92,102,-10,10
49495,163,155,8,8
49496,77,73,4,4
49497,103,99,4,4
49498,126,110,16,16
49499,70,77,-7,7
49500,127,121,6,6
49501,76,81,-5,5
49502,138,140,-2,2
49503,88,94,-6,6
49504,58,82,-24,24
49505,68,64,4,4
49506,146,150,-4,4
49507,139,141,-2,2
49508,71,80,-9,9
49509,143,137,6,6
49510,123,108,15,15
49511,55,58,-3,3
49512,93,95,-2,2
49513,74,80,-6,6
49514,122,121,1,1
49515,79,83,-4,4
49516,75,75,0,0
49517,72,82,-10,10
49518,122,123,-1,1
49519,82,80,2,2
49520,66,66,0,0
49521,67,71,-4,4
49522,62,65,-3,3
49523,108,101,7,7
49524,82,84,-2,2
49525,93,97,-4,4
49526,57,59,-2,2
49527,73,75,-2,2
49528,116,103,13,13
49529,97,88,9,9
49530,107,109,-2,2
49531,69,71,-2,2
49532,118,115,3,3
49533,112,113,-1,1
49534,75,80,-5,5
49535,128,136,-8,8
49536,96,100,-4,4
49537,81,83,-2,2
49538,149,142,7,7
49539,65,71,-6,6
49540,28,30,-2,2
49541,92,91,1,1
49542,82,73,9,9
49543,65,80,-15,15
49544,130,129,1,1
49545,85,84,1,1
49546,105,111,-6,6
49547,119,128,-9,9
49548,124,115,9,9
49549,89,89,0,0
49550,52,51,1,1
49551,95,89,6,6
49552,111,130,-19,19
49553,110,98,12,12
49554,104,106,-2,2
49555,107,117,-10,10
49556,79,78,1,1
49557,98,89,9,9
49558,113,120,-7,7
49559,59,61,-2,2
49560,86,80,6,6
49561,40,47,-7,7
49562,59,58,1,1
49563,108,109,-1,1
49564,49,58,-9,9
49565,86,75,11,11
49566,84,80,4,4
49567,93,95,-2,2
49568,74,74,0,0
49569,73,72,1,1
49570,89,96,-7,7
49571,83,92,-9,9
49572,94,100,-6,6
49573,103,98,5,5
49574,117,128,-11,11
49575,162,157,5,5
49576,72,85,-13,13
49577,107,115,-8,8
49578,122,120,2,2
49579,108,112,-4,4
49580,96,82,14,14
49581,98,95,3,3
49582,111,119,-8,8
49583,51,53,-2,2
49584,70,80,-10,10
49585,64,65,-1,1
49586,47,44,3,3
49587,45,50,-5,5
49588,69,95,-26,26
49589,91,88,3,3
49590,77,65,12,12
49591,83,79,4,4
49592,73,71,2,2
49593,70,73,-3,3
49594,228,191,37,37
49595,50,55,-5,5
49596,69,70,-1,1
49597,88,85,3,3
49598,76,78,-2,2
49599,80,73,7,7
49600,73,74,-1,1
49601,86,87,-1,1
49602,103,127,-24,24
49603,135,129,6,6
49604,75,83,-8,8
49605,78,83,-5,5
49606,114,98,16,16
49607,112,123,-11,11
49608,66,73,-7,7
49609,94,89,5,5
49610,86,79,7,7
49611,86,81,5,5
49612,115,126,-11,11
49613,81,77,4,4
49614,96,104,-8,8
49615,100,93,7,7
49616,137,138,-1,1
49617,71,67,4,4
49618,77,75,2,2
49619,102,98,4,4
49620,83,88,-5,5
49621,87,90,-3,3
49622,123,109,14,14
49623,65,72,-7,7
49624,59,65,-6,6
49625,98,98,0,0
49626,127,137,-10,10
49627,141,130,11,11
49628,55,56,-1,1
49629,63,67,-4,4
49630,102,98,4,4
49631,63,72,-9,9
49632,108,100,8,8
49633,105,106,-1,1
49634,57,49,8,8
49635,64,52,12,12
49636,83,81,2,2
49637,97,97,0,0
49638,97,101,-4,4
49639,84,96,-12,12
49640,117,114,3,3
49641,99,95,4,4
49642,106,109,-3,3
49643,101,100,1,1
49644,91,83,8,8
49645,131,123,8,8
49646,162,164,-2,2
49647,81,80,1,1
49648,56,59,-3,3
49649,120,105,15,15
49650,103,96,7,7
49651,43,43,0,0
49652,59,62,-3,3
49653,90,86,4,4
49654,116,113,3,3
49655,55,52,3,3
49656,97,92,5,5
49657,99,94,5,5
49658,52,55,-3,3
49659,32,42,-10,10
49660,91,101,-10,10
49661,92,92,0,0
49662,52,55,-3,3
49663,159,147,12,12
49664,144,131,13,13
49665,115,115,0,0
49666,44,48,-4,4
49667,114,122,-8,8
49668,183,174,9,9
49669,94,92,2,2
49670,82,99,-17,17
49671,85,71,14,14
49672,71,64,7,7
49673,151,145,6,6
49674,98,95,3,3
49675,116,119,-3,3
49676,108,103,5,5
49677,85,86,-1,1
49678,96,112,-16,16
49679,94,104,-10,10
49680,59,62,-3,3
49681,81,79,2,2
49682,125,130,-5,5
49683,64,71,-7,7
49684,106,99,7,7
49685,89,87,2,2
49686,91,86,5,5
49687,72,62,10,10
49688,69,78,-9,9
49689,94,79,15,15
49690,133,130,3,3
49691,115,116,-1,1
49692,92,87,5,5
49693,171,156,15,15
49694,108,106,2,2
49695,102,95,7,7
49696,133,143,-10,10
49697,89,81,8,8
49698,93,88,5,5
49699,39,50,-11,11
49700,119,114,5,5
49701,116,117,-1,1
49702,71,62,9,9
49703,121,129,-8,8
49704,109,104,5,5
49705,121,108,13,13
49706,87,91,-4,4
49707,73,85,-12,12
49708,103,95,8,8
49709,50,52,-2,2
49710,53,55,-2,2
49711,94,98,-4,4
49712,143,153,-10,10
49713,68,64,4,4
49714,148,136,12,12
49715,54,52,2,2
49716,121,114,7,7
49717,116,125,-9,9
49718,91,100,-9,9
49719,74,71,3,3
49720,68,65,3,3
49721,129,132,-3,3
49722,69,63,6,6
49723,43,50,-7,7
49724,125,122,3,3
49725,101,111,-10,10
49726,188,171,17,17
49727,135,125,10,10
49728,57,60,-3,3
49729,96,101,-5,5
49730,68,64,4,4
49731,154,143,11,11
49732,101,105,-4,4
49733,48,57,-9,9
49734,62,73,-11,11
49735,182,176,6,6
49736,83,82,1,1
49737,52,56,-4,4
49738,97,85,12,12
49739,108,103,5,5
49740,90,101,-11,11
49741,88,84,4,4
49742,109,114,-5,5
49743,84,97,-13,13
49744,93,106,-13,13
49745,87,84,3,3
49746,75,75,0,0
49747,77,81,-4,4
49748,159,145,14,14
49749,56,58,-2,2
49750,135,120,15,15
49751,42,46,-4,4
49752,42,39,3,3
49753,82,96,-14,14
49754,106,117,-11,11
49755,98,108,-10,10
49756,59,63,-4,4
49757,158,142,16,16
49758,109,117,-8,8
49759,93,93,0,0
49760,174,169,5,5
49761,91,93,-2,2
49762,138,122,16,16
49763,104,98,6,6
49764,92,96,-4,4
49765,67,72,-5,5
49766,87,93,-6,6
49767,135,127,8,8
49768,102,95,7,7
49769,164,156,8,8
49770,67,73,-6,6
49771,106,90,16,16
49772,88,96,-8,8
49773,109,113,-4,4
49774,97,85,12,12
49775,49,54,-5,5
49776,124,121,3,3
49777,64,61,3,3
49778,160,152,8,8
49779,108,110,-2,2
49780,71,71,0,0
49781,108,101,7,7
49782,87,86,1,1
49783,181,172,9,9
49784,100,96,4,4
49785,52,50,2,2
49786,128,130,-2,2
49787,84,80,4,4
49788,123,113,10,10
49789,131,135,-4,4
49790,113,124,-11,11
49791,127,131,-4,4
49792,85,93,-8,8
49793,71,73,-2,2
49794,108,111,-3,3
49795,74,71,3,3
49796,160,154,6,6
49797,72,81,-9,9
49798,75,74,1,1
49799,122,130,-8,8
49800,85,84,1,1
49801,74,82,-8,8
49802,44,74,-30,30
49803,110,129,-19,19
49804,64,72,-8,8
49805,40,53,-13,13
49806,124,117,7,7
49807,88,90,-2,2
49808,123,123,0,0
49809,122,128,-6,6
49810,122,127,-5,5
49811,104,97,7,7
49812,100,105,-5,5
49813,83,79,4,4
49814,50,57,-7,7
49815,93,93,0,0
49816,91,85,6,6
49817,78,83,-5,5
49818,121,119,2,2
49819,90,88,2,2
49820,53,55,-2,2
49821,112,104,8,8
49822,82,81,1,1
49823,167,163,4,4
49824,97,93,4,4
49825,63,63,0,0
49826,112,112,0,0
49827,102,86,16,16
49828,78,78,0,0
49829,124,126,-2,2
49830,60,59,1,1
49831,59,57,2,2
49832,55,62,-7,7
49833,154,149,5,5
49834,86,86,0,0
49835,102,97,5,5
49836,70,72,-2,2
49837,47,50,-3,3
49838,79,63,16,16
49839,62,61,1,1
49840,114,141,-27,27
49841,117,109,8,8
49842,60,61,-1,1
49843,86,77,9,9
49844,152,154,-2,2
49845,168,170,-2,2
49846,124,134,-10,10
49847,60,60,0,0
49848,125,115,10,10
49849,62,66,-4,4
49850,88,92,-4,4
49851,66,65,1,1
49852,175,164,11,11
49853,88,90,-2,2
49854,45,57,-12,12
49855,74,72,2,2
49856,135,131,4,4
49857,106,102,4,4
49858,130,116,14,14
49859,79,85,-6,6
49860,81,80,1,1
49861,65,73,-8,8
49862,107,96,11,11
49863,97,91,6,6
49864,76,87,-11,11
49865,116,106,10,10
49866,59,59,0,0
49867,54,64,-10,10
49868,98,100,-2,2
49869,128,148,-20,20
49870,106,104,2,2
49871,78,81,-3,3
49872,131,134,-3,3
49873,69,65,4,4
49874,153,162,-9,9
49875,71,75,-4,4
49876,67,72,-5,5
49877,107,103,4,4
49878,75,100,-25,25
49879,87,87,0,0
49880,94,84,10,10
49881,90,103,-13,13
49882,74,78,-4,4
49883,135,136,-1,1
49884,134,131,3,3
49885,151,141,10,10
49886,92,99,-7,7
49887,92,97,-5,5
49888,80,78,2,2
49889,91,93,-2,2
49890,89,94,-5,5
49891,86,80,6,6
49892,76,77,-1,1
49893,107,107,0,0
49894,140,117,23,23
49895,85,102,-17,17
49896,85,86,-1,1
49897,69,63,6,6
49898,96,94,2,2
49899,62,58,4,4
49900,79,78,1,1
49901,138,120,18,18
49902,115,105,10,10
49903,106,98,8,8
49904,93,90,3,3
49905,122,121,1,1
49906,106,97,9,9
49907,90,88,2,2
49908,88,78,10,10
49909,72,71,1,1
49910,84,94,-10,10
49911,138,141,-3,3
49912,92,98,-6,6
49913,95,96,-1,1
49914,86,83,3,3
49915,73,66,7,7
49916,70,82,-12,12
49917,61,62,-1,1
49918,161,154,7,7
49919,89,83,6,6
49920,130,129,1,1
49921,99,72,27,27
49922,79,80,-1,1
49923,47,58,-11,11
49924,75,85,-10,10
49925,69,71,-2,2
49926,78,80,-2,2
49927,45,47,-2,2
49928,67,78,-11,11
49929,99,108,-9,9
49930,92,106,-14,14
49931,116,114,2,2
49932,132,122,10,10
49933,88,95,-7,7
49934,94,100,-6,6
49935,112,124,-12,12
49936,40,52,-12,12
49937,58,59,-1,1
49938,88,80,8,8
49939,85,84,1,1
49940,86,58,28,28
49941,145,147,-2,2
49942,105,100,5,5
49943,99,92,7,7
49944,62,62,0,0
49945,95,98,-3,3
49946,90,80,10,10
49947,57,48,9,9
49948,104,100,4,4
49949,70,69,1,1
49950,103,96,7,7
49951,102,93,9,9
49952,56,56,0,0
49953,67,71,-4,4
49954,65,66,-1,1
49955,65,73,-8,8
49956,100,133,-33,33
49957,77,88,-11,11
49958,140,129,11,11
49959,86,77,9,9
49960,123,125,-2,2
49961,33,77,-44,44
49962,102,96,6,6
49963,116,112,4,4
49964,63,70,-7,7
49965,79,84,-5,5
49966,160,154,6,6
49967,60,58,2,2
49968,65,60,5,5
49969,84,85,-1,1
49970,67,66,1,1
49971,90,92,-2,2
49972,70,80,-10,10
49973,68,73,-5,5
49974,104,119,-15,15
49975,87,87,0,0
49976,124,112,12,12
49977,128,130,-2,2
49978,166,168,-2,2
49979,72,75,-3,3
49980,54,55,-1,1
49981,111,100,11,11
49982,93,88,5,5
49983,107,104,3,3
49984,137,136,1,1
49985,89,82,7,7
49986,68,61,7,7
49987,52,53,-1,1
49988,75,87,-12,12
49989,79,77,2,2
49990,48,57,-9,9
49991,75,71,4,4
49992,85,82,3,3
49993,78,84,-6,6
49994,101,99,2,2
49995,173,156,17,17
49996,90,83,7,7
49997,55,52,3,3
49998,98,103,-5,5
49999,131,118,13,13
50000,149,139,10,10
50001,90,90,0,0
50002,51,50,1,1
50003,68,67,1,1
50004,111,101,10,10
50005,77,82,-5,5
50006,150,148,2,2
50007,123,120,3,3
50008,42,50,-8,8
50009,111,108,3,3
50010,73,75,-2,2
50011,77,78,-1,1
50012,74,93,-19,19
50013,145,137,8,8
50014,77,71,6,6
50015,102,105,-3,3
50016,79,80,-1,1
50017,65,66,-1,1
50018,64,64,0,0
50019,54,48,6,6
50020,127,121,6,6
50021,126,137,-11,11
50022,83,82,1,1
50023,108,101,7,7
50024,103,103,0,0
50025,132,137,-5,5
50026,141,130,11,11
50027,132,132,0,0
50028,71,73,-2,2
50029,111,110,1,1
50030,133,128,5,5
50031,102,104,-2,2
50032,57,57,0,0
50033,92,106,-14,14
50034,120,113,7,7
50035,85,81,4,4
50036,86,92,-6,6
50037,79,75,4,4
50038,69,75,-6,6
50039,63,51,12,12
50040,118,125,-7,7
50041,132,128,4,4
50042,72,76,-4,4
50043,98,112,-14,14
50044,110,110,0,0
50045,105,111,-6,6
50046,67,67,0,0
50047,92,97,-5,5
50048,118,133,-15,15
50049,134,122,12,12
50050,70,66,4,4
50051,129,122,7,7
50052,67,64,3,3
50053,36,50,-14,14
50054,137,148,-11,11
50055,40,51,-11,11
50056,89,90,-1,1
50057,89,88,1,1
50058,83,83,0,0
50059,70,90,-20,20
50060,125,128,-3,3
50061,113,111,2,2
50062,64,64,0,0
50063,101,93,8,8
50064,92,82,10,10
50065,118,114,4,4
50066,70,73,-3,3
50067,87,119,-32,32
50068,112,110,2,2
50069,195,199,-4,4
50070,122,124,-2,2
50071,59,59,0,0
50072,155,146,9,9
50073,131,126,5,5
50074,143,122,21,21
50075,117,103,14,14
50076,120,118,2,2
50077,113,108,5,5
50078,102,98,4,4
50079,131,121,10,10
50080,105,98,7,7
50081,87,90,-3,3
50082,66,66,0,0
50083,122,138,-16,16
50084,116,101,15,15
50085,104,100,4,4
50086,51,57,-6,6
50087,90,91,-1,1
50088,87,88,-1,1
50089,93,103,-10,10
50090,61,71,-10,10
50091,106,112,-6,6
50092,47,51,-4,4
50093,80,77,3,3
50094,74,75,-1,1
50095,50,53,-3,3
50096,167,163,4,4
50097,56,53,3,3
50098,110,125,-15,15
50099,160,135,25,25
50100,105,110,-5,5
50101,63,62,1,1
50102,97,96,1,1
50103,98,94,4,4
50104,108,110,-2,2
50105,105,106,-1,1
50106,119,107,12,12
50107,144,133,11,11
50108,65,62,3,3
50109,112,109,3,3
50110,113,106,7,7
50111,98,107,-9,9
50112,83,77,6,6
50113,170,164,6,6
50114,88,92,-4,4
50115,109,105,4,4
50116,92,91,1,1
50117,121,125,-4,4
50118,58,49,9,9
50119,96,128,-32,32
50120,108,105,3,3
50121,150,148,2,2
50122,78,79,-1,1
50123,43,44,-1,1
50124,49,58,-9,9
50125,173,158,15,15
50126,100,95,5,5
50127,104,97,7,7
50128,76,91,-15,15
50129,108,109,-1,1
50130,148,142,6,6
50131,74,76,-2,2
50132,72,66,6,6
50133,78,71,7,7
50134,108,112,-4,4
50135,92,95,-3,3
50136,94,99,-5,5
50137,104,108,-4,4
50138,102,109,-7,7
50139,70,66,4,4
50140,88,82,6,6
50141,104,109,-5,5
50142,115,97,18,18
50143,87,79,8,8
50144,110,111,-1,1
50145,70,73,-3,3
50146,78,79,-1,1
50147,80,84,-4,4
50148,56,57,-1,1
50149,125,125,0,0
50150,79,78,1,1
50151,90,83,7,7
50152,134,137,-3,3
50153,123,123,0,0
50154,116,102,14,14
50155,79,80,-1,1
50156,100,118,-18,18
50157,55,60,-5,5
50158,86,83,3,3
50159,125,136,-11,11
50160,68,71,-3,3
50161,73,77,-4,4
50162,103,99,4,4
50163,172,181,-9,9
50164,18,25,-7,7
50165,80,83,-3,3
50166,64,62,2,2
50167,90,90,0,0
50168,100,105,-5,5
50169,52,58,-6,6
50170,199,173,26,26
50171,90,97,-7,7
50172,80,98,-18,18
50173,138,146,-8,8
50174,64,71,-7,7
50175,101,98,3,3
50176,116,131,-15,15
50177,134,120,14,14
50178,113,112,1,1
50179,84,81,3,3
50180,55,71,-16,16
50181,194,186,8,8
50182,81,88,-7,7
50183,100,99,1,1
50184,97,100,-3,3
50185,64,64,0,0
50186,55,58,-3,3
50187,68,74,-6,6
50188,103,105,-2,2
50189,102,89,13,13
50190,68,63,5,5
50191,95,92,3,3
50192,74,77,-3,3
50193,77,60,17,17
50194,97,106,-9,9
50195,77,66,11,11
50196,124,121,3,3
50197,62,65,-3,3
50198,78,83,-5,5
50199,149,143,6,6
50200,53,63,-10,10
50201,80,87,-7,7
50202,82,91,-9,9
50203,69,71,-2,2
50204,80,91,-11,11
50205,45,46,-1,1
50206,66,70,-4,4
50207,46,56,-10,10
50208,82,88,-6,6
50209,45,48,-3,3
50210,105,103,2,2
50211,109,99,10,10
50212,89,89,0,0
50213,69,71,-2,2
50214,132,110,22,22
50215,106,110,-4,4
50216,132,129,3,3
50217,141,145,-4,4
50218,282,274,8,8
50219,151,168,-17,17
50220,93,86,7,7
50221,129,134,-5,5
50222,82,92,-10,10
50223,72,76,-4,4
50224,86,86,0,0
50225,42,41,1,1
50226,85,78,7,7
50227,105,93,12,12
50228,110,106,4,4
50229,50,54,-4,4
50230,88,100,-12,12
50231,98,88,10,10
50232,85,80,5,5
50233,122,128,-6,6
50234,122,147,-25,25
50235,124,121,3,3
50236,77,82,-5,5
50237,117,117,0,0
50238,98,115,-17,17
50239,90,88,2,2
50240,129,123,6,6
50241,88,99,-11,11
50242,73,76,-3,3
50243,77,80,-3,3
50244,139,148,-9,9
50245,96,93,3,3
50246,102,96,6,6
50247,87,93,-6,6
50248,70,70,0,0
50249,159,156,3,3
50250,60,63,-3,3
50251,69,63,6,6
50252,113,115,-2,2
50253,156,149,7,7
50254,118,110,8,8
50255,53,55,-2,2
50256,104,110,-6,6
50257,83,75,8,8
50258,67,60,7,7
50259,95,109,-14,14
50260,103,104,-1,1
50261,132,148,-16,16
50262,115,108,7,7
50263,89,95,-6,6
50264,107,101,6,6
50265,99,105,-6,6
50266,97,99,-2,2
50267,54,59,-5,5
50268,101,99,2,2
50269,97,89,8,8
50270,81,87,-6,6
50271,150,164,-14,14
50272,76,105,-29,29
50273,87,93,-6,6
50274,101,122,-21,21
50275,51,55,-4,4
50276,99,103,-4,4
50277,76,77,-1,1
50278,170,161,9,9
50279,129,111,18,18
50280,73,77,-4,4
50281,172,181,-9,9
50282,142,139,3,3
50283,104,106,-2,2
50284,125,124,1,1
50285,51,54,-3,3
50286,127,130,-3,3
50287,150,141,9,9
50288,71,78,-7,7
50289,129,139,-10,10
50290,92,100,-8,8
50291,83,80,3,3
50292,82,86,-4,4
50293,143,157,-14,14
50294,105,102,3,3
50295,60,62,-2,2
50296,79,85,-6,6
50297,26,33,-7,7
50298,131,118,13,13
50299,90,87,3,3
50300,72,72,0,0
50301,62,65,-3,3
50302,76,69,7,7
50303,138,139,-1,1
50304,81,91,-10,10
50305,108,102,6,6
50306,88,99,-11,11
50307,115,124,-9,9
50308,123,119,4,4
50309,89,97,-8,8
50310,123,125,-2,2
50311,104,100,4,4
50312,67,63,4,4
50313,82,91,-9,9
50314,68,65,3,3
50315,72,66,6,6
50316,92,94,-2,2
50317,60,61,-1,1
50318,76,91,-15,15
50319,91,93,-2,2
50320,95,86,9,9
50321,101,105,-4,4
50322,96,98,-2,2
50323,122,118,4,4
50324,139,141,-2,2
50325,141,117,24,24
50326,89,80,9,9
50327,103,118,-15,15
50328,51,60,-9,9
50329,75,83,-8,8
50330,107,119,-12,12
50331,64,67,-3,3
50332,54,54,0,0
50333,90,86,4,4
50334,75,81,-6,6
50335,136,128,8,8
50336,99,111,-12,12
50337,128,141,-13,13
50338,125,108,17,17
50339,131,120,11,11
50340,61,53,8,8
50341,60,60,0,0
50342,70,81,-11,11
50343,136,141,-5,5
50344,91,80,11,11
50345,74,72,2,2
50346,63,67,-4,4
50347,113,105,8,8
50348,78,64,14,14
50349,208,200,8,8
50350,153,153,0,0
50351,154,157,-3,3
50352,92,93,-1,1
50353,61,61,0,0
50354,88,94,-6,6
50355,53,67,-14,14
50356,60,60,0,0
50357,101,96,5,5
50358,108,110,-2,2
50359,70,65,5,5
50360,73,71,2,2
50361,86,88,-2,2
50362,63,63,0,0
50363,105,109,-4,4
50364,72,64,8,8
50365,145,134,11,11
50366,71,72,-1,1
50367,148,141,7,7
50368,68,75,-7,7
50369,158,148,10,10
50370,176,173,3,3
50371,98,81,17,17
50372,151,146,5,5
50373,72,91,-19,19
50374,48,52,-4,4
50375,77,76,1,1
50376,65,64,1,1
50377,107,111,-4,4
50378,93,88,5,5
50379,103,111,-8,8
50380,95,91,4,4
50381,45,52,-7,7
50382,148,146,2,2
50383,130,131,-1,1
50384,123,119,4,4
50385,91,95,-4,4
50386,127,155,-28,28
50387,66,74,-8,8
50388,71,68,3,3
50389,133,129,4,4
50390,111,121,-10,10
50391,92,103,-11,11
50392,72,71,1,1
50393,70,71,-1,1
50394,158,155,3,3
50395,56,55,1,1
50396,63,65,-2,2
50397,73,72,1,1
50398,170,158,12,12
50399,118,128,-10,10
50400,83,90,-7,7
50401,59,65,-6,6
50402,95,80,15,15
50403,79,63,16,16
50404,79,75,4,4
50405,103,124,-21,21
50406,127,126,1,1
50407,93,100,-7,7
50408,82,82,0,0
50409,48,49,-1,1
50410,90,94,-4,4
50411,76,65,11,11
50412,91,94,-3,3
50413,43,49,-6,6
50414,66,71,-5,5
50415,55,58,-3,3
50416,93,94,-1,1
50417,102,98,4,4
50418,56,58,-2,2
50419,91,91,0,0
50420,126,132,-6,6
50421,78,86,-8,8
50422,81,79,2,2
50423,103,104,-1,1
50424,114,110,4,4
50425,103,104,-1,1
50426,137,144,-7,7
50427,111,110,1,1
50428,71,72,-1,1
50429,99,85,14,14
50430,118,117,1,1
50431,145,139,6,6
50432,83,81,2,2
50433,59,55,4,4
50434,79,82,-3,3
50435,60,59,1,1
50436,59,57,2,2
50437,109,114,-5,5
50438,74,78,-4,4
50439,125,135,-10,10
50440,112,105,7,7
50441,74,75,-1,1
50442,149,145,4,4
50443,79,88,-9,9
50444,76,73,3,3
50445,124,118,6,6
50446,62,65,-3,3
50447,59,75,-16,16
50448,190,183,7,7
50449,62,78,-16,16
50450,105,117,-12,12
50451,97,82,15,15
50452,128,128,0,0
50453,113,115,-2,2
50454,98,91,7,7
50455,37,43,-6,6
50456,136,138,-2,2
50457,79,92,-13,13
50458,47,55,-8,8
50459,98,86,12,12
50460,101,106,-5,5
50461,87,88,-1,1
50462,49,58,-9,9
50463,88,75,13,13
50464,92,90,2,2
50465,128,129,-1,1
50466,111,106,5,5
50467,106,104,2,2
50468,57,63,-6,6
50469,95,104,-9,9
50470,60,56,4,4
50471,131,122,9,9
50472,88,79,9,9
50473,83,85,-2,2
50474,109,105,4,4
50475,114,119,-5,5
50476,84,88,-4,4
50477,85,86,-1,1
50478,86,88,-2,2
50479,76,77,-1,1
50480,112,100,12,12
50481,106,115,-9,9
50482,56,57,-1,1
50483,120,127,-7,7
50484,53,60,-7,7
50485,32,49,-17,17
50486,184,190,-6,6
50487,82,72,10,10
50488,66,67,-1,1
50489,67,78,-11,11
50490,123,126,-3,3
50491,123,123,0,0
50492,146,130,16,16
50493,74,77,-3,3
50494,113,106,7,7
50495,102,112,-10,10
50496,143,133,10,10
50497,88,85,3,3
50498,136,132,4,4
50499,149,158,-9,9
50500,165,168,-3,3
50501,59,61,-2,2
50502,87,83,4,4
50503,85,81,4,4
50504,54,60,-6,6
50505,48,43,5,5
50506,73,67,6,6
50507,74,70,4,4
50508,125,135,-10,10
50509,71,64,7,7
50510,36,42,-6,6
50511,127,112,15,15
50512,71,67,4,4
50513,92,90,2,2
50514,55,55,0,0
50515,62,55,7,7
50516,76,66,10,10
50517,64,61,3,3
50518,129,130,-1,1
50519,147,144,3,3
50520,69,72,-3,3
50521,76,72,4,4
50522,86,89,-3,3
50523,66,55,11,11
50524,76,74,2,2
50525,74,80,-6,6
50526,54,57,-3,3
50527,109,115,-6,6
50528,141,138,3,3
50529,55,61,-6,6
50530,121,110,11,11
50531,79,83,-4,4
50532,80,74,6,6
50533,156,162,-6,6
50534,44,44,0,0
50535,114,107,7,7
50536,105,104,1,1
50537,73,75,-2,2
50538,84,84,0,0
50539,176,169,7,7
50540,62,60,2,2
50541,121,117,4,4
50542,114,121,-7,7
50543,87,93,-6,6
50544,77,84,-7,7
50545,64,62,2,2
50546,165,159,6,6
50547,139,152,-13,13
50548,121,121,0,0
50549,97,93,4,4
50550,193,172,21,21
50551,125,133,-8,8
50552,76,95,-19,19
50553,54,51,3,3
50554,134,141,-7,7
50555,72,75,-3,3
50556,96,94,2,2
50557,37,36,1,1
50558,125,117,8,8
50559,87,81,6,6
50560,33,44,-11,11
50561,71,68,3,3
50562,53,57,-4,4
50563,59,62,-3,3
50564,110,102,8,8
50565,82,86,-4,4
50566,110,106,4,4
50567,64,59,5,5
50568,65,64,1,1
50569,134,127,7,7
50570,58,61,-3,3
50571,90,99,-9,9
50572,79,82,-3,3
50573,66,83,-17,17
50574,88,100,-12,12
50575,89,123,-34,34
50576,124,127,-3,3
50577,111,108,3,3
50578,144,133,11,11
50579,131,136,-5,5
50580,133,132,1,1
50581,104,104,0,0
50582,63,66,-3,3
50583,72,63,9,9
50584,76,73,3,3
50585,59,55,4,4
50586,110,103,7,7
50587,69,65,4,4
50588,112,114,-2,2
50589,41,53,-12,12
50590,135,132,3,3
50591,101,125,-24,24
50592,86,82,4,4
50593,116,126,-10,10
50594,88,88,0,0
50595,74,87,-13,13
50596,41,50,-9,9
50597,91,102,-11,11
50598,164,156,8,8
50599,58,54,4,4
50600,203,174,29,29
50601,84,87,-3,3
50602,91,73,18,18
50603,98,103,-5,5
50604,123,131,-8,8
50605,63,54,9,9
50606,88,81,7,7
50607,92,102,-10,10
50608,117,118,-1,1
50609,72,65,7,7
50610,69,70,-1,1
50611,77,75,2,2
50612,77,75,2,2
50613,73,67,6,6
50614,94,94,0,0
50615,118,115,3,3
50616,98,95,3,3
50617,82,83,-1,1
50618,137,127,10,10
50619,84,98,-14,14
50620,113,112,1,1
50621,145,133,12,12
50622,67,70,-3,3
50623,101,106,-5,5
50624,37,58,-21,21
50625,49,56,-7,7
50626,63,68,-5,5
50627,76,74,2,2
50628,216,192,24,24
50629,138,145,-7,7
50630,96,102,-6,6
50631,76,89,-13,13
50632,66,65,1,1
50633,55,52,3,3
50634,92,92,0,0
50635,83,83,0,0
50636,107,125,-18,18
50637,124,118,6,6
50638,78,74,4,4
50639,149,152,-3,3
50640,154,154,0,0
50641,67,63,4,4
50642,82,81,1,1
50643,99,103,-4,4
50644,107,112,-5,5
50645,156,153,3,3
50646,174,203,-29,29
50647,103,102,1,1
50648,116,117,-1,1
50649,44,37,7,7
50650,108,110,-2,2
50651,94,102,-8,8
50652,63,71,-8,8
50653,95,94,1,1
50654,57,60,-3,3
50655,72,74,-2,2
50656,72,71,1,1
50657,101,102,-1,1
50658,94,120,-26,26
50659,86,75,11,11
50660,157,150,7,7
50661,56,59,-3,3
50662,77,78,-1,1
50663,76,87,-11,11
50664,164,169,-5,5
50665,68,76,-8,8
50666,65,72,-7,7
50667,124,126,-2,2
50668,62,63,-1,1
50669,138,132,6,6
50670,146,145,1,1
50671,135,159,-24,24
50672,124,118,6,6
50673,105,101,4,4
50674,71,66,5,5
50675,84,84,0,0
50676,84,76,8,8
50677,70,65,5,5
50678,112,106,6,6
50679,127,125,2,2
50680,51,129,-78,78
50681,104,104,0,0
50682,96,106,-10,10
50683,97,85,12,12
50684,72,75,-3,3
50685,117,114,3,3
50686,115,131,-16,16
50687,76,82,-6,6
50688,98,103,-5,5
50689,70,76,-6,6
50690,97,100,-3,3
50691,131,151,-20,20
50692,50,53,-3,3
50693,68,70,-2,2
50694,64,61,3,3
50695,103,106,-3,3
50696,48,47,1,1
50697,106,104,2,2
50698,80,82,-2,2
50699,131,133,-2,2
50700,59,61,-2,2
50701,196,195,1,1
50702,143,153,-10,10
50703,74,68,6,6
50704,69,75,-6,6
50705,70,74,-4,4
50706,114,106,8,8
50707,70,68,2,2
50708,42,49,-7,7
50709,112,124,-12,12
50710,79,79,0,0
50711,159,160,-1,1
50712,121,109,12,12
50713,69,72,-3,3
50714,93,83,10,10
50715,90,91,-1,1
50716,91,101,-10,10
50717,65,71,-6,6
50718,136,148,-12,12
50719,65,71,-6,6
50720,51,60,-9,9
50721,131,122,9,9
50722,81,86,-5,5
50723,60,122,-62,62
50724,99,94,5,5
50725,37,75,-38,38
50726,131,124,7,7
50727,164,146,18,18
50728,63,66,-3,3
50729,208,197,11,11
50730,40,50,-10,10
50731,94,106,-12,12
50732,114,119,-5,5
50733,72,79,-7,7
50734,83,78,5,5
50735,65,71,-6,6
50736,124,133,-9,9
50737,45,50,-5,5
50738,78,75,3,3
50739,139,132,7,7
50740,63,66,-3,3
50741,88,95,-7,7
50742,81,80,1,1
50743,79,66,13,13
50744,106,105,1,1
50745,129,126,3,3
50746,107,113,-6,6
50747,67,76,-9,9
50748,119,120,-1,1
50749,96,101,-5,5
50750,96,88,8,8
50751,64,69,-5,5
50752,110,107,3,3
50753,122,130,-8,8
50754,159,166,-7,7
50755,84,87,-3,3
50756,78,74,4,4
50757,186,198,-12,12
50758,77,78,-1,1
50759,95,88,7,7
50760,78,79,-1,1
50761,84,106,-22,22
50762,115,109,6,6
50763,104,107,-3,3
50764,84,75,9,9
50765,94,89,5,5
50766,103,95,8,8
50767,120,119,1,1
50768,80,89,-9,9
50769,63,57,6,6
50770,113,123,-10,10
50771,82,90,-8,8
50772,111,114,-3,3
50773,103,107,-4,4
50774,122,121,1,1
50775,81,82,-1,1
50776,141,147,-6,6
50777,122,123,-1,1
50778,136,134,2,2
50779,67,71,-4,4
50780,91,107,-16,16
50781,86,92,-6,6
50782,97,93,4,4
50783,42,61,-19,19
50784,63,66,-3,3
50785,118,119,-1,1
50786,81,91,-10,10
50787,62,57,5,5
50788,55,60,-5,5
50789,89,97,-8,8
50790,71,73,-2,2
50791,57,62,-5,5
50792,83,88,-5,5
50793,153,148,5,5
50794,106,101,5,5
50795,122,112,10,10
50796,76,75,1,1
50797,90,96,-6,6
50798,70,84,-14,14
50799,33,38,-5,5
50800,83,81,2,2
50801,50,55,-5,5
50802,118,115,3,3
50803,115,111,4,4
50804,45,43,2,2
50805,58,59,-1,1
50806,38,45,-7,7
50807,97,107,-10,10
50808,39,49,-10,10
50809,28,37,-9,9
50810,117,120,-3,3
50811,115,108,7,7
50812,121,119,2,2
50813,105,116,-11,11
50814,88,85,3,3
50815,64,76,-12,12
50816,85,88,-3,3
50817,103,90,13,13
50818,76,78,-2,2
50819,60,64,-4,4
50820,73,74,-1,1
50821,70,65,5,5
50822,54,55,-1,1
50823,83,96,-13,13
50824,77,75,2,2
50825,58,56,2,2
50826,105,96,9,9
50827,145,145,0,0
50828,119,104,15,15
50829,100,100,0,0
50830,84,87,-3,3
50831,88,79,9,9
50832,90,86,4,4
50833,65,75,-10,10
50834,131,128,3,3
50835,76,93,-17,17
50836,166,175,-9,9
50837,52,52,0,0
50838,156,161,-5,5
50839,139,154,-15,15
50840,80,79,1,1
50841,73,77,-4,4
50842,94,94,0,0
50843,83,84,-1,1
50844,108,102,6,6
50845,71,70,1,1
50846,98,108,-10,10
50847,94,94,0,0
50848,99,95,4,4
50849,29,35,-6,6
50850,85,79,6,6
50851,92,95,-3,3
50852,96,100,-4,4
50853,107,102,5,5
50854,31,51,-20,20
50855,80,75,5,5
50856,86,83,3,3
50857,147,140,7,7
50858,113,121,-8,8
50859,58,57,1,1
50860,69,76,-7,7
50861,81,87,-6,6
50862,105,108,-3,3
50863,146,133,13,13
50864,126,122,4,4
50865,72,72,0,0
50866,110,104,6,6
50867,140,147,-7,7
50868,93,87,6,6
50869,88,88,0,0
50870,84,102,-18,18
50871,57,57,0,0
50872,78,74,4,4
50873,76,72,4,4
50874,143,129,14,14
50875,108,144,-36,36
50876,45,58,-13,13
50877,87,92,-5,5
50878,77,79,-2,2
50879,96,119,-23,23
50880,84,80,4,4
50881,60,63,-3,3
50882,74,84,-10,10
50883,83,81,2,2
50884,69,65,4,4
50885,58,52,6,6
50886,73,72,1,1
50887,81,87,-6,6
50888,106,104,2,2
50889,140,153,-13,13
50890,75,79,-4,4
50891,102,107,-5,5
50892,137,121,16,16
50893,63,96,-33,33
50894,80,75,5,5
50895,65,71,-6,6
50896,151,145,6,6
50897,138,143,-5,5
50898,104,96,8,8
50899,142,138,4,4
50900,77,89,-12,12
50901,102,106,-4,4
50902,83,84,-1,1
50903,74,85,-11,11
50904,113,113,0,0
50905,115,113,2,2
50906,86,100,-14,14
50907,66,62,4,4
50908,123,117,6,6
50909,173,169,4,4
50910,138,146,-8,8
50911,121,122,-1,1
50912,187,188,-1,1
50913,103,95,8,8
50914,93,155,-62,62
50915,134,130,4,4
50916,84,77,7,7
50917,140,135,5,5
50918,139,129,10,10
50919,112,124,-12,12
50920,81,82,-1,1
50921,48,46,2,2
50922,111,110,1,1
50923,133,129,4,4
50924,158,152,6,6
50925,47,53,-6,6
50926,115,124,-9,9
50927,59,66,-7,7
50928,136,132,4,4
50929,86,91,-5,5
50930,89,98,-9,9
50931,104,108,-4,4
50932,88,92,-4,4
50933,68,69,-1,1
50934,105,99,6,6
50935,122,119,3,3
50936,93,87,6,6
50937,172,168,4,4
50938,77,86,-9,9
50939,141,138,3,3
50940,106,111,-5,5
50941,102,113,-11,11
50942,136,129,7,7
50943,83,78,5,5
50944,60,63,-3,3
50945,90,104,-14,14
50946,69,72,-3,3
50947,96,93,3,3
50948,101,102,-1,1
50949,90,78,12,12
50950,95,103,-8,8
50951,80,92,-12,12
50952,91,95,-4,4
50953,125,127,-2,2
50954,85,79,6,6
50955,129,131,-2,2
50956,117,123,-6,6
50957,77,78,-1,1
50958,82,88,-6,6
50959,135,135,0,0
50960,120,117,3,3
50961,89,76,13,13
50962,161,161,0,0
50963,70,74,-4,4
50964,60,65,-5,5
50965,172,166,6,6
50966,136,135,1,1
50967,86,80,6,6
50968,106,115,-9,9
50969,107,114,-7,7
50970,98,101,-3,3
50971,120,149,-29,29
50972,158,157,1,1
50973,61,59,2,2
50974,101,98,3,3
50975,94,95,-1,1
50976,60,66,-6,6
50977,68,71,-3,3
50978,99,85,14,14
50979,56,54,2,2
50980,110,104,6,6
50981,102,103,-1,1
50982,83,86,-3,3
50983,92,95,-3,3
50984,77,72,5,5
50985,125,138,-13,13
50986,79,74,5,5
50987,67,64,3,3
50988,113,112,1,1
50989,122,127,-5,5
50990,131,129,2,2
50991,104,100,4,4
50992,89,108,-19,19
50993,92,96,-4,4
50994,217,163,54,54
50995,45,39,6,6
50996,69,83,-14,14
50997,112,119,-7,7
50998,146,125,21,21
50999,95,99,-4,4
51000,91,98,-7,7
51001,70,74,-4,4
51002,75,86,-11,11
51003,95,97,-2,2
51004,112,98,14,14
51005,58,59,-1,1
51006,54,53,1,1
51007,94,98,-4,4
51008,108,102,6,6
51009,89,91,-2,2
51010,90,93,-3,3
51011,129,127,2,2
51012,105,95,10,10
51013,94,91,3,3
51014,132,151,-19,19
51015,95,98,-3,3
51016,68,60,8,8
51017,97,89,8,8
51018,128,121,7,7
51019,116,122,-6,6
51020,93,96,-3,3
51021,89,82,7,7
51022,176,185,-9,9
51023,172,178,-6,6
51024,54,54,0,0
51025,60,66,-6,6
51026,39,51,-12,12
51027,96,85,11,11
51028,60,74,-14,14
51029,52,52,0,0
51030,105,106,-1,1
51031,137,142,-5,5
51032,151,141,10,10
51033,108,123,-15,15
51034,100,97,3,3
51035,68,72,-4,4
51036,99,103,-4,4
51037,100,99,1,1
51038,112,107,5,5
51039,78,72,6,6
51040,110,113,-3,3
51041,70,63,7,7
51042,122,120,2,2
51043,72,78,-6,6
51044,191,181,10,10
51045,106,109,-3,3
51046,102,105,-3,3
51047,130,120,10,10
51048,83,84,-1,1
51049,70,72,-2,2
51050,93,99,-6,6
51051,98,93,5,5
51052,72,68,4,4
51053,121,112,9,9
51054,157,152,5,5
51055,72,77,-5,5
51056,88,86,2,2
51057,109,110,-1,1
51058,129,121,8,8
51059,185,176,9,9
51060,82,93,-11,11
51061,45,45,0,0
51062,47,53,-6,6
51063,75,83,-8,8
51064,107,98,9,9
51065,73,79,-6,6
51066,90,89,1,1
51067,69,72,-3,3
51068,100,109,-9,9
51069,87,78,9,9
51070,56,56,0,0
51071,83,78,5,5
51072,140,144,-4,4
51073,64,57,7,7
51074,97,95,2,2
51075,86,87,-1,1
51076,129,116,13,13
51077,119,112,7,7
51078,85,86,-1,1
51079,109,101,8,8
51080,92,91,1,1
51081,152,141,11,11
51082,74,79,-5,5
51083,147,207,-60,60
51084,117,117,0,0
51085,85,95,-10,10
51086,115,127,-12,12
51087,96,94,2,2
51088,109,111,-2,2
51089,70,74,-4,4
51090,107,101,6,6
51091,71,81,-10,10
51092,80,81,-1,1
51093,117,113,4,4
51094,149,155,-6,6
51095,74,72,2,2
51096,100,98,2,2
51097,131,140,-9,9
51098,100,102,-2,2
51099,72,71,1,1
51100,92,110,-18,18
51101,68,64,4,4
51102,71,77,-6,6
51103,60,57,3,3
51104,74,77,-3,3
51105,114,114,0,0
51106,44,48,-4,4
51107,104,118,-14,14
51108,143,144,-1,1
51109,159,147,12,12
51110,76,75,1,1
51111,93,93,0,0
51112,91,92,-1,1
51113,91,96,-5,5
51114,188,175,13,13
51115,85,88,-3,3
51116,58,50,8,8
51117,115,113,2,2
51118,51,55,-4,4
51119,49,49,0,0
51120,108,115,-7,7
51121,92,94,-2,2
51122,102,106,-4,4
51123,113,112,1,1
51124,100,102,-2,2
51125,80,73,7,7
51126,109,118,-9,9
51127,72,75,-3,3
51128,91,100,-9,9
51129,93,94,-1,1
51130,44,46,-2,2
51131,104,113,-9,9
51132,50,62,-12,12
51133,76,78,-2,2
51134,53,51,2,2
51135,119,117,2,2
51136,105,95,10,10
51137,110,126,-16,16
51138,148,155,-7,7
51139,105,97,8,8
51140,139,133,6,6
51141,97,88,9,9
51142,113,102,11,11
51143,85,83,2,2
51144,113,106,7,7
51145,60,61,-1,1
51146,66,61,5,5
51147,115,111,4,4
51148,30,60,-30,30
51149,76,71,5,5
51150,73,80,-7,7
51151,72,81,-9,9
51152,141,138,3,3
51153,58,67,-9,9
51154,101,103,-2,2
51155,80,74,6,6
51156,76,77,-1,1
51157,118,125,-7,7
51158,97,99,-2,2
51159,96,111,-15,15
51160,40,44,-4,4
51161,157,149,8,8
51162,125,122,3,3
51163,99,96,3,3
51164,66,66,0,0
51165,117,119,-2,2
51166,94,103,-9,9
51167,54,61,-7,7
51168,62,59,3,3
51169,74,73,1,1
51170,166,159,7,7
51171,142,148,-6,6
51172,81,93,-12,12
51173,110,122,-12,12
51174,114,107,7,7
51175,96,99,-3,3
51176,54,56,-2,2
51177,97,97,0,0
51178,86,100,-14,14
51179,67,74,-7,7
51180,65,63,2,2
51181,89,98,-9,9
51182,86,91,-5,5
51183,71,76,-5,5
51184,146,147,-1,1
51185,81,72,9,9
51186,108,106,2,2
51187,116,117,-1,1
51188,90,98,-8,8
51189,108,100,8,8
51190,127,122,5,5
51191,60,62,-2,2
51192,66,59,7,7
51193,180,178,2,2
51194,52,52,0,0
51195,93,91,2,2
51196,127,129,-2,2
51197,96,92,4,4
51198,110,94,16,16
51199,102,112,-10,10
51200,110,109,1,1
51201,72,66,6,6
51202,161,156,5,5
51203,89,83,6,6
51204,78,79,-1,1
51205,77,87,-10,10
51206,80,77,3,3
51207,78,79,-1,1
51208,135,124,11,11
51209,88,81,7,7
51210,102,85,17,17
51211,73,75,-2,2
51212,101,101,0,0
51213,84,80,4,4
51214,87,85,2,2
51215,79,86,-7,7
51216,84,87,-3,3
51217,140,140,0,0
51218,106,114,-8,8
51219,75,64,11,11
51220,94,94,0,0
51221,79,87,-8,8
51222,93,92,1,1
51223,155,160,-5,5
51224,97,103,-6,6
51225,109,126,-17,17
51226,115,108,7,7
51227,126,120,6,6
51228,90,93,-3,3
51229,72,77,-5,5
51230,63,59,4,4
51231,105,104,1,1
51232,68,71,-3,3
51233,143,132,11,11
51234,116,120,-4,4
51235,121,129,-8,8
51236,130,112,18,18
51237,75,73,2,2
51238,70,78,-8,8
51239,109,98,11,11
51240,98,96,2,2
51241,106,90,16,16
51242,76,78,-2,2
51243,60,53,7,7
51244,68,74,-6,6
51245,165,151,14,14
51246,90,109,-19,19
51247,178,169,9,9
51248,79,82,-3,3
51249,72,64,8,8
51250,87,82,5,5
51251,82,78,4,4
51252,57,59,-2,2
51253,110,114,-4,4
51254,111,113,-2,2
51255,70,81,-11,11
51256,112,118,-6,6
51257,52,49,3,3
51258,94,88,6,6
51259,97,100,-3,3
51260,66,65,1,1
51261,67,73,-6,6
51262,66,72,-6,6
51263,107,109,-2,2
51264,156,202,-46,46
51265,40,89,-49,49
51266,60,63,-3,3
51267,109,135,-26,26
51268,62,62,0,0
51269,126,117,9,9
51270,96,103,-7,7
51271,106,95,11,11
51272,109,97,12,12
51273,77,79,-2,2
51274,70,67,3,3
51275,75,97,-22,22
51276,194,191,3,3
51277,24,35,-11,11
51278,94,97,-3,3
51279,102,94,8,8
51280,126,121,5,5
51281,150,132,18,18
51282,126,128,-2,2
51283,82,90,-8,8
51284,92,108,-16,16
51285,87,87,0,0
51286,122,134,-12,12
51287,129,135,-6,6
51288,93,93,0,0
51289,62,71,-9,9
51290,148,153,-5,5
51291,73,75,-2,2
51292,114,107,7,7
51293,82,80,2,2
51294,99,105,-6,6
51295,181,162,19,19
51296,158,147,11,11
51297,100,103,-3,3
51298,143,141,2,2
51299,118,121,-3,3
51300,85,84,1,1
51301,127,136,-9,9
51302,83,91,-8,8
51303,95,95,0,0
51304,63,58,5,5
51305,76,74,2,2
51306,111,122,-11,11
51307,69,75,-6,6
51308,100,91,9,9
51309,47,51,-4,4
51310,83,90,-7,7
51311,85,89,-4,4
51312,74,75,-1,1
51313,53,67,-14,14
51314,75,79,-4,4
51315,71,85,-14,14
51316,108,103,5,5
51317,71,75,-4,4
51318,121,123,-2,2
51319,100,112,-12,12
51320,113,118,-5,5
51321,86,81,5,5
51322,86,76,10,10
51323,115,114,1,1
51324,38,40,-2,2
51325,140,136,4,4
51326,119,125,-6,6
51327,104,104,0,0
51328,135,120,15,15
51329,147,135,12,12
51330,116,113,3,3
51331,137,135,2,2
51332,86,90,-4,4
51333,96,96,0,0
51334,76,71,5,5
51335,64,61,3,3
51336,57,57,0,0
51337,90,106,-16,16
51338,56,74,-18,18
51339,84,93,-9,9
51340,109,103,6,6
51341,124,125,-1,1
51342,138,126,12,12
51343,73,73,0,0
51344,98,96,2,2
51345,93,82,11,11
51346,51,47,4,4
51347,54,54,0,0
51348,62,60,2,2
51349,126,128,-2,2
51350,85,83,2,2
51351,86,76,10,10
51352,67,62,5,5
51353,80,83,-3,3
51354,55,59,-4,4
51355,115,112,3,3
51356,71,72,-1,1
51357,86,82,4,4
51358,120,118,2,2
51359,94,88,6,6
51360,71,73,-2,2
51361,106,121,-15,15
51362,101,96,5,5
51363,41,48,-7,7
51364,77,71,6,6
51365,130,124,6,6
51366,154,147,7,7
51367,102,93,9,9
51368,56,57,-1,1
51369,108,104,4,4
51370,74,77,-3,3
51371,33,106,-73,73
51372,109,108,1,1
51373,113,109,4,4
51374,115,116,-1,1
51375,73,76,-3,3
51376,60,68,-8,8
51377,115,111,4,4
51378,85,93,-8,8
51379,121,111,10,10
51380,128,127,1,1
51381,76,89,-13,13
51382,158,158,0,0
51383,109,111,-2,2
51384,47,51,-4,4
51385,76,71,5,5
51386,75,66,9,9
51387,92,83,9,9
51388,92,93,-1,1
51389,110,95,15,15
51390,101,101,0,0
51391,95,91,4,4
51392,107,104,3,3
51393,96,98,-2,2
51394,127,130,-3,3
51395,104,106,-2,2
51396,84,77,7,7
51397,44,43,1,1
51398,112,124,-12,12
51399,94,103,-9,9
51400,65,64,1,1
51401,67,72,-5,5
51402,106,106,0,0
51403,85,76,9,9
51404,75,86,-11,11
51405,72,70,2,2
51406,99,79,20,20
51407,63,64,-1,1
51408,157,156,1,1
51409,70,70,0,0
51410,79,74,5,5
51411,99,94,5,5
51412,100,103,-3,3
51413,152,144,8,8
51414,111,127,-16,16
51415,73,75,-2,2
51416,117,116,1,1
51417,74,73,1,1
51418,84,94,-10,10
51419,117,117,0,0
51420,70,72,-2,2
51421,72,78,-6,6
51422,62,64,-2,2
51423,90,98,-8,8
51424,123,110,13,13
51425,81,84,-3,3
51426,62,61,1,1
51427,74,73,1,1
51428,189,178,11,11
51429,97,104,-7,7
51430,131,130,1,1
51431,66,73,-7,7
51432,131,128,3,3
51433,101,94,7,7
51434,205,210,-5,5
51435,92,97,-5,5
51436,74,87,-13,13
51437,108,102,6,6
51438,78,73,5,5
51439,69,74,-5,5
51440,92,80,12,12
51441,76,79,-3,3
51442,83,80,3,3
51443,104,103,1,1
51444,85,80,5,5
51445,74,72,2,2
51446,134,143,-9,9
51447,119,116,3,3
51448,92,86,6,6
51449,88,88,0,0
51450,126,133,-7,7
51451,100,99,1,1
51452,45,54,-9,9
51453,131,122,9,9
51454,55,59,-4,4
51455,180,176,4,4
51456,133,118,15,15
51457,94,65,29,29
51458,62,84,-22,22
51459,119,115,4,4
51460,183,179,4,4
51461,88,83,5,5
51462,115,90,25,25
51463,100,88,12,12
51464,64,73,-9,9
51465,83,108,-25,25
51466,138,142,-4,4
51467,62,72,-10,10
51468,193,177,16,16
51469,90,79,11,11
51470,77,86,-9,9
51471,111,109,2,2
51472,99,86,13,13
51473,118,123,-5,5
51474,131,126,5,5
51475,71,64,7,7
51476,78,80,-2,2
51477,94,86,8,8
51478,92,95,-3,3
51479,97,100,-3,3
51480,89,88,1,1
51481,131,123,8,8
51482,119,103,16,16
51483,59,66,-7,7
51484,80,83,-3,3
51485,116,111,5,5
51486,93,88,5,5
51487,72,78,-6,6
51488,185,169,16,16
51489,85,89,-4,4
51490,108,118,-10,10
51491,84,86,-2,2
51492,100,104,-4,4
51493,109,88,21,21
51494,43,45,-2,2
51495,77,78,-1,1
51496,87,78,9,9
51497,121,115,6,6
51498,109,113,-4,4
51499,83,93,-10,10
51500,108,98,10,10
51501,166,149,17,17
51502,68,65,3,3
51503,112,130,-18,18
51504,103,106,-3,3
51505,106,112,-6,6
51506,33,35,-2,2
51507,56,51,5,5
51508,72,71,1,1
51509,136,135,1,1
51510,79,79,0,0
51511,143,128,15,15
51512,103,99,4,4
51513,75,79,-4,4
51514,73,73,0,0
51515,68,71,-3,3
51516,68,81,-13,13
51517,102,89,13,13
51518,83,81,2,2
51519,70,82,-12,12
51520,88,86,2,2
51521,124,122,2,2
51522,111,112,-1,1
51523,103,109,-6,6
51524,104,102,2,2
51525,122,120,2,2
51526,119,121,-2,2
51527,71,107,-36,36
51528,196,201,-5,5
51529,70,71,-1,1
51530,70,86,-16,16
51531,88,85,3,3
51532,122,119,3,3
51533,102,95,7,7
51534,119,114,5,5
51535,138,135,3,3
51536,165,157,8,8
51537,94,101,-7,7
51538,52,54,-2,2
51539,86,85,1,1
51540,63,67,-4,4
51541,92,83,9,9
51542,65,63,2,2
51543,47,46,1,1
51544,62,61,1,1
51545,79,90,-11,11
51546,166,139,27,27
51547,96,91,5,5
51548,120,134,-14,14
51549,117,117,0,0
51550,99,93,6,6
51551,124,134,-10,10
51552,138,129,9,9
51553,60,66,-6,6
51554,90,92,-2,2
51555,76,82,-6,6
51556,113,132,-19,19
51557,129,128,1,1
51558,80,80,0,0
51559,99,96,3,3
51560,87,88,-1,1
51561,74,77,-3,3
51562,70,72,-2,2
51563,50,55,-5,5
51564,83,82,1,1
51565,150,145,5,5
51566,104,101,3,3
51567,107,109,-2,2
51568,101,92,9,9
51569,153,152,1,1
51570,81,80,1,1
51571,58,73,-15,15
51572,104,102,2,2
51573,64,62,2,2
51574,58,56,2,2
51575,137,141,-4,4
51576,132,113,19,19
51577,110,109,1,1
51578,120,122,-2,2
51579,92,95,-3,3
51580,83,116,-33,33
51581,41,51,-10,10
51582,194,202,-8,8
51583,79,73,6,6
51584,65,64,1,1
51585,126,133,-7,7
51586,125,137,-12,12
51587,148,143,5,5
51588,63,62,1,1
51589,82,88,-6,6
51590,127,122,5,5
51591,141,132,9,9
51592,98,107,-9,9
51593,140,146,-6,6
51594,92,88,4,4
51595,78,86,-8,8
51596,72,74,-2,2
51597,133,122,11,11
51598,82,89,-7,7
51599,53,61,-8,8
51600,68,67,1,1
51601,135,137,-2,2
51602,76,94,-18,18
51603,84,76,8,8
51604,109,107,2,2
51605,115,122,-7,7
51606,32,30,2,2
51607,202,185,17,17
51608,64,62,2,2
51609,69,66,3,3
51610,61,63,-2,2
51611,81,75,6,6
51612,81,88,-7,7
51613,103,100,3,3
51614,73,67,6,6
51615,103,120,-17,17
51616,153,159,-6,6
51617,78,80,-2,2
51618,100,97,3,3
51619,136,148,-12,12
51620,58,58,0,0
51621,75,80,-5,5
51622,130,119,11,11
51623,127,117,10,10
51624,51,58,-7,7
51625,87,76,11,11
51626,99,103,-4,4
51627,121,116,5,5
51628,83,86,-3,3
51629,65,63,2,2
51630,86,88,-2,2
51631,129,128,1,1
51632,77,87,-10,10
51633,63,72,-9,9
51634,70,71,-1,1
51635,75,79,-4,4
51636,75,77,-2,2
51637,132,136,-4,4
51638,157,156,1,1
51639,130,136,-6,6
51640,80,85,-5,5
51641,97,100,-3,3
51642,68,64,4,4
51643,98,101,-3,3
51644,81,86,-5,5
51645,51,52,-1,1
51646,84,83,1,1
51647,79,80,-1,1
51648,151,149,2,2
51649,82,83,-1,1
51650,127,126,1,1
51651,63,70,-7,7
51652,97,94,3,3
51653,121,119,2,2
51654,157,151,6,6
51655,101,97,4,4
51656,160,164,-4,4
51657,92,96,-4,4
51658,107,117,-10,10
51659,108,97,11,11
51660,119,105,14,14
51661,61,66,-5,5
51662,112,110,2,2
51663,71,67,4,4
51664,99,102,-3,3
51665,68,77,-9,9
51666,116,127,-11,11
51667,64,71,-7,7
51668,124,132,-8,8
51669,139,135,4,4
51670,80,76,4,4
51671,157,149,8,8
51672,101,96,5,5
51673,114,111,3,3
51674,126,131,-5,5
51675,148,143,5,5
51676,77,80,-3,3
51677,187,185,2,2
51678,139,142,-3,3
51679,164,158,6,6
51680,98,102,-4,4
51681,86,91,-5,5
51682,61,61,0,0
51683,143,155,-12,12
51684,57,58,-1,1
51685,52,50,2,2
51686,92,105,-13,13
51687,108,106,2,2
51688,156,141,15,15
51689,159,147,12,12
51690,157,146,11,11
51691,102,99,3,3
51692,138,128,10,10
51693,78,80,-2,2
51694,83,72,11,11
51695,108,96,12,12
51696,60,56,4,4
51697,142,120,22,22
51698,55,55,0,0
51699,65,64,1,1
51700,125,123,2,2
51701,90,93,-3,3
51702,74,76,-2,2
51703,156,153,3,3
51704,76,76,0,0
51705,94,99,-5,5
51706,84,84,0,0
51707,84,77,7,7
51708,68,75,-7,7
51709,144,144,0,0
51710,74,72,2,2
51711,104,108,-4,4
51712,98,78,20,20
51713,92,92,0,0
51714,106,105,1,1
51715,94,94,0,0
51716,91,95,-4,4
51717,61,44,17,17
51718,77,78,-1,1
51719,71,74,-3,3
51720,98,96,2,2
51721,73,78,-5,5
51722,103,109,-6,6
51723,124,120,4,4
51724,135,129,6,6
51725,118,127,-9,9
51726,96,103,-7,7
51727,54,59,-5,5
51728,112,99,13,13
51729,72,75,-3,3
51730,70,75,-5,5
51731,85,79,6,6
51732,51,47,4,4
51733,106,118,-12,12
51734,113,108,5,5
51735,76,66,10,10
51736,63,72,-9,9
51737,140,126,14,14
51738,103,99,4,4
51739,163,165,-2,2
51740,126,127,-1,1
51741,92,108,-16,16
51742,40,48,-8,8
51743,33,39,-6,6
51744,99,102,-3,3
51745,113,104,9,9
51746,59,57,2,2
51747,88,106,-18,18
51748,58,60,-2,2
51749,98,96,2,2
51750,135,123,12,12
51751,92,93,-1,1
51752,101,103,-2,2
51753,116,112,4,4
51754,171,172,-1,1
51755,98,85,13,13
51756,99,95,4,4
51757,77,74,3,3
51758,99,94,5,5
51759,61,59,2,2
51760,124,105,19,19
51761,36,34,2,2
51762,124,114,10,10
51763,89,87,2,2
51764,144,152,-8,8
51765,113,111,2,2
51766,157,151,6,6
51767,95,92,3,3
51768,101,108,-7,7
51769,76,80,-4,4
51770,65,71,-6,6
51771,222,187,35,35
51772,123,118,5,5
51773,71,92,-21,21
51774,102,93,9,9
51775,96,98,-2,2
51776,105,100,5,5
51777,81,87,-6,6
51778,122,140,-18,18
51779,64,67,-3,3
51780,43,69,-26,26
51781,114,104,10,10
51782,62,65,-3,3
51783,104,115,-11,11
51784,175,188,-13,13
51785,98,110,-12,12
51786,87,79,8,8
51787,144,144,0,0
51788,76,87,-11,11
51789,125,126,-1,1
51790,70,73,-3,3
51791,86,97,-11,11
51792,140,124,16,16
51793,44,53,-9,9
51794,101,96,5,5
51795,68,67,1,1
51796,155,163,-8,8
51797,125,125,0,0
51798,49,52,-3,3
51799,140,146,-6,6
51800,105,99,6,6
51801,192,203,-11,11
51802,89,79,10,10
51803,140,136,4,4
51804,140,137,3,3
51805,112,119,-7,7
51806,136,122,14,14
51807,76,86,-10,10
51808,64,73,-9,9
51809,64,75,-11,11
51810,83,86,-3,3
51811,72,70,2,2
51812,145,145,0,0
51813,113,105,8,8
51814,114,107,7,7
51815,154,143,11,11
51816,67,66,1,1
51817,197,182,15,15
51818,61,64,-3,3
51819,99,100,-1,1
51820,91,93,-2,2
51821,181,159,22,22
51822,45,46,-1,1
51823,55,60,-5,5
51824,183,206,-23,23
51825,106,110,-4,4
51826,57,64,-7,7
51827,133,128,5,5
51828,36,42,-6,6
51829,98,104,-6,6
51830,54,50,4,4
51831,140,142,-2,2
51832,114,116,-2,2
51833,99,98,1,1
51834,69,72,-3,3
51835,144,143,1,1
51836,112,124,-12,12
51837,101,97,4,4
51838,88,81,7,7
51839,88,89,-1,1
51840,94,86,8,8
51841,67,62,5,5
51842,46,52,-6,6
51843,72,66,6,6
51844,80,73,7,7
51845,75,72,3,3
51846,94,87,7,7
51847,117,122,-5,5
51848,67,67,0,0
51849,71,74,-3,3
51850,67,84,-17,17
51851,68,61,7,7
51852,91,90,1,1
51853,71,75,-4,4
51854,114,118,-4,4
51855,93,102,-9,9
51856,73,81,-8,8
51857,164,152,12,12
51858,132,123,9,9
51859,66,58,8,8
51860,153,132,21,21
51861,108,118,-10,10
51862,110,109,1,1
51863,156,141,15,15
51864,162,156,6,6
51865,150,150,0,0
51866,125,125,0,0
51867,61,61,0,0
51868,95,96,-1,1
51869,152,138,14,14
51870,125,132,-7,7
51871,119,106,13,13
51872,166,188,-22,22
51873,120,106,14,14
51874,58,62,-4,4
51875,45,43,2,2
51876,117,129,-12,12
51877,65,63,2,2
51878,105,110,-5,5
51879,70,72,-2,2
51880,78,77,1,1
51881,91,84,7,7
51882,78,73,5,5
51883,116,137,-21,21
51884,132,117,15,15
51885,143,136,7,7
51886,117,126,-9,9
51887,147,158,-11,11
51888,63,72,-9,9
51889,80,93,-13,13
51890,98,98,0,0
51891,51,57,-6,6
51892,51,51,0,0
51893,73,70,3,3
51894,95,87,8,8
51895,100,98,2,2
51896,74,83,-9,9
51897,110,103,7,7
51898,78,81,-3,3
51899,54,61,-7,7
51900,115,118,-3,3
51901,139,132,7,7
51902,73,81,-8,8
51903,67,66,1,1
51904,76,81,-5,5
51905,108,104,4,4
51906,104,102,2,2
51907,130,129,1,1
51908,116,119,-3,3
51909,57,59,-2,2
51910,102,106,-4,4
51911,108,100,8,8
51912,95,87,8,8
51913,40,43,-3,3
51914,76,85,-9,9
51915,71,67,4,4
51916,137,138,-1,1
51917,118,110,8,8
51918,129,125,4,4
51919,67,74,-7,7
51920,72,74,-2,2
51921,111,120,-9,9
51922,95,96,-1,1
51923,130,144,-14,14
51924,116,123,-7,7
51925,68,68,0,0
51926,103,102,1,1
51927,95,96,-1,1
51928,117,118,-1,1
51929,62,53,9,9
51930,75,82,-7,7
51931,56,67,-11,11
51932,120,107,13,13
51933,113,113,0,0
51934,85,81,4,4
51935,71,92,-21,21
51936,130,135,-5,5
51937,87,93,-6,6
51938,156,151,5,5
51939,89,89,0,0
51940,61,59,2,2
51941,115,117,-2,2
51942,144,133,11,11
51943,73,81,-8,8
51944,94,99,-5,5
51945,102,100,2,2
51946,125,128,-3,3
51947,71,66,5,5
51948,140,135,5,5
51949,143,138,5,5
51950,77,81,-4,4
51951,86,77,9,9
51952,70,65,5,5
51953,101,91,10,10
51954,82,82,0,0
51955,93,89,4,4
51956,55,60,-5,5
51957,138,148,-10,10
51958,88,86,2,2
51959,81,84,-3,3
51960,176,161,15,15
51961,90,92,-2,2
51962,52,57,-5,5
51963,97,96,1,1
51964,45,55,-10,10
51965,114,121,-7,7
51966,155,151,4,4
51967,151,177,-26,26
51968,60,64,-4,4
51969,82,77,5,5
51970,96,95,1,1
51971,126,117,9,9
51972,90,89,1,1
51973,83,71,12,12
51974,72,77,-5,5
51975,139,132,7,7
51976,137,132,5,5
51977,119,121,-2,2
51978,115,96,19,19
51979,76,74,2,2
51980,80,97,-17,17
51981,101,96,5,5
51982,92,89,3,3
51983,65,66,-1,1
51984,89,95,-6,6
51985,72,71,1,1
51986,45,44,1,1
51987,69,67,2,2
51988,81,80,1,1
51989,95,94,1,1
51990,76,76,0,0
51991,49,47,2,2
51992,97,103,-6,6
51993,90,85,5,5
51994,130,130,0,0
51995,74,80,-6,6
51996,46,58,-12,12
51997,74,82,-8,8
51998,108,102,6,6
51999,115,123,-8,8
52000,37,47,-10,10
52001,79,74,5,5
52002,75,78,-3,3
52003,174,160,14,14
52004,107,108,-1,1
52005,53,51,2,2
52006,83,88,-5,5
52007,60,59,1,1
52008,98,104,-6,6
52009,57,58,-1,1
52010,54,57,-3,3
52011,83,77,6,6
52012,182,212,-30,30
52013,107,117,-10,10
52014,89,100,-11,11
52015,105,108,-3,3
52016,109,114,-5,5
52017,141,129,12,12
52018,121,125,-4,4
52019,91,107,-16,16
52020,117,116,1,1
52021,58,54,4,4
52022,80,71,9,9
52023,88,88,0,0
52024,80,82,-2,2
52025,146,143,3,3
52026,105,103,2,2
52027,128,142,-14,14
52028,79,77,2,2
52029,123,129,-6,6
52030,85,85,0,0
52031,77,74,3,3
52032,70,68,2,2
52033,100,103,-3,3
52034,71,66,5,5
52035,123,117,6,6
52036,85,88,-3,3
52037,113,112,1,1
52038,98,93,5,5
52039,67,74,-7,7
52040,130,138,-8,8
52041,176,163,13,13
52042,117,114,3,3
52043,130,124,6,6
52044,114,111,3,3
52045,108,111,-3,3
52046,111,121,-10,10
52047,91,87,4,4
52048,153,141,12,12
52049,83,105,-22,22
52050,91,92,-1,1
52051,103,104,-1,1
52052,123,125,-2,2
52053,57,62,-5,5
52054,115,112,3,3
52055,86,91,-5,5
52056,147,140,7,7
52057,116,135,-19,19
52058,87,88,-1,1
52059,81,81,0,0
52060,58,54,4,4
52061,97,84,13,13
52062,138,147,-9,9
52063,74,72,2,2
52064,60,71,-11,11
52065,94,95,-1,1
52066,150,151,-1,1
52067,143,144,-1,1
52068,72,73,-1,1
52069,80,88,-8,8
52070,94,99,-5,5
52071,85,84,1,1
52072,108,104,4,4
52073,106,95,11,11
52074,86,93,-7,7
52075,160,150,10,10
52076,84,82,2,2
52077,78,71,7,7
52078,89,97,-8,8
52079,76,85,-9,9
52080,57,51,6,6
52081,93,93,0,0
52082,92,96,-4,4
52083,79,101,-22,22
52084,105,107,-2,2
52085,146,145,1,1
52086,79,85,-6,6
52087,96,101,-5,5
52088,97,93,4,4
52089,74,75,-1,1
52090,79,86,-7,7
52091,90,89,1,1
52092,133,135,-2,2
52093,81,85,-4,4
52094,140,137,3,3
52095,20,27,-7,7
52096,42,94,-52,52
52097,178,158,20,20
52098,57,66,-9,9
52099,91,97,-6,6
52100,125,141,-16,16
52101,77,74,3,3
52102,73,74,-1,1
52103,96,103,-7,7
52104,63,61,2,2
52105,75,75,0,0
52106,117,116,1,1
52107,135,138,-3,3
52108,105,115,-10,10
52109,141,143,-2,2
52110,123,111,12,12
52111,71,83,-12,12
52112,108,95,13,13
52113,104,111,-7,7
52114,108,117,-9,9
52115,93,96,-3,3
52116,102,99,3,3
52117,99,91,8,8
52118,95,103,-8,8
52119,53,54,-1,1
52120,117,101,16,16
52121,79,89,-10,10
52122,55,64,-9,9
52123,163,164,-1,1
52124,53,56,-3,3
52125,80,78,2,2
52126,124,120,4,4
52127,75,71,4,4
52128,133,134,-1,1
52129,83,83,0,0
52130,54,63,-9,9
52131,52,56,-4,4
52132,67,71,-4,4
52133,75,74,1,1
52134,106,103,3,3
52135,140,139,1,1
52136,124,129,-5,5
52137,65,72,-7,7
52138,94,101,-7,7
52139,108,111,-3,3
52140,132,117,15,15
52141,123,119,4,4
52142,73,84,-11,11
52143,246,248,-2,2
52144,91,80,11,11
52145,48,55,-7,7
52146,109,99,10,10
52147,120,111,9,9
52148,71,64,7,7
52149,44,47,-3,3
52150,83,82,1,1
52151,77,72,5,5
52152,108,104,4,4
52153,76,73,3,3
52154,116,103,13,13
52155,98,111,-13,13
52156,114,109,5,5
52157,142,129,13,13
52158,92,105,-13,13
52159,82,79,3,3
52160,86,86,0,0
52161,65,72,-7,7
52162,91,89,2,2
52163,158,163,-5,5
52164,79,79,0,0
52165,89,84,5,5
52166,54,50,4,4
52167,144,128,16,16
52168,167,175,-8,8
52169,94,104,-10,10
52170,75,75,0,0
52171,110,122,-12,12
52172,113,108,5,5
52173,63,65,-2,2
52174,138,134,4,4
52175,101,94,7,7
52176,99,110,-11,11
52177,98,102,-4,4
52178,138,156,-18,18
52179,116,116,0,0
52180,53,64,-11,11
52181,97,99,-2,2
52182,79,66,13,13
52183,94,107,-13,13
52184,72,81,-9,9
52185,104,110,-6,6
52186,113,102,11,11
52187,105,115,-10,10
52188,84,83,1,1
52189,66,69,-3,3
52190,75,74,1,1
52191,106,103,3,3
52192,100,98,2,2
52193,75,83,-8,8
52194,45,43,2,2
52195,126,133,-7,7
52196,102,101,1,1
52197,108,111,-3,3
52198,99,94,5,5
52199,146,135,11,11
52200,107,112,-5,5
52201,105,115,-10,10
52202,58,54,4,4
52203,114,122,-8,8
52204,151,136,15,15
52205,72,75,-3,3
52206,79,74,5,5
52207,131,122,9,9
52208,91,89,2,2
52209,52,55,-3,3
52210,81,67,14,14
52211,85,72,13,13
52212,96,93,3,3
52213,42,49,-7,7
52214,73,66,7,7
52215,100,97,3,3
52216,104,101,3,3
52217,85,95,-10,10
52218,67,75,-8,8
52219,71,73,-2,2
52220,100,91,9,9
52221,134,114,20,20
52222,104,110,-6,6
52223,90,83,7,7
52224,96,131,-35,35
52225,61,88,-27,27
52226,65,72,-7,7
52227,139,138,1,1
52228,46,47,-1,1
52229,70,72,-2,2
52230,142,138,4,4
52231,90,90,0,0
52232,112,107,5,5
52233,113,105,8,8
52234,59,63,-4,4
52235,111,110,1,1
52236,84,83,1,1
52237,74,73,1,1
52238,78,72,6,6
52239,145,153,-8,8
52240,100,120,-20,20
52241,103,101,2,2
52242,55,55,0,0
52243,93,97,-4,4
52244,78,77,1,1
52245,80,78,2,2
52246,104,97,7,7
52247,66,71,-5,5
52248,68,61,7,7
52249,60,57,3,3
52250,103,120,-17,17
52251,69,71,-2,2
52252,92,92,0,0
52253,48,58,-10,10
52254,54,62,-8,8
52255,54,54,0,0
52256,58,62,-4,4
52257,160,152,8,8
52258,83,76,7,7
52259,90,83,7,7
52260,71,124,-53,53
52261,168,179,-11,11
52262,137,142,-5,5
52263,139,143,-4,4
52264,74,71,3,3
52265,75,80,-5,5
52266,65,61,4,4
52267,93,83,10,10
52268,94,95,-1,1
52269,65,77,-12,12
52270,110,113,-3,3
52271,29,39,-10,10
52272,91,87,4,4
52273,78,74,4,4
52274,77,77,0,0
52275,93,96,-3,3
52276,158,150,8,8
52277,206,198,8,8
52278,98,101,-3,3
52279,131,128,3,3
52280,115,109,6,6
52281,129,112,17,17
52282,97,92,5,5
52283,97,92,5,5
52284,78,92,-14,14
52285,81,84,-3,3
52286,107,105,2,2
52287,80,88,-8,8
52288,67,73,-6,6
52289,66,74,-8,8
52290,56,58,-2,2
52291,72,71,1,1
52292,50,56,-6,6
52293,70,101,-31,31
52294,128,122,6,6
52295,138,145,-7,7
52296,38,42,-4,4
52297,113,111,2,2
52298,168,166,2,2
52299,115,106,9,9
52300,88,86,2,2
52301,80,80,0,0
52302,124,137,-13,13
52303,190,185,5,5
52304,92,98,-6,6
52305,83,84,-1,1
52306,78,81,-3,3
52307,64,60,4,4
52308,121,122,-1,1
52309,74,77,-3,3
52310,59,60,-1,1
52311,200,171,29,29
52312,157,151,6,6
52313,86,88,-2,2
52314,126,125,1,1
52315,75,78,-3,3
52316,95,106,-11,11
52317,118,105,13,13
52318,174,166,8,8
52319,148,140,8,8
52320,70,76,-6,6
52321,99,98,1,1
52322,73,74,-1,1
52323,178,160,18,18
52324,127,125,2,2
52325,137,139,-2,2
52326,35,48,-13,13
52327,58,59,-1,1
52328,104,108,-4,4
52329,85,84,1,1
52330,91,90,1,1
52331,40,41,-1,1
52332,83,86,-3,3
52333,100,106,-6,6
52334,73,79,-6,6
52335,51,59,-8,8
52336,263,211,52,52
52337,87,91,-4,4
52338,85,81,4,4
52339,85,85,0,0
52340,89,85,4,4
52341,176,176,0,0
52342,103,104,-1,1
52343,128,136,-8,8
52344,166,170,-4,4
52345,92,109,-17,17
52346,100,101,-1,1
52347,98,88,10,10
52348,57,61,-4,4
52349,127,121,6,6
52350,86,90,-4,4
52351,144,146,-2,2
52352,60,63,-3,3
52353,113,111,2,2
52354,113,112,1,1
52355,103,104,-1,1
52356,90,90,0,0
52357,56,47,9,9
52358,47,52,-5,5
52359,105,108,-3,3
52360,61,63,-2,2
52361,128,143,-15,15
52362,55,77,-22,22
52363,67,63,4,4
52364,65,65,0,0
52365,116,111,5,5
52366,76,81,-5,5
52367,41,46,-5,5
52368,83,77,6,6
52369,82,92,-10,10
52370,50,58,-8,8
52371,81,91,-10,10
52372,57,51,6,6
52373,83,83,0,0
52374,87,96,-9,9
52375,56,49,7,7
52376,68,66,2,2
52377,71,67,4,4
52378,77,78,-1,1
52379,67,64,3,3
52380,120,111,9,9
52381,74,76,-2,2
52382,121,124,-3,3
52383,73,76,-3,3
52384,53,55,-2,2
52385,68,72,-4,4
52386,95,91,4,4
52387,103,107,-4,4
52388,46,50,-4,4
52389,73,64,9,9
52390,148,145,3,3
52391,145,132,13,13
52392,105,97,8,8
52393,71,73,-2,2
52394,43,51,-8,8
52395,106,107,-1,1
52396,114,115,-1,1
52397,80,76,4,4
52398,64,89,-25,25
52399,125,116,9,9
52400,84,93,-9,9
52401,86,91,-5,5
52402,101,99,2,2
52403,95,91,4,4
52404,90,97,-7,7
52405,93,88,5,5
52406,62,63,-1,1
52407,146,140,6,6
52408,87,87,0,0
52409,85,77,8,8
52410,134,124,10,10
52411,82,76,6,6
52412,46,46,0,0
52413,73,65,8,8
52414,23,41,-18,18
52415,167,156,11,11
52416,116,100,16,16
52417,112,118,-6,6
52418,227,225,2,2
52419,108,112,-4,4
52420,93,95,-2,2
52421,76,79,-3,3
52422,75,79,-4,4
52423,74,80,-6,6
52424,85,76,9,9
52425,68,72,-4,4
52426,93,86,7,7
52427,143,139,4,4
52428,132,127,5,5
52429,68,69,-1,1
52430,49,54,-5,5
52431,116,109,7,7
52432,87,81,6,6
52433,114,101,13,13
52434,133,129,4,4
52435,81,79,2,2
52436,105,96,9,9
52437,88,91,-3,3
52438,158,144,14,14
52439,82,76,6,6
52440,91,92,-1,1
52441,158,158,0,0
52442,77,82,-5,5
52443,61,82,-21,21
52444,57,59,-2,2
52445,76,79,-3,3
52446,80,83,-3,3
52447,90,102,-12,12
52448,75,66,9,9
52449,105,101,4,4
52450,99,99,0,0
52451,134,137,-3,3
52452,70,75,-5,5
52453,139,146,-7,7
52454,67,67,0,0
52455,186,174,12,12
52456,101,97,4,4
52457,142,141,1,1
52458,66,60,6,6
52459,88,82,6,6
52460,79,84,-5,5
52461,80,84,-4,4
52462,103,114,-11,11
52463,133,147,-14,14
52464,21,58,-37,37
52465,98,87,11,11
52466,67,63,4,4
52467,117,143,-26,26
52468,71,71,0,0
52469,45,49,-4,4
52470,90,82,8,8
52471,122,111,11,11
52472,133,129,4,4
52473,70,66,4,4
52474,99,103,-4,4
52475,161,155,6,6
52476,123,118,5,5
52477,116,109,7,7
52478,148,134,14,14
52479,55,48,7,7
52480,107,110,-3,3
52481,69,64,5,5
52482,103,120,-17,17
52483,50,52,-2,2
52484,76,76,0,0
52485,98,101,-3,3
52486,63,65,-2,2
52487,69,71,-2,2
52488,115,117,-2,2
52489,64,64,0,0
52490,80,81,-1,1
52491,93,87,6,6
52492,93,94,-1,1
52493,107,100,7,7
52494,91,91,0,0
52495,73,87,-14,14
52496,163,150,13,13
52497,82,76,6,6
52498,133,136,-3,3
52499,70,81,-11,11
52500,74,73,1,1
52501,72,73,-1,1
52502,51,45,6,6
52503,192,172,20,20
52504,59,67,-8,8
52505,69,64,5,5
52506,47,50,-3,3
52507,146,160,-14,14
52508,149,136,13,13
52509,96,112,-16,16
52510,73,64,9,9
52511,143,136,7,7
52512,101,108,-7,7
52513,96,101,-5,5
52514,108,117,-9,9
52515,77,75,2,2
52516,45,53,-8,8
52517,89,96,-7,7
52518,160,153,7,7
52519,97,101,-4,4
52520,82,82,0,0
52521,80,75,5,5
52522,70,70,0,0
52523,123,115,8,8
52524,109,107,2,2
52525,162,161,1,1
52526,129,130,-1,1
52527,80,75,5,5
52528,49,57,-8,8
52529,129,113,16,16
52530,79,74,5,5
52531,89,96,-7,7
52532,92,96,-4,4
52533,87,79,8,8
52534,104,97,7,7
52535,106,93,13,13
52536,169,172,-3,3
52537,96,109,-13,13
52538,66,71,-5,5
52539,140,139,1,1
52540,128,121,7,7
52541,82,76,6,6
52542,128,121,7,7
52543,109,113,-4,4
52544,59,65,-6,6
52545,61,65,-4,4
52546,109,93,16,16
52547,72,78,-6,6
52548,57,66,-9,9
52549,94,103,-9,9
52550,86,87,-1,1
52551,57,59,-2,2
52552,142,132,10,10
52553,79,87,-8,8
52554,150,146,4,4
52555,122,136,-14,14
52556,106,112,-6,6
52557,41,44,-3,3
52558,218,206,12,12
52559,106,101,5,5
52560,80,75,5,5
52561,87,88,-1,1
52562,121,130,-9,9
52563,68,66,2,2
52564,79,81,-2,2
52565,63,63,0,0
52566,57,71,-14,14
52567,132,141,-9,9
52568,86,86,0,0
52569,92,89,3,3
52570,187,178,9,9
52571,97,94,3,3
52572,135,133,2,2
52573,126,110,16,16
52574,79,81,-2,2
52575,69,80,-11,11
52576,142,143,-1,1
52577,97,92,5,5
52578,104,113,-9,9
52579,112,117,-5,5
52580,168,177,-9,9
52581,145,135,10,10
52582,137,131,6,6
52583,142,134,8,8
52584,81,77,4,4
52585,97,93,4,4
52586,90,77,13,13
52587,121,140,-19,19
52588,71,76,-5,5
52589,61,61,0,0
52590,95,117,-22,22
52591,95,120,-25,25
52592,53,62,-9,9
52593,126,132,-6,6
52594,72,81,-9,9
52595,86,77,9,9
52596,141,148,-7,7
52597,96,102,-6,6
52598,98,106,-8,8
52599,123,122,1,1
52600,46,57,-11,11
52601,95,88,7,7
52602,127,120,7,7
52603,153,137,16,16
52604,115,113,2,2
52605,104,100,4,4
52606,53,56,-3,3
52607,95,89,6,6
52608,88,87,1,1
52609,133,117,16,16
52610,88,86,2,2
52611,25,45,-20,20
52612,142,126,16,16
52613,98,106,-8,8
52614,93,88,5,5
52615,99,95,4,4
52616,152,147,5,5
52617,124,126,-2,2
52618,112,120,-8,8
52619,134,123,11,11
52620,104,112,-8,8
52621,86,82,4,4
52622,117,119,-2,2
52623,77,80,-3,3
52624,88,90,-2,2
52625,72,71,1,1
52626,87,108,-21,21
52627,80,77,3,3
52628,103,103,0,0
52629,136,141,-5,5
52630,105,113,-8,8
52631,96,93,3,3
52632,90,82,8,8
52633,53,50,3,3
52634,77,79,-2,2
52635,60,59,1,1
52636,115,124,-9,9
52637,93,89,4,4
52638,91,82,9,9
52639,162,163,-1,1
52640,115,105,10,10
52641,148,159,-11,11
52642,68,65,3,3
52643,79,85,-6,6
52644,53,54,-1,1
52645,60,62,-2,2
52646,63,72,-9,9
52647,102,102,0,0
52648,111,110,1,1
52649,116,117,-1,1
52650,50,49,1,1
52651,113,106,7,7
52652,46,58,-12,12
52653,62,61,1,1
52654,112,112,0,0
52655,58,75,-17,17
52656,85,91,-6,6
52657,111,106,5,5
52658,105,106,-1,1
52659,113,126,-13,13
52660,174,166,8,8
52661,125,118,7,7
52662,109,110,-1,1
52663,67,66,1,1
52664,76,70,6,6
52665,193,245,-52,52
52666,128,129,-1,1
52667,88,84,4,4
52668,70,75,-5,5
52669,63,61,2,2
52670,148,137,11,11
52671,89,100,-11,11
52672,152,154,-2,2
52673,62,70,-8,8
52674,141,120,21,21
52675,48,51,-3,3
52676,185,178,7,7
52677,89,87,2,2
52678,87,86,1,1
52679,50,57,-7,7
52680,79,71,8,8
52681,124,137,-13,13
52682,109,103,6,6
52683,54,57,-3,3
52684,90,88,2,2
52685,85,85,0,0
52686,35,100,-65,65
52687,86,85,1,1
52688,47,51,-4,4
52689,103,98,5,5
52690,105,108,-3,3
52691,47,58,-11,11
52692,44,49,-5,5
52693,137,132,5,5
52694,69,80,-11,11
52695,47,49,-2,2
52696,63,65,-2,2
52697,118,122,-4,4
52698,83,90,-7,7
52699,80,93,-13,13
52700,119,101,18,18
52701,107,117,-10,10
52702,100,114,-14,14
52703,96,103,-7,7
52704,90,100,-10,10
52705,136,134,2,2
52706,142,149,-7,7
52707,82,83,-1,1
52708,64,54,10,10
52709,89,93,-4,4
52710,49,56,-7,7
52711,138,127,11,11
52712,74,63,11,11
52713,55,71,-16,16
52714,147,131,16,16
52715,87,93,-6,6
52716,67,80,-13,13
52717,90,82,8,8
52718,72,92,-20,20
52719,110,107,3,3
52720,166,170,-4,4
52721,128,106,22,22
52722,70,78,-8,8
52723,95,99,-4,4
52724,58,54,4,4
52725,95,96,-1,1
52726,78,82,-4,4
52727,99,106,-7,7
52728,79,74,5,5
52729,96,85,11,11
52730,87,83,4,4
52731,57,63,-6,6
52732,67,66,1,1
52733,84,90,-6,6
52734,73,74,-1,1
52735,77,72,5,5
52736,65,64,1,1
52737,34,45,-11,11
52738,103,100,3,3
52739,117,125,-8,8
52740,73,65,8,8
52741,121,115,6,6
52742,67,72,-5,5
52743,118,102,16,16
52744,145,148,-3,3
52745,83,82,1,1
52746,105,103,2,2
52747,81,72,9,9
52748,92,93,-1,1
52749,44,45,-1,1
52750,104,106,-2,2
52751,45,46,-1,1
52752,96,90,6,6
52753,115,120,-5,5
52754,91,99,-8,8
52755,64,76,-12,12
52756,63,59,4,4
52757,83,88,-5,5
52758,126,129,-3,3
52759,57,64,-7,7
52760,209,196,13,13
52761,153,139,14,14
52762,57,60,-3,3
52763,70,69,1,1
52764,118,128,-10,10
52765,110,115,-5,5
52766,63,57,6,6
52767,117,114,3,3
52768,151,129,22,22
52769,135,149,-14,14
52770,75,74,1,1
52771,121,117,4,4
52772,142,152,-10,10
52773,107,104,3,3
52774,87,88,-1,1
52775,83,89,-6,6
52776,54,47,7,7
52777,120,118,2,2
52778,75,79,-4,4
52779,116,117,-1,1
52780,80,80,0,0
52781,132,141,-9,9
52782,61,67,-6,6
52783,70,77,-7,7
52784,57,49,8,8
52785,137,134,3,3
52786,112,99,13,13
52787,77,80,-3,3
52788,78,79,-1,1
52789,94,99,-5,5
52790,85,89,-4,4
52791,61,59,2,2
52792,80,78,2,2
52793,116,108,8,8
52794,64,85,-21,21
52795,69,73,-4,4
52796,124,109,15,15
52797,78,66,12,12
52798,109,117,-8,8
52799,90,87,3,3
52800,148,148,0,0
52801,64,67,-3,3
52802,59,65,-6,6
52803,42,41,1,1
52804,132,129,3,3
52805,132,129,3,3
52806,68,59,9,9
52807,173,182,-9,9
52808,73,71,2,2
52809,88,86,2,2
52810,95,93,2,2
52811,56,51,5,5
52812,83,76,7,7
52813,131,138,-7,7
52814,65,74,-9,9
52815,77,75,2,2
52816,110,116,-6,6
52817,80,114,-34,34
52818,76,67,9,9
52819,73,78,-5,5
52820,66,71,-5,5
52821,149,137,12,12
52822,55,60,-5,5
52823,60,54,6,6
52824,151,152,-1,1
52825,112,119,-7,7
52826,67,65,2,2
52827,67,85,-18,18
52828,77,84,-7,7
52829,114,122,-8,8
52830,123,135,-12,12
52831,83,82,1,1
52832,42,53,-11,11
52833,104,114,-10,10
52834,90,90,0,0
52835,107,117,-10,10
52836,153,143,10,10
52837,68,70,-2,2
52838,41,47,-6,6
52839,82,82,0,0
52840,55,57,-2,2
52841,114,104,10,10
52842,92,88,4,4
52843,90,97,-7,7
52844,70,72,-2,2
52845,75,80,-5,5
52846,112,96,16,16
52847,76,82,-6,6
52848,107,80,27,27
52849,96,97,-1,1
52850,107,106,1,1
52851,46,50,-4,4
52852,103,114,-11,11
52853,122,122,0,0
52854,117,116,1,1
52855,69,83,-14,14
52856,100,105,-5,5
52857,70,60,10,10
52858,96,105,-9,9
52859,89,88,1,1
52860,112,117,-5,5
52861,93,112,-19,19
52862,104,101,3,3
52863,79,79,0,0
52864,150,144,6,6
52865,145,143,2,2
52866,135,137,-2,2
52867,61,61,0,0
52868,75,80,-5,5
52869,63,59,4,4
52870,77,80,-3,3
52871,115,126,-11,11
52872,94,91,3,3
52873,60,60,0,0
52874,99,100,-1,1
52875,162,171,-9,9
52876,89,94,-5,5
52877,84,88,-4,4
52878,90,101,-11,11
52879,132,129,3,3
52880,106,97,9,9
52881,50,46,4,4
52882,66,60,6,6
52883,153,147,6,6
52884,55,55,0,0
52885,92,87,5,5
52886,113,116,-3,3
52887,54,56,-2,2
52888,132,130,2,2
52889,116,105,11,11
52890,88,224,-136,136
52891,127,124,3,3
52892,80,86,-6,6
52893,125,114,11,11
52894,108,100,8,8
52895,104,105,-1,1
52896,62,70,-8,8
52897,76,84,-8,8
52898,77,84,-7,7
52899,120,121,-1,1
52900,71,76,-5,5
52901,54,71,-17,17
52902,115,122,-7,7
52903,138,145,-7,7
52904,95,88,7,7
52905,31,39,-8,8
52906,46,41,5,5
52907,147,133,14,14
52908,129,138,-9,9
52909,82,72,10,10
52910,81,85,-4,4
52911,62,62,0,0
52912,140,135,5,5
52913,101,102,-1,1
52914,120,108,12,12
52915,48,45,3,3
52916,132,130,2,2
52917,164,154,10,10
52918,48,60,-12,12
52919,81,92,-11,11
52920,74,77,-3,3
52921,79,92,-13,13
52922,97,97,0,0
52923,81,89,-8,8
52924,47,52,-5,5
52925,97,107,-10,10
52926,59,64,-5,5
52927,68,63,5,5
52928,67,64,3,3
52929,66,66,0,0
52930,143,130,13,13
52931,88,86,2,2
52932,96,99,-3,3
52933,169,145,24,24
52934,106,97,9,9
52935,106,107,-1,1
52936,78,80,-2,2
52937,107,116,-9,9
52938,132,142,-10,10
52939,88,77,11,11
52940,68,82,-14,14
52941,104,94,10,10
52942,79,79,0,0
52943,96,88,8,8
52944,159,154,5,5
52945,133,140,-7,7
52946,81,85,-4,4
52947,67,75,-8,8
52948,86,91,-5,5
52949,75,74,1,1
52950,106,111,-5,5
52951,55,62,-7,7
52952,167,151,16,16
52953,33,35,-2,2
52954,114,125,-11,11
52955,153,136,17,17
52956,76,79,-3,3
52957,74,84,-10,10
52958,152,157,-5,5
52959,176,147,29,29
52960,86,81,5,5
52961,191,168,23,23
52962,116,117,-1,1
52963,87,84,3,3
52964,133,131,2,2
52965,131,139,-8,8
52966,96,95,1,1
52967,113,120,-7,7
52968,52,53,-1,1
52969,68,76,-8,8
52970,110,110,0,0
52971,58,59,-1,1
52972,104,123,-19,19
52973,93,92,1,1
52974,118,122,-4,4
52975,92,95,-3,3
52976,77,82,-5,5
52977,43,43,0,0
52978,19,41,-22,22
52979,156,140,16,16
52980,145,144,1,1
52981,85,90,-5,5
52982,85,73,12,12
52983,121,116,5,5
52984,76,73,3,3
52985,137,144,-7,7
52986,76,77,-1,1
52987,91,85,6,6
52988,93,88,5,5
52989,133,140,-7,7
52990,128,125,3,3
52991,106,108,-2,2
52992,77,78,-1,1
52993,104,100,4,4
52994,82,82,0,0
52995,77,78,-1,1
52996,91,103,-12,12
52997,73,98,-25,25
52998,144,139,5,5
52999,103,101,2,2
53000,97,113,-16,16
53001,238,224,14,14
53002,87,82,5,5
53003,135,129,6,6
53004,63,65,-2,2
53005,95,93,2,2
53006,42,43,-1,1
53007,69,76,-7,7
53008,98,92,6,6
53009,147,146,1,1
53010,108,115,-7,7
53011,52,52,0,0
53012,69,65,4,4
53013,92,76,16,16
53014,129,130,-1,1
53015,83,85,-2,2
53016,108,114,-6,6
53017,126,134,-8,8
53018,84,82,2,2
53019,86,75,11,11
53020,82,103,-21,21
53021,88,91,-3,3
53022,101,90,11,11
53023,130,122,8,8
53024,83,87,-4,4
53025,118,130,-12,12
53026,106,107,-1,1
53027,108,114,-6,6
53028,85,71,14,14
53029,133,125,8,8
53030,77,76,1,1
53031,110,104,6,6
53032,71,83,-12,12
53033,72,79,-7,7
53034,44,45,-1,1
53035,69,63,6,6
53036,106,104,2,2
53037,103,103,0,0
53038,82,75,7,7
53039,119,131,-12,12
53040,94,98,-4,4
53041,67,65,2,2
53042,81,80,1,1
53043,102,89,13,13
53044,68,61,7,7
53045,154,140,14,14
53046,80,76,4,4
53047,120,114,6,6
53048,59,61,-2,2
53049,149,153,-4,4
53050,66,72,-6,6
53051,80,67,13,13
53052,61,62,-1,1
53053,40,49,-9,9
53054,80,89,-9,9
53055,54,56,-2,2
53056,90,113,-23,23
53057,107,105,2,2
53058,62,63,-1,1
53059,157,167,-10,10
53060,113,109,4,4
53061,107,119,-12,12
53062,87,72,15,15
53063,90,90,0,0
53064,155,142,13,13
53065,37,49,-12,12
53066,66,71,-5,5
53067,92,98,-6,6
53068,74,72,2,2
53069,38,37,1,1
53070,83,75,8,8
53071,90,102,-12,12
53072,262,321,-59,59
53073,83,84,-1,1
53074,65,61,4,4
53075,84,79,5,5
53076,50,51,-1,1
53077,95,104,-9,9
53078,80,86,-6,6
53079,135,129,6,6
53080,75,72,3,3
53081,79,84,-5,5
53082,179,175,4,4
53083,119,120,-1,1
53084,89,76,13,13
53085,58,64,-6,6
53086,98,105,-7,7
53087,58,59,-1,1
53088,62,62,0,0
53089,65,65,0,0
53090,90,86,4,4
53091,134,126,8,8
53092,61,65,-4,4
53093,142,141,1,1
53094,71,76,-5,5
53095,147,128,19,19
53096,122,124,-2,2
53097,151,142,9,9
53098,105,107,-2,2
53099,56,60,-4,4
53100,124,129,-5,5
53101,140,147,-7,7
53102,107,105,2,2
53103,103,110,-7,7
53104,98,89,9,9
53105,63,55,8,8
53106,51,59,-8,8
53107,81,77,4,4
53108,65,73,-8,8
53109,150,147,3,3
53110,134,134,0,0
53111,46,41,5,5
53112,120,113,7,7
53113,80,85,-5,5
53114,93,91,2,2
53115,176,160,16,16
53116,115,127,-12,12
53117,128,129,-1,1
53118,143,135,8,8
53119,55,58,-3,3
53120,85,76,9,9
53121,102,96,6,6
53122,54,55,-1,1
53123,151,128,23,23
53124,83,76,7,7
53125,47,49,-2,2
53126,80,77,3,3
53127,126,118,8,8
53128,105,113,-8,8
53129,103,115,-12,12
53130,70,77,-7,7
53131,64,62,2,2
53132,116,116,0,0
53133,124,136,-12,12
53134,89,86,3,3
53135,73,75,-2,2
53136,131,140,-9,9
53137,120,112,8,8
53138,102,98,4,4
53139,88,80,8,8
53140,82,80,2,2
53141,88,88,0,0
53142,135,118,17,17
53143,119,116,3,3
53144,67,72,-5,5
53145,55,53,2,2
53146,170,167,3,3
53147,125,140,-15,15
53148,132,118,14,14
53149,146,146,0,0
53150,83,83,0,0
53151,85,79,6,6
53152,101,101,0,0
53153,84,87,-3,3
53154,135,130,5,5
53155,54,52,2,2
53156,74,63,11,11
53157,72,74,-2,2
53158,112,90,22,22
53159,137,142,-5,5
53160,82,73,9,9
53161,121,112,9,9
53162,83,84,-1,1
53163,112,123,-11,11
53164,66,61,5,5
53165,90,83,7,7
53166,111,121,-10,10
53167,70,78,-8,8
53168,98,106,-8,8
53169,101,99,2,2
53170,108,99,9,9
53171,77,79,-2,2
53172,94,101,-7,7
53173,77,83,-6,6
53174,52,63,-11,11
53175,114,119,-5,5
53176,79,80,-1,1
53177,43,54,-11,11
53178,110,99,11,11
53179,51,45,6,6
53180,81,81,0,0
53181,122,116,6,6
53182,128,131,-3,3
53183,92,108,-16,16
53184,111,110,1,1
53185,106,99,7,7
53186,56,61,-5,5
53187,137,128,9,9
53188,75,67,8,8
53189,71,71,0,0
53190,67,67,0,0
53191,89,89,0,0
53192,96,97,-1,1
53193,106,110,-4,4
53194,71,71,0,0
53195,128,118,10,10
53196,63,71,-8,8
53197,82,77,5,5
53198,67,71,-4,4
53199,80,78,2,2
53200,124,119,5,5
53201,117,115,2,2
53202,115,131,-16,16
53203,107,113,-6,6
53204,65,67,-2,2
53205,119,121,-2,2
53206,88,99,-11,11
53207,53,58,-5,5
53208,156,147,9,9
53209,71,73,-2,2
53210,89,88,1,1
53211,88,82,6,6
53212,113,114,-1,1
53213,43,50,-7,7
53214,106,112,-6,6
53215,85,86,-1,1
53216,108,132,-24,24
53217,70,59,11,11
53218,163,152,11,11
53219,102,103,-1,1
53220,74,72,2,2
53221,60,62,-2,2
53222,107,105,2,2
53223,59,81,-22,22
53224,90,71,19,19
53225,134,130,4,4
53226,159,153,6,6
53227,99,90,9,9
53228,75,77,-2,2
53229,62,57,5,5
53230,93,90,3,3
53231,101,103,-2,2
53232,61,65,-4,4
53233,88,75,13,13
53234,99,105,-6,6
53235,45,50,-5,5
53236,65,71,-6,6
53237,120,112,8,8
53238,85,85,0,0
53239,76,81,-5,5
53240,111,104,7,7
53241,75,76,-1,1
53242,96,101,-5,5
53243,134,121,13,13
53244,62,53,9,9
53245,69,62,7,7
53246,95,96,-1,1
53247,93,87,6,6
53248,73,76,-3,3
53249,89,77,12,12
53250,59,53,6,6
53251,73,65,8,8
53252,115,121,-6,6
53253,86,85,1,1
53254,141,162,-21,21
53255,109,133,-24,24
53256,112,99,13,13
53257,74,77,-3,3
53258,57,61,-4,4
53259,61,65,-4,4
53260,104,105,-1,1
53261,111,97,14,14
53262,80,82,-2,2
53263,107,103,4,4
53264,43,45,-2,2
53265,71,78,-7,7
53266,54,57,-3,3
53267,74,83,-9,9
53268,77,72,5,5
53269,86,101,-15,15
53270,65,66,-1,1
53271,103,94,9,9
53272,67,73,-6,6
53273,77,70,7,7
53274,53,62,-9,9
53275,128,110,18,18
53276,75,75,0,0
53277,111,135,-24,24
53278,94,93,1,1
53279,93,92,1,1
53280,131,122,9,9
53281,61,91,-30,30
53282,69,66,3,3
53283,70,59,11,11
53284,50,52,-2,2
53285,69,64,5,5
53286,101,93,8,8
53287,86,78,8,8
53288,98,98,0,0
53289,140,111,29,29
53290,88,91,-3,3
53291,51,53,-2,2
53292,72,74,-2,2
53293,109,114,-5,5
53294,67,76,-9,9
53295,114,110,4,4
53296,98,91,7,7
53297,98,109,-11,11
53298,107,117,-10,10
53299,133,145,-12,12
53300,161,165,-4,4
53301,161,136,25,25
53302,125,124,1,1
53303,90,91,-1,1
53304,112,116,-4,4
53305,61,62,-1,1
53306,186,188,-2,2
53307,102,111,-9,9
53308,273,269,4,4
53309,125,131,-6,6
53310,124,133,-9,9
53311,115,111,4,4
53312,86,87,-1,1
53313,67,70,-3,3
53314,90,94,-4,4
53315,146,140,6,6
53316,64,65,-1,1
53317,78,78,0,0
53318,73,72,1,1
53319,132,128,4,4
53320,78,78,0,0
53321,108,118,-10,10
53322,72,71,1,1
53323,112,124,-12,12
53324,110,108,2,2
53325,157,148,9,9
53326,87,84,3,3
53327,63,61,2,2
53328,47,48,-1,1
53329,55,61,-6,6
53330,57,55,2,2
53331,77,82,-5,5
53332,73,68,5,5
53333,52,54,-2,2
53334,60,76,-16,16
53335,171,188,-17,17
53336,153,148,5,5
53337,128,128,0,0
53338,101,102,-1,1
53339,58,59,-1,1
53340,67,63,4,4
53341,58,62,-4,4
53342,69,66,3,3
53343,198,175,23,23
53344,85,81,4,4
53345,96,85,11,11
53346,68,94,-26,26
53347,80,75,5,5
53348,56,63,-7,7
53349,67,66,1,1
53350,57,58,-1,1
53351,39,42,-3,3
53352,81,90,-9,9
53353,117,117,0,0
53354,104,104,0,0
53355,105,109,-4,4
53356,83,80,3,3
53357,135,139,-4,4
53358,76,67,9,9
53359,122,114,8,8
53360,78,80,-2,2
53361,37,40,-3,3
53362,134,124,10,10
53363,71,64,7,7
53364,119,117,2,2
53365,23,40,-17,17
53366,145,141,4,4
53367,99,100,-1,1
53368,70,78,-8,8
53369,41,62,-21,21
53370,82,91,-9,9
53371,102,95,7,7
53372,64,60,4,4
53373,60,60,0,0
53374,157,150,7,7
53375,144,130,14,14
53376,107,110,-3,3
53377,108,121,-13,13
53378,79,79,0,0
53379,77,87,-10,10
53380,102,99,3,3
53381,62,64,-2,2
53382,87,94,-7,7
53383,156,145,11,11
53384,59,59,0,0
53385,54,59,-5,5
53386,114,122,-8,8
53387,87,103,-16,16
53388,132,134,-2,2
53389,135,132,3,3
53390,126,111,15,15
53391,105,111,-6,6
53392,95,105,-10,10
53393,101,102,-1,1
53394,51,59,-8,8
53395,63,71,-8,8
53396,149,148,1,1
53397,72,63,9,9
53398,147,142,5,5
53399,67,64,3,3
53400,106,115,-9,9
53401,98,106,-8,8
53402,100,94,6,6
53403,93,103,-10,10
53404,69,73,-4,4
53405,116,135,-19,19
53406,88,83,5,5
53407,114,141,-27,27
53408,53,55,-2,2
53409,55,57,-2,2
53410,86,93,-7,7
53411,110,103,7,7
53412,82,80,2,2
53413,87,81,6,6
53414,60,58,2,2
53415,59,59,0,0
53416,72,65,7,7
53417,99,88,11,11
53418,111,98,13,13
53419,105,110,-5,5
53420,110,109,1,1
53421,56,58,-2,2
53422,126,136,-10,10
53423,75,80,-5,5
53424,56,56,0,0
53425,119,141,-22,22
53426,98,96,2,2
53427,171,174,-3,3
53428,169,149,20,20
53429,126,132,-6,6
53430,194,173,21,21
53431,112,108,4,4
53432,73,72,1,1
53433,106,108,-2,2
53434,101,88,13,13
53435,119,109,10,10
53436,96,86,10,10
53437,58,56,2,2
53438,89,95,-6,6
53439,78,86,-8,8
53440,85,87,-2,2
53441,87,88,-1,1
53442,70,79,-9,9
53443,50,57,-7,7
53444,51,53,-2,2
53445,91,85,6,6
53446,79,81,-2,2
53447,98,99,-1,1
53448,117,128,-11,11
53449,94,104,-10,10
53450,141,137,4,4
53451,133,140,-7,7
53452,48,51,-3,3
53453,121,123,-2,2
53454,90,94,-4,4
53455,50,58,-8,8
53456,69,78,-9,9
53457,90,108,-18,18
53458,83,83,0,0
53459,89,103,-14,14
53460,84,84,0,0
53461,72,78,-6,6
53462,65,71,-6,6
53463,93,90,3,3
53464,70,70,0,0
53465,68,72,-4,4
53466,128,141,-13,13
53467,102,84,18,18
53468,111,115,-4,4
53469,54,54,0,0
53470,94,104,-10,10
53471,102,97,5,5
53472,104,98,6,6
53473,90,92,-2,2
53474,96,102,-6,6
53475,119,142,-23,23
53476,80,84,-4,4
53477,77,78,-1,1
53478,228,269,-41,41
53479,134,117,17,17
53480,140,159,-19,19
53481,47,50,-3,3
53482,113,110,3,3
53483,58,57,1,1
53484,34,37,-3,3
53485,46,42,4,4
53486,68,62,6,6
53487,68,71,-3,3
53488,43,49,-6,6
53489,74,81,-7,7
53490,88,94,-6,6
53491,130,145,-15,15
53492,112,93,19,19
53493,91,85,6,6
53494,70,74,-4,4
53495,137,133,4,4
53496,67,60,7,7
53497,90,82,8,8
53498,137,125,12,12
53499,83,93,-10,10
53500,105,117,-12,12
53501,78,81,-3,3
53502,93,76,17,17
53503,88,82,6,6
53504,65,63,2,2
53505,105,96,9,9
53506,131,141,-10,10
53507,52,49,3,3
53508,48,51,-3,3
53509,127,135,-8,8
53510,70,82,-12,12
53511,62,58,4,4
53512,119,121,-2,2
53513,75,76,-1,1
53514,90,82,8,8
53515,60,71,-11,11
53516,133,126,7,7
53517,86,83,3,3
53518,77,85,-8,8
53519,81,81,0,0
53520,98,98,0,0
53521,101,105,-4,4
53522,70,73,-3,3
53523,86,77,9,9
53524,111,118,-7,7
53525,99,94,5,5
53526,62,63,-1,1
53527,111,115,-4,4
53528,57,59,-2,2
53529,93,93,0,0
53530,77,80,-3,3
53531,122,121,1,1
53532,96,101,-5,5
53533,52,56,-4,4
53534,66,60,6,6
53535,102,99,3,3
53536,79,94,-15,15
53537,83,94,-11,11
53538,90,92,-2,2
53539,117,114,3,3
53540,87,90,-3,3
53541,127,119,8,8
53542,50,57,-7,7
53543,62,63,-1,1
53544,63,73,-10,10
53545,80,74,6,6
53546,111,134,-23,23
53547,53,43,10,10
53548,105,106,-1,1
53549,97,89,8,8
53550,48,46,2,2
53551,66,72,-6,6
53552,113,114,-1,1
53553,142,139,3,3
53554,42,43,-1,1
53555,55,53,2,2
53556,111,101,10,10
53557,89,83,6,6
53558,76,89,-13,13
53559,126,119,7,7
53560,103,104,-1,1
53561,53,57,-4,4
53562,90,89,1,1
53563,66,60,6,6
53564,60,70,-10,10
53565,49,59,-10,10
53566,230,198,32,32
53567,64,55,9,9
53568,104,107,-3,3
53569,82,84,-2,2
53570,157,159,-2,2
53571,53,52,1,1
53572,93,98,-5,5
53573,76,72,4,4
53574,61,65,-4,4
53575,100,91,9,9
53576,52,59,-7,7
53577,69,70,-1,1
53578,117,117,0,0
53579,124,120,4,4
53580,100,107,-7,7
53581,149,133,16,16
53582,99,101,-2,2
53583,120,109,11,11
53584,79,86,-7,7
53585,177,181,-4,4
53586,62,62,0,0
53587,99,95,4,4
53588,157,150,7,7
53589,117,122,-5,5
53590,98,92,6,6
53591,68,66,2,2
53592,85,83,2,2
53593,91,98,-7,7
53594,106,100,6,6
53595,129,128,1,1
53596,134,124,10,10
53597,85,85,0,0
53598,122,128,-6,6
53599,89,89,0,0
53600,46,51,-5,5
53601,91,96,-5,5
53602,136,140,-4,4
53603,52,50,2,2
53604,98,106,-8,8
53605,98,91,7,7
53606,129,127,2,2
53607,49,48,1,1
53608,75,72,3,3
53609,70,75,-5,5
53610,102,99,3,3
53611,114,117,-3,3
53612,31,40,-9,9
53613,120,118,2,2
53614,108,105,3,3
53615,84,88,-4,4
53616,61,64,-3,3
53617,150,153,-3,3
53618,52,82,-30,30
53619,44,50,-6,6
53620,71,78,-7,7
53621,62,65,-3,3
53622,74,77,-3,3
53623,100,101,-1,1
53624,83,89,-6,6
53625,82,84,-2,2
53626,149,137,12,12
53627,113,125,-12,12
53628,99,91,8,8
53629,94,97,-3,3
53630,77,84,-7,7
53631,116,131,-15,15
53632,154,159,-5,5
53633,84,88,-4,4
53634,116,103,13,13
53635,169,165,4,4
53636,126,121,5,5
53637,31,37,-6,6
53638,84,86,-2,2
53639,81,79,2,2
53640,109,106,3,3
53641,96,98,-2,2
53642,78,78,0,0
53643,100,101,-1,1
53644,101,97,4,4
53645,63,71,-8,8
53646,118,117,1,1
53647,119,114,5,5
53648,70,64,6,6
53649,82,77,5,5
53650,57,54,3,3
53651,89,92,-3,3
53652,124,117,7,7
53653,67,67,0,0
53654,87,78,9,9
53655,115,110,5,5
53656,76,72,4,4
53657,63,67,-4,4
53658,105,101,4,4
53659,77,76,1,1
53660,124,131,-7,7
53661,84,79,5,5
53662,52,48,4,4
53663,55,56,-1,1
53664,120,115,5,5
53665,206,183,23,23
53666,67,72,-5,5
53667,93,97,-4,4
53668,67,67,0,0
53669,71,66,5,5
53670,87,76,11,11
53671,72,67,5,5
53672,108,107,1,1
53673,116,112,4,4
53674,62,58,4,4
53675,61,71,-10,10
53676,57,60,-3,3
53677,100,94,6,6
53678,78,72,6,6
53679,93,96,-3,3
53680,102,107,-5,5
53681,187,192,-5,5
53682,88,78,10,10
53683,100,106,-6,6
53684,169,168,1,1
53685,160,170,-10,10
53686,142,140,2,2
53687,146,149,-3,3
53688,81,84,-3,3
53689,41,46,-5,5
53690,111,95,16,16
53691,124,116,8,8
53692,114,121,-7,7
53693,133,141,-8,8
53694,88,78,10,10
53695,90,83,7,7
53696,76,77,-1,1
53697,83,92,-9,9
53698,130,127,3,3
53699,48,61,-13,13
53700,85,99,-14,14
53701,77,74,3,3
53702,130,132,-2,2
53703,118,104,14,14
53704,106,106,0,0
53705,67,71,-4,4
53706,111,115,-4,4
53707,94,89,5,5
53708,69,67,2,2
53709,76,92,-16,16
53710,96,90,6,6
53711,84,79,5,5
53712,144,127,17,17
53713,66,79,-13,13
53714,86,84,2,2
53715,56,63,-7,7
53716,103,116,-13,13
53717,154,148,6,6
53718,80,74,6,6
53719,89,90,-1,1
53720,63,71,-8,8
53721,90,91,-1,1
53722,102,89,13,13
53723,132,134,-2,2
53724,103,106,-3,3
53725,138,136,2,2
53726,107,102,5,5
53727,84,88,-4,4
53728,158,147,11,11
53729,143,146,-3,3
53730,83,87,-4,4
53731,101,91,10,10
53732,42,51,-9,9
53733,156,151,5,5
53734,96,102,-6,6
53735,124,133,-9,9
53736,91,92,-1,1
53737,139,136,3,3
53738,80,75,5,5
53739,95,91,4,4
53740,95,90,5,5
53741,83,90,-7,7
53742,88,93,-5,5
53743,120,125,-5,5
53744,79,80,-1,1
53745,114,110,4,4
53746,54,57,-3,3
53747,72,78,-6,6
53748,122,113,9,9
53749,125,127,-2,2
53750,100,98,2,2
53751,90,103,-13,13
53752,92,90,2,2
53753,85,81,4,4
53754,115,116,-1,1
53755,76,70,6,6
53756,94,107,-13,13
53757,128,118,10,10
53758,49,85,-36,36
53759,134,128,6,6
53760,114,115,-1,1
53761,75,73,2,2
53762,71,67,4,4
53763,131,129,2,2
53764,110,107,3,3
53765,113,109,4,4
53766,79,89,-10,10
53767,90,92,-2,2
53768,112,100,12,12
53769,92,92,0,0
53770,141,133,8,8
53771,46,50,-4,4
53772,103,104,-1,1
53773,124,129,-5,5
53774,98,94,4,4
53775,106,94,12,12
53776,95,85,10,10
53777,50,52,-2,2
53778,98,92,6,6
53779,127,126,1,1
53780,147,148,-1,1
53781,136,130,6,6
53782,68,65,3,3
53783,133,133,0,0
53784,112,114,-2,2
53785,73,69,4,4
53786,104,108,-4,4
53787,118,115,3,3
53788,84,93,-9,9
53789,66,66,0,0
53790,74,71,3,3
53791,71,63,8,8
53792,122,119,3,3
53793,88,87,1,1
53794,90,96,-6,6
53795,44,50,-6,6
53796,68,81,-13,13
53797,72,79,-7,7
53798,141,139,2,2
53799,84,111,-27,27
53800,120,115,5,5
53801,46,41,5,5
53802,59,59,0,0
53803,136,133,3,3
53804,47,50,-3,3
53805,57,61,-4,4
53806,64,76,-12,12
53807,114,98,16,16
53808,75,70,5,5
53809,72,73,-1,1
53810,58,54,4,4
53811,70,70,0,0
53812,146,141,5,5
53813,83,102,-19,19
53814,116,136,-20,20
53815,143,145,-2,2
53816,118,109,9,9
53817,200,187,13,13
53818,116,105,11,11
53819,124,117,7,7
53820,142,148,-6,6
53821,184,164,20,20
53822,137,132,5,5
53823,76,74,2,2
53824,96,92,4,4
53825,52,54,-2,2
53826,91,81,10,10
53827,55,55,0,0
53828,95,88,7,7
53829,59,61,-2,2
53830,145,149,-4,4
53831,84,68,16,16
53832,112,116,-4,4
53833,63,75,-12,12
53834,60,62,-2,2
53835,134,133,1,1
53836,88,79,9,9
53837,72,75,-3,3
53838,107,117,-10,10
53839,74,72,2,2
53840,94,82,12,12
53841,84,78,6,6
53842,55,77,-22,22
53843,30,40,-10,10
53844,31,44,-13,13
53845,77,84,-7,7
53846,74,74,0,0
53847,99,83,16,16
53848,148,144,4,4
53849,70,77,-7,7
53850,86,81,5,5
53851,124,143,-19,19
53852,144,145,-1,1
53853,77,71,6,6
53854,117,111,6,6
53855,78,72,6,6
53856,53,64,-11,11
53857,105,101,4,4
53858,79,65,14,14
53859,127,121,6,6
53860,94,88,6,6
53861,159,163,-4,4
53862,90,88,2,2
53863,71,73,-2,2
53864,156,148,8,8
53865,140,138,2,2
53866,57,45,12,12
53867,91,91,0,0
53868,61,61,0,0
53869,91,95,-4,4
53870,54,56,-2,2
53871,78,73,5,5
53872,133,118,15,15
53873,121,112,9,9
53874,151,153,-2,2
53875,119,118,1,1
53876,76,109,-33,33
53877,98,95,3,3
53878,97,97,0,0
53879,41,43,-2,2
53880,149,165,-16,16
53881,119,118,1,1
53882,80,81,-1,1
53883,67,64,3,3
53884,70,75,-5,5
53885,120,112,8,8
53886,125,126,-1,1
53887,76,78,-2,2
53888,77,82,-5,5
53889,89,92,-3,3
53890,63,59,4,4
53891,163,160,3,3
53892,51,46,5,5
53893,68,64,4,4
53894,131,134,-3,3
53895,109,113,-4,4
53896,61,55,6,6
53897,118,131,-13,13
53898,103,104,-1,1
53899,137,123,14,14
53900,93,91,2,2
53901,116,100,16,16
53902,61,65,-4,4
53903,80,83,-3,3
53904,88,88,0,0
53905,121,131,-10,10
53906,63,65,-2,2
53907,150,148,2,2
53908,130,127,3,3
53909,112,109,3,3
53910,48,55,-7,7
53911,159,161,-2,2
53912,75,72,3,3
53913,66,71,-5,5
53914,75,77,-2,2
53915,70,66,4,4
53916,80,77,3,3
53917,95,98,-3,3
53918,57,48,9,9
53919,79,72,7,7
53920,69,64,5,5
53921,60,59,1,1
53922,115,108,7,7
53923,121,99,22,22
53924,71,62,9,9
53925,88,81,7,7
53926,97,95,2,2
53927,56,61,-5,5
53928,107,99,8,8
53929,35,46,-11,11
53930,112,116,-4,4
53931,74,81,-7,7
53932,80,79,1,1
53933,89,100,-11,11
53934,81,90,-9,9
53935,142,141,1,1
53936,109,115,-6,6
53937,118,102,16,16
53938,93,90,3,3
53939,127,127,0,0
53940,84,85,-1,1
53941,135,136,-1,1
53942,128,130,-2,2
53943,88,81,7,7
53944,77,84,-7,7
53945,73,80,-7,7
53946,92,84,8,8
53947,163,167,-4,4
53948,117,111,6,6
53949,186,185,1,1
53950,118,126,-8,8
53951,79,67,12,12
53952,81,83,-2,2
53953,114,130,-16,16
53954,83,80,3,3
53955,89,79,10,10
53956,139,144,-5,5
53957,85,85,0,0
53958,52,56,-4,4
53959,112,102,10,10
53960,79,82,-3,3
53961,90,83,7,7
53962,102,102,0,0
53963,86,87,-1,1
53964,83,82,1,1
53965,149,140,9,9
53966,50,55,-5,5
53967,73,72,1,1
53968,66,64,2,2
53969,106,112,-6,6
53970,78,71,7,7
53971,85,87,-2,2
53972,97,112,-15,15
53973,50,49,1,1
53974,126,141,-15,15
53975,83,89,-6,6
53976,98,90,8,8
53977,75,74,1,1
53978,93,89,4,4
53979,143,137,6,6
53980,142,126,16,16
53981,55,60,-5,5
53982,68,64,4,4
53983,61,61,0,0
53984,68,64,4,4
53985,119,102,17,17
53986,85,81,4,4
53987,56,50,6,6
53988,105,117,-12,12
53989,74,75,-1,1
53990,61,61,0,0
53991,125,127,-2,2
53992,49,49,0,0
53993,117,127,-10,10
53994,109,117,-8,8
53995,108,125,-17,17
53996,153,167,-14,14
53997,59,54,5,5
53998,173,165,8,8
53999,90,89,1,1
54000,102,100,2,2
54001,53,57,-4,4
54002,91,98,-7,7
54003,162,133,29,29
54004,129,129,0,0
54005,110,111,-1,1
54006,80,73,7,7
54007,94,85,9,9
54008,107,105,2,2
54009,57,62,-5,5
54010,109,113,-4,4
54011,73,72,1,1
54012,229,213,16,16
54013,170,170,0,0
54014,70,60,10,10
54015,104,110,-6,6
54016,83,81,2,2
54017,101,97,4,4
54018,86,90,-4,4
54019,108,111,-3,3
54020,96,99,-3,3
54021,80,85,-5,5
54022,68,72,-4,4
54023,91,85,6,6
54024,112,115,-3,3
54025,122,119,3,3
54026,132,127,5,5
54027,96,97,-1,1
54028,81,88,-7,7
54029,80,94,-14,14
54030,101,96,5,5
54031,117,117,0,0
54032,100,95,5,5
54033,83,95,-12,12
54034,93,92,1,1
54035,103,103,0,0
54036,48,61,-13,13
54037,110,105,5,5
54038,128,120,8,8
54039,37,41,-4,4
54040,110,121,-11,11
54041,94,93,1,1
54042,127,145,-18,18
54043,70,65,5,5
54044,112,109,3,3
54045,189,197,-8,8
54046,95,105,-10,10
54047,123,131,-8,8
54048,152,154,-2,2
54049,85,84,1,1
54050,60,65,-5,5
54051,74,66,8,8
54052,89,90,-1,1
54053,97,96,1,1
54054,159,147,12,12
54055,90,90,0,0
54056,76,78,-2,2
54057,83,94,-11,11
54058,71,83,-12,12
54059,105,95,10,10
54060,102,103,-1,1
54061,161,148,13,13
54062,123,109,14,14
54063,85,83,2,2
54064,41,44,-3,3
54065,165,157,8,8
54066,60,94,-34,34
54067,123,128,-5,5
54068,59,56,3,3
54069,51,47,4,4
54070,160,163,-3,3
54071,134,150,-16,16
54072,87,94,-7,7
54073,91,91,0,0
54074,52,56,-4,4
54075,111,104,7,7
54076,139,153,-14,14
54077,65,71,-6,6
54078,96,92,4,4
54079,92,88,4,4
54080,77,87,-10,10
54081,106,116,-10,10
54082,194,193,1,1
54083,127,124,3,3
54084,121,106,15,15
54085,140,152,-12,12
54086,129,131,-2,2
54087,59,63,-4,4
54088,82,89,-7,7
54089,59,64,-5,5
54090,98,94,4,4
54091,214,195,19,19
54092,107,106,1,1
54093,122,127,-5,5
54094,75,72,3,3
54095,52,52,0,0
54096,129,123,6,6
54097,59,59,0,0
54098,64,61,3,3
54099,144,133,11,11
54100,99,100,-1,1
54101,156,147,9,9
54102,173,171,2,2
54103,82,83,-1,1
54104,145,131,14,14
54105,105,97,8,8
54106,102,113,-11,11
54107,69,71,-2,2
54108,51,52,-1,1
54109,44,48,-4,4
54110,30,37,-7,7
54111,118,108,10,10
54112,85,78,7,7
54113,70,71,-1,1
54114,61,74,-13,13
54115,69,66,3,3
54116,81,80,1,1
54117,68,63,5,5
54118,149,145,4,4
54119,47,61,-14,14
54120,53,60,-7,7
54121,143,142,1,1
54122,91,100,-9,9
54123,93,96,-3,3
54124,45,48,-3,3
54125,122,125,-3,3
54126,112,108,4,4
54127,165,154,11,11
54128,57,62,-5,5
54129,101,108,-7,7
54130,54,57,-3,3
54131,55,57,-2,2
54132,74,70,4,4
54133,95,95,0,0
54134,58,88,-30,30
54135,114,128,-14,14
54136,73,90,-17,17
54137,81,78,3,3
54138,63,57,6,6
54139,139,152,-13,13
54140,96,94,2,2
54141,111,109,2,2
54142,157,147,10,10
54143,167,171,-4,4
54144,166,144,22,22
54145,115,121,-6,6
54146,80,75,5,5
54147,166,143,23,23
54148,89,86,3,3
54149,69,63,6,6
54150,34,45,-11,11
54151,92,91,1,1
54152,81,87,-6,6
54153,131,135,-4,4
54154,65,70,-5,5
54155,107,110,-3,3
54156,61,64,-3,3
54157,77,84,-7,7
54158,92,95,-3,3
54159,175,181,-6,6
54160,154,156,-2,2
54161,101,107,-6,6
54162,96,91,5,5
54163,82,81,1,1
54164,72,71,1,1
54165,60,63,-3,3
54166,137,126,11,11
54167,44,51,-7,7
54168,77,71,6,6
54169,111,108,3,3
54170,41,52,-11,11
54171,119,110,9,9
54172,83,85,-2,2
54173,108,102,6,6
54174,128,114,14,14
54175,76,90,-14,14
54176,41,51,-10,10
54177,79,81,-2,2
54178,175,171,4,4
54179,115,105,10,10
54180,87,94,-7,7
54181,136,124,12,12
54182,76,74,2,2
54183,107,118,-11,11
54184,86,94,-8,8
54185,118,110,8,8
54186,98,92,6,6
54187,73,69,4,4
54188,176,167,9,9
54189,110,100,10,10
54190,73,68,5,5
54191,73,74,-1,1
54192,109,117,-8,8
54193,96,104,-8,8
54194,128,121,7,7
54195,65,63,2,2
54196,81,87,-6,6
54197,76,74,2,2
54198,81,88,-7,7
54199,55,49,6,6
54200,93,94,-1,1
54201,138,144,-6,6
54202,127,122,5,5
54203,110,91,19,19
54204,97,90,7,7
54205,106,114,-8,8
54206,70,74,-4,4
54207,84,102,-18,18
54208,103,99,4,4
54209,109,101,8,8
54210,82,78,4,4
54211,82,85,-3,3
54212,75,71,4,4
54213,96,93,3,3
54214,74,76,-2,2
54215,50,52,-2,2
54216,80,74,6,6
54217,129,141,-12,12
54218,127,133,-6,6
54219,101,116,-15,15
54220,94,89,5,5
54221,80,82,-2,2
54222,51,50,1,1
54223,98,97,1,1
54224,93,95,-2,2
54225,138,145,-7,7
54226,127,119,8,8
54227,115,112,3,3
54228,57,59,-2,2
54229,62,64,-2,2
54230,125,129,-4,4
54231,74,82,-8,8
54232,104,96,8,8
54233,112,114,-2,2
54234,101,97,4,4
54235,81,71,10,10
54236,58,62,-4,4
54237,98,86,12,12
54238,60,56,4,4
54239,60,63,-3,3
54240,119,109,10,10
54241,92,87,5,5
54242,79,86,-7,7
54243,72,73,-1,1
54244,59,63,-4,4
54245,53,54,-1,1
54246,133,128,5,5
54247,81,90,-9,9
54248,167,159,8,8
54249,110,107,3,3
54250,62,62,0,0
54251,77,75,2,2
54252,81,96,-15,15
54253,108,92,16,16
54254,107,99,8,8
54255,56,58,-2,2
54256,74,67,7,7
54257,55,67,-12,12
54258,41,43,-2,2
54259,95,90,5,5
54260,80,82,-2,2
54261,107,109,-2,2
54262,89,89,0,0
54263,69,66,3,3
54264,89,83,6,6
54265,125,116,9,9
54266,139,146,-7,7
54267,63,63,0,0
54268,79,86,-7,7
54269,111,121,-10,10
54270,80,84,-4,4
54271,89,98,-9,9
54272,65,59,6,6
54273,139,133,6,6
54274,105,101,4,4
54275,59,59,0,0
54276,108,100,8,8
54277,71,73,-2,2
54278,57,66,-9,9
54279,65,65,0,0
54280,66,63,3,3
54281,171,178,-7,7
54282,69,90,-21,21
54283,137,126,11,11
54284,62,65,-3,3
54285,92,92,0,0
54286,87,77,10,10
54287,131,127,4,4
54288,160,171,-11,11
54289,78,86,-8,8
54290,82,90,-8,8
54291,152,174,-22,22
54292,34,40,-6,6
54293,80,90,-10,10
54294,201,202,-1,1
54295,89,88,1,1
54296,88,93,-5,5
54297,137,134,3,3
54298,58,59,-1,1
54299,87,103,-16,16
54300,106,107,-1,1
54301,67,66,1,1
54302,57,52,5,5
54303,83,77,6,6
54304,105,95,10,10
54305,187,170,17,17
54306,92,91,1,1
54307,43,44,-1,1
54308,130,136,-6,6
54309,103,97,6,6
54310,79,79,0,0
54311,176,173,3,3
54312,120,113,7,7
54313,75,75,0,0
54314,75,70,5,5
54315,77,71,6,6
54316,87,85,2,2
54317,49,57,-8,8
54318,164,144,20,20
54319,142,133,9,9
54320,136,133,3,3
54321,51,55,-4,4
54322,79,80,-1,1
54323,173,171,2,2
54324,118,117,1,1
54325,75,73,2,2
54326,87,93,-6,6
54327,66,62,4,4
54328,67,67,0,0
54329,124,120,4,4
54330,62,63,-1,1
54331,88,94,-6,6
54332,87,88,-1,1
54333,125,132,-7,7
54334,107,86,21,21
54335,65,60,5,5
54336,50,55,-5,5
54337,80,73,7,7
54338,166,165,1,1
54339,142,138,4,4
54340,171,169,2,2
54341,57,56,1,1
54342,87,90,-3,3
54343,106,101,5,5
54344,95,102,-7,7
54345,108,98,10,10
54346,105,97,8,8
54347,112,110,2,2
54348,101,90,11,11
54349,89,86,3,3
54350,49,56,-7,7
54351,84,82,2,2
54352,101,103,-2,2
54353,66,65,1,1
54354,83,80,3,3
54355,58,57,1,1
54356,85,90,-5,5
54357,91,116,-25,25
54358,53,65,-12,12
54359,94,95,-1,1
54360,97,86,11,11
54361,76,74,2,2
54362,45,57,-12,12
54363,49,49,0,0
54364,150,152,-2,2
54365,104,100,4,4
54366,111,118,-7,7
54367,68,62,6,6
54368,93,99,-6,6
54369,100,105,-5,5
54370,107,109,-2,2
54371,121,125,-4,4
54372,60,71,-11,11
54373,134,136,-2,2
54374,127,124,3,3
54375,76,79,-3,3
54376,122,110,12,12
54377,71,65,6,6
54378,73,85,-12,12
54379,74,72,2,2
54380,133,133,0,0
54381,78,74,4,4
54382,60,73,-13,13
54383,112,128,-16,16
54384,87,92,-5,5
54385,105,98,7,7
54386,62,64,-2,2
54387,76,72,4,4
54388,124,118,6,6
54389,108,116,-8,8
54390,63,62,1,1
54391,192,186,6,6
54392,63,75,-12,12
54393,94,99,-5,5
54394,76,96,-20,20
54395,153,154,-1,1
54396,145,142,3,3
54397,118,127,-9,9
54398,144,153,-9,9
54399,80,88,-8,8
54400,81,76,5,5
54401,167,151,16,16
54402,112,92,20,20
54403,87,93,-6,6
54404,114,85,29,29
54405,96,100,-4,4
54406,72,72,0,0
54407,148,153,-5,5
54408,105,109,-4,4
54409,138,150,-12,12
54410,80,84,-4,4
54411,79,88,-9,9
54412,92,88,4,4
54413,104,108,-4,4
54414,60,73,-13,13
54415,179,173,6,6
54416,86,84,2,2
54417,32,46,-14,14
54418,134,115,19,19
54419,71,71,0,0
54420,93,96,-3,3
54421,112,113,-1,1
54422,117,117,0,0
54423,112,112,0,0
54424,83,87,-4,4
54425,111,115,-4,4
54426,143,143,0,0
54427,84,98,-14,14
54428,58,63,-5,5
54429,78,81,-3,3
54430,116,108,8,8
54431,120,112,8,8
54432,102,93,9,9
54433,155,93,62,62
54434,106,110,-4,4
54435,79,72,7,7
54436,111,119,-8,8
54437,72,72,0,0
54438,59,60,-1,1
54439,139,149,-10,10
54440,119,114,5,5
54441,100,97,3,3
54442,59,69,-10,10
54443,67,73,-6,6
54444,149,157,-8,8
54445,74,72,2,2
54446,96,101,-5,5
54447,196,203,-7,7
54448,144,147,-3,3
54449,101,96,5,5
54450,80,97,-17,17
54451,76,89,-13,13
54452,96,99,-3,3
54453,112,105,7,7
54454,73,96,-23,23
54455,126,132,-6,6
54456,92,89,3,3
54457,125,134,-9,9
54458,64,66,-2,2
54459,146,145,1,1
54460,77,96,-19,19
54461,148,149,-1,1
54462,126,128,-2,2
54463,95,103,-8,8
54464,58,53,5,5
54465,146,137,9,9
54466,148,139,9,9
54467,104,108,-4,4
54468,129,122,7,7
54469,60,53,7,7
54470,83,81,2,2
54471,67,56,11,11
54472,132,124,8,8
54473,82,91,-9,9
54474,34,53,-19,19
54475,76,85,-9,9
54476,116,126,-10,10
54477,119,124,-5,5
54478,96,101,-5,5
54479,138,134,4,4
54480,80,78,2,2
54481,109,114,-5,5
54482,103,100,3,3
54483,57,61,-4,4
54484,41,40,1,1
54485,121,122,-1,1
54486,87,83,4,4
54487,125,123,2,2
54488,82,91,-9,9
54489,36,43,-7,7
54490,63,59,4,4
54491,112,110,2,2
54492,90,83,7,7
54493,110,119,-9,9
54494,184,173,11,11
54495,97,99,-2,2
54496,64,71,-7,7
54497,115,106,9,9
54498,85,81,4,4
54499,60,61,-1,1
54500,68,77,-9,9
54501,118,119,-1,1
54502,56,65,-9,9
54503,49,63,-14,14
54504,92,96,-4,4
54505,62,60,2,2
54506,131,130,1,1
54507,125,125,0,0
54508,146,152,-6,6
54509,78,81,-3,3
54510,69,65,4,4
54511,76,73,3,3
54512,66,65,1,1
54513,71,74,-3,3
54514,97,104,-7,7
54515,264,263,1,1
54516,38,46,-8,8
54517,134,144,-10,10
54518,70,66,4,4
54519,67,68,-1,1
54520,128,125,3,3
54521,138,107,31,31
54522,101,118,-17,17
54523,76,76,0,0
54524,42,51,-9,9
54525,138,127,11,11
54526,126,122,4,4
54527,80,76,4,4
54528,61,57,4,4
54529,105,92,13,13
54530,113,116,-3,3
54531,96,97,-1,1
54532,97,100,-3,3
54533,74,87,-13,13
54534,129,134,-5,5
54535,83,78,5,5
54536,87,80,7,7
54537,72,67,5,5
54538,120,116,4,4
54539,95,119,-24,24
54540,62,63,-1,1
54541,54,60,-6,6
54542,80,84,-4,4
54543,109,99,10,10
54544,90,82,8,8
54545,30,34,-4,4
54546,103,102,1,1
54547,91,102,-11,11
54548,92,82,10,10
54549,79,87,-8,8
54550,120,120,0,0
54551,131,127,4,4
54552,91,95,-4,4
54553,64,60,4,4
54554,106,108,-2,2
54555,81,82,-1,1
54556,86,82,4,4
54557,190,198,-8,8
54558,80,76,4,4
54559,108,119,-11,11
54560,136,147,-11,11
54561,84,82,2,2
54562,122,124,-2,2
54563,80,76,4,4
54564,80,74,6,6
54565,143,141,2,2
54566,31,39,-8,8
54567,96,93,3,3
54568,74,63,11,11
54569,130,127,3,3
54570,99,96,3,3
54571,90,97,-7,7
54572,89,82,7,7
54573,122,108,14,14
54574,116,119,-3,3
54575,111,116,-5,5
54576,129,123,6,6
54577,97,102,-5,5
54578,122,107,15,15
54579,94,119,-25,25
54580,78,83,-5,5
54581,101,99,2,2
54582,77,86,-9,9
54583,99,107,-8,8
54584,91,110,-19,19
54585,74,75,-1,1
54586,120,119,1,1
54587,109,100,9,9
54588,54,60,-6,6
54589,105,97,8,8
54590,140,149,-9,9
54591,175,170,5,5
54592,103,93,10,10
54593,80,83,-3,3
54594,71,76,-5,5
54595,101,96,5,5
54596,91,92,-1,1
54597,75,84,-9,9
54598,51,54,-3,3
54599,59,59,0,0
54600,108,104,4,4
54601,198,182,16,16
54602,48,45,3,3
54603,117,116,1,1
54604,44,44,0,0
54605,105,106,-1,1
54606,78,81,-3,3
54607,92,100,-8,8
54608,89,87,2,2
54609,68,66,2,2
54610,50,57,-7,7
54611,83,75,8,8
54612,71,71,0,0
54613,96,119,-23,23
54614,146,137,9,9
54615,134,109,25,25
54616,73,98,-25,25
54617,84,110,-26,26
54618,86,93,-7,7
54619,152,145,7,7
54620,59,62,-3,3
54621,183,180,3,3
54622,50,54,-4,4
54623,83,82,1,1
54624,103,97,6,6
54625,63,61,2,2
54626,58,61,-3,3
54627,79,76,3,3
54628,65,90,-25,25
54629,50,59,-9,9
54630,89,81,8,8
54631,132,122,10,10
54632,91,100,-9,9
54633,79,82,-3,3
54634,89,81,8,8
54635,117,126,-9,9
54636,89,79,10,10
54637,109,116,-7,7
54638,124,120,4,4
54639,97,90,7,7
54640,131,133,-2,2
54641,86,87,-1,1
54642,77,78,-1,1
54643,96,102,-6,6
54644,94,91,3,3
54645,74,72,2,2
54646,129,127,2,2
54647,104,103,1,1
54648,113,124,-11,11
54649,99,100,-1,1
54650,63,50,13,13
54651,95,93,2,2
54652,68,78,-10,10
54653,194,173,21,21
54654,99,109,-10,10
54655,123,138,-15,15
54656,119,117,2,2
54657,108,96,12,12
54658,66,80,-14,14
54659,60,62,-2,2
54660,58,64,-6,6
54661,183,178,5,5
54662,190,190,0,0
54663,165,151,14,14
54664,80,88,-8,8
54665,166,163,3,3
54666,123,128,-5,5
54667,131,135,-4,4
54668,62,66,-4,4
54669,83,72,11,11
54670,125,116,9,9
54671,103,110,-7,7
54672,101,110,-9,9
54673,95,92,3,3
54674,59,61,-2,2
54675,107,102,5,5
54676,79,66,13,13
54677,87,81,6,6
54678,84,87,-3,3
54679,67,64,3,3
54680,75,71,4,4
54681,85,79,6,6
54682,89,81,8,8
54683,105,118,-13,13
54684,71,70,1,1
54685,150,138,12,12
54686,59,61,-2,2
54687,86,82,4,4
54688,85,85,0,0
54689,110,116,-6,6
54690,76,71,5,5
54691,100,104,-4,4
54692,109,101,8,8
54693,110,112,-2,2
54694,97,110,-13,13
54695,109,113,-4,4
54696,188,182,6,6
54697,52,57,-5,5
54698,56,61,-5,5
54699,87,89,-2,2
54700,72,72,0,0
54701,171,170,1,1
54702,109,105,4,4
54703,86,89,-3,3
54704,140,136,4,4
54705,113,110,3,3
54706,89,88,1,1
54707,102,99,3,3
54708,82,77,5,5
54709,87,82,5,5
54710,85,87,-2,2
54711,150,144,6,6
54712,151,139,12,12
54713,65,76,-11,11
54714,150,147,3,3
54715,102,102,0,0
54716,88,86,2,2
54717,108,113,-5,5
54718,38,51,-13,13
54719,123,124,-1,1
54720,92,79,13,13
54721,120,116,4,4
54722,108,101,7,7
54723,72,64,8,8
54724,62,55,7,7
54725,105,108,-3,3
54726,71,82,-11,11
54727,99,90,9,9
54728,88,89,-1,1
54729,79,90,-11,11
54730,86,85,1,1
54731,116,104,12,12
54732,74,80,-6,6
54733,93,98,-5,5
54734,198,183,15,15
54735,96,95,1,1
54736,78,77,1,1
54737,57,54,3,3
54738,45,51,-6,6
54739,140,139,1,1
54740,76,75,1,1
54741,88,94,-6,6
54742,127,131,-4,4
54743,50,58,-8,8
54744,101,111,-10,10
54745,71,77,-6,6
54746,141,133,8,8
54747,110,121,-11,11
54748,144,134,10,10
54749,114,125,-11,11
54750,66,63,3,3
54751,90,96,-6,6
54752,83,80,3,3
54753,143,131,12,12
54754,81,79,2,2
54755,41,37,4,4
54756,165,163,2,2
54757,92,101,-9,9
54758,43,67,-24,24
54759,84,76,8,8
54760,58,72,-14,14
54761,74,67,7,7
54762,102,85,17,17
54763,62,73,-11,11
54764,115,109,6,6
54765,93,103,-10,10
54766,155,143,12,12
54767,173,180,-7,7
54768,145,141,4,4
54769,75,77,-2,2
54770,116,107,9,9
54771,114,123,-9,9
54772,115,120,-5,5
54773,123,120,3,3
54774,86,103,-17,17
54775,95,90,5,5
54776,59,60,-1,1
54777,123,125,-2,2
54778,111,119,-8,8
54779,109,129,-20,20
54780,92,92,0,0
54781,118,133,-15,15
54782,42,45,-3,3
54783,65,65,0,0
54784,74,72,2,2
54785,144,149,-5,5
54786,139,136,3,3
54787,71,74,-3,3
54788,66,63,3,3
54789,81,81,0,0
54790,103,111,-8,8
54791,65,62,3,3
54792,137,154,-17,17
54793,86,91,-5,5
54794,64,49,15,15
54795,96,97,-1,1
54796,76,88,-12,12
54797,56,57,-1,1
54798,59,62,-3,3
54799,70,73,-3,3
54800,79,74,5,5
54801,92,90,2,2
54802,64,72,-8,8
54803,141,146,-5,5
54804,111,113,-2,2
54805,123,111,12,12
54806,55,61,-6,6
54807,58,59,-1,1
54808,105,88,17,17
54809,124,115,9,9
54810,76,73,3,3
54811,72,90,-18,18
54812,68,74,-6,6
54813,39,47,-8,8
54814,83,74,9,9
54815,90,85,5,5
54816,84,72,12,12
54817,131,117,14,14
54818,100,93,7,7
54819,68,71,-3,3
54820,199,184,15,15
54821,111,107,4,4
54822,63,58,5,5
54823,112,115,-3,3
54824,58,61,-3,3
54825,167,167,0,0
54826,167,159,8,8
54827,204,192,12,12
54828,88,92,-4,4
54829,112,121,-9,9
54830,109,111,-2,2
54831,74,62,12,12
54832,118,121,-3,3
54833,114,114,0,0
54834,52,54,-2,2
54835,79,77,2,2
54836,63,62,1,1
54837,34,41,-7,7
54838,75,74,1,1
54839,66,66,0,0
54840,165,178,-13,13
54841,140,108,32,32
54842,68,72,-4,4
54843,119,115,4,4
54844,109,107,2,2
54845,79,78,1,1
54846,96,84,12,12
54847,96,92,4,4
54848,58,56,2,2
54849,99,99,0,0
54850,68,73,-5,5
54851,61,58,3,3
54852,89,92,-3,3
54853,135,128,7,7
54854,60,61,-1,1
54855,92,92,0,0
54856,84,77,7,7
54857,84,85,-1,1
54858,94,97,-3,3
54859,101,112,-11,11
54860,119,116,3,3
54861,139,154,-15,15
54862,84,83,1,1
54863,204,172,32,32
54864,97,95,2,2
54865,79,87,-8,8
54866,101,107,-6,6
54867,86,83,3,3
54868,84,80,4,4
54869,67,70,-3,3
54870,98,101,-3,3
54871,79,78,1,1
54872,90,77,13,13
54873,62,61,1,1
54874,65,66,-1,1
54875,62,67,-5,5
54876,41,42,-1,1
54877,140,127,13,13
54878,167,159,8,8
54879,129,129,0,0
54880,170,193,-23,23
54881,76,76,0,0
54882,88,87,1,1
54883,57,56,1,1
54884,55,58,-3,3
54885,81,77,4,4
54886,142,137,5,5
54887,118,115,3,3
54888,66,63,3,3
54889,61,65,-4,4
54890,97,102,-5,5
54891,88,86,2,2
54892,101,101,0,0
54893,64,73,-9,9
54894,116,113,3,3
54895,90,84,6,6
54896,87,100,-13,13
54897,98,88,10,10
54898,111,115,-4,4
54899,67,62,5,5
54900,51,59,-8,8
54901,123,128,-5,5
54902,59,64,-5,5
54903,67,63,4,4
54904,48,50,-2,2
54905,52,63,-11,11
54906,180,191,-11,11
54907,61,63,-2,2
54908,162,156,6,6
54909,76,78,-2,2
54910,57,59,-2,2
54911,90,88,2,2
54912,55,64,-9,9
54913,103,115,-12,12
54914,72,80,-8,8
54915,70,59,11,11
54916,154,144,10,10
54917,113,119,-6,6
54918,108,107,1,1
54919,50,64,-14,14
54920,45,62,-17,17
54921,71,62,9,9
54922,132,127,5,5
54923,164,160,4,4
54924,100,101,-1,1
54925,46,44,2,2
54926,85,81,4,4
54927,88,82,6,6
54928,107,115,-8,8
54929,84,82,2,2
54930,48,50,-2,2
54931,98,101,-3,3
54932,154,150,4,4
54933,115,119,-4,4
54934,69,73,-4,4
54935,47,53,-6,6
54936,79,68,11,11
54937,74,70,4,4
54938,77,84,-7,7
54939,52,55,-3,3
54940,146,142,4,4
54941,74,82,-8,8
54942,122,120,2,2
54943,83,105,-22,22
54944,134,110,24,24
54945,113,120,-7,7
54946,113,111,2,2
54947,100,117,-17,17
54948,77,75,2,2
54949,91,87,4,4
54950,112,148,-36,36
54951,109,104,5,5
54952,97,92,5,5
54953,156,154,2,2
54954,128,122,6,6
54955,88,92,-4,4
54956,68,70,-2,2
54957,69,73,-4,4
54958,137,138,-1,1
54959,68,80,-12,12
54960,65,65,0,0
54961,93,90,3,3
54962,58,58,0,0
54963,55,62,-7,7
54964,121,119,2,2
54965,133,143,-10,10
54966,50,51,-1,1
54967,228,219,9,9
54968,101,96,5,5
54969,51,52,-1,1
54970,89,87,2,2
54971,63,75,-12,12
54972,70,80,-10,10
54973,41,40,1,1
54974,114,111,3,3
54975,65,71,-6,6
54976,83,86,-3,3
54977,61,60,1,1
54978,68,66,2,2
54979,107,111,-4,4
54980,70,149,-79,79
54981,122,109,13,13
54982,44,49,-5,5
54983,138,141,-3,3
54984,178,179,-1,1
54985,94,89,5,5
54986,107,97,10,10
54987,63,63,0,0
54988,84,95,-11,11
54989,124,119,5,5
54990,68,83,-15,15
54991,78,83,-5,5
54992,177,172,5,5
54993,49,59,-10,10
54994,60,55,5,5
54995,63,74,-11,11
54996,39,61,-22,22
54997,88,91,-3,3
54998,150,151,-1,1
54999,105,102,3,3
55000,88,82,6,6
55001,58,46,12,12
55002,47,49,-2,2
55003,135,124,11,11
55004,101,96,5,5
55005,61,61,0,0
55006,114,104,10,10
55007,75,72,3,3
55008,88,82,6,6
55009,69,65,4,4
55010,95,87,8,8
55011,120,138,-18,18
55012,148,163,-15,15
55013,80,78,2,2
55014,54,55,-1,1
55015,85,84,1,1
55016,123,95,28,28
55017,101,101,0,0
55018,108,117,-9,9
55019,62,63,-1,1
55020,68,83,-15,15
55021,55,58,-3,3
55022,103,106,-3,3
55023,115,111,4,4
55024,94,91,3,3
55025,77,78,-1,1
55026,146,137,9,9
55027,62,65,-3,3
55028,57,60,-3,3
55029,204,195,9,9
55030,52,63,-11,11
55031,111,129,-18,18
55032,67,65,2,2
55033,116,115,1,1
55034,168,170,-2,2
55035,47,49,-2,2
55036,75,67,8,8
55037,92,95,-3,3
55038,139,147,-8,8
55039,130,146,-16,16
55040,118,112,6,6
55041,72,76,-4,4
55042,90,97,-7,7
55043,104,82,22,22
55044,99,105,-6,6
55045,98,100,-2,2
55046,84,88,-4,4
55047,106,90,16,16
55048,69,67,2,2
55049,72,79,-7,7
55050,86,86,0,0
55051,122,113,9,9
55052,103,89,14,14
55053,113,119,-6,6
55054,70,61,9,9
55055,73,92,-19,19
55056,79,75,4,4
55057,102,96,6,6
55058,79,76,3,3
55059,67,66,1,1
55060,61,61,0,0
55061,78,84,-6,6
55062,83,80,3,3
55063,91,84,7,7
55064,49,58,-9,9
55065,64,63,1,1
55066,76,77,-1,1
55067,155,154,1,1
55068,90,89,1,1
55069,78,113,-35,35
55070,67,72,-5,5
55071,112,112,0,0
55072,90,89,1,1
55073,98,102,-4,4
55074,93,93,0,0
55075,103,105,-2,2
55076,64,67,-3,3
55077,94,98,-4,4
55078,58,61,-3,3
55079,76,82,-6,6
55080,153,147,6,6
55081,96,86,10,10
55082,151,154,-3,3
55083,60,65,-5,5
55084,87,77,10,10
55085,30,44,-14,14
55086,83,75,8,8
55087,107,117,-10,10
55088,114,106,8,8
55089,74,74,0,0
55090,99,115,-16,16
55091,120,119,1,1
55092,89,87,2,2
55093,215,212,3,3
55094,53,51,2,2
55095,74,74,0,0
55096,112,106,6,6
55097,76,80,-4,4
55098,69,67,2,2
55099,146,141,5,5
55100,92,90,2,2
55101,72,73,-1,1
55102,184,169,15,15
55103,50,52,-2,2
55104,82,76,6,6
55105,90,84,6,6
55106,152,141,11,11
55107,41,49,-8,8
55108,149,147,2,2
55109,83,81,2,2
55110,45,55,-10,10
55111,225,217,8,8
55112,169,165,4,4
55113,44,52,-8,8
55114,118,127,-9,9
55115,108,103,5,5
55116,125,123,2,2
55117,124,127,-3,3
55118,65,83,-18,18
55119,164,150,14,14
55120,138,140,-2,2
55121,87,86,1,1
55122,51,55,-4,4
55123,98,109,-11,11
55124,64,66,-2,2
55125,63,67,-4,4
55126,101,101,0,0
55127,90,87,3,3
55128,104,94,10,10
55129,140,137,3,3
55130,121,114,7,7
55131,107,108,-1,1
55132,85,89,-4,4
55133,116,119,-3,3
55134,55,63,-8,8
55135,74,83,-9,9
55136,178,146,32,32
55137,134,128,6,6
55138,62,64,-2,2
55139,113,113,0,0
55140,75,71,4,4
55141,84,80,4,4
55142,88,79,9,9
55143,68,78,-10,10
55144,46,51,-5,5
55145,150,172,-22,22
55146,99,87,12,12
55147,108,103,5,5
55148,118,86,32,32
55149,48,57,-9,9
55150,104,90,14,14
55151,73,62,11,11
55152,109,104,5,5
55153,62,64,-2,2
55154,91,78,13,13
55155,119,122,-3,3
55156,157,154,3,3
55157,117,112,5,5
55158,60,63,-3,3
55159,90,90,0,0
55160,102,103,-1,1
55161,100,93,7,7
55162,99,97,2,2
55163,108,98,10,10
55164,90,86,4,4
55165,120,119,1,1
55166,97,98,-1,1
55167,78,80,-2,2
55168,105,107,-2,2
55169,160,157,3,3
55170,143,135,8,8
55171,112,118,-6,6
55172,152,148,4,4
55173,153,145,8,8
55174,65,60,5,5
55175,66,68,-2,2
55176,63,64,-1,1
55177,55,80,-25,25
55178,75,75,0,0
55179,91,85,6,6
55180,81,77,4,4
55181,138,128,10,10
55182,120,112,8,8
55183,86,85,1,1
55184,75,74,1,1
55185,15,27,-12,12
55186,71,72,-1,1
55187,158,149,9,9
55188,102,89,13,13
55189,58,59,-1,1
55190,54,47,7,7
55191,77,86,-9,9
55192,82,77,5,5
55193,69,71,-2,2
55194,92,101,-9,9
55195,132,138,-6,6
55196,109,112,-3,3
55197,192,185,7,7
55198,62,62,0,0
55199,41,48,-7,7
55200,120,121,-1,1
55201,82,82,0,0
55202,116,111,5,5
55203,44,54,-10,10
55204,87,82,5,5
55205,63,71,-8,8
55206,75,78,-3,3
55207,106,97,9,9
55208,198,192,6,6
55209,87,81,6,6
55210,45,42,3,3
55211,95,91,4,4
55212,128,125,3,3
55213,72,71,1,1
55214,80,85,-5,5
55215,144,155,-11,11
55216,83,78,5,5
55217,138,139,-1,1
55218,107,98,9,9
55219,42,49,-7,7
55220,105,109,-4,4
55221,129,126,3,3
55222,78,79,-1,1
55223,157,142,15,15
55224,135,131,4,4
55225,38,38,0,0
55226,174,165,9,9
55227,83,84,-1,1
55228,79,72,7,7
55229,172,184,-12,12
55230,76,63,13,13
55231,106,88,18,18
55232,102,108,-6,6
55233,60,66,-6,6
55234,160,147,13,13
55235,58,60,-2,2
55236,66,70,-4,4
55237,93,89,4,4
55238,97,91,6,6
55239,99,109,-10,10
55240,232,237,-5,5
55241,111,102,9,9
55242,57,62,-5,5
55243,92,104,-12,12
55244,70,64,6,6
55245,58,72,-14,14
55246,58,56,2,2
55247,80,86,-6,6
55248,119,108,11,11
55249,111,107,4,4
55250,73,76,-3,3
55251,72,66,6,6
55252,98,90,8,8
55253,114,124,-10,10
55254,115,112,3,3
55255,180,46,134,134
55256,137,152,-15,15
55257,106,91,15,15
55258,116,116,0,0
55259,161,156,5,5
55260,53,57,-4,4
55261,160,152,8,8
55262,105,111,-6,6
55263,85,86,-1,1
55264,137,139,-2,2
55265,78,82,-4,4
55266,152,161,-9,9
55267,107,104,3,3
55268,61,64,-3,3
55269,113,106,7,7
55270,145,146,-1,1
55271,125,118,7,7
55272,63,63,0,0
55273,83,86,-3,3
55274,139,125,14,14
55275,79,75,4,4
55276,136,135,1,1
55277,77,78,-1,1
55278,101,92,9,9
55279,54,57,-3,3
55280,103,106,-3,3
55281,84,83,1,1
55282,62,64,-2,2
55283,149,157,-8,8
55284,52,55,-3,3
55285,143,146,-3,3
55286,185,181,4,4
55287,121,111,10,10
55288,93,107,-14,14
55289,89,85,4,4
55290,71,66,5,5
55291,96,89,7,7
55292,92,80,12,12
55293,132,127,5,5
55294,110,118,-8,8
55295,81,83,-2,2
55296,138,133,5,5
55297,121,128,-7,7
55298,136,126,10,10
55299,108,118,-10,10
55300,102,100,2,2
55301,107,119,-12,12
55302,123,121,2,2
55303,78,75,3,3
55304,123,130,-7,7
55305,191,177,14,14
55306,83,77,6,6
55307,66,66,0,0
55308,147,143,4,4
55309,75,72,3,3
55310,142,150,-8,8
55311,54,59,-5,5
55312,79,85,-6,6
55313,65,56,9,9
55314,69,66,3,3
55315,92,93,-1,1
55316,116,98,18,18
55317,138,116,22,22
55318,60,63,-3,3
55319,113,113,0,0
55320,107,110,-3,3
55321,71,80,-9,9
55322,87,81,6,6
55323,66,71,-5,5
55324,115,121,-6,6
55325,88,90,-2,2
55326,59,65,-6,6
55327,109,104,5,5
55328,101,103,-2,2
55329,99,88,11,11
55330,84,86,-2,2
55331,79,72,7,7
55332,144,127,17,17
55333,74,81,-7,7
55334,67,70,-3,3
55335,79,82,-3,3
55336,69,65,4,4
55337,64,71,-7,7
55338,74,66,8,8
55339,122,149,-27,27
55340,88,93,-5,5
55341,85,102,-17,17
55342,135,148,-13,13
55343,150,136,14,14
55344,120,119,1,1
55345,85,85,0,0
55346,87,94,-7,7
55347,69,76,-7,7
55348,136,128,8,8
55349,139,121,18,18
55350,81,81,0,0
55351,88,88,0,0
55352,117,116,1,1
55353,127,140,-13,13
55354,83,85,-2,2
55355,53,55,-2,2
55356,41,41,0,0
55357,97,98,-1,1
55358,169,168,1,1
55359,112,104,8,8
55360,38,45,-7,7
55361,84,81,3,3
55362,67,67,0,0
55363,92,86,6,6
55364,110,109,1,1
55365,88,99,-11,11
55366,78,77,1,1
55367,84,92,-8,8
55368,69,71,-2,2
55369,99,97,2,2
55370,101,112,-11,11
55371,86,86,0,0
55372,102,106,-4,4
55373,60,60,0,0
55374,54,58,-4,4
55375,111,119,-8,8
55376,138,132,6,6
55377,82,73,9,9
55378,96,115,-19,19
55379,62,65,-3,3
55380,161,163,-2,2
55381,73,78,-5,5
55382,92,89,3,3
55383,115,116,-1,1
55384,150,146,4,4
55385,78,79,-1,1
55386,93,91,2,2
55387,80,79,1,1
55388,88,97,-9,9
55389,89,87,2,2
55390,107,106,1,1
55391,76,70,6,6
55392,115,122,-7,7
55393,96,98,-2,2
55394,119,120,-1,1
55395,56,60,-4,4
55396,100,119,-19,19
55397,101,95,6,6
55398,89,83,6,6
55399,75,82,-7,7
55400,106,102,4,4
55401,68,71,-3,3
55402,69,64,5,5
55403,83,77,6,6
55404,85,91,-6,6
55405,130,132,-2,2
55406,64,62,2,2
55407,44,56,-12,12
55408,83,75,8,8
55409,54,94,-40,40
55410,130,118,12,12
55411,91,94,-3,3
55412,59,79,-20,20
55413,109,97,12,12
55414,145,143,2,2
55415,65,58,7,7
55416,50,48,2,2
55417,147,140,7,7
55418,90,96,-6,6
55419,143,147,-4,4
55420,97,95,2,2
55421,111,108,3,3
55422,63,60,3,3
55423,70,83,-13,13
55424,109,97,12,12
55425,108,122,-14,14
55426,149,146,3,3
55427,98,97,1,1
55428,137,135,2,2
55429,45,49,-4,4
55430,95,93,2,2
55431,59,71,-12,12
55432,71,65,6,6
55433,117,120,-3,3
55434,73,78,-5,5
55435,80,82,-2,2
55436,168,148,20,20
55437,149,160,-11,11
55438,53,53,0,0
55439,65,71,-6,6
55440,160,150,10,10
55441,83,83,0,0
55442,88,87,1,1
55443,98,85,13,13
55444,51,57,-6,6
55445,54,61,-7,7
55446,70,78,-8,8
55447,80,82,-2,2
55448,169,149,20,20
55449,109,107,2,2
55450,57,62,-5,5
55451,119,123,-4,4
55452,238,230,8,8
55453,132,135,-3,3
55454,78,83,-5,5
55455,88,84,4,4
55456,85,88,-3,3
55457,27,47,-20,20
55458,62,71,-9,9
55459,131,128,3,3
55460,138,132,6,6
55461,43,92,-49,49
55462,58,68,-10,10
55463,76,79,-3,3
55464,72,83,-11,11
55465,121,97,24,24
55466,107,103,4,4
55467,81,80,1,1
55468,49,66,-17,17
55469,113,106,7,7
55470,71,65,6,6
55471,44,47,-3,3
55472,81,78,3,3
55473,73,67,6,6
55474,85,89,-4,4
55475,100,97,3,3
55476,126,119,7,7
55477,96,92,4,4
55478,67,67,0,0
55479,114,126,-12,12
55480,97,81,16,16
55481,185,168,17,17
55482,55,58,-3,3
55483,177,183,-6,6
55484,85,84,1,1
55485,117,119,-2,2
55486,157,149,8,8
55487,129,123,6,6
55488,94,104,-10,10
55489,87,94,-7,7
55490,139,125,14,14
55491,121,121,0,0
55492,65,58,7,7
55493,58,66,-8,8
55494,98,94,4,4
55495,37,40,-3,3
55496,63,67,-4,4
55497,193,197,-4,4
55498,101,109,-8,8
55499,69,85,-16,16
55500,133,131,2,2
55501,121,110,11,11
55502,91,94,-3,3
55503,85,86,-1,1
55504,67,75,-8,8
55505,117,118,-1,1
55506,61,56,5,5
55507,61,60,1,1
55508,97,110,-13,13
55509,81,85,-4,4
55510,89,93,-4,4
55511,58,64,-6,6
55512,80,71,9,9
55513,96,86,10,10
55514,87,90,-3,3
55515,69,74,-5,5
55516,116,128,-12,12
55517,138,150,-12,12
55518,65,68,-3,3
55519,90,87,3,3
55520,87,86,1,1
55521,102,100,2,2
55522,79,93,-14,14
55523,146,152,-6,6
55524,130,121,9,9
55525,127,113,14,14
55526,96,91,5,5
55527,80,79,1,1
55528,132,138,-6,6
55529,115,105,10,10
55530,81,93,-12,12
55531,86,89,-3,3
55532,105,99,6,6
55533,130,128,2,2
55534,84,83,1,1
55535,52,99,-47,47
55536,72,65,7,7
55537,82,81,1,1
55538,115,115,0,0
55539,100,97,3,3
55540,102,103,-1,1
55541,107,110,-3,3
55542,116,117,-1,1
55543,61,57,4,4
55544,95,99,-4,4
55545,78,74,4,4
55546,78,83,-5,5
55547,79,72,7,7
55548,82,84,-2,2
55549,71,77,-6,6
55550,128,124,4,4
55551,89,93,-4,4
55552,115,138,-23,23
55553,83,74,9,9
55554,80,73,7,7
55555,79,95,-16,16
55556,69,82,-13,13
55557,123,119,4,4
55558,67,73,-6,6
55559,135,132,3,3
55560,134,161,-27,27
55561,133,130,3,3
55562,52,56,-4,4
55563,175,170,5,5
55564,95,86,9,9
55565,122,121,1,1
55566,74,71,3,3
55567,73,78,-5,5
55568,53,58,-5,5
55569,69,73,-4,4
55570,103,113,-10,10
55571,45,48,-3,3
55572,107,102,5,5
55573,49,54,-5,5
55574,132,122,10,10
55575,89,87,2,2
55576,62,63,-1,1
55577,109,111,-2,2
55578,81,80,1,1
55579,72,81,-9,9
55580,52,50,2,2
55581,74,74,0,0
55582,36,43,-7,7
55583,68,71,-3,3
55584,73,77,-4,4
55585,89,90,-1,1
55586,63,59,4,4
55587,69,77,-8,8
55588,103,110,-7,7
55589,53,60,-7,7
55590,103,108,-5,5
55591,108,100,8,8
55592,109,164,-55,55
55593,187,195,-8,8
55594,69,72,-3,3
55595,124,119,5,5
55596,117,120,-3,3
55597,94,92,2,2
55598,44,40,4,4
55599,120,115,5,5
55600,140,142,-2,2
55601,131,125,6,6
55602,100,108,-8,8
55603,147,152,-5,5
55604,55,50,5,5
55605,126,134,-8,8
55606,84,90,-6,6
55607,81,83,-2,2
55608,110,91,19,19
55609,68,71,-3,3
55610,90,94,-4,4
55611,79,81,-2,2
55612,108,112,-4,4
55613,69,73,-4,4
55614,67,60,7,7
55615,151,158,-7,7
55616,121,117,4,4
55617,67,74,-7,7
55618,100,91,9,9
55619,105,108,-3,3
55620,105,117,-12,12
55621,92,101,-9,9
55622,107,113,-6,6
55623,163,161,2,2
55624,110,107,3,3
55625,115,111,4,4
55626,93,86,7,7
55627,143,138,5,5
55628,105,84,21,21
55629,102,94,8,8
55630,54,52,2,2
55631,117,120,-3,3
55632,94,88,6,6
55633,121,108,13,13
55634,51,52,-1,1
55635,93,101,-8,8
55636,136,141,-5,5
55637,75,70,5,5
55638,83,72,11,11
55639,90,86,4,4
55640,110,109,1,1
55641,69,70,-1,1
55642,110,108,2,2
55643,78,84,-6,6
55644,85,80,5,5
55645,89,90,-1,1
55646,86,99,-13,13
55647,106,112,-6,6
55648,102,101,1,1
55649,52,57,-5,5
55650,207,216,-9,9
55651,93,87,6,6
55652,113,116,-3,3
55653,97,100,-3,3
55654,80,89,-9,9
55655,118,130,-12,12
55656,90,91,-1,1
55657,88,99,-11,11
55658,96,100,-4,4
55659,103,109,-6,6
55660,65,66,-1,1
55661,48,49,-1,1
55662,85,75,10,10
55663,104,102,2,2
55664,54,57,-3,3
55665,89,79,10,10
55666,132,136,-4,4
55667,83,85,-2,2
55668,80,81,-1,1
55669,76,84,-8,8
55670,67,63,4,4
55671,89,88,1,1
55672,149,150,-1,1
55673,106,116,-10,10
55674,149,153,-4,4
55675,52,60,-8,8
55676,58,64,-6,6
55677,70,75,-5,5
55678,78,78,0,0
55679,212,199,13,13
55680,105,97,8,8
55681,101,89,12,12
55682,107,100,7,7
55683,145,143,2,2
55684,77,77,0,0
55685,108,98,10,10
55686,97,96,1,1
55687,90,80,10,10
55688,104,106,-2,2
55689,99,95,4,4
55690,94,89,5,5
55691,105,113,-8,8
55692,69,74,-5,5
55693,81,90,-9,9
55694,88,87,1,1
55695,112,120,-8,8
55696,93,98,-5,5
55697,130,133,-3,3
55698,145,128,17,17
55699,130,126,4,4
55700,62,79,-17,17
55701,99,102,-3,3
55702,67,65,2,2
55703,129,119,10,10
55704,72,75,-3,3
55705,96,92,4,4
55706,76,79,-3,3
55707,102,98,4,4
55708,81,80,1,1
55709,157,158,-1,1
55710,100,104,-4,4
55711,122,119,3,3
55712,65,66,-1,1
55713,82,75,7,7
55714,95,89,6,6
55715,133,142,-9,9
55716,108,110,-2,2
55717,81,83,-2,2
55718,91,92,-1,1
55719,134,129,5,5
55720,146,142,4,4
55721,93,97,-4,4
55722,53,56,-3,3
55723,108,102,6,6
55724,93,91,2,2
55725,99,90,9,9
55726,158,152,6,6
55727,66,75,-9,9
55728,66,65,1,1
55729,83,89,-6,6
55730,103,97,6,6
55731,54,59,-5,5
55732,144,139,5,5
55733,88,100,-12,12
55734,105,96,9,9
55735,115,110,5,5
55736,125,119,6,6
55737,67,75,-8,8
55738,193,176,17,17
55739,127,105,22,22
55740,29,54,-25,25
55741,86,84,2,2
55742,121,127,-6,6
55743,94,86,8,8
55744,125,116,9,9
55745,174,180,-6,6
55746,163,159,4,4
55747,128,115,13,13
55748,155,147,8,8
55749,123,132,-9,9
55750,100,100,0,0
55751,80,87,-7,7
55752,121,117,4,4
55753,31,36,-5,5
55754,96,87,9,9
55755,80,77,3,3
55756,83,81,2,2
55757,82,81,1,1
55758,97,102,-5,5
55759,72,74,-2,2
55760,69,74,-5,5
55761,86,87,-1,1
55762,73,91,-18,18
55763,100,104,-4,4
55764,66,70,-4,4
55765,83,72,11,11
55766,92,103,-11,11
55767,68,62,6,6
55768,118,125,-7,7
55769,97,113,-16,16
55770,62,65,-3,3
55771,78,74,4,4
55772,48,53,-5,5
55773,98,97,1,1
55774,71,73,-2,2
55775,62,70,-8,8
55776,45,59,-14,14
55777,122,125,-3,3
55778,91,87,4,4
55779,71,142,-71,71
55780,68,66,2,2
55781,118,123,-5,5
55782,79,84,-5,5
55783,120,127,-7,7
55784,134,146,-12,12
55785,72,76,-4,4
55786,92,88,4,4
55787,49,69,-20,20
55788,100,104,-4,4
55789,90,96,-6,6
55790,71,74,-3,3
55791,83,88,-5,5
55792,71,73,-2,2
55793,90,95,-5,5
55794,168,172,-4,4
55795,68,85,-17,17
55796,50,56,-6,6
55797,59,57,2,2
55798,52,57,-5,5
55799,104,105,-1,1
55800,95,102,-7,7
55801,57,64,-7,7
55802,211,214,-3,3
55803,58,57,1,1
55804,125,123,2,2
55805,99,100,-1,1
55806,88,99,-11,11
55807,182,171,11,11
55808,99,102,-3,3
55809,66,60,6,6
55810,169,161,8,8
55811,105,99,6,6
55812,92,97,-5,5
55813,110,110,0,0
55814,111,105,6,6
55815,95,91,4,4
55816,74,74,0,0
55817,135,122,13,13
55818,51,95,-44,44
55819,78,74,4,4
55820,118,110,8,8
55821,118,121,-3,3
55822,104,105,-1,1
55823,37,46,-9,9
55824,96,93,3,3
55825,93,88,5,5
55826,60,88,-28,28
55827,102,100,2,2
55828,112,117,-5,5
55829,73,83,-10,10
55830,142,132,10,10
55831,67,64,3,3
55832,69,65,4,4
55833,103,183,-80,80
55834,42,72,-30,30
55835,99,85,14,14
55836,181,171,10,10
55837,94,89,5,5
55838,83,85,-2,2
55839,98,85,13,13
55840,151,139,12,12
55841,149,133,16,16
55842,92,97,-5,5
55843,129,144,-15,15
55844,79,76,3,3
55845,119,125,-6,6
55846,159,155,4,4
55847,63,71,-8,8
55848,74,76,-2,2
55849,141,147,-6,6
55850,133,129,4,4
55851,106,103,3,3
55852,180,176,4,4
55853,152,135,17,17
55854,85,81,4,4
55855,118,112,6,6
55856,127,125,2,2
55857,143,153,-10,10
55858,80,89,-9,9
55859,123,125,-2,2
55860,131,129,2,2
55861,53,45,8,8
55862,83,77,6,6
55863,97,90,7,7
55864,120,125,-5,5
55865,71,71,0,0
55866,127,115,12,12
55867,68,71,-3,3
55868,79,81,-2,2
55869,104,117,-13,13
55870,139,148,-9,9
55871,143,157,-14,14
55872,102,113,-11,11
55873,75,71,4,4
55874,105,113,-8,8
55875,71,62,9,9
55876,52,50,2,2
55877,73,71,2,2
55878,95,86,9,9
55879,84,76,8,8
55880,77,79,-2,2
55881,63,74,-11,11
55882,80,90,-10,10
55883,111,107,4,4
55884,146,135,11,11
55885,136,151,-15,15
55886,58,54,4,4
55887,77,77,0,0
55888,74,99,-25,25
55889,157,158,-1,1
55890,113,120,-7,7
55891,88,88,0,0
55892,98,98,0,0
55893,70,73,-3,3
55894,70,81,-11,11
55895,95,94,1,1
55896,113,99,14,14
55897,65,64,1,1
55898,82,74,8,8
55899,89,93,-4,4
55900,90,85,5,5
55901,75,95,-20,20
55902,73,66,7,7
55903,45,53,-8,8
55904,75,87,-12,12
55905,89,84,5,5
55906,127,116,11,11
55907,189,195,-6,6
55908,132,130,2,2
55909,95,92,3,3
55910,113,108,5,5
55911,81,81,0,0
55912,121,127,-6,6
55913,73,75,-2,2
55914,107,101,6,6
55915,72,67,5,5
55916,110,117,-7,7
55917,69,71,-2,2
55918,149,142,7,7
55919,63,65,-2,2
55920,115,114,1,1
55921,105,100,5,5
55922,88,90,-2,2
55923,65,70,-5,5
55924,87,91,-4,4
55925,94,102,-8,8
55926,125,125,0,0
55927,93,85,8,8
55928,112,107,5,5
55929,103,91,12,12
55930,117,114,3,3
55931,95,96,-1,1
55932,76,72,4,4
55933,94,105,-11,11
55934,50,51,-1,1
55935,115,121,-6,6
55936,105,100,5,5
55937,108,100,8,8
55938,141,145,-4,4
55939,102,105,-3,3
55940,58,71,-13,13
55941,108,108,0,0
55942,89,82,7,7
55943,71,78,-7,7
55944,59,58,1,1
55945,89,85,4,4
55946,57,58,-1,1
55947,106,99,7,7
55948,161,147,14,14
55949,92,88,4,4
55950,66,71,-5,5
55951,82,82,0,0
55952,84,74,10,10
55953,115,106,9,9
55954,110,111,-1,1
55955,135,133,2,2
55956,93,92,1,1
55957,134,155,-21,21
55958,105,96,9,9
55959,79,75,4,4
55960,25,35,-10,10
55961,124,132,-8,8
55962,29,39,-10,10
55963,96,84,12,12
55964,125,124,1,1
55965,52,54,-2,2
55966,101,101,0,0
55967,70,71,-1,1
55968,98,92,6,6
55969,77,71,6,6
55970,167,156,11,11
55971,82,81,1,1
55972,91,89,2,2
55973,70,68,2,2
55974,74,74,0,0
55975,121,123,-2,2
55976,46,74,-28,28
55977,76,78,-2,2
55978,111,118,-7,7
55979,58,54,4,4
55980,65,63,2,2
55981,53,53,0,0
55982,109,122,-13,13
55983,80,82,-2,2
55984,88,89,-1,1
55985,110,109,1,1
55986,98,91,7,7
55987,97,109,-12,12
55988,128,121,7,7
55989,144,138,6,6
55990,82,86,-4,4
55991,131,130,1,1
55992,100,95,5,5
55993,95,99,-4,4
55994,108,105,3,3
55995,82,83,-1,1
55996,73,65,8,8
55997,94,99,-5,5
55998,99,111,-12,12
55999,88,85,3,3
56000,157,162,-5,5
56001,75,76,-1,1
56002,95,97,-2,2
56003,82,78,4,4
56004,160,181,-21,21
56005,146,145,1,1
56006,166,181,-15,15
56007,76,75,1,1
56008,139,140,-1,1
56009,110,110,0,0
56010,118,127,-9,9
56011,122,118,4,4
56012,50,61,-11,11
56013,59,60,-1,1
56014,112,113,-1,1
56015,108,125,-17,17
56016,42,44,-2,2
56017,112,117,-5,5
56018,126,118,8,8
56019,88,97,-9,9
56020,121,110,11,11
56021,83,80,3,3
56022,95,106,-11,11
56023,98,90,8,8
56024,104,108,-4,4
56025,66,67,-1,1
56026,129,131,-2,2
56027,85,79,6,6
56028,101,104,-3,3
56029,68,73,-5,5
56030,86,89,-3,3
56031,79,76,3,3
56032,91,93,-2,2
56033,113,126,-13,13
56034,149,144,5,5
56035,76,77,-1,1
56036,107,111,-4,4
56037,110,112,-2,2
56038,75,80,-5,5
56039,100,105,-5,5
56040,110,119,-9,9
56041,115,113,2,2
56042,128,128,0,0
56043,177,169,8,8
56044,105,100,5,5
56045,79,148,-69,69
56046,126,127,-1,1
56047,135,143,-8,8
56048,66,63,3,3
56049,148,144,4,4
56050,128,127,1,1
56051,106,95,11,11
56052,99,83,16,16
56053,73,63,10,10
56054,64,66,-2,2
56055,98,126,-28,28
56056,111,108,3,3
56057,124,129,-5,5
56058,117,114,3,3
56059,94,92,2,2
56060,86,80,6,6
56061,80,76,4,4
56062,105,112,-7,7
56063,77,81,-4,4
56064,101,102,-1,1
56065,118,114,4,4
56066,130,115,15,15
56067,97,99,-2,2
56068,77,78,-1,1
56069,76,79,-3,3
56070,122,130,-8,8
56071,116,142,-26,26
56072,67,79,-12,12
56073,109,102,7,7
56074,62,64,-2,2
56075,95,82,13,13
56076,130,128,2,2
56077,49,72,-23,23
56078,64,63,1,1
56079,84,85,-1,1
56080,147,132,15,15
56081,121,110,11,11
56082,158,161,-3,3
56083,105,96,9,9
56084,99,102,-3,3
56085,108,114,-6,6
56086,159,159,0,0
56087,87,85,2,2
56088,128,141,-13,13
56089,58,67,-9,9
56090,110,112,-2,2
56091,187,185,2,2
56092,87,90,-3,3
56093,143,151,-8,8
56094,84,75,9,9
56095,132,141,-9,9
56096,74,72,2,2
56097,109,113,-4,4
56098,86,106,-20,20
56099,111,109,2,2
56100,49,47,2,2
56101,73,73,0,0
56102,125,137,-12,12
56103,75,73,2,2
56104,78,77,1,1
56105,99,98,1,1
56106,103,115,-12,12
56107,106,101,5,5
56108,57,57,0,0
56109,139,137,2,2
56110,90,84,6,6
56111,67,64,3,3
56112,60,63,-3,3
56113,46,44,2,2
56114,56,61,-5,5
56115,135,129,6,6
56116,52,63,-11,11
56117,102,96,6,6
56118,79,80,-1,1
56119,75,78,-3,3
56120,118,121,-3,3
56121,107,114,-7,7
56122,24,30,-6,6
56123,102,99,3,3
56124,78,81,-3,3
56125,94,83,11,11
56126,109,94,15,15
56127,139,140,-1,1
56128,105,112,-7,7
56129,155,152,3,3
56130,53,53,0,0
56131,82,91,-9,9
56132,159,171,-12,12
56133,105,101,4,4
56134,102,104,-2,2
56135,78,79,-1,1
56136,67,65,2,2
56137,149,150,-1,1
56138,84,88,-4,4
56139,87,96,-9,9
56140,132,145,-13,13
56141,83,79,4,4
56142,75,75,0,0
56143,99,96,3,3
56144,77,87,-10,10
56145,97,90,7,7
56146,132,111,21,21
56147,105,114,-9,9
56148,105,91,14,14
56149,59,57,2,2
56150,69,66,3,3
56151,120,119,1,1
56152,59,62,-3,3
56153,105,96,9,9
56154,81,82,-1,1
56155,156,161,-5,5
56156,62,65,-3,3
56157,63,64,-1,1
56158,156,144,12,12
56159,48,142,-94,94
56160,81,83,-2,2
56161,78,81,-3,3
56162,72,67,5,5
56163,110,110,0,0
56164,76,82,-6,6
56165,82,82,0,0
56166,76,75,1,1
56167,106,101,5,5
56168,109,120,-11,11
56169,96,90,6,6
56170,129,138,-9,9
56171,71,71,0,0
56172,124,141,-17,17
56173,107,106,1,1
56174,97,96,1,1
56175,113,102,11,11
56176,152,148,4,4
56177,91,109,-18,18
56178,78,77,1,1
56179,158,151,7,7
56180,117,116,1,1
56181,97,99,-2,2
56182,83,80,3,3
56183,132,131,1,1
56184,79,82,-3,3
56185,101,107,-6,6
56186,135,127,8,8
56187,96,72,24,24
56188,82,74,8,8
56189,70,77,-7,7
56190,110,107,3,3
56191,141,131,10,10
56192,61,59,2,2
56193,97,91,6,6
56194,119,98,21,21
56195,67,71,-4,4
56196,92,106,-14,14
56197,84,72,12,12
56198,65,67,-2,2
56199,84,90,-6,6
56200,124,117,7,7
56201,135,138,-3,3
56202,146,138,8,8
56203,109,118,-9,9
56204,145,152,-7,7
56205,89,83,6,6
56206,136,135,1,1
56207,85,82,3,3
56208,55,60,-5,5
56209,92,101,-9,9
56210,61,63,-2,2
56211,132,126,6,6
56212,65,68,-3,3
56213,112,117,-5,5
56214,107,100,7,7
56215,48,46,2,2
56216,55,59,-4,4
56217,109,107,2,2
56218,136,131,5,5
56219,94,100,-6,6
56220,45,47,-2,2
56221,139,132,7,7
56222,72,78,-6,6
56223,156,142,14,14
56224,58,63,-5,5
56225,96,85,11,11
56226,83,83,0,0
56227,94,91,3,3
56228,29,32,-3,3
56229,124,123,1,1
56230,71,75,-4,4
56231,146,135,11,11
56232,97,89,8,8
56233,104,106,-2,2
56234,32,41,-9,9
56235,140,136,4,4
56236,57,55,2,2
56237,112,113,-1,1
56238,70,76,-6,6
56239,92,85,7,7
56240,57,63,-6,6
56241,107,117,-10,10
56242,76,77,-1,1
56243,81,81,0,0
56244,115,127,-12,12
56245,22,66,-44,44
56246,96,101,-5,5
56247,84,93,-9,9
56248,103,102,1,1
56249,126,113,13,13
56250,76,74,2,2
56251,159,147,12,12
56252,74,66,8,8
56253,87,79,8,8
56254,46,55,-9,9
56255,33,38,-5,5
56256,76,66,10,10
56257,98,97,1,1
56258,73,70,3,3
56259,105,100,5,5
56260,51,59,-8,8
56261,94,82,12,12
56262,54,73,-19,19
56263,86,91,-5,5
56264,60,65,-5,5
56265,144,139,5,5
56266,74,64,10,10
56267,90,85,5,5
56268,100,105,-5,5
56269,107,118,-11,11
56270,129,116,13,13
56271,133,127,6,6
56272,70,74,-4,4
56273,101,96,5,5
56274,60,66,-6,6
56275,200,186,14,14
56276,64,60,4,4
56277,143,139,4,4
56278,90,89,1,1
56279,72,67,5,5
56280,85,90,-5,5
56281,136,140,-4,4
56282,94,105,-11,11
56283,135,123,12,12
56284,102,97,5,5
56285,71,83,-12,12
56286,74,75,-1,1
56287,122,131,-9,9
56288,86,85,1,1
56289,40,45,-5,5
56290,109,118,-9,9
56291,113,112,1,1
56292,110,108,2,2
56293,68,73,-5,5
56294,130,135,-5,5
56295,89,93,-4,4
56296,106,110,-4,4
56297,98,100,-2,2
56298,71,59,12,12
56299,128,135,-7,7
56300,158,144,14,14
56301,82,81,1,1
56302,42,45,-3,3
56303,67,66,1,1
56304,107,118,-11,11
56305,77,78,-1,1
56306,113,120,-7,7
56307,73,72,1,1
56308,189,191,-2,2
56309,101,102,-1,1
56310,117,132,-15,15
56311,113,116,-3,3
56312,81,77,4,4
56313,113,111,2,2
56314,108,103,5,5
56315,133,145,-12,12
56316,117,117,0,0
56317,119,118,1,1
56318,72,70,2,2
56319,72,85,-13,13
56320,105,110,-5,5
56321,70,68,2,2
56322,66,61,5,5
56323,152,141,11,11
56324,89,85,4,4
56325,20,17,3,3
56326,72,75,-3,3
56327,89,85,4,4
56328,83,91,-8,8
56329,121,139,-18,18
56330,119,114,5,5
56331,101,100,1,1
56332,84,85,-1,1
56333,78,85,-7,7
56334,166,159,7,7
56335,117,115,2,2
56336,141,146,-5,5
56337,123,123,0,0
56338,162,161,1,1
56339,50,54,-4,4
56340,60,55,5,5
56341,86,90,-4,4
56342,70,70,0,0
56343,129,134,-5,5
56344,65,69,-4,4
56345,75,84,-9,9
56346,91,72,19,19
56347,55,59,-4,4
56348,82,85,-3,3
56349,102,108,-6,6
56350,74,73,1,1
56351,84,83,1,1
56352,128,122,6,6
56353,91,92,-1,1
56354,120,120,0,0
56355,85,89,-4,4
56356,108,121,-13,13
56357,72,72,0,0
56358,90,81,9,9
56359,85,92,-7,7
56360,112,111,1,1
56361,148,157,-9,9
56362,105,112,-7,7
56363,44,61,-17,17
56364,42,54,-12,12
56365,103,93,10,10
56366,93,77,16,16
56367,63,62,1,1
56368,169,185,-16,16
56369,65,65,0,0
56370,74,76,-2,2
56371,99,102,-3,3
56372,129,134,-5,5
56373,93,92,1,1
56374,139,136,3,3
56375,64,113,-49,49
56376,93,89,4,4
56377,53,71,-18,18
56378,110,109,1,1
56379,97,96,1,1
56380,170,166,4,4
56381,56,67,-11,11
56382,172,180,-8,8
56383,71,70,1,1
56384,161,151,10,10
56385,130,139,-9,9
56386,101,105,-4,4
56387,107,108,-1,1
56388,101,103,-2,2
56389,64,70,-6,6
56390,75,74,1,1
56391,128,134,-6,6
56392,80,79,1,1
56393,129,131,-2,2
56394,54,61,-7,7
56395,71,77,-6,6
56396,55,49,6,6
56397,91,95,-4,4
56398,119,115,4,4
56399,94,92,2,2
56400,158,150,8,8
56401,60,64,-4,4
56402,158,164,-6,6
56403,56,53,3,3
56404,121,125,-4,4
56405,79,72,7,7
56406,120,115,5,5
56407,64,68,-4,4
56408,62,80,-18,18
56409,80,78,2,2
56410,135,130,5,5
56411,102,125,-23,23
56412,115,110,5,5
56413,142,150,-8,8
56414,115,133,-18,18
56415,119,129,-10,10
56416,138,139,-1,1
56417,97,90,7,7
56418,80,76,4,4
56419,97,100,-3,3
56420,111,116,-5,5
56421,91,92,-1,1
56422,95,104,-9,9
56423,91,96,-5,5
56424,101,89,12,12
56425,130,131,-1,1
56426,89,91,-2,2
56427,86,96,-10,10
56428,178,169,9,9
56429,168,166,2,2
56430,63,59,4,4
56431,69,63,6,6
56432,186,174,12,12
56433,143,137,6,6
56434,76,64,12,12
56435,87,93,-6,6
56436,46,53,-7,7
56437,81,85,-4,4
56438,43,46,-3,3
56439,125,126,-1,1
56440,190,188,2,2
56441,112,98,14,14
56442,161,160,1,1
56443,119,109,10,10
56444,98,103,-5,5
56445,122,118,4,4
56446,94,92,2,2
56447,68,74,-6,6
56448,103,91,12,12
56449,126,108,18,18
56450,75,69,6,6
56451,123,114,9,9
56452,81,78,3,3
56453,144,155,-11,11
56454,53,48,5,5
56455,164,154,10,10
56456,60,65,-5,5
56457,117,115,2,2
56458,121,122,-1,1
56459,90,96,-6,6
56460,86,84,2,2
56461,63,65,-2,2
56462,147,139,8,8
56463,103,100,3,3
56464,68,71,-3,3
56465,91,85,6,6
56466,81,72,9,9
56467,71,71,0,0
56468,63,63,0,0
56469,123,127,-4,4
56470,105,107,-2,2
56471,81,85,-4,4
56472,112,122,-10,10
56473,78,77,1,1
56474,85,85,0,0
56475,118,121,-3,3
56476,65,61,4,4
56477,127,136,-9,9
56478,83,83,0,0
56479,91,85,6,6
56480,62,64,-2,2
56481,75,78,-3,3
56482,88,94,-6,6
56483,163,160,3,3
56484,48,62,-14,14
56485,93,107,-14,14
56486,85,86,-1,1
56487,142,146,-4,4
56488,93,101,-8,8
56489,73,72,1,1
56490,65,66,-1,1
56491,83,81,2,2
56492,77,76,1,1
56493,113,111,2,2
56494,121,119,2,2
56495,71,72,-1,1
56496,64,62,2,2
56497,70,78,-8,8
56498,155,153,2,2
56499,59,58,1,1
56500,80,78,2,2
56501,80,85,-5,5
56502,59,61,-2,2
56503,83,75,8,8
56504,68,63,5,5
56505,77,86,-9,9
56506,121,109,12,12
56507,63,75,-12,12
56508,82,82,0,0
56509,145,145,0,0
56510,63,68,-5,5
56511,124,130,-6,6
56512,83,98,-15,15
56513,175,179,-4,4
56514,185,190,-5,5
56515,65,65,0,0
56516,61,60,1,1
56517,76,73,3,3
56518,75,82,-7,7
56519,74,90,-16,16
56520,136,122,14,14
56521,47,45,2,2
56522,66,56,10,10
56523,131,126,5,5
56524,123,112,11,11
56525,118,117,1,1
56526,58,58,0,0
56527,89,87,2,2
56528,156,149,7,7
56529,55,61,-6,6
56530,115,109,6,6
56531,111,113,-2,2
56532,116,132,-16,16
56533,62,71,-9,9
56534,108,100,8,8
56535,120,129,-9,9
56536,112,118,-6,6
56537,56,63,-7,7
56538,142,149,-7,7
56539,91,83,8,8
56540,86,85,1,1
56541,121,122,-1,1
56542,80,75,5,5
56543,103,106,-3,3
56544,76,82,-6,6
56545,100,128,-28,28
56546,94,90,4,4
56547,117,129,-12,12
56548,84,84,0,0
56549,87,93,-6,6
56550,127,123,4,4
56551,90,108,-18,18
56552,96,90,6,6
56553,56,57,-1,1
56554,74,71,3,3
56555,98,95,3,3
56556,107,116,-9,9
56557,125,110,15,15
56558,66,62,4,4
56559,91,100,-9,9
56560,154,170,-16,16
56561,151,141,10,10
56562,77,78,-1,1
56563,60,63,-3,3
56564,72,78,-6,6
56565,132,120,12,12
56566,74,72,2,2
56567,63,65,-2,2
56568,129,132,-3,3
56569,169,172,-3,3
56570,88,101,-13,13
56571,129,128,1,1
56572,140,135,5,5
56573,80,90,-10,10
56574,94,101,-7,7
56575,49,58,-9,9
56576,145,148,-3,3
56577,97,101,-4,4
56578,94,99,-5,5
56579,83,81,2,2
56580,135,134,1,1
56581,103,101,2,2
56582,40,46,-6,6
56583,119,144,-25,25
56584,60,63,-3,3
56585,44,45,-1,1
56586,104,109,-5,5
56587,49,48,1,1
56588,70,94,-24,24
56589,59,63,-4,4
56590,114,129,-15,15
56591,65,59,6,6
56592,60,63,-3,3
56593,121,135,-14,14
56594,115,113,2,2
56595,75,72,3,3
56596,74,71,3,3
56597,103,100,3,3
56598,59,55,4,4
56599,125,133,-8,8
56600,94,92,2,2
56601,73,72,1,1
56602,54,50,4,4
56603,58,57,1,1
56604,174,176,-2,2
56605,46,46,0,0
56606,79,81,-2,2
56607,108,102,6,6
56608,50,59,-9,9
56609,120,110,10,10
56610,159,152,7,7
56611,171,180,-9,9
56612,81,88,-7,7
56613,85,87,-2,2
56614,118,141,-23,23
56615,73,77,-4,4
56616,114,112,2,2
56617,77,71,6,6
56618,150,134,16,16
56619,72,78,-6,6
56620,64,88,-24,24
56621,85,100,-15,15
56622,112,118,-6,6
56623,57,58,-1,1
56624,101,101,0,0
56625,83,87,-4,4
56626,74,72,2,2
56627,142,136,6,6
56628,111,101,10,10
56629,135,121,14,14
56630,64,65,-1,1
56631,75,68,7,7
56632,188,196,-8,8
56633,63,80,-17,17
56634,124,117,7,7
56635,42,51,-9,9
56636,136,125,11,11
56637,50,55,-5,5
56638,87,95,-8,8
56639,140,134,6,6
56640,94,95,-1,1
56641,94,94,0,0
56642,61,73,-12,12
56643,86,86,0,0
56644,126,115,11,11
56645,63,63,0,0
56646,82,78,4,4
56647,140,150,-10,10
56648,134,124,10,10
56649,79,80,-1,1
56650,126,139,-13,13
56651,101,109,-8,8
56652,103,103,0,0
56653,70,67,3,3
56654,85,78,7,7
56655,84,89,-5,5
56656,58,63,-5,5
56657,139,131,8,8
56658,67,77,-10,10
56659,101,107,-6,6
56660,83,87,-4,4
56661,66,61,5,5
56662,59,57,2,2
56663,77,81,-4,4
56664,53,61,-8,8
56665,130,128,2,2
56666,59,65,-6,6
56667,94,84,10,10
56668,120,118,2,2
56669,108,104,4,4
56670,95,89,6,6
56671,67,64,3,3
56672,103,101,2,2
56673,68,64,4,4
56674,82,78,4,4
56675,111,116,-5,5
56676,78,77,1,1
56677,59,64,-5,5
56678,72,78,-6,6
56679,101,99,2,2
56680,77,86,-9,9
56681,65,64,1,1
56682,64,73,-9,9
56683,57,64,-7,7
56684,95,100,-5,5
56685,68,70,-2,2
56686,137,130,7,7
56687,65,70,-5,5
56688,82,81,1,1
56689,73,79,-6,6
56690,96,111,-15,15
56691,110,110,0,0
56692,139,140,-1,1
56693,87,73,14,14
56694,113,105,8,8
56695,40,38,2,2
56696,81,82,-1,1
56697,51,61,-10,10
56698,173,166,7,7
56699,72,84,-12,12
56700,107,106,1,1
56701,112,119,-7,7
56702,125,118,7,7
56703,56,58,-2,2
56704,141,130,11,11
56705,150,144,6,6
56706,136,142,-6,6
56707,127,121,6,6
56708,132,143,-11,11
56709,96,91,5,5
56710,35,50,-15,15
56711,86,87,-1,1
56712,108,101,7,7
56713,149,143,6,6
56714,103,105,-2,2
56715,144,160,-16,16
56716,135,129,6,6
56717,112,108,4,4
56718,86,98,-12,12
56719,54,52,2,2
56720,78,74,4,4
56721,72,73,-1,1
56722,87,92,-5,5
56723,79,97,-18,18
56724,109,128,-19,19
56725,120,110,10,10
56726,173,164,9,9
56727,57,63,-6,6
56728,40,43,-3,3
56729,82,85,-3,3
56730,70,76,-6,6
56731,86,89,-3,3
56732,98,101,-3,3
56733,134,147,-13,13
56734,45,45,0,0
56735,129,123,6,6
56736,68,78,-10,10
56737,91,87,4,4
56738,113,111,2,2
56739,52,59,-7,7
56740,94,91,3,3
56741,94,105,-11,11
56742,113,115,-2,2
56743,128,119,9,9
56744,99,110,-11,11
56745,105,100,5,5
56746,86,106,-20,20
56747,148,145,3,3
56748,138,124,14,14
56749,99,88,11,11
56750,94,95,-1,1
56751,73,73,0,0
56752,153,143,10,10
56753,95,99,-4,4
56754,118,126,-8,8
56755,129,128,1,1
56756,50,64,-14,14
56757,123,117,6,6
56758,142,140,2,2
56759,123,122,1,1
56760,148,150,-2,2
56761,107,106,1,1
56762,98,106,-8,8
56763,112,114,-2,2
56764,137,131,6,6
56765,106,104,2,2
56766,97,89,8,8
56767,96,100,-4,4
56768,245,199,46,46
56769,115,111,4,4
56770,81,79,2,2
56771,130,116,14,14
56772,86,79,7,7
56773,128,126,2,2
56774,73,71,2,2
56775,110,107,3,3
56776,130,126,4,4
56777,97,101,-4,4
56778,80,84,-4,4
56779,91,89,2,2
56780,88,83,5,5
56781,105,106,-1,1
56782,75,59,16,16
56783,93,101,-8,8
56784,115,115,0,0
56785,133,129,4,4
56786,142,127,15,15
56787,62,73,-11,11
56788,78,80,-2,2
56789,91,86,5,5
56790,102,99,3,3
56791,109,111,-2,2
56792,102,100,2,2
56793,90,82,8,8
56794,135,122,13,13
56795,31,52,-21,21
56796,143,140,3,3
56797,123,119,4,4
56798,102,99,3,3
56799,59,60,-1,1
56800,83,87,-4,4
56801,99,95,4,4
56802,50,65,-15,15
56803,168,154,14,14
56804,80,84,-4,4
56805,104,118,-14,14
56806,117,113,4,4
56807,113,121,-8,8
56808,73,96,-23,23
56809,72,76,-4,4
56810,144,123,21,21
56811,131,134,-3,3
56812,107,128,-21,21
56813,85,89,-4,4
56814,58,64,-6,6
56815,67,66,1,1
56816,62,62,0,0
56817,63,58,5,5
56818,148,156,-8,8
56819,139,130,9,9
56820,82,90,-8,8
56821,133,132,1,1
56822,70,75,-5,5
56823,99,103,-4,4
56824,115,113,2,2
56825,121,123,-2,2
56826,107,117,-10,10
56827,113,105,8,8
56828,61,67,-6,6
56829,80,75,5,5
56830,78,74,4,4
56831,68,65,3,3
56832,122,131,-9,9
56833,109,105,4,4
56834,71,65,6,6
56835,60,66,-6,6
56836,125,122,3,3
56837,68,78,-10,10
56838,114,116,-2,2
56839,93,83,10,10
56840,75,79,-4,4
56841,99,101,-2,2
56842,133,131,2,2
56843,78,84,-6,6
56844,45,43,2,2
56845,87,76,11,11
56846,72,81,-9,9
56847,129,126,3,3
56848,93,90,3,3
56849,95,98,-3,3
56850,119,123,-4,4
56851,96,85,11,11
56852,45,51,-6,6
56853,151,145,6,6
56854,75,73,2,2
56855,84,86,-2,2
56856,75,73,2,2
56857,97,143,-46,46
56858,79,82,-3,3
56859,132,132,0,0
56860,108,105,3,3
56861,115,110,5,5
56862,89,98,-9,9
56863,84,87,-3,3
56864,132,132,0,0
56865,94,89,5,5
56866,182,190,-8,8
56867,170,164,6,6
56868,93,93,0,0
56869,70,76,-6,6
56870,38,42,-4,4
56871,102,112,-10,10
56872,139,132,7,7
56873,97,105,-8,8
56874,87,85,2,2
56875,86,80,6,6
56876,76,89,-13,13
56877,91,102,-11,11
56878,81,80,1,1
56879,86,76,10,10
56880,90,85,5,5
56881,73,78,-5,5
56882,122,125,-3,3
56883,81,78,3,3
56884,182,176,6,6
56885,73,78,-5,5
56886,108,106,2,2
56887,70,64,6,6
56888,170,164,6,6
56889,98,96,2,2
56890,83,89,-6,6
56891,89,94,-5,5
56892,79,84,-5,5
56893,77,83,-6,6
56894,82,90,-8,8
56895,79,79,0,0
56896,165,154,11,11
56897,57,65,-8,8
56898,94,105,-11,11
56899,101,93,8,8
56900,170,185,-15,15
56901,68,76,-8,8
56902,121,119,2,2
56903,137,129,8,8
56904,72,70,2,2
56905,109,111,-2,2
56906,81,78,3,3
56907,71,74,-3,3
56908,135,140,-5,5
56909,105,103,2,2
56910,101,98,3,3
56911,71,81,-10,10
56912,93,96,-3,3
56913,75,76,-1,1
56914,68,137,-69,69
56915,107,105,2,2
56916,76,74,2,2
56917,127,123,4,4
56918,117,124,-7,7
56919,123,109,14,14
56920,158,166,-8,8
56921,96,94,2,2
56922,44,44,0,0
56923,100,99,1,1
56924,69,73,-4,4
56925,77,86,-9,9
56926,66,74,-8,8
56927,71,65,6,6
56928,117,118,-1,1
56929,103,111,-8,8
56930,99,96,3,3
56931,131,132,-1,1
56932,50,49,1,1
56933,39,41,-2,2
56934,74,73,1,1
56935,51,56,-5,5
56936,91,97,-6,6
56937,104,115,-11,11
56938,76,77,-1,1
56939,126,130,-4,4
56940,79,83,-4,4
56941,88,92,-4,4
56942,103,103,0,0
56943,156,148,8,8
56944,153,156,-3,3
56945,82,80,2,2
56946,69,73,-4,4
56947,85,94,-9,9
56948,90,103,-13,13
56949,118,111,7,7
56950,113,117,-4,4
56951,63,71,-8,8
56952,39,49,-10,10
56953,125,124,1,1
56954,111,135,-24,24
56955,85,85,0,0
56956,69,76,-7,7
56957,164,161,3,3
56958,115,119,-4,4
56959,100,120,-20,20
56960,97,96,1,1
56961,76,88,-12,12
56962,109,121,-12,12
56963,122,119,3,3
56964,75,78,-3,3
56965,94,95,-1,1
56966,73,70,3,3
56967,138,132,6,6
56968,109,92,17,17
56969,84,95,-11,11
56970,65,62,3,3
56971,97,95,2,2
56972,150,147,3,3
56973,158,159,-1,1
56974,74,76,-2,2
56975,64,71,-7,7
56976,102,103,-1,1
56977,83,95,-12,12
56978,181,167,14,14
56979,149,142,7,7
56980,67,63,4,4
56981,108,114,-6,6
56982,126,127,-1,1
56983,129,125,4,4
56984,123,120,3,3
56985,88,83,5,5
56986,79,85,-6,6
56987,122,110,12,12
56988,88,80,8,8
56989,129,138,-9,9
56990,82,80,2,2
56991,72,75,-3,3
56992,116,111,5,5
56993,93,106,-13,13
56994,82,80,2,2
56995,153,157,-4,4
56996,169,158,11,11
56997,79,94,-15,15
56998,92,91,1,1
56999,123,120,3,3
57000,75,96,-21,21
57001,162,174,-12,12
57002,79,82,-3,3
57003,90,87,3,3
57004,74,85,-11,11
57005,130,131,-1,1
57006,128,120,8,8
57007,75,85,-10,10
57008,86,87,-1,1
57009,111,115,-4,4
57010,100,98,2,2
57011,57,63,-6,6
57012,126,125,1,1
57013,61,64,-3,3
57014,79,83,-4,4
57015,80,71,9,9
57016,49,58,-9,9
57017,83,82,1,1
57018,65,70,-5,5
57019,76,78,-2,2
57020,99,100,-1,1
57021,152,141,11,11
57022,74,76,-2,2
57023,90,98,-8,8
57024,116,126,-10,10
57025,150,150,0,0
57026,98,112,-14,14
57027,136,128,8,8
57028,109,111,-2,2
57029,131,152,-21,21
57030,44,51,-7,7
57031,52,53,-1,1
57032,73,72,1,1
57033,160,128,32,32
57034,104,103,1,1
57035,71,66,5,5
57036,52,54,-2,2
57037,69,65,4,4
57038,120,110,10,10
57039,51,45,6,6
57040,65,73,-8,8
57041,93,89,4,4
57042,62,79,-17,17
57043,108,108,0,0
57044,86,91,-5,5
57045,65,73,-8,8
57046,151,155,-4,4
57047,82,90,-8,8
57048,54,55,-1,1
57049,57,62,-5,5
57050,87,86,1,1
57051,75,82,-7,7
57052,76,80,-4,4
57053,144,147,-3,3
57054,82,85,-3,3
57055,70,68,2,2
57056,65,70,-5,5
57057,130,134,-4,4
57058,179,193,-14,14
57059,143,149,-6,6
57060,128,128,0,0
57061,59,60,-1,1
57062,141,136,5,5
57063,91,88,3,3
57064,117,114,3,3
57065,103,102,1,1
57066,102,107,-5,5
57067,150,128,22,22
57068,91,87,4,4
57069,82,90,-8,8
57070,72,65,7,7
57071,146,136,10,10
57072,51,53,-2,2
57073,119,127,-8,8
57074,94,99,-5,5
57075,113,104,9,9
57076,115,115,0,0
57077,50,54,-4,4
57078,72,89,-17,17
57079,127,123,4,4
57080,67,88,-21,21
57081,76,79,-3,3
57082,96,108,-12,12
57083,137,153,-16,16
57084,189,189,0,0
57085,83,86,-3,3
57086,90,92,-2,2
57087,85,83,2,2
57088,99,100,-1,1
57089,88,90,-2,2
57090,163,150,13,13
57091,78,83,-5,5
57092,63,62,1,1
57093,87,93,-6,6
57094,81,87,-6,6
57095,117,134,-17,17
57096,86,80,6,6
57097,97,99,-2,2
57098,120,120,0,0
57099,61,56,5,5
57100,109,116,-7,7
57101,82,82,0,0
57102,98,89,9,9
57103,100,92,8,8
57104,114,107,7,7
57105,61,62,-1,1
57106,88,94,-6,6
57107,75,80,-5,5
57108,96,98,-2,2
57109,125,136,-11,11
57110,216,210,6,6
57111,91,89,2,2
57112,149,181,-32,32
57113,104,96,8,8
57114,69,72,-3,3
57115,65,65,0,0
57116,116,104,12,12
57117,66,64,2,2
57118,53,56,-3,3
57119,61,72,-11,11
57120,106,110,-4,4
57121,118,112,6,6
57122,145,145,0,0
57123,90,86,4,4
57124,76,74,2,2
57125,48,54,-6,6
57126,38,45,-7,7
57127,65,67,-2,2
57128,98,92,6,6
57129,48,58,-10,10
57130,93,97,-4,4
57131,117,122,-5,5
57132,66,71,-5,5
57133,110,98,12,12
57134,121,120,1,1
57135,95,93,2,2
57136,81,80,1,1
57137,48,58,-10,10
57138,80,86,-6,6
57139,136,152,-16,16
57140,55,52,3,3
57141,110,104,6,6
57142,104,119,-15,15
57143,89,83,6,6
57144,90,106,-16,16
57145,111,113,-2,2
57146,85,96,-11,11
57147,113,113,0,0
57148,100,102,-2,2
57149,147,139,8,8
57150,86,94,-8,8
57151,76,80,-4,4
57152,164,146,18,18
57153,130,123,7,7
57154,99,92,7,7
57155,40,44,-4,4
57156,175,186,-11,11
57157,148,153,-5,5
57158,106,111,-5,5
57159,152,158,-6,6
57160,91,97,-6,6
57161,98,96,2,2
57162,51,61,-10,10
57163,88,90,-2,2
57164,89,87,2,2
57165,63,59,4,4
57166,84,85,-1,1
57167,75,71,4,4
57168,117,110,7,7
57169,111,117,-6,6
57170,134,153,-19,19
57171,81,88,-7,7
57172,101,111,-10,10
57173,61,59,2,2
57174,116,118,-2,2
57175,77,83,-6,6
57176,121,118,3,3
57177,101,98,3,3
57178,22,29,-7,7
57179,89,89,0,0
57180,134,135,-1,1
57181,132,142,-10,10
57182,48,51,-3,3
57183,102,100,2,2
57184,90,86,4,4
57185,89,89,0,0
57186,109,113,-4,4
57187,164,155,9,9
57188,93,99,-6,6
57189,93,98,-5,5
57190,63,74,-11,11
57191,99,103,-4,4
57192,72,72,0,0
57193,85,85,0,0
57194,76,81,-5,5
57195,85,83,2,2
57196,125,93,32,32
57197,63,63,0,0
57198,47,58,-11,11
57199,123,127,-4,4
57200,88,101,-13,13
57201,75,72,3,3
57202,78,78,0,0
57203,73,62,11,11
57204,113,131,-18,18
57205,88,84,4,4
57206,91,80,11,11
57207,99,96,3,3
57208,92,101,-9,9
57209,102,110,-8,8
57210,84,87,-3,3
57211,153,152,1,1
57212,117,127,-10,10
57213,61,57,4,4
57214,81,77,4,4
57215,148,147,1,1
57216,88,75,13,13
57217,109,107,2,2
57218,124,120,4,4
57219,44,55,-11,11
57220,75,77,-2,2
57221,107,112,-5,5
57222,74,78,-4,4
57223,75,70,5,5
57224,97,87,10,10
57225,95,89,6,6
57226,72,67,5,5
57227,71,70,1,1
57228,100,98,2,2
57229,110,100,10,10
57230,67,61,6,6
57231,59,54,5,5
57232,162,156,6,6
57233,97,103,-6,6
57234,66,74,-8,8
57235,87,84,3,3
57236,142,141,1,1
57237,77,79,-2,2
57238,61,55,6,6
57239,61,119,-58,58
57240,131,125,6,6
57241,84,84,0,0
57242,77,82,-5,5
57243,60,60,0,0
57244,77,82,-5,5
57245,47,52,-5,5
57246,71,79,-8,8
57247,118,126,-8,8
57248,105,118,-13,13
57249,137,135,2,2
57250,48,64,-16,16
57251,81,81,0,0
57252,105,95,10,10
57253,107,109,-2,2
57254,149,148,1,1
57255,88,82,6,6
57256,104,101,3,3
57257,130,116,14,14
57258,118,121,-3,3
57259,50,71,-21,21
57260,113,106,7,7
57261,48,50,-2,2
57262,105,110,-5,5
57263,63,71,-8,8
57264,63,65,-2,2
57265,65,72,-7,7
57266,105,109,-4,4
57267,38,43,-5,5
57268,57,54,3,3
57269,94,92,2,2
57270,87,79,8,8
57271,68,72,-4,4
57272,66,77,-11,11
57273,87,90,-3,3
57274,121,116,5,5
57275,104,96,8,8
57276,124,129,-5,5
57277,158,145,13,13
57278,30,37,-7,7
57279,101,122,-21,21
57280,86,73,13,13
57281,93,92,1,1
57282,123,139,-16,16
57283,102,90,12,12
57284,142,160,-18,18
57285,61,78,-17,17
57286,75,82,-7,7
57287,125,134,-9,9
57288,95,93,2,2
57289,171,170,1,1
57290,96,132,-36,36
57291,123,125,-2,2
57292,106,117,-11,11
57293,62,63,-1,1
57294,87,86,1,1
57295,57,60,-3,3
57296,56,50,6,6
57297,124,121,3,3
57298,81,80,1,1
57299,109,97,12,12
57300,165,179,-14,14
57301,171,183,-12,12
57302,104,102,2,2
57303,59,64,-5,5
57304,40,46,-6,6
57305,74,92,-18,18
57306,127,127,0,0
57307,73,85,-12,12
57308,130,124,6,6
57309,47,62,-15,15
57310,59,60,-1,1
57311,156,141,15,15
57312,101,94,7,7
57313,89,78,11,11
57314,95,95,0,0
57315,60,73,-13,13
57316,91,95,-4,4
57317,74,74,0,0
57318,160,155,5,5
57319,114,108,6,6
57320,148,144,4,4
57321,80,75,5,5
57322,24,28,-4,4
57323,52,55,-3,3
57324,259,242,17,17
57325,44,47,-3,3
57326,149,145,4,4
57327,57,62,-5,5
57328,126,132,-6,6
57329,142,136,6,6
57330,111,117,-6,6
57331,167,164,3,3
57332,76,76,0,0
57333,69,66,3,3
57334,110,117,-7,7
57335,92,106,-14,14
57336,99,86,13,13
57337,95,99,-4,4
57338,114,110,4,4
57339,91,98,-7,7
57340,104,104,0,0
57341,84,86,-2,2
57342,164,154,10,10
57343,44,53,-9,9
57344,75,71,4,4
57345,95,95,0,0
57346,27,41,-14,14
57347,81,82,-1,1
57348,72,75,-3,3
57349,100,91,9,9
57350,131,118,13,13
57351,61,68,-7,7
57352,89,86,3,3
57353,65,71,-6,6
57354,53,63,-10,10
57355,103,116,-13,13
57356,129,130,-1,1
57357,114,105,9,9
57358,102,104,-2,2
57359,87,97,-10,10
57360,77,71,6,6
57361,72,73,-1,1
57362,71,77,-6,6
57363,67,61,6,6
57364,116,118,-2,2
57365,102,98,4,4
57366,83,77,6,6
57367,55,54,1,1
57368,71,86,-15,15
57369,84,79,5,5
57370,98,94,4,4
57371,101,90,11,11
57372,82,75,7,7
57373,117,122,-5,5
57374,126,134,-8,8
57375,66,72,-6,6
57376,81,90,-9,9
57377,189,200,-11,11
57378,90,80,10,10
57379,86,84,2,2
57380,107,103,4,4
57381,117,139,-22,22
57382,54,58,-4,4
57383,81,88,-7,7
57384,85,80,5,5
57385,88,94,-6,6
57386,57,61,-4,4
57387,103,104,-1,1
57388,103,100,3,3
57389,95,86,9,9
57390,107,106,1,1
57391,91,92,-1,1
57392,111,131,-20,20
57393,200,190,10,10
57394,83,90,-7,7
57395,86,83,3,3
57396,80,85,-5,5
57397,109,118,-9,9
57398,69,65,4,4
57399,78,77,1,1
57400,70,79,-9,9
57401,77,79,-2,2
57402,69,65,4,4
57403,96,86,10,10
57404,121,147,-26,26
57405,90,96,-6,6
57406,152,148,4,4
57407,91,85,6,6
57408,89,89,0,0
57409,104,100,4,4
57410,88,72,16,16
57411,113,112,1,1
57412,81,91,-10,10
57413,92,85,7,7
57414,112,103,9,9
57415,113,121,-8,8
57416,119,111,8,8
57417,68,71,-3,3
57418,183,164,19,19
57419,154,147,7,7
57420,115,120,-5,5
57421,173,200,-27,27
57422,108,103,5,5
57423,124,134,-10,10
57424,71,66,5,5
57425,84,79,5,5
57426,80,86,-6,6
57427,90,102,-12,12
57428,74,71,3,3
57429,89,77,12,12
57430,81,91,-10,10
57431,100,90,10,10
57432,136,138,-2,2
57433,55,55,0,0
57434,105,108,-3,3
57435,77,74,3,3
57436,192,193,-1,1
57437,99,94,5,5
57438,90,88,2,2
57439,134,127,7,7
57440,113,111,2,2
57441,90,85,5,5
57442,150,138,12,12
57443,52,55,-3,3
57444,102,96,6,6
57445,55,52,3,3
57446,110,111,-1,1
57447,57,59,-2,2
57448,57,59,-2,2
57449,97,92,5,5
57450,117,124,-7,7
57451,83,86,-3,3
57452,121,116,5,5
57453,58,63,-5,5
57454,101,103,-2,2
57455,63,65,-2,2
57456,105,105,0,0
57457,94,90,4,4
57458,138,138,0,0
57459,62,60,2,2
57460,113,121,-8,8
57461,50,57,-7,7
57462,90,93,-3,3
57463,135,140,-5,5
57464,68,60,8,8
57465,94,94,0,0
57466,63,62,1,1
57467,179,166,13,13
57468,78,75,3,3
57469,197,177,20,20
57470,124,126,-2,2
57471,115,129,-14,14
57472,105,101,4,4
57473,135,139,-4,4
57474,59,61,-2,2
57475,75,90,-15,15
57476,131,129,2,2
57477,125,129,-4,4
57478,82,91,-9,9
57479,193,186,7,7
57480,23,31,-8,8
57481,67,64,3,3
57482,204,198,6,6
57483,78,83,-5,5
57484,95,102,-7,7
57485,143,148,-5,5
57486,69,72,-3,3
57487,78,73,5,5
57488,185,185,0,0
57489,60,64,-4,4
57490,93,86,7,7
57491,49,51,-2,2
57492,151,137,14,14
57493,93,89,4,4
57494,109,101,8,8
57495,58,59,-1,1
57496,132,117,15,15
57497,85,77,8,8
57498,118,101,17,17
57499,69,72,-3,3
57500,76,79,-3,3
57501,68,77,-9,9
57502,68,67,1,1
57503,103,117,-14,14
57504,116,116,0,0
57505,189,170,19,19
57506,64,72,-8,8
57507,54,52,2,2
57508,99,104,-5,5
57509,140,132,8,8
57510,52,49,3,3
57511,144,143,1,1
57512,96,94,2,2
57513,60,86,-26,26
57514,131,135,-4,4
57515,101,113,-12,12
57516,21,50,-29,29
57517,77,80,-3,3
57518,94,95,-1,1
57519,64,61,3,3
57520,77,71,6,6
57521,89,92,-3,3
57522,68,70,-2,2
57523,100,77,23,23
57524,94,92,2,2
57525,99,98,1,1
57526,104,108,-4,4
57527,76,75,1,1
57528,41,47,-6,6
57529,89,81,8,8
57530,159,141,18,18
57531,145,133,12,12
57532,89,83,6,6
57533,117,126,-9,9
57534,56,65,-9,9
57535,112,107,5,5
57536,59,55,4,4
57537,54,57,-3,3
57538,83,75,8,8
57539,70,75,-5,5
57540,64,66,-2,2
57541,134,134,0,0
57542,107,119,-12,12
57543,81,83,-2,2
57544,117,124,-7,7
57545,123,127,-4,4
57546,114,105,9,9
57547,173,162,11,11
57548,79,73,6,6
57549,117,111,6,6
57550,32,44,-12,12
57551,87,84,3,3
57552,189,190,-1,1
57553,70,78,-8,8
57554,155,139,16,16
57555,81,86,-5,5
57556,168,164,4,4
57557,114,115,-1,1
57558,153,167,-14,14
57559,124,117,7,7
57560,51,46,5,5
57561,105,114,-9,9
57562,101,117,-16,16
57563,86,91,-5,5
57564,129,126,3,3
57565,122,118,4,4
57566,149,141,8,8
57567,85,82,3,3
57568,73,72,1,1
57569,66,71,-5,5
57570,180,166,14,14
57571,33,48,-15,15
57572,70,76,-6,6
57573,101,118,-17,17
57574,89,98,-9,9
57575,120,121,-1,1
57576,121,115,6,6
57577,91,93,-2,2
57578,90,88,2,2
57579,121,120,1,1
57580,154,162,-8,8
57581,110,107,3,3
57582,65,62,3,3
57583,107,121,-14,14
57584,141,138,3,3
57585,61,65,-4,4
57586,119,124,-5,5
57587,135,140,-5,5
57588,185,167,18,18
57589,46,48,-2,2
57590,89,88,1,1
57591,134,135,-1,1
57592,102,97,5,5
57593,138,143,-5,5
57594,104,100,4,4
57595,176,169,7,7
57596,112,110,2,2
57597,135,135,0,0
57598,119,120,-1,1
57599,82,75,7,7
57600,99,105,-6,6
57601,119,113,6,6
57602,98,114,-16,16
57603,96,101,-5,5
57604,90,101,-11,11
57605,81,71,10,10
57606,65,65,0,0
57607,120,118,2,2
57608,90,86,4,4
57609,80,84,-4,4
57610,81,90,-9,9
57611,78,99,-21,21
57612,82,75,7,7
57613,155,136,19,19
57614,77,73,4,4
57615,116,122,-6,6
57616,78,82,-4,4
57617,69,66,3,3
57618,64,66,-2,2
57619,88,88,0,0
57620,56,55,1,1
57621,62,70,-8,8
57622,49,56,-7,7
57623,120,111,9,9
57624,154,150,4,4
57625,86,87,-1,1
57626,61,66,-5,5
57627,66,65,1,1
57628,145,125,20,20
57629,83,89,-6,6
57630,136,134,2,2
57631,88,101,-13,13
57632,71,86,-15,15
57633,93,87,6,6
57634,97,93,4,4
57635,94,86,8,8
57636,97,103,-6,6
57637,57,65,-8,8
57638,142,144,-2,2
57639,119,118,1,1
57640,87,92,-5,5
57641,131,141,-10,10
57642,119,126,-7,7
57643,76,73,3,3
57644,55,52,3,3
57645,106,103,3,3
57646,70,76,-6,6
57647,103,103,0,0
57648,96,85,11,11
57649,150,153,-3,3
57650,128,132,-4,4
57651,38,41,-3,3
57652,65,78,-13,13
57653,79,74,5,5
57654,96,88,8,8
57655,88,84,4,4
57656,185,209,-24,24
57657,81,74,7,7
57658,151,140,11,11
57659,94,95,-1,1
57660,72,75,-3,3
57661,110,105,5,5
57662,109,106,3,3
57663,80,75,5,5
57664,68,73,-5,5
57665,111,100,11,11
57666,67,71,-4,4
57667,95,90,5,5
57668,114,119,-5,5
57669,51,55,-4,4
57670,111,111,0,0
57671,118,107,11,11
57672,157,138,19,19
57673,82,85,-3,3
57674,119,100,19,19
57675,73,76,-3,3
57676,88,81,7,7
57677,46,47,-1,1
57678,61,60,1,1
57679,81,84,-3,3
57680,117,118,-1,1
57681,87,85,2,2
57682,71,62,9,9
57683,70,64,6,6
57684,98,112,-14,14
57685,89,91,-2,2
57686,100,92,8,8
57687,124,117,7,7
57688,166,163,3,3
57689,90,86,4,4
57690,43,47,-4,4
57691,175,165,10,10
57692,104,110,-6,6
57693,180,178,2,2
57694,57,54,3,3
57695,36,46,-10,10
57696,144,156,-12,12
57697,136,132,4,4
57698,56,58,-2,2
57699,93,98,-5,5
57700,91,92,-1,1
57701,98,98,0,0
57702,82,67,15,15
57703,101,116,-15,15
57704,113,117,-4,4
57705,53,61,-8,8
57706,55,59,-4,4
57707,120,115,5,5
57708,105,100,5,5
57709,71,79,-8,8
57710,78,79,-1,1
57711,165,166,-1,1
57712,82,86,-4,4
57713,126,121,5,5
57714,114,109,5,5
57715,143,139,4,4
57716,118,122,-4,4
57717,94,98,-4,4
57718,41,41,0,0
57719,67,70,-3,3
57720,83,80,3,3
57721,119,103,16,16
57722,62,64,-2,2
57723,55,51,4,4
57724,95,99,-4,4
57725,91,97,-6,6
57726,68,68,0,0
57727,144,150,-6,6
57728,64,66,-2,2
57729,43,59,-16,16
57730,81,85,-4,4
57731,94,80,14,14
57732,77,76,1,1
57733,167,174,-7,7
57734,51,59,-8,8
57735,117,112,5,5
57736,93,94,-1,1
57737,71,72,-1,1
57738,64,71,-7,7
57739,168,162,6,6
57740,98,100,-2,2
57741,38,39,-1,1
57742,124,120,4,4
57743,104,114,-10,10
57744,45,48,-3,3
57745,36,44,-8,8
57746,82,81,1,1
57747,120,111,9,9
57748,108,117,-9,9
57749,43,50,-7,7
57750,85,78,7,7
57751,146,143,3,3
57752,82,101,-19,19
57753,115,106,9,9
57754,98,89,9,9
57755,87,83,4,4
57756,124,131,-7,7
57757,86,85,1,1
57758,92,113,-21,21
57759,109,89,20,20
57760,125,122,3,3
57761,140,151,-11,11
57762,84,103,-19,19
57763,66,70,-4,4
57764,131,123,8,8
57765,81,74,7,7
57766,88,83,5,5
57767,143,157,-14,14
57768,74,77,-3,3
57769,118,130,-12,12
57770,56,64,-8,8
57771,61,60,1,1
57772,112,121,-9,9
57773,119,109,10,10
57774,102,95,7,7
57775,101,124,-23,23
57776,71,71,0,0
57777,118,120,-2,2
57778,119,138,-19,19
57779,83,89,-6,6
57780,133,122,11,11
57781,57,58,-1,1
57782,87,84,3,3
57783,6,25,-19,19
57784,76,85,-9,9
57785,124,122,2,2
57786,28,39,-11,11
57787,65,64,1,1
57788,86,75,11,11
57789,111,118,-7,7
57790,59,66,-7,7
57791,94,96,-2,2
57792,97,113,-16,16
57793,115,122,-7,7
57794,75,78,-3,3
57795,144,141,3,3
57796,86,99,-13,13
57797,74,74,0,0
57798,102,109,-7,7
57799,79,76,3,3
57800,99,96,3,3
57801,140,156,-16,16
57802,101,102,-1,1
57803,156,145,11,11
57804,92,90,2,2
57805,70,76,-6,6
57806,59,73,-14,14
57807,116,114,2,2
57808,138,137,1,1
57809,136,142,-6,6
57810,61,61,0,0
57811,53,54,-1,1
57812,79,71,8,8
57813,90,86,4,4
57814,127,123,4,4
57815,177,153,24,24
57816,110,122,-12,12
57817,129,126,3,3
57818,106,127,-21,21
57819,74,77,-3,3
57820,154,161,-7,7
57821,129,132,-3,3
57822,73,71,2,2
57823,77,84,-7,7
57824,84,92,-8,8
57825,103,101,2,2
57826,90,127,-37,37
57827,109,112,-3,3
57828,68,64,4,4
57829,72,67,5,5
57830,105,120,-15,15
57831,65,65,0,0
57832,95,89,6,6
57833,133,136,-3,3
57834,103,97,6,6
57835,107,117,-10,10
57836,79,74,5,5
57837,116,112,4,4
57838,91,85,6,6
57839,72,84,-12,12
57840,66,84,-18,18
57841,147,140,7,7
57842,90,101,-11,11
57843,192,219,-27,27
57844,98,114,-16,16
57845,105,101,4,4
57846,44,50,-6,6
57847,102,91,11,11
57848,82,92,-10,10
57849,107,106,1,1
57850,102,101,1,1
57851,135,128,7,7
57852,157,149,8,8
57853,61,55,6,6
57854,155,149,6,6
57855,121,131,-10,10
57856,77,74,3,3
57857,142,139,3,3
57858,95,88,7,7
57859,104,98,6,6
57860,77,79,-2,2
57861,135,133,2,2
57862,101,105,-4,4
57863,65,62,3,3
57864,108,106,2,2
57865,46,52,-6,6
57866,196,196,0,0
57867,83,82,1,1
57868,92,85,7,7
57869,66,58,8,8
57870,87,83,4,4
57871,76,76,0,0
57872,24,50,-26,26
57873,94,102,-8,8
57874,85,72,13,13
57875,147,200,-53,53
57876,104,118,-14,14
57877,97,96,1,1
57878,159,146,13,13
57879,103,102,1,1
57880,114,121,-7,7
57881,133,138,-5,5
57882,66,65,1,1
57883,101,108,-7,7
57884,71,66,5,5
57885,85,86,-1,1
57886,87,76,11,11
57887,116,97,19,19
57888,88,80,8,8
57889,64,61,3,3
57890,48,49,-1,1
57891,55,59,-4,4
57892,61,87,-26,26
57893,86,95,-9,9
57894,56,53,3,3
57895,58,53,5,5
57896,77,80,-3,3
57897,70,75,-5,5
57898,78,85,-7,7
57899,136,128,8,8
57900,69,69,0,0
57901,68,63,5,5
57902,102,100,2,2
57903,67,65,2,2
57904,82,77,5,5
57905,54,51,3,3
57906,70,77,-7,7
57907,83,77,6,6
57908,129,122,7,7
57909,43,44,-1,1
57910,46,60,-14,14
57911,119,121,-2,2
57912,50,53,-3,3
57913,76,79,-3,3
57914,168,163,5,5
57915,83,81,2,2
57916,116,106,10,10
57917,121,136,-15,15
57918,96,107,-11,11
57919,126,136,-10,10
57920,86,87,-1,1
57921,85,80,5,5
57922,93,79,14,14
57923,52,55,-3,3
57924,129,126,3,3
57925,87,85,2,2
57926,38,46,-8,8
57927,61,75,-14,14
57928,77,78,-1,1
57929,73,71,2,2
57930,143,153,-10,10
57931,59,64,-5,5
57932,57,58,-1,1
57933,64,65,-1,1
57934,140,138,2,2
57935,109,117,-8,8
57936,91,91,0,0
57937,64,66,-2,2
57938,105,93,12,12
57939,121,113,8,8
57940,65,60,5,5
57941,80,82,-2,2
57942,75,75,0,0
57943,90,82,8,8
57944,93,98,-5,5
57945,60,62,-2,2
57946,75,73,2,2
57947,97,100,-3,3
57948,130,126,4,4
57949,111,105,6,6
57950,82,76,6,6
57951,102,101,1,1
57952,72,73,-1,1
57953,180,189,-9,9
57954,71,82,-11,11
57955,92,93,-1,1
57956,109,107,2,2
57957,113,110,3,3
57958,117,127,-10,10
57959,105,109,-4,4
57960,85,83,2,2
57961,75,70,5,5
57962,77,78,-1,1
57963,79,81,-2,2
57964,106,102,4,4
57965,52,63,-11,11
57966,107,83,24,24
57967,89,93,-4,4
57968,150,147,3,3
57969,84,83,1,1
57970,78,82,-4,4
57971,124,117,7,7
57972,58,60,-2,2
57973,110,112,-2,2
57974,108,112,-4,4
57975,95,110,-15,15
57976,139,130,9,9
57977,92,91,1,1
57978,63,71,-8,8
57979,81,87,-6,6
57980,103,90,13,13
57981,75,72,3,3
57982,75,85,-10,10
57983,125,123,2,2
57984,98,109,-11,11
57985,101,100,1,1
57986,73,84,-11,11
57987,95,92,3,3
57988,120,117,3,3
57989,90,107,-17,17
57990,178,164,14,14
57991,111,117,-6,6
57992,90,90,0,0
57993,91,76,15,15
57994,92,82,10,10
57995,77,77,0,0
57996,87,84,3,3
57997,121,121,0,0
57998,99,90,9,9
57999,119,128,-9,9
58000,85,93,-8,8
58001,102,103,-1,1
58002,102,101,1,1
58003,68,62,6,6
58004,159,143,16,16
58005,91,77,14,14
58006,85,89,-4,4
58007,77,85,-8,8
58008,136,139,-3,3
58009,182,169,13,13
58010,101,102,-1,1
58011,63,58,5,5
58012,89,104,-15,15
58013,78,79,-1,1
58014,104,104,0,0
58015,113,110,3,3
58016,88,93,-5,5
58017,87,85,2,2
58018,182,166,16,16
58019,97,96,1,1
58020,123,124,-1,1
58021,93,123,-30,30
58022,77,64,13,13
58023,87,84,3,3
58024,71,73,-2,2
58025,60,58,2,2
58026,95,103,-8,8
58027,92,84,8,8
58028,78,75,3,3
58029,84,89,-5,5
58030,153,146,7,7
58031,140,147,-7,7
58032,99,87,12,12
58033,57,57,0,0
58034,83,89,-6,6
58035,79,75,4,4
58036,87,90,-3,3
58037,85,106,-21,21
58038,80,81,-1,1
58039,69,75,-6,6
58040,68,72,-4,4
58041,94,100,-6,6
58042,79,86,-7,7
58043,115,115,0,0
58044,59,61,-2,2
58045,183,192,-9,9
58046,64,65,-1,1
58047,109,101,8,8
58048,54,49,5,5
58049,62,60,2,2
58050,69,84,-15,15
58051,62,58,4,4
58052,71,70,1,1
58053,140,137,3,3
58054,73,71,2,2
58055,124,127,-3,3
58056,86,94,-8,8
58057,142,155,-13,13
58058,170,171,-1,1
58059,69,66,3,3
58060,124,125,-1,1
58061,123,128,-5,5
58062,104,86,18,18
58063,65,73,-8,8
58064,110,113,-3,3
58065,80,77,3,3
58066,66,71,-5,5
58067,96,94,2,2
58068,116,122,-6,6
58069,74,74,0,0
58070,59,57,2,2
58071,64,58,6,6
58072,115,122,-7,7
58073,89,83,6,6
58074,136,128,8,8
58075,51,51,0,0
58076,73,72,1,1
58077,68,85,-17,17
58078,116,115,1,1
58079,135,142,-7,7
58080,29,42,-13,13
58081,96,84,12,12
58082,38,74,-36,36
58083,170,177,-7,7
58084,125,124,1,1
58085,160,148,12,12
58086,108,119,-11,11
58087,144,141,3,3
58088,70,63,7,7
58089,100,98,2,2
58090,62,62,0,0
58091,129,130,-1,1
58092,99,91,8,8
58093,93,101,-8,8
58094,108,97,11,11
58095,59,56,3,3
58096,43,49,-6,6
58097,119,111,8,8
58098,71,63,8,8
58099,147,167,-20,20
58100,60,60,0,0
58101,79,90,-11,11
58102,64,70,-6,6
58103,73,76,-3,3
58104,105,109,-4,4
58105,80,77,3,3
58106,79,85,-6,6
58107,90,86,4,4
58108,89,81,8,8
58109,73,67,6,6
58110,113,120,-7,7
58111,78,85,-7,7
58112,63,84,-21,21
58113,142,134,8,8
58114,145,163,-18,18
58115,95,98,-3,3
58116,101,101,0,0
58117,126,117,9,9
58118,154,145,9,9
58119,184,159,25,25
58120,116,122,-6,6
58121,84,85,-1,1
58122,129,132,-3,3
58123,74,73,1,1
58124,97,91,6,6
58125,88,111,-23,23
58126,102,109,-7,7
58127,69,71,-2,2
58128,73,82,-9,9
58129,77,67,10,10
58130,98,99,-1,1
58131,78,80,-2,2
58132,108,91,17,17
58133,78,80,-2,2
58134,86,97,-11,11
58135,70,64,6,6
58136,70,74,-4,4
58137,78,75,3,3
58138,81,77,4,4
58139,55,63,-8,8
58140,37,41,-4,4
58141,80,81,-1,1
58142,68,68,0,0
58143,130,135,-5,5
58144,100,97,3,3
58145,71,78,-7,7
58146,97,96,1,1
58147,147,148,-1,1
58148,93,98,-5,5
58149,165,169,-4,4
58150,70,75,-5,5
58151,59,66,-7,7
58152,46,48,-2,2
58153,132,116,16,16
58154,90,76,14,14
58155,208,211,-3,3
58156,124,131,-7,7
58157,92,102,-10,10
58158,75,76,-1,1
58159,103,102,1,1
58160,47,54,-7,7
58161,72,60,12,12
58162,65,67,-2,2
58163,107,112,-5,5
58164,131,132,-1,1
58165,67,76,-9,9
58166,119,117,2,2
58167,63,63,0,0
58168,153,141,12,12
58169,72,75,-3,3
58170,131,147,-16,16
58171,92,90,2,2
58172,70,71,-1,1
58173,93,103,-10,10
58174,48,64,-16,16
58175,75,71,4,4
58176,185,185,0,0
58177,90,90,0,0
58178,53,53,0,0
58179,130,130,0,0
58180,139,144,-5,5
58181,92,97,-5,5
58182,77,106,-29,29
58183,130,120,10,10
58184,88,81,7,7
58185,68,76,-8,8
58186,144,125,19,19
58187,73,75,-2,2
58188,136,138,-2,2
58189,115,111,4,4
58190,79,84,-5,5
58191,97,95,2,2
58192,70,69,1,1
58193,76,79,-3,3
58194,110,106,4,4
58195,103,115,-12,12
58196,106,108,-2,2
58197,82,81,1,1
58198,82,88,-6,6
58199,64,66,-2,2
58200,108,111,-3,3
58201,162,157,5,5
58202,64,66,-2,2
58203,42,47,-5,5
58204,128,129,-1,1
58205,93,87,6,6
58206,83,76,7,7
58207,75,67,8,8
58208,113,108,5,5
58209,131,127,4,4
58210,70,65,5,5
58211,82,87,-5,5
58212,53,57,-4,4
58213,92,94,-2,2
58214,123,117,6,6
58215,132,126,6,6
58216,71,72,-1,1
58217,83,87,-4,4
58218,52,53,-1,1
58219,102,102,0,0
58220,51,58,-7,7
58221,90,82,8,8
58222,121,132,-11,11
58223,125,129,-4,4
58224,66,62,4,4
58225,99,112,-13,13
58226,71,82,-11,11
58227,103,104,-1,1
58228,87,90,-3,3
58229,130,135,-5,5
58230,74,72,2,2
58231,171,164,7,7
58232,146,126,20,20
58233,81,80,1,1
58234,72,65,7,7
58235,81,97,-16,16
58236,58,60,-2,2
58237,111,107,4,4
58238,148,151,-3,3
58239,76,72,4,4
58240,78,72,6,6
58241,91,92,-1,1
58242,91,92,-1,1
58243,70,75,-5,5
58244,155,140,15,15
58245,89,95,-6,6
58246,55,51,4,4
58247,97,85,12,12
58248,71,72,-1,1
58249,134,143,-9,9
58250,85,74,11,11
58251,76,68,8,8
58252,98,110,-12,12
58253,51,56,-5,5
58254,111,109,2,2
58255,59,63,-4,4
58256,112,109,3,3
58257,43,44,-1,1
58258,122,114,8,8
58259,62,81,-19,19
58260,57,54,3,3
58261,94,105,-11,11
58262,92,91,1,1
58263,113,121,-8,8
58264,125,121,4,4
58265,98,103,-5,5
58266,58,59,-1,1
58267,110,107,3,3
58268,69,73,-4,4
58269,57,65,-8,8
58270,54,51,3,3
58271,69,66,3,3
58272,84,97,-13,13
58273,81,94,-13,13
58274,72,76,-4,4
58275,120,115,5,5
58276,59,64,-5,5
58277,121,116,5,5
58278,54,63,-9,9
58279,62,62,0,0
58280,83,76,7,7
58281,85,79,6,6
58282,102,106,-4,4
58283,109,99,10,10
58284,128,142,-14,14
58285,128,118,10,10
58286,155,125,30,30
58287,75,76,-1,1
58288,44,37,7,7
58289,106,109,-3,3
58290,122,113,9,9
58291,99,97,2,2
58292,76,76,0,0
58293,93,88,5,5
58294,59,60,-1,1
58295,115,110,5,5
58296,147,140,7,7
58297,104,108,-4,4
58298,56,60,-4,4
58299,119,116,3,3
58300,92,94,-2,2
58301,55,60,-5,5
58302,70,63,7,7
58303,79,84,-5,5
58304,106,103,3,3
58305,141,132,9,9
58306,142,144,-2,2
58307,100,103,-3,3
58308,71,70,1,1
58309,37,43,-6,6
58310,58,57,1,1
58311,107,114,-7,7
58312,104,105,-1,1
58313,125,125,0,0
58314,95,126,-31,31
58315,164,158,6,6
58316,45,57,-12,12
58317,86,80,6,6
58318,101,100,1,1
58319,117,111,6,6
58320,85,100,-15,15
58321,60,61,-1,1
58322,141,150,-9,9
58323,101,103,-2,2
58324,113,100,13,13
58325,108,113,-5,5
58326,86,81,5,5
58327,121,113,8,8
58328,165,184,-19,19
58329,58,58,0,0
58330,165,169,-4,4
58331,99,102,-3,3
58332,77,83,-6,6
58333,120,119,1,1
58334,132,123,9,9
58335,138,124,14,14
58336,104,128,-24,24
58337,59,56,3,3
58338,68,63,5,5
58339,76,80,-4,4
58340,81,87,-6,6
58341,126,127,-1,1
58342,125,98,27,27
58343,39,39,0,0
58344,103,85,18,18
58345,64,71,-7,7
58346,120,113,7,7
58347,53,57,-4,4
58348,81,74,7,7
58349,128,122,6,6
58350,75,75,0,0
58351,67,60,7,7
58352,158,145,13,13
58353,77,91,-14,14
58354,140,143,-3,3
58355,75,82,-7,7
58356,114,120,-6,6
58357,82,78,4,4
58358,96,99,-3,3
58359,142,133,9,9
58360,84,95,-11,11
58361,84,67,17,17
58362,69,70,-1,1
58363,63,63,0,0
58364,83,88,-5,5
58365,136,139,-3,3
58366,107,105,2,2
58367,95,98,-3,3
58368,157,142,15,15
58369,89,90,-1,1
58370,85,84,1,1
58371,102,104,-2,2
58372,103,111,-8,8
58373,88,82,6,6
58374,100,98,2,2
58375,69,70,-1,1
58376,84,74,10,10
58377,32,46,-14,14
58378,52,55,-3,3
58379,156,149,7,7
58380,71,64,7,7
58381,114,112,2,2
58382,83,85,-2,2
58383,81,82,-1,1
58384,164,148,16,16
58385,109,105,4,4
58386,89,97,-8,8
58387,125,108,17,17
58388,82,73,9,9
58389,73,76,-3,3
58390,117,143,-26,26
58391,69,73,-4,4
58392,98,96,2,2
58393,114,103,11,11
58394,86,84,2,2
58395,112,104,8,8
58396,96,104,-8,8
58397,113,108,5,5
58398,86,95,-9,9
58399,130,128,2,2
58400,80,79,1,1
58401,134,136,-2,2
58402,158,163,-5,5
58403,59,56,3,3
58404,55,60,-5,5
58405,87,91,-4,4
58406,42,50,-8,8
58407,76,73,3,3
58408,62,56,6,6
58409,119,116,3,3
58410,103,104,-1,1
58411,172,180,-8,8
58412,134,138,-4,4
58413,68,66,2,2
58414,62,54,8,8
58415,57,64,-7,7
58416,147,140,7,7
58417,93,93,0,0
58418,116,111,5,5
58419,161,160,1,1
58420,79,94,-15,15
58421,148,152,-4,4
58422,118,119,-1,1
58423,46,58,-12,12
58424,130,137,-7,7
58425,163,153,10,10
58426,56,59,-3,3
58427,74,71,3,3
58428,66,77,-11,11
58429,84,73,11,11
58430,76,82,-6,6
58431,88,82,6,6
58432,69,67,2,2
58433,60,64,-4,4
58434,75,74,1,1
58435,164,155,9,9
58436,71,81,-10,10
58437,125,106,19,19
58438,86,91,-5,5
58439,62,59,3,3
58440,82,82,0,0
58441,55,55,0,0
58442,58,72,-14,14
58443,52,62,-10,10
58444,107,101,6,6
58445,82,92,-10,10
58446,118,120,-2,2
58447,104,101,3,3
58448,65,62,3,3
58449,148,162,-14,14
58450,104,110,-6,6
58451,189,182,7,7
58452,126,135,-9,9
58453,92,90,2,2
58454,122,122,0,0
58455,75,76,-1,1
58456,99,101,-2,2
58457,99,91,8,8
58458,154,155,-1,1
58459,89,99,-10,10
58460,145,149,-4,4
58461,81,71,10,10
58462,146,157,-11,11
58463,171,180,-9,9
58464,52,52,0,0
58465,81,75,6,6
58466,102,100,2,2
58467,137,152,-15,15
58468,43,46,-3,3
58469,93,99,-6,6
58470,62,63,-1,1
58471,110,101,9,9
58472,78,72,6,6
58473,112,121,-9,9
58474,64,67,-3,3
58475,52,52,0,0
58476,51,68,-17,17
58477,71,80,-9,9
58478,62,63,-1,1
58479,54,50,4,4
58480,81,63,18,18
58481,156,139,17,17
58482,76,77,-1,1
58483,74,66,8,8
58484,63,67,-4,4
58485,59,51,8,8
58486,45,45,0,0
58487,127,109,18,18
58488,110,103,7,7
58489,68,70,-2,2
58490,89,90,-1,1
58491,64,63,1,1
58492,116,125,-9,9
58493,68,74,-6,6
58494,211,220,-9,9
58495,93,90,3,3
58496,79,78,1,1
58497,84,83,1,1
58498,73,68,5,5
58499,82,78,4,4
58500,80,96,-16,16
58501,75,79,-4,4
58502,83,84,-1,1
58503,123,121,2,2
58504,52,49,3,3
58505,133,128,5,5
58506,90,86,4,4
58507,70,71,-1,1
58508,74,80,-6,6
58509,84,87,-3,3
58510,90,92,-2,2
58511,92,93,-1,1
58512,55,64,-9,9
58513,62,65,-3,3
58514,120,120,0,0
58515,84,84,0,0
58516,83,73,10,10
58517,95,114,-19,19
58518,79,72,7,7
58519,89,94,-5,5
58520,149,144,5,5
58521,81,116,-35,35
58522,91,99,-8,8
58523,87,74,13,13
58524,76,78,-2,2
58525,45,46,-1,1
58526,226,234,-8,8
58527,125,121,4,4
58528,148,166,-18,18
58529,60,63,-3,3
58530,134,136,-2,2
58531,165,159,6,6
58532,129,121,8,8
58533,65,61,4,4
58534,89,86,3,3
58535,95,102,-7,7
58536,83,82,1,1
58537,79,75,4,4
58538,111,107,4,4
58539,83,81,2,2
58540,121,120,1,1
58541,97,99,-2,2
58542,114,116,-2,2
58543,55,51,4,4
58544,118,116,2,2
58545,95,103,-8,8
58546,80,78,2,2
58547,112,116,-4,4
58548,127,121,6,6
58549,140,135,5,5
58550,100,171,-71,71
58551,50,53,-3,3
58552,130,129,1,1
58553,77,76,1,1
58554,86,96,-10,10
58555,117,104,13,13
58556,163,164,-1,1
58557,78,77,1,1
58558,118,117,1,1
58559,110,116,-6,6
58560,93,83,10,10
58561,76,92,-16,16
58562,71,62,9,9
58563,85,88,-3,3
58564,39,44,-5,5
58565,77,82,-5,5
58566,57,56,1,1
58567,68,71,-3,3
58568,74,73,1,1
58569,80,75,5,5
58570,86,91,-5,5
58571,55,54,1,1
58572,129,114,15,15
58573,181,193,-12,12
58574,71,71,0,0
58575,106,130,-24,24
58576,43,48,-5,5
58577,157,157,0,0
58578,68,71,-3,3
58579,134,127,7,7
58580,137,149,-12,12
58581,71,72,-1,1
58582,48,48,0,0
58583,45,53,-8,8
58584,75,77,-2,2
58585,67,80,-13,13
58586,108,100,8,8
58587,81,78,3,3
58588,94,99,-5,5
58589,229,233,-4,4
58590,58,62,-4,4
58591,75,76,-1,1
58592,97,117,-20,20
58593,142,142,0,0
58594,196,167,29,29
58595,78,79,-1,1
58596,101,113,-12,12
58597,100,95,5,5
58598,82,78,4,4
58599,100,102,-2,2
58600,81,85,-4,4
58601,81,90,-9,9
58602,106,131,-25,25
58603,74,66,8,8
58604,77,86,-9,9
58605,124,119,5,5
58606,35,42,-7,7
58607,76,79,-3,3
58608,106,106,0,0
58609,83,85,-2,2
58610,82,86,-4,4
58611,77,79,-2,2
58612,113,113,0,0
58613,86,81,5,5
58614,115,115,0,0
58615,98,96,2,2
58616,69,77,-8,8
58617,90,97,-7,7
58618,99,94,5,5
58619,59,72,-13,13
58620,109,102,7,7
58621,72,77,-5,5
58622,130,127,3,3
58623,118,121,-3,3
58624,113,113,0,0
58625,98,97,1,1
58626,102,96,6,6
58627,142,131,11,11
58628,95,109,-14,14
58629,89,91,-2,2
58630,45,57,-12,12
58631,35,37,-2,2
58632,54,57,-3,3
58633,102,88,14,14
58634,27,28,-1,1
58635,66,64,2,2
58636,35,46,-11,11
58637,115,111,4,4
58638,148,148,0,0
58639,98,91,7,7
58640,115,120,-5,5
58641,79,88,-9,9
58642,84,84,0,0
58643,147,147,0,0
58644,79,73,6,6
58645,62,62,0,0
58646,95,86,9,9
58647,71,71,0,0
58648,66,71,-5,5
58649,84,86,-2,2
58650,142,135,7,7
58651,142,129,13,13
58652,91,91,0,0
58653,102,100,2,2
58654,105,140,-35,35
58655,66,63,3,3
58656,83,89,-6,6
58657,63,64,-1,1
58658,66,72,-6,6
58659,109,125,-16,16
58660,71,76,-5,5
58661,92,93,-1,1
58662,139,149,-10,10
58663,117,118,-1,1
58664,120,121,-1,1
58665,94,113,-19,19
58666,99,97,2,2
58667,58,56,2,2
58668,129,133,-4,4
58669,66,77,-11,11
58670,126,111,15,15
58671,111,121,-10,10
58672,54,54,0,0
58673,153,131,22,22
58674,82,83,-1,1
58675,56,61,-5,5
58676,59,64,-5,5
58677,146,133,13,13
58678,64,64,0,0
58679,56,56,0,0
58680,60,59,1,1
58681,21,48,-27,27
58682,132,137,-5,5
58683,85,86,-1,1
58684,113,109,4,4
58685,81,82,-1,1
58686,110,114,-4,4
58687,98,94,4,4
58688,86,88,-2,2
58689,102,100,2,2
58690,129,153,-24,24
58691,89,84,5,5
58692,121,124,-3,3
58693,104,103,1,1
58694,63,66,-3,3
58695,138,147,-9,9
58696,119,137,-18,18
58697,92,90,2,2
58698,113,109,4,4
58699,97,98,-1,1
58700,162,156,6,6
58701,41,48,-7,7
58702,112,115,-3,3
58703,124,122,2,2
58704,76,72,4,4
58705,116,120,-4,4
58706,86,81,5,5
58707,69,62,7,7
58708,99,109,-10,10
58709,65,67,-2,2
58710,70,81,-11,11
58711,111,100,11,11
58712,79,74,5,5
58713,92,95,-3,3
58714,92,83,9,9
58715,126,126,0,0
58716,109,107,2,2
58717,65,74,-9,9
58718,79,74,5,5
58719,160,159,1,1
58720,75,82,-7,7
58721,95,89,6,6
58722,97,94,3,3
58723,102,105,-3,3
58724,75,71,4,4
58725,119,125,-6,6
58726,31,36,-5,5
58727,137,128,9,9
58728,99,109,-10,10
58729,135,131,4,4
58730,143,147,-4,4
58731,128,127,1,1
58732,135,137,-2,2
58733,56,52,4,4
58734,79,72,7,7
58735,157,144,13,13
58736,103,115,-12,12
58737,147,144,3,3
58738,78,77,1,1
58739,124,122,2,2
58740,57,63,-6,6
58741,63,81,-18,18
58742,79,72,7,7
58743,87,94,-7,7
58744,105,100,5,5
58745,119,116,3,3
58746,41,44,-3,3
58747,62,70,-8,8
58748,148,159,-11,11
58749,113,110,3,3
58750,236,228,8,8
58751,49,54,-5,5
58752,78,84,-6,6
58753,105,109,-4,4
58754,136,131,5,5
58755,93,94,-1,1
58756,55,61,-6,6
58757,87,91,-4,4
58758,67,77,-10,10
58759,113,107,6,6
58760,52,52,0,0
58761,102,132,-30,30
58762,149,135,14,14
58763,65,74,-9,9
58764,106,102,4,4
58765,88,85,3,3
58766,175,162,13,13
58767,116,125,-9,9
58768,128,129,-1,1
58769,86,87,-1,1
58770,154,150,4,4
58771,93,91,2,2
58772,65,94,-29,29
58773,119,119,0,0
58774,81,78,3,3
58775,93,114,-21,21
58776,77,83,-6,6
58777,144,123,21,21
58778,105,108,-3,3
58779,111,95,16,16
58780,143,134,9,9
58781,96,95,1,1
58782,86,98,-12,12
58783,78,74,4,4
58784,136,132,4,4
58785,82,78,4,4
58786,91,88,3,3
58787,83,87,-4,4
58788,106,113,-7,7
58789,94,99,-5,5
58790,99,105,-6,6
58791,78,72,6,6
58792,154,148,6,6
58793,77,63,14,14
58794,184,181,3,3
58795,192,185,7,7
58796,77,75,2,2
58797,105,110,-5,5
58798,62,70,-8,8
58799,103,101,2,2
58800,59,59,0,0
58801,77,67,10,10
58802,155,162,-7,7
58803,90,85,5,5
58804,98,121,-23,23
58805,93,93,0,0
58806,132,136,-4,4
58807,115,117,-2,2
58808,67,65,2,2
58809,198,204,-6,6
58810,90,85,5,5
58811,114,113,1,1
58812,108,110,-2,2
58813,77,83,-6,6
58814,114,127,-13,13
58815,126,143,-17,17
58816,86,84,2,2
58817,67,68,-1,1
58818,108,106,2,2
58819,92,92,0,0
58820,123,125,-2,2
58821,96,101,-5,5
58822,64,63,1,1
58823,166,163,3,3
58824,218,230,-12,12
58825,89,93,-4,4
58826,76,83,-7,7
58827,69,71,-2,2
58828,122,122,0,0
58829,115,119,-4,4
58830,87,114,-27,27
58831,119,118,1,1
58832,95,90,5,5
58833,82,82,0,0
58834,57,61,-4,4
58835,100,107,-7,7
58836,86,82,4,4
58837,101,93,8,8
58838,65,57,8,8
58839,106,103,3,3
58840,75,74,1,1
58841,142,132,10,10
58842,81,74,7,7
58843,77,81,-4,4
58844,59,59,0,0
58845,130,117,13,13
58846,100,92,8,8
58847,92,100,-8,8
58848,55,61,-6,6
58849,101,131,-30,30
58850,66,64,2,2
58851,108,96,12,12
58852,83,86,-3,3
58853,69,65,4,4
58854,140,132,8,8
58855,87,83,4,4
58856,96,99,-3,3
58857,167,147,20,20
58858,72,72,0,0
58859,88,90,-2,2
58860,124,121,3,3
58861,91,96,-5,5
58862,51,52,-1,1
58863,87,71,16,16
58864,92,98,-6,6
58865,58,60,-2,2
58866,45,47,-2,2
58867,95,86,9,9
58868,134,123,11,11
58869,91,93,-2,2
58870,121,113,8,8
58871,51,50,1,1
58872,58,56,2,2
58873,48,52,-4,4
58874,75,78,-3,3
58875,46,53,-7,7
58876,56,61,-5,5
58877,87,84,3,3
58878,47,63,-16,16
58879,88,92,-4,4
58880,112,104,8,8
58881,56,62,-6,6
58882,104,103,1,1
58883,61,58,3,3
58884,96,100,-4,4
58885,113,104,9,9
58886,66,62,4,4
58887,153,159,-6,6
58888,115,122,-7,7
58889,100,105,-5,5
58890,73,71,2,2
58891,89,73,16,16
58892,101,112,-11,11
58893,82,95,-13,13
58894,89,100,-11,11
58895,94,102,-8,8
58896,93,89,4,4
58897,113,116,-3,3
58898,129,127,2,2
58899,68,62,6,6
58900,68,60,8,8
58901,94,91,3,3
58902,157,151,6,6
58903,99,98,1,1
58904,54,60,-6,6
58905,123,118,5,5
58906,94,80,14,14
58907,183,186,-3,3
58908,74,74,0,0
58909,59,60,-1,1
58910,173,165,8,8
58911,122,117,5,5
58912,75,71,4,4
58913,77,81,-4,4
58914,63,62,1,1
58915,90,96,-6,6
58916,56,64,-8,8
58917,82,82,0,0
58918,86,106,-20,20
58919,149,151,-2,2
58920,108,104,4,4
58921,73,72,1,1
58922,67,72,-5,5
58923,93,98,-5,5
58924,55,55,0,0
58925,108,115,-7,7
58926,118,113,5,5
58927,30,39,-9,9
58928,70,54,16,16
58929,94,97,-3,3
58930,84,80,4,4
58931,77,73,4,4
58932,64,59,5,5
58933,103,106,-3,3
58934,93,118,-25,25
58935,91,84,7,7
58936,65,67,-2,2
58937,108,105,3,3
58938,117,108,9,9
58939,45,48,-3,3
58940,113,121,-8,8
58941,70,66,4,4
58942,75,96,-21,21
58943,79,80,-1,1
58944,59,57,2,2
58945,59,56,3,3
58946,42,52,-10,10
58947,96,87,9,9
58948,109,103,6,6
58949,95,106,-11,11
58950,126,125,1,1
58951,89,93,-4,4
58952,99,101,-2,2
58953,145,148,-3,3
58954,108,103,5,5
58955,84,85,-1,1
58956,82,88,-6,6
58957,171,166,5,5
58958,103,92,11,11
58959,118,113,5,5
58960,180,166,14,14
58961,61,62,-1,1
58962,163,150,13,13
58963,135,151,-16,16
58964,152,142,10,10
58965,109,95,14,14
58966,61,65,-4,4
58967,108,111,-3,3
58968,181,196,-15,15
58969,104,111,-7,7
58970,105,101,4,4
58971,68,73,-5,5
58972,116,146,-30,30
58973,144,137,7,7
58974,85,80,5,5
58975,141,153,-12,12
58976,152,161,-9,9
58977,114,120,-6,6
58978,143,138,5,5
58979,155,154,1,1
58980,191,183,8,8
58981,102,95,7,7
58982,77,75,2,2
58983,97,106,-9,9
58984,85,93,-8,8
58985,82,75,7,7
58986,83,78,5,5
58987,64,64,0,0
58988,135,136,-1,1
58989,86,80,6,6
58990,59,55,4,4
58991,71,61,10,10
58992,65,53,12,12
58993,134,129,5,5
58994,85,87,-2,2
58995,159,156,3,3
58996,145,153,-8,8
58997,66,71,-5,5
58998,71,74,-3,3
58999,154,134,20,20
59000,159,172,-13,13
59001,50,54,-4,4
59002,95,107,-12,12
59003,81,76,5,5
59004,128,115,13,13
59005,79,76,3,3
59006,93,101,-8,8
59007,156,158,-2,2
59008,107,107,0,0
59009,48,50,-2,2
59010,49,52,-3,3
59011,52,110,-58,58
59012,43,51,-8,8
59013,166,163,3,3
59014,59,58,1,1
59015,97,93,4,4
59016,143,157,-14,14
59017,107,118,-11,11
59018,122,120,2,2
59019,77,71,6,6
59020,77,79,-2,2
59021,52,55,-3,3
59022,70,71,-1,1
59023,93,93,0,0
59024,93,109,-16,16
59025,110,118,-8,8
59026,53,56,-3,3
59027,67,62,5,5
59028,185,182,3,3
59029,90,77,13,13
59030,107,104,3,3
59031,148,157,-9,9
59032,119,125,-6,6
59033,95,107,-12,12
59034,112,98,14,14
59035,171,188,-17,17
59036,110,89,21,21
59037,76,84,-8,8
59038,99,94,5,5
59039,94,103,-9,9
59040,107,115,-8,8
59041,73,75,-2,2
59042,133,121,12,12
59043,70,79,-9,9
59044,80,65,15,15
59045,149,143,6,6
59046,78,58,20,20
59047,95,93,2,2
59048,79,85,-6,6
59049,42,54,-12,12
59050,73,66,7,7
59051,346,293,53,53
59052,70,54,16,16
59053,75,77,-2,2
59054,144,149,-5,5
59055,63,61,2,2
59056,80,81,-1,1
59057,124,113,11,11
59058,69,66,3,3
59059,99,97,2,2
59060,140,118,22,22
59061,117,117,0,0
59062,58,61,-3,3
59063,84,86,-2,2
59064,47,49,-2,2
59065,86,81,5,5
59066,52,58,-6,6
59067,77,82,-5,5
59068,69,70,-1,1
59069,107,103,4,4
59070,118,110,8,8
59071,81,94,-13,13
59072,109,103,6,6
59073,97,107,-10,10
59074,85,86,-1,1
59075,81,70,11,11
59076,65,57,8,8
59077,101,116,-15,15
59078,90,101,-11,11
59079,68,76,-8,8
59080,59,55,4,4
59081,97,95,2,2
59082,104,102,2,2
59083,52,51,1,1
59084,58,60,-2,2
59085,64,71,-7,7
59086,92,90,2,2
59087,179,167,12,12
59088,112,105,7,7
59089,100,112,-12,12
59090,60,56,4,4
59091,102,103,-1,1
59092,111,106,5,5
59093,100,94,6,6
59094,80,75,5,5
59095,89,84,5,5
59096,124,134,-10,10
59097,70,72,-2,2
59098,85,93,-8,8
59099,79,85,-6,6
59100,74,74,0,0
59101,66,75,-9,9
59102,75,80,-5,5
59103,83,86,-3,3
59104,65,72,-7,7
59105,119,124,-5,5
59106,102,102,0,0
59107,81,84,-3,3
59108,77,79,-2,2
59109,81,79,2,2
59110,94,96,-2,2
59111,103,109,-6,6
59112,104,103,1,1
59113,118,106,12,12
59114,90,79,11,11
59115,71,75,-4,4
59116,114,109,5,5
59117,120,100,20,20
59118,85,81,4,4
59119,79,83,-4,4
59120,49,52,-3,3
59121,74,72,2,2
59122,99,100,-1,1
59123,106,117,-11,11
59124,89,92,-3,3
59125,21,38,-17,17
59126,114,115,-1,1
59127,90,100,-10,10
59128,129,126,3,3
59129,64,61,3,3
59130,44,49,-5,5
59131,150,137,13,13
59132,136,135,1,1
59133,119,126,-7,7
59134,68,74,-6,6
59135,87,94,-7,7
59136,66,71,-5,5
59137,103,105,-2,2
59138,117,119,-2,2
59139,111,95,16,16
59140,112,88,24,24
59141,101,95,6,6
59142,143,147,-4,4
59143,81,81,0,0
59144,180,164,16,16
59145,61,62,-1,1
59146,131,131,0,0
59147,70,69,1,1
59148,107,110,-3,3
59149,135,123,12,12
59150,92,87,5,5
59151,81,78,3,3
59152,108,105,3,3
59153,90,86,4,4
59154,86,74,12,12
59155,127,122,5,5
59156,47,54,-7,7
59157,130,127,3,3
59158,84,95,-11,11
59159,79,76,3,3
59160,91,93,-2,2
59161,120,111,9,9
59162,80,82,-2,2
59163,59,64,-5,5
59164,81,94,-13,13
59165,143,147,-4,4
59166,117,102,15,15
59167,143,141,2,2
59168,154,133,21,21
59169,57,61,-4,4
59170,69,63,6,6
59171,44,49,-5,5
59172,84,93,-9,9
59173,96,93,3,3
59174,80,79,1,1
59175,61,74,-13,13
59176,64,72,-8,8
59177,67,71,-4,4
59178,108,105,3,3
59179,87,90,-3,3
59180,87,85,2,2
59181,112,97,15,15
59182,147,146,1,1
59183,143,140,3,3
59184,124,116,8,8
59185,160,150,10,10
59186,109,112,-3,3
59187,71,65,6,6
59188,138,135,3,3
59189,76,75,1,1
59190,96,88,8,8
59191,94,91,3,3
59192,44,46,-2,2
59193,83,91,-8,8
59194,49,51,-2,2
59195,75,87,-12,12
59196,104,115,-11,11
59197,75,75,0,0
59198,93,94,-1,1
59199,96,102,-6,6
59200,81,90,-9,9
59201,80,77,3,3
59202,97,78,19,19
59203,65,68,-3,3
59204,46,53,-7,7
59205,79,83,-4,4
59206,88,86,2,2
59207,62,77,-15,15
59208,84,74,10,10
59209,70,71,-1,1
59210,129,135,-6,6
59211,104,77,27,27
59212,116,123,-7,7
59213,126,121,5,5
59214,95,103,-8,8
59215,66,64,2,2
59216,81,78,3,3
59217,133,117,16,16
59218,95,100,-5,5
59219,151,141,10,10
59220,88,89,-1,1
59221,110,115,-5,5
59222,69,61,8,8
59223,106,99,7,7
59224,64,66,-2,2
59225,126,114,12,12
59226,41,54,-13,13
59227,97,97,0,0
59228,46,73,-27,27
59229,52,66,-14,14
59230,66,59,7,7
59231,81,76,5,5
59232,81,86,-5,5
59233,85,84,1,1
59234,35,39,-4,4
59235,118,113,5,5
59236,94,92,2,2
59237,92,90,2,2
59238,55,58,-3,3
59239,99,96,3,3
59240,68,71,-3,3
59241,56,54,2,2
59242,97,103,-6,6
59243,110,118,-8,8
59244,152,142,10,10
59245,40,47,-7,7
59246,52,62,-10,10
59247,169,179,-10,10
59248,160,149,11,11
59249,78,71,7,7
59250,77,90,-13,13
59251,40,48,-8,8
59252,93,117,-24,24
59253,115,108,7,7
59254,108,117,-9,9
59255,69,72,-3,3
59256,126,155,-29,29
59257,133,149,-16,16
59258,116,119,-3,3
59259,76,90,-14,14
59260,42,46,-4,4
59261,74,80,-6,6
59262,145,143,2,2
59263,72,64,8,8
59264,103,115,-12,12
59265,67,71,-4,4
59266,139,125,14,14
59267,93,90,3,3
59268,112,110,2,2
59269,176,173,3,3
59270,70,68,2,2
59271,158,135,23,23
59272,71,71,0,0
59273,47,45,2,2
59274,93,81,12,12
59275,57,67,-10,10
59276,75,71,4,4
59277,62,74,-12,12
59278,104,126,-22,22
59279,143,146,-3,3
59280,83,80,3,3
59281,75,71,4,4
59282,92,91,1,1
59283,60,85,-25,25
59284,117,114,3,3
59285,64,66,-2,2
59286,61,62,-1,1
59287,87,75,12,12
59288,175,186,-11,11
59289,58,63,-5,5
59290,77,66,11,11
59291,96,80,16,16
59292,120,127,-7,7
59293,176,167,9,9
59294,132,130,2,2
59295,67,70,-3,3
59296,73,75,-2,2
59297,120,145,-25,25
59298,71,72,-1,1
59299,63,61,2,2
59300,74,67,7,7
59301,35,52,-17,17
59302,129,117,12,12
59303,132,140,-8,8
59304,75,79,-4,4
59305,122,116,6,6
59306,89,86,3,3
59307,90,82,8,8
59308,71,72,-1,1
59309,92,83,9,9
59310,184,170,14,14
59311,59,87,-28,28
59312,90,96,-6,6
59313,100,113,-13,13
59314,83,77,6,6
59315,83,84,-1,1
59316,78,78,0,0
59317,106,106,0,0
59318,107,113,-6,6
59319,45,50,-5,5
59320,82,87,-5,5
59321,85,94,-9,9
59322,109,90,19,19
59323,70,74,-4,4
59324,70,75,-5,5
59325,109,113,-4,4
59326,62,61,1,1
59327,63,72,-9,9
59328,67,75,-8,8
59329,38,38,0,0
59330,45,43,2,2
59331,111,102,9,9
59332,99,115,-16,16
59333,52,56,-4,4
59334,93,92,1,1
59335,103,120,-17,17
59336,86,86,0,0
59337,69,66,3,3
59338,52,78,-26,26
59339,215,189,26,26
59340,90,87,3,3
59341,54,57,-3,3
59342,110,107,3,3
59343,97,89,8,8
59344,150,117,33,33
59345,142,134,8,8
59346,57,70,-13,13
59347,116,112,4,4
59348,177,164,13,13
59349,109,112,-3,3
59350,78,77,1,1
59351,79,80,-1,1
59352,51,55,-4,4
59353,80,82,-2,2
59354,99,112,-13,13
59355,49,48,1,1
59356,153,159,-6,6
59357,174,171,3,3
59358,100,103,-3,3
59359,147,135,12,12
59360,75,91,-16,16
59361,138,130,8,8
59362,78,73,5,5
59363,77,85,-8,8
59364,93,83,10,10
59365,148,141,7,7
59366,176,163,13,13
59367,74,71,3,3
59368,178,193,-15,15
59369,107,115,-8,8
59370,103,101,2,2
59371,125,120,5,5
59372,119,112,7,7
59373,98,100,-2,2
59374,69,62,7,7
59375,72,71,1,1
59376,81,96,-15,15
59377,54,59,-5,5
59378,110,111,-1,1
59379,84,85,-1,1
59380,148,148,0,0
59381,61,54,7,7
59382,94,100,-6,6
59383,79,93,-14,14
59384,77,74,3,3
59385,83,85,-2,2
59386,102,89,13,13
59387,99,98,1,1
59388,104,99,5,5
59389,128,140,-12,12
59390,73,80,-7,7
59391,85,84,1,1
59392,123,137,-14,14
59393,87,95,-8,8
59394,135,120,15,15
59395,71,66,5,5
59396,81,97,-16,16
59397,64,58,6,6
59398,71,70,1,1
59399,105,104,1,1
59400,59,56,3,3
59401,140,135,5,5
59402,161,159,2,2
59403,100,92,8,8
59404,89,88,1,1
59405,64,66,-2,2
59406,154,153,1,1
59407,167,135,32,32
59408,178,169,9,9
59409,88,77,11,11
59410,79,103,-24,24
59411,72,80,-8,8
59412,85,84,1,1
59413,92,94,-2,2
59414,71,80,-9,9
59415,60,71,-11,11
59416,66,60,6,6
59417,95,85,10,10
59418,82,80,2,2
59419,82,88,-6,6
59420,91,81,10,10
59421,121,112,9,9
59422,78,75,3,3
59423,148,145,3,3
59424,95,96,-1,1
59425,138,147,-9,9
59426,61,65,-4,4
59427,66,66,0,0
59428,83,80,3,3
59429,61,67,-6,6
59430,60,60,0,0
59431,56,56,0,0
59432,127,125,2,2
59433,62,56,6,6
59434,133,137,-4,4
59435,79,72,7,7
59436,123,103,20,20
59437,53,55,-2,2
59438,79,79,0,0
59439,126,113,13,13
59440,117,135,-18,18
59441,136,133,3,3
59442,81,104,-23,23
59443,105,129,-24,24
59444,118,125,-7,7
59445,66,70,-4,4
59446,59,54,5,5
59447,129,134,-5,5
59448,93,102,-9,9
59449,87,90,-3,3
59450,45,47,-2,2
59451,64,61,3,3
59452,121,126,-5,5
59453,168,154,14,14
59454,81,72,9,9
59455,99,92,7,7
59456,117,106,11,11
59457,95,84,11,11
59458,66,68,-2,2
59459,122,116,6,6
59460,112,124,-12,12
59461,71,82,-11,11
59462,172,179,-7,7
59463,108,99,9,9
59464,85,85,0,0
59465,130,127,3,3
59466,64,61,3,3
59467,74,78,-4,4
59468,63,63,0,0
59469,145,144,1,1
59470,95,98,-3,3
59471,138,146,-8,8
59472,105,106,-1,1
59473,51,56,-5,5
59474,109,120,-11,11
59475,91,111,-20,20
59476,70,61,9,9
59477,129,127,2,2
59478,106,93,13,13
59479,82,75,7,7
59480,54,51,3,3
59481,151,164,-13,13
59482,120,115,5,5
59483,151,152,-1,1
59484,96,106,-10,10
59485,62,64,-2,2
59486,165,159,6,6
59487,138,129,9,9
59488,128,130,-2,2
59489,80,71,9,9
59490,94,98,-4,4
59491,86,91,-5,5
59492,130,129,1,1
59493,154,148,6,6
59494,81,83,-2,2
59495,152,145,7,7
59496,52,65,-13,13
59497,65,63,2,2
59498,109,93,16,16
59499,72,70,2,2
59500,103,100,3,3
59501,112,99,13,13
59502,65,73,-8,8
59503,77,85,-8,8
59504,189,196,-7,7
59505,178,173,5,5
59506,48,47,1,1
59507,145,143,2,2
59508,47,61,-14,14
59509,146,143,3,3
59510,118,120,-2,2
59511,78,81,-3,3
59512,93,102,-9,9
59513,72,72,0,0
59514,86,89,-3,3
59515,118,115,3,3
59516,87,86,1,1
59517,42,49,-7,7
59518,87,98,-11,11
59519,87,91,-4,4
59520,159,160,-1,1
59521,96,98,-2,2
59522,50,53,-3,3
59523,76,95,-19,19
59524,111,119,-8,8
59525,140,136,4,4
59526,133,126,7,7
59527,89,102,-13,13
59528,94,97,-3,3
59529,60,55,5,5
59530,67,71,-4,4
59531,166,148,18,18
59532,74,83,-9,9
59533,88,91,-3,3
59534,113,114,-1,1
59535,114,116,-2,2
59536,98,90,8,8
59537,52,59,-7,7
59538,109,109,0,0
59539,51,52,-1,1
59540,92,91,1,1
59541,79,82,-3,3
59542,65,66,-1,1
59543,80,83,-3,3
59544,130,122,8,8
59545,90,93,-3,3
59546,108,97,11,11
59547,84,93,-9,9
59548,160,162,-2,2
59549,53,54,-1,1
59550,62,72,-10,10
59551,65,75,-10,10
59552,65,66,-1,1
59553,61,58,3,3
59554,35,40,-5,5
59555,113,111,2,2
59556,69,75,-6,6
59557,56,55,1,1
59558,103,117,-14,14
59559,76,71,5,5
59560,106,116,-10,10
59561,157,157,0,0
59562,150,150,0,0
59563,79,78,1,1
59564,94,99,-5,5
59565,59,64,-5,5
59566,135,161,-26,26
59567,91,95,-4,4
59568,129,126,3,3
59569,80,85,-5,5
59570,58,55,3,3
59571,96,84,12,12
59572,160,166,-6,6
59573,80,74,6,6
59574,55,56,-1,1
59575,101,97,4,4
59576,85,77,8,8
59577,68,73,-5,5
59578,95,113,-18,18
59579,110,110,0,0
59580,75,72,3,3
59581,73,79,-6,6
59582,90,94,-4,4
59583,78,84,-6,6
59584,148,141,7,7
59585,94,93,1,1
59586,64,66,-2,2
59587,186,172,14,14
59588,40,46,-6,6
59589,74,76,-2,2
59590,140,135,5,5
59591,103,98,5,5
59592,179,152,27,27
59593,209,179,30,30
59594,114,119,-5,5
59595,44,58,-14,14
59596,84,80,4,4
59597,55,56,-1,1
59598,150,147,3,3
59599,64,60,4,4
59600,61,67,-6,6
59601,89,95,-6,6
59602,129,117,12,12
59603,61,62,-1,1
59604,125,111,14,14
59605,129,125,4,4
59606,94,97,-3,3
59607,86,78,8,8
59608,124,126,-2,2
59609,45,62,-17,17
59610,131,123,8,8
59611,89,85,4,4
59612,140,148,-8,8
59613,85,91,-6,6
59614,178,181,-3,3
59615,120,117,3,3
59616,135,127,8,8
59617,72,66,6,6
59618,45,47,-2,2
59619,63,63,0,0
59620,62,73,-11,11
59621,87,88,-1,1
59622,165,175,-10,10
59623,107,130,-23,23
59624,69,81,-12,12
59625,94,94,0,0
59626,58,60,-2,2
59627,105,104,1,1
59628,115,114,1,1
59629,92,88,4,4
59630,80,77,3,3
59631,154,170,-16,16
59632,61,52,9,9
59633,115,114,1,1
59634,52,49,3,3
59635,69,66,3,3
59636,58,63,-5,5
59637,92,97,-5,5
59638,56,60,-4,4
59639,94,109,-15,15
59640,70,73,-3,3
59641,126,102,24,24
59642,77,79,-2,2
59643,77,74,3,3
59644,160,163,-3,3
59645,69,70,-1,1
59646,73,72,1,1
59647,72,75,-3,3
59648,72,71,1,1
59649,124,124,0,0
59650,78,75,3,3
59651,81,81,0,0
59652,156,153,3,3
59653,67,61,6,6
59654,118,117,1,1
59655,79,73,6,6
59656,81,76,5,5
59657,87,80,7,7
59658,57,71,-14,14
59659,70,188,-118,118
59660,147,104,43,43
59661,141,134,7,7
59662,42,57,-15,15
59663,89,95,-6,6
59664,94,94,0,0
59665,103,108,-5,5
59666,100,104,-4,4
59667,56,57,-1,1
59668,85,77,8,8
59669,77,75,2,2
59670,89,90,-1,1
59671,125,141,-16,16
59672,41,43,-2,2
59673,135,124,11,11
59674,70,85,-15,15
59675,51,48,3,3
59676,86,95,-9,9
59677,100,101,-1,1
59678,103,107,-4,4
59679,62,63,-1,1
59680,153,139,14,14
59681,173,172,1,1
59682,137,154,-17,17
59683,107,93,14,14
59684,161,150,11,11
59685,139,144,-5,5
59686,62,55,7,7
59687,71,63,8,8
59688,104,130,-26,26
59689,115,113,2,2
59690,144,146,-2,2
59691,76,79,-3,3
59692,168,166,2,2
59693,76,73,3,3
59694,78,84,-6,6
59695,94,124,-30,30
59696,92,87,5,5
59697,96,88,8,8
59698,131,122,9,9
59699,93,97,-4,4
59700,93,86,7,7
59701,60,66,-6,6
59702,78,65,13,13
59703,72,82,-10,10
59704,141,112,29,29
59705,116,110,6,6
59706,83,90,-7,7
59707,78,84,-6,6
59708,79,82,-3,3
59709,113,118,-5,5
59710,46,51,-5,5
59711,93,100,-7,7
59712,99,91,8,8
59713,103,116,-13,13
59714,98,87,11,11
59715,113,107,6,6
59716,121,142,-21,21
59717,58,61,-3,3
59718,92,91,1,1
59719,89,94,-5,5
59720,99,101,-2,2
59721,89,91,-2,2
59722,79,83,-4,4
59723,138,133,5,5
59724,79,77,2,2
59725,73,78,-5,5
59726,88,83,5,5
59727,73,86,-13,13
59728,95,99,-4,4
59729,104,109,-5,5
59730,77,71,6,6
59731,54,57,-3,3
59732,128,129,-1,1
59733,88,91,-3,3
59734,89,86,3,3
59735,100,106,-6,6
59736,132,132,0,0
59737,73,77,-4,4
59738,69,74,-5,5
59739,88,79,9,9
59740,127,128,-1,1
59741,135,137,-2,2
59742,71,71,0,0
59743,133,131,2,2
59744,98,98,0,0
59745,96,83,13,13
59746,121,117,4,4
59747,110,100,10,10
59748,63,65,-2,2
59749,149,145,4,4
59750,75,91,-16,16
59751,61,73,-12,12
59752,203,186,17,17
59753,106,111,-5,5
59754,90,89,1,1
59755,111,95,16,16
59756,98,91,7,7
59757,70,88,-18,18
59758,77,72,5,5
59759,65,68,-3,3
59760,110,107,3,3
59761,82,94,-12,12
59762,135,131,4,4
59763,133,132,1,1
59764,93,91,2,2
59765,96,107,-11,11
59766,83,85,-2,2
59767,83,83,0,0
59768,114,105,9,9
59769,169,183,-14,14
59770,83,72,11,11
59771,87,86,1,1
59772,80,93,-13,13
59773,64,71,-7,7
59774,185,177,8,8
59775,110,102,8,8
59776,109,99,10,10
59777,52,53,-1,1
59778,103,100,3,3
59779,34,48,-14,14
59780,69,119,-50,50
59781,154,146,8,8
59782,149,148,1,1
59783,81,79,2,2
59784,81,82,-1,1
59785,68,71,-3,3
59786,93,84,9,9
59787,57,55,2,2
59788,129,128,1,1
59789,98,98,0,0
59790,117,128,-11,11
59791,76,84,-8,8
59792,36,38,-2,2
59793,130,129,1,1
59794,81,82,-1,1
59795,72,80,-8,8
59796,76,82,-6,6
59797,63,66,-3,3
59798,97,95,2,2
59799,61,70,-9,9
59800,85,85,0,0
59801,110,137,-27,27
59802,85,84,1,1
59803,77,92,-15,15
59804,127,121,6,6
59805,49,50,-1,1
59806,85,81,4,4
59807,83,92,-9,9
59808,132,141,-9,9
59809,136,140,-4,4
59810,73,70,3,3
59811,71,73,-2,2
59812,79,75,4,4
59813,88,97,-9,9
59814,70,131,-61,61
59815,75,71,4,4
59816,46,46,0,0
59817,101,100,1,1
59818,128,143,-15,15
59819,92,86,6,6
59820,149,130,19,19
59821,122,93,29,29
59822,79,97,-18,18
59823,48,66,-18,18
59824,101,100,1,1
59825,94,92,2,2
59826,125,129,-4,4
59827,91,100,-9,9
59828,78,80,-2,2
59829,121,120,1,1
59830,166,151,15,15
59831,96,94,2,2
59832,124,150,-26,26
59833,159,152,7,7
59834,66,71,-5,5
59835,82,77,5,5
59836,75,76,-1,1
59837,59,53,6,6
59838,85,84,1,1
59839,99,87,12,12
59840,148,143,5,5
59841,109,100,9,9
59842,81,78,3,3
59843,99,93,6,6
59844,47,57,-10,10
59845,78,80,-2,2
59846,85,83,2,2
59847,76,86,-10,10
59848,54,48,6,6
59849,106,113,-7,7
59850,83,78,5,5
59851,66,65,1,1
59852,47,61,-14,14
59853,60,65,-5,5
59854,109,111,-2,2
59855,122,121,1,1
59856,92,88,4,4
59857,102,93,9,9
59858,130,140,-10,10
59859,104,102,2,2
59860,106,94,12,12
59861,74,75,-1,1
59862,149,152,-3,3
59863,46,58,-12,12
59864,55,54,1,1
59865,81,83,-2,2
59866,86,93,-7,7
59867,159,153,6,6
59868,49,51,-2,2
59869,76,82,-6,6
59870,109,112,-3,3
59871,88,78,10,10
59872,66,68,-2,2
59873,95,98,-3,3
59874,123,117,6,6
59875,49,57,-8,8
59876,60,57,3,3
59877,140,139,1,1
59878,72,65,7,7
59879,103,111,-8,8
59880,88,95,-7,7
59881,94,94,0,0
59882,97,90,7,7
59883,112,110,2,2
59884,37,54,-17,17
59885,70,75,-5,5
59886,217,215,2,2
59887,159,147,12,12
59888,86,87,-1,1
59889,116,118,-2,2
59890,76,71,5,5
59891,159,150,9,9
59892,102,95,7,7
59893,72,75,-3,3
59894,102,105,-3,3
59895,94,84,10,10
59896,56,53,3,3
59897,136,145,-9,9
59898,78,75,3,3
59899,75,82,-7,7
59900,138,139,-1,1
59901,79,77,2,2
59902,89,92,-3,3
59903,63,73,-10,10
59904,59,53,6,6
59905,127,129,-2,2
59906,100,91,9,9
59907,60,63,-3,3
59908,100,96,4,4
59909,108,100,8,8
59910,152,147,5,5
59911,118,122,-4,4
59912,81,85,-4,4
59913,49,48,1,1
59914,90,86,4,4
59915,97,95,2,2
59916,90,86,4,4
59917,138,134,4,4
59918,116,131,-15,15
59919,86,87,-1,1
59920,106,95,11,11
59921,155,147,8,8
59922,100,96,4,4
59923,66,65,1,1
59924,84,81,3,3
59925,103,106,-3,3
59926,56,62,-6,6
59927,100,92,8,8
59928,93,88,5,5
59929,135,140,-5,5
59930,32,39,-7,7
59931,93,108,-15,15
59932,107,130,-23,23
59933,62,67,-5,5
59934,59,60,-1,1
59935,91,90,1,1
59936,75,82,-7,7
59937,73,71,2,2
59938,96,103,-7,7
59939,115,117,-2,2
59940,63,66,-3,3
59941,85,87,-2,2
59942,72,83,-11,11
59943,158,172,-14,14
59944,91,87,4,4
59945,69,75,-6,6
59946,89,117,-28,28
59947,74,72,2,2
59948,104,271,-167,167
59949,49,56,-7,7
59950,99,95,4,4
59951,127,126,1,1
59952,73,80,-7,7
59953,49,57,-8,8
59954,87,88,-1,1
59955,157,150,7,7
59956,80,89,-9,9
59957,144,124,20,20
59958,83,92,-9,9
59959,131,135,-4,4
59960,95,102,-7,7
59961,141,142,-1,1
59962,89,104,-15,15
59963,59,53,6,6
59964,86,83,3,3
59965,118,121,-3,3
59966,78,84,-6,6
59967,148,146,2,2
59968,59,56,3,3
59969,104,111,-7,7
59970,85,81,4,4
59971,103,109,-6,6
59972,236,214,22,22
59973,66,82,-16,16
59974,50,66,-16,16
59975,77,71,6,6
59976,114,99,15,15
59977,85,84,1,1
59978,88,87,1,1
59979,74,72,2,2
59980,71,75,-4,4
59981,155,152,3,3
59982,62,66,-4,4
59983,100,91,9,9
59984,82,89,-7,7
59985,113,112,1,1
59986,104,107,-3,3
59987,104,98,6,6
59988,105,131,-26,26
59989,153,149,4,4
59990,76,74,2,2
59991,85,75,10,10
59992,119,129,-10,10
59993,106,94,12,12
59994,73,82,-9,9
59995,137,126,11,11
59996,79,75,4,4
59997,186,187,-1,1
59998,63,66,-3,3
59999,93,91,2,2
60000,126,140,-14,14
60001,70,67,3,3
60002,128,117,11,11
60003,61,62,-1,1
60004,83,78,5,5
60005,108,98,10,10
60006,87,95,-8,8
60007,97,101,-4,4
60008,62,64,-2,2
60009,129,131,-2,2
60010,124,119,5,5
60011,63,65,-2,2
60012,138,133,5,5
60013,53,52,1,1
60014,76,67,9,9
60015,138,147,-9,9
60016,123,131,-8,8
60017,57,56,1,1
60018,83,81,2,2
60019,96,103,-7,7
60020,119,134,-15,15
60021,72,72,0,0
60022,78,66,12,12
60023,106,95,11,11
60024,83,76,7,7
60025,71,65,6,6
60026,205,187,18,18
60027,59,64,-5,5
60028,57,54,3,3
60029,90,90,0,0
60030,34,61,-27,27
60031,215,185,30,30
60032,85,88,-3,3
60033,158,160,-2,2
60034,136,129,7,7
60035,55,47,8,8
60036,119,118,1,1
60037,109,147,-38,38
60038,57,59,-2,2
60039,92,86,6,6
60040,99,92,7,7
60041,95,95,0,0
60042,74,66,8,8
60043,84,79,5,5
60044,107,101,6,6
60045,78,74,4,4
60046,64,66,-2,2
60047,66,73,-7,7
60048,88,83,5,5
60049,135,121,14,14
60050,139,134,5,5
60051,126,151,-25,25
60052,82,83,-1,1
60053,70,65,5,5
60054,81,87,-6,6
60055,60,62,-2,2
60056,56,55,1,1
60057,131,130,1,1
60058,59,61,-2,2
60059,83,74,9,9
60060,145,145,0,0
60061,86,85,1,1
60062,102,105,-3,3
60063,77,80,-3,3
60064,136,121,15,15
60065,68,64,4,4
60066,81,76,5,5
60067,82,74,8,8
60068,85,81,4,4
60069,121,122,-1,1
60070,69,66,3,3
60071,56,62,-6,6
60072,170,160,10,10
60073,123,127,-4,4
60074,71,65,6,6
60075,77,81,-4,4
60076,140,137,3,3
60077,141,139,2,2
60078,98,95,3,3
60079,93,84,9,9
60080,69,81,-12,12
60081,104,104,0,0
60082,53,62,-9,9
60083,75,80,-5,5
60084,120,119,1,1
60085,86,97,-11,11
60086,98,95,3,3
60087,84,86,-2,2
60088,88,80,8,8
60089,113,113,0,0
60090,74,76,-2,2
60091,91,86,5,5
60092,149,135,14,14
60093,82,83,-1,1
60094,84,79,5,5
60095,195,195,0,0
60096,117,124,-7,7
60097,120,127,-7,7
60098,180,172,8,8
60099,80,91,-11,11
60100,122,122,0,0
60101,135,133,2,2
60102,159,163,-4,4
60103,107,111,-4,4
60104,76,82,-6,6
60105,85,86,-1,1
60106,87,80,7,7
60107,88,83,5,5
60108,41,45,-4,4
60109,78,75,3,3
60110,61,60,1,1
60111,87,85,2,2
60112,129,119,10,10
60113,84,84,0,0
60114,142,133,9,9
60115,126,134,-8,8
60116,89,87,2,2
60117,74,67,7,7
60118,51,48,3,3
60119,141,129,12,12
60120,83,78,5,5
60121,120,160,-40,40
60122,144,144,0,0
60123,67,77,-10,10
60124,82,86,-4,4
60125,67,72,-5,5
60126,85,85,0,0
60127,62,50,12,12
60128,106,103,3,3
60129,59,58,1,1
60130,73,67,6,6
60131,145,144,1,1
60132,65,62,3,3
60133,72,71,1,1
60134,118,110,8,8
60135,105,121,-16,16
60136,71,71,0,0
60137,96,96,0,0
60138,111,106,5,5
60139,73,92,-19,19
60140,88,81,7,7
60141,210,208,2,2
60142,104,100,4,4
60143,76,71,5,5
60144,43,52,-9,9
60145,110,101,9,9
60146,93,88,5,5
60147,114,112,2,2
60148,190,194,-4,4
60149,87,87,0,0
60150,85,76,9,9
60151,95,99,-4,4
60152,97,116,-19,19
60153,58,58,0,0
60154,126,137,-11,11
60155,145,131,14,14
60156,61,66,-5,5
60157,113,99,14,14
60158,42,46,-4,4
60159,108,102,6,6
60160,93,84,9,9
60161,157,157,0,0
60162,75,76,-1,1
60163,59,63,-4,4
60164,101,88,13,13
60165,83,78,5,5
60166,95,94,1,1
60167,100,98,2,2
60168,69,66,3,3
60169,108,115,-7,7
60170,79,72,7,7
60171,105,104,1,1
60172,98,115,-17,17
60173,123,130,-7,7
60174,103,104,-1,1
60175,158,153,5,5
60176,98,97,1,1
60177,128,125,3,3
60178,54,51,3,3
60179,54,63,-9,9
60180,86,87,-1,1
60181,119,122,-3,3
60182,67,65,2,2
60183,114,114,0,0
60184,104,100,4,4
60185,81,85,-4,4
60186,84,81,3,3
60187,86,83,3,3
60188,93,96,-3,3
60189,75,71,4,4
60190,69,71,-2,2
60191,96,88,8,8
60192,117,121,-4,4
60193,164,156,8,8
60194,121,119,2,2
60195,93,89,4,4
60196,91,88,3,3
60197,144,142,2,2
60198,101,104,-3,3
60199,135,124,11,11
60200,102,104,-2,2
60201,83,84,-1,1
60202,88,80,8,8
60203,101,108,-7,7
60204,102,108,-6,6
60205,102,114,-12,12
60206,105,101,4,4
60207,99,108,-9,9
60208,151,143,8,8
60209,67,73,-6,6
60210,164,144,20,20
60211,85,86,-1,1
60212,89,96,-7,7
60213,59,59,0,0
60214,94,86,8,8
60215,123,123,0,0
60216,79,100,-21,21
60217,74,72,2,2
60218,176,174,2,2
60219,59,66,-7,7
60220,100,102,-2,2
60221,123,129,-6,6
60222,104,108,-4,4
60223,145,154,-9,9
60224,97,103,-6,6
60225,175,168,7,7
60226,63,62,1,1
60227,124,128,-4,4
60228,68,62,6,6
60229,139,131,8,8
60230,78,71,7,7
60231,79,72,7,7
60232,48,54,-6,6
60233,141,145,-4,4
60234,136,127,9,9
60235,123,134,-11,11
60236,85,86,-1,1
60237,128,124,4,4
60238,97,89,8,8
60239,63,64,-1,1
60240,141,148,-7,7
60241,87,85,2,2
60242,93,105,-12,12
60243,54,53,1,1
60244,133,123,10,10
60245,50,56,-6,6
60246,71,70,1,1
60247,75,74,1,1
60248,165,165,0,0
60249,64,64,0,0
60250,95,85,10,10
60251,65,61,4,4
60252,106,102,4,4
60253,91,79,12,12
60254,70,83,-13,13
60255,124,124,0,0
60256,48,54,-6,6
60257,74,74,0,0
60258,64,60,4,4
60259,104,102,2,2
60260,82,82,0,0
60261,82,84,-2,2
60262,147,153,-6,6
60263,123,106,17,17
60264,81,87,-6,6
60265,146,154,-8,8
60266,88,87,1,1
60267,78,76,2,2
60268,118,127,-9,9
60269,160,161,-1,1
60270,176,170,6,6
60271,133,122,11,11
60272,122,120,2,2
60273,74,77,-3,3
60274,75,77,-2,2
60275,116,123,-7,7
60276,116,117,-1,1
60277,126,125,1,1
60278,53,54,-1,1
60279,58,84,-26,26
60280,169,168,1,1
60281,100,112,-12,12
60282,56,59,-3,3
60283,63,72,-9,9
60284,58,58,0,0
60285,56,68,-12,12
60286,131,144,-13,13
60287,74,66,8,8
60288,143,140,3,3
60289,127,136,-9,9
60290,98,99,-1,1
60291,60,54,6,6
60292,65,86,-21,21
60293,76,65,11,11
60294,72,73,-1,1
60295,83,82,1,1
60296,41,46,-5,5
60297,91,83,8,8
60298,125,130,-5,5
60299,119,130,-11,11
60300,92,80,12,12
60301,100,115,-15,15
60302,125,122,3,3
60303,95,98,-3,3
60304,108,105,3,3
60305,118,118,0,0
60306,124,139,-15,15
60307,31,36,-5,5
60308,175,181,-6,6
60309,122,125,-3,3
60310,117,130,-13,13
60311,30,49,-19,19
60312,184,174,10,10
60313,93,89,4,4
60314,98,98,0,0
60315,82,81,1,1
60316,91,88,3,3
60317,67,76,-9,9
60318,103,77,26,26
60319,127,134,-7,7
60320,64,64,0,0
60321,70,81,-11,11
60322,68,71,-3,3
60323,87,104,-17,17
60324,103,105,-2,2
60325,91,91,0,0
60326,77,71,6,6
60327,70,63,7,7
60328,90,93,-3,3
60329,64,65,-1,1
60330,53,57,-4,4
60331,87,79,8,8
60332,112,103,9,9
60333,91,85,6,6
60334,132,133,-1,1
60335,116,118,-2,2
60336,99,104,-5,5
60337,80,77,3,3
60338,125,129,-4,4
60339,83,79,4,4
60340,123,131,-8,8
60341,126,125,1,1
60342,114,118,-4,4
60343,139,135,4,4
60344,135,145,-10,10
60345,61,59,2,2
60346,70,74,-4,4
60347,112,108,4,4
60348,79,82,-3,3
60349,58,65,-7,7
60350,131,143,-12,12
60351,154,150,4,4
60352,85,86,-1,1
60353,116,106,10,10
60354,71,75,-4,4
60355,62,73,-11,11
60356,72,78,-6,6
60357,137,144,-7,7
60358,152,156,-4,4
60359,85,83,2,2
60360,63,65,-2,2
60361,67,58,9,9
60362,108,118,-10,10
60363,120,130,-10,10
60364,103,99,4,4
60365,96,102,-6,6
60366,108,115,-7,7
60367,49,107,-58,58
60368,83,89,-6,6
60369,91,84,7,7
60370,112,107,5,5
60371,148,143,5,5
60372,110,122,-12,12
60373,90,89,1,1
60374,71,58,13,13
60375,95,107,-12,12
60376,78,73,5,5
60377,102,111,-9,9
60378,99,94,5,5
60379,71,72,-1,1
60380,103,104,-1,1
60381,75,76,-1,1
60382,128,130,-2,2
60383,37,47,-10,10
60384,82,79,3,3
60385,82,93,-11,11
60386,105,110,-5,5
60387,96,93,3,3
60388,57,51,6,6
60389,135,141,-6,6
60390,87,84,3,3
60391,75,83,-8,8
60392,75,87,-12,12
60393,127,117,10,10
60394,105,109,-4,4
60395,61,61,0,0
60396,66,95,-29,29
60397,140,138,2,2
60398,129,136,-7,7
60399,150,137,13,13
60400,109,107,2,2
60401,115,127,-12,12
60402,118,117,1,1
60403,58,57,1,1
60404,79,71,8,8
60405,28,33,-5,5
60406,173,156,17,17
60407,89,95,-6,6
60408,95,82,13,13
60409,71,79,-8,8
60410,87,91,-4,4
60411,77,72,5,5
60412,106,109,-3,3
60413,88,92,-4,4
60414,74,77,-3,3
60415,66,81,-15,15
60416,64,81,-17,17
60417,115,122,-7,7
60418,59,59,0,0
60419,142,132,10,10
60420,73,63,10,10
60421,138,132,6,6
60422,110,109,1,1
60423,81,88,-7,7
60424,143,164,-21,21
60425,137,124,13,13
60426,177,171,6,6
60427,100,106,-6,6
60428,112,118,-6,6
60429,136,146,-10,10
60430,48,50,-2,2
60431,112,132,-20,20
60432,115,117,-2,2
60433,134,135,-1,1
60434,97,106,-9,9
60435,86,84,2,2
60436,115,109,6,6
60437,80,74,6,6
60438,157,149,8,8
60439,59,56,3,3
60440,118,122,-4,4
60441,64,74,-10,10
60442,123,119,4,4
60443,70,76,-6,6
60444,60,64,-4,4
60445,76,85,-9,9
60446,161,157,4,4
60447,129,144,-15,15
60448,66,65,1,1
60449,104,96,8,8
60450,86,80,6,6
60451,53,52,1,1
60452,76,73,3,3
60453,202,183,19,19
60454,81,76,5,5
60455,136,139,-3,3
60456,80,71,9,9
60457,54,55,-1,1
60458,71,65,6,6
60459,37,41,-4,4
60460,92,91,1,1
60461,81,87,-6,6
60462,94,117,-23,23
60463,116,116,0,0
60464,89,95,-6,6
60465,123,116,7,7
60466,95,90,5,5
60467,114,114,0,0
60468,134,139,-5,5
60469,153,152,1,1
60470,82,83,-1,1
60471,104,100,4,4
60472,101,111,-10,10
60473,73,64,9,9
60474,121,127,-6,6
60475,147,133,14,14
60476,70,77,-7,7
60477,126,125,1,1
60478,284,259,25,25
60479,124,132,-8,8
60480,107,109,-2,2
60481,78,78,0,0
60482,116,117,-1,1
60483,139,131,8,8
60484,127,126,1,1
60485,61,65,-4,4
60486,56,58,-2,2
60487,105,101,4,4
60488,68,74,-6,6
60489,101,93,8,8
60490,64,60,4,4
60491,70,72,-2,2
60492,129,128,1,1
60493,86,83,3,3
60494,71,65,6,6
60495,57,140,-83,83
60496,63,81,-18,18
60497,100,95,5,5
60498,138,147,-9,9
60499,143,138,5,5
60500,123,121,2,2
60501,114,120,-6,6
60502,69,70,-1,1
60503,71,71,0,0
60504,65,56,9,9
60505,94,106,-12,12
60506,73,78,-5,5
60507,77,81,-4,4
60508,68,71,-3,3
60509,126,141,-15,15
60510,133,128,5,5
60511,111,124,-13,13
60512,80,82,-2,2
60513,74,82,-8,8
60514,91,88,3,3
60515,111,122,-11,11
60516,100,101,-1,1
60517,191,172,19,19
60518,124,113,11,11
60519,55,56,-1,1
60520,113,103,10,10
60521,34,42,-8,8
60522,108,101,7,7
60523,74,70,4,4
60524,163,148,15,15
60525,135,122,13,13
60526,86,100,-14,14
60527,122,117,5,5
60528,135,132,3,3
60529,68,81,-13,13
60530,75,73,2,2
60531,127,138,-11,11
60532,65,65,0,0
60533,83,85,-2,2
60534,103,97,6,6
60535,79,78,1,1
60536,77,79,-2,2
60537,116,122,-6,6
60538,123,121,2,2
60539,70,66,4,4
60540,66,72,-6,6
60541,102,112,-10,10
60542,108,130,-22,22
60543,64,56,8,8
60544,116,129,-13,13
60545,154,164,-10,10
60546,78,81,-3,3
60547,97,100,-3,3
60548,64,67,-3,3
60549,109,108,1,1
60550,109,101,8,8
60551,110,119,-9,9
60552,124,120,4,4
60553,50,51,-1,1
60554,75,72,3,3
60555,112,120,-8,8
60556,72,80,-8,8
60557,113,111,2,2
60558,70,80,-10,10
60559,112,85,27,27
60560,71,70,1,1
60561,117,120,-3,3
60562,88,80,8,8
60563,88,79,9,9
60564,96,85,11,11
60565,114,119,-5,5
60566,46,56,-10,10
60567,82,86,-4,4
60568,77,78,-1,1
60569,68,80,-12,12
60570,79,90,-11,11
60571,78,77,1,1
60572,48,50,-2,2
60573,55,59,-4,4
60574,110,113,-3,3
60575,106,104,2,2
60576,88,81,7,7
60577,90,101,-11,11
60578,84,92,-8,8
60579,78,88,-10,10
60580,108,117,-9,9
60581,52,60,-8,8
60582,162,144,18,18
60583,46,48,-2,2
60584,100,109,-9,9
60585,95,94,1,1
60586,138,142,-4,4
60587,53,56,-3,3
60588,100,95,5,5
60589,93,90,3,3
60590,90,113,-23,23
60591,103,107,-4,4
60592,92,84,8,8
60593,52,48,4,4
60594,104,104,0,0
60595,49,53,-4,4
60596,82,77,5,5
60597,104,98,6,6
60598,167,169,-2,2
60599,58,64,-6,6
60600,79,79,0,0
60601,75,65,10,10
60602,70,76,-6,6
60603,78,80,-2,2
60604,70,71,-1,1
60605,130,135,-5,5
60606,90,96,-6,6
60607,68,71,-3,3
60608,97,105,-8,8
60609,83,85,-2,2
60610,51,60,-9,9
60611,70,74,-4,4
60612,35,58,-23,23
60613,24,51,-27,27
60614,113,97,16,16
60615,133,128,5,5
60616,90,95,-5,5
60617,84,80,4,4
60618,86,84,2,2
60619,63,64,-1,1
60620,51,55,-4,4
60621,153,144,9,9
60622,113,112,1,1
60623,47,50,-3,3
60624,111,103,8,8
60625,67,62,5,5
60626,51,63,-12,12
60627,57,63,-6,6
60628,67,57,10,10
60629,149,144,5,5
60630,71,66,5,5
60631,100,113,-13,13
60632,94,101,-7,7
60633,61,58,3,3
60634,100,91,9,9
60635,147,147,0,0
60636,92,92,0,0
60637,79,84,-5,5
60638,95,101,-6,6
60639,155,160,-5,5
60640,88,79,9,9
60641,149,163,-14,14
60642,128,128,0,0
60643,73,60,13,13
60644,124,119,5,5
60645,78,84,-6,6
60646,73,73,0,0
60647,104,97,7,7
60648,124,108,16,16
60649,65,71,-6,6
60650,98,99,-1,1
60651,100,101,-1,1
60652,79,73,6,6
60653,216,195,21,21
60654,77,78,-1,1
60655,64,77,-13,13
60656,43,43,0,0
60657,124,117,7,7
60658,87,87,0,0
60659,98,96,2,2
60660,91,86,5,5
60661,81,80,1,1
60662,109,122,-13,13
60663,61,76,-15,15
60664,86,92,-6,6
60665,126,122,4,4
60666,85,79,6,6
60667,94,116,-22,22
60668,68,70,-2,2
60669,77,73,4,4
60670,72,71,1,1
60671,107,114,-7,7
60672,83,81,2,2
60673,116,117,-1,1
60674,59,58,1,1
60675,53,53,0,0
60676,137,141,-4,4
60677,128,120,8,8
60678,97,99,-2,2
60679,97,99,-2,2
60680,75,73,2,2
60681,107,99,8,8
60682,96,93,3,3
60683,139,133,6,6
60684,62,60,2,2
60685,90,86,4,4
60686,104,111,-7,7
60687,124,120,4,4
60688,107,97,10,10
60689,124,133,-9,9
60690,105,100,5,5
60691,134,141,-7,7
60692,122,118,4,4
60693,70,77,-7,7
60694,152,157,-5,5
60695,95,94,1,1
60696,67,87,-20,20
60697,109,104,5,5
60698,170,216,-46,46
60699,80,83,-3,3
60700,88,84,4,4
60701,131,104,27,27
60702,84,82,2,2
60703,97,102,-5,5
60704,149,133,16,16
60705,79,87,-8,8
60706,93,108,-15,15
60707,81,81,0,0
60708,125,126,-1,1
60709,82,78,4,4
60710,79,78,1,1
60711,65,53,12,12
60712,95,97,-2,2
60713,111,120,-9,9
60714,113,109,4,4
60715,119,124,-5,5
60716,68,72,-4,4
60717,135,114,21,21
60718,102,91,11,11
60719,96,113,-17,17
60720,107,106,1,1
60721,86,83,3,3
60722,158,136,22,22
60723,141,133,8,8
60724,129,133,-4,4
60725,49,46,3,3
60726,149,146,3,3
60727,114,118,-4,4
60728,40,42,-2,2
60729,55,59,-4,4
60730,85,80,5,5
60731,65,63,2,2
60732,97,109,-12,12
60733,148,144,4,4
60734,141,132,9,9
60735,69,63,6,6
60736,80,81,-1,1
60737,158,144,14,14
60738,75,79,-4,4
60739,88,88,0,0
60740,110,109,1,1
60741,82,86,-4,4
60742,58,71,-13,13
60743,76,74,2,2
60744,48,53,-5,5
60745,106,92,14,14
60746,108,108,0,0
60747,191,180,11,11
60748,100,98,2,2
60749,58,59,-1,1
60750,117,119,-2,2
60751,233,198,35,35
60752,78,81,-3,3
60753,83,77,6,6
60754,66,67,-1,1
60755,55,53,2,2
60756,77,83,-6,6
60757,102,100,2,2
60758,62,62,0,0
60759,71,71,0,0
60760,139,142,-3,3
60761,132,137,-5,5
60762,94,101,-7,7
60763,107,115,-8,8
60764,60,73,-13,13
60765,94,110,-16,16
60766,72,60,12,12
60767,86,83,3,3
60768,75,84,-9,9
60769,87,89,-2,2
60770,148,136,12,12
60771,120,114,6,6
60772,68,71,-3,3
60773,81,75,6,6
60774,222,222,0,0
60775,68,65,3,3
60776,103,113,-10,10
60777,133,115,18,18
60778,135,117,18,18
60779,97,94,3,3
60780,56,58,-2,2
60781,73,70,3,3
60782,110,118,-8,8
60783,116,118,-2,2
60784,46,42,4,4
60785,119,114,5,5
60786,42,43,-1,1
60787,71,84,-13,13
60788,80,63,17,17
60789,87,90,-3,3
60790,73,73,0,0
60791,99,96,3,3
60792,36,49,-13,13
60793,70,68,2,2
60794,55,54,1,1
60795,104,103,1,1
60796,135,139,-4,4
60797,103,98,5,5
60798,83,86,-3,3
60799,87,78,9,9
60800,78,73,5,5
60801,68,78,-10,10
60802,70,77,-7,7
60803,112,104,8,8
60804,99,100,-1,1
60805,103,104,-1,1
60806,87,87,0,0
60807,105,104,1,1
60808,94,98,-4,4
60809,185,177,8,8
60810,167,167,0,0
60811,67,74,-7,7
60812,98,81,17,17
60813,109,111,-2,2
60814,139,139,0,0
60815,88,84,4,4
60816,117,113,4,4
60817,101,113,-12,12
60818,124,137,-13,13
60819,182,158,24,24
60820,198,177,21,21
60821,115,118,-3,3
60822,92,94,-2,2
60823,77,72,5,5
60824,104,105,-1,1
60825,75,69,6,6
60826,93,79,14,14
60827,173,176,-3,3
60828,121,128,-7,7
60829,141,118,23,23
60830,66,80,-14,14
60831,72,64,8,8
60832,104,112,-8,8
60833,103,100,3,3
60834,81,79,2,2
60835,122,106,16,16
60836,131,123,8,8
60837,58,60,-2,2
60838,106,112,-6,6
60839,119,110,9,9
60840,57,56,1,1
60841,77,74,3,3
60842,67,60,7,7
60843,85,82,3,3
60844,62,70,-8,8
60845,140,137,3,3
60846,72,80,-8,8
60847,125,129,-4,4
60848,166,161,5,5
60849,133,123,10,10
60850,101,80,21,21
60851,156,149,7,7
60852,68,72,-4,4
60853,70,67,3,3
60854,127,124,3,3
60855,89,84,5,5
60856,111,99,12,12
60857,154,134,20,20
60858,91,86,5,5
60859,59,63,-4,4
60860,105,102,3,3
60861,108,129,-21,21
60862,87,100,-13,13
60863,143,140,3,3
60864,88,88,0,0
60865,83,88,-5,5
60866,105,98,7,7
60867,96,103,-7,7
60868,95,90,5,5
60869,104,115,-11,11
60870,97,118,-21,21
60871,111,117,-6,6
60872,93,89,4,4
60873,54,51,3,3
60874,90,93,-3,3
60875,52,54,-2,2
60876,85,89,-4,4
60877,114,116,-2,2
60878,152,162,-10,10
60879,79,70,9,9
60880,118,126,-8,8
60881,85,76,9,9
60882,94,89,5,5
60883,49,55,-6,6
60884,56,58,-2,2
60885,156,146,10,10
60886,55,51,4,4
60887,116,115,1,1
60888,84,85,-1,1
60889,105,105,0,0
60890,122,118,4,4
60891,80,86,-6,6
60892,89,75,14,14
60893,117,110,7,7
60894,50,50,0,0
60895,65,72,-7,7
60896,115,117,-2,2
60897,78,77,1,1
60898,112,120,-8,8
60899,84,77,7,7
60900,144,148,-4,4
60901,95,89,6,6
60902,125,126,-1,1
60903,115,133,-18,18
60904,76,75,1,1
60905,119,118,1,1
60906,133,152,-19,19
60907,90,82,8,8
60908,112,110,2,2
60909,76,73,3,3
60910,147,144,3,3
60911,55,58,-3,3
60912,131,122,9,9
60913,116,107,9,9
60914,84,83,1,1
60915,72,73,-1,1
60916,73,74,-1,1
60917,43,50,-7,7
60918,73,72,1,1
60919,82,90,-8,8
60920,56,61,-5,5
60921,99,93,6,6
60922,105,114,-9,9
60923,79,92,-13,13
60924,138,128,10,10
60925,111,120,-9,9
60926,36,44,-8,8
60927,138,133,5,5
60928,89,96,-7,7
60929,93,83,10,10
60930,132,135,-3,3
60931,108,101,7,7
60932,66,65,1,1
60933,71,72,-1,1
60934,65,60,5,5
60935,200,191,9,9
60936,72,110,-38,38
60937,232,236,-4,4
60938,75,75,0,0
60939,186,166,20,20
60940,125,120,5,5
60941,95,106,-11,11
60942,203,159,44,44
60943,176,159,17,17
60944,129,131,-2,2
60945,76,77,-1,1
60946,143,144,-1,1
60947,49,50,-1,1
60948,92,91,1,1
60949,92,88,4,4
60950,75,88,-13,13
60951,105,99,6,6
60952,155,135,20,20
60953,95,105,-10,10
60954,86,95,-9,9
60955,132,125,7,7
60956,46,52,-6,6
60957,69,75,-6,6
60958,58,71,-13,13
60959,140,132,8,8
60960,70,64,6,6
60961,89,89,0,0
60962,84,70,14,14
60963,124,124,0,0
60964,71,71,0,0
60965,127,126,1,1
60966,69,68,1,1
60967,111,106,5,5
60968,125,128,-3,3
60969,85,91,-6,6
60970,76,77,-1,1
60971,85,90,-5,5
60972,55,57,-2,2
60973,92,95,-3,3
60974,182,169,13,13
60975,89,88,1,1
60976,102,99,3,3
60977,113,117,-4,4
60978,131,140,-9,9
60979,133,146,-13,13
60980,98,96,2,2
60981,154,139,15,15
60982,99,96,3,3
60983,114,114,0,0
60984,110,107,3,3
60985,125,107,18,18
60986,52,63,-11,11
60987,42,42,0,0
60988,80,74,6,6
60989,83,82,1,1
60990,143,139,4,4
60991,56,58,-2,2
60992,131,128,3,3
60993,112,129,-17,17
60994,110,111,-1,1
60995,104,100,4,4
60996,71,71,0,0
60997,36,39,-3,3
60998,57,60,-3,3
60999,72,82,-10,10
61000,119,106,13,13
61001,194,183,11,11
61002,107,99,8,8
61003,123,126,-3,3
61004,87,82,5,5
61005,157,153,4,4
61006,75,77,-2,2
61007,94,96,-2,2
61008,85,87,-2,2
61009,85,91,-6,6
61010,44,49,-5,5
61011,78,84,-6,6
61012,97,79,18,18
61013,34,52,-18,18
61014,38,42,-4,4
61015,93,92,1,1
61016,113,111,2,2
61017,130,123,7,7
61018,46,46,0,0
61019,94,100,-6,6
61020,144,135,9,9
61021,60,60,0,0
61022,110,115,-5,5
61023,78,83,-5,5
61024,172,169,3,3
61025,117,135,-18,18
61026,60,72,-12,12
61027,114,102,12,12
61028,136,149,-13,13
61029,130,140,-10,10
61030,140,133,7,7
61031,58,62,-4,4
61032,87,84,3,3
61033,154,147,7,7
61034,84,84,0,0
61035,78,73,5,5
61036,224,280,-56,56
61037,77,74,3,3
61038,114,115,-1,1
61039,64,74,-10,10
61040,145,140,5,5
61041,62,61,1,1
61042,123,127,-4,4
61043,126,128,-2,2
61044,59,74,-15,15
61045,59,71,-12,12
61046,65,77,-12,12
61047,81,88,-7,7
61048,104,95,9,9
61049,94,98,-4,4
61050,131,132,-1,1
61051,60,58,2,2
61052,111,105,6,6
61053,159,146,13,13
61054,145,148,-3,3
61055,67,63,4,4
61056,114,111,3,3
61057,82,77,5,5
61058,93,97,-4,4
61059,53,60,-7,7
61060,83,93,-10,10
61061,101,105,-4,4
61062,112,125,-13,13
61063,71,63,8,8
61064,86,81,5,5
61065,49,101,-52,52
61066,59,58,1,1
61067,125,117,8,8
61068,157,161,-4,4
61069,90,93,-3,3
61070,160,168,-8,8
61071,128,112,16,16
61072,78,82,-4,4
61073,153,155,-2,2
61074,87,101,-14,14
61075,133,128,5,5
61076,96,101,-5,5
61077,88,103,-15,15
61078,69,77,-8,8
61079,150,163,-13,13
61080,134,126,8,8
61081,122,122,0,0
61082,91,93,-2,2
61083,156,146,10,10
61084,76,79,-3,3
61085,44,46,-2,2
61086,117,124,-7,7
61087,110,111,-1,1
61088,101,84,17,17
61089,81,74,7,7
61090,52,54,-2,2
61091,164,164,0,0
61092,40,42,-2,2
61093,80,85,-5,5
61094,129,122,7,7
61095,131,123,8,8
61096,87,89,-2,2
61097,79,74,5,5
61098,110,110,0,0
61099,120,114,6,6
61100,100,124,-24,24
61101,113,115,-2,2
61102,97,120,-23,23
61103,75,71,4,4
61104,85,94,-9,9
61105,49,47,2,2
61106,103,118,-15,15
61107,177,173,4,4
61108,94,96,-2,2
61109,130,127,3,3
61110,72,76,-4,4
61111,158,156,2,2
61112,47,54,-7,7
61113,74,85,-11,11
61114,101,109,-8,8
61115,51,59,-8,8
61116,83,84,-1,1
61117,142,143,-1,1
61118,58,64,-6,6
61119,83,87,-4,4
61120,45,45,0,0
61121,138,138,0,0
61122,152,147,5,5
61123,101,107,-6,6
61124,77,72,5,5
61125,52,77,-25,25
61126,89,81,8,8
61127,149,139,10,10
61128,78,71,7,7
61129,146,146,0,0
61130,122,128,-6,6
61131,88,79,9,9
61132,131,134,-3,3
61133,67,71,-4,4
61134,107,93,14,14
61135,139,149,-10,10
61136,164,154,10,10
61137,134,131,3,3
61138,71,71,0,0
61139,87,79,8,8
61140,68,71,-3,3
61141,56,109,-53,53
61142,118,125,-7,7
61143,101,101,0,0
61144,75,76,-1,1
61145,127,140,-13,13
61146,85,87,-2,2
61147,57,81,-24,24
61148,37,47,-10,10
61149,116,115,1,1
61150,108,105,3,3
61151,137,137,0,0
61152,58,61,-3,3
61153,67,87,-20,20
61154,106,109,-3,3
61155,132,119,13,13
61156,102,95,7,7
61157,115,120,-5,5
61158,85,86,-1,1
61159,107,112,-5,5
61160,49,53,-4,4
61161,139,157,-18,18
61162,126,135,-9,9
61163,135,146,-11,11
61164,69,62,7,7
61165,88,78,10,10
61166,117,115,2,2
61167,77,75,2,2
61168,51,60,-9,9
61169,92,105,-13,13
61170,80,88,-8,8
61171,82,80,2,2
61172,157,157,0,0
61173,83,83,0,0
61174,136,128,8,8
61175,147,138,9,9
61176,49,51,-2,2
61177,86,85,1,1
61178,125,119,6,6
61179,73,70,3,3
61180,99,112,-13,13
61181,102,108,-6,6
61182,101,105,-4,4
61183,109,105,4,4
61184,126,126,0,0
61185,142,127,15,15
61186,62,62,0,0
61187,113,115,-2,2
61188,149,132,17,17
61189,61,60,1,1
61190,66,73,-7,7
61191,122,118,4,4
61192,89,88,1,1
61193,76,78,-2,2
61194,74,88,-14,14
61195,61,66,-5,5
61196,44,51,-7,7
61197,107,125,-18,18
61198,104,99,5,5
61199,109,110,-1,1
61200,140,132,8,8
61201,43,50,-7,7
61202,40,43,-3,3
61203,223,207,16,16
61204,95,93,2,2
61205,47,54,-7,7
61206,71,64,7,7
61207,121,107,14,14
61208,119,127,-8,8
61209,135,138,-3,3
61210,78,73,5,5
61211,96,87,9,9
61212,71,71,0,0
61213,71,82,-11,11
61214,108,131,-23,23
61215,64,64,0,0
61216,169,189,-20,20
61217,80,80,0,0
61218,78,79,-1,1
61219,100,94,6,6
61220,90,87,3,3
61221,108,103,5,5
61222,84,88,-4,4
61223,150,147,3,3
61224,91,106,-15,15
61225,55,79,-24,24
61226,83,82,1,1
61227,119,161,-42,42
61228,86,88,-2,2
61229,101,109,-8,8
61230,89,80,9,9
61231,80,84,-4,4
61232,116,112,4,4
61233,146,150,-4,4
61234,64,74,-10,10
61235,175,173,2,2
61236,139,139,0,0
61237,79,74,5,5
61238,120,118,2,2
61239,84,92,-8,8
61240,132,135,-3,3
61241,71,72,-1,1
61242,104,94,10,10
61243,60,62,-2,2
61244,171,159,12,12
61245,93,95,-2,2
61246,132,133,-1,1
61247,55,56,-1,1
61248,74,58,16,16
61249,126,112,14,14
61250,75,82,-7,7
61251,45,58,-13,13
61252,95,96,-1,1
61253,154,142,12,12
61254,143,134,9,9
61255,111,113,-2,2
61256,97,103,-6,6
61257,203,235,-32,32
61258,42,40,2,2
61259,49,48,1,1
61260,111,114,-3,3
61261,76,65,11,11
61262,79,75,4,4
61263,70,78,-8,8
61264,57,53,4,4
61265,60,49,11,11
61266,119,124,-5,5
61267,76,79,-3,3
61268,72,67,5,5
61269,124,108,16,16
61270,138,119,19,19
61271,118,119,-1,1
61272,119,115,4,4
61273,94,81,13,13
61274,113,134,-21,21
61275,69,87,-18,18
61276,106,101,5,5
61277,41,49,-8,8
61278,88,80,8,8
61279,124,137,-13,13
61280,51,56,-5,5
61281,70,82,-12,12
61282,112,115,-3,3
61283,100,99,1,1
61284,143,139,4,4
61285,87,96,-9,9
61286,61,64,-3,3
61287,64,70,-6,6
61288,130,133,-3,3
61289,81,80,1,1
61290,73,65,8,8
61291,47,46,1,1
61292,99,117,-18,18
61293,95,92,3,3
61294,105,109,-4,4
61295,126,128,-2,2
61296,108,101,7,7
61297,67,72,-5,5
61298,72,79,-7,7
61299,65,62,3,3
61300,109,109,0,0
61301,52,55,-3,3
61302,122,117,5,5
61303,59,66,-7,7
61304,117,130,-13,13
61305,79,72,7,7
61306,46,48,-2,2
61307,64,72,-8,8
61308,71,84,-13,13
61309,60,62,-2,2
61310,70,71,-1,1
61311,114,113,1,1
61312,101,104,-3,3
61313,138,142,-4,4
61314,98,91,7,7
61315,92,99,-7,7
61316,196,190,6,6
61317,109,113,-4,4
61318,55,53,2,2
61319,166,169,-3,3
61320,68,72,-4,4
61321,61,63,-2,2
61322,79,81,-2,2
61323,86,81,5,5
61324,90,86,4,4
61325,128,125,3,3
61326,102,105,-3,3
61327,118,108,10,10
61328,86,84,2,2
61329,105,108,-3,3
61330,78,75,3,3
61331,96,97,-1,1
61332,38,46,-8,8
61333,96,100,-4,4
61334,123,121,2,2
61335,85,80,5,5
61336,117,107,10,10
61337,78,108,-30,30
61338,131,136,-5,5
61339,82,80,2,2
61340,87,90,-3,3
61341,81,81,0,0
61342,59,54,5,5
61343,84,87,-3,3
61344,89,91,-2,2
61345,65,65,0,0
61346,131,136,-5,5
61347,55,59,-4,4
61348,66,59,7,7
61349,74,72,2,2
61350,84,70,14,14
61351,110,104,6,6
61352,63,79,-16,16
61353,97,85,12,12
61354,55,64,-9,9
61355,94,99,-5,5
61356,148,149,-1,1
61357,110,100,10,10
61358,161,157,4,4
61359,139,134,5,5
61360,63,73,-10,10
61361,120,121,-1,1
61362,79,83,-4,4
61363,131,140,-9,9
61364,150,134,16,16
61365,80,82,-2,2
61366,37,38,-1,1
61367,116,119,-3,3
61368,82,80,2,2
61369,130,131,-1,1
61370,68,73,-5,5
61371,86,84,2,2
61372,90,82,8,8
61373,57,57,0,0
61374,149,143,6,6
61375,79,81,-2,2
61376,126,128,-2,2
61377,120,134,-14,14
61378,197,191,6,6
61379,62,59,3,3
61380,88,85,3,3
61381,144,136,8,8
61382,99,91,8,8
61383,101,120,-19,19
61384,111,103,8,8
61385,61,62,-1,1
61386,85,85,0,0
61387,96,97,-1,1
61388,125,128,-3,3
61389,107,102,5,5
61390,136,126,10,10
61391,148,146,2,2
61392,98,105,-7,7
61393,66,63,3,3
61394,95,77,18,18
61395,107,94,13,13
61396,47,57,-10,10
61397,78,81,-3,3
61398,81,76,5,5
61399,72,75,-3,3
61400,84,96,-12,12
61401,145,154,-9,9
61402,77,76,1,1
61403,90,84,6,6
61404,131,121,10,10
61405,91,82,9,9
61406,38,70,-32,32
61407,94,94,0,0
61408,111,111,0,0
61409,145,145,0,0
61410,84,85,-1,1
61411,87,75,12,12
61412,115,109,6,6
61413,95,90,5,5
61414,144,133,11,11
61415,90,87,3,3
61416,101,98,3,3
61417,91,95,-4,4
61418,190,194,-4,4
61419,80,82,-2,2
61420,167,156,11,11
61421,83,76,7,7
61422,66,66,0,0
61423,50,54,-4,4
61424,111,115,-4,4
61425,83,93,-10,10
61426,72,71,1,1
61427,73,70,3,3
61428,79,87,-8,8
61429,66,76,-10,10
61430,83,84,-1,1
61431,262,254,8,8
61432,108,121,-13,13
61433,117,117,0,0
61434,98,87,11,11
61435,85,88,-3,3
61436,63,61,2,2
61437,190,187,3,3
61438,85,85,0,0
61439,123,119,4,4
61440,144,141,3,3
61441,75,76,-1,1
61442,97,96,1,1
61443,85,76,9,9
61444,69,66,3,3
61445,77,81,-4,4
61446,61,65,-4,4
61447,75,73,2,2
61448,97,124,-27,27
61449,70,71,-1,1
61450,85,80,5,5
61451,61,65,-4,4
61452,77,74,3,3
61453,58,63,-5,5
61454,83,74,9,9
61455,91,95,-4,4
61456,53,60,-7,7
61457,55,50,5,5
61458,87,90,-3,3
61459,80,86,-6,6
61460,53,58,-5,5
61461,133,128,5,5
61462,90,95,-5,5
61463,60,65,-5,5
61464,68,69,-1,1
61465,66,56,10,10
61466,112,116,-4,4
61467,139,137,2,2
61468,50,57,-7,7
61469,120,122,-2,2
61470,77,80,-3,3
61471,81,68,13,13
61472,87,82,5,5
61473,43,48,-5,5
61474,68,61,7,7
61475,58,55,3,3
61476,120,125,-5,5
61477,114,107,7,7
61478,173,167,6,6
61479,62,64,-2,2
61480,115,105,10,10
61481,213,204,9,9
61482,108,109,-1,1
61483,53,66,-13,13
61484,85,77,8,8
61485,119,122,-3,3
61486,74,79,-5,5
61487,93,87,6,6
61488,72,70,2,2
61489,104,89,15,15
61490,88,91,-3,3
61491,56,61,-5,5
61492,139,136,3,3
61493,110,113,-3,3
61494,93,86,7,7
61495,54,49,5,5
61496,83,89,-6,6
61497,73,67,6,6
61498,202,187,15,15
61499,95,95,0,0
61500,51,58,-7,7
61501,141,126,15,15
61502,130,131,-1,1
61503,89,98,-9,9
61504,67,64,3,3
61505,92,99,-7,7
61506,138,151,-13,13
61507,50,51,-1,1
61508,85,76,9,9
61509,118,103,15,15
61510,84,83,1,1
61511,95,89,6,6
61512,92,98,-6,6
61513,141,153,-12,12
61514,94,101,-7,7
61515,117,124,-7,7
61516,82,71,11,11
61517,73,81,-8,8
61518,108,100,8,8
61519,93,107,-14,14
61520,156,160,-4,4
61521,84,87,-3,3
61522,106,94,12,12
61523,91,95,-4,4
61524,88,89,-1,1
61525,78,72,6,6
61526,136,135,1,1
61527,59,69,-10,10
61528,94,105,-11,11
61529,100,101,-1,1
61530,144,142,2,2
61531,89,113,-24,24
61532,67,72,-5,5
61533,28,38,-10,10
61534,114,113,1,1
61535,123,134,-11,11
61536,85,73,12,12
61537,77,79,-2,2
61538,89,109,-20,20
61539,90,85,5,5
61540,80,83,-3,3
61541,114,120,-6,6
61542,46,47,-1,1
61543,123,120,3,3
61544,132,133,-1,1
61545,106,120,-14,14
61546,93,98,-5,5
61547,100,126,-26,26
61548,82,78,4,4
61549,170,183,-13,13
61550,103,123,-20,20
61551,60,63,-3,3
61552,101,116,-15,15
61553,101,99,2,2
61554,106,100,6,6
61555,53,64,-11,11
61556,45,49,-4,4
61557,102,122,-20,20
61558,74,71,3,3
61559,107,118,-11,11
61560,95,96,-1,1
61561,96,93,3,3
61562,100,98,2,2
61563,40,51,-11,11
61564,85,82,3,3
61565,59,63,-4,4
61566,107,101,6,6
61567,157,153,4,4
61568,72,77,-5,5
61569,104,93,11,11
61570,53,60,-7,7
61571,131,131,0,0
61572,147,140,7,7
61573,80,74,6,6
61574,135,137,-2,2
61575,119,114,5,5
61576,128,125,3,3
61577,126,124,2,2
61578,91,80,11,11
61579,102,90,12,12
61580,55,65,-10,10
61581,69,71,-2,2
61582,57,64,-7,7
61583,53,59,-6,6
61584,109,98,11,11
61585,106,90,16,16
61586,106,111,-5,5
61587,128,118,10,10
61588,84,79,5,5
61589,73,73,0,0
61590,137,117,20,20
61591,96,96,0,0
61592,106,108,-2,2
61593,119,118,1,1
61594,113,116,-3,3
61595,138,139,-1,1
61596,52,57,-5,5
61597,115,114,1,1
61598,66,65,1,1
61599,114,118,-4,4
61600,46,63,-17,17
61601,108,108,0,0
61602,85,81,4,4
61603,67,62,5,5
61604,66,60,6,6
61605,76,81,-5,5
61606,93,89,4,4
61607,145,157,-12,12
61608,122,116,6,6
61609,88,81,7,7
61610,59,61,-2,2
61611,77,80,-3,3
61612,84,88,-4,4
61613,71,76,-5,5
61614,93,89,4,4
61615,71,70,1,1
61616,40,49,-9,9
61617,165,156,9,9
61618,104,104,0,0
61619,54,52,2,2
61620,46,46,0,0
61621,70,67,3,3
61622,51,53,-2,2
61623,86,87,-1,1
61624,86,83,3,3
61625,90,87,3,3
61626,160,164,-4,4
61627,119,119,0,0
61628,78,83,-5,5
61629,112,126,-14,14
61630,89,78,11,11
61631,96,103,-7,7
61632,96,98,-2,2
61633,96,100,-4,4
61634,33,38,-5,5
61635,78,74,4,4
61636,65,58,7,7
61637,69,73,-4,4
61638,85,88,-3,3
61639,71,63,8,8
61640,119,110,9,9
61641,100,98,2,2
61642,102,103,-1,1
61643,96,87,9,9
61644,77,74,3,3
61645,91,94,-3,3
61646,175,166,9,9
61647,96,99,-3,3
61648,133,126,7,7
61649,107,126,-19,19
61650,98,92,6,6
61651,94,99,-5,5
61652,67,68,-1,1
61653,116,125,-9,9
61654,73,82,-9,9
61655,83,71,12,12
61656,75,79,-4,4
61657,109,122,-13,13
61658,143,150,-7,7
61659,84,84,0,0
61660,79,85,-6,6
61661,104,104,0,0
61662,44,44,0,0
61663,53,47,6,6
61664,108,104,4,4
61665,86,91,-5,5
61666,119,125,-6,6
61667,56,39,17,17
61668,88,92,-4,4
61669,118,124,-6,6
61670,102,104,-2,2
61671,49,49,0,0
61672,99,100,-1,1
61673,105,187,-82,82
61674,131,118,13,13
61675,78,72,6,6
61676,99,94,5,5
61677,23,34,-11,11
61678,126,129,-3,3
61679,92,89,3,3
61680,85,92,-7,7
61681,61,65,-4,4
61682,137,144,-7,7
61683,74,78,-4,4
61684,129,126,3,3
61685,156,161,-5,5
61686,72,68,4,4
61687,151,142,9,9
61688,72,65,7,7
61689,81,88,-7,7
61690,128,123,5,5
61691,136,127,9,9
61692,111,116,-5,5
61693,150,158,-8,8
61694,79,81,-2,2
61695,124,124,0,0
61696,133,124,9,9
61697,106,117,-11,11
61698,71,79,-8,8
61699,69,65,4,4
61700,105,115,-10,10
61701,60,59,1,1
61702,97,96,1,1
61703,129,136,-7,7
61704,70,71,-1,1
61705,137,147,-10,10
61706,110,101,9,9
61707,97,95,2,2
61708,149,171,-22,22
61709,63,66,-3,3
61710,71,74,-3,3
61711,108,103,5,5
61712,127,127,0,0
61713,92,99,-7,7
61714,41,49,-8,8
61715,87,85,2,2
61716,95,97,-2,2
61717,58,62,-4,4
61718,103,114,-11,11
61719,106,106,0,0
61720,100,106,-6,6
61721,49,55,-6,6
61722,103,122,-19,19
61723,147,158,-11,11
61724,110,109,1,1
61725,121,145,-24,24
61726,66,65,1,1
61727,66,66,0,0
61728,75,74,1,1
61729,127,136,-9,9
61730,96,92,4,4
61731,179,170,9,9
61732,153,155,-2,2
61733,89,84,5,5
61734,111,113,-2,2
61735,124,109,15,15
61736,86,73,13,13
61737,98,110,-12,12
61738,82,83,-1,1
61739,138,125,13,13
61740,98,89,9,9
61741,187,182,5,5
61742,141,132,9,9
61743,72,79,-7,7
61744,110,106,4,4
61745,87,94,-7,7
61746,60,61,-1,1
61747,71,71,0,0
61748,123,129,-6,6
61749,57,61,-4,4
61750,113,122,-9,9
61751,148,150,-2,2
61752,73,75,-2,2
61753,62,68,-6,6
61754,108,128,-20,20
61755,105,104,1,1
61756,152,125,27,27
61757,51,55,-4,4
61758,127,127,0,0
61759,31,50,-19,19
61760,68,66,2,2
61761,163,154,9,9
61762,160,153,7,7
61763,73,78,-5,5
61764,43,50,-7,7
61765,102,101,1,1
61766,91,111,-20,20
61767,136,125,11,11
61768,92,86,6,6
61769,60,62,-2,2
61770,45,51,-6,6
61771,111,106,5,5
61772,95,102,-7,7
61773,100,99,1,1
61774,139,147,-8,8
61775,99,96,3,3
61776,68,75,-7,7
61777,55,56,-1,1
61778,110,99,11,11
61779,67,75,-8,8
61780,103,101,2,2
61781,115,115,0,0
61782,131,145,-14,14
61783,106,115,-9,9
61784,154,154,0,0
61785,104,118,-14,14
61786,91,85,6,6
61787,139,145,-6,6
61788,56,61,-5,5
61789,139,137,2,2
61790,72,63,9,9
61791,144,142,2,2
61792,112,111,1,1
61793,68,64,4,4
61794,88,89,-1,1
61795,79,92,-13,13
61796,104,111,-7,7
61797,54,52,2,2
61798,111,103,8,8
61799,87,87,0,0
61800,185,178,7,7
61801,92,88,4,4
61802,68,73,-5,5
61803,91,89,2,2
61804,84,81,3,3
61805,82,83,-1,1
61806,126,125,1,1
61807,71,74,-3,3
61808,72,71,1,1
61809,137,140,-3,3
61810,61,67,-6,6
61811,106,110,-4,4
61812,59,54,5,5
61813,77,73,4,4
61814,149,133,16,16
61815,63,64,-1,1
61816,66,72,-6,6
61817,105,101,4,4
61818,85,84,1,1
61819,109,97,12,12
61820,81,87,-6,6
61821,60,61,-1,1
61822,40,46,-6,6
61823,95,88,7,7
61824,110,100,10,10
61825,68,64,4,4
61826,67,67,0,0
61827,76,77,-1,1
61828,188,186,2,2
61829,59,59,0,0
61830,131,122,9,9
61831,108,109,-1,1
61832,114,122,-8,8
61833,108,110,-2,2
61834,104,96,8,8
61835,94,96,-2,2
61836,47,48,-1,1
61837,77,71,6,6
61838,80,85,-5,5
61839,96,94,2,2
61840,103,104,-1,1
61841,109,109,0,0
61842,66,77,-11,11
61843,98,89,9,9
61844,126,112,14,14
61845,97,112,-15,15
61846,99,95,4,4
61847,107,112,-5,5
61848,129,132,-3,3
61849,87,91,-4,4
61850,69,71,-2,2
61851,115,108,7,7
61852,99,104,-5,5
61853,99,95,4,4
61854,155,168,-13,13
61855,121,118,3,3
61856,123,130,-7,7
61857,91,89,2,2
61858,68,75,-7,7
61859,118,112,6,6
61860,98,104,-6,6
61861,108,105,3,3
61862,112,112,0,0
61863,80,72,8,8
61864,92,134,-42,42
61865,116,110,6,6
61866,56,61,-5,5
61867,127,129,-2,2
61868,50,55,-5,5
61869,121,114,7,7
61870,157,156,1,1
61871,78,77,1,1
61872,85,80,5,5
61873,142,143,-1,1
61874,42,45,-3,3
61875,62,65,-3,3
61876,61,64,-3,3
61877,75,76,-1,1
61878,82,86,-4,4
61879,107,106,1,1
61880,130,135,-5,5
61881,64,71,-7,7
61882,75,75,0,0
61883,109,106,3,3
61884,65,79,-14,14
61885,112,117,-5,5
61886,88,97,-9,9
61887,140,139,1,1
61888,132,130,2,2
61889,108,113,-5,5
61890,92,76,16,16
61891,63,61,2,2
61892,48,50,-2,2
61893,144,124,20,20
61894,104,107,-3,3
61895,107,101,6,6
61896,52,66,-14,14
61897,73,73,0,0
61898,44,47,-3,3
61899,120,117,3,3
61900,87,83,4,4
61901,110,119,-9,9
61902,73,73,0,0
61903,79,88,-9,9
61904,57,64,-7,7
61905,68,72,-4,4
61906,81,100,-19,19
61907,63,60,3,3
61908,41,41,0,0
61909,71,65,6,6
61910,106,116,-10,10
61911,105,95,10,10
61912,183,155,28,28
61913,111,119,-8,8
61914,137,134,3,3
61915,51,58,-7,7
61916,40,40,0,0
61917,70,78,-8,8
61918,120,120,0,0
61919,57,65,-8,8
61920,66,62,4,4
61921,140,125,15,15
61922,71,78,-7,7
61923,96,92,4,4
61924,108,110,-2,2
61925,134,148,-14,14
61926,97,97,0,0
61927,44,43,1,1
61928,49,50,-1,1
61929,63,59,4,4
61930,97,104,-7,7
61931,38,38,0,0
61932,68,65,3,3
61933,114,107,7,7
61934,105,112,-7,7
61935,36,35,1,1
61936,69,63,6,6
61937,101,99,2,2
61938,155,144,11,11
61939,53,72,-19,19
61940,151,146,5,5
61941,65,62,3,3
61942,64,67,-3,3
61943,181,170,11,11
61944,110,118,-8,8
61945,93,96,-3,3
61946,183,179,4,4
61947,94,90,4,4
61948,91,90,1,1
61949,105,112,-7,7
61950,51,54,-3,3
61951,76,75,1,1
61952,60,72,-12,12
61953,72,72,0,0
61954,108,105,3,3
61955,119,116,3,3
61956,98,112,-14,14
61957,119,109,10,10
61958,122,121,1,1
61959,90,90,0,0
61960,55,59,-4,4
61961,62,56,6,6
61962,41,61,-20,20
61963,86,83,3,3
61964,58,63,-5,5
61965,159,164,-5,5
61966,84,85,-1,1
61967,101,101,0,0
61968,107,98,9,9
61969,150,148,2,2
61970,105,114,-9,9
61971,83,85,-2,2
61972,78,87,-9,9
61973,51,53,-2,2
61974,83,92,-9,9
61975,111,115,-4,4
61976,116,128,-12,12
61977,124,103,21,21
61978,116,114,2,2
61979,133,129,4,4
61980,143,139,4,4
61981,102,106,-4,4
61982,94,98,-4,4
61983,66,66,0,0
61984,76,84,-8,8
61985,108,102,6,6
61986,69,61,8,8
61987,90,79,11,11
61988,65,73,-8,8
61989,157,160,-3,3
61990,81,77,4,4
61991,116,124,-8,8
61992,94,93,1,1
61993,98,116,-18,18
61994,149,143,6,6
61995,87,89,-2,2
61996,124,129,-5,5
61997,121,122,-1,1
61998,157,149,8,8
61999,100,95,5,5
62000,129,134,-5,5
62001,97,96,1,1
62002,57,57,0,0
62003,108,107,1,1
62004,64,61,3,3
62005,195,179,16,16
62006,81,77,4,4
62007,92,89,3,3
62008,139,150,-11,11
62009,67,65,2,2
62010,78,87,-9,9
62011,56,59,-3,3
62012,90,88,2,2
62013,69,73,-4,4
62014,109,103,6,6
62015,67,67,0,0
62016,65,71,-6,6
62017,67,74,-7,7
62018,128,117,11,11
62019,101,99,2,2
62020,103,105,-2,2
62021,66,62,4,4
62022,78,82,-4,4
62023,121,117,4,4
62024,99,108,-9,9
62025,69,62,7,7
62026,64,70,-6,6
62027,66,63,3,3
62028,76,76,0,0
62029,91,94,-3,3
62030,49,54,-5,5
62031,222,196,26,26
62032,71,64,7,7
62033,155,154,1,1
62034,80,82,-2,2
62035,94,75,19,19
62036,70,68,2,2
62037,106,106,0,0
62038,81,84,-3,3
62039,90,82,8,8
62040,73,74,-1,1
62041,65,61,4,4
62042,71,76,-5,5
62043,140,125,15,15
62044,109,116,-7,7
62045,72,72,0,0
62046,95,108,-13,13
62047,92,86,6,6
62048,104,115,-11,11
62049,74,76,-2,2
62050,102,106,-4,4
62051,75,79,-4,4
62052,100,96,4,4
62053,111,119,-8,8
62054,52,51,1,1
62055,79,71,8,8
62056,99,94,5,5
62057,140,146,-6,6
62058,181,190,-9,9
62059,106,106,0,0
62060,59,52,7,7
62061,129,126,3,3
62062,95,116,-21,21
62063,50,55,-5,5
62064,71,71,0,0
62065,46,62,-16,16
62066,103,110,-7,7
62067,82,84,-2,2
62068,114,110,4,4
62069,114,112,2,2
62070,92,93,-1,1
62071,74,78,-4,4
62072,102,102,0,0
62073,104,104,0,0
62074,86,82,4,4
62075,51,72,-21,21
62076,86,83,3,3
62077,78,81,-3,3
62078,99,106,-7,7
62079,95,86,9,9
62080,82,83,-1,1
62081,111,118,-7,7
62082,129,118,11,11
62083,90,116,-26,26
62084,139,141,-2,2
62085,72,81,-9,9
62086,55,62,-7,7
62087,165,160,5,5
62088,115,122,-7,7
62089,61,72,-11,11
62090,84,78,6,6
62091,136,138,-2,2
62092,83,79,4,4
62093,27,57,-30,30
62094,108,109,-1,1
62095,147,136,11,11
62096,120,125,-5,5
62097,73,91,-18,18
62098,60,67,-7,7
62099,123,130,-7,7
62100,89,90,-1,1
62101,73,66,7,7
62102,64,66,-2,2
62103,62,64,-2,2
62104,100,93,7,7
62105,100,93,7,7
62106,48,64,-16,16
62107,119,114,5,5
62108,53,55,-2,2
62109,142,149,-7,7
62110,58,59,-1,1
62111,100,114,-14,14
62112,77,74,3,3
62113,71,87,-16,16
62114,126,130,-4,4
62115,50,53,-3,3
62116,205,176,29,29
62117,60,65,-5,5
62118,91,93,-2,2
62119,70,79,-9,9
62120,90,95,-5,5
62121,159,158,1,1
62122,75,77,-2,2
62123,116,95,21,21
62124,109,117,-8,8
62125,143,139,4,4
62126,112,107,5,5
62127,84,87,-3,3
62128,170,178,-8,8
62129,150,152,-2,2
62130,109,108,1,1
62131,161,156,5,5
62132,99,108,-9,9
62133,127,113,14,14
62134,62,51,11,11
62135,133,134,-1,1
62136,101,109,-8,8
62137,127,124,3,3
62138,89,86,3,3
62139,95,90,5,5
62140,150,144,6,6
62141,49,54,-5,5
62142,92,93,-1,1
62143,92,91,1,1
62144,38,49,-11,11
62145,145,154,-9,9
62146,156,167,-11,11
62147,125,127,-2,2
62148,51,48,3,3
62149,134,114,20,20
62150,92,107,-15,15
62151,85,93,-8,8
62152,60,60,0,0
62153,67,72,-5,5
62154,99,112,-13,13
62155,159,168,-9,9
62156,86,92,-6,6
62157,75,58,17,17
62158,42,42,0,0
62159,71,75,-4,4
62160,136,143,-7,7
62161,67,78,-11,11
62162,112,115,-3,3
62163,71,73,-2,2
62164,48,60,-12,12
62165,139,144,-5,5
62166,114,153,-39,39
62167,48,46,2,2
62168,86,86,0,0
62169,119,116,3,3
62170,94,92,2,2
62171,105,106,-1,1
62172,104,96,8,8
62173,85,90,-5,5
62174,66,62,4,4
62175,93,88,5,5
62176,88,94,-6,6
62177,67,65,2,2
62178,91,100,-9,9
62179,110,112,-2,2
62180,80,75,5,5
62181,98,106,-8,8
62182,126,129,-3,3
62183,52,59,-7,7
62184,63,67,-4,4
62185,91,97,-6,6
62186,103,107,-4,4
62187,68,65,3,3
62188,73,81,-8,8
62189,95,98,-3,3
62190,100,97,3,3
62191,111,99,12,12
62192,100,107,-7,7
62193,75,77,-2,2
62194,84,88,-4,4
62195,75,77,-2,2
62196,139,129,10,10
62197,105,113,-8,8
62198,84,92,-8,8
62199,137,126,11,11
62200,65,99,-34,34
62201,97,90,7,7
62202,78,81,-3,3
62203,122,129,-7,7
62204,72,77,-5,5
62205,80,98,-18,18
62206,132,124,8,8
62207,113,111,2,2
62208,121,122,-1,1
62209,72,73,-1,1
62210,95,101,-6,6
62211,124,123,1,1
62212,122,121,1,1
62213,152,157,-5,5
62214,105,102,3,3
62215,103,112,-9,9
62216,111,103,8,8
62217,60,53,7,7
62218,75,97,-22,22
62219,69,74,-5,5
62220,85,79,6,6
62221,91,98,-7,7
62222,106,99,7,7
62223,76,89,-13,13
62224,43,48,-5,5
62225,65,61,4,4
62226,180,184,-4,4
62227,38,56,-18,18
62228,86,86,0,0
62229,77,78,-1,1
62230,110,115,-5,5
62231,111,114,-3,3
62232,134,131,3,3
62233,123,133,-10,10
62234,67,71,-4,4
62235,77,81,-4,4
62236,95,104,-9,9
62237,94,93,1,1
62238,131,134,-3,3
62239,88,102,-14,14
62240,130,130,0,0
62241,78,76,2,2
62242,98,100,-2,2
62243,66,67,-1,1
62244,63,66,-3,3
62245,85,80,5,5
62246,82,84,-2,2
62247,82,91,-9,9
62248,104,102,2,2
62249,120,121,-1,1
62250,68,71,-3,3
62251,108,115,-7,7
62252,101,98,3,3
62253,102,97,5,5
62254,161,168,-7,7
62255,48,54,-6,6
62256,82,90,-8,8
62257,134,135,-1,1
62258,102,99,3,3
62259,47,51,-4,4
62260,101,78,23,23
62261,103,102,1,1
62262,158,148,10,10
62263,79,83,-4,4
62264,126,124,2,2
62265,72,80,-8,8
62266,103,104,-1,1
62267,86,96,-10,10
62268,73,81,-8,8
62269,150,148,2,2
62270,69,65,4,4
62271,89,84,5,5
62272,102,98,4,4
62273,89,90,-1,1
62274,92,95,-3,3
62275,91,88,3,3
62276,69,71,-2,2
62277,31,43,-12,12
62278,62,59,3,3
62279,74,79,-5,5
62280,73,66,7,7
62281,92,80,12,12
62282,68,70,-2,2
62283,121,115,6,6
62284,160,162,-2,2
62285,124,126,-2,2
62286,71,70,1,1
62287,98,87,11,11
62288,85,84,1,1
62289,93,88,5,5
62290,87,78,9,9
62291,210,184,26,26
62292,74,76,-2,2
62293,84,88,-4,4
62294,141,142,-1,1
62295,68,71,-3,3
62296,118,118,0,0
62297,75,79,-4,4
62298,150,150,0,0
62299,162,160,2,2
62300,59,57,2,2
62301,82,82,0,0
62302,118,115,3,3
62303,94,100,-6,6
62304,75,94,-19,19
62305,71,73,-2,2
62306,131,125,6,6
62307,120,116,4,4
62308,91,96,-5,5
62309,112,105,7,7
62310,145,144,1,1
62311,93,83,10,10
62312,93,92,1,1
62313,89,79,10,10
62314,110,106,4,4
62315,78,78,0,0
62316,80,76,4,4
62317,133,137,-4,4
62318,50,47,3,3
62319,82,82,0,0
62320,145,132,13,13
62321,126,110,16,16
62322,105,103,2,2
62323,159,162,-3,3
62324,118,126,-8,8
62325,142,141,1,1
62326,108,100,8,8
62327,110,112,-2,2
62328,106,99,7,7
62329,119,123,-4,4
62330,90,94,-4,4
62331,68,72,-4,4
62332,119,117,2,2
62333,162,158,4,4
62334,76,80,-4,4
62335,89,80,9,9
62336,57,61,-4,4
62337,79,79,0,0
62338,72,78,-6,6
62339,110,97,13,13
62340,82,80,2,2
62341,76,72,4,4
62342,68,75,-7,7
62343,79,106,-27,27
62344,64,70,-6,6
62345,151,140,11,11
62346,64,65,-1,1
62347,110,108,2,2
62348,78,71,7,7
62349,123,127,-4,4
62350,118,120,-2,2
62351,58,65,-7,7
62352,140,135,5,5
62353,128,119,9,9
62354,57,52,5,5
62355,101,106,-5,5
62356,106,101,5,5
62357,71,79,-8,8
62358,61,60,1,1
62359,187,167,20,20
62360,123,116,7,7
62361,64,62,2,2
62362,59,62,-3,3
62363,83,84,-1,1
62364,68,73,-5,5
62365,83,78,5,5
62366,111,109,2,2
62367,86,96,-10,10
62368,87,88,-1,1
62369,97,96,1,1
62370,76,75,1,1
62371,91,96,-5,5
62372,169,157,12,12
62373,51,50,1,1
62374,57,73,-16,16
62375,168,176,-8,8
62376,93,69,24,24
62377,93,91,2,2
62378,98,87,11,11
62379,76,85,-9,9
62380,142,137,5,5
62381,60,62,-2,2
62382,118,114,4,4
62383,40,60,-20,20
62384,68,64,4,4
62385,75,67,8,8
62386,97,94,3,3
62387,124,127,-3,3
62388,68,62,6,6
62389,89,89,0,0
62390,109,110,-1,1
62391,53,54,-1,1
62392,112,113,-1,1
62393,140,146,-6,6
62394,113,107,6,6
62395,105,119,-14,14
62396,69,65,4,4
62397,98,122,-24,24
62398,150,149,1,1
62399,93,94,-1,1
62400,117,125,-8,8
62401,44,46,-2,2
62402,65,58,7,7
62403,78,72,6,6
62404,149,152,-3,3
62405,75,72,3,3
62406,82,83,-1,1
62407,93,88,5,5
62408,129,130,-1,1
62409,46,54,-8,8
62410,56,49,7,7
62411,99,85,14,14
62412,31,48,-17,17
62413,113,117,-4,4
62414,167,173,-6,6
62415,113,120,-7,7
62416,171,179,-8,8
62417,71,76,-5,5
62418,103,108,-5,5
62419,76,82,-6,6
62420,64,58,6,6
62421,105,111,-6,6
62422,176,172,4,4
62423,127,119,8,8
62424,118,108,10,10
62425,88,99,-11,11
62426,133,134,-1,1
62427,84,95,-11,11
62428,108,113,-5,5
62429,72,72,0,0
62430,128,126,2,2
62431,36,45,-9,9
62432,116,105,11,11
62433,105,112,-7,7
62434,85,89,-4,4
62435,48,48,0,0
62436,142,130,12,12
62437,78,64,14,14
62438,72,80,-8,8
62439,255,251,4,4
62440,113,121,-8,8
62441,98,90,8,8
62442,143,131,12,12
62443,85,107,-22,22
62444,111,116,-5,5
62445,106,105,1,1
62446,111,116,-5,5
62447,84,79,5,5
62448,74,76,-2,2
62449,87,91,-4,4
62450,133,135,-2,2
62451,111,121,-10,10
62452,78,77,1,1
62453,83,87,-4,4
62454,117,104,13,13
62455,97,95,2,2
62456,127,133,-6,6
62457,66,63,3,3
62458,124,121,3,3
62459,72,73,-1,1
62460,108,93,15,15
62461,124,127,-3,3
62462,137,122,15,15
62463,84,86,-2,2
62464,175,179,-4,4
62465,32,35,-3,3
62466,127,114,13,13
62467,139,143,-4,4
62468,84,112,-28,28
62469,138,147,-9,9
62470,147,154,-7,7
62471,49,54,-5,5
62472,87,86,1,1
62473,71,74,-3,3
62474,89,77,12,12
62475,122,124,-2,2
62476,110,119,-9,9
62477,112,115,-3,3
62478,161,147,14,14
62479,78,90,-12,12
62480,84,88,-4,4
62481,96,88,8,8
62482,83,85,-2,2
62483,166,149,17,17
62484,69,63,6,6
62485,48,46,2,2
62486,84,70,14,14
62487,113,101,12,12
62488,89,94,-5,5
62489,51,56,-5,5
62490,101,103,-2,2
62491,70,66,4,4
62492,107,100,7,7
62493,99,96,3,3
62494,142,136,6,6
62495,123,116,7,7
62496,81,80,1,1
62497,60,59,1,1
62498,139,130,9,9
62499,93,91,2,2
62500,123,136,-13,13
62501,101,79,22,22
62502,128,130,-2,2
62503,72,73,-1,1
62504,134,122,12,12
62505,89,89,0,0
62506,162,157,5,5
62507,129,116,13,13
62508,97,97,0,0
62509,63,75,-12,12
62510,88,91,-3,3
62511,47,50,-3,3
62512,163,156,7,7
62513,169,179,-10,10
62514,88,85,3,3
62515,116,119,-3,3
62516,68,71,-3,3
62517,66,71,-5,5
62518,75,80,-5,5
62519,79,84,-5,5
62520,132,135,-3,3
62521,64,72,-8,8
62522,154,151,3,3
62523,159,137,22,22
62524,97,101,-4,4
62525,151,148,3,3
62526,64,62,2,2
62527,86,78,8,8
62528,86,106,-20,20
62529,105,104,1,1
62530,135,140,-5,5
62531,78,89,-11,11
62532,180,165,15,15
62533,126,123,3,3
62534,115,117,-2,2
62535,95,109,-14,14
62536,123,112,11,11
62537,49,49,0,0
62538,94,101,-7,7
62539,170,168,2,2
62540,92,89,3,3
62541,101,107,-6,6
62542,93,93,0,0
62543,123,142,-19,19
62544,83,76,7,7
62545,122,110,12,12
62546,109,125,-16,16
62547,67,59,8,8
62548,59,63,-4,4
62549,79,71,8,8
62550,82,87,-5,5
62551,69,72,-3,3
62552,83,90,-7,7
62553,116,113,3,3
62554,202,184,18,18
62555,92,105,-13,13
62556,95,90,5,5
62557,104,110,-6,6
62558,124,120,4,4
62559,203,193,10,10
62560,95,94,1,1
62561,131,130,1,1
62562,42,45,-3,3
62563,106,88,18,18
62564,40,44,-4,4
62565,81,82,-1,1
62566,125,117,8,8
62567,82,84,-2,2
62568,121,116,5,5
62569,85,95,-10,10
62570,104,97,7,7
62571,82,76,6,6
62572,76,73,3,3
62573,60,63,-3,3
62574,91,74,17,17
62575,96,87,9,9
62576,118,117,1,1
62577,101,95,6,6
62578,140,144,-4,4
62579,153,151,2,2
62580,115,127,-12,12
62581,38,55,-17,17
62582,74,75,-1,1
62583,28,59,-31,31
62584,65,66,-1,1
62585,113,121,-8,8
62586,109,115,-6,6
62587,93,90,3,3
62588,87,84,3,3
62589,54,59,-5,5
62590,125,123,2,2
62591,141,141,0,0
62592,114,121,-7,7
62593,122,123,-1,1
62594,138,143,-5,5
62595,98,93,5,5
62596,84,82,2,2
62597,118,120,-2,2
62598,114,117,-3,3
62599,69,76,-7,7
62600,47,57,-10,10
62601,72,60,12,12
62602,72,63,9,9
62603,85,88,-3,3
62604,48,49,-1,1
62605,96,92,4,4
62606,90,90,0,0
62607,99,90,9,9
62608,122,132,-10,10
62609,60,64,-4,4
62610,80,87,-7,7
62611,79,83,-4,4
62612,54,53,1,1
62613,90,96,-6,6
62614,84,91,-7,7
62615,98,99,-1,1
62616,106,105,1,1
62617,70,78,-8,8
62618,93,84,9,9
62619,81,80,1,1
62620,108,104,4,4
62621,66,68,-2,2
62622,92,89,3,3
62623,58,54,4,4
62624,80,79,1,1
62625,72,76,-4,4
62626,92,89,3,3
62627,114,124,-10,10
62628,149,139,10,10
62629,85,81,4,4
62630,61,54,7,7
62631,104,97,7,7
62632,100,92,8,8
62633,132,133,-1,1
62634,132,127,5,5
62635,114,102,12,12
62636,89,91,-2,2
62637,52,52,0,0
62638,51,49,2,2
62639,109,117,-8,8
62640,112,122,-10,10
62641,80,77,3,3
62642,158,181,-23,23
62643,103,92,11,11
62644,59,63,-4,4
62645,118,113,5,5
62646,114,113,1,1
62647,101,99,2,2
62648,64,65,-1,1
62649,75,76,-1,1
62650,110,100,10,10
62651,168,188,-20,20
62652,109,100,9,9
62653,106,106,0,0
62654,32,80,-48,48
62655,86,89,-3,3
62656,185,155,30,30
62657,125,143,-18,18
62658,48,52,-4,4
62659,128,132,-4,4
62660,138,145,-7,7
62661,75,66,9,9
62662,84,107,-23,23
62663,115,103,12,12
62664,58,67,-9,9
62665,97,94,3,3
62666,152,139,13,13
62667,94,100,-6,6
62668,114,113,1,1
62669,130,142,-12,12
62670,61,62,-1,1
62671,185,170,15,15
62672,110,112,-2,2
62673,58,57,1,1
62674,79,83,-4,4
62675,79,76,3,3
62676,93,88,5,5
62677,129,131,-2,2
62678,134,132,2,2
62679,98,104,-6,6
62680,162,164,-2,2
62681,83,83,0,0
62682,107,96,11,11
62683,98,111,-13,13
62684,131,122,9,9
62685,57,51,6,6
62686,153,143,10,10
62687,126,127,-1,1
62688,89,88,1,1
62689,68,66,2,2
62690,131,126,5,5
62691,68,80,-12,12
62692,94,88,6,6
62693,135,127,8,8
62694,96,100,-4,4
62695,95,105,-10,10
62696,90,88,2,2
62697,55,58,-3,3
62698,108,115,-7,7
62699,36,41,-5,5
62700,73,66,7,7
62701,73,83,-10,10
62702,102,100,2,2
62703,52,52,0,0
62704,22,53,-31,31
62705,102,91,11,11
62706,136,123,13,13
62707,83,86,-3,3
62708,76,76,0,0
62709,135,137,-2,2
62710,116,123,-7,7
62711,69,71,-2,2
62712,42,48,-6,6
62713,86,77,9,9
62714,131,122,9,9
62715,119,115,4,4
62716,65,63,2,2
62717,100,108,-8,8
62718,65,71,-6,6
62719,73,74,-1,1
62720,63,63,0,0
62721,115,154,-39,39
62722,164,156,8,8
62723,146,150,-4,4
62724,64,66,-2,2
62725,101,97,4,4
62726,124,120,4,4
62727,74,79,-5,5
62728,92,80,12,12
62729,90,87,3,3
62730,93,91,2,2
62731,76,79,-3,3
62732,133,140,-7,7
62733,54,58,-4,4
62734,147,126,21,21
62735,107,112,-5,5
62736,132,118,14,14
62737,129,120,9,9
62738,95,90,5,5
62739,78,88,-10,10
62740,93,90,3,3
62741,85,93,-8,8
62742,138,159,-21,21
62743,106,110,-4,4
62744,45,50,-5,5
62745,50,58,-8,8
62746,55,43,12,12
62747,44,57,-13,13
62748,70,66,4,4
62749,125,122,3,3
62750,82,85,-3,3
62751,80,80,0,0
62752,120,120,0,0
62753,100,99,1,1
62754,70,64,6,6
62755,65,65,0,0
62756,96,102,-6,6
62757,93,95,-2,2
62758,106,101,5,5
62759,168,156,12,12
62760,169,163,6,6
62761,95,99,-4,4
62762,95,95,0,0
62763,81,75,6,6
62764,65,74,-9,9
62765,64,76,-12,12
62766,62,76,-14,14
62767,119,120,-1,1
62768,93,89,4,4
62769,77,74,3,3
62770,141,143,-2,2
62771,66,71,-5,5
62772,76,93,-17,17
62773,148,144,4,4
62774,57,68,-11,11
62775,78,60,18,18
62776,134,116,18,18
62777,133,132,1,1
62778,66,67,-1,1
62779,75,71,4,4
62780,97,94,3,3
62781,131,121,10,10
62782,171,167,4,4
62783,222,212,10,10
62784,102,106,-4,4
62785,60,62,-2,2
62786,144,147,-3,3
62787,43,48,-5,5
62788,82,78,4,4
62789,84,83,1,1
62790,92,102,-10,10
62791,94,74,20,20
62792,179,182,-3,3
62793,119,124,-5,5
62794,61,66,-5,5
62795,93,102,-9,9
62796,53,53,0,0
62797,142,145,-3,3
62798,69,66,3,3
62799,90,95,-5,5
62800,139,141,-2,2
62801,90,114,-24,24
62802,56,57,-1,1
62803,113,120,-7,7
62804,91,89,2,2
62805,86,86,0,0
62806,111,110,1,1
62807,74,67,7,7
62808,139,129,10,10
62809,96,88,8,8
62810,105,102,3,3
62811,139,141,-2,2
62812,61,65,-4,4
62813,70,74,-4,4
62814,70,74,-4,4
62815,61,61,0,0
62816,127,137,-10,10
62817,92,98,-6,6
62818,120,113,7,7
62819,52,53,-1,1
62820,86,86,0,0
62821,62,61,1,1
62822,101,124,-23,23
62823,85,103,-18,18
62824,96,104,-8,8
62825,105,109,-4,4
62826,122,123,-1,1
62827,116,117,-1,1
62828,98,84,14,14
62829,154,150,4,4
62830,100,97,3,3
62831,164,161,3,3
62832,162,158,4,4
62833,136,142,-6,6
62834,62,71,-9,9
62835,178,179,-1,1
62836,109,91,18,18
62837,121,109,12,12
62838,108,127,-19,19
62839,84,86,-2,2
62840,131,119,12,12
62841,122,110,12,12
62842,64,73,-9,9
62843,84,84,0,0
62844,72,71,1,1
62845,185,171,14,14
62846,77,74,3,3
62847,137,161,-24,24
62848,93,103,-10,10
62849,86,101,-15,15
62850,144,130,14,14
62851,78,85,-7,7
62852,61,65,-4,4
62853,129,121,8,8
62854,52,63,-11,11
62855,195,190,5,5
62856,87,91,-4,4
62857,101,105,-4,4
62858,103,109,-6,6
62859,169,164,5,5
62860,104,103,1,1
62861,80,77,3,3
62862,40,57,-17,17
62863,90,97,-7,7
62864,89,98,-9,9
62865,105,104,1,1
62866,86,94,-8,8
62867,133,130,3,3
62868,89,86,3,3
62869,64,61,3,3
62870,94,103,-9,9
62871,86,95,-9,9
62872,128,127,1,1
62873,53,55,-2,2
62874,91,80,11,11
62875,74,73,1,1
62876,64,65,-1,1
62877,81,74,7,7
62878,66,71,-5,5
62879,76,71,5,5
62880,91,91,0,0
62881,76,75,1,1
62882,109,102,7,7
62883,77,74,3,3
62884,76,76,0,0
62885,110,99,11,11
62886,88,87,1,1
62887,120,117,3,3
62888,127,130,-3,3
62889,106,113,-7,7
62890,201,197,4,4
62891,111,114,-3,3
62892,231,218,13,13
62893,59,64,-5,5
62894,150,145,5,5
62895,141,134,7,7
62896,62,57,5,5
62897,191,194,-3,3
62898,119,119,0,0
62899,72,79,-7,7
62900,103,105,-2,2
62901,79,86,-7,7
62902,106,109,-3,3
62903,104,122,-18,18
62904,88,94,-6,6
62905,78,90,-12,12
62906,81,93,-12,12
62907,98,104,-6,6
62908,123,124,-1,1
62909,142,145,-3,3
62910,74,74,0,0
62911,163,157,6,6
62912,102,92,10,10
62913,60,62,-2,2
62914,133,119,14,14
62915,59,59,0,0
62916,47,54,-7,7
62917,86,90,-4,4
62918,124,117,7,7
62919,28,35,-7,7
62920,59,61,-2,2
62921,124,140,-16,16
62922,105,104,1,1
62923,103,97,6,6
62924,80,82,-2,2
62925,82,78,4,4
62926,84,80,4,4
62927,128,130,-2,2
62928,101,104,-3,3
62929,72,72,0,0
62930,89,78,11,11
62931,119,123,-4,4
62932,181,178,3,3
62933,146,148,-2,2
62934,58,59,-1,1
62935,80,73,7,7
62936,37,43,-6,6
62937,45,58,-13,13
62938,95,109,-14,14
62939,108,110,-2,2
62940,79,72,7,7
62941,85,72,13,13
62942,53,63,-10,10
62943,211,199,12,12
62944,103,105,-2,2
62945,77,75,2,2
62946,75,72,3,3
62947,95,95,0,0
62948,102,95,7,7
62949,77,79,-2,2
62950,54,53,1,1
62951,110,106,4,4
62952,121,117,4,4
62953,89,77,12,12
62954,93,101,-8,8
62955,44,50,-6,6
62956,84,97,-13,13
62957,135,130,5,5
62958,66,61,5,5
62959,104,117,-13,13
62960,141,135,6,6
62961,98,89,9,9
62962,90,99,-9,9
62963,115,113,2,2
62964,109,115,-6,6
62965,69,77,-8,8
62966,64,61,3,3
62967,185,177,8,8
62968,114,111,3,3
62969,191,174,17,17
62970,49,47,2,2
62971,83,90,-7,7
62972,100,100,0,0
62973,98,91,7,7
62974,69,79,-10,10
62975,103,93,10,10
62976,148,161,-13,13
62977,81,74,7,7
62978,151,152,-1,1
62979,70,60,10,10
62980,88,85,3,3
62981,93,99,-6,6
62982,60,79,-19,19
62983,88,81,7,7
62984,63,67,-4,4
62985,92,84,8,8
62986,108,113,-5,5
62987,78,93,-15,15
62988,156,145,11,11
62989,63,64,-1,1
62990,58,61,-3,3
62991,38,42,-4,4
62992,107,104,3,3
62993,101,98,3,3
62994,65,68,-3,3
62995,120,123,-3,3
62996,101,93,8,8
62997,106,95,11,11
62998,72,72,0,0
62999,127,122,5,5
63000,65,67,-2,2
63001,126,115,11,11
63002,113,114,-1,1
63003,104,114,-10,10
63004,152,146,6,6
63005,57,61,-4,4
63006,83,77,6,6
63007,101,103,-2,2
63008,81,80,1,1
63009,54,64,-10,10
63010,80,80,0,0
63011,83,90,-7,7
63012,31,46,-15,15
63013,64,65,-1,1
63014,159,166,-7,7
63015,133,130,3,3
63016,116,127,-11,11
63017,57,54,3,3
63018,99,96,3,3
63019,62,56,6,6
63020,90,85,5,5
63021,117,117,0,0
63022,142,132,10,10
63023,177,168,9,9
63024,59,59,0,0
63025,89,103,-14,14
63026,69,67,2,2
63027,63,71,-8,8
63028,46,73,-27,27
63029,136,148,-12,12
63030,105,121,-16,16
63031,127,139,-12,12
63032,66,71,-5,5
63033,138,143,-5,5
63034,71,71,0,0
63035,97,99,-2,2
63036,112,119,-7,7
63037,77,82,-5,5
63038,57,61,-4,4
63039,84,87,-3,3
63040,85,79,6,6
63041,111,105,6,6
63042,123,120,3,3
63043,110,120,-10,10
63044,114,120,-6,6
63045,111,139,-28,28
63046,71,81,-10,10
63047,93,85,8,8
63048,343,313,30,30
63049,72,74,-2,2
63050,186,168,18,18
63051,62,61,1,1
63052,79,79,0,0
63053,129,135,-6,6
63054,121,143,-22,22
63055,105,102,3,3
63056,157,150,7,7
63057,115,109,6,6
63058,78,76,2,2
63059,179,193,-14,14
63060,80,80,0,0
63061,113,120,-7,7
63062,87,92,-5,5
63063,95,99,-4,4
63064,95,100,-5,5
63065,104,102,2,2
63066,88,88,0,0
63067,61,64,-3,3
63068,63,57,6,6
63069,87,109,-22,22
63070,157,169,-12,12
63071,92,124,-32,32
63072,53,55,-2,2
63073,128,118,10,10
63074,114,111,3,3
63075,95,88,7,7
63076,102,104,-2,2
63077,120,125,-5,5
63078,110,121,-11,11
63079,207,203,4,4
63080,103,104,-1,1
63081,55,55,0,0
63082,98,96,2,2
63083,99,102,-3,3
63084,94,101,-7,7
63085,82,89,-7,7
63086,60,87,-27,27
63087,95,103,-8,8
63088,113,108,5,5
63089,113,114,-1,1
63090,105,101,4,4
63091,80,66,14,14
63092,104,113,-9,9
63093,97,99,-2,2
63094,62,62,0,0
63095,62,73,-11,11
63096,85,91,-6,6
63097,114,114,0,0
63098,72,65,7,7
63099,82,77,5,5
63100,94,86,8,8
63101,90,92,-2,2
63102,110,99,11,11
63103,90,83,7,7
63104,80,83,-3,3
63105,109,100,9,9
63106,61,66,-5,5
63107,185,184,1,1
63108,117,119,-2,2
63109,139,138,1,1
63110,56,58,-2,2
63111,74,71,3,3
63112,107,114,-7,7
63113,78,87,-9,9
63114,51,53,-2,2
63115,87,87,0,0
63116,114,112,2,2
63117,83,85,-2,2
63118,137,133,4,4
63119,117,112,5,5
63120,87,98,-11,11
63121,69,77,-8,8
63122,86,90,-4,4
63123,150,152,-2,2
63124,162,158,4,4
63125,87,88,-1,1
63126,68,65,3,3
63127,68,65,3,3
63128,126,108,18,18
63129,109,104,5,5
63130,106,120,-14,14
63131,114,111,3,3
63132,136,146,-10,10
63133,128,116,12,12
63134,109,117,-8,8
63135,114,122,-8,8
63136,102,106,-4,4
63137,144,136,8,8
63138,52,48,4,4
63139,73,85,-12,12
63140,116,116,0,0
63141,111,98,13,13
63142,106,111,-5,5
63143,125,128,-3,3
63144,119,104,15,15
63145,77,81,-4,4
63146,78,73,5,5
63147,62,60,2,2
63148,80,89,-9,9
63149,101,105,-4,4
63150,130,136,-6,6
63151,165,156,9,9
63152,88,79,9,9
63153,97,110,-13,13
63154,125,118,7,7
63155,55,59,-4,4
63156,76,83,-7,7
63157,124,131,-7,7
63158,82,83,-1,1
63159,60,65,-5,5
63160,107,104,3,3
63161,109,113,-4,4
63162,162,157,5,5
63163,95,112,-17,17
63164,54,55,-1,1
63165,125,125,0,0
63166,107,99,8,8
63167,74,65,9,9
63168,155,155,0,0
63169,77,83,-6,6
63170,80,75,5,5
63171,122,130,-8,8
63172,71,79,-8,8
63173,112,105,7,7
63174,61,65,-4,4
63175,88,96,-8,8
63176,171,157,14,14
63177,98,95,3,3
63178,59,62,-3,3
63179,150,153,-3,3
63180,94,97,-3,3
63181,112,114,-2,2
63182,113,90,23,23
63183,92,95,-3,3
63184,121,127,-6,6
63185,101,97,4,4
63186,82,83,-1,1
63187,125,114,11,11
63188,74,73,1,1
63189,68,66,2,2
63190,104,113,-9,9
63191,80,82,-2,2
63192,101,91,10,10
63193,96,106,-10,10
63194,96,94,2,2
63195,79,88,-9,9
63196,75,74,1,1
63197,121,122,-1,1
63198,173,165,8,8
63199,123,119,4,4
63200,124,122,2,2
63201,123,120,3,3
63202,129,136,-7,7
63203,119,108,11,11
63204,107,112,-5,5
63205,117,112,5,5
63206,74,78,-4,4
63207,72,80,-8,8
63208,92,104,-12,12
63209,102,96,6,6
63210,123,139,-16,16
63211,119,131,-12,12
63212,71,71,0,0
63213,64,72,-8,8
63214,108,109,-1,1
63215,140,128,12,12
63216,90,91,-1,1
63217,128,122,6,6
63218,99,102,-3,3
63219,82,96,-14,14
63220,156,156,0,0
63221,137,138,-1,1
63222,78,65,13,13
63223,95,98,-3,3
63224,82,96,-14,14
63225,90,94,-4,4
63226,64,64,0,0
63227,73,77,-4,4
63228,53,63,-10,10
63229,123,127,-4,4
63230,62,65,-3,3
63231,92,99,-7,7
63232,123,120,3,3
63233,125,119,6,6
63234,41,42,-1,1
63235,187,181,6,6
63236,91,89,2,2
63237,76,80,-4,4
63238,176,169,7,7
63239,93,98,-5,5
63240,87,89,-2,2
63241,89,95,-6,6
63242,88,83,5,5
63243,99,91,8,8
63244,134,119,15,15
63245,95,93,2,2
63246,105,107,-2,2
63247,42,53,-11,11
63248,96,91,5,5
63249,50,63,-13,13
63250,63,63,0,0
63251,95,107,-12,12
63252,99,96,3,3
63253,109,123,-14,14
63254,133,120,13,13
63255,90,80,10,10
63256,71,71,0,0
63257,58,74,-16,16
63258,173,171,2,2
63259,77,72,5,5
63260,88,62,26,26
63261,72,71,1,1
63262,116,113,3,3
63263,61,65,-4,4
63264,94,84,10,10
63265,117,127,-10,10
63266,114,115,-1,1
63267,147,144,3,3
63268,125,121,4,4
63269,100,99,1,1
63270,101,90,11,11
63271,112,113,-1,1
63272,94,85,9,9
63273,119,113,6,6
63274,154,154,0,0
63275,82,83,-1,1
63276,58,64,-6,6
63277,131,123,8,8
63278,82,95,-13,13
63279,96,96,0,0
63280,80,74,6,6
63281,118,123,-5,5
63282,51,64,-13,13
63283,164,164,0,0
63284,77,105,-28,28
63285,144,148,-4,4
63286,132,140,-8,8
63287,89,87,2,2
63288,78,71,7,7
63289,51,58,-7,7
63290,100,107,-7,7
63291,108,111,-3,3
63292,143,130,13,13
63293,88,85,3,3
63294,67,65,2,2
63295,121,131,-10,10
63296,90,84,6,6
63297,65,67,-2,2
63298,79,80,-1,1
63299,144,137,7,7
63300,55,60,-5,5
63301,78,82,-4,4
63302,82,91,-9,9
63303,78,78,0,0
63304,160,166,-6,6
63305,89,83,6,6
63306,101,109,-8,8
63307,114,99,15,15
63308,86,79,7,7
63309,155,157,-2,2
63310,105,113,-8,8
63311,76,72,4,4
63312,149,140,9,9
63313,99,110,-11,11
63314,120,111,9,9
63315,69,67,2,2
63316,102,103,-1,1
63317,59,56,3,3
63318,54,64,-10,10
63319,107,100,7,7
63320,60,60,0,0
63321,70,64,6,6
63322,219,223,-4,4
63323,83,83,0,0
63324,68,66,2,2
63325,89,93,-4,4
63326,68,76,-8,8
63327,108,115,-7,7
63328,94,103,-9,9
63329,90,92,-2,2
63330,171,167,4,4
63331,35,38,-3,3
63332,39,39,0,0
63333,80,114,-34,34
63334,69,66,3,3
63335,109,111,-2,2
63336,112,120,-8,8
63337,127,130,-3,3
63338,87,87,0,0
63339,60,132,-72,72
63340,67,74,-7,7
63341,151,144,7,7
63342,115,111,4,4
63343,86,93,-7,7
63344,97,86,11,11
63345,128,121,7,7
63346,137,126,11,11
63347,102,103,-1,1
63348,76,78,-2,2
63349,33,33,0,0
63350,89,90,-1,1
63351,68,65,3,3
63352,55,57,-2,2
63353,104,110,-6,6
63354,98,103,-5,5
63355,67,63,4,4
63356,103,100,3,3
63357,87,87,0,0
63358,92,92,0,0
63359,97,85,12,12
63360,144,142,2,2
63361,94,109,-15,15
63362,95,83,12,12
63363,131,119,12,12
63364,102,96,6,6
63365,132,134,-2,2
63366,83,86,-3,3
63367,127,130,-3,3
63368,71,70,1,1
63369,86,86,0,0
63370,202,190,12,12
63371,181,177,4,4
63372,129,132,-3,3
63373,112,108,4,4
63374,118,118,0,0
63375,46,41,5,5
63376,120,103,17,17
63377,55,64,-9,9
63378,141,138,3,3
63379,92,89,3,3
63380,137,140,-3,3
63381,59,59,0,0
63382,192,207,-15,15
63383,144,147,-3,3
63384,91,93,-2,2
63385,111,113,-2,2
63386,52,52,0,0
63387,135,131,4,4
63388,43,49,-6,6
63389,138,126,12,12
63390,159,146,13,13
63391,88,93,-5,5
63392,63,64,-1,1
63393,90,93,-3,3
63394,101,94,7,7
63395,72,72,0,0
63396,64,62,2,2
63397,81,76,5,5
63398,94,97,-3,3
63399,125,133,-8,8
63400,64,64,0,0
63401,68,71,-3,3
63402,77,86,-9,9
63403,125,132,-7,7
63404,68,71,-3,3
63405,131,130,1,1
63406,72,72,0,0
63407,113,106,7,7
63408,136,140,-4,4
63409,136,131,5,5
63410,129,120,9,9
63411,118,115,3,3
63412,79,76,3,3
63413,98,95,3,3
63414,117,119,-2,2
63415,98,109,-11,11
63416,30,40,-10,10
63417,76,76,0,0
63418,87,83,4,4
63419,110,107,3,3
63420,80,84,-4,4
63421,48,62,-14,14
63422,120,118,2,2
63423,98,106,-8,8
63424,43,49,-6,6
63425,84,82,2,2
63426,62,65,-3,3
63427,165,172,-7,7
63428,56,58,-2,2
63429,85,84,1,1
63430,109,102,7,7
63431,149,144,5,5
63432,55,55,0,0
63433,89,97,-8,8
63434,68,79,-11,11
63435,68,67,1,1
63436,146,146,0,0
63437,112,115,-3,3
63438,104,101,3,3
63439,49,62,-13,13
63440,67,63,4,4
63441,70,66,4,4
63442,109,103,6,6
63443,56,56,0,0
63444,148,145,3,3
63445,97,101,-4,4
63446,79,82,-3,3
63447,116,107,9,9
63448,97,101,-4,4
63449,79,80,-1,1
63450,74,67,7,7
63451,67,61,6,6
63452,118,116,2,2
63453,72,78,-6,6
63454,128,112,16,16
63455,113,118,-5,5
63456,103,113,-10,10
63457,86,94,-8,8
63458,59,64,-5,5
63459,114,125,-11,11
63460,125,132,-7,7
63461,105,101,4,4
63462,70,65,5,5
63463,147,140,7,7
63464,90,83,7,7
63465,81,90,-9,9
63466,65,76,-11,11
63467,63,62,1,1
63468,110,110,0,0
63469,108,100,8,8
63470,62,78,-16,16
63471,107,106,1,1
63472,47,50,-3,3
63473,76,79,-3,3
63474,92,95,-3,3
63475,129,130,-1,1
63476,87,88,-1,1
63477,90,79,11,11
63478,75,75,0,0
63479,69,74,-5,5
63480,61,63,-2,2
63481,76,74,2,2
63482,49,52,-3,3
63483,133,130,3,3
63484,147,156,-9,9
63485,115,107,8,8
63486,88,99,-11,11
63487,70,72,-2,2
63488,77,77,0,0
63489,64,64,0,0
63490,182,166,16,16
63491,103,99,4,4
63492,91,94,-3,3
63493,104,102,2,2
63494,67,58,9,9
63495,90,93,-3,3
63496,81,85,-4,4
63497,140,141,-1,1
63498,64,66,-2,2
63499,132,131,1,1
63500,64,62,2,2
63501,117,121,-4,4
63502,86,95,-9,9
63503,216,203,13,13
63504,129,125,4,4
63505,107,107,0,0
63506,114,113,1,1
63507,99,93,6,6
63508,232,214,18,18
63509,81,86,-5,5
63510,117,122,-5,5
63511,142,146,-4,4
63512,33,36,-3,3
63513,80,82,-2,2
63514,95,90,5,5
63515,84,80,4,4
63516,111,119,-8,8
63517,53,58,-5,5
63518,47,59,-12,12
63519,80,82,-2,2
63520,81,81,0,0
63521,74,72,2,2
63522,49,52,-3,3
63523,124,112,12,12
63524,98,92,6,6
63525,155,159,-4,4
63526,58,62,-4,4
63527,111,108,3,3
63528,99,115,-16,16
63529,124,116,8,8
63530,62,58,4,4
63531,55,71,-16,16
63532,72,73,-1,1
63533,62,62,0,0
63534,74,71,3,3
63535,76,65,11,11
63536,102,100,2,2
63537,87,85,2,2
63538,136,132,4,4
63539,89,84,5,5
63540,68,65,3,3
63541,67,67,0,0
63542,97,102,-5,5
63543,123,118,5,5
63544,170,155,15,15
63545,120,124,-4,4
63546,110,121,-11,11
63547,100,102,-2,2
63548,37,46,-9,9
63549,84,73,11,11
63550,62,64,-2,2
63551,145,139,6,6
63552,106,107,-1,1
63553,115,111,4,4
63554,126,129,-3,3
63555,141,155,-14,14
63556,92,91,1,1
63557,110,110,0,0
63558,59,72,-13,13
63559,90,82,8,8
63560,77,75,2,2
63561,70,73,-3,3
63562,77,72,5,5
63563,79,73,6,6
63564,154,148,6,6
63565,137,143,-6,6
63566,106,107,-1,1
63567,116,112,4,4
63568,119,110,9,9
63569,65,59,6,6
63570,139,135,4,4
63571,145,136,9,9
63572,141,139,2,2
63573,119,112,7,7
63574,70,73,-3,3
63575,78,78,0,0
63576,75,60,15,15
63577,100,98,2,2
63578,163,156,7,7
63579,162,161,1,1
63580,153,149,4,4
63581,94,98,-4,4
63582,74,72,2,2
63583,88,89,-1,1
63584,67,71,-4,4
63585,100,112,-12,12
63586,117,127,-10,10
63587,80,77,3,3
63588,95,84,11,11
63589,77,79,-2,2
63590,121,117,4,4
63591,141,135,6,6
63592,83,76,7,7
63593,55,57,-2,2
63594,87,79,8,8
63595,76,79,-3,3
63596,116,107,9,9
63597,162,196,-34,34
63598,114,116,-2,2
63599,79,78,1,1
63600,117,123,-6,6
63601,54,56,-2,2
63602,87,91,-4,4
63603,124,127,-3,3
63604,101,99,2,2
63605,53,57,-4,4
63606,133,132,1,1
63607,75,89,-14,14
63608,78,89,-11,11
63609,69,81,-12,12
63610,40,44,-4,4
63611,84,81,3,3
63612,94,98,-4,4
63613,75,72,3,3
63614,95,96,-1,1
63615,82,98,-16,16
63616,75,74,1,1
63617,141,120,21,21
63618,98,103,-5,5
63619,101,114,-13,13
63620,49,48,1,1
63621,45,46,-1,1
63622,94,98,-4,4
63623,132,115,17,17
63624,122,110,12,12
63625,96,98,-2,2
63626,89,85,4,4
63627,114,117,-3,3
63628,112,106,6,6
63629,55,64,-9,9
63630,63,63,0,0
63631,133,117,16,16
63632,71,82,-11,11
63633,81,73,8,8
63634,104,108,-4,4
63635,97,83,14,14
63636,103,109,-6,6
63637,110,99,11,11
63638,91,91,0,0
63639,60,63,-3,3
63640,58,62,-4,4
63641,91,90,1,1
63642,69,73,-4,4
63643,75,86,-11,11
63644,175,184,-9,9
63645,62,62,0,0
63646,121,123,-2,2
63647,64,63,1,1
63648,103,97,6,6
63649,109,76,33,33
63650,111,103,8,8
63651,87,78,9,9
63652,146,139,7,7
63653,68,73,-5,5
63654,69,67,2,2
63655,79,84,-5,5
63656,111,124,-13,13
63657,72,71,1,1
63658,110,107,3,3
63659,106,108,-2,2
63660,112,102,10,10
63661,85,79,6,6
63662,153,162,-9,9
63663,102,86,16,16
63664,75,78,-3,3
63665,123,115,8,8
63666,80,96,-16,16
63667,81,83,-2,2
63668,76,78,-2,2
63669,107,133,-26,26
63670,163,158,5,5
63671,75,84,-9,9
63672,83,82,1,1
63673,72,66,6,6
63674,73,74,-1,1
63675,47,58,-11,11
63676,127,124,3,3
63677,31,42,-11,11
63678,88,83,5,5
63679,131,134,-3,3
63680,140,158,-18,18
63681,172,175,-3,3
63682,86,81,5,5
63683,137,133,4,4
63684,108,107,1,1
63685,67,68,-1,1
63686,157,175,-18,18
63687,42,52,-10,10
63688,81,82,-1,1
63689,96,86,10,10
63690,189,187,2,2
63691,97,112,-15,15
63692,82,89,-7,7
63693,105,94,11,11
63694,107,100,7,7
63695,81,83,-2,2
63696,44,45,-1,1
63697,93,91,2,2
63698,63,64,-1,1
63699,46,95,-49,49
63700,128,140,-12,12
63701,133,142,-9,9
63702,40,44,-4,4
63703,119,118,1,1
63704,100,93,7,7
63705,96,94,2,2
63706,84,88,-4,4
63707,188,191,-3,3
63708,66,67,-1,1
63709,145,150,-5,5
63710,50,60,-10,10
63711,74,75,-1,1
63712,82,83,-1,1
63713,92,95,-3,3
63714,131,132,-1,1
63715,69,70,-1,1
63716,97,88,9,9
63717,137,135,2,2
63718,98,102,-4,4
63719,67,73,-6,6
63720,107,117,-10,10
63721,49,50,-1,1
63722,76,75,1,1
63723,66,66,0,0
63724,170,162,8,8
63725,101,108,-7,7
63726,95,80,15,15
63727,76,72,4,4
63728,82,81,1,1
63729,84,80,4,4
63730,106,110,-4,4
63731,64,74,-10,10
63732,91,92,-1,1
63733,86,86,0,0
63734,54,55,-1,1
63735,82,99,-17,17
63736,89,96,-7,7
63737,97,98,-1,1
63738,161,154,7,7
63739,48,44,4,4
63740,109,110,-1,1
63741,159,151,8,8
63742,106,109,-3,3
63743,181,162,19,19
63744,129,139,-10,10
63745,101,110,-9,9
63746,114,111,3,3
63747,126,116,10,10
63748,168,153,15,15
63749,95,99,-4,4
63750,80,83,-3,3
63751,96,93,3,3
63752,35,44,-9,9
63753,73,75,-2,2
63754,89,85,4,4
63755,107,98,9,9
63756,88,91,-3,3
63757,92,99,-7,7
63758,91,79,12,12
63759,91,82,9,9
63760,120,136,-16,16
63761,82,80,2,2
63762,80,86,-6,6
63763,55,57,-2,2
63764,76,67,9,9
63765,72,71,1,1
63766,105,101,4,4
63767,113,110,3,3
63768,67,64,3,3
63769,101,107,-6,6
63770,80,85,-5,5
63771,80,88,-8,8
63772,96,89,7,7
63773,71,80,-9,9
63774,148,158,-10,10
63775,72,67,5,5
63776,127,135,-8,8
63777,75,77,-2,2
63778,83,87,-4,4
63779,90,97,-7,7
63780,86,88,-2,2
63781,75,83,-8,8
63782,72,73,-1,1
63783,70,59,11,11
63784,105,103,2,2
63785,41,46,-5,5
63786,68,72,-4,4
63787,86,81,5,5
63788,64,58,6,6
63789,86,92,-6,6
63790,51,59,-8,8
63791,124,115,9,9
63792,88,95,-7,7
63793,93,94,-1,1
63794,54,71,-17,17
63795,71,65,6,6
63796,132,136,-4,4
63797,101,99,2,2
63798,172,157,15,15
63799,176,176,0,0
63800,173,183,-10,10
63801,130,130,0,0
63802,79,77,2,2
63803,102,106,-4,4
63804,133,132,1,1
63805,90,72,18,18
63806,102,100,2,2
63807,65,65,0,0
63808,128,125,3,3
63809,159,130,29,29
63810,57,56,1,1
63811,171,166,5,5
63812,66,73,-7,7
63813,165,158,7,7
63814,51,49,2,2
63815,111,111,0,0
63816,211,189,22,22
63817,89,84,5,5
63818,74,75,-1,1
63819,86,99,-13,13
63820,129,111,18,18
63821,67,62,5,5
63822,112,114,-2,2
63823,102,85,17,17
63824,76,76,0,0
63825,67,79,-12,12
63826,96,97,-1,1
63827,115,122,-7,7
63828,95,100,-5,5
63829,129,126,3,3
63830,78,73,5,5
63831,58,64,-6,6
63832,93,93,0,0
63833,53,51,2,2
63834,62,64,-2,2
63835,89,93,-4,4
63836,110,112,-2,2
63837,109,121,-12,12
63838,34,63,-29,29
63839,94,86,8,8
63840,54,58,-4,4
63841,111,116,-5,5
63842,128,135,-7,7
63843,141,143,-2,2
63844,92,86,6,6
63845,102,85,17,17
63846,94,99,-5,5
63847,130,123,7,7
63848,93,99,-6,6
63849,86,73,13,13
63850,102,101,1,1
63851,137,123,14,14
63852,55,45,10,10
63853,118,117,1,1
63854,121,115,6,6
63855,155,149,6,6
63856,71,77,-6,6
63857,140,139,1,1
63858,64,73,-9,9
63859,110,121,-11,11
63860,119,123,-4,4
63861,55,62,-7,7
63862,80,84,-4,4
63863,142,129,13,13
63864,44,53,-9,9
63865,111,118,-7,7
63866,113,109,4,4
63867,146,134,12,12
63868,169,175,-6,6
63869,129,121,8,8
63870,76,81,-5,5
63871,67,64,3,3
63872,75,73,2,2
63873,68,71,-3,3
63874,74,81,-7,7
63875,80,79,1,1
63876,33,40,-7,7
63877,91,90,1,1
63878,75,72,3,3
63879,94,90,4,4
63880,142,132,10,10
63881,50,106,-56,56
63882,193,202,-9,9
63883,81,85,-4,4
63884,111,104,7,7
63885,130,130,0,0
63886,51,50,1,1
63887,73,71,2,2
63888,136,144,-8,8
63889,94,92,2,2
63890,111,100,11,11
63891,119,118,1,1
63892,101,104,-3,3
63893,79,74,5,5
63894,92,93,-1,1
63895,84,76,8,8
63896,48,55,-7,7
63897,105,110,-5,5
63898,87,78,9,9
63899,91,96,-5,5
63900,78,85,-7,7
63901,136,152,-16,16
63902,123,125,-2,2
63903,130,130,0,0
63904,126,119,7,7
63905,84,94,-10,10
63906,122,127,-5,5
63907,124,124,0,0
63908,117,113,4,4
63909,49,47,2,2
63910,63,62,1,1
63911,64,64,0,0
63912,57,61,-4,4
63913,37,46,-9,9
63914,38,46,-8,8
63915,56,54,2,2
63916,137,131,6,6
63917,109,112,-3,3
63918,158,154,4,4
63919,112,122,-10,10
63920,96,107,-11,11
63921,99,105,-6,6
63922,68,66,2,2
63923,94,100,-6,6
63924,118,122,-4,4
63925,80,82,-2,2
63926,78,83,-5,5
63927,94,91,3,3
63928,172,174,-2,2
63929,39,44,-5,5
63930,62,74,-12,12
63931,152,138,14,14
63932,120,114,6,6
63933,90,83,7,7
63934,105,97,8,8
63935,80,76,4,4
63936,58,61,-3,3
63937,51,59,-8,8
63938,90,88,2,2
63939,107,100,7,7
63940,71,74,-3,3
63941,61,68,-7,7
63942,111,133,-22,22
63943,88,96,-8,8
63944,56,60,-4,4
63945,93,89,4,4
63946,106,101,5,5
63947,96,95,1,1
63948,81,90,-9,9
63949,63,60,3,3
63950,112,118,-6,6
63951,120,111,9,9
63952,59,55,4,4
63953,103,91,12,12
63954,50,56,-6,6
63955,115,97,18,18
63956,54,63,-9,9
63957,71,68,3,3
63958,59,58,1,1
63959,115,113,2,2
63960,47,57,-10,10
63961,100,100,0,0
63962,77,79,-2,2
63963,195,184,11,11
63964,118,117,1,1
63965,90,95,-5,5
63966,101,98,3,3
63967,141,137,4,4
63968,153,150,3,3
63969,72,80,-8,8
63970,76,82,-6,6
63971,141,126,15,15
63972,168,155,13,13
63973,189,167,22,22
63974,52,56,-4,4
63975,90,87,3,3
63976,81,84,-3,3
63977,54,57,-3,3
63978,128,123,5,5
63979,86,91,-5,5
63980,65,72,-7,7
63981,53,55,-2,2
63982,57,61,-4,4
63983,90,68,22,22
63984,73,77,-4,4
63985,75,86,-11,11
63986,85,82,3,3
63987,143,142,1,1
63988,44,57,-13,13
63989,81,74,7,7
63990,76,83,-7,7
63991,126,122,4,4
63992,46,54,-8,8
63993,139,125,14,14
63994,154,152,2,2
63995,161,171,-10,10
63996,59,55,4,4
63997,78,84,-6,6
63998,85,88,-3,3
63999,48,61,-13,13
64000,71,71,0,0
64001,79,82,-3,3
64002,65,64,1,1
64003,78,77,1,1
64004,117,121,-4,4
64005,51,51,0,0
64006,153,91,62,62
64007,118,126,-8,8
64008,66,62,4,4
64009,75,80,-5,5
64010,102,110,-8,8
64011,85,84,1,1
64012,64,63,1,1
64013,95,101,-6,6
64014,160,153,7,7
64015,94,89,5,5
64016,68,78,-10,10
64017,180,182,-2,2
64018,52,79,-27,27
64019,106,109,-3,3
64020,85,85,0,0
64021,115,134,-19,19
64022,57,50,7,7
64023,104,106,-2,2
64024,53,54,-1,1
64025,79,72,7,7
64026,68,82,-14,14
64027,86,78,8,8
64028,121,113,8,8
64029,54,52,2,2
64030,74,74,0,0
64031,122,143,-21,21
64032,67,66,1,1
64033,128,135,-7,7
64034,56,60,-4,4
64035,146,145,1,1
64036,111,120,-9,9
64037,86,89,-3,3
64038,96,88,8,8
64039,144,153,-9,9
64040,73,73,0,0
64041,50,53,-3,3
64042,179,182,-3,3
64043,83,89,-6,6
64044,62,61,1,1
64045,103,102,1,1
64046,101,101,0,0
64047,59,63,-4,4
64048,74,67,7,7
64049,72,67,5,5
64050,75,86,-11,11
64051,109,112,-3,3
64052,102,91,11,11
64053,143,139,4,4
64054,83,97,-14,14
64055,156,162,-6,6
64056,124,119,5,5
64057,80,77,3,3
64058,161,150,11,11
64059,54,61,-7,7
64060,75,92,-17,17
64061,155,143,12,12
64062,117,107,10,10
64063,130,134,-4,4
64064,225,206,19,19
64065,94,91,3,3
64066,63,58,5,5
64067,72,71,1,1
64068,179,173,6,6
64069,141,141,0,0
64070,82,73,9,9
64071,62,52,10,10
64072,122,126,-4,4
64073,79,74,5,5
64074,93,78,15,15
64075,137,163,-26,26
64076,110,115,-5,5
64077,137,137,0,0
64078,84,71,13,13
64079,64,63,1,1
64080,64,58,6,6
64081,56,62,-6,6
64082,70,71,-1,1
64083,76,79,-3,3
64084,118,111,7,7
64085,88,79,9,9
64086,81,75,6,6
64087,129,125,4,4
64088,64,71,-7,7
64089,97,94,3,3
64090,123,128,-5,5
64091,86,75,11,11
64092,97,97,0,0
64093,115,120,-5,5
64094,96,105,-9,9
64095,77,78,-1,1
64096,168,187,-19,19
64097,51,55,-4,4
64098,90,83,7,7
64099,56,64,-8,8
64100,71,75,-4,4
64101,107,111,-4,4
64102,94,83,11,11
64103,46,59,-13,13
64104,118,110,8,8
64105,129,121,8,8
64106,106,111,-5,5
64107,81,86,-5,5
64108,82,76,6,6
64109,56,56,0,0
64110,79,72,7,7
64111,71,73,-2,2
64112,148,159,-11,11
64113,205,195,10,10
64114,142,129,13,13
64115,85,80,5,5
64116,47,51,-4,4
64117,91,90,1,1
64118,108,104,4,4
64119,73,66,7,7
64120,102,105,-3,3
64121,129,139,-10,10
64122,130,166,-36,36
64123,103,95,8,8
64124,70,94,-24,24
64125,90,87,3,3
64126,118,139,-21,21
64127,85,72,13,13
64128,63,71,-8,8
64129,62,58,4,4
64130,93,92,1,1
64131,66,82,-16,16
64132,57,58,-1,1
64133,43,50,-7,7
64134,104,98,6,6
64135,131,126,5,5
64136,88,82,6,6
64137,79,82,-3,3
64138,83,72,11,11
64139,77,72,5,5
64140,82,85,-3,3
64141,109,107,2,2
64142,118,114,4,4
64143,134,140,-6,6
64144,124,134,-10,10
64145,105,111,-6,6
64146,102,95,7,7
64147,109,107,2,2
64148,100,102,-2,2
64149,84,87,-3,3
64150,88,82,6,6
64151,86,85,1,1
64152,92,85,7,7
64153,125,118,7,7
64154,70,65,5,5
64155,167,144,23,23
64156,151,166,-15,15
64157,80,74,6,6
64158,125,110,15,15
64159,140,154,-14,14
64160,101,102,-1,1
64161,68,65,3,3
64162,48,71,-23,23
64163,105,102,3,3
64164,72,65,7,7
64165,73,74,-1,1
64166,139,140,-1,1
64167,88,94,-6,6
64168,65,99,-34,34
64169,100,100,0,0
64170,150,154,-4,4
64171,116,116,0,0
64172,64,66,-2,2
64173,115,105,10,10
64174,58,62,-4,4
64175,132,145,-13,13
64176,91,82,9,9
64177,75,66,9,9
64178,98,104,-6,6
64179,109,111,-2,2
64180,115,107,8,8
64181,86,96,-10,10
64182,100,85,15,15
64183,77,78,-1,1
64184,156,163,-7,7
64185,63,61,2,2
64186,81,83,-2,2
64187,95,91,4,4
64188,70,72,-2,2
64189,100,100,0,0
64190,92,95,-3,3
64191,150,153,-3,3
64192,99,109,-10,10
64193,133,127,6,6
64194,46,50,-4,4
64195,99,89,10,10
64196,128,121,7,7
64197,77,77,0,0
64198,77,79,-2,2
64199,62,67,-5,5
64200,175,156,19,19
64201,183,180,3,3
64202,80,84,-4,4
64203,124,128,-4,4
64204,116,114,2,2
64205,140,149,-9,9
64206,74,71,3,3
64207,104,122,-18,18
64208,43,53,-10,10
64209,191,184,7,7
64210,245,256,-11,11
64211,94,90,4,4
64212,110,99,11,11
64213,86,89,-3,3
64214,49,61,-12,12
64215,116,118,-2,2
64216,58,59,-1,1
64217,51,49,2,2
64218,96,97,-1,1
64219,73,80,-7,7
64220,100,105,-5,5
64221,83,145,-62,62
64222,130,129,1,1
64223,64,71,-7,7
64224,77,78,-1,1
64225,126,134,-8,8
64226,52,50,2,2
64227,84,82,2,2
64228,69,81,-12,12
64229,107,130,-23,23
64230,104,95,9,9
64231,55,56,-1,1
64232,87,93,-6,6
64233,88,93,-5,5
64234,147,154,-7,7
64235,122,115,7,7
64236,120,112,8,8
64237,166,163,3,3
64238,80,88,-8,8
64239,122,124,-2,2
64240,43,42,1,1
64241,121,113,8,8
64242,70,75,-5,5
64243,101,99,2,2
64244,57,63,-6,6
64245,100,97,3,3
64246,52,57,-5,5
64247,69,71,-2,2
64248,52,47,5,5
64249,60,62,-2,2
64250,74,71,3,3
64251,92,94,-2,2
64252,47,54,-7,7
64253,91,96,-5,5
64254,72,78,-6,6
64255,45,44,1,1
64256,70,78,-8,8
64257,119,123,-4,4
64258,113,119,-6,6
64259,51,53,-2,2
64260,56,59,-3,3
64261,95,93,2,2
64262,82,91,-9,9
64263,79,79,0,0
64264,70,73,-3,3
64265,78,79,-1,1
64266,94,98,-4,4
64267,68,67,1,1
64268,87,91,-4,4
64269,164,193,-29,29
64270,101,96,5,5
64271,145,148,-3,3
64272,50,51,-1,1
64273,65,81,-16,16
64274,108,101,7,7
64275,77,73,4,4
64276,153,146,7,7
64277,113,109,4,4
64278,181,158,23,23
64279,52,54,-2,2
64280,96,103,-7,7
64281,139,133,6,6
64282,91,93,-2,2
64283,73,76,-3,3
64284,77,77,0,0
64285,71,74,-3,3
64286,51,54,-3,3
64287,90,92,-2,2
64288,68,66,2,2
64289,73,75,-2,2
64290,94,103,-9,9
64291,69,66,3,3
64292,90,93,-3,3
64293,154,159,-5,5
64294,163,147,16,16
64295,74,77,-3,3
64296,55,62,-7,7
64297,73,77,-4,4
64298,33,39,-6,6
64299,154,149,5,5
64300,70,52,18,18
64301,72,72,0,0
64302,96,104,-8,8
64303,117,118,-1,1
64304,127,131,-4,4
64305,84,90,-6,6
64306,99,104,-5,5
64307,72,73,-1,1
64308,144,134,10,10
64309,74,78,-4,4
64310,75,79,-4,4
64311,89,84,5,5
64312,122,116,6,6
64313,165,161,4,4
64314,45,47,-2,2
64315,82,89,-7,7
64316,84,80,4,4
64317,166,165,1,1
64318,140,132,8,8
64319,96,109,-13,13
64320,73,71,2,2
64321,200,195,5,5
64322,113,114,-1,1
64323,137,132,5,5
64324,87,90,-3,3
64325,127,125,2,2
64326,74,64,10,10
64327,89,85,4,4
64328,128,138,-10,10
64329,73,77,-4,4
64330,53,53,0,0
64331,26,45,-19,19
64332,104,105,-1,1
64333,91,84,7,7
64334,157,153,4,4
64335,93,89,4,4
64336,125,132,-7,7
64337,66,60,6,6
64338,125,120,5,5
64339,144,122,22,22
64340,106,99,7,7
64341,129,121,8,8
64342,86,96,-10,10
64343,188,183,5,5
64344,142,135,7,7
64345,54,56,-2,2
64346,185,160,25,25
64347,152,149,3,3
64348,55,53,2,2
64349,74,79,-5,5
64350,132,139,-7,7
64351,80,71,9,9
64352,77,76,1,1
64353,67,77,-10,10
64354,71,67,4,4
64355,129,120,9,9
64356,116,109,7,7
64357,97,94,3,3
64358,39,44,-5,5
64359,44,51,-7,7
64360,73,73,0,0
64361,78,76,2,2
64362,68,65,3,3
64363,57,53,4,4
64364,97,79,18,18
64365,77,78,-1,1
64366,159,160,-1,1
64367,144,133,11,11
64368,58,62,-4,4
64369,74,83,-9,9
64370,47,52,-5,5
64371,86,86,0,0
64372,95,83,12,12
64373,74,72,2,2
64374,84,97,-13,13
64375,175,172,3,3
64376,47,48,-1,1
64377,110,104,6,6
64378,181,178,3,3
64379,117,119,-2,2
64380,77,65,12,12
64381,88,78,10,10
64382,84,91,-7,7
64383,56,52,4,4
64384,49,47,2,2
64385,75,82,-7,7
64386,58,55,3,3
64387,110,114,-4,4
64388,80,82,-2,2
64389,120,130,-10,10
64390,79,100,-21,21
64391,107,116,-9,9
64392,79,78,1,1
64393,69,70,-1,1
64394,36,44,-8,8
64395,106,107,-1,1
64396,64,63,1,1
64397,91,99,-8,8
64398,70,75,-5,5
64399,69,71,-2,2
64400,75,80,-5,5
64401,54,55,-1,1
64402,69,80,-11,11
64403,105,119,-14,14
64404,67,72,-5,5
64405,28,37,-9,9
64406,57,59,-2,2
64407,46,38,8,8
64408,52,53,-1,1
64409,122,122,0,0
64410,101,97,4,4
64411,129,122,7,7
64412,143,158,-15,15
64413,193,186,7,7
64414,55,58,-3,3
64415,92,93,-1,1
64416,107,91,16,16
64417,137,121,16,16
64418,100,105,-5,5
64419,61,67,-6,6
64420,113,101,12,12
64421,112,110,2,2
64422,78,71,7,7
64423,82,90,-8,8
64424,58,70,-12,12
64425,65,53,12,12
64426,52,62,-10,10
64427,106,107,-1,1
64428,47,55,-8,8
64429,72,78,-6,6
64430,75,80,-5,5
64431,135,146,-11,11
64432,87,92,-5,5
64433,175,173,2,2
64434,99,108,-9,9
64435,50,52,-2,2
64436,90,87,3,3
64437,83,93,-10,10
64438,68,71,-3,3
64439,85,87,-2,2
64440,73,76,-3,3
64441,58,66,-8,8
64442,78,74,4,4
64443,89,98,-9,9
64444,49,52,-3,3
64445,73,65,8,8
64446,108,86,22,22
64447,60,63,-3,3
64448,142,132,10,10
64449,217,202,15,15
64450,57,52,5,5
64451,61,60,1,1
64452,82,75,7,7
64453,73,75,-2,2
64454,108,108,0,0
64455,139,151,-12,12
64456,80,77,3,3
64457,218,212,6,6
64458,119,119,0,0
64459,105,105,0,0
64460,57,64,-7,7
64461,106,118,-12,12
64462,74,80,-6,6
64463,77,82,-5,5
64464,143,140,3,3
64465,103,102,1,1
64466,120,117,3,3
64467,124,113,11,11
64468,112,110,2,2
64469,105,98,7,7
64470,144,145,-1,1
64471,97,89,8,8
64472,65,64,1,1
64473,74,71,3,3
64474,55,59,-4,4
64475,80,82,-2,2
64476,115,114,1,1
64477,145,152,-7,7
64478,103,112,-9,9
64479,132,126,6,6
64480,46,50,-4,4
64481,59,59,0,0
64482,83,81,2,2
64483,150,148,2,2
64484,182,181,1,1
64485,44,51,-7,7
64486,64,76,-12,12
64487,53,56,-3,3
64488,78,86,-8,8
64489,112,121,-9,9
64490,109,105,4,4
64491,95,106,-11,11
64492,62,85,-23,23
64493,57,62,-5,5
64494,130,131,-1,1
64495,101,96,5,5
64496,135,142,-7,7
64497,100,118,-18,18
64498,107,119,-12,12
64499,97,105,-8,8
64500,79,76,3,3
64501,80,86,-6,6
64502,94,73,21,21
64503,122,120,2,2
64504,57,62,-5,5
64505,58,64,-6,6
64506,76,73,3,3
64507,144,132,12,12
64508,51,49,2,2
64509,54,59,-5,5
64510,85,86,-1,1
64511,61,63,-2,2
64512,148,130,18,18
64513,33,41,-8,8
64514,99,97,2,2
64515,117,112,5,5
64516,82,78,4,4
64517,54,80,-26,26
64518,144,138,6,6
64519,141,140,1,1
64520,80,89,-9,9
64521,203,189,14,14
64522,93,92,1,1
64523,65,65,0,0
64524,61,58,3,3
64525,139,134,5,5
64526,84,83,1,1
64527,72,78,-6,6
64528,68,75,-7,7
64529,56,71,-15,15
64530,101,101,0,0
64531,63,73,-10,10
64532,94,97,-3,3
64533,120,122,-2,2
64534,113,118,-5,5
64535,32,44,-12,12
64536,94,106,-12,12
64537,116,118,-2,2
64538,101,98,3,3
64539,57,63,-6,6
64540,144,138,6,6
64541,76,79,-3,3
64542,94,93,1,1
64543,80,83,-3,3
64544,100,100,0,0
64545,150,140,10,10
64546,85,88,-3,3
64547,77,76,1,1
64548,75,74,1,1
64549,170,161,9,9
64550,138,146,-8,8
64551,74,71,3,3
64552,83,83,0,0
64553,193,195,-2,2
64554,95,86,9,9
64555,132,132,0,0
64556,69,71,-2,2
64557,120,133,-13,13
64558,102,99,3,3
64559,87,83,4,4
64560,133,118,15,15
64561,106,105,1,1
64562,90,95,-5,5
64563,61,64,-3,3
64564,87,88,-1,1
64565,130,126,4,4
64566,77,82,-5,5
64567,80,101,-21,21
64568,95,81,14,14
64569,64,65,-1,1
64570,57,63,-6,6
64571,70,72,-2,2
64572,111,110,1,1
64573,54,55,-1,1
64574,142,169,-27,27
64575,52,57,-5,5
64576,47,55,-8,8
64577,133,140,-7,7
64578,140,148,-8,8
64579,60,63,-3,3
64580,186,166,20,20
64581,77,79,-2,2
64582,101,96,5,5
64583,59,58,1,1
64584,121,129,-8,8
64585,104,113,-9,9
64586,155,135,20,20
64587,83,78,5,5
64588,77,76,1,1
64589,123,111,12,12
64590,59,58,1,1
64591,105,91,14,14
64592,75,86,-11,11
64593,116,108,8,8
64594,72,75,-3,3
64595,149,157,-8,8
64596,119,113,6,6
64597,63,72,-9,9
64598,87,85,2,2
64599,137,131,6,6
64600,82,75,7,7
64601,125,124,1,1
64602,36,60,-24,24
64603,67,71,-4,4
64604,116,120,-4,4
64605,155,145,10,10
64606,103,89,14,14
64607,104,98,6,6
64608,143,146,-3,3
64609,123,124,-1,1
64610,121,115,6,6
64611,87,78,9,9
64612,72,76,-4,4
64613,49,64,-15,15
64614,69,84,-15,15
64615,72,89,-17,17
64616,116,94,22,22
64617,138,148,-10,10
64618,97,101,-4,4
64619,63,63,0,0
64620,109,105,4,4
64621,80,83,-3,3
64622,96,94,2,2
64623,98,86,12,12
64624,101,108,-7,7
64625,143,136,7,7
64626,90,88,2,2
64627,85,81,4,4
64628,120,131,-11,11
64629,65,62,3,3
64630,161,147,14,14
64631,124,110,14,14
64632,103,105,-2,2
64633,99,94,5,5
64634,121,130,-9,9
64635,122,121,1,1
64636,104,114,-10,10
64637,160,174,-14,14
64638,109,87,22,22
64639,63,64,-1,1
64640,112,111,1,1
64641,88,87,1,1
64642,88,86,2,2
64643,101,115,-14,14
64644,50,53,-3,3
64645,170,180,-10,10
64646,64,73,-9,9
64647,102,116,-14,14
64648,93,92,1,1
64649,132,131,1,1
64650,75,85,-10,10
64651,84,74,10,10
64652,60,62,-2,2
64653,103,119,-16,16
64654,58,57,1,1
64655,153,141,12,12
64656,135,126,9,9
64657,62,76,-14,14
64658,162,153,9,9
64659,74,76,-2,2
64660,90,83,7,7
64661,127,127,0,0
64662,97,102,-5,5
64663,102,99,3,3
64664,117,114,3,3
64665,38,47,-9,9
64666,114,109,5,5
64667,45,38,7,7
64668,100,101,-1,1
64669,61,59,2,2
64670,101,92,9,9
64671,120,122,-2,2
64672,152,145,7,7
64673,84,89,-5,5
64674,100,92,8,8
64675,108,104,4,4
64676,124,136,-12,12
64677,148,154,-6,6
64678,46,49,-3,3
64679,119,122,-3,3
64680,118,111,7,7
64681,52,58,-6,6
64682,104,111,-7,7
64683,82,101,-19,19
64684,100,91,9,9
64685,118,111,7,7
64686,70,75,-5,5
64687,104,89,15,15
64688,141,138,3,3
64689,97,98,-1,1
64690,24,28,-4,4
64691,192,172,20,20
64692,71,63,8,8
64693,78,89,-11,11
64694,46,51,-5,5
64695,79,83,-4,4
64696,153,134,19,19
64697,88,101,-13,13
64698,64,73,-9,9
64699,81,75,6,6
64700,81,79,2,2
64701,105,100,5,5
64702,88,99,-11,11
64703,120,126,-6,6
64704,68,64,4,4
64705,84,82,2,2
64706,121,116,5,5
64707,80,74,6,6
64708,138,143,-5,5
64709,90,80,10,10
64710,87,93,-6,6
64711,92,95,-3,3
64712,111,122,-11,11
64713,77,73,4,4
64714,74,78,-4,4
64715,170,149,21,21
64716,77,81,-4,4
64717,117,128,-11,11
64718,151,138,13,13
64719,84,88,-4,4
64720,108,119,-11,11
64721,69,76,-7,7
64722,121,129,-8,8
64723,94,105,-11,11
64724,41,46,-5,5
64725,140,136,4,4
64726,76,70,6,6
64727,85,78,7,7
64728,104,109,-5,5
64729,48,55,-7,7
64730,128,137,-9,9
64731,68,65,3,3
64732,70,72,-2,2
64733,93,85,8,8
64734,69,85,-16,16
64735,56,50,6,6
64736,96,98,-2,2
64737,50,51,-1,1
64738,64,70,-6,6
64739,69,79,-10,10
64740,89,86,3,3
64741,75,81,-6,6
64742,77,78,-1,1
64743,68,64,4,4
64744,59,89,-30,30
64745,140,124,16,16
64746,79,71,8,8
64747,46,45,1,1
64748,54,52,2,2
64749,89,97,-8,8
64750,99,103,-4,4
64751,68,70,-2,2
64752,86,93,-7,7
64753,106,96,10,10
64754,82,78,4,4
64755,97,130,-33,33
64756,29,44,-15,15
64757,99,95,4,4
64758,119,126,-7,7
64759,102,106,-4,4
64760,104,109,-5,5
64761,148,131,17,17
64762,146,142,4,4
64763,107,98,9,9
64764,49,48,1,1
64765,45,45,0,0
64766,133,130,3,3
64767,102,107,-5,5
64768,110,118,-8,8
64769,100,98,2,2
64770,112,107,5,5
64771,59,70,-11,11
64772,73,63,10,10
64773,115,128,-13,13
64774,88,86,2,2
64775,77,86,-9,9
64776,133,132,1,1
64777,86,86,0,0
64778,74,65,9,9
64779,125,124,1,1
64780,97,105,-8,8
64781,71,64,7,7
64782,42,50,-8,8
64783,140,142,-2,2
64784,70,67,3,3
64785,76,80,-4,4
64786,59,58,1,1
64787,87,93,-6,6
64788,134,124,10,10
64789,173,168,5,5
64790,47,51,-4,4
64791,112,100,12,12
64792,94,102,-8,8
64793,81,79,2,2
64794,152,152,0,0
64795,56,57,-1,1
64796,72,75,-3,3
64797,82,79,3,3
64798,68,68,0,0
64799,87,91,-4,4
64800,116,138,-22,22
64801,49,47,2,2
64802,124,122,2,2
64803,146,157,-11,11
64804,151,143,8,8
64805,67,86,-19,19
64806,57,92,-35,35
64807,147,149,-2,2
64808,104,107,-3,3
64809,124,126,-2,2
64810,46,55,-9,9
64811,118,124,-6,6
64812,110,110,0,0
64813,82,81,1,1
64814,97,88,9,9
64815,104,95,9,9
64816,46,46,0,0
64817,76,82,-6,6
64818,66,69,-3,3
64819,51,50,1,1
64820,63,56,7,7
64821,81,81,0,0
64822,110,111,-1,1
64823,160,161,-1,1
64824,65,64,1,1
64825,43,46,-3,3
64826,67,121,-54,54
64827,104,99,5,5
64828,83,89,-6,6
64829,57,72,-15,15
64830,139,138,1,1
64831,78,80,-2,2
64832,68,60,8,8
64833,91,90,1,1
64834,117,120,-3,3
64835,117,115,2,2
64836,110,115,-5,5
64837,67,71,-4,4
64838,89,92,-3,3
64839,96,103,-7,7
64840,92,103,-11,11
64841,87,85,2,2
64842,92,83,9,9
64843,59,65,-6,6
64844,66,64,2,2
64845,160,168,-8,8
64846,188,172,16,16
64847,96,97,-1,1
64848,75,82,-7,7
64849,140,136,4,4
64850,95,93,2,2
64851,83,83,0,0
64852,103,104,-1,1
64853,81,84,-3,3
64854,87,87,0,0
64855,90,91,-1,1
64856,66,65,1,1
64857,100,92,8,8
64858,75,75,0,0
64859,50,50,0,0
64860,68,65,3,3
64861,82,82,0,0
64862,72,64,8,8
64863,56,58,-2,2
64864,113,113,0,0
64865,41,51,-10,10
64866,56,61,-5,5
64867,92,89,3,3
64868,68,70,-2,2
64869,63,63,0,0
64870,111,115,-4,4
64871,74,78,-4,4
64872,91,92,-1,1
64873,84,136,-52,52
64874,107,118,-11,11
64875,95,94,1,1
64876,80,73,7,7
64877,125,132,-7,7
64878,57,56,1,1
64879,115,127,-12,12
64880,117,115,2,2
64881,71,76,-5,5
64882,72,71,1,1
64883,199,185,14,14
64884,100,107,-7,7
64885,75,66,9,9
64886,78,73,5,5
64887,82,78,4,4
64888,85,90,-5,5
64889,53,58,-5,5
64890,89,89,0,0
64891,111,104,7,7
64892,58,59,-1,1
64893,74,72,2,2
64894,106,121,-15,15
64895,139,141,-2,2
64896,94,90,4,4
64897,66,63,3,3
64898,140,127,13,13
64899,100,99,1,1
64900,60,63,-3,3
64901,118,109,9,9
64902,108,95,13,13
64903,131,122,9,9
64904,141,153,-12,12
64905,107,111,-4,4
64906,65,75,-10,10
64907,104,109,-5,5
64908,121,128,-7,7
64909,93,99,-6,6
64910,85,95,-10,10
64911,77,79,-2,2
64912,113,107,6,6
64913,44,46,-2,2
64914,110,126,-16,16
64915,75,71,4,4
64916,65,72,-7,7
64917,59,57,2,2
64918,102,92,10,10
64919,93,113,-20,20
64920,85,86,-1,1
64921,57,57,0,0
64922,129,124,5,5
64923,45,59,-14,14
64924,60,77,-17,17
64925,89,98,-9,9
64926,93,97,-4,4
64927,104,104,0,0
64928,55,55,0,0
64929,83,89,-6,6
64930,137,131,6,6
64931,109,103,6,6
64932,69,68,1,1
64933,110,126,-16,16
64934,119,103,16,16
64935,97,92,5,5
64936,81,83,-2,2
64937,104,104,0,0
64938,71,78,-7,7
64939,50,59,-9,9
64940,136,130,6,6
64941,70,66,4,4
64942,63,71,-8,8
64943,90,97,-7,7
64944,102,100,2,2
64945,50,51,-1,1
64946,138,126,12,12
64947,103,128,-25,25
64948,127,125,2,2
64949,129,135,-6,6
64950,144,144,0,0
64951,52,58,-6,6
64952,72,75,-3,3
64953,94,100,-6,6
64954,77,72,5,5
64955,62,65,-3,3
64956,91,96,-5,5
64957,58,58,0,0
64958,78,78,0,0
64959,63,62,1,1
64960,111,104,7,7
64961,87,91,-4,4
64962,85,81,4,4
64963,224,204,20,20
64964,99,93,6,6
64965,84,78,6,6
64966,101,99,2,2
64967,156,141,15,15
64968,50,51,-1,1
64969,82,83,-1,1
64970,190,199,-9,9
64971,127,136,-9,9
64972,61,60,1,1
64973,100,107,-7,7
64974,81,87,-6,6
64975,141,127,14,14
64976,80,74,6,6
64977,67,65,2,2
64978,90,92,-2,2
64979,81,77,4,4
64980,55,55,0,0
64981,85,86,-1,1
64982,36,45,-9,9
64983,87,75,12,12
64984,73,85,-12,12
64985,90,88,2,2
64986,69,62,7,7
64987,88,85,3,3
64988,64,66,-2,2
64989,56,57,-1,1
64990,130,122,8,8
64991,59,57,2,2
64992,140,147,-7,7
64993,129,120,9,9
64994,122,121,1,1
64995,69,65,4,4
64996,65,73,-8,8
64997,103,102,1,1
64998,36,35,1,1
64999,193,199,-6,6
65000,123,119,4,4
65001,77,77,0,0
65002,75,71,4,4
65003,85,96,-11,11
65004,124,127,-3,3
65005,148,151,-3,3
65006,92,99,-7,7
65007,70,74,-4,4
65008,129,125,4,4
65009,51,52,-1,1
65010,98,89,9,9
65011,130,123,7,7
65012,134,133,1,1
65013,89,85,4,4
65014,83,91,-8,8
65015,89,88,1,1
65016,101,100,1,1
65017,110,100,10,10
65018,68,72,-4,4
65019,68,62,6,6
65020,72,75,-3,3
65021,77,77,0,0
65022,147,137,10,10
65023,117,116,1,1
65024,79,97,-18,18
65025,103,108,-5,5
65026,65,73,-8,8
65027,102,103,-1,1
65028,66,66,0,0
65029,101,95,6,6
65030,77,78,-1,1
65031,58,63,-5,5
65032,75,77,-2,2
65033,50,62,-12,12
65034,116,115,1,1
65035,78,76,2,2
65036,111,103,8,8
65037,35,45,-10,10
65038,94,89,5,5
65039,136,129,7,7
65040,71,71,0,0
65041,94,104,-10,10
65042,81,79,2,2
65043,54,51,3,3
65044,94,86,8,8
65045,94,98,-4,4
65046,143,142,1,1
65047,82,83,-1,1
65048,156,149,7,7
65049,81,88,-7,7
65050,169,168,1,1
65051,104,101,3,3
65052,107,111,-4,4
65053,69,79,-10,10
65054,123,108,15,15
65055,51,55,-4,4
65056,88,96,-8,8
65057,41,44,-3,3
65058,56,62,-6,6
65059,138,141,-3,3
65060,102,98,4,4
65061,97,96,1,1
65062,124,131,-7,7
65063,124,117,7,7
65064,119,136,-17,17
65065,55,54,1,1
65066,116,117,-1,1
65067,60,58,2,2
65068,134,122,12,12
65069,63,91,-28,28
65070,73,73,0,0
65071,145,147,-2,2
65072,111,113,-2,2
65073,110,120,-10,10
65074,194,183,11,11
65075,92,97,-5,5
65076,97,88,9,9
65077,116,120,-4,4
65078,61,54,7,7
65079,150,149,1,1
65080,45,48,-3,3
65081,99,92,7,7
65082,79,74,5,5
65083,118,123,-5,5
65084,74,67,7,7
65085,108,109,-1,1
65086,85,81,4,4
65087,89,78,11,11
65088,107,110,-3,3
65089,165,176,-11,11
65090,84,81,3,3
65091,132,127,5,5
65092,90,86,4,4
65093,144,123,21,21
65094,87,93,-6,6
65095,103,90,13,13
65096,98,104,-6,6
65097,88,88,0,0
65098,125,124,1,1
65099,112,105,7,7
65100,51,59,-8,8
65101,105,113,-8,8
65102,149,132,17,17
65103,109,107,2,2
65104,74,75,-1,1
65105,83,83,0,0
65106,85,89,-4,4
65107,75,67,8,8
65108,78,86,-8,8
65109,67,68,-1,1
65110,48,48,0,0
65111,109,87,22,22
65112,92,91,1,1
65113,90,96,-6,6
65114,90,86,4,4
65115,98,96,2,2
65116,76,74,2,2
65117,83,89,-6,6
65118,148,154,-6,6
65119,99,97,2,2
65120,68,68,0,0
65121,79,72,7,7
65122,98,102,-4,4
65123,194,194,0,0
65124,90,86,4,4
65125,70,66,4,4
65126,88,89,-1,1
65127,66,66,0,0
65128,81,68,13,13
65129,122,126,-4,4
65130,96,96,0,0
65131,69,71,-2,2
65132,113,99,14,14
65133,61,71,-10,10
65134,101,87,14,14
65135,178,170,8,8
65136,111,106,5,5
65137,81,75,6,6
65138,147,170,-23,23
65139,121,119,2,2
65140,78,72,6,6
65141,86,84,2,2
65142,54,53,1,1
65143,46,47,-1,1
65144,62,66,-4,4
65145,94,90,4,4
65146,101,100,1,1
65147,60,64,-4,4
65148,72,65,7,7
65149,75,83,-8,8
65150,148,142,6,6
65151,123,116,7,7
65152,81,94,-13,13
65153,126,128,-2,2
65154,163,156,7,7
65155,105,107,-2,2
65156,85,85,0,0
65157,102,99,3,3
65158,89,87,2,2
65159,123,129,-6,6
65160,62,59,3,3
65161,78,87,-9,9
65162,98,95,3,3
65163,68,66,2,2
65164,99,104,-5,5
65165,112,109,3,3
65166,89,86,3,3
65167,89,95,-6,6
65168,83,78,5,5
65169,119,120,-1,1
65170,92,102,-10,10
65171,77,82,-5,5
65172,74,71,3,3
65173,115,136,-21,21
65174,107,104,3,3
65175,98,89,9,9
65176,136,129,7,7
65177,42,49,-7,7
65178,119,122,-3,3
65179,119,123,-4,4
65180,109,103,6,6
65181,113,113,0,0
65182,164,163,1,1
65183,86,82,4,4
65184,97,97,0,0
65185,112,117,-5,5
65186,124,123,1,1
65187,84,98,-14,14
65188,77,78,-1,1
65189,87,81,6,6
65190,52,54,-2,2
65191,112,108,4,4
65192,78,79,-1,1
65193,93,98,-5,5
65194,115,129,-14,14
65195,76,74,2,2
65196,209,199,10,10
65197,41,52,-11,11
65198,115,111,4,4
65199,155,143,12,12
65200,53,52,1,1
65201,72,74,-2,2
65202,110,88,22,22
65203,91,95,-4,4
65204,99,98,1,1
65205,88,98,-10,10
65206,100,98,2,2
65207,73,87,-14,14
65208,70,65,5,5
65209,126,127,-1,1
65210,102,102,0,0
65211,97,92,5,5
65212,60,65,-5,5
65213,44,47,-3,3
65214,62,68,-6,6
65215,52,57,-5,5
65216,128,128,0,0
65217,168,168,0,0
65218,101,103,-2,2
65219,106,112,-6,6
65220,191,178,13,13
65221,51,64,-13,13
65222,196,171,25,25
65223,92,100,-8,8
65224,47,46,1,1
65225,115,106,9,9
65226,70,66,4,4
65227,84,94,-10,10
65228,145,143,2,2
65229,102,108,-6,6
65230,31,33,-2,2
65231,65,64,1,1
65232,92,89,3,3
65233,77,83,-6,6
65234,90,91,-1,1
65235,30,32,-2,2
65236,72,83,-11,11
65237,109,114,-5,5
65238,148,151,-3,3
65239,81,82,-1,1
65240,75,72,3,3
65241,60,62,-2,2
65242,147,143,4,4
65243,95,80,15,15
65244,71,75,-4,4
65245,145,153,-8,8
65246,91,97,-6,6
65247,48,71,-23,23
65248,94,95,-1,1
65249,86,95,-9,9
65250,70,71,-1,1
65251,120,124,-4,4
65252,117,119,-2,2
65253,118,95,23,23
65254,66,65,1,1
65255,70,66,4,4
65256,51,50,1,1
65257,80,83,-3,3
65258,78,82,-4,4
65259,136,123,13,13
65260,105,111,-6,6
65261,94,86,8,8
65262,119,114,5,5
65263,119,126,-7,7
65264,66,61,5,5
65265,133,128,5,5
65266,106,105,1,1
65267,110,99,11,11
65268,109,104,5,5
65269,97,114,-17,17
65270,54,61,-7,7
65271,143,139,4,4
65272,103,108,-5,5
65273,55,55,0,0
65274,72,73,-1,1
65275,300,240,60,60
65276,110,109,1,1
65277,120,123,-3,3
65278,114,124,-10,10
65279,65,65,0,0
65280,51,54,-3,3
65281,107,97,10,10
65282,86,91,-5,5
65283,91,91,0,0
65284,102,100,2,2
65285,72,64,8,8
65286,82,81,1,1
65287,134,130,4,4
65288,133,127,6,6
65289,79,84,-5,5
65290,146,149,-3,3
65291,176,160,16,16
65292,117,115,2,2
65293,82,85,-3,3
65294,105,104,1,1
65295,89,94,-5,5
65296,72,75,-3,3
65297,71,62,9,9
65298,117,122,-5,5
65299,140,134,6,6
65300,80,83,-3,3
65301,53,55,-2,2
65302,185,189,-4,4
65303,111,101,10,10
65304,92,100,-8,8
65305,91,90,1,1
65306,112,100,12,12
65307,59,59,0,0
65308,106,101,5,5
65309,53,60,-7,7
65310,132,133,-1,1
65311,80,87,-7,7
65312,163,165,-2,2
65313,58,64,-6,6
65314,138,129,9,9
65315,173,172,1,1
65316,64,72,-8,8
65317,78,75,3,3
65318,101,106,-5,5
65319,103,102,1,1
65320,87,82,5,5
65321,105,102,3,3
65322,94,90,4,4
65323,89,90,-1,1
65324,63,73,-10,10
65325,92,89,3,3
65326,139,140,-1,1
65327,78,81,-3,3
65328,58,79,-21,21
65329,77,82,-5,5
65330,71,102,-31,31
65331,154,159,-5,5
65332,93,89,4,4
65333,61,60,1,1
65334,168,163,5,5
65335,139,132,7,7
65336,78,79,-1,1
65337,132,128,4,4
65338,56,55,1,1
65339,78,83,-5,5
65340,86,89,-3,3
65341,68,70,-2,2
65342,31,58,-27,27
65343,60,60,0,0
65344,150,142,8,8
65345,117,115,2,2
65346,104,101,3,3
65347,102,104,-2,2
65348,77,86,-9,9
65349,64,70,-6,6
65350,103,106,-3,3
65351,113,113,0,0
65352,96,101,-5,5
65353,114,96,18,18
65354,126,125,1,1
65355,106,109,-3,3
65356,59,64,-5,5
65357,81,85,-4,4
65358,109,102,7,7
65359,121,134,-13,13
65360,70,67,3,3
65361,148,149,-1,1
65362,94,87,7,7
65363,127,128,-1,1
65364,117,124,-7,7
65365,104,98,6,6
65366,46,56,-10,10
65367,106,120,-14,14
65368,94,89,5,5
65369,124,115,9,9
65370,62,66,-4,4
65371,62,77,-15,15
65372,74,83,-9,9
65373,53,56,-3,3
65374,40,49,-9,9
65375,70,72,-2,2
65376,60,63,-3,3
65377,45,44,1,1
65378,111,116,-5,5
65379,37,50,-13,13
65380,88,101,-13,13
65381,51,110,-59,59
65382,66,71,-5,5
65383,76,74,2,2
65384,91,85,6,6
65385,121,125,-4,4
65386,135,130,5,5
65387,87,96,-9,9
65388,99,99,0,0
65389,106,107,-1,1
65390,83,89,-6,6
65391,94,88,6,6
65392,76,75,1,1
65393,69,66,3,3
65394,100,115,-15,15
65395,118,119,-1,1
65396,66,84,-18,18
65397,89,91,-2,2
65398,104,122,-18,18
65399,110,98,12,12
65400,106,103,3,3
65401,118,120,-2,2
65402,83,93,-10,10
65403,85,85,0,0
65404,73,87,-14,14
65405,72,65,7,7
65406,61,62,-1,1
65407,59,60,-1,1
65408,114,122,-8,8
65409,68,73,-5,5
65410,179,180,-1,1
65411,70,71,-1,1
65412,91,86,5,5
65413,114,110,4,4
65414,108,107,1,1
65415,79,83,-4,4
65416,79,78,1,1
65417,125,129,-4,4
65418,117,99,18,18
65419,68,77,-9,9
65420,79,80,-1,1
65421,103,114,-11,11
65422,207,193,14,14
65423,63,68,-5,5
65424,117,117,0,0
65425,63,62,1,1
65426,71,67,4,4
65427,74,84,-10,10
65428,55,55,0,0
65429,170,161,9,9
65430,69,66,3,3
65431,51,61,-10,10
65432,55,56,-1,1
65433,73,74,-1,1
65434,89,108,-19,19
65435,173,161,12,12
65436,119,120,-1,1
65437,85,89,-4,4
65438,94,97,-3,3
65439,104,95,9,9
65440,96,98,-2,2
65441,61,66,-5,5
65442,86,87,-1,1
65443,95,95,0,0
65444,161,156,5,5
65445,80,81,-1,1
65446,112,105,7,7
65447,75,80,-5,5
65448,141,132,9,9
65449,161,163,-2,2
65450,99,102,-3,3
65451,94,93,1,1
65452,146,136,10,10
65453,72,72,0,0
65454,105,94,11,11
65455,69,70,-1,1
65456,113,109,4,4
65457,132,113,19,19
65458,121,124,-3,3
65459,91,98,-7,7
65460,70,65,5,5
65461,96,97,-1,1
65462,155,151,4,4
65463,130,143,-13,13
65464,186,168,18,18
65465,96,100,-4,4
65466,146,162,-16,16
65467,113,111,2,2
65468,86,89,-3,3
65469,104,102,2,2
65470,66,64,2,2
65471,96,88,8,8
65472,88,78,10,10
65473,111,105,6,6
65474,146,137,9,9
65475,86,73,13,13
65476,46,49,-3,3
65477,72,72,0,0
65478,170,159,11,11
65479,35,36,-1,1
65480,90,89,1,1
65481,143,148,-5,5
65482,157,151,6,6
65483,62,66,-4,4
65484,65,63,2,2
65485,75,74,1,1
65486,89,88,1,1
65487,82,74,8,8
65488,80,88,-8,8
65489,56,53,3,3
65490,76,73,3,3
65491,113,114,-1,1
65492,104,116,-12,12
65493,99,94,5,5
65494,62,61,1,1
65495,140,148,-8,8
65496,76,82,-6,6
65497,114,113,1,1
65498,108,116,-8,8
65499,81,73,8,8
65500,63,64,-1,1
65501,125,124,1,1
65502,70,59,11,11
65503,90,90,0,0
65504,37,45,-8,8
65505,92,106,-14,14
65506,96,105,-9,9
65507,85,86,-1,1
65508,106,110,-4,4
65509,86,80,6,6
65510,101,88,13,13
65511,101,104,-3,3
65512,100,103,-3,3
65513,105,101,4,4
65514,71,75,-4,4
65515,58,55,3,3
65516,179,174,5,5
65517,106,109,-3,3
65518,89,84,5,5
65519,84,77,7,7
65520,113,106,7,7
65521,129,126,3,3
65522,87,95,-8,8
65523,122,126,-4,4
65524,109,111,-2,2
65525,78,87,-9,9
65526,96,97,-1,1
65527,176,156,20,20
65528,114,111,3,3
65529,89,76,13,13
65530,115,103,12,12
65531,73,65,8,8
65532,68,72,-4,4
65533,148,144,4,4
65534,70,71,-1,1
65535,108,103,5,5
65536,60,58,2,2
65537,98,87,11,11
65538,47,48,-1,1
65539,84,89,-5,5
65540,60,55,5,5
65541,119,125,-6,6
65542,66,72,-6,6
65543,115,118,-3,3
65544,172,158,14,14
65545,105,101,4,4
65546,83,79,4,4
65547,75,71,4,4
65548,48,48,0,0
65549,100,100,0,0
65550,59,66,-7,7
65551,67,64,3,3
65552,103,112,-9,9
65553,48,49,-1,1
65554,108,122,-14,14
65555,77,63,14,14
65556,126,126,0,0
65557,82,107,-25,25
65558,38,48,-10,10
65559,99,94,5,5
65560,56,59,-3,3
65561,131,114,17,17
65562,96,86,10,10
65563,83,86,-3,3
65564,120,112,8,8
65565,102,92,10,10
65566,93,95,-2,2
65567,127,126,1,1
65568,67,58,9,9
65569,98,94,4,4
65570,77,71,6,6
65571,84,77,7,7
65572,96,92,4,4
65573,118,118,0,0
65574,84,83,1,1
65575,70,88,-18,18
65576,100,103,-3,3
65577,118,114,4,4
65578,54,58,-4,4
65579,170,161,9,9
65580,91,96,-5,5
65581,86,82,4,4
65582,82,85,-3,3
65583,123,125,-2,2
65584,94,94,0,0
65585,86,76,10,10
65586,142,154,-12,12
65587,132,119,13,13
65588,140,136,4,4
65589,177,158,19,19
65590,54,62,-8,8
65591,51,56,-5,5
65592,130,126,4,4
65593,71,74,-3,3
65594,61,58,3,3
65595,93,92,1,1
65596,93,100,-7,7
65597,83,84,-1,1
65598,104,96,8,8
65599,93,95,-2,2
65600,88,86,2,2
65601,89,92,-3,3
65602,154,156,-2,2
65603,53,54,-1,1
65604,85,84,1,1
65605,89,93,-4,4
65606,107,110,-3,3
65607,102,101,1,1
65608,88,97,-9,9
65609,35,39,-4,4
65610,118,113,5,5
65611,63,61,2,2
65612,56,62,-6,6
65613,41,43,-2,2
65614,108,110,-2,2
65615,137,139,-2,2
65616,70,64,6,6
65617,131,146,-15,15
65618,83,76,7,7
65619,87,85,2,2
65620,87,96,-9,9
65621,134,131,3,3
65622,108,94,14,14
65623,73,90,-17,17
65624,110,107,3,3
65625,100,78,22,22
65626,57,75,-18,18
65627,101,100,1,1
65628,124,120,4,4
65629,100,103,-3,3
65630,116,124,-8,8
65631,124,110,14,14
65632,119,127,-8,8
65633,95,108,-13,13
65634,131,122,9,9
65635,46,50,-4,4
65636,119,114,5,5
65637,86,80,6,6
65638,148,150,-2,2
65639,63,60,3,3
65640,84,80,4,4
65641,88,81,7,7
65642,125,118,7,7
65643,180,163,17,17
65644,92,98,-6,6
65645,73,78,-5,5
65646,54,59,-5,5
65647,125,132,-7,7
65648,158,156,2,2
65649,115,115,0,0
65650,176,178,-2,2
65651,71,89,-18,18
65652,109,119,-10,10
65653,115,109,6,6
65654,135,132,3,3
65655,75,73,2,2
65656,71,74,-3,3
65657,74,85,-11,11
65658,123,137,-14,14
65659,85,87,-2,2
65660,124,120,4,4
65661,51,51,0,0
65662,53,59,-6,6
65663,97,108,-11,11
65664,92,94,-2,2
65665,122,125,-3,3
65666,183,173,10,10
65667,94,104,-10,10
65668,151,140,11,11
65669,65,66,-1,1
65670,146,147,-1,1
65671,68,78,-10,10
65672,186,149,37,37
65673,121,109,12,12
65674,77,75,2,2
65675,99,110,-11,11
65676,102,107,-5,5
65677,80,80,0,0
65678,123,121,2,2
65679,90,97,-7,7
65680,96,102,-6,6
65681,119,102,17,17
65682,136,134,2,2
65683,84,78,6,6
65684,135,138,-3,3
65685,84,105,-21,21
65686,56,57,-1,1
65687,81,85,-4,4
65688,69,59,10,10
65689,89,75,14,14
65690,105,102,3,3
65691,113,115,-2,2
65692,79,77,2,2
65693,167,157,10,10
65694,85,78,7,7
65695,80,84,-4,4
65696,72,73,-1,1
65697,129,133,-4,4
65698,155,138,17,17
65699,53,53,0,0
65700,48,50,-2,2
65701,45,41,4,4
65702,55,57,-2,2
65703,99,104,-5,5
65704,91,91,0,0
65705,75,74,1,1
65706,84,81,3,3
65707,38,47,-9,9
65708,41,46,-5,5
65709,86,87,-1,1
65710,76,70,6,6
65711,53,59,-6,6
65712,63,65,-2,2
65713,79,73,6,6
65714,145,140,5,5
65715,97,102,-5,5
65716,120,122,-2,2
65717,74,76,-2,2
65718,96,99,-3,3
65719,101,94,7,7
65720,94,98,-4,4
65721,92,85,7,7
65722,83,69,14,14
65723,122,107,15,15
65724,57,57,0,0
65725,56,62,-6,6
65726,123,126,-3,3
65727,104,105,-1,1
65728,147,139,8,8
65729,190,202,-12,12
65730,120,116,4,4
65731,173,169,4,4
65732,52,50,2,2
65733,134,129,5,5
65734,110,106,4,4
65735,84,79,5,5
65736,92,97,-5,5
65737,112,106,6,6
65738,60,60,0,0
65739,76,75,1,1
65740,159,149,10,10
65741,61,65,-4,4
65742,141,135,6,6
65743,107,107,0,0
65744,103,96,7,7
65745,129,135,-6,6
65746,61,58,3,3
65747,77,72,5,5
65748,84,87,-3,3
65749,78,78,0,0
65750,47,49,-2,2
65751,140,132,8,8
65752,56,53,3,3
65753,154,144,10,10
65754,77,85,-8,8
65755,85,72,13,13
65756,104,119,-15,15
65757,70,87,-17,17
65758,71,74,-3,3
65759,63,62,1,1
65760,84,81,3,3
65761,110,98,12,12
65762,88,99,-11,11
65763,74,76,-2,2
65764,72,87,-15,15
65765,46,49,-3,3
65766,94,93,1,1
65767,93,103,-10,10
65768,63,63,0,0
65769,100,100,0,0
65770,71,72,-1,1
65771,113,117,-4,4
65772,88,84,4,4
65773,83,71,12,12
65774,76,87,-11,11
65775,83,74,9,9
65776,153,133,20,20
65777,134,138,-4,4
65778,91,91,0,0
65779,56,58,-2,2
65780,89,92,-3,3
65781,51,54,-3,3
65782,121,116,5,5
65783,107,108,-1,1
65784,97,151,-54,54
65785,79,74,5,5
65786,115,111,4,4
65787,60,63,-3,3
65788,105,103,2,2
65789,65,70,-5,5
65790,57,59,-2,2
65791,169,160,9,9
65792,92,91,1,1
65793,104,121,-17,17
65794,68,64,4,4
65795,72,71,1,1
65796,92,95,-3,3
65797,124,125,-1,1
65798,85,88,-3,3
65799,123,124,-1,1
65800,112,106,6,6
65801,138,151,-13,13
65802,205,201,4,4
65803,88,89,-1,1
65804,82,84,-2,2
65805,77,78,-1,1
65806,68,66,2,2
65807,125,122,3,3
65808,87,84,3,3
65809,112,118,-6,6
65810,66,75,-9,9
65811,132,124,8,8
65812,136,123,13,13
65813,232,227,5,5
65814,63,70,-7,7
65815,77,85,-8,8
65816,121,119,2,2
65817,161,156,5,5
65818,200,165,35,35
65819,65,63,2,2
65820,104,93,11,11
65821,129,117,12,12
65822,129,140,-11,11
65823,123,119,4,4
65824,72,80,-8,8
65825,59,60,-1,1
65826,94,108,-14,14
65827,102,116,-14,14
65828,74,73,1,1
65829,64,64,0,0
65830,48,52,-4,4
65831,80,81,-1,1
65832,112,99,13,13
65833,67,127,-60,60
65834,79,87,-8,8
65835,79,81,-2,2
65836,51,55,-4,4
65837,213,206,7,7
65838,116,122,-6,6
65839,82,86,-4,4
65840,88,94,-6,6
65841,154,168,-14,14
65842,93,88,5,5
65843,115,116,-1,1
65844,58,55,3,3
65845,89,99,-10,10
65846,69,66,3,3
65847,124,119,5,5
65848,87,84,3,3
65849,114,115,-1,1
65850,75,80,-5,5
65851,46,66,-20,20
65852,54,58,-4,4
65853,63,57,6,6
65854,54,54,0,0
65855,70,67,3,3
65856,98,92,6,6
65857,74,76,-2,2
65858,76,74,2,2
65859,80,76,4,4
65860,73,134,-61,61
65861,108,109,-1,1
65862,100,100,0,0
65863,64,59,5,5
65864,101,105,-4,4
65865,75,74,1,1
65866,66,73,-7,7
65867,142,138,4,4
65868,47,48,-1,1
65869,71,63,8,8
65870,26,31,-5,5
65871,53,61,-8,8
65872,133,135,-2,2
65873,96,96,0,0
65874,91,100,-9,9
65875,83,77,6,6
65876,103,107,-4,4
65877,89,79,10,10
65878,90,94,-4,4
65879,95,105,-10,10
65880,32,35,-3,3
65881,72,76,-4,4
65882,99,83,16,16
65883,115,117,-2,2
65884,86,95,-9,9
65885,93,108,-15,15
65886,129,121,8,8
65887,92,91,1,1
65888,114,119,-5,5
65889,84,87,-3,3
65890,93,93,0,0
65891,89,104,-15,15
65892,59,61,-2,2
65893,63,64,-1,1
65894,59,62,-3,3
65895,115,118,-3,3
65896,144,125,19,19
65897,76,82,-6,6
65898,112,111,1,1
65899,118,132,-14,14
65900,80,84,-4,4
65901,106,103,3,3
65902,92,101,-9,9
65903,65,71,-6,6
65904,130,141,-11,11
65905,108,105,3,3
65906,44,59,-15,15
65907,101,105,-4,4
65908,72,79,-7,7
65909,67,67,0,0
65910,73,73,0,0
65911,184,178,6,6
65912,83,81,2,2
65913,77,76,1,1
65914,113,111,2,2
65915,46,44,2,2
65916,101,112,-11,11
65917,92,92,0,0
65918,122,119,3,3
65919,67,64,3,3
65920,134,126,8,8
65921,82,83,-1,1
65922,142,148,-6,6
65923,101,92,9,9
65924,119,128,-9,9
65925,44,49,-5,5
65926,105,110,-5,5
65927,99,108,-9,9
65928,127,125,2,2
65929,76,75,1,1
65930,107,95,12,12
65931,104,113,-9,9
65932,104,97,7,7
65933,100,99,1,1
65934,106,102,4,4
65935,66,61,5,5
65936,154,144,10,10
65937,124,132,-8,8
65938,118,118,0,0
65939,79,79,0,0
65940,76,76,0,0
65941,89,84,5,5
65942,67,73,-6,6
65943,104,108,-4,4
65944,108,96,12,12
65945,76,74,2,2
65946,47,51,-4,4
65947,98,108,-10,10
65948,137,148,-11,11
65949,111,107,4,4
65950,62,59,3,3
65951,37,42,-5,5
65952,69,66,3,3
65953,115,126,-11,11
65954,98,105,-7,7
65955,62,63,-1,1
65956,94,94,0,0
65957,46,58,-12,12
65958,97,88,9,9
65959,108,101,7,7
65960,124,126,-2,2
65961,74,88,-14,14
65962,113,112,1,1
65963,96,102,-6,6
65964,135,133,2,2
65965,81,86,-5,5
65966,101,100,1,1
65967,109,117,-8,8
65968,121,119,2,2
65969,62,57,5,5
65970,105,113,-8,8
65971,105,92,13,13
65972,96,79,17,17
65973,90,72,18,18
65974,81,77,4,4
65975,137,130,7,7
65976,86,80,6,6
65977,86,92,-6,6
65978,105,112,-7,7
65979,120,115,5,5
65980,70,65,5,5
65981,90,85,5,5
65982,90,88,2,2
65983,79,78,1,1
65984,62,62,0,0
65985,56,59,-3,3
65986,62,61,1,1
65987,123,111,12,12
65988,108,114,-6,6
65989,73,78,-5,5
65990,92,86,6,6
65991,97,93,4,4
65992,94,89,5,5
65993,119,124,-5,5
65994,125,126,-1,1
65995,252,236,16,16
65996,124,127,-3,3
65997,76,83,-7,7
65998,120,121,-1,1
65999,83,83,0,0
66000,82,83,-1,1
66001,93,97,-4,4
66002,56,61,-5,5
66003,78,93,-15,15
66004,121,159,-38,38
66005,100,92,8,8
66006,91,80,11,11
66007,66,62,4,4
66008,62,62,0,0
66009,72,71,1,1
66010,77,82,-5,5
66011,93,94,-1,1
66012,176,163,13,13
66013,55,58,-3,3
66014,75,83,-8,8
66015,60,61,-1,1
66016,143,133,10,10
66017,117,122,-5,5
66018,36,49,-13,13
66019,45,47,-2,2
66020,96,96,0,0
66021,81,88,-7,7
66022,106,103,3,3
66023,83,89,-6,6
66024,105,100,5,5
66025,80,86,-6,6
66026,43,51,-8,8
66027,103,110,-7,7
66028,134,125,9,9
66029,53,54,-1,1
66030,115,108,7,7
66031,157,140,17,17
66032,67,82,-15,15
66033,104,120,-16,16
66034,148,151,-3,3
66035,116,109,7,7
66036,100,95,5,5
66037,63,65,-2,2
66038,71,81,-10,10
66039,71,64,7,7
66040,67,76,-9,9
66041,105,114,-9,9
66042,102,101,1,1
66043,53,54,-1,1
66044,71,74,-3,3
66045,115,121,-6,6
66046,105,101,4,4
66047,62,79,-17,17
66048,119,117,2,2
66049,151,148,3,3
66050,55,64,-9,9
66051,76,81,-5,5
66052,37,44,-7,7
66053,126,102,24,24
66054,116,92,24,24
66055,119,118,1,1
66056,86,82,4,4
66057,64,72,-8,8
66058,53,61,-8,8
66059,108,103,5,5
66060,118,115,3,3
66061,126,128,-2,2
66062,71,65,6,6
66063,99,101,-2,2
66064,49,57,-8,8
66065,87,90,-3,3
66066,75,72,3,3
66067,89,93,-4,4
66068,94,90,4,4
66069,100,93,7,7
66070,80,71,9,9
66071,78,79,-1,1
66072,65,67,-2,2
66073,104,98,6,6
66074,111,119,-8,8
66075,182,158,24,24
66076,69,72,-3,3
66077,67,67,0,0
66078,99,119,-20,20
66079,82,76,6,6
66080,99,86,13,13
66081,66,66,0,0
66082,162,159,3,3
66083,142,132,10,10
66084,84,84,0,0
66085,70,84,-14,14
66086,106,104,2,2
66087,57,61,-4,4
66088,89,82,7,7
66089,119,113,6,6
66090,90,84,6,6
66091,59,65,-6,6
66092,80,76,4,4
66093,113,109,4,4
66094,47,52,-5,5
66095,72,76,-4,4
66096,178,190,-12,12
66097,76,89,-13,13
66098,96,103,-7,7
66099,83,85,-2,2
66100,63,65,-2,2
66101,144,145,-1,1
66102,42,54,-12,12
66103,52,48,4,4
66104,125,114,11,11
66105,63,65,-2,2
66106,69,60,9,9
66107,78,73,5,5
66108,63,78,-15,15
66109,80,86,-6,6
66110,101,103,-2,2
66111,187,159,28,28
66112,163,153,10,10
66113,109,118,-9,9
66114,101,116,-15,15
66115,86,90,-4,4
66116,72,86,-14,14
66117,142,173,-31,31
66118,99,88,11,11
66119,64,65,-1,1
66120,79,80,-1,1
66121,85,73,12,12
66122,107,88,19,19
66123,97,95,2,2
66124,116,116,0,0
66125,67,71,-4,4
66126,89,103,-14,14
66127,122,113,9,9
66128,140,141,-1,1
66129,62,60,2,2
66130,119,135,-16,16
66131,117,111,6,6
66132,104,120,-16,16
66133,47,53,-6,6
66134,73,76,-3,3
66135,159,138,21,21
66136,101,104,-3,3
66137,77,66,11,11
66138,58,54,4,4
66139,78,82,-4,4
66140,97,91,6,6
66141,76,75,1,1
66142,88,88,0,0
66143,64,63,1,1
66144,81,95,-14,14
66145,69,70,-1,1
66146,115,134,-19,19
66147,65,85,-20,20
66148,76,66,10,10
66149,58,62,-4,4
66150,33,35,-2,2
66151,133,129,4,4
66152,45,65,-20,20
66153,123,124,-1,1
66154,100,97,3,3
66155,82,86,-4,4
66156,83,85,-2,2
66157,117,106,11,11
66158,74,71,3,3
66159,103,103,0,0
66160,72,73,-1,1
66161,142,132,10,10
66162,121,112,9,9
66163,82,78,4,4
66164,80,77,3,3
66165,100,104,-4,4
66166,164,165,-1,1
66167,95,90,5,5
66168,57,61,-4,4
66169,81,73,8,8
66170,39,39,0,0
66171,123,120,3,3
66172,127,126,1,1
66173,82,81,1,1
66174,105,105,0,0
66175,72,71,1,1
66176,37,42,-5,5
66177,85,89,-4,4
66178,152,147,5,5
66179,80,74,6,6
66180,55,59,-4,4
66181,76,93,-17,17
66182,21,45,-24,24
66183,220,210,10,10
66184,159,146,13,13
66185,90,93,-3,3
66186,148,151,-3,3
66187,102,97,5,5
66188,83,78,5,5
66189,80,94,-14,14
66190,100,88,12,12
66191,111,99,12,12
66192,79,82,-3,3
66193,82,82,0,0
66194,82,80,2,2
66195,197,195,2,2
66196,188,175,13,13
66197,177,185,-8,8
66198,76,76,0,0
66199,157,179,-22,22
66200,49,55,-6,6
66201,44,44,0,0
66202,66,68,-2,2
66203,156,148,8,8
66204,111,123,-12,12
66205,69,79,-10,10
66206,188,183,5,5
66207,126,114,12,12
66208,73,71,2,2
66209,111,102,9,9
66210,94,85,9,9
66211,57,74,-17,17
66212,132,124,8,8
66213,164,165,-1,1
66214,55,59,-4,4
66215,139,132,7,7
66216,77,72,5,5
66217,43,50,-7,7
66218,96,88,8,8
66219,88,87,1,1
66220,74,72,2,2
66221,81,83,-2,2
66222,84,84,0,0
66223,100,101,-1,1
66224,108,97,11,11
66225,44,59,-15,15
66226,77,83,-6,6
66227,79,82,-3,3
66228,111,114,-3,3
66229,86,84,2,2
66230,61,54,7,7
66231,85,82,3,3
66232,45,50,-5,5
66233,81,74,7,7
66234,159,148,11,11
66235,80,77,3,3
66236,94,88,6,6
66237,89,93,-4,4
66238,96,93,3,3
66239,95,85,10,10
66240,127,113,14,14
66241,71,63,8,8
66242,68,64,4,4
66243,80,88,-8,8
66244,122,120,2,2
66245,136,136,0,0
66246,95,96,-1,1
66247,89,86,3,3
66248,88,93,-5,5
66249,44,46,-2,2
66250,121,115,6,6
66251,47,48,-1,1
66252,72,67,5,5
66253,72,72,0,0
66254,145,165,-20,20
66255,77,79,-2,2
66256,129,145,-16,16
66257,65,71,-6,6
66258,121,116,5,5
66259,92,87,5,5
66260,100,110,-10,10
66261,36,42,-6,6
66262,122,121,1,1
66263,112,98,14,14
66264,76,71,5,5
66265,112,127,-15,15
66266,75,81,-6,6
66267,81,81,0,0
66268,102,89,13,13
66269,43,55,-12,12
66270,92,97,-5,5
66271,118,103,15,15
66272,73,72,1,1
66273,179,189,-10,10
66274,63,72,-9,9
66275,128,137,-9,9
66276,161,169,-8,8
66277,178,159,19,19
66278,90,85,5,5
66279,74,73,1,1
66280,74,78,-4,4
66281,95,97,-2,2
66282,98,103,-5,5
66283,94,90,4,4
66284,115,125,-10,10
66285,131,136,-5,5
66286,99,80,19,19
66287,87,86,1,1
66288,74,79,-5,5
66289,56,58,-2,2
66290,58,60,-2,2
66291,77,81,-4,4
66292,122,112,10,10
66293,70,74,-4,4
66294,40,50,-10,10
66295,106,113,-7,7
66296,100,104,-4,4
66297,73,76,-3,3
66298,72,65,7,7
66299,99,103,-4,4
66300,135,139,-4,4
66301,184,168,16,16
66302,50,66,-16,16
66303,77,77,0,0
66304,48,49,-1,1
66305,76,78,-2,2
66306,87,97,-10,10
66307,137,129,8,8
66308,110,119,-9,9
66309,84,90,-6,6
66310,74,80,-6,6
66311,83,77,6,6
66312,76,74,2,2
66313,107,136,-29,29
66314,78,72,6,6
66315,87,82,5,5
66316,64,65,-1,1
66317,60,62,-2,2
66318,94,101,-7,7
66319,80,76,4,4
66320,50,49,1,1
66321,54,51,3,3
66322,65,61,4,4
66323,101,112,-11,11
66324,89,85,4,4
66325,127,126,1,1
66326,59,71,-12,12
66327,90,99,-9,9
66328,77,80,-3,3
66329,100,108,-8,8
66330,103,102,1,1
66331,33,54,-21,21
66332,61,59,2,2
66333,63,80,-17,17
66334,47,52,-5,5
66335,51,52,-1,1
66336,141,141,0,0
66337,74,71,3,3
66338,74,76,-2,2
66339,85,83,2,2
66340,149,137,12,12
66341,90,94,-4,4
66342,79,87,-8,8
66343,93,104,-11,11
66344,79,75,4,4
66345,146,149,-3,3
66346,81,77,4,4
66347,83,109,-26,26
66348,196,183,13,13
66349,114,104,10,10
66350,102,99,3,3
66351,140,137,3,3
66352,46,44,2,2
66353,189,183,6,6
66354,102,107,-5,5
66355,96,92,4,4
66356,73,85,-12,12
66357,131,144,-13,13
66358,143,131,12,12
66359,94,110,-16,16
66360,95,99,-4,4
66361,131,124,7,7
66362,138,129,9,9
66363,55,63,-8,8
66364,40,42,-2,2
66365,97,93,4,4
66366,70,76,-6,6
66367,95,93,2,2
66368,86,80,6,6
66369,107,102,5,5
66370,45,54,-9,9
66371,107,107,0,0
66372,77,71,6,6
66373,75,73,2,2
66374,85,86,-1,1
66375,81,87,-6,6
66376,100,95,5,5
66377,65,73,-8,8
66378,57,61,-4,4
66379,61,53,8,8
66380,79,80,-1,1
66381,104,105,-1,1
66382,106,105,1,1
66383,55,57,-2,2
66384,100,96,4,4
66385,89,91,-2,2
66386,73,72,1,1
66387,77,84,-7,7
66388,59,57,2,2
66389,71,74,-3,3
66390,52,63,-11,11
66391,58,55,3,3
66392,72,65,7,7
66393,90,86,4,4
66394,57,59,-2,2
66395,82,97,-15,15
66396,92,90,2,2
66397,88,77,11,11
66398,49,54,-5,5
66399,91,83,8,8
66400,171,165,6,6
66401,75,88,-13,13
66402,82,82,0,0
66403,74,68,6,6
66404,116,117,-1,1
66405,95,84,11,11
66406,116,107,9,9
66407,74,102,-28,28
66408,100,98,2,2
66409,81,88,-7,7
66410,141,158,-17,17
66411,113,110,3,3
66412,100,94,6,6
66413,80,73,7,7
66414,96,91,5,5
66415,83,83,0,0
66416,68,78,-10,10
66417,66,63,3,3
66418,73,76,-3,3
66419,169,171,-2,2
66420,119,104,15,15
66421,82,93,-11,11
66422,85,83,2,2
66423,92,108,-16,16
66424,92,92,0,0
66425,164,157,7,7
66426,131,135,-4,4
66427,106,127,-21,21
66428,72,72,0,0
66429,54,57,-3,3
66430,75,77,-2,2
66431,62,59,3,3
66432,89,90,-1,1
66433,63,58,5,5
66434,87,84,3,3
66435,136,126,10,10
66436,79,76,3,3
66437,86,91,-5,5
66438,71,74,-3,3
66439,68,64,4,4
66440,127,125,2,2
66441,78,83,-5,5
66442,43,45,-2,2
66443,82,80,2,2
66444,61,67,-6,6
66445,91,101,-10,10
66446,78,80,-2,2
66447,121,120,1,1
66448,83,83,0,0
66449,169,177,-8,8
66450,56,60,-4,4
66451,78,61,17,17
66452,73,77,-4,4
66453,66,66,0,0
66454,67,60,7,7
66455,69,55,14,14
66456,96,95,1,1
66457,118,112,6,6
66458,67,71,-4,4
66459,58,66,-8,8
66460,77,64,13,13
66461,164,151,13,13
66462,57,61,-4,4
66463,98,98,0,0
66464,97,92,5,5
66465,58,61,-3,3
66466,107,110,-3,3
66467,70,76,-6,6
66468,121,120,1,1
66469,144,132,12,12
66470,157,158,-1,1
66471,113,117,-4,4
66472,66,64,2,2
66473,47,81,-34,34
66474,106,97,9,9
66475,77,80,-3,3
66476,180,185,-5,5
66477,55,58,-3,3
66478,57,66,-9,9
66479,104,104,0,0
66480,120,119,1,1
66481,124,116,8,8
66482,157,166,-9,9
66483,185,188,-3,3
66484,63,62,1,1
66485,158,143,15,15
66486,161,169,-8,8
66487,61,63,-2,2
66488,104,106,-2,2
66489,65,65,0,0
66490,174,171,3,3
66491,52,56,-4,4
66492,118,109,9,9
66493,89,89,0,0
66494,88,85,3,3
66495,88,90,-2,2
66496,62,71,-9,9
66497,67,66,1,1
66498,118,116,2,2
66499,113,123,-10,10
66500,99,107,-8,8
66501,68,67,1,1
66502,50,46,4,4
66503,123,125,-2,2
66504,97,93,4,4
66505,93,110,-17,17
66506,132,117,15,15
66507,70,74,-4,4
66508,65,61,4,4
66509,80,95,-15,15
66510,79,76,3,3
66511,96,98,-2,2
66512,69,77,-8,8
66513,142,140,2,2
66514,126,126,0,0
66515,88,113,-25,25
66516,57,57,0,0
66517,68,63,5,5
66518,97,107,-10,10
66519,128,132,-4,4
66520,129,142,-13,13
66521,92,89,3,3
66522,146,132,14,14
66523,83,85,-2,2
66524,92,87,5,5
66525,207,191,16,16
66526,40,53,-13,13
66527,92,96,-4,4
66528,95,108,-13,13
66529,107,103,4,4
66530,51,54,-3,3
66531,210,193,17,17
66532,73,74,-1,1
66533,103,98,5,5
66534,120,120,0,0
66535,132,117,15,15
66536,112,109,3,3
66537,86,85,1,1
66538,195,197,-2,2
66539,69,71,-2,2
66540,91,87,4,4
66541,57,72,-15,15
66542,112,109,3,3
66543,72,85,-13,13
66544,90,86,4,4
66545,99,98,1,1
66546,46,47,-1,1
66547,51,54,-3,3
66548,107,107,0,0
66549,156,159,-3,3
66550,61,63,-2,2
66551,88,82,6,6
66552,107,101,6,6
66553,121,112,9,9
66554,89,82,7,7
66555,99,104,-5,5
66556,87,93,-6,6
66557,46,54,-8,8
66558,152,157,-5,5
66559,67,71,-4,4
66560,164,170,-6,6
66561,68,71,-3,3
66562,94,95,-1,1
66563,60,64,-4,4
66564,205,185,20,20
66565,92,89,3,3
66566,95,90,5,5
66567,67,61,6,6
66568,55,57,-2,2
66569,151,140,11,11
66570,160,154,6,6
66571,29,36,-7,7
66572,108,105,3,3
66573,112,123,-11,11
66574,109,162,-53,53
66575,86,84,2,2
66576,75,79,-4,4
66577,60,66,-6,6
66578,64,70,-6,6
66579,64,85,-21,21
66580,110,117,-7,7
66581,81,88,-7,7
66582,79,78,1,1
66583,124,115,9,9
66584,94,99,-5,5
66585,73,89,-16,16
66586,111,108,3,3
66587,107,106,1,1
66588,71,67,4,4
66589,125,126,-1,1
66590,123,112,11,11
66591,63,60,3,3
66592,98,101,-3,3
66593,101,94,7,7
66594,129,131,-2,2
66595,96,100,-4,4
66596,58,59,-1,1
66597,162,164,-2,2
66598,48,49,-1,1
66599,151,146,5,5
66600,67,65,2,2
66601,122,119,3,3
66602,100,104,-4,4
66603,135,146,-11,11
66604,213,187,26,26
66605,129,141,-12,12
66606,61,64,-3,3
66607,70,73,-3,3
66608,88,89,-1,1
66609,75,76,-1,1
66610,159,160,-1,1
66611,100,110,-10,10
66612,75,71,4,4
66613,120,138,-18,18
66614,70,74,-4,4
66615,129,120,9,9
66616,124,100,24,24
66617,105,104,1,1
66618,60,56,4,4
66619,76,66,10,10
66620,64,74,-10,10
66621,145,141,4,4
66622,95,112,-17,17
66623,104,111,-7,7
66624,148,141,7,7
66625,126,131,-5,5
66626,142,138,4,4
66627,67,69,-2,2
66628,96,103,-7,7
66629,114,110,4,4
66630,47,59,-12,12
66631,125,136,-11,11
66632,66,73,-7,7
66633,203,236,-33,33
66634,58,63,-5,5
66635,114,112,2,2
66636,100,122,-22,22
66637,92,97,-5,5
66638,114,125,-11,11
66639,67,71,-4,4
66640,56,54,2,2
66641,78,78,0,0
66642,62,62,0,0
66643,77,89,-12,12
66644,104,97,7,7
66645,37,42,-5,5
66646,94,93,1,1
66647,108,99,9,9
66648,42,44,-2,2
66649,106,108,-2,2
66650,74,74,0,0
66651,116,101,15,15
66652,77,64,13,13
66653,123,132,-9,9
66654,89,96,-7,7
66655,74,72,2,2
66656,118,118,0,0
66657,73,76,-3,3
66658,69,86,-17,17
66659,79,80,-1,1
66660,58,65,-7,7
66661,172,152,20,20
66662,118,110,8,8
66663,140,135,5,5
66664,124,127,-3,3
66665,111,101,10,10
66666,88,102,-14,14
66667,90,119,-29,29
66668,59,54,5,5
66669,139,140,-1,1
66670,125,129,-4,4
66671,64,63,1,1
66672,147,138,9,9
66673,50,57,-7,7
66674,81,82,-1,1
66675,105,103,2,2
66676,63,67,-4,4
66677,87,92,-5,5
66678,90,88,2,2
66679,47,49,-2,2
66680,134,130,4,4
66681,61,61,0,0
66682,73,92,-19,19
66683,73,65,8,8
66684,78,82,-4,4
66685,134,125,9,9
66686,51,48,3,3
66687,108,107,1,1
66688,96,94,2,2
66689,54,85,-31,31
66690,122,124,-2,2
66691,129,131,-2,2
66692,86,72,14,14
66693,114,117,-3,3
66694,70,74,-4,4
66695,79,82,-3,3
66696,56,57,-1,1
66697,66,65,1,1
66698,89,82,7,7
66699,106,102,4,4
66700,77,82,-5,5
66701,82,81,1,1
66702,63,82,-19,19
66703,87,87,0,0
66704,119,130,-11,11
66705,146,137,9,9
66706,71,63,8,8
66707,70,82,-12,12
66708,82,86,-4,4
66709,72,75,-3,3
66710,91,95,-4,4
66711,57,71,-14,14
66712,68,70,-2,2
66713,92,86,6,6
66714,71,72,-1,1
66715,100,96,4,4
66716,106,98,8,8
66717,64,57,7,7
66718,58,64,-6,6
66719,74,74,0,0
66720,104,117,-13,13
66721,133,128,5,5
66722,59,58,1,1
66723,77,78,-1,1
66724,90,87,3,3
66725,116,96,20,20
66726,94,91,3,3
66727,102,109,-7,7
66728,130,128,2,2
66729,115,119,-4,4
66730,79,73,6,6
66731,151,145,6,6
66732,88,98,-10,10
66733,188,176,12,12
66734,91,92,-1,1
66735,81,77,4,4
66736,74,79,-5,5
66737,80,80,0,0
66738,125,119,6,6
66739,140,137,3,3
66740,60,63,-3,3
66741,45,53,-8,8
66742,65,73,-8,8
66743,120,122,-2,2
66744,105,110,-5,5
66745,136,142,-6,6
66746,31,62,-31,31
66747,77,81,-4,4
66748,79,92,-13,13
66749,96,100,-4,4
66750,40,60,-20,20
66751,54,54,0,0
66752,94,86,8,8
66753,83,107,-24,24
66754,54,58,-4,4
66755,92,94,-2,2
66756,146,131,15,15
66757,172,165,7,7
66758,62,60,2,2
66759,155,157,-2,2
66760,111,105,6,6
66761,99,94,5,5
66762,126,113,13,13
66763,55,55,0,0
66764,202,203,-1,1
66765,60,61,-1,1
66766,97,91,6,6
66767,111,104,7,7
66768,114,117,-3,3
66769,81,75,6,6
66770,35,49,-14,14
66771,88,89,-1,1
66772,62,66,-4,4
66773,84,87,-3,3
66774,96,86,10,10
66775,105,107,-2,2
66776,67,70,-3,3
66777,68,76,-8,8
66778,75,75,0,0
66779,64,70,-6,6
66780,165,148,17,17
66781,92,125,-33,33
66782,136,121,15,15
66783,93,95,-2,2
66784,58,52,6,6
66785,72,74,-2,2
66786,87,86,1,1
66787,53,60,-7,7
66788,138,136,2,2
66789,98,106,-8,8
66790,81,82,-1,1
66791,82,89,-7,7
66792,140,147,-7,7
66793,92,92,0,0
66794,116,119,-3,3
66795,169,165,4,4
66796,76,83,-7,7
66797,70,71,-1,1
66798,206,191,15,15
66799,118,116,2,2
66800,82,88,-6,6
66801,143,142,1,1
66802,113,106,7,7
66803,82,83,-1,1
66804,72,73,-1,1
66805,53,52,1,1
66806,38,55,-17,17
66807,102,96,6,6
66808,98,101,-3,3
66809,60,67,-7,7
66810,133,127,6,6
66811,108,104,4,4
66812,103,97,6,6
66813,58,62,-4,4
66814,80,79,1,1
66815,72,73,-1,1
66816,103,97,6,6
66817,115,127,-12,12
66818,66,77,-11,11
66819,134,131,3,3
66820,129,124,5,5
66821,82,86,-4,4
66822,92,91,1,1
66823,72,71,1,1
66824,156,155,1,1
66825,97,99,-2,2
66826,80,82,-2,2
66827,110,94,16,16
66828,112,103,9,9
66829,73,72,1,1
66830,93,99,-6,6
66831,84,96,-12,12
66832,69,62,7,7
66833,63,76,-13,13
66834,97,97,0,0
66835,51,63,-12,12
66836,117,118,-1,1
66837,102,116,-14,14
66838,63,64,-1,1
66839,90,117,-27,27
66840,75,73,2,2
66841,31,81,-50,50
66842,118,123,-5,5
66843,110,126,-16,16
66844,126,125,1,1
66845,132,140,-8,8
66846,94,86,8,8
66847,55,70,-15,15
66848,119,111,8,8
66849,47,51,-4,4
66850,152,138,14,14
66851,38,54,-16,16
66852,96,113,-17,17
66853,79,71,8,8
66854,63,59,4,4
66855,120,123,-3,3
66856,97,88,9,9
66857,65,62,3,3
66858,108,107,1,1
66859,146,148,-2,2
66860,99,105,-6,6
66861,50,52,-2,2
66862,98,99,-1,1
66863,61,58,3,3
66864,67,73,-6,6
66865,102,99,3,3
66866,98,94,4,4
66867,127,124,3,3
66868,134,131,3,3
66869,107,104,3,3
66870,62,64,-2,2
66871,83,82,1,1
66872,41,38,3,3
66873,65,74,-9,9
66874,73,77,-4,4
66875,81,80,1,1
66876,85,84,1,1
66877,85,74,11,11
66878,117,114,3,3
66879,128,135,-7,7
66880,89,91,-2,2
66881,42,41,1,1
66882,125,147,-22,22
66883,68,70,-2,2
66884,72,79,-7,7
66885,96,96,0,0
66886,134,136,-2,2
66887,122,124,-2,2
66888,87,89,-2,2
66889,54,59,-5,5
66890,79,79,0,0
66891,148,136,12,12
66892,66,73,-7,7
66893,142,132,10,10
66894,106,99,7,7
66895,48,48,0,0
66896,57,72,-15,15
66897,126,124,2,2
66898,51,58,-7,7
66899,109,123,-14,14
66900,106,110,-4,4
66901,102,102,0,0
66902,94,93,1,1
66903,112,110,2,2
66904,140,132,8,8
66905,117,121,-4,4
66906,112,93,19,19
66907,49,66,-17,17
66908,156,151,5,5
66909,89,85,4,4
66910,74,81,-7,7
66911,67,75,-8,8
66912,70,82,-12,12
66913,93,99,-6,6
66914,93,95,-2,2
66915,101,107,-6,6
66916,76,86,-10,10
66917,67,72,-5,5
66918,106,106,0,0
66919,72,80,-8,8
66920,65,64,1,1
66921,87,88,-1,1
66922,89,86,3,3
66923,257,290,-33,33
66924,175,178,-3,3
66925,69,64,5,5
66926,76,71,5,5
66927,65,60,5,5
66928,153,150,3,3
66929,68,72,-4,4
66930,116,107,9,9
66931,114,127,-13,13
66932,76,80,-4,4
66933,65,60,5,5
66934,104,97,7,7
66935,148,140,8,8
66936,43,45,-2,2
66937,90,90,0,0
66938,99,101,-2,2
66939,128,135,-7,7
66940,110,113,-3,3
66941,42,51,-9,9
66942,120,123,-3,3
66943,135,112,23,23
66944,134,140,-6,6
66945,116,123,-7,7
66946,138,125,13,13
66947,125,118,7,7
66948,43,45,-2,2
66949,89,81,8,8
66950,126,109,17,17
66951,90,84,6,6
66952,77,81,-4,4
66953,91,93,-2,2
66954,120,111,9,9
66955,63,62,1,1
66956,88,84,4,4
66957,50,56,-6,6
66958,110,111,-1,1
66959,71,66,5,5
66960,81,78,3,3
66961,120,117,3,3
66962,94,95,-1,1
66963,51,58,-7,7
66964,84,90,-6,6
66965,96,93,3,3
66966,179,168,11,11
66967,57,55,2,2
66968,114,115,-1,1
66969,111,116,-5,5
66970,111,107,4,4
66971,101,96,5,5
66972,53,49,4,4
66973,97,97,0,0
66974,98,93,5,5
66975,50,54,-4,4
66976,82,84,-2,2
66977,108,103,5,5
66978,59,64,-5,5
66979,69,73,-4,4
66980,68,72,-4,4
66981,69,75,-6,6
66982,73,76,-3,3
66983,28,37,-9,9
66984,75,76,-1,1
66985,68,66,2,2
66986,110,114,-4,4
66987,99,107,-8,8
66988,72,74,-2,2
66989,74,76,-2,2
66990,70,76,-6,6
66991,109,100,9,9
66992,191,192,-1,1
66993,54,53,1,1
66994,119,121,-2,2
66995,76,75,1,1
66996,174,171,3,3
66997,87,86,1,1
66998,88,85,3,3
66999,53,54,-1,1
67000,75,78,-3,3
67001,68,64,4,4
67002,118,123,-5,5
67003,114,110,4,4
67004,101,102,-1,1
67005,102,104,-2,2
67006,82,85,-3,3
67007,100,107,-7,7
67008,134,134,0,0
67009,140,147,-7,7
67010,109,119,-10,10
67011,124,126,-2,2
67012,157,140,17,17
67013,67,65,2,2
67014,117,118,-1,1
67015,64,61,3,3
67016,89,97,-8,8
67017,52,45,7,7
67018,126,126,0,0
67019,99,101,-2,2
67020,82,78,4,4
67021,96,82,14,14
67022,85,80,5,5
67023,68,84,-16,16
67024,132,124,8,8
67025,148,145,3,3
67026,56,56,0,0
67027,173,182,-9,9
67028,115,122,-7,7
67029,99,99,0,0
67030,115,126,-11,11
67031,71,74,-3,3
67032,141,140,1,1
67033,111,108,3,3
67034,53,57,-4,4
67035,279,228,51,51
67036,101,89,12,12
67037,93,92,1,1
67038,71,66,5,5
67039,163,161,2,2
67040,52,48,4,4
67041,109,112,-3,3
67042,80,91,-11,11
67043,72,110,-38,38
67044,72,67,5,5
67045,87,85,2,2
67046,82,85,-3,3
67047,74,73,1,1
67048,156,150,6,6
67049,133,127,6,6
67050,123,117,6,6
67051,63,62,1,1
67052,70,74,-4,4
67053,40,43,-3,3
67054,76,86,-10,10
67055,201,206,-5,5
67056,76,85,-9,9
67057,109,117,-8,8
67058,116,120,-4,4
67059,45,46,-1,1
67060,59,59,0,0
67061,104,93,11,11
67062,122,154,-32,32
67063,108,96,12,12
67064,59,65,-6,6
67065,111,124,-13,13
67066,47,44,3,3
67067,123,123,0,0
67068,127,119,8,8
67069,98,95,3,3
67070,90,90,0,0
67071,70,75,-5,5
67072,102,99,3,3
67073,101,100,1,1
67074,72,91,-19,19
67075,86,104,-18,18
67076,77,79,-2,2
67077,175,158,17,17
67078,85,88,-3,3
67079,109,105,4,4
67080,143,135,8,8
67081,79,87,-8,8
67082,81,83,-2,2
67083,110,103,7,7
67084,68,78,-10,10
67085,107,107,0,0
67086,115,114,1,1
67087,120,124,-4,4
67088,67,71,-4,4
67089,95,87,8,8
67090,116,115,1,1
67091,83,86,-3,3
67092,97,88,9,9
67093,85,91,-6,6
67094,91,103,-12,12
67095,147,142,5,5
67096,60,71,-11,11
67097,104,98,6,6
67098,99,97,2,2
67099,142,135,7,7
67100,65,65,0,0
67101,58,59,-1,1
67102,81,88,-7,7
67103,85,83,2,2
67104,158,154,4,4
67105,57,55,2,2
67106,32,40,-8,8
67107,161,155,6,6
67108,139,136,3,3
67109,123,125,-2,2
67110,141,146,-5,5
67111,127,129,-2,2
67112,65,70,-5,5
67113,177,166,11,11
67114,131,131,0,0
67115,140,137,3,3
67116,51,58,-7,7
67117,85,88,-3,3
67118,75,77,-2,2
67119,103,101,2,2
67120,155,139,16,16
67121,85,81,4,4
67122,72,71,1,1
67123,80,67,13,13
67124,62,65,-3,3
67125,58,61,-3,3
67126,53,59,-6,6
67127,76,90,-14,14
67128,117,121,-4,4
67129,75,72,3,3
67130,138,133,5,5
67131,82,78,4,4
67132,79,81,-2,2
67133,83,93,-10,10
67134,79,75,4,4
67135,141,133,8,8
67136,76,71,5,5
67137,165,159,6,6
67138,150,154,-4,4
67139,65,62,3,3
67140,37,41,-4,4
67141,55,57,-2,2
67142,227,221,6,6
67143,82,86,-4,4
67144,70,72,-2,2
67145,57,58,-1,1
67146,73,65,8,8
67147,78,74,4,4
67148,58,59,-1,1
67149,87,84,3,3
67150,48,55,-7,7
67151,127,132,-5,5
67152,65,58,7,7
67153,111,96,15,15
67154,74,75,-1,1
67155,103,96,7,7
67156,91,80,11,11
67157,188,211,-23,23
67158,98,116,-18,18
67159,86,87,-1,1
67160,68,63,5,5
67161,99,101,-2,2
67162,68,68,0,0
67163,87,83,4,4
67164,110,115,-5,5
67165,53,59,-6,6
67166,75,73,2,2
67167,113,112,1,1
67168,103,129,-26,26
67169,48,58,-10,10
67170,180,169,11,11
67171,67,76,-9,9
67172,69,74,-5,5
67173,114,125,-11,11
67174,82,75,7,7
67175,152,149,3,3
67176,108,111,-3,3
67177,126,125,1,1
67178,126,140,-14,14
67179,68,73,-5,5
67180,111,108,3,3
67181,127,113,14,14
67182,106,100,6,6
67183,93,103,-10,10
67184,134,139,-5,5
67185,65,70,-5,5
67186,129,121,8,8
67187,84,87,-3,3
67188,64,65,-1,1
67189,147,145,2,2
67190,123,119,4,4
67191,102,101,1,1
67192,66,61,5,5
67193,56,61,-5,5
67194,99,109,-10,10
67195,92,88,4,4
67196,96,96,0,0
67197,125,136,-11,11
67198,85,80,5,5
67199,100,96,4,4
67200,77,82,-5,5
67201,69,71,-2,2
67202,95,97,-2,2
67203,87,83,4,4
67204,112,112,0,0
67205,124,123,1,1
67206,99,97,2,2
67207,65,62,3,3
67208,119,101,18,18
67209,66,69,-3,3
67210,89,84,5,5
67211,139,127,12,12
67212,111,102,9,9
67213,81,92,-11,11
67214,100,100,0,0
67215,82,78,4,4
67216,145,158,-13,13
67217,91,98,-7,7
67218,187,191,-4,4
67219,84,86,-2,2
67220,45,49,-4,4
67221,116,121,-5,5
67222,69,71,-2,2
67223,80,84,-4,4
67224,44,40,4,4
67225,93,102,-9,9
67226,58,56,2,2
67227,74,80,-6,6
67228,74,77,-3,3
67229,99,112,-13,13
67230,93,99,-6,6
67231,67,75,-8,8
67232,108,113,-5,5
67233,108,116,-8,8
67234,116,104,12,12
67235,127,112,15,15
67236,98,96,2,2
67237,115,128,-13,13
67238,131,135,-4,4
67239,185,178,7,7
67240,120,108,12,12
67241,75,80,-5,5
67242,165,141,24,24
67243,44,72,-28,28
67244,82,85,-3,3
67245,66,77,-11,11
67246,72,76,-4,4
67247,137,131,6,6
67248,66,69,-3,3
67249,79,95,-16,16
67250,48,54,-6,6
67251,76,79,-3,3
67252,87,82,5,5
67253,90,84,6,6
67254,67,71,-4,4
67255,139,139,0,0
67256,52,56,-4,4
67257,97,89,8,8
67258,135,130,5,5
67259,60,50,10,10
67260,65,67,-2,2
67261,61,55,6,6
67262,175,165,10,10
67263,146,134,12,12
67264,64,78,-14,14
67265,122,122,0,0
67266,66,70,-4,4
67267,62,61,1,1
67268,97,102,-5,5
67269,117,124,-7,7
67270,72,77,-5,5
67271,66,84,-18,18
67272,147,135,12,12
67273,139,129,10,10
67274,143,152,-9,9
67275,106,109,-3,3
67276,81,95,-14,14
67277,85,78,7,7
67278,112,105,7,7
67279,74,84,-10,10
67280,157,151,6,6
67281,76,71,5,5
67282,69,67,2,2
67283,133,127,6,6
67284,79,88,-9,9
67285,58,63,-5,5
67286,111,117,-6,6
67287,195,184,11,11
67288,129,117,12,12
67289,58,96,-38,38
67290,101,111,-10,10
67291,186,184,2,2
67292,76,67,9,9
67293,72,72,0,0
67294,100,106,-6,6
67295,60,62,-2,2
67296,59,64,-5,5
67297,118,116,2,2
67298,195,178,17,17
67299,92,86,6,6
67300,245,262,-17,17
67301,102,113,-11,11
67302,84,88,-4,4
67303,95,95,0,0
67304,126,121,5,5
67305,101,95,6,6
67306,192,177,15,15
67307,118,119,-1,1
67308,72,83,-11,11
67309,66,72,-6,6
67310,72,75,-3,3
67311,75,77,-2,2
67312,47,51,-4,4
67313,53,56,-3,3
67314,75,83,-8,8
67315,77,91,-14,14
67316,133,143,-10,10
67317,66,66,0,0
67318,122,126,-4,4
67319,151,154,-3,3
67320,95,113,-18,18
67321,70,79,-9,9
67322,66,65,1,1
67323,101,99,2,2
67324,92,90,2,2
67325,94,88,6,6
67326,80,73,7,7
67327,86,92,-6,6
67328,99,94,5,5
67329,167,154,13,13
67330,104,99,5,5
67331,92,84,8,8
67332,82,94,-12,12
67333,93,90,3,3
67334,57,56,1,1
67335,80,78,2,2
67336,154,137,17,17
67337,92,89,3,3
67338,121,112,9,9
67339,90,99,-9,9
67340,94,95,-1,1
67341,100,101,-1,1
67342,55,63,-8,8
67343,179,181,-2,2
67344,157,147,10,10
67345,58,71,-13,13
67346,94,108,-14,14
67347,85,83,2,2
67348,55,63,-8,8
67349,72,64,8,8
67350,114,112,2,2
67351,99,102,-3,3
67352,75,67,8,8
67353,45,44,1,1
67354,58,56,2,2
67355,110,109,1,1
67356,69,76,-7,7
67357,68,66,2,2
67358,102,99,3,3
67359,77,85,-8,8
67360,85,81,4,4
67361,112,116,-4,4
67362,40,43,-3,3
67363,73,77,-4,4
67364,76,81,-5,5
67365,65,66,-1,1
67366,72,88,-16,16
67367,89,116,-27,27
67368,110,118,-8,8
67369,91,92,-1,1
67370,59,86,-27,27
67371,90,83,7,7
67372,84,88,-4,4
67373,130,124,6,6
67374,63,59,4,4
67375,63,64,-1,1
67376,87,85,2,2
67377,106,117,-11,11
67378,145,136,9,9
67379,128,133,-5,5
67380,81,84,-3,3
67381,111,101,10,10
67382,76,82,-6,6
67383,53,64,-11,11
67384,82,80,2,2
67385,100,100,0,0
67386,74,85,-11,11
67387,105,108,-3,3
67388,58,61,-3,3
67389,102,105,-3,3
67390,113,107,6,6
67391,99,104,-5,5
67392,113,112,1,1
67393,55,55,0,0
67394,98,89,9,9
67395,108,115,-7,7
67396,54,53,1,1
67397,99,96,3,3
67398,78,80,-2,2
67399,68,64,4,4
67400,45,45,0,0
67401,71,77,-6,6
67402,216,179,37,37
67403,103,101,2,2
67404,77,78,-1,1
67405,64,65,-1,1
67406,108,110,-2,2
67407,106,85,21,21
67408,124,108,16,16
67409,71,74,-3,3
67410,91,82,9,9
67411,80,84,-4,4
67412,122,124,-2,2
67413,105,108,-3,3
67414,80,84,-4,4
67415,142,125,17,17
67416,64,92,-28,28
67417,95,76,19,19
67418,112,124,-12,12
67419,83,76,7,7
67420,147,145,2,2
67421,47,52,-5,5
67422,80,83,-3,3
67423,104,111,-7,7
67424,71,77,-6,6
67425,67,64,3,3
67426,69,78,-9,9
67427,82,82,0,0
67428,85,79,6,6
67429,144,143,1,1
67430,81,87,-6,6
67431,141,143,-2,2
67432,86,79,7,7
67433,176,180,-4,4
67434,74,65,9,9
67435,91,88,3,3
67436,102,86,16,16
67437,74,70,4,4
67438,97,94,3,3
67439,60,63,-3,3
67440,97,98,-1,1
67441,119,120,-1,1
67442,97,102,-5,5
67443,70,73,-3,3
67444,102,94,8,8
67445,61,71,-10,10
67446,86,77,9,9
67447,45,47,-2,2
67448,51,57,-6,6
67449,130,136,-6,6
67450,74,79,-5,5
67451,78,83,-5,5
67452,163,166,-3,3
67453,52,62,-10,10
67454,99,106,-7,7
67455,84,89,-5,5
67456,109,104,5,5
67457,84,85,-1,1
67458,88,98,-10,10
67459,117,115,2,2
67460,186,178,8,8
67461,55,55,0,0
67462,65,82,-17,17
67463,119,135,-16,16
67464,71,74,-3,3
67465,87,82,5,5
67466,51,59,-8,8
67467,46,49,-3,3
67468,61,63,-2,2
67469,103,93,10,10
67470,84,81,3,3
67471,56,60,-4,4
67472,73,78,-5,5
67473,84,79,5,5
67474,127,114,13,13
67475,178,184,-6,6
67476,71,73,-2,2
67477,107,104,3,3
67478,111,104,7,7
67479,69,73,-4,4
67480,94,101,-7,7
67481,45,52,-7,7
67482,94,96,-2,2
67483,120,127,-7,7
67484,63,68,-5,5
67485,78,75,3,3
67486,40,45,-5,5
67487,114,110,4,4
67488,112,108,4,4
67489,152,149,3,3
67490,184,162,22,22
67491,84,83,1,1
67492,122,114,8,8
67493,108,99,9,9
67494,64,64,0,0
67495,114,112,2,2
67496,143,147,-4,4
67497,97,88,9,9
67498,99,95,4,4
67499,145,154,-9,9
67500,63,63,0,0
67501,111,116,-5,5
67502,68,72,-4,4
67503,108,121,-13,13
67504,94,81,13,13
67505,77,78,-1,1
67506,49,58,-9,9
67507,82,82,0,0
67508,66,65,1,1
67509,74,70,4,4
67510,142,151,-9,9
67511,82,87,-5,5
67512,87,81,6,6
67513,78,81,-3,3
67514,58,64,-6,6
67515,108,108,0,0
67516,50,80,-30,30
67517,170,166,4,4
67518,74,78,-4,4
67519,102,104,-2,2
67520,95,94,1,1
67521,90,84,6,6
67522,118,116,2,2
67523,70,71,-1,1
67524,111,112,-1,1
67525,96,105,-9,9
67526,81,82,-1,1
67527,110,106,4,4
67528,94,89,5,5
67529,99,106,-7,7
67530,107,109,-2,2
67531,129,137,-8,8
67532,135,126,9,9
67533,123,115,8,8
67534,67,67,0,0
67535,79,82,-3,3
67536,91,98,-7,7
67537,72,72,0,0
67538,150,159,-9,9
67539,117,127,-10,10
67540,60,66,-6,6
67541,102,109,-7,7
67542,32,48,-16,16
67543,65,66,-1,1
67544,163,161,2,2
67545,99,96,3,3
67546,76,75,1,1
67547,146,134,12,12
67548,137,130,7,7
67549,131,133,-2,2
67550,152,143,9,9
67551,93,108,-15,15
67552,78,78,0,0
67553,83,80,3,3
67554,109,97,12,12
67555,134,145,-11,11
67556,56,73,-17,17
67557,82,78,4,4
67558,50,43,7,7
67559,104,106,-2,2
67560,78,81,-3,3
67561,60,60,0,0
67562,137,128,9,9
67563,64,61,3,3
67564,144,146,-2,2
67565,49,50,-1,1
67566,104,102,2,2
67567,66,65,1,1
67568,71,71,0,0
67569,128,124,4,4
67570,84,109,-25,25
67571,141,148,-7,7
67572,97,90,7,7
67573,52,52,0,0
67574,74,75,-1,1
67575,98,116,-18,18
67576,71,71,0,0
67577,56,58,-2,2
67578,71,79,-8,8
67579,123,117,6,6
67580,146,129,17,17
67581,77,77,0,0
67582,68,72,-4,4
67583,110,94,16,16
67584,85,85,0,0
67585,162,135,27,27
67586,105,94,11,11
67587,68,67,1,1
67588,100,90,10,10
67589,103,100,3,3
67590,121,112,9,9
67591,96,86,10,10
67592,199,178,21,21
67593,83,83,0,0
67594,91,92,-1,1
67595,61,68,-7,7
67596,103,110,-7,7
67597,95,98,-3,3
67598,68,71,-3,3
67599,94,90,4,4
67600,54,56,-2,2
67601,160,138,22,22
67602,123,113,10,10
67603,154,143,11,11
67604,48,55,-7,7
67605,66,72,-6,6
67606,81,80,1,1
67607,56,61,-5,5
67608,160,145,15,15
67609,121,153,-32,32
67610,103,90,13,13
67611,126,119,7,7
67612,82,81,1,1
67613,63,72,-9,9
67614,88,89,-1,1
67615,111,122,-11,11
67616,139,136,3,3
67617,103,100,3,3
67618,74,77,-3,3
67619,133,122,11,11
67620,49,54,-5,5
67621,93,92,1,1
67622,86,88,-2,2
67623,77,73,4,4
67624,56,71,-15,15
67625,66,62,4,4
67626,132,128,4,4
67627,149,135,14,14
67628,39,40,-1,1
67629,117,116,1,1
67630,98,96,2,2
67631,59,59,0,0
67632,146,147,-1,1
67633,106,95,11,11
67634,63,69,-6,6
67635,90,90,0,0
67636,73,76,-3,3
67637,80,77,3,3
67638,89,85,4,4
67639,88,87,1,1
67640,51,51,0,0
67641,85,83,2,2
67642,106,129,-23,23
67643,136,129,7,7
67644,46,46,0,0
67645,107,114,-7,7
67646,154,160,-6,6
67647,109,109,0,0
67648,79,78,1,1
67649,94,83,11,11
67650,64,62,2,2
67651,63,58,5,5
67652,62,60,2,2
67653,58,62,-4,4
67654,48,51,-3,3
67655,67,73,-6,6
67656,74,72,2,2
67657,94,92,2,2
67658,75,73,2,2
67659,158,146,12,12
67660,134,129,5,5
67661,189,177,12,12
67662,62,68,-6,6
67663,73,73,0,0
67664,89,93,-4,4
67665,42,61,-19,19
67666,129,120,9,9
67667,65,75,-10,10
67668,49,52,-3,3
67669,163,156,7,7
67670,93,93,0,0
67671,185,175,10,10
67672,91,92,-1,1
67673,43,48,-5,5
67674,163,165,-2,2
67675,65,69,-4,4
67676,49,38,11,11
67677,62,62,0,0
67678,123,134,-11,11
67679,78,81,-3,3
67680,144,135,9,9
67681,75,102,-27,27
67682,83,82,1,1
67683,122,102,20,20
67684,92,92,0,0
67685,101,100,1,1
67686,75,89,-14,14
67687,130,117,13,13
67688,160,156,4,4
67689,58,60,-2,2
67690,154,150,4,4
67691,101,94,7,7
67692,54,62,-8,8
67693,177,175,2,2
67694,198,186,12,12
67695,98,105,-7,7
67696,87,100,-13,13
67697,116,115,1,1
67698,63,58,5,5
67699,95,90,5,5
67700,57,55,2,2
67701,64,59,5,5
67702,69,60,9,9
67703,79,78,1,1
67704,89,103,-14,14
67705,53,56,-3,3
67706,94,99,-5,5
67707,85,94,-9,9
67708,85,84,1,1
67709,80,93,-13,13
67710,80,91,-11,11
67711,95,91,4,4
67712,95,92,3,3
67713,72,76,-4,4
67714,59,63,-4,4
67715,122,108,14,14
67716,76,74,2,2
67717,103,91,12,12
67718,80,84,-4,4
67719,84,84,0,0
67720,108,107,1,1
67721,94,93,1,1
67722,128,128,0,0
67723,121,124,-3,3
67724,156,142,14,14
67725,120,116,4,4
67726,97,100,-3,3
67727,87,100,-13,13
67728,116,112,4,4
67729,48,47,1,1
67730,139,137,2,2
67731,93,87,6,6
67732,184,194,-10,10
67733,62,59,3,3
67734,116,123,-7,7
67735,114,108,6,6
67736,104,100,4,4
67737,94,101,-7,7
67738,169,168,1,1
67739,89,97,-8,8
67740,91,98,-7,7
67741,97,103,-6,6
67742,111,116,-5,5
67743,69,67,2,2
67744,120,115,5,5
67745,105,127,-22,22
67746,99,99,0,0
67747,37,66,-29,29
67748,105,93,12,12
67749,69,71,-2,2
67750,67,66,1,1
67751,31,36,-5,5
67752,60,62,-2,2
67753,90,93,-3,3
67754,74,73,1,1
67755,123,117,6,6
67756,97,99,-2,2
67757,55,50,5,5
67758,127,125,2,2
67759,122,123,-1,1
67760,103,107,-4,4
67761,141,141,0,0
67762,67,66,1,1
67763,113,119,-6,6
67764,135,137,-2,2
67765,203,192,11,11
67766,88,88,0,0
67767,94,103,-9,9
67768,103,103,0,0
67769,86,85,1,1
67770,143,150,-7,7
67771,52,51,1,1
67772,75,85,-10,10
67773,114,121,-7,7
67774,92,83,9,9
67775,113,111,2,2
67776,123,123,0,0
67777,68,77,-9,9
67778,86,97,-11,11
67779,27,37,-10,10
67780,126,131,-5,5
67781,89,84,5,5
67782,113,103,10,10
67783,106,101,5,5
67784,90,86,4,4
67785,82,75,7,7
67786,88,92,-4,4
67787,97,94,3,3
67788,141,132,9,9
67789,123,111,12,12
67790,188,202,-14,14
67791,108,112,-4,4
67792,73,72,1,1
67793,104,107,-3,3
67794,87,91,-4,4
67795,78,80,-2,2
67796,75,73,2,2
67797,153,147,6,6
67798,74,66,8,8
67799,129,118,11,11
67800,117,110,7,7
67801,82,85,-3,3
67802,103,101,2,2
67803,93,82,11,11
67804,89,91,-2,2
67805,44,51,-7,7
67806,76,76,0,0
67807,79,92,-13,13
67808,87,91,-4,4
67809,38,39,-1,1
67810,120,120,0,0
67811,88,91,-3,3
67812,155,140,15,15
67813,120,110,10,10
67814,89,81,8,8
67815,100,94,6,6
67816,66,64,2,2
67817,85,94,-9,9
67818,90,77,13,13
67819,126,125,1,1
67820,153,132,21,21
67821,83,80,3,3
67822,113,108,5,5
67823,88,94,-6,6
67824,152,158,-6,6
67825,104,93,11,11
67826,75,72,3,3
67827,48,47,1,1
67828,127,123,4,4
67829,79,75,4,4
67830,117,117,0,0
67831,63,70,-7,7
67832,113,120,-7,7
67833,143,161,-18,18
67834,110,108,2,2
67835,75,86,-11,11
67836,48,51,-3,3
67837,64,92,-28,28
67838,99,100,-1,1
67839,91,86,5,5
67840,111,102,9,9
67841,89,88,1,1
67842,141,136,5,5
67843,101,93,8,8
67844,74,73,1,1
67845,124,111,13,13
67846,115,128,-13,13
67847,94,107,-13,13
67848,110,118,-8,8
67849,70,73,-3,3
67850,89,98,-9,9
67851,53,56,-3,3
67852,85,94,-9,9
67853,166,155,11,11
67854,77,73,4,4
67855,76,72,4,4
67856,137,149,-12,12
67857,79,86,-7,7
67858,144,124,20,20
67859,57,49,8,8
67860,102,104,-2,2
67861,77,79,-2,2
67862,105,113,-8,8
67863,99,96,3,3
67864,40,44,-4,4
67865,96,91,5,5
67866,99,104,-5,5
67867,69,65,4,4
67868,111,105,6,6
67869,119,128,-9,9
67870,152,149,3,3
67871,138,133,5,5
67872,146,160,-14,14
67873,79,100,-21,21
67874,113,108,5,5
67875,65,73,-8,8
67876,135,124,11,11
67877,58,40,18,18
67878,68,76,-8,8
67879,103,95,8,8
67880,110,116,-6,6
67881,57,60,-3,3
67882,191,183,8,8
67883,87,81,6,6
67884,130,122,8,8
67885,94,95,-1,1
67886,101,113,-12,12
67887,52,48,4,4
67888,134,134,0,0
67889,75,75,0,0
67890,91,94,-3,3
67891,109,110,-1,1
67892,96,94,2,2
67893,55,57,-2,2
67894,114,109,5,5
67895,159,152,7,7
67896,74,73,1,1
67897,89,94,-5,5
67898,45,53,-8,8
67899,50,72,-22,22
67900,78,73,5,5
67901,136,145,-9,9
67902,81,81,0,0
67903,104,94,10,10
67904,42,44,-2,2
67905,45,46,-1,1
67906,91,80,11,11
67907,81,81,0,0
67908,73,75,-2,2
67909,163,155,8,8
67910,62,59,3,3
67911,62,79,-17,17
67912,117,104,13,13
67913,91,96,-5,5
67914,81,92,-11,11
67915,183,161,22,22
67916,115,118,-3,3
67917,45,44,1,1
67918,67,72,-5,5
67919,73,70,3,3
67920,115,120,-5,5
67921,143,136,7,7
67922,122,114,8,8
67923,158,141,17,17
67924,132,129,3,3
67925,56,62,-6,6
67926,138,140,-2,2
67927,128,120,8,8
67928,170,159,11,11
67929,101,99,2,2
67930,147,142,5,5
67931,116,121,-5,5
67932,97,117,-20,20
67933,116,123,-7,7
67934,73,74,-1,1
67935,58,53,5,5
67936,99,93,6,6
67937,148,154,-6,6
67938,56,56,0,0
67939,144,149,-5,5
67940,73,72,1,1
67941,124,134,-10,10
67942,58,86,-28,28
67943,72,75,-3,3
67944,57,57,0,0
67945,77,67,10,10
67946,93,92,1,1
67947,136,132,4,4
67948,56,58,-2,2
67949,106,99,7,7
67950,68,64,4,4
67951,107,106,1,1
67952,137,132,5,5
67953,51,54,-3,3
67954,161,162,-1,1
67955,75,75,0,0
67956,207,188,19,19
67957,134,144,-10,10
67958,139,141,-2,2
67959,85,86,-1,1
67960,64,66,-2,2
67961,57,61,-4,4
67962,87,87,0,0
67963,143,138,5,5
67964,89,90,-1,1
67965,78,76,2,2
67966,73,92,-19,19
67967,188,204,-16,16
67968,115,102,13,13
67969,119,96,23,23
67970,74,81,-7,7
67971,96,102,-6,6
67972,64,65,-1,1
67973,117,115,2,2
67974,127,132,-5,5
67975,70,76,-6,6
67976,97,107,-10,10
67977,163,149,14,14
67978,143,134,9,9
67979,69,79,-10,10
67980,98,108,-10,10
67981,87,87,0,0
67982,100,101,-1,1
67983,111,126,-15,15
67984,129,136,-7,7
67985,94,84,10,10
67986,124,122,2,2
67987,70,76,-6,6
67988,64,63,1,1
67989,131,124,7,7
67990,81,88,-7,7
67991,121,113,8,8
67992,139,131,8,8
67993,49,53,-4,4
67994,54,62,-8,8
67995,109,112,-3,3
67996,71,77,-6,6
67997,124,114,10,10
67998,110,100,10,10
67999,103,110,-7,7
68000,104,116,-12,12
68001,95,118,-23,23
68002,85,74,11,11
68003,83,76,7,7
68004,111,119,-8,8
68005,68,59,9,9
68006,76,73,3,3
68007,47,48,-1,1
68008,143,133,10,10
68009,64,65,-1,1
68010,102,103,-1,1
68011,77,82,-5,5
68012,52,62,-10,10
68013,52,57,-5,5
68014,75,80,-5,5
68015,83,83,0,0
68016,70,66,4,4
68017,44,47,-3,3
68018,41,45,-4,4
68019,77,74,3,3
68020,53,50,3,3
68021,132,134,-2,2
68022,112,104,8,8
68023,81,77,4,4
68024,85,85,0,0
68025,90,90,0,0
68026,51,54,-3,3
68027,55,62,-7,7
68028,45,66,-21,21
68029,52,53,-1,1
68030,98,100,-2,2
68031,72,68,4,4
68032,239,237,2,2
68033,123,110,13,13
68034,164,154,10,10
68035,75,74,1,1
68036,145,144,1,1
68037,63,70,-7,7
68038,63,99,-36,36
68039,100,108,-8,8
68040,110,117,-7,7
68041,76,89,-13,13
68042,94,104,-10,10
68043,109,99,10,10
68044,59,68,-9,9
68045,140,156,-16,16
68046,83,77,6,6
68047,136,132,4,4
68048,50,52,-2,2
68049,85,78,7,7
68050,113,105,8,8
68051,49,57,-8,8
68052,98,83,15,15
68053,80,67,13,13
68054,95,97,-2,2
68055,129,133,-4,4
68056,89,85,4,4
68057,115,111,4,4
68058,73,78,-5,5
68059,75,82,-7,7
68060,168,159,9,9
68061,52,59,-7,7
68062,76,73,3,3
68063,104,101,3,3
68064,124,114,10,10
68065,113,118,-5,5
68066,80,74,6,6
68067,79,102,-23,23
68068,89,88,1,1
68069,90,80,10,10
68070,46,53,-7,7
68071,80,74,6,6
68072,108,124,-16,16
68073,46,46,0,0
68074,106,97,9,9
68075,139,136,3,3
68076,99,103,-4,4
68077,50,51,-1,1
68078,65,63,2,2
68079,69,71,-2,2
68080,125,123,2,2
68081,97,97,0,0
68082,84,87,-3,3
68083,114,122,-8,8
68084,39,35,4,4
68085,106,101,5,5
68086,88,91,-3,3
68087,80,84,-4,4
68088,178,170,8,8
68089,104,115,-11,11
68090,76,72,4,4
68091,108,99,9,9
68092,82,93,-11,11
68093,44,62,-18,18
68094,67,64,3,3
68095,69,77,-8,8
68096,69,63,6,6
68097,112,108,4,4
68098,151,136,15,15
68099,47,49,-2,2
68100,70,70,0,0
68101,86,84,2,2
68102,95,96,-1,1
68103,68,74,-6,6
68104,44,46,-2,2
68105,70,74,-4,4
68106,132,127,5,5
68107,66,67,-1,1
68108,104,103,1,1
68109,155,144,11,11
68110,136,133,3,3
68111,74,77,-3,3
68112,109,110,-1,1
68113,88,95,-7,7
68114,156,168,-12,12
68115,153,156,-3,3
68116,83,76,7,7
68117,88,80,8,8
68118,167,180,-13,13
68119,44,47,-3,3
68120,124,110,14,14
68121,71,71,0,0
68122,131,120,11,11
68123,94,86,8,8
68124,64,65,-1,1
68125,81,79,2,2
68126,69,66,3,3
68127,52,54,-2,2
68128,84,82,2,2
68129,59,61,-2,2
68130,117,119,-2,2
68131,115,108,7,7
68132,86,89,-3,3
68133,111,109,2,2
68134,69,75,-6,6
68135,119,113,6,6
68136,73,72,1,1
68137,81,77,4,4
68138,79,91,-12,12
68139,89,103,-14,14
68140,51,55,-4,4
68141,63,64,-1,1
68142,87,91,-4,4
68143,116,112,4,4
68144,115,108,7,7
68145,111,119,-8,8
68146,38,40,-2,2
68147,130,139,-9,9
68148,100,91,9,9
68149,60,55,5,5
68150,91,84,7,7
68151,67,66,1,1
68152,73,65,8,8
68153,152,153,-1,1
68154,199,191,8,8
68155,156,150,6,6
68156,61,65,-4,4
68157,109,94,15,15
68158,69,71,-2,2
68159,87,88,-1,1
68160,65,65,0,0
68161,83,87,-4,4
68162,94,96,-2,2
68163,104,89,15,15
68164,72,78,-6,6
68165,74,89,-15,15
68166,93,82,11,11
68167,88,87,1,1
68168,88,78,10,10
68169,75,85,-10,10
68170,102,106,-4,4
68171,72,72,0,0
68172,95,83,12,12
68173,98,94,4,4
68174,86,85,1,1
68175,91,108,-17,17
68176,67,66,1,1
68177,73,77,-4,4
68178,129,133,-4,4
68179,64,63,1,1
68180,94,98,-4,4
68181,123,113,10,10
68182,89,88,1,1
68183,45,51,-6,6
68184,95,93,2,2
68185,77,75,2,2
68186,61,70,-9,9
68187,151,158,-7,7
68188,53,58,-5,5
68189,109,103,6,6
68190,84,89,-5,5
68191,86,94,-8,8
68192,105,107,-2,2
68193,107,120,-13,13
68194,97,105,-8,8
68195,41,45,-4,4
68196,69,73,-4,4
68197,111,86,25,25
68198,40,45,-5,5
68199,140,138,2,2
68200,65,72,-7,7
68201,149,128,21,21
68202,46,45,1,1
68203,103,103,0,0
68204,80,82,-2,2
68205,41,42,-1,1
68206,97,135,-38,38
68207,65,62,3,3
68208,124,149,-25,25
68209,65,68,-3,3
68210,85,83,2,2
68211,151,151,0,0
68212,75,74,1,1
68213,92,94,-2,2
68214,96,92,4,4
68215,120,130,-10,10
68216,71,72,-1,1
68217,77,79,-2,2
68218,84,94,-10,10
68219,100,111,-11,11
68220,105,118,-13,13
68221,123,117,6,6
68222,53,59,-6,6
68223,178,182,-4,4
68224,99,99,0,0
68225,64,63,1,1
68226,78,85,-7,7
68227,108,106,2,2
68228,77,76,1,1
68229,157,153,4,4
68230,72,80,-8,8
68231,68,71,-3,3
68232,87,81,6,6
68233,70,76,-6,6
68234,52,55,-3,3
68235,85,79,6,6
68236,100,108,-8,8
68237,71,67,4,4
68238,109,118,-9,9
68239,154,166,-12,12
68240,96,76,20,20
68241,78,88,-10,10
68242,82,92,-10,10
68243,114,113,1,1
68244,103,111,-8,8
68245,118,125,-7,7
68246,87,92,-5,5
68247,121,129,-8,8
68248,94,94,0,0
68249,62,57,5,5
68250,89,86,3,3
68251,105,101,4,4
68252,85,79,6,6
68253,79,90,-11,11
68254,86,84,2,2
68255,100,101,-1,1
68256,104,100,4,4
68257,83,82,1,1
68258,90,83,7,7
68259,112,129,-17,17
68260,69,73,-4,4
68261,121,103,18,18
68262,84,91,-7,7
68263,87,85,2,2
68264,92,94,-2,2
68265,147,147,0,0
68266,86,93,-7,7
68267,89,83,6,6
68268,52,65,-13,13
68269,110,108,2,2
68270,145,141,4,4
68271,87,86,1,1
68272,107,89,18,18
68273,145,122,23,23
68274,55,59,-4,4
68275,51,62,-11,11
68276,95,96,-1,1
68277,101,98,3,3
68278,72,67,5,5
68279,90,87,3,3
68280,91,78,13,13
68281,94,96,-2,2
68282,60,66,-6,6
68283,59,57,2,2
68284,96,88,8,8
68285,55,55,0,0
68286,101,91,10,10
68287,95,101,-6,6
68288,113,109,4,4
68289,77,73,4,4
68290,114,128,-14,14
68291,101,112,-11,11
68292,100,109,-9,9
68293,64,66,-2,2
68294,100,93,7,7
68295,158,142,16,16
68296,81,82,-1,1
68297,62,62,0,0
68298,136,131,5,5
68299,156,154,2,2
68300,160,153,7,7
68301,128,132,-4,4
68302,49,45,4,4
68303,135,126,9,9
68304,81,85,-4,4
68305,85,86,-1,1
68306,74,70,4,4
68307,141,133,8,8
68308,98,97,1,1
68309,140,135,5,5
68310,102,94,8,8
68311,91,102,-11,11
68312,68,66,2,2
68313,117,110,7,7
68314,57,53,4,4
68315,70,71,-1,1
68316,203,175,28,28
68317,96,113,-17,17
68318,128,133,-5,5
68319,81,74,7,7
68320,81,95,-14,14
68321,66,61,5,5
68322,128,126,2,2
68323,150,145,5,5
68324,79,87,-8,8
68325,68,74,-6,6
68326,57,61,-4,4
68327,63,73,-10,10
68328,110,113,-3,3
68329,84,82,2,2
68330,84,72,12,12
68331,59,62,-3,3
68332,101,91,10,10
68333,73,77,-4,4
68334,82,85,-3,3
68335,163,160,3,3
68336,113,114,-1,1
68337,95,76,19,19
68338,73,75,-2,2
68339,83,83,0,0
68340,114,117,-3,3
68341,136,123,13,13
68342,86,87,-1,1
68343,81,78,3,3
68344,108,117,-9,9
68345,149,155,-6,6
68346,101,101,0,0
68347,78,83,-5,5
68348,126,116,10,10
68349,122,135,-13,13
68350,112,105,7,7
68351,67,62,5,5
68352,62,61,1,1
68353,112,116,-4,4
68354,171,160,11,11
68355,65,60,5,5
68356,97,89,8,8
68357,43,46,-3,3
68358,71,60,11,11
68359,71,70,1,1
68360,55,46,9,9
68361,72,86,-14,14
68362,85,82,3,3
68363,190,179,11,11
68364,97,98,-1,1
68365,100,102,-2,2
68366,75,80,-5,5
68367,130,119,11,11
68368,60,61,-1,1
68369,105,104,1,1
68370,85,83,2,2
68371,89,92,-3,3
68372,93,94,-1,1
68373,39,68,-29,29
68374,74,64,10,10
68375,148,154,-6,6
68376,136,127,9,9
68377,61,72,-11,11
68378,181,175,6,6
68379,99,95,4,4
68380,165,159,6,6
68381,97,95,2,2
68382,116,111,5,5
68383,105,114,-9,9
68384,50,47,3,3
68385,71,86,-15,15
68386,115,111,4,4
68387,61,57,4,4
68388,101,108,-7,7
68389,80,81,-1,1
68390,100,107,-7,7
68391,79,95,-16,16
68392,121,119,2,2
68393,85,94,-9,9
68394,87,92,-5,5
68395,61,65,-4,4
68396,125,134,-9,9
68397,85,94,-9,9
68398,87,89,-2,2
68399,64,71,-7,7
68400,66,67,-1,1
68401,85,91,-6,6
68402,159,147,12,12
68403,132,141,-9,9
68404,96,101,-5,5
68405,100,112,-12,12
68406,76,73,3,3
68407,117,123,-6,6
68408,101,117,-16,16
68409,86,88,-2,2
68410,117,113,4,4
68411,96,94,2,2
68412,55,60,-5,5
68413,145,135,10,10
68414,68,75,-7,7
68415,71,68,3,3
68416,129,126,3,3
68417,121,122,-1,1
68418,92,78,14,14
68419,57,60,-3,3
68420,50,47,3,3
68421,56,60,-4,4
68422,52,55,-3,3
68423,61,60,1,1
68424,164,159,5,5
68425,119,119,0,0
68426,85,77,8,8
68427,83,78,5,5
68428,149,147,2,2
68429,103,92,11,11
68430,61,46,15,15
68431,142,144,-2,2
68432,80,88,-8,8
68433,49,54,-5,5
68434,109,98,11,11
68435,101,99,2,2
68436,77,78,-1,1
68437,160,171,-11,11
68438,108,116,-8,8
68439,137,137,0,0
68440,125,125,0,0
68441,76,76,0,0
68442,145,134,11,11
68443,86,93,-7,7
68444,131,126,5,5
68445,99,110,-11,11
68446,97,101,-4,4
68447,67,61,6,6
68448,107,132,-25,25
68449,87,85,2,2
68450,104,104,0,0
68451,77,74,3,3
68452,49,53,-4,4
68453,152,143,9,9
68454,138,135,3,3
68455,183,178,5,5
68456,53,58,-5,5
68457,100,99,1,1
68458,71,73,-2,2
68459,73,87,-14,14
68460,108,105,3,3
68461,85,91,-6,6
68462,72,76,-4,4
68463,92,92,0,0
68464,127,124,3,3
68465,61,81,-20,20
68466,86,98,-12,12
68467,56,54,2,2
68468,104,96,8,8
68469,86,89,-3,3
68470,142,146,-4,4
68471,78,88,-10,10
68472,96,87,9,9
68473,75,80,-5,5
68474,88,86,2,2
68475,69,72,-3,3
68476,62,63,-1,1
68477,107,109,-2,2
68478,65,63,2,2
68479,129,141,-12,12
68480,86,93,-7,7
68481,77,71,6,6
68482,115,101,14,14
68483,87,83,4,4
68484,32,31,1,1
68485,80,89,-9,9
68486,107,102,5,5
68487,112,129,-17,17
68488,83,83,0,0
68489,89,94,-5,5
68490,65,65,0,0
68491,63,65,-2,2
68492,56,60,-4,4
68493,99,86,13,13
68494,88,89,-1,1
68495,130,135,-5,5
68496,59,64,-5,5
68497,157,130,27,27
68498,94,108,-14,14
68499,94,94,0,0
68500,61,64,-3,3
68501,98,101,-3,3
68502,98,95,3,3
68503,108,101,7,7
68504,122,119,3,3
68505,115,117,-2,2
68506,49,53,-4,4
68507,79,82,-3,3
68508,96,99,-3,3
68509,81,92,-11,11
68510,54,57,-3,3
68511,70,78,-8,8
68512,141,134,7,7
68513,113,210,-97,97
68514,110,116,-6,6
68515,75,81,-6,6
68516,85,96,-11,11
68517,85,78,7,7
68518,105,107,-2,2
68519,62,70,-8,8
68520,39,45,-6,6
68521,83,85,-2,2
68522,103,99,4,4
68523,69,73,-4,4
68524,103,104,-1,1
68525,82,77,5,5
68526,98,95,3,3
68527,134,126,8,8
68528,51,61,-10,10
68529,98,96,2,2
68530,58,64,-6,6
68531,66,76,-10,10
68532,66,64,2,2
68533,139,129,10,10
68534,182,175,7,7
68535,118,136,-18,18
68536,69,61,8,8
68537,61,71,-10,10
68538,101,93,8,8
68539,126,98,28,28
68540,87,88,-1,1
68541,53,56,-3,3
68542,83,74,9,9
68543,113,124,-11,11
68544,109,105,4,4
68545,60,62,-2,2
68546,113,115,-2,2
68547,84,90,-6,6
68548,60,56,4,4
68549,56,61,-5,5
68550,52,52,0,0
68551,111,104,7,7
68552,74,82,-8,8
68553,57,58,-1,1
68554,72,73,-1,1
68555,77,79,-2,2
68556,93,90,3,3
68557,167,150,17,17
68558,64,64,0,0
68559,97,92,5,5
68560,106,112,-6,6
68561,165,154,11,11
68562,86,110,-24,24
68563,146,137,9,9
68564,98,95,3,3
68565,88,88,0,0
68566,89,88,1,1
68567,99,97,2,2
68568,86,89,-3,3
68569,95,109,-14,14
68570,70,65,5,5
68571,91,99,-8,8
68572,98,95,3,3
68573,92,90,2,2
68574,103,102,1,1
68575,91,83,8,8
68576,58,72,-14,14
68577,61,64,-3,3
68578,53,57,-4,4
68579,83,80,3,3
68580,56,59,-3,3
68581,84,86,-2,2
68582,73,80,-7,7
68583,73,71,2,2
68584,81,80,1,1
68585,69,72,-3,3
68586,71,77,-6,6
68587,107,116,-9,9
68588,111,112,-1,1
68589,107,102,5,5
68590,115,101,14,14
68591,75,78,-3,3
68592,129,118,11,11
68593,94,90,4,4
68594,52,52,0,0
68595,146,145,1,1
68596,99,104,-5,5
68597,93,113,-20,20
68598,57,60,-3,3
68599,102,111,-9,9
68600,58,70,-12,12
68601,95,137,-42,42
68602,92,92,0,0
68603,99,93,6,6
68604,115,118,-3,3
68605,77,77,0,0
68606,176,181,-5,5
68607,97,104,-7,7
68608,153,139,14,14
68609,74,72,2,2
68610,182,169,13,13
68611,91,103,-12,12
68612,67,75,-8,8
68613,85,97,-12,12
68614,109,108,1,1
68615,113,108,5,5
68616,111,115,-4,4
68617,95,111,-16,16
68618,74,74,0,0
68619,110,108,2,2
68620,58,55,3,3
68621,135,130,5,5
68622,108,115,-7,7
68623,112,123,-11,11
68624,49,54,-5,5
68625,114,118,-4,4
68626,57,57,0,0
68627,74,72,2,2
68628,99,101,-2,2
68629,96,94,2,2
68630,88,85,3,3
68631,79,87,-8,8
68632,82,71,11,11
68633,99,96,3,3
68634,116,112,4,4
68635,80,81,-1,1
68636,120,118,2,2
68637,70,63,7,7
68638,74,76,-2,2
68639,55,64,-9,9
68640,97,94,3,3
68641,74,79,-5,5
68642,92,98,-6,6
68643,71,74,-3,3
68644,86,84,2,2
68645,66,63,3,3
68646,74,67,7,7
68647,90,89,1,1
68648,110,109,1,1
68649,94,95,-1,1
68650,101,98,3,3
68651,115,118,-3,3
68652,91,94,-3,3
68653,102,104,-2,2
68654,116,125,-9,9
68655,130,129,1,1
68656,45,51,-6,6
68657,77,79,-2,2
68658,117,130,-13,13
68659,109,109,0,0
68660,94,94,0,0
68661,130,124,6,6
68662,37,43,-6,6
68663,73,78,-5,5
68664,79,72,7,7
68665,80,87,-7,7
68666,143,127,16,16
68667,69,71,-2,2
68668,143,143,0,0
68669,105,106,-1,1
68670,150,144,6,6
68671,94,88,6,6
68672,107,101,6,6
68673,64,62,2,2
68674,154,136,18,18
68675,129,129,0,0
68676,118,115,3,3
68677,86,86,0,0
68678,98,100,-2,2
68679,134,143,-9,9
68680,96,98,-2,2
68681,90,90,0,0
68682,173,178,-5,5
68683,83,84,-1,1
68684,168,167,1,1
68685,97,99,-2,2
68686,88,89,-1,1
68687,54,57,-3,3
68688,142,124,18,18
68689,152,144,8,8
68690,75,86,-11,11
68691,73,74,-1,1
68692,170,183,-13,13
68693,82,82,0,0
68694,103,112,-9,9
68695,135,127,8,8
68696,98,100,-2,2
68697,190,182,8,8
68698,110,94,16,16
68699,56,64,-8,8
68700,160,148,12,12
68701,86,102,-16,16
68702,105,107,-2,2
68703,42,43,-1,1
68704,148,160,-12,12
68705,78,72,6,6
68706,108,113,-5,5
68707,81,80,1,1
68708,135,133,2,2
68709,84,93,-9,9
68710,115,111,4,4
68711,124,120,4,4
68712,67,77,-10,10
68713,97,96,1,1
68714,90,89,1,1
68715,158,152,6,6
68716,162,156,6,6
68717,165,166,-1,1
68718,76,77,-1,1
68719,174,176,-2,2
68720,125,121,4,4
68721,155,154,1,1
68722,80,89,-9,9
68723,150,158,-8,8
68724,54,50,4,4
68725,119,108,11,11
68726,83,76,7,7
68727,56,62,-6,6
68728,69,79,-10,10
68729,94,99,-5,5
68730,103,112,-9,9
68731,120,115,5,5
68732,119,130,-11,11
68733,92,92,0,0
68734,102,101,1,1
68735,75,75,0,0
68736,64,63,1,1
68737,175,166,9,9
68738,66,65,1,1
68739,69,68,1,1
68740,66,64,2,2
68741,42,47,-5,5
68742,222,218,4,4
68743,161,160,1,1
68744,139,124,15,15
68745,88,90,-2,2
68746,81,74,7,7
68747,160,166,-6,6
68748,100,105,-5,5
68749,64,71,-7,7
68750,26,38,-12,12
68751,126,123,3,3
68752,49,48,1,1
68753,101,103,-2,2
68754,78,74,4,4
68755,82,84,-2,2
68756,68,67,1,1
68757,90,92,-2,2
68758,78,76,2,2
68759,114,119,-5,5
68760,160,154,6,6
68761,108,107,1,1
68762,93,95,-2,2
68763,52,51,1,1
68764,142,137,5,5
68765,151,160,-9,9
68766,118,123,-5,5
68767,90,88,2,2
68768,103,95,8,8
68769,126,122,4,4
68770,121,122,-1,1
68771,111,117,-6,6
68772,87,87,0,0
68773,48,52,-4,4
68774,86,74,12,12
68775,60,101,-41,41
68776,162,144,18,18
68777,98,89,9,9
68778,134,133,1,1
68779,147,148,-1,1
68780,113,118,-5,5
68781,79,76,3,3
68782,76,71,5,5
68783,72,82,-10,10
68784,59,66,-7,7
68785,151,145,6,6
68786,114,110,4,4
68787,71,77,-6,6
68788,146,145,1,1
68789,83,83,0,0
68790,65,65,0,0
68791,60,55,5,5
68792,113,100,13,13
68793,146,136,10,10
68794,103,111,-8,8
68795,123,115,8,8
68796,59,63,-4,4
68797,158,141,17,17
68798,114,103,11,11
68799,133,124,9,9
68800,151,145,6,6
68801,41,42,-1,1
68802,80,79,1,1
68803,71,66,5,5
68804,88,90,-2,2
68805,94,108,-14,14
68806,41,54,-13,13
68807,129,146,-17,17
68808,126,122,4,4
68809,132,115,17,17
68810,38,51,-13,13
68811,81,84,-3,3
68812,97,100,-3,3
68813,99,99,0,0
68814,159,159,0,0
68815,113,121,-8,8
68816,42,51,-9,9
68817,176,164,12,12
68818,96,86,10,10
68819,122,124,-2,2
68820,134,140,-6,6
68821,63,65,-2,2
68822,81,77,4,4
68823,94,100,-6,6
68824,122,118,4,4
68825,99,88,11,11
68826,103,110,-7,7
68827,77,100,-23,23
68828,90,99,-9,9
68829,139,124,15,15
68830,74,83,-9,9
68831,83,84,-1,1
68832,84,86,-2,2
68833,108,102,6,6
68834,80,87,-7,7
68835,117,119,-2,2
68836,81,78,3,3
68837,73,74,-1,1
68838,146,141,5,5
68839,83,86,-3,3
68840,71,70,1,1
68841,99,110,-11,11
68842,52,53,-1,1
68843,97,107,-10,10
68844,80,75,5,5
68845,112,112,0,0
68846,57,67,-10,10
68847,105,106,-1,1
68848,145,151,-6,6
68849,104,93,11,11
68850,94,88,6,6
68851,109,114,-5,5
68852,73,73,0,0
68853,54,58,-4,4
68854,99,93,6,6
68855,204,195,9,9
68856,42,49,-7,7
68857,40,41,-1,1
68858,61,54,7,7
68859,98,101,-3,3
68860,88,94,-6,6
68861,107,119,-12,12
68862,101,103,-2,2
68863,156,150,6,6
68864,43,49,-6,6
68865,85,81,4,4
68866,130,123,7,7
68867,49,59,-10,10
68868,82,81,1,1
68869,105,106,-1,1
68870,141,159,-18,18
68871,124,129,-5,5
68872,149,168,-19,19
68873,61,56,5,5
68874,163,165,-2,2
68875,94,99,-5,5
68876,64,71,-7,7
68877,129,145,-16,16
68878,71,77,-6,6
68879,95,104,-9,9
68880,106,114,-8,8
68881,103,83,20,20
68882,81,77,4,4
68883,89,81,8,8
68884,144,137,7,7
68885,64,71,-7,7
68886,37,124,-87,87
68887,87,78,9,9
68888,34,37,-3,3
68889,94,96,-2,2
68890,84,89,-5,5
68891,76,73,3,3
68892,79,75,4,4
68893,96,107,-11,11
68894,99,96,3,3
68895,102,103,-1,1
68896,66,64,2,2
68897,96,85,11,11
68898,75,77,-2,2
68899,98,89,9,9
68900,75,72,3,3
68901,106,100,6,6
68902,85,84,1,1
68903,104,119,-15,15
68904,83,88,-5,5
68905,92,95,-3,3
68906,110,126,-16,16
68907,89,107,-18,18
68908,148,142,6,6
68909,105,104,1,1
68910,90,84,6,6
68911,42,56,-14,14
68912,102,104,-2,2
68913,142,138,4,4
68914,122,123,-1,1
68915,109,99,10,10
68916,101,108,-7,7
68917,89,99,-10,10
68918,118,121,-3,3
68919,146,139,7,7
68920,100,106,-6,6
68921,99,95,4,4
68922,62,60,2,2
68923,84,76,8,8
68924,62,72,-10,10
68925,190,176,14,14
68926,105,112,-7,7
68927,101,95,6,6
68928,69,78,-9,9
68929,105,104,1,1
68930,135,136,-1,1
68931,162,170,-8,8
68932,96,97,-1,1
68933,80,73,7,7
68934,83,86,-3,3
68935,133,133,0,0
68936,77,74,3,3
68937,130,126,4,4
68938,143,162,-19,19
68939,83,87,-4,4
68940,77,80,-3,3
68941,148,144,4,4
68942,88,82,6,6
68943,47,44,3,3
68944,66,57,9,9
68945,54,66,-12,12
68946,97,94,3,3
68947,80,86,-6,6
68948,51,68,-17,17
68949,122,129,-7,7
68950,134,122,12,12
68951,152,153,-1,1
68952,96,103,-7,7
68953,75,81,-6,6
68954,143,145,-2,2
68955,164,165,-1,1
68956,99,100,-1,1
68957,149,154,-5,5
68958,126,120,6,6
68959,90,85,5,5
68960,102,105,-3,3
68961,18,33,-15,15
68962,103,140,-37,37
68963,130,125,5,5
68964,67,74,-7,7
68965,69,63,6,6
68966,84,84,0,0
68967,122,127,-5,5
68968,103,99,4,4
68969,65,58,7,7
68970,111,119,-8,8
68971,177,187,-10,10
68972,64,63,1,1
68973,159,164,-5,5
68974,123,130,-7,7
68975,67,68,-1,1
68976,138,149,-11,11
68977,88,96,-8,8
68978,94,110,-16,16
68979,114,106,8,8
68980,81,78,3,3
68981,68,65,3,3
68982,214,204,10,10
68983,145,132,13,13
68984,54,58,-4,4
68985,100,93,7,7
68986,146,145,1,1
68987,213,195,18,18
68988,106,118,-12,12
68989,57,51,6,6
68990,128,128,0,0
68991,97,99,-2,2
68992,90,100,-10,10
68993,102,98,4,4
68994,153,140,13,13
68995,84,82,2,2
68996,27,34,-7,7
68997,51,49,2,2
68998,73,77,-4,4
68999,86,82,4,4
69000,77,74,3,3
69001,154,142,12,12
69002,107,103,4,4
69003,173,172,1,1
69004,80,81,-1,1
69005,92,93,-1,1
69006,86,84,2,2
69007,70,71,-1,1
69008,116,125,-9,9
69009,79,78,1,1
69010,101,100,1,1
69011,138,135,3,3
69012,125,112,13,13
69013,65,66,-1,1
69014,82,87,-5,5
69015,88,94,-6,6
69016,40,51,-11,11
69017,104,106,-2,2
69018,111,113,-2,2
69019,81,81,0,0
69020,67,80,-13,13
69021,91,100,-9,9
69022,135,135,0,0
69023,155,170,-15,15
69024,89,83,6,6
69025,58,70,-12,12
69026,137,134,3,3
69027,69,68,1,1
69028,84,84,0,0
69029,110,94,16,16
69030,68,96,-28,28
69031,126,116,10,10
69032,185,151,34,34
69033,64,56,8,8
69034,119,115,4,4
69035,133,131,2,2
69036,96,91,5,5
69037,54,55,-1,1
69038,90,88,2,2
69039,75,71,4,4
69040,123,129,-6,6
69041,91,94,-3,3
69042,114,115,-1,1
69043,49,80,-31,31
69044,119,113,6,6
69045,78,74,4,4
69046,105,103,2,2
69047,113,116,-3,3
69048,75,72,3,3
69049,162,163,-1,1
69050,62,61,1,1
69051,93,80,13,13
69052,67,66,1,1
69053,118,121,-3,3
69054,76,75,1,1
69055,132,126,6,6
69056,43,44,-1,1
69057,69,76,-7,7
69058,99,103,-4,4
69059,81,76,5,5
69060,103,102,1,1
69061,87,79,8,8
69062,88,81,7,7
69063,92,90,2,2
69064,102,93,9,9
69065,53,55,-2,2
69066,80,79,1,1
69067,86,77,9,9
69068,107,113,-6,6
69069,165,173,-8,8
69070,43,48,-5,5
69071,84,78,6,6
69072,129,130,-1,1
69073,135,136,-1,1
69074,32,61,-29,29
69075,49,63,-14,14
69076,91,94,-3,3
69077,72,75,-3,3
69078,85,81,4,4
69079,75,81,-6,6
69080,95,116,-21,21
69081,132,126,6,6
69082,98,108,-10,10
69083,34,36,-2,2
69084,114,114,0,0
69085,104,99,5,5
69086,111,104,7,7
69087,59,55,4,4
69088,38,48,-10,10
69089,45,46,-1,1
69090,160,176,-16,16
69091,87,86,1,1
69092,78,88,-10,10
69093,180,150,30,30
69094,112,120,-8,8
69095,99,105,-6,6
69096,77,82,-5,5
69097,64,82,-18,18
69098,93,78,15,15
69099,135,157,-22,22
69100,80,80,0,0
69101,105,92,13,13
69102,93,95,-2,2
69103,97,103,-6,6
69104,93,104,-11,11
69105,126,109,17,17
69106,100,95,5,5
69107,93,92,1,1
69108,116,120,-4,4
69109,89,89,0,0
69110,72,88,-16,16
69111,158,144,14,14
69112,107,93,14,14
69113,57,61,-4,4
69114,95,105,-10,10
69115,199,193,6,6
69116,98,98,0,0
69117,50,51,-1,1
69118,72,70,2,2
69119,86,79,7,7
69120,36,49,-13,13
69121,77,65,12,12
69122,144,148,-4,4
69123,101,120,-19,19
69124,141,144,-3,3
69125,136,131,5,5
69126,81,76,5,5
69127,96,119,-23,23
69128,92,93,-1,1
69129,37,45,-8,8
69130,117,122,-5,5
69131,96,93,3,3
69132,120,139,-19,19
69133,58,61,-3,3
69134,147,129,18,18
69135,60,65,-5,5
69136,85,82,3,3
69137,71,65,6,6
69138,74,68,6,6
69139,98,101,-3,3
69140,59,58,1,1
69141,77,80,-3,3
69142,77,83,-6,6
69143,76,78,-2,2
69144,52,57,-5,5
69145,116,113,3,3
69146,78,86,-8,8
69147,74,75,-1,1
69148,124,124,0,0
69149,58,54,4,4
69150,86,82,4,4
69151,132,125,7,7
69152,108,99,9,9
69153,38,42,-4,4
69154,138,142,-4,4
69155,74,73,1,1
69156,73,76,-3,3
69157,95,81,14,14
69158,129,139,-10,10
69159,102,93,9,9
69160,112,109,3,3
69161,141,142,-1,1
69162,76,74,2,2
69163,142,141,1,1
69164,72,72,0,0
69165,163,160,3,3
69166,122,120,2,2
69167,44,43,1,1
69168,104,102,2,2
69169,72,82,-10,10
69170,60,55,5,5
69171,69,66,3,3
69172,113,107,6,6
69173,89,90,-1,1
69174,42,45,-3,3
69175,146,145,1,1
69176,147,128,19,19
69177,132,149,-17,17
69178,107,101,6,6
69179,77,83,-6,6
69180,102,102,0,0
69181,153,139,14,14
69182,56,79,-23,23
69183,105,112,-7,7
69184,129,129,0,0
69185,99,93,6,6
69186,55,58,-3,3
69187,102,115,-13,13
69188,102,95,7,7
69189,111,114,-3,3
69190,123,129,-6,6
69191,62,66,-4,4
69192,152,169,-17,17
69193,89,83,6,6
69194,94,88,6,6
69195,35,51,-16,16
69196,94,92,2,2
69197,110,119,-9,9
69198,175,178,-3,3
69199,105,99,6,6
69200,42,48,-6,6
69201,152,146,6,6
69202,149,141,8,8
69203,207,190,17,17
69204,152,160,-8,8
69205,88,98,-10,10
69206,94,92,2,2
69207,76,69,7,7
69208,84,86,-2,2
69209,87,84,3,3
69210,59,49,10,10
69211,112,110,2,2
69212,110,103,7,7
69213,136,117,19,19
69214,81,94,-13,13
69215,177,164,13,13
69216,120,125,-5,5
69217,86,84,2,2
69218,57,61,-4,4
69219,100,82,18,18
69220,134,132,2,2
69221,75,72,3,3
69222,88,85,3,3
69223,82,90,-8,8
69224,54,60,-6,6
69225,74,71,3,3
69226,50,53,-3,3
69227,125,117,8,8
69228,85,89,-4,4
69229,148,148,0,0
69230,88,91,-3,3
69231,58,71,-13,13
69232,124,109,15,15
69233,129,131,-2,2
69234,100,97,3,3
69235,76,76,0,0
69236,86,80,6,6
69237,57,68,-11,11
69238,84,83,1,1
69239,103,95,8,8
69240,87,86,1,1
69241,114,120,-6,6
69242,58,62,-4,4
69243,100,94,6,6
69244,92,100,-8,8
69245,78,82,-4,4
69246,73,86,-13,13
69247,73,68,5,5
69248,106,108,-2,2
69249,135,136,-1,1
69250,95,112,-17,17
69251,75,81,-6,6
69252,116,127,-11,11
69253,58,56,2,2
69254,135,128,7,7
69255,75,76,-1,1
69256,51,56,-5,5
69257,69,71,-2,2
69258,97,112,-15,15
69259,73,77,-4,4
69260,91,97,-6,6
69261,156,154,2,2
69262,67,72,-5,5
69263,77,75,2,2
69264,133,140,-7,7
69265,129,149,-20,20
69266,110,108,2,2
69267,121,137,-16,16
69268,150,148,2,2
69269,89,88,1,1
69270,71,77,-6,6
69271,119,110,9,9
69272,70,79,-9,9
69273,121,130,-9,9
69274,116,122,-6,6
69275,123,132,-9,9
69276,95,89,6,6
69277,70,66,4,4
69278,111,94,17,17
69279,113,110,3,3
69280,92,79,13,13
69281,52,59,-7,7
69282,114,115,-1,1
69283,106,106,0,0
69284,102,118,-16,16
69285,72,82,-10,10
69286,134,122,12,12
69287,101,99,2,2
69288,134,123,11,11
69289,111,115,-4,4
69290,99,98,1,1
69291,98,93,5,5
69292,94,98,-4,4
69293,44,47,-3,3
69294,92,97,-5,5
69295,81,79,2,2
69296,74,76,-2,2
69297,51,48,3,3
69298,135,135,0,0
69299,34,41,-7,7
69300,151,154,-3,3
69301,64,64,0,0
69302,105,113,-8,8
69303,117,102,15,15
69304,88,90,-2,2
69305,100,104,-4,4
69306,88,85,3,3
69307,84,86,-2,2
69308,189,189,0,0
69309,45,50,-5,5
69310,64,67,-3,3
69311,94,93,1,1
69312,199,189,10,10
69313,80,74,6,6
69314,105,109,-4,4
69315,112,111,1,1
69316,59,42,17,17
69317,54,60,-6,6
69318,123,117,6,6
69319,59,61,-2,2
69320,186,180,6,6
69321,110,114,-4,4
69322,117,112,5,5
69323,82,82,0,0
69324,202,179,23,23
69325,129,116,13,13
69326,91,94,-3,3
69327,131,112,19,19
69328,117,110,7,7
69329,82,74,8,8
69330,78,86,-8,8
69331,129,128,1,1
69332,46,40,6,6
69333,122,128,-6,6
69334,124,117,7,7
69335,186,199,-13,13
69336,103,103,0,0
69337,112,121,-9,9
69338,135,142,-7,7
69339,68,72,-4,4
69340,110,113,-3,3
69341,57,57,0,0
69342,144,143,1,1
69343,115,102,13,13
69344,143,140,3,3
69345,75,83,-8,8
69346,69,64,5,5
69347,140,129,11,11
69348,93,101,-8,8
69349,74,74,0,0
69350,165,166,-1,1
69351,77,82,-5,5
69352,57,59,-2,2
69353,87,102,-15,15
69354,123,127,-4,4
69355,78,85,-7,7
69356,120,126,-6,6
69357,100,99,1,1
69358,112,116,-4,4
69359,87,92,-5,5
69360,98,85,13,13
69361,106,104,2,2
69362,91,98,-7,7
69363,107,111,-4,4
69364,67,63,4,4
69365,125,124,1,1
69366,61,53,8,8
69367,96,101,-5,5
69368,73,73,0,0
69369,70,71,-1,1
69370,89,83,6,6
69371,114,113,1,1
69372,74,80,-6,6
69373,133,117,16,16
69374,107,114,-7,7
69375,91,90,1,1
69376,83,76,7,7
69377,76,72,4,4
69378,75,83,-8,8
69379,83,81,2,2
69380,62,63,-1,1
69381,71,81,-10,10
69382,40,41,-1,1
69383,131,124,7,7
69384,138,144,-6,6
69385,43,51,-8,8
69386,76,83,-7,7
69387,128,157,-29,29
69388,62,63,-1,1
69389,128,123,5,5
69390,79,86,-7,7
69391,140,132,8,8
69392,94,104,-10,10
69393,96,98,-2,2
69394,43,45,-2,2
69395,159,154,5,5
69396,62,57,5,5
69397,131,125,6,6
69398,65,65,0,0
69399,63,70,-7,7
69400,116,128,-12,12
69401,65,81,-16,16
69402,70,65,5,5
69403,56,58,-2,2
69404,95,96,-1,1
69405,120,115,5,5
69406,93,100,-7,7
69407,92,91,1,1
69408,101,92,9,9
69409,106,111,-5,5
69410,151,145,6,6
69411,98,95,3,3
69412,63,64,-1,1
69413,120,125,-5,5
69414,93,91,2,2
69415,89,87,2,2
69416,47,51,-4,4
69417,92,95,-3,3
69418,95,87,8,8
69419,90,82,8,8
69420,116,110,6,6
69421,88,88,0,0
69422,107,117,-10,10
69423,168,185,-17,17
69424,49,48,1,1
69425,111,106,5,5
69426,76,80,-4,4
69427,89,89,0,0
69428,72,74,-2,2
69429,131,133,-2,2
69430,61,75,-14,14
69431,106,100,6,6
69432,65,71,-6,6
69433,76,77,-1,1
69434,62,96,-34,34
69435,63,62,1,1
69436,77,75,2,2
69437,120,111,9,9
69438,109,111,-2,2
69439,93,92,1,1
69440,66,64,2,2
69441,72,65,7,7
69442,94,87,7,7
69443,143,129,14,14
69444,75,78,-3,3
69445,99,101,-2,2
69446,112,118,-6,6
69447,66,71,-5,5
69448,72,66,6,6
69449,46,56,-10,10
69450,100,102,-2,2
69451,89,82,7,7
69452,101,100,1,1
69453,63,59,4,4
69454,108,109,-1,1
69455,89,93,-4,4
69456,101,101,0,0
69457,94,93,1,1
69458,73,76,-3,3
69459,148,124,24,24
69460,142,140,2,2
69461,92,91,1,1
69462,151,146,5,5
69463,119,118,1,1
69464,61,64,-3,3
69465,124,129,-5,5
69466,46,55,-9,9
69467,67,77,-10,10
69468,46,62,-16,16
69469,81,75,6,6
69470,104,111,-7,7
69471,47,48,-1,1
69472,88,89,-1,1
69473,115,86,29,29
69474,92,111,-19,19
69475,100,85,15,15
69476,141,139,2,2
69477,107,107,0,0
69478,127,116,11,11
69479,117,127,-10,10
69480,72,72,0,0
69481,81,86,-5,5
69482,100,131,-31,31
69483,84,104,-20,20
69484,70,65,5,5
69485,152,144,8,8
69486,32,40,-8,8
69487,121,124,-3,3
69488,69,71,-2,2
69489,63,65,-2,2
69490,76,77,-1,1
69491,81,86,-5,5
69492,106,103,3,3
69493,69,76,-7,7
69494,54,57,-3,3
69495,92,88,4,4
69496,61,65,-4,4
69497,141,131,10,10
69498,78,76,2,2
69499,124,147,-23,23
69500,94,94,0,0
69501,66,72,-6,6
69502,156,162,-6,6
69503,80,101,-21,21
69504,84,88,-4,4
69505,161,164,-3,3
69506,106,99,7,7
69507,98,98,0,0
69508,108,107,1,1
69509,109,103,6,6
69510,85,82,3,3
69511,74,82,-8,8
69512,74,74,0,0
69513,88,99,-11,11
69514,128,124,4,4
69515,93,90,3,3
69516,140,141,-1,1
69517,109,108,1,1
69518,58,56,2,2
69519,73,63,10,10
69520,86,87,-1,1
69521,94,94,0,0
69522,332,334,-2,2
69523,112,105,7,7
69524,48,47,1,1
69525,73,78,-5,5
69526,116,117,-1,1
69527,105,91,14,14
69528,65,65,0,0
69529,108,106,2,2
69530,83,95,-12,12
69531,81,88,-7,7
69532,155,167,-12,12
69533,110,100,10,10
69534,120,112,8,8
69535,92,84,8,8
69536,152,142,10,10
69537,131,138,-7,7
69538,48,64,-16,16
69539,68,66,2,2
69540,74,72,2,2
69541,86,99,-13,13
69542,148,160,-12,12
69543,188,184,4,4
69544,79,88,-9,9
69545,125,121,4,4
69546,95,82,13,13
69547,63,61,2,2
69548,78,74,4,4
69549,116,121,-5,5
69550,83,85,-2,2
69551,68,71,-3,3
69552,104,120,-16,16
69553,107,105,2,2
69554,93,86,7,7
69555,115,116,-1,1
69556,105,87,18,18
69557,76,96,-20,20
69558,129,122,7,7
69559,53,50,3,3
69560,78,90,-12,12
69561,108,106,2,2
69562,39,44,-5,5
69563,81,76,5,5
69564,122,128,-6,6
69565,74,72,2,2
69566,63,66,-3,3
69567,115,113,2,2
69568,119,126,-7,7
69569,130,131,-1,1
69570,103,129,-26,26
69571,107,112,-5,5
69572,69,78,-9,9
69573,130,123,7,7
69574,98,116,-18,18
69575,126,116,10,10
69576,119,106,13,13
69577,86,92,-6,6
69578,211,207,4,4
69579,82,83,-1,1
69580,64,60,4,4
69581,96,75,21,21
69582,63,64,-1,1
69583,102,105,-3,3
69584,119,128,-9,9
69585,82,90,-8,8
69586,119,114,5,5
69587,64,63,1,1
69588,48,46,2,2
69589,140,136,4,4
69590,112,105,7,7
69591,93,108,-15,15
69592,88,90,-2,2
69593,93,91,2,2
69594,60,57,3,3
69595,66,70,-4,4
69596,48,48,0,0
69597,101,92,9,9
69598,54,57,-3,3
69599,99,90,9,9
69600,81,80,1,1
69601,155,147,8,8
69602,80,81,-1,1
69603,69,72,-3,3
69604,65,77,-12,12
69605,81,91,-10,10
69606,100,105,-5,5
69607,89,98,-9,9
69608,86,90,-4,4
69609,107,115,-8,8
69610,61,65,-4,4
69611,59,55,4,4
69612,51,59,-8,8
69613,147,151,-4,4
69614,127,117,10,10
69615,130,138,-8,8
69616,53,49,4,4
69617,117,98,19,19
69618,132,131,1,1
69619,119,118,1,1
69620,107,94,13,13
69621,79,94,-15,15
69622,157,158,-1,1
69623,125,111,14,14
69624,60,63,-3,3
69625,79,69,10,10
69626,80,86,-6,6
69627,151,136,15,15
69628,109,101,8,8
69629,64,64,0,0
69630,111,100,11,11
69631,44,54,-10,10
69632,95,85,10,10
69633,137,130,7,7
69634,121,102,19,19
69635,51,59,-8,8
69636,53,62,-9,9
69637,93,91,2,2
69638,91,98,-7,7
69639,125,117,8,8
69640,59,60,-1,1
69641,63,62,1,1
69642,111,97,14,14
69643,117,123,-6,6
69644,74,75,-1,1
69645,117,120,-3,3
69646,65,62,3,3
69647,100,90,10,10
69648,227,228,-1,1
69649,145,175,-30,30
69650,82,87,-5,5
69651,93,78,15,15
69652,120,135,-15,15
69653,122,114,8,8
69654,121,117,4,4
69655,106,89,17,17
69656,95,104,-9,9
69657,71,71,0,0
69658,64,72,-8,8
69659,103,106,-3,3
69660,66,79,-13,13
69661,60,64,-4,4
69662,85,85,0,0
69663,110,111,-1,1
69664,109,111,-2,2
69665,80,95,-15,15
69666,80,71,9,9
69667,147,153,-6,6
69668,107,116,-9,9
69669,61,60,1,1
69670,163,164,-1,1
69671,60,61,-1,1
69672,85,84,1,1
69673,152,157,-5,5
69674,90,90,0,0
69675,81,79,2,2
69676,76,71,5,5
69677,95,91,4,4
69678,70,70,0,0
69679,101,97,4,4
69680,65,61,4,4
69681,78,89,-11,11
69682,94,98,-4,4
69683,69,71,-2,2
69684,161,166,-5,5
69685,97,102,-5,5
69686,66,74,-8,8
69687,171,160,11,11
69688,93,84,9,9
69689,98,91,7,7
69690,101,107,-6,6
69691,97,100,-3,3
69692,74,81,-7,7
69693,88,75,13,13
69694,184,189,-5,5
69695,74,79,-5,5
69696,65,74,-9,9
69697,193,183,10,10
69698,103,97,6,6
69699,57,61,-4,4
69700,113,136,-23,23
69701,145,176,-31,31
69702,60,63,-3,3
69703,128,141,-13,13
69704,89,88,1,1
69705,80,83,-3,3
69706,79,72,7,7
69707,114,110,4,4
69708,200,199,1,1
69709,133,131,2,2
69710,114,108,6,6
69711,125,120,5,5
69712,82,80,2,2
69713,90,82,8,8
69714,95,91,4,4
69715,140,147,-7,7
69716,96,104,-8,8
69717,186,182,4,4
69718,89,100,-11,11
69719,57,57,0,0
69720,76,78,-2,2
69721,64,63,1,1
69722,138,132,6,6
69723,97,90,7,7
69724,95,108,-13,13
69725,157,160,-3,3
69726,76,71,5,5
69727,77,83,-6,6
69728,110,111,-1,1
69729,191,181,10,10
69730,70,78,-8,8
69731,100,117,-17,17
69732,98,102,-4,4
69733,64,67,-3,3
69734,106,103,3,3
69735,95,97,-2,2
69736,70,78,-8,8
69737,132,120,12,12
69738,43,38,5,5
69739,177,169,8,8
69740,59,59,0,0
69741,42,49,-7,7
69742,40,39,1,1
69743,82,52,30,30
69744,79,87,-8,8
69745,62,74,-12,12
69746,108,102,6,6
69747,103,113,-10,10
69748,92,89,3,3
69749,63,65,-2,2
69750,65,66,-1,1
69751,144,148,-4,4
69752,92,91,1,1
69753,129,131,-2,2
69754,137,142,-5,5
69755,122,129,-7,7
69756,48,64,-16,16
69757,85,70,15,15
69758,90,97,-7,7
69759,82,72,10,10
69760,112,107,5,5
69761,85,85,0,0
69762,91,83,8,8
69763,78,82,-4,4
69764,69,71,-2,2
69765,121,114,7,7
69766,68,72,-4,4
69767,131,133,-2,2
69768,89,89,0,0
69769,93,91,2,2
69770,54,49,5,5
69771,136,138,-2,2
69772,35,73,-38,38
69773,178,165,13,13
69774,105,102,3,3
69775,145,148,-3,3
69776,75,85,-10,10
69777,117,107,10,10
69778,63,62,1,1
69779,132,132,0,0
69780,100,100,0,0
69781,67,66,1,1
69782,47,53,-6,6
69783,128,119,9,9
69784,119,129,-10,10
69785,119,123,-4,4
69786,93,79,14,14
69787,121,123,-2,2
69788,79,73,6,6
69789,166,162,4,4
69790,87,81,6,6
69791,85,89,-4,4
69792,80,80,0,0
69793,68,70,-2,2
69794,131,138,-7,7
69795,124,121,3,3
69796,146,153,-7,7
69797,71,66,5,5
69798,89,98,-9,9
69799,60,66,-6,6
69800,64,62,2,2
69801,63,75,-12,12
69802,61,62,-1,1
69803,119,108,11,11
69804,83,87,-4,4
69805,96,98,-2,2
69806,116,137,-21,21
69807,122,119,3,3
69808,102,95,7,7
69809,85,89,-4,4
69810,129,136,-7,7
69811,109,102,7,7
69812,41,42,-1,1
69813,95,101,-6,6
69814,131,109,22,22
69815,98,77,21,21
69816,105,99,6,6
69817,35,48,-13,13
69818,65,64,1,1
69819,69,65,4,4
69820,72,71,1,1
69821,101,104,-3,3
69822,86,84,2,2
69823,103,107,-4,4
69824,110,99,11,11
69825,77,67,10,10
69826,98,76,22,22
69827,107,104,3,3
69828,72,79,-7,7
69829,109,111,-2,2
69830,68,63,5,5
69831,64,60,4,4
69832,158,157,1,1
69833,112,120,-8,8
69834,71,84,-13,13
69835,119,116,3,3
69836,63,64,-1,1
69837,66,65,1,1
69838,90,86,4,4
69839,114,121,-7,7
69840,81,84,-3,3
69841,136,128,8,8
69842,92,90,2,2
69843,46,62,-16,16
69844,48,51,-3,3
69845,99,89,10,10
69846,63,71,-8,8
69847,113,113,0,0
69848,77,81,-4,4
69849,95,107,-12,12
69850,95,95,0,0
69851,92,96,-4,4
69852,77,75,2,2
69853,108,107,1,1
69854,80,79,1,1
69855,106,106,0,0
69856,193,193,0,0
69857,138,127,11,11
69858,146,148,-2,2
69859,146,152,-6,6
69860,121,112,9,9
69861,134,123,11,11
69862,92,94,-2,2
69863,109,106,3,3
69864,94,100,-6,6
69865,96,106,-10,10
69866,105,121,-16,16
69867,124,129,-5,5
69868,101,97,4,4
69869,63,73,-10,10
69870,91,96,-5,5
69871,75,84,-9,9
69872,89,102,-13,13
69873,134,134,0,0
69874,130,128,2,2
69875,71,82,-11,11
69876,152,154,-2,2
69877,79,64,15,15
69878,82,72,10,10
69879,80,91,-11,11
69880,51,56,-5,5
69881,134,132,2,2
69882,120,107,13,13
69883,88,85,3,3
69884,66,74,-8,8
69885,40,49,-9,9
69886,81,74,7,7
69887,125,117,8,8
69888,57,59,-2,2
69889,127,121,6,6
69890,70,63,7,7
69891,144,102,42,42
69892,100,111,-11,11
69893,190,176,14,14
69894,79,81,-2,2
69895,95,74,21,21
69896,86,74,12,12
69897,75,61,14,14
69898,108,102,6,6
69899,74,74,0,0
69900,110,122,-12,12
69901,121,115,6,6
69902,75,78,-3,3
69903,193,176,17,17
69904,102,99,3,3
69905,83,86,-3,3
69906,161,164,-3,3
69907,43,56,-13,13
69908,157,183,-26,26
69909,152,163,-11,11
69910,166,158,8,8
69911,61,59,2,2
69912,123,121,2,2
69913,77,66,11,11
69914,76,71,5,5
69915,103,110,-7,7
69916,73,72,1,1
69917,94,96,-2,2
69918,71,77,-6,6
69919,69,81,-12,12
69920,46,46,0,0
69921,59,60,-1,1
69922,109,103,6,6
69923,166,175,-9,9
69924,65,64,1,1
69925,97,92,5,5
69926,170,162,8,8
69927,76,79,-3,3
69928,79,79,0,0
69929,84,90,-6,6
69930,36,36,0,0
69931,149,151,-2,2
69932,61,58,3,3
69933,109,111,-2,2
69934,160,144,16,16
69935,96,91,5,5
69936,139,144,-5,5
69937,59,60,-1,1
69938,52,43,9,9
69939,148,141,7,7
69940,90,73,17,17
69941,68,61,7,7
69942,60,63,-3,3
69943,110,111,-1,1
69944,80,100,-20,20
69945,37,40,-3,3
69946,75,88,-13,13
69947,62,71,-9,9
69948,66,66,0,0
69949,99,108,-9,9
69950,105,105,0,0
69951,165,154,11,11
69952,164,162,2,2
69953,93,93,0,0
69954,58,76,-18,18
69955,93,90,3,3
69956,37,42,-5,5
69957,68,72,-4,4
69958,122,128,-6,6
69959,36,39,-3,3
69960,109,110,-1,1
69961,111,108,3,3
69962,39,44,-5,5
69963,139,135,4,4
69964,109,113,-4,4
69965,169,169,0,0
69966,138,139,-1,1
69967,104,123,-19,19
69968,170,187,-17,17
69969,66,70,-4,4
69970,154,156,-2,2
69971,46,51,-5,5
69972,136,127,9,9
69973,81,79,2,2
69974,390,344,46,46
69975,88,86,2,2
69976,66,77,-11,11
69977,69,70,-1,1
69978,48,53,-5,5
69979,136,128,8,8
69980,85,86,-1,1
69981,73,72,1,1
69982,128,141,-13,13
69983,90,100,-10,10
69984,105,107,-2,2
69985,127,123,4,4
69986,102,105,-3,3
69987,111,109,2,2
69988,110,99,11,11
69989,92,88,4,4
69990,66,106,-40,40
69991,103,101,2,2
69992,111,104,7,7
69993,120,120,0,0
69994,96,102,-6,6
69995,141,140,1,1
69996,89,103,-14,14
69997,66,67,-1,1
69998,95,84,11,11
69999,83,90,-7,7
70000,62,61,1,1
70001,136,140,-4,4
70002,99,97,2,2
70003,78,73,5,5
70004,79,87,-8,8
70005,86,79,7,7
70006,70,71,-1,1
70007,128,130,-2,2
70008,100,80,20,20
70009,116,103,13,13
70010,165,184,-19,19
70011,125,124,1,1
70012,63,71,-8,8
70013,93,102,-9,9
70014,135,124,11,11
70015,61,57,4,4
70016,55,67,-12,12
70017,95,89,6,6
70018,98,97,1,1
70019,54,56,-2,2
70020,85,89,-4,4
70021,96,87,9,9
70022,132,133,-1,1
70023,81,87,-6,6
70024,57,61,-4,4
70025,71,67,4,4
70026,92,93,-1,1
70027,99,86,13,13
70028,87,87,0,0
70029,116,100,16,16
70030,46,52,-6,6
70031,29,26,3,3
70032,163,175,-12,12
70033,110,102,8,8
70034,68,71,-3,3
70035,62,61,1,1
70036,60,54,6,6
70037,91,97,-6,6
70038,35,37,-2,2
70039,61,66,-5,5
70040,101,87,14,14
70041,135,131,4,4
70042,169,174,-5,5
70043,122,116,6,6
70044,182,178,4,4
70045,86,91,-5,5
70046,121,115,6,6
70047,65,61,4,4
70048,84,85,-1,1
70049,98,90,8,8
70050,61,65,-4,4
70051,71,84,-13,13
70052,54,59,-5,5
70053,130,119,11,11
70054,47,52,-5,5
70055,78,75,3,3
70056,83,74,9,9
70057,119,110,9,9
70058,86,80,6,6
70059,92,96,-4,4
70060,76,75,1,1
70061,80,86,-6,6
70062,103,95,8,8
70063,113,112,1,1
70064,79,86,-7,7
70065,68,71,-3,3
70066,115,113,2,2
70067,62,66,-4,4
70068,107,121,-14,14
70069,115,108,7,7
70070,138,140,-2,2
70071,115,123,-8,8
70072,117,106,11,11
70073,92,146,-54,54
70074,122,114,8,8
70075,54,58,-4,4
70076,76,80,-4,4
70077,96,95,1,1
70078,57,60,-3,3
70079,108,113,-5,5
70080,104,108,-4,4
70081,107,110,-3,3
70082,66,64,2,2
70083,57,63,-6,6
70084,72,71,1,1
70085,63,95,-32,32
70086,119,125,-6,6
70087,123,116,7,7
70088,86,85,1,1
70089,121,106,15,15
70090,72,65,7,7
70091,70,72,-2,2
70092,84,75,9,9
70093,72,78,-6,6
70094,61,57,4,4
70095,128,117,11,11
70096,90,95,-5,5
70097,138,156,-18,18
70098,80,81,-1,1
70099,134,107,27,27
70100,135,139,-4,4
70101,108,107,1,1
70102,114,107,7,7
70103,87,84,3,3
70104,29,49,-20,20
70105,84,82,2,2
70106,139,143,-4,4
70107,126,118,8,8
70108,61,57,4,4
70109,22,32,-10,10
70110,61,74,-13,13
70111,74,83,-9,9
70112,120,116,4,4
70113,69,71,-2,2
70114,61,69,-8,8
70115,88,94,-6,6
70116,102,109,-7,7
70117,107,107,0,0
70118,103,100,3,3
70119,89,93,-4,4
70120,134,139,-5,5
70121,52,60,-8,8
70122,63,92,-29,29
70123,116,108,8,8
70124,123,141,-18,18
70125,101,95,6,6
70126,58,60,-2,2
70127,95,98,-3,3
70128,66,64,2,2
70129,69,67,2,2
70130,107,102,5,5
70131,118,131,-13,13
70132,155,142,13,13
70133,75,74,1,1
70134,103,97,6,6
70135,81,76,5,5
70136,94,95,-1,1
70137,64,64,0,0
70138,135,132,3,3
70139,116,139,-23,23
70140,213,195,18,18
70141,87,89,-2,2
70142,109,127,-18,18
70143,149,149,0,0
70144,81,95,-14,14
70145,78,78,0,0
70146,62,60,2,2
70147,73,75,-2,2
70148,68,59,9,9
70149,103,86,17,17
70150,121,109,12,12
70151,165,157,8,8
70152,105,101,4,4
70153,71,64,7,7
70154,139,149,-10,10
70155,75,103,-28,28
70156,146,159,-13,13
70157,88,93,-5,5
70158,184,189,-5,5
70159,122,112,10,10
70160,50,78,-28,28
70161,98,100,-2,2
70162,28,75,-47,47
70163,68,62,6,6
70164,34,40,-6,6
70165,88,77,11,11
70166,87,94,-7,7
70167,91,89,2,2
70168,97,95,2,2
70169,93,77,16,16
70170,46,46,0,0
70171,63,62,1,1
70172,54,61,-7,7
70173,68,73,-5,5
70174,100,117,-17,17
70175,51,52,-1,1
70176,92,96,-4,4
70177,111,112,-1,1
70178,66,60,6,6
70179,60,71,-11,11
70180,66,64,2,2
70181,130,112,18,18
70182,125,113,12,12
70183,134,140,-6,6
70184,139,142,-3,3
70185,105,110,-5,5
70186,70,73,-3,3
70187,106,101,5,5
70188,146,133,13,13
70189,144,149,-5,5
70190,108,129,-21,21
70191,77,80,-3,3
70192,99,94,5,5
70193,79,80,-1,1
70194,65,66,-1,1
70195,65,78,-13,13
70196,89,101,-12,12
70197,128,118,10,10
70198,95,121,-26,26
70199,131,148,-17,17
70200,48,46,2,2
70201,127,117,10,10
70202,102,107,-5,5
70203,127,125,2,2
70204,53,58,-5,5
70205,148,136,12,12
70206,173,162,11,11
70207,110,107,3,3
70208,61,62,-1,1
70209,65,65,0,0
70210,83,78,5,5
70211,125,128,-3,3
70212,94,92,2,2
70213,82,80,2,2
70214,95,90,5,5
70215,48,53,-5,5
70216,112,113,-1,1
70217,74,74,0,0
70218,114,106,8,8
70219,64,71,-7,7
70220,109,103,6,6
70221,163,157,6,6
70222,136,136,0,0
70223,218,203,15,15
70224,114,108,6,6
70225,152,151,1,1
70226,115,119,-4,4
70227,70,76,-6,6
70228,76,75,1,1
70229,101,103,-2,2
70230,122,113,9,9
70231,95,87,8,8
70232,112,145,-33,33
70233,114,118,-4,4
70234,93,92,1,1
70235,56,67,-11,11
70236,110,121,-11,11
70237,97,96,1,1
70238,86,98,-12,12
70239,87,84,3,3
70240,55,67,-12,12
70241,183,205,-22,22
70242,99,101,-2,2
70243,102,101,1,1
70244,113,113,0,0
70245,95,93,2,2
70246,191,177,14,14
70247,82,86,-4,4
70248,55,52,3,3
70249,60,62,-2,2
70250,81,72,9,9
70251,87,87,0,0
70252,142,147,-5,5
70253,97,84,13,13
70254,116,102,14,14
70255,73,72,1,1
70256,87,92,-5,5
70257,102,94,8,8
70258,57,61,-4,4
70259,56,61,-5,5
70260,193,169,24,24
70261,99,101,-2,2
70262,61,66,-5,5
70263,90,88,2,2
70264,129,138,-9,9
70265,86,88,-2,2
70266,68,77,-9,9
70267,106,95,11,11
70268,101,111,-10,10
70269,139,132,7,7
70270,97,107,-10,10
70271,79,89,-10,10
70272,54,58,-4,4
70273,47,54,-7,7
70274,119,111,8,8
70275,93,90,3,3
70276,70,70,0,0
70277,109,110,-1,1
70278,55,71,-16,16
70279,127,136,-9,9
70280,76,78,-2,2
70281,35,42,-7,7
70282,66,64,2,2
70283,72,72,0,0
70284,91,103,-12,12
70285,128,140,-12,12
70286,123,127,-4,4
70287,129,129,0,0
70288,106,97,9,9
70289,84,92,-8,8
70290,99,86,13,13
70291,59,55,4,4
70292,54,62,-8,8
70293,120,118,2,2
70294,188,178,10,10
70295,83,81,2,2
70296,146,135,11,11
70297,69,69,0,0
70298,58,59,-1,1
70299,173,157,16,16
70300,131,122,9,9
70301,150,145,5,5
70302,115,111,4,4
70303,107,98,9,9
70304,131,137,-6,6
70305,101,102,-1,1
70306,105,92,13,13
70307,104,105,-1,1
70308,138,128,10,10
70309,62,62,0,0
70310,88,94,-6,6
70311,44,45,-1,1
70312,116,121,-5,5
70313,84,82,2,2
70314,80,101,-21,21
70315,112,113,-1,1
70316,85,82,3,3
70317,82,76,6,6
70318,101,105,-4,4
70319,123,127,-4,4
70320,137,131,6,6
70321,112,99,13,13
70322,72,76,-4,4
70323,100,94,6,6
70324,106,97,9,9
70325,64,53,11,11
70326,115,106,9,9
70327,44,51,-7,7
70328,112,112,0,0
70329,113,105,8,8
70330,203,187,16,16
70331,113,107,6,6
70332,154,155,-1,1
70333,88,94,-6,6
70334,88,100,-12,12
70335,56,60,-4,4
70336,116,116,0,0
70337,104,105,-1,1
70338,96,92,4,4
70339,99,101,-2,2
70340,98,107,-9,9
70341,128,139,-11,11
70342,79,81,-2,2
70343,97,107,-10,10
70344,68,75,-7,7
70345,93,83,10,10
70346,99,98,1,1
70347,68,71,-3,3
70348,83,79,4,4
70349,85,90,-5,5
70350,89,99,-10,10
70351,95,92,3,3
70352,133,134,-1,1
70353,86,87,-1,1
70354,94,96,-2,2
70355,63,71,-8,8
70356,134,132,2,2
70357,79,83,-4,4
70358,55,53,2,2
70359,82,86,-4,4
70360,60,65,-5,5
70361,63,72,-9,9
70362,179,169,10,10
70363,127,129,-2,2
70364,65,60,5,5
70365,101,105,-4,4
70366,112,107,5,5
70367,66,65,1,1
70368,104,105,-1,1
70369,80,98,-18,18
70370,84,77,7,7
70371,57,60,-3,3
70372,55,54,1,1
70373,134,134,0,0
70374,125,120,5,5
70375,83,85,-2,2
70376,66,63,3,3
70377,59,82,-23,23
70378,117,119,-2,2
70379,103,126,-23,23
70380,101,93,8,8
70381,128,129,-1,1
70382,92,96,-4,4
70383,167,161,6,6
70384,79,79,0,0
70385,121,117,4,4
70386,85,79,6,6
70387,80,63,17,17
70388,26,36,-10,10
70389,52,57,-5,5
70390,58,66,-8,8
70391,137,136,1,1
70392,48,52,-4,4
70393,138,134,4,4
70394,81,66,15,15
70395,132,131,1,1
70396,111,107,4,4
70397,115,119,-4,4
70398,129,130,-1,1
70399,125,128,-3,3
70400,138,169,-31,31
70401,51,59,-8,8
70402,131,145,-14,14
70403,164,176,-12,12
70404,107,92,15,15
70405,102,104,-2,2
70406,66,70,-4,4
70407,59,59,0,0
70408,60,58,2,2
70409,145,142,3,3
70410,143,143,0,0
70411,121,124,-3,3
70412,98,109,-11,11
70413,107,92,15,15
70414,69,67,2,2
70415,154,159,-5,5
70416,93,96,-3,3
70417,93,96,-3,3
70418,41,38,3,3
70419,103,107,-4,4
70420,81,80,1,1
70421,105,97,8,8
70422,60,56,4,4
70423,90,94,-4,4
70424,76,76,0,0
70425,98,98,0,0
70426,70,70,0,0
70427,49,58,-9,9
70428,113,110,3,3
70429,45,62,-17,17
70430,109,105,4,4
70431,53,58,-5,5
70432,98,86,12,12
70433,70,67,3,3
70434,91,91,0,0
70435,126,121,5,5
70436,68,56,12,12
70437,54,75,-21,21
70438,99,92,7,7
70439,85,87,-2,2
70440,85,80,5,5
70441,93,97,-4,4
70442,69,71,-2,2
70443,59,57,2,2
70444,47,59,-12,12
70445,83,82,1,1
70446,103,112,-9,9
70447,93,82,11,11
70448,125,136,-11,11
70449,97,96,1,1
70450,103,110,-7,7
70451,79,80,-1,1
70452,103,117,-14,14
70453,132,124,8,8
70454,165,174,-9,9
70455,132,132,0,0
70456,88,86,2,2
70457,92,86,6,6
70458,75,73,2,2
70459,108,100,8,8
70460,98,96,2,2
70461,133,156,-23,23
70462,75,67,8,8
70463,187,191,-4,4
70464,123,120,3,3
70465,63,82,-19,19
70466,92,103,-11,11
70467,117,120,-3,3
70468,98,88,10,10
70469,247,228,19,19
70470,98,102,-4,4
70471,102,89,13,13
70472,66,75,-9,9
70473,62,56,6,6
70474,84,86,-2,2
70475,52,49,3,3
70476,107,105,2,2
70477,155,147,8,8
70478,118,120,-2,2
70479,150,155,-5,5
70480,112,108,4,4
70481,106,107,-1,1
70482,61,61,0,0
70483,101,103,-2,2
70484,80,67,13,13
70485,65,82,-17,17
70486,86,84,2,2
70487,74,66,8,8
70488,163,149,14,14
70489,100,102,-2,2
70490,44,50,-6,6
70491,86,73,13,13
70492,119,115,4,4
70493,80,76,4,4
70494,57,64,-7,7
70495,136,127,9,9
70496,113,117,-4,4
70497,75,74,1,1
70498,41,50,-9,9
70499,125,141,-16,16
70500,77,77,0,0
70501,97,90,7,7
70502,159,167,-8,8
70503,43,48,-5,5
70504,47,51,-4,4
70505,53,56,-3,3
70506,141,129,12,12
70507,79,84,-5,5
70508,74,74,0,0
70509,117,118,-1,1
70510,39,47,-8,8
70511,74,79,-5,5
70512,131,136,-5,5
70513,95,96,-1,1
70514,152,141,11,11
70515,80,85,-5,5
70516,125,110,15,15
70517,114,119,-5,5
70518,113,112,1,1
70519,58,67,-9,9
70520,98,90,8,8
70521,135,130,5,5
70522,88,97,-9,9
70523,147,150,-3,3
70524,83,81,2,2
70525,145,146,-1,1
70526,144,149,-5,5
70527,142,133,9,9
70528,65,66,-1,1
70529,59,63,-4,4
70530,116,115,1,1
70531,51,57,-6,6
70532,48,50,-2,2
70533,113,120,-7,7
70534,87,63,24,24
70535,72,78,-6,6
70536,100,98,2,2
70537,66,71,-5,5
70538,106,112,-6,6
70539,128,117,11,11
70540,71,65,6,6
70541,69,78,-9,9
70542,117,133,-16,16
70543,125,125,0,0
70544,105,100,5,5
70545,43,43,0,0
70546,154,162,-8,8
70547,77,81,-4,4
70548,104,106,-2,2
70549,112,112,0,0
70550,84,81,3,3
70551,69,67,2,2
70552,135,128,7,7
70553,130,121,9,9
70554,117,128,-11,11
70555,47,58,-11,11
70556,114,119,-5,5
70557,100,105,-5,5
70558,129,137,-8,8
70559,59,59,0,0
70560,159,154,5,5
70561,61,73,-12,12
70562,51,55,-4,4
70563,92,90,2,2
70564,73,75,-2,2
70565,98,81,17,17
70566,117,115,2,2
70567,100,111,-11,11
70568,54,72,-18,18
70569,76,73,3,3
70570,132,132,0,0
70571,178,144,34,34
70572,91,95,-4,4
70573,127,117,10,10
70574,75,72,3,3
70575,70,72,-2,2
70576,124,125,-1,1
70577,125,129,-4,4
70578,80,83,-3,3
70579,59,61,-2,2
70580,82,91,-9,9
70581,130,133,-3,3
70582,82,89,-7,7
70583,93,84,9,9
70584,82,87,-5,5
70585,160,151,9,9
70586,83,78,5,5
70587,128,115,13,13
70588,123,113,10,10
70589,98,92,6,6
70590,104,91,13,13
70591,109,103,6,6
70592,48,48,0,0
70593,62,61,1,1
70594,63,58,5,5
70595,63,65,-2,2
70596,115,109,6,6
70597,94,89,5,5
70598,94,100,-6,6
70599,91,90,1,1
70600,141,150,-9,9
70601,162,161,1,1
70602,91,95,-4,4
70603,88,91,-3,3
70604,117,129,-12,12
70605,52,52,0,0
70606,57,59,-2,2
70607,106,89,17,17
70608,77,86,-9,9
70609,58,61,-3,3
70610,85,77,8,8
70611,110,104,6,6
70612,74,83,-9,9
70613,97,86,11,11
70614,58,62,-4,4
70615,92,97,-5,5
70616,97,98,-1,1
70617,73,74,-1,1
70618,89,93,-4,4
70619,108,102,6,6
70620,129,122,7,7
70621,83,78,5,5
70622,97,92,5,5
70623,88,87,1,1
70624,88,82,6,6
70625,74,79,-5,5
70626,103,111,-8,8
70627,93,87,6,6
70628,39,44,-5,5
70629,168,158,10,10
70630,102,91,11,11
70631,77,82,-5,5
70632,209,221,-12,12
70633,88,86,2,2
70634,88,95,-7,7
70635,95,99,-4,4
70636,113,105,8,8
70637,109,113,-4,4
70638,93,98,-5,5
70639,167,159,8,8
70640,55,73,-18,18
70641,115,117,-2,2
70642,101,108,-7,7
70643,52,63,-11,11
70644,155,161,-6,6
70645,47,57,-10,10
70646,123,129,-6,6
70647,71,71,0,0
70648,109,114,-5,5
70649,63,72,-9,9
70650,132,150,-18,18
70651,74,77,-3,3
70652,89,99,-10,10
70653,131,129,2,2
70654,71,74,-3,3
70655,100,86,14,14
70656,76,91,-15,15
70657,67,66,1,1
70658,121,109,12,12
70659,45,59,-14,14
70660,79,66,13,13
70661,145,146,-1,1
70662,242,221,21,21
70663,64,72,-8,8
70664,146,138,8,8
70665,80,79,1,1
70666,135,141,-6,6
70667,94,89,5,5
70668,88,81,7,7
70669,119,125,-6,6
70670,129,124,5,5
70671,86,85,1,1
70672,60,57,3,3
70673,148,159,-11,11
70674,43,57,-14,14
70675,41,45,-4,4
70676,272,261,11,11
70677,116,100,16,16
70678,86,82,4,4
70679,69,74,-5,5
70680,51,53,-2,2
70681,80,80,0,0
70682,83,81,2,2
70683,108,107,1,1
70684,66,64,2,2
70685,178,190,-12,12
70686,138,141,-3,3
70687,124,113,11,11
70688,58,56,2,2
70689,93,95,-2,2
70690,135,129,6,6
70691,98,80,18,18
70692,91,82,9,9
70693,83,76,7,7
70694,192,190,2,2
70695,119,105,14,14
70696,44,56,-12,12
70697,83,86,-3,3
70698,75,80,-5,5
70699,216,216,0,0
70700,178,178,0,0
70701,81,81,0,0
70702,56,68,-12,12
70703,85,86,-1,1
70704,87,86,1,1
70705,77,75,2,2
70706,73,76,-3,3
70707,122,125,-3,3
70708,169,152,17,17
70709,155,145,10,10
70710,111,115,-4,4
70711,37,44,-7,7
70712,116,119,-3,3
70713,107,105,2,2
70714,63,70,-7,7
70715,97,89,8,8
70716,108,94,14,14
70717,94,98,-4,4
70718,56,58,-2,2
70719,49,47,2,2
70720,87,91,-4,4
70721,110,114,-4,4
70722,89,97,-8,8
70723,87,80,7,7
70724,127,129,-2,2
70725,82,83,-1,1
70726,58,58,0,0
70727,69,72,-3,3
70728,66,62,4,4
70729,62,79,-17,17
70730,80,82,-2,2
70731,62,63,-1,1
70732,46,47,-1,1
70733,48,67,-19,19
70734,77,72,5,5
70735,99,116,-17,17
70736,98,102,-4,4
70737,87,88,-1,1
70738,63,71,-8,8
70739,114,119,-5,5
70740,121,128,-7,7
70741,70,71,-1,1
70742,118,111,7,7
70743,116,117,-1,1
70744,89,95,-6,6
70745,100,97,3,3
70746,249,260,-11,11
70747,202,186,16,16
70748,152,147,5,5
70749,140,138,2,2
70750,162,155,7,7
70751,90,89,1,1
70752,132,121,11,11
70753,79,71,8,8
70754,73,71,2,2
70755,115,108,7,7
70756,188,183,5,5
70757,72,71,1,1
70758,112,116,-4,4
70759,131,126,5,5
70760,128,132,-4,4
70761,125,127,-2,2
70762,133,127,6,6
70763,159,153,6,6
70764,96,97,-1,1
70765,85,88,-3,3
70766,103,102,1,1
70767,74,71,3,3
70768,139,142,-3,3
70769,114,112,2,2
70770,35,39,-4,4
70771,56,59,-3,3
70772,85,91,-6,6
70773,111,101,10,10
70774,107,108,-1,1
70775,138,141,-3,3
70776,79,75,4,4
70777,89,90,-1,1
70778,97,91,6,6
70779,88,83,5,5
70780,77,80,-3,3
70781,83,77,6,6
70782,138,140,-2,2
70783,109,108,1,1
70784,58,66,-8,8
70785,65,69,-4,4
70786,97,103,-6,6
70787,95,96,-1,1
70788,93,93,0,0
70789,80,86,-6,6
70790,88,78,10,10
70791,104,109,-5,5
70792,72,76,-4,4
70793,75,71,4,4
70794,88,88,0,0
70795,104,115,-11,11
70796,70,70,0,0
70797,83,87,-4,4
70798,108,98,10,10
70799,84,79,5,5
70800,91,97,-6,6
70801,115,118,-3,3
70802,80,84,-4,4
70803,122,129,-7,7
70804,116,118,-2,2
70805,119,115,4,4
70806,105,103,2,2
70807,80,84,-4,4
70808,63,83,-20,20
70809,108,117,-9,9
70810,73,72,1,1
70811,116,120,-4,4
70812,101,90,11,11
70813,78,80,-2,2
70814,137,142,-5,5
70815,94,100,-6,6
70816,63,58,5,5
70817,122,136,-14,14
70818,145,139,6,6
70819,110,99,11,11
70820,86,79,7,7
70821,160,156,4,4
70822,149,143,6,6
70823,93,85,8,8
70824,77,72,5,5
70825,43,51,-8,8
70826,85,92,-7,7
70827,85,79,6,6
70828,71,70,1,1
70829,68,76,-8,8
70830,85,89,-4,4
70831,74,82,-8,8
70832,152,168,-16,16
70833,161,150,11,11
70834,130,136,-6,6
70835,83,78,5,5
70836,102,106,-4,4
70837,96,106,-10,10
70838,111,115,-4,4
70839,41,45,-4,4
70840,54,62,-8,8
70841,119,116,3,3
70842,89,75,14,14
70843,105,98,7,7
70844,163,157,6,6
70845,102,100,2,2
70846,90,89,1,1
70847,52,64,-12,12
70848,61,60,1,1
70849,84,94,-10,10
70850,87,90,-3,3
70851,56,71,-15,15
70852,86,99,-13,13
70853,153,147,6,6
70854,130,122,8,8
70855,171,162,9,9
70856,81,82,-1,1
70857,76,72,4,4
70858,82,89,-7,7
70859,114,122,-8,8
70860,103,106,-3,3
70861,98,98,0,0
70862,130,131,-1,1
70863,145,130,15,15
70864,66,81,-15,15
70865,136,116,20,20
70866,96,107,-11,11
70867,35,48,-13,13
70868,77,75,2,2
70869,108,105,3,3
70870,91,108,-17,17
70871,68,75,-7,7
70872,114,118,-4,4
70873,38,44,-6,6
70874,123,104,19,19
70875,81,82,-1,1
70876,96,87,9,9
70877,89,89,0,0
70878,129,147,-18,18
70879,93,94,-1,1
70880,57,59,-2,2
70881,81,78,3,3
70882,137,130,7,7
70883,83,75,8,8
70884,97,97,0,0
70885,100,100,0,0
70886,83,89,-6,6
70887,94,86,8,8
70888,87,99,-12,12
70889,154,153,1,1
70890,126,112,14,14
70891,74,73,1,1
70892,87,89,-2,2
70893,62,72,-10,10
70894,61,59,2,2
70895,94,83,11,11
70896,91,85,6,6
70897,67,67,0,0
70898,87,81,6,6
70899,58,63,-5,5
70900,126,121,5,5
70901,102,96,6,6
70902,97,103,-6,6
70903,60,62,-2,2
70904,84,85,-1,1
70905,168,135,33,33
70906,89,90,-1,1
70907,60,60,0,0
70908,99,101,-2,2
70909,119,117,2,2
70910,90,90,0,0
70911,150,154,-4,4
70912,95,98,-3,3
70913,79,81,-2,2
70914,45,47,-2,2
70915,101,94,7,7
70916,123,118,5,5
70917,145,146,-1,1
70918,56,60,-4,4
70919,83,84,-1,1
70920,48,53,-5,5
70921,65,62,3,3
70922,102,108,-6,6
70923,75,75,0,0
70924,194,217,-23,23
70925,55,60,-5,5
70926,61,60,1,1
70927,97,94,3,3
70928,123,128,-5,5
70929,47,54,-7,7
70930,99,115,-16,16
70931,88,87,1,1
70932,65,64,1,1
70933,71,72,-1,1
70934,140,136,4,4
70935,113,114,-1,1
70936,70,72,-2,2
70937,123,123,0,0
70938,113,101,12,12
70939,170,157,13,13
70940,101,108,-7,7
70941,113,106,7,7
70942,102,97,5,5
70943,74,78,-4,4
70944,73,80,-7,7
70945,90,101,-11,11
70946,62,61,1,1
70947,104,123,-19,19
70948,119,118,1,1
70949,71,65,6,6
70950,129,141,-12,12
70951,48,57,-9,9
70952,149,159,-10,10
70953,63,62,1,1
70954,115,113,2,2
70955,110,114,-4,4
70956,93,121,-28,28
70957,100,104,-4,4
70958,90,92,-2,2
70959,46,54,-8,8
70960,126,122,4,4
70961,99,99,0,0
70962,65,63,2,2
70963,77,74,3,3
70964,70,63,7,7
70965,82,92,-10,10
70966,91,93,-2,2
70967,142,135,7,7
70968,73,69,4,4
70969,146,140,6,6
70970,106,107,-1,1
70971,185,189,-4,4
70972,72,73,-1,1
70973,119,110,9,9
70974,56,61,-5,5
70975,110,104,6,6
70976,94,91,3,3
70977,79,88,-9,9
70978,50,50,0,0
70979,86,85,1,1
70980,73,73,0,0
70981,81,82,-1,1
70982,68,72,-4,4
70983,69,74,-5,5
70984,135,124,11,11
70985,162,150,12,12
70986,107,103,4,4
70987,74,76,-2,2
70988,61,65,-4,4
70989,101,90,11,11
70990,70,65,5,5
70991,101,127,-26,26
70992,61,64,-3,3
70993,103,105,-2,2
70994,47,111,-64,64
70995,87,89,-2,2
70996,73,75,-2,2
70997,100,86,14,14
70998,97,88,9,9
70999,75,82,-7,7
71000,77,76,1,1
71001,59,55,4,4
71002,136,141,-5,5
71003,44,47,-3,3
71004,149,145,4,4
71005,85,87,-2,2
71006,132,133,-1,1
71007,54,60,-6,6
71008,98,92,6,6
71009,102,112,-10,10
71010,122,122,0,0
71011,70,67,3,3
71012,121,126,-5,5
71013,86,88,-2,2
71014,99,99,0,0
71015,71,70,1,1
71016,113,111,2,2
71017,100,98,2,2
71018,61,61,0,0
71019,69,73,-4,4
71020,103,115,-12,12
71021,122,144,-22,22
71022,90,83,7,7
71023,113,101,12,12
71024,99,110,-11,11
71025,100,89,11,11
71026,77,81,-4,4
71027,84,79,5,5
71028,101,94,7,7
71029,86,87,-1,1
71030,43,46,-3,3
71031,73,76,-3,3
71032,128,126,2,2
71033,81,73,8,8
71034,67,60,7,7
71035,137,136,1,1
71036,77,75,2,2
71037,52,59,-7,7
71038,103,113,-10,10
71039,107,106,1,1
71040,101,94,7,7
71041,80,81,-1,1
71042,114,117,-3,3
71043,112,118,-6,6
71044,118,105,13,13
71045,110,111,-1,1
71046,88,83,5,5
71047,63,90,-27,27
71048,125,117,8,8
71049,126,115,11,11
71050,68,79,-11,11
71051,59,63,-4,4
71052,69,72,-3,3
71053,90,81,9,9
71054,108,115,-7,7
71055,80,81,-1,1
71056,63,64,-1,1
71057,52,53,-1,1
71058,72,78,-6,6
71059,76,79,-3,3
71060,92,91,1,1
71061,133,160,-27,27
71062,65,71,-6,6
71063,69,65,4,4
71064,121,111,10,10
71065,92,85,7,7
71066,67,68,-1,1
71067,134,129,5,5
71068,81,75,6,6
71069,68,80,-12,12
71070,67,71,-4,4
71071,52,54,-2,2
71072,107,109,-2,2
71073,120,115,5,5
71074,133,136,-3,3
71075,150,138,12,12
71076,124,142,-18,18
71077,86,89,-3,3
71078,29,34,-5,5
71079,170,156,14,14
71080,88,90,-2,2
71081,158,152,6,6
71082,58,61,-3,3
71083,129,124,5,5
71084,94,91,3,3
71085,116,116,0,0
71086,159,155,4,4
71087,86,82,4,4
71088,174,182,-8,8
71089,104,97,7,7
71090,90,80,10,10
71091,101,100,1,1
71092,107,111,-4,4
71093,133,120,13,13
71094,70,65,5,5
71095,100,100,0,0
71096,174,176,-2,2
71097,41,50,-9,9
71098,85,87,-2,2
71099,76,73,3,3
71100,73,76,-3,3
71101,131,132,-1,1
71102,83,82,1,1
71103,88,97,-9,9
71104,128,129,-1,1
71105,86,90,-4,4
71106,163,161,2,2
71107,104,105,-1,1
71108,50,52,-2,2
71109,114,95,19,19
71110,108,111,-3,3
71111,72,76,-4,4
71112,63,65,-2,2
71113,51,56,-5,5
71114,94,94,0,0
71115,76,70,6,6
71116,39,44,-5,5
71117,100,100,0,0
71118,64,62,2,2
71119,87,84,3,3
71120,112,107,5,5
71121,105,109,-4,4
71122,84,90,-6,6
71123,135,130,5,5
71124,66,63,3,3
71125,164,163,1,1
71126,53,58,-5,5
71127,131,119,12,12
71128,97,96,1,1
71129,44,55,-11,11
71130,85,88,-3,3
71131,58,52,6,6
71132,105,116,-11,11
71133,51,53,-2,2
71134,67,66,1,1
71135,82,92,-10,10
71136,100,92,8,8
71137,154,139,15,15
71138,89,95,-6,6
71139,88,82,6,6
71140,104,87,17,17
71141,82,74,8,8
71142,97,97,0,0
71143,87,106,-19,19
71144,71,62,9,9
71145,87,95,-8,8
71146,71,71,0,0
71147,168,164,4,4
71148,124,115,9,9
71149,75,67,8,8
71150,137,110,27,27
71151,131,128,3,3
71152,161,168,-7,7
71153,80,75,5,5
71154,109,108,1,1
71155,65,65,0,0
71156,152,156,-4,4
71157,120,116,4,4
71158,116,118,-2,2
71159,82,101,-19,19
71160,214,203,11,11
71161,75,74,1,1
71162,95,86,9,9
71163,120,115,5,5
71164,126,127,-1,1
71165,112,108,4,4
71166,115,127,-12,12
71167,94,90,4,4
71168,84,89,-5,5
71169,99,106,-7,7
71170,69,66,3,3
71171,62,59,3,3
71172,106,107,-1,1
71173,110,105,5,5
71174,78,81,-3,3
71175,161,194,-33,33
71176,140,107,33,33
71177,83,101,-18,18
71178,110,103,7,7
71179,50,53,-3,3
71180,160,149,11,11
71181,93,87,6,6
71182,161,161,0,0
71183,37,45,-8,8
71184,58,50,8,8
71185,109,124,-15,15
71186,99,103,-4,4
71187,124,147,-23,23
71188,65,62,3,3
71189,113,110,3,3
71190,114,128,-14,14
71191,127,120,7,7
71192,99,92,7,7
71193,83,81,2,2
71194,74,79,-5,5
71195,112,118,-6,6
71196,76,75,1,1
71197,86,83,3,3
71198,59,65,-6,6
71199,185,168,17,17
71200,113,93,20,20
71201,90,90,0,0
71202,60,64,-4,4
71203,136,121,15,15
71204,94,93,1,1
71205,100,94,6,6
71206,93,91,2,2
71207,80,82,-2,2
71208,138,124,14,14
71209,123,119,4,4
71210,84,87,-3,3
71211,96,106,-10,10
71212,123,121,2,2
71213,46,86,-40,40
71214,54,52,2,2
71215,135,137,-2,2
71216,135,124,11,11
71217,79,83,-4,4
71218,127,120,7,7
71219,75,79,-4,4
71220,43,59,-16,16
71221,107,90,17,17
71222,86,79,7,7
71223,114,122,-8,8
71224,56,54,2,2
71225,80,79,1,1
71226,86,80,6,6
71227,62,59,3,3
71228,78,71,7,7
71229,158,168,-10,10
71230,96,115,-19,19
71231,88,86,2,2
71232,62,60,2,2
71233,116,108,8,8
71234,103,105,-2,2
71235,108,121,-13,13
71236,96,97,-1,1
71237,65,70,-5,5
71238,64,70,-6,6
71239,136,127,9,9
71240,92,99,-7,7
71241,66,61,5,5
71242,106,111,-5,5
71243,168,157,11,11
71244,91,93,-2,2
71245,90,98,-8,8
71246,83,82,1,1
71247,198,196,2,2
71248,98,98,0,0
71249,116,99,17,17
71250,77,81,-4,4
71251,95,92,3,3
71252,113,113,0,0
71253,102,100,2,2
71254,54,55,-1,1
71255,138,144,-6,6
71256,76,79,-3,3
71257,58,56,2,2
71258,74,72,2,2
71259,93,93,0,0
71260,56,77,-21,21
71261,139,147,-8,8
71262,169,177,-8,8
71263,131,134,-3,3
71264,64,49,15,15
71265,89,96,-7,7
71266,111,106,5,5
71267,149,146,3,3
71268,86,83,3,3
71269,67,94,-27,27
71270,54,56,-2,2
71271,47,54,-7,7
71272,43,49,-6,6
71273,90,94,-4,4
71274,139,128,11,11
71275,62,65,-3,3
71276,67,74,-7,7
71277,75,78,-3,3
71278,87,85,2,2
71279,82,80,2,2
71280,41,51,-10,10
71281,86,87,-1,1
71282,151,142,9,9
71283,87,85,2,2
71284,107,110,-3,3
71285,67,66,1,1
71286,90,103,-13,13
71287,133,133,0,0
71288,42,44,-2,2
71289,124,117,7,7
71290,66,66,0,0
71291,74,78,-4,4
71292,54,55,-1,1
71293,123,121,2,2
71294,137,138,-1,1
71295,67,64,3,3
71296,113,122,-9,9
71297,103,95,8,8
71298,161,147,14,14
71299,114,108,6,6
71300,112,123,-11,11
71301,103,105,-2,2
71302,112,118,-6,6
71303,123,133,-10,10
71304,65,71,-6,6
71305,97,90,7,7
71306,68,62,6,6
71307,69,70,-1,1
71308,69,64,5,5
71309,143,137,6,6
71310,107,104,3,3
71311,59,78,-19,19
71312,125,119,6,6
71313,57,62,-5,5
71314,108,113,-5,5
71315,86,87,-1,1
71316,98,97,1,1
71317,82,81,1,1
71318,87,121,-34,34
71319,65,68,-3,3
71320,96,89,7,7
71321,60,55,5,5
71322,77,78,-1,1
71323,81,79,2,2
71324,147,146,1,1
71325,75,71,4,4
71326,75,72,3,3
71327,85,96,-11,11
71328,94,93,1,1
71329,158,160,-2,2
71330,103,82,21,21
71331,125,117,8,8
71332,119,146,-27,27
71333,109,109,0,0
71334,64,61,3,3
71335,74,78,-4,4
71336,33,34,-1,1
71337,104,99,5,5
71338,73,80,-7,7
71339,148,129,19,19
71340,57,65,-8,8
71341,62,60,2,2
71342,143,139,4,4
71343,96,111,-15,15
71344,61,63,-2,2
71345,126,127,-1,1
71346,66,84,-18,18
71347,97,104,-7,7
71348,58,63,-5,5
71349,85,86,-1,1
71350,207,184,23,23
71351,114,112,2,2
71352,105,103,2,2
71353,92,93,-1,1
71354,80,80,0,0
71355,97,95,2,2
71356,93,95,-2,2
71357,55,57,-2,2
71358,89,84,5,5
71359,116,115,1,1
71360,98,100,-2,2
71361,79,74,5,5
71362,127,129,-2,2
71363,112,109,3,3
71364,131,117,14,14
71365,92,94,-2,2
71366,81,80,1,1
71367,236,226,10,10
71368,110,126,-16,16
71369,66,73,-7,7
71370,100,111,-11,11
71371,98,103,-5,5
71372,118,112,6,6
71373,91,98,-7,7
71374,162,147,15,15
71375,77,73,4,4
71376,67,67,0,0
71377,131,129,2,2
71378,103,106,-3,3
71379,57,58,-1,1
71380,93,83,10,10
71381,72,80,-8,8
71382,67,68,-1,1
71383,49,60,-11,11
71384,72,71,1,1
71385,56,54,2,2
71386,154,184,-30,30
71387,72,81,-9,9
71388,44,52,-8,8
71389,97,98,-1,1
71390,173,145,28,28
71391,151,144,7,7
71392,92,85,7,7
71393,41,59,-18,18
71394,101,108,-7,7
71395,151,136,15,15
71396,112,103,9,9
71397,82,84,-2,2
71398,147,142,5,5
71399,104,90,14,14
71400,156,147,9,9
71401,69,65,4,4
71402,88,90,-2,2
71403,49,58,-9,9
71404,72,74,-2,2
71405,87,88,-1,1
71406,83,78,5,5
71407,78,66,12,12
71408,109,114,-5,5
71409,118,131,-13,13
71410,146,193,-47,47
71411,95,89,6,6
71412,139,135,4,4
71413,112,119,-7,7
71414,74,81,-7,7
71415,101,109,-8,8
71416,69,70,-1,1
71417,60,59,1,1
71418,52,54,-2,2
71419,70,73,-3,3
71420,52,52,0,0
71421,93,97,-4,4
71422,75,76,-1,1
71423,50,61,-11,11
71424,64,65,-1,1
71425,167,147,20,20
71426,59,62,-3,3
71427,117,120,-3,3
71428,97,96,1,1
71429,93,98,-5,5
71430,70,75,-5,5
71431,91,83,8,8
71432,52,56,-4,4
71433,97,103,-6,6
71434,66,55,11,11
71435,91,89,2,2
71436,72,108,-36,36
71437,113,108,5,5
71438,91,87,4,4
71439,50,63,-13,13
71440,85,104,-19,19
71441,167,170,-3,3
71442,78,81,-3,3
71443,149,143,6,6
71444,102,98,4,4
71445,116,116,0,0
71446,69,80,-11,11
71447,63,62,1,1
71448,108,118,-10,10
71449,81,78,3,3
71450,82,81,1,1
71451,113,115,-2,2
71452,83,85,-2,2
71453,97,92,5,5
71454,78,93,-15,15
71455,102,102,0,0
71456,109,115,-6,6
71457,64,76,-12,12
71458,98,98,0,0
71459,156,143,13,13
71460,126,128,-2,2
71461,90,92,-2,2
71462,122,120,2,2
71463,67,72,-5,5
71464,60,60,0,0
71465,60,65,-5,5
71466,73,72,1,1
71467,135,140,-5,5
71468,116,113,3,3
71469,92,89,3,3
71470,116,117,-1,1
71471,76,75,1,1
71472,137,137,0,0
71473,38,50,-12,12
71474,212,191,21,21
71475,115,115,0,0
71476,170,164,6,6
71477,140,161,-21,21
71478,194,169,25,25
71479,119,116,3,3
71480,46,52,-6,6
71481,67,66,1,1
71482,114,110,4,4
71483,107,127,-20,20
71484,83,101,-18,18
71485,103,100,3,3
71486,75,84,-9,9
71487,117,158,-41,41
71488,59,57,2,2
71489,68,92,-24,24
71490,117,120,-3,3
71491,142,132,10,10
71492,50,48,2,2
71493,72,74,-2,2
71494,114,127,-13,13
71495,161,161,0,0
71496,104,104,0,0
71497,241,234,7,7
71498,72,72,0,0
71499,89,95,-6,6
71500,76,78,-2,2
71501,97,100,-3,3
71502,93,86,7,7
71503,73,64,9,9
71504,67,56,11,11
71505,89,93,-4,4
71506,91,94,-3,3
71507,112,114,-2,2
71508,156,160,-4,4
71509,59,61,-2,2
71510,71,79,-8,8
71511,35,38,-3,3
71512,60,61,-1,1
71513,151,160,-9,9
71514,83,85,-2,2
71515,114,120,-6,6
71516,66,62,4,4
71517,68,72,-4,4
71518,128,126,2,2
71519,168,148,20,20
71520,84,85,-1,1
71521,87,87,0,0
71522,94,92,2,2
71523,44,55,-11,11
71524,93,98,-5,5
71525,135,129,6,6
71526,80,76,4,4
71527,105,97,8,8
71528,86,89,-3,3
71529,115,119,-4,4
71530,183,171,12,12
71531,120,114,6,6
71532,25,34,-9,9
71533,53,55,-2,2
71534,131,115,16,16
71535,164,158,6,6
71536,74,75,-1,1
71537,125,122,3,3
71538,91,98,-7,7
71539,106,95,11,11
71540,95,93,2,2
71541,75,71,4,4
71542,114,107,7,7
71543,70,65,5,5
71544,89,83,6,6
71545,37,43,-6,6
71546,90,85,5,5
71547,60,58,2,2
71548,106,112,-6,6
71549,59,64,-5,5
71550,114,123,-9,9
71551,69,66,3,3
71552,96,101,-5,5
71553,90,87,3,3
71554,132,143,-11,11
71555,117,121,-4,4
71556,78,80,-2,2
71557,63,71,-8,8
71558,96,106,-10,10
71559,132,108,24,24
71560,83,81,2,2
71561,114,112,2,2
71562,109,107,2,2
71563,97,91,6,6
71564,81,83,-2,2
71565,95,95,0,0
71566,82,85,-3,3
71567,127,134,-7,7
71568,108,112,-4,4
71569,91,107,-16,16
71570,87,85,2,2
71571,92,88,4,4
71572,165,161,4,4
71573,85,85,0,0
71574,50,60,-10,10
71575,62,59,3,3
71576,97,101,-4,4
71577,87,91,-4,4
71578,66,61,5,5
71579,76,73,3,3
71580,75,81,-6,6
71581,172,168,4,4
71582,45,53,-8,8
71583,86,90,-4,4
71584,73,83,-10,10
71585,189,168,21,21
71586,65,66,-1,1
71587,76,75,1,1
71588,95,95,0,0
71589,95,90,5,5
71590,87,88,-1,1
71591,108,109,-1,1
71592,91,81,10,10
71593,69,77,-8,8
71594,141,150,-9,9
71595,75,78,-3,3
71596,82,87,-5,5
71597,55,57,-2,2
71598,55,66,-11,11
71599,121,120,1,1
71600,55,51,4,4
71601,131,121,10,10
71602,111,104,7,7
71603,52,60,-8,8
71604,141,131,10,10
71605,82,79,3,3
71606,49,53,-4,4
71607,67,82,-15,15
71608,65,66,-1,1
71609,116,120,-4,4
71610,112,114,-2,2
71611,117,114,3,3
71612,137,136,1,1
71613,95,103,-8,8
71614,59,65,-6,6
71615,84,94,-10,10
71616,89,79,10,10
71617,137,139,-2,2
71618,194,171,23,23
71619,144,136,8,8
71620,106,98,8,8
71621,122,109,13,13
71622,67,77,-10,10
71623,104,108,-4,4
71624,114,114,0,0
71625,84,96,-12,12
71626,49,64,-15,15
71627,232,200,32,32
71628,79,74,5,5
71629,101,106,-5,5
71630,105,104,1,1
71631,104,107,-3,3
71632,221,198,23,23
71633,124,109,15,15
71634,154,145,9,9
71635,110,105,5,5
71636,75,78,-3,3
71637,175,171,4,4
71638,162,168,-6,6
71639,169,151,18,18
71640,82,96,-14,14
71641,69,70,-1,1
71642,63,65,-2,2
71643,101,106,-5,5
71644,59,59,0,0
71645,123,125,-2,2
71646,105,112,-7,7
71647,99,91,8,8
71648,58,65,-7,7
71649,103,102,1,1
71650,77,85,-8,8
71651,64,59,5,5
71652,49,50,-1,1
71653,96,93,3,3
71654,78,76,2,2
71655,124,131,-7,7
71656,66,89,-23,23
71657,163,155,8,8
71658,140,154,-14,14
71659,77,81,-4,4
71660,55,63,-8,8
71661,64,61,3,3
71662,73,81,-8,8
71663,86,89,-3,3
71664,87,89,-2,2
71665,80,85,-5,5
71666,74,81,-7,7
71667,69,63,6,6
71668,118,119,-1,1
71669,74,81,-7,7
71670,162,161,1,1
71671,63,67,-4,4
71672,88,87,1,1
71673,105,110,-5,5
71674,70,61,9,9
71675,86,92,-6,6
71676,82,80,2,2
71677,181,188,-7,7
71678,60,62,-2,2
71679,139,143,-4,4
71680,45,39,6,6
71681,84,86,-2,2
71682,87,83,4,4
71683,94,85,9,9
71684,94,92,2,2
71685,102,124,-22,22
71686,82,81,1,1
71687,102,89,13,13
71688,51,52,-1,1
71689,91,89,2,2
71690,92,93,-1,1
71691,119,121,-2,2
71692,98,105,-7,7
71693,92,87,5,5
71694,144,141,3,3
71695,117,125,-8,8
71696,61,57,4,4
71697,55,51,4,4
71698,89,85,4,4
71699,83,84,-1,1
71700,122,112,10,10
71701,101,108,-7,7
71702,71,75,-4,4
71703,183,187,-4,4
71704,79,81,-2,2
71705,68,82,-14,14
71706,124,125,-1,1
71707,96,89,7,7
71708,82,77,5,5
71709,99,110,-11,11
71710,145,128,17,17
71711,143,146,-3,3
71712,131,136,-5,5
71713,83,81,2,2
71714,118,135,-17,17
71715,65,67,-2,2
71716,52,60,-8,8
71717,78,74,4,4
71718,76,76,0,0
71719,142,133,9,9
71720,90,84,6,6
71721,64,64,0,0
71722,70,71,-1,1
71723,81,92,-11,11
71724,155,150,5,5
71725,94,107,-13,13
71726,64,62,2,2
71727,83,80,3,3
71728,112,113,-1,1
71729,112,96,16,16
71730,132,130,2,2
71731,84,78,6,6
71732,63,65,-2,2
71733,78,84,-6,6
71734,143,135,8,8
71735,71,74,-3,3
71736,94,91,3,3
71737,75,75,0,0
71738,54,64,-10,10
71739,81,72,9,9
71740,72,79,-7,7
71741,95,92,3,3
71742,136,131,5,5
71743,89,86,3,3
71744,66,69,-3,3
71745,95,90,5,5
71746,85,85,0,0
71747,114,117,-3,3
71748,70,63,7,7
71749,70,82,-12,12
71750,115,119,-4,4
71751,139,141,-2,2
71752,104,99,5,5
71753,65,65,0,0
71754,145,135,10,10
71755,108,107,1,1
71756,81,84,-3,3
71757,85,73,12,12
71758,59,66,-7,7
71759,146,156,-10,10
71760,89,103,-14,14
71761,94,93,1,1
71762,82,80,2,2
71763,58,64,-6,6
71764,78,78,0,0
71765,92,82,10,10
71766,65,63,2,2
71767,100,96,4,4
71768,126,123,3,3
71769,115,107,8,8
71770,64,57,7,7
71771,67,73,-6,6
71772,114,106,8,8
71773,73,72,1,1
71774,86,84,2,2
71775,92,84,8,8
71776,393,402,-9,9
71777,121,140,-19,19
71778,77,85,-8,8
71779,106,91,15,15
71780,81,81,0,0
71781,99,88,11,11
71782,150,156,-6,6
71783,98,100,-2,2
71784,107,113,-6,6
71785,59,56,3,3
71786,53,47,6,6
71787,99,94,5,5
71788,138,136,2,2
71789,58,63,-5,5
71790,85,82,3,3
71791,129,124,5,5
71792,60,57,3,3
71793,67,62,5,5
71794,107,103,4,4
71795,42,51,-9,9
71796,73,72,1,1
71797,81,91,-10,10
71798,154,132,22,22
71799,84,81,3,3
71800,67,72,-5,5
71801,62,57,5,5
71802,93,88,5,5
71803,119,115,4,4
71804,112,107,5,5
71805,146,141,5,5
71806,45,45,0,0
71807,127,121,6,6
71808,87,88,-1,1
71809,122,123,-1,1
71810,83,77,6,6
71811,116,112,4,4
71812,95,102,-7,7
71813,101,105,-4,4
71814,132,134,-2,2
71815,116,113,3,3
71816,79,72,7,7
71817,94,90,4,4
71818,131,125,6,6
71819,61,59,2,2
71820,66,66,0,0
71821,78,84,-6,6
71822,145,153,-8,8
71823,166,170,-4,4
71824,88,81,7,7
71825,99,92,7,7
71826,85,90,-5,5
71827,62,62,0,0
71828,85,88,-3,3
71829,103,104,-1,1
71830,123,151,-28,28
71831,43,51,-8,8
71832,89,97,-8,8
71833,61,63,-2,2
71834,65,65,0,0
71835,81,82,-1,1
71836,77,72,5,5
71837,118,121,-3,3
71838,53,52,1,1
71839,90,83,7,7
71840,101,120,-19,19
71841,88,87,1,1
71842,136,139,-3,3
71843,142,140,2,2
71844,79,71,8,8
71845,124,127,-3,3
71846,69,67,2,2
71847,55,56,-1,1
71848,84,84,0,0
71849,34,40,-6,6
71850,86,79,7,7
71851,67,64,3,3
71852,234,222,12,12
71853,175,174,1,1
71854,50,49,1,1
71855,75,71,4,4
71856,61,60,1,1
71857,103,101,2,2
71858,59,59,0,0
71859,83,95,-12,12
71860,50,48,2,2
71861,89,90,-1,1
71862,65,73,-8,8
71863,140,127,13,13
71864,158,158,0,0
71865,113,116,-3,3
71866,118,123,-5,5
71867,172,157,15,15
71868,119,125,-6,6
71869,106,109,-3,3
71870,146,146,0,0
71871,72,73,-1,1
71872,84,85,-1,1
71873,78,82,-4,4
71874,58,57,1,1
71875,85,78,7,7
71876,137,131,6,6
71877,86,118,-32,32
71878,78,72,6,6
71879,88,92,-4,4
71880,108,102,6,6
71881,104,96,8,8
71882,77,91,-14,14
71883,101,102,-1,1
71884,109,106,3,3
71885,84,81,3,3
71886,70,65,5,5
71887,134,144,-10,10
71888,51,46,5,5
71889,128,129,-1,1
71890,103,115,-12,12
71891,76,77,-1,1
71892,101,112,-11,11
71893,92,94,-2,2
71894,72,76,-4,4
71895,68,73,-5,5
71896,84,86,-2,2
71897,88,88,0,0
71898,119,129,-10,10
71899,56,50,6,6
71900,31,37,-6,6
71901,91,95,-4,4
71902,163,160,3,3
71903,124,116,8,8
71904,71,64,7,7
71905,101,93,8,8
71906,112,146,-34,34
71907,103,103,0,0
71908,74,72,2,2
71909,57,62,-5,5
71910,137,137,0,0
71911,124,115,9,9
71912,77,94,-17,17
71913,83,82,1,1
71914,66,82,-16,16
71915,110,99,11,11
71916,65,66,-1,1
71917,98,104,-6,6
71918,87,86,1,1
71919,90,81,9,9
71920,140,141,-1,1
71921,116,115,1,1
71922,128,119,9,9
71923,73,71,2,2
71924,155,183,-28,28
71925,96,103,-7,7
71926,115,119,-4,4
71927,63,64,-1,1
71928,57,54,3,3
71929,113,123,-10,10
71930,104,96,8,8
71931,53,57,-4,4
71932,62,61,1,1
71933,53,58,-5,5
71934,71,66,5,5
71935,76,77,-1,1
71936,117,111,6,6
71937,57,61,-4,4
71938,79,70,9,9
71939,69,87,-18,18
71940,78,74,4,4
71941,40,63,-23,23
71942,58,73,-15,15
71943,105,97,8,8
71944,87,99,-12,12
71945,118,104,14,14
71946,101,116,-15,15
71947,32,38,-6,6
71948,75,77,-2,2
71949,112,112,0,0
71950,112,100,12,12
71951,124,135,-11,11
71952,68,70,-2,2
71953,72,66,6,6
71954,52,53,-1,1
71955,84,81,3,3
71956,78,73,5,5
71957,106,89,17,17
71958,126,129,-3,3
71959,103,106,-3,3
71960,110,100,10,10
71961,91,83,8,8
71962,149,140,9,9
71963,55,56,-1,1
71964,113,112,1,1
71965,72,71,1,1
71966,79,83,-4,4
71967,125,123,2,2
71968,126,120,6,6
71969,156,169,-13,13
71970,69,70,-1,1
71971,59,49,10,10
71972,92,109,-17,17
71973,65,64,1,1
71974,94,96,-2,2
71975,76,87,-11,11
71976,145,142,3,3
71977,141,142,-1,1
71978,71,75,-4,4
71979,91,90,1,1
71980,56,62,-6,6
71981,107,115,-8,8
71982,73,64,9,9
71983,120,135,-15,15
71984,109,77,32,32
71985,125,120,5,5
71986,80,79,1,1
71987,55,57,-2,2
71988,92,97,-5,5
71989,125,124,1,1
71990,74,74,0,0
71991,65,74,-9,9
71992,85,88,-3,3
71993,41,44,-3,3
71994,73,83,-10,10
71995,133,108,25,25
71996,48,49,-1,1
71997,81,81,0,0
71998,109,121,-12,12
71999,98,96,2,2
72000,123,122,1,1
72001,103,111,-8,8
72002,79,79,0,0
72003,60,65,-5,5
72004,93,92,1,1
72005,162,134,28,28
72006,121,115,6,6
72007,113,122,-9,9
72008,64,65,-1,1
72009,61,66,-5,5
72010,110,110,0,0
72011,106,101,5,5
72012,111,106,5,5
72013,72,81,-9,9
72014,50,48,2,2
72015,58,51,7,7
72016,112,120,-8,8
72017,86,99,-13,13
72018,77,73,4,4
72019,116,118,-2,2
72020,77,81,-4,4
72021,156,143,13,13
72022,94,99,-5,5
72023,152,142,10,10
72024,153,153,0,0
72025,91,91,0,0
72026,114,111,3,3
72027,54,59,-5,5
72028,68,66,2,2
72029,108,129,-21,21
72030,144,140,4,4
72031,122,114,8,8
72032,94,99,-5,5
72033,100,96,4,4
72034,63,66,-3,3
72035,109,104,5,5
72036,92,79,13,13
72037,104,98,6,6
72038,80,72,8,8
72039,83,80,3,3
72040,115,121,-6,6
72041,149,153,-4,4
72042,111,116,-5,5
72043,64,73,-9,9
72044,117,105,12,12
72045,68,71,-3,3
72046,98,93,5,5
72047,58,60,-2,2
72048,109,100,9,9
72049,84,78,6,6
72050,59,64,-5,5
72051,122,109,13,13
72052,67,72,-5,5
72053,74,66,8,8
72054,65,68,-3,3
72055,95,91,4,4
72056,90,94,-4,4
72057,71,72,-1,1
72058,46,43,3,3
72059,37,57,-20,20
72060,128,124,4,4
72061,110,112,-2,2
72062,98,109,-11,11
72063,55,53,2,2
72064,118,111,7,7
72065,28,33,-5,5
72066,164,161,3,3
72067,97,100,-3,3
72068,149,136,13,13
72069,100,93,7,7
72070,102,112,-10,10
72071,99,98,1,1
72072,170,149,21,21
72073,124,130,-6,6
72074,109,124,-15,15
72075,146,139,7,7
72076,170,175,-5,5
72077,85,64,21,21
72078,106,103,3,3
72079,96,100,-4,4
72080,105,103,2,2
72081,116,107,9,9
72082,61,65,-4,4
72083,114,116,-2,2
72084,105,106,-1,1
72085,163,172,-9,9
72086,50,55,-5,5
72087,141,123,18,18
72088,79,89,-10,10
72089,129,125,4,4
72090,82,82,0,0
72091,61,64,-3,3
72092,69,71,-2,2
72093,62,74,-12,12
72094,93,90,3,3
72095,92,98,-6,6
72096,91,103,-12,12
72097,45,46,-1,1
72098,167,161,6,6
72099,71,72,-1,1
72100,43,48,-5,5
72101,122,123,-1,1
72102,73,63,10,10
72103,99,93,6,6
72104,82,79,3,3
72105,119,107,12,12
72106,135,123,12,12
72107,46,45,1,1
72108,102,94,8,8
72109,66,62,4,4
72110,159,166,-7,7
72111,93,89,4,4
72112,93,84,9,9
72113,71,71,0,0
72114,106,87,19,19
72115,99,92,7,7
72116,145,161,-16,16
72117,102,113,-11,11
72118,146,146,0,0
72119,129,129,0,0
72120,105,116,-11,11
72121,119,111,8,8
72122,49,53,-4,4
72123,114,109,5,5
72124,137,140,-3,3
72125,84,83,1,1
72126,63,63,0,0
72127,120,115,5,5
72128,63,59,4,4
72129,153,140,13,13
72130,73,81,-8,8
72131,110,101,9,9
72132,178,175,3,3
72133,73,98,-25,25
72134,80,74,6,6
72135,98,98,0,0
72136,122,125,-3,3
72137,122,122,0,0
72138,95,100,-5,5
72139,100,108,-8,8
72140,107,112,-5,5
72141,86,77,9,9
72142,62,59,3,3
72143,77,76,1,1
72144,49,56,-7,7
72145,68,73,-5,5
72146,25,30,-5,5
72147,83,78,5,5
72148,54,47,7,7
72149,122,125,-3,3
72150,115,122,-7,7
72151,92,84,8,8
72152,120,133,-13,13
72153,161,157,4,4
72154,100,96,4,4
72155,127,132,-5,5
72156,56,57,-1,1
72157,120,119,1,1
72158,319,300,19,19
72159,161,152,9,9
72160,120,112,8,8
72161,119,109,10,10
72162,119,105,14,14
72163,155,140,15,15
72164,90,92,-2,2
72165,43,53,-10,10
72166,67,62,5,5
72167,75,66,9,9
72168,86,83,3,3
72169,107,100,7,7
72170,109,110,-1,1
72171,105,113,-8,8
72172,120,126,-6,6
72173,57,55,2,2
72174,81,84,-3,3
72175,114,111,3,3
72176,101,98,3,3
72177,104,93,11,11
72178,105,94,11,11
72179,93,97,-4,4
72180,117,116,1,1
72181,93,88,5,5
72182,60,62,-2,2
72183,81,65,16,16
72184,96,94,2,2
72185,99,103,-4,4
72186,88,80,8,8
72187,113,119,-6,6
72188,91,100,-9,9
72189,142,137,5,5
72190,95,97,-2,2
72191,79,82,-3,3
72192,80,95,-15,15
72193,54,56,-2,2
72194,124,116,8,8
72195,86,93,-7,7
72196,154,135,19,19
72197,77,81,-4,4
72198,129,114,15,15
72199,196,179,17,17
72200,78,78,0,0
72201,63,70,-7,7
72202,176,168,8,8
72203,102,102,0,0
72204,102,107,-5,5
72205,92,92,0,0
72206,145,138,7,7
72207,64,63,1,1
72208,100,95,5,5
72209,96,115,-19,19
72210,96,86,10,10
72211,51,52,-1,1
72212,61,71,-10,10
72213,129,127,2,2
72214,196,187,9,9
72215,61,62,-1,1
72216,86,85,1,1
72217,69,79,-10,10
72218,121,112,9,9
72219,87,93,-6,6
72220,105,97,8,8
72221,67,82,-15,15
72222,71,88,-17,17
72223,165,157,8,8
72224,132,128,4,4
72225,171,168,3,3
72226,81,77,4,4
72227,142,139,3,3
72228,75,77,-2,2
72229,102,95,7,7
72230,86,92,-6,6
72231,136,129,7,7
72232,63,62,1,1
72233,122,127,-5,5
72234,89,95,-6,6
72235,97,107,-10,10
72236,67,71,-4,4
72237,105,103,2,2
72238,64,58,6,6
72239,85,99,-14,14
72240,99,108,-9,9
72241,80,65,15,15
72242,115,110,5,5
72243,65,65,0,0
72244,104,93,11,11
72245,115,114,1,1
72246,147,144,3,3
72247,105,104,1,1
72248,141,139,2,2
72249,163,162,1,1
72250,129,121,8,8
72251,90,93,-3,3
72252,73,75,-2,2
72253,101,96,5,5
72254,103,108,-5,5
72255,53,61,-8,8
72256,67,73,-6,6
72257,78,84,-6,6
72258,75,72,3,3
72259,76,76,0,0
72260,105,104,1,1
72261,103,95,8,8
72262,108,114,-6,6
72263,154,138,16,16
72264,84,90,-6,6
72265,125,122,3,3
72266,71,71,0,0
72267,84,93,-9,9
72268,81,81,0,0
72269,95,94,1,1
72270,249,225,24,24
72271,101,103,-2,2
72272,69,73,-4,4
72273,109,118,-9,9
72274,76,77,-1,1
72275,92,95,-3,3
72276,56,62,-6,6
72277,85,97,-12,12
72278,51,55,-4,4
72279,117,107,10,10
72280,74,78,-4,4
72281,184,172,12,12
72282,82,86,-4,4
72283,93,101,-8,8
72284,87,80,7,7
72285,56,56,0,0
72286,65,62,3,3
72287,95,89,6,6
72288,112,119,-7,7
72289,110,112,-2,2
72290,137,138,-1,1
72291,73,75,-2,2
72292,128,116,12,12
72293,99,87,12,12
72294,133,131,2,2
72295,109,110,-1,1
72296,74,88,-14,14
72297,99,90,9,9
72298,23,37,-14,14
72299,87,99,-12,12
72300,175,170,5,5
72301,71,78,-7,7
72302,64,71,-7,7
72303,74,86,-12,12
72304,127,129,-2,2
72305,136,145,-9,9
72306,114,117,-3,3
72307,143,140,3,3
72308,115,117,-2,2
72309,83,90,-7,7
72310,118,115,3,3
72311,64,70,-6,6
72312,94,96,-2,2
72313,69,59,10,10
72314,142,135,7,7
72315,75,72,3,3
72316,58,57,1,1
72317,19,27,-8,8
72318,83,86,-3,3
72319,59,62,-3,3
72320,99,99,0,0
72321,69,72,-3,3
72322,95,90,5,5
72323,248,217,31,31
72324,129,127,2,2
72325,45,51,-6,6
72326,129,131,-2,2
72327,99,93,6,6
72328,98,95,3,3
72329,115,119,-4,4
72330,136,141,-5,5
72331,111,107,4,4
72332,98,103,-5,5
72333,85,95,-10,10
72334,141,137,4,4
72335,94,101,-7,7
72336,94,95,-1,1
72337,112,125,-13,13
72338,107,110,-3,3
72339,127,127,0,0
72340,113,106,7,7
72341,131,117,14,14
72342,69,76,-7,7
72343,51,53,-2,2
72344,148,140,8,8
72345,79,71,8,8
72346,108,114,-6,6
72347,105,115,-10,10
72348,82,99,-17,17
72349,152,168,-16,16
72350,77,82,-5,5
72351,96,106,-10,10
72352,118,135,-17,17
72353,176,175,1,1
72354,161,171,-10,10
72355,74,71,3,3
72356,89,104,-15,15
72357,126,137,-11,11
72358,105,105,0,0
72359,102,103,-1,1
72360,74,81,-7,7
72361,122,119,3,3
72362,80,83,-3,3
72363,75,75,0,0
72364,148,149,-1,1
72365,129,128,1,1
72366,68,65,3,3
72367,74,89,-15,15
72368,96,87,9,9
72369,88,84,4,4
72370,53,66,-13,13
72371,79,78,1,1
72372,78,76,2,2
72373,69,73,-4,4
72374,134,125,9,9
72375,77,76,1,1
72376,144,130,14,14
72377,102,107,-5,5
72378,112,127,-15,15
72379,122,118,4,4
72380,87,85,2,2
72381,111,117,-6,6
72382,102,102,0,0
72383,73,74,-1,1
72384,86,84,2,2
72385,74,73,1,1
72386,132,123,9,9
72387,128,131,-3,3
72388,130,128,2,2
72389,62,61,1,1
72390,44,50,-6,6
72391,78,81,-3,3
72392,95,93,2,2
72393,95,86,9,9
72394,116,119,-3,3
72395,80,79,1,1
72396,57,62,-5,5
72397,84,99,-15,15
72398,122,116,6,6
72399,115,119,-4,4
72400,185,168,17,17
72401,144,125,19,19
72402,54,58,-4,4
72403,125,123,2,2
72404,107,115,-8,8
72405,140,148,-8,8
72406,59,61,-2,2
72407,64,67,-3,3
72408,83,87,-4,4
72409,56,57,-1,1
72410,79,72,7,7
72411,58,55,3,3
72412,92,96,-4,4
72413,138,140,-2,2
72414,110,108,2,2
72415,197,183,14,14
72416,102,103,-1,1
72417,75,74,1,1
72418,127,120,7,7
72419,95,101,-6,6
72420,64,59,5,5
72421,68,75,-7,7
72422,174,169,5,5
72423,61,62,-1,1
72424,74,67,7,7
72425,106,110,-4,4
72426,60,63,-3,3
72427,73,85,-12,12
72428,92,88,4,4
72429,189,166,23,23
72430,99,92,7,7
72431,147,142,5,5
72432,120,116,4,4
72433,75,76,-1,1
72434,57,58,-1,1
72435,56,55,1,1
72436,73,72,1,1
72437,67,65,2,2
72438,176,166,10,10
72439,131,131,0,0
72440,101,101,0,0
72441,77,74,3,3
72442,90,115,-25,25
72443,106,115,-9,9
72444,120,118,2,2
72445,82,79,3,3
72446,117,117,0,0
72447,57,76,-19,19
72448,57,71,-14,14
72449,104,103,1,1
72450,85,83,2,2
72451,112,116,-4,4
72452,89,94,-5,5
72453,88,104,-16,16
72454,87,80,7,7
72455,103,125,-22,22
72456,151,141,10,10
72457,92,96,-4,4
72458,98,92,6,6
72459,63,75,-12,12
72460,88,90,-2,2
72461,85,83,2,2
72462,29,42,-13,13
72463,88,100,-12,12
72464,105,113,-8,8
72465,108,105,3,3
72466,69,63,6,6
72467,100,100,0,0
72468,67,74,-7,7
72469,78,70,8,8
72470,97,100,-3,3
72471,84,73,11,11
72472,57,65,-8,8
72473,124,119,5,5
72474,117,116,1,1
72475,101,97,4,4
72476,104,109,-5,5
72477,97,108,-11,11
72478,69,67,2,2
72479,105,105,0,0
72480,78,84,-6,6
72481,75,70,5,5
72482,67,59,8,8
72483,182,167,15,15
72484,49,54,-5,5
72485,89,89,0,0
72486,72,73,-1,1
72487,97,100,-3,3
72488,72,71,1,1
72489,66,62,4,4
72490,118,126,-8,8
72491,49,57,-8,8
72492,87,84,3,3
72493,157,141,16,16
72494,63,65,-2,2
72495,69,81,-12,12
72496,163,168,-5,5
72497,221,224,-3,3
72498,60,66,-6,6
72499,97,103,-6,6
72500,64,54,10,10
72501,87,103,-16,16
72502,101,104,-3,3
72503,96,97,-1,1
72504,111,123,-12,12
72505,67,67,0,0
72506,112,114,-2,2
72507,92,85,7,7
72508,90,102,-12,12
72509,127,137,-10,10
72510,62,66,-4,4
72511,82,87,-5,5
72512,131,116,15,15
72513,66,62,4,4
72514,122,132,-10,10
72515,80,93,-13,13
72516,83,90,-7,7
72517,71,78,-7,7
72518,76,72,4,4
72519,130,139,-9,9
72520,72,62,10,10
72521,51,50,1,1
72522,114,121,-7,7
72523,62,70,-8,8
72524,46,47,-1,1
72525,58,65,-7,7
72526,84,93,-9,9
72527,69,68,1,1
72528,59,117,-58,58
72529,65,66,-1,1
72530,175,174,1,1
72531,135,136,-1,1
72532,106,106,0,0
72533,72,80,-8,8
72534,124,123,1,1
72535,126,124,2,2
72536,120,121,-1,1
72537,92,91,1,1
72538,68,65,3,3
72539,109,105,4,4
72540,74,87,-13,13
72541,61,66,-5,5
72542,96,95,1,1
72543,115,127,-12,12
72544,88,93,-5,5
72545,112,110,2,2
72546,182,167,15,15
72547,156,148,8,8
72548,156,150,6,6
72549,103,90,13,13
72550,89,85,4,4
72551,114,104,10,10
72552,106,95,11,11
72553,85,76,9,9
72554,107,96,11,11
72555,75,73,2,2
72556,84,86,-2,2
72557,120,118,2,2
72558,95,85,10,10
72559,48,48,0,0
72560,65,60,5,5
72561,59,66,-7,7
72562,85,84,1,1
72563,125,121,4,4
72564,89,85,4,4
72565,92,87,5,5
72566,131,136,-5,5
72567,83,84,-1,1
72568,81,78,3,3
72569,82,78,4,4
72570,66,65,1,1
72571,126,131,-5,5
72572,167,156,11,11
72573,103,107,-4,4
72574,119,113,6,6
72575,133,134,-1,1
72576,138,141,-3,3
72577,136,134,2,2
72578,57,60,-3,3
72579,111,107,4,4
72580,75,79,-4,4
72581,64,62,2,2
72582,111,117,-6,6
72583,126,127,-1,1
72584,147,140,7,7
72585,188,166,22,22
72586,123,67,56,56
72587,87,98,-11,11
72588,77,79,-2,2
72589,82,80,2,2
72590,83,84,-1,1
72591,69,79,-10,10
72592,136,142,-6,6
72593,53,61,-8,8
72594,81,81,0,0
72595,124,128,-4,4
72596,111,107,4,4
72597,120,123,-3,3
72598,66,74,-8,8
72599,68,71,-3,3
72600,147,155,-8,8
72601,193,176,17,17
72602,62,63,-1,1
72603,113,119,-6,6
72604,83,85,-2,2
72605,114,118,-4,4
72606,138,142,-4,4
72607,63,72,-9,9
72608,153,141,12,12
72609,75,80,-5,5
72610,104,103,1,1
72611,138,152,-14,14
72612,86,76,10,10
72613,85,87,-2,2
72614,132,133,-1,1
72615,86,84,2,2
72616,60,65,-5,5
72617,119,116,3,3
72618,233,214,19,19
72619,125,136,-11,11
72620,128,126,2,2
72621,135,137,-2,2
72622,92,86,6,6
72623,134,130,4,4
72624,108,106,2,2
72625,154,143,11,11
72626,149,151,-2,2
72627,112,104,8,8
72628,117,117,0,0
72629,158,157,1,1
72630,83,79,4,4
72631,92,90,2,2
72632,80,77,3,3
72633,86,89,-3,3
72634,23,27,-4,4
72635,90,89,1,1
72636,129,133,-4,4
72637,122,123,-1,1
72638,49,58,-9,9
72639,58,65,-7,7
72640,115,110,5,5
72641,92,89,3,3
72642,146,167,-21,21
72643,69,86,-17,17
72644,107,119,-12,12
72645,152,145,7,7
72646,106,96,10,10
72647,78,79,-1,1
72648,122,108,14,14
72649,97,107,-10,10
72650,62,65,-3,3
72651,125,128,-3,3
72652,172,163,9,9
72653,73,76,-3,3
72654,88,88,0,0
72655,69,69,0,0
72656,72,65,7,7
72657,87,91,-4,4
72658,53,55,-2,2
72659,65,65,0,0
72660,117,117,0,0
72661,105,111,-6,6
72662,168,163,5,5
72663,83,95,-12,12
72664,65,69,-4,4
72665,108,105,3,3
72666,45,51,-6,6
72667,123,114,9,9
72668,62,71,-9,9
72669,69,71,-2,2
72670,65,66,-1,1
72671,88,101,-13,13
72672,70,72,-2,2
72673,115,114,1,1
72674,68,65,3,3
72675,109,110,-1,1
72676,117,121,-4,4
72677,68,71,-3,3
72678,93,88,5,5
72679,76,72,4,4
72680,147,139,8,8
72681,124,120,4,4
72682,146,145,1,1
72683,104,118,-14,14
72684,85,89,-4,4
72685,107,94,13,13
72686,131,120,11,11
72687,71,71,0,0
72688,78,71,7,7
72689,69,74,-5,5
72690,124,135,-11,11
72691,101,92,9,9
72692,64,60,4,4
72693,69,69,0,0
72694,60,71,-11,11
72695,97,92,5,5
72696,78,75,3,3
72697,106,129,-23,23
72698,102,95,7,7
72699,102,101,1,1
72700,135,134,1,1
72701,84,97,-13,13
72702,132,125,7,7
72703,81,78,3,3
72704,55,51,4,4
72705,80,75,5,5
72706,89,103,-14,14
72707,218,369,-151,151
72708,68,63,5,5
72709,136,117,19,19
72710,78,75,3,3
72711,66,71,-5,5
72712,115,116,-1,1
72713,102,96,6,6
72714,64,70,-6,6
72715,32,35,-3,3
72716,61,59,2,2
72717,98,100,-2,2
72718,87,71,16,16
72719,75,64,11,11
72720,131,123,8,8
72721,82,94,-12,12
72722,102,99,3,3
72723,68,63,5,5
72724,129,129,0,0
72725,147,145,2,2
72726,54,56,-2,2
72727,95,96,-1,1
72728,181,177,4,4
72729,102,107,-5,5
72730,49,56,-7,7
72731,100,93,7,7
72732,72,76,-4,4
72733,137,148,-11,11
72734,57,56,1,1
72735,85,80,5,5
72736,69,71,-2,2
72737,44,40,4,4
72738,102,104,-2,2
72739,140,144,-4,4
72740,59,62,-3,3
72741,59,70,-11,11
72742,67,63,4,4
72743,96,99,-3,3
72744,54,46,8,8
72745,81,76,5,5
72746,154,151,3,3
72747,134,145,-11,11
72748,100,83,17,17
72749,104,97,7,7
72750,92,105,-13,13
72751,63,63,0,0
72752,115,99,16,16
72753,55,56,-1,1
72754,163,158,5,5
72755,122,128,-6,6
72756,106,104,2,2
72757,90,96,-6,6
72758,97,92,5,5
72759,69,71,-2,2
72760,86,86,0,0
72761,87,88,-1,1
72762,134,124,10,10
72763,83,89,-6,6
72764,96,98,-2,2
72765,75,70,5,5
72766,91,80,11,11
72767,74,67,7,7
72768,105,107,-2,2
72769,109,104,5,5
72770,50,71,-21,21
72771,83,70,13,13
72772,101,99,2,2
72773,98,104,-6,6
72774,78,80,-2,2
72775,115,107,8,8
72776,151,142,9,9
72777,50,46,4,4
72778,111,114,-3,3
72779,75,86,-11,11
72780,191,187,4,4
72781,82,76,6,6
72782,133,126,7,7
72783,131,131,0,0
72784,69,66,3,3
72785,112,107,5,5
72786,52,59,-7,7
72787,109,123,-14,14
72788,82,81,1,1
72789,106,115,-9,9
72790,36,41,-5,5
72791,84,87,-3,3
72792,103,100,3,3
72793,56,59,-3,3
72794,78,79,-1,1
72795,69,68,1,1
72796,67,71,-4,4
72797,83,89,-6,6
72798,103,108,-5,5
72799,84,83,1,1
72800,68,76,-8,8
72801,78,77,1,1
72802,118,114,4,4
72803,112,113,-1,1
72804,108,112,-4,4
72805,113,112,1,1
72806,116,103,13,13
72807,67,65,2,2
72808,110,114,-4,4
72809,100,94,6,6
72810,111,101,10,10
72811,82,88,-6,6
72812,157,157,0,0
72813,75,78,-3,3
72814,102,102,0,0
72815,90,94,-4,4
72816,60,63,-3,3
72817,88,89,-1,1
72818,96,99,-3,3
72819,117,141,-24,24
72820,76,83,-7,7
72821,166,154,12,12
72822,187,164,23,23
72823,73,64,9,9
72824,91,97,-6,6
72825,125,126,-1,1
72826,60,66,-6,6
72827,91,87,4,4
72828,99,118,-19,19
72829,80,71,9,9
72830,125,125,0,0
72831,111,117,-6,6
72832,54,59,-5,5
72833,192,183,9,9
72834,159,150,9,9
72835,71,71,0,0
72836,80,87,-7,7
72837,58,59,-1,1
72838,78,72,6,6
72839,146,135,11,11
72840,73,71,2,2
72841,178,158,20,20
72842,94,95,-1,1
72843,131,126,5,5
72844,70,60,10,10
72845,126,130,-4,4
72846,84,82,2,2
72847,80,86,-6,6
72848,214,199,15,15
72849,111,110,1,1
72850,134,142,-8,8
72851,89,92,-3,3
72852,124,140,-16,16
72853,112,105,7,7
72854,94,105,-11,11
72855,110,105,5,5
72856,143,144,-1,1
72857,70,73,-3,3
72858,112,116,-4,4
72859,88,85,3,3
72860,89,80,9,9
72861,78,74,4,4
72862,121,114,7,7
72863,69,68,1,1
72864,82,83,-1,1
72865,137,172,-35,35
72866,116,118,-2,2
72867,169,161,8,8
72868,108,96,12,12
72869,62,60,2,2
72870,66,84,-18,18
72871,126,122,4,4
72872,77,71,6,6
72873,170,167,3,3
72874,48,55,-7,7
72875,123,114,9,9
72876,135,131,4,4
72877,128,129,-1,1
72878,108,109,-1,1
72879,102,96,6,6
72880,89,91,-2,2
72881,68,71,-3,3
72882,83,76,7,7
72883,174,178,-4,4
72884,130,109,21,21
72885,176,164,12,12
72886,87,98,-11,11
72887,69,63,6,6
72888,69,72,-3,3
72889,100,85,15,15
72890,164,160,4,4
72891,94,102,-8,8
72892,82,81,1,1
72893,191,191,0,0
72894,99,101,-2,2
72895,78,81,-3,3
72896,68,70,-2,2
72897,121,105,16,16
72898,128,122,6,6
72899,149,148,1,1
72900,164,157,7,7
72901,74,77,-3,3
72902,67,61,6,6
72903,59,64,-5,5
72904,100,120,-20,20
72905,62,73,-11,11
72906,100,102,-2,2
72907,79,81,-2,2
72908,137,156,-19,19
72909,74,72,2,2
72910,94,94,0,0
72911,119,101,18,18
72912,103,98,5,5
72913,95,93,2,2
72914,60,53,7,7
72915,111,106,5,5
72916,34,37,-3,3
72917,78,86,-8,8
72918,97,96,1,1
72919,111,113,-2,2
72920,85,91,-6,6
72921,149,141,8,8
72922,90,86,4,4
72923,49,50,-1,1
72924,138,132,6,6
72925,69,64,5,5
72926,79,71,8,8
72927,70,65,5,5
72928,82,82,0,0
72929,79,81,-2,2
72930,85,99,-14,14
72931,89,84,5,5
72932,67,67,0,0
72933,106,119,-13,13
72934,70,78,-8,8
72935,74,83,-9,9
72936,55,63,-8,8
72937,164,166,-2,2
72938,77,75,2,2
72939,57,58,-1,1
72940,97,111,-14,14
72941,136,146,-10,10
72942,83,81,2,2
72943,66,66,0,0
72944,92,96,-4,4
72945,92,96,-4,4
72946,71,65,6,6
72947,67,76,-9,9
72948,150,140,10,10
72949,69,74,-5,5
72950,132,125,7,7
72951,194,186,8,8
72952,137,142,-5,5
72953,68,72,-4,4
72954,90,99,-9,9
72955,113,114,-1,1
72956,61,56,5,5
72957,160,150,10,10
72958,149,149,0,0
72959,48,55,-7,7
72960,128,129,-1,1
72961,102,102,0,0
72962,95,98,-3,3
72963,68,63,5,5
72964,164,162,2,2
72965,92,104,-12,12
72966,100,90,10,10
72967,68,76,-8,8
72968,81,83,-2,2
72969,87,81,6,6
72970,121,106,15,15
72971,95,100,-5,5
72972,99,87,12,12
72973,59,67,-8,8
72974,140,131,9,9
72975,109,90,19,19
72976,147,138,9,9
72977,84,85,-1,1
72978,111,110,1,1
72979,85,92,-7,7
72980,63,71,-8,8
72981,64,60,4,4
72982,75,72,3,3
72983,136,121,15,15
72984,140,147,-7,7
72985,45,50,-5,5
72986,159,162,-3,3
72987,110,100,10,10
72988,54,65,-11,11
72989,129,133,-4,4
72990,170,184,-14,14
72991,111,110,1,1
72992,72,71,1,1
72993,129,130,-1,1
72994,67,70,-3,3
72995,159,175,-16,16
72996,60,66,-6,6
72997,91,91,0,0
72998,126,117,9,9
72999,240,210,30,30
73000,113,112,1,1
73001,85,80,5,5
73002,54,72,-18,18
73003,68,67,1,1
73004,89,85,4,4
73005,142,133,9,9
73006,146,138,8,8
73007,87,85,2,2
73008,122,127,-5,5
73009,81,58,23,23
73010,77,77,0,0
73011,113,102,11,11
73012,182,190,-8,8
73013,111,107,4,4
73014,97,88,9,9
73015,90,88,2,2
73016,149,145,4,4
73017,62,76,-14,14
73018,121,121,0,0
73019,90,87,3,3
73020,64,59,5,5
73021,158,156,2,2
73022,89,91,-2,2
73023,93,90,3,3
73024,82,73,9,9
73025,80,82,-2,2
73026,231,236,-5,5
73027,52,58,-6,6
73028,185,169,16,16
73029,125,132,-7,7
73030,116,110,6,6
73031,70,74,-4,4
73032,92,87,5,5
73033,135,141,-6,6
73034,83,91,-8,8
73035,78,79,-1,1
73036,89,89,0,0
73037,98,95,3,3
73038,74,79,-5,5
73039,117,121,-4,4
73040,65,211,-146,146
73041,80,79,1,1
73042,82,78,4,4
73043,144,152,-8,8
73044,64,63,1,1
73045,144,141,3,3
73046,46,44,2,2
73047,29,41,-12,12
73048,81,81,0,0
73049,115,113,2,2
73050,99,95,4,4
73051,80,75,5,5
73052,111,111,0,0
73053,113,113,0,0
73054,119,103,16,16
73055,49,42,7,7
73056,128,126,2,2
73057,168,161,7,7
73058,52,53,-1,1
73059,115,117,-2,2
73060,230,209,21,21
73061,113,133,-20,20
73062,66,61,5,5
73063,102,104,-2,2
73064,52,53,-1,1
73065,94,94,0,0
73066,69,73,-4,4
73067,146,158,-12,12
73068,130,126,4,4
73069,82,73,9,9
73070,51,52,-1,1
73071,114,109,5,5
73072,58,68,-10,10
73073,70,79,-9,9
73074,74,73,1,1
73075,75,70,5,5
73076,54,53,1,1
73077,134,138,-4,4
73078,46,44,2,2
73079,79,74,5,5
73080,66,75,-9,9
73081,114,119,-5,5
73082,76,86,-10,10
73083,149,145,4,4
73084,126,121,5,5
73085,91,100,-9,9
73086,56,56,0,0
73087,131,131,0,0
73088,119,133,-14,14
73089,119,119,0,0
73090,124,124,0,0
73091,142,141,1,1
73092,215,196,19,19
73093,59,61,-2,2
73094,60,59,1,1
73095,76,81,-5,5
73096,54,50,4,4
73097,78,88,-10,10
73098,133,143,-10,10
73099,56,54,2,2
73100,79,81,-2,2
73101,74,71,3,3
73102,55,64,-9,9
73103,62,56,6,6
73104,47,45,2,2
73105,112,119,-7,7
73106,112,108,4,4
73107,122,118,4,4
73108,104,104,0,0
73109,81,101,-20,20
73110,76,84,-8,8
73111,61,60,1,1
73112,230,188,42,42
73113,87,86,1,1
73114,94,90,4,4
73115,83,80,3,3
73116,154,135,19,19
73117,140,132,8,8
73118,81,86,-5,5
73119,78,74,4,4
73120,112,108,4,4
73121,133,123,10,10
73122,72,76,-4,4
73123,150,126,24,24
73124,133,130,3,3
73125,74,65,9,9
73126,122,122,0,0
73127,90,91,-1,1
73128,69,64,5,5
73129,75,80,-5,5
73130,50,47,3,3
73131,135,130,5,5
73132,126,123,3,3
73133,68,85,-17,17
73134,88,86,2,2
73135,78,86,-8,8
73136,55,61,-6,6
73137,94,103,-9,9
73138,57,70,-13,13
73139,70,74,-4,4
73140,150,147,3,3
73141,67,73,-6,6
73142,78,85,-7,7
73143,82,87,-5,5
73144,123,129,-6,6
73145,75,68,7,7
73146,151,156,-5,5
73147,79,74,5,5
73148,116,111,5,5
73149,89,84,5,5
73150,143,138,5,5
73151,94,96,-2,2
73152,94,99,-5,5
73153,81,87,-6,6
73154,77,84,-7,7
73155,85,87,-2,2
73156,104,111,-7,7
73157,58,62,-4,4
73158,76,84,-8,8
73159,72,73,-1,1
73160,90,86,4,4
73161,126,136,-10,10
73162,81,81,0,0
73163,113,113,0,0
73164,72,78,-6,6
73165,111,119,-8,8
73166,94,89,5,5
73167,77,74,3,3
73168,76,71,5,5
73169,91,85,6,6
73170,84,88,-4,4
73171,50,61,-11,11
73172,111,116,-5,5
73173,160,156,4,4
73174,90,81,9,9
73175,165,178,-13,13
73176,153,139,14,14
73177,38,42,-4,4
73178,76,92,-16,16
73179,73,73,0,0
73180,99,104,-5,5
73181,64,63,1,1
73182,148,141,7,7
73183,146,144,2,2
73184,86,87,-1,1
73185,70,78,-8,8
73186,74,70,4,4
73187,102,98,4,4
73188,76,65,11,11
73189,115,108,7,7
73190,111,108,3,3
73191,67,67,0,0
73192,120,134,-14,14
73193,72,74,-2,2
73194,93,92,1,1
73195,256,250,6,6
73196,157,157,0,0
73197,70,70,0,0
73198,95,109,-14,14
73199,99,104,-5,5
73200,94,92,2,2
73201,81,76,5,5
73202,102,95,7,7
73203,107,110,-3,3
73204,137,130,7,7
73205,91,92,-1,1
73206,90,98,-8,8
73207,68,66,2,2
73208,59,63,-4,4
73209,86,90,-4,4
73210,118,131,-13,13
73211,197,195,2,2
73212,55,75,-20,20
73213,82,79,3,3
73214,96,101,-5,5
73215,88,98,-10,10
73216,72,84,-12,12
73217,56,67,-11,11
73218,110,108,2,2
73219,75,72,3,3
73220,107,120,-13,13
73221,100,108,-8,8
73222,137,127,10,10
73223,76,78,-2,2
73224,174,174,0,0
73225,101,107,-6,6
73226,85,87,-2,2
73227,53,59,-6,6
73228,108,93,15,15
73229,82,79,3,3
73230,84,92,-8,8
73231,92,94,-2,2
73232,125,139,-14,14
73233,93,104,-11,11
73234,54,60,-6,6
73235,113,106,7,7
73236,196,199,-3,3
73237,71,66,5,5
73238,75,73,2,2
73239,46,49,-3,3
73240,107,112,-5,5
73241,82,89,-7,7
73242,88,101,-13,13
73243,57,55,2,2
73244,153,142,11,11
73245,131,139,-8,8
73246,111,128,-17,17
73247,136,140,-4,4
73248,58,63,-5,5
73249,85,85,0,0
73250,98,92,6,6
73251,80,81,-1,1
73252,82,91,-9,9
73253,74,68,6,6
73254,135,124,11,11
73255,88,92,-4,4
73256,27,42,-15,15
73257,60,63,-3,3
73258,82,80,2,2
73259,176,179,-3,3
73260,163,145,18,18
73261,130,137,-7,7
73262,120,117,3,3
73263,143,128,15,15
73264,138,144,-6,6
73265,88,83,5,5
73266,125,126,-1,1
73267,81,78,3,3
73268,56,56,0,0
73269,70,71,-1,1
73270,59,64,-5,5
73271,117,137,-20,20
73272,35,39,-4,4
73273,115,107,8,8
73274,59,63,-4,4
73275,88,82,6,6
73276,124,132,-8,8
73277,110,97,13,13
73278,118,114,4,4
73279,103,95,8,8
73280,121,123,-2,2
73281,78,77,1,1
73282,69,75,-6,6
73283,129,126,3,3
73284,75,70,5,5
73285,54,55,-1,1
73286,185,172,13,13
73287,105,102,3,3
73288,65,59,6,6
73289,145,131,14,14
73290,134,124,10,10
73291,102,98,4,4
73292,75,76,-1,1
73293,106,101,5,5
73294,122,124,-2,2
73295,42,49,-7,7
73296,144,153,-9,9
73297,104,100,4,4
73298,117,110,7,7
73299,69,72,-3,3
73300,63,72,-9,9
73301,184,156,28,28
73302,96,95,1,1
73303,86,77,9,9
73304,98,98,0,0
73305,78,77,1,1
73306,91,89,2,2
73307,53,52,1,1
73308,79,78,1,1
73309,141,135,6,6
73310,82,81,1,1
73311,49,52,-3,3
73312,109,103,6,6
73313,61,64,-3,3
73314,90,94,-4,4
73315,61,56,5,5
73316,94,106,-12,12
73317,134,139,-5,5
73318,65,71,-6,6
73319,136,134,2,2
73320,164,161,3,3
73321,98,106,-8,8
73322,83,85,-2,2
73323,40,44,-4,4
73324,67,78,-11,11
73325,90,87,3,3
73326,62,56,6,6
73327,60,57,3,3
73328,115,106,9,9
73329,135,138,-3,3
73330,75,75,0,0
73331,35,62,-27,27
73332,94,108,-14,14
73333,113,109,4,4
73334,133,130,3,3
73335,103,74,29,29
73336,108,100,8,8
73337,65,65,0,0
73338,67,58,9,9
73339,121,119,2,2
73340,89,100,-11,11
73341,69,71,-2,2
73342,128,129,-1,1
73343,99,92,7,7
73344,100,98,2,2
73345,88,74,14,14
73346,160,153,7,7
73347,94,90,4,4
73348,111,113,-2,2
73349,83,74,9,9
73350,51,61,-10,10
73351,126,122,4,4
73352,150,140,10,10
73353,57,58,-1,1
73354,63,67,-4,4
73355,112,116,-4,4
73356,196,189,7,7
73357,71,73,-2,2
73358,152,151,1,1
73359,87,88,-1,1
73360,59,58,1,1
73361,144,141,3,3
73362,122,115,7,7
73363,61,68,-7,7
73364,99,109,-10,10
73365,74,65,9,9
73366,68,71,-3,3
73367,92,98,-6,6
73368,147,152,-5,5
73369,114,113,1,1
73370,64,64,0,0
73371,92,78,14,14
73372,85,80,5,5
73373,100,94,6,6
73374,142,137,5,5
73375,34,31,3,3
73376,107,96,11,11
73377,110,107,3,3
73378,154,150,4,4
73379,69,71,-2,2
73380,91,102,-11,11
73381,124,117,7,7
73382,71,63,8,8
73383,61,57,4,4
73384,110,108,2,2
73385,86,95,-9,9
73386,143,136,7,7
73387,65,64,1,1
73388,82,77,5,5
73389,90,96,-6,6
73390,156,161,-5,5
73391,177,177,0,0
73392,108,107,1,1
73393,100,113,-13,13
73394,60,66,-6,6
73395,81,94,-13,13
73396,99,106,-7,7
73397,63,87,-24,24
73398,87,103,-16,16
73399,53,51,2,2
73400,47,50,-3,3
73401,65,73,-8,8
73402,79,76,3,3
73403,65,67,-2,2
73404,99,104,-5,5
73405,61,62,-1,1
73406,101,111,-10,10
73407,75,70,5,5
73408,99,108,-9,9
73409,84,85,-1,1
73410,130,127,3,3
73411,147,135,12,12
73412,103,104,-1,1
73413,48,47,1,1
73414,88,86,2,2
73415,115,109,6,6
73416,81,82,-1,1
73417,69,80,-11,11
73418,144,149,-5,5
73419,103,96,7,7
73420,84,81,3,3
73421,175,179,-4,4
73422,133,121,12,12
73423,88,89,-1,1
73424,112,113,-1,1
73425,98,103,-5,5
73426,79,76,3,3
73427,65,64,1,1
73428,75,85,-10,10
73429,101,108,-7,7
73430,44,48,-4,4
73431,89,88,1,1
73432,107,108,-1,1
73433,85,85,0,0
73434,42,48,-6,6
73435,86,91,-5,5
73436,92,87,5,5
73437,70,73,-3,3
73438,79,79,0,0
73439,39,54,-15,15
73440,90,88,2,2
73441,126,119,7,7
73442,116,113,3,3
73443,69,73,-4,4
73444,51,57,-6,6
73445,107,102,5,5
73446,88,89,-1,1
73447,104,97,7,7
73448,81,72,9,9
73449,78,77,1,1
73450,87,91,-4,4
73451,63,74,-11,11
73452,92,95,-3,3
73453,125,131,-6,6
73454,113,112,1,1
73455,50,50,0,0
73456,71,68,3,3
73457,78,79,-1,1
73458,65,65,0,0
73459,145,138,7,7
73460,64,61,3,3
73461,83,82,1,1
73462,162,148,14,14
73463,84,86,-2,2
73464,149,151,-2,2
73465,68,73,-5,5
73466,84,88,-4,4
73467,74,65,9,9
73468,106,105,1,1
73469,87,91,-4,4
73470,102,120,-18,18
73471,142,130,12,12
73472,159,156,3,3
73473,49,51,-2,2
73474,133,141,-8,8
73475,89,88,1,1
73476,47,52,-5,5
73477,111,116,-5,5
73478,79,76,3,3
73479,108,121,-13,13
73480,58,60,-2,2
73481,111,121,-10,10
73482,46,49,-3,3
73483,69,71,-2,2
73484,144,148,-4,4
73485,122,120,2,2
73486,114,111,3,3
73487,60,57,3,3
73488,75,78,-3,3
73489,79,80,-1,1
73490,97,100,-3,3
73491,177,179,-2,2
73492,111,108,3,3
73493,35,42,-7,7
73494,133,121,12,12
73495,58,54,4,4
73496,114,103,11,11
73497,80,83,-3,3
73498,133,115,18,18
73499,116,120,-4,4
73500,88,74,14,14
73501,126,120,6,6
73502,135,129,6,6
73503,85,88,-3,3
73504,154,155,-1,1
73505,118,117,1,1
73506,92,91,1,1
73507,146,153,-7,7
73508,63,66,-3,3
73509,77,83,-6,6
73510,113,110,3,3
73511,110,118,-8,8
73512,63,66,-3,3
73513,78,72,6,6
73514,130,125,5,5
73515,64,59,5,5
73516,81,86,-5,5
73517,75,65,10,10
73518,41,50,-9,9
73519,139,136,3,3
73520,60,62,-2,2
73521,81,82,-1,1
73522,108,107,1,1
73523,102,101,1,1
73524,63,61,2,2
73525,111,103,8,8
73526,42,45,-3,3
73527,93,96,-3,3
73528,106,115,-9,9
73529,92,85,7,7
73530,87,86,1,1
73531,100,103,-3,3
73532,73,72,1,1
73533,65,61,4,4
73534,84,95,-11,11
73535,158,159,-1,1
73536,73,73,0,0
73537,116,131,-15,15
73538,79,87,-8,8
73539,114,108,6,6
73540,108,109,-1,1
73541,89,85,4,4
73542,65,74,-9,9
73543,123,117,6,6
73544,70,74,-4,4
73545,58,60,-2,2
73546,61,68,-7,7
73547,118,133,-15,15
73548,91,99,-8,8
73549,82,89,-7,7
73550,42,53,-11,11
73551,43,46,-3,3
73552,144,135,9,9
73553,60,74,-14,14
73554,29,54,-25,25
73555,111,99,12,12
73556,69,70,-1,1
73557,192,175,17,17
73558,88,108,-20,20
73559,64,64,0,0
73560,131,136,-5,5
73561,107,114,-7,7
73562,95,108,-13,13
73563,70,74,-4,4
73564,51,49,2,2
73565,195,186,9,9
73566,77,79,-2,2
73567,117,124,-7,7
73568,87,81,6,6
73569,46,47,-1,1
73570,71,68,3,3
73571,65,63,2,2
73572,171,186,-15,15
73573,106,108,-2,2
73574,82,83,-1,1
73575,130,122,8,8
73576,58,65,-7,7
73577,105,112,-7,7
73578,121,126,-5,5
73579,148,159,-11,11
73580,87,87,0,0
73581,98,106,-8,8
73582,74,82,-8,8
73583,138,138,0,0
73584,95,102,-7,7
73585,104,104,0,0
73586,64,60,4,4
73587,74,76,-2,2
73588,126,108,18,18
73589,93,104,-11,11
73590,80,81,-1,1
73591,62,64,-2,2
73592,56,62,-6,6
73593,91,96,-5,5
73594,202,190,12,12
73595,97,101,-4,4
73596,109,121,-12,12
73597,62,46,16,16
73598,156,157,-1,1
73599,62,59,3,3
73600,156,156,0,0
73601,60,63,-3,3
73602,67,63,4,4
73603,109,117,-8,8
73604,129,124,5,5
73605,126,120,6,6
73606,141,135,6,6
73607,117,106,11,11
73608,167,163,4,4
73609,123,132,-9,9
73610,127,120,7,7
73611,70,67,3,3
73612,67,66,1,1
73613,93,93,0,0
73614,79,75,4,4
73615,80,82,-2,2
73616,81,87,-6,6
73617,77,75,2,2
73618,57,60,-3,3
73619,125,136,-11,11
73620,137,126,11,11
73621,98,105,-7,7
73622,76,73,3,3
73623,99,89,10,10
73624,88,90,-2,2
73625,71,71,0,0
73626,85,83,2,2
73627,93,97,-4,4
73628,112,103,9,9
73629,63,66,-3,3
73630,79,90,-11,11
73631,90,92,-2,2
73632,71,71,0,0
73633,67,82,-15,15
73634,147,132,15,15
73635,57,76,-19,19
73636,61,61,0,0
73637,100,97,3,3
73638,79,76,3,3
73639,136,114,22,22
73640,88,93,-5,5
73641,67,66,1,1
73642,173,175,-2,2
73643,111,101,10,10
73644,96,82,14,14
73645,91,85,6,6
73646,90,82,8,8
73647,93,90,3,3
73648,99,101,-2,2
73649,57,56,1,1
73650,71,65,6,6
73651,165,158,7,7
73652,91,105,-14,14
73653,59,57,2,2
73654,103,104,-1,1
73655,72,72,0,0
73656,95,92,3,3
73657,86,79,7,7
73658,142,122,20,20
73659,92,92,0,0
73660,86,89,-3,3
73661,143,135,8,8
73662,37,44,-7,7
73663,66,66,0,0
73664,121,119,2,2
73665,89,89,0,0
73666,54,67,-13,13
73667,64,66,-2,2
73668,48,47,1,1
73669,33,39,-6,6
73670,154,150,4,4
73671,55,59,-4,4
73672,85,77,8,8
73673,68,67,1,1
73674,88,91,-3,3
73675,61,61,0,0
73676,123,116,7,7
73677,98,100,-2,2
73678,161,159,2,2
73679,53,55,-2,2
73680,68,73,-5,5
73681,131,125,6,6
73682,100,98,2,2
73683,64,62,2,2
73684,109,122,-13,13
73685,87,87,0,0
73686,78,82,-4,4
73687,56,61,-5,5
73688,96,91,5,5
73689,104,101,3,3
73690,94,95,-1,1
73691,66,65,1,1
73692,106,102,4,4
73693,132,146,-14,14
73694,142,122,20,20
73695,112,119,-7,7
73696,104,78,26,26
73697,129,139,-10,10
73698,107,103,4,4
73699,137,147,-10,10
73700,81,86,-5,5
73701,57,58,-1,1
73702,126,119,7,7
73703,57,71,-14,14
73704,141,131,10,10
73705,94,93,1,1
73706,56,66,-10,10
73707,100,93,7,7
73708,65,71,-6,6
73709,153,153,0,0
73710,106,111,-5,5
73711,65,65,0,0
73712,89,93,-4,4
73713,69,61,8,8
73714,172,167,5,5
73715,74,76,-2,2
73716,55,64,-9,9
73717,95,91,4,4
73718,80,84,-4,4
73719,72,77,-5,5
73720,69,71,-2,2
73721,77,86,-9,9
73722,136,132,4,4
73723,60,58,2,2
73724,106,102,4,4
73725,98,93,5,5
73726,113,113,0,0
73727,66,66,0,0
73728,117,110,7,7
73729,75,73,2,2
73730,123,123,0,0
73731,54,53,1,1
73732,157,170,-13,13
73733,100,94,6,6
73734,74,76,-2,2
73735,61,63,-2,2
73736,72,75,-3,3
73737,81,77,4,4
73738,138,149,-11,11
73739,137,143,-6,6
73740,163,149,14,14
73741,65,77,-12,12
73742,130,132,-2,2
73743,68,75,-7,7
73744,97,91,6,6
73745,167,165,2,2
73746,93,79,14,14
73747,63,67,-4,4
73748,91,85,6,6
73749,174,165,9,9
73750,138,124,14,14
73751,75,78,-3,3
73752,129,138,-9,9
73753,116,107,9,9
73754,47,43,4,4
73755,116,107,9,9
73756,103,98,5,5
73757,112,108,4,4
73758,133,127,6,6
73759,55,59,-4,4
73760,75,79,-4,4
73761,53,54,-1,1
73762,88,99,-11,11
73763,132,130,2,2
73764,35,38,-3,3
73765,45,51,-6,6
73766,67,70,-3,3
73767,124,109,15,15
73768,148,139,9,9
73769,138,127,11,11
73770,98,92,6,6
73771,81,80,1,1
73772,54,55,-1,1
73773,35,38,-3,3
73774,69,63,6,6
73775,66,63,3,3
73776,116,109,7,7
73777,86,84,2,2
73778,95,100,-5,5
73779,95,100,-5,5
73780,61,61,0,0
73781,79,82,-3,3
73782,74,95,-21,21
73783,117,115,2,2
73784,63,64,-1,1
73785,138,123,15,15
73786,125,128,-3,3
73787,95,100,-5,5
73788,66,67,-1,1
73789,53,55,-2,2
73790,83,85,-2,2
73791,60,65,-5,5
73792,52,54,-2,2
73793,55,53,2,2
73794,100,107,-7,7
73795,91,110,-19,19
73796,87,88,-1,1
73797,63,55,8,8
73798,122,98,24,24
73799,75,73,2,2
73800,57,66,-9,9
73801,55,61,-6,6
73802,110,99,11,11
73803,88,92,-4,4
73804,155,168,-13,13
73805,96,102,-6,6
73806,81,84,-3,3
73807,102,101,1,1
73808,141,127,14,14
73809,105,102,3,3
73810,68,64,4,4
73811,80,75,5,5
73812,94,103,-9,9
73813,60,60,0,0
73814,107,94,13,13
73815,112,115,-3,3
73816,92,95,-3,3
73817,86,77,9,9
73818,131,116,15,15
73819,62,58,4,4
73820,146,148,-2,2
73821,67,82,-15,15
73822,77,80,-3,3
73823,101,107,-6,6
73824,80,75,5,5
73825,97,83,14,14
73826,140,131,9,9
73827,128,144,-16,16
73828,108,112,-4,4
73829,91,89,2,2
73830,91,98,-7,7
73831,87,82,5,5
73832,151,135,16,16
73833,91,96,-5,5
73834,161,152,9,9
73835,60,63,-3,3
73836,135,127,8,8
73837,73,89,-16,16
73838,88,101,-13,13
73839,71,70,1,1
73840,80,81,-1,1
73841,50,51,-1,1
73842,106,103,3,3
73843,66,65,1,1
73844,90,99,-9,9
73845,122,127,-5,5
73846,99,97,2,2
73847,73,73,0,0
73848,60,59,1,1
73849,63,79,-16,16
73850,105,124,-19,19
73851,34,39,-5,5
73852,74,84,-10,10
73853,122,121,1,1
73854,123,112,11,11
73855,66,63,3,3
73856,122,117,5,5
73857,114,110,4,4
73858,165,166,-1,1
73859,139,156,-17,17
73860,58,49,9,9
73861,70,70,0,0
73862,71,65,6,6
73863,158,185,-27,27
73864,66,64,2,2
73865,166,135,31,31
73866,129,133,-4,4
73867,91,89,2,2
73868,109,133,-24,24
73869,118,132,-14,14
73870,90,94,-4,4
73871,125,122,3,3
73872,94,86,8,8
73873,107,99,8,8
73874,144,128,16,16
73875,83,78,5,5
73876,71,76,-5,5
73877,93,95,-2,2
73878,103,104,-1,1
73879,78,79,-1,1
73880,33,75,-42,42
73881,44,81,-37,37
73882,129,126,3,3
73883,210,200,10,10
73884,98,93,5,5
73885,60,79,-19,19
73886,110,103,7,7
73887,56,58,-2,2
73888,149,138,11,11
73889,86,85,1,1
73890,101,101,0,0
73891,80,76,4,4
73892,96,95,1,1
73893,66,66,0,0
73894,73,71,2,2
73895,87,75,12,12
73896,73,65,8,8
73897,96,92,4,4
73898,36,47,-11,11
73899,171,199,-28,28
73900,125,125,0,0
73901,82,84,-2,2
73902,79,73,6,6
73903,148,142,6,6
73904,137,135,2,2
73905,82,85,-3,3
73906,72,95,-23,23
73907,57,59,-2,2
73908,162,166,-4,4
73909,148,137,11,11
73910,82,75,7,7
73911,76,73,3,3
73912,72,66,6,6
73913,42,39,3,3
73914,102,110,-8,8
73915,61,64,-3,3
73916,107,109,-2,2
73917,72,65,7,7
73918,117,131,-14,14
73919,70,67,3,3
73920,60,60,0,0
73921,110,93,17,17
73922,94,94,0,0
73923,121,131,-10,10
73924,102,103,-1,1
73925,61,63,-2,2
73926,69,72,-3,3
73927,51,63,-12,12
73928,113,125,-12,12
73929,148,176,-28,28
73930,129,125,4,4
73931,60,60,0,0
73932,82,101,-19,19
73933,149,142,7,7
73934,64,60,4,4
73935,95,101,-6,6
73936,105,103,2,2
73937,129,129,0,0
73938,140,139,1,1
73939,143,150,-7,7
73940,67,63,4,4
73941,81,81,0,0
73942,131,122,9,9
73943,61,57,4,4
73944,95,95,0,0
73945,121,118,3,3
73946,96,85,11,11
73947,159,138,21,21
73948,51,55,-4,4
73949,72,76,-4,4
73950,83,83,0,0
73951,114,111,3,3
73952,90,95,-5,5
73953,72,71,1,1
73954,88,82,6,6
73955,149,140,9,9
73956,69,65,4,4
73957,67,71,-4,4
73958,65,73,-8,8
73959,119,126,-7,7
73960,146,135,11,11
73961,75,85,-10,10
73962,175,161,14,14
73963,109,118,-9,9
73964,80,79,1,1
73965,99,90,9,9
73966,137,138,-1,1
73967,77,94,-17,17
73968,44,71,-27,27
73969,96,89,7,7
73970,55,54,1,1
73971,113,106,7,7
73972,108,109,-1,1
73973,55,55,0,0
73974,138,121,17,17
73975,74,73,1,1
73976,69,72,-3,3
73977,131,130,1,1
73978,129,164,-35,35
73979,103,108,-5,5
73980,50,53,-3,3
73981,90,94,-4,4
73982,42,43,-1,1
73983,140,158,-18,18
73984,76,90,-14,14
73985,113,109,4,4
73986,43,52,-9,9
73987,73,87,-14,14
73988,116,118,-2,2
73989,112,120,-8,8
73990,126,131,-5,5
73991,98,105,-7,7
73992,83,82,1,1
73993,51,72,-21,21
73994,73,93,-20,20
73995,220,197,23,23
73996,72,82,-10,10
73997,63,64,-1,1
73998,107,109,-2,2
73999,90,84,6,6
74000,50,56,-6,6
74001,100,97,3,3
74002,126,119,7,7
74003,73,74,-1,1
74004,88,93,-5,5
74005,65,77,-12,12
74006,73,71,2,2
74007,83,84,-1,1
74008,118,126,-8,8
74009,77,72,5,5
74010,175,171,4,4
74011,101,100,1,1
74012,72,72,0,0
74013,84,87,-3,3
74014,320,379,-59,59
74015,86,102,-16,16
74016,48,50,-2,2
74017,82,75,7,7
74018,111,102,9,9
74019,83,85,-2,2
74020,105,124,-19,19
74021,87,93,-6,6
74022,92,93,-1,1
74023,106,105,1,1
74024,179,179,0,0
74025,123,116,7,7
74026,68,76,-8,8
74027,52,49,3,3
74028,155,136,19,19
74029,97,113,-16,16
74030,78,82,-4,4
74031,52,51,1,1
74032,62,62,0,0
74033,92,95,-3,3
74034,113,110,3,3
74035,141,139,2,2
74036,66,72,-6,6
74037,97,91,6,6
74038,80,101,-21,21
74039,71,91,-20,20
74040,117,114,3,3
74041,202,196,6,6
74042,89,85,4,4
74043,65,72,-7,7
74044,83,91,-8,8
74045,151,144,7,7
74046,68,63,5,5
74047,84,89,-5,5
74048,114,110,4,4
74049,67,67,0,0
74050,48,46,2,2
74051,108,111,-3,3
74052,159,144,15,15
74053,84,80,4,4
74054,153,143,10,10
74055,52,69,-17,17
74056,159,158,1,1
74057,118,124,-6,6
74058,83,89,-6,6
74059,50,51,-1,1
74060,125,119,6,6
74061,41,90,-49,49
74062,62,74,-12,12
74063,85,77,8,8
74064,133,136,-3,3
74065,129,123,6,6
74066,97,96,1,1
74067,102,105,-3,3
74068,23,40,-17,17
74069,74,79,-5,5
74070,41,52,-11,11
74071,108,116,-8,8
74072,104,105,-1,1
74073,108,95,13,13
74074,97,95,2,2
74075,74,78,-4,4
74076,94,94,0,0
74077,78,78,0,0
74078,117,123,-6,6
74079,119,121,-2,2
74080,60,54,6,6
74081,86,83,3,3
74082,84,85,-1,1
74083,72,73,-1,1
74084,93,101,-8,8
74085,72,72,0,0
74086,156,142,14,14
74087,73,78,-5,5
74088,108,101,7,7
74089,126,140,-14,14
74090,93,91,2,2
74091,79,71,8,8
74092,181,157,24,24
74093,83,79,4,4
74094,119,121,-2,2
74095,71,71,0,0
74096,77,71,6,6
74097,104,123,-19,19
74098,72,79,-7,7
74099,68,70,-2,2
74100,98,100,-2,2
74101,57,80,-23,23
74102,80,108,-28,28
74103,73,74,-1,1
74104,191,178,13,13
74105,100,93,7,7
74106,132,120,12,12
74107,40,39,1,1
74108,54,56,-2,2
74109,154,152,2,2
74110,139,134,5,5
74111,107,108,-1,1
74112,128,120,8,8
74113,133,124,9,9
74114,83,73,10,10
74115,63,87,-24,24
74116,81,80,1,1
74117,163,157,6,6
74118,109,109,0,0
74119,63,63,0,0
74120,90,92,-2,2
74121,81,92,-11,11
74122,66,63,3,3
74123,120,127,-7,7
74124,89,84,5,5
74125,67,71,-4,4
74126,85,91,-6,6
74127,78,80,-2,2
74128,75,81,-6,6
74129,198,192,6,6
74130,92,94,-2,2
74131,118,111,7,7
74132,57,62,-5,5
74133,155,152,3,3
74134,86,84,2,2
74135,67,63,4,4
74136,178,153,25,25
74137,68,70,-2,2
74138,85,85,0,0
74139,79,84,-5,5
74140,93,84,9,9
74141,50,58,-8,8
74142,58,57,1,1
74143,104,105,-1,1
74144,100,98,2,2
74145,201,195,6,6
74146,105,108,-3,3
74147,105,109,-4,4
74148,90,90,0,0
74149,68,77,-9,9
74150,74,81,-7,7
74151,60,60,0,0
74152,59,79,-20,20
74153,97,104,-7,7
74154,87,84,3,3
74155,55,65,-10,10
74156,111,105,6,6
74157,119,108,11,11
74158,115,120,-5,5
74159,59,53,6,6
74160,61,62,-1,1
74161,30,55,-25,25
74162,96,94,2,2
74163,131,117,14,14
74164,183,182,1,1
74165,161,170,-9,9
74166,146,149,-3,3
74167,200,188,12,12
74168,100,102,-2,2
74169,114,112,2,2
74170,108,108,0,0
74171,73,73,0,0
74172,75,72,3,3
74173,72,72,0,0
74174,143,155,-12,12
74175,101,94,7,7
74176,66,71,-5,5
74177,164,149,15,15
74178,85,82,3,3
74179,88,87,1,1
74180,98,101,-3,3
74181,54,97,-43,43
74182,95,96,-1,1
74183,64,67,-3,3
74184,144,143,1,1
74185,105,105,0,0
74186,102,112,-10,10
74187,114,97,17,17
74188,54,57,-3,3
74189,112,104,8,8
74190,181,170,11,11
74191,110,103,7,7
74192,75,63,12,12
74193,51,62,-11,11
74194,98,95,3,3
74195,85,87,-2,2
74196,54,63,-9,9
74197,57,61,-4,4
74198,77,87,-10,10
74199,66,78,-12,12
74200,84,76,8,8
74201,102,107,-5,5
74202,124,127,-3,3
74203,129,126,3,3
74204,195,195,0,0
74205,111,115,-4,4
74206,109,121,-12,12
74207,68,65,3,3
74208,57,55,2,2
74209,76,89,-13,13
74210,99,95,4,4
74211,78,86,-8,8
74212,124,122,2,2
74213,83,77,6,6
74214,82,75,7,7
74215,73,72,1,1
74216,66,66,0,0
74217,102,104,-2,2
74218,107,115,-8,8
74219,101,97,4,4
74220,119,122,-3,3
74221,120,133,-13,13
74222,69,71,-2,2
74223,80,97,-17,17
74224,113,112,1,1
74225,63,67,-4,4
74226,94,84,10,10
74227,146,152,-6,6
74228,109,107,2,2
74229,117,111,6,6
74230,66,65,1,1
74231,151,135,16,16
74232,60,57,3,3
74233,146,161,-15,15
74234,135,133,2,2
74235,90,80,10,10
74236,48,54,-6,6
74237,71,70,1,1
74238,155,157,-2,2
74239,86,75,11,11
74240,111,124,-13,13
74241,96,95,1,1
74242,137,155,-18,18
74243,81,85,-4,4
74244,60,65,-5,5
74245,83,94,-11,11
74246,106,108,-2,2
74247,67,74,-7,7
74248,52,54,-2,2
74249,104,101,3,3
74250,73,81,-8,8
74251,87,92,-5,5
74252,148,151,-3,3
74253,77,72,5,5
74254,92,92,0,0
74255,201,194,7,7
74256,50,52,-2,2
74257,149,149,0,0
74258,150,135,15,15
74259,89,100,-11,11
74260,131,126,5,5
74261,73,66,7,7
74262,83,88,-5,5
74263,155,154,1,1
74264,80,61,19,19
74265,128,130,-2,2
74266,59,58,1,1
74267,85,93,-8,8
74268,87,103,-16,16
74269,85,82,3,3
74270,72,67,5,5
74271,72,77,-5,5
74272,56,59,-3,3
74273,127,128,-1,1
74274,73,69,4,4
74275,94,80,14,14
74276,72,72,0,0
74277,48,46,2,2
74278,130,117,13,13
74279,103,89,14,14
74280,96,83,13,13
74281,140,144,-4,4
74282,63,70,-7,7
74283,61,58,3,3
74284,78,78,0,0
74285,75,71,4,4
74286,81,86,-5,5
74287,79,85,-6,6
74288,94,97,-3,3
74289,117,119,-2,2
74290,59,58,1,1
74291,84,83,1,1
74292,149,147,2,2
74293,109,113,-4,4
74294,46,57,-11,11
74295,131,119,12,12
74296,118,114,4,4
74297,83,96,-13,13
74298,68,85,-17,17
74299,70,86,-16,16
74300,49,53,-4,4
74301,73,72,1,1
74302,132,134,-2,2
74303,93,85,8,8
74304,159,162,-3,3
74305,107,111,-4,4
74306,185,174,11,11
74307,143,144,-1,1
74308,60,70,-10,10
74309,78,73,5,5
74310,106,111,-5,5
74311,98,89,9,9
74312,101,86,15,15
74313,39,57,-18,18
74314,104,110,-6,6
74315,51,65,-14,14
74316,88,82,6,6
74317,83,82,1,1
74318,116,133,-17,17
74319,59,58,1,1
74320,88,84,4,4
74321,206,182,24,24
74322,147,128,19,19
74323,40,51,-11,11
74324,45,48,-3,3
74325,89,91,-2,2
74326,146,142,4,4
74327,76,80,-4,4
74328,92,75,17,17
74329,35,46,-11,11
74330,77,93,-16,16
74331,104,112,-8,8
74332,97,92,5,5
74333,135,133,2,2
74334,63,62,1,1
74335,54,58,-4,4
74336,117,121,-4,4
74337,79,74,5,5
74338,64,71,-7,7
74339,63,65,-2,2
74340,63,63,0,0
74341,80,83,-3,3
74342,136,135,1,1
74343,106,92,14,14
74344,76,72,4,4
74345,80,82,-2,2
74346,126,125,1,1
74347,96,91,5,5
74348,56,54,2,2
74349,124,128,-4,4
74350,137,136,1,1
74351,63,68,-5,5
74352,59,64,-5,5
74353,102,101,1,1
74354,41,40,1,1
74355,84,92,-8,8
74356,99,102,-3,3
74357,108,119,-11,11
74358,125,127,-2,2
74359,115,114,1,1
74360,84,83,1,1
74361,100,107,-7,7
74362,128,131,-3,3
74363,60,63,-3,3
74364,77,81,-4,4
74365,63,58,5,5
74366,90,101,-11,11
74367,64,76,-12,12
74368,61,53,8,8
74369,99,106,-7,7
74370,97,101,-4,4
74371,65,59,6,6
74372,99,107,-8,8
74373,181,171,10,10
74374,83,87,-4,4
74375,102,103,-1,1
74376,136,144,-8,8
74377,56,55,1,1
74378,132,131,1,1
74379,76,78,-2,2
74380,101,98,3,3
74381,110,93,17,17
74382,51,52,-1,1
74383,60,69,-9,9
74384,127,129,-2,2
74385,81,108,-27,27
74386,59,60,-1,1
74387,82,81,1,1
74388,103,98,5,5
74389,99,95,4,4
74390,50,43,7,7
74391,85,100,-15,15
74392,67,60,7,7
74393,125,121,4,4
74394,93,92,1,1
74395,116,116,0,0
74396,68,76,-8,8
74397,77,75,2,2
74398,95,96,-1,1
74399,59,64,-5,5
74400,111,104,7,7
74401,79,84,-5,5
74402,84,89,-5,5
74403,89,98,-9,9
74404,164,158,6,6
74405,72,72,0,0
74406,78,83,-5,5
74407,149,161,-12,12
74408,95,78,17,17
74409,85,75,10,10
74410,96,95,1,1
74411,72,64,8,8
74412,112,101,11,11
74413,77,78,-1,1
74414,40,44,-4,4
74415,110,112,-2,2
74416,59,71,-12,12
74417,107,107,0,0
74418,66,76,-10,10
74419,87,85,2,2
74420,72,74,-2,2
74421,85,96,-11,11
74422,49,51,-2,2
74423,72,79,-7,7
74424,156,162,-6,6
74425,75,59,16,16
74426,83,76,7,7
74427,107,106,1,1
74428,97,92,5,5
74429,108,103,5,5
74430,89,83,6,6
74431,103,117,-14,14
74432,133,137,-4,4
74433,56,53,3,3
74434,77,76,1,1
74435,88,94,-6,6
74436,106,118,-12,12
74437,134,141,-7,7
74438,81,88,-7,7
74439,126,126,0,0
74440,69,72,-3,3
74441,120,165,-45,45
74442,121,117,4,4
74443,62,63,-1,1
74444,85,81,4,4
74445,93,87,6,6
74446,111,110,1,1
74447,99,121,-22,22
74448,50,54,-4,4
74449,98,108,-10,10
74450,83,74,9,9
74451,94,104,-10,10
74452,144,147,-3,3
74453,49,52,-3,3
74454,46,45,1,1
74455,87,93,-6,6
74456,80,84,-4,4
74457,150,129,21,21
74458,67,75,-8,8
74459,39,39,0,0
74460,82,74,8,8
74461,76,75,1,1
74462,56,58,-2,2
74463,33,45,-12,12
74464,95,90,5,5
74465,67,57,10,10
74466,87,93,-6,6
74467,101,95,6,6
74468,62,60,2,2
74469,62,68,-6,6
74470,93,85,8,8
74471,71,61,10,10
74472,79,82,-3,3
74473,86,81,5,5
74474,70,76,-6,6
74475,117,111,6,6
74476,51,75,-24,24
74477,168,164,4,4
74478,120,108,12,12
74479,99,93,6,6
74480,73,82,-9,9
74481,120,124,-4,4
74482,136,132,4,4
74483,57,67,-10,10
74484,89,86,3,3
74485,89,97,-8,8
74486,81,88,-7,7
74487,72,60,12,12
74488,104,105,-1,1
74489,141,135,6,6
74490,79,82,-3,3
74491,167,161,6,6
74492,86,85,1,1
74493,138,125,13,13
74494,66,65,1,1
74495,59,58,1,1
74496,110,126,-16,16
74497,82,78,4,4
74498,92,93,-1,1
74499,62,62,0,0
74500,82,73,9,9
74501,62,65,-3,3
74502,94,87,7,7
74503,135,159,-24,24
74504,227,251,-24,24
74505,85,83,2,2
74506,74,85,-11,11
74507,106,142,-36,36
74508,52,55,-3,3
74509,96,110,-14,14
74510,97,97,0,0
74511,143,144,-1,1
74512,84,71,13,13
74513,77,71,6,6
74514,49,50,-1,1
74515,116,113,3,3
74516,67,91,-24,24
74517,74,82,-8,8
74518,83,82,1,1
74519,77,75,2,2
74520,113,113,0,0
74521,125,118,7,7
74522,59,57,2,2
74523,62,64,-2,2
74524,148,148,0,0
74525,56,65,-9,9
74526,85,99,-14,14
74527,158,142,16,16
74528,79,88,-9,9
74529,87,79,8,8
74530,115,145,-30,30
74531,62,61,1,1
74532,78,78,0,0
74533,107,99,8,8
74534,129,127,2,2
74535,109,103,6,6
74536,46,53,-7,7
74537,73,71,2,2
74538,47,46,1,1
74539,57,56,1,1
74540,136,143,-7,7
74541,74,73,1,1
74542,73,71,2,2
74543,117,116,1,1
74544,64,56,8,8
74545,65,75,-10,10
74546,61,62,-1,1
74547,40,51,-11,11
74548,84,79,5,5
74549,96,102,-6,6
74550,108,96,12,12
74551,148,148,0,0
74552,111,114,-3,3
74553,131,139,-8,8
74554,55,61,-6,6
74555,132,128,4,4
74556,156,127,29,29
74557,68,66,2,2
74558,109,105,4,4
74559,65,62,3,3
74560,78,72,6,6
74561,136,132,4,4
74562,190,200,-10,10
74563,157,158,-1,1
74564,110,114,-4,4
74565,50,57,-7,7
74566,123,133,-10,10
74567,127,128,-1,1
74568,88,90,-2,2
74569,116,114,2,2
74570,85,91,-6,6
74571,116,109,7,7
74572,181,178,3,3
74573,87,94,-7,7
74574,135,142,-7,7
74575,64,76,-12,12
74576,92,90,2,2
74577,59,62,-3,3
74578,81,72,9,9
74579,71,71,0,0
74580,130,140,-10,10
74581,96,88,8,8
74582,86,81,5,5
74583,107,128,-21,21
74584,118,116,2,2
74585,93,95,-2,2
74586,88,96,-8,8
74587,54,62,-8,8
74588,101,104,-3,3
74589,58,63,-5,5
74590,109,104,5,5
74591,106,115,-9,9
74592,139,138,1,1
74593,50,54,-4,4
74594,168,169,-1,1
74595,115,122,-7,7
74596,70,74,-4,4
74597,92,88,4,4
74598,133,132,1,1
74599,74,76,-2,2
74600,159,167,-8,8
74601,120,127,-7,7
74602,84,102,-18,18
74603,103,108,-5,5
74604,183,157,26,26
74605,139,135,4,4
74606,86,89,-3,3
74607,82,85,-3,3
74608,61,71,-10,10
74609,123,102,21,21
74610,87,87,0,0
74611,135,137,-2,2
74612,99,95,4,4
74613,74,72,2,2
74614,74,79,-5,5
74615,139,142,-3,3
74616,85,84,1,1
74617,70,75,-5,5
74618,106,108,-2,2
74619,123,123,0,0
74620,100,102,-2,2
74621,61,62,-1,1
74622,92,92,0,0
74623,132,137,-5,5
74624,59,63,-4,4
74625,226,215,11,11
74626,84,76,8,8
74627,165,176,-11,11
74628,83,92,-9,9
74629,115,110,5,5
74630,159,147,12,12
74631,93,83,10,10
74632,126,135,-9,9
74633,51,52,-1,1
74634,118,118,0,0
74635,80,67,13,13
74636,161,147,14,14
74637,91,91,0,0
74638,83,81,2,2
74639,91,87,4,4
74640,234,231,3,3
74641,78,73,5,5
74642,101,98,3,3
74643,72,71,1,1
74644,92,74,18,18
74645,44,59,-15,15
74646,76,79,-3,3
74647,106,104,2,2
74648,119,110,9,9
74649,111,94,17,17
74650,111,117,-6,6
74651,105,99,6,6
74652,62,65,-3,3
74653,113,119,-6,6
74654,94,101,-7,7
74655,155,148,7,7
74656,59,59,0,0
74657,86,97,-11,11
74658,61,60,1,1
74659,198,184,14,14
74660,83,82,1,1
74661,50,60,-10,10
74662,126,124,2,2
74663,95,91,4,4
74664,95,87,8,8
74665,24,37,-13,13
74666,90,95,-5,5
74667,47,48,-1,1
74668,64,74,-10,10
74669,107,114,-7,7
74670,94,86,8,8
74671,77,77,0,0
74672,111,129,-18,18
74673,107,110,-3,3
74674,33,37,-4,4
74675,73,71,2,2
74676,63,65,-2,2
74677,90,92,-2,2
74678,89,156,-67,67
74679,79,74,5,5
74680,128,132,-4,4
74681,91,91,0,0
74682,114,110,4,4
74683,103,96,7,7
74684,61,47,14,14
74685,122,136,-14,14
74686,114,114,0,0
74687,143,143,0,0
74688,75,75,0,0
74689,66,64,2,2
74690,90,95,-5,5
74691,108,95,13,13
74692,74,76,-2,2
74693,137,138,-1,1
74694,121,112,9,9
74695,85,108,-23,23
74696,47,54,-7,7
74697,51,61,-10,10
74698,79,72,7,7
74699,80,76,4,4
74700,111,110,1,1
74701,126,137,-11,11
74702,37,41,-4,4
74703,87,84,3,3
74704,102,101,1,1
74705,73,75,-2,2
74706,81,94,-13,13
74707,85,73,12,12
74708,127,121,6,6
74709,127,115,12,12
74710,93,108,-15,15
74711,122,124,-2,2
74712,175,159,16,16
74713,96,98,-2,2
74714,88,81,7,7
74715,162,145,17,17
74716,124,137,-13,13
74717,42,39,3,3
74718,90,93,-3,3
74719,91,92,-1,1
74720,129,127,2,2
74721,53,57,-4,4
74722,75,76,-1,1
74723,88,89,-1,1
74724,70,63,7,7
74725,185,182,3,3
74726,105,103,2,2
74727,128,123,5,5
74728,103,99,4,4
74729,100,107,-7,7
74730,71,74,-3,3
74731,157,144,13,13
74732,103,110,-7,7
74733,118,120,-2,2
74734,140,181,-41,41
74735,102,104,-2,2
74736,71,67,4,4
74737,143,149,-6,6
74738,58,65,-7,7
74739,96,102,-6,6
74740,112,114,-2,2
74741,85,87,-2,2
74742,92,106,-14,14
74743,81,86,-5,5
74744,102,104,-2,2
74745,43,60,-17,17
74746,87,83,4,4
74747,118,118,0,0
74748,85,76,9,9
74749,100,105,-5,5
74750,83,93,-10,10
74751,83,65,18,18
74752,89,89,0,0
74753,50,51,-1,1
74754,134,132,2,2
74755,65,58,7,7
74756,72,76,-4,4
74757,75,71,4,4
74758,78,76,2,2
74759,81,87,-6,6
74760,105,119,-14,14
74761,67,64,3,3
74762,136,72,64,64
74763,86,100,-14,14
74764,139,137,2,2
74765,78,75,3,3
74766,38,37,1,1
74767,78,75,3,3
74768,59,57,2,2
74769,91,86,5,5
74770,152,148,4,4
74771,148,160,-12,12
74772,108,105,3,3
74773,77,72,5,5
74774,83,75,8,8
74775,89,86,3,3
74776,104,97,7,7
74777,117,123,-6,6
74778,151,149,2,2
74779,45,53,-8,8
74780,60,55,5,5
74781,125,127,-2,2
74782,41,42,-1,1
74783,49,51,-2,2
74784,140,136,4,4
74785,90,94,-4,4
74786,93,95,-2,2
74787,100,88,12,12
74788,125,121,4,4
74789,114,118,-4,4
74790,128,130,-2,2
74791,60,60,0,0
74792,191,183,8,8
74793,140,145,-5,5
74794,82,96,-14,14
74795,76,72,4,4
74796,117,117,0,0
74797,83,88,-5,5
74798,82,80,2,2
74799,122,131,-9,9
74800,60,61,-1,1
74801,117,118,-1,1
74802,96,88,8,8
74803,115,116,-1,1
74804,134,132,2,2
74805,109,109,0,0
74806,91,85,6,6
74807,72,75,-3,3
74808,96,89,7,7
74809,80,84,-4,4
74810,71,74,-3,3
74811,95,85,10,10
74812,101,104,-3,3
74813,67,64,3,3
74814,87,94,-7,7
74815,89,90,-1,1
74816,62,63,-1,1
74817,126,156,-30,30
74818,78,85,-7,7
74819,100,107,-7,7
74820,96,92,4,4
74821,100,102,-2,2
74822,59,62,-3,3
74823,93,91,2,2
74824,120,120,0,0
74825,70,75,-5,5
74826,46,49,-3,3
74827,153,148,5,5
74828,91,91,0,0
74829,94,96,-2,2
74830,74,87,-13,13
74831,87,76,11,11
74832,76,78,-2,2
74833,56,61,-5,5
74834,104,124,-20,20
74835,126,128,-2,2
74836,115,114,1,1
74837,107,119,-12,12
74838,41,52,-11,11
74839,75,71,4,4
74840,76,81,-5,5
74841,75,78,-3,3
74842,50,54,-4,4
74843,118,121,-3,3
74844,131,130,1,1
74845,92,139,-47,47
74846,113,110,3,3
74847,126,116,10,10
74848,65,74,-9,9
74849,128,124,4,4
74850,89,90,-1,1
74851,100,90,10,10
74852,85,82,3,3
74853,166,154,12,12
74854,100,117,-17,17
74855,119,121,-2,2
74856,72,66,6,6
74857,78,81,-3,3
74858,70,63,7,7
74859,84,84,0,0
74860,56,52,4,4
74861,18,30,-12,12
74862,75,78,-3,3
74863,107,117,-10,10
74864,86,77,9,9
74865,128,130,-2,2
74866,99,107,-8,8
74867,69,75,-6,6
74868,130,125,5,5
74869,127,129,-2,2
74870,188,181,7,7
74871,99,103,-4,4
74872,83,81,2,2
74873,105,98,7,7
74874,56,59,-3,3
74875,84,81,3,3
74876,43,53,-10,10
74877,104,117,-13,13
74878,93,95,-2,2
74879,111,120,-9,9
74880,106,120,-14,14
74881,77,74,3,3
74882,74,71,3,3
74883,138,139,-1,1
74884,47,45,2,2
74885,158,159,-1,1
74886,111,115,-4,4
74887,84,90,-6,6
74888,129,136,-7,7
74889,76,78,-2,2
74890,84,85,-1,1
74891,67,65,2,2
74892,61,51,10,10
74893,107,101,6,6
74894,79,71,8,8
74895,112,124,-12,12
74896,53,54,-1,1
74897,84,83,1,1
74898,46,47,-1,1
74899,115,110,5,5
74900,48,46,2,2
74901,51,50,1,1
74902,73,89,-16,16
74903,81,104,-23,23
74904,53,55,-2,2
74905,144,142,2,2
74906,93,90,3,3
74907,63,76,-13,13
74908,47,47,0,0
74909,117,102,15,15
74910,172,132,40,40
74911,57,63,-6,6
74912,143,143,0,0
74913,108,116,-8,8
74914,140,134,6,6
74915,70,73,-3,3
74916,96,97,-1,1
74917,107,112,-5,5
74918,116,112,4,4
74919,120,121,-1,1
74920,60,54,6,6
74921,77,84,-7,7
74922,112,115,-3,3
74923,97,110,-13,13
74924,183,192,-9,9
74925,95,94,1,1
74926,92,91,1,1
74927,76,91,-15,15
74928,99,103,-4,4
74929,85,77,8,8
74930,76,82,-6,6
74931,93,94,-1,1
74932,50,57,-7,7
74933,55,60,-5,5
74934,88,90,-2,2
74935,97,108,-11,11
74936,83,84,-1,1
74937,54,51,3,3
74938,86,81,5,5
74939,77,83,-6,6
74940,282,343,-61,61
74941,136,131,5,5
74942,91,81,10,10
74943,150,166,-16,16
74944,66,72,-6,6
74945,71,81,-10,10
74946,87,85,2,2
74947,87,95,-8,8
74948,119,124,-5,5
74949,148,139,9,9
74950,117,116,1,1
74951,85,90,-5,5
74952,97,97,0,0
74953,49,56,-7,7
74954,103,114,-11,11
74955,38,39,-1,1
74956,86,98,-12,12
74957,49,48,1,1
74958,103,99,4,4
74959,103,131,-28,28
74960,45,46,-1,1
74961,103,102,1,1
74962,83,77,6,6
74963,95,90,5,5
74964,60,66,-6,6
74965,102,107,-5,5
74966,138,152,-14,14
74967,83,83,0,0
74968,95,96,-1,1
74969,96,94,2,2
74970,150,156,-6,6
74971,53,52,1,1
74972,133,117,16,16
74973,45,52,-7,7
74974,50,47,3,3
74975,35,85,-50,50
74976,103,93,10,10
74977,58,56,2,2
74978,72,77,-5,5
74979,100,107,-7,7
74980,95,91,4,4
74981,109,104,5,5
74982,57,68,-11,11
74983,68,87,-19,19
74984,89,87,2,2
74985,129,127,2,2
74986,118,119,-1,1
74987,114,113,1,1
74988,112,108,4,4
74989,103,99,4,4
74990,95,97,-2,2
74991,130,141,-11,11
74992,95,82,13,13
74993,129,128,1,1
74994,84,82,2,2
74995,103,111,-8,8
74996,146,146,0,0
74997,84,93,-9,9
74998,143,140,3,3
74999,84,88,-4,4
75000,69,75,-6,6
75001,94,102,-8,8
75002,56,74,-18,18
75003,133,136,-3,3
75004,49,58,-9,9
75005,58,54,4,4
75006,122,111,11,11
75007,117,119,-2,2
75008,87,83,4,4
75009,113,115,-2,2
75010,60,62,-2,2
75011,65,64,1,1
75012,103,103,0,0
75013,152,141,11,11
75014,121,122,-1,1
75015,119,116,3,3
75016,47,53,-6,6
75017,113,107,6,6
75018,101,101,0,0
75019,73,84,-11,11
75020,88,98,-10,10
75021,156,147,9,9
75022,99,92,7,7
75023,86,87,-1,1
75024,101,104,-3,3
75025,91,89,2,2
75026,59,60,-1,1
75027,72,74,-2,2
75028,111,99,12,12
75029,108,111,-3,3
75030,78,80,-2,2
75031,63,67,-4,4
75032,97,103,-6,6
75033,76,77,-1,1
75034,94,110,-16,16
75035,83,82,1,1
75036,72,71,1,1
75037,113,102,11,11
75038,126,124,2,2
75039,86,98,-12,12
75040,67,61,6,6
75041,149,143,6,6
75042,89,84,5,5
75043,115,110,5,5
75044,111,99,12,12
75045,135,143,-8,8
75046,54,60,-6,6
75047,123,130,-7,7
75048,82,87,-5,5
75049,26,45,-19,19
75050,66,66,0,0
75051,117,108,9,9
75052,135,146,-11,11
75053,70,67,3,3
75054,59,56,3,3
75055,141,143,-2,2
75056,64,61,3,3
75057,126,132,-6,6
75058,97,97,0,0
75059,54,55,-1,1
75060,99,97,2,2
75061,138,128,10,10
75062,130,137,-7,7
75063,111,91,20,20
75064,81,81,0,0
75065,97,94,3,3
75066,146,147,-1,1
75067,92,87,5,5
75068,68,57,11,11
75069,70,73,-3,3
75070,79,71,8,8
75071,57,65,-8,8
75072,70,64,6,6
75073,52,58,-6,6
75074,82,95,-13,13
75075,72,73,-1,1
75076,86,80,6,6
75077,124,115,9,9
75078,71,70,1,1
75079,75,59,16,16
75080,111,102,9,9
75081,85,76,9,9
75082,77,74,3,3
75083,116,120,-4,4
75084,121,134,-13,13
75085,63,60,3,3
75086,65,63,2,2
75087,92,93,-1,1
75088,115,112,3,3
75089,62,60,2,2
75090,90,87,3,3
75091,50,52,-2,2
75092,81,87,-6,6
75093,33,39,-6,6
75094,141,136,5,5
75095,51,52,-1,1
75096,32,41,-9,9
75097,89,105,-16,16
75098,117,122,-5,5
75099,97,104,-7,7
75100,92,84,8,8
75101,71,69,2,2
75102,76,75,1,1
75103,42,59,-17,17
75104,84,94,-10,10
75105,87,95,-8,8
75106,153,147,6,6
75107,91,93,-2,2
75108,59,81,-22,22
75109,69,71,-2,2
75110,109,101,8,8
75111,115,106,9,9
75112,169,172,-3,3
75113,67,70,-3,3
75114,96,96,0,0
75115,94,95,-1,1
75116,173,148,25,25
75117,96,94,2,2
75118,127,110,17,17
75119,58,58,0,0
75120,69,65,4,4
75121,68,71,-3,3
75122,141,144,-3,3
75123,110,137,-27,27
75124,46,90,-44,44
75125,56,120,-64,64
75126,99,112,-13,13
75127,117,118,-1,1
75128,53,57,-4,4
75129,92,91,1,1
75130,100,115,-15,15
75131,100,93,7,7
75132,92,101,-9,9
75133,67,60,7,7
75134,148,135,13,13
75135,122,125,-3,3
75136,162,161,1,1
75137,86,89,-3,3
75138,165,152,13,13
75139,106,98,8,8
75140,84,102,-18,18
75141,97,95,2,2
75142,61,59,2,2
75143,187,194,-7,7
75144,153,164,-11,11
75145,57,60,-3,3
75146,101,102,-1,1
75147,154,131,23,23
75148,108,108,0,0
75149,55,53,2,2
75150,113,100,13,13
75151,55,54,1,1
75152,101,89,12,12
75153,91,98,-7,7
75154,89,91,-2,2
75155,96,92,4,4
75156,52,64,-12,12
75157,54,58,-4,4
75158,69,72,-3,3
75159,95,111,-16,16
75160,88,81,7,7
75161,126,125,1,1
75162,82,94,-12,12
75163,76,82,-6,6
75164,112,109,3,3
75165,117,111,6,6
75166,113,113,0,0
75167,97,90,7,7
75168,98,99,-1,1
75169,83,80,3,3
75170,76,73,3,3
75171,80,72,8,8
75172,111,111,0,0
75173,135,128,7,7
75174,62,66,-4,4
75175,140,141,-1,1
75176,68,71,-3,3
75177,141,145,-4,4
75178,53,62,-9,9
75179,140,144,-4,4
75180,74,72,2,2
75181,70,70,0,0
75182,78,88,-10,10
75183,103,98,5,5
75184,97,96,1,1
75185,75,76,-1,1
75186,143,148,-5,5
75187,163,160,3,3
75188,71,71,0,0
75189,58,58,0,0
75190,69,71,-2,2
75191,72,74,-2,2
75192,158,160,-2,2
75193,93,105,-12,12
75194,80,82,-2,2
75195,142,138,4,4
75196,46,63,-17,17
75197,76,68,8,8
75198,129,172,-43,43
75199,82,80,2,2
75200,146,138,8,8
75201,93,92,1,1
75202,113,108,5,5
75203,142,152,-10,10
75204,72,71,1,1
75205,74,75,-1,1
75206,88,108,-20,20
75207,105,117,-12,12
75208,110,119,-9,9
75209,83,80,3,3
75210,27,46,-19,19
75211,136,134,2,2
75212,81,80,1,1
75213,98,94,4,4
75214,120,120,0,0
75215,92,81,11,11
75216,145,130,15,15
75217,137,137,0,0
75218,103,110,-7,7
75219,121,136,-15,15
75220,54,66,-12,12
75221,112,113,-1,1
75222,76,78,-2,2
75223,89,85,4,4
75224,160,123,37,37
75225,28,44,-16,16
75226,76,67,9,9
75227,165,166,-1,1
75228,100,94,6,6
75229,152,145,7,7
75230,82,82,0,0
75231,94,85,9,9
75232,60,63,-3,3
75233,125,125,0,0
75234,69,73,-4,4
75235,120,98,22,22
75236,91,87,4,4
75237,96,92,4,4
75238,45,48,-3,3
75239,56,61,-5,5
75240,76,73,3,3
75241,75,78,-3,3
75242,79,81,-2,2
75243,124,117,7,7
75244,106,98,8,8
75245,122,121,1,1
75246,51,55,-4,4
75247,69,71,-2,2
75248,85,90,-5,5
75249,115,152,-37,37
75250,115,109,6,6
75251,115,113,2,2
75252,60,67,-7,7
75253,76,74,2,2
75254,32,42,-10,10
75255,79,80,-1,1
75256,44,45,-1,1
75257,58,61,-3,3
75258,130,129,1,1
75259,132,128,4,4
75260,79,80,-1,1
75261,92,95,-3,3
75262,144,148,-4,4
75263,54,59,-5,5
75264,133,121,12,12
75265,64,74,-10,10
75266,92,94,-2,2
75267,156,154,2,2
75268,58,53,5,5
75269,82,73,9,9
75270,86,85,1,1
75271,173,172,1,1
75272,94,94,0,0
75273,60,70,-10,10
75274,108,104,4,4
75275,126,127,-1,1
75276,56,55,1,1
75277,98,101,-3,3
75278,92,83,9,9
75279,117,111,6,6
75280,52,45,7,7
75281,94,93,1,1
75282,78,76,2,2
75283,76,102,-26,26
75284,67,65,2,2
75285,124,133,-9,9
75286,128,129,-1,1
75287,73,67,6,6
75288,62,59,3,3
75289,100,111,-11,11
75290,130,133,-3,3
75291,61,61,0,0
75292,262,243,19,19
75293,60,58,2,2
75294,102,116,-14,14
75295,57,58,-1,1
75296,97,110,-13,13
75297,84,88,-4,4
75298,61,87,-26,26
75299,135,128,7,7
75300,104,87,17,17
75301,79,81,-2,2
75302,187,164,23,23
75303,62,59,3,3
75304,94,92,2,2
75305,94,105,-11,11
75306,94,86,8,8
75307,126,117,9,9
75308,126,116,10,10
75309,108,100,8,8
75310,60,52,8,8
75311,93,109,-16,16
75312,53,57,-4,4
75313,61,64,-3,3
75314,79,80,-1,1
75315,74,71,3,3
75316,50,46,4,4
75317,75,57,18,18
75318,40,51,-11,11
75319,47,50,-3,3
75320,78,82,-4,4
75321,51,54,-3,3
75322,97,98,-1,1
75323,54,49,5,5
75324,100,104,-4,4
75325,91,87,4,4
75326,48,53,-5,5
75327,46,50,-4,4
75328,153,153,0,0
75329,123,123,0,0
75330,52,59,-7,7
75331,92,86,6,6
75332,71,81,-10,10
75333,141,129,12,12
75334,46,40,6,6
75335,72,75,-3,3
75336,84,82,2,2
75337,82,88,-6,6
75338,78,73,5,5
75339,77,71,6,6
75340,93,82,11,11
75341,47,51,-4,4
75342,67,65,2,2
75343,67,67,0,0
75344,113,106,7,7
75345,179,179,0,0
75346,95,98,-3,3
75347,164,162,2,2
75348,45,48,-3,3
75349,127,118,9,9
75350,118,127,-9,9
75351,96,91,5,5
75352,57,53,4,4
75353,151,150,1,1
75354,69,84,-15,15
75355,79,78,1,1
75356,86,86,0,0
75357,186,184,2,2
75358,147,137,10,10
75359,109,115,-6,6
75360,97,87,10,10
75361,110,110,0,0
75362,69,65,4,4
75363,65,66,-1,1
75364,119,116,3,3
75365,58,63,-5,5
75366,77,76,1,1
75367,97,99,-2,2
75368,95,96,-1,1
75369,123,128,-5,5
75370,107,130,-23,23
75371,117,116,1,1
75372,72,84,-12,12
75373,119,113,6,6
75374,103,103,0,0
75375,129,133,-4,4
75376,83,78,5,5
75377,248,249,-1,1
75378,93,83,10,10
75379,129,131,-2,2
75380,68,79,-11,11
75381,117,116,1,1
75382,87,90,-3,3
75383,118,116,2,2
75384,98,91,7,7
75385,103,108,-5,5
75386,69,72,-3,3
75387,110,107,3,3
75388,125,122,3,3
75389,113,113,0,0
75390,112,109,3,3
75391,81,73,8,8
75392,86,89,-3,3
75393,148,141,7,7
75394,102,99,3,3
75395,31,37,-6,6
75396,64,66,-2,2
75397,114,119,-5,5
75398,87,90,-3,3
75399,127,131,-4,4
75400,91,100,-9,9
75401,74,71,3,3
75402,175,161,14,14
75403,223,185,38,38
75404,87,76,11,11
75405,67,63,4,4
75406,59,55,4,4
75407,104,91,13,13
75408,64,89,-25,25
75409,149,159,-10,10
75410,125,120,5,5
75411,45,49,-4,4
75412,93,99,-6,6
75413,86,86,0,0
75414,80,76,4,4
75415,73,60,13,13
75416,92,86,6,6
75417,120,144,-24,24
75418,126,119,7,7
75419,73,72,1,1
75420,54,58,-4,4
75421,65,66,-1,1
75422,100,102,-2,2
75423,105,102,3,3
75424,85,79,6,6
75425,100,96,4,4
75426,81,88,-7,7
75427,67,70,-3,3
75428,174,172,2,2
75429,132,127,5,5
75430,127,107,20,20
75431,96,107,-11,11
75432,73,67,6,6
75433,86,83,3,3
75434,73,71,2,2
75435,124,124,0,0
75436,75,72,3,3
75437,49,62,-13,13
75438,99,131,-32,32
75439,55,55,0,0
75440,141,120,21,21
75441,62,67,-5,5
75442,75,72,3,3
75443,99,98,1,1
75444,97,94,3,3
75445,104,104,0,0
75446,96,88,8,8
75447,122,125,-3,3
75448,101,91,10,10
75449,109,113,-4,4
75450,111,110,1,1
75451,99,91,8,8
75452,77,87,-10,10
75453,118,126,-8,8
75454,89,82,7,7
75455,75,81,-6,6
75456,59,60,-1,1
75457,57,62,-5,5
75458,99,95,4,4
75459,88,77,11,11
75460,106,101,5,5
75461,101,109,-8,8
75462,131,126,5,5
75463,127,128,-1,1
75464,65,62,3,3
75465,101,90,11,11
75466,140,133,7,7
75467,122,121,1,1
75468,80,79,1,1
75469,128,134,-6,6
75470,85,88,-3,3
75471,111,117,-6,6
75472,78,90,-12,12
75473,93,92,1,1
75474,42,43,-1,1
75475,66,55,11,11
75476,95,100,-5,5
75477,90,77,13,13
75478,100,110,-10,10
75479,82,83,-1,1
75480,67,78,-11,11
75481,105,101,4,4
75482,110,103,7,7
75483,56,59,-3,3
75484,37,38,-1,1
75485,65,70,-5,5
75486,72,74,-2,2
75487,106,110,-4,4
75488,99,94,5,5
75489,104,102,2,2
75490,87,90,-3,3
75491,76,84,-8,8
75492,53,46,7,7
75493,57,62,-5,5
75494,69,63,6,6
75495,83,78,5,5
75496,56,62,-6,6
75497,78,79,-1,1
75498,95,105,-10,10
75499,78,78,0,0
75500,74,72,2,2
75501,82,101,-19,19
75502,95,92,3,3
75503,85,79,6,6
75504,63,71,-8,8
75505,124,126,-2,2
75506,67,60,7,7
75507,112,114,-2,2
75508,94,93,1,1
75509,69,66,3,3
75510,121,131,-10,10
75511,82,85,-3,3
75512,111,109,2,2
75513,126,129,-3,3
75514,74,70,4,4
75515,81,78,3,3
75516,100,103,-3,3
75517,148,139,9,9
75518,88,89,-1,1
75519,70,71,-1,1
75520,150,134,16,16
75521,88,84,4,4
75522,28,36,-8,8
75523,93,93,0,0
75524,96,106,-10,10
75525,90,88,2,2
75526,150,165,-15,15
75527,75,82,-7,7
75528,93,107,-14,14
75529,150,149,1,1
75530,123,99,24,24
75531,133,136,-3,3
75532,69,88,-19,19
75533,167,143,24,24
75534,46,38,8,8
75535,92,96,-4,4
75536,54,55,-1,1
75537,154,140,14,14
75538,45,49,-4,4
75539,137,134,3,3
75540,115,109,6,6
75541,99,92,7,7
75542,93,88,5,5
75543,83,76,7,7
75544,115,107,8,8
75545,23,55,-32,32
75546,92,95,-3,3
75547,85,90,-5,5
75548,80,74,6,6
75549,190,196,-6,6
75550,95,92,3,3
75551,153,136,17,17
75552,83,92,-9,9
75553,51,52,-1,1
75554,85,85,0,0
75555,85,89,-4,4
75556,59,65,-6,6
75557,172,163,9,9
75558,53,57,-4,4
75559,128,117,11,11
75560,72,72,0,0
75561,130,124,6,6
75562,54,60,-6,6
75563,145,122,23,23
75564,94,103,-9,9
75565,111,113,-2,2
75566,35,47,-12,12
75567,74,80,-6,6
75568,85,91,-6,6
75569,129,127,2,2
75570,49,58,-9,9
75571,56,64,-8,8
75572,99,97,2,2
75573,79,97,-18,18
75574,129,126,3,3
75575,74,76,-2,2
75576,78,90,-12,12
75577,70,72,-2,2
75578,157,178,-21,21
75579,98,99,-1,1
75580,66,71,-5,5
75581,75,77,-2,2
75582,76,72,4,4
75583,94,102,-8,8
75584,100,92,8,8
75585,50,51,-1,1
75586,98,98,0,0
75587,96,102,-6,6
75588,134,137,-3,3
75589,108,99,9,9
75590,212,210,2,2
75591,138,139,-1,1
75592,88,84,4,4
75593,12,33,-21,21
75594,66,66,0,0
75595,98,88,10,10
75596,110,107,3,3
75597,75,72,3,3
75598,146,150,-4,4
75599,176,183,-7,7
75600,91,81,10,10
75601,88,84,4,4
75602,51,52,-1,1
75603,190,177,13,13
75604,128,129,-1,1
75605,74,76,-2,2
75606,83,86,-3,3
75607,64,65,-1,1
75608,127,132,-5,5
75609,130,123,7,7
75610,95,87,8,8
75611,66,140,-74,74
75612,46,36,10,10
75613,79,81,-2,2
75614,110,108,2,2
75615,116,117,-1,1
75616,68,73,-5,5
75617,70,86,-16,16
75618,59,74,-15,15
75619,107,94,13,13
75620,77,86,-9,9
75621,97,124,-27,27
75622,160,154,6,6
75623,130,146,-16,16
75624,60,61,-1,1
75625,104,104,0,0
75626,91,93,-2,2
75627,89,100,-11,11
75628,49,53,-4,4
75629,155,156,-1,1
75630,94,92,2,2
75631,146,147,-1,1
75632,87,95,-8,8
75633,127,125,2,2
75634,79,85,-6,6
75635,93,96,-3,3
75636,121,127,-6,6
75637,74,69,5,5
75638,113,113,0,0
75639,163,154,9,9
75640,122,108,14,14
75641,118,127,-9,9
75642,56,60,-4,4
75643,129,124,5,5
75644,128,126,2,2
75645,159,150,9,9
75646,62,62,0,0
75647,108,113,-5,5
75648,72,71,1,1
75649,79,81,-2,2
75650,166,165,1,1
75651,62,70,-8,8
75652,144,149,-5,5
75653,129,123,6,6
75654,72,74,-2,2
75655,93,85,8,8
75656,86,97,-11,11
75657,126,122,4,4
75658,86,84,2,2
75659,87,87,0,0
75660,183,180,3,3
75661,68,64,4,4
75662,80,76,4,4
75663,63,72,-9,9
75664,61,65,-4,4
75665,103,106,-3,3
75666,46,49,-3,3
75667,107,100,7,7
75668,127,129,-2,2
75669,89,86,3,3
75670,104,108,-4,4
75671,82,90,-8,8
75672,114,119,-5,5
75673,82,81,1,1
75674,109,115,-6,6
75675,105,107,-2,2
75676,67,73,-6,6
75677,64,65,-1,1
75678,109,109,0,0
75679,50,51,-1,1
75680,49,49,0,0
75681,89,93,-4,4
75682,163,162,1,1
75683,64,68,-4,4
75684,180,171,9,9
75685,73,123,-50,50
75686,155,151,4,4
75687,106,109,-3,3
75688,102,98,4,4
75689,142,146,-4,4
75690,62,61,1,1
75691,93,96,-3,3
75692,125,107,18,18
75693,71,72,-1,1
75694,62,72,-10,10
75695,129,125,4,4
75696,109,124,-15,15
75697,174,171,3,3
75698,103,111,-8,8
75699,124,114,10,10
75700,74,82,-8,8
75701,96,93,3,3
75702,112,112,0,0
75703,78,79,-1,1
75704,59,58,1,1
75705,54,59,-5,5
75706,86,82,4,4
75707,99,116,-17,17
75708,120,138,-18,18
75709,134,127,7,7
75710,141,132,9,9
75711,99,104,-5,5
75712,92,96,-4,4
75713,121,122,-1,1
75714,74,74,0,0
75715,101,89,12,12
75716,14,92,-78,78
75717,80,79,1,1
75718,88,83,5,5
75719,60,64,-4,4
75720,112,115,-3,3
75721,153,136,17,17
75722,108,103,5,5
75723,98,104,-6,6
75724,78,99,-21,21
75725,115,144,-29,29
75726,71,67,4,4
75727,129,131,-2,2
75728,56,59,-3,3
75729,68,66,2,2
75730,80,81,-1,1
75731,110,123,-13,13
75732,86,96,-10,10
75733,139,138,1,1
75734,125,122,3,3
75735,73,73,0,0
75736,122,115,7,7
75737,99,103,-4,4
75738,78,75,3,3
75739,150,140,10,10
75740,112,92,20,20
75741,95,102,-7,7
75742,85,81,4,4
75743,67,72,-5,5
75744,91,85,6,6
75745,110,104,6,6
75746,88,73,15,15
75747,115,132,-17,17
75748,78,78,0,0
75749,89,98,-9,9
75750,71,67,4,4
75751,65,62,3,3
75752,67,82,-15,15
75753,144,134,10,10
75754,98,103,-5,5
75755,78,76,2,2
75756,130,136,-6,6
75757,75,74,1,1
75758,83,81,2,2
75759,72,72,0,0
75760,106,103,3,3
75761,44,44,0,0
75762,108,104,4,4
75763,80,71,9,9
75764,98,105,-7,7
75765,97,95,2,2
75766,124,139,-15,15
75767,96,86,10,10
75768,71,71,0,0
75769,118,123,-5,5
75770,115,110,5,5
75771,88,90,-2,2
75772,104,103,1,1
75773,75,67,8,8
75774,115,109,6,6
75775,94,84,10,10
75776,97,103,-6,6
75777,71,71,0,0
75778,73,86,-13,13
75779,64,66,-2,2
75780,61,64,-3,3
75781,46,48,-2,2
75782,81,79,2,2
75783,56,62,-6,6
75784,99,103,-4,4
75785,131,142,-11,11
75786,75,93,-18,18
75787,74,71,3,3
75788,111,110,1,1
75789,136,130,6,6
75790,81,80,1,1
75791,50,53,-3,3
75792,95,93,2,2
75793,108,122,-14,14
75794,62,105,-43,43
75795,78,80,-2,2
75796,92,84,8,8
75797,42,45,-3,3
75798,102,112,-10,10
75799,104,110,-6,6
75800,55,63,-8,8
75801,69,77,-8,8
75802,90,92,-2,2
75803,63,78,-15,15
75804,101,104,-3,3
75805,43,45,-2,2
75806,69,73,-4,4
75807,109,108,1,1
75808,142,147,-5,5
75809,140,137,3,3
75810,67,70,-3,3
75811,62,63,-1,1
75812,114,103,11,11
75813,107,106,1,1
75814,85,100,-15,15
75815,167,164,3,3
75816,163,171,-8,8
75817,85,85,0,0
75818,73,83,-10,10
75819,109,105,4,4
75820,61,65,-4,4
75821,77,78,-1,1
75822,207,189,18,18
75823,99,102,-3,3
75824,182,170,12,12
75825,99,99,0,0
75826,83,86,-3,3
75827,75,76,-1,1
75828,139,141,-2,2
75829,47,43,4,4
75830,65,79,-14,14
75831,143,121,22,22
75832,73,73,0,0
75833,79,82,-3,3
75834,85,79,6,6
75835,88,91,-3,3
75836,141,135,6,6
75837,71,93,-22,22
75838,96,92,4,4
75839,153,145,8,8
75840,133,124,9,9
75841,80,85,-5,5
75842,171,178,-7,7
75843,125,132,-7,7
75844,91,86,5,5
75845,61,62,-1,1
75846,131,123,8,8
75847,136,118,18,18
75848,58,58,0,0
75849,93,89,4,4
75850,88,86,2,2
75851,68,71,-3,3
75852,129,129,0,0
75853,127,117,10,10
75854,98,148,-50,50
75855,87,88,-1,1
75856,84,85,-1,1
75857,51,79,-28,28
75858,72,72,0,0
75859,144,142,2,2
75860,96,100,-4,4
75861,61,58,3,3
75862,86,80,6,6
75863,78,72,6,6
75864,51,57,-6,6
75865,151,147,4,4
75866,109,107,2,2
75867,108,120,-12,12
75868,80,75,5,5
75869,67,60,7,7
75870,125,141,-16,16
75871,75,71,4,4
75872,176,182,-6,6
75873,105,111,-6,6
75874,82,89,-7,7
75875,146,146,0,0
75876,49,89,-40,40
75877,68,86,-18,18
75878,119,124,-5,5
75879,40,40,0,0
75880,118,120,-2,2
75881,65,64,1,1
75882,92,102,-10,10
75883,69,63,6,6
75884,110,108,2,2
75885,94,94,0,0
75886,152,179,-27,27
75887,118,118,0,0
75888,72,73,-1,1
75889,141,134,7,7
75890,43,47,-4,4
75891,122,116,6,6
75892,73,73,0,0
75893,92,93,-1,1
75894,101,115,-14,14
75895,66,73,-7,7
75896,70,64,6,6
75897,43,48,-5,5
75898,84,79,5,5
75899,83,98,-15,15
75900,71,70,1,1
75901,97,87,10,10
75902,116,115,1,1
75903,107,118,-11,11
75904,152,146,6,6
75905,130,152,-22,22
75906,49,46,3,3
75907,111,107,4,4
75908,124,111,13,13
75909,75,73,2,2
75910,112,131,-19,19
75911,111,118,-7,7
75912,97,95,2,2
75913,47,42,5,5
75914,114,104,10,10
75915,107,114,-7,7
75916,93,94,-1,1
75917,107,106,1,1
75918,114,117,-3,3
75919,124,135,-11,11
75920,133,124,9,9
75921,64,60,4,4
75922,80,83,-3,3
75923,155,143,12,12
75924,98,112,-14,14
75925,82,68,14,14
75926,50,53,-3,3
75927,64,61,3,3
75928,97,105,-8,8
75929,123,114,9,9
75930,46,52,-6,6
75931,78,72,6,6
75932,122,123,-1,1
75933,181,166,15,15
75934,64,67,-3,3
75935,56,60,-4,4
75936,72,83,-11,11
75937,141,135,6,6
75938,126,123,3,3
75939,71,62,9,9
75940,81,70,11,11
75941,137,129,8,8
75942,91,92,-1,1
75943,117,112,5,5
75944,160,160,0,0
75945,101,89,12,12
75946,55,64,-9,9
75947,104,108,-4,4
75948,72,72,0,0
75949,165,163,2,2
75950,74,70,4,4
75951,72,74,-2,2
75952,138,121,17,17
75953,87,89,-2,2
75954,66,64,2,2
75955,78,83,-5,5
75956,80,75,5,5
75957,111,114,-3,3
75958,132,134,-2,2
75959,70,71,-1,1
75960,96,94,2,2
75961,127,127,0,0
75962,121,125,-4,4
75963,57,56,1,1
75964,203,201,2,2
75965,94,96,-2,2
75966,81,94,-13,13
75967,52,53,-1,1
75968,150,142,8,8
75969,83,110,-27,27
75970,99,89,10,10
75971,64,65,-1,1
75972,79,80,-1,1
75973,81,82,-1,1
75974,47,53,-6,6
75975,54,57,-3,3
75976,152,146,6,6
75977,44,50,-6,6
75978,87,86,1,1
75979,161,156,5,5
75980,83,85,-2,2
75981,75,77,-2,2
75982,111,118,-7,7
75983,60,57,3,3
75984,98,89,9,9
75985,74,83,-9,9
75986,81,73,8,8
75987,113,114,-1,1
75988,110,101,9,9
75989,84,85,-1,1
75990,57,58,-1,1
75991,70,70,0,0
75992,175,161,14,14
75993,95,98,-3,3
75994,94,92,2,2
75995,107,106,1,1
75996,75,78,-3,3
75997,85,94,-9,9
75998,162,144,18,18
75999,93,95,-2,2
76000,73,76,-3,3
76001,86,87,-1,1
76002,179,175,4,4
76003,202,201,1,1
76004,98,102,-4,4
76005,85,87,-2,2
76006,37,47,-10,10
76007,121,114,7,7
76008,128,124,4,4
76009,87,95,-8,8
76010,141,146,-5,5
76011,70,63,7,7
76012,151,162,-11,11
76013,116,119,-3,3
76014,81,77,4,4
76015,81,74,7,7
76016,89,89,0,0
76017,124,108,16,16
76018,94,97,-3,3
76019,56,65,-9,9
76020,151,149,2,2
76021,157,152,5,5
76022,70,72,-2,2
76023,154,153,1,1
76024,130,126,4,4
76025,121,118,3,3
76026,119,125,-6,6
76027,94,96,-2,2
76028,62,71,-9,9
76029,99,92,7,7
76030,82,74,8,8
76031,145,147,-2,2
76032,107,121,-14,14
76033,107,111,-4,4
76034,128,120,8,8
76035,52,54,-2,2
76036,103,101,2,2
76037,70,70,0,0
76038,161,167,-6,6
76039,74,76,-2,2
76040,70,64,6,6
76041,114,105,9,9
76042,150,150,0,0
76043,105,119,-14,14
76044,119,133,-14,14
76045,71,76,-5,5
76046,102,95,7,7
76047,43,55,-12,12
76048,84,86,-2,2
76049,70,76,-6,6
76050,82,84,-2,2
76051,74,61,13,13
76052,98,98,0,0
76053,55,60,-5,5
76054,110,115,-5,5
76055,145,155,-10,10
76056,80,80,0,0
76057,137,134,3,3
76058,77,90,-13,13
76059,80,73,7,7
76060,73,65,8,8
76061,83,78,5,5
76062,100,91,9,9
76063,85,81,4,4
76064,101,104,-3,3
76065,79,82,-3,3
76066,89,99,-10,10
76067,60,63,-3,3
76068,112,94,18,18
76069,173,172,1,1
76070,60,60,0,0
76071,41,48,-7,7
76072,57,62,-5,5
76073,88,93,-5,5
76074,101,93,8,8
76075,82,71,11,11
76076,100,100,0,0
76077,85,88,-3,3
76078,117,104,13,13
76079,83,86,-3,3
76080,162,152,10,10
76081,59,60,-1,1
76082,127,121,6,6
76083,170,155,15,15
76084,114,107,7,7
76085,111,112,-1,1
76086,44,46,-2,2
76087,91,95,-4,4
76088,76,82,-6,6
76089,64,72,-8,8
76090,67,65,2,2
76091,135,133,2,2
76092,75,78,-3,3
76093,110,108,2,2
76094,84,80,4,4
76095,77,74,3,3
76096,97,99,-2,2
76097,85,91,-6,6
76098,61,56,5,5
76099,86,87,-1,1
76100,75,75,0,0
76101,83,114,-31,31
76102,168,165,3,3
76103,97,99,-2,2
76104,64,67,-3,3
76105,126,118,8,8
76106,85,93,-8,8
76107,111,115,-4,4
76108,87,84,3,3
76109,101,115,-14,14
76110,162,114,48,48
76111,143,149,-6,6
76112,123,118,5,5
76113,82,77,5,5
76114,101,98,3,3
76115,92,101,-9,9
76116,87,100,-13,13
76117,93,82,11,11
76118,100,110,-10,10
76119,92,87,5,5
76120,85,74,11,11
76121,49,49,0,0
76122,79,91,-12,12
76123,58,58,0,0
76124,85,89,-4,4
76125,61,61,0,0
76126,140,139,1,1
76127,127,133,-6,6
76128,152,152,0,0
76129,67,65,2,2
76130,64,65,-1,1
76131,136,139,-3,3
76132,74,71,3,3
76133,100,91,9,9
76134,158,147,11,11
76135,80,86,-6,6
76136,88,88,0,0
76137,110,119,-9,9
76138,74,65,9,9
76139,116,122,-6,6
76140,82,80,2,2
76141,117,111,6,6
76142,81,82,-1,1
76143,74,74,0,0
76144,104,105,-1,1
76145,147,134,13,13
76146,82,80,2,2
76147,50,49,1,1
76148,180,173,7,7
76149,182,190,-8,8
76150,63,76,-13,13
76151,190,170,20,20
76152,122,141,-19,19
76153,99,97,2,2
76154,66,73,-7,7
76155,53,71,-18,18
76156,63,66,-3,3
76157,125,141,-16,16
76158,112,106,6,6
76159,85,87,-2,2
76160,56,62,-6,6
76161,85,81,4,4
76162,70,79,-9,9
76163,83,89,-6,6
76164,135,135,0,0
76165,57,58,-1,1
76166,84,83,1,1
76167,90,103,-13,13
76168,59,79,-20,20
76169,77,75,2,2
76170,64,61,3,3
76171,99,105,-6,6
76172,109,108,1,1
76173,97,101,-4,4
76174,92,86,6,6
76175,87,93,-6,6
76176,42,45,-3,3
76177,74,83,-9,9
76178,162,183,-21,21
76179,125,116,9,9
76180,178,187,-9,9
76181,98,110,-12,12
76182,89,95,-6,6
76183,72,65,7,7
76184,78,76,2,2
76185,53,57,-4,4
76186,85,78,7,7
76187,122,120,2,2
76188,101,108,-7,7
76189,81,80,1,1
76190,128,93,35,35
76191,98,100,-2,2
76192,154,167,-13,13
76193,122,131,-9,9
76194,63,61,2,2
76195,83,89,-6,6
76196,98,99,-1,1
76197,70,72,-2,2
76198,89,105,-16,16
76199,111,122,-11,11
76200,44,55,-11,11
76201,48,57,-9,9
76202,104,102,2,2
76203,106,109,-3,3
76204,148,133,15,15
76205,128,134,-6,6
76206,118,117,1,1
76207,105,93,12,12
76208,141,151,-10,10
76209,115,109,6,6
76210,161,160,1,1
76211,71,89,-18,18
76212,149,149,0,0
76213,77,76,1,1
76214,117,114,3,3
76215,119,116,3,3
76216,116,108,8,8
76217,88,83,5,5
76218,107,112,-5,5
76219,72,83,-11,11
76220,137,156,-19,19
76221,122,128,-6,6
76222,126,128,-2,2
76223,50,58,-8,8
76224,119,107,12,12
76225,79,74,5,5
76226,124,131,-7,7
76227,128,130,-2,2
76228,132,120,12,12
76229,90,88,2,2
76230,95,98,-3,3
76231,97,93,4,4
76232,63,68,-5,5
76233,109,108,1,1
76234,133,147,-14,14
76235,104,104,0,0
76236,35,76,-41,41
76237,72,74,-2,2
76238,65,71,-6,6
76239,120,109,11,11
76240,135,163,-28,28
76241,130,123,7,7
76242,137,143,-6,6
76243,81,76,5,5
76244,83,86,-3,3
76245,51,57,-6,6
76246,77,85,-8,8
76247,116,111,5,5
76248,72,80,-8,8
76249,97,101,-4,4
76250,78,73,5,5
76251,63,63,0,0
76252,130,139,-9,9
76253,158,155,3,3
76254,75,81,-6,6
76255,76,74,2,2
76256,101,99,2,2
76257,44,53,-9,9
76258,74,73,1,1
76259,98,93,5,5
76260,134,149,-15,15
76261,104,99,5,5
76262,88,85,3,3
76263,179,170,9,9
76264,46,51,-5,5
76265,141,146,-5,5
76266,91,83,8,8
76267,72,74,-2,2
76268,82,82,0,0
76269,73,72,1,1
76270,139,132,7,7
76271,124,123,1,1
76272,100,96,4,4
76273,98,94,4,4
76274,80,81,-1,1
76275,97,117,-20,20
76276,62,66,-4,4
76277,136,138,-2,2
76278,93,88,5,5
76279,104,106,-2,2
76280,158,161,-3,3
76281,105,102,3,3
76282,82,66,16,16
76283,150,148,2,2
76284,161,152,9,9
76285,68,70,-2,2
76286,97,100,-3,3
76287,106,101,5,5
76288,75,73,2,2
76289,95,96,-1,1
76290,84,84,0,0
76291,144,136,8,8
76292,115,117,-2,2
76293,45,52,-7,7
76294,99,96,3,3
76295,91,88,3,3
76296,75,72,3,3
76297,134,120,14,14
76298,69,64,5,5
76299,74,72,2,2
76300,53,54,-1,1
76301,74,77,-3,3
76302,95,94,1,1
76303,54,59,-5,5
76304,96,94,2,2
76305,93,92,1,1
76306,108,107,1,1
76307,104,121,-17,17
76308,80,82,-2,2
76309,87,78,9,9
76310,98,109,-11,11
76311,60,63,-3,3
76312,65,66,-1,1
76313,75,85,-10,10
76314,80,92,-12,12
76315,81,92,-11,11
76316,123,116,7,7
76317,89,97,-8,8
76318,142,142,0,0
76319,64,61,3,3
76320,100,104,-4,4
76321,45,53,-8,8
76322,118,110,8,8
76323,73,75,-2,2
76324,74,75,-1,1
76325,102,107,-5,5
76326,66,81,-15,15
76327,120,130,-10,10
76328,57,58,-1,1
76329,149,136,13,13
76330,131,135,-4,4
76331,81,78,3,3
76332,61,61,0,0
76333,89,92,-3,3
76334,66,63,3,3
76335,64,66,-2,2
76336,76,82,-6,6
76337,124,119,5,5
76338,48,57,-9,9
76339,68,65,3,3
76340,100,104,-4,4
76341,96,99,-3,3
76342,50,47,3,3
76343,85,90,-5,5
76344,85,88,-3,3
76345,61,64,-3,3
76346,91,81,10,10
76347,72,72,0,0
76348,129,120,9,9
76349,104,98,6,6
76350,54,64,-10,10
76351,53,56,-3,3
76352,105,114,-9,9
76353,91,109,-18,18
76354,66,73,-7,7
76355,59,59,0,0
76356,118,117,1,1
76357,109,120,-11,11
76358,63,62,1,1
76359,63,54,9,9
76360,68,67,1,1
76361,166,181,-15,15
76362,84,79,5,5
76363,66,63,3,3
76364,100,113,-13,13
76365,104,98,6,6
76366,65,65,0,0
76367,57,59,-2,2
76368,99,97,2,2
76369,96,115,-19,19
76370,71,72,-1,1
76371,57,61,-4,4
76372,105,112,-7,7
76373,88,83,5,5
76374,54,57,-3,3
76375,181,166,15,15
76376,100,101,-1,1
76377,103,104,-1,1
76378,138,129,9,9
76379,65,71,-6,6
76380,71,73,-2,2
76381,70,67,3,3
76382,72,71,1,1
76383,66,60,6,6
76384,79,76,3,3
76385,169,167,2,2
76386,129,125,4,4
76387,129,108,21,21
76388,63,62,1,1
76389,92,89,3,3
76390,109,112,-3,3
76391,58,63,-5,5
76392,108,100,8,8
76393,107,97,10,10
76394,162,163,-1,1
76395,57,60,-3,3
76396,109,117,-8,8
76397,86,86,0,0
76398,91,85,6,6
76399,89,79,10,10
76400,93,100,-7,7
76401,70,67,3,3
76402,73,71,2,2
76403,71,67,4,4
76404,59,52,7,7
76405,166,169,-3,3
76406,71,62,9,9
76407,71,63,8,8
76408,132,120,12,12
76409,103,111,-8,8
76410,114,107,7,7
76411,103,115,-12,12
76412,98,97,1,1
76413,92,85,7,7
76414,102,113,-11,11
76415,113,122,-9,9
76416,130,159,-29,29
76417,56,63,-7,7
76418,127,122,5,5
76419,53,64,-11,11
76420,129,128,1,1
76421,93,89,4,4
76422,133,125,8,8
76423,93,90,3,3
76424,92,96,-4,4
76425,45,55,-10,10
76426,96,86,10,10
76427,104,130,-26,26
76428,65,62,3,3
76429,114,110,4,4
76430,52,54,-2,2
76431,80,82,-2,2
76432,135,135,0,0
76433,78,102,-24,24
76434,69,68,1,1
76435,61,71,-10,10
76436,75,70,5,5
76437,131,139,-8,8
76438,108,118,-10,10
76439,96,96,0,0
76440,178,167,11,11
76441,171,180,-9,9
76442,81,74,7,7
76443,91,84,7,7
76444,69,74,-5,5
76445,146,140,6,6
76446,111,100,11,11
76447,65,64,1,1
76448,86,82,4,4
76449,79,93,-14,14
76450,108,100,8,8
76451,94,96,-2,2
76452,107,109,-2,2
76453,100,96,4,4
76454,121,115,6,6
76455,144,157,-13,13
76456,66,71,-5,5
76457,40,44,-4,4
76458,99,102,-3,3
76459,32,43,-11,11
76460,69,67,2,2
76461,145,147,-2,2
76462,76,82,-6,6
76463,85,81,4,4
76464,53,56,-3,3
76465,27,37,-10,10
76466,55,65,-10,10
76467,41,40,1,1
76468,57,61,-4,4
76469,83,81,2,2
76470,77,72,5,5
76471,85,95,-10,10
76472,118,107,11,11
76473,55,58,-3,3
76474,62,60,2,2
76475,111,111,0,0
76476,108,107,1,1
76477,89,97,-8,8
76478,97,89,8,8
76479,94,101,-7,7
76480,61,64,-3,3
76481,82,92,-10,10
76482,83,86,-3,3
76483,140,134,6,6
76484,152,135,17,17
76485,86,78,8,8
76486,33,40,-7,7
76487,88,84,4,4
76488,71,69,2,2
76489,97,114,-17,17
76490,81,85,-4,4
76491,129,124,5,5
76492,55,60,-5,5
76493,122,125,-3,3
76494,103,114,-11,11
76495,98,92,6,6
76496,89,82,7,7
76497,87,81,6,6
76498,79,85,-6,6
76499,98,107,-9,9
76500,49,59,-10,10
76501,82,82,0,0
76502,120,122,-2,2
76503,108,112,-4,4
76504,169,163,6,6
76505,161,162,-1,1
76506,134,138,-4,4
76507,96,99,-3,3
76508,56,54,2,2
76509,101,106,-5,5
76510,86,92,-6,6
76511,82,92,-10,10
76512,85,92,-7,7
76513,79,75,4,4
76514,78,83,-5,5
76515,105,94,11,11
76516,142,140,2,2
76517,65,75,-10,10
76518,57,63,-6,6
76519,81,80,1,1
76520,139,113,26,26
76521,84,81,3,3
76522,81,82,-1,1
76523,154,135,19,19
76524,147,139,8,8
76525,153,144,9,9
76526,73,77,-4,4
76527,141,134,7,7
76528,43,51,-8,8
76529,101,99,2,2
76530,42,50,-8,8
76531,78,78,0,0
76532,97,113,-16,16
76533,65,71,-6,6
76534,58,60,-2,2
76535,79,88,-9,9
76536,95,94,1,1
76537,105,121,-16,16
76538,37,49,-12,12
76539,82,96,-14,14
76540,130,129,1,1
76541,99,110,-11,11
76542,125,109,16,16
76543,51,61,-10,10
76544,87,89,-2,2
76545,147,154,-7,7
76546,61,56,5,5
76547,122,126,-4,4
76548,70,79,-9,9
76549,81,74,7,7
76550,93,90,3,3
76551,136,138,-2,2
76552,61,64,-3,3
76553,75,85,-10,10
76554,118,106,12,12
76555,110,117,-7,7
76556,153,163,-10,10
76557,57,55,2,2
76558,128,118,10,10
76559,118,111,7,7
76560,81,88,-7,7
76561,82,80,2,2
76562,126,123,3,3
76563,110,105,5,5
76564,91,97,-6,6
76565,106,86,20,20
76566,92,88,4,4
76567,74,82,-8,8
76568,119,118,1,1
76569,47,51,-4,4
76570,81,91,-10,10
76571,101,99,2,2
76572,91,91,0,0
76573,68,71,-3,3
76574,119,116,3,3
76575,90,86,4,4
76576,104,108,-4,4
76577,80,84,-4,4
76578,84,91,-7,7
76579,132,123,9,9
76580,32,70,-38,38
76581,139,133,6,6
76582,85,78,7,7
76583,83,84,-1,1
76584,55,58,-3,3
76585,98,112,-14,14
76586,177,178,-1,1
76587,81,86,-5,5
76588,90,97,-7,7
76589,133,123,10,10
76590,85,68,17,17
76591,58,56,2,2
76592,133,131,2,2
76593,81,80,1,1
76594,149,142,7,7
76595,107,105,2,2
76596,113,95,18,18
76597,108,101,7,7
76598,93,88,5,5
76599,100,90,10,10
76600,66,67,-1,1
76601,109,104,5,5
76602,77,87,-10,10
76603,208,184,24,24
76604,79,85,-6,6
76605,74,67,7,7
76606,74,71,3,3
76607,131,128,3,3
76608,127,117,10,10
76609,77,74,3,3
76610,100,76,24,24
76611,82,116,-34,34
76612,100,104,-4,4
76613,65,72,-7,7
76614,97,104,-7,7
76615,146,133,13,13
76616,99,85,14,14
76617,117,107,10,10
76618,71,74,-3,3
76619,60,59,1,1
76620,75,77,-2,2
76621,46,46,0,0
76622,121,110,11,11
76623,55,55,0,0
76624,119,125,-6,6
76625,178,176,2,2
76626,131,131,0,0
76627,123,121,2,2
76628,99,99,0,0
76629,164,157,7,7
76630,69,72,-3,3
76631,55,57,-2,2
76632,148,155,-7,7
76633,67,63,4,4
76634,138,137,1,1
76635,115,108,7,7
76636,134,128,6,6
76637,91,100,-9,9
76638,94,93,1,1
76639,114,114,0,0
76640,92,91,1,1
76641,98,106,-8,8
76642,41,40,1,1
76643,49,56,-7,7
76644,59,71,-12,12
76645,90,87,3,3
76646,165,156,9,9
76647,53,57,-4,4
76648,67,68,-1,1
76649,77,76,1,1
76650,87,84,3,3
76651,65,62,3,3
76652,133,130,3,3
76653,98,97,1,1
76654,103,106,-3,3
76655,85,83,2,2
76656,153,146,7,7
76657,85,75,10,10
76658,126,134,-8,8
76659,102,114,-12,12
76660,115,112,3,3
76661,78,88,-10,10
76662,152,158,-6,6
76663,72,71,1,1
76664,65,62,3,3
76665,71,72,-1,1
76666,134,139,-5,5
76667,104,106,-2,2
76668,54,61,-7,7
76669,133,123,10,10
76670,99,86,13,13
76671,69,67,2,2
76672,169,170,-1,1
76673,94,98,-4,4
76674,106,113,-7,7
76675,86,88,-2,2
76676,107,103,4,4
76677,52,58,-6,6
76678,71,75,-4,4
76679,87,82,5,5
76680,155,164,-9,9
76681,58,62,-4,4
76682,144,138,6,6
76683,111,108,3,3
76684,90,89,1,1
76685,74,62,12,12
76686,100,92,8,8
76687,112,110,2,2
76688,117,118,-1,1
76689,48,92,-44,44
76690,107,93,14,14
76691,144,142,2,2
76692,86,79,7,7
76693,101,97,4,4
76694,94,95,-1,1
76695,129,115,14,14
76696,132,136,-4,4
76697,61,62,-1,1
76698,103,109,-6,6
76699,104,98,6,6
76700,135,118,17,17
76701,76,81,-5,5
76702,112,120,-8,8
76703,114,98,16,16
76704,69,62,7,7
76705,92,82,10,10
76706,80,83,-3,3
76707,139,128,11,11
76708,76,74,2,2
76709,71,65,6,6
76710,100,101,-1,1
76711,106,99,7,7
76712,145,142,3,3
76713,76,87,-11,11
76714,92,101,-9,9
76715,49,48,1,1
76716,110,108,2,2
76717,92,96,-4,4
76718,173,148,25,25
76719,98,99,-1,1
76720,175,156,19,19
76721,75,84,-9,9
76722,103,87,16,16
76723,111,129,-18,18
76724,215,218,-3,3
76725,131,125,6,6
76726,67,73,-6,6
76727,127,138,-11,11
76728,72,74,-2,2
76729,43,66,-23,23
76730,65,65,0,0
76731,69,67,2,2
76732,149,160,-11,11
76733,75,71,4,4
76734,81,82,-1,1
76735,76,64,12,12
76736,53,62,-9,9
76737,79,87,-8,8
76738,152,142,10,10
76739,97,99,-2,2
76740,48,52,-4,4
76741,107,112,-5,5
76742,118,120,-2,2
76743,78,75,3,3
76744,98,93,5,5
76745,121,115,6,6
76746,108,101,7,7
76747,59,58,1,1
76748,95,98,-3,3
76749,98,101,-3,3
76750,71,70,1,1
76751,76,77,-1,1
76752,100,109,-9,9
76753,70,67,3,3
76754,71,62,9,9
76755,94,75,19,19
76756,86,87,-1,1
76757,102,108,-6,6
76758,106,105,1,1
76759,74,82,-8,8
76760,49,58,-9,9
76761,103,101,2,2
76762,70,72,-2,2
76763,168,170,-2,2
76764,66,72,-6,6
76765,128,134,-6,6
76766,110,111,-1,1
76767,82,74,8,8
76768,92,84,8,8
76769,187,186,1,1
76770,101,118,-17,17
76771,47,48,-1,1
76772,72,73,-1,1
76773,77,80,-3,3
76774,30,39,-9,9
76775,124,129,-5,5
76776,218,194,24,24
76777,110,118,-8,8
76778,106,111,-5,5
76779,133,122,11,11
76780,88,76,12,12
76781,58,58,0,0
76782,184,169,15,15
76783,152,137,15,15
76784,87,94,-7,7
76785,167,155,12,12
76786,93,101,-8,8
76787,130,110,20,20
76788,96,84,12,12
76789,119,125,-6,6
76790,81,80,1,1
76791,52,51,1,1
76792,66,62,4,4
76793,102,112,-10,10
76794,76,73,3,3
76795,117,103,14,14
76796,98,90,8,8
76797,81,82,-1,1
76798,99,105,-6,6
76799,81,76,5,5
76800,64,71,-7,7
76801,139,145,-6,6
76802,84,86,-2,2
76803,68,66,2,2
76804,42,44,-2,2
76805,73,63,10,10
76806,158,122,36,36
76807,101,106,-5,5
76808,122,118,4,4
76809,76,85,-9,9
76810,129,159,-30,30
76811,99,89,10,10
76812,71,65,6,6
76813,80,78,2,2
76814,141,131,10,10
76815,48,47,1,1
76816,146,138,8,8
76817,83,87,-4,4
76818,102,104,-2,2
76819,87,85,2,2
76820,83,76,7,7
76821,63,75,-12,12
76822,89,89,0,0
76823,142,133,9,9
76824,90,97,-7,7
76825,97,93,4,4
76826,130,128,2,2
76827,88,83,5,5
76828,146,152,-6,6
76829,118,108,10,10
76830,124,121,3,3
76831,108,121,-13,13
76832,53,61,-8,8
76833,78,82,-4,4
76834,54,54,0,0
76835,121,114,7,7
76836,105,119,-14,14
76837,47,59,-12,12
76838,58,58,0,0
76839,126,117,9,9
76840,165,151,14,14
76841,118,115,3,3
76842,54,57,-3,3
76843,98,93,5,5
76844,39,35,4,4
76845,88,97,-9,9
76846,85,87,-2,2
76847,92,102,-10,10
76848,101,101,0,0
76849,69,78,-9,9
76850,70,64,6,6
76851,57,93,-36,36
76852,89,87,2,2
76853,165,162,3,3
76854,88,93,-5,5
76855,142,136,6,6
76856,109,114,-5,5
76857,105,107,-2,2
76858,94,96,-2,2
76859,124,121,3,3
76860,119,116,3,3
76861,41,41,0,0
76862,102,105,-3,3
76863,90,73,17,17
76864,126,130,-4,4
76865,59,72,-13,13
76866,74,74,0,0
76867,104,112,-8,8
76868,101,104,-3,3
76869,102,104,-2,2
76870,123,130,-7,7
76871,90,91,-1,1
76872,85,79,6,6
76873,85,93,-8,8
76874,57,58,-1,1
76875,73,76,-3,3
76876,73,77,-4,4
76877,106,112,-6,6
76878,47,44,3,3
76879,91,98,-7,7
76880,93,83,10,10
76881,63,71,-8,8
76882,80,76,4,4
76883,71,70,1,1
76884,92,89,3,3
76885,125,122,3,3
76886,82,94,-12,12
76887,97,105,-8,8
76888,59,54,5,5
76889,125,138,-13,13
76890,115,107,8,8
76891,103,98,5,5
76892,97,96,1,1
76893,89,90,-1,1
76894,78,79,-1,1
76895,159,147,12,12
76896,117,126,-9,9
76897,100,93,7,7
76898,104,105,-1,1
76899,97,110,-13,13
76900,114,107,7,7
76901,118,128,-10,10
76902,99,85,14,14
76903,98,90,8,8
76904,114,119,-5,5
76905,99,100,-1,1
76906,95,97,-2,2
76907,68,72,-4,4
76908,119,118,1,1
76909,125,119,6,6
76910,74,77,-3,3
76911,97,90,7,7
76912,101,99,2,2
76913,157,159,-2,2
76914,141,136,5,5
76915,132,136,-4,4
76916,104,106,-2,2
76917,85,87,-2,2
76918,110,112,-2,2
76919,91,110,-19,19
76920,53,52,1,1
76921,81,82,-1,1
76922,78,83,-5,5
76923,79,93,-14,14
76924,73,73,0,0
76925,81,84,-3,3
76926,89,86,3,3
76927,78,77,1,1
76928,122,111,11,11
76929,64,69,-5,5
76930,52,54,-2,2
76931,87,95,-8,8
76932,134,136,-2,2
76933,104,95,9,9
76934,116,124,-8,8
76935,102,111,-9,9
76936,160,145,15,15
76937,83,76,7,7
76938,159,171,-12,12
76939,130,140,-10,10
76940,92,89,3,3
76941,95,91,4,4
76942,179,189,-10,10
76943,132,115,17,17
76944,53,53,0,0
76945,100,98,2,2
76946,105,97,8,8
76947,77,79,-2,2
76948,115,115,0,0
76949,126,130,-4,4
76950,91,92,-1,1
76951,79,82,-3,3
76952,40,48,-8,8
76953,128,125,3,3
76954,145,140,5,5
76955,153,145,8,8
76956,81,76,5,5
76957,113,124,-11,11
76958,138,123,15,15
76959,100,107,-7,7
76960,77,67,10,10
76961,71,75,-4,4
76962,110,113,-3,3
76963,118,118,0,0
76964,137,141,-4,4
76965,94,95,-1,1
76966,65,63,2,2
76967,52,67,-15,15
76968,74,77,-3,3
76969,68,65,3,3
76970,101,104,-3,3
76971,104,102,2,2
76972,138,133,5,5
76973,71,72,-1,1
76974,140,128,12,12
76975,83,83,0,0
76976,91,94,-3,3
76977,125,119,6,6
76978,77,85,-8,8
76979,63,59,4,4
76980,116,113,3,3
76981,102,102,0,0
76982,121,133,-12,12
76983,116,112,4,4
76984,181,181,0,0
76985,112,123,-11,11
76986,151,161,-10,10
76987,127,124,3,3
76988,87,85,2,2
76989,123,124,-1,1
76990,74,86,-12,12
76991,161,157,4,4
76992,48,52,-4,4
76993,207,203,4,4
76994,124,128,-4,4
76995,91,103,-12,12
76996,104,103,1,1
76997,118,124,-6,6
76998,112,110,2,2
76999,70,70,0,0
77000,76,68,8,8
77001,133,125,8,8
77002,79,72,7,7
77003,56,66,-10,10
77004,111,137,-26,26
77005,48,58,-10,10
77006,80,67,13,13
77007,144,136,8,8
77008,39,38,1,1
77009,91,98,-7,7
77010,97,95,2,2
77011,93,86,7,7
77012,142,134,8,8
77013,116,115,1,1
77014,86,89,-3,3
77015,128,136,-8,8
77016,101,111,-10,10
77017,53,60,-7,7
77018,153,149,4,4
77019,69,79,-10,10
77020,101,95,6,6
77021,146,152,-6,6
77022,107,107,0,0
77023,86,88,-2,2
77024,44,51,-7,7
77025,64,68,-4,4
77026,90,72,18,18
77027,69,73,-4,4
77028,78,98,-20,20
77029,141,140,1,1
77030,54,51,3,3
77031,61,57,4,4
77032,140,128,12,12
77033,158,140,18,18
77034,96,88,8,8
77035,159,157,2,2
77036,155,140,15,15
77037,152,145,7,7
77038,62,56,6,6
77039,84,78,6,6
77040,197,193,4,4
77041,123,124,-1,1
77042,80,83,-3,3
77043,25,31,-6,6
77044,140,146,-6,6
77045,65,75,-10,10
77046,67,97,-30,30
77047,62,65,-3,3
77048,71,70,1,1
77049,138,139,-1,1
77050,73,72,1,1
77051,84,90,-6,6
77052,227,204,23,23
77053,97,91,6,6
77054,47,49,-2,2
77055,74,74,0,0
77056,75,78,-3,3
77057,64,66,-2,2
77058,107,109,-2,2
77059,60,56,4,4
77060,70,73,-3,3
77061,117,100,17,17
77062,110,122,-12,12
77063,118,122,-4,4
77064,86,85,1,1
77065,61,69,-8,8
77066,72,71,1,1
77067,153,143,10,10
77068,92,97,-5,5
77069,117,119,-2,2
77070,79,77,2,2
77071,111,104,7,7
77072,48,50,-2,2
77073,71,64,7,7
77074,100,102,-2,2
77075,90,83,7,7
77076,67,72,-5,5
77077,111,112,-1,1
77078,68,66,2,2
77079,113,105,8,8
77080,78,92,-14,14
77081,94,96,-2,2
77082,86,93,-7,7
77083,131,134,-3,3
77084,142,130,12,12
77085,83,91,-8,8
77086,62,81,-19,19
77087,74,62,12,12
77088,143,141,2,2
77089,163,167,-4,4
77090,78,74,4,4
77091,42,43,-1,1
77092,69,71,-2,2
77093,68,71,-3,3
77094,132,125,7,7
77095,59,56,3,3
77096,107,108,-1,1
77097,107,111,-4,4
77098,49,50,-1,1
77099,114,115,-1,1
77100,87,83,4,4
77101,103,87,16,16
77102,122,114,8,8
77103,114,116,-2,2
77104,172,164,8,8
77105,69,73,-4,4
77106,57,65,-8,8
77107,108,109,-1,1
77108,80,99,-19,19
77109,70,75,-5,5
77110,126,127,-1,1
77111,102,97,5,5
77112,45,50,-5,5
77113,72,68,4,4
77114,174,162,12,12
77115,101,109,-8,8
77116,53,54,-1,1
77117,71,67,4,4
77118,157,171,-14,14
77119,139,133,6,6
77120,116,104,12,12
77121,86,77,9,9
77122,96,87,9,9
77123,107,111,-4,4
77124,98,108,-10,10
77125,89,95,-6,6
77126,117,128,-11,11
77127,108,111,-3,3
77128,54,53,1,1
77129,116,119,-3,3
77130,111,114,-3,3
77131,139,147,-8,8
77132,74,72,2,2
77133,117,126,-9,9
77134,106,115,-9,9
77135,158,143,15,15
77136,97,98,-1,1
77137,70,65,5,5
77138,106,110,-4,4
77139,82,76,6,6
77140,141,131,10,10
77141,132,127,5,5
77142,114,106,8,8
77143,145,138,7,7
77144,56,61,-5,5
77145,109,99,10,10
77146,131,121,10,10
77147,154,122,32,32
77148,73,67,6,6
77149,63,67,-4,4
77150,134,152,-18,18
77151,91,83,8,8
77152,127,124,3,3
77153,42,44,-2,2
77154,101,107,-6,6
77155,52,50,2,2
77156,143,149,-6,6
77157,92,89,3,3
77158,84,83,1,1
77159,101,116,-15,15
77160,117,120,-3,3
77161,85,85,0,0
77162,52,57,-5,5
77163,74,65,9,9
77164,78,65,13,13
77165,64,63,1,1
77166,90,92,-2,2
77167,59,70,-11,11
77168,53,63,-10,10
77169,94,99,-5,5
77170,77,79,-2,2
77171,108,93,15,15
77172,138,130,8,8
77173,83,87,-4,4
77174,150,139,11,11
77175,108,104,4,4
77176,64,68,-4,4
77177,101,115,-14,14
77178,92,86,6,6
77179,150,142,8,8
77180,133,135,-2,2
77181,42,50,-8,8
77182,43,50,-7,7
77183,63,60,3,3
77184,82,85,-3,3
77185,56,51,5,5
77186,101,116,-15,15
77187,65,78,-13,13
77188,112,110,2,2
77189,50,52,-2,2
77190,130,126,4,4
77191,88,98,-10,10
77192,74,66,8,8
77193,129,137,-8,8
77194,57,66,-9,9
77195,110,109,1,1
77196,99,104,-5,5
77197,77,72,5,5
77198,117,115,2,2
77199,107,104,3,3
77200,62,58,4,4
77201,75,80,-5,5
77202,97,107,-10,10
77203,54,72,-18,18
77204,80,75,5,5
77205,84,81,3,3
77206,52,51,1,1
77207,106,106,0,0
77208,99,115,-16,16
77209,92,88,4,4
77210,53,55,-2,2
77211,135,138,-3,3
77212,116,100,16,16
77213,96,102,-6,6
77214,116,113,3,3
77215,90,87,3,3
77216,187,159,28,28
77217,55,94,-39,39
77218,48,41,7,7
77219,77,80,-3,3
77220,74,77,-3,3
77221,97,108,-11,11
77222,159,156,3,3
77223,127,123,4,4
77224,83,84,-1,1
77225,67,67,0,0
77226,103,94,9,9
77227,68,61,7,7
77228,75,71,4,4
77229,88,89,-1,1
77230,82,117,-35,35
77231,128,120,8,8
77232,177,168,9,9
77233,140,134,6,6
77234,108,91,17,17
77235,59,54,5,5
77236,97,99,-2,2
77237,105,108,-3,3
77238,59,58,1,1
77239,74,73,1,1
77240,63,60,3,3
77241,53,54,-1,1
77242,67,67,0,0
77243,88,85,3,3
77244,116,117,-1,1
77245,141,145,-4,4
77246,123,126,-3,3
77247,111,114,-3,3
77248,89,90,-1,1
77249,112,115,-3,3
77250,118,117,1,1
77251,51,56,-5,5
77252,165,153,12,12
77253,70,76,-6,6
77254,92,83,9,9
77255,156,136,20,20
77256,160,143,17,17
77257,64,64,0,0
77258,137,140,-3,3
77259,93,87,6,6
77260,124,129,-5,5
77261,77,79,-2,2
77262,128,129,-1,1
77263,79,66,13,13
77264,61,75,-14,14
77265,112,108,4,4
77266,45,46,-1,1
77267,67,63,4,4
77268,126,127,-1,1
77269,92,88,4,4
77270,74,75,-1,1
77271,67,76,-9,9
77272,105,101,4,4
77273,167,171,-4,4
77274,131,130,1,1
77275,84,131,-47,47
77276,110,122,-12,12
77277,72,80,-8,8
77278,71,118,-47,47
77279,115,117,-2,2
77280,159,156,3,3
77281,82,96,-14,14
77282,100,113,-13,13
77283,70,62,8,8
77284,104,108,-4,4
77285,49,48,1,1
77286,104,108,-4,4
77287,101,108,-7,7
77288,66,73,-7,7
77289,87,88,-1,1
77290,85,95,-10,10
77291,124,136,-12,12
77292,121,112,9,9
77293,97,91,6,6
77294,63,62,1,1
77295,93,96,-3,3
77296,79,73,6,6
77297,49,50,-1,1
77298,95,96,-1,1
77299,76,82,-6,6
77300,133,134,-1,1
77301,66,70,-4,4
77302,85,96,-11,11
77303,228,258,-30,30
77304,124,132,-8,8
77305,90,82,8,8
77306,95,96,-1,1
77307,54,61,-7,7
77308,82,88,-6,6
77309,155,146,9,9
77310,173,172,1,1
77311,171,158,13,13
77312,42,52,-10,10
77313,141,141,0,0
77314,92,85,7,7
77315,94,90,4,4
77316,82,86,-4,4
77317,132,127,5,5
77318,124,117,7,7
77319,94,91,3,3
77320,60,60,0,0
77321,58,65,-7,7
77322,102,110,-8,8
77323,112,112,0,0
77324,121,119,2,2
77325,133,141,-8,8
77326,54,67,-13,13
77327,105,114,-9,9
77328,82,86,-4,4
77329,104,96,8,8
77330,91,88,3,3
77331,103,112,-9,9
77332,96,105,-9,9
77333,147,165,-18,18
77334,95,98,-3,3
77335,111,123,-12,12
77336,106,110,-4,4
77337,59,59,0,0
77338,77,73,4,4
77339,97,85,12,12
77340,73,59,14,14
77341,105,102,3,3
77342,122,115,7,7
77343,55,64,-9,9
77344,108,111,-3,3
77345,59,56,3,3
77346,124,131,-7,7
77347,116,127,-11,11
77348,100,97,3,3
77349,76,80,-4,4
77350,102,96,6,6
77351,95,107,-12,12
77352,138,134,4,4
77353,119,119,0,0
77354,78,83,-5,5
77355,108,113,-5,5
77356,34,39,-5,5
77357,105,109,-4,4
77358,120,116,4,4
77359,91,94,-3,3
77360,103,117,-14,14
77361,75,74,1,1
77362,176,163,13,13
77363,85,79,6,6
77364,75,74,1,1
77365,103,108,-5,5
77366,81,85,-4,4
77367,105,115,-10,10
77368,50,60,-10,10
77369,118,119,-1,1
77370,163,160,3,3
77371,137,132,5,5
77372,167,171,-4,4
77373,116,118,-2,2
77374,52,58,-6,6
77375,115,107,8,8
77376,188,193,-5,5
77377,187,177,10,10
77378,84,81,3,3
77379,124,120,4,4
77380,95,97,-2,2
77381,79,90,-11,11
77382,72,66,6,6
77383,68,71,-3,3
77384,116,117,-1,1
77385,83,108,-25,25
77386,94,88,6,6
77387,63,65,-2,2
77388,200,210,-10,10
77389,61,65,-4,4
77390,148,138,10,10
77391,56,58,-2,2
77392,110,115,-5,5
77393,94,98,-4,4
77394,59,72,-13,13
77395,76,72,4,4
77396,67,76,-9,9
77397,102,107,-5,5
77398,165,151,14,14
77399,79,79,0,0
77400,74,70,4,4
77401,136,130,6,6
77402,116,112,4,4
77403,95,102,-7,7
77404,112,113,-1,1
77405,65,72,-7,7
77406,43,45,-2,2
77407,92,91,1,1
77408,48,52,-4,4
77409,75,78,-3,3
77410,118,122,-4,4
77411,99,94,5,5
77412,101,99,2,2
77413,41,62,-21,21
77414,78,85,-7,7
77415,129,116,13,13
77416,109,119,-10,10
77417,81,77,4,4
77418,167,159,8,8
77419,55,77,-22,22
77420,202,183,19,19
77421,118,116,2,2
77422,122,125,-3,3
77423,67,67,0,0
77424,67,67,0,0
77425,54,54,0,0
77426,54,60,-6,6
77427,89,95,-6,6
77428,107,103,4,4
77429,94,92,2,2
77430,72,64,8,8
77431,127,134,-7,7
77432,84,99,-15,15
77433,64,65,-1,1
77434,96,98,-2,2
77435,116,115,1,1
77436,127,128,-1,1
77437,128,124,4,4
77438,118,134,-16,16
77439,62,66,-4,4
77440,73,67,6,6
77441,36,39,-3,3
77442,165,146,19,19
77443,100,107,-7,7
77444,65,66,-1,1
77445,75,80,-5,5
77446,75,88,-13,13
77447,97,104,-7,7
77448,93,105,-12,12
77449,57,59,-2,2
77450,59,58,1,1
77451,85,82,3,3
77452,99,112,-13,13
77453,87,91,-4,4
77454,102,115,-13,13
77455,75,79,-4,4
77456,92,94,-2,2
77457,79,91,-12,12
77458,50,58,-8,8
77459,48,55,-7,7
77460,217,194,23,23
77461,132,124,8,8
77462,101,101,0,0
77463,82,83,-1,1
77464,116,121,-5,5
77465,112,102,10,10
77466,66,77,-11,11
77467,81,90,-9,9
77468,56,58,-2,2
77469,97,90,7,7
77470,84,75,9,9
77471,37,43,-6,6
77472,74,73,1,1
77473,127,123,4,4
77474,54,58,-4,4
77475,80,78,2,2
77476,57,52,5,5
77477,106,84,22,22
77478,91,91,0,0
77479,103,106,-3,3
77480,114,101,13,13
77481,131,137,-6,6
77482,85,82,3,3
77483,85,89,-4,4
77484,93,97,-4,4
77485,74,63,11,11
77486,88,91,-3,3
77487,52,49,3,3
77488,41,39,2,2
77489,82,82,0,0
77490,112,112,0,0
77491,67,60,7,7
77492,69,81,-12,12
77493,150,141,9,9
77494,93,98,-5,5
77495,63,58,5,5
77496,95,84,11,11
77497,46,51,-5,5
77498,72,71,1,1
77499,77,82,-5,5
77500,87,92,-5,5
77501,121,123,-2,2
77502,149,142,7,7
77503,82,72,10,10
77504,57,55,2,2
77505,127,116,11,11
77506,103,96,7,7
77507,96,95,1,1
77508,82,76,6,6
77509,161,157,4,4
77510,133,133,0,0
77511,73,71,2,2
77512,71,61,10,10
77513,168,170,-2,2
77514,137,136,1,1
77515,72,72,0,0
77516,77,80,-3,3
77517,114,119,-5,5
77518,115,114,1,1
77519,70,62,8,8
77520,78,84,-6,6
77521,118,126,-8,8
77522,88,86,2,2
77523,81,76,5,5
77524,118,122,-4,4
77525,60,53,7,7
77526,98,100,-2,2
77527,99,88,11,11
77528,55,55,0,0
77529,100,97,3,3
77530,75,80,-5,5
77531,77,72,5,5
77532,139,143,-4,4
77533,99,92,7,7
77534,106,113,-7,7
77535,92,99,-7,7
77536,87,88,-1,1
77537,55,62,-7,7
77538,89,98,-9,9
77539,106,116,-10,10
77540,161,153,8,8
77541,72,72,0,0
77542,119,106,13,13
77543,90,84,6,6
77544,110,108,2,2
77545,51,58,-7,7
77546,63,67,-4,4
77547,42,44,-2,2
77548,85,80,5,5
77549,144,142,2,2
77550,69,77,-8,8
77551,43,47,-4,4
77552,94,102,-8,8
77553,178,195,-17,17
77554,80,78,2,2
77555,65,64,1,1
77556,62,64,-2,2
77557,62,60,2,2
77558,144,151,-7,7
77559,102,102,0,0
77560,104,102,2,2
77561,45,52,-7,7
77562,57,56,1,1
77563,132,111,21,21
77564,105,100,5,5
77565,99,100,-1,1
77566,60,71,-11,11
77567,72,77,-5,5
77568,122,132,-10,10
77569,141,140,1,1
77570,94,92,2,2
77571,89,98,-9,9
77572,43,51,-8,8
77573,160,154,6,6
77574,84,74,10,10
77575,84,80,4,4
77576,90,96,-6,6
77577,68,70,-2,2
77578,189,185,4,4
77579,77,88,-11,11
77580,59,60,-1,1
77581,139,144,-5,5
77582,98,100,-2,2
77583,147,139,8,8
77584,158,136,22,22
77585,97,94,3,3
77586,109,111,-2,2
77587,112,110,2,2
77588,74,74,0,0
77589,155,145,10,10
77590,75,72,3,3
77591,129,122,7,7
77592,189,191,-2,2
77593,98,102,-4,4
77594,68,69,-1,1
77595,100,103,-3,3
77596,136,125,11,11
77597,144,144,0,0
77598,123,130,-7,7
77599,60,59,1,1
77600,131,126,5,5
77601,74,81,-7,7
77602,148,121,27,27
77603,112,105,7,7
77604,60,65,-5,5
77605,89,84,5,5
77606,83,89,-6,6
77607,100,90,10,10
77608,70,73,-3,3
77609,119,130,-11,11
77610,52,57,-5,5
77611,72,74,-2,2
77612,127,128,-1,1
77613,82,85,-3,3
77614,65,62,3,3
77615,75,68,7,7
77616,65,62,3,3
77617,80,96,-16,16
77618,95,124,-29,29
77619,74,80,-6,6
77620,107,107,0,0
77621,63,63,0,0
77622,117,116,1,1
77623,83,71,12,12
77624,74,71,3,3
77625,56,51,5,5
77626,143,153,-10,10
77627,61,67,-6,6
77628,92,94,-2,2
77629,147,163,-16,16
77630,68,78,-10,10
77631,95,93,2,2
77632,80,86,-6,6
77633,129,120,9,9
77634,133,154,-21,21
77635,47,46,1,1
77636,65,59,6,6
77637,85,80,5,5
77638,100,95,5,5
77639,113,109,4,4
77640,104,98,6,6
77641,70,67,3,3
77642,16,25,-9,9
77643,102,98,4,4
77644,125,112,13,13
77645,83,84,-1,1
77646,114,99,15,15
77647,150,151,-1,1
77648,164,155,9,9
77649,97,95,2,2
77650,71,69,2,2
77651,78,78,0,0
77652,128,128,0,0
77653,111,106,5,5
77654,78,72,6,6
77655,83,84,-1,1
77656,84,77,7,7
77657,81,83,-2,2
77658,103,116,-13,13
77659,91,97,-6,6
77660,79,79,0,0
77661,84,84,0,0
77662,143,124,19,19
77663,97,93,4,4
77664,85,84,1,1
77665,120,112,8,8
77666,88,102,-14,14
77667,114,102,12,12
77668,116,113,3,3
77669,72,84,-12,12
77670,101,98,3,3
77671,129,129,0,0
77672,119,111,8,8
77673,86,88,-2,2
77674,75,81,-6,6
77675,76,72,4,4
77676,84,76,8,8
77677,75,79,-4,4
77678,124,122,2,2
77679,177,195,-18,18
77680,75,74,1,1
77681,117,120,-3,3
77682,99,135,-36,36
77683,50,52,-2,2
77684,70,80,-10,10
77685,115,115,0,0
77686,60,61,-1,1
77687,96,93,3,3
77688,142,143,-1,1
77689,87,81,6,6
77690,112,117,-5,5
77691,116,104,12,12
77692,56,58,-2,2
77693,158,163,-5,5
77694,188,186,2,2
77695,181,170,11,11
77696,104,89,15,15
77697,159,159,0,0
77698,122,131,-9,9
77699,69,73,-4,4
77700,105,99,6,6
77701,84,91,-7,7
77702,80,79,1,1
77703,62,59,3,3
77704,75,74,1,1
77705,72,81,-9,9
77706,86,82,4,4
77707,99,115,-16,16
77708,59,62,-3,3
77709,104,97,7,7
77710,78,76,2,2
77711,97,103,-6,6
77712,129,125,4,4
77713,64,74,-10,10
77714,105,101,4,4
77715,93,87,6,6
77716,92,92,0,0
77717,40,41,-1,1
77718,98,109,-11,11
77719,132,139,-7,7
77720,67,74,-7,7
77721,51,82,-31,31
77722,81,95,-14,14
77723,142,153,-11,11
77724,145,139,6,6
77725,72,70,2,2
77726,102,100,2,2
77727,87,82,5,5
77728,111,109,2,2
77729,80,77,3,3
77730,85,85,0,0
77731,144,135,9,9
77732,66,73,-7,7
77733,98,93,5,5
77734,91,93,-2,2
77735,61,65,-4,4
77736,46,55,-9,9
77737,89,100,-11,11
77738,105,96,9,9
77739,102,95,7,7
77740,100,101,-1,1
77741,58,64,-6,6
77742,116,121,-5,5
77743,73,79,-6,6
77744,96,96,0,0
77745,89,87,2,2
77746,79,83,-4,4
77747,74,76,-2,2
77748,100,88,12,12
77749,35,50,-15,15
77750,49,51,-2,2
77751,79,75,4,4
77752,102,93,9,9
77753,104,84,20,20
77754,198,183,15,15
77755,136,128,8,8
77756,62,72,-10,10
77757,100,102,-2,2
77758,89,86,3,3
77759,131,130,1,1
77760,82,82,0,0
77761,157,152,5,5
77762,71,72,-1,1
77763,54,55,-1,1
77764,115,122,-7,7
77765,80,79,1,1
77766,69,66,3,3
77767,80,72,8,8
77768,89,90,-1,1
77769,91,91,0,0
77770,171,157,14,14
77771,86,80,6,6
77772,120,123,-3,3
77773,72,73,-1,1
77774,67,63,4,4
77775,122,143,-21,21
77776,71,76,-5,5
77777,119,118,1,1
77778,80,81,-1,1
77779,110,105,5,5
77780,47,48,-1,1
77781,193,177,16,16
77782,80,79,1,1
77783,52,55,-3,3
77784,61,63,-2,2
77785,90,98,-8,8
77786,85,83,2,2
77787,74,73,1,1
77788,85,87,-2,2
77789,125,149,-24,24
77790,150,142,8,8
77791,89,88,1,1
77792,93,92,1,1
77793,131,136,-5,5
77794,66,72,-6,6
77795,78,70,8,8
77796,151,153,-2,2
77797,91,94,-3,3
77798,75,83,-8,8
77799,39,40,-1,1
77800,54,52,2,2
77801,106,101,5,5
77802,128,134,-6,6
77803,49,59,-10,10
77804,124,123,1,1
77805,76,77,-1,1
77806,89,86,3,3
77807,48,43,5,5
77808,135,155,-20,20
77809,108,114,-6,6
77810,113,104,9,9
77811,97,104,-7,7
77812,155,157,-2,2
77813,154,145,9,9
77814,118,107,11,11
77815,87,82,5,5
77816,56,59,-3,3
77817,56,76,-20,20
77818,70,77,-7,7
77819,45,51,-6,6
77820,49,72,-23,23
77821,91,83,8,8
77822,76,71,5,5
77823,81,104,-23,23
77824,121,124,-3,3
77825,109,108,1,1
77826,72,77,-5,5
77827,75,76,-1,1
77828,35,46,-11,11
77829,90,93,-3,3
77830,132,133,-1,1
77831,140,152,-12,12
77832,75,79,-4,4
77833,76,74,2,2
77834,111,135,-24,24
77835,92,102,-10,10
77836,120,135,-15,15
77837,119,118,1,1
77838,78,86,-8,8
77839,86,83,3,3
77840,60,65,-5,5
77841,158,150,8,8
77842,94,90,4,4
77843,126,125,1,1
77844,112,100,12,12
77845,112,108,4,4
77846,73,76,-3,3
77847,94,98,-4,4
77848,133,131,2,2
77849,70,62,8,8
77850,83,76,7,7
77851,117,123,-6,6
77852,104,101,3,3
77853,109,108,1,1
77854,173,157,16,16
77855,55,65,-10,10
77856,46,51,-5,5
77857,36,42,-6,6
77858,76,76,0,0
77859,136,133,3,3
77860,102,101,1,1
77861,110,111,-1,1
77862,94,89,5,5
77863,80,80,0,0
77864,149,142,7,7
77865,249,238,11,11
77866,150,158,-8,8
77867,49,58,-9,9
77868,58,59,-1,1
77869,54,51,3,3
77870,83,72,11,11
77871,119,107,12,12
77872,58,57,1,1
77873,123,115,8,8
77874,125,119,6,6
77875,115,123,-8,8
77876,74,88,-14,14
77877,71,66,5,5
77878,162,144,18,18
77879,96,96,0,0
77880,63,62,1,1
77881,87,91,-4,4
77882,74,61,13,13
77883,70,91,-21,21
77884,114,119,-5,5
77885,72,71,1,1
77886,58,65,-7,7
77887,117,109,8,8
77888,77,101,-24,24
77889,57,67,-10,10
77890,142,139,3,3
77891,57,65,-8,8
77892,77,74,3,3
77893,100,121,-21,21
77894,92,113,-21,21
77895,53,61,-8,8
77896,98,91,7,7
77897,96,98,-2,2
77898,67,64,3,3
77899,69,71,-2,2
77900,108,110,-2,2
77901,97,91,6,6
77902,75,73,2,2
77903,97,102,-5,5
77904,127,120,7,7
77905,87,81,6,6
77906,86,84,2,2
77907,84,74,10,10
77908,86,86,0,0
77909,88,85,3,3
77910,97,97,0,0
77911,86,86,0,0
77912,79,87,-8,8
77913,183,180,3,3
77914,97,99,-2,2
77915,136,132,4,4
77916,78,76,2,2
77917,128,133,-5,5
77918,116,112,4,4
77919,167,163,4,4
77920,143,159,-16,16
77921,72,76,-4,4
77922,101,101,0,0
77923,89,89,0,0
77924,63,57,6,6
77925,136,131,5,5
77926,129,129,0,0
77927,77,78,-1,1
77928,70,79,-9,9
77929,114,110,4,4
77930,100,114,-14,14
77931,133,128,5,5
77932,130,131,-1,1
77933,64,62,2,2
77934,105,102,3,3
77935,171,159,12,12
77936,120,118,2,2
77937,95,95,0,0
77938,72,75,-3,3
77939,75,67,8,8
77940,110,100,10,10
77941,119,111,8,8
77942,184,173,11,11
77943,132,130,2,2
77944,128,137,-9,9
77945,78,94,-16,16
77946,124,122,2,2
77947,123,128,-5,5
77948,105,94,11,11
77949,51,61,-10,10
77950,89,101,-12,12
77951,58,62,-4,4
77952,112,108,4,4
77953,97,95,2,2
77954,95,98,-3,3
77955,79,80,-1,1
77956,85,87,-2,2
77957,135,124,11,11
77958,127,137,-10,10
77959,95,85,10,10
77960,141,152,-11,11
77961,76,78,-2,2
77962,63,64,-1,1
77963,106,106,0,0
77964,95,89,6,6
77965,91,92,-1,1
77966,147,146,1,1
77967,124,117,7,7
77968,88,78,10,10
77969,70,73,-3,3
77970,80,93,-13,13
77971,41,46,-5,5
77972,59,60,-1,1
77973,97,107,-10,10
77974,61,62,-1,1
77975,148,133,15,15
77976,106,97,9,9
77977,102,116,-14,14
77978,66,64,2,2
77979,75,68,7,7
77980,98,94,4,4
77981,58,53,5,5
77982,59,59,0,0
77983,53,53,0,0
77984,53,76,-23,23
77985,121,108,13,13
77986,101,87,14,14
77987,145,134,11,11
77988,57,60,-3,3
77989,74,72,2,2
77990,65,65,0,0
77991,79,88,-9,9
77992,117,117,0,0
77993,65,64,1,1
77994,64,66,-2,2
77995,81,76,5,5
77996,125,110,15,15
77997,67,66,1,1
77998,69,72,-3,3
77999,59,52,7,7
78000,126,122,4,4
78001,106,110,-4,4
78002,63,64,-1,1
78003,89,99,-10,10
78004,120,99,21,21
78005,97,99,-2,2
78006,70,70,0,0
78007,116,123,-7,7
78008,77,66,11,11
78009,49,54,-5,5
78010,71,65,6,6
78011,64,73,-9,9
78012,72,62,10,10
78013,128,114,14,14
78014,98,94,4,4
78015,66,68,-2,2
78016,112,118,-6,6
78017,51,52,-1,1
78018,85,84,1,1
78019,100,91,9,9
78020,92,88,4,4
78021,111,113,-2,2
78022,100,119,-19,19
78023,96,95,1,1
78024,166,155,11,11
78025,137,148,-11,11
78026,72,71,1,1
78027,115,120,-5,5
78028,88,85,3,3
78029,91,90,1,1
78030,103,109,-6,6
78031,47,54,-7,7
78032,86,93,-7,7
78033,136,127,9,9
78034,157,161,-4,4
78035,124,125,-1,1
78036,137,139,-2,2
78037,101,104,-3,3
78038,74,67,7,7
78039,85,76,9,9
78040,45,43,2,2
78041,168,161,7,7
78042,115,102,13,13
78043,116,135,-19,19
78044,84,92,-8,8
78045,102,101,1,1
78046,59,74,-15,15
78047,106,115,-9,9
78048,60,71,-11,11
78049,123,116,7,7
78050,85,74,11,11
78051,60,67,-7,7
78052,82,71,11,11
78053,160,149,11,11
78054,82,85,-3,3
78055,83,85,-2,2
78056,73,78,-5,5
78057,113,121,-8,8
78058,95,86,9,9
78059,100,98,2,2
78060,40,45,-5,5
78061,80,82,-2,2
78062,110,106,4,4
78063,144,148,-4,4
78064,115,105,10,10
78065,64,76,-12,12
78066,119,112,7,7
78067,102,107,-5,5
78068,159,142,17,17
78069,104,100,4,4
78070,91,90,1,1
78071,133,135,-2,2
78072,98,96,2,2
78073,96,102,-6,6
78074,134,128,6,6
78075,160,154,6,6
78076,59,72,-13,13
78077,74,79,-5,5
78078,106,98,8,8
78079,64,62,2,2
78080,90,100,-10,10
78081,67,64,3,3
78082,100,102,-2,2
78083,68,70,-2,2
78084,159,155,4,4
78085,87,88,-1,1
78086,123,138,-15,15
78087,78,78,0,0
78088,95,88,7,7
78089,56,74,-18,18
78090,102,103,-1,1
78091,108,96,12,12
78092,73,70,3,3
78093,111,113,-2,2
78094,137,136,1,1
78095,84,89,-5,5
78096,89,81,8,8
78097,70,79,-9,9
78098,78,81,-3,3
78099,152,150,2,2
78100,81,82,-1,1
78101,49,51,-2,2
78102,69,72,-3,3
78103,102,91,11,11
78104,62,64,-2,2
78105,91,89,2,2
78106,72,49,23,23
78107,47,46,1,1
78108,184,163,21,21
78109,103,94,9,9
78110,69,74,-5,5
78111,51,61,-10,10
78112,120,135,-15,15
78113,105,86,19,19
78114,46,55,-9,9
78115,75,75,0,0
78116,71,71,0,0
78117,45,54,-9,9
78118,80,87,-7,7
78119,79,89,-10,10
78120,78,78,0,0
78121,62,71,-9,9
78122,86,83,3,3
78123,122,125,-3,3
78124,101,96,5,5
78125,72,74,-2,2
78126,141,142,-1,1
78127,69,74,-5,5
78128,93,89,4,4
78129,55,52,3,3
78130,121,118,3,3
78131,105,110,-5,5
78132,99,88,11,11
78133,195,178,17,17
78134,76,75,1,1
78135,124,117,7,7
78136,100,84,16,16
78137,152,157,-5,5
78138,108,104,4,4
78139,49,51,-2,2
78140,176,169,7,7
78141,104,202,-98,98
78142,81,65,16,16
78143,97,95,2,2
78144,58,57,1,1
78145,110,106,4,4
78146,55,63,-8,8
78147,69,66,3,3
78148,107,137,-30,30
78149,71,71,0,0
78150,88,89,-1,1
78151,43,53,-10,10
78152,117,120,-3,3
78153,81,63,18,18
78154,75,81,-6,6
78155,108,108,0,0
78156,63,65,-2,2
78157,74,78,-4,4
78158,68,72,-4,4
78159,62,61,1,1
78160,52,51,1,1
78161,78,85,-7,7
78162,108,118,-10,10
78163,188,170,18,18
78164,61,65,-4,4
78165,77,75,2,2
78166,97,91,6,6
78167,67,60,7,7
78168,77,106,-29,29
78169,91,94,-3,3
78170,69,73,-4,4
78171,131,136,-5,5
78172,56,57,-1,1
78173,49,56,-7,7
78174,126,127,-1,1
78175,114,113,1,1
78176,90,91,-1,1
78177,75,87,-12,12
78178,83,74,9,9
78179,92,100,-8,8
78180,83,86,-3,3
78181,89,79,10,10
78182,85,84,1,1
78183,70,67,3,3
78184,108,105,3,3
78185,71,73,-2,2
78186,68,62,6,6
78187,70,73,-3,3
78188,107,115,-8,8
78189,58,61,-3,3
78190,51,54,-3,3
78191,55,64,-9,9
78192,161,165,-4,4
78193,46,58,-12,12
78194,92,90,2,2
78195,154,152,2,2
78196,83,86,-3,3
78197,128,128,0,0
78198,73,75,-2,2
78199,87,84,3,3
78200,122,115,7,7
78201,108,90,18,18
78202,76,92,-16,16
78203,59,71,-12,12
78204,83,87,-4,4
78205,92,95,-3,3
78206,96,99,-3,3
78207,105,96,9,9
78208,58,65,-7,7
78209,81,77,4,4
78210,110,102,8,8
78211,44,54,-10,10
78212,81,78,3,3
78213,63,72,-9,9
78214,78,78,0,0
78215,68,75,-7,7
78216,120,131,-11,11
78217,181,173,8,8
78218,141,140,1,1
78219,178,169,9,9
78220,64,60,4,4
78221,72,75,-3,3
78222,45,41,4,4
78223,143,134,9,9
78224,145,135,10,10
78225,111,110,1,1
78226,86,85,1,1
78227,125,136,-11,11
78228,79,83,-4,4
78229,67,73,-6,6
78230,173,164,9,9
78231,81,85,-4,4
78232,88,97,-9,9
78233,63,66,-3,3
78234,66,87,-21,21
78235,96,91,5,5
78236,100,80,20,20
78237,57,55,2,2
78238,125,117,8,8
78239,156,152,4,4
78240,125,121,4,4
78241,133,132,1,1
78242,66,65,1,1
78243,159,168,-9,9
78244,44,63,-19,19
78245,67,61,6,6
78246,105,104,1,1
78247,77,77,0,0
78248,64,73,-9,9
78249,62,88,-26,26
78250,69,65,4,4
78251,163,157,6,6
78252,62,65,-3,3
78253,50,51,-1,1
78254,100,100,0,0
78255,108,102,6,6
78256,70,71,-1,1
78257,97,94,3,3
78258,83,77,6,6
78259,137,149,-12,12
78260,70,67,3,3
78261,122,102,20,20
78262,79,84,-5,5
78263,52,72,-20,20
78264,86,94,-8,8
78265,93,88,5,5
78266,93,110,-17,17
78267,62,63,-1,1
78268,109,96,13,13
78269,107,110,-3,3
78270,83,83,0,0
78271,57,61,-4,4
78272,61,70,-9,9
78273,43,46,-3,3
78274,156,139,17,17
78275,102,97,5,5
78276,56,66,-10,10
78277,199,193,6,6
78278,103,108,-5,5
78279,77,79,-2,2
78280,147,157,-10,10
78281,99,115,-16,16
78282,74,108,-34,34
78283,71,64,7,7
78284,142,144,-2,2
78285,72,65,7,7
78286,28,46,-18,18
78287,99,111,-12,12
78288,145,157,-12,12
78289,51,52,-1,1
78290,132,138,-6,6
78291,102,104,-2,2
78292,69,72,-3,3
78293,142,141,1,1
78294,52,50,2,2
78295,87,94,-7,7
78296,122,127,-5,5
78297,93,102,-9,9
78298,85,90,-5,5
78299,101,97,4,4
78300,88,92,-4,4
78301,64,61,3,3
78302,131,131,0,0
78303,91,91,0,0
78304,174,159,15,15
78305,50,52,-2,2
78306,78,86,-8,8
78307,76,82,-6,6
78308,118,117,1,1
78309,56,60,-4,4
78310,53,51,2,2
78311,98,105,-7,7
78312,119,126,-7,7
78313,133,132,1,1
78314,66,64,2,2
78315,117,124,-7,7
78316,94,91,3,3
78317,79,83,-4,4
78318,114,117,-3,3
78319,96,87,9,9
78320,81,83,-2,2
78321,83,86,-3,3
78322,74,79,-5,5
78323,89,87,2,2
78324,73,81,-8,8
78325,160,160,0,0
78326,120,116,4,4
78327,52,50,2,2
78328,127,131,-4,4
78329,93,90,3,3
78330,108,122,-14,14
78331,95,98,-3,3
78332,75,75,0,0
78333,124,113,11,11
78334,90,92,-2,2
78335,101,110,-9,9
78336,44,49,-5,5
78337,113,108,5,5
78338,64,73,-9,9
78339,135,132,3,3
78340,147,139,8,8
78341,112,120,-8,8
78342,63,63,0,0
78343,91,105,-14,14
78344,93,75,18,18
78345,116,114,2,2
78346,124,134,-10,10
78347,127,130,-3,3
78348,114,122,-8,8
78349,137,119,18,18
78350,56,61,-5,5
78351,54,54,0,0
78352,78,83,-5,5
78353,71,73,-2,2
78354,72,74,-2,2
78355,67,75,-8,8
78356,48,48,0,0
78357,115,137,-22,22
78358,53,55,-2,2
78359,95,96,-1,1
78360,56,71,-15,15
78361,45,42,3,3
78362,209,202,7,7
78363,85,97,-12,12
78364,80,78,2,2
78365,139,150,-11,11
78366,64,64,0,0
78367,83,88,-5,5
78368,121,118,3,3
78369,102,113,-11,11
78370,94,90,4,4
78371,119,116,3,3
78372,59,64,-5,5
78373,61,89,-28,28
78374,74,73,1,1
78375,76,77,-1,1
78376,91,92,-1,1
78377,132,119,13,13
78378,54,60,-6,6
78379,74,75,-1,1
78380,96,88,8,8
78381,60,66,-6,6
78382,91,98,-7,7
78383,102,106,-4,4
78384,131,132,-1,1
78385,95,91,4,4
78386,35,38,-3,3
78387,70,82,-12,12
78388,115,106,9,9
78389,63,63,0,0
78390,70,80,-10,10
78391,73,71,2,2
78392,79,82,-3,3
78393,114,119,-5,5
78394,75,88,-13,13
78395,103,102,1,1
78396,111,109,2,2
78397,110,118,-8,8
78398,55,54,1,1
78399,89,96,-7,7
78400,53,64,-11,11
78401,114,105,9,9
78402,104,111,-7,7
78403,45,47,-2,2
78404,122,120,2,2
78405,72,75,-3,3
78406,140,135,5,5
78407,132,124,8,8
78408,127,160,-33,33
78409,133,131,2,2
78410,66,65,1,1
78411,99,99,0,0
78412,112,113,-1,1
78413,104,88,16,16
78414,143,141,2,2
78415,107,102,5,5
78416,122,124,-2,2
78417,166,167,-1,1
78418,169,169,0,0
78419,165,172,-7,7
78420,147,130,17,17
78421,63,63,0,0
78422,71,76,-5,5
78423,59,55,4,4
78424,127,134,-7,7
78425,168,160,8,8
78426,43,48,-5,5
78427,103,99,4,4
78428,109,102,7,7
78429,99,108,-9,9
78430,71,73,-2,2
78431,94,96,-2,2
78432,104,103,1,1
78433,96,101,-5,5
78434,85,79,6,6
78435,122,106,16,16
78436,85,87,-2,2
78437,49,54,-5,5
78438,44,65,-21,21
78439,65,62,3,3
78440,78,81,-3,3
78441,117,117,0,0
78442,103,97,6,6
78443,106,92,14,14
78444,97,107,-10,10
78445,167,186,-19,19
78446,50,53,-3,3
78447,134,127,7,7
78448,100,110,-10,10
78449,81,81,0,0
78450,108,115,-7,7
78451,55,59,-4,4
78452,82,87,-5,5
78453,94,113,-19,19
78454,94,87,7,7
78455,61,61,0,0
78456,141,141,0,0
78457,79,79,0,0
78458,71,82,-11,11
78459,48,55,-7,7
78460,140,144,-4,4
78461,70,74,-4,4
78462,63,61,2,2
78463,137,129,8,8
78464,40,41,-1,1
78465,103,100,3,3
78466,67,74,-7,7
78467,82,77,5,5
78468,119,126,-7,7
78469,131,129,2,2
78470,77,92,-15,15
78471,98,93,5,5
78472,148,158,-10,10
78473,91,90,1,1
78474,95,101,-6,6
78475,60,59,1,1
78476,72,73,-1,1
78477,123,119,4,4
78478,68,70,-2,2
78479,124,132,-8,8
78480,128,130,-2,2
78481,114,123,-9,9
78482,90,88,2,2
78483,108,111,-3,3
78484,114,111,3,3
78485,33,53,-20,20
78486,95,98,-3,3
78487,113,112,1,1
78488,57,57,0,0
78489,71,65,6,6
78490,110,102,8,8
78491,67,72,-5,5
78492,59,62,-3,3
78493,105,106,-1,1
78494,132,123,9,9
78495,93,104,-11,11
78496,90,96,-6,6
78497,134,124,10,10
78498,32,44,-12,12
78499,108,148,-40,40
78500,81,74,7,7
78501,94,94,0,0
78502,116,125,-9,9
78503,131,132,-1,1
78504,63,71,-8,8
78505,96,94,2,2
78506,71,63,8,8
78507,71,64,7,7
78508,79,86,-7,7
78509,115,115,0,0
78510,48,64,-16,16
78511,85,82,3,3
78512,113,110,3,3
78513,89,94,-5,5
78514,131,131,0,0
78515,91,93,-2,2
78516,72,68,4,4
78517,169,159,10,10
78518,133,137,-4,4
78519,176,165,11,11
78520,118,124,-6,6
78521,71,80,-9,9
78522,65,72,-7,7
78523,144,127,17,17
78524,72,84,-12,12
78525,70,77,-7,7
78526,70,73,-3,3
78527,117,109,8,8
78528,97,97,0,0
78529,57,60,-3,3
78530,61,84,-23,23
78531,80,82,-2,2
78532,92,87,5,5
78533,85,91,-6,6
78534,125,113,12,12
78535,90,102,-12,12
78536,80,74,6,6
78537,71,79,-8,8
78538,149,139,10,10
78539,69,62,7,7
78540,104,100,4,4
78541,95,93,2,2
78542,129,112,17,17
78543,144,127,17,17
78544,61,62,-1,1
78545,130,124,6,6
78546,144,136,8,8
78547,39,44,-5,5
78548,114,111,3,3
78549,48,48,0,0
78550,94,87,7,7
78551,92,87,5,5
78552,101,89,12,12
78553,79,85,-6,6
78554,113,105,8,8
78555,69,76,-7,7
78556,41,48,-7,7
78557,69,77,-8,8
78558,108,106,2,2
78559,66,66,0,0
78560,93,82,11,11
78561,86,80,6,6
78562,79,76,3,3
78563,80,85,-5,5
78564,87,83,4,4
78565,179,169,10,10
78566,67,64,3,3
78567,71,79,-8,8
78568,86,78,8,8
78569,92,99,-7,7
78570,109,113,-4,4
78571,45,54,-9,9
78572,84,84,0,0
78573,158,158,0,0
78574,92,86,6,6
78575,75,73,2,2
78576,84,83,1,1
78577,65,76,-11,11
78578,104,95,9,9
78579,44,47,-3,3
78580,198,170,28,28
78581,124,120,4,4
78582,134,123,11,11
78583,122,112,10,10
78584,77,77,0,0
78585,103,98,5,5
78586,98,91,7,7
78587,59,55,4,4
78588,87,71,16,16
78589,74,70,4,4
78590,67,73,-6,6
78591,85,85,0,0
78592,79,74,5,5
78593,96,100,-4,4
78594,121,123,-2,2
78595,98,111,-13,13
78596,145,133,12,12
78597,110,108,2,2
78598,144,151,-7,7
78599,85,82,3,3
78600,114,124,-10,10
78601,95,93,2,2
78602,51,63,-12,12
78603,97,92,5,5
78604,81,71,10,10
78605,81,79,2,2
78606,85,84,1,1
78607,154,158,-4,4
78608,125,127,-2,2
78609,97,106,-9,9
78610,161,152,9,9
78611,144,130,14,14
78612,127,120,7,7
78613,88,87,1,1
78614,180,174,6,6
78615,90,97,-7,7
78616,66,75,-9,9
78617,95,91,4,4
78618,94,103,-9,9
78619,75,78,-3,3
78620,65,74,-9,9
78621,111,122,-11,11
78622,67,63,4,4
78623,86,96,-10,10
78624,141,131,10,10
78625,102,102,0,0
78626,142,149,-7,7
78627,188,191,-3,3
78628,62,53,9,9
78629,104,113,-9,9
78630,63,61,2,2
78631,100,93,7,7
78632,148,143,5,5
78633,103,108,-5,5
78634,122,132,-10,10
78635,69,71,-2,2
78636,89,87,2,2
78637,113,94,19,19
78638,135,135,0,0
78639,158,148,10,10
78640,74,67,7,7
78641,54,55,-1,1
78642,106,104,2,2
78643,56,85,-29,29
78644,113,110,3,3
78645,95,87,8,8
78646,134,136,-2,2
78647,73,76,-3,3
78648,51,52,-1,1
78649,50,45,5,5
78650,33,34,-1,1
78651,130,122,8,8
78652,111,127,-16,16
78653,58,59,-1,1
78654,103,101,2,2
78655,136,144,-8,8
78656,99,100,-1,1
78657,99,95,4,4
78658,116,110,6,6
78659,149,146,3,3
78660,69,73,-4,4
78661,81,94,-13,13
78662,57,58,-1,1
78663,85,82,3,3
78664,78,95,-17,17
78665,94,93,1,1
78666,112,107,5,5
78667,141,123,18,18
78668,133,123,10,10
78669,85,98,-13,13
78670,100,107,-7,7
78671,62,58,4,4
78672,121,120,1,1
78673,54,58,-4,4
78674,154,153,1,1
78675,142,129,13,13
78676,104,118,-14,14
78677,103,101,2,2
78678,70,65,5,5
78679,118,119,-1,1
78680,115,116,-1,1
78681,145,146,-1,1
78682,106,111,-5,5
78683,114,115,-1,1
78684,87,84,3,3
78685,155,140,15,15
78686,142,132,10,10
78687,132,125,7,7
78688,94,94,0,0
78689,142,143,-1,1
78690,150,148,2,2
78691,53,61,-8,8
78692,94,89,5,5
78693,85,98,-13,13
78694,62,66,-4,4
78695,53,50,3,3
78696,81,89,-8,8
78697,175,174,1,1
78698,55,52,3,3
78699,72,85,-13,13
78700,93,89,4,4
78701,73,83,-10,10
78702,47,57,-10,10
78703,67,71,-4,4
78704,117,113,4,4
78705,104,104,0,0
78706,76,75,1,1
78707,99,85,14,14
78708,131,124,7,7
78709,84,94,-10,10
78710,105,118,-13,13
78711,157,138,19,19
78712,111,123,-12,12
78713,91,92,-1,1
78714,74,83,-9,9
78715,79,79,0,0
78716,103,95,8,8
78717,119,115,4,4
78718,163,156,7,7
78719,69,71,-2,2
78720,112,109,3,3
78721,55,63,-8,8
78722,97,105,-8,8
78723,99,89,10,10
78724,58,68,-10,10
78725,125,114,11,11
78726,88,82,6,6
78727,81,82,-1,1
78728,158,164,-6,6
78729,55,65,-10,10
78730,114,123,-9,9
78731,95,98,-3,3
78732,87,107,-20,20
78733,139,125,14,14
78734,79,75,4,4
78735,75,67,8,8
78736,56,60,-4,4
78737,113,139,-26,26
78738,148,139,9,9
78739,160,147,13,13
78740,97,96,1,1
78741,88,89,-1,1
78742,89,86,3,3
78743,101,97,4,4
78744,53,56,-3,3
78745,97,111,-14,14
78746,67,70,-3,3
78747,117,110,7,7
78748,72,65,7,7
78749,40,47,-7,7
78750,48,48,0,0
78751,88,82,6,6
78752,95,81,14,14
78753,132,130,2,2
78754,63,61,2,2
78755,95,95,0,0
78756,84,85,-1,1
78757,33,41,-8,8
78758,70,72,-2,2
78759,154,154,0,0
78760,163,157,6,6
78761,175,163,12,12
78762,92,88,4,4
78763,150,150,0,0
78764,67,69,-2,2
78765,127,131,-4,4
78766,131,128,3,3
78767,194,176,18,18
78768,113,110,3,3
78769,106,105,1,1
78770,88,84,4,4
78771,75,74,1,1
78772,56,73,-17,17
78773,86,101,-15,15
78774,66,64,2,2
78775,171,167,4,4
78776,127,126,1,1
78777,110,113,-3,3
78778,93,95,-2,2
78779,89,88,1,1
78780,72,83,-11,11
78781,98,89,9,9
78782,77,78,-1,1
78783,93,91,2,2
78784,112,100,12,12
78785,68,70,-2,2
78786,104,117,-13,13
78787,78,74,4,4
78788,69,78,-9,9
78789,48,48,0,0
78790,65,74,-9,9
78791,109,116,-7,7
78792,90,106,-16,16
78793,141,138,3,3
78794,100,108,-8,8
78795,133,140,-7,7
78796,110,105,5,5
78797,54,53,1,1
78798,71,72,-1,1
78799,144,143,1,1
78800,57,68,-11,11
78801,88,89,-1,1
78802,107,98,9,9
78803,128,127,1,1
78804,93,97,-4,4
78805,136,143,-7,7
78806,107,95,12,12
78807,151,142,9,9
78808,114,111,3,3
78809,67,66,1,1
78810,94,93,1,1
78811,90,81,9,9
78812,105,96,9,9
78813,132,123,9,9
78814,90,85,5,5
78815,120,131,-11,11
78816,91,103,-12,12
78817,155,157,-2,2
78818,62,62,0,0
78819,109,105,4,4
78820,100,108,-8,8
78821,160,145,15,15
78822,96,99,-3,3
78823,104,114,-10,10
78824,93,91,2,2
78825,72,72,0,0
78826,59,74,-15,15
78827,74,71,3,3
78828,83,74,9,9
78829,92,86,6,6
78830,100,110,-10,10
78831,87,85,2,2
78832,122,125,-3,3
78833,78,74,4,4
78834,79,72,7,7
78835,138,126,12,12
78836,158,154,4,4
78837,75,75,0,0
78838,100,98,2,2
78839,134,126,8,8
78840,138,156,-18,18
78841,82,91,-9,9
78842,52,51,1,1
78843,74,75,-1,1
78844,60,59,1,1
78845,49,59,-10,10
78846,45,51,-6,6
78847,83,79,4,4
78848,55,63,-8,8
78849,74,71,3,3
78850,96,90,6,6
78851,71,76,-5,5
78852,73,72,1,1
78853,104,119,-15,15
78854,57,56,1,1
78855,79,80,-1,1
78856,109,112,-3,3
78857,65,64,1,1
78858,129,142,-13,13
78859,75,74,1,1
78860,209,192,17,17
78861,102,99,3,3
78862,102,111,-9,9
78863,142,130,12,12
78864,140,122,18,18
78865,44,45,-1,1
78866,102,108,-6,6
78867,89,82,7,7
78868,86,80,6,6
78869,85,82,3,3
78870,88,84,4,4
78871,77,84,-7,7
78872,123,131,-8,8
78873,62,76,-14,14
78874,163,165,-2,2
78875,114,116,-2,2
78876,55,61,-6,6
78877,112,116,-4,4
78878,125,124,1,1
78879,123,125,-2,2
78880,96,93,3,3
78881,111,108,3,3
78882,136,126,10,10
78883,75,75,0,0
78884,134,136,-2,2
78885,77,84,-7,7
78886,98,102,-4,4
78887,94,90,4,4
78888,77,79,-2,2
78889,83,79,4,4
78890,97,87,10,10
78891,82,84,-2,2
78892,126,122,4,4
78893,159,160,-1,1
78894,100,113,-13,13
78895,100,115,-15,15
78896,121,121,0,0
78897,117,101,16,16
78898,81,85,-4,4
78899,90,89,1,1
78900,68,65,3,3
78901,110,112,-2,2
78902,118,135,-17,17
78903,97,97,0,0
78904,81,74,7,7
78905,105,108,-3,3
78906,95,88,7,7
78907,66,90,-24,24
78908,109,112,-3,3
78909,141,143,-2,2
78910,52,52,0,0
78911,80,73,7,7
78912,93,87,6,6
78913,76,75,1,1
78914,111,117,-6,6
78915,107,103,4,4
78916,132,127,5,5
78917,100,103,-3,3
78918,138,129,9,9
78919,122,116,6,6
78920,105,107,-2,2
78921,85,85,0,0
78922,96,87,9,9
78923,60,57,3,3
78924,106,104,2,2
78925,47,62,-15,15
78926,97,92,5,5
78927,36,39,-3,3
78928,111,102,9,9
78929,121,134,-13,13
78930,85,76,9,9
78931,95,92,3,3
78932,78,80,-2,2
78933,113,123,-10,10
78934,72,67,5,5
78935,110,121,-11,11
78936,38,48,-10,10
78937,133,130,3,3
78938,52,78,-26,26
78939,49,51,-2,2
78940,57,55,2,2
78941,209,176,33,33
78942,93,101,-8,8
78943,62,63,-1,1
78944,51,58,-7,7
78945,82,106,-24,24
78946,77,74,3,3
78947,165,153,12,12
78948,58,59,-1,1
78949,108,105,3,3
78950,43,52,-9,9
78951,83,84,-1,1
78952,92,92,0,0
78953,127,123,4,4
78954,47,49,-2,2
78955,78,75,3,3
78956,62,65,-3,3
78957,136,126,10,10
78958,121,126,-5,5
78959,79,83,-4,4
78960,83,92,-9,9
78961,100,104,-4,4
78962,86,103,-17,17
78963,89,91,-2,2
78964,74,65,9,9
78965,133,133,0,0
78966,107,107,0,0
78967,89,85,4,4
78968,72,71,1,1
78969,78,86,-8,8
78970,52,54,-2,2
78971,94,99,-5,5
78972,107,108,-1,1
78973,61,59,2,2
78974,224,207,17,17
78975,75,66,9,9
78976,53,58,-5,5
78977,95,99,-4,4
78978,63,62,1,1
78979,133,136,-3,3
78980,45,46,-1,1
78981,65,63,2,2
78982,93,92,1,1
78983,68,77,-9,9
78984,86,91,-5,5
78985,116,113,3,3
78986,112,118,-6,6
78987,79,73,6,6
78988,83,78,5,5
78989,136,151,-15,15
78990,58,60,-2,2
78991,98,94,4,4
78992,216,229,-13,13
78993,135,130,5,5
78994,87,86,1,1
78995,99,95,4,4
78996,85,81,4,4
78997,57,56,1,1
78998,69,64,5,5
78999,72,72,0,0
79000,42,54,-12,12
79001,50,51,-1,1
79002,120,119,1,1
79003,43,51,-8,8
79004,58,58,0,0
79005,64,73,-9,9
79006,47,50,-3,3
79007,118,111,7,7
79008,91,116,-25,25
79009,115,118,-3,3
79010,132,137,-5,5
79011,124,121,3,3
79012,127,144,-17,17
79013,90,86,4,4
79014,142,145,-3,3
79015,72,73,-1,1
79016,91,99,-8,8
79017,93,97,-4,4
79018,159,163,-4,4
79019,76,82,-6,6
79020,89,100,-11,11
79021,127,109,18,18
79022,76,76,0,0
79023,101,95,6,6
79024,95,96,-1,1
79025,82,84,-2,2
79026,109,112,-3,3
79027,108,103,5,5
79028,84,88,-4,4
79029,184,180,4,4
79030,77,74,3,3
79031,92,81,11,11
79032,57,63,-6,6
79033,104,101,3,3
79034,118,124,-6,6
79035,111,103,8,8
79036,78,65,13,13
79037,122,112,10,10
79038,72,71,1,1
79039,106,94,12,12
79040,61,58,3,3
79041,106,111,-5,5
79042,122,125,-3,3
79043,119,120,-1,1
79044,141,126,15,15
79045,114,115,-1,1
79046,124,116,8,8
79047,86,79,7,7
79048,43,56,-13,13
79049,177,181,-4,4
79050,169,199,-30,30
79051,100,105,-5,5
79052,70,73,-3,3
79053,80,82,-2,2
79054,82,88,-6,6
79055,97,92,5,5
79056,112,106,6,6
79057,122,115,7,7
79058,62,62,0,0
79059,146,129,17,17
79060,77,85,-8,8
79061,95,99,-4,4
79062,167,152,15,15
79063,62,90,-28,28
79064,112,139,-27,27
79065,56,59,-3,3
79066,126,110,16,16
79067,127,119,8,8
79068,221,214,7,7
79069,180,174,6,6
79070,73,63,10,10
79071,53,57,-4,4
79072,82,92,-10,10
79073,58,58,0,0
79074,78,75,3,3
79075,130,127,3,3
79076,39,38,1,1
79077,93,113,-20,20
79078,87,82,5,5
79079,82,74,8,8
79080,130,137,-7,7
79081,74,74,0,0
79082,93,90,3,3
79083,69,78,-9,9
79084,57,61,-4,4
79085,79,77,2,2
79086,120,117,3,3
79087,91,81,10,10
79088,99,108,-9,9
79089,100,96,4,4
79090,93,90,3,3
79091,78,82,-4,4
79092,82,86,-4,4
79093,242,253,-11,11
79094,154,151,3,3
79095,63,63,0,0
79096,52,55,-3,3
79097,106,103,3,3
79098,87,109,-22,22
79099,106,109,-3,3
79100,36,37,-1,1
79101,108,130,-22,22
79102,153,195,-42,42
79103,44,61,-17,17
79104,119,119,0,0
79105,51,51,0,0
79106,156,142,14,14
79107,114,133,-19,19
79108,123,123,0,0
79109,149,144,5,5
79110,90,84,6,6
79111,67,68,-1,1
79112,179,179,0,0
79113,123,127,-4,4
79114,88,89,-1,1
79115,211,212,-1,1
79116,149,143,6,6
79117,58,57,1,1
79118,85,84,1,1
79119,94,91,3,3
79120,125,133,-8,8
79121,50,55,-5,5
79122,78,73,5,5
79123,91,85,6,6
79124,166,166,0,0
79125,89,82,7,7
79126,55,65,-10,10
79127,140,137,3,3
79128,122,127,-5,5
79129,92,79,13,13
79130,59,63,-4,4
79131,112,121,-9,9
79132,97,102,-5,5
79133,109,116,-7,7
79134,121,147,-26,26
79135,75,77,-2,2
79136,80,74,6,6
79137,104,106,-2,2
79138,130,131,-1,1
79139,148,153,-5,5
79140,54,51,3,3
79141,121,113,8,8
79142,65,82,-17,17
79143,51,59,-8,8
79144,142,125,17,17
79145,40,40,0,0
79146,58,63,-5,5
79147,92,91,1,1
79148,71,75,-4,4
79149,96,93,3,3
79150,118,113,5,5
79151,54,60,-6,6
79152,91,98,-7,7
79153,70,70,0,0
79154,85,83,2,2
79155,47,50,-3,3
79156,137,138,-1,1
79157,88,101,-13,13
79158,73,74,-1,1
79159,99,95,4,4
79160,68,73,-5,5
79161,174,179,-5,5
79162,119,127,-8,8
79163,84,85,-1,1
79164,103,124,-21,21
79165,174,175,-1,1
79166,98,95,3,3
79167,86,74,12,12
79168,101,104,-3,3
79169,88,78,10,10
79170,78,71,7,7
79171,94,91,3,3
79172,131,130,1,1
79173,104,98,6,6
79174,89,96,-7,7
79175,104,123,-19,19
79176,43,52,-9,9
79177,85,84,1,1
79178,66,69,-3,3
79179,108,120,-12,12
79180,89,104,-15,15
79181,54,60,-6,6
79182,75,76,-1,1
79183,85,95,-10,10
79184,94,93,1,1
79185,58,62,-4,4
79186,191,190,1,1
79187,63,62,1,1
79188,73,70,3,3
79189,92,94,-2,2
79190,125,116,9,9
79191,90,92,-2,2
79192,128,133,-5,5
79193,38,47,-9,9
79194,84,76,8,8
79195,85,82,3,3
79196,147,142,5,5
79197,54,53,1,1
79198,78,79,-1,1
79199,117,108,9,9
79200,78,86,-8,8
79201,83,76,7,7
79202,125,153,-28,28
79203,108,107,1,1
79204,94,96,-2,2
79205,45,47,-2,2
79206,120,122,-2,2
79207,86,85,1,1
79208,85,86,-1,1
79209,50,50,0,0
79210,89,86,3,3
79211,90,85,5,5
79212,75,72,3,3
79213,110,115,-5,5
79214,82,80,2,2
79215,140,141,-1,1
79216,102,106,-4,4
79217,78,83,-5,5
79218,90,93,-3,3
79219,49,52,-3,3
79220,60,61,-1,1
79221,128,148,-20,20
79222,91,95,-4,4
79223,94,92,2,2
79224,101,97,4,4
79225,90,87,3,3
79226,115,113,2,2
79227,111,97,14,14
79228,110,122,-12,12
79229,64,71,-7,7
79230,112,96,16,16
79231,88,99,-11,11
79232,108,98,10,10
79233,100,104,-4,4
79234,66,64,2,2
79235,142,128,14,14
79236,64,65,-1,1
79237,140,138,2,2
79238,124,122,2,2
79239,66,64,2,2
79240,99,92,7,7
79241,78,71,7,7
79242,103,111,-8,8
79243,121,119,2,2
79244,96,91,5,5
79245,30,39,-9,9
79246,69,63,6,6
79247,97,88,9,9
79248,81,75,6,6
79249,72,72,0,0
79250,93,85,8,8
79251,84,92,-8,8
79252,84,91,-7,7
79253,98,102,-4,4
79254,57,71,-14,14
79255,81,83,-2,2
79256,88,95,-7,7
79257,98,93,5,5
79258,171,164,7,7
79259,76,76,0,0
79260,126,134,-8,8
79261,90,90,0,0
79262,91,81,10,10
79263,94,85,9,9
79264,91,83,8,8
79265,122,124,-2,2
79266,81,89,-8,8
79267,86,104,-18,18
79268,79,78,1,1
79269,76,84,-8,8
79270,97,107,-10,10
79271,125,150,-25,25
79272,125,131,-6,6
79273,62,61,1,1
79274,63,70,-7,7
79275,81,83,-2,2
79276,115,100,15,15
79277,162,168,-6,6
79278,103,98,5,5
79279,64,67,-3,3
79280,153,143,10,10
79281,69,81,-12,12
79282,132,123,9,9
79283,76,71,5,5
79284,63,77,-14,14
79285,65,65,0,0
79286,89,79,10,10
79287,165,145,20,20
79288,84,81,3,3
79289,89,82,7,7
79290,130,128,2,2
79291,73,65,8,8
79292,110,122,-12,12
79293,157,142,15,15
79294,82,88,-6,6
79295,100,100,0,0
79296,128,125,3,3
79297,122,122,0,0
79298,102,103,-1,1
79299,102,93,9,9
79300,86,75,11,11
79301,124,129,-5,5
79302,157,150,7,7
79303,104,104,0,0
79304,94,98,-4,4
79305,59,59,0,0
79306,103,99,4,4
79307,78,73,5,5
79308,73,74,-1,1
79309,76,76,0,0
79310,112,131,-19,19
79311,103,116,-13,13
79312,159,137,22,22
79313,42,49,-7,7
79314,83,78,5,5
79315,108,110,-2,2
79316,129,123,6,6
79317,129,132,-3,3
79318,145,139,6,6
79319,70,72,-2,2
79320,71,68,3,3
79321,60,62,-2,2
79322,100,96,4,4
79323,173,173,0,0
79324,156,148,8,8
79325,101,99,2,2
79326,99,102,-3,3
79327,130,128,2,2
79328,68,127,-59,59
79329,138,129,9,9
79330,138,143,-5,5
79331,126,127,-1,1
79332,74,71,3,3
79333,75,73,2,2
79334,79,76,3,3
79335,67,72,-5,5
79336,80,124,-44,44
79337,86,75,11,11
79338,57,58,-1,1
79339,111,123,-12,12
79340,95,94,1,1
79341,85,82,3,3
79342,88,83,5,5
79343,72,67,5,5
79344,22,61,-39,39
79345,97,84,13,13
79346,130,121,9,9
79347,55,58,-3,3
79348,95,90,5,5
79349,86,85,1,1
79350,53,58,-5,5
79351,66,65,1,1
79352,122,135,-13,13
79353,130,134,-4,4
79354,135,131,4,4
79355,47,50,-3,3
79356,65,101,-36,36
79357,46,42,4,4
79358,155,141,14,14
79359,60,64,-4,4
79360,75,81,-6,6
79361,97,90,7,7
79362,142,123,19,19
79363,57,64,-7,7
79364,80,77,3,3
79365,44,44,0,0
79366,107,110,-3,3
79367,39,56,-17,17
79368,163,166,-3,3
79369,152,171,-19,19
79370,119,119,0,0
79371,98,85,13,13
79372,67,83,-16,16
79373,61,57,4,4
79374,99,100,-1,1
79375,62,64,-2,2
79376,68,67,1,1
79377,72,78,-6,6
79378,83,87,-4,4
79379,103,94,9,9
79380,116,131,-15,15
79381,122,125,-3,3
79382,88,97,-9,9
79383,129,123,6,6
79384,86,84,2,2
79385,82,85,-3,3
79386,83,87,-4,4
79387,71,83,-12,12
79388,77,77,0,0
79389,100,108,-8,8
79390,206,204,2,2
79391,152,179,-27,27
79392,58,59,-1,1
79393,141,139,2,2
79394,96,87,9,9
79395,149,133,16,16
79396,80,75,5,5
79397,48,47,1,1
79398,75,78,-3,3
79399,95,90,5,5
79400,126,133,-7,7
79401,74,75,-1,1
79402,95,93,2,2
79403,59,70,-11,11
79404,164,165,-1,1
79405,95,93,2,2
79406,46,49,-3,3
79407,88,83,5,5
79408,135,145,-10,10
79409,140,130,10,10
79410,103,104,-1,1
79411,69,70,-1,1
79412,144,130,14,14
79413,147,139,8,8
79414,105,116,-11,11
79415,154,128,26,26
79416,77,75,2,2
79417,74,76,-2,2
79418,132,128,4,4
79419,56,58,-2,2
79420,48,51,-3,3
79421,77,76,1,1
79422,20,36,-16,16
79423,94,101,-7,7
79424,66,71,-5,5
79425,72,72,0,0
79426,130,122,8,8
79427,282,260,22,22
79428,139,121,18,18
79429,99,114,-15,15
79430,67,67,0,0
79431,72,78,-6,6
79432,96,109,-13,13
79433,76,79,-3,3
79434,119,113,6,6
79435,93,85,8,8
79436,61,63,-2,2
79437,79,73,6,6
79438,107,101,6,6
79439,152,163,-11,11
79440,85,76,9,9
79441,62,60,2,2
79442,103,90,13,13
79443,59,57,2,2
79444,109,117,-8,8
79445,84,94,-10,10
79446,85,88,-3,3
79447,77,90,-13,13
79448,182,179,3,3
79449,105,109,-4,4
79450,165,167,-2,2
79451,101,102,-1,1
79452,91,90,1,1
79453,93,92,1,1
79454,105,111,-6,6
79455,98,105,-7,7
79456,140,144,-4,4
79457,150,140,10,10
79458,168,158,10,10
79459,155,148,7,7
79460,75,67,8,8
79461,56,57,-1,1
79462,41,56,-15,15
79463,84,81,3,3
79464,46,51,-5,5
79465,168,168,0,0
79466,148,142,6,6
79467,92,95,-3,3
79468,93,92,1,1
79469,108,97,11,11
79470,52,55,-3,3
79471,100,95,5,5
79472,77,84,-7,7
79473,95,89,6,6
79474,67,71,-4,4
79475,84,74,10,10
79476,107,107,0,0
79477,80,77,3,3
79478,104,107,-3,3
79479,86,85,1,1
79480,90,80,10,10
79481,70,81,-11,11
79482,125,137,-12,12
79483,68,67,1,1
79484,125,126,-1,1
79485,133,135,-2,2
79486,77,73,4,4
79487,70,76,-6,6
79488,182,175,7,7
79489,114,100,14,14
79490,114,115,-1,1
79491,183,184,-1,1
79492,57,64,-7,7
79493,111,115,-4,4
79494,49,55,-6,6
79495,58,59,-1,1
79496,97,108,-11,11
79497,141,149,-8,8
79498,133,135,-2,2
79499,115,104,11,11
79500,142,135,7,7
79501,53,53,0,0
79502,69,65,4,4
79503,152,135,17,17
79504,52,50,2,2
79505,145,143,2,2
79506,90,89,1,1
79507,125,116,9,9
79508,73,63,10,10
79509,72,71,1,1
79510,69,80,-11,11
79511,146,137,9,9
79512,149,153,-4,4
79513,79,80,-1,1
79514,105,115,-10,10
79515,65,63,2,2
79516,139,129,10,10
79517,123,119,4,4
79518,105,83,22,22
79519,40,45,-5,5
79520,65,66,-1,1
79521,134,133,1,1
79522,123,119,4,4
79523,127,120,7,7
79524,39,70,-31,31
79525,104,115,-11,11
79526,48,51,-3,3
79527,78,86,-8,8
79528,102,101,1,1
79529,72,61,11,11
79530,130,135,-5,5
79531,107,106,1,1
79532,90,87,3,3
79533,85,81,4,4
79534,103,106,-3,3
79535,118,116,2,2
79536,67,78,-11,11
79537,101,84,17,17
79538,108,104,4,4
79539,134,153,-19,19
79540,83,77,6,6
79541,103,106,-3,3
79542,43,58,-15,15
79543,154,142,12,12
79544,137,139,-2,2
79545,133,126,7,7
79546,165,144,21,21
79547,68,72,-4,4
79548,144,143,1,1
79549,112,115,-3,3
79550,96,97,-1,1
79551,84,77,7,7
79552,131,116,15,15
79553,95,92,3,3
79554,166,153,13,13
79555,56,61,-5,5
79556,112,112,0,0
79557,55,53,2,2
79558,88,88,0,0
79559,81,75,6,6
79560,79,75,4,4
79561,105,108,-3,3
79562,52,55,-3,3
79563,131,130,1,1
79564,101,102,-1,1
79565,98,77,21,21
79566,60,58,2,2
79567,66,72,-6,6
79568,85,76,9,9
79569,81,77,4,4
79570,117,124,-7,7
79571,61,60,1,1
79572,74,77,-3,3
79573,64,70,-6,6
79574,61,61,0,0
79575,106,103,3,3
79576,82,79,3,3
79577,68,86,-18,18
79578,100,107,-7,7
79579,111,91,20,20
79580,73,79,-6,6
79581,110,112,-2,2
79582,110,116,-6,6
79583,150,145,5,5
79584,119,126,-7,7
79585,140,140,0,0
79586,107,101,6,6
79587,31,46,-15,15
79588,111,109,2,2
79589,93,96,-3,3
79590,73,76,-3,3
79591,75,82,-7,7
79592,106,124,-18,18
79593,46,53,-7,7
79594,169,165,4,4
79595,128,123,5,5
79596,189,191,-2,2
79597,119,118,1,1
79598,61,53,8,8
79599,109,109,0,0
79600,129,121,8,8
79601,118,123,-5,5
79602,91,94,-3,3
79603,95,97,-2,2
79604,106,92,14,14
79605,188,183,5,5
79606,78,79,-1,1
79607,59,73,-14,14
79608,66,61,5,5
79609,62,64,-2,2
79610,137,134,3,3
79611,82,82,0,0
79612,115,119,-4,4
79613,102,115,-13,13
79614,50,78,-28,28
79615,119,120,-1,1
79616,159,164,-5,5
79617,146,150,-4,4
79618,62,59,3,3
79619,72,67,5,5
79620,82,82,0,0
79621,64,62,2,2
79622,74,77,-3,3
79623,104,97,7,7
79624,169,138,31,31
79625,86,90,-4,4
79626,178,192,-14,14
79627,83,80,3,3
79628,115,119,-4,4
79629,124,127,-3,3
79630,123,152,-29,29
79631,90,94,-4,4
79632,51,53,-2,2
79633,99,94,5,5
79634,99,127,-28,28
79635,108,96,12,12
79636,124,112,12,12
79637,144,149,-5,5
79638,128,137,-9,9
79639,70,71,-1,1
79640,74,84,-10,10
79641,134,140,-6,6
79642,119,128,-9,9
79643,41,47,-6,6
79644,101,109,-8,8
79645,149,142,7,7
79646,121,114,7,7
79647,56,54,2,2
79648,108,106,2,2
79649,72,75,-3,3
79650,98,87,11,11
79651,67,66,1,1
79652,69,72,-3,3
79653,89,86,3,3
79654,122,134,-12,12
79655,75,77,-2,2
79656,80,84,-4,4
79657,184,189,-5,5
79658,80,79,1,1
79659,136,136,0,0
79660,85,86,-1,1
79661,86,84,2,2
79662,99,106,-7,7
79663,161,166,-5,5
79664,106,116,-10,10
79665,86,86,0,0
79666,160,154,6,6
79667,140,147,-7,7
79668,157,159,-2,2
79669,121,123,-2,2
79670,61,64,-3,3
79671,108,108,0,0
79672,110,108,2,2
79673,101,92,9,9
79674,85,84,1,1
79675,125,126,-1,1
79676,67,69,-2,2
79677,64,63,1,1
79678,47,60,-13,13
79679,111,122,-11,11
79680,45,50,-5,5
79681,79,65,14,14
79682,102,98,4,4
79683,99,84,15,15
79684,121,120,1,1
79685,75,84,-9,9
79686,172,170,2,2
79687,67,73,-6,6
79688,111,103,8,8
79689,119,130,-11,11
79690,134,125,9,9
79691,139,136,3,3
79692,67,71,-4,4
79693,100,120,-20,20
79694,64,70,-6,6
79695,105,107,-2,2
79696,106,109,-3,3
79697,41,45,-4,4
79698,122,117,5,5
79699,96,102,-6,6
79700,74,75,-1,1
79701,97,92,5,5
79702,106,101,5,5
79703,58,54,4,4
79704,61,61,0,0
79705,72,66,6,6
79706,97,103,-6,6
79707,104,109,-5,5
79708,90,91,-1,1
79709,190,182,8,8
79710,113,127,-14,14
79711,72,97,-25,25
79712,102,99,3,3
79713,143,120,23,23
79714,71,72,-1,1
79715,80,87,-7,7
79716,45,48,-3,3
79717,57,61,-4,4
79718,109,107,2,2
79719,80,82,-2,2
79720,54,61,-7,7
79721,75,80,-5,5
79722,80,87,-7,7
79723,73,75,-2,2
79724,216,203,13,13
79725,73,81,-8,8
79726,124,124,0,0
79727,160,131,29,29
79728,140,137,3,3
79729,136,131,5,5
79730,68,64,4,4
79731,91,91,0,0
79732,69,59,10,10
79733,93,102,-9,9
79734,103,99,4,4
79735,93,95,-2,2
79736,53,61,-8,8
79737,116,114,2,2
79738,57,70,-13,13
79739,89,87,2,2
79740,58,58,0,0
79741,136,138,-2,2
79742,95,97,-2,2
79743,59,66,-7,7
79744,169,159,10,10
79745,105,108,-3,3
79746,119,104,15,15
79747,89,90,-1,1
79748,132,124,8,8
79749,81,74,7,7
79750,52,45,7,7
79751,139,121,18,18
79752,60,60,0,0
79753,128,123,5,5
79754,54,52,2,2
79755,123,125,-2,2
79756,99,96,3,3
79757,36,44,-8,8
79758,40,43,-3,3
79759,114,115,-1,1
79760,89,80,9,9
79761,68,73,-5,5
79762,96,82,14,14
79763,120,117,3,3
79764,85,83,2,2
79765,67,64,3,3
79766,90,89,1,1
79767,59,58,1,1
79768,86,81,5,5
79769,187,185,2,2
79770,117,115,2,2
79771,50,61,-11,11
79772,90,87,3,3
79773,92,87,5,5
79774,57,61,-4,4
79775,55,58,-3,3
79776,51,58,-7,7
79777,84,85,-1,1
79778,110,115,-5,5
79779,52,67,-15,15
79780,56,70,-14,14
79781,82,83,-1,1
79782,141,144,-3,3
79783,104,99,5,5
79784,113,121,-8,8
79785,119,115,4,4
79786,124,124,0,0
79787,79,77,2,2
79788,99,96,3,3
79789,133,122,11,11
79790,53,56,-3,3
79791,88,87,1,1
79792,58,57,1,1
79793,90,91,-1,1
79794,89,98,-9,9
79795,91,100,-9,9
79796,110,109,1,1
79797,77,79,-2,2
79798,71,73,-2,2
79799,77,80,-3,3
79800,115,120,-5,5
79801,62,74,-12,12
79802,167,170,-3,3
79803,105,111,-6,6
79804,100,95,5,5
79805,100,112,-12,12
79806,111,119,-8,8
79807,92,91,1,1
79808,162,161,1,1
79809,109,113,-4,4
79810,164,161,3,3
79811,63,58,5,5
79812,67,72,-5,5
79813,158,168,-10,10
79814,82,81,1,1
79815,65,60,5,5
79816,118,110,8,8
79817,87,97,-10,10
79818,159,163,-4,4
79819,122,114,8,8
79820,102,104,-2,2
79821,63,65,-2,2
79822,94,93,1,1
79823,100,102,-2,2
79824,87,73,14,14
79825,98,91,7,7
79826,79,73,6,6
79827,104,97,7,7
79828,115,107,8,8
79829,118,139,-21,21
79830,82,81,1,1
79831,130,122,8,8
79832,98,103,-5,5
79833,141,148,-7,7
79834,197,187,10,10
79835,141,146,-5,5
79836,91,96,-5,5
79837,80,76,4,4
79838,104,92,12,12
79839,171,167,4,4
79840,292,269,23,23
79841,113,121,-8,8
79842,111,107,4,4
79843,116,118,-2,2
79844,66,63,3,3
79845,146,143,3,3
79846,62,62,0,0
79847,105,103,2,2
79848,66,66,0,0
79849,59,59,0,0
79850,74,78,-4,4
79851,91,83,8,8
79852,117,117,0,0
79853,101,107,-6,6
79854,167,177,-10,10
79855,69,67,2,2
79856,120,123,-3,3
79857,119,114,5,5
79858,130,122,8,8
79859,69,64,5,5
79860,97,103,-6,6
79861,76,79,-3,3
79862,183,181,2,2
79863,65,73,-8,8
79864,155,145,10,10
79865,80,76,4,4
79866,107,112,-5,5
79867,46,61,-15,15
79868,95,90,5,5
79869,72,72,0,0
79870,74,82,-8,8
79871,73,73,0,0
79872,66,57,9,9
79873,76,79,-3,3
79874,75,79,-4,4
79875,36,55,-19,19
79876,82,83,-1,1
79877,150,142,8,8
79878,88,93,-5,5
79879,40,43,-3,3
79880,82,84,-2,2
79881,166,161,5,5
79882,113,114,-1,1
79883,120,127,-7,7
79884,136,132,4,4
79885,53,59,-6,6
79886,233,230,3,3
79887,78,76,2,2
79888,112,109,3,3
79889,103,116,-13,13
79890,100,94,6,6
79891,86,93,-7,7
79892,69,73,-4,4
79893,109,109,0,0
79894,105,102,3,3
79895,51,87,-36,36
79896,99,111,-12,12
79897,138,145,-7,7
79898,42,93,-51,51
79899,87,83,4,4
79900,141,138,3,3
79901,75,86,-11,11
79902,96,92,4,4
79903,56,59,-3,3
79904,122,118,4,4
79905,65,65,0,0
79906,113,103,10,10
79907,67,63,4,4
79908,83,82,1,1
79909,91,77,14,14
79910,136,139,-3,3
79911,85,76,9,9
79912,66,71,-5,5
79913,79,63,16,16
79914,73,71,2,2
79915,106,107,-1,1
79916,76,74,2,2
79917,149,141,8,8
79918,38,48,-10,10
79919,108,103,5,5
79920,91,96,-5,5
79921,105,106,-1,1
79922,85,88,-3,3
79923,62,72,-10,10
79924,117,138,-21,21
79925,62,70,-8,8
79926,115,107,8,8
79927,85,73,12,12
79928,150,154,-4,4
79929,132,136,-4,4
79930,74,78,-4,4
79931,44,63,-19,19
79932,152,157,-5,5
79933,142,149,-7,7
79934,106,112,-6,6
79935,97,103,-6,6
79936,97,89,8,8
79937,53,61,-8,8
79938,116,119,-3,3
79939,141,143,-2,2
79940,109,110,-1,1
79941,90,87,3,3
79942,111,115,-4,4
79943,186,192,-6,6
79944,133,130,3,3
79945,83,77,6,6
79946,69,83,-14,14
79947,73,75,-2,2
79948,154,143,11,11
79949,93,106,-13,13
79950,87,87,0,0
79951,126,130,-4,4
79952,91,92,-1,1
79953,79,80,-1,1
79954,82,88,-6,6
79955,112,93,19,19
79956,72,64,8,8
79957,179,183,-4,4
79958,67,72,-5,5
79959,61,80,-19,19
79960,134,129,5,5
79961,129,118,11,11
79962,79,76,3,3
79963,95,101,-6,6
79964,147,143,4,4
79965,86,91,-5,5
79966,64,65,-1,1
79967,73,79,-6,6
79968,60,61,-1,1
79969,122,130,-8,8
79970,91,95,-4,4
79971,78,84,-6,6
79972,69,77,-8,8
79973,64,86,-22,22
79974,120,115,5,5
79975,101,101,0,0
79976,51,50,1,1
79977,80,87,-7,7
79978,100,134,-34,34
79979,104,108,-4,4
79980,69,78,-9,9
79981,94,95,-1,1
79982,110,123,-13,13
79983,157,159,-2,2
79984,56,62,-6,6
79985,118,121,-3,3
79986,29,22,7,7
79987,110,143,-33,33
79988,102,102,0,0
79989,78,77,1,1
79990,116,130,-14,14
79991,129,130,-1,1
79992,124,136,-12,12
79993,69,87,-18,18
79994,94,98,-4,4
79995,105,100,5,5
79996,127,144,-17,17
79997,99,96,3,3
79998,106,92,14,14
79999,45,44,1,1
80000,73,73,0,0
80001,57,53,4,4
80002,71,68,3,3
80003,84,87,-3,3
80004,91,92,-1,1
80005,93,89,4,4
80006,75,81,-6,6
80007,98,94,4,4
80008,76,75,1,1
80009,87,86,1,1
80010,100,108,-8,8
80011,101,95,6,6
80012,63,72,-9,9
80013,94,88,6,6
80014,58,60,-2,2
80015,77,66,11,11
80016,136,125,11,11
80017,86,89,-3,3
80018,109,105,4,4
80019,77,76,1,1
80020,146,142,4,4
80021,128,128,0,0
80022,164,160,4,4
80023,71,73,-2,2
80024,147,151,-4,4
80025,96,92,4,4
80026,65,61,4,4
80027,95,95,0,0
80028,84,84,0,0
80029,104,102,2,2
80030,75,78,-3,3
80031,168,167,1,1
80032,200,186,14,14
80033,153,161,-8,8
80034,171,179,-8,8
80035,111,122,-11,11
80036,65,73,-8,8
80037,85,99,-14,14
80038,98,85,13,13
80039,111,112,-1,1
80040,112,112,0,0
80041,113,109,4,4
80042,148,136,12,12
80043,115,117,-2,2
80044,63,71,-8,8
80045,95,89,6,6
80046,98,104,-6,6
80047,117,121,-4,4
80048,144,137,7,7
80049,115,124,-9,9
80050,124,120,4,4
80051,115,120,-5,5
80052,93,100,-7,7
80053,83,86,-3,3
80054,83,81,2,2
80055,106,109,-3,3
80056,104,104,0,0
80057,149,169,-20,20
80058,94,100,-6,6
80059,61,62,-1,1
80060,63,76,-13,13
80061,98,104,-6,6
80062,70,75,-5,5
80063,96,104,-8,8
80064,89,87,2,2
80065,120,146,-26,26
80066,85,77,8,8
80067,159,136,23,23
80068,144,149,-5,5
80069,63,66,-3,3
80070,102,103,-1,1
80071,119,108,11,11
80072,106,112,-6,6
80073,88,76,12,12
80074,54,57,-3,3
80075,58,60,-2,2
80076,130,125,5,5
80077,168,158,10,10
80078,73,72,1,1
80079,133,138,-5,5
80080,98,106,-8,8
80081,86,78,8,8
80082,81,84,-3,3
80083,83,86,-3,3
80084,59,64,-5,5
80085,43,48,-5,5
80086,80,83,-3,3
80087,73,77,-4,4
80088,86,85,1,1
80089,89,114,-25,25
80090,77,77,0,0
80091,59,53,6,6
80092,64,98,-34,34
80093,82,77,5,5
80094,47,49,-2,2
80095,99,82,17,17
80096,104,106,-2,2
80097,62,66,-4,4
80098,70,75,-5,5
80099,65,71,-6,6
80100,79,78,1,1
80101,86,87,-1,1
80102,105,103,2,2
80103,91,100,-9,9
80104,117,107,10,10
80105,43,48,-5,5
80106,171,166,5,5
80107,115,114,1,1
80108,111,116,-5,5
80109,73,75,-2,2
80110,118,115,3,3
80111,84,78,6,6
80112,96,102,-6,6
80113,115,117,-2,2
80114,172,167,5,5
80115,138,135,3,3
80116,130,123,7,7
80117,142,139,3,3
80118,92,93,-1,1
80119,71,70,1,1
80120,42,46,-4,4
80121,93,88,5,5
80122,116,108,8,8
80123,90,80,10,10
80124,74,77,-3,3
80125,56,63,-7,7
80126,139,125,14,14
80127,76,86,-10,10
80128,97,102,-5,5
80129,88,93,-5,5
80130,70,68,2,2
80131,148,143,5,5
80132,70,67,3,3
80133,112,111,1,1
80134,81,71,10,10
80135,52,55,-3,3
80136,95,99,-4,4
80137,80,82,-2,2
80138,46,51,-5,5
80139,50,54,-4,4
80140,129,127,2,2
80141,90,91,-1,1
80142,132,115,17,17
80143,143,141,2,2
80144,130,153,-23,23
80145,147,141,6,6
80146,103,97,6,6
80147,61,58,3,3
80148,88,94,-6,6
80149,158,153,5,5
80150,50,54,-4,4
80151,115,118,-3,3
80152,86,90,-4,4
80153,95,93,2,2
80154,135,148,-13,13
80155,84,87,-3,3
80156,116,135,-19,19
80157,31,43,-12,12
80158,86,88,-2,2
80159,87,80,7,7
80160,99,89,10,10
80161,61,68,-7,7
80162,66,64,2,2
80163,99,98,1,1
80164,83,69,14,14
80165,63,64,-1,1
80166,85,75,10,10
80167,90,93,-3,3
80168,114,112,2,2
80169,77,76,1,1
80170,74,80,-6,6
80171,85,83,2,2
80172,49,87,-38,38
80173,29,41,-12,12
80174,77,71,6,6
80175,70,71,-1,1
80176,72,78,-6,6
80177,67,85,-18,18
80178,73,73,0,0
80179,112,101,11,11
80180,153,160,-7,7
80181,120,121,-1,1
80182,96,99,-3,3
80183,104,104,0,0
80184,74,77,-3,3
80185,50,50,0,0
80186,74,73,1,1
80187,91,86,5,5
80188,100,104,-4,4
80189,45,55,-10,10
80190,96,100,-4,4
80191,57,58,-1,1
80192,117,109,8,8
80193,116,117,-1,1
80194,117,121,-4,4
80195,85,95,-10,10
80196,90,94,-4,4
80197,120,105,15,15
80198,63,71,-8,8
80199,131,151,-20,20
80200,55,58,-3,3
80201,159,169,-10,10
80202,95,88,7,7
80203,91,90,1,1
80204,52,54,-2,2
80205,73,68,5,5
80206,107,106,1,1
80207,73,78,-5,5
80208,144,138,6,6
80209,101,114,-13,13
80210,84,78,6,6
80211,72,79,-7,7
80212,100,117,-17,17
80213,57,60,-3,3
80214,89,83,6,6
80215,85,83,2,2
80216,136,136,0,0
80217,104,108,-4,4
80218,180,168,12,12
80219,88,85,3,3
80220,81,93,-12,12
80221,98,98,0,0
80222,63,59,4,4
80223,81,93,-12,12
80224,132,142,-10,10
80225,139,140,-1,1
80226,156,146,10,10
80227,94,96,-2,2
80228,113,118,-5,5
80229,155,178,-23,23
80230,106,98,8,8
80231,71,74,-3,3
80232,98,106,-8,8
80233,48,137,-89,89
80234,54,57,-3,3
80235,86,83,3,3
80236,103,106,-3,3
80237,148,140,8,8
80238,73,65,8,8
80239,135,143,-8,8
80240,93,93,0,0
80241,137,141,-4,4
80242,82,79,3,3
80243,78,75,3,3
80244,95,99,-4,4
80245,74,72,2,2
80246,95,95,0,0
80247,64,64,0,0
80248,100,108,-8,8
80249,95,102,-7,7
80250,28,41,-13,13
80251,38,42,-4,4
80252,92,90,2,2
80253,134,140,-6,6
80254,68,71,-3,3
80255,117,113,4,4
80256,118,112,6,6
80257,79,74,5,5
80258,61,64,-3,3
80259,132,122,10,10
80260,98,109,-11,11
80261,70,75,-5,5
80262,117,115,2,2
80263,61,59,2,2
80264,69,72,-3,3
80265,76,66,10,10
80266,56,60,-4,4
80267,108,107,1,1
80268,70,64,6,6
80269,53,54,-1,1
80270,94,97,-3,3
80271,158,157,1,1
80272,146,143,3,3
80273,94,97,-3,3
80274,48,50,-2,2
80275,85,90,-5,5
80276,117,106,11,11
80277,119,109,10,10
80278,72,79,-7,7
80279,103,106,-3,3
80280,85,82,3,3
80281,121,112,9,9
80282,66,75,-9,9
80283,177,194,-17,17
80284,85,84,1,1
80285,151,158,-7,7
80286,57,56,1,1
80287,83,67,16,16
80288,68,66,2,2
80289,118,121,-3,3
80290,70,67,3,3
80291,30,46,-16,16
80292,94,106,-12,12
80293,68,72,-4,4
80294,153,160,-7,7
80295,81,74,7,7
80296,106,106,0,0
80297,93,87,6,6
80298,152,156,-4,4
80299,117,119,-2,2
80300,121,118,3,3
80301,104,112,-8,8
80302,130,122,8,8
80303,113,110,3,3
80304,108,103,5,5
80305,110,102,8,8
80306,76,87,-11,11
80307,119,118,1,1
80308,79,71,8,8
80309,96,97,-1,1
80310,74,92,-18,18
80311,71,69,2,2
80312,79,73,6,6
80313,62,65,-3,3
80314,67,67,0,0
80315,149,131,18,18
80316,70,73,-3,3
80317,87,86,1,1
80318,302,271,31,31
80319,51,57,-6,6
80320,73,72,1,1
80321,47,49,-2,2
80322,138,130,8,8
80323,155,151,4,4
80324,67,76,-9,9
80325,118,126,-8,8
80326,73,73,0,0
80327,67,71,-4,4
80328,43,55,-12,12
80329,101,109,-8,8
80330,89,82,7,7
80331,67,70,-3,3
80332,148,149,-1,1
80333,131,132,-1,1
80334,73,64,9,9
80335,135,143,-8,8
80336,71,76,-5,5
80337,71,71,0,0
80338,108,94,14,14
80339,131,126,5,5
80340,115,130,-15,15
80341,56,55,1,1
80342,84,81,3,3
80343,92,99,-7,7
80344,38,41,-3,3
80345,134,122,12,12
80346,75,78,-3,3
80347,124,113,11,11
80348,126,127,-1,1
80349,103,117,-14,14
80350,57,56,1,1
80351,82,93,-11,11
80352,113,118,-5,5
80353,103,115,-12,12
80354,119,106,13,13
80355,259,279,-20,20
80356,87,85,2,2
80357,180,153,27,27
80358,84,91,-7,7
80359,110,121,-11,11
80360,116,107,9,9
80361,114,118,-4,4
80362,124,136,-12,12
80363,92,86,6,6
80364,86,93,-7,7
80365,85,89,-4,4
80366,65,62,3,3
80367,73,73,0,0
80368,72,73,-1,1
80369,108,111,-3,3
80370,47,47,0,0
80371,96,100,-4,4
80372,66,72,-6,6
80373,70,78,-8,8
80374,134,129,5,5
80375,47,54,-7,7
80376,50,58,-8,8
80377,69,78,-9,9
80378,82,81,1,1
80379,103,104,-1,1
80380,79,79,0,0
80381,82,86,-4,4
80382,77,87,-10,10
80383,77,81,-4,4
80384,99,98,1,1
80385,99,101,-2,2
80386,156,169,-13,13
80387,82,77,5,5
80388,123,114,9,9
80389,75,67,8,8
80390,47,52,-5,5
80391,32,39,-7,7
80392,72,79,-7,7
80393,92,92,0,0
80394,128,106,22,22
80395,100,104,-4,4
80396,78,85,-7,7
80397,141,136,5,5
80398,361,295,66,66
80399,142,136,6,6
80400,28,58,-30,30
80401,53,55,-2,2
80402,80,84,-4,4
80403,81,83,-2,2
80404,181,159,22,22
80405,55,59,-4,4
80406,81,80,1,1
80407,58,63,-5,5
80408,28,34,-6,6
80409,76,81,-5,5
80410,77,82,-5,5
80411,125,125,0,0
80412,89,99,-10,10
80413,91,90,1,1
80414,103,110,-7,7
80415,97,96,1,1
80416,90,82,8,8
80417,69,67,2,2
80418,140,143,-3,3
80419,59,56,3,3
80420,140,143,-3,3
80421,119,123,-4,4
80422,86,95,-9,9
80423,71,73,-2,2
80424,179,177,2,2
80425,119,106,13,13
80426,115,106,9,9
80427,61,71,-10,10
80428,160,164,-4,4
80429,127,131,-4,4
80430,186,199,-13,13
80431,95,96,-1,1
80432,73,77,-4,4
80433,86,79,7,7
80434,64,71,-7,7
80435,164,161,3,3
80436,80,78,2,2
80437,107,129,-22,22
80438,138,133,5,5
80439,95,94,1,1
80440,161,152,9,9
80441,81,76,5,5
80442,118,119,-1,1
80443,102,103,-1,1
80444,79,79,0,0
80445,83,85,-2,2
80446,96,86,10,10
80447,99,102,-3,3
80448,101,100,1,1
80449,73,75,-2,2
80450,151,151,0,0
80451,86,93,-7,7
80452,107,104,3,3
80453,102,97,5,5
80454,87,87,0,0
80455,110,107,3,3
80456,75,87,-12,12
80457,68,90,-22,22
80458,88,92,-4,4
80459,84,81,3,3
80460,81,76,5,5
80461,78,79,-1,1
80462,73,74,-1,1
80463,103,97,6,6
80464,175,166,9,9
80465,122,122,0,0
80466,106,104,2,2
80467,53,49,4,4
80468,120,120,0,0
80469,135,139,-4,4
80470,96,94,2,2
80471,69,68,1,1
80472,86,86,0,0
80473,94,98,-4,4
80474,46,51,-5,5
80475,93,94,-1,1
80476,111,117,-6,6
80477,54,57,-3,3
80478,63,56,7,7
80479,59,64,-5,5
80480,61,65,-4,4
80481,68,76,-8,8
80482,140,126,14,14
80483,79,72,7,7
80484,148,156,-8,8
80485,114,116,-2,2
80486,77,81,-4,4
80487,95,88,7,7
80488,53,51,2,2
80489,102,107,-5,5
80490,150,157,-7,7
80491,142,128,14,14
80492,123,133,-10,10
80493,85,79,6,6
80494,86,77,9,9
80495,106,101,5,5
80496,123,118,5,5
80497,99,98,1,1
80498,78,72,6,6
80499,74,72,2,2
80500,83,78,5,5
80501,68,97,-29,29
80502,100,106,-6,6
80503,71,61,10,10
80504,85,72,13,13
80505,105,101,4,4
80506,132,130,2,2
80507,109,100,9,9
80508,95,94,1,1
80509,101,101,0,0
80510,49,57,-8,8
80511,37,43,-6,6
80512,80,85,-5,5
80513,66,56,10,10
80514,70,72,-2,2
80515,93,86,7,7
80516,54,57,-3,3
80517,99,109,-10,10
80518,100,97,3,3
80519,143,142,1,1
80520,67,62,5,5
80521,69,71,-2,2
80522,72,92,-20,20
80523,88,95,-7,7
80524,116,91,25,25
80525,103,106,-3,3
80526,129,132,-3,3
80527,112,109,3,3
80528,47,49,-2,2
80529,80,80,0,0
80530,87,84,3,3
80531,102,105,-3,3
80532,111,114,-3,3
80533,113,121,-8,8
80534,85,82,3,3
80535,57,62,-5,5
80536,110,106,4,4
80537,91,90,1,1
80538,127,128,-1,1
80539,71,65,6,6
80540,110,101,9,9
80541,143,145,-2,2
80542,90,91,-1,1
80543,122,115,7,7
80544,124,118,6,6
80545,53,56,-3,3
80546,77,84,-7,7
80547,35,38,-3,3
80548,63,77,-14,14
80549,115,110,5,5
80550,128,127,1,1
80551,99,100,-1,1
80552,90,97,-7,7
80553,80,75,5,5
80554,98,97,1,1
80555,95,93,2,2
80556,138,139,-1,1
80557,84,82,2,2
80558,129,139,-10,10
80559,101,90,11,11
80560,109,95,14,14
80561,142,147,-5,5
80562,72,59,13,13
80563,110,110,0,0
80564,52,52,0,0
80565,66,83,-17,17
80566,69,68,1,1
80567,79,73,6,6
80568,69,69,0,0
80569,97,93,4,4
80570,96,94,2,2
80571,105,104,1,1
80572,144,141,3,3
80573,129,123,6,6
80574,75,78,-3,3
80575,111,104,7,7
80576,149,148,1,1
80577,110,109,1,1
80578,73,74,-1,1
80579,58,63,-5,5
80580,47,48,-1,1
80581,82,87,-5,5
80582,70,67,3,3
80583,124,110,14,14
80584,78,77,1,1
80585,136,128,8,8
80586,147,156,-9,9
80587,84,103,-19,19
80588,121,119,2,2
80589,63,56,7,7
80590,94,93,1,1
80591,125,133,-8,8
80592,82,88,-6,6
80593,158,145,13,13
80594,67,72,-5,5
80595,61,70,-9,9
80596,119,119,0,0
80597,65,70,-5,5
80598,86,90,-4,4
80599,98,82,16,16
80600,143,143,0,0
80601,105,108,-3,3
80602,113,130,-17,17
80603,77,74,3,3
80604,107,116,-9,9
80605,58,62,-4,4
80606,145,147,-2,2
80607,52,72,-20,20
80608,109,101,8,8
80609,71,68,3,3
80610,64,71,-7,7
80611,129,120,9,9
80612,83,90,-7,7
80613,40,59,-19,19
80614,102,111,-9,9
80615,65,63,2,2
80616,100,84,16,16
80617,131,128,3,3
80618,90,85,5,5
80619,92,97,-5,5
80620,67,82,-15,15
80621,121,118,3,3
80622,126,115,11,11
80623,93,94,-1,1
80624,157,157,0,0
80625,89,86,3,3
80626,53,59,-6,6
80627,96,92,4,4
80628,111,105,6,6
80629,121,118,3,3
80630,67,79,-12,12
80631,59,58,1,1
80632,88,89,-1,1
80633,71,84,-13,13
80634,57,58,-1,1
80635,118,114,4,4
80636,78,73,5,5
80637,118,117,1,1
80638,85,84,1,1
80639,102,102,0,0
80640,69,74,-5,5
80641,179,186,-7,7
80642,94,110,-16,16
80643,100,102,-2,2
80644,91,84,7,7
80645,139,151,-12,12
80646,77,84,-7,7
80647,64,65,-1,1
80648,64,63,1,1
80649,137,138,-1,1
80650,113,113,0,0
80651,93,86,7,7
80652,100,106,-6,6
80653,88,85,3,3
80654,87,85,2,2
80655,144,141,3,3
80656,41,51,-10,10
80657,51,57,-6,6
80658,78,76,2,2
80659,72,72,0,0
80660,66,70,-4,4
80661,58,65,-7,7
80662,123,128,-5,5
80663,90,87,3,3
80664,56,53,3,3
80665,98,85,13,13
80666,91,87,4,4
80667,126,121,5,5
80668,68,52,16,16
80669,117,111,6,6
80670,46,54,-8,8
80671,71,75,-4,4
80672,111,106,5,5
80673,89,84,5,5
80674,58,64,-6,6
80675,104,105,-1,1
80676,110,105,5,5
80677,101,99,2,2
80678,203,231,-28,28
80679,90,94,-4,4
80680,82,80,2,2
80681,133,121,12,12
80682,67,65,2,2
80683,75,73,2,2
80684,90,83,7,7
80685,91,85,6,6
80686,91,95,-4,4
80687,67,77,-10,10
80688,122,121,1,1
80689,59,59,0,0
80690,40,55,-15,15
80691,104,98,6,6
80692,118,122,-4,4
80693,92,82,10,10
80694,157,171,-14,14
80695,65,71,-6,6
80696,60,62,-2,2
80697,100,97,3,3
80698,31,40,-9,9
80699,94,88,6,6
80700,45,50,-5,5
80701,109,101,8,8
80702,85,78,7,7
80703,86,94,-8,8
80704,185,176,9,9
80705,97,92,5,5
80706,69,59,10,10
80707,194,192,2,2
80708,63,77,-14,14
80709,141,142,-1,1
80710,87,75,12,12
80711,131,129,2,2
80712,152,142,10,10
80713,96,95,1,1
80714,111,111,0,0
80715,92,82,10,10
80716,108,104,4,4
80717,83,79,4,4
80718,52,56,-4,4
80719,103,105,-2,2
80720,189,184,5,5
80721,80,67,13,13
80722,149,142,7,7
80723,146,133,13,13
80724,66,63,3,3
80725,38,44,-6,6
80726,124,134,-10,10
80727,55,60,-5,5
80728,141,125,16,16
80729,83,119,-36,36
80730,144,153,-9,9
80731,127,133,-6,6
80732,80,72,8,8
80733,125,123,2,2
80734,115,113,2,2
80735,79,78,1,1
80736,73,73,0,0
80737,92,72,20,20
80738,84,86,-2,2
80739,103,106,-3,3
80740,104,116,-12,12
80741,101,106,-5,5
80742,92,97,-5,5
80743,169,158,11,11
80744,53,55,-2,2
80745,114,107,7,7
80746,138,144,-6,6
80747,86,81,5,5
80748,85,86,-1,1
80749,147,148,-1,1
80750,58,65,-7,7
80751,128,128,0,0
80752,65,71,-6,6
80753,89,85,4,4
80754,95,97,-2,2
80755,84,89,-5,5
80756,115,106,9,9
80757,142,138,4,4
80758,120,117,3,3
80759,102,108,-6,6
80760,121,145,-24,24
80761,48,56,-8,8
80762,127,107,20,20
80763,76,73,3,3
80764,133,127,6,6
80765,108,105,3,3
80766,67,65,2,2
80767,33,47,-14,14
80768,148,135,13,13
80769,115,103,12,12
80770,68,102,-34,34
80771,132,145,-13,13
80772,167,159,8,8
80773,145,155,-10,10
80774,126,125,1,1
80775,72,64,8,8
80776,108,115,-7,7
80777,75,80,-5,5
80778,66,73,-7,7
80779,72,67,5,5
80780,99,92,7,7
80781,67,65,2,2
80782,113,115,-2,2
80783,108,99,9,9
80784,94,89,5,5
80785,57,64,-7,7
80786,97,88,9,9
80787,64,66,-2,2
80788,127,132,-5,5
80789,90,81,9,9
80790,185,189,-4,4
80791,110,102,8,8
80792,59,63,-4,4
80793,119,114,5,5
80794,88,98,-10,10
80795,196,189,7,7
80796,95,98,-3,3
80797,69,76,-7,7
80798,159,167,-8,8
80799,66,87,-21,21
80800,100,88,12,12
80801,90,97,-7,7
80802,71,71,0,0
80803,63,63,0,0
80804,104,97,7,7
80805,64,70,-6,6
80806,67,78,-11,11
80807,71,75,-4,4
80808,155,147,8,8
80809,89,82,7,7
80810,128,125,3,3
80811,95,101,-6,6
80812,51,53,-2,2
80813,118,116,2,2
80814,102,102,0,0
80815,124,125,-1,1
80816,68,72,-4,4
80817,50,53,-3,3
80818,86,91,-5,5
80819,89,90,-1,1
80820,113,101,12,12
80821,126,125,1,1
80822,64,77,-13,13
80823,120,122,-2,2
80824,62,58,4,4
80825,73,90,-17,17
80826,145,145,0,0
80827,63,61,2,2
80828,80,88,-8,8
80829,82,82,0,0
80830,41,40,1,1
80831,93,95,-2,2
80832,107,109,-2,2
80833,60,60,0,0
80834,93,87,6,6
80835,97,98,-1,1
80836,90,93,-3,3
80837,111,122,-11,11
80838,57,59,-2,2
80839,75,73,2,2
80840,54,61,-7,7
80841,55,67,-12,12
80842,84,85,-1,1
80843,95,97,-2,2
80844,101,91,10,10
80845,91,90,1,1
80846,65,63,2,2
80847,59,61,-2,2
80848,112,109,3,3
80849,164,165,-1,1
80850,61,65,-4,4
80851,75,78,-3,3
80852,149,146,3,3
80853,152,142,10,10
80854,65,71,-6,6
80855,90,89,1,1
80856,96,102,-6,6
80857,105,106,-1,1
80858,75,81,-6,6
80859,61,63,-2,2
80860,102,102,0,0
80861,96,89,7,7
80862,96,86,10,10
80863,89,84,5,5
80864,100,100,0,0
80865,96,87,9,9
80866,57,60,-3,3
80867,67,74,-7,7
80868,148,147,1,1
80869,108,103,5,5
80870,50,53,-3,3
80871,151,145,6,6
80872,72,80,-8,8
80873,55,62,-7,7
80874,166,148,18,18
80875,75,81,-6,6
80876,154,142,12,12
80877,71,78,-7,7
80878,77,81,-4,4
80879,72,65,7,7
80880,79,82,-3,3
80881,166,157,9,9
80882,72,75,-3,3
80883,91,89,2,2
80884,80,83,-3,3
80885,111,87,24,24
80886,81,90,-9,9
80887,74,77,-3,3
80888,129,124,5,5
80889,120,112,8,8
80890,79,76,3,3
80891,95,84,11,11
80892,82,87,-5,5
80893,124,115,9,9
80894,73,72,1,1
80895,328,511,-183,183
80896,95,87,8,8
80897,90,87,3,3
80898,105,108,-3,3
80899,131,133,-2,2
80900,96,92,4,4
80901,64,52,12,12
80902,129,112,17,17
80903,84,74,10,10
80904,126,122,4,4
80905,132,127,5,5
80906,108,111,-3,3
80907,74,73,1,1
80908,122,118,4,4
80909,96,111,-15,15
80910,172,187,-15,15
80911,150,141,9,9
80912,82,83,-1,1
80913,119,122,-3,3
80914,42,47,-5,5
80915,125,114,11,11
80916,47,45,2,2
80917,78,71,7,7
80918,51,56,-5,5
80919,56,62,-6,6
80920,100,108,-8,8
80921,105,102,3,3
80922,241,200,41,41
80923,148,142,6,6
80924,49,50,-1,1
80925,116,113,3,3
80926,45,42,3,3
80927,89,83,6,6
80928,83,86,-3,3
80929,106,108,-2,2
80930,84,95,-11,11
80931,82,76,6,6
80932,69,72,-3,3
80933,87,89,-2,2
80934,85,105,-20,20
80935,75,67,8,8
80936,142,147,-5,5
80937,84,82,2,2
80938,112,99,13,13
80939,74,77,-3,3
80940,82,85,-3,3
80941,96,97,-1,1
80942,106,101,5,5
80943,41,52,-11,11
80944,70,63,7,7
80945,62,64,-2,2
80946,108,114,-6,6
80947,115,104,11,11
80948,79,77,2,2
80949,101,99,2,2
80950,73,70,3,3
80951,69,71,-2,2
80952,42,44,-2,2
80953,130,126,4,4
80954,74,65,9,9
80955,69,71,-2,2
80956,112,106,6,6
80957,95,101,-6,6
80958,56,56,0,0
80959,98,97,1,1
80960,93,100,-7,7
80961,93,91,2,2
80962,99,101,-2,2
80963,137,132,5,5
80964,127,129,-2,2
80965,82,79,3,3
80966,58,72,-14,14
80967,83,75,8,8
80968,130,122,8,8
80969,99,84,15,15
80970,134,136,-2,2
80971,134,127,7,7
80972,73,67,6,6
80973,98,113,-15,15
80974,56,57,-1,1
80975,106,110,-4,4
80976,157,151,6,6
80977,70,72,-2,2
80978,105,103,2,2
80979,108,120,-12,12
80980,65,66,-1,1
80981,82,77,5,5
80982,75,73,2,2
80983,88,94,-6,6
80984,79,80,-1,1
80985,85,94,-9,9
80986,98,93,5,5
80987,70,70,0,0
80988,132,140,-8,8
80989,121,111,10,10
80990,120,137,-17,17
80991,131,123,8,8
80992,100,104,-4,4
80993,103,103,0,0
80994,89,88,1,1
80995,87,92,-5,5
80996,63,70,-7,7
80997,101,94,7,7
80998,80,74,6,6
80999,60,59,1,1
81000,53,56,-3,3
81001,147,137,10,10
81002,83,85,-2,2
81003,91,94,-3,3
81004,120,117,3,3
81005,79,76,3,3
81006,66,60,6,6
81007,126,105,21,21
81008,155,142,13,13
81009,73,76,-3,3
81010,75,73,2,2
81011,110,112,-2,2
81012,87,87,0,0
81013,92,89,3,3
81014,133,137,-4,4
81015,100,93,7,7
81016,89,88,1,1
81017,73,77,-4,4
81018,56,57,-1,1
81019,117,113,4,4
81020,77,61,16,16
81021,58,56,2,2
81022,132,138,-6,6
81023,149,130,19,19
81024,60,57,3,3
81025,88,83,5,5
81026,118,107,11,11
81027,71,78,-7,7
81028,158,157,1,1
81029,143,132,11,11
81030,63,72,-9,9
81031,49,58,-9,9
81032,111,108,3,3
81033,121,124,-3,3
81034,97,89,8,8
81035,116,116,0,0
81036,58,56,2,2
81037,66,59,7,7
81038,63,62,1,1
81039,54,48,6,6
81040,83,86,-3,3
81041,66,71,-5,5
81042,48,51,-3,3
81043,69,75,-6,6
81044,39,63,-24,24
81045,158,131,27,27
81046,48,51,-3,3
81047,63,61,2,2
81048,93,100,-7,7
81049,87,89,-2,2
81050,64,59,5,5
81051,148,129,19,19
81052,58,61,-3,3
81053,51,54,-3,3
81054,53,60,-7,7
81055,138,140,-2,2
81056,75,77,-2,2
81057,94,97,-3,3
81058,49,60,-11,11
81059,132,141,-9,9
81060,98,93,5,5
81061,97,107,-10,10
81062,100,94,6,6
81063,107,102,5,5
81064,65,61,4,4
81065,67,66,1,1
81066,54,56,-2,2
81067,123,122,1,1
81068,133,123,10,10
81069,105,130,-25,25
81070,91,93,-2,2
81071,121,122,-1,1
81072,81,87,-6,6
81073,59,67,-8,8
81074,154,141,13,13
81075,85,86,-1,1
81076,80,95,-15,15
81077,181,165,16,16
81078,112,110,2,2
81079,80,79,1,1
81080,140,129,11,11
81081,92,80,12,12
81082,87,78,9,9
81083,62,77,-15,15
81084,136,129,7,7
81085,74,73,1,1
81086,74,71,3,3
81087,45,46,-1,1
81088,87,85,2,2
81089,81,79,2,2
81090,37,39,-2,2
81091,73,73,0,0
81092,81,82,-1,1
81093,119,117,2,2
81094,139,140,-1,1
81095,106,109,-3,3
81096,105,106,-1,1
81097,129,127,2,2
81098,97,102,-5,5
81099,94,123,-29,29
81100,89,115,-26,26
81101,84,80,4,4
81102,182,170,12,12
81103,44,50,-6,6
81104,98,94,4,4
81105,83,78,5,5
81106,159,153,6,6
81107,61,62,-1,1
81108,145,131,14,14
81109,113,138,-25,25
81110,74,75,-1,1
81111,44,40,4,4
81112,70,79,-9,9
81113,87,104,-17,17
81114,156,143,13,13
81115,78,76,2,2
81116,99,91,8,8
81117,120,113,7,7
81118,100,114,-14,14
81119,90,85,5,5
81120,90,93,-3,3
81121,126,129,-3,3
81122,59,48,11,11
81123,82,79,3,3
81124,71,87,-16,16
81125,87,85,2,2
81126,72,77,-5,5
81127,112,106,6,6
81128,65,62,3,3
81129,68,71,-3,3
81130,62,62,0,0
81131,130,132,-2,2
81132,60,61,-1,1
81133,100,108,-8,8
81134,48,55,-7,7
81135,97,96,1,1
81136,85,79,6,6
81137,143,123,20,20
81138,112,115,-3,3
81139,70,74,-4,4
81140,107,123,-16,16
81141,103,101,2,2
81142,79,75,4,4
81143,65,61,4,4
81144,74,67,7,7
81145,62,66,-4,4
81146,146,148,-2,2
81147,138,140,-2,2
81148,109,109,0,0
81149,57,58,-1,1
81150,81,83,-2,2
81151,100,98,2,2
81152,55,59,-4,4
81153,71,74,-3,3
81154,137,127,10,10
81155,173,170,3,3
81156,53,57,-4,4
81157,69,71,-2,2
81158,115,104,11,11
81159,71,77,-6,6
81160,129,124,5,5
81161,142,133,9,9
81162,48,52,-4,4
81163,77,79,-2,2
81164,81,91,-10,10
81165,103,98,5,5
81166,75,73,2,2
81167,86,83,3,3
81168,105,107,-2,2
81169,61,57,4,4
81170,109,104,5,5
81171,98,95,3,3
81172,153,157,-4,4
81173,50,58,-8,8
81174,178,166,12,12
81175,85,80,5,5
81176,118,120,-2,2
81177,94,85,9,9
81178,116,98,18,18
81179,92,87,5,5
81180,96,94,2,2
81181,44,48,-4,4
81182,96,93,3,3
81183,146,128,18,18
81184,90,77,13,13
81185,86,87,-1,1
81186,112,118,-6,6
81187,102,113,-11,11
81188,47,48,-1,1
81189,107,101,6,6
81190,52,64,-12,12
81191,122,125,-3,3
81192,84,77,7,7
81193,76,76,0,0
81194,72,75,-3,3
81195,181,178,3,3
81196,71,75,-4,4
81197,92,95,-3,3
81198,152,149,3,3
81199,133,136,-3,3
81200,97,100,-3,3
81201,135,141,-6,6
81202,75,78,-3,3
81203,99,102,-3,3
81204,92,122,-30,30
81205,113,122,-9,9
81206,65,62,3,3
81207,100,106,-6,6
81208,124,130,-6,6
81209,82,81,1,1
81210,111,120,-9,9
81211,101,96,5,5
81212,60,64,-4,4
81213,141,130,11,11
81214,69,71,-2,2
81215,141,147,-6,6
81216,111,100,11,11
81217,169,168,1,1
81218,126,124,2,2
81219,75,79,-4,4
81220,120,113,7,7
81221,141,150,-9,9
81222,104,121,-17,17
81223,48,54,-6,6
81224,93,95,-2,2
81225,140,134,6,6
81226,97,84,13,13
81227,110,104,6,6
81228,45,44,1,1
81229,92,94,-2,2
81230,87,78,9,9
81231,90,81,9,9
81232,68,71,-3,3
81233,64,73,-9,9
81234,59,54,5,5
81235,135,133,2,2
81236,52,59,-7,7
81237,121,131,-10,10
81238,78,82,-4,4
81239,97,102,-5,5
81240,64,89,-25,25
81241,113,115,-2,2
81242,83,81,2,2
81243,79,76,3,3
81244,77,82,-5,5
81245,56,63,-7,7
81246,156,155,1,1
81247,134,129,5,5
81248,66,67,-1,1
81249,113,116,-3,3
81250,89,84,5,5
81251,95,104,-9,9
81252,98,99,-1,1
81253,137,148,-11,11
81254,113,108,5,5
81255,173,163,10,10
81256,122,122,0,0
81257,92,87,5,5
81258,142,136,6,6
81259,82,80,2,2
81260,42,45,-3,3
81261,116,143,-27,27
81262,89,91,-2,2
81263,140,138,2,2
81264,130,107,23,23
81265,80,76,4,4
81266,113,118,-5,5
81267,60,61,-1,1
81268,143,180,-37,37
81269,86,82,4,4
81270,126,122,4,4
81271,75,67,8,8
81272,120,115,5,5
81273,125,119,6,6
81274,195,192,3,3
81275,71,73,-2,2
81276,131,126,5,5
81277,111,112,-1,1
81278,89,96,-7,7
81279,93,91,2,2
81280,80,82,-2,2
81281,80,75,5,5
81282,46,46,0,0
81283,134,132,2,2
81284,83,80,3,3
81285,145,144,1,1
81286,80,78,2,2
81287,82,74,8,8
81288,86,77,9,9
81289,62,72,-10,10
81290,46,52,-6,6
81291,112,110,2,2
81292,99,100,-1,1
81293,145,141,4,4
81294,166,170,-4,4
81295,45,51,-6,6
81296,126,111,15,15
81297,89,86,3,3
81298,99,106,-7,7
81299,77,77,0,0
81300,119,107,12,12
81301,93,112,-19,19
81302,102,110,-8,8
81303,62,62,0,0
81304,57,54,3,3
81305,63,67,-4,4
81306,56,60,-4,4
81307,137,137,0,0
81308,101,101,0,0
81309,90,83,7,7
81310,136,133,3,3
81311,70,70,0,0
81312,81,82,-1,1
81313,66,63,3,3
81314,93,90,3,3
81315,73,68,5,5
81316,90,86,4,4
81317,83,83,0,0
81318,89,80,9,9
81319,103,111,-8,8
81320,105,99,6,6
81321,83,105,-22,22
81322,115,118,-3,3
81323,99,102,-3,3
81324,85,90,-5,5
81325,73,79,-6,6
81326,80,86,-6,6
81327,49,60,-11,11
81328,80,77,3,3
81329,63,65,-2,2
81330,33,40,-7,7
81331,178,191,-13,13
81332,105,132,-27,27
81333,41,57,-16,16
81334,92,98,-6,6
81335,98,94,4,4
81336,71,74,-3,3
81337,30,32,-2,2
81338,62,64,-2,2
81339,126,146,-20,20
81340,102,103,-1,1
81341,122,123,-1,1
81342,79,82,-3,3
81343,152,146,6,6
81344,159,147,12,12
81345,161,165,-4,4
81346,71,62,9,9
81347,84,88,-4,4
81348,118,110,8,8
81349,73,74,-1,1
81350,118,120,-2,2
81351,102,86,16,16
81352,69,79,-10,10
81353,101,92,9,9
81354,127,124,3,3
81355,84,74,10,10
81356,40,40,0,0
81357,70,69,1,1
81358,135,128,7,7
81359,77,79,-2,2
81360,78,78,0,0
81361,70,73,-3,3
81362,73,78,-5,5
81363,85,83,2,2
81364,106,100,6,6
81365,151,147,4,4
81366,153,159,-6,6
81367,133,122,11,11
81368,121,121,0,0
81369,110,110,0,0
81370,71,82,-11,11
81371,98,97,1,1
81372,126,134,-8,8
81373,86,89,-3,3
81374,77,76,1,1
81375,198,187,11,11
81376,133,133,0,0
81377,124,132,-8,8
81378,90,84,6,6
81379,60,62,-2,2
81380,80,94,-14,14
81381,47,52,-5,5
81382,82,75,7,7
81383,119,100,19,19
81384,66,70,-4,4
81385,136,123,13,13
81386,141,134,7,7
81387,50,62,-12,12
81388,71,80,-9,9
81389,98,96,2,2
81390,121,106,15,15
81391,81,93,-12,12
81392,117,117,0,0
81393,112,112,0,0
81394,94,93,1,1
81395,55,72,-17,17
81396,97,112,-15,15
81397,92,98,-6,6
81398,137,139,-2,2
81399,54,53,1,1
81400,140,140,0,0
81401,138,128,10,10
81402,85,82,3,3
81403,84,91,-7,7
81404,104,103,1,1
81405,113,114,-1,1
81406,109,117,-8,8
81407,76,94,-18,18
81408,79,84,-5,5
81409,65,63,2,2
81410,81,80,1,1
81411,131,116,15,15
81412,204,188,16,16
81413,77,72,5,5
81414,161,153,8,8
81415,97,100,-3,3
81416,110,97,13,13
81417,76,78,-2,2
81418,70,70,0,0
81419,122,126,-4,4
81420,52,55,-3,3
81421,121,125,-4,4
81422,89,92,-3,3
81423,99,86,13,13
81424,62,64,-2,2
81425,117,113,4,4
81426,92,98,-6,6
81427,169,163,6,6
81428,122,117,5,5
81429,88,93,-5,5
81430,94,91,3,3
81431,163,138,25,25
81432,72,68,4,4
81433,87,96,-9,9
81434,104,116,-12,12
81435,51,55,-4,4
81436,57,54,3,3
81437,149,146,3,3
81438,87,87,0,0
81439,109,111,-2,2
81440,120,115,5,5
81441,79,73,6,6
81442,129,126,3,3
81443,162,152,10,10
81444,133,133,0,0
81445,82,78,4,4
81446,110,111,-1,1
81447,180,168,12,12
81448,104,103,1,1
81449,134,130,4,4
81450,114,109,5,5
81451,130,146,-16,16
81452,94,97,-3,3
81453,182,171,11,11
81454,93,97,-4,4
81455,74,76,-2,2
81456,66,67,-1,1
81457,164,280,-116,116
81458,125,178,-53,53
81459,74,81,-7,7
81460,148,150,-2,2
81461,69,72,-3,3
81462,98,94,4,4
81463,71,74,-3,3
81464,107,102,5,5
81465,133,124,9,9
81466,72,70,2,2
81467,68,71,-3,3
81468,97,93,4,4
81469,185,162,23,23
81470,184,183,1,1
81471,106,115,-9,9
81472,143,148,-5,5
81473,82,99,-17,17
81474,47,58,-11,11
81475,82,74,8,8
81476,97,82,15,15
81477,58,61,-3,3
81478,115,110,5,5
81479,137,122,15,15
81480,112,114,-2,2
81481,101,99,2,2
81482,56,55,1,1
81483,80,76,4,4
81484,79,80,-1,1
81485,186,170,16,16
81486,79,72,7,7
81487,80,72,8,8
81488,85,77,8,8
81489,123,115,8,8
81490,94,82,12,12
81491,71,85,-14,14
81492,83,85,-2,2
81493,45,48,-3,3
81494,120,152,-32,32
81495,165,161,4,4
81496,73,72,1,1
81497,87,81,6,6
81498,80,85,-5,5
81499,132,142,-10,10
81500,82,78,4,4
81501,77,74,3,3
81502,62,65,-3,3
81503,74,78,-4,4
81504,87,96,-9,9
81505,142,138,4,4
81506,119,116,3,3
81507,62,72,-10,10
