,original,predict,differ,abs
0,67,76,-9,9
1,58,65,-7,7
2,88,88,0,0
3,183,164,19,19
4,81,80,1,1
5,88,89,-1,1
6,83,90,-7,7
7,183,149,34,34
8,81,81,0,0
9,117,115,2,2
10,64,62,2,2
11,59,73,-14,14
12,74,73,1,1
13,100,103,-3,3
14,103,101,2,2
15,66,72,-6,6
16,97,92,5,5
17,120,108,12,12
18,79,80,-1,1
19,110,114,-4,4
20,217,182,35,35
21,156,144,12,12
22,97,88,9,9
23,101,119,-18,18
24,82,76,6,6
25,127,115,12,12
26,112,107,5,5
27,191,160,31,31
28,48,47,1,1
29,106,113,-7,7
30,133,127,6,6
31,57,64,-7,7
32,108,104,4,4
33,89,80,9,9
34,50,69,-19,19
35,62,52,10,10
36,102,99,3,3
37,55,56,-1,1
38,89,103,-14,14
39,96,104,-8,8
40,70,74,-4,4
41,115,115,0,0
42,82,84,-2,2
43,102,101,1,1
44,167,141,26,26
45,82,90,-8,8
46,118,125,-7,7
47,85,81,4,4
48,93,93,0,0
49,111,94,17,17
50,77,74,3,3
51,136,125,11,11
52,109,94,15,15
53,85,95,-10,10
54,133,120,13,13
55,138,123,15,15
56,100,116,-16,16
57,130,124,6,6
58,96,101,-5,5
59,58,63,-5,5
60,115,111,4,4
61,73,78,-5,5
62,135,119,16,16
63,177,164,13,13
64,96,98,-2,2
65,77,83,-6,6
66,84,85,-1,1
67,105,94,11,11
68,193,175,18,18
69,143,137,6,6
70,111,102,9,9
71,104,90,14,14
72,265,242,23,23
73,88,91,-3,3
74,78,80,-2,2
75,58,62,-4,4
76,86,82,4,4
77,59,68,-9,9
78,139,133,6,6
79,96,90,6,6
80,90,90,0,0
81,83,86,-3,3
82,133,127,6,6
83,141,132,9,9
84,72,71,1,1
85,75,75,0,0
86,43,45,-2,2
87,68,72,-4,4
88,170,136,34,34
89,92,101,-9,9
90,64,87,-23,23
91,101,105,-4,4
92,82,80,2,2
93,81,76,5,5
94,75,78,-3,3
95,99,95,4,4
96,45,59,-14,14
97,186,174,12,12
98,127,136,-9,9
99,100,102,-2,2
100,66,69,-3,3
101,129,109,20,20
102,107,112,-5,5
103,128,123,5,5
104,90,83,7,7
105,68,70,-2,2
106,107,107,0,0
107,90,86,4,4
108,89,92,-3,3
109,70,75,-5,5
110,174,138,36,36
111,90,77,13,13
112,76,82,-6,6
113,67,68,-1,1
114,76,88,-12,12
115,168,152,16,16
116,91,88,3,3
117,103,102,1,1
118,91,89,2,2
119,67,78,-11,11
120,118,121,-3,3
121,51,55,-4,4
122,76,81,-5,5
123,110,115,-5,5
124,99,90,9,9
125,96,100,-4,4
126,169,154,15,15
127,89,93,-4,4
128,94,96,-2,2
129,123,127,-4,4
130,186,168,18,18
131,132,125,7,7
132,102,85,17,17
133,78,83,-5,5
134,129,115,14,14
135,116,102,14,14
136,136,124,12,12
137,131,126,5,5
138,105,104,1,1
139,69,74,-5,5
140,66,65,1,1
141,127,118,9,9
142,127,121,6,6
143,66,82,-16,16
144,112,113,-1,1
145,115,108,7,7
146,98,89,9,9
147,69,63,6,6
148,93,83,10,10
149,121,124,-3,3
150,92,96,-4,4
151,73,73,0,0
152,139,129,10,10
153,80,85,-5,5
154,89,94,-5,5
155,67,71,-4,4
156,66,67,-1,1
157,81,86,-5,5
158,59,69,-10,10
159,128,128,0,0
160,109,110,-1,1
161,50,55,-5,5
162,74,72,2,2
163,80,85,-5,5
164,132,125,7,7
165,51,58,-7,7
166,115,107,8,8
167,70,88,-18,18
168,159,138,21,21
169,151,148,3,3
170,94,96,-2,2
171,81,94,-13,13
172,77,81,-4,4
173,42,41,1,1
174,135,128,7,7
175,106,100,6,6
176,50,59,-9,9
177,162,135,27,27
178,130,113,17,17
179,120,106,14,14
180,84,90,-6,6
181,76,84,-8,8
182,67,72,-5,5
183,75,77,-2,2
184,39,44,-5,5
185,119,104,15,15
186,55,64,-9,9
187,90,87,3,3
188,124,122,2,2
189,171,164,7,7
190,70,75,-5,5
191,137,132,5,5
192,127,127,0,0
193,143,143,0,0
194,195,153,42,42
195,112,105,7,7
196,43,55,-12,12
197,114,109,5,5
198,111,104,7,7
199,80,84,-4,4
200,128,109,19,19
201,176,164,12,12
202,64,64,0,0
203,142,130,12,12
204,100,91,9,9
205,63,65,-2,2
206,145,128,17,17
207,101,100,1,1
208,78,74,4,4
209,98,94,4,4
210,147,140,7,7
211,50,59,-9,9
212,70,71,-1,1
213,175,157,18,18
214,87,101,-14,14
215,87,81,6,6
216,108,118,-10,10
217,67,70,-3,3
218,95,97,-2,2
219,89,95,-6,6
220,135,133,2,2
221,79,87,-8,8
222,43,52,-9,9
223,195,151,44,44
224,83,84,-1,1
225,81,90,-9,9
226,63,73,-10,10
227,119,114,5,5
228,98,96,2,2
229,44,52,-8,8
230,47,62,-15,15
231,87,72,15,15
232,90,85,5,5
233,62,67,-5,5
234,103,99,4,4
235,140,138,2,2
236,114,112,2,2
237,57,75,-18,18
238,81,79,2,2
239,74,93,-19,19
240,61,77,-16,16
241,43,50,-7,7
242,55,65,-10,10
243,100,92,8,8
244,124,109,15,15
245,107,104,3,3
246,121,122,-1,1
247,86,94,-8,8
248,146,129,17,17
249,147,140,7,7
250,47,45,2,2
251,124,113,11,11
252,89,90,-1,1
253,50,65,-15,15
254,110,111,-1,1
255,158,144,14,14
256,86,82,4,4
257,102,105,-3,3
258,107,112,-5,5
259,64,69,-5,5
260,136,128,8,8
261,125,109,16,16
262,115,102,13,13
263,71,71,0,0
264,80,84,-4,4
265,82,88,-6,6
266,79,81,-2,2
267,102,90,12,12
268,49,63,-14,14
269,109,108,1,1
270,52,58,-6,6
271,72,73,-1,1
272,68,75,-7,7
273,151,146,5,5
274,112,109,3,3
275,97,107,-10,10
276,82,93,-11,11
277,72,76,-4,4
278,125,128,-3,3
279,128,128,0,0
280,94,96,-2,2
281,76,71,5,5
282,71,76,-5,5
283,112,109,3,3
284,75,76,-1,1
285,77,76,1,1
286,78,73,5,5
287,89,84,5,5
288,88,81,7,7
289,97,94,3,3
290,80,75,5,5
291,67,75,-8,8
292,83,86,-3,3
293,85,87,-2,2
294,76,76,0,0
295,64,70,-6,6
296,107,108,-1,1
297,141,142,-1,1
298,130,122,8,8
299,51,65,-14,14
300,66,65,1,1
301,75,75,0,0
302,186,153,33,33
303,86,81,5,5
304,141,136,5,5
305,83,82,1,1
306,85,84,1,1
307,148,131,17,17
308,87,85,2,2
309,77,73,4,4
310,27,40,-13,13
311,88,90,-2,2
312,92,86,6,6
313,86,89,-3,3
314,135,130,5,5
315,77,72,5,5
316,73,74,-1,1
317,133,135,-2,2
318,51,59,-8,8
319,125,117,8,8
320,98,107,-9,9
321,143,129,14,14
322,140,129,11,11
323,87,96,-9,9
324,89,79,10,10
325,69,75,-6,6
326,96,81,15,15
327,127,118,9,9
328,79,76,3,3
329,137,120,17,17
330,85,88,-3,3
331,84,88,-4,4
332,52,72,-20,20
333,77,76,1,1
334,78,86,-8,8
335,104,96,8,8
336,89,94,-5,5
337,89,56,33,33
338,56,55,1,1
339,106,86,20,20
340,71,71,0,0
341,132,118,14,14
342,82,76,6,6
343,100,90,10,10
344,51,66,-15,15
345,66,67,-1,1
346,85,78,7,7
347,112,111,1,1
348,34,57,-23,23
349,134,115,19,19
350,93,100,-7,7
351,114,127,-13,13
352,137,121,16,16
353,88,87,1,1
354,108,110,-2,2
355,106,98,8,8
356,146,165,-19,19
357,54,67,-13,13
358,170,136,34,34
359,86,77,9,9
360,110,94,16,16
361,82,82,0,0
362,101,95,6,6
363,64,72,-8,8
364,44,55,-11,11
365,84,83,1,1
366,60,62,-2,2
367,101,105,-4,4
368,120,107,13,13
369,60,62,-2,2
370,130,123,7,7
371,41,51,-10,10
372,116,106,10,10
373,58,64,-6,6
374,77,76,1,1
375,96,100,-4,4
376,88,91,-3,3
377,103,101,2,2
378,35,69,-34,34
379,64,63,1,1
380,86,77,9,9
381,89,94,-5,5
382,108,103,5,5
383,116,107,9,9
384,82,83,-1,1
385,65,69,-4,4
386,64,76,-12,12
387,134,124,10,10
388,65,74,-9,9
389,77,77,0,0
390,120,118,2,2
391,54,63,-9,9
392,90,91,-1,1
393,87,88,-1,1
394,97,88,9,9
395,17,27,-10,10
396,69,88,-19,19
397,31,44,-13,13
398,90,89,1,1
399,104,103,1,1
400,97,94,3,3
401,52,61,-9,9
402,81,82,-1,1
403,88,87,1,1
404,150,144,6,6
405,103,111,-8,8
406,47,50,-3,3
407,119,113,6,6
408,107,111,-4,4
409,88,65,23,23
410,85,86,-1,1
411,95,93,2,2
412,89,83,6,6
413,87,92,-5,5
414,148,129,19,19
415,98,95,3,3
416,148,142,6,6
417,77,84,-7,7
418,70,76,-6,6
419,64,68,-4,4
420,110,124,-14,14
421,143,142,1,1
422,122,158,-36,36
423,82,82,0,0
424,112,105,7,7
425,128,125,3,3
426,148,139,9,9
427,80,80,0,0
428,56,68,-12,12
429,90,89,1,1
430,110,107,3,3
431,88,96,-8,8
432,91,89,2,2
433,99,100,-1,1
434,122,112,10,10
435,66,70,-4,4
436,106,97,9,9
437,65,64,1,1
438,164,145,19,19
439,68,69,-1,1
440,48,69,-21,21
441,88,83,5,5
442,107,115,-8,8
443,58,67,-9,9
444,91,88,3,3
445,113,104,9,9
446,107,104,3,3
447,101,96,5,5
448,72,88,-16,16
449,134,128,6,6
450,87,88,-1,1
451,64,72,-8,8
452,72,72,0,0
453,146,142,4,4
454,110,106,4,4
455,104,98,6,6
456,129,130,-1,1
457,134,135,-1,1
458,123,122,1,1
459,62,65,-3,3
460,71,71,0,0
461,58,68,-10,10
462,88,85,3,3
463,134,130,4,4
464,81,80,1,1
465,77,94,-17,17
466,118,113,5,5
467,131,121,10,10
468,66,70,-4,4
469,61,66,-5,5
470,43,39,4,4
471,121,118,3,3
472,101,107,-6,6
473,112,101,11,11
474,67,67,0,0
475,88,85,3,3
476,57,56,1,1
477,93,84,9,9
478,77,64,13,13
479,57,64,-7,7
480,55,69,-14,14
481,68,76,-8,8
482,118,111,7,7
483,63,71,-8,8
484,110,111,-1,1
485,58,67,-9,9
486,119,107,12,12
487,110,136,-26,26
488,146,136,10,10
489,50,54,-4,4
490,104,102,2,2
491,136,124,12,12
492,145,142,3,3
493,110,99,11,11
494,124,126,-2,2
495,117,112,5,5
496,134,124,10,10
497,98,88,10,10
498,104,126,-22,22
499,78,79,-1,1
500,100,92,8,8
501,45,58,-13,13
502,108,109,-1,1
503,50,59,-9,9
504,69,79,-10,10
505,106,101,5,5
506,66,65,1,1
507,61,70,-9,9
508,96,95,1,1
509,96,92,4,4
510,53,60,-7,7
511,93,96,-3,3
512,80,74,6,6
513,73,77,-4,4
514,70,78,-8,8
515,100,91,9,9
516,137,127,10,10
517,114,112,2,2
518,70,74,-4,4
519,55,71,-16,16
520,108,95,13,13
521,138,129,9,9
522,95,95,0,0
523,142,134,8,8
524,83,81,2,2
525,122,112,10,10
526,97,95,2,2
527,56,57,-1,1
528,122,114,8,8
529,73,78,-5,5
530,69,67,2,2
531,95,101,-6,6
532,68,78,-10,10
533,95,88,7,7
534,78,89,-11,11
535,90,91,-1,1
536,106,103,3,3
537,42,54,-12,12
538,76,82,-6,6
539,157,157,0,0
540,119,111,8,8
541,99,102,-3,3
542,61,72,-11,11
543,102,97,5,5
544,92,93,-1,1
545,124,110,14,14
546,82,86,-4,4
547,76,81,-5,5
548,67,73,-6,6
549,148,135,13,13
550,74,80,-6,6
551,66,72,-6,6
552,108,105,3,3
553,64,69,-5,5
554,102,102,0,0
555,63,68,-5,5
556,66,64,2,2
557,74,74,0,0
558,74,74,0,0
559,67,70,-3,3
560,86,98,-12,12
561,81,90,-9,9
562,90,91,-1,1
563,47,57,-10,10
564,68,81,-13,13
565,88,78,10,10
566,83,81,2,2
567,76,77,-1,1
568,55,60,-5,5
569,100,106,-6,6
570,108,118,-10,10
571,178,154,24,24
572,80,78,2,2
573,82,87,-5,5
574,149,132,17,17
575,69,73,-4,4
576,70,79,-9,9
577,90,102,-12,12
578,91,88,3,3
579,75,69,6,6
580,88,87,1,1
581,134,119,15,15
582,49,61,-12,12
583,51,57,-6,6
584,113,107,6,6
585,88,86,2,2
586,53,56,-3,3
587,84,76,8,8
588,105,100,5,5
589,85,81,4,4
590,105,101,4,4
591,75,76,-1,1
592,139,131,8,8
593,103,99,4,4
594,87,92,-5,5
595,65,77,-12,12
596,74,75,-1,1
597,98,104,-6,6
598,110,103,7,7
599,112,105,7,7
600,88,83,5,5
601,85,85,0,0
602,55,62,-7,7
603,86,87,-1,1
604,124,122,2,2
605,114,112,2,2
606,57,64,-7,7
607,56,62,-6,6
608,78,74,4,4
609,122,132,-10,10
610,79,75,4,4
611,81,78,3,3
612,117,109,8,8
613,112,118,-6,6
614,95,92,3,3
615,195,167,28,28
616,76,87,-11,11
617,104,98,6,6
618,112,104,8,8
619,103,104,-1,1
620,91,95,-4,4
621,105,97,8,8
622,127,109,18,18
623,60,68,-8,8
624,111,107,4,4
625,106,105,1,1
626,109,104,5,5
627,85,89,-4,4
628,67,76,-9,9
629,81,86,-5,5
630,83,86,-3,3
631,56,66,-10,10
632,92,88,4,4
633,71,83,-12,12
634,95,87,8,8
635,93,91,2,2
636,144,138,6,6
637,53,56,-3,3
638,77,86,-9,9
639,71,71,0,0
640,95,97,-2,2
641,95,103,-8,8
642,61,61,0,0
643,141,124,17,17
644,133,123,10,10
645,94,89,5,5
646,112,112,0,0
647,84,83,1,1
648,92,90,2,2
649,84,85,-1,1
650,94,98,-4,4
651,72,77,-5,5
652,102,114,-12,12
653,61,67,-6,6
654,108,109,-1,1
655,105,103,2,2
656,85,92,-7,7
657,74,81,-7,7
658,50,57,-7,7
659,101,95,6,6
660,82,77,5,5
661,108,89,19,19
662,148,135,13,13
663,126,116,10,10
664,136,140,-4,4
665,75,78,-3,3
666,36,36,0,0
667,42,60,-18,18
668,69,69,0,0
669,126,119,7,7
670,109,99,10,10
671,90,86,4,4
672,116,107,9,9
673,151,174,-23,23
674,147,137,10,10
675,52,91,-39,39
676,107,111,-4,4
677,90,88,2,2
678,162,143,19,19
679,103,105,-2,2
680,150,131,19,19
681,62,87,-25,25
682,111,106,5,5
683,77,88,-11,11
684,166,158,8,8
685,151,149,2,2
686,116,114,2,2
687,79,81,-2,2
688,94,115,-21,21
689,110,111,-1,1
690,152,130,22,22
691,176,153,23,23
692,92,94,-2,2
693,156,140,16,16
694,92,95,-3,3
695,77,79,-2,2
696,32,56,-24,24
697,87,88,-1,1
698,108,107,1,1
699,104,90,14,14
700,70,73,-3,3
701,66,54,12,12
702,118,111,7,7
703,65,71,-6,6
704,111,102,9,9
705,74,73,1,1
706,81,87,-6,6
707,88,82,6,6
708,87,85,2,2
709,116,121,-5,5
710,47,48,-1,1
711,95,97,-2,2
712,44,49,-5,5
713,91,104,-13,13
714,83,84,-1,1
715,137,127,10,10
716,80,81,-1,1
717,147,131,16,16
718,119,122,-3,3
719,137,111,26,26
720,133,139,-6,6
721,89,93,-4,4
722,150,134,16,16
723,108,101,7,7
724,96,80,16,16
725,88,87,1,1
726,140,126,14,14
727,128,127,1,1
728,53,58,-5,5
729,100,109,-9,9
730,58,72,-14,14
731,110,105,5,5
732,125,116,9,9
733,124,107,17,17
734,109,119,-10,10
735,122,121,1,1
736,95,93,2,2
737,93,94,-1,1
738,85,78,7,7
739,98,85,13,13
740,68,77,-9,9
741,48,47,1,1
742,97,98,-1,1
743,81,83,-2,2
744,88,84,4,4
745,91,108,-17,17
746,64,68,-4,4
747,204,175,29,29
748,114,108,6,6
749,185,146,39,39
750,75,77,-2,2
751,70,65,5,5
752,145,138,7,7
753,87,85,2,2
754,45,58,-13,13
755,73,74,-1,1
756,125,126,-1,1
757,60,66,-6,6
758,95,94,1,1
759,119,98,21,21
760,76,75,1,1
761,56,65,-9,9
762,44,60,-16,16
763,98,101,-3,3
764,86,81,5,5
765,161,137,24,24
766,102,119,-17,17
767,103,98,5,5
768,69,77,-8,8
769,151,149,2,2
770,92,75,17,17
771,80,88,-8,8
772,87,90,-3,3
773,108,104,4,4
774,51,57,-6,6
775,110,106,4,4
776,64,68,-4,4
777,73,72,1,1
778,92,87,5,5
779,93,88,5,5
780,103,101,2,2
781,49,46,3,3
782,71,80,-9,9
783,70,70,0,0
784,67,69,-2,2
785,100,100,0,0
786,93,96,-3,3
787,75,79,-4,4
788,97,101,-4,4
789,84,87,-3,3
790,140,123,17,17
791,151,134,17,17
792,78,81,-3,3
793,79,81,-2,2
794,108,115,-7,7
795,95,91,4,4
796,98,93,5,5
797,119,119,0,0
798,83,97,-14,14
799,67,72,-5,5
800,64,69,-5,5
801,102,90,12,12
802,75,79,-4,4
803,68,81,-13,13
804,78,80,-2,2
805,53,63,-10,10
806,126,120,6,6
807,89,93,-4,4
808,85,96,-11,11
809,64,72,-8,8
810,85,84,1,1
811,74,74,0,0
812,66,69,-3,3
813,79,75,4,4
814,125,106,19,19
815,119,109,10,10
816,26,49,-23,23
817,66,71,-5,5
818,88,84,4,4
819,111,98,13,13
820,86,83,3,3
821,76,88,-12,12
822,86,82,4,4
823,145,129,16,16
824,46,53,-7,7
825,107,102,5,5
826,99,88,11,11
827,63,71,-8,8
828,68,74,-6,6
829,100,90,10,10
830,110,116,-6,6
831,77,79,-2,2
832,66,73,-7,7
833,64,70,-6,6
834,77,85,-8,8
835,144,138,6,6
836,106,101,5,5
837,93,100,-7,7
838,73,81,-8,8
839,103,107,-4,4
840,105,104,1,1
841,75,78,-3,3
842,83,83,0,0
843,112,110,2,2
844,156,139,17,17
845,156,137,19,19
846,77,83,-6,6
847,76,79,-3,3
848,95,93,2,2
849,41,53,-12,12
850,106,114,-8,8
851,135,127,8,8
852,92,96,-4,4
853,91,96,-5,5
854,112,108,4,4
855,84,89,-5,5
856,77,74,3,3
857,29,62,-33,33
858,64,73,-9,9
859,143,124,19,19
860,59,63,-4,4
861,155,142,13,13
862,207,161,46,46
863,129,116,13,13
864,115,107,8,8
865,108,96,12,12
866,162,139,23,23
867,69,76,-7,7
868,62,75,-13,13
869,79,94,-15,15
870,57,60,-3,3
871,90,90,0,0
872,98,94,4,4
873,108,104,4,4
874,80,100,-20,20
875,114,104,10,10
876,57,59,-2,2
877,41,106,-65,65
878,90,89,1,1
879,84,73,11,11
880,87,87,0,0
881,70,83,-13,13
882,109,108,1,1
883,76,77,-1,1
884,62,54,8,8
885,83,80,3,3
886,124,129,-5,5
887,122,121,1,1
888,55,60,-5,5
889,108,113,-5,5
890,109,111,-2,2
891,52,80,-28,28
892,134,115,19,19
893,60,56,4,4
894,71,75,-4,4
895,123,115,8,8
896,60,66,-6,6
897,140,128,12,12
898,109,96,13,13
899,150,151,-1,1
900,74,80,-6,6
901,94,85,9,9
902,71,76,-5,5
903,139,127,12,12
904,87,94,-7,7
905,72,77,-5,5
906,53,57,-4,4
907,163,141,22,22
908,111,96,15,15
909,70,67,3,3
910,46,50,-4,4
911,138,130,8,8
912,127,120,7,7
913,70,79,-9,9
914,107,115,-8,8
915,64,66,-2,2
916,69,80,-11,11
917,196,174,22,22
918,136,132,4,4
919,52,64,-12,12
920,79,85,-6,6
921,109,114,-5,5
922,78,81,-3,3
923,115,112,3,3
924,77,82,-5,5
925,110,105,5,5
926,74,75,-1,1
927,49,54,-5,5
928,55,60,-5,5
929,145,131,14,14
930,119,108,11,11
931,96,92,4,4
932,196,176,20,20
933,72,78,-6,6
934,90,101,-11,11
935,62,103,-41,41
936,118,103,15,15
937,137,136,1,1
938,79,79,0,0
939,152,138,14,14
940,87,94,-7,7
941,112,110,2,2
942,62,70,-8,8
943,72,78,-6,6
944,109,105,4,4
945,83,81,2,2
946,68,69,-1,1
947,97,99,-2,2
948,59,64,-5,5
949,173,149,24,24
950,73,75,-2,2
951,85,88,-3,3
952,62,68,-6,6
953,75,73,2,2
954,90,89,1,1
955,93,97,-4,4
956,98,97,1,1
957,116,110,6,6
958,50,51,-1,1
959,106,106,0,0
960,114,104,10,10
961,98,90,8,8
962,184,169,15,15
963,69,76,-7,7
964,147,137,10,10
965,29,65,-36,36
966,108,113,-5,5
967,65,72,-7,7
968,96,98,-2,2
969,84,89,-5,5
970,70,72,-2,2
971,162,148,14,14
972,112,113,-1,1
973,71,73,-2,2
974,139,125,14,14
975,72,79,-7,7
976,68,74,-6,6
977,76,80,-4,4
978,87,91,-4,4
979,52,56,-4,4
980,115,109,6,6
981,161,143,18,18
982,88,80,8,8
983,107,101,6,6
984,84,80,4,4
985,90,87,3,3
986,55,64,-9,9
987,138,125,13,13
988,90,89,1,1
989,114,106,8,8
990,111,122,-11,11
991,44,47,-3,3
992,111,113,-2,2
993,128,109,19,19
994,98,95,3,3
995,93,86,7,7
996,74,75,-1,1
997,130,126,4,4
998,82,91,-9,9
999,178,149,29,29
1000,42,49,-7,7
1001,96,90,6,6
1002,39,58,-19,19
1003,75,84,-9,9
1004,147,137,10,10
1005,102,105,-3,3
1006,212,179,33,33
1007,64,69,-5,5
1008,91,89,2,2
1009,39,46,-7,7
1010,92,98,-6,6
1011,159,142,17,17
1012,119,110,9,9
1013,128,123,5,5
1014,125,118,7,7
1015,63,70,-7,7
1016,117,110,7,7
1017,117,114,3,3
1018,35,40,-5,5
1019,108,107,1,1
1020,108,104,4,4
1021,77,79,-2,2
1022,88,86,2,2
1023,45,59,-14,14
1024,88,101,-13,13
1025,110,102,8,8
1026,93,88,5,5
1027,77,85,-8,8
1028,144,128,16,16
1029,63,72,-9,9
1030,56,55,1,1
1031,143,128,15,15
1032,119,126,-7,7
1033,85,80,5,5
1034,94,90,4,4
1035,115,119,-4,4
1036,117,115,2,2
1037,71,69,2,2
1038,79,81,-2,2
1039,119,86,33,33
1040,78,75,3,3
1041,101,111,-10,10
1042,89,98,-9,9
1043,91,95,-4,4
1044,112,105,7,7
1045,131,128,3,3
1046,43,56,-13,13
1047,162,148,14,14
1048,55,62,-7,7
1049,116,115,1,1
1050,49,54,-5,5
1051,88,83,5,5
1052,108,102,6,6
1053,72,70,2,2
1054,115,108,7,7
1055,55,63,-8,8
1056,146,131,15,15
1057,97,79,18,18
1058,81,82,-1,1
1059,146,131,15,15
1060,133,121,12,12
1061,62,70,-8,8
1062,148,138,10,10
1063,98,90,8,8
1064,81,75,6,6
1065,73,79,-6,6
1066,81,75,6,6
1067,148,134,14,14
1068,141,124,17,17
1069,56,55,1,1
1070,123,117,6,6
1071,83,77,6,6
1072,117,115,2,2
1073,99,96,3,3
1074,99,100,-1,1
1075,64,67,-3,3
1076,92,87,5,5
1077,40,40,0,0
1078,183,153,30,30
1079,44,59,-15,15
1080,115,111,4,4
1081,49,57,-8,8
1082,127,119,8,8
1083,155,137,18,18
1084,81,90,-9,9
1085,92,86,6,6
1086,74,69,5,5
1087,108,108,0,0
1088,57,63,-6,6
1089,61,72,-11,11
1090,125,131,-6,6
1091,97,89,8,8
1092,60,97,-37,37
1093,78,78,0,0
1094,71,81,-10,10
1095,84,84,0,0
1096,177,152,25,25
1097,80,80,0,0
1098,130,128,2,2
1099,81,87,-6,6
1100,88,88,0,0
1101,56,61,-5,5
1102,149,134,15,15
1103,92,81,11,11
1104,90,89,1,1
1105,45,57,-12,12
1106,63,76,-13,13
1107,92,93,-1,1
1108,124,121,3,3
1109,140,132,8,8
1110,122,129,-7,7
1111,47,55,-8,8
1112,67,74,-7,7
1113,199,169,30,30
1114,110,124,-14,14
1115,78,86,-8,8
1116,42,51,-9,9
1117,51,62,-11,11
1118,183,146,37,37
1119,160,150,10,10
1120,117,114,3,3
1121,70,76,-6,6
1122,90,83,7,7
1123,101,106,-5,5
1124,73,77,-4,4
1125,64,69,-5,5
1126,69,72,-3,3
1127,98,98,0,0
1128,121,117,4,4
1129,83,84,-1,1
1130,170,158,12,12
1131,80,82,-2,2
1132,68,76,-8,8
1133,130,136,-6,6
1134,66,75,-9,9
1135,65,84,-19,19
1136,95,93,2,2
1137,99,100,-1,1
1138,95,115,-20,20
1139,174,156,18,18
1140,154,132,22,22
1141,121,108,13,13
1142,109,97,12,12
1143,87,105,-18,18
1144,61,57,4,4
1145,96,94,2,2
1146,96,94,2,2
1147,118,112,6,6
1148,97,89,8,8
1149,105,102,3,3
1150,87,85,2,2
1151,104,99,5,5
1152,80,89,-9,9
1153,54,62,-8,8
1154,92,89,3,3
1155,48,55,-7,7
1156,78,83,-5,5
1157,136,118,18,18
1158,139,126,13,13
1159,61,108,-47,47
1160,83,85,-2,2
1161,103,110,-7,7
1162,128,121,7,7
1163,131,122,9,9
1164,76,79,-3,3
1165,74,68,6,6
1166,135,128,7,7
1167,73,78,-5,5
1168,115,116,-1,1
1169,81,86,-5,5
1170,140,129,11,11
1171,69,77,-8,8
1172,46,55,-9,9
1173,109,101,8,8
1174,197,167,30,30
1175,111,119,-8,8
1176,100,97,3,3
1177,77,77,0,0
1178,66,75,-9,9
1179,67,73,-6,6
1180,120,132,-12,12
1181,349,317,32,32
1182,78,77,1,1
1183,118,122,-4,4
1184,51,66,-15,15
1185,82,87,-5,5
1186,49,51,-2,2
1187,72,73,-1,1
1188,112,232,-120,120
1189,140,117,23,23
1190,69,66,3,3
1191,94,97,-3,3
1192,69,73,-4,4
1193,96,98,-2,2
1194,77,110,-33,33
1195,92,102,-10,10
1196,141,137,4,4
1197,94,89,5,5
1198,92,83,9,9
1199,96,112,-16,16
1200,69,66,3,3
1201,35,53,-18,18
1202,78,76,2,2
1203,113,112,1,1
1204,99,90,9,9
1205,108,103,5,5
1206,118,108,10,10
1207,95,94,1,1
1208,106,106,0,0
1209,101,80,21,21
1210,77,89,-12,12
1211,97,90,7,7
1212,86,86,0,0
1213,60,65,-5,5
1214,101,107,-6,6
1215,105,96,9,9
1216,73,79,-6,6
1217,90,86,4,4
1218,121,109,12,12
1219,80,87,-7,7
1220,85,95,-10,10
1221,158,147,11,11
1222,75,79,-4,4
1223,70,77,-7,7
1224,66,74,-8,8
1225,107,101,6,6
1226,182,167,15,15
1227,134,126,8,8
1228,103,95,8,8
1229,69,77,-8,8
1230,95,88,7,7
1231,33,38,-5,5
1232,58,62,-4,4
1233,63,72,-9,9
1234,115,100,15,15
1235,111,100,11,11
1236,128,113,15,15
1237,141,124,17,17
1238,50,58,-8,8
1239,129,111,18,18
1240,49,63,-14,14
1241,91,88,3,3
1242,131,119,12,12
1243,120,106,14,14
1244,91,89,2,2
1245,108,108,0,0
1246,70,77,-7,7
1247,51,56,-5,5
1248,92,97,-5,5
1249,77,80,-3,3
1250,149,133,16,16
1251,117,108,9,9
1252,144,132,12,12
1253,82,75,7,7
1254,107,106,1,1
1255,51,55,-4,4
1256,55,65,-10,10
1257,101,100,1,1
1258,99,90,9,9
1259,114,103,11,11
1260,55,69,-14,14
1261,83,84,-1,1
1262,174,156,18,18
1263,136,126,10,10
1264,89,92,-3,3
1265,67,78,-11,11
1266,81,85,-4,4
1267,122,123,-1,1
1268,74,82,-8,8
1269,149,159,-10,10
1270,62,72,-10,10
1271,64,73,-9,9
1272,85,88,-3,3
1273,163,136,27,27
1274,72,80,-8,8
1275,62,63,-1,1
1276,50,58,-8,8
1277,57,65,-8,8
1278,82,89,-7,7
1279,58,65,-7,7
1280,51,55,-4,4
1281,63,70,-7,7
1282,125,128,-3,3
1283,78,85,-7,7
1284,57,60,-3,3
1285,65,67,-2,2
1286,111,113,-2,2
1287,90,86,4,4
1288,107,104,3,3
1289,81,80,1,1
1290,133,110,23,23
1291,111,118,-7,7
1292,64,76,-12,12
1293,56,80,-24,24
1294,51,62,-11,11
1295,64,69,-5,5
1296,156,145,11,11
1297,96,104,-8,8
1298,94,87,7,7
1299,65,90,-25,25
1300,167,149,18,18
1301,44,50,-6,6
1302,255,207,48,48
1303,80,81,-1,1
1304,142,128,14,14
1305,73,66,7,7
1306,114,105,9,9
1307,81,74,7,7
1308,66,71,-5,5
1309,91,89,2,2
1310,106,95,11,11
1311,84,92,-8,8
1312,120,114,6,6
1313,115,110,5,5
1314,130,122,8,8
1315,192,182,10,10
1316,150,136,14,14
1317,87,90,-3,3
1318,69,74,-5,5
1319,170,164,6,6
1320,99,94,5,5
1321,72,82,-10,10
1322,106,98,8,8
1323,142,117,25,25
1324,44,51,-7,7
1325,87,94,-7,7
1326,72,80,-8,8
1327,116,104,12,12
1328,66,73,-7,7
1329,43,42,1,1
1330,145,135,10,10
1331,92,89,3,3
1332,86,90,-4,4
1333,87,95,-8,8
1334,71,71,0,0
1335,136,123,13,13
1336,73,78,-5,5
1337,81,88,-7,7
1338,65,64,1,1
1339,97,87,10,10
1340,61,66,-5,5
1341,76,71,5,5
1342,55,55,0,0
1343,100,94,6,6
1344,120,116,4,4
1345,110,118,-8,8
1346,103,104,-1,1
1347,57,64,-7,7
1348,95,85,10,10
1349,82,89,-7,7
1350,105,112,-7,7
1351,68,76,-8,8
1352,177,154,23,23
1353,97,95,2,2
1354,150,126,24,24
1355,38,46,-8,8
1356,85,83,2,2
1357,79,82,-3,3
1358,78,84,-6,6
1359,98,98,0,0
1360,138,126,12,12
1361,92,85,7,7
1362,110,106,4,4
1363,135,136,-1,1
1364,96,96,0,0
1365,107,101,6,6
1366,84,88,-4,4
1367,82,82,0,0
1368,87,105,-18,18
1369,58,66,-8,8
1370,55,56,-1,1
1371,69,78,-9,9
1372,193,168,25,25
1373,102,107,-5,5
1374,105,98,7,7
1375,74,89,-15,15
1376,122,131,-9,9
1377,85,84,1,1
1378,103,100,3,3
1379,139,124,15,15
1380,91,87,4,4
1381,84,95,-11,11
1382,155,137,18,18
1383,73,77,-4,4
1384,141,126,15,15
1385,70,68,2,2
1386,93,88,5,5
1387,100,92,8,8
1388,96,92,4,4
1389,56,63,-7,7
1390,93,115,-22,22
1391,97,115,-18,18
1392,43,50,-7,7
1393,58,60,-2,2
1394,107,101,6,6
1395,118,112,6,6
1396,64,55,9,9
1397,114,97,17,17
1398,84,80,4,4
1399,68,72,-4,4
1400,170,147,23,23
1401,121,116,5,5
1402,180,163,17,17
1403,81,84,-3,3
1404,131,120,11,11
1405,166,149,17,17
1406,83,85,-2,2
1407,107,94,13,13
1408,95,96,-1,1
1409,88,79,9,9
1410,149,132,17,17
1411,160,147,13,13
1412,112,105,7,7
1413,145,136,9,9
1414,38,37,1,1
1415,104,100,4,4
1416,125,129,-4,4
1417,86,86,0,0
1418,105,98,7,7
1419,44,56,-12,12
1420,116,104,12,12
1421,136,124,12,12
1422,149,133,16,16
1423,135,107,28,28
1424,51,36,15,15
1425,94,104,-10,10
1426,88,101,-13,13
1427,128,125,3,3
1428,148,136,12,12
1429,103,107,-4,4
1430,59,64,-5,5
1431,75,79,-4,4
1432,83,84,-1,1
1433,73,75,-2,2
1434,75,93,-18,18
1435,74,81,-7,7
1436,85,86,-1,1
1437,74,69,5,5
1438,99,98,1,1
1439,122,115,7,7
1440,130,128,2,2
1441,61,67,-6,6
1442,48,52,-4,4
1443,111,115,-4,4
1444,58,56,2,2
1445,61,79,-18,18
1446,129,125,4,4
1447,55,58,-3,3
1448,159,144,15,15
1449,81,85,-4,4
1450,44,56,-12,12
1451,64,62,2,2
1452,105,96,9,9
1453,131,126,5,5
1454,188,165,23,23
1455,107,99,8,8
1456,74,80,-6,6
1457,155,162,-7,7
1458,93,89,4,4
1459,125,121,4,4
1460,113,115,-2,2
1461,81,79,2,2
1462,73,76,-3,3
1463,78,78,0,0
1464,124,107,17,17
1465,68,76,-8,8
1466,90,92,-2,2
1467,108,97,11,11
1468,73,76,-3,3
1469,92,88,4,4
1470,118,115,3,3
1471,70,68,2,2
1472,98,96,2,2
1473,70,68,2,2
1474,72,77,-5,5
1475,107,97,10,10
1476,112,108,4,4
1477,118,111,7,7
1478,86,88,-2,2
1479,114,94,20,20
1480,121,110,11,11
1481,120,107,13,13
1482,275,205,70,70
1483,98,89,9,9
1484,95,103,-8,8
1485,80,76,4,4
1486,126,125,1,1
1487,98,95,3,3
1488,133,138,-5,5
1489,61,70,-9,9
1490,129,117,12,12
1491,117,113,4,4
1492,54,79,-25,25
1493,54,62,-8,8
1494,48,61,-13,13
1495,85,83,2,2
1496,56,78,-22,22
1497,77,89,-12,12
1498,140,123,17,17
1499,69,75,-6,6
1500,88,89,-1,1
1501,107,103,4,4
1502,81,83,-2,2
1503,134,118,16,16
1504,80,84,-4,4
1505,121,112,9,9
1506,111,106,5,5
1507,72,80,-8,8
1508,155,147,8,8
1509,61,67,-6,6
1510,70,79,-9,9
1511,55,61,-6,6
1512,74,77,-3,3
1513,151,140,11,11
1514,38,49,-11,11
1515,164,175,-11,11
1516,66,78,-12,12
1517,58,60,-2,2
1518,66,71,-5,5
1519,116,103,13,13
1520,71,88,-17,17
1521,99,99,0,0
1522,108,117,-9,9
1523,77,83,-6,6
1524,56,63,-7,7
1525,126,111,15,15
1526,117,110,7,7
1527,71,70,1,1
1528,80,77,3,3
1529,69,72,-3,3
1530,76,73,3,3
1531,137,128,9,9
1532,184,159,25,25
1533,131,118,13,13
1534,149,134,15,15
1535,95,94,1,1
1536,122,117,5,5
1537,54,56,-2,2
1538,88,91,-3,3
1539,83,90,-7,7
1540,69,77,-8,8
1541,87,99,-12,12
1542,156,148,8,8
1543,118,117,1,1
1544,55,63,-8,8
1545,83,84,-1,1
1546,81,91,-10,10
1547,101,109,-8,8
1548,73,76,-3,3
1549,105,104,1,1
1550,82,88,-6,6
1551,65,68,-3,3
1552,78,78,0,0
1553,115,109,6,6
1554,133,120,13,13
1555,58,68,-10,10
1556,108,110,-2,2
1557,128,129,-1,1
1558,136,117,19,19
1559,37,50,-13,13
1560,95,100,-5,5
1561,121,113,8,8
1562,87,84,3,3
1563,100,115,-15,15
1564,89,86,3,3
1565,126,124,2,2
1566,109,117,-8,8
1567,103,104,-1,1
1568,150,131,19,19
1569,94,122,-28,28
1570,148,148,0,0
1571,60,65,-5,5
1572,70,73,-3,3
1573,131,127,4,4
1574,70,69,1,1
1575,95,102,-7,7
1576,66,75,-9,9
1577,86,79,7,7
1578,91,85,6,6
1579,75,83,-8,8
1580,46,55,-9,9
1581,100,103,-3,3
1582,98,92,6,6
1583,92,84,8,8
1584,112,101,11,11
1585,167,147,20,20
1586,90,97,-7,7
1587,109,99,10,10
1588,93,104,-11,11
1589,61,69,-8,8
1590,123,114,9,9
1591,93,95,-2,2
1592,74,72,2,2
1593,36,45,-9,9
1594,89,84,5,5
1595,144,147,-3,3
1596,80,81,-1,1
1597,114,109,5,5
1598,106,106,0,0
1599,57,65,-8,8
1600,70,82,-12,12
1601,112,112,0,0
1602,92,84,8,8
1603,106,101,5,5
1604,122,123,-1,1
1605,128,118,10,10
1606,109,106,3,3
1607,75,76,-1,1
1608,120,110,10,10
1609,60,61,-1,1
1610,137,122,15,15
1611,78,83,-5,5
1612,93,99,-6,6
1613,91,92,-1,1
1614,84,84,0,0
1615,137,129,8,8
1616,43,56,-13,13
1617,74,66,8,8
1618,77,74,3,3
1619,114,114,0,0
1620,104,91,13,13
1621,101,102,-1,1
1622,43,47,-4,4
1623,106,102,4,4
1624,90,87,3,3
1625,114,115,-1,1
1626,82,73,9,9
1627,62,73,-11,11
1628,112,106,6,6
1629,46,59,-13,13
1630,104,88,16,16
1631,106,101,5,5
1632,62,64,-2,2
1633,123,118,5,5
1634,95,95,0,0
1635,64,74,-10,10
1636,76,81,-5,5
1637,104,99,5,5
1638,126,118,8,8
1639,144,134,10,10
1640,119,119,0,0
1641,74,74,0,0
1642,51,64,-13,13
1643,91,95,-4,4
1644,86,90,-4,4
1645,95,86,9,9
1646,72,76,-4,4
1647,162,143,19,19
1648,87,83,4,4
1649,91,94,-3,3
1650,122,126,-4,4
1651,70,73,-3,3
1652,106,113,-7,7
1653,89,96,-7,7
1654,59,58,1,1
1655,44,48,-4,4
1656,74,68,6,6
1657,77,80,-3,3
1658,135,122,13,13
1659,107,103,4,4
1660,64,67,-3,3
1661,52,72,-20,20
1662,61,68,-7,7
1663,74,76,-2,2
1664,87,99,-12,12
1665,106,102,4,4
1666,64,68,-4,4
1667,70,76,-6,6
1668,77,80,-3,3
1669,62,69,-7,7
1670,67,69,-2,2
1671,109,105,4,4
1672,118,115,3,3
1673,74,83,-9,9
1674,100,95,5,5
1675,83,102,-19,19
1676,83,77,6,6
1677,121,112,9,9
1678,79,85,-6,6
1679,46,52,-6,6
1680,92,84,8,8
1681,102,96,6,6
1682,103,95,8,8
1683,64,60,4,4
1684,101,95,6,6
1685,105,99,6,6
1686,55,60,-5,5
1687,66,67,-1,1
1688,60,66,-6,6
1689,62,70,-8,8
1690,150,142,8,8
1691,84,91,-7,7
1692,98,107,-9,9
1693,59,66,-7,7
1694,57,67,-10,10
1695,88,122,-34,34
1696,146,140,6,6
1697,58,64,-6,6
1698,73,71,2,2
1699,192,166,26,26
1700,58,60,-2,2
1701,97,87,10,10
1702,84,84,0,0
1703,149,136,13,13
1704,162,135,27,27
1705,53,68,-15,15
1706,48,63,-15,15
1707,103,109,-6,6
1708,64,70,-6,6
1709,85,82,3,3
1710,64,71,-7,7
1711,73,73,0,0
1712,72,71,1,1
1713,136,117,19,19
1714,103,94,9,9
1715,161,142,19,19
1716,89,88,1,1
1717,102,95,7,7
1718,66,110,-44,44
1719,87,84,3,3
1720,101,98,3,3
1721,90,97,-7,7
1722,108,110,-2,2
1723,59,66,-7,7
1724,118,109,9,9
1725,56,63,-7,7
1726,195,171,24,24
1727,70,72,-2,2
1728,90,90,0,0
1729,108,111,-3,3
1730,118,129,-11,11
1731,74,80,-6,6
1732,115,108,7,7
1733,31,42,-11,11
1734,121,119,2,2
1735,43,45,-2,2
1736,78,76,2,2
1737,63,68,-5,5
1738,57,58,-1,1
1739,53,61,-8,8
1740,63,71,-8,8
1741,88,87,1,1
1742,80,87,-7,7
1743,133,133,0,0
1744,90,84,6,6
1745,130,126,4,4
1746,70,74,-4,4
1747,169,142,27,27
1748,45,55,-10,10
1749,171,152,19,19
1750,84,83,1,1
1751,95,99,-4,4
1752,73,77,-4,4
1753,59,64,-5,5
1754,82,88,-6,6
1755,101,97,4,4
1756,77,89,-12,12
1757,57,69,-12,12
1758,97,93,4,4
1759,69,75,-6,6
1760,82,69,13,13
1761,60,80,-20,20
1762,70,73,-3,3
1763,79,83,-4,4
1764,127,118,9,9
1765,92,103,-11,11
1766,119,118,1,1
1767,59,63,-4,4
1768,66,77,-11,11
1769,44,52,-8,8
1770,46,49,-3,3
1771,129,112,17,17
1772,93,84,9,9
1773,98,122,-24,24
1774,89,86,3,3
1775,74,76,-2,2
1776,96,94,2,2
1777,103,94,9,9
1778,84,89,-5,5
1779,75,75,0,0
1780,167,145,22,22
1781,85,86,-1,1
1782,108,111,-3,3
1783,59,63,-4,4
1784,101,98,3,3
1785,76,77,-1,1
1786,118,114,4,4
1787,67,73,-6,6
1788,53,69,-16,16
1789,108,104,4,4
1790,103,99,4,4
1791,130,135,-5,5
1792,83,86,-3,3
1793,52,70,-18,18
1794,79,88,-9,9
1795,80,86,-6,6
1796,88,72,16,16
1797,55,64,-9,9
1798,53,59,-6,6
1799,116,106,10,10
1800,103,99,4,4
1801,73,83,-10,10
1802,72,77,-5,5
1803,155,140,15,15
1804,205,188,17,17
1805,55,61,-6,6
1806,119,115,4,4
1807,93,89,4,4
1808,81,86,-5,5
1809,93,90,3,3
1810,121,119,2,2
1811,62,62,0,0
1812,61,72,-11,11
1813,113,111,2,2
1814,79,80,-1,1
1815,130,128,2,2
1816,68,78,-10,10
1817,81,82,-1,1
1818,114,104,10,10
1819,101,86,15,15
1820,63,60,3,3
1821,87,102,-15,15
1822,117,114,3,3
1823,114,113,1,1
1824,109,104,5,5
1825,96,90,6,6
1826,54,63,-9,9
1827,132,125,7,7
1828,85,92,-7,7
1829,70,72,-2,2
1830,60,60,0,0
1831,68,71,-3,3
1832,48,50,-2,2
1833,75,81,-6,6
1834,126,115,11,11
1835,106,97,9,9
1836,60,68,-8,8
1837,70,68,2,2
1838,52,52,0,0
1839,86,79,7,7
1840,74,72,2,2
1841,118,107,11,11
1842,43,55,-12,12
1843,207,184,23,23
1844,97,87,10,10
1845,78,78,0,0
1846,100,102,-2,2
1847,108,102,6,6
1848,73,75,-2,2
1849,151,135,16,16
1850,45,52,-7,7
1851,81,80,1,1
1852,68,75,-7,7
1853,140,145,-5,5
1854,121,110,11,11
1855,88,103,-15,15
1856,42,52,-10,10
1857,76,80,-4,4
1858,89,86,3,3
1859,61,66,-5,5
1860,98,87,11,11
1861,78,83,-5,5
1862,54,63,-9,9
1863,128,140,-12,12
1864,160,147,13,13
1865,65,72,-7,7
1866,109,103,6,6
1867,149,148,1,1
1868,112,104,8,8
1869,78,76,2,2
1870,61,63,-2,2
1871,82,78,4,4
1872,54,58,-4,4
1873,45,60,-15,15
1874,102,96,6,6
1875,92,95,-3,3
1876,121,116,5,5
1877,119,116,3,3
1878,84,81,3,3
1879,99,102,-3,3
1880,116,116,0,0
1881,119,112,7,7
1882,157,145,12,12
1883,119,105,14,14
1884,92,86,6,6
1885,60,72,-12,12
1886,101,102,-1,1
1887,90,94,-4,4
1888,132,135,-3,3
1889,156,138,18,18
1890,101,99,2,2
1891,88,83,5,5
1892,141,113,28,28
1893,56,66,-10,10
1894,85,79,6,6
1895,182,159,23,23
1896,127,109,18,18
1897,76,77,-1,1
1898,83,81,2,2
1899,59,66,-7,7
1900,33,50,-17,17
1901,38,48,-10,10
1902,90,82,8,8
1903,87,100,-13,13
1904,81,90,-9,9
1905,123,122,1,1
1906,111,105,6,6
1907,207,201,6,6
1908,140,130,10,10
1909,90,87,3,3
1910,67,75,-8,8
1911,102,129,-27,27
1912,65,69,-4,4
1913,81,85,-4,4
1914,75,78,-3,3
1915,93,96,-3,3
1916,87,102,-15,15
1917,183,154,29,29
1918,95,95,0,0
1919,200,182,18,18
1920,95,95,0,0
1921,199,171,28,28
1922,87,64,23,23
1923,56,59,-3,3
1924,55,72,-17,17
1925,90,96,-6,6
1926,64,76,-12,12
1927,57,65,-8,8
1928,179,177,2,2
1929,78,79,-1,1
1930,54,61,-7,7
1931,112,105,7,7
1932,69,86,-17,17
1933,73,82,-9,9
1934,64,71,-7,7
1935,65,75,-10,10
1936,63,66,-3,3
1937,159,140,19,19
1938,71,77,-6,6
1939,90,87,3,3
1940,116,110,6,6
1941,110,104,6,6
1942,80,83,-3,3
1943,116,119,-3,3
1944,101,103,-2,2
1945,145,134,11,11
1946,144,136,8,8
1947,163,145,18,18
1948,115,123,-8,8
1949,115,119,-4,4
1950,102,105,-3,3
1951,105,89,16,16
1952,61,64,-3,3
1953,74,78,-4,4
1954,88,90,-2,2
1955,86,82,4,4
1956,98,98,0,0
1957,113,107,6,6
1958,82,78,4,4
1959,124,108,16,16
1960,76,76,0,0
1961,137,130,7,7
1962,88,98,-10,10
1963,130,120,10,10
1964,75,71,4,4
1965,97,85,12,12
1966,114,117,-3,3
1967,92,87,5,5
1968,106,104,2,2
1969,89,92,-3,3
1970,72,93,-21,21
1971,92,92,0,0
1972,66,70,-4,4
1973,26,27,-1,1
1974,106,100,6,6
1975,82,88,-6,6
1976,112,110,2,2
1977,94,88,6,6
1978,106,102,4,4
1979,114,104,10,10
1980,85,99,-14,14
1981,144,142,2,2
1982,137,120,17,17
1983,56,68,-12,12
1984,62,58,4,4
1985,65,74,-9,9
1986,71,81,-10,10
1987,78,87,-9,9
1988,66,64,2,2
1989,106,108,-2,2
1990,74,101,-27,27
1991,46,121,-75,75
1992,140,124,16,16
1993,129,122,7,7
1994,83,86,-3,3
1995,81,87,-6,6
1996,49,57,-8,8
1997,124,116,8,8
1998,42,44,-2,2
1999,89,86,3,3
2000,101,94,7,7
2001,184,184,0,0
2002,113,107,6,6
2003,212,190,22,22
2004,120,107,13,13
2005,95,94,1,1
2006,120,116,4,4
2007,97,93,4,4
2008,72,76,-4,4
2009,80,72,8,8
2010,87,99,-12,12
2011,100,96,4,4
2012,185,166,19,19
2013,90,90,0,0
2014,77,82,-5,5
2015,67,74,-7,7
2016,63,73,-10,10
2017,74,76,-2,2
2018,104,99,5,5
2019,129,123,6,6
2020,73,73,0,0
2021,128,119,9,9
2022,64,70,-6,6
2023,88,78,10,10
2024,47,62,-15,15
2025,68,68,0,0
2026,75,72,3,3
2027,75,75,0,0
2028,80,84,-4,4
2029,61,71,-10,10
2030,74,76,-2,2
2031,79,84,-5,5
2032,62,74,-12,12
2033,121,122,-1,1
2034,77,81,-4,4
2035,104,102,2,2
2036,116,111,5,5
2037,61,78,-17,17
2038,86,83,3,3
2039,83,93,-10,10
2040,119,116,3,3
2041,109,112,-3,3
2042,83,95,-12,12
2043,66,74,-8,8
2044,112,110,2,2
2045,110,109,1,1
2046,115,122,-7,7
2047,97,95,2,2
2048,115,111,4,4
2049,78,85,-7,7
2050,58,65,-7,7
2051,98,101,-3,3
2052,104,96,8,8
2053,109,101,8,8
2054,143,129,14,14
2055,98,97,1,1
2056,56,68,-12,12
2057,61,66,-5,5
2058,86,82,4,4
2059,73,76,-3,3
2060,101,99,2,2
2061,165,144,21,21
2062,64,61,3,3
2063,62,63,-1,1
2064,68,73,-5,5
2065,101,103,-2,2
2066,72,83,-11,11
2067,56,62,-6,6
2068,109,97,12,12
2069,63,63,0,0
2070,48,56,-8,8
2071,134,129,5,5
2072,91,99,-8,8
2073,80,84,-4,4
2074,112,106,6,6
2075,49,59,-10,10
2076,91,86,5,5
2077,75,84,-9,9
2078,86,75,11,11
2079,142,125,17,17
2080,79,76,3,3
2081,122,125,-3,3
2082,139,130,9,9
2083,79,71,8,8
2084,184,156,28,28
2085,134,155,-21,21
2086,99,93,6,6
2087,59,72,-13,13
2088,77,83,-6,6
2089,84,84,0,0
2090,116,116,0,0
2091,41,46,-5,5
2092,70,83,-13,13
2093,39,48,-9,9
2094,82,86,-4,4
2095,58,64,-6,6
2096,166,150,16,16
2097,71,75,-4,4
2098,119,111,8,8
2099,92,98,-6,6
2100,116,115,1,1
2101,121,106,15,15
2102,106,102,4,4
2103,82,83,-1,1
2104,137,130,7,7
2105,113,116,-3,3
2106,84,91,-7,7
2107,136,122,14,14
2108,57,61,-4,4
2109,142,128,14,14
2110,55,55,0,0
2111,82,84,-2,2
2112,208,180,28,28
2113,101,88,13,13
2114,156,153,3,3
2115,175,149,26,26
2116,137,115,22,22
2117,105,118,-13,13
2118,84,89,-5,5
2119,78,84,-6,6
2120,115,102,13,13
2121,74,75,-1,1
2122,67,70,-3,3
2123,46,53,-7,7
2124,123,117,6,6
2125,68,69,-1,1
2126,110,112,-2,2
2127,95,92,3,3
2128,77,87,-10,10
2129,86,94,-8,8
2130,62,63,-1,1
2131,91,85,6,6
2132,76,79,-3,3
2133,92,76,16,16
2134,98,89,9,9
2135,108,103,5,5
2136,142,133,9,9
2137,111,83,28,28
2138,96,101,-5,5
2139,86,88,-2,2
2140,138,128,10,10
2141,89,94,-5,5
2142,149,122,27,27
2143,82,86,-4,4
2144,135,130,5,5
2145,94,89,5,5
2146,79,80,-1,1
2147,84,86,-2,2
2148,44,81,-37,37
2149,46,63,-17,17
2150,96,94,2,2
2151,114,106,8,8
2152,57,66,-9,9
2153,79,80,-1,1
2154,78,90,-12,12
2155,117,132,-15,15
2156,98,92,6,6
2157,57,58,-1,1
2158,99,93,6,6
2159,97,90,7,7
2160,98,92,6,6
2161,70,72,-2,2
2162,102,105,-3,3
2163,82,86,-4,4
2164,81,83,-2,2
2165,69,75,-6,6
2166,66,67,-1,1
2167,97,87,10,10
2168,86,88,-2,2
2169,58,61,-3,3
2170,83,90,-7,7
2171,78,81,-3,3
2172,64,65,-1,1
2173,127,99,28,28
2174,73,63,10,10
2175,70,83,-13,13
2176,93,96,-3,3
2177,116,113,3,3
2178,103,90,13,13
2179,44,53,-9,9
2180,84,98,-14,14
2181,116,100,16,16
2182,102,106,-4,4
2183,56,59,-3,3
2184,117,109,8,8
2185,111,108,3,3
2186,82,90,-8,8
2187,115,106,9,9
2188,96,104,-8,8
2189,137,111,26,26
2190,111,111,0,0
2191,63,73,-10,10
2192,65,66,-1,1
2193,57,59,-2,2
2194,82,74,8,8
2195,64,84,-20,20
2196,100,97,3,3
2197,68,68,0,0
2198,57,65,-8,8
2199,76,73,3,3
2200,138,127,11,11
2201,61,72,-11,11
2202,80,86,-6,6
2203,98,101,-3,3
2204,137,131,6,6
2205,101,92,9,9
2206,122,119,3,3
2207,75,85,-10,10
2208,118,112,6,6
2209,87,91,-4,4
2210,116,113,3,3
2211,97,98,-1,1
2212,147,151,-4,4
2213,74,74,0,0
2214,55,66,-11,11
2215,110,99,11,11
2216,93,91,2,2
2217,64,76,-12,12
2218,105,111,-6,6
2219,70,100,-30,30
2220,92,88,4,4
2221,63,69,-6,6
2222,93,90,3,3
2223,60,80,-20,20
2224,82,84,-2,2
2225,108,104,4,4
2226,118,111,7,7
2227,167,154,13,13
2228,112,108,4,4
2229,85,87,-2,2
2230,77,93,-16,16
2231,105,104,1,1
2232,144,136,8,8
2233,159,144,15,15
2234,68,70,-2,2
2235,42,48,-6,6
2236,111,126,-15,15
2237,67,80,-13,13
2238,135,123,12,12
2239,45,56,-11,11
2240,79,79,0,0
2241,117,116,1,1
2242,94,90,4,4
2243,44,80,-36,36
2244,94,101,-7,7
2245,140,124,16,16
2246,98,93,5,5
2247,66,75,-9,9
2248,63,70,-7,7
2249,65,74,-9,9
2250,104,107,-3,3
2251,92,96,-4,4
2252,86,90,-4,4
2253,81,83,-2,2
2254,77,89,-12,12
2255,78,80,-2,2
2256,48,60,-12,12
2257,39,42,-3,3
2258,47,48,-1,1
2259,94,104,-10,10
2260,161,145,16,16
2261,72,65,7,7
2262,35,47,-12,12
2263,89,101,-12,12
2264,69,91,-22,22
2265,102,107,-5,5
2266,79,98,-19,19
2267,107,97,10,10
2268,111,123,-12,12
2269,95,99,-4,4
2270,102,104,-2,2
2271,89,94,-5,5
2272,65,66,-1,1
2273,108,104,4,4
2274,57,73,-16,16
2275,103,101,2,2
2276,151,125,26,26
2277,184,161,23,23
2278,78,79,-1,1
2279,185,150,35,35
2280,63,74,-11,11
2281,131,128,3,3
2282,155,133,22,22
2283,87,84,3,3
2284,136,129,7,7
2285,104,105,-1,1
2286,54,56,-2,2
2287,107,108,-1,1
2288,64,67,-3,3
2289,68,75,-7,7
2290,90,93,-3,3
2291,65,76,-11,11
2292,86,94,-8,8
2293,78,80,-2,2
2294,72,69,3,3
2295,50,64,-14,14
2296,107,105,2,2
2297,101,200,-99,99
2298,104,101,3,3
2299,47,55,-8,8
2300,87,85,2,2
2301,102,104,-2,2
2302,103,94,9,9
2303,62,56,6,6
2304,57,62,-5,5
2305,68,77,-9,9
2306,109,107,2,2
2307,80,87,-7,7
2308,76,81,-5,5
2309,97,101,-4,4
2310,83,80,3,3
2311,116,110,6,6
2312,72,73,-1,1
2313,49,61,-12,12
2314,108,110,-2,2
2315,106,97,9,9
2316,135,122,13,13
2317,115,116,-1,1
2318,111,101,10,10
2319,95,87,8,8
2320,56,72,-16,16
2321,154,130,24,24
2322,106,106,0,0
2323,71,76,-5,5
2324,92,86,6,6
2325,96,88,8,8
2326,75,79,-4,4
2327,127,109,18,18
2328,66,73,-7,7
2329,78,80,-2,2
2330,148,139,9,9
2331,95,93,2,2
2332,145,120,25,25
2333,80,87,-7,7
2334,48,51,-3,3
2335,73,83,-10,10
2336,128,131,-3,3
2337,38,52,-14,14
2338,180,164,16,16
2339,63,70,-7,7
2340,60,64,-4,4
2341,149,142,7,7
2342,97,101,-4,4
2343,57,68,-11,11
2344,158,136,22,22
2345,85,88,-3,3
2346,83,78,5,5
2347,145,130,15,15
2348,76,80,-4,4
2349,107,102,5,5
2350,177,157,20,20
2351,106,95,11,11
2352,73,78,-5,5
2353,43,49,-6,6
2354,141,119,22,22
2355,100,104,-4,4
2356,81,102,-21,21
2357,267,193,74,74
2358,69,74,-5,5
2359,114,113,1,1
2360,110,106,4,4
2361,107,106,1,1
2362,95,89,6,6
2363,92,87,5,5
2364,166,140,26,26
2365,83,89,-6,6
2366,140,125,15,15
2367,102,95,7,7
2368,82,87,-5,5
2369,88,94,-6,6
2370,129,111,18,18
2371,171,168,3,3
2372,53,60,-7,7
2373,139,117,22,22
2374,131,116,15,15
2375,137,122,15,15
2376,65,71,-6,6
2377,83,86,-3,3
2378,191,170,21,21
2379,65,63,2,2
2380,197,175,22,22
2381,101,100,1,1
2382,147,138,9,9
2383,159,148,11,11
2384,46,54,-8,8
2385,151,138,13,13
2386,104,96,8,8
2387,132,135,-3,3
2388,67,68,-1,1
2389,80,79,1,1
2390,198,174,24,24
2391,116,128,-12,12
2392,72,107,-35,35
2393,152,132,20,20
2394,63,77,-14,14
2395,61,69,-8,8
2396,112,108,4,4
2397,96,88,8,8
2398,90,85,5,5
2399,118,117,1,1
2400,102,106,-4,4
2401,65,68,-3,3
2402,93,96,-3,3
2403,64,69,-5,5
2404,88,114,-26,26
2405,116,109,7,7
2406,94,102,-8,8
2407,96,104,-8,8
2408,83,100,-17,17
2409,125,122,3,3
2410,71,68,3,3
2411,147,147,0,0
2412,117,116,1,1
2413,125,118,7,7
2414,65,65,0,0
2415,69,79,-10,10
2416,72,76,-4,4
2417,80,83,-3,3
2418,73,74,-1,1
2419,62,69,-7,7
2420,126,120,6,6
2421,56,62,-6,6
2422,90,92,-2,2
2423,95,100,-5,5
2424,67,75,-8,8
2425,37,46,-9,9
2426,128,117,11,11
2427,63,65,-2,2
2428,32,45,-13,13
2429,63,62,1,1
2430,42,61,-19,19
2431,90,95,-5,5
2432,58,65,-7,7
2433,159,134,25,25
2434,114,123,-9,9
2435,76,79,-3,3
2436,71,77,-6,6
2437,91,92,-1,1
2438,144,127,17,17
2439,71,72,-1,1
2440,70,77,-7,7
2441,109,109,0,0
2442,86,85,1,1
2443,114,113,1,1
2444,66,61,5,5
2445,92,85,7,7
2446,71,72,-1,1
2447,92,89,3,3
2448,137,146,-9,9
2449,73,87,-14,14
2450,73,80,-7,7
2451,101,96,5,5
2452,119,110,9,9
2453,97,96,1,1
2454,110,103,7,7
2455,69,69,0,0
2456,81,78,3,3
2457,67,73,-6,6
2458,139,127,12,12
2459,88,89,-1,1
2460,114,107,7,7
2461,64,66,-2,2
2462,86,84,2,2
2463,122,114,8,8
2464,122,111,11,11
2465,94,88,6,6
2466,128,125,3,3
2467,83,83,0,0
2468,92,92,0,0
2469,175,160,15,15
2470,141,135,6,6
2471,72,82,-10,10
2472,135,138,-3,3
2473,84,82,2,2
2474,123,115,8,8
2475,113,111,2,2
2476,135,126,9,9
2477,83,84,-1,1
2478,58,68,-10,10
2479,146,138,8,8
2480,123,122,1,1
2481,50,55,-5,5
2482,67,80,-13,13
2483,80,87,-7,7
2484,136,127,9,9
2485,165,151,14,14
2486,84,80,4,4
2487,107,102,5,5
2488,151,143,8,8
2489,111,109,2,2
2490,51,64,-13,13
2491,78,84,-6,6
2492,145,120,25,25
2493,54,62,-8,8
2494,86,82,4,4
2495,93,91,2,2
2496,117,105,12,12
2497,52,60,-8,8
2498,84,89,-5,5
2499,196,182,14,14
2500,70,64,6,6
2501,166,156,10,10
2502,103,89,14,14
2503,67,82,-15,15
2504,54,61,-7,7
2505,91,90,1,1
2506,124,122,2,2
2507,80,81,-1,1
2508,111,112,-1,1
2509,108,95,13,13
2510,134,130,4,4
2511,98,96,2,2
2512,64,86,-22,22
2513,73,79,-6,6
2514,94,96,-2,2
2515,61,78,-17,17
2516,90,96,-6,6
2517,102,99,3,3
2518,150,134,16,16
2519,97,103,-6,6
2520,76,76,0,0
2521,58,65,-7,7
2522,90,78,12,12
2523,70,72,-2,2
2524,65,73,-8,8
2525,78,81,-3,3
2526,53,61,-8,8
2527,83,79,4,4
2528,103,75,28,28
2529,74,76,-2,2
2530,173,156,17,17
2531,63,71,-8,8
2532,104,101,3,3
2533,96,103,-7,7
2534,110,116,-6,6
2535,83,82,1,1
2536,89,91,-2,2
2537,95,103,-8,8
2538,74,84,-10,10
2539,55,58,-3,3
2540,117,112,5,5
2541,32,29,3,3
2542,64,76,-12,12
2543,103,89,14,14
2544,121,120,1,1
2545,129,115,14,14
2546,90,100,-10,10
2547,119,139,-20,20
2548,105,95,10,10
2549,78,78,0,0
2550,159,139,20,20
2551,73,79,-6,6
2552,128,122,6,6
2553,149,142,7,7
2554,129,109,20,20
2555,87,93,-6,6
2556,69,74,-5,5
2557,120,112,8,8
2558,57,60,-3,3
2559,107,113,-6,6
2560,56,61,-5,5
2561,128,86,42,42
2562,153,131,22,22
2563,114,120,-6,6
2564,96,101,-5,5
2565,111,104,7,7
2566,130,129,1,1
2567,88,91,-3,3
2568,75,78,-3,3
2569,85,92,-7,7
2570,105,105,0,0
2571,48,55,-7,7
2572,98,95,3,3
2573,62,75,-13,13
2574,142,129,13,13
2575,91,76,15,15
2576,85,87,-2,2
2577,67,69,-2,2
2578,116,111,5,5
2579,82,90,-8,8
2580,136,131,5,5
2581,145,123,22,22
2582,76,83,-7,7
2583,46,55,-9,9
2584,112,126,-14,14
2585,119,119,0,0
2586,75,92,-17,17
2587,58,70,-12,12
2588,90,98,-8,8
2589,106,111,-5,5
2590,117,109,8,8
2591,97,96,1,1
2592,142,146,-4,4
2593,156,142,14,14
2594,136,94,42,42
2595,73,83,-10,10
2596,98,87,11,11
2597,79,87,-8,8
2598,130,129,1,1
2599,114,115,-1,1
2600,122,115,7,7
2601,87,82,5,5
2602,136,124,12,12
2603,157,139,18,18
2604,53,59,-6,6
2605,106,101,5,5
2606,62,73,-11,11
2607,87,94,-7,7
2608,75,74,1,1
2609,71,75,-4,4
2610,87,86,1,1
2611,81,81,0,0
2612,110,102,8,8
2613,119,115,4,4
2614,103,100,3,3
2615,65,63,2,2
2616,137,120,17,17
2617,66,80,-14,14
2618,78,77,1,1
2619,93,98,-5,5
2620,117,109,8,8
2621,95,94,1,1
2622,88,84,4,4
2623,102,90,12,12
2624,49,57,-8,8
2625,82,78,4,4
2626,70,77,-7,7
2627,78,84,-6,6
2628,75,72,3,3
2629,80,91,-11,11
2630,133,122,11,11
2631,82,83,-1,1
2632,147,110,37,37
2633,174,156,18,18
2634,65,71,-6,6
2635,95,94,1,1
2636,105,95,10,10
2637,72,71,1,1
2638,78,84,-6,6
2639,137,131,6,6
2640,153,136,17,17
2641,131,141,-10,10
2642,53,60,-7,7
2643,88,80,8,8
2644,74,78,-4,4
2645,62,66,-4,4
2646,97,107,-10,10
2647,121,115,6,6
2648,106,106,0,0
2649,76,105,-29,29
2650,103,103,0,0
2651,87,80,7,7
2652,67,65,2,2
2653,68,92,-24,24
2654,123,108,15,15
2655,68,70,-2,2
2656,115,111,4,4
2657,116,105,11,11
2658,95,89,6,6
2659,57,65,-8,8
2660,106,100,6,6
2661,85,87,-2,2
2662,106,94,12,12
2663,87,83,4,4
2664,86,89,-3,3
2665,84,88,-4,4
2666,60,65,-5,5
2667,99,104,-5,5
2668,84,102,-18,18
2669,60,64,-4,4
2670,134,114,20,20
2671,130,126,4,4
2672,78,75,3,3
2673,62,68,-6,6
2674,90,82,8,8
2675,105,110,-5,5
2676,104,106,-2,2
2677,102,99,3,3
2678,125,121,4,4
2679,74,68,6,6
2680,100,95,5,5
2681,103,108,-5,5
2682,77,74,3,3
2683,86,87,-1,1
2684,97,101,-4,4
2685,81,86,-5,5
2686,88,94,-6,6
2687,52,62,-10,10
2688,59,73,-14,14
2689,89,85,4,4
2690,51,73,-22,22
2691,45,59,-14,14
2692,103,110,-7,7
2693,70,80,-10,10
2694,148,138,10,10
2695,91,100,-9,9
2696,45,52,-7,7
2697,146,145,1,1
2698,119,118,1,1
2699,107,110,-3,3
2700,170,146,24,24
2701,62,66,-4,4
2702,130,108,22,22
2703,40,61,-21,21
2704,91,86,5,5
2705,61,69,-8,8
2706,72,70,2,2
2707,113,111,2,2
2708,120,102,18,18
2709,52,60,-8,8
2710,43,58,-15,15
2711,63,66,-3,3
2712,106,109,-3,3
2713,109,110,-1,1
2714,136,131,5,5
2715,100,99,1,1
2716,58,66,-8,8
2717,64,70,-6,6
2718,135,131,4,4
2719,125,121,4,4
2720,91,107,-16,16
2721,81,86,-5,5
2722,53,57,-4,4
2723,120,113,7,7
2724,96,101,-5,5
2725,42,46,-4,4
2726,122,118,4,4
2727,67,65,2,2
2728,97,90,7,7
2729,65,70,-5,5
2730,86,89,-3,3
2731,72,75,-3,3
2732,62,65,-3,3
2733,72,72,0,0
2734,83,77,6,6
2735,129,127,2,2
2736,109,105,4,4
2737,72,87,-15,15
2738,78,83,-5,5
2739,175,169,6,6
2740,125,119,6,6
2741,65,62,3,3
2742,122,117,5,5
2743,79,81,-2,2
2744,35,51,-16,16
2745,86,92,-6,6
2746,120,110,10,10
2747,96,95,1,1
2748,152,143,9,9
2749,114,118,-4,4
2750,94,98,-4,4
2751,67,70,-3,3
2752,94,96,-2,2
2753,145,122,23,23
2754,52,62,-10,10
2755,108,106,2,2
2756,86,96,-10,10
2757,91,94,-3,3
2758,132,124,8,8
2759,160,149,11,11
2760,94,87,7,7
2761,136,121,15,15
2762,46,50,-4,4
2763,76,74,2,2
2764,66,73,-7,7
2765,72,76,-4,4
2766,102,102,0,0
2767,77,83,-6,6
2768,56,62,-6,6
2769,139,136,3,3
2770,217,185,32,32
2771,105,103,2,2
2772,86,83,3,3
2773,172,152,20,20
2774,131,126,5,5
2775,141,132,9,9
2776,85,89,-4,4
2777,68,67,1,1
2778,90,90,0,0
2779,75,77,-2,2
2780,82,82,0,0
2781,76,76,0,0
2782,92,92,0,0
2783,76,79,-3,3
2784,108,105,3,3
2785,99,95,4,4
2786,65,76,-11,11
2787,101,109,-8,8
2788,196,171,25,25
2789,80,87,-7,7
2790,130,130,0,0
2791,57,71,-14,14
2792,105,96,9,9
2793,83,85,-2,2
2794,75,90,-15,15
2795,37,47,-10,10
2796,92,100,-8,8
2797,70,73,-3,3
2798,35,39,-4,4
2799,120,109,11,11
2800,87,80,7,7
2801,56,56,0,0
2802,84,83,1,1
2803,185,164,21,21
2804,95,87,8,8
2805,76,77,-1,1
2806,60,64,-4,4
2807,84,85,-1,1
2808,67,72,-5,5
2809,79,80,-1,1
2810,106,104,2,2
2811,121,113,8,8
2812,81,90,-9,9
2813,93,91,2,2
2814,150,137,13,13
2815,104,108,-4,4
2816,95,95,0,0
2817,120,110,10,10
2818,140,137,3,3
2819,106,113,-7,7
2820,92,83,9,9
2821,75,77,-2,2
2822,69,87,-18,18
2823,78,77,1,1
2824,57,66,-9,9
2825,71,69,2,2
2826,110,105,5,5
2827,90,91,-1,1
2828,58,65,-7,7
2829,52,60,-8,8
2830,108,111,-3,3
2831,53,64,-11,11
2832,102,96,6,6
2833,89,94,-5,5
2834,158,138,20,20
2835,81,78,3,3
2836,93,100,-7,7
2837,127,119,8,8
2838,117,110,7,7
2839,105,96,9,9
2840,133,124,9,9
2841,106,95,11,11
2842,149,135,14,14
2843,117,112,5,5
2844,92,89,3,3
2845,74,75,-1,1
2846,156,139,17,17
2847,90,91,-1,1
2848,116,116,0,0
2849,118,113,5,5
2850,109,108,1,1
2851,110,104,6,6
2852,84,90,-6,6
2853,120,107,13,13
2854,145,136,9,9
2855,64,67,-3,3
2856,95,109,-14,14
2857,54,58,-4,4
2858,109,105,4,4
2859,81,85,-4,4
2860,74,80,-6,6
2861,123,125,-2,2
2862,88,88,0,0
2863,153,148,5,5
2864,119,122,-3,3
2865,100,97,3,3
2866,91,89,2,2
2867,85,75,10,10
2868,72,75,-3,3
2869,137,123,14,14
2870,120,139,-19,19
2871,58,66,-8,8
2872,106,103,3,3
2873,100,93,7,7
2874,75,84,-9,9
2875,71,72,-1,1
2876,90,88,2,2
2877,56,59,-3,3
2878,109,106,3,3
2879,97,104,-7,7
2880,95,90,5,5
2881,84,81,3,3
2882,64,68,-4,4
2883,79,78,1,1
2884,66,69,-3,3
2885,65,74,-9,9
2886,117,114,3,3
2887,143,134,9,9
2888,65,66,-1,1
2889,80,81,-1,1
2890,111,116,-5,5
2891,116,110,6,6
2892,80,127,-47,47
2893,89,94,-5,5
2894,181,156,25,25
2895,95,90,5,5
2896,81,83,-2,2
2897,172,143,29,29
2898,137,114,23,23
2899,83,85,-2,2
2900,98,98,0,0
2901,131,118,13,13
2902,75,79,-4,4
2903,160,148,12,12
2904,115,104,11,11
2905,124,126,-2,2
2906,121,110,11,11
2907,113,107,6,6
2908,116,110,6,6
2909,62,68,-6,6
2910,94,91,3,3
2911,92,91,1,1
2912,144,133,11,11
2913,37,85,-48,48
2914,65,75,-10,10
2915,159,165,-6,6
2916,76,76,0,0
2917,116,112,4,4
2918,79,76,3,3
2919,89,98,-9,9
2920,79,78,1,1
2921,100,105,-5,5
2922,92,90,2,2
2923,90,90,0,0
2924,53,61,-8,8
2925,97,105,-8,8
2926,148,136,12,12
2927,104,109,-5,5
2928,57,56,1,1
2929,71,73,-2,2
2930,116,124,-8,8
2931,191,174,17,17
2932,122,113,9,9
2933,60,67,-7,7
2934,125,149,-24,24
2935,69,77,-8,8
2936,98,103,-5,5
2937,131,116,15,15
2938,105,110,-5,5
2939,103,97,6,6
2940,60,70,-10,10
2941,67,73,-6,6
2942,118,115,3,3
2943,58,85,-27,27
2944,76,77,-1,1
2945,109,97,12,12
2946,72,74,-2,2
2947,87,87,0,0
2948,57,67,-10,10
2949,85,85,0,0
2950,78,83,-5,5
2951,88,82,6,6
2952,75,73,2,2
2953,124,114,10,10
2954,84,88,-4,4
2955,112,105,7,7
2956,98,90,8,8
2957,152,138,14,14
2958,54,60,-6,6
2959,121,119,2,2
2960,164,139,25,25
2961,58,65,-7,7
2962,164,153,11,11
2963,47,58,-11,11
2964,163,149,14,14
2965,104,98,6,6
2966,66,75,-9,9
2967,111,109,2,2
2968,60,72,-12,12
2969,45,49,-4,4
2970,98,88,10,10
2971,129,114,15,15
2972,94,92,2,2
2973,100,104,-4,4
2974,88,91,-3,3
2975,79,78,1,1
2976,73,78,-5,5
2977,125,119,6,6
2978,91,92,-1,1
2979,102,105,-3,3
2980,137,129,8,8
2981,186,169,17,17
2982,67,74,-7,7
2983,59,67,-8,8
2984,36,49,-13,13
2985,128,116,12,12
2986,80,79,1,1
2987,102,114,-12,12
2988,137,112,25,25
2989,58,55,3,3
2990,94,94,0,0
2991,90,87,3,3
2992,110,102,8,8
2993,101,110,-9,9
2994,78,81,-3,3
2995,121,106,15,15
2996,87,88,-1,1
2997,81,92,-11,11
2998,70,74,-4,4
2999,142,131,11,11
3000,93,96,-3,3
3001,98,87,11,11
3002,125,120,5,5
3003,65,68,-3,3
3004,126,123,3,3
3005,77,81,-4,4
3006,79,86,-7,7
3007,85,87,-2,2
3008,65,69,-4,4
3009,74,82,-8,8
3010,124,123,1,1
3011,112,103,9,9
3012,99,103,-4,4
3013,73,70,3,3
3014,97,97,0,0
3015,73,77,-4,4
3016,58,83,-25,25
3017,172,156,16,16
3018,91,88,3,3
3019,67,72,-5,5
3020,100,105,-5,5
3021,110,108,2,2
3022,58,66,-8,8
3023,96,99,-3,3
3024,69,81,-12,12
3025,91,93,-2,2
3026,64,70,-6,6
3027,71,79,-8,8
3028,49,69,-20,20
3029,88,97,-9,9
3030,147,121,26,26
3031,71,72,-1,1
3032,117,107,10,10
3033,89,100,-11,11
3034,95,88,7,7
3035,78,82,-4,4
3036,82,95,-13,13
3037,72,79,-7,7
3038,137,116,21,21
3039,122,118,4,4
3040,115,106,9,9
3041,120,109,11,11
3042,119,120,-1,1
3043,84,86,-2,2
3044,88,83,5,5
3045,60,66,-6,6
3046,115,111,4,4
3047,81,79,2,2
3048,136,137,-1,1
3049,85,94,-9,9
3050,100,108,-8,8
3051,118,119,-1,1
3052,109,102,7,7
3053,61,77,-16,16
3054,105,102,3,3
3055,206,179,27,27
3056,112,110,2,2
3057,83,82,1,1
3058,181,175,6,6
3059,151,134,17,17
3060,104,104,0,0
3061,83,97,-14,14
3062,109,102,7,7
3063,62,66,-4,4
3064,76,80,-4,4
3065,86,92,-6,6
3066,127,114,13,13
3067,83,82,1,1
3068,122,107,15,15
3069,103,105,-2,2
3070,107,107,0,0
3071,94,92,2,2
3072,103,90,13,13
3073,72,73,-1,1
3074,66,70,-4,4
3075,70,88,-18,18
3076,54,57,-3,3
3077,57,73,-16,16
3078,165,153,12,12
3079,125,118,7,7
3080,125,125,0,0
3081,92,87,5,5
3082,53,50,3,3
3083,106,123,-17,17
3084,95,89,6,6
3085,94,87,7,7
3086,72,79,-7,7
3087,78,81,-3,3
3088,113,109,4,4
3089,106,93,13,13
3090,101,100,1,1
3091,102,109,-7,7
3092,95,90,5,5
3093,69,77,-8,8
3094,74,70,4,4
3095,104,96,8,8
3096,78,84,-6,6
3097,86,88,-2,2
3098,41,49,-8,8
3099,86,87,-1,1
3100,80,77,3,3
3101,182,158,24,24
3102,83,84,-1,1
3103,65,67,-2,2
3104,81,75,6,6
3105,159,145,14,14
3106,103,98,5,5
3107,102,94,8,8
3108,60,56,4,4
3109,142,125,17,17
3110,62,69,-7,7
3111,129,119,10,10
3112,79,86,-7,7
3113,87,89,-2,2
3114,127,112,15,15
3115,56,66,-10,10
3116,94,102,-8,8
3117,90,86,4,4
3118,62,74,-12,12
3119,60,72,-12,12
3120,110,127,-17,17
3121,98,102,-4,4
3122,58,65,-7,7
3123,88,87,1,1
3124,35,34,1,1
3125,138,128,10,10
3126,73,78,-5,5
3127,99,84,15,15
3128,87,84,3,3
3129,69,75,-6,6
3130,102,95,7,7
3131,89,91,-2,2
3132,106,97,9,9
3133,116,110,6,6
3134,69,76,-7,7
3135,75,78,-3,3
3136,91,85,6,6
3137,67,75,-8,8
3138,133,134,-1,1
3139,76,84,-8,8
3140,103,93,10,10
3141,71,68,3,3
3142,135,125,10,10
3143,99,102,-3,3
3144,104,99,5,5
3145,146,124,22,22
3146,57,46,11,11
3147,108,110,-2,2
3148,82,82,0,0
3149,106,94,12,12
3150,110,109,1,1
3151,98,101,-3,3
3152,62,59,3,3
3153,102,102,0,0
3154,130,126,4,4
3155,108,98,10,10
3156,61,69,-8,8
3157,73,88,-15,15
3158,54,61,-7,7
3159,63,61,2,2
3160,140,120,20,20
3161,47,118,-71,71
3162,68,79,-11,11
3163,134,121,13,13
3164,106,102,4,4
3165,72,77,-5,5
3166,107,106,1,1
3167,107,105,2,2
3168,53,57,-4,4
3169,112,103,9,9
3170,124,119,5,5
3171,103,96,7,7
3172,76,85,-9,9
3173,103,103,0,0
3174,92,99,-7,7
3175,40,51,-11,11
3176,79,81,-2,2
3177,83,90,-7,7
3178,77,79,-2,2
3179,75,75,0,0
3180,63,58,5,5
3181,134,125,9,9
3182,66,72,-6,6
3183,173,161,12,12
3184,100,89,11,11
3185,119,107,12,12
3186,143,136,7,7
3187,61,73,-12,12
3188,59,67,-8,8
3189,91,95,-4,4
3190,61,64,-3,3
3191,127,119,8,8
3192,164,150,14,14
3193,81,80,1,1
3194,136,128,8,8
3195,73,85,-12,12
3196,72,77,-5,5
3197,82,78,4,4
3198,79,82,-3,3
3199,70,78,-8,8
3200,95,94,1,1
3201,63,71,-8,8
3202,67,78,-11,11
3203,127,123,4,4
3204,107,102,5,5
3205,58,62,-4,4
3206,91,94,-3,3
3207,60,61,-1,1
3208,94,104,-10,10
3209,90,78,12,12
3210,49,54,-5,5
3211,94,112,-18,18
3212,68,65,3,3
3213,86,77,9,9
3214,107,96,11,11
3215,54,57,-3,3
3216,88,84,4,4
3217,69,76,-7,7
3218,85,83,2,2
3219,99,98,1,1
3220,116,123,-7,7
3221,113,105,8,8
3222,42,62,-20,20
3223,36,39,-3,3
3224,52,62,-10,10
3225,88,83,5,5
3226,62,70,-8,8
3227,87,80,7,7
3228,97,107,-10,10
3229,94,97,-3,3
3230,113,108,5,5
3231,168,135,33,33
3232,107,98,9,9
3233,130,124,6,6
3234,169,150,19,19
3235,84,91,-7,7
3236,151,121,30,30
3237,75,72,3,3
3238,73,75,-2,2
3239,64,72,-8,8
3240,144,144,0,0
3241,86,90,-4,4
3242,91,87,4,4
3243,76,73,3,3
3244,112,112,0,0
3245,46,70,-24,24
3246,51,65,-14,14
3247,116,106,10,10
3248,106,116,-10,10
3249,63,76,-13,13
3250,115,106,9,9
3251,151,153,-2,2
3252,70,73,-3,3
3253,153,143,10,10
3254,66,70,-4,4
3255,95,101,-6,6
3256,71,74,-3,3
3257,75,81,-6,6
3258,83,80,3,3
3259,75,74,1,1
3260,111,95,16,16
3261,95,95,0,0
3262,133,114,19,19
3263,56,56,0,0
3264,42,53,-11,11
3265,61,70,-9,9
3266,72,76,-4,4
3267,60,66,-6,6
3268,95,89,6,6
3269,115,122,-7,7
3270,101,107,-6,6
3271,65,71,-6,6
3272,100,107,-7,7
3273,69,78,-9,9
3274,81,80,1,1
3275,82,86,-4,4
3276,107,104,3,3
3277,112,115,-3,3
3278,99,95,4,4
3279,75,75,0,0
3280,161,144,17,17
3281,76,76,0,0
3282,142,135,7,7
3283,111,105,6,6
3284,78,81,-3,3
3285,137,130,7,7
3286,40,44,-4,4
3287,65,70,-5,5
3288,88,92,-4,4
3289,103,88,15,15
3290,143,153,-10,10
3291,37,34,3,3
3292,65,62,3,3
3293,90,83,7,7
3294,97,85,12,12
3295,107,102,5,5
3296,104,111,-7,7
3297,151,131,20,20
3298,98,96,2,2
3299,91,98,-7,7
3300,90,83,7,7
3301,79,86,-7,7
3302,62,59,3,3
3303,83,80,3,3
3304,102,105,-3,3
3305,92,101,-9,9
3306,48,55,-7,7
3307,103,101,2,2
3308,65,64,1,1
3309,84,85,-1,1
3310,57,67,-10,10
3311,108,110,-2,2
3312,80,82,-2,2
3313,66,84,-18,18
3314,106,111,-5,5
3315,52,61,-9,9
3316,107,114,-7,7
3317,107,96,11,11
3318,57,65,-8,8
3319,137,129,8,8
3320,69,72,-3,3
3321,90,87,3,3
3322,65,74,-9,9
3323,49,58,-9,9
3324,153,139,14,14
3325,119,112,7,7
3326,75,80,-5,5
3327,160,143,17,17
3328,140,133,7,7
3329,146,142,4,4
3330,104,89,15,15
3331,94,95,-1,1
3332,60,59,1,1
3333,118,105,13,13
3334,71,74,-3,3
3335,66,72,-6,6
3336,183,157,26,26
3337,103,94,9,9
3338,119,109,10,10
3339,107,117,-10,10
3340,92,88,4,4
3341,89,94,-5,5
3342,116,107,9,9
3343,84,84,0,0
3344,118,120,-2,2
3345,52,62,-10,10
3346,75,83,-8,8
3347,163,152,11,11
3348,96,95,1,1
3349,104,109,-5,5
3350,135,137,-2,2
3351,78,77,1,1
3352,127,114,13,13
3353,96,95,1,1
3354,123,107,16,16
3355,119,107,12,12
3356,83,87,-4,4
3357,107,107,0,0
3358,96,85,11,11
3359,105,102,3,3
3360,142,115,27,27
3361,67,77,-10,10
3362,67,78,-11,11
3363,126,117,9,9
3364,59,67,-8,8
3365,59,65,-6,6
3366,74,78,-4,4
3367,87,88,-1,1
3368,69,76,-7,7
3369,66,70,-4,4
3370,117,102,15,15
3371,186,171,15,15
3372,63,70,-7,7
3373,125,123,2,2
3374,87,81,6,6
3375,97,96,1,1
3376,96,88,8,8
3377,49,52,-3,3
3378,105,108,-3,3
3379,48,53,-5,5
3380,111,105,6,6
3381,98,103,-5,5
3382,123,109,14,14
3383,74,67,7,7
3384,55,61,-6,6
3385,124,120,4,4
3386,151,136,15,15
3387,54,55,-1,1
3388,44,51,-7,7
3389,78,85,-7,7
3390,141,139,2,2
3391,85,94,-9,9
3392,40,64,-24,24
3393,77,76,1,1
3394,104,96,8,8
3395,71,67,4,4
3396,94,100,-6,6
3397,98,104,-6,6
3398,56,65,-9,9
3399,64,73,-9,9
3400,107,106,1,1
3401,58,66,-8,8
3402,40,48,-8,8
3403,107,94,13,13
3404,110,105,5,5
3405,124,107,17,17
3406,100,90,10,10
3407,88,94,-6,6
3408,131,108,23,23
3409,93,90,3,3
3410,134,127,7,7
3411,81,93,-12,12
3412,81,89,-8,8
3413,84,89,-5,5
3414,86,86,0,0
3415,152,146,6,6
3416,64,69,-5,5
3417,73,82,-9,9
3418,118,111,7,7
3419,73,70,3,3
3420,88,84,4,4
3421,112,120,-8,8
3422,141,132,9,9
3423,150,145,5,5
3424,105,103,2,2
3425,163,146,17,17
3426,29,39,-10,10
3427,94,91,3,3
3428,67,75,-8,8
3429,98,112,-14,14
3430,89,92,-3,3
3431,106,102,4,4
3432,100,99,1,1
3433,107,96,11,11
3434,64,75,-11,11
3435,45,59,-14,14
3436,77,79,-2,2
3437,144,127,17,17
3438,103,105,-2,2
3439,67,104,-37,37
3440,38,37,1,1
3441,116,109,7,7
3442,102,102,0,0
3443,119,113,6,6
3444,88,89,-1,1
3445,111,106,5,5
3446,48,56,-8,8
3447,131,110,21,21
3448,86,87,-1,1
3449,76,79,-3,3
3450,80,85,-5,5
3451,99,92,7,7
3452,132,124,8,8
3453,91,102,-11,11
3454,105,101,4,4
3455,159,153,6,6
3456,117,107,10,10
3457,142,140,2,2
3458,69,67,2,2
3459,79,88,-9,9
3460,134,132,2,2
3461,101,97,4,4
3462,94,90,4,4
3463,97,116,-19,19
3464,112,96,16,16
3465,70,72,-2,2
3466,139,128,11,11
3467,120,108,12,12
3468,93,97,-4,4
3469,70,79,-9,9
3470,77,74,3,3
3471,91,92,-1,1
3472,57,60,-3,3
3473,75,85,-10,10
3474,64,65,-1,1
3475,88,89,-1,1
3476,90,95,-5,5
3477,82,86,-4,4
3478,54,63,-9,9
3479,101,98,3,3
3480,102,106,-4,4
3481,92,89,3,3
3482,77,79,-2,2
3483,76,81,-5,5
3484,109,117,-8,8
3485,48,60,-12,12
3486,86,81,5,5
3487,91,91,0,0
3488,60,62,-2,2
3489,117,114,3,3
3490,121,120,1,1
3491,129,131,-2,2
3492,90,95,-5,5
3493,106,86,20,20
3494,80,72,8,8
3495,129,110,19,19
3496,65,71,-6,6
3497,48,52,-4,4
3498,104,102,2,2
3499,72,72,0,0
3500,69,72,-3,3
3501,115,108,7,7
3502,147,154,-7,7
3503,83,87,-4,4
3504,96,95,1,1
3505,83,82,1,1
3506,106,104,2,2
3507,83,87,-4,4
3508,94,82,12,12
3509,101,85,16,16
3510,112,108,4,4
3511,56,69,-13,13
3512,106,104,2,2
3513,93,87,6,6
3514,83,90,-7,7
3515,60,65,-5,5
3516,116,122,-6,6
3517,127,112,15,15
3518,65,72,-7,7
3519,134,133,1,1
3520,45,61,-16,16
3521,74,82,-8,8
3522,107,107,0,0
3523,97,97,0,0
3524,145,137,8,8
3525,101,103,-2,2
3526,104,89,15,15
3527,90,93,-3,3
3528,98,95,3,3
3529,107,109,-2,2
3530,66,71,-5,5
3531,76,86,-10,10
3532,39,37,2,2
3533,89,90,-1,1
3534,47,57,-10,10
3535,68,83,-15,15
3536,47,54,-7,7
3537,194,157,37,37
3538,107,114,-7,7
3539,155,144,11,11
3540,163,148,15,15
3541,93,85,8,8
3542,124,126,-2,2
3543,28,30,-2,2
3544,101,107,-6,6
3545,70,74,-4,4
3546,61,70,-9,9
3547,92,89,3,3
3548,78,84,-6,6
3549,51,61,-10,10
3550,99,96,3,3
3551,95,94,1,1
3552,137,117,20,20
3553,90,87,3,3
3554,84,93,-9,9
3555,72,81,-9,9
3556,83,89,-6,6
3557,94,95,-1,1
3558,86,83,3,3
3559,86,78,8,8
3560,87,91,-4,4
3561,104,111,-7,7
3562,58,66,-8,8
3563,50,64,-14,14
3564,44,50,-6,6
3565,83,85,-2,2
3566,97,90,7,7
3567,146,128,18,18
3568,147,127,20,20
3569,107,103,4,4
3570,117,104,13,13
3571,152,146,6,6
3572,130,108,22,22
3573,157,127,30,30
3574,268,233,35,35
3575,90,85,5,5
3576,101,104,-3,3
3577,73,77,-4,4
3578,120,118,2,2
3579,86,88,-2,2
3580,144,124,20,20
3581,97,94,3,3
3582,93,90,3,3
3583,49,55,-6,6
3584,97,101,-4,4
3585,99,89,10,10
3586,63,67,-4,4
3587,135,123,12,12
3588,66,72,-6,6
3589,71,71,0,0
3590,74,77,-3,3
3591,160,140,20,20
3592,52,62,-10,10
3593,84,78,6,6
3594,127,129,-2,2
3595,82,84,-2,2
3596,80,87,-7,7
3597,108,109,-1,1
3598,104,109,-5,5
3599,106,96,10,10
3600,154,142,12,12
3601,54,64,-10,10
3602,91,102,-11,11
3603,115,126,-11,11
3604,98,101,-3,3
3605,117,116,1,1
3606,46,56,-10,10
3607,93,96,-3,3
3608,50,57,-7,7
3609,110,142,-32,32
3610,101,99,2,2
3611,121,117,4,4
3612,129,129,0,0
3613,123,111,12,12
3614,55,73,-18,18
3615,97,86,11,11
3616,102,103,-1,1
3617,127,131,-4,4
3618,66,84,-18,18
3619,75,77,-2,2
3620,125,128,-3,3
3621,75,72,3,3
3622,137,141,-4,4
3623,76,76,0,0
3624,80,70,10,10
3625,93,95,-2,2
3626,213,199,14,14
3627,73,72,1,1
3628,99,95,4,4
3629,152,139,13,13
3630,110,112,-2,2
3631,53,65,-12,12
3632,83,82,1,1
3633,94,96,-2,2
3634,60,67,-7,7
3635,150,136,14,14
3636,146,127,19,19
3637,156,158,-2,2
3638,99,100,-1,1
3639,66,68,-2,2
3640,85,82,3,3
3641,68,86,-18,18
3642,174,157,17,17
3643,112,96,16,16
3644,102,103,-1,1
3645,96,93,3,3
3646,123,114,9,9
3647,62,73,-11,11
3648,42,53,-11,11
3649,84,79,5,5
3650,99,111,-12,12
3651,96,102,-6,6
3652,94,87,7,7
3653,88,83,5,5
3654,113,104,9,9
3655,136,135,1,1
3656,51,61,-10,10
3657,82,93,-11,11
3658,103,93,10,10
3659,109,103,6,6
3660,39,53,-14,14
3661,66,63,3,3
3662,68,68,0,0
3663,97,88,9,9
3664,85,83,2,2
3665,123,115,8,8
3666,134,131,3,3
3667,171,155,16,16
3668,88,84,4,4
3669,83,77,6,6
3670,52,60,-8,8
3671,90,89,1,1
3672,75,76,-1,1
3673,80,77,3,3
3674,85,77,8,8
3675,113,122,-9,9
3676,85,75,10,10
3677,124,117,7,7
3678,126,116,10,10
3679,136,118,18,18
3680,111,109,2,2
3681,122,107,15,15
3682,84,84,0,0
3683,53,59,-6,6
3684,83,85,-2,2
3685,132,127,5,5
3686,133,129,4,4
3687,96,90,6,6
3688,53,60,-7,7
3689,87,96,-9,9
3690,63,65,-2,2
3691,92,82,10,10
3692,73,82,-9,9
3693,142,128,14,14
3694,93,81,12,12
3695,69,70,-1,1
3696,59,64,-5,5
3697,120,121,-1,1
3698,52,54,-2,2
3699,50,54,-4,4
3700,80,90,-10,10
3701,68,74,-6,6
3702,73,73,0,0
3703,245,194,51,51
3704,147,141,6,6
3705,75,76,-1,1
3706,59,69,-10,10
3707,84,81,3,3
3708,92,93,-1,1
3709,146,132,14,14
3710,183,171,12,12
3711,64,70,-6,6
3712,101,87,14,14
3713,102,102,0,0
3714,117,112,5,5
3715,178,163,15,15
3716,143,120,23,23
3717,68,77,-9,9
3718,90,86,4,4
3719,48,52,-4,4
3720,74,76,-2,2
3721,63,65,-2,2
3722,74,77,-3,3
3723,83,86,-3,3
3724,89,92,-3,3
3725,112,104,8,8
3726,89,94,-5,5
3727,71,74,-3,3
3728,72,78,-6,6
3729,66,68,-2,2
3730,173,163,10,10
3731,139,131,8,8
3732,94,95,-1,1
3733,48,59,-11,11
3734,102,103,-1,1
3735,69,76,-7,7
3736,67,66,1,1
3737,91,89,2,2
3738,109,109,0,0
3739,39,48,-9,9
3740,146,133,13,13
3741,103,104,-1,1
3742,149,141,8,8
3743,78,77,1,1
3744,78,81,-3,3
3745,76,72,4,4
3746,81,89,-8,8
3747,155,146,9,9
3748,76,82,-6,6
3749,113,105,8,8
3750,87,88,-1,1
3751,81,71,10,10
3752,82,87,-5,5
3753,107,112,-5,5
3754,148,138,10,10
3755,57,73,-16,16
3756,73,74,-1,1
3757,112,102,10,10
3758,48,54,-6,6
3759,77,86,-9,9
3760,142,126,16,16
3761,142,124,18,18
3762,122,119,3,3
3763,67,74,-7,7
3764,132,113,19,19
3765,134,143,-9,9
3766,96,87,9,9
3767,70,71,-1,1
3768,84,83,1,1
3769,108,99,9,9
3770,159,146,13,13
3771,114,119,-5,5
3772,71,75,-4,4
3773,88,94,-6,6
3774,95,91,4,4
3775,36,39,-3,3
3776,99,99,0,0
3777,54,62,-8,8
3778,148,129,19,19
3779,75,70,5,5
3780,64,76,-12,12
3781,170,156,14,14
3782,176,153,23,23
3783,143,126,17,17
3784,108,98,10,10
3785,94,158,-64,64
3786,102,112,-10,10
3787,92,99,-7,7
3788,132,127,5,5
3789,84,87,-3,3
3790,152,142,10,10
3791,94,84,10,10
3792,103,102,1,1
3793,122,117,5,5
3794,79,85,-6,6
3795,81,71,10,10
3796,81,85,-4,4
3797,65,65,0,0
3798,90,81,9,9
3799,85,90,-5,5
3800,74,75,-1,1
3801,110,105,5,5
3802,62,74,-12,12
3803,132,127,5,5
3804,94,94,0,0
3805,77,78,-1,1
3806,69,80,-11,11
3807,90,86,4,4
3808,58,65,-7,7
3809,101,102,-1,1
3810,72,79,-7,7
3811,49,69,-20,20
3812,120,119,1,1
3813,60,74,-14,14
3814,140,145,-5,5
3815,53,58,-5,5
3816,66,72,-6,6
3817,60,62,-2,2
3818,103,104,-1,1
3819,92,95,-3,3
3820,158,131,27,27
3821,71,88,-17,17
3822,73,79,-6,6
3823,66,75,-9,9
3824,149,142,7,7
3825,146,132,14,14
3826,68,68,0,0
3827,108,106,2,2
3828,54,66,-12,12
3829,70,73,-3,3
3830,98,97,1,1
3831,112,109,3,3
3832,64,68,-4,4
3833,96,102,-6,6
3834,124,129,-5,5
3835,73,79,-6,6
3836,75,79,-4,4
3837,97,93,4,4
3838,100,98,2,2
3839,153,161,-8,8
3840,145,140,5,5
3841,98,90,8,8
3842,114,100,14,14
3843,111,94,17,17
3844,68,78,-10,10
3845,60,73,-13,13
3846,87,99,-12,12
3847,74,63,11,11
3848,54,67,-13,13
3849,77,79,-2,2
3850,63,63,0,0
3851,120,110,10,10
3852,107,93,14,14
3853,75,80,-5,5
3854,96,96,0,0
3855,50,49,1,1
3856,152,126,26,26
3857,133,124,9,9
3858,140,138,2,2
3859,63,70,-7,7
3860,82,90,-8,8
3861,101,105,-4,4
3862,78,76,2,2
3863,101,95,6,6
3864,74,79,-5,5
3865,104,97,7,7
3866,97,99,-2,2
3867,55,73,-18,18
3868,166,152,14,14
3869,110,101,9,9
3870,76,97,-21,21
3871,81,85,-4,4
3872,128,118,10,10
3873,108,104,4,4
3874,68,70,-2,2
3875,86,86,0,0
3876,79,80,-1,1
3877,65,70,-5,5
3878,148,141,7,7
3879,165,144,21,21
3880,96,101,-5,5
3881,61,68,-7,7
3882,86,78,8,8
3883,65,73,-8,8
3884,124,127,-3,3
3885,94,88,6,6
3886,55,60,-5,5
3887,71,76,-5,5
3888,132,113,19,19
3889,55,61,-6,6
3890,97,106,-9,9
3891,96,104,-8,8
3892,101,101,0,0
3893,100,87,13,13
3894,78,76,2,2
3895,132,132,0,0
3896,73,77,-4,4
3897,93,82,11,11
3898,51,51,0,0
3899,136,130,6,6
3900,80,74,6,6
3901,159,162,-3,3
3902,151,137,14,14
3903,64,67,-3,3
3904,75,82,-7,7
3905,151,129,22,22
3906,72,82,-10,10
3907,113,98,15,15
3908,88,89,-1,1
3909,93,90,3,3
3910,62,76,-14,14
3911,59,73,-14,14
3912,104,102,2,2
3913,133,124,9,9
3914,66,77,-11,11
3915,90,103,-13,13
3916,98,95,3,3
3917,181,138,43,43
3918,68,67,1,1
3919,81,81,0,0
3920,148,137,11,11
3921,92,83,9,9
3922,109,103,6,6
3923,176,163,13,13
3924,236,198,38,38
3925,112,103,9,9
3926,74,82,-8,8
3927,82,75,7,7
3928,78,78,0,0
3929,83,86,-3,3
3930,89,90,-1,1
3931,95,97,-2,2
3932,177,157,20,20
3933,53,68,-15,15
3934,94,103,-9,9
3935,104,102,2,2
3936,63,70,-7,7
3937,94,89,5,5
3938,95,91,4,4
3939,122,113,9,9
3940,135,125,10,10
3941,170,143,27,27
3942,104,114,-10,10
3943,153,129,24,24
3944,70,95,-25,25
3945,124,110,14,14
3946,81,79,2,2
3947,143,132,11,11
3948,86,100,-14,14
3949,87,83,4,4
3950,92,92,0,0
3951,111,105,6,6
3952,73,80,-7,7
3953,83,75,8,8
3954,117,111,6,6
3955,92,88,4,4
3956,70,80,-10,10
3957,107,102,5,5
3958,62,71,-9,9
3959,96,94,2,2
3960,93,93,0,0
3961,50,58,-8,8
3962,61,63,-2,2
3963,118,117,1,1
3964,117,111,6,6
3965,116,105,11,11
3966,183,160,23,23
3967,56,67,-11,11
3968,67,69,-2,2
3969,81,79,2,2
3970,117,107,10,10
3971,98,91,7,7
3972,63,63,0,0
3973,62,68,-6,6
3974,84,91,-7,7
3975,156,147,9,9
3976,105,97,8,8
3977,89,80,9,9
3978,132,131,1,1
3979,106,106,0,0
3980,111,110,1,1
3981,150,148,2,2
3982,95,102,-7,7
3983,20,33,-13,13
3984,99,101,-2,2
3985,103,100,3,3
3986,73,90,-17,17
3987,83,88,-5,5
3988,69,70,-1,1
3989,130,125,5,5
3990,106,103,3,3
3991,104,87,17,17
3992,125,126,-1,1
3993,121,101,20,20
3994,190,175,15,15
3995,116,115,1,1
3996,87,104,-17,17
3997,71,75,-4,4
3998,71,83,-12,12
3999,146,145,1,1
4000,97,96,1,1
4001,98,94,4,4
4002,127,124,3,3
4003,74,77,-3,3
4004,47,50,-3,3
4005,92,89,3,3
4006,82,78,4,4
4007,118,113,5,5
4008,137,114,23,23
4009,101,100,1,1
4010,51,62,-11,11
4011,88,98,-10,10
4012,177,148,29,29
4013,82,78,4,4
4014,90,90,0,0
4015,99,93,6,6
4016,83,88,-5,5
4017,104,101,3,3
4018,83,77,6,6
4019,57,66,-9,9
4020,155,143,12,12
4021,107,101,6,6
4022,72,80,-8,8
4023,72,68,4,4
4024,102,99,3,3
4025,90,87,3,3
4026,111,103,8,8
4027,123,109,14,14
4028,46,55,-9,9
4029,81,86,-5,5
4030,95,82,13,13
4031,125,115,10,10
4032,105,95,10,10
4033,74,75,-1,1
4034,166,142,24,24
4035,96,98,-2,2
4036,70,71,-1,1
4037,56,45,11,11
4038,66,68,-2,2
4039,85,85,0,0
4040,46,53,-7,7
4041,47,69,-22,22
4042,68,76,-8,8
4043,130,124,6,6
4044,141,133,8,8
4045,95,98,-3,3
4046,111,100,11,11
4047,50,60,-10,10
4048,111,114,-3,3
4049,100,103,-3,3
4050,72,71,1,1
4051,80,85,-5,5
4052,120,107,13,13
4053,180,158,22,22
4054,39,50,-11,11
4055,103,111,-8,8
4056,95,95,0,0
4057,146,148,-2,2
4058,110,104,6,6
4059,48,38,10,10
4060,83,103,-20,20
4061,66,80,-14,14
4062,86,94,-8,8
4063,79,80,-1,1
4064,113,115,-2,2
4065,114,105,9,9
4066,86,78,8,8
4067,165,151,14,14
4068,69,82,-13,13
4069,124,123,1,1
4070,103,109,-6,6
4071,76,60,16,16
4072,118,116,2,2
4073,157,143,14,14
4074,107,103,4,4
4075,170,142,28,28
4076,58,64,-6,6
4077,59,68,-9,9
4078,124,110,14,14
4079,142,119,23,23
4080,105,116,-11,11
4081,116,111,5,5
4082,140,133,7,7
4083,92,87,5,5
4084,130,129,1,1
4085,113,108,5,5
4086,129,133,-4,4
4087,73,85,-12,12
4088,100,98,2,2
4089,87,97,-10,10
4090,75,71,4,4
4091,87,94,-7,7
4092,113,99,14,14
4093,64,72,-8,8
4094,83,81,2,2
4095,75,77,-2,2
4096,124,125,-1,1
4097,87,89,-2,2
4098,63,73,-10,10
4099,78,77,1,1
4100,86,89,-3,3
4101,104,109,-5,5
4102,95,97,-2,2
4103,119,123,-4,4
4104,99,103,-4,4
4105,54,66,-12,12
4106,73,78,-5,5
4107,71,74,-3,3
4108,83,86,-3,3
4109,182,150,32,32
4110,74,85,-11,11
4111,133,124,9,9
4112,80,80,0,0
4113,98,104,-6,6
4114,98,98,0,0
4115,96,92,4,4
4116,84,72,12,12
4117,199,191,8,8
4118,153,136,17,17
4119,121,129,-8,8
4120,104,110,-6,6
4121,79,85,-6,6
4122,109,93,16,16
4123,74,81,-7,7
4124,48,61,-13,13
4125,127,120,7,7
4126,77,83,-6,6
4127,57,72,-15,15
4128,88,85,3,3
4129,76,70,6,6
4130,120,114,6,6
4131,86,90,-4,4
4132,62,71,-9,9
4133,60,63,-3,3
4134,83,83,0,0
4135,90,93,-3,3
4136,69,74,-5,5
4137,65,75,-10,10
4138,97,91,6,6
4139,107,103,4,4
4140,131,129,2,2
4141,118,107,11,11
4142,107,119,-12,12
4143,72,79,-7,7
4144,153,143,10,10
4145,83,82,1,1
4146,55,66,-11,11
4147,106,105,1,1
4148,97,104,-7,7
4149,176,158,18,18
4150,139,123,16,16
4151,84,96,-12,12
4152,112,103,9,9
4153,58,69,-11,11
4154,119,114,5,5
4155,75,80,-5,5
4156,155,147,8,8
4157,71,66,5,5
4158,150,132,18,18
4159,94,93,1,1
4160,54,66,-12,12
4161,70,76,-6,6
4162,125,114,11,11
4163,36,29,7,7
4164,78,83,-5,5
4165,96,92,4,4
4166,100,96,4,4
4167,106,101,5,5
4168,129,115,14,14
4169,39,48,-9,9
4170,44,53,-9,9
4171,97,97,0,0
4172,80,90,-10,10
4173,52,57,-5,5
4174,102,100,2,2
4175,101,95,6,6
4176,90,89,1,1
4177,151,141,10,10
4178,82,79,3,3
4179,117,111,6,6
4180,63,81,-18,18
4181,135,127,8,8
4182,71,72,-1,1
4183,96,106,-10,10
4184,123,116,7,7
4185,75,76,-1,1
4186,60,70,-10,10
4187,103,104,-1,1
4188,59,66,-7,7
4189,116,118,-2,2
4190,92,90,2,2
4191,76,67,9,9
4192,53,52,1,1
4193,107,110,-3,3
4194,70,75,-5,5
4195,101,97,4,4
4196,88,83,5,5
4197,84,87,-3,3
4198,26,54,-28,28
4199,107,108,-1,1
4200,121,119,2,2
4201,66,74,-8,8
4202,75,86,-11,11
4203,140,142,-2,2
4204,87,83,4,4
4205,57,56,1,1
4206,100,97,3,3
4207,183,156,27,27
4208,131,126,5,5
4209,98,124,-26,26
4210,70,79,-9,9
4211,80,80,0,0
4212,112,111,1,1
4213,164,160,4,4
4214,112,100,12,12
4215,49,57,-8,8
4216,69,79,-10,10
4217,64,81,-17,17
4218,78,86,-8,8
4219,116,122,-6,6
4220,113,104,9,9
4221,123,119,4,4
4222,101,107,-6,6
4223,100,106,-6,6
4224,84,82,2,2
4225,114,109,5,5
4226,109,101,8,8
4227,52,56,-4,4
4228,115,105,10,10
4229,106,105,1,1
4230,93,89,4,4
4231,69,77,-8,8
4232,149,137,12,12
4233,87,84,3,3
4234,103,99,4,4
4235,106,110,-4,4
4236,76,93,-17,17
4237,124,127,-3,3
4238,115,118,-3,3
4239,82,80,2,2
4240,152,149,3,3
4241,138,128,10,10
4242,196,171,25,25
4243,133,114,19,19
4244,146,136,10,10
4245,105,108,-3,3
4246,92,100,-8,8
4247,71,72,-1,1
4248,97,102,-5,5
4249,70,74,-4,4
4250,107,113,-6,6
4251,80,85,-5,5
4252,63,80,-17,17
4253,75,73,2,2
4254,75,78,-3,3
4255,75,80,-5,5
4256,104,95,9,9
4257,152,135,17,17
4258,71,73,-2,2
4259,107,102,5,5
4260,161,142,19,19
4261,71,79,-8,8
4262,91,87,4,4
4263,98,90,8,8
4264,108,106,2,2
4265,78,74,4,4
4266,116,114,2,2
4267,108,96,12,12
4268,81,82,-1,1
4269,65,78,-13,13
4270,111,110,1,1
4271,70,71,-1,1
4272,55,63,-8,8
4273,102,97,5,5
4274,102,104,-2,2
4275,56,64,-8,8
4276,100,89,11,11
4277,47,50,-3,3
4278,145,133,12,12
4279,108,101,7,7
4280,143,133,10,10
4281,123,117,6,6
4282,172,155,17,17
4283,60,70,-10,10
4284,105,100,5,5
4285,46,43,3,3
4286,80,73,7,7
4287,114,114,0,0
4288,189,177,12,12
4289,82,77,5,5
4290,126,123,3,3
4291,157,137,20,20
4292,147,161,-14,14
4293,27,58,-31,31
4294,79,79,0,0
4295,75,77,-2,2
4296,65,66,-1,1
4297,68,69,-1,1
4298,126,119,7,7
4299,133,120,13,13
4300,101,95,6,6
4301,80,80,0,0
4302,103,95,8,8
4303,95,92,3,3
4304,103,104,-1,1
4305,113,108,5,5
4306,42,41,1,1
4307,85,89,-4,4
4308,82,84,-2,2
4309,104,103,1,1
4310,85,77,8,8
4311,107,89,18,18
4312,78,76,2,2
4313,66,71,-5,5
4314,108,103,5,5
4315,90,98,-8,8
4316,88,91,-3,3
4317,59,67,-8,8
4318,79,73,6,6
4319,69,75,-6,6
4320,135,129,6,6
4321,96,109,-13,13
4322,148,141,7,7
4323,31,38,-7,7
4324,65,85,-20,20
4325,86,84,2,2
4326,47,50,-3,3
4327,83,85,-2,2
4328,170,168,2,2
4329,63,68,-5,5
4330,110,105,5,5
4331,182,156,26,26
4332,141,135,6,6
4333,94,97,-3,3
4334,81,83,-2,2
4335,87,90,-3,3
4336,131,124,7,7
4337,117,104,13,13
4338,64,66,-2,2
4339,150,162,-12,12
4340,93,99,-6,6
4341,88,88,0,0
4342,90,93,-3,3
4343,86,87,-1,1
4344,96,106,-10,10
4345,173,151,22,22
4346,104,103,1,1
4347,44,59,-15,15
4348,81,74,7,7
4349,71,70,1,1
4350,77,69,8,8
4351,82,78,4,4
4352,196,172,24,24
4353,126,117,9,9
4354,100,99,1,1
4355,159,143,16,16
4356,61,76,-15,15
4357,54,61,-7,7
4358,73,75,-2,2
4359,73,81,-8,8
4360,88,85,3,3
4361,136,129,7,7
4362,94,95,-1,1
4363,164,166,-2,2
4364,100,105,-5,5
4365,126,116,10,10
4366,50,55,-5,5
4367,79,84,-5,5
4368,94,110,-16,16
4369,110,116,-6,6
4370,144,135,9,9
4371,62,60,2,2
4372,92,95,-3,3
4373,59,66,-7,7
4374,279,224,55,55
4375,149,135,14,14
4376,61,79,-18,18
4377,72,88,-16,16
4378,64,68,-4,4
4379,142,132,10,10
4380,56,60,-4,4
4381,140,138,2,2
4382,221,185,36,36
4383,111,99,12,12
4384,93,88,5,5
4385,110,109,1,1
4386,83,79,4,4
4387,65,76,-11,11
4388,154,146,8,8
4389,92,92,0,0
4390,144,128,16,16
4391,102,101,1,1
4392,131,121,10,10
4393,98,93,5,5
4394,104,100,4,4
4395,95,101,-6,6
4396,108,112,-4,4
4397,89,88,1,1
4398,139,141,-2,2
4399,116,108,8,8
4400,58,65,-7,7
4401,140,137,3,3
4402,89,89,0,0
4403,103,102,1,1
4404,67,87,-20,20
4405,62,66,-4,4
4406,162,153,9,9
4407,77,76,1,1
4408,99,102,-3,3
4409,92,80,12,12
4410,105,107,-2,2
4411,99,94,5,5
4412,82,95,-13,13
4413,139,125,14,14
4414,99,94,5,5
4415,82,85,-3,3
4416,95,100,-5,5
4417,101,100,1,1
4418,85,87,-2,2
4419,102,99,3,3
4420,133,130,3,3
4421,76,76,0,0
4422,126,121,5,5
4423,101,99,2,2
4424,119,104,15,15
4425,152,149,3,3
4426,136,117,19,19
4427,87,88,-1,1
4428,116,105,11,11
4429,60,69,-9,9
4430,96,98,-2,2
4431,76,85,-9,9
4432,128,119,9,9
4433,85,88,-3,3
4434,84,89,-5,5
4435,153,133,20,20
4436,72,69,3,3
4437,73,72,1,1
4438,108,94,14,14
4439,73,73,0,0
4440,94,92,2,2
4441,86,83,3,3
4442,89,83,6,6
4443,56,63,-7,7
4444,195,171,24,24
4445,70,72,-2,2
4446,64,69,-5,5
4447,96,89,7,7
4448,103,106,-3,3
4449,131,120,11,11
4450,93,92,1,1
4451,122,121,1,1
4452,54,61,-7,7
4453,67,79,-12,12
4454,66,66,0,0
4455,110,110,0,0
4456,108,103,5,5
4457,119,119,0,0
4458,80,73,7,7
4459,60,69,-9,9
4460,88,88,0,0
4461,123,107,16,16
4462,59,66,-7,7
4463,103,95,8,8
4464,93,91,2,2
4465,90,87,3,3
4466,157,146,11,11
4467,94,90,4,4
4468,79,83,-4,4
4469,131,128,3,3
4470,50,58,-8,8
4471,111,104,7,7
4472,106,106,0,0
4473,104,102,2,2
4474,94,101,-7,7
4475,71,69,2,2
4476,168,144,24,24
4477,102,113,-11,11
4478,58,68,-10,10
4479,49,57,-8,8
4480,96,90,6,6
4481,74,80,-6,6
4482,135,129,6,6
4483,171,151,20,20
4484,70,75,-5,5
4485,118,120,-2,2
4486,90,81,9,9
4487,101,115,-14,14
4488,97,97,0,0
4489,107,98,9,9
4490,87,86,1,1
4491,43,51,-8,8
4492,79,78,1,1
4493,106,98,8,8
4494,39,40,-1,1
4495,178,152,26,26
4496,74,84,-10,10
4497,36,45,-9,9
4498,68,73,-5,5
4499,114,106,8,8
4500,80,86,-6,6
4501,109,119,-10,10
4502,128,116,12,12
4503,87,103,-16,16
4504,110,108,2,2
4505,100,95,5,5
4506,128,130,-2,2
4507,136,127,9,9
4508,129,124,5,5
4509,122,121,1,1
4510,102,99,3,3
4511,109,106,3,3
4512,58,66,-8,8
4513,122,115,7,7
4514,90,89,1,1
4515,57,55,2,2
4516,107,104,3,3
4517,168,154,14,14
4518,98,100,-2,2
4519,120,109,11,11
4520,74,78,-4,4
4521,88,85,3,3
4522,96,89,7,7
4523,64,75,-11,11
4524,55,64,-9,9
4525,94,94,0,0
4526,148,127,21,21
4527,92,104,-12,12
4528,95,105,-10,10
4529,110,105,5,5
4530,83,79,4,4
4531,139,129,10,10
4532,108,95,13,13
4533,78,80,-2,2
4534,78,81,-3,3
4535,98,96,2,2
4536,104,103,1,1
4537,68,69,-1,1
4538,103,107,-4,4
4539,66,57,9,9
4540,100,99,1,1
4541,123,117,6,6
4542,74,92,-18,18
4543,136,121,15,15
4544,47,53,-6,6
4545,92,94,-2,2
4546,122,113,9,9
4547,125,124,1,1
4548,122,107,15,15
4549,61,65,-4,4
4550,82,103,-21,21
4551,112,106,6,6
4552,48,47,1,1
4553,146,146,0,0
4554,67,67,0,0
4555,115,111,4,4
4556,165,160,5,5
4557,87,94,-7,7
4558,40,48,-8,8
4559,55,60,-5,5
4560,127,115,12,12
4561,70,75,-5,5
4562,99,104,-5,5
4563,45,59,-14,14
4564,95,92,3,3
4565,80,82,-2,2
4566,47,57,-10,10
4567,99,111,-12,12
4568,118,116,2,2
4569,104,105,-1,1
4570,75,76,-1,1
4571,90,90,0,0
4572,82,83,-1,1
4573,163,139,24,24
4574,93,88,5,5
4575,166,167,-1,1
4576,69,75,-6,6
4577,122,130,-8,8
4578,148,142,6,6
4579,56,62,-6,6
4580,66,67,-1,1
4581,83,92,-9,9
4582,63,69,-6,6
4583,108,104,4,4
4584,123,107,16,16
4585,161,163,-2,2
4586,83,106,-23,23
4587,49,53,-4,4
4588,78,80,-2,2
4589,101,103,-2,2
4590,38,37,1,1
4591,98,93,5,5
4592,174,149,25,25
4593,75,99,-24,24
4594,56,64,-8,8
4595,138,126,12,12
4596,38,37,1,1
4597,51,61,-10,10
4598,69,68,1,1
4599,98,98,0,0
4600,87,87,0,0
4601,88,86,2,2
4602,156,151,5,5
4603,140,130,10,10
4604,92,99,-7,7
4605,49,60,-11,11
4606,82,88,-6,6
4607,217,213,4,4
4608,99,100,-1,1
4609,110,103,7,7
4610,79,84,-5,5
4611,69,67,2,2
4612,87,78,9,9
4613,84,83,1,1
4614,77,75,2,2
4615,78,75,3,3
4616,100,103,-3,3
4617,112,106,6,6
4618,130,121,9,9
4619,137,118,19,19
4620,125,113,12,12
4621,86,90,-4,4
4622,152,136,16,16
4623,96,103,-7,7
4624,111,112,-1,1
4625,99,105,-6,6
4626,56,59,-3,3
4627,211,195,16,16
4628,109,113,-4,4
4629,137,128,9,9
4630,74,80,-6,6
4631,120,120,0,0
4632,81,88,-7,7
4633,71,80,-9,9
4634,88,85,3,3
4635,111,104,7,7
4636,197,178,19,19
4637,85,81,4,4
4638,112,111,1,1
4639,44,68,-24,24
4640,86,89,-3,3
4641,72,83,-11,11
4642,59,66,-7,7
4643,82,96,-14,14
4644,69,73,-4,4
4645,91,88,3,3
4646,142,138,4,4
4647,84,70,14,14
4648,81,85,-4,4
4649,101,101,0,0
4650,190,158,32,32
4651,107,101,6,6
4652,119,122,-3,3
4653,77,76,1,1
4654,152,140,12,12
4655,64,55,9,9
4656,77,80,-3,3
4657,51,53,-2,2
4658,77,83,-6,6
4659,84,91,-7,7
4660,60,65,-5,5
4661,107,102,5,5
4662,87,101,-14,14
4663,116,124,-8,8
4664,160,136,24,24
4665,116,113,3,3
4666,84,82,2,2
4667,113,115,-2,2
4668,105,108,-3,3
4669,55,52,3,3
4670,91,92,-1,1
4671,113,102,11,11
4672,62,63,-1,1
4673,75,77,-2,2
4674,45,55,-10,10
4675,177,154,23,23
4676,131,135,-4,4
4677,112,110,2,2
4678,127,128,-1,1
4679,146,120,26,26
4680,138,133,5,5
4681,93,99,-6,6
4682,65,74,-9,9
4683,168,162,6,6
4684,112,121,-9,9
4685,149,134,15,15
4686,140,138,2,2
4687,94,95,-1,1
4688,141,129,12,12
4689,75,83,-8,8
4690,134,123,11,11
4691,95,88,7,7
4692,119,103,16,16
4693,95,102,-7,7
4694,65,70,-5,5
4695,95,100,-5,5
4696,97,101,-4,4
4697,132,126,6,6
4698,87,87,0,0
4699,124,117,7,7
4700,115,112,3,3
4701,45,54,-9,9
4702,110,102,8,8
4703,57,63,-6,6
4704,126,104,22,22
4705,50,55,-5,5
4706,132,129,3,3
4707,71,71,0,0
4708,88,82,6,6
4709,91,102,-11,11
4710,79,80,-1,1
4711,47,48,-1,1
4712,103,109,-6,6
4713,38,45,-7,7
4714,68,64,4,4
4715,130,119,11,11
4716,157,148,9,9
4717,99,100,-1,1
4718,62,61,1,1
4719,79,78,1,1
4720,74,77,-3,3
4721,154,134,20,20
4722,36,62,-26,26
4723,81,85,-4,4
4724,69,68,1,1
4725,39,44,-5,5
4726,106,104,2,2
4727,141,127,14,14
4728,71,74,-3,3
4729,108,104,4,4
4730,142,131,11,11
4731,43,51,-8,8
4732,109,113,-4,4
4733,72,76,-4,4
4734,110,101,9,9
4735,84,95,-11,11
4736,88,87,1,1
4737,156,140,16,16
4738,106,113,-7,7
4739,160,148,12,12
4740,105,102,3,3
4741,231,190,41,41
4742,111,102,9,9
4743,53,65,-12,12
4744,124,127,-3,3
4745,105,103,2,2
4746,144,141,3,3
4747,83,90,-7,7
4748,81,85,-4,4
4749,96,95,1,1
4750,143,132,11,11
4751,118,109,9,9
4752,77,82,-5,5
4753,116,111,5,5
4754,116,80,36,36
4755,76,80,-4,4
4756,73,76,-3,3
4757,92,83,9,9
4758,89,84,5,5
4759,58,62,-4,4
4760,70,75,-5,5
4761,134,126,8,8
4762,73,85,-12,12
4763,139,126,13,13
4764,59,67,-8,8
4765,59,66,-7,7
4766,72,76,-4,4
4767,81,83,-2,2
4768,96,93,3,3
4769,190,162,28,28
4770,131,118,13,13
4771,188,178,10,10
4772,141,144,-3,3
4773,103,97,6,6
4774,65,79,-14,14
4775,86,83,3,3
4776,64,69,-5,5
4777,115,117,-2,2
4778,58,70,-12,12
4779,150,138,12,12
4780,70,79,-9,9
4781,91,92,-1,1
4782,104,100,4,4
4783,78,82,-4,4
4784,57,59,-2,2
4785,117,106,11,11
4786,82,83,-1,1
4787,50,59,-9,9
4788,76,83,-7,7
4789,64,69,-5,5
4790,140,131,9,9
4791,88,95,-7,7
4792,41,45,-4,4
4793,56,69,-13,13
4794,161,157,4,4
4795,107,95,12,12
4796,94,95,-1,1
4797,71,69,2,2
4798,163,141,22,22
4799,99,94,5,5
4800,30,31,-1,1
4801,99,89,10,10
4802,161,136,25,25
4803,82,86,-4,4
4804,92,88,4,4
4805,152,129,23,23
4806,131,111,20,20
4807,99,95,4,4
4808,50,52,-2,2
4809,80,87,-7,7
4810,99,99,0,0
4811,69,72,-3,3
4812,67,79,-12,12
4813,143,119,24,24
4814,68,74,-6,6
4815,65,77,-12,12
4816,94,93,1,1
4817,55,63,-8,8
4818,94,93,1,1
4819,45,56,-11,11
4820,140,131,9,9
4821,65,68,-3,3
4822,62,71,-9,9
4823,94,101,-7,7
4824,129,120,9,9
4825,123,121,2,2
4826,80,80,0,0
4827,86,82,4,4
4828,112,113,-1,1
4829,89,87,2,2
4830,72,76,-4,4
4831,65,71,-6,6
4832,90,94,-4,4
4833,71,83,-12,12
4834,107,111,-4,4
4835,140,132,8,8
4836,57,65,-8,8
4837,104,103,1,1
4838,56,69,-13,13
4839,103,103,0,0
4840,104,103,1,1
4841,78,81,-3,3
4842,126,117,9,9
4843,101,96,5,5
4844,85,90,-5,5
4845,72,71,1,1
4846,57,64,-7,7
4847,51,65,-14,14
4848,102,105,-3,3
4849,85,89,-4,4
4850,71,71,0,0
4851,87,82,5,5
4852,74,78,-4,4
4853,104,103,1,1
4854,102,104,-2,2
4855,181,154,27,27
4856,130,125,5,5
4857,75,88,-13,13
4858,102,103,-1,1
4859,56,68,-12,12
4860,72,77,-5,5
4861,90,96,-6,6
4862,66,76,-10,10
4863,82,81,1,1
4864,139,150,-11,11
4865,97,84,13,13
4866,83,84,-1,1
4867,71,84,-13,13
4868,81,76,5,5
4869,80,76,4,4
4870,152,142,10,10
4871,54,61,-7,7
4872,51,60,-9,9
4873,142,122,20,20
4874,134,135,-1,1
4875,253,240,13,13
4876,85,101,-16,16
4877,274,222,52,52
4878,180,154,26,26
4879,85,88,-3,3
4880,68,77,-9,9
4881,126,117,9,9
4882,147,135,12,12
4883,67,72,-5,5
4884,58,69,-11,11
4885,146,139,7,7
4886,170,167,3,3
4887,80,88,-8,8
4888,117,113,4,4
4889,72,75,-3,3
4890,52,63,-11,11
4891,92,95,-3,3
4892,88,88,0,0
4893,106,105,1,1
4894,93,89,4,4
4895,151,143,8,8
4896,90,87,3,3
4897,71,72,-1,1
4898,63,74,-11,11
4899,171,145,26,26
4900,83,71,12,12
4901,125,113,12,12
4902,123,109,14,14
4903,119,113,6,6
4904,100,95,5,5
4905,97,105,-8,8
4906,82,79,3,3
4907,104,108,-4,4
4908,84,84,0,0
4909,133,127,6,6
4910,66,74,-8,8
4911,328,266,62,62
4912,66,69,-3,3
4913,129,119,10,10
4914,60,61,-1,1
4915,107,119,-12,12
4916,88,83,5,5
4917,92,107,-15,15
4918,97,84,13,13
4919,95,96,-1,1
4920,176,149,27,27
4921,93,94,-1,1
4922,124,124,0,0
4923,80,77,3,3
4924,117,110,7,7
4925,92,85,7,7
4926,137,115,22,22
4927,160,148,12,12
4928,114,107,7,7
4929,78,73,5,5
4930,73,77,-4,4
4931,62,63,-1,1
4932,85,89,-4,4
4933,52,66,-14,14
4934,53,61,-8,8
4935,98,78,20,20
4936,92,97,-5,5
4937,100,103,-3,3
4938,114,109,5,5
4939,139,133,6,6
4940,76,80,-4,4
4941,119,111,8,8
4942,41,53,-12,12
4943,53,55,-2,2
4944,268,257,11,11
4945,66,67,-1,1
4946,130,115,15,15
4947,115,112,3,3
4948,157,151,6,6
4949,50,62,-12,12
4950,75,79,-4,4
4951,79,77,2,2
4952,85,84,1,1
4953,42,71,-29,29
4954,85,84,1,1
4955,95,95,0,0
4956,72,84,-12,12
4957,90,99,-9,9
4958,81,80,1,1
4959,109,109,0,0
4960,146,145,1,1
4961,131,117,14,14
4962,138,123,15,15
4963,32,45,-13,13
4964,86,88,-2,2
4965,76,79,-3,3
4966,73,86,-13,13
4967,132,124,8,8
4968,136,130,6,6
4969,36,47,-11,11
4970,40,56,-16,16
4971,62,66,-4,4
4972,99,105,-6,6
4973,63,78,-15,15
4974,90,82,8,8
4975,63,79,-16,16
4976,63,71,-8,8
4977,73,85,-12,12
4978,73,78,-5,5
4979,120,122,-2,2
4980,161,144,17,17
4981,74,78,-4,4
4982,74,70,4,4
4983,49,58,-9,9
4984,157,135,22,22
4985,123,115,8,8
4986,91,85,6,6
4987,115,100,15,15
4988,85,88,-3,3
4989,66,74,-8,8
4990,102,99,3,3
4991,98,96,2,2
4992,100,94,6,6
4993,105,118,-13,13
4994,84,96,-12,12
4995,95,89,6,6
4996,108,97,11,11
4997,62,61,1,1
4998,116,113,3,3
4999,79,75,4,4
5000,73,70,3,3
5001,50,63,-13,13
5002,97,90,7,7
5003,145,126,19,19
5004,152,132,20,20
5005,134,123,11,11
5006,110,100,10,10
5007,114,109,5,5
5008,72,71,1,1
5009,113,105,8,8
5010,58,74,-16,16
5011,50,51,-1,1
5012,29,27,2,2
5013,71,71,0,0
5014,90,96,-6,6
5015,140,130,10,10
5016,123,116,7,7
5017,131,124,7,7
5018,50,56,-6,6
5019,82,83,-1,1
5020,77,84,-7,7
5021,98,90,8,8
5022,83,76,7,7
5023,88,81,7,7
5024,122,106,16,16
5025,87,85,2,2
5026,107,105,2,2
5027,75,84,-9,9
5028,89,92,-3,3
5029,124,125,-1,1
5030,105,105,0,0
5031,62,62,0,0
5032,125,108,17,17
5033,94,90,4,4
5034,91,95,-4,4
5035,74,88,-14,14
5036,82,94,-12,12
5037,60,64,-4,4
5038,69,73,-4,4
5039,132,123,9,9
5040,76,77,-1,1
5041,169,157,12,12
5042,101,101,0,0
5043,167,154,13,13
5044,79,82,-3,3
5045,78,88,-10,10
5046,61,64,-3,3
5047,137,119,18,18
5048,116,103,13,13
5049,77,85,-8,8
5050,76,81,-5,5
5051,157,155,2,2
5052,90,104,-14,14
5053,79,74,5,5
5054,131,113,18,18
5055,118,105,13,13
5056,110,98,12,12
5057,151,132,19,19
5058,159,150,9,9
5059,95,99,-4,4
5060,78,80,-2,2
5061,107,111,-4,4
5062,131,123,8,8
5063,87,94,-7,7
5064,42,49,-7,7
5065,66,73,-7,7
5066,101,102,-1,1
5067,140,129,11,11
5068,66,66,0,0
5069,43,51,-8,8
5070,100,97,3,3
5071,120,103,17,17
5072,76,65,11,11
5073,121,125,-4,4
5074,78,82,-4,4
5075,121,116,5,5
5076,51,63,-12,12
5077,101,106,-5,5
5078,136,129,7,7
5079,107,114,-7,7
5080,106,105,1,1
5081,116,106,10,10
5082,89,91,-2,2
5083,65,72,-7,7
5084,154,138,16,16
5085,130,116,14,14
5086,98,88,10,10
5087,75,92,-17,17
5088,81,84,-3,3
5089,82,88,-6,6
5090,86,92,-6,6
5091,93,96,-3,3
5092,73,81,-8,8
5093,76,84,-8,8
5094,166,156,10,10
5095,98,95,3,3
5096,120,105,15,15
5097,67,73,-6,6
5098,81,82,-1,1
5099,170,157,13,13
5100,40,56,-16,16
5101,101,98,3,3
5102,80,80,0,0
5103,121,103,18,18
5104,58,61,-3,3
5105,115,104,11,11
5106,63,67,-4,4
5107,87,90,-3,3
5108,148,147,1,1
5109,102,101,1,1
5110,79,78,1,1
5111,118,106,12,12
5112,92,94,-2,2
5113,110,108,2,2
5114,131,125,6,6
5115,139,143,-4,4
5116,68,81,-13,13
5117,122,121,1,1
5118,140,127,13,13
5119,124,116,8,8
5120,103,90,13,13
5121,59,76,-17,17
5122,80,85,-5,5
5123,131,120,11,11
5124,104,96,8,8
5125,155,137,18,18
5126,89,90,-1,1
5127,68,86,-18,18
5128,79,83,-4,4
5129,110,105,5,5
5130,54,59,-5,5
5131,121,130,-9,9
5132,101,104,-3,3
5133,109,111,-2,2
5134,100,96,4,4
5135,132,125,7,7
5136,71,79,-8,8
5137,89,88,1,1
5138,92,93,-1,1
5139,91,89,2,2
5140,117,105,12,12
5141,100,97,3,3
5142,118,104,14,14
5143,160,132,28,28
5144,121,109,12,12
5145,88,95,-7,7
5146,152,144,8,8
5147,56,62,-6,6
5148,51,74,-23,23
5149,110,94,16,16
5150,79,84,-5,5
5151,68,83,-15,15
5152,52,60,-8,8
5153,129,129,0,0
5154,81,78,3,3
5155,39,49,-10,10
5156,55,109,-54,54
5157,53,61,-8,8
5158,92,95,-3,3
5159,72,78,-6,6
5160,103,103,0,0
5161,141,124,17,17
5162,82,88,-6,6
5163,69,75,-6,6
5164,168,153,15,15
5165,65,71,-6,6
5166,76,83,-7,7
5167,104,101,3,3
5168,89,89,0,0
5169,101,105,-4,4
5170,53,67,-14,14
5171,105,97,8,8
5172,90,82,8,8
5173,116,109,7,7
5174,137,129,8,8
5175,126,111,15,15
5176,43,44,-1,1
5177,65,77,-12,12
5178,76,78,-2,2
5179,104,97,7,7
5180,88,85,3,3
5181,75,75,0,0
5182,82,85,-3,3
5183,40,72,-32,32
5184,77,76,1,1
5185,66,72,-6,6
5186,154,136,18,18
5187,86,82,4,4
5188,112,116,-4,4
5189,93,95,-2,2
5190,130,142,-12,12
5191,177,158,19,19
5192,148,132,16,16
5193,80,84,-4,4
5194,58,58,0,0
5195,115,106,9,9
5196,118,109,9,9
5197,66,65,1,1
5198,161,145,16,16
5199,80,88,-8,8
5200,105,99,6,6
5201,56,58,-2,2
5202,66,69,-3,3
5203,93,93,0,0
5204,105,99,6,6
5205,96,91,5,5
5206,62,68,-6,6
5207,68,77,-9,9
5208,83,80,3,3
5209,110,104,6,6
5210,109,110,-1,1
5211,147,131,16,16
5212,68,67,1,1
5213,121,108,13,13
5214,128,130,-2,2
5215,136,132,4,4
5216,110,103,7,7
5217,84,80,4,4
5218,93,92,1,1
5219,68,78,-10,10
5220,88,91,-3,3
5221,89,95,-6,6
5222,134,132,2,2
5223,128,121,7,7
5224,79,83,-4,4
5225,66,71,-5,5
5226,58,56,2,2
5227,58,77,-19,19
5228,69,72,-3,3
5229,56,59,-3,3
5230,85,88,-3,3
5231,73,77,-4,4
5232,97,92,5,5
5233,100,86,14,14
5234,82,74,8,8
5235,65,71,-6,6
5236,90,94,-4,4
5237,66,83,-17,17
5238,58,62,-4,4
5239,62,98,-36,36
5240,50,57,-7,7
5241,84,83,1,1
5242,82,86,-4,4
5243,147,145,2,2
5244,91,83,8,8
5245,95,93,2,2
5246,121,115,6,6
5247,56,65,-9,9
5248,54,52,2,2
5249,103,102,1,1
5250,86,76,10,10
5251,85,80,5,5
5252,97,82,15,15
5253,92,82,10,10
5254,59,65,-6,6
5255,115,111,4,4
5256,116,110,6,6
5257,101,100,1,1
5258,120,98,22,22
5259,164,143,21,21
5260,55,54,1,1
5261,91,96,-5,5
5262,75,83,-8,8
5263,121,118,3,3
5264,57,62,-5,5
5265,38,56,-18,18
5266,92,85,7,7
5267,67,68,-1,1
5268,120,114,6,6
5269,83,83,0,0
5270,138,134,4,4
5271,169,148,21,21
5272,59,71,-12,12
5273,47,59,-12,12
5274,46,49,-3,3
5275,123,127,-4,4
5276,142,133,9,9
5277,80,88,-8,8
5278,31,43,-12,12
5279,128,123,5,5
5280,112,102,10,10
5281,98,104,-6,6
5282,55,64,-9,9
5283,110,97,13,13
5284,91,95,-4,4
5285,112,94,18,18
5286,115,110,5,5
5287,73,70,3,3
5288,106,101,5,5
5289,93,87,6,6
5290,166,157,9,9
5291,128,132,-4,4
5292,112,107,5,5
5293,89,86,3,3
5294,74,75,-1,1
5295,106,118,-12,12
5296,72,76,-4,4
5297,78,79,-1,1
5298,92,92,0,0
5299,140,127,13,13
5300,103,96,7,7
5301,102,110,-8,8
5302,63,78,-15,15
5303,169,150,19,19
5304,78,79,-1,1
5305,132,120,12,12
5306,50,44,6,6
5307,127,113,14,14
5308,138,110,28,28
5309,61,60,1,1
5310,87,91,-4,4
5311,109,111,-2,2
5312,77,80,-3,3
5313,92,103,-11,11
5314,84,81,3,3
5315,140,120,20,20
5316,79,86,-7,7
5317,87,84,3,3
5318,76,77,-1,1
5319,54,55,-1,1
5320,77,89,-12,12
5321,28,64,-36,36
5322,85,71,14,14
5323,41,49,-8,8
5324,78,85,-7,7
5325,117,106,11,11
5326,99,97,2,2
5327,130,126,4,4
5328,58,65,-7,7
5329,76,76,0,0
5330,72,78,-6,6
5331,72,74,-2,2
5332,130,116,14,14
5333,85,90,-5,5
5334,74,79,-5,5
5335,117,106,11,11
5336,105,110,-5,5
5337,114,110,4,4
5338,94,101,-7,7
5339,127,120,7,7
5340,100,94,6,6
5341,100,102,-2,2
5342,114,105,9,9
5343,137,142,-5,5
5344,141,127,14,14
5345,186,164,22,22
5346,49,56,-7,7
5347,71,77,-6,6
5348,144,136,8,8
5349,108,88,20,20
5350,102,90,12,12
5351,129,119,10,10
5352,123,112,11,11
5353,48,56,-8,8
5354,70,74,-4,4
5355,81,81,0,0
5356,72,79,-7,7
5357,76,80,-4,4
5358,114,124,-10,10
5359,130,120,10,10
5360,113,118,-5,5
5361,57,64,-7,7
5362,77,80,-3,3
5363,117,114,3,3
5364,79,78,1,1
5365,87,94,-7,7
5366,99,99,0,0
5367,211,187,24,24
5368,92,86,6,6
5369,119,109,10,10
5370,54,63,-9,9
5371,111,100,11,11
5372,67,71,-4,4
5373,185,175,10,10
5374,68,81,-13,13
5375,190,160,30,30
5376,124,115,9,9
5377,80,89,-9,9
5378,78,77,1,1
5379,92,104,-12,12
5380,70,71,-1,1
5381,51,71,-20,20
5382,89,88,1,1
5383,82,88,-6,6
5384,83,84,-1,1
5385,204,176,28,28
5386,114,107,7,7
5387,62,66,-4,4
5388,100,88,12,12
5389,143,151,-8,8
5390,89,87,2,2
5391,123,129,-6,6
5392,150,140,10,10
5393,135,110,25,25
5394,114,115,-1,1
5395,94,103,-9,9
5396,158,143,15,15
5397,58,71,-13,13
5398,94,104,-10,10
5399,59,63,-4,4
5400,81,95,-14,14
5401,70,72,-2,2
5402,79,81,-2,2
5403,49,58,-9,9
5404,85,82,3,3
5405,85,84,1,1
5406,55,58,-3,3
5407,97,99,-2,2
5408,95,95,0,0
5409,129,122,7,7
5410,53,63,-10,10
5411,109,108,1,1
5412,92,95,-3,3
5413,122,102,20,20
5414,102,103,-1,1
5415,98,106,-8,8
5416,68,79,-11,11
5417,108,98,10,10
5418,92,87,5,5
5419,95,92,3,3
5420,65,70,-5,5
5421,27,26,1,1
5422,62,69,-7,7
5423,109,104,5,5
5424,72,76,-4,4
5425,58,61,-3,3
5426,121,108,13,13
5427,101,95,6,6
5428,63,70,-7,7
5429,38,36,2,2
5430,145,138,7,7
5431,103,106,-3,3
5432,215,219,-4,4
5433,122,113,9,9
5434,90,97,-7,7
5435,67,70,-3,3
5436,98,103,-5,5
5437,106,111,-5,5
5438,119,117,2,2
5439,93,94,-1,1
5440,48,64,-16,16
5441,87,87,0,0
5442,108,110,-2,2
5443,72,68,4,4
5444,124,116,8,8
5445,114,113,1,1
5446,43,54,-11,11
5447,109,103,6,6
5448,99,104,-5,5
5449,116,106,10,10
5450,72,91,-19,19
5451,122,126,-4,4
5452,98,98,0,0
5453,144,146,-2,2
5454,78,73,5,5
5455,70,70,0,0
5456,114,107,7,7
5457,137,130,7,7
5458,113,104,9,9
5459,115,102,13,13
5460,85,86,-1,1
5461,63,63,0,0
5462,114,116,-2,2
5463,88,89,-1,1
5464,125,110,15,15
5465,116,114,2,2
5466,150,115,35,35
5467,78,81,-3,3
5468,75,75,0,0
5469,81,87,-6,6
5470,116,121,-5,5
5471,64,64,0,0
5472,93,95,-2,2
5473,96,89,7,7
5474,147,140,7,7
5475,77,80,-3,3
5476,139,133,6,6
5477,64,69,-5,5
5478,82,80,2,2
5479,70,71,-1,1
5480,142,136,6,6
5481,99,92,7,7
5482,64,71,-7,7
5483,80,88,-8,8
5484,69,66,3,3
5485,64,70,-6,6
5486,99,104,-5,5
5487,120,103,17,17
5488,80,78,2,2
5489,145,138,7,7
5490,161,148,13,13
5491,86,90,-4,4
5492,123,119,4,4
5493,91,88,3,3
5494,147,135,12,12
5495,92,89,3,3
5496,79,86,-7,7
5497,144,127,17,17
5498,72,75,-3,3
5499,91,101,-10,10
5500,162,150,12,12
5501,76,83,-7,7
5502,82,88,-6,6
5503,63,71,-8,8
5504,71,75,-4,4
5505,74,79,-5,5
5506,152,135,17,17
5507,102,102,0,0
5508,70,70,0,0
5509,46,54,-8,8
5510,85,99,-14,14
5511,81,85,-4,4
5512,85,86,-1,1
5513,108,96,12,12
5514,124,116,8,8
5515,81,85,-4,4
5516,97,123,-26,26
5517,137,134,3,3
5518,125,117,8,8
5519,90,95,-5,5
5520,83,84,-1,1
5521,89,93,-4,4
5522,124,110,14,14
5523,101,89,12,12
5524,103,103,0,0
5525,61,64,-3,3
5526,85,78,7,7
5527,102,105,-3,3
5528,83,97,-14,14
5529,91,96,-5,5
5530,131,108,23,23
5531,150,134,16,16
5532,107,104,3,3
5533,115,113,2,2
5534,126,118,8,8
5535,129,123,6,6
5536,95,90,5,5
5537,143,127,16,16
5538,115,114,1,1
5539,85,84,1,1
5540,164,147,17,17
5541,95,95,0,0
5542,137,139,-2,2
5543,121,114,7,7
5544,83,83,0,0
5545,115,119,-4,4
5546,154,153,1,1
5547,115,114,1,1
5548,88,82,6,6
5549,116,114,2,2
5550,119,98,21,21
5551,30,43,-13,13
5552,100,92,8,8
5553,132,132,0,0
5554,186,164,22,22
5555,82,87,-5,5
5556,176,138,38,38
5557,107,102,5,5
5558,89,83,6,6
5559,94,93,1,1
5560,51,50,1,1
5561,138,134,4,4
5562,78,81,-3,3
5563,59,66,-7,7
5564,58,62,-4,4
5565,67,70,-3,3
5566,79,76,3,3
5567,54,60,-6,6
5568,62,65,-3,3
5569,83,80,3,3
5570,75,81,-6,6
5571,115,109,6,6
5572,114,116,-2,2
5573,126,109,17,17
5574,88,102,-14,14
5575,69,68,1,1
5576,38,56,-18,18
5577,71,72,-1,1
5578,66,65,1,1
5579,62,68,-6,6
5580,75,71,4,4
5581,59,59,0,0
5582,97,104,-7,7
5583,81,96,-15,15
5584,69,83,-14,14
5585,81,78,3,3
5586,101,98,3,3
5587,97,91,6,6
5588,60,74,-14,14
5589,119,111,8,8
5590,113,131,-18,18
5591,130,112,18,18
5592,61,74,-13,13
5593,166,148,18,18
5594,51,58,-7,7
5595,140,131,9,9
5596,109,111,-2,2
5597,115,115,0,0
5598,112,105,7,7
5599,89,89,0,0
5600,65,68,-3,3
5601,97,98,-1,1
5602,81,91,-10,10
5603,59,63,-4,4
5604,52,56,-4,4
5605,74,86,-12,12
5606,76,81,-5,5
5607,111,80,31,31
5608,112,110,2,2
5609,66,72,-6,6
5610,96,94,2,2
5611,61,70,-9,9
5612,162,147,15,15
5613,120,109,11,11
5614,68,88,-20,20
5615,61,77,-16,16
5616,110,106,4,4
5617,114,118,-4,4
5618,41,49,-8,8
5619,63,58,5,5
5620,77,79,-2,2
5621,92,87,5,5
5622,80,79,1,1
5623,40,50,-10,10
5624,56,67,-11,11
5625,72,79,-7,7
5626,123,107,16,16
5627,77,78,-1,1
5628,107,106,1,1
5629,112,107,5,5
5630,72,80,-8,8
5631,99,103,-4,4
5632,118,111,7,7
5633,77,72,5,5
5634,139,129,10,10
5635,84,85,-1,1
5636,62,71,-9,9
5637,100,97,3,3
5638,80,81,-1,1
5639,91,95,-4,4
5640,113,104,9,9
5641,45,49,-4,4
5642,71,67,4,4
5643,122,106,16,16
5644,53,61,-8,8
5645,78,94,-16,16
5646,65,79,-14,14
5647,40,55,-15,15
5648,136,124,12,12
5649,120,110,10,10
5650,104,109,-5,5
5651,85,84,1,1
5652,89,86,3,3
5653,84,91,-7,7
5654,80,90,-10,10
5655,119,119,0,0
5656,105,103,2,2
5657,61,74,-13,13
5658,53,65,-12,12
5659,69,76,-7,7
5660,83,82,1,1
5661,122,108,14,14
5662,88,88,0,0
5663,88,81,7,7
5664,104,105,-1,1
5665,94,92,2,2
5666,133,127,6,6
5667,53,66,-13,13
5668,73,79,-6,6
5669,92,90,2,2
5670,92,89,3,3
5671,91,89,2,2
5672,82,87,-5,5
5673,87,92,-5,5
5674,135,124,11,11
5675,126,120,6,6
5676,94,90,4,4
5677,55,63,-8,8
5678,104,96,8,8
5679,127,120,7,7
5680,135,130,5,5
5681,145,128,17,17
5682,99,103,-4,4
5683,96,101,-5,5
5684,103,90,13,13
5685,32,40,-8,8
5686,74,79,-5,5
5687,109,96,13,13
5688,59,68,-9,9
5689,101,96,5,5
5690,69,69,0,0
5691,71,86,-15,15
5692,101,95,6,6
5693,129,128,1,1
5694,114,111,3,3
5695,73,76,-3,3
5696,179,152,27,27
5697,81,83,-2,2
5698,127,115,12,12
5699,129,126,3,3
5700,57,55,2,2
5701,50,59,-9,9
5702,80,69,11,11
5703,116,110,6,6
5704,93,87,6,6
5705,164,132,32,32
5706,43,54,-11,11
5707,96,104,-8,8
5708,88,79,9,9
5709,66,61,5,5
5710,97,102,-5,5
5711,86,88,-2,2
5712,83,92,-9,9
5713,87,88,-1,1
5714,61,70,-9,9
5715,81,85,-4,4
5716,164,150,14,14
5717,138,125,13,13
5718,115,118,-3,3
5719,86,86,0,0
5720,118,134,-16,16
5721,67,72,-5,5
5722,87,93,-6,6
5723,74,72,2,2
5724,51,58,-7,7
5725,67,67,0,0
5726,84,82,2,2
5727,94,89,5,5
5728,69,72,-3,3
5729,115,115,0,0
5730,48,51,-3,3
5731,77,75,2,2
5732,81,78,3,3
5733,110,114,-4,4
5734,74,90,-16,16
5735,54,66,-12,12
5736,84,85,-1,1
5737,70,78,-8,8
5738,64,70,-6,6
5739,80,89,-9,9
5740,78,74,4,4
5741,83,94,-11,11
5742,81,79,2,2
5743,34,40,-6,6
5744,149,154,-5,5
5745,50,55,-5,5
5746,57,62,-5,5
5747,75,79,-4,4
5748,139,120,19,19
5749,48,54,-6,6
5750,61,69,-8,8
5751,96,90,6,6
5752,64,66,-2,2
5753,90,93,-3,3
5754,81,80,1,1
5755,119,124,-5,5
5756,129,124,5,5
5757,111,114,-3,3
5758,79,84,-5,5
5759,107,102,5,5
5760,77,85,-8,8
5761,67,71,-4,4
5762,103,93,10,10
5763,60,66,-6,6
5764,115,114,1,1
5765,62,61,1,1
5766,71,80,-9,9
5767,67,81,-14,14
5768,46,53,-7,7
5769,52,59,-7,7
5770,55,59,-4,4
5771,95,89,6,6
5772,119,103,16,16
5773,156,156,0,0
5774,89,84,5,5
5775,130,109,21,21
5776,149,138,11,11
5777,53,73,-20,20
5778,103,97,6,6
5779,181,154,27,27
5780,88,88,0,0
5781,91,88,3,3
5782,79,73,6,6
5783,64,81,-17,17
5784,85,93,-8,8
5785,45,53,-8,8
5786,72,73,-1,1
5787,118,110,8,8
5788,54,56,-2,2
5789,98,96,2,2
5790,79,85,-6,6
5791,63,66,-3,3
5792,27,31,-4,4
5793,142,132,10,10
5794,67,69,-2,2
5795,146,135,11,11
5796,80,88,-8,8
5797,68,85,-17,17
5798,92,99,-7,7
5799,48,56,-8,8
5800,117,101,16,16
5801,98,98,0,0
5802,73,77,-4,4
5803,84,83,1,1
5804,95,90,5,5
5805,120,118,2,2
5806,151,155,-4,4
5807,50,53,-3,3
5808,93,90,3,3
5809,150,141,9,9
5810,65,80,-15,15
5811,76,80,-4,4
5812,69,71,-2,2
5813,91,89,2,2
5814,81,86,-5,5
5815,92,89,3,3
5816,127,138,-11,11
5817,100,94,6,6
5818,98,103,-5,5
5819,109,103,6,6
5820,69,78,-9,9
5821,94,103,-9,9
5822,156,138,18,18
5823,82,93,-11,11
5824,62,77,-15,15
5825,56,62,-6,6
5826,44,55,-11,11
5827,134,99,35,35
5828,75,74,1,1
5829,88,94,-6,6
5830,63,74,-11,11
5831,106,106,0,0
5832,121,108,13,13
5833,94,102,-8,8
5834,89,95,-6,6
5835,45,57,-12,12
5836,76,82,-6,6
5837,85,87,-2,2
5838,129,132,-3,3
5839,113,110,3,3
5840,127,118,9,9
5841,129,144,-15,15
5842,92,89,3,3
5843,60,60,0,0
5844,91,79,12,12
5845,90,85,5,5
5846,143,136,7,7
5847,79,79,0,0
5848,118,154,-36,36
5849,65,74,-9,9
5850,88,81,7,7
5851,102,103,-1,1
5852,67,72,-5,5
5853,104,98,6,6
5854,164,154,10,10
5855,145,135,10,10
5856,51,51,0,0
5857,35,39,-4,4
5858,125,118,7,7
5859,78,85,-7,7
5860,110,103,7,7
5861,133,127,6,6
5862,92,93,-1,1
5863,89,96,-7,7
5864,66,69,-3,3
5865,96,97,-1,1
5866,74,76,-2,2
5867,21,27,-6,6
5868,52,60,-8,8
5869,49,56,-7,7
5870,133,135,-2,2
5871,56,65,-9,9
5872,48,56,-8,8
5873,53,48,5,5
5874,86,91,-5,5
5875,81,95,-14,14
5876,139,135,4,4
5877,111,118,-7,7
5878,118,120,-2,2
5879,61,65,-4,4
5880,88,97,-9,9
5881,58,65,-7,7
5882,91,86,5,5
5883,110,106,4,4
5884,118,88,30,30
5885,109,99,10,10
5886,52,57,-5,5
5887,69,76,-7,7
5888,144,124,20,20
5889,87,85,2,2
5890,153,134,19,19
5891,49,63,-14,14
5892,106,107,-1,1
5893,85,87,-2,2
5894,95,92,3,3
5895,99,98,1,1
5896,154,147,7,7
5897,64,81,-17,17
5898,74,78,-4,4
5899,94,88,6,6
5900,83,66,17,17
5901,66,71,-5,5
5902,48,57,-9,9
5903,87,96,-9,9
5904,28,49,-21,21
5905,63,64,-1,1
5906,117,111,6,6
5907,169,154,15,15
5908,54,56,-2,2
5909,118,113,5,5
5910,77,76,1,1
5911,87,88,-1,1
5912,259,216,43,43
5913,116,118,-2,2
5914,141,132,9,9
5915,63,78,-15,15
5916,194,164,30,30
5917,58,70,-12,12
5918,117,113,4,4
5919,101,99,2,2
5920,128,122,6,6
5921,99,87,12,12
5922,122,108,14,14
5923,146,135,11,11
5924,117,102,15,15
5925,85,89,-4,4
5926,156,142,14,14
5927,85,84,1,1
5928,149,147,2,2
5929,62,71,-9,9
5930,133,129,4,4
5931,76,81,-5,5
5932,67,72,-5,5
5933,125,139,-14,14
5934,73,73,0,0
5935,106,92,14,14
5936,98,95,3,3
5937,113,109,4,4
5938,151,142,9,9
5939,91,88,3,3
5940,115,119,-4,4
5941,99,102,-3,3
5942,51,61,-10,10
5943,102,111,-9,9
5944,123,112,11,11
5945,71,69,2,2
5946,116,112,4,4
5947,118,112,6,6
5948,151,154,-3,3
5949,93,82,11,11
5950,77,81,-4,4
5951,52,57,-5,5
5952,88,85,3,3
5953,56,57,-1,1
5954,152,156,-4,4
5955,129,128,1,1
5956,75,85,-10,10
5957,98,99,-1,1
5958,149,144,5,5
5959,73,75,-2,2
5960,96,109,-13,13
5961,145,140,5,5
5962,88,82,6,6
5963,159,138,21,21
5964,178,155,23,23
5965,81,88,-7,7
5966,142,126,16,16
5967,97,91,6,6
5968,145,138,7,7
5969,91,90,1,1
5970,85,73,12,12
5971,87,78,9,9
5972,90,82,8,8
5973,68,72,-4,4
5974,94,91,3,3
5975,101,96,5,5
5976,92,80,12,12
5977,71,78,-7,7
5978,113,107,6,6
5979,102,100,2,2
5980,114,113,1,1
5981,97,97,0,0
5982,47,62,-15,15
5983,60,64,-4,4
5984,135,127,8,8
5985,58,61,-3,3
5986,206,170,36,36
5987,68,75,-7,7
5988,42,51,-9,9
5989,73,71,2,2
5990,83,80,3,3
5991,72,71,1,1
5992,111,81,30,30
5993,58,55,3,3
5994,130,132,-2,2
5995,111,107,4,4
5996,140,141,-1,1
5997,95,97,-2,2
5998,96,99,-3,3
5999,91,87,4,4
6000,79,79,0,0
6001,74,74,0,0
6002,169,147,22,22
6003,117,116,1,1
6004,78,63,15,15
6005,115,115,0,0
6006,44,50,-6,6
6007,103,115,-12,12
6008,78,90,-12,12
6009,49,54,-5,5
6010,126,124,2,2
6011,93,86,7,7
6012,140,135,5,5
6013,85,86,-1,1
6014,116,123,-7,7
6015,83,77,6,6
6016,96,102,-6,6
6017,143,130,13,13
6018,74,79,-5,5
6019,92,98,-6,6
6020,63,58,5,5
6021,49,61,-12,12
6022,144,136,8,8
6023,54,59,-5,5
6024,116,158,-42,42
6025,66,77,-11,11
6026,56,64,-8,8
6027,56,92,-36,36
6028,107,110,-3,3
6029,140,131,9,9
6030,92,99,-7,7
6031,76,82,-6,6
6032,90,96,-6,6
6033,138,135,3,3
6034,71,71,0,0
6035,89,101,-12,12
6036,66,63,3,3
6037,60,66,-6,6
6038,116,121,-5,5
6039,179,162,17,17
6040,90,76,14,14
6041,116,119,-3,3
6042,89,91,-2,2
6043,95,92,3,3
6044,85,83,2,2
6045,53,59,-6,6
6046,166,152,14,14
6047,43,52,-9,9
6048,119,120,-1,1
6049,105,114,-9,9
6050,121,111,10,10
6051,73,75,-2,2
6052,67,65,2,2
6053,119,119,0,0
6054,106,103,3,3
6055,72,65,7,7
6056,75,74,1,1
6057,70,78,-8,8
6058,143,127,16,16
6059,83,83,0,0
6060,83,80,3,3
6061,46,64,-18,18
6062,47,50,-3,3
6063,119,114,5,5
6064,108,97,11,11
6065,43,64,-21,21
6066,64,62,2,2
6067,83,86,-3,3
6068,141,128,13,13
6069,107,101,6,6
6070,35,57,-22,22
6071,119,113,6,6
6072,88,83,5,5
6073,77,84,-7,7
6074,75,76,-1,1
6075,140,132,8,8
6076,66,74,-8,8
6077,121,124,-3,3
6078,47,59,-12,12
6079,68,77,-9,9
6080,112,101,11,11
6081,178,154,24,24
6082,87,94,-7,7
6083,164,142,22,22
6084,79,82,-3,3
6085,71,73,-2,2
6086,111,125,-14,14
6087,78,85,-7,7
6088,160,159,1,1
6089,98,96,2,2
6090,115,149,-34,34
6091,95,103,-8,8
6092,65,68,-3,3
6093,159,150,9,9
6094,85,86,-1,1
6095,69,71,-2,2
6096,116,115,1,1
6097,55,62,-7,7
6098,96,97,-1,1
6099,94,86,8,8
6100,72,71,1,1
6101,94,82,12,12
6102,124,128,-4,4
6103,62,67,-5,5
6104,79,75,4,4
6105,146,130,16,16
6106,42,54,-12,12
6107,85,82,3,3
6108,100,88,12,12
6109,131,111,20,20
6110,72,82,-10,10
6111,49,55,-6,6
6112,116,107,9,9
6113,102,102,0,0
6114,135,129,6,6
6115,138,131,7,7
6116,40,62,-22,22
6117,104,99,5,5
6118,99,94,5,5
6119,50,50,0,0
6120,108,103,5,5
6121,106,104,2,2
6122,93,89,4,4
6123,155,146,9,9
6124,127,118,9,9
6125,78,80,-2,2
6126,87,90,-3,3
6127,73,75,-2,2
6128,92,93,-1,1
6129,86,86,0,0
6130,117,113,4,4
6131,65,67,-2,2
6132,44,45,-1,1
6133,142,134,8,8
6134,83,90,-7,7
6135,104,98,6,6
6136,119,103,16,16
6137,112,106,6,6
6138,96,84,12,12
6139,58,67,-9,9
6140,44,51,-7,7
6141,107,109,-2,2
6142,115,112,3,3
6143,87,94,-7,7
6144,102,102,0,0
6145,89,87,2,2
6146,119,111,8,8
6147,101,100,1,1
6148,55,59,-4,4
6149,92,86,6,6
6150,108,101,7,7
6151,57,59,-2,2
6152,119,111,8,8
6153,133,124,9,9
6154,80,84,-4,4
6155,66,72,-6,6
6156,114,105,9,9
6157,111,114,-3,3
6158,140,128,12,12
6159,108,89,19,19
6160,89,97,-8,8
6161,88,80,8,8
6162,76,86,-10,10
6163,80,83,-3,3
6164,98,87,11,11
6165,73,71,2,2
6166,136,126,10,10
6167,50,53,-3,3
6168,88,96,-8,8
6169,69,76,-7,7
6170,151,137,14,14
6171,66,65,1,1
6172,73,73,0,0
6173,65,68,-3,3
6174,72,81,-9,9
6175,52,57,-5,5
6176,108,95,13,13
6177,86,84,2,2
6178,34,52,-18,18
6179,183,171,12,12
6180,54,54,0,0
6181,122,123,-1,1
6182,64,71,-7,7
6183,75,78,-3,3
6184,105,95,10,10
6185,65,73,-8,8
6186,84,94,-10,10
6187,101,101,0,0
6188,117,109,8,8
6189,148,142,6,6
6190,66,71,-5,5
6191,106,109,-3,3
6192,147,125,22,22
6193,108,111,-3,3
6194,133,104,29,29
6195,42,51,-9,9
6196,67,68,-1,1
6197,117,105,12,12
6198,127,129,-2,2
6199,84,82,2,2
6200,72,71,1,1
6201,77,75,2,2
6202,83,79,4,4
6203,77,89,-12,12
6204,133,127,6,6
6205,61,72,-11,11
6206,75,87,-12,12
6207,81,80,1,1
6208,95,92,3,3
6209,115,110,5,5
6210,106,96,10,10
6211,85,80,5,5
6212,89,88,1,1
6213,103,101,2,2
6214,78,77,1,1
6215,83,83,0,0
6216,128,110,18,18
6217,64,72,-8,8
6218,87,85,2,2
6219,108,96,12,12
6220,108,106,2,2
6221,77,77,0,0
6222,65,79,-14,14
6223,56,61,-5,5
6224,69,64,5,5
6225,83,87,-4,4
6226,93,99,-6,6
6227,85,88,-3,3
6228,177,163,14,14
6229,52,58,-6,6
6230,35,44,-9,9
6231,128,115,13,13
6232,98,96,2,2
6233,83,85,-2,2
6234,67,69,-2,2
6235,102,104,-2,2
6236,115,112,3,3
6237,103,95,8,8
6238,99,103,-4,4
6239,100,99,1,1
6240,148,126,22,22
6241,67,71,-4,4
6242,131,126,5,5
6243,76,77,-1,1
6244,91,91,0,0
6245,110,92,18,18
6246,133,129,4,4
6247,77,100,-23,23
6248,151,143,8,8
6249,130,133,-3,3
6250,80,85,-5,5
6251,86,87,-1,1
6252,117,123,-6,6
6253,72,73,-1,1
6254,104,105,-1,1
6255,108,100,8,8
6256,103,105,-2,2
6257,57,65,-8,8
6258,30,39,-9,9
6259,70,76,-6,6
6260,93,105,-12,12
6261,75,76,-1,1
6262,46,53,-7,7
6263,169,131,38,38
6264,88,87,1,1
6265,71,79,-8,8
6266,97,103,-6,6
6267,133,120,13,13
6268,77,84,-7,7
6269,93,96,-3,3
6270,52,69,-17,17
6271,124,130,-6,6
6272,60,91,-31,31
6273,53,64,-11,11
6274,98,95,3,3
6275,105,90,15,15
6276,92,87,5,5
6277,106,96,10,10
6278,55,57,-2,2
6279,94,97,-3,3
6280,94,87,7,7
6281,67,73,-6,6
6282,109,100,9,9
6283,61,70,-9,9
6284,49,61,-12,12
6285,99,94,5,5
6286,109,101,8,8
6287,73,75,-2,2
6288,107,102,5,5
6289,82,83,-1,1
6290,122,115,7,7
6291,50,53,-3,3
6292,102,94,8,8
6293,99,95,4,4
6294,40,45,-5,5
6295,61,63,-2,2
6296,94,97,-3,3
6297,55,64,-9,9
6298,66,70,-4,4
6299,58,71,-13,13
6300,139,141,-2,2
6301,104,90,14,14
6302,74,73,1,1
6303,77,74,3,3
6304,77,77,0,0
6305,91,89,2,2
6306,74,74,0,0
6307,63,68,-5,5
6308,56,60,-4,4
6309,103,110,-7,7
6310,83,88,-5,5
6311,69,79,-10,10
6312,165,145,20,20
6313,109,106,3,3
6314,93,82,11,11
6315,123,118,5,5
6316,142,132,10,10
6317,71,72,-1,1
6318,102,103,-1,1
6319,81,83,-2,2
6320,178,147,31,31
6321,75,73,2,2
6322,68,76,-8,8
6323,135,124,11,11
6324,103,105,-2,2
6325,108,108,0,0
6326,62,79,-17,17
6327,95,101,-6,6
6328,114,102,12,12
6329,120,115,5,5
6330,124,126,-2,2
6331,90,92,-2,2
6332,29,44,-15,15
6333,69,75,-6,6
6334,61,74,-13,13
6335,85,82,3,3
6336,83,93,-10,10
6337,122,110,12,12
6338,148,133,15,15
6339,108,98,10,10
6340,96,101,-5,5
6341,75,82,-7,7
6342,101,108,-7,7
6343,81,78,3,3
6344,98,99,-1,1
6345,95,92,3,3
6346,100,95,5,5
6347,96,103,-7,7
6348,161,163,-2,2
6349,84,81,3,3
6350,55,61,-6,6
6351,59,71,-12,12
6352,124,121,3,3
6353,137,131,6,6
6354,118,111,7,7
6355,144,123,21,21
6356,182,162,20,20
6357,126,117,9,9
6358,127,115,12,12
6359,111,107,4,4
6360,92,92,0,0
6361,106,103,3,3
6362,74,80,-6,6
6363,68,85,-17,17
6364,108,113,-5,5
6365,95,88,7,7
6366,103,103,0,0
6367,81,86,-5,5
6368,86,88,-2,2
6369,170,147,23,23
6370,50,57,-7,7
6371,51,61,-10,10
6372,94,86,8,8
6373,146,150,-4,4
6374,74,80,-6,6
6375,100,90,10,10
6376,128,112,16,16
6377,74,72,2,2
6378,108,101,7,7
6379,77,81,-4,4
6380,63,74,-11,11
6381,50,52,-2,2
6382,109,104,5,5
6383,52,59,-7,7
6384,68,80,-12,12
6385,90,96,-6,6
6386,80,88,-8,8
6387,55,71,-16,16
6388,103,92,11,11
6389,84,87,-3,3
6390,90,84,6,6
6391,66,81,-15,15
6392,167,153,14,14
6393,82,83,-1,1
6394,73,74,-1,1
6395,86,92,-6,6
6396,71,78,-7,7
6397,80,85,-5,5
6398,92,95,-3,3
6399,117,103,14,14
6400,51,65,-14,14
6401,94,98,-4,4
6402,84,86,-2,2
6403,135,131,4,4
6404,66,77,-11,11
6405,151,140,11,11
6406,92,95,-3,3
6407,102,100,2,2
6408,116,103,13,13
6409,50,67,-17,17
6410,88,92,-4,4
6411,119,114,5,5
6412,107,109,-2,2
6413,93,97,-4,4
6414,142,129,13,13
6415,52,57,-5,5
6416,115,113,2,2
6417,52,58,-6,6
6418,56,58,-2,2
6419,152,129,23,23
6420,83,77,6,6
6421,62,66,-4,4
6422,64,77,-13,13
6423,119,108,11,11
6424,157,131,26,26
6425,51,63,-12,12
6426,118,115,3,3
6427,58,72,-14,14
6428,94,92,2,2
6429,45,54,-9,9
6430,120,108,12,12
6431,88,90,-2,2
6432,84,90,-6,6
6433,131,127,4,4
6434,98,93,5,5
6435,50,56,-6,6
6436,88,81,7,7
6437,101,110,-9,9
6438,78,76,2,2
6439,40,68,-28,28
6440,103,108,-5,5
6441,96,89,7,7
6442,83,84,-1,1
6443,93,90,3,3
6444,82,76,6,6
6445,103,99,4,4
6446,41,65,-24,24
6447,39,52,-13,13
6448,60,58,2,2
6449,137,126,11,11
6450,46,49,-3,3
6451,51,61,-10,10
6452,82,86,-4,4
6453,131,116,15,15
6454,66,76,-10,10
6455,76,72,4,4
6456,204,177,27,27
6457,106,104,2,2
6458,72,70,2,2
6459,145,141,4,4
6460,80,79,1,1
6461,89,93,-4,4
6462,148,145,3,3
6463,141,122,19,19
6464,59,68,-9,9
6465,51,49,2,2
6466,88,87,1,1
6467,77,81,-4,4
6468,103,109,-6,6
6469,94,87,7,7
6470,92,84,8,8
6471,82,79,3,3
6472,89,96,-7,7
6473,72,79,-7,7
6474,135,123,12,12
6475,135,122,13,13
6476,85,85,0,0
6477,63,68,-5,5
6478,173,157,16,16
6479,108,104,4,4
6480,141,120,21,21
6481,85,89,-4,4
6482,144,136,8,8
6483,66,71,-5,5
6484,86,89,-3,3
6485,84,81,3,3
6486,107,97,10,10
6487,60,65,-5,5
6488,62,73,-11,11
6489,174,166,8,8
6490,68,66,2,2
6491,74,80,-6,6
6492,67,70,-3,3
6493,72,69,3,3
6494,117,109,8,8
6495,93,115,-22,22
6496,69,81,-12,12
6497,75,79,-4,4
6498,84,84,0,0
6499,101,103,-2,2
6500,78,80,-2,2
6501,202,181,21,21
6502,97,107,-10,10
6503,79,81,-2,2
6504,97,103,-6,6
6505,60,72,-12,12
6506,58,58,0,0
6507,113,120,-7,7
6508,63,67,-4,4
6509,79,81,-2,2
6510,94,94,0,0
6511,129,124,5,5
6512,142,135,7,7
6513,96,96,0,0
6514,83,78,5,5
6515,137,124,13,13
6516,99,93,6,6
6517,92,94,-2,2
6518,92,102,-10,10
6519,69,70,-1,1
6520,126,134,-8,8
6521,148,149,-1,1
6522,90,91,-1,1
6523,94,88,6,6
6524,111,108,3,3
6525,86,91,-5,5
6526,49,59,-10,10
6527,124,113,11,11
6528,107,108,-1,1
6529,129,122,7,7
6530,58,58,0,0
6531,70,74,-4,4
6532,70,78,-8,8
6533,91,85,6,6
6534,86,78,8,8
6535,102,103,-1,1
6536,83,87,-4,4
6537,119,114,5,5
6538,76,86,-10,10
6539,49,52,-3,3
6540,94,79,15,15
6541,124,104,20,20
6542,65,69,-4,4
6543,96,107,-11,11
6544,170,157,13,13
6545,68,77,-9,9
6546,28,29,-1,1
6547,135,133,2,2
6548,151,128,23,23
6549,80,88,-8,8
6550,79,95,-16,16
6551,68,84,-16,16
6552,118,104,14,14
6553,73,73,0,0
6554,104,113,-9,9
6555,147,128,19,19
6556,91,103,-12,12
6557,147,126,21,21
6558,55,67,-12,12
6559,66,71,-5,5
6560,121,111,10,10
6561,70,75,-5,5
6562,107,105,2,2
6563,153,142,11,11
6564,124,123,1,1
6565,59,73,-14,14
6566,90,87,3,3
6567,57,73,-16,16
6568,129,112,17,17
6569,98,103,-5,5
6570,152,135,17,17
6571,55,65,-10,10
6572,93,70,23,23
6573,61,64,-3,3
6574,135,124,11,11
6575,72,69,3,3
6576,105,109,-4,4
6577,65,94,-29,29
6578,91,88,3,3
6579,117,108,9,9
6580,85,94,-9,9
6581,125,115,10,10
6582,57,72,-15,15
6583,151,133,18,18
6584,68,77,-9,9
6585,104,112,-8,8
6586,53,63,-10,10
6587,88,88,0,0
6588,91,87,4,4
6589,184,147,37,37
6590,99,95,4,4
6591,189,160,29,29
6592,186,161,25,25
6593,125,111,14,14
6594,62,77,-15,15
6595,103,101,2,2
6596,183,170,13,13
6597,62,60,2,2
6598,66,70,-4,4
6599,73,72,1,1
6600,114,108,6,6
6601,123,124,-1,1
6602,108,93,15,15
6603,115,106,9,9
6604,124,115,9,9
6605,66,82,-16,16
6606,104,87,17,17
6607,75,80,-5,5
6608,108,110,-2,2
6609,81,81,0,0
6610,82,74,8,8
6611,80,76,4,4
6612,30,41,-11,11
6613,90,87,3,3
6614,62,67,-5,5
6615,86,83,3,3
6616,56,61,-5,5
6617,95,97,-2,2
6618,100,100,0,0
6619,102,100,2,2
6620,102,102,0,0
6621,59,60,-1,1
6622,152,132,20,20
6623,163,155,8,8
6624,143,132,11,11
6625,162,148,14,14
6626,84,88,-4,4
6627,78,85,-7,7
6628,92,99,-7,7
6629,79,85,-6,6
6630,78,77,1,1
6631,120,106,14,14
6632,99,95,4,4
6633,103,96,7,7
6634,76,82,-6,6
6635,80,77,3,3
6636,66,70,-4,4
6637,128,122,6,6
6638,85,75,10,10
6639,100,102,-2,2
6640,46,60,-14,14
6641,125,120,5,5
6642,111,114,-3,3
6643,119,112,7,7
6644,59,66,-7,7
6645,55,60,-5,5
6646,158,145,13,13
6647,106,111,-5,5
6648,136,130,6,6
6649,108,100,8,8
6650,124,116,8,8
6651,106,106,0,0
6652,92,83,9,9
6653,118,120,-2,2
6654,108,103,5,5
6655,114,107,7,7
6656,51,60,-9,9
6657,85,84,1,1
6658,61,87,-26,26
6659,74,76,-2,2
6660,67,72,-5,5
6661,108,104,4,4
6662,132,125,7,7
6663,78,74,4,4
6664,102,108,-6,6
6665,175,144,31,31
6666,140,131,9,9
6667,93,86,7,7
6668,75,81,-6,6
6669,98,96,2,2
6670,98,88,10,10
6671,119,107,12,12
6672,121,143,-22,22
6673,94,96,-2,2
6674,117,103,14,14
6675,108,109,-1,1
6676,87,104,-17,17
6677,100,95,5,5
6678,88,81,7,7
6679,86,76,10,10
6680,65,72,-7,7
6681,81,82,-1,1
6682,89,88,1,1
6683,114,102,12,12
6684,108,105,3,3
6685,95,87,8,8
6686,100,98,2,2
6687,98,97,1,1
6688,88,88,0,0
6689,95,105,-10,10
6690,92,93,-1,1
6691,161,148,13,13
6692,57,58,-1,1
6693,89,90,-1,1
6694,67,59,8,8
6695,101,102,-1,1
6696,102,107,-5,5
6697,84,86,-2,2
6698,64,66,-2,2
6699,127,125,2,2
6700,97,100,-3,3
6701,101,101,0,0
6702,65,74,-9,9
6703,89,87,2,2
6704,70,72,-2,2
6705,67,79,-12,12
6706,169,152,17,17
6707,59,76,-17,17
6708,163,142,21,21
6709,38,50,-12,12
6710,117,110,7,7
6711,53,59,-6,6
6712,52,57,-5,5
6713,120,117,3,3
6714,80,75,5,5
6715,52,63,-11,11
6716,127,138,-11,11
6717,87,91,-4,4
6718,54,92,-38,38
6719,66,65,1,1
6720,98,92,6,6
6721,112,110,2,2
6722,56,61,-5,5
6723,114,108,6,6
6724,90,88,2,2
6725,87,90,-3,3
6726,58,69,-11,11
6727,118,112,6,6
6728,96,99,-3,3
6729,102,110,-8,8
6730,84,89,-5,5
6731,111,104,7,7
6732,62,70,-8,8
6733,73,73,0,0
6734,69,75,-6,6
6735,133,122,11,11
6736,87,82,5,5
6737,64,66,-2,2
6738,85,89,-4,4
6739,103,96,7,7
6740,86,82,4,4
6741,68,73,-5,5
6742,145,141,4,4
6743,74,70,4,4
6744,91,100,-9,9
6745,102,95,7,7
6746,128,123,5,5
6747,104,107,-3,3
6748,110,115,-5,5
6749,56,58,-2,2
6750,83,87,-4,4
6751,109,109,0,0
6752,77,73,4,4
6753,164,136,28,28
6754,137,132,5,5
6755,134,120,14,14
6756,172,156,16,16
6757,116,111,5,5
6758,80,80,0,0
6759,50,59,-9,9
6760,168,146,22,22
6761,68,77,-9,9
6762,88,89,-1,1
6763,48,53,-5,5
6764,60,62,-2,2
6765,135,132,3,3
6766,75,67,8,8
6767,187,167,20,20
6768,78,76,2,2
6769,117,101,16,16
6770,109,114,-5,5
6771,79,74,5,5
6772,80,81,-1,1
6773,72,77,-5,5
6774,105,103,2,2
6775,130,131,-1,1
6776,108,111,-3,3
6777,39,53,-14,14
6778,94,99,-5,5
6779,76,84,-8,8
6780,84,86,-2,2
6781,110,119,-9,9
6782,79,80,-1,1
6783,129,108,21,21
6784,66,71,-5,5
6785,73,79,-6,6
6786,90,84,6,6
6787,69,77,-8,8
6788,76,68,8,8
6789,96,109,-13,13
6790,113,107,6,6
6791,118,114,4,4
6792,78,79,-1,1
6793,92,86,6,6
6794,96,89,7,7
6795,111,115,-4,4
6796,143,144,-1,1
6797,101,97,4,4
6798,99,103,-4,4
6799,110,118,-8,8
6800,105,108,-3,3
6801,79,82,-3,3
6802,80,92,-12,12
6803,54,57,-3,3
6804,86,83,3,3
6805,66,74,-8,8
6806,96,89,7,7
6807,151,143,8,8
6808,78,99,-21,21
6809,82,93,-11,11
6810,93,88,5,5
6811,57,72,-15,15
6812,129,117,12,12
6813,89,85,4,4
6814,83,84,-1,1
6815,72,84,-12,12
6816,85,86,-1,1
6817,58,66,-8,8
6818,69,72,-3,3
6819,69,82,-13,13
6820,55,57,-2,2
6821,114,106,8,8
6822,145,125,20,20
6823,81,91,-10,10
6824,41,55,-14,14
6825,88,103,-15,15
6826,108,109,-1,1
6827,104,102,2,2
6828,74,71,3,3
6829,111,106,5,5
6830,74,75,-1,1
6831,82,81,1,1
6832,129,119,10,10
6833,75,82,-7,7
6834,137,124,13,13
6835,135,126,9,9
6836,93,83,10,10
6837,73,87,-14,14
6838,125,120,5,5
6839,110,118,-8,8
6840,147,151,-4,4
6841,86,92,-6,6
6842,96,90,6,6
6843,104,101,3,3
6844,110,111,-1,1
6845,80,82,-2,2
6846,66,77,-11,11
6847,168,156,12,12
6848,123,131,-8,8
6849,138,135,3,3
6850,66,72,-6,6
6851,66,68,-2,2
6852,143,125,18,18
6853,88,77,11,11
6854,76,88,-12,12
6855,143,140,3,3
6856,108,103,5,5
6857,74,76,-2,2
6858,76,78,-2,2
6859,59,65,-6,6
6860,87,85,2,2
6861,113,106,7,7
6862,57,63,-6,6
6863,56,71,-15,15
6864,102,94,8,8
6865,74,82,-8,8
6866,89,92,-3,3
6867,75,85,-10,10
6868,128,125,3,3
6869,106,109,-3,3
6870,92,84,8,8
6871,138,135,3,3
6872,75,73,2,2
6873,103,100,3,3
6874,120,108,12,12
6875,136,122,14,14
6876,72,78,-6,6
6877,128,131,-3,3
6878,128,124,4,4
6879,150,140,10,10
6880,86,84,2,2
6881,85,86,-1,1
6882,62,67,-5,5
6883,76,81,-5,5
6884,123,119,4,4
6885,64,71,-7,7
6886,116,114,2,2
6887,62,69,-7,7
6888,81,83,-2,2
6889,118,108,10,10
6890,117,113,4,4
6891,123,108,15,15
6892,144,123,21,21
6893,109,105,4,4
6894,79,80,-1,1
6895,97,102,-5,5
6896,87,83,4,4
6897,55,60,-5,5
6898,65,71,-6,6
6899,103,102,1,1
6900,90,82,8,8
6901,87,83,4,4
6902,43,52,-9,9
6903,92,91,1,1
6904,147,143,4,4
6905,106,99,7,7
6906,68,79,-11,11
6907,71,68,3,3
6908,97,98,-1,1
6909,93,93,0,0
6910,69,87,-18,18
6911,92,97,-5,5
6912,77,85,-8,8
6913,132,125,7,7
6914,87,88,-1,1
6915,118,108,10,10
6916,58,65,-7,7
6917,43,40,3,3
6918,80,86,-6,6
6919,118,108,10,10
6920,107,117,-10,10
6921,132,127,5,5
6922,86,92,-6,6
6923,114,105,9,9
6924,85,82,3,3
6925,66,74,-8,8
6926,65,67,-2,2
6927,84,88,-4,4
6928,122,118,4,4
6929,74,80,-6,6
6930,154,151,3,3
6931,93,92,1,1
6932,40,67,-27,27
6933,88,80,8,8
6934,84,87,-3,3
6935,67,72,-5,5
6936,113,116,-3,3
6937,110,109,1,1
6938,217,178,39,39
6939,99,104,-5,5
6940,107,109,-2,2
6941,120,117,3,3
6942,116,106,10,10
6943,70,84,-14,14
6944,86,85,1,1
6945,89,94,-5,5
6946,75,75,0,0
6947,72,74,-2,2
6948,75,79,-4,4
6949,55,69,-14,14
6950,196,183,13,13
6951,114,106,8,8
6952,142,89,53,53
6953,76,81,-5,5
6954,71,69,2,2
6955,80,88,-8,8
6956,81,81,0,0
6957,106,95,11,11
6958,126,117,9,9
6959,114,114,0,0
6960,90,91,-1,1
6961,134,125,9,9
6962,112,111,1,1
6963,86,87,-1,1
6964,109,112,-3,3
6965,98,106,-8,8
6966,123,122,1,1
6967,48,48,0,0
6968,89,89,0,0
6969,141,137,4,4
6970,122,116,6,6
6971,65,79,-14,14
6972,163,147,16,16
6973,106,99,7,7
6974,145,140,5,5
6975,65,66,-1,1
6976,111,95,16,16
6977,110,109,1,1
6978,40,47,-7,7
6979,77,78,-1,1
6980,81,80,1,1
6981,136,127,9,9
6982,124,127,-3,3
6983,107,109,-2,2
6984,83,86,-3,3
6985,137,126,11,11
6986,93,91,2,2
6987,95,90,5,5
6988,82,92,-10,10
6989,91,91,0,0
6990,139,120,19,19
6991,49,53,-4,4
6992,36,41,-5,5
6993,76,70,6,6
6994,57,68,-11,11
6995,128,130,-2,2
6996,77,95,-18,18
6997,86,89,-3,3
6998,144,135,9,9
6999,72,78,-6,6
7000,48,56,-8,8
7001,86,81,5,5
7002,96,89,7,7
7003,67,71,-4,4
7004,65,73,-8,8
7005,132,116,16,16
7006,128,120,8,8
7007,115,106,9,9
7008,109,108,1,1
7009,63,68,-5,5
7010,55,67,-12,12
7011,119,105,14,14
7012,70,68,2,2
7013,125,112,13,13
7014,146,130,16,16
7015,84,88,-4,4
7016,120,121,-1,1
7017,83,88,-5,5
7018,68,69,-1,1
7019,106,100,6,6
7020,147,123,24,24
7021,81,83,-2,2
7022,87,94,-7,7
7023,86,84,2,2
7024,67,78,-11,11
7025,100,94,6,6
7026,81,87,-6,6
7027,70,82,-12,12
7028,94,91,3,3
7029,123,111,12,12
7030,121,113,8,8
7031,71,80,-9,9
7032,73,75,-2,2
7033,79,82,-3,3
7034,98,103,-5,5
7035,147,114,33,33
7036,86,82,4,4
7037,83,79,4,4
7038,117,107,10,10
7039,93,97,-4,4
7040,44,53,-9,9
7041,68,79,-11,11
7042,74,77,-3,3
7043,76,95,-19,19
7044,96,90,6,6
7045,80,70,10,10
7046,73,84,-11,11
7047,93,87,6,6
7048,48,58,-10,10
7049,85,86,-1,1
7050,140,133,7,7
7051,81,83,-2,2
7052,57,58,-1,1
7053,93,88,5,5
7054,119,118,1,1
7055,129,132,-3,3
7056,88,87,1,1
7057,101,90,11,11
7058,91,94,-3,3
7059,59,61,-2,2
7060,109,116,-7,7
7061,89,85,4,4
7062,101,86,15,15
7063,116,106,10,10
7064,86,87,-1,1
7065,113,107,6,6
7066,101,94,7,7
7067,110,111,-1,1
7068,115,136,-21,21
7069,137,137,0,0
7070,64,76,-12,12
7071,133,119,14,14
7072,80,87,-7,7
7073,61,62,-1,1
7074,116,118,-2,2
7075,154,142,12,12
7076,69,72,-3,3
7077,123,120,3,3
7078,63,70,-7,7
7079,99,115,-16,16
7080,52,57,-5,5
7081,86,85,1,1
7082,79,78,1,1
7083,97,104,-7,7
7084,68,72,-4,4
7085,79,86,-7,7
7086,82,76,6,6
7087,66,62,4,4
7088,28,27,1,1
7089,54,70,-16,16
7090,76,78,-2,2
7091,74,85,-11,11
7092,97,97,0,0
7093,82,81,1,1
7094,103,104,-1,1
7095,61,60,1,1
7096,69,66,3,3
7097,60,71,-11,11
7098,61,92,-31,31
7099,100,105,-5,5
7100,100,102,-2,2
7101,129,115,14,14
7102,184,158,26,26
7103,119,119,0,0
7104,91,85,6,6
7105,99,105,-6,6
7106,100,100,0,0
7107,58,67,-9,9
7108,70,75,-5,5
7109,76,87,-11,11
7110,77,76,1,1
7111,70,67,3,3
7112,116,108,8,8
7113,149,136,13,13
7114,124,123,1,1
7115,139,113,26,26
7116,142,144,-2,2
7117,77,82,-5,5
7118,96,88,8,8
7119,215,178,37,37
7120,70,76,-6,6
7121,118,116,2,2
7122,89,91,-2,2
7123,106,98,8,8
7124,117,112,5,5
7125,60,67,-7,7
7126,67,75,-8,8
7127,149,146,3,3
7128,364,393,-29,29
7129,110,102,8,8
7130,106,96,10,10
7131,161,155,6,6
7132,119,127,-8,8
7133,113,138,-25,25
7134,100,102,-2,2
7135,51,62,-11,11
7136,121,115,6,6
7137,108,106,2,2
7138,107,104,3,3
7139,62,68,-6,6
7140,84,88,-4,4
7141,93,84,9,9
7142,143,135,8,8
7143,136,127,9,9
7144,53,66,-13,13
7145,97,101,-4,4
7146,139,138,1,1
7147,126,127,-1,1
7148,46,61,-15,15
7149,172,161,11,11
7150,101,101,0,0
7151,89,91,-2,2
7152,118,109,9,9
7153,71,75,-4,4
7154,120,121,-1,1
7155,77,80,-3,3
7156,145,126,19,19
7157,45,44,1,1
7158,80,80,0,0
7159,58,70,-12,12
7160,117,106,11,11
7161,91,90,1,1
7162,192,170,22,22
7163,68,69,-1,1
7164,71,68,3,3
7165,82,80,2,2
7166,84,83,1,1
7167,70,79,-9,9
7168,47,62,-15,15
7169,95,89,6,6
7170,59,66,-7,7
7171,154,137,17,17
7172,131,121,10,10
7173,98,101,-3,3
7174,38,49,-11,11
7175,86,91,-5,5
7176,55,61,-6,6
7177,40,43,-3,3
7178,119,113,6,6
7179,247,206,41,41
7180,96,101,-5,5
7181,69,76,-7,7
7182,87,94,-7,7
7183,93,102,-9,9
7184,84,82,2,2
7185,127,127,0,0
7186,106,102,4,4
7187,62,67,-5,5
7188,84,89,-5,5
7189,48,57,-9,9
7190,116,121,-5,5
7191,83,83,0,0
7192,123,124,-1,1
7193,97,90,7,7
7194,119,106,13,13
7195,113,114,-1,1
7196,70,75,-5,5
7197,123,125,-2,2
7198,86,84,2,2
7199,49,57,-8,8
7200,113,110,3,3
7201,100,99,1,1
7202,131,126,5,5
7203,93,94,-1,1
7204,92,87,5,5
7205,73,76,-3,3
7206,61,66,-5,5
7207,72,68,4,4
7208,91,90,1,1
7209,86,87,-1,1
7210,82,83,-1,1
7211,179,166,13,13
7212,121,107,14,14
7213,58,65,-7,7
7214,83,76,7,7
7215,100,84,16,16
7216,84,82,2,2
7217,76,78,-2,2
7218,83,78,5,5
7219,81,81,0,0
7220,119,115,4,4
7221,160,142,18,18
7222,97,98,-1,1
7223,143,149,-6,6
7224,49,47,2,2
7225,188,161,27,27
7226,79,81,-2,2
7227,62,66,-4,4
7228,71,66,5,5
7229,114,124,-10,10
7230,167,161,6,6
7231,100,89,11,11
7232,90,86,4,4
7233,106,108,-2,2
7234,129,128,1,1
7235,81,78,3,3
7236,52,58,-6,6
7237,86,84,2,2
7238,92,106,-14,14
7239,59,71,-12,12
7240,98,104,-6,6
7241,94,91,3,3
7242,173,158,15,15
7243,82,90,-8,8
7244,121,114,7,7
7245,84,80,4,4
7246,44,46,-2,2
7247,88,98,-10,10
7248,91,86,5,5
7249,97,92,5,5
7250,46,51,-5,5
7251,114,107,7,7
7252,108,97,11,11
7253,66,68,-2,2
7254,71,73,-2,2
7255,76,74,2,2
7256,159,147,12,12
7257,39,31,8,8
7258,47,58,-11,11
7259,142,122,20,20
7260,124,127,-3,3
7261,109,108,1,1
7262,110,112,-2,2
7263,59,60,-1,1
7264,107,99,8,8
7265,59,63,-4,4
7266,93,94,-1,1
7267,96,100,-4,4
7268,40,55,-15,15
7269,124,123,1,1
7270,90,78,12,12
7271,52,59,-7,7
7272,95,88,7,7
7273,81,84,-3,3
7274,171,149,22,22
7275,78,70,8,8
7276,97,84,13,13
7277,82,90,-8,8
7278,93,89,4,4
7279,106,108,-2,2
7280,129,117,12,12
7281,110,115,-5,5
7282,28,59,-31,31
7283,152,148,4,4
7284,113,102,11,11
7285,62,63,-1,1
7286,51,56,-5,5
7287,167,163,4,4
7288,60,58,2,2
7289,176,157,19,19
7290,139,134,5,5
7291,193,178,15,15
7292,78,82,-4,4
7293,76,76,0,0
7294,80,76,4,4
7295,86,103,-17,17
7296,102,92,10,10
7297,51,54,-3,3
7298,32,34,-2,2
7299,133,112,21,21
7300,160,140,20,20
7301,75,78,-3,3
7302,84,79,5,5
7303,85,88,-3,3
7304,89,92,-3,3
7305,69,68,1,1
7306,113,112,1,1
7307,69,69,0,0
7308,76,83,-7,7
7309,56,78,-22,22
7310,86,79,7,7
7311,92,101,-9,9
7312,54,60,-6,6
7313,100,93,7,7
7314,37,41,-4,4
7315,140,134,6,6
7316,57,72,-15,15
7317,83,89,-6,6
7318,75,67,8,8
7319,59,64,-5,5
7320,99,115,-16,16
7321,108,100,8,8
7322,93,99,-6,6
7323,78,86,-8,8
7324,166,156,10,10
7325,81,85,-4,4
7326,80,81,-1,1
7327,166,140,26,26
7328,56,62,-6,6
7329,108,111,-3,3
7330,88,86,2,2
7331,124,129,-5,5
7332,71,78,-7,7
7333,111,97,14,14
7334,77,89,-12,12
7335,84,83,1,1
7336,85,86,-1,1
7337,103,94,9,9
7338,67,80,-13,13
7339,128,116,12,12
7340,54,55,-1,1
7341,98,96,2,2
7342,115,127,-12,12
7343,80,76,4,4
7344,66,68,-2,2
7345,84,80,4,4
7346,179,162,17,17
7347,70,77,-7,7
7348,93,95,-2,2
7349,139,146,-7,7
7350,136,121,15,15
7351,173,161,12,12
7352,112,106,6,6
7353,76,85,-9,9
7354,112,113,-1,1
7355,118,123,-5,5
7356,109,99,10,10
7357,101,106,-5,5
7358,105,94,11,11
7359,67,72,-5,5
7360,131,121,10,10
7361,41,58,-17,17
7362,49,53,-4,4
7363,113,107,6,6
7364,137,134,3,3
7365,96,101,-5,5
7366,68,72,-4,4
7367,110,115,-5,5
7368,70,77,-7,7
7369,155,153,2,2
7370,58,61,-3,3
7371,140,144,-4,4
7372,119,120,-1,1
7373,67,73,-6,6
7374,79,85,-6,6
7375,68,69,-1,1
7376,62,65,-3,3
7377,48,56,-8,8
7378,104,105,-1,1
7379,67,75,-8,8
7380,63,71,-8,8
7381,70,73,-3,3
7382,83,88,-5,5
7383,66,67,-1,1
7384,67,81,-14,14
7385,54,58,-4,4
7386,144,140,4,4
7387,68,73,-5,5
7388,76,81,-5,5
7389,62,63,-1,1
7390,147,129,18,18
7391,80,99,-19,19
7392,53,61,-8,8
7393,73,71,2,2
7394,74,73,1,1
7395,63,72,-9,9
7396,111,110,1,1
7397,199,167,32,32
7398,90,93,-3,3
7399,65,71,-6,6
7400,68,67,1,1
7401,81,83,-2,2
7402,95,92,3,3
7403,83,86,-3,3
7404,99,85,14,14
7405,64,75,-11,11
7406,70,76,-6,6
7407,62,62,0,0
7408,60,70,-10,10
7409,84,90,-6,6
7410,63,67,-4,4
7411,91,94,-3,3
7412,53,73,-20,20
7413,114,103,11,11
7414,102,99,3,3
7415,80,67,13,13
7416,85,93,-8,8
7417,112,114,-2,2
7418,86,86,0,0
7419,61,69,-8,8
7420,118,108,10,10
7421,108,88,20,20
7422,179,151,28,28
7423,87,89,-2,2
7424,185,156,29,29
7425,91,88,3,3
7426,73,80,-7,7
7427,63,57,6,6
7428,159,137,22,22
7429,146,140,6,6
7430,75,85,-10,10
7431,73,77,-4,4
7432,107,96,11,11
7433,93,91,2,2
7434,89,96,-7,7
7435,82,99,-17,17
7436,79,78,1,1
7437,50,59,-9,9
7438,69,74,-5,5
7439,89,94,-5,5
7440,145,147,-2,2
7441,84,93,-9,9
7442,115,118,-3,3
7443,103,118,-15,15
7444,90,96,-6,6
7445,57,59,-2,2
7446,118,101,17,17
7447,99,101,-2,2
7448,124,112,12,12
7449,102,109,-7,7
7450,97,90,7,7
7451,64,68,-4,4
7452,78,77,1,1
7453,121,119,2,2
7454,163,146,17,17
7455,63,61,2,2
7456,53,63,-10,10
7457,71,76,-5,5
7458,79,84,-5,5
7459,102,103,-1,1
7460,130,120,10,10
7461,114,110,4,4
7462,118,123,-5,5
7463,93,94,-1,1
7464,78,75,3,3
7465,87,90,-3,3
7466,107,99,8,8
7467,105,102,3,3
7468,135,132,3,3
7469,64,66,-2,2
7470,80,79,1,1
7471,79,89,-10,10
7472,156,150,6,6
7473,123,123,0,0
7474,81,90,-9,9
7475,91,93,-2,2
7476,184,158,26,26
7477,62,73,-11,11
7478,76,87,-11,11
7479,112,107,5,5
7480,60,70,-10,10
7481,103,95,8,8
7482,83,84,-1,1
7483,69,73,-4,4
7484,206,186,20,20
7485,78,81,-3,3
7486,82,77,5,5
7487,81,87,-6,6
7488,39,40,-1,1
7489,109,107,2,2
7490,32,54,-22,22
7491,65,71,-6,6
7492,88,87,1,1
7493,94,95,-1,1
7494,87,94,-7,7
7495,74,74,0,0
7496,88,84,4,4
7497,103,107,-4,4
7498,72,68,4,4
7499,83,86,-3,3
7500,197,192,5,5
7501,41,45,-4,4
7502,76,76,0,0
7503,129,111,18,18
7504,40,68,-28,28
7505,136,133,3,3
7506,62,65,-3,3
7507,66,70,-4,4
7508,106,114,-8,8
7509,62,63,-1,1
7510,109,101,8,8
7511,136,123,13,13
7512,100,97,3,3
7513,160,146,14,14
7514,105,102,3,3
7515,122,112,10,10
7516,98,101,-3,3
7517,78,74,4,4
7518,75,80,-5,5
7519,67,72,-5,5
7520,56,60,-4,4
7521,60,61,-1,1
7522,38,42,-4,4
7523,53,63,-10,10
7524,57,76,-19,19
7525,113,106,7,7
7526,83,80,3,3
7527,81,74,7,7
7528,136,135,1,1
7529,78,77,1,1
7530,89,90,-1,1
7531,86,87,-1,1
7532,68,75,-7,7
7533,156,146,10,10
7534,85,85,0,0
7535,126,121,5,5
7536,57,73,-16,16
7537,114,115,-1,1
7538,113,102,11,11
7539,75,83,-8,8
7540,130,119,11,11
7541,79,67,12,12
7542,112,106,6,6
7543,120,119,1,1
7544,76,81,-5,5
7545,86,82,4,4
7546,60,63,-3,3
7547,52,61,-9,9
7548,80,74,6,6
7549,136,125,11,11
7550,71,74,-3,3
7551,152,145,7,7
7552,59,68,-9,9
7553,88,82,6,6
7554,71,73,-2,2
7555,71,69,2,2
7556,88,93,-5,5
7557,44,56,-12,12
7558,95,98,-3,3
7559,99,93,6,6
7560,74,85,-11,11
7561,148,132,16,16
7562,74,72,2,2
7563,103,88,15,15
7564,70,67,3,3
7565,128,112,16,16
7566,70,78,-8,8
7567,69,78,-9,9
7568,95,82,13,13
7569,125,122,3,3
7570,87,90,-3,3
7571,130,126,4,4
7572,105,114,-9,9
7573,96,90,6,6
7574,90,92,-2,2
7575,52,58,-6,6
7576,77,91,-14,14
7577,143,133,10,10
7578,97,103,-6,6
7579,81,84,-3,3
7580,55,56,-1,1
7581,122,129,-7,7
7582,59,68,-9,9
7583,106,103,3,3
7584,146,129,17,17
7585,62,66,-4,4
7586,122,117,5,5
7587,166,150,16,16
7588,76,73,3,3
7589,82,86,-4,4
7590,114,107,7,7
7591,113,120,-7,7
7592,94,91,3,3
7593,113,114,-1,1
7594,79,82,-3,3
7595,106,105,1,1
7596,123,119,4,4
7597,118,110,8,8
7598,80,79,1,1
7599,94,94,0,0
7600,89,85,4,4
7601,64,62,2,2
7602,113,112,1,1
7603,137,126,11,11
7604,53,104,-51,51
7605,133,130,3,3
7606,65,87,-22,22
7607,78,83,-5,5
7608,40,36,4,4
7609,60,66,-6,6
7610,52,59,-7,7
7611,136,125,11,11
7612,155,145,10,10
7613,94,98,-4,4
7614,75,80,-5,5
7615,36,45,-9,9
7616,132,120,12,12
7617,117,109,8,8
7618,136,139,-3,3
7619,141,125,16,16
7620,65,76,-11,11
7621,96,84,12,12
7622,68,77,-9,9
7623,144,123,21,21
7624,148,139,9,9
7625,117,115,2,2
7626,60,76,-16,16
7627,98,100,-2,2
7628,114,110,4,4
7629,139,121,18,18
7630,109,97,12,12
7631,69,80,-11,11
7632,105,101,4,4
7633,116,108,8,8
7634,72,75,-3,3
7635,74,84,-10,10
7636,102,105,-3,3
7637,62,58,4,4
7638,36,29,7,7
7639,94,89,5,5
7640,78,83,-5,5
7641,150,133,17,17
7642,81,81,0,0
7643,154,145,9,9
7644,115,119,-4,4
7645,44,60,-16,16
7646,88,89,-1,1
7647,80,80,0,0
7648,75,74,1,1
7649,58,58,0,0
7650,124,118,6,6
7651,90,90,0,0
7652,117,108,9,9
7653,93,86,7,7
7654,133,126,7,7
7655,71,66,5,5
7656,82,84,-2,2
7657,66,71,-5,5
7658,69,74,-5,5
7659,112,105,7,7
7660,114,105,9,9
7661,81,70,11,11
7662,110,111,-1,1
7663,76,70,6,6
7664,97,101,-4,4
7665,83,85,-2,2
7666,73,77,-4,4
7667,109,104,5,5
7668,67,74,-7,7
7669,101,107,-6,6
7670,74,72,2,2
7671,122,116,6,6
7672,51,65,-14,14
7673,80,93,-13,13
7674,118,113,5,5
7675,87,81,6,6
7676,84,77,7,7
7677,135,120,15,15
7678,51,98,-47,47
7679,121,104,17,17
7680,60,65,-5,5
7681,150,139,11,11
7682,41,52,-11,11
7683,55,60,-5,5
7684,149,127,22,22
7685,136,128,8,8
7686,121,102,19,19
7687,121,112,9,9
7688,50,67,-17,17
7689,61,63,-2,2
7690,129,119,10,10
7691,83,95,-12,12
7692,83,97,-14,14
7693,77,77,0,0
7694,110,103,7,7
7695,110,97,13,13
7696,108,114,-6,6
7697,95,99,-4,4
7698,91,89,2,2
7699,99,90,9,9
7700,105,103,2,2
7701,104,128,-24,24
7702,82,80,2,2
7703,68,72,-4,4
7704,77,79,-2,2
7705,103,99,4,4
7706,87,90,-3,3
7707,55,59,-4,4
7708,94,90,4,4
7709,67,71,-4,4
7710,75,92,-17,17
7711,137,131,6,6
7712,69,73,-4,4
7713,67,71,-4,4
7714,77,90,-13,13
7715,68,72,-4,4
7716,117,113,4,4
7717,109,115,-6,6
7718,164,141,23,23
7719,102,113,-11,11
7720,77,87,-10,10
7721,71,92,-21,21
7722,71,78,-7,7
7723,146,127,19,19
7724,40,41,-1,1
7725,121,112,9,9
7726,86,78,8,8
7727,99,99,0,0
7728,68,78,-10,10
7729,89,76,13,13
7730,71,79,-8,8
7731,72,73,-1,1
7732,49,54,-5,5
7733,155,120,35,35
7734,145,140,5,5
7735,102,106,-4,4
7736,131,126,5,5
7737,101,84,17,17
7738,61,72,-11,11
7739,108,114,-6,6
7740,62,74,-12,12
7741,93,87,6,6
7742,84,84,0,0
7743,56,95,-39,39
7744,143,130,13,13
7745,145,131,14,14
7746,103,96,7,7
7747,88,88,0,0
7748,96,92,4,4
7749,63,68,-5,5
7750,88,95,-7,7
7751,50,66,-16,16
7752,106,108,-2,2
7753,89,77,12,12
7754,101,107,-6,6
7755,134,124,10,10
7756,91,89,2,2
7757,134,136,-2,2
7758,79,87,-8,8
7759,161,144,17,17
7760,127,123,4,4
7761,88,92,-4,4
7762,61,72,-11,11
7763,60,78,-18,18
7764,102,93,9,9
7765,140,139,1,1
7766,69,75,-6,6
7767,101,109,-8,8
7768,175,160,15,15
7769,129,138,-9,9
7770,115,111,4,4
7771,88,102,-14,14
7772,79,81,-2,2
7773,102,105,-3,3
7774,43,49,-6,6
7775,97,95,2,2
7776,132,133,-1,1
7777,58,62,-4,4
7778,89,97,-8,8
7779,90,92,-2,2
7780,98,104,-6,6
7781,102,101,1,1
7782,88,92,-4,4
7783,106,104,2,2
7784,99,93,6,6
7785,151,138,13,13
7786,111,94,17,17
7787,65,67,-2,2
7788,71,73,-2,2
7789,79,95,-16,16
7790,65,68,-3,3
7791,136,122,14,14
7792,151,147,4,4
7793,108,105,3,3
7794,121,107,14,14
7795,54,65,-11,11
7796,96,102,-6,6
7797,98,89,9,9
7798,62,70,-8,8
7799,78,81,-3,3
7800,97,97,0,0
7801,80,76,4,4
7802,65,73,-8,8
7803,74,74,0,0
7804,118,118,0,0
7805,109,101,8,8
7806,99,100,-1,1
7807,78,89,-11,11
7808,59,71,-12,12
7809,84,95,-11,11
7810,108,110,-2,2
7811,89,94,-5,5
7812,119,105,14,14
7813,182,156,26,26
7814,133,112,21,21
7815,90,98,-8,8
7816,144,154,-10,10
7817,109,103,6,6
7818,154,137,17,17
7819,54,54,0,0
7820,59,66,-7,7
7821,120,115,5,5
7822,113,118,-5,5
7823,90,83,7,7
7824,119,106,13,13
7825,72,78,-6,6
7826,173,155,18,18
7827,252,222,30,30
7828,123,129,-6,6
7829,178,161,17,17
7830,207,173,34,34
7831,86,92,-6,6
7832,61,58,3,3
7833,82,92,-10,10
7834,77,79,-2,2
7835,90,86,4,4
7836,85,104,-19,19
7837,133,140,-7,7
7838,67,72,-5,5
7839,71,78,-7,7
7840,118,123,-5,5
7841,168,162,6,6
7842,101,102,-1,1
7843,126,115,11,11
7844,127,123,4,4
7845,197,173,24,24
7846,67,71,-4,4
7847,59,61,-2,2
7848,139,131,8,8
7849,84,85,-1,1
7850,75,79,-4,4
7851,124,119,5,5
7852,61,65,-4,4
7853,78,79,-1,1
7854,102,92,10,10
7855,50,51,-1,1
7856,72,82,-10,10
7857,98,107,-9,9
7858,109,102,7,7
7859,97,89,8,8
7860,79,77,2,2
7861,73,76,-3,3
7862,114,107,7,7
7863,118,110,8,8
7864,101,106,-5,5
7865,103,105,-2,2
7866,49,57,-8,8
7867,49,61,-12,12
7868,37,54,-17,17
7869,121,115,6,6
7870,69,74,-5,5
7871,126,124,2,2
7872,91,89,2,2
7873,119,111,8,8
7874,105,104,1,1
7875,129,122,7,7
7876,83,77,6,6
7877,99,97,2,2
7878,106,109,-3,3
7879,67,69,-2,2
7880,132,127,5,5
7881,110,97,13,13
7882,72,70,2,2
7883,126,118,8,8
7884,129,136,-7,7
7885,74,77,-3,3
7886,131,126,5,5
7887,97,101,-4,4
7888,118,122,-4,4
7889,124,119,5,5
7890,66,71,-5,5
7891,99,110,-11,11
7892,93,92,1,1
7893,169,160,9,9
7894,109,116,-7,7
7895,194,170,24,24
7896,131,118,13,13
7897,67,72,-5,5
7898,102,102,0,0
7899,126,119,7,7
7900,166,161,5,5
7901,52,64,-12,12
7902,129,137,-8,8
7903,175,159,16,16
7904,77,72,5,5
7905,52,51,1,1
7906,73,70,3,3
7907,97,101,-4,4
7908,49,56,-7,7
7909,112,110,2,2
7910,108,112,-4,4
7911,91,87,4,4
7912,84,104,-20,20
7913,35,53,-18,18
7914,182,173,9,9
7915,61,69,-8,8
7916,61,58,3,3
7917,79,81,-2,2
7918,55,62,-7,7
7919,64,69,-5,5
7920,142,128,14,14
7921,66,72,-6,6
7922,74,82,-8,8
7923,150,138,12,12
7924,99,95,4,4
7925,106,110,-4,4
7926,72,80,-8,8
7927,121,115,6,6
7928,114,110,4,4
7929,75,77,-2,2
7930,65,75,-10,10
7931,116,117,-1,1
7932,99,94,5,5
7933,199,182,17,17
7934,60,65,-5,5
7935,67,67,0,0
7936,81,84,-3,3
7937,178,131,47,47
7938,70,78,-8,8
7939,131,117,14,14
7940,149,133,16,16
7941,70,75,-5,5
7942,97,104,-7,7
7943,104,90,14,14
7944,73,75,-2,2
7945,74,83,-9,9
7946,87,99,-12,12
7947,112,108,4,4
7948,126,115,11,11
7949,86,102,-16,16
7950,134,127,7,7
7951,117,98,19,19
7952,61,67,-6,6
7953,71,79,-8,8
7954,80,91,-11,11
7955,63,67,-4,4
7956,70,69,1,1
7957,63,77,-14,14
7958,46,55,-9,9
7959,59,67,-8,8
7960,89,90,-1,1
7961,134,125,9,9
7962,113,109,4,4
7963,73,86,-13,13
7964,122,111,11,11
7965,59,69,-10,10
7966,142,140,2,2
7967,175,161,14,14
7968,61,60,1,1
7969,142,147,-5,5
7970,68,64,4,4
7971,51,59,-8,8
7972,94,100,-6,6
7973,104,98,6,6
7974,85,88,-3,3
7975,155,151,4,4
7976,157,158,-1,1
7977,115,109,6,6
7978,94,97,-3,3
7979,86,97,-11,11
7980,115,117,-2,2
7981,85,87,-2,2
7982,106,105,1,1
7983,64,66,-2,2
7984,38,80,-42,42
7985,51,59,-8,8
7986,106,108,-2,2
7987,101,104,-3,3
7988,46,56,-10,10
7989,85,80,5,5
7990,104,98,6,6
7991,95,98,-3,3
7992,130,124,6,6
7993,151,136,15,15
7994,57,62,-5,5
7995,93,95,-2,2
7996,69,68,1,1
7997,39,36,3,3
7998,76,85,-9,9
7999,84,79,5,5
8000,41,44,-3,3
8001,45,56,-11,11
8002,68,74,-6,6
8003,82,85,-3,3
8004,68,74,-6,6
8005,73,73,0,0
8006,49,71,-22,22
8007,93,87,6,6
8008,75,75,0,0
8009,85,81,4,4
8010,103,101,2,2
8011,129,120,9,9
8012,116,114,2,2
8013,77,78,-1,1
8014,83,84,-1,1
8015,104,95,9,9
8016,124,111,13,13
8017,89,92,-3,3
8018,88,103,-15,15
8019,49,66,-17,17
8020,104,107,-3,3
8021,107,107,0,0
8022,125,124,1,1
8023,57,66,-9,9
8024,104,95,9,9
8025,51,75,-24,24
8026,86,83,3,3
8027,96,99,-3,3
8028,190,173,17,17
8029,84,89,-5,5
8030,105,105,0,0
8031,94,92,2,2
8032,74,75,-1,1
8033,100,92,8,8
8034,126,116,10,10
8035,73,76,-3,3
8036,83,85,-2,2
8037,141,127,14,14
8038,124,122,2,2
8039,79,83,-4,4
8040,135,126,9,9
8041,81,74,7,7
8042,137,132,5,5
8043,75,77,-2,2
8044,54,74,-20,20
8045,102,103,-1,1
8046,157,137,20,20
8047,93,95,-2,2
8048,155,134,21,21
8049,71,71,0,0
8050,109,106,3,3
8051,60,71,-11,11
8052,57,75,-18,18
8053,113,111,2,2
8054,130,129,1,1
8055,71,85,-14,14
8056,92,91,1,1
8057,148,122,26,26
8058,117,105,12,12
8059,68,71,-3,3
8060,161,142,19,19
8061,85,84,1,1
8062,65,66,-1,1
8063,43,48,-5,5
8064,102,97,5,5
8065,69,67,2,2
8066,185,173,12,12
8067,133,127,6,6
8068,104,102,2,2
8069,105,105,0,0
8070,120,114,6,6
8071,85,81,4,4
8072,73,62,11,11
8073,158,156,2,2
8074,76,79,-3,3
8075,87,74,13,13
8076,148,123,25,25
8077,85,87,-2,2
8078,98,88,10,10
8079,66,74,-8,8
8080,100,102,-2,2
8081,110,109,1,1
8082,86,90,-4,4
8083,119,122,-3,3
8084,75,75,0,0
8085,110,124,-14,14
8086,69,74,-5,5
8087,127,108,19,19
8088,98,91,7,7
8089,116,121,-5,5
8090,65,72,-7,7
8091,94,96,-2,2
8092,58,62,-4,4
8093,68,84,-16,16
8094,118,112,6,6
8095,27,27,0,0
8096,74,70,4,4
8097,81,86,-5,5
8098,98,90,8,8
8099,56,58,-2,2
8100,101,101,0,0
8101,128,118,10,10
8102,104,107,-3,3
8103,69,71,-2,2
8104,130,111,19,19
8105,121,119,2,2
8106,42,82,-40,40
8107,89,96,-7,7
8108,71,68,3,3
8109,129,115,14,14
8110,59,72,-13,13
8111,101,105,-4,4
8112,102,101,1,1
8113,109,112,-3,3
8114,94,87,7,7
8115,108,111,-3,3
8116,102,98,4,4
8117,89,92,-3,3
8118,121,120,1,1
8119,122,130,-8,8
8120,67,77,-10,10
8121,51,66,-15,15
8122,89,88,1,1
8123,88,94,-6,6
8124,131,111,20,20
8125,103,100,3,3
8126,151,165,-14,14
8127,134,141,-7,7
8128,108,107,1,1
8129,92,88,4,4
8130,65,63,2,2
8131,81,85,-4,4
8132,68,79,-11,11
8133,91,89,2,2
8134,114,105,9,9
8135,48,64,-16,16
8136,102,105,-3,3
8137,149,142,7,7
8138,108,106,2,2
8139,60,66,-6,6
8140,103,106,-3,3
8141,65,74,-9,9
8142,119,120,-1,1
8143,104,109,-5,5
8144,64,66,-2,2
8145,48,57,-9,9
8146,55,55,0,0
8147,75,79,-4,4
8148,44,59,-15,15
8149,73,80,-7,7
8150,54,60,-6,6
8151,54,65,-11,11
8152,52,60,-8,8
8153,95,86,9,9
8154,66,75,-9,9
8155,85,98,-13,13
8156,75,69,6,6
8157,95,107,-12,12
8158,95,89,6,6
8159,36,40,-4,4
8160,79,83,-4,4
8161,123,117,6,6
8162,81,75,6,6
8163,176,152,24,24
8164,60,56,4,4
8165,61,76,-15,15
8166,140,122,18,18
8167,127,118,9,9
8168,96,94,2,2
8169,99,93,6,6
8170,108,100,8,8
8171,58,67,-9,9
8172,51,69,-18,18
8173,95,88,7,7
8174,58,72,-14,14
8175,76,70,6,6
8176,116,109,7,7
8177,108,102,6,6
8178,168,146,22,22
8179,27,36,-9,9
8180,145,128,17,17
8181,53,62,-9,9
8182,67,71,-4,4
8183,92,91,1,1
8184,78,74,4,4
8185,113,114,-1,1
8186,141,136,5,5
8187,136,121,15,15
8188,103,105,-2,2
8189,86,87,-1,1
8190,195,188,7,7
8191,75,77,-2,2
8192,63,71,-8,8
8193,66,71,-5,5
8194,127,123,4,4
8195,122,110,12,12
8196,54,101,-47,47
8197,101,104,-3,3
8198,93,76,17,17
8199,64,73,-9,9
8200,108,107,1,1
8201,111,105,6,6
8202,77,70,7,7
8203,154,145,9,9
8204,94,88,6,6
8205,84,88,-4,4
8206,76,90,-14,14
8207,87,81,6,6
8208,126,109,17,17
8209,82,82,0,0
8210,82,85,-3,3
8211,80,80,0,0
8212,126,123,3,3
8213,64,68,-4,4
8214,142,120,22,22
8215,143,134,9,9
8216,127,134,-7,7
8217,76,82,-6,6
8218,57,75,-18,18
8219,109,97,12,12
8220,141,131,10,10
8221,129,118,11,11
8222,114,104,10,10
8223,83,82,1,1
8224,149,142,7,7
8225,47,60,-13,13
8226,88,87,1,1
8227,88,87,1,1
8228,105,106,-1,1
8229,93,99,-6,6
8230,109,96,13,13
8231,87,87,0,0
8232,43,44,-1,1
8233,81,83,-2,2
8234,101,83,18,18
8235,80,68,12,12
8236,112,108,4,4
8237,92,100,-8,8
8238,102,97,5,5
8239,71,72,-1,1
8240,166,148,18,18
8241,98,94,4,4
8242,129,118,11,11
8243,79,87,-8,8
8244,109,103,6,6
8245,145,135,10,10
8246,166,148,18,18
8247,76,82,-6,6
8248,46,56,-10,10
8249,113,104,9,9
8250,75,85,-10,10
8251,86,79,7,7
8252,76,82,-6,6
8253,88,93,-5,5
8254,67,81,-14,14
8255,100,97,3,3
8256,71,84,-13,13
8257,59,68,-9,9
8258,181,168,13,13
8259,56,63,-7,7
8260,114,94,20,20
8261,92,90,2,2
8262,100,103,-3,3
8263,75,95,-20,20
8264,188,165,23,23
8265,51,56,-5,5
8266,84,93,-9,9
8267,171,176,-5,5
8268,66,67,-1,1
8269,92,88,4,4
8270,122,120,2,2
8271,40,58,-18,18
8272,87,89,-2,2
8273,122,118,4,4
8274,98,89,9,9
8275,96,95,1,1
8276,120,112,8,8
8277,82,87,-5,5
8278,88,84,4,4
8279,60,69,-9,9
8280,83,83,0,0
8281,81,71,10,10
8282,151,144,7,7
8283,187,169,18,18
8284,98,106,-8,8
8285,95,89,6,6
8286,77,81,-4,4
8287,144,134,10,10
8288,81,85,-4,4
8289,91,93,-2,2
8290,149,141,8,8
8291,99,112,-13,13
8292,96,87,9,9
8293,129,129,0,0
8294,63,67,-4,4
8295,86,89,-3,3
8296,64,75,-11,11
8297,74,66,8,8
8298,93,89,4,4
8299,85,80,5,5
8300,248,208,40,40
8301,91,89,2,2
8302,58,61,-3,3
8303,93,85,8,8
8304,93,95,-2,2
8305,55,62,-7,7
8306,102,105,-3,3
8307,107,96,11,11
8308,79,83,-4,4
8309,84,80,4,4
8310,95,91,4,4
8311,110,105,5,5
8312,80,79,1,1
8313,44,43,1,1
8314,96,93,3,3
8315,59,72,-13,13
8316,109,107,2,2
8317,198,181,17,17
8318,81,92,-11,11
8319,119,114,5,5
8320,106,107,-1,1
8321,114,103,11,11
8322,51,62,-11,11
8323,110,104,6,6
8324,112,112,0,0
8325,99,102,-3,3
8326,80,79,1,1
8327,59,69,-10,10
8328,110,113,-3,3
8329,125,112,13,13
8330,137,122,15,15
8331,73,77,-4,4
8332,190,173,17,17
8333,137,138,-1,1
8334,46,54,-8,8
8335,124,123,1,1
8336,87,85,2,2
8337,114,102,12,12
8338,83,84,-1,1
8339,85,87,-2,2
8340,142,147,-5,5
8341,108,100,8,8
8342,129,127,2,2
8343,107,99,8,8
8344,109,109,0,0
8345,144,131,13,13
8346,76,78,-2,2
8347,38,62,-24,24
8348,157,149,8,8
8349,55,60,-5,5
8350,99,106,-7,7
8351,153,136,17,17
8352,74,75,-1,1
8353,74,79,-5,5
8354,78,79,-1,1
8355,74,84,-10,10
8356,94,89,5,5
8357,112,102,10,10
8358,141,139,2,2
8359,82,77,5,5
8360,160,151,9,9
8361,103,102,1,1
8362,110,103,7,7
8363,42,53,-11,11
8364,69,74,-5,5
8365,59,56,3,3
8366,98,97,1,1
8367,75,74,1,1
8368,58,62,-4,4
8369,74,71,3,3
8370,108,107,1,1
8371,66,81,-15,15
8372,105,102,3,3
8373,46,65,-19,19
8374,55,57,-2,2
8375,71,66,5,5
8376,115,109,6,6
8377,88,81,7,7
8378,47,50,-3,3
8379,174,153,21,21
8380,94,87,7,7
8381,74,77,-3,3
8382,84,86,-2,2
8383,85,78,7,7
8384,65,62,3,3
8385,39,40,-1,1
8386,118,109,9,9
8387,101,97,4,4
8388,78,86,-8,8
8389,97,107,-10,10
8390,104,96,8,8
8391,98,94,4,4
8392,81,95,-14,14
8393,112,107,5,5
8394,98,95,3,3
8395,96,103,-7,7
8396,53,54,-1,1
8397,67,85,-18,18
8398,70,73,-3,3
8399,114,103,11,11
8400,104,107,-3,3
8401,65,72,-7,7
8402,80,78,2,2
8403,96,82,14,14
8404,70,69,1,1
8405,105,106,-1,1
8406,100,89,11,11
8407,160,142,18,18
8408,91,97,-6,6
8409,100,100,0,0
8410,119,103,16,16
8411,65,73,-8,8
8412,99,103,-4,4
8413,172,135,37,37
8414,83,76,7,7
8415,85,79,6,6
8416,69,69,0,0
8417,59,67,-8,8
8418,93,95,-2,2
8419,81,84,-3,3
8420,75,80,-5,5
8421,62,64,-2,2
8422,115,108,7,7
8423,107,135,-28,28
8424,105,103,2,2
8425,51,61,-10,10
8426,76,84,-8,8
8427,88,97,-9,9
8428,145,135,10,10
8429,114,115,-1,1
8430,38,38,0,0
8431,133,125,8,8
8432,74,76,-2,2
8433,119,113,6,6
8434,96,93,3,3
8435,143,124,19,19
8436,60,62,-2,2
8437,130,113,17,17
8438,120,105,15,15
8439,122,135,-13,13
8440,113,106,7,7
8441,68,78,-10,10
8442,98,94,4,4
8443,143,121,22,22
8444,77,76,1,1
8445,92,94,-2,2
8446,61,67,-6,6
8447,74,80,-6,6
8448,94,83,11,11
8449,102,100,2,2
8450,118,111,7,7
8451,119,113,6,6
8452,193,168,25,25
8453,95,97,-2,2
8454,89,90,-1,1
8455,129,121,8,8
8456,124,110,14,14
8457,84,80,4,4
8458,76,82,-6,6
8459,55,61,-6,6
8460,143,130,13,13
8461,134,118,16,16
8462,88,91,-3,3
8463,132,130,2,2
8464,114,100,14,14
8465,71,75,-4,4
8466,79,77,2,2
8467,101,97,4,4
8468,134,130,4,4
8469,61,30,31,31
8470,81,76,5,5
8471,107,106,1,1
8472,86,82,4,4
8473,83,85,-2,2
8474,94,95,-1,1
8475,102,106,-4,4
8476,110,125,-15,15
8477,137,135,2,2
8478,56,69,-13,13
8479,134,120,14,14
8480,80,87,-7,7
8481,46,53,-7,7
8482,111,109,2,2
8483,112,103,9,9
8484,121,118,3,3
8485,113,109,4,4
8486,91,96,-5,5
8487,47,59,-12,12
8488,65,68,-3,3
8489,56,73,-17,17
8490,83,89,-6,6
8491,85,93,-8,8
8492,102,98,4,4
8493,80,83,-3,3
8494,110,107,3,3
8495,141,137,4,4
8496,90,89,1,1
8497,73,72,1,1
8498,60,64,-4,4
8499,178,141,37,37
8500,124,129,-5,5
8501,108,101,7,7
8502,100,102,-2,2
8503,78,85,-7,7
8504,115,117,-2,2
8505,127,129,-2,2
8506,47,51,-4,4
8507,58,65,-7,7
8508,151,133,18,18
8509,104,93,11,11
8510,56,69,-13,13
8511,79,87,-8,8
8512,67,76,-9,9
8513,109,109,0,0
8514,83,78,5,5
8515,101,79,22,22
8516,78,85,-7,7
8517,101,126,-25,25
8518,64,76,-12,12
8519,69,73,-4,4
8520,81,81,0,0
8521,185,171,14,14
8522,89,83,6,6
8523,137,118,19,19
8524,98,92,6,6
8525,185,162,23,23
8526,62,69,-7,7
8527,135,125,10,10
8528,140,125,15,15
8529,166,162,4,4
8530,68,77,-9,9
8531,100,108,-8,8
8532,122,129,-7,7
8533,105,103,2,2
8534,129,122,7,7
8535,117,112,5,5
8536,74,81,-7,7
8537,91,87,4,4
8538,96,96,0,0
8539,96,97,-1,1
8540,76,86,-10,10
8541,106,95,11,11
8542,71,72,-1,1
8543,43,54,-11,11
8544,88,84,4,4
8545,79,91,-12,12
8546,104,100,4,4
8547,82,87,-5,5
8548,112,114,-2,2
8549,104,104,0,0
8550,55,63,-8,8
8551,90,88,2,2
8552,47,65,-18,18
8553,111,102,9,9
8554,127,122,5,5
8555,67,79,-12,12
8556,163,142,21,21
8557,154,148,6,6
8558,63,72,-9,9
8559,50,57,-7,7
8560,56,68,-12,12
8561,104,111,-7,7
8562,80,88,-8,8
8563,83,79,4,4
8564,64,69,-5,5
8565,55,61,-6,6
8566,84,77,7,7
8567,130,122,8,8
8568,85,87,-2,2
8569,109,107,2,2
8570,153,137,16,16
8571,104,103,1,1
8572,129,121,8,8
8573,106,100,6,6
8574,173,163,10,10
8575,93,93,0,0
8576,93,87,6,6
8577,99,95,4,4
8578,66,72,-6,6
8579,98,94,4,4
8580,110,134,-24,24
8581,50,66,-16,16
8582,104,103,1,1
8583,110,100,10,10
8584,60,76,-16,16
8585,102,96,6,6
8586,87,83,4,4
8587,133,130,3,3
8588,133,127,6,6
8589,122,104,18,18
8590,92,90,2,2
8591,139,133,6,6
8592,52,57,-5,5
8593,83,95,-12,12
8594,91,87,4,4
8595,65,65,0,0
8596,113,111,2,2
8597,77,81,-4,4
8598,161,145,16,16
8599,92,94,-2,2
8600,180,148,32,32
8601,77,75,2,2
8602,109,105,4,4
8603,81,86,-5,5
8604,98,102,-4,4
8605,54,58,-4,4
8606,126,117,9,9
8607,91,96,-5,5
8608,77,85,-8,8
8609,124,116,8,8
8610,78,82,-4,4
8611,189,153,36,36
8612,80,80,0,0
8613,159,134,25,25
8614,73,81,-8,8
8615,90,101,-11,11
8616,62,68,-6,6
8617,90,89,1,1
8618,134,137,-3,3
8619,121,103,18,18
8620,87,83,4,4
8621,59,64,-5,5
8622,89,102,-13,13
8623,105,107,-2,2
8624,97,93,4,4
8625,110,103,7,7
8626,141,122,19,19
8627,85,87,-2,2
8628,132,125,7,7
8629,89,87,2,2
8630,75,85,-10,10
8631,81,78,3,3
8632,77,74,3,3
8633,104,100,4,4
8634,132,137,-5,5
8635,136,122,14,14
8636,82,88,-6,6
8637,85,91,-6,6
8638,76,76,0,0
8639,109,123,-14,14
8640,51,63,-12,12
8641,85,94,-9,9
8642,58,65,-7,7
8643,161,152,9,9
8644,85,90,-5,5
8645,61,62,-1,1
8646,82,83,-1,1
8647,114,114,0,0
8648,113,106,7,7
8649,82,80,2,2
8650,128,121,7,7
8651,113,114,-1,1
8652,61,78,-17,17
8653,85,78,7,7
8654,112,104,8,8
8655,76,83,-7,7
8656,89,88,1,1
8657,142,127,15,15
8658,81,81,0,0
8659,143,137,6,6
8660,94,85,9,9
8661,134,110,24,24
8662,59,63,-4,4
8663,55,63,-8,8
8664,75,81,-6,6
8665,87,92,-5,5
8666,69,62,7,7
8667,104,103,1,1
8668,57,53,4,4
8669,68,67,1,1
8670,169,151,18,18
8671,114,118,-4,4
8672,92,89,3,3
8673,97,86,11,11
8674,121,115,6,6
8675,89,80,9,9
8676,116,114,2,2
8677,93,99,-6,6
8678,116,105,11,11
8679,125,125,0,0
8680,82,109,-27,27
8681,50,54,-4,4
8682,46,51,-5,5
8683,45,58,-13,13
8684,120,117,3,3
8685,93,91,2,2
8686,102,98,4,4
8687,126,118,8,8
8688,108,125,-17,17
8689,110,106,4,4
8690,101,97,4,4
8691,73,74,-1,1
8692,58,59,-1,1
8693,113,107,6,6
8694,136,137,-1,1
8695,64,72,-8,8
8696,125,154,-29,29
8697,88,81,7,7
8698,92,89,3,3
8699,106,101,5,5
8700,90,105,-15,15
8701,85,84,1,1
8702,80,81,-1,1
8703,110,106,4,4
8704,80,81,-1,1
8705,117,106,11,11
8706,47,68,-21,21
8707,112,103,9,9
8708,84,86,-2,2
8709,116,109,7,7
8710,61,70,-9,9
8711,82,81,1,1
8712,164,135,29,29
8713,125,119,6,6
8714,80,84,-4,4
8715,66,72,-6,6
8716,61,71,-10,10
8717,82,102,-20,20
8718,81,87,-6,6
8719,143,123,20,20
8720,145,123,22,22
8721,75,76,-1,1
8722,60,81,-21,21
8723,86,90,-4,4
8724,99,103,-4,4
8725,112,108,4,4
8726,98,96,2,2
8727,96,88,8,8
8728,64,73,-9,9
8729,62,68,-6,6
8730,123,125,-2,2
8731,83,87,-4,4
8732,101,101,0,0
8733,27,29,-2,2
8734,167,151,16,16
8735,149,142,7,7
8736,94,92,2,2
8737,155,142,13,13
8738,39,39,0,0
8739,62,68,-6,6
8740,81,72,9,9
8741,58,65,-7,7
8742,74,82,-8,8
8743,139,132,7,7
8744,74,79,-5,5
8745,84,89,-5,5
8746,155,119,36,36
8747,114,114,0,0
8748,152,199,-47,47
8749,104,93,11,11
8750,92,100,-8,8
8751,55,67,-12,12
8752,91,90,1,1
8753,90,85,5,5
8754,86,84,2,2
8755,76,105,-29,29
8756,86,90,-4,4
8757,49,51,-2,2
8758,105,105,0,0
8759,67,71,-4,4
8760,96,120,-24,24
8761,105,104,1,1
8762,98,88,10,10
8763,114,112,2,2
8764,114,115,-1,1
8765,103,115,-12,12
8766,128,120,8,8
8767,110,101,9,9
8768,89,80,9,9
8769,67,69,-2,2
8770,136,119,17,17
8771,154,142,12,12
8772,62,83,-21,21
8773,109,107,2,2
8774,91,92,-1,1
8775,63,70,-7,7
8776,172,154,18,18
8777,93,85,8,8
8778,81,82,-1,1
8779,87,94,-7,7
8780,49,67,-18,18
8781,157,152,5,5
8782,87,87,0,0
8783,61,87,-26,26
8784,60,61,-1,1
8785,129,120,9,9
8786,75,73,2,2
8787,86,95,-9,9
8788,37,41,-4,4
8789,110,109,1,1
8790,124,116,8,8
8791,65,73,-8,8
8792,148,149,-1,1
8793,73,87,-14,14
8794,105,110,-5,5
8795,70,78,-8,8
8796,63,77,-14,14
8797,71,73,-2,2
8798,71,77,-6,6
8799,68,76,-8,8
8800,96,90,6,6
8801,87,85,2,2
8802,88,91,-3,3
8803,69,70,-1,1
8804,83,87,-4,4
8805,72,86,-14,14
8806,98,102,-4,4
8807,126,117,9,9
8808,45,56,-11,11
8809,52,57,-5,5
8810,103,104,-1,1
8811,77,75,2,2
8812,83,79,4,4
8813,73,67,6,6
8814,108,103,5,5
8815,73,80,-7,7
8816,80,85,-5,5
8817,57,62,-5,5
8818,63,66,-3,3
8819,24,26,-2,2
8820,89,79,10,10
8821,61,73,-12,12
8822,97,101,-4,4
8823,85,87,-2,2
8824,143,136,7,7
8825,129,121,8,8
8826,75,86,-11,11
8827,71,78,-7,7
8828,92,88,4,4
8829,72,71,1,1
8830,91,82,9,9
8831,83,76,7,7
8832,75,78,-3,3
8833,66,72,-6,6
8834,43,57,-14,14
8835,127,118,9,9
8836,125,127,-2,2
8837,44,53,-9,9
8838,51,65,-14,14
8839,54,61,-7,7
8840,203,216,-13,13
8841,127,116,11,11
8842,102,97,5,5
8843,81,81,0,0
8844,69,70,-1,1
8845,121,116,5,5
8846,85,83,2,2
8847,125,113,12,12
8848,138,123,15,15
8849,191,159,32,32
8850,92,96,-4,4
8851,94,90,4,4
8852,128,124,4,4
8853,35,55,-20,20
8854,104,102,2,2
8855,86,80,6,6
8856,132,113,19,19
8857,89,87,2,2
8858,48,57,-9,9
8859,75,69,6,6
8860,80,71,9,9
8861,100,95,5,5
8862,115,112,3,3
8863,135,126,9,9
8864,88,93,-5,5
8865,108,103,5,5
8866,141,138,3,3
8867,81,80,1,1
8868,147,142,5,5
8869,94,89,5,5
8870,86,88,-2,2
8871,125,119,6,6
8872,62,69,-7,7
8873,82,83,-1,1
8874,123,116,7,7
8875,80,77,3,3
8876,108,105,3,3
8877,91,83,8,8
8878,124,115,9,9
8879,93,101,-8,8
8880,141,145,-4,4
8881,97,72,25,25
8882,177,155,22,22
8883,80,86,-6,6
8884,133,147,-14,14
8885,98,103,-5,5
8886,104,97,7,7
8887,64,70,-6,6
8888,170,154,16,16
8889,91,95,-4,4
8890,98,98,0,0
8891,125,114,11,11
8892,65,71,-6,6
8893,86,89,-3,3
8894,75,66,9,9
8895,72,76,-4,4
8896,53,73,-20,20
8897,93,85,8,8
8898,69,70,-1,1
8899,95,86,9,9
8900,76,82,-6,6
8901,73,76,-3,3
8902,56,60,-4,4
8903,92,90,2,2
8904,43,57,-14,14
8905,60,65,-5,5
8906,74,82,-8,8
8907,85,90,-5,5
8908,91,91,0,0
8909,92,89,3,3
8910,91,89,2,2
8911,60,75,-15,15
8912,142,140,2,2
8913,127,129,-2,2
8914,87,87,0,0
8915,130,131,-1,1
8916,104,103,1,1
8917,62,65,-3,3
8918,125,124,1,1
8919,96,172,-76,76
8920,170,138,32,32
8921,103,119,-16,16
8922,185,164,21,21
8923,80,81,-1,1
8924,56,70,-14,14
8925,105,116,-11,11
8926,63,70,-7,7
8927,88,92,-4,4
8928,79,85,-6,6
8929,60,76,-16,16
8930,84,88,-4,4
8931,123,125,-2,2
8932,107,106,1,1
8933,94,100,-6,6
8934,70,73,-3,3
8935,141,119,22,22
8936,56,52,4,4
8937,166,155,11,11
8938,120,105,15,15
8939,137,121,16,16
8940,88,99,-11,11
8941,127,103,24,24
8942,157,143,14,14
8943,130,132,-2,2
8944,106,111,-5,5
8945,131,127,4,4
8946,54,62,-8,8
8947,132,122,10,10
8948,80,81,-1,1
8949,81,87,-6,6
8950,128,111,17,17
8951,36,44,-8,8
8952,106,105,1,1
8953,85,87,-2,2
8954,64,67,-3,3
8955,81,84,-3,3
8956,120,112,8,8
8957,130,116,14,14
8958,99,90,9,9
8959,70,70,0,0
8960,78,73,5,5
8961,112,111,1,1
8962,82,83,-1,1
8963,184,156,28,28
8964,129,135,-6,6
8965,111,103,8,8
8966,99,104,-5,5
8967,51,67,-16,16
8968,102,95,7,7
8969,66,75,-9,9
8970,74,76,-2,2
8971,129,127,2,2
8972,54,63,-9,9
8973,117,131,-14,14
8974,120,112,8,8
8975,73,81,-8,8
8976,177,163,14,14
8977,157,144,13,13
8978,77,83,-6,6
8979,55,60,-5,5
8980,132,120,12,12
8981,180,157,23,23
8982,72,71,1,1
8983,88,94,-6,6
8984,71,77,-6,6
8985,85,83,2,2
8986,51,53,-2,2
8987,61,68,-7,7
8988,76,73,3,3
8989,90,90,0,0
8990,64,76,-12,12
8991,67,88,-21,21
8992,95,95,0,0
8993,46,52,-6,6
8994,92,85,7,7
8995,121,134,-13,13
8996,93,96,-3,3
8997,92,95,-3,3
8998,52,57,-5,5
8999,112,117,-5,5
9000,66,107,-41,41
9001,76,71,5,5
9002,157,144,13,13
9003,75,78,-3,3
9004,68,72,-4,4
9005,64,72,-8,8
9006,135,119,16,16
9007,107,102,5,5
9008,79,93,-14,14
9009,82,84,-2,2
9010,101,93,8,8
9011,142,157,-15,15
9012,108,107,1,1
9013,93,97,-4,4
9014,111,112,-1,1
9015,111,103,8,8
9016,101,90,11,11
9017,67,72,-5,5
9018,58,61,-3,3
9019,117,109,8,8
9020,100,97,3,3
9021,96,95,1,1
9022,106,104,2,2
9023,82,85,-3,3
9024,57,64,-7,7
9025,95,88,7,7
9026,92,91,1,1
9027,78,82,-4,4
9028,85,81,4,4
9029,46,45,1,1
9030,60,74,-14,14
9031,68,74,-6,6
9032,90,89,1,1
9033,106,104,2,2
9034,72,71,1,1
9035,91,87,4,4
9036,142,134,8,8
9037,63,63,0,0
9038,55,60,-5,5
9039,112,106,6,6
9040,165,160,5,5
9041,80,80,0,0
9042,58,61,-3,3
9043,96,102,-6,6
9044,69,72,-3,3
9045,85,101,-16,16
9046,74,80,-6,6
9047,148,135,13,13
9048,61,62,-1,1
9049,114,113,1,1
9050,117,113,4,4
9051,87,88,-1,1
9052,148,137,11,11
9053,129,119,10,10
9054,100,97,3,3
9055,79,80,-1,1
9056,84,85,-1,1
9057,75,75,0,0
9058,101,102,-1,1
9059,74,79,-5,5
9060,98,85,13,13
9061,97,96,1,1
9062,58,59,-1,1
9063,104,102,2,2
9064,122,114,8,8
9065,33,44,-11,11
9066,62,62,0,0
9067,59,69,-10,10
9068,66,77,-11,11
9069,112,104,8,8
9070,109,100,9,9
9071,67,71,-4,4
9072,157,166,-9,9
9073,147,142,5,5
9074,114,110,4,4
9075,45,43,2,2
9076,71,80,-9,9
9077,135,127,8,8
9078,64,61,3,3
9079,101,107,-6,6
9080,93,96,-3,3
9081,92,85,7,7
9082,128,121,7,7
9083,90,85,5,5
9084,113,99,14,14
9085,62,66,-4,4
9086,66,67,-1,1
9087,69,75,-6,6
9088,90,88,2,2
9089,69,69,0,0
9090,87,92,-5,5
9091,70,82,-12,12
9092,88,88,0,0
9093,60,72,-12,12
9094,172,150,22,22
9095,94,94,0,0
9096,53,63,-10,10
9097,81,77,4,4
9098,103,94,9,9
9099,146,132,14,14
9100,93,90,3,3
9101,106,108,-2,2
9102,115,105,10,10
9103,171,151,20,20
9104,80,80,0,0
9105,89,80,9,9
9106,75,85,-10,10
9107,197,175,22,22
9108,52,64,-12,12
9109,56,62,-6,6
9110,76,75,1,1
9111,136,130,6,6
9112,127,124,3,3
9113,102,104,-2,2
9114,100,101,-1,1
9115,154,139,15,15
9116,127,134,-7,7
9117,115,105,10,10
9118,69,75,-6,6
9119,113,100,13,13
9120,116,112,4,4
9121,92,97,-5,5
9122,95,98,-3,3
9123,81,75,6,6
9124,81,85,-4,4
9125,148,143,5,5
9126,94,91,3,3
9127,117,116,1,1
9128,47,56,-9,9
9129,100,90,10,10
9130,133,122,11,11
9131,79,101,-22,22
9132,147,133,14,14
9133,62,68,-6,6
9134,77,84,-7,7
9135,154,136,18,18
9136,112,114,-2,2
9137,65,66,-1,1
9138,42,48,-6,6
9139,114,122,-8,8
9140,114,108,6,6
9141,77,76,1,1
9142,68,76,-8,8
9143,84,88,-4,4
9144,120,120,0,0
9145,132,129,3,3
9146,113,119,-6,6
9147,86,86,0,0
9148,78,83,-5,5
9149,73,90,-17,17
9150,68,64,4,4
9151,93,97,-4,4
9152,113,121,-8,8
9153,58,66,-8,8
9154,63,67,-4,4
9155,54,51,3,3
9156,123,105,18,18
9157,43,47,-4,4
9158,82,85,-3,3
9159,144,132,12,12
9160,73,95,-22,22
9161,49,55,-6,6
9162,103,97,6,6
9163,179,174,5,5
9164,106,103,3,3
9165,93,99,-6,6
9166,135,139,-4,4
9167,120,119,1,1
9168,130,117,13,13
9169,79,93,-14,14
9170,82,82,0,0
9171,55,62,-7,7
9172,74,70,4,4
9173,153,144,9,9
9174,93,93,0,0
9175,107,102,5,5
9176,136,142,-6,6
9177,88,92,-4,4
9178,56,70,-14,14
9179,171,147,24,24
9180,115,109,6,6
9181,53,66,-13,13
9182,124,125,-1,1
9183,117,106,11,11
9184,76,81,-5,5
9185,168,150,18,18
9186,78,77,1,1
9187,42,46,-4,4
9188,74,80,-6,6
9189,156,133,23,23
9190,81,78,3,3
9191,88,82,6,6
9192,169,148,21,21
9193,74,77,-3,3
9194,108,108,0,0
9195,98,94,4,4
9196,175,171,4,4
9197,39,45,-6,6
9198,47,60,-13,13
9199,100,85,15,15
9200,105,92,13,13
9201,103,103,0,0
9202,114,109,5,5
9203,65,71,-6,6
9204,70,73,-3,3
9205,79,85,-6,6
9206,96,100,-4,4
9207,123,126,-3,3
9208,94,95,-1,1
9209,124,123,1,1
9210,102,93,9,9
9211,108,105,3,3
9212,78,85,-7,7
9213,111,109,2,2
9214,84,94,-10,10
9215,58,54,4,4
9216,124,118,6,6
9217,92,88,4,4
9218,75,80,-5,5
9219,64,56,8,8
9220,89,86,3,3
9221,88,94,-6,6
9222,58,70,-12,12
9223,116,109,7,7
9224,57,66,-9,9
9225,98,100,-2,2
9226,138,136,2,2
9227,87,92,-5,5
9228,58,63,-5,5
9229,141,128,13,13
9230,72,74,-2,2
9231,63,75,-12,12
9232,173,154,19,19
9233,113,106,7,7
9234,114,105,9,9
9235,95,89,6,6
9236,80,86,-6,6
9237,75,79,-4,4
9238,113,110,3,3
9239,86,96,-10,10
9240,54,63,-9,9
9241,99,95,4,4
9242,149,134,15,15
9243,73,64,9,9
9244,86,84,2,2
9245,108,103,5,5
9246,74,73,1,1
9247,59,64,-5,5
9248,106,108,-2,2
9249,158,132,26,26
9250,45,68,-23,23
9251,77,79,-2,2
9252,116,124,-8,8
9253,52,58,-6,6
9254,93,98,-5,5
9255,129,119,10,10
9256,63,71,-8,8
9257,41,47,-6,6
9258,62,61,1,1
9259,168,152,16,16
9260,117,113,4,4
9261,142,130,12,12
9262,112,104,8,8
9263,101,101,0,0
9264,86,83,3,3
9265,77,83,-6,6
9266,141,130,11,11
9267,80,91,-11,11
9268,107,116,-9,9
9269,90,90,0,0
9270,65,71,-6,6
9271,57,55,2,2
9272,89,83,6,6
9273,63,66,-3,3
9274,121,111,10,10
9275,108,104,4,4
9276,83,87,-4,4
9277,116,111,5,5
9278,66,75,-9,9
9279,128,124,4,4
9280,98,96,2,2
9281,76,78,-2,2
9282,130,119,11,11
9283,55,62,-7,7
9284,64,72,-8,8
9285,107,118,-11,11
9286,117,106,11,11
9287,124,117,7,7
9288,88,87,1,1
9289,44,46,-2,2
9290,89,87,2,2
9291,82,87,-5,5
9292,78,78,0,0
9293,63,72,-9,9
9294,60,59,1,1
9295,55,62,-7,7
9296,80,85,-5,5
9297,56,64,-8,8
9298,68,76,-8,8
9299,177,167,10,10
9300,69,73,-4,4
9301,63,72,-9,9
9302,116,107,9,9
9303,96,100,-4,4
9304,142,122,20,20
9305,85,83,2,2
9306,56,67,-11,11
9307,91,89,2,2
9308,72,76,-4,4
9309,69,83,-14,14
9310,114,102,12,12
9311,131,130,1,1
9312,70,76,-6,6
9313,138,129,9,9
9314,103,99,4,4
9315,69,76,-7,7
9316,97,95,2,2
9317,98,111,-13,13
9318,117,107,10,10
9319,95,101,-6,6
9320,130,120,10,10
9321,174,149,25,25
9322,114,116,-2,2
9323,87,100,-13,13
9324,92,90,2,2
9325,57,66,-9,9
9326,93,89,4,4
9327,90,87,3,3
9328,87,95,-8,8
9329,87,89,-2,2
9330,115,114,1,1
9331,103,103,0,0
9332,66,68,-2,2
9333,95,94,1,1
9334,98,96,2,2
9335,82,82,0,0
9336,63,65,-2,2
9337,39,47,-8,8
9338,60,72,-12,12
9339,112,105,7,7
9340,159,149,10,10
9341,41,52,-11,11
9342,96,94,2,2
9343,117,108,9,9
9344,69,83,-14,14
9345,82,87,-5,5
9346,125,113,12,12
9347,82,81,1,1
9348,65,73,-8,8
9349,92,83,9,9
9350,91,93,-2,2
9351,91,87,4,4
9352,95,89,6,6
9353,28,45,-17,17
9354,64,63,1,1
9355,73,74,-1,1
9356,122,108,14,14
9357,76,83,-7,7
9358,82,80,2,2
9359,134,122,12,12
9360,118,107,11,11
9361,72,80,-8,8
9362,96,119,-23,23
9363,176,151,25,25
9364,156,144,12,12
9365,64,82,-18,18
9366,99,107,-8,8
9367,94,92,2,2
9368,84,75,9,9
9369,88,90,-2,2
9370,144,138,6,6
9371,123,111,12,12
9372,99,104,-5,5
9373,63,85,-22,22
9374,64,70,-6,6
9375,141,125,16,16
9376,71,86,-15,15
9377,166,148,18,18
9378,118,111,7,7
9379,120,107,13,13
9380,145,132,13,13
9381,87,88,-1,1
9382,90,92,-2,2
9383,80,87,-7,7
9384,125,121,4,4
9385,59,56,3,3
9386,171,144,27,27
9387,72,70,2,2
9388,121,105,16,16
9389,47,53,-6,6
9390,73,83,-10,10
9391,124,106,18,18
9392,87,95,-8,8
9393,95,95,0,0
9394,77,83,-6,6
9395,167,157,10,10
9396,53,52,1,1
9397,89,84,5,5
9398,83,78,5,5
9399,77,87,-10,10
9400,127,122,5,5
9401,94,96,-2,2
9402,95,86,9,9
9403,93,94,-1,1
9404,74,75,-1,1
9405,112,114,-2,2
9406,117,106,11,11
9407,69,73,-4,4
9408,88,97,-9,9
9409,71,75,-4,4
9410,57,57,0,0
9411,89,86,3,3
9412,98,111,-13,13
9413,123,120,3,3
9414,88,89,-1,1
9415,136,118,18,18
9416,85,77,8,8
9417,93,91,2,2
9418,150,145,5,5
9419,50,59,-9,9
9420,77,84,-7,7
9421,87,89,-2,2
9422,123,115,8,8
9423,71,78,-7,7
9424,142,136,6,6
9425,78,84,-6,6
9426,111,103,8,8
9427,54,69,-15,15
9428,66,70,-4,4
9429,110,104,6,6
9430,96,90,6,6
9431,56,62,-6,6
9432,17,28,-11,11
9433,84,81,3,3
9434,108,109,-1,1
9435,103,89,14,14
9436,102,102,0,0
9437,81,87,-6,6
9438,125,121,4,4
9439,120,126,-6,6
9440,89,86,3,3
9441,73,71,2,2
9442,110,102,8,8
9443,86,86,0,0
9444,94,94,0,0
9445,76,76,0,0
9446,72,75,-3,3
9447,41,52,-11,11
9448,129,122,7,7
9449,80,81,-1,1
9450,92,86,6,6
9451,208,170,38,38
9452,170,158,12,12
9453,88,92,-4,4
9454,43,50,-7,7
9455,65,66,-1,1
9456,52,60,-8,8
9457,44,47,-3,3
9458,96,102,-6,6
9459,165,152,13,13
9460,92,84,8,8
9461,104,89,15,15
9462,131,124,7,7
9463,73,79,-6,6
9464,131,116,15,15
9465,51,73,-22,22
9466,63,72,-9,9
9467,107,110,-3,3
9468,109,121,-12,12
9469,131,111,20,20
9470,96,90,6,6
9471,90,79,11,11
9472,60,72,-12,12
9473,106,104,2,2
9474,101,89,12,12
9475,67,69,-2,2
9476,117,114,3,3
9477,76,81,-5,5
9478,78,76,2,2
9479,94,89,5,5
9480,95,97,-2,2
9481,78,70,8,8
9482,133,129,4,4
9483,41,68,-27,27
9484,105,103,2,2
9485,102,95,7,7
9486,88,95,-7,7
9487,106,104,2,2
9488,89,88,1,1
9489,98,116,-18,18
9490,128,115,13,13
9491,102,103,-1,1
9492,132,133,-1,1
9493,101,96,5,5
9494,144,137,7,7
9495,61,69,-8,8
9496,61,66,-5,5
9497,114,116,-2,2
9498,125,117,8,8
9499,70,72,-2,2
9500,83,93,-10,10
9501,147,139,8,8
9502,97,104,-7,7
9503,82,84,-2,2
9504,87,82,5,5
9505,94,92,2,2
9506,54,69,-15,15
9507,71,84,-13,13
9508,105,95,10,10
9509,87,91,-4,4
9510,95,104,-9,9
9511,71,78,-7,7
9512,76,87,-11,11
9513,123,117,6,6
9514,127,114,13,13
9515,84,94,-10,10
9516,48,55,-7,7
9517,108,92,16,16
9518,157,127,30,30
9519,54,60,-6,6
9520,100,91,9,9
9521,118,109,9,9
9522,57,66,-9,9
9523,137,126,11,11
9524,80,89,-9,9
9525,48,58,-10,10
9526,49,47,2,2
9527,94,95,-1,1
9528,101,91,10,10
9529,64,71,-7,7
9530,114,123,-9,9
9531,82,80,2,2
9532,62,70,-8,8
9533,57,69,-12,12
9534,88,93,-5,5
9535,92,99,-7,7
9536,66,83,-17,17
9537,76,84,-8,8
9538,59,62,-3,3
9539,89,87,2,2
9540,63,69,-6,6
9541,51,52,-1,1
9542,123,117,6,6
9543,88,91,-3,3
9544,59,67,-8,8
9545,66,69,-3,3
9546,135,116,19,19
9547,54,63,-9,9
9548,24,29,-5,5
9549,91,79,12,12
9550,166,151,15,15
9551,45,51,-6,6
9552,95,89,6,6
9553,99,98,1,1
9554,70,80,-10,10
9555,81,76,5,5
9556,97,89,8,8
9557,75,89,-14,14
9558,55,69,-14,14
9559,86,92,-6,6
9560,172,152,20,20
9561,65,81,-16,16
9562,174,152,22,22
9563,78,81,-3,3
9564,81,89,-8,8
9565,68,70,-2,2
9566,74,68,6,6
9567,46,53,-7,7
9568,119,122,-3,3
9569,48,59,-11,11
9570,112,113,-1,1
9571,135,145,-10,10
9572,91,81,10,10
9573,103,95,8,8
9574,95,114,-19,19
9575,91,78,13,13
9576,201,168,33,33
9577,89,90,-1,1
9578,71,72,-1,1
9579,198,176,22,22
9580,93,84,9,9
9581,82,83,-1,1
9582,132,122,10,10
9583,79,87,-8,8
9584,60,69,-9,9
9585,72,85,-13,13
9586,107,108,-1,1
9587,112,113,-1,1
9588,99,103,-4,4
9589,104,109,-5,5
9590,68,72,-4,4
9591,57,63,-6,6
9592,47,57,-10,10
9593,96,93,3,3
9594,95,108,-13,13
9595,43,51,-8,8
9596,116,105,11,11
9597,65,72,-7,7
9598,106,88,18,18
9599,117,124,-7,7
9600,96,94,2,2
9601,67,70,-3,3
9602,100,88,12,12
9603,108,107,1,1
9604,103,99,4,4
9605,58,68,-10,10
9606,88,87,1,1
9607,133,120,13,13
9608,161,149,12,12
9609,95,88,7,7
9610,99,89,10,10
9611,69,68,1,1
9612,112,106,6,6
9613,127,115,12,12
9614,66,74,-8,8
9615,116,117,-1,1
9616,105,112,-7,7
9617,100,91,9,9
9618,93,95,-2,2
9619,79,88,-9,9
9620,121,111,10,10
9621,86,95,-9,9
9622,88,80,8,8
9623,177,151,26,26
9624,67,65,2,2
9625,73,80,-7,7
9626,105,101,4,4
9627,115,111,4,4
9628,141,132,9,9
9629,75,81,-6,6
9630,58,65,-7,7
9631,86,88,-2,2
9632,137,128,9,9
9633,113,111,2,2
9634,92,91,1,1
9635,83,92,-9,9
9636,103,111,-8,8
9637,145,118,27,27
9638,84,83,1,1
9639,123,124,-1,1
9640,104,100,4,4
9641,61,64,-3,3
9642,79,96,-17,17
9643,90,109,-19,19
9644,115,115,0,0
9645,138,141,-3,3
9646,80,83,-3,3
9647,92,94,-2,2
9648,126,118,8,8
9649,62,55,7,7
9650,81,86,-5,5
9651,88,84,4,4
9652,90,90,0,0
9653,70,75,-5,5
9654,113,112,1,1
9655,81,84,-3,3
9656,70,81,-11,11
9657,87,86,1,1
9658,62,70,-8,8
9659,54,62,-8,8
9660,85,83,2,2
9661,76,77,-1,1
9662,44,52,-8,8
9663,106,101,5,5
9664,116,111,5,5
9665,114,134,-20,20
9666,156,143,13,13
9667,127,114,13,13
9668,61,68,-7,7
9669,57,60,-3,3
9670,128,124,4,4
9671,90,85,5,5
9672,113,107,6,6
9673,81,76,5,5
9674,48,63,-15,15
9675,47,53,-6,6
9676,139,124,15,15
9677,154,144,10,10
9678,104,107,-3,3
9679,97,95,2,2
9680,123,119,4,4
9681,68,62,6,6
9682,94,99,-5,5
9683,77,89,-12,12
9684,45,51,-6,6
9685,78,80,-2,2
9686,75,81,-6,6
9687,79,78,1,1
9688,175,169,6,6
9689,117,112,5,5
9690,108,102,6,6
9691,106,107,-1,1
9692,82,75,7,7
9693,112,103,9,9
9694,74,76,-2,2
9695,117,116,1,1
9696,94,96,-2,2
9697,226,192,34,34
9698,120,108,12,12
9699,40,47,-7,7
9700,40,105,-65,65
9701,119,118,1,1
9702,51,60,-9,9
9703,61,67,-6,6
9704,119,111,8,8
9705,97,87,10,10
9706,70,79,-9,9
9707,101,91,10,10
9708,160,146,14,14
9709,88,86,2,2
9710,41,56,-15,15
9711,86,84,2,2
9712,76,84,-8,8
9713,66,75,-9,9
9714,110,109,1,1
9715,120,114,6,6
9716,97,97,0,0
9717,89,96,-7,7
9718,117,111,6,6
9719,59,73,-14,14
9720,145,139,6,6
9721,84,80,4,4
9722,78,89,-11,11
9723,65,69,-4,4
9724,62,68,-6,6
9725,114,110,4,4
9726,76,81,-5,5
9727,51,61,-10,10
9728,131,136,-5,5
9729,162,163,-1,1
9730,90,102,-12,12
9731,95,100,-5,5
9732,49,69,-20,20
9733,81,86,-5,5
9734,103,102,1,1
9735,136,139,-3,3
9736,116,111,5,5
9737,74,77,-3,3
9738,54,67,-13,13
9739,110,111,-1,1
9740,113,103,10,10
9741,142,117,25,25
9742,130,107,23,23
9743,156,141,15,15
9744,186,175,11,11
9745,70,73,-3,3
9746,115,105,10,10
9747,149,127,22,22
9748,135,120,15,15
9749,72,74,-2,2
9750,143,134,9,9
9751,190,166,24,24
9752,117,122,-5,5
9753,124,109,15,15
9754,78,88,-10,10
9755,90,92,-2,2
9756,49,51,-2,2
9757,52,64,-12,12
9758,48,57,-9,9
9759,69,74,-5,5
9760,69,79,-10,10
9761,40,56,-16,16
9762,89,96,-7,7
9763,85,86,-1,1
9764,104,108,-4,4
9765,130,119,11,11
9766,110,94,16,16
9767,136,124,12,12
9768,91,81,10,10
9769,83,88,-5,5
9770,50,55,-5,5
9771,104,104,0,0
9772,83,78,5,5
9773,114,112,2,2
9774,119,127,-8,8
9775,88,84,4,4
9776,68,93,-25,25
9777,84,102,-18,18
9778,93,77,16,16
9779,56,58,-2,2
9780,66,74,-8,8
9781,60,64,-4,4
9782,58,67,-9,9
9783,142,134,8,8
9784,197,172,25,25
9785,53,60,-7,7
9786,86,103,-17,17
9787,85,87,-2,2
9788,153,130,23,23
9789,58,65,-7,7
9790,78,79,-1,1
9791,159,143,16,16
9792,129,124,5,5
9793,115,112,3,3
9794,64,66,-2,2
9795,142,133,9,9
9796,83,82,1,1
9797,171,165,6,6
9798,137,141,-4,4
9799,107,106,1,1
9800,101,88,13,13
9801,75,71,4,4
9802,103,95,8,8
9803,80,82,-2,2
9804,51,63,-12,12
9805,92,83,9,9
9806,88,88,0,0
9807,96,99,-3,3
9808,140,125,15,15
9809,107,105,2,2
9810,59,68,-9,9
9811,128,110,18,18
9812,80,79,1,1
9813,40,46,-6,6
9814,139,132,7,7
9815,79,73,6,6
9816,89,86,3,3
9817,127,120,7,7
9818,132,118,14,14
9819,104,106,-2,2
9820,100,89,11,11
9821,76,76,0,0
9822,182,142,40,40
9823,43,48,-5,5
9824,56,63,-7,7
9825,140,131,9,9
9826,98,101,-3,3
9827,66,78,-12,12
9828,52,53,-1,1
9829,100,97,3,3
9830,131,114,17,17
9831,47,35,12,12
9832,57,65,-8,8
9833,58,65,-7,7
9834,100,95,5,5
9835,143,144,-1,1
9836,81,77,4,4
9837,130,112,18,18
9838,63,76,-13,13
9839,84,104,-20,20
9840,86,87,-1,1
9841,118,113,5,5
9842,109,101,8,8
9843,176,168,8,8
9844,68,75,-7,7
9845,102,103,-1,1
9846,65,67,-2,2
9847,88,92,-4,4
9848,127,113,14,14
9849,56,59,-3,3
9850,104,104,0,0
9851,105,93,12,12
9852,84,83,1,1
9853,27,66,-39,39
9854,95,97,-2,2
9855,77,81,-4,4
9856,192,186,6,6
9857,78,74,4,4
9858,122,120,2,2
9859,80,85,-5,5
9860,94,83,11,11
9861,126,120,6,6
9862,44,51,-7,7
9863,73,80,-7,7
9864,104,84,20,20
9865,71,70,1,1
9866,65,74,-9,9
9867,96,84,12,12
9868,116,96,20,20
9869,103,105,-2,2
9870,129,122,7,7
9871,143,135,8,8
9872,100,115,-15,15
9873,133,117,16,16
9874,64,68,-4,4
9875,121,112,9,9
9876,61,72,-11,11
9877,55,69,-14,14
9878,49,52,-3,3
9879,86,83,3,3
9880,85,85,0,0
9881,61,64,-3,3
9882,128,131,-3,3
9883,91,79,12,12
9884,99,83,16,16
9885,92,92,0,0
9886,179,163,16,16
9887,114,101,13,13
9888,66,66,0,0
9889,78,88,-10,10
9890,69,75,-6,6
9891,121,114,7,7
9892,85,77,8,8
9893,110,124,-14,14
9894,92,94,-2,2
9895,117,112,5,5
9896,174,155,19,19
9897,135,128,7,7
9898,64,64,0,0
9899,75,75,0,0
9900,97,108,-11,11
9901,120,120,0,0
9902,102,94,8,8
9903,91,90,1,1
9904,70,77,-7,7
9905,64,77,-13,13
9906,49,54,-5,5
9907,94,102,-8,8
9908,71,83,-12,12
9909,136,154,-18,18
9910,68,72,-4,4
9911,122,117,5,5
9912,73,75,-2,2
9913,114,111,3,3
9914,98,96,2,2
9915,104,103,1,1
9916,103,94,9,9
9917,108,102,6,6
9918,127,119,8,8
9919,130,129,1,1
9920,95,96,-1,1
9921,89,82,7,7
9922,73,75,-2,2
9923,157,133,24,24
9924,103,96,7,7
9925,105,103,2,2
9926,112,102,10,10
9927,109,101,8,8
9928,79,84,-5,5
9929,92,111,-19,19
9930,72,70,2,2
9931,48,58,-10,10
9932,98,93,5,5
9933,111,109,2,2
9934,119,108,11,11
9935,139,118,21,21
9936,55,72,-17,17
9937,107,108,-1,1
9938,135,139,-4,4
9939,102,96,6,6
9940,88,92,-4,4
9941,105,113,-8,8
9942,136,118,18,18
9943,82,89,-7,7
9944,67,72,-5,5
9945,123,118,5,5
9946,120,115,5,5
9947,94,99,-5,5
9948,51,59,-8,8
9949,95,87,8,8
9950,92,95,-3,3
9951,154,131,23,23
9952,76,81,-5,5
9953,59,63,-4,4
9954,153,134,19,19
9955,66,78,-12,12
9956,96,104,-8,8
9957,131,121,10,10
9958,81,78,3,3
9959,80,86,-6,6
9960,59,67,-8,8
9961,72,77,-5,5
9962,148,136,12,12
9963,123,136,-13,13
9964,72,73,-1,1
9965,59,66,-7,7
9966,145,139,6,6
9967,95,100,-5,5
9968,125,119,6,6
9969,79,84,-5,5
9970,79,83,-4,4
9971,68,75,-7,7
9972,135,130,5,5
9973,96,95,1,1
9974,64,70,-6,6
9975,62,63,-1,1
9976,102,100,2,2
9977,141,130,11,11
9978,82,78,4,4
9979,84,77,7,7
9980,85,88,-3,3
9981,77,82,-5,5
9982,107,100,7,7
9983,94,94,0,0
9984,84,77,7,7
9985,90,88,2,2
9986,127,121,6,6
9987,94,93,1,1
9988,142,154,-12,12
9989,88,96,-8,8
9990,104,101,3,3
9991,66,72,-6,6
9992,48,54,-6,6
9993,76,79,-3,3
9994,105,103,2,2
9995,62,63,-1,1
9996,82,85,-3,3
9997,123,121,2,2
9998,88,93,-5,5
9999,68,70,-2,2
10000,171,149,22,22
10001,134,122,12,12
10002,81,80,1,1
10003,66,74,-8,8
10004,49,58,-9,9
10005,92,96,-4,4
10006,121,114,7,7
10007,133,123,10,10
10008,147,132,15,15
10009,81,83,-2,2
10010,69,75,-6,6
10011,83,87,-4,4
10012,88,88,0,0
10013,59,55,4,4
10014,91,95,-4,4
10015,153,149,4,4
10016,114,106,8,8
10017,77,88,-11,11
10018,85,74,11,11
10019,80,78,2,2
10020,74,75,-1,1
10021,169,150,19,19
10022,108,105,3,3
10023,121,122,-1,1
10024,83,88,-5,5
10025,56,58,-2,2
10026,74,78,-4,4
10027,53,66,-13,13
10028,80,87,-7,7
10029,79,80,-1,1
10030,117,110,7,7
10031,174,153,21,21
10032,77,77,0,0
10033,114,100,14,14
10034,79,81,-2,2
10035,158,143,15,15
10036,80,80,0,0
10037,90,113,-23,23
10038,111,107,4,4
10039,155,134,21,21
10040,55,63,-8,8
10041,74,78,-4,4
10042,62,73,-11,11
10043,138,131,7,7
10044,143,147,-4,4
10045,113,113,0,0
10046,100,104,-4,4
10047,115,96,19,19
10048,49,54,-5,5
10049,139,138,1,1
10050,114,115,-1,1
10051,125,125,0,0
10052,61,67,-6,6
10053,136,127,9,9
10054,77,76,1,1
10055,211,176,35,35
10056,66,64,2,2
10057,111,104,7,7
10058,122,121,1,1
10059,139,129,10,10
10060,121,111,10,10
10061,108,113,-5,5
10062,85,92,-7,7
10063,110,104,6,6
10064,62,76,-14,14
10065,107,99,8,8
10066,49,55,-6,6
10067,82,86,-4,4
10068,92,90,2,2
10069,59,64,-5,5
10070,56,64,-8,8
10071,105,102,3,3
10072,61,68,-7,7
10073,95,104,-9,9
10074,56,63,-7,7
10075,148,142,6,6
10076,123,125,-2,2
10077,111,116,-5,5
10078,75,76,-1,1
10079,139,142,-3,3
10080,68,75,-7,7
10081,90,86,4,4
10082,150,146,4,4
10083,133,114,19,19
10084,49,61,-12,12
10085,62,67,-5,5
10086,111,102,9,9
10087,117,115,2,2
10088,151,142,9,9
10089,100,95,5,5
10090,42,57,-15,15
10091,78,79,-1,1
10092,48,55,-7,7
10093,118,104,14,14
10094,70,70,0,0
10095,117,127,-10,10
10096,61,88,-27,27
10097,94,100,-6,6
10098,78,81,-3,3
10099,170,152,18,18
10100,68,69,-1,1
10101,78,76,2,2
10102,47,57,-10,10
10103,130,108,22,22
10104,80,77,3,3
10105,70,78,-8,8
10106,49,60,-11,11
10107,117,111,6,6
10108,86,89,-3,3
10109,82,78,4,4
10110,54,60,-6,6
10111,160,147,13,13
10112,78,90,-12,12
10113,82,82,0,0
10114,59,58,1,1
10115,115,112,3,3
10116,86,90,-4,4
10117,119,106,13,13
10118,116,115,1,1
10119,90,99,-9,9
10120,75,80,-5,5
10121,81,83,-2,2
10122,87,93,-6,6
10123,108,103,5,5
10124,50,57,-7,7
10125,53,60,-7,7
10126,130,136,-6,6
10127,125,113,12,12
10128,118,110,8,8
10129,112,108,4,4
10130,62,71,-9,9
10131,105,104,1,1
10132,90,100,-10,10
10133,143,136,7,7
10134,58,61,-3,3
10135,64,74,-10,10
10136,108,99,9,9
10137,98,85,13,13
10138,136,126,10,10
10139,101,111,-10,10
10140,85,90,-5,5
10141,92,95,-3,3
10142,144,130,14,14
10143,80,84,-4,4
10144,110,97,13,13
10145,66,68,-2,2
10146,73,73,0,0
10147,59,63,-4,4
10148,88,90,-2,2
10149,74,87,-13,13
10150,61,71,-10,10
10151,125,115,10,10
10152,55,58,-3,3
10153,115,112,3,3
10154,58,69,-11,11
10155,76,85,-9,9
10156,137,136,1,1
10157,81,76,5,5
10158,116,113,3,3
10159,81,80,1,1
10160,94,88,6,6
10161,78,90,-12,12
10162,80,80,0,0
10163,99,94,5,5
10164,118,111,7,7
10165,137,127,10,10
10166,98,104,-6,6
10167,71,73,-2,2
10168,83,88,-5,5
10169,132,136,-4,4
10170,69,74,-5,5
10171,119,114,5,5
10172,101,106,-5,5
10173,92,95,-3,3
10174,74,74,0,0
10175,95,97,-2,2
10176,67,74,-7,7
10177,50,61,-11,11
10178,106,98,8,8
10179,102,95,7,7
10180,359,243,116,116
10181,58,63,-5,5
10182,94,92,2,2
10183,90,82,8,8
10184,88,87,1,1
10185,105,91,14,14
10186,75,78,-3,3
10187,89,89,0,0
10188,86,87,-1,1
10189,133,124,9,9
10190,35,43,-8,8
10191,88,85,3,3
10192,177,151,26,26
10193,100,96,4,4
10194,65,64,1,1
10195,104,100,4,4
10196,67,65,2,2
10197,86,88,-2,2
10198,123,112,11,11
10199,108,102,6,6
10200,84,84,0,0
10201,54,66,-12,12
10202,95,93,2,2
10203,86,80,6,6
10204,70,83,-13,13
10205,84,79,5,5
10206,107,104,3,3
10207,45,56,-11,11
10208,85,90,-5,5
10209,79,82,-3,3
10210,125,120,5,5
10211,92,88,4,4
10212,74,78,-4,4
10213,139,136,3,3
10214,84,82,2,2
10215,103,113,-10,10
10216,60,74,-14,14
10217,78,84,-6,6
10218,69,58,11,11
10219,131,126,5,5
10220,102,96,6,6
10221,69,73,-4,4
10222,58,68,-10,10
10223,43,50,-7,7
10224,29,38,-9,9
10225,86,91,-5,5
10226,114,113,1,1
10227,38,53,-15,15
10228,113,120,-7,7
10229,74,87,-13,13
10230,67,70,-3,3
10231,221,200,21,21
10232,103,104,-1,1
10233,224,193,31,31
10234,82,98,-16,16
10235,104,97,7,7
10236,115,105,10,10
10237,70,88,-18,18
10238,92,89,3,3
10239,118,110,8,8
10240,159,134,25,25
10241,124,108,16,16
10242,165,133,32,32
10243,118,121,-3,3
10244,79,73,6,6
10245,113,105,8,8
10246,61,68,-7,7
10247,112,109,3,3
10248,68,71,-3,3
10249,71,81,-10,10
10250,127,117,10,10
10251,82,80,2,2
10252,63,68,-5,5
10253,189,183,6,6
10254,73,82,-9,9
10255,76,73,3,3
10256,99,105,-6,6
10257,131,125,6,6
10258,88,90,-2,2
10259,61,68,-7,7
10260,135,125,10,10
10261,52,60,-8,8
10262,114,112,2,2
10263,82,80,2,2
10264,106,103,3,3
10265,102,110,-8,8
10266,105,114,-9,9
10267,77,84,-7,7
10268,66,68,-2,2
10269,129,116,13,13
10270,73,80,-7,7
10271,77,77,0,0
10272,70,76,-6,6
10273,40,44,-4,4
10274,55,67,-12,12
10275,130,132,-2,2
10276,168,148,20,20
10277,76,70,6,6
10278,136,125,11,11
10279,104,108,-4,4
10280,52,60,-8,8
10281,151,135,16,16
10282,74,78,-4,4
10283,60,74,-14,14
10284,90,88,2,2
10285,81,81,0,0
10286,118,117,1,1
10287,96,95,1,1
10288,96,90,6,6
10289,151,142,9,9
10290,125,116,9,9
10291,73,73,0,0
10292,107,103,4,4
10293,113,111,2,2
10294,118,123,-5,5
10295,71,80,-9,9
10296,68,75,-7,7
10297,65,71,-6,6
10298,48,59,-11,11
10299,73,79,-6,6
10300,86,108,-22,22
10301,45,49,-4,4
10302,87,86,1,1
10303,113,107,6,6
10304,137,129,8,8
10305,114,117,-3,3
10306,61,67,-6,6
10307,106,93,13,13
10308,128,127,1,1
10309,111,111,0,0
10310,100,96,4,4
10311,100,91,9,9
10312,133,135,-2,2
10313,96,94,2,2
10314,133,127,6,6
10315,130,125,5,5
10316,78,85,-7,7
10317,130,109,21,21
10318,110,118,-8,8
10319,75,85,-10,10
10320,144,139,5,5
10321,81,86,-5,5
10322,63,73,-10,10
10323,122,118,4,4
10324,119,123,-4,4
10325,99,99,0,0
10326,111,108,3,3
10327,143,119,24,24
10328,104,115,-11,11
10329,93,88,5,5
10330,72,81,-9,9
10331,79,87,-8,8
10332,128,128,0,0
10333,99,96,3,3
10334,76,84,-8,8
10335,100,102,-2,2
10336,70,76,-6,6
10337,148,144,4,4
10338,68,71,-3,3
10339,100,109,-9,9
10340,74,89,-15,15
10341,86,81,5,5
10342,93,86,7,7
10343,138,117,21,21
10344,149,153,-4,4
10345,65,66,-1,1
10346,89,94,-5,5
10347,117,83,34,34
10348,98,87,11,11
10349,127,121,6,6
10350,106,100,6,6
10351,68,67,1,1
10352,160,135,25,25
10353,83,92,-9,9
10354,129,112,17,17
10355,117,101,16,16
10356,74,86,-12,12
10357,101,96,5,5
10358,113,107,6,6
10359,121,110,11,11
10360,122,123,-1,1
10361,117,111,6,6
10362,131,133,-2,2
10363,68,65,3,3
10364,86,92,-6,6
10365,97,89,8,8
10366,125,116,9,9
10367,65,74,-9,9
10368,49,50,-1,1
10369,81,80,1,1
10370,103,102,1,1
10371,110,103,7,7
10372,86,89,-3,3
10373,103,101,2,2
10374,103,103,0,0
10375,59,65,-6,6
10376,119,106,13,13
10377,40,42,-2,2
10378,102,104,-2,2
10379,120,110,10,10
10380,103,102,1,1
10381,101,98,3,3
10382,106,103,3,3
10383,110,109,1,1
10384,82,80,2,2
10385,88,82,6,6
10386,174,163,11,11
10387,99,90,9,9
10388,66,72,-6,6
10389,105,109,-4,4
10390,59,65,-6,6
10391,128,111,17,17
10392,53,68,-15,15
10393,123,126,-3,3
10394,88,85,3,3
10395,80,79,1,1
10396,72,84,-12,12
10397,73,80,-7,7
10398,60,64,-4,4
10399,88,87,1,1
10400,82,85,-3,3
10401,156,139,17,17
10402,163,138,25,25
10403,73,74,-1,1
10404,105,94,11,11
10405,137,119,18,18
10406,74,78,-4,4
10407,85,81,4,4
10408,71,77,-6,6
10409,56,68,-12,12
10410,95,89,6,6
10411,48,53,-5,5
10412,113,112,1,1
10413,96,93,3,3
10414,111,109,2,2
10415,80,110,-30,30
10416,44,52,-8,8
10417,73,74,-1,1
10418,132,111,21,21
10419,100,88,12,12
10420,126,116,10,10
10421,77,85,-8,8
10422,81,91,-10,10
10423,68,65,3,3
10424,73,93,-20,20
10425,100,100,0,0
10426,98,87,11,11
10427,60,62,-2,2
10428,110,107,3,3
10429,102,102,0,0
10430,75,75,0,0
10431,138,136,2,2
10432,81,80,1,1
10433,108,112,-4,4
10434,148,133,15,15
10435,59,59,0,0
10436,88,93,-5,5
10437,104,87,17,17
10438,72,69,3,3
10439,82,85,-3,3
10440,93,90,3,3
10441,93,87,6,6
10442,160,149,11,11
10443,129,125,4,4
10444,113,112,1,1
10445,116,99,17,17
10446,119,115,4,4
10447,86,83,3,3
10448,44,50,-6,6
10449,76,74,2,2
10450,61,71,-10,10
10451,80,92,-12,12
10452,99,86,13,13
10453,87,101,-14,14
10454,117,111,6,6
10455,50,70,-20,20
10456,150,134,16,16
10457,123,109,14,14
10458,100,79,21,21
10459,147,134,13,13
10460,185,176,9,9
10461,59,60,-1,1
10462,81,78,3,3
10463,61,78,-17,17
10464,126,117,9,9
10465,82,85,-3,3
10466,100,95,5,5
10467,81,77,4,4
10468,39,42,-3,3
10469,77,77,0,0
10470,51,56,-5,5
10471,98,104,-6,6
10472,133,139,-6,6
10473,80,80,0,0
10474,151,126,25,25
10475,88,84,4,4
10476,55,60,-5,5
10477,72,81,-9,9
10478,75,84,-9,9
10479,77,75,2,2
10480,81,73,8,8
10481,144,136,8,8
10482,121,102,19,19
10483,57,63,-6,6
10484,69,83,-14,14
10485,99,96,3,3
10486,64,76,-12,12
10487,130,109,21,21
10488,106,107,-1,1
10489,72,78,-6,6
10490,67,76,-9,9
10491,68,71,-3,3
10492,79,87,-8,8
10493,81,84,-3,3
10494,69,73,-4,4
10495,67,70,-3,3
10496,73,77,-4,4
10497,39,49,-10,10
10498,112,119,-7,7
10499,71,78,-7,7
10500,132,118,14,14
10501,133,130,3,3
10502,95,93,2,2
10503,112,106,6,6
10504,112,102,10,10
10505,99,111,-12,12
10506,71,81,-10,10
10507,127,135,-8,8
10508,89,95,-6,6
10509,87,87,0,0
10510,124,115,9,9
10511,66,71,-5,5
10512,92,94,-2,2
10513,80,76,4,4
10514,94,94,0,0
10515,146,144,2,2
10516,139,134,5,5
10517,136,127,9,9
10518,63,68,-5,5
10519,54,64,-10,10
10520,171,152,19,19
10521,91,88,3,3
10522,170,146,24,24
10523,147,131,16,16
10524,70,72,-2,2
10525,140,136,4,4
10526,117,115,2,2
10527,72,73,-1,1
10528,132,123,9,9
10529,63,72,-9,9
10530,102,105,-3,3
10531,81,84,-3,3
10532,90,89,1,1
10533,87,90,-3,3
10534,127,119,8,8
10535,56,64,-8,8
10536,44,51,-7,7
10537,122,114,8,8
10538,111,106,5,5
10539,66,75,-9,9
10540,110,113,-3,3
10541,101,97,4,4
10542,119,120,-1,1
10543,75,85,-10,10
10544,65,66,-1,1
10545,55,65,-10,10
10546,76,85,-9,9
10547,70,72,-2,2
10548,157,164,-7,7
10549,27,27,0,0
10550,83,80,3,3
10551,125,118,7,7
10552,95,98,-3,3
10553,86,79,7,7
10554,116,113,3,3
10555,66,68,-2,2
10556,144,154,-10,10
10557,96,102,-6,6
10558,94,93,1,1
10559,37,44,-7,7
10560,195,167,28,28
10561,108,106,2,2
10562,130,127,3,3
10563,78,82,-4,4
10564,57,69,-12,12
10565,72,72,0,0
10566,57,74,-17,17
10567,90,104,-14,14
10568,67,59,8,8
10569,157,149,8,8
10570,57,66,-9,9
10571,94,95,-1,1
10572,69,79,-10,10
10573,86,87,-1,1
10574,58,61,-3,3
10575,105,102,3,3
10576,74,73,1,1
10577,116,113,3,3
10578,78,76,2,2
10579,115,106,9,9
10580,64,68,-4,4
10581,127,115,12,12
10582,77,79,-2,2
10583,99,93,6,6
10584,68,74,-6,6
10585,101,112,-11,11
10586,88,84,4,4
10587,121,115,6,6
10588,100,101,-1,1
10589,87,74,13,13
10590,80,76,4,4
10591,43,55,-12,12
10592,103,106,-3,3
10593,149,132,17,17
10594,67,79,-12,12
10595,110,108,2,2
10596,127,109,18,18
10597,55,60,-5,5
10598,133,122,11,11
10599,82,85,-3,3
10600,45,44,1,1
10601,59,64,-5,5
10602,120,112,8,8
10603,103,108,-5,5
10604,145,139,6,6
10605,119,119,0,0
10606,75,84,-9,9
10607,74,70,4,4
10608,109,108,1,1
10609,148,137,11,11
10610,80,83,-3,3
10611,68,71,-3,3
10612,116,115,1,1
10613,114,104,10,10
10614,100,101,-1,1
10615,72,76,-4,4
10616,119,133,-14,14
10617,96,89,7,7
10618,58,66,-8,8
10619,132,132,0,0
10620,169,157,12,12
10621,70,75,-5,5
10622,90,87,3,3
10623,93,90,3,3
10624,107,121,-14,14
10625,124,111,13,13
10626,43,51,-8,8
10627,102,96,6,6
10628,107,104,3,3
10629,61,72,-11,11
10630,62,70,-8,8
10631,72,73,-1,1
10632,129,120,9,9
10633,74,78,-4,4
10634,81,80,1,1
10635,107,100,7,7
10636,79,79,0,0
10637,43,40,3,3
10638,72,80,-8,8
10639,102,89,13,13
10640,93,83,10,10
10641,90,89,1,1
10642,66,63,3,3
10643,125,115,10,10
10644,73,75,-2,2
10645,78,73,5,5
10646,49,59,-10,10
10647,81,75,6,6
10648,74,81,-7,7
10649,78,76,2,2
10650,82,84,-2,2
10651,92,108,-16,16
10652,110,89,21,21
10653,96,94,2,2
10654,83,89,-6,6
10655,143,133,10,10
10656,88,81,7,7
10657,111,108,3,3
10658,54,60,-6,6
10659,66,73,-7,7
10660,68,81,-13,13
10661,57,65,-8,8
10662,169,138,31,31
10663,63,77,-14,14
10664,131,131,0,0
10665,102,101,1,1
10666,47,54,-7,7
10667,58,73,-15,15
10668,127,113,14,14
10669,100,97,3,3
10670,109,109,0,0
10671,109,105,4,4
10672,92,87,5,5
10673,93,89,4,4
10674,64,69,-5,5
10675,95,99,-4,4
10676,97,91,6,6
10677,87,91,-4,4
10678,65,70,-5,5
10679,84,86,-2,2
10680,140,115,25,25
10681,88,84,4,4
10682,56,60,-4,4
10683,131,123,8,8
10684,107,103,4,4
10685,93,88,5,5
10686,125,115,10,10
10687,204,180,24,24
10688,128,116,12,12
10689,80,77,3,3
10690,161,169,-8,8
10691,114,108,6,6
10692,96,79,17,17
10693,79,85,-6,6
10694,60,67,-7,7
10695,176,156,20,20
10696,41,44,-3,3
10697,50,61,-11,11
10698,45,52,-7,7
10699,168,137,31,31
10700,65,70,-5,5
10701,57,51,6,6
10702,98,98,0,0
10703,77,80,-3,3
10704,84,81,3,3
10705,76,81,-5,5
10706,75,86,-11,11
10707,93,96,-3,3
10708,71,102,-31,31
10709,87,85,2,2
10710,65,72,-7,7
10711,130,116,14,14
10712,74,68,6,6
10713,34,43,-9,9
10714,129,107,22,22
10715,114,115,-1,1
10716,70,71,-1,1
10717,50,64,-14,14
10718,93,85,8,8
10719,55,56,-1,1
10720,94,84,10,10
10721,46,42,4,4
10722,50,53,-3,3
10723,104,96,8,8
10724,118,114,4,4
10725,102,97,5,5
10726,84,85,-1,1
10727,165,163,2,2
10728,97,96,1,1
10729,92,93,-1,1
10730,89,79,10,10
10731,76,77,-1,1
10732,75,92,-17,17
10733,142,134,8,8
10734,96,94,2,2
10735,145,141,4,4
10736,87,93,-6,6
10737,64,69,-5,5
10738,48,67,-19,19
10739,94,89,5,5
10740,69,68,1,1
10741,66,65,1,1
10742,131,118,13,13
10743,98,94,4,4
10744,94,97,-3,3
10745,65,73,-8,8
10746,89,89,0,0
10747,128,118,10,10
10748,144,131,13,13
10749,53,66,-13,13
10750,108,110,-2,2
10751,29,43,-14,14
10752,58,61,-3,3
10753,94,102,-8,8
10754,74,77,-3,3
10755,133,126,7,7
10756,75,76,-1,1
10757,87,82,5,5
10758,133,126,7,7
10759,74,73,1,1
10760,80,81,-1,1
10761,52,61,-9,9
10762,116,111,5,5
10763,158,144,14,14
10764,224,191,33,33
10765,97,95,2,2
10766,128,119,9,9
10767,102,103,-1,1
10768,114,104,10,10
10769,41,47,-6,6
10770,86,86,0,0
10771,42,51,-9,9
10772,111,105,6,6
10773,142,138,4,4
10774,68,72,-4,4
10775,65,71,-6,6
10776,116,119,-3,3
10777,91,84,7,7
10778,157,145,12,12
10779,140,130,10,10
10780,126,113,13,13
10781,77,76,1,1
10782,86,87,-1,1
10783,102,104,-2,2
10784,95,91,4,4
10785,64,69,-5,5
10786,103,115,-12,12
10787,55,66,-11,11
10788,77,85,-8,8
10789,160,141,19,19
10790,58,65,-7,7
10791,191,178,13,13
10792,121,122,-1,1
10793,77,71,6,6
10794,161,143,18,18
10795,65,68,-3,3
10796,80,96,-16,16
10797,77,84,-7,7
10798,67,81,-14,14
10799,51,57,-6,6
10800,76,78,-2,2
10801,155,136,19,19
10802,96,88,8,8
10803,65,72,-7,7
10804,98,95,3,3
10805,101,100,1,1
10806,49,48,1,1
10807,112,106,6,6
10808,81,70,11,11
10809,49,56,-7,7
10810,65,68,-3,3
10811,90,85,5,5
10812,126,113,13,13
10813,48,54,-6,6
10814,120,120,0,0
10815,55,65,-10,10
10816,75,89,-14,14
10817,83,99,-16,16
10818,135,122,13,13
10819,131,125,6,6
10820,117,119,-2,2
10821,88,82,6,6
10822,92,93,-1,1
10823,90,103,-13,13
10824,98,102,-4,4
10825,101,95,6,6
10826,138,133,5,5
10827,84,88,-4,4
10828,104,104,0,0
10829,98,112,-14,14
10830,87,89,-2,2
10831,102,104,-2,2
10832,81,85,-4,4
10833,75,83,-8,8
10834,145,130,15,15
10835,114,108,6,6
10836,63,69,-6,6
10837,51,58,-7,7
10838,109,107,2,2
10839,69,70,-1,1
10840,87,98,-11,11
10841,72,68,4,4
10842,114,111,3,3
10843,96,85,11,11
10844,140,141,-1,1
10845,171,154,17,17
10846,97,96,1,1
10847,77,78,-1,1
10848,125,100,25,25
10849,75,77,-2,2
10850,98,104,-6,6
10851,118,115,3,3
10852,120,113,7,7
10853,69,74,-5,5
10854,57,63,-6,6
10855,129,114,15,15
10856,127,120,7,7
10857,81,86,-5,5
10858,102,104,-2,2
10859,154,138,16,16
10860,116,108,8,8
10861,47,50,-3,3
10862,124,115,9,9
10863,124,114,10,10
10864,138,123,15,15
10865,82,85,-3,3
10866,120,111,9,9
10867,114,102,12,12
10868,90,89,1,1
10869,88,84,4,4
10870,53,57,-4,4
10871,84,78,6,6
10872,80,83,-3,3
10873,147,133,14,14
10874,79,88,-9,9
10875,115,108,7,7
10876,80,78,2,2
10877,117,111,6,6
10878,123,117,6,6
10879,54,68,-14,14
10880,93,89,4,4
10881,145,135,10,10
10882,128,130,-2,2
10883,73,78,-5,5
10884,51,56,-5,5
10885,65,70,-5,5
10886,102,108,-6,6
10887,95,101,-6,6
10888,58,60,-2,2
10889,49,66,-17,17
10890,113,108,5,5
10891,121,121,0,0
10892,148,139,9,9
10893,139,137,2,2
10894,96,105,-9,9
10895,143,129,14,14
10896,92,97,-5,5
10897,78,77,1,1
10898,11,28,-17,17
10899,66,72,-6,6
10900,79,81,-2,2
10901,70,74,-4,4
10902,67,74,-7,7
10903,77,80,-3,3
10904,144,135,9,9
10905,84,86,-2,2
10906,50,52,-2,2
10907,79,72,7,7
10908,90,102,-12,12
10909,62,58,4,4
10910,134,140,-6,6
10911,110,98,12,12
10912,78,101,-23,23
10913,142,125,17,17
10914,79,86,-7,7
10915,143,133,10,10
10916,80,86,-6,6
10917,37,38,-1,1
10918,70,71,-1,1
10919,96,101,-5,5
10920,135,136,-1,1
10921,76,77,-1,1
10922,181,161,20,20
10923,105,107,-2,2
10924,49,52,-3,3
10925,65,76,-11,11
10926,139,124,15,15
10927,38,46,-8,8
10928,83,89,-6,6
10929,56,69,-13,13
10930,120,104,16,16
10931,109,108,1,1
10932,160,144,16,16
10933,117,122,-5,5
10934,92,96,-4,4
10935,99,95,4,4
10936,114,111,3,3
10937,70,67,3,3
10938,93,97,-4,4
10939,112,103,9,9
10940,118,107,11,11
10941,72,69,3,3
10942,51,64,-13,13
10943,119,103,16,16
10944,85,87,-2,2
10945,101,113,-12,12
10946,78,86,-8,8
10947,75,75,0,0
10948,69,81,-12,12
10949,120,112,8,8
10950,72,76,-4,4
10951,64,80,-16,16
10952,80,80,0,0
10953,80,88,-8,8
10954,75,73,2,2
10955,76,78,-2,2
10956,157,136,21,21
10957,80,99,-19,19
10958,117,115,2,2
10959,103,89,14,14
10960,129,110,19,19
10961,139,129,10,10
10962,98,95,3,3
10963,87,81,6,6
10964,165,139,26,26
10965,73,79,-6,6
10966,137,130,7,7
10967,150,146,4,4
10968,74,82,-8,8
10969,157,141,16,16
10970,82,97,-15,15
10971,74,71,3,3
10972,37,54,-17,17
10973,95,95,0,0
10974,104,98,6,6
10975,124,122,2,2
10976,37,49,-12,12
10977,80,103,-23,23
10978,80,89,-9,9
10979,88,83,5,5
10980,147,122,25,25
10981,65,76,-11,11
10982,101,101,0,0
10983,93,90,3,3
10984,71,75,-4,4
10985,64,61,3,3
10986,71,79,-8,8
10987,60,71,-11,11
10988,64,82,-18,18
10989,55,60,-5,5
10990,48,74,-26,26
10991,141,126,15,15
10992,95,92,3,3
10993,58,64,-6,6
10994,95,92,3,3
10995,71,80,-9,9
10996,89,86,3,3
10997,125,118,7,7
10998,170,164,6,6
10999,153,148,5,5
11000,84,86,-2,2
11001,137,133,4,4
11002,81,78,3,3
11003,77,94,-17,17
11004,75,84,-9,9
11005,110,108,2,2
11006,53,57,-4,4
11007,92,87,5,5
11008,105,114,-9,9
11009,55,65,-10,10
11010,85,98,-13,13
11011,141,124,17,17
11012,126,125,1,1
11013,82,81,1,1
11014,124,114,10,10
11015,76,90,-14,14
11016,126,108,18,18
11017,56,64,-8,8
11018,65,68,-3,3
11019,91,97,-6,6
11020,65,72,-7,7
11021,84,86,-2,2
11022,95,95,0,0
11023,109,95,14,14
11024,74,72,2,2
11025,60,62,-2,2
11026,65,62,3,3
11027,77,79,-2,2
11028,79,80,-1,1
11029,65,65,0,0
11030,110,107,3,3
11031,116,124,-8,8
11032,67,74,-7,7
11033,83,87,-4,4
11034,120,112,8,8
11035,157,126,31,31
11036,123,119,4,4
11037,80,81,-1,1
11038,99,107,-8,8
11039,88,81,7,7
11040,67,85,-18,18
11041,134,128,6,6
11042,76,75,1,1
11043,96,106,-10,10
11044,83,90,-7,7
11045,57,68,-11,11
11046,93,89,4,4
11047,60,64,-4,4
11048,85,85,0,0
11049,62,75,-13,13
11050,110,108,2,2
11051,108,108,0,0
11052,66,69,-3,3
11053,67,81,-14,14
11054,71,71,0,0
11055,79,78,1,1
11056,145,141,4,4
11057,62,76,-14,14
11058,60,73,-13,13
11059,126,121,5,5
11060,120,118,2,2
11061,67,74,-7,7
11062,96,99,-3,3
11063,54,56,-2,2
11064,66,65,1,1
11065,101,101,0,0
11066,83,78,5,5
11067,120,108,12,12
11068,186,171,15,15
11069,72,75,-3,3
11070,91,91,0,0
11071,158,141,17,17
11072,67,71,-4,4
11073,118,101,17,17
11074,63,63,0,0
11075,105,101,4,4
11076,124,104,20,20
11077,108,89,19,19
11078,121,110,11,11
11079,39,37,2,2
11080,90,93,-3,3
11081,218,211,7,7
11082,71,80,-9,9
11083,81,88,-7,7
11084,61,64,-3,3
11085,86,78,8,8
11086,59,63,-4,4
11087,168,162,6,6
11088,86,97,-11,11
11089,104,108,-4,4
11090,89,90,-1,1
11091,80,80,0,0
11092,81,80,1,1
11093,87,83,4,4
11094,119,104,15,15
11095,136,124,12,12
11096,113,104,9,9
11097,68,78,-10,10
11098,86,74,12,12
11099,103,100,3,3
11100,72,81,-9,9
11101,142,143,-1,1
11102,172,177,-5,5
11103,166,155,11,11
11104,96,106,-10,10
11105,106,117,-11,11
11106,125,117,8,8
11107,125,116,9,9
11108,75,102,-27,27
11109,94,86,8,8
11110,103,103,0,0
11111,58,58,0,0
11112,81,77,4,4
11113,133,118,15,15
11114,122,118,4,4
11115,99,104,-5,5
11116,67,73,-6,6
11117,126,116,10,10
11118,91,86,5,5
11119,73,79,-6,6
11120,89,95,-6,6
11121,124,137,-13,13
11122,68,63,5,5
11123,126,119,7,7
11124,76,82,-6,6
11125,167,143,24,24
11126,36,38,-2,2
11127,137,129,8,8
11128,93,93,0,0
11129,115,111,4,4
11130,125,115,10,10
11131,79,79,0,0
11132,59,65,-6,6
11133,90,91,-1,1
11134,73,76,-3,3
11135,74,74,0,0
11136,111,102,9,9
11137,129,122,7,7
11138,80,83,-3,3
11139,97,93,4,4
11140,83,83,0,0
11141,129,122,7,7
11142,120,116,4,4
11143,93,86,7,7
11144,95,105,-10,10
11145,101,101,0,0
11146,93,96,-3,3
11147,112,123,-11,11
11148,103,103,0,0
11149,60,69,-9,9
11150,95,108,-13,13
11151,62,61,1,1
11152,69,75,-6,6
11153,83,98,-15,15
11154,53,51,2,2
11155,98,88,10,10
11156,101,109,-8,8
11157,73,83,-10,10
11158,94,103,-9,9
11159,55,65,-10,10
11160,93,108,-15,15
11161,70,78,-8,8
11162,102,109,-7,7
11163,75,74,1,1
11164,77,71,6,6
11165,96,91,5,5
11166,93,102,-9,9
11167,78,86,-8,8
11168,155,139,16,16
11169,94,94,0,0
11170,66,71,-5,5
11171,71,85,-14,14
11172,96,93,3,3
11173,143,135,8,8
11174,60,65,-5,5
11175,79,87,-8,8
11176,93,90,3,3
11177,126,118,8,8
11178,128,117,11,11
11179,103,95,8,8
11180,95,95,0,0
11181,86,97,-11,11
11182,95,90,5,5
11183,68,71,-3,3
11184,102,104,-2,2
11185,74,77,-3,3
11186,94,117,-23,23
11187,83,70,13,13
11188,107,105,2,2
11189,65,67,-2,2
11190,66,73,-7,7
11191,113,109,4,4
11192,164,142,22,22
11193,60,68,-8,8
11194,139,144,-5,5
11195,96,103,-7,7
11196,87,77,10,10
11197,113,108,5,5
11198,180,164,16,16
11199,106,103,3,3
11200,73,79,-6,6
11201,121,124,-3,3
11202,125,118,7,7
11203,62,69,-7,7
11204,56,57,-1,1
11205,81,80,1,1
11206,103,98,5,5
11207,107,102,5,5
11208,70,69,1,1
11209,107,97,10,10
11210,167,194,-27,27
11211,72,58,14,14
11212,123,112,11,11
11213,178,178,0,0
11214,142,143,-1,1
11215,138,122,16,16
11216,148,127,21,21
11217,141,136,5,5
11218,119,124,-5,5
11219,67,75,-8,8
11220,126,134,-8,8
11221,35,70,-35,35
11222,86,89,-3,3
11223,82,93,-11,11
11224,135,155,-20,20
11225,111,104,7,7
11226,145,139,6,6
11227,99,82,17,17
11228,69,78,-9,9
11229,81,90,-9,9
11230,58,64,-6,6
11231,58,74,-16,16
11232,141,113,28,28
11233,75,80,-5,5
11234,108,115,-7,7
11235,128,130,-2,2
11236,87,102,-15,15
11237,90,100,-10,10
11238,133,128,5,5
11239,73,74,-1,1
11240,63,66,-3,3
11241,73,80,-7,7
11242,136,139,-3,3
11243,105,96,9,9
11244,60,66,-6,6
11245,102,97,5,5
11246,100,97,3,3
11247,57,63,-6,6
11248,71,76,-5,5
11249,76,77,-1,1
11250,58,65,-7,7
11251,204,181,23,23
11252,96,94,2,2
11253,113,104,9,9
11254,114,97,17,17
11255,138,127,11,11
11256,79,88,-9,9
11257,142,129,13,13
11258,109,102,7,7
11259,141,133,8,8
11260,73,75,-2,2
11261,89,84,5,5
11262,85,90,-5,5
11263,159,140,19,19
11264,107,103,4,4
11265,68,80,-12,12
11266,79,87,-8,8
11267,109,107,2,2
11268,78,74,4,4
11269,61,68,-7,7
11270,102,102,0,0
11271,140,136,4,4
11272,156,142,14,14
11273,155,145,10,10
11274,118,106,12,12
11275,85,84,1,1
11276,162,144,18,18
11277,105,106,-1,1
11278,100,98,2,2
11279,102,92,10,10
11280,130,120,10,10
11281,55,66,-11,11
11282,69,79,-10,10
11283,89,85,4,4
11284,39,56,-17,17
11285,139,130,9,9
11286,94,93,1,1
11287,79,70,9,9
11288,171,153,18,18
11289,139,128,11,11
11290,85,88,-3,3
11291,86,88,-2,2
11292,114,105,9,9
11293,134,120,14,14
11294,51,57,-6,6
11295,47,59,-12,12
11296,56,68,-12,12
11297,72,74,-2,2
11298,96,101,-5,5
11299,143,133,10,10
11300,115,99,16,16
11301,99,104,-5,5
11302,91,102,-11,11
11303,85,86,-1,1
11304,151,128,23,23
11305,42,59,-17,17
11306,125,117,8,8
11307,41,75,-34,34
11308,137,110,27,27
11309,100,95,5,5
11310,143,123,20,20
11311,174,162,12,12
11312,81,79,2,2
11313,106,104,2,2
11314,150,131,19,19
11315,66,72,-6,6
11316,119,112,7,7
11317,133,114,19,19
11318,58,67,-9,9
11319,90,94,-4,4
11320,111,107,4,4
11321,157,139,18,18
11322,106,103,3,3
11323,121,112,9,9
11324,61,69,-8,8
11325,111,106,5,5
11326,88,88,0,0
11327,81,87,-6,6
11328,93,88,5,5
11329,77,80,-3,3
11330,163,136,27,27
11331,104,103,1,1
11332,76,72,4,4
11333,52,57,-5,5
11334,87,96,-9,9
11335,104,101,3,3
11336,62,61,1,1
11337,112,113,-1,1
11338,76,83,-7,7
11339,129,124,5,5
11340,106,113,-7,7
11341,63,70,-7,7
11342,87,92,-5,5
11343,106,107,-1,1
11344,86,74,12,12
11345,88,91,-3,3
11346,89,91,-2,2
11347,71,75,-4,4
11348,116,107,9,9
11349,55,61,-6,6
11350,83,94,-11,11
11351,64,75,-11,11
11352,71,68,3,3
11353,128,114,14,14
11354,57,63,-6,6
11355,127,125,2,2
11356,47,47,0,0
11357,94,89,5,5
11358,60,61,-1,1
11359,60,71,-11,11
11360,55,73,-18,18
11361,97,99,-2,2
11362,82,84,-2,2
11363,109,104,5,5
11364,111,103,8,8
11365,61,66,-5,5
11366,70,79,-9,9
11367,79,79,0,0
11368,107,106,1,1
11369,89,89,0,0
11370,60,62,-2,2
11371,147,140,7,7
11372,83,83,0,0
11373,104,104,0,0
11374,134,135,-1,1
11375,88,89,-1,1
11376,35,40,-5,5
11377,117,125,-8,8
11378,78,80,-2,2
11379,149,133,16,16
11380,85,88,-3,3
11381,97,97,0,0
11382,115,121,-6,6
11383,109,93,16,16
11384,81,84,-3,3
11385,81,92,-11,11
11386,93,102,-9,9
11387,123,123,0,0
11388,95,94,1,1
11389,102,96,6,6
11390,57,59,-2,2
11391,179,168,11,11
11392,126,124,2,2
11393,62,65,-3,3
11394,65,77,-12,12
11395,109,102,7,7
11396,74,79,-5,5
11397,113,110,3,3
11398,121,111,10,10
11399,114,104,10,10
11400,63,71,-8,8
11401,103,104,-1,1
11402,80,78,2,2
11403,45,77,-32,32
11404,93,95,-2,2
11405,121,111,10,10
11406,166,159,7,7
11407,63,78,-15,15
11408,66,63,3,3
11409,55,78,-23,23
11410,116,115,1,1
11411,96,93,3,3
11412,76,76,0,0
11413,54,65,-11,11
11414,108,105,3,3
11415,51,57,-6,6
11416,109,105,4,4
11417,75,75,0,0
11418,86,90,-4,4
11419,82,93,-11,11
11420,36,46,-10,10
11421,64,76,-12,12
11422,119,104,15,15
11423,53,67,-14,14
11424,73,78,-5,5
11425,58,61,-3,3
11426,41,52,-11,11
11427,58,70,-12,12
11428,118,115,3,3
11429,134,122,12,12
11430,75,77,-2,2
11431,50,60,-10,10
11432,98,100,-2,2
11433,33,41,-8,8
11434,109,104,5,5
11435,79,86,-7,7
11436,60,64,-4,4
11437,100,102,-2,2
11438,85,75,10,10
11439,75,79,-4,4
11440,82,78,4,4
11441,57,65,-8,8
11442,164,155,9,9
11443,157,141,16,16
11444,76,76,0,0
11445,72,79,-7,7
11446,57,84,-27,27
11447,96,109,-13,13
11448,90,89,1,1
11449,100,98,2,2
11450,129,120,9,9
11451,91,87,4,4
11452,98,95,3,3
11453,102,97,5,5
11454,198,189,9,9
11455,78,78,0,0
11456,60,64,-4,4
11457,173,159,14,14
11458,98,95,3,3
11459,72,74,-2,2
11460,90,115,-25,25
11461,170,155,15,15
11462,163,144,19,19
11463,77,84,-7,7
11464,66,76,-10,10
11465,67,66,1,1
11466,66,84,-18,18
11467,99,87,12,12
11468,86,85,1,1
11469,85,88,-3,3
11470,71,74,-3,3
11471,136,122,14,14
11472,86,82,4,4
11473,60,66,-6,6
11474,119,117,2,2
11475,132,131,1,1
11476,114,115,-1,1
11477,66,69,-3,3
11478,147,135,12,12
11479,90,89,1,1
11480,112,107,5,5
11481,68,65,3,3
11482,119,109,10,10
11483,121,113,8,8
11484,70,98,-28,28
11485,124,113,11,11
11486,47,56,-9,9
11487,70,81,-11,11
11488,80,75,5,5
11489,44,52,-8,8
11490,75,84,-9,9
11491,65,74,-9,9
11492,80,76,4,4
11493,95,94,1,1
11494,124,114,10,10
11495,50,65,-15,15
11496,133,119,14,14
11497,77,79,-2,2
11498,105,105,0,0
11499,70,72,-2,2
11500,86,86,0,0
11501,97,87,10,10
11502,80,80,0,0
11503,98,104,-6,6
11504,106,105,1,1
11505,74,74,0,0
11506,66,70,-4,4
11507,118,117,1,1
11508,110,99,11,11
11509,156,141,15,15
11510,67,68,-1,1
11511,170,137,33,33
11512,117,106,11,11
11513,101,98,3,3
11514,130,122,8,8
11515,93,103,-10,10
11516,105,101,4,4
11517,41,65,-24,24
11518,84,74,10,10
11519,59,63,-4,4
11520,141,129,12,12
11521,47,71,-24,24
11522,114,95,19,19
11523,137,125,12,12
11524,126,133,-7,7
11525,62,66,-4,4
11526,111,108,3,3
11527,74,79,-5,5
11528,81,77,4,4
11529,160,146,14,14
11530,102,102,0,0
11531,91,85,6,6
11532,83,88,-5,5
11533,72,68,4,4
11534,68,77,-9,9
11535,126,111,15,15
11536,77,85,-8,8
11537,160,136,24,24
11538,106,105,1,1
11539,81,86,-5,5
11540,170,138,32,32
11541,131,121,10,10
11542,50,68,-18,18
11543,115,108,7,7
11544,70,79,-9,9
11545,109,114,-5,5
11546,72,68,4,4
11547,74,79,-5,5
11548,67,74,-7,7
11549,81,78,3,3
11550,83,86,-3,3
11551,105,101,4,4
11552,95,102,-7,7
11553,133,119,14,14
11554,115,121,-6,6
11555,98,94,4,4
11556,55,48,7,7
11557,109,106,3,3
11558,50,64,-14,14
11559,145,132,13,13
11560,89,79,10,10
11561,85,87,-2,2
11562,85,87,-2,2
11563,65,85,-20,20
11564,86,88,-2,2
11565,105,93,12,12
11566,53,58,-5,5
11567,60,66,-6,6
11568,121,111,10,10
11569,52,68,-16,16
11570,53,61,-8,8
11571,164,153,11,11
11572,92,97,-5,5
11573,100,101,-1,1
11574,111,105,6,6
11575,67,68,-1,1
11576,169,151,18,18
11577,86,85,1,1
11578,51,51,0,0
11579,96,96,0,0
11580,97,82,15,15
11581,82,74,8,8
11582,75,79,-4,4
11583,103,97,6,6
11584,91,88,3,3
11585,108,109,-1,1
11586,85,88,-3,3
11587,137,130,7,7
11588,88,93,-5,5
11589,167,152,15,15
11590,65,73,-8,8
11591,92,85,7,7
11592,98,88,10,10
11593,68,73,-5,5
11594,65,69,-4,4
11595,60,60,0,0
11596,71,71,0,0
11597,50,55,-5,5
11598,79,84,-5,5
11599,102,96,6,6
11600,85,82,3,3
11601,69,73,-4,4
11602,105,107,-2,2
11603,114,105,9,9
11604,77,79,-2,2
11605,70,69,1,1
11606,80,81,-1,1
11607,137,138,-1,1
11608,105,99,6,6
11609,83,94,-11,11
11610,95,95,0,0
11611,70,83,-13,13
11612,183,166,17,17
11613,50,59,-9,9
11614,164,150,14,14
11615,125,113,12,12
11616,90,91,-1,1
11617,108,105,3,3
11618,150,133,17,17
11619,90,85,5,5
11620,73,74,-1,1
11621,86,95,-9,9
11622,91,105,-14,14
11623,108,106,2,2
11624,120,110,10,10
11625,127,113,14,14
11626,65,65,0,0
11627,121,95,26,26
11628,80,76,4,4
11629,89,76,13,13
11630,81,78,3,3
11631,96,78,18,18
11632,119,113,6,6
11633,118,115,3,3
11634,128,126,2,2
11635,56,74,-18,18
11636,56,66,-10,10
11637,86,82,4,4
11638,79,79,0,0
11639,116,103,13,13
11640,69,75,-6,6
11641,111,93,18,18
11642,81,96,-15,15
11643,56,62,-6,6
11644,119,118,1,1
11645,82,77,5,5
11646,81,81,0,0
11647,136,117,19,19
11648,127,125,2,2
11649,108,112,-4,4
11650,129,124,5,5
11651,74,96,-22,22
11652,63,80,-17,17
11653,168,146,22,22
11654,100,103,-3,3
11655,66,72,-6,6
11656,70,79,-9,9
11657,101,98,3,3
11658,112,100,12,12
11659,102,92,10,10
11660,124,117,7,7
11661,82,83,-1,1
11662,94,96,-2,2
11663,70,83,-13,13
11664,72,80,-8,8
11665,67,73,-6,6
11666,117,123,-6,6
11667,47,51,-4,4
11668,110,100,10,10
11669,93,92,1,1
11670,64,67,-3,3
11671,134,129,5,5
11672,66,65,1,1
11673,69,64,5,5
11674,99,104,-5,5
11675,137,127,10,10
11676,58,66,-8,8
11677,85,83,2,2
11678,94,92,2,2
11679,104,103,1,1
11680,108,106,2,2
11681,89,85,4,4
11682,176,155,21,21
11683,88,92,-4,4
11684,46,57,-11,11
11685,94,96,-2,2
11686,162,150,12,12
11687,92,89,3,3
11688,96,92,4,4
11689,124,118,6,6
11690,74,84,-10,10
11691,68,78,-10,10
11692,67,74,-7,7
11693,90,95,-5,5
11694,87,88,-1,1
11695,86,82,4,4
11696,68,73,-5,5
11697,90,87,3,3
11698,77,85,-8,8
11699,126,107,19,19
11700,126,115,11,11
11701,94,99,-5,5
11702,172,161,11,11
11703,63,93,-30,30
11704,101,98,3,3
11705,148,135,13,13
11706,87,93,-6,6
11707,127,113,14,14
11708,121,103,18,18
11709,142,140,2,2
11710,73,79,-6,6
11711,71,74,-3,3
11712,103,125,-22,22
11713,39,42,-3,3
11714,99,100,-1,1
11715,69,71,-2,2
11716,182,158,24,24
11717,138,154,-16,16
11718,142,132,10,10
11719,114,116,-2,2
11720,54,60,-6,6
11721,93,89,4,4
11722,110,100,10,10
11723,38,48,-10,10
11724,133,131,2,2
11725,143,123,20,20
11726,125,125,0,0
11727,69,72,-3,3
11728,120,117,3,3
11729,121,128,-7,7
11730,71,69,2,2
11731,97,95,2,2
11732,104,99,5,5
11733,97,93,4,4
11734,47,57,-10,10
11735,184,158,26,26
11736,110,118,-8,8
11737,67,72,-5,5
11738,106,106,0,0
11739,66,78,-12,12
11740,118,106,12,12
11741,81,84,-3,3
11742,83,88,-5,5
11743,64,78,-14,14
11744,70,66,4,4
11745,50,56,-6,6
11746,93,86,7,7
11747,157,135,22,22
11748,51,57,-6,6
11749,77,78,-1,1
11750,87,86,1,1
11751,119,108,11,11
11752,115,107,8,8
11753,85,76,9,9
11754,63,78,-15,15
11755,91,94,-3,3
11756,67,69,-2,2
11757,64,75,-11,11
11758,127,130,-3,3
11759,67,75,-8,8
11760,71,74,-3,3
11761,96,88,8,8
11762,111,111,0,0
11763,62,68,-6,6
11764,77,73,4,4
11765,174,168,6,6
11766,138,123,15,15
11767,65,71,-6,6
11768,116,106,10,10
11769,47,55,-8,8
11770,119,112,7,7
11771,94,85,9,9
11772,122,117,5,5
11773,92,98,-6,6
11774,148,125,23,23
11775,67,76,-9,9
11776,101,102,-1,1
11777,86,84,2,2
11778,53,55,-2,2
11779,77,83,-6,6
11780,126,112,14,14
11781,74,71,3,3
11782,91,92,-1,1
11783,81,85,-4,4
11784,43,51,-8,8
11785,114,107,7,7
11786,79,86,-7,7
11787,96,90,6,6
11788,106,95,11,11
11789,79,89,-10,10
11790,120,128,-8,8
11791,107,104,3,3
11792,98,98,0,0
11793,47,48,-1,1
11794,76,80,-4,4
11795,85,86,-1,1
11796,67,80,-13,13
11797,79,76,3,3
11798,90,103,-13,13
11799,84,79,5,5
11800,152,135,17,17
11801,152,134,18,18
11802,87,87,0,0
11803,65,69,-4,4
11804,83,83,0,0
11805,205,175,30,30
11806,151,143,8,8
11807,114,102,12,12
11808,83,88,-5,5
11809,66,75,-9,9
11810,66,72,-6,6
11811,105,103,2,2
11812,176,151,25,25
11813,166,152,14,14
11814,185,159,26,26
11815,108,107,1,1
11816,95,93,2,2
11817,67,85,-18,18
11818,87,88,-1,1
11819,82,87,-5,5
11820,121,110,11,11
11821,71,81,-10,10
11822,62,71,-9,9
11823,113,95,18,18
11824,104,103,1,1
11825,68,74,-6,6
11826,93,98,-5,5
11827,74,68,6,6
11828,60,69,-9,9
11829,80,87,-7,7
11830,70,79,-9,9
11831,75,79,-4,4
11832,76,71,5,5
11833,75,74,1,1
11834,80,74,6,6
11835,45,62,-17,17
11836,93,105,-12,12
11837,99,108,-9,9
11838,77,81,-4,4
11839,89,87,2,2
11840,143,148,-5,5
11841,83,90,-7,7
11842,102,102,0,0
11843,122,120,2,2
11844,118,106,12,12
11845,132,110,22,22
11846,102,107,-5,5
11847,75,75,0,0
11848,105,106,-1,1
11849,124,114,10,10
11850,75,75,0,0
11851,47,56,-9,9
11852,130,126,4,4
11853,147,135,12,12
11854,134,123,11,11
11855,71,76,-5,5
11856,72,76,-4,4
11857,42,54,-12,12
11858,97,90,7,7
11859,99,103,-4,4
11860,147,145,2,2
11861,127,121,6,6
11862,65,68,-3,3
11863,73,91,-18,18
11864,54,67,-13,13
11865,87,88,-1,1
11866,125,128,-3,3
11867,120,119,1,1
11868,75,76,-1,1
11869,101,103,-2,2
11870,139,132,7,7
11871,93,90,3,3
11872,85,90,-5,5
11873,162,144,18,18
11874,158,149,9,9
11875,234,190,44,44
11876,76,81,-5,5
11877,68,67,1,1
11878,60,64,-4,4
11879,115,106,9,9
11880,92,92,0,0
11881,99,82,17,17
11882,95,90,5,5
11883,69,84,-15,15
11884,53,66,-13,13
11885,100,96,4,4
11886,157,143,14,14
11887,103,95,8,8
11888,117,115,2,2
11889,100,96,4,4
11890,95,90,5,5
11891,146,128,18,18
11892,97,92,5,5
11893,49,55,-6,6
11894,83,86,-3,3
11895,89,81,8,8
11896,97,98,-1,1
11897,98,100,-2,2
11898,99,97,2,2
11899,52,65,-13,13
11900,92,91,1,1
11901,128,129,-1,1
11902,60,63,-3,3
11903,47,55,-8,8
11904,106,100,6,6
11905,78,72,6,6
11906,143,143,0,0
11907,90,87,3,3
11908,125,116,9,9
11909,80,90,-10,10
11910,114,108,6,6
11911,161,144,17,17
11912,120,113,7,7
11913,41,65,-24,24
11914,38,50,-12,12
11915,105,112,-7,7
11916,48,54,-6,6
11917,58,66,-8,8
11918,112,104,8,8
11919,59,65,-6,6
11920,76,81,-5,5
11921,118,114,4,4
11922,77,77,0,0
11923,51,60,-9,9
11924,76,71,5,5
11925,56,65,-9,9
11926,40,51,-11,11
11927,69,72,-3,3
11928,77,79,-2,2
11929,91,92,-1,1
11930,149,141,8,8
11931,110,103,7,7
11932,115,117,-2,2
11933,117,111,6,6
11934,93,89,4,4
11935,31,39,-8,8
11936,111,122,-11,11
11937,79,89,-10,10
11938,72,77,-5,5
11939,44,51,-7,7
11940,89,89,0,0
11941,51,61,-10,10
11942,186,176,10,10
11943,144,127,17,17
11944,98,92,6,6
11945,68,69,-1,1
11946,82,83,-1,1
11947,110,103,7,7
11948,101,77,24,24
11949,73,77,-4,4
11950,106,105,1,1
11951,50,55,-5,5
11952,128,121,7,7
11953,82,85,-3,3
11954,39,66,-27,27
11955,57,61,-4,4
11956,100,96,4,4
11957,132,122,10,10
11958,58,66,-8,8
11959,65,65,0,0
11960,46,55,-9,9
11961,90,87,3,3
11962,132,123,9,9
11963,84,90,-6,6
11964,95,93,2,2
11965,152,143,9,9
11966,67,74,-7,7
11967,96,106,-10,10
11968,78,84,-6,6
11969,99,90,9,9
11970,71,79,-8,8
11971,116,108,8,8
11972,122,122,0,0
11973,81,83,-2,2
11974,42,55,-13,13
11975,121,115,6,6
11976,144,134,10,10
11977,190,177,13,13
11978,132,123,9,9
11979,112,101,11,11
11980,106,89,17,17
11981,104,95,9,9
11982,79,76,3,3
11983,81,85,-4,4
11984,92,108,-16,16
11985,55,62,-7,7
11986,85,79,6,6
11987,72,75,-3,3
11988,48,54,-6,6
11989,92,102,-10,10
11990,44,50,-6,6
11991,112,105,7,7
11992,118,110,8,8
11993,74,81,-7,7
11994,102,89,13,13
11995,93,98,-5,5
11996,113,103,10,10
11997,89,92,-3,3
11998,133,127,6,6
11999,45,54,-9,9
12000,53,58,-5,5
12001,139,132,7,7
12002,61,63,-2,2
12003,85,104,-19,19
12004,67,70,-3,3
12005,81,79,2,2
12006,33,36,-3,3
12007,74,78,-4,4
12008,81,80,1,1
12009,81,85,-4,4
12010,114,109,5,5
12011,158,159,-1,1
12012,59,68,-9,9
12013,60,68,-8,8
12014,111,105,6,6
12015,102,97,5,5
12016,89,81,8,8
12017,80,80,0,0
12018,73,79,-6,6
12019,53,58,-5,5
12020,124,118,6,6
12021,108,103,5,5
12022,101,89,12,12
12023,93,99,-6,6
12024,69,80,-11,11
12025,111,114,-3,3
12026,74,82,-8,8
12027,80,80,0,0
12028,101,94,7,7
12029,127,140,-13,13
12030,78,78,0,0
12031,143,141,2,2
12032,114,124,-10,10
12033,49,77,-28,28
12034,115,118,-3,3
12035,103,88,15,15
12036,84,89,-5,5
12037,88,89,-1,1
12038,92,88,4,4
12039,108,111,-3,3
12040,90,88,2,2
12041,65,73,-8,8
12042,60,62,-2,2
12043,72,76,-4,4
12044,129,133,-4,4
12045,76,76,0,0
12046,109,111,-2,2
12047,88,102,-14,14
12048,60,63,-3,3
12049,47,45,2,2
12050,100,94,6,6
12051,117,121,-4,4
12052,125,110,15,15
12053,113,103,10,10
12054,54,57,-3,3
12055,111,113,-2,2
12056,156,135,21,21
12057,110,107,3,3
12058,82,86,-4,4
12059,114,106,8,8
12060,68,74,-6,6
12061,66,79,-13,13
12062,90,93,-3,3
12063,63,68,-5,5
12064,100,97,3,3
12065,66,73,-7,7
12066,141,131,10,10
12067,79,80,-1,1
12068,104,90,14,14
12069,140,124,16,16
12070,72,78,-6,6
12071,39,45,-6,6
12072,118,106,12,12
12073,97,88,9,9
12074,95,105,-10,10
12075,86,89,-3,3
12076,90,89,1,1
12077,86,98,-12,12
12078,95,93,2,2
12079,118,107,11,11
12080,94,88,6,6
12081,130,125,5,5
12082,58,60,-2,2
12083,121,120,1,1
12084,125,123,2,2
12085,150,143,7,7
12086,102,100,2,2
12087,122,109,13,13
12088,109,104,5,5
12089,74,80,-6,6
12090,93,88,5,5
12091,53,58,-5,5
12092,117,123,-6,6
12093,93,93,0,0
12094,191,185,6,6
12095,142,117,25,25
12096,123,110,13,13
12097,83,88,-5,5
12098,127,121,6,6
12099,83,85,-2,2
12100,85,82,3,3
12101,83,86,-3,3
12102,94,86,8,8
12103,164,147,17,17
12104,72,68,4,4
12105,76,58,18,18
12106,122,104,18,18
12107,59,43,16,16
12108,87,86,1,1
12109,88,66,22,22
12110,61,65,-4,4
12111,154,138,16,16
12112,159,142,17,17
12113,163,144,19,19
12114,104,99,5,5
12115,121,122,-1,1
12116,116,106,10,10
12117,98,101,-3,3
12118,84,86,-2,2
12119,42,50,-8,8
12120,78,79,-1,1
12121,99,112,-13,13
12122,77,93,-16,16
12123,189,163,26,26
12124,66,78,-12,12
12125,144,138,6,6
12126,196,174,22,22
12127,107,100,7,7
12128,68,76,-8,8
12129,88,85,3,3
12130,36,49,-13,13
12131,107,114,-7,7
12132,123,114,9,9
12133,62,63,-1,1
12134,207,186,21,21
12135,89,89,0,0
12136,74,80,-6,6
12137,87,88,-1,1
12138,135,131,4,4
12139,72,73,-1,1
12140,183,136,47,47
12141,118,124,-6,6
12142,110,88,22,22
12143,111,106,5,5
12144,122,106,16,16
12145,90,94,-4,4
12146,121,119,2,2
12147,58,65,-7,7
12148,126,117,9,9
12149,105,97,8,8
12150,109,105,4,4
12151,71,77,-6,6
12152,148,138,10,10
12153,95,96,-1,1
12154,103,101,2,2
12155,90,90,0,0
12156,77,80,-3,3
12157,126,116,10,10
12158,141,129,12,12
12159,134,117,17,17
12160,49,51,-2,2
12161,99,101,-2,2
12162,130,118,12,12
12163,74,75,-1,1
12164,64,64,0,0
12165,196,167,29,29
12166,106,112,-6,6
12167,100,105,-5,5
12168,88,85,3,3
12169,116,108,8,8
12170,107,105,2,2
12171,128,124,4,4
12172,93,86,7,7
12173,150,131,19,19
12174,92,86,6,6
12175,96,89,7,7
12176,115,106,9,9
12177,111,103,8,8
12178,87,92,-5,5
12179,69,72,-3,3
12180,139,143,-4,4
12181,104,105,-1,1
12182,115,117,-2,2
12183,114,105,9,9
12184,58,62,-4,4
12185,77,80,-3,3
12186,79,86,-7,7
12187,114,113,1,1
12188,111,114,-3,3
12189,102,97,5,5
12190,161,150,11,11
12191,197,177,20,20
12192,72,69,3,3
12193,142,137,5,5
12194,49,63,-14,14
12195,63,69,-6,6
12196,135,133,2,2
12197,192,166,26,26
12198,47,54,-7,7
12199,110,104,6,6
12200,71,75,-4,4
12201,108,112,-4,4
12202,137,137,0,0
12203,128,119,9,9
12204,137,130,7,7
12205,148,137,11,11
12206,82,85,-3,3
12207,70,82,-12,12
12208,60,57,3,3
12209,115,109,6,6
12210,76,78,-2,2
12211,86,81,5,5
12212,97,96,1,1
12213,122,117,5,5
12214,104,100,4,4
12215,149,145,4,4
12216,73,78,-5,5
12217,88,87,1,1
12218,93,86,7,7
12219,94,95,-1,1
12220,110,104,6,6
12221,56,69,-13,13
12222,66,74,-8,8
12223,73,77,-4,4
12224,96,101,-5,5
12225,121,110,11,11
12226,122,122,0,0
12227,94,89,5,5
12228,88,99,-11,11
12229,130,130,0,0
12230,63,72,-9,9
12231,141,126,15,15
12232,54,67,-13,13
12233,73,79,-6,6
12234,71,74,-3,3
12235,95,89,6,6
12236,121,107,14,14
12237,73,78,-5,5
12238,125,120,5,5
12239,67,79,-12,12
12240,121,113,8,8
12241,109,107,2,2
12242,64,72,-8,8
12243,96,91,5,5
12244,119,129,-10,10
12245,93,99,-6,6
12246,75,78,-3,3
12247,95,93,2,2
12248,66,74,-8,8
12249,99,99,0,0
12250,47,48,-1,1
12251,84,100,-16,16
12252,165,184,-19,19
12253,97,93,4,4
12254,73,79,-6,6
12255,37,51,-14,14
12256,104,95,9,9
12257,71,75,-4,4
12258,65,72,-7,7
12259,66,62,4,4
12260,63,66,-3,3
12261,96,98,-2,2
12262,130,120,10,10
12263,141,133,8,8
12264,86,105,-19,19
12265,108,109,-1,1
12266,128,112,16,16
12267,118,106,12,12
12268,83,78,5,5
12269,68,69,-1,1
12270,84,84,0,0
12271,105,101,4,4
12272,61,77,-16,16
12273,73,76,-3,3
12274,65,70,-5,5
12275,131,111,20,20
12276,118,108,10,10
12277,93,93,0,0
12278,76,75,1,1
12279,75,76,-1,1
12280,65,71,-6,6
12281,70,67,3,3
12282,140,139,1,1
12283,95,90,5,5
12284,145,122,23,23
12285,82,74,8,8
12286,185,160,25,25
12287,71,74,-3,3
12288,100,106,-6,6
12289,99,91,8,8
12290,64,72,-8,8
12291,65,69,-4,4
12292,51,55,-4,4
12293,79,88,-9,9
12294,50,61,-11,11
12295,128,136,-8,8
12296,109,103,6,6
12297,106,92,14,14
12298,50,58,-8,8
12299,126,115,11,11
12300,105,103,2,2
12301,39,53,-14,14
12302,70,73,-3,3
12303,134,102,32,32
12304,46,58,-12,12
12305,81,83,-2,2
12306,115,107,8,8
12307,56,69,-13,13
12308,90,87,3,3
12309,107,100,7,7
12310,38,49,-11,11
12311,112,103,9,9
12312,86,90,-4,4
12313,102,101,1,1
12314,81,90,-9,9
12315,133,122,11,11
12316,65,69,-4,4
12317,67,81,-14,14
12318,63,74,-11,11
12319,105,96,9,9
12320,81,83,-2,2
12321,97,103,-6,6
12322,96,101,-5,5
12323,113,126,-13,13
12324,91,92,-1,1
12325,67,82,-15,15
12326,85,85,0,0
12327,102,101,1,1
12328,76,82,-6,6
12329,190,183,7,7
12330,63,74,-11,11
12331,87,77,10,10
12332,140,126,14,14
12333,113,102,11,11
12334,102,102,0,0
12335,62,62,0,0
12336,57,59,-2,2
12337,48,58,-10,10
12338,62,62,0,0
12339,94,106,-12,12
12340,95,103,-8,8
12341,183,164,19,19
12342,80,82,-2,2
12343,164,153,11,11
12344,66,67,-1,1
12345,67,82,-15,15
12346,103,100,3,3
12347,69,84,-15,15
12348,118,117,1,1
12349,78,79,-1,1
12350,66,71,-5,5
12351,94,90,4,4
12352,92,91,1,1
12353,142,132,10,10
12354,55,72,-17,17
12355,101,104,-3,3
12356,79,77,2,2
12357,122,124,-2,2
12358,123,107,16,16
12359,38,36,2,2
12360,65,78,-13,13
12361,138,119,19,19
12362,76,78,-2,2
12363,114,111,3,3
12364,79,87,-8,8
12365,114,106,8,8
12366,68,74,-6,6
12367,78,79,-1,1
12368,93,105,-12,12
12369,103,104,-1,1
12370,163,134,29,29
12371,101,105,-4,4
12372,126,119,7,7
12373,67,66,1,1
12374,78,78,0,0
12375,116,108,8,8
12376,128,124,4,4
12377,91,87,4,4
12378,142,127,15,15
12379,65,68,-3,3
12380,145,147,-2,2
12381,61,60,1,1
12382,136,113,23,23
12383,84,84,0,0
12384,98,93,5,5
12385,87,89,-2,2
12386,107,107,0,0
12387,115,123,-8,8
12388,106,96,10,10
12389,93,101,-8,8
12390,80,74,6,6
12391,130,115,15,15
12392,115,105,10,10
12393,97,109,-12,12
12394,92,91,1,1
12395,88,87,1,1
12396,66,70,-4,4
12397,66,69,-3,3
12398,87,89,-2,2
12399,106,102,4,4
12400,70,84,-14,14
12401,180,155,25,25
12402,87,97,-10,10
12403,89,81,8,8
12404,92,97,-5,5
12405,125,110,15,15
12406,88,100,-12,12
12407,109,101,8,8
12408,35,42,-7,7
12409,67,74,-7,7
12410,117,112,5,5
12411,190,163,27,27
12412,114,110,4,4
12413,137,127,10,10
12414,138,144,-6,6
12415,129,129,0,0
12416,106,93,13,13
12417,63,72,-9,9
12418,58,69,-11,11
12419,57,65,-8,8
12420,86,93,-7,7
12421,104,98,6,6
12422,97,95,2,2
12423,101,105,-4,4
12424,137,124,13,13
12425,64,58,6,6
12426,176,184,-8,8
12427,93,88,5,5
12428,120,114,6,6
12429,108,105,3,3
12430,70,74,-4,4
12431,97,94,3,3
12432,83,89,-6,6
12433,83,81,2,2
12434,150,150,0,0
12435,64,72,-8,8
12436,89,82,7,7
12437,96,93,3,3
12438,114,108,6,6
12439,119,123,-4,4
12440,61,61,0,0
12441,96,95,1,1
12442,105,104,1,1
12443,61,66,-5,5
12444,141,132,9,9
12445,86,83,3,3
12446,87,85,2,2
12447,90,84,6,6
12448,105,107,-2,2
12449,91,87,4,4
12450,111,113,-2,2
12451,76,80,-4,4
12452,87,91,-4,4
12453,91,94,-3,3
12454,107,114,-7,7
12455,110,105,5,5
12456,124,124,0,0
12457,128,115,13,13
12458,109,105,4,4
12459,71,72,-1,1
12460,87,83,4,4
12461,148,136,12,12
12462,107,98,9,9
12463,134,133,1,1
12464,23,26,-3,3
12465,119,130,-11,11
12466,91,86,5,5
12467,25,39,-14,14
12468,61,77,-16,16
12469,101,96,5,5
12470,72,75,-3,3
12471,95,99,-4,4
12472,47,46,1,1
12473,97,95,2,2
12474,81,84,-3,3
12475,59,62,-3,3
12476,77,73,4,4
12477,138,119,19,19
12478,120,124,-4,4
12479,136,134,2,2
12480,79,84,-5,5
12481,63,70,-7,7
12482,102,100,2,2
12483,158,141,17,17
12484,73,81,-8,8
12485,53,53,0,0
12486,83,89,-6,6
12487,155,126,29,29
12488,139,124,15,15
12489,93,84,9,9
12490,128,128,0,0
12491,98,107,-9,9
12492,96,88,8,8
12493,153,139,14,14
12494,104,105,-1,1
12495,115,99,16,16
12496,72,78,-6,6
12497,90,87,3,3
12498,127,130,-3,3
12499,112,122,-10,10
12500,64,75,-11,11
12501,73,72,1,1
12502,72,79,-7,7
12503,73,87,-14,14
12504,56,67,-11,11
12505,106,102,4,4
12506,144,131,13,13
12507,47,74,-27,27
12508,147,135,12,12
12509,95,93,2,2
12510,76,86,-10,10
12511,128,125,3,3
12512,81,75,6,6
12513,79,86,-7,7
12514,86,84,2,2
12515,44,55,-11,11
12516,87,92,-5,5
12517,102,102,0,0
12518,116,113,3,3
12519,105,103,2,2
12520,113,119,-6,6
12521,152,135,17,17
12522,175,151,24,24
12523,70,74,-4,4
12524,173,147,26,26
12525,87,85,2,2
12526,102,94,8,8
12527,88,91,-3,3
12528,76,77,-1,1
12529,110,102,8,8
12530,99,101,-2,2
12531,71,77,-6,6
12532,75,77,-2,2
12533,105,103,2,2
12534,153,147,6,6
12535,100,110,-10,10
12536,90,87,3,3
12537,83,101,-18,18
12538,82,88,-6,6
12539,49,57,-8,8
12540,69,79,-10,10
12541,113,109,4,4
12542,63,68,-5,5
12543,58,68,-10,10
12544,65,69,-4,4
12545,145,137,8,8
12546,50,54,-4,4
12547,83,89,-6,6
12548,100,95,5,5
12549,76,76,0,0
12550,72,74,-2,2
12551,71,89,-18,18
12552,106,103,3,3
12553,127,130,-3,3
12554,96,90,6,6
12555,67,74,-7,7
12556,140,133,7,7
12557,56,61,-5,5
12558,108,103,5,5
12559,94,87,7,7
12560,59,65,-6,6
12561,84,89,-5,5
12562,96,97,-1,1
12563,92,102,-10,10
12564,186,170,16,16
12565,62,69,-7,7
12566,164,147,17,17
12567,49,57,-8,8
12568,62,63,-1,1
12569,50,66,-16,16
12570,128,120,8,8
12571,57,72,-15,15
12572,69,74,-5,5
12573,48,62,-14,14
12574,132,123,9,9
12575,140,136,4,4
12576,107,102,5,5
12577,80,82,-2,2
12578,78,79,-1,1
12579,140,120,20,20
12580,78,82,-4,4
12581,123,110,13,13
12582,87,97,-10,10
12583,91,104,-13,13
12584,119,130,-11,11
12585,107,103,4,4
12586,52,59,-7,7
12587,61,73,-12,12
12588,102,95,7,7
12589,79,75,4,4
12590,81,77,4,4
12591,72,70,2,2
12592,74,86,-12,12
12593,73,70,3,3
12594,114,90,24,24
12595,127,118,9,9
12596,92,83,9,9
12597,118,120,-2,2
12598,115,161,-46,46
12599,73,75,-2,2
12600,93,93,0,0
12601,70,77,-7,7
12602,73,73,0,0
12603,107,116,-9,9
12604,96,101,-5,5
12605,101,85,16,16
12606,76,92,-16,16
12607,85,77,8,8
12608,111,103,8,8
12609,42,57,-15,15
12610,69,70,-1,1
12611,97,88,9,9
12612,90,89,1,1
12613,96,90,6,6
12614,114,132,-18,18
12615,121,115,6,6
12616,68,75,-7,7
12617,45,49,-4,4
12618,73,76,-3,3
12619,109,101,8,8
12620,175,163,12,12
12621,90,84,6,6
12622,70,74,-4,4
12623,85,88,-3,3
12624,62,70,-8,8
12625,89,97,-8,8
12626,132,124,8,8
12627,155,139,16,16
12628,99,98,1,1
12629,60,60,0,0
12630,110,105,5,5
12631,87,88,-1,1
12632,98,107,-9,9
12633,80,91,-11,11
12634,127,120,7,7
12635,172,144,28,28
12636,181,161,20,20
12637,130,117,13,13
12638,76,76,0,0
12639,86,86,0,0
12640,105,99,6,6
12641,105,110,-5,5
12642,56,69,-13,13
12643,65,77,-12,12
12644,42,48,-6,6
12645,120,110,10,10
12646,65,65,0,0
12647,76,83,-7,7
12648,134,122,12,12
12649,28,68,-40,40
12650,96,94,2,2
12651,92,95,-3,3
12652,53,53,0,0
12653,66,69,-3,3
12654,79,79,0,0
12655,101,111,-10,10
12656,78,97,-19,19
12657,88,97,-9,9
12658,136,125,11,11
12659,142,133,9,9
12660,73,67,6,6
12661,97,89,8,8
12662,80,77,3,3
12663,51,60,-9,9
12664,69,81,-12,12
12665,52,54,-2,2
12666,57,62,-5,5
12667,100,114,-14,14
12668,147,136,11,11
12669,129,125,4,4
12670,92,103,-11,11
12671,107,95,12,12
12672,99,105,-6,6
12673,89,91,-2,2
12674,58,61,-3,3
12675,103,89,14,14
12676,33,42,-9,9
12677,103,91,12,12
12678,88,87,1,1
12679,81,84,-3,3
12680,53,56,-3,3
12681,70,80,-10,10
12682,32,41,-9,9
12683,88,87,1,1
12684,99,114,-15,15
12685,110,106,4,4
12686,78,80,-2,2
12687,99,96,3,3
12688,46,54,-8,8
12689,136,117,19,19
12690,75,73,2,2
12691,117,95,22,22
12692,93,85,8,8
12693,132,129,3,3
12694,70,75,-5,5
12695,69,75,-6,6
12696,49,41,8,8
12697,71,68,3,3
12698,118,115,3,3
12699,97,99,-2,2
12700,76,88,-12,12
12701,195,151,44,44
12702,128,121,7,7
12703,66,61,5,5
12704,120,116,4,4
12705,73,77,-4,4
12706,62,71,-9,9
12707,104,89,15,15
12708,94,97,-3,3
12709,94,86,8,8
12710,110,96,14,14
12711,96,90,6,6
12712,107,101,6,6
12713,77,89,-12,12
12714,91,101,-10,10
12715,63,63,0,0
12716,128,113,15,15
12717,77,75,2,2
12718,67,78,-11,11
12719,124,110,14,14
12720,94,90,4,4
12721,64,69,-5,5
12722,74,80,-6,6
12723,88,89,-1,1
12724,70,76,-6,6
12725,78,79,-1,1
12726,66,80,-14,14
12727,104,104,0,0
12728,134,137,-3,3
12729,92,87,5,5
12730,74,73,1,1
12731,93,88,5,5
12732,98,95,3,3
12733,100,89,11,11
12734,87,89,-2,2
12735,101,91,10,10
12736,49,55,-6,6
12737,121,113,8,8
12738,84,96,-12,12
12739,158,149,9,9
12740,115,100,15,15
12741,125,113,12,12
12742,53,54,-1,1
12743,80,87,-7,7
12744,68,65,3,3
12745,103,97,6,6
12746,107,108,-1,1
12747,77,88,-11,11
12748,100,104,-4,4
12749,120,121,-1,1
12750,91,91,0,0
12751,77,66,11,11
12752,132,119,13,13
12753,131,122,9,9
12754,43,66,-23,23
12755,45,52,-7,7
12756,124,115,9,9
12757,86,82,4,4
12758,107,101,6,6
12759,82,88,-6,6
12760,204,175,29,29
12761,107,101,6,6
12762,120,120,0,0
12763,140,128,12,12
12764,153,134,19,19
12765,83,82,1,1
12766,47,50,-3,3
12767,91,83,8,8
12768,68,59,9,9
12769,56,59,-3,3
12770,77,83,-6,6
12771,37,53,-16,16
12772,117,109,8,8
12773,85,86,-1,1
12774,101,97,4,4
12775,67,81,-14,14
12776,118,124,-6,6
12777,56,70,-14,14
12778,68,72,-4,4
12779,65,77,-12,12
12780,105,102,3,3
12781,102,107,-5,5
12782,116,105,11,11
12783,69,72,-3,3
12784,79,78,1,1
12785,105,103,2,2
12786,101,81,20,20
12787,106,94,12,12
12788,89,84,5,5
12789,77,84,-7,7
12790,116,113,3,3
12791,111,103,8,8
12792,91,82,9,9
12793,74,73,1,1
12794,96,94,2,2
12795,119,126,-7,7
12796,124,115,9,9
12797,83,79,4,4
12798,59,70,-11,11
12799,87,84,3,3
12800,55,61,-6,6
12801,121,119,2,2
12802,94,92,2,2
12803,90,90,0,0
12804,181,166,15,15
12805,93,85,8,8
12806,72,74,-2,2
12807,92,97,-5,5
12808,153,137,16,16
12809,55,59,-4,4
12810,61,67,-6,6
12811,99,95,4,4
12812,82,86,-4,4
12813,102,91,11,11
12814,148,136,12,12
12815,112,108,4,4
12816,172,163,9,9
12817,133,127,6,6
12818,97,96,1,1
12819,70,78,-8,8
12820,70,80,-10,10
12821,98,87,11,11
12822,96,104,-8,8
12823,69,71,-2,2
12824,90,85,5,5
12825,138,125,13,13
12826,132,123,9,9
12827,153,147,6,6
12828,86,79,7,7
12829,108,100,8,8
12830,80,89,-9,9
12831,154,131,23,23
12832,116,119,-3,3
12833,103,100,3,3
12834,104,106,-2,2
12835,116,108,8,8
12836,107,97,10,10
12837,96,89,7,7
12838,90,94,-4,4
12839,50,64,-14,14
12840,104,101,3,3
12841,72,69,3,3
12842,106,99,7,7
12843,87,87,0,0
12844,124,121,3,3
12845,27,31,-4,4
12846,133,115,18,18
12847,122,107,15,15
12848,124,132,-8,8
12849,89,96,-7,7
12850,97,124,-27,27
12851,84,90,-6,6
12852,140,138,2,2
12853,136,124,12,12
12854,20,26,-6,6
12855,93,95,-2,2
12856,85,87,-2,2
12857,74,80,-6,6
12858,103,92,11,11
12859,75,79,-4,4
12860,46,50,-4,4
12861,84,103,-19,19
12862,75,76,-1,1
12863,53,53,0,0
12864,52,80,-28,28
12865,87,87,0,0
12866,109,95,14,14
12867,105,100,5,5
12868,67,73,-6,6
12869,154,131,23,23
12870,84,87,-3,3
12871,128,117,11,11
12872,113,116,-3,3
12873,87,80,7,7
12874,101,105,-4,4
12875,96,102,-6,6
12876,39,52,-13,13
12877,133,127,6,6
12878,191,180,11,11
12879,60,66,-6,6
12880,125,117,8,8
12881,75,81,-6,6
12882,40,53,-13,13
12883,103,92,11,11
12884,79,78,1,1
12885,185,170,15,15
12886,124,113,11,11
12887,109,110,-1,1
12888,89,96,-7,7
12889,67,70,-3,3
12890,47,49,-2,2
12891,76,73,3,3
12892,122,125,-3,3
12893,106,97,9,9
12894,142,122,20,20
12895,96,84,12,12
12896,52,57,-5,5
12897,96,95,1,1
12898,117,119,-2,2
12899,69,78,-9,9
12900,89,86,3,3
12901,72,75,-3,3
12902,180,161,19,19
12903,94,89,5,5
12904,53,65,-12,12
12905,93,96,-3,3
12906,161,140,21,21
12907,137,129,8,8
12908,129,126,3,3
12909,89,85,4,4
12910,102,99,3,3
12911,159,148,11,11
12912,67,70,-3,3
12913,67,75,-8,8
12914,97,96,1,1
12915,71,71,0,0
12916,153,143,10,10
12917,100,100,0,0
12918,92,97,-5,5
12919,79,84,-5,5
12920,79,85,-6,6
12921,73,70,3,3
12922,133,127,6,6
12923,51,59,-8,8
12924,139,127,12,12
12925,115,118,-3,3
12926,89,88,1,1
12927,124,119,5,5
12928,90,90,0,0
12929,128,123,5,5
12930,131,118,13,13
12931,71,71,0,0
12932,113,103,10,10
12933,127,130,-3,3
12934,61,71,-10,10
12935,113,108,5,5
12936,112,88,24,24
12937,75,79,-4,4
12938,125,109,16,16
12939,73,78,-5,5
12940,100,109,-9,9
12941,187,163,24,24
12942,101,99,2,2
12943,103,95,8,8
12944,99,105,-6,6
12945,65,70,-5,5
12946,116,113,3,3
12947,97,109,-12,12
12948,83,89,-6,6
12949,90,102,-12,12
12950,101,98,3,3
12951,97,100,-3,3
12952,107,105,2,2
12953,119,124,-5,5
12954,78,74,4,4
12955,79,81,-2,2
12956,74,79,-5,5
12957,150,136,14,14
12958,83,90,-7,7
12959,131,136,-5,5
12960,68,76,-8,8
12961,222,180,42,42
12962,88,85,3,3
12963,109,101,8,8
12964,149,144,5,5
12965,82,90,-8,8
12966,33,36,-3,3
12967,97,105,-8,8
12968,88,89,-1,1
12969,127,126,1,1
12970,70,75,-5,5
12971,86,84,2,2
12972,63,67,-4,4
12973,101,98,3,3
12974,85,86,-1,1
12975,97,87,10,10
12976,68,71,-3,3
12977,79,95,-16,16
12978,182,165,17,17
12979,68,76,-8,8
12980,68,73,-5,5
12981,81,78,3,3
12982,118,109,9,9
12983,93,94,-1,1
12984,117,102,15,15
12985,144,136,8,8
12986,134,119,15,15
12987,69,73,-4,4
12988,133,123,10,10
12989,88,89,-1,1
12990,63,61,2,2
12991,116,116,0,0
12992,113,119,-6,6
12993,103,91,12,12
12994,127,113,14,14
12995,116,117,-1,1
12996,114,105,9,9
12997,123,112,11,11
12998,72,70,2,2
12999,107,96,11,11
13000,121,105,16,16
13001,100,89,11,11
13002,87,90,-3,3
13003,102,95,7,7
13004,155,154,1,1
13005,72,80,-8,8
13006,84,86,-2,2
13007,86,91,-5,5
13008,115,116,-1,1
13009,100,96,4,4
13010,81,74,7,7
13011,51,62,-11,11
13012,54,59,-5,5
13013,86,85,1,1
13014,92,90,2,2
13015,60,67,-7,7
13016,112,109,3,3
13017,92,90,2,2
13018,87,85,2,2
13019,95,97,-2,2
13020,80,79,1,1
13021,139,132,7,7
13022,103,96,7,7
13023,120,125,-5,5
13024,75,88,-13,13
13025,51,48,3,3
13026,76,76,0,0
13027,67,80,-13,13
13028,165,142,23,23
13029,84,90,-6,6
13030,83,89,-6,6
13031,61,63,-2,2
13032,159,143,16,16
13033,64,77,-13,13
13034,140,132,8,8
13035,65,79,-14,14
13036,68,75,-7,7
13037,67,64,3,3
13038,87,90,-3,3
13039,109,110,-1,1
13040,116,116,0,0
13041,94,107,-13,13
13042,135,122,13,13
13043,77,74,3,3
13044,55,61,-6,6
13045,61,67,-6,6
13046,73,78,-5,5
13047,139,118,21,21
13048,106,112,-6,6
13049,78,87,-9,9
13050,74,69,5,5
13051,99,90,9,9
13052,88,93,-5,5
13053,93,88,5,5
13054,69,70,-1,1
13055,235,202,33,33
13056,83,88,-5,5
13057,101,88,13,13
13058,66,77,-11,11
13059,58,60,-2,2
13060,119,119,0,0
13061,129,124,5,5
13062,82,85,-3,3
13063,168,152,16,16
13064,72,78,-6,6
13065,125,109,16,16
13066,82,79,3,3
13067,97,90,7,7
13068,56,69,-13,13
13069,123,131,-8,8
13070,79,75,4,4
13071,84,83,1,1
13072,112,107,5,5
13073,80,83,-3,3
13074,106,104,2,2
13075,60,68,-8,8
13076,72,80,-8,8
13077,96,99,-3,3
13078,60,50,10,10
13079,117,99,18,18
13080,66,77,-11,11
13081,78,83,-5,5
13082,55,61,-6,6
13083,164,138,26,26
13084,184,164,20,20
13085,78,84,-6,6
13086,61,68,-7,7
13087,109,121,-12,12
13088,101,101,0,0
13089,79,80,-1,1
13090,51,58,-7,7
13091,64,66,-2,2
13092,62,66,-4,4
13093,144,135,9,9
13094,57,64,-7,7
13095,50,54,-4,4
13096,81,78,3,3
13097,99,103,-4,4
13098,97,98,-1,1
13099,129,113,16,16
13100,104,100,4,4
13101,93,103,-10,10
13102,84,81,3,3
13103,90,90,0,0
13104,112,117,-5,5
13105,69,73,-4,4
13106,69,79,-10,10
13107,107,86,21,21
13108,145,123,22,22
13109,84,78,6,6
13110,51,58,-7,7
13111,100,94,6,6
13112,82,89,-7,7
13113,71,85,-14,14
13114,104,95,9,9
13115,67,81,-14,14
13116,89,91,-2,2
13117,61,71,-10,10
13118,74,82,-8,8
13119,101,105,-4,4
13120,67,78,-11,11
13121,72,79,-7,7
13122,70,69,1,1
13123,158,154,4,4
13124,94,97,-3,3
13125,84,80,4,4
13126,120,115,5,5
13127,152,146,6,6
13128,137,127,10,10
13129,82,87,-5,5
13130,116,107,9,9
13131,112,107,5,5
13132,99,89,10,10
13133,150,146,4,4
13134,66,66,0,0
13135,81,75,6,6
13136,50,56,-6,6
13137,133,130,3,3
13138,65,72,-7,7
13139,65,66,-1,1
13140,80,84,-4,4
13141,53,48,5,5
13142,108,99,9,9
13143,80,62,18,18
13144,126,128,-2,2
13145,73,82,-9,9
13146,58,61,-3,3
13147,80,81,-1,1
13148,62,67,-5,5
13149,64,72,-8,8
13150,55,61,-6,6
13151,81,81,0,0
13152,97,95,2,2
13153,78,75,3,3
13154,101,88,13,13
13155,72,83,-11,11
13156,112,106,6,6
13157,84,87,-3,3
13158,68,77,-9,9
13159,102,105,-3,3
13160,117,123,-6,6
13161,88,86,2,2
13162,127,110,17,17
13163,64,64,0,0
13164,87,89,-2,2
13165,80,83,-3,3
13166,101,89,12,12
13167,122,115,7,7
13168,67,66,1,1
13169,131,125,6,6
13170,97,95,2,2
13171,135,115,20,20
13172,88,88,0,0
13173,115,122,-7,7
13174,134,118,16,16
13175,116,115,1,1
13176,79,83,-4,4
13177,45,49,-4,4
13178,100,99,1,1
13179,85,103,-18,18
13180,63,67,-4,4
13181,89,89,0,0
13182,76,78,-2,2
13183,138,122,16,16
13184,123,116,7,7
13185,74,83,-9,9
13186,43,59,-16,16
13187,66,74,-8,8
13188,86,107,-21,21
13189,115,125,-10,10
13190,30,48,-18,18
13191,66,74,-8,8
13192,208,168,40,40
13193,90,86,4,4
13194,71,70,1,1
13195,94,86,8,8
13196,171,156,15,15
13197,55,59,-4,4
13198,43,45,-2,2
13199,67,74,-7,7
13200,143,119,24,24
13201,98,101,-3,3
13202,100,96,4,4
13203,108,102,6,6
13204,91,80,11,11
13205,131,123,8,8
13206,79,71,8,8
13207,153,148,5,5
13208,37,47,-10,10
13209,46,46,0,0
13210,241,208,33,33
13211,89,87,2,2
13212,72,72,0,0
13213,100,94,6,6
13214,83,86,-3,3
13215,98,102,-4,4
13216,128,121,7,7
13217,162,118,44,44
13218,81,79,2,2
13219,98,93,5,5
13220,70,78,-8,8
13221,182,157,25,25
13222,71,73,-2,2
13223,173,162,11,11
13224,54,60,-6,6
13225,66,71,-5,5
13226,85,79,6,6
13227,93,91,2,2
13228,71,108,-37,37
13229,163,151,12,12
13230,86,86,0,0
13231,74,71,3,3
13232,148,142,6,6
13233,112,107,5,5
13234,90,80,10,10
13235,64,65,-1,1
13236,78,95,-17,17
13237,115,118,-3,3
13238,105,96,9,9
13239,90,90,0,0
13240,117,110,7,7
13241,103,88,15,15
13242,139,149,-10,10
13243,107,110,-3,3
13244,118,126,-8,8
13245,94,86,8,8
13246,56,57,-1,1
13247,97,94,3,3
13248,77,74,3,3
13249,117,97,20,20
13250,125,122,3,3
13251,67,75,-8,8
13252,73,76,-3,3
13253,152,134,18,18
13254,73,74,-1,1
13255,121,114,7,7
13256,166,155,11,11
13257,90,87,3,3
13258,96,104,-8,8
13259,149,146,3,3
13260,61,75,-14,14
13261,144,128,16,16
13262,121,120,1,1
13263,131,117,14,14
13264,58,56,2,2
13265,51,55,-4,4
13266,54,68,-14,14
13267,72,77,-5,5
13268,99,102,-3,3
13269,124,111,13,13
13270,105,104,1,1
13271,100,93,7,7
13272,153,147,6,6
13273,76,83,-7,7
13274,120,110,10,10
13275,94,92,2,2
13276,85,81,4,4
13277,84,91,-7,7
13278,53,70,-17,17
13279,106,109,-3,3
13280,108,110,-2,2
13281,140,125,15,15
13282,113,107,6,6
13283,57,73,-16,16
13284,108,107,1,1
13285,123,111,12,12
13286,108,100,8,8
13287,83,82,1,1
13288,99,85,14,14
13289,78,84,-6,6
13290,96,97,-1,1
13291,58,62,-4,4
13292,82,80,2,2
13293,148,142,6,6
13294,86,96,-10,10
13295,81,75,6,6
13296,119,115,4,4
13297,97,99,-2,2
13298,118,114,4,4
13299,92,87,5,5
13300,102,108,-6,6
13301,72,79,-7,7
13302,64,66,-2,2
13303,86,87,-1,1
13304,57,70,-13,13
13305,102,102,0,0
13306,67,64,3,3
13307,88,93,-5,5
13308,139,119,20,20
13309,61,68,-7,7
13310,77,80,-3,3
13311,158,151,7,7
13312,130,116,14,14
13313,132,131,1,1
13314,187,169,18,18
13315,79,77,2,2
13316,96,98,-2,2
13317,76,79,-3,3
13318,71,72,-1,1
13319,78,81,-3,3
13320,209,185,24,24
13321,75,77,-2,2
13322,146,126,20,20
13323,100,95,5,5
13324,80,87,-7,7
13325,70,72,-2,2
13326,65,72,-7,7
13327,95,102,-7,7
13328,80,82,-2,2
13329,69,74,-5,5
13330,132,135,-3,3
13331,77,74,3,3
13332,98,91,7,7
13333,94,94,0,0
13334,86,88,-2,2
13335,90,84,6,6
13336,75,71,4,4
13337,130,104,26,26
13338,87,91,-4,4
13339,141,123,18,18
13340,161,138,23,23
13341,68,81,-13,13
13342,97,91,6,6
13343,125,113,12,12
13344,36,48,-12,12
13345,115,109,6,6
13346,68,60,8,8
13347,106,100,6,6
13348,96,109,-13,13
13349,82,85,-3,3
13350,73,69,4,4
13351,89,81,8,8
13352,75,73,2,2
13353,85,92,-7,7
13354,134,142,-8,8
13355,90,86,4,4
13356,83,90,-7,7
13357,129,107,22,22
13358,140,135,5,5
13359,60,69,-9,9
13360,82,80,2,2
13361,153,147,6,6
13362,80,90,-10,10
13363,119,117,2,2
13364,108,104,4,4
13365,54,60,-6,6
13366,99,101,-2,2
13367,130,154,-24,24
13368,100,96,4,4
13369,59,61,-2,2
13370,84,92,-8,8
13371,117,113,4,4
13372,60,64,-4,4
13373,55,61,-6,6
13374,96,96,0,0
13375,73,86,-13,13
13376,64,74,-10,10
13377,75,77,-2,2
13378,55,56,-1,1
13379,90,84,6,6
13380,142,141,1,1
13381,139,131,8,8
13382,118,106,12,12
13383,120,110,10,10
13384,112,108,4,4
13385,43,52,-9,9
13386,106,105,1,1
13387,187,168,19,19
13388,117,116,1,1
13389,111,109,2,2
13390,188,172,16,16
13391,156,129,27,27
13392,136,135,1,1
13393,88,92,-4,4
13394,29,36,-7,7
13395,107,94,13,13
13396,113,98,15,15
13397,93,89,4,4
13398,81,83,-2,2
13399,22,31,-9,9
13400,69,71,-2,2
13401,168,148,20,20
13402,147,131,16,16
13403,105,112,-7,7
13404,145,128,17,17
13405,58,69,-11,11
13406,60,69,-9,9
13407,150,148,2,2
13408,70,70,0,0
13409,69,76,-7,7
13410,140,133,7,7
13411,88,82,6,6
13412,120,113,7,7
13413,63,67,-4,4
13414,81,87,-6,6
13415,66,65,1,1
13416,91,84,7,7
13417,131,132,-1,1
13418,126,108,18,18
13419,138,136,2,2
13420,103,104,-1,1
13421,103,101,2,2
13422,50,69,-19,19
13423,64,76,-12,12
13424,75,81,-6,6
13425,67,71,-4,4
13426,97,93,4,4
13427,109,106,3,3
13428,137,125,12,12
13429,71,75,-4,4
13430,98,90,8,8
13431,82,99,-17,17
13432,65,72,-7,7
13433,117,104,13,13
13434,148,146,2,2
13435,190,163,27,27
13436,84,80,4,4
13437,110,100,10,10
13438,138,129,9,9
13439,74,79,-5,5
13440,130,116,14,14
13441,79,82,-3,3
13442,92,108,-16,16
13443,137,135,2,2
13444,104,91,13,13
13445,160,125,35,35
13446,90,92,-2,2
13447,101,102,-1,1
13448,123,121,2,2
13449,73,76,-3,3
13450,66,74,-8,8
13451,124,119,5,5
13452,173,144,29,29
13453,142,126,16,16
13454,32,44,-12,12
13455,104,98,6,6
13456,65,85,-20,20
13457,60,66,-6,6
13458,71,80,-9,9
13459,56,62,-6,6
13460,122,118,4,4
13461,135,140,-5,5
13462,162,153,9,9
13463,96,107,-11,11
13464,126,129,-3,3
13465,74,79,-5,5
13466,102,105,-3,3
13467,80,77,3,3
13468,88,81,7,7
13469,92,84,8,8
13470,107,110,-3,3
13471,87,88,-1,1
13472,58,64,-6,6
13473,80,76,4,4
13474,79,75,4,4
13475,114,118,-4,4
13476,78,88,-10,10
13477,75,86,-11,11
13478,168,161,7,7
13479,114,110,4,4
13480,59,71,-12,12
13481,152,148,4,4
13482,66,71,-5,5
13483,98,91,7,7
13484,70,80,-10,10
13485,101,93,8,8
13486,130,126,4,4
13487,114,105,9,9
13488,63,71,-8,8
13489,181,163,18,18
13490,86,81,5,5
13491,107,119,-12,12
13492,59,68,-9,9
13493,74,75,-1,1
13494,134,132,2,2
13495,199,160,39,39
13496,58,70,-12,12
13497,99,96,3,3
13498,103,104,-1,1
13499,183,156,27,27
13500,96,97,-1,1
13501,99,102,-3,3
13502,113,104,9,9
13503,88,82,6,6
13504,88,90,-2,2
13505,128,118,10,10
13506,82,90,-8,8
13507,80,77,3,3
13508,53,63,-10,10
13509,47,55,-8,8
13510,102,90,12,12
13511,97,95,2,2
13512,68,71,-3,3
13513,125,110,15,15
13514,110,116,-6,6
13515,77,77,0,0
13516,127,114,13,13
13517,87,88,-1,1
13518,107,94,13,13
13519,105,108,-3,3
13520,153,123,30,30
13521,61,72,-11,11
13522,33,79,-46,46
13523,146,134,12,12
13524,100,104,-4,4
13525,170,150,20,20
13526,134,120,14,14
13527,78,98,-20,20
13528,73,69,4,4
13529,60,66,-6,6
13530,64,66,-2,2
13531,99,96,3,3
13532,80,88,-8,8
13533,65,70,-5,5
13534,67,67,0,0
13535,141,120,21,21
13536,60,71,-11,11
13537,138,138,0,0
13538,154,145,9,9
13539,58,64,-6,6
13540,114,120,-6,6
13541,132,118,14,14
13542,98,100,-2,2
13543,80,88,-8,8
13544,105,105,0,0
13545,84,90,-6,6
13546,78,80,-2,2
13547,154,141,13,13
13548,67,75,-8,8
13549,95,104,-9,9
13550,125,114,11,11
13551,128,117,11,11
13552,42,50,-8,8
13553,204,183,21,21
13554,98,98,0,0
13555,112,110,2,2
13556,132,122,10,10
13557,139,124,15,15
13558,93,91,2,2
13559,146,134,12,12
13560,56,67,-11,11
13561,65,67,-2,2
13562,124,111,13,13
13563,103,103,0,0
13564,86,78,8,8
13565,60,71,-11,11
13566,98,98,0,0
13567,80,115,-35,35
13568,89,101,-12,12
13569,148,127,21,21
13570,40,47,-7,7
13571,80,87,-7,7
13572,70,84,-14,14
13573,82,75,7,7
13574,133,137,-4,4
13575,75,83,-8,8
13576,75,73,2,2
13577,120,104,16,16
13578,50,64,-14,14
13579,111,120,-9,9
13580,86,88,-2,2
13581,115,118,-3,3
13582,63,63,0,0
13583,93,93,0,0
13584,104,95,9,9
13585,153,144,9,9
13586,51,58,-7,7
13587,128,115,13,13
13588,92,89,3,3
13589,51,66,-15,15
13590,84,84,0,0
13591,104,102,2,2
13592,101,93,8,8
13593,83,90,-7,7
13594,69,79,-10,10
13595,96,94,2,2
13596,83,84,-1,1
13597,54,74,-20,20
13598,83,71,12,12
13599,54,56,-2,2
13600,61,64,-3,3
13601,116,102,14,14
13602,113,103,10,10
13603,76,71,5,5
13604,87,86,1,1
13605,59,61,-2,2
13606,141,131,10,10
13607,97,101,-4,4
13608,89,82,7,7
13609,131,125,6,6
13610,71,70,1,1
13611,60,59,1,1
13612,39,54,-15,15
13613,68,83,-15,15
13614,61,68,-7,7
13615,107,102,5,5
13616,95,94,1,1
13617,94,108,-14,14
13618,82,85,-3,3
13619,110,109,1,1
13620,113,113,0,0
13621,107,99,8,8
13622,161,142,19,19
13623,180,154,26,26
13624,101,97,4,4
13625,88,84,4,4
13626,87,87,0,0
13627,115,114,1,1
13628,121,112,9,9
13629,139,130,9,9
13630,123,118,5,5
13631,63,68,-5,5
13632,122,109,13,13
13633,68,74,-6,6
13634,110,101,9,9
13635,57,85,-28,28
13636,82,79,3,3
13637,95,94,1,1
13638,134,128,6,6
13639,98,86,12,12
13640,128,113,15,15
13641,95,94,1,1
13642,104,124,-20,20
13643,175,155,20,20
13644,109,97,12,12
13645,164,142,22,22
13646,118,110,8,8
13647,70,80,-10,10
13648,54,70,-16,16
13649,145,137,8,8
13650,68,71,-3,3
13651,82,85,-3,3
13652,61,64,-3,3
13653,92,93,-1,1
13654,89,88,1,1
13655,96,93,3,3
13656,122,114,8,8
13657,79,82,-3,3
13658,75,79,-4,4
13659,108,105,3,3
13660,43,49,-6,6
13661,67,73,-6,6
13662,75,83,-8,8
13663,67,72,-5,5
13664,88,94,-6,6
13665,55,60,-5,5
13666,96,106,-10,10
13667,60,66,-6,6
13668,125,113,12,12
13669,56,68,-12,12
13670,111,105,6,6
13671,105,116,-11,11
13672,77,101,-24,24
13673,89,91,-2,2
13674,79,84,-5,5
13675,107,111,-4,4
13676,124,115,9,9
13677,119,113,6,6
13678,57,82,-25,25
13679,127,122,5,5
13680,64,77,-13,13
13681,96,97,-1,1
13682,89,82,7,7
13683,71,81,-10,10
13684,76,78,-2,2
13685,110,109,1,1
13686,120,126,-6,6
13687,98,89,9,9
13688,84,91,-7,7
13689,233,208,25,25
13690,75,76,-1,1
13691,107,90,17,17
13692,76,79,-3,3
13693,84,89,-5,5
13694,86,88,-2,2
13695,103,94,9,9
13696,106,95,11,11
13697,150,126,24,24
13698,73,74,-1,1
13699,130,135,-5,5
13700,132,115,17,17
13701,139,132,7,7
13702,115,111,4,4
13703,155,140,15,15
13704,75,85,-10,10
13705,70,78,-8,8
13706,127,114,13,13
13707,65,70,-5,5
13708,100,105,-5,5
13709,170,154,16,16
13710,135,122,13,13
13711,75,76,-1,1
13712,164,161,3,3
13713,125,112,13,13
13714,104,108,-4,4
13715,53,60,-7,7
13716,146,137,9,9
13717,102,87,15,15
13718,70,76,-6,6
13719,54,62,-8,8
13720,108,103,5,5
13721,97,99,-2,2
13722,104,102,2,2
13723,140,132,8,8
13724,94,101,-7,7
13725,62,79,-17,17
13726,105,96,9,9
13727,48,53,-5,5
13728,63,68,-5,5
13729,64,61,3,3
13730,51,57,-6,6
13731,63,65,-2,2
13732,121,116,5,5
13733,120,114,6,6
13734,86,90,-4,4
13735,91,94,-3,3
13736,55,66,-11,11
13737,98,97,1,1
13738,69,65,4,4
13739,45,45,0,0
13740,126,132,-6,6
13741,169,159,10,10
13742,95,88,7,7
13743,106,108,-2,2
13744,91,87,4,4
13745,126,111,15,15
13746,67,73,-6,6
13747,55,61,-6,6
13748,74,83,-9,9
13749,87,79,8,8
13750,87,87,0,0
13751,83,76,7,7
13752,114,122,-8,8
13753,125,122,3,3
13754,120,112,8,8
13755,86,79,7,7
13756,66,74,-8,8
13757,106,104,2,2
13758,62,60,2,2
13759,87,107,-20,20
13760,68,64,4,4
13761,77,80,-3,3
13762,106,101,5,5
13763,101,100,1,1
13764,93,86,7,7
13765,63,84,-21,21
13766,53,66,-13,13
13767,116,115,1,1
13768,116,112,4,4
13769,92,112,-20,20
13770,80,87,-7,7
13771,93,94,-1,1
13772,129,120,9,9
13773,97,95,2,2
13774,51,62,-11,11
13775,98,91,7,7
13776,80,104,-24,24
13777,74,76,-2,2
13778,157,139,18,18
13779,163,156,7,7
13780,62,71,-9,9
13781,107,104,3,3
13782,107,96,11,11
13783,107,105,2,2
13784,83,82,1,1
13785,117,103,14,14
13786,94,103,-9,9
13787,65,70,-5,5
13788,61,70,-9,9
13789,79,87,-8,8
13790,137,133,4,4
13791,141,127,14,14
13792,95,92,3,3
13793,101,99,2,2
13794,95,98,-3,3
13795,142,125,17,17
13796,107,91,16,16
13797,80,79,1,1
13798,91,96,-5,5
13799,71,74,-3,3
13800,81,82,-1,1
13801,96,90,6,6
13802,151,136,15,15
13803,75,86,-11,11
13804,69,73,-4,4
13805,70,76,-6,6
13806,66,74,-8,8
13807,100,102,-2,2
13808,107,103,4,4
13809,116,110,6,6
13810,59,67,-8,8
13811,90,95,-5,5
13812,60,64,-4,4
13813,55,61,-6,6
13814,66,75,-9,9
13815,90,96,-6,6
13816,80,88,-8,8
13817,151,83,68,68
13818,91,87,4,4
13819,59,59,0,0
13820,73,79,-6,6
13821,51,62,-11,11
13822,95,95,0,0
13823,92,91,1,1
13824,61,66,-5,5
13825,80,81,-1,1
13826,107,118,-11,11
13827,79,84,-5,5
13828,167,143,24,24
13829,58,64,-6,6
13830,104,102,2,2
13831,106,115,-9,9
13832,61,62,-1,1
13833,111,118,-7,7
13834,97,108,-11,11
13835,101,102,-1,1
13836,67,77,-10,10
13837,56,68,-12,12
13838,57,62,-5,5
13839,82,69,13,13
13840,95,95,0,0
13841,69,80,-11,11
13842,58,64,-6,6
13843,105,99,6,6
13844,163,140,23,23
13845,61,72,-11,11
13846,90,78,12,12
13847,220,191,29,29
13848,96,84,12,12
13849,44,53,-9,9
13850,59,64,-5,5
13851,60,70,-10,10
13852,64,70,-6,6
13853,94,95,-1,1
13854,151,134,17,17
13855,75,80,-5,5
13856,75,79,-4,4
13857,79,75,4,4
13858,70,81,-11,11
13859,107,107,0,0
13860,145,134,11,11
13861,70,68,2,2
13862,75,73,2,2
13863,141,131,10,10
13864,66,74,-8,8
13865,79,75,4,4
13866,111,102,9,9
13867,112,102,10,10
13868,125,129,-4,4
13869,121,125,-4,4
13870,108,104,4,4
13871,74,84,-10,10
13872,106,111,-5,5
13873,118,118,0,0
13874,162,139,23,23
13875,142,107,35,35
13876,65,72,-7,7
13877,59,60,-1,1
13878,91,84,7,7
13879,75,72,3,3
13880,125,119,6,6
13881,146,135,11,11
13882,84,82,2,2
13883,95,93,2,2
13884,88,82,6,6
13885,95,91,4,4
13886,54,66,-12,12
13887,68,66,2,2
13888,250,230,20,20
13889,64,62,2,2
13890,89,82,7,7
13891,63,68,-5,5
13892,47,70,-23,23
13893,113,111,2,2
13894,118,111,7,7
13895,77,75,2,2
13896,175,149,26,26
13897,87,88,-1,1
13898,85,86,-1,1
13899,107,99,8,8
13900,77,70,7,7
13901,112,117,-5,5
13902,67,72,-5,5
13903,124,130,-6,6
13904,69,75,-6,6
13905,170,154,16,16
13906,91,80,11,11
13907,69,75,-6,6
13908,69,65,4,4
13909,102,103,-1,1
13910,87,101,-14,14
13911,61,68,-7,7
13912,140,115,25,25
13913,56,60,-4,4
13914,50,57,-7,7
13915,71,67,4,4
13916,46,59,-13,13
13917,102,104,-2,2
13918,72,71,1,1
13919,102,106,-4,4
13920,98,95,3,3
13921,114,115,-1,1
13922,83,89,-6,6
13923,75,81,-6,6
13924,92,85,7,7
13925,107,105,2,2
13926,166,146,20,20
13927,72,78,-6,6
13928,43,62,-19,19
13929,98,86,12,12
13930,141,129,12,12
13931,112,97,15,15
13932,149,138,11,11
13933,17,27,-10,10
13934,63,76,-13,13
13935,127,122,5,5
13936,128,122,6,6
13937,64,76,-12,12
13938,59,64,-5,5
13939,45,63,-18,18
13940,104,102,2,2
13941,82,84,-2,2
13942,52,51,1,1
13943,96,90,6,6
13944,108,103,5,5
13945,122,118,4,4
13946,105,104,1,1
13947,72,79,-7,7
13948,75,74,1,1
13949,111,107,4,4
13950,86,83,3,3
13951,121,116,5,5
13952,86,86,0,0
13953,66,65,1,1
13954,93,91,2,2
13955,128,130,-2,2
13956,142,129,13,13
13957,87,77,10,10
13958,84,86,-2,2
13959,103,105,-2,2
13960,113,102,11,11
13961,136,130,6,6
13962,74,73,1,1
13963,108,118,-10,10
13964,89,90,-1,1
13965,84,85,-1,1
13966,98,95,3,3
13967,51,63,-12,12
13968,53,57,-4,4
13969,88,88,0,0
13970,96,90,6,6
13971,105,114,-9,9
13972,95,87,8,8
13973,119,110,9,9
13974,79,76,3,3
13975,110,90,20,20
13976,68,68,0,0
13977,98,97,1,1
13978,162,154,8,8
13979,124,123,1,1
13980,54,57,-3,3
13981,89,97,-8,8
13982,55,62,-7,7
13983,147,127,20,20
13984,118,108,10,10
13985,28,41,-13,13
13986,115,110,5,5
13987,87,90,-3,3
13988,129,120,9,9
13989,100,96,4,4
13990,119,115,4,4
13991,95,94,1,1
13992,130,125,5,5
13993,57,58,-1,1
13994,103,93,10,10
13995,100,102,-2,2
13996,95,93,2,2
13997,61,66,-5,5
13998,59,69,-10,10
13999,126,113,13,13
14000,162,162,0,0
14001,98,96,2,2
14002,134,108,26,26
14003,118,113,5,5
14004,57,64,-7,7
14005,84,92,-8,8
14006,84,83,1,1
14007,120,127,-7,7
14008,163,152,11,11
14009,64,70,-6,6
14010,83,78,5,5
14011,69,84,-15,15
14012,135,102,33,33
14013,86,81,5,5
14014,60,57,3,3
14015,77,83,-6,6
14016,92,93,-1,1
14017,85,84,1,1
14018,161,147,14,14
14019,126,110,16,16
14020,63,68,-5,5
14021,93,103,-10,10
14022,73,76,-3,3
14023,107,106,1,1
14024,74,80,-6,6
14025,73,66,7,7
14026,108,98,10,10
14027,182,164,18,18
14028,134,118,16,16
14029,67,73,-6,6
14030,91,87,4,4
14031,131,148,-17,17
14032,146,133,13,13
14033,80,83,-3,3
14034,139,127,12,12
14035,188,173,15,15
14036,150,134,16,16
14037,74,78,-4,4
14038,115,115,0,0
14039,87,84,3,3
14040,83,75,8,8
14041,71,75,-4,4
14042,95,100,-5,5
14043,110,100,10,10
14044,91,91,0,0
14045,108,103,5,5
14046,51,58,-7,7
14047,71,78,-7,7
14048,50,60,-10,10
14049,66,73,-7,7
14050,56,71,-15,15
14051,108,107,1,1
14052,114,105,9,9
14053,86,77,9,9
14054,88,86,2,2
14055,66,62,4,4
14056,111,110,1,1
14057,53,62,-9,9
14058,94,92,2,2
14059,74,78,-4,4
14060,129,128,1,1
14061,75,81,-6,6
14062,198,172,26,26
14063,76,75,1,1
14064,94,97,-3,3
14065,70,70,0,0
14066,172,142,30,30
14067,61,68,-7,7
14068,80,81,-1,1
14069,102,94,8,8
14070,114,112,2,2
14071,70,75,-5,5
14072,75,86,-11,11
14073,112,107,5,5
14074,44,53,-9,9
14075,145,157,-12,12
14076,68,92,-24,24
14077,148,137,11,11
14078,56,64,-8,8
14079,81,84,-3,3
14080,73,76,-3,3
14081,122,122,0,0
14082,75,83,-8,8
14083,121,125,-4,4
14084,139,135,4,4
14085,63,66,-3,3
14086,125,123,2,2
14087,85,83,2,2
14088,112,114,-2,2
14089,114,110,4,4
14090,134,123,11,11
14091,98,106,-8,8
14092,75,88,-13,13
14093,135,118,17,17
14094,96,97,-1,1
14095,102,102,0,0
14096,150,146,4,4
14097,186,156,30,30
14098,63,63,0,0
14099,116,105,11,11
14100,83,72,11,11
14101,110,94,16,16
14102,104,100,4,4
14103,71,72,-1,1
14104,111,119,-8,8
14105,106,110,-4,4
14106,147,143,4,4
14107,67,75,-8,8
14108,212,186,26,26
14109,83,89,-6,6
14110,174,143,31,31
14111,113,121,-8,8
14112,68,84,-16,16
14113,159,154,5,5
14114,52,63,-11,11
14115,123,120,3,3
14116,112,109,3,3
14117,69,84,-15,15
14118,61,68,-7,7
14119,63,67,-4,4
14120,70,76,-6,6
14121,65,75,-10,10
14122,145,143,2,2
14123,121,121,0,0
14124,60,61,-1,1
14125,187,160,27,27
14126,24,27,-3,3
14127,136,132,4,4
14128,65,77,-12,12
14129,67,70,-3,3
14130,189,172,17,17
14131,83,104,-21,21
14132,76,80,-4,4
14133,91,91,0,0
14134,74,88,-14,14
14135,55,69,-14,14
14136,107,100,7,7
14137,160,142,18,18
14138,149,133,16,16
14139,96,90,6,6
14140,88,89,-1,1
14141,118,111,7,7
14142,91,91,0,0
14143,92,94,-2,2
14144,74,79,-5,5
14145,118,121,-3,3
14146,81,99,-18,18
14147,95,94,1,1
14148,68,74,-6,6
14149,132,117,15,15
14150,49,49,0,0
14151,115,113,2,2
14152,148,137,11,11
14153,109,122,-13,13
14154,104,95,9,9
14155,159,154,5,5
14156,83,77,6,6
14157,47,53,-6,6
14158,92,89,3,3
14159,101,103,-2,2
14160,57,58,-1,1
14161,40,55,-15,15
14162,153,136,17,17
14163,163,134,29,29
14164,66,71,-5,5
14165,90,85,5,5
14166,55,58,-3,3
14167,52,64,-12,12
14168,96,93,3,3
14169,115,111,4,4
14170,47,56,-9,9
14171,77,93,-16,16
14172,76,82,-6,6
14173,115,115,0,0
14174,93,101,-8,8
14175,120,93,27,27
14176,83,88,-5,5
14177,119,113,6,6
14178,40,55,-15,15
14179,47,55,-8,8
14180,55,61,-6,6
14181,96,97,-1,1
14182,88,94,-6,6
14183,74,89,-15,15
14184,80,89,-9,9
14185,68,68,0,0
14186,144,132,12,12
14187,101,96,5,5
14188,116,114,2,2
14189,63,68,-5,5
14190,51,53,-2,2
14191,123,122,1,1
14192,145,136,9,9
14193,107,98,9,9
14194,109,105,4,4
14195,115,115,0,0
14196,59,61,-2,2
14197,63,74,-11,11
14198,190,172,18,18
14199,69,73,-4,4
14200,77,79,-2,2
14201,78,86,-8,8
14202,85,93,-8,8
14203,112,95,17,17
14204,82,84,-2,2
14205,150,140,10,10
14206,72,78,-6,6
14207,105,109,-4,4
14208,80,78,2,2
14209,39,46,-7,7
14210,102,109,-7,7
14211,68,77,-9,9
14212,95,93,2,2
14213,24,31,-7,7
14214,50,59,-9,9
14215,66,63,3,3
14216,69,78,-9,9
14217,120,111,9,9
14218,140,120,20,20
14219,69,77,-8,8
14220,187,143,44,44
14221,107,102,5,5
14222,67,72,-5,5
14223,126,125,1,1
14224,112,117,-5,5
14225,93,102,-9,9
14226,89,93,-4,4
14227,93,101,-8,8
14228,48,54,-6,6
14229,153,140,13,13
14230,67,69,-2,2
14231,48,58,-10,10
14232,58,71,-13,13
14233,179,157,22,22
14234,91,91,0,0
14235,123,120,3,3
14236,70,74,-4,4
14237,32,43,-11,11
14238,96,86,10,10
14239,53,60,-7,7
14240,99,100,-1,1
14241,133,117,16,16
14242,77,86,-9,9
14243,47,58,-11,11
14244,55,60,-5,5
14245,85,83,2,2
14246,135,125,10,10
14247,103,98,5,5
14248,62,77,-15,15
14249,73,78,-5,5
14250,117,127,-10,10
14251,112,105,7,7
14252,34,37,-3,3
14253,46,53,-7,7
14254,68,72,-4,4
14255,42,43,-1,1
14256,88,102,-14,14
14257,88,88,0,0
14258,78,83,-5,5
14259,74,83,-9,9
14260,145,131,14,14
14261,144,133,11,11
14262,146,140,6,6
14263,50,59,-9,9
14264,134,116,18,18
14265,81,78,3,3
14266,81,78,3,3
14267,64,71,-7,7
14268,134,128,6,6
14269,177,164,13,13
14270,115,104,11,11
14271,105,107,-2,2
14272,142,129,13,13
14273,104,107,-3,3
14274,74,83,-9,9
14275,177,150,27,27
14276,47,55,-8,8
14277,127,127,0,0
14278,186,156,30,30
14279,81,91,-10,10
14280,78,79,-1,1
14281,155,136,19,19
14282,170,126,44,44
14283,97,93,4,4
14284,94,89,5,5
14285,77,82,-5,5
14286,83,83,0,0
14287,109,105,4,4
14288,92,96,-4,4
14289,93,94,-1,1
14290,63,86,-23,23
14291,85,85,0,0
14292,92,100,-8,8
14293,68,62,6,6
14294,111,114,-3,3
14295,181,157,24,24
14296,57,57,0,0
14297,93,96,-3,3
14298,68,79,-11,11
14299,95,98,-3,3
14300,123,108,15,15
14301,58,65,-7,7
14302,159,136,23,23
14303,97,86,11,11
14304,82,83,-1,1
14305,70,69,1,1
14306,87,76,11,11
14307,63,72,-9,9
14308,138,129,9,9
14309,124,125,-1,1
14310,90,89,1,1
14311,72,70,2,2
14312,82,91,-9,9
14313,102,116,-14,14
14314,149,123,26,26
14315,127,115,12,12
14316,127,102,25,25
14317,80,80,0,0
14318,79,73,6,6
14319,126,125,1,1
14320,160,146,14,14
14321,88,86,2,2
14322,57,49,8,8
14323,117,113,4,4
14324,88,84,4,4
14325,117,114,3,3
14326,108,104,4,4
14327,122,129,-7,7
14328,126,112,14,14
14329,137,130,7,7
14330,119,103,16,16
14331,94,98,-4,4
14332,89,74,15,15
14333,65,66,-1,1
14334,80,80,0,0
14335,73,76,-3,3
14336,137,121,16,16
14337,112,108,4,4
14338,93,94,-1,1
14339,121,100,21,21
14340,94,97,-3,3
14341,74,79,-5,5
14342,126,118,8,8
14343,102,91,11,11
14344,61,60,1,1
14345,107,107,0,0
14346,187,163,24,24
14347,129,118,11,11
14348,96,101,-5,5
14349,85,80,5,5
14350,89,92,-3,3
14351,65,62,3,3
14352,67,77,-10,10
14353,95,88,7,7
14354,90,84,6,6
14355,70,85,-15,15
14356,51,65,-14,14
14357,67,77,-10,10
14358,105,92,13,13
14359,72,88,-16,16
14360,73,70,3,3
14361,90,92,-2,2
14362,60,60,0,0
14363,125,118,7,7
14364,128,118,10,10
14365,114,108,6,6
14366,80,68,12,12
14367,130,111,19,19
14368,170,175,-5,5
14369,163,160,3,3
14370,121,106,15,15
14371,65,71,-6,6
14372,110,105,5,5
14373,86,88,-2,2
14374,136,129,7,7
14375,95,96,-1,1
14376,82,83,-1,1
14377,117,108,9,9
14378,122,119,3,3
14379,61,61,0,0
14380,49,59,-10,10
14381,188,160,28,28
14382,61,70,-9,9
14383,164,152,12,12
14384,64,71,-7,7
14385,100,93,7,7
14386,75,75,0,0
14387,90,88,2,2
14388,83,79,4,4
14389,74,81,-7,7
14390,88,87,1,1
14391,110,99,11,11
14392,104,99,5,5
14393,61,72,-11,11
14394,80,90,-10,10
14395,121,110,11,11
14396,72,75,-3,3
14397,80,83,-3,3
14398,38,44,-6,6
14399,136,116,20,20
14400,85,89,-4,4
14401,86,88,-2,2
14402,129,121,8,8
14403,58,66,-8,8
14404,73,82,-9,9
14405,135,131,4,4
14406,106,113,-7,7
14407,53,58,-5,5
14408,54,65,-11,11
14409,62,80,-18,18
14410,91,97,-6,6
14411,61,64,-3,3
14412,56,68,-12,12
14413,53,61,-8,8
14414,67,71,-4,4
14415,81,88,-7,7
14416,77,85,-8,8
14417,92,88,4,4
14418,181,161,20,20
14419,68,76,-8,8
14420,73,78,-5,5
14421,102,96,6,6
14422,85,87,-2,2
14423,78,82,-4,4
14424,85,80,5,5
14425,86,93,-7,7
14426,61,69,-8,8
14427,60,63,-3,3
14428,70,86,-16,16
14429,63,73,-10,10
14430,141,143,-2,2
14431,82,77,5,5
14432,125,113,12,12
14433,25,26,-1,1
14434,124,113,11,11
14435,42,51,-9,9
14436,123,126,-3,3
14437,50,60,-10,10
14438,94,101,-7,7
14439,175,153,22,22
14440,119,117,2,2
14441,97,98,-1,1
14442,112,108,4,4
14443,105,103,2,2
14444,85,87,-2,2
14445,117,119,-2,2
14446,140,131,9,9
14447,117,105,12,12
14448,45,48,-3,3
14449,73,79,-6,6
14450,71,84,-13,13
14451,41,45,-4,4
14452,134,123,11,11
14453,102,102,0,0
14454,69,73,-4,4
14455,98,102,-4,4
14456,113,104,9,9
14457,90,90,0,0
14458,67,71,-4,4
14459,83,89,-6,6
14460,64,70,-6,6
14461,192,156,36,36
14462,93,82,11,11
14463,111,111,0,0
14464,122,122,0,0
14465,89,97,-8,8
14466,77,96,-19,19
14467,66,70,-4,4
14468,57,63,-6,6
14469,84,88,-4,4
14470,90,90,0,0
14471,103,101,2,2
14472,144,134,10,10
14473,120,110,10,10
14474,105,101,4,4
14475,121,115,6,6
14476,51,97,-46,46
14477,91,82,9,9
14478,73,82,-9,9
14479,60,69,-9,9
14480,50,55,-5,5
14481,94,104,-10,10
14482,107,97,10,10
14483,62,61,1,1
14484,77,80,-3,3
14485,109,101,8,8
14486,113,106,7,7
14487,95,97,-2,2
14488,153,152,1,1
14489,146,125,21,21
14490,75,80,-5,5
14491,97,99,-2,2
14492,96,96,0,0
14493,112,124,-12,12
14494,93,102,-9,9
14495,88,89,-1,1
14496,143,125,18,18
14497,131,127,4,4
14498,92,92,0,0
14499,77,77,0,0
14500,94,91,3,3
14501,60,75,-15,15
14502,70,72,-2,2
14503,73,73,0,0
14504,115,109,6,6
14505,111,110,1,1
14506,41,48,-7,7
14507,49,57,-8,8
14508,141,133,8,8
14509,85,82,3,3
14510,89,88,1,1
14511,84,75,9,9
14512,102,99,3,3
14513,100,103,-3,3
14514,72,74,-2,2
14515,99,92,7,7
14516,68,69,-1,1
14517,63,62,1,1
14518,156,153,3,3
14519,113,104,9,9
14520,109,98,11,11
14521,141,132,9,9
14522,173,157,16,16
14523,95,99,-4,4
14524,89,95,-6,6
14525,103,97,6,6
14526,71,74,-3,3
14527,81,78,3,3
14528,93,93,0,0
14529,138,145,-7,7
14530,94,81,13,13
14531,168,142,26,26
14532,56,65,-9,9
14533,70,67,3,3
14534,143,119,24,24
14535,115,113,2,2
14536,78,77,1,1
14537,71,69,2,2
14538,61,63,-2,2
14539,174,157,17,17
14540,136,131,5,5
14541,137,138,-1,1
14542,64,62,2,2
14543,98,90,8,8
14544,61,70,-9,9
14545,79,77,2,2
14546,58,62,-4,4
14547,88,88,0,0
14548,83,83,0,0
14549,58,66,-8,8
14550,113,101,12,12
14551,65,67,-2,2
14552,98,97,1,1
14553,98,92,6,6
14554,119,106,13,13
14555,81,86,-5,5
14556,107,105,2,2
14557,69,69,0,0
14558,102,103,-1,1
14559,64,72,-8,8
14560,92,100,-8,8
14561,91,79,12,12
14562,76,73,3,3
14563,120,112,8,8
14564,131,123,8,8
14565,73,68,5,5
14566,113,95,18,18
14567,46,66,-20,20
14568,31,26,5,5
14569,86,87,-1,1
14570,124,127,-3,3
14571,69,71,-2,2
14572,103,101,2,2
14573,78,86,-8,8
14574,85,79,6,6
14575,43,45,-2,2
14576,102,102,0,0
14577,64,76,-12,12
14578,112,117,-5,5
14579,104,101,3,3
14580,116,115,1,1
14581,72,76,-4,4
14582,86,95,-9,9
14583,45,52,-7,7
14584,90,94,-4,4
14585,204,179,25,25
14586,38,49,-11,11
14587,95,80,15,15
14588,102,109,-7,7
14589,193,173,20,20
14590,130,116,14,14
14591,47,55,-8,8
14592,132,127,5,5
14593,176,144,32,32
14594,67,73,-6,6
14595,100,103,-3,3
14596,73,67,6,6
14597,44,58,-14,14
14598,65,74,-9,9
14599,34,44,-10,10
14600,56,72,-16,16
14601,87,87,0,0
14602,87,104,-17,17
14603,44,60,-16,16
14604,115,102,13,13
14605,82,85,-3,3
14606,134,133,1,1
14607,161,144,17,17
14608,61,64,-3,3
14609,150,137,13,13
14610,106,103,3,3
14611,68,71,-3,3
14612,106,94,12,12
14613,96,93,3,3
14614,142,140,2,2
14615,74,66,8,8
14616,47,54,-7,7
14617,130,126,4,4
14618,121,120,1,1
14619,104,102,2,2
14620,79,81,-2,2
14621,85,81,4,4
14622,92,92,0,0
14623,52,96,-44,44
14624,144,154,-10,10
14625,92,81,11,11
14626,58,56,2,2
14627,116,119,-3,3
14628,71,77,-6,6
14629,65,65,0,0
14630,86,79,7,7
14631,51,60,-9,9
14632,51,61,-10,10
14633,169,152,17,17
14634,117,121,-4,4
14635,94,91,3,3
14636,77,78,-1,1
14637,61,67,-6,6
14638,64,67,-3,3
14639,38,50,-12,12
14640,54,56,-2,2
14641,70,78,-8,8
14642,77,83,-6,6
14643,127,112,15,15
14644,58,66,-8,8
14645,84,85,-1,1
14646,89,93,-4,4
14647,52,57,-5,5
14648,73,77,-4,4
14649,64,76,-12,12
14650,53,67,-14,14
14651,112,103,9,9
14652,92,94,-2,2
14653,90,83,7,7
14654,72,76,-4,4
14655,99,105,-6,6
14656,84,81,3,3
14657,90,89,1,1
14658,135,131,4,4
14659,91,87,4,4
14660,81,90,-9,9
14661,119,110,9,9
14662,70,77,-7,7
14663,62,70,-8,8
14664,80,83,-3,3
14665,69,69,0,0
14666,107,116,-9,9
14667,145,133,12,12
14668,137,125,12,12
14669,94,99,-5,5
14670,158,137,21,21
14671,174,154,20,20
14672,100,103,-3,3
14673,141,125,16,16
14674,131,124,7,7
14675,168,153,15,15
14676,98,95,3,3
14677,116,119,-3,3
14678,101,93,8,8
14679,89,107,-18,18
14680,119,112,7,7
14681,139,133,6,6
14682,25,27,-2,2
14683,106,105,1,1
14684,161,152,9,9
14685,123,115,8,8
14686,87,87,0,0
14687,58,66,-8,8
14688,62,70,-8,8
14689,89,89,0,0
14690,81,80,1,1
14691,70,68,2,2
14692,78,77,1,1
14693,163,151,12,12
14694,46,68,-22,22
14695,57,60,-3,3
14696,108,104,4,4
14697,148,115,33,33
14698,74,78,-4,4
14699,54,64,-10,10
14700,64,77,-13,13
14701,162,135,27,27
14702,124,112,12,12
14703,75,79,-4,4
14704,76,78,-2,2
14705,81,89,-8,8
14706,56,64,-8,8
14707,90,87,3,3
14708,70,78,-8,8
14709,66,84,-18,18
14710,75,80,-5,5
14711,95,109,-14,14
14712,123,120,3,3
14713,125,114,11,11
14714,44,51,-7,7
14715,141,135,6,6
14716,53,63,-10,10
14717,97,95,2,2
14718,100,102,-2,2
14719,78,95,-17,17
14720,199,174,25,25
14721,124,114,10,10
14722,56,73,-17,17
14723,62,62,0,0
14724,109,102,7,7
14725,149,126,23,23
14726,101,103,-2,2
14727,129,119,10,10
14728,138,119,19,19
14729,118,119,-1,1
14730,151,138,13,13
14731,58,61,-3,3
14732,148,140,8,8
14733,89,90,-1,1
14734,93,97,-4,4
14735,111,105,6,6
14736,131,123,8,8
14737,106,110,-4,4
14738,123,114,9,9
14739,119,137,-18,18
14740,106,106,0,0
14741,121,113,8,8
14742,74,69,5,5
14743,94,99,-5,5
14744,83,76,7,7
14745,159,142,17,17
14746,126,113,13,13
14747,71,75,-4,4
14748,52,54,-2,2
14749,139,140,-1,1
14750,98,94,4,4
14751,94,97,-3,3
14752,58,58,0,0
14753,126,123,3,3
14754,65,71,-6,6
14755,98,88,10,10
14756,170,154,16,16
14757,71,81,-10,10
14758,63,76,-13,13
14759,74,82,-8,8
14760,119,112,7,7
14761,73,87,-14,14
14762,88,86,2,2
14763,96,97,-1,1
14764,125,124,1,1
14765,119,116,3,3
14766,88,85,3,3
14767,98,93,5,5
14768,103,114,-11,11
14769,95,93,2,2
14770,80,83,-3,3
14771,88,90,-2,2
14772,50,55,-5,5
14773,81,76,5,5
14774,72,69,3,3
14775,56,47,9,9
14776,54,64,-10,10
14777,70,83,-13,13
14778,92,86,6,6
14779,79,81,-2,2
14780,64,72,-8,8
14781,121,118,3,3
14782,55,60,-5,5
14783,110,105,5,5
14784,142,130,12,12
14785,160,144,16,16
14786,61,64,-3,3
14787,59,63,-4,4
14788,102,106,-4,4
14789,95,94,1,1
14790,62,71,-9,9
14791,142,135,7,7
14792,91,81,10,10
14793,114,108,6,6
14794,54,56,-2,2
14795,93,100,-7,7
14796,96,93,3,3
14797,75,76,-1,1
14798,95,92,3,3
14799,59,66,-7,7
14800,87,78,9,9
14801,121,106,15,15
14802,85,90,-5,5
14803,74,78,-4,4
14804,94,97,-3,3
14805,117,116,1,1
14806,136,129,7,7
14807,51,57,-6,6
14808,143,132,11,11
14809,110,106,4,4
14810,112,103,9,9
14811,59,60,-1,1
14812,69,69,0,0
14813,92,92,0,0
14814,92,95,-3,3
14815,125,112,13,13
14816,93,88,5,5
14817,94,88,6,6
14818,183,157,26,26
14819,158,150,8,8
14820,126,121,5,5
14821,201,173,28,28
14822,96,85,11,11
14823,69,85,-16,16
14824,112,116,-4,4
14825,60,69,-9,9
14826,81,78,3,3
14827,229,202,27,27
14828,81,80,1,1
14829,49,64,-15,15
14830,98,90,8,8
14831,104,99,5,5
14832,117,107,10,10
14833,91,93,-2,2
14834,96,86,10,10
14835,82,79,3,3
14836,193,161,32,32
14837,75,83,-8,8
14838,101,101,0,0
14839,128,112,16,16
14840,103,101,2,2
14841,84,82,2,2
14842,162,144,18,18
14843,117,116,1,1
14844,104,121,-17,17
14845,85,84,1,1
14846,90,90,0,0
14847,67,73,-6,6
14848,91,82,9,9
14849,152,141,11,11
14850,60,62,-2,2
14851,107,102,5,5
14852,114,124,-10,10
14853,95,101,-6,6
14854,85,87,-2,2
14855,72,104,-32,32
14856,66,93,-27,27
14857,81,87,-6,6
14858,112,105,7,7
14859,39,47,-8,8
14860,125,135,-10,10
14861,67,70,-3,3
14862,103,93,10,10
14863,44,59,-15,15
14864,52,57,-5,5
14865,58,66,-8,8
14866,105,108,-3,3
14867,55,72,-17,17
14868,107,123,-16,16
14869,102,111,-9,9
14870,61,77,-16,16
14871,129,124,5,5
14872,72,76,-4,4
14873,144,136,8,8
14874,67,76,-9,9
14875,131,118,13,13
14876,59,69,-10,10
14877,142,130,12,12
14878,80,84,-4,4
14879,95,89,6,6
14880,62,71,-9,9
14881,99,103,-4,4
14882,69,83,-14,14
14883,36,47,-11,11
14884,53,59,-6,6
14885,174,145,29,29
14886,120,116,4,4
14887,60,73,-13,13
14888,44,44,0,0
14889,104,106,-2,2
14890,70,71,-1,1
14891,80,76,4,4
14892,72,71,1,1
14893,114,121,-7,7
14894,110,107,3,3
14895,69,65,4,4
14896,108,100,8,8
14897,136,126,10,10
14898,62,67,-5,5
14899,170,159,11,11
14900,109,98,11,11
14901,85,88,-3,3
14902,93,84,9,9
14903,117,110,7,7
14904,102,81,21,21
14905,123,115,8,8
14906,91,104,-13,13
14907,65,71,-6,6
14908,52,58,-6,6
14909,139,121,18,18
14910,88,91,-3,3
14911,67,84,-17,17
14912,143,133,10,10
14913,153,148,5,5
14914,65,72,-7,7
14915,84,89,-5,5
14916,101,108,-7,7
14917,90,114,-24,24
14918,75,77,-2,2
14919,95,94,1,1
14920,197,165,32,32
14921,60,62,-2,2
14922,152,144,8,8
14923,69,68,1,1
14924,79,83,-4,4
14925,63,78,-15,15
14926,114,109,5,5
14927,94,89,5,5
14928,107,102,5,5
14929,94,94,0,0
14930,68,74,-6,6
14931,95,96,-1,1
14932,123,113,10,10
14933,81,81,0,0
14934,141,120,21,21
14935,78,81,-3,3
14936,100,102,-2,2
14937,120,113,7,7
14938,36,41,-5,5
14939,81,87,-6,6
14940,118,102,16,16
14941,122,120,2,2
14942,80,74,6,6
14943,130,116,14,14
14944,44,49,-5,5
14945,170,159,11,11
14946,74,89,-15,15
14947,66,74,-8,8
14948,192,168,24,24
14949,84,86,-2,2
14950,116,132,-16,16
14951,81,82,-1,1
14952,43,47,-4,4
14953,69,73,-4,4
14954,63,67,-4,4
14955,94,93,1,1
14956,84,83,1,1
14957,56,58,-2,2
14958,106,110,-4,4
14959,152,126,26,26
14960,92,91,1,1
14961,68,70,-2,2
14962,87,94,-7,7
14963,88,99,-11,11
14964,78,82,-4,4
14965,64,75,-11,11
14966,147,138,9,9
14967,57,59,-2,2
14968,81,93,-12,12
14969,59,68,-9,9
14970,70,73,-3,3
14971,87,93,-6,6
14972,90,83,7,7
14973,87,79,8,8
14974,49,56,-7,7
14975,160,135,25,25
14976,131,116,15,15
14977,83,87,-4,4
14978,44,55,-11,11
14979,44,54,-10,10
14980,52,65,-13,13
14981,102,105,-3,3
14982,69,75,-6,6
14983,99,95,4,4
14984,81,90,-9,9
14985,91,102,-11,11
14986,87,87,0,0
14987,57,59,-2,2
14988,82,88,-6,6
14989,56,64,-8,8
14990,76,82,-6,6
14991,79,86,-7,7
14992,78,77,1,1
14993,121,105,16,16
14994,119,93,26,26
14995,68,77,-9,9
14996,146,134,12,12
14997,106,88,18,18
14998,132,116,16,16
14999,47,53,-6,6
15000,70,74,-4,4
15001,114,101,13,13
15002,71,72,-1,1
15003,85,99,-14,14
15004,132,121,11,11
15005,33,29,4,4
15006,16,36,-20,20
15007,68,72,-4,4
15008,62,68,-6,6
15009,84,90,-6,6
15010,50,61,-11,11
15011,91,89,2,2
15012,116,110,6,6
15013,97,94,3,3
15014,126,126,0,0
15015,102,105,-3,3
15016,111,98,13,13
15017,113,107,6,6
15018,149,129,20,20
15019,87,76,11,11
15020,120,106,14,14
15021,124,120,4,4
15022,145,125,20,20
15023,78,80,-2,2
15024,158,147,11,11
15025,47,61,-14,14
15026,228,183,45,45
15027,86,93,-7,7
15028,97,96,1,1
15029,105,100,5,5
15030,59,69,-10,10
15031,134,107,27,27
15032,122,121,1,1
15033,116,128,-12,12
15034,72,84,-12,12
15035,95,106,-11,11
15036,48,53,-5,5
15037,71,72,-1,1
15038,164,161,3,3
15039,80,79,1,1
15040,96,88,8,8
15041,133,118,15,15
15042,121,121,0,0
15043,122,120,2,2
15044,99,91,8,8
15045,96,87,9,9
15046,41,54,-13,13
15047,157,133,24,24
15048,104,86,18,18
15049,65,74,-9,9
15050,103,108,-5,5
15051,118,111,7,7
15052,99,100,-1,1
15053,126,110,16,16
15054,106,103,3,3
15055,55,56,-1,1
15056,75,75,0,0
15057,69,79,-10,10
15058,107,107,0,0
15059,122,119,3,3
15060,63,71,-8,8
15061,107,104,3,3
15062,96,115,-19,19
15063,62,76,-14,14
15064,72,74,-2,2
15065,152,138,14,14
15066,65,72,-7,7
15067,78,80,-2,2
15068,115,110,5,5
15069,113,101,12,12
15070,113,98,15,15
15071,105,98,7,7
15072,116,113,3,3
15073,158,143,15,15
15074,57,65,-8,8
15075,141,136,5,5
15076,82,83,-1,1
15077,106,106,0,0
15078,96,87,9,9
15079,104,102,2,2
15080,98,90,8,8
15081,83,95,-12,12
15082,138,124,14,14
15083,148,134,14,14
15084,71,81,-10,10
15085,90,99,-9,9
15086,134,118,16,16
15087,129,131,-2,2
15088,127,124,3,3
15089,77,78,-1,1
15090,69,77,-8,8
15091,102,100,2,2
15092,69,76,-7,7
15093,65,69,-4,4
15094,102,109,-7,7
15095,56,74,-18,18
15096,123,111,12,12
15097,73,70,3,3
15098,61,76,-15,15
15099,102,113,-11,11
15100,98,97,1,1
15101,80,80,0,0
15102,85,89,-4,4
15103,61,68,-7,7
15104,127,121,6,6
15105,68,70,-2,2
15106,127,128,-1,1
15107,71,71,0,0
15108,71,60,11,11
15109,149,136,13,13
15110,91,85,6,6
15111,98,101,-3,3
15112,51,64,-13,13
15113,90,86,4,4
15114,105,112,-7,7
15115,84,84,0,0
15116,98,94,4,4
15117,188,184,4,4
15118,57,58,-1,1
15119,135,110,25,25
15120,107,97,10,10
15121,166,151,15,15
15122,102,97,5,5
15123,162,146,16,16
15124,74,72,2,2
15125,81,85,-4,4
15126,58,62,-4,4
15127,93,80,13,13
15128,67,67,0,0
15129,136,136,0,0
15130,122,120,2,2
15131,114,113,1,1
15132,66,65,1,1
15133,121,106,15,15
15134,82,86,-4,4
15135,110,105,5,5
15136,63,70,-7,7
15137,108,105,3,3
15138,77,77,0,0
15139,86,84,2,2
15140,74,70,4,4
15141,101,104,-3,3
15142,114,117,-3,3
15143,105,101,4,4
15144,106,102,4,4
15145,83,80,3,3
15146,169,156,13,13
15147,71,74,-3,3
15148,87,93,-6,6
15149,67,74,-7,7
15150,86,111,-25,25
15151,244,216,28,28
15152,96,83,13,13
15153,136,132,4,4
15154,64,68,-4,4
15155,131,138,-7,7
15156,142,141,1,1
15157,63,80,-17,17
15158,56,67,-11,11
15159,65,70,-5,5
15160,116,103,13,13
15161,57,58,-1,1
15162,109,115,-6,6
15163,114,120,-6,6
15164,68,70,-2,2
15165,114,108,6,6
15166,64,83,-19,19
15167,112,114,-2,2
15168,47,59,-12,12
15169,66,68,-2,2
15170,81,88,-7,7
15171,127,126,1,1
15172,109,107,2,2
15173,72,72,0,0
15174,94,95,-1,1
15175,46,55,-9,9
15176,113,85,28,28
15177,70,76,-6,6
15178,80,85,-5,5
15179,64,71,-7,7
15180,113,105,8,8
15181,56,65,-9,9
15182,112,104,8,8
15183,50,64,-14,14
15184,101,94,7,7
15185,173,160,13,13
15186,57,57,0,0
15187,104,101,3,3
15188,90,87,3,3
15189,76,76,0,0
15190,94,93,1,1
15191,105,115,-10,10
15192,121,115,6,6
15193,126,129,-3,3
15194,127,109,18,18
15195,116,114,2,2
15196,88,83,5,5
15197,62,75,-13,13
15198,190,176,14,14
15199,91,117,-26,26
15200,68,77,-9,9
15201,102,91,11,11
15202,150,117,33,33
15203,85,89,-4,4
15204,45,52,-7,7
15205,106,108,-2,2
15206,64,66,-2,2
15207,152,145,7,7
15208,124,122,2,2
15209,77,84,-7,7
15210,80,88,-8,8
15211,68,65,3,3
15212,131,126,5,5
15213,141,125,16,16
15214,138,121,17,17
15215,139,149,-10,10
15216,54,65,-11,11
15217,81,83,-2,2
15218,131,132,-1,1
15219,105,101,4,4
15220,88,81,7,7
15221,97,97,0,0
15222,132,121,11,11
15223,80,84,-4,4
15224,83,89,-6,6
15225,56,67,-11,11
15226,68,82,-14,14
15227,88,86,2,2
15228,101,104,-3,3
15229,123,114,9,9
15230,123,125,-2,2
15231,56,78,-22,22
15232,139,132,7,7
15233,102,105,-3,3
15234,53,57,-4,4
15235,145,139,6,6
15236,94,96,-2,2
15237,126,119,7,7
15238,92,84,8,8
15239,82,81,1,1
15240,74,84,-10,10
15241,165,129,36,36
15242,99,103,-4,4
15243,139,139,0,0
15244,84,74,10,10
15245,85,84,1,1
15246,63,68,-5,5
15247,174,145,29,29
15248,127,107,20,20
15249,93,103,-10,10
15250,106,102,4,4
15251,108,130,-22,22
15252,93,91,2,2
15253,98,83,15,15
15254,91,94,-3,3
15255,68,71,-3,3
15256,98,97,1,1
15257,264,215,49,49
15258,105,93,12,12
15259,71,79,-8,8
15260,57,56,1,1
15261,99,97,2,2
15262,87,84,3,3
15263,109,105,4,4
15264,132,128,4,4
15265,66,77,-11,11
15266,99,100,-1,1
15267,70,69,1,1
15268,111,104,7,7
15269,124,116,8,8
15270,53,64,-11,11
15271,113,103,10,10
15272,69,65,4,4
15273,69,79,-10,10
15274,80,80,0,0
15275,87,87,0,0
15276,117,105,12,12
15277,105,95,10,10
15278,64,60,4,4
15279,41,51,-10,10
15280,60,63,-3,3
15281,93,95,-2,2
15282,74,73,1,1
15283,100,93,7,7
15284,75,75,0,0
15285,117,104,13,13
15286,129,126,3,3
15287,145,137,8,8
15288,102,102,0,0
15289,147,142,5,5
15290,55,65,-10,10
15291,91,87,4,4
15292,46,56,-10,10
15293,211,166,45,45
15294,125,130,-5,5
15295,76,80,-4,4
15296,84,83,1,1
15297,104,104,0,0
15298,62,72,-10,10
15299,77,84,-7,7
15300,100,91,9,9
15301,83,87,-4,4
15302,90,91,-1,1
15303,181,156,25,25
15304,132,139,-7,7
15305,88,85,3,3
15306,85,87,-2,2
15307,69,74,-5,5
15308,59,64,-5,5
15309,42,38,4,4
15310,138,126,12,12
15311,75,74,1,1
15312,116,114,2,2
15313,76,91,-15,15
15314,85,84,1,1
15315,60,68,-8,8
15316,101,96,5,5
15317,117,121,-4,4
15318,73,85,-12,12
15319,65,75,-10,10
15320,136,133,3,3
15321,40,51,-11,11
15322,61,65,-4,4
15323,138,129,9,9
15324,55,64,-9,9
15325,87,80,7,7
15326,60,59,1,1
15327,42,43,-1,1
15328,184,178,6,6
15329,136,134,2,2
15330,46,73,-27,27
15331,157,118,39,39
15332,99,103,-4,4
15333,64,62,2,2
15334,95,96,-1,1
15335,138,132,6,6
15336,63,70,-7,7
15337,72,67,5,5
15338,52,64,-12,12
15339,90,85,5,5
15340,78,85,-7,7
15341,97,101,-4,4
15342,118,108,10,10
15343,89,93,-4,4
15344,55,65,-10,10
15345,109,102,7,7
15346,64,73,-9,9
15347,103,93,10,10
15348,96,94,2,2
15349,101,93,8,8
15350,130,121,9,9
15351,67,80,-13,13
15352,65,73,-8,8
15353,80,82,-2,2
15354,90,88,2,2
15355,86,80,6,6
15356,62,64,-2,2
15357,162,148,14,14
15358,107,109,-2,2
15359,42,47,-5,5
15360,104,105,-1,1
15361,125,118,7,7
15362,93,95,-2,2
15363,163,168,-5,5
15364,42,61,-19,19
15365,127,119,8,8
15366,94,102,-8,8
15367,88,87,1,1
15368,147,135,12,12
15369,155,142,13,13
15370,107,96,11,11
15371,65,70,-5,5
15372,94,105,-11,11
15373,77,84,-7,7
15374,128,123,5,5
15375,70,76,-6,6
15376,51,65,-14,14
15377,101,105,-4,4
15378,108,95,13,13
15379,169,148,21,21
15380,56,66,-10,10
15381,114,103,11,11
15382,129,133,-4,4
15383,98,96,2,2
15384,62,66,-4,4
15385,52,57,-5,5
15386,125,111,14,14
15387,123,112,11,11
15388,107,104,3,3
15389,100,99,1,1
15390,153,158,-5,5
15391,81,93,-12,12
15392,82,84,-2,2
15393,97,100,-3,3
15394,28,30,-2,2
15395,123,123,0,0
15396,66,81,-15,15
15397,91,90,1,1
15398,95,95,0,0
15399,66,76,-10,10
15400,105,106,-1,1
15401,64,68,-4,4
15402,106,101,5,5
15403,136,120,16,16
15404,87,89,-2,2
15405,71,69,2,2
15406,116,118,-2,2
15407,88,94,-6,6
15408,53,61,-8,8
15409,126,112,14,14
15410,144,125,19,19
15411,74,83,-9,9
15412,63,70,-7,7
15413,72,78,-6,6
15414,73,69,4,4
15415,76,80,-4,4
15416,88,85,3,3
15417,78,82,-4,4
15418,103,98,5,5
15419,76,72,4,4
15420,41,81,-40,40
15421,231,192,39,39
15422,134,128,6,6
15423,126,108,18,18
15424,138,124,14,14
15425,103,110,-7,7
15426,90,94,-4,4
15427,73,75,-2,2
15428,63,77,-14,14
15429,81,86,-5,5
15430,120,103,17,17
15431,92,96,-4,4
15432,100,101,-1,1
15433,51,62,-11,11
15434,116,115,1,1
15435,97,96,1,1
15436,87,74,13,13
15437,138,122,16,16
15438,52,65,-13,13
15439,36,43,-7,7
15440,167,160,7,7
15441,80,92,-12,12
15442,117,113,4,4
15443,91,82,9,9
15444,163,144,19,19
15445,112,123,-11,11
15446,75,81,-6,6
15447,119,110,9,9
15448,61,67,-6,6
15449,71,70,1,1
15450,117,116,1,1
15451,115,125,-10,10
15452,99,101,-2,2
15453,125,120,5,5
15454,100,103,-3,3
15455,153,135,18,18
15456,146,141,5,5
15457,157,138,19,19
15458,104,103,1,1
15459,130,119,11,11
15460,137,140,-3,3
15461,105,110,-5,5
15462,101,91,10,10
15463,110,112,-2,2
15464,97,90,7,7
15465,87,80,7,7
15466,107,105,2,2
15467,87,88,-1,1
15468,90,78,12,12
15469,90,88,2,2
15470,118,114,4,4
15471,57,67,-10,10
15472,108,111,-3,3
15473,51,60,-9,9
15474,56,79,-23,23
15475,53,72,-19,19
15476,55,66,-11,11
15477,68,82,-14,14
15478,61,69,-8,8
15479,142,139,3,3
15480,83,82,1,1
15481,56,69,-13,13
15482,60,73,-13,13
15483,59,68,-9,9
15484,119,116,3,3
15485,60,71,-11,11
15486,60,67,-7,7
15487,106,104,2,2
15488,78,83,-5,5
15489,83,82,1,1
15490,63,71,-8,8
15491,147,139,8,8
15492,182,163,19,19
15493,129,122,7,7
15494,97,99,-2,2
15495,115,106,9,9
15496,105,110,-5,5
15497,102,107,-5,5
15498,127,126,1,1
15499,157,144,13,13
15500,84,84,0,0
15501,152,133,19,19
15502,74,80,-6,6
15503,79,80,-1,1
15504,123,125,-2,2
15505,135,138,-3,3
15506,82,82,0,0
15507,111,110,1,1
15508,62,88,-26,26
15509,59,69,-10,10
15510,77,87,-10,10
15511,63,74,-11,11
15512,81,85,-4,4
15513,56,58,-2,2
15514,69,80,-11,11
15515,65,76,-11,11
15516,82,83,-1,1
15517,91,90,1,1
15518,190,152,38,38
15519,185,163,22,22
15520,131,119,12,12
15521,65,69,-4,4
15522,158,142,16,16
15523,144,147,-3,3
15524,73,81,-8,8
15525,80,91,-11,11
15526,152,139,13,13
15527,62,73,-11,11
15528,64,74,-10,10
15529,65,72,-7,7
15530,146,134,12,12
15531,124,118,6,6
15532,108,98,10,10
15533,131,120,11,11
15534,107,110,-3,3
15535,104,102,2,2
15536,78,76,2,2
15537,115,117,-2,2
15538,159,142,17,17
15539,103,107,-4,4
15540,101,103,-2,2
15541,63,62,1,1
15542,160,147,13,13
15543,61,71,-10,10
15544,60,63,-3,3
15545,130,134,-4,4
15546,96,96,0,0
15547,84,87,-3,3
15548,93,92,1,1
15549,110,108,2,2
15550,66,67,-1,1
15551,77,75,2,2
15552,103,103,0,0
15553,78,84,-6,6
15554,147,134,13,13
15555,87,90,-3,3
15556,84,79,5,5
15557,83,79,4,4
15558,69,70,-1,1
15559,180,163,17,17
15560,140,134,6,6
15561,57,62,-5,5
15562,120,114,6,6
15563,62,66,-4,4
15564,79,79,0,0
15565,127,123,4,4
15566,64,74,-10,10
15567,81,74,7,7
15568,100,97,3,3
15569,118,114,4,4
15570,85,76,9,9
15571,77,87,-10,10
15572,104,97,7,7
15573,72,71,1,1
15574,101,96,5,5
15575,95,102,-7,7
15576,98,94,4,4
15577,62,65,-3,3
15578,98,93,5,5
15579,113,120,-7,7
15580,62,65,-3,3
15581,52,66,-14,14
15582,112,103,9,9
15583,80,83,-3,3
15584,106,115,-9,9
15585,63,72,-9,9
15586,49,66,-17,17
15587,72,77,-5,5
15588,117,100,17,17
15589,116,109,7,7
15590,94,90,4,4
15591,95,97,-2,2
15592,83,95,-12,12
15593,119,117,2,2
15594,106,106,0,0
15595,92,83,9,9
15596,70,79,-9,9
15597,133,126,7,7
15598,64,67,-3,3
15599,169,151,18,18
15600,93,88,5,5
15601,102,101,1,1
15602,87,84,3,3
15603,71,76,-5,5
15604,62,71,-9,9
15605,59,58,1,1
15606,85,85,0,0
15607,72,76,-4,4
15608,50,56,-6,6
15609,92,88,4,4
15610,127,120,7,7
15611,57,61,-4,4
15612,107,104,3,3
15613,65,62,3,3
15614,82,86,-4,4
15615,81,87,-6,6
15616,98,97,1,1
15617,82,78,4,4
15618,110,122,-12,12
15619,166,151,15,15
15620,107,102,5,5
15621,50,65,-15,15
15622,148,132,16,16
15623,70,72,-2,2
15624,100,89,11,11
15625,108,107,1,1
15626,113,112,1,1
15627,53,68,-15,15
15628,126,121,5,5
15629,72,75,-3,3
15630,197,170,27,27
15631,47,54,-7,7
15632,89,87,2,2
15633,143,127,16,16
15634,119,116,3,3
15635,76,81,-5,5
15636,73,81,-8,8
15637,68,78,-10,10
15638,111,105,6,6
15639,121,106,15,15
15640,92,96,-4,4
15641,113,105,8,8
15642,98,102,-4,4
15643,152,149,3,3
15644,80,86,-6,6
15645,82,79,3,3
15646,128,118,10,10
15647,49,62,-13,13
15648,128,125,3,3
15649,63,69,-6,6
15650,52,60,-8,8
15651,89,88,1,1
15652,68,62,6,6
15653,109,104,5,5
15654,83,84,-1,1
15655,97,96,1,1
15656,73,78,-5,5
15657,75,75,0,0
15658,127,116,11,11
15659,52,78,-26,26
15660,69,63,6,6
15661,152,141,11,11
15662,87,86,1,1
15663,130,112,18,18
15664,72,85,-13,13
15665,114,117,-3,3
15666,75,77,-2,2
15667,136,123,13,13
15668,77,80,-3,3
15669,88,85,3,3
15670,64,74,-10,10
15671,90,81,9,9
15672,174,164,10,10
15673,57,68,-11,11
15674,56,67,-11,11
15675,78,79,-1,1
15676,81,78,3,3
15677,67,66,1,1
15678,123,109,14,14
15679,146,137,9,9
15680,123,121,2,2
15681,98,103,-5,5
15682,61,76,-15,15
15683,109,110,-1,1
15684,76,86,-10,10
15685,121,119,2,2
15686,81,83,-2,2
15687,38,60,-22,22
15688,70,74,-4,4
15689,83,77,6,6
15690,100,99,1,1
15691,79,88,-9,9
15692,98,104,-6,6
15693,79,77,2,2
15694,196,170,26,26
15695,137,130,7,7
15696,67,73,-6,6
15697,87,92,-5,5
15698,79,83,-4,4
15699,84,84,0,0
15700,104,115,-11,11
15701,105,109,-4,4
15702,113,103,10,10
15703,54,58,-4,4
15704,77,79,-2,2
15705,124,121,3,3
15706,103,97,6,6
15707,175,151,24,24
15708,67,65,2,2
15709,86,86,0,0
15710,65,75,-10,10
15711,74,74,0,0
15712,85,59,26,26
15713,77,78,-1,1
15714,94,89,5,5
15715,163,136,27,27
15716,107,108,-1,1
15717,126,121,5,5
15718,97,93,4,4
15719,80,79,1,1
15720,150,147,3,3
15721,67,77,-10,10
15722,120,106,14,14
15723,86,95,-9,9
15724,80,81,-1,1
15725,79,78,1,1
15726,98,93,5,5
15727,100,105,-5,5
15728,105,104,1,1
15729,140,149,-9,9
15730,110,104,6,6
15731,101,93,8,8
15732,50,55,-5,5
15733,132,125,7,7
15734,160,151,9,9
15735,119,107,12,12
15736,94,89,5,5
15737,83,81,2,2
15738,92,90,2,2
15739,76,67,9,9
15740,103,99,4,4
15741,93,95,-2,2
15742,67,77,-10,10
15743,104,111,-7,7
15744,123,117,6,6
15745,90,82,8,8
15746,75,80,-5,5
15747,120,115,5,5
15748,66,66,0,0
15749,106,108,-2,2
15750,120,113,7,7
15751,98,82,16,16
15752,105,108,-3,3
15753,97,100,-3,3
15754,101,96,5,5
15755,80,84,-4,4
15756,87,87,0,0
15757,68,69,-1,1
15758,160,140,20,20
15759,77,82,-5,5
15760,65,72,-7,7
15761,90,93,-3,3
15762,34,41,-7,7
15763,90,98,-8,8
15764,83,76,7,7
15765,47,51,-4,4
15766,47,72,-25,25
15767,106,111,-5,5
15768,63,72,-9,9
15769,96,100,-4,4
15770,108,118,-10,10
15771,85,87,-2,2
15772,157,138,19,19
15773,90,74,16,16
15774,116,117,-1,1
15775,132,127,5,5
15776,123,117,6,6
15777,118,114,4,4
15778,45,59,-14,14
15779,60,64,-4,4
15780,179,151,28,28
15781,111,108,3,3
15782,118,117,1,1
15783,87,97,-10,10
15784,51,64,-13,13
15785,37,49,-12,12
15786,91,90,1,1
15787,69,74,-5,5
15788,130,113,17,17
15789,102,106,-4,4
15790,93,100,-7,7
15791,129,121,8,8
15792,54,57,-3,3
15793,70,74,-4,4
15794,125,110,15,15
15795,59,68,-9,9
15796,46,38,8,8
15797,64,73,-9,9
15798,113,101,12,12
15799,110,94,16,16
15800,46,58,-12,12
15801,134,134,0,0
15802,71,83,-12,12
15803,143,134,9,9
15804,63,70,-7,7
15805,120,112,8,8
15806,86,79,7,7
15807,74,84,-10,10
15808,118,119,-1,1
15809,61,70,-9,9
15810,65,68,-3,3
15811,136,120,16,16
15812,85,90,-5,5
15813,105,90,15,15
15814,146,134,12,12
15815,98,104,-6,6
15816,30,52,-22,22
15817,76,80,-4,4
15818,148,134,14,14
15819,126,117,9,9
15820,121,114,7,7
15821,173,125,48,48
15822,68,85,-17,17
15823,100,103,-3,3
15824,109,110,-1,1
15825,73,80,-7,7
15826,97,99,-2,2
15827,92,85,7,7
15828,97,94,3,3
15829,88,100,-12,12
15830,159,138,21,21
15831,104,103,1,1
15832,65,71,-6,6
15833,84,83,1,1
15834,82,83,-1,1
15835,100,107,-7,7
15836,105,100,5,5
15837,70,80,-10,10
15838,77,73,4,4
15839,111,108,3,3
15840,96,88,8,8
15841,98,105,-7,7
15842,89,89,0,0
15843,62,72,-10,10
15844,144,126,18,18
15845,134,126,8,8
15846,96,97,-1,1
15847,64,80,-16,16
15848,74,77,-3,3
15849,113,106,7,7
15850,125,132,-7,7
15851,122,111,11,11
15852,66,77,-11,11
15853,46,56,-10,10
15854,115,111,4,4
15855,59,71,-12,12
15856,76,78,-2,2
15857,97,93,4,4
15858,125,122,3,3
15859,138,105,33,33
15860,24,27,-3,3
15861,34,41,-7,7
15862,77,77,0,0
15863,112,118,-6,6
15864,123,119,4,4
15865,88,87,1,1
15866,130,121,9,9
15867,108,105,3,3
15868,52,56,-4,4
15869,112,116,-4,4
15870,41,42,-1,1
15871,68,82,-14,14
15872,111,106,5,5
15873,97,104,-7,7
15874,73,75,-2,2
15875,75,77,-2,2
15876,79,93,-14,14
15877,62,76,-14,14
15878,75,93,-18,18
15879,128,120,8,8
15880,113,112,1,1
15881,49,50,-1,1
15882,65,64,1,1
15883,64,68,-4,4
15884,97,108,-11,11
15885,117,103,14,14
15886,62,65,-3,3
15887,75,93,-18,18
15888,80,85,-5,5
15889,63,73,-10,10
15890,50,62,-12,12
15891,112,111,1,1
15892,129,123,6,6
15893,78,76,2,2
15894,102,102,0,0
15895,101,92,9,9
15896,67,72,-5,5
15897,49,55,-6,6
15898,184,157,27,27
15899,81,81,0,0
15900,70,76,-6,6
15901,95,88,7,7
15902,111,103,8,8
15903,141,129,12,12
15904,105,109,-4,4
15905,54,51,3,3
15906,78,80,-2,2
15907,155,136,19,19
15908,134,122,12,12
15909,88,83,5,5
15910,66,76,-10,10
15911,64,70,-6,6
15912,60,74,-14,14
15913,94,88,6,6
15914,103,92,11,11
15915,146,136,10,10
15916,74,84,-10,10
15917,73,68,5,5
15918,62,72,-10,10
15919,103,103,0,0
15920,126,118,8,8
15921,96,87,9,9
15922,160,139,21,21
15923,118,111,7,7
15924,128,115,13,13
15925,191,172,19,19
15926,123,114,9,9
15927,107,107,0,0
15928,55,60,-5,5
15929,47,41,6,6
15930,55,56,-1,1
15931,58,62,-4,4
15932,107,105,2,2
15933,76,78,-2,2
15934,96,87,9,9
15935,57,60,-3,3
15936,110,116,-6,6
15937,79,78,1,1
15938,65,76,-11,11
15939,123,111,12,12
15940,61,57,4,4
15941,65,80,-15,15
15942,113,106,7,7
15943,49,53,-4,4
15944,82,95,-13,13
15945,98,101,-3,3
15946,75,81,-6,6
15947,112,117,-5,5
15948,113,106,7,7
15949,94,97,-3,3
15950,58,50,8,8
15951,64,70,-6,6
15952,105,109,-4,4
15953,101,99,2,2
15954,68,73,-5,5
15955,101,93,8,8
15956,52,55,-3,3
15957,70,71,-1,1
15958,97,125,-28,28
15959,117,104,13,13
15960,68,72,-4,4
15961,127,109,18,18
15962,69,79,-10,10
15963,90,99,-9,9
15964,40,51,-11,11
15965,114,104,10,10
15966,98,96,2,2
15967,66,73,-7,7
15968,67,83,-16,16
15969,190,177,13,13
15970,104,97,7,7
15971,74,80,-6,6
15972,69,59,10,10
15973,86,94,-8,8
15974,102,92,10,10
15975,122,114,8,8
15976,142,128,14,14
15977,103,90,13,13
15978,164,143,21,21
15979,110,120,-10,10
15980,64,70,-6,6
15981,74,73,1,1
15982,61,67,-6,6
15983,63,72,-9,9
15984,100,90,10,10
15985,107,109,-2,2
15986,102,96,6,6
15987,31,44,-13,13
15988,147,133,14,14
15989,60,69,-9,9
15990,86,84,2,2
15991,114,120,-6,6
15992,103,114,-11,11
15993,75,80,-5,5
15994,95,103,-8,8
15995,87,81,6,6
15996,99,86,13,13
15997,114,115,-1,1
15998,76,83,-7,7
15999,120,119,1,1
16000,90,85,5,5
16001,64,62,2,2
16002,113,106,7,7
16003,66,69,-3,3
16004,123,107,16,16
16005,132,116,16,16
16006,124,104,20,20
16007,56,61,-5,5
16008,125,127,-2,2
16009,101,99,2,2
16010,89,83,6,6
16011,57,72,-15,15
16012,98,91,7,7
16013,101,99,2,2
16014,82,89,-7,7
16015,128,131,-3,3
16016,56,61,-5,5
16017,162,154,8,8
16018,84,92,-8,8
16019,79,79,0,0
16020,53,63,-10,10
16021,55,64,-9,9
16022,62,63,-1,1
16023,73,79,-6,6
16024,42,50,-8,8
16025,127,133,-6,6
16026,52,62,-10,10
16027,121,122,-1,1
16028,75,87,-12,12
16029,89,87,2,2
16030,64,68,-4,4
16031,36,32,4,4
16032,89,85,4,4
16033,72,69,3,3
16034,148,138,10,10
16035,106,101,5,5
16036,158,155,3,3
16037,131,121,10,10
16038,130,127,3,3
16039,77,76,1,1
16040,136,125,11,11
16041,102,105,-3,3
16042,86,86,0,0
16043,89,86,3,3
16044,101,95,6,6
16045,99,98,1,1
16046,100,98,2,2
16047,69,77,-8,8
16048,92,83,9,9
16049,69,79,-10,10
16050,128,120,8,8
16051,151,136,15,15
16052,39,42,-3,3
16053,44,58,-14,14
16054,74,88,-14,14
16055,82,80,2,2
16056,140,127,13,13
16057,120,109,11,11
16058,79,68,11,11
16059,89,90,-1,1
16060,158,177,-19,19
16061,105,122,-17,17
16062,113,112,1,1
16063,58,59,-1,1
16064,95,94,1,1
16065,82,90,-8,8
16066,140,128,12,12
16067,66,75,-9,9
16068,94,94,0,0
16069,116,118,-2,2
16070,70,83,-13,13
16071,90,88,2,2
16072,73,86,-13,13
16073,62,102,-40,40
16074,55,61,-6,6
16075,87,87,0,0
16076,97,101,-4,4
16077,75,77,-2,2
16078,113,109,4,4
16079,148,127,21,21
16080,144,157,-13,13
16081,64,62,2,2
16082,117,105,12,12
16083,89,88,1,1
16084,106,102,4,4
16085,130,111,19,19
16086,91,101,-10,10
16087,52,60,-8,8
16088,54,67,-13,13
16089,117,106,11,11
16090,127,131,-4,4
16091,104,86,18,18
16092,122,113,9,9
16093,67,67,0,0
16094,73,79,-6,6
16095,84,86,-2,2
16096,63,68,-5,5
16097,199,184,15,15
16098,138,144,-6,6
16099,85,82,3,3
16100,112,112,0,0
16101,100,103,-3,3
16102,184,179,5,5
16103,90,91,-1,1
16104,55,60,-5,5
16105,142,127,15,15
16106,124,121,3,3
16107,83,95,-12,12
16108,79,89,-10,10
16109,52,76,-24,24
16110,92,96,-4,4
16111,71,71,0,0
16112,47,49,-2,2
16113,83,84,-1,1
16114,68,73,-5,5
16115,65,74,-9,9
16116,99,92,7,7
16117,114,118,-4,4
16118,98,102,-4,4
16119,84,102,-18,18
16120,181,154,27,27
16121,51,58,-7,7
16122,95,84,11,11
16123,77,82,-5,5
16124,70,78,-8,8
16125,103,96,7,7
16126,106,99,7,7
16127,70,81,-11,11
16128,92,93,-1,1
16129,104,120,-16,16
16130,49,61,-12,12
16131,62,73,-11,11
16132,52,58,-6,6
16133,88,85,3,3
16134,84,76,8,8
16135,80,85,-5,5
16136,55,65,-10,10
16137,84,81,3,3
16138,158,131,27,27
16139,76,73,3,3
16140,58,67,-9,9
16141,94,89,5,5
16142,44,48,-4,4
16143,96,93,3,3
16144,134,124,10,10
16145,124,117,7,7
16146,137,134,3,3
16147,139,129,10,10
16148,40,49,-9,9
16149,64,69,-5,5
16150,100,101,-1,1
16151,90,92,-2,2
16152,88,89,-1,1
16153,80,83,-3,3
16154,67,71,-4,4
16155,96,91,5,5
16156,74,69,5,5
16157,80,75,5,5
16158,54,69,-15,15
16159,133,126,7,7
16160,71,70,1,1
16161,151,136,15,15
16162,150,141,9,9
16163,107,110,-3,3
16164,104,103,1,1
16165,96,95,1,1
16166,164,154,10,10
16167,61,79,-18,18
16168,95,97,-2,2
16169,120,114,6,6
16170,107,110,-3,3
16171,116,107,9,9
16172,89,87,2,2
16173,42,47,-5,5
16174,74,78,-4,4
16175,100,104,-4,4
16176,66,65,1,1
16177,105,103,2,2
16178,108,94,14,14
16179,144,136,8,8
16180,118,120,-2,2
16181,82,79,3,3
16182,164,139,25,25
16183,125,126,-1,1
16184,68,81,-13,13
16185,102,102,0,0
16186,109,115,-6,6
16187,111,96,15,15
16188,115,103,12,12
16189,58,61,-3,3
16190,109,100,9,9
16191,90,88,2,2
16192,99,95,4,4
16193,124,130,-6,6
16194,147,115,32,32
16195,67,68,-1,1
16196,89,90,-1,1
16197,77,75,2,2
16198,106,126,-20,20
16199,78,80,-2,2
16200,58,73,-15,15
16201,119,109,10,10
16202,74,81,-7,7
16203,80,83,-3,3
16204,143,132,11,11
16205,160,136,24,24
16206,117,107,10,10
16207,79,77,2,2
16208,103,105,-2,2
16209,88,76,12,12
16210,74,79,-5,5
16211,96,100,-4,4
16212,94,112,-18,18
16213,66,68,-2,2
16214,43,56,-13,13
16215,137,128,9,9
16216,89,86,3,3
16217,95,102,-7,7
16218,172,165,7,7
16219,37,47,-10,10
16220,75,80,-5,5
16221,112,108,4,4
16222,98,102,-4,4
16223,137,129,8,8
16224,122,111,11,11
16225,55,56,-1,1
16226,65,66,-1,1
16227,105,104,1,1
16228,67,73,-6,6
16229,115,105,10,10
16230,35,52,-17,17
16231,95,93,2,2
16232,62,62,0,0
16233,60,62,-2,2
16234,142,124,18,18
16235,74,89,-15,15
16236,100,95,5,5
16237,179,91,88,88
16238,173,149,24,24
16239,161,152,9,9
16240,76,82,-6,6
16241,79,90,-11,11
16242,116,104,12,12
16243,58,67,-9,9
16244,83,83,0,0
16245,48,56,-8,8
16246,74,71,3,3
16247,57,69,-12,12
16248,84,85,-1,1
16249,114,106,8,8
16250,72,67,5,5
16251,96,101,-5,5
16252,113,139,-26,26
16253,105,101,4,4
16254,149,129,20,20
16255,62,68,-6,6
16256,72,68,4,4
16257,77,77,0,0
16258,152,140,12,12
16259,94,89,5,5
16260,115,108,7,7
16261,56,58,-2,2
16262,65,69,-4,4
16263,111,102,9,9
16264,73,80,-7,7
16265,75,75,0,0
16266,90,93,-3,3
16267,121,126,-5,5
16268,111,105,6,6
16269,179,158,21,21
16270,136,134,2,2
16271,111,115,-4,4
16272,35,70,-35,35
16273,90,88,2,2
16274,58,62,-4,4
16275,172,149,23,23
16276,77,79,-2,2
16277,81,77,4,4
16278,31,37,-6,6
16279,87,95,-8,8
16280,63,80,-17,17
16281,114,106,8,8
16282,96,97,-1,1
16283,83,82,1,1
16284,117,120,-3,3
16285,121,103,18,18
16286,89,90,-1,1
16287,106,107,-1,1
16288,108,104,4,4
16289,121,117,4,4
16290,160,142,18,18
16291,110,107,3,3
16292,87,80,7,7
16293,107,105,2,2
16294,117,119,-2,2
16295,74,78,-4,4
16296,96,94,2,2
16297,133,123,10,10
16298,81,92,-11,11
16299,81,83,-2,2
16300,76,81,-5,5
16301,57,70,-13,13
16302,131,131,0,0
16303,91,84,7,7
16304,39,50,-11,11
16305,119,107,12,12
16306,138,126,12,12
16307,105,110,-5,5
16308,77,78,-1,1
16309,132,128,4,4
16310,58,65,-7,7
16311,42,46,-4,4
16312,67,68,-1,1
16313,54,57,-3,3
16314,74,75,-1,1
16315,95,95,0,0
16316,73,72,1,1
16317,75,88,-13,13
16318,58,67,-9,9
16319,112,104,8,8
16320,114,106,8,8
16321,118,118,0,0
16322,63,69,-6,6
16323,59,75,-16,16
16324,56,59,-3,3
16325,66,68,-2,2
16326,64,72,-8,8
16327,100,91,9,9
16328,97,101,-4,4
16329,155,139,16,16
16330,93,85,8,8
16331,123,119,4,4
16332,89,82,7,7
16333,76,84,-8,8
16334,178,168,10,10
16335,67,66,1,1
16336,112,101,11,11
16337,105,105,0,0
16338,95,88,7,7
16339,81,83,-2,2
16340,67,80,-13,13
16341,79,79,0,0
16342,117,118,-1,1
16343,72,80,-8,8
16344,103,104,-1,1
16345,109,106,3,3
16346,59,66,-7,7
16347,101,101,0,0
16348,112,111,1,1
16349,158,141,17,17
16350,119,117,2,2
16351,92,86,6,6
16352,38,46,-8,8
16353,66,76,-10,10
16354,69,86,-17,17
16355,51,63,-12,12
16356,200,156,44,44
16357,93,92,1,1
16358,97,97,0,0
16359,171,135,36,36
16360,65,81,-16,16
16361,102,97,5,5
16362,72,72,0,0
16363,55,61,-6,6
16364,118,99,19,19
16365,86,82,4,4
16366,135,121,14,14
16367,78,77,1,1
16368,115,116,-1,1
16369,140,138,2,2
16370,61,71,-10,10
16371,48,61,-13,13
16372,78,79,-1,1
16373,195,181,14,14
16374,48,60,-12,12
16375,71,72,-1,1
16376,126,119,7,7
16377,207,178,29,29
16378,111,100,11,11
16379,75,84,-9,9
16380,106,102,4,4
16381,84,81,3,3
16382,140,132,8,8
16383,77,95,-18,18
16384,88,88,0,0
16385,63,64,-1,1
16386,146,130,16,16
16387,43,54,-11,11
16388,87,89,-2,2
16389,63,62,1,1
16390,92,101,-9,9
16391,64,73,-9,9
16392,107,97,10,10
16393,114,108,6,6
16394,76,71,5,5
16395,108,115,-7,7
16396,61,65,-4,4
16397,157,145,12,12
16398,161,141,20,20
16399,81,80,1,1
16400,42,52,-10,10
16401,120,96,24,24
16402,118,104,14,14
16403,99,97,2,2
16404,78,79,-1,1
16405,39,43,-4,4
16406,62,66,-4,4
16407,93,85,8,8
16408,51,63,-12,12
16409,63,87,-24,24
16410,131,134,-3,3
16411,117,101,16,16
16412,96,86,10,10
16413,158,147,11,11
16414,88,88,0,0
16415,77,87,-10,10
16416,84,84,0,0
16417,123,119,4,4
16418,84,82,2,2
16419,122,119,3,3
16420,88,90,-2,2
16421,73,71,2,2
16422,198,176,22,22
16423,87,79,8,8
16424,76,87,-11,11
16425,85,86,-1,1
16426,86,90,-4,4
16427,161,155,6,6
16428,132,107,25,25
16429,65,59,6,6
16430,65,63,2,2
16431,155,140,15,15
16432,94,99,-5,5
16433,91,89,2,2
16434,94,104,-10,10
16435,132,124,8,8
16436,74,78,-4,4
16437,134,126,8,8
16438,186,169,17,17
16439,117,109,8,8
16440,128,124,4,4
16441,49,56,-7,7
16442,52,62,-10,10
16443,54,53,1,1
16444,49,58,-9,9
16445,61,71,-10,10
16446,87,88,-1,1
16447,121,126,-5,5
16448,110,107,3,3
16449,29,41,-12,12
16450,75,78,-3,3
16451,119,122,-3,3
16452,100,92,8,8
16453,73,93,-20,20
16454,71,79,-8,8
16455,61,86,-25,25
16456,91,104,-13,13
16457,68,79,-11,11
16458,79,82,-3,3
16459,141,145,-4,4
16460,89,93,-4,4
16461,132,126,6,6
16462,110,106,4,4
16463,70,74,-4,4
16464,49,58,-9,9
16465,99,102,-3,3
16466,60,63,-3,3
16467,94,91,3,3
16468,89,87,2,2
16469,149,139,10,10
16470,78,74,4,4
16471,133,138,-5,5
16472,134,138,-4,4
16473,65,74,-9,9
16474,117,105,12,12
16475,96,91,5,5
16476,130,114,16,16
16477,138,132,6,6
16478,85,89,-4,4
16479,128,126,2,2
16480,84,80,4,4
16481,127,114,13,13
16482,67,72,-5,5
16483,149,148,1,1
16484,77,73,4,4
16485,91,91,0,0
16486,137,122,15,15
16487,142,132,10,10
16488,68,75,-7,7
16489,129,124,5,5
16490,120,110,10,10
16491,38,51,-13,13
16492,109,107,2,2
16493,101,94,7,7
16494,66,98,-32,32
16495,61,72,-11,11
16496,107,104,3,3
16497,112,99,13,13
16498,114,126,-12,12
16499,96,100,-4,4
16500,136,130,6,6
16501,60,67,-7,7
16502,108,97,11,11
16503,109,109,0,0
16504,98,94,4,4
16505,53,74,-21,21
16506,68,62,6,6
16507,114,106,8,8
16508,181,174,7,7
16509,121,110,11,11
16510,67,69,-2,2
16511,78,74,4,4
16512,74,77,-3,3
16513,47,52,-5,5
16514,113,120,-7,7
16515,41,47,-6,6
16516,57,63,-6,6
16517,68,66,2,2
16518,88,94,-6,6
16519,76,96,-20,20
16520,96,99,-3,3
16521,45,57,-12,12
16522,119,114,5,5
16523,104,111,-7,7
16524,111,104,7,7
16525,62,62,0,0
16526,94,94,0,0
16527,86,81,5,5
16528,78,88,-10,10
16529,132,126,6,6
16530,105,102,3,3
16531,141,122,19,19
16532,59,66,-7,7
16533,205,164,41,41
16534,91,89,2,2
16535,87,105,-18,18
16536,87,86,1,1
16537,102,89,13,13
16538,94,84,10,10
16539,77,78,-1,1
16540,61,65,-4,4
16541,152,132,20,20
16542,85,87,-2,2
16543,120,111,9,9
16544,83,89,-6,6
16545,135,127,8,8
16546,52,59,-7,7
16547,79,74,5,5
16548,50,61,-11,11
16549,152,135,17,17
16550,80,76,4,4
16551,83,88,-5,5
16552,163,154,9,9
16553,75,89,-14,14
16554,72,77,-5,5
16555,93,87,6,6
16556,118,109,9,9
16557,84,88,-4,4
16558,72,74,-2,2
16559,75,80,-5,5
16560,79,82,-3,3
16561,84,89,-5,5
16562,88,90,-2,2
16563,99,95,4,4
16564,59,67,-8,8
16565,112,107,5,5
16566,128,111,17,17
16567,115,111,4,4
16568,101,111,-10,10
16569,60,64,-4,4
16570,80,88,-8,8
16571,134,130,4,4
16572,72,73,-1,1
16573,160,138,22,22
16574,123,117,6,6
16575,111,104,7,7
16576,61,71,-10,10
16577,68,74,-6,6
16578,131,132,-1,1
16579,135,119,16,16
16580,217,210,7,7
16581,56,57,-1,1
16582,86,89,-3,3
16583,104,99,5,5
16584,87,96,-9,9
16585,76,78,-2,2
16586,137,126,11,11
16587,86,89,-3,3
16588,53,61,-8,8
16589,82,87,-5,5
16590,52,53,-1,1
16591,85,85,0,0
16592,110,101,9,9
16593,58,60,-2,2
16594,103,102,1,1
16595,40,44,-4,4
16596,70,72,-2,2
16597,50,52,-2,2
16598,69,76,-7,7
16599,108,112,-4,4
16600,82,77,5,5
16601,138,127,11,11
16602,103,102,1,1
16603,119,108,11,11
16604,111,102,9,9
16605,154,138,16,16
16606,131,121,10,10
16607,67,73,-6,6
16608,76,75,1,1
16609,104,103,1,1
16610,134,117,17,17
16611,41,55,-14,14
16612,54,54,0,0
16613,116,110,6,6
16614,58,59,-1,1
16615,74,86,-12,12
16616,101,102,-1,1
16617,62,65,-3,3
16618,141,133,8,8
16619,93,87,6,6
16620,98,94,4,4
16621,88,100,-12,12
16622,33,35,-2,2
16623,115,116,-1,1
16624,86,87,-1,1
16625,156,140,16,16
16626,66,70,-4,4
16627,93,84,9,9
16628,61,66,-5,5
16629,128,120,8,8
16630,161,136,25,25
16631,51,60,-9,9
16632,59,68,-9,9
16633,97,97,0,0
16634,157,140,17,17
16635,91,100,-9,9
16636,67,60,7,7
16637,90,94,-4,4
16638,82,81,1,1
16639,104,96,8,8
16640,96,97,-1,1
16641,122,123,-1,1
16642,86,80,6,6
16643,126,122,4,4
16644,87,89,-2,2
16645,77,87,-10,10
16646,117,107,10,10
16647,144,126,18,18
16648,86,79,7,7
16649,61,56,5,5
16650,79,96,-17,17
16651,96,95,1,1
16652,89,94,-5,5
16653,89,95,-6,6
16654,110,103,7,7
16655,87,81,6,6
16656,39,55,-16,16
16657,98,97,1,1
16658,151,138,13,13
16659,89,89,0,0
16660,67,71,-4,4
16661,71,73,-2,2
16662,119,108,11,11
16663,86,86,0,0
16664,147,133,14,14
16665,51,49,2,2
16666,83,94,-11,11
16667,83,84,-1,1
16668,54,61,-7,7
16669,138,118,20,20
16670,64,71,-7,7
16671,80,82,-2,2
16672,58,70,-12,12
16673,92,90,2,2
16674,56,75,-19,19
16675,114,122,-8,8
16676,58,65,-7,7
16677,51,61,-10,10
16678,111,107,4,4
16679,66,80,-14,14
16680,64,71,-7,7
16681,99,107,-8,8
16682,73,72,1,1
16683,110,100,10,10
16684,99,108,-9,9
16685,92,88,4,4
16686,57,58,-1,1
16687,138,127,11,11
16688,156,147,9,9
16689,113,107,6,6
16690,37,47,-10,10
16691,119,112,7,7
16692,109,107,2,2
16693,137,128,9,9
16694,187,140,47,47
16695,77,85,-8,8
16696,78,74,4,4
16697,89,93,-4,4
16698,144,139,5,5
16699,111,109,2,2
16700,46,58,-12,12
16701,119,115,4,4
16702,89,80,9,9
16703,85,86,-1,1
16704,155,133,22,22
16705,164,157,7,7
16706,176,158,18,18
16707,61,70,-9,9
16708,143,143,0,0
16709,66,59,7,7
16710,138,122,16,16
16711,107,105,2,2
16712,80,75,5,5
16713,95,91,4,4
16714,94,102,-8,8
16715,90,87,3,3
16716,65,69,-4,4
16717,75,78,-3,3
16718,54,59,-5,5
16719,84,85,-1,1
16720,129,117,12,12
16721,142,121,21,21
16722,96,102,-6,6
16723,112,111,1,1
16724,93,86,7,7
16725,57,63,-6,6
16726,36,58,-22,22
16727,46,55,-9,9
16728,94,98,-4,4
16729,57,68,-11,11
16730,106,112,-6,6
16731,130,128,2,2
16732,62,63,-1,1
16733,89,95,-6,6
16734,137,127,10,10
16735,107,109,-2,2
16736,58,60,-2,2
16737,73,74,-1,1
16738,86,88,-2,2
16739,103,98,5,5
16740,121,118,3,3
16741,66,63,3,3
16742,87,91,-4,4
16743,59,60,-1,1
16744,109,109,0,0
16745,79,93,-14,14
16746,68,72,-4,4
16747,66,73,-7,7
16748,72,78,-6,6
16749,100,96,4,4
16750,102,101,1,1
16751,55,62,-7,7
16752,98,89,9,9
16753,107,105,2,2
16754,77,67,10,10
16755,76,81,-5,5
16756,65,73,-8,8
16757,134,116,18,18
16758,39,56,-17,17
16759,123,123,0,0
16760,64,69,-5,5
16761,105,101,4,4
16762,66,69,-3,3
16763,203,182,21,21
16764,144,113,31,31
16765,75,81,-6,6
16766,106,99,7,7
16767,104,101,3,3
16768,73,82,-9,9
16769,83,75,8,8
16770,81,95,-14,14
16771,83,86,-3,3
16772,100,106,-6,6
16773,103,97,6,6
16774,76,78,-2,2
16775,66,73,-7,7
16776,72,77,-5,5
16777,87,99,-12,12
16778,81,103,-22,22
16779,109,105,4,4
16780,103,94,9,9
16781,112,119,-7,7
16782,170,152,18,18
16783,89,89,0,0
16784,73,82,-9,9
16785,59,59,0,0
16786,135,126,9,9
16787,61,68,-7,7
16788,78,84,-6,6
16789,125,109,16,16
16790,64,77,-13,13
16791,54,66,-12,12
16792,119,112,7,7
16793,92,97,-5,5
16794,117,112,5,5
16795,88,82,6,6
16796,99,99,0,0
16797,48,57,-9,9
16798,123,121,2,2
16799,113,111,2,2
16800,98,97,1,1
16801,66,68,-2,2
16802,82,81,1,1
16803,38,31,7,7
16804,86,87,-1,1
16805,135,138,-3,3
16806,140,127,13,13
16807,73,73,0,0
16808,95,95,0,0
16809,40,50,-10,10
16810,67,89,-22,22
16811,160,146,14,14
16812,121,109,12,12
16813,104,89,15,15
16814,98,93,5,5
16815,125,114,11,11
16816,119,103,16,16
16817,109,111,-2,2
16818,73,81,-8,8
16819,212,178,34,34
16820,81,79,2,2
16821,104,103,1,1
16822,44,54,-10,10
16823,82,70,12,12
16824,181,153,28,28
16825,50,52,-2,2
16826,90,99,-9,9
16827,87,86,1,1
16828,76,92,-16,16
16829,211,189,22,22
16830,104,96,8,8
16831,114,107,7,7
16832,143,140,3,3
16833,142,132,10,10
16834,153,158,-5,5
16835,60,62,-2,2
16836,60,65,-5,5
16837,111,94,17,17
16838,143,143,0,0
16839,76,81,-5,5
16840,73,75,-2,2
16841,76,73,3,3
16842,75,79,-4,4
16843,58,70,-12,12
16844,57,60,-3,3
16845,112,106,6,6
16846,151,136,15,15
16847,51,52,-1,1
16848,64,73,-9,9
16849,80,82,-2,2
16850,89,85,4,4
16851,155,139,16,16
16852,97,90,7,7
16853,82,90,-8,8
16854,122,113,9,9
16855,110,111,-1,1
16856,91,87,4,4
16857,27,63,-36,36
16858,55,61,-6,6
16859,107,101,6,6
16860,61,69,-8,8
16861,67,76,-9,9
16862,111,117,-6,6
16863,95,89,6,6
16864,129,123,6,6
16865,165,168,-3,3
16866,139,127,12,12
16867,97,125,-28,28
16868,88,89,-1,1
16869,64,74,-10,10
16870,83,81,2,2
16871,118,111,7,7
16872,81,80,1,1
16873,78,76,2,2
16874,164,154,10,10
16875,60,86,-26,26
16876,23,34,-11,11
16877,60,62,-2,2
16878,58,67,-9,9
16879,102,103,-1,1
16880,100,101,-1,1
16881,103,104,-1,1
16882,98,89,9,9
16883,136,133,3,3
16884,110,105,5,5
16885,95,94,1,1
16886,113,110,3,3
16887,143,147,-4,4
16888,141,132,9,9
16889,117,109,8,8
16890,63,75,-12,12
16891,83,78,5,5
16892,52,63,-11,11
16893,95,104,-9,9
16894,85,87,-2,2
16895,75,82,-7,7
16896,137,127,10,10
16897,81,81,0,0
16898,55,56,-1,1
16899,128,110,18,18
16900,135,114,21,21
16901,107,102,5,5
16902,68,74,-6,6
16903,95,95,0,0
16904,131,120,11,11
16905,106,105,1,1
16906,84,96,-12,12
16907,120,116,4,4
16908,69,74,-5,5
16909,93,98,-5,5
16910,100,99,1,1
16911,152,139,13,13
16912,139,141,-2,2
16913,109,106,3,3
16914,122,117,5,5
16915,70,76,-6,6
16916,89,84,5,5
16917,81,72,9,9
16918,59,65,-6,6
16919,74,81,-7,7
16920,121,104,17,17
16921,88,84,4,4
16922,72,91,-19,19
16923,107,106,1,1
16924,47,61,-14,14
16925,105,101,4,4
16926,61,73,-12,12
16927,116,111,5,5
16928,110,105,5,5
16929,63,65,-2,2
16930,121,113,8,8
16931,52,56,-4,4
16932,92,84,8,8
16933,102,114,-12,12
16934,86,88,-2,2
16935,171,177,-6,6
16936,97,110,-13,13
16937,105,93,12,12
16938,127,124,3,3
16939,84,92,-8,8
16940,99,91,8,8
16941,65,66,-1,1
16942,86,81,5,5
16943,107,95,12,12
16944,84,84,0,0
16945,136,121,15,15
16946,82,74,8,8
16947,52,61,-9,9
16948,103,112,-9,9
16949,102,99,3,3
16950,126,116,10,10
16951,185,163,22,22
16952,143,130,13,13
16953,48,69,-21,21
16954,142,115,27,27
16955,58,69,-11,11
16956,164,154,10,10
16957,95,94,1,1
16958,191,178,13,13
16959,115,116,-1,1
16960,58,65,-7,7
16961,121,111,10,10
16962,101,97,4,4
16963,79,86,-7,7
16964,84,86,-2,2
16965,69,72,-3,3
16966,153,146,7,7
16967,67,77,-10,10
16968,69,86,-17,17
16969,71,78,-7,7
16970,94,96,-2,2
16971,110,105,5,5
16972,105,104,1,1
16973,88,90,-2,2
16974,93,100,-7,7
16975,70,70,0,0
16976,65,74,-9,9
16977,62,70,-8,8
16978,120,115,5,5
16979,55,59,-4,4
16980,73,79,-6,6
16981,102,98,4,4
16982,71,74,-3,3
16983,111,125,-14,14
16984,156,144,12,12
16985,89,93,-4,4
16986,67,69,-2,2
16987,71,76,-5,5
16988,71,82,-11,11
16989,108,102,6,6
16990,72,73,-1,1
16991,80,77,3,3
16992,104,95,9,9
16993,111,113,-2,2
16994,58,61,-3,3
16995,68,68,0,0
16996,92,88,4,4
16997,161,145,16,16
16998,107,96,11,11
16999,66,77,-11,11
17000,76,85,-9,9
17001,105,101,4,4
17002,140,126,14,14
17003,77,77,0,0
17004,70,77,-7,7
17005,133,122,11,11
17006,50,62,-12,12
17007,66,73,-7,7
17008,60,75,-15,15
17009,72,81,-9,9
17010,123,110,13,13
17011,88,87,1,1
17012,110,106,4,4
17013,94,91,3,3
17014,88,85,3,3
17015,82,76,6,6
17016,107,120,-13,13
17017,69,70,-1,1
17018,85,88,-3,3
17019,81,86,-5,5
17020,57,62,-5,5
17021,124,109,15,15
17022,126,123,3,3
17023,59,57,2,2
17024,78,82,-4,4
17025,112,113,-1,1
17026,87,99,-12,12
17027,101,90,11,11
17028,101,97,4,4
17029,150,142,8,8
17030,135,120,15,15
17031,146,137,9,9
17032,61,67,-6,6
17033,103,101,2,2
17034,134,123,11,11
17035,68,74,-6,6
17036,84,79,5,5
17037,59,65,-6,6
17038,115,109,6,6
17039,98,85,13,13
17040,118,125,-7,7
17041,97,98,-1,1
17042,94,104,-10,10
17043,143,129,14,14
17044,119,113,6,6
17045,82,93,-11,11
17046,86,94,-8,8
17047,79,83,-4,4
17048,178,175,3,3
17049,151,130,21,21
17050,133,123,10,10
17051,71,82,-11,11
17052,56,57,-1,1
17053,61,62,-1,1
17054,69,79,-10,10
17055,95,94,1,1
17056,98,94,4,4
17057,88,92,-4,4
17058,86,89,-3,3
17059,79,85,-6,6
17060,77,77,0,0
17061,88,100,-12,12
17062,110,104,6,6
17063,138,136,2,2
17064,98,104,-6,6
17065,99,95,4,4
17066,73,77,-4,4
17067,143,130,13,13
17068,44,51,-7,7
17069,136,124,12,12
17070,150,133,17,17
17071,125,122,3,3
17072,134,125,9,9
17073,93,96,-3,3
17074,107,99,8,8
17075,38,50,-12,12
17076,133,143,-10,10
17077,151,139,12,12
17078,104,108,-4,4
17079,83,79,4,4
17080,124,107,17,17
17081,161,150,11,11
17082,72,71,1,1
17083,77,84,-7,7
17084,111,107,4,4
17085,107,104,3,3
17086,107,110,-3,3
17087,98,103,-5,5
17088,168,156,12,12
17089,100,92,8,8
17090,70,73,-3,3
17091,68,71,-3,3
17092,74,72,2,2
17093,129,127,2,2
17094,121,111,10,10
17095,69,67,2,2
17096,121,119,2,2
17097,103,104,-1,1
17098,187,174,13,13
17099,61,69,-8,8
17100,81,80,1,1
17101,117,124,-7,7
17102,46,65,-19,19
17103,77,78,-1,1
17104,85,89,-4,4
17105,47,59,-12,12
17106,81,80,1,1
17107,99,92,7,7
17108,152,150,2,2
17109,58,73,-15,15
17110,45,58,-13,13
17111,87,86,1,1
17112,100,85,15,15
17113,41,43,-2,2
17114,184,152,32,32
17115,72,76,-4,4
17116,38,45,-7,7
17117,79,101,-22,22
17118,98,89,9,9
17119,71,74,-3,3
17120,62,70,-8,8
17121,90,83,7,7
17122,97,85,12,12
17123,52,56,-4,4
17124,74,73,1,1
17125,154,140,14,14
17126,99,93,6,6
17127,44,42,2,2
17128,85,81,4,4
17129,128,122,6,6
17130,128,109,19,19
17131,78,94,-16,16
17132,62,70,-8,8
17133,112,120,-8,8
17134,63,71,-8,8
17135,88,89,-1,1
17136,51,54,-3,3
17137,129,124,5,5
17138,65,68,-3,3
17139,56,60,-4,4
17140,102,96,6,6
17141,87,83,4,4
17142,129,124,5,5
17143,61,72,-11,11
17144,79,80,-1,1
17145,57,71,-14,14
17146,171,150,21,21
17147,90,93,-3,3
17148,96,93,3,3
17149,91,88,3,3
17150,47,56,-9,9
17151,87,97,-10,10
17152,86,103,-17,17
17153,133,131,2,2
17154,133,123,10,10
17155,89,96,-7,7
17156,64,60,4,4
17157,54,60,-6,6
17158,99,112,-13,13
17159,91,89,2,2
17160,76,84,-8,8
17161,75,78,-3,3
17162,72,71,1,1
17163,107,109,-2,2
17164,39,44,-5,5
17165,99,95,4,4
17166,121,113,8,8
17167,89,87,2,2
17168,132,127,5,5
17169,108,113,-5,5
17170,84,76,8,8
17171,104,102,2,2
17172,68,72,-4,4
17173,55,62,-7,7
17174,74,73,1,1
17175,85,91,-6,6
17176,63,64,-1,1
17177,77,78,-1,1
17178,103,105,-2,2
17179,66,70,-4,4
17180,77,72,5,5
17181,112,103,9,9
17182,127,133,-6,6
17183,100,101,-1,1
17184,59,68,-9,9
17185,111,103,8,8
17186,29,38,-9,9
17187,77,78,-1,1
17188,98,102,-4,4
17189,108,107,1,1
17190,196,180,16,16
17191,79,76,3,3
17192,150,143,7,7
17193,99,96,3,3
17194,73,74,-1,1
17195,75,78,-3,3
17196,62,67,-5,5
17197,77,84,-7,7
17198,100,91,9,9
17199,139,133,6,6
17200,80,76,4,4
17201,151,120,31,31
17202,125,121,4,4
17203,70,83,-13,13
17204,141,130,11,11
17205,76,79,-3,3
17206,74,82,-8,8
17207,108,97,11,11
17208,146,122,24,24
17209,65,63,2,2
17210,92,103,-11,11
17211,98,94,4,4
17212,112,115,-3,3
17213,155,133,22,22
17214,109,106,3,3
17215,127,119,8,8
17216,40,59,-19,19
17217,106,113,-7,7
17218,106,115,-9,9
17219,68,72,-4,4
17220,73,79,-6,6
17221,69,73,-4,4
17222,93,95,-2,2
17223,95,96,-1,1
17224,99,94,5,5
17225,108,105,3,3
17226,77,81,-4,4
17227,76,78,-2,2
17228,102,104,-2,2
17229,117,107,10,10
17230,88,87,1,1
17231,82,83,-1,1
17232,99,94,5,5
17233,147,128,19,19
17234,66,69,-3,3
17235,79,75,4,4
17236,62,70,-8,8
17237,175,160,15,15
17238,101,99,2,2
17239,64,71,-7,7
17240,74,78,-4,4
17241,72,90,-18,18
17242,64,73,-9,9
17243,73,73,0,0
17244,48,62,-14,14
17245,186,164,22,22
17246,100,117,-17,17
17247,120,110,10,10
17248,53,70,-17,17
17249,120,107,13,13
17250,98,103,-5,5
17251,34,43,-9,9
17252,97,96,1,1
17253,118,106,12,12
17254,128,111,17,17
17255,90,87,3,3
17256,63,70,-7,7
17257,160,136,24,24
17258,177,142,35,35
17259,185,168,17,17
17260,104,104,0,0
17261,68,70,-2,2
17262,119,120,-1,1
17263,110,103,7,7
17264,67,64,3,3
17265,56,65,-9,9
17266,160,143,17,17
17267,103,116,-13,13
17268,68,67,1,1
17269,112,113,-1,1
17270,75,77,-2,2
17271,101,102,-1,1
17272,89,106,-17,17
17273,57,72,-15,15
17274,65,69,-4,4
17275,95,103,-8,8
17276,93,96,-3,3
17277,100,97,3,3
17278,127,125,2,2
17279,105,95,10,10
17280,58,57,1,1
17281,70,76,-6,6
17282,146,130,16,16
17283,90,86,4,4
17284,75,77,-2,2
17285,92,95,-3,3
17286,122,115,7,7
17287,77,82,-5,5
17288,50,60,-10,10
17289,69,81,-12,12
17290,36,44,-8,8
17291,97,90,7,7
17292,81,88,-7,7
17293,127,129,-2,2
17294,142,138,4,4
17295,98,103,-5,5
17296,91,81,10,10
17297,84,85,-1,1
17298,94,97,-3,3
17299,71,83,-12,12
17300,87,79,8,8
17301,109,103,6,6
17302,58,58,0,0
17303,63,70,-7,7
17304,65,71,-6,6
17305,45,49,-4,4
17306,87,75,12,12
17307,64,69,-5,5
17308,82,83,-1,1
17309,156,150,6,6
17310,138,114,24,24
17311,76,81,-5,5
17312,134,124,10,10
17313,115,106,9,9
17314,92,95,-3,3
17315,126,122,4,4
17316,103,106,-3,3
17317,56,64,-8,8
17318,125,134,-9,9
17319,108,97,11,11
17320,69,73,-4,4
17321,151,136,15,15
17322,88,95,-7,7
17323,101,99,2,2
17324,165,156,9,9
17325,151,131,20,20
17326,82,80,2,2
17327,65,66,-1,1
17328,93,93,0,0
17329,102,102,0,0
17330,71,76,-5,5
17331,66,73,-7,7
17332,101,103,-2,2
17333,109,98,11,11
17334,67,64,3,3
17335,150,136,14,14
17336,71,57,14,14
17337,93,100,-7,7
17338,106,108,-2,2
17339,127,116,11,11
17340,167,156,11,11
17341,67,72,-5,5
17342,137,130,7,7
17343,90,89,1,1
17344,48,58,-10,10
17345,79,77,2,2
17346,72,80,-8,8
17347,139,131,8,8
17348,81,87,-6,6
17349,124,122,2,2
17350,114,105,9,9
17351,75,79,-4,4
17352,73,75,-2,2
17353,90,84,6,6
17354,156,148,8,8
17355,107,106,1,1
17356,88,89,-1,1
17357,135,139,-4,4
17358,120,102,18,18
17359,55,74,-19,19
17360,58,64,-6,6
17361,104,110,-6,6
17362,53,53,0,0
17363,65,64,1,1
17364,71,74,-3,3
17365,36,49,-13,13
17366,135,122,13,13
17367,159,146,13,13
17368,118,104,14,14
17369,93,100,-7,7
17370,91,91,0,0
17371,66,76,-10,10
17372,68,63,5,5
17373,81,80,1,1
17374,138,136,2,2
17375,68,76,-8,8
17376,128,125,3,3
17377,97,108,-11,11
17378,83,92,-9,9
17379,194,170,24,24
17380,63,66,-3,3
17381,68,64,4,4
17382,68,72,-4,4
17383,89,93,-4,4
17384,103,96,7,7
17385,113,119,-6,6
17386,95,91,4,4
17387,93,83,10,10
17388,68,72,-4,4
17389,57,58,-1,1
17390,58,67,-9,9
17391,174,153,21,21
17392,71,76,-5,5
17393,106,101,5,5
17394,63,64,-1,1
17395,63,57,6,6
17396,126,114,12,12
17397,104,100,4,4
17398,83,85,-2,2
17399,80,87,-7,7
17400,175,159,16,16
17401,77,93,-16,16
17402,146,131,15,15
17403,78,78,0,0
17404,114,105,9,9
17405,86,101,-15,15
17406,149,142,7,7
17407,170,157,13,13
17408,121,114,7,7
17409,61,67,-6,6
17410,64,62,2,2
17411,67,69,-2,2
17412,99,104,-5,5
17413,185,161,24,24
17414,56,73,-17,17
17415,99,94,5,5
17416,75,83,-8,8
17417,85,77,8,8
17418,92,87,5,5
17419,91,86,5,5
17420,80,75,5,5
17421,56,75,-19,19
17422,80,76,4,4
17423,135,126,9,9
17424,98,118,-20,20
17425,150,145,5,5
17426,53,64,-11,11
17427,106,102,4,4
17428,74,77,-3,3
17429,196,191,5,5
17430,88,85,3,3
17431,47,49,-2,2
17432,101,105,-4,4
17433,110,105,5,5
17434,116,115,1,1
17435,96,100,-4,4
17436,65,61,4,4
17437,55,54,1,1
17438,140,136,4,4
17439,94,84,10,10
17440,89,82,7,7
17441,101,90,11,11
17442,80,75,5,5
17443,112,108,4,4
17444,106,110,-4,4
17445,103,106,-3,3
17446,60,65,-5,5
17447,95,100,-5,5
17448,87,89,-2,2
17449,45,50,-5,5
17450,92,95,-3,3
17451,108,102,6,6
17452,98,94,4,4
17453,62,72,-10,10
17454,107,105,2,2
17455,74,72,2,2
17456,137,120,17,17
17457,75,80,-5,5
17458,66,71,-5,5
17459,100,98,2,2
17460,129,137,-8,8
17461,79,79,0,0
17462,111,102,9,9
17463,88,94,-6,6
17464,63,69,-6,6
17465,95,100,-5,5
17466,74,78,-4,4
17467,108,104,4,4
17468,115,104,11,11
17469,96,93,3,3
17470,146,129,17,17
17471,178,160,18,18
17472,171,159,12,12
17473,171,140,31,31
17474,151,142,9,9
17475,90,93,-3,3
17476,94,88,6,6
17477,89,80,9,9
17478,71,75,-4,4
17479,223,197,26,26
17480,66,74,-8,8
17481,116,110,6,6
17482,69,68,1,1
17483,153,141,12,12
17484,48,59,-11,11
17485,83,86,-3,3
17486,177,158,19,19
17487,70,87,-17,17
17488,80,86,-6,6
17489,77,81,-4,4
17490,69,70,-1,1
17491,81,77,4,4
17492,115,115,0,0
17493,96,103,-7,7
17494,94,88,6,6
17495,46,56,-10,10
17496,88,102,-14,14
17497,90,79,11,11
17498,89,94,-5,5
17499,65,67,-2,2
17500,78,76,2,2
17501,76,77,-1,1
17502,116,105,11,11
17503,127,115,12,12
17504,146,139,7,7
17505,89,94,-5,5
17506,42,68,-26,26
17507,73,69,4,4
17508,61,62,-1,1
17509,79,76,3,3
17510,105,102,3,3
17511,64,70,-6,6
17512,115,116,-1,1
17513,66,78,-12,12
17514,75,77,-2,2
17515,82,84,-2,2
17516,46,61,-15,15
17517,106,108,-2,2
17518,74,82,-8,8
17519,58,87,-29,29
17520,89,92,-3,3
17521,76,75,1,1
17522,90,80,10,10
17523,108,105,3,3
17524,89,101,-12,12
17525,75,77,-2,2
17526,98,96,2,2
17527,87,84,3,3
17528,65,73,-8,8
17529,121,107,14,14
17530,63,69,-6,6
17531,139,137,2,2
17532,80,85,-5,5
17533,75,78,-3,3
17534,64,70,-6,6
17535,48,50,-2,2
17536,115,110,5,5
17537,82,82,0,0
17538,120,116,4,4
17539,141,139,2,2
17540,67,82,-15,15
17541,48,67,-19,19
17542,117,108,9,9
17543,173,158,15,15
17544,74,83,-9,9
17545,53,61,-8,8
17546,33,46,-13,13
17547,79,85,-6,6
17548,76,73,3,3
17549,119,105,14,14
17550,139,130,9,9
17551,77,78,-1,1
17552,115,110,5,5
17553,67,75,-8,8
17554,105,94,11,11
17555,127,124,3,3
17556,84,82,2,2
17557,106,108,-2,2
17558,79,92,-13,13
17559,96,102,-6,6
17560,82,79,3,3
17561,146,133,13,13
17562,98,103,-5,5
17563,116,121,-5,5
17564,42,50,-8,8
17565,82,87,-5,5
17566,71,73,-2,2
17567,103,98,5,5
17568,60,68,-8,8
17569,86,86,0,0
17570,137,122,15,15
17571,105,100,5,5
17572,68,79,-11,11
17573,94,96,-2,2
17574,190,169,21,21
17575,61,66,-5,5
17576,112,108,4,4
17577,72,69,3,3
17578,137,121,16,16
17579,85,88,-3,3
17580,190,171,19,19
17581,145,141,4,4
17582,100,104,-4,4
17583,143,127,16,16
17584,81,86,-5,5
17585,58,67,-9,9
17586,79,90,-11,11
17587,119,113,6,6
17588,63,71,-8,8
17589,106,101,5,5
17590,111,103,8,8
17591,90,91,-1,1
17592,134,131,3,3
17593,129,109,20,20
17594,67,72,-5,5
17595,128,125,3,3
17596,43,52,-9,9
17597,58,62,-4,4
17598,123,128,-5,5
17599,63,64,-1,1
17600,61,69,-8,8
17601,74,66,8,8
17602,117,104,13,13
17603,132,106,26,26
17604,73,66,7,7
17605,127,126,1,1
17606,170,157,13,13
17607,101,105,-4,4
17608,118,106,12,12
17609,73,73,0,0
17610,82,83,-1,1
17611,100,98,2,2
17612,62,72,-10,10
17613,80,75,5,5
17614,50,58,-8,8
17615,68,73,-5,5
17616,163,149,14,14
17617,49,58,-9,9
17618,75,77,-2,2
17619,133,120,13,13
17620,115,113,2,2
17621,102,106,-4,4
17622,74,81,-7,7
17623,161,142,19,19
17624,130,126,4,4
17625,122,112,10,10
17626,109,102,7,7
17627,120,125,-5,5
17628,72,57,15,15
17629,90,93,-3,3
17630,80,90,-10,10
17631,103,109,-6,6
17632,134,126,8,8
17633,93,93,0,0
17634,82,81,1,1
17635,184,157,27,27
17636,84,84,0,0
17637,62,67,-5,5
17638,65,71,-6,6
17639,68,75,-7,7
17640,118,111,7,7
17641,81,85,-4,4
17642,116,113,3,3
17643,116,112,4,4
17644,85,80,5,5
17645,55,67,-12,12
17646,91,89,2,2
17647,79,83,-4,4
17648,24,45,-21,21
17649,155,141,14,14
17650,97,86,11,11
17651,69,78,-9,9
17652,105,103,2,2
17653,158,148,10,10
17654,129,124,5,5
17655,115,104,11,11
17656,92,99,-7,7
17657,82,86,-4,4
17658,100,100,0,0
17659,66,61,5,5
17660,46,57,-11,11
17661,141,141,0,0
17662,128,121,7,7
17663,101,84,17,17
17664,103,99,4,4
17665,75,76,-1,1
17666,125,117,8,8
17667,50,54,-4,4
17668,67,68,-1,1
17669,91,93,-2,2
17670,95,94,1,1
17671,133,121,12,12
17672,124,118,6,6
17673,59,59,0,0
17674,138,125,13,13
17675,132,125,7,7
17676,109,105,4,4
17677,72,80,-8,8
17678,84,89,-5,5
17679,107,106,1,1
17680,73,82,-9,9
17681,76,81,-5,5
17682,122,107,15,15
17683,107,109,-2,2
17684,38,48,-10,10
17685,127,113,14,14
17686,82,75,7,7
17687,189,161,28,28
17688,115,107,8,8
17689,100,95,5,5
17690,70,68,2,2
17691,81,70,11,11
17692,150,153,-3,3
17693,94,87,7,7
17694,88,87,1,1
17695,81,86,-5,5
17696,148,139,9,9
17697,75,86,-11,11
17698,90,87,3,3
17699,124,119,5,5
17700,46,52,-6,6
17701,103,106,-3,3
17702,101,90,11,11
17703,93,94,-1,1
17704,105,106,-1,1
17705,91,92,-1,1
17706,138,130,8,8
17707,85,86,-1,1
17708,102,91,11,11
17709,72,84,-12,12
17710,81,81,0,0
17711,118,111,7,7
17712,114,117,-3,3
17713,118,111,7,7
17714,79,86,-7,7
17715,149,131,18,18
17716,74,83,-9,9
17717,46,55,-9,9
17718,76,74,2,2
17719,80,79,1,1
17720,124,131,-7,7
17721,126,129,-3,3
17722,57,60,-3,3
17723,91,104,-13,13
17724,206,171,35,35
17725,122,107,15,15
17726,89,91,-2,2
17727,108,105,3,3
17728,170,149,21,21
17729,89,88,1,1
17730,90,87,3,3
17731,85,89,-4,4
17732,80,72,8,8
17733,105,91,14,14
17734,84,73,11,11
17735,97,98,-1,1
17736,60,67,-7,7
17737,39,53,-14,14
17738,103,95,8,8
17739,122,120,2,2
17740,105,106,-1,1
17741,72,78,-6,6
17742,72,81,-9,9
17743,126,116,10,10
17744,113,104,9,9
17745,88,83,5,5
17746,121,118,3,3
17747,88,90,-2,2
17748,72,71,1,1
17749,65,75,-10,10
17750,74,86,-12,12
17751,112,115,-3,3
17752,53,58,-5,5
17753,138,128,10,10
17754,108,109,-1,1
17755,65,72,-7,7
17756,72,79,-7,7
17757,122,112,10,10
17758,48,63,-15,15
17759,93,87,6,6
17760,124,117,7,7
17761,92,93,-1,1
17762,66,73,-7,7
17763,69,70,-1,1
17764,144,146,-2,2
17765,103,107,-4,4
17766,96,93,3,3
17767,107,102,5,5
17768,129,122,7,7
17769,60,64,-4,4
17770,72,72,0,0
17771,53,57,-4,4
17772,117,104,13,13
17773,109,109,0,0
17774,73,76,-3,3
17775,121,115,6,6
17776,193,177,16,16
17777,69,79,-10,10
17778,80,70,10,10
17779,135,115,20,20
17780,47,55,-8,8
17781,75,73,2,2
17782,135,142,-7,7
17783,97,97,0,0
17784,76,80,-4,4
17785,108,104,4,4
17786,110,111,-1,1
17787,87,92,-5,5
17788,59,66,-7,7
17789,163,150,13,13
17790,80,85,-5,5
17791,169,145,24,24
17792,91,89,2,2
17793,122,117,5,5
17794,97,96,1,1
17795,63,76,-13,13
17796,139,136,3,3
17797,76,76,0,0
17798,80,79,1,1
17799,79,79,0,0
17800,112,112,0,0
17801,94,94,0,0
17802,103,105,-2,2
17803,53,62,-9,9
17804,70,77,-7,7
17805,156,147,9,9
17806,29,56,-27,27
17807,128,128,0,0
17808,125,125,0,0
17809,126,101,25,25
17810,50,88,-38,38
17811,152,145,7,7
17812,195,156,39,39
17813,76,82,-6,6
17814,87,87,0,0
17815,80,76,4,4
17816,66,66,0,0
17817,72,75,-3,3
17818,104,110,-6,6
17819,67,68,-1,1
17820,109,105,4,4
17821,146,136,10,10
17822,59,74,-15,15
17823,78,78,0,0
17824,73,73,0,0
17825,139,132,7,7
17826,103,95,8,8
17827,112,113,-1,1
17828,99,91,8,8
17829,68,81,-13,13
17830,53,73,-20,20
17831,152,124,28,28
17832,55,59,-4,4
17833,96,104,-8,8
17834,78,82,-4,4
17835,69,92,-23,23
17836,54,58,-4,4
17837,118,108,10,10
17838,120,106,14,14
17839,45,63,-18,18
17840,94,88,6,6
17841,141,133,8,8
17842,81,88,-7,7
17843,85,94,-9,9
17844,100,105,-5,5
17845,104,104,0,0
17846,189,157,32,32
17847,79,75,4,4
17848,98,101,-3,3
17849,53,58,-5,5
17850,139,126,13,13
17851,96,112,-16,16
17852,75,78,-3,3
17853,74,77,-3,3
17854,142,134,8,8
17855,135,142,-7,7
17856,40,44,-4,4
17857,176,153,23,23
17858,55,62,-7,7
17859,70,79,-9,9
17860,71,76,-5,5
17861,55,68,-13,13
17862,168,154,14,14
17863,146,130,16,16
17864,111,108,3,3
17865,117,100,17,17
17866,64,68,-4,4
17867,106,100,6,6
17868,110,100,10,10
17869,79,82,-3,3
17870,95,86,9,9
17871,121,115,6,6
17872,129,124,5,5
17873,98,86,12,12
17874,60,62,-2,2
17875,53,62,-9,9
17876,121,110,11,11
17877,112,127,-15,15
17878,54,62,-8,8
17879,76,80,-4,4
17880,126,130,-4,4
17881,131,118,13,13
17882,45,54,-9,9
17883,135,127,8,8
17884,95,89,6,6
17885,80,78,2,2
17886,96,91,5,5
17887,143,130,13,13
17888,59,65,-6,6
17889,140,134,6,6
17890,73,77,-4,4
17891,109,109,0,0
17892,116,122,-6,6
17893,42,52,-10,10
17894,44,46,-2,2
17895,151,140,11,11
17896,109,110,-1,1
17897,106,91,15,15
17898,131,107,24,24
17899,139,125,14,14
17900,77,75,2,2
17901,127,115,12,12
17902,79,93,-14,14
17903,140,132,8,8
17904,63,63,0,0
17905,121,119,2,2
17906,65,66,-1,1
17907,146,129,17,17
17908,110,101,9,9
17909,101,105,-4,4
17910,35,46,-11,11
17911,105,102,3,3
17912,154,151,3,3
17913,72,72,0,0
17914,98,100,-2,2
17915,126,129,-3,3
17916,142,131,11,11
17917,98,111,-13,13
17918,82,88,-6,6
17919,86,98,-12,12
17920,79,78,1,1
17921,111,98,13,13
17922,74,76,-2,2
17923,58,62,-4,4
17924,48,57,-9,9
17925,74,77,-3,3
17926,123,115,8,8
17927,40,49,-9,9
17928,80,69,11,11
17929,63,57,6,6
17930,115,96,19,19
17931,107,107,0,0
17932,80,75,5,5
17933,85,85,0,0
17934,166,151,15,15
17935,71,82,-11,11
17936,56,68,-12,12
17937,48,58,-10,10
17938,96,91,5,5
17939,54,60,-6,6
17940,124,120,4,4
17941,92,90,2,2
17942,51,60,-9,9
17943,62,73,-11,11
17944,89,85,4,4
17945,141,128,13,13
17946,87,77,10,10
17947,75,85,-10,10
17948,81,81,0,0
17949,65,82,-17,17
17950,90,84,6,6
17951,85,83,2,2
17952,71,80,-9,9
17953,61,71,-10,10
17954,104,101,3,3
17955,98,103,-5,5
17956,68,74,-6,6
17957,77,76,1,1
17958,90,89,1,1
17959,71,86,-15,15
17960,59,75,-16,16
17961,109,98,11,11
17962,105,108,-3,3
17963,175,153,22,22
17964,83,91,-8,8
17965,139,122,17,17
17966,68,72,-4,4
17967,88,91,-3,3
17968,75,74,1,1
17969,104,107,-3,3
17970,126,116,10,10
17971,91,92,-1,1
17972,94,96,-2,2
17973,89,88,1,1
17974,41,48,-7,7
17975,91,111,-20,20
17976,81,85,-4,4
17977,72,75,-3,3
17978,146,127,19,19
17979,80,83,-3,3
17980,141,115,26,26
17981,104,96,8,8
17982,111,99,12,12
17983,115,113,2,2
17984,67,70,-3,3
17985,132,121,11,11
17986,118,114,4,4
17987,79,77,2,2
17988,67,80,-13,13
17989,158,132,26,26
17990,90,83,7,7
17991,78,82,-4,4
17992,52,57,-5,5
17993,67,72,-5,5
17994,57,74,-17,17
17995,93,90,3,3
17996,73,77,-4,4
17997,100,103,-3,3
17998,150,131,19,19
17999,68,75,-7,7
18000,74,77,-3,3
18001,100,100,0,0
18002,92,100,-8,8
18003,101,108,-7,7
18004,96,89,7,7
18005,161,143,18,18
18006,71,78,-7,7
18007,97,97,0,0
18008,62,67,-5,5
18009,70,75,-5,5
18010,106,97,9,9
18011,67,74,-7,7
18012,56,70,-14,14
18013,75,73,2,2
18014,47,50,-3,3
18015,78,77,1,1
18016,62,62,0,0
18017,68,70,-2,2
18018,106,97,9,9
18019,125,112,13,13
18020,84,98,-14,14
18021,107,106,1,1
18022,63,67,-4,4
18023,76,85,-9,9
18024,98,92,6,6
18025,139,109,30,30
18026,94,95,-1,1
18027,142,136,6,6
18028,121,116,5,5
18029,79,81,-2,2
18030,123,121,2,2
18031,82,85,-3,3
18032,174,159,15,15
18033,116,119,-3,3
18034,51,60,-9,9
18035,157,137,20,20
18036,57,65,-8,8
18037,71,70,1,1
18038,30,37,-7,7
18039,102,103,-1,1
18040,140,125,15,15
18041,156,148,8,8
18042,44,47,-3,3
18043,157,141,16,16
18044,91,93,-2,2
18045,111,118,-7,7
18046,107,114,-7,7
18047,83,88,-5,5
18048,83,78,5,5
18049,103,99,4,4
18050,84,73,11,11
18051,79,76,3,3
18052,119,106,13,13
18053,66,74,-8,8
18054,34,56,-22,22
18055,134,124,10,10
18056,108,104,4,4
18057,60,71,-11,11
18058,33,37,-4,4
18059,105,111,-6,6
18060,71,76,-5,5
18061,92,96,-4,4
18062,62,67,-5,5
18063,54,61,-7,7
18064,85,87,-2,2
18065,154,132,22,22
18066,109,102,7,7
18067,120,129,-9,9
18068,55,58,-3,3
18069,102,109,-7,7
18070,58,62,-4,4
18071,34,43,-9,9
18072,91,89,2,2
18073,110,106,4,4
18074,117,106,11,11
18075,102,122,-20,20
18076,95,88,7,7
18077,38,51,-13,13
18078,88,83,5,5
18079,107,89,18,18
18080,113,108,5,5
18081,58,63,-5,5
18082,56,67,-11,11
18083,68,75,-7,7
18084,59,60,-1,1
18085,169,162,7,7
18086,70,68,2,2
18087,117,110,7,7
18088,84,84,0,0
18089,150,148,2,2
18090,123,128,-5,5
18091,72,74,-2,2
18092,108,107,1,1
18093,87,90,-3,3
18094,123,141,-18,18
18095,79,80,-1,1
18096,112,123,-11,11
18097,77,72,5,5
18098,123,113,10,10
18099,109,114,-5,5
18100,82,74,8,8
18101,57,69,-12,12
18102,120,110,10,10
18103,117,118,-1,1
18104,53,55,-2,2
18105,72,77,-5,5
18106,90,85,5,5
18107,92,106,-14,14
18108,88,84,4,4
18109,55,75,-20,20
18110,62,59,3,3
18111,108,109,-1,1
18112,85,78,7,7
18113,66,87,-21,21
18114,165,162,3,3
18115,124,124,0,0
18116,75,83,-8,8
18117,54,56,-2,2
18118,141,133,8,8
18119,67,73,-6,6
18120,94,96,-2,2
18121,102,111,-9,9
18122,119,118,1,1
18123,53,67,-14,14
18124,122,131,-9,9
18125,60,66,-6,6
18126,88,90,-2,2
18127,101,102,-1,1
18128,64,72,-8,8
18129,48,73,-25,25
18130,75,76,-1,1
18131,53,71,-18,18
18132,123,108,15,15
18133,90,87,3,3
18134,137,139,-2,2
18135,95,97,-2,2
18136,88,105,-17,17
18137,106,109,-3,3
18138,155,140,15,15
18139,75,72,3,3
18140,62,70,-8,8
18141,91,87,4,4
18142,58,55,3,3
18143,51,63,-12,12
18144,120,115,5,5
18145,94,100,-6,6
18146,112,105,7,7
18147,84,96,-12,12
18148,67,74,-7,7
18149,83,82,1,1
18150,162,146,16,16
18151,122,118,4,4
18152,36,44,-8,8
18153,127,121,6,6
18154,75,90,-15,15
18155,119,103,16,16
18156,147,135,12,12
18157,105,104,1,1
18158,55,57,-2,2
18159,90,85,5,5
18160,57,62,-5,5
18161,100,100,0,0
18162,63,62,1,1
18163,58,68,-10,10
18164,140,140,0,0
18165,107,103,4,4
18166,71,82,-11,11
18167,145,140,5,5
18168,64,74,-10,10
18169,94,88,6,6
18170,71,67,4,4
18171,68,75,-7,7
18172,109,99,10,10
18173,67,73,-6,6
18174,81,86,-5,5
18175,101,94,7,7
18176,135,121,14,14
18177,60,59,1,1
18178,154,136,18,18
18179,131,115,16,16
18180,97,88,9,9
18181,65,69,-4,4
18182,132,124,8,8
18183,95,97,-2,2
18184,97,93,4,4
18185,122,109,13,13
18186,80,88,-8,8
18187,89,85,4,4
18188,97,86,11,11
18189,106,106,0,0
18190,101,102,-1,1
18191,116,123,-7,7
18192,70,88,-18,18
18193,44,49,-5,5
18194,149,140,9,9
18195,95,94,1,1
18196,79,78,1,1
18197,114,110,4,4
18198,77,71,6,6
18199,121,110,11,11
18200,80,84,-4,4
18201,117,107,10,10
18202,150,134,16,16
18203,85,82,3,3
18204,72,85,-13,13
18205,112,104,8,8
18206,91,86,5,5
18207,61,60,1,1
18208,126,113,13,13
18209,78,78,0,0
18210,129,122,7,7
18211,71,76,-5,5
18212,72,76,-4,4
18213,166,153,13,13
18214,134,123,11,11
18215,36,34,2,2
18216,63,69,-6,6
18217,73,74,-1,1
18218,88,90,-2,2
18219,88,94,-6,6
18220,113,119,-6,6
18221,138,128,10,10
18222,88,73,15,15
18223,127,124,3,3
18224,216,197,19,19
18225,108,106,2,2
18226,137,131,6,6
18227,66,82,-16,16
18228,68,79,-11,11
18229,100,99,1,1
18230,50,58,-8,8
18231,130,128,2,2
18232,100,103,-3,3
18233,201,160,41,41
18234,53,58,-5,5
18235,65,70,-5,5
18236,60,64,-4,4
18237,177,165,12,12
18238,88,80,8,8
18239,64,73,-9,9
18240,141,136,5,5
18241,87,89,-2,2
18242,144,134,10,10
18243,118,106,12,12
18244,84,89,-5,5
18245,80,87,-7,7
18246,131,132,-1,1
18247,61,67,-6,6
18248,93,91,2,2
18249,78,89,-11,11
18250,58,63,-5,5
18251,99,89,10,10
18252,107,104,3,3
18253,119,116,3,3
18254,104,111,-7,7
18255,87,89,-2,2
18256,88,84,4,4
18257,131,127,4,4
18258,126,120,6,6
18259,125,113,12,12
18260,99,105,-6,6
18261,127,121,6,6
18262,34,58,-24,24
18263,77,74,3,3
18264,88,88,0,0
18265,106,117,-11,11
18266,104,102,2,2
18267,78,85,-7,7
18268,78,78,0,0
18269,211,177,34,34
18270,68,56,12,12
18271,110,109,1,1
18272,86,86,0,0
18273,102,104,-2,2
18274,82,79,3,3
18275,57,63,-6,6
18276,106,107,-1,1
18277,52,61,-9,9
18278,60,60,0,0
18279,78,82,-4,4
18280,66,63,3,3
18281,134,124,10,10
18282,61,70,-9,9
18283,88,86,2,2
18284,95,95,0,0
18285,79,81,-2,2
18286,109,104,5,5
18287,74,82,-8,8
18288,82,76,6,6
18289,77,77,0,0
18290,89,86,3,3
18291,115,108,7,7
18292,64,70,-6,6
18293,143,130,13,13
18294,189,169,20,20
18295,27,40,-13,13
18296,82,93,-11,11
18297,127,131,-4,4
18298,121,107,14,14
18299,103,100,3,3
18300,55,61,-6,6
18301,163,155,8,8
18302,93,93,0,0
18303,95,95,0,0
18304,123,119,4,4
18305,59,67,-8,8
18306,112,101,11,11
18307,76,78,-2,2
18308,77,88,-11,11
18309,62,68,-6,6
18310,71,77,-6,6
18311,60,65,-5,5
18312,141,137,4,4
18313,91,97,-6,6
18314,96,92,4,4
18315,58,63,-5,5
18316,93,93,0,0
18317,165,156,9,9
18318,199,182,17,17
18319,98,94,4,4
18320,152,148,4,4
18321,81,75,6,6
18322,93,86,7,7
18323,122,112,10,10
18324,83,88,-5,5
18325,82,87,-5,5
18326,61,69,-8,8
18327,87,90,-3,3
18328,44,60,-16,16
18329,90,97,-7,7
18330,50,59,-9,9
18331,122,114,8,8
18332,82,82,0,0
18333,101,104,-3,3
18334,93,95,-2,2
18335,132,119,13,13
18336,111,114,-3,3
18337,96,84,12,12
18338,47,52,-5,5
18339,113,112,1,1
18340,182,167,15,15
18341,107,123,-16,16
18342,99,106,-7,7
18343,72,76,-4,4
18344,84,86,-2,2
18345,55,60,-5,5
18346,154,148,6,6
18347,39,50,-11,11
18348,107,104,3,3
18349,89,95,-6,6
18350,114,117,-3,3
18351,99,101,-2,2
18352,76,86,-10,10
18353,61,73,-12,12
18354,112,97,15,15
18355,79,80,-1,1
18356,81,80,1,1
18357,80,85,-5,5
18358,49,69,-20,20
18359,48,40,8,8
18360,113,108,5,5
18361,91,92,-1,1
18362,76,77,-1,1
18363,144,139,5,5
18364,67,71,-4,4
18365,81,74,7,7
18366,111,105,6,6
18367,78,82,-4,4
18368,53,65,-12,12
18369,77,85,-8,8
18370,71,87,-16,16
18371,76,73,3,3
18372,65,71,-6,6
18373,90,89,1,1
18374,165,148,17,17
18375,188,175,13,13
18376,58,152,-94,94
18377,81,81,0,0
18378,65,72,-7,7
18379,91,92,-1,1
18380,116,113,3,3
18381,145,131,14,14
18382,111,117,-6,6
18383,146,132,14,14
18384,119,108,11,11
18385,91,95,-4,4
18386,116,117,-1,1
18387,48,55,-7,7
18388,107,117,-10,10
18389,63,68,-5,5
18390,120,108,12,12
18391,86,85,1,1
18392,93,92,1,1
18393,89,92,-3,3
18394,95,97,-2,2
18395,90,83,7,7
18396,104,101,3,3
18397,144,139,5,5
18398,119,109,10,10
18399,82,86,-4,4
18400,61,76,-15,15
18401,93,98,-5,5
18402,142,125,17,17
18403,73,74,-1,1
18404,133,116,17,17
18405,128,130,-2,2
18406,104,102,2,2
18407,90,87,3,3
18408,88,96,-8,8
18409,65,81,-16,16
18410,102,95,7,7
18411,176,151,25,25
18412,90,94,-4,4
18413,241,206,35,35
18414,115,102,13,13
18415,69,74,-5,5
18416,94,88,6,6
18417,123,115,8,8
18418,96,108,-12,12
18419,90,96,-6,6
18420,59,63,-4,4
18421,76,73,3,3
18422,72,74,-2,2
18423,70,79,-9,9
18424,67,68,-1,1
18425,83,86,-3,3
18426,205,175,30,30
18427,62,70,-8,8
18428,214,195,19,19
18429,79,75,4,4
18430,142,126,16,16
18431,88,86,2,2
18432,107,110,-3,3
18433,120,109,11,11
18434,108,106,2,2
18435,102,98,4,4
18436,64,72,-8,8
18437,86,94,-8,8
18438,70,75,-5,5
18439,130,107,23,23
18440,97,89,8,8
18441,85,89,-4,4
18442,67,67,0,0
18443,142,114,28,28
18444,48,58,-10,10
18445,88,83,5,5
18446,123,123,0,0
18447,69,83,-14,14
18448,92,89,3,3
18449,69,77,-8,8
18450,45,56,-11,11
18451,64,66,-2,2
18452,84,80,4,4
18453,131,123,8,8
18454,78,82,-4,4
18455,32,40,-8,8
18456,85,77,8,8
18457,100,94,6,6
18458,99,85,14,14
18459,125,115,10,10
18460,91,82,9,9
18461,196,173,23,23
18462,94,114,-20,20
18463,54,57,-3,3
18464,134,124,10,10
18465,168,145,23,23
18466,64,65,-1,1
18467,73,80,-7,7
18468,96,88,8,8
18469,82,76,6,6
18470,48,54,-6,6
18471,65,73,-8,8
18472,121,118,3,3
18473,102,103,-1,1
18474,69,70,-1,1
18475,92,90,2,2
18476,79,84,-5,5
18477,107,108,-1,1
18478,76,89,-13,13
18479,73,79,-6,6
18480,75,72,3,3
18481,150,145,5,5
18482,149,138,11,11
18483,144,132,12,12
18484,113,106,7,7
18485,62,70,-8,8
18486,108,107,1,1
18487,103,104,-1,1
18488,58,94,-36,36
18489,42,60,-18,18
18490,115,101,14,14
18491,58,89,-31,31
18492,115,102,13,13
18493,109,102,7,7
18494,51,47,4,4
18495,70,71,-1,1
18496,68,86,-18,18
18497,143,139,4,4
18498,83,77,6,6
18499,116,110,6,6
18500,45,50,-5,5
18501,90,90,0,0
18502,67,67,0,0
18503,100,102,-2,2
18504,113,113,0,0
18505,30,47,-17,17
18506,98,101,-3,3
18507,67,76,-9,9
18508,53,62,-9,9
18509,105,102,3,3
18510,123,126,-3,3
18511,57,62,-5,5
18512,125,112,13,13
18513,98,94,4,4
18514,111,111,0,0
18515,122,114,8,8
18516,117,117,0,0
18517,74,79,-5,5
18518,84,82,2,2
18519,143,136,7,7
18520,121,113,8,8
18521,121,115,6,6
18522,99,96,3,3
18523,103,94,9,9
18524,104,90,14,14
18525,63,63,0,0
18526,222,178,44,44
18527,113,104,9,9
18528,88,94,-6,6
18529,122,106,16,16
18530,109,117,-8,8
18531,72,72,0,0
18532,64,69,-5,5
18533,144,129,15,15
18534,82,85,-3,3
18535,82,88,-6,6
18536,162,147,15,15
18537,112,117,-5,5
18538,62,71,-9,9
18539,78,96,-18,18
18540,48,51,-3,3
18541,90,90,0,0
18542,130,115,15,15
18543,70,74,-4,4
18544,141,144,-3,3
18545,138,130,8,8
18546,126,99,27,27
18547,71,74,-3,3
18548,89,94,-5,5
18549,138,129,9,9
18550,70,69,1,1
18551,123,112,11,11
18552,72,77,-5,5
18553,107,108,-1,1
18554,58,62,-4,4
18555,90,86,4,4
18556,136,137,-1,1
18557,163,151,12,12
18558,108,102,6,6
18559,83,73,10,10
18560,117,112,5,5
18561,142,131,11,11
18562,69,72,-3,3
18563,100,91,9,9
18564,211,179,32,32
18565,148,139,9,9
18566,82,82,0,0
18567,86,90,-4,4
18568,201,182,19,19
18569,113,117,-4,4
18570,126,123,3,3
18571,64,65,-1,1
18572,98,96,2,2
18573,51,55,-4,4
18574,93,105,-12,12
18575,60,67,-7,7
18576,82,81,1,1
18577,95,112,-17,17
18578,94,83,11,11
18579,81,84,-3,3
18580,111,110,1,1
18581,63,74,-11,11
18582,55,61,-6,6
18583,142,136,6,6
18584,139,121,18,18
18585,118,111,7,7
18586,209,159,50,50
18587,73,71,2,2
18588,103,108,-5,5
18589,118,121,-3,3
18590,124,115,9,9
18591,79,94,-15,15
18592,124,116,8,8
18593,129,125,4,4
18594,91,87,4,4
18595,83,92,-9,9
18596,120,105,15,15
18597,91,86,5,5
18598,101,96,5,5
18599,117,108,9,9
18600,154,136,18,18
18601,83,84,-1,1
18602,113,109,4,4
18603,83,87,-4,4
18604,106,111,-5,5
18605,47,58,-11,11
18606,63,67,-4,4
18607,99,95,4,4
18608,47,70,-23,23
18609,111,103,8,8
18610,111,102,9,9
18611,152,137,15,15
18612,91,98,-7,7
18613,111,109,2,2
18614,103,115,-12,12
18615,80,87,-7,7
18616,133,127,6,6
18617,83,80,3,3
18618,67,68,-1,1
18619,124,126,-2,2
18620,93,104,-11,11
18621,80,83,-3,3
18622,64,74,-10,10
18623,74,90,-16,16
18624,92,95,-3,3
18625,122,109,13,13
18626,92,102,-10,10
18627,111,111,0,0
18628,148,127,21,21
18629,102,93,9,9
18630,101,97,4,4
18631,89,91,-2,2
18632,94,101,-7,7
18633,78,80,-2,2
18634,88,76,12,12
18635,87,96,-9,9
18636,59,57,2,2
18637,75,81,-6,6
18638,101,103,-2,2
18639,96,101,-5,5
18640,64,69,-5,5
18641,106,98,8,8
18642,90,94,-4,4
18643,95,97,-2,2
18644,107,108,-1,1
18645,95,97,-2,2
18646,78,86,-8,8
18647,124,151,-27,27
18648,142,138,4,4
18649,73,72,1,1
18650,111,110,1,1
18651,92,81,11,11
18652,205,173,32,32
18653,93,88,5,5
18654,87,101,-14,14
18655,43,42,1,1
18656,51,60,-9,9
18657,102,105,-3,3
18658,85,97,-12,12
18659,152,141,11,11
18660,69,72,-3,3
18661,47,55,-8,8
18662,52,61,-9,9
18663,94,100,-6,6
18664,149,138,11,11
18665,81,74,7,7
18666,96,88,8,8
18667,88,88,0,0
18668,81,76,5,5
18669,129,119,10,10
18670,107,125,-18,18
18671,93,87,6,6
18672,90,95,-5,5
18673,72,80,-8,8
18674,82,84,-2,2
18675,73,75,-2,2
18676,102,103,-1,1
18677,52,64,-12,12
18678,79,89,-10,10
18679,131,120,11,11
18680,56,59,-3,3
18681,58,59,-1,1
18682,66,69,-3,3
18683,58,67,-9,9
18684,76,81,-5,5
18685,83,83,0,0
18686,84,83,1,1
18687,100,103,-3,3
18688,114,100,14,14
18689,112,112,0,0
18690,104,97,7,7
18691,110,108,2,2
18692,160,154,6,6
18693,98,95,3,3
18694,122,114,8,8
18695,39,47,-8,8
18696,120,117,3,3
18697,84,86,-2,2
18698,64,88,-24,24
18699,87,95,-8,8
18700,102,102,0,0
18701,87,87,0,0
18702,76,72,4,4
18703,132,124,8,8
18704,65,63,2,2
18705,136,118,18,18
18706,87,76,11,11
18707,93,90,3,3
18708,130,121,9,9
18709,96,93,3,3
18710,93,90,3,3
18711,67,78,-11,11
18712,116,114,2,2
18713,81,88,-7,7
18714,107,106,1,1
18715,70,68,2,2
18716,113,106,7,7
18717,78,84,-6,6
18718,93,90,3,3
18719,62,75,-13,13
18720,43,50,-7,7
18721,81,78,3,3
18722,85,85,0,0
18723,128,113,15,15
18724,110,112,-2,2
18725,37,39,-2,2
18726,66,76,-10,10
18727,56,58,-2,2
18728,95,90,5,5
18729,95,98,-3,3
18730,92,92,0,0
18731,99,105,-6,6
18732,75,84,-9,9
18733,186,154,32,32
18734,30,35,-5,5
18735,63,69,-6,6
18736,60,54,6,6
18737,38,50,-12,12
18738,70,79,-9,9
18739,85,86,-1,1
18740,71,66,5,5
18741,122,124,-2,2
18742,45,46,-1,1
18743,94,93,1,1
18744,133,129,4,4
18745,89,82,7,7
18746,85,81,4,4
18747,80,82,-2,2
18748,141,124,17,17
18749,108,106,2,2
18750,39,56,-17,17
18751,85,101,-16,16
18752,99,102,-3,3
18753,81,78,3,3
18754,123,121,2,2
18755,98,95,3,3
18756,81,87,-6,6
18757,110,111,-1,1
18758,64,76,-12,12
18759,75,85,-10,10
18760,59,60,-1,1
18761,66,76,-10,10
18762,81,69,12,12
18763,92,92,0,0
18764,115,111,4,4
18765,129,130,-1,1
18766,99,94,5,5
18767,72,78,-6,6
18768,91,89,2,2
18769,69,75,-6,6
18770,80,73,7,7
18771,89,96,-7,7
18772,92,100,-8,8
18773,95,94,1,1
18774,166,145,21,21
18775,61,64,-3,3
18776,59,56,3,3
18777,42,59,-17,17
18778,53,62,-9,9
18779,101,102,-1,1
18780,90,85,5,5
18781,116,108,8,8
18782,83,79,4,4
18783,89,89,0,0
18784,121,114,7,7
18785,74,63,11,11
18786,113,98,15,15
18787,85,88,-3,3
18788,137,131,6,6
18789,72,85,-13,13
18790,78,70,8,8
18791,113,117,-4,4
18792,144,117,27,27
18793,54,59,-5,5
18794,74,76,-2,2
18795,72,76,-4,4
18796,73,79,-6,6
18797,163,139,24,24
18798,96,95,1,1
18799,90,89,1,1
18800,64,67,-3,3
18801,61,64,-3,3
18802,79,80,-1,1
18803,118,119,-1,1
18804,70,73,-3,3
18805,108,103,5,5
18806,83,106,-23,23
18807,55,65,-10,10
18808,139,131,8,8
18809,49,56,-7,7
18810,159,141,18,18
18811,30,43,-13,13
18812,111,112,-1,1
18813,112,108,4,4
18814,149,146,3,3
18815,104,102,2,2
18816,166,134,32,32
18817,76,76,0,0
18818,128,131,-3,3
18819,54,65,-11,11
18820,99,102,-3,3
18821,53,59,-6,6
18822,98,91,7,7
18823,94,98,-4,4
18824,144,148,-4,4
18825,47,52,-5,5
18826,124,126,-2,2
18827,137,142,-5,5
18828,55,57,-2,2
18829,79,75,4,4
18830,103,104,-1,1
18831,67,73,-6,6
18832,45,49,-4,4
18833,129,112,17,17
18834,33,58,-25,25
18835,108,106,2,2
18836,68,71,-3,3
18837,165,146,19,19
18838,108,96,12,12
18839,142,118,24,24
18840,108,107,1,1
18841,56,66,-10,10
18842,73,81,-8,8
18843,121,116,5,5
18844,139,138,1,1
18845,124,116,8,8
18846,59,64,-5,5
18847,98,113,-15,15
18848,42,43,-1,1
18849,94,99,-5,5
18850,120,108,12,12
18851,64,71,-7,7
18852,52,65,-13,13
18853,193,171,22,22
18854,99,93,6,6
18855,73,83,-10,10
18856,166,132,34,34
18857,116,112,4,4
18858,69,85,-16,16
18859,67,70,-3,3
18860,81,76,5,5
18861,112,102,10,10
18862,120,105,15,15
18863,67,63,4,4
18864,105,91,14,14
18865,146,132,14,14
18866,110,102,8,8
18867,90,91,-1,1
18868,94,86,8,8
18869,106,118,-12,12
18870,95,94,1,1
18871,112,109,3,3
18872,104,93,11,11
18873,60,69,-9,9
18874,93,79,14,14
18875,171,162,9,9
18876,57,59,-2,2
18877,106,97,9,9
18878,83,89,-6,6
18879,65,61,4,4
18880,111,109,2,2
18881,117,115,2,2
18882,71,80,-9,9
18883,46,64,-18,18
18884,87,101,-14,14
18885,80,79,1,1
18886,58,65,-7,7
18887,47,28,19,19
18888,196,170,26,26
18889,100,103,-3,3
18890,122,122,0,0
18891,126,124,2,2
18892,61,67,-6,6
18893,68,74,-6,6
18894,90,97,-7,7
18895,96,100,-4,4
18896,154,150,4,4
18897,153,145,8,8
18898,83,82,1,1
18899,130,123,7,7
18900,110,102,8,8
18901,122,117,5,5
18902,85,81,4,4
18903,55,62,-7,7
18904,85,81,4,4
18905,122,117,5,5
18906,71,70,1,1
18907,149,135,14,14
18908,101,99,2,2
18909,81,90,-9,9
18910,95,91,4,4
18911,120,116,4,4
18912,137,135,2,2
18913,132,137,-5,5
18914,83,76,7,7
18915,121,118,3,3
18916,121,114,7,7
18917,125,135,-10,10
18918,81,85,-4,4
18919,137,135,2,2
18920,89,87,2,2
18921,113,104,9,9
18922,23,42,-19,19
18923,123,103,20,20
18924,172,161,11,11
18925,64,68,-4,4
18926,122,128,-6,6
18927,67,68,-1,1
18928,86,85,1,1
18929,42,55,-13,13
18930,126,116,10,10
18931,148,127,21,21
18932,81,74,7,7
18933,78,83,-5,5
18934,74,75,-1,1
18935,52,64,-12,12
18936,67,70,-3,3
18937,69,73,-4,4
18938,76,85,-9,9
18939,56,64,-8,8
18940,103,114,-11,11
18941,86,96,-10,10
18942,67,83,-16,16
18943,74,82,-8,8
18944,61,64,-3,3
18945,42,62,-20,20
18946,106,104,2,2
18947,59,64,-5,5
18948,65,67,-2,2
18949,148,146,2,2
18950,161,145,16,16
18951,140,129,11,11
18952,140,130,10,10
18953,70,79,-9,9
18954,157,139,18,18
18955,70,82,-12,12
18956,110,116,-6,6
18957,132,148,-16,16
18958,40,50,-10,10
18959,115,106,9,9
18960,165,152,13,13
18961,46,65,-19,19
18962,108,118,-10,10
18963,145,136,9,9
18964,153,139,14,14
18965,64,68,-4,4
18966,104,106,-2,2
18967,104,89,15,15
18968,103,94,9,9
18969,99,108,-9,9
18970,58,66,-8,8
18971,78,77,1,1
18972,116,116,0,0
18973,95,108,-13,13
18974,77,77,0,0
18975,100,97,3,3
18976,147,135,12,12
18977,73,75,-2,2
18978,90,94,-4,4
18979,91,93,-2,2
18980,136,125,11,11
18981,156,137,19,19
18982,71,75,-4,4
18983,65,67,-2,2
18984,82,82,0,0
18985,116,112,4,4
18986,134,123,11,11
18987,70,76,-6,6
18988,98,95,3,3
18989,194,169,25,25
18990,58,66,-8,8
18991,111,143,-32,32
18992,55,63,-8,8
18993,105,101,4,4
18994,85,89,-4,4
18995,105,96,9,9
18996,83,91,-8,8
18997,96,89,7,7
18998,83,79,4,4
18999,153,144,9,9
19000,81,84,-3,3
19001,60,65,-5,5
19002,137,134,3,3
19003,140,128,12,12
19004,88,95,-7,7
19005,124,121,3,3
19006,101,94,7,7
19007,84,79,5,5
19008,99,96,3,3
19009,59,56,3,3
19010,83,95,-12,12
19011,113,117,-4,4
19012,83,87,-4,4
19013,65,72,-7,7
19014,52,66,-14,14
19015,120,120,0,0
19016,102,92,10,10
19017,50,79,-29,29
19018,134,135,-1,1
19019,90,90,0,0
19020,79,76,3,3
19021,78,85,-7,7
19022,122,110,12,12
19023,69,75,-6,6
19024,72,75,-3,3
19025,71,78,-7,7
19026,112,98,14,14
19027,111,103,8,8
19028,96,101,-5,5
19029,96,94,2,2
19030,67,72,-5,5
19031,102,102,0,0
19032,71,83,-12,12
19033,147,140,7,7
19034,123,123,0,0
19035,89,78,11,11
19036,72,82,-10,10
19037,81,89,-8,8
19038,61,64,-3,3
19039,79,77,2,2
19040,112,101,11,11
19041,167,161,6,6
19042,74,80,-6,6
19043,122,111,11,11
19044,78,88,-10,10
19045,64,73,-9,9
19046,72,77,-5,5
19047,90,84,6,6
19048,86,80,6,6
19049,122,114,8,8
19050,70,66,4,4
19051,80,84,-4,4
19052,55,62,-7,7
19053,86,78,8,8
19054,117,113,4,4
19055,95,94,1,1
19056,88,89,-1,1
19057,123,110,13,13
19058,102,97,5,5
19059,73,73,0,0
19060,33,32,1,1
19061,133,120,13,13
19062,65,76,-11,11
19063,75,64,11,11
19064,39,44,-5,5
19065,119,109,10,10
19066,88,89,-1,1
19067,110,97,13,13
19068,59,65,-6,6
19069,94,102,-8,8
19070,90,88,2,2
19071,64,68,-4,4
19072,111,108,3,3
19073,95,98,-3,3
19074,77,81,-4,4
19075,60,65,-5,5
19076,151,142,9,9
19077,90,84,6,6
19078,65,70,-5,5
19079,100,108,-8,8
19080,59,65,-6,6
19081,89,88,1,1
19082,91,102,-11,11
19083,152,139,13,13
19084,58,57,1,1
19085,98,106,-8,8
19086,111,107,4,4
19087,94,89,5,5
19088,98,102,-4,4
19089,99,94,5,5
19090,132,127,5,5
19091,99,117,-18,18
19092,163,163,0,0
19093,105,100,5,5
19094,109,110,-1,1
19095,49,55,-6,6
19096,97,108,-11,11
19097,153,131,22,22
19098,73,102,-29,29
19099,71,76,-5,5
19100,89,81,8,8
19101,110,98,12,12
19102,73,77,-4,4
19103,151,125,26,26
19104,146,138,8,8
19105,74,73,1,1
19106,76,73,3,3
19107,57,92,-35,35
19108,96,87,9,9
19109,143,121,22,22
19110,98,82,16,16
19111,74,80,-6,6
19112,78,75,3,3
19113,139,145,-6,6
19114,81,86,-5,5
19115,74,85,-11,11
19116,81,81,0,0
19117,149,158,-9,9
19118,59,69,-10,10
19119,92,98,-6,6
19120,88,85,3,3
19121,94,93,1,1
19122,106,104,2,2
19123,143,119,24,24
19124,61,72,-11,11
19125,84,81,3,3
19126,107,112,-5,5
19127,129,129,0,0
19128,80,80,0,0
19129,89,93,-4,4
19130,159,146,13,13
19131,44,55,-11,11
19132,116,116,0,0
19133,79,82,-3,3
19134,82,78,4,4
19135,77,80,-3,3
19136,124,110,14,14
19137,97,101,-4,4
19138,62,70,-8,8
19139,65,74,-9,9
19140,78,73,5,5
19141,105,102,3,3
19142,107,111,-4,4
19143,60,70,-10,10
19144,63,65,-2,2
19145,71,74,-3,3
19146,122,121,1,1
19147,76,79,-3,3
19148,137,134,3,3
19149,89,90,-1,1
19150,87,93,-6,6
19151,147,140,7,7
19152,121,132,-11,11
19153,91,85,6,6
19154,62,64,-2,2
19155,77,87,-10,10
19156,95,94,1,1
19157,71,75,-4,4
19158,129,133,-4,4
19159,114,114,0,0
19160,196,175,21,21
19161,113,111,2,2
19162,122,109,13,13
19163,120,107,13,13
19164,104,115,-11,11
19165,99,101,-2,2
19166,80,81,-1,1
19167,69,83,-14,14
19168,100,104,-4,4
19169,63,69,-6,6
19170,145,131,14,14
19171,55,56,-1,1
19172,91,88,3,3
19173,148,135,13,13
19174,75,74,1,1
19175,106,101,5,5
19176,179,155,24,24
19177,86,92,-6,6
19178,72,75,-3,3
19179,127,129,-2,2
19180,68,67,1,1
19181,69,86,-17,17
19182,136,133,3,3
19183,91,90,1,1
19184,102,106,-4,4
19185,128,116,12,12
19186,94,94,0,0
19187,105,103,2,2
19188,146,133,13,13
19189,72,70,2,2
19190,105,102,3,3
19191,137,126,11,11
19192,169,153,16,16
19193,130,147,-17,17
19194,126,123,3,3
19195,125,113,12,12
19196,102,102,0,0
19197,74,74,0,0
19198,74,88,-14,14
19199,97,96,1,1
19200,113,108,5,5
19201,54,57,-3,3
19202,127,107,20,20
19203,73,85,-12,12
19204,145,145,0,0
19205,117,111,6,6
19206,123,116,7,7
19207,188,157,31,31
19208,75,80,-5,5
19209,76,88,-12,12
19210,45,56,-11,11
19211,86,87,-1,1
19212,74,83,-9,9
19213,103,108,-5,5
19214,140,124,16,16
19215,95,95,0,0
19216,102,107,-5,5
19217,34,46,-12,12
19218,101,98,3,3
19219,62,77,-15,15
19220,81,89,-8,8
19221,84,87,-3,3
19222,114,122,-8,8
19223,90,85,5,5
19224,66,93,-27,27
19225,98,98,0,0
19226,68,74,-6,6
19227,115,106,9,9
19228,101,78,23,23
19229,137,121,16,16
19230,125,123,2,2
19231,84,88,-4,4
19232,43,58,-15,15
19233,99,96,3,3
19234,126,127,-1,1
19235,97,96,1,1
19236,105,95,10,10
19237,74,82,-8,8
19238,108,104,4,4
19239,70,68,2,2
19240,49,61,-12,12
19241,133,124,9,9
19242,105,96,9,9
19243,147,140,7,7
19244,98,99,-1,1
19245,124,114,10,10
19246,73,78,-5,5
19247,78,76,2,2
19248,106,110,-4,4
19249,63,63,0,0
19250,87,90,-3,3
19251,80,78,2,2
19252,101,100,1,1
19253,80,80,0,0
19254,107,97,10,10
19255,65,75,-10,10
19256,62,62,0,0
19257,124,121,3,3
19258,37,39,-2,2
19259,109,104,5,5
19260,48,61,-13,13
19261,152,134,18,18
19262,163,151,12,12
19263,126,120,6,6
19264,62,88,-26,26
19265,128,131,-3,3
19266,104,100,4,4
19267,110,121,-11,11
19268,79,85,-6,6
19269,79,82,-3,3
19270,145,133,12,12
19271,74,79,-5,5
19272,59,65,-6,6
19273,107,104,3,3
19274,88,93,-5,5
19275,47,63,-16,16
19276,111,113,-2,2
19277,108,104,4,4
19278,133,115,18,18
19279,155,150,5,5
19280,85,86,-1,1
19281,135,116,19,19
19282,104,99,5,5
19283,149,145,4,4
19284,78,81,-3,3
19285,76,78,-2,2
19286,96,101,-5,5
19287,130,116,14,14
19288,90,87,3,3
19289,55,84,-29,29
19290,123,125,-2,2
19291,65,68,-3,3
19292,69,65,4,4
19293,50,59,-9,9
19294,51,63,-12,12
19295,81,77,4,4
19296,108,104,4,4
19297,81,82,-1,1
19298,42,48,-6,6
19299,141,115,26,26
19300,66,76,-10,10
19301,103,100,3,3
19302,147,134,13,13
19303,105,92,13,13
19304,136,113,23,23
19305,58,70,-12,12
19306,108,92,16,16
19307,63,66,-3,3
19308,116,116,0,0
19309,147,134,13,13
19310,73,75,-2,2
19311,92,94,-2,2
19312,63,72,-9,9
19313,98,98,0,0
19314,153,142,11,11
19315,98,94,4,4
19316,68,80,-12,12
19317,70,61,9,9
19318,69,127,-58,58
19319,68,69,-1,1
19320,66,68,-2,2
19321,83,81,2,2
19322,113,104,9,9
19323,123,109,14,14
19324,39,49,-10,10
19325,127,113,14,14
19326,119,118,1,1
19327,80,78,2,2
19328,202,204,-2,2
19329,71,82,-11,11
19330,49,56,-7,7
19331,73,84,-11,11
19332,90,98,-8,8
19333,86,81,5,5
19334,71,85,-14,14
19335,62,71,-9,9
19336,89,87,2,2
19337,205,174,31,31
19338,157,120,37,37
19339,95,106,-11,11
19340,54,70,-16,16
19341,86,86,0,0
19342,105,103,2,2
19343,51,65,-14,14
19344,56,72,-16,16
19345,142,140,2,2
19346,151,134,17,17
19347,72,73,-1,1
19348,71,83,-12,12
19349,73,73,0,0
19350,58,63,-5,5
19351,175,185,-10,10
19352,132,124,8,8
19353,102,103,-1,1
19354,115,111,4,4
19355,92,104,-12,12
19356,77,81,-4,4
19357,113,110,3,3
19358,103,106,-3,3
19359,147,150,-3,3
19360,93,106,-13,13
19361,105,105,0,0
19362,95,91,4,4
19363,158,142,16,16
19364,117,113,4,4
19365,113,115,-2,2
19366,84,80,4,4
19367,64,75,-11,11
19368,98,100,-2,2
19369,91,99,-8,8
19370,106,95,11,11
19371,57,68,-11,11
19372,130,124,6,6
19373,67,79,-12,12
19374,60,70,-10,10
19375,80,78,2,2
19376,109,108,1,1
19377,56,86,-30,30
19378,61,75,-14,14
19379,162,148,14,14
19380,105,102,3,3
19381,118,111,7,7
19382,88,82,6,6
19383,61,60,1,1
19384,101,99,2,2
19385,130,131,-1,1
19386,116,105,11,11
19387,66,83,-17,17
19388,67,83,-16,16
19389,68,79,-11,11
19390,54,59,-5,5
19391,76,81,-5,5
19392,91,91,0,0
19393,48,53,-5,5
19394,108,106,2,2
19395,50,56,-6,6
19396,121,128,-7,7
19397,55,56,-1,1
19398,99,90,9,9
19399,109,108,1,1
19400,129,118,11,11
19401,59,61,-2,2
19402,193,174,19,19
19403,115,109,6,6
19404,168,159,9,9
19405,109,107,2,2
19406,79,93,-14,14
19407,69,71,-2,2
19408,124,117,7,7
19409,86,97,-11,11
19410,108,103,5,5
19411,57,62,-5,5
19412,69,62,7,7
19413,73,81,-8,8
19414,93,102,-9,9
19415,108,99,9,9
19416,47,54,-7,7
19417,96,92,4,4
19418,136,137,-1,1
19419,62,56,6,6
19420,35,52,-17,17
19421,168,163,5,5
19422,72,67,5,5
19423,53,60,-7,7
19424,181,164,17,17
19425,106,101,5,5
19426,110,120,-10,10
19427,71,75,-4,4
19428,81,89,-8,8
19429,66,70,-4,4
19430,96,103,-7,7
19431,94,88,6,6
19432,101,93,8,8
19433,56,60,-4,4
19434,161,142,19,19
19435,120,110,10,10
19436,90,92,-2,2
19437,74,81,-7,7
19438,119,110,9,9
19439,120,114,6,6
19440,116,132,-16,16
19441,72,76,-4,4
19442,100,90,10,10
19443,72,76,-4,4
19444,152,143,9,9
19445,65,75,-10,10
19446,84,84,0,0
19447,100,97,3,3
19448,116,103,13,13
19449,88,89,-1,1
19450,94,105,-11,11
19451,76,77,-1,1
19452,70,78,-8,8
19453,72,92,-20,20
19454,114,110,4,4
19455,95,99,-4,4
19456,88,83,5,5
19457,103,116,-13,13
19458,82,84,-2,2
19459,66,81,-15,15
19460,126,112,14,14
19461,215,204,11,11
19462,127,124,3,3
19463,71,72,-1,1
19464,106,95,11,11
19465,125,122,3,3
19466,98,92,6,6
19467,80,98,-18,18
19468,76,82,-6,6
19469,126,119,7,7
19470,45,55,-10,10
19471,98,97,1,1
19472,75,78,-3,3
19473,76,71,5,5
19474,103,104,-1,1
19475,149,134,15,15
19476,110,108,2,2
19477,71,75,-4,4
19478,121,127,-6,6
19479,86,87,-1,1
19480,44,47,-3,3
19481,126,121,5,5
19482,145,127,18,18
19483,94,103,-9,9
19484,49,61,-12,12
19485,99,97,2,2
19486,75,89,-14,14
19487,77,96,-19,19
19488,65,76,-11,11
19489,117,112,5,5
19490,87,86,1,1
19491,87,103,-16,16
19492,138,132,6,6
19493,66,72,-6,6
19494,100,87,13,13
19495,107,101,6,6
19496,82,106,-24,24
19497,76,88,-12,12
19498,67,78,-11,11
19499,40,52,-12,12
19500,88,95,-7,7
19501,184,161,23,23
19502,92,85,7,7
19503,134,134,0,0
19504,105,104,1,1
19505,112,111,1,1
19506,70,73,-3,3
19507,70,74,-4,4
19508,57,65,-8,8
19509,120,114,6,6
19510,98,101,-3,3
19511,115,109,6,6
19512,84,96,-12,12
19513,97,95,2,2
19514,85,88,-3,3
19515,67,76,-9,9
19516,93,86,7,7
19517,123,118,5,5
19518,52,95,-43,43
19519,113,107,6,6
19520,63,68,-5,5
19521,97,91,6,6
19522,103,102,1,1
19523,91,96,-5,5
19524,74,79,-5,5
19525,110,117,-7,7
19526,162,147,15,15
19527,98,97,1,1
19528,103,96,7,7
19529,96,104,-8,8
19530,35,41,-6,6
19531,85,90,-5,5
19532,69,74,-5,5
19533,80,73,7,7
19534,60,66,-6,6
19535,87,100,-13,13
19536,77,80,-3,3
19537,139,129,10,10
19538,51,61,-10,10
19539,122,110,12,12
19540,125,115,10,10
19541,63,59,4,4
19542,125,114,11,11
19543,85,96,-11,11
19544,112,109,3,3
19545,58,73,-15,15
19546,104,102,2,2
19547,120,110,10,10
19548,43,54,-11,11
19549,90,103,-13,13
19550,29,27,2,2
19551,92,85,7,7
19552,99,84,15,15
19553,55,65,-10,10
19554,66,68,-2,2
19555,78,80,-2,2
19556,67,64,3,3
19557,91,83,8,8
19558,143,124,19,19
19559,86,97,-11,11
19560,57,72,-15,15
19561,96,92,4,4
19562,101,111,-10,10
19563,58,60,-2,2
19564,113,105,8,8
19565,44,40,4,4
19566,140,120,20,20
19567,150,142,8,8
19568,117,121,-4,4
19569,86,90,-4,4
19570,99,92,7,7
19571,114,103,11,11
19572,81,82,-1,1
19573,64,64,0,0
19574,132,127,5,5
19575,82,87,-5,5
19576,141,130,11,11
19577,68,86,-18,18
19578,137,125,12,12
19579,75,74,1,1
19580,71,73,-2,2
19581,59,40,19,19
19582,45,42,3,3
19583,70,72,-2,2
19584,107,103,4,4
19585,59,63,-4,4
19586,41,52,-11,11
19587,65,72,-7,7
19588,50,53,-3,3
19589,88,93,-5,5
19590,114,110,4,4
19591,64,61,3,3
19592,154,149,5,5
19593,64,73,-9,9
19594,46,72,-26,26
19595,120,113,7,7
19596,80,81,-1,1
19597,52,56,-4,4
19598,88,106,-18,18
19599,65,90,-25,25
19600,49,62,-13,13
19601,82,95,-13,13
19602,108,113,-5,5
19603,59,74,-15,15
19604,68,72,-4,4
19605,99,88,11,11
19606,100,96,4,4
19607,100,95,5,5
19608,156,142,14,14
19609,91,97,-6,6
19610,152,140,12,12
19611,125,113,12,12
19612,60,64,-4,4
19613,43,53,-10,10
19614,48,51,-3,3
19615,94,103,-9,9
19616,70,71,-1,1
19617,52,56,-4,4
19618,70,71,-1,1
19619,154,134,20,20
19620,133,128,5,5
19621,72,73,-1,1
19622,79,88,-9,9
19623,111,116,-5,5
19624,72,73,-1,1
19625,147,146,1,1
19626,94,93,1,1
19627,41,48,-7,7
19628,79,89,-10,10
19629,61,63,-2,2
19630,68,77,-9,9
19631,70,72,-2,2
19632,80,87,-7,7
19633,58,72,-14,14
19634,45,54,-9,9
19635,187,164,23,23
19636,84,86,-2,2
19637,76,75,1,1
19638,154,139,15,15
19639,139,126,13,13
19640,173,158,15,15
19641,75,70,5,5
19642,148,133,15,15
19643,174,158,16,16
19644,100,106,-6,6
19645,29,26,3,3
19646,102,94,8,8
19647,67,74,-7,7
19648,51,55,-4,4
19649,133,109,24,24
19650,36,40,-4,4
19651,66,64,2,2
19652,65,62,3,3
19653,73,79,-6,6
19654,151,129,22,22
19655,87,83,4,4
19656,138,137,1,1
19657,65,71,-6,6
19658,97,94,3,3
19659,84,90,-6,6
19660,171,156,15,15
19661,110,104,6,6
19662,120,111,9,9
19663,99,93,6,6
19664,135,141,-6,6
19665,90,89,1,1
19666,70,71,-1,1
19667,99,103,-4,4
19668,58,65,-7,7
19669,109,129,-20,20
19670,77,79,-2,2
19671,74,76,-2,2
19672,134,132,2,2
19673,130,113,17,17
19674,65,69,-4,4
19675,109,101,8,8
19676,75,83,-8,8
19677,125,122,3,3
19678,99,97,2,2
19679,147,141,6,6
19680,160,146,14,14
19681,49,51,-2,2
19682,62,73,-11,11
19683,332,299,33,33
19684,127,120,7,7
19685,34,36,-2,2
19686,145,134,11,11
19687,108,101,7,7
19688,66,74,-8,8
19689,65,72,-7,7
19690,157,137,20,20
19691,89,87,2,2
19692,97,103,-6,6
19693,116,109,7,7
19694,102,102,0,0
19695,118,122,-4,4
19696,161,149,12,12
19697,97,97,0,0
19698,40,41,-1,1
19699,63,67,-4,4
19700,70,80,-10,10
19701,83,83,0,0
19702,100,103,-3,3
19703,76,78,-2,2
19704,105,102,3,3
19705,72,87,-15,15
19706,69,84,-15,15
19707,136,134,2,2
19708,126,105,21,21
19709,130,130,0,0
19710,116,113,3,3
19711,87,85,2,2
19712,100,104,-4,4
19713,100,90,10,10
19714,55,66,-11,11
19715,92,95,-3,3
19716,101,97,4,4
19717,149,146,3,3
19718,98,87,11,11
19719,89,90,-1,1
19720,40,46,-6,6
19721,91,89,2,2
19722,103,104,-1,1
19723,88,87,1,1
19724,76,90,-14,14
19725,43,61,-18,18
19726,60,65,-5,5
19727,165,145,20,20
19728,148,140,8,8
19729,114,108,6,6
19730,97,86,11,11
19731,141,137,4,4
19732,82,96,-14,14
19733,89,89,0,0
19734,141,136,5,5
19735,31,51,-20,20
19736,87,98,-11,11
19737,83,88,-5,5
19738,64,72,-8,8
19739,68,77,-9,9
19740,75,72,3,3
19741,102,102,0,0
19742,54,63,-9,9
19743,108,111,-3,3
19744,104,94,10,10
19745,132,126,6,6
19746,77,76,1,1
19747,130,124,6,6
19748,46,47,-1,1
19749,83,28,55,55
19750,79,85,-6,6
19751,180,154,26,26
19752,118,121,-3,3
19753,105,113,-8,8
19754,93,96,-3,3
19755,81,78,3,3
19756,61,69,-8,8
19757,142,136,6,6
19758,93,95,-2,2
19759,100,102,-2,2
19760,146,130,16,16
19761,64,72,-8,8
19762,116,111,5,5
19763,55,60,-5,5
19764,55,67,-12,12
19765,86,100,-14,14
19766,90,89,1,1
19767,146,136,10,10
19768,55,60,-5,5
19769,76,79,-3,3
19770,48,64,-16,16
19771,84,73,11,11
19772,62,64,-2,2
19773,93,90,3,3
19774,104,98,6,6
19775,108,105,3,3
19776,83,91,-8,8
19777,57,57,0,0
19778,76,79,-3,3
19779,100,123,-23,23
19780,96,96,0,0
19781,124,95,29,29
19782,55,72,-17,17
19783,61,68,-7,7
19784,104,101,3,3
19785,70,76,-6,6
19786,94,88,6,6
19787,64,68,-4,4
19788,113,113,0,0
19789,92,94,-2,2
19790,136,135,1,1
19791,115,107,8,8
19792,103,110,-7,7
19793,84,88,-4,4
19794,60,67,-7,7
19795,83,114,-31,31
19796,127,124,3,3
19797,137,124,13,13
19798,64,61,3,3
19799,180,164,16,16
19800,144,127,17,17
19801,82,80,2,2
19802,89,84,5,5
19803,122,127,-5,5
19804,85,86,-1,1
19805,127,116,11,11
19806,86,86,0,0
19807,81,90,-9,9
19808,102,96,6,6
19809,104,80,24,24
19810,47,52,-5,5
19811,163,140,23,23
19812,102,102,0,0
19813,152,133,19,19
19814,139,125,14,14
19815,88,81,7,7
19816,57,60,-3,3
19817,79,77,2,2
19818,60,55,5,5
19819,104,95,9,9
19820,92,88,4,4
19821,74,76,-2,2
19822,94,89,5,5
19823,102,106,-4,4
19824,109,104,5,5
19825,86,84,2,2
19826,85,79,6,6
19827,86,83,3,3
19828,158,137,21,21
19829,78,82,-4,4
19830,72,72,0,0
19831,127,120,7,7
19832,81,86,-5,5
19833,99,98,1,1
19834,64,73,-9,9
19835,137,140,-3,3
19836,99,103,-4,4
19837,74,83,-9,9
19838,80,89,-9,9
19839,99,115,-16,16
19840,95,96,-1,1
19841,48,57,-9,9
19842,77,80,-3,3
19843,88,96,-8,8
19844,99,97,2,2
19845,87,83,4,4
19846,75,82,-7,7
19847,103,104,-1,1
19848,190,172,18,18
19849,88,58,30,30
19850,85,89,-4,4
19851,59,58,1,1
19852,63,81,-18,18
19853,85,88,-3,3
19854,67,87,-20,20
19855,76,82,-6,6
19856,115,110,5,5
19857,62,68,-6,6
19858,61,73,-12,12
19859,147,136,11,11
19860,153,138,15,15
19861,68,63,5,5
19862,106,112,-6,6
19863,79,83,-4,4
19864,165,147,18,18
19865,63,68,-5,5
19866,106,107,-1,1
19867,74,80,-6,6
19868,135,125,10,10
19869,76,84,-8,8
19870,113,118,-5,5
19871,77,76,1,1
19872,67,75,-8,8
19873,93,110,-17,17
19874,170,157,13,13
19875,77,83,-6,6
19876,88,85,3,3
19877,103,99,4,4
19878,85,87,-2,2
19879,82,75,7,7
19880,70,79,-9,9
19881,94,105,-11,11
19882,44,61,-17,17
19883,103,93,10,10
19884,99,97,2,2
19885,67,71,-4,4
19886,56,65,-9,9
19887,94,94,0,0
19888,77,81,-4,4
19889,68,70,-2,2
19890,125,111,14,14
19891,110,106,4,4
19892,102,91,11,11
19893,57,54,3,3
19894,68,87,-19,19
19895,75,80,-5,5
19896,101,95,6,6
19897,57,57,0,0
19898,93,107,-14,14
19899,52,45,7,7
19900,57,68,-11,11
19901,123,108,15,15
19902,111,114,-3,3
19903,62,68,-6,6
19904,89,102,-13,13
19905,114,104,10,10
19906,45,58,-13,13
19907,79,78,1,1
19908,134,121,13,13
19909,101,95,6,6
19910,92,89,3,3
19911,74,77,-3,3
19912,95,93,2,2
19913,49,62,-13,13
19914,86,82,4,4
19915,50,70,-20,20
19916,55,62,-7,7
19917,49,49,0,0
19918,87,93,-6,6
19919,59,74,-15,15
19920,108,109,-1,1
19921,88,91,-3,3
19922,118,123,-5,5
19923,108,100,8,8
19924,38,71,-33,33
19925,94,86,8,8
19926,35,41,-6,6
19927,114,113,1,1
19928,124,113,11,11
19929,108,109,-1,1
19930,129,133,-4,4
19931,69,74,-5,5
19932,108,113,-5,5
19933,66,73,-7,7
19934,62,63,-1,1
19935,107,110,-3,3
19936,65,68,-3,3
19937,169,146,23,23
19938,115,106,9,9
19939,116,113,3,3
19940,87,88,-1,1
19941,62,69,-7,7
19942,128,117,11,11
19943,126,126,0,0
19944,139,135,4,4
19945,217,181,36,36
19946,147,144,3,3
19947,117,107,10,10
19948,181,174,7,7
19949,101,119,-18,18
19950,66,74,-8,8
19951,77,78,-1,1
19952,110,109,1,1
19953,186,172,14,14
19954,60,67,-7,7
19955,68,71,-3,3
19956,125,121,4,4
19957,52,60,-8,8
19958,75,77,-2,2
19959,109,111,-2,2
19960,44,54,-10,10
19961,123,123,0,0
19962,123,112,11,11
19963,69,73,-4,4
19964,51,58,-7,7
19965,148,128,20,20
19966,104,92,12,12
19967,64,69,-5,5
19968,82,89,-7,7
19969,82,79,3,3
19970,135,134,1,1
19971,54,66,-12,12
19972,88,79,9,9
19973,88,81,7,7
19974,102,103,-1,1
19975,45,57,-12,12
19976,85,84,1,1
19977,117,105,12,12
19978,124,113,11,11
19979,60,73,-13,13
19980,40,66,-26,26
19981,133,125,8,8
19982,101,103,-2,2
19983,80,81,-1,1
19984,90,110,-20,20
19985,85,89,-4,4
19986,68,76,-8,8
19987,150,146,4,4
19988,86,82,4,4
19989,105,109,-4,4
19990,45,56,-11,11
19991,149,153,-4,4
19992,74,81,-7,7
19993,40,47,-7,7
19994,75,83,-8,8
19995,47,58,-11,11
19996,70,77,-7,7
19997,56,64,-8,8
19998,46,54,-8,8
19999,98,102,-4,4
20000,107,102,5,5
20001,121,109,12,12
20002,192,175,17,17
20003,50,58,-8,8
20004,62,80,-18,18
20005,93,92,1,1
20006,96,89,7,7
20007,72,74,-2,2
20008,134,132,2,2
20009,98,98,0,0
20010,159,135,24,24
20011,115,108,7,7
20012,54,65,-11,11
20013,60,69,-9,9
20014,80,77,3,3
20015,103,103,0,0
20016,89,83,6,6
20017,118,118,0,0
20018,109,103,6,6
20019,65,74,-9,9
20020,62,73,-11,11
20021,100,96,4,4
20022,127,129,-2,2
20023,54,66,-12,12
20024,113,103,10,10
20025,122,115,7,7
20026,140,120,20,20
20027,71,72,-1,1
20028,86,94,-8,8
20029,94,100,-6,6
20030,124,113,11,11
20031,59,63,-4,4
20032,115,106,9,9
20033,61,64,-3,3
20034,65,63,2,2
20035,79,85,-6,6
20036,122,108,14,14
20037,97,102,-5,5
20038,64,75,-11,11
20039,107,103,4,4
20040,109,108,1,1
20041,70,73,-3,3
20042,63,69,-6,6
20043,104,100,4,4
20044,88,81,7,7
20045,91,94,-3,3
20046,136,133,3,3
20047,67,71,-4,4
20048,65,67,-2,2
20049,97,95,2,2
20050,114,115,-1,1
20051,122,129,-7,7
20052,76,74,2,2
20053,96,101,-5,5
20054,90,87,3,3
20055,68,71,-3,3
20056,78,84,-6,6
20057,158,140,18,18
20058,77,84,-7,7
20059,65,68,-3,3
20060,126,116,10,10
20061,102,95,7,7
20062,96,86,10,10
20063,120,123,-3,3
20064,44,58,-14,14
20065,68,77,-9,9
20066,170,160,10,10
20067,40,49,-9,9
20068,43,57,-14,14
20069,95,89,6,6
20070,114,105,9,9
20071,60,69,-9,9
20072,35,55,-20,20
20073,70,72,-2,2
20074,126,120,6,6
20075,68,72,-4,4
20076,137,137,0,0
20077,154,127,27,27
20078,139,133,6,6
20079,103,98,5,5
20080,82,76,6,6
20081,94,102,-8,8
20082,136,125,11,11
20083,81,80,1,1
20084,51,49,2,2
20085,126,121,5,5
20086,89,119,-30,30
20087,88,94,-6,6
20088,77,70,7,7
20089,83,88,-5,5
20090,77,71,6,6
20091,84,85,-1,1
20092,82,78,4,4
20093,65,71,-6,6
20094,113,104,9,9
20095,78,86,-8,8
20096,54,60,-6,6
20097,94,100,-6,6
20098,59,73,-14,14
20099,117,120,-3,3
20100,78,69,9,9
20101,48,45,3,3
20102,54,71,-17,17
20103,99,103,-4,4
20104,71,74,-3,3
20105,136,125,11,11
20106,45,52,-7,7
20107,84,92,-8,8
20108,82,88,-6,6
20109,45,57,-12,12
20110,125,105,20,20
20111,50,58,-8,8
20112,71,79,-8,8
20113,89,84,5,5
20114,61,70,-9,9
20115,105,101,4,4
20116,143,134,9,9
20117,185,163,22,22
20118,48,54,-6,6
20119,98,96,2,2
20120,38,52,-14,14
20121,92,91,1,1
20122,139,130,9,9
20123,99,92,7,7
20124,106,106,0,0
20125,60,78,-18,18
20126,96,81,15,15
20127,138,139,-1,1
20128,83,88,-5,5
20129,152,120,32,32
20130,115,116,-1,1
20131,84,96,-12,12
20132,133,123,10,10
20133,128,123,5,5
20134,78,81,-3,3
20135,93,94,-1,1
20136,105,102,3,3
20137,90,90,0,0
20138,205,170,35,35
20139,80,82,-2,2
20140,80,79,1,1
20141,118,103,15,15
20142,60,72,-12,12
20143,101,99,2,2
20144,95,93,2,2
20145,130,136,-6,6
20146,113,105,8,8
20147,79,87,-8,8
20148,88,87,1,1
20149,109,102,7,7
20150,98,91,7,7
20151,70,74,-4,4
20152,92,87,5,5
20153,157,154,3,3
20154,44,55,-11,11
20155,95,87,8,8
20156,87,82,5,5
20157,109,93,16,16
20158,111,110,1,1
20159,86,82,4,4
20160,149,144,5,5
20161,111,104,7,7
20162,45,50,-5,5
20163,150,144,6,6
20164,89,85,4,4
20165,67,77,-10,10
20166,87,93,-6,6
20167,150,135,15,15
20168,124,106,18,18
20169,96,93,3,3
20170,125,126,-1,1
20171,116,125,-9,9
20172,80,82,-2,2
20173,156,131,25,25
20174,159,153,6,6
20175,108,102,6,6
20176,90,89,1,1
20177,117,105,12,12
20178,139,124,15,15
20179,87,86,1,1
20180,79,73,6,6
20181,103,101,2,2
20182,157,138,19,19
20183,159,163,-4,4
20184,46,79,-33,33
20185,84,87,-3,3
20186,62,74,-12,12
20187,99,102,-3,3
20188,62,68,-6,6
20189,87,101,-14,14
20190,186,173,13,13
20191,104,95,9,9
20192,83,82,1,1
20193,82,82,0,0
20194,82,85,-3,3
20195,116,115,1,1
20196,48,50,-2,2
20197,72,81,-9,9
20198,81,79,2,2
20199,89,96,-7,7
20200,66,72,-6,6
20201,99,100,-1,1
20202,97,93,4,4
20203,83,86,-3,3
20204,57,62,-5,5
20205,95,97,-2,2
20206,81,80,1,1
20207,77,87,-10,10
20208,65,70,-5,5
20209,109,106,3,3
20210,58,59,-1,1
20211,38,48,-10,10
20212,109,106,3,3
20213,128,122,6,6
20214,68,69,-1,1
20215,134,129,5,5
20216,80,83,-3,3
20217,197,172,25,25
20218,105,106,-1,1
20219,78,80,-2,2
20220,99,113,-14,14
20221,88,85,3,3
20222,105,101,4,4
20223,63,75,-12,12
20224,76,102,-26,26
20225,80,80,0,0
20226,68,76,-8,8
20227,97,97,0,0
20228,107,100,7,7
20229,96,78,18,18
20230,120,125,-5,5
20231,110,102,8,8
20232,67,75,-8,8
20233,154,133,21,21
20234,133,114,19,19
20235,98,89,9,9
20236,93,89,4,4
20237,93,96,-3,3
20238,95,99,-4,4
20239,96,91,5,5
20240,66,74,-8,8
20241,54,63,-9,9
20242,89,89,0,0
20243,165,145,20,20
20244,189,170,19,19
20245,62,72,-10,10
20246,49,58,-9,9
20247,59,62,-3,3
20248,82,82,0,0
20249,75,81,-6,6
20250,121,110,11,11
20251,116,103,13,13
20252,185,176,9,9
20253,139,131,8,8
20254,73,78,-5,5
20255,147,139,8,8
20256,109,116,-7,7
20257,119,115,4,4
20258,83,82,1,1
20259,122,123,-1,1
20260,84,92,-8,8
20261,130,120,10,10
20262,137,137,0,0
20263,96,98,-2,2
20264,81,81,0,0
20265,123,113,10,10
20266,83,76,7,7
20267,104,100,4,4
20268,121,106,15,15
20269,130,119,11,11
20270,104,97,7,7
20271,107,100,7,7
20272,121,108,13,13
20273,76,80,-4,4
20274,59,68,-9,9
20275,127,124,3,3
20276,179,173,6,6
20277,70,78,-8,8
20278,83,84,-1,1
20279,83,87,-4,4
20280,52,71,-19,19
20281,58,71,-13,13
20282,116,118,-2,2
20283,57,69,-12,12
20284,107,104,3,3
20285,164,154,10,10
20286,110,104,6,6
20287,101,99,2,2
20288,159,142,17,17
20289,103,110,-7,7
20290,133,134,-1,1
20291,59,80,-21,21
20292,93,104,-11,11
20293,129,116,13,13
20294,49,69,-20,20
20295,98,95,3,3
20296,100,99,1,1
20297,131,126,5,5
20298,140,139,1,1
20299,87,91,-4,4
20300,138,125,13,13
20301,145,140,5,5
20302,124,113,11,11
20303,111,107,4,4
20304,128,119,9,9
20305,83,78,5,5
20306,90,100,-10,10
20307,96,93,3,3
20308,160,146,14,14
20309,75,82,-7,7
20310,83,89,-6,6
20311,115,107,8,8
20312,78,87,-9,9
20313,91,90,1,1
20314,60,61,-1,1
20315,92,89,3,3
20316,107,96,11,11
20317,94,104,-10,10
20318,75,104,-29,29
20319,60,68,-8,8
20320,58,69,-11,11
20321,103,102,1,1
20322,68,71,-3,3
20323,141,123,18,18
20324,89,96,-7,7
20325,172,151,21,21
20326,147,140,7,7
20327,94,87,7,7
20328,128,123,5,5
20329,76,81,-5,5
20330,97,92,5,5
20331,110,109,1,1
20332,89,88,1,1
20333,72,69,3,3
20334,104,110,-6,6
20335,82,104,-22,22
20336,87,85,2,2
20337,96,89,7,7
20338,94,103,-9,9
20339,158,138,20,20
20340,102,101,1,1
20341,62,71,-9,9
20342,53,64,-11,11
20343,98,95,3,3
20344,96,94,2,2
20345,79,86,-7,7
20346,131,118,13,13
20347,44,58,-14,14
20348,102,93,9,9
20349,69,73,-4,4
20350,106,109,-3,3
20351,128,131,-3,3
20352,49,66,-17,17
20353,123,111,12,12
20354,191,158,33,33
20355,116,103,13,13
20356,127,119,8,8
20357,42,51,-9,9
20358,124,102,22,22
20359,92,99,-7,7
20360,143,129,14,14
20361,68,73,-5,5
20362,111,106,5,5
20363,120,127,-7,7
20364,93,92,1,1
20365,46,59,-13,13
20366,116,116,0,0
20367,84,88,-4,4
20368,39,51,-12,12
20369,70,64,6,6
20370,59,74,-15,15
20371,107,124,-17,17
20372,59,65,-6,6
20373,115,108,7,7
20374,92,99,-7,7
20375,105,113,-8,8
20376,110,103,7,7
20377,60,61,-1,1
20378,119,106,13,13
20379,106,110,-4,4
20380,90,92,-2,2
20381,63,71,-8,8
20382,103,98,5,5
20383,105,109,-4,4
20384,98,100,-2,2
20385,48,52,-4,4
20386,110,129,-19,19
20387,119,103,16,16
20388,86,92,-6,6
20389,82,101,-19,19
20390,65,70,-5,5
20391,89,88,1,1
20392,118,120,-2,2
20393,146,131,15,15
20394,65,78,-13,13
20395,125,121,4,4
20396,87,88,-1,1
20397,89,96,-7,7
20398,75,74,1,1
20399,87,85,2,2
20400,130,126,4,4
20401,51,59,-8,8
20402,129,130,-1,1
20403,81,81,0,0
20404,80,77,3,3
20405,66,77,-11,11
20406,47,58,-11,11
20407,103,106,-3,3
20408,77,91,-14,14
20409,60,73,-13,13
20410,133,126,7,7
20411,66,71,-5,5
20412,161,143,18,18
20413,101,105,-4,4
20414,80,89,-9,9
20415,124,126,-2,2
20416,140,132,8,8
20417,120,110,10,10
20418,141,128,13,13
20419,90,91,-1,1
20420,54,63,-9,9
20421,63,64,-1,1
20422,115,116,-1,1
20423,59,72,-13,13
20424,68,77,-9,9
20425,51,59,-8,8
20426,56,63,-7,7
20427,69,80,-11,11
20428,71,76,-5,5
20429,103,104,-1,1
20430,94,96,-2,2
20431,157,162,-5,5
20432,122,114,8,8
20433,111,111,0,0
20434,120,126,-6,6
20435,103,95,8,8
20436,62,73,-11,11
20437,130,127,3,3
20438,81,84,-3,3
20439,166,138,28,28
20440,79,86,-7,7
20441,90,90,0,0
20442,91,95,-4,4
20443,44,51,-7,7
20444,87,95,-8,8
20445,117,112,5,5
20446,101,108,-7,7
20447,106,112,-6,6
20448,102,93,9,9
20449,74,73,1,1
20450,175,156,19,19
20451,71,85,-14,14
20452,122,116,6,6
20453,165,149,16,16
20454,134,124,10,10
20455,192,155,37,37
20456,80,72,8,8
20457,65,70,-5,5
20458,105,109,-4,4
20459,121,113,8,8
20460,84,86,-2,2
20461,106,107,-1,1
20462,91,89,2,2
20463,174,164,10,10
20464,64,63,1,1
20465,58,69,-11,11
20466,76,70,6,6
20467,70,74,-4,4
20468,143,132,11,11
20469,92,88,4,4
20470,94,98,-4,4
20471,95,90,5,5
20472,119,111,8,8
20473,101,93,8,8
20474,110,104,6,6
20475,144,146,-2,2
20476,129,136,-7,7
20477,79,80,-1,1
20478,99,106,-7,7
20479,85,85,0,0
20480,142,128,14,14
20481,77,84,-7,7
20482,62,70,-8,8
20483,122,124,-2,2
20484,106,109,-3,3
20485,52,54,-2,2
20486,79,90,-11,11
20487,95,85,10,10
20488,77,82,-5,5
20489,89,89,0,0
20490,70,79,-9,9
20491,97,94,3,3
20492,100,108,-8,8
20493,79,76,3,3
20494,138,133,5,5
20495,123,110,13,13
20496,152,129,23,23
20497,135,128,7,7
20498,83,87,-4,4
20499,118,104,14,14
20500,91,87,4,4
20501,83,86,-3,3
20502,77,81,-4,4
20503,69,76,-7,7
20504,68,72,-4,4
20505,139,128,11,11
20506,171,155,16,16
20507,80,80,0,0
20508,83,84,-1,1
20509,108,104,4,4
20510,92,93,-1,1
20511,59,67,-8,8
20512,74,76,-2,2
20513,62,68,-6,6
20514,138,129,9,9
20515,55,58,-3,3
20516,85,82,3,3
20517,77,81,-4,4
20518,39,44,-5,5
20519,65,72,-7,7
20520,109,113,-4,4
20521,91,90,1,1
20522,74,76,-2,2
20523,74,83,-9,9
20524,154,141,13,13
20525,153,139,14,14
20526,40,35,5,5
20527,110,106,4,4
20528,63,67,-4,4
20529,114,108,6,6
20530,114,124,-10,10
20531,62,76,-14,14
20532,81,74,7,7
20533,49,56,-7,7
20534,63,66,-3,3
20535,93,89,4,4
20536,76,75,1,1
20537,146,140,6,6
20538,87,80,7,7
20539,162,142,20,20
20540,91,96,-5,5
20541,107,124,-17,17
20542,82,90,-8,8
20543,97,94,3,3
20544,42,53,-11,11
20545,81,81,0,0
20546,115,110,5,5
20547,120,112,8,8
20548,62,74,-12,12
20549,131,131,0,0
20550,82,84,-2,2
20551,59,66,-7,7
20552,127,131,-4,4
20553,100,90,10,10
20554,92,86,6,6
20555,55,67,-12,12
20556,111,108,3,3
20557,92,90,2,2
20558,111,112,-1,1
20559,189,155,34,34
20560,93,83,10,10
20561,61,64,-3,3
20562,50,53,-3,3
20563,62,67,-5,5
20564,46,59,-13,13
20565,145,135,10,10
20566,82,86,-4,4
20567,83,84,-1,1
20568,78,79,-1,1
20569,69,69,0,0
20570,117,107,10,10
20571,142,132,10,10
20572,111,110,1,1
20573,72,76,-4,4
20574,95,94,1,1
20575,141,124,17,17
20576,179,159,20,20
20577,85,89,-4,4
20578,286,223,63,63
20579,87,81,6,6
20580,93,95,-2,2
20581,87,83,4,4
20582,49,58,-9,9
20583,87,88,-1,1
20584,143,116,27,27
20585,98,106,-8,8
20586,70,73,-3,3
20587,112,108,4,4
20588,53,61,-8,8
20589,55,63,-8,8
20590,88,86,2,2
20591,113,115,-2,2
20592,86,88,-2,2
20593,59,51,8,8
20594,62,65,-3,3
20595,71,85,-14,14
20596,102,121,-19,19
20597,69,77,-8,8
20598,117,112,5,5
20599,79,84,-5,5
20600,131,130,1,1
20601,45,50,-5,5
20602,81,88,-7,7
20603,62,75,-13,13
20604,82,88,-6,6
20605,86,91,-5,5
20606,52,52,0,0
20607,79,84,-5,5
20608,108,99,9,9
20609,62,68,-6,6
20610,94,95,-1,1
20611,74,87,-13,13
20612,136,122,14,14
20613,151,134,17,17
20614,145,146,-1,1
20615,99,97,2,2
20616,169,170,-1,1
20617,69,73,-4,4
20618,54,56,-2,2
20619,93,85,8,8
20620,106,105,1,1
20621,77,80,-3,3
20622,100,109,-9,9
20623,96,105,-9,9
20624,56,62,-6,6
20625,99,90,9,9
20626,115,114,1,1
20627,90,88,2,2
20628,56,67,-11,11
20629,83,75,8,8
20630,117,107,10,10
20631,75,80,-5,5
20632,88,88,0,0
20633,80,81,-1,1
20634,150,126,24,24
20635,126,111,15,15
20636,92,92,0,0
20637,117,111,6,6
20638,75,83,-8,8
20639,92,84,8,8
20640,72,76,-4,4
20641,45,56,-11,11
20642,55,73,-18,18
20643,123,126,-3,3
20644,127,117,10,10
20645,128,128,0,0
20646,161,145,16,16
20647,130,122,8,8
20648,87,82,5,5
20649,223,175,48,48
20650,79,85,-6,6
20651,155,138,17,17
20652,77,80,-3,3
20653,82,77,5,5
20654,101,105,-4,4
20655,89,94,-5,5
20656,106,106,0,0
20657,68,60,8,8
20658,98,96,2,2
20659,102,105,-3,3
20660,88,81,7,7
20661,102,99,3,3
20662,173,147,26,26
20663,52,69,-17,17
20664,114,111,3,3
20665,85,78,7,7
20666,86,85,1,1
20667,77,80,-3,3
20668,81,82,-1,1
20669,89,89,0,0
20670,149,138,11,11
20671,68,79,-11,11
20672,77,76,1,1
20673,83,84,-1,1
20674,71,75,-4,4
20675,71,76,-5,5
20676,91,95,-4,4
20677,56,74,-18,18
20678,80,87,-7,7
20679,129,119,10,10
20680,95,95,0,0
20681,114,103,11,11
20682,149,132,17,17
20683,74,75,-1,1
20684,84,77,7,7
20685,72,72,0,0
20686,119,114,5,5
20687,82,77,5,5
20688,94,116,-22,22
20689,89,101,-12,12
20690,45,56,-11,11
20691,77,70,7,7
20692,169,160,9,9
20693,100,89,11,11
20694,114,106,8,8
20695,95,90,5,5
20696,97,112,-15,15
20697,224,201,23,23
20698,96,101,-5,5
20699,66,74,-8,8
20700,97,96,1,1
20701,113,109,4,4
20702,107,111,-4,4
20703,59,76,-17,17
20704,148,148,0,0
20705,66,58,8,8
20706,151,147,4,4
20707,87,81,6,6
20708,119,110,9,9
20709,63,63,0,0
20710,122,108,14,14
20711,75,75,0,0
20712,142,133,9,9
20713,33,40,-7,7
20714,86,85,1,1
20715,33,37,-4,4
20716,144,118,26,26
20717,124,116,8,8
20718,77,81,-4,4
20719,144,137,7,7
20720,88,96,-8,8
20721,87,92,-5,5
20722,45,57,-12,12
20723,104,92,12,12
20724,70,77,-7,7
20725,87,84,3,3
20726,139,132,7,7
20727,136,130,6,6
20728,85,80,5,5
20729,106,108,-2,2
20730,134,122,12,12
20731,98,95,3,3
20732,77,81,-4,4
20733,131,129,2,2
20734,125,139,-14,14
20735,76,82,-6,6
20736,110,103,7,7
20737,123,110,13,13
20738,56,58,-2,2
20739,62,69,-7,7
20740,59,67,-8,8
20741,96,103,-7,7
20742,107,101,6,6
20743,126,130,-4,4
20744,114,114,0,0
20745,85,93,-8,8
20746,63,64,-1,1
20747,59,79,-20,20
20748,80,79,1,1
20749,93,89,4,4
20750,82,92,-10,10
20751,73,70,3,3
20752,133,123,10,10
20753,145,127,18,18
20754,78,81,-3,3
20755,89,90,-1,1
20756,81,85,-4,4
20757,100,99,1,1
20758,129,132,-3,3
20759,80,83,-3,3
20760,122,113,9,9
20761,26,50,-24,24
20762,151,140,11,11
20763,118,122,-4,4
20764,146,129,17,17
20765,75,77,-2,2
20766,80,101,-21,21
20767,52,68,-16,16
20768,128,111,17,17
20769,76,94,-18,18
20770,73,77,-4,4
20771,55,65,-10,10
20772,94,100,-6,6
20773,115,104,11,11
20774,70,76,-6,6
20775,125,111,14,14
20776,50,53,-3,3
20777,90,95,-5,5
20778,110,105,5,5
20779,120,120,0,0
20780,62,70,-8,8
20781,78,90,-12,12
20782,132,126,6,6
20783,46,58,-12,12
20784,140,141,-1,1
20785,97,95,2,2
20786,53,60,-7,7
20787,93,95,-2,2
20788,145,130,15,15
20789,84,88,-4,4
20790,121,121,0,0
20791,124,124,0,0
20792,65,65,0,0
20793,129,134,-5,5
20794,111,105,6,6
20795,81,73,8,8
20796,87,75,12,12
20797,64,74,-10,10
20798,92,85,7,7
20799,74,78,-4,4
20800,78,79,-1,1
20801,72,81,-9,9
20802,101,102,-1,1
20803,35,51,-16,16
20804,171,151,20,20
20805,54,55,-1,1
20806,155,156,-1,1
20807,151,142,9,9
20808,45,51,-6,6
20809,87,88,-1,1
20810,115,106,9,9
20811,75,73,2,2
20812,89,93,-4,4
20813,134,119,15,15
20814,65,71,-6,6
20815,51,59,-8,8
20816,33,39,-6,6
20817,85,97,-12,12
20818,114,110,4,4
20819,120,116,4,4
20820,83,87,-4,4
20821,106,109,-3,3
20822,41,55,-14,14
20823,101,114,-13,13
20824,134,119,15,15
20825,132,127,5,5
20826,53,50,3,3
20827,89,86,3,3
20828,120,123,-3,3
20829,106,111,-5,5
20830,165,143,22,22
20831,59,77,-18,18
20832,77,81,-4,4
20833,105,100,5,5
20834,113,112,1,1
20835,85,85,0,0
20836,57,62,-5,5
20837,101,108,-7,7
20838,109,107,2,2
20839,129,131,-2,2
20840,75,91,-16,16
20841,143,133,10,10
20842,48,56,-8,8
20843,115,123,-8,8
20844,57,109,-52,52
20845,76,81,-5,5
20846,79,79,0,0
20847,107,101,6,6
20848,61,70,-9,9
20849,134,130,4,4
20850,93,94,-1,1
20851,141,137,4,4
20852,81,77,4,4
20853,65,78,-13,13
20854,148,135,13,13
20855,70,79,-9,9
20856,78,93,-15,15
20857,46,52,-6,6
20858,108,110,-2,2
20859,94,94,0,0
20860,165,155,10,10
20861,83,95,-12,12
20862,131,125,6,6
20863,91,85,6,6
20864,86,118,-32,32
20865,99,101,-2,2
20866,111,95,16,16
20867,93,92,1,1
20868,82,88,-6,6
20869,60,78,-18,18
20870,89,86,3,3
20871,153,144,9,9
20872,102,103,-1,1
20873,92,103,-11,11
20874,102,103,-1,1
20875,118,123,-5,5
20876,75,74,1,1
20877,176,157,19,19
20878,129,118,11,11
20879,69,88,-19,19
20880,83,79,4,4
20881,124,121,3,3
20882,68,69,-1,1
20883,102,98,4,4
20884,63,67,-4,4
20885,96,108,-12,12
20886,120,128,-8,8
20887,75,82,-7,7
20888,111,113,-2,2
20889,181,155,26,26
20890,82,87,-5,5
20891,132,123,9,9
20892,48,74,-26,26
20893,75,81,-6,6
20894,64,70,-6,6
20895,41,51,-10,10
20896,64,84,-20,20
20897,97,98,-1,1
20898,77,83,-6,6
20899,91,87,4,4
20900,51,56,-5,5
20901,68,73,-5,5
20902,121,124,-3,3
20903,86,87,-1,1
20904,59,69,-10,10
20905,107,106,1,1
20906,84,90,-6,6
20907,55,59,-4,4
20908,76,92,-16,16
20909,93,85,8,8
20910,40,43,-3,3
20911,118,101,17,17
20912,156,151,5,5
20913,126,118,8,8
20914,74,75,-1,1
20915,96,98,-2,2
20916,121,116,5,5
20917,76,73,3,3
20918,122,129,-7,7
20919,89,85,4,4
20920,59,63,-4,4
20921,84,78,6,6
20922,83,81,2,2
20923,73,73,0,0
20924,63,65,-2,2
20925,64,75,-11,11
20926,125,112,13,13
20927,101,89,12,12
20928,122,129,-7,7
20929,63,70,-7,7
20930,107,106,1,1
20931,68,74,-6,6
20932,74,80,-6,6
20933,102,102,0,0
20934,119,121,-2,2
20935,106,96,10,10
20936,66,70,-4,4
20937,87,90,-3,3
20938,85,86,-1,1
20939,66,64,2,2
20940,145,137,8,8
20941,180,151,29,29
20942,75,81,-6,6
20943,63,76,-13,13
20944,144,139,5,5
20945,66,70,-4,4
20946,49,48,1,1
20947,98,100,-2,2
20948,77,72,5,5
20949,105,103,2,2
20950,81,101,-20,20
20951,92,85,7,7
20952,104,109,-5,5
20953,151,141,10,10
20954,51,61,-10,10
20955,124,126,-2,2
20956,84,85,-1,1
20957,58,66,-8,8
20958,108,103,5,5
20959,41,52,-11,11
20960,151,138,13,13
20961,113,101,12,12
20962,138,125,13,13
20963,70,78,-8,8
20964,106,108,-2,2
20965,95,100,-5,5
20966,121,119,2,2
20967,66,71,-5,5
20968,98,94,4,4
20969,70,75,-5,5
20970,142,134,8,8
20971,139,136,3,3
20972,62,73,-11,11
20973,138,139,-1,1
20974,70,74,-4,4
20975,138,111,27,27
20976,105,101,4,4
20977,61,66,-5,5
20978,113,116,-3,3
20979,173,145,28,28
20980,94,90,4,4
20981,90,87,3,3
20982,112,108,4,4
20983,43,49,-6,6
20984,140,136,4,4
20985,197,191,6,6
20986,116,108,8,8
20987,229,194,35,35
20988,119,114,5,5
20989,80,69,11,11
20990,115,115,0,0
20991,61,71,-10,10
20992,41,54,-13,13
20993,101,92,9,9
20994,185,176,9,9
20995,46,53,-7,7
20996,221,195,26,26
20997,113,107,6,6
20998,60,63,-3,3
20999,116,100,16,16
21000,125,118,7,7
21001,99,97,2,2
21002,97,110,-13,13
21003,171,143,28,28
21004,79,81,-2,2
21005,73,78,-5,5
21006,80,89,-9,9
21007,148,130,18,18
21008,111,123,-12,12
21009,110,113,-3,3
21010,84,94,-10,10
21011,60,74,-14,14
21012,94,92,2,2
21013,57,63,-6,6
21014,118,116,2,2
21015,115,117,-2,2
21016,118,126,-8,8
21017,133,119,14,14
21018,67,74,-7,7
21019,148,137,11,11
21020,34,90,-56,56
21021,59,64,-5,5
21022,71,72,-1,1
21023,59,59,0,0
21024,58,69,-11,11
21025,61,62,-1,1
21026,105,106,-1,1
21027,144,136,8,8
21028,135,126,9,9
21029,120,114,6,6
21030,180,171,9,9
21031,177,148,29,29
21032,115,128,-13,13
21033,138,125,13,13
21034,113,98,15,15
21035,97,95,2,2
21036,88,84,4,4
21037,108,117,-9,9
21038,106,98,8,8
21039,81,81,0,0
21040,105,100,5,5
21041,30,33,-3,3
21042,97,101,-4,4
21043,39,41,-2,2
21044,57,63,-6,6
21045,92,111,-19,19
21046,85,86,-1,1
21047,94,88,6,6
21048,165,145,20,20
21049,119,117,2,2
21050,120,113,7,7
21051,139,124,15,15
21052,42,50,-8,8
21053,78,82,-4,4
21054,78,85,-7,7
21055,73,72,1,1
21056,84,87,-3,3
21057,159,141,18,18
21058,84,90,-6,6
21059,133,125,8,8
21060,87,93,-6,6
21061,147,129,18,18
21062,83,83,0,0
21063,51,80,-29,29
21064,107,103,4,4
21065,62,68,-6,6
21066,94,88,6,6
21067,62,69,-7,7
21068,79,81,-2,2
21069,177,147,30,30
21070,104,85,19,19
21071,85,95,-10,10
21072,100,97,3,3
21073,69,69,0,0
21074,119,119,0,0
21075,90,79,11,11
21076,82,78,4,4
21077,54,57,-3,3
21078,115,103,12,12
21079,74,75,-1,1
21080,113,107,6,6
21081,56,62,-6,6
21082,68,78,-10,10
21083,195,174,21,21
21084,150,128,22,22
21085,62,71,-9,9
21086,71,75,-4,4
21087,81,84,-3,3
21088,131,129,2,2
21089,90,84,6,6
21090,86,93,-7,7
21091,168,164,4,4
21092,101,98,3,3
21093,109,104,5,5
21094,71,106,-35,35
21095,67,72,-5,5
21096,115,107,8,8
21097,95,102,-7,7
21098,84,83,1,1
21099,74,87,-13,13
21100,69,72,-3,3
21101,63,76,-13,13
21102,127,117,10,10
21103,82,92,-10,10
21104,78,81,-3,3
21105,78,85,-7,7
21106,147,138,9,9
21107,96,95,1,1
21108,72,86,-14,14
21109,65,68,-3,3
21110,107,107,0,0
21111,119,107,12,12
21112,101,97,4,4
21113,162,145,17,17
21114,119,115,4,4
21115,93,96,-3,3
21116,102,98,4,4
21117,145,138,7,7
21118,94,91,3,3
21119,83,84,-1,1
21120,166,148,18,18
21121,63,72,-9,9
21122,90,88,2,2
21123,53,60,-7,7
21124,103,103,0,0
21125,117,109,8,8
21126,99,101,-2,2
21127,44,42,2,2
21128,149,134,15,15
21129,104,99,5,5
21130,225,203,22,22
21131,101,97,4,4
21132,101,96,5,5
21133,76,71,5,5
21134,80,80,0,0
21135,70,70,0,0
21136,130,109,21,21
21137,148,136,12,12
21138,70,85,-15,15
21139,137,140,-3,3
21140,59,64,-5,5
21141,71,80,-9,9
21142,134,126,8,8
21143,116,106,10,10
21144,104,101,3,3
21145,63,76,-13,13
21146,61,65,-4,4
21147,89,109,-20,20
21148,61,63,-2,2
21149,97,98,-1,1
21150,102,102,0,0
21151,63,68,-5,5
21152,165,152,13,13
21153,88,99,-11,11
21154,112,98,14,14
21155,90,89,1,1
21156,179,162,17,17
21157,89,100,-11,11
21158,19,28,-9,9
21159,123,114,9,9
21160,111,132,-21,21
21161,89,87,2,2
21162,86,98,-12,12
21163,92,97,-5,5
21164,93,89,4,4
21165,91,90,1,1
21166,70,75,-5,5
21167,105,103,2,2
21168,85,82,3,3
21169,78,77,1,1
21170,112,110,2,2
21171,96,99,-3,3
21172,54,66,-12,12
21173,121,105,16,16
21174,131,124,7,7
21175,66,73,-7,7
21176,61,70,-9,9
21177,80,82,-2,2
21178,89,87,2,2
21179,74,71,3,3
21180,65,83,-18,18
21181,101,105,-4,4
21182,97,88,9,9
21183,108,109,-1,1
21184,96,104,-8,8
21185,132,125,7,7
21186,62,64,-2,2
21187,82,81,1,1
21188,154,132,22,22
21189,82,85,-3,3
21190,50,59,-9,9
21191,68,64,4,4
21192,124,124,0,0
21193,74,74,0,0
21194,149,143,6,6
21195,59,61,-2,2
21196,56,60,-4,4
21197,58,67,-9,9
21198,151,148,3,3
21199,113,106,7,7
21200,74,101,-27,27
21201,71,70,1,1
21202,86,85,1,1
21203,65,67,-2,2
21204,69,75,-6,6
21205,161,150,11,11
21206,89,90,-1,1
21207,36,44,-8,8
21208,55,57,-2,2
21209,97,94,3,3
21210,89,82,7,7
21211,64,68,-4,4
21212,98,103,-5,5
21213,89,84,5,5
21214,44,49,-5,5
21215,162,149,13,13
21216,126,129,-3,3
21217,82,85,-3,3
21218,77,87,-10,10
21219,81,85,-4,4
21220,137,130,7,7
21221,69,73,-4,4
21222,86,88,-2,2
21223,67,74,-7,7
21224,101,96,5,5
21225,74,81,-7,7
21226,71,77,-6,6
21227,66,71,-5,5
21228,104,104,0,0
21229,111,123,-12,12
21230,86,90,-4,4
21231,96,96,0,0
21232,79,78,1,1
21233,183,176,7,7
21234,89,87,2,2
21235,133,119,14,14
21236,80,80,0,0
21237,72,75,-3,3
21238,109,101,8,8
21239,107,102,5,5
21240,84,78,6,6
21241,67,67,0,0
21242,102,99,3,3
21243,66,174,-108,108
21244,132,131,1,1
21245,103,104,-1,1
21246,91,92,-1,1
21247,111,113,-2,2
21248,110,100,10,10
21249,156,150,6,6
21250,44,43,1,1
21251,48,55,-7,7
21252,79,88,-9,9
21253,58,58,0,0
21254,134,120,14,14
21255,105,104,1,1
21256,79,78,1,1
21257,124,154,-30,30
21258,109,101,8,8
21259,79,78,1,1
21260,66,75,-9,9
21261,93,91,2,2
21262,93,94,-1,1
21263,85,95,-10,10
21264,92,89,3,3
21265,103,104,-1,1
21266,104,101,3,3
21267,108,108,0,0
21268,82,80,2,2
21269,92,98,-6,6
21270,41,47,-6,6
21271,47,54,-7,7
21272,79,80,-1,1
21273,101,109,-8,8
21274,66,76,-10,10
21275,83,84,-1,1
21276,89,78,11,11
21277,55,64,-9,9
21278,137,127,10,10
21279,92,89,3,3
21280,131,124,7,7
21281,99,93,6,6
21282,100,106,-6,6
21283,82,79,3,3
21284,57,64,-7,7
21285,74,81,-7,7
21286,79,85,-6,6
21287,83,84,-1,1
21288,118,111,7,7
21289,133,152,-19,19
21290,129,123,6,6
21291,70,90,-20,20
21292,145,133,12,12
21293,149,114,35,35
21294,113,113,0,0
21295,56,71,-15,15
21296,44,49,-5,5
21297,89,101,-12,12
21298,90,95,-5,5
21299,74,73,1,1
21300,117,111,6,6
21301,65,63,2,2
21302,48,58,-10,10
21303,92,90,2,2
21304,72,77,-5,5
21305,83,79,4,4
21306,63,71,-8,8
21307,135,119,16,16
21308,147,144,3,3
21309,142,144,-2,2
21310,122,107,15,15
21311,77,75,2,2
21312,106,106,0,0
21313,65,73,-8,8
21314,70,70,0,0
21315,124,112,12,12
21316,100,96,4,4
21317,56,61,-5,5
21318,72,70,2,2
21319,83,84,-1,1
21320,66,66,0,0
21321,45,57,-12,12
21322,162,151,11,11
21323,85,91,-6,6
21324,115,115,0,0
21325,122,118,4,4
21326,72,74,-2,2
21327,68,74,-6,6
21328,65,72,-7,7
21329,84,83,1,1
21330,161,140,21,21
21331,149,134,15,15
21332,109,104,5,5
21333,57,70,-13,13
21334,85,83,2,2
21335,100,95,5,5
21336,171,131,40,40
21337,73,79,-6,6
21338,78,85,-7,7
21339,67,82,-15,15
21340,122,127,-5,5
21341,84,79,5,5
21342,171,148,23,23
21343,87,85,2,2
21344,140,121,19,19
21345,86,95,-9,9
21346,85,92,-7,7
21347,50,53,-3,3
21348,78,81,-3,3
21349,67,65,2,2
21350,81,80,1,1
21351,75,79,-4,4
21352,91,93,-2,2
21353,119,115,4,4
21354,138,133,5,5
21355,58,65,-7,7
21356,137,125,12,12
21357,88,97,-9,9
21358,122,114,8,8
21359,106,100,6,6
21360,101,105,-4,4
21361,88,89,-1,1
21362,83,77,6,6
21363,80,83,-3,3
21364,111,110,1,1
21365,183,167,16,16
21366,73,77,-4,4
21367,97,93,4,4
21368,55,67,-12,12
21369,116,121,-5,5
21370,78,82,-4,4
21371,99,99,0,0
21372,141,127,14,14
21373,56,60,-4,4
21374,65,68,-3,3
21375,72,73,-1,1
21376,99,75,24,24
21377,96,88,8,8
21378,69,78,-9,9
21379,94,106,-12,12
21380,98,88,10,10
21381,55,67,-12,12
21382,107,106,1,1
21383,68,68,0,0
21384,84,86,-2,2
21385,65,69,-4,4
21386,177,146,31,31
21387,62,64,-2,2
21388,182,157,25,25
21389,72,58,14,14
21390,151,141,10,10
21391,80,79,1,1
21392,122,124,-2,2
21393,136,118,18,18
21394,141,134,7,7
21395,88,86,2,2
21396,88,83,5,5
21397,127,121,6,6
21398,92,97,-5,5
21399,74,72,2,2
21400,111,106,5,5
21401,204,187,17,17
21402,111,105,6,6
21403,59,60,-1,1
21404,129,111,18,18
21405,107,103,4,4
21406,104,99,5,5
21407,76,81,-5,5
21408,113,117,-4,4
21409,110,106,4,4
21410,69,68,1,1
21411,67,73,-6,6
21412,85,83,2,2
21413,94,94,0,0
21414,93,87,6,6
21415,90,93,-3,3
21416,61,55,6,6
21417,56,55,1,1
21418,114,106,8,8
21419,71,71,0,0
21420,86,89,-3,3
21421,114,115,-1,1
21422,50,57,-7,7
21423,155,142,13,13
21424,108,115,-7,7
21425,104,88,16,16
21426,89,86,3,3
21427,75,77,-2,2
21428,149,142,7,7
21429,94,88,6,6
21430,63,80,-17,17
21431,127,133,-6,6
21432,103,103,0,0
21433,90,85,5,5
21434,64,71,-7,7
21435,144,129,15,15
21436,119,109,10,10
21437,45,60,-15,15
21438,78,75,3,3
21439,45,61,-16,16
21440,113,113,0,0
21441,89,93,-4,4
21442,122,121,1,1
21443,93,91,2,2
21444,54,63,-9,9
21445,89,82,7,7
21446,85,85,0,0
21447,101,97,4,4
21448,132,137,-5,5
21449,47,47,0,0
21450,83,83,0,0
21451,89,82,7,7
21452,77,74,3,3
21453,150,130,20,20
21454,130,113,17,17
21455,85,87,-2,2
21456,114,107,7,7
21457,155,145,10,10
21458,63,64,-1,1
21459,94,98,-4,4
21460,42,44,-2,2
21461,138,135,3,3
21462,78,84,-6,6
21463,79,81,-2,2
21464,95,95,0,0
21465,80,76,4,4
21466,80,92,-12,12
21467,39,51,-12,12
21468,143,128,15,15
21469,88,87,1,1
21470,47,58,-11,11
21471,70,72,-2,2
21472,174,156,18,18
21473,148,137,11,11
21474,185,147,38,38
21475,122,128,-6,6
21476,138,130,8,8
21477,99,95,4,4
21478,50,61,-11,11
21479,104,96,8,8
21480,69,73,-4,4
21481,127,118,9,9
21482,59,70,-11,11
21483,89,88,1,1
21484,81,83,-2,2
21485,64,76,-12,12
21486,124,121,3,3
21487,75,85,-10,10
21488,102,98,4,4
21489,156,140,16,16
21490,81,83,-2,2
21491,90,86,4,4
21492,58,78,-20,20
21493,153,134,19,19
21494,100,95,5,5
21495,133,119,14,14
21496,133,121,12,12
21497,68,77,-9,9
21498,104,100,4,4
21499,74,74,0,0
21500,138,124,14,14
21501,83,85,-2,2
21502,125,134,-9,9
21503,98,100,-2,2
21504,92,91,1,1
21505,39,48,-9,9
21506,93,90,3,3
21507,47,62,-15,15
21508,72,79,-7,7
21509,138,126,12,12
21510,81,85,-4,4
21511,102,103,-1,1
21512,146,136,10,10
21513,80,78,2,2
21514,76,75,1,1
21515,130,135,-5,5
21516,138,124,14,14
21517,69,78,-9,9
21518,134,117,17,17
21519,73,79,-6,6
21520,55,67,-12,12
21521,68,75,-7,7
21522,78,91,-13,13
21523,85,83,2,2
21524,118,113,5,5
21525,80,81,-1,1
21526,153,151,2,2
21527,81,71,10,10
21528,85,87,-2,2
21529,117,114,3,3
21530,126,123,3,3
21531,34,39,-5,5
21532,72,71,1,1
21533,138,127,11,11
21534,82,86,-4,4
21535,113,114,-1,1
21536,63,72,-9,9
21537,80,71,9,9
21538,67,71,-4,4
21539,117,125,-8,8
21540,120,111,9,9
21541,75,73,2,2
21542,117,111,6,6
21543,103,107,-4,4
21544,149,150,-1,1
21545,169,160,9,9
21546,85,99,-14,14
21547,91,88,3,3
21548,121,122,-1,1
21549,95,107,-12,12
21550,123,125,-2,2
21551,36,52,-16,16
21552,71,75,-4,4
21553,106,102,4,4
21554,101,90,11,11
21555,60,75,-15,15
21556,68,71,-3,3
21557,76,77,-1,1
21558,91,87,4,4
21559,84,85,-1,1
21560,97,102,-5,5
21561,75,86,-11,11
21562,44,50,-6,6
21563,78,68,10,10
21564,55,61,-6,6
21565,106,110,-4,4
21566,125,118,7,7
21567,185,159,26,26
21568,148,163,-15,15
21569,156,140,16,16
21570,128,119,9,9
21571,96,93,3,3
21572,99,92,7,7
21573,63,74,-11,11
21574,78,87,-9,9
21575,162,133,29,29
21576,75,79,-4,4
21577,103,98,5,5
21578,110,103,7,7
21579,116,109,7,7
21580,51,62,-11,11
21581,126,119,7,7
21582,37,53,-16,16
21583,109,105,4,4
21584,115,115,0,0
21585,70,71,-1,1
21586,94,102,-8,8
21587,113,108,5,5
21588,91,90,1,1
21589,71,74,-3,3
21590,55,61,-6,6
21591,63,76,-13,13
21592,59,63,-4,4
21593,81,80,1,1
21594,135,131,4,4
21595,95,91,4,4
21596,67,76,-9,9
21597,80,83,-3,3
21598,73,86,-13,13
21599,98,90,8,8
21600,104,97,7,7
21601,63,60,3,3
21602,60,60,0,0
21603,117,111,6,6
21604,60,64,-4,4
21605,127,121,6,6
21606,121,103,18,18
21607,118,115,3,3
21608,80,81,-1,1
21609,77,79,-2,2
21610,104,101,3,3
21611,182,192,-10,10
21612,90,92,-2,2
21613,49,54,-5,5
21614,86,86,0,0
21615,88,88,0,0
21616,114,103,11,11
21617,56,59,-3,3
21618,66,65,1,1
21619,68,80,-12,12
21620,88,88,0,0
21621,45,71,-26,26
21622,231,204,27,27
21623,136,124,12,12
21624,69,72,-3,3
21625,123,128,-5,5
21626,60,63,-3,3
21627,72,73,-1,1
21628,84,89,-5,5
21629,123,123,0,0
21630,58,76,-18,18
21631,58,62,-4,4
21632,71,74,-3,3
21633,97,92,5,5
21634,61,65,-4,4
21635,57,66,-9,9
21636,172,156,16,16
21637,62,70,-8,8
21638,112,113,-1,1
21639,126,120,6,6
21640,85,86,-1,1
21641,105,114,-9,9
21642,100,103,-3,3
21643,117,126,-9,9
21644,76,88,-12,12
21645,85,87,-2,2
21646,187,153,34,34
21647,145,134,11,11
21648,64,79,-15,15
21649,107,101,6,6
21650,140,133,7,7
21651,46,57,-11,11
21652,63,63,0,0
21653,93,91,2,2
21654,111,110,1,1
21655,60,66,-6,6
21656,120,114,6,6
21657,67,75,-8,8
21658,157,142,15,15
21659,133,127,6,6
21660,112,115,-3,3
21661,119,128,-9,9
21662,86,85,1,1
21663,128,127,1,1
21664,109,102,7,7
21665,133,123,10,10
21666,62,65,-3,3
21667,167,149,18,18
21668,122,110,12,12
21669,42,47,-5,5
21670,66,69,-3,3
21671,110,106,4,4
21672,84,96,-12,12
21673,115,109,6,6
21674,174,154,20,20
21675,85,88,-3,3
21676,100,97,3,3
21677,56,65,-9,9
21678,72,73,-1,1
21679,87,91,-4,4
21680,70,87,-17,17
21681,76,79,-3,3
21682,89,86,3,3
21683,69,70,-1,1
21684,175,151,24,24
21685,191,162,29,29
21686,66,67,-1,1
21687,145,136,9,9
21688,127,113,14,14
21689,54,54,0,0
21690,70,69,1,1
21691,67,68,-1,1
21692,77,78,-1,1
21693,119,125,-6,6
21694,38,54,-16,16
21695,77,80,-3,3
21696,49,54,-5,5
21697,63,79,-16,16
21698,40,45,-5,5
21699,69,88,-19,19
21700,35,46,-11,11
21701,93,89,4,4
21702,61,79,-18,18
21703,50,55,-5,5
21704,113,114,-1,1
21705,123,109,14,14
21706,75,79,-4,4
21707,94,89,5,5
21708,71,78,-7,7
21709,114,116,-2,2
21710,68,66,2,2
21711,129,130,-1,1
21712,61,55,6,6
21713,92,86,6,6
21714,76,72,4,4
21715,106,94,12,12
21716,123,115,8,8
21717,89,89,0,0
21718,88,91,-3,3
21719,48,59,-11,11
21720,87,90,-3,3
21721,53,63,-10,10
21722,120,109,11,11
21723,105,108,-3,3
21724,117,108,9,9
21725,128,117,11,11
21726,173,151,22,22
21727,85,86,-1,1
21728,97,90,7,7
21729,101,96,5,5
21730,67,72,-5,5
21731,71,77,-6,6
21732,89,84,5,5
21733,85,91,-6,6
21734,83,84,-1,1
21735,78,78,0,0
21736,76,77,-1,1
21737,115,110,5,5
21738,68,69,-1,1
21739,75,76,-1,1
21740,106,96,10,10
21741,76,74,2,2
21742,123,115,8,8
21743,82,86,-4,4
21744,82,86,-4,4
21745,162,149,13,13
21746,64,74,-10,10
21747,66,59,7,7
21748,48,51,-3,3
21749,86,96,-10,10
21750,59,69,-10,10
21751,118,111,7,7
21752,75,78,-3,3
21753,138,122,16,16
21754,50,56,-6,6
21755,96,85,11,11
21756,68,73,-5,5
21757,83,85,-2,2
21758,93,108,-15,15
21759,78,84,-6,6
21760,45,49,-4,4
21761,85,86,-1,1
21762,123,112,11,11
21763,42,55,-13,13
21764,84,84,0,0
21765,123,116,7,7
21766,45,59,-14,14
21767,88,89,-1,1
21768,85,87,-2,2
21769,79,71,8,8
21770,75,78,-3,3
21771,125,120,5,5
21772,33,48,-15,15
21773,84,89,-5,5
21774,117,119,-2,2
21775,79,81,-2,2
21776,190,174,16,16
21777,112,111,1,1
21778,86,88,-2,2
21779,115,106,9,9
21780,74,74,0,0
21781,85,88,-3,3
21782,28,31,-3,3
21783,45,54,-9,9
21784,115,108,7,7
21785,92,86,6,6
21786,78,77,1,1
21787,129,122,7,7
21788,119,110,9,9
21789,78,77,1,1
21790,78,66,12,12
21791,211,182,29,29
21792,95,101,-6,6
21793,101,98,3,3
21794,163,144,19,19
21795,168,149,19,19
21796,109,106,3,3
21797,98,103,-5,5
21798,61,65,-4,4
21799,131,129,2,2
21800,74,76,-2,2
21801,66,77,-11,11
21802,130,119,11,11
21803,71,72,-1,1
21804,135,133,2,2
21805,88,85,3,3
21806,150,160,-10,10
21807,152,129,23,23
21808,117,98,19,19
21809,133,128,5,5
21810,77,82,-5,5
21811,75,71,4,4
21812,63,65,-2,2
21813,73,74,-1,1
21814,72,74,-2,2
21815,62,77,-15,15
21816,98,101,-3,3
21817,103,96,7,7
21818,167,173,-6,6
21819,73,81,-8,8
21820,68,69,-1,1
21821,104,103,1,1
21822,96,98,-2,2
21823,165,153,12,12
21824,128,125,3,3
21825,147,135,12,12
21826,139,134,5,5
21827,156,137,19,19
21828,86,90,-4,4
21829,78,80,-2,2
21830,78,75,3,3
21831,89,85,4,4
21832,115,105,10,10
21833,122,116,6,6
21834,47,60,-13,13
21835,60,77,-17,17
21836,87,98,-11,11
21837,77,80,-3,3
21838,115,101,14,14
21839,105,91,14,14
21840,120,116,4,4
21841,95,92,3,3
21842,103,97,6,6
21843,57,65,-8,8
21844,132,119,13,13
21845,118,106,12,12
21846,134,114,20,20
21847,85,95,-10,10
21848,130,132,-2,2
21849,107,113,-6,6
21850,112,107,5,5
21851,63,67,-4,4
21852,176,157,19,19
21853,83,82,1,1
21854,88,100,-12,12
21855,141,122,19,19
21856,121,114,7,7
21857,119,109,10,10
21858,51,61,-10,10
21859,60,70,-10,10
21860,103,88,15,15
21861,122,112,10,10
21862,79,82,-3,3
21863,103,95,8,8
21864,86,85,1,1
21865,58,70,-12,12
21866,103,103,0,0
21867,89,83,6,6
21868,94,88,6,6
21869,115,114,1,1
21870,151,160,-9,9
21871,97,95,2,2
21872,88,86,2,2
21873,78,79,-1,1
21874,79,78,1,1
21875,51,50,1,1
21876,77,90,-13,13
21877,98,87,11,11
21878,160,134,26,26
21879,114,112,2,2
21880,95,100,-5,5
21881,77,82,-5,5
21882,75,80,-5,5
21883,142,130,12,12
21884,72,77,-5,5
21885,150,132,18,18
21886,67,77,-10,10
21887,104,105,-1,1
21888,95,98,-3,3
21889,116,108,8,8
21890,43,77,-34,34
21891,98,99,-1,1
21892,85,77,8,8
21893,93,88,5,5
21894,106,103,3,3
21895,99,100,-1,1
21896,179,158,21,21
21897,61,80,-19,19
21898,77,81,-4,4
21899,64,71,-7,7
21900,90,93,-3,3
21901,106,112,-6,6
21902,67,68,-1,1
21903,102,97,5,5
21904,94,56,38,38
21905,92,89,3,3
21906,81,78,3,3
21907,84,81,3,3
21908,131,132,-1,1
21909,96,97,-1,1
21910,89,87,2,2
21911,107,101,6,6
21912,73,79,-6,6
21913,81,76,5,5
21914,69,80,-11,11
21915,73,79,-6,6
21916,150,146,4,4
21917,115,103,12,12
21918,90,85,5,5
21919,63,78,-15,15
21920,138,122,16,16
21921,125,126,-1,1
21922,111,106,5,5
21923,124,110,14,14
21924,37,48,-11,11
21925,114,113,1,1
21926,67,73,-6,6
21927,116,112,4,4
21928,134,137,-3,3
21929,58,66,-8,8
21930,75,75,0,0
21931,119,113,6,6
21932,94,87,7,7
21933,72,72,0,0
21934,144,136,8,8
21935,86,87,-1,1
21936,112,108,4,4
21937,57,60,-3,3
21938,121,125,-4,4
21939,118,112,6,6
21940,79,80,-1,1
21941,53,56,-3,3
21942,61,57,4,4
21943,90,100,-10,10
21944,114,115,-1,1
21945,101,102,-1,1
21946,180,165,15,15
21947,136,144,-8,8
21948,100,100,0,0
21949,107,106,1,1
21950,95,101,-6,6
21951,75,79,-4,4
21952,86,93,-7,7
21953,71,82,-11,11
21954,126,123,3,3
21955,125,119,6,6
21956,162,147,15,15
21957,71,77,-6,6
21958,60,62,-2,2
21959,118,121,-3,3
21960,104,81,23,23
21961,117,110,7,7
21962,144,129,15,15
21963,78,83,-5,5
21964,95,94,1,1
21965,157,133,24,24
21966,70,75,-5,5
21967,68,73,-5,5
21968,125,118,7,7
21969,111,92,19,19
21970,112,104,8,8
21971,118,103,15,15
21972,71,68,3,3
21973,126,109,17,17
21974,96,93,3,3
21975,59,75,-16,16
21976,82,90,-8,8
21977,101,106,-5,5
21978,80,85,-5,5
21979,61,62,-1,1
21980,89,95,-6,6
21981,107,93,14,14
21982,55,61,-6,6
21983,99,95,4,4
21984,131,132,-1,1
21985,80,78,2,2
21986,110,93,17,17
21987,94,95,-1,1
21988,32,27,5,5
21989,105,104,1,1
21990,103,105,-2,2
21991,152,147,5,5
21992,136,118,18,18
21993,78,74,4,4
21994,68,69,-1,1
21995,68,80,-12,12
21996,36,38,-2,2
21997,111,113,-2,2
21998,64,62,2,2
21999,70,76,-6,6
22000,89,87,2,2
22001,103,100,3,3
22002,79,82,-3,3
22003,175,164,11,11
22004,103,108,-5,5
22005,84,80,4,4
22006,79,78,1,1
22007,93,96,-3,3
22008,124,119,5,5
22009,106,107,-1,1
22010,144,124,20,20
22011,100,96,4,4
22012,70,77,-7,7
22013,122,125,-3,3
22014,101,101,0,0
22015,125,118,7,7
22016,94,90,4,4
22017,134,138,-4,4
22018,69,76,-7,7
22019,119,106,13,13
22020,106,98,8,8
22021,122,120,2,2
22022,54,60,-6,6
22023,89,88,1,1
22024,76,91,-15,15
22025,86,85,1,1
22026,144,126,18,18
22027,93,82,11,11
22028,105,107,-2,2
22029,101,102,-1,1
22030,81,90,-9,9
22031,85,85,0,0
22032,157,132,25,25
22033,112,117,-5,5
22034,76,80,-4,4
22035,85,92,-7,7
22036,141,118,23,23
22037,87,92,-5,5
22038,71,82,-11,11
22039,104,107,-3,3
22040,73,81,-8,8
22041,143,130,13,13
22042,92,100,-8,8
22043,80,87,-7,7
22044,98,103,-5,5
22045,80,75,5,5
22046,54,64,-10,10
22047,134,140,-6,6
22048,70,71,-1,1
22049,114,113,1,1
22050,80,73,7,7
22051,90,85,5,5
22052,82,90,-8,8
22053,103,99,4,4
22054,82,81,1,1
22055,92,89,3,3
22056,82,83,-1,1
22057,66,74,-8,8
22058,124,152,-28,28
22059,61,71,-10,10
22060,63,74,-11,11
22061,91,95,-4,4
22062,72,75,-3,3
22063,54,70,-16,16
22064,87,84,3,3
22065,104,110,-6,6
22066,61,69,-8,8
22067,125,108,17,17
22068,129,130,-1,1
22069,33,48,-15,15
22070,97,100,-3,3
22071,73,89,-16,16
22072,154,134,20,20
22073,74,73,1,1
22074,125,122,3,3
22075,54,60,-6,6
22076,68,77,-9,9
22077,91,87,4,4
22078,68,73,-5,5
22079,92,104,-12,12
22080,117,103,14,14
22081,98,108,-10,10
22082,124,109,15,15
22083,71,78,-7,7
22084,66,70,-4,4
22085,37,49,-12,12
22086,108,103,5,5
22087,59,61,-2,2
22088,84,84,0,0
22089,162,138,24,24
22090,108,111,-3,3
22091,120,111,9,9
22092,102,108,-6,6
22093,68,84,-16,16
22094,146,125,21,21
22095,116,116,0,0
22096,66,75,-9,9
22097,67,72,-5,5
22098,46,62,-16,16
22099,92,85,7,7
22100,150,129,21,21
22101,58,55,3,3
22102,103,108,-5,5
22103,112,100,12,12
22104,90,101,-11,11
22105,98,96,2,2
22106,54,66,-12,12
22107,76,80,-4,4
22108,77,85,-8,8
22109,111,107,4,4
22110,118,120,-2,2
22111,125,117,8,8
22112,94,102,-8,8
22113,73,77,-4,4
22114,173,160,13,13
22115,155,149,6,6
22116,120,125,-5,5
22117,86,78,8,8
22118,115,109,6,6
22119,149,133,16,16
22120,68,86,-18,18
22121,130,109,21,21
22122,65,75,-10,10
22123,63,57,6,6
22124,39,47,-8,8
22125,82,80,2,2
22126,74,70,4,4
22127,57,75,-18,18
22128,105,110,-5,5
22129,106,105,1,1
22130,126,142,-16,16
22131,113,107,6,6
22132,109,108,1,1
22133,95,100,-5,5
22134,86,77,9,9
22135,99,95,4,4
22136,65,81,-16,16
22137,70,75,-5,5
22138,66,68,-2,2
22139,45,47,-2,2
22140,77,79,-2,2
22141,50,59,-9,9
22142,105,105,0,0
22143,101,109,-8,8
22144,62,73,-11,11
22145,82,94,-12,12
22146,69,66,3,3
22147,122,132,-10,10
22148,147,138,9,9
22149,220,210,10,10
22150,69,72,-3,3
22151,93,89,4,4
22152,111,106,5,5
22153,152,143,9,9
22154,124,123,1,1
22155,43,48,-5,5
22156,112,98,14,14
22157,83,82,1,1
22158,140,130,10,10
22159,110,106,4,4
22160,71,83,-12,12
22161,96,109,-13,13
22162,148,145,3,3
22163,53,48,5,5
22164,120,108,12,12
22165,188,173,15,15
22166,29,41,-12,12
22167,117,110,7,7
22168,104,100,4,4
22169,81,80,1,1
22170,124,124,0,0
22171,103,113,-10,10
22172,139,134,5,5
22173,79,73,6,6
22174,133,122,11,11
22175,112,112,0,0
22176,99,108,-9,9
22177,101,99,2,2
22178,75,70,5,5
22179,110,106,4,4
22180,121,116,5,5
22181,110,110,0,0
22182,68,84,-16,16
22183,99,92,7,7
22184,67,76,-9,9
22185,72,81,-9,9
22186,151,130,21,21
22187,87,93,-6,6
22188,83,83,0,0
22189,58,72,-14,14
22190,56,60,-4,4
22191,72,72,0,0
22192,91,86,5,5
22193,61,63,-2,2
22194,95,82,13,13
22195,101,92,9,9
22196,98,90,8,8
22197,128,129,-1,1
22198,183,163,20,20
22199,68,76,-8,8
22200,97,95,2,2
22201,74,78,-4,4
22202,127,125,2,2
22203,91,87,4,4
22204,95,91,4,4
22205,83,83,0,0
22206,130,123,7,7
22207,143,86,57,57
22208,68,74,-6,6
22209,72,73,-1,1
22210,81,84,-3,3
22211,63,71,-8,8
22212,92,86,6,6
22213,70,83,-13,13
22214,114,117,-3,3
22215,119,103,16,16
22216,130,126,4,4
22217,94,98,-4,4
22218,104,106,-2,2
22219,99,103,-4,4
22220,55,70,-15,15
22221,111,110,1,1
22222,101,90,11,11
22223,86,86,0,0
22224,89,90,-1,1
22225,91,109,-18,18
22226,140,135,5,5
22227,74,80,-6,6
22228,82,85,-3,3
22229,103,87,16,16
22230,104,91,13,13
22231,75,85,-10,10
22232,92,102,-10,10
22233,53,62,-9,9
22234,74,84,-10,10
22235,38,42,-4,4
22236,141,130,11,11
22237,91,101,-10,10
22238,97,91,6,6
22239,115,108,7,7
22240,141,136,5,5
22241,72,82,-10,10
22242,87,90,-3,3
22243,114,111,3,3
22244,96,89,7,7
22245,68,84,-16,16
22246,123,124,-1,1
22247,91,88,3,3
22248,91,85,6,6
22249,116,118,-2,2
22250,49,76,-27,27
22251,57,64,-7,7
22252,124,122,2,2
22253,88,100,-12,12
22254,129,123,6,6
22255,55,59,-4,4
22256,188,161,27,27
22257,64,71,-7,7
22258,71,75,-4,4
22259,45,50,-5,5
22260,93,104,-11,11
22261,68,72,-4,4
22262,161,161,0,0
22263,69,82,-13,13
22264,113,113,0,0
22265,74,86,-12,12
22266,58,66,-8,8
22267,149,144,5,5
22268,49,55,-6,6
22269,96,94,2,2
22270,122,112,10,10
22271,92,84,8,8
22272,124,124,0,0
22273,93,94,-1,1
22274,149,144,5,5
22275,179,159,20,20
22276,147,141,6,6
22277,121,118,3,3
22278,62,64,-2,2
22279,50,56,-6,6
22280,54,56,-2,2
22281,104,96,8,8
22282,73,74,-1,1
22283,101,106,-5,5
22284,71,81,-10,10
22285,90,89,1,1
22286,71,74,-3,3
22287,72,77,-5,5
22288,61,86,-25,25
22289,65,65,0,0
22290,81,82,-1,1
22291,37,57,-20,20
22292,65,75,-10,10
22293,128,118,10,10
22294,55,84,-29,29
22295,55,69,-14,14
22296,131,114,17,17
22297,67,62,5,5
22298,138,132,6,6
22299,66,70,-4,4
22300,62,66,-4,4
22301,187,169,18,18
22302,127,115,12,12
22303,105,106,-1,1
22304,78,78,0,0
22305,94,93,1,1
22306,94,91,3,3
22307,108,107,1,1
22308,135,124,11,11
22309,78,77,1,1
22310,87,88,-1,1
22311,59,62,-3,3
22312,134,142,-8,8
22313,89,87,2,2
22314,79,86,-7,7
22315,27,47,-20,20
22316,74,71,3,3
22317,56,65,-9,9
22318,121,123,-2,2
22319,88,92,-4,4
22320,145,144,1,1
22321,99,104,-5,5
22322,127,115,12,12
22323,85,86,-1,1
22324,91,81,10,10
22325,184,175,9,9
22326,76,75,1,1
22327,86,91,-5,5
22328,88,82,6,6
22329,156,143,13,13
22330,106,106,0,0
22331,102,95,7,7
22332,106,102,4,4
22333,87,88,-1,1
22334,60,69,-9,9
22335,82,82,0,0
22336,112,104,8,8
22337,118,119,-1,1
22338,75,70,5,5
22339,94,100,-6,6
22340,57,66,-9,9
22341,96,94,2,2
22342,67,69,-2,2
22343,78,89,-11,11
22344,114,104,10,10
22345,70,72,-2,2
22346,60,69,-9,9
22347,91,89,2,2
22348,86,81,5,5
22349,84,86,-2,2
22350,75,77,-2,2
22351,133,135,-2,2
22352,193,164,29,29
22353,68,73,-5,5
22354,139,130,9,9
22355,57,78,-21,21
22356,110,111,-1,1
22357,83,95,-12,12
22358,159,130,29,29
22359,110,106,4,4
22360,150,129,21,21
22361,95,103,-8,8
22362,139,122,17,17
22363,72,71,1,1
22364,147,131,16,16
22365,89,85,4,4
22366,136,131,5,5
22367,47,48,-1,1
22368,158,149,9,9
22369,111,114,-3,3
22370,99,92,7,7
22371,112,106,6,6
22372,82,89,-7,7
22373,38,44,-6,6
22374,82,80,2,2
22375,80,84,-4,4
22376,119,106,13,13
22377,68,78,-10,10
22378,117,114,3,3
22379,76,76,0,0
22380,94,94,0,0
22381,68,75,-7,7
22382,49,51,-2,2
22383,59,65,-6,6
22384,135,135,0,0
22385,111,109,2,2
22386,102,92,10,10
22387,118,119,-1,1
22388,90,89,1,1
22389,62,71,-9,9
22390,104,96,8,8
22391,120,111,9,9
22392,105,105,0,0
22393,131,125,6,6
22394,103,110,-7,7
22395,117,112,5,5
22396,92,91,1,1
22397,70,74,-4,4
22398,108,109,-1,1
22399,71,73,-2,2
22400,58,69,-11,11
22401,91,77,14,14
22402,98,92,6,6
22403,40,57,-17,17
22404,92,85,7,7
22405,100,105,-5,5
22406,138,139,-1,1
22407,132,116,16,16
22408,101,107,-6,6
22409,71,79,-8,8
22410,86,82,4,4
22411,107,102,5,5
22412,85,85,0,0
22413,68,74,-6,6
22414,80,84,-4,4
22415,125,117,8,8
22416,99,91,8,8
22417,122,112,10,10
22418,190,161,29,29
22419,109,93,16,16
22420,83,76,7,7
22421,121,132,-11,11
22422,79,93,-14,14
22423,142,150,-8,8
22424,63,67,-4,4
22425,66,71,-5,5
22426,114,100,14,14
22427,80,79,1,1
22428,72,72,0,0
22429,190,173,17,17
22430,91,89,2,2
22431,152,139,13,13
22432,74,67,7,7
22433,88,92,-4,4
22434,181,174,7,7
22435,118,115,3,3
22436,131,121,10,10
22437,64,106,-42,42
22438,86,86,0,0
22439,74,86,-12,12
22440,79,80,-1,1
22441,99,97,2,2
22442,169,158,11,11
22443,68,65,3,3
22444,79,81,-2,2
22445,181,154,27,27
22446,119,107,12,12
22447,120,112,8,8
22448,67,78,-11,11
22449,67,81,-14,14
22450,76,76,0,0
22451,87,84,3,3
22452,91,101,-10,10
22453,161,143,18,18
22454,58,64,-6,6
22455,57,68,-11,11
22456,95,96,-1,1
22457,63,72,-9,9
22458,64,69,-5,5
22459,55,63,-8,8
22460,136,141,-5,5
22461,107,104,3,3
22462,83,92,-9,9
22463,52,68,-16,16
22464,127,135,-8,8
22465,90,94,-4,4
22466,141,129,12,12
22467,87,94,-7,7
22468,99,101,-2,2
22469,67,71,-4,4
22470,79,82,-3,3
22471,102,100,2,2
22472,168,162,6,6
22473,154,144,10,10
22474,118,113,5,5
22475,68,82,-14,14
22476,109,107,2,2
22477,41,49,-8,8
22478,65,74,-9,9
22479,108,103,5,5
22480,26,38,-12,12
22481,99,105,-6,6
22482,137,133,4,4
22483,180,165,15,15
22484,223,169,54,54
22485,103,102,1,1
22486,91,90,1,1
22487,120,109,11,11
22488,73,75,-2,2
22489,69,80,-11,11
22490,76,85,-9,9
22491,73,68,5,5
22492,41,45,-4,4
22493,143,144,-1,1
22494,121,132,-11,11
22495,97,107,-10,10
22496,86,93,-7,7
22497,80,86,-6,6
22498,105,113,-8,8
22499,111,92,19,19
22500,133,136,-3,3
22501,120,115,5,5
22502,156,156,0,0
22503,100,104,-4,4
22504,41,48,-7,7
22505,94,101,-7,7
22506,59,62,-3,3
22507,71,70,1,1
22508,68,69,-1,1
22509,102,93,9,9
22510,134,127,7,7
22511,60,57,3,3
22512,169,137,32,32
22513,80,84,-4,4
22514,126,143,-17,17
22515,146,130,16,16
22516,128,130,-2,2
22517,67,67,0,0
22518,92,100,-8,8
22519,72,76,-4,4
22520,79,81,-2,2
22521,102,93,9,9
22522,62,69,-7,7
22523,59,65,-6,6
22524,116,102,14,14
22525,96,94,2,2
22526,86,89,-3,3
22527,68,79,-11,11
22528,90,94,-4,4
22529,90,81,9,9
22530,141,129,12,12
22531,109,108,1,1
22532,51,76,-25,25
22533,107,99,8,8
22534,130,122,8,8
22535,103,102,1,1
22536,49,62,-13,13
22537,106,97,9,9
22538,87,90,-3,3
22539,68,70,-2,2
22540,88,90,-2,2
22541,79,88,-9,9
22542,104,97,7,7
22543,94,92,2,2
22544,123,113,10,10
22545,98,91,7,7
22546,123,117,6,6
22547,104,105,-1,1
22548,60,73,-13,13
22549,70,80,-10,10
22550,89,87,2,2
22551,122,110,12,12
22552,55,59,-4,4
22553,141,128,13,13
22554,80,81,-1,1
22555,97,99,-2,2
22556,126,112,14,14
22557,73,81,-8,8
22558,63,78,-15,15
22559,151,131,20,20
22560,109,103,6,6
22561,161,149,12,12
22562,80,81,-1,1
22563,126,110,16,16
22564,89,87,2,2
22565,95,89,6,6
22566,163,140,23,23
22567,121,108,13,13
22568,80,82,-2,2
22569,79,69,10,10
22570,94,89,5,5
22571,143,130,13,13
22572,95,91,4,4
22573,108,105,3,3
22574,94,98,-4,4
22575,102,95,7,7
22576,84,88,-4,4
22577,80,79,1,1
22578,135,124,11,11
22579,98,85,13,13
22580,113,114,-1,1
22581,85,97,-12,12
22582,97,93,4,4
22583,67,67,0,0
22584,135,126,9,9
22585,31,28,3,3
22586,154,143,11,11
22587,136,130,6,6
22588,35,44,-9,9
22589,145,131,14,14
22590,76,75,1,1
22591,89,92,-3,3
22592,84,94,-10,10
22593,82,97,-15,15
22594,76,77,-1,1
22595,88,90,-2,2
22596,85,79,6,6
22597,109,115,-6,6
22598,165,151,14,14
22599,88,98,-10,10
22600,54,62,-8,8
22601,93,85,8,8
22602,66,70,-4,4
22603,75,81,-6,6
22604,55,62,-7,7
22605,72,79,-7,7
22606,113,108,5,5
22607,127,121,6,6
22608,53,56,-3,3
22609,94,93,1,1
22610,90,90,0,0
22611,65,76,-11,11
22612,60,74,-14,14
22613,59,53,6,6
22614,107,102,5,5
22615,93,105,-12,12
22616,128,115,13,13
22617,55,64,-9,9
22618,93,94,-1,1
22619,79,76,3,3
22620,148,131,17,17
22621,129,124,5,5
22622,51,65,-14,14
22623,92,94,-2,2
22624,93,107,-14,14
22625,114,118,-4,4
22626,72,77,-5,5
22627,92,99,-7,7
22628,81,80,1,1
22629,69,83,-14,14
22630,93,88,5,5
22631,189,171,18,18
22632,71,75,-4,4
22633,87,88,-1,1
22634,48,85,-37,37
22635,94,90,4,4
22636,116,128,-12,12
22637,62,73,-11,11
22638,240,204,36,36
22639,104,102,2,2
22640,80,88,-8,8
22641,66,59,7,7
22642,100,95,5,5
22643,133,125,8,8
22644,103,99,4,4
22645,137,136,1,1
22646,165,145,20,20
22647,125,117,8,8
22648,86,82,4,4
22649,95,90,5,5
22650,103,114,-11,11
22651,140,121,19,19
22652,95,100,-5,5
22653,68,77,-9,9
22654,52,59,-7,7
22655,77,78,-1,1
22656,121,111,10,10
22657,107,108,-1,1
22658,98,95,3,3
22659,100,96,4,4
22660,81,83,-2,2
22661,46,51,-5,5
22662,162,153,9,9
22663,136,127,9,9
22664,85,90,-5,5
22665,83,78,5,5
22666,135,121,14,14
22667,39,38,1,1
22668,61,68,-7,7
22669,73,67,6,6
22670,87,80,7,7
22671,76,81,-5,5
22672,84,101,-17,17
22673,94,86,8,8
22674,163,158,5,5
22675,80,88,-8,8
22676,86,104,-18,18
22677,152,135,17,17
22678,100,106,-6,6
22679,75,71,4,4
22680,92,90,2,2
22681,84,86,-2,2
22682,144,133,11,11
22683,69,72,-3,3
22684,109,110,-1,1
22685,109,96,13,13
22686,88,74,14,14
22687,67,71,-4,4
22688,115,107,8,8
22689,125,129,-4,4
22690,95,97,-2,2
22691,87,86,1,1
22692,98,96,2,2
22693,83,95,-12,12
22694,101,97,4,4
22695,51,50,1,1
22696,108,104,4,4
22697,136,132,4,4
22698,208,193,15,15
22699,121,115,6,6
22700,84,82,2,2
22701,86,83,3,3
22702,148,145,3,3
22703,110,114,-4,4
22704,117,114,3,3
22705,96,97,-1,1
22706,69,73,-4,4
22707,137,129,8,8
22708,66,65,1,1
22709,89,78,11,11
22710,44,55,-11,11
22711,136,125,11,11
22712,128,113,15,15
22713,73,72,1,1
22714,155,150,5,5
22715,89,74,15,15
22716,87,78,9,9
22717,147,134,13,13
22718,64,67,-3,3
22719,37,40,-3,3
22720,122,115,7,7
22721,44,52,-8,8
22722,126,121,5,5
22723,60,73,-13,13
22724,148,139,9,9
22725,134,127,7,7
22726,87,80,7,7
22727,135,137,-2,2
22728,90,89,1,1
22729,60,61,-1,1
22730,86,79,7,7
22731,150,145,5,5
22732,59,75,-16,16
22733,111,99,12,12
22734,54,58,-4,4
22735,158,136,22,22
22736,135,114,21,21
22737,32,40,-8,8
22738,63,68,-5,5
22739,117,100,17,17
22740,83,89,-6,6
22741,54,64,-10,10
22742,151,141,10,10
22743,64,70,-6,6
22744,44,52,-8,8
22745,138,129,9,9
22746,48,65,-17,17
22747,123,111,12,12
22748,97,101,-4,4
22749,59,65,-6,6
22750,96,98,-2,2
22751,19,26,-7,7
22752,112,107,5,5
22753,131,137,-6,6
22754,153,148,5,5
22755,100,101,-1,1
22756,183,170,13,13
22757,121,111,10,10
22758,129,122,7,7
22759,93,104,-11,11
22760,89,93,-4,4
22761,92,93,-1,1
22762,81,101,-20,20
22763,133,123,10,10
22764,77,83,-6,6
22765,63,70,-7,7
22766,66,66,0,0
22767,74,84,-10,10
22768,150,146,4,4
22769,76,87,-11,11
22770,68,66,2,2
22771,73,73,0,0
22772,93,89,4,4
22773,90,79,11,11
22774,81,95,-14,14
22775,59,59,0,0
22776,160,137,23,23
22777,47,51,-4,4
22778,109,129,-20,20
22779,133,124,9,9
22780,114,116,-2,2
22781,89,82,7,7
22782,86,84,2,2
22783,95,87,8,8
22784,149,148,1,1
22785,86,83,3,3
22786,112,109,3,3
22787,61,105,-44,44
22788,32,41,-9,9
22789,141,135,6,6
22790,106,102,4,4
22791,62,72,-10,10
22792,98,100,-2,2
22793,169,135,34,34
22794,75,89,-14,14
22795,113,107,6,6
22796,69,75,-6,6
22797,54,63,-9,9
22798,72,81,-9,9
22799,140,141,-1,1
22800,86,92,-6,6
22801,106,104,2,2
22802,81,80,1,1
22803,109,103,6,6
22804,120,103,17,17
22805,103,93,10,10
22806,201,168,33,33
22807,115,129,-14,14
22808,94,84,10,10
22809,110,120,-10,10
22810,90,90,0,0
22811,117,108,9,9
22812,80,76,4,4
22813,136,127,9,9
22814,95,97,-2,2
22815,121,105,16,16
22816,38,43,-5,5
22817,100,90,10,10
22818,83,89,-6,6
22819,102,100,2,2
22820,100,97,3,3
22821,67,74,-7,7
22822,88,113,-25,25
22823,68,68,0,0
22824,145,138,7,7
22825,86,84,2,2
22826,107,96,11,11
22827,85,98,-13,13
22828,102,104,-2,2
22829,132,127,5,5
22830,61,66,-5,5
22831,70,68,2,2
22832,91,94,-3,3
22833,139,134,5,5
22834,51,54,-3,3
22835,39,47,-8,8
22836,100,87,13,13
22837,93,94,-1,1
22838,89,95,-6,6
22839,92,101,-9,9
22840,35,40,-5,5
22841,93,86,7,7
22842,64,70,-6,6
22843,62,61,1,1
22844,102,85,17,17
22845,101,100,1,1
22846,93,94,-1,1
22847,63,66,-3,3
22848,88,87,1,1
22849,80,85,-5,5
22850,134,94,40,40
22851,77,80,-3,3
22852,73,78,-5,5
22853,57,67,-10,10
22854,118,91,27,27
22855,134,132,2,2
22856,127,122,5,5
22857,88,89,-1,1
22858,91,88,3,3
22859,110,108,2,2
22860,46,54,-8,8
22861,105,102,3,3
22862,103,106,-3,3
22863,108,100,8,8
22864,93,101,-8,8
22865,75,85,-10,10
22866,131,125,6,6
22867,130,128,2,2
22868,89,90,-1,1
22869,49,104,-55,55
22870,120,119,1,1
22871,151,153,-2,2
22872,92,89,3,3
22873,77,85,-8,8
22874,126,128,-2,2
22875,100,100,0,0
22876,54,60,-6,6
22877,110,101,9,9
22878,133,128,5,5
22879,119,120,-1,1
22880,126,116,10,10
22881,42,49,-7,7
22882,63,71,-8,8
22883,170,161,9,9
22884,68,85,-17,17
22885,114,105,9,9
22886,115,104,11,11
22887,64,74,-10,10
22888,90,91,-1,1
22889,126,111,15,15
22890,72,88,-16,16
22891,116,130,-14,14
22892,151,148,3,3
22893,98,84,14,14
22894,135,124,11,11
22895,132,116,16,16
22896,166,146,20,20
22897,109,104,5,5
22898,73,71,2,2
22899,43,52,-9,9
22900,60,64,-4,4
22901,95,100,-5,5
22902,185,161,24,24
22903,116,112,4,4
22904,120,116,4,4
22905,117,109,8,8
22906,80,86,-6,6
22907,54,62,-8,8
22908,94,94,0,0
22909,104,106,-2,2
22910,167,166,1,1
22911,183,168,15,15
22912,125,127,-2,2
22913,67,71,-4,4
22914,127,111,16,16
22915,108,105,3,3
22916,110,106,4,4
22917,72,76,-4,4
22918,76,80,-4,4
22919,60,60,0,0
22920,127,111,16,16
22921,60,59,1,1
22922,117,111,6,6
22923,62,70,-8,8
22924,98,91,7,7
22925,64,70,-6,6
22926,90,88,2,2
22927,155,146,9,9
22928,69,72,-3,3
22929,91,86,5,5
22930,91,86,5,5
22931,97,92,5,5
22932,116,105,11,11
22933,100,101,-1,1
22934,81,86,-5,5
22935,77,76,1,1
22936,46,45,1,1
22937,86,99,-13,13
22938,98,93,5,5
22939,128,103,25,25
22940,53,60,-7,7
22941,86,87,-1,1
22942,106,107,-1,1
22943,118,111,7,7
22944,132,130,2,2
22945,179,169,10,10
22946,72,73,-1,1
22947,57,60,-3,3
22948,159,150,9,9
22949,56,68,-12,12
22950,90,102,-12,12
22951,84,87,-3,3
22952,120,121,-1,1
22953,99,88,11,11
22954,121,109,12,12
22955,96,97,-1,1
22956,46,61,-15,15
22957,84,92,-8,8
22958,79,82,-3,3
22959,165,149,16,16
22960,72,79,-7,7
22961,75,77,-2,2
22962,116,114,2,2
22963,117,118,-1,1
22964,95,89,6,6
22965,138,134,4,4
22966,64,70,-6,6
22967,70,76,-6,6
22968,51,56,-5,5
22969,74,84,-10,10
22970,105,104,1,1
22971,137,132,5,5
22972,93,90,3,3
22973,72,80,-8,8
22974,83,78,5,5
22975,113,105,8,8
22976,97,95,2,2
22977,76,78,-2,2
22978,65,69,-4,4
22979,159,144,15,15
22980,72,74,-2,2
22981,127,115,12,12
22982,94,91,3,3
22983,83,84,-1,1
22984,84,89,-5,5
22985,60,67,-7,7
22986,100,103,-3,3
22987,108,108,0,0
22988,118,111,7,7
22989,76,80,-4,4
22990,87,83,4,4
22991,50,57,-7,7
22992,38,45,-7,7
22993,146,126,20,20
22994,114,110,4,4
22995,52,57,-5,5
22996,84,88,-4,4
22997,122,124,-2,2
22998,102,97,5,5
22999,181,159,22,22
23000,98,89,9,9
23001,39,50,-11,11
23002,84,74,10,10
23003,145,111,34,34
23004,124,125,-1,1
23005,110,115,-5,5
23006,57,63,-6,6
23007,88,85,3,3
23008,64,66,-2,2
23009,195,173,22,22
23010,131,131,0,0
23011,124,119,5,5
23012,79,94,-15,15
23013,66,69,-3,3
23014,100,105,-5,5
23015,82,80,2,2
23016,81,87,-6,6
23017,85,81,4,4
23018,192,179,13,13
23019,112,110,2,2
23020,166,149,17,17
23021,101,98,3,3
23022,82,78,4,4
23023,89,77,12,12
23024,94,86,8,8
23025,79,89,-10,10
23026,108,113,-5,5
23027,117,108,9,9
23028,123,114,9,9
23029,81,80,1,1
23030,87,81,6,6
23031,66,68,-2,2
23032,35,43,-8,8
23033,102,94,8,8
23034,145,128,17,17
23035,62,65,-3,3
23036,121,110,11,11
23037,69,70,-1,1
23038,142,127,15,15
23039,74,71,3,3
23040,92,88,4,4
23041,63,63,0,0
23042,71,79,-8,8
23043,148,128,20,20
23044,72,83,-11,11
23045,75,80,-5,5
23046,118,117,1,1
23047,103,107,-4,4
23048,136,117,19,19
23049,126,126,0,0
23050,93,101,-8,8
23051,101,101,0,0
23052,133,121,12,12
23053,83,88,-5,5
23054,91,92,-1,1
23055,52,52,0,0
23056,100,99,1,1
23057,88,87,1,1
23058,80,89,-9,9
23059,83,93,-10,10
23060,90,88,2,2
23061,69,98,-29,29
23062,85,77,8,8
23063,107,96,11,11
23064,103,95,8,8
23065,60,67,-7,7
23066,152,146,6,6
23067,40,47,-7,7
23068,87,87,0,0
23069,78,77,1,1
23070,145,140,5,5
23071,47,53,-6,6
23072,139,122,17,17
23073,94,88,6,6
23074,138,139,-1,1
23075,115,100,15,15
23076,94,95,-1,1
23077,106,103,3,3
23078,85,88,-3,3
23079,82,81,1,1
23080,61,64,-3,3
23081,160,146,14,14
23082,157,158,-1,1
23083,87,94,-7,7
23084,135,122,13,13
23085,120,112,8,8
23086,104,102,2,2
23087,165,140,25,25
23088,88,88,0,0
23089,67,76,-9,9
23090,87,84,3,3
23091,66,75,-9,9
23092,74,74,0,0
23093,76,79,-3,3
23094,62,68,-6,6
23095,79,82,-3,3
23096,91,90,1,1
23097,70,67,3,3
23098,148,131,17,17
23099,135,120,15,15
23100,74,83,-9,9
23101,78,79,-1,1
23102,93,97,-4,4
23103,124,116,8,8
23104,129,130,-1,1
23105,98,91,7,7
23106,72,74,-2,2
23107,53,66,-13,13
23108,138,131,7,7
23109,184,154,30,30
23110,85,86,-1,1
23111,82,84,-2,2
23112,105,111,-6,6
23113,99,94,5,5
23114,65,72,-7,7
23115,73,70,3,3
23116,66,65,1,1
23117,102,104,-2,2
23118,85,79,6,6
23119,188,178,10,10
23120,81,203,-122,122
23121,124,117,7,7
23122,59,69,-10,10
23123,108,106,2,2
23124,92,96,-4,4
23125,100,97,3,3
23126,105,101,4,4
23127,93,92,1,1
23128,155,144,11,11
23129,71,72,-1,1
23130,65,62,3,3
23131,94,91,3,3
23132,122,124,-2,2
23133,70,76,-6,6
23134,65,71,-6,6
23135,160,146,14,14
23136,115,116,-1,1
23137,134,130,4,4
23138,101,103,-2,2
23139,105,101,4,4
23140,93,96,-3,3
23141,94,86,8,8
23142,82,79,3,3
23143,90,87,3,3
23144,78,72,6,6
23145,145,134,11,11
23146,120,116,4,4
23147,94,97,-3,3
23148,95,87,8,8
23149,115,128,-13,13
23150,49,54,-5,5
23151,134,131,3,3
23152,88,86,2,2
23153,82,86,-4,4
23154,67,69,-2,2
23155,71,66,5,5
23156,56,70,-14,14
23157,88,86,2,2
23158,34,42,-8,8
23159,62,78,-16,16
23160,82,85,-3,3
23161,111,116,-5,5
23162,48,54,-6,6
23163,102,103,-1,1
23164,143,130,13,13
23165,47,58,-11,11
23166,76,77,-1,1
23167,119,115,4,4
23168,64,67,-3,3
23169,72,72,0,0
23170,141,133,8,8
23171,64,62,2,2
23172,127,112,15,15
23173,72,76,-4,4
23174,111,106,5,5
23175,104,87,17,17
23176,77,87,-10,10
23177,133,136,-3,3
23178,113,106,7,7
23179,110,107,3,3
23180,89,86,3,3
23181,125,123,2,2
23182,127,111,16,16
23183,68,66,2,2
23184,99,105,-6,6
23185,86,94,-8,8
23186,111,108,3,3
23187,118,106,12,12
23188,74,79,-5,5
23189,132,120,12,12
23190,99,90,9,9
23191,139,133,6,6
23192,107,105,2,2
23193,70,78,-8,8
23194,77,73,4,4
23195,101,104,-3,3
23196,103,104,-1,1
23197,86,89,-3,3
23198,104,93,11,11
23199,100,105,-5,5
23200,150,136,14,14
23201,69,73,-4,4
23202,129,121,8,8
23203,162,154,8,8
23204,111,117,-6,6
23205,133,126,7,7
23206,87,84,3,3
23207,74,84,-10,10
23208,95,102,-7,7
23209,110,120,-10,10
23210,124,121,3,3
23211,155,140,15,15
23212,74,66,8,8
23213,80,80,0,0
23214,90,86,4,4
23215,100,100,0,0
23216,112,102,10,10
23217,81,72,9,9
23218,73,84,-11,11
23219,122,117,5,5
23220,130,121,9,9
23221,129,120,9,9
23222,123,114,9,9
23223,84,87,-3,3
23224,63,70,-7,7
23225,144,128,16,16
23226,91,150,-59,59
23227,66,79,-13,13
23228,95,93,2,2
23229,129,120,9,9
23230,75,75,0,0
23231,152,161,-9,9
23232,119,95,24,24
23233,107,107,0,0
23234,184,164,20,20
23235,84,87,-3,3
23236,123,116,7,7
23237,167,143,24,24
23238,59,57,2,2
23239,68,76,-8,8
23240,119,100,19,19
23241,77,71,6,6
23242,70,80,-10,10
23243,79,76,3,3
23244,114,115,-1,1
23245,75,79,-4,4
23246,64,60,4,4
23247,127,114,13,13
23248,52,61,-9,9
23249,67,64,3,3
23250,73,80,-7,7
23251,85,79,6,6
23252,63,69,-6,6
23253,88,83,5,5
23254,89,101,-12,12
23255,133,111,22,22
23256,82,85,-3,3
23257,115,105,10,10
23258,97,102,-5,5
23259,81,94,-13,13
23260,102,95,7,7
23261,68,64,4,4
23262,64,65,-1,1
23263,70,74,-4,4
23264,73,78,-5,5
23265,59,70,-11,11
23266,136,129,7,7
23267,103,107,-4,4
23268,137,118,19,19
23269,73,76,-3,3
23270,83,87,-4,4
23271,95,89,6,6
23272,138,121,17,17
23273,86,82,4,4
23274,66,87,-21,21
23275,134,157,-23,23
23276,116,108,8,8
23277,70,76,-6,6
23278,118,113,5,5
23279,131,124,7,7
23280,40,65,-25,25
23281,82,82,0,0
23282,78,80,-2,2
23283,97,88,9,9
23284,89,98,-9,9
23285,133,122,11,11
23286,76,76,0,0
23287,152,132,20,20
23288,92,89,3,3
23289,62,68,-6,6
23290,179,148,31,31
23291,127,111,16,16
23292,115,109,6,6
23293,54,68,-14,14
23294,136,115,21,21
23295,76,84,-8,8
23296,62,72,-10,10
23297,78,81,-3,3
23298,182,156,26,26
23299,67,67,0,0
23300,110,98,12,12
23301,92,84,8,8
23302,150,131,19,19
23303,122,125,-3,3
23304,62,73,-11,11
23305,109,102,7,7
23306,123,111,12,12
23307,107,108,-1,1
23308,50,60,-10,10
23309,62,70,-8,8
23310,115,110,5,5
23311,41,53,-12,12
23312,106,104,2,2
23313,58,66,-8,8
23314,67,68,-1,1
23315,64,64,0,0
23316,71,94,-23,23
23317,83,88,-5,5
23318,157,164,-7,7
23319,90,93,-3,3
23320,100,108,-8,8
23321,92,97,-5,5
23322,87,102,-15,15
23323,76,91,-15,15
23324,101,106,-5,5
23325,56,56,0,0
23326,65,71,-6,6
23327,70,73,-3,3
23328,57,63,-6,6
23329,112,138,-26,26
23330,50,72,-22,22
23331,47,63,-16,16
23332,140,150,-10,10
23333,51,54,-3,3
23334,61,78,-17,17
23335,78,79,-1,1
23336,70,68,2,2
23337,98,88,10,10
23338,152,135,17,17
23339,99,104,-5,5
23340,93,97,-4,4
23341,90,88,2,2
23342,51,58,-7,7
23343,94,88,6,6
23344,82,89,-7,7
23345,137,133,4,4
23346,85,88,-3,3
23347,131,133,-2,2
23348,110,103,7,7
23349,70,72,-2,2
23350,99,107,-8,8
23351,146,129,17,17
23352,37,47,-10,10
23353,94,89,5,5
23354,124,119,5,5
23355,91,104,-13,13
23356,85,88,-3,3
23357,58,69,-11,11
23358,78,88,-10,10
23359,62,69,-7,7
23360,51,60,-9,9
23361,85,89,-4,4
23362,64,71,-7,7
23363,108,114,-6,6
23364,89,93,-4,4
23365,120,115,5,5
23366,131,116,15,15
23367,50,59,-9,9
23368,109,106,3,3
23369,82,82,0,0
23370,115,107,8,8
23371,121,113,8,8
23372,193,173,20,20
23373,66,73,-7,7
23374,125,113,12,12
23375,64,70,-6,6
23376,105,96,9,9
23377,47,60,-13,13
23378,57,74,-17,17
23379,105,96,9,9
23380,124,121,3,3
23381,90,100,-10,10
23382,126,111,15,15
23383,89,97,-8,8
23384,122,112,10,10
23385,116,111,5,5
23386,80,75,5,5
23387,92,89,3,3
23388,62,88,-26,26
23389,144,140,4,4
23390,45,58,-13,13
23391,139,133,6,6
23392,117,110,7,7
23393,99,102,-3,3
23394,98,96,2,2
23395,87,89,-2,2
23396,171,142,29,29
23397,127,104,23,23
23398,114,108,6,6
23399,100,105,-5,5
23400,71,84,-13,13
23401,143,125,18,18
23402,84,80,4,4
23403,89,85,4,4
23404,85,83,2,2
23405,69,72,-3,3
23406,145,149,-4,4
23407,115,113,2,2
23408,116,116,0,0
23409,114,113,1,1
23410,58,57,1,1
23411,79,79,0,0
23412,73,75,-2,2
23413,114,119,-5,5
23414,140,139,1,1
23415,92,101,-9,9
23416,111,110,1,1
23417,131,134,-3,3
23418,76,82,-6,6
23419,94,97,-3,3
23420,91,98,-7,7
23421,76,78,-2,2
23422,115,105,10,10
23423,65,65,0,0
23424,113,116,-3,3
23425,85,89,-4,4
23426,214,204,10,10
23427,211,186,25,25
23428,41,47,-6,6
23429,78,78,0,0
23430,161,148,13,13
23431,79,74,5,5
23432,51,64,-13,13
23433,103,107,-4,4
23434,73,79,-6,6
23435,55,65,-10,10
23436,136,114,22,22
23437,131,129,2,2
23438,77,82,-5,5
23439,80,79,1,1
23440,110,105,5,5
23441,54,60,-6,6
23442,111,112,-1,1
23443,84,87,-3,3
23444,70,71,-1,1
23445,70,70,0,0
23446,106,102,4,4
23447,97,102,-5,5
23448,100,93,7,7
23449,135,128,7,7
23450,86,87,-1,1
23451,42,42,0,0
23452,132,133,-1,1
23453,73,77,-4,4
23454,125,122,3,3
23455,83,85,-2,2
23456,125,121,4,4
23457,120,114,6,6
23458,110,106,4,4
23459,197,169,28,28
23460,111,103,8,8
23461,86,94,-8,8
23462,76,76,0,0
23463,150,135,15,15
23464,115,112,3,3
23465,89,95,-6,6
23466,176,162,14,14
23467,64,74,-10,10
23468,120,110,10,10
23469,121,113,8,8
23470,64,76,-12,12
23471,49,73,-24,24
23472,70,70,0,0
23473,112,105,7,7
23474,89,92,-3,3
23475,107,104,3,3
23476,155,147,8,8
23477,73,80,-7,7
23478,129,130,-1,1
23479,161,143,18,18
23480,89,89,0,0
23481,113,108,5,5
23482,99,89,10,10
23483,127,126,1,1
23484,115,111,4,4
23485,78,78,0,0
23486,155,163,-8,8
23487,54,57,-3,3
23488,89,89,0,0
23489,115,106,9,9
23490,82,83,-1,1
23491,165,150,15,15
23492,90,87,3,3
23493,87,90,-3,3
23494,115,105,10,10
23495,70,74,-4,4
23496,85,79,6,6
23497,101,100,1,1
23498,118,126,-8,8
23499,135,114,21,21
23500,74,78,-4,4
23501,108,116,-8,8
23502,134,129,5,5
23503,109,104,5,5
23504,77,78,-1,1
23505,71,71,0,0
23506,78,74,4,4
23507,125,107,18,18
23508,90,89,1,1
23509,47,46,1,1
23510,89,87,2,2
23511,102,95,7,7
23512,94,93,1,1
23513,137,132,5,5
23514,110,102,8,8
23515,100,104,-4,4
23516,125,109,16,16
23517,57,92,-35,35
23518,120,117,3,3
23519,149,138,11,11
23520,69,76,-7,7
23521,91,96,-5,5
23522,69,74,-5,5
23523,143,129,14,14
23524,112,105,7,7
23525,108,100,8,8
23526,83,92,-9,9
23527,102,104,-2,2
23528,55,56,-1,1
23529,101,96,5,5
23530,39,48,-9,9
23531,173,164,9,9
23532,98,94,4,4
23533,136,127,9,9
23534,62,68,-6,6
23535,188,150,38,38
23536,98,97,1,1
23537,132,120,12,12
23538,89,101,-12,12
23539,106,107,-1,1
23540,101,107,-6,6
23541,150,129,21,21
23542,194,167,27,27
23543,108,109,-1,1
23544,78,92,-14,14
23545,70,74,-4,4
23546,93,102,-9,9
23547,65,75,-10,10
23548,113,103,10,10
23549,129,119,10,10
23550,94,92,2,2
23551,108,102,6,6
23552,90,95,-5,5
23553,68,73,-5,5
23554,98,98,0,0
23555,96,109,-13,13
23556,85,98,-13,13
23557,137,136,1,1
23558,112,110,2,2
23559,168,151,17,17
23560,87,96,-9,9
23561,134,121,13,13
23562,75,85,-10,10
23563,135,123,12,12
23564,81,80,1,1
23565,96,103,-7,7
23566,91,96,-5,5
23567,104,92,12,12
23568,105,98,7,7
23569,56,62,-6,6
23570,111,104,7,7
23571,56,71,-15,15
23572,62,69,-7,7
23573,103,101,2,2
23574,144,140,4,4
23575,101,97,4,4
23576,79,78,1,1
23577,102,94,8,8
23578,121,119,2,2
23579,140,133,7,7
23580,135,129,6,6
23581,80,79,1,1
23582,51,63,-12,12
23583,152,128,24,24
23584,94,92,2,2
23585,52,50,2,2
23586,78,83,-5,5
23587,82,89,-7,7
23588,75,74,1,1
23589,117,111,6,6
23590,136,127,9,9
23591,92,90,2,2
23592,55,55,0,0
23593,126,114,12,12
23594,55,65,-10,10
23595,43,46,-3,3
23596,83,89,-6,6
23597,116,123,-7,7
23598,113,111,2,2
23599,60,68,-8,8
23600,100,105,-5,5
23601,100,106,-6,6
23602,113,108,5,5
23603,123,137,-14,14
23604,69,73,-4,4
23605,113,127,-14,14
23606,71,77,-6,6
23607,132,120,12,12
23608,151,141,10,10
23609,57,60,-3,3
23610,105,103,2,2
23611,188,167,21,21
23612,79,79,0,0
23613,151,141,10,10
23614,137,135,2,2
23615,42,58,-16,16
23616,144,135,9,9
23617,41,51,-10,10
23618,82,85,-3,3
23619,91,86,5,5
23620,65,72,-7,7
23621,65,70,-5,5
23622,103,104,-1,1
23623,116,110,6,6
23624,149,142,7,7
23625,202,173,29,29
23626,61,67,-6,6
23627,78,82,-4,4
23628,154,135,19,19
23629,87,91,-4,4
23630,93,88,5,5
23631,134,133,1,1
23632,116,116,0,0
23633,124,126,-2,2
23634,148,137,11,11
23635,140,135,5,5
23636,69,69,0,0
23637,107,105,2,2
23638,99,95,4,4
23639,137,124,13,13
23640,165,138,27,27
23641,102,94,8,8
23642,116,109,7,7
23643,95,79,16,16
23644,86,104,-18,18
23645,88,96,-8,8
23646,108,105,3,3
23647,153,147,6,6
23648,69,69,0,0
23649,76,76,0,0
23650,103,102,1,1
23651,79,89,-10,10
23652,129,112,17,17
23653,87,88,-1,1
23654,67,75,-8,8
23655,81,83,-2,2
23656,118,114,4,4
23657,69,68,1,1
23658,63,74,-11,11
23659,77,79,-2,2
23660,113,107,6,6
23661,143,136,7,7
23662,57,63,-6,6
23663,86,88,-2,2
23664,36,60,-24,24
23665,128,107,21,21
23666,111,106,5,5
23667,68,75,-7,7
23668,60,73,-13,13
23669,90,91,-1,1
23670,99,95,4,4
23671,80,81,-1,1
23672,79,88,-9,9
23673,84,88,-4,4
23674,77,68,9,9
23675,132,126,6,6
23676,94,71,23,23
23677,95,101,-6,6
23678,67,70,-3,3
23679,134,120,14,14
23680,148,139,9,9
23681,92,92,0,0
23682,85,76,9,9
23683,69,82,-13,13
23684,107,114,-7,7
23685,113,127,-14,14
23686,49,54,-5,5
23687,31,34,-3,3
23688,72,81,-9,9
23689,135,129,6,6
23690,126,113,13,13
23691,67,74,-7,7
23692,70,81,-11,11
23693,64,69,-5,5
23694,70,88,-18,18
23695,88,85,3,3
23696,66,76,-10,10
23697,80,91,-11,11
23698,82,99,-17,17
23699,85,87,-2,2
23700,128,124,4,4
23701,116,112,4,4
23702,74,68,6,6
23703,107,103,4,4
23704,74,78,-4,4
23705,133,114,19,19
23706,91,88,3,3
23707,100,100,0,0
23708,90,83,7,7
23709,41,49,-8,8
23710,117,110,7,7
23711,91,95,-4,4
23712,108,118,-10,10
23713,61,71,-10,10
23714,201,180,21,21
23715,112,105,7,7
23716,62,64,-2,2
23717,70,71,-1,1
23718,79,79,0,0
23719,85,82,3,3
23720,138,126,12,12
23721,132,124,8,8
23722,46,59,-13,13
23723,172,161,11,11
23724,120,108,12,12
23725,120,111,9,9
23726,96,103,-7,7
23727,108,101,7,7
23728,125,127,-2,2
23729,72,82,-10,10
23730,110,99,11,11
23731,51,65,-14,14
23732,127,121,6,6
23733,109,107,2,2
23734,70,71,-1,1
23735,91,89,2,2
23736,53,72,-19,19
23737,195,180,15,15
23738,63,71,-8,8
23739,97,102,-5,5
23740,109,103,6,6
23741,116,114,2,2
23742,52,67,-15,15
23743,66,80,-14,14
23744,70,73,-3,3
23745,143,136,7,7
23746,61,87,-26,26
23747,105,96,9,9
23748,58,63,-5,5
23749,141,134,7,7
23750,64,66,-2,2
23751,126,122,4,4
23752,154,144,10,10
23753,103,95,8,8
23754,54,58,-4,4
23755,100,102,-2,2
23756,99,103,-4,4
23757,84,88,-4,4
23758,67,73,-6,6
23759,51,66,-15,15
23760,118,119,-1,1
23761,139,120,19,19
23762,83,82,1,1
23763,127,123,4,4
23764,98,94,4,4
23765,86,85,1,1
23766,53,61,-8,8
23767,111,115,-4,4
23768,82,87,-5,5
23769,101,94,7,7
23770,79,81,-2,2
23771,82,90,-8,8
23772,101,90,11,11
23773,172,149,23,23
23774,49,66,-17,17
23775,144,128,16,16
23776,79,83,-4,4
23777,71,77,-6,6
23778,109,109,0,0
23779,97,91,6,6
23780,134,122,12,12
23781,139,152,-13,13
23782,103,102,1,1
23783,104,101,3,3
23784,45,61,-16,16
23785,124,127,-3,3
23786,77,86,-9,9
23787,92,90,2,2
23788,54,58,-4,4
23789,96,98,-2,2
23790,77,71,6,6
23791,99,92,7,7
23792,46,49,-3,3
23793,128,126,2,2
23794,114,120,-6,6
23795,183,162,21,21
23796,74,81,-7,7
23797,152,133,19,19
23798,95,87,8,8
23799,84,76,8,8
23800,103,100,3,3
23801,118,109,9,9
23802,82,95,-13,13
23803,161,158,3,3
23804,93,87,6,6
23805,91,84,7,7
23806,106,100,6,6
23807,91,86,5,5
23808,52,59,-7,7
23809,89,89,0,0
23810,80,84,-4,4
23811,112,116,-4,4
23812,69,68,1,1
23813,68,68,0,0
23814,219,198,21,21
23815,89,95,-6,6
23816,127,119,8,8
23817,84,97,-13,13
23818,85,82,3,3
23819,28,37,-9,9
23820,141,129,12,12
23821,92,95,-3,3
23822,130,120,10,10
23823,59,70,-11,11
23824,143,128,15,15
23825,145,128,17,17
23826,73,75,-2,2
23827,177,165,12,12
23828,169,145,24,24
23829,54,57,-3,3
23830,128,112,16,16
23831,52,67,-15,15
23832,129,129,0,0
23833,99,97,2,2
23834,119,104,15,15
23835,75,83,-8,8
23836,119,109,10,10
23837,103,96,7,7
23838,130,126,4,4
23839,119,110,9,9
23840,100,94,6,6
23841,159,157,2,2
23842,75,76,-1,1
23843,86,88,-2,2
23844,123,119,4,4
23845,74,80,-6,6
23846,50,65,-15,15
23847,57,52,5,5
23848,50,56,-6,6
23849,71,78,-7,7
23850,96,89,7,7
23851,76,76,0,0
23852,130,119,11,11
23853,62,76,-14,14
23854,92,95,-3,3
23855,98,103,-5,5
23856,67,62,5,5
23857,231,210,21,21
23858,68,63,5,5
23859,59,62,-3,3
23860,82,74,8,8
23861,67,75,-8,8
23862,88,82,6,6
23863,138,111,27,27
23864,81,77,4,4
23865,117,113,4,4
23866,67,76,-9,9
23867,57,69,-12,12
23868,53,61,-8,8
23869,87,87,0,0
23870,123,124,-1,1
23871,128,123,5,5
23872,80,85,-5,5
23873,95,91,4,4
23874,105,104,1,1
23875,92,96,-4,4
23876,97,94,3,3
23877,96,102,-6,6
23878,114,103,11,11
23879,57,64,-7,7
23880,174,153,21,21
23881,98,95,3,3
23882,96,91,5,5
23883,34,59,-25,25
23884,53,60,-7,7
23885,70,73,-3,3
23886,100,104,-4,4
23887,112,113,-1,1
23888,86,93,-7,7
23889,106,99,7,7
23890,75,79,-4,4
23891,97,109,-12,12
23892,93,101,-8,8
23893,105,88,17,17
23894,108,105,3,3
23895,137,132,5,5
23896,99,104,-5,5
23897,71,74,-3,3
23898,157,155,2,2
23899,111,110,1,1
23900,102,93,9,9
23901,144,133,11,11
23902,86,85,1,1
23903,63,77,-14,14
23904,97,87,10,10
23905,30,40,-10,10
23906,77,83,-6,6
23907,111,104,7,7
23908,77,76,1,1
23909,41,48,-7,7
23910,82,89,-7,7
23911,144,129,15,15
23912,117,108,9,9
23913,94,88,6,6
23914,58,62,-4,4
23915,101,97,4,4
23916,105,98,7,7
23917,99,107,-8,8
23918,88,85,3,3
23919,69,79,-10,10
23920,67,64,3,3
23921,51,66,-15,15
23922,120,113,7,7
23923,60,65,-5,5
23924,90,90,0,0
23925,81,80,1,1
23926,163,161,2,2
23927,142,128,14,14
23928,65,71,-6,6
23929,156,145,11,11
23930,52,54,-2,2
23931,74,72,2,2
23932,115,111,4,4
23933,126,129,-3,3
23934,48,49,-1,1
23935,129,127,2,2
23936,160,141,19,19
23937,110,114,-4,4
23938,121,124,-3,3
23939,97,92,5,5
23940,110,130,-20,20
23941,135,127,8,8
23942,153,146,7,7
23943,103,124,-21,21
23944,103,99,4,4
23945,119,109,10,10
23946,76,86,-10,10
23947,195,190,5,5
23948,57,65,-8,8
23949,59,73,-14,14
23950,146,140,6,6
23951,91,83,8,8
23952,101,101,0,0
23953,240,190,50,50
23954,88,93,-5,5
23955,83,77,6,6
23956,77,83,-6,6
23957,82,98,-16,16
23958,82,94,-12,12
23959,119,108,11,11
23960,106,101,5,5
23961,101,109,-8,8
23962,78,84,-6,6
23963,82,79,3,3
23964,82,86,-4,4
23965,126,110,16,16
23966,87,98,-11,11
23967,96,95,1,1
23968,68,73,-5,5
23969,100,94,6,6
23970,71,81,-10,10
23971,91,101,-10,10
23972,118,114,4,4
23973,93,94,-1,1
23974,87,89,-2,2
23975,75,82,-7,7
23976,64,66,-2,2
23977,94,88,6,6
23978,45,55,-10,10
23979,97,88,9,9
23980,115,106,9,9
23981,84,76,8,8
23982,139,126,13,13
23983,155,154,1,1
23984,65,70,-5,5
23985,72,79,-7,7
23986,65,76,-11,11
23987,45,49,-4,4
23988,92,97,-5,5
23989,148,132,16,16
23990,163,137,26,26
23991,80,78,2,2
23992,131,118,13,13
23993,74,78,-4,4
23994,62,69,-7,7
23995,65,67,-2,2
23996,110,95,15,15
23997,119,91,28,28
23998,110,104,6,6
23999,89,96,-7,7
24000,104,111,-7,7
24001,110,114,-4,4
24002,83,79,4,4
24003,134,128,6,6
24004,110,112,-2,2
24005,74,81,-7,7
24006,152,142,10,10
24007,103,103,0,0
24008,47,57,-10,10
24009,104,99,5,5
24010,59,67,-8,8
24011,76,72,4,4
24012,82,87,-5,5
24013,100,98,2,2
24014,127,120,7,7
24015,70,70,0,0
24016,71,76,-5,5
24017,83,96,-13,13
24018,80,78,2,2
24019,102,104,-2,2
24020,70,84,-14,14
24021,89,87,2,2
24022,75,78,-3,3
24023,104,102,2,2
24024,84,74,10,10
24025,56,62,-6,6
24026,55,68,-13,13
24027,141,146,-5,5
24028,82,83,-1,1
24029,182,158,24,24
24030,154,148,6,6
24031,86,89,-3,3
24032,78,78,0,0
24033,91,92,-1,1
24034,115,115,0,0
24035,112,117,-5,5
24036,98,113,-15,15
24037,83,79,4,4
24038,58,66,-8,8
24039,72,76,-4,4
24040,46,55,-9,9
24041,54,59,-5,5
24042,99,96,3,3
24043,100,125,-25,25
24044,114,113,1,1
24045,56,56,0,0
24046,49,61,-12,12
24047,63,62,1,1
24048,63,65,-2,2
24049,72,74,-2,2
24050,97,95,2,2
24051,59,65,-6,6
24052,123,125,-2,2
24053,109,112,-3,3
24054,108,104,4,4
24055,95,101,-6,6
24056,94,89,5,5
24057,59,69,-10,10
24058,80,88,-8,8
24059,140,134,6,6
24060,102,105,-3,3
24061,65,74,-9,9
24062,117,109,8,8
24063,63,62,1,1
24064,77,85,-8,8
24065,137,98,39,39
24066,114,112,2,2
24067,78,72,6,6
24068,45,53,-8,8
24069,84,90,-6,6
24070,96,109,-13,13
24071,62,70,-8,8
24072,67,78,-11,11
24073,178,153,25,25
24074,78,87,-9,9
24075,112,106,6,6
24076,99,85,14,14
24077,94,97,-3,3
24078,86,79,7,7
24079,116,108,8,8
24080,64,66,-2,2
24081,51,52,-1,1
24082,176,138,38,38
24083,120,109,11,11
24084,121,101,20,20
24085,84,84,0,0
24086,108,104,4,4
24087,97,94,3,3
24088,91,94,-3,3
24089,117,116,1,1
24090,102,95,7,7
24091,53,55,-2,2
24092,82,83,-1,1
24093,63,69,-6,6
24094,50,93,-43,43
24095,121,111,10,10
24096,33,53,-20,20
24097,75,75,0,0
24098,98,102,-4,4
24099,95,88,7,7
24100,94,91,3,3
24101,43,51,-8,8
24102,88,99,-11,11
24103,72,76,-4,4
24104,118,108,10,10
24105,76,84,-8,8
24106,58,61,-3,3
24107,104,91,13,13
24108,115,108,7,7
24109,63,63,0,0
24110,105,109,-4,4
24111,59,61,-2,2
24112,58,58,0,0
24113,146,130,16,16
24114,82,88,-6,6
24115,114,117,-3,3
24116,95,87,8,8
24117,46,58,-12,12
24118,122,108,14,14
24119,78,80,-2,2
24120,97,93,4,4
24121,111,109,2,2
24122,161,141,20,20
24123,157,152,5,5
24124,90,101,-11,11
24125,69,73,-4,4
24126,78,79,-1,1
24127,111,103,8,8
24128,56,53,3,3
24129,83,73,10,10
24130,186,166,20,20
24131,76,83,-7,7
24132,76,81,-5,5
24133,136,130,6,6
24134,87,87,0,0
24135,87,82,5,5
24136,72,66,6,6
24137,64,76,-12,12
24138,162,151,11,11
24139,59,68,-9,9
24140,77,75,2,2
24141,58,63,-5,5
24142,65,65,0,0
24143,103,93,10,10
24144,74,79,-5,5
24145,83,72,11,11
24146,62,69,-7,7
24147,115,101,14,14
24148,88,90,-2,2
24149,79,87,-8,8
24150,102,99,3,3
24151,76,72,4,4
24152,72,76,-4,4
24153,127,128,-1,1
24154,57,66,-9,9
24155,123,119,4,4
24156,108,102,6,6
24157,179,151,28,28
24158,56,82,-26,26
24159,129,131,-2,2
24160,76,84,-8,8
24161,160,133,27,27
24162,108,100,8,8
24163,65,68,-3,3
24164,80,79,1,1
24165,68,85,-17,17
24166,125,147,-22,22
24167,55,61,-6,6
24168,101,105,-4,4
24169,102,96,6,6
24170,151,147,4,4
24171,98,120,-22,22
24172,72,83,-11,11
24173,124,119,5,5
24174,113,103,10,10
24175,84,76,8,8
24176,51,67,-16,16
24177,73,76,-3,3
24178,58,56,2,2
24179,103,102,1,1
24180,89,78,11,11
24181,103,107,-4,4
24182,122,118,4,4
24183,62,68,-6,6
24184,152,138,14,14
24185,49,59,-10,10
24186,76,80,-4,4
24187,107,99,8,8
24188,63,83,-20,20
24189,132,127,5,5
24190,167,111,56,56
24191,105,102,3,3
24192,160,150,10,10
24193,86,87,-1,1
24194,105,99,6,6
24195,88,89,-1,1
24196,102,100,2,2
24197,102,113,-11,11
24198,101,110,-9,9
24199,48,64,-16,16
24200,131,132,-1,1
24201,45,44,1,1
24202,100,101,-1,1
24203,77,77,0,0
24204,131,132,-1,1
24205,106,103,3,3
24206,115,108,7,7
24207,140,126,14,14
24208,111,115,-4,4
24209,100,103,-3,3
24210,55,63,-8,8
24211,80,78,2,2
24212,98,103,-5,5
24213,61,61,0,0
24214,106,98,8,8
24215,91,91,0,0
24216,96,92,4,4
24217,88,84,4,4
24218,79,84,-5,5
24219,108,117,-9,9
24220,108,109,-1,1
24221,137,118,19,19
24222,110,106,4,4
24223,67,72,-5,5
24224,81,77,4,4
24225,74,81,-7,7
24226,95,103,-8,8
24227,36,27,9,9
24228,96,95,1,1
24229,80,88,-8,8
24230,86,83,3,3
24231,145,150,-5,5
24232,163,156,7,7
24233,57,58,-1,1
24234,91,99,-8,8
24235,100,104,-4,4
24236,55,53,2,2
24237,118,111,7,7
24238,183,164,19,19
24239,79,84,-5,5
24240,82,73,9,9
24241,107,104,3,3
24242,47,54,-7,7
24243,103,106,-3,3
24244,78,82,-4,4
24245,114,113,1,1
24246,127,117,10,10
24247,65,77,-12,12
24248,149,155,-6,6
24249,72,75,-3,3
24250,75,79,-4,4
24251,99,97,2,2
24252,91,87,4,4
24253,50,67,-17,17
24254,116,111,5,5
24255,150,131,19,19
24256,136,136,0,0
24257,145,107,38,38
24258,64,74,-10,10
24259,81,80,1,1
24260,76,74,2,2
24261,91,82,9,9
24262,64,62,2,2
24263,52,64,-12,12
24264,85,89,-4,4
24265,93,94,-1,1
24266,80,87,-7,7
24267,84,91,-7,7
24268,71,71,0,0
24269,73,74,-1,1
24270,54,64,-10,10
24271,87,81,6,6
24272,88,92,-4,4
24273,50,62,-12,12
24274,122,114,8,8
24275,98,98,0,0
24276,82,79,3,3
24277,173,155,18,18
24278,78,76,2,2
24279,106,97,9,9
24280,103,108,-5,5
24281,78,80,-2,2
24282,57,64,-7,7
24283,125,128,-3,3
24284,103,108,-5,5
24285,100,96,4,4
24286,78,82,-4,4
24287,122,109,13,13
24288,122,126,-4,4
24289,135,125,10,10
24290,110,95,15,15
24291,174,149,25,25
24292,54,61,-7,7
24293,43,47,-4,4
24294,82,80,2,2
24295,91,80,11,11
24296,104,93,11,11
24297,148,133,15,15
24298,30,28,2,2
24299,115,106,9,9
24300,122,114,8,8
24301,126,115,11,11
24302,68,73,-5,5
24303,119,101,18,18
24304,124,126,-2,2
24305,81,76,5,5
24306,74,73,1,1
24307,75,75,0,0
24308,57,70,-13,13
24309,92,81,11,11
24310,79,78,1,1
24311,118,121,-3,3
24312,62,72,-10,10
24313,86,81,5,5
24314,57,55,2,2
24315,93,108,-15,15
24316,111,101,10,10
24317,77,77,0,0
24318,66,78,-12,12
24319,142,107,35,35
24320,117,104,13,13
24321,48,55,-7,7
24322,195,166,29,29
24323,100,101,-1,1
24324,103,88,15,15
24325,59,75,-16,16
24326,76,76,0,0
24327,108,108,0,0
24328,127,124,3,3
24329,91,87,4,4
24330,67,75,-8,8
24331,157,142,15,15
24332,120,127,-7,7
24333,79,82,-3,3
24334,95,95,0,0
24335,103,104,-1,1
24336,126,119,7,7
24337,73,99,-26,26
24338,53,65,-12,12
24339,126,124,2,2
24340,78,74,4,4
24341,128,126,2,2
24342,51,62,-11,11
24343,76,75,1,1
24344,130,127,3,3
24345,87,91,-4,4
24346,76,81,-5,5
24347,71,69,2,2
24348,115,108,7,7
24349,119,114,5,5
24350,75,75,0,0
24351,75,88,-13,13
24352,93,90,3,3
24353,128,130,-2,2
24354,127,150,-23,23
24355,94,93,1,1
24356,133,119,14,14
24357,53,47,6,6
24358,146,129,17,17
24359,117,127,-10,10
24360,74,75,-1,1
24361,126,118,8,8
24362,41,55,-14,14
24363,143,137,6,6
24364,90,88,2,2
24365,73,81,-8,8
24366,156,143,13,13
24367,72,71,1,1
24368,59,62,-3,3
24369,27,44,-17,17
24370,93,95,-2,2
24371,87,90,-3,3
24372,44,54,-10,10
24373,182,173,9,9
24374,90,90,0,0
24375,170,147,23,23
24376,128,122,6,6
24377,102,94,8,8
24378,99,95,4,4
24379,106,100,6,6
24380,86,82,4,4
24381,127,112,15,15
24382,99,88,11,11
24383,101,102,-1,1
24384,155,142,13,13
24385,184,153,31,31
24386,98,98,0,0
24387,95,98,-3,3
24388,108,129,-21,21
24389,103,107,-4,4
24390,147,140,7,7
24391,100,94,6,6
24392,76,100,-24,24
24393,308,212,96,96
24394,71,64,7,7
24395,80,87,-7,7
24396,88,80,8,8
24397,92,103,-11,11
24398,105,110,-5,5
24399,63,78,-15,15
24400,89,91,-2,2
24401,77,90,-13,13
24402,94,96,-2,2
24403,72,87,-15,15
24404,65,67,-2,2
24405,132,119,13,13
24406,90,87,3,3
24407,83,85,-2,2
24408,35,73,-38,38
24409,163,151,12,12
24410,73,76,-3,3
24411,117,114,3,3
24412,87,84,3,3
24413,70,76,-6,6
24414,189,166,23,23
24415,81,77,4,4
24416,59,70,-11,11
24417,110,115,-5,5
24418,103,106,-3,3
24419,89,91,-2,2
24420,90,83,7,7
24421,475,376,99,99
24422,66,65,1,1
24423,97,101,-4,4
24424,89,85,4,4
24425,106,102,4,4
24426,81,81,0,0
24427,143,136,7,7
24428,113,109,4,4
24429,83,89,-6,6
24430,276,263,13,13
24431,88,88,0,0
24432,91,96,-5,5
24433,179,151,28,28
24434,175,128,47,47
24435,86,88,-2,2
24436,60,68,-8,8
24437,86,88,-2,2
24438,104,102,2,2
24439,144,135,9,9
24440,93,89,4,4
24441,98,96,2,2
24442,59,69,-10,10
24443,112,139,-27,27
24444,98,106,-8,8
24445,60,68,-8,8
24446,72,69,3,3
24447,42,55,-13,13
24448,57,61,-4,4
24449,138,123,15,15
24450,99,97,2,2
24451,134,130,4,4
24452,96,85,11,11
24453,101,107,-6,6
24454,88,96,-8,8
24455,79,86,-7,7
24456,61,56,5,5
24457,77,71,6,6
24458,119,117,2,2
24459,124,114,10,10
24460,77,84,-7,7
24461,81,81,0,0
24462,70,73,-3,3
24463,120,128,-8,8
24464,90,96,-6,6
24465,88,94,-6,6
24466,49,52,-3,3
24467,70,71,-1,1
24468,90,87,3,3
24469,70,70,0,0
24470,119,104,15,15
24471,99,96,3,3
24472,79,86,-7,7
24473,112,108,4,4
24474,63,68,-5,5
24475,40,54,-14,14
24476,145,132,13,13
24477,82,83,-1,1
24478,87,87,0,0
24479,75,78,-3,3
24480,71,73,-2,2
24481,84,81,3,3
24482,85,83,2,2
24483,101,90,11,11
24484,111,97,14,14
24485,90,93,-3,3
24486,63,67,-4,4
24487,174,167,7,7
24488,106,103,3,3
24489,64,72,-8,8
24490,33,37,-4,4
24491,100,111,-11,11
24492,185,152,33,33
24493,68,72,-4,4
24494,29,26,3,3
24495,45,55,-10,10
24496,58,65,-7,7
24497,120,107,13,13
24498,124,110,14,14
24499,70,69,1,1
24500,104,108,-4,4
24501,101,95,6,6
24502,92,91,1,1
24503,81,79,2,2
24504,59,64,-5,5
24505,84,85,-1,1
24506,67,72,-5,5
24507,105,101,4,4
24508,81,83,-2,2
24509,56,63,-7,7
24510,115,115,0,0
24511,117,113,4,4
24512,95,91,4,4
24513,134,121,13,13
24514,89,94,-5,5
24515,136,131,5,5
24516,100,98,2,2
24517,95,105,-10,10
24518,73,78,-5,5
24519,58,71,-13,13
24520,157,139,18,18
24521,77,78,-1,1
24522,54,51,3,3
24523,90,102,-12,12
24524,85,92,-7,7
24525,71,70,1,1
24526,73,76,-3,3
24527,87,88,-1,1
24528,57,64,-7,7
24529,64,70,-6,6
24530,72,78,-6,6
24531,184,154,30,30
24532,152,117,35,35
24533,88,92,-4,4
24534,90,87,3,3
24535,96,104,-8,8
24536,117,102,15,15
24537,65,70,-5,5
24538,101,89,12,12
24539,130,128,2,2
24540,189,161,28,28
24541,80,85,-5,5
24542,72,76,-4,4
24543,99,105,-6,6
24544,131,122,9,9
24545,120,126,-6,6
24546,64,69,-5,5
24547,59,53,6,6
24548,69,72,-3,3
24549,44,63,-19,19
24550,85,95,-10,10
24551,51,70,-19,19
24552,70,76,-6,6
24553,61,73,-12,12
24554,110,120,-10,10
24555,69,78,-9,9
24556,56,62,-6,6
24557,125,134,-9,9
24558,91,83,8,8
24559,53,66,-13,13
24560,91,91,0,0
24561,42,49,-7,7
24562,85,89,-4,4
24563,33,36,-3,3
24564,94,85,9,9
24565,143,133,10,10
24566,72,66,6,6
24567,85,86,-1,1
24568,132,130,2,2
24569,103,100,3,3
24570,131,110,21,21
24571,72,75,-3,3
24572,109,108,1,1
24573,104,102,2,2
24574,128,117,11,11
24575,147,135,12,12
24576,90,89,1,1
24577,44,59,-15,15
24578,84,85,-1,1
24579,129,133,-4,4
24580,76,89,-13,13
24581,82,93,-11,11
24582,155,129,26,26
24583,141,126,15,15
24584,110,114,-4,4
24585,117,118,-1,1
24586,112,112,0,0
24587,109,111,-2,2
24588,63,57,6,6
24589,68,74,-6,6
24590,140,127,13,13
24591,42,51,-9,9
24592,97,106,-9,9
24593,73,73,0,0
24594,49,45,4,4
24595,163,134,29,29
24596,116,114,2,2
24597,98,109,-11,11
24598,97,96,1,1
24599,76,79,-3,3
24600,84,85,-1,1
24601,52,50,2,2
24602,134,126,8,8
24603,62,61,1,1
24604,123,119,4,4
24605,55,58,-3,3
24606,80,85,-5,5
24607,77,79,-2,2
24608,121,127,-6,6
24609,45,58,-13,13
24610,66,74,-8,8
24611,59,61,-2,2
24612,45,60,-15,15
24613,63,65,-2,2
24614,65,80,-15,15
24615,95,90,5,5
24616,84,81,3,3
24617,110,123,-13,13
24618,83,87,-4,4
24619,133,110,23,23
24620,111,106,5,5
24621,69,73,-4,4
24622,43,46,-3,3
24623,97,102,-5,5
24624,78,90,-12,12
24625,75,78,-3,3
24626,130,117,13,13
24627,73,79,-6,6
24628,156,148,8,8
24629,110,96,14,14
24630,132,125,7,7
24631,108,109,-1,1
24632,97,101,-4,4
24633,139,128,11,11
24634,88,85,3,3
24635,136,120,16,16
24636,115,106,9,9
24637,141,128,13,13
24638,125,118,7,7
24639,114,108,6,6
24640,127,116,11,11
24641,87,90,-3,3
24642,126,121,5,5
24643,83,92,-9,9
24644,68,69,-1,1
24645,100,92,8,8
24646,67,72,-5,5
24647,79,71,8,8
24648,123,111,12,12
24649,49,54,-5,5
24650,73,87,-14,14
24651,105,97,8,8
24652,86,84,2,2
24653,78,91,-13,13
24654,97,91,6,6
24655,95,102,-7,7
24656,46,57,-11,11
24657,105,114,-9,9
24658,157,141,16,16
24659,97,110,-13,13
24660,130,117,13,13
24661,114,123,-9,9
24662,56,65,-9,9
24663,37,46,-9,9
24664,133,127,6,6
24665,80,101,-21,21
24666,56,62,-6,6
24667,64,71,-7,7
24668,78,82,-4,4
24669,96,89,7,7
24670,90,85,5,5
24671,126,115,11,11
24672,85,89,-4,4
24673,60,61,-1,1
24674,92,90,2,2
24675,105,104,1,1
24676,92,94,-2,2
24677,85,84,1,1
24678,187,156,31,31
24679,108,114,-6,6
24680,64,65,-1,1
24681,99,93,6,6
24682,92,94,-2,2
24683,111,108,3,3
24684,83,77,6,6
24685,92,87,5,5
24686,68,67,1,1
24687,158,135,23,23
24688,54,59,-5,5
24689,86,81,5,5
24690,94,90,4,4
24691,102,100,2,2
24692,55,60,-5,5
24693,52,67,-15,15
24694,69,80,-11,11
24695,97,92,5,5
24696,59,68,-9,9
24697,86,87,-1,1
24698,104,105,-1,1
24699,119,124,-5,5
24700,124,107,17,17
24701,99,99,0,0
24702,94,90,4,4
24703,129,127,2,2
24704,134,116,18,18
24705,58,70,-12,12
24706,131,115,16,16
24707,100,90,10,10
24708,97,90,7,7
24709,75,73,2,2
24710,133,130,3,3
24711,87,83,4,4
24712,76,78,-2,2
24713,55,59,-4,4
24714,167,156,11,11
24715,108,114,-6,6
24716,64,69,-5,5
24717,56,71,-15,15
24718,49,73,-24,24
24719,55,55,0,0
24720,80,97,-17,17
24721,55,60,-5,5
24722,169,151,18,18
24723,156,142,14,14
24724,102,97,5,5
24725,94,93,1,1
24726,92,95,-3,3
24727,116,126,-10,10
24728,120,120,0,0
24729,107,106,1,1
24730,113,109,4,4
24731,75,79,-4,4
24732,67,65,2,2
24733,98,88,10,10
24734,193,164,29,29
24735,165,156,9,9
24736,92,83,9,9
24737,53,55,-2,2
24738,82,91,-9,9
24739,113,121,-8,8
24740,89,95,-6,6
24741,93,86,7,7
24742,94,94,0,0
24743,87,83,4,4
24744,145,123,22,22
24745,142,126,16,16
24746,115,109,6,6
24747,82,90,-8,8
24748,87,91,-4,4
24749,74,76,-2,2
24750,61,73,-12,12
24751,125,118,7,7
24752,74,79,-5,5
24753,129,121,8,8
24754,88,83,5,5
24755,93,93,0,0
24756,83,84,-1,1
24757,123,114,9,9
24758,103,98,5,5
24759,136,131,5,5
24760,88,85,3,3
24761,94,91,3,3
24762,71,81,-10,10
24763,80,83,-3,3
24764,73,76,-3,3
24765,90,84,6,6
24766,81,84,-3,3
24767,85,92,-7,7
24768,48,60,-12,12
24769,122,127,-5,5
24770,120,109,11,11
24771,100,99,1,1
24772,123,113,10,10
24773,154,133,21,21
24774,49,62,-13,13
24775,110,95,15,15
24776,90,91,-1,1
24777,103,96,7,7
24778,69,80,-11,11
24779,113,108,5,5
24780,102,101,1,1
24781,80,106,-26,26
24782,45,56,-11,11
24783,154,141,13,13
24784,116,101,15,15
24785,125,114,11,11
24786,182,157,25,25
24787,68,68,0,0
24788,82,75,7,7
24789,78,80,-2,2
24790,60,79,-19,19
24791,119,108,11,11
24792,76,81,-5,5
24793,102,101,1,1
24794,94,111,-17,17
24795,76,82,-6,6
24796,52,56,-4,4
24797,82,73,9,9
24798,117,116,1,1
24799,110,104,6,6
24800,165,144,21,21
24801,79,75,4,4
24802,132,122,10,10
24803,118,107,11,11
24804,95,91,4,4
24805,74,81,-7,7
24806,52,73,-21,21
24807,104,106,-2,2
24808,103,123,-20,20
24809,119,112,7,7
24810,99,99,0,0
24811,141,126,15,15
24812,62,65,-3,3
24813,95,94,1,1
24814,115,111,4,4
24815,97,108,-11,11
24816,46,61,-15,15
24817,122,125,-3,3
24818,121,120,1,1
24819,102,103,-1,1
24820,148,135,13,13
24821,71,72,-1,1
24822,114,90,24,24
24823,126,116,10,10
24824,84,85,-1,1
24825,83,86,-3,3
24826,101,89,12,12
24827,98,93,5,5
24828,121,112,9,9
24829,84,94,-10,10
24830,56,71,-15,15
24831,90,81,9,9
24832,85,79,6,6
24833,87,85,2,2
24834,113,114,-1,1
24835,140,132,8,8
24836,116,114,2,2
24837,120,123,-3,3
24838,82,79,3,3
24839,150,133,17,17
24840,89,87,2,2
24841,72,74,-2,2
24842,106,105,1,1
24843,66,77,-11,11
24844,67,74,-7,7
24845,78,80,-2,2
24846,118,109,9,9
24847,83,101,-18,18
24848,133,133,0,0
24849,127,122,5,5
24850,178,155,23,23
24851,70,71,-1,1
24852,50,57,-7,7
24853,121,110,11,11
24854,127,119,8,8
24855,62,61,1,1
24856,74,76,-2,2
24857,79,81,-2,2
24858,95,92,3,3
24859,103,106,-3,3
24860,113,104,9,9
24861,58,78,-20,20
24862,162,121,41,41
24863,43,51,-8,8
24864,73,74,-1,1
24865,60,66,-6,6
24866,134,122,12,12
24867,66,71,-5,5
24868,42,62,-20,20
24869,89,85,4,4
24870,82,73,9,9
24871,133,126,7,7
24872,28,34,-6,6
24873,120,104,16,16
24874,60,63,-3,3
24875,59,71,-12,12
24876,54,57,-3,3
24877,81,86,-5,5
24878,102,101,1,1
24879,47,56,-9,9
24880,90,80,10,10
24881,123,112,11,11
24882,83,84,-1,1
24883,92,104,-12,12
24884,105,99,6,6
24885,108,95,13,13
24886,114,119,-5,5
24887,57,65,-8,8
24888,67,70,-3,3
24889,85,92,-7,7
24890,68,73,-5,5
24891,55,54,1,1
24892,93,91,2,2
24893,61,69,-8,8
24894,61,65,-4,4
24895,87,88,-1,1
24896,85,84,1,1
24897,88,88,0,0
24898,57,58,-1,1
24899,65,69,-4,4
24900,58,65,-7,7
24901,118,110,8,8
24902,94,94,0,0
24903,164,149,15,15
24904,74,83,-9,9
24905,106,150,-44,44
24906,97,110,-13,13
24907,117,110,7,7
24908,123,119,4,4
24909,72,81,-9,9
24910,73,72,1,1
24911,105,141,-36,36
24912,53,61,-8,8
24913,63,68,-5,5
24914,85,80,5,5
24915,136,138,-2,2
24916,113,103,10,10
24917,92,103,-11,11
24918,97,98,-1,1
24919,95,104,-9,9
24920,106,102,4,4
24921,167,149,18,18
24922,121,127,-6,6
24923,42,47,-5,5
24924,80,88,-8,8
24925,48,62,-14,14
24926,116,109,7,7
24927,117,109,8,8
24928,67,70,-3,3
24929,69,71,-2,2
24930,114,101,13,13
24931,134,121,13,13
24932,91,87,4,4
24933,88,85,3,3
24934,130,125,5,5
24935,187,170,17,17
24936,99,102,-3,3
24937,95,104,-9,9
24938,151,140,11,11
24939,97,94,3,3
24940,66,71,-5,5
24941,39,44,-5,5
24942,114,111,3,3
24943,124,113,11,11
24944,109,107,2,2
24945,92,108,-16,16
24946,50,60,-10,10
24947,139,126,13,13
24948,116,113,3,3
24949,79,79,0,0
24950,69,84,-15,15
24951,95,99,-4,4
24952,112,111,1,1
24953,57,70,-13,13
24954,57,66,-9,9
24955,112,118,-6,6
24956,77,81,-4,4
24957,79,86,-7,7
24958,115,109,6,6
24959,52,65,-13,13
24960,121,103,18,18
24961,93,91,2,2
24962,51,52,-1,1
24963,71,76,-5,5
24964,126,124,2,2
24965,149,133,16,16
24966,91,105,-14,14
24967,142,136,6,6
24968,55,70,-15,15
24969,110,111,-1,1
24970,197,186,11,11
24971,85,86,-1,1
24972,115,110,5,5
24973,111,102,9,9
24974,136,123,13,13
24975,57,67,-10,10
24976,100,89,11,11
24977,121,110,11,11
24978,105,98,7,7
24979,145,143,2,2
24980,93,96,-3,3
24981,104,102,2,2
24982,104,97,7,7
24983,89,84,5,5
24984,82,83,-1,1
24985,137,118,19,19
24986,112,97,15,15
24987,99,93,6,6
24988,94,96,-2,2
24989,140,127,13,13
24990,75,84,-9,9
24991,114,115,-1,1
24992,71,70,1,1
24993,155,130,25,25
24994,71,75,-4,4
24995,61,64,-3,3
24996,84,96,-12,12
24997,75,73,2,2
24998,128,135,-7,7
24999,247,233,14,14
25000,101,103,-2,2
25001,113,101,12,12
25002,116,108,8,8
25003,112,108,4,4
25004,83,91,-8,8
25005,52,65,-13,13
25006,73,64,9,9
25007,43,59,-16,16
25008,96,96,0,0
25009,49,60,-11,11
25010,57,67,-10,10
25011,104,116,-12,12
25012,86,88,-2,2
25013,66,73,-7,7
25014,69,78,-9,9
25015,92,93,-1,1
25016,120,117,3,3
25017,124,123,1,1
25018,109,103,6,6
25019,90,104,-14,14
25020,88,87,1,1
25021,60,64,-4,4
25022,100,106,-6,6
25023,171,194,-23,23
25024,55,64,-9,9
25025,143,133,10,10
25026,104,99,5,5
25027,120,119,1,1
25028,132,124,8,8
25029,142,137,5,5
25030,68,72,-4,4
25031,74,71,3,3
25032,107,100,7,7
25033,82,80,2,2
25034,48,54,-6,6
25035,83,81,2,2
25036,66,72,-6,6
25037,90,89,1,1
25038,114,114,0,0
25039,123,104,19,19
25040,140,123,17,17
25041,71,67,4,4
25042,112,104,8,8
25043,175,171,4,4
25044,148,126,22,22
25045,87,86,1,1
25046,156,147,9,9
25047,44,48,-4,4
25048,105,103,2,2
25049,120,122,-2,2
25050,65,71,-6,6
25051,120,116,4,4
25052,69,75,-6,6
25053,91,99,-8,8
25054,135,112,23,23
25055,133,129,4,4
25056,81,85,-4,4
25057,74,67,7,7
25058,144,139,5,5
25059,146,136,10,10
25060,95,85,10,10
25061,223,178,45,45
25062,126,105,21,21
25063,49,59,-10,10
25064,102,100,2,2
25065,116,108,8,8
25066,60,64,-4,4
25067,154,134,20,20
25068,134,106,28,28
25069,100,97,3,3
25070,76,69,7,7
25071,74,76,-2,2
25072,77,69,8,8
25073,88,90,-2,2
25074,76,87,-11,11
25075,81,80,1,1
25076,165,149,16,16
25077,108,106,2,2
25078,53,27,26,26
25079,59,67,-8,8
25080,85,104,-19,19
25081,98,91,7,7
25082,58,65,-7,7
25083,105,105,0,0
25084,148,135,13,13
25085,159,135,24,24
25086,163,156,7,7
25087,102,97,5,5
25088,71,96,-25,25
25089,156,141,15,15
25090,97,93,4,4
25091,97,92,5,5
25092,72,72,0,0
25093,83,106,-23,23
25094,81,71,10,10
25095,103,100,3,3
25096,95,95,0,0
25097,82,95,-13,13
25098,121,115,6,6
25099,78,85,-7,7
25100,98,93,5,5
25101,145,138,7,7
25102,122,116,6,6
25103,123,110,13,13
25104,76,77,-1,1
25105,195,166,29,29
25106,48,45,3,3
25107,59,73,-14,14
25108,73,77,-4,4
25109,73,79,-6,6
25110,63,62,1,1
25111,178,148,30,30
25112,69,68,1,1
25113,96,95,1,1
25114,67,73,-6,6
25115,46,53,-7,7
25116,88,89,-1,1
25117,47,60,-13,13
25118,45,51,-6,6
25119,47,48,-1,1
25120,123,117,6,6
25121,124,118,6,6
25122,167,149,18,18
25123,136,127,9,9
25124,72,79,-7,7
25125,109,108,1,1
25126,74,77,-3,3
25127,80,75,5,5
25128,126,122,4,4
25129,119,109,10,10
25130,60,68,-8,8
25131,98,99,-1,1
25132,128,115,13,13
25133,96,93,3,3
25134,109,104,5,5
25135,135,126,9,9
25136,86,80,6,6
25137,125,120,5,5
25138,71,80,-9,9
25139,137,128,9,9
25140,86,90,-4,4
25141,150,149,1,1
25142,83,94,-11,11
25143,57,63,-6,6
25144,87,88,-1,1
25145,58,72,-14,14
25146,74,83,-9,9
25147,168,141,27,27
25148,145,131,14,14
25149,65,71,-6,6
25150,76,79,-3,3
25151,114,111,3,3
25152,151,145,6,6
25153,146,157,-11,11
25154,65,69,-4,4
25155,77,86,-9,9
25156,165,143,22,22
25157,89,108,-19,19
25158,107,103,4,4
25159,96,110,-14,14
25160,115,115,0,0
25161,74,71,3,3
25162,160,146,14,14
25163,82,86,-4,4
25164,80,80,0,0
25165,94,101,-7,7
25166,97,100,-3,3
25167,48,72,-24,24
25168,79,75,4,4
25169,16,26,-10,10
25170,100,100,0,0
25171,51,73,-22,22
25172,86,84,2,2
25173,108,109,-1,1
25174,46,49,-3,3
25175,55,60,-5,5
25176,112,121,-9,9
25177,84,84,0,0
25178,100,98,2,2
25179,150,134,16,16
25180,138,131,7,7
25181,92,87,5,5
25182,66,71,-5,5
25183,103,102,1,1
25184,96,97,-1,1
25185,148,143,5,5
25186,81,85,-4,4
25187,45,69,-24,24
25188,126,119,7,7
25189,168,155,13,13
25190,76,81,-5,5
25191,134,135,-1,1
25192,83,88,-5,5
25193,118,110,8,8
25194,117,104,13,13
25195,100,106,-6,6
25196,96,103,-7,7
25197,122,113,9,9
25198,76,86,-10,10
25199,96,106,-10,10
25200,103,95,8,8
25201,70,74,-4,4
25202,209,172,37,37
25203,75,77,-2,2
25204,54,70,-16,16
25205,111,110,1,1
25206,70,70,0,0
25207,100,102,-2,2
25208,108,101,7,7
25209,56,66,-10,10
25210,172,168,4,4
25211,67,76,-9,9
25212,118,104,14,14
25213,47,57,-10,10
25214,69,71,-2,2
25215,85,90,-5,5
25216,63,62,1,1
25217,267,217,50,50
25218,101,100,1,1
25219,126,115,11,11
25220,99,99,0,0
25221,124,127,-3,3
25222,145,125,20,20
25223,83,82,1,1
25224,96,91,5,5
25225,149,162,-13,13
25226,65,69,-4,4
25227,83,81,2,2
25228,51,56,-5,5
25229,73,87,-14,14
25230,164,145,19,19
25231,76,83,-7,7
25232,86,86,0,0
25233,128,112,16,16
25234,126,111,15,15
25235,75,77,-2,2
25236,85,88,-3,3
25237,59,63,-4,4
25238,80,74,6,6
25239,115,105,10,10
25240,96,91,5,5
25241,57,66,-9,9
25242,78,74,4,4
25243,92,83,9,9
25244,114,110,4,4
25245,97,87,10,10
25246,67,68,-1,1
25247,68,94,-26,26
25248,88,87,1,1
25249,58,66,-8,8
25250,86,92,-6,6
25251,81,75,6,6
25252,80,84,-4,4
25253,107,108,-1,1
25254,65,71,-6,6
25255,77,77,0,0
25256,30,43,-13,13
25257,81,84,-3,3
25258,91,100,-9,9
25259,62,75,-13,13
25260,78,89,-11,11
25261,103,102,1,1
25262,113,104,9,9
25263,121,114,7,7
25264,75,78,-3,3
25265,113,112,1,1
25266,52,65,-13,13
25267,93,102,-9,9
25268,51,64,-13,13
25269,128,114,14,14
25270,86,82,4,4
25271,107,105,2,2
25272,105,105,0,0
25273,195,177,18,18
25274,64,65,-1,1
25275,56,76,-20,20
25276,38,82,-44,44
25277,111,126,-15,15
25278,72,77,-5,5
25279,103,102,1,1
25280,93,90,3,3
25281,90,95,-5,5
25282,64,79,-15,15
25283,142,126,16,16
25284,96,104,-8,8
25285,85,87,-2,2
25286,99,101,-2,2
25287,52,58,-6,6
25288,117,132,-15,15
25289,76,79,-3,3
25290,80,77,3,3
25291,99,89,10,10
25292,103,95,8,8
25293,60,71,-11,11
25294,96,95,1,1
25295,112,106,6,6
25296,77,73,4,4
25297,126,109,17,17
25298,125,119,6,6
25299,132,129,3,3
25300,79,84,-5,5
25301,106,105,1,1
25302,35,47,-12,12
25303,85,83,2,2
25304,63,64,-1,1
25305,65,79,-14,14
25306,23,55,-32,32
25307,73,77,-4,4
25308,103,106,-3,3
25309,79,78,1,1
25310,81,86,-5,5
25311,54,54,0,0
25312,77,83,-6,6
25313,90,87,3,3
25314,92,90,2,2
25315,54,67,-13,13
25316,101,103,-2,2
25317,102,95,7,7
25318,77,84,-7,7
25319,113,123,-10,10
25320,166,146,20,20
25321,74,81,-7,7
25322,116,114,2,2
25323,127,130,-3,3
25324,89,86,3,3
25325,101,98,3,3
25326,103,105,-2,2
25327,127,120,7,7
25328,83,80,3,3
25329,123,123,0,0
25330,118,121,-3,3
25331,160,148,12,12
25332,79,82,-3,3
25333,76,74,2,2
25334,51,51,0,0
25335,110,112,-2,2
25336,112,124,-12,12
25337,73,74,-1,1
25338,90,86,4,4
25339,87,90,-3,3
25340,97,100,-3,3
25341,51,55,-4,4
25342,175,160,15,15
25343,51,62,-11,11
25344,96,95,1,1
25345,96,82,14,14
25346,87,93,-6,6
25347,98,95,3,3
25348,195,166,29,29
25349,74,75,-1,1
25350,111,102,9,9
25351,62,67,-5,5
25352,62,71,-9,9
25353,50,59,-9,9
25354,77,80,-3,3
25355,68,62,6,6
25356,72,80,-8,8
25357,82,74,8,8
25358,69,75,-6,6
25359,133,128,5,5
25360,57,63,-6,6
25361,87,101,-14,14
25362,86,81,5,5
25363,53,84,-31,31
25364,111,124,-13,13
25365,85,94,-9,9
25366,68,72,-4,4
25367,82,89,-7,7
25368,125,111,14,14
25369,127,112,15,15
25370,46,86,-40,40
25371,125,126,-1,1
25372,133,119,14,14
25373,84,89,-5,5
25374,70,72,-2,2
25375,130,115,15,15
25376,86,88,-2,2
25377,161,147,14,14
25378,100,119,-19,19
25379,107,106,1,1
25380,89,95,-6,6
25381,62,54,8,8
25382,75,80,-5,5
25383,82,85,-3,3
25384,104,106,-2,2
25385,83,96,-13,13
25386,109,99,10,10
25387,57,56,1,1
25388,125,121,4,4
25389,87,79,8,8
25390,201,161,40,40
25391,75,80,-5,5
25392,80,81,-1,1
25393,143,147,-4,4
25394,120,115,5,5
25395,146,139,7,7
25396,70,68,2,2
25397,93,93,0,0
25398,110,109,1,1
25399,43,55,-12,12
25400,97,91,6,6
25401,70,68,2,2
25402,85,82,3,3
25403,91,100,-9,9
25404,85,89,-4,4
25405,120,112,8,8
25406,70,76,-6,6
25407,61,73,-12,12
25408,67,73,-6,6
25409,156,140,16,16
25410,45,46,-1,1
25411,121,124,-3,3
25412,93,104,-11,11
25413,111,116,-5,5
25414,72,83,-11,11
25415,44,50,-6,6
25416,140,141,-1,1
25417,52,63,-11,11
25418,70,74,-4,4
25419,117,115,2,2
25420,60,67,-7,7
25421,73,85,-12,12
25422,107,101,6,6
25423,90,100,-10,10
25424,59,75,-16,16
25425,102,103,-1,1
25426,73,78,-5,5
25427,86,90,-4,4
25428,58,64,-6,6
25429,66,68,-2,2
25430,62,98,-36,36
25431,130,122,8,8
25432,121,106,15,15
25433,114,105,9,9
25434,128,123,5,5
25435,106,108,-2,2
25436,94,88,6,6
25437,139,136,3,3
25438,57,57,0,0
25439,62,79,-17,17
25440,59,67,-8,8
25441,134,119,15,15
25442,88,88,0,0
25443,67,76,-9,9
25444,91,92,-1,1
25445,79,76,3,3
25446,99,101,-2,2
25447,135,141,-6,6
25448,118,114,4,4
25449,97,97,0,0
25450,96,87,9,9
25451,81,82,-1,1
25452,93,96,-3,3
25453,108,110,-2,2
25454,69,70,-1,1
25455,106,109,-3,3
25456,80,85,-5,5
25457,108,102,6,6
25458,95,90,5,5
25459,41,47,-6,6
25460,97,95,2,2
25461,161,132,29,29
25462,96,90,6,6
25463,86,94,-8,8
25464,123,108,15,15
25465,84,78,6,6
25466,81,87,-6,6
25467,99,96,3,3
25468,108,101,7,7
25469,57,68,-11,11
25470,82,85,-3,3
25471,117,138,-21,21
25472,78,88,-10,10
25473,206,184,22,22
25474,70,74,-4,4
25475,66,76,-10,10
25476,132,115,17,17
25477,73,72,1,1
25478,53,62,-9,9
25479,47,60,-13,13
25480,73,83,-10,10
25481,72,75,-3,3
25482,96,92,4,4
25483,182,167,15,15
25484,80,77,3,3
25485,98,91,7,7
25486,103,104,-1,1
25487,182,169,13,13
25488,136,140,-4,4
25489,101,100,1,1
25490,81,77,4,4
25491,161,143,18,18
25492,83,89,-6,6
25493,57,74,-17,17
25494,119,105,14,14
25495,103,98,5,5
25496,143,123,20,20
25497,61,101,-40,40
25498,117,111,6,6
25499,113,108,5,5
25500,94,100,-6,6
25501,70,75,-5,5
25502,116,115,1,1
25503,102,90,12,12
25504,154,142,12,12
25505,91,85,6,6
25506,105,108,-3,3
25507,114,119,-5,5
25508,160,153,7,7
25509,94,89,5,5
25510,151,129,22,22
25511,170,155,15,15
25512,76,75,1,1
25513,74,76,-2,2
25514,101,101,0,0
25515,62,63,-1,1
25516,84,87,-3,3
25517,109,105,4,4
25518,106,102,4,4
25519,119,106,13,13
25520,89,93,-4,4
25521,53,61,-8,8
25522,37,38,-1,1
25523,97,97,0,0
25524,91,88,3,3
25525,94,89,5,5
25526,111,96,15,15
25527,203,188,15,15
25528,71,72,-1,1
25529,63,70,-7,7
25530,55,66,-11,11
25531,87,84,3,3
25532,125,135,-10,10
25533,101,106,-5,5
25534,98,89,9,9
25535,116,119,-3,3
25536,79,83,-4,4
25537,206,181,25,25
25538,102,110,-8,8
25539,153,137,16,16
25540,86,93,-7,7
25541,60,64,-4,4
25542,95,108,-13,13
25543,156,139,17,17
25544,90,85,5,5
25545,131,120,11,11
25546,107,97,10,10
25547,56,62,-6,6
25548,96,98,-2,2
25549,67,83,-16,16
25550,66,71,-5,5
25551,116,115,1,1
25552,97,104,-7,7
25553,132,120,12,12
25554,87,92,-5,5
25555,94,97,-3,3
25556,50,59,-9,9
25557,104,95,9,9
25558,179,171,8,8
25559,121,103,18,18
25560,54,63,-9,9
25561,86,78,8,8
25562,29,25,4,4
25563,109,107,2,2
25564,81,92,-11,11
25565,75,86,-11,11
25566,179,154,25,25
25567,59,56,3,3
25568,122,112,10,10
25569,209,180,29,29
25570,53,62,-9,9
25571,79,73,6,6
25572,97,92,5,5
25573,99,103,-4,4
25574,50,53,-3,3
25575,81,89,-8,8
25576,77,75,2,2
25577,179,157,22,22
25578,100,106,-6,6
25579,57,71,-14,14
25580,88,90,-2,2
25581,47,61,-14,14
25582,92,92,0,0
25583,94,86,8,8
25584,49,75,-26,26
25585,155,130,25,25
25586,93,98,-5,5
25587,160,139,21,21
25588,34,41,-7,7
25589,109,104,5,5
25590,112,108,4,4
25591,65,66,-1,1
25592,76,72,4,4
25593,82,92,-10,10
25594,97,82,15,15
25595,72,80,-8,8
25596,95,97,-2,2
25597,59,68,-9,9
25598,52,60,-8,8
25599,81,77,4,4
25600,87,82,5,5
25601,129,120,9,9
25602,57,88,-31,31
25603,54,64,-10,10
25604,122,105,17,17
25605,90,89,1,1
25606,136,125,11,11
25607,55,61,-6,6
25608,69,78,-9,9
25609,118,110,8,8
25610,103,105,-2,2
25611,70,73,-3,3
25612,43,54,-11,11
25613,66,73,-7,7
25614,140,136,4,4
25615,89,97,-8,8
25616,147,116,31,31
25617,112,111,1,1
25618,78,71,7,7
25619,40,49,-9,9
25620,55,65,-10,10
25621,77,80,-3,3
25622,80,96,-16,16
25623,71,76,-5,5
25624,82,86,-4,4
25625,82,90,-8,8
25626,93,99,-6,6
25627,68,69,-1,1
25628,96,87,9,9
25629,116,113,3,3
25630,53,73,-20,20
25631,87,82,5,5
25632,116,114,2,2
25633,102,92,10,10
25634,89,84,5,5
25635,121,113,8,8
25636,92,88,4,4
25637,29,58,-29,29
25638,98,87,11,11
25639,70,65,5,5
25640,127,114,13,13
25641,208,184,24,24
25642,85,82,3,3
25643,84,94,-10,10
25644,92,96,-4,4
25645,118,130,-12,12
25646,66,72,-6,6
25647,79,84,-5,5
25648,167,145,22,22
25649,174,164,10,10
25650,92,89,3,3
25651,90,96,-6,6
25652,103,95,8,8
25653,85,84,1,1
25654,43,50,-7,7
25655,144,135,9,9
25656,66,68,-2,2
25657,33,56,-23,23
25658,50,65,-15,15
25659,68,71,-3,3
25660,152,153,-1,1
25661,102,95,7,7
25662,45,50,-5,5
25663,67,68,-1,1
25664,59,66,-7,7
25665,92,100,-8,8
25666,138,131,7,7
25667,152,140,12,12
25668,79,77,2,2
25669,122,120,2,2
25670,122,113,9,9
25671,59,72,-13,13
25672,164,141,23,23
25673,93,140,-47,47
25674,86,95,-9,9
25675,133,120,13,13
25676,95,106,-11,11
25677,86,90,-4,4
25678,76,76,0,0
25679,152,138,14,14
25680,99,89,10,10
25681,62,64,-2,2
25682,92,96,-4,4
25683,105,98,7,7
25684,95,92,3,3
25685,103,83,20,20
25686,64,71,-7,7
25687,113,123,-10,10
25688,139,136,3,3
25689,116,107,9,9
25690,109,113,-4,4
25691,110,108,2,2
25692,102,101,1,1
25693,108,111,-3,3
25694,83,76,7,7
25695,151,140,11,11
25696,84,91,-7,7
25697,109,102,7,7
25698,136,124,12,12
25699,109,103,6,6
25700,136,113,23,23
25701,109,102,7,7
25702,68,76,-8,8
25703,76,72,4,4
25704,81,83,-2,2
25705,102,101,1,1
25706,139,128,11,11
25707,86,90,-4,4
25708,105,97,8,8
25709,58,70,-12,12
25710,35,53,-18,18
25711,49,62,-13,13
25712,82,81,1,1
25713,70,78,-8,8
25714,79,84,-5,5
25715,66,65,1,1
25716,122,116,6,6
25717,77,76,1,1
25718,120,114,6,6
25719,155,134,21,21
25720,123,121,2,2
25721,74,80,-6,6
25722,88,88,0,0
25723,143,136,7,7
25724,88,76,12,12
25725,57,66,-9,9
25726,130,118,12,12
25727,81,91,-10,10
25728,83,90,-7,7
25729,173,143,30,30
25730,66,73,-7,7
25731,91,90,1,1
25732,70,68,2,2
25733,73,65,8,8
25734,72,83,-11,11
25735,73,75,-2,2
25736,109,115,-6,6
25737,106,72,34,34
25738,72,74,-2,2
25739,80,87,-7,7
25740,188,163,25,25
25741,112,107,5,5
25742,116,109,7,7
25743,115,103,12,12
25744,97,96,1,1
25745,171,158,13,13
25746,96,103,-7,7
25747,97,91,6,6
25748,60,68,-8,8
25749,119,104,15,15
25750,144,135,9,9
25751,64,68,-4,4
25752,55,66,-11,11
25753,92,88,4,4
25754,92,89,3,3
25755,133,130,3,3
25756,62,68,-6,6
25757,143,134,9,9
25758,92,99,-7,7
25759,95,113,-18,18
25760,43,47,-4,4
25761,110,106,4,4
25762,94,84,10,10
25763,68,74,-6,6
25764,81,82,-1,1
25765,150,128,22,22
25766,129,123,6,6
25767,133,119,14,14
25768,105,103,2,2
25769,66,85,-19,19
25770,91,93,-2,2
25771,90,78,12,12
25772,117,98,19,19
25773,140,127,13,13
25774,165,141,24,24
25775,95,95,0,0
25776,85,81,4,4
25777,158,133,25,25
25778,138,139,-1,1
25779,96,95,1,1
25780,122,115,7,7
25781,65,67,-2,2
25782,63,66,-3,3
25783,111,106,5,5
25784,80,101,-21,21
25785,79,83,-4,4
25786,100,92,8,8
25787,81,83,-2,2
25788,92,94,-2,2
25789,75,95,-20,20
25790,82,86,-4,4
25791,79,89,-10,10
25792,57,73,-16,16
25793,148,121,27,27
25794,79,81,-2,2
25795,122,115,7,7
25796,82,85,-3,3
25797,61,64,-3,3
25798,38,49,-11,11
25799,94,103,-9,9
25800,101,87,14,14
25801,89,85,4,4
25802,68,70,-2,2
25803,47,64,-17,17
25804,90,86,4,4
25805,60,68,-8,8
25806,114,107,7,7
25807,80,88,-8,8
25808,127,109,18,18
25809,102,108,-6,6
25810,69,71,-2,2
25811,53,72,-19,19
25812,59,71,-12,12
25813,95,100,-5,5
25814,64,68,-4,4
25815,144,145,-1,1
25816,71,61,10,10
25817,100,104,-4,4
25818,116,114,2,2
25819,104,99,5,5
25820,177,173,4,4
25821,108,102,6,6
25822,132,120,12,12
25823,118,106,12,12
25824,135,142,-7,7
25825,115,109,6,6
25826,73,78,-5,5
25827,133,121,12,12
25828,95,95,0,0
25829,80,83,-3,3
25830,48,78,-30,30
25831,158,144,14,14
25832,73,78,-5,5
25833,94,89,5,5
25834,74,94,-20,20
25835,154,148,6,6
25836,127,124,3,3
25837,73,75,-2,2
25838,89,86,3,3
25839,61,68,-7,7
25840,87,79,8,8
25841,65,83,-18,18
25842,81,89,-8,8
25843,99,98,1,1
25844,83,90,-7,7
25845,90,90,0,0
25846,82,84,-2,2
25847,115,105,10,10
25848,137,134,3,3
25849,78,80,-2,2
25850,94,87,7,7
25851,101,102,-1,1
25852,96,94,2,2
25853,77,77,0,0
25854,112,104,8,8
25855,138,132,6,6
25856,98,95,3,3
25857,91,92,-1,1
25858,143,130,13,13
25859,153,142,11,11
25860,40,43,-3,3
25861,69,69,0,0
25862,67,68,-1,1
25863,43,57,-14,14
25864,104,103,1,1
25865,117,107,10,10
25866,84,79,5,5
25867,84,88,-4,4
25868,74,71,3,3
25869,75,74,1,1
25870,147,146,1,1
25871,94,97,-3,3
25872,92,91,1,1
25873,71,76,-5,5
25874,84,83,1,1
25875,78,98,-20,20
25876,83,83,0,0
25877,84,91,-7,7
25878,42,56,-14,14
25879,149,141,8,8
25880,95,100,-5,5
25881,132,115,17,17
25882,83,94,-11,11
25883,131,127,4,4
25884,62,70,-8,8
25885,87,87,0,0
25886,91,82,9,9
25887,155,160,-5,5
25888,73,84,-11,11
25889,98,99,-1,1
25890,72,73,-1,1
25891,75,79,-4,4
25892,147,137,10,10
25893,54,68,-14,14
25894,128,120,8,8
25895,98,98,0,0
25896,111,105,6,6
25897,81,85,-4,4
25898,87,79,8,8
25899,28,68,-40,40
25900,123,119,4,4
25901,82,78,4,4
25902,82,73,9,9
25903,113,104,9,9
25904,121,128,-7,7
25905,124,118,6,6
25906,85,82,3,3
25907,82,85,-3,3
25908,107,110,-3,3
25909,113,112,1,1
25910,74,85,-11,11
25911,97,92,5,5
25912,56,66,-10,10
25913,89,89,0,0
25914,132,121,11,11
25915,134,124,10,10
25916,93,95,-2,2
25917,128,131,-3,3
25918,121,120,1,1
25919,132,133,-1,1
25920,114,112,2,2
25921,93,89,4,4
25922,132,125,7,7
25923,139,116,23,23
25924,59,64,-5,5
25925,185,155,30,30
25926,47,61,-14,14
25927,68,75,-7,7
25928,122,125,-3,3
25929,130,132,-2,2
25930,98,98,0,0
25931,42,51,-9,9
25932,125,119,6,6
25933,56,62,-6,6
25934,129,124,5,5
25935,60,84,-24,24
25936,51,57,-6,6
25937,78,84,-6,6
25938,62,73,-11,11
25939,80,94,-14,14
25940,39,52,-13,13
25941,120,117,3,3
25942,100,92,8,8
25943,112,118,-6,6
25944,85,86,-1,1
25945,118,110,8,8
25946,124,128,-4,4
25947,56,61,-5,5
25948,97,101,-4,4
25949,83,91,-8,8
25950,91,90,1,1
25951,68,73,-5,5
25952,108,110,-2,2
25953,87,90,-3,3
25954,57,66,-9,9
25955,70,72,-2,2
25956,87,91,-4,4
25957,111,103,8,8
25958,79,86,-7,7
25959,117,105,12,12
25960,95,100,-5,5
25961,139,127,12,12
25962,52,54,-2,2
25963,47,98,-51,51
25964,104,102,2,2
25965,89,84,5,5
25966,86,91,-5,5
25967,90,85,5,5
25968,113,107,6,6
25969,89,90,-1,1
25970,94,99,-5,5
25971,134,125,9,9
25972,63,65,-2,2
25973,102,99,3,3
25974,146,130,16,16
25975,140,133,7,7
25976,73,76,-3,3
25977,127,125,2,2
25978,47,64,-17,17
25979,90,105,-15,15
25980,77,80,-3,3
25981,136,124,12,12
25982,121,118,3,3
25983,82,80,2,2
25984,114,123,-9,9
25985,114,107,7,7
25986,80,79,1,1
25987,82,78,4,4
25988,79,78,1,1
25989,107,110,-3,3
25990,113,101,12,12
25991,114,108,6,6
25992,52,64,-12,12
25993,67,70,-3,3
25994,74,80,-6,6
25995,113,110,3,3
25996,77,78,-1,1
25997,125,125,0,0
25998,60,61,-1,1
25999,78,81,-3,3
26000,94,95,-1,1
26001,102,98,4,4
26002,115,105,10,10
26003,114,108,6,6
26004,115,116,-1,1
26005,109,105,4,4
26006,107,112,-5,5
26007,80,80,0,0
26008,111,105,6,6
26009,36,59,-23,23
26010,78,82,-4,4
26011,87,85,2,2
26012,74,78,-4,4
26013,70,76,-6,6
26014,64,71,-7,7
26015,51,58,-7,7
26016,97,96,1,1
26017,106,101,5,5
26018,150,139,11,11
26019,105,93,12,12
26020,80,86,-6,6
26021,81,84,-3,3
26022,78,86,-8,8
26023,103,104,-1,1
26024,68,73,-5,5
26025,69,74,-5,5
26026,100,114,-14,14
26027,100,86,14,14
26028,171,155,16,16
26029,102,99,3,3
26030,98,89,9,9
26031,81,88,-7,7
26032,86,82,4,4
26033,47,59,-12,12
26034,83,89,-6,6
26035,139,134,5,5
26036,71,79,-8,8
26037,142,132,10,10
26038,65,67,-2,2
26039,68,70,-2,2
26040,63,69,-6,6
26041,105,95,10,10
26042,53,65,-12,12
26043,126,118,8,8
26044,137,136,1,1
26045,64,66,-2,2
26046,126,134,-8,8
26047,117,107,10,10
26048,65,93,-28,28
26049,133,131,2,2
26050,64,64,0,0
26051,96,88,8,8
26052,92,92,0,0
26053,99,102,-3,3
26054,148,143,5,5
26055,54,59,-5,5
26056,99,83,16,16
26057,89,100,-11,11
26058,63,68,-5,5
26059,90,88,2,2
26060,71,83,-12,12
26061,82,76,6,6
26062,89,86,3,3
26063,58,63,-5,5
26064,88,92,-4,4
26065,91,93,-2,2
26066,29,34,-5,5
26067,63,77,-14,14
26068,73,75,-2,2
26069,68,69,-1,1
26070,76,85,-9,9
26071,73,69,4,4
26072,152,133,19,19
26073,113,103,10,10
26074,57,54,3,3
26075,81,82,-1,1
26076,102,108,-6,6
26077,87,110,-23,23
26078,106,107,-1,1
26079,83,90,-7,7
26080,164,148,16,16
26081,122,107,15,15
26082,68,77,-9,9
26083,79,79,0,0
26084,57,65,-8,8
26085,116,117,-1,1
26086,57,64,-7,7
26087,105,93,12,12
26088,95,86,9,9
26089,164,152,12,12
26090,159,156,3,3
26091,92,80,12,12
26092,100,110,-10,10
26093,64,65,-1,1
26094,121,152,-31,31
26095,157,138,19,19
26096,116,111,5,5
26097,46,55,-9,9
26098,106,100,6,6
26099,67,76,-9,9
26100,83,88,-5,5
26101,66,66,0,0
26102,105,110,-5,5
26103,166,160,6,6
26104,109,92,17,17
26105,75,78,-3,3
26106,86,84,2,2
26107,91,86,5,5
26108,76,78,-2,2
26109,149,150,-1,1
26110,102,96,6,6
26111,76,81,-5,5
26112,64,65,-1,1
26113,108,101,7,7
26114,99,96,3,3
26115,104,105,-1,1
26116,136,136,0,0
26117,72,87,-15,15
26118,92,82,10,10
26119,70,75,-5,5
26120,69,74,-5,5
26121,154,141,13,13
26122,129,119,10,10
26123,102,96,6,6
26124,107,102,5,5
26125,107,108,-1,1
26126,75,72,3,3
26127,108,101,7,7
26128,96,90,6,6
26129,80,86,-6,6
26130,73,78,-5,5
26131,129,123,6,6
26132,57,63,-6,6
26133,92,91,1,1
26134,70,81,-11,11
26135,61,73,-12,12
26136,52,74,-22,22
26137,145,131,14,14
26138,74,80,-6,6
26139,75,72,3,3
26140,134,127,7,7
26141,105,109,-4,4
26142,108,99,9,9
26143,98,101,-3,3
26144,96,87,9,9
26145,135,128,7,7
26146,103,103,0,0
26147,84,82,2,2
26148,132,120,12,12
26149,114,98,16,16
26150,87,83,4,4
26151,55,62,-7,7
26152,65,63,2,2
26153,48,63,-15,15
26154,64,68,-4,4
26155,113,98,15,15
26156,137,122,15,15
26157,124,118,6,6
26158,47,55,-8,8
26159,103,96,7,7
26160,136,127,9,9
26161,80,81,-1,1
26162,65,90,-25,25
26163,117,104,13,13
26164,113,116,-3,3
26165,71,69,2,2
26166,132,134,-2,2
26167,102,87,15,15
26168,191,172,19,19
26169,127,116,11,11
26170,102,103,-1,1
26171,104,99,5,5
26172,113,109,4,4
26173,74,90,-16,16
26174,143,136,7,7
26175,73,71,2,2
26176,143,133,10,10
26177,120,109,11,11
26178,95,92,3,3
26179,84,90,-6,6
26180,146,138,8,8
26181,70,70,0,0
26182,125,107,18,18
26183,79,81,-2,2
26184,77,87,-10,10
26185,69,70,-1,1
26186,100,99,1,1
26187,190,161,29,29
26188,90,90,0,0
26189,67,82,-15,15
26190,179,163,16,16
26191,68,79,-11,11
26192,79,93,-14,14
26193,149,129,20,20
26194,87,74,13,13
26195,58,85,-27,27
26196,176,171,5,5
26197,67,71,-4,4
26198,76,81,-5,5
26199,127,119,8,8
26200,73,73,0,0
26201,68,71,-3,3
26202,70,73,-3,3
26203,101,95,6,6
26204,122,125,-3,3
26205,95,89,6,6
26206,90,87,3,3
26207,85,89,-4,4
26208,138,129,9,9
26209,115,114,1,1
26210,122,113,9,9
26211,59,61,-2,2
26212,51,58,-7,7
26213,106,97,9,9
26214,110,110,0,0
26215,111,110,1,1
26216,62,83,-21,21
26217,93,83,10,10
26218,46,52,-6,6
26219,107,108,-1,1
26220,144,126,18,18
26221,92,82,10,10
26222,92,90,2,2
26223,95,105,-10,10
26224,154,141,13,13
26225,54,59,-5,5
26226,102,101,1,1
26227,61,72,-11,11
26228,109,113,-4,4
26229,155,129,26,26
26230,83,74,9,9
26231,79,81,-2,2
26232,102,102,0,0
26233,133,113,20,20
26234,134,135,-1,1
26235,81,79,2,2
26236,151,141,10,10
26237,46,56,-10,10
26238,97,95,2,2
26239,62,63,-1,1
26240,114,111,3,3
26241,83,88,-5,5
26242,114,107,7,7
26243,87,96,-9,9
26244,110,95,15,15
26245,232,215,17,17
26246,35,47,-12,12
26247,96,93,3,3
26248,87,90,-3,3
26249,52,59,-7,7
26250,89,85,4,4
26251,84,77,7,7
26252,84,88,-4,4
26253,151,139,12,12
26254,51,60,-9,9
26255,112,103,9,9
26256,189,169,20,20
26257,68,71,-3,3
26258,77,79,-2,2
26259,62,69,-7,7
26260,112,111,1,1
26261,95,94,1,1
26262,81,87,-6,6
26263,108,96,12,12
26264,96,95,1,1
26265,58,58,0,0
26266,84,84,0,0
26267,116,103,13,13
26268,97,98,-1,1
26269,92,90,2,2
26270,101,108,-7,7
26271,56,56,0,0
26272,74,79,-5,5
26273,115,106,9,9
26274,74,82,-8,8
26275,58,61,-3,3
26276,129,127,2,2
26277,91,91,0,0
26278,59,59,0,0
26279,52,58,-6,6
26280,73,80,-7,7
26281,69,68,1,1
26282,119,96,23,23
26283,126,117,9,9
26284,114,93,21,21
26285,100,106,-6,6
26286,86,84,2,2
26287,116,126,-10,10
26288,72,73,-1,1
26289,61,70,-9,9
26290,83,79,4,4
26291,94,96,-2,2
26292,90,98,-8,8
26293,93,102,-9,9
26294,31,43,-12,12
26295,163,149,14,14
26296,99,94,5,5
26297,46,58,-12,12
26298,55,64,-9,9
26299,75,83,-8,8
26300,72,81,-9,9
26301,107,94,13,13
26302,89,96,-7,7
26303,66,58,8,8
26304,67,76,-9,9
26305,145,138,7,7
26306,151,139,12,12
26307,153,129,24,24
26308,56,59,-3,3
26309,97,100,-3,3
26310,162,142,20,20
26311,90,89,1,1
26312,106,97,9,9
26313,27,31,-4,4
26314,93,86,7,7
26315,105,101,4,4
26316,123,131,-8,8
26317,61,70,-9,9
26318,64,63,1,1
26319,109,111,-2,2
26320,153,144,9,9
26321,81,80,1,1
26322,167,143,24,24
26323,100,94,6,6
26324,40,59,-19,19
26325,84,94,-10,10
26326,126,122,4,4
26327,69,73,-4,4
26328,54,49,5,5
26329,41,51,-10,10
26330,86,94,-8,8
26331,71,69,2,2
26332,97,94,3,3
26333,131,131,0,0
26334,42,49,-7,7
26335,102,102,0,0
26336,83,87,-4,4
26337,187,163,24,24
26338,180,166,14,14
26339,73,79,-6,6
26340,108,125,-17,17
26341,57,67,-10,10
26342,121,115,6,6
26343,88,89,-1,1
26344,105,103,2,2
26345,80,90,-10,10
26346,86,93,-7,7
26347,124,117,7,7
26348,117,111,6,6
26349,112,107,5,5
26350,66,69,-3,3
26351,94,101,-7,7
26352,107,107,0,0
26353,45,50,-5,5
26354,121,114,7,7
26355,82,76,6,6
26356,69,73,-4,4
26357,160,140,20,20
26358,119,107,12,12
26359,58,64,-6,6
26360,100,94,6,6
26361,72,75,-3,3
26362,67,71,-4,4
26363,66,69,-3,3
26364,119,111,8,8
26365,138,139,-1,1
26366,65,68,-3,3
26367,105,106,-1,1
26368,36,56,-20,20
26369,69,72,-3,3
26370,78,78,0,0
26371,131,116,15,15
26372,109,116,-7,7
26373,75,74,1,1
26374,63,62,1,1
26375,53,66,-13,13
26376,105,107,-2,2
26377,64,75,-11,11
26378,70,78,-8,8
26379,26,37,-11,11
26380,181,164,17,17
26381,66,71,-5,5
26382,130,133,-3,3
26383,122,119,3,3
26384,94,94,0,0
26385,124,121,3,3
26386,70,79,-9,9
26387,114,113,1,1
26388,93,87,6,6
26389,106,112,-6,6
26390,96,93,3,3
26391,90,96,-6,6
26392,118,117,1,1
26393,63,88,-25,25
26394,79,87,-8,8
26395,43,56,-13,13
26396,112,114,-2,2
26397,45,38,7,7
26398,114,119,-5,5
26399,107,96,11,11
26400,83,81,2,2
26401,40,48,-8,8
26402,98,101,-3,3
26403,115,110,5,5
26404,92,100,-8,8
26405,131,133,-2,2
26406,106,91,15,15
26407,99,96,3,3
26408,67,68,-1,1
26409,171,153,18,18
26410,128,107,21,21
26411,88,85,3,3
26412,56,65,-9,9
26413,113,105,8,8
26414,62,51,11,11
26415,81,75,6,6
26416,83,91,-8,8
26417,113,104,9,9
26418,100,103,-3,3
26419,91,86,5,5
26420,79,89,-10,10
26421,156,142,14,14
26422,113,109,4,4
26423,67,83,-16,16
26424,129,119,10,10
26425,89,91,-2,2
26426,66,70,-4,4
26427,102,103,-1,1
26428,131,125,6,6
26429,111,110,1,1
26430,47,51,-4,4
26431,37,53,-16,16
26432,92,95,-3,3
26433,91,90,1,1
26434,101,98,3,3
26435,43,59,-16,16
26436,78,73,5,5
26437,102,103,-1,1
26438,92,91,1,1
26439,96,106,-10,10
26440,109,110,-1,1
26441,98,101,-3,3
26442,131,115,16,16
26443,104,106,-2,2
26444,96,121,-25,25
26445,98,97,1,1
26446,66,70,-4,4
26447,75,79,-4,4
26448,70,74,-4,4
26449,49,58,-9,9
26450,110,96,14,14
26451,128,111,17,17
26452,50,54,-4,4
26453,85,88,-3,3
26454,59,61,-2,2
26455,41,59,-18,18
26456,71,73,-2,2
26457,117,106,11,11
26458,91,93,-2,2
26459,64,70,-6,6
26460,118,117,1,1
26461,43,53,-10,10
26462,134,126,8,8
26463,101,93,8,8
26464,109,97,12,12
26465,114,122,-8,8
26466,118,124,-6,6
26467,70,82,-12,12
26468,102,99,3,3
26469,157,149,8,8
26470,308,263,45,45
26471,104,113,-9,9
26472,106,91,15,15
26473,74,76,-2,2
26474,148,133,15,15
26475,106,106,0,0
26476,74,77,-3,3
26477,118,109,9,9
26478,114,114,0,0
26479,60,63,-3,3
26480,135,117,18,18
26481,60,64,-4,4
26482,62,71,-9,9
26483,120,121,-1,1
26484,150,156,-6,6
26485,112,102,10,10
26486,87,89,-2,2
26487,100,103,-3,3
26488,52,63,-11,11
26489,82,86,-4,4
26490,136,136,0,0
26491,65,72,-7,7
26492,104,95,9,9
26493,134,123,11,11
26494,104,94,10,10
26495,119,114,5,5
26496,119,109,10,10
26497,60,76,-16,16
26498,155,146,9,9
26499,129,127,2,2
26500,46,57,-11,11
26501,58,66,-8,8
26502,73,65,8,8
26503,114,104,10,10
26504,85,94,-9,9
26505,77,78,-1,1
26506,89,85,4,4
26507,186,163,23,23
26508,74,76,-2,2
26509,80,74,6,6
26510,108,108,0,0
26511,112,84,28,28
26512,38,42,-4,4
26513,61,59,2,2
26514,109,102,7,7
26515,46,43,3,3
26516,139,125,14,14
26517,85,89,-4,4
26518,97,89,8,8
26519,60,74,-14,14
26520,36,48,-12,12
26521,89,99,-10,10
26522,147,137,10,10
26523,94,82,12,12
26524,88,86,2,2
26525,120,110,10,10
26526,75,87,-12,12
26527,95,95,0,0
26528,90,87,3,3
26529,46,60,-14,14
26530,49,55,-6,6
26531,145,134,11,11
26532,93,84,9,9
26533,48,51,-3,3
26534,93,91,2,2
26535,76,73,3,3
26536,51,58,-7,7
26537,102,93,9,9
26538,86,87,-1,1
26539,88,83,5,5
26540,97,100,-3,3
26541,139,124,15,15
26542,163,147,16,16
26543,91,98,-7,7
26544,139,121,18,18
26545,56,68,-12,12
26546,56,74,-18,18
26547,84,84,0,0
26548,85,88,-3,3
26549,55,62,-7,7
26550,82,82,0,0
26551,90,86,4,4
26552,102,89,13,13
26553,46,57,-11,11
26554,151,143,8,8
26555,90,88,2,2
26556,78,110,-32,32
26557,70,67,3,3
26558,126,113,13,13
26559,114,113,1,1
26560,135,117,18,18
26561,209,180,29,29
26562,163,147,16,16
26563,62,69,-7,7
26564,79,96,-17,17
26565,90,87,3,3
26566,126,114,12,12
26567,161,137,24,24
26568,119,109,10,10
26569,65,79,-14,14
26570,75,101,-26,26
26571,94,84,10,10
26572,57,58,-1,1
26573,60,64,-4,4
26574,62,67,-5,5
26575,61,71,-10,10
26576,174,156,18,18
26577,65,72,-7,7
26578,122,115,7,7
26579,103,116,-13,13
26580,66,72,-6,6
26581,110,101,9,9
26582,59,68,-9,9
26583,120,109,11,11
26584,101,101,0,0
26585,94,92,2,2
26586,125,119,6,6
26587,76,75,1,1
26588,66,71,-5,5
26589,85,90,-5,5
26590,101,102,-1,1
26591,79,80,-1,1
26592,179,150,29,29
26593,73,83,-10,10
26594,97,103,-6,6
26595,40,68,-28,28
26596,75,76,-1,1
26597,157,146,11,11
26598,77,79,-2,2
26599,108,114,-6,6
26600,129,117,12,12
26601,100,97,3,3
26602,76,93,-17,17
26603,40,45,-5,5
26604,72,76,-4,4
26605,81,81,0,0
26606,122,112,10,10
26607,77,73,4,4
26608,162,150,12,12
26609,52,57,-5,5
26610,86,81,5,5
26611,61,57,4,4
26612,139,129,10,10
26613,122,115,7,7
26614,129,128,1,1
26615,64,65,-1,1
26616,53,60,-7,7
26617,163,150,13,13
26618,76,86,-10,10
26619,47,53,-6,6
26620,57,66,-9,9
26621,142,128,14,14
26622,89,80,9,9
26623,100,103,-3,3
26624,126,128,-2,2
26625,149,131,18,18
26626,102,96,6,6
26627,51,62,-11,11
26628,131,112,19,19
26629,113,110,3,3
26630,128,114,14,14
26631,84,76,8,8
26632,88,87,1,1
26633,96,90,6,6
26634,131,112,19,19
26635,142,129,13,13
26636,139,127,12,12
26637,62,69,-7,7
26638,162,159,3,3
26639,100,101,-1,1
26640,94,89,5,5
26641,118,108,10,10
26642,140,121,19,19
26643,105,101,4,4
26644,54,64,-10,10
26645,80,83,-3,3
26646,54,58,-4,4
26647,82,87,-5,5
26648,78,80,-2,2
26649,81,81,0,0
26650,55,60,-5,5
26651,142,141,1,1
26652,152,137,15,15
26653,121,114,7,7
26654,109,103,6,6
26655,80,88,-8,8
26656,73,77,-4,4
26657,154,120,34,34
26658,122,121,1,1
26659,85,85,0,0
26660,65,75,-10,10
26661,127,113,14,14
26662,44,51,-7,7
26663,90,100,-10,10
26664,115,112,3,3
26665,124,118,6,6
26666,148,143,5,5
26667,49,53,-4,4
26668,77,78,-1,1
26669,173,157,16,16
26670,68,75,-7,7
26671,149,142,7,7
26672,73,74,-1,1
26673,54,59,-5,5
26674,90,82,8,8
26675,73,78,-5,5
26676,74,81,-7,7
26677,49,50,-1,1
26678,79,75,4,4
26679,117,115,2,2
26680,57,70,-13,13
26681,123,109,14,14
26682,94,93,1,1
26683,124,105,19,19
26684,74,79,-5,5
26685,63,69,-6,6
26686,116,106,10,10
26687,93,87,6,6
26688,115,118,-3,3
26689,64,67,-3,3
26690,117,117,0,0
26691,74,80,-6,6
26692,49,49,0,0
26693,72,70,2,2
26694,86,93,-7,7
26695,52,60,-8,8
26696,87,88,-1,1
26697,152,144,8,8
26698,61,71,-10,10
26699,67,75,-8,8
26700,64,74,-10,10
26701,100,101,-1,1
26702,135,114,21,21
26703,120,119,1,1
26704,124,110,14,14
26705,105,108,-3,3
26706,144,145,-1,1
26707,100,103,-3,3
26708,80,82,-2,2
26709,73,89,-16,16
26710,82,86,-4,4
26711,76,73,3,3
26712,115,113,2,2
26713,106,106,0,0
26714,125,124,1,1
26715,86,82,4,4
26716,94,90,4,4
26717,80,85,-5,5
26718,145,125,20,20
26719,122,113,9,9
26720,122,114,8,8
26721,115,105,10,10
26722,66,69,-3,3
26723,85,79,6,6
26724,95,102,-7,7
26725,110,99,11,11
26726,49,67,-18,18
26727,80,95,-15,15
26728,101,95,6,6
26729,77,79,-2,2
26730,89,100,-11,11
26731,130,113,17,17
26732,106,117,-11,11
26733,56,58,-2,2
26734,68,68,0,0
26735,152,139,13,13
26736,113,114,-1,1
26737,98,96,2,2
26738,125,115,10,10
26739,71,74,-3,3
26740,123,114,9,9
26741,97,80,17,17
26742,77,78,-1,1
26743,56,67,-11,11
26744,127,120,7,7
26745,49,63,-14,14
26746,115,107,8,8
26747,61,65,-4,4
26748,97,90,7,7
26749,101,104,-3,3
26750,77,86,-9,9
26751,117,123,-6,6
26752,90,98,-8,8
26753,120,112,8,8
26754,80,84,-4,4
26755,71,69,2,2
26756,54,62,-8,8
26757,80,86,-6,6
26758,110,108,2,2
26759,71,89,-18,18
26760,82,88,-6,6
26761,68,79,-11,11
26762,78,87,-9,9
26763,69,66,3,3
26764,87,96,-9,9
26765,94,87,7,7
26766,137,126,11,11
26767,57,63,-6,6
26768,56,59,-3,3
26769,57,71,-14,14
26770,62,65,-3,3
26771,63,76,-13,13
26772,165,147,18,18
26773,115,107,8,8
26774,133,125,8,8
26775,94,84,10,10
26776,107,108,-1,1
26777,106,100,6,6
26778,112,116,-4,4
26779,93,94,-1,1
26780,55,65,-10,10
26781,85,88,-3,3
26782,41,50,-9,9
26783,120,108,12,12
26784,99,94,5,5
26785,83,75,8,8
26786,84,84,0,0
26787,110,106,4,4
26788,124,131,-7,7
26789,122,112,10,10
26790,38,45,-7,7
26791,120,109,11,11
26792,97,102,-5,5
26793,61,69,-8,8
26794,113,115,-2,2
26795,74,72,2,2
26796,79,77,2,2
26797,125,107,18,18
26798,81,84,-3,3
26799,125,118,7,7
26800,123,121,2,2
26801,90,97,-7,7
26802,48,58,-10,10
26803,55,67,-12,12
26804,62,77,-15,15
26805,64,79,-15,15
26806,91,90,1,1
26807,145,141,4,4
26808,86,82,4,4
26809,66,76,-10,10
26810,116,120,-4,4
26811,76,78,-2,2
26812,88,94,-6,6
26813,103,109,-6,6
26814,97,104,-7,7
26815,138,127,11,11
26816,75,80,-5,5
26817,92,86,6,6
26818,149,143,6,6
26819,60,65,-5,5
26820,108,107,1,1
26821,30,36,-6,6
26822,89,84,5,5
26823,49,63,-14,14
26824,97,89,8,8
26825,128,112,16,16
26826,96,96,0,0
26827,96,94,2,2
26828,63,60,3,3
26829,76,77,-1,1
26830,106,107,-1,1
26831,79,89,-10,10
26832,127,119,8,8
26833,45,56,-11,11
26834,105,110,-5,5
26835,90,88,2,2
26836,43,55,-12,12
26837,235,154,81,81
26838,50,63,-13,13
26839,111,104,7,7
26840,69,65,4,4
26841,52,131,-79,79
26842,105,104,1,1
26843,49,55,-6,6
26844,66,73,-7,7
26845,64,70,-6,6
26846,75,74,1,1
26847,70,74,-4,4
26848,96,93,3,3
26849,86,90,-4,4
26850,109,104,5,5
26851,357,213,144,144
26852,74,76,-2,2
26853,96,100,-4,4
26854,101,105,-4,4
26855,86,89,-3,3
26856,97,88,9,9
26857,47,46,1,1
26858,76,91,-15,15
26859,139,127,12,12
26860,127,122,5,5
26861,119,109,10,10
26862,133,123,10,10
26863,190,179,11,11
26864,119,108,11,11
26865,96,93,3,3
26866,31,35,-4,4
26867,94,105,-11,11
26868,112,124,-12,12
26869,104,100,4,4
26870,162,141,21,21
26871,128,119,9,9
26872,142,138,4,4
26873,107,77,30,30
26874,120,105,15,15
26875,57,67,-10,10
26876,157,142,15,15
26877,94,89,5,5
26878,109,117,-8,8
26879,58,71,-13,13
26880,108,92,16,16
26881,88,85,3,3
26882,123,120,3,3
26883,85,86,-1,1
26884,136,143,-7,7
26885,72,81,-9,9
26886,77,79,-2,2
26887,59,61,-2,2
26888,154,136,18,18
26889,63,80,-17,17
26890,40,49,-9,9
26891,142,145,-3,3
26892,160,143,17,17
26893,68,63,5,5
26894,91,84,7,7
26895,77,84,-7,7
26896,135,127,8,8
26897,134,188,-54,54
26898,172,164,8,8
26899,131,152,-21,21
26900,86,94,-8,8
26901,67,77,-10,10
26902,55,59,-4,4
26903,148,136,12,12
26904,66,74,-8,8
26905,120,104,16,16
26906,83,85,-2,2
26907,101,93,8,8
26908,83,77,6,6
26909,106,123,-17,17
26910,99,96,3,3
26911,67,71,-4,4
26912,130,124,6,6
26913,79,82,-3,3
26914,43,54,-11,11
26915,146,132,14,14
26916,57,62,-5,5
26917,100,110,-10,10
26918,139,118,21,21
26919,114,102,12,12
26920,61,68,-7,7
26921,77,95,-18,18
26922,102,109,-7,7
26923,104,97,7,7
26924,145,135,10,10
26925,81,89,-8,8
26926,87,95,-8,8
26927,135,137,-2,2
26928,117,113,4,4
26929,82,75,7,7
26930,118,113,5,5
26931,106,111,-5,5
26932,123,122,1,1
26933,109,109,0,0
26934,66,70,-4,4
26935,86,89,-3,3
26936,104,105,-1,1
26937,61,74,-13,13
26938,59,86,-27,27
26939,68,73,-5,5
26940,68,72,-4,4
26941,63,71,-8,8
26942,85,83,2,2
26943,135,133,2,2
26944,117,119,-2,2
26945,134,119,15,15
26946,104,104,0,0
26947,73,76,-3,3
26948,79,78,1,1
26949,137,128,9,9
26950,106,95,11,11
26951,80,73,7,7
26952,175,149,26,26
26953,96,101,-5,5
26954,137,124,13,13
26955,119,111,8,8
26956,118,108,10,10
26957,135,128,7,7
26958,127,104,23,23
26959,103,104,-1,1
26960,87,89,-2,2
26961,90,75,15,15
26962,50,59,-9,9
26963,68,74,-6,6
26964,75,80,-5,5
26965,150,145,5,5
26966,107,100,7,7
26967,122,117,5,5
26968,48,50,-2,2
26969,141,136,5,5
26970,96,90,6,6
26971,93,94,-1,1
26972,85,83,2,2
26973,55,63,-8,8
26974,51,61,-10,10
26975,99,95,4,4
26976,52,68,-16,16
26977,79,73,6,6
26978,110,107,3,3
26979,121,110,11,11
26980,37,41,-4,4
26981,92,95,-3,3
26982,66,61,5,5
26983,148,119,29,29
26984,83,83,0,0
26985,175,155,20,20
26986,88,82,6,6
26987,110,102,8,8
26988,79,88,-9,9
26989,64,62,2,2
26990,124,111,13,13
26991,129,118,11,11
26992,91,93,-2,2
26993,59,62,-3,3
26994,49,72,-23,23
26995,132,124,8,8
26996,76,108,-32,32
26997,110,103,7,7
26998,61,63,-2,2
26999,90,95,-5,5
27000,126,120,6,6
27001,98,98,0,0
27002,59,59,0,0
27003,93,96,-3,3
27004,76,70,6,6
27005,75,71,4,4
27006,85,89,-4,4
27007,149,131,18,18
27008,89,86,3,3
27009,112,108,4,4
27010,88,81,7,7
27011,65,67,-2,2
27012,86,87,-1,1
27013,64,61,3,3
27014,81,93,-12,12
27015,86,88,-2,2
27016,70,72,-2,2
27017,150,123,27,27
27018,102,98,4,4
27019,92,84,8,8
27020,47,64,-17,17
27021,92,97,-5,5
27022,108,104,4,4
27023,85,89,-4,4
27024,127,119,8,8
27025,114,107,7,7
27026,89,78,11,11
27027,98,103,-5,5
27028,47,47,0,0
27029,95,103,-8,8
27030,174,164,10,10
27031,74,75,-1,1
27032,214,197,17,17
27033,35,47,-12,12
27034,202,189,13,13
27035,83,81,2,2
27036,125,114,11,11
27037,109,94,15,15
27038,54,66,-12,12
27039,56,63,-7,7
27040,71,77,-6,6
27041,81,80,1,1
27042,78,79,-1,1
27043,61,62,-1,1
27044,77,78,-1,1
27045,114,104,10,10
27046,59,65,-6,6
27047,116,120,-4,4
27048,49,63,-14,14
27049,66,84,-18,18
27050,91,80,11,11
27051,98,96,2,2
27052,73,78,-5,5
27053,78,81,-3,3
27054,105,111,-6,6
27055,112,105,7,7
27056,84,91,-7,7
27057,78,71,7,7
27058,112,117,-5,5
27059,178,147,31,31
27060,134,130,4,4
27061,93,90,3,3
27062,99,98,1,1
27063,67,71,-4,4
27064,76,79,-3,3
27065,80,78,2,2
27066,74,73,1,1
27067,83,87,-4,4
27068,99,109,-10,10
27069,70,68,2,2
27070,64,73,-9,9
27071,128,115,13,13
27072,93,83,10,10
27073,65,69,-4,4
27074,40,50,-10,10
27075,133,122,11,11
27076,97,97,0,0
27077,89,95,-6,6
27078,73,78,-5,5
27079,102,94,8,8
27080,62,66,-4,4
27081,91,92,-1,1
27082,147,134,13,13
27083,70,69,1,1
27084,71,72,-1,1
27085,86,89,-3,3
27086,62,69,-7,7
27087,104,93,11,11
27088,72,69,3,3
27089,52,58,-6,6
27090,38,49,-11,11
27091,67,73,-6,6
27092,196,175,21,21
27093,47,50,-3,3
27094,51,60,-9,9
27095,88,86,2,2
27096,96,95,1,1
27097,42,48,-6,6
27098,101,104,-3,3
27099,105,99,6,6
27100,70,71,-1,1
27101,87,101,-14,14
27102,120,118,2,2
27103,71,71,0,0
27104,118,108,10,10
27105,71,83,-12,12
27106,101,108,-7,7
27107,80,79,1,1
27108,107,102,5,5
27109,87,79,8,8
27110,60,73,-13,13
27111,56,55,1,1
27112,79,87,-8,8
27113,148,137,11,11
27114,75,77,-2,2
27115,53,60,-7,7
27116,88,87,1,1
27117,104,122,-18,18
27118,77,73,4,4
27119,53,59,-6,6
27120,114,110,4,4
27121,74,72,2,2
27122,73,85,-12,12
27123,127,116,11,11
27124,81,79,2,2
27125,127,125,2,2
27126,139,123,16,16
27127,78,79,-1,1
27128,79,79,0,0
27129,115,103,12,12
27130,125,110,15,15
27131,141,132,9,9
27132,127,110,17,17
27133,105,102,3,3
27134,57,68,-11,11
27135,99,103,-4,4
27136,91,87,4,4
27137,98,88,10,10
27138,114,122,-8,8
27139,74,76,-2,2
27140,143,123,20,20
27141,68,73,-5,5
27142,159,140,19,19
27143,69,70,-1,1
27144,72,73,-1,1
27145,48,59,-11,11
27146,110,107,3,3
27147,86,85,1,1
27148,72,77,-5,5
27149,80,73,7,7
27150,70,76,-6,6
27151,37,47,-10,10
27152,79,81,-2,2
27153,53,53,0,0
27154,82,79,3,3
27155,55,68,-13,13
27156,72,80,-8,8
27157,104,103,1,1
27158,81,83,-2,2
27159,131,129,2,2
27160,110,119,-9,9
27161,70,79,-9,9
27162,96,100,-4,4
27163,56,71,-15,15
27164,76,85,-9,9
27165,87,89,-2,2
27166,100,94,6,6
27167,51,62,-11,11
27168,67,68,-1,1
27169,50,61,-11,11
27170,72,94,-22,22
27171,69,74,-5,5
27172,96,102,-6,6
27173,90,85,5,5
27174,84,88,-4,4
27175,136,133,3,3
27176,83,83,0,0
27177,93,100,-7,7
27178,130,140,-10,10
27179,111,107,4,4
27180,107,115,-8,8
27181,112,117,-5,5
27182,27,27,0,0
27183,156,137,19,19
27184,102,94,8,8
27185,122,119,3,3
27186,114,105,9,9
27187,39,52,-13,13
27188,137,125,12,12
27189,86,86,0,0
27190,83,80,3,3
27191,148,139,9,9
27192,108,107,1,1
27193,102,98,4,4
27194,95,94,1,1
27195,52,65,-13,13
27196,78,84,-6,6
27197,99,100,-1,1
27198,124,121,3,3
27199,94,103,-9,9
27200,120,120,0,0
27201,102,105,-3,3
27202,128,125,3,3
27203,64,66,-2,2
27204,78,77,1,1
27205,65,77,-12,12
27206,128,126,2,2
27207,88,82,6,6
27208,63,75,-12,12
27209,86,96,-10,10
27210,102,103,-1,1
27211,120,93,27,27
27212,95,102,-7,7
27213,83,83,0,0
27214,96,105,-9,9
27215,75,78,-3,3
27216,50,58,-8,8
27217,69,68,1,1
27218,118,104,14,14
27219,103,108,-5,5
27220,88,93,-5,5
27221,83,84,-1,1
27222,113,103,10,10
27223,89,83,6,6
27224,92,90,2,2
27225,96,98,-2,2
27226,97,115,-18,18
27227,57,60,-3,3
27228,70,76,-6,6
27229,79,89,-10,10
27230,81,84,-3,3
27231,106,101,5,5
27232,178,155,23,23
27233,141,134,7,7
27234,97,95,2,2
27235,152,147,5,5
27236,82,85,-3,3
27237,62,65,-3,3
27238,69,77,-8,8
27239,145,135,10,10
27240,80,78,2,2
27241,124,117,7,7
27242,128,124,4,4
27243,147,130,17,17
27244,181,172,9,9
27245,92,97,-5,5
27246,48,54,-6,6
27247,144,136,8,8
27248,54,66,-12,12
27249,116,107,9,9
27250,106,100,6,6
27251,72,74,-2,2
27252,139,124,15,15
27253,153,145,8,8
27254,105,101,4,4
27255,152,136,16,16
27256,137,117,20,20
27257,123,122,1,1
27258,49,65,-16,16
27259,80,75,5,5
27260,63,61,2,2
27261,35,65,-30,30
27262,53,60,-7,7
27263,80,85,-5,5
27264,56,59,-3,3
27265,143,141,2,2
27266,160,147,13,13
27267,98,96,2,2
27268,98,90,8,8
27269,83,87,-4,4
27270,117,122,-5,5
27271,143,137,6,6
27272,91,98,-7,7
27273,60,70,-10,10
27274,106,100,6,6
27275,33,47,-14,14
27276,65,67,-2,2
27277,79,78,1,1
27278,47,49,-2,2
27279,78,80,-2,2
27280,108,108,0,0
27281,59,69,-10,10
27282,75,85,-10,10
27283,130,125,5,5
27284,75,86,-11,11
27285,89,90,-1,1
27286,85,81,4,4
27287,127,117,10,10
27288,71,86,-15,15
27289,103,99,4,4
27290,40,47,-7,7
27291,57,74,-17,17
27292,142,131,11,11
27293,61,76,-15,15
27294,77,75,2,2
27295,95,98,-3,3
27296,90,73,17,17
27297,101,101,0,0
27298,64,65,-1,1
27299,154,128,26,26
27300,90,88,2,2
27301,103,102,1,1
27302,134,125,9,9
27303,96,75,21,21
27304,48,57,-9,9
27305,88,82,6,6
27306,126,116,10,10
27307,80,75,5,5
27308,66,70,-4,4
27309,43,46,-3,3
27310,71,72,-1,1
27311,102,100,2,2
27312,78,78,0,0
27313,99,96,3,3
27314,110,105,5,5
27315,105,103,2,2
27316,103,109,-6,6
27317,103,102,1,1
27318,62,86,-24,24
27319,92,92,0,0
27320,68,77,-9,9
27321,94,93,1,1
27322,97,100,-3,3
27323,50,67,-17,17
27324,46,69,-23,23
27325,76,75,1,1
27326,127,107,20,20
27327,55,59,-4,4
27328,62,66,-4,4
27329,114,115,-1,1
27330,70,68,2,2
27331,110,106,4,4
27332,115,110,5,5
27333,102,93,9,9
27334,105,108,-3,3
27335,99,93,6,6
27336,122,119,3,3
27337,69,77,-8,8
27338,69,64,5,5
27339,79,79,0,0
27340,67,76,-9,9
27341,76,72,4,4
27342,54,57,-3,3
27343,96,91,5,5
27344,90,88,2,2
27345,73,70,3,3
27346,76,81,-5,5
27347,48,54,-6,6
27348,104,108,-4,4
27349,64,71,-7,7
27350,76,80,-4,4
27351,106,106,0,0
27352,58,64,-6,6
27353,118,120,-2,2
27354,78,82,-4,4
27355,119,117,2,2
27356,64,72,-8,8
27357,144,115,29,29
27358,112,101,11,11
27359,60,66,-6,6
27360,58,85,-27,27
27361,148,154,-6,6
27362,70,68,2,2
27363,193,166,27,27
27364,90,91,-1,1
27365,50,56,-6,6
27366,94,89,5,5
27367,114,104,10,10
27368,57,69,-12,12
27369,72,87,-15,15
27370,97,85,12,12
27371,121,114,7,7
27372,96,93,3,3
27373,78,82,-4,4
27374,124,126,-2,2
27375,156,147,9,9
27376,103,96,7,7
27377,117,117,0,0
27378,75,67,8,8
27379,101,104,-3,3
27380,45,50,-5,5
27381,60,61,-1,1
27382,124,122,2,2
27383,129,121,8,8
27384,90,94,-4,4
27385,79,83,-4,4
27386,64,69,-5,5
27387,87,97,-10,10
27388,138,130,8,8
27389,106,105,1,1
27390,96,102,-6,6
27391,124,117,7,7
27392,78,78,0,0
27393,99,96,3,3
27394,208,165,43,43
27395,111,105,6,6
27396,107,101,6,6
27397,92,84,8,8
27398,87,82,5,5
27399,108,117,-9,9
27400,70,66,4,4
27401,115,111,4,4
27402,86,89,-3,3
27403,86,82,4,4
27404,165,154,11,11
27405,59,97,-38,38
27406,111,115,-4,4
27407,196,164,32,32
27408,99,96,3,3
27409,121,97,24,24
27410,57,59,-2,2
27411,78,79,-1,1
27412,98,98,0,0
27413,90,85,5,5
27414,89,95,-6,6
27415,97,94,3,3
27416,77,80,-3,3
27417,78,79,-1,1
27418,95,107,-12,12
27419,98,96,2,2
27420,126,112,14,14
27421,107,107,0,0
27422,83,85,-2,2
27423,129,128,1,1
27424,93,96,-3,3
27425,210,170,40,40
27426,112,110,2,2
27427,51,58,-7,7
27428,93,83,10,10
27429,61,72,-11,11
27430,76,85,-9,9
27431,107,104,3,3
27432,115,99,16,16
27433,106,106,0,0
27434,77,82,-5,5
27435,102,102,0,0
27436,54,67,-13,13
27437,81,76,5,5
27438,64,80,-16,16
27439,134,128,6,6
27440,124,112,12,12
27441,49,60,-11,11
27442,90,102,-12,12
27443,72,69,3,3
27444,76,83,-7,7
27445,114,106,8,8
27446,59,73,-14,14
27447,97,111,-14,14
27448,96,90,6,6
27449,177,138,39,39
27450,111,105,6,6
27451,105,111,-6,6
27452,78,92,-14,14
27453,85,94,-9,9
27454,71,74,-3,3
27455,114,113,1,1
27456,78,84,-6,6
27457,164,148,16,16
27458,75,83,-8,8
27459,128,119,9,9
27460,105,114,-9,9
27461,75,76,-1,1
27462,87,87,0,0
27463,104,98,6,6
27464,130,120,10,10
27465,101,104,-3,3
27466,81,82,-1,1
27467,75,79,-4,4
27468,115,109,6,6
27469,80,74,6,6
27470,54,69,-15,15
27471,93,96,-3,3
27472,142,115,27,27
27473,41,53,-12,12
27474,78,82,-4,4
27475,62,69,-7,7
27476,68,82,-14,14
27477,45,57,-12,12
27478,99,97,2,2
27479,92,87,5,5
27480,88,80,8,8
27481,134,132,2,2
27482,112,105,7,7
27483,97,105,-8,8
27484,131,134,-3,3
27485,71,74,-3,3
27486,39,48,-9,9
27487,68,73,-5,5
27488,47,48,-1,1
27489,60,61,-1,1
27490,151,121,30,30
27491,81,76,5,5
27492,104,102,2,2
27493,99,103,-4,4
27494,103,98,5,5
27495,84,87,-3,3
27496,92,92,0,0
27497,108,107,1,1
27498,124,119,5,5
27499,68,76,-8,8
27500,107,101,6,6
27501,97,86,11,11
27502,108,102,6,6
27503,54,66,-12,12
27504,75,77,-2,2
27505,43,54,-11,11
27506,105,107,-2,2
27507,103,109,-6,6
27508,85,92,-7,7
27509,121,118,3,3
27510,85,87,-2,2
27511,102,95,7,7
27512,113,117,-4,4
27513,70,75,-5,5
27514,120,108,12,12
27515,106,96,10,10
27516,72,80,-8,8
27517,89,91,-2,2
27518,90,90,0,0
27519,52,55,-3,3
27520,78,81,-3,3
27521,88,95,-7,7
27522,290,228,62,62
27523,98,94,4,4
27524,94,98,-4,4
27525,130,116,14,14
27526,50,72,-22,22
27527,102,95,7,7
27528,72,76,-4,4
27529,79,76,3,3
27530,101,101,0,0
27531,88,80,8,8
27532,75,80,-5,5
27533,109,116,-7,7
27534,68,73,-5,5
27535,117,113,4,4
27536,112,110,2,2
27537,149,135,14,14
27538,94,100,-6,6
27539,73,77,-4,4
27540,86,83,3,3
27541,68,79,-11,11
27542,94,90,4,4
27543,96,101,-5,5
27544,86,109,-23,23
27545,84,88,-4,4
27546,98,89,9,9
27547,149,137,12,12
27548,92,93,-1,1
27549,72,70,2,2
27550,108,105,3,3
27551,85,96,-11,11
27552,92,90,2,2
27553,72,81,-9,9
27554,73,79,-6,6
27555,91,90,1,1
27556,167,161,6,6
27557,78,88,-10,10
27558,50,67,-17,17
27559,96,79,17,17
27560,105,104,1,1
27561,102,101,1,1
27562,106,98,8,8
27563,138,126,12,12
27564,123,122,1,1
27565,76,76,0,0
27566,95,92,3,3
27567,87,87,0,0
27568,154,147,7,7
27569,75,73,2,2
27570,137,122,15,15
27571,98,87,11,11
27572,96,98,-2,2
27573,68,72,-4,4
27574,66,82,-16,16
27575,96,96,0,0
27576,99,101,-2,2
27577,53,70,-17,17
27578,36,65,-29,29
27579,79,94,-15,15
27580,108,106,2,2
27581,20,28,-8,8
27582,95,100,-5,5
27583,78,83,-5,5
27584,114,113,1,1
27585,89,103,-14,14
27586,118,134,-16,16
27587,163,144,19,19
27588,64,67,-3,3
27589,50,50,0,0
27590,65,69,-4,4
27591,91,87,4,4
27592,126,126,0,0
27593,96,96,0,0
27594,115,106,9,9
27595,114,109,5,5
27596,139,116,23,23
27597,45,65,-20,20
27598,155,148,7,7
27599,77,75,2,2
27600,105,89,16,16
27601,156,127,29,29
27602,90,90,0,0
27603,105,96,9,9
27604,36,46,-10,10
27605,134,139,-5,5
27606,111,117,-6,6
27607,61,59,2,2
27608,97,97,0,0
27609,76,79,-3,3
27610,81,87,-6,6
27611,71,69,2,2
27612,99,93,6,6
27613,98,104,-6,6
27614,89,86,3,3
27615,153,143,10,10
27616,110,110,0,0
27617,61,66,-5,5
27618,72,81,-9,9
27619,107,103,4,4
27620,107,104,3,3
27621,116,105,11,11
27622,116,108,8,8
27623,71,78,-7,7
27624,95,94,1,1
27625,99,101,-2,2
27626,59,62,-3,3
27627,107,125,-18,18
27628,130,120,10,10
27629,95,81,14,14
27630,165,139,26,26
27631,171,146,25,25
27632,93,100,-7,7
27633,79,88,-9,9
27634,175,152,23,23
27635,121,116,5,5
27636,155,144,11,11
27637,174,164,10,10
27638,81,75,6,6
27639,57,60,-3,3
27640,180,143,37,37
27641,116,108,8,8
27642,162,150,12,12
27643,77,79,-2,2
27644,78,78,0,0
27645,111,107,4,4
27646,87,82,5,5
27647,37,46,-9,9
27648,176,159,17,17
27649,69,76,-7,7
27650,72,79,-7,7
27651,91,93,-2,2
27652,102,101,1,1
27653,81,84,-3,3
27654,142,134,8,8
27655,189,154,35,35
27656,200,171,29,29
27657,61,70,-9,9
27658,89,89,0,0
27659,94,97,-3,3
27660,88,86,2,2
27661,85,82,3,3
27662,88,90,-2,2
27663,52,57,-5,5
27664,61,81,-20,20
27665,79,79,0,0
27666,141,128,13,13
27667,83,83,0,0
27668,112,138,-26,26
27669,123,116,7,7
27670,54,58,-4,4
27671,66,69,-3,3
27672,117,115,2,2
27673,73,78,-5,5
27674,70,83,-13,13
27675,66,69,-3,3
27676,105,117,-12,12
27677,77,81,-4,4
27678,100,96,4,4
27679,167,143,24,24
27680,73,72,1,1
27681,130,123,7,7
27682,87,75,12,12
27683,85,83,2,2
27684,69,75,-6,6
27685,73,76,-3,3
27686,77,82,-5,5
27687,138,130,8,8
27688,80,90,-10,10
27689,55,61,-6,6
27690,117,104,13,13
27691,110,105,5,5
27692,60,61,-1,1
27693,96,91,5,5
27694,85,80,5,5
27695,106,111,-5,5
27696,94,91,3,3
27697,69,77,-8,8
27698,125,123,2,2
27699,179,152,27,27
27700,86,87,-1,1
27701,129,123,6,6
27702,82,87,-5,5
27703,91,83,8,8
27704,150,139,11,11
27705,57,67,-10,10
27706,70,74,-4,4
27707,134,128,6,6
27708,71,77,-6,6
27709,74,86,-12,12
27710,83,83,0,0
27711,82,100,-18,18
27712,70,74,-4,4
27713,82,91,-9,9
27714,52,59,-7,7
27715,93,85,8,8
27716,54,68,-14,14
27717,136,132,4,4
27718,72,76,-4,4
27719,86,108,-22,22
27720,108,113,-5,5
27721,93,87,6,6
27722,57,77,-20,20
27723,78,78,0,0
27724,130,118,12,12
27725,83,89,-6,6
27726,116,101,15,15
27727,103,93,10,10
27728,79,83,-4,4
27729,43,52,-9,9
27730,100,101,-1,1
27731,77,79,-2,2
27732,127,119,8,8
27733,83,81,2,2
27734,134,145,-11,11
27735,108,94,14,14
27736,122,111,11,11
27737,86,89,-3,3
27738,71,74,-3,3
27739,111,107,4,4
27740,132,117,15,15
27741,200,179,21,21
27742,77,76,1,1
27743,131,114,17,17
27744,75,79,-4,4
27745,66,67,-1,1
27746,83,83,0,0
27747,155,138,17,17
27748,104,92,12,12
27749,85,85,0,0
27750,149,130,19,19
27751,198,232,-34,34
27752,68,81,-13,13
27753,143,109,34,34
27754,118,104,14,14
27755,75,80,-5,5
27756,150,162,-12,12
27757,52,57,-5,5
27758,153,142,11,11
27759,88,100,-12,12
27760,101,112,-11,11
27761,74,74,0,0
27762,102,103,-1,1
27763,140,127,13,13
27764,71,68,3,3
27765,110,92,18,18
27766,110,108,2,2
27767,63,68,-5,5
27768,66,77,-11,11
27769,49,58,-9,9
27770,54,59,-5,5
27771,86,89,-3,3
27772,58,63,-5,5
27773,54,61,-7,7
27774,60,69,-9,9
27775,77,76,1,1
27776,70,80,-10,10
27777,91,89,2,2
27778,112,108,4,4
27779,89,90,-1,1
27780,80,78,2,2
27781,95,95,0,0
27782,98,93,5,5
27783,91,89,2,2
27784,117,113,4,4
27785,76,82,-6,6
27786,126,146,-20,20
27787,131,115,16,16
27788,65,71,-6,6
27789,90,86,4,4
27790,77,79,-2,2
27791,114,111,3,3
27792,88,85,3,3
27793,90,90,0,0
27794,84,90,-6,6
27795,135,117,18,18
27796,95,89,6,6
27797,94,101,-7,7
27798,106,102,4,4
27799,75,77,-2,2
27800,115,109,6,6
27801,143,138,5,5
27802,60,56,4,4
27803,68,69,-1,1
27804,73,72,1,1
27805,168,140,28,28
27806,99,103,-4,4
27807,108,106,2,2
27808,77,87,-10,10
27809,60,59,1,1
27810,79,75,4,4
27811,103,114,-11,11
27812,120,121,-1,1
27813,137,140,-3,3
27814,80,92,-12,12
27815,78,81,-3,3
27816,49,65,-16,16
27817,97,105,-8,8
27818,104,102,2,2
27819,172,151,21,21
27820,154,145,9,9
27821,93,96,-3,3
27822,103,96,7,7
27823,51,59,-8,8
27824,72,76,-4,4
27825,81,85,-4,4
27826,69,66,3,3
27827,111,98,13,13
27828,106,104,2,2
27829,143,128,15,15
27830,46,47,-1,1
27831,118,119,-1,1
27832,136,116,20,20
27833,103,95,8,8
27834,115,116,-1,1
27835,100,95,5,5
27836,130,119,11,11
27837,146,130,16,16
27838,106,102,4,4
27839,160,148,12,12
27840,151,114,37,37
27841,111,106,5,5
27842,132,114,18,18
27843,70,66,4,4
27844,95,96,-1,1
27845,113,106,7,7
27846,100,130,-30,30
27847,84,77,7,7
27848,144,126,18,18
27849,75,83,-8,8
27850,127,126,1,1
27851,35,42,-7,7
27852,48,66,-18,18
27853,52,60,-8,8
27854,110,108,2,2
27855,109,105,4,4
27856,72,80,-8,8
27857,99,95,4,4
27858,58,56,2,2
27859,81,75,6,6
27860,96,83,13,13
27861,71,73,-2,2
27862,122,103,19,19
27863,151,136,15,15
27864,92,89,3,3
27865,69,74,-5,5
27866,111,105,6,6
27867,106,98,8,8
27868,122,117,5,5
27869,100,84,16,16
27870,62,70,-8,8
27871,77,74,3,3
27872,111,108,3,3
27873,68,78,-10,10
27874,97,92,5,5
27875,118,89,29,29
27876,118,115,3,3
27877,97,105,-8,8
27878,78,80,-2,2
27879,146,138,8,8
27880,99,97,2,2
27881,76,76,0,0
27882,64,63,1,1
27883,48,59,-11,11
27884,89,88,1,1
27885,59,64,-5,5
27886,74,81,-7,7
27887,72,79,-7,7
27888,83,80,3,3
27889,83,69,14,14
27890,97,102,-5,5
27891,100,96,4,4
27892,181,171,10,10
27893,37,40,-3,3
27894,64,71,-7,7
27895,84,77,7,7
27896,68,66,2,2
27897,54,58,-4,4
27898,85,83,2,2
27899,75,78,-3,3
27900,98,97,1,1
27901,147,132,15,15
27902,138,129,9,9
27903,61,65,-4,4
27904,83,91,-8,8
27905,158,135,23,23
27906,119,110,9,9
27907,88,84,4,4
27908,119,114,5,5
27909,118,104,14,14
27910,68,74,-6,6
27911,49,57,-8,8
27912,112,102,10,10
27913,113,107,6,6
27914,83,92,-9,9
27915,81,88,-7,7
27916,31,41,-10,10
27917,87,79,8,8
27918,144,131,13,13
27919,133,137,-4,4
27920,137,132,5,5
27921,95,99,-4,4
27922,80,82,-2,2
27923,109,106,3,3
27924,90,94,-4,4
27925,70,72,-2,2
27926,66,76,-10,10
27927,81,75,6,6
27928,156,147,9,9
27929,70,81,-11,11
27930,95,104,-9,9
27931,109,99,10,10
27932,61,109,-48,48
27933,40,43,-3,3
27934,138,138,0,0
27935,96,89,7,7
27936,53,68,-15,15
27937,85,93,-8,8
27938,137,122,15,15
27939,113,108,5,5
27940,127,122,5,5
27941,77,73,4,4
27942,66,75,-9,9
27943,36,45,-9,9
27944,83,85,-2,2
27945,120,104,16,16
27946,55,67,-12,12
27947,61,73,-12,12
27948,68,69,-1,1
27949,93,94,-1,1
27950,173,159,14,14
27951,58,65,-7,7
27952,75,79,-4,4
27953,83,75,8,8
27954,141,142,-1,1
27955,67,71,-4,4
27956,35,49,-14,14
27957,63,73,-10,10
27958,52,57,-5,5
27959,183,160,23,23
27960,52,55,-3,3
27961,72,75,-3,3
27962,77,81,-4,4
27963,61,59,2,2
27964,124,108,16,16
27965,78,82,-4,4
27966,123,120,3,3
27967,122,118,4,4
27968,88,89,-1,1
27969,74,80,-6,6
27970,66,74,-8,8
27971,69,79,-10,10
27972,92,95,-3,3
27973,79,78,1,1
27974,45,69,-24,24
27975,115,114,1,1
27976,143,136,7,7
27977,99,103,-4,4
27978,129,131,-2,2
27979,103,102,1,1
27980,90,98,-8,8
27981,88,90,-2,2
27982,123,125,-2,2
27983,175,145,30,30
27984,95,91,4,4
27985,105,106,-1,1
27986,65,72,-7,7
27987,66,62,4,4
27988,137,120,17,17
27989,84,90,-6,6
27990,110,103,7,7
27991,118,105,13,13
27992,114,112,2,2
27993,97,107,-10,10
27994,90,85,5,5
27995,124,123,1,1
27996,158,150,8,8
27997,67,93,-26,26
27998,96,90,6,6
27999,97,94,3,3
28000,108,104,4,4
28001,106,102,4,4
28002,56,60,-4,4
28003,69,73,-4,4
28004,41,51,-10,10
28005,67,70,-3,3
28006,172,160,12,12
28007,53,59,-6,6
28008,94,87,7,7
28009,121,115,6,6
28010,97,88,9,9
28011,91,98,-7,7
28012,117,96,21,21
28013,125,138,-13,13
28014,59,63,-4,4
28015,114,106,8,8
28016,87,84,3,3
28017,106,103,3,3
28018,77,79,-2,2
28019,135,115,20,20
28020,145,124,21,21
28021,72,75,-3,3
28022,53,66,-13,13
28023,149,134,15,15
28024,101,103,-2,2
28025,76,60,16,16
28026,87,97,-10,10
28027,73,71,2,2
28028,107,108,-1,1
28029,67,72,-5,5
28030,67,79,-12,12
28031,80,82,-2,2
28032,91,91,0,0
28033,91,90,1,1
28034,104,115,-11,11
28035,66,61,5,5
28036,90,89,1,1
28037,71,80,-9,9
28038,118,97,21,21
28039,87,91,-4,4
28040,68,74,-6,6
28041,114,116,-2,2
28042,117,115,2,2
28043,130,118,12,12
28044,134,138,-4,4
28045,125,122,3,3
28046,74,76,-2,2
28047,88,86,2,2
28048,56,72,-16,16
28049,116,112,4,4
28050,145,136,9,9
28051,75,70,5,5
28052,71,86,-15,15
28053,50,58,-8,8
28054,97,98,-1,1
28055,55,56,-1,1
28056,52,55,-3,3
28057,154,125,29,29
28058,132,124,8,8
28059,180,154,26,26
28060,68,74,-6,6
28061,86,88,-2,2
28062,147,142,5,5
28063,68,85,-17,17
28064,80,81,-1,1
28065,98,91,7,7
28066,109,115,-6,6
28067,88,91,-3,3
28068,78,86,-8,8
28069,86,78,8,8
28070,42,50,-8,8
28071,74,86,-12,12
28072,137,128,9,9
28073,110,106,4,4
28074,76,88,-12,12
28075,64,68,-4,4
28076,150,135,15,15
28077,116,103,13,13
28078,74,80,-6,6
28079,69,70,-1,1
28080,55,57,-2,2
28081,114,120,-6,6
28082,178,172,6,6
28083,78,77,1,1
28084,71,73,-2,2
28085,80,87,-7,7
28086,119,128,-9,9
28087,59,69,-10,10
28088,75,67,8,8
28089,77,89,-12,12
28090,64,76,-12,12
28091,118,107,11,11
28092,141,130,11,11
28093,144,141,3,3
28094,118,113,5,5
28095,90,78,12,12
28096,96,97,-1,1
28097,107,103,4,4
28098,141,143,-2,2
28099,71,63,8,8
28100,94,85,9,9
28101,196,170,26,26
28102,93,102,-9,9
28103,122,104,18,18
28104,78,80,-2,2
28105,83,99,-16,16
28106,84,81,3,3
28107,65,65,0,0
28108,165,156,9,9
28109,116,125,-9,9
28110,91,79,12,12
28111,69,69,0,0
28112,87,79,8,8
28113,94,103,-9,9
28114,113,106,7,7
28115,169,158,11,11
28116,112,99,13,13
28117,85,88,-3,3
28118,113,106,7,7
28119,145,127,18,18
28120,53,60,-7,7
28121,97,97,0,0
28122,102,106,-4,4
28123,107,116,-9,9
28124,88,84,4,4
28125,76,78,-2,2
28126,46,54,-8,8
28127,83,86,-3,3
28128,99,90,9,9
28129,118,113,5,5
28130,85,78,7,7
28131,112,114,-2,2
28132,120,106,14,14
28133,246,202,44,44
28134,124,109,15,15
28135,64,72,-8,8
28136,118,106,12,12
28137,118,110,8,8
28138,78,80,-2,2
28139,74,83,-9,9
28140,86,83,3,3
28141,90,79,11,11
28142,132,136,-4,4
28143,125,118,7,7
28144,70,72,-2,2
28145,69,69,0,0
28146,119,110,9,9
28147,144,130,14,14
28148,172,153,19,19
28149,83,85,-2,2
28150,99,89,10,10
28151,104,103,1,1
28152,127,120,7,7
28153,78,73,5,5
28154,110,98,12,12
28155,53,60,-7,7
28156,79,85,-6,6
28157,47,46,1,1
28158,123,126,-3,3
28159,132,125,7,7
28160,104,103,1,1
28161,127,122,5,5
28162,105,90,15,15
28163,65,72,-7,7
28164,100,102,-2,2
28165,192,160,32,32
28166,61,90,-29,29
28167,106,111,-5,5
28168,38,75,-37,37
28169,186,153,33,33
28170,166,142,24,24
28171,122,112,10,10
28172,141,133,8,8
28173,122,126,-4,4
28174,39,64,-25,25
28175,117,116,1,1
28176,128,123,5,5
28177,148,138,10,10
28178,118,112,6,6
28179,96,94,2,2
28180,72,81,-9,9
28181,76,73,3,3
28182,63,66,-3,3
28183,84,88,-4,4
28184,102,100,2,2
28185,75,79,-4,4
28186,92,94,-2,2
28187,69,69,0,0
28188,94,84,10,10
28189,70,70,0,0
28190,112,102,10,10
28191,87,79,8,8
28192,68,73,-5,5
28193,123,136,-13,13
28194,81,70,11,11
28195,116,125,-9,9
28196,82,88,-6,6
28197,149,131,18,18
28198,60,75,-15,15
28199,59,71,-12,12
28200,110,100,10,10
28201,89,120,-31,31
28202,114,111,3,3
28203,128,118,10,10
28204,57,69,-12,12
28205,77,83,-6,6
28206,85,84,1,1
28207,194,182,12,12
28208,72,90,-18,18
28209,75,82,-7,7
28210,57,85,-28,28
28211,165,144,21,21
28212,99,97,2,2
28213,84,83,1,1
28214,89,91,-2,2
28215,64,69,-5,5
28216,115,123,-8,8
28217,81,86,-5,5
28218,96,106,-10,10
28219,134,132,2,2
28220,74,76,-2,2
28221,121,134,-13,13
28222,81,91,-10,10
28223,58,62,-4,4
28224,77,73,4,4
28225,97,97,0,0
28226,66,65,1,1
28227,104,104,0,0
28228,112,113,-1,1
28229,59,63,-4,4
28230,151,134,17,17
28231,111,102,9,9
28232,133,124,9,9
28233,76,81,-5,5
28234,93,99,-6,6
28235,76,81,-5,5
28236,85,81,4,4
28237,151,143,8,8
28238,76,81,-5,5
28239,79,76,3,3
28240,172,177,-5,5
28241,148,129,19,19
28242,89,89,0,0
28243,87,80,7,7
28244,128,121,7,7
28245,71,71,0,0
28246,72,72,0,0
28247,77,80,-3,3
28248,100,92,8,8
28249,107,109,-2,2
28250,86,84,2,2
28251,81,74,7,7
28252,93,92,1,1
28253,56,59,-3,3
28254,138,123,15,15
28255,77,82,-5,5
28256,175,160,15,15
28257,72,74,-2,2
28258,93,91,2,2
28259,92,87,5,5
28260,104,115,-11,11
28261,132,114,18,18
28262,81,86,-5,5
28263,71,78,-7,7
28264,140,139,1,1
28265,102,98,4,4
28266,53,59,-6,6
28267,87,92,-5,5
28268,147,135,12,12
28269,93,102,-9,9
28270,65,68,-3,3
28271,154,136,18,18
28272,222,190,32,32
28273,107,100,7,7
28274,81,77,4,4
28275,59,68,-9,9
28276,63,66,-3,3
28277,100,100,0,0
28278,89,82,7,7
28279,70,69,1,1
28280,90,94,-4,4
28281,135,133,2,2
28282,112,105,7,7
28283,102,96,6,6
28284,126,124,2,2
28285,87,89,-2,2
28286,98,95,3,3
28287,128,110,18,18
28288,54,61,-7,7
28289,88,89,-1,1
28290,79,80,-1,1
28291,177,156,21,21
28292,110,104,6,6
28293,68,77,-9,9
28294,126,122,4,4
28295,115,108,7,7
28296,105,109,-4,4
28297,86,85,1,1
28298,66,99,-33,33
28299,65,65,0,0
28300,78,89,-11,11
28301,87,86,1,1
28302,108,107,1,1
28303,46,60,-14,14
28304,106,104,2,2
28305,127,116,11,11
28306,137,131,6,6
28307,84,80,4,4
28308,73,82,-9,9
28309,70,70,0,0
28310,76,75,1,1
28311,84,83,1,1
28312,125,97,28,28
28313,73,80,-7,7
28314,176,163,13,13
28315,97,95,2,2
28316,128,120,8,8
28317,74,77,-3,3
28318,145,133,12,12
28319,93,95,-2,2
28320,70,75,-5,5
28321,67,82,-15,15
28322,84,85,-1,1
28323,59,65,-6,6
28324,92,92,0,0
28325,112,107,5,5
28326,51,56,-5,5
28327,56,59,-3,3
28328,92,93,-1,1
28329,49,59,-10,10
28330,98,102,-4,4
28331,71,78,-7,7
28332,72,78,-6,6
28333,68,80,-12,12
28334,87,94,-7,7
28335,121,115,6,6
28336,94,94,0,0
28337,76,88,-12,12
28338,112,106,6,6
28339,69,66,3,3
28340,113,111,2,2
28341,129,127,2,2
28342,105,108,-3,3
28343,99,107,-8,8
28344,58,66,-8,8
28345,130,118,12,12
28346,85,85,0,0
28347,73,68,5,5
28348,56,56,0,0
28349,97,104,-7,7
28350,104,107,-3,3
28351,73,75,-2,2
28352,111,104,7,7
28353,73,71,2,2
28354,98,91,7,7
28355,102,105,-3,3
28356,80,77,3,3
28357,47,55,-8,8
28358,102,110,-8,8
28359,76,78,-2,2
28360,69,85,-16,16
28361,85,88,-3,3
28362,111,114,-3,3
28363,34,38,-4,4
28364,137,133,4,4
28365,79,82,-3,3
28366,72,81,-9,9
28367,62,72,-10,10
28368,91,90,1,1
28369,82,84,-2,2
28370,120,129,-9,9
28371,92,96,-4,4
28372,110,110,0,0
28373,122,115,7,7
28374,119,112,7,7
28375,183,166,17,17
28376,61,70,-9,9
28377,97,88,9,9
28378,117,116,1,1
28379,71,77,-6,6
28380,100,90,10,10
28381,119,109,10,10
28382,94,84,10,10
28383,94,101,-7,7
28384,97,86,11,11
28385,62,59,3,3
28386,74,78,-4,4
28387,104,106,-2,2
28388,143,139,4,4
28389,74,81,-7,7
28390,126,118,8,8
28391,64,78,-14,14
28392,97,89,8,8
28393,82,82,0,0
28394,56,70,-14,14
28395,98,101,-3,3
28396,139,129,10,10
28397,102,102,0,0
28398,100,104,-4,4
28399,115,99,16,16
28400,138,119,19,19
28401,39,49,-10,10
28402,132,127,5,5
28403,127,127,0,0
28404,98,90,8,8
28405,83,73,10,10
28406,106,108,-2,2
28407,161,142,19,19
28408,77,68,9,9
28409,76,89,-13,13
28410,96,89,7,7
28411,107,109,-2,2
28412,85,219,-134,134
28413,79,80,-1,1
28414,102,97,5,5
28415,57,54,3,3
28416,79,85,-6,6
28417,76,88,-12,12
28418,82,88,-6,6
28419,56,60,-4,4
28420,84,81,3,3
28421,110,102,8,8
28422,183,154,29,29
28423,118,121,-3,3
28424,100,94,6,6
28425,109,99,10,10
28426,101,94,7,7
28427,57,67,-10,10
28428,89,106,-17,17
28429,148,129,19,19
28430,202,186,16,16
28431,137,137,0,0
28432,91,87,4,4
28433,112,107,5,5
28434,68,71,-3,3
28435,83,84,-1,1
28436,72,71,1,1
28437,79,80,-1,1
28438,116,112,4,4
28439,54,60,-6,6
28440,87,90,-3,3
28441,82,86,-4,4
28442,104,99,5,5
28443,126,119,7,7
28444,106,109,-3,3
28445,116,107,9,9
28446,91,96,-5,5
28447,77,75,2,2
28448,123,133,-10,10
28449,145,134,11,11
28450,88,83,5,5
28451,95,107,-12,12
28452,79,87,-8,8
28453,91,97,-6,6
28454,133,121,12,12
28455,165,169,-4,4
28456,61,65,-4,4
28457,63,72,-9,9
28458,120,114,6,6
28459,54,56,-2,2
28460,145,135,10,10
28461,130,124,6,6
28462,68,77,-9,9
28463,55,59,-4,4
28464,90,88,2,2
28465,102,92,10,10
28466,52,58,-6,6
28467,102,103,-1,1
28468,162,152,10,10
28469,85,94,-9,9
28470,81,87,-6,6
28471,57,56,1,1
28472,82,81,1,1
28473,135,98,37,37
28474,43,51,-8,8
28475,82,76,6,6
28476,66,77,-11,11
28477,102,99,3,3
28478,70,74,-4,4
28479,151,138,13,13
28480,127,122,5,5
28481,77,69,8,8
28482,137,123,14,14
28483,83,77,6,6
28484,183,160,23,23
28485,43,44,-1,1
28486,129,126,3,3
28487,58,61,-3,3
28488,73,79,-6,6
28489,67,66,1,1
28490,57,66,-9,9
28491,133,138,-5,5
28492,76,79,-3,3
28493,87,89,-2,2
28494,76,79,-3,3
28495,99,89,10,10
28496,95,94,1,1
28497,56,66,-10,10
28498,146,132,14,14
28499,123,109,14,14
28500,93,114,-21,21
28501,71,75,-4,4
28502,97,91,6,6
28503,122,109,13,13
28504,97,100,-3,3
28505,86,83,3,3
28506,87,89,-2,2
28507,134,119,15,15
28508,99,104,-5,5
28509,135,125,10,10
28510,85,86,-1,1
28511,132,125,7,7
28512,54,60,-6,6
28513,77,84,-7,7
28514,63,73,-10,10
28515,138,132,6,6
28516,58,65,-7,7
28517,141,129,12,12
28518,161,150,11,11
28519,105,110,-5,5
28520,107,111,-4,4
28521,153,151,2,2
28522,90,89,1,1
28523,147,142,5,5
28524,92,96,-4,4
28525,34,34,0,0
28526,90,94,-4,4
28527,50,61,-11,11
28528,83,81,2,2
28529,127,132,-5,5
28530,59,61,-2,2
28531,57,66,-9,9
28532,115,113,2,2
28533,91,94,-3,3
28534,143,126,17,17
28535,119,110,9,9
28536,97,101,-4,4
28537,155,144,11,11
28538,128,120,8,8
28539,67,71,-4,4
28540,60,69,-9,9
28541,103,96,7,7
28542,128,118,10,10
28543,100,95,5,5
28544,71,74,-3,3
28545,85,86,-1,1
28546,74,76,-2,2
28547,172,136,36,36
28548,73,74,-1,1
28549,51,56,-5,5
28550,76,81,-5,5
28551,110,108,2,2
28552,125,107,18,18
28553,49,61,-12,12
28554,145,129,16,16
28555,81,79,2,2
28556,79,100,-21,21
28557,108,103,5,5
28558,95,93,2,2
28559,66,62,4,4
28560,78,79,-1,1
28561,41,53,-12,12
28562,89,82,7,7
28563,60,68,-8,8
28564,88,82,6,6
28565,54,67,-13,13
28566,112,104,8,8
28567,135,118,17,17
28568,123,120,3,3
28569,76,95,-19,19
28570,82,82,0,0
28571,38,47,-9,9
28572,51,55,-4,4
28573,33,50,-17,17
28574,100,93,7,7
28575,64,75,-11,11
28576,98,101,-3,3
28577,104,97,7,7
28578,108,107,1,1
28579,112,108,4,4
28580,54,64,-10,10
28581,75,78,-3,3
28582,89,96,-7,7
28583,137,122,15,15
28584,66,67,-1,1
28585,81,88,-7,7
28586,91,92,-1,1
28587,84,88,-4,4
28588,52,57,-5,5
28589,64,72,-8,8
28590,176,167,9,9
28591,59,68,-9,9
28592,70,70,0,0
28593,69,69,0,0
28594,83,107,-24,24
28595,71,76,-5,5
28596,61,67,-6,6
28597,65,64,1,1
28598,94,110,-16,16
28599,53,58,-5,5
28600,66,62,4,4
28601,93,92,1,1
28602,66,68,-2,2
28603,75,74,1,1
28604,96,104,-8,8
28605,66,68,-2,2
28606,158,116,42,42
28607,80,77,3,3
28608,67,69,-2,2
28609,67,72,-5,5
28610,79,80,-1,1
28611,57,63,-6,6
28612,66,75,-9,9
28613,44,51,-7,7
28614,59,61,-2,2
28615,150,134,16,16
28616,128,118,10,10
28617,74,75,-1,1
28618,38,58,-20,20
28619,51,58,-7,7
28620,123,119,4,4
28621,61,60,1,1
28622,77,70,7,7
28623,61,68,-7,7
28624,94,87,7,7
28625,104,108,-4,4
28626,62,75,-13,13
28627,115,105,10,10
28628,122,104,18,18
28629,96,95,1,1
28630,84,83,1,1
28631,119,114,5,5
28632,99,95,4,4
28633,85,85,0,0
28634,118,108,10,10
28635,144,126,18,18
28636,54,60,-6,6
28637,152,134,18,18
28638,47,57,-10,10
28639,67,69,-2,2
28640,81,82,-1,1
28641,125,120,5,5
28642,104,98,6,6
28643,63,75,-12,12
28644,71,66,5,5
28645,56,68,-12,12
28646,144,137,7,7
28647,125,131,-6,6
28648,64,65,-1,1
28649,108,94,14,14
28650,87,82,5,5
28651,66,77,-11,11
28652,83,87,-4,4
28653,102,101,1,1
28654,120,118,2,2
28655,114,110,4,4
28656,114,107,7,7
28657,148,139,9,9
28658,100,95,5,5
28659,76,73,3,3
28660,53,62,-9,9
28661,104,105,-1,1
28662,101,106,-5,5
28663,93,95,-2,2
28664,50,58,-8,8
28665,47,55,-8,8
28666,137,132,5,5
28667,109,103,6,6
28668,83,95,-12,12
28669,32,33,-1,1
28670,69,69,0,0
28671,92,89,3,3
28672,78,84,-6,6
28673,96,109,-13,13
28674,92,87,5,5
28675,53,55,-2,2
28676,144,135,9,9
28677,107,98,9,9
28678,112,107,5,5
28679,72,72,0,0
28680,108,100,8,8
28681,84,76,8,8
28682,54,64,-10,10
28683,82,109,-27,27
28684,98,87,11,11
28685,73,81,-8,8
28686,50,63,-13,13
28687,89,90,-1,1
28688,66,70,-4,4
28689,140,137,3,3
28690,97,94,3,3
28691,77,86,-9,9
28692,106,86,20,20
28693,73,78,-5,5
28694,122,113,9,9
28695,80,81,-1,1
28696,60,70,-10,10
28697,90,83,7,7
28698,83,89,-6,6
28699,86,93,-7,7
28700,33,33,0,0
28701,134,125,9,9
28702,117,117,0,0
28703,60,63,-3,3
28704,116,110,6,6
28705,110,114,-4,4
28706,129,122,7,7
28707,88,86,2,2
28708,76,79,-3,3
28709,171,156,15,15
28710,98,85,13,13
28711,100,94,6,6
28712,66,62,4,4
28713,140,126,14,14
28714,101,88,13,13
28715,61,62,-1,1
28716,89,88,1,1
28717,93,90,3,3
28718,101,95,6,6
28719,63,74,-11,11
28720,85,89,-4,4
28721,94,99,-5,5
28722,114,131,-17,17
28723,104,107,-3,3
28724,78,79,-1,1
28725,108,121,-13,13
28726,57,60,-3,3
28727,38,56,-18,18
28728,69,77,-8,8
28729,106,107,-1,1
28730,77,78,-1,1
28731,235,217,18,18
28732,98,97,1,1
28733,111,104,7,7
28734,70,90,-20,20
28735,102,94,8,8
28736,92,95,-3,3
28737,67,77,-10,10
28738,83,91,-8,8
28739,71,72,-1,1
28740,92,72,20,20
28741,59,65,-6,6
28742,90,88,2,2
28743,71,70,1,1
28744,52,63,-11,11
28745,109,93,16,16
28746,105,112,-7,7
28747,79,79,0,0
28748,81,79,2,2
28749,84,86,-2,2
28750,80,75,5,5
28751,56,66,-10,10
28752,84,83,1,1
28753,44,56,-12,12
28754,85,87,-2,2
28755,62,68,-6,6
28756,83,79,4,4
28757,59,79,-20,20
28758,92,86,6,6
28759,99,103,-4,4
28760,131,142,-11,11
28761,58,63,-5,5
28762,164,143,21,21
28763,132,115,17,17
28764,73,70,3,3
28765,82,84,-2,2
28766,57,66,-9,9
28767,97,107,-10,10
28768,26,41,-15,15
28769,107,100,7,7
28770,88,79,9,9
28771,84,87,-3,3
28772,82,87,-5,5
28773,141,143,-2,2
28774,78,79,-1,1
28775,146,135,11,11
28776,84,82,2,2
28777,93,87,6,6
28778,74,78,-4,4
28779,139,126,13,13
28780,125,124,1,1
28781,65,74,-9,9
28782,101,106,-5,5
28783,114,119,-5,5
28784,54,64,-10,10
28785,99,94,5,5
28786,83,89,-6,6
28787,128,120,8,8
28788,90,95,-5,5
28789,77,76,1,1
28790,68,61,7,7
28791,78,92,-14,14
28792,76,81,-5,5
28793,85,84,1,1
28794,106,106,0,0
28795,207,167,40,40
28796,105,103,2,2
28797,110,112,-2,2
28798,86,81,5,5
28799,166,132,34,34
28800,118,111,7,7
28801,99,95,4,4
28802,80,88,-8,8
28803,27,49,-22,22
28804,125,109,16,16
28805,92,91,1,1
28806,85,82,3,3
28807,91,94,-3,3
28808,61,61,0,0
28809,86,82,4,4
28810,50,56,-6,6
28811,101,103,-2,2
28812,79,72,7,7
28813,82,99,-17,17
28814,63,61,2,2
28815,100,94,6,6
28816,103,88,15,15
28817,150,135,15,15
28818,86,81,5,5
28819,72,81,-9,9
28820,54,63,-9,9
28821,136,134,2,2
28822,60,62,-2,2
28823,118,110,8,8
28824,64,64,0,0
28825,78,79,-1,1
28826,76,73,3,3
28827,145,134,11,11
28828,62,73,-11,11
28829,98,98,0,0
28830,100,101,-1,1
28831,142,133,9,9
28832,77,93,-16,16
28833,81,92,-11,11
28834,79,79,0,0
28835,78,76,2,2
28836,84,89,-5,5
28837,63,61,2,2
28838,94,93,1,1
28839,89,86,3,3
28840,78,81,-3,3
28841,132,133,-1,1
28842,151,139,12,12
28843,156,144,12,12
28844,41,61,-20,20
28845,106,106,0,0
28846,99,98,1,1
28847,42,52,-10,10
28848,79,76,3,3
28849,60,74,-14,14
28850,136,138,-2,2
28851,130,125,5,5
28852,136,137,-1,1
28853,81,78,3,3
28854,112,105,7,7
28855,60,64,-4,4
28856,93,79,14,14
28857,103,109,-6,6
28858,180,160,20,20
28859,93,89,4,4
28860,172,154,18,18
28861,95,106,-11,11
28862,79,88,-9,9
28863,55,65,-10,10
28864,105,105,0,0
28865,118,110,8,8
28866,111,106,5,5
28867,66,75,-9,9
28868,146,124,22,22
28869,81,111,-30,30
28870,75,74,1,1
28871,79,86,-7,7
28872,64,65,-1,1
28873,97,100,-3,3
28874,103,102,1,1
28875,68,76,-8,8
28876,74,82,-8,8
28877,80,80,0,0
28878,90,77,13,13
28879,59,60,-1,1
28880,109,111,-2,2
28881,90,87,3,3
28882,71,81,-10,10
28883,108,106,2,2
28884,83,72,11,11
28885,130,123,7,7
28886,85,91,-6,6
28887,49,63,-14,14
28888,73,75,-2,2
28889,104,105,-1,1
28890,131,127,4,4
28891,69,70,-1,1
28892,102,95,7,7
28893,74,77,-3,3
28894,58,62,-4,4
28895,167,148,19,19
28896,144,142,2,2
28897,108,110,-2,2
28898,70,70,0,0
28899,84,87,-3,3
28900,50,56,-6,6
28901,68,76,-8,8
28902,128,130,-2,2
28903,106,109,-3,3
28904,63,68,-5,5
28905,61,86,-25,25
28906,82,77,5,5
28907,100,105,-5,5
28908,92,93,-1,1
28909,75,83,-8,8
28910,132,123,9,9
28911,85,92,-7,7
28912,183,159,24,24
28913,115,105,10,10
28914,125,120,5,5
28915,99,96,3,3
28916,102,101,1,1
28917,125,126,-1,1
28918,75,78,-3,3
28919,173,156,17,17
28920,66,75,-9,9
28921,90,81,9,9
28922,88,89,-1,1
28923,124,119,5,5
28924,70,69,1,1
28925,93,89,4,4
28926,64,62,2,2
28927,60,58,2,2
28928,134,129,5,5
28929,104,99,5,5
28930,44,54,-10,10
28931,109,97,12,12
28932,68,65,3,3
28933,81,86,-5,5
28934,103,103,0,0
28935,99,105,-6,6
28936,80,81,-1,1
28937,104,106,-2,2
28938,67,73,-6,6
28939,126,116,10,10
28940,53,56,-3,3
28941,135,127,8,8
28942,95,84,11,11
28943,95,99,-4,4
28944,63,71,-8,8
28945,140,121,19,19
28946,71,85,-14,14
28947,79,76,3,3
28948,47,80,-33,33
28949,87,97,-10,10
28950,57,67,-10,10
28951,81,82,-1,1
28952,53,61,-8,8
28953,88,96,-8,8
28954,109,108,1,1
28955,85,89,-4,4
28956,114,108,6,6
28957,81,84,-3,3
28958,85,94,-9,9
28959,95,96,-1,1
28960,61,74,-13,13
28961,65,69,-4,4
28962,47,63,-16,16
28963,57,60,-3,3
28964,66,78,-12,12
28965,86,90,-4,4
28966,76,78,-2,2
28967,143,129,14,14
28968,79,93,-14,14
28969,87,80,7,7
28970,99,98,1,1
28971,103,115,-12,12
28972,83,78,5,5
28973,116,110,6,6
28974,128,121,7,7
28975,159,147,12,12
28976,113,102,11,11
28977,124,116,8,8
28978,81,88,-7,7
28979,66,61,5,5
28980,82,66,16,16
28981,58,73,-15,15
28982,101,110,-9,9
28983,67,77,-10,10
28984,97,88,9,9
28985,78,86,-8,8
28986,104,106,-2,2
28987,117,117,0,0
28988,82,89,-7,7
28989,125,125,0,0
28990,152,142,10,10
28991,92,95,-3,3
28992,128,116,12,12
28993,68,75,-7,7
28994,101,98,3,3
28995,96,97,-1,1
28996,98,101,-3,3
28997,134,122,12,12
28998,106,109,-3,3
28999,54,61,-7,7
29000,88,96,-8,8
29001,66,65,1,1
29002,99,98,1,1
29003,82,85,-3,3
29004,118,119,-1,1
29005,66,68,-2,2
29006,96,95,1,1
29007,139,132,7,7
29008,25,38,-13,13
29009,123,112,11,11
29010,130,119,11,11
29011,92,87,5,5
29012,80,81,-1,1
29013,67,64,3,3
29014,71,70,1,1
29015,92,94,-2,2
29016,113,102,11,11
29017,67,79,-12,12
29018,58,63,-5,5
29019,39,86,-47,47
29020,78,86,-8,8
29021,113,98,15,15
29022,50,60,-10,10
29023,66,69,-3,3
29024,88,89,-1,1
29025,88,97,-9,9
29026,131,118,13,13
29027,64,84,-20,20
29028,91,88,3,3
29029,101,93,8,8
29030,110,104,6,6
29031,56,66,-10,10
29032,77,78,-1,1
29033,129,122,7,7
29034,91,101,-10,10
29035,97,104,-7,7
29036,98,100,-2,2
29037,75,80,-5,5
29038,109,93,16,16
29039,64,76,-12,12
29040,71,77,-6,6
29041,54,60,-6,6
29042,59,70,-11,11
29043,145,136,9,9
29044,86,78,8,8
29045,56,60,-4,4
29046,79,89,-10,10
29047,114,113,1,1
29048,65,75,-10,10
29049,104,92,12,12
29050,61,73,-12,12
29051,155,147,8,8
29052,106,102,4,4
29053,48,61,-13,13
29054,173,140,33,33
29055,31,45,-14,14
29056,87,92,-5,5
29057,147,138,9,9
29058,79,81,-2,2
29059,92,102,-10,10
29060,100,91,9,9
29061,118,127,-9,9
29062,83,85,-2,2
29063,72,75,-3,3
29064,101,97,4,4
29065,83,88,-5,5
29066,94,95,-1,1
29067,103,107,-4,4
29068,73,79,-6,6
29069,179,163,16,16
29070,115,104,11,11
29071,85,79,6,6
29072,101,97,4,4
29073,130,126,4,4
29074,155,153,2,2
29075,65,71,-6,6
29076,116,120,-4,4
29077,71,75,-4,4
29078,78,85,-7,7
29079,129,125,4,4
29080,78,76,2,2
29081,141,128,13,13
29082,139,123,16,16
29083,90,85,5,5
29084,174,156,18,18
29085,92,90,2,2
29086,76,80,-4,4
29087,40,52,-12,12
29088,36,35,1,1
29089,78,80,-2,2
29090,89,91,-2,2
29091,63,73,-10,10
29092,79,77,2,2
29093,127,112,15,15
29094,61,74,-13,13
29095,118,80,38,38
29096,112,100,12,12
29097,131,122,9,9
29098,78,78,0,0
29099,95,90,5,5
29100,75,75,0,0
29101,170,155,15,15
29102,97,101,-4,4
29103,62,68,-6,6
29104,130,116,14,14
29105,116,130,-14,14
29106,72,82,-10,10
29107,89,86,3,3
29108,95,104,-9,9
29109,82,81,1,1
29110,54,67,-13,13
29111,102,99,3,3
29112,106,103,3,3
29113,138,126,12,12
29114,90,90,0,0
29115,53,66,-13,13
29116,111,99,12,12
29117,91,89,2,2
29118,84,89,-5,5
29119,116,103,13,13
29120,119,112,7,7
29121,82,85,-3,3
29122,102,95,7,7
29123,64,69,-5,5
29124,40,56,-16,16
29125,104,104,0,0
29126,73,74,-1,1
29127,92,90,2,2
29128,127,108,19,19
29129,155,140,15,15
29130,82,83,-1,1
29131,86,88,-2,2
29132,61,59,2,2
29133,136,124,12,12
29134,123,129,-6,6
29135,40,54,-14,14
29136,103,96,7,7
29137,145,138,7,7
29138,92,97,-5,5
29139,60,82,-22,22
29140,71,72,-1,1
29141,63,70,-7,7
29142,51,64,-13,13
29143,92,91,1,1
29144,48,55,-7,7
29145,66,59,7,7
29146,165,143,22,22
29147,114,104,10,10
29148,48,56,-8,8
29149,121,109,12,12
29150,134,126,8,8
29151,68,68,0,0
29152,34,57,-23,23
29153,68,71,-3,3
29154,72,76,-4,4
29155,63,71,-8,8
29156,59,69,-10,10
29157,94,95,-1,1
29158,59,61,-2,2
29159,77,88,-11,11
29160,119,111,8,8
29161,134,128,6,6
29162,120,118,2,2
29163,90,85,5,5
29164,79,78,1,1
29165,70,74,-4,4
29166,103,100,3,3
29167,111,97,14,14
29168,62,67,-5,5
29169,139,122,17,17
29170,138,135,3,3
29171,213,196,17,17
29172,73,79,-6,6
29173,116,111,5,5
29174,135,129,6,6
29175,77,76,1,1
29176,89,83,6,6
29177,40,39,1,1
29178,82,80,2,2
29179,101,106,-5,5
29180,81,96,-15,15
29181,159,147,12,12
29182,89,93,-4,4
29183,74,82,-8,8
29184,106,102,4,4
29185,53,65,-12,12
29186,98,112,-14,14
29187,96,90,6,6
29188,116,118,-2,2
29189,68,72,-4,4
29190,74,80,-6,6
29191,167,160,7,7
29192,90,100,-10,10
29193,106,102,4,4
29194,62,60,2,2
29195,46,53,-7,7
29196,68,80,-12,12
29197,73,77,-4,4
29198,78,81,-3,3
29199,58,63,-5,5
29200,129,120,9,9
29201,79,90,-11,11
29202,92,85,7,7
29203,34,51,-17,17
29204,81,65,16,16
29205,73,72,1,1
29206,171,162,9,9
29207,90,102,-12,12
29208,70,82,-12,12
29209,199,186,13,13
29210,68,69,-1,1
29211,161,151,10,10
29212,46,50,-4,4
29213,61,68,-7,7
29214,112,107,5,5
29215,133,119,14,14
29216,91,84,7,7
29217,80,91,-11,11
29218,160,125,35,35
29219,90,87,3,3
29220,103,94,9,9
29221,87,79,8,8
29222,148,133,15,15
29223,183,120,63,63
29224,87,85,2,2
29225,161,145,16,16
29226,80,78,2,2
29227,128,127,1,1
29228,123,116,7,7
29229,159,143,16,16
29230,48,53,-5,5
29231,77,82,-5,5
29232,87,87,0,0
29233,53,53,0,0
29234,118,110,8,8
29235,89,70,19,19
29236,76,79,-3,3
29237,145,128,17,17
29238,125,109,16,16
29239,97,105,-8,8
29240,49,58,-9,9
29241,62,80,-18,18
29242,81,86,-5,5
29243,136,132,4,4
29244,100,105,-5,5
29245,187,185,2,2
29246,105,110,-5,5
29247,176,143,33,33
29248,113,107,6,6
29249,115,113,2,2
29250,86,91,-5,5
29251,120,107,13,13
29252,74,81,-7,7
29253,86,96,-10,10
29254,99,105,-6,6
29255,70,70,0,0
29256,109,114,-5,5
29257,110,103,7,7
29258,102,103,-1,1
29259,156,141,15,15
29260,107,107,0,0
29261,53,61,-8,8
29262,121,113,8,8
29263,97,95,2,2
29264,103,111,-8,8
29265,66,67,-1,1
29266,108,125,-17,17
29267,59,69,-10,10
29268,64,75,-11,11
29269,70,75,-5,5
29270,86,83,3,3
29271,118,106,12,12
29272,61,69,-8,8
29273,120,109,11,11
29274,112,108,4,4
29275,176,145,31,31
29276,61,69,-8,8
29277,89,99,-10,10
29278,115,99,16,16
29279,112,102,10,10
29280,110,105,5,5
29281,92,90,2,2
29282,124,111,13,13
29283,60,64,-4,4
29284,70,70,0,0
29285,98,89,9,9
29286,77,81,-4,4
29287,60,58,2,2
29288,149,140,9,9
29289,135,124,11,11
29290,71,74,-3,3
29291,47,61,-14,14
29292,141,128,13,13
29293,76,83,-7,7
29294,85,80,5,5
29295,66,71,-5,5
29296,86,89,-3,3
29297,144,133,11,11
29298,74,78,-4,4
29299,181,159,22,22
29300,79,86,-7,7
29301,106,101,5,5
29302,138,123,15,15
29303,91,76,15,15
29304,76,78,-2,2
29305,140,126,14,14
29306,77,81,-4,4
29307,54,66,-12,12
29308,71,74,-3,3
29309,110,100,10,10
29310,90,86,4,4
29311,116,116,0,0
29312,83,86,-3,3
29313,59,67,-8,8
29314,92,93,-1,1
29315,144,133,11,11
29316,67,61,6,6
29317,105,101,4,4
29318,62,65,-3,3
29319,136,123,13,13
29320,111,111,0,0
29321,64,75,-11,11
29322,73,68,5,5
29323,86,92,-6,6
29324,84,84,0,0
29325,74,80,-6,6
29326,135,127,8,8
29327,119,111,8,8
29328,83,88,-5,5
29329,102,101,1,1
29330,84,90,-6,6
29331,66,116,-50,50
29332,47,52,-5,5
29333,97,93,4,4
29334,106,107,-1,1
29335,75,76,-1,1
29336,108,116,-8,8
29337,154,141,13,13
29338,91,85,6,6
29339,75,84,-9,9
29340,155,135,20,20
29341,75,88,-13,13
29342,211,175,36,36
29343,69,68,1,1
29344,52,60,-8,8
29345,84,74,10,10
29346,89,92,-3,3
29347,79,78,1,1
29348,78,84,-6,6
29349,90,86,4,4
29350,305,260,45,45
29351,83,88,-5,5
29352,193,177,16,16
29353,124,125,-1,1
29354,46,52,-6,6
29355,85,78,7,7
29356,84,86,-2,2
29357,98,93,5,5
29358,72,79,-7,7
29359,60,71,-11,11
29360,102,101,1,1
29361,92,87,5,5
29362,102,101,1,1
29363,74,87,-13,13
29364,114,102,12,12
29365,86,95,-9,9
29366,114,113,1,1
29367,151,155,-4,4
29368,91,90,1,1
29369,78,70,8,8
29370,153,142,11,11
29371,80,91,-11,11
29372,108,108,0,0
29373,88,80,8,8
29374,153,135,18,18
29375,71,83,-12,12
29376,95,103,-8,8
29377,127,116,11,11
29378,139,135,4,4
29379,46,55,-9,9
29380,124,117,7,7
29381,93,96,-3,3
29382,114,104,10,10
29383,93,88,5,5
29384,67,69,-2,2
29385,110,107,3,3
29386,63,72,-9,9
29387,70,67,3,3
29388,87,86,1,1
29389,122,114,8,8
29390,107,110,-3,3
29391,153,141,12,12
29392,94,92,2,2
29393,101,101,0,0
29394,78,83,-5,5
29395,82,93,-11,11
29396,88,89,-1,1
29397,94,89,5,5
29398,37,55,-18,18
29399,67,71,-4,4
29400,85,84,1,1
29401,105,94,11,11
29402,40,62,-22,22
29403,194,162,32,32
29404,123,121,2,2
29405,87,81,6,6
29406,102,100,2,2
29407,145,131,14,14
29408,68,69,-1,1
29409,159,139,20,20
29410,82,87,-5,5
29411,83,73,10,10
29412,82,78,4,4
29413,69,66,3,3
29414,103,105,-2,2
29415,105,106,-1,1
29416,100,110,-10,10
29417,55,61,-6,6
29418,80,83,-3,3
29419,73,81,-8,8
29420,51,30,21,21
29421,124,118,6,6
29422,52,59,-7,7
29423,115,129,-14,14
29424,116,105,11,11
29425,101,102,-1,1
29426,63,56,7,7
29427,52,60,-8,8
29428,84,80,4,4
29429,142,134,8,8
29430,71,77,-6,6
29431,82,93,-11,11
29432,85,94,-9,9
29433,74,75,-1,1
29434,61,56,5,5
29435,107,111,-4,4
29436,98,96,2,2
29437,80,85,-5,5
29438,69,78,-9,9
29439,64,71,-7,7
29440,137,125,12,12
29441,77,76,1,1
29442,94,106,-12,12
29443,86,81,5,5
29444,60,66,-6,6
29445,54,71,-17,17
29446,62,67,-5,5
29447,86,92,-6,6
29448,60,61,-1,1
29449,64,69,-5,5
29450,91,90,1,1
29451,71,71,0,0
29452,78,88,-10,10
29453,104,101,3,3
29454,103,103,0,0
29455,167,161,6,6
29456,129,109,20,20
29457,125,145,-20,20
29458,108,111,-3,3
29459,77,79,-2,2
29460,121,122,-1,1
29461,77,77,0,0
29462,61,72,-11,11
29463,67,70,-3,3
29464,96,93,3,3
29465,113,119,-6,6
29466,70,71,-1,1
29467,79,76,3,3
29468,91,92,-1,1
29469,86,93,-7,7
29470,74,74,0,0
29471,78,84,-6,6
29472,117,101,16,16
29473,82,75,7,7
29474,79,86,-7,7
29475,138,146,-8,8
29476,92,89,3,3
29477,69,70,-1,1
29478,81,90,-9,9
29479,73,78,-5,5
29480,100,102,-2,2
29481,51,53,-2,2
29482,60,65,-5,5
29483,109,102,7,7
29484,131,125,6,6
29485,71,77,-6,6
29486,77,86,-9,9
29487,97,107,-10,10
29488,69,72,-3,3
29489,124,116,8,8
29490,69,72,-3,3
29491,131,122,9,9
29492,87,91,-4,4
29493,178,167,11,11
29494,111,109,2,2
29495,122,107,15,15
29496,155,136,19,19
29497,136,111,25,25
29498,113,119,-6,6
29499,64,73,-9,9
29500,111,107,4,4
29501,94,96,-2,2
29502,58,66,-8,8
29503,89,82,7,7
29504,82,78,4,4
29505,87,96,-9,9
29506,50,67,-17,17
29507,79,78,1,1
29508,140,123,17,17
29509,134,188,-54,54
29510,119,108,11,11
29511,140,135,5,5
29512,119,116,3,3
29513,52,61,-9,9
29514,124,133,-9,9
29515,131,107,24,24
29516,45,54,-9,9
29517,70,72,-2,2
29518,99,100,-1,1
29519,82,79,3,3
29520,73,74,-1,1
29521,120,126,-6,6
29522,107,107,0,0
29523,88,88,0,0
29524,82,82,0,0
29525,59,63,-4,4
29526,90,100,-10,10
29527,56,71,-15,15
29528,113,112,1,1
29529,78,70,8,8
29530,61,76,-15,15
29531,89,89,0,0
29532,44,57,-13,13
29533,62,63,-1,1
29534,111,110,1,1
29535,75,80,-5,5
29536,74,78,-4,4
29537,79,76,3,3
29538,89,92,-3,3
29539,94,95,-1,1
29540,116,107,9,9
29541,120,106,14,14
29542,180,161,19,19
29543,48,53,-5,5
29544,85,87,-2,2
29545,112,101,11,11
29546,114,96,18,18
29547,78,79,-1,1
29548,111,121,-10,10
29549,71,76,-5,5
29550,64,71,-7,7
29551,47,51,-4,4
29552,85,91,-6,6
29553,90,102,-12,12
29554,137,121,16,16
29555,138,133,5,5
29556,64,58,6,6
29557,78,76,2,2
29558,42,43,-1,1
29559,98,99,-1,1
29560,59,58,1,1
29561,76,88,-12,12
29562,106,101,5,5
29563,33,34,-1,1
29564,121,121,0,0
29565,108,98,10,10
29566,76,82,-6,6
29567,64,64,0,0
29568,73,68,5,5
29569,112,108,4,4
29570,105,100,5,5
29571,59,71,-12,12
29572,205,166,39,39
29573,78,85,-7,7
29574,79,91,-12,12
29575,123,123,0,0
29576,83,84,-1,1
29577,115,113,2,2
29578,75,77,-2,2
29579,86,89,-3,3
29580,111,121,-10,10
29581,82,107,-25,25
29582,157,150,7,7
29583,58,62,-4,4
29584,101,99,2,2
29585,99,101,-2,2
29586,96,97,-1,1
29587,133,138,-5,5
29588,93,94,-1,1
29589,79,75,4,4
29590,87,75,12,12
29591,101,107,-6,6
29592,73,75,-2,2
29593,76,80,-4,4
29594,110,102,8,8
29595,100,97,3,3
29596,87,89,-2,2
29597,126,125,1,1
29598,81,77,4,4
29599,70,82,-12,12
29600,139,136,3,3
29601,74,76,-2,2
29602,147,120,27,27
29603,92,84,8,8
29604,133,111,22,22
29605,87,88,-1,1
29606,96,97,-1,1
29607,70,99,-29,29
29608,75,82,-7,7
29609,121,113,8,8
29610,88,90,-2,2
29611,96,102,-6,6
29612,196,132,64,64
29613,90,95,-5,5
29614,110,105,5,5
29615,59,63,-4,4
29616,131,121,10,10
29617,56,60,-4,4
29618,98,104,-6,6
29619,94,89,5,5
29620,73,83,-10,10
29621,52,51,1,1
29622,97,88,9,9
29623,119,111,8,8
29624,94,84,10,10
29625,144,132,12,12
29626,128,119,9,9
29627,81,75,6,6
29628,101,94,7,7
29629,138,126,12,12
29630,68,72,-4,4
29631,124,106,18,18
29632,61,77,-16,16
29633,118,105,13,13
29634,69,78,-9,9
29635,84,85,-1,1
29636,175,152,23,23
29637,54,62,-8,8
29638,72,83,-11,11
29639,82,79,3,3
29640,102,94,8,8
29641,107,103,4,4
29642,110,107,3,3
29643,128,121,7,7
29644,132,129,3,3
29645,80,80,0,0
29646,60,66,-6,6
29647,54,60,-6,6
29648,89,97,-8,8
29649,90,96,-6,6
29650,62,83,-21,21
29651,64,82,-18,18
29652,74,70,4,4
29653,123,194,-71,71
29654,77,81,-4,4
29655,79,78,1,1
29656,88,88,0,0
29657,77,85,-8,8
29658,96,102,-6,6
29659,80,81,-1,1
29660,104,101,3,3
29661,46,52,-6,6
29662,70,80,-10,10
29663,93,101,-8,8
29664,103,98,5,5
29665,117,104,13,13
29666,80,84,-4,4
29667,93,90,3,3
29668,88,90,-2,2
29669,101,96,5,5
29670,69,75,-6,6
29671,97,95,2,2
29672,56,62,-6,6
29673,101,98,3,3
29674,122,118,4,4
29675,95,98,-3,3
29676,113,108,5,5
29677,150,129,21,21
29678,164,160,4,4
29679,87,88,-1,1
29680,128,120,8,8
29681,66,73,-7,7
29682,68,64,4,4
29683,120,112,8,8
29684,151,144,7,7
29685,72,68,4,4
29686,89,95,-6,6
29687,231,196,35,35
29688,49,69,-20,20
29689,68,68,0,0
29690,81,81,0,0
29691,96,96,0,0
29692,123,108,15,15
29693,88,88,0,0
29694,188,170,18,18
29695,78,72,6,6
29696,78,81,-3,3
29697,105,108,-3,3
29698,102,98,4,4
29699,74,86,-12,12
29700,74,84,-10,10
29701,63,68,-5,5
29702,106,103,3,3
29703,90,84,6,6
29704,100,100,0,0
29705,106,103,3,3
29706,74,77,-3,3
29707,75,82,-7,7
29708,119,127,-8,8
29709,115,113,2,2
29710,125,110,15,15
29711,106,103,3,3
29712,113,112,1,1
29713,81,81,0,0
29714,84,81,3,3
29715,79,89,-10,10
29716,129,118,11,11
29717,55,58,-3,3
29718,99,103,-4,4
29719,88,93,-5,5
29720,129,111,18,18
29721,92,94,-2,2
29722,113,112,1,1
29723,67,66,1,1
29724,96,106,-10,10
29725,64,73,-9,9
29726,132,140,-8,8
29727,172,149,23,23
29728,104,105,-1,1
29729,83,77,6,6
29730,70,85,-15,15
29731,104,104,0,0
29732,78,73,5,5
29733,66,83,-17,17
29734,81,82,-1,1
29735,63,72,-9,9
29736,74,81,-7,7
29737,109,94,15,15
29738,70,75,-5,5
29739,91,83,8,8
29740,95,95,0,0
29741,76,81,-5,5
29742,68,69,-1,1
29743,92,89,3,3
29744,65,71,-6,6
29745,36,45,-9,9
29746,105,106,-1,1
29747,110,106,4,4
29748,121,114,7,7
29749,49,52,-3,3
29750,98,83,15,15
29751,117,109,8,8
29752,52,100,-48,48
29753,84,87,-3,3
29754,148,136,12,12
29755,63,64,-1,1
29756,63,75,-12,12
29757,92,98,-6,6
29758,85,82,3,3
29759,93,92,1,1
29760,88,75,13,13
29761,80,84,-4,4
29762,83,86,-3,3
29763,61,71,-10,10
29764,76,75,1,1
29765,81,88,-7,7
29766,75,70,5,5
29767,61,59,2,2
29768,110,105,5,5
29769,91,87,4,4
29770,63,59,4,4
29771,126,124,2,2
29772,102,91,11,11
29773,102,96,6,6
29774,107,100,7,7
29775,49,56,-7,7
29776,71,80,-9,9
29777,70,86,-16,16
29778,94,98,-4,4
29779,201,183,18,18
29780,80,87,-7,7
29781,62,64,-2,2
29782,97,93,4,4
29783,77,80,-3,3
29784,74,97,-23,23
29785,55,65,-10,10
29786,88,84,4,4
29787,27,50,-23,23
29788,64,63,1,1
29789,95,107,-12,12
29790,74,79,-5,5
29791,99,106,-7,7
29792,68,69,-1,1
29793,65,71,-6,6
29794,97,102,-5,5
29795,73,75,-2,2
29796,88,102,-14,14
29797,121,126,-5,5
29798,102,94,8,8
29799,101,105,-4,4
29800,78,86,-8,8
29801,156,140,16,16
29802,76,88,-12,12
29803,66,66,0,0
29804,91,100,-9,9
29805,82,76,6,6
29806,150,144,6,6
29807,46,55,-9,9
29808,164,153,11,11
29809,134,128,6,6
29810,124,119,5,5
29811,75,78,-3,3
29812,64,77,-13,13
29813,207,182,25,25
29814,125,125,0,0
29815,143,125,18,18
29816,79,75,4,4
29817,62,67,-5,5
29818,149,146,3,3
29819,136,127,9,9
29820,48,56,-8,8
29821,117,106,11,11
29822,50,59,-9,9
29823,88,87,1,1
29824,62,69,-7,7
29825,37,49,-12,12
29826,142,124,18,18
29827,59,62,-3,3
29828,123,115,8,8
29829,78,79,-1,1
29830,117,108,9,9
29831,84,90,-6,6
29832,191,165,26,26
29833,176,152,24,24
29834,68,65,3,3
29835,58,61,-3,3
29836,74,78,-4,4
29837,166,151,15,15
29838,178,159,19,19
29839,102,102,0,0
29840,106,102,4,4
29841,121,120,1,1
29842,157,148,9,9
29843,60,62,-2,2
29844,116,110,6,6
29845,133,128,5,5
29846,50,53,-3,3
29847,90,89,1,1
29848,138,123,15,15
29849,216,195,21,21
29850,114,109,5,5
29851,107,103,4,4
29852,68,68,0,0
29853,52,63,-11,11
29854,139,126,13,13
29855,98,88,10,10
29856,143,130,13,13
29857,97,88,9,9
29858,80,89,-9,9
29859,60,58,2,2
29860,104,101,3,3
29861,102,108,-6,6
29862,155,144,11,11
29863,157,141,16,16
29864,122,106,16,16
29865,89,90,-1,1
29866,68,69,-1,1
29867,68,70,-2,2
29868,102,105,-3,3
29869,107,111,-4,4
29870,62,65,-3,3
29871,145,146,-1,1
29872,92,92,0,0
29873,113,105,8,8
29874,72,71,1,1
29875,67,71,-4,4
29876,86,85,1,1
29877,78,83,-5,5
29878,94,96,-2,2
29879,103,92,11,11
29880,145,145,0,0
29881,74,83,-9,9
29882,128,130,-2,2
29883,146,121,25,25
29884,54,59,-5,5
29885,162,143,19,19
29886,150,145,5,5
29887,57,67,-10,10
29888,118,116,2,2
29889,37,48,-11,11
29890,121,109,12,12
29891,130,112,18,18
29892,62,72,-10,10
29893,66,73,-7,7
29894,119,99,20,20
29895,120,108,12,12
29896,100,105,-5,5
29897,121,124,-3,3
29898,85,97,-12,12
29899,99,95,4,4
29900,63,73,-10,10
29901,98,88,10,10
29902,62,65,-3,3
29903,78,79,-1,1
29904,61,65,-4,4
29905,110,101,9,9
29906,90,92,-2,2
29907,125,100,25,25
29908,59,59,0,0
29909,83,79,4,4
29910,103,111,-8,8
29911,66,71,-5,5
29912,131,128,3,3
29913,72,81,-9,9
29914,56,65,-9,9
29915,110,109,1,1
29916,72,77,-5,5
29917,120,121,-1,1
29918,82,87,-5,5
29919,79,84,-5,5
29920,169,152,17,17
29921,140,142,-2,2
29922,139,130,9,9
29923,53,64,-11,11
29924,93,101,-8,8
29925,95,89,6,6
29926,91,87,4,4
29927,96,90,6,6
29928,115,112,3,3
29929,80,76,4,4
29930,61,65,-4,4
29931,125,127,-2,2
29932,79,76,3,3
29933,113,105,8,8
29934,113,114,-1,1
29935,79,81,-2,2
29936,143,131,12,12
29937,69,89,-20,20
29938,71,94,-23,23
29939,67,72,-5,5
29940,53,59,-6,6
29941,132,135,-3,3
29942,129,120,9,9
29943,85,81,4,4
29944,107,105,2,2
29945,143,131,12,12
29946,57,54,3,3
29947,99,97,2,2
29948,54,65,-11,11
29949,102,105,-3,3
29950,64,69,-5,5
29951,86,97,-11,11
29952,88,85,3,3
29953,170,147,23,23
29954,71,80,-9,9
29955,127,120,7,7
29956,61,68,-7,7
29957,63,72,-9,9
29958,46,57,-11,11
29959,78,77,1,1
29960,85,92,-7,7
29961,86,78,8,8
29962,91,84,7,7
29963,75,73,2,2
29964,75,78,-3,3
29965,73,100,-27,27
29966,74,75,-1,1
29967,69,79,-10,10
29968,77,72,5,5
29969,119,117,2,2
29970,77,88,-11,11
29971,143,135,8,8
29972,132,131,1,1
29973,89,94,-5,5
29974,60,63,-3,3
29975,131,132,-1,1
29976,83,81,2,2
29977,80,77,3,3
29978,92,87,5,5
29979,187,174,13,13
29980,128,122,6,6
29981,151,137,14,14
29982,44,49,-5,5
29983,83,85,-2,2
29984,78,75,3,3
29985,81,85,-4,4
29986,73,79,-6,6
29987,138,134,4,4
29988,45,53,-8,8
29989,58,66,-8,8
29990,105,105,0,0
29991,103,104,-1,1
29992,91,89,2,2
29993,48,58,-10,10
29994,74,83,-9,9
29995,104,92,12,12
29996,69,74,-5,5
29997,62,66,-4,4
29998,140,149,-9,9
29999,129,145,-16,16
30000,98,94,4,4
30001,99,95,4,4
30002,71,72,-1,1
30003,149,152,-3,3
30004,101,104,-3,3
30005,114,124,-10,10
30006,181,161,20,20
30007,112,120,-8,8
30008,112,109,3,3
30009,95,96,-1,1
30010,133,128,5,5
30011,168,144,24,24
30012,24,46,-22,22
30013,119,111,8,8
30014,102,98,4,4
30015,84,82,2,2
30016,134,124,10,10
30017,69,68,1,1
30018,66,66,0,0
30019,74,71,3,3
30020,113,109,4,4
30021,64,72,-8,8
30022,79,78,1,1
30023,103,87,16,16
30024,107,104,3,3
30025,66,77,-11,11
30026,88,87,1,1
30027,158,155,3,3
30028,123,111,12,12
30029,73,80,-7,7
30030,105,102,3,3
30031,65,73,-8,8
30032,119,119,0,0
30033,68,69,-1,1
30034,64,66,-2,2
30035,74,77,-3,3
30036,23,27,-4,4
30037,97,96,1,1
30038,124,115,9,9
30039,72,75,-3,3
30040,132,123,9,9
30041,42,61,-19,19
30042,121,109,12,12
30043,89,84,5,5
30044,113,106,7,7
30045,114,106,8,8
30046,57,59,-2,2
30047,63,66,-3,3
30048,121,117,4,4
30049,144,130,14,14
30050,118,116,2,2
30051,64,71,-7,7
30052,121,114,7,7
30053,135,125,10,10
30054,80,87,-7,7
30055,110,104,6,6
30056,100,98,2,2
30057,94,98,-4,4
30058,83,79,4,4
30059,87,89,-2,2
30060,67,72,-5,5
30061,95,104,-9,9
30062,88,84,4,4
30063,93,96,-3,3
30064,91,81,10,10
30065,133,123,10,10
30066,77,96,-19,19
30067,106,108,-2,2
30068,53,65,-12,12
30069,89,92,-3,3
30070,154,127,27,27
30071,98,103,-5,5
30072,54,61,-7,7
30073,79,84,-5,5
30074,115,109,6,6
30075,135,130,5,5
30076,81,81,0,0
30077,56,67,-11,11
30078,54,68,-14,14
30079,73,66,7,7
30080,80,86,-6,6
30081,114,106,8,8
30082,170,164,6,6
30083,124,115,9,9
30084,63,67,-4,4
30085,93,108,-15,15
30086,77,80,-3,3
30087,178,162,16,16
30088,67,67,0,0
30089,72,66,6,6
30090,60,61,-1,1
30091,64,71,-7,7
30092,85,80,5,5
30093,158,144,14,14
30094,124,110,14,14
30095,70,113,-43,43
30096,61,72,-11,11
30097,110,118,-8,8
30098,94,99,-5,5
30099,161,145,16,16
30100,98,99,-1,1
30101,165,147,18,18
30102,82,88,-6,6
30103,102,108,-6,6
30104,105,103,2,2
30105,85,96,-11,11
30106,106,108,-2,2
30107,91,85,6,6
30108,86,90,-4,4
30109,44,48,-4,4
30110,96,103,-7,7
30111,114,107,7,7
30112,83,84,-1,1
30113,24,27,-3,3
30114,75,82,-7,7
30115,140,143,-3,3
30116,46,52,-6,6
30117,80,79,1,1
30118,82,102,-20,20
30119,125,118,7,7
30120,56,65,-9,9
30121,76,79,-3,3
30122,44,52,-8,8
30123,102,91,11,11
30124,146,138,8,8
30125,46,50,-4,4
30126,80,85,-5,5
30127,117,120,-3,3
30128,85,77,8,8
30129,60,63,-3,3
30130,81,92,-11,11
30131,42,43,-1,1
30132,79,92,-13,13
30133,98,91,7,7
30134,110,104,6,6
30135,74,75,-1,1
30136,54,60,-6,6
30137,113,116,-3,3
30138,78,89,-11,11
30139,52,53,-1,1
30140,449,441,8,8
30141,121,120,1,1
30142,68,72,-4,4
30143,35,46,-11,11
30144,36,41,-5,5
30145,81,87,-6,6
30146,155,146,9,9
30147,207,178,29,29
30148,105,110,-5,5
30149,66,77,-11,11
30150,105,92,13,13
30151,63,63,0,0
30152,97,93,4,4
30153,114,106,8,8
30154,69,73,-4,4
30155,181,167,14,14
30156,58,70,-12,12
30157,56,65,-9,9
30158,41,49,-8,8
30159,61,70,-9,9
30160,108,115,-7,7
30161,113,102,11,11
30162,46,41,5,5
30163,85,81,4,4
30164,109,111,-2,2
30165,144,138,6,6
30166,45,78,-33,33
30167,56,54,2,2
30168,71,71,0,0
30169,83,76,7,7
30170,72,78,-6,6
30171,92,84,8,8
30172,97,112,-15,15
30173,52,63,-11,11
30174,135,134,1,1
30175,69,74,-5,5
30176,88,90,-2,2
30177,79,77,2,2
30178,74,76,-2,2
30179,74,80,-6,6
30180,102,108,-6,6
30181,154,133,21,21
30182,225,202,23,23
30183,98,104,-6,6
30184,77,83,-6,6
30185,164,142,22,22
30186,144,111,33,33
30187,75,76,-1,1
30188,142,142,0,0
30189,115,113,2,2
30190,81,85,-4,4
30191,103,108,-5,5
30192,94,101,-7,7
30193,76,92,-16,16
30194,50,58,-8,8
30195,108,119,-11,11
30196,146,133,13,13
30197,90,92,-2,2
30198,129,123,6,6
30199,74,86,-12,12
30200,105,99,6,6
30201,91,92,-1,1
30202,121,123,-2,2
30203,109,93,16,16
30204,85,96,-11,11
30205,111,115,-4,4
30206,136,125,11,11
30207,74,76,-2,2
30208,89,100,-11,11
30209,102,101,1,1
30210,63,64,-1,1
30211,113,112,1,1
30212,92,82,10,10
30213,87,94,-7,7
30214,98,94,4,4
30215,111,110,1,1
30216,116,103,13,13
30217,133,135,-2,2
30218,160,144,16,16
30219,86,88,-2,2
30220,132,126,6,6
30221,110,106,4,4
30222,53,62,-9,9
30223,95,96,-1,1
30224,88,92,-4,4
30225,56,62,-6,6
30226,75,81,-6,6
30227,76,79,-3,3
30228,47,57,-10,10
30229,96,93,3,3
30230,39,64,-25,25
30231,159,137,22,22
30232,61,67,-6,6
30233,53,55,-2,2
30234,84,85,-1,1
30235,85,83,2,2
30236,82,89,-7,7
30237,88,93,-5,5
30238,87,79,8,8
30239,111,108,3,3
30240,161,144,17,17
30241,131,128,3,3
30242,89,82,7,7
30243,156,146,10,10
30244,61,67,-6,6
30245,94,102,-8,8
30246,102,87,15,15
30247,167,160,7,7
30248,182,162,20,20
30249,59,58,1,1
30250,162,139,23,23
30251,132,126,6,6
30252,66,67,-1,1
30253,88,87,1,1
30254,106,90,16,16
30255,59,67,-8,8
30256,86,89,-3,3
30257,45,54,-9,9
30258,42,55,-13,13
30259,54,58,-4,4
30260,79,84,-5,5
30261,139,138,1,1
30262,98,103,-5,5
30263,113,109,4,4
30264,87,88,-1,1
30265,55,65,-10,10
30266,47,53,-6,6
30267,93,102,-9,9
30268,55,62,-7,7
30269,113,138,-25,25
30270,87,80,7,7
30271,138,135,3,3
30272,106,99,7,7
30273,76,80,-4,4
30274,89,90,-1,1
30275,90,84,6,6
30276,119,114,5,5
30277,106,105,1,1
30278,89,87,2,2
30279,80,88,-8,8
30280,77,81,-4,4
30281,138,121,17,17
30282,99,95,4,4
30283,70,81,-11,11
30284,107,103,4,4
30285,64,69,-5,5
30286,123,118,5,5
30287,75,80,-5,5
30288,46,61,-15,15
30289,94,94,0,0
30290,68,71,-3,3
30291,116,119,-3,3
30292,68,78,-10,10
30293,42,36,6,6
30294,74,66,8,8
30295,102,104,-2,2
30296,111,105,6,6
30297,102,105,-3,3
30298,155,169,-14,14
30299,97,98,-1,1
30300,75,73,2,2
30301,158,159,-1,1
30302,66,60,6,6
30303,72,69,3,3
30304,197,157,40,40
30305,133,116,17,17
30306,103,106,-3,3
30307,119,109,10,10
30308,88,93,-5,5
30309,56,69,-13,13
30310,59,71,-12,12
30311,73,88,-15,15
30312,100,94,6,6
30313,83,78,5,5
30314,104,102,2,2
30315,91,100,-9,9
30316,86,89,-3,3
30317,62,63,-1,1
30318,90,102,-12,12
30319,79,76,3,3
30320,127,123,4,4
30321,108,115,-7,7
30322,38,68,-30,30
30323,63,76,-13,13
30324,55,62,-7,7
30325,111,95,16,16
30326,53,65,-12,12
30327,77,75,2,2
30328,143,139,4,4
30329,136,128,8,8
30330,47,59,-12,12
30331,85,81,4,4
30332,96,93,3,3
30333,87,85,2,2
30334,87,87,0,0
30335,144,127,17,17
30336,105,99,6,6
30337,96,102,-6,6
30338,78,83,-5,5
30339,140,145,-5,5
30340,69,70,-1,1
30341,41,54,-13,13
30342,73,85,-12,12
30343,75,78,-3,3
30344,54,69,-15,15
30345,71,74,-3,3
30346,92,99,-7,7
30347,78,78,0,0
30348,106,101,5,5
30349,77,83,-6,6
30350,74,77,-3,3
30351,59,60,-1,1
30352,94,107,-13,13
30353,86,82,4,4
30354,102,107,-5,5
30355,87,95,-8,8
30356,121,119,2,2
30357,75,72,3,3
30358,108,103,5,5
30359,174,149,25,25
30360,119,113,6,6
30361,84,88,-4,4
30362,98,99,-1,1
30363,84,89,-5,5
30364,89,85,4,4
30365,87,79,8,8
30366,43,52,-9,9
30367,95,100,-5,5
30368,62,67,-5,5
30369,97,102,-5,5
30370,110,104,6,6
30371,102,106,-4,4
30372,95,101,-6,6
30373,84,89,-5,5
30374,88,92,-4,4
30375,101,101,0,0
30376,154,148,6,6
30377,159,141,18,18
30378,103,96,7,7
30379,75,79,-4,4
30380,119,107,12,12
30381,27,27,0,0
30382,77,85,-8,8
30383,169,144,25,25
30384,151,147,4,4
30385,72,68,4,4
30386,145,125,20,20
30387,62,71,-9,9
30388,52,70,-18,18
30389,69,81,-12,12
30390,74,75,-1,1
30391,102,85,17,17
30392,91,94,-3,3
30393,93,88,5,5
30394,81,83,-2,2
30395,137,128,9,9
30396,157,149,8,8
30397,48,54,-6,6
30398,122,123,-1,1
30399,64,73,-9,9
30400,175,156,19,19
30401,74,65,9,9
30402,47,54,-7,7
30403,103,100,3,3
30404,88,94,-6,6
30405,64,79,-15,15
30406,94,94,0,0
30407,111,107,4,4
30408,209,175,34,34
30409,80,81,-1,1
30410,108,111,-3,3
30411,103,100,3,3
30412,93,115,-22,22
30413,86,92,-6,6
30414,105,100,5,5
30415,110,106,4,4
30416,82,87,-5,5
30417,69,70,-1,1
30418,43,46,-3,3
30419,74,84,-10,10
30420,131,113,18,18
30421,137,135,2,2
30422,110,121,-11,11
30423,61,68,-7,7
30424,90,88,2,2
30425,78,73,5,5
30426,82,88,-6,6
30427,82,86,-4,4
30428,66,67,-1,1
30429,136,135,1,1
30430,112,100,12,12
30431,71,76,-5,5
30432,114,109,5,5
30433,105,145,-40,40
30434,93,85,8,8
30435,122,121,1,1
30436,167,159,8,8
30437,67,70,-3,3
30438,62,80,-18,18
30439,116,107,9,9
30440,120,105,15,15
30441,126,118,8,8
30442,110,103,7,7
30443,85,87,-2,2
30444,124,114,10,10
30445,129,130,-1,1
30446,99,112,-13,13
30447,172,154,18,18
30448,76,85,-9,9
30449,64,71,-7,7
30450,138,123,15,15
30451,59,65,-6,6
30452,123,112,11,11
30453,140,109,31,31
30454,67,68,-1,1
30455,211,182,29,29
30456,155,137,18,18
30457,84,96,-12,12
30458,125,122,3,3
30459,72,77,-5,5
30460,121,122,-1,1
30461,121,122,-1,1
30462,141,140,1,1
30463,67,73,-6,6
30464,73,101,-28,28
30465,107,107,0,0
30466,72,69,3,3
30467,65,73,-8,8
30468,82,82,0,0
30469,87,82,5,5
30470,87,82,5,5
30471,52,60,-8,8
30472,84,81,3,3
30473,81,79,2,2
30474,75,80,-5,5
30475,126,126,0,0
30476,45,53,-8,8
30477,48,58,-10,10
30478,77,79,-2,2
30479,150,130,20,20
30480,100,102,-2,2
30481,128,131,-3,3
30482,86,87,-1,1
30483,72,71,1,1
30484,108,107,1,1
30485,61,48,13,13
30486,121,121,0,0
30487,132,131,1,1
30488,112,115,-3,3
30489,148,136,12,12
30490,89,102,-13,13
30491,47,60,-13,13
30492,75,81,-6,6
30493,113,123,-10,10
30494,82,93,-11,11
30495,82,84,-2,2
30496,155,138,17,17
30497,114,108,6,6
30498,85,95,-10,10
30499,97,102,-5,5
30500,117,106,11,11
30501,57,61,-4,4
30502,121,115,6,6
30503,50,55,-5,5
30504,32,43,-11,11
30505,126,117,9,9
30506,85,86,-1,1
30507,45,59,-14,14
30508,105,96,9,9
30509,84,90,-6,6
30510,99,89,10,10
30511,129,99,30,30
30512,115,107,8,8
30513,127,126,1,1
30514,42,67,-25,25
30515,86,94,-8,8
30516,106,102,4,4
30517,108,105,3,3
30518,143,136,7,7
30519,98,104,-6,6
30520,131,105,26,26
30521,117,113,4,4
30522,82,78,4,4
30523,79,80,-1,1
30524,58,61,-3,3
30525,96,90,6,6
30526,105,94,11,11
30527,103,91,12,12
30528,72,87,-15,15
30529,108,115,-7,7
30530,155,142,13,13
30531,164,145,19,19
30532,60,64,-4,4
30533,130,118,12,12
30534,123,115,8,8
30535,104,103,1,1
30536,79,76,3,3
30537,136,129,7,7
30538,130,124,6,6
30539,135,121,14,14
30540,77,80,-3,3
30541,136,125,11,11
30542,107,89,18,18
30543,127,115,12,12
30544,116,113,3,3
30545,132,124,8,8
30546,88,84,4,4
30547,74,72,2,2
30548,71,86,-15,15
30549,53,54,-1,1
30550,57,63,-6,6
30551,189,169,20,20
30552,49,51,-2,2
30553,124,125,-1,1
30554,127,118,9,9
30555,45,68,-23,23
30556,110,113,-3,3
30557,104,109,-5,5
30558,82,86,-4,4
30559,133,124,9,9
30560,229,196,33,33
30561,64,74,-10,10
30562,107,99,8,8
30563,109,108,1,1
30564,174,155,19,19
30565,176,162,14,14
30566,101,91,10,10
30567,113,108,5,5
30568,139,127,12,12
30569,56,63,-7,7
30570,75,78,-3,3
30571,89,89,0,0
30572,34,43,-9,9
30573,130,126,4,4
30574,81,78,3,3
30575,103,115,-12,12
30576,99,101,-2,2
30577,136,132,4,4
30578,37,48,-11,11
30579,82,79,3,3
30580,125,121,4,4
30581,121,114,7,7
30582,94,89,5,5
30583,67,71,-4,4
30584,110,119,-9,9
30585,82,84,-2,2
30586,106,116,-10,10
30587,154,139,15,15
30588,97,95,2,2
30589,65,70,-5,5
30590,81,90,-9,9
30591,53,60,-7,7
30592,123,111,12,12
30593,123,111,12,12
30594,60,55,5,5
30595,59,68,-9,9
30596,71,101,-30,30
30597,154,141,13,13
30598,89,89,0,0
30599,89,85,4,4
30600,95,90,5,5
30601,78,81,-3,3
30602,79,85,-6,6
30603,132,127,5,5
30604,124,120,4,4
30605,125,117,8,8
30606,73,74,-1,1
30607,109,110,-1,1
30608,84,84,0,0
30609,114,116,-2,2
30610,98,102,-4,4
30611,229,201,28,28
30612,118,119,-1,1
30613,105,103,2,2
30614,56,68,-12,12
30615,86,86,0,0
30616,72,79,-7,7
30617,144,160,-16,16
30618,151,137,14,14
30619,91,89,2,2
30620,134,131,3,3
30621,142,133,9,9
30622,119,116,3,3
30623,115,106,9,9
30624,122,120,2,2
30625,121,108,13,13
30626,145,148,-3,3
30627,151,141,10,10
30628,99,84,15,15
30629,90,93,-3,3
30630,115,134,-19,19
30631,65,87,-22,22
30632,90,88,2,2
30633,78,82,-4,4
30634,65,77,-12,12
30635,77,79,-2,2
30636,64,72,-8,8
30637,204,172,32,32
30638,134,137,-3,3
30639,144,128,16,16
30640,127,124,3,3
30641,88,82,6,6
30642,61,68,-7,7
30643,118,120,-2,2
30644,91,88,3,3
30645,143,122,21,21
30646,166,141,25,25
30647,77,74,3,3
30648,97,87,10,10
30649,97,97,0,0
30650,98,85,13,13
30651,71,75,-4,4
30652,77,75,2,2
30653,145,133,12,12
30654,127,120,7,7
30655,144,136,8,8
30656,128,116,12,12
30657,148,137,11,11
30658,67,68,-1,1
30659,147,142,5,5
30660,85,94,-9,9
30661,98,104,-6,6
30662,72,76,-4,4
30663,74,80,-6,6
30664,111,113,-2,2
30665,80,81,-1,1
30666,73,73,0,0
30667,79,83,-4,4
30668,90,82,8,8
30669,104,98,6,6
30670,70,77,-7,7
30671,99,101,-2,2
30672,64,68,-4,4
30673,68,73,-5,5
30674,96,90,6,6
30675,44,53,-9,9
30676,84,87,-3,3
30677,81,80,1,1
30678,152,141,11,11
30679,69,75,-6,6
30680,86,102,-16,16
30681,89,95,-6,6
30682,151,139,12,12
30683,80,87,-7,7
30684,97,102,-5,5
30685,55,59,-4,4
30686,126,115,11,11
30687,110,115,-5,5
30688,112,121,-9,9
30689,156,137,19,19
30690,52,68,-16,16
30691,88,89,-1,1
30692,98,106,-8,8
30693,131,121,10,10
30694,114,106,8,8
30695,154,149,5,5
30696,52,61,-9,9
30697,134,131,3,3
30698,60,64,-4,4
30699,68,74,-6,6
30700,119,117,2,2
30701,61,69,-8,8
30702,94,102,-8,8
30703,98,102,-4,4
30704,103,112,-9,9
30705,120,119,1,1
30706,97,98,-1,1
30707,126,115,11,11
30708,103,102,1,1
30709,97,97,0,0
30710,89,87,2,2
30711,69,71,-2,2
30712,58,64,-6,6
30713,109,102,7,7
30714,91,83,8,8
30715,76,76,0,0
30716,206,185,21,21
30717,109,96,13,13
30718,167,153,14,14
30719,124,114,10,10
30720,68,71,-3,3
30721,162,132,30,30
30722,92,92,0,0
30723,160,152,8,8
30724,107,106,1,1
30725,104,93,11,11
30726,72,72,0,0
30727,59,67,-8,8
30728,102,94,8,8
30729,110,118,-8,8
30730,71,73,-2,2
30731,96,89,7,7
30732,117,111,6,6
30733,67,70,-3,3
30734,64,71,-7,7
30735,111,104,7,7
30736,54,51,3,3
30737,70,74,-4,4
30738,89,85,4,4
30739,125,130,-5,5
30740,81,94,-13,13
30741,132,118,14,14
30742,122,122,0,0
30743,83,87,-4,4
30744,49,63,-14,14
30745,134,112,22,22
30746,86,86,0,0
30747,87,86,1,1
30748,113,112,1,1
30749,147,140,7,7
30750,57,72,-15,15
30751,81,79,2,2
30752,84,93,-9,9
30753,130,120,10,10
30754,103,97,6,6
30755,57,64,-7,7
30756,58,65,-7,7
30757,147,126,21,21
30758,136,130,6,6
30759,78,82,-4,4
30760,92,94,-2,2
30761,69,75,-6,6
30762,151,134,17,17
30763,155,148,7,7
30764,80,89,-9,9
30765,71,69,2,2
30766,113,169,-56,56
30767,129,112,17,17
30768,113,109,4,4
30769,82,89,-7,7
30770,69,59,10,10
30771,95,90,5,5
30772,86,88,-2,2
30773,86,81,5,5
30774,73,72,1,1
30775,84,88,-4,4
30776,99,95,4,4
30777,159,137,22,22
30778,94,96,-2,2
30779,93,95,-2,2
30780,52,55,-3,3
30781,92,90,2,2
30782,77,88,-11,11
30783,83,87,-4,4
30784,145,139,6,6
30785,89,87,2,2
30786,98,94,4,4
30787,128,127,1,1
30788,70,84,-14,14
30789,85,88,-3,3
30790,94,92,2,2
30791,63,73,-10,10
30792,120,108,12,12
30793,93,101,-8,8
30794,113,108,5,5
30795,164,162,2,2
30796,121,115,6,6
30797,61,61,0,0
30798,100,95,5,5
30799,67,64,3,3
30800,107,105,2,2
30801,56,55,1,1
30802,79,84,-5,5
30803,116,144,-28,28
30804,139,131,8,8
30805,112,118,-6,6
30806,92,90,2,2
30807,108,103,5,5
30808,124,127,-3,3
30809,158,153,5,5
30810,106,87,19,19
30811,132,124,8,8
30812,100,95,5,5
30813,64,98,-34,34
30814,128,119,9,9
30815,53,55,-2,2
30816,54,59,-5,5
30817,81,83,-2,2
30818,67,74,-7,7
30819,97,109,-12,12
30820,129,114,15,15
30821,122,102,20,20
30822,139,129,10,10
30823,44,46,-2,2
30824,131,126,5,5
30825,67,77,-10,10
30826,115,112,3,3
30827,53,55,-2,2
30828,84,83,1,1
30829,124,120,4,4
30830,74,70,4,4
30831,104,114,-10,10
30832,70,78,-8,8
30833,112,107,5,5
30834,90,78,12,12
30835,83,97,-14,14
30836,71,78,-7,7
30837,81,80,1,1
30838,124,137,-13,13
30839,161,154,7,7
30840,52,63,-11,11
30841,78,86,-8,8
30842,57,57,0,0
30843,113,111,2,2
30844,105,95,10,10
30845,119,107,12,12
30846,48,60,-12,12
30847,123,114,9,9
30848,96,90,6,6
30849,124,113,11,11
30850,129,129,0,0
30851,125,121,4,4
30852,104,105,-1,1
30853,117,112,5,5
30854,151,141,10,10
30855,125,117,8,8
30856,87,93,-6,6
30857,71,77,-6,6
30858,58,63,-5,5
30859,127,125,2,2
30860,143,125,18,18
30861,78,79,-1,1
30862,114,120,-6,6
30863,49,55,-6,6
30864,86,89,-3,3
30865,81,91,-10,10
30866,85,87,-2,2
30867,158,131,27,27
30868,57,59,-2,2
30869,109,107,2,2
30870,95,92,3,3
30871,45,53,-8,8
30872,76,86,-10,10
30873,83,82,1,1
30874,100,112,-12,12
30875,65,79,-14,14
30876,76,85,-9,9
30877,47,62,-15,15
30878,70,76,-6,6
30879,157,148,9,9
30880,204,167,37,37
30881,88,86,2,2
30882,93,88,5,5
30883,53,65,-12,12
30884,97,101,-4,4
30885,84,83,1,1
30886,66,77,-11,11
30887,73,79,-6,6
30888,64,73,-9,9
30889,102,94,8,8
30890,56,65,-9,9
30891,73,79,-6,6
30892,78,87,-9,9
30893,64,73,-9,9
30894,89,90,-1,1
30895,108,108,0,0
30896,79,73,6,6
30897,99,101,-2,2
30898,104,101,3,3
30899,174,149,25,25
30900,76,82,-6,6
30901,67,78,-11,11
30902,103,101,2,2
30903,72,74,-2,2
30904,65,79,-14,14
30905,79,84,-5,5
30906,39,73,-34,34
30907,42,44,-2,2
30908,43,53,-10,10
30909,130,125,5,5
30910,56,60,-4,4
30911,67,73,-6,6
30912,61,68,-7,7
30913,79,74,5,5
30914,122,103,19,19
30915,121,113,8,8
30916,87,82,5,5
30917,95,100,-5,5
30918,76,79,-3,3
30919,98,89,9,9
30920,149,142,7,7
30921,37,47,-10,10
30922,91,79,12,12
30923,99,95,4,4
30924,64,74,-10,10
30925,113,106,7,7
30926,82,84,-2,2
30927,71,76,-5,5
30928,103,107,-4,4
30929,58,68,-10,10
30930,112,108,4,4
30931,61,64,-3,3
30932,60,71,-11,11
30933,118,120,-2,2
30934,48,56,-8,8
30935,86,79,7,7
30936,61,74,-13,13
30937,123,109,14,14
30938,151,142,9,9
30939,50,52,-2,2
30940,123,126,-3,3
30941,186,171,15,15
30942,59,67,-8,8
30943,141,133,8,8
30944,130,143,-13,13
30945,83,79,4,4
30946,63,69,-6,6
30947,168,145,23,23
30948,88,88,0,0
30949,49,57,-8,8
30950,47,59,-12,12
30951,81,86,-5,5
30952,176,147,29,29
30953,58,65,-7,7
30954,48,45,3,3
30955,117,113,4,4
30956,115,104,11,11
30957,120,112,8,8
30958,90,89,1,1
30959,46,59,-13,13
30960,113,124,-11,11
30961,64,72,-8,8
30962,126,116,10,10
30963,153,132,21,21
30964,114,104,10,10
30965,182,173,9,9
30966,114,112,2,2
30967,91,93,-2,2
30968,116,106,10,10
30969,135,121,14,14
30970,70,74,-4,4
30971,80,75,5,5
30972,50,67,-17,17
30973,90,91,-1,1
30974,50,62,-12,12
30975,144,124,20,20
30976,77,82,-5,5
30977,81,75,6,6
30978,41,36,5,5
30979,80,83,-3,3
30980,97,93,4,4
30981,65,72,-7,7
30982,70,76,-6,6
30983,176,170,6,6
30984,143,134,9,9
30985,79,79,0,0
30986,122,118,4,4
30987,135,132,3,3
30988,85,90,-5,5
30989,50,64,-14,14
30990,88,87,1,1
30991,120,109,11,11
30992,134,126,8,8
30993,74,83,-9,9
30994,86,90,-4,4
30995,95,95,0,0
30996,56,65,-9,9
30997,92,87,5,5
30998,86,87,-1,1
30999,70,89,-19,19
31000,81,80,1,1
31001,113,111,2,2
31002,99,95,4,4
31003,77,81,-4,4
31004,31,26,5,5
31005,99,96,3,3
31006,85,84,1,1
31007,80,87,-7,7
31008,92,94,-2,2
31009,56,64,-8,8
31010,139,146,-7,7
31011,51,55,-4,4
31012,36,29,7,7
31013,126,115,11,11
31014,76,77,-1,1
31015,96,106,-10,10
31016,87,93,-6,6
31017,117,111,6,6
31018,102,104,-2,2
31019,89,94,-5,5
31020,107,93,14,14
31021,79,81,-2,2
31022,89,87,2,2
31023,67,65,2,2
31024,114,111,3,3
31025,69,76,-7,7
31026,115,99,16,16
31027,168,161,7,7
31028,84,100,-16,16
31029,79,66,13,13
31030,133,134,-1,1
31031,123,104,19,19
31032,102,110,-8,8
31033,123,112,11,11
31034,97,86,11,11
31035,89,92,-3,3
31036,92,95,-3,3
31037,171,147,24,24
31038,72,68,4,4
31039,92,100,-8,8
31040,54,68,-14,14
31041,113,115,-2,2
31042,110,100,10,10
31043,64,67,-3,3
31044,64,69,-5,5
31045,69,66,3,3
31046,81,84,-3,3
31047,101,104,-3,3
31048,92,97,-5,5
31049,85,93,-8,8
31050,58,62,-4,4
31051,124,115,9,9
31052,81,79,2,2
31053,108,102,6,6
31054,93,90,3,3
31055,70,64,6,6
31056,119,96,23,23
31057,65,69,-4,4
31058,90,85,5,5
31059,53,62,-9,9
31060,73,80,-7,7
31061,52,56,-4,4
31062,97,98,-1,1
31063,118,99,19,19
31064,95,91,4,4
31065,89,87,2,2
31066,66,71,-5,5
31067,75,79,-4,4
31068,107,101,6,6
31069,63,64,-1,1
31070,148,132,16,16
31071,110,106,4,4
31072,96,109,-13,13
31073,123,119,4,4
31074,123,111,12,12
31075,106,94,12,12
31076,101,96,5,5
31077,105,106,-1,1
31078,94,98,-4,4
31079,53,69,-16,16
31080,53,68,-15,15
31081,116,112,4,4
31082,122,124,-2,2
31083,96,99,-3,3
31084,117,110,7,7
31085,105,101,4,4
31086,74,78,-4,4
31087,43,57,-14,14
31088,110,110,0,0
31089,71,74,-3,3
31090,72,71,1,1
31091,109,106,3,3
31092,142,136,6,6
31093,69,66,3,3
31094,127,133,-6,6
31095,113,117,-4,4
31096,61,65,-4,4
31097,108,103,5,5
31098,83,79,4,4
31099,58,66,-8,8
31100,107,105,2,2
31101,108,124,-16,16
31102,97,90,7,7
31103,101,88,13,13
31104,101,107,-6,6
31105,123,112,11,11
31106,68,74,-6,6
31107,89,88,1,1
31108,47,56,-9,9
31109,128,113,15,15
31110,117,113,4,4
31111,94,88,6,6
31112,111,106,5,5
31113,51,57,-6,6
31114,65,78,-13,13
31115,79,99,-20,20
31116,140,134,6,6
31117,152,129,23,23
31118,108,108,0,0
31119,115,106,9,9
31120,78,88,-10,10
31121,100,102,-2,2
31122,69,75,-6,6
31123,127,121,6,6
31124,64,61,3,3
31125,148,137,11,11
31126,105,98,7,7
31127,123,115,8,8
31128,56,61,-5,5
31129,60,76,-16,16
31130,100,94,6,6
31131,77,98,-21,21
31132,89,110,-21,21
31133,63,71,-8,8
31134,70,71,-1,1
31135,74,72,2,2
31136,74,83,-9,9
31137,149,130,19,19
31138,60,70,-10,10
31139,115,147,-32,32
31140,65,72,-7,7
31141,95,89,6,6
31142,126,137,-11,11
31143,84,95,-11,11
31144,114,101,13,13
31145,130,119,11,11
31146,117,109,8,8
31147,135,130,5,5
31148,110,113,-3,3
31149,74,73,1,1
31150,91,94,-3,3
31151,102,97,5,5
31152,76,85,-9,9
31153,81,101,-20,20
31154,117,109,8,8
31155,58,66,-8,8
31156,52,75,-23,23
31157,44,62,-18,18
31158,126,129,-3,3
31159,102,103,-1,1
31160,68,66,2,2
31161,96,111,-15,15
31162,116,100,16,16
31163,96,87,9,9
31164,44,57,-13,13
31165,49,50,-1,1
31166,109,106,3,3
31167,40,54,-14,14
31168,84,113,-29,29
31169,57,64,-7,7
31170,85,90,-5,5
31171,44,54,-10,10
31172,77,80,-3,3
31173,70,82,-12,12
31174,63,75,-12,12
31175,75,77,-2,2
31176,88,89,-1,1
31177,98,96,2,2
31178,66,84,-18,18
31179,78,76,2,2
31180,95,102,-7,7
31181,99,123,-24,24
31182,20,93,-73,73
31183,88,90,-2,2
31184,165,149,16,16
31185,127,119,8,8
31186,55,64,-9,9
31187,145,134,11,11
31188,72,70,2,2
31189,84,79,5,5
31190,62,66,-4,4
31191,107,99,8,8
31192,113,94,19,19
31193,64,70,-6,6
31194,132,113,19,19
31195,80,80,0,0
31196,64,74,-10,10
31197,58,70,-12,12
31198,53,71,-18,18
31199,101,100,1,1
31200,97,92,5,5
31201,93,94,-1,1
31202,87,76,11,11
31203,78,79,-1,1
31204,70,66,4,4
31205,119,81,38,38
31206,66,72,-6,6
31207,82,93,-11,11
31208,117,99,18,18
31209,106,100,6,6
31210,79,79,0,0
31211,129,152,-23,23
31212,95,86,9,9
31213,66,71,-5,5
31214,63,65,-2,2
31215,128,131,-3,3
31216,86,82,4,4
31217,87,92,-5,5
31218,115,114,1,1
31219,126,123,3,3
31220,66,105,-39,39
31221,138,132,6,6
31222,118,103,15,15
31223,105,102,3,3
31224,59,69,-10,10
31225,51,62,-11,11
31226,45,65,-20,20
31227,79,81,-2,2
31228,103,89,14,14
31229,86,107,-21,21
31230,63,67,-4,4
31231,104,102,2,2
31232,144,134,10,10
31233,160,141,19,19
31234,55,60,-5,5
31235,83,82,1,1
31236,104,102,2,2
31237,61,67,-6,6
31238,92,100,-8,8
31239,72,79,-7,7
31240,103,100,3,3
31241,192,160,32,32
31242,89,85,4,4
31243,76,75,1,1
31244,70,81,-11,11
31245,81,75,6,6
31246,96,96,0,0
31247,120,114,6,6
31248,88,89,-1,1
31249,81,75,6,6
31250,91,89,2,2
31251,104,96,8,8
31252,71,73,-2,2
31253,51,54,-3,3
31254,138,128,10,10
31255,88,76,12,12
31256,64,76,-12,12
31257,108,108,0,0
31258,120,113,7,7
31259,78,98,-20,20
31260,158,138,20,20
31261,185,158,27,27
31262,168,164,4,4
31263,96,102,-6,6
31264,100,80,20,20
31265,48,103,-55,55
31266,80,81,-1,1
31267,49,59,-10,10
31268,108,104,4,4
31269,71,78,-7,7
31270,111,109,2,2
31271,75,75,0,0
31272,117,113,4,4
31273,156,137,19,19
31274,111,102,9,9
31275,108,107,1,1
31276,54,62,-8,8
31277,83,93,-10,10
31278,91,84,7,7
31279,53,65,-12,12
31280,46,55,-9,9
31281,39,53,-14,14
31282,97,109,-12,12
31283,97,109,-12,12
31284,93,88,5,5
31285,173,155,18,18
31286,76,77,-1,1
31287,146,133,13,13
31288,128,132,-4,4
31289,81,77,4,4
31290,90,92,-2,2
31291,109,112,-3,3
31292,123,108,15,15
31293,100,97,3,3
31294,77,84,-7,7
31295,77,80,-3,3
31296,109,118,-9,9
31297,85,86,-1,1
31298,94,94,0,0
31299,57,58,-1,1
31300,51,62,-11,11
31301,50,62,-12,12
31302,80,76,4,4
31303,73,71,2,2
31304,68,79,-11,11
31305,153,132,21,21
31306,120,125,-5,5
31307,99,99,0,0
31308,97,92,5,5
31309,82,80,2,2
31310,85,96,-11,11
31311,84,80,4,4
31312,93,106,-13,13
31313,55,63,-8,8
31314,53,63,-10,10
31315,148,135,13,13
31316,115,117,-2,2
31317,116,113,3,3
31318,109,97,12,12
31319,72,81,-9,9
31320,85,87,-2,2
31321,78,70,8,8
31322,133,120,13,13
31323,89,88,1,1
31324,53,67,-14,14
31325,145,148,-3,3
31326,75,76,-1,1
31327,60,66,-6,6
31328,71,74,-3,3
31329,62,71,-9,9
31330,165,147,18,18
31331,51,65,-14,14
31332,146,140,6,6
31333,64,69,-5,5
31334,75,86,-11,11
31335,79,76,3,3
31336,85,88,-3,3
31337,100,98,2,2
31338,119,111,8,8
31339,106,115,-9,9
31340,79,81,-2,2
31341,163,152,11,11
31342,121,120,1,1
31343,66,75,-9,9
31344,114,109,5,5
31345,77,82,-5,5
31346,57,63,-6,6
31347,87,92,-5,5
31348,86,84,2,2
31349,71,80,-9,9
31350,124,115,9,9
31351,65,66,-1,1
31352,111,105,6,6
31353,62,71,-9,9
31354,94,86,8,8
31355,76,79,-3,3
31356,122,130,-8,8
31357,136,144,-8,8
31358,76,76,0,0
31359,82,99,-17,17
31360,62,65,-3,3
31361,65,63,2,2
31362,63,72,-9,9
31363,50,53,-3,3
31364,56,69,-13,13
31365,80,88,-8,8
31366,95,87,8,8
31367,94,95,-1,1
31368,90,80,10,10
31369,116,99,17,17
31370,113,103,10,10
31371,70,70,0,0
31372,31,36,-5,5
31373,70,80,-10,10
31374,72,70,2,2
31375,92,85,7,7
31376,82,80,2,2
31377,58,68,-10,10
31378,104,108,-4,4
31379,75,78,-3,3
31380,90,95,-5,5
31381,130,117,13,13
31382,126,122,4,4
31383,89,85,4,4
31384,108,104,4,4
31385,51,61,-10,10
31386,132,127,5,5
31387,91,94,-3,3
31388,109,113,-4,4
31389,103,118,-15,15
31390,87,82,5,5
31391,123,120,3,3
31392,109,103,6,6
31393,77,93,-16,16
31394,96,96,0,0
31395,82,85,-3,3
31396,111,110,1,1
31397,72,74,-2,2
31398,117,104,13,13
31399,117,112,5,5
31400,137,131,6,6
31401,107,96,11,11
31402,91,90,1,1
31403,110,107,3,3
31404,76,88,-12,12
31405,83,78,5,5
31406,142,136,6,6
31407,97,96,1,1
31408,54,60,-6,6
31409,71,80,-9,9
31410,91,101,-10,10
31411,100,101,-1,1
31412,47,56,-9,9
31413,114,105,9,9
31414,65,59,6,6
31415,33,38,-5,5
31416,88,85,3,3
31417,102,101,1,1
31418,72,89,-17,17
31419,95,100,-5,5
31420,100,93,7,7
31421,200,180,20,20
31422,147,128,19,19
31423,98,105,-7,7
31424,111,108,3,3
31425,105,107,-2,2
31426,89,90,-1,1
31427,108,104,4,4
31428,35,69,-34,34
31429,54,66,-12,12
31430,124,117,7,7
31431,90,83,7,7
31432,130,126,4,4
31433,138,125,13,13
31434,143,125,18,18
31435,74,78,-4,4
31436,47,65,-18,18
31437,64,71,-7,7
31438,174,165,9,9
31439,96,91,5,5
31440,132,127,5,5
31441,66,76,-10,10
31442,105,105,0,0
31443,128,127,1,1
31444,99,102,-3,3
31445,70,75,-5,5
31446,62,62,0,0
31447,78,77,1,1
31448,93,98,-5,5
31449,89,76,13,13
31450,104,111,-7,7
31451,74,74,0,0
31452,102,88,14,14
31453,58,62,-4,4
31454,89,89,0,0
31455,84,79,5,5
31456,128,114,14,14
31457,91,93,-2,2
31458,80,73,7,7
31459,84,95,-11,11
31460,100,104,-4,4
31461,115,108,7,7
31462,92,97,-5,5
31463,155,147,8,8
31464,175,143,32,32
31465,79,78,1,1
31466,70,69,1,1
31467,64,75,-11,11
31468,111,111,0,0
31469,83,84,-1,1
31470,92,96,-4,4
31471,153,140,13,13
31472,138,131,7,7
31473,90,103,-13,13
31474,104,108,-4,4
31475,52,54,-2,2
31476,72,81,-9,9
31477,76,82,-6,6
31478,69,73,-4,4
31479,145,132,13,13
31480,67,68,-1,1
31481,79,76,3,3
31482,103,96,7,7
31483,145,142,3,3
31484,86,89,-3,3
31485,112,103,9,9
31486,130,120,10,10
31487,173,155,18,18
31488,75,80,-5,5
31489,195,160,35,35
31490,93,91,2,2
31491,102,96,6,6
31492,64,63,1,1
31493,68,71,-3,3
31494,58,70,-12,12
31495,93,82,11,11
31496,119,103,16,16
31497,54,55,-1,1
31498,72,91,-19,19
31499,82,86,-4,4
31500,130,126,4,4
31501,75,83,-8,8
31502,73,81,-8,8
31503,72,77,-5,5
31504,243,254,-11,11
31505,62,84,-22,22
31506,79,77,2,2
31507,129,129,0,0
31508,119,108,11,11
31509,121,121,0,0
31510,135,126,9,9
31511,64,60,4,4
31512,84,86,-2,2
31513,68,76,-8,8
31514,89,85,4,4
31515,59,58,1,1
31516,67,76,-9,9
31517,108,112,-4,4
31518,55,63,-8,8
31519,161,134,27,27
31520,75,80,-5,5
31521,113,107,6,6
31522,102,101,1,1
31523,116,109,7,7
31524,134,127,7,7
31525,161,130,31,31
31526,122,100,22,22
31527,103,98,5,5
31528,75,78,-3,3
31529,162,139,23,23
31530,76,86,-10,10
31531,57,67,-10,10
31532,74,80,-6,6
31533,78,76,2,2
31534,68,73,-5,5
31535,101,96,5,5
31536,66,73,-7,7
31537,61,71,-10,10
31538,120,111,9,9
31539,62,69,-7,7
31540,149,128,21,21
31541,85,94,-9,9
31542,126,110,16,16
31543,192,175,17,17
31544,94,89,5,5
31545,69,76,-7,7
31546,99,91,8,8
31547,114,106,8,8
31548,75,82,-7,7
31549,113,120,-7,7
31550,165,148,17,17
31551,133,121,12,12
31552,86,96,-10,10
31553,72,72,0,0
31554,97,95,2,2
31555,113,147,-34,34
31556,110,110,0,0
31557,119,120,-1,1
31558,60,67,-7,7
31559,72,87,-15,15
31560,110,109,1,1
31561,151,133,18,18
31562,70,80,-10,10
31563,89,91,-2,2
31564,112,105,7,7
31565,70,73,-3,3
31566,64,72,-8,8
31567,155,150,5,5
31568,103,100,3,3
31569,115,109,6,6
31570,57,59,-2,2
31571,92,98,-6,6
31572,96,90,6,6
31573,61,68,-7,7
31574,144,125,19,19
31575,75,80,-5,5
31576,138,126,12,12
31577,103,105,-2,2
31578,118,107,11,11
31579,80,86,-6,6
31580,107,100,7,7
31581,84,87,-3,3
31582,87,87,0,0
31583,56,58,-2,2
31584,129,133,-4,4
31585,94,94,0,0
31586,72,83,-11,11
31587,193,153,40,40
31588,141,117,24,24
31589,98,97,1,1
31590,116,119,-3,3
31591,154,141,13,13
31592,116,120,-4,4
31593,75,85,-10,10
31594,107,97,10,10
31595,83,80,3,3
31596,103,109,-6,6
31597,99,94,5,5
31598,109,107,2,2
31599,95,92,3,3
31600,85,78,7,7
31601,81,84,-3,3
31602,112,97,15,15
31603,82,79,3,3
31604,56,61,-5,5
31605,64,69,-5,5
31606,105,119,-14,14
31607,118,114,4,4
31608,82,85,-3,3
31609,96,95,1,1
31610,69,68,1,1
31611,128,125,3,3
31612,88,94,-6,6
31613,90,85,5,5
31614,141,131,10,10
31615,75,87,-12,12
31616,108,109,-1,1
31617,153,139,14,14
31618,101,100,1,1
31619,76,80,-4,4
31620,86,96,-10,10
31621,49,55,-6,6
31622,130,126,4,4
31623,95,92,3,3
31624,33,49,-16,16
31625,156,151,5,5
31626,49,49,0,0
31627,89,86,3,3
31628,86,78,8,8
31629,80,81,-1,1
31630,97,95,2,2
31631,59,69,-10,10
31632,153,138,15,15
31633,51,60,-9,9
31634,88,79,9,9
31635,145,150,-5,5
31636,165,166,-1,1
31637,74,83,-9,9
31638,80,92,-12,12
31639,101,95,6,6
31640,46,53,-7,7
31641,62,67,-5,5
31642,107,96,11,11
31643,66,72,-6,6
31644,153,141,12,12
31645,75,77,-2,2
31646,49,55,-6,6
31647,120,120,0,0
31648,131,123,8,8
31649,106,108,-2,2
31650,147,133,14,14
31651,81,83,-2,2
31652,94,93,1,1
31653,57,76,-19,19
31654,61,76,-15,15
31655,47,52,-5,5
31656,53,57,-4,4
31657,117,108,9,9
31658,98,79,19,19
31659,48,52,-4,4
31660,190,175,15,15
31661,68,74,-6,6
31662,106,98,8,8
31663,57,65,-8,8
31664,131,130,1,1
31665,132,124,8,8
31666,74,77,-3,3
31667,125,121,4,4
31668,86,89,-3,3
31669,49,54,-5,5
31670,95,81,14,14
31671,67,68,-1,1
31672,82,87,-5,5
31673,93,103,-10,10
31674,52,64,-12,12
31675,55,59,-4,4
31676,111,106,5,5
31677,73,76,-3,3
31678,72,83,-11,11
31679,160,149,11,11
31680,97,102,-5,5
31681,95,88,7,7
31682,117,94,23,23
31683,67,64,3,3
31684,55,63,-8,8
31685,103,95,8,8
31686,108,109,-1,1
31687,82,80,2,2
31688,155,140,15,15
31689,87,92,-5,5
31690,88,85,3,3
31691,84,96,-12,12
31692,66,82,-16,16
31693,59,65,-6,6
31694,80,79,1,1
31695,120,121,-1,1
31696,92,91,1,1
31697,36,34,2,2
31698,89,82,7,7
31699,113,102,11,11
31700,86,87,-1,1
31701,117,130,-13,13
31702,78,75,3,3
31703,72,81,-9,9
31704,76,71,5,5
31705,76,78,-2,2
31706,87,87,0,0
31707,76,99,-23,23
31708,79,67,12,12
31709,51,48,3,3
31710,121,130,-9,9
31711,100,91,9,9
31712,83,84,-1,1
31713,84,77,7,7
31714,100,102,-2,2
31715,125,119,6,6
31716,73,72,1,1
31717,59,67,-8,8
31718,79,81,-2,2
31719,76,87,-11,11
31720,108,111,-3,3
31721,64,79,-15,15
31722,101,95,6,6
31723,140,121,19,19
31724,89,90,-1,1
31725,72,73,-1,1
31726,82,88,-6,6
31727,68,74,-6,6
31728,41,59,-18,18
31729,77,80,-3,3
31730,150,138,12,12
31731,121,112,9,9
31732,96,114,-18,18
31733,50,56,-6,6
31734,45,54,-9,9
31735,118,123,-5,5
31736,108,104,4,4
31737,74,73,1,1
31738,148,127,21,21
31739,109,104,5,5
31740,53,59,-6,6
31741,69,69,0,0
31742,75,76,-1,1
31743,75,88,-13,13
31744,93,90,3,3
31745,36,39,-3,3
31746,62,74,-12,12
31747,139,131,8,8
31748,67,73,-6,6
31749,199,182,17,17
31750,61,61,0,0
31751,66,73,-7,7
31752,58,66,-8,8
31753,58,65,-7,7
31754,98,103,-5,5
31755,65,67,-2,2
31756,96,98,-2,2
31757,105,107,-2,2
31758,44,53,-9,9
31759,116,111,5,5
31760,87,80,7,7
31761,94,100,-6,6
31762,130,129,1,1
31763,103,103,0,0
31764,85,84,1,1
31765,94,102,-8,8
31766,78,77,1,1
31767,120,112,8,8
31768,48,57,-9,9
31769,107,100,7,7
31770,87,91,-4,4
31771,115,117,-2,2
31772,122,117,5,5
31773,137,123,14,14
31774,19,26,-7,7
31775,90,94,-4,4
31776,45,51,-6,6
31777,53,64,-11,11
31778,132,116,16,16
31779,54,54,0,0
31780,123,128,-5,5
31781,88,104,-16,16
31782,90,87,3,3
31783,112,109,3,3
31784,67,68,-1,1
31785,50,59,-9,9
31786,65,70,-5,5
31787,44,53,-9,9
31788,86,94,-8,8
31789,65,72,-7,7
31790,80,96,-16,16
31791,128,118,10,10
31792,166,131,35,35
31793,105,95,10,10
31794,77,78,-1,1
31795,113,115,-2,2
31796,82,82,0,0
31797,94,100,-6,6
31798,123,115,8,8
31799,118,116,2,2
31800,159,141,18,18
31801,100,86,14,14
31802,95,87,8,8
31803,128,127,1,1
31804,67,77,-10,10
31805,131,116,15,15
31806,78,78,0,0
31807,58,67,-9,9
31808,126,111,15,15
31809,136,137,-1,1
31810,75,77,-2,2
31811,100,101,-1,1
31812,52,57,-5,5
31813,94,90,4,4
31814,64,76,-12,12
31815,65,67,-2,2
31816,85,86,-1,1
31817,100,101,-1,1
31818,134,126,8,8
31819,88,87,1,1
31820,87,88,-1,1
31821,112,109,3,3
31822,222,193,29,29
31823,103,94,9,9
31824,131,146,-15,15
31825,143,142,1,1
31826,89,91,-2,2
31827,144,127,17,17
31828,90,88,2,2
31829,117,111,6,6
31830,41,49,-8,8
31831,161,150,11,11
31832,87,93,-6,6
31833,67,70,-3,3
31834,89,101,-12,12
31835,58,57,1,1
31836,54,57,-3,3
31837,66,67,-1,1
31838,62,78,-16,16
31839,46,52,-6,6
31840,116,112,4,4
31841,146,142,4,4
31842,153,152,1,1
31843,110,95,15,15
31844,83,74,9,9
31845,138,125,13,13
31846,117,108,9,9
31847,86,83,3,3
31848,170,155,15,15
31849,96,99,-3,3
31850,57,60,-3,3
31851,102,94,8,8
31852,96,97,-1,1
31853,88,87,1,1
31854,117,117,0,0
31855,83,96,-13,13
31856,94,104,-10,10
31857,68,79,-11,11
31858,81,78,3,3
31859,165,153,12,12
31860,93,84,9,9
31861,169,156,13,13
31862,79,85,-6,6
31863,91,87,4,4
31864,96,96,0,0
31865,107,93,14,14
31866,98,95,3,3
31867,81,79,2,2
31868,125,124,1,1
31869,111,107,4,4
31870,50,59,-9,9
31871,102,102,0,0
31872,94,87,7,7
31873,57,60,-3,3
31874,110,106,4,4
31875,89,84,5,5
31876,69,72,-3,3
31877,116,115,1,1
31878,135,119,16,16
31879,76,75,1,1
31880,98,86,12,12
31881,72,74,-2,2
31882,68,76,-8,8
31883,77,78,-1,1
31884,125,134,-9,9
31885,115,105,10,10
31886,136,119,17,17
31887,80,76,4,4
31888,82,84,-2,2
31889,76,84,-8,8
31890,82,80,2,2
31891,138,126,12,12
31892,108,100,8,8
31893,153,138,15,15
31894,76,79,-3,3
31895,100,92,8,8
31896,97,97,0,0
31897,119,113,6,6
31898,35,50,-15,15
31899,39,45,-6,6
31900,102,96,6,6
31901,93,106,-13,13
31902,122,116,6,6
31903,88,85,3,3
31904,84,88,-4,4
31905,207,182,25,25
31906,67,70,-3,3
31907,111,111,0,0
31908,75,79,-4,4
31909,112,101,11,11
31910,59,63,-4,4
31911,66,69,-3,3
31912,161,151,10,10
31913,80,87,-7,7
31914,64,73,-9,9
31915,123,84,39,39
31916,123,114,9,9
31917,144,135,9,9
31918,61,65,-4,4
31919,85,74,11,11
31920,100,93,7,7
31921,100,94,6,6
31922,65,64,1,1
31923,75,71,4,4
31924,104,94,10,10
31925,112,116,-4,4
31926,93,89,4,4
31927,69,68,1,1
31928,58,62,-4,4
31929,120,105,15,15
31930,131,117,14,14
31931,101,91,10,10
31932,156,147,9,9
31933,83,81,2,2
31934,62,68,-6,6
31935,94,95,-1,1
31936,87,93,-6,6
31937,182,160,22,22
31938,132,126,6,6
31939,100,102,-2,2
31940,74,78,-4,4
31941,57,67,-10,10
31942,95,94,1,1
31943,64,60,4,4
31944,99,97,2,2
31945,102,110,-8,8
31946,144,124,20,20
31947,152,136,16,16
31948,66,68,-2,2
31949,57,63,-6,6
31950,73,82,-9,9
31951,85,83,2,2
31952,111,101,10,10
31953,78,83,-5,5
31954,87,86,1,1
31955,58,66,-8,8
31956,125,118,7,7
31957,98,95,3,3
31958,127,118,9,9
31959,125,114,11,11
31960,107,106,1,1
31961,57,68,-11,11
31962,161,141,20,20
31963,109,101,8,8
31964,110,97,13,13
31965,64,67,-3,3
31966,304,274,30,30
31967,75,75,0,0
31968,161,151,10,10
31969,85,96,-11,11
31970,124,106,18,18
31971,53,60,-7,7
31972,98,101,-3,3
31973,124,122,2,2
31974,67,67,0,0
31975,59,67,-8,8
31976,115,104,11,11
31977,91,87,4,4
31978,108,107,1,1
31979,82,87,-5,5
31980,104,97,7,7
31981,65,79,-14,14
31982,107,104,3,3
31983,140,137,3,3
31984,83,86,-3,3
31985,128,136,-8,8
31986,65,64,1,1
31987,70,76,-6,6
31988,160,154,6,6
31989,94,96,-2,2
31990,74,70,4,4
31991,99,103,-4,4
31992,105,104,1,1
31993,65,72,-7,7
31994,46,54,-8,8
31995,72,73,-1,1
31996,53,54,-1,1
31997,110,108,2,2
31998,100,94,6,6
31999,65,74,-9,9
32000,102,97,5,5
32001,128,121,7,7
32002,90,87,3,3
32003,139,145,-6,6
32004,145,124,21,21
32005,89,85,4,4
32006,68,79,-11,11
32007,64,69,-5,5
32008,79,88,-9,9
32009,86,78,8,8
32010,60,72,-12,12
32011,101,89,12,12
32012,36,50,-14,14
32013,103,102,1,1
32014,52,58,-6,6
32015,152,143,9,9
32016,80,92,-12,12
32017,142,122,20,20
32018,129,114,15,15
32019,140,114,26,26
32020,49,57,-8,8
32021,147,142,5,5
32022,100,89,11,11
32023,59,70,-11,11
32024,106,108,-2,2
32025,88,89,-1,1
32026,86,89,-3,3
32027,106,95,11,11
32028,110,107,3,3
32029,43,40,3,3
32030,114,117,-3,3
32031,77,75,2,2
32032,103,103,0,0
32033,125,120,5,5
32034,65,70,-5,5
32035,105,103,2,2
32036,98,115,-17,17
32037,132,140,-8,8
32038,119,111,8,8
32039,80,83,-3,3
32040,107,103,4,4
32041,94,85,9,9
32042,59,81,-22,22
32043,109,110,-1,1
32044,144,141,3,3
32045,45,54,-9,9
32046,66,49,17,17
32047,122,120,2,2
32048,88,88,0,0
32049,53,54,-1,1
32050,58,71,-13,13
32051,68,73,-5,5
32052,104,97,7,7
32053,129,129,0,0
32054,55,61,-6,6
32055,80,70,10,10
32056,100,107,-7,7
32057,64,78,-14,14
32058,150,139,11,11
32059,80,81,-1,1
32060,96,89,7,7
32061,83,86,-3,3
32062,39,44,-5,5
32063,112,98,14,14
32064,146,133,13,13
32065,91,97,-6,6
32066,77,89,-12,12
32067,121,118,3,3
32068,113,109,4,4
32069,132,134,-2,2
32070,102,103,-1,1
32071,71,69,2,2
32072,81,81,0,0
32073,60,73,-13,13
32074,112,99,13,13
32075,95,88,7,7
32076,116,108,8,8
32077,85,89,-4,4
32078,116,121,-5,5
32079,107,103,4,4
32080,156,138,18,18
32081,84,88,-4,4
32082,77,79,-2,2
32083,111,101,10,10
32084,61,87,-26,26
32085,124,123,1,1
32086,106,97,9,9
32087,116,111,5,5
32088,64,81,-17,17
32089,108,105,3,3
32090,76,78,-2,2
32091,72,78,-6,6
32092,75,77,-2,2
32093,66,71,-5,5
32094,128,131,-3,3
32095,189,157,32,32
32096,120,119,1,1
32097,64,67,-3,3
32098,141,135,6,6
32099,96,94,2,2
32100,170,157,13,13
32101,83,84,-1,1
32102,101,104,-3,3
32103,81,89,-8,8
32104,43,51,-8,8
32105,150,138,12,12
32106,70,71,-1,1
32107,89,82,7,7
32108,115,107,8,8
32109,103,103,0,0
32110,54,61,-7,7
32111,63,67,-4,4
32112,127,130,-3,3
32113,96,86,10,10
32114,79,95,-16,16
32115,83,85,-2,2
32116,108,101,7,7
32117,116,107,9,9
32118,121,113,8,8
32119,127,112,15,15
32120,109,112,-3,3
32121,96,96,0,0
32122,82,82,0,0
32123,103,127,-24,24
32124,142,130,12,12
32125,161,143,18,18
32126,126,126,0,0
32127,78,75,3,3
32128,157,151,6,6
32129,63,70,-7,7
32130,64,68,-4,4
32131,90,84,6,6
32132,95,98,-3,3
32133,146,137,9,9
32134,56,56,0,0
32135,48,54,-6,6
32136,68,72,-4,4
32137,94,95,-1,1
32138,87,86,1,1
32139,122,109,13,13
32140,126,111,15,15
32141,55,77,-22,22
32142,61,67,-6,6
32143,89,98,-9,9
32144,62,74,-12,12
32145,71,73,-2,2
32146,87,88,-1,1
32147,39,42,-3,3
32148,123,112,11,11
32149,79,89,-10,10
32150,109,99,10,10
32151,101,102,-1,1
32152,107,102,5,5
32153,114,108,6,6
32154,81,90,-9,9
32155,167,150,17,17
32156,71,76,-5,5
32157,65,77,-12,12
32158,76,73,3,3
32159,94,91,3,3
32160,162,144,18,18
32161,86,100,-14,14
32162,162,150,12,12
32163,50,60,-10,10
32164,109,99,10,10
32165,70,70,0,0
32166,69,73,-4,4
32167,36,36,0,0
32168,117,108,9,9
32169,104,89,15,15
32170,107,107,0,0
32171,66,72,-6,6
32172,98,96,2,2
32173,113,116,-3,3
32174,57,64,-7,7
32175,117,112,5,5
32176,79,91,-12,12
32177,88,89,-1,1
32178,101,99,2,2
32179,98,101,-3,3
32180,164,162,2,2
32181,108,106,2,2
32182,79,77,2,2
32183,77,86,-9,9
32184,81,84,-3,3
32185,111,105,6,6
32186,108,104,4,4
32187,104,102,2,2
32188,51,50,1,1
32189,79,80,-1,1
32190,141,131,10,10
32191,105,103,2,2
32192,79,84,-5,5
32193,121,109,12,12
32194,85,90,-5,5
32195,60,66,-6,6
32196,76,78,-2,2
32197,66,68,-2,2
32198,140,126,14,14
32199,115,102,13,13
32200,135,118,17,17
32201,137,140,-3,3
32202,108,112,-4,4
32203,56,65,-9,9
32204,145,136,9,9
32205,107,100,7,7
32206,75,74,1,1
32207,73,83,-10,10
32208,58,64,-6,6
32209,73,71,2,2
32210,100,97,3,3
32211,154,141,13,13
32212,89,85,4,4
32213,86,79,7,7
32214,218,180,38,38
32215,96,94,2,2
32216,72,78,-6,6
32217,136,140,-4,4
32218,197,180,17,17
32219,75,83,-8,8
32220,138,128,10,10
32221,112,111,1,1
32222,97,102,-5,5
32223,50,60,-10,10
32224,144,129,15,15
32225,62,71,-9,9
32226,91,94,-3,3
32227,108,108,0,0
32228,111,107,4,4
32229,154,138,16,16
32230,84,88,-4,4
32231,181,166,15,15
32232,80,85,-5,5
32233,134,124,10,10
32234,78,89,-11,11
32235,243,209,34,34
32236,59,58,1,1
32237,83,73,10,10
32238,76,67,9,9
32239,88,88,0,0
32240,62,67,-5,5
32241,81,80,1,1
32242,127,123,4,4
32243,119,110,9,9
32244,70,76,-6,6
32245,114,99,15,15
32246,91,93,-2,2
32247,120,107,13,13
32248,61,62,-1,1
32249,73,77,-4,4
32250,77,87,-10,10
32251,175,166,9,9
32252,86,87,-1,1
32253,125,116,9,9
32254,109,101,8,8
32255,90,102,-12,12
32256,71,77,-6,6
32257,64,70,-6,6
32258,91,86,5,5
32259,116,110,6,6
32260,63,64,-1,1
32261,79,82,-3,3
32262,56,57,-1,1
32263,144,133,11,11
32264,130,112,18,18
32265,73,79,-6,6
32266,64,62,2,2
32267,146,125,21,21
32268,30,55,-25,25
32269,107,107,0,0
32270,80,85,-5,5
32271,94,110,-16,16
32272,57,62,-5,5
32273,85,92,-7,7
32274,157,140,17,17
32275,131,127,4,4
32276,170,141,29,29
32277,115,120,-5,5
32278,124,106,18,18
32279,83,85,-2,2
32280,139,131,8,8
32281,104,105,-1,1
32282,54,60,-6,6
32283,117,109,8,8
32284,84,95,-11,11
32285,97,88,9,9
32286,50,49,1,1
32287,57,71,-14,14
32288,84,83,1,1
32289,70,78,-8,8
32290,75,82,-7,7
32291,33,61,-28,28
32292,110,123,-13,13
32293,60,66,-6,6
32294,66,72,-6,6
32295,121,110,11,11
32296,97,99,-2,2
32297,128,117,11,11
32298,82,81,1,1
32299,110,107,3,3
32300,135,133,2,2
32301,96,96,0,0
32302,79,75,4,4
32303,82,78,4,4
32304,112,100,12,12
32305,119,119,0,0
32306,113,89,24,24
32307,129,125,4,4
32308,30,31,-1,1
32309,143,137,6,6
32310,48,55,-7,7
32311,70,76,-6,6
32312,66,97,-31,31
32313,117,119,-2,2
32314,49,54,-5,5
32315,73,76,-3,3
32316,104,107,-3,3
32317,78,91,-13,13
32318,94,100,-6,6
32319,39,47,-8,8
32320,163,147,16,16
32321,131,128,3,3
32322,78,86,-8,8
32323,107,111,-4,4
32324,40,49,-9,9
32325,83,82,1,1
32326,88,99,-11,11
32327,104,103,1,1
32328,116,105,11,11
32329,144,128,16,16
32330,93,94,-1,1
32331,89,88,1,1
32332,110,104,6,6
32333,62,88,-26,26
32334,100,96,4,4
32335,79,82,-3,3
32336,80,80,0,0
32337,120,118,2,2
32338,84,101,-17,17
32339,88,91,-3,3
32340,132,130,2,2
32341,93,90,3,3
32342,79,87,-8,8
32343,27,34,-7,7
32344,97,96,1,1
32345,167,147,20,20
32346,146,146,0,0
32347,45,49,-4,4
32348,53,57,-4,4
32349,57,61,-4,4
32350,40,50,-10,10
32351,77,91,-14,14
32352,120,115,5,5
32353,87,97,-10,10
32354,189,162,27,27
32355,84,91,-7,7
32356,68,70,-2,2
32357,85,93,-8,8
32358,75,84,-9,9
32359,58,63,-5,5
32360,67,73,-6,6
32361,58,62,-4,4
32362,38,46,-8,8
32363,63,72,-9,9
32364,82,90,-8,8
32365,111,122,-11,11
32366,168,145,23,23
32367,67,71,-4,4
32368,92,91,1,1
32369,43,42,1,1
32370,126,113,13,13
32371,94,94,0,0
32372,108,115,-7,7
32373,80,89,-9,9
32374,159,139,20,20
32375,101,84,17,17
32376,71,71,0,0
32377,77,83,-6,6
32378,53,57,-4,4
32379,96,101,-5,5
32380,144,126,18,18
32381,96,97,-1,1
32382,120,119,1,1
32383,91,87,4,4
32384,57,71,-14,14
32385,95,99,-4,4
32386,114,115,-1,1
32387,115,119,-4,4
32388,63,61,2,2
32389,103,90,13,13
32390,213,186,27,27
32391,82,89,-7,7
32392,113,103,10,10
32393,75,81,-6,6
32394,122,122,0,0
32395,82,73,9,9
32396,112,104,8,8
32397,114,109,5,5
32398,62,56,6,6
32399,145,128,17,17
32400,153,153,0,0
32401,102,78,24,24
32402,65,73,-8,8
32403,79,72,7,7
32404,85,88,-3,3
32405,69,69,0,0
32406,69,76,-7,7
32407,106,94,12,12
32408,73,73,0,0
32409,95,88,7,7
32410,68,76,-8,8
32411,72,81,-9,9
32412,71,82,-11,11
32413,135,125,10,10
32414,115,108,7,7
32415,75,79,-4,4
32416,57,64,-7,7
32417,33,42,-9,9
32418,73,75,-2,2
32419,147,139,8,8
32420,100,99,1,1
32421,81,83,-2,2
32422,130,124,6,6
32423,63,67,-4,4
32424,75,79,-4,4
32425,97,102,-5,5
32426,80,89,-9,9
32427,67,70,-3,3
32428,135,129,6,6
32429,48,54,-6,6
32430,113,116,-3,3
32431,62,66,-4,4
32432,66,68,-2,2
32433,62,58,4,4
32434,140,146,-6,6
32435,82,87,-5,5
32436,86,89,-3,3
32437,123,125,-2,2
32438,134,125,9,9
32439,63,72,-9,9
32440,142,129,13,13
32441,63,68,-5,5
32442,94,87,7,7
32443,72,81,-9,9
32444,146,132,14,14
32445,90,78,12,12
32446,57,65,-8,8
32447,51,66,-15,15
32448,64,70,-6,6
32449,80,87,-7,7
32450,105,101,4,4
32451,109,107,2,2
32452,99,107,-8,8
32453,209,183,26,26
32454,82,75,7,7
32455,49,63,-14,14
32456,72,72,0,0
32457,62,66,-4,4
32458,50,60,-10,10
32459,153,146,7,7
32460,140,122,18,18
32461,95,90,5,5
32462,81,81,0,0
32463,114,106,8,8
32464,130,124,6,6
32465,31,40,-9,9
32466,86,93,-7,7
32467,100,105,-5,5
32468,58,62,-4,4
32469,58,60,-2,2
32470,95,85,10,10
32471,121,120,1,1
32472,83,86,-3,3
32473,152,137,15,15
32474,138,136,2,2
32475,128,127,1,1
32476,92,105,-13,13
32477,64,74,-10,10
32478,72,80,-8,8
32479,110,113,-3,3
32480,57,60,-3,3
32481,99,97,2,2
32482,98,93,5,5
32483,73,85,-12,12
32484,53,62,-9,9
32485,55,72,-17,17
32486,61,67,-6,6
32487,239,203,36,36
32488,86,87,-1,1
32489,133,113,20,20
32490,80,84,-4,4
32491,76,74,2,2
32492,79,76,3,3
32493,140,122,18,18
32494,97,98,-1,1
32495,74,67,7,7
32496,142,129,13,13
32497,82,84,-2,2
32498,62,65,-3,3
32499,101,108,-7,7
32500,69,86,-17,17
32501,171,159,12,12
32502,69,76,-7,7
32503,72,75,-3,3
32504,93,91,2,2
32505,78,85,-7,7
32506,68,72,-4,4
32507,54,58,-4,4
32508,110,109,1,1
32509,69,83,-14,14
32510,92,87,5,5
32511,65,68,-3,3
32512,28,27,1,1
32513,65,72,-7,7
32514,69,67,2,2
32515,119,105,14,14
32516,78,78,0,0
32517,75,77,-2,2
32518,70,70,0,0
32519,57,70,-13,13
32520,88,90,-2,2
32521,80,74,6,6
32522,113,109,4,4
32523,63,69,-6,6
32524,91,88,3,3
32525,141,122,19,19
32526,88,88,0,0
32527,46,57,-11,11
32528,109,104,5,5
32529,98,101,-3,3
32530,177,158,19,19
32531,142,134,8,8
32532,56,67,-11,11
32533,166,139,27,27
32534,70,72,-2,2
32535,64,71,-7,7
32536,70,74,-4,4
32537,66,76,-10,10
32538,104,98,6,6
32539,131,117,14,14
32540,82,87,-5,5
32541,65,69,-4,4
32542,95,96,-1,1
32543,79,78,1,1
32544,86,85,1,1
32545,84,83,1,1
32546,103,93,10,10
32547,77,81,-4,4
32548,125,113,12,12
32549,122,118,4,4
32550,64,67,-3,3
32551,95,105,-10,10
32552,79,85,-6,6
32553,67,69,-2,2
32554,160,143,17,17
32555,103,103,0,0
32556,114,108,6,6
32557,74,82,-8,8
32558,123,115,8,8
32559,50,64,-14,14
32560,53,62,-9,9
32561,195,183,12,12
32562,71,78,-7,7
32563,171,136,35,35
32564,90,94,-4,4
32565,75,79,-4,4
32566,84,89,-5,5
32567,86,102,-16,16
32568,101,104,-3,3
32569,131,116,15,15
32570,159,140,19,19
32571,52,66,-14,14
32572,119,113,6,6
32573,85,85,0,0
32574,97,95,2,2
32575,73,80,-7,7
32576,54,68,-14,14
32577,73,75,-2,2
32578,127,117,10,10
32579,164,152,12,12
32580,104,92,12,12
32581,57,61,-4,4
32582,40,53,-13,13
32583,103,103,0,0
32584,149,133,16,16
32585,105,99,6,6
32586,184,158,26,26
32587,74,76,-2,2
32588,145,126,19,19
32589,74,83,-9,9
32590,83,98,-15,15
32591,82,76,6,6
32592,85,92,-7,7
32593,133,131,2,2
32594,68,71,-3,3
32595,56,82,-26,26
32596,183,165,18,18
32597,66,67,-1,1
32598,115,122,-7,7
32599,86,87,-1,1
32600,64,75,-11,11
32601,41,49,-8,8
32602,97,113,-16,16
32603,76,77,-1,1
32604,64,71,-7,7
32605,67,70,-3,3
32606,92,87,5,5
32607,86,89,-3,3
32608,86,89,-3,3
32609,114,110,4,4
32610,134,119,15,15
32611,80,75,5,5
32612,151,160,-9,9
32613,99,96,3,3
32614,144,135,9,9
32615,118,107,11,11
32616,74,81,-7,7
32617,85,79,6,6
32618,51,66,-15,15
32619,57,69,-12,12
32620,152,140,12,12
32621,80,84,-4,4
32622,83,77,6,6
32623,69,68,1,1
32624,126,136,-10,10
32625,178,155,23,23
32626,101,107,-6,6
32627,110,107,3,3
32628,53,64,-11,11
32629,89,97,-8,8
32630,97,102,-5,5
32631,81,80,1,1
32632,87,87,0,0
32633,52,56,-4,4
32634,98,94,4,4
32635,109,103,6,6
32636,103,101,2,2
32637,90,75,15,15
32638,73,73,0,0
32639,157,145,12,12
32640,106,98,8,8
32641,144,133,11,11
32642,105,107,-2,2
32643,191,167,24,24
32644,79,76,3,3
32645,113,104,9,9
32646,66,71,-5,5
32647,62,82,-20,20
32648,71,83,-12,12
32649,93,91,2,2
32650,90,80,10,10
32651,81,81,0,0
32652,97,104,-7,7
32653,43,63,-20,20
32654,150,130,20,20
32655,78,78,0,0
32656,122,107,15,15
32657,76,79,-3,3
32658,50,65,-15,15
32659,78,93,-15,15
32660,68,81,-13,13
32661,92,86,6,6
32662,65,75,-10,10
32663,112,105,7,7
32664,69,72,-3,3
32665,86,88,-2,2
32666,73,74,-1,1
32667,99,94,5,5
32668,99,95,4,4
32669,70,82,-12,12
32670,88,86,2,2
32671,66,71,-5,5
32672,123,113,10,10
32673,72,64,8,8
32674,120,127,-7,7
32675,51,64,-13,13
32676,68,64,4,4
32677,103,105,-2,2
32678,76,79,-3,3
32679,77,88,-11,11
32680,143,147,-4,4
32681,128,125,3,3
32682,87,77,10,10
32683,47,51,-4,4
32684,119,113,6,6
32685,119,113,6,6
32686,52,63,-11,11
32687,123,99,24,24
32688,78,84,-6,6
32689,135,134,1,1
32690,65,70,-5,5
32691,50,61,-11,11
32692,59,78,-19,19
32693,95,85,10,10
32694,74,88,-14,14
32695,127,109,18,18
32696,135,110,25,25
32697,80,81,-1,1
32698,81,85,-4,4
32699,102,103,-1,1
32700,131,125,6,6
32701,96,89,7,7
32702,100,103,-3,3
32703,104,102,2,2
32704,112,111,1,1
32705,103,91,12,12
32706,96,94,2,2
32707,86,84,2,2
32708,130,131,-1,1
32709,47,53,-6,6
32710,118,108,10,10
32711,81,81,0,0
32712,117,90,27,27
32713,77,82,-5,5
32714,129,120,9,9
32715,111,94,17,17
32716,131,121,10,10
32717,67,75,-8,8
32718,66,69,-3,3
32719,111,116,-5,5
32720,71,83,-12,12
32721,58,58,0,0
32722,61,81,-20,20
32723,65,69,-4,4
32724,91,96,-5,5
32725,126,119,7,7
32726,79,71,8,8
32727,98,90,8,8
32728,83,104,-21,21
32729,46,53,-7,7
32730,71,76,-5,5
32731,56,72,-16,16
32732,74,71,3,3
32733,86,83,3,3
32734,125,118,7,7
32735,71,71,0,0
32736,62,70,-8,8
32737,96,69,27,27
32738,145,124,21,21
32739,73,72,1,1
32740,67,70,-3,3
32741,87,89,-2,2
32742,79,72,7,7
32743,93,93,0,0
32744,72,76,-4,4
32745,68,66,2,2
32746,72,76,-4,4
32747,132,118,14,14
32748,75,74,1,1
32749,86,88,-2,2
32750,101,95,6,6
32751,193,184,9,9
32752,124,116,8,8
32753,96,89,7,7
32754,102,105,-3,3
32755,48,51,-3,3
32756,95,88,7,7
32757,172,160,12,12
32758,174,164,10,10
32759,171,143,28,28
32760,64,64,0,0
32761,90,94,-4,4
32762,77,80,-3,3
32763,79,82,-3,3
32764,82,83,-1,1
32765,128,121,7,7
32766,96,100,-4,4
32767,88,89,-1,1
32768,78,80,-2,2
32769,115,118,-3,3
32770,75,85,-10,10
32771,132,124,8,8
32772,161,141,20,20
32773,117,105,12,12
32774,61,61,0,0
32775,84,76,8,8
32776,102,104,-2,2
32777,108,105,3,3
32778,108,118,-10,10
32779,156,144,12,12
32780,107,103,4,4
32781,74,72,2,2
32782,185,186,-1,1
32783,61,77,-16,16
32784,106,104,2,2
32785,73,79,-6,6
32786,83,76,7,7
32787,53,59,-6,6
32788,216,189,27,27
32789,90,89,1,1
32790,94,103,-9,9
32791,113,115,-2,2
32792,48,56,-8,8
32793,125,135,-10,10
32794,58,62,-4,4
32795,112,109,3,3
32796,91,83,8,8
32797,90,98,-8,8
32798,104,97,7,7
32799,59,68,-9,9
32800,74,79,-5,5
32801,99,104,-5,5
32802,76,87,-11,11
32803,101,100,1,1
32804,143,131,12,12
32805,66,72,-6,6
32806,108,101,7,7
32807,126,117,9,9
32808,102,95,7,7
32809,106,110,-4,4
32810,84,83,1,1
32811,133,125,8,8
32812,68,71,-3,3
32813,133,127,6,6
32814,91,91,0,0
32815,148,139,9,9
32816,131,120,11,11
32817,105,97,8,8
32818,111,119,-8,8
32819,50,58,-8,8
32820,118,106,12,12
32821,56,67,-11,11
32822,76,82,-6,6
32823,141,127,14,14
32824,162,147,15,15
32825,144,138,6,6
32826,131,134,-3,3
32827,57,53,4,4
32828,105,112,-7,7
32829,74,74,0,0
32830,118,137,-19,19
32831,157,143,14,14
32832,105,104,1,1
32833,90,85,5,5
32834,96,99,-3,3
32835,161,155,6,6
32836,83,82,1,1
32837,145,133,12,12
32838,55,61,-6,6
32839,113,122,-9,9
32840,72,79,-7,7
32841,199,184,15,15
32842,57,72,-15,15
32843,86,89,-3,3
32844,124,113,11,11
32845,59,76,-17,17
32846,65,60,5,5
32847,82,85,-3,3
32848,127,123,4,4
32849,82,90,-8,8
32850,101,91,10,10
32851,105,97,8,8
32852,94,95,-1,1
32853,125,114,11,11
32854,96,79,17,17
32855,48,56,-8,8
32856,68,75,-7,7
32857,98,98,0,0
32858,152,137,15,15
32859,139,114,25,25
32860,80,88,-8,8
32861,113,108,5,5
32862,102,112,-10,10
32863,94,91,3,3
32864,56,67,-11,11
32865,112,109,3,3
32866,71,74,-3,3
32867,163,156,7,7
32868,95,104,-9,9
32869,165,154,11,11
32870,100,102,-2,2
32871,104,100,4,4
32872,68,84,-16,16
32873,152,137,15,15
32874,62,75,-13,13
32875,56,63,-7,7
32876,87,92,-5,5
32877,48,53,-5,5
32878,85,82,3,3
32879,82,99,-17,17
32880,70,88,-18,18
32881,80,80,0,0
32882,100,105,-5,5
32883,158,141,17,17
32884,143,127,16,16
32885,76,77,-1,1
32886,64,72,-8,8
32887,121,113,8,8
32888,72,78,-6,6
32889,53,59,-6,6
32890,202,176,26,26
32891,54,61,-7,7
32892,58,63,-5,5
32893,125,118,7,7
32894,74,68,6,6
32895,58,102,-44,44
32896,144,137,7,7
32897,124,120,4,4
32898,84,86,-2,2
32899,27,64,-37,37
32900,84,78,6,6
32901,176,150,26,26
32902,44,54,-10,10
32903,66,74,-8,8
32904,73,86,-13,13
32905,71,87,-16,16
32906,42,73,-31,31
32907,61,85,-24,24
32908,71,71,0,0
32909,90,97,-7,7
32910,74,72,2,2
32911,109,101,8,8
32912,124,115,9,9
32913,94,94,0,0
32914,158,158,0,0
32915,97,90,7,7
32916,73,69,4,4
32917,90,99,-9,9
32918,64,67,-3,3
32919,144,141,3,3
32920,104,108,-4,4
32921,186,159,27,27
32922,102,94,8,8
32923,85,84,1,1
32924,96,98,-2,2
32925,122,115,7,7
32926,97,93,4,4
32927,96,93,3,3
32928,50,49,1,1
32929,110,126,-16,16
32930,89,87,2,2
32931,98,93,5,5
32932,123,128,-5,5
32933,53,61,-8,8
32934,114,110,4,4
32935,152,149,3,3
32936,146,145,1,1
32937,134,122,12,12
32938,105,108,-3,3
32939,38,84,-46,46
32940,99,96,3,3
32941,107,104,3,3
32942,92,85,7,7
32943,120,117,3,3
32944,129,124,5,5
32945,95,90,5,5
32946,90,89,1,1
32947,103,102,1,1
32948,114,110,4,4
32949,59,67,-8,8
32950,36,29,7,7
32951,99,97,2,2
32952,76,73,3,3
32953,149,117,32,32
32954,106,88,18,18
32955,61,75,-14,14
32956,47,70,-23,23
32957,158,159,-1,1
32958,54,57,-3,3
32959,50,58,-8,8
32960,98,97,1,1
32961,94,87,7,7
32962,67,72,-5,5
32963,49,55,-6,6
32964,146,134,12,12
32965,135,120,15,15
32966,87,80,7,7
32967,98,104,-6,6
32968,59,63,-4,4
32969,86,84,2,2
32970,62,70,-8,8
32971,113,107,6,6
32972,93,93,0,0
32973,75,85,-10,10
32974,83,82,1,1
32975,138,130,8,8
32976,67,74,-7,7
32977,84,78,6,6
32978,117,118,-1,1
32979,64,71,-7,7
32980,80,78,2,2
32981,85,85,0,0
32982,67,70,-3,3
32983,96,94,2,2
32984,72,75,-3,3
32985,63,76,-13,13
32986,151,131,20,20
32987,49,58,-9,9
32988,103,87,16,16
32989,32,38,-6,6
32990,70,68,2,2
32991,135,132,3,3
32992,55,61,-6,6
32993,99,103,-4,4
32994,114,112,2,2
32995,82,78,4,4
32996,119,119,0,0
32997,104,105,-1,1
32998,123,111,12,12
32999,113,117,-4,4
33000,153,145,8,8
33001,89,93,-4,4
33002,48,75,-27,27
33003,113,104,9,9
33004,83,84,-1,1
33005,129,116,13,13
33006,67,79,-12,12
33007,96,89,7,7
33008,92,94,-2,2
33009,103,97,6,6
33010,121,107,14,14
33011,48,62,-14,14
33012,98,89,9,9
33013,112,108,4,4
33014,107,108,-1,1
33015,92,82,10,10
33016,72,77,-5,5
33017,86,88,-2,2
33018,86,86,0,0
33019,120,109,11,11
33020,65,72,-7,7
33021,86,84,2,2
33022,138,125,13,13
33023,74,85,-11,11
33024,60,68,-8,8
33025,125,112,13,13
33026,61,70,-9,9
33027,99,96,3,3
33028,150,138,12,12
33029,69,69,0,0
33030,41,44,-3,3
33031,108,102,6,6
33032,163,158,5,5
33033,121,111,10,10
33034,72,77,-5,5
33035,109,103,6,6
33036,133,131,2,2
33037,74,83,-9,9
33038,119,119,0,0
33039,77,78,-1,1
33040,97,107,-10,10
33041,76,81,-5,5
33042,102,93,9,9
33043,88,82,6,6
33044,139,128,11,11
33045,93,92,1,1
33046,171,157,14,14
33047,115,127,-12,12
33048,73,75,-2,2
33049,102,96,6,6
33050,97,97,0,0
33051,107,109,-2,2
33052,180,168,12,12
33053,78,78,0,0
33054,279,247,32,32
33055,86,93,-7,7
33056,80,83,-3,3
33057,131,133,-2,2
33058,49,60,-11,11
33059,100,94,6,6
33060,53,64,-11,11
33061,116,108,8,8
33062,61,64,-3,3
33063,73,67,6,6
33064,70,67,3,3
33065,56,59,-3,3
33066,69,71,-2,2
33067,76,77,-1,1
33068,57,68,-11,11
33069,36,35,1,1
33070,75,87,-12,12
33071,62,63,-1,1
33072,78,78,0,0
33073,112,107,5,5
33074,85,83,2,2
33075,164,139,25,25
33076,52,68,-16,16
33077,102,102,0,0
33078,34,42,-8,8
33079,52,60,-8,8
33080,63,79,-16,16
33081,60,67,-7,7
33082,145,134,11,11
33083,74,81,-7,7
33084,106,110,-4,4
33085,53,58,-5,5
33086,114,118,-4,4
33087,135,135,0,0
33088,119,115,4,4
33089,84,103,-19,19
33090,62,69,-7,7
33091,150,141,9,9
33092,178,186,-8,8
33093,125,124,1,1
33094,125,123,2,2
33095,56,66,-10,10
33096,83,86,-3,3
33097,79,90,-11,11
33098,66,72,-6,6
33099,62,65,-3,3
33100,77,85,-8,8
33101,113,112,1,1
33102,119,119,0,0
33103,100,89,11,11
33104,121,118,3,3
33105,102,99,3,3
33106,106,115,-9,9
33107,67,68,-1,1
33108,104,95,9,9
33109,133,128,5,5
33110,138,124,14,14
33111,62,76,-14,14
33112,110,115,-5,5
33113,140,128,12,12
33114,80,79,1,1
33115,103,104,-1,1
33116,114,106,8,8
33117,55,60,-5,5
33118,91,90,1,1
33119,38,54,-16,16
33120,89,78,11,11
33121,129,122,7,7
33122,30,67,-37,37
33123,103,98,5,5
33124,100,103,-3,3
33125,87,92,-5,5
33126,99,93,6,6
33127,87,86,1,1
33128,91,96,-5,5
33129,105,98,7,7
33130,104,101,3,3
33131,46,56,-10,10
33132,86,79,7,7
33133,59,77,-18,18
33134,135,133,2,2
33135,47,56,-9,9
33136,108,92,16,16
33137,108,100,8,8
33138,120,120,0,0
33139,50,76,-26,26
33140,102,118,-16,16
33141,129,132,-3,3
33142,82,117,-35,35
33143,141,124,17,17
33144,87,85,2,2
33145,108,105,3,3
33146,113,123,-10,10
33147,166,152,14,14
33148,82,83,-1,1
33149,34,65,-31,31
33150,57,61,-4,4
33151,128,130,-2,2
33152,86,91,-5,5
33153,70,70,0,0
33154,106,102,4,4
33155,111,106,5,5
33156,89,102,-13,13
33157,28,28,0,0
33158,102,102,0,0
33159,159,133,26,26
33160,170,148,22,22
33161,98,98,0,0
33162,77,82,-5,5
33163,118,119,-1,1
33164,96,92,4,4
33165,51,67,-16,16
33166,63,64,-1,1
33167,70,72,-2,2
33168,99,109,-10,10
33169,58,61,-3,3
33170,60,66,-6,6
33171,78,84,-6,6
33172,45,64,-19,19
33173,89,103,-14,14
33174,69,76,-7,7
33175,84,90,-6,6
33176,73,73,0,0
33177,178,155,23,23
33178,63,74,-11,11
33179,108,103,5,5
33180,105,105,0,0
33181,43,53,-10,10
33182,82,82,0,0
33183,76,84,-8,8
33184,143,124,19,19
33185,91,87,4,4
33186,63,69,-6,6
33187,136,126,10,10
33188,83,83,0,0
33189,128,118,10,10
33190,63,71,-8,8
33191,72,78,-6,6
33192,96,100,-4,4
33193,66,72,-6,6
33194,89,102,-13,13
33195,74,71,3,3
33196,69,74,-5,5
33197,86,87,-1,1
33198,105,104,1,1
33199,92,97,-5,5
33200,49,61,-12,12
33201,151,130,21,21
33202,87,96,-9,9
33203,86,85,1,1
33204,55,59,-4,4
33205,113,124,-11,11
33206,96,96,0,0
33207,84,85,-1,1
33208,102,103,-1,1
33209,85,90,-5,5
33210,141,134,7,7
33211,90,78,12,12
33212,57,62,-5,5
33213,80,89,-9,9
33214,111,105,6,6
33215,82,118,-36,36
33216,85,89,-4,4
33217,85,79,6,6
33218,67,72,-5,5
33219,86,79,7,7
33220,102,95,7,7
33221,71,75,-4,4
33222,130,147,-17,17
33223,76,84,-8,8
33224,70,75,-5,5
33225,86,92,-6,6
33226,55,52,3,3
33227,97,100,-3,3
33228,98,114,-16,16
33229,70,67,3,3
33230,102,101,1,1
33231,79,74,5,5
33232,104,100,4,4
33233,70,68,2,2
33234,94,89,5,5
33235,103,103,0,0
33236,102,109,-7,7
33237,102,97,5,5
33238,67,69,-2,2
33239,165,153,12,12
33240,73,92,-19,19
33241,149,132,17,17
33242,92,89,3,3
33243,57,71,-14,14
33244,76,70,6,6
33245,129,118,11,11
33246,66,73,-7,7
33247,132,121,11,11
33248,108,100,8,8
33249,162,161,1,1
33250,104,98,6,6
33251,98,106,-8,8
33252,81,81,0,0
33253,106,108,-2,2
33254,134,135,-1,1
33255,118,118,0,0
33256,156,134,22,22
33257,73,75,-2,2
33258,106,109,-3,3
33259,64,67,-3,3
33260,66,67,-1,1
33261,126,109,17,17
33262,103,106,-3,3
33263,57,64,-7,7
33264,158,155,3,3
33265,103,98,5,5
33266,103,102,1,1
33267,172,155,17,17
33268,137,133,4,4
33269,95,91,4,4
33270,127,117,10,10
33271,87,85,2,2
33272,136,114,22,22
33273,51,59,-8,8
33274,95,89,6,6
33275,100,102,-2,2
33276,140,129,11,11
33277,102,108,-6,6
33278,69,71,-2,2
33279,148,137,11,11
33280,121,131,-10,10
33281,133,129,4,4
33282,106,108,-2,2
33283,95,91,4,4
33284,71,85,-14,14
33285,148,143,5,5
33286,188,171,17,17
33287,111,108,3,3
33288,88,93,-5,5
33289,71,86,-15,15
33290,83,86,-3,3
33291,44,57,-13,13
33292,69,74,-5,5
33293,44,51,-7,7
33294,111,106,5,5
33295,105,109,-4,4
33296,76,83,-7,7
33297,95,95,0,0
33298,181,167,14,14
33299,128,116,12,12
33300,81,78,3,3
33301,175,149,26,26
33302,57,63,-6,6
33303,70,72,-2,2
33304,77,72,5,5
33305,61,69,-8,8
33306,108,110,-2,2
33307,69,77,-8,8
33308,61,67,-6,6
33309,116,110,6,6
33310,50,57,-7,7
33311,95,86,9,9
33312,62,74,-12,12
33313,161,143,18,18
33314,101,101,0,0
33315,84,84,0,0
33316,87,93,-6,6
33317,71,77,-6,6
33318,56,66,-10,10
33319,77,81,-4,4
33320,100,114,-14,14
33321,74,78,-4,4
33322,59,72,-13,13
33323,117,111,6,6
33324,102,99,3,3
33325,97,92,5,5
33326,77,79,-2,2
33327,128,126,2,2
33328,89,89,0,0
33329,67,72,-5,5
33330,69,76,-7,7
33331,104,104,0,0
33332,55,65,-10,10
33333,62,70,-8,8
33334,101,98,3,3
33335,78,80,-2,2
33336,86,76,10,10
33337,81,82,-1,1
33338,104,96,8,8
33339,57,60,-3,3
33340,101,94,7,7
33341,84,81,3,3
33342,73,84,-11,11
33343,106,107,-1,1
33344,102,108,-6,6
33345,71,78,-7,7
33346,144,138,6,6
33347,131,114,17,17
33348,82,77,5,5
33349,83,78,5,5
33350,169,155,14,14
33351,70,73,-3,3
33352,158,145,13,13
33353,162,135,27,27
33354,104,99,5,5
33355,52,46,6,6
33356,59,62,-3,3
33357,70,75,-5,5
33358,112,118,-6,6
33359,106,97,9,9
33360,130,119,11,11
33361,111,102,9,9
33362,117,106,11,11
33363,118,125,-7,7
33364,74,83,-9,9
33365,52,56,-4,4
33366,97,108,-11,11
33367,72,77,-5,5
33368,84,81,3,3
33369,50,58,-8,8
33370,101,101,0,0
33371,52,58,-6,6
33372,85,87,-2,2
33373,90,88,2,2
33374,66,77,-11,11
33375,132,115,17,17
33376,91,97,-6,6
33377,46,59,-13,13
33378,36,49,-13,13
33379,94,94,0,0
33380,65,67,-2,2
33381,85,87,-2,2
33382,78,78,0,0
33383,140,143,-3,3
33384,79,81,-2,2
33385,108,104,4,4
33386,84,86,-2,2
33387,89,90,-1,1
33388,119,108,11,11
33389,52,55,-3,3
33390,130,114,16,16
33391,57,55,2,2
33392,128,119,9,9
33393,106,97,9,9
33394,65,64,1,1
33395,75,83,-8,8
33396,153,152,1,1
33397,42,47,-5,5
33398,70,72,-2,2
33399,157,146,11,11
33400,153,143,10,10
33401,93,87,6,6
33402,85,84,1,1
33403,70,79,-9,9
33404,84,90,-6,6
33405,61,63,-2,2
33406,80,84,-4,4
33407,60,62,-2,2
33408,60,65,-5,5
33409,122,116,6,6
33410,87,91,-4,4
33411,207,158,49,49
33412,102,104,-2,2
33413,52,66,-14,14
33414,75,77,-2,2
33415,62,65,-3,3
33416,82,90,-8,8
33417,144,123,21,21
33418,130,131,-1,1
33419,90,78,12,12
33420,71,79,-8,8
33421,77,73,4,4
33422,72,74,-2,2
33423,46,52,-6,6
33424,55,67,-12,12
33425,64,91,-27,27
33426,73,73,0,0
33427,76,84,-8,8
33428,100,102,-2,2
33429,108,98,10,10
33430,130,121,9,9
33431,136,124,12,12
33432,89,90,-1,1
33433,79,85,-6,6
33434,110,102,8,8
33435,125,125,0,0
33436,79,89,-10,10
33437,32,28,4,4
33438,97,121,-24,24
33439,135,127,8,8
33440,93,96,-3,3
33441,111,110,1,1
33442,87,100,-13,13
33443,131,116,15,15
33444,72,74,-2,2
33445,72,83,-11,11
33446,192,158,34,34
33447,129,116,13,13
33448,102,99,3,3
33449,86,79,7,7
33450,134,120,14,14
33451,157,146,11,11
33452,75,80,-5,5
33453,93,95,-2,2
33454,96,95,1,1
33455,105,105,0,0
33456,110,107,3,3
33457,137,123,14,14
33458,194,181,13,13
33459,82,84,-2,2
33460,102,112,-10,10
33461,92,94,-2,2
33462,119,98,21,21
33463,113,105,8,8
33464,85,87,-2,2
33465,66,76,-10,10
33466,145,134,11,11
33467,112,111,1,1
33468,133,130,3,3
33469,113,100,13,13
33470,175,142,33,33
33471,113,117,-4,4
33472,59,63,-4,4
33473,97,102,-5,5
33474,74,76,-2,2
33475,53,55,-2,2
33476,108,107,1,1
33477,133,117,16,16
33478,46,53,-7,7
33479,135,117,18,18
33480,111,105,6,6
33481,117,107,10,10
33482,69,76,-7,7
33483,175,149,26,26
33484,83,82,1,1
33485,80,85,-5,5
33486,95,103,-8,8
33487,80,82,-2,2
33488,71,74,-3,3
33489,61,67,-6,6
33490,83,86,-3,3
33491,168,148,20,20
33492,78,76,2,2
33493,79,88,-9,9
33494,112,118,-6,6
33495,73,78,-5,5
33496,71,86,-15,15
33497,86,87,-1,1
33498,105,111,-6,6
33499,103,97,6,6
33500,81,82,-1,1
33501,70,75,-5,5
33502,107,96,11,11
33503,150,144,6,6
33504,70,66,4,4
33505,80,87,-7,7
33506,48,64,-16,16
33507,100,106,-6,6
33508,52,65,-13,13
33509,97,98,-1,1
33510,172,157,15,15
33511,28,32,-4,4
33512,42,78,-36,36
33513,120,115,5,5
33514,60,69,-9,9
33515,118,108,10,10
33516,175,154,21,21
33517,69,76,-7,7
33518,50,58,-8,8
33519,90,91,-1,1
33520,109,105,4,4
33521,63,75,-12,12
33522,63,68,-5,5
33523,54,63,-9,9
33524,115,113,2,2
33525,61,68,-7,7
33526,91,95,-4,4
33527,76,94,-18,18
33528,72,79,-7,7
33529,64,70,-6,6
33530,47,49,-2,2
33531,67,67,0,0
33532,111,105,6,6
33533,102,127,-25,25
33534,68,68,0,0
33535,101,89,12,12
33536,154,130,24,24
33537,71,79,-8,8
33538,77,78,-1,1
33539,74,74,0,0
33540,95,100,-5,5
33541,98,96,2,2
33542,87,84,3,3
33543,134,129,5,5
33544,118,114,4,4
33545,146,136,10,10
33546,82,96,-14,14
33547,85,74,11,11
33548,68,91,-23,23
33549,62,65,-3,3
33550,79,70,9,9
33551,33,37,-4,4
33552,130,115,15,15
33553,88,77,11,11
33554,132,125,7,7
33555,69,79,-10,10
33556,98,91,7,7
33557,113,98,15,15
33558,84,88,-4,4
33559,78,78,0,0
33560,121,111,10,10
33561,69,76,-7,7
33562,70,86,-16,16
33563,89,96,-7,7
33564,97,95,2,2
33565,89,90,-1,1
33566,128,122,6,6
33567,149,139,10,10
33568,115,106,9,9
33569,68,85,-17,17
33570,44,46,-2,2
33571,36,44,-8,8
33572,64,84,-20,20
33573,75,71,4,4
33574,85,86,-1,1
33575,90,94,-4,4
33576,98,111,-13,13
33577,110,98,12,12
33578,91,97,-6,6
33579,179,156,23,23
33580,97,83,14,14
33581,65,75,-10,10
33582,111,114,-3,3
33583,191,155,36,36
33584,181,152,29,29
33585,58,70,-12,12
33586,90,79,11,11
33587,101,95,6,6
33588,164,137,27,27
33589,117,105,12,12
33590,84,91,-7,7
33591,112,105,7,7
33592,117,105,12,12
33593,80,82,-2,2
33594,150,133,17,17
33595,94,95,-1,1
33596,115,115,0,0
33597,157,138,19,19
33598,69,78,-9,9
33599,61,65,-4,4
33600,97,97,0,0
33601,74,79,-5,5
33602,90,91,-1,1
33603,59,65,-6,6
33604,121,103,18,18
33605,102,94,8,8
33606,107,112,-5,5
33607,102,107,-5,5
33608,256,233,23,23
33609,75,80,-5,5
33610,80,82,-2,2
33611,67,76,-9,9
33612,122,114,8,8
33613,65,64,1,1
33614,74,82,-8,8
33615,86,85,1,1
33616,206,185,21,21
33617,139,138,1,1
33618,76,78,-2,2
33619,186,164,22,22
33620,111,110,1,1
33621,80,75,5,5
33622,148,137,11,11
33623,76,84,-8,8
33624,123,139,-16,16
33625,79,96,-17,17
33626,118,111,7,7
33627,51,55,-4,4
33628,88,104,-16,16
33629,157,146,11,11
33630,84,87,-3,3
33631,129,117,12,12
33632,131,114,17,17
33633,74,97,-23,23
33634,93,94,-1,1
33635,88,90,-2,2
33636,74,83,-9,9
33637,102,96,6,6
33638,143,130,13,13
33639,67,71,-4,4
33640,197,174,23,23
33641,98,89,9,9
33642,117,104,13,13
33643,120,120,0,0
33644,118,122,-4,4
33645,63,54,9,9
33646,139,136,3,3
33647,144,141,3,3
33648,96,93,3,3
33649,110,93,17,17
33650,121,120,1,1
33651,68,80,-12,12
33652,84,105,-21,21
33653,118,114,4,4
33654,96,96,0,0
33655,78,86,-8,8
33656,27,26,1,1
33657,157,139,18,18
33658,137,123,14,14
33659,107,106,1,1
33660,95,96,-1,1
33661,45,62,-17,17
33662,69,95,-26,26
33663,196,166,30,30
33664,108,93,15,15
33665,88,83,5,5
33666,199,169,30,30
33667,111,114,-3,3
33668,179,157,22,22
33669,157,145,12,12
33670,82,73,9,9
33671,77,75,2,2
33672,56,57,-1,1
33673,63,73,-10,10
33674,196,173,23,23
33675,89,97,-8,8
33676,126,118,8,8
33677,39,37,2,2
33678,80,89,-9,9
33679,97,95,2,2
33680,85,81,4,4
33681,58,59,-1,1
33682,132,122,10,10
33683,54,72,-18,18
33684,99,98,1,1
33685,91,95,-4,4
33686,75,73,2,2
33687,57,72,-15,15
33688,66,73,-7,7
33689,105,110,-5,5
33690,51,55,-4,4
33691,134,123,11,11
33692,27,34,-7,7
33693,71,70,1,1
33694,65,65,0,0
33695,112,93,19,19
33696,100,106,-6,6
33697,56,58,-2,2
33698,74,78,-4,4
33699,137,127,10,10
33700,96,103,-7,7
33701,113,119,-6,6
33702,56,66,-10,10
33703,91,94,-3,3
33704,179,166,13,13
33705,54,56,-2,2
33706,90,98,-8,8
33707,92,90,2,2
33708,87,79,8,8
33709,122,110,12,12
33710,150,132,18,18
33711,90,87,3,3
33712,98,94,4,4
33713,59,68,-9,9
33714,122,119,3,3
33715,150,144,6,6
33716,74,74,0,0
33717,65,75,-10,10
33718,53,64,-11,11
33719,93,92,1,1
33720,108,101,7,7
33721,70,80,-10,10
33722,135,125,10,10
33723,87,98,-11,11
33724,65,79,-14,14
33725,55,50,5,5
33726,40,48,-8,8
33727,88,82,6,6
33728,168,148,20,20
33729,37,38,-1,1
33730,80,73,7,7
33731,92,86,6,6
33732,157,137,20,20
33733,121,118,3,3
33734,119,120,-1,1
33735,131,107,24,24
33736,112,100,12,12
33737,71,85,-14,14
33738,73,75,-2,2
33739,99,95,4,4
33740,81,76,5,5
33741,70,77,-7,7
33742,91,87,4,4
33743,63,70,-7,7
33744,65,69,-4,4
33745,92,98,-6,6
33746,83,79,4,4
33747,62,68,-6,6
33748,137,131,6,6
33749,194,166,28,28
33750,104,96,8,8
33751,136,130,6,6
33752,149,139,10,10
33753,109,107,2,2
33754,70,73,-3,3
33755,121,113,8,8
33756,73,78,-5,5
33757,97,92,5,5
33758,105,95,10,10
33759,131,122,9,9
33760,118,109,9,9
33761,97,92,5,5
33762,49,52,-3,3
33763,110,108,2,2
33764,87,94,-7,7
33765,107,105,2,2
33766,72,73,-1,1
33767,173,159,14,14
33768,117,116,1,1
33769,91,101,-10,10
33770,93,83,10,10
33771,34,27,7,7
33772,75,74,1,1
33773,110,112,-2,2
33774,76,88,-12,12
33775,122,151,-29,29
33776,94,96,-2,2
33777,60,66,-6,6
33778,96,98,-2,2
33779,92,97,-5,5
33780,155,138,17,17
33781,116,105,11,11
33782,113,109,4,4
33783,70,68,2,2
33784,127,128,-1,1
33785,104,110,-6,6
33786,103,104,-1,1
33787,66,65,1,1
33788,58,67,-9,9
33789,47,62,-15,15
33790,124,125,-1,1
33791,47,48,-1,1
33792,134,120,14,14
33793,126,112,14,14
33794,133,128,5,5
33795,101,102,-1,1
33796,48,55,-7,7
33797,69,84,-15,15
33798,62,66,-4,4
33799,112,104,8,8
33800,124,127,-3,3
33801,68,69,-1,1
33802,70,71,-1,1
33803,98,100,-2,2
33804,61,80,-19,19
33805,98,105,-7,7
33806,128,114,14,14
33807,112,108,4,4
33808,62,71,-9,9
33809,106,96,10,10
33810,90,83,7,7
33811,57,64,-7,7
33812,127,121,6,6
33813,83,81,2,2
33814,123,117,6,6
33815,99,94,5,5
33816,114,117,-3,3
33817,124,126,-2,2
33818,63,70,-7,7
33819,169,154,15,15
33820,86,86,0,0
33821,97,95,2,2
33822,95,91,4,4
33823,97,95,2,2
33824,120,107,13,13
33825,100,101,-1,1
33826,127,129,-2,2
33827,65,71,-6,6
33828,74,79,-5,5
33829,146,134,12,12
33830,93,94,-1,1
33831,76,80,-4,4
33832,127,120,7,7
33833,61,66,-5,5
33834,81,87,-6,6
33835,132,108,24,24
33836,69,62,7,7
33837,56,71,-15,15
33838,103,101,2,2
33839,110,113,-3,3
33840,102,102,0,0
33841,74,72,2,2
33842,111,111,0,0
33843,74,74,0,0
33844,58,66,-8,8
33845,96,101,-5,5
33846,67,74,-7,7
33847,57,63,-6,6
33848,104,97,7,7
33849,60,75,-15,15
33850,50,65,-15,15
33851,120,116,4,4
33852,73,75,-2,2
33853,45,50,-5,5
33854,95,97,-2,2
33855,125,126,-1,1
33856,106,105,1,1
33857,80,77,3,3
33858,138,130,8,8
33859,105,105,0,0
33860,100,101,-1,1
33861,89,87,2,2
33862,161,133,28,28
33863,115,118,-3,3
33864,109,101,8,8
33865,120,112,8,8
33866,64,66,-2,2
33867,85,88,-3,3
33868,139,132,7,7
33869,56,67,-11,11
33870,100,104,-4,4
33871,61,69,-8,8
33872,87,91,-4,4
33873,78,74,4,4
33874,135,124,11,11
33875,149,141,8,8
33876,123,114,9,9
33877,114,100,14,14
33878,106,109,-3,3
33879,121,106,15,15
33880,103,113,-10,10
33881,133,132,1,1
33882,83,82,1,1
33883,90,84,6,6
33884,43,46,-3,3
33885,195,173,22,22
33886,82,81,1,1
33887,121,114,7,7
33888,77,80,-3,3
33889,80,87,-7,7
33890,56,64,-8,8
33891,70,69,1,1
33892,57,61,-4,4
33893,98,101,-3,3
33894,85,88,-3,3
33895,102,98,4,4
33896,114,102,12,12
33897,153,137,16,16
33898,61,64,-3,3
33899,99,97,2,2
33900,77,77,0,0
33901,89,76,13,13
33902,79,73,6,6
33903,108,115,-7,7
33904,102,85,17,17
33905,54,67,-13,13
33906,101,95,6,6
33907,131,119,12,12
33908,56,67,-11,11
33909,110,104,6,6
33910,78,76,2,2
33911,153,135,18,18
33912,73,78,-5,5
33913,105,97,8,8
33914,57,72,-15,15
33915,95,106,-11,11
33916,56,71,-15,15
33917,107,99,8,8
33918,62,81,-19,19
33919,157,143,14,14
33920,94,87,7,7
33921,84,74,10,10
33922,131,123,8,8
33923,75,75,0,0
33924,122,116,6,6
33925,114,121,-7,7
33926,61,63,-2,2
33927,137,141,-4,4
33928,72,73,-1,1
33929,115,98,17,17
33930,49,86,-37,37
33931,98,91,7,7
33932,114,116,-2,2
33933,79,83,-4,4
33934,75,72,3,3
33935,111,90,21,21
33936,84,85,-1,1
33937,61,64,-3,3
33938,70,79,-9,9
33939,103,103,0,0
33940,119,106,13,13
33941,62,67,-5,5
33942,94,83,11,11
33943,161,144,17,17
33944,253,209,44,44
33945,112,111,1,1
33946,63,74,-11,11
33947,90,87,3,3
33948,124,120,4,4
33949,85,75,10,10
33950,167,153,14,14
33951,115,98,17,17
33952,113,105,8,8
33953,95,95,0,0
33954,93,92,1,1
33955,138,120,18,18
33956,74,79,-5,5
33957,52,61,-9,9
33958,104,104,0,0
33959,143,134,9,9
33960,74,85,-11,11
33961,69,74,-5,5
33962,133,124,9,9
33963,82,81,1,1
33964,98,92,6,6
33965,77,78,-1,1
33966,142,135,7,7
33967,84,87,-3,3
33968,95,101,-6,6
33969,83,80,3,3
33970,114,103,11,11
33971,53,80,-27,27
33972,91,86,5,5
33973,122,127,-5,5
33974,89,111,-22,22
33975,81,88,-7,7
33976,110,110,0,0
33977,96,90,6,6
33978,119,110,9,9
33979,80,86,-6,6
33980,108,100,8,8
33981,71,72,-1,1
33982,80,81,-1,1
33983,157,151,6,6
33984,85,74,11,11
33985,47,57,-10,10
33986,68,64,4,4
33987,86,78,8,8
33988,71,74,-3,3
33989,64,66,-2,2
33990,65,69,-4,4
33991,155,151,4,4
33992,108,115,-7,7
33993,188,163,25,25
33994,109,111,-2,2
33995,64,74,-10,10
33996,120,138,-18,18
33997,72,78,-6,6
33998,55,63,-8,8
33999,69,68,1,1
34000,186,163,23,23
34001,96,109,-13,13
34002,77,86,-9,9
34003,83,86,-3,3
34004,79,76,3,3
34005,55,70,-15,15
34006,155,141,14,14
34007,91,90,1,1
34008,48,62,-14,14
34009,122,119,3,3
34010,75,89,-14,14
34011,109,108,1,1
34012,110,104,6,6
34013,79,77,2,2
34014,69,71,-2,2
34015,78,85,-7,7
34016,129,126,3,3
34017,131,125,6,6
34018,45,56,-11,11
34019,96,93,3,3
34020,105,123,-18,18
34021,128,126,2,2
34022,139,132,7,7
34023,116,104,12,12
34024,81,81,0,0
34025,77,84,-7,7
34026,100,97,3,3
34027,68,69,-1,1
34028,70,80,-10,10
34029,222,218,4,4
34030,22,31,-9,9
34031,121,116,5,5
34032,67,72,-5,5
34033,87,81,6,6
34034,58,60,-2,2
34035,69,80,-11,11
34036,71,84,-13,13
34037,54,69,-15,15
34038,60,61,-1,1
34039,87,88,-1,1
34040,101,96,5,5
34041,61,64,-3,3
34042,141,124,17,17
34043,121,123,-2,2
34044,102,96,6,6
34045,78,84,-6,6
34046,96,108,-12,12
34047,56,56,0,0
34048,101,89,12,12
34049,64,69,-5,5
34050,55,66,-11,11
34051,89,79,10,10
34052,84,81,3,3
34053,90,88,2,2
34054,166,145,21,21
34055,85,108,-23,23
34056,94,92,2,2
34057,130,132,-2,2
34058,146,141,5,5
34059,77,93,-16,16
34060,97,91,6,6
34061,102,95,7,7
34062,150,145,5,5
34063,104,99,5,5
34064,90,88,2,2
34065,70,73,-3,3
34066,45,51,-6,6
34067,76,73,3,3
34068,90,107,-17,17
34069,63,62,1,1
34070,123,116,7,7
34071,91,81,10,10
34072,102,89,13,13
34073,120,111,9,9
34074,48,72,-24,24
34075,42,55,-13,13
34076,85,86,-1,1
34077,67,69,-2,2
34078,73,64,9,9
34079,67,71,-4,4
34080,87,90,-3,3
34081,172,133,39,39
34082,128,132,-4,4
34083,116,115,1,1
34084,102,96,6,6
34085,134,128,6,6
34086,94,103,-9,9
34087,55,64,-9,9
34088,175,169,6,6
34089,71,74,-3,3
34090,53,63,-10,10
34091,92,97,-5,5
34092,111,105,6,6
34093,120,122,-2,2
34094,107,115,-8,8
34095,48,51,-3,3
34096,85,80,5,5
34097,122,138,-16,16
34098,90,95,-5,5
34099,70,68,2,2
34100,63,67,-4,4
34101,110,103,7,7
34102,56,64,-8,8
34103,96,104,-8,8
34104,79,83,-4,4
34105,56,63,-7,7
34106,115,104,11,11
34107,60,73,-13,13
34108,59,62,-3,3
34109,74,74,0,0
34110,110,113,-3,3
34111,99,109,-10,10
34112,106,105,1,1
34113,62,57,5,5
34114,93,90,3,3
34115,59,62,-3,3
34116,88,80,8,8
34117,75,88,-13,13
34118,78,76,2,2
34119,67,72,-5,5
34120,118,111,7,7
34121,66,68,-2,2
34122,69,72,-3,3
34123,110,100,10,10
34124,102,104,-2,2
34125,127,122,5,5
34126,99,101,-2,2
34127,127,128,-1,1
34128,97,84,13,13
34129,52,52,0,0
34130,56,68,-12,12
34131,64,64,0,0
34132,111,106,5,5
34133,114,110,4,4
34134,162,141,21,21
34135,56,74,-18,18
34136,35,42,-7,7
34137,83,83,0,0
34138,151,145,6,6
34139,77,82,-5,5
34140,65,74,-9,9
34141,67,72,-5,5
34142,81,81,0,0
34143,56,63,-7,7
34144,67,69,-2,2
34145,59,60,-1,1
34146,142,122,20,20
34147,79,80,-1,1
34148,104,102,2,2
34149,68,75,-7,7
34150,67,74,-7,7
34151,56,65,-9,9
34152,66,71,-5,5
34153,31,27,4,4
34154,121,110,11,11
34155,115,111,4,4
34156,68,69,-1,1
34157,103,101,2,2
34158,71,76,-5,5
34159,115,119,-4,4
34160,122,108,14,14
34161,99,94,5,5
34162,112,109,3,3
34163,215,207,8,8
34164,68,77,-9,9
34165,84,81,3,3
34166,82,81,1,1
34167,82,86,-4,4
34168,95,90,5,5
34169,80,83,-3,3
34170,121,110,11,11
34171,103,93,10,10
34172,74,80,-6,6
34173,59,65,-6,6
34174,106,102,4,4
34175,62,60,2,2
34176,49,54,-5,5
34177,62,71,-9,9
34178,151,140,11,11
34179,178,147,31,31
34180,96,98,-2,2
34181,91,94,-3,3
34182,74,76,-2,2
34183,78,85,-7,7
34184,95,115,-20,20
34185,109,105,4,4
34186,59,67,-8,8
34187,64,61,3,3
34188,122,107,15,15
34189,106,106,0,0
34190,137,127,10,10
34191,79,76,3,3
34192,45,57,-12,12
34193,96,90,6,6
34194,53,57,-4,4
34195,121,110,11,11
34196,138,133,5,5
34197,107,99,8,8
34198,90,89,1,1
34199,83,84,-1,1
34200,65,68,-3,3
34201,68,78,-10,10
34202,50,57,-7,7
34203,44,73,-29,29
34204,78,85,-7,7
34205,74,77,-3,3
34206,67,69,-2,2
34207,116,104,12,12
34208,50,52,-2,2
34209,100,94,6,6
34210,52,62,-10,10
34211,70,69,1,1
34212,92,92,0,0
34213,130,119,11,11
34214,139,138,1,1
34215,96,91,5,5
34216,98,90,8,8
34217,49,55,-6,6
34218,90,82,8,8
34219,103,110,-7,7
34220,39,53,-14,14
34221,172,145,27,27
34222,104,94,10,10
34223,63,68,-5,5
34224,78,76,2,2
34225,65,71,-6,6
34226,58,59,-1,1
34227,140,135,5,5
34228,95,103,-8,8
34229,77,76,1,1
34230,122,111,11,11
34231,63,56,7,7
34232,26,31,-5,5
34233,78,80,-2,2
34234,60,69,-9,9
34235,80,80,0,0
34236,96,96,0,0
34237,62,68,-6,6
34238,77,85,-8,8
34239,101,95,6,6
34240,103,103,0,0
34241,87,91,-4,4
34242,132,125,7,7
34243,223,183,40,40
34244,117,106,11,11
34245,151,135,16,16
34246,87,95,-8,8
34247,103,100,3,3
34248,59,69,-10,10
34249,150,128,22,22
34250,100,95,5,5
34251,92,84,8,8
34252,65,77,-12,12
34253,72,72,0,0
34254,48,52,-4,4
34255,114,107,7,7
34256,63,59,4,4
34257,139,131,8,8
34258,86,87,-1,1
34259,96,84,12,12
34260,80,84,-4,4
34261,126,111,15,15
34262,112,108,4,4
34263,99,110,-11,11
34264,83,77,6,6
34265,62,63,-1,1
34266,53,71,-18,18
34267,40,50,-10,10
34268,103,102,1,1
34269,87,97,-10,10
34270,66,70,-4,4
34271,116,104,12,12
34272,107,99,8,8
34273,121,119,2,2
34274,114,101,13,13
34275,111,107,4,4
34276,105,104,1,1
34277,103,102,1,1
34278,106,90,16,16
34279,126,119,7,7
34280,104,99,5,5
34281,77,75,2,2
34282,114,112,2,2
34283,77,82,-5,5
34284,83,83,0,0
34285,78,90,-12,12
34286,81,85,-4,4
34287,64,66,-2,2
34288,134,124,10,10
34289,78,82,-4,4
34290,137,128,9,9
34291,80,75,5,5
34292,145,127,18,18
34293,103,110,-7,7
34294,101,99,2,2
34295,87,83,4,4
34296,83,85,-2,2
34297,98,90,8,8
34298,133,130,3,3
34299,114,113,1,1
34300,119,106,13,13
34301,94,93,1,1
34302,85,89,-4,4
34303,162,151,11,11
34304,85,74,11,11
34305,62,62,0,0
34306,83,81,2,2
34307,99,94,5,5
34308,79,83,-4,4
34309,95,97,-2,2
34310,140,137,3,3
34311,165,146,19,19
34312,104,101,3,3
34313,110,122,-12,12
34314,138,165,-27,27
34315,117,127,-10,10
34316,120,111,9,9
34317,67,79,-12,12
34318,82,83,-1,1
34319,110,99,11,11
34320,110,101,9,9
34321,63,76,-13,13
34322,54,59,-5,5
34323,128,128,0,0
34324,90,83,7,7
34325,99,98,1,1
34326,121,138,-17,17
34327,47,62,-15,15
34328,88,82,6,6
34329,96,89,7,7
34330,83,103,-20,20
34331,91,82,9,9
34332,100,102,-2,2
34333,68,76,-8,8
34334,44,50,-6,6
34335,94,92,2,2
34336,48,56,-8,8
34337,63,67,-4,4
34338,114,108,6,6
34339,88,81,7,7
34340,105,96,9,9
34341,67,70,-3,3
34342,61,58,3,3
34343,120,116,4,4
34344,111,101,10,10
34345,102,93,9,9
34346,111,104,7,7
34347,48,52,-4,4
34348,102,105,-3,3
34349,101,101,0,0
34350,88,91,-3,3
34351,58,70,-12,12
34352,64,70,-6,6
34353,65,70,-5,5
34354,156,144,12,12
34355,84,82,2,2
34356,169,143,26,26
34357,130,111,19,19
34358,51,64,-13,13
34359,60,63,-3,3
34360,109,95,14,14
34361,107,107,0,0
34362,133,138,-5,5
34363,73,70,3,3
34364,117,110,7,7
34365,105,99,6,6
34366,118,133,-15,15
34367,107,104,3,3
34368,89,89,0,0
34369,130,119,11,11
34370,107,112,-5,5
34371,86,88,-2,2
34372,87,92,-5,5
34373,166,148,18,18
34374,91,93,-2,2
34375,83,80,3,3
34376,90,106,-16,16
34377,60,74,-14,14
34378,73,81,-8,8
34379,133,117,16,16
34380,131,124,7,7
34381,128,148,-20,20
34382,93,90,3,3
34383,48,56,-8,8
34384,126,108,18,18
34385,62,74,-12,12
34386,50,67,-17,17
34387,70,73,-3,3
34388,111,110,1,1
34389,89,83,6,6
34390,94,98,-4,4
34391,38,49,-11,11
34392,76,88,-12,12
34393,92,92,0,0
34394,66,69,-3,3
34395,84,84,0,0
34396,72,75,-3,3
34397,79,77,2,2
34398,78,80,-2,2
34399,61,64,-3,3
34400,68,72,-4,4
34401,114,103,11,11
34402,84,85,-1,1
34403,51,67,-16,16
34404,96,89,7,7
34405,74,76,-2,2
34406,64,77,-13,13
34407,79,83,-4,4
34408,89,81,8,8
34409,150,142,8,8
34410,137,118,19,19
34411,62,67,-5,5
34412,120,107,13,13
34413,75,73,2,2
34414,63,73,-10,10
34415,144,144,0,0
34416,83,76,7,7
34417,71,104,-33,33
34418,125,124,1,1
34419,71,78,-7,7
34420,90,90,0,0
34421,57,60,-3,3
34422,68,77,-9,9
34423,117,106,11,11
34424,142,135,7,7
34425,95,85,10,10
34426,91,96,-5,5
34427,86,88,-2,2
34428,119,123,-4,4
34429,71,89,-18,18
34430,97,90,7,7
34431,92,97,-5,5
34432,86,96,-10,10
34433,48,59,-11,11
34434,50,45,5,5
34435,105,136,-31,31
34436,105,109,-4,4
34437,127,114,13,13
34438,108,105,3,3
34439,71,74,-3,3
34440,73,80,-7,7
34441,68,78,-10,10
34442,147,130,17,17
34443,142,138,4,4
34444,39,49,-10,10
34445,91,84,7,7
34446,79,84,-5,5
34447,84,81,3,3
34448,123,125,-2,2
34449,63,79,-16,16
34450,196,174,22,22
34451,161,153,8,8
34452,152,122,30,30
34453,144,128,16,16
34454,96,99,-3,3
34455,125,123,2,2
34456,82,77,5,5
34457,128,114,14,14
34458,160,153,7,7
34459,43,52,-9,9
34460,68,75,-7,7
34461,108,87,21,21
34462,74,74,0,0
34463,52,62,-10,10
34464,107,115,-8,8
34465,64,75,-11,11
34466,89,87,2,2
34467,85,77,8,8
34468,73,80,-7,7
34469,177,175,2,2
34470,111,105,6,6
34471,67,79,-12,12
34472,76,73,3,3
34473,152,132,20,20
34474,90,92,-2,2
34475,79,80,-1,1
34476,99,101,-2,2
34477,78,78,0,0
34478,131,123,8,8
34479,100,94,6,6
34480,74,82,-8,8
34481,99,101,-2,2
34482,135,127,8,8
34483,104,106,-2,2
34484,67,70,-3,3
34485,102,92,10,10
34486,48,59,-11,11
34487,243,218,25,25
34488,97,96,1,1
34489,112,106,6,6
34490,118,120,-2,2
34491,77,82,-5,5
34492,73,67,6,6
34493,99,101,-2,2
34494,60,82,-22,22
34495,155,145,10,10
34496,125,118,7,7
34497,202,160,42,42
34498,82,89,-7,7
34499,100,94,6,6
34500,78,76,2,2
34501,59,74,-15,15
34502,48,61,-13,13
34503,121,122,-1,1
34504,128,120,8,8
34505,96,104,-8,8
34506,133,117,16,16
34507,107,103,4,4
34508,106,98,8,8
34509,111,124,-13,13
34510,48,75,-27,27
34511,79,90,-11,11
34512,121,106,15,15
34513,147,136,11,11
34514,113,108,5,5
34515,58,61,-3,3
34516,93,86,7,7
34517,109,104,5,5
34518,85,90,-5,5
34519,69,83,-14,14
34520,70,73,-3,3
34521,81,92,-11,11
34522,47,55,-8,8
34523,121,109,12,12
34524,151,128,23,23
34525,80,84,-4,4
34526,60,63,-3,3
34527,133,123,10,10
34528,65,70,-5,5
34529,162,153,9,9
34530,73,71,2,2
34531,108,101,7,7
34532,87,85,2,2
34533,101,107,-6,6
34534,90,90,0,0
34535,130,141,-11,11
34536,133,120,13,13
34537,139,133,6,6
34538,95,101,-6,6
34539,96,96,0,0
34540,66,70,-4,4
34541,69,78,-9,9
34542,69,73,-4,4
34543,86,86,0,0
34544,95,95,0,0
34545,91,86,5,5
34546,189,156,33,33
34547,109,105,4,4
34548,63,67,-4,4
34549,156,147,9,9
34550,64,67,-3,3
34551,117,107,10,10
34552,55,54,1,1
34553,115,115,0,0
34554,103,94,9,9
34555,155,142,13,13
34556,78,80,-2,2
34557,159,156,3,3
34558,73,70,3,3
34559,188,167,21,21
34560,150,143,7,7
34561,103,95,8,8
34562,80,85,-5,5
34563,92,94,-2,2
34564,121,120,1,1
34565,113,113,0,0
34566,106,101,5,5
34567,72,70,2,2
34568,120,112,8,8
34569,49,61,-12,12
34570,124,126,-2,2
34571,82,83,-1,1
34572,145,151,-6,6
34573,61,67,-6,6
34574,108,106,2,2
34575,53,60,-7,7
34576,117,110,7,7
34577,88,90,-2,2
34578,122,100,22,22
34579,56,64,-8,8
34580,161,145,16,16
34581,115,109,6,6
34582,100,102,-2,2
34583,149,142,7,7
34584,126,115,11,11
34585,74,74,0,0
34586,124,114,10,10
34587,101,96,5,5
34588,83,100,-17,17
34589,105,101,4,4
34590,143,131,12,12
34591,153,141,12,12
34592,54,63,-9,9
34593,52,49,3,3
34594,87,86,1,1
34595,63,71,-8,8
34596,84,92,-8,8
34597,96,93,3,3
34598,59,70,-11,11
34599,141,128,13,13
34600,121,108,13,13
34601,21,28,-7,7
34602,93,86,7,7
34603,126,123,3,3
34604,91,87,4,4
34605,126,121,5,5
34606,79,76,3,3
34607,133,131,2,2
34608,72,76,-4,4
34609,117,101,16,16
34610,51,64,-13,13
34611,92,89,3,3
34612,78,85,-7,7
34613,70,76,-6,6
34614,77,83,-6,6
34615,94,86,8,8
34616,75,80,-5,5
34617,93,94,-1,1
34618,75,69,6,6
34619,149,140,9,9
34620,99,99,0,0
34621,94,106,-12,12
34622,98,91,7,7
34623,68,73,-5,5
34624,101,137,-36,36
34625,115,105,10,10
34626,87,84,3,3
34627,100,110,-10,10
34628,80,92,-12,12
34629,133,120,13,13
34630,54,61,-7,7
34631,164,150,14,14
34632,98,96,2,2
34633,75,78,-3,3
34634,77,74,3,3
34635,126,119,7,7
34636,124,117,7,7
34637,89,89,0,0
34638,77,79,-2,2
34639,162,137,25,25
34640,129,113,16,16
34641,126,122,4,4
34642,90,83,7,7
34643,145,134,11,11
34644,59,71,-12,12
34645,79,77,2,2
34646,100,88,12,12
34647,136,127,9,9
34648,53,69,-16,16
34649,109,100,9,9
34650,79,79,0,0
34651,111,105,6,6
34652,172,139,33,33
34653,142,131,11,11
34654,81,80,1,1
34655,100,97,3,3
34656,71,74,-3,3
34657,37,51,-14,14
34658,91,86,5,5
34659,85,85,0,0
34660,96,96,0,0
34661,96,95,1,1
34662,72,72,0,0
34663,58,64,-6,6
34664,128,130,-2,2
34665,90,80,10,10
34666,79,80,-1,1
34667,57,57,0,0
34668,164,135,29,29
34669,147,115,32,32
34670,42,57,-15,15
34671,92,103,-11,11
34672,73,79,-6,6
34673,80,81,-1,1
34674,82,79,3,3
34675,82,85,-3,3
34676,124,115,9,9
34677,87,92,-5,5
34678,93,95,-2,2
34679,151,129,22,22
34680,88,89,-1,1
34681,99,92,7,7
34682,104,104,0,0
34683,80,83,-3,3
34684,91,82,9,9
34685,116,129,-13,13
34686,136,122,14,14
34687,76,109,-33,33
34688,125,130,-5,5
34689,99,88,11,11
34690,112,116,-4,4
34691,103,111,-8,8
34692,152,140,12,12
34693,122,115,7,7
34694,74,75,-1,1
34695,106,105,1,1
34696,76,77,-1,1
34697,59,70,-11,11
34698,100,121,-21,21
34699,58,65,-7,7
34700,69,75,-6,6
34701,120,125,-5,5
34702,74,75,-1,1
34703,55,62,-7,7
34704,89,88,1,1
34705,79,77,2,2
34706,137,134,3,3
34707,81,86,-5,5
34708,64,78,-14,14
34709,170,155,15,15
34710,69,75,-6,6
34711,72,71,1,1
34712,73,74,-1,1
34713,66,79,-13,13
34714,114,109,5,5
34715,96,105,-9,9
34716,67,71,-4,4
34717,83,85,-2,2
34718,72,74,-2,2
34719,150,145,5,5
34720,56,59,-3,3
34721,66,72,-6,6
34722,53,63,-10,10
34723,169,145,24,24
34724,66,74,-8,8
34725,105,111,-6,6
34726,101,98,3,3
34727,78,81,-3,3
34728,130,123,7,7
34729,140,129,11,11
34730,91,105,-14,14
34731,89,82,7,7
34732,73,76,-3,3
34733,111,106,5,5
34734,111,112,-1,1
34735,154,134,20,20
34736,56,63,-7,7
34737,136,125,11,11
34738,101,87,14,14
34739,120,119,1,1
34740,62,59,3,3
34741,105,104,1,1
34742,76,80,-4,4
34743,161,152,9,9
34744,88,93,-5,5
34745,51,58,-7,7
34746,108,105,3,3
34747,101,98,3,3
34748,74,77,-3,3
34749,189,157,32,32
34750,46,54,-8,8
34751,58,66,-8,8
34752,100,86,14,14
34753,171,136,35,35
34754,45,51,-6,6
34755,87,77,10,10
34756,57,60,-3,3
34757,137,117,20,20
34758,72,78,-6,6
34759,115,109,6,6
34760,98,98,0,0
34761,58,69,-11,11
34762,87,105,-18,18
34763,79,80,-1,1
34764,79,77,2,2
34765,67,68,-1,1
34766,32,38,-6,6
34767,76,79,-3,3
34768,80,73,7,7
34769,106,94,12,12
34770,54,70,-16,16
34771,75,80,-5,5
34772,149,137,12,12
34773,110,98,12,12
34774,106,107,-1,1
34775,130,126,4,4
34776,49,56,-7,7
34777,119,121,-2,2
34778,75,79,-4,4
34779,89,88,1,1
34780,63,63,0,0
34781,64,58,6,6
34782,116,112,4,4
34783,79,77,2,2
34784,92,96,-4,4
34785,70,77,-7,7
34786,120,115,5,5
34787,165,149,16,16
34788,187,180,7,7
34789,82,84,-2,2
34790,53,67,-14,14
34791,88,88,0,0
34792,75,77,-2,2
34793,66,66,0,0
34794,80,81,-1,1
34795,113,99,14,14
34796,48,45,3,3
34797,52,55,-3,3
34798,169,151,18,18
34799,100,105,-5,5
34800,71,85,-14,14
34801,103,112,-9,9
34802,127,122,5,5
34803,132,130,2,2
34804,136,131,5,5
34805,67,64,3,3
34806,127,128,-1,1
34807,142,136,6,6
34808,114,117,-3,3
34809,71,78,-7,7
34810,77,81,-4,4
34811,86,95,-9,9
34812,166,139,27,27
34813,116,108,8,8
34814,42,45,-3,3
34815,91,85,6,6
34816,81,79,2,2
34817,109,102,7,7
34818,164,154,10,10
34819,119,118,1,1
34820,79,76,3,3
34821,122,118,4,4
34822,67,74,-7,7
34823,96,91,5,5
34824,81,83,-2,2
34825,110,83,27,27
34826,142,133,9,9
34827,30,39,-9,9
34828,102,91,11,11
34829,128,116,12,12
34830,127,131,-4,4
34831,55,92,-37,37
34832,125,147,-22,22
34833,85,86,-1,1
34834,82,85,-3,3
34835,99,105,-6,6
34836,142,138,4,4
34837,99,108,-9,9
34838,96,103,-7,7
34839,87,99,-12,12
34840,76,75,1,1
34841,95,101,-6,6
34842,61,66,-5,5
34843,58,70,-12,12
34844,88,90,-2,2
34845,87,99,-12,12
34846,89,88,1,1
34847,100,90,10,10
34848,87,89,-2,2
34849,86,86,0,0
34850,43,57,-14,14
34851,33,35,-2,2
34852,97,94,3,3
34853,130,118,12,12
34854,149,134,15,15
34855,139,121,18,18
34856,71,77,-6,6
34857,53,69,-16,16
34858,69,66,3,3
34859,114,100,14,14
34860,60,72,-12,12
34861,53,60,-7,7
34862,80,78,2,2
34863,75,68,7,7
34864,101,117,-16,16
34865,147,139,8,8
34866,100,92,8,8
34867,112,119,-7,7
34868,61,67,-6,6
34869,68,71,-3,3
34870,41,63,-22,22
34871,72,77,-5,5
34872,69,82,-13,13
34873,135,120,15,15
34874,112,108,4,4
34875,63,61,2,2
34876,83,81,2,2
34877,74,77,-3,3
34878,85,92,-7,7
34879,91,81,10,10
34880,150,143,7,7
34881,96,91,5,5
34882,61,85,-24,24
34883,51,75,-24,24
34884,61,67,-6,6
34885,143,153,-10,10
34886,64,71,-7,7
34887,59,64,-5,5
34888,67,81,-14,14
34889,65,91,-26,26
34890,142,126,16,16
34891,66,69,-3,3
34892,73,79,-6,6
34893,107,106,1,1
34894,112,96,16,16
34895,104,103,1,1
34896,46,55,-9,9
34897,83,76,7,7
34898,89,88,1,1
34899,73,67,6,6
34900,59,62,-3,3
34901,59,63,-4,4
34902,112,107,5,5
34903,75,79,-4,4
34904,68,77,-9,9
34905,80,94,-14,14
34906,70,80,-10,10
34907,77,80,-3,3
34908,49,56,-7,7
34909,91,89,2,2
34910,65,64,1,1
34911,77,77,0,0
34912,130,112,18,18
34913,77,84,-7,7
34914,175,166,9,9
34915,103,109,-6,6
34916,79,79,0,0
34917,74,75,-1,1
34918,98,106,-8,8
34919,111,109,2,2
34920,105,119,-14,14
34921,106,106,0,0
34922,43,50,-7,7
34923,91,100,-9,9
34924,88,89,-1,1
34925,121,113,8,8
34926,111,106,5,5
34927,65,72,-7,7
34928,63,61,2,2
34929,91,98,-7,7
34930,70,77,-7,7
34931,117,105,12,12
34932,56,66,-10,10
34933,153,145,8,8
34934,135,130,5,5
34935,66,70,-4,4
34936,97,95,2,2
34937,94,101,-7,7
34938,79,81,-2,2
34939,89,85,4,4
34940,117,109,8,8
34941,50,55,-5,5
34942,172,166,6,6
34943,71,82,-11,11
34944,94,93,1,1
34945,146,140,6,6
34946,57,62,-5,5
34947,91,97,-6,6
34948,44,55,-11,11
34949,124,118,6,6
34950,117,105,12,12
34951,93,88,5,5
34952,100,102,-2,2
34953,167,149,18,18
34954,97,96,1,1
34955,117,110,7,7
34956,142,131,11,11
34957,62,67,-5,5
34958,99,105,-6,6
34959,83,83,0,0
34960,61,73,-12,12
34961,80,86,-6,6
34962,85,82,3,3
34963,102,102,0,0
34964,127,128,-1,1
34965,123,124,-1,1
34966,117,110,7,7
34967,102,112,-10,10
34968,100,97,3,3
34969,105,102,3,3
34970,116,100,16,16
34971,104,109,-5,5
34972,70,73,-3,3
34973,71,76,-5,5
34974,59,73,-14,14
34975,86,83,3,3
34976,121,104,17,17
34977,104,96,8,8
34978,93,88,5,5
34979,78,80,-2,2
34980,124,114,10,10
34981,83,89,-6,6
34982,126,120,6,6
34983,91,90,1,1
34984,89,103,-14,14
34985,79,74,5,5
34986,110,107,3,3
34987,80,80,0,0
34988,116,112,4,4
34989,133,115,18,18
34990,91,105,-14,14
34991,94,87,7,7
34992,160,139,21,21
34993,107,112,-5,5
34994,61,72,-11,11
34995,74,71,3,3
34996,80,81,-1,1
34997,50,62,-12,12
34998,98,98,0,0
34999,47,56,-9,9
35000,63,81,-18,18
35001,92,98,-6,6
35002,97,95,2,2
35003,101,104,-3,3
35004,48,61,-13,13
35005,114,112,2,2
35006,106,102,4,4
35007,98,96,2,2
35008,133,129,4,4
35009,98,86,12,12
35010,41,47,-6,6
35011,85,87,-2,2
35012,102,102,0,0
35013,97,90,7,7
35014,49,58,-9,9
35015,50,61,-11,11
35016,86,89,-3,3
35017,96,104,-8,8
35018,110,97,13,13
35019,95,93,2,2
35020,89,82,7,7
35021,92,90,2,2
35022,109,104,5,5
35023,75,78,-3,3
35024,61,59,2,2
35025,82,92,-10,10
35026,88,94,-6,6
35027,139,133,6,6
35028,67,86,-19,19
35029,106,104,2,2
35030,108,107,1,1
35031,80,89,-9,9
35032,78,85,-7,7
35033,87,89,-2,2
35034,57,63,-6,6
35035,63,67,-4,4
35036,105,91,14,14
35037,129,111,18,18
35038,65,67,-2,2
35039,93,93,0,0
35040,50,56,-6,6
35041,30,47,-17,17
35042,81,78,3,3
35043,55,70,-15,15
35044,76,77,-1,1
35045,135,119,16,16
35046,55,66,-11,11
35047,140,133,7,7
35048,92,84,8,8
35049,124,119,5,5
35050,100,101,-1,1
35051,40,46,-6,6
35052,50,52,-2,2
35053,85,89,-4,4
35054,87,95,-8,8
35055,136,124,12,12
35056,65,70,-5,5
35057,97,76,21,21
35058,80,81,-1,1
35059,99,100,-1,1
35060,69,76,-7,7
35061,97,102,-5,5
35062,65,67,-2,2
35063,67,74,-7,7
35064,108,106,2,2
35065,105,107,-2,2
35066,98,89,9,9
35067,73,75,-2,2
35068,87,87,0,0
35069,80,75,5,5
35070,115,113,2,2
35071,129,111,18,18
35072,62,69,-7,7
35073,141,126,15,15
35074,165,149,16,16
35075,167,151,16,16
35076,128,115,13,13
35077,163,141,22,22
35078,49,69,-20,20
35079,73,83,-10,10
35080,117,155,-38,38
35081,182,157,25,25
35082,91,86,5,5
35083,73,83,-10,10
35084,130,126,4,4
35085,92,92,0,0
35086,164,137,27,27
35087,100,111,-11,11
35088,106,108,-2,2
35089,155,149,6,6
35090,84,87,-3,3
35091,115,116,-1,1
35092,74,80,-6,6
35093,62,63,-1,1
35094,76,80,-4,4
35095,82,90,-8,8
35096,116,106,10,10
35097,84,82,2,2
35098,61,71,-10,10
35099,155,136,19,19
35100,87,138,-51,51
35101,118,117,1,1
35102,126,125,1,1
35103,123,120,3,3
35104,72,81,-9,9
35105,106,106,0,0
35106,119,108,11,11
35107,79,81,-2,2
35108,70,86,-16,16
35109,129,113,16,16
35110,93,84,9,9
35111,98,88,10,10
35112,164,159,5,5
35113,110,111,-1,1
35114,108,106,2,2
35115,79,79,0,0
35116,140,135,5,5
35117,81,88,-7,7
35118,84,94,-10,10
35119,64,65,-1,1
35120,101,102,-1,1
35121,65,74,-9,9
35122,71,82,-11,11
35123,66,71,-5,5
35124,81,84,-3,3
35125,82,97,-15,15
35126,101,106,-5,5
35127,95,97,-2,2
35128,95,101,-6,6
35129,177,163,14,14
35130,148,146,2,2
35131,83,90,-7,7
35132,79,80,-1,1
35133,87,82,5,5
35134,120,114,6,6
35135,140,153,-13,13
35136,117,111,6,6
35137,88,87,1,1
35138,79,74,5,5
35139,89,90,-1,1
35140,83,76,7,7
35141,79,95,-16,16
35142,118,114,4,4
35143,79,86,-7,7
35144,95,92,3,3
35145,62,65,-3,3
35146,67,76,-9,9
35147,63,72,-9,9
35148,99,88,11,11
35149,164,153,11,11
35150,71,65,6,6
35151,49,52,-3,3
35152,88,89,-1,1
35153,93,85,8,8
35154,90,90,0,0
35155,96,84,12,12
35156,91,92,-1,1
35157,41,46,-5,5
35158,94,97,-3,3
35159,58,60,-2,2
35160,87,89,-2,2
35161,100,98,2,2
35162,117,114,3,3
35163,106,101,5,5
35164,65,81,-16,16
35165,126,124,2,2
35166,92,94,-2,2
35167,78,89,-11,11
35168,98,97,1,1
35169,102,116,-14,14
35170,115,102,13,13
35171,93,87,6,6
35172,48,62,-14,14
35173,64,73,-9,9
35174,168,163,5,5
35175,95,86,9,9
35176,125,118,7,7
35177,128,132,-4,4
35178,137,112,25,25
35179,62,60,2,2
35180,76,75,1,1
35181,66,69,-3,3
35182,50,61,-11,11
35183,98,93,5,5
35184,101,107,-6,6
35185,77,82,-5,5
35186,97,100,-3,3
35187,116,106,10,10
35188,118,107,11,11
35189,157,148,9,9
35190,48,59,-11,11
35191,86,89,-3,3
35192,79,96,-17,17
35193,93,86,7,7
35194,58,65,-7,7
35195,65,71,-6,6
35196,203,177,26,26
35197,59,65,-6,6
35198,103,98,5,5
35199,35,40,-5,5
35200,95,101,-6,6
35201,89,91,-2,2
35202,122,110,12,12
35203,97,93,4,4
35204,84,85,-1,1
35205,146,124,22,22
35206,129,115,14,14
35207,76,85,-9,9
35208,79,78,1,1
35209,92,94,-2,2
35210,82,76,6,6
35211,111,102,9,9
35212,88,83,5,5
35213,155,143,12,12
35214,75,73,2,2
35215,109,104,5,5
35216,64,65,-1,1
35217,76,75,1,1
35218,114,115,-1,1
35219,84,80,4,4
35220,90,88,2,2
35221,49,56,-7,7
35222,103,104,-1,1
35223,140,131,9,9
35224,64,69,-5,5
35225,171,162,9,9
35226,89,88,1,1
35227,57,68,-11,11
35228,99,76,23,23
35229,62,71,-9,9
35230,191,161,30,30
35231,108,98,10,10
35232,116,109,7,7
35233,157,138,19,19
35234,98,112,-14,14
35235,167,161,6,6
35236,89,84,5,5
35237,65,73,-8,8
35238,103,103,0,0
35239,107,104,3,3
35240,66,67,-1,1
35241,137,127,10,10
35242,68,69,-1,1
35243,64,62,2,2
35244,137,125,12,12
35245,101,102,-1,1
35246,120,111,9,9
35247,99,105,-6,6
35248,58,68,-10,10
35249,93,98,-5,5
35250,48,71,-23,23
35251,96,112,-16,16
35252,68,74,-6,6
35253,95,98,-3,3
35254,117,107,10,10
35255,61,74,-13,13
35256,122,118,4,4
35257,77,91,-14,14
35258,69,77,-8,8
35259,105,99,6,6
35260,126,125,1,1
35261,67,62,5,5
35262,122,117,5,5
35263,96,90,6,6
35264,188,160,28,28
35265,72,68,4,4
35266,122,111,11,11
35267,53,65,-12,12
35268,49,63,-14,14
35269,131,115,16,16
35270,118,105,13,13
35271,68,66,2,2
35272,84,90,-6,6
35273,80,87,-7,7
35274,95,105,-10,10
35275,54,60,-6,6
35276,80,85,-5,5
35277,55,67,-12,12
35278,50,51,-1,1
35279,141,135,6,6
35280,118,109,9,9
35281,64,72,-8,8
35282,132,115,17,17
35283,81,80,1,1
35284,49,50,-1,1
35285,86,84,2,2
35286,107,104,3,3
35287,123,119,4,4
35288,109,97,12,12
35289,121,114,7,7
35290,89,94,-5,5
35291,57,67,-10,10
35292,123,112,11,11
35293,102,105,-3,3
35294,143,125,18,18
35295,57,61,-4,4
35296,84,81,3,3
35297,73,73,0,0
35298,124,121,3,3
35299,86,80,6,6
35300,128,122,6,6
35301,146,127,19,19
35302,92,86,6,6
35303,68,81,-13,13
35304,88,89,-1,1
35305,147,138,9,9
35306,134,131,3,3
35307,91,96,-5,5
35308,137,128,9,9
35309,130,127,3,3
35310,103,97,6,6
35311,78,89,-11,11
35312,85,79,6,6
35313,57,60,-3,3
35314,159,140,19,19
35315,80,87,-7,7
35316,113,122,-9,9
35317,152,133,19,19
35318,163,145,18,18
35319,137,116,21,21
35320,116,113,3,3
35321,144,133,11,11
35322,61,70,-9,9
35323,158,142,16,16
35324,120,143,-23,23
35325,64,71,-7,7
35326,106,100,6,6
35327,60,68,-8,8
35328,87,94,-7,7
35329,72,72,0,0
35330,92,95,-3,3
35331,164,144,20,20
35332,121,125,-4,4
35333,63,68,-5,5
35334,108,107,1,1
35335,70,72,-2,2
35336,66,75,-9,9
35337,81,127,-46,46
35338,84,85,-1,1
35339,69,75,-6,6
35340,161,153,8,8
35341,73,74,-1,1
35342,62,65,-3,3
35343,66,69,-3,3
35344,80,88,-8,8
35345,110,122,-12,12
35346,145,127,18,18
35347,32,59,-27,27
35348,62,71,-9,9
35349,191,176,15,15
35350,84,86,-2,2
35351,96,93,3,3
35352,87,81,6,6
35353,54,64,-10,10
35354,85,86,-1,1
35355,118,108,10,10
35356,52,53,-1,1
35357,102,86,16,16
35358,66,72,-6,6
35359,151,145,6,6
35360,129,135,-6,6
35361,61,59,2,2
35362,102,108,-6,6
35363,88,94,-6,6
35364,61,73,-12,12
35365,77,86,-9,9
35366,79,80,-1,1
35367,110,102,8,8
35368,96,91,5,5
35369,74,69,5,5
35370,120,117,3,3
35371,134,125,9,9
35372,66,66,0,0
35373,61,63,-2,2
35374,130,119,11,11
35375,60,69,-9,9
35376,66,73,-7,7
35377,115,109,6,6
35378,99,93,6,6
35379,55,58,-3,3
35380,104,97,7,7
35381,104,103,1,1
35382,97,99,-2,2
35383,48,55,-7,7
35384,51,59,-8,8
35385,51,48,3,3
35386,80,84,-4,4
35387,57,60,-3,3
35388,77,62,15,15
35389,128,119,9,9
35390,141,140,1,1
35391,77,80,-3,3
35392,132,124,8,8
35393,110,105,5,5
35394,43,33,10,10
35395,110,115,-5,5
35396,85,78,7,7
35397,92,101,-9,9
35398,49,56,-7,7
35399,69,73,-4,4
35400,64,70,-6,6
35401,82,78,4,4
35402,59,71,-12,12
35403,69,71,-2,2
35404,66,71,-5,5
35405,92,91,1,1
35406,101,89,12,12
35407,62,77,-15,15
35408,126,110,16,16
35409,119,114,5,5
35410,117,105,12,12
35411,162,145,17,17
35412,100,97,3,3
35413,107,112,-5,5
35414,49,62,-13,13
35415,75,79,-4,4
35416,85,84,1,1
35417,87,75,12,12
35418,58,57,1,1
35419,86,107,-21,21
35420,54,62,-8,8
35421,149,140,9,9
35422,99,94,5,5
35423,118,115,3,3
35424,88,90,-2,2
35425,128,139,-11,11
35426,121,117,4,4
35427,62,68,-6,6
35428,32,31,1,1
35429,152,134,18,18
35430,58,63,-5,5
35431,77,87,-10,10
35432,127,110,17,17
35433,109,105,4,4
35434,116,114,2,2
35435,83,85,-2,2
35436,70,85,-15,15
35437,101,90,11,11
35438,70,71,-1,1
35439,117,105,12,12
35440,93,98,-5,5
35441,72,82,-10,10
35442,131,128,3,3
35443,64,73,-9,9
35444,160,146,14,14
35445,86,79,7,7
35446,84,90,-6,6
35447,56,62,-6,6
35448,94,88,6,6
35449,149,133,16,16
35450,128,113,15,15
35451,97,107,-10,10
35452,178,158,20,20
35453,102,96,6,6
35454,53,60,-7,7
35455,124,110,14,14
35456,79,88,-9,9
35457,136,136,0,0
35458,71,85,-14,14
35459,54,56,-2,2
35460,97,88,9,9
35461,72,78,-6,6
35462,169,143,26,26
35463,80,78,2,2
35464,53,66,-13,13
35465,64,63,1,1
35466,52,59,-7,7
35467,38,53,-15,15
35468,78,80,-2,2
35469,160,84,76,76
35470,113,106,7,7
35471,90,96,-6,6
35472,63,64,-1,1
35473,79,80,-1,1
35474,56,63,-7,7
35475,241,223,18,18
35476,68,74,-6,6
35477,145,141,4,4
35478,69,71,-2,2
35479,107,101,6,6
35480,79,85,-6,6
35481,123,121,2,2
35482,97,91,6,6
35483,77,75,2,2
35484,66,132,-66,66
35485,83,84,-1,1
35486,82,87,-5,5
35487,78,81,-3,3
35488,89,84,5,5
35489,76,71,5,5
35490,61,68,-7,7
35491,116,106,10,10
35492,128,132,-4,4
35493,130,126,4,4
35494,46,53,-7,7
35495,105,102,3,3
35496,150,124,26,26
35497,156,147,9,9
35498,69,72,-3,3
35499,89,86,3,3
35500,77,74,3,3
35501,123,119,4,4
35502,97,90,7,7
35503,87,82,5,5
35504,80,82,-2,2
35505,79,85,-6,6
35506,58,71,-13,13
35507,53,56,-3,3
35508,105,109,-4,4
35509,74,84,-10,10
35510,101,103,-2,2
35511,56,61,-5,5
35512,115,108,7,7
35513,141,142,-1,1
35514,116,106,10,10
35515,47,50,-3,3
35516,43,48,-5,5
35517,80,87,-7,7
35518,91,99,-8,8
35519,75,86,-11,11
35520,114,103,11,11
35521,79,83,-4,4
35522,106,101,5,5
35523,69,65,4,4
35524,87,78,9,9
35525,118,122,-4,4
35526,84,87,-3,3
35527,90,94,-4,4
35528,97,89,8,8
35529,57,59,-2,2
35530,132,126,6,6
35531,90,107,-17,17
35532,108,107,1,1
35533,132,117,15,15
35534,76,83,-7,7
35535,38,36,2,2
35536,52,58,-6,6
35537,68,68,0,0
35538,141,137,4,4
35539,90,91,-1,1
35540,72,73,-1,1
35541,74,74,0,0
35542,89,88,1,1
35543,72,73,-1,1
35544,78,64,14,14
35545,67,68,-1,1
35546,94,88,6,6
35547,65,67,-2,2
35548,75,77,-2,2
35549,76,84,-8,8
35550,78,73,5,5
35551,70,79,-9,9
35552,124,111,13,13
35553,123,116,7,7
35554,185,165,20,20
35555,126,106,20,20
35556,104,101,3,3
35557,79,82,-3,3
35558,74,62,12,12
35559,82,83,-1,1
35560,47,57,-10,10
35561,40,46,-6,6
35562,102,103,-1,1
35563,68,78,-10,10
35564,95,102,-7,7
35565,111,103,8,8
35566,74,79,-5,5
35567,63,74,-11,11
35568,118,115,3,3
35569,181,155,26,26
35570,63,70,-7,7
35571,73,74,-1,1
35572,76,82,-6,6
35573,80,82,-2,2
35574,99,100,-1,1
35575,83,90,-7,7
35576,48,55,-7,7
35577,140,122,18,18
35578,101,105,-4,4
35579,76,88,-12,12
35580,84,98,-14,14
35581,95,89,6,6
35582,60,64,-4,4
35583,78,78,0,0
35584,125,120,5,5
35585,90,94,-4,4
35586,99,98,1,1
35587,58,58,0,0
35588,128,124,4,4
35589,67,71,-4,4
35590,96,109,-13,13
35591,96,90,6,6
35592,141,131,10,10
35593,77,86,-9,9
35594,114,101,13,13
35595,86,85,1,1
35596,175,156,19,19
35597,129,121,8,8
35598,50,59,-9,9
35599,70,68,2,2
35600,224,190,34,34
35601,146,134,12,12
35602,81,77,4,4
35603,97,89,8,8
35604,118,122,-4,4
35605,77,67,10,10
35606,73,73,0,0
35607,85,85,0,0
35608,102,101,1,1
35609,130,123,7,7
35610,133,128,5,5
35611,129,120,9,9
35612,80,81,-1,1
35613,93,96,-3,3
35614,91,87,4,4
35615,41,94,-53,53
35616,82,88,-6,6
35617,67,65,2,2
35618,85,86,-1,1
35619,75,83,-8,8
35620,118,118,0,0
35621,118,101,17,17
35622,79,80,-1,1
35623,63,66,-3,3
35624,170,159,11,11
35625,73,80,-7,7
35626,114,89,25,25
35627,154,151,3,3
35628,54,71,-17,17
35629,115,108,7,7
35630,49,119,-70,70
35631,99,101,-2,2
35632,80,78,2,2
35633,152,144,8,8
35634,71,73,-2,2
35635,118,140,-22,22
35636,106,97,9,9
35637,106,113,-7,7
35638,173,149,24,24
35639,89,93,-4,4
35640,65,66,-1,1
35641,93,89,4,4
35642,109,107,2,2
35643,126,127,-1,1
35644,143,152,-9,9
35645,127,126,1,1
35646,114,105,9,9
35647,84,90,-6,6
35648,68,78,-10,10
35649,60,70,-10,10
35650,111,109,2,2
35651,127,131,-4,4
35652,83,80,3,3
35653,98,97,1,1
35654,83,74,9,9
35655,77,78,-1,1
35656,51,57,-6,6
35657,88,88,0,0
35658,48,63,-15,15
35659,147,138,9,9
35660,66,81,-15,15
35661,100,94,6,6
35662,76,80,-4,4
35663,59,68,-9,9
35664,116,109,7,7
35665,61,68,-7,7
35666,155,132,23,23
35667,99,102,-3,3
35668,112,105,7,7
35669,70,61,9,9
35670,79,83,-4,4
35671,96,95,1,1
35672,90,96,-6,6
35673,104,98,6,6
35674,99,94,5,5
35675,81,88,-7,7
35676,134,142,-8,8
35677,126,124,2,2
35678,160,114,46,46
35679,75,80,-5,5
35680,104,107,-3,3
35681,150,130,20,20
35682,120,117,3,3
35683,90,89,1,1
35684,120,109,11,11
35685,142,132,10,10
35686,75,75,0,0
35687,102,87,15,15
35688,162,143,19,19
35689,74,75,-1,1
35690,75,76,-1,1
35691,99,102,-3,3
35692,130,126,4,4
35693,53,56,-3,3
35694,127,128,-1,1
35695,103,90,13,13
35696,94,87,7,7
35697,76,88,-12,12
35698,83,86,-3,3
35699,195,164,31,31
35700,58,74,-16,16
35701,51,70,-19,19
35702,153,138,15,15
35703,190,168,22,22
35704,87,89,-2,2
35705,96,96,0,0
35706,100,90,10,10
35707,74,76,-2,2
35708,67,72,-5,5
35709,124,121,3,3
35710,74,73,1,1
35711,111,100,11,11
35712,93,112,-19,19
35713,107,99,8,8
35714,70,63,7,7
35715,154,142,12,12
35716,125,108,17,17
35717,107,97,10,10
35718,69,86,-17,17
35719,101,101,0,0
35720,95,89,6,6
35721,96,88,8,8
35722,85,85,0,0
35723,70,96,-26,26
35724,68,70,-2,2
35725,61,68,-7,7
35726,155,147,8,8
35727,58,68,-10,10
35728,72,79,-7,7
35729,47,58,-11,11
35730,98,98,0,0
35731,145,128,17,17
35732,52,61,-9,9
35733,120,104,16,16
35734,78,78,0,0
35735,56,66,-10,10
35736,89,94,-5,5
35737,82,87,-5,5
35738,104,105,-1,1
35739,128,133,-5,5
35740,159,131,28,28
35741,79,87,-8,8
35742,109,105,4,4
35743,120,117,3,3
35744,79,93,-14,14
35745,73,66,7,7
35746,64,60,4,4
35747,97,89,8,8
35748,135,111,24,24
35749,81,91,-10,10
35750,91,90,1,1
35751,58,58,0,0
35752,78,66,12,12
35753,77,76,1,1
35754,47,49,-2,2
35755,167,147,20,20
35756,65,87,-22,22
35757,152,141,11,11
35758,159,145,14,14
35759,89,106,-17,17
35760,205,184,21,21
35761,108,101,7,7
35762,101,94,7,7
35763,129,125,4,4
35764,123,116,7,7
35765,90,87,3,3
35766,138,127,11,11
35767,105,95,10,10
35768,93,86,7,7
35769,129,114,15,15
35770,110,97,13,13
35771,86,96,-10,10
35772,72,77,-5,5
35773,122,114,8,8
35774,37,43,-6,6
35775,173,163,10,10
35776,97,87,10,10
35777,45,49,-4,4
35778,97,87,10,10
35779,85,89,-4,4
35780,83,87,-4,4
35781,105,97,8,8
35782,138,129,9,9
35783,98,90,8,8
35784,128,119,9,9
35785,94,86,8,8
35786,131,112,19,19
35787,67,70,-3,3
35788,176,161,15,15
35789,116,112,4,4
35790,116,118,-2,2
35791,80,57,23,23
35792,84,83,1,1
35793,69,75,-6,6
35794,165,153,12,12
35795,55,69,-14,14
35796,123,123,0,0
35797,117,121,-4,4
35798,81,74,7,7
35799,86,84,2,2
35800,185,170,15,15
35801,104,108,-4,4
35802,89,88,1,1
35803,85,84,1,1
35804,156,139,17,17
35805,72,72,0,0
35806,95,79,16,16
35807,86,80,6,6
35808,72,73,-1,1
35809,168,144,24,24
35810,42,49,-7,7
35811,93,96,-3,3
35812,103,93,10,10
35813,83,86,-3,3
35814,137,127,10,10
35815,117,122,-5,5
35816,77,84,-7,7
35817,79,89,-10,10
35818,121,113,8,8
35819,110,118,-8,8
35820,101,94,7,7
35821,88,95,-7,7
35822,91,89,2,2
35823,166,144,22,22
35824,63,62,1,1
35825,92,92,0,0
35826,138,123,15,15
35827,110,112,-2,2
35828,151,144,7,7
35829,121,127,-6,6
35830,73,74,-1,1
35831,77,73,4,4
35832,197,181,16,16
35833,94,80,14,14
35834,67,75,-8,8
35835,147,122,25,25
35836,92,111,-19,19
35837,138,131,7,7
35838,71,83,-12,12
35839,93,89,4,4
35840,115,108,7,7
35841,90,86,4,4
35842,137,127,10,10
35843,136,137,-1,1
35844,63,68,-5,5
35845,68,77,-9,9
35846,105,104,1,1
35847,61,64,-3,3
35848,75,78,-3,3
35849,120,119,1,1
35850,145,140,5,5
35851,106,101,5,5
35852,171,151,20,20
35853,87,90,-3,3
35854,112,101,11,11
35855,75,81,-6,6
35856,84,88,-4,4
35857,55,60,-5,5
35858,57,66,-9,9
35859,71,72,-1,1
35860,150,135,15,15
35861,42,52,-10,10
35862,95,93,2,2
35863,100,101,-1,1
35864,77,73,4,4
35865,134,136,-2,2
35866,100,87,13,13
35867,117,120,-3,3
35868,74,107,-33,33
35869,106,99,7,7
35870,121,111,10,10
35871,115,106,9,9
35872,137,127,10,10
35873,80,85,-5,5
35874,81,90,-9,9
35875,50,60,-10,10
35876,60,71,-11,11
35877,143,121,22,22
35878,80,88,-8,8
35879,72,75,-3,3
35880,74,74,0,0
35881,125,120,5,5
35882,111,98,13,13
35883,99,97,2,2
35884,72,74,-2,2
35885,84,80,4,4
35886,52,54,-2,2
35887,54,59,-5,5
35888,63,68,-5,5
35889,101,97,4,4
35890,65,58,7,7
35891,74,82,-8,8
35892,141,137,4,4
35893,84,84,0,0
35894,156,131,25,25
35895,105,97,8,8
35896,130,120,10,10
35897,74,76,-2,2
35898,97,106,-9,9
35899,111,111,0,0
35900,65,72,-7,7
35901,124,116,8,8
35902,80,80,0,0
35903,93,89,4,4
35904,122,115,7,7
35905,84,94,-10,10
35906,92,95,-3,3
35907,52,79,-27,27
35908,86,91,-5,5
35909,69,78,-9,9
35910,114,106,8,8
35911,68,67,1,1
35912,123,123,0,0
35913,104,118,-14,14
35914,119,107,12,12
35915,123,107,16,16
35916,99,93,6,6
35917,117,126,-9,9
35918,94,99,-5,5
35919,126,121,5,5
35920,148,131,17,17
35921,112,101,11,11
35922,168,161,7,7
35923,81,81,0,0
35924,100,98,2,2
35925,78,84,-6,6
35926,109,104,5,5
35927,120,113,7,7
35928,119,121,-2,2
35929,83,106,-23,23
35930,138,127,11,11
35931,63,72,-9,9
35932,63,62,1,1
35933,88,83,5,5
35934,50,56,-6,6
35935,171,153,18,18
35936,111,97,14,14
35937,154,147,7,7
35938,131,114,17,17
35939,110,100,10,10
35940,74,74,0,0
35941,116,118,-2,2
35942,112,109,3,3
35943,89,89,0,0
35944,109,110,-1,1
35945,68,74,-6,6
35946,77,79,-2,2
35947,69,72,-3,3
35948,54,68,-14,14
35949,74,77,-3,3
35950,140,132,8,8
35951,92,82,10,10
35952,47,60,-13,13
35953,49,64,-15,15
35954,72,77,-5,5
35955,79,84,-5,5
35956,45,57,-12,12
35957,53,62,-9,9
35958,114,116,-2,2
35959,64,71,-7,7
35960,63,62,1,1
35961,113,100,13,13
35962,103,97,6,6
35963,109,102,7,7
35964,94,90,4,4
35965,65,68,-3,3
35966,94,87,7,7
35967,142,139,3,3
35968,38,43,-5,5
35969,91,99,-8,8
35970,86,84,2,2
35971,150,138,12,12
35972,66,72,-6,6
35973,68,71,-3,3
35974,62,63,-1,1
35975,53,56,-3,3
35976,53,58,-5,5
35977,117,112,5,5
35978,89,90,-1,1
35979,96,85,11,11
35980,109,109,0,0
35981,100,99,1,1
35982,132,119,13,13
35983,125,123,2,2
35984,47,51,-4,4
35985,76,93,-17,17
35986,80,82,-2,2
35987,108,125,-17,17
35988,72,79,-7,7
35989,79,81,-2,2
35990,103,99,4,4
35991,93,93,0,0
35992,90,82,8,8
35993,76,77,-1,1
35994,88,86,2,2
35995,70,76,-6,6
35996,162,136,26,26
35997,86,80,6,6
35998,62,67,-5,5
35999,78,78,0,0
36000,51,55,-4,4
36001,131,112,19,19
36002,81,81,0,0
36003,100,101,-1,1
36004,107,105,2,2
36005,71,77,-6,6
36006,99,95,4,4
36007,128,115,13,13
36008,102,105,-3,3
36009,111,119,-8,8
36010,114,113,1,1
36011,145,133,12,12
36012,123,108,15,15
36013,64,67,-3,3
36014,138,133,5,5
36015,120,121,-1,1
36016,96,96,0,0
36017,143,135,8,8
36018,79,81,-2,2
36019,139,141,-2,2
36020,124,115,9,9
36021,76,84,-8,8
36022,67,73,-6,6
36023,65,80,-15,15
36024,62,66,-4,4
36025,184,169,15,15
36026,102,100,2,2
36027,60,70,-10,10
36028,79,88,-9,9
36029,63,69,-6,6
36030,70,62,8,8
36031,91,97,-6,6
36032,68,76,-8,8
36033,86,92,-6,6
36034,97,106,-9,9
36035,78,88,-10,10
36036,110,89,21,21
36037,94,84,10,10
36038,68,83,-15,15
36039,150,136,14,14
36040,81,78,3,3
36041,58,64,-6,6
36042,48,55,-7,7
36043,76,80,-4,4
36044,102,96,6,6
36045,74,79,-5,5
36046,60,68,-8,8
36047,75,85,-10,10
36048,92,88,4,4
36049,62,70,-8,8
36050,91,94,-3,3
36051,93,88,5,5
36052,146,141,5,5
36053,94,89,5,5
36054,88,89,-1,1
36055,124,116,8,8
36056,92,94,-2,2
36057,87,109,-22,22
36058,113,119,-6,6
36059,99,95,4,4
36060,90,87,3,3
36061,95,88,7,7
36062,61,69,-8,8
36063,139,126,13,13
36064,106,114,-8,8
36065,42,53,-11,11
36066,95,98,-3,3
36067,121,124,-3,3
36068,130,134,-4,4
36069,121,122,-1,1
36070,74,77,-3,3
36071,84,85,-1,1
36072,70,72,-2,2
36073,73,80,-7,7
36074,116,104,12,12
36075,120,112,8,8
36076,151,137,14,14
36077,80,86,-6,6
36078,90,95,-5,5
36079,68,74,-6,6
36080,102,97,5,5
36081,180,163,17,17
36082,44,81,-37,37
36083,170,156,14,14
36084,99,89,10,10
36085,130,122,8,8
36086,78,104,-26,26
36087,107,100,7,7
36088,93,101,-8,8
36089,146,139,7,7
36090,97,87,10,10
36091,107,97,10,10
36092,116,108,8,8
36093,81,94,-13,13
36094,84,78,6,6
36095,88,97,-9,9
36096,77,69,8,8
36097,65,71,-6,6
36098,158,142,16,16
36099,76,79,-3,3
36100,56,62,-6,6
36101,119,119,0,0
36102,82,80,2,2
36103,52,64,-12,12
36104,44,57,-13,13
36105,122,108,14,14
36106,92,92,0,0
36107,87,88,-1,1
36108,152,146,6,6
36109,97,98,-1,1
36110,127,115,12,12
36111,61,67,-6,6
36112,58,68,-10,10
36113,94,95,-1,1
36114,123,118,5,5
36115,141,119,22,22
36116,61,72,-11,11
36117,151,160,-9,9
36118,117,113,4,4
36119,88,91,-3,3
36120,71,70,1,1
36121,131,129,2,2
36122,98,90,8,8
36123,54,60,-6,6
36124,133,122,11,11
36125,68,65,3,3
36126,49,62,-13,13
36127,106,102,4,4
36128,144,134,10,10
36129,105,105,0,0
36130,59,55,4,4
36131,65,73,-8,8
36132,136,124,12,12
36133,58,59,-1,1
36134,49,52,-3,3
36135,47,55,-8,8
36136,87,87,0,0
36137,81,88,-7,7
36138,110,100,10,10
36139,119,113,6,6
36140,114,109,5,5
36141,77,76,1,1
36142,114,109,5,5
36143,112,108,4,4
36144,86,105,-19,19
36145,91,93,-2,2
36146,136,122,14,14
36147,52,54,-2,2
36148,85,90,-5,5
36149,97,96,1,1
36150,151,137,14,14
36151,118,106,12,12
36152,156,130,26,26
36153,61,58,3,3
36154,107,102,5,5
36155,173,162,11,11
36156,86,90,-4,4
36157,74,81,-7,7
36158,90,85,5,5
36159,61,71,-10,10
36160,112,113,-1,1
36161,114,106,8,8
36162,86,90,-4,4
36163,115,115,0,0
36164,128,123,5,5
36165,62,68,-6,6
36166,81,86,-5,5
36167,102,103,-1,1
36168,104,104,0,0
36169,70,81,-11,11
36170,85,84,1,1
36171,59,68,-9,9
36172,112,100,12,12
36173,141,142,-1,1
36174,103,118,-15,15
36175,89,91,-2,2
36176,83,82,1,1
36177,54,55,-1,1
36178,70,81,-11,11
36179,75,82,-7,7
36180,124,118,6,6
36181,64,65,-1,1
36182,137,124,13,13
36183,112,121,-9,9
36184,60,74,-14,14
36185,103,106,-3,3
36186,76,76,0,0
36187,100,89,11,11
36188,68,74,-6,6
36189,72,85,-13,13
36190,52,62,-10,10
36191,91,91,0,0
36192,57,60,-3,3
36193,71,61,10,10
36194,99,103,-4,4
36195,117,127,-10,10
36196,179,160,19,19
36197,109,105,4,4
36198,33,38,-5,5
36199,101,101,0,0
36200,105,98,7,7
36201,88,86,2,2
36202,152,150,2,2
36203,88,81,7,7
36204,140,126,14,14
36205,123,106,17,17
36206,129,121,8,8
36207,57,62,-5,5
36208,53,59,-6,6
36209,65,71,-6,6
36210,72,73,-1,1
36211,127,134,-7,7
36212,62,76,-14,14
36213,47,58,-11,11
36214,101,98,3,3
36215,58,55,3,3
36216,90,95,-5,5
36217,71,71,0,0
36218,148,131,17,17
36219,131,119,12,12
36220,173,164,9,9
36221,140,124,16,16
36222,88,88,0,0
36223,105,108,-3,3
36224,129,118,11,11
36225,105,100,5,5
36226,113,121,-8,8
36227,83,91,-8,8
36228,58,63,-5,5
36229,59,67,-8,8
36230,110,88,22,22
36231,106,107,-1,1
36232,95,94,1,1
36233,101,86,15,15
36234,56,67,-11,11
36235,134,130,4,4
36236,118,112,6,6
36237,114,102,12,12
36238,70,73,-3,3
36239,68,73,-5,5
36240,66,76,-10,10
36241,92,88,4,4
36242,113,111,2,2
36243,108,102,6,6
36244,91,96,-5,5
36245,146,140,6,6
36246,114,107,7,7
36247,103,104,-1,1
36248,108,125,-17,17
36249,60,64,-4,4
36250,62,68,-6,6
36251,102,101,1,1
36252,110,112,-2,2
36253,194,161,33,33
36254,53,64,-11,11
36255,102,102,0,0
36256,175,150,25,25
36257,66,65,1,1
36258,108,103,5,5
36259,112,105,7,7
36260,154,138,16,16
36261,121,122,-1,1
36262,66,67,-1,1
36263,84,83,1,1
36264,72,78,-6,6
36265,97,90,7,7
36266,125,117,8,8
36267,53,58,-5,5
36268,56,61,-5,5
36269,139,139,0,0
36270,76,84,-8,8
36271,98,92,6,6
36272,64,69,-5,5
36273,102,99,3,3
36274,63,71,-8,8
36275,125,122,3,3
36276,133,110,23,23
36277,61,66,-5,5
36278,57,63,-6,6
36279,87,86,1,1
36280,65,76,-11,11
36281,45,54,-9,9
36282,105,109,-4,4
36283,123,108,15,15
36284,96,88,8,8
36285,146,141,5,5
36286,65,72,-7,7
36287,93,87,6,6
36288,67,74,-7,7
36289,112,91,21,21
36290,128,116,12,12
36291,78,81,-3,3
36292,73,73,0,0
36293,89,87,2,2
36294,62,66,-4,4
36295,127,128,-1,1
36296,126,112,14,14
36297,80,77,3,3
36298,84,89,-5,5
36299,85,103,-18,18
36300,65,73,-8,8
36301,63,62,1,1
36302,42,54,-12,12
36303,84,83,1,1
36304,73,74,-1,1
36305,50,49,1,1
36306,107,123,-16,16
36307,108,104,4,4
36308,65,72,-7,7
36309,150,122,28,28
36310,101,98,3,3
36311,51,49,2,2
36312,74,82,-8,8
36313,79,79,0,0
36314,117,103,14,14
36315,71,84,-13,13
36316,70,79,-9,9
36317,75,77,-2,2
36318,38,55,-17,17
36319,104,104,0,0
36320,97,95,2,2
36321,117,107,10,10
36322,78,75,3,3
36323,58,76,-18,18
36324,133,127,6,6
36325,51,55,-4,4
36326,117,114,3,3
36327,82,76,6,6
36328,155,141,14,14
36329,102,107,-5,5
36330,137,129,8,8
36331,85,83,2,2
36332,132,129,3,3
36333,35,41,-6,6
36334,72,84,-12,12
36335,119,121,-2,2
36336,90,87,3,3
36337,69,75,-6,6
36338,76,82,-6,6
36339,85,88,-3,3
36340,114,102,12,12
36341,84,109,-25,25
36342,78,80,-2,2
36343,55,67,-12,12
36344,102,104,-2,2
36345,163,136,27,27
36346,69,73,-4,4
36347,126,122,4,4
36348,43,39,4,4
36349,61,61,0,0
36350,54,61,-7,7
36351,109,103,6,6
36352,102,112,-10,10
36353,80,85,-5,5
36354,206,175,31,31
36355,51,56,-5,5
36356,89,79,10,10
36357,72,81,-9,9
36358,127,124,3,3
36359,76,82,-6,6
36360,107,103,4,4
36361,71,73,-2,2
36362,66,67,-1,1
36363,76,76,0,0
36364,184,160,24,24
36365,129,126,3,3
36366,55,61,-6,6
36367,110,110,0,0
36368,75,81,-6,6
36369,61,67,-6,6
36370,136,125,11,11
36371,103,92,11,11
36372,115,119,-4,4
36373,55,60,-5,5
36374,113,106,7,7
36375,89,83,6,6
36376,121,106,15,15
36377,80,91,-11,11
36378,141,128,13,13
36379,150,158,-8,8
36380,90,86,4,4
36381,73,78,-5,5
36382,137,147,-10,10
36383,107,95,12,12
36384,86,86,0,0
36385,112,110,2,2
36386,46,61,-15,15
36387,72,77,-5,5
36388,99,101,-2,2
36389,63,70,-7,7
36390,126,103,23,23
36391,64,63,1,1
36392,90,102,-12,12
36393,59,67,-8,8
36394,66,62,4,4
36395,114,100,14,14
36396,102,96,6,6
36397,77,78,-1,1
36398,90,76,14,14
36399,68,75,-7,7
36400,78,72,6,6
36401,71,74,-3,3
36402,49,56,-7,7
36403,83,80,3,3
36404,112,119,-7,7
36405,102,106,-4,4
36406,134,109,25,25
36407,57,62,-5,5
36408,71,75,-4,4
36409,163,154,9,9
36410,130,118,12,12
36411,123,129,-6,6
36412,117,115,2,2
36413,78,78,0,0
36414,39,51,-12,12
36415,49,58,-9,9
36416,57,60,-3,3
36417,51,62,-11,11
36418,123,110,13,13
36419,92,93,-1,1
36420,93,98,-5,5
36421,77,79,-2,2
36422,197,151,46,46
36423,112,115,-3,3
36424,63,74,-11,11
36425,83,89,-6,6
36426,68,86,-18,18
36427,105,101,4,4
36428,62,75,-13,13
36429,71,72,-1,1
36430,91,88,3,3
36431,85,83,2,2
36432,197,186,11,11
36433,124,110,14,14
36434,119,115,4,4
36435,130,135,-5,5
36436,81,81,0,0
36437,92,93,-1,1
36438,71,75,-4,4
36439,67,67,0,0
36440,99,93,6,6
36441,94,96,-2,2
36442,114,118,-4,4
36443,167,148,19,19
36444,120,106,14,14
36445,125,106,19,19
36446,70,67,3,3
36447,114,106,8,8
36448,95,95,0,0
36449,46,59,-13,13
36450,101,105,-4,4
36451,61,63,-2,2
36452,90,100,-10,10
36453,67,130,-63,63
36454,157,137,20,20
36455,79,76,3,3
36456,105,103,2,2
36457,112,96,16,16
36458,89,94,-5,5
36459,105,103,2,2
36460,124,111,13,13
36461,65,66,-1,1
36462,73,75,-2,2
36463,66,74,-8,8
36464,61,72,-11,11
36465,125,133,-8,8
36466,122,125,-3,3
36467,76,76,0,0
36468,90,96,-6,6
36469,176,147,29,29
36470,62,70,-8,8
36471,139,131,8,8
36472,43,44,-1,1
36473,67,75,-8,8
36474,50,58,-8,8
36475,66,72,-6,6
36476,59,70,-11,11
36477,81,78,3,3
36478,83,79,4,4
36479,92,87,5,5
36480,76,84,-8,8
36481,62,61,1,1
36482,64,80,-16,16
36483,92,100,-8,8
36484,123,118,5,5
36485,84,77,7,7
36486,88,89,-1,1
36487,58,66,-8,8
36488,87,87,0,0
36489,73,77,-4,4
36490,44,63,-19,19
36491,123,115,8,8
36492,76,73,3,3
36493,82,87,-5,5
36494,84,86,-2,2
36495,69,71,-2,2
36496,80,88,-8,8
36497,104,103,1,1
36498,81,83,-2,2
36499,79,86,-7,7
36500,90,106,-16,16
36501,105,104,1,1
36502,140,132,8,8
36503,85,86,-1,1
36504,96,93,3,3
36505,102,102,0,0
36506,81,79,2,2
36507,117,109,8,8
36508,68,68,0,0
36509,79,80,-1,1
36510,143,129,14,14
36511,66,61,5,5
36512,52,60,-8,8
36513,109,98,11,11
36514,40,57,-17,17
36515,140,125,15,15
36516,115,107,8,8
36517,74,88,-14,14
36518,61,72,-11,11
36519,66,74,-8,8
36520,92,78,14,14
36521,48,75,-27,27
36522,116,113,3,3
36523,141,126,15,15
36524,113,105,8,8
36525,89,85,4,4
36526,139,121,18,18
36527,134,129,5,5
36528,152,142,10,10
36529,88,87,1,1
36530,93,93,0,0
36531,161,147,14,14
36532,90,92,-2,2
36533,68,69,-1,1
36534,148,131,17,17
36535,82,82,0,0
36536,96,89,7,7
36537,171,163,8,8
36538,96,105,-9,9
36539,66,70,-4,4
36540,113,105,8,8
36541,78,80,-2,2
36542,82,81,1,1
36543,61,66,-5,5
36544,82,80,2,2
36545,99,106,-7,7
36546,225,175,50,50
36547,81,78,3,3
36548,62,60,2,2
36549,66,72,-6,6
36550,44,63,-19,19
36551,74,85,-11,11
36552,83,83,0,0
36553,109,105,4,4
36554,51,62,-11,11
36555,121,110,11,11
36556,83,75,8,8
36557,81,91,-10,10
36558,53,64,-11,11
36559,73,83,-10,10
36560,109,99,10,10
36561,151,142,9,9
36562,115,110,5,5
36563,122,113,9,9
36564,116,115,1,1
36565,107,102,5,5
36566,109,98,11,11
36567,72,73,-1,1
36568,43,46,-3,3
36569,78,77,1,1
36570,127,114,13,13
36571,50,58,-8,8
36572,96,95,1,1
36573,53,63,-10,10
36574,37,43,-6,6
36575,94,85,9,9
36576,56,69,-13,13
36577,27,35,-8,8
36578,38,53,-15,15
36579,109,110,-1,1
36580,109,106,3,3
36581,70,79,-9,9
36582,60,71,-11,11
36583,82,92,-10,10
36584,67,70,-3,3
36585,67,75,-8,8
36586,78,78,0,0
36587,62,77,-15,15
36588,49,59,-10,10
36589,109,98,11,11
36590,88,93,-5,5
36591,81,94,-13,13
36592,82,88,-6,6
36593,90,87,3,3
36594,79,80,-1,1
36595,97,89,8,8
36596,75,82,-7,7
36597,104,96,8,8
36598,84,91,-7,7
36599,146,135,11,11
36600,62,66,-4,4
36601,104,109,-5,5
36602,106,106,0,0
36603,92,94,-2,2
36604,92,92,0,0
36605,92,95,-3,3
36606,71,74,-3,3
36607,91,94,-3,3
36608,87,85,2,2
36609,79,93,-14,14
36610,86,102,-16,16
36611,128,111,17,17
36612,186,171,15,15
36613,138,124,14,14
36614,89,84,5,5
36615,168,148,20,20
36616,46,54,-8,8
36617,93,90,3,3
36618,72,79,-7,7
36619,110,101,9,9
36620,99,88,11,11
36621,51,54,-3,3
36622,93,95,-2,2
36623,99,95,4,4
36624,126,118,8,8
36625,64,70,-6,6
36626,209,183,26,26
36627,102,101,1,1
36628,98,100,-2,2
36629,79,74,5,5
36630,85,94,-9,9
36631,64,67,-3,3
36632,83,81,2,2
36633,121,102,19,19
36634,111,105,6,6
36635,72,75,-3,3
36636,97,90,7,7
36637,96,86,10,10
36638,64,71,-7,7
36639,128,117,11,11
36640,34,43,-9,9
36641,124,101,23,23
36642,84,79,5,5
36643,132,124,8,8
36644,55,62,-7,7
36645,118,114,4,4
36646,47,54,-7,7
36647,74,76,-2,2
36648,75,74,1,1
36649,93,91,2,2
36650,171,141,30,30
36651,81,85,-4,4
36652,62,70,-8,8
36653,81,78,3,3
36654,83,79,4,4
36655,65,70,-5,5
36656,61,67,-6,6
36657,83,89,-6,6
36658,102,100,2,2
36659,78,80,-2,2
36660,85,84,1,1
36661,122,113,9,9
36662,60,63,-3,3
36663,151,146,5,5
36664,72,79,-7,7
36665,93,91,2,2
36666,99,95,4,4
36667,95,103,-8,8
36668,105,102,3,3
36669,83,73,10,10
36670,128,127,1,1
36671,76,107,-31,31
36672,114,103,11,11
36673,125,126,-1,1
36674,88,88,0,0
36675,117,120,-3,3
36676,54,57,-3,3
36677,102,102,0,0
36678,60,56,4,4
36679,47,65,-18,18
36680,76,76,0,0
36681,53,62,-9,9
36682,83,89,-6,6
36683,148,150,-2,2
36684,101,98,3,3
36685,126,117,9,9
36686,124,181,-57,57
36687,114,110,4,4
36688,74,84,-10,10
36689,83,92,-9,9
36690,109,97,12,12
36691,89,101,-12,12
36692,76,79,-3,3
36693,53,62,-9,9
36694,78,82,-4,4
36695,60,67,-7,7
36696,136,125,11,11
36697,42,61,-19,19
36698,126,114,12,12
36699,99,108,-9,9
36700,96,99,-3,3
36701,45,55,-10,10
36702,77,78,-1,1
36703,167,143,24,24
36704,102,126,-24,24
36705,92,99,-7,7
36706,61,60,1,1
36707,138,125,13,13
36708,117,124,-7,7
36709,127,117,10,10
36710,92,77,15,15
36711,83,86,-3,3
36712,69,73,-4,4
36713,189,163,26,26
36714,89,84,5,5
36715,154,144,10,10
36716,78,83,-5,5
36717,92,91,1,1
36718,151,148,3,3
36719,138,140,-2,2
36720,73,75,-2,2
36721,152,142,10,10
36722,122,116,6,6
36723,71,69,2,2
36724,118,111,7,7
36725,93,84,9,9
36726,104,102,2,2
36727,85,81,4,4
36728,91,90,1,1
36729,50,56,-6,6
36730,102,86,16,16
36731,120,114,6,6
36732,111,102,9,9
36733,71,80,-9,9
36734,57,59,-2,2
36735,161,116,45,45
36736,53,56,-3,3
36737,122,132,-10,10
36738,125,122,3,3
36739,83,85,-2,2
36740,74,83,-9,9
36741,78,81,-3,3
36742,51,58,-7,7
36743,167,136,31,31
36744,78,83,-5,5
36745,207,183,24,24
36746,120,115,5,5
36747,142,138,4,4
36748,71,84,-13,13
36749,144,121,23,23
36750,55,56,-1,1
36751,75,71,4,4
36752,113,118,-5,5
36753,100,108,-8,8
36754,56,67,-11,11
36755,137,119,18,18
36756,92,93,-1,1
36757,142,128,14,14
36758,114,111,3,3
36759,47,55,-8,8
36760,61,63,-2,2
36761,130,117,13,13
36762,68,74,-6,6
36763,72,89,-17,17
36764,39,43,-4,4
36765,116,118,-2,2
36766,135,122,13,13
36767,121,109,12,12
36768,126,116,10,10
36769,115,123,-8,8
36770,92,89,3,3
36771,137,119,18,18
36772,67,71,-4,4
36773,58,61,-3,3
36774,74,79,-5,5
36775,66,64,2,2
36776,70,66,4,4
36777,89,108,-19,19
36778,85,92,-7,7
36779,77,81,-4,4
36780,54,60,-6,6
36781,103,104,-1,1
36782,45,61,-16,16
36783,35,52,-17,17
36784,84,109,-25,25
36785,61,76,-15,15
36786,114,106,8,8
36787,47,58,-11,11
36788,86,86,0,0
36789,92,96,-4,4
36790,61,59,2,2
36791,96,95,1,1
36792,48,53,-5,5
36793,115,124,-9,9
36794,209,175,34,34
36795,89,88,1,1
36796,63,63,0,0
36797,68,71,-3,3
36798,88,99,-11,11
36799,63,74,-11,11
36800,121,125,-4,4
36801,146,154,-8,8
36802,64,68,-4,4
36803,75,78,-3,3
36804,118,125,-7,7
36805,121,121,0,0
36806,87,84,3,3
36807,80,84,-4,4
36808,80,87,-7,7
36809,107,96,11,11
36810,137,129,8,8
36811,96,89,7,7
36812,74,71,3,3
36813,90,80,10,10
36814,70,68,2,2
36815,45,55,-10,10
36816,63,63,0,0
36817,122,113,9,9
36818,80,75,5,5
36819,91,93,-2,2
36820,241,207,34,34
36821,49,59,-10,10
36822,115,122,-7,7
36823,136,105,31,31
36824,87,79,8,8
36825,90,104,-14,14
36826,86,89,-3,3
36827,126,117,9,9
36828,63,80,-17,17
36829,68,68,0,0
36830,83,78,5,5
36831,101,101,0,0
36832,82,109,-27,27
36833,105,109,-4,4
36834,141,139,2,2
36835,67,74,-7,7
36836,29,37,-8,8
36837,96,99,-3,3
36838,69,67,2,2
36839,62,70,-8,8
36840,68,76,-8,8
36841,96,86,10,10
36842,122,125,-3,3
36843,109,111,-2,2
36844,83,82,1,1
36845,127,117,10,10
36846,115,124,-9,9
36847,95,91,4,4
36848,64,64,0,0
36849,80,86,-6,6
36850,285,265,20,20
36851,88,88,0,0
36852,154,118,36,36
36853,163,148,15,15
36854,68,111,-43,43
36855,72,80,-8,8
36856,184,171,13,13
36857,87,82,5,5
36858,58,66,-8,8
36859,110,113,-3,3
36860,62,73,-11,11
36861,53,52,1,1
36862,158,155,3,3
36863,87,105,-18,18
36864,70,82,-12,12
36865,72,77,-5,5
36866,141,121,20,20
36867,94,89,5,5
36868,48,62,-14,14
36869,56,63,-7,7
36870,169,149,20,20
36871,81,103,-22,22
36872,71,72,-1,1
36873,97,88,9,9
36874,73,74,-1,1
36875,90,94,-4,4
36876,122,116,6,6
36877,68,67,1,1
36878,128,115,13,13
36879,68,73,-5,5
36880,128,125,3,3
36881,80,82,-2,2
36882,76,71,5,5
36883,131,136,-5,5
36884,96,96,0,0
36885,118,126,-8,8
36886,112,102,10,10
36887,174,156,18,18
36888,44,45,-1,1
36889,92,96,-4,4
36890,66,70,-4,4
36891,90,94,-4,4
36892,144,133,11,11
36893,110,100,10,10
36894,164,138,26,26
36895,85,84,1,1
36896,87,100,-13,13
36897,126,139,-13,13
36898,70,75,-5,5
36899,111,109,2,2
36900,56,60,-4,4
36901,50,57,-7,7
36902,93,96,-3,3
36903,66,74,-8,8
36904,77,79,-2,2
36905,59,65,-6,6
36906,95,102,-7,7
36907,79,77,2,2
36908,84,83,1,1
36909,81,79,2,2
36910,118,104,14,14
36911,62,64,-2,2
36912,113,110,3,3
36913,89,80,9,9
36914,109,99,10,10
36915,157,143,14,14
36916,144,152,-8,8
36917,113,101,12,12
36918,136,120,16,16
36919,55,50,5,5
36920,100,125,-25,25
36921,127,112,15,15
36922,137,129,8,8
36923,77,74,3,3
36924,75,77,-2,2
36925,96,98,-2,2
36926,183,164,19,19
36927,100,93,7,7
36928,66,64,2,2
36929,87,89,-2,2
36930,76,81,-5,5
36931,79,96,-17,17
36932,84,84,0,0
36933,101,95,6,6
36934,110,111,-1,1
36935,97,96,1,1
36936,55,60,-5,5
36937,94,86,8,8
36938,65,71,-6,6
36939,78,78,0,0
36940,69,68,1,1
36941,171,156,15,15
36942,78,79,-1,1
36943,58,62,-4,4
36944,79,80,-1,1
36945,90,82,8,8
36946,43,41,2,2
36947,80,95,-15,15
36948,121,128,-7,7
36949,186,160,26,26
36950,87,85,2,2
36951,25,28,-3,3
36952,77,85,-8,8
36953,111,110,1,1
36954,60,61,-1,1
36955,70,76,-6,6
36956,145,128,17,17
36957,83,86,-3,3
36958,87,78,9,9
36959,79,80,-1,1
36960,110,107,3,3
36961,70,69,1,1
36962,157,142,15,15
36963,95,90,5,5
36964,62,70,-8,8
36965,83,82,1,1
36966,64,66,-2,2
36967,240,216,24,24
36968,77,81,-4,4
36969,171,148,23,23
36970,111,109,2,2
36971,98,89,9,9
36972,60,61,-1,1
36973,94,91,3,3
36974,117,108,9,9
36975,113,112,1,1
36976,149,154,-5,5
36977,84,85,-1,1
36978,50,61,-11,11
36979,109,119,-10,10
36980,77,88,-11,11
36981,125,118,7,7
36982,74,86,-12,12
36983,80,80,0,0
36984,70,74,-4,4
36985,79,85,-6,6
36986,125,105,20,20
36987,102,86,16,16
36988,72,74,-2,2
36989,99,101,-2,2
36990,73,84,-11,11
36991,104,94,10,10
36992,99,94,5,5
36993,97,88,9,9
36994,135,132,3,3
36995,80,87,-7,7
36996,146,140,6,6
36997,59,67,-8,8
36998,95,95,0,0
36999,159,135,24,24
37000,73,69,4,4
37001,94,96,-2,2
37002,159,132,27,27
37003,178,147,31,31
37004,58,61,-3,3
37005,88,82,6,6
37006,88,91,-3,3
37007,81,90,-9,9
37008,79,76,3,3
37009,54,55,-1,1
37010,88,83,5,5
37011,75,72,3,3
37012,101,90,11,11
37013,89,82,7,7
37014,51,60,-9,9
37015,121,115,6,6
37016,110,112,-2,2
37017,99,88,11,11
37018,63,69,-6,6
37019,113,111,2,2
37020,137,134,3,3
37021,114,120,-6,6
37022,87,81,6,6
37023,176,141,35,35
37024,136,126,10,10
37025,104,102,2,2
37026,131,80,51,51
37027,100,110,-10,10
37028,110,112,-2,2
37029,54,55,-1,1
37030,99,104,-5,5
37031,55,67,-12,12
37032,141,124,17,17
37033,142,133,9,9
37034,125,107,18,18
37035,114,120,-6,6
37036,121,118,3,3
37037,138,123,15,15
37038,66,79,-13,13
37039,108,103,5,5
37040,137,127,10,10
37041,57,61,-4,4
37042,97,101,-4,4
37043,114,103,11,11
37044,124,144,-20,20
37045,66,72,-6,6
37046,51,56,-5,5
37047,162,143,19,19
37048,161,146,15,15
37049,116,109,7,7
37050,111,111,0,0
37051,143,135,8,8
37052,41,56,-15,15
37053,97,87,10,10
37054,49,58,-9,9
37055,156,141,15,15
37056,48,53,-5,5
37057,82,77,5,5
37058,58,58,0,0
37059,81,82,-1,1
37060,81,83,-2,2
37061,68,74,-6,6
37062,120,117,3,3
37063,28,39,-11,11
37064,84,93,-9,9
37065,96,96,0,0
37066,79,82,-3,3
37067,446,364,82,82
37068,132,128,4,4
37069,131,122,9,9
37070,60,73,-13,13
37071,78,75,3,3
37072,113,108,5,5
37073,67,71,-4,4
37074,83,83,0,0
37075,77,75,2,2
37076,82,84,-2,2
37077,60,67,-7,7
37078,112,105,7,7
37079,124,113,11,11
37080,150,128,22,22
37081,87,86,1,1
37082,129,117,12,12
37083,151,138,13,13
37084,36,46,-10,10
37085,100,103,-3,3
37086,57,105,-48,48
37087,108,113,-5,5
37088,78,86,-8,8
37089,72,70,2,2
37090,69,82,-13,13
37091,108,108,0,0
37092,87,84,3,3
37093,51,69,-18,18
37094,48,54,-6,6
37095,98,110,-12,12
37096,31,59,-28,28
37097,140,114,26,26
37098,74,74,0,0
37099,95,102,-7,7
37100,87,87,0,0
37101,120,119,1,1
37102,83,78,5,5
37103,81,95,-14,14
37104,75,79,-4,4
37105,87,89,-2,2
37106,145,138,7,7
37107,98,93,5,5
37108,52,52,0,0
37109,83,85,-2,2
37110,55,74,-19,19
37111,110,113,-3,3
37112,125,126,-1,1
37113,87,79,8,8
37114,101,100,1,1
37115,81,74,7,7
37116,143,136,7,7
37117,218,187,31,31
37118,79,77,2,2
37119,97,90,7,7
37120,58,64,-6,6
37121,116,117,-1,1
37122,76,71,5,5
37123,94,95,-1,1
37124,79,92,-13,13
37125,60,64,-4,4
37126,103,105,-2,2
37127,51,55,-4,4
37128,113,104,9,9
37129,83,101,-18,18
37130,121,119,2,2
37131,87,77,10,10
37132,152,139,13,13
37133,97,89,8,8
37134,169,156,13,13
37135,73,87,-14,14
37136,141,143,-2,2
37137,88,77,11,11
37138,75,158,-83,83
37139,78,77,1,1
37140,114,105,9,9
37141,95,85,10,10
37142,100,107,-7,7
37143,94,95,-1,1
37144,62,70,-8,8
37145,75,101,-26,26
37146,91,95,-4,4
37147,155,130,25,25
37148,82,81,1,1
37149,120,115,5,5
37150,154,136,18,18
37151,45,50,-5,5
37152,69,76,-7,7
37153,70,78,-8,8
37154,129,128,1,1
37155,83,79,4,4
37156,102,94,8,8
37157,34,43,-9,9
37158,84,82,2,2
37159,93,91,2,2
37160,173,149,24,24
37161,81,87,-6,6
37162,112,120,-8,8
37163,141,131,10,10
37164,117,109,8,8
37165,87,94,-7,7
37166,89,104,-15,15
37167,138,135,3,3
37168,77,83,-6,6
37169,71,78,-7,7
37170,108,111,-3,3
37171,84,81,3,3
37172,90,100,-10,10
37173,156,141,15,15
37174,90,92,-2,2
37175,91,91,0,0
37176,64,66,-2,2
37177,66,70,-4,4
37178,59,58,1,1
37179,124,113,11,11
37180,49,50,-1,1
37181,108,109,-1,1
37182,83,84,-1,1
37183,115,101,14,14
37184,59,67,-8,8
37185,51,71,-20,20
37186,90,85,5,5
37187,77,90,-13,13
37188,59,60,-1,1
37189,100,100,0,0
37190,138,125,13,13
37191,237,212,25,25
37192,71,75,-4,4
37193,51,57,-6,6
37194,160,156,4,4
37195,162,128,34,34
37196,121,117,4,4
37197,122,109,13,13
37198,64,64,0,0
37199,78,79,-1,1
37200,107,129,-22,22
37201,102,104,-2,2
37202,74,83,-9,9
37203,90,98,-8,8
37204,65,65,0,0
37205,85,87,-2,2
37206,88,88,0,0
37207,95,97,-2,2
37208,92,94,-2,2
37209,148,125,23,23
37210,89,87,2,2
37211,63,69,-6,6
37212,98,89,9,9
37213,74,74,0,0
37214,69,73,-4,4
37215,58,66,-8,8
37216,148,129,19,19
37217,75,81,-6,6
37218,128,121,7,7
37219,63,75,-12,12
37220,113,97,16,16
37221,88,97,-9,9
37222,68,64,4,4
37223,98,97,1,1
37224,79,81,-2,2
37225,69,77,-8,8
37226,284,246,38,38
37227,76,78,-2,2
37228,98,97,1,1
37229,73,77,-4,4
37230,135,127,8,8
37231,71,70,1,1
37232,85,80,5,5
37233,58,66,-8,8
37234,110,110,0,0
37235,63,66,-3,3
37236,91,90,1,1
37237,72,76,-4,4
37238,111,130,-19,19
37239,75,72,3,3
37240,127,129,-2,2
37241,157,136,21,21
37242,136,133,3,3
37243,66,68,-2,2
37244,53,59,-6,6
37245,76,82,-6,6
37246,76,73,3,3
37247,123,128,-5,5
37248,90,87,3,3
37249,62,67,-5,5
37250,93,110,-17,17
37251,150,131,19,19
37252,114,108,6,6
37253,99,85,14,14
37254,85,82,3,3
37255,68,69,-1,1
37256,54,59,-5,5
37257,64,66,-2,2
37258,126,122,4,4
37259,52,57,-5,5
37260,119,108,11,11
37261,112,106,6,6
37262,257,218,39,39
37263,75,84,-9,9
37264,58,61,-3,3
37265,87,88,-1,1
37266,50,55,-5,5
37267,79,83,-4,4
37268,142,126,16,16
37269,122,123,-1,1
37270,69,71,-2,2
37271,82,80,2,2
37272,83,87,-4,4
37273,87,82,5,5
37274,132,125,7,7
37275,110,117,-7,7
37276,98,85,13,13
37277,93,92,1,1
37278,112,118,-6,6
37279,101,92,9,9
37280,97,102,-5,5
37281,111,114,-3,3
37282,53,58,-5,5
37283,78,98,-20,20
37284,104,100,4,4
37285,86,80,6,6
37286,109,105,4,4
37287,136,124,12,12
37288,113,126,-13,13
37289,53,61,-8,8
37290,85,78,7,7
37291,142,124,18,18
37292,141,131,10,10
37293,87,89,-2,2
37294,79,78,1,1
37295,171,148,23,23
37296,104,106,-2,2
37297,91,118,-27,27
37298,70,71,-1,1
37299,93,100,-7,7
37300,115,113,2,2
37301,49,47,2,2
37302,115,102,13,13
37303,85,81,4,4
37304,96,99,-3,3
37305,112,108,4,4
37306,133,132,1,1
37307,114,106,8,8
37308,78,97,-19,19
37309,158,140,18,18
37310,73,72,1,1
37311,44,51,-7,7
37312,160,150,10,10
37313,114,112,2,2
37314,163,115,48,48
37315,113,106,7,7
37316,92,102,-10,10
37317,35,47,-12,12
37318,135,128,7,7
37319,113,108,5,5
37320,105,97,8,8
37321,79,78,1,1
37322,130,118,12,12
37323,129,125,4,4
37324,81,85,-4,4
37325,71,78,-7,7
37326,233,190,43,43
37327,79,87,-8,8
37328,88,86,2,2
37329,121,123,-2,2
37330,132,118,14,14
37331,179,156,23,23
37332,199,174,25,25
37333,133,123,10,10
37334,127,116,11,11
37335,71,75,-4,4
37336,59,66,-7,7
37337,92,90,2,2
37338,98,98,0,0
37339,93,82,11,11
37340,103,82,21,21
37341,114,120,-6,6
37342,80,83,-3,3
37343,84,85,-1,1
37344,95,89,6,6
37345,141,130,11,11
37346,184,161,23,23
37347,138,112,26,26
37348,59,66,-7,7
37349,172,155,17,17
37350,146,131,15,15
37351,72,77,-5,5
37352,139,138,1,1
37353,108,105,3,3
37354,91,100,-9,9
37355,38,39,-1,1
37356,44,57,-13,13
37357,86,82,4,4
37358,68,78,-10,10
37359,68,66,2,2
37360,100,102,-2,2
37361,135,119,16,16
37362,30,51,-21,21
37363,149,137,12,12
37364,93,92,1,1
37365,132,134,-2,2
37366,61,63,-2,2
37367,104,107,-3,3
37368,119,112,7,7
37369,61,68,-7,7
37370,79,84,-5,5
37371,48,59,-11,11
37372,80,69,11,11
37373,145,161,-16,16
37374,65,76,-11,11
37375,68,70,-2,2
37376,68,72,-4,4
37377,78,86,-8,8
37378,65,66,-1,1
37379,98,93,5,5
37380,102,105,-3,3
37381,115,96,19,19
37382,71,72,-1,1
37383,63,68,-5,5
37384,64,77,-13,13
37385,97,91,6,6
37386,102,94,8,8
37387,101,101,0,0
37388,34,39,-5,5
37389,70,75,-5,5
37390,53,67,-14,14
37391,92,93,-1,1
37392,83,85,-2,2
37393,101,106,-5,5
37394,76,75,1,1
37395,76,81,-5,5
37396,111,105,6,6
37397,49,64,-15,15
37398,55,67,-12,12
37399,115,108,7,7
37400,126,119,7,7
37401,121,106,15,15
37402,145,130,15,15
37403,60,80,-20,20
37404,73,67,6,6
37405,63,71,-8,8
37406,71,75,-4,4
37407,81,80,1,1
37408,98,101,-3,3
37409,138,132,6,6
37410,69,79,-10,10
37411,172,173,-1,1
37412,57,70,-13,13
37413,119,109,10,10
37414,65,72,-7,7
37415,54,61,-7,7
37416,86,97,-11,11
37417,116,115,1,1
37418,145,130,15,15
37419,102,106,-4,4
37420,108,103,5,5
37421,63,68,-5,5
37422,125,114,11,11
37423,90,89,1,1
37424,139,135,4,4
37425,94,95,-1,1
37426,86,88,-2,2
37427,44,61,-17,17
37428,89,96,-7,7
37429,82,81,1,1
37430,114,103,11,11
37431,60,61,-1,1
37432,103,99,4,4
37433,58,57,1,1
37434,108,113,-5,5
37435,140,138,2,2
37436,160,149,11,11
37437,54,61,-7,7
37438,106,100,6,6
37439,140,134,6,6
37440,101,98,3,3
37441,120,115,5,5
37442,118,110,8,8
37443,116,110,6,6
37444,108,105,3,3
37445,205,196,9,9
37446,192,172,20,20
37447,97,95,2,2
37448,59,65,-6,6
37449,60,70,-10,10
37450,51,55,-4,4
37451,48,53,-5,5
37452,118,110,8,8
37453,209,179,30,30
37454,64,72,-8,8
37455,76,85,-9,9
37456,130,123,7,7
37457,83,99,-16,16
37458,69,78,-9,9
37459,66,60,6,6
37460,81,90,-9,9
37461,116,129,-13,13
37462,91,95,-4,4
37463,178,165,13,13
37464,148,154,-6,6
37465,160,152,8,8
37466,116,125,-9,9
37467,87,91,-4,4
37468,93,95,-2,2
37469,71,76,-5,5
37470,121,114,7,7
37471,85,76,9,9
37472,75,79,-4,4
37473,101,102,-1,1
37474,72,75,-3,3
37475,60,66,-6,6
37476,102,92,10,10
37477,111,104,7,7
37478,81,89,-8,8
37479,75,90,-15,15
37480,107,112,-5,5
37481,75,80,-5,5
37482,67,77,-10,10
37483,126,125,1,1
37484,106,107,-1,1
37485,126,121,5,5
37486,104,105,-1,1
37487,65,78,-13,13
37488,92,91,1,1
37489,78,74,4,4
37490,127,121,6,6
37491,88,91,-3,3
37492,35,48,-13,13
37493,87,90,-3,3
37494,53,67,-14,14
37495,108,107,1,1
37496,89,88,1,1
37497,79,74,5,5
37498,79,86,-7,7
37499,138,118,20,20
37500,92,86,6,6
37501,84,84,0,0
37502,65,68,-3,3
37503,74,76,-2,2
37504,147,136,11,11
37505,96,96,0,0
37506,124,118,6,6
37507,84,89,-5,5
37508,118,113,5,5
37509,80,78,2,2
37510,89,98,-9,9
37511,154,149,5,5
37512,96,104,-8,8
37513,73,83,-10,10
37514,218,176,42,42
37515,108,101,7,7
37516,156,143,13,13
37517,56,67,-11,11
37518,105,101,4,4
37519,103,124,-21,21
37520,98,99,-1,1
37521,161,148,13,13
37522,150,126,24,24
37523,50,58,-8,8
37524,99,96,3,3
37525,62,67,-5,5
37526,102,103,-1,1
37527,86,84,2,2
37528,81,80,1,1
37529,51,61,-10,10
37530,100,95,5,5
37531,74,75,-1,1
37532,65,61,4,4
37533,95,93,2,2
37534,99,95,4,4
37535,84,92,-8,8
37536,114,100,14,14
37537,99,88,11,11
37538,58,59,-1,1
37539,49,54,-5,5
37540,119,107,12,12
37541,83,86,-3,3
37542,96,102,-6,6
37543,70,76,-6,6
37544,108,104,4,4
37545,128,110,18,18
37546,75,77,-2,2
37547,72,73,-1,1
37548,88,77,11,11
37549,71,72,-1,1
37550,103,93,10,10
37551,109,102,7,7
37552,77,85,-8,8
37553,74,74,0,0
37554,105,96,9,9
37555,56,50,6,6
37556,95,90,5,5
37557,152,133,19,19
37558,62,67,-5,5
37559,128,119,9,9
37560,108,99,9,9
37561,58,69,-11,11
37562,144,124,20,20
37563,109,102,7,7
37564,66,68,-2,2
37565,114,110,4,4
37566,150,129,21,21
37567,98,90,8,8
37568,151,138,13,13
37569,73,73,0,0
37570,84,80,4,4
37571,126,121,5,5
37572,50,59,-9,9
37573,101,112,-11,11
37574,56,64,-8,8
37575,95,96,-1,1
37576,65,75,-10,10
37577,141,120,21,21
37578,94,91,3,3
37579,67,74,-7,7
37580,55,66,-11,11
37581,65,70,-5,5
37582,52,70,-18,18
37583,95,88,7,7
37584,158,142,16,16
37585,106,40,66,66
37586,101,98,3,3
37587,96,90,6,6
37588,132,132,0,0
37589,91,87,4,4
37590,80,82,-2,2
37591,209,179,30,30
37592,71,81,-10,10
37593,94,104,-10,10
37594,93,85,8,8
37595,103,105,-2,2
37596,69,80,-11,11
37597,190,178,12,12
37598,92,90,2,2
37599,105,94,11,11
37600,69,79,-10,10
37601,54,70,-16,16
37602,59,65,-6,6
37603,82,86,-4,4
37604,84,88,-4,4
37605,30,57,-27,27
37606,150,134,16,16
37607,65,69,-4,4
37608,88,86,2,2
37609,80,78,2,2
37610,174,154,20,20
37611,134,149,-15,15
37612,82,78,4,4
37613,77,74,3,3
37614,65,74,-9,9
37615,49,56,-7,7
37616,95,99,-4,4
37617,67,71,-4,4
37618,69,69,0,0
37619,125,127,-2,2
37620,124,129,-5,5
37621,81,83,-2,2
37622,93,89,4,4
37623,148,121,27,27
37624,158,141,17,17
37625,107,104,3,3
37626,138,123,15,15
37627,106,104,2,2
37628,102,106,-4,4
37629,151,145,6,6
37630,103,107,-4,4
37631,77,77,0,0
37632,139,129,10,10
37633,122,118,4,4
37634,86,80,6,6
37635,85,83,2,2
37636,76,73,3,3
37637,115,103,12,12
37638,137,121,16,16
37639,113,132,-19,19
37640,155,131,24,24
37641,66,79,-13,13
37642,75,76,-1,1
37643,120,119,1,1
37644,116,99,17,17
37645,152,144,8,8
37646,56,63,-7,7
37647,205,174,31,31
37648,96,98,-2,2
37649,101,94,7,7
37650,100,98,2,2
37651,94,88,6,6
37652,130,119,11,11
37653,61,81,-20,20
37654,123,115,8,8
37655,111,117,-6,6
37656,136,138,-2,2
37657,166,144,22,22
37658,85,96,-11,11
37659,99,98,1,1
37660,58,65,-7,7
37661,98,91,7,7
37662,88,77,11,11
37663,164,132,32,32
37664,67,70,-3,3
37665,112,96,16,16
37666,105,101,4,4
37667,151,134,17,17
37668,80,72,8,8
37669,121,124,-3,3
37670,179,142,37,37
37671,151,138,13,13
37672,116,113,3,3
37673,93,88,5,5
37674,96,95,1,1
37675,112,118,-6,6
37676,45,48,-3,3
37677,100,98,2,2
37678,71,82,-11,11
37679,72,70,2,2
37680,124,113,11,11
37681,54,56,-2,2
37682,135,124,11,11
37683,125,113,12,12
37684,125,104,21,21
37685,104,112,-8,8
37686,76,77,-1,1
37687,106,125,-19,19
37688,76,80,-4,4
37689,87,88,-1,1
37690,146,133,13,13
37691,91,82,9,9
37692,72,86,-14,14
37693,149,141,8,8
37694,82,83,-1,1
37695,157,141,16,16
37696,138,123,15,15
37697,122,118,4,4
37698,105,104,1,1
37699,88,82,6,6
37700,157,162,-5,5
37701,108,98,10,10
37702,94,88,6,6
37703,102,105,-3,3
37704,51,68,-17,17
37705,84,86,-2,2
37706,67,82,-15,15
37707,128,115,13,13
37708,130,126,4,4
37709,165,147,18,18
37710,100,113,-13,13
37711,121,125,-4,4
37712,74,82,-8,8
37713,58,58,0,0
37714,88,98,-10,10
37715,105,111,-6,6
37716,116,111,5,5
37717,103,95,8,8
37718,101,101,0,0
37719,108,113,-5,5
37720,75,91,-16,16
37721,106,106,0,0
37722,69,75,-6,6
37723,87,86,1,1
37724,68,82,-14,14
37725,51,59,-8,8
37726,61,68,-7,7
37727,110,107,3,3
37728,104,99,5,5
37729,70,70,0,0
37730,47,60,-13,13
37731,69,86,-17,17
37732,48,63,-15,15
37733,92,89,3,3
37734,116,113,3,3
37735,94,98,-4,4
37736,79,85,-6,6
37737,116,127,-11,11
37738,133,131,2,2
37739,70,76,-6,6
37740,153,141,12,12
37741,41,86,-45,45
37742,73,77,-4,4
37743,109,106,3,3
37744,145,122,23,23
37745,106,108,-2,2
37746,89,84,5,5
37747,69,82,-13,13
37748,73,75,-2,2
37749,61,67,-6,6
37750,127,119,8,8
37751,104,104,0,0
37752,103,101,2,2
37753,107,95,12,12
37754,116,117,-1,1
37755,66,75,-9,9
37756,130,123,7,7
37757,102,95,7,7
37758,102,102,0,0
37759,72,81,-9,9
37760,98,93,5,5
37761,55,62,-7,7
37762,90,99,-9,9
37763,116,109,7,7
37764,64,74,-10,10
37765,113,105,8,8
37766,75,84,-9,9
37767,75,92,-17,17
37768,119,113,6,6
37769,81,74,7,7
37770,74,76,-2,2
37771,156,143,13,13
37772,93,94,-1,1
37773,84,86,-2,2
37774,118,134,-16,16
37775,70,70,0,0
37776,197,183,14,14
37777,57,65,-8,8
37778,41,63,-22,22
37779,110,116,-6,6
37780,94,92,2,2
37781,121,108,13,13
37782,77,80,-3,3
37783,104,84,20,20
37784,98,93,5,5
37785,101,98,3,3
37786,65,79,-14,14
37787,140,125,15,15
37788,113,104,9,9
37789,103,88,15,15
37790,84,77,7,7
37791,75,75,0,0
37792,136,121,15,15
37793,123,117,6,6
37794,117,120,-3,3
37795,107,101,6,6
37796,64,67,-3,3
37797,61,70,-9,9
37798,216,170,46,46
37799,94,96,-2,2
37800,96,99,-3,3
37801,83,102,-19,19
37802,42,50,-8,8
37803,93,101,-8,8
37804,61,69,-8,8
37805,101,81,20,20
37806,118,111,7,7
37807,100,107,-7,7
37808,107,123,-16,16
37809,98,99,-1,1
37810,64,66,-2,2
37811,215,198,17,17
37812,127,120,7,7
37813,91,87,4,4
37814,113,125,-12,12
37815,82,84,-2,2
37816,120,121,-1,1
37817,72,72,0,0
37818,77,93,-16,16
37819,79,87,-8,8
37820,67,74,-7,7
37821,89,92,-3,3
37822,54,61,-7,7
37823,97,102,-5,5
37824,82,83,-1,1
37825,91,101,-10,10
37826,83,77,6,6
37827,54,71,-17,17
37828,116,117,-1,1
37829,80,86,-6,6
37830,75,73,2,2
37831,187,177,10,10
37832,78,88,-10,10
37833,95,100,-5,5
37834,87,88,-1,1
37835,74,82,-8,8
37836,67,70,-3,3
37837,66,65,1,1
37838,78,74,4,4
37839,107,100,7,7
37840,59,57,2,2
37841,92,95,-3,3
37842,41,61,-20,20
37843,130,121,9,9
37844,100,104,-4,4
37845,88,84,4,4
37846,67,68,-1,1
37847,100,90,10,10
37848,99,105,-6,6
37849,69,72,-3,3
37850,115,116,-1,1
37851,116,108,8,8
37852,49,52,-3,3
37853,91,97,-6,6
37854,67,83,-16,16
37855,105,100,5,5
37856,137,132,5,5
37857,72,86,-14,14
37858,61,68,-7,7
37859,86,81,5,5
37860,91,96,-5,5
37861,85,86,-1,1
37862,83,89,-6,6
37863,68,67,1,1
37864,103,95,8,8
37865,106,100,6,6
37866,139,113,26,26
37867,115,116,-1,1
37868,48,58,-10,10
37869,159,154,5,5
37870,61,64,-3,3
37871,113,118,-5,5
37872,101,102,-1,1
37873,77,78,-1,1
37874,134,128,6,6
37875,67,64,3,3
37876,106,101,5,5
37877,57,61,-4,4
37878,95,99,-4,4
37879,93,100,-7,7
37880,95,84,11,11
37881,179,163,16,16
37882,153,162,-9,9
37883,62,74,-12,12
37884,69,74,-5,5
37885,165,155,10,10
37886,180,176,4,4
37887,87,85,2,2
37888,110,109,1,1
37889,116,116,0,0
37890,159,155,4,4
37891,99,103,-4,4
37892,114,112,2,2
37893,102,90,12,12
37894,154,144,10,10
37895,91,90,1,1
37896,124,108,16,16
37897,91,89,2,2
37898,41,51,-10,10
37899,45,51,-6,6
37900,71,88,-17,17
37901,76,81,-5,5
37902,99,106,-7,7
37903,111,104,7,7
37904,97,92,5,5
37905,124,113,11,11
37906,96,101,-5,5
37907,79,81,-2,2
37908,122,126,-4,4
37909,115,102,13,13
37910,89,86,3,3
37911,73,73,0,0
37912,111,109,2,2
37913,89,98,-9,9
37914,138,130,8,8
37915,100,108,-8,8
37916,78,84,-6,6
37917,83,88,-5,5
37918,86,90,-4,4
37919,135,133,2,2
37920,114,110,4,4
37921,56,65,-9,9
37922,149,151,-2,2
37923,81,82,-1,1
37924,79,81,-2,2
37925,103,101,2,2
37926,56,77,-21,21
37927,150,141,9,9
37928,78,79,-1,1
37929,78,82,-4,4
37930,41,50,-9,9
37931,121,105,16,16
37932,123,119,4,4
37933,76,90,-14,14
37934,103,101,2,2
37935,35,61,-26,26
37936,124,116,8,8
37937,55,67,-12,12
37938,88,86,2,2
37939,90,89,1,1
37940,120,95,25,25
37941,71,77,-6,6
37942,79,85,-6,6
37943,62,73,-11,11
37944,86,87,-1,1
37945,64,69,-5,5
37946,131,138,-7,7
37947,146,132,14,14
37948,86,83,3,3
37949,98,93,5,5
37950,183,152,31,31
37951,91,91,0,0
37952,77,75,2,2
37953,142,135,7,7
37954,79,81,-2,2
37955,41,44,-3,3
37956,105,105,0,0
37957,197,178,19,19
37958,115,111,4,4
37959,71,72,-1,1
37960,140,139,1,1
37961,130,123,7,7
37962,83,81,2,2
37963,108,120,-12,12
37964,67,68,-1,1
37965,70,86,-16,16
37966,93,94,-1,1
37967,64,72,-8,8
37968,98,114,-16,16
37969,115,112,3,3
37970,62,66,-4,4
37971,88,89,-1,1
37972,61,67,-6,6
37973,198,174,24,24
37974,101,107,-6,6
37975,66,66,0,0
37976,31,35,-4,4
37977,94,89,5,5
37978,93,104,-11,11
37979,117,148,-31,31
37980,99,101,-2,2
37981,36,44,-8,8
37982,76,79,-3,3
37983,67,78,-11,11
37984,78,88,-10,10
37985,50,58,-8,8
37986,55,53,2,2
37987,92,95,-3,3
37988,94,88,6,6
37989,137,133,4,4
37990,102,102,0,0
37991,113,106,7,7
37992,89,82,7,7
37993,124,127,-3,3
37994,82,82,0,0
37995,60,71,-11,11
37996,125,109,16,16
37997,78,90,-12,12
37998,143,131,12,12
37999,142,136,6,6
38000,106,95,11,11
38001,124,112,12,12
38002,52,64,-12,12
38003,97,115,-18,18
38004,80,78,2,2
38005,107,113,-6,6
38006,141,132,9,9
38007,57,64,-7,7
38008,89,81,8,8
38009,104,111,-7,7
38010,154,138,16,16
38011,76,88,-12,12
38012,95,83,12,12
38013,179,153,26,26
38014,64,82,-18,18
38015,119,108,11,11
38016,108,117,-9,9
38017,114,109,5,5
38018,92,90,2,2
38019,109,103,6,6
38020,139,137,2,2
38021,130,126,4,4
38022,112,103,9,9
38023,123,110,13,13
38024,125,116,9,9
38025,66,65,1,1
38026,77,90,-13,13
38027,87,88,-1,1
38028,97,104,-7,7
38029,56,56,0,0
38030,146,129,17,17
38031,71,73,-2,2
38032,176,156,20,20
38033,96,89,7,7
38034,105,98,7,7
38035,127,124,3,3
38036,82,84,-2,2
38037,137,143,-6,6
38038,120,116,4,4
38039,82,82,0,0
38040,73,73,0,0
38041,78,74,4,4
38042,83,86,-3,3
38043,83,84,-1,1
38044,74,78,-4,4
38045,81,84,-3,3
38046,178,150,28,28
38047,96,108,-12,12
38048,48,59,-11,11
38049,74,84,-10,10
38050,143,127,16,16
38051,94,89,5,5
38052,142,135,7,7
38053,144,141,3,3
38054,114,112,2,2
38055,91,95,-4,4
38056,127,123,4,4
38057,65,77,-12,12
38058,152,138,14,14
38059,106,104,2,2
38060,140,127,13,13
38061,96,102,-6,6
38062,72,105,-33,33
38063,71,46,25,25
38064,116,110,6,6
38065,156,141,15,15
38066,57,57,0,0
38067,24,34,-10,10
38068,122,113,9,9
38069,118,106,12,12
38070,96,97,-1,1
38071,86,84,2,2
38072,163,149,14,14
38073,60,72,-12,12
38074,80,76,4,4
38075,78,79,-1,1
38076,82,82,0,0
38077,113,103,10,10
38078,104,110,-6,6
38079,154,165,-11,11
38080,34,48,-14,14
38081,111,111,0,0
38082,103,101,2,2
38083,88,89,-1,1
38084,112,115,-3,3
38085,115,110,5,5
38086,60,57,3,3
38087,150,138,12,12
38088,116,112,4,4
38089,80,79,1,1
38090,112,104,8,8
38091,116,114,2,2
38092,83,89,-6,6
38093,161,141,20,20
38094,65,75,-10,10
38095,74,80,-6,6
38096,72,65,7,7
38097,185,155,30,30
38098,89,76,13,13
38099,90,88,2,2
38100,175,155,20,20
38101,96,88,8,8
38102,96,92,4,4
38103,111,112,-1,1
38104,46,54,-8,8
38105,105,115,-10,10
38106,69,76,-7,7
38107,117,110,7,7
38108,91,90,1,1
38109,70,79,-9,9
38110,150,130,20,20
38111,122,121,1,1
38112,98,105,-7,7
38113,100,91,9,9
38114,160,133,27,27
38115,139,130,9,9
38116,170,152,18,18
38117,79,86,-7,7
38118,132,122,10,10
38119,121,119,2,2
38120,118,117,1,1
38121,102,89,13,13
38122,98,94,4,4
38123,115,121,-6,6
38124,159,145,14,14
38125,92,92,0,0
38126,41,62,-21,21
38127,84,87,-3,3
38128,132,133,-1,1
38129,109,96,13,13
38130,78,88,-10,10
38131,114,105,9,9
38132,121,110,11,11
38133,93,87,6,6
38134,115,112,3,3
38135,44,51,-7,7
38136,74,78,-4,4
38137,49,52,-3,3
38138,165,150,15,15
38139,83,79,4,4
38140,158,142,16,16
38141,101,92,9,9
38142,118,113,5,5
38143,94,89,5,5
38144,117,129,-12,12
38145,109,106,3,3
38146,73,88,-15,15
38147,76,83,-7,7
38148,138,128,10,10
38149,113,104,9,9
38150,96,99,-3,3
38151,73,80,-7,7
38152,112,103,9,9
38153,63,71,-8,8
38154,104,95,9,9
38155,82,91,-9,9
38156,54,65,-11,11
38157,84,84,0,0
38158,133,132,1,1
38159,101,103,-2,2
38160,108,111,-3,3
38161,83,79,4,4
38162,78,86,-8,8
38163,82,80,2,2
38164,76,82,-6,6
38165,90,87,3,3
38166,105,106,-1,1
38167,61,64,-3,3
38168,102,111,-9,9
38169,104,117,-13,13
38170,72,77,-5,5
38171,74,70,4,4
38172,92,98,-6,6
38173,85,84,1,1
38174,99,98,1,1
38175,111,119,-8,8
38176,67,77,-10,10
38177,76,77,-1,1
38178,113,101,12,12
38179,107,100,7,7
38180,117,111,6,6
38181,116,117,-1,1
38182,97,95,2,2
38183,125,120,5,5
38184,112,114,-2,2
38185,71,82,-11,11
38186,115,112,3,3
38187,59,82,-23,23
38188,97,94,3,3
38189,124,112,12,12
38190,45,55,-10,10
38191,87,88,-1,1
38192,103,122,-19,19
38193,64,69,-5,5
38194,100,95,5,5
38195,97,83,14,14
38196,121,113,8,8
38197,111,118,-7,7
38198,74,75,-1,1
38199,118,142,-24,24
38200,91,88,3,3
38201,89,89,0,0
38202,105,87,18,18
38203,79,85,-6,6
38204,68,76,-8,8
38205,125,124,1,1
38206,87,85,2,2
38207,123,109,14,14
38208,93,95,-2,2
38209,100,92,8,8
38210,64,62,2,2
38211,108,99,9,9
38212,68,61,7,7
38213,86,90,-4,4
38214,107,97,10,10
38215,73,78,-5,5
38216,128,129,-1,1
38217,119,110,9,9
38218,54,51,3,3
38219,72,74,-2,2
38220,73,80,-7,7
38221,159,144,15,15
38222,83,87,-4,4
38223,97,96,1,1
38224,131,124,7,7
38225,69,74,-5,5
38226,86,79,7,7
38227,119,118,1,1
38228,100,94,6,6
38229,102,104,-2,2
38230,67,67,0,0
38231,53,65,-12,12
38232,85,93,-8,8
38233,168,151,17,17
38234,61,54,7,7
38235,77,75,2,2
38236,85,92,-7,7
38237,69,71,-2,2
38238,124,116,8,8
38239,89,86,3,3
38240,148,141,7,7
38241,143,127,16,16
38242,57,80,-23,23
38243,144,131,13,13
38244,66,71,-5,5
38245,83,97,-14,14
38246,120,118,2,2
38247,131,125,6,6
38248,51,58,-7,7
38249,77,65,12,12
38250,62,70,-8,8
38251,125,129,-4,4
38252,87,86,1,1
38253,89,87,2,2
38254,162,147,15,15
38255,109,109,0,0
38256,126,126,0,0
38257,87,94,-7,7
38258,87,97,-10,10
38259,116,111,5,5
38260,51,60,-9,9
38261,65,63,2,2
38262,95,91,4,4
38263,86,78,8,8
38264,98,103,-5,5
38265,74,76,-2,2
38266,87,119,-32,32
38267,113,108,5,5
38268,70,90,-20,20
38269,119,111,8,8
38270,180,160,20,20
38271,94,83,11,11
38272,67,77,-10,10
38273,85,86,-1,1
38274,147,145,2,2
38275,79,71,8,8
38276,76,79,-3,3
38277,60,58,2,2
38278,55,63,-8,8
38279,95,96,-1,1
38280,127,113,14,14
38281,100,99,1,1
38282,85,86,-1,1
38283,127,119,8,8
38284,101,89,12,12
38285,70,73,-3,3
38286,102,97,5,5
38287,73,78,-5,5
38288,107,106,1,1
38289,129,127,2,2
38290,114,107,7,7
38291,45,62,-17,17
38292,52,54,-2,2
38293,69,74,-5,5
38294,71,76,-5,5
38295,65,70,-5,5
38296,211,169,42,42
38297,113,127,-14,14
38298,97,93,4,4
38299,60,73,-13,13
38300,184,147,37,37
38301,106,103,3,3
38302,121,116,5,5
38303,112,114,-2,2
38304,137,133,4,4
38305,104,103,1,1
38306,124,125,-1,1
38307,72,72,0,0
38308,116,106,10,10
38309,76,77,-1,1
38310,99,104,-5,5
38311,75,79,-4,4
38312,81,82,-1,1
38313,69,73,-4,4
38314,72,80,-8,8
38315,87,80,7,7
38316,93,90,3,3
38317,136,127,9,9
38318,101,94,7,7
38319,89,87,2,2
38320,112,108,4,4
38321,65,70,-5,5
38322,118,106,12,12
38323,92,86,6,6
38324,80,87,-7,7
38325,98,94,4,4
38326,70,72,-2,2
38327,127,117,10,10
38328,149,127,22,22
38329,70,70,0,0
38330,139,138,1,1
38331,82,84,-2,2
38332,91,95,-4,4
38333,39,48,-9,9
38334,82,97,-15,15
38335,105,103,2,2
38336,147,141,6,6
38337,104,112,-8,8
38338,117,100,17,17
38339,91,105,-14,14
38340,90,94,-4,4
38341,104,95,9,9
38342,47,57,-10,10
38343,56,65,-9,9
38344,110,109,1,1
38345,43,60,-17,17
38346,120,109,11,11
38347,70,75,-5,5
38348,75,82,-7,7
38349,77,81,-4,4
38350,72,73,-1,1
38351,105,99,6,6
38352,218,185,33,33
38353,56,65,-9,9
38354,100,103,-3,3
38355,123,132,-9,9
38356,130,119,11,11
38357,63,65,-2,2
38358,89,91,-2,2
38359,60,73,-13,13
38360,65,78,-13,13
38361,118,114,4,4
38362,86,91,-5,5
38363,166,159,7,7
38364,106,105,1,1
38365,58,69,-11,11
38366,141,124,17,17
38367,96,92,4,4
38368,106,96,10,10
38369,110,115,-5,5
38370,64,65,-1,1
38371,83,84,-1,1
38372,92,106,-14,14
38373,70,71,-1,1
38374,122,123,-1,1
38375,86,89,-3,3
38376,105,94,11,11
38377,99,104,-5,5
38378,57,55,2,2
38379,79,80,-1,1
38380,59,62,-3,3
38381,70,76,-6,6
38382,104,97,7,7
38383,86,89,-3,3
38384,112,117,-5,5
38385,102,104,-2,2
38386,63,69,-6,6
38387,118,111,7,7
38388,63,64,-1,1
38389,104,122,-18,18
38390,86,92,-6,6
38391,167,150,17,17
38392,164,151,13,13
38393,85,88,-3,3
38394,111,112,-1,1
38395,121,111,10,10
38396,94,89,5,5
38397,77,87,-10,10
38398,35,38,-3,3
38399,95,91,4,4
38400,133,130,3,3
38401,85,86,-1,1
38402,67,63,4,4
38403,114,112,2,2
38404,157,142,15,15
38405,157,141,16,16
38406,94,103,-9,9
38407,54,69,-15,15
38408,64,65,-1,1
38409,109,103,6,6
38410,71,75,-4,4
38411,73,80,-7,7
38412,76,84,-8,8
38413,130,115,15,15
38414,79,78,1,1
38415,142,146,-4,4
38416,89,85,4,4
38417,105,107,-2,2
38418,78,88,-10,10
38419,64,67,-3,3
38420,63,72,-9,9
38421,89,89,0,0
38422,171,159,12,12
38423,111,102,9,9
38424,86,77,9,9
38425,102,97,5,5
38426,61,71,-10,10
38427,85,88,-3,3
38428,134,117,17,17
38429,81,84,-3,3
38430,142,135,7,7
38431,80,77,3,3
38432,83,84,-1,1
38433,121,112,9,9
38434,67,60,7,7
38435,100,113,-13,13
38436,129,125,4,4
38437,102,110,-8,8
38438,126,120,6,6
38439,98,95,3,3
38440,63,63,0,0
38441,72,77,-5,5
38442,88,95,-7,7
38443,64,72,-8,8
38444,107,115,-8,8
38445,89,81,8,8
38446,93,93,0,0
38447,146,135,11,11
38448,101,105,-4,4
38449,87,86,1,1
38450,97,96,1,1
38451,78,67,11,11
38452,130,112,18,18
38453,85,78,7,7
38454,77,75,2,2
38455,44,54,-10,10
38456,96,92,4,4
38457,89,84,5,5
38458,117,115,2,2
38459,41,45,-4,4
38460,113,112,1,1
38461,103,87,16,16
38462,161,142,19,19
38463,196,177,19,19
38464,64,60,4,4
38465,82,78,4,4
38466,66,93,-27,27
38467,80,76,4,4
38468,54,64,-10,10
38469,104,106,-2,2
38470,55,57,-2,2
38471,57,62,-5,5
38472,49,59,-10,10
38473,70,74,-4,4
38474,74,82,-8,8
38475,33,43,-10,10
38476,83,89,-6,6
38477,89,89,0,0
38478,102,94,8,8
38479,156,157,-1,1
38480,36,56,-20,20
38481,62,63,-1,1
38482,102,95,7,7
38483,87,97,-10,10
38484,50,54,-4,4
38485,89,95,-6,6
38486,100,94,6,6
38487,98,86,12,12
38488,56,64,-8,8
38489,75,72,3,3
38490,98,85,13,13
38491,117,107,10,10
38492,235,197,38,38
38493,54,59,-5,5
38494,68,66,2,2
38495,116,120,-4,4
38496,32,36,-4,4
38497,55,58,-3,3
38498,82,82,0,0
38499,119,115,4,4
38500,183,174,9,9
38501,112,86,26,26
38502,57,73,-16,16
38503,120,115,5,5
38504,77,85,-8,8
38505,68,79,-11,11
38506,126,116,10,10
38507,68,66,2,2
38508,103,92,11,11
38509,110,114,-4,4
38510,122,105,17,17
38511,100,111,-11,11
38512,74,75,-1,1
38513,185,151,34,34
38514,118,125,-7,7
38515,41,53,-12,12
38516,91,93,-2,2
38517,83,78,5,5
38518,79,83,-4,4
38519,82,74,8,8
38520,84,94,-10,10
38521,70,67,3,3
38522,97,101,-4,4
38523,99,99,0,0
38524,108,105,3,3
38525,85,84,1,1
38526,132,124,8,8
38527,99,95,4,4
38528,62,59,3,3
38529,80,84,-4,4
38530,96,88,8,8
38531,98,89,9,9
38532,109,108,1,1
38533,124,124,0,0
38534,101,110,-9,9
38535,118,119,-1,1
38536,57,61,-4,4
38537,79,86,-7,7
38538,86,92,-6,6
38539,77,80,-3,3
38540,132,116,16,16
38541,74,66,8,8
38542,108,104,4,4
38543,137,121,16,16
38544,102,102,0,0
38545,150,136,14,14
38546,51,57,-6,6
38547,77,76,1,1
38548,59,57,2,2
38549,42,43,-1,1
38550,141,136,5,5
38551,132,120,12,12
38552,67,67,0,0
38553,108,103,5,5
38554,144,142,2,2
38555,69,74,-5,5
38556,85,83,2,2
38557,64,65,-1,1
38558,65,69,-4,4
38559,221,200,21,21
38560,70,76,-6,6
38561,56,60,-4,4
38562,62,70,-8,8
38563,88,101,-13,13
38564,108,113,-5,5
38565,178,154,24,24
38566,74,74,0,0
38567,85,94,-9,9
38568,61,71,-10,10
38569,111,78,33,33
38570,103,110,-7,7
38571,110,107,3,3
38572,74,75,-1,1
38573,172,161,11,11
38574,87,99,-12,12
38575,141,141,0,0
38576,86,83,3,3
38577,89,101,-12,12
38578,106,89,17,17
38579,103,99,4,4
38580,115,100,15,15
38581,61,59,2,2
38582,102,101,1,1
38583,64,69,-5,5
38584,121,111,10,10
38585,61,71,-10,10
38586,75,72,3,3
38587,43,44,-1,1
38588,84,85,-1,1
38589,118,111,7,7
38590,50,50,0,0
38591,81,75,6,6
38592,160,147,13,13
38593,121,108,13,13
38594,77,84,-7,7
38595,124,119,5,5
38596,140,128,12,12
38597,56,64,-8,8
38598,92,85,7,7
38599,99,95,4,4
38600,169,154,15,15
38601,102,112,-10,10
38602,149,140,9,9
38603,161,160,1,1
38604,73,80,-7,7
38605,81,84,-3,3
38606,76,78,-2,2
38607,131,119,12,12
38608,155,149,6,6
38609,87,90,-3,3
38610,62,66,-4,4
38611,87,78,9,9
38612,78,87,-9,9
38613,74,76,-2,2
38614,49,77,-28,28
38615,92,89,3,3
38616,133,125,8,8
38617,149,137,12,12
38618,120,119,1,1
38619,89,83,6,6
38620,102,98,4,4
38621,62,60,2,2
38622,57,49,8,8
38623,43,64,-21,21
38624,72,75,-3,3
38625,58,67,-9,9
38626,66,66,0,0
38627,73,78,-5,5
38628,112,96,16,16
38629,158,138,20,20
38630,70,82,-12,12
38631,136,127,9,9
38632,85,81,4,4
38633,37,54,-17,17
38634,87,92,-5,5
38635,130,132,-2,2
38636,88,90,-2,2
38637,57,66,-9,9
38638,117,112,5,5
38639,105,101,4,4
38640,75,82,-7,7
38641,153,146,7,7
38642,90,96,-6,6
38643,130,114,16,16
38644,86,88,-2,2
38645,124,127,-3,3
38646,83,84,-1,1
38647,145,122,23,23
38648,77,82,-5,5
38649,64,68,-4,4
38650,129,124,5,5
38651,109,111,-2,2
38652,94,88,6,6
38653,84,83,1,1
38654,64,69,-5,5
38655,90,90,0,0
38656,171,156,15,15
38657,93,97,-4,4
38658,121,122,-1,1
38659,72,82,-10,10
38660,72,84,-12,12
38661,85,88,-3,3
38662,86,80,6,6
38663,93,99,-6,6
38664,94,82,12,12
38665,118,119,-1,1
38666,72,68,4,4
38667,64,68,-4,4
38668,127,110,17,17
38669,64,65,-1,1
38670,75,79,-4,4
38671,57,67,-10,10
38672,61,66,-5,5
38673,74,90,-16,16
38674,53,73,-20,20
38675,80,84,-4,4
38676,83,83,0,0
38677,124,116,8,8
38678,81,89,-8,8
38679,84,95,-11,11
38680,128,115,13,13
38681,93,92,1,1
38682,79,85,-6,6
38683,81,99,-18,18
38684,81,83,-2,2
38685,104,106,-2,2
38686,82,82,0,0
38687,84,74,10,10
38688,71,76,-5,5
38689,62,68,-6,6
38690,66,73,-7,7
38691,63,66,-3,3
38692,77,87,-10,10
38693,56,64,-8,8
38694,155,140,15,15
38695,143,129,14,14
38696,75,76,-1,1
38697,92,102,-10,10
38698,108,101,7,7
38699,105,102,3,3
38700,63,66,-3,3
38701,117,116,1,1
38702,123,108,15,15
38703,69,73,-4,4
38704,119,126,-7,7
38705,92,105,-13,13
38706,94,87,7,7
38707,80,83,-3,3
38708,101,94,7,7
38709,150,140,10,10
38710,92,85,7,7
38711,97,95,2,2
38712,100,97,3,3
38713,74,89,-15,15
38714,157,147,10,10
38715,65,76,-11,11
38716,97,95,2,2
38717,79,79,0,0
38718,86,85,1,1
38719,91,85,6,6
38720,51,56,-5,5
38721,110,111,-1,1
38722,106,108,-2,2
38723,50,59,-9,9
38724,76,74,2,2
38725,126,118,8,8
38726,73,74,-1,1
38727,80,84,-4,4
38728,90,83,7,7
38729,94,83,11,11
38730,99,96,3,3
38731,140,123,17,17
38732,92,91,1,1
38733,96,98,-2,2
38734,107,103,4,4
38735,120,107,13,13
38736,141,128,13,13
38737,58,67,-9,9
38738,99,99,0,0
38739,75,76,-1,1
38740,118,104,14,14
38741,93,93,0,0
38742,104,95,9,9
38743,81,85,-4,4
38744,107,102,5,5
38745,91,108,-17,17
38746,87,89,-2,2
38747,53,60,-7,7
38748,147,137,10,10
38749,108,97,11,11
38750,76,75,1,1
38751,59,62,-3,3
38752,85,94,-9,9
38753,82,85,-3,3
38754,57,67,-10,10
38755,37,51,-14,14
38756,129,125,4,4
38757,57,58,-1,1
38758,67,72,-5,5
38759,76,74,2,2
38760,85,82,3,3
38761,130,118,12,12
38762,106,103,3,3
38763,104,112,-8,8
38764,88,89,-1,1
38765,65,72,-7,7
38766,75,77,-2,2
38767,145,132,13,13
38768,149,136,13,13
38769,44,54,-10,10
38770,69,69,0,0
38771,93,92,1,1
38772,78,79,-1,1
38773,63,71,-8,8
38774,78,86,-8,8
38775,85,83,2,2
38776,55,57,-2,2
38777,73,92,-19,19
38778,107,108,-1,1
38779,131,120,11,11
38780,87,88,-1,1
38781,40,59,-19,19
38782,139,116,23,23
38783,85,94,-9,9
38784,163,160,3,3
38785,64,73,-9,9
38786,193,174,19,19
38787,86,95,-9,9
38788,98,96,2,2
38789,51,66,-15,15
38790,128,122,6,6
38791,141,123,18,18
38792,84,82,2,2
38793,142,134,8,8
38794,59,68,-9,9
38795,108,100,8,8
38796,39,50,-11,11
38797,156,144,12,12
38798,107,111,-4,4
38799,99,107,-8,8
38800,166,150,16,16
38801,85,84,1,1
38802,84,87,-3,3
38803,98,95,3,3
38804,76,72,4,4
38805,138,125,13,13
38806,93,88,5,5
38807,182,151,31,31
38808,149,128,21,21
38809,132,111,21,21
38810,127,116,11,11
38811,70,74,-4,4
38812,57,61,-4,4
38813,176,175,1,1
38814,68,72,-4,4
38815,46,51,-5,5
38816,66,71,-5,5
38817,113,116,-3,3
38818,135,130,5,5
38819,48,52,-4,4
38820,135,129,6,6
38821,70,75,-5,5
38822,91,93,-2,2
38823,125,115,10,10
38824,109,96,13,13
38825,53,60,-7,7
38826,91,86,5,5
38827,70,73,-3,3
38828,65,72,-7,7
38829,125,111,14,14
38830,72,79,-7,7
38831,103,103,0,0
38832,103,86,17,17
38833,101,80,21,21
38834,117,120,-3,3
38835,63,62,1,1
38836,164,154,10,10
38837,57,70,-13,13
38838,120,117,3,3
38839,133,124,9,9
38840,83,88,-5,5
38841,64,72,-8,8
38842,102,96,6,6
38843,70,68,2,2
38844,124,126,-2,2
38845,106,97,9,9
38846,156,142,14,14
38847,67,72,-5,5
38848,147,141,6,6
38849,113,115,-2,2
38850,121,117,4,4
38851,97,95,2,2
38852,59,73,-14,14
38853,50,66,-16,16
38854,118,103,15,15
38855,56,63,-7,7
38856,87,81,6,6
38857,89,97,-8,8
38858,65,75,-10,10
38859,62,68,-6,6
38860,138,135,3,3
38861,149,139,10,10
38862,69,66,3,3
38863,76,87,-11,11
38864,65,74,-9,9
38865,70,69,1,1
38866,133,133,0,0
38867,77,78,-1,1
38868,93,96,-3,3
38869,105,123,-18,18
38870,67,77,-10,10
38871,84,84,0,0
38872,83,90,-7,7
38873,46,50,-4,4
38874,102,97,5,5
38875,80,78,2,2
38876,106,105,1,1
38877,91,97,-6,6
38878,70,68,2,2
38879,213,183,30,30
38880,84,86,-2,2
38881,124,105,19,19
38882,113,108,5,5
38883,89,96,-7,7
38884,112,103,9,9
38885,78,76,2,2
38886,60,64,-4,4
38887,119,106,13,13
38888,58,65,-7,7
38889,109,96,13,13
38890,113,129,-16,16
38891,101,88,13,13
38892,61,62,-1,1
38893,76,82,-6,6
38894,84,82,2,2
38895,86,95,-9,9
38896,108,100,8,8
38897,102,92,10,10
38898,151,143,8,8
38899,66,70,-4,4
38900,71,70,1,1
38901,66,76,-10,10
38902,131,127,4,4
38903,49,53,-4,4
38904,99,101,-2,2
38905,69,81,-12,12
38906,72,68,4,4
38907,179,151,28,28
38908,152,139,13,13
38909,70,75,-5,5
38910,63,71,-8,8
38911,104,106,-2,2
38912,22,36,-14,14
38913,105,99,6,6
38914,174,160,14,14
38915,123,118,5,5
38916,34,42,-8,8
38917,76,83,-7,7
38918,114,106,8,8
38919,84,102,-18,18
38920,114,103,11,11
38921,236,196,40,40
38922,86,92,-6,6
38923,91,85,6,6
38924,109,107,2,2
38925,99,89,10,10
38926,79,72,7,7
38927,51,62,-11,11
38928,201,175,26,26
38929,60,67,-7,7
38930,89,91,-2,2
38931,84,87,-3,3
38932,40,48,-8,8
38933,68,69,-1,1
38934,58,62,-4,4
38935,73,72,1,1
38936,121,120,1,1
38937,55,58,-3,3
38938,91,94,-3,3
38939,57,70,-13,13
38940,68,65,3,3
38941,93,78,15,15
38942,59,65,-6,6
38943,76,72,4,4
38944,99,102,-3,3
38945,85,106,-21,21
38946,113,101,12,12
38947,107,94,13,13
38948,184,162,22,22
38949,80,82,-2,2
38950,99,100,-1,1
38951,180,155,25,25
38952,94,103,-9,9
38953,37,41,-4,4
38954,59,71,-12,12
38955,65,67,-2,2
38956,93,94,-1,1
38957,88,94,-6,6
38958,92,93,-1,1
38959,128,112,16,16
38960,111,111,0,0
38961,128,157,-29,29
38962,48,55,-7,7
38963,116,120,-4,4
38964,54,54,0,0
38965,57,72,-15,15
38966,61,71,-10,10
38967,79,82,-3,3
38968,61,63,-2,2
38969,122,115,7,7
38970,89,86,3,3
38971,121,113,8,8
38972,119,113,6,6
38973,108,116,-8,8
38974,100,102,-2,2
38975,58,61,-3,3
38976,106,95,11,11
38977,88,90,-2,2
38978,103,92,11,11
38979,31,40,-9,9
38980,34,62,-28,28
38981,87,86,1,1
38982,111,109,2,2
38983,101,102,-1,1
38984,41,46,-5,5
38985,60,67,-7,7
38986,115,112,3,3
38987,136,132,4,4
38988,74,73,1,1
38989,84,78,6,6
38990,110,105,5,5
38991,73,78,-5,5
38992,126,118,8,8
38993,77,75,2,2
38994,129,121,8,8
38995,123,126,-3,3
38996,99,92,7,7
38997,88,68,20,20
38998,61,74,-13,13
38999,74,77,-3,3
39000,107,102,5,5
39001,122,112,10,10
39002,60,68,-8,8
39003,188,169,19,19
39004,84,81,3,3
39005,146,141,5,5
39006,154,145,9,9
39007,114,115,-1,1
39008,117,108,9,9
39009,163,155,8,8
39010,74,78,-4,4
39011,113,106,7,7
39012,68,75,-7,7
39013,137,127,10,10
39014,86,90,-4,4
39015,136,131,5,5
39016,77,75,2,2
39017,156,141,15,15
39018,146,132,14,14
39019,62,64,-2,2
39020,66,77,-11,11
39021,121,118,3,3
39022,161,142,19,19
39023,102,109,-7,7
39024,67,61,6,6
39025,129,128,1,1
39026,120,125,-5,5
39027,174,163,11,11
39028,179,163,16,16
39029,92,87,5,5
39030,112,111,1,1
39031,110,104,6,6
39032,97,96,1,1
39033,68,64,4,4
39034,117,117,0,0
39035,155,135,20,20
39036,60,65,-5,5
39037,167,138,29,29
39038,115,108,7,7
39039,134,128,6,6
39040,48,60,-12,12
39041,89,83,6,6
39042,42,60,-18,18
39043,31,49,-18,18
39044,105,98,7,7
39045,138,124,14,14
39046,97,88,9,9
39047,83,86,-3,3
39048,54,57,-3,3
39049,65,69,-4,4
39050,94,97,-3,3
39051,86,86,0,0
39052,88,95,-7,7
39053,63,65,-2,2
39054,144,134,10,10
39055,62,66,-4,4
39056,63,81,-18,18
39057,98,97,1,1
39058,60,63,-3,3
39059,49,58,-9,9
39060,96,89,7,7
39061,71,79,-8,8
39062,120,110,10,10
39063,150,128,22,22
39064,80,79,1,1
39065,58,65,-7,7
39066,64,77,-13,13
39067,140,131,9,9
39068,124,122,2,2
39069,97,91,6,6
39070,161,134,27,27
39071,50,66,-16,16
39072,101,107,-6,6
39073,44,57,-13,13
39074,99,101,-2,2
39075,171,146,25,25
39076,43,53,-10,10
39077,93,104,-11,11
39078,139,130,9,9
39079,120,112,8,8
39080,98,103,-5,5
39081,101,103,-2,2
39082,80,77,3,3
39083,63,64,-1,1
39084,149,141,8,8
39085,132,120,12,12
39086,71,76,-5,5
39087,92,101,-9,9
39088,61,77,-16,16
39089,110,108,2,2
39090,67,72,-5,5
39091,38,67,-29,29
39092,89,106,-17,17
39093,86,87,-1,1
39094,157,158,-1,1
39095,63,74,-11,11
39096,56,66,-10,10
39097,96,100,-4,4
39098,58,68,-10,10
39099,164,156,8,8
39100,107,103,4,4
39101,131,111,20,20
39102,119,110,9,9
39103,103,104,-1,1
39104,58,64,-6,6
39105,158,131,27,27
39106,148,129,19,19
39107,107,108,-1,1
39108,108,94,14,14
39109,85,77,8,8
39110,76,84,-8,8
39111,72,71,1,1
39112,133,130,3,3
39113,71,73,-2,2
39114,90,83,7,7
39115,105,103,2,2
39116,107,108,-1,1
39117,84,81,3,3
39118,67,76,-9,9
39119,154,139,15,15
39120,63,77,-14,14
39121,182,155,27,27
39122,130,119,11,11
39123,126,123,3,3
39124,135,126,9,9
39125,86,87,-1,1
39126,90,96,-6,6
39127,69,69,0,0
39128,99,103,-4,4
39129,81,90,-9,9
39130,92,94,-2,2
39131,83,85,-2,2
39132,76,75,1,1
39133,79,75,4,4
39134,59,66,-7,7
39135,100,101,-1,1
39136,60,71,-11,11
39137,76,81,-5,5
39138,110,98,12,12
39139,112,106,6,6
39140,93,98,-5,5
39141,101,102,-1,1
39142,107,108,-1,1
39143,180,160,20,20
39144,109,105,4,4
39145,85,80,5,5
39146,123,114,9,9
39147,90,93,-3,3
39148,118,112,6,6
39149,108,101,7,7
39150,95,90,5,5
39151,119,111,8,8
39152,115,95,20,20
39153,145,128,17,17
39154,46,63,-17,17
39155,59,69,-10,10
39156,127,130,-3,3
39157,114,111,3,3
39158,101,99,2,2
39159,134,128,6,6
39160,99,97,2,2
39161,143,133,10,10
39162,136,124,12,12
39163,152,139,13,13
39164,103,103,0,0
39165,79,78,1,1
39166,83,80,3,3
39167,125,107,18,18
39168,74,93,-19,19
39169,44,54,-10,10
39170,100,105,-5,5
39171,111,107,4,4
39172,65,67,-2,2
39173,102,96,6,6
39174,109,105,4,4
39175,80,73,7,7
39176,117,112,5,5
39177,121,111,10,10
39178,154,142,12,12
39179,55,61,-6,6
39180,90,93,-3,3
39181,137,112,25,25
39182,53,58,-5,5
39183,137,125,12,12
39184,64,69,-5,5
39185,133,120,13,13
39186,38,31,7,7
39187,105,92,13,13
39188,45,53,-8,8
39189,133,115,18,18
39190,121,118,3,3
39191,138,123,15,15
39192,84,77,7,7
39193,79,81,-2,2
39194,48,57,-9,9
39195,51,67,-16,16
39196,90,90,0,0
39197,79,79,0,0
39198,73,74,-1,1
39199,82,74,8,8
39200,90,95,-5,5
39201,98,75,23,23
39202,56,62,-6,6
39203,100,93,7,7
39204,55,73,-18,18
39205,116,120,-4,4
39206,61,66,-5,5
39207,77,78,-1,1
39208,131,123,8,8
39209,115,119,-4,4
39210,94,86,8,8
39211,80,82,-2,2
39212,57,63,-6,6
39213,112,104,8,8
39214,98,96,2,2
39215,136,137,-1,1
39216,125,109,16,16
39217,90,98,-8,8
39218,81,85,-4,4
39219,123,120,3,3
39220,114,117,-3,3
39221,35,53,-18,18
39222,55,62,-7,7
39223,110,102,8,8
39224,52,60,-8,8
39225,191,164,27,27
39226,48,66,-18,18
39227,70,66,4,4
39228,116,113,3,3
39229,114,113,1,1
39230,71,75,-4,4
39231,130,112,18,18
39232,92,92,0,0
39233,111,112,-1,1
39234,150,145,5,5
39235,112,127,-15,15
39236,85,85,0,0
39237,75,76,-1,1
39238,64,69,-5,5
39239,65,69,-4,4
39240,164,150,14,14
39241,63,42,21,21
39242,105,104,1,1
39243,96,94,2,2
39244,102,89,13,13
39245,84,78,6,6
39246,72,84,-12,12
39247,118,118,0,0
39248,110,105,5,5
39249,81,83,-2,2
39250,109,111,-2,2
39251,76,72,4,4
39252,64,67,-3,3
39253,133,116,17,17
39254,143,124,19,19
39255,72,76,-4,4
39256,74,82,-8,8
39257,41,50,-9,9
39258,65,69,-4,4
39259,73,70,3,3
39260,63,74,-11,11
39261,175,156,19,19
39262,85,101,-16,16
39263,82,82,0,0
39264,48,56,-8,8
39265,97,89,8,8
39266,86,88,-2,2
39267,66,71,-5,5
39268,80,79,1,1
39269,84,87,-3,3
39270,90,89,1,1
39271,76,84,-8,8
39272,90,90,0,0
39273,128,127,1,1
39274,76,86,-10,10
39275,84,84,0,0
39276,116,117,-1,1
39277,72,80,-8,8
39278,88,82,6,6
39279,58,60,-2,2
39280,80,77,3,3
39281,122,111,11,11
39282,84,90,-6,6
39283,62,69,-7,7
39284,78,79,-1,1
39285,113,113,0,0
39286,152,140,12,12
39287,68,72,-4,4
39288,72,72,0,0
39289,104,104,0,0
39290,100,98,2,2
39291,92,87,5,5
39292,95,83,12,12
39293,66,67,-1,1
39294,78,85,-7,7
39295,117,104,13,13
39296,109,89,20,20
39297,157,136,21,21
39298,100,85,15,15
39299,101,95,6,6
39300,68,67,1,1
39301,137,117,20,20
39302,144,142,2,2
39303,152,144,8,8
39304,121,107,14,14
39305,83,85,-2,2
39306,86,98,-12,12
39307,72,68,4,4
39308,82,96,-14,14
39309,115,104,11,11
39310,44,47,-3,3
39311,130,132,-2,2
39312,84,84,0,0
39313,104,104,0,0
39314,70,66,4,4
39315,152,127,25,25
39316,66,75,-9,9
39317,137,113,24,24
39318,86,85,1,1
39319,130,110,20,20
39320,105,100,5,5
39321,79,83,-4,4
39322,79,76,3,3
39323,68,71,-3,3
39324,86,83,3,3
39325,90,97,-7,7
39326,174,148,26,26
39327,41,53,-12,12
39328,109,97,12,12
39329,98,93,5,5
39330,79,86,-7,7
39331,107,112,-5,5
39332,138,133,5,5
39333,49,44,5,5
39334,68,78,-10,10
39335,465,386,79,79
39336,102,88,14,14
39337,108,110,-2,2
39338,98,103,-5,5
39339,70,64,6,6
39340,90,89,1,1
39341,103,104,-1,1
39342,84,75,9,9
39343,128,133,-5,5
39344,205,176,29,29
39345,149,132,17,17
39346,51,58,-7,7
39347,64,69,-5,5
39348,155,138,17,17
39349,61,70,-9,9
39350,91,89,2,2
39351,69,77,-8,8
39352,51,67,-16,16
39353,59,66,-7,7
39354,110,101,9,9
39355,145,124,21,21
39356,86,97,-11,11
39357,192,174,18,18
39358,80,72,8,8
39359,62,67,-5,5
39360,116,115,1,1
39361,94,101,-7,7
39362,60,67,-7,7
39363,128,137,-9,9
39364,129,122,7,7
39365,111,109,2,2
39366,137,130,7,7
39367,164,142,22,22
39368,119,111,8,8
39369,90,90,0,0
39370,114,122,-8,8
39371,26,27,-1,1
39372,107,107,0,0
39373,68,74,-6,6
39374,118,118,0,0
39375,124,115,9,9
39376,170,151,19,19
39377,61,70,-9,9
39378,136,129,7,7
39379,196,143,53,53
39380,87,77,10,10
39381,95,105,-10,10
39382,108,111,-3,3
39383,151,138,13,13
39384,67,74,-7,7
39385,149,138,11,11
39386,113,105,8,8
39387,50,61,-11,11
39388,79,86,-7,7
39389,103,97,6,6
39390,80,75,5,5
39391,172,165,7,7
39392,105,110,-5,5
39393,82,85,-3,3
39394,47,55,-8,8
39395,54,51,3,3
39396,80,77,3,3
39397,64,63,1,1
39398,150,132,18,18
39399,134,124,10,10
39400,61,74,-13,13
39401,108,102,6,6
39402,116,116,0,0
39403,101,115,-14,14
39404,81,80,1,1
39405,90,95,-5,5
39406,71,80,-9,9
39407,119,116,3,3
39408,133,130,3,3
39409,125,130,-5,5
39410,70,70,0,0
39411,182,159,23,23
39412,114,111,3,3
39413,136,135,1,1
39414,76,81,-5,5
39415,114,105,9,9
39416,46,55,-9,9
39417,97,109,-12,12
39418,70,78,-8,8
39419,63,59,4,4
39420,100,95,5,5
39421,114,105,9,9
39422,52,55,-3,3
39423,130,129,1,1
39424,108,98,10,10
39425,133,118,15,15
39426,26,42,-16,16
39427,75,80,-5,5
39428,112,120,-8,8
39429,73,71,2,2
39430,44,59,-15,15
39431,75,78,-3,3
39432,93,92,1,1
39433,60,73,-13,13
39434,83,85,-2,2
39435,140,128,12,12
39436,100,103,-3,3
39437,107,100,7,7
39438,95,81,14,14
39439,111,96,15,15
39440,112,106,6,6
39441,67,74,-7,7
39442,52,57,-5,5
39443,113,100,13,13
39444,77,80,-3,3
39445,135,128,7,7
39446,61,65,-4,4
39447,58,75,-17,17
39448,60,67,-7,7
39449,100,101,-1,1
39450,49,61,-12,12
39451,71,73,-2,2
39452,104,104,0,0
39453,49,58,-9,9
39454,141,131,10,10
39455,113,110,3,3
39456,74,71,3,3
39457,135,129,6,6
39458,61,72,-11,11
39459,115,115,0,0
39460,89,96,-7,7
39461,76,73,3,3
39462,111,117,-6,6
39463,61,72,-11,11
39464,54,56,-2,2
39465,95,103,-8,8
39466,125,123,2,2
39467,168,158,10,10
39468,71,69,2,2
39469,80,78,2,2
39470,224,210,14,14
39471,87,91,-4,4
39472,65,72,-7,7
39473,130,134,-4,4
39474,111,112,-1,1
39475,76,74,2,2
39476,111,106,5,5
39477,88,96,-8,8
39478,97,99,-2,2
39479,118,116,2,2
39480,93,82,11,11
39481,131,121,10,10
39482,82,86,-4,4
39483,153,135,18,18
39484,76,81,-5,5
39485,105,111,-6,6
39486,38,40,-2,2
39487,56,68,-12,12
39488,75,75,0,0
39489,40,43,-3,3
39490,139,139,0,0
39491,78,94,-16,16
39492,72,77,-5,5
39493,123,127,-4,4
39494,71,72,-1,1
39495,144,133,11,11
39496,51,57,-6,6
39497,63,69,-6,6
39498,51,62,-11,11
39499,98,96,2,2
39500,83,83,0,0
39501,75,88,-13,13
39502,108,108,0,0
39503,100,92,8,8
39504,61,61,0,0
39505,76,78,-2,2
39506,156,192,-36,36
39507,69,73,-4,4
39508,219,182,37,37
39509,112,109,3,3
39510,86,89,-3,3
39511,53,57,-4,4
39512,108,104,4,4
39513,82,85,-3,3
39514,89,82,7,7
39515,125,117,8,8
39516,96,110,-14,14
39517,113,108,5,5
39518,61,73,-12,12
39519,39,50,-11,11
39520,65,81,-16,16
39521,101,96,5,5
39522,188,156,32,32
39523,73,73,0,0
39524,51,69,-18,18
39525,126,122,4,4
39526,95,115,-20,20
39527,85,105,-20,20
39528,112,115,-3,3
39529,117,116,1,1
39530,109,93,16,16
39531,47,62,-15,15
39532,63,77,-14,14
39533,92,94,-2,2
39534,78,80,-2,2
39535,100,94,6,6
39536,137,122,15,15
39537,163,149,14,14
39538,74,81,-7,7
39539,64,78,-14,14
39540,87,77,10,10
39541,87,89,-2,2
39542,120,123,-3,3
39543,129,121,8,8
39544,137,130,7,7
39545,65,69,-4,4
39546,67,73,-6,6
39547,83,82,1,1
39548,91,89,2,2
39549,88,84,4,4
39550,47,54,-7,7
39551,119,115,4,4
39552,76,78,-2,2
39553,96,93,3,3
39554,69,81,-12,12
39555,91,92,-1,1
39556,95,96,-1,1
39557,89,99,-10,10
39558,89,85,4,4
39559,106,104,2,2
39560,86,72,14,14
39561,119,106,13,13
39562,76,83,-7,7
39563,95,87,8,8
39564,93,89,4,4
39565,93,79,14,14
39566,87,88,-1,1
39567,142,142,0,0
39568,81,87,-6,6
39569,54,55,-1,1
39570,131,117,14,14
39571,53,58,-5,5
39572,132,131,1,1
39573,83,86,-3,3
39574,77,74,3,3
39575,86,89,-3,3
39576,135,124,11,11
39577,114,107,7,7
39578,75,87,-12,12
39579,62,78,-16,16
39580,96,89,7,7
39581,88,86,2,2
39582,58,61,-3,3
39583,55,62,-7,7
39584,70,73,-3,3
39585,162,143,19,19
39586,98,89,9,9
39587,73,70,3,3
39588,52,63,-11,11
39589,86,84,2,2
39590,133,118,15,15
39591,102,102,0,0
39592,137,128,9,9
39593,58,60,-2,2
39594,94,79,15,15
39595,158,139,19,19
39596,88,90,-2,2
39597,81,89,-8,8
39598,88,79,9,9
39599,170,164,6,6
39600,132,125,7,7
39601,160,151,9,9
39602,69,73,-4,4
39603,78,79,-1,1
39604,47,70,-23,23
39605,122,117,5,5
39606,46,53,-7,7
39607,81,85,-4,4
39608,173,167,6,6
39609,36,109,-73,73
39610,84,77,7,7
39611,118,107,11,11
39612,113,102,11,11
39613,162,148,14,14
39614,98,105,-7,7
39615,96,89,7,7
39616,71,78,-7,7
39617,68,71,-3,3
39618,85,82,3,3
39619,34,68,-34,34
39620,69,77,-8,8
39621,69,77,-8,8
39622,128,120,8,8
39623,99,101,-2,2
39624,121,117,4,4
39625,179,158,21,21
39626,92,98,-6,6
39627,171,166,5,5
39628,94,95,-1,1
39629,112,113,-1,1
39630,79,78,1,1
39631,57,69,-12,12
39632,72,85,-13,13
39633,161,134,27,27
39634,132,125,7,7
39635,126,113,13,13
39636,78,84,-6,6
39637,72,71,1,1
39638,88,93,-5,5
39639,93,91,2,2
39640,56,62,-6,6
39641,179,157,22,22
39642,99,94,5,5
39643,143,124,19,19
39644,25,31,-6,6
39645,85,80,5,5
39646,50,60,-10,10
39647,110,102,8,8
39648,133,122,11,11
39649,103,94,9,9
39650,149,139,10,10
39651,146,140,6,6
39652,65,76,-11,11
39653,117,128,-11,11
39654,53,58,-5,5
39655,155,133,22,22
39656,127,125,2,2
39657,87,89,-2,2
39658,167,147,20,20
39659,74,75,-1,1
39660,65,71,-6,6
39661,50,55,-5,5
39662,109,106,3,3
39663,65,72,-7,7
39664,98,93,5,5
39665,128,122,6,6
39666,132,128,4,4
39667,174,164,10,10
39668,81,83,-2,2
39669,69,74,-5,5
39670,77,73,4,4
39671,69,69,0,0
39672,68,74,-6,6
39673,132,131,1,1
39674,152,155,-3,3
39675,87,88,-1,1
39676,30,40,-10,10
39677,98,87,11,11
39678,99,94,5,5
39679,116,114,2,2
39680,100,100,0,0
39681,137,126,11,11
39682,63,70,-7,7
39683,82,88,-6,6
39684,99,110,-11,11
39685,58,68,-10,10
39686,68,74,-6,6
39687,121,111,10,10
39688,91,78,13,13
39689,61,81,-20,20
39690,46,55,-9,9
39691,107,112,-5,5
39692,80,82,-2,2
39693,78,83,-5,5
39694,83,81,2,2
39695,139,129,10,10
39696,113,113,0,0
39697,109,112,-3,3
39698,168,153,15,15
39699,148,132,16,16
39700,90,85,5,5
39701,49,61,-12,12
39702,91,101,-10,10
39703,48,54,-6,6
39704,99,100,-1,1
39705,125,126,-1,1
39706,77,95,-18,18
39707,89,87,2,2
39708,85,79,6,6
39709,85,84,1,1
39710,60,68,-8,8
39711,100,95,5,5
39712,61,70,-9,9
39713,87,89,-2,2
39714,79,83,-4,4
39715,48,52,-4,4
39716,90,96,-6,6
39717,85,83,2,2
39718,77,77,0,0
39719,56,65,-9,9
39720,55,60,-5,5
39721,148,138,10,10
39722,108,102,6,6
39723,69,70,-1,1
39724,151,136,15,15
39725,98,85,13,13
39726,87,90,-3,3
39727,76,76,0,0
39728,84,83,1,1
39729,39,49,-10,10
39730,105,103,2,2
39731,68,95,-27,27
39732,58,74,-16,16
39733,81,79,2,2
39734,108,108,0,0
39735,98,98,0,0
39736,148,139,9,9
39737,71,74,-3,3
39738,108,102,6,6
39739,68,79,-11,11
39740,82,86,-4,4
39741,159,133,26,26
39742,109,98,11,11
39743,113,104,9,9
39744,106,100,6,6
39745,124,110,14,14
39746,74,79,-5,5
39747,23,27,-4,4
39748,94,88,6,6
39749,69,75,-6,6
39750,63,75,-12,12
39751,49,61,-12,12
39752,83,81,2,2
39753,65,67,-2,2
39754,122,98,24,24
39755,110,107,3,3
39756,145,136,9,9
39757,128,111,17,17
39758,61,60,1,1
39759,135,121,14,14
39760,62,55,7,7
39761,143,120,23,23
39762,59,66,-7,7
39763,133,127,6,6
39764,84,92,-8,8
39765,127,120,7,7
39766,75,77,-2,2
39767,128,122,6,6
39768,85,90,-5,5
39769,127,114,13,13
39770,66,77,-11,11
39771,45,49,-4,4
39772,89,88,1,1
39773,82,83,-1,1
39774,98,91,7,7
39775,51,61,-10,10
39776,112,112,0,0
39777,70,77,-7,7
39778,75,64,11,11
39779,97,95,2,2
39780,59,76,-17,17
39781,51,52,-1,1
39782,53,59,-6,6
39783,56,74,-18,18
39784,67,66,1,1
39785,66,77,-11,11
39786,89,89,0,0
39787,94,83,11,11
39788,77,84,-7,7
39789,41,49,-8,8
39790,85,85,0,0
39791,72,72,0,0
39792,108,109,-1,1
39793,105,103,2,2
39794,67,72,-5,5
39795,97,94,3,3
39796,76,79,-3,3
39797,133,141,-8,8
39798,93,91,2,2
39799,40,52,-12,12
39800,66,68,-2,2
39801,43,50,-7,7
39802,145,133,12,12
39803,135,114,21,21
39804,64,71,-7,7
39805,76,92,-16,16
39806,55,62,-7,7
39807,78,76,2,2
39808,103,100,3,3
39809,141,136,5,5
39810,152,145,7,7
39811,110,112,-2,2
39812,122,115,7,7
39813,78,83,-5,5
39814,82,79,3,3
39815,104,91,13,13
39816,112,107,5,5
39817,69,70,-1,1
39818,48,55,-7,7
39819,60,70,-10,10
39820,54,57,-3,3
39821,128,117,11,11
39822,61,63,-2,2
39823,108,120,-12,12
39824,86,88,-2,2
39825,74,84,-10,10
39826,168,151,17,17
39827,76,78,-2,2
39828,80,82,-2,2
39829,96,89,7,7
39830,74,75,-1,1
39831,59,61,-2,2
39832,143,135,8,8
39833,68,63,5,5
39834,76,77,-1,1
39835,97,102,-5,5
39836,66,73,-7,7
39837,94,92,2,2
39838,159,147,12,12
39839,76,67,9,9
39840,121,122,-1,1
39841,123,123,0,0
39842,80,82,-2,2
39843,77,79,-2,2
39844,52,61,-9,9
39845,115,118,-3,3
39846,180,148,32,32
39847,70,73,-3,3
39848,79,84,-5,5
39849,112,102,10,10
39850,89,92,-3,3
39851,83,85,-2,2
39852,108,113,-5,5
39853,67,74,-7,7
39854,86,86,0,0
39855,82,89,-7,7
39856,156,146,10,10
39857,141,126,15,15
39858,154,141,13,13
39859,63,67,-4,4
39860,52,56,-4,4
39861,122,109,13,13
39862,69,82,-13,13
39863,93,89,4,4
39864,106,110,-4,4
39865,76,85,-9,9
39866,97,91,6,6
39867,96,96,0,0
39868,116,113,3,3
39869,98,103,-5,5
39870,89,86,3,3
39871,137,134,3,3
39872,88,77,11,11
39873,115,113,2,2
39874,135,126,9,9
39875,99,101,-2,2
39876,68,76,-8,8
39877,98,95,3,3
39878,119,111,8,8
39879,77,79,-2,2
39880,74,85,-11,11
39881,115,110,5,5
39882,67,74,-7,7
39883,79,86,-7,7
39884,107,109,-2,2
39885,83,88,-5,5
39886,74,81,-7,7
39887,160,145,15,15
39888,56,68,-12,12
39889,74,78,-4,4
39890,95,96,-1,1
39891,141,147,-6,6
39892,98,97,1,1
39893,84,86,-2,2
39894,118,111,7,7
39895,58,59,-1,1
39896,54,68,-14,14
39897,74,76,-2,2
39898,69,75,-6,6
39899,123,106,17,17
39900,59,63,-4,4
39901,50,63,-13,13
39902,56,59,-3,3
39903,55,64,-9,9
39904,145,130,15,15
39905,89,86,3,3
39906,74,67,7,7
39907,67,72,-5,5
39908,100,103,-3,3
39909,99,96,3,3
39910,64,70,-6,6
39911,49,62,-13,13
39912,144,137,7,7
39913,65,69,-4,4
39914,57,60,-3,3
39915,74,80,-6,6
39916,82,86,-4,4
39917,80,78,2,2
39918,167,167,0,0
39919,55,54,1,1
39920,98,99,-1,1
39921,69,73,-4,4
39922,60,64,-4,4
39923,149,138,11,11
39924,170,160,10,10
39925,56,64,-8,8
39926,120,114,6,6
39927,114,112,2,2
39928,123,118,5,5
39929,67,78,-11,11
39930,145,136,9,9
39931,72,75,-3,3
39932,85,84,1,1
39933,117,109,8,8
39934,87,105,-18,18
39935,66,79,-13,13
39936,116,121,-5,5
39937,53,67,-14,14
39938,109,104,5,5
39939,26,31,-5,5
39940,51,59,-8,8
39941,65,64,1,1
39942,89,82,7,7
39943,110,96,14,14
39944,70,78,-8,8
39945,46,55,-9,9
39946,119,112,7,7
39947,127,118,9,9
39948,95,89,6,6
39949,68,72,-4,4
39950,73,76,-3,3
39951,112,104,8,8
39952,152,151,1,1
39953,83,85,-2,2
39954,115,108,7,7
39955,131,108,23,23
39956,49,51,-2,2
39957,118,101,17,17
39958,94,83,11,11
39959,120,120,0,0
39960,64,79,-15,15
39961,145,133,12,12
39962,63,70,-7,7
39963,62,68,-6,6
39964,55,58,-3,3
39965,113,118,-5,5
39966,62,65,-3,3
39967,80,79,1,1
39968,100,94,6,6
39969,72,78,-6,6
39970,75,77,-2,2
39971,104,101,3,3
39972,56,55,1,1
39973,116,127,-11,11
39974,87,94,-7,7
39975,109,106,3,3
39976,107,109,-2,2
39977,63,71,-8,8
39978,127,129,-2,2
39979,124,108,16,16
39980,67,69,-2,2
39981,229,175,54,54
39982,144,122,22,22
39983,110,110,0,0
39984,70,69,1,1
39985,102,100,2,2
39986,153,128,25,25
39987,82,85,-3,3
39988,50,59,-9,9
39989,54,63,-9,9
39990,97,95,2,2
39991,75,80,-5,5
39992,83,82,1,1
39993,88,85,3,3
39994,129,118,11,11
39995,91,79,12,12
39996,115,102,13,13
39997,96,94,2,2
39998,177,165,12,12
39999,109,108,1,1
40000,91,89,2,2
40001,102,100,2,2
40002,75,73,2,2
40003,67,74,-7,7
40004,85,86,-1,1
40005,133,123,10,10
40006,122,117,5,5
40007,99,97,2,2
40008,72,78,-6,6
40009,80,86,-6,6
40010,61,64,-3,3
40011,118,107,11,11
40012,112,110,2,2
40013,69,79,-10,10
40014,156,144,12,12
40015,140,130,10,10
40016,55,62,-7,7
40017,85,92,-7,7
40018,104,95,9,9
40019,113,105,8,8
40020,61,70,-9,9
40021,110,115,-5,5
40022,142,124,18,18
40023,93,92,1,1
40024,49,60,-11,11
40025,139,132,7,7
40026,42,52,-10,10
40027,80,77,3,3
40028,138,126,12,12
40029,148,139,9,9
40030,28,50,-22,22
40031,54,65,-11,11
40032,85,78,7,7
40033,84,84,0,0
40034,161,140,21,21
40035,80,79,1,1
40036,108,118,-10,10
40037,91,93,-2,2
40038,92,85,7,7
40039,92,95,-3,3
40040,91,87,4,4
40041,146,129,17,17
40042,59,75,-16,16
40043,109,101,8,8
40044,67,74,-7,7
40045,89,90,-1,1
40046,156,137,19,19
40047,106,103,3,3
40048,71,78,-7,7
40049,161,145,16,16
40050,97,95,2,2
40051,95,92,3,3
40052,128,125,3,3
40053,79,92,-13,13
40054,127,133,-6,6
40055,88,91,-3,3
40056,63,67,-4,4
40057,47,55,-8,8
40058,67,81,-14,14
40059,44,44,0,0
40060,70,67,3,3
40061,59,61,-2,2
40062,115,114,1,1
40063,123,127,-4,4
40064,49,54,-5,5
40065,81,81,0,0
40066,55,62,-7,7
40067,105,95,10,10
40068,120,119,1,1
40069,95,100,-5,5
40070,73,80,-7,7
40071,76,82,-6,6
40072,95,92,3,3
40073,35,41,-6,6
40074,85,80,5,5
40075,65,82,-17,17
40076,125,122,3,3
40077,62,65,-3,3
40078,95,95,0,0
40079,139,127,12,12
40080,77,85,-8,8
40081,65,70,-5,5
40082,53,63,-10,10
40083,83,76,7,7
40084,62,56,6,6
40085,74,73,1,1
40086,32,38,-6,6
40087,67,70,-3,3
40088,134,118,16,16
40089,78,86,-8,8
40090,88,88,0,0
40091,81,87,-6,6
40092,60,70,-10,10
40093,117,102,15,15
40094,61,69,-8,8
40095,147,137,10,10
40096,217,181,36,36
40097,84,86,-2,2
40098,67,70,-3,3
40099,158,163,-5,5
40100,51,67,-16,16
40101,91,93,-2,2
40102,72,69,3,3
40103,121,121,0,0
40104,76,73,3,3
40105,117,110,7,7
40106,63,66,-3,3
40107,82,89,-7,7
40108,87,97,-10,10
40109,77,78,-1,1
40110,67,78,-11,11
40111,129,108,21,21
40112,56,61,-5,5
40113,60,71,-11,11
40114,130,115,15,15
40115,106,112,-6,6
40116,73,70,3,3
40117,89,85,4,4
40118,85,91,-6,6
40119,71,69,2,2
40120,206,212,-6,6
40121,142,142,0,0
40122,106,108,-2,2
40123,98,97,1,1
40124,60,75,-15,15
40125,113,115,-2,2
40126,57,67,-10,10
40127,73,71,2,2
40128,186,151,35,35
40129,87,91,-4,4
40130,122,113,9,9
40131,80,90,-10,10
40132,130,118,12,12
40133,106,103,3,3
40134,175,181,-6,6
40135,135,124,11,11
40136,115,111,4,4
40137,80,79,1,1
40138,125,112,13,13
40139,85,94,-9,9
40140,85,79,6,6
40141,143,131,12,12
40142,92,89,3,3
40143,74,66,8,8
40144,66,79,-13,13
40145,68,74,-6,6
40146,103,97,6,6
40147,82,82,0,0
40148,57,60,-3,3
40149,102,108,-6,6
40150,117,115,2,2
40151,79,84,-5,5
40152,179,148,31,31
40153,111,118,-7,7
40154,59,68,-9,9
40155,90,88,2,2
40156,82,105,-23,23
40157,120,115,5,5
40158,89,90,-1,1
40159,76,77,-1,1
40160,74,73,1,1
40161,54,62,-8,8
40162,51,56,-5,5
40163,71,77,-6,6
40164,116,98,18,18
40165,84,79,5,5
40166,107,98,9,9
40167,83,81,2,2
40168,170,151,19,19
40169,118,114,4,4
40170,115,106,9,9
40171,78,89,-11,11
40172,155,140,15,15
40173,143,140,3,3
40174,80,88,-8,8
40175,64,78,-14,14
40176,97,87,10,10
40177,92,92,0,0
40178,63,73,-10,10
40179,196,162,34,34
40180,70,81,-11,11
40181,95,96,-1,1
40182,73,80,-7,7
40183,64,78,-14,14
40184,86,95,-9,9
40185,93,98,-5,5
40186,81,81,0,0
40187,132,106,26,26
40188,89,78,11,11
40189,80,76,4,4
40190,61,67,-6,6
40191,148,143,5,5
40192,104,101,3,3
40193,105,102,3,3
40194,94,89,5,5
40195,72,77,-5,5
40196,71,74,-3,3
40197,115,109,6,6
40198,100,96,4,4
40199,64,67,-3,3
40200,88,89,-1,1
40201,175,170,5,5
40202,153,150,3,3
40203,58,60,-2,2
40204,143,142,1,1
40205,49,53,-4,4
40206,62,63,-1,1
40207,72,74,-2,2
40208,112,110,2,2
40209,90,85,5,5
40210,88,86,2,2
40211,92,87,5,5
40212,25,36,-11,11
40213,97,94,3,3
40214,133,118,15,15
40215,86,89,-3,3
40216,81,78,3,3
40217,164,144,20,20
40218,64,65,-1,1
40219,79,77,2,2
40220,108,107,1,1
40221,62,74,-12,12
40222,84,85,-1,1
40223,187,174,13,13
40224,70,81,-11,11
40225,119,108,11,11
40226,86,100,-14,14
40227,118,109,9,9
40228,79,83,-4,4
40229,77,79,-2,2
40230,85,90,-5,5
40231,107,96,11,11
40232,76,79,-3,3
40233,54,52,2,2
40234,66,68,-2,2
40235,64,78,-14,14
40236,56,52,4,4
40237,147,148,-1,1
40238,92,84,8,8
40239,119,109,10,10
40240,61,73,-12,12
40241,112,102,10,10
40242,116,118,-2,2
40243,68,78,-10,10
40244,153,141,12,12
40245,114,123,-9,9
40246,115,112,3,3
40247,91,90,1,1
40248,68,75,-7,7
40249,111,104,7,7
40250,79,73,6,6
40251,57,72,-15,15
40252,114,111,3,3
40253,66,75,-9,9
40254,96,85,11,11
40255,83,94,-11,11
40256,93,84,9,9
40257,83,79,4,4
40258,80,76,4,4
40259,82,81,1,1
40260,114,114,0,0
40261,49,60,-11,11
40262,67,80,-13,13
40263,79,80,-1,1
40264,77,81,-4,4
40265,64,72,-8,8
40266,177,158,19,19
40267,71,80,-9,9
40268,99,93,6,6
40269,90,87,3,3
40270,107,104,3,3
40271,103,91,12,12
40272,144,132,12,12
40273,81,81,0,0
40274,69,72,-3,3
40275,63,82,-19,19
40276,105,103,2,2
40277,100,90,10,10
40278,118,118,0,0
40279,89,82,7,7
40280,90,87,3,3
40281,88,92,-4,4
40282,69,70,-1,1
40283,59,60,-1,1
40284,84,82,2,2
40285,143,136,7,7
40286,112,118,-6,6
40287,143,146,-3,3
40288,78,85,-7,7
40289,38,51,-13,13
40290,107,94,13,13
40291,57,65,-8,8
40292,62,90,-28,28
40293,79,82,-3,3
40294,72,77,-5,5
40295,85,83,2,2
40296,83,88,-5,5
40297,69,72,-3,3
40298,62,66,-4,4
40299,80,88,-8,8
40300,55,68,-13,13
40301,77,74,3,3
40302,77,89,-12,12
40303,81,91,-10,10
40304,88,84,4,4
40305,75,87,-12,12
40306,103,104,-1,1
40307,63,65,-2,2
40308,115,99,16,16
40309,149,144,5,5
40310,48,52,-4,4
40311,67,65,2,2
40312,167,139,28,28
40313,116,113,3,3
40314,40,52,-12,12
40315,93,95,-2,2
40316,98,90,8,8
40317,105,95,10,10
40318,150,133,17,17
40319,174,141,33,33
40320,156,137,19,19
40321,61,96,-35,35
40322,124,124,0,0
40323,61,63,-2,2
40324,58,62,-4,4
40325,147,141,6,6
40326,80,89,-9,9
40327,115,104,11,11
40328,139,131,8,8
40329,73,76,-3,3
40330,208,190,18,18
40331,92,99,-7,7
40332,63,63,0,0
40333,126,114,12,12
40334,31,32,-1,1
40335,55,75,-20,20
40336,154,139,15,15
40337,110,109,1,1
40338,62,64,-2,2
40339,124,114,10,10
40340,81,77,4,4
40341,78,68,10,10
40342,122,128,-6,6
40343,110,119,-9,9
40344,100,89,11,11
40345,112,108,4,4
40346,58,60,-2,2
40347,92,87,5,5
40348,143,133,10,10
40349,76,77,-1,1
40350,62,73,-11,11
40351,72,77,-5,5
40352,96,101,-5,5
40353,98,96,2,2
40354,209,171,38,38
40355,81,81,0,0
40356,65,73,-8,8
40357,111,101,10,10
40358,158,139,19,19
40359,106,109,-3,3
40360,124,113,11,11
40361,90,87,3,3
40362,95,92,3,3
40363,86,90,-4,4
40364,89,88,1,1
40365,59,74,-15,15
40366,132,118,14,14
40367,91,79,12,12
40368,90,83,7,7
40369,85,86,-1,1
40370,77,91,-14,14
40371,68,66,2,2
40372,77,87,-10,10
40373,125,123,2,2
40374,53,55,-2,2
40375,100,107,-7,7
40376,128,124,4,4
40377,78,75,3,3
40378,73,90,-17,17
40379,79,80,-1,1
40380,89,89,0,0
40381,101,98,3,3
40382,93,107,-14,14
40383,93,91,2,2
40384,62,67,-5,5
40385,113,111,2,2
40386,117,110,7,7
40387,133,124,9,9
40388,107,112,-5,5
40389,64,89,-25,25
40390,48,59,-11,11
40391,103,103,0,0
40392,91,95,-4,4
40393,121,124,-3,3
40394,109,106,3,3
40395,92,89,3,3
40396,118,106,12,12
40397,82,88,-6,6
40398,76,72,4,4
40399,98,90,8,8
40400,118,108,10,10
40401,124,124,0,0
40402,120,100,20,20
40403,85,90,-5,5
40404,112,107,5,5
40405,88,93,-5,5
40406,65,63,2,2
40407,48,54,-6,6
40408,66,80,-14,14
40409,106,85,21,21
40410,174,140,34,34
40411,161,145,16,16
40412,42,77,-35,35
40413,65,77,-12,12
40414,47,59,-12,12
40415,100,107,-7,7
40416,91,92,-1,1
40417,59,67,-8,8
40418,77,87,-10,10
40419,83,79,4,4
40420,91,90,1,1
40421,91,89,2,2
40422,163,151,12,12
40423,89,85,4,4
40424,144,144,0,0
40425,107,113,-6,6
40426,75,78,-3,3
40427,210,198,12,12
40428,168,155,13,13
40429,116,114,2,2
40430,67,80,-13,13
40431,66,74,-8,8
40432,23,37,-14,14
40433,99,94,5,5
40434,66,71,-5,5
40435,56,64,-8,8
40436,92,87,5,5
40437,132,121,11,11
40438,67,77,-10,10
40439,42,46,-4,4
40440,123,119,4,4
40441,44,54,-10,10
40442,117,112,5,5
40443,109,105,4,4
40444,106,102,4,4
40445,92,91,1,1
40446,88,83,5,5
40447,74,77,-3,3
40448,114,122,-8,8
40449,146,126,20,20
40450,105,101,4,4
40451,91,96,-5,5
40452,124,118,6,6
40453,178,158,20,20
40454,98,94,4,4
40455,145,145,0,0
40456,76,78,-2,2
40457,100,99,1,1
40458,128,110,18,18
40459,152,138,14,14
40460,40,49,-9,9
40461,65,74,-9,9
40462,107,106,1,1
40463,90,87,3,3
40464,100,103,-3,3
40465,71,84,-13,13
40466,55,64,-9,9
40467,80,86,-6,6
40468,131,116,15,15
40469,28,41,-13,13
40470,93,97,-4,4
40471,149,148,1,1
40472,88,93,-5,5
40473,50,61,-11,11
40474,82,93,-11,11
40475,125,113,12,12
40476,131,114,17,17
40477,93,100,-7,7
40478,83,85,-2,2
40479,149,145,4,4
40480,74,84,-10,10
40481,124,121,3,3
40482,174,147,27,27
40483,83,111,-28,28
40484,119,119,0,0
40485,85,82,3,3
40486,70,68,2,2
40487,197,181,16,16
40488,131,121,10,10
40489,130,116,14,14
40490,73,84,-11,11
40491,97,93,4,4
40492,85,93,-8,8
40493,198,160,38,38
40494,100,92,8,8
40495,81,90,-9,9
40496,71,78,-7,7
40497,97,100,-3,3
40498,77,89,-12,12
40499,88,87,1,1
40500,90,80,10,10
40501,74,77,-3,3
40502,70,71,-1,1
40503,63,64,-1,1
40504,149,133,16,16
40505,97,88,9,9
40506,65,73,-8,8
40507,81,82,-1,1
40508,100,101,-1,1
40509,79,88,-9,9
40510,106,103,3,3
40511,79,87,-8,8
40512,137,132,5,5
40513,82,89,-7,7
40514,68,63,5,5
40515,100,94,6,6
40516,40,54,-14,14
40517,57,60,-3,3
40518,73,83,-10,10
40519,85,87,-2,2
40520,135,125,10,10
40521,126,122,4,4
40522,158,146,12,12
40523,110,105,5,5
40524,125,126,-1,1
40525,115,105,10,10
40526,112,113,-1,1
40527,71,78,-7,7
40528,121,133,-12,12
40529,97,104,-7,7
40530,104,102,2,2
40531,97,96,1,1
40532,54,60,-6,6
40533,76,78,-2,2
40534,132,107,25,25
40535,98,101,-3,3
40536,107,102,5,5
40537,119,107,12,12
40538,125,115,10,10
40539,96,98,-2,2
40540,49,59,-10,10
40541,89,79,10,10
40542,101,94,7,7
40543,86,95,-9,9
40544,43,49,-6,6
40545,40,47,-7,7
40546,109,106,3,3
40547,49,60,-11,11
40548,99,103,-4,4
40549,120,101,19,19
40550,70,83,-13,13
40551,177,154,23,23
40552,59,74,-15,15
40553,90,91,-1,1
40554,99,99,0,0
40555,99,100,-1,1
40556,113,104,9,9
40557,87,86,1,1
40558,120,118,2,2
40559,122,109,13,13
40560,156,147,9,9
40561,90,85,5,5
40562,109,107,2,2
40563,59,72,-13,13
40564,110,111,-1,1
40565,64,69,-5,5
40566,76,81,-5,5
40567,93,88,5,5
40568,81,87,-6,6
40569,155,139,16,16
40570,77,88,-11,11
40571,52,59,-7,7
40572,48,60,-12,12
40573,94,101,-7,7
40574,72,83,-11,11
40575,78,96,-18,18
40576,108,102,6,6
40577,74,87,-13,13
40578,67,69,-2,2
40579,88,86,2,2
40580,127,122,5,5
40581,88,101,-13,13
40582,53,77,-24,24
40583,101,101,0,0
40584,105,101,4,4
40585,120,116,4,4
40586,63,74,-11,11
40587,50,61,-11,11
40588,67,73,-6,6
40589,121,121,0,0
40590,76,80,-4,4
40591,95,79,16,16
40592,97,98,-1,1
40593,63,76,-13,13
40594,135,129,6,6
40595,61,67,-6,6
40596,79,83,-4,4
40597,133,123,10,10
40598,97,102,-5,5
40599,78,72,6,6
40600,96,89,7,7
40601,47,51,-4,4
40602,139,121,18,18
40603,99,94,5,5
40604,113,101,12,12
40605,94,89,5,5
40606,100,104,-4,4
40607,71,80,-9,9
40608,102,107,-5,5
40609,113,106,7,7
40610,85,88,-3,3
40611,75,68,7,7
40612,62,62,0,0
40613,111,92,19,19
40614,80,79,1,1
40615,117,113,4,4
40616,107,102,5,5
40617,75,78,-3,3
40618,82,87,-5,5
40619,73,76,-3,3
40620,110,104,6,6
40621,115,106,9,9
40622,151,139,12,12
40623,60,69,-9,9
40624,51,60,-9,9
40625,76,74,2,2
40626,115,104,11,11
40627,79,82,-3,3
40628,85,92,-7,7
40629,84,88,-4,4
40630,136,119,17,17
40631,76,82,-6,6
40632,30,48,-18,18
40633,141,130,11,11
40634,83,83,0,0
40635,81,86,-5,5
40636,79,85,-6,6
40637,113,111,2,2
40638,88,85,3,3
40639,145,161,-16,16
40640,156,144,12,12
40641,80,91,-11,11
40642,103,102,1,1
40643,116,108,8,8
40644,76,72,4,4
40645,123,118,5,5
40646,93,90,3,3
40647,103,105,-2,2
40648,67,71,-4,4
40649,102,108,-6,6
40650,92,81,11,11
40651,86,87,-1,1
40652,56,65,-9,9
40653,80,87,-7,7
40654,137,128,9,9
40655,48,57,-9,9
40656,87,77,10,10
40657,112,118,-6,6
40658,74,76,-2,2
40659,87,86,1,1
40660,101,108,-7,7
40661,58,69,-11,11
40662,116,107,9,9
40663,97,89,8,8
40664,65,70,-5,5
40665,98,92,6,6
40666,98,88,10,10
40667,156,140,16,16
40668,88,89,-1,1
40669,85,93,-8,8
40670,64,63,1,1
40671,72,79,-7,7
40672,107,111,-4,4
40673,87,101,-14,14
40674,115,106,9,9
40675,102,91,11,11
40676,120,107,13,13
40677,87,92,-5,5
40678,81,84,-3,3
40679,53,61,-8,8
40680,71,86,-15,15
40681,78,80,-2,2
40682,104,103,1,1
40683,113,114,-1,1
40684,51,52,-1,1
40685,65,77,-12,12
40686,109,123,-14,14
40687,78,84,-6,6
40688,105,93,12,12
40689,93,99,-6,6
40690,103,103,0,0
40691,113,100,13,13
40692,77,88,-11,11
40693,135,122,13,13
40694,82,75,7,7
40695,84,85,-1,1
40696,56,71,-15,15
40697,54,57,-3,3
40698,146,131,15,15
40699,149,137,12,12
40700,91,84,7,7
40701,61,64,-3,3
40702,117,121,-4,4
40703,46,49,-3,3
40704,159,146,13,13
40705,94,85,9,9
40706,153,134,19,19
40707,108,99,9,9
40708,85,79,6,6
40709,69,80,-11,11
40710,295,207,88,88
40711,74,79,-5,5
40712,103,101,2,2
40713,80,81,-1,1
40714,68,73,-5,5
40715,120,120,0,0
40716,86,87,-1,1
40717,118,111,7,7
40718,74,82,-8,8
40719,99,84,15,15
40720,76,72,4,4
40721,134,117,17,17
40722,97,108,-11,11
40723,66,76,-10,10
40724,92,101,-9,9
40725,50,57,-7,7
40726,83,88,-5,5
40727,98,101,-3,3
40728,72,77,-5,5
40729,71,73,-2,2
40730,71,84,-13,13
40731,78,86,-8,8
40732,81,86,-5,5
40733,126,122,4,4
40734,71,71,0,0
40735,70,73,-3,3
40736,141,132,9,9
40737,75,74,1,1
40738,85,79,6,6
40739,89,93,-4,4
40740,82,87,-5,5
40741,174,148,26,26
40742,77,75,2,2
40743,113,113,0,0
40744,165,155,10,10
40745,55,58,-3,3
40746,94,82,12,12
40747,81,88,-7,7
40748,103,97,6,6
40749,87,85,2,2
40750,68,86,-18,18
40751,205,198,7,7
40752,85,86,-1,1
40753,66,69,-3,3
40754,68,72,-4,4
40755,87,88,-1,1
40756,101,94,7,7
40757,115,109,6,6
40758,69,74,-5,5
40759,144,132,12,12
40760,97,95,2,2
40761,107,108,-1,1
40762,88,101,-13,13
40763,138,127,11,11
40764,90,77,13,13
40765,129,133,-4,4
40766,66,69,-3,3
40767,75,78,-3,3
40768,118,111,7,7
40769,99,96,3,3
40770,77,77,0,0
40771,89,89,0,0
40772,95,99,-4,4
40773,56,58,-2,2
40774,115,109,6,6
40775,59,61,-2,2
40776,117,115,2,2
40777,110,108,2,2
40778,120,101,19,19
40779,98,84,14,14
40780,121,118,3,3
40781,100,84,16,16
40782,85,85,0,0
40783,106,104,2,2
40784,165,145,20,20
40785,65,77,-12,12
40786,58,63,-5,5
40787,165,150,15,15
40788,56,64,-8,8
40789,62,75,-13,13
40790,85,80,5,5
40791,93,96,-3,3
40792,57,67,-10,10
40793,97,96,1,1
40794,96,101,-5,5
40795,45,51,-6,6
40796,114,109,5,5
40797,77,73,4,4
40798,77,84,-7,7
40799,89,87,2,2
40800,70,76,-6,6
40801,84,90,-6,6
40802,89,104,-15,15
40803,104,106,-2,2
40804,88,84,4,4
40805,68,72,-4,4
40806,67,73,-6,6
40807,51,56,-5,5
40808,144,140,4,4
40809,135,128,7,7
40810,89,92,-3,3
40811,122,113,9,9
40812,110,101,9,9
40813,81,84,-3,3
40814,147,146,1,1
40815,60,63,-3,3
40816,137,139,-2,2
40817,110,109,1,1
40818,125,118,7,7
40819,89,93,-4,4
40820,129,137,-8,8
40821,70,67,3,3
40822,149,146,3,3
40823,72,89,-17,17
40824,96,103,-7,7
40825,76,85,-9,9
40826,154,141,13,13
40827,220,182,38,38
40828,106,106,0,0
40829,95,101,-6,6
40830,158,153,5,5
40831,140,134,6,6
40832,86,87,-1,1
40833,96,85,11,11
40834,100,96,4,4
40835,70,76,-6,6
40836,64,67,-3,3
40837,147,136,11,11
40838,75,78,-3,3
40839,80,81,-1,1
40840,161,142,19,19
40841,83,98,-15,15
40842,89,81,8,8
40843,169,152,17,17
40844,85,86,-1,1
40845,151,145,6,6
40846,85,80,5,5
40847,61,71,-10,10
40848,62,64,-2,2
40849,118,107,11,11
40850,97,94,3,3
40851,118,109,9,9
40852,104,92,12,12
40853,44,49,-5,5
40854,101,95,6,6
40855,69,74,-5,5
40856,52,57,-5,5
40857,115,111,4,4
40858,56,61,-5,5
40859,110,115,-5,5
40860,96,114,-18,18
40861,88,86,2,2
40862,94,96,-2,2
40863,60,63,-3,3
40864,108,103,5,5
40865,114,103,11,11
40866,87,90,-3,3
40867,102,97,5,5
40868,75,75,0,0
40869,56,58,-2,2
40870,123,127,-4,4
40871,29,50,-21,21
40872,70,84,-14,14
40873,87,83,4,4
40874,48,65,-17,17
40875,108,101,7,7
40876,164,157,7,7
40877,125,109,16,16
40878,66,70,-4,4
40879,190,169,21,21
40880,91,87,4,4
40881,116,94,22,22
40882,96,94,2,2
40883,86,85,1,1
40884,157,155,2,2
40885,149,133,16,16
40886,54,55,-1,1
40887,81,82,-1,1
40888,97,102,-5,5
40889,128,120,8,8
40890,96,99,-3,3
40891,121,120,1,1
40892,131,121,10,10
40893,133,117,16,16
40894,130,121,9,9
40895,97,90,7,7
40896,68,78,-10,10
40897,118,104,14,14
40898,91,89,2,2
40899,90,105,-15,15
40900,65,69,-4,4
40901,143,125,18,18
40902,80,70,10,10
40903,96,80,16,16
40904,104,95,9,9
40905,112,110,2,2
40906,86,86,0,0
40907,91,92,-1,1
40908,205,166,39,39
40909,73,86,-13,13
40910,101,97,4,4
40911,73,81,-8,8
40912,90,85,5,5
40913,191,183,8,8
40914,90,89,1,1
40915,149,139,10,10
40916,73,84,-11,11
40917,152,144,8,8
40918,115,107,8,8
40919,88,94,-6,6
40920,86,84,2,2
40921,103,101,2,2
40922,37,43,-6,6
40923,83,76,7,7
40924,76,72,4,4
40925,56,54,2,2
40926,130,121,9,9
40927,67,69,-2,2
40928,78,72,6,6
40929,105,104,1,1
40930,101,100,1,1
40931,88,87,1,1
40932,83,86,-3,3
40933,108,107,1,1
40934,67,66,1,1
40935,107,102,5,5
40936,43,45,-2,2
40937,71,78,-7,7
40938,99,93,6,6
40939,120,123,-3,3
40940,132,118,14,14
40941,30,45,-15,15
40942,88,89,-1,1
40943,82,93,-11,11
40944,59,72,-13,13
40945,68,72,-4,4
40946,120,105,15,15
40947,60,60,0,0
40948,103,99,4,4
40949,110,107,3,3
40950,114,106,8,8
40951,90,89,1,1
40952,192,169,23,23
40953,100,98,2,2
40954,119,116,3,3
40955,91,84,7,7
40956,98,96,2,2
40957,51,56,-5,5
40958,94,89,5,5
40959,98,101,-3,3
40960,71,71,0,0
40961,106,118,-12,12
40962,78,84,-6,6
40963,66,77,-11,11
40964,79,84,-5,5
40965,85,88,-3,3
40966,147,140,7,7
40967,68,70,-2,2
40968,66,68,-2,2
40969,81,80,1,1
40970,133,127,6,6
40971,120,110,10,10
40972,71,77,-6,6
40973,169,157,12,12
40974,159,143,16,16
40975,57,73,-16,16
40976,73,77,-4,4
40977,44,52,-8,8
40978,85,89,-4,4
40979,49,65,-16,16
40980,54,57,-3,3
40981,89,85,4,4
40982,62,72,-10,10
40983,88,85,3,3
40984,93,101,-8,8
40985,66,72,-6,6
40986,69,74,-5,5
40987,138,145,-7,7
40988,88,90,-2,2
40989,102,104,-2,2
40990,45,51,-6,6
40991,48,53,-5,5
40992,106,107,-1,1
40993,158,126,32,32
40994,125,116,9,9
40995,64,82,-18,18
40996,153,146,7,7
40997,66,71,-5,5
40998,87,88,-1,1
40999,90,85,5,5
41000,105,105,0,0
41001,51,56,-5,5
41002,148,131,17,17
41003,123,126,-3,3
41004,59,64,-5,5
41005,88,77,11,11
41006,91,91,0,0
41007,77,82,-5,5
41008,98,93,5,5
41009,84,89,-5,5
41010,97,90,7,7
41011,129,115,14,14
41012,158,151,7,7
41013,99,102,-3,3
41014,153,147,6,6
41015,140,119,21,21
41016,97,93,4,4
41017,116,113,3,3
41018,108,103,5,5
41019,117,113,4,4
41020,112,109,3,3
41021,70,76,-6,6
41022,117,122,-5,5
41023,186,171,15,15
41024,88,87,1,1
41025,40,49,-9,9
41026,69,72,-3,3
41027,138,120,18,18
41028,68,74,-6,6
41029,194,165,29,29
41030,141,131,10,10
41031,66,80,-14,14
41032,87,96,-9,9
41033,112,107,5,5
41034,120,107,13,13
41035,117,107,10,10
41036,116,118,-2,2
41037,113,119,-6,6
41038,109,117,-8,8
41039,116,110,6,6
41040,107,101,6,6
41041,156,140,16,16
41042,54,60,-6,6
41043,96,88,8,8
41044,116,110,6,6
41045,105,101,4,4
41046,53,52,1,1
41047,146,134,12,12
41048,111,116,-5,5
41049,55,55,0,0
41050,130,120,10,10
41051,89,86,3,3
41052,99,108,-9,9
41053,101,89,12,12
41054,107,108,-1,1
41055,56,63,-7,7
41056,72,80,-8,8
41057,141,130,11,11
41058,49,59,-10,10
41059,50,51,-1,1
41060,106,94,12,12
41061,71,72,-1,1
41062,82,96,-14,14
41063,112,105,7,7
41064,114,114,0,0
41065,91,93,-2,2
41066,79,80,-1,1
41067,87,89,-2,2
41068,72,71,1,1
41069,140,134,6,6
41070,79,88,-9,9
41071,103,92,11,11
41072,105,105,0,0
41073,80,82,-2,2
41074,63,70,-7,7
41075,89,85,4,4
41076,58,67,-9,9
41077,71,71,0,0
41078,91,97,-6,6
41079,64,60,4,4
41080,134,126,8,8
41081,144,137,7,7
41082,46,69,-23,23
41083,79,89,-10,10
41084,137,118,19,19
41085,71,77,-6,6
41086,88,84,4,4
41087,99,93,6,6
41088,77,83,-6,6
41089,71,77,-6,6
41090,66,70,-4,4
41091,57,68,-11,11
41092,107,104,3,3
41093,157,148,9,9
41094,59,71,-12,12
41095,107,115,-8,8
41096,150,135,15,15
41097,97,98,-1,1
41098,56,64,-8,8
41099,122,115,7,7
41100,118,104,14,14
41101,98,83,15,15
41102,87,91,-4,4
41103,84,75,9,9
41104,67,69,-2,2
41105,97,98,-1,1
41106,110,109,1,1
41107,75,80,-5,5
41108,49,59,-10,10
41109,121,129,-8,8
41110,124,116,8,8
41111,86,85,1,1
41112,91,90,1,1
41113,74,75,-1,1
41114,87,83,4,4
41115,61,69,-8,8
41116,76,79,-3,3
41117,169,164,5,5
41118,79,80,-1,1
41119,85,94,-9,9
41120,129,114,15,15
41121,68,75,-7,7
41122,88,110,-22,22
41123,136,122,14,14
41124,81,83,-2,2
41125,143,142,1,1
41126,66,68,-2,2
41127,90,97,-7,7
41128,69,72,-3,3
41129,129,129,0,0
41130,77,87,-10,10
41131,128,123,5,5
41132,110,112,-2,2
41133,125,120,5,5
41134,82,79,3,3
41135,147,131,16,16
41136,77,84,-7,7
41137,81,68,13,13
41138,91,88,3,3
41139,106,89,17,17
41140,65,73,-8,8
41141,59,61,-2,2
41142,107,110,-3,3
41143,75,86,-11,11
41144,86,101,-15,15
41145,92,91,1,1
41146,87,89,-2,2
41147,115,121,-6,6
41148,70,75,-5,5
41149,78,73,5,5
41150,77,76,1,1
41151,142,144,-2,2
41152,161,148,13,13
41153,145,127,18,18
41154,102,100,2,2
41155,68,74,-6,6
41156,81,87,-6,6
41157,92,82,10,10
41158,91,92,-1,1
41159,87,84,3,3
41160,168,154,14,14
41161,58,63,-5,5
41162,119,103,16,16
41163,55,55,0,0
41164,69,74,-5,5
41165,69,70,-1,1
41166,99,101,-2,2
41167,72,76,-4,4
41168,82,89,-7,7
41169,134,123,11,11
41170,88,81,7,7
41171,61,71,-10,10
41172,77,82,-5,5
41173,106,99,7,7
41174,89,89,0,0
41175,90,90,0,0
41176,102,110,-8,8
41177,77,77,0,0
41178,63,67,-4,4
41179,76,76,0,0
41180,67,65,2,2
41181,64,80,-16,16
41182,66,74,-8,8
41183,126,120,6,6
41184,91,97,-6,6
41185,148,125,23,23
41186,111,103,8,8
41187,58,72,-14,14
41188,93,87,6,6
41189,80,79,1,1
41190,173,155,18,18
41191,80,79,1,1
41192,117,108,9,9
41193,69,63,6,6
41194,115,111,4,4
41195,122,109,13,13
41196,76,80,-4,4
41197,89,73,16,16
41198,92,107,-15,15
41199,101,97,4,4
41200,156,139,17,17
41201,88,93,-5,5
41202,61,66,-5,5
41203,80,78,2,2
41204,128,122,6,6
41205,101,94,7,7
41206,114,108,6,6
41207,142,121,21,21
41208,53,54,-1,1
41209,138,127,11,11
41210,49,54,-5,5
41211,146,123,23,23
41212,91,85,6,6
41213,136,138,-2,2
41214,60,75,-15,15
41215,147,133,14,14
41216,86,86,0,0
41217,71,69,2,2
41218,127,147,-20,20
41219,62,69,-7,7
41220,109,104,5,5
41221,69,75,-6,6
41222,186,171,15,15
41223,44,54,-10,10
41224,39,42,-3,3
41225,89,92,-3,3
41226,113,114,-1,1
41227,65,67,-2,2
41228,63,74,-11,11
41229,61,73,-12,12
41230,132,121,11,11
41231,70,80,-10,10
41232,179,165,14,14
41233,103,107,-4,4
41234,118,107,11,11
41235,71,72,-1,1
41236,156,135,21,21
41237,95,91,4,4
41238,108,110,-2,2
41239,92,91,1,1
41240,125,116,9,9
41241,103,93,10,10
41242,87,81,6,6
41243,57,72,-15,15
41244,95,94,1,1
41245,207,200,7,7
41246,72,80,-8,8
41247,158,149,9,9
41248,78,83,-5,5
41249,59,68,-9,9
41250,77,75,2,2
41251,78,75,3,3
41252,120,106,14,14
41253,137,126,11,11
41254,71,72,-1,1
41255,117,111,6,6
41256,97,97,0,0
41257,108,107,1,1
41258,64,73,-9,9
41259,125,115,10,10
41260,57,54,3,3
41261,47,58,-11,11
41262,110,102,8,8
41263,173,168,5,5
41264,70,70,0,0
41265,112,106,6,6
41266,69,73,-4,4
41267,95,89,6,6
41268,50,55,-5,5
41269,60,63,-3,3
41270,108,107,1,1
41271,88,88,0,0
41272,141,152,-11,11
41273,65,72,-7,7
41274,111,119,-8,8
41275,110,97,13,13
41276,156,126,30,30
41277,70,89,-19,19
41278,77,85,-8,8
41279,111,107,4,4
41280,77,83,-6,6
41281,132,140,-8,8
41282,94,87,7,7
41283,87,89,-2,2
41284,71,77,-6,6
41285,69,79,-10,10
41286,57,64,-7,7
41287,63,70,-7,7
41288,170,160,10,10
41289,99,97,2,2
41290,91,92,-1,1
41291,75,83,-8,8
41292,155,145,10,10
41293,169,150,19,19
41294,121,109,12,12
41295,56,63,-7,7
41296,73,74,-1,1
41297,142,87,55,55
41298,76,88,-12,12
41299,117,113,4,4
41300,113,115,-2,2
41301,63,60,3,3
41302,146,128,18,18
41303,71,71,0,0
41304,68,69,-1,1
41305,96,94,2,2
41306,64,74,-10,10
41307,79,73,6,6
41308,77,80,-3,3
41309,54,66,-12,12
41310,81,85,-4,4
41311,106,108,-2,2
41312,130,117,13,13
41313,63,69,-6,6
41314,74,80,-6,6
41315,87,89,-2,2
41316,97,94,3,3
41317,136,139,-3,3
41318,78,78,0,0
41319,114,103,11,11
41320,172,183,-11,11
41321,69,85,-16,16
41322,55,68,-13,13
41323,68,71,-3,3
41324,84,84,0,0
41325,64,73,-9,9
41326,44,57,-13,13
41327,98,91,7,7
41328,118,118,0,0
41329,115,105,10,10
41330,151,141,10,10
41331,66,72,-6,6
41332,150,129,21,21
41333,94,88,6,6
41334,83,93,-10,10
41335,138,123,15,15
41336,96,94,2,2
41337,117,111,6,6
41338,32,35,-3,3
41339,167,153,14,14
41340,162,140,22,22
41341,120,120,0,0
41342,84,85,-1,1
41343,64,66,-2,2
41344,147,137,10,10
41345,74,79,-5,5
41346,42,56,-14,14
41347,65,78,-13,13
41348,87,82,5,5
41349,101,106,-5,5
41350,64,66,-2,2
41351,54,69,-15,15
41352,99,102,-3,3
41353,60,68,-8,8
41354,62,67,-5,5
41355,134,120,14,14
41356,79,85,-6,6
41357,74,77,-3,3
41358,103,109,-6,6
41359,160,153,7,7
41360,103,100,3,3
41361,96,96,0,0
41362,66,66,0,0
41363,72,71,1,1
41364,69,75,-6,6
41365,115,110,5,5
41366,74,70,4,4
41367,47,55,-8,8
41368,116,104,12,12
41369,75,88,-13,13
41370,74,88,-14,14
41371,138,126,12,12
41372,83,87,-4,4
41373,78,86,-8,8
41374,144,128,16,16
41375,94,89,5,5
41376,91,88,3,3
41377,97,103,-6,6
41378,79,81,-2,2
41379,87,89,-2,2
41380,50,59,-9,9
41381,61,64,-3,3
41382,66,78,-12,12
41383,83,82,1,1
41384,69,67,2,2
41385,117,101,16,16
41386,123,112,11,11
41387,152,125,27,27
41388,53,58,-5,5
41389,41,75,-34,34
41390,120,106,14,14
41391,50,63,-13,13
41392,103,103,0,0
41393,59,79,-20,20
41394,146,132,14,14
41395,74,71,3,3
41396,119,111,8,8
41397,100,102,-2,2
41398,109,100,9,9
41399,140,123,17,17
41400,104,103,1,1
41401,118,120,-2,2
41402,129,114,15,15
41403,62,68,-6,6
41404,80,84,-4,4
41405,67,72,-5,5
41406,45,57,-12,12
41407,111,109,2,2
41408,110,109,1,1
41409,68,75,-7,7
41410,84,101,-17,17
41411,132,114,18,18
41412,67,69,-2,2
41413,66,72,-6,6
41414,53,64,-11,11
41415,88,88,0,0
41416,115,115,0,0
41417,142,138,4,4
41418,134,130,4,4
41419,108,105,3,3
41420,63,71,-8,8
41421,68,69,-1,1
41422,96,87,9,9
41423,73,80,-7,7
41424,88,90,-2,2
41425,107,99,8,8
41426,114,129,-15,15
41427,132,126,6,6
41428,64,77,-13,13
41429,73,71,2,2
41430,109,100,9,9
41431,65,66,-1,1
41432,138,109,29,29
41433,103,100,3,3
41434,132,122,10,10
41435,67,72,-5,5
41436,70,72,-2,2
41437,114,127,-13,13
41438,54,66,-12,12
41439,87,85,2,2
41440,57,65,-8,8
41441,163,156,7,7
41442,83,87,-4,4
41443,48,54,-6,6
41444,62,71,-9,9
41445,110,99,11,11
41446,64,71,-7,7
41447,154,141,13,13
41448,119,112,7,7
41449,81,90,-9,9
41450,76,77,-1,1
41451,125,102,23,23
41452,82,80,2,2
41453,140,130,10,10
41454,58,58,0,0
41455,90,83,7,7
41456,94,87,7,7
41457,70,73,-3,3
41458,126,111,15,15
41459,42,52,-10,10
41460,96,87,9,9
41461,144,125,19,19
41462,84,77,7,7
41463,91,88,3,3
41464,89,86,3,3
41465,68,75,-7,7
41466,74,77,-3,3
41467,73,77,-4,4
41468,95,84,11,11
41469,141,125,16,16
41470,144,128,16,16
41471,115,116,-1,1
41472,126,109,17,17
41473,81,80,1,1
41474,70,68,2,2
41475,101,102,-1,1
41476,36,46,-10,10
41477,103,97,6,6
41478,50,60,-10,10
41479,108,96,12,12
41480,168,166,2,2
41481,89,98,-9,9
41482,128,118,10,10
41483,87,77,10,10
41484,72,68,4,4
41485,166,152,14,14
41486,75,75,0,0
41487,116,115,1,1
41488,66,71,-5,5
41489,89,95,-6,6
41490,72,80,-8,8
41491,103,113,-10,10
41492,82,88,-6,6
41493,108,108,0,0
41494,115,104,11,11
41495,154,161,-7,7
41496,96,101,-5,5
41497,70,69,1,1
41498,105,101,4,4
41499,103,106,-3,3
41500,80,84,-4,4
41501,167,136,31,31
41502,131,128,3,3
41503,87,88,-1,1
41504,83,86,-3,3
41505,221,194,27,27
41506,67,66,1,1
41507,114,112,2,2
41508,88,79,9,9
41509,80,79,1,1
41510,183,164,19,19
41511,67,74,-7,7
41512,172,156,16,16
41513,56,57,-1,1
41514,60,65,-5,5
41515,60,63,-3,3
41516,77,79,-2,2
41517,85,79,6,6
41518,64,71,-7,7
41519,88,94,-6,6
41520,143,126,17,17
41521,148,141,7,7
41522,73,78,-5,5
41523,97,99,-2,2
41524,85,96,-11,11
41525,62,65,-3,3
41526,82,81,1,1
41527,63,65,-2,2
41528,55,57,-2,2
41529,133,122,11,11
41530,96,102,-6,6
41531,98,97,1,1
41532,67,69,-2,2
41533,104,107,-3,3
41534,118,152,-34,34
41535,83,93,-10,10
41536,110,111,-1,1
41537,138,125,13,13
41538,79,79,0,0
41539,75,73,2,2
41540,67,71,-4,4
41541,59,65,-6,6
41542,63,60,3,3
41543,125,114,11,11
41544,156,150,6,6
41545,88,84,4,4
41546,106,103,3,3
41547,88,87,1,1
41548,126,124,2,2
41549,71,79,-8,8
41550,109,105,4,4
41551,61,98,-37,37
41552,100,104,-4,4
41553,157,128,29,29
41554,168,155,13,13
41555,110,105,5,5
41556,92,95,-3,3
41557,118,122,-4,4
41558,159,152,7,7
41559,67,70,-3,3
41560,78,89,-11,11
41561,93,95,-2,2
41562,76,78,-2,2
41563,156,142,14,14
41564,63,72,-9,9
41565,87,86,1,1
41566,79,77,2,2
41567,56,63,-7,7
41568,65,69,-4,4
41569,99,100,-1,1
41570,90,83,7,7
41571,108,109,-1,1
41572,59,64,-5,5
41573,48,77,-29,29
41574,73,73,0,0
41575,111,102,9,9
41576,69,70,-1,1
41577,149,125,24,24
41578,87,79,8,8
41579,87,85,2,2
41580,85,82,3,3
41581,112,100,12,12
41582,78,93,-15,15
41583,74,89,-15,15
41584,85,86,-1,1
41585,77,82,-5,5
41586,113,102,11,11
41587,106,104,2,2
41588,61,70,-9,9
41589,82,88,-6,6
41590,115,114,1,1
41591,51,62,-11,11
41592,109,95,14,14
41593,61,65,-4,4
41594,60,69,-9,9
41595,129,120,9,9
41596,152,124,28,28
41597,90,86,4,4
41598,204,181,23,23
41599,95,88,7,7
41600,81,85,-4,4
41601,75,80,-5,5
41602,95,89,6,6
41603,108,105,3,3
41604,140,126,14,14
41605,47,53,-6,6
41606,92,80,12,12
41607,127,127,0,0
41608,64,75,-11,11
41609,86,78,8,8
41610,83,77,6,6
41611,86,96,-10,10
41612,110,107,3,3
41613,128,130,-2,2
41614,152,142,10,10
41615,106,111,-5,5
41616,71,77,-6,6
41617,70,81,-11,11
41618,71,73,-2,2
41619,80,88,-8,8
41620,10,28,-18,18
41621,95,88,7,7
41622,88,87,1,1
41623,55,46,9,9
41624,96,84,12,12
41625,114,102,12,12
41626,113,106,7,7
41627,115,106,9,9
41628,50,56,-6,6
41629,130,123,7,7
41630,130,123,7,7
41631,85,86,-1,1
41632,72,77,-5,5
41633,177,160,17,17
41634,90,95,-5,5
41635,131,135,-4,4
41636,68,74,-6,6
41637,46,58,-12,12
41638,96,100,-4,4
41639,161,144,17,17
41640,60,65,-5,5
41641,73,78,-5,5
41642,50,59,-9,9
41643,60,55,5,5
41644,122,116,6,6
41645,136,125,11,11
41646,90,87,3,3
41647,131,123,8,8
41648,95,88,7,7
41649,66,72,-6,6
41650,105,111,-6,6
41651,82,83,-1,1
41652,107,106,1,1
41653,61,63,-2,2
41654,136,121,15,15
41655,128,133,-5,5
41656,66,79,-13,13
41657,125,120,5,5
41658,69,69,0,0
41659,68,81,-13,13
41660,84,88,-4,4
41661,47,63,-16,16
41662,77,80,-3,3
41663,113,105,8,8
41664,155,149,6,6
41665,88,95,-7,7
41666,76,78,-2,2
41667,104,139,-35,35
41668,43,52,-9,9
41669,69,80,-11,11
41670,94,103,-9,9
41671,121,115,6,6
41672,178,158,20,20
41673,69,69,0,0
41674,113,115,-2,2
41675,118,113,5,5
41676,86,86,0,0
41677,71,73,-2,2
41678,112,109,3,3
41679,114,103,11,11
41680,68,69,-1,1
41681,75,74,1,1
41682,103,96,7,7
41683,71,80,-9,9
41684,57,61,-4,4
41685,88,87,1,1
41686,165,146,19,19
41687,79,88,-9,9
41688,133,129,4,4
41689,125,111,14,14
41690,91,105,-14,14
41691,117,116,1,1
41692,108,103,5,5
41693,101,101,0,0
41694,61,68,-7,7
41695,170,148,22,22
41696,152,137,15,15
41697,86,85,1,1
41698,89,86,3,3
41699,137,126,11,11
41700,107,105,2,2
41701,145,131,14,14
41702,152,148,4,4
41703,89,84,5,5
41704,81,81,0,0
41705,102,106,-4,4
41706,85,92,-7,7
41707,70,75,-5,5
41708,85,83,2,2
41709,105,101,4,4
41710,79,71,8,8
41711,55,68,-13,13
41712,94,90,4,4
41713,49,61,-12,12
41714,42,47,-5,5
41715,302,240,62,62
41716,116,108,8,8
41717,68,73,-5,5
41718,81,84,-3,3
41719,98,109,-11,11
41720,120,106,14,14
41721,135,134,1,1
41722,85,88,-3,3
41723,76,78,-2,2
41724,125,118,7,7
41725,26,27,-1,1
41726,111,94,17,17
41727,152,132,20,20
41728,85,85,0,0
41729,99,103,-4,4
41730,98,117,-19,19
41731,99,97,2,2
41732,81,80,1,1
41733,98,108,-10,10
41734,101,90,11,11
41735,64,70,-6,6
41736,185,170,15,15
41737,97,99,-2,2
41738,93,101,-8,8
41739,65,71,-6,6
41740,89,90,-1,1
41741,53,64,-11,11
41742,96,94,2,2
41743,133,121,12,12
41744,149,128,21,21
41745,155,138,17,17
41746,86,76,10,10
41747,64,67,-3,3
41748,133,120,13,13
41749,119,126,-7,7
41750,70,76,-6,6
41751,57,62,-5,5
41752,56,66,-10,10
41753,55,59,-4,4
41754,57,67,-10,10
41755,106,106,0,0
41756,85,90,-5,5
41757,80,82,-2,2
41758,71,87,-16,16
41759,79,94,-15,15
41760,72,80,-8,8
41761,67,69,-2,2
41762,200,173,27,27
41763,55,64,-9,9
41764,103,103,0,0
41765,80,82,-2,2
41766,113,111,2,2
41767,34,69,-35,35
41768,77,85,-8,8
41769,145,141,4,4
41770,143,144,-1,1
41771,100,97,3,3
41772,53,58,-5,5
41773,61,90,-29,29
41774,109,113,-4,4
41775,86,82,4,4
41776,72,78,-6,6
41777,86,95,-9,9
41778,115,124,-9,9
41779,74,82,-8,8
41780,85,85,0,0
41781,97,93,4,4
41782,111,107,4,4
41783,63,83,-20,20
41784,104,104,0,0
41785,101,103,-2,2
41786,110,104,6,6
41787,72,83,-11,11
41788,128,122,6,6
41789,74,88,-14,14
41790,108,97,11,11
41791,110,108,2,2
41792,68,71,-3,3
41793,41,46,-5,5
41794,153,152,1,1
41795,115,113,2,2
41796,58,68,-10,10
41797,45,68,-23,23
41798,92,91,1,1
41799,57,66,-9,9
41800,125,112,13,13
41801,82,88,-6,6
41802,61,66,-5,5
41803,148,133,15,15
41804,72,74,-2,2
41805,108,109,-1,1
41806,97,106,-9,9
41807,134,120,14,14
41808,50,57,-7,7
41809,66,69,-3,3
41810,61,63,-2,2
41811,91,87,4,4
41812,133,123,10,10
41813,131,109,22,22
41814,67,81,-14,14
41815,112,106,6,6
41816,100,108,-8,8
41817,193,172,21,21
41818,90,84,6,6
41819,77,78,-1,1
41820,80,82,-2,2
41821,117,110,7,7
41822,87,90,-3,3
41823,64,71,-7,7
41824,61,66,-5,5
41825,120,121,-1,1
41826,119,118,1,1
41827,137,122,15,15
41828,54,59,-5,5
41829,162,140,22,22
41830,152,156,-4,4
41831,69,66,3,3
41832,80,80,0,0
41833,92,91,1,1
41834,96,88,8,8
41835,107,109,-2,2
41836,71,77,-6,6
41837,83,90,-7,7
41838,89,94,-5,5
41839,121,113,8,8
41840,81,85,-4,4
41841,112,113,-1,1
41842,147,128,19,19
41843,62,66,-4,4
41844,129,121,8,8
41845,74,84,-10,10
41846,168,141,27,27
41847,47,50,-3,3
41848,128,129,-1,1
41849,49,61,-12,12
41850,56,65,-9,9
41851,89,84,5,5
41852,67,70,-3,3
41853,68,79,-11,11
41854,114,113,1,1
41855,137,143,-6,6
41856,122,116,6,6
41857,74,77,-3,3
41858,67,66,1,1
41859,129,122,7,7
41860,139,135,4,4
41861,62,69,-7,7
41862,100,102,-2,2
41863,88,86,2,2
41864,64,70,-6,6
41865,92,86,6,6
41866,119,130,-11,11
41867,81,86,-5,5
41868,59,67,-8,8
41869,106,102,4,4
41870,94,86,8,8
41871,112,101,11,11
41872,80,85,-5,5
41873,101,107,-6,6
41874,135,123,12,12
41875,135,121,14,14
41876,104,96,8,8
41877,85,86,-1,1
41878,176,157,19,19
41879,79,77,2,2
41880,69,68,1,1
41881,41,45,-4,4
41882,47,50,-3,3
41883,67,74,-7,7
41884,69,79,-10,10
41885,51,58,-7,7
41886,73,88,-15,15
41887,108,104,4,4
41888,47,49,-2,2
41889,120,124,-4,4
41890,117,110,7,7
41891,91,101,-10,10
41892,110,114,-4,4
41893,82,82,0,0
41894,97,96,1,1
41895,92,91,1,1
41896,72,75,-3,3
41897,74,72,2,2
41898,80,95,-15,15
41899,49,56,-7,7
41900,133,123,10,10
41901,85,89,-4,4
41902,116,109,7,7
41903,72,74,-2,2
41904,125,119,6,6
41905,91,92,-1,1
41906,103,97,6,6
41907,110,106,4,4
41908,102,102,0,0
41909,111,102,9,9
41910,50,68,-18,18
41911,50,54,-4,4
41912,106,103,3,3
41913,79,79,0,0
41914,138,120,18,18
41915,110,115,-5,5
41916,59,66,-7,7
41917,72,73,-1,1
41918,190,162,28,28
41919,93,89,4,4
41920,47,49,-2,2
41921,46,60,-14,14
41922,135,125,10,10
41923,56,75,-19,19
41924,67,68,-1,1
41925,101,100,1,1
41926,78,81,-3,3
41927,61,78,-17,17
41928,43,59,-16,16
41929,142,136,6,6
41930,88,93,-5,5
41931,119,115,4,4
41932,146,124,22,22
41933,93,98,-5,5
41934,109,108,1,1
41935,105,103,2,2
41936,98,101,-3,3
41937,75,78,-3,3
41938,78,83,-5,5
41939,101,109,-8,8
41940,88,103,-15,15
41941,133,132,1,1
41942,66,71,-5,5
41943,101,96,5,5
41944,94,98,-4,4
41945,86,83,3,3
41946,95,88,7,7
41947,96,103,-7,7
41948,83,83,0,0
41949,119,96,23,23
41950,116,115,1,1
41951,92,86,6,6
41952,89,98,-9,9
41953,215,209,6,6
41954,96,93,3,3
41955,138,124,14,14
41956,73,78,-5,5
41957,72,84,-12,12
41958,83,93,-10,10
41959,119,111,8,8
41960,83,83,0,0
41961,140,128,12,12
41962,164,143,21,21
41963,105,96,9,9
41964,109,93,16,16
41965,100,93,7,7
41966,95,96,-1,1
41967,85,83,2,2
41968,83,85,-2,2
41969,148,137,11,11
41970,95,100,-5,5
41971,110,121,-11,11
41972,104,111,-7,7
41973,125,135,-10,10
41974,110,120,-10,10
41975,109,104,5,5
41976,87,81,6,6
41977,166,155,11,11
41978,68,85,-17,17
41979,104,93,11,11
41980,127,103,24,24
41981,60,67,-7,7
41982,106,97,9,9
41983,58,66,-8,8
41984,59,64,-5,5
41985,98,93,5,5
41986,150,146,4,4
41987,107,112,-5,5
41988,75,85,-10,10
41989,95,98,-3,3
41990,82,83,-1,1
41991,101,87,14,14
41992,63,74,-11,11
41993,81,70,11,11
41994,60,67,-7,7
41995,121,114,7,7
41996,110,101,9,9
41997,73,83,-10,10
41998,62,68,-6,6
41999,66,75,-9,9
42000,87,90,-3,3
42001,130,134,-4,4
42002,84,88,-4,4
42003,142,127,15,15
42004,61,67,-6,6
42005,109,106,3,3
42006,147,133,14,14
42007,37,62,-25,25
42008,246,188,58,58
42009,61,73,-12,12
42010,111,105,6,6
42011,92,93,-1,1
42012,133,137,-4,4
42013,161,143,18,18
42014,128,131,-3,3
42015,73,67,6,6
42016,115,111,4,4
42017,159,148,11,11
42018,75,75,0,0
42019,85,97,-12,12
42020,79,83,-4,4
42021,103,96,7,7
42022,109,104,5,5
42023,89,89,0,0
42024,158,150,8,8
42025,86,89,-3,3
42026,114,102,12,12
42027,145,133,12,12
42028,83,83,0,0
42029,142,136,6,6
42030,48,59,-11,11
42031,69,76,-7,7
42032,90,104,-14,14
42033,152,135,17,17
42034,72,77,-5,5
42035,93,94,-1,1
42036,59,65,-6,6
42037,142,127,15,15
42038,95,86,9,9
42039,152,132,20,20
42040,87,89,-2,2
42041,79,71,8,8
42042,80,83,-3,3
42043,89,92,-3,3
42044,74,73,1,1
42045,78,80,-2,2
42046,100,98,2,2
42047,92,96,-4,4
42048,135,130,5,5
42049,112,111,1,1
42050,109,108,1,1
42051,86,75,11,11
42052,80,76,4,4
42053,92,105,-13,13
42054,93,95,-2,2
42055,111,113,-2,2
42056,64,70,-6,6
42057,96,80,16,16
42058,79,94,-15,15
42059,148,155,-7,7
42060,74,84,-10,10
42061,91,83,8,8
42062,85,87,-2,2
42063,104,97,7,7
42064,132,130,2,2
42065,75,85,-10,10
42066,175,167,8,8
42067,77,72,5,5
42068,92,95,-3,3
42069,150,138,12,12
42070,35,31,4,4
42071,79,82,-3,3
42072,57,70,-13,13
42073,70,60,10,10
42074,117,128,-11,11
42075,84,86,-2,2
42076,51,81,-30,30
42077,88,96,-8,8
42078,83,83,0,0
42079,89,81,8,8
42080,79,81,-2,2
42081,76,84,-8,8
42082,50,67,-17,17
42083,102,94,8,8
42084,111,121,-10,10
42085,82,87,-5,5
42086,114,122,-8,8
42087,99,87,12,12
42088,111,106,5,5
42089,99,104,-5,5
42090,68,69,-1,1
42091,159,134,25,25
42092,78,84,-6,6
42093,43,59,-16,16
42094,64,71,-7,7
42095,77,84,-7,7
42096,38,40,-2,2
42097,39,42,-3,3
42098,87,91,-4,4
42099,89,80,9,9
42100,101,101,0,0
42101,115,110,5,5
42102,101,99,2,2
42103,52,64,-12,12
42104,68,76,-8,8
42105,57,67,-10,10
42106,97,89,8,8
42107,80,85,-5,5
42108,95,89,6,6
42109,155,139,16,16
42110,74,76,-2,2
42111,104,91,13,13
42112,63,77,-14,14
42113,28,37,-9,9
42114,96,94,2,2
42115,104,105,-1,1
42116,118,113,5,5
42117,81,78,3,3
42118,58,67,-9,9
42119,85,90,-5,5
42120,59,66,-7,7
42121,91,102,-11,11
42122,120,108,12,12
42123,58,49,9,9
42124,89,80,9,9
42125,101,104,-3,3
42126,89,88,1,1
42127,68,65,3,3
42128,122,108,14,14
42129,71,80,-9,9
42130,71,73,-2,2
42131,75,95,-20,20
42132,130,129,1,1
42133,103,88,15,15
42134,114,110,4,4
42135,145,134,11,11
42136,108,103,5,5
42137,102,102,0,0
42138,107,98,9,9
42139,97,98,-1,1
42140,94,88,6,6
42141,70,73,-3,3
42142,91,92,-1,1
42143,92,97,-5,5
42144,60,71,-11,11
42145,83,86,-3,3
42146,92,87,5,5
42147,106,106,0,0
42148,47,65,-18,18
42149,72,70,2,2
42150,137,125,12,12
42151,69,76,-7,7
42152,69,65,4,4
42153,123,117,6,6
42154,77,85,-8,8
42155,74,70,4,4
42156,144,141,3,3
42157,132,125,7,7
42158,109,104,5,5
42159,93,93,0,0
42160,56,57,-1,1
42161,125,116,9,9
42162,54,68,-14,14
42163,127,115,12,12
42164,96,97,-1,1
42165,106,93,13,13
42166,98,95,3,3
42167,97,95,2,2
42168,65,70,-5,5
42169,91,86,5,5
42170,90,90,0,0
42171,135,121,14,14
42172,109,116,-7,7
42173,101,92,9,9
42174,80,83,-3,3
42175,105,107,-2,2
42176,64,69,-5,5
42177,155,147,8,8
42178,119,121,-2,2
42179,76,70,6,6
42180,122,114,8,8
42181,59,68,-9,9
42182,63,68,-5,5
42183,92,98,-6,6
42184,101,101,0,0
42185,100,97,3,3
42186,88,92,-4,4
42187,98,95,3,3
42188,153,132,21,21
42189,92,89,3,3
42190,76,71,5,5
42191,110,105,5,5
42192,86,88,-2,2
42193,130,124,6,6
42194,126,128,-2,2
42195,78,75,3,3
42196,77,77,0,0
42197,104,105,-1,1
42198,126,133,-7,7
42199,79,80,-1,1
42200,117,122,-5,5
42201,45,54,-9,9
42202,100,101,-1,1
42203,83,71,12,12
42204,134,126,8,8
42205,83,82,1,1
42206,90,95,-5,5
42207,86,94,-8,8
42208,89,89,0,0
42209,60,70,-10,10
42210,78,81,-3,3
42211,120,121,-1,1
42212,72,79,-7,7
42213,104,104,0,0
42214,188,164,24,24
42215,93,91,2,2
42216,159,140,19,19
42217,80,77,3,3
42218,96,98,-2,2
42219,114,114,0,0
42220,113,112,1,1
42221,62,76,-14,14
42222,140,131,9,9
42223,157,138,19,19
42224,61,69,-8,8
42225,95,104,-9,9
42226,130,126,4,4
42227,134,135,-1,1
42228,84,87,-3,3
42229,83,83,0,0
42230,96,101,-5,5
42231,85,83,2,2
42232,117,121,-4,4
42233,49,57,-8,8
42234,55,60,-5,5
42235,116,97,19,19
42236,65,70,-5,5
42237,86,86,0,0
42238,58,73,-15,15
42239,55,66,-11,11
42240,109,103,6,6
42241,109,96,13,13
42242,115,108,7,7
42243,131,108,23,23
42244,79,82,-3,3
42245,74,82,-8,8
42246,114,107,7,7
42247,125,111,14,14
42248,90,82,8,8
42249,81,82,-1,1
42250,109,102,7,7
42251,90,86,4,4
42252,58,60,-2,2
42253,67,76,-9,9
42254,88,84,4,4
42255,71,88,-17,17
42256,118,129,-11,11
42257,109,108,1,1
42258,75,95,-20,20
42259,38,43,-5,5
42260,173,155,18,18
42261,153,145,8,8
42262,66,63,3,3
42263,58,67,-9,9
42264,44,49,-5,5
42265,86,80,6,6
42266,100,97,3,3
42267,86,89,-3,3
42268,106,103,3,3
42269,80,80,0,0
42270,84,81,3,3
42271,76,77,-1,1
42272,96,91,5,5
42273,90,92,-2,2
42274,116,121,-5,5
42275,196,162,34,34
42276,103,99,4,4
42277,95,100,-5,5
42278,68,69,-1,1
42279,96,85,11,11
42280,109,99,10,10
42281,86,90,-4,4
42282,174,163,11,11
42283,78,84,-6,6
42284,47,58,-11,11
42285,96,93,3,3
42286,92,93,-1,1
42287,79,73,6,6
42288,85,82,3,3
42289,113,116,-3,3
42290,96,96,0,0
42291,80,81,-1,1
42292,43,46,-3,3
42293,93,100,-7,7
42294,63,72,-9,9
42295,96,89,7,7
42296,103,102,1,1
42297,53,65,-12,12
42298,99,94,5,5
42299,79,84,-5,5
42300,70,71,-1,1
42301,106,94,12,12
42302,104,139,-35,35
42303,141,133,8,8
42304,99,88,11,11
42305,96,95,1,1
42306,55,59,-4,4
42307,99,101,-2,2
42308,116,116,0,0
42309,64,90,-26,26
42310,152,131,21,21
42311,63,69,-6,6
42312,78,78,0,0
42313,123,133,-10,10
42314,126,123,3,3
42315,79,76,3,3
42316,92,77,15,15
42317,94,101,-7,7
42318,200,179,21,21
42319,157,153,4,4
42320,80,83,-3,3
42321,57,63,-6,6
42322,141,133,8,8
42323,60,68,-8,8
42324,85,79,6,6
42325,54,53,1,1
42326,159,156,3,3
42327,150,131,19,19
42328,87,81,6,6
42329,47,65,-18,18
42330,96,94,2,2
42331,82,83,-1,1
42332,74,73,1,1
42333,120,119,1,1
42334,109,92,17,17
42335,86,90,-4,4
42336,129,121,8,8
42337,196,173,23,23
42338,178,157,21,21
42339,105,98,7,7
42340,61,71,-10,10
42341,67,74,-7,7
42342,109,107,2,2
42343,111,120,-9,9
42344,52,69,-17,17
42345,89,80,9,9
42346,71,82,-11,11
42347,111,105,6,6
42348,40,40,0,0
42349,79,88,-9,9
42350,99,96,3,3
42351,96,95,1,1
42352,63,63,0,0
42353,103,121,-18,18
42354,97,107,-10,10
42355,90,91,-1,1
42356,119,104,15,15
42357,176,155,21,21
42358,97,98,-1,1
42359,131,130,1,1
42360,86,78,8,8
42361,77,77,0,0
42362,84,83,1,1
42363,70,69,1,1
42364,109,107,2,2
42365,121,115,6,6
42366,125,134,-9,9
42367,150,124,26,26
42368,103,97,6,6
42369,151,126,25,25
42370,58,62,-4,4
42371,64,69,-5,5
42372,122,119,3,3
42373,104,95,9,9
42374,92,86,6,6
42375,100,98,2,2
42376,142,126,16,16
42377,93,87,6,6
42378,120,112,8,8
42379,75,82,-7,7
42380,106,102,4,4
42381,60,71,-11,11
42382,83,85,-2,2
42383,98,96,2,2
42384,56,53,3,3
42385,37,40,-3,3
42386,97,87,10,10
42387,152,142,10,10
42388,97,89,8,8
42389,76,76,0,0
42390,80,91,-11,11
42391,56,63,-7,7
42392,108,97,11,11
42393,128,109,19,19
42394,117,110,7,7
42395,103,100,3,3
42396,31,45,-14,14
42397,84,81,3,3
42398,92,94,-2,2
42399,115,125,-10,10
42400,128,127,1,1
42401,128,118,10,10
42402,75,84,-9,9
42403,72,89,-17,17
42404,95,88,7,7
42405,56,64,-8,8
42406,83,85,-2,2
42407,97,102,-5,5
42408,109,96,13,13
42409,126,115,11,11
42410,135,132,3,3
42411,75,79,-4,4
42412,73,73,0,0
42413,89,89,0,0
42414,94,95,-1,1
42415,81,79,2,2
42416,78,85,-7,7
42417,79,78,1,1
42418,78,83,-5,5
42419,105,109,-4,4
42420,112,107,5,5
42421,75,71,4,4
42422,98,96,2,2
42423,94,93,1,1
42424,56,66,-10,10
42425,92,87,5,5
42426,68,74,-6,6
42427,104,103,1,1
42428,144,120,24,24
42429,50,64,-14,14
42430,51,57,-6,6
42431,61,80,-19,19
42432,83,88,-5,5
42433,28,40,-12,12
42434,99,104,-5,5
42435,83,88,-5,5
42436,162,144,18,18
42437,104,101,3,3
42438,88,94,-6,6
42439,95,92,3,3
42440,116,107,9,9
42441,144,130,14,14
42442,69,59,10,10
42443,102,110,-8,8
42444,116,114,2,2
42445,61,67,-6,6
42446,108,108,0,0
42447,55,61,-6,6
42448,142,129,13,13
42449,156,143,13,13
42450,129,115,14,14
42451,180,161,19,19
42452,111,112,-1,1
42453,179,167,12,12
42454,89,91,-2,2
42455,114,107,7,7
42456,96,88,8,8
42457,117,115,2,2
42458,64,71,-7,7
42459,57,61,-4,4
42460,54,69,-15,15
42461,95,90,5,5
42462,89,74,15,15
42463,109,100,9,9
42464,76,81,-5,5
42465,67,71,-4,4
42466,65,70,-5,5
42467,76,86,-10,10
42468,92,91,1,1
42469,92,91,1,1
42470,74,73,1,1
42471,92,85,7,7
42472,80,79,1,1
42473,89,89,0,0
42474,43,53,-10,10
42475,69,77,-8,8
42476,88,89,-1,1
42477,84,93,-9,9
42478,115,113,2,2
42479,56,61,-5,5
42480,95,104,-9,9
42481,80,93,-13,13
42482,80,78,2,2
42483,98,97,1,1
42484,49,58,-9,9
42485,91,87,4,4
42486,64,74,-10,10
42487,53,63,-10,10
42488,85,81,4,4
42489,98,95,3,3
42490,100,91,9,9
42491,69,77,-8,8
42492,48,54,-6,6
42493,105,96,9,9
42494,163,142,21,21
42495,150,143,7,7
42496,85,86,-1,1
42497,128,125,3,3
42498,99,102,-3,3
42499,103,96,7,7
42500,128,112,16,16
42501,107,108,-1,1
42502,55,68,-13,13
42503,84,93,-9,9
42504,90,97,-7,7
42505,90,95,-5,5
42506,72,74,-2,2
42507,91,91,0,0
42508,87,94,-7,7
42509,84,73,11,11
42510,42,51,-9,9
42511,65,75,-10,10
42512,131,125,6,6
42513,48,65,-17,17
42514,109,103,6,6
42515,85,94,-9,9
42516,66,64,2,2
42517,83,89,-6,6
42518,46,45,1,1
42519,141,131,10,10
42520,59,69,-10,10
42521,87,85,2,2
42522,84,94,-10,10
42523,86,94,-8,8
42524,127,117,10,10
42525,111,113,-2,2
42526,102,105,-3,3
42527,65,72,-7,7
42528,70,73,-3,3
42529,61,72,-11,11
42530,104,102,2,2
42531,111,107,4,4
42532,202,163,39,39
42533,100,89,11,11
42534,136,130,6,6
42535,35,45,-10,10
42536,40,48,-8,8
42537,115,109,6,6
42538,116,107,9,9
42539,72,69,3,3
42540,108,108,0,0
42541,106,113,-7,7
42542,62,70,-8,8
42543,127,115,12,12
42544,94,87,7,7
42545,89,82,7,7
42546,70,75,-5,5
42547,72,80,-8,8
42548,98,87,11,11
42549,96,88,8,8
42550,108,111,-3,3
42551,142,119,23,23
42552,77,81,-4,4
42553,67,69,-2,2
42554,81,86,-5,5
42555,54,61,-7,7
42556,124,120,4,4
42557,110,115,-5,5
42558,101,99,2,2
42559,86,88,-2,2
42560,117,112,5,5
42561,111,104,7,7
42562,136,123,13,13
42563,78,75,3,3
42564,62,79,-17,17
42565,231,201,30,30
42566,180,172,8,8
42567,91,89,2,2
42568,134,129,5,5
42569,80,87,-7,7
42570,100,99,1,1
42571,123,118,5,5
42572,109,105,4,4
42573,70,71,-1,1
42574,57,59,-2,2
42575,148,136,12,12
42576,76,76,0,0
42577,70,76,-6,6
42578,82,83,-1,1
42579,102,109,-7,7
42580,198,185,13,13
42581,56,57,-1,1
42582,94,99,-5,5
42583,97,101,-4,4
42584,103,94,9,9
42585,81,80,1,1
42586,102,95,7,7
42587,85,87,-2,2
42588,165,142,23,23
42589,50,65,-15,15
42590,124,122,2,2
42591,101,101,0,0
42592,79,78,1,1
42593,138,139,-1,1
42594,191,143,48,48
42595,162,149,13,13
42596,126,115,11,11
42597,103,105,-2,2
42598,49,58,-9,9
42599,113,116,-3,3
42600,100,97,3,3
42601,118,115,3,3
42602,117,121,-4,4
42603,84,88,-4,4
42604,110,99,11,11
42605,128,112,16,16
42606,105,103,2,2
42607,59,61,-2,2
42608,91,92,-1,1
42609,68,64,4,4
42610,72,83,-11,11
42611,135,128,7,7
42612,79,97,-18,18
42613,107,105,2,2
42614,30,41,-11,11
42615,70,75,-5,5
42616,105,103,2,2
42617,92,92,0,0
42618,177,162,15,15
42619,84,92,-8,8
42620,67,80,-13,13
42621,150,124,26,26
42622,65,86,-21,21
42623,69,74,-5,5
42624,94,89,5,5
42625,87,74,13,13
42626,73,84,-11,11
42627,70,78,-8,8
42628,93,89,4,4
42629,110,103,7,7
42630,87,79,8,8
42631,109,110,-1,1
42632,71,78,-7,7
42633,103,104,-1,1
42634,152,139,13,13
42635,70,76,-6,6
42636,125,105,20,20
42637,91,94,-3,3
42638,172,158,14,14
42639,60,74,-14,14
42640,99,124,-25,25
42641,61,64,-3,3
42642,91,89,2,2
42643,94,88,6,6
42644,135,123,12,12
42645,43,59,-16,16
42646,83,88,-5,5
42647,93,90,3,3
42648,116,112,4,4
42649,131,106,25,25
42650,140,143,-3,3
42651,101,105,-4,4
42652,160,140,20,20
42653,157,132,25,25
42654,147,167,-20,20
42655,151,142,9,9
42656,162,152,10,10
42657,52,98,-46,46
42658,77,72,5,5
42659,86,83,3,3
42660,86,90,-4,4
42661,91,84,7,7
42662,118,107,11,11
42663,103,97,6,6
42664,103,101,2,2
42665,74,77,-3,3
42666,119,110,9,9
42667,89,89,0,0
42668,107,103,4,4
42669,109,139,-30,30
42670,85,94,-9,9
42671,70,70,0,0
42672,86,86,0,0
42673,105,100,5,5
42674,98,103,-5,5
42675,75,78,-3,3
42676,50,63,-13,13
42677,67,72,-5,5
42678,76,75,1,1
42679,80,77,3,3
42680,124,124,0,0
42681,60,75,-15,15
42682,73,78,-5,5
42683,52,57,-5,5
42684,102,101,1,1
42685,29,27,2,2
42686,66,77,-11,11
42687,80,74,6,6
42688,76,78,-2,2
42689,107,104,3,3
42690,68,64,4,4
42691,129,116,13,13
42692,51,53,-2,2
42693,131,130,1,1
42694,73,81,-8,8
42695,157,142,15,15
42696,96,103,-7,7
42697,19,57,-38,38
42698,109,101,8,8
42699,67,73,-6,6
42700,132,127,5,5
42701,156,122,34,34
42702,85,96,-11,11
42703,90,90,0,0
42704,85,81,4,4
42705,44,60,-16,16
42706,150,134,16,16
42707,65,70,-5,5
42708,91,103,-12,12
42709,63,81,-18,18
42710,80,84,-4,4
42711,163,160,3,3
42712,110,101,9,9
42713,100,96,4,4
42714,89,83,6,6
42715,51,54,-3,3
42716,97,104,-7,7
42717,82,86,-4,4
42718,85,86,-1,1
42719,73,80,-7,7
42720,80,75,5,5
42721,50,62,-12,12
42722,81,81,0,0
42723,68,69,-1,1
42724,76,81,-5,5
42725,75,71,4,4
42726,82,91,-9,9
42727,78,80,-2,2
42728,53,75,-22,22
42729,55,62,-7,7
42730,41,42,-1,1
42731,95,96,-1,1
42732,55,59,-4,4
42733,99,110,-11,11
42734,64,76,-12,12
42735,93,105,-12,12
42736,61,61,0,0
42737,95,94,1,1
42738,116,114,2,2
42739,83,78,5,5
42740,82,75,7,7
42741,137,111,26,26
42742,69,75,-6,6
42743,69,67,2,2
42744,60,59,1,1
42745,81,89,-8,8
42746,128,124,4,4
42747,78,76,2,2
42748,79,84,-5,5
42749,74,85,-11,11
42750,69,76,-7,7
42751,140,132,8,8
42752,108,112,-4,4
42753,61,64,-3,3
42754,142,136,6,6
42755,42,43,-1,1
42756,68,69,-1,1
42757,74,79,-5,5
42758,94,97,-3,3
42759,164,149,15,15
42760,77,74,3,3
42761,94,87,7,7
42762,192,182,10,10
42763,121,118,3,3
42764,61,65,-4,4
42765,120,122,-2,2
42766,103,100,3,3
42767,89,86,3,3
42768,100,90,10,10
42769,97,87,10,10
42770,64,73,-9,9
42771,165,155,10,10
42772,74,73,1,1
42773,65,69,-4,4
42774,39,56,-17,17
42775,183,161,22,22
42776,82,87,-5,5
42777,111,107,4,4
42778,150,131,19,19
42779,89,80,9,9
42780,116,109,7,7
42781,106,102,4,4
42782,129,128,1,1
42783,59,67,-8,8
42784,161,131,30,30
42785,108,120,-12,12
42786,63,78,-15,15
42787,114,109,5,5
42788,80,91,-11,11
42789,81,87,-6,6
42790,72,75,-3,3
42791,99,93,6,6
42792,98,86,12,12
42793,111,96,15,15
42794,120,117,3,3
42795,119,114,5,5
42796,69,77,-8,8
42797,137,124,13,13
42798,130,129,1,1
42799,106,94,12,12
42800,58,68,-10,10
42801,144,132,12,12
42802,117,117,0,0
42803,146,149,-3,3
42804,137,125,12,12
42805,116,118,-2,2
42806,86,80,6,6
42807,89,86,3,3
42808,107,103,4,4
42809,108,107,1,1
42810,109,100,9,9
42811,53,64,-11,11
42812,79,74,5,5
42813,59,69,-10,10
42814,84,82,2,2
42815,156,136,20,20
42816,121,116,5,5
42817,66,72,-6,6
42818,74,78,-4,4
42819,47,97,-50,50
42820,106,104,2,2
42821,98,87,11,11
42822,68,66,2,2
42823,58,71,-13,13
42824,86,91,-5,5
42825,87,94,-7,7
42826,85,95,-10,10
42827,143,131,12,12
42828,168,143,25,25
42829,63,76,-13,13
42830,72,113,-41,41
42831,170,171,-1,1
42832,139,139,0,0
42833,104,105,-1,1
42834,66,65,1,1
42835,78,82,-4,4
42836,66,65,1,1
42837,78,78,0,0
42838,178,148,30,30
42839,176,159,17,17
42840,77,75,2,2
42841,51,58,-7,7
42842,112,90,22,22
42843,110,125,-15,15
42844,140,140,0,0
42845,120,106,14,14
42846,88,86,2,2
42847,85,94,-9,9
42848,166,145,21,21
42849,71,73,-2,2
42850,112,118,-6,6
42851,73,72,1,1
42852,80,85,-5,5
42853,113,125,-12,12
42854,62,68,-6,6
42855,94,76,18,18
42856,145,139,6,6
42857,131,133,-2,2
42858,103,102,1,1
42859,98,103,-5,5
42860,84,79,5,5
42861,133,120,13,13
42862,144,131,13,13
42863,141,123,18,18
42864,119,105,14,14
42865,87,87,0,0
42866,79,84,-5,5
42867,63,75,-12,12
42868,89,95,-6,6
42869,38,50,-12,12
42870,99,104,-5,5
42871,114,103,11,11
42872,129,111,18,18
42873,155,144,11,11
42874,87,75,12,12
42875,70,72,-2,2
42876,112,102,10,10
42877,137,130,7,7
42878,92,85,7,7
42879,145,133,12,12
42880,154,128,26,26
42881,130,120,10,10
42882,45,48,-3,3
42883,63,65,-2,2
42884,58,60,-2,2
42885,96,100,-4,4
42886,102,97,5,5
42887,118,125,-7,7
42888,119,112,7,7
42889,75,75,0,0
42890,115,115,0,0
42891,94,99,-5,5
42892,108,105,3,3
42893,101,100,1,1
42894,136,130,6,6
42895,110,110,0,0
42896,127,118,9,9
42897,94,80,14,14
42898,124,111,13,13
42899,68,76,-8,8
42900,128,114,14,14
42901,138,130,8,8
42902,83,88,-5,5
42903,125,104,21,21
42904,63,69,-6,6
42905,133,106,27,27
42906,77,76,1,1
42907,94,89,5,5
42908,116,102,14,14
42909,93,91,2,2
42910,84,88,-4,4
42911,125,120,5,5
42912,123,123,0,0
42913,92,89,3,3
42914,155,145,10,10
42915,86,178,-92,92
42916,75,80,-5,5
42917,74,78,-4,4
42918,78,84,-6,6
42919,96,87,9,9
42920,113,117,-4,4
42921,139,152,-13,13
42922,95,90,5,5
42923,83,85,-2,2
42924,128,124,4,4
42925,102,101,1,1
42926,124,135,-11,11
42927,71,77,-6,6
42928,63,69,-6,6
42929,71,73,-2,2
42930,131,131,0,0
42931,115,131,-16,16
42932,91,87,4,4
42933,92,100,-8,8
42934,59,57,2,2
42935,138,133,5,5
42936,71,73,-2,2
42937,53,55,-2,2
42938,103,104,-1,1
42939,85,81,4,4
42940,92,94,-2,2
42941,109,121,-12,12
42942,74,85,-11,11
42943,100,97,3,3
42944,111,106,5,5
42945,112,108,4,4
42946,112,104,8,8
42947,31,40,-9,9
42948,57,82,-25,25
42949,194,175,19,19
42950,75,70,5,5
42951,119,116,3,3
42952,106,102,4,4
42953,89,78,11,11
42954,75,74,1,1
42955,77,79,-2,2
42956,68,77,-9,9
42957,48,49,-1,1
42958,53,55,-2,2
42959,91,93,-2,2
42960,90,103,-13,13
42961,57,70,-13,13
42962,81,83,-2,2
42963,113,106,7,7
42964,89,87,2,2
42965,74,74,0,0
42966,89,87,2,2
42967,73,79,-6,6
42968,54,52,2,2
42969,77,81,-4,4
42970,108,95,13,13
42971,59,74,-15,15
42972,218,190,28,28
42973,118,124,-6,6
42974,86,93,-7,7
42975,153,139,14,14
42976,123,117,6,6
42977,117,116,1,1
42978,51,55,-4,4
42979,77,78,-1,1
42980,59,64,-5,5
42981,69,77,-8,8
42982,67,77,-10,10
42983,83,81,2,2
42984,137,123,14,14
42985,96,89,7,7
42986,68,73,-5,5
42987,91,98,-7,7
42988,81,89,-8,8
42989,79,72,7,7
42990,50,49,1,1
42991,78,79,-1,1
42992,32,30,2,2
42993,64,65,-1,1
42994,80,85,-5,5
42995,99,92,7,7
42996,131,133,-2,2
42997,48,56,-8,8
42998,77,75,2,2
42999,128,125,3,3
43000,120,115,5,5
43001,55,60,-5,5
43002,79,71,8,8
43003,85,86,-1,1
43004,148,131,17,17
43005,136,130,6,6
43006,111,119,-8,8
43007,105,130,-25,25
43008,93,89,4,4
43009,79,82,-3,3
43010,87,87,0,0
43011,69,75,-6,6
43012,109,103,6,6
43013,156,140,16,16
43014,106,106,0,0
43015,105,104,1,1
43016,42,42,0,0
43017,84,87,-3,3
43018,15,27,-12,12
43019,89,98,-9,9
43020,179,161,18,18
43021,65,72,-7,7
43022,108,111,-3,3
43023,40,53,-13,13
43024,89,83,6,6
43025,138,123,15,15
43026,134,135,-1,1
43027,102,100,2,2
43028,103,99,4,4
43029,143,124,19,19
43030,65,74,-9,9
43031,74,77,-3,3
43032,116,105,11,11
43033,79,81,-2,2
43034,74,77,-3,3
43035,91,77,14,14
43036,99,95,4,4
43037,64,64,0,0
43038,120,110,10,10
43039,103,92,11,11
43040,90,88,2,2
43041,51,53,-2,2
43042,96,90,6,6
43043,77,77,0,0
43044,142,136,6,6
43045,77,67,10,10
43046,90,88,2,2
43047,141,131,10,10
43048,85,89,-4,4
43049,98,90,8,8
43050,146,138,8,8
43051,120,110,10,10
43052,107,109,-2,2
43053,97,101,-4,4
43054,125,123,2,2
43055,81,86,-5,5
43056,99,102,-3,3
43057,90,93,-3,3
43058,53,58,-5,5
43059,88,81,7,7
43060,70,69,1,1
43061,57,76,-19,19
43062,77,73,4,4
43063,51,67,-16,16
43064,110,112,-2,2
43065,72,76,-4,4
43066,101,101,0,0
43067,177,150,27,27
43068,153,132,21,21
43069,157,144,13,13
43070,67,70,-3,3
43071,63,67,-4,4
43072,208,180,28,28
43073,84,83,1,1
43074,69,75,-6,6
43075,110,97,13,13
43076,85,74,11,11
43077,37,32,5,5
43078,142,116,26,26
43079,82,87,-5,5
43080,81,90,-9,9
43081,94,94,0,0
43082,143,138,5,5
43083,118,106,12,12
43084,86,94,-8,8
43085,76,85,-9,9
43086,73,70,3,3
43087,131,112,19,19
43088,53,73,-20,20
43089,66,71,-5,5
43090,101,104,-3,3
43091,115,114,1,1
43092,136,128,8,8
43093,61,88,-27,27
43094,86,90,-4,4
43095,71,84,-13,13
43096,81,84,-3,3
43097,69,80,-11,11
43098,36,48,-12,12
43099,157,144,13,13
43100,57,66,-9,9
43101,73,67,6,6
43102,185,157,28,28
43103,62,59,3,3
43104,123,119,4,4
43105,65,68,-3,3
43106,73,72,1,1
43107,98,94,4,4
43108,101,93,8,8
43109,104,101,3,3
43110,83,87,-4,4
43111,58,67,-9,9
43112,85,87,-2,2
43113,55,64,-9,9
43114,80,73,7,7
43115,66,69,-3,3
43116,83,75,8,8
43117,107,110,-3,3
43118,104,96,8,8
43119,44,37,7,7
43120,63,73,-10,10
43121,85,79,6,6
43122,133,123,10,10
43123,59,67,-8,8
43124,130,106,24,24
43125,74,77,-3,3
43126,62,64,-2,2
43127,109,101,8,8
43128,71,76,-5,5
43129,55,93,-38,38
43130,142,135,7,7
43131,117,118,-1,1
43132,110,103,7,7
43133,35,48,-13,13
43134,85,92,-7,7
43135,63,64,-1,1
43136,79,88,-9,9
43137,101,94,7,7
43138,73,77,-4,4
43139,150,151,-1,1
43140,164,138,26,26
43141,121,114,7,7
43142,56,65,-9,9
43143,82,85,-3,3
43144,115,128,-13,13
43145,103,96,7,7
43146,80,78,2,2
43147,90,103,-13,13
43148,103,100,3,3
43149,122,123,-1,1
43150,113,114,-1,1
43151,62,74,-12,12
43152,120,120,0,0
43153,94,91,3,3
43154,93,93,0,0
43155,52,56,-4,4
43156,89,83,6,6
43157,72,67,5,5
43158,65,61,4,4
43159,92,89,3,3
43160,59,65,-6,6
43161,86,104,-18,18
43162,119,110,9,9
43163,64,70,-6,6
43164,142,111,31,31
43165,80,83,-3,3
43166,68,69,-1,1
43167,85,92,-7,7
43168,69,75,-6,6
43169,157,145,12,12
43170,120,105,15,15
43171,135,127,8,8
43172,72,71,1,1
43173,99,85,14,14
43174,88,93,-5,5
43175,101,97,4,4
43176,72,79,-7,7
43177,166,159,7,7
43178,49,59,-10,10
43179,89,87,2,2
43180,113,104,9,9
43181,113,105,8,8
43182,85,89,-4,4
43183,67,82,-15,15
43184,89,89,0,0
43185,63,70,-7,7
43186,52,85,-33,33
43187,127,120,7,7
43188,106,102,4,4
43189,120,103,17,17
43190,97,112,-15,15
43191,57,71,-14,14
43192,68,90,-22,22
43193,105,106,-1,1
43194,106,107,-1,1
43195,133,127,6,6
43196,63,75,-12,12
43197,58,64,-6,6
43198,106,108,-2,2
43199,103,94,9,9
43200,71,76,-5,5
43201,103,104,-1,1
43202,42,46,-4,4
43203,91,86,5,5
43204,103,106,-3,3
43205,90,91,-1,1
43206,103,105,-2,2
43207,111,102,9,9
43208,132,118,14,14
43209,115,109,6,6
43210,121,123,-2,2
43211,122,109,13,13
43212,132,123,9,9
43213,32,48,-16,16
43214,110,101,9,9
43215,87,89,-2,2
43216,135,125,10,10
43217,102,96,6,6
43218,82,87,-5,5
43219,131,116,15,15
43220,102,103,-1,1
43221,52,58,-6,6
43222,100,106,-6,6
43223,100,95,5,5
43224,90,95,-5,5
43225,85,90,-5,5
43226,61,67,-6,6
43227,154,156,-2,2
43228,137,122,15,15
43229,107,100,7,7
43230,98,99,-1,1
43231,92,89,3,3
43232,191,160,31,31
43233,113,116,-3,3
43234,104,104,0,0
43235,62,63,-1,1
43236,80,81,-1,1
43237,50,53,-3,3
43238,100,84,16,16
43239,126,123,3,3
43240,113,102,11,11
43241,69,73,-4,4
43242,62,65,-3,3
43243,52,73,-21,21
43244,118,112,6,6
43245,59,66,-7,7
43246,40,50,-10,10
43247,93,93,0,0
43248,105,109,-4,4
43249,127,116,11,11
43250,84,91,-7,7
43251,93,105,-12,12
43252,121,124,-3,3
43253,94,101,-7,7
43254,64,68,-4,4
43255,109,101,8,8
43256,123,128,-5,5
43257,130,119,11,11
43258,138,129,9,9
43259,67,73,-6,6
43260,99,93,6,6
43261,84,85,-1,1
43262,112,120,-8,8
43263,103,102,1,1
43264,60,60,0,0
43265,90,105,-15,15
43266,131,130,1,1
43267,47,55,-8,8
43268,90,88,2,2
43269,81,83,-2,2
43270,84,84,0,0
43271,81,86,-5,5
43272,105,105,0,0
43273,67,73,-6,6
43274,86,88,-2,2
43275,140,138,2,2
43276,78,72,6,6
43277,96,90,6,6
43278,102,103,-1,1
43279,43,53,-10,10
43280,71,87,-16,16
43281,91,98,-7,7
43282,84,85,-1,1
43283,125,116,9,9
43284,50,57,-7,7
43285,90,94,-4,4
43286,68,66,2,2
43287,129,121,8,8
43288,133,132,1,1
43289,72,93,-21,21
43290,150,139,11,11
43291,179,156,23,23
43292,96,91,5,5
43293,72,71,1,1
43294,178,147,31,31
43295,89,86,3,3
43296,129,116,13,13
43297,84,82,2,2
43298,87,77,10,10
43299,82,81,1,1
43300,82,89,-7,7
43301,91,91,0,0
43302,112,112,0,0
43303,88,94,-6,6
43304,100,106,-6,6
43305,164,147,17,17
43306,89,93,-4,4
43307,72,83,-11,11
43308,111,117,-6,6
43309,123,125,-2,2
43310,163,137,26,26
43311,65,71,-6,6
43312,130,133,-3,3
43313,145,137,8,8
43314,92,89,3,3
43315,50,64,-14,14
43316,73,93,-20,20
43317,57,64,-7,7
43318,89,77,12,12
43319,82,82,0,0
43320,67,68,-1,1
43321,91,101,-10,10
43322,112,108,4,4
43323,73,74,-1,1
43324,64,67,-3,3
43325,119,129,-10,10
43326,61,60,1,1
43327,26,30,-4,4
43328,67,70,-3,3
43329,178,155,23,23
43330,97,82,15,15
43331,132,107,25,25
43332,121,120,1,1
43333,143,116,27,27
43334,92,100,-8,8
43335,78,85,-7,7
43336,99,104,-5,5
43337,68,68,0,0
43338,61,65,-4,4
43339,139,136,3,3
43340,162,152,10,10
43341,86,87,-1,1
43342,106,103,3,3
43343,48,53,-5,5
43344,125,116,9,9
43345,123,118,5,5
43346,117,111,6,6
43347,229,191,38,38
43348,83,87,-4,4
43349,72,113,-41,41
43350,130,124,6,6
43351,49,59,-10,10
43352,124,122,2,2
43353,123,121,2,2
43354,127,128,-1,1
43355,78,80,-2,2
43356,87,108,-21,21
43357,129,117,12,12
43358,97,90,7,7
43359,129,139,-10,10
43360,69,69,0,0
43361,84,85,-1,1
43362,122,107,15,15
43363,158,137,21,21
43364,77,84,-7,7
43365,86,98,-12,12
43366,100,106,-6,6
43367,93,102,-9,9
43368,117,109,8,8
43369,139,126,13,13
43370,100,96,4,4
43371,162,146,16,16
43372,68,75,-7,7
43373,68,73,-5,5
43374,85,79,6,6
43375,105,97,8,8
43376,174,149,25,25
43377,85,87,-2,2
43378,108,99,9,9
43379,67,74,-7,7
43380,115,113,2,2
43381,63,68,-5,5
43382,107,105,2,2
43383,99,107,-8,8
43384,52,63,-11,11
43385,87,84,3,3
43386,125,97,28,28
43387,64,61,3,3
43388,101,107,-6,6
43389,118,114,4,4
43390,129,125,4,4
43391,100,102,-2,2
43392,71,70,1,1
43393,70,84,-14,14
43394,70,78,-8,8
43395,101,85,16,16
43396,71,78,-7,7
43397,70,73,-3,3
43398,115,113,2,2
43399,56,58,-2,2
43400,106,105,1,1
43401,125,119,6,6
43402,104,101,3,3
43403,84,83,1,1
43404,64,72,-8,8
43405,82,83,-1,1
43406,99,105,-6,6
43407,167,154,13,13
43408,107,104,3,3
43409,91,86,5,5
43410,83,88,-5,5
43411,89,77,12,12
43412,92,87,5,5
43413,114,106,8,8
43414,126,105,21,21
43415,133,120,13,13
43416,51,62,-11,11
43417,87,81,6,6
43418,67,66,1,1
43419,67,67,0,0
43420,142,129,13,13
43421,139,121,18,18
43422,125,110,15,15
43423,81,81,0,0
43424,210,178,32,32
43425,113,107,6,6
43426,57,72,-15,15
43427,94,92,2,2
43428,121,98,23,23
43429,107,104,3,3
43430,38,51,-13,13
43431,81,85,-4,4
43432,126,111,15,15
43433,248,228,20,20
43434,92,93,-1,1
43435,153,140,13,13
43436,127,125,2,2
43437,45,56,-11,11
43438,81,103,-22,22
43439,164,153,11,11
43440,140,143,-3,3
43441,114,109,5,5
43442,115,113,2,2
43443,87,83,4,4
43444,57,63,-6,6
43445,51,48,3,3
43446,95,106,-11,11
43447,33,39,-6,6
43448,128,120,8,8
43449,101,96,5,5
43450,75,81,-6,6
43451,138,130,8,8
43452,136,122,14,14
43453,63,87,-24,24
43454,80,70,10,10
43455,90,103,-13,13
43456,47,48,-1,1
43457,96,91,5,5
43458,62,63,-1,1
43459,98,94,4,4
43460,140,135,5,5
43461,84,77,7,7
43462,143,142,1,1
43463,84,89,-5,5
43464,151,145,6,6
43465,87,81,6,6
43466,107,112,-5,5
43467,118,105,13,13
43468,60,71,-11,11
43469,82,88,-6,6
43470,167,150,17,17
43471,110,100,10,10
43472,98,97,1,1
43473,83,87,-4,4
43474,76,77,-1,1
43475,93,105,-12,12
43476,102,103,-1,1
43477,76,69,7,7
43478,76,84,-8,8
43479,115,111,4,4
43480,77,82,-5,5
43481,98,96,2,2
43482,149,137,12,12
43483,78,76,2,2
43484,119,115,4,4
43485,121,112,9,9
43486,46,77,-31,31
43487,67,83,-16,16
43488,129,117,12,12
43489,114,114,0,0
43490,73,78,-5,5
43491,118,116,2,2
43492,90,92,-2,2
43493,165,157,8,8
43494,147,141,6,6
43495,52,47,5,5
43496,111,121,-10,10
43497,160,136,24,24
43498,88,101,-13,13
43499,105,105,0,0
43500,105,92,13,13
43501,90,95,-5,5
43502,120,120,0,0
43503,89,75,14,14
43504,79,84,-5,5
43505,82,89,-7,7
43506,122,122,0,0
43507,96,93,3,3
43508,48,58,-10,10
43509,70,70,0,0
43510,65,80,-15,15
43511,78,82,-4,4
43512,133,125,8,8
43513,48,56,-8,8
43514,90,91,-1,1
43515,54,64,-10,10
43516,104,95,9,9
43517,91,86,5,5
43518,112,106,6,6
43519,63,71,-8,8
43520,113,107,6,6
43521,99,87,12,12
43522,100,96,4,4
43523,69,74,-5,5
43524,122,112,10,10
43525,84,87,-3,3
43526,119,104,15,15
43527,103,98,5,5
43528,91,106,-15,15
43529,55,66,-11,11
43530,64,71,-7,7
43531,87,86,1,1
43532,220,192,28,28
43533,85,87,-2,2
43534,63,71,-8,8
43535,64,67,-3,3
43536,109,114,-5,5
43537,80,80,0,0
43538,91,92,-1,1
43539,146,144,2,2
43540,125,123,2,2
43541,130,128,2,2
43542,127,135,-8,8
43543,113,101,12,12
43544,125,121,4,4
43545,84,89,-5,5
43546,111,107,4,4
43547,138,127,11,11
43548,47,56,-9,9
43549,75,88,-13,13
43550,98,106,-8,8
43551,163,147,16,16
43552,140,122,18,18
43553,50,51,-1,1
43554,77,80,-3,3
43555,64,63,1,1
43556,76,75,1,1
43557,108,103,5,5
43558,53,53,0,0
43559,65,78,-13,13
43560,197,175,22,22
43561,182,160,22,22
43562,71,74,-3,3
43563,134,115,19,19
43564,126,110,16,16
43565,54,64,-10,10
43566,132,130,2,2
43567,86,82,4,4
43568,106,107,-1,1
43569,53,57,-4,4
43570,87,86,1,1
43571,80,84,-4,4
43572,150,146,4,4
43573,49,53,-4,4
43574,137,102,35,35
43575,51,58,-7,7
43576,90,86,4,4
43577,125,119,6,6
43578,110,112,-2,2
43579,112,114,-2,2
43580,51,61,-10,10
43581,105,94,11,11
43582,110,113,-3,3
43583,93,99,-6,6
43584,169,151,18,18
43585,97,84,13,13
43586,97,84,13,13
43587,89,94,-5,5
43588,75,78,-3,3
43589,119,113,6,6
43590,93,96,-3,3
43591,53,54,-1,1
43592,121,103,18,18
43593,61,80,-19,19
43594,98,103,-5,5
43595,92,93,-1,1
43596,63,65,-2,2
43597,101,87,14,14
43598,180,158,22,22
43599,70,74,-4,4
43600,66,70,-4,4
43601,121,182,-61,61
43602,100,95,5,5
43603,151,143,8,8
43604,44,68,-24,24
43605,93,92,1,1
43606,79,74,5,5
43607,133,119,14,14
43608,51,54,-3,3
43609,111,111,0,0
43610,83,84,-1,1
43611,93,103,-10,10
43612,78,73,5,5
43613,75,77,-2,2
43614,133,129,4,4
43615,128,115,13,13
43616,98,105,-7,7
43617,137,117,20,20
43618,79,85,-6,6
43619,90,90,0,0
43620,62,68,-6,6
43621,170,162,8,8
43622,123,118,5,5
43623,57,68,-11,11
43624,87,96,-9,9
43625,35,52,-17,17
43626,76,88,-12,12
43627,95,89,6,6
43628,63,70,-7,7
43629,74,73,1,1
43630,125,126,-1,1
43631,115,112,3,3
43632,63,67,-4,4
43633,141,130,11,11
43634,78,78,0,0
43635,71,75,-4,4
43636,90,89,1,1
43637,235,210,25,25
43638,118,105,13,13
43639,65,74,-9,9
43640,98,92,6,6
43641,97,106,-9,9
43642,48,62,-14,14
43643,110,110,0,0
43644,96,95,1,1
43645,119,110,9,9
43646,141,134,7,7
43647,80,83,-3,3
43648,88,108,-20,20
43649,93,90,3,3
43650,141,133,8,8
43651,59,81,-22,22
43652,98,94,4,4
43653,66,79,-13,13
43654,91,90,1,1
43655,90,90,0,0
43656,111,108,3,3
43657,96,95,1,1
43658,103,97,6,6
43659,59,63,-4,4
43660,68,74,-6,6
43661,73,75,-2,2
43662,60,68,-8,8
43663,75,89,-14,14
43664,65,72,-7,7
43665,91,94,-3,3
43666,53,69,-16,16
43667,97,102,-5,5
43668,66,67,-1,1
43669,94,94,0,0
43670,97,96,1,1
43671,81,82,-1,1
43672,134,123,11,11
43673,96,101,-5,5
43674,115,117,-2,2
43675,51,78,-27,27
43676,75,80,-5,5
43677,157,140,17,17
43678,86,88,-2,2
43679,147,145,2,2
43680,85,84,1,1
43681,88,94,-6,6
43682,46,53,-7,7
43683,119,116,3,3
43684,109,97,12,12
43685,142,136,6,6
43686,95,99,-4,4
43687,93,96,-3,3
43688,79,78,1,1
43689,142,132,10,10
43690,83,87,-4,4
43691,93,90,3,3
43692,149,108,41,41
43693,114,105,9,9
43694,99,89,10,10
43695,125,125,0,0
43696,116,107,9,9
43697,131,133,-2,2
43698,103,99,4,4
43699,79,70,9,9
43700,171,159,12,12
43701,69,78,-9,9
43702,78,89,-11,11
43703,67,86,-19,19
43704,82,84,-2,2
43705,110,117,-7,7
43706,171,150,21,21
43707,46,50,-4,4
43708,60,67,-7,7
43709,179,152,27,27
43710,68,76,-8,8
43711,66,69,-3,3
43712,67,70,-3,3
43713,87,107,-20,20
43714,61,66,-5,5
43715,61,70,-9,9
43716,122,123,-1,1
43717,96,96,0,0
43718,106,94,12,12
43719,54,59,-5,5
43720,76,80,-4,4
43721,111,111,0,0
43722,44,50,-6,6
43723,163,152,11,11
43724,71,64,7,7
43725,74,74,0,0
43726,97,99,-2,2
43727,134,125,9,9
43728,82,79,3,3
43729,79,99,-20,20
43730,138,122,16,16
43731,82,100,-18,18
43732,152,142,10,10
43733,111,115,-4,4
43734,123,111,12,12
43735,77,76,1,1
43736,146,131,15,15
43737,82,82,0,0
43738,69,77,-8,8
43739,91,102,-11,11
43740,166,148,18,18
43741,53,58,-5,5
43742,71,71,0,0
43743,84,86,-2,2
43744,68,73,-5,5
43745,94,103,-9,9
43746,101,124,-23,23
43747,106,101,5,5
43748,93,89,4,4
43749,69,74,-5,5
43750,136,120,16,16
43751,90,89,1,1
43752,87,79,8,8
43753,64,62,2,2
43754,62,102,-40,40
43755,77,83,-6,6
43756,47,70,-23,23
43757,122,120,2,2
43758,67,75,-8,8
43759,87,95,-8,8
43760,84,77,7,7
43761,68,71,-3,3
43762,60,69,-9,9
43763,75,77,-2,2
43764,90,87,3,3
43765,69,85,-16,16
43766,77,75,2,2
43767,82,79,3,3
43768,127,121,6,6
43769,58,65,-7,7
43770,151,135,16,16
43771,125,128,-3,3
43772,114,108,6,6
43773,106,107,-1,1
43774,85,89,-4,4
43775,92,88,4,4
43776,70,73,-3,3
43777,124,121,3,3
43778,97,102,-5,5
43779,71,80,-9,9
43780,146,140,6,6
43781,93,94,-1,1
43782,91,83,8,8
43783,63,66,-3,3
43784,60,66,-6,6
43785,84,103,-19,19
43786,192,179,13,13
43787,93,88,5,5
43788,133,120,13,13
43789,95,92,3,3
43790,65,62,3,3
43791,81,90,-9,9
43792,107,111,-4,4
43793,131,119,12,12
43794,130,130,0,0
43795,68,68,0,0
43796,77,82,-5,5
43797,112,116,-4,4
43798,67,78,-11,11
43799,91,89,2,2
43800,90,88,2,2
43801,125,120,5,5
43802,69,70,-1,1
43803,106,105,1,1
43804,110,102,8,8
43805,65,69,-4,4
43806,87,93,-6,6
43807,60,61,-1,1
43808,91,88,3,3
43809,153,133,20,20
43810,95,95,0,0
43811,150,134,16,16
43812,61,70,-9,9
43813,169,167,2,2
43814,76,78,-2,2
43815,93,93,0,0
43816,75,72,3,3
43817,76,86,-10,10
43818,85,104,-19,19
43819,63,73,-10,10
43820,86,91,-5,5
43821,111,103,8,8
43822,81,80,1,1
43823,225,165,60,60
43824,49,53,-4,4
43825,90,93,-3,3
43826,67,68,-1,1
43827,109,111,-2,2
43828,103,95,8,8
43829,73,70,3,3
43830,137,132,5,5
43831,93,97,-4,4
43832,68,74,-6,6
43833,82,98,-16,16
43834,66,76,-10,10
43835,110,96,14,14
43836,170,164,6,6
43837,104,102,2,2
43838,73,77,-4,4
43839,137,124,13,13
43840,55,60,-5,5
43841,52,66,-14,14
43842,95,88,7,7
43843,48,56,-8,8
43844,67,81,-14,14
43845,64,70,-6,6
43846,71,78,-7,7
43847,77,76,1,1
43848,66,66,0,0
43849,78,78,0,0
43850,71,76,-5,5
43851,117,114,3,3
43852,83,75,8,8
43853,43,52,-9,9
43854,100,92,8,8
43855,50,61,-11,11
43856,140,135,5,5
43857,86,100,-14,14
43858,63,67,-4,4
43859,91,93,-2,2
43860,113,106,7,7
43861,63,66,-3,3
43862,61,60,1,1
43863,78,85,-7,7
43864,34,56,-22,22
43865,90,104,-14,14
43866,47,47,0,0
43867,64,75,-11,11
43868,58,69,-11,11
43869,116,116,0,0
43870,117,113,4,4
43871,84,92,-8,8
43872,105,106,-1,1
43873,86,89,-3,3
43874,68,79,-11,11
43875,131,133,-2,2
43876,77,83,-6,6
43877,76,72,4,4
43878,117,104,13,13
43879,97,90,7,7
43880,123,118,5,5
43881,98,103,-5,5
43882,71,74,-3,3
43883,127,119,8,8
43884,56,58,-2,2
43885,122,112,10,10
43886,49,65,-16,16
43887,60,66,-6,6
43888,115,107,8,8
43889,78,84,-6,6
43890,46,59,-13,13
43891,119,114,5,5
43892,129,138,-9,9
43893,66,66,0,0
43894,142,136,6,6
43895,79,81,-2,2
43896,71,78,-7,7
43897,144,135,9,9
43898,106,108,-2,2
43899,77,83,-6,6
43900,74,81,-7,7
43901,69,72,-3,3
43902,88,84,4,4
43903,59,64,-5,5
43904,123,119,4,4
43905,54,58,-4,4
43906,43,55,-12,12
43907,155,126,29,29
43908,68,73,-5,5
43909,131,128,3,3
43910,146,135,11,11
43911,102,85,17,17
43912,80,84,-4,4
43913,57,67,-10,10
43914,81,78,3,3
43915,104,113,-9,9
43916,39,40,-1,1
43917,78,80,-2,2
43918,112,107,5,5
43919,44,85,-41,41
43920,79,79,0,0
43921,132,126,6,6
43922,117,128,-11,11
43923,80,86,-6,6
43924,88,78,10,10
43925,61,66,-5,5
43926,57,54,3,3
43927,123,118,5,5
43928,60,71,-11,11
43929,113,106,7,7
43930,64,72,-8,8
43931,101,93,8,8
43932,143,136,7,7
43933,71,80,-9,9
43934,80,74,6,6
43935,70,70,0,0
43936,45,51,-6,6
43937,44,56,-12,12
43938,92,88,4,4
43939,67,75,-8,8
43940,63,60,3,3
43941,139,128,11,11
43942,127,117,10,10
43943,69,70,-1,1
43944,136,125,11,11
43945,109,111,-2,2
43946,120,115,5,5
43947,63,70,-7,7
43948,50,57,-7,7
43949,97,89,8,8
43950,103,89,14,14
43951,89,82,7,7
43952,85,81,4,4
43953,173,155,18,18
43954,128,122,6,6
43955,171,161,10,10
43956,49,49,0,0
43957,99,85,14,14
43958,129,132,-3,3
43959,85,89,-4,4
43960,102,97,5,5
43961,124,121,3,3
43962,122,108,14,14
43963,137,128,9,9
43964,89,90,-1,1
43965,51,54,-3,3
43966,81,102,-21,21
43967,88,81,7,7
43968,76,83,-7,7
43969,111,114,-3,3
43970,86,89,-3,3
43971,131,122,9,9
43972,23,26,-3,3
43973,109,105,4,4
43974,84,82,2,2
43975,101,100,1,1
43976,139,132,7,7
43977,58,70,-12,12
43978,71,77,-6,6
43979,95,83,12,12
43980,70,74,-4,4
43981,65,73,-8,8
43982,95,91,4,4
43983,109,104,5,5
43984,57,64,-7,7
43985,103,102,1,1
43986,184,156,28,28
43987,80,78,2,2
43988,103,103,0,0
43989,94,119,-25,25
43990,62,68,-6,6
43991,110,91,19,19
43992,109,109,0,0
43993,47,56,-9,9
43994,107,109,-2,2
43995,184,157,27,27
43996,122,124,-2,2
43997,155,148,7,7
43998,66,78,-12,12
43999,63,68,-5,5
44000,104,116,-12,12
44001,100,93,7,7
44002,82,102,-20,20
44003,162,154,8,8
44004,122,124,-2,2
44005,78,129,-51,51
44006,71,70,1,1
44007,131,109,22,22
44008,113,100,13,13
44009,84,93,-9,9
44010,65,68,-3,3
44011,81,83,-2,2
44012,93,84,9,9
44013,67,68,-1,1
44014,148,128,20,20
44015,72,80,-8,8
44016,106,97,9,9
44017,79,91,-12,12
44018,113,112,1,1
44019,66,67,-1,1
44020,68,64,4,4
44021,63,62,1,1
44022,81,102,-21,21
44023,117,113,4,4
44024,70,105,-35,35
44025,78,80,-2,2
44026,165,162,3,3
44027,40,45,-5,5
44028,85,91,-6,6
44029,73,112,-39,39
44030,104,102,2,2
44031,129,116,13,13
44032,116,107,9,9
44033,115,107,8,8
44034,82,83,-1,1
44035,84,88,-4,4
44036,82,88,-6,6
44037,29,63,-34,34
44038,64,79,-15,15
44039,66,63,3,3
44040,114,110,4,4
44041,146,128,18,18
44042,65,66,-1,1
44043,42,49,-7,7
44044,157,152,5,5
44045,89,87,2,2
44046,116,128,-12,12
44047,54,63,-9,9
44048,77,77,0,0
44049,79,83,-4,4
44050,137,130,7,7
44051,67,69,-2,2
44052,105,111,-6,6
44053,149,120,29,29
44054,57,63,-6,6
44055,104,111,-7,7
44056,89,97,-8,8
44057,82,88,-6,6
44058,106,117,-11,11
44059,191,170,21,21
44060,87,86,1,1
44061,58,63,-5,5
44062,114,111,3,3
44063,114,119,-5,5
44064,118,107,11,11
44065,159,142,17,17
44066,58,59,-1,1
44067,95,95,0,0
44068,74,76,-2,2
44069,135,119,16,16
44070,134,130,4,4
44071,87,85,2,2
44072,130,114,16,16
44073,119,112,7,7
44074,142,131,11,11
44075,152,143,9,9
44076,105,102,3,3
44077,63,70,-7,7
44078,92,93,-1,1
44079,75,73,2,2
44080,96,93,3,3
44081,75,71,4,4
44082,56,61,-5,5
44083,72,73,-1,1
44084,89,103,-14,14
44085,58,66,-8,8
44086,76,78,-2,2
44087,90,104,-14,14
44088,73,85,-12,12
44089,78,82,-4,4
44090,110,119,-9,9
44091,174,147,27,27
44092,104,92,12,12
44093,94,101,-7,7
44094,165,145,20,20
44095,107,97,10,10
44096,78,77,1,1
44097,90,88,2,2
44098,124,115,9,9
44099,129,113,16,16
44100,66,71,-5,5
44101,73,80,-7,7
44102,139,137,2,2
44103,72,80,-8,8
44104,140,128,12,12
44105,93,98,-5,5
44106,135,124,11,11
44107,56,62,-6,6
44108,76,76,0,0
44109,102,104,-2,2
44110,102,104,-2,2
44111,130,123,7,7
44112,152,144,8,8
44113,76,73,3,3
44114,178,169,9,9
44115,85,77,8,8
44116,78,76,2,2
44117,97,111,-14,14
44118,113,115,-2,2
44119,81,87,-6,6
44120,65,82,-17,17
44121,42,52,-10,10
44122,72,84,-12,12
44123,115,111,4,4
44124,80,89,-9,9
44125,39,43,-4,4
44126,85,84,1,1
44127,101,95,6,6
44128,158,147,11,11
44129,91,93,-2,2
44130,68,72,-4,4
44131,112,116,-4,4
44132,161,151,10,10
44133,147,147,0,0
44134,63,70,-7,7
44135,60,80,-20,20
44136,84,88,-4,4
44137,112,110,2,2
44138,129,118,11,11
44139,136,131,5,5
44140,130,120,10,10
44141,74,76,-2,2
44142,111,113,-2,2
44143,118,117,1,1
44144,60,63,-3,3
44145,59,72,-13,13
44146,90,90,0,0
44147,72,81,-9,9
44148,118,114,4,4
44149,63,68,-5,5
44150,91,90,1,1
44151,106,107,-1,1
44152,89,89,0,0
44153,111,110,1,1
44154,131,124,7,7
44155,85,96,-11,11
44156,97,99,-2,2
44157,41,48,-7,7
44158,104,102,2,2
44159,137,138,-1,1
44160,110,105,5,5
44161,50,81,-31,31
44162,143,126,17,17
44163,110,105,5,5
44164,79,80,-1,1
44165,79,83,-4,4
44166,71,78,-7,7
44167,116,115,1,1
44168,89,86,3,3
44169,85,86,-1,1
44170,62,75,-13,13
44171,105,96,9,9
44172,110,113,-3,3
44173,68,80,-12,12
44174,125,123,2,2
44175,120,114,6,6
44176,118,110,8,8
44177,63,66,-3,3
44178,42,50,-8,8
44179,49,59,-10,10
44180,96,95,1,1
44181,107,107,0,0
44182,108,113,-5,5
44183,94,93,1,1
44184,89,87,2,2
44185,117,115,2,2
44186,120,119,1,1
44187,71,75,-4,4
44188,71,77,-6,6
44189,58,66,-8,8
44190,90,98,-8,8
44191,118,108,10,10
44192,43,67,-24,24
44193,78,75,3,3
44194,159,142,17,17
44195,99,108,-9,9
44196,92,95,-3,3
44197,148,132,16,16
44198,97,87,10,10
44199,84,93,-9,9
44200,45,49,-4,4
44201,63,70,-7,7
44202,117,111,6,6
44203,122,116,6,6
44204,115,107,8,8
44205,110,103,7,7
44206,114,105,9,9
44207,71,76,-5,5
44208,132,136,-4,4
44209,73,72,1,1
44210,137,126,11,11
44211,79,74,5,5
44212,79,69,10,10
44213,106,103,3,3
44214,99,94,5,5
44215,77,102,-25,25
44216,127,128,-1,1
44217,96,90,6,6
44218,66,66,0,0
44219,63,65,-2,2
44220,95,95,0,0
44221,97,91,6,6
44222,42,44,-2,2
44223,60,55,5,5
44224,59,69,-10,10
44225,66,68,-2,2
44226,140,105,35,35
44227,64,73,-9,9
44228,72,78,-6,6
44229,85,86,-1,1
44230,119,102,17,17
44231,99,92,7,7
44232,133,122,11,11
44233,75,81,-6,6
44234,66,70,-4,4
44235,102,97,5,5
44236,63,74,-11,11
44237,133,125,8,8
44238,144,134,10,10
44239,141,123,18,18
44240,97,106,-9,9
44241,90,96,-6,6
44242,124,124,0,0
44243,123,126,-3,3
44244,191,157,34,34
44245,62,67,-5,5
44246,58,69,-11,11
44247,98,95,3,3
44248,113,109,4,4
44249,107,99,8,8
44250,106,110,-4,4
44251,95,91,4,4
44252,144,132,12,12
44253,50,50,0,0
44254,195,162,33,33
44255,122,105,17,17
44256,97,82,15,15
44257,71,59,12,12
44258,153,132,21,21
44259,67,75,-8,8
44260,51,60,-9,9
44261,65,73,-8,8
44262,78,81,-3,3
44263,87,87,0,0
44264,72,80,-8,8
44265,81,83,-2,2
44266,149,141,8,8
44267,119,103,16,16
44268,102,94,8,8
44269,93,89,4,4
44270,116,113,3,3
44271,125,119,6,6
44272,138,128,10,10
44273,75,86,-11,11
44274,100,100,0,0
44275,107,94,13,13
44276,91,115,-24,24
44277,135,130,5,5
44278,47,62,-15,15
44279,95,85,10,10
44280,88,100,-12,12
44281,71,70,1,1
44282,110,121,-11,11
44283,108,108,0,0
44284,49,68,-19,19
44285,48,55,-7,7
44286,93,94,-1,1
44287,94,92,2,2
44288,140,131,9,9
44289,68,71,-3,3
44290,79,87,-8,8
44291,147,139,8,8
44292,107,99,8,8
44293,77,75,2,2
44294,87,89,-2,2
44295,183,170,13,13
44296,123,111,12,12
44297,143,128,15,15
44298,94,94,0,0
44299,96,89,7,7
44300,85,91,-6,6
44301,112,110,2,2
44302,82,85,-3,3
44303,103,99,4,4
44304,98,97,1,1
44305,104,106,-2,2
44306,81,76,5,5
44307,57,65,-8,8
44308,113,125,-12,12
44309,80,83,-3,3
44310,117,112,5,5
44311,68,70,-2,2
44312,76,82,-6,6
44313,69,83,-14,14
44314,86,93,-7,7
44315,107,95,12,12
44316,63,62,1,1
44317,127,123,4,4
44318,87,88,-1,1
44319,82,84,-2,2
44320,92,90,2,2
44321,78,80,-2,2
44322,117,110,7,7
44323,93,106,-13,13
44324,116,113,3,3
44325,51,61,-10,10
44326,80,79,1,1
44327,126,124,2,2
44328,48,65,-17,17
44329,183,168,15,15
44330,61,69,-8,8
44331,128,129,-1,1
44332,95,88,7,7
44333,107,93,14,14
44334,87,96,-9,9
44335,136,133,3,3
44336,49,54,-5,5
44337,77,77,0,0
44338,114,108,6,6
44339,139,122,17,17
44340,90,90,0,0
44341,164,167,-3,3
44342,124,128,-4,4
44343,115,115,0,0
44344,111,104,7,7
44345,144,136,8,8
44346,72,79,-7,7
44347,121,112,9,9
44348,131,120,11,11
44349,99,107,-8,8
44350,55,65,-10,10
44351,125,116,9,9
44352,43,48,-5,5
44353,75,73,2,2
44354,71,73,-2,2
44355,62,68,-6,6
44356,86,84,2,2
44357,78,81,-3,3
44358,101,96,5,5
44359,81,84,-3,3
44360,144,131,13,13
44361,121,109,12,12
44362,84,82,2,2
44363,91,87,4,4
44364,108,121,-13,13
44365,84,87,-3,3
44366,96,87,9,9
44367,130,125,5,5
44368,53,58,-5,5
44369,111,117,-6,6
44370,65,66,-1,1
44371,138,125,13,13
44372,39,42,-3,3
44373,54,66,-12,12
44374,48,51,-3,3
44375,62,65,-3,3
44376,110,109,1,1
44377,88,91,-3,3
44378,92,87,5,5
44379,124,115,9,9
44380,86,88,-2,2
44381,89,99,-10,10
44382,96,99,-3,3
44383,50,61,-11,11
44384,92,85,7,7
44385,70,77,-7,7
44386,101,101,0,0
44387,143,130,13,13
44388,128,135,-7,7
44389,83,86,-3,3
44390,59,64,-5,5
44391,131,118,13,13
44392,79,77,2,2
44393,66,67,-1,1
44394,110,103,7,7
44395,99,95,4,4
44396,100,103,-3,3
44397,92,91,1,1
44398,115,102,13,13
44399,87,80,7,7
44400,105,97,8,8
44401,77,79,-2,2
44402,93,98,-5,5
44403,124,119,5,5
44404,71,81,-10,10
44405,68,71,-3,3
44406,107,114,-7,7
44407,130,124,6,6
44408,32,39,-7,7
44409,96,108,-12,12
44410,82,79,3,3
44411,73,74,-1,1
44412,57,82,-25,25
44413,60,68,-8,8
44414,61,65,-4,4
44415,127,111,16,16
44416,67,66,1,1
44417,148,131,17,17
44418,111,110,1,1
44419,119,108,11,11
44420,86,79,7,7
44421,88,86,2,2
44422,68,69,-1,1
44423,65,72,-7,7
44424,64,75,-11,11
44425,158,131,27,27
44426,144,123,21,21
44427,91,89,2,2
44428,63,70,-7,7
44429,88,93,-5,5
44430,122,106,16,16
44431,51,60,-9,9
44432,124,130,-6,6
44433,118,105,13,13
44434,49,50,-1,1
44435,94,86,8,8
44436,69,68,1,1
44437,168,150,18,18
44438,79,86,-7,7
44439,70,78,-8,8
44440,199,186,13,13
44441,43,58,-15,15
44442,85,92,-7,7
44443,51,57,-6,6
44444,135,125,10,10
44445,57,80,-23,23
44446,191,182,9,9
44447,94,103,-9,9
44448,109,111,-2,2
44449,76,81,-5,5
44450,175,163,12,12
44451,126,128,-2,2
44452,143,128,15,15
44453,101,101,0,0
44454,50,83,-33,33
44455,84,89,-5,5
44456,94,90,4,4
44457,110,106,4,4
44458,170,140,30,30
44459,149,135,14,14
44460,94,100,-6,6
44461,102,102,0,0
44462,118,126,-8,8
44463,112,114,-2,2
44464,108,103,5,5
44465,58,71,-13,13
44466,39,109,-70,70
44467,112,107,5,5
44468,107,116,-9,9
44469,61,64,-3,3
44470,99,96,3,3
44471,62,75,-13,13
44472,119,108,11,11
44473,105,98,7,7
44474,93,85,8,8
44475,109,106,3,3
44476,132,122,10,10
44477,83,109,-26,26
44478,46,51,-5,5
44479,170,150,20,20
44480,217,178,39,39
44481,119,117,2,2
44482,140,146,-6,6
44483,106,103,3,3
44484,100,101,-1,1
44485,61,64,-3,3
44486,111,126,-15,15
44487,117,99,18,18
44488,68,79,-11,11
44489,94,96,-2,2
44490,74,75,-1,1
44491,109,115,-6,6
44492,98,112,-14,14
44493,103,94,9,9
44494,78,92,-14,14
44495,80,80,0,0
44496,83,85,-2,2
44497,76,86,-10,10
44498,110,106,4,4
44499,152,139,13,13
44500,81,74,7,7
44501,133,127,6,6
44502,66,68,-2,2
44503,102,101,1,1
44504,102,103,-1,1
44505,53,65,-12,12
44506,139,135,4,4
44507,133,123,10,10
44508,57,66,-9,9
44509,61,62,-1,1
44510,116,103,13,13
44511,97,94,3,3
44512,187,152,35,35
44513,62,68,-6,6
44514,102,102,0,0
44515,62,76,-14,14
44516,48,47,1,1
44517,108,110,-2,2
44518,68,69,-1,1
44519,112,108,4,4
44520,154,140,14,14
44521,76,79,-3,3
44522,110,111,-1,1
44523,89,93,-4,4
44524,128,121,7,7
44525,61,73,-12,12
44526,60,70,-10,10
44527,143,139,4,4
44528,107,109,-2,2
44529,76,74,2,2
44530,79,81,-2,2
44531,65,65,0,0
44532,104,106,-2,2
44533,145,136,9,9
44534,86,80,6,6
44535,83,85,-2,2
44536,88,101,-13,13
44537,178,158,20,20
44538,116,120,-4,4
44539,105,119,-14,14
44540,72,78,-6,6
44541,77,78,-1,1
44542,56,70,-14,14
44543,109,97,12,12
44544,45,51,-6,6
44545,106,102,4,4
44546,42,48,-6,6
44547,118,117,1,1
44548,102,95,7,7
44549,47,75,-28,28
44550,70,75,-5,5
44551,103,104,-1,1
44552,123,124,-1,1
44553,170,147,23,23
44554,124,129,-5,5
44555,98,99,-1,1
44556,57,72,-15,15
44557,122,126,-4,4
44558,59,62,-3,3
44559,107,104,3,3
44560,73,74,-1,1
44561,65,67,-2,2
44562,53,54,-1,1
44563,152,139,13,13
44564,81,82,-1,1
44565,87,82,5,5
44566,77,76,1,1
44567,129,129,0,0
44568,165,151,14,14
44569,111,110,1,1
44570,108,111,-3,3
44571,67,74,-7,7
44572,78,78,0,0
44573,105,97,8,8
44574,72,71,1,1
44575,75,87,-12,12
44576,85,81,4,4
44577,57,62,-5,5
44578,115,121,-6,6
44579,74,74,0,0
44580,170,160,10,10
44581,90,95,-5,5
44582,85,92,-7,7
44583,65,72,-7,7
44584,45,50,-5,5
44585,160,135,25,25
44586,160,141,19,19
44587,99,102,-3,3
44588,62,74,-12,12
44589,121,121,0,0
44590,129,119,10,10
44591,98,103,-5,5
44592,104,98,6,6
44593,69,74,-5,5
44594,75,72,3,3
44595,95,93,2,2
44596,118,118,0,0
44597,94,132,-38,38
44598,100,104,-4,4
44599,129,116,13,13
44600,118,115,3,3
44601,57,143,-86,86
44602,68,71,-3,3
44603,123,120,3,3
44604,93,87,6,6
44605,53,63,-10,10
44606,92,92,0,0
44607,78,82,-4,4
44608,175,144,31,31
44609,115,123,-8,8
44610,70,78,-8,8
44611,161,137,24,24
44612,61,66,-5,5
44613,64,68,-4,4
44614,86,91,-5,5
44615,84,85,-1,1
44616,152,134,18,18
44617,116,112,4,4
44618,53,62,-9,9
44619,57,64,-7,7
44620,68,81,-13,13
44621,178,162,16,16
44622,93,88,5,5
44623,120,112,8,8
44624,136,133,3,3
44625,39,50,-11,11
44626,102,98,4,4
44627,167,165,2,2
44628,65,67,-2,2
44629,50,67,-17,17
44630,80,80,0,0
44631,126,119,7,7
44632,67,73,-6,6
44633,59,71,-12,12
44634,116,112,4,4
44635,95,94,1,1
44636,57,62,-5,5
44637,75,85,-10,10
44638,99,100,-1,1
44639,94,94,0,0
44640,65,64,1,1
44641,90,90,0,0
44642,126,113,13,13
44643,86,97,-11,11
44644,103,101,2,2
44645,92,102,-10,10
44646,120,116,4,4
44647,86,83,3,3
44648,19,28,-9,9
44649,138,126,12,12
44650,86,87,-1,1
44651,126,119,7,7
44652,103,102,1,1
44653,89,89,0,0
44654,71,76,-5,5
44655,63,67,-4,4
44656,76,77,-1,1
44657,154,141,13,13
44658,64,71,-7,7
44659,73,77,-4,4
44660,61,69,-8,8
44661,57,69,-12,12
44662,142,138,4,4
44663,193,172,21,21
44664,58,77,-19,19
44665,89,95,-6,6
44666,88,91,-3,3
44667,121,113,8,8
44668,110,107,3,3
44669,116,110,6,6
44670,100,94,6,6
44671,62,66,-4,4
44672,100,106,-6,6
44673,146,124,22,22
44674,33,36,-3,3
44675,105,110,-5,5
44676,93,90,3,3
44677,48,61,-13,13
44678,74,80,-6,6
44679,55,64,-9,9
44680,77,76,1,1
44681,83,78,5,5
44682,162,143,19,19
44683,59,65,-6,6
44684,196,178,18,18
44685,95,89,6,6
44686,64,67,-3,3
44687,107,111,-4,4
44688,163,145,18,18
44689,78,79,-1,1
44690,66,79,-13,13
44691,62,78,-16,16
44692,109,101,8,8
44693,77,81,-4,4
44694,125,113,12,12
44695,103,97,6,6
44696,81,86,-5,5
44697,50,58,-8,8
44698,116,126,-10,10
44699,70,83,-13,13
44700,68,69,-1,1
44701,96,91,5,5
44702,155,131,24,24
44703,128,130,-2,2
44704,75,77,-2,2
44705,116,112,4,4
44706,88,88,0,0
44707,100,91,9,9
44708,73,78,-5,5
44709,140,137,3,3
44710,106,102,4,4
44711,87,90,-3,3
44712,78,92,-14,14
44713,92,87,5,5
44714,109,102,7,7
44715,69,76,-7,7
44716,174,159,15,15
44717,60,65,-5,5
44718,61,66,-5,5
44719,59,67,-8,8
44720,124,120,4,4
44721,85,85,0,0
44722,136,107,29,29
44723,118,120,-2,2
44724,81,84,-3,3
44725,80,81,-1,1
44726,69,70,-1,1
44727,60,71,-11,11
44728,63,72,-9,9
44729,46,47,-1,1
44730,61,66,-5,5
44731,65,79,-14,14
44732,104,107,-3,3
44733,144,130,14,14
44734,73,93,-20,20
44735,77,84,-7,7
44736,96,93,3,3
44737,71,83,-12,12
44738,74,80,-6,6
44739,60,66,-6,6
44740,80,85,-5,5
44741,74,82,-8,8
44742,168,146,22,22
44743,145,130,15,15
44744,86,93,-7,7
44745,137,129,8,8
44746,121,114,7,7
44747,91,83,8,8
44748,68,74,-6,6
44749,78,74,4,4
44750,84,89,-5,5
44751,150,137,13,13
44752,103,94,9,9
44753,79,83,-4,4
44754,63,75,-12,12
44755,70,72,-2,2
44756,229,206,23,23
44757,130,135,-5,5
44758,81,88,-7,7
44759,112,102,10,10
44760,134,114,20,20
44761,82,87,-5,5
44762,152,193,-41,41
44763,90,100,-10,10
44764,105,108,-3,3
44765,138,133,5,5
44766,95,96,-1,1
44767,86,86,0,0
44768,91,81,10,10
44769,58,80,-22,22
44770,130,116,14,14
44771,154,137,17,17
44772,69,73,-4,4
44773,158,129,29,29
44774,136,130,6,6
44775,56,67,-11,11
44776,86,85,1,1
44777,49,57,-8,8
44778,138,130,8,8
44779,100,99,1,1
44780,146,137,9,9
44781,56,60,-4,4
44782,79,81,-2,2
44783,53,56,-3,3
44784,59,62,-3,3
44785,64,66,-2,2
44786,108,102,6,6
44787,66,71,-5,5
44788,117,114,3,3
44789,60,64,-4,4
44790,51,54,-3,3
44791,104,97,7,7
44792,92,110,-18,18
44793,87,85,2,2
44794,84,103,-19,19
44795,155,142,13,13
44796,100,99,1,1
44797,43,48,-5,5
44798,72,65,7,7
44799,124,128,-4,4
44800,116,131,-15,15
44801,159,135,24,24
44802,91,106,-15,15
44803,71,68,3,3
44804,158,143,15,15
44805,71,76,-5,5
44806,102,101,1,1
44807,117,112,5,5
44808,94,94,0,0
44809,79,90,-11,11
44810,51,58,-7,7
44811,63,64,-1,1
44812,55,62,-7,7
44813,152,128,24,24
44814,78,70,8,8
44815,54,62,-8,8
44816,80,80,0,0
44817,59,66,-7,7
44818,84,85,-1,1
44819,110,104,6,6
44820,124,109,15,15
44821,92,81,11,11
44822,126,123,3,3
44823,130,117,13,13
44824,89,92,-3,3
44825,109,105,4,4
44826,87,94,-7,7
44827,75,70,5,5
44828,225,203,22,22
44829,182,169,13,13
44830,82,85,-3,3
44831,54,68,-14,14
44832,187,164,23,23
44833,128,128,0,0
44834,87,78,9,9
44835,92,83,9,9
44836,58,72,-14,14
44837,63,66,-3,3
44838,100,95,5,5
44839,102,109,-7,7
44840,46,56,-10,10
44841,89,100,-11,11
44842,61,59,2,2
44843,134,129,5,5
44844,69,75,-6,6
44845,118,111,7,7
44846,153,140,13,13
44847,115,109,6,6
44848,88,85,3,3
44849,91,91,0,0
44850,51,45,6,6
44851,68,81,-13,13
44852,155,140,15,15
44853,52,61,-9,9
44854,71,77,-6,6
44855,100,97,3,3
44856,81,79,2,2
44857,168,149,19,19
44858,80,78,2,2
44859,83,80,3,3
44860,90,96,-6,6
44861,99,99,0,0
44862,45,49,-4,4
44863,110,107,3,3
44864,118,101,17,17
44865,98,96,2,2
44866,162,143,19,19
44867,54,57,-3,3
44868,80,84,-4,4
44869,91,86,5,5
44870,81,74,7,7
44871,89,90,-1,1
44872,58,61,-3,3
44873,194,189,5,5
44874,78,83,-5,5
44875,63,66,-3,3
44876,61,60,1,1
44877,98,94,4,4
44878,95,93,2,2
44879,97,89,8,8
44880,96,107,-11,11
44881,89,82,7,7
44882,154,137,17,17
44883,51,54,-3,3
44884,117,99,18,18
44885,42,56,-14,14
44886,92,88,4,4
44887,91,95,-4,4
44888,162,160,2,2
44889,75,80,-5,5
44890,104,104,0,0
44891,117,114,3,3
44892,74,82,-8,8
44893,52,57,-5,5
44894,77,78,-1,1
44895,83,80,3,3
44896,71,75,-4,4
44897,57,61,-4,4
44898,62,66,-4,4
44899,114,107,7,7
44900,58,72,-14,14
44901,120,116,4,4
44902,74,76,-2,2
44903,95,85,10,10
44904,63,76,-13,13
44905,84,96,-12,12
44906,57,70,-13,13
44907,70,79,-9,9
44908,71,81,-10,10
44909,71,64,7,7
44910,140,119,21,21
44911,116,120,-4,4
44912,62,71,-9,9
44913,96,103,-7,7
44914,73,78,-5,5
44915,79,78,1,1
44916,97,85,12,12
44917,80,75,5,5
44918,76,78,-2,2
44919,67,70,-3,3
44920,176,160,16,16
44921,71,88,-17,17
44922,89,88,1,1
44923,75,76,-1,1
44924,142,128,14,14
44925,96,99,-3,3
44926,70,74,-4,4
44927,134,124,10,10
44928,123,118,5,5
44929,71,84,-13,13
44930,45,60,-15,15
44931,102,102,0,0
44932,130,128,2,2
44933,134,129,5,5
44934,71,81,-10,10
44935,111,123,-12,12
44936,134,118,16,16
44937,131,110,21,21
44938,136,152,-16,16
44939,116,109,7,7
44940,156,139,17,17
44941,139,118,21,21
44942,102,101,1,1
44943,69,79,-10,10
44944,81,78,3,3
44945,109,112,-3,3
44946,94,88,6,6
44947,77,75,2,2
44948,173,170,3,3
44949,70,76,-6,6
44950,77,84,-7,7
44951,95,94,1,1
44952,96,94,2,2
44953,90,93,-3,3
44954,47,69,-22,22
44955,116,118,-2,2
44956,84,78,6,6
44957,62,75,-13,13
44958,128,136,-8,8
44959,83,83,0,0
44960,90,97,-7,7
44961,86,87,-1,1
44962,113,107,6,6
44963,153,131,22,22
44964,90,89,1,1
44965,96,98,-2,2
44966,76,87,-11,11
44967,73,78,-5,5
44968,98,98,0,0
44969,23,51,-28,28
44970,57,67,-10,10
44971,65,82,-17,17
44972,107,106,1,1
44973,140,131,9,9
44974,112,102,10,10
44975,149,154,-5,5
44976,100,82,18,18
44977,100,97,3,3
44978,64,65,-1,1
44979,89,85,4,4
44980,154,140,14,14
44981,53,62,-9,9
44982,45,50,-5,5
44983,61,68,-7,7
44984,108,106,2,2
44985,88,80,8,8
44986,109,108,1,1
44987,143,120,23,23
44988,91,99,-8,8
44989,102,102,0,0
44990,61,76,-15,15
44991,85,90,-5,5
44992,121,104,17,17
44993,65,69,-4,4
44994,56,62,-6,6
44995,103,101,2,2
44996,111,98,13,13
44997,102,96,6,6
44998,99,88,11,11
44999,97,117,-20,20
45000,79,81,-2,2
45001,139,127,12,12
45002,107,93,14,14
45003,166,160,6,6
45004,51,54,-3,3
45005,75,69,6,6
45006,113,109,4,4
45007,69,77,-8,8
45008,129,124,5,5
45009,197,182,15,15
45010,104,106,-2,2
45011,99,103,-4,4
45012,86,78,8,8
45013,95,87,8,8
45014,138,125,13,13
45015,78,77,1,1
45016,47,88,-41,41
45017,56,62,-6,6
45018,62,73,-11,11
45019,64,72,-8,8
45020,105,89,16,16
45021,104,102,2,2
45022,140,127,13,13
45023,84,102,-18,18
45024,126,129,-3,3
45025,82,83,-1,1
45026,75,79,-4,4
45027,92,96,-4,4
45028,77,79,-2,2
45029,100,100,0,0
45030,140,137,3,3
45031,67,61,6,6
45032,117,119,-2,2
45033,54,63,-9,9
45034,81,83,-2,2
45035,130,126,4,4
45036,100,93,7,7
45037,86,82,4,4
45038,57,68,-11,11
45039,115,108,7,7
45040,147,140,7,7
45041,86,87,-1,1
45042,39,52,-13,13
45043,79,81,-2,2
45044,89,97,-8,8
45045,70,68,2,2
45046,73,82,-9,9
45047,113,104,9,9
45048,99,106,-7,7
45049,78,80,-2,2
45050,132,129,3,3
45051,79,88,-9,9
45052,143,133,10,10
45053,57,63,-6,6
45054,49,54,-5,5
45055,85,87,-2,2
45056,49,83,-34,34
45057,96,89,7,7
45058,87,90,-3,3
45059,151,117,34,34
45060,147,141,6,6
45061,94,96,-2,2
45062,91,87,4,4
45063,56,59,-3,3
45064,123,129,-6,6
45065,188,164,24,24
45066,55,52,3,3
45067,117,107,10,10
45068,106,101,5,5
45069,109,118,-9,9
45070,61,60,1,1
45071,46,60,-14,14
45072,62,69,-7,7
45073,102,98,4,4
45074,62,63,-1,1
45075,85,87,-2,2
45076,89,88,1,1
45077,96,95,1,1
45078,132,126,6,6
45079,94,94,0,0
45080,118,106,12,12
45081,73,77,-4,4
45082,69,74,-5,5
45083,57,68,-11,11
45084,86,88,-2,2
45085,130,113,17,17
45086,144,130,14,14
45087,67,70,-3,3
45088,64,95,-31,31
45089,85,81,4,4
45090,104,107,-3,3
45091,109,103,6,6
45092,110,106,4,4
45093,129,115,14,14
45094,97,94,3,3
45095,85,83,2,2
45096,104,99,5,5
45097,77,86,-9,9
45098,81,88,-7,7
45099,97,94,3,3
45100,130,137,-7,7
45101,67,72,-5,5
45102,55,62,-7,7
45103,92,86,6,6
45104,83,87,-4,4
45105,135,138,-3,3
45106,69,70,-1,1
45107,109,109,0,0
45108,98,88,10,10
45109,95,92,3,3
45110,121,123,-2,2
45111,80,72,8,8
45112,79,86,-7,7
45113,123,123,0,0
45114,117,108,9,9
45115,59,67,-8,8
45116,89,89,0,0
45117,82,85,-3,3
45118,117,104,13,13
45119,69,76,-7,7
45120,123,106,17,17
45121,57,70,-13,13
45122,87,80,7,7
45123,105,105,0,0
45124,108,104,4,4
45125,76,76,0,0
45126,74,102,-28,28
45127,84,77,7,7
45128,96,97,-1,1
45129,78,81,-3,3
45130,76,85,-9,9
45131,88,95,-7,7
45132,89,93,-4,4
45133,90,98,-8,8
45134,60,61,-1,1
45135,53,63,-10,10
45136,67,75,-8,8
45137,89,89,0,0
45138,149,126,23,23
45139,95,96,-1,1
45140,109,114,-5,5
45141,169,164,5,5
45142,78,78,0,0
45143,122,116,6,6
45144,48,69,-21,21
45145,108,116,-8,8
45146,90,90,0,0
45147,147,124,23,23
45148,69,73,-4,4
45149,112,103,9,9
45150,158,143,15,15
45151,123,129,-6,6
45152,42,53,-11,11
45153,135,123,12,12
45154,148,131,17,17
45155,109,106,3,3
45156,73,68,5,5
45157,88,87,1,1
45158,90,84,6,6
45159,55,62,-7,7
45160,83,88,-5,5
45161,54,54,0,0
45162,85,90,-5,5
45163,75,74,1,1
45164,121,118,3,3
45165,65,67,-2,2
45166,77,74,3,3
45167,102,99,3,3
45168,104,109,-5,5
45169,67,66,1,1
45170,134,117,17,17
45171,107,98,9,9
45172,87,91,-4,4
45173,168,153,15,15
45174,145,139,6,6
45175,127,128,-1,1
45176,168,148,20,20
45177,113,105,8,8
45178,64,76,-12,12
45179,64,70,-6,6
45180,83,87,-4,4
45181,83,83,0,0
45182,125,113,12,12
45183,61,62,-1,1
45184,40,47,-7,7
45185,57,60,-3,3
45186,153,136,17,17
45187,101,105,-4,4
45188,83,85,-2,2
45189,89,101,-12,12
45190,111,109,2,2
45191,77,76,1,1
45192,127,116,11,11
45193,128,116,12,12
45194,146,131,15,15
45195,49,61,-12,12
45196,49,66,-17,17
45197,57,70,-13,13
45198,89,86,3,3
45199,88,102,-14,14
45200,153,155,-2,2
45201,71,75,-4,4
45202,135,133,2,2
45203,109,98,11,11
45204,73,77,-4,4
45205,185,162,23,23
45206,69,73,-4,4
45207,109,110,-1,1
45208,74,78,-4,4
45209,181,151,30,30
45210,96,97,-1,1
45211,93,108,-15,15
45212,60,66,-6,6
45213,104,105,-1,1
45214,67,56,11,11
45215,89,91,-2,2
45216,128,112,16,16
45217,100,97,3,3
45218,96,94,2,2
45219,90,84,6,6
45220,68,68,0,0
45221,126,112,14,14
45222,54,65,-11,11
45223,106,107,-1,1
45224,63,71,-8,8
45225,113,95,18,18
45226,45,60,-15,15
45227,98,89,9,9
45228,156,137,19,19
45229,52,61,-9,9
45230,134,118,16,16
45231,74,78,-4,4
45232,102,102,0,0
45233,100,100,0,0
45234,62,71,-9,9
45235,82,80,2,2
45236,105,93,12,12
45237,69,74,-5,5
45238,124,133,-9,9
45239,118,114,4,4
45240,82,87,-5,5
45241,63,72,-9,9
45242,70,72,-2,2
45243,68,71,-3,3
45244,121,110,11,11
45245,73,76,-3,3
45246,51,60,-9,9
45247,81,81,0,0
45248,146,129,17,17
45249,88,90,-2,2
45250,101,100,1,1
45251,126,129,-3,3
45252,119,116,3,3
45253,113,117,-4,4
45254,172,144,28,28
45255,81,77,4,4
45256,90,88,2,2
45257,110,108,2,2
45258,134,133,1,1
45259,37,53,-16,16
45260,62,69,-7,7
45261,65,70,-5,5
45262,52,57,-5,5
45263,76,79,-3,3
45264,116,112,4,4
45265,98,117,-19,19
45266,61,67,-6,6
45267,84,89,-5,5
45268,153,135,18,18
45269,72,68,4,4
45270,77,80,-3,3
45271,86,89,-3,3
45272,99,104,-5,5
45273,124,116,8,8
45274,66,79,-13,13
45275,76,79,-3,3
45276,67,57,10,10
45277,133,118,15,15
45278,91,94,-3,3
45279,71,80,-9,9
45280,207,192,15,15
45281,65,72,-7,7
45282,97,97,0,0
45283,131,130,1,1
45284,120,108,12,12
45285,59,65,-6,6
45286,124,117,7,7
45287,74,75,-1,1
45288,101,98,3,3
45289,85,89,-4,4
45290,85,87,-2,2
45291,137,123,14,14
45292,76,76,0,0
45293,136,134,2,2
45294,139,129,10,10
45295,49,58,-9,9
45296,136,126,10,10
45297,75,72,3,3
45298,109,106,3,3
45299,53,60,-7,7
45300,110,108,2,2
45301,59,66,-7,7
45302,119,116,3,3
45303,86,85,1,1
45304,139,124,15,15
45305,132,124,8,8
45306,191,172,19,19
45307,87,82,5,5
45308,90,89,1,1
45309,122,118,4,4
45310,73,68,5,5
45311,122,107,15,15
45312,93,96,-3,3
45313,46,59,-13,13
45314,84,92,-8,8
45315,103,93,10,10
45316,39,37,2,2
45317,96,99,-3,3
45318,72,75,-3,3
45319,146,130,16,16
45320,80,93,-13,13
45321,68,75,-7,7
45322,49,55,-6,6
45323,110,105,5,5
45324,117,116,1,1
45325,121,109,12,12
45326,55,73,-18,18
45327,149,149,0,0
45328,78,79,-1,1
45329,60,70,-10,10
45330,161,149,12,12
45331,95,102,-7,7
45332,75,65,10,10
45333,92,99,-7,7
45334,112,120,-8,8
45335,67,75,-8,8
45336,91,88,3,3
45337,109,103,6,6
45338,177,158,19,19
45339,105,108,-3,3
45340,82,77,5,5
45341,89,79,10,10
45342,109,106,3,3
45343,67,79,-12,12
45344,117,113,4,4
45345,96,100,-4,4
45346,49,63,-14,14
45347,110,103,7,7
45348,57,56,1,1
45349,118,93,25,25
45350,120,112,8,8
45351,77,82,-5,5
45352,107,95,12,12
45353,60,74,-14,14
45354,70,66,4,4
45355,115,112,3,3
45356,70,77,-7,7
45357,70,63,7,7
45358,96,108,-12,12
45359,72,84,-12,12
45360,72,70,2,2
45361,67,75,-8,8
45362,170,146,24,24
45363,57,60,-3,3
45364,67,69,-2,2
45365,85,89,-4,4
45366,95,108,-13,13
45367,119,138,-19,19
45368,84,80,4,4
45369,65,87,-22,22
45370,225,207,18,18
45371,97,101,-4,4
45372,81,85,-4,4
45373,104,102,2,2
45374,23,26,-3,3
45375,75,79,-4,4
45376,115,110,5,5
45377,111,104,7,7
45378,60,61,-1,1
45379,72,76,-4,4
45380,100,99,1,1
45381,85,84,1,1
45382,60,67,-7,7
45383,55,69,-14,14
45384,120,121,-1,1
45385,121,122,-1,1
45386,79,78,1,1
45387,89,88,1,1
45388,127,116,11,11
45389,86,88,-2,2
45390,58,59,-1,1
45391,99,90,9,9
45392,126,126,0,0
45393,53,57,-4,4
45394,55,64,-9,9
45395,107,107,0,0
45396,67,66,1,1
45397,83,93,-10,10
45398,81,87,-6,6
45399,92,87,5,5
45400,109,101,8,8
45401,148,143,5,5
45402,115,117,-2,2
45403,124,115,9,9
45404,103,105,-2,2
45405,122,120,2,2
45406,104,106,-2,2
45407,58,51,7,7
45408,68,72,-4,4
45409,83,90,-7,7
45410,51,68,-17,17
45411,84,84,0,0
45412,129,131,-2,2
45413,64,72,-8,8
45414,150,132,18,18
45415,48,55,-7,7
45416,67,62,5,5
45417,72,78,-6,6
45418,101,96,5,5
45419,68,71,-3,3
45420,135,122,13,13
45421,98,100,-2,2
45422,73,75,-2,2
45423,93,101,-8,8
45424,161,152,9,9
45425,58,64,-6,6
45426,125,122,3,3
45427,91,95,-4,4
45428,82,79,3,3
45429,82,89,-7,7
45430,89,106,-17,17
45431,45,47,-2,2
45432,56,87,-31,31
45433,152,167,-15,15
45434,110,99,11,11
45435,81,78,3,3
45436,43,50,-7,7
45437,154,154,0,0
45438,82,78,4,4
45439,104,108,-4,4
45440,78,88,-10,10
45441,130,117,13,13
45442,66,81,-15,15
45443,86,91,-5,5
45444,98,104,-6,6
45445,106,105,1,1
45446,78,84,-6,6
45447,89,82,7,7
45448,84,86,-2,2
45449,111,99,12,12
45450,73,78,-5,5
45451,115,137,-22,22
45452,174,155,19,19
45453,87,81,6,6
45454,102,98,4,4
45455,77,72,5,5
45456,37,36,1,1
45457,131,124,7,7
45458,104,103,1,1
45459,109,138,-29,29
45460,89,87,2,2
45461,108,103,5,5
45462,158,142,16,16
45463,69,73,-4,4
45464,89,82,7,7
45465,42,43,-1,1
45466,97,83,14,14
45467,70,79,-9,9
45468,116,110,6,6
45469,138,141,-3,3
45470,110,108,2,2
45471,105,98,7,7
45472,51,64,-13,13
45473,94,102,-8,8
45474,75,75,0,0
45475,129,131,-2,2
45476,88,83,5,5
45477,100,89,11,11
45478,79,80,-1,1
45479,176,163,13,13
45480,86,82,4,4
45481,88,98,-10,10
45482,105,113,-8,8
45483,140,129,11,11
45484,72,74,-2,2
45485,111,96,15,15
45486,105,96,9,9
45487,191,168,23,23
45488,120,113,7,7
45489,99,103,-4,4
45490,45,56,-11,11
45491,94,93,1,1
45492,80,89,-9,9
45493,85,86,-1,1
45494,74,70,4,4
45495,78,82,-4,4
45496,131,116,15,15
45497,95,96,-1,1
45498,59,65,-6,6
45499,72,69,3,3
45500,108,110,-2,2
45501,71,77,-6,6
45502,74,73,1,1
45503,134,136,-2,2
45504,101,106,-5,5
45505,68,71,-3,3
45506,127,126,1,1
45507,195,161,34,34
45508,73,75,-2,2
45509,77,76,1,1
45510,79,74,5,5
45511,59,57,2,2
45512,115,102,13,13
45513,79,82,-3,3
45514,91,91,0,0
45515,82,79,3,3
45516,72,75,-3,3
45517,63,74,-11,11
45518,89,91,-2,2
45519,69,76,-7,7
45520,62,94,-32,32
45521,45,59,-14,14
45522,87,91,-4,4
45523,75,85,-10,10
45524,105,103,2,2
45525,93,103,-10,10
45526,104,103,1,1
45527,86,92,-6,6
45528,159,147,12,12
45529,93,86,7,7
45530,112,108,4,4
45531,120,112,8,8
45532,62,62,0,0
45533,108,102,6,6
45534,124,122,2,2
45535,167,146,21,21
45536,163,155,8,8
45537,113,105,8,8
45538,98,90,8,8
45539,64,74,-10,10
45540,120,110,10,10
45541,52,53,-1,1
45542,42,51,-9,9
45543,131,134,-3,3
45544,95,85,10,10
45545,85,88,-3,3
45546,71,73,-2,2
45547,116,107,9,9
45548,91,86,5,5
45549,94,90,4,4
45550,52,61,-9,9
45551,84,103,-19,19
45552,61,64,-3,3
45553,101,103,-2,2
45554,97,94,3,3
45555,96,102,-6,6
45556,141,140,1,1
45557,124,113,11,11
45558,72,78,-6,6
45559,79,127,-48,48
45560,155,149,6,6
45561,112,117,-5,5
45562,63,68,-5,5
45563,73,78,-5,5
45564,67,74,-7,7
45565,61,66,-5,5
45566,114,105,9,9
45567,33,40,-7,7
45568,64,68,-4,4
45569,79,79,0,0
45570,149,150,-1,1
45571,97,93,4,4
45572,84,86,-2,2
45573,134,134,0,0
45574,85,94,-9,9
45575,123,111,12,12
45576,97,94,3,3
45577,69,69,0,0
45578,116,105,11,11
45579,92,86,6,6
45580,125,123,2,2
45581,103,94,9,9
45582,99,87,12,12
45583,154,153,1,1
45584,102,98,4,4
45585,53,60,-7,7
45586,104,105,-1,1
45587,218,177,41,41
45588,57,60,-3,3
45589,154,152,2,2
45590,141,141,0,0
45591,113,118,-5,5
45592,69,75,-6,6
45593,87,102,-15,15
45594,126,120,6,6
45595,99,100,-1,1
45596,85,91,-6,6
45597,78,88,-10,10
45598,85,75,10,10
45599,77,74,3,3
45600,97,93,4,4
45601,67,80,-13,13
45602,114,106,8,8
45603,130,129,1,1
45604,127,111,16,16
45605,66,68,-2,2
45606,74,82,-8,8
45607,117,110,7,7
45608,57,61,-4,4
45609,169,152,17,17
45610,79,85,-6,6
45611,122,132,-10,10
45612,117,114,3,3
45613,82,85,-3,3
45614,119,110,9,9
45615,105,100,5,5
45616,121,110,11,11
45617,107,105,2,2
45618,63,69,-6,6
45619,76,78,-2,2
45620,141,114,27,27
45621,76,80,-4,4
45622,189,147,42,42
45623,78,80,-2,2
45624,105,115,-10,10
45625,69,71,-2,2
45626,95,104,-9,9
45627,55,66,-11,11
45628,85,76,9,9
45629,62,70,-8,8
45630,72,74,-2,2
45631,91,89,2,2
45632,78,94,-16,16
45633,69,68,1,1
45634,58,60,-2,2
45635,104,97,7,7
45636,90,93,-3,3
45637,45,55,-10,10
45638,109,96,13,13
45639,174,170,4,4
45640,102,111,-9,9
45641,72,78,-6,6
45642,93,90,3,3
45643,88,113,-25,25
45644,147,130,17,17
45645,116,110,6,6
45646,71,95,-24,24
45647,59,69,-10,10
45648,110,109,1,1
45649,112,106,6,6
45650,67,59,8,8
45651,63,70,-7,7
45652,99,86,13,13
45653,71,72,-1,1
45654,61,72,-11,11
45655,145,172,-27,27
45656,59,66,-7,7
45657,91,95,-4,4
45658,97,96,1,1
45659,67,71,-4,4
45660,75,73,2,2
45661,107,93,14,14
45662,47,66,-19,19
45663,111,112,-1,1
45664,122,113,9,9
45665,145,135,10,10
45666,133,116,17,17
45667,90,89,1,1
45668,153,141,12,12
45669,83,77,6,6
45670,44,61,-17,17
45671,64,71,-7,7
45672,74,82,-8,8
45673,98,97,1,1
45674,117,80,37,37
45675,83,87,-4,4
45676,52,64,-12,12
45677,74,77,-3,3
45678,128,122,6,6
45679,75,76,-1,1
45680,71,74,-3,3
45681,72,74,-2,2
45682,80,80,0,0
45683,98,92,6,6
45684,138,132,6,6
45685,161,146,15,15
45686,152,144,8,8
45687,117,109,8,8
45688,96,103,-7,7
45689,76,80,-4,4
45690,150,144,6,6
45691,71,74,-3,3
45692,127,127,0,0
45693,93,95,-2,2
45694,116,114,2,2
45695,128,118,10,10
45696,47,55,-8,8
45697,53,63,-10,10
45698,173,160,13,13
45699,84,100,-16,16
45700,74,74,0,0
45701,40,50,-10,10
45702,125,105,20,20
45703,100,106,-6,6
45704,62,69,-7,7
45705,120,107,13,13
45706,163,136,27,27
45707,111,107,4,4
45708,62,79,-17,17
45709,104,109,-5,5
45710,96,88,8,8
45711,71,69,2,2
45712,94,98,-4,4
45713,109,107,2,2
45714,46,52,-6,6
45715,94,94,0,0
45716,52,55,-3,3
45717,88,84,4,4
45718,68,75,-7,7
45719,193,194,-1,1
45720,137,125,12,12
45721,109,106,3,3
45722,97,107,-10,10
45723,114,106,8,8
45724,90,90,0,0
45725,57,78,-21,21
45726,119,110,9,9
45727,157,142,15,15
45728,86,82,4,4
45729,108,106,2,2
45730,82,85,-3,3
45731,111,104,7,7
45732,110,106,4,4
45733,108,88,20,20
45734,92,84,8,8
45735,38,35,3,3
45736,92,92,0,0
45737,92,91,1,1
45738,68,64,4,4
45739,74,85,-11,11
45740,83,88,-5,5
45741,106,94,12,12
45742,86,86,0,0
45743,78,76,2,2
45744,155,153,2,2
45745,116,116,0,0
45746,129,101,28,28
45747,99,95,4,4
45748,114,104,10,10
45749,103,95,8,8
45750,82,76,6,6
45751,50,55,-5,5
45752,86,88,-2,2
45753,82,82,0,0
45754,82,94,-12,12
45755,50,61,-11,11
45756,88,75,13,13
45757,86,84,2,2
45758,103,97,6,6
45759,60,63,-3,3
45760,68,71,-3,3
45761,86,78,8,8
45762,85,82,3,3
45763,80,77,3,3
45764,58,71,-13,13
45765,63,83,-20,20
45766,117,113,4,4
45767,97,106,-9,9
45768,59,64,-5,5
45769,66,74,-8,8
45770,121,114,7,7
45771,77,74,3,3
45772,47,53,-6,6
45773,61,72,-11,11
45774,128,121,7,7
45775,225,201,24,24
45776,145,129,16,16
45777,125,130,-5,5
45778,40,52,-12,12
45779,94,87,7,7
45780,103,100,3,3
45781,137,126,11,11
45782,151,137,14,14
45783,98,102,-4,4
45784,115,110,5,5
45785,77,76,1,1
45786,75,97,-22,22
45787,75,87,-12,12
45788,117,109,8,8
45789,133,128,5,5
45790,89,102,-13,13
45791,92,92,0,0
45792,66,68,-2,2
45793,26,27,-1,1
45794,135,123,12,12
45795,82,89,-7,7
45796,44,57,-13,13
45797,79,57,22,22
45798,135,134,1,1
45799,122,127,-5,5
45800,177,166,11,11
45801,93,89,4,4
45802,54,55,-1,1
45803,104,113,-9,9
45804,69,69,0,0
45805,64,72,-8,8
45806,113,120,-7,7
45807,69,71,-2,2
45808,127,128,-1,1
45809,115,112,3,3
45810,75,79,-4,4
45811,81,80,1,1
45812,35,41,-6,6
45813,120,118,2,2
45814,86,85,1,1
45815,111,100,11,11
45816,149,130,19,19
45817,86,85,1,1
45818,122,112,10,10
45819,80,89,-9,9
45820,91,87,4,4
45821,106,103,3,3
45822,30,38,-8,8
45823,84,84,0,0
45824,159,125,34,34
45825,76,86,-10,10
45826,73,77,-4,4
45827,78,82,-4,4
45828,271,236,35,35
45829,138,135,3,3
45830,72,79,-7,7
45831,77,74,3,3
45832,94,92,2,2
45833,101,101,0,0
45834,72,78,-6,6
45835,101,106,-5,5
45836,120,117,3,3
45837,159,149,10,10
45838,78,79,-1,1
45839,78,85,-7,7
45840,106,104,2,2
45841,87,94,-7,7
45842,62,67,-5,5
45843,106,110,-4,4
45844,127,131,-4,4
45845,101,103,-2,2
45846,56,64,-8,8
45847,41,57,-16,16
45848,83,87,-4,4
45849,128,125,3,3
45850,86,79,7,7
45851,82,87,-5,5
45852,104,102,2,2
45853,116,132,-16,16
45854,115,114,1,1
45855,81,87,-6,6
45856,82,95,-13,13
45857,88,84,4,4
45858,115,112,3,3
45859,170,161,9,9
45860,110,108,2,2
45861,228,190,38,38
45862,161,139,22,22
45863,72,74,-2,2
45864,171,147,24,24
45865,117,106,11,11
45866,116,113,3,3
45867,60,56,4,4
45868,113,115,-2,2
45869,121,114,7,7
45870,41,63,-22,22
45871,98,93,5,5
45872,83,83,0,0
45873,56,64,-8,8
45874,107,99,8,8
45875,90,83,7,7
45876,91,95,-4,4
45877,68,78,-10,10
45878,131,117,14,14
45879,95,92,3,3
45880,93,89,4,4
45881,99,99,0,0
45882,195,156,39,39
45883,124,113,11,11
45884,124,114,10,10
45885,44,64,-20,20
45886,63,65,-2,2
45887,175,152,23,23
45888,127,113,14,14
45889,113,113,0,0
45890,118,100,18,18
45891,99,105,-6,6
45892,89,85,4,4
45893,64,72,-8,8
45894,73,77,-4,4
45895,104,100,4,4
45896,50,63,-13,13
45897,94,82,12,12
45898,115,112,3,3
45899,91,93,-2,2
45900,80,74,6,6
45901,81,88,-7,7
45902,80,87,-7,7
45903,100,94,6,6
45904,123,120,3,3
45905,89,85,4,4
45906,71,75,-4,4
45907,162,136,26,26
45908,152,130,22,22
45909,69,74,-5,5
45910,81,91,-10,10
45911,71,75,-4,4
45912,90,88,2,2
45913,104,100,4,4
45914,106,96,10,10
45915,66,70,-4,4
45916,66,65,1,1
45917,79,90,-11,11
45918,45,58,-13,13
45919,89,84,5,5
45920,105,87,18,18
45921,59,64,-5,5
45922,103,96,7,7
45923,116,117,-1,1
45924,93,89,4,4
45925,116,123,-7,7
45926,133,120,13,13
45927,86,82,4,4
45928,86,79,7,7
45929,65,69,-4,4
45930,139,125,14,14
45931,117,119,-2,2
45932,67,71,-4,4
45933,119,102,17,17
45934,81,103,-22,22
45935,127,116,11,11
45936,142,130,12,12
45937,87,87,0,0
45938,70,71,-1,1
45939,79,81,-2,2
45940,119,115,4,4
45941,73,73,0,0
45942,72,66,6,6
45943,87,92,-5,5
45944,108,101,7,7
45945,120,114,6,6
45946,82,80,2,2
45947,97,101,-4,4
45948,73,82,-9,9
45949,69,70,-1,1
45950,96,95,1,1
45951,44,51,-7,7
45952,104,101,3,3
45953,68,76,-8,8
45954,108,83,25,25
45955,81,85,-4,4
45956,124,116,8,8
45957,91,85,6,6
45958,116,129,-13,13
45959,41,48,-7,7
45960,93,96,-3,3
45961,100,103,-3,3
45962,70,82,-12,12
45963,82,82,0,0
45964,124,107,17,17
45965,168,148,20,20
45966,81,78,3,3
45967,124,124,0,0
45968,74,76,-2,2
45969,191,168,23,23
45970,99,105,-6,6
45971,72,78,-6,6
45972,92,98,-6,6
45973,122,119,3,3
45974,104,97,7,7
45975,93,89,4,4
45976,50,59,-9,9
45977,79,87,-8,8
45978,86,88,-2,2
45979,147,151,-4,4
45980,129,135,-6,6
45981,135,140,-5,5
45982,124,107,17,17
45983,91,90,1,1
45984,80,91,-11,11
45985,150,150,0,0
45986,113,106,7,7
45987,74,68,6,6
45988,165,144,21,21
45989,105,95,10,10
45990,49,60,-11,11
45991,96,104,-8,8
45992,115,112,3,3
45993,132,123,9,9
45994,111,100,11,11
45995,44,51,-7,7
45996,98,88,10,10
45997,52,56,-4,4
45998,78,83,-5,5
45999,71,76,-5,5
46000,30,27,3,3
46001,116,115,1,1
46002,128,144,-16,16
46003,75,85,-10,10
46004,47,55,-8,8
46005,89,97,-8,8
46006,88,79,9,9
46007,102,102,0,0
46008,48,53,-5,5
46009,59,60,-1,1
46010,131,120,11,11
46011,71,75,-4,4
46012,81,88,-7,7
46013,110,107,3,3
46014,154,143,11,11
46015,120,114,6,6
46016,155,135,20,20
46017,109,106,3,3
46018,71,82,-11,11
46019,81,85,-4,4
46020,58,64,-6,6
46021,69,81,-12,12
46022,134,124,10,10
46023,99,93,6,6
46024,71,76,-5,5
46025,99,97,2,2
46026,76,80,-4,4
46027,98,90,8,8
46028,68,69,-1,1
46029,105,97,8,8
46030,109,100,9,9
46031,143,148,-5,5
46032,112,105,7,7
46033,82,102,-20,20
46034,59,63,-4,4
46035,170,150,20,20
46036,84,93,-9,9
46037,84,99,-15,15
46038,97,97,0,0
46039,241,203,38,38
46040,216,184,32,32
46041,121,119,2,2
46042,72,72,0,0
46043,61,66,-5,5
46044,76,75,1,1
46045,140,135,5,5
46046,101,95,6,6
46047,92,86,6,6
46048,65,66,-1,1
46049,62,70,-8,8
46050,62,71,-9,9
46051,172,144,28,28
46052,82,82,0,0
46053,118,113,5,5
46054,99,94,5,5
46055,121,115,6,6
46056,108,104,4,4
46057,96,81,15,15
46058,145,124,21,21
46059,111,134,-23,23
46060,46,54,-8,8
46061,74,66,8,8
46062,96,96,0,0
46063,60,64,-4,4
46064,110,131,-21,21
46065,78,85,-7,7
46066,114,100,14,14
46067,154,159,-5,5
46068,165,147,18,18
46069,42,49,-7,7
46070,91,85,6,6
46071,100,102,-2,2
46072,110,91,19,19
46073,67,78,-11,11
46074,68,76,-8,8
46075,137,113,24,24
46076,87,89,-2,2
46077,93,85,8,8
46078,86,86,0,0
46079,200,190,10,10
46080,119,113,6,6
46081,176,156,20,20
46082,75,79,-4,4
46083,125,122,3,3
46084,74,82,-8,8
46085,102,95,7,7
46086,53,58,-5,5
46087,107,97,10,10
46088,95,93,2,2
46089,120,119,1,1
46090,88,90,-2,2
46091,66,79,-13,13
46092,94,88,6,6
46093,137,135,2,2
46094,67,78,-11,11
46095,83,79,4,4
46096,56,62,-6,6
46097,139,122,17,17
46098,100,92,8,8
46099,78,89,-11,11
46100,103,95,8,8
46101,59,74,-15,15
46102,47,59,-12,12
46103,65,65,0,0
46104,112,104,8,8
46105,132,114,18,18
46106,82,94,-12,12
46107,118,116,2,2
46108,109,96,13,13
46109,91,88,3,3
46110,67,73,-6,6
46111,83,87,-4,4
46112,79,81,-2,2
46113,26,26,0,0
46114,44,61,-17,17
46115,71,80,-9,9
46116,86,83,3,3
46117,77,77,0,0
46118,53,59,-6,6
46119,98,89,9,9
46120,144,127,17,17
46121,89,85,4,4
46122,67,74,-7,7
46123,147,132,15,15
46124,127,127,0,0
46125,85,86,-1,1
46126,66,66,0,0
46127,89,85,4,4
46128,89,90,-1,1
46129,75,77,-2,2
46130,72,74,-2,2
46131,101,100,1,1
46132,126,97,29,29
46133,62,62,0,0
46134,83,85,-2,2
46135,151,139,12,12
46136,102,107,-5,5
46137,215,191,24,24
46138,149,134,15,15
46139,133,123,10,10
46140,90,84,6,6
46141,100,83,17,17
46142,57,57,0,0
46143,61,68,-7,7
46144,41,38,3,3
46145,137,124,13,13
46146,164,146,18,18
46147,242,215,27,27
46148,99,97,2,2
46149,51,57,-6,6
46150,68,71,-3,3
46151,78,75,3,3
46152,120,114,6,6
46153,87,88,-1,1
46154,105,94,11,11
46155,112,103,9,9
46156,87,93,-6,6
46157,88,88,0,0
46158,71,73,-2,2
46159,125,117,8,8
46160,73,79,-6,6
46161,108,107,1,1
46162,76,77,-1,1
46163,45,50,-5,5
46164,100,96,4,4
46165,76,78,-2,2
46166,158,145,13,13
46167,92,94,-2,2
46168,77,84,-7,7
46169,44,49,-5,5
46170,115,118,-3,3
46171,85,90,-5,5
46172,109,103,6,6
46173,89,92,-3,3
46174,39,51,-12,12
46175,66,73,-7,7
46176,62,72,-10,10
46177,89,94,-5,5
46178,130,122,8,8
46179,92,90,2,2
46180,138,117,21,21
46181,118,107,11,11
46182,219,228,-9,9
46183,104,107,-3,3
46184,94,99,-5,5
46185,100,86,14,14
46186,54,57,-3,3
46187,153,131,22,22
46188,84,86,-2,2
46189,91,97,-6,6
46190,46,55,-9,9
46191,53,70,-17,17
46192,77,73,4,4
46193,80,76,4,4
46194,138,122,16,16
46195,80,76,4,4
46196,138,119,19,19
46197,141,130,11,11
46198,91,88,3,3
46199,176,155,21,21
46200,117,114,3,3
46201,69,80,-11,11
46202,108,113,-5,5
46203,101,96,5,5
46204,135,125,10,10
46205,115,111,4,4
46206,102,106,-4,4
46207,56,69,-13,13
46208,96,96,0,0
46209,69,72,-3,3
46210,106,110,-4,4
46211,151,147,4,4
46212,110,104,6,6
46213,112,111,1,1
46214,134,120,14,14
46215,65,68,-3,3
46216,66,70,-4,4
46217,97,97,0,0
46218,109,109,0,0
46219,141,127,14,14
46220,78,91,-13,13
46221,94,110,-16,16
46222,64,74,-10,10
46223,47,65,-18,18
46224,79,80,-1,1
46225,104,105,-1,1
46226,39,42,-3,3
46227,62,74,-12,12
46228,123,119,4,4
46229,144,123,21,21
46230,108,111,-3,3
46231,183,149,34,34
46232,85,87,-2,2
46233,49,60,-11,11
46234,40,50,-10,10
46235,27,47,-20,20
46236,107,106,1,1
46237,135,137,-2,2
46238,129,115,14,14
46239,77,75,2,2
46240,61,69,-8,8
46241,58,74,-16,16
46242,144,133,11,11
46243,53,61,-8,8
46244,95,101,-6,6
46245,82,77,5,5
46246,73,80,-7,7
46247,174,165,9,9
46248,101,96,5,5
46249,100,119,-19,19
46250,81,74,7,7
46251,94,92,2,2
46252,76,81,-5,5
46253,70,79,-9,9
46254,100,103,-3,3
46255,79,73,6,6
46256,83,82,1,1
46257,90,92,-2,2
46258,136,126,10,10
46259,61,64,-3,3
46260,106,107,-1,1
46261,90,90,0,0
46262,32,41,-9,9
46263,100,107,-7,7
46264,74,71,3,3
46265,62,70,-8,8
46266,101,94,7,7
46267,104,96,8,8
46268,94,84,10,10
46269,95,101,-6,6
46270,134,131,3,3
46271,134,130,4,4
46272,77,75,2,2
46273,80,96,-16,16
46274,90,89,1,1
46275,128,113,15,15
46276,108,107,1,1
46277,64,77,-13,13
46278,44,58,-14,14
46279,115,109,6,6
46280,49,60,-11,11
46281,64,79,-15,15
46282,64,69,-5,5
46283,128,118,10,10
46284,69,77,-8,8
46285,73,71,2,2
46286,38,49,-11,11
46287,71,75,-4,4
46288,94,93,1,1
46289,89,92,-3,3
46290,63,70,-7,7
46291,116,104,12,12
46292,83,87,-4,4
46293,38,50,-12,12
46294,57,64,-7,7
46295,84,86,-2,2
46296,552,450,102,102
46297,75,75,0,0
46298,70,78,-8,8
46299,90,103,-13,13
46300,181,187,-6,6
46301,109,116,-7,7
46302,99,107,-8,8
46303,99,97,2,2
46304,73,76,-3,3
46305,71,76,-5,5
46306,125,124,1,1
46307,142,138,4,4
46308,125,117,8,8
46309,99,93,6,6
46310,127,116,11,11
46311,134,113,21,21
46312,87,83,4,4
46313,99,105,-6,6
46314,116,120,-4,4
46315,57,69,-12,12
46316,160,144,16,16
46317,104,97,7,7
46318,106,105,1,1
46319,82,87,-5,5
46320,149,132,17,17
46321,122,121,1,1
46322,46,58,-12,12
46323,44,59,-15,15
46324,47,61,-14,14
46325,46,73,-27,27
46326,103,105,-2,2
46327,118,115,3,3
46328,62,68,-6,6
46329,61,72,-11,11
46330,90,93,-3,3
46331,87,80,7,7
46332,163,134,29,29
46333,108,109,-1,1
46334,68,75,-7,7
46335,128,119,9,9
46336,132,146,-14,14
46337,48,61,-13,13
46338,66,66,0,0
46339,62,74,-12,12
46340,77,85,-8,8
46341,47,66,-19,19
46342,124,115,9,9
46343,95,102,-7,7
46344,65,62,3,3
46345,70,77,-7,7
46346,133,125,8,8
46347,98,99,-1,1
46348,138,138,0,0
46349,93,94,-1,1
46350,136,124,12,12
46351,119,110,9,9
46352,102,110,-8,8
46353,106,120,-14,14
46354,75,77,-2,2
46355,58,61,-3,3
46356,130,113,17,17
46357,85,88,-3,3
46358,102,111,-9,9
46359,66,72,-6,6
46360,83,99,-16,16
46361,85,88,-3,3
46362,122,115,7,7
46363,107,109,-2,2
46364,68,79,-11,11
46365,58,66,-8,8
46366,87,83,4,4
46367,67,75,-8,8
46368,74,81,-7,7
46369,68,68,0,0
46370,104,91,13,13
46371,158,147,11,11
46372,131,116,15,15
46373,103,105,-2,2
46374,109,111,-2,2
46375,64,66,-2,2
46376,123,107,16,16
46377,111,103,8,8
46378,38,46,-8,8
46379,59,60,-1,1
46380,46,65,-19,19
46381,101,107,-6,6
46382,149,137,12,12
46383,116,109,7,7
46384,62,83,-21,21
46385,78,85,-7,7
46386,92,90,2,2
46387,109,102,7,7
46388,94,94,0,0
46389,107,110,-3,3
46390,75,85,-10,10
46391,64,73,-9,9
46392,30,44,-14,14
46393,127,124,3,3
46394,67,71,-4,4
46395,109,108,1,1
46396,187,159,28,28
46397,90,91,-1,1
46398,123,117,6,6
46399,72,74,-2,2
46400,124,121,3,3
46401,110,106,4,4
46402,108,111,-3,3
46403,65,69,-4,4
46404,116,114,2,2
46405,77,89,-12,12
46406,40,54,-14,14
46407,108,108,0,0
46408,159,144,15,15
46409,60,65,-5,5
46410,116,104,12,12
46411,124,135,-11,11
46412,94,96,-2,2
46413,90,82,8,8
46414,30,33,-3,3
46415,89,87,2,2
46416,89,83,6,6
46417,111,118,-7,7
46418,84,88,-4,4
46419,49,57,-8,8
46420,75,68,7,7
46421,136,114,22,22
46422,41,77,-36,36
46423,72,74,-2,2
46424,173,156,17,17
46425,70,80,-10,10
46426,90,92,-2,2
46427,153,147,6,6
46428,138,138,0,0
46429,147,137,10,10
46430,116,128,-12,12
46431,148,137,11,11
46432,117,113,4,4
46433,103,101,2,2
46434,123,116,7,7
46435,151,133,18,18
46436,126,122,4,4
46437,105,111,-6,6
46438,111,113,-2,2
46439,71,67,4,4
46440,99,112,-13,13
46441,59,75,-16,16
46442,104,99,5,5
46443,60,62,-2,2
46444,88,89,-1,1
46445,63,64,-1,1
46446,186,166,20,20
46447,97,89,8,8
46448,128,118,10,10
46449,162,142,20,20
46450,74,76,-2,2
46451,92,86,6,6
46452,153,139,14,14
46453,97,94,3,3
46454,116,112,4,4
46455,161,131,30,30
46456,73,81,-8,8
46457,107,107,0,0
46458,112,122,-10,10
46459,89,86,3,3
46460,92,89,3,3
46461,83,82,1,1
46462,108,116,-8,8
46463,108,110,-2,2
46464,49,53,-4,4
46465,64,70,-6,6
46466,109,115,-6,6
46467,52,58,-6,6
46468,139,136,3,3
46469,90,89,1,1
46470,90,88,2,2
46471,70,78,-8,8
46472,97,100,-3,3
46473,56,63,-7,7
46474,64,79,-15,15
46475,67,68,-1,1
46476,48,58,-10,10
46477,69,69,0,0
46478,93,95,-2,2
46479,144,134,10,10
46480,145,144,1,1
46481,142,137,5,5
46482,150,141,9,9
46483,58,55,3,3
46484,120,106,14,14
46485,102,98,4,4
46486,142,143,-1,1
46487,100,103,-3,3
46488,125,121,4,4
46489,84,97,-13,13
46490,123,120,3,3
46491,145,145,0,0
46492,86,89,-3,3
46493,73,76,-3,3
46494,97,90,7,7
46495,57,64,-7,7
46496,122,117,5,5
46497,71,70,1,1
46498,99,98,1,1
46499,83,76,7,7
46500,165,149,16,16
46501,193,164,29,29
46502,104,96,8,8
46503,110,120,-10,10
46504,65,69,-4,4
46505,72,79,-7,7
46506,76,79,-3,3
46507,173,157,16,16
46508,76,90,-14,14
46509,95,90,5,5
46510,96,92,4,4
46511,82,79,3,3
46512,91,101,-10,10
46513,88,83,5,5
46514,104,105,-1,1
46515,114,117,-3,3
46516,109,104,5,5
46517,74,77,-3,3
46518,137,123,14,14
46519,93,91,2,2
46520,88,88,0,0
46521,55,72,-17,17
46522,72,77,-5,5
46523,71,92,-21,21
46524,110,98,12,12
46525,114,112,2,2
46526,128,129,-1,1
46527,65,83,-18,18
46528,114,116,-2,2
46529,97,94,3,3
46530,117,140,-23,23
46531,72,79,-7,7
46532,92,88,4,4
46533,64,66,-2,2
46534,125,125,0,0
46535,99,96,3,3
46536,56,70,-14,14
46537,54,65,-11,11
46538,122,118,4,4
46539,178,167,11,11
46540,179,159,20,20
46541,80,77,3,3
46542,109,105,4,4
46543,83,85,-2,2
46544,103,96,7,7
46545,61,70,-9,9
46546,125,116,9,9
46547,96,89,7,7
46548,96,111,-15,15
46549,97,94,3,3
46550,108,91,17,17
46551,89,92,-3,3
46552,55,57,-2,2
46553,87,125,-38,38
46554,49,60,-11,11
46555,94,95,-1,1
46556,93,116,-23,23
46557,75,80,-5,5
46558,65,73,-8,8
46559,52,52,0,0
46560,83,84,-1,1
46561,123,104,19,19
46562,92,88,4,4
46563,74,83,-9,9
46564,109,99,10,10
46565,52,63,-11,11
46566,76,70,6,6
46567,116,108,8,8
46568,83,77,6,6
46569,82,81,1,1
46570,144,132,12,12
46571,35,40,-5,5
46572,155,145,10,10
46573,136,126,10,10
46574,123,116,7,7
46575,81,80,1,1
46576,66,76,-10,10
46577,131,118,13,13
46578,133,115,18,18
46579,71,74,-3,3
46580,82,82,0,0
46581,82,86,-4,4
46582,42,47,-5,5
46583,137,142,-5,5
46584,140,155,-15,15
46585,58,68,-10,10
46586,117,101,16,16
46587,69,82,-13,13
46588,85,91,-6,6
46589,52,49,3,3
46590,87,97,-10,10
46591,135,136,-1,1
46592,64,71,-7,7
46593,129,108,21,21
46594,190,174,16,16
46595,68,74,-6,6
46596,82,77,5,5
46597,75,80,-5,5
46598,149,127,22,22
46599,84,82,2,2
46600,54,60,-6,6
46601,98,94,4,4
46602,99,87,12,12
46603,125,121,4,4
46604,86,89,-3,3
46605,95,89,6,6
46606,75,81,-6,6
46607,80,79,1,1
46608,118,114,4,4
46609,91,83,8,8
46610,106,98,8,8
46611,85,94,-9,9
46612,153,142,11,11
46613,103,102,1,1
46614,159,150,9,9
46615,69,71,-2,2
46616,166,125,41,41
46617,109,104,5,5
46618,133,120,13,13
46619,191,163,28,28
46620,113,96,17,17
46621,124,109,15,15
46622,139,129,10,10
46623,88,87,1,1
46624,43,68,-25,25
46625,71,78,-7,7
46626,116,110,6,6
46627,115,107,8,8
46628,118,116,2,2
46629,62,67,-5,5
46630,106,108,-2,2
46631,116,128,-12,12
46632,137,123,14,14
46633,201,165,36,36
46634,53,61,-8,8
46635,73,79,-6,6
46636,46,61,-15,15
46637,90,90,0,0
46638,126,126,0,0
46639,113,111,2,2
46640,80,74,6,6
46641,102,93,9,9
46642,161,139,22,22
46643,103,105,-2,2
46644,119,128,-9,9
46645,54,68,-14,14
46646,159,139,20,20
46647,87,81,6,6
46648,59,61,-2,2
46649,59,71,-12,12
46650,90,88,2,2
46651,59,66,-7,7
46652,104,96,8,8
46653,131,130,1,1
46654,60,62,-2,2
46655,68,65,3,3
46656,86,84,2,2
46657,88,86,2,2
46658,146,138,8,8
46659,62,67,-5,5
46660,152,143,9,9
46661,104,103,1,1
46662,67,68,-1,1
46663,102,104,-2,2
46664,96,100,-4,4
46665,99,107,-8,8
46666,99,103,-4,4
46667,76,83,-7,7
46668,97,100,-3,3
46669,83,90,-7,7
46670,112,114,-2,2
46671,63,70,-7,7
46672,136,137,-1,1
46673,74,80,-6,6
46674,172,142,30,30
46675,136,116,20,20
46676,120,122,-2,2
46677,116,116,0,0
46678,126,117,9,9
46679,114,105,9,9
46680,72,78,-6,6
46681,104,103,1,1
46682,147,143,4,4
46683,103,104,-1,1
46684,81,74,7,7
46685,80,83,-3,3
46686,101,102,-1,1
46687,125,110,15,15
46688,92,77,15,15
46689,84,85,-1,1
46690,80,107,-27,27
46691,150,137,13,13
46692,61,69,-8,8
46693,112,106,6,6
46694,112,106,6,6
46695,67,64,3,3
46696,137,128,9,9
46697,58,65,-7,7
46698,105,100,5,5
46699,88,90,-2,2
46700,76,75,1,1
46701,88,83,5,5
46702,108,111,-3,3
46703,97,93,4,4
46704,141,136,5,5
46705,64,83,-19,19
46706,51,61,-10,10
46707,101,92,9,9
46708,158,150,8,8
46709,97,95,2,2
46710,79,84,-5,5
46711,69,72,-3,3
46712,97,107,-10,10
46713,90,90,0,0
46714,85,94,-9,9
46715,90,88,2,2
46716,120,111,9,9
46717,61,70,-9,9
46718,145,139,6,6
46719,77,80,-3,3
46720,49,58,-9,9
46721,81,84,-3,3
46722,70,75,-5,5
46723,107,97,10,10
46724,87,86,1,1
46725,66,72,-6,6
46726,108,107,1,1
46727,86,81,5,5
46728,68,72,-4,4
46729,84,77,7,7
46730,72,78,-6,6
46731,67,76,-9,9
46732,73,77,-4,4
46733,81,83,-2,2
46734,65,62,3,3
46735,130,108,22,22
46736,47,50,-3,3
46737,117,116,1,1
46738,141,124,17,17
46739,204,162,42,42
46740,85,85,0,0
46741,116,120,-4,4
46742,118,107,11,11
46743,110,109,1,1
46744,100,96,4,4
46745,93,93,0,0
46746,53,56,-3,3
46747,86,82,4,4
46748,70,75,-5,5
46749,80,81,-1,1
46750,146,141,5,5
46751,72,75,-3,3
46752,154,143,11,11
46753,206,191,15,15
46754,72,77,-5,5
46755,141,129,12,12
46756,83,103,-20,20
46757,141,140,1,1
46758,97,104,-7,7
46759,137,127,10,10
46760,124,122,2,2
46761,84,85,-1,1
46762,102,115,-13,13
46763,22,58,-36,36
46764,97,100,-3,3
46765,59,64,-5,5
46766,124,125,-1,1
46767,198,182,16,16
46768,93,82,11,11
46769,96,94,2,2
46770,99,93,6,6
46771,191,151,40,40
46772,88,85,3,3
46773,88,83,5,5
46774,114,107,7,7
46775,85,95,-10,10
46776,85,73,12,12
46777,63,73,-10,10
46778,129,109,20,20
46779,142,142,0,0
46780,66,78,-12,12
46781,64,65,-1,1
46782,72,73,-1,1
46783,143,137,6,6
46784,73,70,3,3
46785,92,92,0,0
46786,80,90,-10,10
46787,123,116,7,7
46788,67,77,-10,10
46789,87,104,-17,17
46790,81,68,13,13
46791,77,103,-26,26
46792,70,71,-1,1
46793,120,119,1,1
46794,119,121,-2,2
46795,116,116,0,0
46796,193,179,14,14
46797,90,96,-6,6
46798,113,127,-14,14
46799,109,101,8,8
46800,85,86,-1,1
46801,63,69,-6,6
46802,56,60,-4,4
46803,131,132,-1,1
46804,108,105,3,3
46805,58,67,-9,9
46806,57,65,-8,8
46807,98,118,-20,20
46808,86,104,-18,18
46809,60,66,-6,6
46810,54,65,-11,11
46811,160,139,21,21
46812,91,101,-10,10
46813,179,142,37,37
46814,68,87,-19,19
46815,143,133,10,10
46816,86,76,10,10
46817,115,118,-3,3
46818,139,120,19,19
46819,95,93,2,2
46820,66,82,-16,16
46821,66,69,-3,3
46822,143,134,9,9
46823,87,86,1,1
46824,85,94,-9,9
46825,77,82,-5,5
46826,77,76,1,1
46827,91,83,8,8
46828,80,82,-2,2
46829,23,27,-4,4
46830,92,90,2,2
46831,109,102,7,7
46832,115,106,9,9
46833,93,94,-1,1
46834,67,74,-7,7
46835,150,141,9,9
46836,78,70,8,8
46837,159,150,9,9
46838,124,108,16,16
46839,93,103,-10,10
46840,133,132,1,1
46841,79,85,-6,6
46842,62,67,-5,5
46843,73,74,-1,1
46844,66,69,-3,3
46845,69,71,-2,2
46846,146,153,-7,7
46847,73,73,0,0
46848,91,102,-11,11
46849,67,69,-2,2
46850,80,97,-17,17
46851,96,93,3,3
46852,75,74,1,1
46853,72,83,-11,11
46854,87,86,1,1
46855,93,84,9,9
46856,115,106,9,9
46857,142,131,11,11
46858,168,131,37,37
46859,149,133,16,16
46860,91,90,1,1
46861,69,75,-6,6
46862,112,108,4,4
46863,83,81,2,2
46864,63,63,0,0
46865,84,87,-3,3
46866,113,102,11,11
46867,98,95,3,3
46868,174,164,10,10
46869,103,96,7,7
46870,32,73,-41,41
46871,126,123,3,3
46872,132,128,4,4
46873,49,53,-4,4
46874,107,106,1,1
46875,121,130,-9,9
46876,132,117,15,15
46877,75,76,-1,1
46878,71,78,-7,7
46879,69,81,-12,12
46880,158,135,23,23
46881,73,73,0,0
46882,146,126,20,20
46883,49,67,-18,18
46884,124,118,6,6
46885,71,72,-1,1
46886,43,49,-6,6
46887,94,98,-4,4
46888,120,126,-6,6
46889,107,107,0,0
46890,83,77,6,6
46891,111,107,4,4
46892,79,84,-5,5
46893,93,101,-8,8
46894,130,125,5,5
46895,119,111,8,8
46896,80,78,2,2
46897,80,74,6,6
46898,76,75,1,1
46899,101,103,-2,2
46900,131,124,7,7
46901,91,93,-2,2
46902,81,86,-5,5
46903,102,104,-2,2
46904,108,94,14,14
46905,79,78,1,1
46906,121,109,12,12
46907,135,134,1,1
46908,68,79,-11,11
46909,104,112,-8,8
46910,44,48,-4,4
46911,103,106,-3,3
46912,136,134,2,2
46913,107,91,16,16
46914,78,90,-12,12
46915,75,82,-7,7
46916,37,40,-3,3
46917,24,27,-3,3
46918,166,156,10,10
46919,134,125,9,9
46920,116,110,6,6
46921,85,86,-1,1
46922,130,126,4,4
46923,150,137,13,13
46924,103,96,7,7
46925,92,89,3,3
46926,127,127,0,0
46927,72,79,-7,7
46928,95,101,-6,6
46929,56,61,-5,5
46930,170,142,28,28
46931,106,98,8,8
46932,78,83,-5,5
46933,135,133,2,2
46934,113,105,8,8
46935,191,170,21,21
46936,61,70,-9,9
46937,95,86,9,9
46938,119,114,5,5
46939,114,102,12,12
46940,88,88,0,0
46941,71,74,-3,3
46942,76,76,0,0
46943,50,64,-14,14
46944,69,72,-3,3
46945,51,75,-24,24
46946,74,84,-10,10
46947,79,78,1,1
46948,74,86,-12,12
46949,113,115,-2,2
46950,99,107,-8,8
46951,86,88,-2,2
46952,91,90,1,1
46953,83,98,-15,15
46954,106,100,6,6
46955,66,70,-4,4
46956,74,70,4,4
46957,78,79,-1,1
46958,101,102,-1,1
46959,78,85,-7,7
46960,91,102,-11,11
46961,94,97,-3,3
46962,86,89,-3,3
46963,64,73,-9,9
46964,98,83,15,15
46965,100,109,-9,9
46966,148,133,15,15
46967,96,103,-7,7
46968,135,118,17,17
46969,123,131,-8,8
46970,65,71,-6,6
46971,86,85,1,1
46972,86,86,0,0
46973,93,93,0,0
46974,106,103,3,3
46975,122,111,11,11
46976,75,88,-13,13
46977,86,86,0,0
46978,51,56,-5,5
46979,56,65,-9,9
46980,125,128,-3,3
46981,92,91,1,1
46982,108,116,-8,8
46983,151,139,12,12
46984,83,87,-4,4
46985,66,76,-10,10
46986,138,121,17,17
46987,120,119,1,1
46988,79,76,3,3
46989,86,95,-9,9
46990,163,156,7,7
46991,112,112,0,0
46992,98,91,7,7
46993,40,72,-32,32
46994,85,90,-5,5
46995,73,82,-9,9
46996,84,95,-11,11
46997,127,126,1,1
46998,113,104,9,9
46999,116,107,9,9
47000,91,95,-4,4
47001,91,78,13,13
47002,50,59,-9,9
47003,78,82,-4,4
47004,90,94,-4,4
47005,125,117,8,8
47006,84,89,-5,5
47007,79,76,3,3
47008,69,70,-1,1
47009,115,101,14,14
47010,227,228,-1,1
47011,107,108,-1,1
47012,136,154,-18,18
47013,88,85,3,3
47014,117,115,2,2
47015,81,88,-7,7
47016,150,138,12,12
47017,101,119,-18,18
47018,169,153,16,16
47019,75,82,-7,7
47020,146,143,3,3
47021,96,93,3,3
47022,66,68,-2,2
47023,73,77,-4,4
47024,85,97,-12,12
47025,104,87,17,17
47026,53,60,-7,7
47027,148,151,-3,3
47028,119,111,8,8
47029,45,46,-1,1
47030,72,76,-4,4
47031,126,126,0,0
47032,64,67,-3,3
47033,119,116,3,3
47034,89,96,-7,7
47035,139,131,8,8
47036,111,113,-2,2
47037,100,104,-4,4
47038,82,86,-4,4
47039,138,130,8,8
47040,47,56,-9,9
47041,167,145,22,22
47042,63,69,-6,6
47043,118,111,7,7
47044,201,190,11,11
47045,82,88,-6,6
47046,91,97,-6,6
47047,81,84,-3,3
47048,91,87,4,4
47049,119,109,10,10
47050,88,82,6,6
47051,76,80,-4,4
47052,86,87,-1,1
47053,47,55,-8,8
47054,134,127,7,7
47055,96,96,0,0
47056,82,85,-3,3
47057,82,80,2,2
47058,89,92,-3,3
47059,99,104,-5,5
47060,93,95,-2,2
47061,87,89,-2,2
47062,62,83,-21,21
47063,58,61,-3,3
47064,82,86,-4,4
47065,142,138,4,4
47066,101,98,3,3
47067,127,116,11,11
47068,46,50,-4,4
47069,116,107,9,9
47070,54,61,-7,7
47071,71,74,-3,3
47072,121,134,-13,13
47073,80,83,-3,3
47074,86,85,1,1
47075,119,114,5,5
47076,71,78,-7,7
47077,171,152,19,19
47078,126,109,17,17
47079,57,61,-4,4
47080,99,98,1,1
47081,55,65,-10,10
47082,77,82,-5,5
47083,110,104,6,6
47084,77,104,-27,27
47085,111,106,5,5
47086,164,155,9,9
47087,104,96,8,8
47088,85,87,-2,2
47089,75,80,-5,5
47090,119,109,10,10
47091,82,85,-3,3
47092,122,109,13,13
47093,111,110,1,1
47094,102,96,6,6
47095,54,58,-4,4
47096,96,95,1,1
47097,65,72,-7,7
47098,135,133,2,2
47099,79,77,2,2
47100,92,80,12,12
47101,56,65,-9,9
47102,109,91,18,18
47103,124,120,4,4
47104,65,74,-9,9
47105,84,86,-2,2
47106,107,101,6,6
47107,114,106,8,8
47108,92,85,7,7
47109,129,120,9,9
47110,159,142,17,17
47111,80,86,-6,6
47112,106,104,2,2
47113,76,79,-3,3
47114,81,90,-9,9
47115,115,114,1,1
47116,89,97,-8,8
47117,66,74,-8,8
47118,49,61,-12,12
47119,74,75,-1,1
47120,77,77,0,0
47121,98,93,5,5
47122,181,161,20,20
47123,65,70,-5,5
47124,125,117,8,8
47125,120,122,-2,2
47126,92,84,8,8
47127,125,115,10,10
47128,97,95,2,2
47129,113,96,17,17
47130,69,77,-8,8
47131,41,55,-14,14
47132,112,109,3,3
47133,93,83,10,10
47134,77,78,-1,1
47135,114,123,-9,9
47136,90,88,2,2
47137,119,120,-1,1
47138,85,95,-10,10
47139,99,105,-6,6
47140,113,92,21,21
47141,112,116,-4,4
47142,43,54,-11,11
47143,73,76,-3,3
47144,149,140,9,9
47145,72,79,-7,7
47146,62,69,-7,7
47147,74,75,-1,1
47148,197,176,21,21
47149,93,103,-10,10
47150,103,80,23,23
47151,96,90,6,6
47152,191,158,33,33
47153,116,110,6,6
47154,75,75,0,0
47155,99,104,-5,5
47156,94,83,11,11
47157,124,126,-2,2
47158,83,82,1,1
47159,131,123,8,8
47160,108,95,13,13
47161,108,116,-8,8
47162,77,77,0,0
47163,77,70,7,7
47164,126,117,9,9
47165,59,75,-16,16
47166,101,109,-8,8
47167,121,115,6,6
47168,116,119,-3,3
47169,124,114,10,10
47170,69,67,2,2
47171,160,144,16,16
47172,67,82,-15,15
47173,111,114,-3,3
47174,80,100,-20,20
47175,44,52,-8,8
47176,89,88,1,1
47177,92,89,3,3
47178,105,108,-3,3
47179,113,100,13,13
47180,83,85,-2,2
47181,54,58,-4,4
47182,47,55,-8,8
47183,105,98,7,7
47184,65,65,0,0
47185,118,109,9,9
47186,115,105,10,10
47187,92,97,-5,5
47188,69,63,6,6
47189,42,55,-13,13
47190,64,64,0,0
47191,119,120,-1,1
47192,142,126,16,16
47193,117,106,11,11
47194,67,75,-8,8
47195,157,140,17,17
47196,57,68,-11,11
47197,122,108,14,14
47198,84,73,11,11
47199,112,115,-3,3
47200,96,99,-3,3
47201,75,77,-2,2
47202,86,86,0,0
47203,168,145,23,23
47204,128,108,20,20
47205,111,114,-3,3
47206,95,100,-5,5
47207,74,87,-13,13
47208,101,88,13,13
47209,69,70,-1,1
47210,160,150,10,10
47211,139,125,14,14
47212,24,66,-42,42
47213,89,86,3,3
47214,102,104,-2,2
47215,49,55,-6,6
47216,94,106,-12,12
47217,76,73,3,3
47218,170,145,25,25
47219,158,146,12,12
47220,31,85,-54,54
47221,66,72,-6,6
47222,106,94,12,12
47223,60,78,-18,18
47224,77,83,-6,6
47225,68,71,-3,3
47226,129,124,5,5
47227,60,65,-5,5
47228,106,104,2,2
47229,64,64,0,0
47230,67,68,-1,1
47231,85,86,-1,1
47232,79,74,5,5
47233,175,160,15,15
47234,20,66,-46,46
47235,169,144,25,25
47236,90,95,-5,5
47237,74,78,-4,4
47238,68,83,-15,15
47239,52,65,-13,13
47240,81,87,-6,6
47241,106,110,-4,4
47242,113,111,2,2
47243,64,71,-7,7
47244,98,99,-1,1
47245,120,119,1,1
47246,85,83,2,2
47247,70,66,4,4
47248,121,114,7,7
47249,132,118,14,14
47250,50,50,0,0
47251,68,80,-12,12
47252,55,61,-6,6
47253,122,112,10,10
47254,107,99,8,8
47255,69,76,-7,7
47256,115,109,6,6
47257,118,114,4,4
47258,184,197,-13,13
47259,78,90,-12,12
47260,47,60,-13,13
47261,65,70,-5,5
47262,109,97,12,12
47263,89,81,8,8
47264,141,137,4,4
47265,68,90,-22,22
47266,167,143,24,24
47267,68,79,-11,11
47268,86,94,-8,8
47269,93,92,1,1
47270,91,89,2,2
47271,65,75,-10,10
47272,132,128,4,4
47273,91,95,-4,4
47274,71,69,2,2
47275,71,68,3,3
47276,120,118,2,2
47277,118,109,9,9
47278,117,112,5,5
47279,157,151,6,6
47280,73,77,-4,4
47281,108,107,1,1
47282,82,74,8,8
47283,122,116,6,6
47284,143,139,4,4
47285,172,153,19,19
47286,76,69,7,7
47287,130,131,-1,1
47288,61,62,-1,1
47289,65,73,-8,8
47290,128,118,10,10
47291,98,97,1,1
47292,161,160,1,1
47293,56,60,-4,4
47294,97,130,-33,33
47295,176,184,-8,8
47296,125,118,7,7
47297,115,108,7,7
47298,81,81,0,0
47299,103,101,2,2
47300,53,58,-5,5
47301,173,160,13,13
47302,132,119,13,13
47303,129,117,12,12
47304,120,116,4,4
47305,123,108,15,15
47306,203,159,44,44
47307,59,55,4,4
47308,67,74,-7,7
47309,132,117,15,15
47310,182,155,27,27
47311,143,137,6,6
47312,97,87,10,10
47313,91,88,3,3
47314,96,106,-10,10
47315,91,88,3,3
47316,87,85,2,2
47317,143,144,-1,1
47318,65,56,9,9
47319,78,73,5,5
47320,78,79,-1,1
47321,140,135,5,5
47322,93,92,1,1
47323,52,59,-7,7
47324,95,98,-3,3
47325,96,88,8,8
47326,72,78,-6,6
47327,113,111,2,2
47328,97,90,7,7
47329,77,82,-5,5
47330,71,77,-6,6
47331,58,63,-5,5
47332,72,74,-2,2
47333,210,173,37,37
47334,97,90,7,7
47335,141,139,2,2
47336,130,129,1,1
47337,105,107,-2,2
47338,66,78,-12,12
47339,78,87,-9,9
47340,96,102,-6,6
47341,120,114,6,6
47342,57,64,-7,7
47343,162,148,14,14
47344,134,132,2,2
47345,161,142,19,19
47346,171,159,12,12
47347,91,95,-4,4
47348,46,54,-8,8
47349,128,118,10,10
47350,113,97,16,16
47351,96,91,5,5
47352,55,60,-5,5
47353,101,104,-3,3
47354,146,135,11,11
47355,83,119,-36,36
47356,41,52,-11,11
47357,117,112,5,5
47358,118,122,-4,4
47359,89,93,-4,4
47360,88,88,0,0
47361,37,37,0,0
47362,68,76,-8,8
47363,53,53,0,0
47364,106,102,4,4
47365,125,115,10,10
47366,79,80,-1,1
47367,100,92,8,8
47368,99,106,-7,7
47369,99,103,-4,4
47370,130,121,9,9
47371,75,84,-9,9
47372,101,97,4,4
47373,90,89,1,1
47374,154,134,20,20
47375,116,110,6,6
47376,60,80,-20,20
47377,144,138,6,6
47378,75,80,-5,5
47379,110,104,6,6
47380,124,123,1,1
47381,79,89,-10,10
47382,38,47,-9,9
47383,90,89,1,1
47384,84,80,4,4
47385,76,83,-7,7
47386,88,92,-4,4
47387,124,125,-1,1
47388,76,84,-8,8
47389,84,82,2,2
47390,75,76,-1,1
47391,78,78,0,0
47392,48,59,-11,11
47393,70,77,-7,7
47394,125,114,11,11
47395,129,127,2,2
47396,75,72,3,3
47397,91,104,-13,13
47398,108,104,4,4
47399,100,95,5,5
47400,56,73,-17,17
47401,140,123,17,17
47402,62,63,-1,1
47403,224,175,49,49
47404,109,116,-7,7
47405,159,154,5,5
47406,90,96,-6,6
47407,125,117,8,8
47408,96,101,-5,5
47409,74,88,-14,14
47410,109,111,-2,2
47411,84,85,-1,1
47412,50,53,-3,3
47413,146,137,9,9
47414,116,104,12,12
47415,93,86,7,7
47416,92,87,5,5
47417,72,70,2,2
47418,159,135,24,24
47419,79,78,1,1
47420,117,110,7,7
47421,92,83,9,9
47422,102,100,2,2
47423,61,67,-6,6
47424,55,56,-1,1
47425,91,79,12,12
47426,94,89,5,5
47427,64,73,-9,9
47428,121,114,7,7
47429,50,55,-5,5
47430,91,86,5,5
47431,87,89,-2,2
47432,100,95,5,5
47433,60,59,1,1
47434,139,134,5,5
47435,77,78,-1,1
47436,54,60,-6,6
47437,117,98,19,19
47438,105,115,-10,10
47439,105,100,5,5
47440,78,78,0,0
47441,108,95,13,13
47442,111,116,-5,5
47443,112,113,-1,1
47444,69,72,-3,3
47445,100,104,-4,4
47446,96,96,0,0
47447,31,49,-18,18
47448,75,75,0,0
47449,68,75,-7,7
47450,53,64,-11,11
47451,63,70,-7,7
47452,85,83,2,2
47453,126,125,1,1
47454,107,104,3,3
47455,130,123,7,7
47456,65,68,-3,3
47457,73,77,-4,4
47458,107,109,-2,2
47459,121,119,2,2
47460,99,102,-3,3
47461,92,96,-4,4
47462,170,158,12,12
47463,85,72,13,13
47464,142,133,9,9
47465,86,86,0,0
47466,63,67,-4,4
47467,121,109,12,12
47468,84,97,-13,13
47469,66,67,-1,1
47470,60,65,-5,5
47471,68,68,0,0
47472,113,125,-12,12
47473,101,97,4,4
47474,48,59,-11,11
47475,154,144,10,10
47476,160,147,13,13
47477,102,96,6,6
47478,94,96,-2,2
47479,84,82,2,2
47480,107,110,-3,3
47481,66,74,-8,8
47482,87,93,-6,6
47483,84,76,8,8
47484,86,90,-4,4
47485,101,65,36,36
47486,83,80,3,3
47487,70,66,4,4
47488,104,94,10,10
47489,78,76,2,2
47490,69,75,-6,6
47491,172,152,20,20
47492,66,76,-10,10
47493,96,92,4,4
47494,73,77,-4,4
47495,122,127,-5,5
47496,66,76,-10,10
47497,78,83,-5,5
47498,70,117,-47,47
47499,62,70,-8,8
47500,64,70,-6,6
47501,189,163,26,26
47502,101,101,0,0
47503,83,86,-3,3
47504,88,83,5,5
47505,108,102,6,6
47506,109,107,2,2
47507,50,50,0,0
47508,100,92,8,8
47509,98,94,4,4
47510,74,71,3,3
47511,151,131,20,20
47512,67,74,-7,7
47513,145,129,16,16
47514,99,97,2,2
47515,79,82,-3,3
47516,66,77,-11,11
47517,87,81,6,6
47518,104,91,13,13
47519,75,74,1,1
47520,81,77,4,4
47521,79,85,-6,6
47522,82,82,0,0
47523,202,172,30,30
47524,64,65,-1,1
47525,142,132,10,10
47526,77,87,-10,10
47527,95,112,-17,17
47528,127,126,1,1
47529,89,93,-4,4
47530,136,140,-4,4
47531,63,70,-7,7
47532,123,116,7,7
47533,113,105,8,8
47534,98,99,-1,1
47535,136,118,18,18
47536,124,114,10,10
47537,124,115,9,9
47538,162,142,20,20
47539,81,96,-15,15
47540,93,91,2,2
47541,83,89,-6,6
47542,127,109,18,18
47543,60,62,-2,2
47544,83,88,-5,5
47545,60,64,-4,4
47546,103,109,-6,6
47547,93,76,17,17
47548,78,80,-2,2
47549,97,89,8,8
47550,73,75,-2,2
47551,128,116,12,12
47552,92,96,-4,4
47553,37,45,-8,8
47554,154,143,11,11
47555,60,69,-9,9
47556,94,92,2,2
47557,103,98,5,5
47558,72,78,-6,6
47559,65,79,-14,14
47560,85,88,-3,3
47561,111,104,7,7
47562,88,94,-6,6
47563,110,104,6,6
47564,102,102,0,0
47565,59,62,-3,3
47566,89,82,7,7
47567,113,98,15,15
47568,65,78,-13,13
47569,148,138,10,10
47570,83,86,-3,3
47571,81,84,-3,3
47572,88,89,-1,1
47573,67,75,-8,8
47574,44,56,-12,12
47575,98,104,-6,6
47576,89,87,2,2
47577,85,86,-1,1
47578,165,142,23,23
47579,58,73,-15,15
47580,118,110,8,8
47581,138,118,20,20
47582,85,80,5,5
47583,77,83,-6,6
47584,58,64,-6,6
47585,78,75,3,3
47586,94,107,-13,13
47587,51,60,-9,9
47588,109,113,-4,4
47589,72,79,-7,7
47590,71,76,-5,5
47591,83,92,-9,9
47592,97,92,5,5
47593,81,86,-5,5
47594,192,191,1,1
47595,152,139,13,13
47596,101,102,-1,1
47597,65,63,2,2
47598,77,78,-1,1
47599,130,118,12,12
47600,124,98,26,26
47601,89,91,-2,2
47602,105,110,-5,5
47603,85,82,3,3
47604,147,140,7,7
47605,108,117,-9,9
47606,86,89,-3,3
47607,66,73,-7,7
47608,62,69,-7,7
47609,74,72,2,2
47610,144,120,24,24
47611,77,78,-1,1
47612,53,51,2,2
47613,81,78,3,3
47614,121,114,7,7
47615,71,69,2,2
47616,75,67,8,8
47617,105,97,8,8
47618,98,102,-4,4
47619,133,129,4,4
47620,115,117,-2,2
47621,56,63,-7,7
47622,139,129,10,10
47623,108,108,0,0
47624,207,164,43,43
47625,43,63,-20,20
47626,135,121,14,14
47627,122,118,4,4
47628,61,71,-10,10
47629,97,89,8,8
47630,77,78,-1,1
47631,123,104,19,19
47632,59,69,-10,10
47633,113,117,-4,4
47634,125,119,6,6
47635,88,89,-1,1
47636,72,73,-1,1
47637,137,132,5,5
47638,113,103,10,10
47639,112,104,8,8
47640,60,69,-9,9
47641,106,105,1,1
47642,143,135,8,8
47643,91,93,-2,2
47644,95,88,7,7
47645,155,133,22,22
47646,106,106,0,0
47647,103,113,-10,10
47648,142,124,18,18
47649,76,73,3,3
47650,115,117,-2,2
47651,96,119,-23,23
47652,103,95,8,8
47653,106,107,-1,1
47654,67,68,-1,1
47655,100,96,4,4
47656,103,95,8,8
47657,72,78,-6,6
47658,142,129,13,13
47659,32,57,-25,25
47660,137,135,2,2
47661,57,71,-14,14
47662,69,76,-7,7
47663,47,51,-4,4
47664,82,85,-3,3
47665,113,101,12,12
47666,81,87,-6,6
47667,96,95,1,1
47668,67,72,-5,5
47669,138,124,14,14
47670,73,73,0,0
47671,62,84,-22,22
47672,45,60,-15,15
47673,106,101,5,5
47674,65,71,-6,6
47675,79,82,-3,3
47676,109,113,-4,4
47677,147,135,12,12
47678,67,69,-2,2
47679,94,90,4,4
47680,73,75,-2,2
47681,57,70,-13,13
47682,124,112,12,12
47683,68,75,-7,7
47684,89,86,3,3
47685,105,95,10,10
47686,64,78,-14,14
47687,78,87,-9,9
47688,108,101,7,7
47689,171,159,12,12
47690,92,84,8,8
47691,63,71,-8,8
47692,66,75,-9,9
47693,85,89,-4,4
47694,134,128,6,6
47695,73,77,-4,4
47696,85,85,0,0
47697,81,78,3,3
47698,119,114,5,5
47699,64,67,-3,3
47700,73,73,0,0
47701,120,105,15,15
47702,122,115,7,7
47703,97,100,-3,3
47704,69,76,-7,7
47705,88,89,-1,1
47706,86,90,-4,4
47707,87,87,0,0
47708,152,135,17,17
47709,65,67,-2,2
47710,37,54,-17,17
47711,125,109,16,16
47712,117,123,-6,6
47713,72,78,-6,6
47714,120,135,-15,15
47715,67,68,-1,1
47716,147,135,12,12
47717,142,130,12,12
47718,111,101,10,10
47719,104,103,1,1
47720,90,84,6,6
47721,76,75,1,1
47722,82,76,6,6
47723,122,95,27,27
47724,176,156,20,20
47725,97,79,18,18
47726,84,87,-3,3
47727,94,93,1,1
47728,175,170,5,5
47729,90,95,-5,5
47730,62,68,-6,6
47731,116,105,11,11
47732,137,129,8,8
47733,141,130,11,11
47734,96,109,-13,13
47735,99,101,-2,2
47736,66,65,1,1
47737,183,167,16,16
47738,64,66,-2,2
47739,137,138,-1,1
47740,51,56,-5,5
47741,35,41,-6,6
47742,137,122,15,15
47743,151,140,11,11
47744,115,110,5,5
47745,94,89,5,5
47746,42,48,-6,6
47747,57,68,-11,11
47748,102,108,-6,6
47749,59,62,-3,3
47750,73,87,-14,14
47751,80,81,-1,1
47752,102,107,-5,5
47753,111,107,4,4
47754,150,143,7,7
47755,149,132,17,17
47756,129,116,13,13
47757,35,50,-15,15
47758,50,62,-12,12
47759,85,81,4,4
47760,90,88,2,2
47761,129,112,17,17
47762,111,112,-1,1
47763,80,90,-10,10
47764,165,157,8,8
47765,69,74,-5,5
47766,132,119,13,13
47767,145,131,14,14
47768,51,58,-7,7
47769,152,133,19,19
47770,64,67,-3,3
47771,168,147,21,21
47772,100,103,-3,3
47773,72,71,1,1
47774,86,89,-3,3
47775,67,75,-8,8
47776,71,76,-5,5
47777,156,146,10,10
47778,92,87,5,5
47779,93,95,-2,2
47780,95,101,-6,6
47781,113,106,7,7
47782,105,97,8,8
47783,77,86,-9,9
47784,96,104,-8,8
47785,103,104,-1,1
47786,76,91,-15,15
47787,77,76,1,1
47788,103,94,9,9
47789,80,85,-5,5
47790,72,78,-6,6
47791,98,97,1,1
47792,94,85,9,9
47793,145,144,1,1
47794,57,60,-3,3
47795,95,88,7,7
47796,97,83,14,14
47797,160,140,20,20
47798,161,148,13,13
47799,71,71,0,0
47800,95,90,5,5
47801,100,99,1,1
47802,57,52,5,5
47803,96,96,0,0
47804,70,71,-1,1
47805,51,80,-29,29
47806,70,73,-3,3
47807,27,33,-6,6
47808,93,89,4,4
47809,110,107,3,3
47810,128,119,9,9
47811,146,148,-2,2
47812,81,72,9,9
47813,100,95,5,5
47814,77,71,6,6
47815,57,65,-8,8
47816,110,102,8,8
47817,90,97,-7,7
47818,105,110,-5,5
47819,91,82,9,9
47820,158,145,13,13
47821,79,75,4,4
47822,52,56,-4,4
47823,86,86,0,0
47824,100,99,1,1
47825,65,68,-3,3
47826,116,108,8,8
47827,75,72,3,3
47828,95,88,7,7
47829,71,79,-8,8
47830,87,94,-7,7
47831,79,72,7,7
47832,77,78,-1,1
47833,55,60,-5,5
47834,94,95,-1,1
47835,99,96,3,3
47836,98,100,-2,2
47837,95,108,-13,13
47838,123,121,2,2
47839,76,89,-13,13
47840,157,154,3,3
47841,75,79,-4,4
47842,114,110,4,4
47843,47,46,1,1
47844,110,104,6,6
47845,122,113,9,9
47846,89,100,-11,11
47847,65,71,-6,6
47848,63,71,-8,8
47849,140,126,14,14
47850,101,102,-1,1
47851,132,124,8,8
47852,175,174,1,1
47853,79,74,5,5
47854,97,92,5,5
47855,108,95,13,13
47856,76,73,3,3
47857,80,77,3,3
47858,114,106,8,8
47859,160,159,1,1
47860,101,94,7,7
47861,143,128,15,15
47862,40,47,-7,7
47863,151,137,14,14
47864,111,121,-10,10
47865,105,117,-12,12
47866,93,87,6,6
47867,121,119,2,2
47868,162,147,15,15
47869,91,101,-10,10
47870,86,85,1,1
47871,133,134,-1,1
47872,69,76,-7,7
47873,110,112,-2,2
47874,76,75,1,1
47875,70,78,-8,8
47876,129,108,21,21
47877,105,96,9,9
47878,118,109,9,9
47879,51,59,-8,8
47880,155,139,16,16
47881,80,80,0,0
47882,91,105,-14,14
47883,87,86,1,1
47884,61,75,-14,14
47885,65,73,-8,8
47886,85,87,-2,2
47887,89,92,-3,3
47888,62,68,-6,6
47889,85,94,-9,9
47890,65,78,-13,13
47891,127,118,9,9
47892,94,93,1,1
47893,106,105,1,1
47894,72,72,0,0
47895,115,110,5,5
47896,100,94,6,6
47897,56,59,-3,3
47898,78,89,-11,11
47899,100,102,-2,2
47900,94,87,7,7
47901,104,98,6,6
47902,76,89,-13,13
47903,100,98,2,2
47904,114,106,8,8
47905,94,86,8,8
47906,92,91,1,1
47907,51,57,-6,6
47908,129,125,4,4
47909,30,32,-2,2
47910,91,103,-12,12
47911,72,74,-2,2
47912,99,100,-1,1
47913,59,64,-5,5
47914,103,96,7,7
47915,140,118,22,22
47916,71,74,-3,3
47917,77,79,-2,2
47918,108,108,0,0
47919,87,77,10,10
47920,150,143,7,7
47921,108,112,-4,4
47922,78,77,1,1
47923,143,131,12,12
47924,109,117,-8,8
47925,81,85,-4,4
47926,82,88,-6,6
47927,46,50,-4,4
47928,142,125,17,17
47929,54,60,-6,6
47930,89,89,0,0
47931,53,58,-5,5
47932,73,74,-1,1
47933,74,73,1,1
47934,43,46,-3,3
47935,89,92,-3,3
47936,71,80,-9,9
47937,62,81,-19,19
47938,59,69,-10,10
47939,114,106,8,8
47940,56,62,-6,6
47941,94,95,-1,1
47942,102,108,-6,6
47943,112,106,6,6
47944,75,79,-4,4
47945,77,88,-11,11
47946,124,116,8,8
47947,128,116,12,12
47948,70,78,-8,8
47949,84,129,-45,45
47950,151,136,15,15
47951,113,105,8,8
47952,85,84,1,1
47953,82,102,-20,20
47954,163,155,8,8
47955,124,129,-5,5
47956,80,76,4,4
47957,122,141,-19,19
47958,88,80,8,8
47959,66,68,-2,2
47960,83,87,-4,4
47961,118,108,10,10
47962,57,60,-3,3
47963,66,76,-10,10
47964,108,106,2,2
47965,93,103,-10,10
47966,51,56,-5,5
47967,171,152,19,19
47968,114,105,9,9
47969,45,51,-6,6
47970,86,83,3,3
47971,62,71,-9,9
47972,67,76,-9,9
47973,76,81,-5,5
47974,108,112,-4,4
47975,100,116,-16,16
47976,139,129,10,10
47977,115,112,3,3
47978,144,113,31,31
47979,90,82,8,8
47980,91,82,9,9
47981,75,82,-7,7
47982,135,125,10,10
47983,67,79,-12,12
47984,117,102,15,15
47985,127,110,17,17
47986,59,63,-4,4
47987,48,61,-13,13
47988,69,72,-3,3
47989,93,82,11,11
47990,123,121,2,2
47991,131,135,-4,4
47992,105,100,5,5
47993,121,125,-4,4
47994,111,111,0,0
47995,43,51,-8,8
47996,131,122,9,9
47997,133,119,14,14
47998,74,76,-2,2
47999,154,130,24,24
48000,36,46,-10,10
48001,83,90,-7,7
48002,114,113,1,1
48003,115,106,9,9
48004,117,110,7,7
48005,129,117,12,12
48006,119,112,7,7
48007,65,72,-7,7
48008,88,91,-3,3
48009,80,72,8,8
48010,43,47,-4,4
48011,68,73,-5,5
48012,157,142,15,15
48013,104,102,2,2
48014,56,56,0,0
48015,52,64,-12,12
48016,115,107,8,8
48017,64,68,-4,4
48018,139,132,7,7
48019,58,61,-3,3
48020,105,105,0,0
48021,196,179,17,17
48022,117,106,11,11
48023,108,89,19,19
48024,109,116,-7,7
48025,53,56,-3,3
48026,97,89,8,8
48027,89,94,-5,5
48028,136,126,10,10
48029,156,155,1,1
48030,107,98,9,9
48031,48,53,-5,5
48032,108,110,-2,2
48033,151,131,20,20
48034,71,87,-16,16
48035,99,89,10,10
48036,119,102,17,17
48037,131,124,7,7
48038,72,75,-3,3
48039,112,107,5,5
48040,142,146,-4,4
48041,130,126,4,4
48042,103,105,-2,2
48043,136,129,7,7
48044,61,67,-6,6
48045,93,87,6,6
48046,124,121,3,3
48047,44,58,-14,14
48048,166,162,4,4
48049,134,132,2,2
48050,85,86,-1,1
48051,56,70,-14,14
48052,58,72,-14,14
48053,95,94,1,1
48054,113,106,7,7
48055,80,88,-8,8
48056,105,98,7,7
48057,56,56,0,0
48058,79,88,-9,9
48059,77,87,-10,10
48060,90,88,2,2
48061,68,78,-10,10
48062,65,73,-8,8
48063,95,99,-4,4
48064,51,62,-11,11
48065,99,89,10,10
48066,81,78,3,3
48067,116,103,13,13
48068,72,73,-1,1
48069,55,68,-13,13
48070,144,133,11,11
48071,74,79,-5,5
48072,135,134,1,1
48073,60,69,-9,9
48074,76,82,-6,6
48075,144,117,27,27
48076,141,117,24,24
48077,80,67,13,13
48078,74,84,-10,10
48079,83,84,-1,1
48080,76,75,1,1
48081,100,96,4,4
48082,97,91,6,6
48083,141,119,22,22
48084,109,105,4,4
48085,87,107,-20,20
48086,104,102,2,2
48087,69,73,-4,4
48088,60,72,-12,12
48089,71,77,-6,6
48090,64,68,-4,4
48091,69,79,-10,10
48092,92,89,3,3
48093,93,88,5,5
48094,88,86,2,2
48095,11,29,-18,18
48096,132,117,15,15
48097,62,74,-12,12
48098,73,90,-17,17
48099,110,101,9,9
48100,84,88,-4,4
48101,63,60,3,3
48102,110,108,2,2
48103,61,63,-2,2
48104,81,89,-8,8
48105,107,109,-2,2
48106,161,143,18,18
48107,66,65,1,1
48108,59,72,-13,13
48109,115,120,-5,5
48110,113,107,6,6
48111,125,123,2,2
48112,104,102,2,2
48113,90,89,1,1
48114,84,84,0,0
48115,101,105,-4,4
48116,151,134,17,17
48117,127,118,9,9
48118,102,97,5,5
48119,85,90,-5,5
48120,64,73,-9,9
48121,114,110,4,4
48122,104,101,3,3
48123,99,103,-4,4
48124,60,68,-8,8
48125,102,107,-5,5
48126,125,118,7,7
48127,109,118,-9,9
48128,106,100,6,6
48129,91,91,0,0
48130,54,71,-17,17
48131,86,103,-17,17
48132,108,115,-7,7
48133,61,70,-9,9
48134,63,84,-21,21
48135,112,108,4,4
48136,35,35,0,0
48137,86,83,3,3
48138,79,83,-4,4
48139,112,107,5,5
48140,180,169,11,11
48141,94,85,9,9
48142,125,115,10,10
48143,82,79,3,3
48144,94,101,-7,7
48145,83,79,4,4
48146,93,101,-8,8
48147,89,92,-3,3
48148,63,69,-6,6
48149,120,118,2,2
48150,91,80,11,11
48151,102,123,-21,21
48152,70,79,-9,9
48153,66,67,-1,1
48154,73,76,-3,3
48155,122,106,16,16
48156,50,60,-10,10
48157,65,70,-5,5
48158,146,136,10,10
48159,72,79,-7,7
48160,109,100,9,9
48161,67,79,-12,12
48162,138,127,11,11
48163,78,79,-1,1
48164,143,138,5,5
48165,82,86,-4,4
48166,147,149,-2,2
48167,115,111,4,4
48168,107,107,0,0
48169,60,71,-11,11
48170,95,86,9,9
48171,95,97,-2,2
48172,39,55,-16,16
48173,75,83,-8,8
48174,61,68,-7,7
48175,194,193,1,1
48176,67,78,-11,11
48177,104,98,6,6
48178,79,85,-6,6
48179,57,82,-25,25
48180,45,54,-9,9
48181,66,78,-12,12
48182,70,74,-4,4
48183,61,80,-19,19
48184,93,91,2,2
48185,104,103,1,1
48186,122,131,-9,9
48187,64,70,-6,6
48188,68,74,-6,6
48189,132,121,11,11
48190,55,62,-7,7
48191,117,112,5,5
48192,89,86,3,3
48193,83,90,-7,7
48194,94,106,-12,12
48195,59,61,-2,2
48196,149,137,12,12
48197,77,85,-8,8
48198,92,96,-4,4
48199,84,79,5,5
48200,71,72,-1,1
48201,75,74,1,1
48202,123,117,6,6
48203,108,109,-1,1
48204,90,95,-5,5
48205,99,86,13,13
48206,38,49,-11,11
48207,59,70,-11,11
48208,104,102,2,2
48209,114,122,-8,8
48210,83,89,-6,6
48211,182,152,30,30
48212,89,101,-12,12
48213,77,70,7,7
48214,146,130,16,16
48215,74,78,-4,4
48216,73,72,1,1
48217,71,74,-3,3
48218,70,67,3,3
48219,139,136,3,3
48220,75,65,10,10
48221,110,125,-15,15
48222,106,107,-1,1
48223,150,141,9,9
48224,132,122,10,10
48225,108,97,11,11
48226,56,64,-8,8
48227,133,126,7,7
48228,123,107,16,16
48229,58,57,1,1
48230,73,80,-7,7
48231,118,109,9,9
48232,83,86,-3,3
48233,66,67,-1,1
48234,83,85,-2,2
48235,89,89,0,0
48236,87,96,-9,9
48237,95,92,3,3
48238,57,69,-12,12
48239,124,121,3,3
48240,136,130,6,6
48241,102,102,0,0
48242,123,121,2,2
48243,53,60,-7,7
48244,59,69,-10,10
48245,150,129,21,21
48246,140,123,17,17
48247,88,85,3,3
48248,140,126,14,14
48249,86,87,-1,1
48250,106,101,5,5
48251,127,134,-7,7
48252,88,83,5,5
48253,99,107,-8,8
48254,83,84,-1,1
48255,81,84,-3,3
48256,151,131,20,20
48257,144,140,4,4
48258,55,59,-4,4
48259,66,65,1,1
48260,103,101,2,2
48261,100,96,4,4
48262,76,69,7,7
48263,115,111,4,4
48264,135,124,11,11
48265,128,111,17,17
48266,163,143,20,20
48267,81,80,1,1
48268,88,88,0,0
48269,86,109,-23,23
48270,147,132,15,15
48271,179,159,20,20
48272,98,94,4,4
48273,91,87,4,4
48274,145,133,12,12
48275,53,61,-8,8
48276,122,122,0,0
48277,79,78,1,1
48278,118,127,-9,9
48279,100,89,11,11
48280,76,75,1,1
48281,148,140,8,8
48282,55,38,17,17
48283,80,82,-2,2
48284,129,134,-5,5
48285,52,64,-12,12
48286,108,104,4,4
48287,71,73,-2,2
48288,49,50,-1,1
48289,111,103,8,8
48290,97,90,7,7
48291,106,98,8,8
48292,31,41,-10,10
48293,62,66,-4,4
48294,140,149,-9,9
48295,102,95,7,7
48296,68,63,5,5
48297,66,72,-6,6
48298,98,97,1,1
48299,29,26,3,3
48300,162,147,15,15
48301,68,75,-7,7
48302,39,49,-10,10
48303,61,68,-7,7
48304,126,126,0,0
48305,82,71,11,11
48306,95,88,7,7
48307,86,92,-6,6
48308,91,90,1,1
48309,68,82,-14,14
48310,70,76,-6,6
48311,56,54,2,2
48312,113,110,3,3
48313,83,74,9,9
48314,185,160,25,25
48315,133,124,9,9
48316,98,96,2,2
48317,47,61,-14,14
48318,86,84,2,2
48319,115,104,11,11
48320,121,115,6,6
48321,130,128,2,2
48322,116,109,7,7
48323,55,55,0,0
48324,88,90,-2,2
48325,158,150,8,8
48326,208,192,16,16
48327,104,96,8,8
48328,109,106,3,3
48329,94,102,-8,8
48330,49,62,-13,13
48331,66,75,-9,9
48332,135,146,-11,11
48333,112,102,10,10
48334,75,75,0,0
48335,99,95,4,4
48336,98,102,-4,4
48337,77,88,-11,11
48338,108,98,10,10
48339,81,80,1,1
48340,99,107,-8,8
48341,113,93,20,20
48342,68,77,-9,9
48343,111,112,-1,1
48344,57,67,-10,10
48345,141,122,19,19
48346,96,95,1,1
48347,57,67,-10,10
48348,86,86,0,0
48349,64,82,-18,18
48350,58,59,-1,1
48351,68,75,-7,7
48352,79,81,-2,2
48353,128,122,6,6
48354,133,121,12,12
48355,129,133,-4,4
48356,98,90,8,8
48357,126,109,17,17
48358,68,73,-5,5
48359,98,93,5,5
48360,76,66,10,10
48361,151,132,19,19
48362,143,138,5,5
48363,81,89,-8,8
48364,154,135,19,19
48365,99,101,-2,2
48366,58,67,-9,9
48367,40,50,-10,10
48368,101,111,-10,10
48369,88,85,3,3
48370,102,96,6,6
48371,82,78,4,4
48372,80,78,2,2
48373,77,79,-2,2
48374,91,89,2,2
48375,133,128,5,5
48376,160,138,22,22
48377,137,131,6,6
48378,110,104,6,6
48379,78,78,0,0
48380,83,83,0,0
48381,68,82,-14,14
48382,85,92,-7,7
48383,90,89,1,1
48384,51,61,-10,10
48385,95,95,0,0
48386,133,118,15,15
48387,63,71,-8,8
48388,64,69,-5,5
48389,64,65,-1,1
48390,128,125,3,3
48391,94,100,-6,6
48392,87,85,2,2
48393,49,63,-14,14
48394,66,62,4,4
48395,53,62,-9,9
48396,99,102,-3,3
48397,55,65,-10,10
48398,166,150,16,16
48399,179,158,21,21
48400,100,96,4,4
48401,97,94,3,3
48402,139,123,16,16
48403,59,66,-7,7
48404,175,156,19,19
48405,123,124,-1,1
48406,72,76,-4,4
48407,77,90,-13,13
48408,86,81,5,5
48409,52,61,-9,9
48410,122,131,-9,9
48411,83,84,-1,1
48412,109,115,-6,6
48413,123,112,11,11
48414,72,78,-6,6
48415,86,86,0,0
48416,97,106,-9,9
48417,98,91,7,7
48418,98,88,10,10
48419,72,72,0,0
48420,160,142,18,18
48421,61,61,0,0
48422,91,91,0,0
48423,65,65,0,0
48424,145,133,12,12
48425,60,64,-4,4
48426,125,115,10,10
48427,57,66,-9,9
48428,117,108,9,9
48429,104,101,3,3
48430,141,129,12,12
48431,65,68,-3,3
48432,78,76,2,2
48433,74,76,-2,2
48434,82,84,-2,2
48435,83,84,-1,1
48436,79,83,-4,4
48437,79,84,-5,5
48438,73,74,-1,1
48439,154,132,22,22
48440,89,89,0,0
48441,83,89,-6,6
48442,79,80,-1,1
48443,167,144,23,23
48444,103,116,-13,13
48445,89,89,0,0
48446,199,170,29,29
48447,63,77,-14,14
48448,67,65,2,2
48449,152,153,-1,1
48450,98,103,-5,5
48451,78,81,-3,3
48452,78,81,-3,3
48453,119,122,-3,3
48454,93,99,-6,6
48455,121,120,1,1
48456,105,93,12,12
48457,184,133,51,51
48458,60,69,-9,9
48459,167,140,27,27
48460,51,61,-10,10
48461,114,115,-1,1
48462,59,60,-1,1
48463,98,104,-6,6
48464,62,71,-9,9
48465,74,65,9,9
48466,87,85,2,2
48467,84,79,5,5
48468,63,68,-5,5
48469,103,95,8,8
48470,133,117,16,16
48471,125,108,17,17
48472,137,131,6,6
48473,82,75,7,7
48474,145,136,9,9
48475,111,111,0,0
48476,117,111,6,6
48477,61,63,-2,2
48478,107,110,-3,3
48479,127,121,6,6
48480,50,53,-3,3
48481,75,75,0,0
48482,173,155,18,18
48483,162,140,22,22
48484,72,84,-12,12
48485,104,106,-2,2
48486,84,82,2,2
48487,84,80,4,4
48488,99,98,1,1
48489,109,105,4,4
48490,125,122,3,3
48491,100,97,3,3
48492,108,111,-3,3
48493,118,119,-1,1
48494,70,81,-11,11
48495,67,59,8,8
48496,39,46,-7,7
48497,87,88,-1,1
48498,71,85,-14,14
48499,65,73,-8,8
48500,185,157,28,28
48501,89,87,2,2
48502,94,90,4,4
48503,68,71,-3,3
48504,66,66,0,0
48505,126,118,8,8
48506,99,98,1,1
48507,100,97,3,3
48508,85,80,5,5
48509,38,52,-14,14
48510,170,155,15,15
48511,109,97,12,12
48512,90,85,5,5
48513,58,64,-6,6
48514,52,62,-10,10
48515,162,162,0,0
48516,60,66,-6,6
48517,99,96,3,3
48518,80,80,0,0
48519,82,93,-11,11
48520,112,108,4,4
48521,81,79,2,2
48522,112,123,-11,11
48523,160,143,17,17
48524,44,55,-11,11
48525,60,66,-6,6
48526,87,77,10,10
48527,66,64,2,2
48528,54,60,-6,6
48529,158,135,23,23
48530,125,122,3,3
48531,61,69,-8,8
48532,179,147,32,32
48533,174,139,35,35
48534,86,104,-18,18
48535,86,96,-10,10
48536,79,102,-23,23
48537,60,64,-4,4
48538,78,82,-4,4
48539,128,128,0,0
48540,111,106,5,5
48541,98,98,0,0
48542,142,118,24,24
48543,65,69,-4,4
48544,142,127,15,15
48545,176,163,13,13
48546,88,85,3,3
48547,165,151,14,14
48548,85,90,-5,5
48549,85,84,1,1
48550,88,87,1,1
48551,97,101,-4,4
48552,125,119,6,6
48553,99,93,6,6
48554,83,79,4,4
48555,97,93,4,4
48556,96,96,0,0
48557,62,69,-7,7
48558,99,109,-10,10
48559,57,67,-10,10
48560,77,84,-7,7
48561,77,83,-6,6
48562,104,123,-19,19
48563,114,103,11,11
48564,94,90,4,4
48565,67,82,-15,15
48566,112,102,10,10
48567,128,117,11,11
48568,93,95,-2,2
48569,115,119,-4,4
48570,63,66,-3,3
48571,67,80,-13,13
48572,136,133,3,3
48573,96,105,-9,9
48574,97,104,-7,7
48575,97,104,-7,7
48576,100,95,5,5
48577,60,62,-2,2
48578,155,159,-4,4
48579,80,91,-11,11
48580,92,104,-12,12
48581,130,121,9,9
48582,139,123,16,16
48583,121,117,4,4
48584,58,70,-12,12
48585,73,77,-4,4
48586,98,97,1,1
48587,95,101,-6,6
48588,126,113,13,13
48589,112,103,9,9
48590,82,86,-4,4
48591,105,93,12,12
48592,68,82,-14,14
48593,67,83,-16,16
48594,121,120,1,1
48595,164,138,26,26
48596,107,109,-2,2
48597,110,104,6,6
48598,125,124,1,1
48599,71,73,-2,2
48600,77,85,-8,8
48601,97,94,3,3
48602,114,120,-6,6
48603,140,132,8,8
48604,57,68,-11,11
48605,99,97,2,2
48606,99,93,6,6
48607,52,50,2,2
48608,83,81,2,2
48609,173,214,-41,41
48610,94,97,-3,3
48611,47,59,-12,12
48612,58,69,-11,11
48613,61,70,-9,9
48614,82,96,-14,14
48615,53,69,-16,16
48616,53,59,-6,6
48617,77,80,-3,3
48618,88,97,-9,9
48619,74,78,-4,4
48620,74,74,0,0
48621,150,134,16,16
48622,135,135,0,0
48623,176,172,4,4
48624,53,63,-10,10
48625,140,130,10,10
48626,106,109,-3,3
48627,189,159,30,30
48628,104,112,-8,8
48629,71,84,-13,13
48630,66,69,-3,3
48631,82,87,-5,5
48632,111,117,-6,6
48633,114,100,14,14
48634,140,134,6,6
48635,95,98,-3,3
48636,152,138,14,14
48637,101,108,-7,7
48638,67,66,1,1
48639,47,69,-22,22
48640,73,84,-11,11
48641,84,100,-16,16
48642,92,88,4,4
48643,157,148,9,9
48644,128,127,1,1
48645,96,106,-10,10
48646,91,90,1,1
48647,92,88,4,4
48648,132,122,10,10
48649,170,157,13,13
48650,103,88,15,15
48651,46,55,-9,9
48652,123,109,14,14
48653,91,80,11,11
48654,111,109,2,2
48655,144,141,3,3
48656,73,79,-6,6
48657,116,106,10,10
48658,137,134,3,3
48659,131,119,12,12
48660,37,47,-10,10
48661,84,87,-3,3
48662,91,84,7,7
48663,175,164,11,11
48664,137,125,12,12
48665,91,85,6,6
48666,41,57,-16,16
48667,88,80,8,8
48668,86,85,1,1
48669,67,71,-4,4
48670,181,153,28,28
48671,108,104,4,4
48672,51,53,-2,2
48673,145,131,14,14
48674,87,89,-2,2
48675,42,47,-5,5
48676,92,91,1,1
48677,196,167,29,29
48678,43,50,-7,7
48679,108,109,-1,1
48680,131,116,15,15
48681,105,108,-3,3
48682,77,83,-6,6
48683,80,85,-5,5
48684,144,131,13,13
48685,120,130,-10,10
48686,70,74,-4,4
48687,62,69,-7,7
48688,40,45,-5,5
48689,80,77,3,3
48690,93,86,7,7
48691,41,55,-14,14
48692,90,100,-10,10
48693,82,80,2,2
48694,85,87,-2,2
48695,103,94,9,9
48696,119,112,7,7
48697,65,70,-5,5
48698,85,80,5,5
48699,114,105,9,9
48700,95,94,1,1
48701,39,41,-2,2
48702,89,89,0,0
48703,116,112,4,4
48704,133,132,1,1
48705,76,79,-3,3
48706,146,123,23,23
48707,55,68,-13,13
48708,170,156,14,14
48709,76,79,-3,3
48710,89,90,-1,1
48711,76,97,-21,21
48712,107,96,11,11
48713,69,71,-2,2
48714,94,103,-9,9
48715,106,103,3,3
48716,91,77,14,14
48717,158,157,1,1
48718,110,108,2,2
48719,69,75,-6,6
48720,90,86,4,4
48721,99,94,5,5
48722,74,73,1,1
48723,94,100,-6,6
48724,70,70,0,0
48725,81,92,-11,11
48726,136,138,-2,2
48727,89,91,-2,2
48728,113,114,-1,1
48729,110,99,11,11
48730,137,136,1,1
48731,100,101,-1,1
48732,114,106,8,8
48733,122,104,18,18
48734,27,27,0,0
48735,105,108,-3,3
48736,65,79,-14,14
48737,120,124,-4,4
48738,68,76,-8,8
48739,158,144,14,14
48740,76,81,-5,5
48741,123,116,7,7
48742,71,65,6,6
48743,86,89,-3,3
48744,68,79,-11,11
48745,118,113,5,5
48746,36,46,-10,10
48747,26,28,-2,2
48748,55,60,-5,5
48749,87,88,-1,1
48750,117,110,7,7
48751,36,49,-13,13
48752,112,101,11,11
48753,73,70,3,3
48754,93,90,3,3
48755,122,112,10,10
48756,117,115,2,2
48757,116,125,-9,9
48758,95,93,2,2
48759,51,54,-3,3
48760,81,81,0,0
48761,88,77,11,11
48762,62,69,-7,7
48763,84,72,12,12
48764,69,77,-8,8
48765,62,71,-9,9
48766,101,104,-3,3
48767,112,110,2,2
48768,182,153,29,29
48769,51,65,-14,14
48770,89,85,4,4
48771,123,122,1,1
48772,91,89,2,2
48773,67,75,-8,8
48774,150,132,18,18
48775,61,69,-8,8
48776,107,103,4,4
48777,53,62,-9,9
48778,79,84,-5,5
48779,143,150,-7,7
48780,115,116,-1,1
48781,66,76,-10,10
48782,104,100,4,4
48783,154,151,3,3
48784,96,90,6,6
48785,165,157,8,8
48786,124,122,2,2
48787,108,102,6,6
48788,106,107,-1,1
48789,124,126,-2,2
48790,91,97,-6,6
48791,98,114,-16,16
48792,74,82,-8,8
48793,146,142,4,4
48794,136,133,3,3
48795,96,110,-14,14
48796,117,112,5,5
48797,113,105,8,8
48798,118,108,10,10
48799,151,132,19,19
48800,157,145,12,12
48801,98,89,9,9
48802,136,130,6,6
48803,119,130,-11,11
48804,66,68,-2,2
48805,144,131,13,13
48806,118,114,4,4
48807,186,164,22,22
48808,91,90,1,1
48809,99,95,4,4
48810,78,84,-6,6
48811,81,88,-7,7
48812,77,85,-8,8
48813,51,61,-10,10
48814,81,85,-4,4
48815,110,105,5,5
48816,83,83,0,0
48817,75,87,-12,12
48818,73,77,-4,4
48819,113,111,2,2
48820,84,80,4,4
48821,94,95,-1,1
48822,77,91,-14,14
48823,101,96,5,5
48824,100,91,9,9
48825,68,69,-1,1
48826,65,74,-9,9
48827,159,151,8,8
48828,66,83,-17,17
48829,149,122,27,27
48830,81,97,-16,16
48831,56,59,-3,3
48832,149,157,-8,8
48833,56,59,-3,3
48834,110,105,5,5
48835,61,68,-7,7
48836,57,56,1,1
48837,107,109,-2,2
48838,58,64,-6,6
48839,106,106,0,0
48840,145,126,19,19
48841,70,77,-7,7
48842,115,113,2,2
48843,106,86,20,20
48844,144,129,15,15
48845,129,114,15,15
48846,127,121,6,6
48847,223,184,39,39
48848,147,142,5,5
48849,95,90,5,5
48850,34,35,-1,1
48851,66,64,2,2
48852,88,90,-2,2
48853,91,84,7,7
48854,90,85,5,5
48855,131,129,2,2
48856,61,70,-9,9
48857,66,66,0,0
48858,125,129,-4,4
48859,69,69,0,0
48860,73,83,-10,10
48861,87,87,0,0
48862,89,89,0,0
48863,69,77,-8,8
48864,114,108,6,6
48865,64,69,-5,5
48866,146,135,11,11
48867,93,99,-6,6
48868,54,68,-14,14
48869,171,165,6,6
48870,63,72,-9,9
48871,70,83,-13,13
48872,61,66,-5,5
48873,75,75,0,0
48874,158,137,21,21
48875,65,76,-11,11
48876,93,94,-1,1
48877,97,90,7,7
48878,126,107,19,19
48879,122,119,3,3
48880,128,134,-6,6
48881,109,107,2,2
48882,90,87,3,3
48883,167,155,12,12
48884,79,75,4,4
48885,56,64,-8,8
48886,117,110,7,7
48887,80,79,1,1
48888,48,55,-7,7
48889,72,77,-5,5
48890,69,73,-4,4
48891,105,101,4,4
48892,103,97,6,6
48893,94,95,-1,1
48894,91,85,6,6
48895,117,109,8,8
48896,168,154,14,14
48897,60,65,-5,5
48898,93,101,-8,8
48899,110,102,8,8
48900,61,64,-3,3
48901,133,126,7,7
48902,124,108,16,16
48903,131,126,5,5
48904,81,82,-1,1
48905,78,76,2,2
48906,117,108,9,9
48907,116,111,5,5
48908,75,82,-7,7
48909,50,63,-13,13
48910,76,73,3,3
48911,120,114,6,6
48912,96,94,2,2
48913,99,118,-19,19
48914,163,147,16,16
48915,136,123,13,13
48916,150,133,17,17
48917,87,96,-9,9
48918,116,113,3,3
48919,127,118,9,9
48920,73,74,-1,1
48921,110,113,-3,3
48922,65,70,-5,5
48923,74,76,-2,2
48924,98,94,4,4
48925,74,74,0,0
48926,105,100,5,5
48927,92,98,-6,6
48928,80,83,-3,3
48929,111,109,2,2
48930,93,92,1,1
48931,69,73,-4,4
48932,76,80,-4,4
48933,59,62,-3,3
48934,127,122,5,5
48935,45,61,-16,16
48936,100,81,19,19
48937,111,110,1,1
48938,165,192,-27,27
48939,161,163,-2,2
48940,108,112,-4,4
48941,85,72,13,13
48942,131,132,-1,1
48943,28,41,-13,13
48944,92,86,6,6
48945,55,61,-6,6
48946,134,122,12,12
48947,112,102,10,10
48948,123,109,14,14
48949,137,131,6,6
48950,72,86,-14,14
48951,116,104,12,12
48952,136,123,13,13
48953,122,118,4,4
48954,120,117,3,3
48955,85,78,7,7
48956,98,103,-5,5
48957,108,126,-18,18
48958,95,99,-4,4
48959,71,72,-1,1
48960,160,133,27,27
48961,112,116,-4,4
48962,98,101,-3,3
48963,72,74,-2,2
48964,102,102,0,0
48965,95,90,5,5
48966,130,117,13,13
48967,96,95,1,1
48968,123,114,9,9
48969,100,106,-6,6
48970,172,159,13,13
48971,55,62,-7,7
48972,60,79,-19,19
48973,101,105,-4,4
48974,90,102,-12,12
48975,76,86,-10,10
48976,80,84,-4,4
48977,100,109,-9,9
48978,61,69,-8,8
48979,75,73,2,2
48980,81,102,-21,21
48981,121,115,6,6
48982,81,84,-3,3
48983,139,133,6,6
48984,86,79,7,7
48985,94,91,3,3
48986,121,118,3,3
48987,83,77,6,6
48988,127,124,3,3
48989,49,69,-20,20
48990,83,91,-8,8
48991,76,76,0,0
48992,113,108,5,5
48993,73,76,-3,3
48994,85,87,-2,2
48995,97,95,2,2
48996,82,81,1,1
48997,103,99,4,4
48998,68,72,-4,4
48999,65,72,-7,7
49000,46,69,-23,23
49001,108,102,6,6
49002,96,105,-9,9
49003,133,125,8,8
49004,97,97,0,0
49005,62,61,1,1
49006,95,101,-6,6
49007,132,117,15,15
49008,164,145,19,19
49009,62,67,-5,5
49010,81,83,-2,2
49011,91,94,-3,3
49012,73,76,-3,3
49013,73,79,-6,6
49014,105,111,-6,6
49015,75,80,-5,5
49016,73,65,8,8
49017,94,103,-9,9
49018,112,117,-5,5
49019,107,100,7,7
49020,79,79,0,0
49021,128,127,1,1
49022,100,95,5,5
49023,68,73,-5,5
49024,84,77,7,7
49025,115,130,-15,15
49026,68,73,-5,5
49027,50,58,-8,8
49028,80,87,-7,7
49029,71,78,-7,7
49030,115,113,2,2
49031,103,113,-10,10
49032,112,108,4,4
49033,95,88,7,7
49034,132,130,2,2
49035,108,109,-1,1
49036,89,99,-10,10
49037,96,88,8,8
49038,110,107,3,3
49039,103,154,-51,51
49040,113,97,16,16
49041,72,83,-11,11
49042,85,88,-3,3
49043,106,107,-1,1
49044,101,102,-1,1
49045,117,129,-12,12
49046,67,79,-12,12
49047,82,84,-2,2
49048,61,70,-9,9
49049,64,67,-3,3
49050,86,85,1,1
49051,89,90,-1,1
49052,49,55,-6,6
49053,136,116,20,20
49054,137,136,1,1
49055,79,72,7,7
49056,127,114,13,13
49057,130,122,8,8
49058,119,124,-5,5
49059,83,77,6,6
49060,98,101,-3,3
49061,124,118,6,6
49062,72,86,-14,14
49063,114,122,-8,8
49064,144,131,13,13
49065,117,106,11,11
49066,68,71,-3,3
49067,41,50,-9,9
49068,88,94,-6,6
49069,156,143,13,13
49070,85,86,-1,1
49071,99,97,2,2
49072,71,88,-17,17
49073,152,133,19,19
49074,86,83,3,3
49075,95,87,8,8
49076,100,98,2,2
49077,99,98,1,1
49078,137,115,22,22
49079,78,72,6,6
49080,142,130,12,12
49081,80,92,-12,12
49082,70,74,-4,4
49083,112,109,3,3
49084,116,116,0,0
49085,76,84,-8,8
49086,128,118,10,10
49087,101,98,3,3
49088,111,109,2,2
49089,71,74,-3,3
49090,129,124,5,5
49091,170,152,18,18
49092,136,116,20,20
49093,105,97,8,8
49094,117,110,7,7
49095,102,96,6,6
49096,77,82,-5,5
49097,103,109,-6,6
49098,53,59,-6,6
49099,94,98,-4,4
49100,73,69,4,4
49101,65,69,-4,4
49102,107,123,-16,16
49103,78,88,-10,10
49104,83,79,4,4
49105,117,115,2,2
49106,33,32,1,1
49107,97,98,-1,1
49108,119,117,2,2
49109,74,73,1,1
49110,96,93,3,3
49111,113,114,-1,1
49112,68,82,-14,14
49113,78,78,0,0
49114,123,102,21,21
49115,121,126,-5,5
49116,74,74,0,0
49117,100,91,9,9
49118,71,77,-6,6
49119,46,55,-9,9
49120,90,94,-4,4
49121,63,77,-14,14
49122,94,103,-9,9
49123,83,86,-3,3
49124,86,89,-3,3
49125,116,121,-5,5
49126,107,100,7,7
49127,111,118,-7,7
49128,211,181,30,30
49129,71,73,-2,2
49130,57,69,-12,12
49131,135,126,9,9
49132,111,107,4,4
49133,97,90,7,7
49134,139,133,6,6
49135,96,95,1,1
49136,91,90,1,1
49137,131,126,5,5
49138,134,125,9,9
49139,81,82,-1,1
49140,123,114,9,9
49141,122,125,-3,3
49142,149,138,11,11
49143,122,112,10,10
49144,114,108,6,6
49145,112,100,12,12
49146,110,102,8,8
49147,111,116,-5,5
49148,50,58,-8,8
49149,52,59,-7,7
49150,119,127,-8,8
49151,67,71,-4,4
49152,135,131,4,4
49153,81,73,8,8
49154,122,105,17,17
49155,130,128,2,2
49156,60,70,-10,10
49157,108,115,-7,7
49158,97,101,-4,4
49159,50,59,-9,9
49160,77,74,3,3
49161,106,97,9,9
49162,100,103,-3,3
49163,70,77,-7,7
49164,99,102,-3,3
49165,108,106,2,2
49166,138,123,15,15
49167,132,129,3,3
49168,73,82,-9,9
49169,73,82,-9,9
49170,111,103,8,8
49171,101,102,-1,1
49172,123,118,5,5
49173,80,123,-43,43
49174,56,51,5,5
49175,101,94,7,7
49176,119,117,2,2
49177,125,135,-10,10
49178,107,106,1,1
49179,141,132,9,9
49180,110,121,-11,11
49181,91,85,6,6
49182,67,72,-5,5
49183,91,91,0,0
49184,62,65,-3,3
49185,66,64,2,2
49186,51,71,-20,20
49187,26,34,-8,8
49188,112,113,-1,1
49189,85,80,5,5
49190,173,153,20,20
49191,65,65,0,0
49192,71,78,-7,7
49193,48,44,4,4
49194,113,118,-5,5
49195,111,110,1,1
49196,76,81,-5,5
49197,72,77,-5,5
49198,104,98,6,6
49199,113,109,4,4
49200,80,81,-1,1
49201,129,129,0,0
49202,80,79,1,1
49203,99,97,2,2
49204,98,104,-6,6
49205,186,168,18,18
49206,84,86,-2,2
49207,46,54,-8,8
49208,81,94,-13,13
49209,62,65,-3,3
49210,85,84,1,1
49211,63,61,2,2
49212,114,119,-5,5
49213,91,88,3,3
49214,100,113,-13,13
49215,53,60,-7,7
49216,127,109,18,18
49217,93,86,7,7
49218,59,68,-9,9
49219,52,57,-5,5
49220,100,97,3,3
49221,73,80,-7,7
49222,110,111,-1,1
49223,88,76,12,12
49224,87,89,-2,2
49225,53,60,-7,7
49226,96,95,1,1
49227,70,86,-16,16
49228,80,88,-8,8
49229,80,80,0,0
49230,78,77,1,1
49231,45,50,-5,5
49232,97,96,1,1
49233,172,151,21,21
49234,92,94,-2,2
49235,72,74,-2,2
49236,125,132,-7,7
49237,72,77,-5,5
49238,156,146,10,10
49239,61,67,-6,6
49240,118,122,-4,4
49241,89,112,-23,23
49242,126,109,17,17
49243,121,105,16,16
49244,63,77,-14,14
49245,96,87,9,9
49246,123,111,12,12
49247,80,87,-7,7
49248,120,119,1,1
49249,75,80,-5,5
49250,128,122,6,6
49251,166,151,15,15
49252,129,121,8,8
49253,74,80,-6,6
49254,70,78,-8,8
49255,75,79,-4,4
49256,115,97,18,18
49257,109,107,2,2
49258,86,85,1,1
49259,90,92,-2,2
49260,95,90,5,5
49261,102,110,-8,8
49262,178,153,25,25
49263,140,128,12,12
49264,148,138,10,10
49265,75,81,-6,6
49266,94,86,8,8
49267,83,87,-4,4
49268,184,163,21,21
49269,98,89,9,9
49270,36,28,8,8
49271,68,71,-3,3
49272,88,86,2,2
49273,71,72,-1,1
49274,80,78,2,2
49275,81,81,0,0
49276,98,104,-6,6
49277,99,88,11,11
49278,41,59,-18,18
49279,51,62,-11,11
49280,161,146,15,15
49281,76,78,-2,2
49282,103,98,5,5
49283,86,85,1,1
49284,111,104,7,7
49285,132,118,14,14
49286,91,86,5,5
49287,114,102,12,12
49288,106,97,9,9
49289,140,132,8,8
49290,54,57,-3,3
49291,231,194,37,37
49292,74,75,-1,1
49293,59,62,-3,3
49294,149,131,18,18
49295,98,92,6,6
49296,96,93,3,3
49297,98,101,-3,3
49298,29,33,-4,4
49299,80,78,2,2
49300,115,106,9,9
49301,75,72,3,3
49302,93,95,-2,2
49303,86,85,1,1
49304,67,64,3,3
49305,56,59,-3,3
49306,120,116,4,4
49307,188,163,25,25
49308,31,46,-15,15
49309,51,66,-15,15
49310,55,61,-6,6
49311,81,86,-5,5
49312,75,83,-8,8
49313,63,71,-8,8
49314,85,84,1,1
49315,32,34,-2,2
49316,83,89,-6,6
49317,86,94,-8,8
49318,122,106,16,16
49319,46,55,-9,9
49320,122,110,12,12
49321,101,105,-4,4
49322,55,73,-18,18
49323,80,88,-8,8
49324,106,107,-1,1
49325,79,89,-10,10
49326,143,141,2,2
49327,124,125,-1,1
49328,128,124,4,4
49329,88,94,-6,6
49330,98,99,-1,1
49331,207,178,29,29
49332,133,119,14,14
49333,46,53,-7,7
49334,115,121,-6,6
49335,75,65,10,10
49336,93,89,4,4
49337,99,104,-5,5
49338,107,107,0,0
49339,99,95,4,4
49340,78,80,-2,2
49341,104,92,12,12
49342,112,114,-2,2
49343,75,77,-2,2
49344,84,88,-4,4
49345,87,97,-10,10
49346,83,83,0,0
49347,151,136,15,15
49348,23,48,-25,25
49349,168,151,17,17
49350,62,72,-10,10
49351,65,67,-2,2
49352,68,74,-6,6
49353,110,113,-3,3
49354,159,139,20,20
49355,44,54,-10,10
49356,144,132,12,12
49357,71,73,-2,2
49358,71,70,1,1
49359,131,111,20,20
49360,148,101,47,47
49361,116,113,3,3
49362,117,105,12,12
49363,116,133,-17,17
49364,95,89,6,6
49365,59,74,-15,15
49366,41,47,-6,6
49367,80,88,-8,8
49368,66,71,-5,5
49369,98,86,12,12
49370,186,169,17,17
49371,109,103,6,6
49372,97,121,-24,24
49373,74,68,6,6
49374,113,109,4,4
49375,61,62,-1,1
49376,108,107,1,1
49377,123,113,10,10
49378,78,80,-2,2
49379,57,66,-9,9
49380,42,48,-6,6
49381,118,123,-5,5
49382,59,61,-2,2
49383,96,104,-8,8
49384,69,76,-7,7
49385,94,82,12,12
49386,84,94,-10,10
49387,182,175,7,7
49388,44,52,-8,8
49389,74,86,-12,12
49390,84,75,9,9
49391,173,151,22,22
49392,73,82,-9,9
49393,67,70,-3,3
49394,84,90,-6,6
49395,106,104,2,2
49396,80,85,-5,5
49397,79,93,-14,14
49398,61,61,0,0
49399,73,84,-11,11
49400,50,57,-7,7
49401,94,93,1,1
49402,86,90,-4,4
49403,71,74,-3,3
49404,60,73,-13,13
49405,126,122,4,4
49406,60,63,-3,3
49407,65,66,-1,1
49408,83,85,-2,2
49409,47,49,-2,2
49410,234,186,48,48
49411,101,87,14,14
49412,111,104,7,7
49413,65,65,0,0
49414,50,59,-9,9
49415,63,75,-12,12
49416,121,122,-1,1
49417,63,54,9,9
49418,105,98,7,7
49419,51,65,-14,14
49420,85,78,7,7
49421,154,132,22,22
49422,130,116,14,14
49423,95,97,-2,2
49424,55,58,-3,3
49425,95,96,-1,1
49426,154,139,15,15
49427,109,106,3,3
49428,57,67,-10,10
49429,109,104,5,5
49430,125,108,17,17
49431,85,81,4,4
49432,76,73,3,3
49433,66,84,-18,18
49434,89,84,5,5
49435,64,66,-2,2
49436,46,60,-14,14
49437,79,82,-3,3
49438,114,113,1,1
49439,73,74,-1,1
49440,130,128,2,2
49441,78,76,2,2
49442,62,68,-6,6
49443,49,55,-6,6
49444,65,76,-11,11
49445,66,70,-4,4
49446,72,78,-6,6
49447,81,82,-1,1
49448,131,126,5,5
49449,113,112,1,1
49450,103,96,7,7
49451,60,64,-4,4
49452,61,65,-4,4
49453,62,64,-2,2
49454,79,78,1,1
49455,111,122,-11,11
49456,108,103,5,5
49457,124,104,20,20
49458,93,109,-16,16
49459,121,121,0,0
49460,49,54,-5,5
49461,72,80,-8,8
49462,86,77,9,9
49463,64,68,-4,4
49464,95,84,11,11
49465,108,112,-4,4
49466,148,137,11,11
49467,71,69,2,2
49468,85,102,-17,17
49469,72,81,-9,9
49470,107,107,0,0
49471,121,108,13,13
49472,119,119,0,0
49473,81,106,-25,25
49474,94,95,-1,1
49475,147,118,29,29
49476,101,106,-5,5
49477,106,111,-5,5
49478,59,69,-10,10
49479,70,73,-3,3
49480,52,57,-5,5
49481,89,81,8,8
49482,128,123,5,5
49483,111,116,-5,5
49484,146,135,11,11
49485,49,53,-4,4
49486,110,104,6,6
49487,119,106,13,13
49488,96,101,-5,5
49489,119,113,6,6
49490,140,129,11,11
49491,124,119,5,5
49492,90,83,7,7
49493,68,71,-3,3
49494,92,101,-9,9
49495,163,144,19,19
49496,77,76,1,1
49497,103,97,6,6
49498,126,106,20,20
49499,70,80,-10,10
49500,127,116,11,11
49501,76,82,-6,6
49502,138,132,6,6
49503,88,92,-4,4
49504,58,84,-26,26
49505,68,69,-1,1
49506,146,141,5,5
49507,139,132,7,7
49508,71,82,-11,11
49509,143,129,14,14
49510,123,107,16,16
49511,55,62,-7,7
49512,93,95,-2,2
49513,74,81,-7,7
49514,122,116,6,6
49515,79,83,-4,4
49516,75,78,-3,3
49517,72,83,-11,11
49518,122,117,5,5
49519,82,82,0,0
49520,66,70,-4,4
49521,67,72,-5,5
49522,62,70,-8,8
49523,108,98,10,10
49524,82,85,-3,3
49525,93,98,-5,5
49526,57,62,-5,5
49527,73,79,-6,6
49528,116,102,14,14
49529,97,88,9,9
49530,107,105,2,2
49531,69,73,-4,4
49532,118,111,7,7
49533,112,108,4,4
49534,75,80,-5,5
49535,128,130,-2,2
49536,96,100,-4,4
49537,81,86,-5,5
49538,149,134,15,15
49539,65,74,-9,9
49540,28,27,1,1
49541,92,88,4,4
49542,82,73,9,9
49543,65,81,-16,16
49544,130,124,6,6
49545,85,84,1,1
49546,105,109,-4,4
49547,119,122,-3,3
49548,124,110,14,14
49549,89,89,0,0
49550,52,54,-2,2
49551,95,90,5,5
49552,111,122,-11,11
49553,110,97,13,13
49554,104,105,-1,1
49555,107,113,-6,6
49556,79,80,-1,1
49557,98,88,10,10
49558,113,115,-2,2
49559,59,64,-5,5
49560,86,80,6,6
49561,40,51,-11,11
49562,59,63,-4,4
49563,108,105,3,3
49564,49,62,-13,13
49565,86,79,7,7
49566,84,81,3,3
49567,93,94,-1,1
49568,74,77,-3,3
49569,73,75,-2,2
49570,89,95,-6,6
49571,83,92,-9,9
49572,94,99,-5,5
49573,103,97,6,6
49574,117,121,-4,4
49575,162,145,17,17
49576,72,87,-15,15
49577,107,113,-6,6
49578,122,115,7,7
49579,108,107,1,1
49580,96,83,13,13
49581,98,94,4,4
49582,111,115,-4,4
49583,51,58,-7,7
49584,70,82,-12,12
49585,64,69,-5,5
49586,47,48,-1,1
49587,45,56,-11,11
49588,69,94,-25,25
49589,91,87,4,4
49590,77,70,7,7
49591,83,80,3,3
49592,73,73,0,0
49593,70,75,-5,5
49594,228,176,52,52
49595,50,57,-7,7
49596,69,72,-3,3
49597,88,85,3,3
49598,76,81,-5,5
49599,80,76,4,4
49600,73,77,-4,4
49601,86,87,-1,1
49602,103,122,-19,19
49603,135,123,12,12
49604,75,83,-8,8
49605,78,83,-5,5
49606,114,96,18,18
49607,112,114,-2,2
49608,66,77,-11,11
49609,94,89,5,5
49610,86,80,6,6
49611,86,82,4,4
49612,115,121,-6,6
49613,81,79,2,2
49614,96,104,-8,8
49615,100,87,13,13
49616,137,130,7,7
49617,71,72,-1,1
49618,77,77,0,0
49619,102,98,4,4
49620,83,89,-6,6
49621,87,90,-3,3
49622,123,108,15,15
49623,65,75,-10,10
49624,59,70,-11,11
49625,98,97,1,1
49626,127,129,-2,2
49627,141,123,18,18
49628,55,61,-6,6
49629,63,71,-8,8
49630,102,95,7,7
49631,63,73,-10,10
49632,108,100,8,8
49633,105,103,2,2
49634,57,53,4,4
49635,64,55,9,9
49636,83,84,-1,1
49637,97,97,0,0
49638,97,98,-1,1
49639,84,96,-12,12
49640,117,111,6,6
49641,99,93,6,6
49642,106,105,1,1
49643,101,97,4,4
49644,91,84,7,7
49645,131,118,13,13
49646,162,151,11,11
49647,81,82,-1,1
49648,56,63,-7,7
49649,120,102,18,18
49650,103,94,9,9
49651,43,46,-3,3
49652,59,66,-7,7
49653,90,87,3,3
49654,116,109,7,7
49655,55,56,-1,1
49656,97,94,3,3
49657,99,91,8,8
49658,52,60,-8,8
49659,32,42,-10,10
49660,91,97,-6,6
49661,92,88,4,4
49662,52,60,-8,8
49663,159,137,22,22
49664,144,126,18,18
49665,115,110,5,5
49666,44,52,-8,8
49667,114,116,-2,2
49668,183,159,24,24
49669,94,90,4,4
49670,82,99,-17,17
49671,85,78,7,7
49672,71,70,1,1
49673,151,137,14,14
49674,98,94,4,4
49675,116,114,2,2
49676,108,105,3,3
49677,85,86,-1,1
49678,96,106,-10,10
49679,94,102,-8,8
49680,59,66,-7,7
49681,81,78,3,3
49682,125,124,1,1
49683,64,76,-12,12
49684,106,101,5,5
49685,89,87,2,2
49686,91,87,4,4
49687,72,66,6,6
49688,69,78,-9,9
49689,94,81,13,13
49690,133,122,11,11
49691,115,112,3,3
49692,92,86,6,6
49693,171,144,27,27
49694,108,103,5,5
49695,102,91,11,11
49696,133,134,-1,1
49697,89,82,7,7
49698,93,89,4,4
49699,39,58,-19,19
49700,119,108,11,11
49701,116,112,4,4
49702,71,66,5,5
49703,121,123,-2,2
49704,109,105,4,4
49705,121,104,17,17
49706,87,90,-3,3
49707,73,86,-13,13
49708,103,95,8,8
49709,50,56,-6,6
49710,53,60,-7,7
49711,94,96,-2,2
49712,143,142,1,1
49713,68,70,-2,2
49714,148,130,18,18
49715,54,56,-2,2
49716,121,109,12,12
49717,116,116,0,0
49718,91,99,-8,8
49719,74,73,1,1
49720,68,70,-2,2
49721,129,125,4,4
49722,69,66,3,3
49723,43,54,-11,11
49724,125,119,6,6
49725,101,107,-6,6
49726,188,158,30,30
49727,135,120,15,15
49728,57,65,-8,8
49729,96,99,-3,3
49730,68,68,0,0
49731,154,136,18,18
49732,101,102,-1,1
49733,48,61,-13,13
49734,62,76,-14,14
49735,182,161,21,21
49736,83,84,-1,1
49737,52,62,-10,10
49738,97,86,11,11
49739,108,102,6,6
49740,90,97,-7,7
49741,88,85,3,3
49742,109,109,0,0
49743,84,95,-11,11
49744,93,104,-11,11
49745,87,83,4,4
49746,75,77,-2,2
49747,77,84,-7,7
49748,159,136,23,23
49749,56,61,-5,5
49750,135,115,20,20
49751,42,50,-8,8
49752,42,43,-1,1
49753,82,95,-13,13
49754,106,113,-7,7
49755,98,103,-5,5
49756,59,68,-9,9
49757,158,133,25,25
49758,109,112,-3,3
49759,93,93,0,0
49760,174,157,17,17
49761,91,93,-2,2
49762,138,116,22,22
49763,104,96,8,8
49764,92,95,-3,3
49765,67,75,-8,8
49766,87,92,-5,5
49767,135,121,14,14
49768,102,96,6,6
49769,164,145,19,19
49770,67,76,-9,9
49771,106,89,17,17
49772,88,96,-8,8
49773,109,108,1,1
49774,97,86,11,11
49775,49,60,-11,11
49776,124,116,8,8
49777,64,66,-2,2
49778,160,142,18,18
49779,108,106,2,2
49780,71,75,-4,4
49781,108,99,9,9
49782,87,87,0,0
49783,181,158,23,23
49784,100,95,5,5
49785,52,56,-4,4
49786,128,123,5,5
49787,84,80,4,4
49788,123,109,14,14
49789,131,127,4,4
49790,113,117,-4,4
49791,127,125,2,2
49792,85,93,-8,8
49793,71,75,-4,4
49794,108,106,2,2
49795,74,73,1,1
49796,160,145,15,15
49797,72,83,-11,11
49798,75,77,-2,2
49799,122,124,-2,2
49800,85,85,0,0
49801,74,84,-10,10
49802,44,78,-34,34
49803,110,123,-13,13
49804,64,75,-11,11
49805,40,58,-18,18
49806,124,111,13,13
49807,88,91,-3,3
49808,123,120,3,3
49809,122,123,-1,1
49810,122,120,2,2
49811,104,98,6,6
49812,100,103,-3,3
49813,83,82,1,1
49814,50,60,-10,10
49815,93,91,2,2
49816,91,85,6,6
49817,78,86,-8,8
49818,121,114,7,7
49819,90,87,3,3
49820,53,60,-7,7
49821,112,104,8,8
49822,82,83,-1,1
49823,167,151,16,16
49824,97,92,5,5
49825,63,69,-6,6
49826,112,108,4,4
49827,102,87,15,15
49828,78,81,-3,3
49829,124,120,4,4
49830,60,64,-4,4
49831,59,62,-3,3
49832,55,68,-13,13
49833,154,139,15,15
49834,86,87,-1,1
49835,102,94,8,8
49836,70,75,-5,5
49837,47,54,-7,7
49838,79,66,13,13
49839,62,65,-3,3
49840,114,130,-16,16
49841,117,105,12,12
49842,60,67,-7,7
49843,86,79,7,7
49844,152,145,7,7
49845,168,157,11,11
49846,124,125,-1,1
49847,60,66,-6,6
49848,125,112,13,13
49849,62,71,-9,9
49850,88,91,-3,3
49851,66,69,-3,3
49852,175,152,23,23
49853,88,89,-1,1
49854,45,63,-18,18
49855,74,72,2,2
49856,135,126,9,9
49857,106,99,7,7
49858,130,113,17,17
49859,79,86,-7,7
49860,81,79,2,2
49861,65,76,-11,11
49862,107,95,12,12
49863,97,90,7,7
49864,76,86,-10,10
49865,116,107,9,9
49866,59,63,-4,4
49867,54,66,-12,12
49868,98,99,-1,1
49869,128,139,-11,11
49870,106,101,5,5
49871,78,81,-3,3
49872,131,127,4,4
49873,69,72,-3,3
49874,153,150,3,3
49875,71,77,-6,6
49876,67,75,-8,8
49877,107,99,8,8
49878,75,100,-25,25
49879,87,88,-1,1
49880,94,86,8,8
49881,90,101,-11,11
49882,74,79,-5,5
49883,135,127,8,8
49884,134,125,9,9
49885,151,133,18,18
49886,92,96,-4,4
49887,92,97,-5,5
49888,80,84,-4,4
49889,91,91,0,0
49890,89,94,-5,5
49891,86,80,6,6
49892,76,78,-2,2
49893,107,103,4,4
49894,140,111,29,29
49895,85,99,-14,14
49896,85,87,-2,2
49897,69,64,5,5
49898,96,94,2,2
49899,62,61,1,1
49900,79,80,-1,1
49901,138,115,23,23
49902,115,102,13,13
49903,106,99,7,7
49904,93,89,4,4
49905,122,114,8,8
49906,106,96,10,10
49907,90,87,3,3
49908,88,79,9,9
49909,72,73,-1,1
49910,84,94,-10,10
49911,138,132,6,6
49912,92,97,-5,5
49913,95,95,0,0
49914,86,84,2,2
49915,73,69,4,4
49916,70,84,-14,14
49917,61,68,-7,7
49918,161,144,17,17
49919,89,84,5,5
49920,130,122,8,8
49921,99,73,26,26
49922,79,83,-4,4
49923,47,66,-19,19
49924,75,86,-11,11
49925,69,73,-4,4
49926,78,82,-4,4
49927,45,53,-8,8
49928,67,78,-11,11
49929,99,105,-6,6
49930,92,105,-13,13
49931,116,112,4,4
49932,132,118,14,14
49933,88,92,-4,4
49934,94,98,-4,4
49935,112,119,-7,7
49936,40,58,-18,18
49937,58,64,-6,6
49938,88,81,7,7
49939,85,83,2,2
49940,86,53,33,33
49941,145,139,6,6
49942,105,99,6,6
49943,99,91,8,8
49944,62,66,-4,4
49945,95,96,-1,1
49946,90,80,10,10
49947,57,53,4,4
49948,104,95,9,9
49949,70,74,-4,4
49950,103,96,7,7
49951,102,89,13,13
49952,56,59,-3,3
49953,67,74,-7,7
49954,65,71,-6,6
49955,65,77,-12,12
49956,100,122,-22,22
49957,77,88,-11,11
49958,140,124,16,16
49959,86,78,8,8
49960,123,119,4,4
49961,33,79,-46,46
49962,102,95,7,7
49963,116,108,8,8
49964,63,72,-9,9
49965,79,85,-6,6
49966,160,142,18,18
49967,60,64,-4,4
49968,65,63,2,2
49969,84,85,-1,1
49970,67,72,-5,5
49971,90,95,-5,5
49972,70,82,-12,12
49973,68,75,-7,7
49974,104,114,-10,10
49975,87,87,0,0
49976,124,108,16,16
49977,128,123,5,5
49978,166,156,10,10
49979,72,78,-6,6
49980,54,60,-6,6
49981,111,101,10,10
49982,93,89,4,4
49983,107,103,4,4
49984,137,129,8,8
49985,89,83,6,6
49986,68,65,3,3
49987,52,57,-5,5
49988,75,87,-12,12
49989,79,80,-1,1
49990,48,63,-15,15
49991,75,71,4,4
49992,85,82,3,3
49993,78,84,-6,6
49994,101,100,1,1
49995,173,145,28,28
49996,90,82,8,8
49997,55,56,-1,1
49998,98,102,-4,4
49999,131,113,18,18
50000,149,131,18,18
50001,90,92,-2,2
50002,51,53,-2,2
50003,68,70,-2,2
50004,111,103,8,8
50005,77,84,-7,7
50006,150,138,12,12
50007,123,116,7,7
50008,42,55,-13,13
50009,111,104,7,7
50010,73,77,-4,4
50011,77,78,-1,1
50012,74,94,-20,20
50013,145,124,21,21
50014,77,76,1,1
50015,102,102,0,0
50016,79,81,-2,2
50017,65,71,-6,6
50018,64,70,-6,6
50019,54,53,1,1
50020,127,117,10,10
50021,126,130,-4,4
50022,83,84,-1,1
50023,108,101,7,7
50024,103,101,2,2
50025,132,129,3,3
50026,141,123,18,18
50027,132,127,5,5
50028,71,75,-4,4
50029,111,107,4,4
50030,133,121,12,12
50031,102,101,1,1
50032,57,60,-3,3
50033,92,103,-11,11
50034,120,109,11,11
50035,85,83,2,2
50036,86,95,-9,9
50037,79,78,1,1
50038,69,76,-7,7
50039,63,56,7,7
50040,118,119,-1,1
50041,132,116,16,16
50042,72,79,-7,7
50043,98,109,-11,11
50044,110,109,1,1
50045,105,107,-2,2
50046,67,73,-6,6
50047,92,96,-4,4
50048,118,127,-9,9
50049,134,114,20,20
50050,70,70,0,0
50051,129,116,13,13
50052,67,69,-2,2
50053,36,33,3,3
50054,137,139,-2,2
50055,40,54,-14,14
50056,89,89,0,0
50057,89,88,1,1
50058,83,85,-2,2
50059,70,90,-20,20
50060,125,123,2,2
50061,113,106,7,7
50062,64,69,-5,5
50063,101,91,10,10
50064,92,86,6,6
50065,118,110,8,8
50066,70,76,-6,6
50067,87,115,-28,28
50068,112,107,5,5
50069,195,181,14,14
50070,122,117,5,5
50071,59,61,-2,2
50072,155,137,18,18
50073,131,120,11,11
50074,143,118,25,25
50075,117,100,17,17
50076,120,113,7,7
50077,113,105,8,8
50078,102,96,6,6
50079,131,116,15,15
50080,105,96,9,9
50081,87,91,-4,4
50082,66,69,-3,3
50083,122,130,-8,8
50084,116,100,16,16
50085,104,96,8,8
50086,51,62,-11,11
50087,90,90,0,0
50088,87,88,-1,1
50089,93,100,-7,7
50090,61,74,-13,13
50091,106,108,-2,2
50092,47,54,-7,7
50093,80,78,2,2
50094,74,73,1,1
50095,50,59,-9,9
50096,167,151,16,16
50097,56,58,-2,2
50098,110,119,-9,9
50099,160,123,37,37
50100,105,104,1,1
50101,63,66,-3,3
50102,97,95,2,2
50103,98,97,1,1
50104,108,106,2,2
50105,105,106,-1,1
50106,119,103,16,16
50107,144,128,16,16
50108,65,68,-3,3
50109,112,109,3,3
50110,113,106,7,7
50111,98,104,-6,6
50112,83,78,5,5
50113,170,151,19,19
50114,88,92,-4,4
50115,109,103,6,6
50116,92,90,2,2
50117,121,118,3,3
50118,58,53,5,5
50119,96,122,-26,26
50120,108,103,5,5
50121,150,138,12,12
50122,78,80,-2,2
50123,43,48,-5,5
50124,49,62,-13,13
50125,173,147,26,26
50126,100,93,7,7
50127,104,96,8,8
50128,76,90,-14,14
50129,108,103,5,5
50130,148,134,14,14
50131,74,78,-4,4
50132,72,72,0,0
50133,78,74,4,4
50134,108,109,-1,1
50135,92,91,1,1
50136,94,99,-5,5
50137,104,105,-1,1
50138,102,106,-4,4
50139,70,71,-1,1
50140,88,83,5,5
50141,104,107,-3,3
50142,115,97,18,18
50143,87,80,7,7
50144,110,108,2,2
50145,70,75,-5,5
50146,78,80,-2,2
50147,80,85,-5,5
50148,56,61,-5,5
50149,125,120,5,5
50150,79,80,-1,1
50151,90,84,6,6
50152,134,129,5,5
50153,123,117,6,6
50154,116,99,17,17
50155,79,81,-2,2
50156,100,112,-12,12
50157,55,64,-9,9
50158,86,85,1,1
50159,125,128,-3,3
50160,68,70,-2,2
50161,73,79,-6,6
50162,103,99,4,4
50163,172,166,6,6
50164,18,29,-11,11
50165,80,84,-4,4
50166,64,67,-3,3
50167,90,90,0,0
50168,100,104,-4,4
50169,52,63,-11,11
50170,199,163,36,36
50171,90,96,-6,6
50172,80,96,-16,16
50173,138,136,2,2
50174,64,74,-10,10
50175,101,96,5,5
50176,116,123,-7,7
50177,134,115,19,19
50178,113,107,6,6
50179,84,83,1,1
50180,55,73,-18,18
50181,194,171,23,23
50182,81,90,-9,9
50183,100,98,2,2
50184,97,102,-5,5
50185,64,67,-3,3
50186,55,61,-6,6
50187,68,78,-10,10
50188,103,103,0,0
50189,102,89,13,13
50190,68,69,-1,1
50191,95,92,3,3
50192,74,80,-6,6
50193,77,66,11,11
50194,97,103,-6,6
50195,77,69,8,8
50196,124,114,10,10
50197,62,69,-7,7
50198,78,85,-7,7
50199,149,134,15,15
50200,53,68,-15,15
50201,80,87,-7,7
50202,82,91,-9,9
50203,69,71,-2,2
50204,80,90,-10,10
50205,45,49,-4,4
50206,66,72,-6,6
50207,46,60,-14,14
50208,82,88,-6,6
50209,45,54,-9,9
50210,105,100,5,5
50211,109,97,12,12
50212,89,89,0,0
50213,69,73,-4,4
50214,132,108,24,24
50215,106,108,-2,2
50216,132,124,8,8
50217,141,137,4,4
50218,282,246,36,36
50219,151,155,-4,4
50220,93,87,6,6
50221,129,128,1,1
50222,82,90,-8,8
50223,72,78,-6,6
50224,86,87,-1,1
50225,42,43,-1,1
50226,85,79,6,6
50227,105,92,13,13
50228,110,102,8,8
50229,50,57,-7,7
50230,88,98,-10,10
50231,98,88,10,10
50232,85,82,3,3
50233,122,122,0,0
50234,122,140,-18,18
50235,124,112,12,12
50236,77,85,-8,8
50237,117,113,4,4
50238,98,109,-11,11
50239,90,89,1,1
50240,129,117,12,12
50241,88,98,-10,10
50242,73,79,-6,6
50243,77,83,-6,6
50244,139,139,0,0
50245,96,92,4,4
50246,102,94,8,8
50247,87,94,-7,7
50248,70,73,-3,3
50249,159,145,14,14
50250,60,67,-7,7
50251,69,67,2,2
50252,113,111,2,2
50253,156,139,17,17
50254,118,109,9,9
50255,53,59,-6,6
50256,104,106,-2,2
50257,83,77,6,6
50258,67,64,3,3
50259,95,105,-10,10
50260,103,100,3,3
50261,132,139,-7,7
50262,115,104,11,11
50263,89,95,-6,6
50264,107,102,5,5
50265,99,103,-4,4
50266,97,98,-1,1
50267,54,62,-8,8
50268,101,100,1,1
50269,97,89,8,8
50270,81,88,-7,7
50271,150,152,-2,2
50272,76,103,-27,27
50273,87,91,-4,4
50274,101,116,-15,15
50275,51,59,-8,8
50276,99,101,-2,2
50277,76,78,-2,2
50278,170,150,20,20
50279,129,107,22,22
50280,73,77,-4,4
50281,172,165,7,7
50282,142,133,9,9
50283,104,103,1,1
50284,125,116,9,9
50285,51,60,-9,9
50286,127,123,4,4
50287,150,134,16,16
50288,71,81,-10,10
50289,129,132,-3,3
50290,92,101,-9,9
50291,83,80,3,3
50292,82,87,-5,5
50293,143,145,-2,2
50294,105,101,4,4
50295,60,67,-7,7
50296,79,85,-6,6
50297,26,29,-3,3
50298,131,114,17,17
50299,90,87,3,3
50300,72,75,-3,3
50301,62,68,-6,6
50302,76,72,4,4
50303,138,131,7,7
50304,81,92,-11,11
50305,108,104,4,4
50306,88,100,-12,12
50307,115,119,-4,4
50308,123,114,9,9
50309,89,95,-6,6
50310,123,120,3,3
50311,104,98,6,6
50312,67,67,0,0
50313,82,90,-8,8
50314,68,70,-2,2
50315,72,71,1,1
50316,92,91,1,1
50317,60,65,-5,5
50318,76,92,-16,16
50319,91,94,-3,3
50320,95,87,8,8
50321,101,103,-2,2
50322,96,95,1,1
50323,122,114,8,8
50324,139,135,4,4
50325,141,113,28,28
50326,89,82,7,7
50327,103,114,-11,11
50328,51,65,-14,14
50329,75,84,-9,9
50330,107,119,-12,12
50331,64,72,-8,8
50332,54,58,-4,4
50333,90,87,3,3
50334,75,83,-8,8
50335,136,122,14,14
50336,99,107,-8,8
50337,128,133,-5,5
50338,125,103,22,22
50339,131,115,16,16
50340,61,55,6,6
50341,60,65,-5,5
50342,70,83,-13,13
50343,136,133,3,3
50344,91,81,10,10
50345,74,74,0,0
50346,63,72,-9,9
50347,113,103,10,10
50348,78,68,10,10
50349,208,178,30,30
50350,153,143,10,10
50351,154,146,8,8
50352,92,92,0,0
50353,61,65,-4,4
50354,88,93,-5,5
50355,53,71,-18,18
50356,60,64,-4,4
50357,101,94,7,7
50358,108,105,3,3
50359,70,70,0,0
50360,73,73,0,0
50361,86,88,-2,2
50362,63,68,-5,5
50363,105,106,-1,1
50364,72,68,4,4
50365,145,128,17,17
50366,71,73,-2,2
50367,148,131,17,17
50368,68,78,-10,10
50369,158,139,19,19
50370,176,160,16,16
50371,98,82,16,16
50372,151,137,14,14
50373,72,88,-16,16
50374,48,57,-9,9
50375,77,79,-2,2
50376,65,71,-6,6
50377,107,106,1,1
50378,93,88,5,5
50379,103,108,-5,5
50380,95,89,6,6
50381,45,57,-12,12
50382,148,136,12,12
50383,130,124,6,6
50384,123,114,9,9
50385,91,94,-3,3
50386,127,144,-17,17
50387,66,75,-9,9
50388,71,71,0,0
50389,133,122,11,11
50390,111,116,-5,5
50391,92,101,-9,9
50392,72,74,-2,2
50393,70,74,-4,4
50394,158,144,14,14
50395,56,60,-4,4
50396,63,71,-8,8
50397,73,74,-1,1
50398,170,148,22,22
50399,118,117,1,1
50400,83,88,-5,5
50401,59,70,-11,11
50402,95,80,15,15
50403,79,66,13,13
50404,79,78,1,1
50405,103,118,-15,15
50406,127,120,7,7
50407,93,98,-5,5
50408,82,83,-1,1
50409,48,52,-4,4
50410,90,94,-4,4
50411,76,69,7,7
50412,91,95,-4,4
50413,43,54,-11,11
50414,66,72,-6,6
50415,55,61,-6,6
50416,93,94,-1,1
50417,102,95,7,7
50418,56,61,-5,5
50419,91,90,1,1
50420,126,125,1,1
50421,78,86,-8,8
50422,81,79,2,2
50423,103,101,2,2
50424,114,106,8,8
50425,103,102,1,1
50426,137,135,2,2
50427,111,106,5,5
50428,71,75,-4,4
50429,99,86,13,13
50430,118,112,6,6
50431,145,132,13,13
50432,83,83,0,0
50433,59,62,-3,3
50434,79,82,-3,3
50435,60,61,-1,1
50436,59,61,-2,2
50437,109,110,-1,1
50438,74,78,-4,4
50439,125,128,-3,3
50440,112,101,11,11
50441,74,78,-4,4
50442,149,137,12,12
50443,79,88,-9,9
50444,76,74,2,2
50445,124,113,11,11
50446,62,67,-5,5
50447,59,78,-19,19
50448,190,167,23,23
50449,62,80,-18,18
50450,105,114,-9,9
50451,97,82,15,15
50452,128,123,5,5
50453,113,110,3,3
50454,98,90,8,8
50455,37,46,-9,9
50456,136,131,5,5
50457,79,90,-11,11
50458,47,61,-14,14
50459,98,86,12,12
50460,101,104,-3,3
50461,87,87,0,0
50462,49,62,-13,13
50463,88,78,10,10
50464,92,90,2,2
50465,128,123,5,5
50466,111,103,8,8
50467,106,102,4,4
50468,57,68,-11,11
50469,95,102,-7,7
50470,60,61,-1,1
50471,131,116,15,15
50472,88,80,8,8
50473,83,86,-3,3
50474,109,104,5,5
50475,114,113,1,1
50476,84,88,-4,4
50477,85,86,-1,1
50478,86,89,-3,3
50479,76,80,-4,4
50480,112,98,14,14
50481,106,110,-4,4
50482,56,60,-4,4
50483,120,122,-2,2
50484,53,64,-11,11
50485,32,57,-25,25
50486,184,172,12,12
50487,82,77,5,5
50488,66,73,-7,7
50489,67,79,-12,12
50490,123,121,2,2
50491,123,117,6,6
50492,146,124,22,22
50493,74,80,-6,6
50494,113,103,10,10
50495,102,106,-4,4
50496,143,127,16,16
50497,88,86,2,2
50498,136,125,11,11
50499,149,148,1,1
50500,165,155,10,10
50501,59,65,-6,6
50502,87,84,3,3
50503,85,84,1,1
50504,54,62,-8,8
50505,48,49,-1,1
50506,73,71,2,2
50507,74,73,1,1
50508,125,127,-2,2
50509,71,67,4,4
50510,36,44,-8,8
50511,127,108,19,19
50512,71,69,2,2
50513,92,89,3,3
50514,55,59,-4,4
50515,62,58,4,4
50516,76,69,7,7
50517,64,67,-3,3
50518,129,124,5,5
50519,147,135,12,12
50520,69,76,-7,7
50521,76,76,0,0
50522,86,89,-3,3
50523,66,58,8,8
50524,76,78,-2,2
50525,74,82,-8,8
50526,54,62,-8,8
50527,109,110,-1,1
50528,141,132,9,9
50529,55,66,-11,11
50530,121,103,18,18
50531,79,87,-8,8
50532,80,78,2,2
50533,156,150,6,6
50534,44,49,-5,5
50535,114,104,10,10
50536,105,102,3,3
50537,73,79,-6,6
50538,84,86,-2,2
50539,176,156,20,20
50540,62,63,-1,1
50541,121,112,9,9
50542,114,114,0,0
50543,87,94,-7,7
50544,77,85,-8,8
50545,64,67,-3,3
50546,165,148,17,17
50547,139,143,-4,4
50548,121,115,6,6
50549,97,95,2,2
50550,193,158,35,35
50551,125,126,-1,1
50552,76,93,-17,17
50553,54,57,-3,3
50554,134,133,1,1
50555,72,77,-5,5
50556,96,93,3,3
50557,37,34,3,3
50558,125,112,13,13
50559,87,82,5,5
50560,33,53,-20,20
50561,71,73,-2,2
50562,53,62,-9,9
50563,59,68,-9,9
50564,110,103,7,7
50565,82,87,-5,5
50566,110,103,7,7
50567,64,63,1,1
50568,65,71,-6,6
50569,134,122,12,12
50570,58,67,-9,9
50571,90,97,-7,7
50572,79,83,-4,4
50573,66,83,-17,17
50574,88,101,-13,13
50575,89,119,-30,30
50576,124,122,2,2
50577,111,106,5,5
50578,144,126,18,18
50579,131,130,1,1
50580,133,126,7,7
50581,104,103,1,1
50582,63,71,-8,8
50583,72,67,5,5
50584,76,74,2,2
50585,59,59,0,0
50586,110,102,8,8
50587,69,70,-1,1
50588,112,108,4,4
50589,41,60,-19,19
50590,135,127,8,8
50591,101,119,-18,18
50592,86,83,3,3
50593,116,120,-4,4
50594,88,89,-1,1
50595,74,88,-14,14
50596,41,56,-15,15
50597,91,102,-11,11
50598,164,145,19,19
50599,58,57,1,1
50600,203,162,41,41
50601,84,87,-3,3
50602,91,77,14,14
50603,98,101,-3,3
50604,123,124,-1,1
50605,63,58,5,5
50606,88,82,6,6
50607,92,101,-9,9
50608,117,113,4,4
50609,72,68,4,4
50610,69,72,-3,3
50611,77,77,0,0
50612,77,77,0,0
50613,73,74,-1,1
50614,94,93,1,1
50615,118,111,7,7
50616,98,95,3,3
50617,82,85,-3,3
50618,137,119,18,18
50619,84,97,-13,13
50620,113,109,4,4
50621,145,124,21,21
50622,67,73,-6,6
50623,101,103,-2,2
50624,37,67,-30,30
50625,49,60,-11,11
50626,63,73,-10,10
50627,76,76,0,0
50628,216,176,40,40
50629,138,136,2,2
50630,96,100,-4,4
50631,76,89,-13,13
50632,66,71,-5,5
50633,55,59,-4,4
50634,92,92,0,0
50635,83,90,-7,7
50636,107,120,-13,13
50637,124,113,11,11
50638,78,77,1,1
50639,149,142,7,7
50640,154,142,12,12
50641,67,66,1,1
50642,82,80,2,2
50643,99,102,-3,3
50644,107,107,0,0
50645,156,142,14,14
50646,174,187,-13,13
50647,103,99,4,4
50648,116,113,3,3
50649,44,41,3,3
50650,108,107,1,1
50651,94,102,-8,8
50652,63,75,-12,12
50653,95,91,4,4
50654,57,64,-7,7
50655,72,77,-5,5
50656,72,74,-2,2
50657,101,98,3,3
50658,94,114,-20,20
50659,86,78,8,8
50660,157,141,16,16
50661,56,64,-8,8
50662,77,79,-2,2
50663,76,88,-12,12
50664,164,156,8,8
50665,68,81,-13,13
50666,65,74,-9,9
50667,124,120,4,4
50668,62,69,-7,7
50669,138,125,13,13
50670,146,135,11,11
50671,135,146,-11,11
50672,124,112,12,12
50673,105,98,7,7
50674,71,72,-1,1
50675,84,83,1,1
50676,84,77,7,7
50677,70,72,-2,2
50678,112,103,9,9
50679,127,119,8,8
50680,51,125,-74,74
50681,104,102,2,2
50682,96,103,-7,7
50683,97,85,12,12
50684,72,76,-4,4
50685,117,109,8,8
50686,115,124,-9,9
50687,76,83,-7,7
50688,98,101,-3,3
50689,70,79,-9,9
50690,97,100,-3,3
50691,131,138,-7,7
50692,50,59,-9,9
50693,68,73,-5,5
50694,64,62,2,2
50695,103,104,-1,1
50696,48,52,-4,4
50697,106,103,3,3
50698,80,84,-4,4
50699,131,126,5,5
50700,59,64,-5,5
50701,196,177,19,19
50702,143,143,0,0
50703,74,72,2,2
50704,69,78,-9,9
50705,70,77,-7,7
50706,114,103,11,11
50707,70,71,-1,1
50708,42,55,-13,13
50709,112,119,-7,7
50710,79,71,8,8
50711,159,147,12,12
50712,121,107,14,14
50713,69,74,-5,5
50714,93,84,9,9
50715,90,90,0,0
50716,91,101,-10,10
50717,65,75,-10,10
50718,136,138,-2,2
50719,65,75,-10,10
50720,51,64,-13,13
50721,131,117,14,14
50722,81,86,-5,5
50723,60,117,-57,57
50724,99,94,5,5
50725,37,78,-41,41
50726,131,113,18,18
50727,164,141,23,23
50728,63,70,-7,7
50729,208,179,29,29
50730,40,55,-15,15
50731,94,104,-10,10
50732,114,114,0,0
50733,72,81,-9,9
50734,83,79,4,4
50735,65,74,-9,9
50736,124,126,-2,2
50737,45,56,-11,11
50738,78,79,-1,1
50739,139,126,13,13
50740,63,70,-7,7
50741,88,94,-6,6
50742,81,84,-3,3
50743,79,73,6,6
50744,106,102,4,4
50745,129,115,14,14
50746,107,110,-3,3
50747,67,77,-10,10
50748,119,114,5,5
50749,96,100,-4,4
50750,96,88,8,8
50751,64,73,-9,9
50752,110,107,3,3
50753,122,124,-2,2
50754,159,152,7,7
50755,84,88,-4,4
50756,78,74,4,4
50757,186,176,10,10
50758,77,80,-3,3
50759,95,88,7,7
50760,78,81,-3,3
50761,84,101,-17,17
50762,115,108,7,7
50763,104,103,1,1
50764,84,76,8,8
50765,94,88,6,6
50766,103,92,11,11
50767,120,115,5,5
50768,80,89,-9,9
50769,63,61,2,2
50770,113,117,-4,4
50771,82,88,-6,6
50772,111,110,1,1
50773,103,104,-1,1
50774,122,115,7,7
50775,81,82,-1,1
50776,141,137,4,4
50777,122,118,4,4
50778,136,127,9,9
50779,67,74,-7,7
50780,91,108,-17,17
50781,86,92,-6,6
50782,97,92,5,5
50783,42,65,-23,23
50784,63,70,-7,7
50785,118,114,4,4
50786,81,90,-9,9
50787,62,63,-1,1
50788,55,67,-12,12
50789,89,96,-7,7
50790,71,77,-6,6
50791,57,67,-10,10
50792,83,88,-5,5
50793,153,137,16,16
50794,106,101,5,5
50795,122,108,14,14
50796,76,79,-3,3
50797,90,93,-3,3
50798,70,85,-15,15
50799,33,38,-5,5
50800,83,82,1,1
50801,50,59,-9,9
50802,118,110,8,8
50803,115,108,7,7
50804,45,45,0,0
50805,58,63,-5,5
50806,38,49,-11,11
50807,97,103,-6,6
50808,39,53,-14,14
50809,28,36,-8,8
50810,117,115,2,2
50811,115,107,8,8
50812,121,114,7,7
50813,105,110,-5,5
50814,88,86,2,2
50815,64,80,-16,16
50816,85,88,-3,3
50817,103,90,13,13
50818,76,80,-4,4
50819,60,69,-9,9
50820,73,79,-6,6
50821,70,68,2,2
50822,54,61,-7,7
50823,83,95,-12,12
50824,77,77,0,0
50825,58,62,-4,4
50826,105,95,10,10
50827,145,136,9,9
50828,119,100,19,19
50829,100,99,1,1
50830,84,87,-3,3
50831,88,80,8,8
50832,90,86,4,4
50833,65,76,-11,11
50834,131,122,9,9
50835,76,93,-17,17
50836,166,160,6,6
50837,52,56,-4,4
50838,156,149,7,7
50839,139,144,-5,5
50840,80,80,0,0
50841,73,78,-5,5
50842,94,93,1,1
50843,83,85,-2,2
50844,108,103,5,5
50845,71,71,0,0
50846,98,105,-7,7
50847,94,92,2,2
50848,99,96,3,3
50849,29,34,-5,5
50850,85,82,3,3
50851,92,95,-3,3
50852,96,96,0,0
50853,107,99,8,8
50854,31,54,-23,23
50855,80,59,21,21
50856,86,84,2,2
50857,147,132,15,15
50858,113,116,-3,3
50859,58,60,-2,2
50860,69,80,-11,11
50861,81,88,-7,7
50862,105,104,1,1
50863,146,126,20,20
50864,126,118,8,8
50865,72,74,-2,2
50866,110,104,6,6
50867,140,141,-1,1
50868,93,88,5,5
50869,88,88,0,0
50870,84,102,-18,18
50871,57,62,-5,5
50872,78,77,1,1
50873,76,75,1,1
50874,143,124,19,19
50875,108,137,-29,29
50876,45,61,-16,16
50877,87,94,-7,7
50878,77,79,-2,2
50879,96,114,-18,18
50880,84,81,3,3
50881,60,68,-8,8
50882,74,84,-10,10
50883,83,81,2,2
50884,69,69,0,0
50885,58,56,2,2
50886,73,75,-2,2
50887,81,88,-7,7
50888,106,104,2,2
50889,140,146,-6,6
50890,75,80,-5,5
50891,102,102,0,0
50892,137,115,22,22
50893,63,94,-31,31
50894,80,77,3,3
50895,65,74,-9,9
50896,151,137,14,14
50897,138,135,3,3
50898,104,97,7,7
50899,142,131,11,11
50900,77,89,-12,12
50901,102,102,0,0
50902,83,86,-3,3
50903,74,86,-12,12
50904,113,109,4,4
50905,115,109,6,6
50906,86,102,-16,16
50907,66,66,0,0
50908,123,112,11,11
50909,173,156,17,17
50910,138,137,1,1
50911,121,118,3,3
50912,187,171,16,16
50913,103,93,10,10
50914,93,147,-54,54
50915,134,124,10,10
50916,84,77,7,7
50917,140,128,12,12
50918,139,122,17,17
50919,112,119,-7,7
50920,81,84,-3,3
50921,48,50,-2,2
50922,111,106,5,5
50923,133,125,8,8
50924,158,141,17,17
50925,47,58,-11,11
50926,115,119,-4,4
50927,59,70,-11,11
50928,136,126,10,10
50929,86,94,-8,8
50930,89,96,-7,7
50931,104,105,-1,1
50932,88,92,-4,4
50933,68,73,-5,5
50934,105,97,8,8
50935,122,112,10,10
50936,93,88,5,5
50937,172,154,18,18
50938,77,86,-9,9
50939,141,132,9,9
50940,106,109,-3,3
50941,102,109,-7,7
50942,136,123,13,13
50943,83,80,3,3
50944,60,66,-6,6
50945,90,101,-11,11
50946,69,74,-5,5
50947,96,92,4,4
50948,101,100,1,1
50949,90,79,11,11
50950,95,100,-5,5
50951,80,92,-12,12
50952,91,94,-3,3
50953,125,119,6,6
50954,85,80,5,5
50955,129,125,4,4
50956,117,117,0,0
50957,77,80,-3,3
50958,82,88,-6,6
50959,135,128,7,7
50960,120,112,8,8
50961,89,77,12,12
50962,161,149,12,12
50963,70,77,-7,7
50964,60,69,-9,9
50965,172,153,19,19
50966,136,122,14,14
50967,86,82,4,4
50968,106,111,-5,5
50969,107,111,-4,4
50970,98,99,-1,1
50971,120,141,-21,21
50972,158,145,13,13
50973,61,63,-2,2
50974,101,97,4,4
50975,94,93,1,1
50976,60,70,-10,10
50977,68,74,-6,6
50978,99,85,14,14
50979,56,59,-3,3
50980,110,100,10,10
50981,102,101,1,1
50982,83,86,-3,3
50983,92,93,-1,1
50984,77,74,3,3
50985,125,132,-7,7
50986,79,78,1,1
50987,67,70,-3,3
50988,113,109,4,4
50989,122,121,1,1
50990,131,123,8,8
50991,104,98,6,6
50992,89,105,-16,16
50993,92,95,-3,3
50994,217,145,72,72
50995,45,39,6,6
50996,69,84,-15,15
50997,112,114,-2,2
50998,146,119,27,27
50999,95,97,-2,2
51000,91,98,-7,7
51001,70,77,-7,7
51002,75,87,-12,12
51003,95,95,0,0
51004,112,96,16,16
51005,58,63,-5,5
51006,54,59,-5,5
51007,94,98,-4,4
51008,108,100,8,8
51009,89,90,-1,1
51010,90,93,-3,3
51011,129,121,8,8
51012,105,96,9,9
51013,94,90,4,4
51014,132,142,-10,10
51015,95,92,3,3
51016,68,63,5,5
51017,97,88,9,9
51018,128,115,13,13
51019,116,116,0,0
51020,93,95,-2,2
51021,89,83,6,6
51022,176,169,7,7
51023,172,164,8,8
51024,54,57,-3,3
51025,60,71,-11,11
51026,39,55,-16,16
51027,96,86,10,10
51028,60,75,-15,15
51029,52,56,-4,4
51030,105,104,1,1
51031,137,133,4,4
51032,151,133,18,18
51033,108,118,-10,10
51034,100,96,4,4
51035,68,76,-8,8
51036,99,101,-2,2
51037,100,97,3,3
51038,112,103,9,9
51039,78,76,2,2
51040,110,109,1,1
51041,70,68,2,2
51042,122,114,8,8
51043,72,79,-7,7
51044,191,166,25,25
51045,106,105,1,1
51046,102,102,0,0
51047,130,115,15,15
51048,83,82,1,1
51049,70,72,-2,2
51050,93,98,-5,5
51051,98,93,5,5
51052,72,73,-1,1
51053,121,108,13,13
51054,157,141,16,16
51055,72,83,-11,11
51056,88,86,2,2
51057,109,106,3,3
51058,129,116,13,13
51059,185,161,24,24
51060,82,92,-10,10
51061,45,46,-1,1
51062,47,60,-13,13
51063,75,84,-9,9
51064,107,95,12,12
51065,73,81,-8,8
51066,90,88,2,2
51067,69,73,-4,4
51068,100,106,-6,6
51069,87,78,9,9
51070,56,61,-5,5
51071,83,80,3,3
51072,140,135,5,5
51073,64,60,4,4
51074,97,90,7,7
51075,86,87,-1,1
51076,129,112,17,17
51077,119,108,11,11
51078,85,87,-2,2
51079,109,98,11,11
51080,92,89,3,3
51081,152,133,19,19
51082,74,79,-5,5
51083,147,182,-35,35
51084,117,113,4,4
51085,85,93,-8,8
51086,115,123,-8,8
51087,96,93,3,3
51088,109,107,2,2
51089,70,77,-7,7
51090,107,103,4,4
51091,71,83,-12,12
51092,80,84,-4,4
51093,117,108,9,9
51094,149,143,6,6
51095,74,75,-1,1
51096,100,95,5,5
51097,131,134,-3,3
51098,100,101,-1,1
51099,72,73,-1,1
51100,92,107,-15,15
51101,68,69,-1,1
51102,71,79,-8,8
51103,60,59,1,1
51104,74,81,-7,7
51105,114,110,4,4
51106,44,52,-8,8
51107,104,114,-10,10
51108,143,135,8,8
51109,159,138,21,21
51110,76,77,-1,1
51111,93,91,2,2
51112,91,90,1,1
51113,91,95,-4,4
51114,188,161,27,27
51115,85,89,-4,4
51116,58,54,4,4
51117,115,107,8,8
51118,51,58,-7,7
51119,49,55,-6,6
51120,108,110,-2,2
51121,92,93,-1,1
51122,102,107,-5,5
51123,113,108,5,5
51124,100,101,-1,1
51125,80,76,4,4
51126,109,113,-4,4
51127,72,76,-4,4
51128,91,99,-8,8
51129,93,93,0,0
51130,44,51,-7,7
51131,104,107,-3,3
51132,50,67,-17,17
51133,76,79,-3,3
51134,53,57,-4,4
51135,119,112,7,7
51136,105,94,11,11
51137,110,121,-11,11
51138,148,144,4,4
51139,105,96,9,9
51140,139,126,13,13
51141,97,88,9,9
51142,113,103,10,10
51143,85,83,2,2
51144,113,104,9,9
51145,60,65,-5,5
51146,66,67,-1,1
51147,115,108,7,7
51148,30,44,-14,14
51149,76,75,1,1
51150,73,82,-9,9
51151,72,83,-11,11
51152,141,131,10,10
51153,58,71,-13,13
51154,101,103,-2,2
51155,80,76,4,4
51156,76,79,-3,3
51157,118,119,-1,1
51158,97,97,0,0
51159,96,108,-12,12
51160,40,49,-9,9
51161,157,139,18,18
51162,125,117,8,8
51163,99,95,4,4
51164,66,70,-4,4
51165,117,115,2,2
51166,94,102,-8,8
51167,54,65,-11,11
51168,62,62,0,0
51169,74,75,-1,1
51170,166,148,18,18
51171,142,139,3,3
51172,81,94,-13,13
51173,110,116,-6,6
51174,114,103,11,11
51175,96,95,1,1
51176,54,58,-4,4
51177,97,98,-1,1
51178,86,98,-12,12
51179,67,77,-10,10
51180,65,67,-2,2
51181,89,95,-6,6
51182,86,90,-4,4
51183,71,78,-7,7
51184,146,138,8,8
51185,81,76,5,5
51186,108,103,5,5
51187,116,112,4,4
51188,90,95,-5,5
51189,108,96,12,12
51190,127,116,11,11
51191,60,69,-9,9
51192,66,65,1,1
51193,180,155,25,25
51194,52,57,-5,5
51195,93,92,1,1
51196,127,123,4,4
51197,96,93,3,3
51198,110,95,15,15
51199,102,107,-5,5
51200,110,104,6,6
51201,72,70,2,2
51202,161,146,15,15
51203,89,86,3,3
51204,78,81,-3,3
51205,77,88,-11,11
51206,80,78,2,2
51207,78,80,-2,2
51208,135,117,18,18
51209,88,83,5,5
51210,102,86,16,16
51211,73,77,-4,4
51212,101,101,0,0
51213,84,83,1,1
51214,87,87,0,0
51215,79,87,-8,8
51216,84,88,-4,4
51217,140,133,7,7
51218,106,109,-3,3
51219,75,69,6,6
51220,94,94,0,0
51221,79,88,-9,9
51222,93,91,2,2
51223,155,145,10,10
51224,97,101,-4,4
51225,109,120,-11,11
51226,115,104,11,11
51227,126,116,10,10
51228,90,93,-3,3
51229,72,80,-8,8
51230,63,62,1,1
51231,105,101,4,4
51232,68,71,-3,3
51233,143,127,16,16
51234,116,115,1,1
51235,121,123,-2,2
51236,130,107,23,23
51237,75,76,-1,1
51238,70,80,-10,10
51239,109,97,12,12
51240,98,95,3,3
51241,106,89,17,17
51242,76,80,-4,4
51243,60,59,1,1
51244,68,77,-9,9
51245,165,140,25,25
51246,90,105,-15,15
51247,178,155,23,23
51248,79,84,-5,5
51249,72,69,3,3
51250,87,83,4,4
51251,82,82,0,0
51252,57,64,-7,7
51253,110,110,0,0
51254,111,108,3,3
51255,70,83,-13,13
51256,112,112,0,0
51257,52,55,-3,3
51258,94,88,6,6
51259,97,97,0,0
51260,66,67,-1,1
51261,67,76,-9,9
51262,66,74,-8,8
51263,107,105,2,2
51264,156,179,-23,23
51265,40,88,-48,48
51266,60,67,-7,7
51267,109,130,-21,21
51268,62,67,-5,5
51269,126,112,14,14
51270,96,100,-4,4
51271,106,94,12,12
51272,109,97,12,12
51273,77,80,-3,3
51274,70,68,2,2
51275,75,97,-22,22
51276,194,174,20,20
51277,24,27,-3,3
51278,94,95,-1,1
51279,102,94,8,8
51280,126,117,9,9
51281,150,126,24,24
51282,126,124,2,2
51283,82,89,-7,7
51284,92,104,-12,12
51285,87,87,0,0
51286,122,128,-6,6
51287,129,128,1,1
51288,93,92,1,1
51289,62,74,-12,12
51290,148,143,5,5
51291,73,78,-5,5
51292,114,103,11,11
51293,82,81,1,1
51294,99,102,-3,3
51295,181,158,23,23
51296,158,137,21,21
51297,100,101,-1,1
51298,143,132,11,11
51299,118,115,3,3
51300,85,86,-1,1
51301,127,129,-2,2
51302,83,90,-7,7
51303,95,93,2,2
51304,63,61,2,2
51305,76,77,-1,1
51306,111,116,-5,5
51307,69,77,-8,8
51308,100,89,11,11
51309,47,55,-8,8
51310,83,89,-6,6
51311,85,89,-4,4
51312,74,80,-6,6
51313,53,71,-18,18
51314,75,80,-5,5
51315,71,85,-14,14
51316,108,103,5,5
51317,71,78,-7,7
51318,121,118,3,3
51319,100,107,-7,7
51320,113,114,-1,1
51321,86,83,3,3
51322,86,79,7,7
51323,115,109,6,6
51324,38,45,-7,7
51325,140,130,10,10
51326,119,119,0,0
51327,104,103,1,1
51328,135,116,19,19
51329,147,128,19,19
51330,116,107,9,9
51331,137,128,9,9
51332,86,89,-3,3
51333,96,94,2,2
51334,76,73,3,3
51335,64,65,-1,1
51336,57,61,-4,4
51337,90,104,-14,14
51338,56,75,-19,19
51339,84,96,-12,12
51340,109,101,8,8
51341,124,120,4,4
51342,138,122,16,16
51343,73,76,-3,3
51344,98,95,3,3
51345,93,84,9,9
51346,51,50,1,1
51347,54,60,-6,6
51348,62,65,-3,3
51349,126,122,4,4
51350,85,84,1,1
51351,86,78,8,8
51352,67,66,1,1
51353,80,84,-4,4
51354,55,64,-9,9
51355,115,108,7,7
51356,71,74,-3,3
51357,86,83,3,3
51358,120,112,8,8
51359,94,90,4,4
51360,71,76,-5,5
51361,106,115,-9,9
51362,101,95,6,6
51363,41,51,-10,10
51364,77,75,2,2
51365,130,116,14,14
51366,154,138,16,16
51367,102,92,10,10
51368,56,61,-5,5
51369,108,102,6,6
51370,74,78,-4,4
51371,33,105,-72,72
51372,109,105,4,4
51373,113,106,7,7
51374,115,110,5,5
51375,73,78,-5,5
51376,60,73,-13,13
51377,115,107,8,8
51378,85,91,-6,6
51379,121,107,14,14
51380,128,121,7,7
51381,76,89,-13,13
51382,158,147,11,11
51383,109,108,1,1
51384,47,56,-9,9
51385,76,72,4,4
51386,75,70,5,5
51387,92,84,8,8
51388,92,93,-1,1
51389,110,95,15,15
51390,101,100,1,1
51391,95,90,5,5
51392,107,106,1,1
51393,96,97,-1,1
51394,127,121,6,6
51395,104,102,2,2
51396,84,80,4,4
51397,44,47,-3,3
51398,112,117,-5,5
51399,94,103,-9,9
51400,65,70,-5,5
51401,67,74,-7,7
51402,106,105,1,1
51403,85,77,8,8
51404,75,86,-11,11
51405,72,74,-2,2
51406,99,78,21,21
51407,63,69,-6,6
51408,157,145,12,12
51409,70,72,-2,2
51410,79,76,3,3
51411,99,94,5,5
51412,100,105,-5,5
51413,152,135,17,17
51414,111,119,-8,8
51415,73,77,-4,4
51416,117,112,5,5
51417,74,75,-1,1
51418,84,93,-9,9
51419,117,113,4,4
51420,70,75,-5,5
51421,72,79,-7,7
51422,62,68,-6,6
51423,90,96,-6,6
51424,123,106,17,17
51425,81,84,-3,3
51426,62,65,-3,3
51427,74,76,-2,2
51428,189,160,29,29
51429,97,101,-4,4
51430,131,123,8,8
51431,66,76,-10,10
51432,131,117,14,14
51433,101,93,8,8
51434,205,189,16,16
51435,92,95,-3,3
51436,74,88,-14,14
51437,108,101,7,7
51438,78,75,3,3
51439,69,75,-6,6
51440,92,86,6,6
51441,76,81,-5,5
51442,83,82,1,1
51443,104,101,3,3
51444,85,82,3,3
51445,74,75,-1,1
51446,134,133,1,1
51447,119,112,7,7
51448,92,87,5,5
51449,88,88,0,0
51450,126,127,-1,1
51451,100,97,3,3
51452,45,60,-15,15
51453,131,117,14,14
51454,55,63,-8,8
51455,180,161,19,19
51456,133,113,20,20
51457,94,66,28,28
51458,62,85,-23,23
51459,119,111,8,8
51460,183,170,13,13
51461,88,85,3,3
51462,115,93,22,22
51463,100,88,12,12
51464,64,75,-11,11
51465,83,106,-23,23
51466,138,134,4,4
51467,62,75,-13,13
51468,193,162,31,31
51469,90,79,11,11
51470,77,87,-10,10
51471,111,105,6,6
51472,99,85,14,14
51473,118,118,0,0
51474,131,121,10,10
51475,71,69,2,2
51476,78,82,-4,4
51477,94,87,7,7
51478,92,94,-2,2
51479,97,101,-4,4
51480,89,88,1,1
51481,131,117,14,14
51482,119,101,18,18
51483,59,71,-12,12
51484,80,84,-4,4
51485,116,107,9,9
51486,93,88,5,5
51487,72,78,-6,6
51488,185,157,28,28
51489,85,89,-4,4
51490,108,113,-5,5
51491,84,87,-3,3
51492,100,104,-4,4
51493,109,87,22,22
51494,43,49,-6,6
51495,77,79,-2,2
51496,87,80,7,7
51497,121,110,11,11
51498,109,110,-1,1
51499,83,93,-10,10
51500,108,95,13,13
51501,166,136,30,30
51502,68,70,-2,2
51503,112,124,-12,12
51504,103,102,1,1
51505,106,108,-2,2
51506,33,31,2,2
51507,56,56,0,0
51508,72,72,0,0
51509,136,128,8,8
51510,79,81,-2,2
51511,143,122,21,21
51512,103,97,6,6
51513,75,80,-5,5
51514,73,75,-2,2
51515,68,73,-5,5
51516,68,85,-17,17
51517,102,89,13,13
51518,83,81,2,2
51519,70,83,-13,13
51520,88,86,2,2
51521,124,117,7,7
51522,111,108,3,3
51523,103,105,-2,2
51524,104,96,8,8
51525,122,114,8,8
51526,119,115,4,4
51527,71,105,-34,34
51528,196,181,15,15
51529,70,73,-3,3
51530,70,87,-17,17
51531,88,86,2,2
51532,122,115,7,7
51533,102,94,8,8
51534,119,110,9,9
51535,138,128,10,10
51536,165,147,18,18
51537,94,102,-8,8
51538,52,59,-7,7
51539,86,84,2,2
51540,63,71,-8,8
51541,92,85,7,7
51542,65,67,-2,2
51543,47,50,-3,3
51544,62,66,-4,4
51545,79,89,-10,10
51546,166,131,35,35
51547,96,90,6,6
51548,120,127,-7,7
51549,117,112,5,5
51550,99,92,7,7
51551,124,127,-3,3
51552,138,123,15,15
51553,60,70,-10,10
51554,90,92,-2,2
51555,76,84,-8,8
51556,113,126,-13,13
51557,129,122,7,7
51558,80,82,-2,2
51559,99,95,4,4
51560,87,89,-2,2
51561,74,79,-5,5
51562,70,75,-5,5
51563,50,60,-10,10
51564,83,82,1,1
51565,150,136,14,14
51566,104,100,4,4
51567,107,104,3,3
51568,101,89,12,12
51569,153,142,11,11
51570,81,81,0,0
51571,58,77,-19,19
51572,104,101,3,3
51573,64,65,-1,1
51574,58,61,-3,3
51575,137,133,4,4
51576,132,108,24,24
51577,110,107,3,3
51578,120,117,3,3
51579,92,95,-3,3
51580,83,111,-28,28
51581,41,56,-15,15
51582,194,176,18,18
51583,79,76,3,3
51584,65,68,-3,3
51585,126,125,1,1
51586,125,131,-6,6
51587,148,134,14,14
51588,63,65,-2,2
51589,82,90,-8,8
51590,127,118,9,9
51591,141,125,16,16
51592,98,104,-6,6
51593,140,137,3,3
51594,92,88,4,4
51595,78,87,-9,9
51596,72,79,-7,7
51597,133,117,16,16
51598,82,89,-7,7
51599,53,65,-12,12
51600,68,71,-3,3
51601,135,131,4,4
51602,76,93,-17,17
51603,84,79,5,5
51604,109,103,6,6
51605,115,116,-1,1
51606,32,26,6,6
51607,202,170,32,32
51608,64,67,-3,3
51609,69,71,-2,2
51610,61,67,-6,6
51611,81,78,3,3
51612,81,90,-9,9
51613,103,97,6,6
51614,73,72,1,1
51615,103,116,-13,13
51616,153,147,6,6
51617,78,80,-2,2
51618,100,99,1,1
51619,136,139,-3,3
51620,58,61,-3,3
51621,75,84,-9,9
51622,130,113,17,17
51623,127,111,16,16
51624,51,63,-12,12
51625,87,77,10,10
51626,99,98,1,1
51627,121,110,11,11
51628,83,87,-4,4
51629,65,69,-4,4
51630,86,88,-2,2
51631,129,123,6,6
51632,77,88,-11,11
51633,63,73,-10,10
51634,70,72,-2,2
51635,75,81,-6,6
51636,75,78,-3,3
51637,132,130,2,2
51638,157,145,12,12
51639,130,130,0,0
51640,80,87,-7,7
51641,97,97,0,0
51642,68,70,-2,2
51643,98,102,-4,4
51644,81,87,-6,6
51645,51,55,-4,4
51646,84,84,0,0
51647,79,82,-3,3
51648,151,139,12,12
51649,82,84,-2,2
51650,127,120,7,7
51651,63,72,-9,9
51652,97,93,4,4
51653,121,115,6,6
51654,157,141,16,16
51655,101,98,3,3
51656,160,151,9,9
51657,92,94,-2,2
51658,107,112,-5,5
51659,108,96,12,12
51660,119,103,16,16
51661,61,71,-10,10
51662,112,106,6,6
51663,71,70,1,1
51664,99,101,-2,2
51665,68,81,-13,13
51666,116,116,0,0
51667,64,72,-8,8
51668,124,126,-2,2
51669,139,129,10,10
51670,80,78,2,2
51671,157,139,18,18
51672,101,95,6,6
51673,114,107,7,7
51674,126,126,0,0
51675,148,132,16,16
51676,77,81,-4,4
51677,187,169,18,18
51678,139,134,5,5
51679,164,146,18,18
51680,98,100,-2,2
51681,86,90,-4,4
51682,61,65,-4,4
51683,143,145,-2,2
51684,57,62,-5,5
51685,52,55,-3,3
51686,92,104,-12,12
51687,108,103,5,5
51688,156,132,24,24
51689,159,138,21,21
51690,157,137,20,20
51691,102,100,2,2
51692,138,124,14,14
51693,78,81,-3,3
51694,83,74,9,9
51695,108,98,10,10
51696,60,61,-1,1
51697,142,116,26,26
51698,55,59,-4,4
51699,65,68,-3,3
51700,125,118,7,7
51701,90,91,-1,1
51702,74,78,-4,4
51703,156,143,13,13
51704,76,76,0,0
51705,94,97,-3,3
51706,84,87,-3,3
51707,84,77,7,7
51708,68,79,-11,11
51709,144,135,9,9
51710,74,74,0,0
51711,104,104,0,0
51712,98,81,17,17
51713,92,91,1,1
51714,106,105,1,1
51715,94,90,4,4
51716,91,94,-3,3
51717,61,54,7,7
51718,77,79,-2,2
51719,71,77,-6,6
51720,98,95,3,3
51721,73,80,-7,7
51722,103,105,-2,2
51723,124,116,8,8
51724,135,125,10,10
51725,118,121,-3,3
51726,96,101,-5,5
51727,54,63,-9,9
51728,112,97,15,15
51729,72,79,-7,7
51730,70,78,-8,8
51731,85,82,3,3
51732,51,52,-1,1
51733,106,113,-7,7
51734,113,104,9,9
51735,76,69,7,7
51736,63,76,-13,13
51737,140,120,20,20
51738,103,99,4,4
51739,163,154,9,9
51740,126,122,4,4
51741,92,106,-14,14
51742,40,47,-7,7
51743,33,42,-9,9
51744,99,100,-1,1
51745,113,102,11,11
51746,59,62,-3,3
51747,88,102,-14,14
51748,58,64,-6,6
51749,98,95,3,3
51750,135,117,18,18
51751,92,93,-1,1
51752,101,103,-2,2
51753,116,107,9,9
51754,171,158,13,13
51755,98,87,11,11
51756,99,94,5,5
51757,77,77,0,0
51758,99,91,8,8
51759,61,63,-2,2
51760,124,106,18,18
51761,36,34,2,2
51762,124,109,15,15
51763,89,87,2,2
51764,144,141,3,3
51765,113,107,6,6
51766,157,142,15,15
51767,95,89,6,6
51768,101,104,-3,3
51769,76,82,-6,6
51770,65,76,-11,11
51771,222,170,52,52
51772,123,113,10,10
51773,71,92,-21,21
51774,102,93,9,9
51775,96,97,-1,1
51776,105,97,8,8
51777,81,88,-7,7
51778,122,132,-10,10
51779,64,70,-6,6
51780,43,72,-29,29
51781,114,102,12,12
51782,62,70,-8,8
51783,104,110,-6,6
51784,175,171,4,4
51785,98,105,-7,7
51786,87,81,6,6
51787,144,135,9,9
51788,76,87,-11,11
51789,125,119,6,6
51790,70,76,-6,6
51791,86,96,-10,10
51792,140,117,23,23
51793,44,58,-14,14
51794,101,94,7,7
51795,68,71,-3,3
51796,155,146,9,9
51797,125,120,5,5
51798,49,57,-8,8
51799,140,136,4,4
51800,105,97,8,8
51801,192,184,8,8
51802,89,80,9,9
51803,140,130,10,10
51804,140,130,10,10
51805,112,114,-2,2
51806,136,117,19,19
51807,76,87,-11,11
51808,64,75,-11,11
51809,64,78,-14,14
51810,83,87,-4,4
51811,72,72,0,0
51812,145,138,7,7
51813,113,103,10,10
51814,114,104,10,10
51815,154,136,18,18
51816,67,71,-4,4
51817,197,166,31,31
51818,61,68,-7,7
51819,99,102,-3,3
51820,91,93,-2,2
51821,181,149,32,32
51822,45,52,-7,7
51823,55,64,-9,9
51824,183,183,0,0
51825,106,107,-1,1
51826,57,67,-10,10
51827,133,122,11,11
51828,36,44,-8,8
51829,98,103,-5,5
51830,54,55,-1,1
51831,140,135,5,5
51832,114,110,4,4
51833,99,98,1,1
51834,69,74,-5,5
51835,144,135,9,9
51836,112,118,-6,6
51837,101,95,6,6
51838,88,82,6,6
51839,88,89,-1,1
51840,94,84,10,10
51841,67,69,-2,2
51842,46,60,-14,14
51843,72,71,1,1
51844,80,75,5,5
51845,75,74,1,1
51846,94,87,7,7
51847,117,117,0,0
51848,67,71,-4,4
51849,71,77,-6,6
51850,67,85,-18,18
51851,68,63,5,5
51852,91,89,2,2
51853,71,78,-7,7
51854,114,113,1,1
51855,93,101,-8,8
51856,73,84,-11,11
51857,164,146,18,18
51858,132,118,14,14
51859,66,62,4,4
51860,153,120,33,33
51861,108,113,-5,5
51862,110,103,7,7
51863,156,131,25,25
51864,162,146,16,16
51865,150,142,8,8
51866,125,120,5,5
51867,61,65,-4,4
51868,95,97,-2,2
51869,152,130,22,22
51870,125,125,0,0
51871,119,104,15,15
51872,166,173,-7,7
51873,120,106,14,14
51874,58,67,-9,9
51875,45,48,-3,3
51876,117,123,-6,6
51877,65,68,-3,3
51878,105,109,-4,4
51879,70,75,-5,5
51880,78,80,-2,2
51881,91,85,6,6
51882,78,76,2,2
51883,116,130,-14,14
51884,132,113,19,19
51885,143,129,14,14
51886,117,118,-1,1
51887,147,147,0,0
51888,63,76,-13,13
51889,80,96,-16,16
51890,98,95,3,3
51891,51,61,-10,10
51892,51,55,-4,4
51893,73,72,1,1
51894,95,87,8,8
51895,100,97,3,3
51896,74,84,-10,10
51897,110,101,9,9
51898,78,83,-5,5
51899,54,67,-13,13
51900,115,113,2,2
51901,139,128,11,11
51902,73,81,-8,8
51903,67,71,-4,4
51904,76,83,-7,7
51905,108,104,4,4
51906,104,100,4,4
51907,130,122,8,8
51908,116,114,2,2
51909,57,62,-5,5
51910,102,103,-1,1
51911,108,101,7,7
51912,95,87,8,8
51913,40,46,-6,6
51914,76,87,-11,11
51915,71,71,0,0
51916,137,130,7,7
51917,118,105,13,13
51918,129,120,9,9
51919,67,81,-14,14
51920,72,77,-5,5
51921,111,116,-5,5
51922,95,96,-1,1
51923,130,134,-4,4
51924,116,119,-3,3
51925,68,70,-2,2
51926,103,98,5,5
51927,95,95,0,0
51928,117,113,4,4
51929,62,56,6,6
51930,75,83,-8,8
51931,56,72,-16,16
51932,120,105,15,15
51933,113,109,4,4
51934,85,83,2,2
51935,71,93,-22,22
51936,130,128,2,2
51937,87,91,-4,4
51938,156,140,16,16
51939,89,89,0,0
51940,61,62,-1,1
51941,115,112,3,3
51942,144,127,17,17
51943,73,83,-10,10
51944,94,100,-6,6
51945,102,98,4,4
51946,125,123,2,2
51947,71,70,1,1
51948,140,128,12,12
51949,143,130,13,13
51950,77,80,-3,3
51951,86,79,7,7
51952,70,69,1,1
51953,101,90,11,11
51954,82,84,-2,2
51955,93,88,5,5
51956,55,64,-9,9
51957,138,139,-1,1
51958,88,86,2,2
51959,81,84,-3,3
51960,176,149,27,27
51961,90,93,-3,3
51962,52,62,-10,10
51963,97,96,1,1
51964,45,59,-14,14
51965,114,116,-2,2
51966,155,142,13,13
51967,151,164,-13,13
51968,60,69,-9,9
51969,82,78,4,4
51970,96,95,1,1
51971,126,113,13,13
51972,90,89,1,1
51973,83,73,10,10
51974,72,79,-7,7
51975,139,126,13,13
51976,137,127,10,10
51977,119,115,4,4
51978,115,96,19,19
51979,76,77,-1,1
51980,80,96,-16,16
51981,101,94,7,7
51982,92,89,3,3
51983,65,69,-4,4
51984,89,95,-6,6
51985,72,72,0,0
51986,45,49,-4,4
51987,69,72,-3,3
51988,81,81,0,0
51989,95,93,2,2
51990,76,76,0,0
51991,49,51,-2,2
51992,97,103,-6,6
51993,90,85,5,5
51994,130,124,6,6
51995,74,80,-6,6
51996,46,63,-17,17
51997,74,82,-8,8
51998,108,101,7,7
51999,115,118,-3,3
52000,37,53,-16,16
52001,79,77,2,2
52002,75,81,-6,6
52003,174,150,24,24
52004,107,105,2,2
52005,53,56,-3,3
52006,83,88,-5,5
52007,60,63,-3,3
52008,98,102,-4,4
52009,57,62,-5,5
52010,54,62,-8,8
52011,83,79,4,4
52012,182,192,-10,10
52013,107,111,-4,4
52014,89,98,-9,9
52015,105,104,1,1
52016,109,108,1,1
52017,141,123,18,18
52018,121,119,2,2
52019,91,105,-14,14
52020,117,110,7,7
52021,58,59,-1,1
52022,80,71,9,9
52023,88,86,2,2
52024,80,83,-3,3
52025,146,135,11,11
52026,105,102,3,3
52027,128,134,-6,6
52028,79,78,1,1
52029,123,122,1,1
52030,85,86,-1,1
52031,77,76,1,1
52032,70,72,-2,2
52033,100,100,0,0
52034,71,70,1,1
52035,123,111,12,12
52036,85,87,-2,2
52037,113,109,4,4
52038,98,92,6,6
52039,67,77,-10,10
52040,130,127,3,3
52041,176,151,25,25
52042,117,110,7,7
52043,130,119,11,11
52044,114,106,8,8
52045,108,107,1,1
52046,111,116,-5,5
52047,91,87,4,4
52048,153,132,21,21
52049,83,105,-22,22
52050,91,92,-1,1
52051,103,104,-1,1
52052,123,119,4,4
52053,57,67,-10,10
52054,115,109,6,6
52055,86,90,-4,4
52056,147,133,14,14
52057,116,129,-13,13
52058,87,88,-1,1
52059,81,81,0,0
52060,58,60,-2,2
52061,97,86,11,11
52062,138,138,0,0
52063,74,74,0,0
52064,60,74,-14,14
52065,94,94,0,0
52066,150,136,14,14
52067,143,136,7,7
52068,72,74,-2,2
52069,80,87,-7,7
52070,94,96,-2,2
52071,85,85,0,0
52072,108,102,6,6
52073,106,94,12,12
52074,86,91,-5,5
52075,160,140,20,20
52076,84,84,0,0
52077,78,73,5,5
52078,89,97,-8,8
52079,76,85,-9,9
52080,57,57,0,0
52081,93,92,1,1
52082,92,95,-3,3
52083,79,101,-22,22
52084,105,106,-1,1
52085,146,137,9,9
52086,79,85,-6,6
52087,96,98,-2,2
52088,97,95,2,2
52089,74,78,-4,4
52090,79,85,-6,6
52091,90,90,0,0
52092,133,128,5,5
52093,81,87,-6,6
52094,140,129,11,11
52095,20,28,-8,8
52096,42,95,-53,53
52097,178,146,32,32
52098,57,72,-15,15
52099,91,95,-4,4
52100,125,132,-7,7
52101,77,78,-1,1
52102,73,77,-4,4
52103,96,101,-5,5
52104,63,67,-4,4
52105,75,78,-3,3
52106,117,110,7,7
52107,135,130,5,5
52108,105,110,-5,5
52109,141,132,9,9
52110,123,106,17,17
52111,71,87,-16,16
52112,108,93,15,15
52113,104,108,-4,4
52114,108,112,-4,4
52115,93,95,-2,2
52116,102,98,4,4
52117,99,90,9,9
52118,95,104,-9,9
52119,53,58,-5,5
52120,117,99,18,18
52121,79,89,-10,10
52122,55,69,-14,14
52123,163,152,11,11
52124,53,60,-7,7
52125,80,82,-2,2
52126,124,114,10,10
52127,75,73,2,2
52128,133,128,5,5
52129,83,85,-2,2
52130,54,68,-14,14
52131,52,62,-10,10
52132,67,75,-8,8
52133,75,77,-2,2
52134,106,104,2,2
52135,140,131,9,9
52136,124,124,0,0
52137,65,73,-8,8
52138,94,101,-7,7
52139,108,107,1,1
52140,132,112,20,20
52141,123,113,10,10
52142,73,85,-12,12
52143,246,224,22,22
52144,91,81,10,10
52145,48,58,-10,10
52146,109,97,12,12
52147,120,106,14,14
52148,71,69,2,2
52149,44,49,-5,5
52150,83,83,0,0
52151,77,74,3,3
52152,108,102,6,6
52153,76,76,0,0
52154,116,103,13,13
52155,98,107,-9,9
52156,114,105,9,9
52157,142,124,18,18
52158,92,102,-10,10
52159,82,81,1,1
52160,86,87,-1,1
52161,65,76,-11,11
52162,91,89,2,2
52163,158,151,7,7
52164,79,81,-2,2
52165,89,85,4,4
52166,54,54,0,0
52167,144,122,22,22
52168,167,160,7,7
52169,94,103,-9,9
52170,75,78,-3,3
52171,110,115,-5,5
52172,113,105,8,8
52173,63,71,-8,8
52174,138,127,11,11
52175,101,90,11,11
52176,99,105,-6,6
52177,98,99,-1,1
52178,138,145,-7,7
52179,116,113,3,3
52180,53,69,-16,16
52181,97,100,-3,3
52182,79,71,8,8
52183,94,104,-10,10
52184,72,83,-11,11
52185,104,106,-2,2
52186,113,101,12,12
52187,105,109,-4,4
52188,84,84,0,0
52189,66,72,-6,6
52190,75,75,0,0
52191,106,106,0,0
52192,100,98,2,2
52193,75,82,-7,7
52194,45,48,-3,3
52195,126,126,0,0
52196,102,100,2,2
52197,108,108,0,0
52198,99,94,5,5
52199,146,127,19,19
52200,107,108,-1,1
52201,105,111,-6,6
52202,58,59,-1,1
52203,114,117,-3,3
52204,151,129,22,22
52205,72,76,-4,4
52206,79,77,2,2
52207,131,117,14,14
52208,91,89,2,2
52209,52,61,-9,9
52210,81,74,7,7
52211,85,73,12,12
52212,96,92,4,4
52213,42,53,-11,11
52214,73,71,2,2
52215,100,95,5,5
52216,104,102,2,2
52217,85,94,-9,9
52218,67,78,-11,11
52219,71,77,-6,6
52220,100,92,8,8
52221,134,109,25,25
52222,104,106,-2,2
52223,90,82,8,8
52224,96,124,-28,28
52225,61,88,-27,27
52226,65,74,-9,9
52227,139,129,10,10
52228,46,51,-5,5
52229,70,74,-4,4
52230,142,130,12,12
52231,90,90,0,0
52232,112,103,9,9
52233,113,103,10,10
52234,59,68,-9,9
52235,111,107,4,4
52236,84,76,8,8
52237,74,75,-1,1
52238,78,76,2,2
52239,145,143,2,2
52240,100,116,-16,16
52241,103,99,4,4
52242,55,59,-4,4
52243,93,96,-3,3
52244,78,79,-1,1
52245,80,81,-1,1
52246,104,95,9,9
52247,66,72,-6,6
52248,68,66,2,2
52249,60,61,-1,1
52250,103,115,-12,12
52251,69,73,-4,4
52252,92,92,0,0
52253,48,62,-14,14
52254,54,66,-12,12
52255,54,58,-4,4
52256,58,66,-8,8
52257,160,142,18,18
52258,83,79,4,4
52259,90,85,5,5
52260,71,118,-47,47
52261,168,163,5,5
52262,137,136,1,1
52263,139,133,6,6
52264,74,74,0,0
52265,75,83,-8,8
52266,65,65,0,0
52267,93,84,9,9
52268,94,94,0,0
52269,65,78,-13,13
52270,110,108,2,2
52271,29,37,-8,8
52272,91,88,3,3
52273,78,76,2,2
52274,77,80,-3,3
52275,93,95,-2,2
52276,158,141,17,17
52277,206,181,25,25
52278,98,98,0,0
52279,131,122,9,9
52280,115,104,11,11
52281,129,106,23,23
52282,97,92,5,5
52283,97,92,5,5
52284,78,94,-16,16
52285,81,85,-4,4
52286,107,102,5,5
52287,80,89,-9,9
52288,67,76,-9,9
52289,66,77,-11,11
52290,56,62,-6,6
52291,72,73,-1,1
52292,50,61,-11,11
52293,70,101,-31,31
52294,128,116,12,12
52295,138,138,0,0
52296,38,45,-7,7
52297,113,107,6,6
52298,168,153,15,15
52299,115,103,12,12
52300,88,86,2,2
52301,80,80,0,0
52302,124,129,-5,5
52303,190,174,16,16
52304,92,97,-5,5
52305,83,84,-1,1
52306,78,82,-4,4
52307,64,64,0,0
52308,121,117,4,4
52309,74,78,-4,4
52310,59,64,-5,5
52311,200,153,47,47
52312,157,140,17,17
52313,86,87,-1,1
52314,126,119,7,7
52315,75,79,-4,4
52316,95,105,-10,10
52317,118,102,16,16
52318,174,154,20,20
52319,148,132,16,16
52320,70,79,-9,9
52321,99,98,1,1
52322,73,78,-5,5
52323,178,148,30,30
52324,127,122,5,5
52325,137,132,5,5
52326,35,49,-14,14
52327,58,62,-4,4
52328,104,105,-1,1
52329,85,86,-1,1
52330,91,89,2,2
52331,40,45,-5,5
52332,83,87,-4,4
52333,100,105,-5,5
52334,73,81,-8,8
52335,51,64,-13,13
52336,263,185,78,78
52337,87,90,-3,3
52338,85,82,3,3
52339,85,86,-1,1
52340,89,86,3,3
52341,176,161,15,15
52342,103,102,1,1
52343,128,131,-3,3
52344,166,156,10,10
52345,92,104,-12,12
52346,100,102,-2,2
52347,98,87,11,11
52348,57,66,-9,9
52349,127,117,10,10
52350,86,90,-4,4
52351,144,139,5,5
52352,60,66,-6,6
52353,113,106,7,7
52354,113,110,3,3
52355,103,102,1,1
52356,90,89,1,1
52357,56,51,5,5
52358,47,58,-11,11
52359,105,105,0,0
52360,61,67,-6,6
52361,128,131,-3,3
52362,55,78,-23,23
52363,67,68,-1,1
52364,65,70,-5,5
52365,116,107,9,9
52366,76,82,-6,6
52367,41,47,-6,6
52368,83,80,3,3
52369,82,90,-8,8
52370,50,62,-12,12
52371,81,91,-10,10
52372,57,56,1,1
52373,83,85,-2,2
52374,87,95,-8,8
52375,56,55,1,1
52376,68,71,-3,3
52377,71,68,3,3
52378,77,80,-3,3
52379,67,68,-1,1
52380,120,106,14,14
52381,74,79,-5,5
52382,121,118,3,3
52383,73,80,-7,7
52384,53,59,-6,6
52385,68,74,-6,6
52386,95,91,4,4
52387,103,105,-2,2
52388,46,54,-8,8
52389,73,68,5,5
52390,148,136,12,12
52391,145,126,19,19
52392,105,95,10,10
52393,71,77,-6,6
52394,43,57,-14,14
52395,106,104,2,2
52396,114,110,4,4
52397,80,78,2,2
52398,64,91,-27,27
52399,125,111,14,14
52400,84,95,-11,11
52401,86,90,-4,4
52402,101,95,6,6
52403,95,90,5,5
52404,90,95,-5,5
52405,93,91,2,2
52406,62,69,-7,7
52407,146,134,12,12
52408,87,87,0,0
52409,85,78,7,7
52410,134,118,16,16
52411,82,79,3,3
52412,46,50,-4,4
52413,73,68,5,5
52414,23,28,-5,5
52415,167,146,21,21
52416,116,98,18,18
52417,112,112,0,0
52418,227,202,25,25
52419,108,108,0,0
52420,93,94,-1,1
52421,76,83,-7,7
52422,75,80,-5,5
52423,74,82,-8,8
52424,85,79,6,6
52425,68,75,-7,7
52426,93,87,6,6
52427,143,131,12,12
52428,132,123,9,9
52429,68,73,-5,5
52430,49,59,-10,10
52431,116,105,11,11
52432,87,82,5,5
52433,114,99,15,15
52434,133,122,11,11
52435,81,80,1,1
52436,105,95,10,10
52437,88,91,-3,3
52438,158,137,21,21
52439,82,77,5,5
52440,91,90,1,1
52441,158,148,10,10
52442,77,84,-7,7
52443,61,83,-22,22
52444,57,63,-6,6
52445,76,80,-4,4
52446,80,84,-4,4
52447,90,101,-11,11
52448,75,70,5,5
52449,105,101,4,4
52450,99,99,0,0
52451,134,129,5,5
52452,70,78,-8,8
52453,139,139,0,0
52454,67,72,-5,5
52455,186,157,29,29
52456,101,95,6,6
52457,142,134,8,8
52458,66,65,1,1
52459,88,85,3,3
52460,79,86,-7,7
52461,80,85,-5,5
52462,103,110,-7,7
52463,133,138,-5,5
52464,21,58,-37,37
52465,98,88,10,10
52466,67,68,-1,1
52467,117,132,-15,15
52468,71,73,-2,2
52469,45,54,-9,9
52470,90,83,7,7
52471,122,108,14,14
52472,133,123,10,10
52473,70,72,-2,2
52474,99,104,-5,5
52475,161,145,16,16
52476,123,112,11,11
52477,116,105,11,11
52478,148,127,21,21
52479,55,53,2,2
52480,107,106,1,1
52481,69,68,1,1
52482,103,116,-13,13
52483,50,55,-5,5
52484,76,79,-3,3
52485,98,96,2,2
52486,63,69,-6,6
52487,69,73,-4,4
52488,115,112,3,3
52489,64,68,-4,4
52490,80,82,-2,2
52491,93,86,7,7
52492,93,93,0,0
52493,107,98,9,9
52494,91,91,0,0
52495,73,87,-14,14
52496,163,141,22,22
52497,82,79,3,3
52498,133,124,9,9
52499,70,83,-13,13
52500,74,75,-1,1
52501,72,76,-4,4
52502,51,49,2,2
52503,192,158,34,34
52504,59,69,-10,10
52505,69,68,1,1
52506,47,57,-10,10
52507,146,148,-2,2
52508,149,129,20,20
52509,96,107,-11,11
52510,73,67,6,6
52511,143,129,14,14
52512,101,103,-2,2
52513,96,101,-5,5
52514,108,112,-4,4
52515,77,78,-1,1
52516,45,56,-11,11
52517,89,94,-5,5
52518,160,143,17,17
52519,97,99,-2,2
52520,82,82,0,0
52521,80,76,4,4
52522,70,73,-3,3
52523,123,110,13,13
52524,109,105,4,4
52525,162,149,13,13
52526,129,123,6,6
52527,80,76,4,4
52528,49,61,-12,12
52529,129,110,19,19
52530,79,77,2,2
52531,89,98,-9,9
52532,92,95,-3,3
52533,87,81,6,6
52534,104,96,8,8
52535,106,94,12,12
52536,169,157,12,12
52537,96,105,-9,9
52538,66,74,-8,8
52539,140,132,8,8
52540,128,115,13,13
52541,82,76,6,6
52542,128,116,12,12
52543,109,107,2,2
52544,59,70,-11,11
52545,61,70,-9,9
52546,109,93,16,16
52547,72,79,-7,7
52548,57,69,-12,12
52549,94,101,-7,7
52550,86,88,-2,2
52551,57,63,-6,6
52552,142,134,8,8
52553,79,87,-8,8
52554,150,137,13,13
52555,122,129,-7,7
52556,106,109,-3,3
52557,41,49,-8,8
52558,218,187,31,31
52559,106,101,5,5
52560,80,77,3,3
52561,87,89,-2,2
52562,121,124,-3,3
52563,68,70,-2,2
52564,79,82,-3,3
52565,63,67,-4,4
52566,57,75,-18,18
52567,132,132,0,0
52568,86,87,-1,1
52569,92,88,4,4
52570,187,166,21,21
52571,97,93,4,4
52572,135,126,9,9
52573,126,108,18,18
52574,79,83,-4,4
52575,69,82,-13,13
52576,142,135,7,7
52577,97,92,5,5
52578,104,110,-6,6
52579,112,113,-1,1
52580,168,163,5,5
52581,145,129,16,16
52582,137,124,13,13
52583,142,127,15,15
52584,81,79,2,2
52585,97,90,7,7
52586,90,78,12,12
52587,121,131,-10,10
52588,71,78,-7,7
52589,61,66,-5,5
52590,95,112,-17,17
52591,95,116,-21,21
52592,53,66,-13,13
52593,126,125,1,1
52594,72,82,-10,10
52595,86,80,6,6
52596,141,137,4,4
52597,96,102,-6,6
52598,98,104,-6,6
52599,123,117,6,6
52600,46,50,-4,4
52601,95,89,6,6
52602,127,115,12,12
52603,153,126,27,27
52604,115,109,6,6
52605,104,96,8,8
52606,53,61,-8,8
52607,95,89,6,6
52608,88,87,1,1
52609,133,112,21,21
52610,88,85,3,3
52611,25,51,-26,26
52612,142,121,21,21
52613,98,106,-8,8
52614,93,89,4,4
52615,99,94,5,5
52616,152,139,13,13
52617,124,121,3,3
52618,112,114,-2,2
52619,134,118,16,16
52620,104,107,-3,3
52621,86,83,3,3
52622,117,115,2,2
52623,77,81,-4,4
52624,88,89,-1,1
52625,72,75,-3,3
52626,87,106,-19,19
52627,80,77,3,3
52628,103,103,0,0
52629,136,133,3,3
52630,105,109,-4,4
52631,96,93,3,3
52632,90,83,7,7
52633,53,56,-3,3
52634,77,80,-3,3
52635,60,63,-3,3
52636,115,118,-3,3
52637,93,89,4,4
52638,91,82,9,9
52639,162,152,10,10
52640,115,104,11,11
52641,148,147,1,1
52642,68,70,-2,2
52643,79,86,-7,7
52644,53,60,-7,7
52645,60,66,-6,6
52646,63,76,-13,13
52647,102,101,1,1
52648,111,104,7,7
52649,116,112,4,4
52650,50,53,-3,3
52651,113,103,10,10
52652,46,63,-17,17
52653,62,67,-5,5
52654,112,109,3,3
52655,58,75,-17,17
52656,85,90,-5,5
52657,111,102,9,9
52658,105,103,2,2
52659,113,120,-7,7
52660,174,154,20,20
52661,125,113,12,12
52662,109,106,3,3
52663,67,71,-4,4
52664,76,73,3,3
52665,193,214,-21,21
52666,128,123,5,5
52667,88,84,4,4
52668,70,77,-7,7
52669,63,66,-3,3
52670,148,131,17,17
52671,89,99,-10,10
52672,152,144,8,8
52673,62,73,-11,11
52674,141,115,26,26
52675,48,56,-8,8
52676,185,163,22,22
52677,89,88,1,1
52678,87,87,0,0
52679,50,63,-13,13
52680,79,74,5,5
52681,124,129,-5,5
52682,109,99,10,10
52683,54,61,-7,7
52684,90,87,3,3
52685,85,86,-1,1
52686,35,99,-64,64
52687,86,86,0,0
52688,47,53,-6,6
52689,103,95,8,8
52690,105,106,-1,1
52691,47,62,-15,15
52692,44,55,-11,11
52693,137,125,12,12
52694,69,79,-10,10
52695,47,55,-8,8
52696,63,71,-8,8
52697,118,117,1,1
52698,83,89,-6,6
52699,80,94,-14,14
52700,119,100,19,19
52701,107,112,-5,5
52702,100,110,-10,10
52703,96,102,-6,6
52704,90,99,-9,9
52705,136,128,8,8
52706,142,139,3,3
52707,82,84,-2,2
52708,64,58,6,6
52709,89,93,-4,4
52710,49,60,-11,11
52711,138,121,17,17
52712,74,67,7,7
52713,55,73,-18,18
52714,147,124,23,23
52715,87,93,-6,6
52716,67,82,-15,15
52717,90,83,7,7
52718,72,91,-19,19
52719,110,105,5,5
52720,166,156,10,10
52721,128,104,24,24
52722,70,79,-9,9
52723,95,99,-4,4
52724,58,59,-1,1
52725,95,95,0,0
52726,78,84,-6,6
52727,99,105,-6,6
52728,79,76,3,3
52729,96,84,12,12
52730,87,84,3,3
52731,57,68,-11,11
52732,67,71,-4,4
52733,84,89,-5,5
52734,73,79,-6,6
52735,77,79,-2,2
52736,65,68,-3,3
52737,34,48,-14,14
52738,103,98,5,5
52739,117,119,-2,2
52740,73,69,4,4
52741,121,110,11,11
52742,67,75,-8,8
52743,118,101,17,17
52744,145,138,7,7
52745,83,86,-3,3
52746,105,103,2,2
52747,81,73,8,8
52748,92,92,0,0
52749,44,49,-5,5
52750,104,103,1,1
52751,45,49,-4,4
52752,96,91,5,5
52753,115,114,1,1
52754,91,97,-6,6
52755,64,79,-15,15
52756,63,63,0,0
52757,83,88,-5,5
52758,126,123,3,3
52759,57,69,-12,12
52760,209,178,31,31
52761,153,133,20,20
52762,57,65,-8,8
52763,70,72,-2,2
52764,118,123,-5,5
52765,110,110,0,0
52766,63,62,1,1
52767,117,110,7,7
52768,151,124,27,27
52769,135,138,-3,3
52770,75,77,-2,2
52771,121,111,10,10
52772,142,143,-1,1
52773,107,102,5,5
52774,87,87,0,0
52775,83,89,-6,6
52776,54,52,2,2
52777,120,113,7,7
52778,75,82,-7,7
52779,116,111,5,5
52780,80,80,0,0
52781,132,133,-1,1
52782,61,72,-11,11
52783,70,79,-9,9
52784,57,52,5,5
52785,137,126,11,11
52786,112,97,15,15
52787,77,81,-4,4
52788,78,80,-2,2
52789,94,97,-3,3
52790,85,89,-4,4
52791,61,62,-1,1
52792,80,81,-1,1
52793,116,104,12,12
52794,64,86,-22,22
52795,69,77,-8,8
52796,124,107,17,17
52797,78,69,9,9
52798,109,111,-2,2
52799,90,88,2,2
52800,148,138,10,10
52801,64,72,-8,8
52802,59,59,0,0
52803,42,44,-2,2
52804,132,124,8,8
52805,132,123,9,9
52806,68,62,6,6
52807,173,166,7,7
52808,73,75,-2,2
52809,88,86,2,2
52810,95,94,1,1
52811,56,54,2,2
52812,83,80,3,3
52813,131,129,2,2
52814,65,78,-13,13
52815,77,76,1,1
52816,110,111,-1,1
52817,80,109,-29,29
52818,76,74,2,2
52819,73,82,-9,9
52820,66,73,-7,7
52821,149,132,17,17
52822,55,63,-8,8
52823,60,57,3,3
52824,151,142,9,9
52825,112,115,-3,3
52826,67,69,-2,2
52827,67,86,-19,19
52828,77,87,-10,10
52829,114,116,-2,2
52830,123,127,-4,4
52831,83,81,2,2
52832,42,56,-14,14
52833,104,109,-5,5
52834,90,90,0,0
52835,107,112,-5,5
52836,153,134,19,19
52837,68,72,-4,4
52838,41,51,-10,10
52839,82,83,-1,1
52840,55,61,-6,6
52841,114,100,14,14
52842,92,88,4,4
52843,90,95,-5,5
52844,70,75,-5,5
52845,75,82,-7,7
52846,112,94,18,18
52847,76,84,-8,8
52848,107,82,25,25
52849,96,95,1,1
52850,107,102,5,5
52851,46,53,-7,7
52852,103,110,-7,7
52853,122,117,5,5
52854,117,111,6,6
52855,69,85,-16,16
52856,100,101,-1,1
52857,70,65,5,5
52858,96,105,-9,9
52859,89,87,2,2
52860,112,111,1,1
52861,93,108,-15,15
52862,104,99,5,5
52863,79,80,-1,1
52864,150,136,14,14
52865,145,135,10,10
52866,135,129,6,6
52867,61,65,-4,4
52868,75,81,-6,6
52869,63,64,-1,1
52870,77,81,-4,4
52871,115,120,-5,5
52872,94,90,4,4
52873,60,66,-6,6
52874,99,101,-2,2
52875,162,158,4,4
52876,89,93,-4,4
52877,84,88,-4,4
52878,90,102,-12,12
52879,132,123,9,9
52880,106,98,8,8
52881,50,51,-1,1
52882,66,64,2,2
52883,153,138,15,15
52884,55,62,-7,7
52885,92,87,5,5
52886,113,111,2,2
52887,54,61,-7,7
52888,132,123,9,9
52889,116,102,14,14
52890,88,196,-108,108
52891,127,119,8,8
52892,80,87,-7,7
52893,125,109,16,16
52894,108,100,8,8
52895,104,103,1,1
52896,62,73,-11,11
52897,76,86,-10,10
52898,77,85,-8,8
52899,120,114,6,6
52900,71,79,-8,8
52901,54,72,-18,18
52902,115,117,-2,2
52903,138,136,2,2
52904,95,88,7,7
52905,31,41,-10,10
52906,46,45,1,1
52907,147,128,19,19
52908,129,132,-3,3
52909,82,74,8,8
52910,81,86,-5,5
52911,62,64,-2,2
52912,140,127,13,13
52913,101,102,-1,1
52914,120,107,13,13
52915,48,49,-1,1
52916,132,124,8,8
52917,164,145,19,19
52918,48,64,-16,16
52919,81,92,-11,11
52920,74,79,-5,5
52921,79,92,-13,13
52922,97,96,1,1
52923,81,89,-8,8
52924,47,57,-10,10
52925,97,102,-5,5
52926,59,68,-9,9
52927,68,68,0,0
52928,67,67,0,0
52929,66,72,-6,6
52930,143,124,19,19
52931,88,87,1,1
52932,96,96,0,0
52933,169,137,32,32
52934,106,96,10,10
52935,106,105,1,1
52936,78,81,-3,3
52937,107,111,-4,4
52938,132,134,-2,2
52939,88,78,10,10
52940,68,84,-16,16
52941,104,96,8,8
52942,79,81,-2,2
52943,96,88,8,8
52944,159,143,16,16
52945,133,132,1,1
52946,81,85,-4,4
52947,67,77,-10,10
52948,86,92,-6,6
52949,75,78,-3,3
52950,106,107,-1,1
52951,55,68,-13,13
52952,167,143,24,24
52953,33,36,-3,3
52954,114,120,-6,6
52955,153,129,24,24
52956,76,83,-7,7
52957,74,86,-12,12
52958,152,146,6,6
52959,176,135,41,41
52960,86,82,4,4
52961,191,148,43,43
52962,116,113,3,3
52963,87,85,2,2
52964,133,124,9,9
52965,131,132,-1,1
52966,96,91,5,5
52967,113,115,-2,2
52968,52,59,-7,7
52969,68,80,-12,12
52970,110,106,4,4
52971,58,64,-6,6
52972,104,117,-13,13
52973,93,90,3,3
52974,118,116,2,2
52975,92,94,-2,2
52976,77,84,-7,7
52977,43,47,-4,4
52978,19,33,-14,14
52979,156,134,22,22
52980,145,135,10,10
52981,85,90,-5,5
52982,85,74,11,11
52983,121,111,10,10
52984,76,77,-1,1
52985,137,136,1,1
52986,76,79,-3,3
52987,91,86,5,5
52988,93,88,5,5
52989,133,133,0,0
52990,128,119,9,9
52991,106,104,2,2
52992,77,79,-2,2
52993,104,102,2,2
52994,82,84,-2,2
52995,77,80,-3,3
52996,91,102,-11,11
52997,73,97,-24,24
52998,144,132,12,12
52999,103,100,3,3
53000,97,111,-14,14
53001,238,201,37,37
53002,87,84,3,3
53003,135,124,11,11
53004,63,70,-7,7
53005,95,92,3,3
53006,42,47,-5,5
53007,69,78,-9,9
53008,98,91,7,7
53009,147,138,9,9
53010,108,110,-2,2
53011,52,57,-5,5
53012,69,69,0,0
53013,92,78,14,14
53014,129,129,0,0
53015,83,87,-4,4
53016,108,109,-1,1
53017,126,126,0,0
53018,84,84,0,0
53019,86,78,8,8
53020,82,100,-18,18
53021,88,90,-2,2
53022,101,89,12,12
53023,130,117,13,13
53024,83,88,-5,5
53025,118,125,-7,7
53026,106,104,2,2
53027,108,110,-2,2
53028,85,70,15,15
53029,133,121,12,12
53030,77,78,-1,1
53031,110,104,6,6
53032,71,85,-14,14
53033,72,80,-8,8
53034,44,52,-8,8
53035,69,66,3,3
53036,106,101,5,5
53037,103,101,2,2
53038,82,78,4,4
53039,119,121,-2,2
53040,94,95,-1,1
53041,67,69,-2,2
53042,81,82,-1,1
53043,102,97,5,5
53044,68,66,2,2
53045,154,133,21,21
53046,80,78,2,2
53047,120,110,10,10
53048,59,55,4,4
53049,149,144,5,5
53050,66,75,-9,9
53051,80,72,8,8
53052,61,68,-7,7
53053,40,54,-14,14
53054,80,91,-11,11
53055,54,60,-6,6
53056,90,109,-19,19
53057,107,104,3,3
53058,62,67,-5,5
53059,157,154,3,3
53060,113,105,8,8
53061,107,114,-7,7
53062,87,75,12,12
53063,90,89,1,1
53064,155,142,13,13
53065,37,53,-16,16
53066,66,73,-7,7
53067,92,98,-6,6
53068,74,74,0,0
53069,38,38,0,0
53070,83,77,6,6
53071,90,101,-11,11
53072,262,297,-35,35
53073,83,86,-3,3
53074,65,64,1,1
53075,84,80,4,4
53076,50,55,-5,5
53077,95,101,-6,6
53078,80,86,-6,6
53079,135,122,13,13
53080,75,72,3,3
53081,79,86,-7,7
53082,179,160,19,19
53083,119,115,4,4
53084,89,77,12,12
53085,58,67,-9,9
53086,98,102,-4,4
53087,58,63,-5,5
53088,62,68,-6,6
53089,65,67,-2,2
53090,90,87,3,3
53091,134,121,13,13
53092,61,70,-9,9
53093,142,133,9,9
53094,71,79,-8,8
53095,147,123,24,24
53096,122,118,4,4
53097,151,134,17,17
53098,105,104,1,1
53099,56,64,-8,8
53100,124,124,0,0
53101,140,138,2,2
53102,107,103,4,4
53103,103,105,-2,2
53104,98,88,10,10
53105,63,58,5,5
53106,51,63,-12,12
53107,81,79,2,2
53108,65,75,-10,10
53109,150,139,11,11
53110,134,127,7,7
53111,46,43,3,3
53112,120,108,12,12
53113,80,85,-5,5
53114,93,90,3,3
53115,176,149,27,27
53116,115,120,-5,5
53117,128,123,5,5
53118,143,129,14,14
53119,55,62,-7,7
53120,85,77,8,8
53121,102,95,7,7
53122,54,60,-6,6
53123,151,122,29,29
53124,83,79,4,4
53125,47,55,-8,8
53126,80,80,0,0
53127,126,114,12,12
53128,105,109,-4,4
53129,103,109,-6,6
53130,70,79,-9,9
53131,64,65,-1,1
53132,116,109,7,7
53133,124,129,-5,5
53134,89,87,2,2
53135,73,78,-5,5
53136,131,132,-1,1
53137,120,107,13,13
53138,102,95,7,7
53139,88,81,7,7
53140,82,79,3,3
53141,88,88,0,0
53142,135,112,23,23
53143,119,111,8,8
53144,67,73,-6,6
53145,55,56,-1,1
53146,170,154,16,16
53147,125,125,0,0
53148,132,112,20,20
53149,146,136,10,10
53150,83,84,-1,1
53151,85,82,3,3
53152,101,101,0,0
53153,84,88,-4,4
53154,135,124,11,11
53155,54,57,-3,3
53156,74,66,8,8
53157,72,76,-4,4
53158,112,92,20,20
53159,137,133,4,4
53160,82,76,6,6
53161,121,108,13,13
53162,83,85,-2,2
53163,112,118,-6,6
53164,66,64,2,2
53165,90,84,6,6
53166,111,115,-4,4
53167,70,80,-10,10
53168,98,103,-5,5
53169,101,100,1,1
53170,108,97,11,11
53171,77,80,-3,3
53172,94,98,-4,4
53173,77,83,-6,6
53174,52,68,-16,16
53175,114,114,0,0
53176,79,81,-2,2
53177,43,59,-16,16
53178,110,97,13,13
53179,51,48,3,3
53180,81,84,-3,3
53181,122,111,11,11
53182,128,124,4,4
53183,92,105,-13,13
53184,111,106,5,5
53185,106,99,7,7
53186,56,64,-8,8
53187,137,122,15,15
53188,75,71,4,4
53189,71,74,-3,3
53190,67,71,-4,4
53191,89,89,0,0
53192,96,96,0,0
53193,106,106,0,0
53194,71,74,-3,3
53195,128,114,14,14
53196,63,72,-9,9
53197,82,80,2,2
53198,67,75,-8,8
53199,80,81,-1,1
53200,124,115,9,9
53201,117,111,6,6
53202,115,124,-9,9
53203,107,109,-2,2
53204,65,72,-7,7
53205,119,116,3,3
53206,88,97,-9,9
53207,53,63,-10,10
53208,156,138,18,18
53209,71,76,-5,5
53210,89,88,1,1
53211,88,84,4,4
53212,113,107,6,6
53213,43,54,-11,11
53214,106,107,-1,1
53215,85,88,-3,3
53216,108,125,-17,17
53217,70,63,7,7
53218,163,151,12,12
53219,102,101,1,1
53220,74,74,0,0
53221,60,66,-6,6
53222,107,102,5,5
53223,59,84,-25,25
53224,90,74,16,16
53225,134,124,10,10
53226,159,142,17,17
53227,99,89,10,10
53228,75,79,-4,4
53229,62,61,1,1
53230,93,92,1,1
53231,101,102,-1,1
53232,61,71,-10,10
53233,88,77,11,11
53234,99,106,-7,7
53235,45,55,-10,10
53236,65,74,-9,9
53237,120,108,12,12
53238,85,87,-2,2
53239,76,82,-6,6
53240,111,105,6,6
53241,75,79,-4,4
53242,96,101,-5,5
53243,134,115,19,19
53244,62,56,6,6
53245,69,66,3,3
53246,95,95,0,0
53247,93,88,5,5
53248,73,79,-6,6
53249,89,79,10,10
53250,59,58,1,1
53251,73,70,3,3
53252,115,116,-1,1
53253,86,87,-1,1
53254,141,150,-9,9
53255,109,127,-18,18
53256,112,100,12,12
53257,74,78,-4,4
53258,57,66,-9,9
53259,61,70,-9,9
53260,104,103,1,1
53261,111,95,16,16
53262,80,84,-4,4
53263,107,100,7,7
53264,43,48,-5,5
53265,71,80,-9,9
53266,54,61,-7,7
53267,74,84,-10,10
53268,77,74,3,3
53269,86,101,-15,15
53270,65,71,-6,6
53271,103,93,10,10
53272,67,76,-9,9
53273,77,73,4,4
53274,53,65,-12,12
53275,128,104,24,24
53276,75,75,0,0
53277,111,128,-17,17
53278,94,92,2,2
53279,93,91,2,2
53280,131,117,14,14
53281,61,91,-30,30
53282,69,71,-2,2
53283,70,66,4,4
53284,50,56,-6,6
53285,69,69,0,0
53286,101,90,11,11
53287,86,79,7,7
53288,98,96,2,2
53289,140,105,35,35
53290,88,90,-2,2
53291,51,59,-8,8
53292,72,74,-2,2
53293,109,110,-1,1
53294,67,78,-11,11
53295,114,105,9,9
53296,98,92,6,6
53297,98,106,-8,8
53298,107,111,-4,4
53299,133,137,-4,4
53300,161,152,9,9
53301,161,127,34,34
53302,125,119,6,6
53303,90,90,0,0
53304,112,112,0,0
53305,61,66,-5,5
53306,186,171,15,15
53307,102,108,-6,6
53308,273,243,30,30
53309,125,126,-1,1
53310,124,126,-2,2
53311,115,107,8,8
53312,86,87,-1,1
53313,67,73,-6,6
53314,90,92,-2,2
53315,146,132,14,14
53316,64,71,-7,7
53317,78,81,-3,3
53318,73,74,-1,1
53319,132,122,10,10
53320,78,78,0,0
53321,108,112,-4,4
53322,72,71,1,1
53323,112,119,-7,7
53324,110,105,5,5
53325,157,138,19,19
53326,87,85,2,2
53327,63,66,-3,3
53328,47,52,-5,5
53329,55,66,-11,11
53330,57,60,-3,3
53331,77,83,-6,6
53332,73,71,2,2
53333,52,58,-6,6
53334,60,78,-18,18
53335,171,171,0,0
53336,153,139,14,14
53337,128,121,7,7
53338,101,100,1,1
53339,58,64,-6,6
53340,67,68,-1,1
53341,58,68,-10,10
53342,69,71,-2,2
53343,198,162,36,36
53344,85,83,2,2
53345,96,86,10,10
53346,68,94,-26,26
53347,80,76,4,4
53348,56,67,-11,11
53349,67,70,-3,3
53350,57,62,-5,5
53351,39,47,-8,8
53352,81,91,-10,10
53353,117,111,6,6
53354,104,102,2,2
53355,105,106,-1,1
53356,83,82,1,1
53357,135,128,7,7
53358,76,71,5,5
53359,122,110,12,12
53360,78,81,-3,3
53361,37,42,-5,5
53362,134,119,15,15
53363,71,72,-1,1
53364,119,112,7,7
53365,23,37,-14,14
53366,145,132,13,13
53367,99,97,2,2
53368,70,80,-10,10
53369,41,65,-24,24
53370,82,90,-8,8
53371,102,95,7,7
53372,64,63,1,1
53373,60,64,-4,4
53374,157,141,16,16
53375,144,123,21,21
53376,107,106,1,1
53377,108,116,-8,8
53378,79,84,-5,5
53379,77,88,-11,11
53380,102,100,2,2
53381,62,69,-7,7
53382,87,93,-6,6
53383,156,136,20,20
53384,59,62,-3,3
53385,54,63,-9,9
53386,114,115,-1,1
53387,87,101,-14,14
53388,132,129,3,3
53389,135,125,10,10
53390,126,108,18,18
53391,105,106,-1,1
53392,95,103,-8,8
53393,101,99,2,2
53394,51,64,-13,13
53395,63,72,-9,9
53396,149,138,11,11
53397,72,67,5,5
53398,147,134,13,13
53399,67,68,-1,1
53400,106,109,-3,3
53401,98,102,-4,4
53402,100,94,6,6
53403,93,105,-12,12
53404,69,76,-7,7
53405,116,129,-13,13
53406,88,84,4,4
53407,114,134,-20,20
53408,53,60,-7,7
53409,55,61,-6,6
53410,86,93,-7,7
53411,110,101,9,9
53412,82,81,1,1
53413,87,83,4,4
53414,60,63,-3,3
53415,59,65,-6,6
53416,72,66,6,6
53417,99,89,10,10
53418,111,97,14,14
53419,105,106,-1,1
53420,110,107,3,3
53421,56,63,-7,7
53422,126,129,-3,3
53423,75,86,-11,11
53424,56,60,-4,4
53425,119,134,-15,15
53426,98,95,3,3
53427,171,161,10,10
53428,169,138,31,31
53429,126,126,0,0
53430,194,160,34,34
53431,112,103,9,9
53432,73,76,-3,3
53433,106,105,1,1
53434,101,88,13,13
53435,119,108,11,11
53436,96,86,10,10
53437,58,61,-3,3
53438,89,95,-6,6
53439,78,86,-8,8
53440,85,87,-2,2
53441,87,88,-1,1
53442,70,82,-12,12
53443,50,60,-10,10
53444,51,56,-5,5
53445,91,86,5,5
53446,79,82,-3,3
53447,98,97,1,1
53448,117,122,-5,5
53449,94,104,-10,10
53450,141,129,12,12
53451,133,132,1,1
53452,48,55,-7,7
53453,121,117,4,4
53454,90,93,-3,3
53455,50,64,-14,14
53456,69,79,-10,10
53457,90,104,-14,14
53458,83,84,-1,1
53459,89,103,-14,14
53460,84,83,1,1
53461,72,75,-3,3
53462,65,73,-8,8
53463,93,90,3,3
53464,70,72,-2,2
53465,68,75,-7,7
53466,128,134,-6,6
53467,102,85,17,17
53468,111,112,-1,1
53469,54,59,-5,5
53470,94,102,-8,8
53471,102,95,7,7
53472,104,98,6,6
53473,90,91,-1,1
53474,96,99,-3,3
53475,119,127,-8,8
53476,80,83,-3,3
53477,77,80,-3,3
53478,228,233,-5,5
53479,134,113,21,21
53480,140,147,-7,7
53481,47,56,-9,9
53482,113,107,6,6
53483,58,60,-2,2
53484,34,39,-5,5
53485,46,45,1,1
53486,68,64,4,4
53487,68,76,-8,8
53488,43,53,-10,10
53489,74,83,-9,9
53490,88,91,-3,3
53491,130,136,-6,6
53492,112,93,19,19
53493,91,85,6,6
53494,70,77,-7,7
53495,137,126,11,11
53496,67,65,2,2
53497,90,83,7,7
53498,137,119,18,18
53499,83,94,-11,11
53500,105,113,-8,8
53501,78,82,-4,4
53502,93,77,16,16
53503,88,83,5,5
53504,65,67,-2,2
53505,105,95,10,10
53506,131,133,-2,2
53507,52,52,0,0
53508,48,53,-5,5
53509,127,128,-1,1
53510,70,84,-14,14
53511,62,63,-1,1
53512,119,114,5,5
53513,75,76,-1,1
53514,90,83,7,7
53515,60,76,-16,16
53516,133,121,12,12
53517,86,84,2,2
53518,77,87,-10,10
53519,81,82,-1,1
53520,98,96,2,2
53521,101,105,-4,4
53522,70,76,-6,6
53523,86,80,6,6
53524,111,112,-1,1
53525,99,94,5,5
53526,62,68,-6,6
53527,111,111,0,0
53528,57,63,-6,6
53529,93,92,1,1
53530,77,81,-4,4
53531,122,115,7,7
53532,96,101,-5,5
53533,52,60,-8,8
53534,66,66,0,0
53535,102,97,5,5
53536,79,92,-13,13
53537,83,93,-10,10
53538,90,90,0,0
53539,117,109,8,8
53540,87,90,-3,3
53541,127,113,14,14
53542,50,60,-10,10
53543,62,67,-5,5
53544,63,78,-15,15
53545,80,74,6,6
53546,111,128,-17,17
53547,53,45,8,8
53548,105,102,3,3
53549,97,89,8,8
53550,48,50,-2,2
53551,66,74,-8,8
53552,113,109,4,4
53553,142,132,10,10
53554,42,45,-3,3
53555,55,58,-3,3
53556,111,102,9,9
53557,89,84,5,5
53558,76,89,-13,13
53559,126,115,11,11
53560,103,101,2,2
53561,53,60,-7,7
53562,90,88,2,2
53563,66,63,3,3
53564,60,73,-13,13
53565,49,65,-16,16
53566,230,176,54,54
53567,64,59,5,5
53568,104,105,-1,1
53569,82,84,-2,2
53570,157,148,9,9
53571,53,59,-6,6
53572,93,99,-6,6
53573,76,76,0,0
53574,61,71,-10,10
53575,100,89,11,11
53576,52,63,-11,11
53577,69,73,-4,4
53578,117,113,4,4
53579,124,116,8,8
53580,100,103,-3,3
53581,149,124,25,25
53582,99,101,-2,2
53583,120,108,12,12
53584,79,87,-8,8
53585,177,165,12,12
53586,62,66,-4,4
53587,99,95,4,4
53588,157,141,16,16
53589,117,118,-1,1
53590,98,90,8,8
53591,68,71,-3,3
53592,85,85,0,0
53593,91,95,-4,4
53594,106,100,6,6
53595,129,121,8,8
53596,134,119,15,15
53597,85,87,-2,2
53598,122,122,0,0
53599,89,89,0,0
53600,46,56,-10,10
53601,91,96,-5,5
53602,136,132,4,4
53603,52,55,-3,3
53604,98,103,-5,5
53605,98,89,9,9
53606,129,121,8,8
53607,49,53,-4,4
53608,75,78,-3,3
53609,70,78,-8,8
53610,102,96,6,6
53611,114,113,1,1
53612,31,46,-15,15
53613,120,112,8,8
53614,108,102,6,6
53615,84,88,-4,4
53616,61,69,-8,8
53617,150,142,8,8
53618,52,87,-35,35
53619,44,55,-11,11
53620,71,81,-10,10
53621,62,70,-8,8
53622,74,78,-4,4
53623,100,100,0,0
53624,83,89,-6,6
53625,82,85,-3,3
53626,149,131,18,18
53627,113,119,-6,6
53628,99,90,9,9
53629,94,95,-1,1
53630,77,86,-9,9
53631,116,125,-9,9
53632,154,147,7,7
53633,84,89,-5,5
53634,116,100,16,16
53635,169,152,17,17
53636,126,117,9,9
53637,31,36,-5,5
53638,84,86,-2,2
53639,81,80,1,1
53640,109,104,5,5
53641,96,98,-2,2
53642,78,80,-2,2
53643,100,98,2,2
53644,101,96,5,5
53645,63,74,-11,11
53646,118,111,7,7
53647,119,108,11,11
53648,70,68,2,2
53649,82,80,2,2
53650,57,57,0,0
53651,89,92,-3,3
53652,124,112,12,12
53653,67,71,-4,4
53654,87,82,5,5
53655,115,107,8,8
53656,76,74,2,2
53657,63,73,-10,10
53658,105,99,6,6
53659,77,79,-2,2
53660,124,126,-2,2
53661,84,79,5,5
53662,52,52,0,0
53663,55,63,-8,8
53664,120,107,13,13
53665,206,167,39,39
53666,67,75,-8,8
53667,93,95,-2,2
53668,67,69,-2,2
53669,71,71,0,0
53670,87,80,7,7
53671,72,71,1,1
53672,108,104,4,4
53673,116,110,6,6
53674,62,61,1,1
53675,61,74,-13,13
53676,57,63,-6,6
53677,100,93,7,7
53678,78,75,3,3
53679,93,94,-1,1
53680,102,105,-3,3
53681,187,177,10,10
53682,88,80,8,8
53683,100,103,-3,3
53684,169,155,14,14
53685,160,158,2,2
53686,142,131,11,11
53687,146,142,4,4
53688,81,85,-4,4
53689,41,50,-9,9
53690,111,94,17,17
53691,124,111,13,13
53692,114,116,-2,2
53693,133,134,-1,1
53694,88,80,8,8
53695,90,83,7,7
53696,76,80,-4,4
53697,83,93,-10,10
53698,130,122,8,8
53699,48,64,-16,16
53700,85,100,-15,15
53701,77,76,1,1
53702,130,126,4,4
53703,118,103,15,15
53704,106,102,4,4
53705,67,74,-7,7
53706,111,109,2,2
53707,94,91,3,3
53708,69,73,-4,4
53709,76,93,-17,17
53710,96,91,5,5
53711,84,80,4,4
53712,144,117,27,27
53713,66,81,-15,15
53714,86,85,1,1
53715,56,68,-12,12
53716,103,112,-9,9
53717,154,138,16,16
53718,80,76,4,4
53719,89,94,-5,5
53720,63,75,-12,12
53721,90,92,-2,2
53722,102,86,16,16
53723,132,128,4,4
53724,103,103,0,0
53725,138,130,8,8
53726,107,101,6,6
53727,84,89,-5,5
53728,158,138,20,20
53729,143,136,7,7
53730,83,88,-5,5
53731,101,92,9,9
53732,42,57,-15,15
53733,156,143,13,13
53734,96,102,-6,6
53735,124,128,-4,4
53736,91,93,-2,2
53737,139,128,11,11
53738,80,77,3,3
53739,95,89,6,6
53740,95,89,6,6
53741,83,90,-7,7
53742,88,93,-5,5
53743,120,119,1,1
53744,79,81,-2,2
53745,114,105,9,9
53746,54,63,-9,9
53747,72,78,-6,6
53748,122,107,15,15
53749,125,123,2,2
53750,100,98,2,2
53751,90,102,-12,12
53752,92,89,3,3
53753,85,81,4,4
53754,115,111,4,4
53755,76,71,5,5
53756,94,105,-11,11
53757,128,116,12,12
53758,49,86,-37,37
53759,134,121,13,13
53760,114,108,6,6
53761,75,76,-1,1
53762,71,73,-2,2
53763,131,123,8,8
53764,110,104,6,6
53765,113,105,8,8
53766,79,89,-10,10
53767,90,89,1,1
53768,112,101,11,11
53769,92,91,1,1
53770,141,127,14,14
53771,46,54,-8,8
53772,103,103,0,0
53773,124,123,1,1
53774,98,94,4,4
53775,106,93,13,13
53776,95,86,9,9
53777,50,56,-6,6
53778,98,90,8,8
53779,127,121,6,6
53780,147,138,9,9
53781,136,124,12,12
53782,68,71,-3,3
53783,133,127,6,6
53784,112,109,3,3
53785,73,72,1,1
53786,104,105,-1,1
53787,118,110,8,8
53788,84,93,-9,9
53789,66,71,-5,5
53790,74,74,0,0
53791,71,67,4,4
53792,122,115,7,7
53793,88,89,-1,1
53794,90,94,-4,4
53795,44,54,-10,10
53796,68,83,-15,15
53797,72,81,-9,9
53798,141,132,9,9
53799,84,107,-23,23
53800,120,110,10,10
53801,46,44,2,2
53802,59,62,-3,3
53803,136,125,11,11
53804,47,54,-7,7
53805,57,64,-7,7
53806,64,79,-15,15
53807,114,96,18,18
53808,75,73,2,2
53809,72,76,-4,4
53810,58,60,-2,2
53811,70,72,-2,2
53812,146,133,13,13
53813,83,102,-19,19
53814,116,130,-14,14
53815,143,137,6,6
53816,118,104,14,14
53817,200,171,29,29
53818,116,101,15,15
53819,124,112,12,12
53820,142,138,4,4
53821,184,151,33,33
53822,137,123,14,14
53823,76,80,-4,4
53824,96,91,5,5
53825,52,59,-7,7
53826,91,82,9,9
53827,55,60,-5,5
53828,95,89,6,6
53829,59,63,-4,4
53830,145,142,3,3
53831,84,74,10,10
53832,112,112,0,0
53833,63,78,-15,15
53834,60,65,-5,5
53835,134,126,8,8
53836,88,81,7,7
53837,72,78,-6,6
53838,107,113,-6,6
53839,74,74,0,0
53840,94,84,10,10
53841,84,81,3,3
53842,55,83,-28,28
53843,30,33,-3,3
53844,31,46,-15,15
53845,77,85,-8,8
53846,74,77,-3,3
53847,99,84,15,15
53848,148,136,12,12
53849,70,79,-9,9
53850,86,83,3,3
53851,124,134,-10,10
53852,144,136,8,8
53853,77,72,5,5
53854,117,106,11,11
53855,78,73,5,5
53856,53,67,-14,14
53857,105,97,8,8
53858,79,70,9,9
53859,127,116,11,11
53860,94,88,6,6
53861,159,151,8,8
53862,90,89,1,1
53863,71,75,-4,4
53864,156,139,17,17
53865,140,132,8,8
53866,57,49,8,8
53867,91,91,0,0
53868,61,63,-2,2
53869,91,93,-2,2
53870,54,61,-7,7
53871,78,75,3,3
53872,133,112,21,21
53873,121,107,14,14
53874,151,142,9,9
53875,119,113,6,6
53876,76,106,-30,30
53877,98,94,4,4
53878,97,96,1,1
53879,41,47,-6,6
53880,149,153,-4,4
53881,119,115,4,4
53882,80,82,-2,2
53883,67,68,-1,1
53884,70,78,-8,8
53885,120,108,12,12
53886,125,120,5,5
53887,76,79,-3,3
53888,77,83,-6,6
53889,89,90,-1,1
53890,63,62,1,1
53891,163,149,14,14
53892,51,50,1,1
53893,68,69,-1,1
53894,131,128,3,3
53895,109,108,1,1
53896,61,60,1,1
53897,118,125,-7,7
53898,103,103,0,0
53899,137,117,20,20
53900,93,91,2,2
53901,116,100,16,16
53902,61,71,-10,10
53903,80,84,-4,4
53904,88,87,1,1
53905,121,125,-4,4
53906,63,69,-6,6
53907,150,139,11,11
53908,130,120,10,10
53909,112,107,5,5
53910,48,60,-12,12
53911,159,149,10,10
53912,75,75,0,0
53913,66,74,-8,8
53914,75,80,-5,5
53915,70,70,0,0
53916,80,79,1,1
53917,95,95,0,0
53918,57,54,3,3
53919,79,74,5,5
53920,69,68,1,1
53921,60,64,-4,4
53922,115,105,10,10
53923,121,97,24,24
53924,71,66,5,5
53925,88,82,6,6
53926,97,94,3,3
53927,56,67,-11,11
53928,107,98,9,9
53929,35,41,-6,6
53930,112,111,1,1
53931,74,82,-8,8
53932,80,81,-1,1
53933,89,101,-12,12
53934,81,90,-9,9
53935,142,133,9,9
53936,109,112,-3,3
53937,118,102,16,16
53938,93,89,4,4
53939,127,121,6,6
53940,84,86,-2,2
53941,135,129,6,6
53942,128,124,4,4
53943,88,83,5,5
53944,77,85,-8,8
53945,73,81,-8,8
53946,92,85,7,7
53947,163,155,8,8
53948,117,106,11,11
53949,186,169,17,17
53950,118,122,-4,4
53951,79,72,7,7
53952,81,85,-4,4
53953,114,123,-9,9
53954,83,82,1,1
53955,89,81,8,8
53956,139,135,4,4
53957,85,85,0,0
53958,52,60,-8,8
53959,112,101,11,11
53960,79,82,-3,3
53961,90,82,8,8
53962,102,104,-2,2
53963,86,88,-2,2
53964,83,84,-1,1
53965,149,133,16,16
53966,50,59,-9,9
53967,73,75,-2,2
53968,66,68,-2,2
53969,106,108,-2,2
53970,78,74,4,4
53971,85,87,-2,2
53972,97,109,-12,12
53973,50,52,-2,2
53974,126,133,-7,7
53975,83,92,-9,9
53976,98,90,8,8
53977,75,76,-1,1
53978,93,88,5,5
53979,143,130,13,13
53980,142,120,22,22
53981,55,66,-11,11
53982,68,68,0,0
53983,61,65,-4,4
53984,68,68,0,0
53985,119,102,17,17
53986,85,83,2,2
53987,56,56,0,0
53988,105,112,-7,7
53989,74,78,-4,4
53990,61,63,-2,2
53991,125,124,1,1
53992,49,54,-5,5
53993,117,121,-4,4
53994,109,111,-2,2
53995,108,120,-12,12
53996,153,154,-1,1
53997,59,58,1,1
53998,173,151,22,22
53999,90,89,1,1
54000,102,97,5,5
54001,53,62,-9,9
54002,91,96,-5,5
54003,162,127,35,35
54004,129,124,5,5
54005,110,106,4,4
54006,80,75,5,5
54007,94,86,8,8
54008,107,101,6,6
54009,57,67,-10,10
54010,109,109,0,0
54011,73,73,0,0
54012,229,194,35,35
54013,170,157,13,13
54014,70,65,5,5
54015,104,105,-1,1
54016,83,81,2,2
54017,101,97,4,4
54018,86,90,-4,4
54019,108,108,0,0
54020,96,97,-1,1
54021,80,86,-6,6
54022,68,74,-6,6
54023,91,85,6,6
54024,112,113,-1,1
54025,122,114,8,8
54026,132,121,11,11
54027,96,95,1,1
54028,81,88,-7,7
54029,80,93,-13,13
54030,101,94,7,7
54031,117,112,5,5
54032,100,93,7,7
54033,83,94,-11,11
54034,93,92,1,1
54035,103,102,1,1
54036,48,69,-21,21
54037,110,101,9,9
54038,128,114,14,14
54039,37,43,-6,6
54040,110,114,-4,4
54041,94,90,4,4
54042,127,134,-7,7
54043,70,69,1,1
54044,112,106,6,6
54045,189,178,11,11
54046,95,102,-7,7
54047,123,125,-2,2
54048,152,144,8,8
54049,85,85,0,0
54050,60,70,-10,10
54051,74,70,4,4
54052,89,89,0,0
54053,97,92,5,5
54054,159,138,21,21
54055,90,89,1,1
54056,76,79,-3,3
54057,83,96,-13,13
54058,71,83,-12,12
54059,105,94,11,11
54060,102,100,2,2
54061,161,140,21,21
54062,123,106,17,17
54063,85,84,1,1
54064,41,48,-7,7
54065,165,146,19,19
54066,60,93,-33,33
54067,123,122,1,1
54068,59,60,-1,1
54069,51,50,1,1
54070,160,151,9,9
54071,134,142,-8,8
54072,87,94,-7,7
54073,91,93,-2,2
54074,52,61,-9,9
54075,111,103,8,8
54076,139,143,-4,4
54077,65,74,-9,9
54078,96,90,6,6
54079,92,88,4,4
54080,77,88,-11,11
54081,106,110,-4,4
54082,194,175,19,19
54083,127,119,8,8
54084,121,106,15,15
54085,140,144,-4,4
54086,129,125,4,4
54087,59,67,-8,8
54088,82,91,-9,9
54089,59,68,-9,9
54090,98,94,4,4
54091,214,178,36,36
54092,107,102,5,5
54093,122,122,0,0
54094,75,75,0,0
54095,52,56,-4,4
54096,129,118,11,11
54097,59,63,-4,4
54098,64,67,-3,3
54099,144,127,17,17
54100,99,98,1,1
54101,156,137,19,19
54102,173,158,15,15
54103,82,84,-2,2
54104,145,125,20,20
54105,105,96,9,9
54106,102,109,-7,7
54107,69,74,-5,5
54108,51,59,-8,8
54109,44,53,-9,9
54110,30,39,-9,9
54111,118,105,13,13
54112,85,78,7,7
54113,70,74,-4,4
54114,61,78,-17,17
54115,69,68,1,1
54116,81,81,0,0
54117,68,68,0,0
54118,149,136,13,13
54119,47,66,-19,19
54120,53,65,-12,12
54121,143,134,9,9
54122,91,97,-6,6
54123,93,94,-1,1
54124,45,54,-9,9
54125,122,117,5,5
54126,112,104,8,8
54127,165,143,22,22
54128,57,67,-10,10
54129,101,105,-4,4
54130,54,60,-6,6
54131,55,62,-7,7
54132,74,73,1,1
54133,95,94,1,1
54134,58,87,-29,29
54135,114,122,-8,8
54136,73,91,-18,18
54137,81,80,1,1
54138,63,61,2,2
54139,139,142,-3,3
54140,96,93,3,3
54141,111,108,3,3
54142,157,138,19,19
54143,167,157,10,10
54144,166,136,30,30
54145,115,115,0,0
54146,80,77,3,3
54147,166,135,31,31
54148,89,86,3,3
54149,69,67,2,2
54150,34,49,-15,15
54151,92,91,1,1
54152,81,87,-6,6
54153,131,128,3,3
54154,65,72,-7,7
54155,107,106,1,1
54156,61,69,-8,8
54157,77,85,-8,8
54158,92,93,-1,1
54159,175,165,10,10
54160,154,145,9,9
54161,101,102,-1,1
54162,96,91,5,5
54163,82,81,1,1
54164,72,74,-2,2
54165,60,67,-7,7
54166,137,120,17,17
54167,44,57,-13,13
54168,77,74,3,3
54169,111,105,6,6
54170,41,57,-16,16
54171,119,106,13,13
54172,83,86,-3,3
54173,108,104,4,4
54174,128,109,19,19
54175,76,89,-13,13
54176,41,57,-16,16
54177,79,82,-3,3
54178,175,157,18,18
54179,115,104,11,11
54180,87,93,-6,6
54181,136,118,18,18
54182,76,75,1,1
54183,107,114,-7,7
54184,86,96,-10,10
54185,118,109,9,9
54186,98,92,6,6
54187,73,73,0,0
54188,176,154,22,22
54189,110,97,13,13
54190,73,72,1,1
54191,73,76,-3,3
54192,109,113,-4,4
54193,96,103,-7,7
54194,128,115,13,13
54195,65,68,-3,3
54196,81,87,-6,6
54197,76,77,-1,1
54198,81,88,-7,7
54199,55,55,0,0
54200,93,92,1,1
54201,138,135,3,3
54202,127,116,11,11
54203,110,89,21,21
54204,97,89,8,8
54205,106,111,-5,5
54206,70,77,-7,7
54207,84,100,-16,16
54208,103,98,5,5
54209,109,100,9,9
54210,82,80,2,2
54211,82,85,-3,3
54212,75,71,4,4
54213,96,91,5,5
54214,74,79,-5,5
54215,50,56,-6,6
54216,80,78,2,2
54217,129,134,-5,5
54218,127,127,0,0
54219,101,110,-9,9
54220,94,88,6,6
54221,80,84,-4,4
54222,51,55,-4,4
54223,98,97,1,1
54224,93,97,-4,4
54225,138,135,3,3
54226,127,114,13,13
54227,115,106,9,9
54228,57,65,-8,8
54229,62,70,-8,8
54230,125,125,0,0
54231,74,83,-9,9
54232,104,94,10,10
54233,112,110,2,2
54234,101,95,6,6
54235,81,73,8,8
54236,58,66,-8,8
54237,98,85,13,13
54238,60,60,0,0
54239,60,67,-7,7
54240,119,107,12,12
54241,92,87,5,5
54242,79,85,-6,6
54243,72,76,-4,4
54244,59,68,-9,9
54245,53,58,-5,5
54246,133,122,11,11
54247,81,91,-10,10
54248,167,148,19,19
54249,110,105,5,5
54250,62,67,-5,5
54251,77,78,-1,1
54252,81,99,-18,18
54253,108,89,19,19
54254,107,98,9,9
54255,56,63,-7,7
54256,74,71,3,3
54257,55,71,-16,16
54258,41,47,-6,6
54259,95,89,6,6
54260,80,82,-2,2
54261,107,105,2,2
54262,89,88,1,1
54263,69,68,1,1
54264,89,83,6,6
54265,125,112,13,13
54266,139,130,9,9
54267,63,68,-5,5
54268,79,88,-9,9
54269,111,116,-5,5
54270,80,85,-5,5
54271,89,95,-6,6
54272,65,63,2,2
54273,139,126,13,13
54274,105,101,4,4
54275,59,61,-2,2
54276,108,101,7,7
54277,71,75,-4,4
54278,57,71,-14,14
54279,65,69,-4,4
54280,66,67,-1,1
54281,171,157,14,14
54282,69,89,-20,20
54283,137,120,17,17
54284,62,70,-8,8
54285,92,91,1,1
54286,87,79,8,8
54287,131,121,10,10
54288,160,157,3,3
54289,78,86,-8,8
54290,82,92,-10,10
54291,152,162,-10,10
54292,34,39,-5,5
54293,80,89,-9,9
54294,201,182,19,19
54295,89,88,1,1
54296,88,91,-3,3
54297,137,127,10,10
54298,58,64,-6,6
54299,87,102,-15,15
54300,106,104,2,2
54301,67,71,-4,4
54302,57,55,2,2
54303,83,80,3,3
54304,105,94,11,11
54305,187,154,33,33
54306,92,90,2,2
54307,43,47,-4,4
54308,130,129,1,1
54309,103,98,5,5
54310,79,81,-2,2
54311,176,159,17,17
54312,120,109,11,11
54313,75,79,-4,4
54314,75,73,2,2
54315,77,74,3,3
54316,87,85,2,2
54317,49,66,-17,17
54318,164,137,27,27
54319,142,128,14,14
54320,136,127,9,9
54321,51,61,-10,10
54322,79,81,-2,2
54323,173,158,15,15
54324,118,112,6,6
54325,75,74,1,1
54326,87,92,-5,5
54327,66,66,0,0
54328,67,71,-4,4
54329,124,115,9,9
54330,62,68,-6,6
54331,88,93,-5,5
54332,87,89,-2,2
54333,125,126,-1,1
54334,107,86,21,21
54335,65,65,0,0
54336,50,60,-10,10
54337,80,77,3,3
54338,166,152,14,14
54339,142,130,12,12
54340,171,156,15,15
54341,57,62,-5,5
54342,87,89,-2,2
54343,106,99,7,7
54344,95,102,-7,7
54345,108,96,12,12
54346,105,98,7,7
54347,112,107,5,5
54348,101,89,12,12
54349,89,87,2,2
54350,49,60,-11,11
54351,84,82,2,2
54352,101,104,-3,3
54353,66,70,-4,4
54354,83,81,2,2
54355,58,64,-6,6
54356,85,90,-5,5
54357,91,111,-20,20
54358,53,69,-16,16
54359,94,96,-2,2
54360,97,87,10,10
54361,76,76,0,0
54362,45,62,-17,17
54363,49,54,-5,5
54364,150,142,8,8
54365,104,97,7,7
54366,111,114,-3,3
54367,68,67,1,1
54368,93,97,-4,4
54369,100,102,-2,2
54370,107,105,2,2
54371,121,119,2,2
54372,60,74,-14,14
54373,134,128,6,6
54374,127,118,9,9
54375,76,80,-4,4
54376,122,105,17,17
54377,71,70,1,1
54378,73,84,-11,11
54379,74,74,0,0
54380,133,126,7,7
54381,78,79,-1,1
54382,60,75,-15,15
54383,112,122,-10,10
54384,87,90,-3,3
54385,105,96,9,9
54386,62,67,-5,5
54387,76,75,1,1
54388,124,112,12,12
54389,108,111,-3,3
54390,63,65,-2,2
54391,192,173,19,19
54392,63,77,-14,14
54393,94,96,-2,2
54394,76,94,-18,18
54395,153,143,10,10
54396,145,135,10,10
54397,118,121,-3,3
54398,144,141,3,3
54399,80,88,-8,8
54400,81,76,5,5
54401,167,135,32,32
54402,112,92,20,20
54403,87,93,-6,6
54404,114,86,28,28
54405,96,98,-2,2
54406,72,75,-3,3
54407,148,143,5,5
54408,105,105,0,0
54409,138,140,-2,2
54410,80,84,-4,4
54411,79,88,-9,9
54412,92,89,3,3
54413,104,103,1,1
54414,60,77,-17,17
54415,179,152,27,27
54416,86,85,1,1
54417,32,54,-22,22
54418,134,110,24,24
54419,71,74,-3,3
54420,93,95,-2,2
54421,112,108,4,4
54422,117,114,3,3
54423,112,107,5,5
54424,83,86,-3,3
54425,111,111,0,0
54426,143,134,9,9
54427,84,97,-13,13
54428,58,68,-10,10
54429,78,82,-4,4
54430,116,103,13,13
54431,120,106,14,14
54432,102,91,11,11
54433,155,87,68,68
54434,106,106,0,0
54435,79,74,5,5
54436,111,114,-3,3
54437,72,74,-2,2
54438,59,64,-5,5
54439,139,139,0,0
54440,119,109,10,10
54441,100,95,5,5
54442,59,71,-12,12
54443,67,75,-8,8
54444,149,148,1,1
54445,74,75,-1,1
54446,96,102,-6,6
54447,196,184,12,12
54448,144,138,6,6
54449,101,95,6,6
54450,80,96,-16,16
54451,76,89,-13,13
54452,96,96,0,0
54453,112,103,9,9
54454,73,95,-22,22
54455,126,124,2,2
54456,92,89,3,3
54457,125,128,-3,3
54458,64,70,-6,6
54459,146,136,10,10
54460,77,94,-17,17
54461,148,140,8,8
54462,126,121,5,5
54463,95,102,-7,7
54464,58,58,0,0
54465,146,130,16,16
54466,148,131,17,17
54467,104,107,-3,3
54468,129,118,11,11
54469,60,58,2,2
54470,83,84,-1,1
54471,67,60,7,7
54472,132,119,13,13
54473,82,89,-7,7
54474,34,60,-26,26
54475,76,86,-10,10
54476,116,120,-4,4
54477,119,120,-1,1
54478,96,98,-2,2
54479,138,127,11,11
54480,80,80,0,0
54481,109,109,0,0
54482,103,98,5,5
54483,57,65,-8,8
54484,41,40,1,1
54485,121,117,4,4
54486,87,84,3,3
54487,125,117,8,8
54488,82,90,-8,8
54489,36,48,-12,12
54490,63,62,1,1
54491,112,105,7,7
54492,90,83,7,7
54493,110,114,-4,4
54494,184,161,23,23
54495,97,100,-3,3
54496,64,74,-10,10
54497,115,103,12,12
54498,85,81,4,4
54499,60,65,-5,5
54500,68,78,-10,10
54501,118,114,4,4
54502,56,71,-15,15
54503,49,66,-17,17
54504,92,96,-4,4
54505,62,65,-3,3
54506,131,118,13,13
54507,125,121,4,4
54508,146,144,2,2
54509,78,83,-5,5
54510,69,70,-1,1
54511,76,75,1,1
54512,66,69,-3,3
54513,71,77,-6,6
54514,97,105,-8,8
54515,264,243,21,21
54516,38,50,-12,12
54517,134,137,-3,3
54518,70,71,-1,1
54519,67,72,-5,5
54520,128,119,9,9
54521,138,107,31,31
54522,101,110,-9,9
54523,76,79,-3,3
54524,42,58,-16,16
54525,138,121,17,17
54526,126,115,11,11
54527,80,79,1,1
54528,61,60,1,1
54529,105,92,13,13
54530,113,111,2,2
54531,96,97,-1,1
54532,97,99,-2,2
54533,74,87,-13,13
54534,129,126,3,3
54535,83,78,5,5
54536,87,83,4,4
54537,72,72,0,0
54538,120,112,8,8
54539,95,114,-19,19
54540,62,64,-2,2
54541,54,65,-11,11
54542,80,84,-4,4
54543,109,98,11,11
54544,90,83,7,7
54545,30,26,4,4
54546,103,101,2,2
54547,91,100,-9,9
54548,92,81,11,11
54549,79,88,-9,9
54550,120,116,4,4
54551,131,120,11,11
54552,91,95,-4,4
54553,64,65,-1,1
54554,106,104,2,2
54555,81,82,-1,1
54556,86,82,4,4
54557,190,179,11,11
54558,80,79,1,1
54559,108,114,-6,6
54560,136,137,-1,1
54561,84,82,2,2
54562,122,119,3,3
54563,80,79,1,1
54564,80,77,3,3
54565,143,133,10,10
54566,31,45,-14,14
54567,96,91,5,5
54568,74,67,7,7
54569,130,123,7,7
54570,99,93,6,6
54571,90,97,-7,7
54572,89,84,5,5
54573,122,107,15,15
54574,116,115,1,1
54575,111,112,-1,1
54576,129,120,9,9
54577,97,99,-2,2
54578,122,104,18,18
54579,94,115,-21,21
54580,78,84,-6,6
54581,101,97,4,4
54582,77,88,-11,11
54583,99,108,-9,9
54584,91,104,-13,13
54585,74,77,-3,3
54586,120,115,5,5
54587,109,100,9,9
54588,54,63,-9,9
54589,105,95,10,10
54590,140,140,0,0
54591,175,157,18,18
54592,103,97,6,6
54593,80,85,-5,5
54594,71,79,-8,8
54595,101,96,5,5
54596,91,92,-1,1
54597,75,84,-9,9
54598,51,60,-9,9
54599,59,62,-3,3
54600,108,102,6,6
54601,198,168,30,30
54602,48,49,-1,1
54603,117,111,6,6
54604,44,50,-6,6
54605,105,102,3,3
54606,78,81,-3,3
54607,92,102,-10,10
54608,89,88,1,1
54609,68,72,-4,4
54610,50,61,-11,11
54611,83,77,6,6
54612,71,73,-2,2
54613,96,115,-19,19
54614,146,131,15,15
54615,134,108,26,26
54616,73,97,-24,24
54617,84,107,-23,23
54618,86,91,-5,5
54619,152,136,16,16
54620,59,66,-7,7
54621,183,162,21,21
54622,50,59,-9,9
54623,83,83,0,0
54624,103,95,8,8
54625,63,66,-3,3
54626,58,68,-10,10
54627,79,78,1,1
54628,65,90,-25,25
54629,50,62,-12,12
54630,89,82,7,7
54631,132,115,17,17
54632,91,101,-10,10
54633,79,83,-4,4
54634,89,83,6,6
54635,117,119,-2,2
54636,89,81,8,8
54637,109,111,-2,2
54638,124,116,8,8
54639,97,90,7,7
54640,131,127,4,4
54641,86,88,-2,2
54642,77,80,-3,3
54643,96,100,-4,4
54644,94,89,5,5
54645,74,74,0,0
54646,129,122,7,7
54647,104,101,3,3
54648,113,118,-5,5
54649,99,100,-1,1
54650,63,54,9,9
54651,95,92,3,3
54652,68,81,-13,13
54653,194,155,39,39
54654,99,106,-7,7
54655,123,130,-7,7
54656,119,113,6,6
54657,108,95,13,13
54658,66,83,-17,17
54659,60,68,-8,8
54660,58,68,-10,10
54661,183,163,20,20
54662,190,165,25,25
54663,165,141,24,24
54664,80,89,-9,9
54665,166,151,15,15
54666,123,123,0,0
54667,131,130,1,1
54668,62,72,-10,10
54669,83,75,8,8
54670,125,112,13,13
54671,103,106,-3,3
54672,101,104,-3,3
54673,95,91,4,4
54674,59,64,-5,5
54675,107,98,9,9
54676,79,68,11,11
54677,87,85,2,2
54678,84,87,-3,3
54679,67,70,-3,3
54680,75,72,3,3
54681,85,80,5,5
54682,89,82,7,7
54683,105,113,-8,8
54684,71,73,-2,2
54685,150,129,21,21
54686,59,64,-5,5
54687,86,82,4,4
54688,85,85,0,0
54689,110,111,-1,1
54690,76,72,4,4
54691,100,100,0,0
54692,109,100,9,9
54693,110,106,4,4
54694,97,104,-7,7
54695,109,107,2,2
54696,188,168,20,20
54697,52,61,-9,9
54698,56,66,-10,10
54699,87,89,-2,2
54700,72,74,-2,2
54701,171,156,15,15
54702,109,105,4,4
54703,86,89,-3,3
54704,140,131,9,9
54705,113,106,7,7
54706,89,88,1,1
54707,102,97,5,5
54708,82,81,1,1
54709,87,83,4,4
54710,85,89,-4,4
54711,150,135,15,15
54712,151,129,22,22
54713,65,79,-14,14
54714,150,139,11,11
54715,102,102,0,0
54716,88,87,1,1
54717,108,110,-2,2
54718,38,55,-17,17
54719,123,118,5,5
54720,92,80,12,12
54721,120,112,8,8
54722,108,103,5,5
54723,72,69,3,3
54724,62,61,1,1
54725,105,104,1,1
54726,71,84,-13,13
54727,99,89,10,10
54728,88,90,-2,2
54729,79,88,-9,9
54730,86,85,1,1
54731,116,103,13,13
54732,74,81,-7,7
54733,93,97,-4,4
54734,198,169,29,29
54735,96,94,2,2
54736,78,78,0,0
54737,57,58,-1,1
54738,45,55,-10,10
54739,140,131,9,9
54740,76,78,-2,2
54741,88,93,-5,5
54742,127,124,3,3
54743,50,63,-13,13
54744,101,105,-4,4
54745,71,77,-6,6
54746,141,126,15,15
54747,110,116,-6,6
54748,144,128,16,16
54749,114,119,-5,5
54750,66,68,-2,2
54751,90,96,-6,6
54752,83,82,1,1
54753,143,125,18,18
54754,81,81,0,0
54755,41,42,-1,1
54756,165,151,14,14
54757,92,100,-8,8
54758,43,70,-27,27
54759,84,79,5,5
54760,58,74,-16,16
54761,74,71,3,3
54762,102,87,15,15
54763,62,76,-14,14
54764,115,105,10,10
54765,93,101,-8,8
54766,155,134,21,21
54767,173,166,7,7
54768,145,133,12,12
54769,75,80,-5,5
54770,116,104,12,12
54771,114,118,-4,4
54772,115,115,0,0
54773,123,115,8,8
54774,86,102,-16,16
54775,95,90,5,5
54776,59,64,-5,5
54777,123,120,3,3
54778,111,114,-3,3
54779,109,125,-16,16
54780,92,92,0,0
54781,118,126,-8,8
54782,42,50,-8,8
54783,65,68,-3,3
54784,74,74,0,0
54785,144,140,4,4
54786,139,128,11,11
54787,71,76,-5,5
54788,66,68,-2,2
54789,81,81,0,0
54790,103,107,-4,4
54791,65,67,-2,2
54792,137,145,-8,8
54793,86,92,-6,6
54794,64,53,11,11
54795,96,95,1,1
54796,76,90,-14,14
54797,56,62,-6,6
54798,59,66,-7,7
54799,70,76,-6,6
54800,79,76,3,3
54801,92,90,2,2
54802,64,73,-9,9
54803,141,137,4,4
54804,111,109,2,2
54805,123,107,16,16
54806,55,63,-8,8
54807,58,64,-6,6
54808,105,88,17,17
54809,124,111,13,13
54810,76,76,0,0
54811,72,90,-18,18
54812,68,75,-7,7
54813,39,53,-14,14
54814,83,77,6,6
54815,90,86,4,4
54816,84,74,10,10
54817,131,112,19,19
54818,100,91,9,9
54819,68,75,-7,7
54820,199,169,30,30
54821,111,104,7,7
54822,63,62,1,1
54823,112,107,5,5
54824,58,64,-6,6
54825,167,154,13,13
54826,167,148,19,19
54827,204,174,30,30
54828,88,92,-4,4
54829,112,116,-4,4
54830,109,106,3,3
54831,74,68,6,6
54832,118,116,2,2
54833,114,109,5,5
54834,52,59,-7,7
54835,79,78,1,1
54836,63,65,-2,2
54837,34,42,-8,8
54838,75,78,-3,3
54839,66,70,-4,4
54840,165,164,1,1
54841,140,104,36,36
54842,68,73,-5,5
54843,119,110,9,9
54844,109,105,4,4
54845,79,80,-1,1
54846,96,84,12,12
54847,96,92,4,4
54848,58,60,-2,2
54849,99,101,-2,2
54850,68,73,-5,5
54851,61,64,-3,3
54852,89,91,-2,2
54853,135,122,13,13
54854,60,64,-4,4
54855,92,90,2,2
54856,84,80,4,4
54857,84,85,-1,1
54858,94,93,1,1
54859,101,109,-8,8
54860,119,111,8,8
54861,139,144,-5,5
54862,84,83,1,1
54863,204,159,45,45
54864,97,95,2,2
54865,79,87,-8,8
54866,101,103,-2,2
54867,86,85,1,1
54868,84,81,3,3
54869,67,73,-6,6
54870,98,100,-2,2
54871,79,80,-1,1
54872,90,79,11,11
54873,62,66,-4,4
54874,65,70,-5,5
54875,62,71,-9,9
54876,41,46,-5,5
54877,140,123,17,17
54878,167,147,20,20
54879,129,123,6,6
54880,170,176,-6,6
54881,76,79,-3,3
54882,88,88,0,0
54883,57,59,-2,2
54884,55,62,-7,7
54885,81,77,4,4
54886,142,132,10,10
54887,118,110,8,8
54888,66,67,-1,1
54889,61,71,-10,10
54890,97,99,-2,2
54891,88,86,2,2
54892,101,99,2,2
54893,64,74,-10,10
54894,116,108,8,8
54895,90,84,6,6
54896,87,101,-14,14
54897,98,89,9,9
54898,111,110,1,1
54899,67,66,1,1
54900,51,65,-14,14
54901,123,122,1,1
54902,59,68,-9,9
54903,67,67,0,0
54904,48,55,-7,7
54905,52,69,-17,17
54906,180,173,7,7
54907,61,67,-6,6
54908,162,145,17,17
54909,76,78,-2,2
54910,57,64,-7,7
54911,90,88,2,2
54912,55,70,-15,15
54913,103,110,-7,7
54914,72,81,-9,9
54915,70,64,6,6
54916,154,135,19,19
54917,113,113,0,0
54918,108,104,4,4
54919,50,68,-18,18
54920,45,66,-21,21
54921,71,66,5,5
54922,132,122,10,10
54923,164,149,15,15
54924,100,99,1,1
54925,46,49,-3,3
54926,85,83,2,2
54927,88,83,5,5
54928,107,107,0,0
54929,84,83,1,1
54930,48,55,-7,7
54931,98,98,0,0
54932,154,141,13,13
54933,115,114,1,1
54934,69,77,-8,8
54935,47,56,-9,9
54936,79,72,7,7
54937,74,73,1,1
54938,77,85,-8,8
54939,52,62,-10,10
54940,146,133,13,13
54941,74,83,-9,9
54942,122,115,7,7
54943,83,104,-21,21
54944,134,106,28,28
54945,113,117,-4,4
54946,113,107,6,6
54947,100,113,-13,13
54948,77,78,-1,1
54949,91,87,4,4
54950,112,138,-26,26
54951,109,101,8,8
54952,97,93,4,4
54953,156,144,12,12
54954,128,116,12,12
54955,88,92,-4,4
54956,68,74,-6,6
54957,69,75,-6,6
54958,137,129,8,8
54959,68,82,-14,14
54960,65,70,-5,5
54961,93,89,4,4
54962,58,62,-4,4
54963,55,65,-10,10
54964,121,114,7,7
54965,133,133,0,0
54966,50,55,-5,5
54967,228,196,32,32
54968,101,96,5,5
54969,51,58,-7,7
54970,89,88,1,1
54971,63,77,-14,14
54972,70,82,-12,12
54973,41,41,0,0
54974,114,106,8,8
54975,65,74,-9,9
54976,83,87,-4,4
54977,61,63,-2,2
54978,68,74,-6,6
54979,107,106,1,1
54980,70,142,-72,72
54981,122,105,17,17
54982,44,54,-10,10
54983,138,134,4,4
54984,178,164,14,14
54985,94,89,5,5
54986,107,97,10,10
54987,63,70,-7,7
54988,84,95,-11,11
54989,124,115,9,9
54990,68,84,-16,16
54991,78,84,-6,6
54992,177,159,18,18
54993,49,61,-12,12
54994,60,58,2,2
54995,63,74,-11,11
54996,39,70,-31,31
54997,88,90,-2,2
54998,150,143,7,7
54999,105,99,6,6
55000,88,84,4,4
55001,58,49,9,9
55002,47,53,-6,6
55003,135,118,17,17
55004,101,95,6,6
55005,61,63,-2,2
55006,114,103,11,11
55007,75,74,1,1
55008,88,84,4,4
55009,69,70,-1,1
55010,95,87,8,8
55011,120,131,-11,11
55012,148,151,-3,3
55013,80,77,3,3
55014,54,60,-6,6
55015,85,85,0,0
55016,123,89,34,34
55017,101,98,3,3
55018,108,111,-3,3
55019,62,67,-5,5
55020,68,83,-15,15
55021,55,61,-6,6
55022,103,103,0,0
55023,115,107,8,8
55024,94,90,4,4
55025,77,79,-2,2
55026,146,123,23,23
55027,62,72,-10,10
55028,57,64,-7,7
55029,204,174,30,30
55030,52,69,-17,17
55031,111,124,-13,13
55032,67,72,-5,5
55033,116,110,6,6
55034,168,157,11,11
55035,47,53,-6,6
55036,75,72,3,3
55037,92,93,-1,1
55038,139,137,2,2
55039,130,136,-6,6
55040,118,108,10,10
55041,72,79,-7,7
55042,90,95,-5,5
55043,104,83,21,21
55044,99,103,-4,4
55045,98,99,-1,1
55046,84,89,-5,5
55047,106,91,15,15
55048,69,71,-2,2
55049,72,82,-10,10
55050,86,85,1,1
55051,122,109,13,13
55052,103,90,13,13
55053,113,114,-1,1
55054,70,66,4,4
55055,73,92,-19,19
55056,79,77,2,2
55057,102,95,7,7
55058,79,79,0,0
55059,67,70,-3,3
55060,61,65,-4,4
55061,78,84,-6,6
55062,83,81,2,2
55063,91,86,5,5
55064,49,61,-12,12
55065,64,67,-3,3
55066,76,80,-4,4
55067,155,144,11,11
55068,90,88,2,2
55069,78,111,-33,33
55070,67,74,-7,7
55071,112,107,5,5
55072,90,88,2,2
55073,98,100,-2,2
55074,93,93,0,0
55075,103,102,1,1
55076,64,69,-5,5
55077,94,95,-1,1
55078,58,67,-9,9
55079,76,83,-7,7
55080,153,137,16,16
55081,96,88,8,8
55082,151,143,8,8
55083,60,66,-6,6
55084,87,78,9,9
55085,30,48,-18,18
55086,83,75,8,8
55087,107,113,-6,6
55088,114,105,9,9
55089,74,77,-3,3
55090,99,109,-10,10
55091,120,114,6,6
55092,89,87,2,2
55093,215,192,23,23
55094,53,55,-2,2
55095,74,76,-2,2
55096,112,102,10,10
55097,76,82,-6,6
55098,69,71,-2,2
55099,146,131,15,15
55100,92,90,2,2
55101,72,75,-3,3
55102,184,154,30,30
55103,50,59,-9,9
55104,82,77,5,5
55105,90,87,3,3
55106,152,133,19,19
55107,41,53,-12,12
55108,149,138,11,11
55109,83,82,1,1
55110,45,61,-16,16
55111,225,197,28,28
55112,169,152,17,17
55113,44,58,-14,14
55114,118,120,-2,2
55115,108,101,7,7
55116,125,118,7,7
55117,124,121,3,3
55118,65,84,-19,19
55119,164,140,24,24
55120,138,132,6,6
55121,87,86,1,1
55122,51,60,-9,9
55123,98,105,-7,7
55124,64,70,-6,6
55125,63,73,-10,10
55126,101,100,1,1
55127,90,87,3,3
55128,104,95,9,9
55129,140,129,11,11
55130,121,109,12,12
55131,107,104,3,3
55132,85,88,-3,3
55133,116,114,2,2
55134,55,68,-13,13
55135,74,83,-9,9
55136,178,130,48,48
55137,134,117,17,17
55138,62,67,-5,5
55139,113,108,5,5
55140,75,72,3,3
55141,84,81,3,3
55142,88,84,4,4
55143,68,79,-11,11
55144,46,56,-10,10
55145,150,158,-8,8
55146,99,87,12,12
55147,108,100,8,8
55148,118,84,34,34
55149,48,61,-13,13
55150,104,92,12,12
55151,73,67,6,6
55152,109,103,6,6
55153,62,67,-5,5
55154,91,81,10,10
55155,119,116,3,3
55156,157,144,13,13
55157,117,107,10,10
55158,60,67,-7,7
55159,90,90,0,0
55160,102,102,0,0
55161,100,93,7,7
55162,99,96,3,3
55163,108,96,12,12
55164,90,87,3,3
55165,120,114,6,6
55166,97,97,0,0
55167,78,82,-4,4
55168,105,103,2,2
55169,160,147,13,13
55170,143,128,15,15
55171,112,112,0,0
55172,152,137,15,15
55173,153,137,16,16
55174,65,65,0,0
55175,66,71,-5,5
55176,63,69,-6,6
55177,55,81,-26,26
55178,75,78,-3,3
55179,91,86,5,5
55180,81,79,2,2
55181,138,123,15,15
55182,120,108,12,12
55183,86,85,1,1
55184,75,77,-2,2
55185,15,28,-13,13
55186,71,74,-3,3
55187,158,139,19,19
55188,102,88,14,14
55189,58,65,-7,7
55190,54,52,2,2
55191,77,86,-9,9
55192,82,79,3,3
55193,69,74,-5,5
55194,92,99,-7,7
55195,132,130,2,2
55196,109,107,2,2
55197,192,169,23,23
55198,62,67,-5,5
55199,41,48,-7,7
55200,120,116,4,4
55201,82,84,-2,2
55202,116,105,11,11
55203,44,59,-15,15
55204,87,83,4,4
55205,63,73,-10,10
55206,75,79,-4,4
55207,106,95,11,11
55208,198,175,23,23
55209,87,83,4,4
55210,45,44,1,1
55211,95,91,4,4
55212,128,120,8,8
55213,72,73,-1,1
55214,80,88,-8,8
55215,144,145,-1,1
55216,83,82,1,1
55217,138,131,7,7
55218,107,97,10,10
55219,42,54,-12,12
55220,105,106,-1,1
55221,129,120,9,9
55222,78,80,-2,2
55223,157,134,23,23
55224,135,125,10,10
55225,38,37,1,1
55226,174,152,22,22
55227,83,84,-1,1
55228,79,74,5,5
55229,172,171,1,1
55230,76,66,10,10
55231,106,88,18,18
55232,102,103,-1,1
55233,60,72,-12,12
55234,160,138,22,22
55235,58,66,-8,8
55236,66,71,-5,5
55237,93,91,2,2
55238,97,89,8,8
55239,99,104,-5,5
55240,232,213,19,19
55241,111,99,12,12
55242,57,69,-12,12
55243,92,100,-8,8
55244,70,69,1,1
55245,58,71,-13,13
55246,58,60,-2,2
55247,80,87,-7,7
55248,119,107,12,12
55249,111,103,8,8
55250,73,79,-6,6
55251,72,69,3,3
55252,98,89,9,9
55253,114,115,-1,1
55254,115,108,7,7
55255,180,52,128,128
55256,137,142,-5,5
55257,106,93,13,13
55258,116,112,4,4
55259,161,147,14,14
55260,53,61,-8,8
55261,160,143,17,17
55262,105,105,0,0
55263,85,87,-2,2
55264,137,130,7,7
55265,78,85,-7,7
55266,152,150,2,2
55267,107,101,6,6
55268,61,69,-8,8
55269,113,103,10,10
55270,145,137,8,8
55271,125,115,10,10
55272,63,67,-4,4
55273,83,86,-3,3
55274,139,119,20,20
55275,79,78,1,1
55276,136,128,8,8
55277,77,81,-4,4
55278,101,90,11,11
55279,54,61,-7,7
55280,103,102,1,1
55281,84,83,1,1
55282,62,69,-7,7
55283,149,145,4,4
55284,52,61,-9,9
55285,143,135,8,8
55286,185,166,19,19
55287,121,107,14,14
55288,93,103,-10,10
55289,89,86,3,3
55290,71,70,1,1
55291,96,89,7,7
55292,92,80,12,12
55293,132,120,12,12
55294,110,113,-3,3
55295,81,84,-3,3
55296,138,126,12,12
55297,121,123,-2,2
55298,136,121,15,15
55299,108,113,-5,5
55300,102,99,3,3
55301,107,112,-5,5
55302,123,116,7,7
55303,78,79,-1,1
55304,123,125,-2,2
55305,191,162,29,29
55306,83,79,4,4
55307,66,70,-4,4
55308,147,134,13,13
55309,75,74,1,1
55310,142,140,2,2
55311,54,62,-8,8
55312,79,83,-4,4
55313,65,61,4,4
55314,69,73,-4,4
55315,92,94,-2,2
55316,116,98,18,18
55317,138,111,27,27
55318,60,67,-7,7
55319,113,107,6,6
55320,107,106,1,1
55321,71,81,-10,10
55322,87,84,3,3
55323,66,75,-9,9
55324,115,116,-1,1
55325,88,89,-1,1
55326,59,69,-10,10
55327,109,101,8,8
55328,101,102,-1,1
55329,99,88,11,11
55330,84,87,-3,3
55331,79,76,3,3
55332,144,121,23,23
55333,74,83,-9,9
55334,67,74,-7,7
55335,79,82,-3,3
55336,69,71,-2,2
55337,64,73,-9,9
55338,74,70,4,4
55339,122,141,-19,19
55340,88,93,-5,5
55341,85,102,-17,17
55342,135,139,-4,4
55343,150,129,21,21
55344,120,113,7,7
55345,85,86,-1,1
55346,87,93,-6,6
55347,69,78,-9,9
55348,136,122,14,14
55349,139,116,23,23
55350,81,82,-1,1
55351,88,88,0,0
55352,117,112,5,5
55353,127,134,-7,7
55354,83,86,-3,3
55355,53,58,-5,5
55356,41,43,-2,2
55357,97,96,1,1
55358,169,156,13,13
55359,112,103,9,9
55360,38,49,-11,11
55361,84,82,2,2
55362,67,72,-5,5
55363,92,86,6,6
55364,110,105,5,5
55365,88,96,-8,8
55366,78,79,-1,1
55367,84,92,-8,8
55368,69,73,-4,4
55369,99,96,3,3
55370,101,109,-8,8
55371,86,85,1,1
55372,102,103,-1,1
55373,60,64,-4,4
55374,54,62,-8,8
55375,111,115,-4,4
55376,138,126,12,12
55377,82,77,5,5
55378,96,110,-14,14
55379,62,70,-8,8
55380,161,150,11,11
55381,73,78,-5,5
55382,92,87,5,5
55383,115,111,4,4
55384,150,136,14,14
55385,78,80,-2,2
55386,93,90,3,3
55387,80,81,-1,1
55388,88,98,-10,10
55389,89,87,2,2
55390,107,102,5,5
55391,76,71,5,5
55392,115,116,-1,1
55393,96,96,0,0
55394,119,114,5,5
55395,56,66,-10,10
55396,100,118,-18,18
55397,101,95,6,6
55398,89,86,3,3
55399,75,83,-8,8
55400,106,101,5,5
55401,68,74,-6,6
55402,69,69,0,0
55403,83,79,4,4
55404,85,89,-4,4
55405,130,126,4,4
55406,64,66,-2,2
55407,44,61,-17,17
55408,83,75,8,8
55409,54,93,-39,39
55410,130,112,18,18
55411,91,94,-3,3
55412,59,81,-22,22
55413,109,98,11,11
55414,145,132,13,13
55415,65,63,2,2
55416,50,55,-5,5
55417,147,132,15,15
55418,90,92,-2,2
55419,143,141,2,2
55420,97,93,4,4
55421,111,105,6,6
55422,63,63,0,0
55423,70,84,-14,14
55424,109,96,13,13
55425,108,117,-9,9
55426,149,137,12,12
55427,98,97,1,1
55428,137,127,10,10
55429,45,55,-10,10
55430,95,93,2,2
55431,59,74,-15,15
55432,71,68,3,3
55433,117,114,3,3
55434,73,79,-6,6
55435,80,85,-5,5
55436,168,131,37,37
55437,149,148,1,1
55438,53,56,-3,3
55439,65,75,-10,10
55440,160,142,18,18
55441,83,84,-1,1
55442,88,89,-1,1
55443,98,84,14,14
55444,51,61,-10,10
55445,54,67,-13,13
55446,70,78,-8,8
55447,80,82,-2,2
55448,169,140,29,29
55449,109,105,4,4
55450,57,68,-11,11
55451,119,117,2,2
55452,238,206,32,32
55453,132,129,3,3
55454,78,84,-6,6
55455,88,85,3,3
55456,85,88,-3,3
55457,27,53,-26,26
55458,62,73,-11,11
55459,131,122,9,9
55460,138,126,12,12
55461,43,92,-49,49
55462,58,72,-14,14
55463,76,82,-6,6
55464,72,85,-13,13
55465,121,96,25,25
55466,107,101,6,6
55467,81,89,-8,8
55468,49,72,-23,23
55469,113,106,7,7
55470,71,70,1,1
55471,44,53,-9,9
55472,81,80,1,1
55473,73,72,1,1
55474,85,87,-2,2
55475,100,95,5,5
55476,126,114,12,12
55477,96,90,6,6
55478,67,71,-4,4
55479,114,119,-5,5
55480,97,81,16,16
55481,185,156,29,29
55482,55,62,-7,7
55483,177,167,10,10
55484,85,85,0,0
55485,117,115,2,2
55486,157,139,18,18
55487,129,119,10,10
55488,94,103,-9,9
55489,87,92,-5,5
55490,139,119,20,20
55491,121,117,4,4
55492,65,62,3,3
55493,58,72,-14,14
55494,98,92,6,6
55495,37,42,-5,5
55496,63,71,-8,8
55497,193,179,14,14
55498,101,105,-4,4
55499,69,87,-18,18
55500,133,125,8,8
55501,121,107,14,14
55502,91,92,-1,1
55503,85,87,-2,2
55504,67,78,-11,11
55505,117,113,4,4
55506,61,60,1,1
55507,61,65,-4,4
55508,97,106,-9,9
55509,81,86,-5,5
55510,89,91,-2,2
55511,58,71,-13,13
55512,80,72,8,8
55513,96,86,10,10
55514,87,89,-2,2
55515,69,77,-8,8
55516,116,123,-7,7
55517,138,140,-2,2
55518,65,72,-7,7
55519,90,88,2,2
55520,87,85,2,2
55521,102,100,2,2
55522,79,93,-14,14
55523,146,141,5,5
55524,130,115,15,15
55525,127,109,18,18
55526,96,91,5,5
55527,80,81,-1,1
55528,132,132,0,0
55529,115,101,14,14
55530,81,93,-12,12
55531,86,89,-3,3
55532,105,96,9,9
55533,130,120,10,10
55534,84,85,-1,1
55535,52,97,-45,45
55536,72,70,2,2
55537,82,83,-1,1
55538,115,108,7,7
55539,100,95,5,5
55540,102,103,-1,1
55541,107,107,0,0
55542,116,111,5,5
55543,61,62,-1,1
55544,95,100,-5,5
55545,78,77,1,1
55546,78,82,-4,4
55547,79,73,6,6
55548,82,85,-3,3
55549,71,79,-8,8
55550,128,117,11,11
55551,89,90,-1,1
55552,115,131,-16,16
55553,83,77,6,6
55554,80,76,4,4
55555,79,95,-16,16
55556,69,83,-14,14
55557,123,114,9,9
55558,67,77,-10,10
55559,135,126,9,9
55560,134,150,-16,16
55561,133,123,10,10
55562,52,62,-10,10
55563,175,157,18,18
55564,95,86,9,9
55565,122,116,6,6
55566,74,74,0,0
55567,73,81,-8,8
55568,53,63,-10,10
55569,69,74,-5,5
55570,103,109,-6,6
55571,45,53,-8,8
55572,107,100,7,7
55573,49,59,-10,10
55574,132,117,15,15
55575,89,89,0,0
55576,62,67,-5,5
55577,109,107,2,2
55578,81,82,-1,1
55579,72,82,-10,10
55580,52,53,-1,1
55581,74,73,1,1
55582,36,47,-11,11
55583,68,73,-5,5
55584,73,79,-6,6
55585,89,88,1,1
55586,63,64,-1,1
55587,69,79,-10,10
55588,103,109,-6,6
55589,53,65,-12,12
55590,103,105,-2,2
55591,108,98,10,10
55592,109,152,-43,43
55593,187,177,10,10
55594,69,75,-6,6
55595,124,113,11,11
55596,117,115,2,2
55597,94,95,-1,1
55598,44,45,-1,1
55599,120,111,9,9
55600,140,136,4,4
55601,131,119,12,12
55602,100,105,-5,5
55603,147,142,5,5
55604,55,54,1,1
55605,126,127,-1,1
55606,84,89,-5,5
55607,81,84,-3,3
55608,110,90,20,20
55609,68,73,-5,5
55610,90,93,-3,3
55611,79,82,-3,3
55612,108,108,0,0
55613,69,76,-7,7
55614,67,66,1,1
55615,151,147,4,4
55616,121,111,10,10
55617,67,77,-10,10
55618,100,89,11,11
55619,105,105,0,0
55620,105,112,-7,7
55621,92,99,-7,7
55622,107,109,-2,2
55623,163,148,15,15
55624,110,106,4,4
55625,115,108,7,7
55626,93,87,6,6
55627,143,130,13,13
55628,105,84,21,21
55629,102,92,10,10
55630,54,57,-3,3
55631,117,115,2,2
55632,94,88,6,6
55633,121,104,17,17
55634,51,58,-7,7
55635,93,100,-7,7
55636,136,133,3,3
55637,75,73,2,2
55638,83,75,8,8
55639,90,87,3,3
55640,110,105,5,5
55641,69,73,-4,4
55642,110,106,4,4
55643,78,84,-6,6
55644,85,81,4,4
55645,89,89,0,0
55646,86,98,-12,12
55647,106,109,-3,3
55648,102,98,4,4
55649,52,62,-10,10
55650,207,194,13,13
55651,93,88,5,5
55652,113,111,2,2
55653,97,98,-1,1
55654,80,91,-11,11
55655,118,124,-6,6
55656,90,89,1,1
55657,88,96,-8,8
55658,96,97,-1,1
55659,103,106,-3,3
55660,65,71,-6,6
55661,48,55,-7,7
55662,85,77,8,8
55663,104,100,4,4
55664,54,65,-11,11
55665,89,82,7,7
55666,132,128,4,4
55667,83,85,-2,2
55668,80,82,-2,2
55669,76,85,-9,9
55670,67,68,-1,1
55671,89,88,1,1
55672,149,142,7,7
55673,106,112,-6,6
55674,149,142,7,7
55675,52,66,-14,14
55676,58,69,-11,11
55677,70,78,-8,8
55678,78,80,-2,2
55679,212,181,31,31
55680,105,107,-2,2
55681,101,88,13,13
55682,107,101,6,6
55683,145,134,11,11
55684,77,78,-1,1
55685,108,96,12,12
55686,97,95,2,2
55687,90,81,9,9
55688,104,106,-2,2
55689,99,94,5,5
55690,94,89,5,5
55691,105,109,-4,4
55692,69,77,-8,8
55693,81,90,-9,9
55694,88,87,1,1
55695,112,114,-2,2
55696,93,98,-5,5
55697,130,128,2,2
55698,145,123,22,22
55699,130,120,10,10
55700,62,86,-24,24
55701,99,102,-3,3
55702,67,71,-4,4
55703,129,114,15,15
55704,72,77,-5,5
55705,96,94,2,2
55706,76,82,-6,6
55707,102,93,9,9
55708,81,82,-1,1
55709,157,147,10,10
55710,100,104,-4,4
55711,122,113,9,9
55712,65,72,-7,7
55713,82,77,5,5
55714,95,89,6,6
55715,133,135,-2,2
55716,108,107,1,1
55717,81,83,-2,2
55718,91,91,0,0
55719,134,122,12,12
55720,146,133,13,13
55721,93,95,-2,2
55722,53,59,-6,6
55723,108,100,8,8
55724,93,90,3,3
55725,99,89,10,10
55726,158,141,17,17
55727,66,77,-11,11
55728,66,69,-3,3
55729,83,92,-9,9
55730,103,97,6,6
55731,54,66,-12,12
55732,144,132,12,12
55733,88,99,-11,11
55734,105,95,10,10
55735,115,106,9,9
55736,125,114,11,11
55737,67,77,-10,10
55738,193,162,31,31
55739,127,104,23,23
55740,29,37,-8,8
55741,86,84,2,2
55742,121,118,3,3
55743,94,87,7,7
55744,125,112,13,13
55745,174,164,10,10
55746,163,147,16,16
55747,128,111,17,17
55748,155,138,17,17
55749,123,126,-3,3
55750,100,100,0,0
55751,80,88,-8,8
55752,121,113,8,8
55753,31,35,-4,4
55754,96,87,9,9
55755,80,79,1,1
55756,83,81,2,2
55757,82,83,-1,1
55758,97,100,-3,3
55759,72,77,-5,5
55760,69,77,-8,8
55761,86,88,-2,2
55762,73,90,-17,17
55763,100,103,-3,3
55764,66,73,-7,7
55765,83,74,9,9
55766,92,101,-9,9
55767,68,67,1,1
55768,118,118,0,0
55769,97,111,-14,14
55770,62,69,-7,7
55771,78,77,1,1
55772,48,58,-10,10
55773,98,98,0,0
55774,71,75,-4,4
55775,62,73,-11,11
55776,45,58,-13,13
55777,122,120,2,2
55778,91,87,4,4
55779,71,134,-63,63
55780,68,71,-3,3
55781,118,118,0,0
55782,79,85,-6,6
55783,120,121,-1,1
55784,134,137,-3,3
55785,72,78,-6,6
55786,92,88,4,4
55787,49,71,-22,22
55788,100,101,-1,1
55789,90,93,-3,3
55790,71,77,-6,6
55791,83,88,-5,5
55792,71,75,-4,4
55793,90,93,-3,3
55794,168,159,9,9
55795,68,87,-19,19
55796,50,62,-12,12
55797,59,61,-2,2
55798,52,65,-13,13
55799,104,101,3,3
55800,95,101,-6,6
55801,57,67,-10,10
55802,211,194,17,17
55803,58,62,-4,4
55804,125,117,8,8
55805,99,96,3,3
55806,88,98,-10,10
55807,182,156,26,26
55808,99,100,-1,1
55809,66,64,2,2
55810,169,149,20,20
55811,105,98,7,7
55812,92,98,-6,6
55813,110,108,2,2
55814,111,102,9,9
55815,95,90,5,5
55816,74,77,-3,3
55817,135,116,19,19
55818,51,95,-44,44
55819,78,75,3,3
55820,118,105,13,13
55821,118,116,2,2
55822,104,102,2,2
55823,37,51,-14,14
55824,96,90,6,6
55825,93,88,5,5
55826,60,91,-31,31
55827,102,100,2,2
55828,112,113,-1,1
55829,73,85,-12,12
55830,142,127,15,15
55831,67,70,-3,3
55832,69,70,-1,1
55833,103,162,-59,59
55834,42,74,-32,32
55835,99,86,13,13
55836,181,157,24,24
55837,94,88,6,6
55838,83,84,-1,1
55839,98,85,13,13
55840,151,132,19,19
55841,149,128,21,21
55842,92,96,-4,4
55843,129,126,3,3
55844,79,77,2,2
55845,119,122,-3,3
55846,159,144,15,15
55847,63,73,-10,10
55848,74,79,-5,5
55849,141,139,2,2
55850,133,123,10,10
55851,106,100,6,6
55852,180,161,19,19
55853,152,129,23,23
55854,85,81,4,4
55855,118,109,9,9
55856,127,120,7,7
55857,143,142,1,1
55858,80,89,-9,9
55859,123,117,6,6
55860,131,122,9,9
55861,53,48,5,5
55862,83,80,3,3
55863,97,89,8,8
55864,120,117,3,3
55865,71,73,-2,2
55866,127,110,17,17
55867,68,73,-5,5
55868,79,84,-5,5
55869,104,111,-7,7
55870,139,138,1,1
55871,143,146,-3,3
55872,102,109,-7,7
55873,75,73,2,2
55874,105,107,-2,2
55875,71,65,6,6
55876,52,55,-3,3
55877,73,73,0,0
55878,95,87,8,8
55879,84,79,5,5
55880,77,79,-2,2
55881,63,77,-14,14
55882,80,89,-9,9
55883,111,104,7,7
55884,146,128,18,18
55885,136,141,-5,5
55886,58,62,-4,4
55887,77,78,-1,1
55888,74,98,-24,24
55889,157,148,9,9
55890,113,117,-4,4
55891,88,89,-1,1
55892,98,98,0,0
55893,70,75,-5,5
55894,70,83,-13,13
55895,95,94,1,1
55896,113,99,14,14
55897,65,69,-4,4
55898,82,75,7,7
55899,89,93,-4,4
55900,90,86,4,4
55901,75,94,-19,19
55902,73,70,3,3
55903,45,58,-13,13
55904,75,88,-13,13
55905,89,86,3,3
55906,127,110,17,17
55907,189,179,10,10
55908,132,122,10,10
55909,95,91,4,4
55910,113,106,7,7
55911,81,80,1,1
55912,121,121,0,0
55913,73,76,-3,3
55914,107,102,5,5
55915,72,71,1,1
55916,110,113,-3,3
55917,69,73,-4,4
55918,149,134,15,15
55919,63,70,-7,7
55920,115,108,7,7
55921,105,99,6,6
55922,88,89,-1,1
55923,65,72,-7,7
55924,87,92,-5,5
55925,94,99,-5,5
55926,125,120,5,5
55927,93,84,9,9
55928,112,103,9,9
55929,103,89,14,14
55930,117,110,7,7
55931,95,94,1,1
55932,76,72,4,4
55933,94,103,-9,9
55934,50,56,-6,6
55935,115,116,-1,1
55936,105,99,6,6
55937,108,96,12,12
55938,141,138,3,3
55939,102,102,0,0
55940,58,74,-16,16
55941,108,104,4,4
55942,89,84,5,5
55943,71,81,-10,10
55944,59,62,-3,3
55945,89,85,4,4
55946,57,61,-4,4
55947,106,96,10,10
55948,161,138,23,23
55949,92,88,4,4
55950,66,73,-7,7
55951,82,83,-1,1
55952,84,77,7,7
55953,115,103,12,12
55954,110,107,3,3
55955,135,126,9,9
55956,93,91,2,2
55957,134,144,-10,10
55958,105,94,11,11
55959,79,77,2,2
55960,25,27,-2,2
55961,124,125,-1,1
55962,29,36,-7,7
55963,96,85,11,11
55964,125,119,6,6
55965,52,60,-8,8
55966,101,98,3,3
55967,70,73,-3,3
55968,98,91,7,7
55969,77,71,6,6
55970,167,146,21,21
55971,82,82,0,0
55972,91,89,2,2
55973,70,72,-2,2
55974,74,75,-1,1
55975,121,117,4,4
55976,46,69,-23,23
55977,76,80,-4,4
55978,111,113,-2,2
55979,58,59,-1,1
55980,65,68,-3,3
55981,53,57,-4,4
55982,109,116,-7,7
55983,80,82,-2,2
55984,88,91,-3,3
55985,110,105,5,5
55986,98,90,8,8
55987,97,108,-11,11
55988,128,115,13,13
55989,144,130,14,14
55990,82,84,-2,2
55991,131,123,8,8
55992,100,93,7,7
55993,95,97,-2,2
55994,108,103,5,5
55995,82,83,-1,1
55996,73,69,4,4
55997,94,97,-3,3
55998,99,109,-10,10
55999,88,86,2,2
56000,157,148,9,9
56001,75,78,-3,3
56002,95,97,-2,2
56003,82,80,2,2
56004,160,165,-5,5
56005,146,136,10,10
56006,166,165,1,1
56007,76,78,-2,2
56008,139,133,6,6
56009,110,107,3,3
56010,118,121,-3,3
56011,122,112,10,10
56012,50,65,-15,15
56013,59,64,-5,5
56014,112,108,4,4
56015,108,120,-12,12
56016,42,49,-7,7
56017,112,113,-1,1
56018,126,113,13,13
56019,88,97,-9,9
56020,121,105,16,16
56021,83,81,2,2
56022,95,103,-8,8
56023,98,89,9,9
56024,104,105,-1,1
56025,66,70,-4,4
56026,129,123,6,6
56027,85,80,5,5
56028,101,101,0,0
56029,68,74,-6,6
56030,86,89,-3,3
56031,79,78,1,1
56032,91,93,-2,2
56033,113,121,-8,8
56034,149,135,14,14
56035,76,79,-3,3
56036,107,107,0,0
56037,110,110,0,0
56038,75,81,-6,6
56039,100,102,-2,2
56040,110,115,-5,5
56041,115,109,6,6
56042,128,122,6,6
56043,177,155,22,22
56044,105,99,6,6
56045,79,140,-61,61
56046,126,121,5,5
56047,135,141,-6,6
56048,66,67,-1,1
56049,148,135,13,13
56050,128,123,5,5
56051,106,96,10,10
56052,99,83,16,16
56053,73,67,6,6
56054,64,71,-7,7
56055,98,120,-22,22
56056,111,107,4,4
56057,124,123,1,1
56058,117,108,9,9
56059,94,91,3,3
56060,86,80,6,6
56061,80,79,1,1
56062,105,108,-3,3
56063,77,82,-5,5
56064,101,101,0,0
56065,118,110,8,8
56066,130,109,21,21
56067,97,97,0,0
56068,77,80,-3,3
56069,76,82,-6,6
56070,122,124,-2,2
56071,116,134,-18,18
56072,67,81,-14,14
56073,109,104,5,5
56074,62,68,-6,6
56075,95,83,12,12
56076,130,124,6,6
56077,49,75,-26,26
56078,64,67,-3,3
56079,84,85,-1,1
56080,147,125,22,22
56081,121,107,14,14
56082,158,150,8,8
56083,105,95,10,10
56084,99,102,-3,3
56085,108,109,-1,1
56086,159,148,11,11
56087,87,87,0,0
56088,128,133,-5,5
56089,58,70,-12,12
56090,110,108,2,2
56091,187,169,18,18
56092,87,89,-2,2
56093,143,141,2,2
56094,84,80,4,4
56095,132,132,0,0
56096,74,77,-3,3
56097,109,107,2,2
56098,86,104,-18,18
56099,111,105,6,6
56100,49,51,-2,2
56101,73,76,-3,3
56102,125,129,-4,4
56103,75,75,0,0
56104,78,80,-2,2
56105,99,97,2,2
56106,103,110,-7,7
56107,106,99,7,7
56108,57,60,-3,3
56109,139,130,9,9
56110,90,85,5,5
56111,67,69,-2,2
56112,60,68,-8,8
56113,46,49,-3,3
56114,56,67,-11,11
56115,135,122,13,13
56116,52,60,-8,8
56117,102,95,7,7
56118,79,81,-2,2
56119,75,78,-3,3
56120,118,115,3,3
56121,107,108,-1,1
56122,24,28,-4,4
56123,102,95,7,7
56124,78,82,-4,4
56125,94,84,10,10
56126,109,93,16,16
56127,139,132,7,7
56128,105,107,-2,2
56129,155,143,12,12
56130,53,58,-5,5
56131,82,92,-10,10
56132,159,158,1,1
56133,105,101,4,4
56134,102,102,0,0
56135,78,80,-2,2
56136,67,71,-4,4
56137,149,141,8,8
56138,84,90,-6,6
56139,87,95,-8,8
56140,132,136,-4,4
56141,83,80,3,3
56142,75,76,-1,1
56143,99,95,4,4
56144,77,88,-11,11
56145,97,91,6,6
56146,132,105,27,27
56147,105,110,-5,5
56148,105,91,14,14
56149,59,61,-2,2
56150,69,71,-2,2
56151,120,113,7,7
56152,59,65,-6,6
56153,105,96,9,9
56154,81,84,-3,3
56155,156,150,6,6
56156,62,71,-9,9
56157,63,69,-6,6
56158,156,136,20,20
56159,48,129,-81,81
56160,81,83,-2,2
56161,78,80,-2,2
56162,72,71,1,1
56163,110,106,4,4
56164,76,85,-9,9
56165,82,83,-1,1
56166,76,78,-2,2
56167,106,101,5,5
56168,109,115,-6,6
56169,96,89,7,7
56170,129,131,-2,2
56171,71,73,-2,2
56172,124,133,-9,9
56173,107,106,1,1
56174,97,94,3,3
56175,113,105,8,8
56176,152,139,13,13
56177,91,105,-14,14
56178,78,77,1,1
56179,158,140,18,18
56180,117,110,7,7
56181,97,98,-1,1
56182,83,81,2,2
56183,132,125,7,7
56184,79,83,-4,4
56185,101,105,-4,4
56186,135,122,13,13
56187,96,75,21,21
56188,82,77,5,5
56189,70,79,-9,9
56190,110,105,5,5
56191,141,124,17,17
56192,61,62,-1,1
56193,97,90,7,7
56194,119,96,23,23
56195,67,73,-6,6
56196,92,104,-12,12
56197,84,75,9,9
56198,65,73,-8,8
56199,84,89,-5,5
56200,124,112,12,12
56201,135,129,6,6
56202,146,129,17,17
56203,109,110,-1,1
56204,145,142,3,3
56205,89,84,5,5
56206,136,128,8,8
56207,85,83,2,2
56208,55,65,-10,10
56209,92,99,-7,7
56210,61,68,-7,7
56211,132,120,12,12
56212,65,72,-7,7
56213,112,113,-1,1
56214,107,102,5,5
56215,48,50,-2,2
56216,55,61,-6,6
56217,109,103,6,6
56218,136,126,10,10
56219,94,99,-5,5
56220,45,51,-6,6
56221,139,127,12,12
56222,72,79,-7,7
56223,156,129,27,27
56224,58,69,-11,11
56225,96,86,10,10
56226,83,84,-1,1
56227,94,90,4,4
56228,29,29,0,0
56229,124,116,8,8
56230,71,77,-6,6
56231,146,127,19,19
56232,97,89,8,8
56233,104,103,1,1
56234,32,44,-12,12
56235,140,128,12,12
56236,57,61,-4,4
56237,112,109,3,3
56238,70,78,-8,8
56239,92,85,7,7
56240,57,68,-11,11
56241,107,112,-5,5
56242,76,79,-3,3
56243,81,83,-2,2
56244,115,121,-6,6
56245,22,69,-47,47
56246,96,98,-2,2
56247,84,91,-7,7
56248,103,103,0,0
56249,126,109,17,17
56250,76,77,-1,1
56251,159,138,21,21
56252,74,71,3,3
56253,87,81,6,6
56254,46,61,-15,15
56255,33,39,-6,6
56256,76,72,4,4
56257,98,92,6,6
56258,73,72,1,1
56259,105,100,5,5
56260,51,63,-12,12
56261,94,81,13,13
56262,54,77,-23,23
56263,86,90,-4,4
56264,60,71,-11,11
56265,144,132,12,12
56266,74,68,6,6
56267,90,90,0,0
56268,100,103,-3,3
56269,107,113,-6,6
56270,129,109,20,20
56271,133,119,14,14
56272,70,80,-10,10
56273,101,94,7,7
56274,60,70,-10,10
56275,200,170,30,30
56276,64,65,-1,1
56277,143,131,12,12
56278,90,88,2,2
56279,72,71,1,1
56280,85,89,-4,4
56281,136,131,5,5
56282,94,103,-9,9
56283,135,117,18,18
56284,102,97,5,5
56285,71,83,-12,12
56286,74,77,-3,3
56287,122,124,-2,2
56288,86,85,1,1
56289,40,49,-9,9
56290,109,113,-4,4
56291,113,113,0,0
56292,110,105,5,5
56293,68,62,6,6
56294,130,126,4,4
56295,89,93,-4,4
56296,106,107,-1,1
56297,98,100,-2,2
56298,71,61,10,10
56299,128,124,4,4
56300,158,136,22,22
56301,82,82,0,0
56302,42,49,-7,7
56303,67,72,-5,5
56304,107,114,-7,7
56305,77,79,-2,2
56306,113,113,0,0
56307,73,75,-2,2
56308,189,174,15,15
56309,101,100,1,1
56310,117,124,-7,7
56311,113,110,3,3
56312,81,80,1,1
56313,113,107,6,6
56314,108,106,2,2
56315,133,138,-5,5
56316,117,112,5,5
56317,119,114,5,5
56318,72,72,0,0
56319,72,87,-15,15
56320,105,107,-2,2
56321,70,72,-2,2
56322,66,66,0,0
56323,152,132,20,20
56324,89,86,3,3
56325,20,30,-10,10
56326,72,78,-6,6
56327,89,85,4,4
56328,83,90,-7,7
56329,121,130,-9,9
56330,119,109,10,10
56331,101,97,4,4
56332,84,85,-1,1
56333,78,87,-9,9
56334,166,147,19,19
56335,117,111,6,6
56336,141,138,3,3
56337,123,118,5,5
56338,162,152,10,10
56339,50,59,-9,9
56340,60,58,2,2
56341,86,90,-4,4
56342,70,78,-8,8
56343,129,128,1,1
56344,65,73,-8,8
56345,75,86,-11,11
56346,91,75,16,16
56347,55,62,-7,7
56348,82,85,-3,3
56349,102,104,-2,2
56350,74,76,-2,2
56351,84,84,0,0
56352,128,117,11,11
56353,91,93,-2,2
56354,120,113,7,7
56355,85,89,-4,4
56356,108,116,-8,8
56357,72,74,-2,2
56358,90,84,6,6
56359,85,91,-6,6
56360,112,107,5,5
56361,148,147,1,1
56362,105,108,-3,3
56363,44,45,-1,1
56364,42,59,-17,17
56365,103,90,13,13
56366,93,83,10,10
56367,63,66,-3,3
56368,169,168,1,1
56369,65,70,-5,5
56370,74,80,-6,6
56371,99,102,-3,3
56372,129,127,2,2
56373,93,92,1,1
56374,139,129,10,10
56375,64,109,-45,45
56376,93,89,4,4
56377,53,76,-23,23
56378,110,105,5,5
56379,97,94,3,3
56380,170,152,18,18
56381,56,72,-16,16
56382,172,161,11,11
56383,71,74,-3,3
56384,161,143,18,18
56385,130,132,-2,2
56386,101,104,-3,3
56387,107,105,2,2
56388,101,101,0,0
56389,64,72,-8,8
56390,75,77,-2,2
56391,128,128,0,0
56392,80,79,1,1
56393,129,125,4,4
56394,54,65,-11,11
56395,71,79,-8,8
56396,55,53,2,2
56397,91,90,1,1
56398,119,110,9,9
56399,94,93,1,1
56400,158,139,19,19
56401,60,67,-7,7
56402,158,152,6,6
56403,56,57,-1,1
56404,121,119,2,2
56405,79,75,4,4
56406,120,110,10,10
56407,64,74,-10,10
56408,62,83,-21,21
56409,80,79,1,1
56410,135,125,10,10
56411,102,120,-18,18
56412,115,107,8,8
56413,142,141,1,1
56414,115,126,-11,11
56415,119,123,-4,4
56416,138,131,7,7
56417,97,91,6,6
56418,80,79,1,1
56419,97,97,0,0
56420,111,111,0,0
56421,91,91,0,0
56422,95,101,-6,6
56423,91,94,-3,3
56424,101,88,13,13
56425,130,125,5,5
56426,89,90,-1,1
56427,86,94,-8,8
56428,178,156,22,22
56429,168,153,15,15
56430,63,65,-2,2
56431,69,68,1,1
56432,186,159,27,27
56433,143,130,13,13
56434,76,69,7,7
56435,87,93,-6,6
56436,46,57,-11,11
56437,81,86,-5,5
56438,43,50,-7,7
56439,125,119,6,6
56440,190,172,18,18
56441,112,96,16,16
56442,161,148,13,13
56443,119,107,12,12
56444,98,100,-2,2
56445,122,113,9,9
56446,94,91,3,3
56447,68,77,-9,9
56448,103,90,13,13
56449,126,105,21,21
56450,75,77,-2,2
56451,123,109,14,14
56452,81,81,0,0
56453,144,147,-3,3
56454,53,52,1,1
56455,164,144,20,20
56456,60,69,-9,9
56457,117,111,6,6
56458,121,118,3,3
56459,90,95,-5,5
56460,86,85,1,1
56461,63,69,-6,6
56462,147,131,16,16
56463,103,99,4,4
56464,68,73,-5,5
56465,91,86,5,5
56466,81,75,6,6
56467,71,73,-2,2
56468,63,67,-4,4
56469,123,121,2,2
56470,105,103,2,2
56471,81,86,-5,5
56472,112,114,-2,2
56473,78,78,0,0
56474,85,87,-2,2
56475,118,117,1,1
56476,65,66,-1,1
56477,127,129,-2,2
56478,83,85,-2,2
56479,91,85,6,6
56480,62,70,-8,8
56481,75,78,-3,3
56482,88,94,-6,6
56483,163,149,14,14
56484,48,66,-18,18
56485,93,102,-9,9
56486,85,87,-2,2
56487,142,136,6,6
56488,93,99,-6,6
56489,73,73,0,0
56490,65,71,-6,6
56491,83,80,3,3
56492,77,79,-2,2
56493,113,107,6,6
56494,121,114,7,7
56495,71,75,-4,4
56496,64,67,-3,3
56497,70,81,-11,11
56498,155,144,11,11
56499,59,62,-3,3
56500,80,78,2,2
56501,80,86,-6,6
56502,59,67,-8,8
56503,83,77,6,6
56504,68,67,1,1
56505,77,86,-9,9
56506,121,108,13,13
56507,63,78,-15,15
56508,82,83,-1,1
56509,145,137,8,8
56510,63,72,-9,9
56511,124,123,1,1
56512,83,95,-12,12
56513,175,164,11,11
56514,185,173,12,12
56515,65,69,-4,4
56516,61,63,-2,2
56517,76,77,-1,1
56518,75,82,-7,7
56519,74,89,-15,15
56520,136,118,18,18
56521,47,50,-3,3
56522,66,59,7,7
56523,131,121,10,10
56524,123,106,17,17
56525,118,112,6,6
56526,58,62,-4,4
56527,89,86,3,3
56528,156,139,17,17
56529,55,64,-9,9
56530,115,105,10,10
56531,111,107,4,4
56532,116,125,-9,9
56533,62,74,-12,12
56534,108,98,10,10
56535,120,123,-3,3
56536,112,112,0,0
56537,56,69,-13,13
56538,142,139,3,3
56539,91,85,6,6
56540,86,85,1,1
56541,121,117,4,4
56542,80,78,2,2
56543,103,105,-2,2
56544,76,82,-6,6
56545,100,119,-19,19
56546,94,89,5,5
56547,117,123,-6,6
56548,84,85,-1,1
56549,87,93,-6,6
56550,127,114,13,13
56551,90,107,-17,17
56552,96,89,7,7
56553,56,62,-6,6
56554,74,76,-2,2
56555,98,93,5,5
56556,107,113,-6,6
56557,125,108,17,17
56558,66,66,0,0
56559,91,99,-8,8
56560,154,156,-2,2
56561,151,129,22,22
56562,77,80,-3,3
56563,60,68,-8,8
56564,72,80,-8,8
56565,132,117,15,15
56566,74,74,0,0
56567,63,69,-6,6
56568,129,126,3,3
56569,169,159,10,10
56570,88,101,-13,13
56571,129,123,6,6
56572,140,128,12,12
56573,80,90,-10,10
56574,94,99,-5,5
56575,49,63,-14,14
56576,145,140,5,5
56577,97,98,-1,1
56578,94,97,-3,3
56579,83,82,1,1
56580,135,127,8,8
56581,103,100,3,3
56582,40,50,-10,10
56583,119,137,-18,18
56584,60,67,-7,7
56585,44,48,-4,4
56586,104,105,-1,1
56587,49,54,-5,5
56588,70,93,-23,23
56589,59,67,-8,8
56590,114,120,-6,6
56591,65,65,0,0
56592,60,69,-9,9
56593,121,128,-7,7
56594,115,109,6,6
56595,75,74,1,1
56596,74,73,1,1
56597,103,98,5,5
56598,59,62,-3,3
56599,125,128,-3,3
56600,94,90,4,4
56601,73,76,-3,3
56602,54,56,-2,2
56603,58,61,-3,3
56604,174,162,12,12
56605,46,52,-6,6
56606,79,82,-3,3
56607,108,100,8,8
56608,50,63,-13,13
56609,120,107,13,13
56610,159,144,15,15
56611,171,167,4,4
56612,81,88,-7,7
56613,85,87,-2,2
56614,118,134,-16,16
56615,73,79,-6,6
56616,114,107,7,7
56617,77,74,3,3
56618,150,127,23,23
56619,72,80,-8,8
56620,64,88,-24,24
56621,85,99,-14,14
56622,112,110,2,2
56623,57,64,-7,7
56624,101,99,2,2
56625,83,87,-4,4
56626,74,75,-1,1
56627,142,131,11,11
56628,111,102,9,9
56629,135,115,20,20
56630,64,71,-7,7
56631,75,71,4,4
56632,188,179,9,9
56633,63,83,-20,20
56634,124,111,13,13
56635,42,55,-13,13
56636,136,119,17,17
56637,50,57,-7,7
56638,87,92,-5,5
56639,140,127,13,13
56640,94,94,0,0
56641,94,93,1,1
56642,61,75,-14,14
56643,86,87,-1,1
56644,126,111,15,15
56645,63,68,-5,5
56646,82,79,3,3
56647,140,140,0,0
56648,134,118,16,16
56649,79,83,-4,4
56650,126,133,-7,7
56651,101,104,-3,3
56652,103,102,1,1
56653,70,71,-1,1
56654,85,80,5,5
56655,84,89,-5,5
56656,58,66,-8,8
56657,139,124,15,15
56658,67,80,-13,13
56659,101,104,-3,3
56660,83,87,-4,4
56661,66,64,2,2
56662,59,65,-6,6
56663,77,83,-6,6
56664,53,64,-11,11
56665,130,123,7,7
56666,59,68,-9,9
56667,94,85,9,9
56668,120,113,7,7
56669,108,102,6,6
56670,95,90,5,5
56671,67,70,-3,3
56672,103,98,5,5
56673,68,70,-2,2
56674,82,80,2,2
56675,111,112,-1,1
56676,78,79,-1,1
56677,59,70,-11,11
56678,72,79,-7,7
56679,101,97,4,4
56680,77,86,-9,9
56681,65,68,-3,3
56682,64,76,-12,12
56683,57,68,-11,11
56684,95,97,-2,2
56685,68,71,-3,3
56686,137,126,11,11
56687,65,74,-9,9
56688,82,83,-1,1
56689,73,80,-7,7
56690,96,107,-11,11
56691,110,108,2,2
56692,139,130,9,9
56693,87,76,11,11
56694,113,101,12,12
56695,40,38,2,2
56696,81,83,-2,2
56697,51,66,-15,15
56698,173,151,22,22
56699,72,85,-13,13
56700,107,104,3,3
56701,112,114,-2,2
56702,125,113,12,12
56703,56,63,-7,7
56704,141,125,16,16
56705,150,136,14,14
56706,136,133,3,3
56707,127,117,10,10
56708,132,134,-2,2
56709,96,90,6,6
56710,35,53,-18,18
56711,86,87,-1,1
56712,108,97,11,11
56713,149,135,14,14
56714,103,105,-2,2
56715,144,147,-3,3
56716,135,119,16,16
56717,112,104,8,8
56718,86,97,-11,11
56719,54,56,-2,2
56720,78,76,2,2
56721,72,76,-4,4
56722,87,92,-5,5
56723,79,96,-17,17
56724,109,122,-13,13
56725,120,106,14,14
56726,173,151,22,22
56727,57,69,-12,12
56728,40,45,-5,5
56729,82,87,-5,5
56730,70,79,-9,9
56731,86,87,-1,1
56732,98,99,-1,1
56733,134,138,-4,4
56734,45,50,-5,5
56735,129,116,13,13
56736,68,78,-10,10
56737,91,87,4,4
56738,113,107,6,6
56739,52,65,-13,13
56740,94,92,2,2
56741,94,103,-9,9
56742,113,111,2,2
56743,128,114,14,14
56744,99,106,-7,7
56745,105,101,4,4
56746,86,104,-18,18
56747,148,136,12,12
56748,138,119,19,19
56749,99,88,11,11
56750,94,95,-1,1
56751,73,77,-4,4
56752,153,134,19,19
56753,95,97,-2,2
56754,118,121,-3,3
56755,129,121,8,8
56756,50,71,-21,21
56757,123,110,13,13
56758,142,132,10,10
56759,123,119,4,4
56760,148,141,7,7
56761,107,101,6,6
56762,98,103,-5,5
56763,112,109,3,3
56764,137,124,13,13
56765,106,104,2,2
56766,97,89,8,8
56767,96,100,-4,4
56768,245,182,63,63
56769,115,108,7,7
56770,81,80,1,1
56771,130,111,19,19
56772,86,80,6,6
56773,128,119,9,9
56774,73,73,0,0
56775,110,103,7,7
56776,130,120,10,10
56777,97,97,0,0
56778,80,83,-3,3
56779,91,89,2,2
56780,88,83,5,5
56781,105,105,0,0
56782,75,57,18,18
56783,93,103,-10,10
56784,115,109,6,6
56785,133,124,9,9
56786,142,118,24,24
56787,62,75,-13,13
56788,78,81,-3,3
56789,91,88,3,3
56790,102,97,5,5
56791,109,107,2,2
56792,102,96,6,6
56793,90,82,8,8
56794,135,117,18,18
56795,31,58,-27,27
56796,143,132,11,11
56797,123,114,9,9
56798,102,97,5,5
56799,59,65,-6,6
56800,83,87,-4,4
56801,99,91,8,8
56802,50,69,-19,19
56803,168,143,25,25
56804,80,85,-5,5
56805,104,113,-9,9
56806,117,109,8,8
56807,113,115,-2,2
56808,73,96,-23,23
56809,72,78,-6,6
56810,144,119,25,25
56811,131,127,4,4
56812,107,120,-13,13
56813,85,90,-5,5
56814,58,69,-11,11
56815,67,71,-4,4
56816,62,67,-5,5
56817,63,63,0,0
56818,148,145,3,3
56819,139,124,15,15
56820,82,90,-8,8
56821,133,126,7,7
56822,70,76,-6,6
56823,99,101,-2,2
56824,115,109,6,6
56825,121,117,4,4
56826,107,112,-5,5
56827,113,103,10,10
56828,61,73,-12,12
56829,80,76,4,4
56830,78,77,1,1
56831,68,70,-2,2
56832,122,125,-3,3
56833,109,100,9,9
56834,71,68,3,3
56835,60,71,-11,11
56836,125,117,8,8
56837,68,75,-7,7
56838,114,111,3,3
56839,93,84,9,9
56840,75,82,-7,7
56841,99,99,0,0
56842,133,124,9,9
56843,78,85,-7,7
56844,45,47,-2,2
56845,87,79,8,8
56846,72,81,-9,9
56847,129,121,8,8
56848,93,89,4,4
56849,95,96,-1,1
56850,119,119,0,0
56851,96,86,10,10
56852,45,51,-6,6
56853,151,135,16,16
56854,75,75,0,0
56855,84,87,-3,3
56856,75,77,-2,2
56857,97,134,-37,37
56858,79,83,-4,4
56859,132,125,7,7
56860,108,101,7,7
56861,115,107,8,8
56862,89,100,-11,11
56863,84,87,-3,3
56864,132,125,7,7
56865,94,89,5,5
56866,182,174,8,8
56867,170,148,22,22
56868,93,92,1,1
56869,70,78,-8,8
56870,38,48,-10,10
56871,102,107,-5,5
56872,139,125,14,14
56873,97,103,-6,6
56874,87,86,1,1
56875,86,82,4,4
56876,76,88,-12,12
56877,91,101,-10,10
56878,81,83,-2,2
56879,86,77,9,9
56880,90,85,5,5
56881,73,79,-6,6
56882,122,119,3,3
56883,81,80,1,1
56884,182,162,20,20
56885,73,80,-7,7
56886,108,102,6,6
56887,70,70,0,0
56888,170,151,19,19
56889,98,98,0,0
56890,83,89,-6,6
56891,89,93,-4,4
56892,79,86,-7,7
56893,77,84,-7,7
56894,82,89,-7,7
56895,79,81,-2,2
56896,165,143,22,22
56897,57,71,-14,14
56898,94,104,-10,10
56899,101,93,8,8
56900,170,168,2,2
56901,68,78,-10,10
56902,121,114,7,7
56903,137,124,13,13
56904,72,72,0,0
56905,109,106,3,3
56906,81,79,2,2
56907,71,76,-5,5
56908,135,132,3,3
56909,105,100,5,5
56910,101,96,5,5
56911,71,81,-10,10
56912,93,95,-2,2
56913,75,79,-4,4
56914,68,130,-62,62
56915,107,105,2,2
56916,76,76,0,0
56917,127,119,8,8
56918,117,119,-2,2
56919,123,106,17,17
56920,158,153,5,5
56921,96,93,3,3
56922,44,50,-6,6
56923,100,98,2,2
56924,69,76,-7,7
56925,77,87,-10,10
56926,66,77,-11,11
56927,71,71,0,0
56928,117,113,4,4
56929,103,107,-4,4
56930,99,91,8,8
56931,131,126,5,5
56932,50,48,2,2
56933,39,42,-3,3
56934,74,76,-2,2
56935,51,61,-10,10
56936,91,95,-4,4
56937,104,110,-6,6
56938,76,80,-4,4
56939,126,120,6,6
56940,79,84,-5,5
56941,88,90,-2,2
56942,103,104,-1,1
56943,156,138,18,18
56944,153,144,9,9
56945,82,81,1,1
56946,69,75,-6,6
56947,85,92,-7,7
56948,90,102,-12,12
56949,118,107,11,11
56950,113,112,1,1
56951,63,73,-10,10
56952,39,53,-14,14
56953,125,118,7,7
56954,111,124,-13,13
56955,85,87,-2,2
56956,69,79,-10,10
56957,164,151,13,13
56958,115,115,0,0
56959,100,117,-17,17
56960,97,94,3,3
56961,76,88,-12,12
56962,109,118,-9,9
56963,122,113,9,9
56964,75,79,-4,4
56965,94,92,2,2
56966,73,72,1,1
56967,138,125,13,13
56968,109,92,17,17
56969,84,92,-8,8
56970,65,65,0,0
56971,97,94,3,3
56972,150,138,12,12
56973,158,147,11,11
56974,74,77,-3,3
56975,64,73,-9,9
56976,102,104,-2,2
56977,83,94,-11,11
56978,181,155,26,26
56979,149,132,17,17
56980,67,68,-1,1
56981,108,110,-2,2
56982,126,120,6,6
56983,129,120,9,9
56984,123,115,8,8
56985,88,85,3,3
56986,79,86,-7,7
56987,122,105,17,17
56988,88,82,6,6
56989,129,130,-1,1
56990,82,82,0,0
56991,72,77,-5,5
56992,116,105,11,11
56993,93,103,-10,10
56994,82,81,1,1
56995,153,147,6,6
56996,169,147,22,22
56997,79,94,-15,15
56998,92,90,2,2
56999,123,114,9,9
57000,75,94,-19,19
57001,162,160,2,2
57002,79,85,-6,6
57003,90,86,4,4
57004,74,86,-12,12
57005,130,124,6,6
57006,128,114,14,14
57007,75,87,-12,12
57008,86,86,0,0
57009,111,110,1,1
57010,100,96,4,4
57011,57,68,-11,11
57012,126,120,6,6
57013,61,70,-9,9
57014,79,86,-7,7
57015,80,72,8,8
57016,49,63,-14,14
57017,83,86,-3,3
57018,65,70,-5,5
57019,76,80,-4,4
57020,99,97,2,2
57021,152,133,19,19
57022,74,77,-3,3
57023,90,95,-5,5
57024,116,121,-5,5
57025,150,135,15,15
57026,98,110,-12,12
57027,136,122,14,14
57028,109,107,2,2
57029,131,144,-13,13
57030,44,55,-11,11
57031,52,57,-5,5
57032,73,74,-1,1
57033,160,120,40,40
57034,104,102,2,2
57035,71,71,0,0
57036,52,58,-6,6
57037,69,70,-1,1
57038,120,109,11,11
57039,51,49,2,2
57040,65,76,-11,11
57041,93,88,5,5
57042,62,80,-18,18
57043,108,104,4,4
57044,86,92,-6,6
57045,65,76,-11,11
57046,151,146,5,5
57047,82,93,-11,11
57048,54,60,-6,6
57049,57,67,-10,10
57050,87,85,2,2
57051,75,84,-9,9
57052,76,81,-5,5
57053,144,136,8,8
57054,82,85,-3,3
57055,70,71,-1,1
57056,65,72,-7,7
57057,130,127,3,3
57058,179,175,4,4
57059,143,140,3,3
57060,128,121,7,7
57061,59,65,-6,6
57062,141,128,13,13
57063,91,87,4,4
57064,117,110,7,7
57065,103,99,4,4
57066,102,103,-1,1
57067,150,117,33,33
57068,91,87,4,4
57069,82,90,-8,8
57070,72,70,2,2
57071,146,128,18,18
57072,51,58,-7,7
57073,119,120,-1,1
57074,94,98,-4,4
57075,113,102,11,11
57076,115,110,5,5
57077,50,59,-9,9
57078,72,88,-16,16
57079,127,118,9,9
57080,67,85,-18,18
57081,76,80,-4,4
57082,96,106,-10,10
57083,137,144,-7,7
57084,189,173,16,16
57085,83,86,-3,3
57086,90,91,-1,1
57087,85,85,0,0
57088,99,94,5,5
57089,88,90,-2,2
57090,163,158,5,5
57091,78,84,-6,6
57092,63,67,-4,4
57093,87,92,-5,5
57094,81,88,-7,7
57095,117,127,-10,10
57096,86,81,5,5
57097,97,98,-1,1
57098,120,114,6,6
57099,61,63,-2,2
57100,109,111,-2,2
57101,82,83,-1,1
57102,98,88,10,10
57103,100,92,8,8
57104,114,104,10,10
57105,61,68,-7,7
57106,88,94,-6,6
57107,75,80,-5,5
57108,96,96,0,0
57109,125,128,-3,3
57110,216,189,27,27
57111,91,88,3,3
57112,149,162,-13,13
57113,104,95,9,9
57114,69,75,-6,6
57115,65,68,-3,3
57116,116,102,14,14
57117,66,68,-2,2
57118,53,58,-5,5
57119,61,72,-11,11
57120,106,107,-1,1
57121,118,106,12,12
57122,145,137,8,8
57123,90,87,3,3
57124,76,77,-1,1
57125,48,60,-12,12
57126,38,44,-6,6
57127,65,71,-6,6
57128,98,90,8,8
57129,48,61,-13,13
57130,93,96,-3,3
57131,117,118,-1,1
57132,66,74,-8,8
57133,110,96,14,14
57134,121,114,7,7
57135,95,92,3,3
57136,81,80,1,1
57137,48,60,-12,12
57138,80,87,-7,7
57139,136,142,-6,6
57140,55,58,-3,3
57141,110,101,9,9
57142,104,115,-11,11
57143,89,83,6,6
57144,90,105,-15,15
57145,111,108,3,3
57146,85,93,-8,8
57147,113,109,4,4
57148,100,102,-2,2
57149,147,134,13,13
57150,86,94,-8,8
57151,76,83,-7,7
57152,164,138,26,26
57153,130,117,13,13
57154,99,90,9,9
57155,40,49,-9,9
57156,175,170,5,5
57157,148,146,2,2
57158,106,107,-1,1
57159,152,145,7,7
57160,91,95,-4,4
57161,98,95,3,3
57162,51,66,-15,15
57163,88,89,-1,1
57164,89,87,2,2
57165,63,64,-1,1
57166,84,85,-1,1
57167,75,73,2,2
57168,117,106,11,11
57169,111,112,-1,1
57170,134,143,-9,9
57171,81,88,-7,7
57172,101,106,-5,5
57173,61,63,-2,2
57174,116,111,5,5
57175,77,83,-6,6
57176,121,115,6,6
57177,101,96,5,5
57178,22,26,-4,4
57179,89,89,0,0
57180,134,129,5,5
57181,132,133,-1,1
57182,48,57,-9,9
57183,102,96,6,6
57184,90,87,3,3
57185,89,89,0,0
57186,109,109,0,0
57187,164,145,19,19
57188,93,99,-6,6
57189,93,97,-4,4
57190,63,78,-15,15
57191,99,101,-2,2
57192,72,76,-4,4
57193,85,86,-1,1
57194,76,83,-7,7
57195,85,85,0,0
57196,125,92,33,33
57197,63,69,-6,6
57198,47,62,-15,15
57199,123,122,1,1
57200,88,99,-11,11
57201,75,75,0,0
57202,78,80,-2,2
57203,73,66,7,7
57204,113,124,-11,11
57205,88,85,3,3
57206,91,81,10,10
57207,99,91,8,8
57208,92,100,-8,8
57209,102,106,-4,4
57210,84,87,-3,3
57211,153,142,11,11
57212,117,121,-4,4
57213,61,63,-2,2
57214,81,79,2,2
57215,148,138,10,10
57216,88,77,11,11
57217,109,103,6,6
57218,124,116,8,8
57219,44,60,-16,16
57220,75,80,-5,5
57221,107,108,-1,1
57222,74,80,-6,6
57223,75,72,3,3
57224,97,87,10,10
57225,95,90,5,5
57226,72,70,2,2
57227,71,72,-1,1
57228,100,97,3,3
57229,110,101,9,9
57230,67,64,3,3
57231,59,61,-2,2
57232,162,145,17,17
57233,97,102,-5,5
57234,66,78,-12,12
57235,87,84,3,3
57236,142,127,15,15
57237,77,80,-3,3
57238,61,60,1,1
57239,61,113,-52,52
57240,131,117,14,14
57241,84,85,-1,1
57242,77,83,-6,6
57243,60,63,-3,3
57244,77,83,-6,6
57245,47,58,-11,11
57246,71,81,-10,10
57247,118,120,-2,2
57248,105,113,-8,8
57249,137,129,8,8
57250,48,71,-23,23
57251,81,83,-2,2
57252,105,90,15,15
57253,107,105,2,2
57254,149,138,11,11
57255,88,83,5,5
57256,104,100,4,4
57257,130,111,19,19
57258,118,115,3,3
57259,50,71,-21,21
57260,113,105,8,8
57261,48,55,-7,7
57262,105,106,-1,1
57263,63,76,-13,13
57264,63,70,-7,7
57265,65,76,-11,11
57266,105,104,1,1
57267,38,47,-9,9
57268,57,61,-4,4
57269,94,90,4,4
57270,87,80,7,7
57271,68,75,-7,7
57272,66,80,-14,14
57273,87,89,-2,2
57274,121,111,10,10
57275,104,95,9,9
57276,124,122,2,2
57277,158,136,22,22
57278,30,36,-6,6
57279,101,117,-16,16
57280,86,78,8,8
57281,93,92,1,1
57282,123,131,-8,8
57283,102,88,14,14
57284,142,148,-6,6
57285,61,79,-18,18
57286,75,84,-9,9
57287,125,128,-3,3
57288,95,94,1,1
57289,171,156,15,15
57290,96,124,-28,28
57291,123,118,5,5
57292,106,113,-7,7
57293,62,67,-5,5
57294,87,87,0,0
57295,57,64,-7,7
57296,56,54,2,2
57297,124,116,8,8
57298,81,81,0,0
57299,109,96,13,13
57300,165,163,2,2
57301,171,167,4,4
57302,104,101,3,3
57303,59,69,-10,10
57304,40,52,-12,12
57305,74,89,-15,15
57306,127,122,5,5
57307,73,87,-14,14
57308,130,118,12,12
57309,47,63,-16,16
57310,59,63,-4,4
57311,156,133,23,23
57312,101,94,7,7
57313,89,82,7,7
57314,95,93,2,2
57315,60,77,-17,17
57316,91,95,-4,4
57317,74,75,-1,1
57318,160,145,15,15
57319,114,104,10,10
57320,148,135,13,13
57321,80,77,3,3
57322,24,27,-3,3
57323,52,60,-8,8
57324,259,216,43,43
57325,44,54,-10,10
57326,149,136,13,13
57327,57,67,-10,10
57328,126,126,0,0
57329,142,128,14,14
57330,111,112,-1,1
57331,167,151,16,16
57332,76,77,-1,1
57333,69,70,-1,1
57334,110,113,-3,3
57335,92,108,-16,16
57336,99,86,13,13
57337,95,95,0,0
57338,114,106,8,8
57339,91,96,-5,5
57340,104,100,4,4
57341,84,87,-3,3
57342,164,143,21,21
57343,44,56,-12,12
57344,75,73,2,2
57345,95,93,2,2
57346,27,45,-18,18
57347,81,82,-1,1
57348,72,79,-7,7
57349,100,90,10,10
57350,131,114,17,17
57351,61,71,-10,10
57352,89,87,2,2
57353,65,74,-9,9
57354,53,68,-15,15
57355,103,111,-8,8
57356,129,123,6,6
57357,114,102,12,12
57358,102,101,1,1
57359,87,94,-7,7
57360,77,73,4,4
57361,72,77,-5,5
57362,71,81,-10,10
57363,67,66,1,1
57364,116,114,2,2
57365,102,95,7,7
57366,83,81,2,2
57367,55,59,-4,4
57368,71,86,-15,15
57369,84,82,2,2
57370,98,95,3,3
57371,101,89,12,12
57372,82,77,5,5
57373,117,118,-1,1
57374,126,128,-2,2
57375,66,74,-8,8
57376,81,90,-9,9
57377,189,182,7,7
57378,90,80,10,10
57379,86,86,0,0
57380,107,104,3,3
57381,117,133,-16,16
57382,54,63,-9,9
57383,81,88,-7,7
57384,85,82,3,3
57385,88,94,-6,6
57386,57,65,-8,8
57387,103,102,1,1
57388,103,101,2,2
57389,95,85,10,10
57390,107,104,3,3
57391,91,91,0,0
57392,111,124,-13,13
57393,200,173,27,27
57394,83,91,-8,8
57395,86,85,1,1
57396,80,86,-6,6
57397,109,113,-4,4
57398,69,68,1,1
57399,78,78,0,0
57400,70,80,-10,10
57401,77,79,-2,2
57402,69,71,-2,2
57403,96,87,9,9
57404,121,137,-16,16
57405,90,95,-5,5
57406,152,138,14,14
57407,91,85,6,6
57408,89,89,0,0
57409,104,98,6,6
57410,88,77,11,11
57411,113,109,4,4
57412,81,91,-10,10
57413,92,86,6,6
57414,112,103,9,9
57415,113,114,-1,1
57416,119,107,12,12
57417,68,71,-3,3
57418,183,152,31,31
57419,154,137,17,17
57420,115,115,0,0
57421,173,181,-8,8
57422,108,100,8,8
57423,124,128,-4,4
57424,71,71,0,0
57425,84,82,2,2
57426,80,87,-7,7
57427,90,100,-10,10
57428,74,75,-1,1
57429,89,78,11,11
57430,81,90,-9,9
57431,100,90,10,10
57432,136,132,4,4
57433,55,58,-3,3
57434,105,105,0,0
57435,77,76,1,1
57436,192,178,14,14
57437,99,92,7,7
57438,90,88,2,2
57439,134,120,14,14
57440,113,105,8,8
57441,90,86,4,4
57442,150,132,18,18
57443,52,59,-7,7
57444,102,98,4,4
57445,55,58,-3,3
57446,110,108,2,2
57447,57,64,-7,7
57448,57,63,-6,6
57449,97,90,7,7
57450,117,119,-2,2
57451,83,86,-3,3
57452,121,112,9,9
57453,58,68,-10,10
57454,101,101,0,0
57455,63,70,-7,7
57456,105,102,3,3
57457,94,92,2,2
57458,138,131,7,7
57459,62,63,-1,1
57460,113,116,-3,3
57461,50,62,-12,12
57462,90,93,-3,3
57463,135,132,3,3
57464,68,66,2,2
57465,94,95,-1,1
57466,63,66,-3,3
57467,179,155,24,24
57468,78,77,1,1
57469,197,164,33,33
57470,124,118,6,6
57471,115,121,-6,6
57472,105,99,6,6
57473,135,131,4,4
57474,59,63,-4,4
57475,75,89,-14,14
57476,131,125,6,6
57477,125,124,1,1
57478,82,93,-11,11
57479,193,171,22,22
57480,23,27,-4,4
57481,67,69,-2,2
57482,204,180,24,24
57483,78,84,-6,6
57484,95,98,-3,3
57485,143,138,5,5
57486,69,74,-5,5
57487,78,77,1,1
57488,185,169,16,16
57489,60,68,-8,8
57490,93,87,6,6
57491,49,55,-6,6
57492,151,129,22,22
57493,93,89,4,4
57494,109,102,7,7
57495,58,64,-6,6
57496,132,112,20,20
57497,85,79,6,6
57498,118,100,18,18
57499,69,77,-8,8
57500,76,81,-5,5
57501,68,78,-10,10
57502,68,73,-5,5
57503,103,113,-10,10
57504,116,110,6,6
57505,189,156,33,33
57506,64,76,-12,12
57507,54,56,-2,2
57508,99,100,-1,1
57509,140,126,14,14
57510,52,54,-2,2
57511,144,134,10,10
57512,96,96,0,0
57513,60,86,-26,26
57514,131,128,3,3
57515,101,110,-9,9
57516,21,35,-14,14
57517,77,81,-4,4
57518,94,96,-2,2
57519,64,65,-1,1
57520,77,72,5,5
57521,89,91,-2,2
57522,68,73,-5,5
57523,100,84,16,16
57524,94,92,2,2
57525,99,96,3,3
57526,104,105,-1,1
57527,76,77,-1,1
57528,41,52,-11,11
57529,89,82,7,7
57530,159,134,25,25
57531,145,126,19,19
57532,89,83,6,6
57533,117,120,-3,3
57534,56,71,-15,15
57535,112,104,8,8
57536,59,59,0,0
57537,54,60,-6,6
57538,83,76,7,7
57539,70,77,-7,7
57540,64,71,-7,7
57541,134,126,8,8
57542,107,115,-8,8
57543,81,85,-4,4
57544,117,118,-1,1
57545,123,121,2,2
57546,114,102,12,12
57547,173,150,23,23
57548,79,76,3,3
57549,117,107,10,10
57550,32,46,-14,14
57551,87,84,3,3
57552,189,175,14,14
57553,70,79,-9,9
57554,155,131,24,24
57555,81,87,-6,6
57556,168,152,16,16
57557,114,111,3,3
57558,153,154,-1,1
57559,124,112,12,12
57560,51,51,0,0
57561,105,110,-5,5
57562,101,113,-12,12
57563,86,91,-5,5
57564,129,121,8,8
57565,122,113,9,9
57566,149,133,16,16
57567,85,82,3,3
57568,73,74,-1,1
57569,66,74,-8,8
57570,180,152,28,28
57571,33,38,-5,5
57572,70,79,-9,9
57573,101,114,-13,13
57574,89,97,-8,8
57575,120,117,3,3
57576,121,111,10,10
57577,91,91,0,0
57578,90,88,2,2
57579,121,114,7,7
57580,154,151,3,3
57581,110,103,7,7
57582,65,64,1,1
57583,107,115,-8,8
57584,141,131,10,10
57585,61,68,-7,7
57586,119,118,1,1
57587,135,133,2,2
57588,185,155,30,30
57589,46,52,-6,6
57590,89,88,1,1
57591,134,129,5,5
57592,102,96,6,6
57593,138,134,4,4
57594,104,98,6,6
57595,176,156,20,20
57596,112,106,6,6
57597,135,128,7,7
57598,119,114,5,5
57599,82,76,6,6
57600,99,103,-4,4
57601,119,108,11,11
57602,98,109,-11,11
57603,96,97,-1,1
57604,90,99,-9,9
57605,81,74,7,7
57606,65,70,-5,5
57607,120,113,7,7
57608,90,86,4,4
57609,80,85,-5,5
57610,81,90,-9,9
57611,78,98,-20,20
57612,82,78,4,4
57613,155,129,26,26
57614,77,76,1,1
57615,116,116,0,0
57616,78,83,-5,5
57617,69,72,-3,3
57618,64,70,-6,6
57619,88,89,-1,1
57620,56,63,-7,7
57621,62,71,-9,9
57622,49,61,-12,12
57623,120,107,13,13
57624,154,140,14,14
57625,86,87,-1,1
57626,61,71,-10,10
57627,66,70,-4,4
57628,145,119,26,26
57629,83,92,-9,9
57630,136,127,9,9
57631,88,97,-9,9
57632,71,88,-17,17
57633,93,88,5,5
57634,97,93,4,4
57635,94,86,8,8
57636,97,103,-6,6
57637,57,70,-13,13
57638,142,136,6,6
57639,119,114,5,5
57640,87,94,-7,7
57641,131,133,-2,2
57642,119,121,-2,2
57643,76,76,0,0
57644,55,57,-2,2
57645,106,101,5,5
57646,70,77,-7,7
57647,103,102,1,1
57648,96,84,12,12
57649,150,143,7,7
57650,128,126,2,2
57651,38,45,-7,7
57652,65,79,-14,14
57653,79,77,2,2
57654,96,87,9,9
57655,88,85,3,3
57656,185,185,0,0
57657,81,77,4,4
57658,151,133,18,18
57659,94,95,-1,1
57660,72,77,-5,5
57661,110,103,7,7
57662,109,102,7,7
57663,80,76,4,4
57664,68,75,-7,7
57665,111,99,12,12
57666,67,73,-6,6
57667,95,88,7,7
57668,114,113,1,1
57669,51,62,-11,11
57670,111,107,4,4
57671,118,105,13,13
57672,157,131,26,26
57673,82,85,-3,3
57674,119,99,20,20
57675,73,80,-7,7
57676,88,81,7,7
57677,46,51,-5,5
57678,61,65,-4,4
57679,81,84,-3,3
57680,117,110,7,7
57681,87,86,1,1
57682,71,68,3,3
57683,70,67,3,3
57684,98,106,-8,8
57685,89,89,0,0
57686,100,89,11,11
57687,124,112,12,12
57688,166,152,14,14
57689,90,85,5,5
57690,43,51,-8,8
57691,175,152,23,23
57692,104,107,-3,3
57693,180,162,18,18
57694,57,59,-2,2
57695,36,50,-14,14
57696,144,148,-4,4
57697,136,125,11,11
57698,56,61,-5,5
57699,93,95,-2,2
57700,91,92,-1,1
57701,98,98,0,0
57702,82,70,12,12
57703,101,111,-10,10
57704,113,112,1,1
57705,53,66,-13,13
57706,55,63,-8,8
57707,120,111,9,9
57708,105,101,4,4
57709,71,82,-11,11
57710,78,81,-3,3
57711,165,154,11,11
57712,82,87,-5,5
57713,126,115,11,11
57714,114,106,8,8
57715,143,133,10,10
57716,118,117,1,1
57717,94,95,-1,1
57718,41,42,-1,1
57719,67,73,-6,6
57720,83,83,0,0
57721,119,100,19,19
57722,62,69,-7,7
57723,55,55,0,0
57724,95,98,-3,3
57725,91,97,-6,6
57726,68,68,0,0
57727,144,140,4,4
57728,64,71,-7,7
57729,43,64,-21,21
57730,81,87,-6,6
57731,94,81,13,13
57732,77,79,-2,2
57733,167,160,7,7
57734,51,63,-12,12
57735,117,108,9,9
57736,93,93,0,0
57737,71,75,-4,4
57738,64,72,-8,8
57739,168,151,17,17
57740,98,98,0,0
57741,38,42,-4,4
57742,124,114,10,10
57743,104,111,-7,7
57744,45,52,-7,7
57745,36,45,-9,9
57746,82,83,-1,1
57747,120,107,13,13
57748,108,112,-4,4
57749,43,56,-13,13
57750,85,79,6,6
57751,146,132,14,14
57752,82,97,-15,15
57753,115,103,12,12
57754,98,89,9,9
57755,87,85,2,2
57756,124,125,-1,1
57757,86,87,-1,1
57758,92,109,-17,17
57759,109,89,20,20
57760,125,116,9,9
57761,140,141,-1,1
57762,84,99,-15,15
57763,66,74,-8,8
57764,131,117,14,14
57765,81,75,6,6
57766,88,84,4,4
57767,143,146,-3,3
57768,74,80,-6,6
57769,118,124,-6,6
57770,56,68,-12,12
57771,61,65,-4,4
57772,112,115,-3,3
57773,119,106,13,13
57774,102,94,8,8
57775,101,118,-17,17
57776,71,75,-4,4
57777,118,113,5,5
57778,119,130,-11,11
57779,83,90,-7,7
57780,133,117,16,16
57781,57,62,-5,5
57782,87,83,4,4
57783,6,29,-23,23
57784,76,89,-13,13
57785,124,117,7,7
57786,28,28,0,0
57787,65,69,-4,4
57788,86,77,9,9
57789,111,113,-2,2
57790,59,70,-11,11
57791,94,94,0,0
57792,97,109,-12,12
57793,115,117,-2,2
57794,75,81,-6,6
57795,144,133,11,11
57796,86,100,-14,14
57797,74,77,-3,3
57798,102,104,-2,2
57799,79,79,0,0
57800,99,94,5,5
57801,140,147,-7,7
57802,101,100,1,1
57803,156,136,20,20
57804,92,90,2,2
57805,70,78,-8,8
57806,59,76,-17,17
57807,116,109,7,7
57808,138,129,9,9
57809,136,135,1,1
57810,61,67,-6,6
57811,53,57,-4,4
57812,79,74,5,5
57813,90,87,3,3
57814,127,118,9,9
57815,177,143,34,34
57816,110,118,-8,8
57817,129,120,9,9
57818,106,123,-17,17
57819,74,79,-5,5
57820,154,149,5,5
57821,129,124,5,5
57822,73,74,-1,1
57823,77,87,-10,10
57824,84,90,-6,6
57825,103,99,4,4
57826,90,118,-28,28
57827,109,104,5,5
57828,68,68,0,0
57829,72,72,0,0
57830,105,115,-10,10
57831,65,70,-5,5
57832,95,88,7,7
57833,133,130,3,3
57834,103,94,9,9
57835,107,112,-5,5
57836,79,77,2,2
57837,116,108,8,8
57838,91,84,7,7
57839,72,86,-14,14
57840,66,85,-19,19
57841,147,132,15,15
57842,90,99,-9,9
57843,192,196,-4,4
57844,98,111,-13,13
57845,105,101,4,4
57846,44,54,-10,10
57847,102,90,12,12
57848,82,92,-10,10
57849,107,103,4,4
57850,102,99,3,3
57851,135,122,13,13
57852,157,139,18,18
57853,61,61,0,0
57854,155,139,16,16
57855,121,126,-5,5
57856,77,77,0,0
57857,142,131,11,11
57858,95,88,7,7
57859,104,97,7,7
57860,77,81,-4,4
57861,135,127,8,8
57862,101,101,0,0
57863,65,70,-5,5
57864,108,103,5,5
57865,46,56,-10,10
57866,196,177,19,19
57867,83,82,1,1
57868,92,85,7,7
57869,66,64,2,2
57870,87,84,3,3
57871,76,78,-2,2
57872,24,26,-2,2
57873,94,103,-9,9
57874,85,74,11,11
57875,147,182,-35,35
57876,104,112,-8,8
57877,97,96,1,1
57878,159,137,22,22
57879,103,101,2,2
57880,114,117,-3,3
57881,133,131,2,2
57882,66,69,-3,3
57883,101,104,-3,3
57884,71,71,0,0
57885,85,86,-1,1
57886,87,80,7,7
57887,116,98,18,18
57888,88,81,7,7
57889,64,66,-2,2
57890,48,55,-7,7
57891,55,64,-9,9
57892,61,87,-26,26
57893,86,95,-9,9
57894,56,57,-1,1
57895,58,57,1,1
57896,77,82,-5,5
57897,70,78,-8,8
57898,78,85,-7,7
57899,136,123,13,13
57900,69,72,-3,3
57901,68,67,1,1
57902,102,103,-1,1
57903,67,71,-4,4
57904,82,80,2,2
57905,54,56,-2,2
57906,70,80,-10,10
57907,83,79,4,4
57908,129,115,14,14
57909,43,49,-6,6
57910,46,66,-20,20
57911,119,117,2,2
57912,50,59,-9,9
57913,76,80,-4,4
57914,168,152,16,16
57915,83,85,-2,2
57916,116,103,13,13
57917,121,130,-9,9
57918,96,103,-7,7
57919,126,130,-4,4
57920,86,87,-1,1
57921,85,81,4,4
57922,93,80,13,13
57923,52,61,-9,9
57924,129,121,8,8
57925,87,85,2,2
57926,38,51,-13,13
57927,61,78,-17,17
57928,77,79,-2,2
57929,73,72,1,1
57930,143,142,1,1
57931,59,69,-10,10
57932,57,63,-6,6
57933,64,70,-6,6
57934,140,131,9,9
57935,109,113,-4,4
57936,91,91,0,0
57937,64,71,-7,7
57938,105,93,12,12
57939,121,109,12,12
57940,65,65,0,0
57941,80,83,-3,3
57942,75,75,0,0
57943,90,83,7,7
57944,93,97,-4,4
57945,60,66,-6,6
57946,75,76,-1,1
57947,97,99,-2,2
57948,130,120,10,10
57949,111,103,8,8
57950,82,77,5,5
57951,102,100,2,2
57952,72,77,-5,5
57953,180,172,8,8
57954,71,83,-12,12
57955,92,91,1,1
57956,109,104,5,5
57957,113,105,8,8
57958,117,116,1,1
57959,105,105,0,0
57960,85,84,1,1
57961,75,73,2,2
57962,77,80,-3,3
57963,79,83,-4,4
57964,106,99,7,7
57965,52,66,-14,14
57966,107,85,22,22
57967,89,92,-3,3
57968,150,138,12,12
57969,84,86,-2,2
57970,78,84,-6,6
57971,124,113,11,11
57972,58,65,-7,7
57973,110,108,2,2
57974,108,106,2,2
57975,95,108,-13,13
57976,139,124,15,15
57977,92,90,2,2
57978,63,73,-10,10
57979,81,88,-7,7
57980,103,89,14,14
57981,75,75,0,0
57982,75,87,-12,12
57983,125,119,6,6
57984,98,105,-7,7
57985,101,100,1,1
57986,73,86,-13,13
57987,95,90,5,5
57988,120,111,9,9
57989,90,104,-14,14
57990,178,151,27,27
57991,111,110,1,1
57992,90,90,0,0
57993,91,79,12,12
57994,92,84,8,8
57995,77,80,-3,3
57996,87,86,1,1
57997,121,117,4,4
57998,99,92,7,7
57999,119,122,-3,3
58000,85,93,-8,8
58001,102,101,1,1
58002,102,100,2,2
58003,68,69,-1,1
58004,159,135,24,24
58005,91,80,11,11
58006,85,91,-6,6
58007,77,86,-9,9
58008,136,131,5,5
58009,182,163,19,19
58010,101,102,-1,1
58011,63,63,0,0
58012,89,102,-13,13
58013,78,80,-2,2
58014,104,102,2,2
58015,113,104,9,9
58016,88,93,-5,5
58017,87,86,1,1
58018,182,155,27,27
58019,97,94,3,3
58020,123,119,4,4
58021,93,117,-24,24
58022,77,67,10,10
58023,87,85,2,2
58024,71,74,-3,3
58025,60,64,-4,4
58026,95,101,-6,6
58027,92,85,7,7
58028,78,77,1,1
58029,84,89,-5,5
58030,153,136,17,17
58031,140,139,1,1
58032,99,87,12,12
58033,57,63,-6,6
58034,83,90,-7,7
58035,79,78,1,1
58036,87,89,-2,2
58037,85,104,-19,19
58038,80,83,-3,3
58039,69,78,-9,9
58040,68,74,-6,6
58041,94,96,-2,2
58042,79,86,-7,7
58043,115,110,5,5
58044,59,66,-7,7
58045,183,174,9,9
58046,64,70,-6,6
58047,109,101,8,8
58048,54,54,0,0
58049,62,65,-3,3
58050,69,85,-16,16
58051,62,61,1,1
58052,71,76,-5,5
58053,140,130,10,10
58054,73,72,1,1
58055,124,122,2,2
58056,86,94,-8,8
58057,142,144,-2,2
58058,170,157,13,13
58059,69,71,-2,2
58060,124,120,4,4
58061,123,123,0,0
58062,104,86,18,18
58063,65,76,-11,11
58064,110,108,2,2
58065,80,79,1,1
58066,66,72,-6,6
58067,96,91,5,5
58068,116,117,-1,1
58069,74,76,-2,2
58070,59,63,-4,4
58071,64,63,1,1
58072,115,117,-2,2
58073,89,84,5,5
58074,136,121,15,15
58075,51,55,-4,4
58076,73,75,-2,2
58077,68,86,-18,18
58078,116,111,5,5
58079,135,133,2,2
58080,29,38,-9,9
58081,96,84,12,12
58082,38,70,-32,32
58083,170,162,8,8
58084,125,118,7,7
58085,160,139,21,21
58086,108,113,-5,5
58087,144,133,11,11
58088,70,66,4,4
58089,100,96,4,4
58090,62,67,-5,5
58091,129,123,6,6
58092,99,90,9,9
58093,93,99,-6,6
58094,108,96,12,12
58095,59,60,-1,1
58096,43,53,-10,10
58097,119,107,12,12
58098,71,67,4,4
58099,147,156,-9,9
58100,60,65,-5,5
58101,79,90,-11,11
58102,64,72,-8,8
58103,73,79,-6,6
58104,105,106,-1,1
58105,80,79,1,1
58106,79,86,-7,7
58107,90,87,3,3
58108,89,82,7,7
58109,73,72,1,1
58110,113,115,-2,2
58111,78,87,-9,9
58112,63,84,-21,21
58113,142,126,16,16
58114,145,147,-2,2
58115,95,97,-2,2
58116,101,99,2,2
58117,126,112,14,14
58118,154,137,17,17
58119,184,148,36,36
58120,116,118,-2,2
58121,84,86,-2,2
58122,129,124,5,5
58123,74,75,-1,1
58124,97,90,7,7
58125,88,106,-18,18
58126,102,104,-2,2
58127,69,73,-4,4
58128,73,84,-11,11
58129,77,71,6,6
58130,98,95,3,3
58131,78,81,-3,3
58132,108,90,18,18
58133,78,82,-4,4
58134,86,96,-10,10
58135,70,69,1,1
58136,70,77,-7,7
58137,78,78,0,0
58138,81,79,2,2
58139,55,67,-12,12
58140,37,43,-6,6
58141,80,82,-2,2
58142,68,71,-3,3
58143,130,127,3,3
58144,100,95,5,5
58145,71,79,-8,8
58146,97,96,1,1
58147,147,139,8,8
58148,93,97,-4,4
58149,165,156,9,9
58150,70,78,-8,8
58151,59,71,-12,12
58152,46,52,-6,6
58153,132,112,20,20
58154,90,78,12,12
58155,208,191,17,17
58156,124,124,0,0
58157,92,99,-7,7
58158,75,78,-3,3
58159,103,97,6,6
58160,47,60,-13,13
58161,72,64,8,8
58162,65,69,-4,4
58163,107,106,1,1
58164,131,126,5,5
58165,67,76,-9,9
58166,119,112,7,7
58167,63,67,-4,4
58168,153,134,19,19
58169,72,78,-6,6
58170,131,138,-7,7
58171,92,90,2,2
58172,70,73,-3,3
58173,93,101,-8,8
58174,48,66,-18,18
58175,75,72,3,3
58176,185,168,17,17
58177,90,87,3,3
58178,53,57,-4,4
58179,130,123,7,7
58180,139,136,3,3
58181,92,96,-4,4
58182,77,107,-30,30
58183,130,116,14,14
58184,88,82,6,6
58185,68,79,-11,11
58186,144,119,25,25
58187,73,77,-4,4
58188,136,130,6,6
58189,115,106,9,9
58190,79,85,-6,6
58191,97,94,3,3
58192,70,72,-2,2
58193,76,81,-5,5
58194,110,103,7,7
58195,103,113,-10,10
58196,106,107,-1,1
58197,82,83,-1,1
58198,82,88,-6,6
58199,64,73,-9,9
58200,108,107,1,1
58201,162,145,17,17
58202,64,70,-6,6
58203,42,54,-12,12
58204,128,123,5,5
58205,93,88,5,5
58206,83,78,5,5
58207,75,71,4,4
58208,113,105,8,8
58209,131,120,11,11
58210,70,69,1,1
58211,82,88,-6,6
58212,53,61,-8,8
58213,92,90,2,2
58214,123,112,11,11
58215,132,121,11,11
58216,71,75,-4,4
58217,83,88,-5,5
58218,52,58,-6,6
58219,102,100,2,2
58220,51,62,-11,11
58221,90,83,7,7
58222,121,126,-5,5
58223,125,123,2,2
58224,66,67,-1,1
58225,99,107,-8,8
58226,71,81,-10,10
58227,103,102,1,1
58228,87,89,-2,2
58229,130,128,2,2
58230,74,76,-2,2
58231,171,154,17,17
58232,146,120,26,26
58233,81,81,0,0
58234,72,67,5,5
58235,81,97,-16,16
58236,58,60,-2,2
58237,111,103,8,8
58238,148,143,5,5
58239,76,74,2,2
58240,78,76,2,2
58241,91,92,-1,1
58242,91,92,-1,1
58243,70,79,-9,9
58244,155,132,23,23
58245,89,93,-4,4
58246,55,56,-1,1
58247,97,85,12,12
58248,71,76,-5,5
58249,134,134,0,0
58250,85,76,9,9
58251,76,71,5,5
58252,98,107,-9,9
58253,51,59,-8,8
58254,111,104,7,7
58255,59,68,-9,9
58256,112,107,5,5
58257,43,48,-5,5
58258,122,109,13,13
58259,62,88,-26,26
58260,57,58,-1,1
58261,94,104,-10,10
58262,92,91,1,1
58263,113,117,-4,4
58264,125,116,9,9
58265,98,101,-3,3
58266,58,63,-5,5
58267,110,103,7,7
58268,69,76,-7,7
58269,57,71,-14,14
58270,54,56,-2,2
58271,69,71,-2,2
58272,84,96,-12,12
58273,81,94,-13,13
58274,72,79,-7,7
58275,120,112,8,8
58276,59,70,-11,11
58277,121,112,9,9
58278,54,67,-13,13
58279,62,67,-5,5
58280,83,79,4,4
58281,85,80,5,5
58282,102,102,0,0
58283,109,100,9,9
58284,128,134,-6,6
58285,128,113,15,15
58286,155,117,38,38
58287,75,78,-3,3
58288,44,38,6,6
58289,106,105,1,1
58290,122,109,13,13
58291,99,94,5,5
58292,76,79,-3,3
58293,93,88,5,5
58294,59,65,-6,6
58295,115,105,10,10
58296,147,133,14,14
58297,104,106,-2,2
58298,56,65,-9,9
58299,119,111,8,8
58300,92,95,-3,3
58301,55,66,-11,11
58302,70,68,2,2
58303,79,86,-7,7
58304,106,100,6,6
58305,141,121,20,20
58306,142,135,7,7
58307,100,100,0,0
58308,71,74,-3,3
58309,37,43,-6,6
58310,58,62,-4,4
58311,107,110,-3,3
58312,104,103,1,1
58313,125,119,6,6
58314,95,121,-26,26
58315,164,147,17,17
58316,45,60,-15,15
58317,86,82,4,4
58318,101,98,3,3
58319,117,107,10,10
58320,85,97,-12,12
58321,60,65,-5,5
58322,141,141,0,0
58323,101,103,-2,2
58324,113,99,14,14
58325,108,109,-1,1
58326,86,84,2,2
58327,121,107,14,14
58328,165,168,-3,3
58329,58,62,-4,4
58330,165,156,9,9
58331,99,102,-3,3
58332,77,84,-7,7
58333,120,114,6,6
58334,132,118,14,14
58335,138,118,20,20
58336,104,123,-19,19
58337,59,60,-1,1
58338,68,67,1,1
58339,76,81,-5,5
58340,81,86,-5,5
58341,126,120,6,6
58342,125,99,26,26
58343,39,41,-2,2
58344,103,87,16,16
58345,64,73,-9,9
58346,120,110,10,10
58347,53,62,-9,9
58348,81,77,4,4
58349,128,118,10,10
58350,75,78,-3,3
58351,67,64,3,3
58352,158,136,22,22
58353,77,91,-14,14
58354,140,135,5,5
58355,75,84,-9,9
58356,114,115,-1,1
58357,82,78,4,4
58358,96,97,-1,1
58359,142,126,16,16
58360,84,95,-11,11
58361,84,70,14,14
58362,69,74,-5,5
58363,63,67,-4,4
58364,83,88,-5,5
58365,136,131,5,5
58366,107,105,2,2
58367,95,96,-1,1
58368,157,134,23,23
58369,89,89,0,0
58370,85,85,0,0
58371,102,102,0,0
58372,103,107,-4,4
58373,88,84,4,4
58374,100,97,3,3
58375,69,72,-3,3
58376,84,77,7,7
58377,32,43,-11,11
58378,52,59,-7,7
58379,156,137,19,19
58380,71,68,3,3
58381,114,109,5,5
58382,83,86,-3,3
58383,81,83,-2,2
58384,164,134,30,30
58385,109,102,7,7
58386,89,96,-7,7
58387,125,106,19,19
58388,82,76,6,6
58389,73,79,-6,6
58390,117,136,-19,19
58391,69,77,-8,8
58392,98,95,3,3
58393,114,100,14,14
58394,86,86,0,0
58395,112,102,10,10
58396,96,101,-5,5
58397,113,105,8,8
58398,86,94,-8,8
58399,130,123,7,7
58400,80,80,0,0
58401,134,128,6,6
58402,158,153,5,5
58403,59,60,-1,1
58404,55,63,-8,8
58405,87,92,-5,5
58406,42,52,-10,10
58407,76,74,2,2
58408,62,58,4,4
58409,119,113,6,6
58410,103,102,1,1
58411,172,165,7,7
58412,134,133,1,1
58413,68,70,-2,2
58414,62,58,4,4
58415,57,69,-12,12
58416,147,130,17,17
58417,93,93,0,0
58418,116,107,9,9
58419,161,148,13,13
58420,79,93,-14,14
58421,148,141,7,7
58422,118,115,3,3
58423,46,64,-18,18
58424,130,130,0,0
58425,163,143,20,20
58426,56,65,-9,9
58427,74,73,1,1
58428,66,80,-14,14
58429,84,74,10,10
58430,76,84,-8,8
58431,88,83,5,5
58432,69,71,-2,2
58433,60,69,-9,9
58434,75,77,-2,2
58435,164,144,20,20
58436,71,82,-11,11
58437,125,105,20,20
58438,86,90,-4,4
58439,62,65,-3,3
58440,82,83,-1,1
58441,55,59,-4,4
58442,58,77,-19,19
58443,52,65,-13,13
58444,107,103,4,4
58445,82,91,-9,9
58446,118,113,5,5
58447,104,100,4,4
58448,65,66,-1,1
58449,148,150,-2,2
58450,104,105,-1,1
58451,189,167,22,22
58452,126,126,0,0
58453,92,90,2,2
58454,122,116,6,6
58455,75,78,-3,3
58456,99,102,-3,3
58457,99,96,3,3
58458,154,144,10,10
58459,89,99,-10,10
58460,145,140,5,5
58461,81,74,7,7
58462,146,150,-4,4
58463,171,164,7,7
58464,52,57,-5,5
58465,81,77,4,4
58466,102,99,3,3
58467,137,141,-4,4
58468,43,52,-9,9
58469,93,95,-2,2
58470,62,67,-5,5
58471,110,101,9,9
58472,78,74,4,4
58473,112,116,-4,4
58474,64,71,-7,7
58475,52,54,-2,2
58476,51,74,-23,23
58477,71,82,-11,11
58478,62,68,-6,6
58479,54,54,0,0
58480,81,67,14,14
58481,156,132,24,24
58482,76,80,-4,4
58483,74,71,3,3
58484,63,72,-9,9
58485,59,54,5,5
58486,45,48,-3,3
58487,127,107,20,20
58488,110,104,6,6
58489,68,75,-7,7
58490,89,89,0,0
58491,64,66,-2,2
58492,116,119,-3,3
58493,68,76,-8,8
58494,211,198,13,13
58495,93,90,3,3
58496,79,79,0,0
58497,84,85,-1,1
58498,73,71,2,2
58499,82,79,3,3
58500,80,98,-18,18
58501,75,82,-7,7
58502,83,85,-2,2
58503,123,117,6,6
58504,52,53,-1,1
58505,133,122,11,11
58506,90,86,4,4
58507,70,74,-4,4
58508,74,80,-6,6
58509,84,90,-6,6
58510,90,90,0,0
58511,92,91,1,1
58512,55,72,-17,17
58513,62,70,-8,8
58514,120,114,6,6
58515,84,84,0,0
58516,83,75,8,8
58517,95,110,-15,15
58518,79,75,4,4
58519,89,92,-3,3
58520,149,135,14,14
58521,81,111,-30,30
58522,91,97,-6,6
58523,87,76,11,11
58524,76,79,-3,3
58525,45,50,-5,5
58526,226,210,16,16
58527,125,115,10,10
58528,148,155,-7,7
58529,60,66,-6,6
58530,134,129,5,5
58531,165,148,17,17
58532,129,115,14,14
58533,65,66,-1,1
58534,89,87,2,2
58535,95,100,-5,5
58536,83,83,0,0
58537,79,78,1,1
58538,111,104,7,7
58539,83,83,0,0
58540,121,115,6,6
58541,97,96,1,1
58542,114,111,3,3
58543,55,54,1,1
58544,118,111,7,7
58545,95,94,1,1
58546,80,79,1,1
58547,112,112,0,0
58548,127,117,10,10
58549,140,128,12,12
58550,100,149,-49,49
58551,50,59,-9,9
58552,130,122,8,8
58553,77,77,0,0
58554,86,94,-8,8
58555,117,103,14,14
58556,163,149,14,14
58557,78,79,-1,1
58558,118,112,6,6
58559,110,112,-2,2
58560,93,85,8,8
58561,76,90,-14,14
58562,71,68,3,3
58563,85,88,-3,3
58564,39,49,-10,10
58565,77,83,-6,6
58566,57,61,-4,4
58567,68,73,-5,5
58568,74,77,-3,3
58569,80,77,3,3
58570,86,89,-3,3
58571,55,58,-3,3
58572,129,112,17,17
58573,181,175,6,6
58574,71,74,-3,3
58575,106,124,-18,18
58576,43,50,-7,7
58577,157,146,11,11
58578,68,72,-4,4
58579,134,121,13,13
58580,137,143,-6,6
58581,71,76,-5,5
58582,48,54,-6,6
58583,45,58,-13,13
58584,75,79,-4,4
58585,67,81,-14,14
58586,108,98,10,10
58587,81,80,1,1
58588,94,96,-2,2
58589,229,210,19,19
58590,58,68,-10,10
58591,75,84,-9,9
58592,97,113,-16,16
58593,142,133,9,9
58594,196,155,41,41
58595,78,80,-2,2
58596,101,109,-8,8
58597,100,97,3,3
58598,82,78,4,4
58599,100,101,-1,1
58600,81,86,-5,5
58601,81,89,-8,8
58602,106,128,-22,22
58603,74,71,3,3
58604,77,88,-11,11
58605,124,113,11,11
58606,35,45,-10,10
58607,76,83,-7,7
58608,106,103,3,3
58609,83,87,-4,4
58610,82,87,-5,5
58611,77,81,-4,4
58612,113,109,4,4
58613,86,83,3,3
58614,115,109,6,6
58615,98,94,4,4
58616,69,79,-10,10
58617,90,94,-4,4
58618,99,92,7,7
58619,59,76,-17,17
58620,109,101,8,8
58621,72,79,-7,7
58622,130,121,9,9
58623,118,115,3,3
58624,113,108,5,5
58625,98,98,0,0
58626,102,94,8,8
58627,142,125,17,17
58628,95,104,-9,9
58629,89,90,-1,1
58630,45,63,-18,18
58631,35,36,-1,1
58632,54,61,-7,7
58633,102,88,14,14
58634,27,27,0,0
58635,66,71,-5,5
58636,35,51,-16,16
58637,115,107,8,8
58638,148,140,8,8
58639,98,90,8,8
58640,115,112,3,3
58641,79,88,-9,9
58642,84,85,-1,1
58643,147,137,10,10
58644,79,76,3,3
58645,62,66,-4,4
58646,95,85,10,10
58647,71,74,-3,3
58648,66,73,-7,7
58649,84,87,-3,3
58650,142,128,14,14
58651,142,122,20,20
58652,91,89,2,2
58653,102,95,7,7
58654,105,133,-28,28
58655,66,66,0,0
58656,83,88,-5,5
58657,63,70,-7,7
58658,66,76,-10,10
58659,109,120,-11,11
58660,71,77,-6,6
58661,92,90,2,2
58662,139,139,0,0
58663,117,114,3,3
58664,120,115,5,5
58665,94,109,-15,15
58666,99,97,2,2
58667,58,60,-2,2
58668,129,120,9,9
58669,66,80,-14,14
58670,126,107,19,19
58671,111,115,-4,4
58672,54,59,-5,5
58673,153,125,28,28
58674,82,84,-2,2
58675,56,66,-10,10
58676,59,70,-11,11
58677,146,122,24,24
58678,64,69,-5,5
58679,56,60,-4,4
58680,60,61,-1,1
58681,21,51,-30,30
58682,132,130,2,2
58683,85,85,0,0
58684,113,104,9,9
58685,81,85,-4,4
58686,110,110,0,0
58687,98,93,5,5
58688,86,90,-4,4
58689,102,102,0,0
58690,129,144,-15,15
58691,89,82,7,7
58692,121,120,1,1
58693,104,105,-1,1
58694,63,70,-7,7
58695,138,137,1,1
58696,119,130,-11,11
58697,92,89,3,3
58698,113,105,8,8
58699,97,99,-2,2
58700,162,147,15,15
58701,41,52,-11,11
58702,112,111,1,1
58703,124,116,8,8
58704,76,73,3,3
58705,116,115,1,1
58706,86,83,3,3
58707,69,68,1,1
58708,99,105,-6,6
58709,65,71,-6,6
58710,70,82,-12,12
58711,111,99,12,12
58712,79,77,2,2
58713,92,95,-3,3
58714,92,83,9,9
58715,126,120,6,6
58716,109,103,6,6
58717,65,75,-10,10
58718,79,75,4,4
58719,160,148,12,12
58720,75,83,-8,8
58721,95,88,7,7
58722,97,92,5,5
58723,102,101,1,1
58724,75,75,0,0
58725,119,120,-1,1
58726,31,30,1,1
58727,137,121,16,16
58728,99,107,-8,8
58729,135,124,11,11
58730,143,138,5,5
58731,128,122,6,6
58732,135,129,6,6
58733,56,57,-1,1
58734,79,74,5,5
58735,157,135,22,22
58736,103,109,-6,6
58737,147,135,12,12
58738,78,80,-2,2
58739,124,118,6,6
58740,57,69,-12,12
58741,63,83,-20,20
58742,79,80,-1,1
58743,87,93,-6,6
58744,105,100,5,5
58745,119,111,8,8
58746,41,48,-7,7
58747,62,72,-10,10
58748,148,148,0,0
58749,113,106,7,7
58750,236,205,31,31
58751,49,58,-9,9
58752,78,85,-7,7
58753,105,106,-1,1
58754,136,125,11,11
58755,93,94,-1,1
58756,55,66,-11,11
58757,87,89,-2,2
58758,67,81,-14,14
58759,113,104,9,9
58760,52,56,-4,4
58761,102,118,-16,16
58762,149,128,21,21
58763,65,75,-10,10
58764,106,100,6,6
58765,88,86,2,2
58766,175,150,25,25
58767,116,118,-2,2
58768,128,122,6,6
58769,86,88,-2,2
58770,154,138,16,16
58771,93,91,2,2
58772,65,96,-31,31
58773,119,115,4,4
58774,81,80,1,1
58775,93,113,-20,20
58776,77,83,-6,6
58777,144,117,27,27
58778,105,106,-1,1
58779,111,92,19,19
58780,143,126,17,17
58781,96,94,2,2
58782,86,99,-13,13
58783,78,77,1,1
58784,136,125,11,11
58785,82,79,3,3
58786,91,88,3,3
58787,83,87,-4,4
58788,106,107,-1,1
58789,94,96,-2,2
58790,99,103,-4,4
58791,78,73,5,5
58792,154,139,15,15
58793,77,69,8,8
58794,184,165,19,19
58795,192,169,23,23
58796,77,77,0,0
58797,105,107,-2,2
58798,62,72,-10,10
58799,103,98,5,5
58800,59,63,-4,4
58801,77,71,6,6
58802,155,150,5,5
58803,90,85,5,5
58804,98,113,-15,15
58805,93,93,0,0
58806,132,129,3,3
58807,115,112,3,3
58808,67,70,-3,3
58809,198,186,12,12
58810,90,85,5,5
58811,114,110,4,4
58812,108,106,2,2
58813,77,86,-9,9
58814,114,121,-7,7
58815,126,135,-9,9
58816,86,84,2,2
58817,67,73,-6,6
58818,108,103,5,5
58819,92,90,2,2
58820,123,119,4,4
58821,96,100,-4,4
58822,64,67,-3,3
58823,166,151,15,15
58824,218,211,7,7
58825,89,92,-3,3
58826,76,84,-8,8
58827,69,74,-5,5
58828,122,117,5,5
58829,115,114,1,1
58830,87,113,-26,26
58831,119,114,5,5
58832,95,91,4,4
58833,82,83,-1,1
58834,57,66,-9,9
58835,100,104,-4,4
58836,86,83,3,3
58837,101,92,9,9
58838,65,61,4,4
58839,106,103,3,3
58840,75,77,-2,2
58841,142,126,16,16
58842,81,76,5,5
58843,77,82,-5,5
58844,59,66,-7,7
58845,130,114,16,16
58846,100,93,7,7
58847,92,99,-7,7
58848,55,67,-12,12
58849,101,125,-24,24
58850,66,67,-1,1
58851,108,95,13,13
58852,83,87,-4,4
58853,69,70,-1,1
58854,140,126,14,14
58855,87,84,3,3
58856,96,96,0,0
58857,167,139,28,28
58858,72,73,-1,1
58859,88,88,0,0
58860,124,116,8,8
58861,91,95,-4,4
58862,51,57,-6,6
58863,87,73,14,14
58864,92,96,-4,4
58865,58,65,-7,7
58866,45,53,-8,8
58867,95,86,9,9
58868,134,118,16,16
58869,91,92,-1,1
58870,121,110,11,11
58871,51,55,-4,4
58872,58,58,0,0
58873,48,58,-10,10
58874,75,80,-5,5
58875,46,60,-14,14
58876,56,67,-11,11
58877,87,85,2,2
58878,47,69,-22,22
58879,88,93,-5,5
58880,112,103,9,9
58881,56,67,-11,11
58882,104,103,1,1
58883,61,62,-1,1
58884,96,96,0,0
58885,113,104,9,9
58886,66,67,-1,1
58887,153,147,6,6
58888,115,117,-2,2
58889,100,103,-3,3
58890,73,74,-1,1
58891,89,77,12,12
58892,101,106,-5,5
58893,82,95,-13,13
58894,89,100,-11,11
58895,94,99,-5,5
58896,93,89,4,4
58897,113,111,2,2
58898,129,121,8,8
58899,68,64,4,4
58900,68,63,5,5
58901,94,90,4,4
58902,157,141,16,16
58903,99,97,2,2
58904,54,62,-8,8
58905,123,113,10,10
58906,94,82,12,12
58907,183,170,13,13
58908,74,79,-5,5
58909,59,64,-5,5
58910,173,152,21,21
58911,122,112,10,10
58912,75,75,0,0
58913,77,83,-6,6
58914,63,67,-4,4
58915,90,96,-6,6
58916,56,69,-13,13
58917,82,82,0,0
58918,86,103,-17,17
58919,149,142,7,7
58920,108,98,10,10
58921,73,73,0,0
58922,67,76,-9,9
58923,93,96,-3,3
58924,55,58,-3,3
58925,108,111,-3,3
58926,118,109,9,9
58927,30,42,-12,12
58928,70,60,10,10
58929,94,95,-1,1
58930,84,83,1,1
58931,77,75,2,2
58932,64,64,0,0
58933,103,102,1,1
58934,93,113,-20,20
58935,91,84,7,7
58936,65,72,-7,7
58937,108,102,6,6
58938,117,106,11,11
58939,45,53,-8,8
58940,113,116,-3,3
58941,70,70,0,0
58942,75,96,-21,21
58943,79,80,-1,1
58944,59,62,-3,3
58945,59,59,0,0
58946,42,57,-15,15
58947,96,87,9,9
58948,109,101,8,8
58949,95,103,-8,8
58950,126,118,8,8
58951,89,92,-3,3
58952,99,100,-1,1
58953,145,139,6,6
58954,108,104,4,4
58955,84,86,-2,2
58956,82,88,-6,6
58957,171,153,18,18
58958,103,90,13,13
58959,118,109,9,9
58960,180,154,26,26
58961,61,67,-6,6
58962,163,140,23,23
58963,135,141,-6,6
58964,152,135,17,17
58965,109,94,15,15
58966,61,70,-9,9
58967,108,108,0,0
58968,181,179,2,2
58969,104,108,-4,4
58970,105,102,3,3
58971,68,75,-7,7
58972,116,137,-21,21
58973,144,131,13,13
58974,85,81,4,4
58975,141,144,-3,3
58976,152,150,2,2
58977,114,116,-2,2
58978,143,130,13,13
58979,155,143,12,12
58980,191,167,24,24
58981,102,94,8,8
58982,77,79,-2,2
58983,97,102,-5,5
58984,85,93,-8,8
58985,82,81,1,1
58986,83,80,3,3
58987,64,70,-6,6
58988,135,129,6,6
58989,86,84,2,2
58990,59,59,0,0
58991,71,66,5,5
58992,65,62,3,3
58993,134,123,11,11
58994,85,87,-2,2
58995,159,145,14,14
58996,145,143,2,2
58997,66,74,-8,8
58998,71,77,-6,6
58999,154,128,26,26
59000,159,157,2,2
59001,50,56,-6,6
59002,95,103,-8,8
59003,81,76,5,5
59004,128,111,17,17
59005,79,78,1,1
59006,93,100,-7,7
59007,156,147,9,9
59008,107,103,4,4
59009,48,55,-7,7
59010,49,57,-8,8
59011,52,108,-56,56
59012,43,54,-11,11
59013,166,151,15,15
59014,59,65,-6,6
59015,97,93,4,4
59016,143,147,-4,4
59017,107,113,-6,6
59018,122,115,7,7
59019,77,75,2,2
59020,77,81,-4,4
59021,52,61,-9,9
59022,70,74,-4,4
59023,93,91,2,2
59024,93,106,-13,13
59025,110,114,-4,4
59026,53,60,-7,7
59027,67,65,2,2
59028,185,167,18,18
59029,90,80,10,10
59030,107,101,6,6
59031,148,145,3,3
59032,119,119,0,0
59033,95,106,-11,11
59034,112,98,14,14
59035,171,171,0,0
59036,110,93,17,17
59037,76,87,-11,11
59038,99,92,7,7
59039,94,102,-8,8
59040,107,110,-3,3
59041,73,78,-5,5
59042,133,115,18,18
59043,70,80,-10,10
59044,80,73,7,7
59045,149,132,17,17
59046,78,63,15,15
59047,95,91,4,4
59048,79,86,-7,7
59049,42,59,-17,17
59050,73,69,4,4
59051,346,270,76,76
59052,70,49,21,21
59053,75,79,-4,4
59054,144,141,3,3
59055,63,64,-1,1
59056,80,82,-2,2
59057,124,108,16,16
59058,69,72,-3,3
59059,99,95,4,4
59060,140,112,28,28
59061,117,113,4,4
59062,58,66,-8,8
59063,84,86,-2,2
59064,47,53,-6,6
59065,86,82,4,4
59066,52,61,-9,9
59067,77,85,-8,8
59068,69,74,-5,5
59069,107,101,6,6
59070,118,106,12,12
59071,81,91,-10,10
59072,109,101,8,8
59073,97,102,-5,5
59074,85,87,-2,2
59075,81,73,8,8
59076,65,62,3,3
59077,101,110,-9,9
59078,90,99,-9,9
59079,68,79,-11,11
59080,59,59,0,0
59081,97,95,2,2
59082,104,101,3,3
59083,52,55,-3,3
59084,58,65,-7,7
59085,64,74,-10,10
59086,92,89,3,3
59087,179,154,25,25
59088,112,103,9,9
59089,100,107,-7,7
59090,60,60,0,0
59091,102,103,-1,1
59092,111,102,9,9
59093,100,93,7,7
59094,80,77,3,3
59095,89,85,4,4
59096,124,127,-3,3
59097,70,74,-4,4
59098,85,93,-8,8
59099,79,86,-7,7
59100,74,77,-3,3
59101,66,75,-9,9
59102,75,82,-7,7
59103,83,87,-4,4
59104,65,75,-10,10
59105,119,119,0,0
59106,102,99,3,3
59107,81,86,-5,5
59108,77,82,-5,5
59109,81,80,1,1
59110,94,95,-1,1
59111,103,105,-2,2
59112,104,101,3,3
59113,118,102,16,16
59114,90,82,8,8
59115,71,78,-7,7
59116,114,106,8,8
59117,120,100,20,20
59118,85,83,2,2
59119,79,84,-5,5
59120,49,54,-5,5
59121,74,74,0,0
59122,99,96,3,3
59123,106,110,-4,4
59124,89,92,-3,3
59125,21,42,-21,21
59126,114,110,4,4
59127,90,101,-11,11
59128,129,120,9,9
59129,64,65,-1,1
59130,44,54,-10,10
59131,150,130,20,20
59132,136,128,8,8
59133,119,120,-1,1
59134,68,74,-6,6
59135,87,94,-7,7
59136,66,74,-8,8
59137,103,105,-2,2
59138,117,113,4,4
59139,111,97,14,14
59140,112,87,25,25
59141,101,95,6,6
59142,143,139,4,4
59143,81,81,0,0
59144,180,151,29,29
59145,61,65,-4,4
59146,131,124,7,7
59147,70,72,-2,2
59148,107,107,0,0
59149,135,116,19,19
59150,92,87,5,5
59151,81,79,2,2
59152,108,104,4,4
59153,90,88,2,2
59154,86,78,8,8
59155,127,117,10,10
59156,47,61,-14,14
59157,130,121,9,9
59158,84,93,-9,9
59159,79,78,1,1
59160,91,92,-1,1
59161,120,109,11,11
59162,80,84,-4,4
59163,59,67,-8,8
59164,81,93,-12,12
59165,143,138,5,5
59166,117,100,17,17
59167,143,134,9,9
59168,154,122,32,32
59169,57,67,-10,10
59170,69,69,0,0
59171,44,53,-9,9
59172,84,93,-9,9
59173,96,94,2,2
59174,80,80,0,0
59175,61,78,-17,17
59176,64,75,-11,11
59177,67,75,-8,8
59178,108,102,6,6
59179,87,90,-3,3
59180,87,87,0,0
59181,112,96,16,16
59182,147,138,9,9
59183,143,134,9,9
59184,124,108,16,16
59185,160,141,19,19
59186,109,107,2,2
59187,71,68,3,3
59188,138,128,10,10
59189,76,78,-2,2
59190,96,87,9,9
59191,94,92,2,2
59192,44,50,-6,6
59193,83,90,-7,7
59194,49,55,-6,6
59195,75,88,-13,13
59196,104,111,-7,7
59197,75,77,-2,2
59198,93,93,0,0
59199,96,103,-7,7
59200,81,89,-8,8
59201,80,78,2,2
59202,97,83,14,14
59203,65,73,-8,8
59204,46,58,-12,12
59205,79,82,-3,3
59206,88,86,2,2
59207,62,81,-19,19
59208,84,74,10,10
59209,70,72,-2,2
59210,129,128,1,1
59211,104,78,26,26
59212,116,118,-2,2
59213,126,116,10,10
59214,95,101,-6,6
59215,66,69,-3,3
59216,81,80,1,1
59217,133,112,21,21
59218,95,99,-4,4
59219,151,133,18,18
59220,88,89,-1,1
59221,110,110,0,0
59222,69,67,2,2
59223,106,102,4,4
59224,64,68,-4,4
59225,126,109,17,17
59226,41,52,-11,11
59227,97,96,1,1
59228,46,74,-28,28
59229,52,72,-20,20
59230,66,63,3,3
59231,81,79,2,2
59232,81,88,-7,7
59233,85,86,-1,1
59234,35,41,-6,6
59235,118,109,9,9
59236,94,91,3,3
59237,92,88,4,4
59238,55,60,-5,5
59239,99,94,5,5
59240,68,73,-5,5
59241,56,59,-3,3
59242,97,102,-5,5
59243,110,113,-3,3
59244,152,133,19,19
59245,40,51,-11,11
59246,52,68,-16,16
59247,169,165,4,4
59248,160,139,21,21
59249,78,75,3,3
59250,77,90,-13,13
59251,40,54,-14,14
59252,93,112,-19,19
59253,115,105,10,10
59254,108,112,-4,4
59255,69,74,-5,5
59256,126,145,-19,19
59257,133,139,-6,6
59258,116,114,2,2
59259,76,88,-12,12
59260,42,50,-8,8
59261,74,81,-7,7
59262,145,133,12,12
59263,72,69,3,3
59264,103,110,-7,7
59265,67,74,-7,7
59266,139,119,20,20
59267,93,88,5,5
59268,112,107,5,5
59269,176,161,15,15
59270,70,72,-2,2
59271,158,125,33,33
59272,71,73,-2,2
59273,47,50,-3,3
59274,93,83,10,10
59275,57,71,-14,14
59276,75,72,3,3
59277,62,77,-15,15
59278,104,120,-16,16
59279,143,137,6,6
59280,83,83,0,0
59281,75,72,3,3
59282,92,90,2,2
59283,60,88,-28,28
59284,117,110,7,7
59285,64,71,-7,7
59286,61,67,-6,6
59287,87,76,11,11
59288,175,169,6,6
59289,58,66,-8,8
59290,77,71,6,6
59291,96,81,15,15
59292,120,122,-2,2
59293,176,153,23,23
59294,132,124,8,8
59295,67,71,-4,4
59296,73,79,-6,6
59297,120,137,-17,17
59298,71,75,-4,4
59299,63,65,-2,2
59300,74,71,3,3
59301,35,56,-21,21
59302,129,113,16,16
59303,132,132,0,0
59304,75,81,-6,6
59305,122,112,10,10
59306,89,85,4,4
59307,90,84,6,6
59308,71,73,-2,2
59309,92,84,8,8
59310,184,160,24,24
59311,59,86,-27,27
59312,90,95,-5,5
59313,100,110,-10,10
59314,83,79,4,4
59315,83,85,-2,2
59316,78,80,-2,2
59317,106,103,3,3
59318,107,108,-1,1
59319,45,55,-10,10
59320,82,89,-7,7
59321,85,93,-8,8
59322,109,91,18,18
59323,70,77,-7,7
59324,70,78,-8,8
59325,109,107,2,2
59326,62,67,-5,5
59327,63,77,-14,14
59328,67,78,-11,11
59329,38,38,0,0
59330,45,46,-1,1
59331,111,99,12,12
59332,99,111,-12,12
59333,52,60,-8,8
59334,93,90,3,3
59335,103,115,-12,12
59336,86,87,-1,1
59337,69,70,-1,1
59338,52,80,-28,28
59339,215,172,43,43
59340,90,87,3,3
59341,54,61,-7,7
59342,110,102,8,8
59343,97,90,7,7
59344,150,112,38,38
59345,142,129,13,13
59346,57,73,-16,16
59347,116,108,8,8
59348,177,152,25,25
59349,109,108,1,1
59350,78,78,0,0
59351,79,83,-4,4
59352,51,58,-7,7
59353,80,84,-4,4
59354,99,107,-8,8
59355,49,54,-5,5
59356,153,147,6,6
59357,174,159,15,15
59358,100,100,0,0
59359,147,129,18,18
59360,75,87,-12,12
59361,138,124,14,14
59362,78,76,2,2
59363,77,87,-10,10
59364,93,85,8,8
59365,148,134,14,14
59366,176,151,25,25
59367,74,72,2,2
59368,178,175,3,3
59369,107,111,-4,4
59370,103,98,5,5
59371,125,114,11,11
59372,119,106,13,13
59373,98,97,1,1
59374,69,66,3,3
59375,72,73,-1,1
59376,81,96,-15,15
59377,54,64,-10,10
59378,110,108,2,2
59379,84,86,-2,2
59380,148,139,9,9
59381,61,59,2,2
59382,94,101,-7,7
59383,79,91,-12,12
59384,77,77,0,0
59385,83,85,-2,2
59386,102,89,13,13
59387,99,96,3,3
59388,104,101,3,3
59389,128,132,-4,4
59390,73,82,-9,9
59391,85,84,1,1
59392,123,130,-7,7
59393,87,93,-6,6
59394,135,112,23,23
59395,71,72,-1,1
59396,81,96,-15,15
59397,64,62,2,2
59398,71,72,-1,1
59399,105,102,3,3
59400,59,60,-1,1
59401,140,129,11,11
59402,161,149,12,12
59403,100,93,7,7
59404,89,88,1,1
59405,64,71,-7,7
59406,154,143,11,11
59407,167,128,39,39
59408,178,155,23,23
59409,88,79,9,9
59410,79,102,-23,23
59411,72,82,-10,10
59412,85,86,-1,1
59413,92,94,-2,2
59414,71,80,-9,9
59415,60,75,-15,15
59416,66,64,2,2
59417,95,86,9,9
59418,82,81,1,1
59419,82,88,-6,6
59420,91,82,9,9
59421,121,106,15,15
59422,78,77,1,1
59423,148,136,12,12
59424,95,95,0,0
59425,138,138,0,0
59426,61,71,-10,10
59427,66,71,-5,5
59428,83,81,2,2
59429,61,72,-11,11
59430,60,65,-5,5
59431,56,59,-3,3
59432,127,120,7,7
59433,62,61,1,1
59434,133,131,2,2
59435,79,75,4,4
59436,123,104,19,19
59437,53,60,-7,7
59438,79,79,0,0
59439,126,111,15,15
59440,117,128,-11,11
59441,136,127,9,9
59442,81,104,-23,23
59443,105,123,-18,18
59444,118,122,-4,4
59445,66,74,-8,8
59446,59,59,0,0
59447,129,127,2,2
59448,93,100,-7,7
59449,87,90,-3,3
59450,45,52,-7,7
59451,64,66,-2,2
59452,121,119,2,2
59453,168,146,22,22
59454,81,74,7,7
59455,99,92,7,7
59456,117,103,14,14
59457,95,84,11,11
59458,66,70,-4,4
59459,122,112,10,10
59460,112,119,-7,7
59461,71,83,-12,12
59462,172,165,7,7
59463,108,97,11,11
59464,85,86,-1,1
59465,130,121,9,9
59466,64,65,-1,1
59467,74,78,-4,4
59468,63,67,-4,4
59469,145,136,9,9
59470,95,97,-2,2
59471,138,139,-1,1
59472,105,102,3,3
59473,51,60,-9,9
59474,109,114,-5,5
59475,91,108,-17,17
59476,70,64,6,6
59477,129,121,8,8
59478,106,93,13,13
59479,82,78,4,4
59480,54,54,0,0
59481,151,151,0,0
59482,120,111,9,9
59483,151,141,10,10
59484,96,104,-8,8
59485,62,67,-5,5
59486,165,147,18,18
59487,138,123,15,15
59488,128,123,5,5
59489,80,73,7,7
59490,94,97,-3,3
59491,86,91,-5,5
59492,130,122,8,8
59493,154,138,16,16
59494,81,84,-3,3
59495,152,130,22,22
59496,52,69,-17,17
59497,65,67,-2,2
59498,109,90,19,19
59499,72,72,0,0
59500,103,98,5,5
59501,112,97,15,15
59502,65,75,-10,10
59503,77,87,-10,10
59504,189,180,9,9
59505,178,159,19,19
59506,48,50,-2,2
59507,145,134,11,11
59508,47,64,-17,17
59509,146,136,10,10
59510,118,115,3,3
59511,78,83,-5,5
59512,93,99,-6,6
59513,72,76,-4,4
59514,86,90,-4,4
59515,118,109,9,9
59516,87,87,0,0
59517,42,57,-15,15
59518,87,99,-12,12
59519,87,91,-4,4
59520,159,148,11,11
59521,96,96,0,0
59522,50,59,-9,9
59523,76,94,-18,18
59524,111,112,-1,1
59525,140,129,11,11
59526,133,120,13,13
59527,89,100,-11,11
59528,94,106,-12,12
59529,60,59,1,1
59530,67,73,-6,6
59531,166,138,28,28
59532,74,84,-10,10
59533,88,90,-2,2
59534,113,109,4,4
59535,114,111,3,3
59536,98,89,9,9
59537,52,64,-12,12
59538,109,105,4,4
59539,51,57,-6,6
59540,92,90,2,2
59541,79,82,-3,3
59542,65,70,-5,5
59543,80,85,-5,5
59544,130,117,13,13
59545,90,89,1,1
59546,108,96,12,12
59547,84,93,-9,9
59548,160,150,10,10
59549,53,56,-3,3
59550,62,76,-14,14
59551,65,78,-13,13
59552,65,71,-6,6
59553,61,64,-3,3
59554,35,42,-7,7
59555,113,108,5,5
59556,69,78,-9,9
59557,56,61,-5,5
59558,103,111,-8,8
59559,76,74,2,2
59560,106,111,-5,5
59561,157,145,12,12
59562,150,141,9,9
59563,79,81,-2,2
59564,94,96,-2,2
59565,59,67,-8,8
59566,135,149,-14,14
59567,91,98,-7,7
59568,129,120,9,9
59569,80,87,-7,7
59570,58,60,-2,2
59571,96,86,10,10
59572,160,153,7,7
59573,80,76,4,4
59574,55,60,-5,5
59575,101,94,7,7
59576,85,79,6,6
59577,68,76,-8,8
59578,95,108,-13,13
59579,110,108,2,2
59580,75,72,3,3
59581,73,83,-10,10
59582,90,95,-5,5
59583,78,85,-7,7
59584,148,135,13,13
59585,94,93,1,1
59586,64,71,-7,7
59587,186,157,29,29
59588,40,49,-9,9
59589,74,80,-6,6
59590,140,129,11,11
59591,103,97,6,6
59592,179,143,36,36
59593,209,165,44,44
59594,114,113,1,1
59595,44,62,-18,18
59596,84,81,3,3
59597,55,60,-5,5
59598,150,140,10,10
59599,64,66,-2,2
59600,61,73,-12,12
59601,89,94,-5,5
59602,129,111,18,18
59603,61,67,-6,6
59604,125,109,16,16
59605,129,117,12,12
59606,94,97,-3,3
59607,86,79,7,7
59608,124,120,4,4
59609,45,64,-19,19
59610,131,118,13,13
59611,89,85,4,4
59612,140,140,0,0
59613,85,90,-5,5
59614,178,162,16,16
59615,120,110,10,10
59616,135,122,13,13
59617,72,71,1,1
59618,45,53,-8,8
59619,63,68,-5,5
59620,62,77,-15,15
59621,87,88,-1,1
59622,165,160,5,5
59623,107,124,-17,17
59624,69,82,-13,13
59625,94,94,0,0
59626,58,64,-6,6
59627,105,103,2,2
59628,115,109,6,6
59629,92,88,4,4
59630,80,79,1,1
59631,154,152,2,2
59632,61,57,4,4
59633,115,111,4,4
59634,52,53,-1,1
59635,69,71,-2,2
59636,58,69,-11,11
59637,92,95,-3,3
59638,56,65,-9,9
59639,94,105,-11,11
59640,70,75,-5,5
59641,126,103,23,23
59642,77,80,-3,3
59643,77,76,1,1
59644,160,151,9,9
59645,69,72,-3,3
59646,73,75,-2,2
59647,72,78,-6,6
59648,72,75,-3,3
59649,124,121,3,3
59650,78,79,-1,1
59651,81,82,-1,1
59652,156,143,13,13
59653,67,64,3,3
59654,118,113,5,5
59655,79,76,3,3
59656,81,78,3,3
59657,87,82,5,5
59658,57,73,-16,16
59659,70,170,-100,100
59660,147,106,41,41
59661,141,128,13,13
59662,42,58,-16,16
59663,89,94,-5,5
59664,94,92,2,2
59665,103,104,-1,1
59666,100,102,-2,2
59667,56,59,-3,3
59668,85,81,4,4
59669,77,78,-1,1
59670,89,90,-1,1
59671,125,134,-9,9
59672,41,47,-6,6
59673,135,118,17,17
59674,70,87,-17,17
59675,51,52,-1,1
59676,86,94,-8,8
59677,100,101,-1,1
59678,103,104,-1,1
59679,62,67,-5,5
59680,153,133,20,20
59681,173,158,15,15
59682,137,144,-7,7
59683,107,93,14,14
59684,161,141,20,20
59685,139,135,4,4
59686,62,59,3,3
59687,71,68,3,3
59688,104,124,-20,20
59689,115,110,5,5
59690,144,138,6,6
59691,76,79,-3,3
59692,168,153,15,15
59693,76,76,0,0
59694,78,86,-8,8
59695,94,119,-25,25
59696,92,87,5,5
59697,96,88,8,8
59698,131,117,14,14
59699,93,98,-5,5
59700,93,86,7,7
59701,60,71,-11,11
59702,78,69,9,9
59703,72,84,-12,12
59704,141,108,33,33
59705,116,107,9,9
59706,83,89,-6,6
59707,78,85,-7,7
59708,79,85,-6,6
59709,113,113,0,0
59710,46,57,-11,11
59711,93,97,-4,4
59712,99,90,9,9
59713,103,112,-9,9
59714,98,86,12,12
59715,113,104,9,9
59716,121,133,-12,12
59717,58,65,-7,7
59718,92,90,2,2
59719,89,91,-2,2
59720,99,99,0,0
59721,89,90,-1,1
59722,79,84,-5,5
59723,138,127,11,11
59724,79,81,-2,2
59725,73,79,-6,6
59726,88,83,5,5
59727,73,87,-14,14
59728,95,98,-3,3
59729,104,105,-1,1
59730,77,74,3,3
59731,54,61,-7,7
59732,128,122,6,6
59733,88,90,-2,2
59734,89,87,2,2
59735,100,103,-3,3
59736,132,125,7,7
59737,73,80,-7,7
59738,69,77,-8,8
59739,88,81,7,7
59740,127,122,5,5
59741,135,131,4,4
59742,71,74,-3,3
59743,133,125,8,8
59744,98,95,3,3
59745,96,85,11,11
59746,121,113,8,8
59747,110,98,12,12
59748,63,70,-7,7
59749,149,135,14,14
59750,75,91,-16,16
59751,61,76,-15,15
59752,203,169,34,34
59753,106,106,0,0
59754,90,88,2,2
59755,111,95,16,16
59756,98,90,8,8
59757,70,88,-18,18
59758,77,73,4,4
59759,65,71,-6,6
59760,110,108,2,2
59761,82,92,-10,10
59762,135,125,10,10
59763,133,126,7,7
59764,93,90,3,3
59765,96,105,-9,9
59766,83,87,-4,4
59767,83,84,-1,1
59768,114,102,12,12
59769,169,168,1,1
59770,83,73,10,10
59771,87,86,1,1
59772,80,94,-14,14
59773,64,75,-11,11
59774,185,162,23,23
59775,110,101,9,9
59776,109,97,12,12
59777,52,56,-4,4
59778,103,94,9,9
59779,34,52,-18,18
59780,69,115,-46,46
59781,154,128,26,26
59782,149,137,12,12
59783,81,79,2,2
59784,81,83,-2,2
59785,68,72,-4,4
59786,93,85,8,8
59787,57,63,-6,6
59788,129,123,6,6
59789,98,97,1,1
59790,117,122,-5,5
59791,76,85,-9,9
59792,36,28,8,8
59793,130,124,6,6
59794,81,84,-3,3
59795,72,81,-9,9
59796,76,84,-8,8
59797,63,72,-9,9
59798,97,93,4,4
59799,61,70,-9,9
59800,85,86,-1,1
59801,110,127,-17,17
59802,85,86,-1,1
59803,77,92,-15,15
59804,127,116,11,11
59805,49,55,-6,6
59806,85,82,3,3
59807,83,91,-8,8
59808,132,133,-1,1
59809,136,134,2,2
59810,73,70,3,3
59811,71,75,-4,4
59812,79,78,1,1
59813,88,95,-7,7
59814,70,124,-54,54
59815,75,74,1,1
59816,46,46,0,0
59817,101,99,2,2
59818,128,135,-7,7
59819,92,86,6,6
59820,149,123,26,26
59821,122,88,34,34
59822,79,96,-17,17
59823,48,71,-23,23
59824,101,98,3,3
59825,94,90,4,4
59826,125,116,9,9
59827,91,100,-9,9
59828,78,82,-4,4
59829,121,114,7,7
59830,166,141,25,25
59831,96,94,2,2
59832,124,137,-13,13
59833,159,143,16,16
59834,66,73,-7,7
59835,82,79,3,3
59836,75,77,-2,2
59837,59,56,3,3
59838,85,85,0,0
59839,99,86,13,13
59840,148,135,13,13
59841,109,98,11,11
59842,81,81,0,0
59843,99,92,7,7
59844,47,45,2,2
59845,78,80,-2,2
59846,85,83,2,2
59847,76,87,-11,11
59848,54,54,0,0
59849,106,111,-5,5
59850,83,80,3,3
59851,66,69,-3,3
59852,47,66,-19,19
59853,60,70,-10,10
59854,109,107,2,2
59855,122,115,7,7
59856,92,89,3,3
59857,102,92,10,10
59858,130,132,-2,2
59859,104,100,4,4
59860,106,93,13,13
59861,74,78,-4,4
59862,149,141,8,8
59863,46,61,-15,15
59864,55,58,-3,3
59865,81,84,-3,3
59866,86,93,-7,7
59867,159,143,16,16
59868,49,55,-6,6
59869,76,84,-8,8
59870,109,108,1,1
59871,88,80,8,8
59872,66,72,-6,6
59873,95,96,-1,1
59874,123,113,10,10
59875,49,62,-13,13
59876,60,61,-1,1
59877,140,131,9,9
59878,72,69,3,3
59879,103,106,-3,3
59880,88,94,-6,6
59881,94,93,1,1
59882,97,89,8,8
59883,112,107,5,5
59884,37,59,-22,22
59885,70,79,-9,9
59886,217,196,21,21
59887,159,134,25,25
59888,86,87,-1,1
59889,116,114,2,2
59890,76,73,3,3
59891,159,142,17,17
59892,102,94,8,8
59893,72,77,-5,5
59894,102,102,0,0
59895,94,83,11,11
59896,56,56,0,0
59897,136,136,0,0
59898,78,78,0,0
59899,75,81,-6,6
59900,138,132,6,6
59901,79,79,0,0
59902,89,92,-3,3
59903,63,77,-14,14
59904,59,57,2,2
59905,127,124,3,3
59906,100,90,10,10
59907,60,68,-8,8
59908,100,97,3,3
59909,108,99,9,9
59910,152,138,14,14
59911,118,117,1,1
59912,81,86,-5,5
59913,49,52,-3,3
59914,90,86,4,4
59915,97,93,4,4
59916,90,86,4,4
59917,138,128,10,10
59918,116,125,-9,9
59919,86,89,-3,3
59920,106,94,12,12
59921,155,138,17,17
59922,100,93,7,7
59923,66,70,-4,4
59924,84,84,0,0
59925,103,102,1,1
59926,56,66,-10,10
59927,100,90,10,10
59928,93,88,5,5
59929,135,132,3,3
59930,32,39,-7,7
59931,93,104,-11,11
59932,107,124,-17,17
59933,62,72,-10,10
59934,59,64,-5,5
59935,91,88,3,3
59936,75,85,-10,10
59937,73,71,2,2
59938,96,100,-4,4
59939,115,113,2,2
59940,63,70,-7,7
59941,85,90,-5,5
59942,72,84,-12,12
59943,158,149,9,9
59944,91,87,4,4
59945,69,77,-8,8
59946,89,112,-23,23
59947,74,74,0,0
59948,104,236,-132,132
59949,49,61,-12,12
59950,99,94,5,5
59951,127,120,7,7
59952,73,83,-10,10
59953,49,62,-13,13
59954,87,88,-1,1
59955,157,142,15,15
59956,80,89,-9,9
59957,144,118,26,26
59958,83,92,-9,9
59959,131,129,2,2
59960,95,100,-5,5
59961,141,134,7,7
59962,89,101,-12,12
59963,59,59,0,0
59964,86,82,4,4
59965,118,115,3,3
59966,78,84,-6,6
59967,148,136,12,12
59968,59,61,-2,2
59969,104,107,-3,3
59970,85,81,4,4
59971,103,105,-2,2
59972,236,195,41,41
59973,66,85,-19,19
59974,50,70,-20,20
59975,77,73,4,4
59976,114,96,18,18
59977,85,83,2,2
59978,88,87,1,1
59979,74,74,0,0
59980,71,77,-6,6
59981,155,144,11,11
59982,62,71,-9,9
59983,100,91,9,9
59984,82,88,-6,6
59985,113,108,5,5
59986,104,109,-5,5
59987,104,99,5,5
59988,105,125,-20,20
59989,153,141,12,12
59990,76,76,0,0
59991,85,78,7,7
59992,119,123,-4,4
59993,106,94,12,12
59994,73,84,-11,11
59995,137,116,21,21
59996,79,77,2,2
59997,186,171,15,15
59998,63,71,-8,8
59999,93,90,3,3
60000,126,132,-6,6
60001,70,71,-1,1
60002,128,112,16,16
60003,61,66,-5,5
60004,83,79,4,4
60005,108,98,10,10
60006,87,94,-7,7
60007,97,104,-7,7
60008,62,69,-7,7
60009,129,124,5,5
60010,124,112,12,12
60011,63,67,-4,4
60012,138,126,12,12
60013,53,56,-3,3
60014,76,70,6,6
60015,138,136,2,2
60016,123,123,0,0
60017,57,61,-4,4
60018,83,82,1,1
60019,96,100,-4,4
60020,119,128,-9,9
60021,72,76,-4,4
60022,78,70,8,8
60023,106,96,10,10
60024,83,79,4,4
60025,71,71,0,0
60026,205,172,33,33
60027,59,68,-9,9
60028,57,59,-2,2
60029,90,93,-3,3
60030,34,62,-28,28
60031,215,171,44,44
60032,85,88,-3,3
60033,158,149,9,9
60034,136,122,14,14
60035,55,50,5,5
60036,119,113,6,6
60037,109,139,-30,30
60038,57,65,-8,8
60039,92,87,5,5
60040,99,92,7,7
60041,95,93,2,2
60042,74,71,3,3
60043,84,81,3,3
60044,107,101,6,6
60045,78,77,1,1
60046,64,70,-6,6
60047,66,79,-13,13
60048,88,84,4,4
60049,135,115,20,20
60050,139,128,11,11
60051,126,135,-9,9
60052,82,85,-3,3
60053,70,69,1,1
60054,81,87,-6,6
60055,60,65,-5,5
60056,56,59,-3,3
60057,131,123,8,8
60058,59,64,-5,5
60059,83,77,6,6
60060,145,136,9,9
60061,86,86,0,0
60062,102,103,-1,1
60063,77,81,-4,4
60064,136,117,19,19
60065,68,74,-6,6
60066,81,78,3,3
60067,82,77,5,5
60068,85,84,1,1
60069,121,116,5,5
60070,69,70,-1,1
60071,56,65,-9,9
60072,170,149,21,21
60073,123,121,2,2
60074,71,73,-2,2
60075,77,83,-6,6
60076,140,129,11,11
60077,141,133,8,8
60078,98,95,3,3
60079,93,85,8,8
60080,69,83,-14,14
60081,104,101,3,3
60082,53,67,-14,14
60083,75,82,-7,7
60084,120,113,7,7
60085,86,96,-10,10
60086,98,91,7,7
60087,84,86,-2,2
60088,88,80,8,8
60089,113,109,4,4
60090,74,78,-4,4
60091,91,86,5,5
60092,149,128,21,21
60093,82,84,-2,2
60094,84,79,5,5
60095,195,178,17,17
60096,117,119,-2,2
60097,120,120,0,0
60098,180,158,22,22
60099,80,90,-10,10
60100,122,117,5,5
60101,135,126,9,9
60102,159,152,7,7
60103,107,107,0,0
60104,76,84,-8,8
60105,85,87,-2,2
60106,87,80,7,7
60107,88,83,5,5
60108,41,50,-9,9
60109,78,76,2,2
60110,61,66,-5,5
60111,87,87,0,0
60112,129,114,15,15
60113,84,84,0,0
60114,142,124,18,18
60115,126,127,-1,1
60116,89,88,1,1
60117,74,72,2,2
60118,51,49,2,2
60119,141,123,18,18
60120,83,79,4,4
60121,120,149,-29,29
60122,144,135,9,9
60123,67,81,-14,14
60124,82,86,-4,4
60125,67,76,-9,9
60126,85,84,1,1
60127,62,56,6,6
60128,106,104,2,2
60129,59,61,-2,2
60130,73,72,1,1
60131,145,136,9,9
60132,65,66,-1,1
60133,72,74,-2,2
60134,118,106,12,12
60135,105,116,-11,11
60136,71,73,-2,2
60137,96,96,0,0
60138,111,103,8,8
60139,73,90,-17,17
60140,88,83,5,5
60141,210,188,22,22
60142,104,98,6,6
60143,76,73,3,3
60144,43,58,-15,15
60145,110,100,10,10
60146,93,88,5,5
60147,114,108,6,6
60148,190,174,16,16
60149,87,88,-1,1
60150,85,77,8,8
60151,95,98,-3,3
60152,97,111,-14,14
60153,58,61,-3,3
60154,126,131,-5,5
60155,145,125,20,20
60156,61,71,-10,10
60157,113,96,17,17
60158,42,52,-10,10
60159,108,102,6,6
60160,93,84,9,9
60161,157,147,10,10
60162,75,77,-2,2
60163,59,68,-9,9
60164,101,87,14,14
60165,83,79,4,4
60166,95,95,0,0
60167,100,96,4,4
60168,69,71,-2,2
60169,108,112,-4,4
60170,79,75,4,4
60171,105,101,4,4
60172,98,110,-12,12
60173,123,125,-2,2
60174,103,100,3,3
60175,158,143,15,15
60176,98,96,2,2
60177,128,121,7,7
60178,54,55,-1,1
60179,54,66,-12,12
60180,86,87,-1,1
60181,119,116,3,3
60182,67,67,0,0
60183,114,109,5,5
60184,104,102,2,2
60185,81,87,-6,6
60186,84,82,2,2
60187,86,83,3,3
60188,93,96,-3,3
60189,75,74,1,1
60190,69,71,-2,2
60191,96,88,8,8
60192,117,116,1,1
60193,164,143,21,21
60194,121,113,8,8
60195,93,89,4,4
60196,91,88,3,3
60197,144,134,10,10
60198,101,103,-2,2
60199,135,115,20,20
60200,102,104,-2,2
60201,83,85,-2,2
60202,88,80,8,8
60203,101,104,-3,3
60204,102,102,0,0
60205,102,109,-7,7
60206,105,100,5,5
60207,99,104,-5,5
60208,151,136,15,15
60209,67,75,-8,8
60210,164,135,29,29
60211,85,86,-1,1
60212,89,94,-5,5
60213,59,63,-4,4
60214,94,85,9,9
60215,123,118,5,5
60216,79,101,-22,22
60217,74,76,-2,2
60218,176,160,16,16
60219,59,71,-12,12
60220,100,99,1,1
60221,123,122,1,1
60222,104,104,0,0
60223,145,142,3,3
60224,97,102,-5,5
60225,175,155,20,20
60226,63,66,-3,3
60227,124,120,4,4
60228,68,68,0,0
60229,139,124,15,15
60230,78,73,5,5
60231,79,73,6,6
60232,48,60,-12,12
60233,141,136,5,5
60234,136,121,15,15
60235,123,126,-3,3
60236,85,87,-2,2
60237,128,118,10,10
60238,97,89,8,8
60239,63,70,-7,7
60240,141,140,1,1
60241,87,86,1,1
60242,93,102,-9,9
60243,54,59,-5,5
60244,133,117,16,16
60245,50,61,-11,11
60246,71,72,-1,1
60247,75,75,0,0
60248,165,154,11,11
60249,64,69,-5,5
60250,95,85,10,10
60251,65,66,-1,1
60252,106,102,4,4
60253,91,79,12,12
60254,70,84,-14,14
60255,124,119,5,5
60256,48,59,-11,11
60257,74,74,0,0
60258,64,64,0,0
60259,104,99,5,5
60260,82,83,-1,1
60261,82,84,-2,2
60262,147,143,4,4
60263,123,104,19,19
60264,81,88,-7,7
60265,146,144,2,2
60266,88,87,1,1
60267,78,77,1,1
60268,118,121,-3,3
60269,160,148,12,12
60270,176,157,19,19
60271,133,117,16,16
60272,122,114,8,8
60273,74,80,-6,6
60274,75,78,-3,3
60275,116,118,-2,2
60276,116,112,4,4
60277,126,118,8,8
60278,53,57,-4,4
60279,58,85,-27,27
60280,169,154,15,15
60281,100,107,-7,7
60282,56,64,-8,8
60283,63,75,-12,12
60284,58,63,-5,5
60285,56,70,-14,14
60286,131,135,-4,4
60287,74,72,2,2
60288,143,132,11,11
60289,127,128,-1,1
60290,98,99,-1,1
60291,60,59,1,1
60292,65,87,-22,22
60293,76,69,7,7
60294,72,75,-3,3
60295,83,83,0,0
60296,41,52,-11,11
60297,91,84,7,7
60298,125,124,1,1
60299,119,125,-6,6
60300,92,80,12,12
60301,100,112,-12,12
60302,125,117,8,8
60303,95,97,-2,2
60304,108,105,3,3
60305,118,112,6,6
60306,124,132,-8,8
60307,31,37,-6,6
60308,175,167,8,8
60309,122,118,4,4
60310,117,123,-6,6
60311,30,54,-24,24
60312,184,159,25,25
60313,93,89,4,4
60314,98,97,1,1
60315,82,81,1,1
60316,91,86,5,5
60317,67,80,-13,13
60318,103,80,23,23
60319,127,127,0,0
60320,64,70,-6,6
60321,70,83,-13,13
60322,68,73,-5,5
60323,87,101,-14,14
60324,103,101,2,2
60325,91,93,-2,2
60326,77,73,4,4
60327,70,67,3,3
60328,90,91,-1,1
60329,64,70,-6,6
60330,53,60,-7,7
60331,87,80,7,7
60332,112,102,10,10
60333,91,85,6,6
60334,132,126,6,6
60335,116,113,3,3
60336,99,102,-3,3
60337,80,80,0,0
60338,125,123,2,2
60339,83,81,2,2
60340,123,125,-2,2
60341,126,118,8,8
60342,114,114,0,0
60343,139,128,11,11
60344,135,138,-3,3
60345,61,61,0,0
60346,70,74,-4,4
60347,112,103,9,9
60348,79,83,-4,4
60349,58,70,-12,12
60350,131,134,-3,3
60351,154,140,14,14
60352,85,88,-3,3
60353,116,103,13,13
60354,71,78,-7,7
60355,62,75,-13,13
60356,72,81,-9,9
60357,137,136,1,1
60358,152,144,8,8
60359,85,84,1,1
60360,63,72,-9,9
60361,67,62,5,5
60362,108,114,-6,6
60363,120,124,-4,4
60364,103,96,7,7
60365,96,102,-6,6
60366,108,112,-4,4
60367,49,108,-59,59
60368,83,88,-5,5
60369,91,84,7,7
60370,112,104,8,8
60371,148,134,14,14
60372,110,117,-7,7
60373,90,88,2,2
60374,71,64,7,7
60375,95,104,-9,9
60376,78,79,-1,1
60377,102,103,-1,1
60378,99,93,6,6
60379,71,74,-3,3
60380,103,103,0,0
60381,75,76,-1,1
60382,128,124,4,4
60383,37,53,-16,16
60384,82,80,2,2
60385,82,92,-10,10
60386,105,108,-3,3
60387,96,90,6,6
60388,57,54,3,3
60389,135,132,3,3
60390,87,84,3,3
60391,75,85,-10,10
60392,75,87,-12,12
60393,127,111,16,16
60394,105,103,2,2
60395,61,65,-4,4
60396,66,95,-29,29
60397,140,131,9,9
60398,129,128,1,1
60399,150,131,19,19
60400,109,103,6,6
60401,115,120,-5,5
60402,118,112,6,6
60403,58,60,-2,2
60404,79,72,7,7
60405,28,40,-12,12
60406,173,146,27,27
60407,89,93,-4,4
60408,95,82,13,13
60409,71,80,-9,9
60410,87,90,-3,3
60411,77,75,2,2
60412,106,106,0,0
60413,88,94,-6,6
60414,74,79,-5,5
60415,66,85,-19,19
60416,64,82,-18,18
60417,115,118,-3,3
60418,59,63,-4,4
60419,142,126,16,16
60420,73,67,6,6
60421,138,125,13,13
60422,110,105,5,5
60423,81,88,-7,7
60424,143,151,-8,8
60425,137,120,17,17
60426,177,157,20,20
60427,100,102,-2,2
60428,112,113,-1,1
60429,136,133,3,3
60430,48,55,-7,7
60431,112,123,-11,11
60432,115,112,3,3
60433,134,129,5,5
60434,97,104,-7,7
60435,86,84,2,2
60436,115,107,8,8
60437,80,76,4,4
60438,157,141,16,16
60439,59,60,-1,1
60440,118,116,2,2
60441,64,77,-13,13
60442,123,114,9,9
60443,70,77,-7,7
60444,60,70,-10,10
60445,76,88,-12,12
60446,161,146,15,15
60447,129,136,-7,7
60448,66,69,-3,3
60449,104,94,10,10
60450,86,83,3,3
60451,53,54,-1,1
60452,76,74,2,2
60453,202,167,35,35
60454,81,78,3,3
60455,136,132,4,4
60456,80,71,9,9
60457,54,60,-6,6
60458,71,70,1,1
60459,37,44,-7,7
60460,92,90,2,2
60461,81,88,-7,7
60462,94,114,-20,20
60463,116,111,5,5
60464,89,95,-6,6
60465,123,111,12,12
60466,95,89,6,6
60467,114,108,6,6
60468,134,132,2,2
60469,153,144,9,9
60470,82,83,-1,1
60471,104,97,7,7
60472,101,108,-7,7
60473,73,69,4,4
60474,121,120,1,1
60475,147,126,21,21
60476,70,79,-9,9
60477,126,119,7,7
60478,284,232,52,52
60479,124,127,-3,3
60480,107,105,2,2
60481,78,80,-2,2
60482,116,111,5,5
60483,139,125,14,14
60484,127,120,7,7
60485,61,69,-8,8
60486,56,62,-6,6
60487,105,101,4,4
60488,68,77,-9,9
60489,101,93,8,8
60490,64,63,1,1
60491,70,75,-5,5
60492,129,123,6,6
60493,86,82,4,4
60494,71,67,4,4
60495,57,130,-73,73
60496,63,84,-21,21
60497,100,95,5,5
60498,138,137,1,1
60499,143,130,13,13
60500,123,115,8,8
60501,114,115,-1,1
60502,69,72,-3,3
60503,71,70,1,1
60504,65,60,5,5
60505,94,102,-8,8
60506,73,79,-6,6
60507,77,82,-5,5
60508,68,71,-3,3
60509,126,135,-9,9
60510,133,123,10,10
60511,111,120,-9,9
60512,80,83,-3,3
60513,74,84,-10,10
60514,91,88,3,3
60515,111,115,-4,4
60516,100,100,0,0
60517,191,158,33,33
60518,124,108,16,16
60519,55,61,-6,6
60520,113,101,12,12
60521,34,45,-11,11
60522,108,98,10,10
60523,74,74,0,0
60524,163,138,25,25
60525,135,116,19,19
60526,86,100,-14,14
60527,122,112,10,10
60528,135,126,9,9
60529,68,79,-11,11
60530,75,76,-1,1
60531,127,130,-3,3
60532,65,68,-3,3
60533,83,86,-3,3
60534,103,96,7,7
60535,79,81,-2,2
60536,77,80,-3,3
60537,116,115,1,1
60538,123,115,8,8
60539,70,69,1,1
60540,66,75,-9,9
60541,102,108,-6,6
60542,108,125,-17,17
60543,64,61,3,3
60544,116,122,-6,6
60545,154,153,1,1
60546,78,82,-4,4
60547,97,99,-2,2
60548,64,72,-8,8
60549,109,105,4,4
60550,109,99,10,10
60551,110,114,-4,4
60552,124,115,9,9
60553,50,56,-6,6
60554,75,77,-2,2
60555,112,114,-2,2
60556,72,82,-10,10
60557,113,107,6,6
60558,70,80,-10,10
60559,112,85,27,27
60560,71,73,-2,2
60561,117,115,2,2
60562,88,84,4,4
60563,88,80,8,8
60564,96,86,10,10
60565,114,114,0,0
60566,46,60,-14,14
60567,82,87,-5,5
60568,77,80,-3,3
60569,68,80,-12,12
60570,79,90,-11,11
60571,78,79,-1,1
60572,48,56,-8,8
60573,55,63,-8,8
60574,110,110,0,0
60575,106,101,5,5
60576,88,83,5,5
60577,90,101,-11,11
60578,84,92,-8,8
60579,78,89,-11,11
60580,108,112,-4,4
60581,52,66,-14,14
60582,162,134,28,28
60583,46,53,-7,7
60584,100,106,-6,6
60585,95,93,2,2
60586,138,133,5,5
60587,53,60,-7,7
60588,100,93,7,7
60589,93,89,4,4
60590,90,108,-18,18
60591,103,104,-1,1
60592,92,85,7,7
60593,52,52,0,0
60594,104,103,1,1
60595,49,58,-9,9
60596,82,78,4,4
60597,104,99,5,5
60598,167,156,11,11
60599,58,70,-12,12
60600,79,79,0,0
60601,75,70,5,5
60602,70,79,-9,9
60603,78,81,-3,3
60604,70,72,-2,2
60605,130,128,2,2
60606,90,96,-6,6
60607,68,74,-6,6
60608,97,101,-4,4
60609,83,85,-2,2
60610,51,64,-13,13
60611,70,78,-8,8
60612,35,59,-24,24
60613,24,36,-12,12
60614,113,96,17,17
60615,133,123,10,10
60616,90,93,-3,3
60617,84,81,3,3
60618,86,84,2,2
60619,63,68,-5,5
60620,51,60,-9,9
60621,153,136,17,17
60622,113,109,4,4
60623,47,54,-7,7
60624,111,100,11,11
60625,67,66,1,1
60626,51,74,-23,23
60627,57,66,-9,9
60628,67,62,5,5
60629,149,137,12,12
60630,71,71,0,0
60631,100,109,-9,9
60632,94,98,-4,4
60633,61,64,-3,3
60634,100,90,10,10
60635,147,138,9,9
60636,92,92,0,0
60637,79,87,-8,8
60638,95,100,-5,5
60639,155,150,5,5
60640,88,80,8,8
60641,149,153,-4,4
60642,128,123,5,5
60643,73,63,10,10
60644,124,115,9,9
60645,78,86,-8,8
60646,73,76,-3,3
60647,104,96,8,8
60648,124,108,16,16
60649,65,75,-10,10
60650,98,99,-1,1
60651,100,101,-1,1
60652,79,76,3,3
60653,216,179,37,37
60654,77,83,-6,6
60655,64,79,-15,15
60656,43,45,-2,2
60657,124,111,13,13
60658,87,88,-1,1
60659,98,96,2,2
60660,91,86,5,5
60661,81,82,-1,1
60662,109,118,-9,9
60663,61,80,-19,19
60664,86,92,-6,6
60665,126,118,8,8
60666,85,79,6,6
60667,94,111,-17,17
60668,68,74,-6,6
60669,77,76,1,1
60670,72,74,-2,2
60671,107,108,-1,1
60672,83,81,2,2
60673,116,112,4,4
60674,59,61,-2,2
60675,53,60,-7,7
60676,137,132,5,5
60677,128,115,13,13
60678,97,98,-1,1
60679,97,98,-1,1
60680,75,76,-1,1
60681,107,100,7,7
60682,96,92,4,4
60683,139,125,14,14
60684,62,63,-1,1
60685,90,87,3,3
60686,104,106,-2,2
60687,124,115,9,9
60688,107,110,-3,3
60689,124,126,-2,2
60690,105,100,5,5
60691,134,133,1,1
60692,122,112,10,10
60693,70,79,-9,9
60694,152,145,7,7
60695,95,93,2,2
60696,67,86,-19,19
60697,109,106,3,3
60698,170,195,-25,25
60699,80,83,-3,3
60700,88,84,4,4
60701,131,102,29,29
60702,84,84,0,0
60703,97,100,-3,3
60704,149,127,22,22
60705,79,88,-9,9
60706,93,105,-12,12
60707,81,86,-5,5
60708,125,122,3,3
60709,82,80,2,2
60710,79,81,-2,2
60711,65,60,5,5
60712,95,94,1,1
60713,111,116,-5,5
60714,113,105,8,8
60715,119,118,1,1
60716,68,75,-7,7
60717,135,112,23,23
60718,102,90,12,12
60719,96,108,-12,12
60720,107,105,2,2
60721,86,85,1,1
60722,158,128,30,30
60723,141,126,15,15
60724,129,126,3,3
60725,49,50,-1,1
60726,149,137,12,12
60727,114,112,2,2
60728,40,46,-6,6
60729,55,63,-8,8
60730,85,81,4,4
60731,65,68,-3,3
60732,97,105,-8,8
60733,148,135,13,13
60734,141,126,15,15
60735,69,67,2,2
60736,80,85,-5,5
60737,158,135,23,23
60738,75,80,-5,5
60739,88,88,0,0
60740,110,104,6,6
60741,82,88,-6,6
60742,58,72,-14,14
60743,76,75,1,1
60744,48,58,-10,10
60745,106,91,15,15
60746,108,108,0,0
60747,191,166,25,25
60748,100,97,3,3
60749,58,65,-7,7
60750,117,114,3,3
60751,233,179,54,54
60752,78,79,-1,1
60753,83,78,5,5
60754,66,72,-6,6
60755,55,59,-4,4
60756,77,88,-11,11
60757,102,99,3,3
60758,62,67,-5,5
60759,71,75,-4,4
60760,139,135,4,4
60761,132,131,1,1
60762,94,99,-5,5
60763,107,111,-4,4
60764,60,77,-17,17
60765,94,107,-13,13
60766,72,66,6,6
60767,86,82,4,4
60768,75,85,-10,10
60769,87,90,-3,3
60770,148,129,19,19
60771,120,111,9,9
60772,68,75,-7,7
60773,81,79,2,2
60774,222,199,23,23
60775,68,70,-2,2
60776,103,109,-6,6
60777,133,111,22,22
60778,135,111,24,24
60779,97,93,4,4
60780,56,63,-7,7
60781,73,72,1,1
60782,110,113,-3,3
60783,116,112,4,4
60784,46,44,2,2
60785,119,109,10,10
60786,42,47,-5,5
60787,71,84,-13,13
60788,80,66,14,14
60789,87,90,-3,3
60790,73,76,-3,3
60791,99,93,6,6
60792,36,48,-12,12
60793,70,71,-1,1
60794,55,59,-4,4
60795,104,100,4,4
60796,135,131,4,4
60797,103,96,7,7
60798,83,87,-4,4
60799,87,78,9,9
60800,78,75,3,3
60801,68,80,-12,12
60802,70,80,-10,10
60803,112,103,9,9
60804,99,99,0,0
60805,103,100,3,3
60806,87,87,0,0
60807,105,102,3,3
60808,94,95,-1,1
60809,185,159,26,26
60810,167,154,13,13
60811,67,77,-10,10
60812,98,81,17,17
60813,109,107,2,2
60814,139,131,8,8
60815,88,85,3,3
60816,117,109,8,8
60817,101,109,-8,8
60818,124,125,-1,1
60819,182,146,36,36
60820,198,164,34,34
60821,115,113,2,2
60822,92,94,-2,2
60823,77,76,1,1
60824,104,101,3,3
60825,75,73,2,2
60826,93,80,13,13
60827,173,161,12,12
60828,121,122,-1,1
60829,141,116,25,25
60830,66,80,-14,14
60831,72,70,2,2
60832,104,109,-5,5
60833,103,99,4,4
60834,81,80,1,1
60835,122,105,17,17
60836,131,115,16,16
60837,58,62,-4,4
60838,106,108,-2,2
60839,119,106,13,13
60840,57,60,-3,3
60841,77,78,-1,1
60842,67,64,3,3
60843,85,83,2,2
60844,62,72,-10,10
60845,140,129,11,11
60846,72,81,-9,9
60847,125,123,2,2
60848,166,149,17,17
60849,133,119,14,14
60850,101,82,19,19
60851,156,139,17,17
60852,68,75,-7,7
60853,70,70,0,0
60854,127,120,7,7
60855,89,85,4,4
60856,111,95,16,16
60857,154,128,26,26
60858,91,87,4,4
60859,59,68,-9,9
60860,105,104,1,1
60861,108,123,-15,15
60862,87,100,-13,13
60863,143,132,11,11
60864,88,89,-1,1
60865,83,88,-5,5
60866,105,96,9,9
60867,96,102,-6,6
60868,95,89,6,6
60869,104,111,-7,7
60870,97,113,-16,16
60871,111,113,-2,2
60872,93,90,3,3
60873,54,57,-3,3
60874,90,91,-1,1
60875,52,58,-6,6
60876,85,89,-4,4
60877,114,111,3,3
60878,152,150,2,2
60879,79,72,7,7
60880,118,120,-2,2
60881,85,79,6,6
60882,94,90,4,4
60883,49,59,-10,10
60884,56,60,-4,4
60885,156,136,20,20
60886,55,55,0,0
60887,116,111,5,5
60888,84,86,-2,2
60889,105,102,3,3
60890,122,114,8,8
60891,80,86,-6,6
60892,89,77,12,12
60893,117,106,11,11
60894,50,56,-6,6
60895,65,77,-12,12
60896,115,113,2,2
60897,78,80,-2,2
60898,112,114,-2,2
60899,84,79,5,5
60900,144,139,5,5
60901,95,89,6,6
60902,125,120,5,5
60903,115,127,-12,12
60904,76,78,-2,2
60905,119,114,5,5
60906,133,142,-9,9
60907,90,84,6,6
60908,112,107,5,5
60909,76,75,1,1
60910,147,137,10,10
60911,55,61,-6,6
60912,131,117,14,14
60913,116,106,10,10
60914,84,86,-2,2
60915,72,75,-3,3
60916,73,78,-5,5
60917,43,58,-15,15
60918,73,76,-3,3
60919,82,91,-9,9
60920,56,64,-8,8
60921,99,92,7,7
60922,105,109,-4,4
60923,79,90,-11,11
60924,138,122,16,16
60925,111,117,-6,6
60926,36,49,-13,13
60927,138,126,12,12
60928,89,95,-6,6
60929,93,83,10,10
60930,132,128,4,4
60931,108,99,9,9
60932,66,70,-4,4
60933,71,76,-5,5
60934,65,64,1,1
60935,200,174,26,26
60936,72,106,-34,34
60937,232,214,18,18
60938,75,77,-2,2
60939,186,160,26,26
60940,125,115,10,10
60941,95,104,-9,9
60942,203,140,63,63
60943,176,148,28,28
60944,129,124,5,5
60945,76,79,-3,3
60946,143,135,8,8
60947,49,54,-5,5
60948,92,90,2,2
60949,92,88,4,4
60950,75,89,-14,14
60951,105,97,8,8
60952,155,128,27,27
60953,95,102,-7,7
60954,86,93,-7,7
60955,132,120,12,12
60956,46,58,-12,12
60957,69,78,-9,9
60958,58,71,-13,13
60959,140,124,16,16
60960,70,69,1,1
60961,89,88,1,1
60962,84,70,14,14
60963,124,118,6,6
60964,71,75,-4,4
60965,127,120,7,7
60966,69,70,-1,1
60967,111,103,8,8
60968,125,122,3,3
60969,85,90,-5,5
60970,76,78,-2,2
60971,85,90,-5,5
60972,55,62,-7,7
60973,92,94,-2,2
60974,182,158,24,24
60975,89,89,0,0
60976,102,96,6,6
60977,113,112,1,1
60978,131,132,-1,1
60979,133,138,-5,5
60980,98,94,4,4
60981,154,132,22,22
60982,99,95,4,4
60983,114,110,4,4
60984,110,104,6,6
60985,125,103,22,22
60986,52,69,-17,17
60987,42,45,-3,3
60988,80,75,5,5
60989,83,83,0,0
60990,143,132,11,11
60991,56,62,-6,6
60992,131,124,7,7
60993,112,124,-12,12
60994,110,107,3,3
60995,104,98,6,6
60996,71,74,-3,3
60997,36,39,-3,3
60998,57,64,-7,7
60999,72,85,-13,13
61000,119,105,14,14
61001,194,166,28,28
61002,107,98,9,9
61003,123,120,3,3
61004,87,84,3,3
61005,157,143,14,14
61006,75,79,-4,4
61007,94,96,-2,2
61008,85,88,-3,3
61009,85,92,-7,7
61010,44,54,-10,10
61011,78,86,-8,8
61012,97,78,19,19
61013,34,60,-26,26
61014,38,39,-1,1
61015,93,92,1,1
61016,113,109,4,4
61017,130,119,11,11
61018,46,50,-4,4
61019,94,96,-2,2
61020,144,128,16,16
61021,60,64,-4,4
61022,110,111,-1,1
61023,78,85,-7,7
61024,172,155,17,17
61025,117,129,-12,12
61026,60,74,-14,14
61027,114,102,12,12
61028,136,139,-3,3
61029,130,131,-1,1
61030,140,126,14,14
61031,58,66,-8,8
61032,87,82,5,5
61033,154,139,15,15
61034,84,84,0,0
61035,78,75,3,3
61036,224,253,-29,29
61037,77,76,1,1
61038,114,110,4,4
61039,64,78,-14,14
61040,145,132,13,13
61041,62,66,-4,4
61042,123,122,1,1
61043,126,122,4,4
61044,59,77,-18,18
61045,59,74,-15,15
61046,65,80,-15,15
61047,81,89,-8,8
61048,104,95,9,9
61049,94,95,-1,1
61050,131,125,6,6
61051,60,62,-2,2
61052,111,102,9,9
61053,159,136,23,23
61054,145,138,7,7
61055,67,66,1,1
61056,114,108,6,6
61057,82,78,4,4
61058,93,95,-2,2
61059,53,65,-12,12
61060,83,90,-7,7
61061,101,102,-1,1
61062,112,120,-8,8
61063,71,68,3,3
61064,86,81,5,5
61065,49,101,-52,52
61066,59,63,-4,4
61067,125,112,13,13
61068,157,149,8,8
61069,90,92,-2,2
61070,160,155,5,5
61071,128,107,21,21
61072,78,82,-4,4
61073,153,144,9,9
61074,87,99,-12,12
61075,133,121,12,12
61076,96,101,-5,5
61077,88,100,-12,12
61078,69,79,-10,10
61079,150,151,-1,1
61080,134,120,14,14
61081,122,117,5,5
61082,91,93,-2,2
61083,156,136,20,20
61084,76,81,-5,5
61085,44,50,-6,6
61086,117,119,-2,2
61087,110,106,4,4
61088,101,85,16,16
61089,81,77,4,4
61090,52,60,-8,8
61091,164,151,13,13
61092,40,45,-5,5
61093,80,86,-6,6
61094,129,118,11,11
61095,131,117,14,14
61096,87,88,-1,1
61097,79,76,3,3
61098,110,107,3,3
61099,120,110,10,10
61100,100,116,-16,16
61101,113,111,2,2
61102,97,115,-18,18
61103,75,72,3,3
61104,85,93,-8,8
61105,49,51,-2,2
61106,103,114,-11,11
61107,177,159,18,18
61108,94,93,1,1
61109,130,122,8,8
61110,72,78,-6,6
61111,158,145,13,13
61112,47,60,-13,13
61113,74,88,-14,14
61114,101,106,-5,5
61115,51,63,-12,12
61116,83,86,-3,3
61117,142,134,8,8
61118,58,70,-12,12
61119,83,87,-4,4
61120,45,48,-3,3
61121,138,130,8,8
61122,152,137,15,15
61123,101,106,-5,5
61124,77,74,3,3
61125,52,79,-27,27
61126,89,82,7,7
61127,149,133,16,16
61128,78,74,4,4
61129,146,139,7,7
61130,122,122,0,0
61131,88,83,5,5
61132,131,129,2,2
61133,67,74,-7,7
61134,107,92,15,15
61135,139,139,0,0
61136,164,145,19,19
61137,134,125,9,9
61138,71,71,0,0
61139,87,82,5,5
61140,68,72,-4,4
61141,56,106,-50,50
61142,118,119,-1,1
61143,101,97,4,4
61144,75,78,-3,3
61145,127,132,-5,5
61146,85,87,-2,2
61147,57,82,-25,25
61148,37,53,-16,16
61149,116,111,5,5
61150,108,103,5,5
61151,137,130,7,7
61152,58,66,-8,8
61153,67,90,-23,23
61154,106,105,1,1
61155,132,116,16,16
61156,102,95,7,7
61157,115,117,-2,2
61158,85,87,-2,2
61159,107,108,-1,1
61160,49,57,-8,8
61161,139,145,-6,6
61162,126,128,-2,2
61163,135,137,-2,2
61164,69,68,1,1
61165,88,79,9,9
61166,117,111,6,6
61167,77,76,1,1
61168,51,65,-14,14
61169,92,102,-10,10
61170,80,87,-7,7
61171,82,79,3,3
61172,157,146,11,11
61173,83,84,-1,1
61174,136,122,14,14
61175,147,131,16,16
61176,49,56,-7,7
61177,86,85,1,1
61178,125,114,11,11
61179,73,74,-1,1
61180,99,108,-9,9
61181,102,104,-2,2
61182,101,102,-1,1
61183,109,100,9,9
61184,126,121,5,5
61185,142,123,19,19
61186,62,68,-6,6
61187,113,110,3,3
61188,149,126,23,23
61189,61,62,-1,1
61190,66,76,-10,10
61191,122,113,9,9
61192,89,88,1,1
61193,76,80,-4,4
61194,74,89,-15,15
61195,61,72,-11,11
61196,44,54,-10,10
61197,107,118,-11,11
61198,104,99,5,5
61199,109,107,2,2
61200,140,127,13,13
61201,43,56,-13,13
61202,40,46,-6,6
61203,223,184,39,39
61204,95,93,2,2
61205,47,59,-12,12
61206,71,70,1,1
61207,121,103,18,18
61208,119,120,-1,1
61209,135,130,5,5
61210,78,75,3,3
61211,96,88,8,8
61212,71,71,0,0
61213,71,83,-12,12
61214,108,125,-17,17
61215,64,67,-3,3
61216,169,172,-3,3
61217,80,81,-1,1
61218,78,81,-3,3
61219,100,93,7,7
61220,90,87,3,3
61221,108,102,6,6
61222,84,88,-4,4
61223,150,140,10,10
61224,91,105,-14,14
61225,55,81,-26,26
61226,83,83,0,0
61227,119,148,-29,29
61228,86,89,-3,3
61229,101,105,-4,4
61230,89,79,10,10
61231,80,86,-6,6
61232,116,108,8,8
61233,146,140,6,6
61234,64,77,-13,13
61235,175,158,17,17
61236,139,130,9,9
61237,79,79,0,0
61238,120,112,8,8
61239,84,92,-8,8
61240,132,128,4,4
61241,71,75,-4,4
61242,104,95,9,9
61243,60,68,-8,8
61244,171,140,31,31
61245,93,94,-1,1
61246,132,126,6,6
61247,55,61,-6,6
61248,74,62,12,12
61249,126,109,17,17
61250,75,83,-8,8
61251,45,63,-18,18
61252,95,95,0,0
61253,154,134,20,20
61254,143,128,15,15
61255,111,109,2,2
61256,97,100,-3,3
61257,203,209,-6,6
61258,42,43,-1,1
61259,49,53,-4,4
61260,111,109,2,2
61261,76,69,7,7
61262,79,77,2,2
61263,70,80,-10,10
61264,57,56,1,1
61265,60,50,10,10
61266,119,119,0,0
61267,76,80,-4,4
61268,72,71,1,1
61269,124,103,21,21
61270,138,114,24,24
61271,118,115,3,3
61272,119,110,9,9
61273,94,81,13,13
61274,113,127,-14,14
61275,69,88,-19,19
61276,106,101,5,5
61277,41,55,-14,14
61278,88,81,7,7
61279,124,130,-6,6
61280,51,59,-8,8
61281,70,85,-15,15
61282,112,111,1,1
61283,100,98,2,2
61284,143,131,12,12
61285,87,95,-8,8
61286,61,69,-8,8
61287,64,72,-8,8
61288,130,132,-2,2
61289,81,81,0,0
61290,73,69,4,4
61291,47,49,-2,2
61292,99,112,-13,13
61293,95,90,5,5
61294,105,104,1,1
61295,126,122,4,4
61296,108,100,8,8
61297,67,75,-8,8
61298,72,80,-8,8
61299,65,67,-2,2
61300,109,104,5,5
61301,52,60,-8,8
61302,122,113,9,9
61303,59,71,-12,12
61304,117,123,-6,6
61305,79,75,4,4
61306,46,52,-6,6
61307,64,76,-12,12
61308,71,84,-13,13
61309,60,68,-8,8
61310,70,74,-4,4
61311,114,108,6,6
61312,101,105,-4,4
61313,138,133,5,5
61314,98,92,6,6
61315,92,96,-4,4
61316,196,175,21,21
61317,109,109,0,0
61318,55,56,-1,1
61319,166,155,11,11
61320,68,75,-7,7
61321,61,68,-7,7
61322,79,81,-2,2
61323,86,83,3,3
61324,90,86,4,4
61325,128,120,8,8
61326,102,102,0,0
61327,118,107,11,11
61328,86,85,1,1
61329,105,105,0,0
61330,78,76,2,2
61331,96,96,0,0
61332,38,50,-12,12
61333,96,99,-3,3
61334,123,117,6,6
61335,85,81,4,4
61336,117,105,12,12
61337,78,104,-26,26
61338,131,128,3,3
61339,82,80,2,2
61340,87,89,-2,2
61341,81,83,-2,2
61342,59,57,2,2
61343,84,88,-4,4
61344,89,91,-2,2
61345,65,71,-6,6
61346,131,130,1,1
61347,55,61,-6,6
61348,66,47,19,19
61349,74,75,-1,1
61350,84,73,11,11
61351,110,102,8,8
61352,63,84,-21,21
61353,97,85,12,12
61354,55,69,-14,14
61355,94,98,-4,4
61356,148,138,10,10
61357,110,98,12,12
61358,161,146,15,15
61359,139,127,12,12
61360,63,75,-12,12
61361,120,115,5,5
61362,79,85,-6,6
61363,131,133,-2,2
61364,150,128,22,22
61365,80,84,-4,4
61366,37,40,-3,3
61367,116,114,2,2
61368,82,80,2,2
61369,130,124,6,6
61370,68,76,-8,8
61371,86,84,2,2
61372,90,82,8,8
61373,57,62,-5,5
61374,149,134,15,15
61375,79,82,-3,3
61376,126,122,4,4
61377,120,127,-7,7
61378,197,170,27,27
61379,62,64,-2,2
61380,88,87,1,1
61381,144,129,15,15
61382,99,88,11,11
61383,101,112,-11,11
61384,111,105,6,6
61385,61,68,-7,7
61386,85,86,-1,1
61387,96,97,-1,1
61388,125,122,3,3
61389,107,100,7,7
61390,136,121,15,15
61391,148,137,11,11
61392,98,105,-7,7
61393,66,67,-1,1
61394,95,79,16,16
61395,107,94,13,13
61396,47,61,-14,14
61397,78,82,-4,4
61398,81,79,2,2
61399,72,77,-5,5
61400,84,98,-14,14
61401,145,144,1,1
61402,77,78,-1,1
61403,90,86,4,4
61404,131,117,14,14
61405,91,82,9,9
61406,38,72,-34,34
61407,94,93,1,1
61408,111,107,4,4
61409,145,137,8,8
61410,84,87,-3,3
61411,87,78,9,9
61412,115,106,9,9
61413,95,90,5,5
61414,144,126,18,18
61415,90,87,3,3
61416,101,96,5,5
61417,91,95,-4,4
61418,190,178,12,12
61419,80,84,-4,4
61420,167,145,22,22
61421,83,79,4,4
61422,66,69,-3,3
61423,50,58,-8,8
61424,111,110,1,1
61425,83,91,-8,8
61426,72,73,-1,1
61427,73,73,0,0
61428,79,87,-8,8
61429,66,77,-11,11
61430,83,85,-2,2
61431,262,227,35,35
61432,108,115,-7,7
61433,117,110,7,7
61434,98,87,11,11
61435,85,89,-4,4
61436,63,65,-2,2
61437,190,170,20,20
61438,85,86,-1,1
61439,123,114,9,9
61440,144,134,10,10
61441,75,79,-4,4
61442,97,96,1,1
61443,85,77,8,8
61444,69,70,-1,1
61445,77,83,-6,6
61446,61,70,-9,9
61447,75,76,-1,1
61448,97,118,-21,21
61449,70,74,-4,4
61450,85,79,6,6
61451,61,71,-10,10
61452,77,77,0,0
61453,58,69,-11,11
61454,83,75,8,8
61455,91,96,-5,5
61456,53,63,-10,10
61457,55,55,0,0
61458,87,89,-2,2
61459,80,86,-6,6
61460,53,63,-10,10
61461,133,121,12,12
61462,90,95,-5,5
61463,60,70,-10,10
61464,68,75,-7,7
61465,66,59,7,7
61466,112,111,1,1
61467,139,133,6,6
61468,50,62,-12,12
61469,120,116,4,4
61470,77,81,-4,4
61471,81,70,11,11
61472,87,83,4,4
61473,43,53,-10,10
61474,68,66,2,2
61475,58,59,-1,1
61476,120,120,0,0
61477,114,103,11,11
61478,173,154,19,19
61479,62,69,-7,7
61480,115,105,10,10
61481,213,185,28,28
61482,108,106,2,2
61483,53,71,-18,18
61484,85,79,6,6
61485,119,118,1,1
61486,74,81,-7,7
61487,93,87,6,6
61488,72,73,-1,1
61489,104,89,15,15
61490,88,90,-2,2
61491,56,64,-8,8
61492,139,129,10,10
61493,110,110,0,0
61494,93,86,7,7
61495,54,56,-2,2
61496,83,89,-6,6
61497,73,73,0,0
61498,202,170,32,32
61499,95,93,2,2
61500,51,62,-11,11
61501,141,121,20,20
61502,130,124,6,6
61503,89,95,-6,6
61504,67,66,1,1
61505,92,98,-6,6
61506,138,141,-3,3
61507,50,56,-6,6
61508,85,79,6,6
61509,118,100,18,18
61510,84,82,2,2
61511,95,89,6,6
61512,92,99,-7,7
61513,141,142,-1,1
61514,94,100,-6,6
61515,117,118,-1,1
61516,82,73,9,9
61517,73,83,-10,10
61518,108,100,8,8
61519,93,103,-10,10
61520,156,148,8,8
61521,84,87,-3,3
61522,106,92,14,14
61523,91,94,-3,3
61524,88,89,-1,1
61525,78,75,3,3
61526,136,129,7,7
61527,59,71,-12,12
61528,94,102,-8,8
61529,100,99,1,1
61530,144,136,8,8
61531,89,109,-20,20
61532,67,73,-6,6
61533,28,34,-6,6
61534,114,108,6,6
61535,123,128,-5,5
61536,85,76,9,9
61537,77,80,-3,3
61538,89,104,-15,15
61539,90,85,5,5
61540,80,84,-4,4
61541,114,116,-2,2
61542,46,52,-6,6
61543,123,115,8,8
61544,132,127,5,5
61545,106,116,-10,10
61546,93,97,-4,4
61547,100,121,-21,21
61548,82,80,2,2
61549,170,168,2,2
61550,103,119,-16,16
61551,60,67,-7,7
61552,101,112,-11,11
61553,101,95,6,6
61554,106,101,5,5
61555,53,70,-17,17
61556,45,50,-5,5
61557,102,117,-15,15
61558,74,73,1,1
61559,107,113,-6,6
61560,95,96,-1,1
61561,96,93,3,3
61562,100,99,1,1
61563,40,54,-14,14
61564,85,84,1,1
61565,59,68,-9,9
61566,107,101,6,6
61567,157,142,15,15
61568,72,83,-11,11
61569,104,91,13,13
61570,53,63,-10,10
61571,131,124,7,7
61572,147,132,15,15
61573,80,76,4,4
61574,135,128,7,7
61575,119,110,9,9
61576,128,121,7,7
61577,126,119,7,7
61578,91,82,9,9
61579,102,89,13,13
61580,55,71,-16,16
61581,69,73,-4,4
61582,57,68,-11,11
61583,53,63,-10,10
61584,109,96,13,13
61585,106,90,16,16
61586,106,107,-1,1
61587,128,113,15,15
61588,84,80,4,4
61589,73,76,-3,3
61590,137,117,20,20
61591,96,96,0,0
61592,106,105,1,1
61593,119,113,6,6
61594,113,112,1,1
61595,138,123,15,15
61596,52,63,-11,11
61597,115,111,4,4
61598,66,69,-3,3
61599,114,114,0,0
61600,46,68,-22,22
61601,108,105,3,3
61602,85,82,3,3
61603,67,66,1,1
61604,66,65,1,1
61605,76,83,-7,7
61606,93,88,5,5
61607,145,147,-2,2
61608,122,112,10,10
61609,88,82,6,6
61610,59,65,-6,6
61611,77,81,-4,4
61612,84,88,-4,4
61613,71,79,-8,8
61614,93,89,4,4
61615,71,72,-1,1
61616,40,54,-14,14
61617,165,147,18,18
61618,104,104,0,0
61619,54,56,-2,2
61620,46,46,0,0
61621,70,72,-2,2
61622,51,58,-7,7
61623,86,89,-3,3
61624,86,83,3,3
61625,90,87,3,3
61626,160,153,7,7
61627,119,114,5,5
61628,78,84,-6,6
61629,112,121,-9,9
61630,89,79,10,10
61631,96,100,-4,4
61632,96,98,-2,2
61633,96,98,-2,2
61634,33,39,-6,6
61635,78,76,2,2
61636,65,63,2,2
61637,69,76,-7,7
61638,85,88,-3,3
61639,71,67,4,4
61640,119,106,13,13
61641,100,95,5,5
61642,102,100,2,2
61643,96,87,9,9
61644,77,78,-1,1
61645,91,93,-2,2
61646,175,152,23,23
61647,96,96,0,0
61648,133,121,12,12
61649,107,121,-14,14
61650,98,91,7,7
61651,94,96,-2,2
61652,67,72,-5,5
61653,116,119,-3,3
61654,73,83,-10,10
61655,83,72,11,11
61656,75,81,-6,6
61657,109,118,-9,9
61658,143,140,3,3
61659,84,86,-2,2
61660,79,84,-5,5
61661,104,101,3,3
61662,44,48,-4,4
61663,53,51,2,2
61664,108,103,5,5
61665,86,92,-6,6
61666,119,120,-1,1
61667,56,43,13,13
61668,88,92,-4,4
61669,118,117,1,1
61670,102,101,1,1
61671,49,55,-6,6
61672,99,100,-1,1
61673,105,166,-61,61
61674,131,112,19,19
61675,78,76,2,2
61676,99,92,7,7
61677,23,26,-3,3
61678,126,121,5,5
61679,92,89,3,3
61680,85,90,-5,5
61681,61,72,-11,11
61682,137,135,2,2
61683,74,79,-5,5
61684,129,120,9,9
61685,156,149,7,7
61686,72,72,0,0
61687,151,134,17,17
61688,72,69,3,3
61689,81,87,-6,6
61690,128,118,10,10
61691,136,122,14,14
61692,111,112,-1,1
61693,150,147,3,3
61694,79,83,-4,4
61695,124,119,5,5
61696,133,118,15,15
61697,106,112,-6,6
61698,71,83,-12,12
61699,69,70,-1,1
61700,105,110,-5,5
61701,60,63,-3,3
61702,97,95,2,2
61703,129,130,-1,1
61704,70,71,-1,1
61705,137,138,-1,1
61706,110,102,8,8
61707,97,94,3,3
61708,149,158,-9,9
61709,63,72,-9,9
61710,71,76,-5,5
61711,108,103,5,5
61712,127,122,5,5
61713,92,98,-6,6
61714,41,49,-8,8
61715,87,86,1,1
61716,95,95,0,0
61717,58,65,-7,7
61718,103,110,-7,7
61719,106,103,3,3
61720,100,102,-2,2
61721,49,61,-12,12
61722,103,121,-18,18
61723,147,146,1,1
61724,110,104,6,6
61725,121,137,-16,16
61726,66,70,-4,4
61727,66,71,-5,5
61728,75,76,-1,1
61729,127,129,-2,2
61730,96,88,8,8
61731,179,156,23,23
61732,153,144,9,9
61733,89,85,4,4
61734,111,106,5,5
61735,124,104,20,20
61736,86,76,10,10
61737,98,105,-7,7
61738,82,83,-1,1
61739,138,119,19,19
61740,98,92,6,6
61741,187,166,21,21
61742,141,126,15,15
61743,72,80,-8,8
61744,110,103,7,7
61745,87,95,-8,8
61746,60,65,-5,5
61747,71,73,-2,2
61748,123,123,0,0
61749,57,65,-8,8
61750,113,116,-3,3
61751,148,141,7,7
61752,73,76,-3,3
61753,62,74,-12,12
61754,108,122,-14,14
61755,105,101,4,4
61756,152,121,31,31
61757,51,58,-7,7
61758,127,122,5,5
61759,31,30,1,1
61760,68,72,-4,4
61761,163,146,17,17
61762,160,143,17,17
61763,73,77,-4,4
61764,43,56,-13,13
61765,102,101,1,1
61766,91,106,-15,15
61767,136,119,17,17
61768,92,87,5,5
61769,60,68,-8,8
61770,45,55,-10,10
61771,111,106,5,5
61772,95,102,-7,7
61773,100,98,2,2
61774,139,140,-1,1
61775,99,97,2,2
61776,68,78,-10,10
61777,55,60,-5,5
61778,110,96,14,14
61779,67,77,-10,10
61780,103,100,3,3
61781,115,110,5,5
61782,131,137,-6,6
61783,106,111,-5,5
61784,154,136,18,18
61785,104,112,-8,8
61786,91,85,6,6
61787,139,136,3,3
61788,56,66,-10,10
61789,139,129,10,10
61790,72,67,5,5
61791,144,134,10,10
61792,112,108,4,4
61793,68,69,-1,1
61794,88,90,-2,2
61795,79,91,-12,12
61796,104,107,-3,3
61797,54,56,-2,2
61798,111,102,9,9
61799,87,88,-1,1
61800,185,164,21,21
61801,92,88,4,4
61802,68,75,-7,7
61803,91,89,2,2
61804,84,82,2,2
61805,82,84,-2,2
61806,126,120,6,6
61807,71,77,-6,6
61808,72,73,-1,1
61809,137,133,4,4
61810,61,72,-11,11
61811,106,105,1,1
61812,59,58,1,1
61813,77,76,1,1
61814,149,125,24,24
61815,63,69,-6,6
61816,66,74,-8,8
61817,105,100,5,5
61818,85,85,0,0
61819,109,98,11,11
61820,81,87,-6,6
61821,60,64,-4,4
61822,40,51,-11,11
61823,95,87,8,8
61824,110,97,13,13
61825,68,67,1,1
61826,67,72,-5,5
61827,76,78,-2,2
61828,188,170,18,18
61829,59,63,-4,4
61830,131,116,15,15
61831,108,105,3,3
61832,114,117,-3,3
61833,108,107,1,1
61834,104,96,8,8
61835,94,93,1,1
61836,47,53,-6,6
61837,77,74,3,3
61838,80,85,-5,5
61839,96,90,6,6
61840,103,102,1,1
61841,109,105,4,4
61842,66,79,-13,13
61843,98,88,10,10
61844,126,107,19,19
61845,97,106,-9,9
61846,99,95,4,4
61847,107,106,1,1
61848,129,126,3,3
61849,87,90,-3,3
61850,69,72,-3,3
61851,115,104,11,11
61852,99,102,-3,3
61853,99,96,3,3
61854,155,156,-1,1
61855,121,113,8,8
61856,123,123,0,0
61857,91,89,2,2
61858,68,78,-10,10
61859,118,107,11,11
61860,98,101,-3,3
61861,108,102,6,6
61862,112,108,4,4
61863,80,75,5,5
61864,92,127,-35,35
61865,116,104,12,12
61866,56,66,-10,10
61867,127,124,3,3
61868,50,59,-9,9
61869,121,109,12,12
61870,157,145,12,12
61871,78,78,0,0
61872,85,80,5,5
61873,142,134,8,8
61874,42,49,-7,7
61875,62,69,-7,7
61876,61,68,-7,7
61877,75,79,-4,4
61878,82,86,-4,4
61879,107,101,6,6
61880,130,129,1,1
61881,64,74,-10,10
61882,75,78,-3,3
61883,109,104,5,5
61884,65,81,-16,16
61885,112,113,-1,1
61886,88,96,-8,8
61887,140,131,9,9
61888,132,124,8,8
61889,108,109,-1,1
61890,92,77,15,15
61891,63,66,-3,3
61892,48,54,-6,6
61893,144,118,26,26
61894,104,103,1,1
61895,107,101,6,6
61896,52,68,-16,16
61897,73,75,-2,2
61898,44,52,-8,8
61899,120,112,8,8
61900,87,85,2,2
61901,110,115,-5,5
61902,73,75,-2,2
61903,79,88,-9,9
61904,57,70,-13,13
61905,68,75,-7,7
61906,81,98,-17,17
61907,63,64,-1,1
61908,41,44,-3,3
61909,71,72,-1,1
61910,106,113,-7,7
61911,105,94,11,11
61912,183,144,39,39
61913,111,115,-4,4
61914,137,127,10,10
61915,51,63,-12,12
61916,40,43,-3,3
61917,70,78,-8,8
61918,120,114,6,6
61919,57,71,-14,14
61920,66,68,-2,2
61921,140,118,22,22
61922,71,81,-10,10
61923,96,91,5,5
61924,108,106,2,2
61925,134,139,-5,5
61926,97,95,2,2
61927,44,45,-1,1
61928,49,54,-5,5
61929,63,63,0,0
61930,97,102,-5,5
61931,38,41,-3,3
61932,68,68,0,0
61933,114,103,11,11
61934,105,107,-2,2
61935,36,33,3,3
61936,69,67,2,2
61937,101,98,3,3
61938,155,135,20,20
61939,53,74,-21,21
61940,151,138,13,13
61941,65,66,-1,1
61942,64,70,-6,6
61943,181,158,23,23
61944,110,109,1,1
61945,93,95,-2,2
61946,183,165,18,18
61947,94,89,5,5
61948,91,92,-1,1
61949,105,110,-5,5
61950,51,58,-7,7
61951,76,77,-1,1
61952,60,75,-15,15
61953,72,75,-3,3
61954,108,102,6,6
61955,119,110,9,9
61956,98,108,-10,10
61957,119,103,16,16
61958,122,117,5,5
61959,90,90,0,0
61960,55,65,-10,10
61961,62,61,1,1
61962,41,57,-16,16
61963,86,84,2,2
61964,58,61,-3,3
61965,159,152,7,7
61966,84,87,-3,3
61967,101,101,0,0
61968,107,97,10,10
61969,150,138,12,12
61970,105,109,-4,4
61971,83,86,-3,3
61972,78,85,-7,7
61973,51,57,-6,6
61974,83,91,-8,8
61975,111,110,1,1
61976,116,121,-5,5
61977,124,102,22,22
61978,116,110,6,6
61979,133,123,10,10
61980,143,132,11,11
61981,102,102,0,0
61982,94,97,-3,3
61983,66,71,-5,5
61984,76,85,-9,9
61985,108,104,4,4
61986,69,66,3,3
61987,90,80,10,10
61988,65,77,-12,12
61989,157,147,10,10
61990,81,79,2,2
61991,116,119,-3,3
61992,94,90,4,4
61993,98,112,-14,14
61994,149,135,14,14
61995,87,89,-2,2
61996,124,123,1,1
61997,121,117,4,4
61998,157,141,16,16
61999,100,95,5,5
62000,129,127,2,2
62001,97,95,2,2
62002,57,61,-4,4
62003,108,103,5,5
62004,64,64,0,0
62005,195,163,32,32
62006,81,80,1,1
62007,92,89,3,3
62008,139,140,-1,1
62009,67,69,-2,2
62010,78,87,-9,9
62011,56,63,-7,7
62012,90,88,2,2
62013,69,77,-8,8
62014,109,103,6,6
62015,67,70,-3,3
62016,65,74,-9,9
62017,67,77,-10,10
62018,128,112,16,16
62019,101,96,5,5
62020,103,101,2,2
62021,66,66,0,0
62022,78,84,-6,6
62023,121,113,8,8
62024,99,105,-6,6
62025,69,64,5,5
62026,64,73,-9,9
62027,66,65,1,1
62028,76,79,-3,3
62029,91,94,-3,3
62030,49,62,-13,13
62031,222,177,45,45
62032,71,69,2,2
62033,155,144,11,11
62034,80,84,-4,4
62035,94,78,16,16
62036,70,74,-4,4
62037,106,103,3,3
62038,81,86,-5,5
62039,90,83,7,7
62040,73,76,-3,3
62041,65,66,-1,1
62042,71,79,-8,8
62043,140,119,21,21
62044,109,113,-4,4
62045,72,75,-3,3
62046,95,104,-9,9
62047,92,86,6,6
62048,104,109,-5,5
62049,74,78,-4,4
62050,102,102,0,0
62051,75,81,-6,6
62052,100,95,5,5
62053,111,113,-2,2
62054,52,57,-5,5
62055,79,75,4,4
62056,99,92,7,7
62057,140,137,3,3
62058,181,173,8,8
62059,106,103,3,3
62060,59,56,3,3
62061,129,118,11,11
62062,95,112,-17,17
62063,50,61,-11,11
62064,71,74,-3,3
62065,46,69,-23,23
62066,103,107,-4,4
62067,82,84,-2,2
62068,114,105,9,9
62069,114,109,5,5
62070,92,92,0,0
62071,74,80,-6,6
62072,102,99,3,3
62073,104,101,3,3
62074,86,84,2,2
62075,51,73,-22,22
62076,86,85,1,1
62077,78,81,-3,3
62078,99,103,-4,4
62079,95,85,10,10
62080,82,83,-1,1
62081,111,114,-3,3
62082,129,112,17,17
62083,90,112,-22,22
62084,139,139,0,0
62085,72,83,-11,11
62086,55,67,-12,12
62087,165,148,17,17
62088,115,116,-1,1
62089,61,75,-14,14
62090,84,81,3,3
62091,136,130,6,6
62092,83,81,2,2
62093,27,38,-11,11
62094,108,105,3,3
62095,147,128,19,19
62096,120,119,1,1
62097,73,89,-16,16
62098,60,72,-12,12
62099,123,123,0,0
62100,89,88,1,1
62101,73,71,2,2
62102,64,71,-7,7
62103,62,69,-7,7
62104,100,90,10,10
62105,100,91,9,9
62106,48,70,-22,22
62107,119,109,10,10
62108,53,58,-5,5
62109,142,141,1,1
62110,58,63,-5,5
62111,100,110,-10,10
62112,77,75,2,2
62113,71,87,-16,16
62114,126,124,2,2
62115,50,58,-8,8
62116,205,162,43,43
62117,60,71,-11,11
62118,91,90,1,1
62119,70,81,-11,11
62120,90,95,-5,5
62121,159,147,12,12
62122,75,80,-5,5
62123,116,94,22,22
62124,109,112,-3,3
62125,143,131,12,12
62126,112,104,8,8
62127,84,88,-4,4
62128,170,163,7,7
62129,150,143,7,7
62130,109,105,4,4
62131,161,145,16,16
62132,99,104,-5,5
62133,127,108,19,19
62134,62,30,32,32
62135,133,128,5,5
62136,101,106,-5,5
62137,127,118,9,9
62138,89,86,3,3
62139,95,89,6,6
62140,150,135,15,15
62141,49,52,-3,3
62142,92,92,0,0
62143,92,90,2,2
62144,38,55,-17,17
62145,145,144,1,1
62146,156,154,2,2
62147,125,120,5,5
62148,51,52,-1,1
62149,134,111,23,23
62150,92,104,-12,12
62151,85,94,-9,9
62152,60,65,-5,5
62153,67,75,-8,8
62154,99,108,-9,9
62155,159,155,4,4
62156,86,91,-5,5
62157,75,63,12,12
62158,42,46,-4,4
62159,71,76,-5,5
62160,136,135,1,1
62161,67,79,-12,12
62162,112,110,2,2
62163,71,77,-6,6
62164,48,65,-17,17
62165,139,137,2,2
62166,114,145,-31,31
62167,48,51,-3,3
62168,86,86,0,0
62169,119,109,10,10
62170,94,92,2,2
62171,105,103,2,2
62172,104,95,9,9
62173,85,90,-5,5
62174,66,67,-1,1
62175,93,89,4,4
62176,88,92,-4,4
62177,67,70,-3,3
62178,91,98,-7,7
62179,110,108,2,2
62180,80,78,2,2
62181,98,105,-7,7
62182,126,123,3,3
62183,52,62,-10,10
62184,63,72,-9,9
62185,91,96,-5,5
62186,103,103,0,0
62187,68,69,-1,1
62188,73,81,-8,8
62189,95,96,-1,1
62190,100,95,5,5
62191,111,97,14,14
62192,100,104,-4,4
62193,75,79,-4,4
62194,84,87,-3,3
62195,75,79,-4,4
62196,139,124,15,15
62197,105,109,-4,4
62198,84,94,-10,10
62199,137,121,16,16
62200,65,100,-35,35
62201,97,89,8,8
62202,78,82,-4,4
62203,122,123,-1,1
62204,72,80,-8,8
62205,80,98,-18,18
62206,132,118,14,14
62207,113,107,6,6
62208,121,115,6,6
62209,72,75,-3,3
62210,95,98,-3,3
62211,124,117,7,7
62212,122,117,5,5
62213,152,147,5,5
62214,105,101,4,4
62215,103,107,-4,4
62216,111,102,9,9
62217,60,59,1,1
62218,75,97,-22,22
62219,69,77,-8,8
62220,85,81,4,4
62221,91,97,-6,6
62222,106,98,8,8
62223,76,89,-13,13
62224,43,53,-10,10
62225,65,64,1,1
62226,180,168,12,12
62227,38,61,-23,23
62228,86,86,0,0
62229,77,81,-4,4
62230,110,111,-1,1
62231,111,109,2,2
62232,134,123,11,11
62233,123,126,-3,3
62234,67,74,-7,7
62235,77,83,-6,6
62236,95,104,-9,9
62237,94,96,-2,2
62238,131,129,2,2
62239,88,99,-11,11
62240,130,125,5,5
62241,78,80,-2,2
62242,98,102,-4,4
62243,66,69,-3,3
62244,63,71,-8,8
62245,85,81,4,4
62246,82,85,-3,3
62247,82,92,-10,10
62248,104,101,3,3
62249,120,115,5,5
62250,68,74,-6,6
62251,108,111,-3,3
62252,101,99,2,2
62253,102,99,3,3
62254,161,156,5,5
62255,48,59,-11,11
62256,82,90,-8,8
62257,134,128,6,6
62258,102,97,5,5
62259,47,57,-10,10
62260,101,79,22,22
62261,103,99,4,4
62262,158,140,18,18
62263,79,84,-5,5
62264,126,119,7,7
62265,72,82,-10,10
62266,103,103,0,0
62267,86,95,-9,9
62268,73,83,-10,10
62269,150,137,13,13
62270,69,69,0,0
62271,89,84,5,5
62272,102,98,4,4
62273,89,90,-1,1
62274,92,91,1,1
62275,91,91,0,0
62276,69,74,-5,5
62277,31,44,-13,13
62278,62,64,-2,2
62279,74,80,-6,6
62280,73,71,2,2
62281,92,81,11,11
62282,68,75,-7,7
62283,121,111,10,10
62284,160,149,11,11
62285,124,119,5,5
62286,71,71,0,0
62287,98,87,11,11
62288,85,85,0,0
62289,93,88,5,5
62290,87,79,8,8
62291,210,168,42,42
62292,74,79,-5,5
62293,84,88,-4,4
62294,141,133,8,8
62295,68,74,-6,6
62296,118,113,5,5
62297,75,80,-5,5
62298,150,140,10,10
62299,162,149,13,13
62300,59,63,-4,4
62301,82,84,-2,2
62302,118,109,9,9
62303,94,98,-4,4
62304,75,95,-20,20
62305,71,74,-3,3
62306,131,120,11,11
62307,120,111,9,9
62308,91,95,-4,4
62309,112,103,9,9
62310,145,137,8,8
62311,93,85,8,8
62312,93,87,6,6
62313,89,81,8,8
62314,110,103,7,7
62315,78,78,0,0
62316,80,79,1,1
62317,133,130,3,3
62318,50,52,-2,2
62319,82,83,-1,1
62320,145,125,20,20
62321,126,106,20,20
62322,105,100,5,5
62323,159,150,9,9
62324,118,119,-1,1
62325,142,133,9,9
62326,108,96,12,12
62327,110,108,2,2
62328,106,96,10,10
62329,119,118,1,1
62330,90,93,-3,3
62331,68,75,-7,7
62332,119,112,7,7
62333,162,147,15,15
62334,76,82,-6,6
62335,89,85,4,4
62336,57,66,-9,9
62337,79,82,-3,3
62338,72,79,-7,7
62339,110,96,14,14
62340,82,82,0,0
62341,76,75,1,1
62342,68,78,-10,10
62343,79,102,-23,23
62344,64,74,-10,10
62345,151,132,19,19
62346,64,68,-4,4
62347,110,104,6,6
62348,78,73,5,5
62349,123,120,3,3
62350,118,114,4,4
62351,58,71,-13,13
62352,140,127,13,13
62353,128,111,17,17
62354,57,56,1,1
62355,101,105,-4,4
62356,106,96,10,10
62357,71,80,-9,9
62358,61,66,-5,5
62359,187,155,32,32
62360,123,111,12,12
62361,64,65,-1,1
62362,59,68,-9,9
62363,83,85,-2,2
62364,68,76,-8,8
62365,83,80,3,3
62366,111,106,5,5
62367,86,94,-8,8
62368,87,88,-1,1
62369,97,94,3,3
62370,76,76,0,0
62371,91,95,-4,4
62372,169,146,23,23
62373,51,56,-5,5
62374,57,75,-18,18
62375,168,162,6,6
62376,93,73,20,20
62377,93,90,3,3
62378,98,87,11,11
62379,76,87,-11,11
62380,142,130,12,12
62381,60,65,-5,5
62382,118,109,9,9
62383,40,64,-24,24
62384,68,67,1,1
62385,75,72,3,3
62386,97,90,7,7
62387,124,120,4,4
62388,68,68,0,0
62389,89,88,1,1
62390,109,106,3,3
62391,53,58,-5,5
62392,112,109,3,3
62393,140,137,3,3
62394,113,103,10,10
62395,105,114,-9,9
62396,69,70,-1,1
62397,98,117,-19,19
62398,150,139,11,11
62399,93,93,0,0
62400,117,121,-4,4
62401,44,52,-8,8
62402,65,63,2,2
62403,78,75,3,3
62404,149,142,7,7
62405,75,74,1,1
62406,82,84,-2,2
62407,93,88,5,5
62408,129,122,7,7
62409,46,60,-14,14
62410,56,57,-1,1
62411,99,84,15,15
62412,31,54,-23,23
62413,113,112,1,1
62414,167,160,7,7
62415,113,114,-1,1
62416,171,163,8,8
62417,71,78,-7,7
62418,103,104,-1,1
62419,76,83,-7,7
62420,64,61,3,3
62421,105,107,-2,2
62422,176,158,18,18
62423,127,114,13,13
62424,118,105,13,13
62425,88,98,-10,10
62426,133,127,6,6
62427,84,94,-10,10
62428,108,108,0,0
62429,72,74,-2,2
62430,128,120,8,8
62431,36,51,-15,15
62432,116,102,14,14
62433,105,108,-3,3
62434,85,89,-4,4
62435,48,53,-5,5
62436,142,124,18,18
62437,78,67,11,11
62438,72,81,-9,9
62439,255,225,30,30
62440,113,117,-4,4
62441,98,90,8,8
62442,143,126,17,17
62443,85,104,-19,19
62444,111,111,0,0
62445,106,104,2,2
62446,111,112,-1,1
62447,84,81,3,3
62448,74,77,-3,3
62449,87,91,-4,4
62450,133,128,5,5
62451,111,114,-3,3
62452,78,79,-1,1
62453,83,89,-6,6
62454,117,101,16,16
62455,97,94,3,3
62456,127,127,0,0
62457,66,68,-2,2
62458,124,114,10,10
62459,72,75,-3,3
62460,108,92,16,16
62461,124,121,3,3
62462,137,116,21,21
62463,84,87,-3,3
62464,175,164,11,11
62465,32,31,1,1
62466,127,109,18,18
62467,139,135,4,4
62468,84,104,-20,20
62469,138,138,0,0
62470,147,145,2,2
62471,49,59,-10,10
62472,87,87,0,0
62473,71,77,-6,6
62474,89,79,10,10
62475,122,118,4,4
62476,110,114,-4,4
62477,112,110,2,2
62478,161,139,22,22
62479,78,88,-10,10
62480,84,88,-4,4
62481,96,87,9,9
62482,83,85,-2,2
62483,166,143,23,23
62484,69,69,0,0
62485,48,52,-4,4
62486,84,74,10,10
62487,113,97,16,16
62488,89,93,-4,4
62489,51,59,-8,8
62490,101,101,0,0
62491,70,72,-2,2
62492,107,100,7,7
62493,99,96,3,3
62494,142,128,14,14
62495,123,111,12,12
62496,81,82,-1,1
62497,60,66,-6,6
62498,139,125,14,14
62499,93,88,5,5
62500,123,128,-5,5
62501,101,80,21,21
62502,128,124,4,4
62503,72,77,-5,5
62504,134,117,17,17
62505,89,89,0,0
62506,162,145,17,17
62507,129,111,18,18
62508,97,97,0,0
62509,63,78,-15,15
62510,88,90,-2,2
62511,47,55,-8,8
62512,163,145,18,18
62513,169,164,5,5
62514,88,87,1,1
62515,116,112,4,4
62516,68,71,-3,3
62517,66,74,-8,8
62518,75,82,-7,7
62519,79,84,-5,5
62520,132,128,4,4
62521,64,75,-11,11
62522,154,140,14,14
62523,159,127,32,32
62524,97,101,-4,4
62525,151,138,13,13
62526,64,71,-7,7
62527,86,81,5,5
62528,86,103,-17,17
62529,105,105,0,0
62530,135,132,3,3
62531,78,89,-11,11
62532,180,153,27,27
62533,126,116,10,10
62534,115,113,2,2
62535,95,106,-11,11
62536,123,108,15,15
62537,49,59,-10,10
62538,94,100,-6,6
62539,170,155,15,15
62540,92,88,4,4
62541,101,105,-4,4
62542,93,93,0,0
62543,123,134,-11,11
62544,83,78,5,5
62545,122,108,14,14
62546,109,121,-12,12
62547,67,61,6,6
62548,59,67,-8,8
62549,79,75,4,4
62550,82,88,-6,6
62551,69,74,-5,5
62552,83,89,-6,6
62553,116,108,8,8
62554,202,168,34,34
62555,92,103,-11,11
62556,95,88,7,7
62557,104,106,-2,2
62558,124,116,8,8
62559,203,178,25,25
62560,95,94,1,1
62561,131,124,7,7
62562,42,49,-7,7
62563,106,88,18,18
62564,40,48,-8,8
62565,81,83,-2,2
62566,125,111,14,14
62567,82,85,-3,3
62568,121,110,11,11
62569,85,94,-9,9
62570,104,94,10,10
62571,82,78,4,4
62572,76,75,1,1
62573,60,67,-7,7
62574,91,76,15,15
62575,96,88,8,8
62576,118,112,6,6
62577,101,94,7,7
62578,140,134,6,6
62579,153,142,11,11
62580,115,121,-6,6
62581,38,56,-18,18
62582,74,77,-3,3
62583,28,63,-35,35
62584,65,71,-6,6
62585,113,116,-3,3
62586,109,110,-1,1
62587,93,89,4,4
62588,87,85,2,2
62589,54,61,-7,7
62590,125,115,10,10
62591,141,135,6,6
62592,114,115,-1,1
62593,122,118,4,4
62594,138,134,4,4
62595,98,93,5,5
62596,84,83,1,1
62597,118,114,4,4
62598,114,113,1,1
62599,69,79,-10,10
62600,47,63,-16,16
62601,72,64,8,8
62602,72,66,6,6
62603,85,89,-4,4
62604,48,54,-6,6
62605,96,90,6,6
62606,90,91,-1,1
62607,99,91,8,8
62608,122,126,-4,4
62609,60,69,-9,9
62610,80,86,-6,6
62611,79,84,-5,5
62612,54,56,-2,2
62613,90,95,-5,5
62614,84,90,-6,6
62615,98,95,3,3
62616,106,103,3,3
62617,70,80,-10,10
62618,93,85,8,8
62619,81,82,-1,1
62620,108,103,5,5
62621,66,72,-6,6
62622,92,89,3,3
62623,58,57,1,1
62624,80,81,-1,1
62625,72,78,-6,6
62626,92,89,3,3
62627,114,119,-5,5
62628,149,132,17,17
62629,85,83,2,2
62630,61,58,3,3
62631,104,97,7,7
62632,100,92,8,8
62633,132,126,6,6
62634,132,122,10,10
62635,114,101,13,13
62636,89,92,-3,3
62637,52,57,-5,5
62638,51,54,-3,3
62639,109,112,-3,3
62640,112,117,-5,5
62641,80,79,1,1
62642,158,165,-7,7
62643,103,94,9,9
62644,59,68,-9,9
62645,118,108,10,10
62646,114,109,5,5
62647,101,97,4,4
62648,64,70,-6,6
62649,75,79,-4,4
62650,110,98,12,12
62651,168,172,-4,4
62652,109,99,10,10
62653,106,103,3,3
62654,32,82,-50,50
62655,86,88,-2,2
62656,185,145,40,40
62657,125,134,-9,9
62658,48,57,-9,9
62659,128,126,2,2
62660,138,137,1,1
62661,75,72,3,3
62662,84,104,-20,20
62663,115,102,13,13
62664,58,72,-14,14
62665,97,95,2,2
62666,152,131,21,21
62667,94,98,-4,4
62668,114,109,5,5
62669,130,133,-3,3
62670,61,66,-5,5
62671,185,157,28,28
62672,110,107,3,3
62673,58,63,-5,5
62674,79,86,-7,7
62675,79,79,0,0
62676,93,88,5,5
62677,129,126,3,3
62678,134,127,7,7
62679,98,103,-5,5
62680,162,151,11,11
62681,83,85,-2,2
62682,107,95,12,12
62683,98,110,-12,12
62684,131,117,14,14
62685,57,54,3,3
62686,153,133,20,20
62687,126,120,6,6
62688,89,88,1,1
62689,68,70,-2,2
62690,131,121,10,10
62691,68,83,-15,15
62692,94,88,6,6
62693,135,120,15,15
62694,96,98,-2,2
62695,95,103,-8,8
62696,90,88,2,2
62697,55,63,-8,8
62698,108,111,-3,3
62699,36,40,-4,4
62700,73,70,3,3
62701,73,84,-11,11
62702,102,98,4,4
62703,52,57,-5,5
62704,22,36,-14,14
62705,102,89,13,13
62706,136,118,18,18
62707,83,86,-3,3
62708,76,78,-2,2
62709,135,129,6,6
62710,116,118,-2,2
62711,69,75,-6,6
62712,42,53,-11,11
62713,86,78,8,8
62714,131,119,12,12
62715,119,110,9,9
62716,65,67,-2,2
62717,100,105,-5,5
62718,65,72,-7,7
62719,73,78,-5,5
62720,63,69,-6,6
62721,115,144,-29,29
62722,164,146,18,18
62723,146,140,6,6
62724,64,70,-6,6
62725,101,96,5,5
62726,124,116,8,8
62727,74,88,-14,14
62728,92,81,11,11
62729,90,87,3,3
62730,93,89,4,4
62731,76,83,-7,7
62732,133,132,1,1
62733,54,61,-7,7
62734,147,120,27,27
62735,107,107,0,0
62736,132,114,18,18
62737,129,115,14,14
62738,95,89,6,6
62739,78,87,-9,9
62740,93,89,4,4
62741,85,92,-7,7
62742,138,148,-10,10
62743,106,109,-3,3
62744,45,55,-10,10
62745,50,64,-14,14
62746,55,49,6,6
62747,44,63,-19,19
62748,70,71,-1,1
62749,125,117,8,8
62750,82,85,-3,3
62751,80,82,-2,2
62752,120,115,5,5
62753,100,97,3,3
62754,70,67,3,3
62755,65,71,-6,6
62756,96,102,-6,6
62757,93,95,-2,2
62758,106,101,5,5
62759,168,145,23,23
62760,169,151,18,18
62761,95,93,2,2
62762,95,94,1,1
62763,81,76,5,5
62764,65,76,-11,11
62765,64,75,-11,11
62766,62,77,-15,15
62767,119,114,5,5
62768,93,91,2,2
62769,77,76,1,1
62770,141,136,5,5
62771,66,74,-8,8
62772,76,91,-15,15
62773,148,137,11,11
62774,57,73,-16,16
62775,78,65,13,13
62776,134,112,22,22
62777,133,125,8,8
62778,66,72,-6,6
62779,75,72,3,3
62780,97,93,4,4
62781,131,117,14,14
62782,171,153,18,18
62783,222,204,18,18
62784,102,103,-1,1
62785,60,67,-7,7
62786,144,138,6,6
62787,43,54,-11,11
62788,82,79,3,3
62789,84,84,0,0
62790,92,98,-6,6
62791,94,81,13,13
62792,179,166,13,13
62793,119,118,1,1
62794,61,71,-10,10
62795,93,100,-7,7
62796,53,60,-7,7
62797,142,136,6,6
62798,69,71,-2,2
62799,90,94,-4,4
62800,139,132,7,7
62801,90,109,-19,19
62802,56,62,-6,6
62803,113,115,-2,2
62804,91,88,3,3
62805,86,87,-1,1
62806,111,106,5,5
62807,74,71,3,3
62808,139,122,17,17
62809,96,88,8,8
62810,105,103,2,2
62811,139,133,6,6
62812,61,70,-9,9
62813,70,75,-5,5
62814,70,76,-6,6
62815,61,65,-4,4
62816,127,129,-2,2
62817,92,97,-5,5
62818,120,108,12,12
62819,52,59,-7,7
62820,86,87,-1,1
62821,62,66,-4,4
62822,101,119,-18,18
62823,85,104,-19,19
62824,96,102,-6,6
62825,105,104,1,1
62826,122,118,4,4
62827,116,112,4,4
62828,98,84,14,14
62829,154,138,16,16
62830,100,96,4,4
62831,164,149,15,15
62832,162,146,16,16
62833,136,136,0,0
62834,62,74,-12,12
62835,178,163,15,15
62836,109,92,17,17
62837,121,106,15,15
62838,108,121,-13,13
62839,84,86,-2,2
62840,131,115,16,16
62841,122,107,15,15
62842,64,75,-11,11
62843,84,84,0,0
62844,72,73,-1,1
62845,185,156,29,29
62846,77,77,0,0
62847,137,150,-13,13
62848,93,103,-10,10
62849,86,99,-13,13
62850,144,125,19,19
62851,78,86,-8,8
62852,61,70,-9,9
62853,129,116,13,13
62854,52,68,-16,16
62855,195,173,22,22
62856,87,90,-3,3
62857,101,102,-1,1
62858,103,106,-3,3
62859,169,154,15,15
62860,104,103,1,1
62861,80,80,0,0
62862,40,62,-22,22
62863,90,95,-5,5
62864,89,98,-9,9
62865,105,102,3,3
62866,86,93,-7,7
62867,133,123,10,10
62868,89,86,3,3
62869,64,66,-2,2
62870,94,103,-9,9
62871,86,94,-8,8
62872,128,123,5,5
62873,53,58,-5,5
62874,91,80,11,11
62875,74,76,-2,2
62876,64,70,-6,6
62877,81,78,3,3
62878,66,71,-5,5
62879,76,72,4,4
62880,91,90,1,1
62881,76,79,-3,3
62882,109,100,9,9
62883,77,77,0,0
62884,76,79,-3,3
62885,110,99,11,11
62886,88,88,0,0
62887,120,113,7,7
62888,127,124,3,3
62889,106,108,-2,2
62890,201,179,22,22
62891,111,109,2,2
62892,231,197,34,34
62893,59,68,-9,9
62894,150,137,13,13
62895,141,127,14,14
62896,62,62,0,0
62897,191,176,15,15
62898,119,114,5,5
62899,72,81,-9,9
62900,103,102,1,1
62901,79,87,-8,8
62902,106,106,0,0
62903,104,118,-14,14
62904,88,94,-6,6
62905,78,87,-9,9
62906,81,93,-12,12
62907,98,101,-3,3
62908,123,118,5,5
62909,142,135,7,7
62910,74,77,-3,3
62911,163,146,17,17
62912,102,90,12,12
62913,60,66,-6,6
62914,133,112,21,21
62915,59,62,-3,3
62916,47,61,-14,14
62917,86,89,-3,3
62918,124,113,11,11
62919,28,32,-4,4
62920,59,64,-5,5
62921,124,131,-7,7
62922,105,101,4,4
62923,103,93,10,10
62924,80,82,-2,2
62925,82,79,3,3
62926,84,79,5,5
62927,128,124,4,4
62928,101,104,-3,3
62929,72,75,-3,3
62930,89,80,9,9
62931,119,118,1,1
62932,181,164,17,17
62933,146,139,7,7
62934,58,63,-5,5
62935,80,76,4,4
62936,37,47,-10,10
62937,45,63,-18,18
62938,95,104,-9,9
62939,108,106,2,2
62940,79,75,4,4
62941,85,76,9,9
62942,53,68,-15,15
62943,211,180,31,31
62944,103,100,3,3
62945,77,79,-2,2
62946,75,73,2,2
62947,95,95,0,0
62948,102,93,9,9
62949,77,81,-4,4
62950,54,58,-4,4
62951,110,105,5,5
62952,121,112,9,9
62953,89,80,9,9
62954,93,99,-6,6
62955,44,54,-10,10
62956,84,96,-12,12
62957,135,124,11,11
62958,66,66,0,0
62959,104,112,-8,8
62960,141,127,14,14
62961,98,88,10,10
62962,90,100,-10,10
62963,115,108,7,7
62964,109,110,-1,1
62965,69,79,-10,10
62966,64,66,-2,2
62967,185,164,21,21
62968,114,107,7,7
62969,191,162,29,29
62970,49,51,-2,2
62971,83,89,-6,6
62972,100,99,1,1
62973,98,90,8,8
62974,69,79,-10,10
62975,103,92,11,11
62976,148,150,-2,2
62977,81,75,6,6
62978,151,141,10,10
62979,70,64,6,6
62980,88,86,2,2
62981,93,100,-7,7
62982,60,80,-20,20
62983,88,82,6,6
62984,63,71,-8,8
62985,92,85,7,7
62986,108,109,-1,1
62987,78,89,-11,11
62988,156,136,20,20
62989,63,69,-6,6
62990,58,68,-10,10
62991,38,42,-4,4
62992,107,103,4,4
62993,101,96,5,5
62994,65,71,-6,6
62995,120,116,4,4
62996,101,93,8,8
62997,106,92,14,14
62998,72,75,-3,3
62999,127,117,10,10
63000,65,72,-7,7
63001,126,110,16,16
63002,113,110,3,3
63003,104,110,-6,6
63004,152,137,15,15
63005,57,66,-9,9
63006,83,77,6,6
63007,101,101,0,0
63008,81,82,-1,1
63009,54,68,-14,14
63010,80,81,-1,1
63011,83,89,-6,6
63012,31,27,4,4
63013,64,69,-5,5
63014,159,153,6,6
63015,133,124,9,9
63016,116,121,-5,5
63017,57,60,-3,3
63018,99,95,4,4
63019,62,58,4,4
63020,90,86,4,4
63021,117,114,3,3
63022,142,126,16,16
63023,177,154,23,23
63024,59,61,-2,2
63025,89,100,-11,11
63026,69,71,-2,2
63027,63,74,-11,11
63028,46,74,-28,28
63029,136,139,-3,3
63030,105,116,-11,11
63031,127,131,-4,4
63032,66,74,-8,8
63033,138,134,4,4
63034,71,74,-3,3
63035,97,97,0,0
63036,112,113,-1,1
63037,77,84,-7,7
63038,57,66,-9,9
63039,84,89,-5,5
63040,85,79,6,6
63041,111,104,7,7
63042,123,115,8,8
63043,110,114,-4,4
63044,114,114,0,0
63045,111,132,-21,21
63046,71,82,-11,11
63047,93,86,7,7
63048,343,295,48,48
63049,72,78,-6,6
63050,186,155,31,31
63051,62,65,-3,3
63052,79,81,-2,2
63053,129,128,1,1
63054,121,136,-15,15
63055,105,101,4,4
63056,157,140,17,17
63057,115,105,10,10
63058,78,78,0,0
63059,179,176,3,3
63060,80,80,0,0
63061,113,116,-3,3
63062,87,91,-4,4
63063,95,98,-3,3
63064,95,97,-2,2
63065,104,102,2,2
63066,88,87,1,1
63067,61,71,-10,10
63068,63,60,3,3
63069,87,104,-17,17
63070,157,155,2,2
63071,92,114,-22,22
63072,53,59,-6,6
63073,128,114,14,14
63074,114,108,6,6
63075,95,100,-5,5
63076,102,101,1,1
63077,120,120,0,0
63078,110,116,-6,6
63079,207,184,23,23
63080,103,103,0,0
63081,55,58,-3,3
63082,98,94,4,4
63083,99,104,-5,5
63084,94,96,-2,2
63085,82,89,-7,7
63086,60,88,-28,28
63087,95,102,-7,7
63088,113,105,8,8
63089,113,110,3,3
63090,105,97,8,8
63091,80,71,9,9
63092,104,109,-5,5
63093,97,96,1,1
63094,62,67,-5,5
63095,62,77,-15,15
63096,85,90,-5,5
63097,114,113,1,1
63098,72,70,2,2
63099,82,80,2,2
63100,94,87,7,7
63101,90,92,-2,2
63102,110,97,13,13
63103,90,82,8,8
63104,80,84,-4,4
63105,109,98,11,11
63106,61,70,-9,9
63107,185,168,17,17
63108,117,115,2,2
63109,139,132,7,7
63110,56,61,-5,5
63111,74,72,2,2
63112,107,110,-3,3
63113,78,87,-9,9
63114,51,58,-7,7
63115,87,88,-1,1
63116,114,109,5,5
63117,83,85,-2,2
63118,137,126,11,11
63119,117,109,8,8
63120,87,97,-10,10
63121,69,80,-11,11
63122,86,90,-4,4
63123,150,142,8,8
63124,162,147,15,15
63125,87,88,-1,1
63126,68,68,0,0
63127,68,70,-2,2
63128,126,104,22,22
63129,109,102,7,7
63130,106,114,-8,8
63131,114,107,7,7
63132,136,138,-2,2
63133,128,110,18,18
63134,109,111,-2,2
63135,114,115,-1,1
63136,102,104,-2,2
63137,144,130,14,14
63138,52,54,-2,2
63139,73,86,-13,13
63140,116,111,5,5
63141,111,95,16,16
63142,106,106,0,0
63143,125,121,4,4
63144,119,101,18,18
63145,77,82,-5,5
63146,78,77,1,1
63147,62,65,-3,3
63148,80,90,-10,10
63149,101,103,-2,2
63150,130,129,1,1
63151,165,144,21,21
63152,88,80,8,8
63153,97,107,-10,10
63154,125,113,12,12
63155,55,65,-10,10
63156,76,85,-9,9
63157,124,124,0,0
63158,82,84,-2,2
63159,60,70,-10,10
63160,107,103,4,4
63161,109,109,0,0
63162,162,148,14,14
63163,95,110,-15,15
63164,54,61,-7,7
63165,125,119,6,6
63166,107,97,10,10
63167,74,69,5,5
63168,155,145,10,10
63169,77,84,-7,7
63170,80,77,3,3
63171,122,123,-1,1
63172,71,80,-9,9
63173,112,104,8,8
63174,61,71,-10,10
63175,88,95,-7,7
63176,171,146,25,25
63177,98,91,7,7
63178,59,65,-6,6
63179,150,142,8,8
63180,94,97,-3,3
63181,112,109,3,3
63182,113,93,20,20
63183,92,95,-3,3
63184,121,121,0,0
63185,101,96,5,5
63186,82,84,-2,2
63187,125,108,17,17
63188,74,76,-2,2
63189,68,69,-1,1
63190,104,108,-4,4
63191,80,83,-3,3
63192,101,89,12,12
63193,96,103,-7,7
63194,96,93,3,3
63195,79,88,-9,9
63196,75,78,-3,3
63197,121,117,4,4
63198,173,153,20,20
63199,123,114,9,9
63200,124,116,8,8
63201,123,115,8,8
63202,129,129,0,0
63203,119,106,13,13
63204,107,107,0,0
63205,117,108,9,9
63206,74,79,-5,5
63207,72,84,-12,12
63208,92,101,-9,9
63209,102,95,7,7
63210,123,131,-8,8
63211,119,126,-7,7
63212,71,74,-3,3
63213,64,75,-11,11
63214,108,105,3,3
63215,140,122,18,18
63216,90,89,1,1
63217,128,116,12,12
63218,99,104,-5,5
63219,82,95,-13,13
63220,156,146,10,10
63221,137,131,6,6
63222,78,73,5,5
63223,95,96,-1,1
63224,82,95,-13,13
63225,90,93,-3,3
63226,64,69,-5,5
63227,73,79,-6,6
63228,53,67,-14,14
63229,123,121,2,2
63230,62,68,-6,6
63231,92,96,-4,4
63232,123,115,8,8
63233,125,114,11,11
63234,41,44,-3,3
63235,187,166,21,21
63236,91,90,1,1
63237,76,81,-5,5
63238,176,155,21,21
63239,93,96,-3,3
63240,87,91,-4,4
63241,89,94,-5,5
63242,88,84,4,4
63243,99,91,8,8
63244,134,115,19,19
63245,95,94,1,1
63246,105,103,2,2
63247,42,58,-16,16
63248,96,90,6,6
63249,50,68,-18,18
63250,63,68,-5,5
63251,95,106,-11,11
63252,99,95,4,4
63253,109,115,-6,6
63254,133,115,18,18
63255,90,82,8,8
63256,71,73,-2,2
63257,58,77,-19,19
63258,173,158,15,15
63259,77,73,4,4
63260,88,63,25,25
63261,72,74,-2,2
63262,116,108,8,8
63263,61,70,-9,9
63264,94,84,10,10
63265,117,121,-4,4
63266,114,110,4,4
63267,147,135,12,12
63268,125,116,9,9
63269,100,99,1,1
63270,101,90,11,11
63271,112,109,3,3
63272,94,87,7,7
63273,119,108,11,11
63274,154,144,10,10
63275,82,82,0,0
63276,58,69,-11,11
63277,131,112,19,19
63278,82,94,-12,12
63279,96,95,1,1
63280,80,79,1,1
63281,118,118,0,0
63282,51,70,-19,19
63283,164,150,14,14
63284,77,105,-28,28
63285,144,138,6,6
63286,132,132,0,0
63287,89,87,2,2
63288,78,74,4,4
63289,51,62,-11,11
63290,100,106,-6,6
63291,108,107,1,1
63292,143,124,19,19
63293,88,84,4,4
63294,67,71,-4,4
63295,121,125,-4,4
63296,90,85,5,5
63297,65,72,-7,7
63298,79,81,-2,2
63299,144,131,13,13
63300,55,57,-2,2
63301,78,81,-3,3
63302,82,93,-11,11
63303,78,79,-1,1
63304,160,154,6,6
63305,89,85,4,4
63306,101,104,-3,3
63307,114,97,17,17
63308,86,79,7,7
63309,155,146,9,9
63310,105,110,-5,5
63311,76,73,3,3
63312,149,133,16,16
63313,99,107,-8,8
63314,120,107,13,13
63315,69,72,-3,3
63316,102,102,0,0
63317,59,63,-4,4
63318,54,70,-16,16
63319,107,100,7,7
63320,60,60,0,0
63321,70,70,0,0
63322,219,201,18,18
63323,83,84,-1,1
63324,68,71,-3,3
63325,89,90,-1,1
63326,68,79,-11,11
63327,108,110,-2,2
63328,94,103,-9,9
63329,90,89,1,1
63330,171,146,25,25
63331,35,37,-2,2
63332,39,43,-4,4
63333,80,109,-29,29
63334,69,70,-1,1
63335,109,106,3,3
63336,112,115,-3,3
63337,127,125,2,2
63338,87,87,0,0
63339,60,119,-59,59
63340,67,77,-10,10
63341,151,137,14,14
63342,115,108,7,7
63343,86,93,-7,7
63344,97,86,11,11
63345,128,117,11,11
63346,137,119,18,18
63347,102,104,-2,2
63348,76,83,-7,7
63349,33,26,7,7
63350,89,90,-1,1
63351,68,70,-2,2
63352,55,59,-4,4
63353,104,106,-2,2
63354,98,101,-3,3
63355,67,67,0,0
63356,103,97,6,6
63357,87,87,0,0
63358,92,90,2,2
63359,97,85,12,12
63360,144,135,9,9
63361,94,105,-11,11
63362,95,83,12,12
63363,131,115,16,16
63364,102,95,7,7
63365,132,127,5,5
63366,83,87,-4,4
63367,127,124,3,3
63368,71,74,-3,3
63369,86,86,0,0
63370,202,173,29,29
63371,181,163,18,18
63372,129,126,3,3
63373,112,105,7,7
63374,118,110,8,8
63375,46,45,1,1
63376,120,102,18,18
63377,55,69,-14,14
63378,141,130,11,11
63379,92,89,3,3
63380,137,133,4,4
63381,59,65,-6,6
63382,192,188,4,4
63383,144,138,6,6
63384,91,93,-2,2
63385,111,108,3,3
63386,52,56,-4,4
63387,135,124,11,11
63388,43,55,-12,12
63389,138,120,18,18
63390,159,138,21,21
63391,88,90,-2,2
63392,63,68,-5,5
63393,90,93,-3,3
63394,101,93,8,8
63395,72,75,-3,3
63396,64,66,-2,2
63397,81,79,2,2
63398,94,96,-2,2
63399,125,122,3,3
63400,64,70,-6,6
63401,68,73,-5,5
63402,77,86,-9,9
63403,125,126,-1,1
63404,68,73,-5,5
63405,131,125,6,6
63406,72,75,-3,3
63407,113,104,9,9
63408,136,133,3,3
63409,136,124,12,12
63410,129,114,15,15
63411,118,111,7,7
63412,79,78,1,1
63413,98,94,4,4
63414,117,113,4,4
63415,98,105,-7,7
63416,30,42,-12,12
63417,76,79,-3,3
63418,87,84,3,3
63419,110,105,5,5
63420,80,85,-5,5
63421,48,65,-17,17
63422,120,112,8,8
63423,98,102,-4,4
63424,43,54,-11,11
63425,84,84,0,0
63426,62,70,-8,8
63427,165,158,7,7
63428,56,61,-5,5
63429,85,85,0,0
63430,109,100,9,9
63431,149,135,14,14
63432,55,60,-5,5
63433,89,97,-8,8
63434,68,81,-13,13
63435,68,71,-3,3
63436,146,137,9,9
63437,112,109,3,3
63438,104,101,3,3
63439,49,53,-4,4
63440,67,66,1,1
63441,70,63,7,7
63442,109,102,7,7
63443,56,61,-5,5
63444,148,136,12,12
63445,97,100,-3,3
63446,79,84,-5,5
63447,116,104,12,12
63448,97,97,0,0
63449,79,83,-4,4
63450,74,73,1,1
63451,67,65,2,2
63452,118,112,6,6
63453,72,80,-8,8
63454,128,109,19,19
63455,113,113,0,0
63456,103,108,-5,5
63457,86,94,-8,8
63458,59,68,-9,9
63459,114,119,-5,5
63460,125,126,-1,1
63461,105,97,8,8
63462,70,70,0,0
63463,147,132,15,15
63464,90,85,5,5
63465,81,89,-8,8
63466,65,78,-13,13
63467,63,68,-5,5
63468,110,106,4,4
63469,108,99,9,9
63470,62,79,-17,17
63471,107,104,3,3
63472,47,54,-7,7
63473,76,81,-5,5
63474,92,94,-2,2
63475,129,125,4,4
63476,87,89,-2,2
63477,90,80,10,10
63478,75,77,-2,2
63479,69,78,-9,9
63480,61,69,-8,8
63481,76,77,-1,1
63482,49,57,-8,8
63483,133,122,11,11
63484,147,146,1,1
63485,115,103,12,12
63486,88,99,-11,11
63487,70,75,-5,5
63488,77,78,-1,1
63489,64,69,-5,5
63490,182,154,28,28
63491,103,96,7,7
63492,91,94,-3,3
63493,104,104,0,0
63494,67,62,5,5
63495,90,91,-1,1
63496,81,87,-6,6
63497,140,134,6,6
63498,64,71,-7,7
63499,132,124,8,8
63500,64,67,-3,3
63501,117,116,1,1
63502,86,94,-8,8
63503,216,185,31,31
63504,129,118,11,11
63505,107,104,3,3
63506,114,108,6,6
63507,99,92,7,7
63508,232,193,39,39
63509,81,86,-5,5
63510,117,116,1,1
63511,142,138,4,4
63512,33,32,1,1
63513,80,83,-3,3
63514,95,88,7,7
63515,84,81,3,3
63516,111,115,-4,4
63517,53,62,-9,9
63518,47,66,-19,19
63519,80,85,-5,5
63520,81,82,-1,1
63521,74,75,-1,1
63522,49,57,-8,8
63523,124,108,16,16
63524,98,91,7,7
63525,155,147,8,8
63526,58,66,-8,8
63527,111,103,8,8
63528,99,109,-10,10
63529,124,113,11,11
63530,62,61,1,1
63531,55,68,-13,13
63532,72,76,-4,4
63533,62,67,-5,5
63534,74,73,1,1
63535,76,70,6,6
63536,102,101,1,1
63537,87,90,-3,3
63538,136,125,11,11
63539,89,84,5,5
63540,68,71,-3,3
63541,67,71,-4,4
63542,97,100,-3,3
63543,123,113,10,10
63544,170,145,25,25
63545,120,119,1,1
63546,110,115,-5,5
63547,100,99,1,1
63548,37,51,-14,14
63549,84,75,9,9
63550,62,71,-9,9
63551,145,131,14,14
63552,106,103,3,3
63553,115,107,8,8
63554,126,124,2,2
63555,141,144,-3,3
63556,92,92,0,0
63557,110,106,4,4
63558,59,74,-15,15
63559,90,84,6,6
63560,77,78,-1,1
63561,70,76,-6,6
63562,77,76,1,1
63563,79,75,4,4
63564,154,140,14,14
63565,137,134,3,3
63566,106,104,2,2
63567,116,107,9,9
63568,119,105,14,14
63569,65,64,1,1
63570,139,127,12,12
63571,145,128,17,17
63572,141,131,10,10
63573,119,107,12,12
63574,70,76,-6,6
63575,78,78,0,0
63576,75,65,10,10
63577,100,97,3,3
63578,163,145,18,18
63579,162,149,13,13
63580,153,140,13,13
63581,94,97,-3,3
63582,74,75,-1,1
63583,88,89,-1,1
63584,67,74,-7,7
63585,100,108,-8,8
63586,117,121,-4,4
63587,80,78,2,2
63588,95,86,9,9
63589,77,80,-3,3
63590,121,112,9,9
63591,141,128,13,13
63592,83,77,6,6
63593,55,63,-8,8
63594,87,81,6,6
63595,76,81,-5,5
63596,116,104,12,12
63597,162,174,-12,12
63598,114,110,4,4
63599,79,81,-2,2
63600,117,119,-2,2
63601,54,61,-7,7
63602,87,90,-3,3
63603,124,121,3,3
63604,101,100,1,1
63605,53,63,-10,10
63606,133,125,8,8
63607,75,89,-14,14
63608,78,89,-11,11
63609,69,81,-12,12
63610,40,49,-9,9
63611,84,83,1,1
63612,94,99,-5,5
63613,75,73,2,2
63614,95,95,0,0
63615,82,97,-15,15
63616,75,78,-3,3
63617,141,114,27,27
63618,98,102,-4,4
63619,101,110,-9,9
63620,49,54,-5,5
63621,45,49,-4,4
63622,94,96,-2,2
63623,132,110,22,22
63624,122,109,13,13
63625,96,98,-2,2
63626,89,88,1,1
63627,114,113,1,1
63628,112,104,8,8
63629,55,70,-15,15
63630,63,67,-4,4
63631,133,113,20,20
63632,71,83,-12,12
63633,81,76,5,5
63634,104,105,-1,1
63635,97,83,14,14
63636,103,106,-3,3
63637,110,101,9,9
63638,91,90,1,1
63639,60,68,-8,8
63640,58,66,-8,8
63641,91,91,0,0
63642,69,75,-6,6
63643,75,86,-11,11
63644,175,169,6,6
63645,62,65,-3,3
63646,121,117,4,4
63647,64,68,-4,4
63648,103,95,8,8
63649,109,77,32,32
63650,111,101,10,10
63651,87,80,7,7
63652,146,132,14,14
63653,68,76,-8,8
63654,69,70,-1,1
63655,79,85,-6,6
63656,111,123,-12,12
63657,72,74,-2,2
63658,110,104,6,6
63659,106,104,2,2
63660,112,103,9,9
63661,85,81,4,4
63662,153,151,2,2
63663,102,87,15,15
63664,75,80,-5,5
63665,123,110,13,13
63666,80,95,-15,15
63667,81,83,-2,2
63668,76,79,-3,3
63669,107,125,-18,18
63670,163,147,16,16
63671,75,83,-8,8
63672,83,83,0,0
63673,72,71,1,1
63674,73,78,-5,5
63675,47,65,-18,18
63676,127,118,9,9
63677,31,38,-7,7
63678,88,83,5,5
63679,131,128,3,3
63680,140,147,-7,7
63681,172,160,12,12
63682,86,82,4,4
63683,137,126,11,11
63684,108,104,4,4
63685,67,71,-4,4
63686,157,161,-4,4
63687,42,57,-15,15
63688,81,83,-2,2
63689,96,87,9,9
63690,189,167,22,22
63691,97,109,-12,12
63692,82,89,-7,7
63693,105,92,13,13
63694,107,100,7,7
63695,81,85,-4,4
63696,44,49,-5,5
63697,93,89,4,4
63698,63,68,-5,5
63699,46,97,-51,51
63700,128,129,-1,1
63701,133,139,-6,6
63702,40,48,-8,8
63703,119,112,7,7
63704,100,92,8,8
63705,96,92,4,4
63706,84,89,-5,5
63707,188,174,14,14
63708,66,73,-7,7
63709,145,139,6,6
63710,50,65,-15,15
63711,74,78,-4,4
63712,82,84,-2,2
63713,92,93,-1,1
63714,131,126,5,5
63715,69,73,-4,4
63716,97,86,11,11
63717,137,127,10,10
63718,98,101,-3,3
63719,67,75,-8,8
63720,107,113,-6,6
63721,49,55,-6,6
63722,76,76,0,0
63723,66,71,-5,5
63724,170,149,21,21
63725,101,104,-3,3
63726,95,82,13,13
63727,76,73,3,3
63728,82,81,1,1
63729,84,81,3,3
63730,106,105,1,1
63731,64,75,-11,11
63732,91,90,1,1
63733,86,87,-1,1
63734,54,58,-4,4
63735,82,94,-12,12
63736,89,96,-7,7
63737,97,97,0,0
63738,161,143,18,18
63739,48,48,0,0
63740,109,105,4,4
63741,159,141,18,18
63742,106,107,-1,1
63743,181,150,31,31
63744,129,132,-3,3
63745,101,106,-5,5
63746,114,107,7,7
63747,126,112,14,14
63748,168,142,26,26
63749,95,100,-5,5
63750,80,84,-4,4
63751,96,92,4,4
63752,35,48,-13,13
63753,73,77,-4,4
63754,89,86,3,3
63755,107,97,10,10
63756,88,90,-2,2
63757,92,96,-4,4
63758,91,81,10,10
63759,91,82,9,9
63760,120,130,-10,10
63761,82,81,1,1
63762,80,87,-7,7
63763,55,59,-4,4
63764,76,71,5,5
63765,72,74,-2,2
63766,105,99,6,6
63767,113,105,8,8
63768,67,69,-2,2
63769,101,104,-3,3
63770,80,89,-9,9
63771,80,89,-9,9
63772,96,89,7,7
63773,71,84,-13,13
63774,148,146,2,2
63775,72,72,0,0
63776,127,128,-1,1
63777,75,80,-5,5
63778,83,88,-5,5
63779,90,95,-5,5
63780,86,88,-2,2
63781,75,82,-7,7
63782,72,76,-4,4
63783,70,62,8,8
63784,105,101,4,4
63785,41,51,-10,10
63786,68,74,-6,6
63787,86,82,4,4
63788,64,62,2,2
63789,86,91,-5,5
63790,51,63,-12,12
63791,124,112,12,12
63792,88,94,-6,6
63793,93,91,2,2
63794,54,72,-18,18
63795,71,69,2,2
63796,132,130,2,2
63797,101,98,3,3
63798,172,147,25,25
63799,176,161,15,15
63800,173,168,5,5
63801,130,123,7,7
63802,79,79,0,0
63803,102,103,-1,1
63804,133,125,8,8
63805,90,73,17,17
63806,102,98,4,4
63807,65,69,-4,4
63808,128,119,9,9
63809,159,125,34,34
63810,57,60,-3,3
63811,171,154,17,17
63812,66,75,-9,9
63813,165,148,17,17
63814,51,54,-3,3
63815,111,108,3,3
63816,211,171,40,40
63817,89,85,4,4
63818,74,78,-4,4
63819,86,98,-12,12
63820,129,108,21,21
63821,67,65,2,2
63822,112,109,3,3
63823,102,86,16,16
63824,76,79,-3,3
63825,67,81,-14,14
63826,96,94,2,2
63827,115,117,-2,2
63828,95,97,-2,2
63829,129,121,8,8
63830,78,76,2,2
63831,58,69,-11,11
63832,93,92,1,1
63833,53,56,-3,3
63834,62,69,-7,7
63835,89,90,-1,1
63836,110,106,4,4
63837,109,115,-6,6
63838,34,65,-31,31
63839,94,87,7,7
63840,54,62,-8,8
63841,111,112,-1,1
63842,128,128,0,0
63843,141,136,5,5
63844,92,87,5,5
63845,102,85,17,17
63846,94,98,-4,4
63847,130,118,12,12
63848,93,97,-4,4
63849,86,74,12,12
63850,102,101,1,1
63851,137,118,19,19
63852,55,48,7,7
63853,118,113,5,5
63854,121,110,11,11
63855,155,140,15,15
63856,71,80,-9,9
63857,140,132,8,8
63858,64,77,-13,13
63859,110,115,-5,5
63860,119,118,1,1
63861,55,68,-13,13
63862,80,86,-6,6
63863,142,123,19,19
63864,44,57,-13,13
63865,111,113,-2,2
63866,113,105,8,8
63867,146,127,19,19
63868,169,159,10,10
63869,129,118,11,11
63870,76,83,-7,7
63871,67,67,0,0
63872,75,77,-2,2
63873,68,71,-3,3
63874,74,83,-9,9
63875,80,80,0,0
63876,33,39,-6,6
63877,91,91,0,0
63878,75,74,1,1
63879,94,88,6,6
63880,142,125,17,17
63881,50,104,-54,54
63882,193,182,11,11
63883,81,86,-5,5
63884,111,101,10,10
63885,130,125,5,5
63886,51,57,-6,6
63887,73,74,-1,1
63888,136,135,1,1
63889,94,90,4,4
63890,111,100,11,11
63891,119,114,5,5
63892,101,101,0,0
63893,79,78,1,1
63894,92,91,1,1
63895,84,78,6,6
63896,48,60,-12,12
63897,105,105,0,0
63898,87,80,7,7
63899,91,96,-5,5
63900,78,86,-8,8
63901,136,143,-7,7
63902,123,119,4,4
63903,130,124,6,6
63904,126,114,12,12
63905,84,93,-9,9
63906,122,122,0,0
63907,124,117,7,7
63908,117,108,9,9
63909,49,52,-3,3
63910,63,67,-4,4
63911,64,68,-4,4
63912,57,67,-10,10
63913,37,51,-14,14
63914,38,50,-12,12
63915,56,58,-2,2
63916,137,126,11,11
63917,109,109,0,0
63918,158,144,14,14
63919,112,117,-5,5
63920,96,104,-8,8
63921,99,103,-4,4
63922,68,72,-4,4
63923,94,101,-7,7
63924,118,117,1,1
63925,80,82,-2,2
63926,78,84,-6,6
63927,94,92,2,2
63928,172,160,12,12
63929,39,46,-7,7
63930,62,81,-19,19
63931,152,131,21,21
63932,120,109,11,11
63933,90,84,6,6
63934,105,96,9,9
63935,80,76,4,4
63936,58,66,-8,8
63937,51,64,-13,13
63938,90,88,2,2
63939,107,101,6,6
63940,71,74,-3,3
63941,61,72,-11,11
63942,111,127,-16,16
63943,88,96,-8,8
63944,56,64,-8,8
63945,93,89,4,4
63946,106,97,9,9
63947,96,95,1,1
63948,81,88,-7,7
63949,63,66,-3,3
63950,112,113,-1,1
63951,120,108,12,12
63952,59,60,-1,1
63953,103,92,11,11
63954,50,59,-9,9
63955,115,96,19,19
63956,54,71,-17,17
63957,71,73,-2,2
63958,59,64,-5,5
63959,115,109,6,6
63960,47,60,-13,13
63961,100,100,0,0
63962,77,81,-4,4
63963,195,169,26,26
63964,118,112,6,6
63965,90,94,-4,4
63966,101,96,5,5
63967,141,128,13,13
63968,153,138,15,15
63969,72,83,-11,11
63970,76,84,-8,8
63971,141,118,23,23
63972,168,145,23,23
63973,189,155,34,34
63974,52,62,-10,10
63975,90,88,2,2
63976,81,84,-3,3
63977,54,62,-8,8
63978,128,117,11,11
63979,86,90,-4,4
63980,65,76,-11,11
63981,53,60,-7,7
63982,57,67,-10,10
63983,90,68,22,22
63984,73,81,-8,8
63985,75,88,-13,13
63986,85,84,1,1
63987,143,133,10,10
63988,44,61,-17,17
63989,81,77,4,4
63990,76,84,-8,8
63991,126,115,11,11
63992,46,59,-13,13
63993,139,120,19,19
63994,154,145,9,9
63995,161,157,4,4
63996,59,60,-1,1
63997,78,87,-9,9
63998,85,88,-3,3
63999,48,66,-18,18
64000,71,73,-2,2
64001,79,84,-5,5
64002,65,67,-2,2
64003,78,79,-1,1
64004,117,115,2,2
64005,51,55,-4,4
64006,153,88,65,65
64007,118,118,0,0
64008,66,66,0,0
64009,75,82,-7,7
64010,102,107,-5,5
64011,85,85,0,0
64012,64,69,-5,5
64013,95,103,-8,8
64014,160,142,18,18
64015,94,88,6,6
64016,68,80,-12,12
64017,180,166,14,14
64018,52,81,-29,29
64019,106,104,2,2
64020,85,87,-2,2
64021,115,125,-10,10
64022,57,55,2,2
64023,104,104,0,0
64024,53,58,-5,5
64025,79,76,3,3
64026,68,83,-15,15
64027,86,79,7,7
64028,121,109,12,12
64029,54,55,-1,1
64030,74,76,-2,2
64031,122,134,-12,12
64032,67,70,-3,3
64033,128,128,0,0
64034,56,64,-8,8
64035,146,137,9,9
64036,111,113,-2,2
64037,86,89,-3,3
64038,96,88,8,8
64039,144,144,0,0
64040,73,76,-3,3
64041,50,56,-6,6
64042,179,167,12,12
64043,83,89,-6,6
64044,62,65,-3,3
64045,103,105,-2,2
64046,101,99,2,2
64047,59,66,-7,7
64048,74,73,1,1
64049,72,71,1,1
64050,75,87,-12,12
64051,109,107,2,2
64052,102,88,14,14
64053,143,131,12,12
64054,83,96,-13,13
64055,156,149,7,7
64056,124,114,10,10
64057,80,78,2,2
64058,161,139,22,22
64059,54,66,-12,12
64060,75,89,-14,14
64061,155,134,21,21
64062,117,104,13,13
64063,130,127,3,3
64064,225,186,39,39
64065,94,90,4,4
64066,63,62,1,1
64067,72,75,-3,3
64068,179,159,20,20
64069,141,133,8,8
64070,82,76,6,6
64071,62,57,5,5
64072,122,122,0,0
64073,79,76,3,3
64074,93,80,13,13
64075,137,152,-15,15
64076,110,109,1,1
64077,137,130,7,7
64078,84,73,11,11
64079,64,69,-5,5
64080,64,62,2,2
64081,56,67,-11,11
64082,70,76,-6,6
64083,76,80,-4,4
64084,118,108,10,10
64085,88,80,8,8
64086,81,76,5,5
64087,129,115,14,14
64088,64,72,-8,8
64089,97,97,0,0
64090,123,122,1,1
64091,86,78,8,8
64092,97,95,2,2
64093,115,116,-1,1
64094,96,102,-6,6
64095,77,80,-3,3
64096,168,173,-5,5
64097,51,58,-7,7
64098,90,85,5,5
64099,56,68,-12,12
64100,71,78,-7,7
64101,107,106,1,1
64102,94,83,11,11
64103,46,64,-18,18
64104,118,107,11,11
64105,129,117,12,12
64106,106,108,-2,2
64107,81,87,-6,6
64108,82,77,5,5
64109,56,61,-5,5
64110,79,74,5,5
64111,71,73,-2,2
64112,148,149,-1,1
64113,205,178,27,27
64114,142,123,19,19
64115,85,82,3,3
64116,47,56,-9,9
64117,91,89,2,2
64118,108,103,5,5
64119,73,70,3,3
64120,102,103,-1,1
64121,129,132,-3,3
64122,130,154,-24,24
64123,103,94,9,9
64124,70,93,-23,23
64125,90,87,3,3
64126,118,130,-12,12
64127,85,74,11,11
64128,63,75,-12,12
64129,62,62,0,0
64130,93,91,2,2
64131,66,85,-19,19
64132,57,61,-4,4
64133,43,55,-12,12
64134,104,95,9,9
64135,131,120,11,11
64136,88,83,5,5
64137,79,84,-5,5
64138,83,74,9,9
64139,77,75,2,2
64140,82,86,-4,4
64141,109,105,4,4
64142,118,111,7,7
64143,134,133,1,1
64144,124,126,-2,2
64145,105,107,-2,2
64146,102,94,8,8
64147,109,103,6,6
64148,100,102,-2,2
64149,84,87,-3,3
64150,88,84,4,4
64151,86,85,1,1
64152,92,86,6,6
64153,125,113,12,12
64154,70,70,0,0
64155,167,135,32,32
64156,151,153,-2,2
64157,80,73,7,7
64158,125,107,18,18
64159,140,143,-3,3
64160,101,100,1,1
64161,68,71,-3,3
64162,48,65,-17,17
64163,105,100,5,5
64164,72,70,2,2
64165,73,79,-6,6
64166,139,134,5,5
64167,88,95,-7,7
64168,65,98,-33,33
64169,100,98,2,2
64170,150,143,7,7
64171,116,110,6,6
64172,64,66,-2,2
64173,115,104,11,11
64174,58,66,-8,8
64175,132,136,-4,4
64176,91,86,5,5
64177,75,71,4,4
64178,98,103,-5,5
64179,109,106,3,3
64180,115,104,11,11
64181,86,95,-9,9
64182,100,87,13,13
64183,77,81,-4,4
64184,156,151,5,5
64185,63,66,-3,3
64186,81,83,-2,2
64187,95,89,6,6
64188,70,75,-5,5
64189,100,98,2,2
64190,92,95,-3,3
64191,150,145,5,5
64192,99,105,-6,6
64193,133,121,12,12
64194,46,54,-8,8
64195,99,89,10,10
64196,128,116,12,12
64197,77,80,-3,3
64198,77,81,-4,4
64199,62,71,-9,9
64200,175,148,27,27
64201,183,167,16,16
64202,80,85,-5,5
64203,124,119,5,5
64204,116,110,6,6
64205,140,149,-9,9
64206,74,73,1,1
64207,104,117,-13,13
64208,43,58,-15,15
64209,191,168,23,23
64210,245,224,21,21
64211,94,89,5,5
64212,110,98,12,12
64213,86,89,-3,3
64214,49,68,-19,19
64215,116,113,3,3
64216,58,65,-7,7
64217,51,53,-2,2
64218,96,95,1,1
64219,73,82,-9,9
64220,100,104,-4,4
64221,83,133,-50,50
64222,130,123,7,7
64223,64,74,-10,10
64224,77,80,-3,3
64225,126,128,-2,2
64226,52,53,-1,1
64227,84,83,1,1
64228,69,84,-15,15
64229,107,124,-17,17
64230,104,95,9,9
64231,55,59,-4,4
64232,87,91,-4,4
64233,88,94,-6,6
64234,147,144,3,3
64235,122,110,12,12
64236,120,109,11,11
64237,166,150,16,16
64238,80,89,-9,9
64239,122,118,4,4
64240,43,46,-3,3
64241,121,110,11,11
64242,70,78,-8,8
64243,101,99,2,2
64244,57,67,-10,10
64245,100,93,7,7
64246,52,61,-9,9
64247,69,76,-7,7
64248,52,52,0,0
64249,60,63,-3,3
64250,74,72,2,2
64251,92,94,-2,2
64252,47,60,-13,13
64253,91,94,-3,3
64254,72,80,-8,8
64255,45,49,-4,4
64256,70,79,-9,9
64257,119,117,2,2
64258,113,114,-1,1
64259,51,59,-8,8
64260,56,63,-7,7
64261,95,93,2,2
64262,82,90,-8,8
64263,79,80,-1,1
64264,70,75,-5,5
64265,78,79,-1,1
64266,94,96,-2,2
64267,68,68,0,0
64268,87,88,-1,1
64269,164,172,-8,8
64270,101,96,5,5
64271,145,137,8,8
64272,50,57,-7,7
64273,65,81,-16,16
64274,108,99,9,9
64275,77,76,1,1
64276,153,135,18,18
64277,113,106,7,7
64278,181,146,35,35
64279,52,59,-7,7
64280,96,102,-6,6
64281,139,126,13,13
64282,91,94,-3,3
64283,73,78,-5,5
64284,77,77,0,0
64285,71,76,-5,5
64286,51,57,-6,6
64287,90,93,-3,3
64288,68,71,-3,3
64289,73,78,-5,5
64290,94,102,-8,8
64291,69,71,-2,2
64292,90,92,-2,2
64293,154,147,7,7
64294,163,138,25,25
64295,74,78,-4,4
64296,55,69,-14,14
64297,73,78,-5,5
64298,33,27,6,6
64299,154,139,15,15
64300,70,56,14,14
64301,72,74,-2,2
64302,96,101,-5,5
64303,117,113,4,4
64304,127,125,2,2
64305,84,90,-6,6
64306,99,105,-6,6
64307,72,72,0,0
64308,144,127,17,17
64309,74,79,-5,5
64310,75,81,-6,6
64311,89,85,4,4
64312,122,112,10,10
64313,165,149,16,16
64314,45,52,-7,7
64315,82,88,-6,6
64316,84,81,3,3
64317,166,152,14,14
64318,140,125,15,15
64319,96,106,-10,10
64320,73,74,-1,1
64321,200,177,23,23
64322,113,109,4,4
64323,137,127,10,10
64324,87,89,-2,2
64325,127,119,8,8
64326,74,68,6,6
64327,89,86,3,3
64328,128,130,-2,2
64329,73,80,-7,7
64330,53,58,-5,5
64331,26,51,-25,25
64332,104,101,3,3
64333,91,84,7,7
64334,157,142,15,15
64335,93,88,5,5
64336,125,125,0,0
64337,66,66,0,0
64338,125,114,11,11
64339,144,117,27,27
64340,106,96,10,10
64341,129,115,14,14
64342,86,95,-9,9
64343,188,167,21,21
64344,142,127,15,15
64345,54,62,-8,8
64346,185,150,35,35
64347,152,140,12,12
64348,55,59,-4,4
64349,74,81,-7,7
64350,132,132,0,0
64351,80,74,6,6
64352,77,77,0,0
64353,67,82,-15,15
64354,71,72,-1,1
64355,129,118,11,11
64356,116,103,13,13
64357,97,92,5,5
64358,39,46,-7,7
64359,44,56,-12,12
64360,73,77,-4,4
64361,78,78,0,0
64362,68,70,-2,2
64363,57,58,-1,1
64364,97,85,12,12
64365,77,81,-4,4
64366,159,149,10,10
64367,144,128,16,16
64368,58,68,-10,10
64369,74,85,-11,11
64370,47,57,-10,10
64371,86,86,0,0
64372,95,85,10,10
64373,74,75,-1,1
64374,84,95,-11,11
64375,175,158,17,17
64376,47,54,-7,7
64377,110,102,8,8
64378,181,163,18,18
64379,117,115,2,2
64380,77,68,9,9
64381,88,80,8,8
64382,84,89,-5,5
64383,56,56,0,0
64384,49,52,-3,3
64385,75,84,-9,9
64386,58,61,-3,3
64387,110,109,1,1
64388,80,81,-1,1
64389,120,124,-4,4
64390,79,103,-24,24
64391,107,111,-4,4
64392,79,78,1,1
64393,69,72,-3,3
64394,36,47,-11,11
64395,106,104,2,2
64396,64,70,-6,6
64397,91,97,-6,6
64398,70,77,-7,7
64399,69,73,-4,4
64400,75,82,-7,7
64401,54,58,-4,4
64402,69,82,-13,13
64403,105,110,-5,5
64404,67,75,-8,8
64405,28,39,-11,11
64406,57,65,-8,8
64407,46,41,5,5
64408,52,59,-7,7
64409,122,116,6,6
64410,101,97,4,4
64411,129,117,12,12
64412,143,147,-4,4
64413,193,170,23,23
64414,55,63,-8,8
64415,92,92,0,0
64416,107,90,17,17
64417,137,117,20,20
64418,100,102,-2,2
64419,61,69,-8,8
64420,113,99,14,14
64421,112,107,5,5
64422,78,75,3,3
64423,82,92,-10,10
64424,58,72,-14,14
64425,65,55,10,10
64426,52,67,-15,15
64427,106,105,1,1
64428,47,61,-14,14
64429,72,81,-9,9
64430,75,83,-8,8
64431,135,139,-4,4
64432,87,91,-4,4
64433,175,158,17,17
64434,99,105,-6,6
64435,50,56,-6,6
64436,90,88,2,2
64437,83,93,-10,10
64438,68,74,-6,6
64439,85,87,-2,2
64440,73,78,-5,5
64441,58,74,-16,16
64442,78,75,3,3
64443,89,97,-8,8
64444,49,56,-7,7
64445,73,70,3,3
64446,108,85,23,23
64447,60,68,-8,8
64448,142,127,15,15
64449,217,183,34,34
64450,57,57,0,0
64451,61,65,-4,4
64452,82,79,3,3
64453,73,78,-5,5
64454,108,104,4,4
64455,139,141,-2,2
64456,80,80,0,0
64457,218,196,22,22
64458,119,115,4,4
64459,105,102,3,3
64460,57,70,-13,13
64461,106,114,-8,8
64462,74,83,-9,9
64463,77,84,-7,7
64464,143,131,12,12
64465,103,98,5,5
64466,120,113,7,7
64467,124,109,15,15
64468,112,105,7,7
64469,105,96,9,9
64470,144,136,8,8
64471,97,88,9,9
64472,65,70,-5,5
64473,74,73,1,1
64474,55,64,-9,9
64475,80,85,-5,5
64476,115,109,6,6
64477,145,142,3,3
64478,103,107,-4,4
64479,132,119,13,13
64480,46,26,20,20
64481,59,64,-5,5
64482,83,84,-1,1
64483,150,139,11,11
64484,182,164,18,18
64485,44,55,-11,11
64486,64,79,-15,15
64487,53,61,-8,8
64488,78,87,-9,9
64489,112,115,-3,3
64490,109,105,4,4
64491,95,103,-8,8
64492,62,85,-23,23
64493,57,66,-9,9
64494,130,125,5,5
64495,101,94,7,7
64496,135,133,2,2
64497,100,114,-14,14
64498,107,114,-7,7
64499,97,102,-5,5
64500,79,78,1,1
64501,80,88,-8,8
64502,94,76,18,18
64503,122,115,7,7
64504,57,66,-9,9
64505,58,69,-11,11
64506,76,76,0,0
64507,144,124,20,20
64508,51,55,-4,4
64509,54,64,-10,10
64510,85,87,-2,2
64511,61,68,-7,7
64512,148,125,23,23
64513,33,43,-10,10
64514,99,95,4,4
64515,117,108,9,9
64516,82,79,3,3
64517,54,81,-27,27
64518,144,131,13,13
64519,141,131,10,10
64520,80,89,-9,9
64521,203,172,31,31
64522,93,91,2,2
64523,65,70,-5,5
64524,61,63,-2,2
64525,139,128,11,11
64526,84,84,0,0
64527,72,79,-7,7
64528,68,79,-11,11
64529,56,75,-19,19
64530,101,102,-1,1
64531,63,74,-11,11
64532,94,97,-3,3
64533,120,117,3,3
64534,113,114,-1,1
64535,32,44,-12,12
64536,94,103,-9,9
64537,116,113,3,3
64538,101,98,3,3
64539,57,69,-12,12
64540,144,131,13,13
64541,76,82,-6,6
64542,94,91,3,3
64543,80,84,-4,4
64544,100,98,2,2
64545,150,132,18,18
64546,85,88,-3,3
64547,77,78,-1,1
64548,75,78,-3,3
64549,170,149,21,21
64550,138,138,0,0
64551,74,74,0,0
64552,83,84,-1,1
64553,193,178,15,15
64554,95,86,9,9
64555,132,125,7,7
64556,69,74,-5,5
64557,120,126,-6,6
64558,102,100,2,2
64559,87,87,0,0
64560,133,113,20,20
64561,106,102,4,4
64562,90,93,-3,3
64563,61,71,-10,10
64564,87,89,-2,2
64565,130,120,10,10
64566,77,85,-8,8
64567,80,103,-23,23
64568,95,85,10,10
64569,64,71,-7,7
64570,57,70,-13,13
64571,70,75,-5,5
64572,111,105,6,6
64573,54,62,-8,8
64574,142,156,-14,14
64575,52,61,-9,9
64576,47,58,-11,11
64577,133,132,1,1
64578,140,138,2,2
64579,60,68,-8,8
64580,186,153,33,33
64581,77,80,-3,3
64582,101,94,7,7
64583,59,63,-4,4
64584,121,123,-2,2
64585,104,107,-3,3
64586,155,128,27,27
64587,83,80,3,3
64588,77,79,-2,2
64589,123,107,16,16
64590,59,62,-3,3
64591,105,92,13,13
64592,75,87,-12,12
64593,116,104,12,12
64594,72,78,-6,6
64595,149,146,3,3
64596,119,109,10,10
64597,63,76,-13,13
64598,87,85,2,2
64599,137,124,13,13
64600,82,76,6,6
64601,125,119,6,6
64602,36,46,-10,10
64603,67,75,-8,8
64604,116,114,2,2
64605,155,136,19,19
64606,103,88,15,15
64607,104,97,7,7
64608,143,138,5,5
64609,123,119,4,4
64610,121,111,10,10
64611,87,80,7,7
64612,72,78,-6,6
64613,49,66,-17,17
64614,69,86,-17,17
64615,72,89,-17,17
64616,116,95,21,21
64617,138,139,-1,1
64618,97,100,-3,3
64619,63,68,-5,5
64620,109,103,6,6
64621,80,83,-3,3
64622,96,92,4,4
64623,98,87,11,11
64624,101,104,-3,3
64625,143,128,15,15
64626,90,88,2,2
64627,85,79,6,6
64628,120,124,-4,4
64629,65,66,-1,1
64630,161,137,24,24
64631,124,105,19,19
64632,103,102,1,1
64633,99,93,6,6
64634,121,123,-2,2
64635,122,117,5,5
64636,104,109,-5,5
64637,160,160,0,0
64638,109,87,22,22
64639,63,68,-5,5
64640,112,107,5,5
64641,88,88,0,0
64642,88,87,1,1
64643,101,110,-9,9
64644,50,58,-8,8
64645,170,165,5,5
64646,64,76,-12,12
64647,102,111,-9,9
64648,93,91,2,2
64649,132,125,7,7
64650,75,85,-10,10
64651,84,77,7,7
64652,60,66,-6,6
64653,103,114,-11,11
64654,58,64,-6,6
64655,153,134,19,19
64656,135,121,14,14
64657,62,78,-16,16
64658,162,142,20,20
64659,74,77,-3,3
64660,90,84,6,6
64661,127,121,6,6
64662,97,98,-1,1
64663,102,96,6,6
64664,117,110,7,7
64665,38,53,-15,15
64666,114,107,7,7
64667,45,39,6,6
64668,100,96,4,4
64669,61,61,0,0
64670,101,91,10,10
64671,120,118,2,2
64672,152,137,15,15
64673,84,90,-6,6
64674,100,92,8,8
64675,108,103,5,5
64676,124,130,-6,6
64677,148,144,4,4
64678,46,54,-8,8
64679,119,116,3,3
64680,118,107,11,11
64681,52,64,-12,12
64682,104,107,-3,3
64683,82,102,-20,20
64684,100,90,10,10
64685,118,107,11,11
64686,70,77,-7,7
64687,104,89,15,15
64688,141,130,11,11
64689,97,96,1,1
64690,24,26,-2,2
64691,192,158,34,34
64692,71,64,7,7
64693,78,88,-10,10
64694,46,56,-10,10
64695,79,84,-5,5
64696,153,138,15,15
64697,88,100,-12,12
64698,64,76,-12,12
64699,81,78,3,3
64700,81,79,2,2
64701,105,99,6,6
64702,88,96,-8,8
64703,120,120,0,0
64704,68,68,0,0
64705,84,84,0,0
64706,121,113,8,8
64707,80,75,5,5
64708,138,135,3,3
64709,90,82,8,8
64710,87,93,-6,6
64711,92,95,-3,3
64712,111,117,-6,6
64713,77,76,1,1
64714,74,80,-6,6
64715,170,137,33,33
64716,77,81,-4,4
64717,117,122,-5,5
64718,151,130,21,21
64719,84,88,-4,4
64720,108,114,-6,6
64721,69,78,-9,9
64722,121,123,-2,2
64723,94,104,-10,10
64724,41,50,-9,9
64725,140,129,11,11
64726,76,72,4,4
64727,85,77,8,8
64728,104,106,-2,2
64729,48,59,-11,11
64730,128,130,-2,2
64731,68,71,-3,3
64732,70,76,-6,6
64733,93,85,8,8
64734,69,86,-17,17
64735,56,56,0,0
64736,96,98,-2,2
64737,50,55,-5,5
64738,64,72,-8,8
64739,69,81,-12,12
64740,89,86,3,3
64741,75,84,-9,9
64742,77,81,-4,4
64743,68,69,-1,1
64744,59,88,-29,29
64745,140,117,23,23
64746,79,76,3,3
64747,46,50,-4,4
64748,54,56,-2,2
64749,89,96,-7,7
64750,99,100,-1,1
64751,68,72,-4,4
64752,86,91,-5,5
64753,106,95,11,11
64754,82,79,3,3
64755,97,121,-24,24
64756,29,50,-21,21
64757,99,96,3,3
64758,119,120,-1,1
64759,102,103,-1,1
64760,104,105,-1,1
64761,148,123,25,25
64762,146,133,13,13
64763,107,98,9,9
64764,49,51,-2,2
64765,45,50,-5,5
64766,133,123,10,10
64767,102,104,-2,2
64768,110,113,-3,3
64769,100,98,2,2
64770,112,103,9,9
64771,59,73,-14,14
64772,73,66,7,7
64773,115,122,-7,7
64774,88,86,2,2
64775,77,86,-9,9
64776,133,124,9,9
64777,86,87,-1,1
64778,74,65,9,9
64779,125,118,7,7
64780,97,101,-4,4
64781,71,67,4,4
64782,42,52,-10,10
64783,140,135,5,5
64784,70,70,0,0
64785,76,80,-4,4
64786,59,60,-1,1
64787,87,95,-8,8
64788,134,118,16,16
64789,173,155,18,18
64790,47,58,-11,11
64791,112,96,16,16
64792,94,103,-9,9
64793,81,80,1,1
64794,152,141,11,11
64795,56,60,-4,4
64796,72,78,-6,6
64797,82,82,0,0
64798,68,72,-4,4
64799,87,91,-4,4
64800,116,130,-14,14
64801,49,53,-4,4
64802,124,117,7,7
64803,146,144,2,2
64804,151,134,17,17
64805,67,87,-20,20
64806,57,91,-34,34
64807,147,139,8,8
64808,104,104,0,0
64809,124,121,3,3
64810,46,60,-14,14
64811,118,119,-1,1
64812,110,105,5,5
64813,82,82,0,0
64814,97,88,9,9
64815,104,94,10,10
64816,46,50,-4,4
64817,76,84,-8,8
64818,66,72,-6,6
64819,51,53,-2,2
64820,63,61,2,2
64821,81,82,-1,1
64822,110,108,2,2
64823,160,150,10,10
64824,65,69,-4,4
64825,43,49,-6,6
64826,67,113,-46,46
64827,104,98,6,6
64828,83,89,-6,6
64829,57,76,-19,19
64830,139,131,8,8
64831,78,81,-3,3
64832,68,66,2,2
64833,91,89,2,2
64834,117,117,0,0
64835,117,111,6,6
64836,110,112,-2,2
64837,67,74,-7,7
64838,89,92,-3,3
64839,96,103,-7,7
64840,92,102,-10,10
64841,87,86,1,1
64842,92,84,8,8
64843,59,70,-11,11
64844,66,69,-3,3
64845,160,153,7,7
64846,188,159,29,29
64847,96,95,1,1
64848,75,83,-8,8
64849,140,130,10,10
64850,95,92,3,3
64851,83,84,-1,1
64852,103,102,1,1
64853,81,87,-6,6
64854,87,87,0,0
64855,90,90,0,0
64856,66,69,-3,3
64857,100,90,10,10
64858,75,78,-3,3
64859,50,56,-6,6
64860,68,69,-1,1
64861,82,83,-1,1
64862,72,68,4,4
64863,56,63,-7,7
64864,113,108,5,5
64865,41,57,-16,16
64866,56,67,-11,11
64867,92,88,4,4
64868,68,73,-5,5
64869,63,68,-5,5
64870,111,111,0,0
64871,74,79,-5,5
64872,91,90,1,1
64873,84,129,-45,45
64874,107,112,-5,5
64875,95,93,2,2
64876,80,73,7,7
64877,125,125,0,0
64878,57,60,-3,3
64879,115,122,-7,7
64880,117,110,7,7
64881,71,77,-6,6
64882,72,75,-3,3
64883,199,170,29,29
64884,100,104,-4,4
64885,75,71,4,4
64886,78,75,3,3
64887,82,80,2,2
64888,85,91,-6,6
64889,53,63,-10,10
64890,89,88,1,1
64891,111,102,9,9
64892,58,63,-5,5
64893,74,75,-1,1
64894,106,117,-11,11
64895,139,131,8,8
64896,94,89,5,5
64897,66,67,-1,1
64898,140,120,20,20
64899,100,98,2,2
64900,60,68,-8,8
64901,118,110,8,8
64902,108,94,14,14
64903,131,116,15,15
64904,141,143,-2,2
64905,107,111,-4,4
64906,65,76,-11,11
64907,104,106,-2,2
64908,121,122,-1,1
64909,93,97,-4,4
64910,85,96,-11,11
64911,77,75,2,2
64912,113,104,9,9
64913,44,50,-6,6
64914,110,120,-10,10
64915,75,72,3,3
64916,65,74,-9,9
64917,59,60,-1,1
64918,102,91,11,11
64919,93,108,-15,15
64920,85,87,-2,2
64921,57,63,-6,6
64922,129,118,11,11
64923,45,65,-20,20
64924,60,78,-18,18
64925,89,98,-9,9
64926,93,96,-3,3
64927,104,104,0,0
64928,55,58,-3,3
64929,83,89,-6,6
64930,137,126,11,11
64931,109,101,8,8
64932,69,72,-3,3
64933,110,119,-9,9
64934,119,103,16,16
64935,97,92,5,5
64936,81,83,-2,2
64937,104,103,1,1
64938,71,80,-9,9
64939,50,65,-15,15
64940,136,124,12,12
64941,70,70,0,0
64942,63,76,-13,13
64943,90,98,-8,8
64944,102,98,4,4
64945,50,56,-6,6
64946,138,122,16,16
64947,103,123,-20,20
64948,127,120,7,7
64949,129,128,1,1
64950,144,136,8,8
64951,52,61,-9,9
64952,72,75,-3,3
64953,94,97,-3,3
64954,77,76,1,1
64955,62,70,-8,8
64956,91,95,-4,4
64957,58,63,-5,5
64958,78,81,-3,3
64959,63,67,-4,4
64960,111,103,8,8
64961,87,91,-4,4
64962,85,81,4,4
64963,224,186,38,38
64964,99,91,8,8
64965,84,80,4,4
64966,101,96,5,5
64967,156,133,23,23
64968,50,56,-6,6
64969,82,85,-3,3
64970,190,181,9,9
64971,127,130,-3,3
64972,61,65,-4,4
64973,100,104,-4,4
64974,81,87,-6,6
64975,141,121,20,20
64976,80,77,3,3
64977,67,70,-3,3
64978,90,92,-2,2
64979,81,81,0,0
64980,55,61,-6,6
64981,85,87,-2,2
64982,36,51,-15,15
64983,87,78,9,9
64984,73,86,-13,13
64985,90,88,2,2
64986,69,65,4,4
64987,88,86,2,2
64988,64,71,-7,7
64989,56,62,-6,6
64990,130,118,12,12
64991,59,61,-2,2
64992,140,137,3,3
64993,129,113,16,16
64994,122,117,5,5
64995,69,69,0,0
64996,65,75,-10,10
64997,103,103,0,0
64998,36,35,1,1
64999,193,181,12,12
65000,123,114,9,9
65001,77,82,-5,5
65002,75,73,2,2
65003,85,95,-10,10
65004,124,121,3,3
65005,148,141,7,7
65006,92,99,-7,7
65007,70,78,-8,8
65008,129,119,10,10
65009,51,58,-7,7
65010,98,88,10,10
65011,130,117,13,13
65012,134,126,8,8
65013,89,87,2,2
65014,83,90,-7,7
65015,89,88,1,1
65016,101,101,0,0
65017,110,101,9,9
65018,68,75,-7,7
65019,68,67,1,1
65020,72,78,-6,6
65021,77,79,-2,2
65022,147,130,17,17
65023,117,111,6,6
65024,79,98,-19,19
65025,103,105,-2,2
65026,65,77,-12,12
65027,102,101,1,1
65028,66,70,-4,4
65029,101,94,7,7
65030,77,80,-3,3
65031,58,67,-9,9
65032,75,79,-4,4
65033,50,71,-21,21
65034,116,109,7,7
65035,78,78,0,0
65036,111,100,11,11
65037,35,47,-12,12
65038,94,88,6,6
65039,136,125,11,11
65040,71,73,-2,2
65041,94,103,-9,9
65042,81,80,1,1
65043,54,55,-1,1
65044,94,86,8,8
65045,94,97,-3,3
65046,143,133,10,10
65047,82,84,-2,2
65048,156,139,17,17
65049,81,89,-8,8
65050,169,156,13,13
65051,104,100,4,4
65052,107,107,0,0
65053,69,85,-16,16
65054,123,107,16,16
65055,51,59,-8,8
65056,88,95,-7,7
65057,41,48,-7,7
65058,56,68,-12,12
65059,138,132,6,6
65060,102,98,4,4
65061,97,96,1,1
65062,124,124,0,0
65063,124,113,11,11
65064,119,130,-11,11
65065,55,57,-2,2
65066,116,113,3,3
65067,60,61,-1,1
65068,134,117,17,17
65069,63,90,-27,27
65070,73,74,-1,1
65071,145,137,8,8
65072,111,109,2,2
65073,110,116,-6,6
65074,194,167,27,27
65075,92,95,-3,3
65076,97,88,9,9
65077,116,115,1,1
65078,61,60,1,1
65079,150,141,9,9
65080,45,50,-5,5
65081,99,91,8,8
65082,79,76,3,3
65083,118,118,0,0
65084,74,72,2,2
65085,108,106,2,2
65086,85,83,2,2
65087,89,79,10,10
65088,107,106,1,1
65089,165,157,8,8
65090,84,81,3,3
65091,132,121,11,11
65092,90,86,4,4
65093,144,118,26,26
65094,87,93,-6,6
65095,103,89,14,14
65096,98,102,-4,4
65097,88,89,-1,1
65098,125,119,6,6
65099,112,104,8,8
65100,51,61,-10,10
65101,105,108,-3,3
65102,149,127,22,22
65103,109,104,5,5
65104,74,79,-5,5
65105,83,85,-2,2
65106,85,89,-4,4
65107,75,71,4,4
65108,78,88,-10,10
65109,67,72,-5,5
65110,48,50,-2,2
65111,109,88,21,21
65112,92,90,2,2
65113,90,94,-4,4
65114,90,86,4,4
65115,98,97,1,1
65116,76,76,0,0
65117,83,88,-5,5
65118,148,143,5,5
65119,99,95,4,4
65120,68,70,-2,2
65121,79,74,5,5
65122,98,101,-3,3
65123,194,177,17,17
65124,90,87,3,3
65125,70,69,1,1
65126,88,89,-1,1
65127,66,72,-6,6
65128,81,73,8,8
65129,122,121,1,1
65130,96,95,1,1
65131,69,70,-1,1
65132,113,98,15,15
65133,61,73,-12,12
65134,101,87,14,14
65135,178,161,17,17
65136,111,103,8,8
65137,81,77,4,4
65138,147,156,-9,9
65139,121,114,7,7
65140,78,76,2,2
65141,86,84,2,2
65142,54,58,-4,4
65143,46,52,-6,6
65144,62,71,-9,9
65145,94,89,5,5
65146,101,97,4,4
65147,60,68,-8,8
65148,72,70,2,2
65149,75,84,-9,9
65150,148,134,14,14
65151,123,112,11,11
65152,81,94,-13,13
65153,126,123,3,3
65154,163,145,18,18
65155,105,101,4,4
65156,85,86,-1,1
65157,102,96,6,6
65158,89,88,1,1
65159,123,122,1,1
65160,62,63,-1,1
65161,78,87,-9,9
65162,98,94,4,4
65163,68,72,-4,4
65164,99,101,-2,2
65165,112,106,6,6
65166,89,85,4,4
65167,89,95,-6,6
65168,83,80,3,3
65169,119,114,5,5
65170,92,100,-8,8
65171,77,83,-6,6
65172,74,73,1,1
65173,115,131,-16,16
65174,107,103,4,4
65175,98,88,10,10
65176,136,123,13,13
65177,42,54,-12,12
65178,119,117,2,2
65179,119,116,3,3
65180,109,104,5,5
65181,113,108,5,5
65182,164,151,13,13
65183,86,83,3,3
65184,97,96,1,1
65185,112,112,0,0
65186,124,118,6,6
65187,84,97,-13,13
65188,77,80,-3,3
65189,87,80,7,7
65190,52,59,-7,7
65191,112,105,7,7
65192,78,81,-3,3
65193,93,98,-5,5
65194,115,124,-9,9
65195,76,77,-1,1
65196,209,181,28,28
65197,41,57,-16,16
65198,115,107,8,8
65199,155,135,20,20
65200,53,57,-4,4
65201,72,76,-4,4
65202,110,88,22,22
65203,91,95,-4,4
65204,99,96,3,3
65205,88,97,-9,9
65206,100,100,0,0
65207,73,88,-15,15
65208,70,70,0,0
65209,126,122,4,4
65210,102,100,2,2
65211,97,90,7,7
65212,60,69,-9,9
65213,44,51,-7,7
65214,62,72,-10,10
65215,52,61,-9,9
65216,128,122,6,6
65217,168,155,13,13
65218,101,103,-2,2
65219,106,109,-3,3
65220,191,164,27,27
65221,51,70,-19,19
65222,196,158,38,38
65223,92,101,-9,9
65224,47,51,-4,4
65225,115,105,10,10
65226,70,70,0,0
65227,84,93,-9,9
65228,145,134,11,11
65229,102,105,-3,3
65230,31,29,2,2
65231,65,70,-5,5
65232,92,90,2,2
65233,77,83,-6,6
65234,90,88,2,2
65235,30,27,3,3
65236,72,84,-12,12
65237,109,109,0,0
65238,148,143,5,5
65239,81,78,3,3
65240,75,75,0,0
65241,60,67,-7,7
65242,147,137,10,10
65243,95,80,15,15
65244,71,77,-6,6
65245,145,142,3,3
65246,91,96,-5,5
65247,48,72,-24,24
65248,94,94,0,0
65249,86,95,-9,9
65250,70,73,-3,3
65251,120,118,2,2
65252,117,113,4,4
65253,118,95,23,23
65254,66,69,-3,3
65255,70,69,1,1
65256,51,55,-4,4
65257,80,84,-4,4
65258,78,84,-6,6
65259,136,118,18,18
65260,105,107,-2,2
65261,94,87,7,7
65262,119,109,10,10
65263,119,121,-2,2
65264,66,64,2,2
65265,133,123,10,10
65266,106,103,3,3
65267,110,96,14,14
65268,109,104,5,5
65269,97,108,-11,11
65270,54,65,-11,11
65271,143,126,17,17
65272,103,105,-2,2
65273,55,56,-1,1
65274,72,76,-4,4
65275,300,208,92,92
65276,110,107,3,3
65277,120,118,2,2
65278,114,119,-5,5
65279,65,66,-1,1
65280,51,58,-7,7
65281,107,97,10,10
65282,86,90,-4,4
65283,91,91,0,0
65284,102,97,5,5
65285,72,69,3,3
65286,82,82,0,0
65287,134,126,8,8
65288,133,121,12,12
65289,79,86,-7,7
65290,146,140,6,6
65291,176,144,32,32
65292,117,111,6,6
65293,82,86,-4,4
65294,105,101,4,4
65295,89,96,-7,7
65296,72,78,-6,6
65297,71,65,6,6
65298,117,117,0,0
65299,140,125,15,15
65300,80,85,-5,5
65301,53,58,-5,5
65302,185,172,13,13
65303,111,102,9,9
65304,92,99,-7,7
65305,91,90,1,1
65306,112,99,13,13
65307,59,63,-4,4
65308,106,102,4,4
65309,53,66,-13,13
65310,132,127,5,5
65311,80,87,-7,7
65312,163,151,12,12
65313,58,68,-10,10
65314,138,124,14,14
65315,173,159,14,14
65316,64,73,-9,9
65317,78,81,-3,3
65318,101,103,-2,2
65319,103,103,0,0
65320,87,82,5,5
65321,105,101,4,4
65322,94,89,5,5
65323,89,87,2,2
65324,63,75,-12,12
65325,92,89,3,3
65326,139,138,1,1
65327,78,83,-5,5
65328,58,80,-22,22
65329,77,82,-5,5
65330,71,90,-19,19
65331,154,148,6,6
65332,93,89,4,4
65333,61,62,-1,1
65334,168,151,17,17
65335,139,126,13,13
65336,78,80,-2,2
65337,132,122,10,10
65338,56,59,-3,3
65339,78,82,-4,4
65340,86,89,-3,3
65341,68,72,-4,4
65342,31,61,-30,30
65343,60,65,-5,5
65344,150,134,16,16
65345,117,110,7,7
65346,104,103,1,1
65347,102,106,-4,4
65348,77,85,-8,8
65349,64,72,-8,8
65350,103,104,-1,1
65351,113,106,7,7
65352,96,98,-2,2
65353,114,96,18,18
65354,126,120,6,6
65355,106,106,0,0
65356,59,70,-11,11
65357,81,86,-5,5
65358,109,101,8,8
65359,121,127,-6,6
65360,70,71,-1,1
65361,148,138,10,10
65362,94,93,1,1
65363,127,120,7,7
65364,117,119,-2,2
65365,104,97,7,7
65366,46,62,-16,16
65367,106,115,-9,9
65368,94,90,4,4
65369,124,110,14,14
65370,62,71,-9,9
65371,62,80,-18,18
65372,74,83,-9,9
65373,53,59,-6,6
65374,40,52,-12,12
65375,70,75,-5,5
65376,60,67,-7,7
65377,45,45,0,0
65378,111,109,2,2
65379,37,54,-17,17
65380,88,100,-12,12
65381,51,106,-55,55
65382,66,72,-6,6
65383,76,74,2,2
65384,91,87,4,4
65385,121,119,2,2
65386,135,122,13,13
65387,87,95,-8,8
65388,99,97,2,2
65389,106,104,2,2
65390,83,89,-6,6
65391,94,88,6,6
65392,76,79,-3,3
65393,69,72,-3,3
65394,100,110,-10,10
65395,118,114,4,4
65396,66,85,-19,19
65397,89,90,-1,1
65398,104,117,-13,13
65399,110,96,14,14
65400,106,101,5,5
65401,118,115,3,3
65402,83,93,-10,10
65403,85,86,-1,1
65404,73,87,-14,14
65405,72,70,2,2
65406,61,67,-6,6
65407,59,64,-5,5
65408,114,116,-2,2
65409,68,80,-12,12
65410,179,165,14,14
65411,70,74,-4,4
65412,91,86,5,5
65413,114,107,7,7
65414,108,105,3,3
65415,79,83,-4,4
65416,79,81,-2,2
65417,125,122,3,3
65418,117,99,18,18
65419,68,79,-11,11
65420,79,82,-3,3
65421,103,111,-8,8
65422,207,176,31,31
65423,63,72,-9,9
65424,117,113,4,4
65425,63,65,-2,2
65426,71,70,1,1
65427,74,87,-13,13
65428,55,62,-7,7
65429,170,149,21,21
65430,69,72,-3,3
65431,51,65,-14,14
65432,55,60,-5,5
65433,73,78,-5,5
65434,89,106,-17,17
65435,173,149,24,24
65436,119,112,7,7
65437,85,87,-2,2
65438,94,95,-1,1
65439,104,96,8,8
65440,96,98,-2,2
65441,61,71,-10,10
65442,86,87,-1,1
65443,95,95,0,0
65444,161,146,15,15
65445,80,83,-3,3
65446,112,101,11,11
65447,75,81,-6,6
65448,141,125,16,16
65449,161,150,11,11
65450,99,101,-2,2
65451,94,96,-2,2
65452,146,129,17,17
65453,72,75,-3,3
65454,105,94,11,11
65455,69,74,-5,5
65456,113,104,9,9
65457,132,110,22,22
65458,121,118,3,3
65459,91,96,-5,5
65460,70,69,1,1
65461,96,97,-1,1
65462,155,142,13,13
65463,130,135,-5,5
65464,186,154,32,32
65465,96,97,-1,1
65466,146,150,-4,4
65467,113,107,6,6
65468,86,88,-2,2
65469,104,100,4,4
65470,66,70,-4,4
65471,96,88,8,8
65472,88,82,6,6
65473,111,103,8,8
65474,146,129,17,17
65475,86,75,11,11
65476,46,54,-8,8
65477,72,75,-3,3
65478,170,147,23,23
65479,35,35,0,0
65480,90,89,1,1
65481,143,140,3,3
65482,157,141,16,16
65483,62,71,-9,9
65484,65,66,-1,1
65485,75,76,-1,1
65486,89,88,1,1
65487,82,76,6,6
65488,80,89,-9,9
65489,56,57,-1,1
65490,76,76,0,0
65491,113,111,2,2
65492,104,110,-6,6
65493,99,93,6,6
65494,62,66,-4,4
65495,140,138,2,2
65496,76,83,-7,7
65497,114,109,5,5
65498,108,112,-4,4
65499,81,76,5,5
65500,63,69,-6,6
65501,125,119,6,6
65502,70,63,7,7
65503,90,91,-1,1
65504,37,48,-11,11
65505,92,104,-12,12
65506,96,104,-8,8
65507,85,88,-3,3
65508,106,107,-1,1
65509,86,81,5,5
65510,101,88,13,13
65511,101,101,0,0
65512,100,103,-3,3
65513,105,100,5,5
65514,71,78,-7,7
65515,58,60,-2,2
65516,179,161,18,18
65517,106,106,0,0
65518,89,84,5,5
65519,84,80,4,4
65520,113,105,8,8
65521,129,120,9,9
65522,87,95,-8,8
65523,122,121,1,1
65524,109,107,2,2
65525,78,88,-10,10
65526,96,92,4,4
65527,176,144,32,32
65528,114,107,7,7
65529,89,78,11,11
65530,115,100,15,15
65531,73,69,4,4
65532,68,75,-7,7
65533,148,135,13,13
65534,70,73,-3,3
65535,108,102,6,6
65536,60,62,-2,2
65537,98,87,11,11
65538,47,53,-6,6
65539,84,88,-4,4
65540,60,59,1,1
65541,119,121,-2,2
65542,66,74,-8,8
65543,115,112,3,3
65544,172,148,24,24
65545,105,98,7,7
65546,83,81,2,2
65547,75,74,1,1
65548,48,52,-4,4
65549,100,97,3,3
65550,59,71,-12,12
65551,67,69,-2,2
65552,103,108,-5,5
65553,48,54,-6,6
65554,108,116,-8,8
65555,77,65,12,12
65556,126,121,5,5
65557,82,104,-22,22
65558,38,55,-17,17
65559,99,93,6,6
65560,56,64,-8,8
65561,131,107,24,24
65562,96,87,9,9
65563,83,87,-4,4
65564,120,109,11,11
65565,102,93,9,9
65566,93,91,2,2
65567,127,120,7,7
65568,67,62,5,5
65569,98,94,4,4
65570,77,73,4,4
65571,84,80,4,4
65572,96,92,4,4
65573,118,114,4,4
65574,84,83,1,1
65575,70,91,-21,21
65576,100,101,-1,1
65577,118,110,8,8
65578,54,62,-8,8
65579,170,149,21,21
65580,91,97,-6,6
65581,86,83,3,3
65582,82,85,-3,3
65583,123,119,4,4
65584,94,92,2,2
65585,86,78,8,8
65586,142,141,1,1
65587,132,113,19,19
65588,140,130,10,10
65589,177,147,30,30
65590,54,66,-12,12
65591,51,59,-8,8
65592,130,120,10,10
65593,71,77,-6,6
65594,61,63,-2,2
65595,93,90,3,3
65596,93,100,-7,7
65597,83,86,-3,3
65598,104,94,10,10
65599,93,92,1,1
65600,88,87,1,1
65601,89,93,-4,4
65602,154,147,7,7
65603,53,58,-5,5
65604,85,84,1,1
65605,89,94,-5,5
65606,107,105,2,2
65607,102,98,4,4
65608,88,98,-10,10
65609,35,43,-8,8
65610,118,108,10,10
65611,63,65,-2,2
65612,56,67,-11,11
65613,41,46,-5,5
65614,108,108,0,0
65615,137,131,6,6
65616,70,70,0,0
65617,131,138,-7,7
65618,83,77,6,6
65619,87,86,1,1
65620,87,96,-9,9
65621,134,125,9,9
65622,108,94,14,14
65623,73,91,-18,18
65624,110,102,8,8
65625,100,82,18,18
65626,57,78,-21,21
65627,101,101,0,0
65628,124,115,9,9
65629,100,101,-1,1
65630,116,118,-2,2
65631,124,109,15,15
65632,119,120,-1,1
65633,95,106,-11,11
65634,131,117,14,14
65635,46,54,-8,8
65636,119,110,9,9
65637,86,81,5,5
65638,148,139,9,9
65639,63,66,-3,3
65640,84,80,4,4
65641,88,82,6,6
65642,125,113,12,12
65643,180,151,29,29
65644,92,95,-3,3
65645,73,80,-7,7
65646,54,63,-9,9
65647,125,124,1,1
65648,158,146,12,12
65649,115,110,5,5
65650,176,163,13,13
65651,71,88,-17,17
65652,109,115,-6,6
65653,115,106,9,9
65654,135,125,10,10
65655,75,77,-2,2
65656,71,77,-6,6
65657,74,87,-13,13
65658,123,130,-7,7
65659,85,87,-2,2
65660,124,114,10,10
65661,51,55,-4,4
65662,53,64,-11,11
65663,97,105,-8,8
65664,92,93,-1,1
65665,122,120,2,2
65666,183,160,23,23
65667,94,103,-9,9
65668,151,132,19,19
65669,65,71,-6,6
65670,146,138,8,8
65671,68,79,-11,11
65672,186,140,46,46
65673,121,106,15,15
65674,77,78,-1,1
65675,99,104,-5,5
65676,102,104,-2,2
65677,80,81,-1,1
65678,123,116,7,7
65679,90,95,-5,5
65680,96,98,-2,2
65681,119,102,17,17
65682,136,128,8,8
65683,84,78,6,6
65684,135,131,4,4
65685,84,103,-19,19
65686,56,62,-6,6
65687,81,86,-5,5
65688,69,63,6,6
65689,89,78,11,11
65690,105,100,5,5
65691,113,112,1,1
65692,79,79,0,0
65693,167,142,25,25
65694,85,82,3,3
65695,80,86,-6,6
65696,72,76,-4,4
65697,129,126,3,3
65698,155,130,25,25
65699,53,59,-6,6
65700,48,54,-6,6
65701,45,44,1,1
65702,55,62,-7,7
65703,99,102,-3,3
65704,91,89,2,2
65705,75,75,0,0
65706,84,84,0,0
65707,38,52,-14,14
65708,41,51,-10,10
65709,86,88,-2,2
65710,76,75,1,1
65711,53,64,-11,11
65712,63,70,-7,7
65713,79,75,4,4
65714,145,133,12,12
65715,97,99,-2,2
65716,120,118,2,2
65717,74,80,-6,6
65718,96,97,-1,1
65719,101,95,6,6
65720,94,100,-6,6
65721,92,87,5,5
65722,83,73,10,10
65723,122,104,18,18
65724,57,61,-4,4
65725,56,64,-8,8
65726,123,119,4,4
65727,104,103,1,1
65728,147,132,15,15
65729,190,182,8,8
65730,120,111,9,9
65731,173,154,19,19
65732,52,53,-1,1
65733,134,124,10,10
65734,110,100,10,10
65735,84,80,4,4
65736,92,96,-4,4
65737,112,101,11,11
65738,60,61,-1,1
65739,76,77,-1,1
65740,159,140,19,19
65741,61,72,-11,11
65742,141,126,15,15
65743,107,106,1,1
65744,103,96,7,7
65745,129,127,2,2
65746,61,62,-1,1
65747,77,74,3,3
65748,84,87,-3,3
65749,78,79,-1,1
65750,47,53,-6,6
65751,140,125,15,15
65752,56,58,-2,2
65753,154,135,19,19
65754,77,84,-7,7
65755,85,74,11,11
65756,104,114,-10,10
65757,70,87,-17,17
65758,71,77,-6,6
65759,63,66,-3,3
65760,84,83,1,1
65761,110,97,13,13
65762,88,97,-9,9
65763,74,77,-3,3
65764,72,88,-16,16
65765,46,54,-8,8
65766,94,92,2,2
65767,93,103,-10,10
65768,63,68,-5,5
65769,100,97,3,3
65770,71,75,-4,4
65771,113,112,1,1
65772,88,86,2,2
65773,83,74,9,9
65774,76,88,-12,12
65775,83,76,7,7
65776,153,127,26,26
65777,134,130,4,4
65778,91,91,0,0
65779,56,62,-6,6
65780,89,92,-3,3
65781,51,58,-7,7
65782,121,112,9,9
65783,107,105,2,2
65784,97,142,-45,45
65785,79,76,3,3
65786,115,104,11,11
65787,60,68,-8,8
65788,105,101,4,4
65789,65,72,-7,7
65790,57,62,-5,5
65791,169,144,25,25
65792,92,90,2,2
65793,104,115,-11,11
65794,68,68,0,0
65795,72,71,1,1
65796,92,94,-2,2
65797,124,118,6,6
65798,85,87,-2,2
65799,123,118,5,5
65800,112,103,9,9
65801,138,141,-3,3
65802,205,182,23,23
65803,88,89,-1,1
65804,82,87,-5,5
65805,77,80,-3,3
65806,68,72,-4,4
65807,125,117,8,8
65808,87,83,4,4
65809,112,114,-2,2
65810,66,79,-13,13
65811,132,118,14,14
65812,136,116,20,20
65813,232,205,27,27
65814,63,71,-8,8
65815,77,86,-9,9
65816,121,114,7,7
65817,161,145,16,16
65818,200,154,46,46
65819,65,67,-2,2
65820,104,92,12,12
65821,129,113,16,16
65822,129,129,0,0
65823,123,113,10,10
65824,72,81,-9,9
65825,59,64,-5,5
65826,94,105,-11,11
65827,102,111,-9,9
65828,74,74,0,0
65829,64,68,-4,4
65830,48,58,-10,10
65831,80,82,-2,2
65832,112,100,12,12
65833,67,120,-53,53
65834,79,86,-7,7
65835,79,84,-5,5
65836,51,61,-10,10
65837,213,185,28,28
65838,116,117,-1,1
65839,82,86,-4,4
65840,88,93,-5,5
65841,154,155,-1,1
65842,93,89,4,4
65843,115,113,2,2
65844,58,59,-1,1
65845,89,95,-6,6
65846,69,71,-2,2
65847,124,114,10,10
65848,87,85,2,2
65849,114,111,3,3
65850,75,82,-7,7
65851,46,70,-24,24
65852,54,63,-9,9
65853,63,60,3,3
65854,54,57,-3,3
65855,70,71,-1,1
65856,98,89,9,9
65857,74,79,-5,5
65858,76,74,2,2
65859,80,78,2,2
65860,73,128,-55,55
65861,108,106,2,2
65862,100,99,1,1
65863,64,63,1,1
65864,101,102,-1,1
65865,75,76,-1,1
65866,66,76,-10,10
65867,142,130,12,12
65868,47,53,-6,6
65869,71,70,1,1
65870,26,29,-3,3
65871,53,67,-14,14
65872,133,128,5,5
65873,96,94,2,2
65874,91,102,-11,11
65875,83,79,4,4
65876,103,105,-2,2
65877,89,80,9,9
65878,90,94,-4,4
65879,95,103,-8,8
65880,32,36,-4,4
65881,72,77,-5,5
65882,99,84,15,15
65883,115,110,5,5
65884,86,93,-7,7
65885,93,103,-10,10
65886,129,115,14,14
65887,92,90,2,2
65888,114,113,1,1
65889,84,88,-4,4
65890,93,90,3,3
65891,89,104,-15,15
65892,59,65,-6,6
65893,63,70,-7,7
65894,59,66,-7,7
65895,115,113,2,2
65896,144,120,24,24
65897,76,83,-7,7
65898,112,108,4,4
65899,118,126,-8,8
65900,80,86,-6,6
65901,106,104,2,2
65902,92,99,-7,7
65903,65,73,-8,8
65904,130,134,-4,4
65905,108,105,3,3
65906,44,64,-20,20
65907,101,104,-3,3
65908,72,80,-8,8
65909,67,71,-4,4
65910,73,77,-4,4
65911,184,163,21,21
65912,83,81,2,2
65913,77,78,-1,1
65914,113,107,6,6
65915,46,47,-1,1
65916,101,109,-8,8
65917,92,90,2,2
65918,122,114,8,8
65919,67,69,-2,2
65920,134,119,15,15
65921,82,85,-3,3
65922,142,138,4,4
65923,101,90,11,11
65924,119,121,-2,2
65925,44,55,-11,11
65926,105,106,-1,1
65927,99,105,-6,6
65928,127,118,9,9
65929,76,79,-3,3
65930,107,92,15,15
65931,104,108,-4,4
65932,104,96,8,8
65933,100,96,4,4
65934,106,99,7,7
65935,66,65,1,1
65936,154,137,17,17
65937,124,126,-2,2
65938,118,113,5,5
65939,79,81,-2,2
65940,76,77,-1,1
65941,89,85,4,4
65942,67,75,-8,8
65943,104,104,0,0
65944,108,93,15,15
65945,76,77,-1,1
65946,47,56,-9,9
65947,98,105,-7,7
65948,137,138,-1,1
65949,111,104,7,7
65950,62,62,0,0
65951,37,43,-6,6
65952,69,71,-2,2
65953,115,120,-5,5
65954,98,103,-5,5
65955,62,68,-6,6
65956,94,93,1,1
65957,46,63,-17,17
65958,97,87,10,10
65959,108,103,5,5
65960,124,118,6,6
65961,74,89,-15,15
65962,113,108,5,5
65963,96,101,-5,5
65964,135,126,9,9
65965,81,85,-4,4
65966,101,97,4,4
65967,109,113,-4,4
65968,121,113,8,8
65969,62,60,2,2
65970,105,108,-3,3
65971,105,92,13,13
65972,96,82,14,14
65973,90,73,17,17
65974,81,80,1,1
65975,137,123,14,14
65976,86,81,5,5
65977,86,92,-6,6
65978,105,108,-3,3
65979,120,110,10,10
65980,70,71,-1,1
65981,90,85,5,5
65982,90,88,2,2
65983,79,79,0,0
65984,62,67,-5,5
65985,56,63,-7,7
65986,62,63,-1,1
65987,123,108,15,15
65988,108,110,-2,2
65989,73,82,-9,9
65990,92,87,5,5
65991,97,93,4,4
65992,94,89,5,5
65993,119,116,3,3
65994,125,119,6,6
65995,252,209,43,43
65996,124,121,3,3
65997,76,84,-8,8
65998,120,117,3,3
65999,83,82,1,1
66000,82,84,-2,2
66001,93,95,-2,2
66002,56,67,-11,11
66003,78,91,-13,13
66004,121,146,-25,25
66005,100,92,8,8
66006,91,81,10,10
66007,66,68,-2,2
66008,62,66,-4,4
66009,72,73,-1,1
66010,77,85,-8,8
66011,93,92,1,1
66012,176,151,25,25
66013,55,62,-7,7
66014,75,83,-8,8
66015,60,65,-5,5
66016,143,125,18,18
66017,117,117,0,0
66018,36,51,-15,15
66019,45,52,-7,7
66020,96,94,2,2
66021,81,87,-6,6
66022,106,101,5,5
66023,83,91,-8,8
66024,105,98,7,7
66025,80,86,-6,6
66026,43,50,-7,7
66027,103,106,-3,3
66028,134,119,15,15
66029,53,59,-6,6
66030,115,108,7,7
66031,157,132,25,25
66032,67,89,-22,22
66033,104,115,-11,11
66034,148,142,6,6
66035,116,106,10,10
66036,100,94,6,6
66037,63,70,-7,7
66038,71,83,-12,12
66039,71,69,2,2
66040,67,78,-11,11
66041,105,110,-5,5
66042,102,98,4,4
66043,53,57,-4,4
66044,71,77,-6,6
66045,115,116,-1,1
66046,105,98,7,7
66047,62,79,-17,17
66048,119,113,6,6
66049,151,134,17,17
66050,55,68,-13,13
66051,76,82,-6,6
66052,37,44,-7,7
66053,126,103,23,23
66054,116,92,24,24
66055,119,113,6,6
66056,86,84,2,2
66057,64,74,-10,10
66058,53,65,-12,12
66059,108,101,7,7
66060,118,110,8,8
66061,126,122,4,4
66062,71,68,3,3
66063,99,102,-3,3
66064,49,61,-12,12
66065,87,90,-3,3
66066,75,75,0,0
66067,89,92,-3,3
66068,94,90,4,4
66069,100,91,9,9
66070,80,75,5,5
66071,78,80,-2,2
66072,65,72,-7,7
66073,104,96,8,8
66074,111,114,-3,3
66075,182,148,34,34
66076,69,75,-6,6
66077,67,73,-6,6
66078,99,114,-15,15
66079,82,79,3,3
66080,99,86,13,13
66081,66,72,-6,6
66082,162,148,14,14
66083,142,126,16,16
66084,84,83,1,1
66085,70,85,-15,15
66086,106,102,4,4
66087,57,67,-10,10
66088,89,83,6,6
66089,119,108,11,11
66090,90,85,5,5
66091,59,70,-11,11
66092,80,79,1,1
66093,113,105,8,8
66094,47,56,-9,9
66095,72,79,-7,7
66096,178,174,4,4
66097,76,90,-14,14
66098,96,101,-5,5
66099,83,86,-3,3
66100,63,73,-10,10
66101,144,138,6,6
66102,42,59,-17,17
66103,52,53,-1,1
66104,125,110,15,15
66105,63,70,-7,7
66106,69,63,6,6
66107,78,76,2,2
66108,63,80,-17,17
66109,80,87,-7,7
66110,101,100,1,1
66111,187,151,36,36
66112,163,144,19,19
66113,109,112,-3,3
66114,101,110,-9,9
66115,86,89,-3,3
66116,72,86,-14,14
66117,142,152,-10,10
66118,99,89,10,10
66119,64,70,-6,6
66120,79,80,-1,1
66121,85,74,11,11
66122,107,87,20,20
66123,97,94,3,3
66124,116,112,4,4
66125,67,73,-6,6
66126,89,102,-13,13
66127,122,110,12,12
66128,140,134,6,6
66129,62,65,-3,3
66130,119,129,-10,10
66131,117,106,11,11
66132,104,114,-10,10
66133,47,57,-10,10
66134,73,79,-6,6
66135,159,132,27,27
66136,101,102,-1,1
66137,77,72,5,5
66138,58,60,-2,2
66139,78,84,-6,6
66140,97,91,6,6
66141,76,77,-1,1
66142,88,88,0,0
66143,64,69,-5,5
66144,81,95,-14,14
66145,69,73,-4,4
66146,115,127,-12,12
66147,65,84,-19,19
66148,76,70,6,6
66149,58,67,-9,9
66150,33,34,-1,1
66151,133,123,10,10
66152,45,69,-24,24
66153,123,118,5,5
66154,100,96,4,4
66155,82,88,-6,6
66156,83,86,-3,3
66157,117,104,13,13
66158,74,73,1,1
66159,103,102,1,1
66160,72,75,-3,3
66161,142,126,16,16
66162,121,109,12,12
66163,82,79,3,3
66164,80,78,2,2
66165,100,103,-3,3
66166,164,152,12,12
66167,95,89,6,6
66168,57,64,-7,7
66169,81,75,6,6
66170,39,43,-4,4
66171,123,115,8,8
66172,127,119,8,8
66173,82,83,-1,1
66174,105,102,3,3
66175,72,74,-2,2
66176,37,47,-10,10
66177,85,88,-3,3
66178,152,137,15,15
66179,80,76,4,4
66180,55,63,-8,8
66181,76,93,-17,17
66182,21,48,-27,27
66183,220,190,30,30
66184,159,137,22,22
66185,90,93,-3,3
66186,148,142,6,6
66187,102,96,6,6
66188,83,79,4,4
66189,80,94,-14,14
66190,100,87,13,13
66191,111,99,12,12
66192,79,82,-3,3
66193,82,84,-2,2
66194,82,82,0,0
66195,197,178,19,19
66196,188,161,27,27
66197,177,169,8,8
66198,76,76,0,0
66199,157,162,-5,5
66200,49,58,-9,9
66201,44,47,-3,3
66202,66,73,-7,7
66203,156,139,17,17
66204,111,117,-6,6
66205,69,81,-12,12
66206,188,167,21,21
66207,126,109,17,17
66208,73,72,1,1
66209,111,99,12,12
66210,94,85,9,9
66211,57,76,-19,19
66212,132,120,12,12
66213,164,151,13,13
66214,55,63,-8,8
66215,139,125,14,14
66216,77,72,5,5
66217,43,55,-12,12
66218,96,88,8,8
66219,88,87,1,1
66220,74,74,0,0
66221,81,85,-4,4
66222,84,86,-2,2
66223,100,100,0,0
66224,108,95,13,13
66225,44,63,-19,19
66226,77,85,-8,8
66227,79,85,-6,6
66228,111,109,2,2
66229,86,85,1,1
66230,61,55,6,6
66231,85,83,2,2
66232,45,53,-8,8
66233,81,77,4,4
66234,159,138,21,21
66235,80,79,1,1
66236,94,88,6,6
66237,89,92,-3,3
66238,96,91,5,5
66239,95,86,9,9
66240,127,110,17,17
66241,71,68,3,3
66242,68,70,-2,2
66243,80,89,-9,9
66244,122,115,7,7
66245,136,130,6,6
66246,95,94,1,1
66247,89,86,3,3
66248,88,93,-5,5
66249,44,51,-7,7
66250,121,110,11,11
66251,47,51,-4,4
66252,72,72,0,0
66253,72,75,-3,3
66254,145,151,-6,6
66255,77,81,-4,4
66256,129,136,-7,7
66257,65,73,-8,8
66258,121,110,11,11
66259,92,87,5,5
66260,100,106,-6,6
66261,36,45,-9,9
66262,122,114,8,8
66263,112,97,15,15
66264,76,73,3,3
66265,112,120,-8,8
66266,75,82,-7,7
66267,81,83,-2,2
66268,102,88,14,14
66269,43,56,-13,13
66270,92,96,-4,4
66271,118,101,17,17
66272,73,77,-4,4
66273,179,175,4,4
66274,63,74,-11,11
66275,128,130,-2,2
66276,161,153,8,8
66277,178,150,28,28
66278,90,87,3,3
66279,74,79,-5,5
66280,74,80,-6,6
66281,95,97,-2,2
66282,98,101,-3,3
66283,94,90,4,4
66284,115,119,-4,4
66285,131,132,-1,1
66286,99,78,21,21
66287,87,87,0,0
66288,74,80,-6,6
66289,56,63,-7,7
66290,58,66,-8,8
66291,77,82,-5,5
66292,122,107,15,15
66293,70,77,-7,7
66294,40,56,-16,16
66295,106,108,-2,2
66296,100,102,-2,2
66297,73,79,-6,6
66298,72,70,2,2
66299,99,103,-4,4
66300,135,129,6,6
66301,184,154,30,30
66302,50,72,-22,22
66303,77,79,-2,2
66304,48,54,-6,6
66305,76,72,4,4
66306,87,95,-8,8
66307,137,123,14,14
66308,110,114,-4,4
66309,84,89,-5,5
66310,74,82,-8,8
66311,83,81,2,2
66312,76,79,-3,3
66313,107,130,-23,23
66314,78,73,5,5
66315,87,83,4,4
66316,64,69,-5,5
66317,60,67,-7,7
66318,94,98,-4,4
66319,80,78,2,2
66320,50,53,-3,3
66321,54,57,-3,3
66322,65,66,-1,1
66323,101,108,-7,7
66324,89,86,3,3
66325,127,120,7,7
66326,59,74,-15,15
66327,90,96,-6,6
66328,77,81,-4,4
66329,100,107,-7,7
66330,103,100,3,3
66331,33,57,-24,24
66332,61,64,-3,3
66333,63,81,-18,18
66334,47,57,-10,10
66335,51,59,-8,8
66336,141,134,7,7
66337,74,74,0,0
66338,74,79,-5,5
66339,85,83,2,2
66340,149,129,20,20
66341,90,96,-6,6
66342,79,88,-9,9
66343,93,103,-10,10
66344,79,78,1,1
66345,146,140,6,6
66346,81,83,-2,2
66347,83,106,-23,23
66348,196,160,36,36
66349,114,102,12,12
66350,102,100,2,2
66351,140,130,10,10
66352,46,48,-2,2
66353,189,169,20,20
66354,102,105,-3,3
66355,96,90,6,6
66356,73,85,-12,12
66357,131,135,-4,4
66358,143,125,18,18
66359,94,111,-17,17
66360,95,100,-5,5
66361,131,120,11,11
66362,138,124,14,14
66363,55,69,-14,14
66364,40,43,-3,3
66365,97,92,5,5
66366,70,78,-8,8
66367,95,93,2,2
66368,86,82,4,4
66369,107,100,7,7
66370,45,59,-14,14
66371,107,104,3,3
66372,77,74,3,3
66373,75,77,-2,2
66374,85,87,-2,2
66375,81,88,-7,7
66376,100,95,5,5
66377,65,77,-12,12
66378,57,66,-9,9
66379,61,62,-1,1
66380,79,82,-3,3
66381,104,103,1,1
66382,106,101,5,5
66383,55,61,-6,6
66384,100,96,4,4
66385,89,90,-1,1
66386,73,75,-2,2
66387,77,84,-7,7
66388,59,62,-3,3
66389,71,78,-7,7
66390,52,69,-17,17
66391,58,59,-1,1
66392,72,70,2,2
66393,90,86,4,4
66394,57,64,-7,7
66395,82,98,-16,16
66396,92,90,2,2
66397,88,80,8,8
66398,49,58,-9,9
66399,91,85,6,6
66400,171,144,27,27
66401,75,87,-12,12
66402,82,82,0,0
66403,74,71,3,3
66404,116,113,3,3
66405,95,86,9,9
66406,116,103,13,13
66407,74,101,-27,27
66408,100,97,3,3
66409,81,89,-8,8
66410,141,147,-6,6
66411,113,106,7,7
66412,100,94,6,6
66413,80,76,4,4
66414,96,89,7,7
66415,83,84,-1,1
66416,68,80,-12,12
66417,66,66,0,0
66418,73,78,-5,5
66419,169,157,12,12
66420,119,102,17,17
66421,82,94,-12,12
66422,85,85,0,0
66423,92,105,-13,13
66424,92,90,2,2
66425,164,146,18,18
66426,131,128,3,3
66427,106,119,-13,13
66428,72,74,-2,2
66429,54,61,-7,7
66430,75,80,-5,5
66431,62,62,0,0
66432,89,89,0,0
66433,63,62,1,1
66434,87,85,2,2
66435,136,121,15,15
66436,79,78,1,1
66437,86,90,-4,4
66438,71,78,-7,7
66439,68,68,0,0
66440,127,119,8,8
66441,78,85,-7,7
66442,43,49,-6,6
66443,82,81,1,1
66444,61,73,-12,12
66445,91,99,-8,8
66446,78,84,-6,6
66447,121,116,5,5
66448,83,84,-1,1
66449,169,162,7,7
66450,56,66,-10,10
66451,78,67,11,11
66452,73,78,-5,5
66453,66,70,-4,4
66454,67,64,3,3
66455,69,60,9,9
66456,96,98,-2,2
66457,118,108,10,10
66458,67,74,-7,7
66459,58,65,-7,7
66460,77,69,8,8
66461,164,141,23,23
66462,57,68,-11,11
66463,98,97,1,1
66464,97,91,6,6
66465,58,64,-6,6
66466,107,106,1,1
66467,70,79,-9,9
66468,121,112,9,9
66469,144,126,18,18
66470,157,147,10,10
66471,113,112,1,1
66472,66,69,-3,3
66473,47,88,-41,41
66474,106,98,8,8
66475,77,83,-6,6
66476,180,169,11,11
66477,55,61,-6,6
66478,57,71,-14,14
66479,104,101,3,3
66480,120,114,6,6
66481,124,111,13,13
66482,157,153,4,4
66483,185,171,14,14
66484,63,67,-4,4
66485,158,135,23,23
66486,161,155,6,6
66487,61,69,-8,8
66488,104,104,0,0
66489,65,68,-3,3
66490,174,151,23,23
66491,52,61,-9,9
66492,118,106,12,12
66493,89,89,0,0
66494,88,85,3,3
66495,88,89,-1,1
66496,62,74,-12,12
66497,67,71,-4,4
66498,118,111,7,7
66499,113,117,-4,4
66500,99,103,-4,4
66501,68,72,-4,4
66502,50,51,-1,1
66503,123,119,4,4
66504,97,95,2,2
66505,93,107,-14,14
66506,132,112,20,20
66507,70,78,-8,8
66508,65,65,0,0
66509,80,94,-14,14
66510,79,78,1,1
66511,96,97,-1,1
66512,69,78,-9,9
66513,142,131,11,11
66514,126,120,6,6
66515,88,109,-21,21
66516,57,62,-5,5
66517,68,67,1,1
66518,97,102,-5,5
66519,128,127,1,1
66520,129,133,-4,4
66521,92,89,3,3
66522,146,118,28,28
66523,83,85,-2,2
66524,92,88,4,4
66525,207,167,40,40
66526,40,58,-18,18
66527,92,95,-3,3
66528,95,107,-12,12
66529,107,101,6,6
66530,51,60,-9,9
66531,210,176,34,34
66532,73,76,-3,3
66533,103,97,6,6
66534,120,116,4,4
66535,132,112,20,20
66536,112,105,7,7
66537,86,85,1,1
66538,195,178,17,17
66539,69,73,-4,4
66540,91,86,5,5
66541,57,76,-19,19
66542,112,105,7,7
66543,72,85,-13,13
66544,90,86,4,4
66545,99,94,5,5
66546,46,54,-8,8
66547,51,58,-7,7
66548,107,103,4,4
66549,156,149,7,7
66550,61,67,-6,6
66551,88,83,5,5
66552,107,101,6,6
66553,121,108,13,13
66554,89,83,6,6
66555,99,103,-4,4
66556,87,92,-5,5
66557,46,61,-15,15
66558,152,145,7,7
66559,67,71,-4,4
66560,164,156,8,8
66561,68,73,-5,5
66562,94,92,2,2
66563,60,66,-6,6
66564,205,170,35,35
66565,92,89,3,3
66566,95,89,6,6
66567,67,64,3,3
66568,55,63,-8,8
66569,151,130,21,21
66570,160,145,15,15
66571,29,33,-4,4
66572,108,103,5,5
66573,112,115,-3,3
66574,109,145,-36,36
66575,86,83,3,3
66576,75,82,-7,7
66577,60,69,-9,9
66578,64,72,-8,8
66579,64,87,-23,23
66580,110,113,-3,3
66581,81,88,-7,7
66582,79,80,-1,1
66583,124,110,14,14
66584,94,99,-5,5
66585,73,89,-16,16
66586,111,104,7,7
66587,107,102,5,5
66588,71,71,0,0
66589,125,120,5,5
66590,123,107,16,16
66591,63,64,-1,1
66592,98,99,-1,1
66593,101,93,8,8
66594,129,123,6,6
66595,96,96,0,0
66596,58,64,-6,6
66597,162,151,11,11
66598,48,53,-5,5
66599,151,139,12,12
66600,67,70,-3,3
66601,122,114,8,8
66602,100,104,-4,4
66603,135,136,-1,1
66604,213,172,41,41
66605,129,132,-3,3
66606,61,69,-8,8
66607,70,77,-7,7
66608,88,88,0,0
66609,75,79,-4,4
66610,159,149,10,10
66611,100,106,-6,6
66612,75,74,1,1
66613,120,131,-11,11
66614,70,77,-7,7
66615,129,115,14,14
66616,124,90,34,34
66617,105,101,4,4
66618,60,61,-1,1
66619,76,71,5,5
66620,64,75,-11,11
66621,145,131,14,14
66622,95,106,-11,11
66623,104,107,-3,3
66624,148,133,15,15
66625,126,124,2,2
66626,142,131,11,11
66627,67,72,-5,5
66628,96,101,-5,5
66629,114,106,8,8
66630,47,62,-15,15
66631,125,126,-1,1
66632,66,76,-10,10
66633,203,214,-11,11
66634,58,67,-9,9
66635,114,108,6,6
66636,100,118,-18,18
66637,92,97,-5,5
66638,114,119,-5,5
66639,67,72,-5,5
66640,56,58,-2,2
66641,78,80,-2,2
66642,62,66,-4,4
66643,77,89,-12,12
66644,104,97,7,7
66645,37,51,-14,14
66646,94,93,1,1
66647,108,99,9,9
66648,42,48,-6,6
66649,106,106,0,0
66650,74,78,-4,4
66651,116,102,14,14
66652,77,69,8,8
66653,123,124,-1,1
66654,89,94,-5,5
66655,74,75,-1,1
66656,118,113,5,5
66657,73,79,-6,6
66658,69,87,-18,18
66659,79,82,-3,3
66660,58,69,-11,11
66661,172,141,31,31
66662,118,107,11,11
66663,140,122,18,18
66664,124,122,2,2
66665,111,102,9,9
66666,88,99,-11,11
66667,90,115,-25,25
66668,59,59,0,0
66669,139,138,1,1
66670,125,124,1,1
66671,64,67,-3,3
66672,147,131,16,16
66673,50,58,-8,8
66674,81,84,-3,3
66675,105,100,5,5
66676,63,69,-6,6
66677,87,90,-3,3
66678,90,90,0,0
66679,47,53,-6,6
66680,134,124,10,10
66681,61,67,-6,6
66682,73,90,-17,17
66683,73,71,2,2
66684,78,83,-5,5
66685,134,119,15,15
66686,51,53,-2,2
66687,108,104,4,4
66688,96,92,4,4
66689,54,90,-36,36
66690,122,119,3,3
66691,129,124,5,5
66692,86,76,10,10
66693,114,110,4,4
66694,70,77,-7,7
66695,79,83,-4,4
66696,56,61,-5,5
66697,66,71,-5,5
66698,89,82,7,7
66699,106,99,7,7
66700,77,83,-6,6
66701,82,82,0,0
66702,63,83,-20,20
66703,87,87,0,0
66704,119,124,-5,5
66705,146,130,16,16
66706,71,68,3,3
66707,70,85,-15,15
66708,82,87,-5,5
66709,72,76,-4,4
66710,91,94,-3,3
66711,57,70,-13,13
66712,68,73,-5,5
66713,92,88,4,4
66714,71,77,-6,6
66715,100,94,6,6
66716,106,97,9,9
66717,64,61,3,3
66718,58,68,-10,10
66719,74,76,-2,2
66720,104,112,-8,8
66721,133,121,12,12
66722,59,63,-4,4
66723,77,80,-3,3
66724,90,88,2,2
66725,116,96,20,20
66726,94,90,4,4
66727,102,106,-4,4
66728,130,122,8,8
66729,115,113,2,2
66730,79,75,4,4
66731,151,136,15,15
66732,88,98,-10,10
66733,188,165,23,23
66734,91,91,0,0
66735,81,80,1,1
66736,74,80,-6,6
66737,80,84,-4,4
66738,125,113,12,12
66739,140,129,11,11
66740,60,68,-8,8
66741,45,57,-12,12
66742,65,75,-10,10
66743,120,117,3,3
66744,105,109,-4,4
66745,136,133,3,3
66746,31,66,-35,35
66747,77,81,-4,4
66748,79,91,-12,12
66749,96,102,-6,6
66750,40,61,-21,21
66751,54,59,-5,5
66752,94,85,9,9
66753,83,103,-20,20
66754,54,62,-8,8
66755,92,94,-2,2
66756,146,124,22,22
66757,172,152,20,20
66758,62,65,-3,3
66759,155,145,10,10
66760,111,103,8,8
66761,99,93,6,6
66762,126,109,17,17
66763,55,57,-2,2
66764,202,183,19,19
66765,60,65,-5,5
66766,97,92,5,5
66767,111,101,10,10
66768,114,111,3,3
66769,81,77,4,4
66770,35,55,-20,20
66771,88,89,-1,1
66772,62,72,-10,10
66773,84,87,-3,3
66774,96,86,10,10
66775,105,104,1,1
66776,67,73,-6,6
66777,68,79,-11,11
66778,75,78,-3,3
66779,64,72,-8,8
66780,165,139,26,26
66781,92,116,-24,24
66782,136,114,22,22
66783,93,94,-1,1
66784,58,56,2,2
66785,72,78,-6,6
66786,87,86,1,1
66787,53,65,-12,12
66788,138,122,16,16
66789,98,103,-5,5
66790,81,84,-3,3
66791,82,89,-7,7
66792,140,131,9,9
66793,92,92,0,0
66794,116,112,4,4
66795,169,152,17,17
66796,76,85,-9,9
66797,70,73,-3,3
66798,206,173,33,33
66799,118,113,5,5
66800,82,88,-6,6
66801,143,133,10,10
66802,113,102,11,11
66803,82,85,-3,3
66804,72,74,-2,2
66805,53,56,-3,3
66806,38,59,-21,21
66807,102,96,6,6
66808,98,97,1,1
66809,60,70,-10,10
66810,133,120,13,13
66811,108,102,6,6
66812,103,95,8,8
66813,58,67,-9,9
66814,80,79,1,1
66815,72,75,-3,3
66816,103,97,6,6
66817,115,121,-6,6
66818,66,80,-14,14
66819,134,125,9,9
66820,129,119,10,10
66821,82,88,-6,6
66822,92,89,3,3
66823,72,73,-1,1
66824,156,143,13,13
66825,97,101,-4,4
66826,80,83,-3,3
66827,110,92,18,18
66828,112,104,8,8
66829,73,74,-1,1
66830,93,98,-5,5
66831,84,96,-12,12
66832,69,66,3,3
66833,63,77,-14,14
66834,97,94,3,3
66835,51,68,-17,17
66836,117,113,4,4
66837,102,112,-10,10
66838,63,70,-7,7
66839,90,111,-21,21
66840,75,73,2,2
66841,31,84,-53,53
66842,118,118,0,0
66843,110,121,-11,11
66844,126,119,7,7
66845,132,133,-1,1
66846,94,87,7,7
66847,55,72,-17,17
66848,119,108,11,11
66849,47,54,-7,7
66850,152,131,21,21
66851,38,52,-14,14
66852,96,107,-11,11
66853,79,74,5,5
66854,63,62,1,1
66855,120,117,3,3
66856,97,87,10,10
66857,65,66,-1,1
66858,108,105,3,3
66859,146,139,7,7
66860,99,102,-3,3
66861,50,57,-7,7
66862,98,99,-1,1
66863,61,62,-1,1
66864,67,77,-10,10
66865,102,98,4,4
66866,98,94,4,4
66867,127,117,10,10
66868,134,124,10,10
66869,107,102,5,5
66870,62,67,-5,5
66871,83,82,1,1
66872,41,39,2,2
66873,65,76,-11,11
66874,73,79,-6,6
66875,81,81,0,0
66876,85,86,-1,1
66877,85,77,8,8
66878,117,111,6,6
66879,128,128,0,0
66880,89,90,-1,1
66881,42,43,-1,1
66882,125,138,-13,13
66883,68,74,-6,6
66884,72,81,-9,9
66885,96,95,1,1
66886,134,129,5,5
66887,122,118,4,4
66888,87,89,-2,2
66889,54,64,-10,10
66890,79,80,-1,1
66891,148,130,18,18
66892,66,76,-10,10
66893,142,127,15,15
66894,106,99,7,7
66895,48,52,-4,4
66896,57,74,-17,17
66897,126,118,8,8
66898,51,63,-12,12
66899,109,118,-9,9
66900,106,106,0,0
66901,102,101,1,1
66902,94,93,1,1
66903,112,106,6,6
66904,140,126,14,14
66905,117,115,2,2
66906,112,92,20,20
66907,49,70,-21,21
66908,156,141,15,15
66909,89,86,3,3
66910,74,83,-9,9
66911,67,77,-10,10
66912,70,83,-13,13
66913,93,98,-5,5
66914,93,92,1,1
66915,101,103,-2,2
66916,76,87,-11,11
66917,67,76,-9,9
66918,106,104,2,2
66919,72,82,-10,10
66920,65,68,-3,3
66921,87,87,0,0
66922,89,86,3,3
66923,257,261,-4,4
66924,175,163,12,12
66925,69,68,1,1
66926,76,74,2,2
66927,65,65,0,0
66928,153,141,12,12
66929,68,75,-7,7
66930,116,107,9,9
66931,114,121,-7,7
66932,76,83,-7,7
66933,65,62,3,3
66934,104,96,8,8
66935,148,134,14,14
66936,43,50,-7,7
66937,90,89,1,1
66938,99,100,-1,1
66939,128,128,0,0
66940,110,108,2,2
66941,42,55,-13,13
66942,120,116,4,4
66943,135,109,26,26
66944,134,133,1,1
66945,116,118,-2,2
66946,138,120,18,18
66947,125,112,13,13
66948,43,49,-6,6
66949,89,83,6,6
66950,126,109,17,17
66951,90,85,5,5
66952,77,82,-5,5
66953,91,93,-2,2
66954,120,107,13,13
66955,63,68,-5,5
66956,88,86,2,2
66957,50,60,-10,10
66958,110,107,3,3
66959,71,71,0,0
66960,81,80,1,1
66961,120,112,8,8
66962,94,94,0,0
66963,51,64,-13,13
66964,84,89,-5,5
66965,96,93,3,3
66966,179,155,24,24
66967,57,60,-3,3
66968,114,111,3,3
66969,111,113,-2,2
66970,111,104,7,7
66971,101,94,7,7
66972,53,53,0,0
66973,97,95,2,2
66974,98,93,5,5
66975,50,60,-10,10
66976,82,85,-3,3
66977,108,102,6,6
66978,59,69,-10,10
66979,69,76,-7,7
66980,68,76,-8,8
66981,69,78,-9,9
66982,73,78,-5,5
66983,28,30,-2,2
66984,75,78,-3,3
66985,68,71,-3,3
66986,110,110,0,0
66987,99,102,-3,3
66988,72,77,-5,5
66989,74,78,-4,4
66990,70,79,-9,9
66991,109,98,11,11
66992,191,174,17,17
66993,54,58,-4,4
66994,119,115,4,4
66995,76,76,0,0
66996,174,157,17,17
66997,87,87,0,0
66998,88,85,3,3
66999,53,57,-4,4
67000,75,80,-5,5
67001,68,70,-2,2
67002,118,118,0,0
67003,114,106,8,8
67004,101,103,-2,2
67005,102,102,0,0
67006,82,86,-4,4
67007,100,103,-3,3
67008,134,128,6,6
67009,140,137,3,3
67010,109,114,-5,5
67011,124,121,3,3
67012,157,129,28,28
67013,67,68,-1,1
67014,117,114,3,3
67015,64,66,-2,2
67016,89,95,-6,6
67017,52,51,1,1
67018,126,119,7,7
67019,99,102,-3,3
67020,82,83,-1,1
67021,96,85,11,11
67022,85,81,4,4
67023,68,87,-19,19
67024,132,119,13,13
67025,148,135,13,13
67026,56,60,-4,4
67027,173,163,10,10
67028,115,117,-2,2
67029,99,97,2,2
67030,115,121,-6,6
67031,71,76,-5,5
67032,141,131,10,10
67033,111,105,6,6
67034,53,62,-9,9
67035,279,205,74,74
67036,101,90,11,11
67037,93,91,2,2
67038,71,70,1,1
67039,163,150,13,13
67040,52,52,0,0
67041,109,108,1,1
67042,80,89,-9,9
67043,72,105,-33,33
67044,72,71,1,1
67045,87,85,2,2
67046,82,85,-3,3
67047,74,75,-1,1
67048,156,140,16,16
67049,133,121,12,12
67050,123,111,12,12
67051,63,67,-4,4
67052,70,77,-7,7
67053,40,45,-5,5
67054,76,87,-11,11
67055,201,186,15,15
67056,76,86,-10,10
67057,109,111,-2,2
67058,116,115,1,1
67059,45,50,-5,5
67060,59,62,-3,3
67061,104,91,13,13
67062,122,144,-22,22
67063,108,94,14,14
67064,59,69,-10,10
67065,111,119,-8,8
67066,47,49,-2,2
67067,123,116,7,7
67068,127,115,12,12
67069,98,96,2,2
67070,90,89,1,1
67071,70,77,-7,7
67072,102,100,2,2
67073,101,97,4,4
67074,72,89,-17,17
67075,86,102,-16,16
67076,77,80,-3,3
67077,175,148,27,27
67078,85,88,-3,3
67079,109,105,4,4
67080,143,128,15,15
67081,79,87,-8,8
67082,81,83,-2,2
67083,110,102,8,8
67084,68,79,-11,11
67085,107,106,1,1
67086,115,109,6,6
67087,120,119,1,1
67088,67,74,-7,7
67089,95,86,9,9
67090,116,110,6,6
67091,83,87,-4,4
67092,97,88,9,9
67093,85,90,-5,5
67094,91,101,-10,10
67095,147,133,14,14
67096,60,74,-14,14
67097,104,96,8,8
67098,99,97,2,2
67099,142,128,14,14
67100,65,70,-5,5
67101,58,63,-5,5
67102,81,89,-8,8
67103,85,85,0,0
67104,158,144,14,14
67105,57,62,-5,5
67106,32,42,-10,10
67107,161,144,17,17
67108,139,130,9,9
67109,123,120,3,3
67110,141,137,4,4
67111,127,123,4,4
67112,65,73,-8,8
67113,177,154,23,23
67114,131,124,7,7
67115,140,129,11,11
67116,51,64,-13,13
67117,85,88,-3,3
67118,75,80,-5,5
67119,103,100,3,3
67120,155,134,21,21
67121,85,83,2,2
67122,72,74,-2,2
67123,80,69,11,11
67124,62,69,-7,7
67125,58,66,-8,8
67126,53,63,-10,10
67127,76,90,-14,14
67128,117,115,2,2
67129,75,74,1,1
67130,138,126,12,12
67131,82,80,2,2
67132,79,82,-3,3
67133,83,92,-9,9
67134,79,77,2,2
67135,141,127,14,14
67136,76,73,3,3
67137,165,148,17,17
67138,150,143,7,7
67139,65,67,-2,2
67140,37,46,-9,9
67141,55,62,-7,7
67142,227,200,27,27
67143,82,86,-4,4
67144,70,75,-5,5
67145,57,61,-4,4
67146,73,71,2,2
67147,78,78,0,0
67148,58,62,-4,4
67149,87,85,2,2
67150,48,61,-13,13
67151,127,125,2,2
67152,65,62,3,3
67153,111,96,15,15
67154,74,79,-5,5
67155,103,95,8,8
67156,91,81,10,10
67157,188,190,-2,2
67158,98,110,-12,12
67159,86,88,-2,2
67160,68,66,2,2
67161,99,97,2,2
67162,68,72,-4,4
67163,87,85,2,2
67164,110,109,1,1
67165,53,65,-12,12
67166,75,75,0,0
67167,113,106,7,7
67168,103,119,-16,16
67169,48,62,-14,14
67170,180,155,25,25
67171,67,79,-12,12
67172,69,77,-8,8
67173,114,118,-4,4
67174,82,77,5,5
67175,152,139,13,13
67176,108,108,0,0
67177,126,119,7,7
67178,126,130,-4,4
67179,68,76,-8,8
67180,111,105,6,6
67181,127,109,18,18
67182,106,98,8,8
67183,93,104,-11,11
67184,134,132,2,2
67185,65,73,-8,8
67186,129,115,14,14
67187,84,88,-4,4
67188,64,68,-4,4
67189,147,137,10,10
67190,123,113,10,10
67191,102,100,2,2
67192,66,66,0,0
67193,56,65,-9,9
67194,99,105,-6,6
67195,92,89,3,3
67196,96,96,0,0
67197,125,130,-5,5
67198,85,84,1,1
67199,100,95,5,5
67200,77,83,-6,6
67201,69,74,-5,5
67202,95,95,0,0
67203,87,83,4,4
67204,112,107,5,5
67205,124,118,6,6
67206,99,95,4,4
67207,65,66,-1,1
67208,119,99,20,20
67209,66,73,-7,7
67210,89,86,3,3
67211,139,121,18,18
67212,111,101,10,10
67213,81,90,-9,9
67214,100,101,-1,1
67215,82,80,2,2
67216,145,147,-2,2
67217,91,96,-5,5
67218,187,177,10,10
67219,84,86,-2,2
67220,45,53,-8,8
67221,116,114,2,2
67222,69,73,-4,4
67223,80,85,-5,5
67224,44,41,3,3
67225,93,104,-11,11
67226,58,60,-2,2
67227,74,82,-8,8
67228,74,79,-5,5
67229,99,107,-8,8
67230,93,96,-3,3
67231,67,72,-5,5
67232,108,108,0,0
67233,108,113,-5,5
67234,116,102,14,14
67235,127,108,19,19
67236,98,95,3,3
67237,115,122,-7,7
67238,131,127,4,4
67239,185,160,25,25
67240,120,104,16,16
67241,75,83,-8,8
67242,165,135,30,30
67243,44,76,-32,32
67244,82,86,-4,4
67245,66,82,-16,16
67246,72,78,-6,6
67247,137,124,13,13
67248,66,72,-6,6
67249,79,94,-15,15
67250,48,58,-10,10
67251,76,82,-6,6
67252,87,83,4,4
67253,90,86,4,4
67254,67,74,-7,7
67255,139,131,8,8
67256,52,60,-8,8
67257,97,88,9,9
67258,135,124,11,11
67259,60,57,3,3
67260,65,72,-7,7
67261,61,59,2,2
67262,175,152,23,23
67263,146,128,18,18
67264,64,81,-17,17
67265,122,118,4,4
67266,66,72,-6,6
67267,62,66,-4,4
67268,97,99,-2,2
67269,117,119,-2,2
67270,72,79,-7,7
67271,66,85,-19,19
67272,147,124,23,23
67273,139,123,16,16
67274,143,141,2,2
67275,106,107,-1,1
67276,81,92,-11,11
67277,85,80,5,5
67278,112,102,10,10
67279,74,86,-12,12
67280,157,141,16,16
67281,76,74,2,2
67282,69,71,-2,2
67283,133,121,12,12
67284,79,89,-10,10
67285,58,69,-11,11
67286,111,112,-1,1
67287,195,170,25,25
67288,129,111,18,18
67289,58,92,-34,34
67290,101,106,-5,5
67291,186,169,17,17
67292,76,70,6,6
67293,72,71,1,1
67294,100,103,-3,3
67295,60,66,-6,6
67296,59,68,-9,9
67297,118,110,8,8
67298,195,164,31,31
67299,92,86,6,6
67300,245,235,10,10
67301,102,109,-7,7
67302,84,87,-3,3
67303,95,95,0,0
67304,126,117,9,9
67305,101,94,7,7
67306,192,162,30,30
67307,118,114,4,4
67308,72,85,-13,13
67309,66,75,-9,9
67310,72,77,-5,5
67311,75,81,-6,6
67312,47,53,-6,6
67313,53,59,-6,6
67314,75,85,-10,10
67315,77,90,-13,13
67316,133,133,0,0
67317,66,71,-5,5
67318,122,121,1,1
67319,151,143,8,8
67320,95,109,-14,14
67321,70,81,-11,11
67322,66,71,-5,5
67323,101,96,5,5
67324,92,91,1,1
67325,94,88,6,6
67326,80,76,4,4
67327,86,91,-5,5
67328,99,97,2,2
67329,167,143,24,24
67330,104,97,7,7
67331,92,85,7,7
67332,82,91,-9,9
67333,93,90,3,3
67334,57,60,-3,3
67335,80,80,0,0
67336,154,130,24,24
67337,92,89,3,3
67338,121,109,12,12
67339,90,98,-8,8
67340,94,94,0,0
67341,100,99,1,1
67342,55,67,-12,12
67343,179,165,14,14
67344,157,139,18,18
67345,58,75,-17,17
67346,94,105,-11,11
67347,85,83,2,2
67348,55,68,-13,13
67349,72,68,4,4
67350,114,107,7,7
67351,99,99,0,0
67352,75,73,2,2
67353,45,48,-3,3
67354,58,60,-2,2
67355,110,106,4,4
67356,69,78,-9,9
67357,68,72,-4,4
67358,102,99,3,3
67359,77,87,-10,10
67360,85,82,3,3
67361,112,109,3,3
67362,40,46,-6,6
67363,73,79,-6,6
67364,76,82,-6,6
67365,65,72,-7,7
67366,72,88,-16,16
67367,89,112,-23,23
67368,110,113,-3,3
67369,91,91,0,0
67370,59,86,-27,27
67371,90,84,6,6
67372,84,89,-5,5
67373,130,118,12,12
67374,63,65,-2,2
67375,63,67,-4,4
67376,87,86,1,1
67377,106,112,-6,6
67378,145,130,15,15
67379,128,126,2,2
67380,81,85,-4,4
67381,111,102,9,9
67382,76,82,-6,6
67383,53,70,-17,17
67384,82,82,0,0
67385,100,99,1,1
67386,74,86,-12,12
67387,105,104,1,1
67388,58,65,-7,7
67389,102,102,0,0
67390,113,104,9,9
67391,99,102,-3,3
67392,113,107,6,6
67393,55,60,-5,5
67394,98,89,9,9
67395,108,110,-2,2
67396,54,58,-4,4
67397,99,94,5,5
67398,78,82,-4,4
67399,68,61,7,7
67400,45,47,-2,2
67401,71,79,-8,8
67402,216,161,55,55
67403,103,101,2,2
67404,77,79,-2,2
67405,64,68,-4,4
67406,108,105,3,3
67407,106,86,20,20
67408,124,107,17,17
67409,71,76,-5,5
67410,91,84,7,7
67411,80,83,-3,3
67412,122,120,2,2
67413,105,103,2,2
67414,80,85,-5,5
67415,142,119,23,23
67416,64,92,-28,28
67417,95,79,16,16
67418,112,120,-8,8
67419,83,78,5,5
67420,147,133,14,14
67421,47,58,-11,11
67422,80,84,-4,4
67423,104,108,-4,4
67424,71,81,-10,10
67425,67,67,0,0
67426,69,80,-11,11
67427,82,83,-1,1
67428,85,81,4,4
67429,144,136,8,8
67430,81,87,-6,6
67431,141,134,7,7
67432,86,83,3,3
67433,176,166,10,10
67434,74,70,4,4
67435,91,89,2,2
67436,102,85,17,17
67437,74,72,2,2
67438,97,94,3,3
67439,60,68,-8,8
67440,97,95,2,2
67441,119,115,4,4
67442,97,98,-1,1
67443,70,74,-4,4
67444,102,94,8,8
67445,61,74,-13,13
67446,86,79,7,7
67447,45,52,-7,7
67448,51,60,-9,9
67449,130,129,1,1
67450,74,79,-5,5
67451,78,84,-6,6
67452,163,154,9,9
67453,52,65,-13,13
67454,99,104,-5,5
67455,84,89,-5,5
67456,109,101,8,8
67457,84,85,-1,1
67458,88,96,-8,8
67459,117,109,8,8
67460,186,163,23,23
67461,55,61,-6,6
67462,65,83,-18,18
67463,119,128,-9,9
67464,71,77,-6,6
67465,87,83,4,4
67466,51,61,-10,10
67467,46,53,-7,7
67468,61,67,-6,6
67469,103,93,10,10
67470,84,81,3,3
67471,56,65,-9,9
67472,73,79,-6,6
67473,84,79,5,5
67474,127,110,17,17
67475,178,169,9,9
67476,71,74,-3,3
67477,107,103,4,4
67478,111,102,9,9
67479,69,76,-7,7
67480,94,100,-6,6
67481,45,59,-14,14
67482,94,98,-4,4
67483,120,121,-1,1
67484,63,73,-10,10
67485,78,78,0,0
67486,40,50,-10,10
67487,114,106,8,8
67488,112,104,8,8
67489,152,139,13,13
67490,184,150,34,34
67491,84,84,0,0
67492,122,111,11,11
67493,108,99,9,9
67494,64,67,-3,3
67495,114,108,6,6
67496,143,139,4,4
67497,97,89,8,8
67498,99,94,5,5
67499,145,144,1,1
67500,63,68,-5,5
67501,111,111,0,0
67502,68,75,-7,7
67503,108,117,-9,9
67504,94,86,8,8
67505,77,80,-3,3
67506,49,63,-14,14
67507,82,83,-1,1
67508,66,71,-5,5
67509,74,72,2,2
67510,142,140,2,2
67511,82,88,-6,6
67512,87,83,4,4
67513,78,82,-4,4
67514,58,70,-12,12
67515,108,106,2,2
67516,50,83,-33,33
67517,170,152,18,18
67518,74,80,-6,6
67519,102,101,1,1
67520,95,92,3,3
67521,90,85,5,5
67522,118,111,7,7
67523,70,75,-5,5
67524,111,108,3,3
67525,96,105,-9,9
67526,81,84,-3,3
67527,110,103,7,7
67528,94,88,6,6
67529,99,103,-4,4
67530,107,105,2,2
67531,129,130,-1,1
67532,135,120,15,15
67533,123,110,13,13
67534,67,74,-7,7
67535,79,84,-5,5
67536,91,97,-6,6
67537,72,73,-1,1
67538,150,148,2,2
67539,117,122,-5,5
67540,60,71,-11,11
67541,102,105,-3,3
67542,32,54,-22,22
67543,65,71,-6,6
67544,163,139,24,24
67545,99,91,8,8
67546,76,78,-2,2
67547,146,126,20,20
67548,137,123,14,14
67549,131,125,6,6
67550,152,135,17,17
67551,93,103,-10,10
67552,78,80,-2,2
67553,83,82,1,1
67554,109,95,14,14
67555,134,138,-4,4
67556,56,76,-20,20
67557,82,79,3,3
67558,50,47,3,3
67559,104,103,1,1
67560,78,82,-4,4
67561,60,64,-4,4
67562,137,122,15,15
67563,64,65,-1,1
67564,144,136,8,8
67565,49,53,-4,4
67566,104,101,3,3
67567,66,69,-3,3
67568,71,73,-2,2
67569,128,119,9,9
67570,84,106,-22,22
67571,141,137,4,4
67572,97,89,8,8
67573,52,55,-3,3
67574,74,79,-5,5
67575,98,112,-14,14
67576,71,71,0,0
67577,56,61,-5,5
67578,71,80,-9,9
67579,123,112,11,11
67580,146,127,19,19
67581,77,80,-3,3
67582,68,75,-7,7
67583,110,96,14,14
67584,85,85,0,0
67585,162,123,39,39
67586,105,94,11,11
67587,68,72,-4,4
67588,100,89,11,11
67589,103,99,4,4
67590,121,106,15,15
67591,96,86,10,10
67592,199,164,35,35
67593,83,83,0,0
67594,91,90,1,1
67595,61,73,-12,12
67596,103,106,-3,3
67597,95,96,-1,1
67598,68,74,-6,6
67599,94,90,4,4
67600,54,61,-7,7
67601,160,130,30,30
67602,123,108,15,15
67603,154,134,20,20
67604,48,59,-11,11
67605,66,75,-9,9
67606,81,82,-1,1
67607,56,67,-11,11
67608,160,138,22,22
67609,121,136,-15,15
67610,103,91,12,12
67611,126,115,11,11
67612,82,82,0,0
67613,63,76,-13,13
67614,88,89,-1,1
67615,111,115,-4,4
67616,139,128,11,11
67617,103,98,5,5
67618,74,78,-4,4
67619,133,116,17,17
67620,49,58,-9,9
67621,93,93,0,0
67622,86,88,-2,2
67623,77,76,1,1
67624,56,75,-19,19
67625,66,66,0,0
67626,132,121,11,11
67627,149,128,21,21
67628,39,41,-2,2
67629,117,112,5,5
67630,98,94,4,4
67631,59,63,-4,4
67632,146,138,8,8
67633,106,93,13,13
67634,63,72,-9,9
67635,90,90,0,0
67636,73,78,-5,5
67637,80,78,2,2
67638,89,87,2,2
67639,88,88,0,0
67640,51,55,-4,4
67641,85,83,2,2
67642,106,123,-17,17
67643,136,124,12,12
67644,46,50,-4,4
67645,107,108,-1,1
67646,154,148,6,6
67647,109,108,1,1
67648,79,81,-2,2
67649,94,85,9,9
67650,64,67,-3,3
67651,63,62,1,1
67652,62,63,-1,1
67653,58,64,-6,6
67654,48,55,-7,7
67655,67,75,-8,8
67656,74,76,-2,2
67657,94,91,3,3
67658,75,76,-1,1
67659,158,136,22,22
67660,134,123,11,11
67661,189,163,26,26
67662,62,73,-11,11
67663,73,76,-3,3
67664,89,93,-4,4
67665,42,45,-3,3
67666,129,116,13,13
67667,65,77,-12,12
67668,49,58,-9,9
67669,163,146,17,17
67670,93,95,-2,2
67671,185,160,25,25
67672,91,90,1,1
67673,43,52,-9,9
67674,163,152,11,11
67675,65,72,-7,7
67676,49,41,8,8
67677,62,67,-5,5
67678,123,127,-4,4
67679,78,82,-4,4
67680,144,129,15,15
67681,75,103,-28,28
67682,83,83,0,0
67683,122,96,26,26
67684,92,90,2,2
67685,101,98,3,3
67686,75,89,-14,14
67687,130,113,17,17
67688,160,147,13,13
67689,58,65,-7,7
67690,154,140,14,14
67691,101,90,11,11
67692,54,65,-11,11
67693,177,161,16,16
67694,198,170,28,28
67695,98,106,-8,8
67696,87,98,-11,11
67697,116,113,3,3
67698,63,62,1,1
67699,95,91,4,4
67700,57,60,-3,3
67701,64,64,0,0
67702,69,63,6,6
67703,79,79,0,0
67704,89,102,-13,13
67705,53,60,-7,7
67706,94,97,-3,3
67707,85,94,-9,9
67708,85,86,-1,1
67709,80,92,-12,12
67710,80,92,-12,12
67711,95,91,4,4
67712,95,91,4,4
67713,72,78,-6,6
67714,59,68,-9,9
67715,122,104,18,18
67716,76,75,1,1
67717,103,91,12,12
67718,80,84,-4,4
67719,84,84,0,0
67720,108,104,4,4
67721,94,91,3,3
67722,128,123,5,5
67723,121,119,2,2
67724,156,134,22,22
67725,120,112,8,8
67726,97,98,-1,1
67727,87,100,-13,13
67728,116,108,8,8
67729,48,52,-4,4
67730,139,131,8,8
67731,93,88,5,5
67732,184,176,8,8
67733,62,63,-1,1
67734,116,118,-2,2
67735,114,104,10,10
67736,104,99,5,5
67737,94,100,-6,6
67738,169,156,13,13
67739,89,96,-7,7
67740,91,95,-4,4
67741,97,101,-4,4
67742,111,112,-1,1
67743,69,72,-3,3
67744,120,112,8,8
67745,105,120,-15,15
67746,99,96,3,3
67747,37,70,-33,33
67748,105,92,13,13
67749,69,74,-5,5
67750,67,72,-5,5
67751,31,43,-12,12
67752,60,67,-7,7
67753,90,92,-2,2
67754,74,75,-1,1
67755,123,113,10,10
67756,97,97,0,0
67757,55,54,1,1
67758,127,118,9,9
67759,122,118,4,4
67760,103,105,-2,2
67761,141,134,7,7
67762,67,71,-4,4
67763,113,113,0,0
67764,135,129,6,6
67765,203,174,29,29
67766,88,88,0,0
67767,94,103,-9,9
67768,103,101,2,2
67769,86,87,-1,1
67770,143,137,6,6
67771,52,57,-5,5
67772,75,85,-10,10
67773,114,114,0,0
67774,92,84,8,8
67775,113,108,5,5
67776,123,118,5,5
67777,68,79,-11,11
67778,86,97,-11,11
67779,27,36,-9,9
67780,126,123,3,3
67781,89,85,4,4
67782,113,100,13,13
67783,106,99,7,7
67784,90,87,3,3
67785,82,78,4,4
67786,88,90,-2,2
67787,97,93,4,4
67788,141,126,15,15
67789,123,109,14,14
67790,188,183,5,5
67791,108,108,0,0
67792,73,75,-2,2
67793,104,103,1,1
67794,87,93,-6,6
67795,78,82,-4,4
67796,75,75,0,0
67797,153,138,15,15
67798,74,71,3,3
67799,129,113,16,16
67800,117,108,9,9
67801,82,85,-3,3
67802,103,98,5,5
67803,93,83,10,10
67804,89,90,-1,1
67805,44,58,-14,14
67806,76,77,-1,1
67807,79,93,-14,14
67808,87,92,-5,5
67809,38,42,-4,4
67810,120,116,4,4
67811,88,90,-2,2
67812,155,133,22,22
67813,120,106,14,14
67814,89,83,6,6
67815,100,93,7,7
67816,66,69,-3,3
67817,85,93,-8,8
67818,90,78,12,12
67819,126,119,7,7
67820,153,125,28,28
67821,83,85,-2,2
67822,113,103,10,10
67823,88,95,-7,7
67824,152,146,6,6
67825,104,93,11,11
67826,75,75,0,0
67827,48,51,-3,3
67828,127,114,13,13
67829,79,78,1,1
67830,117,112,5,5
67831,63,73,-10,10
67832,113,115,-2,2
67833,143,150,-7,7
67834,110,104,6,6
67835,75,86,-11,11
67836,48,54,-6,6
67837,64,90,-26,26
67838,99,101,-2,2
67839,91,87,4,4
67840,111,100,11,11
67841,89,88,1,1
67842,141,130,11,11
67843,101,93,8,8
67844,74,75,-1,1
67845,124,107,17,17
67846,115,123,-8,8
67847,94,103,-9,9
67848,110,114,-4,4
67849,70,76,-6,6
67850,89,95,-6,6
67851,53,61,-8,8
67852,85,93,-8,8
67853,166,144,22,22
67854,77,76,1,1
67855,76,73,3,3
67856,137,140,-3,3
67857,79,87,-8,8
67858,144,119,25,25
67859,57,55,2,2
67860,102,99,3,3
67861,77,81,-4,4
67862,105,110,-5,5
67863,99,95,4,4
67864,40,48,-8,8
67865,96,91,5,5
67866,99,101,-2,2
67867,69,69,0,0
67868,111,102,9,9
67869,119,122,-3,3
67870,152,138,14,14
67871,138,125,13,13
67872,146,149,-3,3
67873,79,98,-19,19
67874,113,105,8,8
67875,65,75,-10,10
67876,135,119,16,16
67877,58,44,14,14
67878,68,79,-11,11
67879,103,94,9,9
67880,110,112,-2,2
67881,57,63,-6,6
67882,191,165,26,26
67883,87,84,3,3
67884,130,116,14,14
67885,94,95,-1,1
67886,101,108,-7,7
67887,52,53,-1,1
67888,134,128,6,6
67889,75,78,-3,3
67890,91,91,0,0
67891,109,106,3,3
67892,96,93,3,3
67893,55,62,-7,7
67894,114,106,8,8
67895,159,142,17,17
67896,74,76,-2,2
67897,89,93,-4,4
67898,45,59,-14,14
67899,50,74,-24,24
67900,78,77,1,1
67901,136,136,0,0
67902,81,84,-3,3
67903,104,94,10,10
67904,42,48,-6,6
67905,45,51,-6,6
67906,91,82,9,9
67907,81,83,-2,2
67908,73,78,-5,5
67909,163,144,19,19
67910,62,64,-2,2
67911,62,79,-17,17
67912,117,101,16,16
67913,91,95,-4,4
67914,81,90,-9,9
67915,183,150,33,33
67916,115,113,2,2
67917,45,45,0,0
67918,67,73,-6,6
67919,73,71,2,2
67920,115,115,0,0
67921,143,129,14,14
67922,122,109,13,13
67923,158,133,25,25
67924,132,123,9,9
67925,56,67,-11,11
67926,138,133,5,5
67927,128,114,14,14
67928,170,149,21,21
67929,101,99,2,2
67930,147,134,13,13
67931,116,116,0,0
67932,97,112,-15,15
67933,116,118,-2,2
67934,73,77,-4,4
67935,58,56,2,2
67936,99,93,6,6
67937,148,144,4,4
67938,56,58,-2,2
67939,144,139,5,5
67940,73,77,-4,4
67941,124,127,-3,3
67942,58,86,-28,28
67943,72,77,-5,5
67944,57,63,-6,6
67945,77,72,5,5
67946,93,90,3,3
67947,136,125,11,11
67948,56,62,-6,6
67949,106,95,11,11
67950,68,68,0,0
67951,107,104,3,3
67952,137,126,11,11
67953,51,59,-8,8
67954,161,150,11,11
67955,75,79,-4,4
67956,207,172,35,35
67957,134,137,-3,3
67958,139,132,7,7
67959,85,87,-2,2
67960,64,72,-8,8
67961,57,65,-8,8
67962,87,88,-1,1
67963,143,132,11,11
67964,89,90,-1,1
67965,78,79,-1,1
67966,73,93,-20,20
67967,188,185,3,3
67968,115,102,13,13
67969,119,96,23,23
67970,74,84,-10,10
67971,96,99,-3,3
67972,64,70,-6,6
67973,117,109,8,8
67974,127,127,0,0
67975,70,78,-8,8
67976,97,104,-7,7
67977,163,158,5,5
67978,143,127,16,16
67979,69,81,-12,12
67980,98,104,-6,6
67981,87,88,-1,1
67982,100,99,1,1
67983,111,121,-10,10
67984,129,129,0,0
67985,94,83,11,11
67986,124,117,7,7
67987,70,78,-8,8
67988,64,67,-3,3
67989,131,118,13,13
67990,81,90,-9,9
67991,121,109,12,12
67992,139,126,13,13
67993,49,59,-10,10
67994,54,68,-14,14
67995,109,109,0,0
67996,71,80,-9,9
67997,124,109,15,15
67998,110,100,10,10
67999,103,104,-1,1
68000,104,111,-7,7
68001,95,112,-17,17
68002,85,79,6,6
68003,83,78,5,5
68004,111,114,-3,3
68005,68,64,4,4
68006,76,75,1,1
68007,47,53,-6,6
68008,143,126,17,17
68009,64,69,-5,5
68010,102,101,1,1
68011,77,84,-7,7
68012,52,66,-14,14
68013,52,61,-9,9
68014,75,81,-6,6
68015,83,84,-1,1
68016,70,71,-1,1
68017,44,51,-7,7
68018,41,48,-7,7
68019,77,76,1,1
68020,53,53,0,0
68021,132,128,4,4
68022,112,101,11,11
68023,81,80,1,1
68024,85,87,-2,2
68025,90,93,-3,3
68026,51,61,-10,10
68027,55,66,-11,11
68028,45,73,-28,28
68029,52,57,-5,5
68030,98,99,-1,1
68031,72,73,-1,1
68032,239,214,25,25
68033,123,107,16,16
68034,164,143,21,21
68035,75,77,-2,2
68036,145,135,10,10
68037,63,73,-10,10
68038,63,99,-36,36
68039,100,104,-4,4
68040,110,112,-2,2
68041,76,89,-13,13
68042,94,102,-8,8
68043,109,98,11,11
68044,59,74,-15,15
68045,140,146,-6,6
68046,83,80,3,3
68047,136,125,11,11
68048,50,55,-5,5
68049,85,80,5,5
68050,113,104,9,9
68051,49,62,-13,13
68052,98,85,13,13
68053,80,72,8,8
68054,95,96,-1,1
68055,129,127,2,2
68056,89,85,4,4
68057,115,105,10,10
68058,73,80,-7,7
68059,75,84,-9,9
68060,168,147,21,21
68061,52,64,-12,12
68062,76,77,-1,1
68063,104,101,3,3
68064,124,109,15,15
68065,113,113,0,0
68066,80,76,4,4
68067,79,102,-23,23
68068,89,88,1,1
68069,90,79,11,11
68070,46,59,-13,13
68071,80,76,4,4
68072,108,117,-9,9
68073,46,49,-3,3
68074,106,95,11,11
68075,139,130,9,9
68076,99,100,-1,1
68077,50,55,-5,5
68078,65,67,-2,2
68079,69,73,-4,4
68080,125,118,7,7
68081,97,96,1,1
68082,84,87,-3,3
68083,114,116,-2,2
68084,39,34,5,5
68085,106,97,9,9
68086,88,94,-6,6
68087,80,84,-4,4
68088,178,152,26,26
68089,104,111,-7,7
68090,76,74,2,2
68091,108,97,11,11
68092,82,92,-10,10
68093,44,40,4,4
68094,67,69,-2,2
68095,69,81,-12,12
68096,69,69,0,0
68097,112,104,8,8
68098,151,130,21,21
68099,47,55,-8,8
68100,70,72,-2,2
68101,86,85,1,1
68102,95,93,2,2
68103,68,78,-10,10
68104,44,52,-8,8
68105,70,77,-7,7
68106,132,121,11,11
68107,66,72,-6,6
68108,104,102,2,2
68109,155,144,11,11
68110,136,126,10,10
68111,74,79,-5,5
68112,109,106,3,3
68113,88,94,-6,6
68114,156,155,1,1
68115,153,146,7,7
68116,83,79,4,4
68117,88,82,6,6
68118,167,165,2,2
68119,44,48,-4,4
68120,124,106,18,18
68121,71,73,-2,2
68122,131,115,16,16
68123,94,88,6,6
68124,64,69,-5,5
68125,81,80,1,1
68126,69,70,-1,1
68127,52,59,-7,7
68128,84,83,1,1
68129,59,64,-5,5
68130,117,114,3,3
68131,115,105,10,10
68132,86,88,-2,2
68133,111,105,6,6
68134,69,78,-9,9
68135,119,109,10,10
68136,73,75,-2,2
68137,81,78,3,3
68138,79,89,-10,10
68139,89,102,-13,13
68140,51,59,-8,8
68141,63,69,-6,6
68142,87,90,-3,3
68143,116,109,7,7
68144,115,106,9,9
68145,111,113,-2,2
68146,38,45,-7,7
68147,130,133,-3,3
68148,100,91,9,9
68149,60,60,0,0
68150,91,86,5,5
68151,67,71,-4,4
68152,73,71,2,2
68153,152,143,9,9
68154,199,173,26,26
68155,156,140,16,16
68156,61,69,-8,8
68157,109,95,14,14
68158,69,74,-5,5
68159,87,88,-1,1
68160,65,70,-5,5
68161,83,87,-4,4
68162,94,96,-2,2
68163,104,88,16,16
68164,72,82,-10,10
68165,74,88,-14,14
68166,93,81,12,12
68167,88,88,0,0
68168,88,78,10,10
68169,75,87,-12,12
68170,102,103,-1,1
68171,72,74,-2,2
68172,95,83,12,12
68173,98,93,5,5
68174,86,87,-1,1
68175,91,105,-14,14
68176,67,70,-3,3
68177,73,79,-6,6
68178,129,126,3,3
68179,64,66,-2,2
68180,94,97,-3,3
68181,123,108,15,15
68182,89,90,-1,1
68183,45,56,-11,11
68184,95,93,2,2
68185,77,77,0,0
68186,61,73,-12,12
68187,151,147,4,4
68188,53,63,-10,10
68189,109,102,7,7
68190,84,89,-5,5
68191,86,92,-6,6
68192,105,103,2,2
68193,107,115,-8,8
68194,97,102,-5,5
68195,41,47,-6,6
68196,69,75,-6,6
68197,111,87,24,24
68198,40,49,-9,9
68199,140,131,9,9
68200,65,76,-11,11
68201,149,119,30,30
68202,46,49,-3,3
68203,103,98,5,5
68204,80,83,-3,3
68205,41,43,-2,2
68206,97,127,-30,30
68207,65,68,-3,3
68208,124,136,-12,12
68209,65,73,-8,8
68210,85,83,2,2
68211,151,141,10,10
68212,75,77,-2,2
68213,92,94,-2,2
68214,96,92,4,4
68215,120,120,0,0
68216,71,75,-4,4
68217,77,81,-4,4
68218,84,94,-10,10
68219,100,104,-4,4
68220,105,114,-9,9
68221,123,112,11,11
68222,53,62,-9,9
68223,178,166,12,12
68224,99,98,1,1
68225,64,66,-2,2
68226,78,86,-8,8
68227,108,103,5,5
68228,77,80,-3,3
68229,157,138,19,19
68230,72,81,-9,9
68231,68,74,-6,6
68232,87,83,4,4
68233,70,78,-8,8
68234,52,58,-6,6
68235,85,81,4,4
68236,100,106,-6,6
68237,71,72,-1,1
68238,109,113,-4,4
68239,154,154,0,0
68240,96,81,15,15
68241,78,87,-9,9
68242,82,93,-11,11
68243,114,111,3,3
68244,103,106,-3,3
68245,118,120,-2,2
68246,87,91,-4,4
68247,121,123,-2,2
68248,94,92,2,2
68249,62,61,1,1
68250,89,88,1,1
68251,105,101,4,4
68252,85,80,5,5
68253,79,90,-11,11
68254,86,85,1,1
68255,100,101,-1,1
68256,104,100,4,4
68257,83,84,-1,1
68258,90,83,7,7
68259,112,124,-12,12
68260,69,75,-6,6
68261,121,103,18,18
68262,84,90,-6,6
68263,87,86,1,1
68264,92,94,-2,2
68265,147,138,9,9
68266,86,92,-6,6
68267,89,84,5,5
68268,52,69,-17,17
68269,110,104,6,6
68270,145,132,13,13
68271,87,88,-1,1
68272,107,91,16,16
68273,145,116,29,29
68274,55,65,-10,10
68275,51,67,-16,16
68276,95,95,0,0
68277,101,97,4,4
68278,72,71,1,1
68279,90,88,2,2
68280,91,81,10,10
68281,94,93,1,1
68282,60,70,-10,10
68283,59,62,-3,3
68284,96,88,8,8
68285,55,58,-3,3
68286,101,92,9,9
68287,95,101,-6,6
68288,113,107,6,6
68289,77,75,2,2
68290,114,121,-7,7
68291,101,108,-7,7
68292,100,105,-5,5
68293,64,72,-8,8
68294,100,90,10,10
68295,158,134,24,24
68296,81,83,-2,2
68297,62,66,-4,4
68298,136,125,11,11
68299,156,143,13,13
68300,160,142,18,18
68301,128,125,3,3
68302,49,49,0,0
68303,135,121,14,14
68304,81,85,-4,4
68305,85,87,-2,2
68306,74,73,1,1
68307,141,126,15,15
68308,98,96,2,2
68309,140,127,13,13
68310,102,93,9,9
68311,91,101,-10,10
68312,68,72,-4,4
68313,117,106,11,11
68314,57,58,-1,1
68315,70,73,-3,3
68316,203,161,42,42
68317,96,109,-13,13
68318,128,128,0,0
68319,81,77,4,4
68320,81,95,-14,14
68321,66,65,1,1
68322,128,121,7,7
68323,150,136,14,14
68324,79,88,-9,9
68325,68,77,-9,9
68326,57,68,-11,11
68327,63,76,-13,13
68328,110,109,1,1
68329,84,84,0,0
68330,84,73,11,11
68331,59,67,-8,8
68332,101,89,12,12
68333,73,79,-6,6
68334,82,86,-4,4
68335,163,148,15,15
68336,113,109,4,4
68337,95,79,16,16
68338,73,78,-5,5
68339,83,85,-2,2
68340,114,112,2,2
68341,136,117,19,19
68342,86,88,-2,2
68343,81,79,2,2
68344,108,112,-4,4
68345,149,144,5,5
68346,101,102,-1,1
68347,78,86,-8,8
68348,126,110,16,16
68349,122,126,-4,4
68350,112,105,7,7
68351,67,66,1,1
68352,62,65,-3,3
68353,112,112,0,0
68354,171,148,23,23
68355,65,66,-1,1
68356,97,89,8,8
68357,43,50,-7,7
68358,71,66,5,5
68359,71,75,-4,4
68360,55,49,6,6
68361,72,86,-14,14
68362,85,85,0,0
68363,190,164,26,26
68364,97,98,-1,1
68365,100,99,1,1
68366,75,81,-6,6
68367,130,112,18,18
68368,60,65,-5,5
68369,105,102,3,3
68370,85,87,-2,2
68371,89,91,-2,2
68372,93,93,0,0
68373,39,71,-32,32
68374,74,68,6,6
68375,148,144,4,4
68376,136,120,16,16
68377,61,74,-13,13
68378,181,161,20,20
68379,99,93,6,6
68380,165,148,17,17
68381,97,94,3,3
68382,116,107,9,9
68383,105,109,-4,4
68384,50,51,-1,1
68385,71,86,-15,15
68386,115,106,9,9
68387,61,63,-2,2
68388,101,104,-3,3
68389,80,83,-3,3
68390,100,104,-4,4
68391,79,95,-16,16
68392,121,114,7,7
68393,85,96,-11,11
68394,87,91,-4,4
68395,61,68,-7,7
68396,125,127,-2,2
68397,85,93,-8,8
68398,87,88,-1,1
68399,64,74,-10,10
68400,66,72,-6,6
68401,85,91,-6,6
68402,159,138,21,21
68403,132,132,0,0
68404,96,101,-5,5
68405,100,108,-8,8
68406,76,76,0,0
68407,117,116,1,1
68408,101,112,-11,11
68409,86,89,-3,3
68410,117,109,8,8
68411,96,94,2,2
68412,55,64,-9,9
68413,145,128,17,17
68414,68,76,-8,8
68415,71,72,-1,1
68416,129,120,9,9
68417,121,118,3,3
68418,92,80,12,12
68419,57,62,-5,5
68420,50,54,-4,4
68421,56,65,-9,9
68422,52,60,-8,8
68423,61,65,-4,4
68424,164,147,17,17
68425,119,114,5,5
68426,85,79,6,6
68427,83,81,2,2
68428,149,137,12,12
68429,103,91,12,12
68430,61,46,15,15
68431,142,135,7,7
68432,80,89,-9,9
68433,49,56,-7,7
68434,109,98,11,11
68435,101,97,4,4
68436,77,77,0,0
68437,160,158,2,2
68438,108,111,-3,3
68439,137,129,8,8
68440,125,119,6,6
68441,76,78,-2,2
68442,145,127,18,18
68443,86,89,-3,3
68444,131,120,11,11
68445,99,106,-7,7
68446,97,100,-3,3
68447,67,65,2,2
68448,107,123,-16,16
68449,87,85,2,2
68450,104,101,3,3
68451,77,77,0,0
68452,49,58,-9,9
68453,152,134,18,18
68454,138,127,11,11
68455,183,163,20,20
68456,53,62,-9,9
68457,100,97,3,3
68458,71,76,-5,5
68459,73,87,-14,14
68460,108,101,7,7
68461,85,91,-6,6
68462,72,79,-7,7
68463,92,91,1,1
68464,127,119,8,8
68465,61,86,-25,25
68466,86,96,-10,10
68467,56,57,-1,1
68468,104,94,10,10
68469,86,89,-3,3
68470,142,137,5,5
68471,78,89,-11,11
68472,96,88,8,8
68473,75,82,-7,7
68474,88,86,2,2
68475,69,75,-6,6
68476,62,68,-6,6
68477,107,105,2,2
68478,65,68,-3,3
68479,129,133,-4,4
68480,86,93,-7,7
68481,77,74,3,3
68482,115,103,12,12
68483,87,84,3,3
68484,32,27,5,5
68485,80,87,-7,7
68486,107,102,5,5
68487,112,123,-11,11
68488,83,83,0,0
68489,89,93,-4,4
68490,65,69,-4,4
68491,63,71,-8,8
68492,56,66,-10,10
68493,99,86,13,13
68494,88,89,-1,1
68495,130,122,8,8
68496,59,69,-10,10
68497,157,121,36,36
68498,94,106,-12,12
68499,94,93,1,1
68500,61,69,-8,8
68501,98,100,-2,2
68502,98,94,4,4
68503,108,100,8,8
68504,122,114,8,8
68505,115,113,2,2
68506,49,56,-7,7
68507,79,83,-4,4
68508,96,96,0,0
68509,81,90,-9,9
68510,54,60,-6,6
68511,70,80,-10,10
68512,141,127,14,14
68513,113,187,-74,74
68514,110,116,-6,6
68515,75,82,-7,7
68516,85,98,-13,13
68517,85,79,6,6
68518,105,103,2,2
68519,62,73,-11,11
68520,39,50,-11,11
68521,83,85,-2,2
68522,103,96,7,7
68523,69,76,-7,7
68524,103,101,2,2
68525,82,79,3,3
68526,98,94,4,4
68527,134,120,14,14
68528,51,68,-17,17
68529,98,94,4,4
68530,58,68,-10,10
68531,66,78,-12,12
68532,66,69,-3,3
68533,139,121,18,18
68534,182,161,21,21
68535,118,129,-11,11
68536,69,66,3,3
68537,61,73,-12,12
68538,101,93,8,8
68539,126,96,30,30
68540,87,88,-1,1
68541,53,58,-5,5
68542,83,79,4,4
68543,113,115,-2,2
68544,109,102,7,7
68545,60,66,-6,6
68546,113,110,3,3
68547,84,89,-5,5
68548,60,59,1,1
68549,56,63,-7,7
68550,52,56,-4,4
68551,111,103,8,8
68552,74,83,-9,9
68553,57,62,-5,5
68554,72,76,-4,4
68555,77,83,-6,6
68556,93,90,3,3
68557,167,141,26,26
68558,64,71,-7,7
68559,97,91,6,6
68560,106,108,-2,2
68561,165,146,19,19
68562,86,105,-19,19
68563,146,130,16,16
68564,98,96,2,2
68565,88,88,0,0
68566,89,89,0,0
68567,99,95,4,4
68568,86,89,-3,3
68569,95,104,-9,9
68570,70,70,0,0
68571,91,95,-4,4
68572,98,96,2,2
68573,92,90,2,2
68574,103,99,4,4
68575,91,83,8,8
68576,58,74,-16,16
68577,61,68,-7,7
68578,53,61,-8,8
68579,83,79,4,4
68580,56,62,-6,6
68581,84,86,-2,2
68582,73,81,-8,8
68583,73,74,-1,1
68584,81,81,0,0
68585,69,75,-6,6
68586,71,79,-8,8
68587,107,112,-5,5
68588,111,108,3,3
68589,107,100,7,7
68590,115,102,13,13
68591,75,80,-5,5
68592,129,113,16,16
68593,94,89,5,5
68594,52,57,-5,5
68595,146,137,9,9
68596,99,101,-2,2
68597,93,107,-14,14
68598,57,65,-8,8
68599,102,108,-6,6
68600,58,74,-16,16
68601,95,129,-34,34
68602,92,90,2,2
68603,99,92,7,7
68604,115,113,2,2
68605,77,80,-3,3
68606,176,165,11,11
68607,97,101,-4,4
68608,153,131,22,22
68609,74,75,-1,1
68610,182,157,25,25
68611,91,101,-10,10
68612,67,76,-9,9
68613,85,97,-12,12
68614,109,106,3,3
68615,113,104,9,9
68616,111,110,1,1
68617,95,108,-13,13
68618,74,77,-3,3
68619,110,104,6,6
68620,58,59,-1,1
68621,135,123,12,12
68622,108,111,-3,3
68623,112,118,-6,6
68624,49,58,-9,9
68625,114,114,0,0
68626,57,62,-5,5
68627,74,75,-1,1
68628,99,98,1,1
68629,96,94,2,2
68630,88,86,2,2
68631,79,88,-9,9
68632,82,74,8,8
68633,99,93,6,6
68634,116,109,7,7
68635,80,82,-2,2
68636,120,113,7,7
68637,70,68,2,2
68638,74,78,-4,4
68639,55,68,-13,13
68640,97,94,3,3
68641,74,81,-7,7
68642,92,99,-7,7
68643,71,77,-6,6
68644,86,85,1,1
68645,66,66,0,0
68646,74,71,3,3
68647,90,88,2,2
68648,110,106,4,4
68649,94,94,0,0
68650,101,95,6,6
68651,115,114,1,1
68652,91,93,-2,2
68653,102,101,1,1
68654,116,119,-3,3
68655,130,123,7,7
68656,45,56,-11,11
68657,77,80,-3,3
68658,117,124,-7,7
68659,109,104,5,5
68660,94,95,-1,1
68661,130,119,11,11
68662,37,47,-10,10
68663,73,79,-6,6
68664,79,75,4,4
68665,80,89,-9,9
68666,143,120,23,23
68667,69,72,-3,3
68668,143,135,8,8
68669,105,104,1,1
68670,150,137,13,13
68671,94,89,5,5
68672,107,99,8,8
68673,64,65,-1,1
68674,154,130,24,24
68675,129,121,8,8
68676,118,110,8,8
68677,86,86,0,0
68678,98,98,0,0
68679,134,134,0,0
68680,96,95,1,1
68681,90,89,1,1
68682,173,163,10,10
68683,83,83,0,0
68684,168,154,14,14
68685,97,97,0,0
68686,88,89,-1,1
68687,54,63,-9,9
68688,142,116,26,26
68689,152,135,17,17
68690,75,87,-12,12
68691,73,76,-3,3
68692,170,167,3,3
68693,82,85,-3,3
68694,103,108,-5,5
68695,135,121,14,14
68696,98,101,-3,3
68697,190,167,23,23
68698,110,94,16,16
68699,56,68,-12,12
68700,160,140,20,20
68701,86,101,-15,15
68702,105,103,2,2
68703,42,46,-4,4
68704,148,150,-2,2
68705,78,73,5,5
68706,108,109,-1,1
68707,81,81,0,0
68708,135,127,8,8
68709,84,90,-6,6
68710,115,108,7,7
68711,124,115,9,9
68712,67,80,-13,13
68713,97,91,6,6
68714,90,88,2,2
68715,158,141,17,17
68716,162,146,16,16
68717,165,154,11,11
68718,76,79,-3,3
68719,174,161,13,13
68720,125,115,10,10
68721,155,143,12,12
68722,80,90,-10,10
68723,150,146,4,4
68724,54,55,-1,1
68725,119,104,15,15
68726,83,77,6,6
68727,56,67,-11,11
68728,69,80,-11,11
68729,94,97,-3,3
68730,103,105,-2,2
68731,120,112,8,8
68732,119,124,-5,5
68733,92,92,0,0
68734,102,100,2,2
68735,75,78,-3,3
68736,64,68,-4,4
68737,175,154,21,21
68738,66,69,-3,3
68739,69,74,-5,5
68740,66,70,-4,4
68741,42,54,-12,12
68742,222,196,26,26
68743,161,149,12,12
68744,139,119,20,20
68745,88,90,-2,2
68746,81,75,6,6
68747,160,154,6,6
68748,100,102,-2,2
68749,64,72,-8,8
68750,26,31,-5,5
68751,126,117,9,9
68752,49,52,-3,3
68753,101,101,0,0
68754,78,76,2,2
68755,82,84,-2,2
68756,68,71,-3,3
68757,90,93,-3,3
68758,78,77,1,1
68759,114,114,0,0
68760,160,143,17,17
68761,108,105,3,3
68762,93,95,-2,2
68763,52,56,-4,4
68764,142,130,12,12
68765,151,149,2,2
68766,118,118,0,0
68767,90,89,1,1
68768,103,95,8,8
68769,126,117,9,9
68770,121,115,6,6
68771,111,112,-1,1
68772,87,88,-1,1
68773,48,58,-10,10
68774,86,75,11,11
68775,60,95,-35,35
68776,162,135,27,27
68777,98,89,9,9
68778,134,127,7,7
68779,147,139,8,8
68780,113,113,0,0
68781,79,79,0,0
68782,76,74,2,2
68783,72,84,-12,12
68784,59,70,-11,11
68785,151,136,15,15
68786,114,107,7,7
68787,71,80,-9,9
68788,146,135,11,11
68789,83,84,-1,1
68790,65,71,-6,6
68791,60,59,1,1
68792,113,98,15,15
68793,146,129,17,17
68794,103,107,-4,4
68795,123,110,13,13
68796,59,67,-8,8
68797,158,134,24,24
68798,114,102,12,12
68799,133,118,15,15
68800,151,137,14,14
68801,41,45,-4,4
68802,80,82,-2,2
68803,71,71,0,0
68804,88,90,-2,2
68805,94,104,-10,10
68806,41,57,-16,16
68807,129,137,-8,8
68808,126,115,11,11
68809,132,110,22,22
68810,38,57,-19,19
68811,81,86,-5,5
68812,97,96,1,1
68813,99,100,-1,1
68814,159,148,11,11
68815,113,115,-2,2
68816,42,58,-16,16
68817,176,151,25,25
68818,96,87,9,9
68819,122,118,4,4
68820,134,132,2,2
68821,63,70,-7,7
68822,81,80,1,1
68823,94,98,-4,4
68824,122,114,8,8
68825,99,88,11,11
68826,103,104,-1,1
68827,77,98,-21,21
68828,90,100,-10,10
68829,139,119,20,20
68830,74,80,-6,6
68831,83,85,-2,2
68832,84,86,-2,2
68833,108,100,8,8
68834,80,88,-8,8
68835,117,114,3,3
68836,81,81,0,0
68837,73,76,-3,3
68838,146,133,13,13
68839,83,87,-4,4
68840,71,72,-1,1
68841,99,106,-7,7
68842,52,57,-5,5
68843,97,104,-7,7
68844,80,76,4,4
68845,112,108,4,4
68846,57,74,-17,17
68847,105,103,2,2
68848,145,143,2,2
68849,104,91,13,13
68850,94,89,5,5
68851,109,109,0,0
68852,73,76,-3,3
68853,54,62,-8,8
68854,99,94,5,5
68855,204,178,26,26
68856,42,55,-13,13
68857,40,44,-4,4
68858,61,58,3,3
68859,98,100,-2,2
68860,88,94,-6,6
68861,107,114,-7,7
68862,101,100,1,1
68863,156,139,17,17
68864,43,54,-11,11
68865,85,81,4,4
68866,130,117,13,13
68867,49,63,-14,14
68868,82,82,0,0
68869,105,104,1,1
68870,141,143,-2,2
68871,124,124,0,0
68872,149,156,-7,7
68873,61,59,2,2
68874,163,155,8,8
68875,94,96,-2,2
68876,64,73,-9,9
68877,129,138,-9,9
68878,71,78,-7,7
68879,95,101,-6,6
68880,106,109,-3,3
68881,103,82,21,21
68882,81,79,2,2
68883,89,80,9,9
68884,144,128,16,16
68885,64,74,-10,10
68886,37,115,-78,78
68887,87,79,8,8
68888,34,34,0,0
68889,94,94,0,0
68890,84,89,-5,5
68891,76,76,0,0
68892,79,77,2,2
68893,96,103,-7,7
68894,99,94,5,5
68895,102,101,1,1
68896,66,67,-1,1
68897,96,85,11,11
68898,75,81,-6,6
68899,98,89,9,9
68900,75,75,0,0
68901,106,102,4,4
68902,85,83,2,2
68903,104,114,-10,10
68904,83,87,-4,4
68905,92,94,-2,2
68906,110,119,-9,9
68907,89,103,-14,14
68908,148,134,14,14
68909,105,101,4,4
68910,90,85,5,5
68911,42,63,-21,21
68912,102,100,2,2
68913,142,131,11,11
68914,122,115,7,7
68915,109,101,8,8
68916,101,104,-3,3
68917,89,97,-8,8
68918,118,114,4,4
68919,146,131,15,15
68920,100,104,-4,4
68921,99,95,4,4
68922,62,66,-4,4
68923,84,78,6,6
68924,62,75,-13,13
68925,190,162,28,28
68926,105,109,-4,4
68927,101,97,4,4
68928,69,80,-11,11
68929,105,101,4,4
68930,135,129,6,6
68931,162,157,5,5
68932,96,97,-1,1
68933,80,74,6,6
68934,83,87,-4,4
68935,133,126,7,7
68936,77,75,2,2
68937,130,121,9,9
68938,143,151,-8,8
68939,83,87,-4,4
68940,77,82,-5,5
68941,148,134,14,14
68942,88,85,3,3
68943,47,48,-1,1
68944,66,61,5,5
68945,54,71,-17,17
68946,97,93,4,4
68947,80,87,-7,7
68948,51,68,-17,17
68949,122,122,0,0
68950,134,118,16,16
68951,152,142,10,10
68952,96,101,-5,5
68953,75,82,-7,7
68954,143,136,7,7
68955,164,152,12,12
68956,99,97,2,2
68957,149,144,5,5
68958,126,114,12,12
68959,90,86,4,4
68960,102,104,-2,2
68961,18,36,-18,18
68962,103,129,-26,26
68963,130,118,12,12
68964,67,77,-10,10
68965,69,66,3,3
68966,84,85,-1,1
68967,122,121,1,1
68968,103,96,7,7
68969,65,62,3,3
68970,111,114,-3,3
68971,177,169,8,8
68972,64,67,-3,3
68973,159,151,8,8
68974,123,123,0,0
68975,67,70,-3,3
68976,138,139,-1,1
68977,88,94,-6,6
68978,94,106,-12,12
68979,114,104,10,10
68980,81,80,1,1
68981,68,69,-1,1
68982,214,187,27,27
68983,145,127,18,18
68984,54,63,-9,9
68985,100,96,4,4
68986,146,136,10,10
68987,213,177,36,36
68988,106,112,-6,6
68989,57,55,2,2
68990,128,122,6,6
68991,97,96,1,1
68992,90,99,-9,9
68993,102,97,5,5
68994,153,132,21,21
68995,84,84,0,0
68996,27,34,-7,7
68997,51,53,-2,2
68998,73,80,-7,7
68999,86,82,4,4
69000,77,77,0,0
69001,154,134,20,20
69002,107,102,5,5
69003,173,158,15,15
69004,80,82,-2,2
69005,92,91,1,1
69006,86,86,0,0
69007,70,74,-4,4
69008,116,118,-2,2
69009,79,80,-1,1
69010,101,98,3,3
69011,138,128,10,10
69012,125,107,18,18
69013,65,72,-7,7
69014,82,88,-6,6
69015,88,93,-5,5
69016,40,57,-17,17
69017,104,103,1,1
69018,111,109,2,2
69019,81,82,-1,1
69020,67,83,-16,16
69021,91,101,-10,10
69022,135,128,7,7
69023,155,157,-2,2
69024,89,82,7,7
69025,58,73,-15,15
69026,137,128,9,9
69027,69,72,-3,3
69028,84,85,-1,1
69029,110,97,13,13
69030,68,92,-24,24
69031,126,112,14,14
69032,185,144,41,41
69033,64,58,6,6
69034,119,111,8,8
69035,133,125,8,8
69036,96,90,6,6
69037,54,60,-6,6
69038,90,88,2,2
69039,75,73,2,2
69040,123,123,0,0
69041,91,93,-2,2
69042,114,110,4,4
69043,49,85,-36,36
69044,119,110,9,9
69045,78,79,-1,1
69046,105,103,2,2
69047,113,110,3,3
69048,75,76,-1,1
69049,162,151,11,11
69050,62,65,-3,3
69051,93,84,9,9
69052,67,71,-4,4
69053,118,117,1,1
69054,76,77,-1,1
69055,132,120,12,12
69056,43,47,-4,4
69057,69,77,-8,8
69058,99,101,-2,2
69059,81,77,4,4
69060,103,100,3,3
69061,87,81,6,6
69062,88,83,5,5
69063,92,90,2,2
69064,102,91,11,11
69065,53,60,-7,7
69066,80,81,-1,1
69067,86,78,8,8
69068,107,106,1,1
69069,165,159,6,6
69070,43,54,-11,11
69071,84,79,5,5
69072,129,123,6,6
69073,135,130,5,5
69074,32,66,-34,34
69075,49,70,-21,21
69076,91,93,-2,2
69077,72,78,-6,6
69078,85,82,3,3
69079,75,82,-7,7
69080,95,111,-16,16
69081,132,121,11,11
69082,98,106,-8,8
69083,34,32,2,2
69084,114,110,4,4
69085,104,100,4,4
69086,111,101,10,10
69087,59,59,0,0
69088,38,51,-13,13
69089,45,50,-5,5
69090,160,162,-2,2
69091,87,87,0,0
69092,78,89,-11,11
69093,180,141,39,39
69094,112,114,-2,2
69095,99,102,-3,3
69096,77,82,-5,5
69097,64,85,-21,21
69098,93,78,15,15
69099,135,146,-11,11
69100,80,80,0,0
69101,105,93,12,12
69102,93,94,-1,1
69103,97,101,-4,4
69104,93,103,-10,10
69105,126,104,22,22
69106,100,94,6,6
69107,93,91,2,2
69108,116,114,2,2
69109,89,89,0,0
69110,72,88,-16,16
69111,158,135,23,23
69112,107,92,15,15
69113,57,67,-10,10
69114,95,102,-7,7
69115,199,175,24,24
69116,98,97,1,1
69117,50,58,-8,8
69118,72,72,0,0
69119,86,80,6,6
69120,36,33,3,3
69121,77,70,7,7
69122,144,139,5,5
69123,101,115,-14,14
69124,141,136,5,5
69125,136,122,14,14
69126,81,77,4,4
69127,96,115,-19,19
69128,92,93,-1,1
69129,37,50,-13,13
69130,117,117,0,0
69131,96,94,2,2
69132,120,132,-12,12
69133,58,65,-7,7
69134,147,123,24,24
69135,60,70,-10,10
69136,85,83,2,2
69137,71,68,3,3
69138,74,71,3,3
69139,98,100,-2,2
69140,59,63,-4,4
69141,77,82,-5,5
69142,77,84,-7,7
69143,76,80,-4,4
69144,52,62,-10,10
69145,116,110,6,6
69146,78,87,-9,9
69147,74,80,-6,6
69148,124,118,6,6
69149,58,57,1,1
69150,86,82,4,4
69151,132,119,13,13
69152,108,96,12,12
69153,38,46,-8,8
69154,138,134,4,4
69155,74,76,-2,2
69156,73,80,-7,7
69157,95,81,14,14
69158,129,133,-4,4
69159,102,95,7,7
69160,112,105,7,7
69161,141,133,8,8
69162,76,76,0,0
69163,142,134,8,8
69164,72,74,-2,2
69165,163,148,15,15
69166,122,116,6,6
69167,44,44,0,0
69168,104,100,4,4
69169,72,83,-11,11
69170,60,62,-2,2
69171,69,70,-1,1
69172,113,104,9,9
69173,89,88,1,1
69174,42,46,-4,4
69175,146,137,9,9
69176,147,120,27,27
69177,132,139,-7,7
69178,107,98,9,9
69179,77,85,-8,8
69180,102,101,1,1
69181,153,131,22,22
69182,56,82,-26,26
69183,105,107,-2,2
69184,129,122,7,7
69185,99,93,6,6
69186,55,62,-7,7
69187,102,112,-10,10
69188,102,94,8,8
69189,111,110,1,1
69190,123,123,0,0
69191,62,70,-8,8
69192,152,157,-5,5
69193,89,85,4,4
69194,94,88,6,6
69195,35,53,-18,18
69196,94,92,2,2
69197,110,113,-3,3
69198,175,163,12,12
69199,105,98,7,7
69200,42,53,-11,11
69201,152,137,15,15
69202,149,133,16,16
69203,207,173,34,34
69204,152,149,3,3
69205,88,96,-8,8
69206,94,91,3,3
69207,76,74,2,2
69208,84,87,-3,3
69209,87,84,3,3
69210,59,56,3,3
69211,112,104,8,8
69212,110,100,10,10
69213,136,113,23,23
69214,81,95,-14,14
69215,177,152,25,25
69216,120,122,-2,2
69217,86,83,3,3
69218,57,65,-8,8
69219,100,83,17,17
69220,134,127,7,7
69221,75,75,0,0
69222,88,86,2,2
69223,82,91,-9,9
69224,54,63,-9,9
69225,74,74,0,0
69226,50,57,-7,7
69227,125,113,12,12
69228,85,90,-5,5
69229,148,139,9,9
69230,88,90,-2,2
69231,58,74,-16,16
69232,124,108,16,16
69233,129,126,3,3
69234,100,98,2,2
69235,76,78,-2,2
69236,86,82,4,4
69237,57,73,-16,16
69238,84,85,-1,1
69239,103,93,10,10
69240,87,86,1,1
69241,114,115,-1,1
69242,58,66,-8,8
69243,100,91,9,9
69244,92,96,-4,4
69245,78,82,-4,4
69246,73,88,-15,15
69247,73,70,3,3
69248,106,105,1,1
69249,135,129,6,6
69250,95,108,-13,13
69251,75,83,-8,8
69252,116,120,-4,4
69253,58,61,-3,3
69254,135,122,13,13
69255,75,79,-4,4
69256,51,60,-9,9
69257,69,73,-4,4
69258,97,108,-11,11
69259,73,79,-6,6
69260,91,96,-5,5
69261,156,144,12,12
69262,67,75,-8,8
69263,77,79,-2,2
69264,133,133,0,0
69265,129,141,-12,12
69266,110,105,5,5
69267,121,129,-8,8
69268,150,138,12,12
69269,89,88,1,1
69270,71,78,-7,7
69271,119,105,14,14
69272,70,81,-11,11
69273,121,124,-3,3
69274,116,117,-1,1
69275,123,125,-2,2
69276,95,90,5,5
69277,70,72,-2,2
69278,111,95,16,16
69279,113,105,8,8
69280,92,81,11,11
69281,52,63,-11,11
69282,114,111,3,3
69283,106,103,3,3
69284,102,113,-11,11
69285,72,83,-11,11
69286,134,114,20,20
69287,101,98,3,3
69288,134,118,16,16
69289,111,110,1,1
69290,99,97,2,2
69291,98,92,6,6
69292,94,96,-2,2
69293,44,53,-9,9
69294,92,96,-4,4
69295,81,80,1,1
69296,74,79,-5,5
69297,51,53,-2,2
69298,135,128,7,7
69299,34,45,-11,11
69300,151,144,7,7
69301,64,70,-6,6
69302,105,108,-3,3
69303,117,100,17,17
69304,88,90,-2,2
69305,100,104,-4,4
69306,88,85,3,3
69307,84,85,-1,1
69308,189,173,16,16
69309,45,57,-12,12
69310,64,72,-8,8
69311,94,91,3,3
69312,199,172,27,27
69313,80,77,3,3
69314,105,107,-2,2
69315,112,105,7,7
69316,59,47,12,12
69317,54,63,-9,9
69318,123,113,10,10
69319,59,65,-6,6
69320,186,164,22,22
69321,110,109,1,1
69322,117,107,10,10
69323,82,83,-1,1
69324,202,166,36,36
69325,129,114,15,15
69326,91,94,-3,3
69327,131,109,22,22
69328,117,108,9,9
69329,82,76,6,6
69330,78,87,-9,9
69331,129,123,6,6
69332,46,43,3,3
69333,122,122,0,0
69334,124,111,13,13
69335,186,181,5,5
69336,103,101,2,2
69337,112,117,-5,5
69338,135,135,0,0
69339,68,74,-6,6
69340,110,108,2,2
69341,57,61,-4,4
69342,144,134,10,10
69343,115,98,17,17
69344,143,132,11,11
69345,75,85,-10,10
69346,69,68,1,1
69347,140,122,18,18
69348,93,98,-5,5
69349,74,77,-3,3
69350,165,153,12,12
69351,77,83,-6,6
69352,57,64,-7,7
69353,87,99,-12,12
69354,123,121,2,2
69355,78,85,-7,7
69356,120,118,2,2
69357,100,98,2,2
69358,112,111,1,1
69359,87,90,-3,3
69360,98,84,14,14
69361,106,105,1,1
69362,91,96,-5,5
69363,107,107,0,0
69364,67,67,0,0
69365,125,118,7,7
69366,61,59,2,2
69367,96,100,-4,4
69368,73,76,-3,3
69369,70,73,-3,3
69370,89,84,5,5
69371,114,109,5,5
69372,74,82,-8,8
69373,133,111,22,22
69374,107,111,-4,4
69375,91,90,1,1
69376,83,78,5,5
69377,76,76,0,0
69378,75,85,-10,10
69379,83,84,-1,1
69380,62,66,-4,4
69381,71,83,-12,12
69382,40,43,-3,3
69383,131,119,12,12
69384,138,137,1,1
69385,43,56,-13,13
69386,76,84,-8,8
69387,128,146,-18,18
69388,62,67,-5,5
69389,128,118,10,10
69390,79,88,-9,9
69391,140,125,15,15
69392,94,102,-8,8
69393,96,98,-2,2
69394,43,47,-4,4
69395,159,143,16,16
69396,62,60,2,2
69397,131,120,11,11
69398,65,68,-3,3
69399,63,72,-9,9
69400,116,122,-6,6
69401,65,83,-18,18
69402,70,69,1,1
69403,56,62,-6,6
69404,95,96,-1,1
69405,120,111,9,9
69406,93,101,-8,8
69407,92,90,2,2
69408,101,93,8,8
69409,106,108,-2,2
69410,151,137,14,14
69411,98,95,3,3
69412,63,68,-5,5
69413,120,120,0,0
69414,93,89,4,4
69415,89,87,2,2
69416,47,54,-7,7
69417,92,93,-1,1
69418,95,87,8,8
69419,90,82,8,8
69420,116,106,10,10
69421,88,89,-1,1
69422,107,113,-6,6
69423,168,169,-1,1
69424,49,52,-3,3
69425,111,104,7,7
69426,76,82,-6,6
69427,89,88,1,1
69428,72,77,-5,5
69429,131,126,5,5
69430,61,77,-16,16
69431,106,98,8,8
69432,65,74,-9,9
69433,76,78,-2,2
69434,62,94,-32,32
69435,63,65,-2,2
69436,77,78,-1,1
69437,120,108,12,12
69438,109,105,4,4
69439,93,90,3,3
69440,66,68,-2,2
69441,72,71,1,1
69442,94,88,6,6
69443,143,123,20,20
69444,75,81,-6,6
69445,99,101,-2,2
69446,112,112,0,0
69447,66,75,-9,9
69448,72,71,1,1
69449,46,59,-13,13
69450,100,102,-2,2
69451,89,83,6,6
69452,101,97,4,4
69453,63,63,0,0
69454,108,105,3,3
69455,89,93,-4,4
69456,101,99,2,2
69457,94,92,2,2
69458,73,78,-5,5
69459,148,117,31,31
69460,142,125,17,17
69461,92,90,2,2
69462,151,138,13,13
69463,119,113,6,6
69464,61,70,-9,9
69465,124,122,2,2
69466,46,60,-14,14
69467,67,80,-13,13
69468,46,68,-22,22
69469,81,75,6,6
69470,104,108,-4,4
69471,47,52,-5,5
69472,88,90,-2,2
69473,115,87,28,28
69474,92,109,-17,17
69475,100,87,13,13
69476,141,132,9,9
69477,107,103,4,4
69478,127,110,17,17
69479,117,122,-5,5
69480,72,75,-3,3
69481,81,86,-5,5
69482,100,126,-26,26
69483,84,103,-19,19
69484,70,69,1,1
69485,152,135,17,17
69486,32,46,-14,14
69487,121,118,3,3
69488,69,73,-4,4
69489,63,70,-7,7
69490,76,79,-3,3
69491,81,87,-6,6
69492,106,102,4,4
69493,69,79,-10,10
69494,54,61,-7,7
69495,92,88,4,4
69496,61,69,-8,8
69497,141,124,17,17
69498,78,78,0,0
69499,124,140,-16,16
69500,94,94,0,0
69501,66,75,-9,9
69502,156,151,5,5
69503,80,102,-22,22
69504,84,89,-5,5
69505,161,151,10,10
69506,106,97,9,9
69507,98,100,-2,2
69508,108,103,5,5
69509,109,102,7,7
69510,85,84,1,1
69511,74,84,-10,10
69512,74,76,-2,2
69513,88,99,-11,11
69514,128,118,10,10
69515,93,90,3,3
69516,140,132,8,8
69517,109,104,5,5
69518,58,62,-4,4
69519,73,67,6,6
69520,86,88,-2,2
69521,94,93,1,1
69522,332,303,29,29
69523,112,104,8,8
69524,48,52,-4,4
69525,73,79,-6,6
69526,116,112,4,4
69527,105,91,14,14
69528,65,69,-4,4
69529,108,103,5,5
69530,83,95,-12,12
69531,81,88,-7,7
69532,155,153,2,2
69533,110,97,13,13
69534,120,107,13,13
69535,92,85,7,7
69536,152,135,17,17
69537,131,132,-1,1
69538,48,69,-21,21
69539,68,71,-3,3
69540,74,74,0,0
69541,86,100,-14,14
69542,148,148,0,0
69543,188,168,20,20
69544,79,87,-8,8
69545,125,117,8,8
69546,95,83,12,12
69547,63,65,-2,2
69548,78,76,2,2
69549,116,116,0,0
69550,83,86,-3,3
69551,68,74,-6,6
69552,104,111,-7,7
69553,107,105,2,2
69554,93,86,7,7
69555,115,112,3,3
69556,105,87,18,18
69557,76,95,-19,19
69558,129,115,14,14
69559,53,54,-1,1
69560,78,90,-12,12
69561,108,105,3,3
69562,39,47,-8,8
69563,81,79,2,2
69564,122,122,0,0
69565,74,76,-2,2
69566,63,72,-9,9
69567,115,107,8,8
69568,119,122,-3,3
69569,130,124,6,6
69570,103,123,-20,20
69571,107,108,-1,1
69572,69,80,-11,11
69573,130,118,12,12
69574,98,111,-13,13
69575,126,111,15,15
69576,119,105,14,14
69577,86,91,-5,5
69578,211,184,27,27
69579,82,83,-1,1
69580,64,66,-2,2
69581,96,78,18,18
69582,63,68,-5,5
69583,102,102,0,0
69584,119,119,0,0
69585,82,88,-6,6
69586,119,109,10,10
69587,64,68,-4,4
69588,48,51,-3,3
69589,140,130,10,10
69590,112,106,6,6
69591,93,104,-11,11
69592,88,90,-2,2
69593,93,91,2,2
69594,60,63,-3,3
69595,66,72,-6,6
69596,48,51,-3,3
69597,101,93,8,8
69598,54,63,-9,9
69599,99,88,11,11
69600,81,81,0,0
69601,155,138,17,17
69602,80,85,-5,5
69603,69,74,-5,5
69604,65,79,-14,14
69605,81,91,-10,10
69606,100,102,-2,2
69607,89,98,-9,9
69608,86,91,-5,5
69609,107,110,-3,3
69610,61,70,-9,9
69611,59,61,-2,2
69612,51,64,-13,13
69613,147,142,5,5
69614,127,110,17,17
69615,130,130,0,0
69616,53,54,-1,1
69617,117,97,20,20
69618,132,124,8,8
69619,119,113,6,6
69620,107,93,14,14
69621,79,92,-13,13
69622,157,147,10,10
69623,125,106,19,19
69624,60,67,-7,7
69625,79,73,6,6
69626,80,87,-7,7
69627,151,130,21,21
69628,109,102,7,7
69629,64,69,-5,5
69630,111,101,10,10
69631,44,56,-12,12
69632,95,86,9,9
69633,137,124,13,13
69634,121,100,21,21
69635,51,63,-12,12
69636,53,68,-15,15
69637,93,90,3,3
69638,91,96,-5,5
69639,125,111,14,14
69640,59,67,-8,8
69641,63,66,-3,3
69642,111,97,14,14
69643,117,118,-1,1
69644,74,78,-4,4
69645,117,115,2,2
69646,65,67,-2,2
69647,100,87,13,13
69648,227,204,23,23
69649,145,155,-10,10
69650,82,87,-5,5
69651,93,80,13,13
69652,120,127,-7,7
69653,122,108,14,14
69654,121,112,9,9
69655,106,89,17,17
69656,95,99,-4,4
69657,71,74,-3,3
69658,64,72,-8,8
69659,103,101,2,2
69660,66,80,-14,14
69661,60,68,-8,8
69662,85,86,-1,1
69663,110,107,3,3
69664,109,108,1,1
69665,80,98,-18,18
69666,80,74,6,6
69667,147,142,5,5
69668,107,110,-3,3
69669,61,65,-4,4
69670,163,152,11,11
69671,60,64,-4,4
69672,85,85,0,0
69673,152,148,4,4
69674,90,90,0,0
69675,81,81,0,0
69676,76,74,2,2
69677,95,89,6,6
69678,70,74,-4,4
69679,101,96,5,5
69680,65,65,0,0
69681,78,88,-10,10
69682,94,95,-1,1
69683,69,74,-5,5
69684,161,153,8,8
69685,97,102,-5,5
69686,66,78,-12,12
69687,171,149,22,22
69688,93,84,9,9
69689,98,90,8,8
69690,101,103,-2,2
69691,97,98,-1,1
69692,74,84,-10,10
69693,88,79,9,9
69694,184,171,13,13
69695,74,79,-5,5
69696,65,78,-13,13
69697,193,168,25,25
69698,103,96,7,7
69699,57,66,-9,9
69700,113,128,-15,15
69701,145,156,-11,11
69702,60,68,-8,8
69703,128,135,-7,7
69704,89,88,1,1
69705,80,84,-4,4
69706,79,74,5,5
69707,114,107,7,7
69708,200,179,21,21
69709,133,124,9,9
69710,114,104,10,10
69711,125,115,10,10
69712,82,81,1,1
69713,90,84,6,6
69714,95,91,4,4
69715,140,138,2,2
69716,96,101,-5,5
69717,186,166,20,20
69718,89,98,-9,9
69719,57,62,-5,5
69720,76,79,-3,3
69721,64,69,-5,5
69722,138,124,14,14
69723,97,91,6,6
69724,95,103,-8,8
69725,157,148,9,9
69726,76,74,2,2
69727,77,85,-8,8
69728,110,107,3,3
69729,191,167,24,24
69730,70,64,6,6
69731,100,113,-13,13
69732,98,98,0,0
69733,64,69,-5,5
69734,106,104,2,2
69735,95,96,-1,1
69736,70,82,-12,12
69737,132,116,16,16
69738,43,39,4,4
69739,177,155,22,22
69740,59,64,-5,5
69741,42,56,-14,14
69742,40,37,3,3
69743,82,36,46,46
69744,79,86,-7,7
69745,62,78,-16,16
69746,108,101,7,7
69747,103,111,-8,8
69748,92,88,4,4
69749,63,70,-7,7
69750,65,71,-6,6
69751,144,140,4,4
69752,92,90,2,2
69753,129,123,6,6
69754,137,135,2,2
69755,122,123,-1,1
69756,48,72,-24,24
69757,85,74,11,11
69758,90,95,-5,5
69759,82,74,8,8
69760,112,104,8,8
69761,85,86,-1,1
69762,91,85,6,6
69763,78,83,-5,5
69764,69,73,-4,4
69765,121,109,12,12
69766,68,75,-7,7
69767,131,125,6,6
69768,89,88,1,1
69769,93,90,3,3
69770,54,51,3,3
69771,136,130,6,6
69772,35,78,-43,43
69773,178,153,25,25
69774,105,103,2,2
69775,145,138,7,7
69776,75,85,-10,10
69777,117,104,13,13
69778,63,67,-4,4
69779,132,126,6,6
69780,100,100,0,0
69781,67,71,-4,4
69782,47,59,-12,12
69783,128,113,15,15
69784,119,123,-4,4
69785,119,118,1,1
69786,93,80,13,13
69787,121,118,3,3
69788,79,76,3,3
69789,166,149,17,17
69790,87,83,4,4
69791,85,89,-4,4
69792,80,83,-3,3
69793,68,72,-4,4
69794,131,130,1,1
69795,124,116,8,8
69796,146,143,3,3
69797,71,70,1,1
69798,89,99,-10,10
69799,60,71,-11,11
69800,64,66,-2,2
69801,63,81,-18,18
69802,61,68,-7,7
69803,119,101,18,18
69804,83,87,-4,4
69805,96,95,1,1
69806,116,130,-14,14
69807,122,114,8,8
69808,102,95,7,7
69809,85,89,-4,4
69810,129,128,1,1
69811,109,100,9,9
69812,41,47,-6,6
69813,95,104,-9,9
69814,131,106,25,25
69815,98,81,17,17
69816,105,98,7,7
69817,35,52,-17,17
69818,65,66,-1,1
69819,69,69,0,0
69820,72,74,-2,2
69821,101,103,-2,2
69822,86,85,1,1
69823,103,104,-1,1
69824,110,98,12,12
69825,77,72,5,5
69826,98,79,19,19
69827,107,102,5,5
69828,72,80,-8,8
69829,109,107,2,2
69830,68,67,1,1
69831,64,65,-1,1
69832,158,145,13,13
69833,112,115,-3,3
69834,71,85,-14,14
69835,119,111,8,8
69836,63,70,-7,7
69837,66,69,-3,3
69838,90,86,4,4
69839,114,116,-2,2
69840,81,84,-3,3
69841,136,124,12,12
69842,92,89,3,3
69843,46,68,-22,22
69844,48,54,-6,6
69845,99,89,10,10
69846,63,75,-12,12
69847,113,110,3,3
69848,77,83,-6,6
69849,95,103,-8,8
69850,95,94,1,1
69851,92,96,-4,4
69852,77,77,0,0
69853,108,104,4,4
69854,80,81,-1,1
69855,106,106,0,0
69856,193,175,18,18
69857,138,122,16,16
69858,146,138,8,8
69859,146,141,5,5
69860,121,107,14,14
69861,134,118,16,16
69862,92,94,-2,2
69863,109,104,5,5
69864,94,98,-4,4
69865,96,103,-7,7
69866,105,116,-11,11
69867,124,123,1,1
69868,101,96,5,5
69869,63,76,-13,13
69870,91,94,-3,3
69871,75,86,-11,11
69872,89,99,-10,10
69873,134,127,7,7
69874,130,117,13,13
69875,71,83,-12,12
69876,152,145,7,7
69877,79,67,12,12
69878,82,73,9,9
69879,80,92,-12,12
69880,51,60,-9,9
69881,134,125,9,9
69882,120,105,15,15
69883,88,86,2,2
69884,66,77,-11,11
69885,40,55,-15,15
69886,81,75,6,6
69887,125,111,14,14
69888,57,64,-7,7
69889,127,114,13,13
69890,70,66,4,4
69891,144,102,42,42
69892,100,107,-7,7
69893,190,162,28,28
69894,79,82,-3,3
69895,95,77,18,18
69896,86,77,9,9
69897,75,63,12,12
69898,108,98,10,10
69899,74,76,-2,2
69900,110,117,-7,7
69901,121,110,11,11
69902,75,80,-5,5
69903,193,162,31,31
69904,102,96,6,6
69905,83,86,-3,3
69906,161,151,10,10
69907,43,60,-17,17
69908,157,167,-10,10
69909,152,151,1,1
69910,166,147,19,19
69911,61,65,-4,4
69912,123,115,8,8
69913,77,70,7,7
69914,76,74,2,2
69915,103,108,-5,5
69916,73,75,-2,2
69917,94,98,-4,4
69918,71,79,-8,8
69919,69,80,-11,11
69920,46,51,-5,5
69921,59,65,-6,6
69922,109,102,7,7
69923,166,162,4,4
69924,65,68,-3,3
69925,97,93,4,4
69926,170,151,19,19
69927,76,80,-4,4
69928,79,80,-1,1
69929,84,92,-8,8
69930,36,35,1,1
69931,149,141,8,8
69932,61,63,-2,2
69933,109,106,3,3
69934,160,135,25,25
69935,96,91,5,5
69936,139,135,4,4
69937,59,65,-6,6
69938,52,50,2,2
69939,148,132,16,16
69940,90,75,15,15
69941,68,66,2,2
69942,60,68,-8,8
69943,110,107,3,3
69944,80,100,-20,20
69945,37,40,-3,3
69946,75,89,-14,14
69947,62,73,-11,11
69948,66,71,-5,5
69949,99,105,-6,6
69950,105,101,4,4
69951,165,144,21,21
69952,164,150,14,14
69953,93,91,2,2
69954,58,77,-19,19
69955,93,92,1,1
69956,37,45,-8,8
69957,68,76,-8,8
69958,122,123,-1,1
69959,36,40,-4,4
69960,109,107,2,2
69961,111,105,6,6
69962,39,48,-9,9
69963,139,128,11,11
69964,109,109,0,0
69965,169,155,14,14
69966,138,131,7,7
69967,104,118,-14,14
69968,170,170,0,0
69969,66,73,-7,7
69970,154,145,9,9
69971,46,55,-9,9
69972,136,120,16,16
69973,81,80,1,1
69974,390,333,57,57
69975,88,88,0,0
69976,66,80,-14,14
69977,69,72,-3,3
69978,48,58,-10,10
69979,136,123,13,13
69980,85,87,-2,2
69981,73,74,-1,1
69982,128,133,-5,5
69983,90,98,-8,8
69984,105,103,2,2
69985,127,117,10,10
69986,102,103,-1,1
69987,111,103,8,8
69988,110,97,13,13
69989,92,88,4,4
69990,66,104,-38,38
69991,103,102,1,1
69992,111,102,9,9
69993,120,116,4,4
69994,96,100,-4,4
69995,141,131,10,10
69996,89,101,-12,12
69997,66,72,-6,6
69998,95,85,10,10
69999,83,90,-7,7
70000,62,66,-4,4
70001,136,132,4,4
70002,99,94,5,5
70003,78,74,4,4
70004,79,88,-9,9
70005,86,80,6,6
70006,70,74,-4,4
70007,128,124,4,4
70008,100,80,20,20
70009,116,104,12,12
70010,165,169,-4,4
70011,125,119,6,6
70012,63,72,-9,9
70013,93,100,-7,7
70014,135,119,16,16
70015,61,64,-3,3
70016,55,74,-19,19
70017,95,88,7,7
70018,98,97,1,1
70019,54,60,-6,6
70020,85,87,-2,2
70021,96,87,9,9
70022,132,125,7,7
70023,81,87,-6,6
70024,57,68,-11,11
70025,71,71,0,0
70026,92,93,-1,1
70027,99,86,13,13
70028,87,88,-1,1
70029,116,97,19,19
70030,46,58,-12,12
70031,29,27,2,2
70032,163,160,3,3
70033,110,103,7,7
70034,68,73,-5,5
70035,62,65,-3,3
70036,60,58,2,2
70037,91,96,-5,5
70038,35,37,-2,2
70039,61,70,-9,9
70040,101,86,15,15
70041,135,124,11,11
70042,169,159,10,10
70043,122,112,10,10
70044,182,164,18,18
70045,86,92,-6,6
70046,121,111,10,10
70047,65,65,0,0
70048,84,94,-10,10
70049,98,89,9,9
70050,61,69,-8,8
70051,71,85,-14,14
70052,54,63,-9,9
70053,130,114,16,16
70054,47,57,-10,10
70055,78,78,0,0
70056,83,76,7,7
70057,119,106,13,13
70058,86,82,4,4
70059,92,94,-2,2
70060,76,78,-2,2
70061,80,86,-6,6
70062,103,92,11,11
70063,113,107,6,6
70064,79,87,-8,8
70065,68,74,-6,6
70066,115,109,6,6
70067,62,72,-10,10
70068,107,115,-8,8
70069,115,105,10,10
70070,138,133,5,5
70071,115,118,-3,3
70072,117,105,12,12
70073,92,134,-42,42
70074,122,109,13,13
70075,54,63,-9,9
70076,76,82,-6,6
70077,96,93,3,3
70078,57,63,-6,6
70079,108,109,-1,1
70080,104,104,0,0
70081,107,106,1,1
70082,66,64,2,2
70083,57,67,-10,10
70084,72,73,-1,1
70085,63,93,-30,30
70086,119,119,0,0
70087,123,111,12,12
70088,86,85,1,1
70089,121,102,19,19
70090,72,70,2,2
70091,70,75,-5,5
70092,84,77,7,7
70093,72,79,-7,7
70094,61,61,0,0
70095,128,112,16,16
70096,90,95,-5,5
70097,138,146,-8,8
70098,80,82,-2,2
70099,134,104,30,30
70100,135,133,2,2
70101,108,103,5,5
70102,114,104,10,10
70103,87,82,5,5
70104,29,55,-26,26
70105,84,84,0,0
70106,139,136,3,3
70107,126,113,13,13
70108,61,60,1,1
70109,22,27,-5,5
70110,61,77,-16,16
70111,74,85,-11,11
70112,120,111,9,9
70113,69,74,-5,5
70114,61,73,-12,12
70115,88,92,-4,4
70116,102,107,-5,5
70117,107,103,4,4
70118,103,101,2,2
70119,89,96,-7,7
70120,134,132,2,2
70121,52,70,-18,18
70122,63,89,-26,26
70123,116,105,11,11
70124,123,132,-9,9
70125,101,95,6,6
70126,58,65,-7,7
70127,95,98,-3,3
70128,66,68,-2,2
70129,69,71,-2,2
70130,107,102,5,5
70131,118,125,-7,7
70132,155,134,21,21
70133,75,78,-3,3
70134,103,95,8,8
70135,81,78,3,3
70136,94,95,-1,1
70137,64,70,-6,6
70138,135,127,8,8
70139,116,132,-16,16
70140,213,177,36,36
70141,87,89,-2,2
70142,109,122,-13,13
70143,149,139,10,10
70144,81,93,-12,12
70145,78,80,-2,2
70146,62,65,-3,3
70147,73,76,-3,3
70148,68,61,7,7
70149,103,87,16,16
70150,121,106,15,15
70151,165,147,18,18
70152,105,101,4,4
70153,71,69,2,2
70154,139,139,0,0
70155,75,101,-26,26
70156,146,147,-1,1
70157,88,91,-3,3
70158,184,172,12,12
70159,122,108,14,14
70160,50,79,-29,29
70161,98,98,0,0
70162,28,82,-54,54
70163,68,65,3,3
70164,34,37,-3,3
70165,88,78,10,10
70166,87,93,-6,6
70167,91,90,1,1
70168,97,94,3,3
70169,93,80,13,13
70170,46,49,-3,3
70171,63,67,-4,4
70172,54,65,-11,11
70173,68,77,-9,9
70174,100,111,-11,11
70175,51,56,-5,5
70176,92,95,-3,3
70177,111,109,2,2
70178,66,66,0,0
70179,60,72,-12,12
70180,66,69,-3,3
70181,130,108,22,22
70182,125,109,16,16
70183,134,131,3,3
70184,139,134,5,5
70185,105,107,-2,2
70186,70,76,-6,6
70187,106,102,4,4
70188,146,127,19,19
70189,144,142,2,2
70190,108,124,-16,16
70191,77,83,-6,6
70192,99,94,5,5
70193,79,81,-2,2
70194,65,70,-5,5
70195,65,81,-16,16
70196,89,99,-10,10
70197,128,112,16,16
70198,95,115,-20,20
70199,131,139,-8,8
70200,48,51,-3,3
70201,127,113,14,14
70202,102,103,-1,1
70203,127,119,8,8
70204,53,63,-10,10
70205,148,128,20,20
70206,173,150,23,23
70207,110,107,3,3
70208,61,67,-6,6
70209,65,69,-4,4
70210,83,80,3,3
70211,125,122,3,3
70212,94,92,2,2
70213,82,82,0,0
70214,95,91,4,4
70215,48,57,-9,9
70216,112,109,3,3
70217,74,77,-3,3
70218,114,103,11,11
70219,64,72,-8,8
70220,109,105,4,4
70221,163,146,17,17
70222,136,130,6,6
70223,218,183,35,35
70224,114,104,10,10
70225,152,141,11,11
70226,115,115,0,0
70227,70,80,-10,10
70228,76,79,-3,3
70229,101,101,0,0
70230,122,110,12,12
70231,95,87,8,8
70232,112,137,-25,25
70233,114,112,2,2
70234,93,93,0,0
70235,56,71,-15,15
70236,110,114,-4,4
70237,97,94,3,3
70238,86,98,-12,12
70239,87,85,2,2
70240,55,74,-19,19
70241,183,186,-3,3
70242,99,101,-2,2
70243,102,101,1,1
70244,113,109,4,4
70245,95,93,2,2
70246,191,162,29,29
70247,82,86,-4,4
70248,55,55,0,0
70249,60,67,-7,7
70250,81,73,8,8
70251,87,87,0,0
70252,142,137,5,5
70253,97,84,13,13
70254,116,101,15,15
70255,73,76,-3,3
70256,87,92,-5,5
70257,102,93,9,9
70258,57,66,-9,9
70259,56,67,-11,11
70260,193,156,37,37
70261,99,99,0,0
70262,61,71,-10,10
70263,90,88,2,2
70264,129,130,-1,1
70265,86,88,-2,2
70266,68,79,-11,11
70267,106,96,10,10
70268,101,107,-6,6
70269,139,125,14,14
70270,97,104,-7,7
70271,79,89,-10,10
70272,54,63,-9,9
70273,47,57,-10,10
70274,119,107,12,12
70275,93,89,4,4
70276,70,73,-3,3
70277,109,106,3,3
70278,55,72,-17,17
70279,127,128,-1,1
70280,76,81,-5,5
70281,35,46,-11,11
70282,66,68,-2,2
70283,72,76,-4,4
70284,91,100,-9,9
70285,128,131,-3,3
70286,123,122,1,1
70287,129,124,5,5
70288,106,96,10,10
70289,84,92,-8,8
70290,99,87,12,12
70291,59,62,-3,3
70292,54,64,-10,10
70293,120,113,7,7
70294,188,163,25,25
70295,83,82,1,1
70296,146,128,18,18
70297,69,72,-3,3
70298,58,63,-5,5
70299,173,138,35,35
70300,131,118,13,13
70301,150,136,14,14
70302,115,107,8,8
70303,107,98,9,9
70304,131,129,2,2
70305,101,102,-1,1
70306,105,92,13,13
70307,104,102,2,2
70308,138,123,15,15
70309,62,66,-4,4
70310,88,94,-6,6
70311,44,50,-6,6
70312,116,115,1,1
70313,84,84,0,0
70314,80,100,-20,20
70315,112,109,3,3
70316,85,84,1,1
70317,82,79,3,3
70318,101,103,-2,2
70319,123,128,-5,5
70320,137,127,10,10
70321,112,94,18,18
70322,72,80,-8,8
70323,100,93,7,7
70324,106,98,8,8
70325,64,59,5,5
70326,115,104,11,11
70327,44,54,-10,10
70328,112,108,4,4
70329,113,102,11,11
70330,203,171,32,32
70331,113,104,9,9
70332,154,145,9,9
70333,88,94,-6,6
70334,88,98,-10,10
70335,56,65,-9,9
70336,116,112,4,4
70337,104,104,0,0
70338,96,94,2,2
70339,99,101,-2,2
70340,98,103,-5,5
70341,128,131,-3,3
70342,79,84,-5,5
70343,97,106,-9,9
70344,68,78,-10,10
70345,93,85,8,8
70346,99,98,1,1
70347,68,72,-4,4
70348,83,81,2,2
70349,85,88,-3,3
70350,89,97,-8,8
70351,95,93,2,2
70352,133,126,7,7
70353,86,88,-2,2
70354,94,95,-1,1
70355,63,75,-12,12
70356,134,124,10,10
70357,79,82,-3,3
70358,55,59,-4,4
70359,82,88,-6,6
70360,60,70,-10,10
70361,63,75,-12,12
70362,179,155,24,24
70363,127,122,5,5
70364,65,63,2,2
70365,101,102,-1,1
70366,112,104,8,8
70367,66,70,-4,4
70368,104,101,3,3
70369,80,98,-18,18
70370,84,79,5,5
70371,57,64,-7,7
70372,55,58,-3,3
70373,134,128,6,6
70374,125,115,10,10
70375,83,86,-3,3
70376,66,67,-1,1
70377,59,85,-26,26
70378,117,114,3,3
70379,103,117,-14,14
70380,101,94,7,7
70381,128,124,4,4
70382,92,94,-2,2
70383,167,149,18,18
70384,79,79,0,0
70385,121,111,10,10
70386,85,81,4,4
70387,80,67,13,13
70388,26,26,0,0
70389,52,63,-11,11
70390,58,69,-11,11
70391,137,129,8,8
70392,48,56,-8,8
70393,138,127,11,11
70394,81,71,10,10
70395,132,125,7,7
70396,111,106,5,5
70397,115,113,2,2
70398,129,124,5,5
70399,125,121,4,4
70400,138,155,-17,17
70401,51,63,-12,12
70402,131,138,-7,7
70403,164,162,2,2
70404,107,92,15,15
70405,102,101,1,1
70406,66,73,-7,7
70407,59,64,-5,5
70408,60,64,-4,4
70409,145,136,9,9
70410,143,136,7,7
70411,121,118,3,3
70412,98,105,-7,7
70413,107,90,17,17
70414,69,72,-3,3
70415,154,149,5,5
70416,93,95,-2,2
70417,93,93,0,0
70418,41,41,0,0
70419,103,104,-1,1
70420,81,82,-1,1
70421,105,94,11,11
70422,60,60,0,0
70423,90,97,-7,7
70424,76,79,-3,3
70425,98,97,1,1
70426,70,72,-2,2
70427,49,62,-13,13
70428,113,106,7,7
70429,45,68,-23,23
70430,109,101,8,8
70431,53,62,-9,9
70432,98,87,11,11
70433,70,72,-2,2
70434,91,91,0,0
70435,126,117,9,9
70436,68,61,7,7
70437,54,78,-24,24
70438,99,91,8,8
70439,85,87,-2,2
70440,85,82,3,3
70441,93,94,-1,1
70442,69,70,-1,1
70443,59,61,-2,2
70444,47,63,-16,16
70445,83,83,0,0
70446,103,107,-4,4
70447,93,83,10,10
70448,125,132,-7,7
70449,97,95,2,2
70450,103,106,-3,3
70451,79,82,-3,3
70452,103,112,-9,9
70453,132,120,12,12
70454,165,162,3,3
70455,132,125,7,7
70456,88,86,2,2
70457,92,87,5,5
70458,75,75,0,0
70459,108,98,10,10
70460,98,95,3,3
70461,133,148,-15,15
70462,75,72,3,3
70463,187,175,12,12
70464,123,116,7,7
70465,63,83,-20,20
70466,92,101,-9,9
70467,117,117,0,0
70468,98,89,9,9
70469,247,199,48,48
70470,98,99,-1,1
70471,102,88,14,14
70472,66,77,-11,11
70473,62,61,1,1
70474,84,87,-3,3
70475,52,53,-1,1
70476,107,103,4,4
70477,155,138,17,17
70478,118,115,3,3
70479,150,145,5,5
70480,112,106,6,6
70481,106,103,3,3
70482,61,65,-4,4
70483,101,104,-3,3
70484,80,71,9,9
70485,65,83,-18,18
70486,86,85,1,1
70487,74,71,3,3
70488,163,139,24,24
70489,100,104,-4,4
70490,44,56,-12,12
70491,86,75,11,11
70492,119,110,9,9
70493,80,78,2,2
70494,57,68,-11,11
70495,136,122,14,14
70496,113,113,0,0
70497,75,76,-1,1
70498,41,53,-12,12
70499,125,132,-7,7
70500,77,79,-2,2
70501,97,91,6,6
70502,159,156,3,3
70503,43,51,-8,8
70504,47,58,-11,11
70505,53,60,-7,7
70506,141,124,17,17
70507,79,86,-7,7
70508,74,77,-3,3
70509,117,114,3,3
70510,39,53,-14,14
70511,74,80,-6,6
70512,131,129,2,2
70513,95,96,-1,1
70514,152,132,20,20
70515,80,86,-6,6
70516,125,106,19,19
70517,114,113,1,1
70518,113,108,5,5
70519,58,73,-15,15
70520,98,91,7,7
70521,135,124,11,11
70522,88,96,-8,8
70523,147,140,7,7
70524,83,84,-1,1
70525,145,137,8,8
70526,144,140,4,4
70527,142,128,14,14
70528,65,71,-6,6
70529,59,68,-9,9
70530,116,110,6,6
70531,51,64,-13,13
70532,48,54,-6,6
70533,113,114,-1,1
70534,87,65,22,22
70535,72,81,-9,9
70536,100,96,4,4
70537,66,74,-8,8
70538,106,109,-3,3
70539,128,113,15,15
70540,71,70,1,1
70541,69,79,-10,10
70542,117,127,-10,10
70543,125,120,5,5
70544,105,99,6,6
70545,43,50,-7,7
70546,154,151,3,3
70547,77,84,-7,7
70548,104,103,1,1
70549,112,107,5,5
70550,84,83,1,1
70551,69,70,-1,1
70552,135,122,13,13
70553,130,114,16,16
70554,117,125,-8,8
70555,47,63,-16,16
70556,114,114,0,0
70557,100,104,-4,4
70558,129,130,-1,1
70559,59,66,-7,7
70560,159,144,15,15
70561,61,70,-9,9
70562,51,62,-11,11
70563,92,92,0,0
70564,73,78,-5,5
70565,98,81,17,17
70566,117,111,6,6
70567,100,107,-7,7
70568,54,73,-19,19
70569,76,76,0,0
70570,132,126,6,6
70571,178,126,52,52
70572,91,95,-4,4
70573,127,113,14,14
70574,75,74,1,1
70575,70,75,-5,5
70576,124,119,5,5
70577,125,123,2,2
70578,80,84,-4,4
70579,59,66,-7,7
70580,82,92,-10,10
70581,130,126,4,4
70582,82,89,-7,7
70583,93,85,8,8
70584,82,88,-6,6
70585,160,141,19,19
70586,83,79,4,4
70587,128,110,18,18
70588,123,109,14,14
70589,98,90,8,8
70590,104,93,11,11
70591,109,102,7,7
70592,48,53,-5,5
70593,62,64,-2,2
70594,63,65,-2,2
70595,63,71,-8,8
70596,115,105,10,10
70597,94,89,5,5
70598,94,96,-2,2
70599,91,91,0,0
70600,141,142,-1,1
70601,162,148,14,14
70602,91,94,-3,3
70603,88,89,-1,1
70604,117,122,-5,5
70605,52,57,-5,5
70606,57,62,-5,5
70607,106,89,17,17
70608,77,86,-9,9
70609,58,66,-8,8
70610,85,79,6,6
70611,110,104,6,6
70612,74,85,-11,11
70613,97,85,12,12
70614,58,65,-7,7
70615,92,96,-4,4
70616,97,97,0,0
70617,73,77,-4,4
70618,89,93,-4,4
70619,108,103,5,5
70620,129,117,12,12
70621,83,79,4,4
70622,97,91,6,6
70623,88,87,1,1
70624,88,83,5,5
70625,74,82,-8,8
70626,103,106,-3,3
70627,93,87,6,6
70628,39,49,-10,10
70629,168,147,21,21
70630,102,90,12,12
70631,77,83,-6,6
70632,209,198,11,11
70633,88,87,1,1
70634,88,94,-6,6
70635,95,96,-1,1
70636,113,104,9,9
70637,109,109,0,0
70638,93,96,-3,3
70639,167,148,19,19
70640,55,75,-20,20
70641,115,111,4,4
70642,101,104,-3,3
70643,52,67,-15,15
70644,155,149,6,6
70645,47,62,-15,15
70646,123,124,-1,1
70647,71,74,-3,3
70648,109,110,-1,1
70649,63,75,-12,12
70650,132,139,-7,7
70651,74,81,-7,7
70652,89,97,-8,8
70653,131,123,8,8
70654,71,76,-5,5
70655,100,85,15,15
70656,76,90,-14,14
70657,67,70,-3,3
70658,121,106,15,15
70659,45,62,-17,17
70660,79,70,9,9
70661,145,137,8,8
70662,242,199,43,43
70663,64,75,-11,11
70664,146,130,16,16
70665,80,80,0,0
70666,135,133,2,2
70667,94,89,5,5
70668,88,82,6,6
70669,119,118,1,1
70670,129,119,10,10
70671,86,86,0,0
70672,60,60,0,0
70673,148,147,1,1
70674,43,61,-18,18
70675,41,51,-10,10
70676,272,235,37,37
70677,116,98,18,18
70678,86,83,3,3
70679,69,75,-6,6
70680,51,57,-6,6
70681,80,83,-3,3
70682,83,83,0,0
70683,108,104,4,4
70684,66,68,-2,2
70685,178,172,6,6
70686,138,133,5,5
70687,124,109,15,15
70688,58,61,-3,3
70689,93,93,0,0
70690,135,122,13,13
70691,98,80,18,18
70692,91,83,8,8
70693,83,78,5,5
70694,192,173,19,19
70695,119,105,14,14
70696,44,62,-18,18
70697,83,86,-3,3
70698,75,83,-8,8
70699,216,194,22,22
70700,178,163,15,15
70701,81,83,-2,2
70702,56,73,-17,17
70703,85,86,-1,1
70704,87,88,-1,1
70705,77,76,1,1
70706,73,79,-6,6
70707,122,118,4,4
70708,169,141,28,28
70709,155,137,18,18
70710,111,110,1,1
70711,37,49,-12,12
70712,116,115,1,1
70713,107,105,2,2
70714,63,72,-9,9
70715,97,89,8,8
70716,108,92,16,16
70717,94,95,-1,1
70718,56,64,-8,8
70719,49,51,-2,2
70720,87,89,-2,2
70721,110,109,1,1
70722,89,93,-4,4
70723,87,81,6,6
70724,127,124,3,3
70725,82,85,-3,3
70726,58,63,-5,5
70727,69,73,-4,4
70728,66,69,-3,3
70729,62,80,-18,18
70730,80,82,-2,2
70731,62,68,-6,6
70732,46,53,-7,7
70733,48,71,-23,23
70734,77,74,3,3
70735,99,110,-11,11
70736,98,103,-5,5
70737,87,87,0,0
70738,63,75,-12,12
70739,114,114,0,0
70740,121,124,-3,3
70741,70,73,-3,3
70742,118,107,11,11
70743,116,111,5,5
70744,89,95,-6,6
70745,100,95,5,5
70746,249,229,20,20
70747,202,176,26,26
70748,152,138,14,14
70749,140,132,8,8
70750,162,144,18,18
70751,90,89,1,1
70752,132,116,16,16
70753,79,74,5,5
70754,73,73,0,0
70755,115,104,11,11
70756,188,169,19,19
70757,72,74,-2,2
70758,112,111,1,1
70759,131,119,12,12
70760,128,125,3,3
70761,125,121,4,4
70762,133,123,10,10
70763,159,143,16,16
70764,96,97,-1,1
70765,85,89,-4,4
70766,103,99,4,4
70767,74,73,1,1
70768,139,133,6,6
70769,114,108,6,6
70770,35,39,-4,4
70771,56,65,-9,9
70772,85,90,-5,5
70773,111,99,12,12
70774,107,105,2,2
70775,138,132,6,6
70776,79,78,1,1
70777,89,89,0,0
70778,97,90,7,7
70779,88,84,4,4
70780,77,82,-5,5
70781,83,79,4,4
70782,138,132,6,6
70783,109,105,4,4
70784,58,71,-13,13
70785,65,72,-7,7
70786,97,102,-5,5
70787,95,97,-2,2
70788,93,92,1,1
70789,80,87,-7,7
70790,88,80,8,8
70791,104,105,-1,1
70792,72,79,-7,7
70793,75,74,1,1
70794,88,88,0,0
70795,104,109,-5,5
70796,70,73,-3,3
70797,83,88,-5,5
70798,108,98,10,10
70799,84,79,5,5
70800,91,96,-5,5
70801,115,112,3,3
70802,80,84,-4,4
70803,122,123,-1,1
70804,116,113,3,3
70805,119,110,9,9
70806,105,103,2,2
70807,80,85,-5,5
70808,63,82,-19,19
70809,108,113,-5,5
70810,73,75,-2,2
70811,116,114,2,2
70812,101,90,11,11
70813,78,81,-3,3
70814,137,133,4,4
70815,94,99,-5,5
70816,63,62,1,1
70817,122,128,-6,6
70818,145,131,14,14
70819,110,98,12,12
70820,86,78,8,8
70821,160,145,15,15
70822,149,135,14,14
70823,93,84,9,9
70824,77,75,2,2
70825,43,56,-13,13
70826,85,91,-6,6
70827,85,81,4,4
70828,71,72,-1,1
70829,68,80,-12,12
70830,85,89,-4,4
70831,74,83,-9,9
70832,152,156,-4,4
70833,161,139,22,22
70834,130,129,1,1
70835,83,79,4,4
70836,102,102,0,0
70837,96,103,-7,7
70838,111,111,0,0
70839,41,48,-7,7
70840,54,66,-12,12
70841,119,111,8,8
70842,89,76,13,13
70843,105,98,7,7
70844,163,146,17,17
70845,102,99,3,3
70846,90,89,1,1
70847,52,66,-14,14
70848,61,65,-4,4
70849,84,92,-8,8
70850,87,89,-2,2
70851,56,75,-19,19
70852,86,95,-9,9
70853,153,137,16,16
70854,130,116,14,14
70855,171,151,20,20
70856,81,84,-3,3
70857,76,74,2,2
70858,82,88,-6,6
70859,114,117,-3,3
70860,103,105,-2,2
70861,98,97,1,1
70862,130,124,6,6
70863,145,125,20,20
70864,66,82,-16,16
70865,136,110,26,26
70866,96,105,-9,9
70867,35,55,-20,20
70868,77,79,-2,2
70869,108,103,5,5
70870,91,104,-13,13
70871,68,78,-10,10
70872,114,113,1,1
70873,38,48,-10,10
70874,123,105,18,18
70875,81,81,0,0
70876,96,87,9,9
70877,89,89,0,0
70878,129,140,-11,11
70879,93,94,-1,1
70880,57,62,-5,5
70881,81,81,0,0
70882,137,125,12,12
70883,83,77,6,6
70884,97,96,1,1
70885,100,96,4,4
70886,83,90,-7,7
70887,94,86,8,8
70888,87,97,-10,10
70889,154,141,13,13
70890,126,106,20,20
70891,74,76,-2,2
70892,87,91,-4,4
70893,62,76,-14,14
70894,61,64,-3,3
70895,94,83,11,11
70896,91,87,4,4
70897,67,72,-5,5
70898,87,82,5,5
70899,58,67,-9,9
70900,126,117,9,9
70901,102,94,8,8
70902,97,101,-4,4
70903,60,69,-9,9
70904,84,86,-2,2
70905,168,123,45,45
70906,89,89,0,0
70907,60,64,-4,4
70908,99,99,0,0
70909,119,109,10,10
70910,90,89,1,1
70911,150,145,5,5
70912,95,95,0,0
70913,79,84,-5,5
70914,45,53,-8,8
70915,101,92,9,9
70916,123,111,12,12
70917,145,138,7,7
70918,56,66,-10,10
70919,83,85,-2,2
70920,48,59,-11,11
70921,65,65,0,0
70922,102,104,-2,2
70923,75,78,-3,3
70924,194,195,-1,1
70925,55,64,-9,9
70926,61,65,-4,4
70927,97,94,3,3
70928,123,123,0,0
70929,47,61,-14,14
70930,99,110,-11,11
70931,88,87,1,1
70932,65,70,-5,5
70933,71,75,-4,4
70934,140,129,11,11
70935,113,109,4,4
70936,70,76,-6,6
70937,123,118,5,5
70938,113,100,13,13
70939,170,146,24,24
70940,101,105,-4,4
70941,113,103,10,10
70942,102,97,5,5
70943,74,80,-6,6
70944,73,82,-9,9
70945,90,99,-9,9
70946,62,67,-5,5
70947,104,118,-14,14
70948,119,111,8,8
70949,71,69,2,2
70950,129,133,-4,4
70951,48,61,-13,13
70952,149,149,0,0
70953,63,66,-3,3
70954,115,108,7,7
70955,110,108,2,2
70956,93,117,-24,24
70957,100,101,-1,1
70958,90,90,0,0
70959,46,59,-13,13
70960,126,116,10,10
70961,99,97,2,2
70962,65,68,-3,3
70963,77,78,-1,1
70964,70,69,1,1
70965,82,92,-10,10
70966,91,91,0,0
70967,142,127,15,15
70968,73,71,2,2
70969,146,130,16,16
70970,106,103,3,3
70971,185,172,13,13
70972,72,78,-6,6
70973,119,107,12,12
70974,56,65,-9,9
70975,110,105,5,5
70976,94,91,3,3
70977,79,88,-9,9
70978,50,56,-6,6
70979,86,86,0,0
70980,73,75,-2,2
70981,81,84,-3,3
70982,68,75,-7,7
70983,69,77,-8,8
70984,135,120,15,15
70985,162,140,22,22
70986,107,99,8,8
70987,74,80,-6,6
70988,61,70,-9,9
70989,101,91,10,10
70990,70,69,1,1
70991,101,120,-19,19
70992,61,66,-5,5
70993,103,101,2,2
70994,47,107,-60,60
70995,87,89,-2,2
70996,73,77,-4,4
70997,100,86,14,14
70998,97,87,10,10
70999,75,84,-9,9
71000,77,78,-1,1
71001,59,59,0,0
71002,136,134,2,2
71003,44,53,-9,9
71004,149,137,12,12
71005,85,87,-2,2
71006,132,126,6,6
71007,54,64,-10,10
71008,98,93,5,5
71009,102,107,-5,5
71010,122,116,6,6
71011,70,72,-2,2
71012,121,124,-3,3
71013,86,89,-3,3
71014,99,96,3,3
71015,71,73,-2,2
71016,113,108,5,5
71017,100,98,2,2
71018,61,66,-5,5
71019,69,75,-6,6
71020,103,111,-8,8
71021,122,134,-12,12
71022,90,84,6,6
71023,113,98,15,15
71024,99,106,-7,7
71025,100,88,12,12
71026,77,82,-5,5
71027,84,81,3,3
71028,101,95,6,6
71029,86,88,-2,2
71030,43,49,-6,6
71031,73,81,-8,8
71032,128,119,9,9
71033,81,74,7,7
71034,67,64,3,3
71035,137,128,9,9
71036,77,77,0,0
71037,52,62,-10,10
71038,103,108,-5,5
71039,107,102,5,5
71040,101,93,8,8
71041,80,84,-4,4
71042,114,111,3,3
71043,112,113,-1,1
71044,118,103,15,15
71045,110,107,3,3
71046,88,85,3,3
71047,63,88,-25,25
71048,125,109,16,16
71049,126,110,16,16
71050,68,80,-12,12
71051,59,66,-7,7
71052,69,74,-5,5
71053,90,81,9,9
71054,108,110,-2,2
71055,80,85,-5,5
71056,63,68,-5,5
71057,52,59,-7,7
71058,72,79,-7,7
71059,76,81,-5,5
71060,92,89,3,3
71061,133,149,-16,16
71062,65,73,-8,8
71063,69,69,0,0
71064,121,107,14,14
71065,92,86,6,6
71066,67,71,-4,4
71067,134,123,11,11
71068,81,77,4,4
71069,68,82,-14,14
71070,67,75,-8,8
71071,52,59,-7,7
71072,107,107,0,0
71073,120,111,9,9
71074,133,128,5,5
71075,150,131,19,19
71076,124,135,-11,11
71077,86,89,-3,3
71078,29,32,-3,3
71079,170,146,24,24
71080,88,90,-2,2
71081,158,141,17,17
71082,58,65,-7,7
71083,129,119,10,10
71084,94,90,4,4
71085,116,111,5,5
71086,159,144,15,15
71087,86,83,3,3
71088,174,165,9,9
71089,104,96,8,8
71090,90,80,10,10
71091,101,98,3,3
71092,107,106,1,1
71093,133,116,17,17
71094,70,68,2,2
71095,100,98,2,2
71096,174,161,13,13
71097,41,47,-6,6
71098,85,88,-3,3
71099,76,75,1,1
71100,73,79,-6,6
71101,131,125,6,6
71102,83,84,-1,1
71103,88,95,-7,7
71104,128,122,6,6
71105,86,89,-3,3
71106,163,149,14,14
71107,104,104,0,0
71108,50,57,-7,7
71109,114,97,17,17
71110,108,108,0,0
71111,72,77,-5,5
71112,63,68,-5,5
71113,51,63,-12,12
71114,94,91,3,3
71115,76,72,4,4
71116,39,44,-5,5
71117,100,96,4,4
71118,64,66,-2,2
71119,87,86,1,1
71120,112,102,10,10
71121,105,104,1,1
71122,84,90,-6,6
71123,135,125,10,10
71124,66,66,0,0
71125,164,151,13,13
71126,53,62,-9,9
71127,131,114,17,17
71128,97,95,2,2
71129,44,60,-16,16
71130,85,89,-4,4
71131,58,56,2,2
71132,105,112,-7,7
71133,51,59,-8,8
71134,67,70,-3,3
71135,82,91,-9,9
71136,100,91,9,9
71137,154,133,21,21
71138,89,93,-4,4
71139,88,83,5,5
71140,104,88,16,16
71141,82,72,10,10
71142,97,97,0,0
71143,87,104,-17,17
71144,71,66,5,5
71145,87,94,-7,7
71146,71,72,-1,1
71147,168,152,16,16
71148,124,111,13,13
71149,75,70,5,5
71150,137,110,27,27
71151,131,122,9,9
71152,161,154,7,7
71153,80,76,4,4
71154,109,105,4,4
71155,65,71,-6,6
71156,152,145,7,7
71157,120,111,9,9
71158,116,116,0,0
71159,82,98,-16,16
71160,214,185,29,29
71161,75,77,-2,2
71162,95,85,10,10
71163,120,110,10,10
71164,126,122,4,4
71165,112,105,7,7
71166,115,121,-6,6
71167,94,91,3,3
71168,84,88,-4,4
71169,99,103,-4,4
71170,69,70,-1,1
71171,62,62,0,0
71172,106,106,0,0
71173,110,102,8,8
71174,78,83,-5,5
71175,161,177,-16,16
71176,140,103,37,37
71177,83,99,-16,16
71178,110,104,6,6
71179,50,57,-7,7
71180,160,139,21,21
71181,93,87,6,6
71182,161,149,12,12
71183,37,51,-14,14
71184,58,54,4,4
71185,109,119,-10,10
71186,99,103,-4,4
71187,124,139,-15,15
71188,65,65,0,0
71189,113,105,8,8
71190,114,124,-10,10
71191,127,114,13,13
71192,99,90,9,9
71193,83,84,-1,1
71194,74,80,-6,6
71195,112,114,-2,2
71196,76,75,1,1
71197,86,82,4,4
71198,59,71,-12,12
71199,185,155,30,30
71200,113,93,20,20
71201,90,88,2,2
71202,60,68,-8,8
71203,136,116,20,20
71204,94,93,1,1
71205,100,93,7,7
71206,93,90,3,3
71207,80,84,-4,4
71208,138,118,20,20
71209,123,114,9,9
71210,84,85,-1,1
71211,96,103,-7,7
71212,123,117,6,6
71213,46,87,-41,41
71214,54,57,-3,3
71215,135,131,4,4
71216,135,115,20,20
71217,79,84,-5,5
71218,127,115,12,12
71219,75,81,-6,6
71220,43,64,-21,21
71221,107,89,18,18
71222,86,81,5,5
71223,114,115,-1,1
71224,56,60,-4,4
71225,80,80,0,0
71226,86,82,4,4
71227,62,62,0,0
71228,78,73,5,5
71229,158,147,11,11
71230,96,112,-16,16
71231,88,87,1,1
71232,62,64,-2,2
71233,116,105,11,11
71234,103,104,-1,1
71235,108,117,-9,9
71236,96,95,1,1
71237,65,73,-8,8
71238,64,73,-9,9
71239,136,123,13,13
71240,92,97,-5,5
71241,66,63,3,3
71242,106,108,-2,2
71243,168,147,21,21
71244,91,90,1,1
71245,90,96,-6,6
71246,83,84,-1,1
71247,198,177,21,21
71248,98,94,4,4
71249,116,97,19,19
71250,77,83,-6,6
71251,95,86,9,9
71252,113,109,4,4
71253,102,97,5,5
71254,54,60,-6,6
71255,138,136,2,2
71256,76,81,-5,5
71257,58,61,-3,3
71258,74,74,0,0
71259,93,95,-2,2
71260,56,79,-23,23
71261,139,138,1,1
71262,169,162,7,7
71263,131,127,4,4
71264,64,54,10,10
71265,89,94,-5,5
71266,111,102,9,9
71267,149,138,11,11
71268,86,84,2,2
71269,67,89,-22,22
71270,54,59,-5,5
71271,47,58,-11,11
71272,43,51,-8,8
71273,90,92,-2,2
71274,139,122,17,17
71275,62,70,-8,8
71276,67,77,-10,10
71277,75,80,-5,5
71278,87,86,1,1
71279,82,81,1,1
71280,41,58,-17,17
71281,86,87,-1,1
71282,151,132,19,19
71283,87,85,2,2
71284,107,106,1,1
71285,67,69,-2,2
71286,90,102,-12,12
71287,133,126,7,7
71288,42,48,-6,6
71289,124,112,12,12
71290,66,69,-3,3
71291,74,80,-6,6
71292,54,61,-7,7
71293,123,116,7,7
71294,137,130,7,7
71295,67,69,-2,2
71296,113,117,-4,4
71297,103,95,8,8
71298,161,138,23,23
71299,114,104,10,10
71300,112,122,-10,10
71301,103,104,-1,1
71302,112,113,-1,1
71303,123,127,-4,4
71304,65,74,-9,9
71305,97,89,8,8
71306,68,66,2,2
71307,69,71,-2,2
71308,69,68,1,1
71309,143,130,13,13
71310,107,106,1,1
71311,59,84,-25,25
71312,125,114,11,11
71313,57,68,-11,11
71314,108,109,-1,1
71315,86,88,-2,2
71316,98,96,2,2
71317,82,82,0,0
71318,87,116,-29,29
71319,65,73,-8,8
71320,96,88,8,8
71321,60,61,-1,1
71322,77,79,-2,2
71323,81,80,1,1
71324,147,137,10,10
71325,75,74,1,1
71326,75,75,0,0
71327,85,94,-9,9
71328,94,91,3,3
71329,158,148,10,10
71330,103,83,20,20
71331,125,112,13,13
71332,119,137,-18,18
71333,109,104,5,5
71334,64,66,-2,2
71335,74,80,-6,6
71336,33,38,-5,5
71337,104,99,5,5
71338,73,82,-9,9
71339,148,123,25,25
71340,57,70,-13,13
71341,62,63,-1,1
71342,143,133,10,10
71343,96,108,-12,12
71344,61,68,-7,7
71345,126,121,5,5
71346,66,85,-19,19
71347,97,102,-5,5
71348,58,67,-9,9
71349,85,87,-2,2
71350,207,180,27,27
71351,114,106,8,8
71352,105,105,0,0
71353,92,92,0,0
71354,80,82,-2,2
71355,97,96,1,1
71356,93,95,-2,2
71357,55,64,-9,9
71358,89,86,3,3
71359,116,111,5,5
71360,98,99,-1,1
71361,79,75,4,4
71362,127,123,4,4
71363,112,107,5,5
71364,131,113,18,18
71365,92,93,-1,1
71366,81,80,1,1
71367,236,203,33,33
71368,110,120,-10,10
71369,66,75,-9,9
71370,100,107,-7,7
71371,98,101,-3,3
71372,118,110,8,8
71373,91,98,-7,7
71374,162,136,26,26
71375,77,77,0,0
71376,67,71,-4,4
71377,131,124,7,7
71378,103,104,-1,1
71379,57,63,-6,6
71380,93,85,8,8
71381,72,81,-9,9
71382,67,54,13,13
71383,49,63,-14,14
71384,72,73,-1,1
71385,56,58,-2,2
71386,154,166,-12,12
71387,72,83,-11,11
71388,44,58,-14,14
71389,97,97,0,0
71390,173,137,36,36
71391,151,136,15,15
71392,92,84,8,8
71393,41,62,-21,21
71394,101,104,-3,3
71395,151,129,22,22
71396,112,101,11,11
71397,82,85,-3,3
71398,147,134,13,13
71399,104,90,14,14
71400,156,138,18,18
71401,69,70,-1,1
71402,88,89,-1,1
71403,49,63,-14,14
71404,72,75,-3,3
71405,87,88,-1,1
71406,83,80,3,3
71407,78,71,7,7
71408,109,111,-2,2
71409,118,125,-7,7
71410,146,167,-21,21
71411,95,88,7,7
71412,139,129,10,10
71413,112,113,-1,1
71414,74,83,-9,9
71415,101,105,-4,4
71416,69,72,-3,3
71417,60,63,-3,3
71418,52,59,-7,7
71419,70,77,-7,7
71420,52,55,-3,3
71421,93,97,-4,4
71422,75,79,-4,4
71423,50,68,-18,18
71424,64,69,-5,5
71425,167,137,30,30
71426,59,66,-7,7
71427,117,115,2,2
71428,97,95,2,2
71429,93,97,-4,4
71430,70,77,-7,7
71431,91,85,6,6
71432,52,61,-9,9
71433,97,103,-6,6
71434,66,58,8,8
71435,91,89,2,2
71436,72,103,-31,31
71437,113,103,10,10
71438,91,87,4,4
71439,50,68,-18,18
71440,85,101,-16,16
71441,167,150,17,17
71442,78,84,-6,6
71443,149,134,15,15
71444,102,95,7,7
71445,116,111,5,5
71446,69,82,-13,13
71447,63,67,-4,4
71448,108,112,-4,4
71449,81,78,3,3
71450,82,83,-1,1
71451,113,112,1,1
71452,83,84,-1,1
71453,97,93,4,4
71454,78,93,-15,15
71455,102,100,2,2
71456,109,112,-3,3
71457,64,78,-14,14
71458,98,95,3,3
71459,156,136,20,20
71460,126,122,4,4
71461,90,92,-2,2
71462,122,115,7,7
71463,67,75,-8,8
71464,60,64,-4,4
71465,60,70,-10,10
71466,73,72,1,1
71467,135,133,2,2
71468,116,109,7,7
71469,92,89,3,3
71470,116,112,4,4
71471,76,76,0,0
71472,137,129,8,8
71473,38,53,-15,15
71474,212,177,35,35
71475,115,110,5,5
71476,170,152,18,18
71477,140,149,-9,9
71478,194,156,38,38
71479,119,111,8,8
71480,46,56,-10,10
71481,67,70,-3,3
71482,114,107,7,7
71483,107,123,-16,16
71484,83,101,-18,18
71485,103,99,4,4
71486,75,85,-10,10
71487,117,141,-24,24
71488,59,61,-2,2
71489,68,94,-26,26
71490,117,119,-2,2
71491,142,127,15,15
71492,50,53,-3,3
71493,72,77,-5,5
71494,114,121,-7,7
71495,161,149,12,12
71496,104,100,4,4
71497,241,211,30,30
71498,72,76,-4,4
71499,89,95,-6,6
71500,76,80,-4,4
71501,97,100,-3,3
71502,93,86,7,7
71503,73,67,6,6
71504,67,64,3,3
71505,89,93,-4,4
71506,91,94,-3,3
71507,112,110,2,2
71508,156,148,8,8
71509,59,69,-10,10
71510,71,80,-9,9
71511,35,38,-3,3
71512,60,66,-6,6
71513,151,148,3,3
71514,83,87,-4,4
71515,114,116,-2,2
71516,66,67,-1,1
71517,68,75,-7,7
71518,128,120,8,8
71519,168,138,30,30
71520,84,86,-2,2
71521,87,88,-1,1
71522,94,91,3,3
71523,44,61,-17,17
71524,93,97,-4,4
71525,135,121,14,14
71526,80,78,2,2
71527,105,95,10,10
71528,86,89,-3,3
71529,115,113,2,2
71530,183,160,23,23
71531,120,110,10,10
71532,25,40,-15,15
71533,53,59,-6,6
71534,131,111,20,20
71535,164,146,18,18
71536,74,78,-4,4
71537,125,115,10,10
71538,91,98,-7,7
71539,106,94,12,12
71540,95,93,2,2
71541,75,74,1,1
71542,114,104,10,10
71543,70,66,4,4
71544,89,85,4,4
71545,37,37,0,0
71546,90,86,4,4
71547,60,66,-6,6
71548,106,107,-1,1
71549,59,69,-10,10
71550,114,119,-5,5
71551,69,70,-1,1
71552,96,100,-4,4
71553,90,92,-2,2
71554,132,135,-3,3
71555,117,116,1,1
71556,78,82,-4,4
71557,63,72,-9,9
71558,96,105,-9,9
71559,132,106,26,26
71560,83,83,0,0
71561,114,108,6,6
71562,109,105,4,4
71563,97,92,5,5
71564,81,84,-3,3
71565,95,95,0,0
71566,82,86,-4,4
71567,127,127,0,0
71568,108,109,-1,1
71569,91,103,-12,12
71570,87,86,1,1
71571,92,88,4,4
71572,165,151,14,14
71573,85,86,-1,1
71574,50,64,-14,14
71575,62,63,-1,1
71576,97,97,0,0
71577,87,91,-4,4
71578,66,64,2,2
71579,76,76,0,0
71580,75,83,-8,8
71581,172,145,27,27
71582,45,57,-12,12
71583,86,90,-4,4
71584,73,84,-11,11
71585,189,155,34,34
71586,65,71,-6,6
71587,76,77,-1,1
71588,95,94,1,1
71589,95,90,5,5
71590,87,88,-1,1
71591,108,105,3,3
71592,91,84,7,7
71593,69,78,-9,9
71594,141,140,1,1
71595,75,79,-4,4
71596,82,88,-6,6
71597,55,62,-7,7
71598,55,71,-16,16
71599,121,116,5,5
71600,55,55,0,0
71601,131,115,16,16
71602,111,102,9,9
71603,52,64,-12,12
71604,141,126,15,15
71605,82,83,-1,1
71606,49,58,-9,9
71607,67,84,-17,17
71608,65,72,-7,7
71609,116,114,2,2
71610,112,111,1,1
71611,117,109,8,8
71612,137,130,7,7
71613,95,102,-7,7
71614,59,70,-11,11
71615,84,94,-10,10
71616,89,80,9,9
71617,137,130,7,7
71618,194,156,38,38
71619,144,123,21,21
71620,106,96,10,10
71621,122,106,16,16
71622,67,79,-12,12
71623,104,105,-1,1
71624,114,109,5,5
71625,84,96,-12,12
71626,49,68,-19,19
71627,232,183,49,49
71628,79,76,3,3
71629,101,102,-1,1
71630,105,104,1,1
71631,104,104,0,0
71632,221,180,41,41
71633,124,105,19,19
71634,154,136,18,18
71635,110,103,7,7
71636,75,80,-5,5
71637,175,157,18,18
71638,162,154,8,8
71639,169,141,28,28
71640,82,96,-14,14
71641,69,72,-3,3
71642,63,69,-6,6
71643,101,103,-2,2
71644,59,62,-3,3
71645,123,120,3,3
71646,105,107,-2,2
71647,99,90,9,9
71648,58,69,-11,11
71649,103,100,3,3
71650,77,86,-9,9
71651,64,63,1,1
71652,49,53,-4,4
71653,96,93,3,3
71654,78,77,1,1
71655,124,126,-2,2
71656,66,88,-22,22
71657,163,145,18,18
71658,140,144,-4,4
71659,77,84,-7,7
71660,55,68,-13,13
71661,64,66,-2,2
71662,73,83,-10,10
71663,86,89,-3,3
71664,87,89,-2,2
71665,80,86,-6,6
71666,74,83,-9,9
71667,69,69,0,0
71668,118,114,4,4
71669,74,82,-8,8
71670,162,149,13,13
71671,63,72,-9,9
71672,88,87,1,1
71673,105,104,1,1
71674,70,64,6,6
71675,86,91,-5,5
71676,82,82,0,0
71677,181,173,8,8
71678,60,67,-7,7
71679,139,137,2,2
71680,45,42,3,3
71681,84,87,-3,3
71682,87,84,3,3
71683,94,85,9,9
71684,94,89,5,5
71685,102,119,-17,17
71686,82,82,0,0
71687,102,89,13,13
71688,51,58,-7,7
71689,91,89,2,2
71690,92,93,-1,1
71691,119,116,3,3
71692,98,103,-5,5
71693,92,87,5,5
71694,144,133,11,11
71695,117,119,-2,2
71696,61,59,2,2
71697,55,57,-2,2
71698,89,84,5,5
71699,83,86,-3,3
71700,122,108,14,14
71701,101,104,-3,3
71702,71,77,-6,6
71703,183,170,13,13
71704,79,83,-4,4
71705,68,82,-14,14
71706,124,118,6,6
71707,96,89,7,7
71708,82,78,4,4
71709,99,105,-6,6
71710,145,119,26,26
71711,143,139,4,4
71712,131,128,3,3
71713,83,82,1,1
71714,118,128,-10,10
71715,65,73,-8,8
71716,52,66,-14,14
71717,78,75,3,3
71718,76,79,-3,3
71719,142,126,16,16
71720,90,83,7,7
71721,64,71,-7,7
71722,70,73,-3,3
71723,81,93,-12,12
71724,155,140,15,15
71725,94,107,-13,13
71726,64,64,0,0
71727,83,82,1,1
71728,112,110,2,2
71729,112,95,17,17
71730,132,123,9,9
71731,84,81,3,3
71732,63,69,-6,6
71733,78,86,-8,8
71734,143,129,14,14
71735,71,76,-5,5
71736,94,92,2,2
71737,75,78,-3,3
71738,54,68,-14,14
71739,81,74,7,7
71740,72,81,-9,9
71741,95,90,5,5
71742,136,124,12,12
71743,89,86,3,3
71744,66,73,-7,7
71745,95,89,6,6
71746,85,86,-1,1
71747,114,112,2,2
71748,70,68,2,2
71749,70,83,-13,13
71750,115,115,0,0
71751,139,133,6,6
71752,104,100,4,4
71753,65,70,-5,5
71754,145,128,17,17
71755,108,103,5,5
71756,81,84,-3,3
71757,85,76,9,9
71758,59,72,-13,13
71759,146,145,1,1
71760,89,102,-13,13
71761,94,92,2,2
71762,82,82,0,0
71763,58,68,-10,10
71764,78,79,-1,1
71765,92,84,8,8
71766,65,66,-1,1
71767,100,94,6,6
71768,126,117,9,9
71769,115,105,10,10
71770,64,64,0,0
71771,67,76,-9,9
71772,114,103,11,11
71773,73,75,-2,2
71774,86,84,2,2
71775,92,85,7,7
71776,393,365,28,28
71777,121,132,-11,11
71778,77,85,-8,8
71779,106,93,13,13
71780,81,83,-2,2
71781,99,89,10,10
71782,150,144,6,6
71783,98,98,0,0
71784,107,106,1,1
71785,59,60,-1,1
71786,53,51,2,2
71787,99,94,5,5
71788,138,129,9,9
71789,58,67,-9,9
71790,85,84,1,1
71791,129,118,11,11
71792,60,64,-4,4
71793,67,66,1,1
71794,107,103,4,4
71795,42,54,-12,12
71796,73,75,-2,2
71797,81,90,-9,9
71798,154,127,27,27
71799,84,82,2,2
71800,67,76,-9,9
71801,62,60,2,2
71802,93,88,5,5
71803,119,110,9,9
71804,112,104,8,8
71805,146,135,11,11
71806,45,48,-3,3
71807,127,117,10,10
71808,87,88,-1,1
71809,122,117,5,5
71810,83,79,4,4
71811,116,108,8,8
71812,95,101,-6,6
71813,101,103,-2,2
71814,132,128,4,4
71815,116,108,8,8
71816,79,74,5,5
71817,94,89,5,5
71818,131,119,12,12
71819,61,63,-2,2
71820,66,71,-5,5
71821,78,86,-8,8
71822,145,139,6,6
71823,166,157,9,9
71824,88,81,7,7
71825,99,90,9,9
71826,85,90,-5,5
71827,62,67,-5,5
71828,85,88,-3,3
71829,103,102,1,1
71830,123,139,-16,16
71831,43,57,-14,14
71832,89,97,-8,8
71833,61,66,-5,5
71834,65,69,-4,4
71835,81,83,-2,2
71836,77,75,2,2
71837,118,115,3,3
71838,53,57,-4,4
71839,90,85,5,5
71840,101,113,-12,12
71841,88,88,0,0
71842,136,131,5,5
71843,142,130,12,12
71844,79,74,5,5
71845,124,122,2,2
71846,69,72,-3,3
71847,55,60,-5,5
71848,84,85,-1,1
71849,34,43,-9,9
71850,86,81,5,5
71851,67,68,-1,1
71852,234,198,36,36
71853,175,160,15,15
71854,50,53,-3,3
71855,75,73,2,2
71856,61,64,-3,3
71857,103,98,5,5
71858,59,64,-5,5
71859,83,94,-11,11
71860,50,53,-3,3
71861,89,89,0,0
71862,65,75,-10,10
71863,140,122,18,18
71864,158,147,11,11
71865,113,113,0,0
71866,118,118,0,0
71867,172,146,26,26
71868,119,120,-1,1
71869,106,105,1,1
71870,146,137,9,9
71871,72,76,-4,4
71872,84,84,0,0
71873,78,83,-5,5
71874,58,61,-3,3
71875,85,79,6,6
71876,137,126,11,11
71877,86,113,-27,27
71878,78,71,7,7
71879,88,91,-3,3
71880,108,101,7,7
71881,104,94,10,10
71882,77,92,-15,15
71883,101,99,2,2
71884,109,104,5,5
71885,84,81,3,3
71886,70,70,0,0
71887,134,134,0,0
71888,51,51,0,0
71889,128,123,5,5
71890,103,112,-9,9
71891,76,79,-3,3
71892,101,109,-8,8
71893,92,93,-1,1
71894,72,78,-6,6
71895,68,75,-7,7
71896,84,87,-3,3
71897,88,89,-1,1
71898,119,124,-5,5
71899,56,54,2,2
71900,31,37,-6,6
71901,91,94,-3,3
71902,163,151,12,12
71903,124,111,13,13
71904,71,71,0,0
71905,101,89,12,12
71906,112,135,-23,23
71907,103,101,2,2
71908,74,75,-1,1
71909,57,68,-11,11
71910,137,129,8,8
71911,124,110,14,14
71912,77,94,-17,17
71913,83,83,0,0
71914,66,84,-18,18
71915,110,97,13,13
71916,65,71,-6,6
71917,98,101,-3,3
71918,87,86,1,1
71919,90,84,6,6
71920,140,133,7,7
71921,116,110,6,6
71922,128,114,14,14
71923,73,73,0,0
71924,155,166,-11,11
71925,96,100,-4,4
71926,115,115,0,0
71927,63,69,-6,6
71928,57,57,0,0
71929,113,118,-5,5
71930,104,95,9,9
71931,53,62,-9,9
71932,62,68,-6,6
71933,53,62,-9,9
71934,71,70,1,1
71935,76,79,-3,3
71936,117,108,9,9
71937,57,64,-7,7
71938,79,72,7,7
71939,69,87,-18,18
71940,78,77,1,1
71941,40,67,-27,27
71942,58,77,-19,19
71943,105,94,11,11
71944,87,97,-10,10
71945,118,102,16,16
71946,101,111,-10,10
71947,32,32,0,0
71948,75,80,-5,5
71949,112,108,4,4
71950,112,99,13,13
71951,124,128,-4,4
71952,68,72,-4,4
71953,72,70,2,2
71954,52,57,-5,5
71955,84,81,3,3
71956,78,74,4,4
71957,106,89,17,17
71958,126,124,2,2
71959,103,103,0,0
71960,110,98,12,12
71961,91,82,9,9
71962,149,132,17,17
71963,55,60,-5,5
71964,113,107,6,6
71965,72,74,-2,2
71966,79,84,-5,5
71967,125,118,7,7
71968,126,114,12,12
71969,156,154,2,2
71970,69,73,-4,4
71971,59,53,6,6
71972,92,107,-15,15
71973,65,69,-4,4
71974,94,95,-1,1
71975,76,85,-9,9
71976,145,134,11,11
71977,141,134,7,7
71978,71,76,-5,5
71979,91,90,1,1
71980,56,66,-10,10
71981,107,111,-4,4
71982,73,66,7,7
71983,120,127,-7,7
71984,109,78,31,31
71985,125,114,11,11
71986,80,80,0,0
71987,55,63,-8,8
71988,92,94,-2,2
71989,125,117,8,8
71990,74,76,-2,2
71991,65,76,-11,11
71992,85,89,-4,4
71993,41,47,-6,6
71994,73,83,-10,10
71995,133,108,25,25
71996,48,53,-5,5
71997,81,83,-2,2
71998,109,118,-9,9
71999,98,95,3,3
72000,123,116,7,7
72001,103,106,-3,3
72002,79,79,0,0
72003,60,71,-11,11
72004,93,91,2,2
72005,162,129,33,33
72006,121,111,10,10
72007,113,118,-5,5
72008,64,68,-4,4
72009,61,72,-11,11
72010,110,105,5,5
72011,106,98,8,8
72012,111,103,8,8
72013,72,82,-10,10
72014,50,55,-5,5
72015,58,56,2,2
72016,112,115,-3,3
72017,86,98,-12,12
72018,77,74,3,3
72019,116,113,3,3
72020,77,83,-6,6
72021,156,136,20,20
72022,94,96,-2,2
72023,152,134,18,18
72024,153,142,11,11
72025,91,90,1,1
72026,114,106,8,8
72027,54,64,-10,10
72028,68,70,-2,2
72029,108,119,-11,11
72030,144,131,13,13
72031,122,110,12,12
72032,94,102,-8,8
72033,100,95,5,5
72034,63,71,-8,8
72035,109,103,6,6
72036,92,80,12,12
72037,104,96,8,8
72038,80,74,6,6
72039,83,84,-1,1
72040,115,117,-2,2
72041,149,144,5,5
72042,111,112,-1,1
72043,64,75,-11,11
72044,117,101,16,16
72045,68,73,-5,5
72046,98,94,4,4
72047,58,63,-5,5
72048,109,100,9,9
72049,84,82,2,2
72050,59,69,-10,10
72051,122,105,17,17
72052,67,75,-8,8
72053,74,67,7,7
72054,65,72,-7,7
72055,95,90,5,5
72056,90,94,-4,4
72057,71,75,-4,4
72058,46,47,-1,1
72059,37,65,-28,28
72060,128,118,10,10
72061,110,108,2,2
72062,98,105,-7,7
72063,55,58,-3,3
72064,118,107,11,11
72065,28,31,-3,3
72066,164,149,15,15
72067,97,99,-2,2
72068,149,129,20,20
72069,100,93,7,7
72070,102,108,-6,6
72071,99,95,4,4
72072,170,140,30,30
72073,124,124,0,0
72074,109,117,-8,8
72075,146,132,14,14
72076,170,161,9,9
72077,85,67,18,18
72078,106,102,4,4
72079,96,99,-3,3
72080,105,101,4,4
72081,116,103,13,13
72082,61,70,-9,9
72083,114,112,2,2
72084,105,102,3,3
72085,163,164,-1,1
72086,50,60,-10,10
72087,141,118,23,23
72088,79,90,-11,11
72089,129,119,10,10
72090,82,83,-1,1
72091,61,68,-7,7
72092,69,75,-6,6
72093,62,77,-15,15
72094,93,89,4,4
72095,92,100,-8,8
72096,91,100,-9,9
72097,45,49,-4,4
72098,167,150,17,17
72099,71,75,-4,4
72100,43,53,-10,10
72101,122,115,7,7
72102,73,67,6,6
72103,99,93,6,6
72104,82,81,1,1
72105,119,105,14,14
72106,135,118,17,17
72107,46,49,-3,3
72108,102,92,10,10
72109,66,67,-1,1
72110,159,151,8,8
72111,93,87,6,6
72112,93,85,8,8
72113,71,72,-1,1
72114,106,86,20,20
72115,99,90,9,9
72116,145,150,-5,5
72117,102,108,-6,6
72118,146,139,7,7
72119,129,125,4,4
72120,105,111,-6,6
72121,119,106,13,13
72122,49,59,-10,10
72123,114,103,11,11
72124,137,132,5,5
72125,84,85,-1,1
72126,63,67,-4,4
72127,120,110,10,10
72128,63,63,0,0
72129,153,133,20,20
72130,73,83,-10,10
72131,110,102,8,8
72132,178,161,17,17
72133,73,97,-24,24
72134,80,77,3,3
72135,98,99,-1,1
72136,122,119,3,3
72137,122,118,4,4
72138,95,97,-2,2
72139,100,104,-4,4
72140,107,109,-2,2
72141,86,78,8,8
72142,62,64,-2,2
72143,77,78,-1,1
72144,49,61,-12,12
72145,68,77,-9,9
72146,25,27,-2,2
72147,83,79,4,4
72148,54,53,1,1
72149,122,119,3,3
72150,115,115,0,0
72151,92,84,8,8
72152,120,127,-7,7
72153,161,144,17,17
72154,100,97,3,3
72155,127,125,2,2
72156,56,62,-6,6
72157,120,115,5,5
72158,319,276,43,43
72159,161,141,20,20
72160,120,108,12,12
72161,119,105,14,14
72162,119,104,15,15
72163,155,134,21,21
72164,90,90,0,0
72165,43,59,-16,16
72166,67,67,0,0
72167,75,70,5,5
72168,86,84,2,2
72169,107,100,7,7
72170,109,106,3,3
72171,105,108,-3,3
72172,120,121,-1,1
72173,57,60,-3,3
72174,81,84,-3,3
72175,114,108,6,6
72176,101,97,4,4
72177,104,92,12,12
72178,105,94,11,11
72179,93,95,-2,2
72180,117,107,10,10
72181,93,88,5,5
72182,60,67,-7,7
72183,81,68,13,13
72184,96,94,2,2
72185,99,99,0,0
72186,88,81,7,7
72187,113,114,-1,1
72188,91,98,-7,7
72189,142,129,13,13
72190,95,93,2,2
72191,79,83,-4,4
72192,80,95,-15,15
72193,54,61,-7,7
72194,124,111,13,13
72195,86,93,-7,7
72196,154,129,25,25
72197,77,82,-5,5
72198,129,112,17,17
72199,196,163,33,33
72200,78,80,-2,2
72201,63,72,-9,9
72202,176,155,21,21
72203,102,101,1,1
72204,102,103,-1,1
72205,92,92,0,0
72206,145,131,14,14
72207,64,68,-4,4
72208,100,93,7,7
72209,96,110,-14,14
72210,96,87,9,9
72211,51,57,-6,6
72212,61,73,-12,12
72213,129,121,8,8
72214,196,171,25,25
72215,61,66,-5,5
72216,86,87,-1,1
72217,69,81,-12,12
72218,121,111,10,10
72219,87,90,-3,3
72220,105,97,8,8
72221,67,83,-16,16
72222,71,88,-17,17
72223,165,146,19,19
72224,132,119,13,13
72225,171,154,17,17
72226,81,79,2,2
72227,142,132,10,10
72228,75,79,-4,4
72229,102,93,9,9
72230,86,91,-5,5
72231,136,124,12,12
72232,63,67,-4,4
72233,122,120,2,2
72234,89,94,-5,5
72235,97,105,-8,8
72236,67,74,-7,7
72237,105,101,4,4
72238,64,62,2,2
72239,85,98,-13,13
72240,99,103,-4,4
72241,80,68,12,12
72242,115,107,8,8
72243,65,69,-4,4
72244,104,90,14,14
72245,115,110,5,5
72246,147,136,11,11
72247,105,101,4,4
72248,141,131,10,10
72249,163,150,13,13
72250,129,116,13,13
72251,90,90,0,0
72252,73,81,-8,8
72253,101,90,11,11
72254,103,104,-1,1
72255,53,64,-11,11
72256,67,77,-10,10
72257,78,87,-9,9
72258,75,74,1,1
72259,76,79,-3,3
72260,105,102,3,3
72261,103,92,11,11
72262,108,109,-1,1
72263,154,130,24,24
72264,84,90,-6,6
72265,125,117,8,8
72266,71,74,-3,3
72267,84,92,-8,8
72268,81,82,-1,1
72269,95,94,1,1
72270,249,202,47,47
72271,101,101,0,0
72272,69,76,-7,7
72273,109,113,-4,4
72274,76,80,-4,4
72275,92,96,-4,4
72276,56,67,-11,11
72277,85,97,-12,12
72278,51,59,-8,8
72279,117,104,13,13
72280,74,80,-6,6
72281,184,158,26,26
72282,82,87,-5,5
72283,93,101,-8,8
72284,87,82,5,5
72285,56,60,-4,4
72286,65,67,-2,2
72287,95,90,5,5
72288,112,115,-3,3
72289,110,108,2,2
72290,137,131,6,6
72291,73,77,-4,4
72292,128,111,17,17
72293,99,87,12,12
72294,133,124,9,9
72295,109,106,3,3
72296,74,88,-14,14
72297,99,89,10,10
72298,23,34,-11,11
72299,87,95,-8,8
72300,175,157,18,18
72301,71,81,-10,10
72302,64,75,-11,11
72303,74,87,-13,13
72304,127,123,4,4
72305,136,135,1,1
72306,114,112,2,2
72307,143,132,11,11
72308,115,108,7,7
72309,83,90,-7,7
72310,118,110,8,8
72311,64,73,-9,9
72312,94,96,-2,2
72313,69,62,7,7
72314,142,129,13,13
72315,75,76,-1,1
72316,58,62,-4,4
72317,19,27,-8,8
72318,83,85,-2,2
72319,59,67,-8,8
72320,99,97,2,2
72321,69,74,-5,5
72322,95,89,6,6
72323,248,196,52,52
72324,129,120,9,9
72325,45,55,-10,10
72326,129,124,5,5
72327,99,91,8,8
72328,98,93,5,5
72329,115,115,0,0
72330,136,133,3,3
72331,111,105,6,6
72332,98,103,-5,5
72333,85,94,-9,9
72334,141,130,11,11
72335,94,98,-4,4
72336,94,96,-2,2
72337,112,119,-7,7
72338,107,108,-1,1
72339,127,122,5,5
72340,113,102,11,11
72341,131,112,19,19
72342,69,79,-10,10
72343,51,58,-7,7
72344,148,131,17,17
72345,79,71,8,8
72346,108,108,0,0
72347,105,111,-6,6
72348,82,100,-18,18
72349,152,155,-3,3
72350,77,85,-8,8
72351,96,103,-7,7
72352,118,131,-13,13
72353,176,162,14,14
72354,161,158,3,3
72355,74,73,1,1
72356,89,109,-20,20
72357,126,129,-3,3
72358,105,104,1,1
72359,102,100,2,2
72360,74,82,-8,8
72361,122,113,9,9
72362,80,84,-4,4
72363,75,78,-3,3
72364,148,139,9,9
72365,129,122,7,7
72366,68,70,-2,2
72367,74,87,-13,13
72368,96,88,8,8
72369,88,85,3,3
72370,53,72,-19,19
72371,79,79,0,0
72372,78,79,-1,1
72373,69,75,-6,6
72374,134,119,15,15
72375,77,78,-1,1
72376,144,123,21,21
72377,102,103,-1,1
72378,112,118,-6,6
72379,122,114,8,8
72380,87,87,0,0
72381,111,111,0,0
72382,102,99,3,3
72383,73,77,-4,4
72384,86,86,0,0
72385,74,75,-1,1
72386,132,118,14,14
72387,128,125,3,3
72388,130,122,8,8
72389,62,64,-2,2
72390,44,53,-9,9
72391,78,82,-4,4
72392,95,93,2,2
72393,95,87,8,8
72394,116,115,1,1
72395,80,80,0,0
72396,57,66,-9,9
72397,84,96,-12,12
72398,122,111,11,11
72399,115,114,1,1
72400,185,156,29,29
72401,144,121,23,23
72402,54,61,-7,7
72403,125,118,7,7
72404,107,111,-4,4
72405,140,139,1,1
72406,59,65,-6,6
72407,64,72,-8,8
72408,83,88,-5,5
72409,56,62,-6,6
72410,79,75,4,4
72411,58,59,-1,1
72412,92,95,-3,3
72413,138,132,6,6
72414,110,105,5,5
72415,197,168,29,29
72416,102,100,2,2
72417,75,77,-2,2
72418,127,115,12,12
72419,95,104,-9,9
72420,64,62,2,2
72421,68,76,-8,8
72422,174,156,18,18
72423,61,66,-5,5
72424,74,73,1,1
72425,106,105,1,1
72426,60,67,-7,7
72427,73,86,-13,13
72428,92,88,4,4
72429,189,151,38,38
72430,99,92,7,7
72431,147,134,13,13
72432,120,113,7,7
72433,75,77,-2,2
72434,57,63,-6,6
72435,56,60,-4,4
72436,73,73,0,0
72437,67,70,-3,3
72438,176,153,23,23
72439,131,125,6,6
72440,101,100,1,1
72441,77,77,0,0
72442,90,110,-20,20
72443,106,110,-4,4
72444,120,114,6,6
72445,82,80,2,2
72446,117,112,5,5
72447,57,79,-22,22
72448,57,74,-17,17
72449,104,101,3,3
72450,85,83,2,2
72451,112,111,1,1
72452,89,92,-3,3
72453,88,102,-14,14
72454,87,81,6,6
72455,103,120,-17,17
72456,151,132,19,19
72457,92,95,-3,3
72458,98,92,6,6
72459,63,78,-15,15
72460,88,89,-1,1
72461,85,83,2,2
72462,29,35,-6,6
72463,88,97,-9,9
72464,105,108,-3,3
72465,108,102,6,6
72466,69,68,1,1
72467,100,97,3,3
72468,67,77,-10,10
72469,78,72,6,6
72470,97,99,-2,2
72471,84,75,9,9
72472,57,70,-13,13
72473,124,114,10,10
72474,117,111,6,6
72475,101,96,5,5
72476,104,106,-2,2
72477,97,105,-8,8
72478,69,72,-3,3
72479,105,102,3,3
72480,78,84,-6,6
72481,75,72,3,3
72482,67,60,7,7
72483,182,154,28,28
72484,49,59,-10,10
72485,89,87,2,2
72486,72,77,-5,5
72487,97,100,-3,3
72488,72,73,-1,1
72489,66,66,0,0
72490,118,121,-3,3
72491,49,63,-14,14
72492,87,83,4,4
72493,157,134,23,23
72494,63,71,-8,8
72495,69,83,-14,14
72496,163,156,7,7
72497,221,202,19,19
72498,60,73,-13,13
72499,97,99,-2,2
72500,64,62,2,2
72501,87,102,-15,15
72502,101,102,-1,1
72503,96,95,1,1
72504,111,112,-1,1
72505,67,71,-4,4
72506,112,110,2,2
72507,92,87,5,5
72508,90,102,-12,12
72509,127,130,-3,3
72510,62,72,-10,10
72511,82,87,-5,5
72512,131,112,19,19
72513,66,68,-2,2
72514,122,126,-4,4
72515,80,94,-14,14
72516,83,89,-6,6
72517,71,79,-8,8
72518,76,75,1,1
72519,130,132,-2,2
72520,72,65,7,7
72521,51,55,-4,4
72522,114,117,-3,3
72523,62,72,-10,10
72524,46,52,-6,6
72525,58,70,-12,12
72526,84,90,-6,6
72527,69,68,1,1
72528,59,113,-54,54
72529,65,71,-6,6
72530,175,163,12,12
72531,135,129,6,6
72532,106,102,4,4
72533,72,80,-8,8
72534,124,118,6,6
72535,126,118,8,8
72536,120,117,3,3
72537,92,91,1,1
72538,68,71,-3,3
72539,109,103,6,6
72540,74,87,-13,13
72541,61,71,-10,10
72542,96,94,2,2
72543,115,119,-4,4
72544,88,94,-6,6
72545,112,106,6,6
72546,182,157,25,25
72547,156,140,16,16
72548,156,142,14,14
72549,103,89,14,14
72550,89,85,4,4
72551,114,103,11,11
72552,106,96,10,10
72553,85,78,7,7
72554,107,95,12,12
72555,75,76,-1,1
72556,84,87,-3,3
72557,120,113,7,7
72558,95,87,8,8
72559,48,55,-7,7
72560,65,63,2,2
72561,59,70,-11,11
72562,85,84,1,1
72563,125,116,9,9
72564,89,86,3,3
72565,92,87,5,5
72566,131,129,2,2
72567,83,81,2,2
72568,81,79,2,2
72569,82,80,2,2
72570,66,70,-4,4
72571,126,124,2,2
72572,167,146,21,21
72573,103,105,-2,2
72574,119,108,11,11
72575,133,128,5,5
72576,138,133,5,5
72577,136,127,9,9
72578,57,65,-8,8
72579,111,104,7,7
72580,75,84,-9,9
72581,64,66,-2,2
72582,111,112,-1,1
72583,126,122,4,4
72584,147,133,14,14
72585,188,153,35,35
72586,123,68,55,55
72587,87,98,-11,11
72588,77,81,-4,4
72589,82,82,0,0
72590,83,84,-1,1
72591,69,78,-9,9
72592,136,133,3,3
72593,53,64,-11,11
72594,81,83,-2,2
72595,124,123,1,1
72596,111,107,4,4
72597,120,119,1,1
72598,66,77,-11,11
72599,68,73,-5,5
72600,147,143,4,4
72601,193,163,30,30
72602,62,68,-6,6
72603,113,115,-2,2
72604,83,84,-1,1
72605,114,114,0,0
72606,138,134,4,4
72607,63,75,-12,12
72608,153,134,19,19
72609,75,82,-7,7
72610,104,104,0,0
72611,138,136,2,2
72612,86,79,7,7
72613,85,88,-3,3
72614,132,126,6,6
72615,86,85,1,1
72616,60,71,-11,11
72617,119,111,8,8
72618,233,194,39,39
72619,125,129,-4,4
72620,128,121,7,7
72621,135,130,5,5
72622,92,87,5,5
72623,134,123,11,11
72624,108,102,6,6
72625,154,134,20,20
72626,149,141,8,8
72627,112,102,10,10
72628,117,112,5,5
72629,158,146,12,12
72630,83,81,2,2
72631,92,89,3,3
72632,80,79,1,1
72633,86,89,-3,3
72634,23,27,-4,4
72635,90,90,0,0
72636,129,125,4,4
72637,122,115,7,7
72638,49,64,-15,15
72639,58,69,-11,11
72640,115,107,8,8
72641,92,90,2,2
72642,146,154,-8,8
72643,69,86,-17,17
72644,107,113,-6,6
72645,152,135,17,17
72646,106,91,15,15
72647,78,81,-3,3
72648,122,105,17,17
72649,97,104,-7,7
72650,62,70,-8,8
72651,125,118,7,7
72652,172,152,20,20
72653,73,79,-6,6
72654,88,89,-1,1
72655,69,72,-3,3
72656,72,69,3,3
72657,87,90,-3,3
72658,53,60,-7,7
72659,65,70,-5,5
72660,117,112,5,5
72661,105,106,-1,1
72662,168,151,17,17
72663,83,95,-12,12
72664,65,71,-6,6
72665,108,102,6,6
72666,45,57,-12,12
72667,123,110,13,13
72668,62,74,-12,12
72669,69,74,-5,5
72670,65,71,-6,6
72671,88,98,-10,10
72672,70,75,-5,5
72673,115,109,6,6
72674,68,70,-2,2
72675,109,106,3,3
72676,117,115,2,2
72677,68,74,-6,6
72678,93,87,6,6
72679,76,74,2,2
72680,147,134,13,13
72681,124,115,9,9
72682,146,133,13,13
72683,104,113,-9,9
72684,85,89,-4,4
72685,107,95,12,12
72686,131,115,16,16
72687,71,73,-2,2
72688,78,74,4,4
72689,69,78,-9,9
72690,124,129,-5,5
72691,101,92,9,9
72692,64,64,0,0
72693,69,71,-2,2
72694,60,74,-14,14
72695,97,89,8,8
72696,78,78,0,0
72697,106,123,-17,17
72698,102,93,9,9
72699,102,103,-1,1
72700,135,127,8,8
72701,84,96,-12,12
72702,132,120,12,12
72703,81,77,4,4
72704,55,56,-1,1
72705,80,77,3,3
72706,89,103,-14,14
72707,218,357,-139,139
72708,68,68,0,0
72709,136,111,25,25
72710,78,78,0,0
72711,66,76,-10,10
72712,115,113,2,2
72713,102,95,7,7
72714,64,73,-9,9
72715,32,30,2,2
72716,61,64,-3,3
72717,98,100,-2,2
72718,87,70,17,17
72719,75,68,7,7
72720,131,118,13,13
72721,82,90,-8,8
72722,102,97,5,5
72723,68,67,1,1
72724,129,124,5,5
72725,147,137,10,10
72726,54,61,-7,7
72727,95,98,-3,3
72728,181,163,18,18
72729,102,103,-1,1
72730,49,62,-13,13
72731,100,92,8,8
72732,72,78,-6,6
72733,137,140,-3,3
72734,57,60,-3,3
72735,85,81,4,4
72736,69,72,-3,3
72737,44,48,-4,4
72738,102,101,1,1
72739,140,138,2,2
72740,59,66,-7,7
72741,59,73,-14,14
72742,67,69,-2,2
72743,96,98,-2,2
72744,54,51,3,3
72745,81,78,3,3
72746,154,141,13,13
72747,134,137,-3,3
72748,100,85,15,15
72749,104,95,9,9
72750,92,105,-13,13
72751,63,67,-4,4
72752,115,98,17,17
72753,55,60,-5,5
72754,163,148,15,15
72755,122,122,0,0
72756,106,101,5,5
72757,90,95,-5,5
72758,97,90,7,7
72759,69,72,-3,3
72760,86,87,-1,1
72761,87,88,-1,1
72762,134,118,16,16
72763,83,88,-5,5
72764,96,100,-4,4
72765,75,73,2,2
72766,91,81,10,10
72767,74,71,3,3
72768,105,103,2,2
72769,109,104,5,5
72770,50,73,-23,23
72771,83,72,11,11
72772,101,99,2,2
72773,98,102,-4,4
72774,78,82,-4,4
72775,115,103,12,12
72776,151,134,17,17
72777,50,52,-2,2
72778,111,110,1,1
72779,75,87,-12,12
72780,191,172,19,19
72781,82,77,5,5
72782,133,120,13,13
72783,131,125,6,6
72784,69,70,-1,1
72785,112,104,8,8
72786,52,63,-11,11
72787,109,118,-9,9
72788,82,83,-1,1
72789,106,112,-6,6
72790,36,41,-5,5
72791,84,89,-5,5
72792,103,96,7,7
72793,56,62,-6,6
72794,78,81,-3,3
72795,69,73,-4,4
72796,67,72,-5,5
72797,83,91,-8,8
72798,103,104,-1,1
72799,84,83,1,1
72800,68,79,-11,11
72801,78,79,-1,1
72802,118,109,9,9
72803,112,107,5,5
72804,108,108,0,0
72805,113,106,7,7
72806,116,103,13,13
72807,67,69,-2,2
72808,110,109,1,1
72809,100,92,8,8
72810,111,101,10,10
72811,82,88,-6,6
72812,157,145,12,12
72813,75,79,-4,4
72814,102,101,1,1
72815,90,93,-3,3
72816,60,67,-7,7
72817,88,91,-3,3
72818,96,97,-1,1
72819,117,135,-18,18
72820,76,84,-8,8
72821,166,144,22,22
72822,187,150,37,37
72823,73,69,4,4
72824,91,96,-5,5
72825,125,120,5,5
72826,60,71,-11,11
72827,91,87,4,4
72828,99,113,-14,14
72829,80,71,9,9
72830,125,121,4,4
72831,111,112,-1,1
72832,54,64,-10,10
72833,192,167,25,25
72834,159,140,19,19
72835,71,74,-3,3
72836,80,88,-8,8
72837,58,64,-6,6
72838,78,76,2,2
72839,146,128,18,18
72840,73,74,-1,1
72841,178,149,29,29
72842,94,94,0,0
72843,131,121,10,10
72844,70,65,5,5
72845,126,123,3,3
72846,84,84,0,0
72847,80,86,-6,6
72848,214,180,34,34
72849,111,108,3,3
72850,134,133,1,1
72851,89,93,-4,4
72852,124,133,-9,9
72853,112,104,8,8
72854,94,101,-7,7
72855,110,104,6,6
72856,143,136,7,7
72857,70,76,-6,6
72858,112,112,0,0
72859,88,85,3,3
72860,89,81,8,8
72861,78,77,1,1
72862,121,110,11,11
72863,69,73,-4,4
72864,82,85,-3,3
72865,137,156,-19,19
72866,116,114,2,2
72867,169,150,19,19
72868,108,98,10,10
72869,62,62,0,0
72870,66,85,-19,19
72871,126,117,9,9
72872,77,74,3,3
72873,170,154,16,16
72874,48,61,-13,13
72875,123,109,14,14
72876,135,125,10,10
72877,128,124,4,4
72878,108,103,5,5
72879,102,95,7,7
72880,89,90,-1,1
72881,68,71,-3,3
72882,83,78,5,5
72883,174,162,12,12
72884,130,104,26,26
72885,176,152,24,24
72886,87,97,-10,10
72887,69,68,1,1
72888,69,74,-5,5
72889,100,84,16,16
72890,164,149,15,15
72891,94,99,-5,5
72892,82,82,0,0
72893,191,175,16,16
72894,99,98,1,1
72895,78,82,-4,4
72896,68,73,-5,5
72897,121,103,18,18
72898,128,116,12,12
72899,149,140,9,9
72900,164,146,18,18
72901,74,79,-5,5
72902,67,65,2,2
72903,59,68,-9,9
72904,100,115,-15,15
72905,62,77,-15,15
72906,100,99,1,1
72907,79,82,-3,3
72908,137,145,-8,8
72909,74,76,-2,2
72910,94,93,1,1
72911,119,102,17,17
72912,103,95,8,8
72913,95,91,4,4
72914,60,57,3,3
72915,111,106,5,5
72916,34,38,-4,4
72917,78,87,-9,9
72918,97,95,2,2
72919,111,108,3,3
72920,85,92,-7,7
72921,149,133,16,16
72922,90,87,3,3
72923,49,54,-5,5
72924,138,125,13,13
72925,69,69,0,0
72926,79,72,7,7
72927,70,69,1,1
72928,82,84,-2,2
72929,79,82,-3,3
72930,85,99,-14,14
72931,89,84,5,5
72932,67,71,-4,4
72933,106,115,-9,9
72934,70,80,-10,10
72935,74,84,-10,10
72936,55,68,-13,13
72937,164,153,11,11
72938,77,77,0,0
72939,57,63,-6,6
72940,97,106,-9,9
72941,136,137,-1,1
72942,83,82,1,1
72943,66,71,-5,5
72944,92,94,-2,2
72945,92,94,-2,2
72946,71,69,2,2
72947,67,77,-10,10
72948,150,131,19,19
72949,69,75,-6,6
72950,132,120,12,12
72951,194,170,24,24
72952,137,132,5,5
72953,68,73,-5,5
72954,90,96,-6,6
72955,113,109,4,4
72956,61,60,1,1
72957,160,139,21,21
72958,149,140,9,9
72959,48,57,-9,9
72960,128,123,5,5
72961,102,102,0,0
72962,95,97,-2,2
72963,68,69,-1,1
72964,164,150,14,14
72965,92,102,-10,10
72966,100,90,10,10
72967,68,79,-11,11
72968,81,84,-3,3
72969,87,82,5,5
72970,121,104,17,17
72971,95,101,-6,6
72972,99,81,18,18
72973,59,69,-10,10
72974,140,126,14,14
72975,109,89,20,20
72976,147,132,15,15
72977,84,86,-2,2
72978,111,107,4,4
72979,85,92,-7,7
72980,63,74,-11,11
72981,64,64,0,0
72982,75,75,0,0
72983,136,115,21,21
72984,140,138,2,2
72985,45,53,-8,8
72986,159,150,9,9
72987,110,97,13,13
72988,54,68,-14,14
72989,129,126,3,3
72990,170,170,0,0
72991,111,106,5,5
72992,72,75,-3,3
72993,129,124,5,5
72994,67,73,-6,6
72995,159,160,-1,1
72996,60,72,-12,12
72997,91,92,-1,1
72998,126,110,16,16
72999,240,189,51,51
73000,113,108,5,5
73001,85,82,3,3
73002,54,75,-21,21
73003,68,71,-3,3
73004,89,86,3,3
73005,142,128,14,14
73006,146,131,15,15
73007,87,86,1,1
73008,122,121,1,1
73009,81,65,16,16
73010,77,79,-2,2
73011,113,101,12,12
73012,182,173,9,9
73013,111,104,7,7
73014,97,88,9,9
73015,90,88,2,2
73016,149,135,14,14
73017,62,77,-15,15
73018,121,115,6,6
73019,90,87,3,3
73020,64,64,0,0
73021,158,145,13,13
73022,89,91,-2,2
73023,93,89,4,4
73024,82,75,7,7
73025,80,82,-2,2
73026,231,213,18,18
73027,52,63,-11,11
73028,185,157,28,28
73029,125,126,-1,1
73030,116,104,12,12
73031,70,76,-6,6
73032,92,87,5,5
73033,135,133,2,2
73034,83,91,-8,8
73035,78,82,-4,4
73036,89,89,0,0
73037,98,95,3,3
73038,74,80,-6,6
73039,117,116,1,1
73040,65,191,-126,126
73041,80,80,0,0
73042,82,79,3,3
73043,144,142,2,2
73044,64,65,-1,1
73045,144,132,12,12
73046,46,48,-2,2
73047,29,35,-6,6
73048,81,81,0,0
73049,115,109,6,6
73050,99,94,5,5
73051,80,76,4,4
73052,111,107,4,4
73053,113,109,4,4
73054,119,103,16,16
73055,49,46,3,3
73056,128,120,8,8
73057,168,150,18,18
73058,52,59,-7,7
73059,115,112,3,3
73060,230,189,41,41
73061,113,128,-15,15
73062,66,65,1,1
73063,102,100,2,2
73064,52,57,-5,5
73065,94,94,0,0
73066,69,77,-8,8
73067,146,147,-1,1
73068,130,121,9,9
73069,82,75,7,7
73070,51,55,-4,4
73071,114,106,8,8
73072,58,73,-15,15
73073,70,80,-10,10
73074,74,74,0,0
73075,75,70,5,5
73076,54,59,-5,5
73077,134,131,3,3
73078,46,48,-2,2
73079,79,78,1,1
73080,66,77,-11,11
73081,114,113,1,1
73082,76,88,-12,12
73083,149,137,12,12
73084,126,115,11,11
73085,91,100,-9,9
73086,56,56,0,0
73087,131,126,5,5
73088,119,125,-6,6
73089,119,113,6,6
73090,124,119,5,5
73091,142,134,8,8
73092,215,180,35,35
73093,59,65,-6,6
73094,60,64,-4,4
73095,76,82,-6,6
73096,54,53,1,1
73097,78,88,-10,10
73098,133,135,-2,2
73099,56,59,-3,3
73100,79,82,-3,3
73101,74,72,2,2
73102,55,71,-16,16
73103,62,59,3,3
73104,47,51,-4,4
73105,112,114,-2,2
73106,112,103,9,9
73107,122,112,10,10
73108,104,101,3,3
73109,81,98,-17,17
73110,76,86,-10,10
73111,61,63,-2,2
73112,230,172,58,58
73113,87,87,0,0
73114,94,90,4,4
73115,83,82,1,1
73116,154,127,27,27
73117,140,126,14,14
73118,81,86,-5,5
73119,78,76,2,2
73120,112,104,8,8
73121,133,118,15,15
73122,72,79,-7,7
73123,150,122,28,28
73124,133,124,9,9
73125,74,71,3,3
73126,122,118,4,4
73127,90,91,-1,1
73128,69,69,0,0
73129,75,82,-7,7
73130,50,50,0,0
73131,135,125,10,10
73132,126,117,9,9
73133,68,87,-19,19
73134,88,87,1,1
73135,78,87,-9,9
73136,55,64,-9,9
73137,94,101,-7,7
73138,57,76,-19,19
73139,70,78,-8,8
73140,150,139,11,11
73141,67,76,-9,9
73142,78,85,-7,7
73143,82,88,-6,6
73144,123,122,1,1
73145,75,72,3,3
73146,151,145,6,6
73147,79,77,2,2
73148,116,107,9,9
73149,89,86,3,3
73150,143,132,11,11
73151,94,95,-1,1
73152,94,100,-6,6
73153,81,87,-6,6
73154,77,85,-8,8
73155,85,89,-4,4
73156,104,106,-2,2
73157,58,67,-9,9
73158,76,86,-10,10
73159,72,76,-4,4
73160,90,89,1,1
73161,126,128,-2,2
73162,81,82,-1,1
73163,113,108,5,5
73164,72,78,-6,6
73165,111,114,-3,3
73166,94,89,5,5
73167,77,77,0,0
73168,76,73,3,3
73169,91,86,5,5
73170,84,88,-4,4
73171,50,66,-16,16
73172,111,111,0,0
73173,160,145,15,15
73174,90,82,8,8
73175,165,164,1,1
73176,153,131,22,22
73177,38,46,-8,8
73178,76,91,-15,15
73179,73,75,-2,2
73180,99,103,-4,4
73181,64,70,-6,6
73182,148,132,16,16
73183,146,136,10,10
73184,86,87,-1,1
73185,70,81,-11,11
73186,74,72,2,2
73187,102,96,6,6
73188,76,69,7,7
73189,115,107,8,8
73190,111,105,6,6
73191,67,66,1,1
73192,120,126,-6,6
73193,72,77,-5,5
73194,93,91,2,2
73195,256,226,30,30
73196,157,146,11,11
73197,70,72,-2,2
73198,95,104,-9,9
73199,99,101,-2,2
73200,94,90,4,4
73201,81,78,3,3
73202,102,94,8,8
73203,107,106,1,1
73204,137,123,14,14
73205,91,92,-1,1
73206,90,98,-8,8
73207,68,69,-1,1
73208,59,67,-8,8
73209,86,88,-2,2
73210,118,125,-7,7
73211,197,177,20,20
73212,55,73,-18,18
73213,82,83,-1,1
73214,96,100,-4,4
73215,88,98,-10,10
73216,72,84,-12,12
73217,56,72,-16,16
73218,110,107,3,3
73219,75,73,2,2
73220,107,115,-8,8
73221,100,105,-5,5
73222,137,121,16,16
73223,76,81,-5,5
73224,174,160,14,14
73225,101,104,-3,3
73226,85,87,-2,2
73227,53,64,-11,11
73228,108,92,16,16
73229,82,81,1,1
73230,84,91,-7,7
73231,92,93,-1,1
73232,125,132,-7,7
73233,93,103,-10,10
73234,54,64,-10,10
73235,113,103,10,10
73236,196,181,15,15
73237,71,71,0,0
73238,75,76,-1,1
73239,46,54,-8,8
73240,107,108,-1,1
73241,82,89,-7,7
73242,88,101,-13,13
73243,57,58,-1,1
73244,153,131,22,22
73245,131,132,-1,1
73246,111,122,-11,11
73247,136,131,5,5
73248,58,69,-11,11
73249,85,86,-1,1
73250,98,90,8,8
73251,80,82,-2,2
73252,82,90,-8,8
73253,74,73,1,1
73254,135,118,17,17
73255,88,92,-4,4
73256,27,45,-18,18
73257,60,72,-12,12
73258,82,82,0,0
73259,176,164,12,12
73260,163,138,25,25
73261,130,130,0,0
73262,120,113,7,7
73263,143,119,24,24
73264,138,136,2,2
73265,88,84,4,4
73266,125,121,4,4
73267,81,79,2,2
73268,56,60,-4,4
73269,70,73,-3,3
73270,59,69,-10,10
73271,117,127,-10,10
73272,35,42,-7,7
73273,115,107,8,8
73274,59,68,-9,9
73275,88,82,6,6
73276,124,127,-3,3
73277,110,95,15,15
73278,118,109,9,9
73279,103,95,8,8
73280,121,117,4,4
73281,78,78,0,0
73282,69,77,-8,8
73283,129,122,7,7
73284,75,71,4,4
73285,54,60,-6,6
73286,185,158,27,27
73287,105,100,5,5
73288,65,64,1,1
73289,145,125,20,20
73290,134,119,15,15
73291,102,98,4,4
73292,75,79,-4,4
73293,106,99,7,7
73294,122,117,5,5
73295,42,55,-13,13
73296,144,144,0,0
73297,104,101,3,3
73298,117,107,10,10
73299,69,76,-7,7
73300,63,71,-8,8
73301,184,145,39,39
73302,96,96,0,0
73303,86,78,8,8
73304,98,97,1,1
73305,78,77,1,1
73306,91,91,0,0
73307,53,56,-3,3
73308,79,79,0,0
73309,141,127,14,14
73310,82,84,-2,2
73311,49,57,-8,8
73312,109,101,8,8
73313,61,69,-8,8
73314,90,93,-3,3
73315,61,59,2,2
73316,94,105,-11,11
73317,134,132,2,2
73318,65,73,-8,8
73319,136,127,9,9
73320,164,149,15,15
73321,98,103,-5,5
73322,83,86,-3,3
73323,40,49,-9,9
73324,67,78,-11,11
73325,90,88,2,2
73326,62,59,3,3
73327,60,60,0,0
73328,115,104,11,11
73329,135,131,4,4
73330,75,77,-2,2
73331,35,65,-30,30
73332,94,104,-10,10
73333,113,106,7,7
73334,133,123,10,10
73335,103,71,32,32
73336,108,102,6,6
73337,65,69,-4,4
73338,67,62,5,5
73339,121,113,8,8
73340,89,97,-8,8
73341,69,74,-5,5
73342,128,122,6,6
73343,99,91,8,8
73344,100,99,1,1
73345,88,75,13,13
73346,160,136,24,24
73347,94,90,4,4
73348,111,108,3,3
73349,83,75,8,8
73350,51,66,-15,15
73351,126,117,9,9
73352,150,132,18,18
73353,57,62,-5,5
73354,63,71,-8,8
73355,112,111,1,1
73356,196,173,23,23
73357,71,76,-5,5
73358,152,141,11,11
73359,87,88,-1,1
73360,59,60,-1,1
73361,144,132,12,12
73362,122,111,11,11
73363,61,72,-11,11
73364,99,105,-6,6
73365,74,69,5,5
73366,68,72,-4,4
73367,92,96,-4,4
73368,147,144,3,3
73369,114,109,5,5
73370,64,69,-5,5
73371,92,77,15,15
73372,85,83,2,2
73373,100,93,7,7
73374,142,128,14,14
73375,34,38,-4,4
73376,107,94,13,13
73377,110,103,7,7
73378,154,141,13,13
73379,69,73,-4,4
73380,91,99,-8,8
73381,124,111,13,13
73382,71,68,3,3
73383,61,63,-2,2
73384,110,103,7,7
73385,86,97,-11,11
73386,143,130,13,13
73387,65,68,-3,3
73388,82,79,3,3
73389,90,95,-5,5
73390,156,150,6,6
73391,177,163,14,14
73392,108,107,1,1
73393,100,107,-7,7
73394,60,71,-11,11
73395,81,94,-13,13
73396,99,103,-4,4
73397,63,88,-25,25
73398,87,102,-15,15
73399,53,57,-4,4
73400,47,53,-6,6
73401,65,76,-11,11
73402,79,79,0,0
73403,65,72,-7,7
73404,99,101,-2,2
73405,61,66,-5,5
73406,101,107,-6,6
73407,75,72,3,3
73408,99,104,-5,5
73409,84,87,-3,3
73410,130,120,10,10
73411,147,128,19,19
73412,103,104,-1,1
73413,48,51,-3,3
73414,88,87,1,1
73415,115,103,12,12
73416,81,85,-4,4
73417,69,82,-13,13
73418,144,141,3,3
73419,103,96,7,7
73420,84,82,2,2
73421,175,154,21,21
73422,133,116,17,17
73423,88,88,0,0
73424,112,108,4,4
73425,98,101,-3,3
73426,79,78,1,1
73427,65,69,-4,4
73428,75,85,-10,10
73429,101,104,-3,3
73430,44,54,-10,10
73431,89,92,-3,3
73432,107,104,3,3
73433,85,85,0,0
73434,42,53,-11,11
73435,86,90,-4,4
73436,92,88,4,4
73437,70,75,-5,5
73438,79,81,-2,2
73439,39,58,-19,19
73440,90,87,3,3
73441,126,114,12,12
73442,116,109,7,7
73443,69,75,-6,6
73444,51,62,-11,11
73445,107,102,5,5
73446,88,89,-1,1
73447,104,94,10,10
73448,81,75,6,6
73449,78,79,-1,1
73450,87,90,-3,3
73451,63,77,-14,14
73452,92,95,-3,3
73453,125,126,-1,1
73454,113,108,5,5
73455,50,55,-5,5
73456,71,71,0,0
73457,78,80,-2,2
73458,65,69,-4,4
73459,145,131,14,14
73460,64,65,-1,1
73461,83,82,1,1
73462,162,139,23,23
73463,84,87,-3,3
73464,149,140,9,9
73465,68,77,-9,9
73466,84,88,-4,4
73467,74,70,4,4
73468,106,102,4,4
73469,87,89,-2,2
73470,102,111,-9,9
73471,142,126,16,16
73472,159,144,15,15
73473,49,56,-7,7
73474,133,134,-1,1
73475,89,89,0,0
73476,47,58,-11,11
73477,111,111,0,0
73478,79,79,0,0
73479,108,117,-9,9
73480,58,63,-5,5
73481,111,116,-5,5
73482,46,53,-7,7
73483,69,75,-6,6
73484,144,139,5,5
73485,122,115,7,7
73486,114,107,7,7
73487,60,62,-2,2
73488,75,82,-7,7
73489,79,83,-4,4
73490,97,100,-3,3
73491,177,165,12,12
73492,111,103,8,8
73493,35,46,-11,11
73494,133,116,17,17
73495,58,58,0,0
73496,114,101,13,13
73497,80,85,-5,5
73498,133,111,22,22
73499,116,116,0,0
73500,88,77,11,11
73501,126,114,12,12
73502,135,120,15,15
73503,85,88,-3,3
73504,154,144,10,10
73505,118,112,6,6
73506,92,90,2,2
73507,146,142,4,4
73508,63,71,-8,8
73509,77,84,-7,7
73510,113,104,9,9
73511,110,108,2,2
73512,63,71,-8,8
73513,78,74,4,4
73514,130,118,12,12
73515,64,64,0,0
73516,81,87,-6,6
73517,75,69,6,6
73518,41,55,-14,14
73519,139,128,11,11
73520,60,65,-5,5
73521,81,84,-3,3
73522,108,103,5,5
73523,102,97,5,5
73524,63,69,-6,6
73525,111,105,6,6
73526,42,49,-7,7
73527,93,94,-1,1
73528,106,111,-5,5
73529,92,85,7,7
73530,87,87,0,0
73531,100,101,-1,1
73532,73,76,-3,3
73533,65,66,-1,1
73534,84,93,-9,9
73535,158,147,11,11
73536,73,76,-3,3
73537,116,123,-7,7
73538,79,88,-9,9
73539,114,105,9,9
73540,108,106,2,2
73541,89,86,3,3
73542,65,79,-14,14
73543,123,113,10,10
73544,70,75,-5,5
73545,58,65,-7,7
73546,61,73,-12,12
73547,118,123,-5,5
73548,91,96,-5,5
73549,82,89,-7,7
73550,42,60,-18,18
73551,43,51,-8,8
73552,144,124,20,20
73553,60,76,-16,16
73554,29,45,-16,16
73555,111,98,13,13
73556,69,73,-4,4
73557,192,162,30,30
73558,88,104,-16,16
73559,64,69,-5,5
73560,131,128,3,3
73561,107,110,-3,3
73562,95,104,-9,9
73563,70,77,-7,7
73564,51,54,-3,3
73565,195,170,25,25
73566,77,81,-4,4
73567,117,117,0,0
73568,87,83,4,4
73569,46,51,-5,5
73570,71,72,-1,1
73571,65,66,-1,1
73572,171,169,2,2
73573,106,103,3,3
73574,82,84,-2,2
73575,130,117,13,13
73576,58,68,-10,10
73577,105,107,-2,2
73578,121,121,0,0
73579,148,147,1,1
73580,87,88,-1,1
73581,98,102,-4,4
73582,74,85,-11,11
73583,138,130,8,8
73584,95,100,-5,5
73585,104,101,3,3
73586,64,65,-1,1
73587,74,78,-4,4
73588,126,104,22,22
73589,93,101,-8,8
73590,80,83,-3,3
73591,62,70,-8,8
73592,56,66,-10,10
73593,91,95,-4,4
73594,202,173,29,29
73595,97,100,-3,3
73596,109,116,-7,7
73597,62,50,12,12
73598,156,146,10,10
73599,62,63,-1,1
73600,156,146,10,10
73601,60,67,-7,7
73602,67,67,0,0
73603,109,112,-3,3
73604,129,119,10,10
73605,126,116,10,10
73606,141,128,13,13
73607,117,105,12,12
73608,167,150,17,17
73609,123,126,-3,3
73610,127,114,13,13
73611,70,73,-3,3
73612,67,71,-4,4
73613,93,93,0,0
73614,79,78,1,1
73615,80,84,-4,4
73616,81,88,-7,7
73617,77,79,-2,2
73618,57,66,-9,9
73619,125,128,-3,3
73620,137,121,16,16
73621,98,102,-4,4
73622,76,76,0,0
73623,99,88,11,11
73624,88,89,-1,1
73625,71,74,-3,3
73626,85,85,0,0
73627,93,96,-3,3
73628,112,101,11,11
73629,63,71,-8,8
73630,79,90,-11,11
73631,90,90,0,0
73632,71,73,-2,2
73633,67,85,-18,18
73634,147,123,24,24
73635,57,79,-22,22
73636,61,66,-5,5
73637,100,95,5,5
73638,79,77,2,2
73639,136,110,26,26
73640,88,92,-4,4
73641,67,70,-3,3
73642,173,162,11,11
73643,111,101,10,10
73644,96,82,14,14
73645,91,85,6,6
73646,90,84,6,6
73647,93,89,4,4
73648,99,100,-1,1
73649,57,60,-3,3
73650,71,70,1,1
73651,165,148,17,17
73652,91,102,-11,11
73653,59,60,-1,1
73654,103,101,2,2
73655,72,74,-2,2
73656,95,91,4,4
73657,86,80,6,6
73658,142,115,27,27
73659,92,91,1,1
73660,86,88,-2,2
73661,143,129,14,14
73662,37,49,-12,12
73663,66,73,-7,7
73664,121,115,6,6
73665,89,101,-12,12
73666,54,75,-21,21
73667,64,71,-7,7
73668,48,52,-4,4
73669,33,43,-10,10
73670,154,140,14,14
73671,55,63,-8,8
73672,85,78,7,7
73673,68,72,-4,4
73674,88,91,-3,3
73675,61,65,-4,4
73676,123,111,12,12
73677,98,98,0,0
73678,161,146,15,15
73679,53,60,-7,7
73680,68,76,-8,8
73681,131,119,12,12
73682,100,97,3,3
73683,64,65,-1,1
73684,109,117,-8,8
73685,87,88,-1,1
73686,78,84,-6,6
73687,56,67,-11,11
73688,96,90,6,6
73689,104,99,5,5
73690,94,95,-1,1
73691,66,70,-4,4
73692,106,100,6,6
73693,132,138,-6,6
73694,142,117,25,25
73695,112,113,-1,1
73696,104,80,24,24
73697,129,131,-2,2
73698,107,101,6,6
73699,137,139,-2,2
73700,81,87,-6,6
73701,57,62,-5,5
73702,126,114,12,12
73703,57,75,-18,18
73704,141,124,17,17
73705,94,90,4,4
73706,56,71,-15,15
73707,100,93,7,7
73708,65,75,-10,10
73709,153,142,11,11
73710,106,109,-3,3
73711,65,71,-6,6
73712,89,93,-4,4
73713,69,65,4,4
73714,172,155,17,17
73715,74,78,-4,4
73716,55,69,-14,14
73717,95,90,5,5
73718,80,86,-6,6
73719,72,81,-9,9
73720,69,71,-2,2
73721,77,86,-9,9
73722,136,126,10,10
73723,60,61,-1,1
73724,106,102,4,4
73725,98,93,5,5
73726,113,110,3,3
73727,66,72,-6,6
73728,117,108,9,9
73729,75,75,0,0
73730,123,117,6,6
73731,54,58,-4,4
73732,157,157,0,0
73733,100,94,6,6
73734,74,78,-4,4
73735,61,67,-6,6
73736,72,77,-5,5
73737,81,78,3,3
73738,138,139,-1,1
73739,137,135,2,2
73740,163,140,23,23
73741,65,82,-17,17
73742,130,126,4,4
73743,68,82,-14,14
73744,97,90,7,7
73745,167,152,15,15
73746,93,81,12,12
73747,63,73,-10,10
73748,91,86,5,5
73749,174,153,21,21
73750,138,119,19,19
73751,75,80,-5,5
73752,129,131,-2,2
73753,116,104,12,12
73754,47,45,2,2
73755,116,105,11,11
73756,103,98,5,5
73757,112,105,7,7
73758,133,122,11,11
73759,55,61,-6,6
73760,75,82,-7,7
73761,53,58,-5,5
73762,88,96,-8,8
73763,132,124,8,8
73764,35,41,-6,6
73765,45,58,-13,13
73766,67,73,-6,6
73767,124,105,19,19
73768,148,133,15,15
73769,138,122,16,16
73770,98,90,8,8
73771,81,81,0,0
73772,54,60,-6,6
73773,35,36,-1,1
73774,69,68,1,1
73775,66,68,-2,2
73776,116,106,10,10
73777,86,85,1,1
73778,95,100,-5,5
73779,95,98,-3,3
73780,61,66,-5,5
73781,79,84,-5,5
73782,74,95,-21,21
73783,117,112,5,5
73784,63,67,-4,4
73785,138,119,19,19
73786,125,122,3,3
73787,95,99,-4,4
73788,66,73,-7,7
73789,53,61,-8,8
73790,83,86,-3,3
73791,60,70,-10,10
73792,52,57,-5,5
73793,55,58,-3,3
73794,100,104,-4,4
73795,91,109,-18,18
73796,87,88,-1,1
73797,63,60,3,3
73798,122,96,26,26
73799,75,75,0,0
73800,57,71,-14,14
73801,55,67,-12,12
73802,110,96,14,14
73803,88,92,-4,4
73804,155,154,1,1
73805,96,103,-7,7
73806,81,89,-8,8
73807,102,99,3,3
73808,141,121,20,20
73809,105,99,6,6
73810,68,67,1,1
73811,80,77,3,3
73812,94,102,-8,8
73813,60,65,-5,5
73814,107,94,13,13
73815,112,109,3,3
73816,92,95,-3,3
73817,86,79,7,7
73818,131,111,20,20
73819,62,62,0,0
73820,146,141,5,5
73821,67,85,-18,18
73822,77,79,-2,2
73823,101,103,-2,2
73824,80,77,3,3
73825,97,82,15,15
73826,140,126,14,14
73827,128,136,-8,8
73828,108,111,-3,3
73829,91,89,2,2
73830,91,96,-5,5
73831,87,83,4,4
73832,151,130,21,21
73833,91,95,-4,4
73834,161,142,19,19
73835,60,68,-8,8
73836,135,122,13,13
73837,73,88,-15,15
73838,88,101,-13,13
73839,71,71,0,0
73840,80,81,-1,1
73841,50,56,-6,6
73842,106,97,9,9
73843,66,70,-4,4
73844,90,97,-7,7
73845,122,120,2,2
73846,99,95,4,4
73847,73,76,-3,3
73848,60,64,-4,4
73849,63,79,-16,16
73850,105,120,-15,15
73851,34,40,-6,6
73852,74,85,-11,11
73853,122,116,6,6
73854,123,109,14,14
73855,66,66,0,0
73856,122,112,10,10
73857,114,107,7,7
73858,165,153,12,12
73859,139,146,-7,7
73860,58,53,5,5
73861,70,73,-3,3
73862,71,69,2,2
73863,158,169,-11,11
73864,66,69,-3,3
73865,166,129,37,37
73866,129,127,2,2
73867,91,88,3,3
73868,109,126,-17,17
73869,118,126,-8,8
73870,90,93,-3,3
73871,125,113,12,12
73872,94,86,8,8
73873,107,98,9,9
73874,144,123,21,21
73875,83,79,4,4
73876,71,78,-7,7
73877,93,95,-2,2
73878,103,104,-1,1
73879,78,83,-5,5
73880,33,76,-43,43
73881,44,84,-40,40
73882,129,121,8,8
73883,210,181,29,29
73884,98,93,5,5
73885,60,81,-21,21
73886,110,100,10,10
73887,56,63,-7,7
73888,149,132,17,17
73889,86,85,1,1
73890,101,100,1,1
73891,80,79,1,1
73892,96,94,2,2
73893,66,71,-5,5
73894,73,70,3,3
73895,87,75,12,12
73896,73,69,4,4
73897,96,91,5,5
73898,36,51,-15,15
73899,171,193,-22,22
73900,125,118,7,7
73901,82,85,-3,3
73902,79,75,4,4
73903,148,134,14,14
73904,137,129,8,8
73905,82,88,-6,6
73906,72,95,-23,23
73907,57,65,-8,8
73908,162,152,10,10
73909,148,130,18,18
73910,82,77,5,5
73911,76,73,3,3
73912,72,71,1,1
73913,42,39,3,3
73914,102,106,-4,4
73915,61,67,-6,6
73916,107,104,3,3
73917,72,69,3,3
73918,117,126,-9,9
73919,70,71,-1,1
73920,60,65,-5,5
73921,110,96,14,14
73922,94,93,1,1
73923,121,124,-3,3
73924,102,100,2,2
73925,61,69,-8,8
73926,69,73,-4,4
73927,51,69,-18,18
73928,113,120,-7,7
73929,148,161,-13,13
73930,129,124,5,5
73931,60,65,-5,5
73932,82,100,-18,18
73933,149,135,14,14
73934,64,63,1,1
73935,95,99,-4,4
73936,105,101,4,4
73937,129,123,6,6
73938,140,131,9,9
73939,143,139,4,4
73940,67,69,-2,2
73941,81,83,-2,2
73942,131,116,15,15
73943,61,61,0,0
73944,95,94,1,1
73945,121,114,7,7
73946,96,86,10,10
73947,159,131,28,28
73948,51,57,-6,6
73949,72,80,-8,8
73950,83,84,-1,1
73951,114,108,6,6
73952,90,94,-4,4
73953,72,74,-2,2
73954,88,83,5,5
73955,149,133,16,16
73956,69,70,-1,1
73957,67,73,-6,6
73958,65,75,-10,10
73959,119,122,-3,3
73960,146,128,18,18
73961,75,84,-9,9
73962,175,149,26,26
73963,109,113,-4,4
73964,80,80,0,0
73965,99,90,9,9
73966,137,132,5,5
73967,77,94,-17,17
73968,44,72,-28,28
73969,96,90,6,6
73970,55,58,-3,3
73971,113,103,10,10
73972,108,106,2,2
73973,55,58,-3,3
73974,138,115,23,23
73975,74,76,-2,2
73976,69,75,-6,6
73977,131,122,9,9
73978,129,153,-24,24
73979,103,105,-2,2
73980,50,59,-9,9
73981,90,92,-2,2
73982,42,45,-3,3
73983,140,147,-7,7
73984,76,89,-13,13
73985,113,106,7,7
73986,43,57,-14,14
73987,73,88,-15,15
73988,116,113,3,3
73989,112,115,-3,3
73990,126,124,2,2
73991,98,104,-6,6
73992,83,85,-2,2
73993,51,70,-19,19
73994,73,90,-17,17
73995,220,177,43,43
73996,72,83,-11,11
73997,63,69,-6,6
73998,107,106,1,1
73999,90,84,6,6
74000,50,62,-12,12
74001,100,95,5,5
74002,126,114,12,12
74003,73,78,-5,5
74004,88,93,-5,5
74005,65,79,-14,14
74006,73,76,-3,3
74007,83,83,0,0
74008,118,121,-3,3
74009,77,76,1,1
74010,175,157,18,18
74011,101,96,5,5
74012,72,75,-3,3
74013,84,88,-4,4
74014,320,352,-32,32
74015,86,101,-15,15
74016,48,55,-7,7
74017,82,79,3,3
74018,111,99,12,12
74019,83,84,-1,1
74020,105,118,-13,13
74021,87,91,-4,4
74022,92,92,0,0
74023,106,105,1,1
74024,179,164,15,15
74025,123,113,10,10
74026,68,78,-10,10
74027,52,54,-2,2
74028,155,129,26,26
74029,97,107,-10,10
74030,78,84,-6,6
74031,52,56,-4,4
74032,62,68,-6,6
74033,92,92,0,0
74034,113,106,7,7
74035,141,131,10,10
74036,66,75,-9,9
74037,97,91,6,6
74038,80,101,-21,21
74039,71,94,-23,23
74040,117,109,8,8
74041,202,178,24,24
74042,89,85,4,4
74043,65,75,-10,10
74044,83,91,-8,8
74045,151,136,15,15
74046,68,69,-1,1
74047,84,89,-5,5
74048,114,105,9,9
74049,67,72,-5,5
74050,48,52,-4,4
74051,108,107,1,1
74052,159,134,25,25
74053,84,81,3,3
74054,153,134,19,19
74055,52,69,-17,17
74056,159,147,12,12
74057,118,119,-1,1
74058,83,88,-5,5
74059,50,55,-5,5
74060,125,114,11,11
74061,41,91,-50,50
74062,62,75,-13,13
74063,85,78,7,7
74064,133,130,3,3
74065,129,117,12,12
74066,97,96,1,1
74067,102,103,-1,1
74068,23,33,-10,10
74069,74,82,-8,8
74070,41,56,-15,15
74071,108,111,-3,3
74072,104,102,2,2
74073,108,95,13,13
74074,97,96,1,1
74075,74,80,-6,6
74076,94,93,1,1
74077,78,81,-3,3
74078,117,118,-1,1
74079,119,116,3,3
74080,60,58,2,2
74081,86,86,0,0
74082,84,85,-1,1
74083,72,75,-3,3
74084,93,101,-8,8
74085,72,76,-4,4
74086,156,131,25,25
74087,73,82,-9,9
74088,108,96,12,12
74089,126,134,-8,8
74090,93,89,4,4
74091,79,72,7,7
74092,181,145,36,36
74093,83,80,3,3
74094,119,113,6,6
74095,71,74,-3,3
74096,77,71,6,6
74097,104,117,-13,13
74098,72,81,-9,9
74099,68,72,-4,4
74100,98,98,0,0
74101,57,83,-26,26
74102,80,108,-28,28
74103,73,77,-4,4
74104,191,155,36,36
74105,100,93,7,7
74106,132,114,18,18
74107,40,41,-1,1
74108,54,59,-5,5
74109,154,142,12,12
74110,139,127,12,12
74111,107,105,2,2
74112,128,115,13,13
74113,133,120,13,13
74114,83,74,9,9
74115,63,87,-24,24
74116,81,82,-1,1
74117,163,145,18,18
74118,109,106,3,3
74119,63,68,-5,5
74120,90,92,-2,2
74121,81,90,-9,9
74122,66,69,-3,3
74123,120,120,0,0
74124,89,85,4,4
74125,67,75,-8,8
74126,85,85,0,0
74127,78,82,-4,4
74128,75,82,-7,7
74129,198,175,23,23
74130,92,93,-1,1
74131,118,106,12,12
74132,57,68,-11,11
74133,155,143,12,12
74134,86,86,0,0
74135,67,68,-1,1
74136,178,142,36,36
74137,68,73,-5,5
74138,85,85,0,0
74139,79,85,-6,6
74140,93,85,8,8
74141,50,63,-13,13
74142,58,62,-4,4
74143,104,103,1,1
74144,100,95,5,5
74145,201,178,23,23
74146,105,105,0,0
74147,105,105,0,0
74148,90,90,0,0
74149,68,78,-10,10
74150,74,83,-9,9
74151,60,64,-4,4
74152,59,85,-26,26
74153,97,102,-5,5
74154,87,86,1,1
74155,55,71,-16,16
74156,111,105,6,6
74157,119,104,15,15
74158,115,114,1,1
74159,59,57,2,2
74160,61,66,-5,5
74161,30,56,-26,26
74162,96,92,4,4
74163,131,108,23,23
74164,183,169,14,14
74165,161,156,5,5
74166,146,139,7,7
74167,200,172,28,28
74168,100,100,0,0
74169,114,108,6,6
74170,108,104,4,4
74171,73,77,-4,4
74172,75,75,0,0
74173,72,75,-3,3
74174,143,145,-2,2
74175,101,94,7,7
74176,66,74,-8,8
74177,164,139,25,25
74178,85,83,2,2
74179,88,88,0,0
74180,98,101,-3,3
74181,54,93,-39,39
74182,95,97,-2,2
74183,64,71,-7,7
74184,144,133,11,11
74185,105,101,4,4
74186,102,109,-7,7
74187,114,95,19,19
74188,54,65,-11,11
74189,112,104,8,8
74190,181,156,25,25
74191,110,101,9,9
74192,75,66,9,9
74193,51,67,-16,16
74194,98,94,4,4
74195,85,87,-2,2
74196,54,69,-15,15
74197,57,64,-7,7
74198,77,87,-10,10
74199,66,80,-14,14
74200,84,78,6,6
74201,102,103,-1,1
74202,124,121,3,3
74203,129,121,8,8
74204,195,179,16,16
74205,111,110,1,1
74206,109,114,-5,5
74207,68,70,-2,2
74208,57,62,-5,5
74209,76,89,-13,13
74210,99,94,5,5
74211,78,87,-9,9
74212,124,114,10,10
74213,83,79,4,4
74214,82,77,5,5
74215,73,75,-2,2
74216,66,71,-5,5
74217,102,101,1,1
74218,107,110,-3,3
74219,101,95,6,6
74220,119,117,2,2
74221,120,126,-6,6
74222,69,74,-5,5
74223,80,96,-16,16
74224,113,108,5,5
74225,63,73,-10,10
74226,94,84,10,10
74227,146,136,10,10
74228,109,103,6,6
74229,117,107,10,10
74230,66,71,-5,5
74231,151,125,26,26
74232,60,62,-2,2
74233,146,150,-4,4
74234,135,126,9,9
74235,90,81,9,9
74236,48,57,-9,9
74237,71,73,-2,2
74238,155,147,8,8
74239,86,77,9,9
74240,111,120,-9,9
74241,96,94,2,2
74242,137,143,-6,6
74243,81,85,-4,4
74244,60,70,-10,10
74245,83,97,-14,14
74246,106,103,3,3
74247,67,77,-10,10
74248,52,59,-7,7
74249,104,99,5,5
74250,73,82,-9,9
74251,87,98,-11,11
74252,148,141,7,7
74253,77,75,2,2
74254,92,95,-3,3
74255,201,177,24,24
74256,50,56,-6,6
74257,149,139,10,10
74258,150,126,24,24
74259,89,100,-11,11
74260,131,121,10,10
74261,73,69,4,4
74262,83,88,-5,5
74263,155,143,12,12
74264,80,66,14,14
74265,128,125,3,3
74266,59,63,-4,4
74267,85,93,-8,8
74268,87,102,-15,15
74269,85,82,3,3
74270,72,73,-1,1
74271,72,78,-6,6
74272,56,62,-6,6
74273,127,122,5,5
74274,73,72,1,1
74275,94,80,14,14
74276,72,74,-2,2
74277,48,50,-2,2
74278,130,112,18,18
74279,103,87,16,16
74280,96,85,11,11
74281,140,139,1,1
74282,63,73,-10,10
74283,61,62,-1,1
74284,78,80,-2,2
74285,75,72,3,3
74286,81,87,-6,6
74287,79,86,-7,7
74288,94,92,2,2
74289,117,114,3,3
74290,59,62,-3,3
74291,84,84,0,0
74292,149,137,12,12
74293,109,109,0,0
74294,46,61,-15,15
74295,131,115,16,16
74296,118,109,9,9
74297,83,95,-12,12
74298,68,87,-19,19
74299,70,87,-17,17
74300,49,58,-9,9
74301,73,73,0,0
74302,132,128,4,4
74303,93,86,7,7
74304,159,152,7,7
74305,107,106,1,1
74306,185,161,24,24
74307,143,135,8,8
74308,60,72,-12,12
74309,78,74,4,4
74310,106,107,-1,1
74311,98,89,9,9
74312,101,86,15,15
74313,39,62,-23,23
74314,104,106,-2,2
74315,51,71,-20,20
74316,88,84,4,4
74317,83,84,-1,1
74318,116,126,-10,10
74319,59,63,-4,4
74320,88,86,2,2
74321,206,166,40,40
74322,147,122,25,25
74323,40,55,-15,15
74324,45,53,-8,8
74325,89,89,0,0
74326,146,134,12,12
74327,76,82,-6,6
74328,92,78,14,14
74329,35,49,-14,14
74330,77,95,-18,18
74331,104,108,-4,4
74332,97,91,6,6
74333,135,127,8,8
74334,63,65,-2,2
74335,54,62,-8,8
74336,117,117,0,0
74337,79,76,3,3
74338,64,74,-10,10
74339,63,71,-8,8
74340,63,67,-4,4
74341,80,85,-5,5
74342,136,128,8,8
74343,106,91,15,15
74344,76,75,1,1
74345,80,84,-4,4
74346,126,116,10,10
74347,96,90,6,6
74348,56,58,-2,2
74349,124,121,3,3
74350,137,129,8,8
74351,63,72,-9,9
74352,59,68,-9,9
74353,102,99,3,3
74354,41,42,-1,1
74355,84,92,-8,8
74356,99,101,-2,2
74357,108,114,-6,6
74358,125,121,4,4
74359,115,108,7,7
74360,84,85,-1,1
74361,100,105,-5,5
74362,128,124,4,4
74363,60,69,-9,9
74364,77,82,-5,5
74365,63,63,0,0
74366,90,101,-11,11
74367,64,80,-16,16
74368,61,62,-1,1
74369,99,103,-4,4
74370,97,98,-1,1
74371,65,63,2,2
74372,99,103,-4,4
74373,181,157,24,24
74374,83,88,-5,5
74375,102,104,-2,2
74376,136,137,-1,1
74377,56,59,-3,3
74378,132,124,8,8
74379,76,80,-4,4
74380,101,97,4,4
74381,110,92,18,18
74382,51,56,-5,5
74383,60,74,-14,14
74384,127,123,4,4
74385,81,105,-24,24
74386,59,64,-5,5
74387,82,82,0,0
74388,103,96,7,7
74389,99,94,5,5
74390,50,46,4,4
74391,85,99,-14,14
74392,67,65,2,2
74393,125,115,10,10
74394,93,92,1,1
74395,116,111,5,5
74396,68,79,-11,11
74397,77,78,-1,1
74398,95,95,0,0
74399,59,67,-8,8
74400,111,101,10,10
74401,79,85,-6,6
74402,84,88,-4,4
74403,89,96,-7,7
74404,164,147,17,17
74405,72,74,-2,2
74406,78,84,-6,6
74407,149,149,0,0
74408,95,80,15,15
74409,85,77,8,8
74410,96,93,3,3
74411,72,68,4,4
74412,112,98,14,14
74413,77,78,-1,1
74414,40,49,-9,9
74415,110,109,1,1
74416,59,72,-13,13
74417,107,104,3,3
74418,66,79,-13,13
74419,87,86,1,1
74420,72,77,-5,5
74421,85,94,-9,9
74422,49,57,-8,8
74423,72,81,-9,9
74424,156,153,3,3
74425,75,62,13,13
74426,83,78,5,5
74427,107,104,3,3
74428,97,92,5,5
74429,108,100,8,8
74430,89,85,4,4
74431,103,112,-9,9
74432,133,127,6,6
74433,56,60,-4,4
74434,77,78,-1,1
74435,88,95,-7,7
74436,106,107,-1,1
74437,134,133,1,1
74438,81,88,-7,7
74439,126,121,5,5
74440,69,75,-6,6
74441,120,152,-32,32
74442,121,111,10,10
74443,62,71,-9,9
74444,85,83,2,2
74445,93,88,5,5
74446,111,106,5,5
74447,99,117,-18,18
74448,50,59,-9,9
74449,98,108,-10,10
74450,83,75,8,8
74451,94,103,-9,9
74452,144,137,7,7
74453,49,58,-9,9
74454,46,50,-4,4
74455,87,92,-5,5
74456,80,85,-5,5
74457,150,122,28,28
74458,67,78,-11,11
74459,39,40,-1,1
74460,82,78,4,4
74461,76,77,-1,1
74462,56,62,-6,6
74463,33,46,-13,13
74464,95,89,6,6
74465,67,61,6,6
74466,87,93,-6,6
74467,101,97,4,4
74468,62,65,-3,3
74469,62,72,-10,10
74470,93,86,7,7
74471,71,66,5,5
74472,79,84,-5,5
74473,86,83,3,3
74474,70,79,-9,9
74475,117,108,9,9
74476,51,79,-28,28
74477,168,151,17,17
74478,120,103,17,17
74479,99,93,6,6
74480,73,83,-10,10
74481,120,118,2,2
74482,136,126,10,10
74483,57,70,-13,13
74484,89,87,2,2
74485,89,93,-4,4
74486,81,87,-6,6
74487,72,64,8,8
74488,104,103,1,1
74489,141,129,12,12
74490,79,84,-5,5
74491,167,149,18,18
74492,86,86,0,0
74493,138,119,19,19
74494,66,71,-5,5
74495,59,61,-2,2
74496,110,120,-10,10
74497,82,80,2,2
74498,92,94,-2,2
74499,62,66,-4,4
74500,82,74,8,8
74501,62,70,-8,8
74502,94,87,7,7
74503,135,148,-13,13
74504,227,226,1,1
74505,85,85,0,0
74506,74,86,-12,12
74507,106,134,-28,28
74508,52,59,-7,7
74509,96,107,-11,11
74510,97,97,0,0
74511,143,136,7,7
74512,84,74,10,10
74513,77,73,4,4
74514,49,55,-6,6
74515,116,109,7,7
74516,67,93,-26,26
74517,74,82,-8,8
74518,83,81,2,2
74519,77,77,0,0
74520,113,111,2,2
74521,125,113,12,12
74522,59,62,-3,3
74523,62,69,-7,7
74524,148,138,10,10
74525,56,71,-15,15
74526,85,95,-10,10
74527,158,133,25,25
74528,79,88,-9,9
74529,87,80,7,7
74530,115,139,-24,24
74531,62,66,-4,4
74532,78,79,-1,1
74533,107,95,12,12
74534,129,122,7,7
74535,109,100,9,9
74536,46,58,-12,12
74537,73,72,1,1
74538,47,51,-4,4
74539,57,61,-4,4
74540,136,135,1,1
74541,74,76,-2,2
74542,73,73,0,0
74543,117,112,5,5
74544,64,60,4,4
74545,65,77,-12,12
74546,61,68,-7,7
74547,40,56,-16,16
74548,84,79,5,5
74549,96,101,-5,5
74550,108,96,12,12
74551,148,140,8,8
74552,111,109,2,2
74553,131,131,0,0
74554,55,65,-10,10
74555,132,122,10,10
74556,156,123,33,33
74557,68,71,-3,3
74558,109,108,1,1
74559,65,68,-3,3
74560,78,75,3,3
74561,136,125,11,11
74562,190,181,9,9
74563,157,147,10,10
74564,110,112,-2,2
74565,50,60,-10,10
74566,123,126,-3,3
74567,127,123,4,4
74568,88,89,-1,1
74569,116,110,6,6
74570,85,90,-5,5
74571,116,106,10,10
74572,181,165,16,16
74573,87,93,-6,6
74574,135,133,2,2
74575,64,79,-15,15
74576,92,89,3,3
74577,59,66,-7,7
74578,81,74,7,7
74579,71,73,-2,2
74580,130,132,-2,2
74581,96,89,7,7
74582,86,82,4,4
74583,107,123,-16,16
74584,118,110,8,8
74585,93,94,-1,1
74586,88,94,-6,6
74587,54,67,-13,13
74588,101,104,-3,3
74589,58,68,-10,10
74590,109,102,7,7
74591,106,111,-5,5
74592,139,131,8,8
74593,50,59,-9,9
74594,168,157,11,11
74595,115,116,-1,1
74596,70,78,-8,8
74597,92,88,4,4
74598,133,125,8,8
74599,74,79,-5,5
74600,159,154,5,5
74601,120,121,-1,1
74602,84,102,-18,18
74603,103,104,-1,1
74604,183,147,36,36
74605,139,129,10,10
74606,86,88,-2,2
74607,82,86,-4,4
74608,61,75,-14,14
74609,123,100,23,23
74610,87,87,0,0
74611,135,128,7,7
74612,99,94,5,5
74613,74,73,1,1
74614,74,81,-7,7
74615,139,135,4,4
74616,85,86,-1,1
74617,70,76,-6,6
74618,106,103,3,3
74619,123,118,5,5
74620,100,101,-1,1
74621,61,66,-5,5
74622,92,92,0,0
74623,132,129,3,3
74624,59,68,-9,9
74625,226,193,33,33
74626,84,76,8,8
74627,165,164,1,1
74628,83,92,-9,9
74629,115,107,8,8
74630,159,138,21,21
74631,93,84,9,9
74632,126,127,-1,1
74633,51,56,-5,5
74634,118,113,5,5
74635,80,70,10,10
74636,161,138,23,23
74637,91,90,1,1
74638,83,83,0,0
74639,91,86,5,5
74640,234,206,28,28
74641,78,75,3,3
74642,101,97,4,4
74643,72,74,-2,2
74644,92,75,17,17
74645,44,64,-20,20
74646,76,81,-5,5
74647,106,100,6,6
74648,119,110,9,9
74649,111,94,17,17
74650,111,113,-2,2
74651,105,99,6,6
74652,62,70,-8,8
74653,113,114,-1,1
74654,94,102,-8,8
74655,155,139,16,16
74656,59,63,-4,4
74657,86,96,-10,10
74658,61,61,0,0
74659,198,168,30,30
74660,83,83,0,0
74661,50,63,-13,13
74662,126,118,8,8
74663,95,92,3,3
74664,95,87,8,8
74665,24,32,-8,8
74666,90,94,-4,4
74667,47,54,-7,7
74668,64,76,-12,12
74669,107,109,-2,2
74670,94,86,8,8
74671,77,79,-2,2
74672,111,122,-11,11
74673,107,106,1,1
74674,33,37,-4,4
74675,73,75,-2,2
74676,63,70,-7,7
74677,90,92,-2,2
74678,89,166,-77,77
74679,79,75,4,4
74680,128,127,1,1
74681,91,90,1,1
74682,114,107,7,7
74683,103,95,8,8
74684,61,50,11,11
74685,122,129,-7,7
74686,114,109,5,5
74687,143,135,8,8
74688,75,78,-3,3
74689,66,69,-3,3
74690,90,94,-4,4
74691,108,95,13,13
74692,74,79,-5,5
74693,137,130,7,7
74694,121,108,13,13
74695,85,105,-20,20
74696,47,57,-10,10
74697,51,65,-14,14
74698,79,74,5,5
74699,80,80,0,0
74700,111,107,4,4
74701,126,130,-4,4
74702,37,42,-5,5
74703,87,85,2,2
74704,102,102,0,0
74705,73,76,-3,3
74706,81,96,-15,15
74707,85,75,10,10
74708,127,115,12,12
74709,127,109,18,18
74710,93,103,-10,10
74711,122,119,3,3
74712,175,147,28,28
74713,96,96,0,0
74714,88,83,5,5
74715,162,135,27,27
74716,124,129,-5,5
74717,42,42,0,0
74718,90,94,-4,4
74719,91,92,-1,1
74720,129,121,8,8
74721,53,60,-7,7
74722,75,79,-4,4
74723,88,87,1,1
74724,70,68,2,2
74725,185,166,19,19
74726,105,100,5,5
74727,128,118,10,10
74728,103,97,6,6
74729,100,104,-4,4
74730,71,77,-6,6
74731,157,136,21,21
74732,103,106,-3,3
74733,118,115,3,3
74734,140,162,-22,22
74735,102,101,1,1
74736,71,72,-1,1
74737,143,142,1,1
74738,58,71,-13,13
74739,96,98,-2,2
74740,112,110,2,2
74741,85,87,-2,2
74742,92,104,-12,12
74743,81,86,-5,5
74744,102,101,1,1
74745,43,66,-23,23
74746,87,84,3,3
74747,118,114,4,4
74748,85,79,6,6
74749,100,101,-1,1
74750,83,93,-10,10
74751,83,67,16,16
74752,89,89,0,0
74753,50,57,-7,7
74754,134,126,8,8
74755,65,62,3,3
74756,72,81,-9,9
74757,75,73,2,2
74758,78,76,2,2
74759,81,88,-7,7
74760,105,113,-8,8
74761,67,69,-2,2
74762,136,75,61,61
74763,86,101,-15,15
74764,139,130,9,9
74765,78,77,1,1
74766,38,41,-3,3
74767,78,78,0,0
74768,59,62,-3,3
74769,91,87,4,4
74770,152,138,14,14
74771,148,148,0,0
74772,108,101,7,7
74773,77,74,3,3
74774,83,77,6,6
74775,89,87,2,2
74776,104,96,8,8
74777,117,118,-1,1
74778,151,139,12,12
74779,45,58,-13,13
74780,60,60,0,0
74781,125,121,4,4
74782,41,44,-3,3
74783,49,56,-7,7
74784,140,129,11,11
74785,90,93,-3,3
74786,93,96,-3,3
74787,100,88,12,12
74788,125,116,9,9
74789,114,114,0,0
74790,128,124,4,4
74791,60,65,-5,5
74792,191,168,23,23
74793,140,138,2,2
74794,82,89,-7,7
74795,76,75,1,1
74796,117,114,3,3
74797,83,89,-6,6
74798,82,80,2,2
74799,122,126,-4,4
74800,60,67,-7,7
74801,117,114,3,3
74802,96,88,8,8
74803,115,112,3,3
74804,134,125,9,9
74805,109,105,4,4
74806,91,85,6,6
74807,72,77,-5,5
74808,96,89,7,7
74809,80,85,-5,5
74810,71,77,-6,6
74811,95,86,9,9
74812,101,100,1,1
74813,67,69,-2,2
74814,87,93,-6,6
74815,89,90,-1,1
74816,62,68,-6,6
74817,126,143,-17,17
74818,78,87,-9,9
74819,100,105,-5,5
74820,96,90,6,6
74821,100,102,-2,2
74822,59,64,-5,5
74823,93,90,3,3
74824,120,115,5,5
74825,70,78,-8,8
74826,46,53,-7,7
74827,153,138,15,15
74828,91,91,0,0
74829,94,93,1,1
74830,74,86,-12,12
74831,87,78,9,9
74832,76,81,-5,5
74833,56,66,-10,10
74834,104,119,-15,15
74835,126,122,4,4
74836,115,109,6,6
74837,107,110,-3,3
74838,41,57,-16,16
74839,75,70,5,5
74840,76,83,-7,7
74841,75,80,-5,5
74842,50,59,-9,9
74843,118,115,3,3
74844,131,123,8,8
74845,92,131,-39,39
74846,113,107,6,6
74847,126,111,15,15
74848,65,78,-13,13
74849,128,119,9,9
74850,89,89,0,0
74851,100,93,7,7
74852,85,83,2,2
74853,166,143,23,23
74854,100,112,-12,12
74855,119,116,3,3
74856,72,68,4,4
74857,78,84,-6,6
74858,70,66,4,4
74859,84,85,-1,1
74860,56,55,1,1
74861,18,26,-8,8
74862,75,80,-5,5
74863,107,112,-5,5
74864,86,80,6,6
74865,128,124,4,4
74866,99,105,-6,6
74867,69,76,-7,7
74868,130,119,11,11
74869,127,122,5,5
74870,188,166,22,22
74871,99,103,-4,4
74872,83,83,0,0
74873,105,95,10,10
74874,56,61,-5,5
74875,84,81,3,3
74876,43,59,-16,16
74877,104,112,-8,8
74878,93,94,-1,1
74879,111,116,-5,5
74880,106,116,-10,10
74881,77,76,1,1
74882,74,73,1,1
74883,138,131,7,7
74884,47,47,0,0
74885,158,148,10,10
74886,111,110,1,1
74887,84,89,-5,5
74888,129,124,5,5
74889,76,79,-3,3
74890,84,86,-2,2
74891,67,70,-3,3
74892,61,54,7,7
74893,107,100,7,7
74894,79,74,5,5
74895,112,118,-6,6
74896,53,58,-5,5
74897,84,85,-1,1
74898,46,51,-5,5
74899,115,107,8,8
74900,48,52,-4,4
74901,51,54,-3,3
74902,73,89,-16,16
74903,81,102,-21,21
74904,53,60,-7,7
74905,144,134,10,10
74906,93,89,4,4
74907,63,79,-16,16
74908,47,51,-4,4
74909,117,101,16,16
74910,172,129,43,43
74911,57,66,-9,9
74912,143,133,10,10
74913,108,111,-3,3
74914,140,126,14,14
74915,70,76,-6,6
74916,96,95,1,1
74917,107,107,0,0
74918,116,108,8,8
74919,120,116,4,4
74920,60,57,3,3
74921,77,85,-8,8
74922,112,110,2,2
74923,97,107,-10,10
74924,183,175,8,8
74925,95,93,2,2
74926,92,90,2,2
74927,76,90,-14,14
74928,99,104,-5,5
74929,85,81,4,4
74930,76,83,-7,7
74931,93,97,-4,4
74932,50,61,-11,11
74933,55,65,-10,10
74934,88,89,-1,1
74935,97,107,-10,10
74936,83,85,-2,2
74937,54,55,-1,1
74938,86,82,4,4
74939,77,82,-5,5
74940,282,294,-12,12
74941,136,125,11,11
74942,91,82,9,9
74943,150,154,-4,4
74944,66,75,-9,9
74945,71,83,-12,12
74946,87,85,2,2
74947,87,95,-8,8
74948,119,117,2,2
74949,148,131,17,17
74950,117,111,6,6
74951,85,90,-5,5
74952,97,95,2,2
74953,49,62,-13,13
74954,103,109,-6,6
74955,38,39,-1,1
74956,86,100,-14,14
74957,49,52,-3,3
74958,103,95,8,8
74959,103,119,-16,16
74960,45,49,-4,4
74961,103,104,-1,1
74962,83,79,4,4
74963,95,90,5,5
74964,60,72,-12,12
74965,102,103,-1,1
74966,138,142,-4,4
74967,83,85,-2,2
74968,95,97,-2,2
74969,96,95,1,1
74970,150,144,6,6
74971,53,58,-5,5
74972,133,112,21,21
74973,45,56,-11,11
74974,50,51,-1,1
74975,35,86,-51,51
74976,103,92,11,11
74977,58,61,-3,3
74978,72,79,-7,7
74979,100,104,-4,4
74980,95,90,5,5
74981,109,102,7,7
74982,57,70,-13,13
74983,68,89,-21,21
74984,89,87,2,2
74985,129,122,7,7
74986,118,114,4,4
74987,114,109,5,5
74988,112,104,8,8
74989,103,97,6,6
74990,95,95,0,0
74991,130,133,-3,3
74992,95,86,9,9
74993,129,122,7,7
74994,84,83,1,1
74995,103,108,-5,5
74996,146,139,7,7
74997,84,94,-10,10
74998,143,133,10,10
74999,84,88,-4,4
75000,69,81,-12,12
75001,94,102,-8,8
75002,56,76,-20,20
75003,133,129,4,4
75004,49,63,-14,14
75005,58,57,1,1
75006,122,107,15,15
75007,117,114,3,3
75008,87,84,3,3
75009,113,110,3,3
75010,60,64,-4,4
75011,65,72,-7,7
75012,103,103,0,0
75013,152,133,19,19
75014,121,116,5,5
75015,119,111,8,8
75016,47,58,-11,11
75017,113,103,10,10
75018,101,101,0,0
75019,73,87,-14,14
75020,88,96,-8,8
75021,156,139,17,17
75022,99,92,7,7
75023,86,88,-2,2
75024,101,105,-4,4
75025,91,89,2,2
75026,59,65,-6,6
75027,72,76,-4,4
75028,111,96,15,15
75029,108,106,2,2
75030,78,82,-4,4
75031,63,70,-7,7
75032,97,101,-4,4
75033,76,80,-4,4
75034,94,107,-13,13
75035,83,83,0,0
75036,72,73,-1,1
75037,113,99,14,14
75038,126,118,8,8
75039,86,96,-10,10
75040,67,63,4,4
75041,149,135,14,14
75042,89,85,4,4
75043,115,109,6,6
75044,111,97,14,14
75045,135,134,1,1
75046,54,64,-10,10
75047,123,123,0,0
75048,82,88,-6,6
75049,26,46,-20,20
75050,66,71,-5,5
75051,117,109,8,8
75052,135,136,-1,1
75053,70,73,-3,3
75054,59,62,-3,3
75055,141,136,5,5
75056,64,64,0,0
75057,126,126,0,0
75058,97,96,1,1
75059,54,60,-6,6
75060,99,95,4,4
75061,138,123,15,15
75062,130,129,1,1
75063,111,89,22,22
75064,81,82,-1,1
75065,97,95,2,2
75066,146,137,9,9
75067,92,88,4,4
75068,68,63,5,5
75069,70,73,-3,3
75070,79,75,4,4
75071,57,67,-10,10
75072,70,69,1,1
75073,52,63,-11,11
75074,82,93,-11,11
75075,72,77,-5,5
75076,86,82,4,4
75077,124,111,13,13
75078,71,73,-2,2
75079,75,65,10,10
75080,111,103,8,8
75081,85,75,10,10
75082,77,77,0,0
75083,116,116,0,0
75084,121,127,-6,6
75085,63,63,0,0
75086,65,69,-4,4
75087,92,93,-1,1
75088,115,108,7,7
75089,62,65,-3,3
75090,90,87,3,3
75091,50,57,-7,7
75092,81,87,-6,6
75093,33,39,-6,6
75094,141,129,12,12
75095,51,57,-6,6
75096,32,44,-12,12
75097,89,103,-14,14
75098,117,116,1,1
75099,97,103,-6,6
75100,92,85,7,7
75101,71,74,-3,3
75102,76,77,-1,1
75103,42,36,6,6
75104,84,93,-9,9
75105,87,95,-8,8
75106,153,139,14,14
75107,91,91,0,0
75108,59,86,-27,27
75109,69,72,-3,3
75110,109,101,8,8
75111,115,105,10,10
75112,169,158,11,11
75113,67,72,-5,5
75114,96,95,1,1
75115,94,94,0,0
75116,173,131,42,42
75117,96,94,2,2
75118,127,106,21,21
75119,58,62,-4,4
75120,69,70,-1,1
75121,68,73,-5,5
75122,141,135,6,6
75123,110,131,-21,21
75124,46,91,-45,45
75125,56,115,-59,59
75126,99,110,-11,11
75127,117,111,6,6
75128,53,61,-8,8
75129,92,90,2,2
75130,100,110,-10,10
75131,100,92,8,8
75132,92,99,-7,7
75133,67,64,3,3
75134,148,127,21,21
75135,122,114,8,8
75136,162,149,13,13
75137,86,89,-3,3
75138,165,143,22,22
75139,106,96,10,10
75140,84,101,-17,17
75141,97,94,3,3
75142,61,61,0,0
75143,187,178,9,9
75144,153,151,2,2
75145,57,65,-8,8
75146,101,100,1,1
75147,154,125,29,29
75148,108,104,4,4
75149,55,57,-2,2
75150,113,101,12,12
75151,55,61,-6,6
75152,101,90,11,11
75153,91,97,-6,6
75154,89,93,-4,4
75155,96,92,4,4
75156,52,70,-18,18
75157,54,62,-8,8
75158,69,74,-5,5
75159,95,107,-12,12
75160,88,83,5,5
75161,126,120,6,6
75162,82,92,-10,10
75163,76,83,-7,7
75164,112,104,8,8
75165,117,108,9,9
75166,113,107,6,6
75167,97,89,8,8
75168,98,98,0,0
75169,83,81,2,2
75170,76,75,1,1
75171,80,76,4,4
75172,111,109,2,2
75173,135,124,11,11
75174,62,70,-8,8
75175,140,133,7,7
75176,68,72,-4,4
75177,141,137,4,4
75178,53,68,-15,15
75179,140,137,3,3
75180,74,74,0,0
75181,70,71,-1,1
75182,78,88,-10,10
75183,103,96,7,7
75184,97,93,4,4
75185,75,79,-4,4
75186,143,138,5,5
75187,163,149,14,14
75188,71,73,-2,2
75189,58,63,-5,5
75190,69,74,-5,5
75191,72,76,-4,4
75192,158,148,10,10
75193,93,100,-7,7
75194,80,84,-4,4
75195,142,133,9,9
75196,46,68,-22,22
75197,76,71,5,5
75198,129,159,-30,30
75199,82,82,0,0
75200,146,130,16,16
75201,93,92,1,1
75202,113,105,8,8
75203,142,141,1,1
75204,72,74,-2,2
75205,74,78,-4,4
75206,88,104,-16,16
75207,105,112,-7,7
75208,110,113,-3,3
75209,83,82,1,1
75210,27,49,-22,22
75211,136,128,8,8
75212,81,82,-1,1
75213,98,92,6,6
75214,120,117,3,3
75215,92,77,15,15
75216,145,137,8,8
75217,137,129,8,8
75218,103,107,-4,4
75219,121,129,-8,8
75220,54,74,-20,20
75221,112,109,3,3
75222,76,78,-2,2
75223,89,86,3,3
75224,160,123,37,37
75225,28,49,-21,21
75226,76,71,5,5
75227,165,154,11,11
75228,100,93,7,7
75229,152,136,16,16
75230,82,81,1,1
75231,94,85,9,9
75232,60,68,-8,8
75233,125,120,5,5
75234,69,74,-5,5
75235,120,99,21,21
75236,91,87,4,4
75237,96,91,5,5
75238,45,51,-6,6
75239,56,65,-9,9
75240,76,77,-1,1
75241,75,80,-5,5
75242,79,82,-3,3
75243,124,111,13,13
75244,106,98,8,8
75245,122,116,6,6
75246,51,61,-10,10
75247,69,74,-5,5
75248,85,92,-7,7
75249,115,143,-28,28
75250,115,105,10,10
75251,115,109,6,6
75252,60,71,-11,11
75253,76,77,-1,1
75254,32,42,-10,10
75255,79,81,-2,2
75256,44,46,-2,2
75257,58,65,-7,7
75258,130,124,6,6
75259,132,119,13,13
75260,79,81,-2,2
75261,92,94,-2,2
75262,144,141,3,3
75263,54,63,-9,9
75264,133,117,16,16
75265,64,76,-12,12
75266,92,94,-2,2
75267,156,143,13,13
75268,58,60,-2,2
75269,82,75,7,7
75270,86,86,0,0
75271,173,161,12,12
75272,94,94,0,0
75273,60,73,-13,13
75274,108,105,3,3
75275,126,120,6,6
75276,56,62,-6,6
75277,98,99,-1,1
75278,92,84,8,8
75279,117,106,11,11
75280,52,50,2,2
75281,94,94,0,0
75282,78,77,1,1
75283,76,100,-24,24
75284,67,69,-2,2
75285,124,127,-3,3
75286,128,122,6,6
75287,73,72,1,1
75288,62,63,-1,1
75289,100,107,-7,7
75290,130,129,1,1
75291,61,64,-3,3
75292,262,219,43,43
75293,60,63,-3,3
75294,102,111,-9,9
75295,57,64,-7,7
75296,97,105,-8,8
75297,84,88,-4,4
75298,61,88,-27,27
75299,135,121,14,14
75300,104,87,17,17
75301,79,82,-3,3
75302,187,151,36,36
75303,62,63,-1,1
75304,94,91,3,3
75305,94,104,-10,10
75306,94,88,6,6
75307,126,113,13,13
75308,126,112,14,14
75309,108,101,7,7
75310,60,57,3,3
75311,93,105,-12,12
75312,53,60,-7,7
75313,61,70,-9,9
75314,79,81,-2,2
75315,74,74,0,0
75316,50,49,1,1
75317,75,68,7,7
75318,40,57,-17,17
75319,47,55,-8,8
75320,78,84,-6,6
75321,51,58,-7,7
75322,97,96,1,1
75323,54,54,0,0
75324,100,103,-3,3
75325,91,86,5,5
75326,48,58,-10,10
75327,46,53,-7,7
75328,153,145,8,8
75329,123,119,4,4
75330,52,63,-11,11
75331,92,87,5,5
75332,71,83,-12,12
75333,141,124,17,17
75334,46,43,3,3
75335,72,77,-5,5
75336,84,83,1,1
75337,82,89,-7,7
75338,78,76,2,2
75339,77,75,2,2
75340,93,83,10,10
75341,47,55,-8,8
75342,67,70,-3,3
75343,67,71,-4,4
75344,113,105,8,8
75345,179,160,19,19
75346,95,98,-3,3
75347,164,150,14,14
75348,45,51,-6,6
75349,127,114,13,13
75350,118,121,-3,3
75351,96,90,6,6
75352,57,57,0,0
75353,151,140,11,11
75354,69,93,-24,24
75355,79,80,-1,1
75356,86,85,1,1
75357,186,168,18,18
75358,147,130,17,17
75359,109,111,-2,2
75360,97,88,9,9
75361,110,105,5,5
75362,69,70,-1,1
75363,65,71,-6,6
75364,119,111,8,8
75365,58,70,-12,12
75366,77,79,-2,2
75367,97,97,0,0
75368,95,94,1,1
75369,123,123,0,0
75370,107,123,-16,16
75371,117,111,6,6
75372,72,85,-13,13
75373,119,109,10,10
75374,103,100,3,3
75375,129,127,2,2
75376,83,80,3,3
75377,248,241,7,7
75378,93,83,10,10
75379,129,124,5,5
75380,68,81,-13,13
75381,117,112,5,5
75382,87,90,-3,3
75383,118,111,7,7
75384,98,92,6,6
75385,103,105,-2,2
75386,69,73,-4,4
75387,110,105,5,5
75388,125,116,9,9
75389,113,109,4,4
75390,112,105,7,7
75391,81,76,5,5
75392,86,89,-3,3
75393,148,133,15,15
75394,102,96,6,6
75395,31,37,-6,6
75396,64,71,-7,7
75397,114,111,3,3
75398,87,90,-3,3
75399,127,126,1,1
75400,91,97,-6,6
75401,74,75,-1,1
75402,175,149,26,26
75403,223,164,59,59
75404,87,79,8,8
75405,67,66,1,1
75406,59,60,-1,1
75407,104,90,14,14
75408,64,89,-25,25
75409,149,148,1,1
75410,125,115,10,10
75411,45,49,-4,4
75412,93,96,-3,3
75413,86,86,0,0
75414,80,78,2,2
75415,73,63,10,10
75416,92,86,6,6
75417,120,136,-16,16
75418,126,113,13,13
75419,73,74,-1,1
75420,54,62,-8,8
75421,65,73,-8,8
75422,100,100,0,0
75423,105,102,3,3
75424,85,80,5,5
75425,100,94,6,6
75426,81,88,-7,7
75427,67,73,-6,6
75428,174,158,16,16
75429,132,123,9,9
75430,127,103,24,24
75431,96,104,-8,8
75432,73,72,1,1
75433,86,83,3,3
75434,73,75,-2,2
75435,124,119,5,5
75436,75,72,3,3
75437,49,65,-16,16
75438,99,125,-26,26
75439,55,58,-3,3
75440,141,113,28,28
75441,62,71,-9,9
75442,75,74,1,1
75443,99,96,3,3
75444,97,94,3,3
75445,104,100,4,4
75446,96,87,9,9
75447,122,118,4,4
75448,101,90,11,11
75449,109,109,0,0
75450,111,106,5,5
75451,99,89,10,10
75452,77,87,-10,10
75453,118,118,0,0
75454,89,83,6,6
75455,75,83,-8,8
75456,59,64,-5,5
75457,57,68,-11,11
75458,99,94,5,5
75459,88,78,10,10
75460,106,98,8,8
75461,101,106,-5,5
75462,131,120,11,11
75463,127,122,5,5
75464,65,67,-2,2
75465,101,90,11,11
75466,140,127,13,13
75467,122,115,7,7
75468,80,81,-1,1
75469,128,127,1,1
75470,85,88,-3,3
75471,111,111,0,0
75472,78,90,-12,12
75473,93,92,1,1
75474,42,47,-5,5
75475,66,58,8,8
75476,95,97,-2,2
75477,90,79,11,11
75478,100,106,-6,6
75479,82,83,-1,1
75480,67,80,-13,13
75481,105,99,6,6
75482,110,102,8,8
75483,56,62,-6,6
75484,37,41,-4,4
75485,65,72,-7,7
75486,72,78,-6,6
75487,106,105,1,1
75488,99,95,4,4
75489,104,103,1,1
75490,87,91,-4,4
75491,76,85,-9,9
75492,53,50,3,3
75493,57,68,-11,11
75494,69,67,2,2
75495,83,80,3,3
75496,56,66,-10,10
75497,78,79,-1,1
75498,95,105,-10,10
75499,78,80,-2,2
75500,74,75,-1,1
75501,82,97,-15,15
75502,95,92,3,3
75503,85,79,6,6
75504,63,73,-10,10
75505,124,120,4,4
75506,67,64,3,3
75507,112,108,4,4
75508,94,95,-1,1
75509,69,71,-2,2
75510,121,125,-4,4
75511,82,87,-5,5
75512,111,106,5,5
75513,126,121,5,5
75514,74,72,2,2
75515,81,79,2,2
75516,100,101,-1,1
75517,148,130,18,18
75518,88,90,-2,2
75519,70,74,-4,4
75520,150,127,23,23
75521,88,83,5,5
75522,28,32,-4,4
75523,93,93,0,0
75524,96,103,-7,7
75525,90,88,2,2
75526,150,152,-2,2
75527,75,84,-9,9
75528,93,102,-9,9
75529,150,140,10,10
75530,123,100,23,23
75531,133,128,5,5
75532,69,88,-19,19
75533,167,136,31,31
75534,46,44,2,2
75535,92,96,-4,4
75536,54,61,-7,7
75537,154,134,20,20
75538,45,56,-11,11
75539,137,128,9,9
75540,115,105,10,10
75541,99,91,8,8
75542,93,88,5,5
75543,83,81,2,2
75544,115,103,12,12
75545,23,60,-37,37
75546,92,95,-3,3
75547,85,89,-4,4
75548,80,75,5,5
75549,190,178,12,12
75550,95,93,2,2
75551,153,130,23,23
75552,83,91,-8,8
75553,51,56,-5,5
75554,85,84,1,1
75555,85,88,-3,3
75556,59,70,-11,11
75557,172,151,21,21
75558,53,60,-7,7
75559,128,112,16,16
75560,72,75,-3,3
75561,130,118,12,12
75562,54,65,-11,11
75563,145,117,28,28
75564,94,103,-9,9
75565,111,109,2,2
75566,35,53,-18,18
75567,74,81,-7,7
75568,85,95,-10,10
75569,129,120,9,9
75570,49,63,-14,14
75571,56,67,-11,11
75572,99,95,4,4
75573,79,97,-18,18
75574,129,121,8,8
75575,74,78,-4,4
75576,78,91,-13,13
75577,70,75,-5,5
75578,157,166,-9,9
75579,98,99,-1,1
75580,66,74,-8,8
75581,75,78,-3,3
75582,76,75,1,1
75583,94,102,-8,8
75584,100,90,10,10
75585,50,56,-6,6
75586,98,95,3,3
75587,96,104,-8,8
75588,134,130,4,4
75589,108,96,12,12
75590,212,190,22,22
75591,138,132,6,6
75592,88,85,3,3
75593,12,28,-16,16
75594,66,71,-5,5
75595,98,89,9,9
75596,110,104,6,6
75597,75,74,1,1
75598,146,141,5,5
75599,176,169,7,7
75600,91,82,9,9
75601,88,84,4,4
75602,51,55,-4,4
75603,190,162,28,28
75604,128,123,5,5
75605,74,77,-3,3
75606,83,87,-4,4
75607,64,75,-11,11
75608,127,126,1,1
75609,130,116,14,14
75610,95,87,8,8
75611,66,129,-63,63
75612,46,38,8,8
75613,79,83,-4,4
75614,110,106,4,4
75615,116,111,5,5
75616,68,75,-7,7
75617,70,85,-15,15
75618,59,76,-17,17
75619,107,96,11,11
75620,77,88,-11,11
75621,97,117,-20,20
75622,160,143,17,17
75623,130,137,-7,7
75624,60,65,-5,5
75625,104,101,3,3
75626,91,93,-2,2
75627,89,97,-8,8
75628,49,58,-9,9
75629,155,147,8,8
75630,94,90,4,4
75631,146,137,9,9
75632,87,95,-8,8
75633,127,120,7,7
75634,79,84,-5,5
75635,93,94,-1,1
75636,121,122,-1,1
75637,74,71,3,3
75638,113,109,4,4
75639,163,137,26,26
75640,122,104,18,18
75641,118,121,-3,3
75642,56,65,-9,9
75643,129,120,9,9
75644,128,119,9,9
75645,159,141,18,18
75646,62,65,-3,3
75647,108,107,1,1
75648,72,73,-1,1
75649,79,84,-5,5
75650,166,149,17,17
75651,62,73,-11,11
75652,144,139,5,5
75653,129,118,11,11
75654,72,75,-3,3
75655,93,84,9,9
75656,86,99,-13,13
75657,126,119,7,7
75658,86,85,1,1
75659,87,88,-1,1
75660,183,163,20,20
75661,68,69,-1,1
75662,80,78,2,2
75663,63,74,-11,11
75664,61,71,-10,10
75665,103,104,-1,1
75666,46,55,-9,9
75667,107,101,6,6
75668,127,124,3,3
75669,89,87,2,2
75670,104,105,-1,1
75671,82,89,-7,7
75672,114,115,-1,1
75673,82,82,0,0
75674,109,110,-1,1
75675,105,104,1,1
75676,67,77,-10,10
75677,64,67,-3,3
75678,109,105,4,4
75679,50,55,-5,5
75680,49,56,-7,7
75681,89,92,-3,3
75682,163,150,13,13
75683,64,74,-10,10
75684,180,157,23,23
75685,73,118,-45,45
75686,155,142,13,13
75687,106,107,-1,1
75688,102,96,6,6
75689,142,137,5,5
75690,62,64,-2,2
75691,93,95,-2,2
75692,125,106,19,19
75693,71,74,-3,3
75694,62,75,-13,13
75695,129,119,10,10
75696,109,118,-9,9
75697,174,157,17,17
75698,103,108,-5,5
75699,124,111,13,13
75700,74,82,-8,8
75701,96,93,3,3
75702,112,107,5,5
75703,78,81,-3,3
75704,59,62,-3,3
75705,54,63,-9,9
75706,86,83,3,3
75707,99,112,-13,13
75708,120,130,-10,10
75709,134,121,13,13
75710,141,125,16,16
75711,99,101,-2,2
75712,92,96,-4,4
75713,121,118,3,3
75714,74,76,-2,2
75715,101,89,12,12
75716,14,93,-79,79
75717,80,83,-3,3
75718,88,83,5,5
75719,60,69,-9,9
75720,112,110,2,2
75721,153,130,23,23
75722,108,103,5,5
75723,98,102,-4,4
75724,78,97,-19,19
75725,115,137,-22,22
75726,71,72,-1,1
75727,129,125,4,4
75728,56,62,-6,6
75729,68,71,-3,3
75730,80,83,-3,3
75731,110,119,-9,9
75732,86,94,-8,8
75733,139,130,9,9
75734,125,117,8,8
75735,73,74,-1,1
75736,122,112,10,10
75737,99,100,-1,1
75738,78,78,0,0
75739,150,133,17,17
75740,112,90,22,22
75741,95,100,-5,5
75742,85,82,3,3
75743,67,75,-8,8
75744,91,85,6,6
75745,110,101,9,9
75746,88,75,13,13
75747,115,126,-11,11
75748,78,79,-1,1
75749,89,96,-7,7
75750,71,72,-1,1
75751,65,65,0,0
75752,67,84,-17,17
75753,144,128,16,16
75754,98,104,-6,6
75755,78,78,0,0
75756,130,128,2,2
75757,75,77,-2,2
75758,83,82,1,1
75759,72,74,-2,2
75760,106,99,7,7
75761,44,48,-4,4
75762,108,102,6,6
75763,80,72,8,8
75764,98,103,-5,5
75765,97,94,3,3
75766,124,131,-7,7
75767,96,86,10,10
75768,71,74,-3,3
75769,118,117,1,1
75770,115,105,10,10
75771,88,90,-2,2
75772,104,102,2,2
75773,75,73,2,2
75774,115,102,13,13
75775,94,86,8,8
75776,97,100,-3,3
75777,71,72,-1,1
75778,73,86,-13,13
75779,64,72,-8,8
75780,61,69,-8,8
75781,46,50,-4,4
75782,81,80,1,1
75783,56,67,-11,11
75784,99,101,-2,2
75785,131,134,-3,3
75786,75,87,-12,12
75787,74,75,-1,1
75788,111,106,5,5
75789,136,125,11,11
75790,81,82,-1,1
75791,50,56,-6,6
75792,95,92,3,3
75793,108,118,-10,10
75794,62,103,-41,41
75795,78,81,-3,3
75796,92,87,5,5
75797,42,49,-7,7
75798,102,109,-7,7
75799,104,106,-2,2
75800,55,69,-14,14
75801,69,80,-11,11
75802,90,92,-2,2
75803,63,79,-16,16
75804,101,101,0,0
75805,43,48,-5,5
75806,69,76,-7,7
75807,109,105,4,4
75808,142,137,5,5
75809,140,129,11,11
75810,67,73,-6,6
75811,62,66,-4,4
75812,114,102,12,12
75813,107,107,0,0
75814,85,97,-12,12
75815,167,151,16,16
75816,163,158,5,5
75817,85,86,-1,1
75818,73,85,-12,12
75819,109,106,3,3
75820,61,70,-9,9
75821,77,80,-3,3
75822,207,168,39,39
75823,99,100,-1,1
75824,182,158,24,24
75825,99,96,3,3
75826,83,87,-4,4
75827,75,78,-3,3
75828,139,133,6,6
75829,47,48,-1,1
75830,65,80,-15,15
75831,143,113,30,30
75832,73,76,-3,3
75833,79,84,-5,5
75834,85,81,4,4
75835,88,93,-5,5
75836,141,128,13,13
75837,71,95,-24,24
75838,96,90,6,6
75839,153,140,13,13
75840,133,118,15,15
75841,80,87,-7,7
75842,171,164,7,7
75843,125,125,0,0
75844,91,85,6,6
75845,61,67,-6,6
75846,131,118,13,13
75847,136,113,23,23
75848,58,61,-3,3
75849,93,88,5,5
75850,88,86,2,2
75851,68,75,-7,7
75852,129,123,6,6
75853,127,112,15,15
75854,98,138,-40,40
75855,87,88,-1,1
75856,84,86,-2,2
75857,51,82,-31,31
75858,72,75,-3,3
75859,144,133,11,11
75860,96,101,-5,5
75861,61,60,1,1
75862,86,82,4,4
75863,78,74,4,4
75864,51,60,-9,9
75865,151,136,15,15
75866,109,103,6,6
75867,108,115,-7,7
75868,80,76,4,4
75869,67,64,3,3
75870,125,134,-9,9
75871,75,74,1,1
75872,176,162,14,14
75873,105,107,-2,2
75874,82,90,-8,8
75875,146,137,9,9
75876,49,86,-37,37
75877,68,86,-18,18
75878,119,118,1,1
75879,40,43,-3,3
75880,118,115,3,3
75881,65,68,-3,3
75882,92,100,-8,8
75883,69,68,1,1
75884,110,105,5,5
75885,94,93,1,1
75886,152,164,-12,12
75887,118,113,5,5
75888,72,77,-5,5
75889,141,126,15,15
75890,43,51,-8,8
75891,122,112,10,10
75892,73,77,-4,4
75893,92,93,-1,1
75894,101,109,-8,8
75895,66,69,-3,3
75896,70,68,2,2
75897,43,53,-10,10
75898,84,82,2,2
75899,83,96,-13,13
75900,71,72,-1,1
75901,97,87,10,10
75902,116,110,6,6
75903,107,113,-6,6
75904,152,137,15,15
75905,130,142,-12,12
75906,49,52,-3,3
75907,111,103,8,8
75908,124,110,14,14
75909,75,77,-2,2
75910,112,125,-13,13
75911,111,112,-1,1
75912,97,92,5,5
75913,47,43,4,4
75914,114,101,13,13
75915,107,109,-2,2
75916,93,93,0,0
75917,107,102,5,5
75918,114,111,3,3
75919,124,129,-5,5
75920,133,117,16,16
75921,64,65,-1,1
75922,80,84,-4,4
75923,155,134,21,21
75924,98,107,-9,9
75925,82,70,12,12
75926,50,59,-9,9
75927,64,65,-1,1
75928,97,101,-4,4
75929,123,109,14,14
75930,46,57,-11,11
75931,78,75,3,3
75932,122,118,4,4
75933,181,157,24,24
75934,64,72,-8,8
75935,56,64,-8,8
75936,72,85,-13,13
75937,141,129,12,12
75938,126,117,9,9
75939,71,67,4,4
75940,81,72,9,9
75941,137,125,12,12
75942,91,91,0,0
75943,117,108,9,9
75944,160,149,11,11
75945,101,88,13,13
75946,55,68,-13,13
75947,104,104,0,0
75948,72,74,-2,2
75949,165,150,15,15
75950,74,71,3,3
75951,72,78,-6,6
75952,138,117,21,21
75953,87,87,0,0
75954,66,68,-2,2
75955,78,84,-6,6
75956,80,77,3,3
75957,111,111,0,0
75958,132,128,4,4
75959,70,74,-4,4
75960,96,93,3,3
75961,127,123,4,4
75962,121,120,1,1
75963,57,63,-6,6
75964,203,184,19,19
75965,94,96,-2,2
75966,81,94,-13,13
75967,52,58,-6,6
75968,150,134,16,16
75969,83,108,-25,25
75970,99,92,7,7
75971,64,72,-8,8
75972,79,82,-3,3
75973,81,82,-1,1
75974,47,57,-10,10
75975,54,61,-7,7
75976,152,136,16,16
75977,44,54,-10,10
75978,87,86,1,1
75979,161,146,15,15
75980,83,86,-3,3
75981,75,80,-5,5
75982,111,113,-2,2
75983,60,61,-1,1
75984,98,88,10,10
75985,74,84,-10,10
75986,81,75,6,6
75987,113,109,4,4
75988,110,101,9,9
75989,84,87,-3,3
75990,57,62,-5,5
75991,70,73,-3,3
75992,175,150,25,25
75993,95,95,0,0
75994,94,90,4,4
75995,107,105,2,2
75996,75,79,-4,4
75997,85,92,-7,7
75998,162,136,26,26
75999,93,95,-2,2
76000,73,78,-5,5
76001,86,87,-1,1
76002,179,160,19,19
76003,202,182,20,20
76004,98,100,-2,2
76005,85,88,-3,3
76006,37,53,-16,16
76007,121,110,11,11
76008,128,116,12,12
76009,87,93,-6,6
76010,141,136,5,5
76011,70,66,4,4
76012,151,151,0,0
76013,116,113,3,3
76014,81,79,2,2
76015,81,77,4,4
76016,89,88,1,1
76017,124,106,18,18
76018,94,97,-3,3
76019,56,71,-15,15
76020,151,139,12,12
76021,157,142,15,15
76022,70,72,-2,2
76023,154,142,12,12
76024,130,121,9,9
76025,121,113,8,8
76026,119,118,1,1
76027,94,93,1,1
76028,62,72,-10,10
76029,99,92,7,7
76030,82,75,7,7
76031,145,138,7,7
76032,107,116,-9,9
76033,107,107,0,0
76034,128,113,15,15
76035,52,59,-7,7
76036,103,99,4,4
76037,70,71,-1,1
76038,161,154,7,7
76039,74,76,-2,2
76040,70,67,3,3
76041,114,103,11,11
76042,150,140,10,10
76043,105,114,-9,9
76044,119,125,-6,6
76045,71,78,-7,7
76046,102,93,9,9
76047,43,59,-16,16
76048,84,86,-2,2
76049,70,80,-10,10
76050,82,85,-3,3
76051,74,66,8,8
76052,98,96,2,2
76053,55,67,-12,12
76054,110,111,-1,1
76055,145,145,0,0
76056,80,82,-2,2
76057,137,126,11,11
76058,77,88,-11,11
76059,80,77,3,3
76060,73,70,3,3
76061,83,79,4,4
76062,100,90,10,10
76063,85,83,2,2
76064,101,100,1,1
76065,79,83,-4,4
76066,89,97,-8,8
76067,60,67,-7,7
76068,112,96,16,16
76069,173,160,13,13
76070,60,65,-5,5
76071,41,46,-5,5
76072,57,69,-12,12
76073,88,92,-4,4
76074,101,92,9,9
76075,82,74,8,8
76076,100,97,3,3
76077,85,89,-4,4
76078,117,103,14,14
76079,83,87,-4,4
76080,162,139,23,23
76081,59,64,-5,5
76082,127,116,11,11
76083,170,144,26,26
76084,114,103,11,11
76085,111,107,4,4
76086,44,52,-8,8
76087,91,96,-5,5
76088,76,86,-10,10
76089,64,75,-11,11
76090,67,70,-3,3
76091,135,126,9,9
76092,75,80,-5,5
76093,110,105,5,5
76094,84,81,3,3
76095,77,77,0,0
76096,97,97,0,0
76097,85,89,-4,4
76098,61,60,1,1
76099,86,88,-2,2
76100,75,78,-3,3
76101,83,109,-26,26
76102,168,152,16,16
76103,97,99,-2,2
76104,64,70,-6,6
76105,126,113,13,13
76106,85,93,-8,8
76107,111,110,1,1
76108,87,85,2,2
76109,101,109,-8,8
76110,162,110,52,52
76111,143,140,3,3
76112,123,112,11,11
76113,82,79,3,3
76114,101,93,8,8
76115,92,101,-9,9
76116,87,98,-11,11
76117,93,83,10,10
76118,100,106,-6,6
76119,92,88,4,4
76120,85,75,10,10
76121,49,52,-3,3
76122,79,92,-13,13
76123,58,63,-5,5
76124,85,89,-4,4
76125,61,64,-3,3
76126,140,131,9,9
76127,127,126,1,1
76128,152,142,10,10
76129,67,71,-4,4
76130,64,68,-4,4
76131,136,131,5,5
76132,74,73,1,1
76133,100,92,8,8
76134,158,136,22,22
76135,80,87,-7,7
76136,88,88,0,0
76137,110,114,-4,4
76138,74,69,5,5
76139,116,117,-1,1
76140,82,81,1,1
76141,117,108,9,9
76142,81,83,-2,2
76143,74,77,-3,3
76144,104,102,2,2
76145,147,126,21,21
76146,82,82,0,0
76147,50,54,-4,4
76148,180,163,17,17
76149,182,173,9,9
76150,63,80,-17,17
76151,190,156,34,34
76152,122,134,-12,12
76153,99,96,3,3
76154,66,75,-9,9
76155,53,71,-18,18
76156,63,71,-8,8
76157,125,134,-9,9
76158,112,103,9,9
76159,85,86,-1,1
76160,56,67,-11,11
76161,85,82,3,3
76162,70,81,-11,11
76163,83,89,-6,6
76164,135,128,7,7
76165,57,63,-6,6
76166,84,85,-1,1
76167,90,101,-11,11
76168,59,78,-19,19
76169,77,78,-1,1
76170,64,65,-1,1
76171,99,102,-3,3
76172,109,104,5,5
76173,97,100,-3,3
76174,92,85,7,7
76175,87,93,-6,6
76176,42,50,-8,8
76177,74,85,-11,11
76178,162,167,-5,5
76179,125,111,14,14
76180,178,171,7,7
76181,98,109,-11,11
76182,89,97,-8,8
76183,72,70,2,2
76184,78,79,-1,1
76185,53,61,-8,8
76186,85,81,4,4
76187,122,114,8,8
76188,101,106,-5,5
76189,81,81,0,0
76190,128,94,34,34
76191,98,97,1,1
76192,154,156,-2,2
76193,122,124,-2,2
76194,63,66,-3,3
76195,83,88,-5,5
76196,98,97,1,1
76197,70,75,-5,5
76198,89,102,-13,13
76199,111,117,-6,6
76200,44,61,-17,17
76201,48,61,-13,13
76202,104,100,4,4
76203,106,105,1,1
76204,148,127,21,21
76205,128,127,1,1
76206,118,112,6,6
76207,105,92,13,13
76208,141,141,0,0
76209,115,107,8,8
76210,161,149,12,12
76211,71,91,-20,20
76212,149,140,9,9
76213,77,79,-2,2
76214,117,110,7,7
76215,119,111,8,8
76216,116,104,12,12
76217,88,84,4,4
76218,107,108,-1,1
76219,72,85,-13,13
76220,137,147,-10,10
76221,122,123,-1,1
76222,126,121,5,5
76223,50,64,-14,14
76224,119,101,18,18
76225,79,77,2,2
76226,124,124,0,0
76227,128,125,3,3
76228,132,116,16,16
76229,90,88,2,2
76230,95,97,-2,2
76231,97,94,3,3
76232,63,73,-10,10
76233,109,104,5,5
76234,133,139,-6,6
76235,104,102,2,2
76236,35,82,-47,47
76237,72,75,-3,3
76238,65,70,-5,5
76239,120,109,11,11
76240,135,152,-17,17
76241,130,117,13,13
76242,137,135,2,2
76243,81,78,3,3
76244,83,86,-3,3
76245,51,61,-10,10
76246,77,87,-10,10
76247,116,106,10,10
76248,72,83,-11,11
76249,97,101,-4,4
76250,78,75,3,3
76251,63,69,-6,6
76252,130,131,-1,1
76253,158,144,14,14
76254,75,81,-6,6
76255,76,78,-2,2
76256,101,97,4,4
76257,44,58,-14,14
76258,74,75,-1,1
76259,98,93,5,5
76260,134,140,-6,6
76261,104,98,6,6
76262,88,87,1,1
76263,179,152,27,27
76264,46,55,-9,9
76265,141,136,5,5
76266,91,84,7,7
76267,72,78,-6,6
76268,82,83,-1,1
76269,73,75,-2,2
76270,139,125,14,14
76271,124,117,7,7
76272,100,95,5,5
76273,98,93,5,5
76274,80,83,-3,3
76275,97,113,-16,16
76276,62,72,-10,10
76277,136,129,7,7
76278,93,88,5,5
76279,104,103,1,1
76280,158,147,11,11
76281,105,100,5,5
76282,82,69,13,13
76283,150,140,10,10
76284,161,142,19,19
76285,68,73,-5,5
76286,97,98,-1,1
76287,106,100,6,6
76288,75,77,-2,2
76289,95,95,0,0
76290,84,85,-1,1
76291,144,130,14,14
76292,115,113,2,2
76293,45,57,-12,12
76294,99,94,5,5
76295,91,89,2,2
76296,75,75,0,0
76297,134,114,20,20
76298,69,69,0,0
76299,74,73,1,1
76300,53,61,-8,8
76301,74,79,-5,5
76302,95,94,1,1
76303,54,65,-11,11
76304,96,94,2,2
76305,93,93,0,0
76306,108,103,5,5
76307,104,116,-12,12
76308,80,84,-4,4
76309,87,78,9,9
76310,98,104,-6,6
76311,60,68,-8,8
76312,65,71,-6,6
76313,75,87,-12,12
76314,80,90,-10,10
76315,81,91,-10,10
76316,123,111,12,12
76317,89,95,-6,6
76318,142,134,8,8
76319,64,63,1,1
76320,100,104,-4,4
76321,45,58,-13,13
76322,118,106,12,12
76323,73,77,-4,4
76324,74,78,-4,4
76325,102,105,-3,3
76326,66,82,-16,16
76327,120,123,-3,3
76328,57,62,-5,5
76329,149,128,21,21
76330,131,128,3,3
76331,81,80,1,1
76332,61,67,-6,6
76333,89,93,-4,4
76334,66,69,-3,3
76335,64,71,-7,7
76336,76,83,-7,7
76337,124,114,10,10
76338,48,63,-15,15
76339,68,70,-2,2
76340,100,101,-1,1
76341,96,96,0,0
76342,50,53,-3,3
76343,85,90,-5,5
76344,85,88,-3,3
76345,61,68,-7,7
76346,91,82,9,9
76347,72,76,-4,4
76348,129,116,13,13
76349,104,98,6,6
76350,54,68,-14,14
76351,53,61,-8,8
76352,105,109,-4,4
76353,91,105,-14,14
76354,66,75,-9,9
76355,59,64,-5,5
76356,118,112,6,6
76357,109,114,-5,5
76358,63,65,-2,2
76359,63,57,6,6
76360,68,71,-3,3
76361,166,166,0,0
76362,84,79,5,5
76363,66,67,-1,1
76364,100,107,-7,7
76365,104,98,6,6
76366,65,70,-5,5
76367,57,64,-7,7
76368,99,96,3,3
76369,96,110,-14,14
76370,71,74,-3,3
76371,57,65,-8,8
76372,105,108,-3,3
76373,88,83,5,5
76374,54,63,-9,9
76375,181,154,27,27
76376,100,99,1,1
76377,103,103,0,0
76378,138,125,13,13
76379,65,69,-4,4
76380,71,77,-6,6
76381,70,71,-1,1
76382,72,73,-1,1
76383,66,65,1,1
76384,79,79,0,0
76385,169,153,16,16
76386,129,118,11,11
76387,129,106,23,23
76388,63,66,-3,3
76389,92,89,3,3
76390,109,109,0,0
76391,58,70,-12,12
76392,108,96,12,12
76393,107,96,11,11
76394,162,151,11,11
76395,57,65,-8,8
76396,109,112,-3,3
76397,86,87,-1,1
76398,91,86,5,5
76399,89,81,8,8
76400,93,98,-5,5
76401,70,71,-1,1
76402,73,72,1,1
76403,71,73,-2,2
76404,59,55,4,4
76405,166,155,11,11
76406,71,68,3,3
76407,71,67,4,4
76408,132,115,17,17
76409,103,106,-3,3
76410,114,103,11,11
76411,103,110,-7,7
76412,98,95,3,3
76413,92,85,7,7
76414,102,108,-6,6
76415,113,117,-4,4
76416,130,148,-18,18
76417,56,68,-12,12
76418,127,116,11,11
76419,53,68,-15,15
76420,129,121,8,8
76421,93,91,2,2
76422,133,120,13,13
76423,93,89,4,4
76424,92,94,-2,2
76425,45,61,-16,16
76426,96,86,10,10
76427,104,125,-21,21
76428,65,66,-1,1
76429,114,108,6,6
76430,52,59,-7,7
76431,80,85,-5,5
76432,135,129,6,6
76433,78,90,-12,12
76434,69,73,-4,4
76435,61,64,-3,3
76436,75,73,2,2
76437,131,131,0,0
76438,108,114,-6,6
76439,96,96,0,0
76440,178,154,24,24
76441,171,168,3,3
76442,81,75,6,6
76443,91,85,6,6
76444,69,77,-8,8
76445,146,131,15,15
76446,111,99,12,12
76447,65,68,-3,3
76448,86,82,4,4
76449,79,93,-14,14
76450,108,99,9,9
76451,94,94,0,0
76452,107,106,1,1
76453,100,95,5,5
76454,121,109,12,12
76455,144,146,-2,2
76456,66,74,-8,8
76457,40,48,-8,8
76458,99,102,-3,3
76459,32,47,-15,15
76460,69,70,-1,1
76461,145,138,7,7
76462,76,84,-8,8
76463,85,83,2,2
76464,53,59,-6,6
76465,27,40,-13,13
76466,55,71,-16,16
76467,41,42,-1,1
76468,57,65,-8,8
76469,83,84,-1,1
76470,77,74,3,3
76471,85,96,-11,11
76472,118,104,14,14
76473,55,63,-8,8
76474,62,64,-2,2
76475,111,108,3,3
76476,108,103,5,5
76477,89,95,-6,6
76478,97,86,11,11
76479,94,100,-6,6
76480,61,69,-8,8
76481,82,91,-9,9
76482,83,85,-2,2
76483,140,122,18,18
76484,152,131,21,21
76485,86,81,5,5
76486,33,42,-9,9
76487,88,84,4,4
76488,71,74,-3,3
76489,97,108,-11,11
76490,81,85,-4,4
76491,129,119,10,10
76492,55,66,-11,11
76493,122,120,2,2
76494,103,110,-7,7
76495,98,92,6,6
76496,89,83,6,6
76497,87,82,5,5
76498,79,87,-8,8
76499,98,104,-6,6
76500,49,65,-16,16
76501,82,83,-1,1
76502,120,116,4,4
76503,108,107,1,1
76504,169,151,18,18
76505,161,149,12,12
76506,134,131,3,3
76507,96,100,-4,4
76508,56,60,-4,4
76509,101,104,-3,3
76510,86,91,-5,5
76511,82,87,-5,5
76512,85,90,-5,5
76513,79,77,2,2
76514,78,85,-7,7
76515,105,92,13,13
76516,142,132,10,10
76517,65,77,-12,12
76518,57,67,-10,10
76519,81,83,-2,2
76520,139,110,29,29
76521,84,83,1,1
76522,81,84,-3,3
76523,154,130,24,24
76524,147,132,15,15
76525,153,135,18,18
76526,73,79,-6,6
76527,141,127,14,14
76528,43,54,-11,11
76529,101,101,0,0
76530,42,54,-12,12
76531,78,80,-2,2
76532,97,110,-13,13
76533,65,74,-9,9
76534,58,63,-5,5
76535,79,90,-11,11
76536,95,94,1,1
76537,105,115,-10,10
76538,37,54,-17,17
76539,82,95,-13,13
76540,130,125,5,5
76541,99,106,-7,7
76542,125,107,18,18
76543,51,68,-17,17
76544,87,89,-2,2
76545,147,145,2,2
76546,61,58,3,3
76547,122,120,2,2
76548,70,82,-12,12
76549,81,77,4,4
76550,93,89,4,4
76551,136,129,7,7
76552,61,68,-7,7
76553,75,85,-10,10
76554,118,104,14,14
76555,110,112,-2,2
76556,153,151,2,2
76557,57,59,-2,2
76558,128,112,16,16
76559,118,106,12,12
76560,81,88,-7,7
76561,82,84,-2,2
76562,126,119,7,7
76563,110,103,7,7
76564,91,95,-4,4
76565,106,86,20,20
76566,92,87,5,5
76567,74,84,-10,10
76568,119,113,6,6
76569,47,56,-9,9
76570,81,90,-9,9
76571,101,99,2,2
76572,91,90,1,1
76573,68,74,-6,6
76574,119,111,8,8
76575,90,86,4,4
76576,104,104,0,0
76577,80,86,-6,6
76578,84,91,-7,7
76579,132,117,15,15
76580,32,71,-39,39
76581,139,127,12,12
76582,85,81,4,4
76583,83,86,-3,3
76584,55,63,-8,8
76585,98,108,-10,10
76586,177,163,14,14
76587,81,87,-6,6
76588,90,95,-5,5
76589,133,119,14,14
76590,85,72,13,13
76591,58,61,-3,3
76592,133,125,8,8
76593,81,82,-1,1
76594,149,134,15,15
76595,107,102,5,5
76596,113,94,19,19
76597,108,99,9,9
76598,93,87,6,6
76599,100,90,10,10
76600,66,72,-6,6
76601,109,102,7,7
76602,77,87,-10,10
76603,208,170,38,38
76604,79,86,-7,7
76605,74,70,4,4
76606,74,74,0,0
76607,131,122,9,9
76608,127,113,14,14
76609,77,76,1,1
76610,100,76,24,24
76611,82,110,-28,28
76612,100,102,-2,2
76613,65,77,-12,12
76614,97,102,-5,5
76615,146,127,19,19
76616,99,84,15,15
76617,117,107,10,10
76618,71,77,-6,6
76619,60,67,-7,7
76620,75,79,-4,4
76621,46,52,-6,6
76622,121,106,15,15
76623,55,61,-6,6
76624,119,118,1,1
76625,178,161,17,17
76626,131,125,6,6
76627,123,116,7,7
76628,99,97,2,2
76629,164,155,9,9
76630,69,74,-5,5
76631,55,61,-6,6
76632,148,143,5,5
76633,67,68,-1,1
76634,138,130,8,8
76635,115,106,9,9
76636,134,122,12,12
76637,91,98,-7,7
76638,94,91,3,3
76639,114,108,6,6
76640,92,91,1,1
76641,98,104,-6,6
76642,41,41,0,0
76643,49,60,-11,11
76644,59,74,-15,15
76645,90,88,2,2
76646,165,146,19,19
76647,53,63,-10,10
76648,67,71,-4,4
76649,77,77,0,0
76650,87,84,3,3
76651,65,67,-2,2
76652,133,123,10,10
76653,98,95,3,3
76654,103,103,0,0
76655,85,83,2,2
76656,153,137,16,16
76657,85,77,8,8
76658,126,127,-1,1
76659,102,107,-5,5
76660,115,108,7,7
76661,78,88,-10,10
76662,152,147,5,5
76663,72,73,-1,1
76664,65,67,-2,2
76665,71,75,-4,4
76666,134,130,4,4
76667,104,103,1,1
76668,54,65,-11,11
76669,133,119,14,14
76670,99,86,13,13
76671,69,70,-1,1
76672,169,158,11,11
76673,94,100,-6,6
76674,106,109,-3,3
76675,86,88,-2,2
76676,107,101,6,6
76677,52,61,-9,9
76678,71,78,-7,7
76679,87,83,4,4
76680,155,151,4,4
76681,58,68,-10,10
76682,144,132,12,12
76683,111,104,7,7
76684,90,89,1,1
76685,74,66,8,8
76686,100,90,10,10
76687,112,108,4,4
76688,117,114,3,3
76689,48,92,-44,44
76690,107,92,15,15
76691,144,134,10,10
76692,86,81,5,5
76693,101,92,9,9
76694,94,98,-4,4
76695,129,110,19,19
76696,132,130,2,2
76697,61,66,-5,5
76698,103,105,-2,2
76699,104,96,8,8
76700,135,115,20,20
76701,76,83,-7,7
76702,112,114,-2,2
76703,114,98,16,16
76704,69,65,4,4
76705,92,82,10,10
76706,80,84,-4,4
76707,139,123,16,16
76708,76,77,-1,1
76709,71,69,2,2
76710,100,102,-2,2
76711,106,96,10,10
76712,145,133,12,12
76713,76,88,-12,12
76714,92,99,-7,7
76715,49,53,-4,4
76716,110,103,7,7
76717,92,95,-3,3
76718,173,140,33,33
76719,98,101,-3,3
76720,175,146,29,29
76721,75,85,-10,10
76722,103,89,14,14
76723,111,117,-6,6
76724,215,197,18,18
76725,131,120,11,11
76726,67,76,-9,9
76727,127,131,-4,4
76728,72,77,-5,5
76729,43,71,-28,28
76730,65,69,-4,4
76731,69,71,-2,2
76732,149,149,0,0
76733,75,73,2,2
76734,81,84,-3,3
76735,76,70,6,6
76736,53,66,-13,13
76737,79,86,-7,7
76738,152,134,18,18
76739,97,96,1,1
76740,48,55,-7,7
76741,107,107,0,0
76742,118,114,4,4
76743,78,79,-1,1
76744,98,94,4,4
76745,121,110,11,11
76746,108,100,8,8
76747,59,61,-2,2
76748,95,97,-2,2
76749,98,100,-2,2
76750,71,72,-1,1
76751,76,79,-3,3
76752,100,104,-4,4
76753,70,71,-1,1
76754,71,67,4,4
76755,94,79,15,15
76756,86,88,-2,2
76757,102,103,-1,1
76758,106,101,5,5
76759,74,85,-11,11
76760,49,61,-12,12
76761,103,99,4,4
76762,70,73,-3,3
76763,168,157,11,11
76764,66,77,-11,11
76765,128,127,1,1
76766,110,106,4,4
76767,82,77,5,5
76768,92,86,6,6
76769,187,171,16,16
76770,101,114,-13,13
76771,47,53,-6,6
76772,72,76,-4,4
76773,77,82,-5,5
76774,30,38,-8,8
76775,124,124,0,0
76776,218,176,42,42
76777,110,113,-3,3
76778,106,107,-1,1
76779,133,118,15,15
76780,88,78,10,10
76781,58,62,-4,4
76782,184,157,27,27
76783,152,128,24,24
76784,87,94,-7,7
76785,167,146,21,21
76786,93,99,-6,6
76787,130,105,25,25
76788,96,84,12,12
76789,119,120,-1,1
76790,81,81,0,0
76791,52,55,-3,3
76792,66,68,-2,2
76793,102,106,-4,4
76794,76,76,0,0
76795,117,102,15,15
76796,98,89,9,9
76797,81,83,-2,2
76798,99,102,-3,3
76799,81,78,3,3
76800,64,72,-8,8
76801,139,136,3,3
76802,84,86,-2,2
76803,68,70,-2,2
76804,42,49,-7,7
76805,73,68,5,5
76806,158,112,46,46
76807,101,102,-1,1
76808,122,113,9,9
76809,76,85,-9,9
76810,129,142,-13,13
76811,99,89,10,10
76812,71,68,3,3
76813,80,78,2,2
76814,141,125,16,16
76815,48,51,-3,3
76816,146,129,17,17
76817,83,87,-4,4
76818,102,101,1,1
76819,87,85,2,2
76820,83,78,5,5
76821,63,78,-15,15
76822,89,88,1,1
76823,142,127,15,15
76824,90,96,-6,6
76825,97,93,4,4
76826,130,122,8,8
76827,88,84,4,4
76828,146,142,4,4
76829,118,104,14,14
76830,124,117,7,7
76831,108,116,-8,8
76832,53,65,-12,12
76833,78,82,-4,4
76834,54,59,-5,5
76835,121,109,12,12
76836,105,115,-10,10
76837,47,64,-17,17
76838,58,64,-6,6
76839,126,111,15,15
76840,165,142,23,23
76841,118,110,8,8
76842,54,61,-7,7
76843,98,90,8,8
76844,39,37,2,2
76845,88,95,-7,7
76846,85,84,1,1
76847,92,100,-8,8
76848,101,100,1,1
76849,69,78,-9,9
76850,70,69,1,1
76851,57,95,-38,38
76852,89,87,2,2
76853,165,149,16,16
76854,88,93,-5,5
76855,142,128,14,14
76856,109,109,0,0
76857,105,104,1,1
76858,94,95,-1,1
76859,124,117,7,7
76860,119,111,8,8
76861,41,44,-3,3
76862,102,103,-1,1
76863,90,76,14,14
76864,126,123,3,3
76865,59,75,-16,16
76866,74,76,-2,2
76867,104,108,-4,4
76868,101,100,1,1
76869,102,100,2,2
76870,123,122,1,1
76871,90,90,0,0
76872,85,80,5,5
76873,85,91,-6,6
76874,57,62,-5,5
76875,73,79,-6,6
76876,73,78,-5,5
76877,106,110,-4,4
76878,47,48,-1,1
76879,91,96,-5,5
76880,93,86,7,7
76881,63,73,-10,10
76882,80,78,2,2
76883,71,72,-1,1
76884,92,89,3,3
76885,125,115,10,10
76886,82,92,-10,10
76887,97,105,-8,8
76888,59,59,0,0
76889,125,132,-7,7
76890,115,103,12,12
76891,103,99,4,4
76892,97,97,0,0
76893,89,89,0,0
76894,78,82,-4,4
76895,159,139,20,20
76896,117,120,-3,3
76897,100,91,9,9
76898,104,103,1,1
76899,97,107,-10,10
76900,114,104,10,10
76901,118,122,-4,4
76902,99,86,13,13
76903,98,91,7,7
76904,114,109,5,5
76905,99,99,0,0
76906,95,95,0,0
76907,68,78,-10,10
76908,119,113,6,6
76909,125,114,11,11
76910,74,80,-6,6
76911,97,90,7,7
76912,101,97,4,4
76913,157,150,7,7
76914,141,130,11,11
76915,132,129,3,3
76916,104,102,2,2
76917,85,87,-2,2
76918,110,108,2,2
76919,91,111,-20,20
76920,53,57,-4,4
76921,81,83,-2,2
76922,78,85,-7,7
76923,79,93,-14,14
76924,73,76,-3,3
76925,81,84,-3,3
76926,89,86,3,3
76927,78,78,0,0
76928,122,107,15,15
76929,64,73,-9,9
76930,52,60,-8,8
76931,87,94,-7,7
76932,134,128,6,6
76933,104,94,10,10
76934,116,118,-2,2
76935,102,107,-5,5
76936,160,139,21,21
76937,83,80,3,3
76938,159,158,1,1
76939,130,132,-2,2
76940,92,88,4,4
76941,95,91,4,4
76942,179,172,7,7
76943,132,110,22,22
76944,53,58,-5,5
76945,100,99,1,1
76946,105,98,7,7
76947,77,82,-5,5
76948,115,111,4,4
76949,126,124,2,2
76950,91,91,0,0
76951,79,84,-5,5
76952,40,52,-12,12
76953,128,119,9,9
76954,145,135,10,10
76955,153,137,16,16
76956,81,79,2,2
76957,113,119,-6,6
76958,138,118,20,20
76959,100,102,-2,2
76960,77,71,6,6
76961,71,76,-5,5
76962,110,108,2,2
76963,118,113,5,5
76964,137,132,5,5
76965,94,96,-2,2
76966,65,67,-2,2
76967,52,75,-23,23
76968,74,80,-6,6
76969,68,70,-2,2
76970,101,101,0,0
76971,104,100,4,4
76972,138,128,10,10
76973,71,75,-4,4
76974,140,123,17,17
76975,83,84,-1,1
76976,91,93,-2,2
76977,125,112,13,13
76978,77,85,-8,8
76979,63,61,2,2
76980,116,109,7,7
76981,102,100,2,2
76982,121,126,-5,5
76983,116,109,7,7
76984,181,166,15,15
76985,112,117,-5,5
76986,151,151,0,0
76987,127,118,9,9
76988,87,86,1,1
76989,123,118,5,5
76990,74,87,-13,13
76991,161,146,15,15
76992,48,55,-7,7
76993,207,184,23,23
76994,124,122,2,2
76995,91,101,-10,10
76996,104,101,3,3
76997,118,119,-1,1
76998,112,104,8,8
76999,70,71,-1,1
77000,76,72,4,4
77001,133,120,13,13
77002,79,74,5,5
77003,56,71,-15,15
77004,111,127,-16,16
77005,48,63,-15,15
77006,80,71,9,9
77007,144,134,10,10
77008,39,36,3,3
77009,91,98,-7,7
77010,97,94,3,3
77011,93,85,8,8
77012,142,127,15,15
77013,116,109,7,7
77014,86,88,-2,2
77015,128,128,0,0
77016,101,107,-6,6
77017,53,63,-10,10
77018,153,139,14,14
77019,69,80,-11,11
77020,101,94,7,7
77021,146,141,5,5
77022,107,104,3,3
77023,86,88,-2,2
77024,44,56,-12,12
77025,64,73,-9,9
77026,90,73,17,17
77027,69,76,-7,7
77028,78,95,-17,17
77029,141,131,10,10
77030,54,54,0,0
77031,61,62,-1,1
77032,140,121,19,19
77033,158,125,33,33
77034,96,89,7,7
77035,159,148,11,11
77036,155,125,30,30
77037,152,136,16,16
77038,62,59,3,3
77039,84,79,5,5
77040,197,176,21,21
77041,123,117,6,6
77042,80,85,-5,5
77043,25,29,-4,4
77044,140,137,3,3
77045,65,77,-12,12
77046,67,97,-30,30
77047,62,70,-8,8
77048,71,73,-2,2
77049,138,131,7,7
77050,73,75,-2,2
77051,84,92,-8,8
77052,227,181,46,46
77053,97,90,7,7
77054,47,55,-8,8
77055,74,75,-1,1
77056,75,82,-7,7
77057,64,72,-8,8
77058,107,106,1,1
77059,60,63,-3,3
77060,70,76,-6,6
77061,117,98,19,19
77062,110,115,-5,5
77063,118,116,2,2
77064,86,86,0,0
77065,61,71,-10,10
77066,72,74,-2,2
77067,153,134,19,19
77068,92,96,-4,4
77069,117,113,4,4
77070,79,79,0,0
77071,111,101,10,10
77072,48,55,-7,7
77073,71,70,1,1
77074,100,100,0,0
77075,90,83,7,7
77076,67,75,-8,8
77077,111,106,5,5
77078,68,71,-3,3
77079,113,105,8,8
77080,78,91,-13,13
77081,94,94,0,0
77082,86,94,-8,8
77083,131,127,4,4
77084,142,124,18,18
77085,83,90,-7,7
77086,62,84,-22,22
77087,74,67,7,7
77088,143,134,9,9
77089,163,154,9,9
77090,78,76,2,2
77091,42,46,-4,4
77092,69,74,-5,5
77093,68,75,-7,7
77094,132,121,11,11
77095,59,60,-1,1
77096,107,104,3,3
77097,107,107,0,0
77098,49,55,-6,6
77099,114,111,3,3
77100,87,85,2,2
77101,103,86,17,17
77102,122,110,12,12
77103,114,112,2,2
77104,172,152,20,20
77105,69,77,-8,8
77106,57,69,-12,12
77107,108,106,2,2
77108,80,100,-20,20
77109,70,77,-7,7
77110,126,121,5,5
77111,102,97,5,5
77112,45,54,-9,9
77113,72,71,1,1
77114,174,152,22,22
77115,101,105,-4,4
77116,53,58,-5,5
77117,71,73,-2,2
77118,157,159,-2,2
77119,139,128,11,11
77120,116,101,15,15
77121,86,79,7,7
77122,96,87,9,9
77123,107,107,0,0
77124,98,103,-5,5
77125,89,93,-4,4
77126,117,123,-6,6
77127,108,107,1,1
77128,54,56,-2,2
77129,116,115,1,1
77130,111,110,1,1
77131,139,137,2,2
77132,74,74,0,0
77133,117,120,-3,3
77134,106,110,-4,4
77135,158,128,30,30
77136,97,96,1,1
77137,70,70,0,0
77138,106,106,0,0
77139,82,79,3,3
77140,141,122,19,19
77141,132,122,10,10
77142,114,101,13,13
77143,145,131,14,14
77144,56,64,-8,8
77145,109,97,12,12
77146,131,116,15,15
77147,154,117,37,37
77148,73,72,1,1
77149,63,70,-7,7
77150,134,141,-7,7
77151,91,84,7,7
77152,127,115,12,12
77153,42,47,-5,5
77154,101,105,-4,4
77155,52,55,-3,3
77156,143,141,2,2
77157,92,89,3,3
77158,84,86,-2,2
77159,101,111,-10,10
77160,117,114,3,3
77161,85,85,0,0
77162,52,61,-9,9
77163,74,72,2,2
77164,78,70,8,8
77165,64,69,-5,5
77166,90,90,0,0
77167,59,72,-13,13
77168,53,68,-15,15
77169,94,98,-4,4
77170,77,82,-5,5
77171,108,89,19,19
77172,138,124,14,14
77173,83,87,-4,4
77174,150,131,19,19
77175,108,101,7,7
77176,64,73,-9,9
77177,101,111,-10,10
77178,92,87,5,5
77179,150,135,15,15
77180,133,129,4,4
77181,42,54,-12,12
77182,43,55,-12,12
77183,63,63,0,0
77184,82,85,-3,3
77185,56,56,0,0
77186,101,112,-11,11
77187,65,80,-15,15
77188,112,106,6,6
77189,50,56,-6,6
77190,130,120,10,10
77191,88,96,-8,8
77192,74,69,5,5
77193,129,131,-2,2
77194,57,71,-14,14
77195,110,105,5,5
77196,99,102,-3,3
77197,77,75,2,2
77198,117,108,9,9
77199,107,102,5,5
77200,62,62,0,0
77201,75,82,-7,7
77202,97,103,-6,6
77203,54,68,-14,14
77204,80,78,2,2
77205,84,81,3,3
77206,52,55,-3,3
77207,106,104,2,2
77208,99,110,-11,11
77209,92,88,4,4
77210,53,61,-8,8
77211,135,131,4,4
77212,116,99,17,17
77213,96,102,-6,6
77214,116,108,8,8
77215,90,87,3,3
77216,187,149,38,38
77217,55,93,-38,38
77218,48,43,5,5
77219,77,81,-4,4
77220,74,79,-5,5
77221,97,105,-8,8
77222,159,145,14,14
77223,127,117,10,10
77224,83,85,-2,2
77225,67,72,-5,5
77226,103,92,11,11
77227,68,64,4,4
77228,75,73,2,2
77229,88,88,0,0
77230,82,112,-30,30
77231,128,115,13,13
77232,177,155,22,22
77233,140,126,14,14
77234,108,90,18,18
77235,59,58,1,1
77236,97,96,1,1
77237,105,105,0,0
77238,59,61,-2,2
77239,74,76,-2,2
77240,63,63,0,0
77241,53,60,-7,7
77242,67,72,-5,5
77243,88,86,2,2
77244,116,112,4,4
77245,141,136,5,5
77246,123,119,4,4
77247,111,109,2,2
77248,89,89,0,0
77249,112,116,-4,4
77250,118,112,6,6
77251,51,61,-10,10
77252,165,138,27,27
77253,70,77,-7,7
77254,92,83,9,9
77255,156,129,27,27
77256,160,135,25,25
77257,64,68,-4,4
77258,137,131,6,6
77259,93,87,6,6
77260,124,123,1,1
77261,77,80,-3,3
77262,128,125,3,3
77263,79,71,8,8
77264,61,80,-19,19
77265,112,105,7,7
77266,45,52,-7,7
77267,67,68,-1,1
77268,126,122,4,4
77269,92,88,4,4
77270,74,76,-2,2
77271,67,79,-12,12
77272,105,100,5,5
77273,167,157,10,10
77274,131,124,7,7
77275,84,126,-42,42
77276,110,115,-5,5
77277,72,83,-11,11
77278,71,122,-51,51
77279,115,113,2,2
77280,159,145,14,14
77281,82,95,-13,13
77282,100,111,-11,11
77283,70,68,2,2
77284,104,104,0,0
77285,49,52,-3,3
77286,104,105,-1,1
77287,101,105,-4,4
77288,66,77,-11,11
77289,87,88,-1,1
77290,85,95,-10,10
77291,124,129,-5,5
77292,121,108,13,13
77293,97,91,6,6
77294,63,67,-4,4
77295,93,95,-2,2
77296,79,76,3,3
77297,49,51,-2,2
77298,95,94,1,1
77299,76,81,-5,5
77300,133,127,6,6
77301,66,72,-6,6
77302,85,89,-4,4
77303,228,226,2,2
77304,124,125,-1,1
77305,90,84,6,6
77306,95,97,-2,2
77307,54,66,-12,12
77308,82,89,-7,7
77309,155,137,18,18
77310,173,160,13,13
77311,171,147,24,24
77312,42,54,-12,12
77313,141,135,6,6
77314,92,84,8,8
77315,94,89,5,5
77316,82,88,-6,6
77317,132,122,10,10
77318,124,112,12,12
77319,94,90,4,4
77320,60,63,-3,3
77321,58,71,-13,13
77322,102,107,-5,5
77323,112,109,3,3
77324,121,115,6,6
77325,133,133,0,0
77326,54,71,-17,17
77327,105,108,-3,3
77328,82,87,-5,5
77329,104,94,10,10
77330,91,88,3,3
77331,103,108,-5,5
77332,96,104,-8,8
77333,147,153,-6,6
77334,95,96,-1,1
77335,111,117,-6,6
77336,106,106,0,0
77337,59,64,-5,5
77338,77,76,1,1
77339,97,84,13,13
77340,73,62,11,11
77341,105,101,4,4
77342,122,111,11,11
77343,55,70,-15,15
77344,108,106,2,2
77345,59,60,-1,1
77346,124,125,-1,1
77347,116,121,-5,5
77348,100,96,4,4
77349,76,81,-5,5
77350,102,96,6,6
77351,95,103,-8,8
77352,138,129,9,9
77353,119,114,5,5
77354,78,85,-7,7
77355,108,109,-1,1
77356,34,41,-7,7
77357,105,105,0,0
77358,120,110,10,10
77359,91,92,-1,1
77360,103,113,-10,10
77361,75,76,-1,1
77362,176,151,25,25
77363,85,80,5,5
77364,75,77,-2,2
77365,103,103,0,0
77366,81,86,-5,5
77367,105,109,-4,4
77368,50,64,-14,14
77369,118,113,5,5
77370,163,148,15,15
77371,137,126,11,11
77372,167,156,11,11
77373,116,114,2,2
77374,52,65,-13,13
77375,115,104,11,11
77376,188,177,11,11
77377,187,162,25,25
77378,84,82,2,2
77379,124,115,9,9
77380,95,95,0,0
77381,79,91,-12,12
77382,72,70,2,2
77383,68,73,-5,5
77384,116,112,4,4
77385,83,105,-22,22
77386,94,88,6,6
77387,63,70,-7,7
77388,200,183,17,17
77389,61,72,-11,11
77390,148,130,18,18
77391,56,62,-6,6
77392,110,111,-1,1
77393,94,98,-4,4
77394,59,78,-19,19
77395,76,74,2,2
77396,67,78,-11,11
77397,102,104,-2,2
77398,165,141,24,24
77399,79,79,0,0
77400,74,72,2,2
77401,136,124,12,12
77402,116,106,10,10
77403,95,101,-6,6
77404,112,110,2,2
77405,65,74,-9,9
77406,43,48,-5,5
77407,92,89,3,3
77408,48,57,-9,9
77409,75,80,-5,5
77410,118,118,0,0
77411,99,88,11,11
77412,101,96,5,5
77413,41,67,-26,26
77414,78,86,-8,8
77415,129,111,18,18
77416,109,112,-3,3
77417,81,78,3,3
77418,167,149,18,18
77419,55,80,-25,25
77420,202,167,35,35
77421,118,111,7,7
77422,122,119,3,3
77423,67,71,-4,4
77424,67,72,-5,5
77425,54,58,-4,4
77426,54,64,-10,10
77427,89,94,-5,5
77428,107,103,4,4
77429,94,90,4,4
77430,72,70,2,2
77431,127,127,0,0
77432,84,98,-14,14
77433,64,69,-5,5
77434,96,97,-1,1
77435,116,110,6,6
77436,127,122,5,5
77437,128,119,9,9
77438,118,127,-9,9
77439,62,71,-9,9
77440,73,68,5,5
77441,36,40,-4,4
77442,165,137,28,28
77443,100,106,-6,6
77444,65,71,-6,6
77445,75,81,-6,6
77446,75,88,-13,13
77447,97,102,-5,5
77448,93,104,-11,11
77449,57,65,-8,8
77450,59,63,-4,4
77451,85,84,1,1
77452,99,109,-10,10
77453,87,91,-4,4
77454,102,109,-7,7
77455,75,83,-8,8
77456,92,94,-2,2
77457,79,90,-11,11
77458,50,61,-11,11
77459,48,60,-12,12
77460,217,174,43,43
77461,132,118,14,14
77462,101,98,3,3
77463,82,85,-3,3
77464,116,117,-1,1
77465,112,99,13,13
77466,66,79,-13,13
77467,81,90,-9,9
77468,56,63,-7,7
77469,97,90,7,7
77470,84,77,7,7
77471,37,48,-11,11
77472,74,77,-3,3
77473,127,117,10,10
77474,54,60,-6,6
77475,80,80,0,0
77476,57,54,3,3
77477,106,85,21,21
77478,91,92,-1,1
77479,103,104,-1,1
77480,114,99,15,15
77481,131,125,6,6
77482,85,84,1,1
77483,85,88,-3,3
77484,93,95,-2,2
77485,74,65,9,9
77486,88,89,-1,1
77487,52,54,-2,2
77488,41,38,3,3
77489,82,83,-1,1
77490,112,108,4,4
77491,67,63,4,4
77492,69,82,-13,13
77493,150,133,17,17
77494,93,95,-2,2
77495,63,62,1,1
77496,95,84,11,11
77497,46,58,-12,12
77498,72,72,0,0
77499,77,83,-6,6
77500,87,90,-3,3
77501,121,119,2,2
77502,149,134,15,15
77503,82,75,7,7
77504,57,59,-2,2
77505,127,112,15,15
77506,103,93,10,10
77507,96,90,6,6
77508,82,78,4,4
77509,161,146,15,15
77510,133,127,6,6
77511,73,74,-1,1
77512,71,66,5,5
77513,168,152,16,16
77514,137,130,7,7
77515,72,76,-4,4
77516,77,80,-3,3
77517,114,115,-1,1
77518,115,110,5,5
77519,70,66,4,4
77520,78,85,-7,7
77521,118,119,-1,1
77522,88,88,0,0
77523,81,78,3,3
77524,118,118,0,0
77525,60,56,4,4
77526,98,97,1,1
77527,99,87,12,12
77528,55,58,-3,3
77529,100,96,4,4
77530,75,80,-5,5
77531,77,76,1,1
77532,139,136,3,3
77533,99,90,9,9
77534,106,109,-3,3
77535,92,101,-9,9
77536,87,87,0,0
77537,55,66,-11,11
77538,89,99,-10,10
77539,106,112,-6,6
77540,161,147,14,14
77541,72,75,-3,3
77542,119,103,16,16
77543,90,86,4,4
77544,110,105,5,5
77545,51,62,-11,11
77546,63,72,-9,9
77547,42,50,-8,8
77548,85,81,4,4
77549,144,133,11,11
77550,69,78,-9,9
77551,43,52,-9,9
77552,94,101,-7,7
77553,178,176,2,2
77554,80,80,0,0
77555,65,68,-3,3
77556,62,68,-6,6
77557,62,65,-3,3
77558,144,140,4,4
77559,102,99,3,3
77560,104,102,2,2
77561,45,57,-12,12
77562,57,60,-3,3
77563,132,107,25,25
77564,105,97,8,8
77565,99,100,-1,1
77566,60,72,-12,12
77567,72,79,-7,7
77568,122,123,-1,1
77569,141,132,9,9
77570,94,90,4,4
77571,89,97,-8,8
77572,43,55,-12,12
77573,160,144,16,16
77574,84,77,7,7
77575,84,81,3,3
77576,90,93,-3,3
77577,68,72,-4,4
77578,189,168,21,21
77579,77,88,-11,11
77580,59,65,-6,6
77581,139,135,4,4
77582,98,98,0,0
77583,147,131,16,16
77584,158,126,32,32
77585,97,95,2,2
77586,109,110,-1,1
77587,112,106,6,6
77588,74,77,-3,3
77589,155,135,20,20
77590,75,76,-1,1
77591,129,115,14,14
77592,189,175,14,14
77593,98,101,-3,3
77594,68,73,-5,5
77595,100,101,-1,1
77596,136,118,18,18
77597,144,135,9,9
77598,123,123,0,0
77599,60,63,-3,3
77600,131,120,11,11
77601,74,83,-9,9
77602,148,115,33,33
77603,112,103,9,9
77604,60,71,-11,11
77605,89,85,4,4
77606,83,90,-7,7
77607,100,90,10,10
77608,70,75,-5,5
77609,119,123,-4,4
77610,52,62,-10,10
77611,72,76,-4,4
77612,127,122,5,5
77613,82,86,-4,4
77614,65,66,-1,1
77615,75,72,3,3
77616,65,67,-2,2
77617,80,96,-16,16
77618,95,119,-24,24
77619,74,81,-7,7
77620,107,107,0,0
77621,63,67,-4,4
77622,117,112,5,5
77623,83,74,9,9
77624,74,73,1,1
77625,56,55,1,1
77626,143,141,2,2
77627,61,72,-11,11
77628,92,96,-4,4
77629,147,152,-5,5
77630,68,81,-13,13
77631,95,93,2,2
77632,80,87,-7,7
77633,129,115,14,14
77634,133,143,-10,10
77635,47,52,-5,5
77636,65,63,2,2
77637,85,83,2,2
77638,100,94,6,6
77639,113,106,7,7
77640,104,97,7,7
77641,70,71,-1,1
77642,16,28,-12,12
77643,102,96,6,6
77644,125,107,18,18
77645,83,85,-2,2
77646,114,98,16,16
77647,150,143,7,7
77648,164,143,21,21
77649,97,95,2,2
77650,71,71,0,0
77651,78,79,-1,1
77652,128,123,5,5
77653,111,104,7,7
77654,78,74,4,4
77655,83,84,-1,1
77656,84,79,5,5
77657,81,83,-2,2
77658,103,112,-9,9
77659,91,95,-4,4
77660,79,80,-1,1
77661,84,85,-1,1
77662,143,117,26,26
77663,97,95,2,2
77664,85,84,1,1
77665,120,107,13,13
77666,88,100,-12,12
77667,114,100,14,14
77668,116,109,7,7
77669,72,85,-13,13
77670,101,96,5,5
77671,129,124,5,5
77672,119,108,11,11
77673,86,88,-2,2
77674,75,80,-5,5
77675,76,74,2,2
77676,84,76,8,8
77677,75,81,-6,6
77678,124,113,11,11
77679,177,177,0,0
77680,75,76,-1,1
77681,117,114,3,3
77682,99,130,-31,31
77683,50,54,-4,4
77684,70,82,-12,12
77685,115,112,3,3
77686,60,66,-6,6
77687,96,91,5,5
77688,142,134,8,8
77689,87,82,5,5
77690,112,112,0,0
77691,116,103,13,13
77692,56,62,-6,6
77693,158,151,7,7
77694,188,170,18,18
77695,181,156,25,25
77696,104,88,16,16
77697,159,148,11,11
77698,122,125,-3,3
77699,69,76,-7,7
77700,105,97,8,8
77701,84,90,-6,6
77702,80,82,-2,2
77703,62,62,0,0
77704,75,77,-2,2
77705,72,82,-10,10
77706,86,83,3,3
77707,99,111,-12,12
77708,59,67,-8,8
77709,104,92,12,12
77710,78,79,-1,1
77711,97,100,-3,3
77712,129,120,9,9
77713,64,76,-12,12
77714,105,99,6,6
77715,93,88,5,5
77716,92,91,1,1
77717,40,48,-8,8
77718,98,104,-6,6
77719,132,132,0,0
77720,67,75,-8,8
77721,51,83,-32,32
77722,81,94,-13,13
77723,142,140,2,2
77724,145,132,13,13
77725,72,73,-1,1
77726,102,99,3,3
77727,87,84,3,3
77728,111,105,6,6
77729,80,79,1,1
77730,85,85,0,0
77731,144,128,16,16
77732,66,77,-11,11
77733,98,93,5,5
77734,91,90,1,1
77735,61,70,-9,9
77736,46,61,-15,15
77737,89,101,-12,12
77738,105,94,11,11
77739,102,93,9,9
77740,100,97,3,3
77741,58,68,-10,10
77742,116,116,0,0
77743,73,81,-8,8
77744,96,94,2,2
77745,89,87,2,2
77746,79,84,-5,5
77747,74,79,-5,5
77748,100,87,13,13
77749,35,55,-20,20
77750,49,57,-8,8
77751,79,75,4,4
77752,102,90,12,12
77753,104,84,20,20
77754,198,167,31,31
77755,136,122,14,14
77756,62,75,-13,13
77757,100,102,-2,2
77758,89,87,2,2
77759,131,124,7,7
77760,82,84,-2,2
77761,157,141,16,16
77762,71,75,-4,4
77763,54,59,-5,5
77764,115,116,-1,1
77765,80,81,-1,1
77766,69,70,-1,1
77767,80,74,6,6
77768,89,89,0,0
77769,91,90,1,1
77770,171,142,29,29
77771,86,80,6,6
77772,120,117,3,3
77773,72,75,-3,3
77774,67,68,-1,1
77775,122,135,-13,13
77776,71,80,-9,9
77777,119,113,6,6
77778,80,83,-3,3
77779,110,101,9,9
77780,47,51,-4,4
77781,193,162,31,31
77782,80,81,-1,1
77783,52,59,-7,7
77784,61,68,-7,7
77785,90,87,3,3
77786,85,84,1,1
77787,74,76,-2,2
77788,85,87,-2,2
77789,125,140,-15,15
77790,150,133,17,17
77791,89,88,1,1
77792,93,92,1,1
77793,131,128,3,3
77794,66,75,-9,9
77795,78,73,5,5
77796,151,143,8,8
77797,91,91,0,0
77798,75,85,-10,10
77799,39,40,-1,1
77800,54,55,-1,1
77801,106,99,7,7
77802,128,127,1,1
77803,49,65,-16,16
77804,124,117,7,7
77805,76,79,-3,3
77806,89,87,2,2
77807,48,46,2,2
77808,135,146,-11,11
77809,108,110,-2,2
77810,113,101,12,12
77811,97,103,-6,6
77812,155,146,9,9
77813,154,135,19,19
77814,118,104,14,14
77815,87,85,2,2
77816,56,63,-7,7
77817,56,77,-21,21
77818,70,79,-9,9
77819,45,55,-10,10
77820,49,77,-28,28
77821,91,85,6,6
77822,76,73,3,3
77823,81,103,-22,22
77824,121,120,1,1
77825,109,105,4,4
77826,72,81,-9,9
77827,75,79,-4,4
77828,35,50,-15,15
77829,90,93,-3,3
77830,132,126,6,6
77831,140,139,1,1
77832,75,81,-6,6
77833,76,76,0,0
77834,111,128,-17,17
77835,92,100,-8,8
77836,120,128,-8,8
77837,119,113,6,6
77838,78,87,-9,9
77839,86,83,3,3
77840,60,70,-10,10
77841,158,141,17,17
77842,94,90,4,4
77843,126,119,7,7
77844,112,99,13,13
77845,112,104,8,8
77846,73,79,-6,6
77847,94,97,-3,3
77848,133,123,10,10
77849,70,71,-1,1
77850,83,79,4,4
77851,117,117,0,0
77852,104,99,5,5
77853,109,106,3,3
77854,173,145,28,28
77855,55,70,-15,15
77856,46,56,-10,10
77857,36,46,-10,10
77858,76,79,-3,3
77859,136,126,10,10
77860,102,101,1,1
77861,110,106,4,4
77862,94,90,4,4
77863,80,81,-1,1
77864,149,134,15,15
77865,249,213,36,36
77866,150,147,3,3
77867,49,64,-15,15
77868,58,64,-6,6
77869,54,56,-2,2
77870,83,75,8,8
77871,119,104,15,15
77872,58,63,-5,5
77873,123,111,12,12
77874,125,115,10,10
77875,115,118,-3,3
77876,74,89,-15,15
77877,71,71,0,0
77878,162,136,26,26
77879,96,96,0,0
77880,63,67,-4,4
77881,87,91,-4,4
77882,74,66,8,8
77883,70,89,-19,19
77884,114,115,-1,1
77885,72,75,-3,3
77886,58,69,-11,11
77887,117,105,12,12
77888,77,100,-23,23
77889,57,73,-16,16
77890,142,130,12,12
77891,57,70,-13,13
77892,77,79,-2,2
77893,100,116,-16,16
77894,92,108,-16,16
77895,53,67,-14,14
77896,98,89,9,9
77897,96,100,-4,4
77898,67,68,-1,1
77899,69,73,-4,4
77900,108,105,3,3
77901,97,90,7,7
77902,75,76,-1,1
77903,97,101,-4,4
77904,127,115,12,12
77905,87,83,4,4
77906,86,86,0,0
77907,84,77,7,7
77908,86,88,-2,2
77909,88,85,3,3
77910,97,95,2,2
77911,86,86,0,0
77912,79,88,-9,9
77913,183,166,17,17
77914,97,99,-2,2
77915,136,126,10,10
77916,78,77,1,1
77917,128,126,2,2
77918,116,108,8,8
77919,167,151,16,16
77920,143,139,4,4
77921,72,77,-5,5
77922,101,101,0,0
77923,89,91,-2,2
77924,63,61,2,2
77925,136,124,12,12
77926,129,124,5,5
77927,77,79,-2,2
77928,70,80,-10,10
77929,114,106,8,8
77930,100,109,-9,9
77931,133,122,11,11
77932,130,127,3,3
77933,64,67,-3,3
77934,105,98,7,7
77935,171,147,24,24
77936,120,112,8,8
77937,95,96,-1,1
77938,72,77,-5,5
77939,75,70,5,5
77940,110,100,10,10
77941,119,108,11,11
77942,184,162,22,22
77943,132,124,8,8
77944,128,130,-2,2
77945,78,95,-17,17
77946,124,117,7,7
77947,123,122,1,1
77948,105,93,12,12
77949,51,66,-15,15
77950,89,100,-11,11
77951,58,65,-7,7
77952,112,106,6,6
77953,97,93,4,4
77954,95,97,-2,2
77955,79,81,-2,2
77956,85,87,-2,2
77957,135,119,16,16
77958,127,131,-4,4
77959,95,85,10,10
77960,141,143,-2,2
77961,76,79,-3,3
77962,63,69,-6,6
77963,106,103,3,3
77964,95,89,6,6
77965,91,91,0,0
77966,147,138,9,9
77967,124,111,13,13
77968,88,79,9,9
77969,70,76,-6,6
77970,80,93,-13,13
77971,41,51,-10,10
77972,59,63,-4,4
77973,97,106,-9,9
77974,61,66,-5,5
77975,148,127,21,21
77976,106,97,9,9
77977,102,111,-9,9
77978,66,72,-6,6
77979,75,73,2,2
77980,98,93,5,5
77981,58,60,-2,2
77982,59,63,-4,4
77983,53,58,-5,5
77984,53,78,-25,25
77985,121,104,17,17
77986,101,87,14,14
77987,145,127,18,18
77988,57,64,-7,7
77989,74,75,-1,1
77990,65,69,-4,4
77991,79,89,-10,10
77992,117,112,5,5
77993,65,68,-3,3
77994,64,73,-9,9
77995,81,79,2,2
77996,125,106,19,19
77997,67,71,-4,4
77998,69,74,-5,5
77999,59,58,1,1
78000,126,116,10,10
78001,106,105,1,1
78002,63,68,-5,5
78003,89,98,-9,9
78004,120,98,22,22
78005,97,97,0,0
78006,70,72,-2,2
78007,116,118,-2,2
78008,77,70,7,7
78009,49,60,-11,11
78010,71,70,1,1
78011,64,76,-12,12
78012,72,69,3,3
78013,128,110,18,18
78014,98,94,4,4
78015,66,69,-3,3
78016,112,113,-1,1
78017,51,57,-6,6
78018,85,83,2,2
78019,100,90,10,10
78020,92,88,4,4
78021,111,110,1,1
78022,100,114,-14,14
78023,96,93,3,3
78024,166,145,21,21
78025,137,139,-2,2
78026,72,71,1,1
78027,115,115,0,0
78028,88,86,2,2
78029,91,90,1,1
78030,103,106,-3,3
78031,47,58,-11,11
78032,86,91,-5,5
78033,136,122,14,14
78034,157,147,10,10
78035,124,120,4,4
78036,137,132,5,5
78037,101,101,0,0
78038,74,69,5,5
78039,85,77,8,8
78040,45,45,0,0
78041,168,150,18,18
78042,115,100,15,15
78043,116,129,-13,13
78044,84,91,-7,7
78045,102,102,0,0
78046,59,77,-18,18
78047,106,111,-5,5
78048,60,74,-14,14
78049,123,112,11,11
78050,85,76,9,9
78051,60,71,-11,11
78052,82,73,9,9
78053,160,139,21,21
78054,82,86,-4,4
78055,83,87,-4,4
78056,73,80,-7,7
78057,113,117,-4,4
78058,95,86,9,9
78059,100,96,4,4
78060,40,50,-10,10
78061,80,85,-5,5
78062,110,103,7,7
78063,144,138,6,6
78064,115,103,12,12
78065,64,78,-14,14
78066,119,109,10,10
78067,102,103,-1,1
78068,159,134,25,25
78069,104,98,6,6
78070,91,89,2,2
78071,133,128,5,5
78072,98,95,3,3
78073,96,104,-8,8
78074,134,122,12,12
78075,160,144,16,16
78076,59,75,-16,16
78077,74,80,-6,6
78078,106,96,10,10
78079,64,66,-2,2
78080,90,98,-8,8
78081,67,69,-2,2
78082,100,101,-1,1
78083,68,73,-5,5
78084,159,144,15,15
78085,87,88,-1,1
78086,123,130,-7,7
78087,78,80,-2,2
78088,95,88,7,7
78089,56,77,-21,21
78090,102,103,-1,1
78091,108,94,14,14
78092,73,72,1,1
78093,111,109,2,2
78094,137,131,6,6
78095,84,89,-5,5
78096,89,83,6,6
78097,70,81,-11,11
78098,78,84,-6,6
78099,152,141,11,11
78100,81,82,-1,1
78101,49,55,-6,6
78102,69,75,-6,6
78103,102,90,12,12
78104,62,71,-9,9
78105,91,89,2,2
78106,72,55,17,17
78107,47,49,-2,2
78108,184,152,32,32
78109,103,92,11,11
78110,69,76,-7,7
78111,51,63,-12,12
78112,120,127,-7,7
78113,105,87,18,18
78114,46,59,-13,13
78115,75,77,-2,2
78116,71,73,-2,2
78117,45,60,-15,15
78118,80,87,-7,7
78119,79,88,-9,9
78120,78,81,-3,3
78121,62,74,-12,12
78122,86,83,3,3
78123,122,120,2,2
78124,101,94,7,7
78125,72,77,-5,5
78126,141,133,8,8
78127,69,76,-7,7
78128,93,88,5,5
78129,55,56,-1,1
78130,121,113,8,8
78131,105,108,-3,3
78132,99,87,12,12
78133,195,163,32,32
78134,76,78,-2,2
78135,124,112,12,12
78136,100,86,14,14
78137,152,145,7,7
78138,108,102,6,6
78139,49,57,-8,8
78140,176,153,23,23
78141,104,183,-79,79
78142,81,71,10,10
78143,97,94,3,3
78144,58,60,-2,2
78145,110,104,6,6
78146,55,67,-12,12
78147,69,71,-2,2
78148,107,129,-22,22
78149,71,71,0,0
78150,88,89,-1,1
78151,43,59,-16,16
78152,117,115,2,2
78153,81,70,11,11
78154,75,83,-8,8
78155,108,104,4,4
78156,63,69,-6,6
78157,74,81,-7,7
78158,68,75,-7,7
78159,62,65,-3,3
78160,52,54,-2,2
78161,78,86,-8,8
78162,108,113,-5,5
78163,188,157,31,31
78164,61,69,-8,8
78165,77,78,-1,1
78166,97,92,5,5
78167,67,54,13,13
78168,77,103,-26,26
78169,91,93,-2,2
78170,69,76,-7,7
78171,131,129,2,2
78172,56,60,-4,4
78173,49,62,-13,13
78174,126,121,5,5
78175,114,108,6,6
78176,90,90,0,0
78177,75,87,-12,12
78178,83,74,9,9
78179,92,97,-5,5
78180,83,86,-3,3
78181,89,80,9,9
78182,85,85,0,0
78183,70,72,-2,2
78184,108,103,5,5
78185,71,75,-4,4
78186,68,66,2,2
78187,70,77,-7,7
78188,107,109,-2,2
78189,58,66,-8,8
78190,51,58,-7,7
78191,55,68,-13,13
78192,161,152,9,9
78193,46,64,-18,18
78194,92,90,2,2
78195,154,144,10,10
78196,83,87,-4,4
78197,128,122,6,6
78198,73,78,-5,5
78199,87,84,3,3
78200,122,110,12,12
78201,108,92,16,16
78202,76,92,-16,16
78203,59,71,-12,12
78204,83,88,-5,5
78205,92,94,-2,2
78206,96,98,-2,2
78207,105,95,10,10
78208,58,69,-11,11
78209,81,79,2,2
78210,110,101,9,9
78211,44,57,-13,13
78212,81,79,2,2
78213,63,74,-11,11
78214,78,81,-3,3
78215,68,77,-9,9
78216,120,122,-2,2
78217,181,159,22,22
78218,141,132,9,9
78219,178,157,21,21
78220,64,66,-2,2
78221,72,77,-5,5
78222,45,44,1,1
78223,143,125,18,18
78224,145,129,16,16
78225,111,108,3,3
78226,86,85,1,1
78227,125,128,-3,3
78228,79,85,-6,6
78229,67,76,-9,9
78230,173,154,19,19
78231,81,85,-4,4
78232,88,95,-7,7
78233,63,71,-8,8
78234,66,88,-22,22
78235,96,90,6,6
78236,100,84,16,16
78237,57,58,-1,1
78238,125,111,14,14
78239,156,142,14,14
78240,125,118,7,7
78241,133,125,8,8
78242,66,70,-4,4
78243,159,155,4,4
78244,44,67,-23,23
78245,67,66,1,1
78246,105,101,4,4
78247,77,77,0,0
78248,64,76,-12,12
78249,62,86,-24,24
78250,69,71,-2,2
78251,163,147,16,16
78252,62,69,-7,7
78253,50,57,-7,7
78254,100,99,1,1
78255,108,99,9,9
78256,70,74,-4,4
78257,97,93,4,4
78258,83,80,3,3
78259,137,136,1,1
78260,70,71,-1,1
78261,122,101,21,21
78262,79,85,-6,6
78263,52,76,-24,24
78264,86,93,-7,7
78265,93,88,5,5
78266,93,107,-14,14
78267,62,68,-6,6
78268,109,95,14,14
78269,107,107,0,0
78270,83,84,-1,1
78271,57,64,-7,7
78272,61,72,-11,11
78273,43,54,-11,11
78274,156,132,24,24
78275,102,96,6,6
78276,56,71,-15,15
78277,199,177,22,22
78278,103,104,-1,1
78279,77,79,-2,2
78280,147,150,-3,3
78281,99,110,-11,11
78282,74,105,-31,31
78283,71,69,2,2
78284,142,135,7,7
78285,72,69,3,3
78286,28,29,-1,1
78287,99,105,-6,6
78288,145,149,-4,4
78289,51,56,-5,5
78290,132,130,2,2
78291,102,103,-1,1
78292,69,75,-6,6
78293,142,132,10,10
78294,52,55,-3,3
78295,87,92,-5,5
78296,122,121,1,1
78297,93,101,-8,8
78298,85,88,-3,3
78299,101,95,6,6
78300,88,91,-3,3
78301,64,65,-1,1
78302,131,124,7,7
78303,91,91,0,0
78304,174,150,24,24
78305,50,58,-8,8
78306,78,86,-8,8
78307,76,83,-7,7
78308,118,112,6,6
78309,56,65,-9,9
78310,53,56,-3,3
78311,98,104,-6,6
78312,119,121,-2,2
78313,133,125,8,8
78314,66,69,-3,3
78315,117,118,-1,1
78316,94,91,3,3
78317,79,85,-6,6
78318,114,111,3,3
78319,96,88,8,8
78320,81,83,-2,2
78321,83,86,-3,3
78322,74,82,-8,8
78323,89,90,-1,1
78324,73,82,-9,9
78325,160,148,12,12
78326,120,111,9,9
78327,52,53,-1,1
78328,127,125,2,2
78329,93,89,4,4
78330,108,116,-8,8
78331,95,95,0,0
78332,75,77,-2,2
78333,124,109,15,15
78334,90,90,0,0
78335,101,106,-5,5
78336,44,53,-9,9
78337,113,107,6,6
78338,64,76,-12,12
78339,135,126,9,9
78340,147,131,16,16
78341,112,114,-2,2
78342,63,67,-4,4
78343,91,102,-11,11
78344,93,77,16,16
78345,116,109,7,7
78346,124,127,-3,3
78347,127,123,4,4
78348,114,116,-2,2
78349,137,114,23,23
78350,56,65,-9,9
78351,54,60,-6,6
78352,78,85,-7,7
78353,71,76,-5,5
78354,72,77,-5,5
78355,67,77,-10,10
78356,48,54,-6,6
78357,115,129,-14,14
78358,53,60,-7,7
78359,95,95,0,0
78360,56,75,-19,19
78361,45,39,6,6
78362,209,184,25,25
78363,85,95,-10,10
78364,80,80,0,0
78365,139,139,0,0
78366,64,69,-5,5
78367,83,88,-5,5
78368,121,113,8,8
78369,102,110,-8,8
78370,94,90,4,4
78371,119,110,9,9
78372,59,67,-8,8
78373,61,89,-28,28
78374,74,74,0,0
78375,76,78,-2,2
78376,91,92,-1,1
78377,132,115,17,17
78378,54,64,-10,10
78379,74,76,-2,2
78380,96,89,7,7
78381,60,71,-11,11
78382,91,97,-6,6
78383,102,102,0,0
78384,131,127,4,4
78385,95,91,4,4
78386,35,37,-2,2
78387,70,81,-11,11
78388,115,104,11,11
78389,63,68,-5,5
78390,70,81,-11,11
78391,73,75,-2,2
78392,79,84,-5,5
78393,114,114,0,0
78394,75,90,-15,15
78395,103,99,4,4
78396,111,106,5,5
78397,110,113,-3,3
78398,55,57,-2,2
78399,89,92,-3,3
78400,53,70,-17,17
78401,114,102,12,12
78402,104,107,-3,3
78403,45,53,-8,8
78404,122,115,7,7
78405,72,77,-5,5
78406,140,128,12,12
78407,132,118,14,14
78408,127,151,-24,24
78409,133,124,9,9
78410,66,70,-4,4
78411,99,98,1,1
78412,112,109,3,3
78413,104,89,15,15
78414,143,134,9,9
78415,107,100,7,7
78416,122,118,4,4
78417,166,153,13,13
78418,169,156,13,13
78419,165,158,7,7
78420,147,124,23,23
78421,63,66,-3,3
78422,71,79,-8,8
78423,59,59,0,0
78424,127,127,0,0
78425,168,149,19,19
78426,43,53,-10,10
78427,103,96,7,7
78428,109,101,8,8
78429,99,104,-5,5
78430,71,76,-5,5
78431,94,94,0,0
78432,104,101,3,3
78433,96,101,-5,5
78434,85,80,5,5
78435,122,104,18,18
78436,85,87,-2,2
78437,49,58,-9,9
78438,44,71,-27,27
78439,65,67,-2,2
78440,78,82,-4,4
78441,117,112,5,5
78442,103,94,9,9
78443,106,90,16,16
78444,97,102,-5,5
78445,167,170,-3,3
78446,50,57,-7,7
78447,134,121,13,13
78448,100,107,-7,7
78449,81,82,-1,1
78450,108,110,-2,2
78451,55,63,-8,8
78452,82,88,-6,6
78453,94,108,-14,14
78454,94,87,7,7
78455,61,66,-5,5
78456,141,133,8,8
78457,79,81,-2,2
78458,71,84,-13,13
78459,48,60,-12,12
78460,140,134,6,6
78461,70,78,-8,8
78462,63,65,-2,2
78463,137,122,15,15
78464,40,45,-5,5
78465,103,99,4,4
78466,67,78,-11,11
78467,82,80,2,2
78468,119,121,-2,2
78469,131,124,7,7
78470,77,91,-14,14
78471,98,90,8,8
78472,148,147,1,1
78473,91,90,1,1
78474,95,99,-4,4
78475,60,64,-4,4
78476,72,75,-3,3
78477,123,115,8,8
78478,68,73,-5,5
78479,124,119,5,5
78480,128,125,3,3
78481,114,116,-2,2
78482,90,88,2,2
78483,108,108,0,0
78484,114,106,8,8
78485,33,54,-21,21
78486,95,97,-2,2
78487,113,108,5,5
78488,57,62,-5,5
78489,71,70,1,1
78490,110,96,14,14
78491,67,76,-9,9
78492,59,65,-6,6
78493,105,103,2,2
78494,132,118,14,14
78495,93,101,-8,8
78496,90,95,-5,5
78497,134,119,15,15
78498,32,43,-11,11
78499,108,140,-32,32
78500,81,76,5,5
78501,94,94,0,0
78502,116,120,-4,4
78503,131,125,6,6
78504,63,74,-11,11
78505,96,94,2,2
78506,71,65,6,6
78507,71,69,2,2
78508,79,86,-7,7
78509,115,109,6,6
78510,48,73,-25,25
78511,85,83,2,2
78512,113,105,8,8
78513,89,94,-5,5
78514,131,125,6,6
78515,91,95,-4,4
78516,72,72,0,0
78517,169,147,22,22
78518,133,131,2,2
78519,176,153,23,23
78520,118,119,-1,1
78521,71,82,-11,11
78522,65,76,-11,11
78523,144,120,24,24
78524,72,85,-13,13
78525,70,79,-9,9
78526,70,76,-6,6
78527,117,105,12,12
78528,97,96,1,1
78529,57,64,-7,7
78530,61,84,-23,23
78531,80,83,-3,3
78532,92,88,4,4
78533,85,92,-7,7
78534,125,109,16,16
78535,90,100,-10,10
78536,80,77,3,3
78537,71,80,-9,9
78538,149,132,17,17
78539,69,67,2,2
78540,104,99,5,5
78541,95,93,2,2
78542,129,108,21,21
78543,144,116,28,28
78544,61,66,-5,5
78545,130,117,13,13
78546,144,128,16,16
78547,39,48,-9,9
78548,114,110,4,4
78549,48,54,-6,6
78550,94,87,7,7
78551,92,88,4,4
78552,101,89,12,12
78553,79,87,-8,8
78554,113,102,11,11
78555,69,77,-8,8
78556,41,50,-9,9
78557,69,80,-11,11
78558,108,105,3,3
78559,66,71,-5,5
78560,93,83,10,10
78561,86,81,5,5
78562,79,77,2,2
78563,80,85,-5,5
78564,87,81,6,6
78565,179,155,24,24
78566,67,67,0,0
78567,71,81,-10,10
78568,86,80,6,6
78569,92,98,-6,6
78570,109,108,1,1
78571,45,62,-17,17
78572,84,83,1,1
78573,158,146,12,12
78574,92,86,6,6
78575,75,76,-1,1
78576,84,84,0,0
78577,65,78,-13,13
78578,104,93,11,11
78579,44,51,-7,7
78580,198,157,41,41
78581,124,114,10,10
78582,134,118,16,16
78583,122,108,14,14
78584,77,78,-1,1
78585,103,97,6,6
78586,98,90,8,8
78587,59,61,-2,2
78588,87,73,14,14
78589,74,72,2,2
78590,67,77,-10,10
78591,85,87,-2,2
78592,79,77,2,2
78593,96,98,-2,2
78594,121,118,3,3
78595,98,107,-9,9
78596,145,127,18,18
78597,110,105,5,5
78598,144,141,3,3
78599,85,84,1,1
78600,114,120,-6,6
78601,95,94,1,1
78602,51,67,-16,16
78603,97,89,8,8
78604,81,75,6,6
78605,81,82,-1,1
78606,85,85,0,0
78607,154,146,8,8
78608,125,121,4,4
78609,97,103,-6,6
78610,161,142,19,19
78611,144,124,20,20
78612,127,115,12,12
78613,88,87,1,1
78614,180,161,19,19
78615,90,96,-6,6
78616,66,78,-12,12
78617,95,89,6,6
78618,94,101,-7,7
78619,75,80,-5,5
78620,65,78,-13,13
78621,111,117,-6,6
78622,67,67,0,0
78623,86,93,-7,7
78624,141,125,16,16
78625,102,101,1,1
78626,142,141,1,1
78627,188,176,12,12
78628,62,57,5,5
78629,104,109,-5,5
78630,63,65,-2,2
78631,100,93,7,7
78632,148,135,13,13
78633,103,104,-1,1
78634,122,125,-3,3
78635,69,73,-4,4
78636,89,87,2,2
78637,113,93,20,20
78638,135,128,7,7
78639,158,138,20,20
78640,74,73,1,1
78641,54,59,-5,5
78642,106,103,3,3
78643,56,87,-31,31
78644,113,107,6,6
78645,95,88,7,7
78646,134,129,5,5
78647,73,78,-5,5
78648,51,58,-7,7
78649,50,48,2,2
78650,33,32,1,1
78651,130,116,14,14
78652,111,117,-6,6
78653,58,63,-5,5
78654,103,99,4,4
78655,136,134,2,2
78656,99,99,0,0
78657,99,94,5,5
78658,116,106,10,10
78659,149,136,13,13
78660,69,77,-8,8
78661,81,92,-11,11
78662,57,64,-7,7
78663,85,83,2,2
78664,78,96,-18,18
78665,94,93,1,1
78666,112,106,6,6
78667,141,116,25,25
78668,133,117,16,16
78669,85,95,-10,10
78670,100,103,-3,3
78671,62,62,0,0
78672,121,115,6,6
78673,54,63,-9,9
78674,154,143,11,11
78675,142,123,19,19
78676,104,115,-11,11
78677,103,99,4,4
78678,70,70,0,0
78679,118,113,5,5
78680,115,111,4,4
78681,145,137,8,8
78682,106,108,-2,2
78683,114,111,3,3
78684,87,85,2,2
78685,155,132,23,23
78686,142,127,15,15
78687,132,120,12,12
78688,94,93,1,1
78689,142,134,8,8
78690,150,139,11,11
78691,53,67,-14,14
78692,94,88,6,6
78693,85,96,-11,11
78694,62,72,-10,10
78695,53,55,-2,2
78696,81,90,-9,9
78697,175,160,15,15
78698,55,56,-1,1
78699,72,88,-16,16
78700,93,89,4,4
78701,73,85,-12,12
78702,47,62,-15,15
78703,67,74,-7,7
78704,117,108,9,9
78705,104,103,1,1
78706,76,78,-2,2
78707,99,86,13,13
78708,131,117,14,14
78709,84,93,-9,9
78710,105,113,-8,8
78711,157,134,23,23
78712,111,117,-6,6
78713,91,91,0,0
78714,74,86,-12,12
78715,79,81,-2,2
78716,103,95,8,8
78717,119,109,10,10
78718,163,145,18,18
78719,69,74,-5,5
78720,112,106,6,6
78721,55,67,-12,12
78722,97,102,-5,5
78723,99,89,10,10
78724,58,69,-11,11
78725,125,109,16,16
78726,88,81,7,7
78727,81,85,-4,4
78728,158,152,6,6
78729,55,72,-17,17
78730,114,118,-4,4
78731,95,95,0,0
78732,87,104,-17,17
78733,139,118,21,21
78734,79,78,1,1
78735,75,72,3,3
78736,56,65,-9,9
78737,113,132,-19,19
78738,148,131,17,17
78739,160,138,22,22
78740,97,96,1,1
78741,88,89,-1,1
78742,89,85,4,4
78743,101,97,4,4
78744,53,61,-8,8
78745,97,107,-10,10
78746,67,71,-4,4
78747,117,106,11,11
78748,72,69,3,3
78749,40,54,-14,14
78750,48,53,-5,5
78751,88,84,4,4
78752,95,84,11,11
78753,132,120,12,12
78754,63,65,-2,2
78755,95,93,2,2
78756,84,86,-2,2
78757,33,41,-8,8
78758,70,75,-5,5
78759,154,144,10,10
78760,163,147,16,16
78761,175,151,24,24
78762,92,87,5,5
78763,150,140,10,10
78764,67,73,-6,6
78765,127,124,3,3
78766,131,119,12,12
78767,194,163,31,31
78768,113,107,6,6
78769,106,99,7,7
78770,88,84,4,4
78771,75,76,-1,1
78772,56,76,-20,20
78773,86,100,-14,14
78774,66,70,-4,4
78775,171,154,17,17
78776,127,119,8,8
78777,110,108,2,2
78778,93,94,-1,1
78779,89,88,1,1
78780,72,85,-13,13
78781,98,88,10,10
78782,77,80,-3,3
78783,93,90,3,3
78784,112,97,15,15
78785,68,71,-3,3
78786,104,113,-9,9
78787,78,78,0,0
78788,69,81,-12,12
78789,48,53,-5,5
78790,65,76,-11,11
78791,109,109,0,0
78792,90,104,-14,14
78793,141,132,9,9
78794,100,103,-3,3
78795,133,131,2,2
78796,110,102,8,8
78797,54,57,-3,3
78798,71,73,-2,2
78799,144,135,9,9
78800,57,70,-13,13
78801,88,90,-2,2
78802,107,96,11,11
78803,128,120,8,8
78804,93,96,-3,3
78805,136,134,2,2
78806,107,94,13,13
78807,151,134,17,17
78808,114,108,6,6
78809,67,72,-5,5
78810,94,92,2,2
78811,90,82,8,8
78812,105,96,9,9
78813,132,118,14,14
78814,90,86,4,4
78815,120,126,-6,6
78816,91,103,-12,12
78817,155,146,9,9
78818,62,65,-3,3
78819,109,102,7,7
78820,100,104,-4,4
78821,160,136,24,24
78822,96,97,-1,1
78823,104,110,-6,6
78824,93,92,1,1
78825,72,73,-1,1
78826,59,78,-19,19
78827,74,73,1,1
78828,83,76,7,7
78829,92,88,4,4
78830,100,107,-7,7
78831,87,86,1,1
78832,122,120,2,2
78833,78,76,2,2
78834,79,76,3,3
78835,138,120,18,18
78836,158,141,17,17
78837,75,80,-5,5
78838,100,95,5,5
78839,134,118,16,16
78840,138,144,-6,6
78841,82,90,-8,8
78842,52,56,-4,4
78843,74,78,-4,4
78844,60,63,-3,3
78845,49,56,-7,7
78846,45,54,-9,9
78847,83,81,2,2
78848,55,68,-13,13
78849,74,73,1,1
78850,96,90,6,6
78851,71,79,-8,8
78852,73,72,1,1
78853,104,114,-10,10
78854,57,60,-3,3
78855,79,80,-1,1
78856,109,110,-1,1
78857,65,69,-4,4
78858,129,134,-5,5
78859,75,78,-3,3
78860,209,176,33,33
78861,102,97,5,5
78862,102,107,-5,5
78863,142,124,18,18
78864,140,115,25,25
78865,44,49,-5,5
78866,102,105,-3,3
78867,89,83,6,6
78868,86,82,4,4
78869,85,83,2,2
78870,88,84,4,4
78871,77,85,-8,8
78872,123,125,-2,2
78873,62,78,-16,16
78874,163,153,10,10
78875,114,112,2,2
78876,55,66,-11,11
78877,112,112,0,0
78878,125,119,6,6
78879,123,120,3,3
78880,96,91,5,5
78881,111,104,7,7
78882,136,121,15,15
78883,75,79,-4,4
78884,134,131,3,3
78885,77,85,-8,8
78886,98,100,-2,2
78887,94,89,5,5
78888,77,82,-5,5
78889,83,81,2,2
78890,97,88,9,9
78891,82,85,-3,3
78892,126,118,8,8
78893,159,149,10,10
78894,100,109,-9,9
78895,100,111,-11,11
78896,121,116,5,5
78897,117,99,18,18
78898,81,86,-5,5
78899,90,88,2,2
78900,68,70,-2,2
78901,110,108,2,2
78902,118,128,-10,10
78903,97,96,1,1
78904,81,75,6,6
78905,105,104,1,1
78906,95,89,6,6
78907,66,87,-21,21
78908,109,108,1,1
78909,141,134,7,7
78910,52,57,-5,5
78911,80,77,3,3
78912,93,88,5,5
78913,76,77,-1,1
78914,111,111,0,0
78915,107,101,6,6
78916,132,120,12,12
78917,100,101,-1,1
78918,138,124,14,14
78919,122,112,10,10
78920,105,104,1,1
78921,85,85,0,0
78922,96,83,13,13
78923,60,62,-2,2
78924,106,101,5,5
78925,47,67,-20,20
78926,97,90,7,7
78927,36,40,-4,4
78928,111,99,12,12
78929,121,127,-6,6
78930,85,80,5,5
78931,95,91,4,4
78932,78,81,-3,3
78933,113,117,-4,4
78934,72,71,1,1
78935,110,114,-4,4
78936,38,54,-16,16
78937,133,125,8,8
78938,52,81,-29,29
78939,49,56,-7,7
78940,57,63,-6,6
78941,209,162,47,47
78942,93,99,-6,6
78943,62,68,-6,6
78944,51,64,-13,13
78945,82,104,-22,22
78946,77,75,2,2
78947,165,141,24,24
78948,58,65,-7,7
78949,108,102,6,6
78950,43,58,-15,15
78951,83,84,-1,1
78952,92,91,1,1
78953,127,118,9,9
78954,47,54,-7,7
78955,78,77,1,1
78956,62,70,-8,8
78957,136,121,15,15
78958,121,120,1,1
78959,79,85,-6,6
78960,83,90,-7,7
78961,100,102,-2,2
78962,86,100,-14,14
78963,89,91,-2,2
78964,74,69,5,5
78965,133,126,7,7
78966,107,105,2,2
78967,89,85,4,4
78968,72,74,-2,2
78969,78,85,-7,7
78970,52,58,-6,6
78971,94,97,-3,3
78972,107,106,1,1
78973,61,64,-3,3
78974,224,187,37,37
78975,75,68,7,7
78976,53,63,-10,10
78977,95,95,0,0
78978,63,66,-3,3
78979,133,128,5,5
78980,45,51,-6,6
78981,65,64,1,1
78982,93,92,1,1
78983,68,80,-12,12
78984,86,90,-4,4
78985,116,108,8,8
78986,112,113,-1,1
78987,79,75,4,4
78988,83,80,3,3
78989,136,140,-4,4
78990,58,66,-8,8
78991,98,94,4,4
78992,216,205,11,11
78993,135,124,11,11
78994,87,86,1,1
78995,99,93,6,6
78996,85,83,2,2
78997,57,61,-4,4
78998,69,70,-1,1
78999,72,75,-3,3
79000,42,53,-11,11
79001,50,56,-6,6
79002,120,113,7,7
79003,43,50,-7,7
79004,58,62,-4,4
79005,64,74,-10,10
79006,47,56,-9,9
79007,118,107,11,11
79008,91,110,-19,19
79009,115,114,1,1
79010,132,131,1,1
79011,124,115,9,9
79012,127,135,-8,8
79013,90,87,3,3
79014,142,135,7,7
79015,72,77,-5,5
79016,91,100,-9,9
79017,93,96,-3,3
79018,159,153,6,6
79019,76,84,-8,8
79020,89,98,-9,9
79021,127,106,21,21
79022,76,78,-2,2
79023,101,92,9,9
79024,95,95,0,0
79025,82,85,-3,3
79026,109,107,2,2
79027,108,100,8,8
79028,84,88,-4,4
79029,184,165,19,19
79030,77,75,2,2
79031,92,81,11,11
79032,57,67,-10,10
79033,104,98,6,6
79034,118,118,0,0
79035,111,102,9,9
79036,78,71,7,7
79037,122,111,11,11
79038,72,73,-1,1
79039,106,94,12,12
79040,61,62,-1,1
79041,106,107,-1,1
79042,122,120,2,2
79043,119,115,4,4
79044,141,121,20,20
79045,114,110,4,4
79046,124,110,14,14
79047,86,82,4,4
79048,43,62,-19,19
79049,177,166,11,11
79050,169,182,-13,13
79051,100,103,-3,3
79052,70,75,-5,5
79053,80,84,-4,4
79054,82,89,-7,7
79055,97,90,7,7
79056,112,103,9,9
79057,122,111,11,11
79058,62,67,-5,5
79059,146,123,23,23
79060,77,86,-9,9
79061,95,96,-1,1
79062,167,141,26,26
79063,62,89,-27,27
79064,112,132,-20,20
79065,56,64,-8,8
79066,126,107,19,19
79067,127,113,14,14
79068,221,193,28,28
79069,180,162,18,18
79070,73,67,6,6
79071,53,63,-10,10
79072,82,93,-11,11
79073,58,64,-6,6
79074,78,77,1,1
79075,130,122,8,8
79076,39,39,0,0
79077,93,109,-16,16
79078,87,84,3,3
79079,82,77,5,5
79080,130,127,3,3
79081,74,75,-1,1
79082,93,88,5,5
79083,69,80,-11,11
79084,57,66,-9,9
79085,79,80,-1,1
79086,120,112,8,8
79087,91,82,9,9
79088,99,103,-4,4
79089,100,96,4,4
79090,93,89,4,4
79091,78,81,-3,3
79092,82,87,-5,5
79093,242,215,27,27
79094,154,142,12,12
79095,63,67,-4,4
79096,52,60,-8,8
79097,106,101,5,5
79098,87,107,-20,20
79099,106,105,1,1
79100,36,36,0,0
79101,108,125,-17,17
79102,153,179,-26,26
79103,44,67,-23,23
79104,119,113,6,6
79105,51,54,-3,3
79106,156,135,21,21
79107,114,127,-13,13
79108,123,118,5,5
79109,149,135,14,14
79110,90,84,6,6
79111,67,72,-5,5
79112,179,164,15,15
79113,123,122,1,1
79114,88,89,-1,1
79115,211,192,19,19
79116,149,134,15,15
79117,58,62,-4,4
79118,85,85,0,0
79119,94,90,4,4
79120,125,126,-1,1
79121,50,58,-8,8
79122,78,77,1,1
79123,91,83,8,8
79124,166,155,11,11
79125,89,83,6,6
79126,55,67,-12,12
79127,140,130,10,10
79128,122,120,2,2
79129,92,79,13,13
79130,59,68,-9,9
79131,112,116,-4,4
79132,97,101,-4,4
79133,109,112,-3,3
79134,121,138,-17,17
79135,75,79,-4,4
79136,80,77,3,3
79137,104,103,1,1
79138,130,125,5,5
79139,148,143,5,5
79140,54,56,-2,2
79141,121,108,13,13
79142,65,82,-17,17
79143,51,63,-12,12
79144,142,121,21,21
79145,40,42,-2,2
79146,58,69,-11,11
79147,92,91,1,1
79148,71,78,-7,7
79149,96,92,4,4
79150,118,108,10,10
79151,54,66,-12,12
79152,91,98,-7,7
79153,70,72,-2,2
79154,85,85,0,0
79155,47,56,-9,9
79156,137,132,5,5
79157,88,100,-12,12
79158,73,76,-3,3
79159,99,93,6,6
79160,68,77,-9,9
79161,174,166,8,8
79162,119,121,-2,2
79163,84,86,-2,2
79164,103,118,-15,15
79165,174,161,13,13
79166,98,93,5,5
79167,86,75,11,11
79168,101,103,-2,2
79169,88,80,8,8
79170,78,74,4,4
79171,94,92,2,2
79172,131,126,5,5
79173,104,98,6,6
79174,89,97,-8,8
79175,104,117,-13,13
79176,43,58,-15,15
79177,85,86,-1,1
79178,66,73,-7,7
79179,108,113,-5,5
79180,89,101,-12,12
79181,54,65,-11,11
79182,75,78,-3,3
79183,85,95,-10,10
79184,94,91,3,3
79185,58,68,-10,10
79186,191,174,17,17
79187,63,67,-4,4
79188,73,74,-1,1
79189,92,93,-1,1
79190,125,111,14,14
79191,90,88,2,2
79192,128,126,2,2
79193,38,52,-14,14
79194,84,79,5,5
79195,85,84,1,1
79196,147,133,14,14
79197,54,57,-3,3
79198,78,81,-3,3
79199,117,105,12,12
79200,78,87,-9,9
79201,83,78,5,5
79202,125,142,-17,17
79203,108,103,5,5
79204,94,94,0,0
79205,45,52,-7,7
79206,120,117,3,3
79207,86,85,1,1
79208,85,87,-2,2
79209,50,53,-3,3
79210,89,87,2,2
79211,90,85,5,5
79212,75,75,0,0
79213,110,111,-1,1
79214,82,82,0,0
79215,140,132,8,8
79216,102,102,0,0
79217,78,85,-7,7
79218,90,91,-1,1
79219,49,58,-9,9
79220,60,65,-5,5
79221,128,139,-11,11
79222,91,97,-6,6
79223,94,90,4,4
79224,101,97,4,4
79225,90,88,2,2
79226,115,109,6,6
79227,111,95,16,16
79228,110,117,-7,7
79229,64,73,-9,9
79230,112,97,15,15
79231,88,98,-10,10
79232,108,99,9,9
79233,100,101,-1,1
79234,66,68,-2,2
79235,142,122,20,20
79236,64,71,-7,7
79237,140,131,9,9
79238,124,116,8,8
79239,66,67,-1,1
79240,99,92,7,7
79241,78,74,4,4
79242,103,106,-3,3
79243,121,115,6,6
79244,96,90,6,6
79245,30,41,-11,11
79246,69,69,0,0
79247,97,87,10,10
79248,81,77,4,4
79249,72,75,-3,3
79250,93,85,8,8
79251,84,92,-8,8
79252,84,90,-6,6
79253,98,101,-3,3
79254,57,72,-15,15
79255,81,84,-3,3
79256,88,94,-6,6
79257,98,93,5,5
79258,171,151,20,20
79259,76,78,-2,2
79260,126,127,-1,1
79261,90,90,0,0
79262,91,83,8,8
79263,94,85,9,9
79264,91,83,8,8
79265,122,118,4,4
79266,81,89,-8,8
79267,86,104,-18,18
79268,79,81,-2,2
79269,76,86,-10,10
79270,97,104,-7,7
79271,125,142,-17,17
79272,125,125,0,0
79273,62,65,-3,3
79274,63,72,-9,9
79275,81,84,-3,3
79276,115,96,19,19
79277,162,155,7,7
79278,103,96,7,7
79279,64,73,-9,9
79280,153,134,19,19
79281,69,81,-12,12
79282,132,118,14,14
79283,76,74,2,2
79284,63,79,-16,16
79285,65,70,-5,5
79286,89,89,0,0
79287,165,136,29,29
79288,84,82,2,2
79289,89,83,6,6
79290,130,121,9,9
79291,73,70,3,3
79292,110,117,-7,7
79293,157,137,20,20
79294,82,89,-7,7
79295,100,100,0,0
79296,128,119,9,9
79297,122,117,5,5
79298,102,100,2,2
79299,102,93,9,9
79300,86,77,9,9
79301,124,123,1,1
79302,157,141,16,16
79303,104,98,6,6
79304,94,95,-1,1
79305,59,63,-4,4
79306,103,100,3,3
79307,78,75,3,3
79308,73,76,-3,3
79309,76,77,-1,1
79310,112,126,-14,14
79311,103,109,-6,6
79312,159,129,30,30
79313,42,56,-14,14
79314,83,79,4,4
79315,108,106,2,2
79316,129,117,12,12
79317,129,125,4,4
79318,145,132,13,13
79319,70,75,-5,5
79320,71,72,-1,1
79321,60,64,-4,4
79322,100,96,4,4
79323,173,160,13,13
79324,156,139,17,17
79325,101,98,3,3
79326,99,101,-2,2
79327,130,123,7,7
79328,68,122,-54,54
79329,138,123,15,15
79330,138,134,4,4
79331,126,122,4,4
79332,74,73,1,1
79333,75,75,0,0
79334,79,77,2,2
79335,67,75,-8,8
79336,80,118,-38,38
79337,86,75,11,11
79338,57,62,-5,5
79339,111,117,-6,6
79340,95,96,-1,1
79341,85,83,2,2
79342,88,84,4,4
79343,72,71,1,1
79344,22,45,-23,23
79345,97,84,13,13
79346,130,115,15,15
79347,55,63,-8,8
79348,95,90,5,5
79349,86,84,2,2
79350,53,62,-9,9
79351,66,70,-4,4
79352,122,128,-6,6
79353,130,126,4,4
79354,135,127,8,8
79355,47,55,-8,8
79356,65,102,-37,37
79357,46,44,2,2
79358,155,132,23,23
79359,60,69,-9,9
79360,75,82,-7,7
79361,97,89,8,8
79362,142,115,27,27
79363,57,69,-12,12
79364,80,80,0,0
79365,44,47,-3,3
79366,107,106,1,1
79367,39,60,-21,21
79368,163,154,9,9
79369,152,157,-5,5
79370,119,114,5,5
79371,98,86,12,12
79372,67,86,-19,19
79373,61,61,0,0
79374,99,98,1,1
79375,62,68,-6,6
79376,68,71,-3,3
79377,72,81,-9,9
79378,83,89,-6,6
79379,103,94,9,9
79380,116,125,-9,9
79381,122,120,2,2
79382,88,95,-7,7
79383,129,118,11,11
79384,86,85,1,1
79385,82,86,-4,4
79386,83,87,-4,4
79387,71,85,-14,14
79388,77,79,-2,2
79389,100,105,-5,5
79390,206,185,21,21
79391,152,164,-12,12
79392,58,63,-5,5
79393,141,132,9,9
79394,96,87,9,9
79395,149,127,22,22
79396,80,78,2,2
79397,48,52,-4,4
79398,75,79,-4,4
79399,95,89,6,6
79400,126,129,-3,3
79401,74,79,-5,5
79402,95,90,5,5
79403,59,73,-14,14
79404,164,155,9,9
79405,95,92,3,3
79406,46,55,-9,9
79407,88,85,3,3
79408,135,137,-2,2
79409,140,124,16,16
79410,103,103,0,0
79411,69,72,-3,3
79412,144,124,20,20
79413,147,131,16,16
79414,105,111,-6,6
79415,154,122,32,32
79416,77,78,-1,1
79417,74,78,-4,4
79418,132,122,10,10
79419,56,62,-6,6
79420,48,56,-8,8
79421,77,78,-1,1
79422,20,42,-22,22
79423,94,100,-6,6
79424,66,75,-9,9
79425,72,76,-4,4
79426,130,119,11,11
79427,282,236,46,46
79428,139,115,24,24
79429,99,109,-10,10
79430,67,73,-6,6
79431,72,79,-7,7
79432,96,107,-11,11
79433,76,80,-4,4
79434,119,108,11,11
79435,93,86,7,7
79436,61,68,-7,7
79437,79,75,4,4
79438,107,99,8,8
79439,152,153,-1,1
79440,85,78,7,7
79441,62,54,8,8
79442,103,93,10,10
79443,59,61,-2,2
79444,109,113,-4,4
79445,84,92,-8,8
79446,85,88,-3,3
79447,77,89,-12,12
79448,182,163,19,19
79449,105,105,0,0
79450,165,153,12,12
79451,101,99,2,2
79452,91,90,1,1
79453,93,91,2,2
79454,105,109,-4,4
79455,98,103,-5,5
79456,140,135,5,5
79457,150,133,17,17
79458,168,148,20,20
79459,155,139,16,16
79460,75,71,4,4
79461,56,62,-6,6
79462,41,62,-21,21
79463,84,83,1,1
79464,46,56,-10,10
79465,168,156,12,12
79466,148,134,14,14
79467,92,94,-2,2
79468,93,92,1,1
79469,108,93,15,15
79470,52,60,-8,8
79471,100,94,6,6
79472,77,85,-8,8
79473,95,90,5,5
79474,67,72,-5,5
79475,84,74,10,10
79476,107,103,4,4
79477,80,79,1,1
79478,104,103,1,1
79479,86,85,1,1
79480,90,81,9,9
79481,70,83,-13,13
79482,125,130,-5,5
79483,68,69,-1,1
79484,125,120,5,5
79485,133,127,6,6
79486,77,76,1,1
79487,70,78,-8,8
79488,182,160,22,22
79489,114,99,15,15
79490,114,110,4,4
79491,183,168,15,15
79492,57,68,-11,11
79493,111,110,1,1
79494,49,59,-10,10
79495,58,64,-6,6
79496,97,105,-8,8
79497,141,139,2,2
79498,133,127,6,6
79499,115,102,13,13
79500,142,129,13,13
79501,53,57,-4,4
79502,69,70,-1,1
79503,152,130,22,22
79504,52,53,-1,1
79505,145,136,9,9
79506,90,91,-1,1
79507,125,112,13,13
79508,73,66,7,7
79509,72,73,-1,1
79510,69,81,-12,12
79511,146,130,16,16
79512,149,142,7,7
79513,79,83,-4,4
79514,105,111,-6,6
79515,65,69,-4,4
79516,139,122,17,17
79517,123,113,10,10
79518,105,86,19,19
79519,40,49,-9,9
79520,65,70,-5,5
79521,134,126,8,8
79522,123,115,8,8
79523,127,116,11,11
79524,39,73,-34,34
79525,104,109,-5,5
79526,48,55,-7,7
79527,78,86,-8,8
79528,102,102,0,0
79529,72,64,8,8
79530,130,128,2,2
79531,107,105,2,2
79532,90,88,2,2
79533,85,82,3,3
79534,103,103,0,0
79535,118,110,8,8
79536,67,81,-14,14
79537,101,83,18,18
79538,108,111,-3,3
79539,134,142,-8,8
79540,83,79,4,4
79541,103,112,-9,9
79542,43,64,-21,21
79543,154,134,20,20
79544,137,130,7,7
79545,133,121,12,12
79546,165,137,28,28
79547,68,74,-6,6
79548,144,134,10,10
79549,112,110,2,2
79550,96,95,1,1
79551,84,78,6,6
79552,131,111,20,20
79553,95,92,3,3
79554,166,143,23,23
79555,56,65,-9,9
79556,112,108,4,4
79557,55,60,-5,5
79558,88,88,0,0
79559,81,77,4,4
79560,79,77,2,2
79561,105,104,1,1
79562,52,63,-11,11
79563,131,123,8,8
79564,101,98,3,3
79565,98,78,20,20
79566,60,61,-1,1
79567,66,74,-8,8
79568,85,79,6,6
79569,81,78,3,3
79570,117,118,-1,1
79571,61,64,-3,3
79572,74,79,-5,5
79573,64,73,-9,9
79574,61,65,-4,4
79575,106,100,6,6
79576,82,81,1,1
79577,68,86,-18,18
79578,100,102,-2,2
79579,111,93,18,18
79580,73,79,-6,6
79581,110,108,2,2
79582,110,110,0,0
79583,150,136,14,14
79584,119,121,-2,2
79585,140,134,6,6
79586,107,102,5,5
79587,31,48,-17,17
79588,111,104,7,7
79589,93,96,-3,3
79590,73,77,-4,4
79591,75,83,-8,8
79592,106,118,-12,12
79593,46,57,-11,11
79594,169,152,17,17
79595,128,118,10,10
79596,189,171,18,18
79597,119,114,5,5
79598,61,58,3,3
79599,109,105,4,4
79600,129,115,14,14
79601,118,118,0,0
79602,91,94,-3,3
79603,95,96,-1,1
79604,106,92,14,14
79605,188,166,22,22
79606,78,82,-4,4
79607,59,76,-17,17
79608,66,65,1,1
79609,62,69,-7,7
79610,137,127,10,10
79611,82,82,0,0
79612,115,114,1,1
79613,102,114,-12,12
79614,50,85,-35,35
79615,119,115,4,4
79616,159,152,7,7
79617,146,141,5,5
79618,62,63,-1,1
79619,72,72,0,0
79620,82,82,0,0
79621,64,67,-3,3
79622,74,79,-5,5
79623,104,95,9,9
79624,169,125,44,44
79625,86,91,-5,5
79626,178,174,4,4
79627,83,79,4,4
79628,115,113,2,2
79629,124,121,3,3
79630,123,141,-18,18
79631,90,94,-4,4
79632,51,57,-6,6
79633,99,90,9,9
79634,99,121,-22,22
79635,108,96,12,12
79636,124,109,15,15
79637,144,138,6,6
79638,128,130,-2,2
79639,70,74,-4,4
79640,74,85,-11,11
79641,134,133,1,1
79642,119,122,-3,3
79643,41,51,-10,10
79644,101,106,-5,5
79645,149,135,14,14
79646,121,110,11,11
79647,56,58,-2,2
79648,108,106,2,2
79649,72,78,-6,6
79650,98,85,13,13
79651,67,71,-4,4
79652,69,75,-6,6
79653,89,86,3,3
79654,122,128,-6,6
79655,75,81,-6,6
79656,80,85,-5,5
79657,184,173,11,11
79658,80,80,0,0
79659,136,129,7,7
79660,85,86,-1,1
79661,86,86,0,0
79662,99,105,-6,6
79663,161,152,9,9
79664,106,112,-6,6
79665,86,86,0,0
79666,160,144,16,16
79667,140,138,2,2
79668,157,150,7,7
79669,121,117,4,4
79670,61,71,-10,10
79671,108,105,3,3
79672,110,104,6,6
79673,101,94,7,7
79674,85,84,1,1
79675,125,120,5,5
79676,67,71,-4,4
79677,64,70,-6,6
79678,47,67,-20,20
79679,111,117,-6,6
79680,45,56,-11,11
79681,79,71,8,8
79682,102,96,6,6
79683,99,84,15,15
79684,121,115,6,6
79685,75,85,-10,10
79686,172,157,15,15
79687,67,76,-9,9
79688,111,101,10,10
79689,119,125,-6,6
79690,134,119,15,15
79691,139,130,9,9
79692,67,74,-7,7
79693,100,114,-14,14
79694,64,72,-8,8
79695,105,103,2,2
79696,106,105,1,1
79697,41,49,-8,8
79698,122,112,10,10
79699,96,100,-4,4
79700,74,78,-4,4
79701,97,90,7,7
79702,106,103,3,3
79703,58,57,1,1
79704,61,67,-6,6
79705,72,70,2,2
79706,97,102,-5,5
79707,104,105,-1,1
79708,90,90,0,0
79709,190,166,24,24
79710,113,120,-7,7
79711,72,97,-25,25
79712,102,98,4,4
79713,143,114,29,29
79714,71,76,-5,5
79715,80,87,-7,7
79716,45,52,-7,7
79717,57,63,-6,6
79718,109,105,4,4
79719,80,84,-4,4
79720,54,65,-11,11
79721,75,81,-6,6
79722,80,86,-6,6
79723,73,78,-5,5
79724,216,184,32,32
79725,73,83,-10,10
79726,124,118,6,6
79727,160,125,35,35
79728,140,129,11,11
79729,136,124,12,12
79730,68,68,0,0
79731,91,90,1,1
79732,69,64,5,5
79733,93,99,-6,6
79734,103,96,7,7
79735,93,94,-1,1
79736,53,68,-15,15
79737,116,110,6,6
79738,57,72,-15,15
79739,89,89,0,0
79740,58,63,-5,5
79741,136,130,6,6
79742,95,96,-1,1
79743,59,70,-11,11
79744,169,149,20,20
79745,105,105,0,0
79746,119,103,16,16
79747,89,90,-1,1
79748,132,119,13,13
79749,81,77,4,4
79750,52,50,2,2
79751,139,117,22,22
79752,60,61,-1,1
79753,128,119,9,9
79754,54,56,-2,2
79755,123,118,5,5
79756,99,95,4,4
79757,36,48,-12,12
79758,40,49,-9,9
79759,114,111,3,3
79760,89,81,8,8
79761,68,76,-8,8
79762,96,85,11,11
79763,120,112,8,8
79764,85,84,1,1
79765,67,68,-1,1
79766,90,89,1,1
79767,59,62,-3,3
79768,86,83,3,3
79769,187,161,26,26
79770,117,109,8,8
79771,50,65,-15,15
79772,90,88,2,2
79773,92,86,6,6
79774,57,65,-8,8
79775,55,62,-7,7
79776,51,62,-11,11
79777,84,86,-2,2
79778,110,111,-1,1
79779,52,71,-19,19
79780,56,73,-17,17
79781,82,86,-4,4
79782,141,137,4,4
79783,104,97,7,7
79784,113,115,-2,2
79785,119,112,7,7
79786,124,117,7,7
79787,79,80,-1,1
79788,99,94,5,5
79789,133,117,16,16
79790,53,59,-6,6
79791,88,89,-1,1
79792,58,61,-3,3
79793,90,90,0,0
79794,89,97,-8,8
79795,91,97,-6,6
79796,110,105,5,5
79797,77,81,-4,4
79798,71,74,-3,3
79799,77,82,-5,5
79800,115,114,1,1
79801,62,77,-15,15
79802,167,156,11,11
79803,105,105,0,0
79804,100,92,8,8
79805,100,108,-8,8
79806,111,115,-4,4
79807,92,91,1,1
79808,162,149,13,13
79809,109,108,1,1
79810,164,150,14,14
79811,63,61,2,2
79812,67,74,-7,7
79813,158,155,3,3
79814,82,82,0,0
79815,65,65,0,0
79816,118,106,12,12
79817,87,96,-9,9
79818,159,151,8,8
79819,122,110,12,12
79820,102,103,-1,1
79821,63,71,-8,8
79822,94,92,2,2
79823,100,100,0,0
79824,87,74,13,13
79825,98,89,9,9
79826,79,77,2,2
79827,104,95,9,9
79828,115,106,9,9
79829,118,131,-13,13
79830,82,84,-2,2
79831,130,119,11,11
79832,98,103,-5,5
79833,141,140,1,1
79834,197,171,26,26
79835,141,137,4,4
79836,91,95,-4,4
79837,80,78,2,2
79838,104,92,12,12
79839,171,153,18,18
79840,292,238,54,54
79841,113,114,-1,1
79842,111,105,6,6
79843,116,113,3,3
79844,66,66,0,0
79845,146,136,10,10
79846,62,64,-2,2
79847,105,103,2,2
79848,66,71,-5,5
79849,59,62,-3,3
79850,74,78,-4,4
79851,91,83,8,8
79852,117,112,5,5
79853,101,104,-3,3
79854,167,162,5,5
79855,69,71,-2,2
79856,120,117,3,3
79857,119,110,9,9
79858,130,115,15,15
79859,69,70,-1,1
79860,97,103,-6,6
79861,76,81,-5,5
79862,183,166,17,17
79863,65,77,-12,12
79864,155,136,19,19
79865,80,77,3,3
79866,107,108,-1,1
79867,46,69,-23,23
79868,95,89,6,6
79869,72,75,-3,3
79870,74,84,-10,10
79871,73,76,-3,3
79872,66,67,-1,1
79873,76,82,-6,6
79874,75,80,-5,5
79875,36,63,-27,27
79876,82,84,-2,2
79877,150,133,17,17
79878,88,93,-5,5
79879,40,45,-5,5
79880,82,85,-3,3
79881,166,149,17,17
79882,113,109,4,4
79883,120,122,-2,2
79884,136,126,10,10
79885,53,64,-11,11
79886,233,207,26,26
79887,78,78,0,0
79888,112,105,7,7
79889,103,113,-10,10
79890,100,94,6,6
79891,86,91,-5,5
79892,69,76,-7,7
79893,109,108,1,1
79894,105,99,6,6
79895,51,88,-37,37
79896,99,107,-8,8
79897,138,136,2,2
79898,42,90,-48,48
79899,87,84,3,3
79900,141,131,10,10
79901,75,87,-12,12
79902,96,90,6,6
79903,56,64,-8,8
79904,122,113,9,9
79905,65,69,-4,4
79906,113,102,11,11
79907,67,68,-1,1
79908,83,84,-1,1
79909,91,78,13,13
79910,136,132,4,4
79911,85,79,6,6
79912,66,73,-7,7
79913,79,67,12,12
79914,73,72,1,1
79915,106,102,4,4
79916,76,77,-1,1
79917,149,132,17,17
79918,38,51,-13,13
79919,108,101,7,7
79920,91,95,-4,4
79921,105,104,1,1
79922,85,89,-4,4
79923,62,75,-13,13
79924,117,128,-11,11
79925,62,72,-10,10
79926,115,105,10,10
79927,85,76,9,9
79928,150,143,7,7
79929,132,128,4,4
79930,74,80,-6,6
79931,44,70,-26,26
79932,152,148,4,4
79933,142,139,3,3
79934,106,108,-2,2
79935,97,100,-3,3
79936,97,89,8,8
79937,53,65,-12,12
79938,116,113,3,3
79939,141,134,7,7
79940,109,108,1,1
79941,90,88,2,2
79942,111,111,0,0
79943,186,175,11,11
79944,133,123,10,10
79945,83,78,5,5
79946,69,82,-13,13
79947,73,77,-4,4
79948,154,134,20,20
79949,93,103,-10,10
79950,87,87,0,0
79951,126,125,1,1
79952,91,92,-1,1
79953,79,81,-2,2
79954,82,87,-5,5
79955,112,91,21,21
79956,72,69,3,3
79957,179,166,13,13
79958,67,75,-8,8
79959,61,82,-21,21
79960,134,122,12,12
79961,129,113,16,16
79962,79,77,2,2
79963,95,98,-3,3
79964,147,134,13,13
79965,86,89,-3,3
79966,64,70,-6,6
79967,73,80,-7,7
79968,60,67,-7,7
79969,122,124,-2,2
79970,91,94,-3,3
79971,78,85,-7,7
79972,69,78,-9,9
79973,64,88,-24,24
79974,120,110,10,10
79975,101,98,3,3
79976,51,55,-4,4
79977,80,88,-8,8
79978,100,123,-23,23
79979,104,105,-1,1
79980,69,80,-11,11
79981,94,94,0,0
79982,110,117,-7,7
79983,157,149,8,8
79984,56,66,-10,10
79985,118,115,3,3
79986,29,28,1,1
79987,110,128,-18,18
79988,102,103,-1,1
79989,78,80,-2,2
79990,116,124,-8,8
79991,129,124,5,5
79992,124,128,-4,4
79993,69,88,-19,19
79994,94,96,-2,2
79995,105,100,5,5
79996,127,135,-8,8
79997,99,96,3,3
79998,106,92,14,14
79999,45,47,-2,2
80000,73,76,-3,3
80001,57,58,-1,1
80002,71,72,-1,1
80003,84,88,-4,4
80004,91,90,1,1
80005,93,88,5,5
80006,75,83,-8,8
80007,98,94,4,4
80008,76,77,-1,1
80009,87,88,-1,1
80010,100,104,-4,4
80011,101,92,9,9
80012,63,74,-11,11
80013,94,88,6,6
80014,58,65,-7,7
80015,77,70,7,7
80016,136,119,17,17
80017,86,88,-2,2
80018,109,103,6,6
80019,77,79,-2,2
80020,146,135,11,11
80021,128,123,5,5
80022,164,148,16,16
80023,71,75,-4,4
80024,147,142,5,5
80025,96,90,6,6
80026,65,65,0,0
80027,95,95,0,0
80028,84,84,0,0
80029,104,101,3,3
80030,75,79,-4,4
80031,168,155,13,13
80032,200,170,30,30
80033,153,149,4,4
80034,171,164,7,7
80035,111,117,-6,6
80036,65,76,-11,11
80037,85,95,-10,10
80038,98,87,11,11
80039,111,110,1,1
80040,112,109,3,3
80041,113,107,6,6
80042,148,129,19,19
80043,115,112,3,3
80044,63,74,-11,11
80045,95,89,6,6
80046,98,101,-3,3
80047,117,116,1,1
80048,144,129,15,15
80049,115,119,-4,4
80050,124,115,9,9
80051,115,115,0,0
80052,93,99,-6,6
80053,83,86,-3,3
80054,83,82,1,1
80055,106,105,1,1
80056,104,102,2,2
80057,149,156,-7,7
80058,94,101,-7,7
80059,61,66,-5,5
80060,63,79,-16,16
80061,98,103,-5,5
80062,70,78,-8,8
80063,96,101,-5,5
80064,89,88,1,1
80065,120,130,-10,10
80066,85,79,6,6
80067,159,129,30,30
80068,144,138,6,6
80069,63,72,-9,9
80070,102,102,0,0
80071,119,106,13,13
80072,106,107,-1,1
80073,88,79,9,9
80074,54,61,-7,7
80075,58,63,-5,5
80076,130,117,13,13
80077,168,147,21,21
80078,73,75,-2,2
80079,133,131,2,2
80080,98,103,-5,5
80081,86,79,7,7
80082,81,85,-4,4
80083,83,87,-4,4
80084,59,70,-11,11
80085,43,53,-10,10
80086,80,83,-3,3
80087,73,79,-6,6
80088,86,85,1,1
80089,89,110,-21,21
80090,77,79,-2,2
80091,59,57,2,2
80092,64,99,-35,35
80093,82,79,3,3
80094,47,54,-7,7
80095,99,82,17,17
80096,104,103,1,1
80097,62,70,-8,8
80098,70,78,-8,8
80099,65,73,-8,8
80100,79,78,1,1
80101,86,87,-1,1
80102,105,106,-1,1
80103,91,98,-7,7
80104,117,103,14,14
80105,43,52,-9,9
80106,171,155,16,16
80107,115,109,6,6
80108,111,111,0,0
80109,73,78,-5,5
80110,118,110,8,8
80111,84,83,1,1
80112,96,100,-4,4
80113,115,113,2,2
80114,172,155,17,17
80115,138,127,11,11
80116,130,117,13,13
80117,142,133,9,9
80118,92,91,1,1
80119,71,71,0,0
80120,42,49,-7,7
80121,93,88,5,5
80122,116,104,12,12
80123,90,83,7,7
80124,74,79,-5,5
80125,56,67,-11,11
80126,139,120,19,19
80127,76,88,-12,12
80128,97,101,-4,4
80129,88,92,-4,4
80130,70,72,-2,2
80131,148,133,15,15
80132,70,70,0,0
80133,112,106,6,6
80134,81,71,10,10
80135,52,58,-6,6
80136,95,100,-5,5
80137,80,83,-3,3
80138,46,55,-9,9
80139,50,57,-7,7
80140,129,123,6,6
80141,90,90,0,0
80142,132,110,22,22
80143,143,132,11,11
80144,130,143,-13,13
80145,147,133,14,14
80146,103,96,7,7
80147,61,59,2,2
80148,88,94,-6,6
80149,158,143,15,15
80150,50,57,-7,7
80151,115,114,1,1
80152,86,89,-3,3
80153,95,91,4,4
80154,135,141,-6,6
80155,84,87,-3,3
80156,116,129,-13,13
80157,31,43,-12,12
80158,86,87,-1,1
80159,87,81,6,6
80160,99,88,11,11
80161,61,74,-13,13
80162,66,70,-4,4
80163,99,96,3,3
80164,83,73,10,10
80165,63,68,-5,5
80166,85,77,8,8
80167,90,93,-3,3
80168,114,109,5,5
80169,77,79,-2,2
80170,74,83,-9,9
80171,85,84,1,1
80172,49,89,-40,40
80173,29,42,-13,13
80174,77,73,4,4
80175,70,74,-4,4
80176,72,81,-9,9
80177,67,87,-20,20
80178,73,76,-3,3
80179,112,102,10,10
80180,153,148,5,5
80181,120,116,4,4
80182,96,98,-2,2
80183,104,103,1,1
80184,74,79,-5,5
80185,50,57,-7,7
80186,74,74,0,0
80187,91,86,5,5
80188,100,102,-2,2
80189,45,59,-14,14
80190,96,101,-5,5
80191,57,62,-5,5
80192,117,107,10,10
80193,116,111,5,5
80194,117,116,1,1
80195,85,95,-10,10
80196,90,93,-3,3
80197,120,103,17,17
80198,63,71,-8,8
80199,131,141,-10,10
80200,55,62,-7,7
80201,159,156,3,3
80202,95,89,6,6
80203,91,90,1,1
80204,52,58,-6,6
80205,73,68,5,5
80206,107,103,4,4
80207,73,82,-9,9
80208,144,131,13,13
80209,101,109,-8,8
80210,84,80,4,4
80211,72,81,-9,9
80212,100,111,-11,11
80213,57,63,-6,6
80214,89,84,5,5
80215,85,86,-1,1
80216,136,129,7,7
80217,104,106,-2,2
80218,180,157,23,23
80219,88,86,2,2
80220,81,93,-12,12
80221,98,96,2,2
80222,63,64,-1,1
80223,81,92,-11,11
80224,132,134,-2,2
80225,139,132,7,7
80226,156,138,18,18
80227,94,94,0,0
80228,113,112,1,1
80229,155,162,-7,7
80230,106,97,9,9
80231,71,75,-4,4
80232,98,103,-5,5
80233,48,125,-77,77
80234,54,61,-7,7
80235,86,84,2,2
80236,103,102,1,1
80237,148,132,16,16
80238,73,71,2,2
80239,135,134,1,1
80240,93,91,2,2
80241,137,133,4,4
80242,82,79,3,3
80243,78,78,0,0
80244,95,98,-3,3
80245,74,76,-2,2
80246,95,94,1,1
80247,64,70,-6,6
80248,100,104,-4,4
80249,95,99,-4,4
80250,28,45,-17,17
80251,38,46,-8,8
80252,92,89,3,3
80253,134,132,2,2
80254,68,75,-7,7
80255,117,110,7,7
80256,118,107,11,11
80257,79,76,3,3
80258,61,68,-7,7
80259,132,118,14,14
80260,98,106,-8,8
80261,70,77,-7,7
80262,117,110,7,7
80263,61,63,-2,2
80264,69,75,-6,6
80265,76,72,4,4
80266,56,64,-8,8
80267,108,104,4,4
80268,70,68,2,2
80269,53,60,-7,7
80270,94,97,-3,3
80271,158,146,12,12
80272,146,133,13,13
80273,94,98,-4,4
80274,48,55,-7,7
80275,85,89,-4,4
80276,117,103,14,14
80277,119,107,12,12
80278,72,83,-11,11
80279,103,102,1,1
80280,85,82,3,3
80281,121,108,13,13
80282,66,79,-13,13
80283,177,178,-1,1
80284,85,86,-1,1
80285,151,146,5,5
80286,57,63,-6,6
80287,83,68,15,15
80288,68,72,-4,4
80289,118,117,1,1
80290,70,71,-1,1
80291,30,54,-24,24
80292,94,103,-9,9
80293,68,75,-7,7
80294,153,148,5,5
80295,81,77,4,4
80296,106,102,4,4
80297,93,87,6,6
80298,152,144,8,8
80299,117,115,2,2
80300,121,112,9,9
80301,104,108,-4,4
80302,130,117,13,13
80303,113,106,7,7
80304,108,103,5,5
80305,110,99,11,11
80306,76,88,-12,12
80307,119,113,6,6
80308,79,73,6,6
80309,96,95,1,1
80310,74,92,-18,18
80311,71,71,0,0
80312,79,76,3,3
80313,62,73,-11,11
80314,67,71,-4,4
80315,149,126,23,23
80316,70,75,-5,5
80317,87,86,1,1
80318,302,239,63,63
80319,51,61,-10,10
80320,73,74,-1,1
80321,47,54,-7,7
80322,138,125,13,13
80323,155,141,14,14
80324,67,80,-13,13
80325,118,120,-2,2
80326,73,75,-2,2
80327,67,72,-5,5
80328,43,61,-18,18
80329,101,105,-4,4
80330,89,83,6,6
80331,67,72,-5,5
80332,148,139,9,9
80333,131,124,7,7
80334,73,68,5,5
80335,135,138,-3,3
80336,71,80,-9,9
80337,71,73,-2,2
80338,108,93,15,15
80339,131,119,12,12
80340,115,125,-10,10
80341,56,60,-4,4
80342,84,82,2,2
80343,92,98,-6,6
80344,38,43,-5,5
80345,134,118,16,16
80346,75,81,-6,6
80347,124,108,16,16
80348,126,121,5,5
80349,103,114,-11,11
80350,57,63,-6,6
80351,82,93,-11,11
80352,113,113,0,0
80353,103,111,-8,8
80354,119,102,17,17
80355,259,246,13,13
80356,87,87,0,0
80357,180,143,37,37
80358,84,93,-9,9
80359,110,116,-6,6
80360,116,106,10,10
80361,114,114,0,0
80362,124,130,-6,6
80363,92,86,6,6
80364,86,91,-5,5
80365,85,88,-3,3
80366,65,66,-1,1
80367,73,76,-3,3
80368,72,76,-4,4
80369,108,108,0,0
80370,47,49,-2,2
80371,96,97,-1,1
80372,66,76,-10,10
80373,70,80,-10,10
80374,134,124,10,10
80375,47,54,-7,7
80376,50,64,-14,14
80377,69,81,-12,12
80378,82,80,2,2
80379,103,100,3,3
80380,79,80,-1,1
80381,82,87,-5,5
80382,77,88,-11,11
80383,77,81,-4,4
80384,99,97,2,2
80385,99,100,-1,1
80386,156,155,1,1
80387,82,79,3,3
80388,123,111,12,12
80389,75,73,2,2
80390,47,57,-10,10
80391,32,43,-11,11
80392,72,82,-10,10
80393,92,93,-1,1
80394,128,103,25,25
80395,100,102,-2,2
80396,78,85,-7,7
80397,141,129,12,12
80398,361,263,98,98
80399,142,130,12,12
80400,28,64,-36,36
80401,53,60,-7,7
80402,80,85,-5,5
80403,81,84,-3,3
80404,181,147,34,34
80405,55,65,-10,10
80406,81,82,-1,1
80407,58,67,-9,9
80408,28,29,-1,1
80409,76,82,-6,6
80410,77,85,-8,8
80411,125,119,6,6
80412,89,97,-8,8
80413,91,91,0,0
80414,103,106,-3,3
80415,97,95,2,2
80416,90,82,8,8
80417,69,71,-2,2
80418,140,134,6,6
80419,59,59,0,0
80420,140,136,4,4
80421,119,117,2,2
80422,86,95,-9,9
80423,71,76,-5,5
80424,179,162,17,17
80425,119,107,12,12
80426,115,103,12,12
80427,61,73,-12,12
80428,160,152,8,8
80429,127,125,2,2
80430,186,179,7,7
80431,95,95,0,0
80432,73,82,-9,9
80433,86,82,4,4
80434,64,73,-9,9
80435,164,150,14,14
80436,80,79,1,1
80437,107,120,-13,13
80438,138,126,12,12
80439,95,93,2,2
80440,161,142,19,19
80441,81,79,2,2
80442,118,114,4,4
80443,102,102,0,0
80444,79,81,-2,2
80445,83,87,-4,4
80446,96,87,9,9
80447,99,103,-4,4
80448,101,98,3,3
80449,73,78,-5,5
80450,151,142,9,9
80451,86,92,-6,6
80452,107,102,5,5
80453,102,95,7,7
80454,87,88,-1,1
80455,110,106,4,4
80456,75,89,-14,14
80457,68,88,-20,20
80458,88,91,-3,3
80459,84,84,0,0
80460,81,79,2,2
80461,78,81,-3,3
80462,73,77,-4,4
80463,103,96,7,7
80464,175,155,20,20
80465,122,115,7,7
80466,106,103,3,3
80467,53,53,0,0
80468,120,114,6,6
80469,135,132,3,3
80470,96,94,2,2
80471,69,74,-5,5
80472,86,86,0,0
80473,94,97,-3,3
80474,46,56,-10,10
80475,93,93,0,0
80476,111,111,0,0
80477,54,61,-7,7
80478,63,59,4,4
80479,59,68,-9,9
80480,61,66,-5,5
80481,68,80,-12,12
80482,140,122,18,18
80483,79,74,5,5
80484,148,145,3,3
80485,114,108,6,6
80486,77,82,-5,5
80487,95,88,7,7
80488,53,55,-2,2
80489,102,102,0,0
80490,150,143,7,7
80491,142,120,22,22
80492,123,126,-3,3
80493,85,82,3,3
80494,86,79,7,7
80495,106,100,6,6
80496,123,113,10,10
80497,99,96,3,3
80498,78,75,3,3
80499,74,74,0,0
80500,83,83,0,0
80501,68,97,-29,29
80502,100,103,-3,3
80503,71,66,5,5
80504,85,74,11,11
80505,105,99,6,6
80506,132,124,8,8
80507,109,97,12,12
80508,95,94,1,1
80509,101,98,3,3
80510,49,61,-12,12
80511,37,46,-9,9
80512,80,88,-8,8
80513,66,61,5,5
80514,70,75,-5,5
80515,93,86,7,7
80516,54,62,-8,8
80517,99,108,-9,9
80518,100,97,3,3
80519,143,133,10,10
80520,67,65,2,2
80521,69,72,-3,3
80522,72,93,-21,21
80523,88,94,-6,6
80524,116,93,23,23
80525,103,102,1,1
80526,129,125,4,4
80527,112,107,5,5
80528,47,55,-8,8
80529,80,83,-3,3
80530,87,84,3,3
80531,102,104,-2,2
80532,111,110,1,1
80533,113,116,-3,3
80534,85,84,1,1
80535,57,67,-10,10
80536,110,103,7,7
80537,91,88,3,3
80538,127,123,4,4
80539,71,69,2,2
80540,110,102,8,8
80541,143,136,7,7
80542,90,89,1,1
80543,122,108,14,14
80544,124,113,11,11
80545,53,61,-8,8
80546,77,85,-8,8
80547,35,39,-4,4
80548,63,79,-16,16
80549,115,107,8,8
80550,128,121,7,7
80551,99,99,0,0
80552,90,94,-4,4
80553,80,77,3,3
80554,98,96,2,2
80555,95,93,2,2
80556,138,131,7,7
80557,84,84,0,0
80558,129,130,-1,1
80559,101,89,12,12
80560,109,94,15,15
80561,142,138,4,4
80562,72,63,9,9
80563,110,106,4,4
80564,52,56,-4,4
80565,66,83,-17,17
80566,69,73,-4,4
80567,79,77,2,2
80568,69,74,-5,5
80569,97,94,3,3
80570,96,93,3,3
80571,105,102,3,3
80572,144,133,11,11
80573,129,117,12,12
80574,75,80,-5,5
80575,111,102,9,9
80576,149,141,8,8
80577,110,107,3,3
80578,73,77,-4,4
80579,58,67,-9,9
80580,47,54,-7,7
80581,82,87,-5,5
80582,70,74,-4,4
80583,124,101,23,23
80584,78,80,-2,2
80585,136,122,14,14
80586,147,146,1,1
80587,84,102,-18,18
80588,121,113,8,8
80589,63,61,2,2
80590,94,92,2,2
80591,125,126,-1,1
80592,82,87,-5,5
80593,158,137,21,21
80594,67,73,-6,6
80595,61,72,-11,11
80596,119,113,6,6
80597,65,73,-8,8
80598,86,89,-3,3
80599,98,82,16,16
80600,143,135,8,8
80601,105,103,2,2
80602,113,124,-11,11
80603,77,77,0,0
80604,107,112,-5,5
80605,58,69,-11,11
80606,145,138,7,7
80607,52,74,-22,22
80608,109,103,6,6
80609,71,73,-2,2
80610,64,73,-9,9
80611,129,111,18,18
80612,83,90,-7,7
80613,40,63,-23,23
80614,102,107,-5,5
80615,65,68,-3,3
80616,100,86,14,14
80617,131,122,9,9
80618,90,85,5,5
80619,92,95,-3,3
80620,67,84,-17,17
80621,121,114,7,7
80622,126,110,16,16
80623,93,95,-2,2
80624,157,146,11,11
80625,89,87,2,2
80626,53,61,-8,8
80627,96,92,4,4
80628,111,103,8,8
80629,121,113,8,8
80630,67,81,-14,14
80631,59,63,-4,4
80632,88,89,-1,1
80633,71,85,-14,14
80634,57,64,-7,7
80635,118,109,9,9
80636,78,76,2,2
80637,118,113,5,5
80638,85,85,0,0
80639,102,100,2,2
80640,69,78,-9,9
80641,179,170,9,9
80642,94,106,-12,12
80643,100,99,1,1
80644,91,85,6,6
80645,139,140,-1,1
80646,77,85,-8,8
80647,64,70,-6,6
80648,64,68,-4,4
80649,137,130,7,7
80650,113,108,5,5
80651,93,88,5,5
80652,100,102,-2,2
80653,88,85,3,3
80654,87,87,0,0
80655,144,133,11,11
80656,41,55,-14,14
80657,51,62,-11,11
80658,78,77,1,1
80659,72,74,-2,2
80660,66,72,-6,6
80661,58,69,-11,11
80662,123,120,3,3
80663,90,88,2,2
80664,56,58,-2,2
80665,98,85,13,13
80666,91,86,5,5
80667,126,114,12,12
80668,68,57,11,11
80669,117,106,11,11
80670,46,56,-10,10
80671,71,75,-4,4
80672,111,102,9,9
80673,89,84,5,5
80674,58,67,-9,9
80675,104,102,2,2
80676,110,105,5,5
80677,101,100,1,1
80678,203,205,-2,2
80679,90,93,-3,3
80680,82,81,1,1
80681,133,114,19,19
80682,67,69,-2,2
80683,75,76,-1,1
80684,90,86,4,4
80685,91,87,4,4
80686,91,94,-3,3
80687,67,75,-8,8
80688,122,117,5,5
80689,59,65,-6,6
80690,40,50,-10,10
80691,104,98,6,6
80692,118,116,2,2
80693,92,83,9,9
80694,157,158,-1,1
80695,65,73,-8,8
80696,60,67,-7,7
80697,100,96,4,4
80698,31,33,-2,2
80699,94,87,7,7
80700,45,55,-10,10
80701,109,98,11,11
80702,85,79,6,6
80703,86,94,-8,8
80704,185,162,23,23
80705,97,90,7,7
80706,69,62,7,7
80707,194,174,20,20
80708,63,80,-17,17
80709,141,133,8,8
80710,87,77,10,10
80711,131,122,9,9
80712,152,134,18,18
80713,96,95,1,1
80714,111,107,4,4
80715,92,84,8,8
80716,108,102,6,6
80717,83,81,2,2
80718,52,61,-9,9
80719,103,102,1,1
80720,189,168,21,21
80721,80,72,8,8
80722,149,134,15,15
80723,146,127,19,19
80724,66,69,-3,3
80725,38,49,-11,11
80726,124,126,-2,2
80727,55,66,-11,11
80728,141,116,25,25
80729,83,114,-31,31
80730,144,145,-1,1
80731,127,127,0,0
80732,80,74,6,6
80733,125,118,7,7
80734,115,106,9,9
80735,79,81,-2,2
80736,73,76,-3,3
80737,92,73,19,19
80738,84,86,-2,2
80739,103,104,-1,1
80740,104,113,-9,9
80741,101,104,-3,3
80742,92,98,-6,6
80743,169,148,21,21
80744,53,58,-5,5
80745,114,103,11,11
80746,138,134,4,4
80747,86,84,2,2
80748,85,87,-2,2
80749,147,140,7,7
80750,58,69,-11,11
80751,128,122,6,6
80752,65,72,-7,7
80753,89,86,3,3
80754,95,98,-3,3
80755,84,88,-4,4
80756,115,103,12,12
80757,142,132,10,10
80758,120,112,8,8
80759,102,106,-4,4
80760,121,137,-16,16
80761,48,61,-13,13
80762,127,104,23,23
80763,76,76,0,0
80764,133,120,13,13
80765,108,102,6,6
80766,67,70,-3,3
80767,33,48,-15,15
80768,148,129,19,19
80769,115,104,11,11
80770,68,102,-34,34
80771,132,136,-4,4
80772,167,148,19,19
80773,145,144,1,1
80774,126,119,7,7
80775,72,69,3,3
80776,108,112,-4,4
80777,75,84,-9,9
80778,66,74,-8,8
80779,72,71,1,1
80780,99,90,9,9
80781,67,69,-2,2
80782,113,112,1,1
80783,108,99,9,9
80784,94,91,3,3
80785,57,67,-10,10
80786,97,88,9,9
80787,64,72,-8,8
80788,127,124,3,3
80789,90,82,8,8
80790,185,171,14,14
80791,110,101,9,9
80792,59,68,-9,9
80793,119,105,14,14
80794,88,96,-8,8
80795,196,170,26,26
80796,95,96,-1,1
80797,69,79,-10,10
80798,159,155,4,4
80799,66,87,-21,21
80800,100,88,12,12
80801,90,96,-6,6
80802,71,72,-1,1
80803,63,69,-6,6
80804,104,97,7,7
80805,64,74,-10,10
80806,67,80,-13,13
80807,71,77,-6,6
80808,155,137,18,18
80809,89,83,6,6
80810,128,119,9,9
80811,95,100,-5,5
80812,51,55,-4,4
80813,118,110,8,8
80814,102,101,1,1
80815,124,118,6,6
80816,68,77,-9,9
80817,50,57,-7,7
80818,86,91,-5,5
80819,89,90,-1,1
80820,113,99,14,14
80821,126,112,14,14
80822,64,80,-16,16
80823,120,118,2,2
80824,62,63,-1,1
80825,73,89,-16,16
80826,145,136,9,9
80827,63,65,-2,2
80828,80,89,-9,9
80829,82,82,0,0
80830,41,43,-2,2
80831,93,93,0,0
80832,107,104,3,3
80833,60,63,-3,3
80834,93,87,6,6
80835,97,96,1,1
80836,90,93,-3,3
80837,111,118,-7,7
80838,57,62,-5,5
80839,75,75,0,0
80840,54,64,-10,10
80841,55,73,-18,18
80842,84,85,-1,1
80843,95,96,-1,1
80844,101,90,11,11
80845,91,89,2,2
80846,65,69,-4,4
80847,59,65,-6,6
80848,112,104,8,8
80849,164,153,11,11
80850,61,68,-7,7
80851,75,80,-5,5
80852,149,137,12,12
80853,152,133,19,19
80854,65,73,-8,8
80855,90,89,1,1
80856,96,100,-4,4
80857,105,102,3,3
80858,75,87,-12,12
80859,61,69,-8,8
80860,102,100,2,2
80861,96,88,8,8
80862,96,87,9,9
80863,89,84,5,5
80864,100,99,1,1
80865,96,87,9,9
80866,57,66,-9,9
80867,67,77,-10,10
80868,148,137,11,11
80869,108,99,9,9
80870,50,58,-8,8
80871,151,137,14,14
80872,72,81,-9,9
80873,55,68,-13,13
80874,166,138,28,28
80875,75,82,-7,7
80876,154,133,21,21
80877,71,80,-9,9
80878,77,83,-6,6
80879,72,70,2,2
80880,79,84,-5,5
80881,166,146,20,20
80882,72,78,-6,6
80883,91,88,3,3
80884,80,84,-4,4
80885,111,88,23,23
80886,81,89,-8,8
80887,74,76,-2,2
80888,129,120,9,9
80889,120,106,14,14
80890,79,78,1,1
80891,95,89,6,6
80892,82,88,-6,6
80893,124,109,15,15
80894,73,74,-1,1
80895,328,376,-48,48
80896,95,87,8,8
80897,90,88,2,2
80898,105,104,1,1
80899,131,127,4,4
80900,96,90,6,6
80901,64,57,7,7
80902,129,108,21,21
80903,84,74,10,10
80904,126,116,10,10
80905,132,116,16,16
80906,108,107,1,1
80907,74,76,-2,2
80908,122,114,8,8
80909,96,111,-15,15
80910,172,170,2,2
80911,150,134,16,16
80912,82,85,-3,3
80913,119,118,1,1
80914,42,51,-9,9
80915,125,110,15,15
80916,47,50,-3,3
80917,78,74,4,4
80918,51,59,-8,8
80919,56,65,-9,9
80920,100,105,-5,5
80921,105,100,5,5
80922,241,180,61,61
80923,148,133,15,15
80924,49,55,-6,6
80925,116,109,7,7
80926,45,41,4,4
80927,89,84,5,5
80928,83,87,-4,4
80929,106,105,1,1
80930,84,92,-8,8
80931,82,79,3,3
80932,69,75,-6,6
80933,87,88,-1,1
80934,85,102,-17,17
80935,75,72,3,3
80936,142,137,5,5
80937,84,84,0,0
80938,112,99,13,13
80939,74,80,-6,6
80940,82,86,-4,4
80941,96,95,1,1
80942,106,97,9,9
80943,41,62,-21,21
80944,70,71,-1,1
80945,62,68,-6,6
80946,108,108,0,0
80947,115,102,13,13
80948,79,80,-1,1
80949,101,100,1,1
80950,73,74,-1,1
80951,69,75,-6,6
80952,42,48,-6,6
80953,130,120,10,10
80954,74,69,5,5
80955,69,74,-5,5
80956,112,106,6,6
80957,95,99,-4,4
80958,56,59,-3,3
80959,98,90,8,8
80960,93,99,-6,6
80961,93,90,3,3
80962,99,100,-1,1
80963,137,125,12,12
80964,127,122,5,5
80965,82,81,1,1
80966,58,72,-14,14
80967,83,78,5,5
80968,130,118,12,12
80969,99,85,14,14
80970,134,129,5,5
80971,134,122,12,12
80972,73,71,2,2
80973,98,109,-11,11
80974,56,61,-5,5
80975,106,106,0,0
80976,157,141,16,16
80977,70,75,-5,5
80978,105,101,4,4
80979,108,115,-7,7
80980,65,71,-6,6
80981,82,78,4,4
80982,75,75,0,0
80983,88,92,-4,4
80984,79,82,-3,3
80985,85,95,-10,10
80986,98,90,8,8
80987,70,73,-3,3
80988,132,131,1,1
80989,121,106,15,15
80990,120,131,-11,11
80991,131,117,14,14
80992,100,100,0,0
80993,103,102,1,1
80994,89,88,1,1
80995,87,93,-6,6
80996,63,73,-10,10
80997,101,85,16,16
80998,80,76,4,4
80999,60,64,-4,4
81000,53,61,-8,8
81001,147,129,18,18
81002,83,85,-2,2
81003,91,94,-3,3
81004,120,111,9,9
81005,79,78,1,1
81006,66,63,3,3
81007,126,103,23,23
81008,155,133,22,22
81009,73,79,-6,6
81010,75,75,0,0
81011,110,109,1,1
81012,87,87,0,0
81013,92,89,3,3
81014,133,129,4,4
81015,100,93,7,7
81016,89,88,1,1
81017,73,79,-6,6
81018,56,60,-4,4
81019,117,106,11,11
81020,77,67,10,10
81021,58,61,-3,3
81022,132,131,1,1
81023,149,123,26,26
81024,60,61,-1,1
81025,88,84,4,4
81026,118,103,15,15
81027,71,81,-10,10
81028,158,146,12,12
81029,143,125,18,18
81030,63,77,-14,14
81031,49,61,-12,12
81032,111,103,8,8
81033,121,118,3,3
81034,97,90,7,7
81035,116,111,5,5
81036,58,61,-3,3
81037,66,65,1,1
81038,63,67,-4,4
81039,54,53,1,1
81040,83,86,-3,3
81041,66,74,-8,8
81042,48,56,-8,8
81043,69,78,-9,9
81044,39,65,-26,26
81045,158,118,40,40
81046,48,54,-6,6
81047,63,66,-3,3
81048,93,97,-4,4
81049,87,88,-1,1
81050,64,56,8,8
81051,148,121,27,27
81052,58,65,-7,7
81053,51,60,-9,9
81054,53,66,-13,13
81055,138,132,6,6
81056,75,81,-6,6
81057,94,99,-5,5
81058,49,65,-16,16
81059,132,133,-1,1
81060,98,95,3,3
81061,97,103,-6,6
81062,100,92,8,8
81063,107,101,6,6
81064,65,69,-4,4
81065,67,72,-5,5
81066,54,60,-6,6
81067,123,117,6,6
81068,133,118,15,15
81069,105,123,-18,18
81070,91,89,2,2
81071,121,116,5,5
81072,81,87,-6,6
81073,59,72,-13,13
81074,154,134,20,20
81075,85,85,0,0
81076,80,94,-14,14
81077,181,144,37,37
81078,112,105,7,7
81079,80,80,0,0
81080,140,124,16,16
81081,92,80,12,12
81082,87,82,5,5
81083,62,81,-19,19
81084,136,122,14,14
81085,74,76,-2,2
81086,74,74,0,0
81087,45,51,-6,6
81088,87,85,2,2
81089,81,80,1,1
81090,37,39,-2,2
81091,73,76,-3,3
81092,81,84,-3,3
81093,119,111,8,8
81094,139,132,7,7
81095,106,106,0,0
81096,105,103,2,2
81097,129,120,9,9
81098,97,102,-5,5
81099,94,116,-22,22
81100,89,113,-24,24
81101,84,83,1,1
81102,182,154,28,28
81103,44,56,-12,12
81104,98,93,5,5
81105,83,79,4,4
81106,159,143,16,16
81107,61,65,-4,4
81108,145,123,22,22
81109,113,131,-18,18
81110,74,78,-4,4
81111,44,46,-2,2
81112,70,81,-11,11
81113,87,103,-16,16
81114,156,136,20,20
81115,78,79,-1,1
81116,99,88,11,11
81117,120,108,12,12
81118,100,112,-12,12
81119,90,86,4,4
81120,90,93,-3,3
81121,126,123,3,3
81122,59,53,6,6
81123,82,80,2,2
81124,71,87,-16,16
81125,87,86,1,1
81126,72,78,-6,6
81127,112,103,9,9
81128,65,67,-2,2
81129,68,74,-6,6
81130,62,66,-4,4
81131,130,126,4,4
81132,60,67,-7,7
81133,100,105,-5,5
81134,48,61,-13,13
81135,97,95,2,2
81136,85,80,5,5
81137,143,117,26,26
81138,112,110,2,2
81139,70,77,-7,7
81140,107,118,-11,11
81141,103,100,3,3
81142,79,77,2,2
81143,65,66,-1,1
81144,74,72,2,2
81145,62,71,-9,9
81146,146,138,8,8
81147,138,129,9,9
81148,109,106,3,3
81149,57,62,-5,5
81150,81,83,-2,2
81151,100,95,5,5
81152,55,64,-9,9
81153,71,76,-5,5
81154,137,122,15,15
81155,173,159,14,14
81156,53,60,-7,7
81157,69,73,-4,4
81158,115,100,15,15
81159,71,81,-10,10
81160,129,119,10,10
81161,142,127,15,15
81162,48,58,-10,10
81163,77,82,-5,5
81164,81,90,-9,9
81165,103,98,5,5
81166,75,76,-1,1
81167,86,85,1,1
81168,105,105,0,0
81169,61,61,0,0
81170,109,101,8,8
81171,98,94,4,4
81172,153,146,7,7
81173,50,61,-11,11
81174,178,153,25,25
81175,85,81,4,4
81176,118,117,1,1
81177,94,84,10,10
81178,116,100,16,16
81179,92,87,5,5
81180,96,94,2,2
81181,44,51,-7,7
81182,96,93,3,3
81183,146,122,24,24
81184,90,79,11,11
81185,86,87,-1,1
81186,112,113,-1,1
81187,102,109,-7,7
81188,47,52,-5,5
81189,107,102,5,5
81190,52,69,-17,17
81191,122,120,2,2
81192,84,79,5,5
81193,76,77,-1,1
81194,72,77,-5,5
81195,181,166,15,15
81196,71,78,-7,7
81197,92,94,-2,2
81198,152,139,13,13
81199,133,130,3,3
81200,97,103,-6,6
81201,135,132,3,3
81202,75,80,-5,5
81203,99,100,-1,1
81204,92,117,-25,25
81205,113,116,-3,3
81206,65,65,0,0
81207,100,104,-4,4
81208,124,123,1,1
81209,82,81,1,1
81210,111,114,-3,3
81211,101,95,6,6
81212,60,68,-8,8
81213,141,124,17,17
81214,69,75,-6,6
81215,141,140,1,1
81216,111,101,10,10
81217,169,156,13,13
81218,126,118,8,8
81219,75,80,-5,5
81220,120,109,11,11
81221,141,140,1,1
81222,104,113,-9,9
81223,48,60,-12,12
81224,93,95,-2,2
81225,140,129,11,11
81226,97,84,13,13
81227,110,103,7,7
81228,45,46,-1,1
81229,92,93,-1,1
81230,87,81,6,6
81231,90,83,7,7
81232,68,72,-4,4
81233,64,78,-14,14
81234,59,59,0,0
81235,135,127,8,8
81236,52,63,-11,11
81237,121,125,-4,4
81238,78,82,-4,4
81239,97,102,-5,5
81240,64,88,-24,24
81241,113,112,1,1
81242,83,83,0,0
81243,79,79,0,0
81244,77,82,-5,5
81245,56,65,-9,9
81246,156,145,11,11
81247,134,122,12,12
81248,66,70,-4,4
81249,113,111,2,2
81250,89,85,4,4
81251,95,101,-6,6
81252,98,97,1,1
81253,137,138,-1,1
81254,113,103,10,10
81255,173,151,22,22
81256,122,117,5,5
81257,92,87,5,5
81258,142,128,14,14
81259,82,79,3,3
81260,42,48,-6,6
81261,116,135,-19,19
81262,89,90,-1,1
81263,140,130,10,10
81264,130,104,26,26
81265,80,78,2,2
81266,113,113,0,0
81267,60,66,-6,6
81268,143,164,-21,21
81269,86,83,3,3
81270,126,116,10,10
81271,75,72,3,3
81272,120,110,10,10
81273,125,114,11,11
81274,195,175,20,20
81275,71,76,-5,5
81276,131,122,9,9
81277,111,108,3,3
81278,89,93,-4,4
81279,93,90,3,3
81280,80,83,-3,3
81281,80,82,-2,2
81282,46,52,-6,6
81283,134,125,9,9
81284,83,81,2,2
81285,145,136,9,9
81286,80,80,0,0
81287,82,76,6,6
81288,86,79,7,7
81289,62,73,-11,11
81290,46,58,-12,12
81291,112,105,7,7
81292,99,100,-1,1
81293,145,126,19,19
81294,166,156,10,10
81295,45,55,-10,10
81296,126,107,19,19
81297,89,86,3,3
81298,99,103,-4,4
81299,77,78,-1,1
81300,119,104,15,15
81301,93,107,-14,14
81302,102,105,-3,3
81303,62,66,-4,4
81304,57,59,-2,2
81305,63,72,-9,9
81306,56,65,-9,9
81307,137,129,8,8
81308,101,102,-1,1
81309,90,84,6,6
81310,136,126,10,10
81311,70,71,-1,1
81312,81,83,-2,2
81313,66,69,-3,3
81314,93,91,2,2
81315,73,72,1,1
81316,90,86,4,4
81317,83,84,-1,1
81318,89,82,7,7
81319,103,106,-3,3
81320,105,96,9,9
81321,83,103,-20,20
81322,115,113,2,2
81323,99,100,-1,1
81324,85,89,-4,4
81325,73,81,-8,8
81326,80,85,-5,5
81327,49,64,-15,15
81328,80,77,3,3
81329,63,71,-8,8
81330,33,42,-9,9
81331,178,173,5,5
81332,105,126,-21,21
81333,41,61,-20,20
81334,92,96,-4,4
81335,98,95,3,3
81336,71,76,-5,5
81337,30,34,-4,4
81338,62,69,-7,7
81339,126,139,-13,13
81340,102,105,-3,3
81341,122,117,5,5
81342,79,84,-5,5
81343,152,138,14,14
81344,159,138,21,21
81345,161,152,9,9
81346,71,67,4,4
81347,84,88,-4,4
81348,118,106,12,12
81349,73,78,-5,5
81350,118,114,4,4
81351,102,87,15,15
81352,69,81,-12,12
81353,101,93,8,8
81354,127,120,7,7
81355,84,78,6,6
81356,40,43,-3,3
81357,70,73,-3,3
81358,135,121,14,14
81359,77,81,-4,4
81360,78,82,-4,4
81361,70,75,-5,5
81362,73,83,-10,10
81363,85,83,2,2
81364,106,100,6,6
81365,151,137,14,14
81366,153,149,4,4
81367,133,117,16,16
81368,121,116,5,5
81369,110,104,6,6
81370,71,82,-11,11
81371,98,96,2,2
81372,126,127,-1,1
81373,86,89,-3,3
81374,77,78,-1,1
81375,198,174,24,24
81376,133,125,8,8
81377,124,125,-1,1
81378,90,85,5,5
81379,60,68,-8,8
81380,80,94,-14,14
81381,47,58,-11,11
81382,82,76,6,6
81383,119,99,20,20
81384,66,72,-6,6
81385,136,118,18,18
81386,141,128,13,13
81387,50,67,-17,17
81388,71,81,-10,10
81389,98,94,4,4
81390,121,104,17,17
81391,81,93,-12,12
81392,117,112,5,5
81393,112,107,5,5
81394,94,90,4,4
81395,55,77,-22,22
81396,97,109,-12,12
81397,92,96,-4,4
81398,137,132,5,5
81399,54,57,-3,3
81400,140,132,8,8
81401,138,123,15,15
81402,85,84,1,1
81403,84,92,-8,8
81404,104,102,2,2
81405,113,110,3,3
81406,109,114,-5,5
81407,76,94,-18,18
81408,79,83,-4,4
81409,65,69,-4,4
81410,81,81,0,0
81411,131,110,21,21
81412,204,172,32,32
81413,77,74,3,3
81414,161,137,24,24
81415,97,101,-4,4
81416,110,96,14,14
81417,76,80,-4,4
81418,70,73,-3,3
81419,122,120,2,2
81420,52,57,-5,5
81421,121,119,2,2
81422,89,92,-3,3
81423,99,87,12,12
81424,62,68,-6,6
81425,117,108,9,9
81426,92,96,-4,4
81427,169,157,12,12
81428,122,112,10,10
81429,88,94,-6,6
81430,94,90,4,4
81431,163,131,32,32
81432,72,73,-1,1
81433,87,94,-7,7
81434,104,111,-7,7
81435,51,60,-9,9
81436,57,57,0,0
81437,149,139,10,10
81438,87,87,0,0
81439,109,107,2,2
81440,120,110,10,10
81441,79,75,4,4
81442,129,121,8,8
81443,162,142,20,20
81444,133,127,6,6
81445,82,79,3,3
81446,110,108,2,2
81447,180,154,26,26
81448,104,101,3,3
81449,134,124,10,10
81450,114,105,9,9
81451,130,139,-9,9
81452,94,94,0,0
81453,182,158,24,24
81454,93,96,-3,3
81455,74,79,-5,5
81456,66,72,-6,6
81457,164,240,-76,76
81458,125,162,-37,37
81459,74,81,-7,7
81460,148,139,9,9
81461,69,74,-5,5
81462,98,91,7,7
81463,71,78,-7,7
81464,107,100,7,7
81465,133,118,15,15
81466,72,73,-1,1
81467,68,73,-5,5
81468,97,90,7,7
81469,185,152,33,33
81470,184,168,16,16
81471,106,110,-4,4
81472,143,139,4,4
81473,82,100,-18,18
81474,47,61,-14,14
81475,82,77,5,5
81476,97,84,13,13
81477,58,65,-7,7
81478,115,105,10,10
81479,137,118,19,19
81480,112,110,2,2
81481,101,97,4,4
81482,56,60,-4,4
81483,80,76,4,4
81484,79,80,-1,1
81485,186,156,30,30
81486,79,73,6,6
81487,80,74,6,6
81488,85,83,2,2
81489,123,110,13,13
81490,94,83,11,11
81491,71,86,-15,15
81492,83,86,-3,3
81493,45,53,-8,8
81494,120,134,-14,14
81495,165,149,16,16
81496,73,75,-2,2
81497,87,81,6,6
81498,80,87,-7,7
81499,132,134,-2,2
81500,82,80,2,2
81501,77,77,0,0
81502,62,70,-8,8
81503,74,79,-5,5
81504,87,95,-8,8
81505,142,130,12,12
81506,119,110,9,9
81507,62,66,-4,4
